Gender,Customer_Type,Age,Type_Of_Travel,Class,Fligh_ Distance,Inflight_wifi_service,Departure_Arriva_ time_convenient,Ease_of_Online_booking,Gate_location,Food_and_drink,Online_boarding,Seat_comfort,Inflight_entertainment,Onboard_service,Leg_room_service,Baggage_handling,Checkin_service,Cleanliness,Avg_rating,Departure_Delay_in_Minutes,Arrival_Delay_in_Minutes,satisfaction
Male,Loyal Customer,13,Personal Travel,Eco Plus,460,3,4,3,1,5,3,5,5,4,3,4,4,5,3.77,25,18,FALSE
Male,Disloyal Customer,25,Business Travel,Business,235,3,2,3,3,1,3,1,1,1,5,3,1,1,2.15,1,6,FALSE
Female,Loyal Customer,26,Business Travel,Business,1142,2,2,2,2,5,5,5,5,4,3,4,4,5,3.69,0,0,TRUE
Female,Loyal Customer,25,Business Travel,Business,562,2,5,5,5,2,2,2,2,2,5,3,1,2,2.92,11,9,FALSE
Male,Loyal Customer,61,Business Travel,Business,214,3,3,3,3,4,5,5,3,3,4,4,3,3,3.54,0,0,TRUE
Female,Loyal Customer,26,Personal Travel,Eco,1180,3,4,2,1,1,2,1,1,3,4,4,4,1,2.38,0,0,FALSE
Male,Loyal Customer,47,Personal Travel,Eco,1276,2,4,2,3,2,2,2,2,3,3,4,3,2,2.62,9,23,FALSE
Female,Loyal Customer,52,Business Travel,Business,2035,4,3,4,4,5,5,5,5,5,5,5,4,4,4.46,4,0,TRUE
Female,Loyal Customer,41,Business Travel,Business,853,1,2,2,2,4,3,3,1,1,2,1,4,2,2.15,0,0,FALSE
Male,Disloyal Customer,20,Business Travel,Eco,1061,3,3,3,4,2,3,3,2,2,3,4,4,2,2.92,0,0,FALSE
Female,Disloyal Customer,24,Business Travel,Eco,1182,4,5,5,4,2,5,2,2,3,3,5,3,2,3.46,0,0,FALSE
Female,Loyal Customer,12,Personal Travel,Eco Plus,308,2,4,2,2,1,2,1,1,1,2,5,5,1,2.23,0,0,FALSE
Male,Loyal Customer,53,Business Travel,Eco,834,1,4,4,4,1,1,1,1,1,1,3,4,1,2.08,28,8,FALSE
Male,Loyal Customer,33,Personal Travel,Eco,946,4,2,4,3,4,4,4,4,4,5,2,2,4,3.54,0,0,TRUE
Female,Loyal Customer,26,Personal Travel,Eco,453,3,2,3,2,2,3,2,2,4,3,2,2,2,2.46,43,35,FALSE
Male,Disloyal Customer,13,Business Travel,Eco,486,2,1,2,3,4,2,1,4,2,1,4,1,4,2.38,1,0,FALSE
Female,Loyal Customer,26,Business Travel,Business,2123,3,3,3,3,4,4,4,4,5,3,4,5,4,3.77,49,51,TRUE
Male,Loyal Customer,41,Business Travel,Business,2075,4,4,2,4,4,4,4,5,5,5,5,3,5,4.15,0,10,TRUE
Female,Loyal Customer,45,Business Travel,Business,2486,4,4,4,4,3,4,5,5,5,5,5,3,4,4.23,7,5,TRUE
Male,Loyal Customer,38,Personal Travel,Eco,460,2,3,3,2,5,3,5,5,1,2,4,3,5,3.31,17,18,FALSE
Male,Loyal Customer,9,Business Travel,Eco,1174,2,4,2,4,2,2,1,2,1,5,3,4,2,2.62,0,4,FALSE
Female,Loyal Customer,17,Personal Travel,Eco,208,3,1,3,3,5,3,5,5,2,5,3,3,5,3.54,0,0,FALSE
Female,Loyal Customer,43,Personal Travel,Eco,752,3,5,3,5,5,4,5,3,3,3,5,3,4,3.92,52,29,FALSE
Female,Loyal Customer,58,Personal Travel,Eco,2139,4,5,4,5,4,3,4,4,4,4,4,2,2,3.77,0,0,FALSE
Female,Disloyal Customer,23,Business Travel,Eco,452,5,0,5,1,1,5,1,1,4,5,5,3,1,2.85,54,44,TRUE
Male,Loyal Customer,57,Personal Travel,Eco,719,4,4,4,1,5,4,5,5,3,2,4,4,5,3.85,27,28,FALSE
Female,Loyal Customer,33,Business Travel,Business,1561,1,1,1,1,1,5,3,4,4,4,3,5,2,2.69,0,0,TRUE
Female,Loyal Customer,49,Business Travel,Eco Plus,315,4,4,4,4,2,2,1,4,4,4,4,2,2,3.15,0,8,TRUE
Female,Loyal Customer,36,Business Travel,Business,3347,3,1,1,1,1,2,1,3,3,3,3,2,2,2,18,12,FALSE
Male,Loyal Customer,22,Personal Travel,Eco,2342,3,2,3,3,3,3,1,3,2,4,3,4,3,2.85,19,0,FALSE
Female,Loyal Customer,31,Business Travel,Business,819,4,4,4,4,5,5,5,5,5,4,3,1,5,4.15,0,0,TRUE
Female,Disloyal Customer,15,Business Travel,Eco,1043,2,2,2,3,5,2,5,5,3,1,4,2,5,3.15,3,0,FALSE
Female,Loyal Customer,35,Business Travel,Business,2611,4,5,4,4,4,4,4,3,3,4,5,4,4,4,109,120,TRUE
Female,Loyal Customer,67,Personal Travel,Eco,1192,4,5,4,1,2,4,5,5,5,4,3,5,5,4,18,24,FALSE
Male,Disloyal Customer,37,Business Travel,Business,1182,3,3,3,4,1,3,1,1,4,1,3,1,1,2.23,9,0,FALSE
Female,Loyal Customer,40,Business Travel,Eco,349,1,4,4,4,1,1,1,1,3,5,3,3,1,2.46,0,1,FALSE
Female,Disloyal Customer,34,Business Travel,Business,883,3,4,4,3,5,4,2,5,5,4,5,4,5,4.08,0,0,FALSE
Male,Loyal Customer,40,Personal Travel,Eco Plus,550,4,3,4,2,2,4,2,2,5,1,4,3,2,2.92,23,20,FALSE
Female,Loyal Customer,47,Personal Travel,Eco,302,4,4,4,3,2,4,5,4,4,4,4,4,4,3.85,23,31,TRUE
Male,Disloyal Customer,41,Business Travel,Business,354,1,1,1,2,1,1,1,1,3,3,4,4,1,1.85,0,0,FALSE
Male,Loyal Customer,39,Business Travel,Business,1734,4,4,4,4,3,5,5,4,4,4,4,4,3,4,0,0,TRUE
Female,Disloyal Customer,25,Business Travel,Business,1452,3,5,3,4,3,3,3,3,4,4,5,5,3,3.69,9,23,FALSE
Male,Loyal Customer,41,Business Travel,Business,296,0,0,0,3,2,5,3,4,4,4,4,4,3,2.77,0,0,TRUE
Female,Loyal Customer,38,Business Travel,Business,2882,3,3,3,3,2,1,4,5,5,5,5,2,4,3.46,0,0,TRUE
Female,Loyal Customer,50,Business Travel,Business,460,1,1,1,1,3,5,5,3,3,3,3,4,5,2.92,1,15,TRUE
Male,Loyal Customer,29,Business Travel,Business,529,1,1,1,1,5,5,5,5,4,2,5,5,5,3.46,4,0,TRUE
Female,Loyal Customer,22,Personal Travel,Business,349,2,4,2,1,4,2,4,4,4,5,4,4,4,3.38,0,0,FALSE
Female,Loyal Customer,13,Business Travel,Business,1522,1,1,1,1,1,1,1,1,3,5,3,1,1,1.62,0,0,FALSE
Male,Loyal Customer,54,Business Travel,Business,612,3,3,3,3,5,2,3,5,5,5,5,4,3,3.77,8,0,TRUE
Male,Loyal Customer,21,Personal Travel,Eco,1454,2,2,2,3,5,2,5,5,2,3,3,1,5,3.08,0,0,FALSE
Male,Loyal Customer,28,Business Travel,Eco,731,2,1,1,1,2,2,2,2,3,3,2,3,2,2,14,8,FALSE
Male,Loyal Customer,27,Business Travel,Business,2076,3,3,3,3,4,4,4,4,3,4,4,4,4,3.62,0,1,TRUE
Female,Loyal Customer,69,Business Travel,Eco,309,5,5,5,5,1,2,3,5,5,5,5,4,2,4,0,0,TRUE
Male,Loyal Customer,35,Personal Travel,Eco,775,2,3,2,4,4,2,4,4,4,4,3,4,4,3.38,1,0,FALSE
Female,Loyal Customer,60,Personal Travel,Eco,861,2,2,2,3,1,3,4,4,4,2,4,4,4,3,10,10,FALSE
Female,Loyal Customer,45,Business Travel,Business,3334,2,4,2,2,4,5,5,4,4,4,4,3,5,3.69,51,48,TRUE
Female,Loyal Customer,57,Business Travel,Business,2496,0,0,0,1,3,4,5,5,5,5,5,4,5,3.23,0,5,TRUE
Male,Loyal Customer,40,Business Travel,Business,602,5,5,5,5,2,5,5,5,5,5,5,3,4,4.54,0,0,TRUE
Female,Disloyal Customer,38,Business Travel,Business,308,3,3,3,3,4,3,4,4,1,1,4,2,4,3,39,26,FALSE
Male,Disloyal Customer,23,Business Travel,Eco,446,2,4,2,1,4,2,4,4,4,2,4,5,4,3.23,4,0,FALSE
Male,Disloyal Customer,39,Business Travel,Business,216,2,2,2,3,3,2,3,3,2,1,4,2,3,2.46,0,0,FALSE
Female,Loyal Customer,52,Business Travel,Business,3475,2,2,2,2,4,4,4,4,4,4,4,4,3,3.31,0,0,TRUE
Male,Disloyal Customer,25,Business Travel,Eco,646,2,1,2,2,4,2,3,4,4,4,3,2,4,2.85,13,1,FALSE
Female,Loyal Customer,48,Business Travel,Business,2501,3,3,3,3,5,4,4,5,5,5,5,4,4,4.08,0,0,TRUE
Female,Loyal Customer,59,Business Travel,Business,2227,5,5,5,5,2,4,4,4,4,4,4,3,4,4.08,30,15,TRUE
Male,Loyal Customer,25,Business Travel,Business,1426,3,3,3,3,4,5,4,4,5,4,4,4,4,3.85,4,0,TRUE
Male,Loyal Customer,38,Personal Travel,Eco,190,2,4,2,3,4,2,4,4,3,2,4,4,4,3.23,0,0,FALSE
Male,Loyal Customer,46,Business Travel,Business,1532,2,2,2,2,2,4,5,5,5,5,5,5,4,3.69,0,0,TRUE
Male,Loyal Customer,50,Business Travel,Eco,308,2,1,1,1,2,2,2,2,3,2,2,2,2,1.85,18,12,FALSE
Female,Loyal Customer,38,Business Travel,Eco Plus,157,4,4,4,4,4,4,4,4,3,3,1,1,4,3.38,0,0,TRUE
Female,Loyal Customer,53,Business Travel,Business,1506,4,4,4,4,3,4,5,5,5,5,5,4,5,4.38,0,0,TRUE
Male,Loyal Customer,30,Business Travel,Eco Plus,205,3,2,2,2,3,3,3,3,2,5,1,1,3,2.54,64,49,FALSE
Male,Disloyal Customer,39,Business Travel,Business,895,2,2,2,4,5,2,5,5,5,4,4,5,5,3.85,0,2,FALSE
Male,Loyal Customer,66,Personal Travel,Eco Plus,516,1,4,1,2,2,1,2,2,4,4,5,5,2,2.69,0,37,FALSE
Male,Loyal Customer,45,Personal Travel,Eco,909,3,5,3,2,1,3,1,1,4,4,5,3,1,2.77,0,0,FALSE
Female,Disloyal Customer,25,Business Travel,Business,1435,5,1,5,4,1,5,1,1,4,2,5,4,1,3,1,1,TRUE
Male,Loyal Customer,52,Business Travel,Business,1190,2,4,4,4,1,4,3,2,2,2,2,1,4,2.69,0,6,FALSE
Male,Loyal Customer,64,Personal Travel,Eco,1259,4,5,4,2,2,4,2,2,4,5,3,4,2,3.31,20,5,TRUE
Female,Disloyal Customer,50,Business Travel,Eco,216,4,0,4,4,4,4,4,4,5,2,1,4,4,3.38,0,0,FALSE
Female,Disloyal Customer,41,Business Travel,Business,1670,2,1,1,2,3,2,4,3,3,5,3,4,3,2.77,0,0,FALSE
Male,Loyal Customer,26,Business Travel,Business,3960,1,1,1,1,4,4,4,4,4,2,5,4,4,3,45,48,TRUE
Female,Disloyal Customer,25,Business Travel,Eco,817,4,4,4,3,3,4,3,3,2,3,2,3,3,3.15,0,0,FALSE
Female,Disloyal Customer,44,Business Travel,Business,1670,3,3,3,4,5,3,5,5,3,2,4,2,5,3.62,0,8,FALSE
Female,Disloyal Customer,21,Business Travel,Business,861,4,0,4,4,1,4,1,1,3,4,4,4,1,2.69,0,0,TRUE
Male,Loyal Customer,47,Business Travel,Business,406,2,2,2,2,3,5,5,4,4,4,4,5,4,3.54,44,50,TRUE
Male,Loyal Customer,31,Business Travel,Eco Plus,404,4,4,4,4,4,4,4,4,1,2,2,4,4,3.46,17,3,TRUE
Female,Loyal Customer,57,Personal Travel,Eco Plus,500,3,5,3,2,3,4,5,5,5,3,5,4,5,4,0,0,FALSE
Male,Loyal Customer,44,Personal Travel,Eco,689,3,5,3,4,5,3,2,5,4,4,5,3,5,3.92,0,0,FALSE
Male,Loyal Customer,45,Business Travel,Business,3100,3,3,3,3,1,1,3,4,4,4,4,3,1,2.85,0,0,TRUE
Male,Disloyal Customer,13,Business Travel,Eco,525,2,2,2,3,3,2,3,3,3,1,3,1,3,2.38,0,0,FALSE
Male,Loyal Customer,60,Personal Travel,Eco,931,0,5,0,3,4,0,3,4,4,5,5,4,4,3.15,0,0,TRUE
Female,Disloyal Customer,41,Business Travel,Business,304,5,5,5,3,2,5,2,2,3,4,4,4,2,3.54,31,19,TRUE
Male,Loyal Customer,30,Business Travel,Business,1896,4,1,1,1,4,4,4,4,2,2,3,4,4,2.92,81,72,FALSE
Female,Loyal Customer,51,Business Travel,Eco Plus,261,5,4,4,4,4,3,1,5,5,5,5,1,1,3.62,0,0,TRUE
Female,Loyal Customer,61,Business Travel,Eco,347,2,5,5,5,5,2,4,3,3,2,3,3,4,3.54,0,11,TRUE
Female,Loyal Customer,32,Business Travel,Eco,1042,4,1,1,1,4,4,4,4,4,3,1,5,4,3.08,35,34,TRUE
Female,Loyal Customer,39,Personal Travel,Eco,1773,4,5,4,5,5,4,5,5,2,2,3,3,5,4,14,18,FALSE
Male,Loyal Customer,19,Personal Travel,Business,342,3,1,3,2,3,3,3,3,2,1,3,1,3,2.38,0,0,FALSE
Female,Loyal Customer,15,Personal Travel,Eco Plus,297,1,5,1,3,5,1,5,5,5,1,1,3,5,3.15,67,62,FALSE
Female,Disloyal Customer,42,Business Travel,Business,883,3,3,3,3,3,3,4,3,5,2,4,3,3,3.23,22,27,TRUE
Female,Loyal Customer,16,Personal Travel,Eco,332,2,5,2,1,3,2,4,3,5,4,5,4,3,3.31,40,52,FALSE
Male,Loyal Customer,19,Business Travel,Business,2388,5,5,5,5,4,5,4,4,5,5,1,5,4,4.38,0,0,TRUE
Female,Loyal Customer,29,Personal Travel,Eco,748,2,5,2,2,5,2,1,5,4,2,4,3,5,3.23,0,0,FALSE
Female,Disloyal Customer,27,Business Travel,Eco Plus,1080,3,3,3,3,3,3,3,3,4,1,3,3,3,2.92,0,0,FALSE
Male,Disloyal Customer,22,Business Travel,Business,231,5,0,5,4,5,5,5,5,3,4,4,3,5,4.08,0,0,TRUE
Female,Loyal Customer,15,Personal Travel,Eco,551,3,4,3,3,4,3,4,4,1,1,4,2,4,3.08,3,0,FALSE
Male,Disloyal Customer,11,Business Travel,Eco,972,1,1,1,3,1,1,1,1,4,3,4,2,1,1.85,0,0,FALSE
Female,Loyal Customer,34,Personal Travel,Eco,265,4,3,4,3,5,4,5,5,2,5,2,1,5,3.69,0,23,FALSE
Female,Disloyal Customer,26,Business Travel,Eco,488,2,0,2,4,1,2,1,1,3,2,5,1,1,1.92,0,0,FALSE
Female,Loyal Customer,26,Personal Travel,Eco,1144,3,5,2,2,4,2,4,4,5,4,5,3,4,3.62,0,0,FALSE
Male,Loyal Customer,53,Business Travel,Business,2332,5,5,5,5,5,5,5,4,4,5,4,4,3,4.54,0,3,TRUE
Male,Loyal Customer,36,Business Travel,Business,3024,4,2,2,2,1,3,4,4,4,4,4,4,1,3,30,13,FALSE
Male,Loyal Customer,32,Business Travel,Business,1750,1,5,4,5,1,1,1,1,1,1,2,4,1,2.15,0,0,FALSE
Male,Loyal Customer,20,Personal Travel,Eco,483,2,3,2,3,5,2,5,5,5,2,3,2,5,3.38,91,82,FALSE
Female,Loyal Customer,35,Business Travel,Business,2128,2,2,2,2,1,5,1,4,4,4,4,5,4,3.08,0,0,TRUE
Male,Loyal Customer,15,Personal Travel,Eco,235,2,4,2,1,1,2,1,1,3,3,4,4,1,2.23,1,10,FALSE
Male,Loyal Customer,52,Personal Travel,Eco,689,2,5,2,3,3,2,3,3,1,1,2,2,3,2.46,0,0,FALSE
Male,Loyal Customer,45,Business Travel,Business,1852,1,1,1,1,5,5,4,2,2,2,2,5,5,2.77,0,0,TRUE
Female,Disloyal Customer,24,Business Travel,Eco,372,4,4,4,3,3,4,5,3,5,4,4,4,3,3.85,21,23,FALSE
Female,Loyal Customer,46,Business Travel,Business,3705,4,3,3,3,4,3,4,4,4,4,4,4,4,3.69,4,0,FALSE
Male,Disloyal Customer,26,Business Travel,Eco,416,3,0,3,3,1,3,1,1,3,5,2,3,1,2.23,0,9,FALSE
Male,Loyal Customer,28,Business Travel,Eco,337,4,1,1,1,4,4,4,4,1,3,2,3,4,2.77,3,0,FALSE
Male,Loyal Customer,11,Personal Travel,Eco,335,1,5,1,3,3,1,3,3,4,2,4,5,3,2.92,0,0,FALSE
Male,Loyal Customer,45,Business Travel,Business,1400,5,5,5,5,2,5,5,4,4,4,4,3,5,4.31,4,9,TRUE
Male,Loyal Customer,62,Personal Travel,Eco,2521,4,5,4,3,4,1,1,5,3,5,4,1,1,3.15,7,30,FALSE
Female,Loyal Customer,34,Business Travel,Business,374,3,3,3,3,4,4,1,4,4,4,4,5,3,3.46,0,0,TRUE
Male,Loyal Customer,51,Business Travel,Business,308,2,2,2,2,4,5,5,4,4,4,4,3,5,3.54,17,8,TRUE
Female,Loyal Customer,58,Business Travel,Eco Plus,575,1,4,4,4,2,3,4,2,2,1,2,2,4,2.69,14,16,FALSE
Male,Loyal Customer,22,Personal Travel,Eco,618,3,5,3,2,3,3,3,3,4,5,4,5,3,3.54,0,0,FALSE
Male,Loyal Customer,8,Business Travel,Eco,1304,4,4,4,4,4,4,4,4,2,2,4,2,4,3.54,0,0,TRUE
Male,Disloyal Customer,26,Business Travel,Business,351,4,4,4,3,2,4,2,2,4,5,4,4,2,3.38,4,11,TRUE
Female,Loyal Customer,22,Personal Travel,Eco,549,4,0,4,3,3,4,1,3,3,2,5,4,3,3,15,3,FALSE
Female,Loyal Customer,21,Business Travel,Business,3510,3,1,1,1,3,2,3,3,3,3,3,1,3,2.31,0,0,FALSE
Male,Loyal Customer,31,Business Travel,Business,1620,3,2,4,2,3,3,3,3,2,2,2,3,3,2.69,0,0,FALSE
Female,Loyal Customer,44,Personal Travel,Eco,326,2,0,2,2,2,3,5,1,1,2,1,2,5,2.15,0,0,FALSE
Male,Loyal Customer,27,Business Travel,Business,588,2,2,2,2,5,5,5,5,5,2,5,3,5,3.69,0,0,TRUE
Female,Loyal Customer,47,Business Travel,Business,1020,3,1,3,3,2,4,5,5,5,5,5,3,5,3.77,0,0,TRUE
Male,Loyal Customer,24,Business Travel,Business,2903,3,3,3,3,3,3,3,3,4,2,2,2,3,2.85,0,0,FALSE
Male,Loyal Customer,67,Business Travel,Business,2659,1,1,1,1,1,3,3,1,1,1,1,1,1,1.31,0,0,FALSE
Male,Loyal Customer,32,Business Travel,Business,3037,2,2,2,2,4,4,4,4,4,1,1,3,4,2.85,0,0,TRUE
Female,Loyal Customer,58,Personal Travel,Eco,2475,4,4,4,3,4,1,1,3,3,3,4,1,1,2.77,29,10,TRUE
Male,Loyal Customer,12,Personal Travel,Eco,978,4,5,4,5,1,4,1,1,3,4,4,5,1,3.23,0,0,FALSE
Female,Loyal Customer,56,Business Travel,Business,2568,3,1,1,1,5,3,2,3,3,3,3,3,4,2.69,0,0,FALSE
Female,Loyal Customer,58,Personal Travel,Business,371,3,5,5,1,2,3,5,1,1,5,1,3,3,2.92,0,0,FALSE
Male,Disloyal Customer,24,Business Travel,Eco,791,3,3,3,3,5,3,5,5,2,1,3,1,5,3.23,39,6,FALSE
Male,Loyal Customer,68,Personal Travel,Eco,480,3,4,3,3,5,3,5,5,2,4,3,4,5,3.77,7,6,FALSE
Male,Loyal Customer,46,Business Travel,Business,1786,1,1,1,1,3,5,5,5,5,5,5,5,3,3.46,1,7,TRUE
Male,Loyal Customer,43,Business Travel,Business,1849,2,2,2,2,2,4,4,3,3,4,3,3,4,2.92,0,7,TRUE
Female,Loyal Customer,55,Business Travel,Business,3634,0,4,0,4,4,5,5,4,4,1,1,4,3,3,0,0,TRUE
Female,Loyal Customer,54,Personal Travel,Business,844,4,5,5,2,2,4,4,3,3,5,3,3,4,3.62,0,0,FALSE
Female,Loyal Customer,42,Business Travel,Business,3094,5,5,5,5,4,4,5,2,2,2,2,5,3,3.77,0,10,TRUE
Female,Loyal Customer,47,Business Travel,Business,3465,1,3,3,3,3,3,4,1,1,1,1,1,4,2.23,13,15,FALSE
Female,Disloyal Customer,29,Business Travel,Business,1035,1,1,1,1,5,1,5,5,4,4,4,4,5,3.15,0,0,FALSE
Female,Loyal Customer,36,Business Travel,Eco,237,2,4,4,4,2,2,2,2,2,4,2,1,2,2.54,0,0,FALSE
Female,Loyal Customer,50,Business Travel,Business,3175,4,4,4,4,2,4,5,5,5,5,5,4,3,4.15,0,0,TRUE
Female,Loyal Customer,31,Personal Travel,Eco,760,4,2,4,4,1,4,1,1,3,4,4,4,1,2.85,17,27,FALSE
Male,Loyal Customer,13,Personal Travel,Eco,853,1,4,1,4,4,1,4,4,5,2,5,4,4,3.31,105,122,FALSE
Male,Disloyal Customer,24,Business Travel,Eco,446,3,4,4,4,5,4,5,5,4,4,4,2,5,4.08,0,0,FALSE
Female,Loyal Customer,60,Business Travel,Business,1071,2,2,2,2,4,5,1,3,3,4,3,5,1,2.85,0,0,TRUE
Female,Loyal Customer,42,Personal Travel,Eco,728,2,3,2,3,5,3,4,3,3,2,3,3,2,2.92,0,3,FALSE
Female,Loyal Customer,57,Business Travel,Business,2585,2,2,2,2,4,4,4,4,3,5,4,4,4,3.38,0,0,TRUE
Female,Loyal Customer,42,Business Travel,Business,707,2,2,4,2,2,5,4,3,3,4,3,4,3,3.15,27,11,TRUE
Male,Disloyal Customer,20,Business Travel,Eco,861,0,0,0,5,2,0,2,2,4,3,5,3,2,2.15,0,0,TRUE
Female,Loyal Customer,51,Personal Travel,Eco,719,3,5,2,4,3,5,4,4,4,2,4,4,3,3.62,19,0,FALSE
Male,Loyal Customer,45,Business Travel,Business,1790,2,5,2,2,2,4,5,5,5,5,5,3,4,3.77,0,0,TRUE
Female,Loyal Customer,26,Business Travel,Eco Plus,680,5,5,5,5,5,5,5,5,1,4,5,1,5,4.31,12,27,TRUE
Male,Disloyal Customer,26,Business Travel,Eco,888,2,2,2,3,5,2,5,5,4,3,3,2,5,3.31,51,30,FALSE
Female,Loyal Customer,24,Personal Travel,Eco,1660,2,1,2,3,3,2,5,3,1,4,2,2,3,2.54,0,2,FALSE
Male,Loyal Customer,49,Business Travel,Eco,578,5,1,1,1,5,5,5,1,1,1,4,5,5,3.08,162,179,TRUE
Female,Loyal Customer,17,Business Travel,Eco,606,5,1,4,1,5,5,4,5,5,1,2,5,5,3.69,15,15,TRUE
Female,Loyal Customer,39,Business Travel,Business,1487,3,3,3,3,4,4,5,4,4,4,4,4,3,3.69,7,0,TRUE
Female,Loyal Customer,49,Business Travel,Business,317,0,1,1,1,3,4,5,4,4,4,4,4,5,3.08,0,0,TRUE
Female,Loyal Customer,48,Personal Travel,Eco,844,3,4,4,3,4,4,4,4,4,4,4,3,3,3.69,0,1,FALSE
Male,Loyal Customer,52,Business Travel,Business,3747,5,5,5,5,2,4,5,4,4,4,4,5,5,4.38,24,20,TRUE
Female,Loyal Customer,25,Business Travel,Business,2748,4,4,4,4,3,3,3,3,3,2,4,5,3,3.46,0,0,TRUE
Female,Loyal Customer,16,Business Travel,Business,1503,3,5,5,5,3,3,3,3,2,4,3,2,3,3.38,0,0,FALSE
Male,Loyal Customer,58,Business Travel,Business,1717,1,1,1,1,2,4,5,4,4,4,4,5,4,3.08,0,0,TRUE
Male,Disloyal Customer,8,Business Travel,Business,1117,4,3,4,3,3,4,3,3,4,5,4,4,3,3.62,0,7,FALSE
Male,Loyal Customer,42,Business Travel,Business,1372,3,3,5,3,4,4,4,5,4,5,4,4,4,4,141,125,TRUE
Female,Loyal Customer,52,Business Travel,Business,2768,4,1,1,1,2,4,4,4,4,3,4,2,4,2.92,0,0,FALSE
Female,Loyal Customer,47,Business Travel,Eco,370,5,3,3,3,2,1,1,5,5,5,5,3,4,3.46,0,0,TRUE
Female,Loyal Customer,69,Personal Travel,Eco,1546,1,5,1,2,4,3,4,1,1,1,1,4,3,2.38,1,26,FALSE
Female,Loyal Customer,47,Personal Travel,Eco,1023,2,3,3,3,5,3,3,4,4,3,1,3,4,3.15,0,0,FALSE
Female,Loyal Customer,41,Business Travel,Business,3636,1,1,1,1,3,5,4,4,4,4,4,5,2,3,0,0,TRUE
Female,Loyal Customer,40,Personal Travel,Eco,1325,4,4,4,3,1,4,1,1,4,2,4,5,1,2.92,0,9,FALSE
Female,Loyal Customer,56,Personal Travel,Eco,2556,1,4,1,3,3,3,1,5,5,1,5,1,2,2.69,0,0,FALSE
Male,Loyal Customer,41,Business Travel,Business,1052,2,2,2,2,4,4,4,4,4,4,4,3,4,3.31,6,0,TRUE
Female,Loyal Customer,40,Business Travel,Eco,773,3,4,4,4,3,3,3,3,2,5,4,4,3,3.46,15,26,FALSE
Male,Loyal Customer,12,Personal Travel,Business,817,2,3,2,2,1,2,1,1,1,3,5,3,1,2.08,0,0,FALSE
Male,Loyal Customer,59,Personal Travel,Eco,516,4,5,3,4,1,3,1,1,5,3,4,5,1,3.08,3,0,TRUE
Female,Loyal Customer,21,Personal Travel,Eco,447,1,5,1,1,2,1,2,2,3,5,5,3,2,2.54,34,19,FALSE
Male,Loyal Customer,12,Personal Travel,Eco,462,2,4,2,3,2,2,2,2,3,4,2,2,2,2.46,0,0,FALSE
Male,Loyal Customer,31,Business Travel,Eco,361,1,5,5,5,1,1,1,1,2,5,3,4,1,2.69,0,0,FALSE
Female,Loyal Customer,37,Personal Travel,Eco,125,3,2,3,3,2,3,2,2,3,3,3,4,2,2.69,6,4,FALSE
Female,Loyal Customer,38,Personal Travel,Eco,271,4,0,5,3,2,5,2,2,4,2,4,3,2,2.92,0,0,TRUE
Male,Loyal Customer,45,Personal Travel,Eco,173,2,5,0,1,2,0,5,2,5,5,4,4,2,2.85,0,0,FALSE
Male,Loyal Customer,43,Business Travel,Business,1950,3,3,3,3,4,5,4,4,4,4,4,3,5,3.77,0,0,TRUE
Female,Loyal Customer,52,Personal Travel,Eco,719,1,5,2,2,3,5,5,3,3,2,3,3,3,3.08,0,17,FALSE
Female,Loyal Customer,57,Business Travel,Business,153,3,4,4,4,5,3,4,2,2,2,3,4,2,3.23,0,0,FALSE
Female,Loyal Customer,13,Personal Travel,Business,337,2,3,2,3,1,2,1,1,4,5,2,5,1,2.46,0,18,FALSE
Female,Loyal Customer,45,Business Travel,Business,3732,5,5,5,5,5,5,5,5,5,5,5,3,4,4.77,17,0,TRUE
Female,Loyal Customer,43,Business Travel,Business,3854,5,5,5,5,5,4,4,5,5,5,5,5,3,4.69,0,0,TRUE
Male,Loyal Customer,53,Business Travel,Eco,977,2,4,2,4,2,2,2,2,3,2,3,2,2,2.46,20,17,FALSE
Male,Loyal Customer,23,Business Travel,Business,3073,4,4,1,4,5,5,5,5,1,3,1,3,5,3.54,0,3,TRUE
Female,Loyal Customer,16,Personal Travel,Eco,1379,2,5,2,2,2,2,2,2,5,2,4,3,2,2.69,2,0,FALSE
Male,Loyal Customer,23,Business Travel,Eco,631,2,2,2,2,2,1,1,2,3,5,4,3,2,2.38,0,8,FALSE
Male,Loyal Customer,45,Personal Travel,Eco,666,2,5,2,4,4,2,4,4,4,5,5,4,4,3.77,0,0,FALSE
Female,Loyal Customer,46,Business Travel,Business,2820,2,2,2,2,2,1,2,5,5,5,5,2,3,2.92,1,0,TRUE
Female,Loyal Customer,49,Personal Travel,Eco,577,2,5,2,2,3,4,5,1,1,2,1,4,3,2.69,23,2,FALSE
Female,Loyal Customer,40,Business Travel,Business,2808,4,3,3,3,3,3,4,3,3,3,4,4,3,3.31,7,2,FALSE
Female,Loyal Customer,19,Business Travel,Business,2172,5,5,5,5,4,4,4,4,4,4,4,4,4,4.31,0,0,TRUE
Female,Loyal Customer,48,Personal Travel,Eco,1192,4,2,4,3,4,3,3,1,1,4,2,3,1,2.69,0,0,FALSE
Female,Loyal Customer,64,Business Travel,Business,1773,2,4,3,4,5,3,3,2,2,3,2,4,4,3.15,0,0,FALSE
Female,Loyal Customer,38,Business Travel,Eco,109,5,3,3,3,5,5,5,5,5,2,4,1,5,3.92,31,,TRUE
Male,Loyal Customer,23,Personal Travel,Eco,1749,2,1,1,4,3,1,3,3,1,1,4,2,3,2.23,97,89,FALSE
Female,Loyal Customer,38,Business Travel,Business,3753,2,2,2,2,1,1,5,4,4,4,4,4,1,2.77,0,0,TRUE
Male,Loyal Customer,41,Personal Travel,Eco,214,1,4,1,2,2,1,1,2,4,3,5,4,2,2.46,16,34,FALSE
Male,Loyal Customer,29,Personal Travel,Eco,1020,1,4,1,4,1,1,1,1,3,3,3,4,1,2.15,0,0,FALSE
Male,Loyal Customer,47,Business Travel,Eco Plus,368,5,1,2,1,4,5,4,4,5,5,2,4,4,3.54,0,0,TRUE
Male,Loyal Customer,50,Personal Travel,Eco Plus,1448,2,3,2,5,4,2,4,4,4,3,4,3,4,3.38,20,4,FALSE
Female,Loyal Customer,18,Personal Travel,Eco,1127,2,5,2,3,3,2,3,3,4,4,4,3,3,3.15,0,0,FALSE
Female,Loyal Customer,20,Personal Travel,Eco,545,2,0,2,3,5,2,1,5,3,4,3,3,5,2.92,4,0,FALSE
Female,Loyal Customer,41,Business Travel,Business,3238,2,2,2,2,5,4,5,4,4,4,4,3,4,3.46,0,0,TRUE
Female,Loyal Customer,12,Personal Travel,Eco,2466,2,4,2,3,1,2,1,1,4,4,5,4,1,2.62,0,0,FALSE
Female,Loyal Customer,36,Personal Travel,Eco,2715,2,3,2,3,2,3,2,4,5,3,3,2,2,2.77,0,0,FALSE
Male,Loyal Customer,49,Business Travel,Business,337,3,4,3,3,4,5,5,4,4,4,4,5,3,3.92,10,0,TRUE
Female,Loyal Customer,55,Personal Travel,Eco,1608,2,2,2,4,2,3,4,5,5,2,5,3,2,3.15,0,0,FALSE
Female,Loyal Customer,43,Business Travel,Business,3004,3,3,3,3,2,4,3,2,2,2,3,1,2,2.54,0,0,FALSE
Female,Disloyal Customer,49,Business Travel,Business,980,2,2,2,2,3,2,3,3,3,5,5,4,3,3,11,6,FALSE
Female,Disloyal Customer,35,Business Travel,Eco,1462,1,1,1,1,3,1,3,3,1,5,1,3,3,2.08,0,0,FALSE
Male,Loyal Customer,45,Business Travel,Business,1521,1,1,3,1,3,5,4,5,5,5,5,4,4,3.54,0,0,TRUE
Female,Loyal Customer,28,Business Travel,Business,862,5,5,5,5,5,5,5,5,2,3,1,1,5,4,9,5,TRUE
Male,Loyal Customer,60,Business Travel,Business,1833,4,4,4,4,1,4,5,4,4,4,4,1,2,3.46,0,0,TRUE
Male,Loyal Customer,35,Business Travel,Business,2398,2,4,2,4,1,3,2,2,2,2,2,4,3,2.54,0,9,FALSE
Female,Disloyal Customer,38,Business Travel,Business,349,3,3,3,5,4,3,4,4,5,4,4,5,4,3.92,29,28,FALSE
Male,Loyal Customer,48,Business Travel,Business,1722,4,5,4,4,4,2,3,4,4,4,4,2,1,3.46,0,0,TRUE
Female,Loyal Customer,65,Personal Travel,Eco,578,2,4,3,4,2,4,4,3,3,3,3,4,3,3.23,99,101,FALSE
Male,Loyal Customer,30,Personal Travel,Eco Plus,163,3,5,3,2,1,3,1,1,4,2,4,5,1,2.69,9,11,FALSE
Female,Loyal Customer,51,Personal Travel,Eco,395,2,4,5,1,2,4,5,3,3,5,3,1,1,3,0,0,FALSE
Male,Disloyal Customer,23,Business Travel,Eco,416,5,0,5,2,4,5,4,4,3,5,5,3,4,3.77,18,4,TRUE
Female,Loyal Customer,37,Business Travel,Eco,977,3,4,4,4,3,3,3,3,2,2,3,3,3,3.08,0,0,FALSE
Male,Loyal Customer,23,Business Travel,Business,3095,5,5,5,5,5,5,3,5,2,5,4,3,5,4.38,9,0,TRUE
Male,Loyal Customer,32,Business Travel,Business,738,4,4,4,4,4,4,4,4,4,2,4,3,4,3.77,0,3,FALSE
Male,Loyal Customer,67,Personal Travel,Eco,719,3,3,3,4,1,3,1,1,2,2,3,1,1,2.15,24,14,FALSE
Male,Loyal Customer,65,Personal Travel,Business,226,1,4,1,1,5,5,4,4,4,1,4,5,3,3.23,37,20,FALSE
Female,Loyal Customer,48,Business Travel,Business,1943,1,1,1,1,3,5,5,5,5,5,5,4,5,3.54,0,0,TRUE
Male,Loyal Customer,60,Business Travel,Business,2371,4,4,4,4,2,4,5,4,4,4,4,3,3,3.77,66,61,TRUE
Female,Loyal Customer,31,Business Travel,Business,551,3,1,1,1,3,3,3,3,3,4,3,4,3,2.69,53,48,FALSE
Male,Loyal Customer,22,Business Travel,Eco Plus,493,4,1,5,5,4,4,4,4,2,4,2,3,4,3.54,19,6,TRUE
Male,Disloyal Customer,27,Business Travel,Eco,925,2,2,2,5,5,2,5,5,2,5,5,1,5,3.54,4,3,FALSE
Female,Loyal Customer,19,Personal Travel,Eco,405,2,2,2,4,1,2,1,1,3,2,4,4,1,2.23,0,0,FALSE
Female,Disloyal Customer,26,Business Travel,Eco,1055,3,3,3,4,4,3,4,4,3,5,4,2,4,3.54,0,0,FALSE
Male,Loyal Customer,72,Business Travel,Eco,305,4,3,3,3,4,4,4,4,2,3,3,1,4,3.23,0,0,FALSE
Female,Loyal Customer,34,Business Travel,Business,589,5,5,5,5,1,1,5,5,5,5,5,5,5,4.38,0,11,TRUE
Female,Loyal Customer,45,Business Travel,Business,1587,2,2,2,2,4,4,4,4,4,4,4,4,3,3.31,0,0,TRUE
Male,Loyal Customer,51,Business Travel,Business,3090,2,4,4,4,3,3,4,2,2,2,2,4,1,2.85,0,0,FALSE
Female,Disloyal Customer,26,Business Travel,Eco,804,2,2,2,3,4,2,3,4,1,4,4,1,4,2.77,7,0,FALSE
Female,Loyal Customer,12,Personal Travel,Eco,719,3,4,3,3,1,3,1,1,5,2,4,4,1,2.69,0,0,FALSE
Female,Loyal Customer,72,Business Travel,Eco Plus,67,2,5,3,5,2,3,4,3,3,2,3,4,3,3.23,28,18,FALSE
Male,Loyal Customer,45,Business Travel,Eco,550,4,2,4,4,4,4,4,4,4,4,3,5,4,3.85,0,0,TRUE
Female,Loyal Customer,22,Business Travel,Business,2809,2,2,2,2,5,5,5,5,3,4,4,5,5,3.77,36,28,TRUE
Female,Loyal Customer,53,Personal Travel,Eco,552,4,4,4,1,4,5,4,5,5,4,5,4,5,4.15,0,0,FALSE
Female,Disloyal Customer,33,Business Travel,Business,356,3,3,3,4,4,3,4,4,4,5,5,5,4,3.92,12,0,FALSE
Female,Loyal Customer,46,Personal Travel,Business,119,4,0,4,1,5,5,4,4,4,4,4,3,3,3.46,13,32,FALSE
Male,Loyal Customer,54,Business Travel,Business,1545,2,2,2,2,5,5,5,5,5,5,5,4,4,3.92,1,0,TRUE
Female,Loyal Customer,40,Business Travel,Eco,819,4,2,3,3,4,4,4,4,1,2,3,1,4,3,23,6,FALSE
Female,Loyal Customer,37,Business Travel,Business,1801,2,4,3,3,4,4,3,2,2,2,2,1,4,2.77,0,0,FALSE
Female,Loyal Customer,35,Business Travel,Business,1658,2,2,5,2,1,2,1,5,5,5,3,3,3,3,6,6,TRUE
Female,Disloyal Customer,26,Business Travel,Business,114,4,0,5,3,4,5,4,4,4,2,5,4,4,3.69,0,13,TRUE
Female,Loyal Customer,62,Business Travel,Eco,128,4,3,3,3,2,5,1,5,5,4,5,3,1,3.38,0,16,TRUE
Male,Loyal Customer,58,Business Travel,Business,813,1,1,1,1,5,5,5,3,3,3,3,5,3,3,0,0,TRUE
Female,Loyal Customer,55,Personal Travel,Eco,349,2,3,2,3,2,3,5,2,2,2,2,5,3,2.77,0,0,FALSE
Female,Loyal Customer,60,Business Travel,Business,1508,3,1,1,1,2,2,2,3,3,3,3,2,2,2.15,15,15,FALSE
Female,Loyal Customer,15,Personal Travel,Eco,89,3,5,3,4,5,3,1,5,5,5,4,3,5,3.92,0,0,FALSE
Male,Loyal Customer,67,Personal Travel,Eco,157,4,1,4,3,5,4,5,5,4,5,3,4,5,4,45,33,FALSE
Male,Loyal Customer,43,Business Travel,Business,2828,0,1,1,2,5,5,4,3,3,3,3,5,5,3.08,39,41,TRUE
Male,Loyal Customer,30,Business Travel,Business,3131,1,1,1,1,5,4,5,5,5,5,4,5,5,3.62,7,0,TRUE
Female,Loyal Customer,42,Business Travel,Eco,718,5,1,4,1,3,3,3,5,5,5,5,3,1,3.38,0,0,TRUE
Male,Loyal Customer,40,Business Travel,Business,1959,3,3,3,3,4,4,4,4,3,5,5,4,4,3.77,209,191,TRUE
Male,Loyal Customer,47,Business Travel,Business,3496,2,2,2,2,2,4,5,5,5,5,5,4,4,3.62,0,2,TRUE
Male,Loyal Customer,38,Business Travel,Business,2300,4,2,2,2,4,4,3,4,4,4,4,3,2,3.23,60,37,FALSE
Female,Loyal Customer,25,Personal Travel,Eco,2845,3,0,3,5,3,3,3,1,1,3,2,3,3,2.54,0,1,FALSE
Male,Disloyal Customer,26,Business Travel,Eco,406,3,5,3,4,3,3,3,5,5,4,1,3,3,3.46,149,138,FALSE
Male,Loyal Customer,66,Personal Travel,Eco,580,2,4,2,3,4,2,4,4,5,3,5,3,4,3.46,26,13,FALSE
Female,Loyal Customer,69,Business Travel,Eco,735,1,4,4,4,3,3,4,1,1,1,1,4,2,2.54,12,4,FALSE
Female,Loyal Customer,22,Business Travel,Business,1722,2,5,5,5,2,2,2,2,2,4,3,3,2,3,0,53,FALSE
Male,Loyal Customer,8,Personal Travel,Eco Plus,1201,2,5,2,3,3,2,3,3,4,2,1,5,3,2.92,24,14,FALSE
Female,Disloyal Customer,37,Business Travel,Business,372,5,5,5,4,4,5,4,4,4,4,5,3,4,4.31,11,0,TRUE
Female,Loyal Customer,69,Personal Travel,Eco,1072,1,5,1,5,4,4,4,1,1,1,1,4,4,2.77,18,7,FALSE
Male,Loyal Customer,28,Business Travel,Eco,733,4,2,2,2,4,4,4,4,3,4,3,3,4,3.31,15,22,FALSE
Male,Loyal Customer,51,Business Travel,Eco Plus,1075,2,4,1,4,2,2,2,2,1,2,4,4,2,2.46,5,0,FALSE
Female,Loyal Customer,46,Personal Travel,Eco,2586,3,1,3,3,3,4,4,2,4,4,3,4,4,3.23,59,57,FALSE
Male,Disloyal Customer,39,Business Travel,Business,140,4,4,4,3,4,4,2,4,3,4,4,4,4,3.69,0,7,TRUE
Female,Disloyal Customer,21,Business Travel,Eco Plus,903,4,3,4,4,1,4,1,1,4,5,3,1,1,2.77,35,28,FALSE
Male,Loyal Customer,46,Business Travel,Business,2423,4,4,4,4,2,4,4,4,4,4,4,5,5,4,1,0,TRUE
Female,Loyal Customer,36,Business Travel,Business,3130,2,2,2,2,5,5,5,5,5,5,5,5,3,3.92,62,65,TRUE
Male,Loyal Customer,60,Business Travel,Business,2198,3,3,3,3,3,4,4,4,4,4,4,3,3,3.46,23,4,TRUE
Male,Loyal Customer,23,Business Travel,Eco Plus,602,2,5,5,5,2,2,1,2,3,4,4,4,2,3.15,21,44,FALSE
Male,Loyal Customer,52,Personal Travel,Eco,685,4,4,4,5,4,4,4,4,3,4,5,5,4,4.15,0,0,TRUE
Male,Loyal Customer,36,Business Travel,Eco,1208,4,5,5,5,4,4,4,4,2,1,2,2,4,3.54,3,0,TRUE
Male,Loyal Customer,41,Business Travel,Business,2789,3,3,2,3,4,3,3,4,4,3,4,3,5,3.38,10,0,TRUE
Male,Loyal Customer,45,Business Travel,Business,3305,2,2,2,2,3,5,5,4,4,4,4,4,3,3.38,8,0,TRUE
Male,Loyal Customer,67,Personal Travel,Eco,2342,3,4,3,3,5,3,2,5,4,2,3,1,5,3.31,0,0,FALSE
Female,Loyal Customer,45,Business Travel,Business,3712,4,4,4,4,3,5,5,4,4,4,4,5,5,4.23,0,0,TRUE
Female,Loyal Customer,56,Personal Travel,Eco,1431,3,5,3,3,4,5,5,1,1,3,1,2,5,3.15,91,76,FALSE
Female,Disloyal Customer,62,Business Travel,Eco,255,3,3,2,2,2,2,2,2,1,5,3,1,2,2.31,113,107,FALSE
Female,Loyal Customer,30,Business Travel,Business,3720,2,1,1,1,2,3,2,2,2,4,3,3,2,2.15,27,12,FALSE
Male,Loyal Customer,48,Business Travel,Eco,1107,4,5,5,5,4,4,4,4,3,5,4,1,4,4,0,0,TRUE
Female,Loyal Customer,32,Business Travel,Business,2999,2,2,2,2,4,4,4,4,3,4,5,3,4,3.31,28,11,TRUE
Female,Loyal Customer,30,Business Travel,Business,2438,0,1,1,1,2,2,2,2,5,3,5,3,2,2.23,38,28,TRUE
Female,Disloyal Customer,40,Business Travel,Business,156,1,1,1,5,4,1,2,4,2,4,5,5,4,3,0,0,FALSE
Male,Loyal Customer,42,Business Travel,Business,3665,5,5,5,5,5,5,4,4,4,4,4,4,3,4.38,83,92,TRUE
Female,Loyal Customer,52,Business Travel,Business,2917,5,5,5,5,5,5,5,3,4,4,4,5,5,4.62,15,32,TRUE
Male,Loyal Customer,50,Business Travel,Business,1235,5,5,5,5,3,4,4,5,5,5,5,4,3,4.46,0,0,TRUE
Female,Loyal Customer,18,Personal Travel,Eco Plus,549,2,5,2,3,2,2,2,2,5,5,4,5,2,3.15,0,0,FALSE
Male,Loyal Customer,30,Business Travel,Business,1500,3,3,3,3,5,4,5,5,4,3,4,3,5,3.85,0,0,TRUE
Female,Disloyal Customer,26,Business Travel,Eco,190,3,2,3,3,1,3,1,1,4,5,4,3,1,2.62,0,0,FALSE
Male,Disloyal Customer,37,Business Travel,Business,468,4,4,4,4,4,4,4,4,4,4,4,4,4,4,0,0,TRUE
Male,Loyal Customer,64,Personal Travel,Eco,261,1,4,0,3,1,0,1,1,3,1,3,3,1,1.69,0,0,FALSE
Male,Disloyal Customer,21,Business Travel,Business,255,5,0,5,1,2,5,2,2,5,4,5,3,2,3.15,0,0,TRUE
Female,Loyal Customer,52,Business Travel,Business,1609,3,2,4,4,3,4,4,3,3,3,3,1,3,3.08,0,8,FALSE
Female,Loyal Customer,52,Business Travel,Business,413,5,5,5,5,5,5,4,5,5,5,5,4,3,4.69,4,2,TRUE
Female,Loyal Customer,29,Personal Travel,Eco,119,2,2,2,2,5,2,2,5,4,5,3,2,5,3.15,0,0,FALSE
Female,Loyal Customer,13,Personal Travel,Eco,387,2,1,2,3,1,2,1,1,4,1,3,1,1,1.77,16,12,FALSE
Male,Loyal Customer,28,Business Travel,Business,1087,1,1,3,1,5,5,5,5,3,2,4,5,5,3.46,0,0,TRUE
Male,Loyal Customer,13,Personal Travel,Eco,323,2,4,2,3,2,2,2,2,1,5,4,4,2,2.69,15,7,FALSE
Male,Loyal Customer,16,Personal Travel,Eco,282,2,5,2,3,5,2,5,5,3,3,5,5,5,3.85,8,16,FALSE
Male,Loyal Customer,58,Business Travel,Business,1721,3,3,3,3,3,4,5,4,4,4,4,4,5,3.77,18,0,TRUE
Male,Disloyal Customer,24,Business Travel,Eco,347,3,0,3,1,5,3,5,5,3,5,4,5,5,3.62,0,0,FALSE
Male,Loyal Customer,25,Business Travel,Business,3465,2,4,4,4,2,2,2,2,4,5,3,4,2,3.08,0,0,FALSE
Male,Loyal Customer,34,Personal Travel,Eco,948,2,4,2,2,4,2,4,4,4,3,4,3,4,3.23,0,0,FALSE
Female,Loyal Customer,44,Business Travel,Business,1707,5,5,5,5,5,5,3,5,5,5,5,2,3,4.46,0,0,TRUE
Female,Loyal Customer,23,Personal Travel,Eco Plus,1372,3,5,3,1,1,3,1,1,3,2,3,4,1,2.38,0,0,FALSE
Male,Disloyal Customer,20,Business Travel,Business,369,5,3,5,4,1,5,1,1,5,2,4,4,1,3.15,0,0,TRUE
Male,Loyal Customer,8,Personal Travel,Eco,552,4,3,4,1,3,4,3,3,3,2,2,3,3,2.92,0,11,FALSE
Female,Loyal Customer,26,Business Travel,Eco,1188,1,5,5,5,1,1,4,1,2,3,4,3,1,2.77,0,13,FALSE
Male,Loyal Customer,43,Business Travel,Eco,1005,4,4,4,4,5,4,5,5,4,1,4,3,5,4,0,1,FALSE
Female,Loyal Customer,72,Business Travel,Business,1870,2,1,1,1,3,4,4,2,2,2,2,1,4,2.23,0,0,FALSE
Female,Loyal Customer,48,Business Travel,Eco,896,2,4,4,4,4,2,4,2,2,2,2,5,1,2.92,12,8,TRUE
Male,Loyal Customer,27,Personal Travel,Eco,429,4,5,4,3,3,4,1,3,5,3,4,4,3,3.54,0,0,FALSE
Male,Loyal Customer,25,Business Travel,Business,1796,4,2,2,2,4,4,4,1,5,3,3,4,4,3.23,176,164,FALSE
Male,Disloyal Customer,26,Business Travel,Eco,842,1,1,1,2,5,1,5,5,1,3,3,4,5,2.85,38,28,FALSE
Male,Disloyal Customer,16,Business Travel,Business,1107,3,4,3,3,1,3,3,1,1,5,3,2,1,2.54,0,0,FALSE
Female,Disloyal Customer,36,Business Travel,Business,327,2,2,2,3,5,2,5,5,5,4,5,3,5,3.69,0,0,FALSE
Male,Loyal Customer,55,Personal Travel,Business,432,4,4,2,1,5,4,4,3,3,2,2,4,5,3.31,0,0,FALSE
Female,Disloyal Customer,23,Business Travel,Eco,577,0,0,1,1,5,1,5,5,4,2,4,2,5,2.69,0,0,TRUE
Male,Loyal Customer,50,Business Travel,Business,1877,2,4,4,4,5,4,4,2,2,2,2,1,4,3.08,0,0,FALSE
Female,Loyal Customer,45,Business Travel,Business,1123,5,5,5,5,2,5,4,5,5,5,5,5,3,4.54,0,5,TRUE
Male,Loyal Customer,57,Business Travel,Business,1749,1,1,1,1,4,5,5,5,5,5,5,4,4,3.54,19,5,TRUE
Female,Loyal Customer,50,Business Travel,Business,2454,3,3,3,3,5,3,5,3,3,3,3,3,5,3.46,46,24,TRUE
Female,Loyal Customer,42,Personal Travel,Eco,270,1,2,1,4,3,3,3,4,4,1,4,1,4,2.69,0,0,FALSE
Female,Loyal Customer,34,Business Travel,Business,1825,2,2,2,2,3,3,5,5,5,4,5,3,3,3.38,13,0,TRUE
Female,Disloyal Customer,17,Business Travel,Eco Plus,191,1,1,1,4,4,1,2,4,4,1,4,2,4,2.54,39,34,FALSE
Male,Loyal Customer,45,Business Travel,Business,679,4,4,4,4,4,5,4,5,5,5,5,3,4,4.31,0,6,TRUE
Female,Loyal Customer,59,Business Travel,Business,812,2,2,2,2,4,4,5,2,2,2,2,5,4,2.92,0,3,TRUE
Male,Loyal Customer,39,Business Travel,Eco,1056,5,3,3,3,5,5,5,5,3,2,4,5,5,4.08,20,9,TRUE
Male,Loyal Customer,28,Business Travel,Business,101,2,1,1,1,2,2,2,2,2,2,3,2,2,1.85,0,0,FALSE
Female,Loyal Customer,44,Personal Travel,Eco,73,2,3,2,3,4,3,4,1,1,2,1,2,1,2.23,0,32,FALSE
Male,Loyal Customer,9,Personal Travel,Eco,936,5,5,4,2,4,4,4,4,5,4,5,5,4,4.23,22,22,TRUE
Female,Loyal Customer,24,Business Travel,Eco,287,1,1,0,3,5,0,5,5,2,2,2,2,5,2.54,0,8,FALSE
Female,Loyal Customer,37,Personal Travel,Eco,255,3,1,3,4,3,3,3,3,1,4,4,1,3,2.77,0,0,FALSE
Female,Disloyal Customer,25,Business Travel,Eco,317,0,4,0,4,5,0,5,5,5,1,2,4,5,3.08,9,5,TRUE
Male,Loyal Customer,22,Business Travel,Business,2027,2,2,2,2,4,4,4,4,5,3,4,4,4,3.38,7,2,TRUE
Male,Loyal Customer,55,Business Travel,Business,936,3,3,3,3,5,5,5,3,3,3,3,5,5,3.77,0,0,TRUE
Male,Loyal Customer,53,Business Travel,Eco,432,4,3,3,3,4,4,4,4,4,3,3,1,4,3.38,0,5,TRUE
Female,Loyal Customer,46,Business Travel,Business,888,3,3,3,3,5,4,4,4,4,4,4,3,4,3.69,0,0,TRUE
Male,Loyal Customer,62,Personal Travel,Eco,1061,0,5,0,3,5,0,5,5,4,4,5,5,5,3.54,0,0,TRUE
Female,Loyal Customer,53,Business Travel,Business,216,5,5,4,5,5,5,4,5,5,5,5,5,4,4.77,0,0,TRUE
Female,Loyal Customer,50,Business Travel,Business,1814,3,3,3,3,2,5,4,5,5,5,5,5,4,4,0,0,TRUE
Male,Loyal Customer,57,Business Travel,Business,2993,5,5,5,5,2,4,2,4,4,4,4,4,3,3.92,0,6,TRUE
Female,Loyal Customer,54,Business Travel,Business,2632,3,3,3,3,2,5,4,3,3,4,3,3,5,3.38,0,0,TRUE
Female,Loyal Customer,42,Business Travel,Business,199,1,1,1,1,5,4,5,5,5,5,4,5,5,3.62,0,0,TRUE
Male,Loyal Customer,17,Personal Travel,Eco,802,2,5,2,2,4,2,4,4,2,5,3,1,4,3.08,0,5,FALSE
Female,Loyal Customer,53,Business Travel,Business,581,1,1,1,1,3,4,4,4,4,4,4,3,3,2.85,1,0,TRUE
Male,Loyal Customer,49,Business Travel,Business,1938,2,2,2,2,3,4,5,4,4,4,4,5,4,3.46,22,21,TRUE
Female,Loyal Customer,37,Business Travel,Eco Plus,174,5,3,5,3,5,5,5,5,5,1,5,3,5,4.23,0,0,TRUE
Male,Loyal Customer,35,Business Travel,Eco,326,4,2,2,2,4,4,4,4,2,5,5,5,4,3.62,0,0,TRUE
Male,Loyal Customer,30,Business Travel,Business,1821,1,1,1,1,2,2,1,2,1,2,2,4,2,1.69,5,7,FALSE
Female,Loyal Customer,16,Personal Travel,Eco,1437,1,5,0,4,5,0,5,5,3,3,4,4,5,3.38,0,0,FALSE
Male,Loyal Customer,46,Business Travel,Business,3995,4,4,4,4,3,4,4,5,5,5,5,5,4,4.31,0,0,TRUE
Female,Loyal Customer,51,Business Travel,Business,1488,2,3,3,3,4,3,4,2,2,2,2,4,2,2.77,73,62,FALSE
Male,Loyal Customer,70,Personal Travel,Eco,1892,1,4,1,3,1,1,1,1,4,4,4,4,1,2.31,0,0,FALSE
Male,Disloyal Customer,26,Business Travel,Business,502,2,2,2,5,5,2,2,5,4,3,4,4,5,3.46,53,52,FALSE
Male,Loyal Customer,46,Business Travel,Business,2491,3,3,3,3,4,4,5,4,4,4,4,5,3,3.77,0,0,TRUE
Female,Loyal Customer,12,Personal Travel,Eco,944,2,2,2,4,1,2,1,1,1,4,4,1,1,2,20,15,FALSE
Male,Loyal Customer,25,Business Travel,Business,496,4,4,4,4,4,4,4,4,3,2,5,4,4,3.85,0,0,TRUE
Female,Loyal Customer,63,Business Travel,Business,329,2,2,2,2,5,1,5,4,4,4,4,4,3,3.23,0,0,TRUE
Female,Loyal Customer,48,Business Travel,Business,402,1,1,1,1,4,5,5,4,4,4,4,5,3,3.23,0,4,TRUE
Female,Loyal Customer,43,Business Travel,Business,3946,3,3,3,3,3,5,5,4,4,4,4,5,4,3.85,0,0,TRUE
Female,Loyal Customer,35,Business Travel,Business,337,5,5,5,5,2,4,5,4,4,4,4,3,5,4.23,54,40,TRUE
Female,Loyal Customer,32,Business Travel,Business,2133,4,4,4,4,4,4,4,4,5,2,5,3,4,3.92,0,0,TRUE
Male,Loyal Customer,44,Personal Travel,Eco,192,2,4,2,5,4,2,4,4,3,1,4,1,4,3.08,0,0,FALSE
Male,Loyal Customer,60,Personal Travel,Eco,491,1,3,1,3,5,1,5,5,3,2,2,5,5,3.15,22,49,FALSE
Female,Loyal Customer,20,Personal Travel,Eco,1120,2,1,2,4,2,2,2,2,2,4,4,3,2,2.46,0,3,FALSE
Female,Loyal Customer,10,Personal Travel,Eco,1440,1,4,1,4,4,1,4,4,5,3,3,5,4,3.31,0,7,FALSE
Female,Loyal Customer,51,Business Travel,Business,140,2,1,3,1,1,3,3,3,3,3,2,2,2,2.23,0,0,FALSE
Female,Loyal Customer,22,Personal Travel,Eco,451,2,4,2,3,2,2,2,2,3,5,5,4,2,2.92,0,0,FALSE
Female,Loyal Customer,42,Personal Travel,Eco,798,1,1,1,3,5,2,2,3,3,1,3,3,3,2.38,1,4,FALSE
Male,Loyal Customer,32,Business Travel,Business,3607,1,1,1,1,5,5,5,5,4,2,5,1,5,3.15,0,0,TRUE
Male,Loyal Customer,24,Personal Travel,Eco,1096,2,5,2,3,1,2,1,1,5,4,4,3,1,2.62,1,0,FALSE
Female,Loyal Customer,43,Business Travel,Business,373,2,5,2,2,2,5,4,5,5,5,5,5,3,3.85,0,0,TRUE
Male,Loyal Customer,7,Personal Travel,Eco,405,3,5,3,2,4,3,4,4,3,5,4,3,4,3.62,3,0,FALSE
Male,Loyal Customer,29,Business Travel,Business,2542,5,5,4,5,5,5,5,5,5,2,1,3,5,4.23,18,55,TRUE
Female,Loyal Customer,48,Business Travel,Eco Plus,907,4,2,2,2,5,5,3,4,4,4,4,2,5,3.54,0,1,TRUE
Male,Disloyal Customer,25,Business Travel,Eco,1258,3,3,3,3,3,2,2,1,2,3,3,2,2,2.46,199,185,FALSE
Male,Loyal Customer,25,Personal Travel,Eco,550,2,2,2,3,1,2,1,1,4,2,4,4,1,2.23,56,63,FALSE
Female,Loyal Customer,35,Business Travel,Business,602,4,4,4,4,3,5,5,2,2,2,2,5,4,3.54,0,0,TRUE
Female,Loyal Customer,57,Business Travel,Eco,1399,2,2,2,2,4,3,3,2,2,2,2,1,4,2.38,3,0,FALSE
Male,Loyal Customer,52,Business Travel,Business,3245,4,4,4,4,2,3,3,5,5,5,5,4,3,3.92,93,77,TRUE
Female,Loyal Customer,17,Business Travel,Eco,677,0,3,0,3,4,3,4,4,4,5,5,5,4,3.38,0,0,TRUE
Female,Loyal Customer,30,Personal Travel,Eco,1616,2,4,3,1,1,3,1,1,3,2,4,4,1,2.31,70,89,FALSE
Male,Loyal Customer,38,Business Travel,Business,1561,3,5,3,3,2,4,4,5,5,5,5,5,5,4.15,0,23,TRUE
Female,Loyal Customer,38,Business Travel,Business,285,5,5,5,5,1,1,3,4,4,4,4,5,5,3.92,0,0,TRUE
Female,Disloyal Customer,38,Business Travel,Business,1189,1,1,1,3,3,1,3,3,5,5,5,3,3,2.85,3,0,FALSE
Male,Disloyal Customer,23,Business Travel,Eco,1021,2,2,2,3,3,2,3,3,3,5,5,5,3,3.15,0,0,TRUE
Female,Loyal Customer,39,Business Travel,Business,2442,5,4,5,5,2,4,4,4,4,4,4,4,4,4.08,80,86,TRUE
Female,Loyal Customer,55,Business Travel,Business,918,1,2,2,2,5,2,2,1,1,1,1,1,4,1.92,12,5,FALSE
Female,Disloyal Customer,25,Business Travel,Business,545,3,5,3,1,5,3,5,5,4,4,5,3,5,3.92,0,2,FALSE
Male,Loyal Customer,59,Business Travel,Business,459,4,2,2,2,4,3,4,4,4,4,4,1,3,3.15,0,5,FALSE
Female,Loyal Customer,9,Personal Travel,Eco Plus,804,1,5,1,3,1,1,1,1,5,2,5,3,1,2.31,0,0,FALSE
Female,Disloyal Customer,26,Business Travel,Business,569,0,0,0,3,3,0,1,3,4,2,4,5,3,2.15,96,91,TRUE
Male,Loyal Customer,51,Business Travel,Business,3991,5,5,5,5,3,4,5,4,4,3,4,5,3,4.23,0,0,TRUE
Male,Loyal Customer,40,Business Travel,Business,1620,2,2,2,2,4,3,4,5,5,5,5,4,5,3.69,0,0,TRUE
Male,Loyal Customer,56,Business Travel,Business,1173,3,3,5,3,4,4,4,3,3,3,3,3,1,3.23,0,0,FALSE
Female,Loyal Customer,56,Personal Travel,Eco,236,3,3,3,3,5,2,5,4,4,3,4,1,5,3.46,57,52,FALSE
Female,Loyal Customer,18,Personal Travel,Eco,134,2,2,2,3,3,2,4,3,2,4,3,4,3,2.85,0,0,FALSE
Female,Loyal Customer,8,Personal Travel,Eco Plus,647,3,2,3,3,2,3,5,2,2,4,3,3,2,2.85,0,0,FALSE
Male,Loyal Customer,33,Business Travel,Eco Plus,654,4,3,3,3,4,4,4,4,4,5,2,1,4,3.46,0,0,TRUE
Male,Loyal Customer,46,Business Travel,Business,2623,3,3,3,3,3,5,4,5,5,5,5,3,5,4,0,0,TRUE
Female,Loyal Customer,41,Business Travel,Business,209,4,4,4,4,1,3,3,2,2,2,4,1,2,2.77,95,100,FALSE
Female,Loyal Customer,36,Business Travel,Business,257,3,3,3,3,4,4,3,4,4,4,4,1,1,3.15,0,0,TRUE
Male,Loyal Customer,26,Business Travel,Business,1629,1,1,1,1,5,5,5,5,4,4,2,3,5,3.23,0,0,TRUE
Female,Disloyal Customer,36,Business Travel,Eco,371,3,2,3,3,5,3,5,5,4,4,2,4,5,3.69,11,6,FALSE
Male,Loyal Customer,31,Business Travel,Business,2201,5,5,5,5,2,2,2,2,5,3,3,3,2,3.38,0,0,TRUE
Male,Loyal Customer,24,Personal Travel,Eco,836,2,4,2,1,1,2,1,1,5,4,1,1,1,2,27,54,FALSE
Female,Loyal Customer,39,Business Travel,Business,3081,5,5,5,5,2,5,4,2,2,2,2,3,4,3.54,7,0,TRUE
Female,Disloyal Customer,20,Business Travel,Eco,859,3,4,4,3,4,4,4,4,3,1,3,2,4,3.31,3,24,FALSE
Female,Loyal Customer,69,Personal Travel,Eco,1055,2,5,2,1,3,4,5,2,2,2,2,5,3,2.92,29,17,FALSE
Female,Disloyal Customer,27,Business Travel,Eco,399,1,0,1,4,5,1,5,5,5,1,3,2,5,2.92,0,0,FALSE
Female,Loyal Customer,10,Business Travel,Eco,632,3,4,4,4,3,3,2,3,3,2,4,4,3,3.23,44,40,FALSE
Male,Loyal Customer,60,Business Travel,Business,3626,2,2,2,2,4,5,4,5,5,5,5,3,5,3.77,35,36,TRUE
Male,Loyal Customer,44,Business Travel,Business,833,2,2,2,2,3,5,4,4,4,4,4,3,4,3.31,15,1,TRUE
Female,Loyal Customer,68,Personal Travel,Eco,1288,2,5,2,3,4,3,5,4,4,2,4,4,5,3.62,6,24,FALSE
Male,Loyal Customer,41,Business Travel,Business,2163,3,3,3,3,5,3,4,3,3,3,3,3,4,3.31,60,70,FALSE
Female,Loyal Customer,46,Business Travel,Eco,645,3,2,2,2,3,3,3,2,1,2,4,3,3,2.54,141,139,FALSE
Male,Loyal Customer,54,Business Travel,Eco,515,3,2,2,2,3,3,3,3,4,3,3,2,3,2.77,44,33,FALSE
Female,Loyal Customer,44,Business Travel,Business,3767,1,1,1,1,5,2,2,2,2,2,1,4,2,2,44,92,FALSE
Male,Disloyal Customer,43,Personal Travel,Eco,888,5,1,5,3,4,1,4,4,4,4,4,2,4,3.46,0,0,TRUE
Female,Disloyal Customer,44,Business Travel,Business,288,5,5,5,5,4,5,4,4,4,5,4,4,4,4.46,0,0,TRUE
Female,Disloyal Customer,26,Business Travel,Business,1024,4,4,4,1,5,4,5,5,3,2,4,4,5,3.85,16,14,FALSE
Male,Loyal Customer,48,Business Travel,Business,3185,2,2,2,2,5,5,4,5,5,5,5,5,5,4,0,0,TRUE
Male,Loyal Customer,30,Business Travel,Business,2974,4,4,4,4,4,4,4,4,3,3,4,3,4,3.77,74,67,TRUE
Female,Loyal Customer,46,Business Travel,Business,2981,1,1,1,1,2,5,4,5,5,5,5,3,3,3.15,1,0,TRUE
Male,Disloyal Customer,23,Business Travel,Eco,1428,2,2,2,2,2,2,2,2,4,3,5,3,2,2.54,0,7,FALSE
Male,Loyal Customer,39,Business Travel,Business,2454,5,5,5,5,5,5,4,5,5,5,5,5,3,4.77,0,0,TRUE
Male,Loyal Customer,24,Business Travel,Business,3482,5,5,5,5,4,4,4,4,3,2,5,4,4,4.15,0,0,TRUE
Female,Loyal Customer,48,Personal Travel,Eco,296,2,5,4,3,4,4,4,2,2,4,2,3,3,3.23,0,0,FALSE
Male,Loyal Customer,63,Personal Travel,Eco,391,3,4,3,5,5,3,4,5,3,4,5,3,5,4,0,4,FALSE
Male,Loyal Customer,37,Business Travel,Business,3744,5,5,5,5,5,5,5,5,4,4,4,5,5,4.77,172,163,TRUE
Male,Loyal Customer,37,Business Travel,Business,1558,4,1,1,1,1,3,4,4,4,3,4,1,3,2.62,0,8,FALSE
Male,Loyal Customer,57,Business Travel,Business,1389,1,1,3,1,5,5,4,5,5,5,5,4,5,3.77,0,0,TRUE
Male,Loyal Customer,21,Personal Travel,Eco,1947,2,4,2,3,1,2,1,1,4,2,3,5,1,2.38,0,0,FALSE
Male,Loyal Customer,9,Business Travel,Eco,776,2,2,2,2,2,2,4,2,1,1,3,1,2,2,16,6,FALSE
Female,Loyal Customer,24,Business Travel,Business,3536,5,5,5,5,4,4,4,4,3,5,5,3,4,4.31,0,0,TRUE
Male,Disloyal Customer,36,Business Travel,Business,414,3,3,3,5,3,3,3,3,4,2,5,4,3,3.38,0,0,FALSE
Male,Loyal Customer,44,Business Travel,Business,3165,2,2,2,2,4,5,5,4,4,4,4,5,3,3.54,0,0,TRUE
Female,Loyal Customer,49,Business Travel,Business,1600,2,5,5,5,4,4,4,0,0,1,2,2,3,2.85,0,0,FALSE
Male,Loyal Customer,42,Business Travel,Business,3605,4,4,4,4,3,5,4,4,4,4,4,4,3,3.92,0,0,TRUE
Female,Loyal Customer,52,Personal Travel,Eco,247,4,4,0,2,5,4,4,5,5,0,5,3,3,3.38,0,0,TRUE
Male,Loyal Customer,52,Business Travel,Eco,550,2,4,4,4,2,2,2,2,3,5,3,4,2,3,0,0,FALSE
Male,Loyal Customer,20,Personal Travel,Eco,446,4,3,4,3,1,4,1,1,3,4,4,2,1,2.69,0,0,FALSE
Male,Loyal Customer,47,Business Travel,Business,728,1,1,1,1,1,3,2,5,5,5,5,1,3,2.62,0,0,TRUE
Male,Loyal Customer,45,Business Travel,Business,3692,2,2,2,2,1,2,2,2,2,2,2,3,4,2.15,63,52,FALSE
Female,Loyal Customer,44,Business Travel,Business,3979,4,4,4,4,3,5,5,4,4,4,4,3,3,3.92,0,0,TRUE
Female,Loyal Customer,47,Business Travel,Business,3546,2,2,2,2,4,2,2,2,2,2,2,2,2,2.15,19,21,FALSE
Female,Loyal Customer,57,Business Travel,Business,177,5,5,5,5,1,1,1,5,5,5,3,4,5,3.85,91,128,TRUE
Female,Loyal Customer,34,Business Travel,Business,760,4,4,4,4,4,4,4,3,3,3,3,3,3,3.54,6,0,TRUE
Female,Loyal Customer,26,Business Travel,Eco,2378,4,5,5,5,4,5,5,4,3,2,5,4,4,4.23,4,0,TRUE
Female,Loyal Customer,45,Business Travel,Business,228,0,0,0,3,3,4,5,3,3,3,3,4,5,2.77,0,21,TRUE
Female,Loyal Customer,33,Business Travel,Business,163,3,3,4,3,2,2,5,4,4,5,3,4,3,3.46,0,3,TRUE
Male,Disloyal Customer,22,Business Travel,Eco,251,1,0,1,3,2,1,3,2,4,2,5,4,2,2.31,0,0,FALSE
Male,Loyal Customer,51,Business Travel,Business,406,5,5,5,5,5,4,5,4,4,4,4,4,4,4.46,9,4,TRUE
Male,Loyal Customer,60,Personal Travel,Eco,624,4,3,4,1,4,4,4,1,2,5,2,4,4,3.23,175,180,TRUE
Male,Loyal Customer,40,Business Travel,Business,3764,1,1,1,1,4,5,4,4,4,5,4,4,3,3.15,16,3,TRUE
Male,Loyal Customer,62,Business Travel,Eco,696,3,3,5,3,2,3,2,2,2,5,2,3,2,2.85,24,1,FALSE
Female,Loyal Customer,68,Personal Travel,Eco,746,3,5,3,2,5,5,5,2,2,3,2,4,3,3.38,27,37,FALSE
Male,Loyal Customer,38,Business Travel,Business,2930,2,5,5,5,2,4,4,2,2,2,2,4,3,3.23,7,23,FALSE
Male,Loyal Customer,44,Business Travel,Business,192,5,5,5,5,3,5,4,5,5,5,5,3,3,4.46,23,13,TRUE
Male,Loyal Customer,11,Personal Travel,Eco,507,3,5,3,1,1,3,1,1,4,4,4,5,1,2.77,11,5,FALSE
Female,Loyal Customer,33,Personal Travel,Eco,226,1,4,1,1,2,1,2,2,3,4,4,4,2,2.38,0,0,FALSE
Female,Loyal Customer,10,Personal Travel,Eco Plus,338,1,5,3,3,5,3,4,5,4,2,4,5,5,3.77,0,0,FALSE
Male,Loyal Customer,51,Business Travel,Eco Plus,380,2,4,4,4,2,2,2,2,1,1,3,3,2,2.46,16,0,TRUE
Male,Loyal Customer,34,Business Travel,Business,3144,4,4,4,4,3,5,4,5,5,5,5,5,1,4.15,3,0,TRUE
Male,Loyal Customer,69,Business Travel,Business,3714,4,1,1,1,1,2,2,4,4,4,4,3,1,2.46,0,0,FALSE
Female,Loyal Customer,49,Business Travel,Business,90,4,4,2,4,3,4,4,4,4,4,4,4,3,3.69,0,0,TRUE
Male,Loyal Customer,30,Business Travel,Eco Plus,204,2,5,5,5,2,2,2,2,3,5,4,2,2,3.15,105,93,FALSE
Female,Loyal Customer,40,Personal Travel,Eco,399,3,4,3,1,1,3,1,1,5,1,2,5,1,2.38,0,0,FALSE
Female,Loyal Customer,29,Personal Travel,Eco Plus,802,2,3,2,4,2,2,2,2,3,2,4,4,2,2.62,0,0,FALSE
Male,Loyal Customer,68,Personal Travel,Eco,406,3,3,3,2,3,3,3,3,5,3,3,4,3,3.15,0,0,FALSE
Female,Loyal Customer,53,Business Travel,Eco Plus,676,2,5,5,5,5,4,4,2,2,2,2,1,3,3.23,0,0,FALSE
Female,Loyal Customer,24,Business Travel,Business,1476,4,4,4,4,5,5,5,5,2,3,4,4,5,4.15,0,8,TRUE
Male,Loyal Customer,43,Business Travel,Business,3677,4,4,4,4,4,4,4,4,4,4,4,4,5,4.08,2,0,TRUE
Male,Loyal Customer,7,Personal Travel,Business,1034,2,4,2,2,2,4,4,5,5,2,3,4,4,3.31,143,121,FALSE
Female,Loyal Customer,65,Personal Travel,Business,1042,4,5,4,4,3,5,4,4,4,4,2,5,5,4.08,48,30,FALSE
Female,Loyal Customer,8,Personal Travel,Eco,597,4,4,4,2,2,4,2,2,5,4,5,4,2,3.38,0,6,FALSE
Male,Loyal Customer,50,Personal Travel,Eco,1635,1,5,1,3,4,1,4,4,3,5,5,3,4,3.31,0,4,FALSE
Male,Loyal Customer,26,Personal Travel,Eco Plus,2556,3,2,3,3,3,4,4,4,1,2,4,4,4,3.15,0,33,FALSE
Female,Loyal Customer,24,Personal Travel,Eco,859,3,5,3,5,2,3,2,2,3,5,4,3,2,3.23,37,52,FALSE
Female,Loyal Customer,55,Personal Travel,Eco,1236,1,4,1,3,3,3,4,5,5,1,5,5,5,3.46,0,9,FALSE
Female,Disloyal Customer,21,Business Travel,Eco,192,3,3,3,4,1,3,1,1,4,2,3,1,1,2.31,0,0,FALSE
Female,Loyal Customer,57,Business Travel,Eco,649,4,4,4,4,4,1,3,4,4,4,4,5,3,3.69,27,17,TRUE
Male,Loyal Customer,22,Business Travel,Business,936,2,5,2,2,4,4,4,4,5,1,1,4,4,3.23,0,7,TRUE
Female,Loyal Customer,49,Personal Travel,Eco,484,3,4,3,3,3,5,4,4,4,3,4,5,3,3.69,0,0,FALSE
Female,Loyal Customer,31,Personal Travel,Eco,2279,1,5,1,2,3,1,3,3,5,3,5,3,3,2.92,0,0,FALSE
Male,Disloyal Customer,21,Business Travel,Eco,1444,5,4,4,1,5,1,1,4,4,5,4,1,1,3.08,1,2,TRUE
Female,Disloyal Customer,38,Business Travel,Business,1389,5,5,5,1,2,5,2,2,4,5,5,3,2,3.54,3,0,TRUE
Female,Loyal Customer,42,Business Travel,Business,1846,1,2,2,2,5,2,3,1,1,1,1,2,4,2.08,0,0,FALSE
Male,Loyal Customer,55,Business Travel,Business,1884,4,4,1,4,3,4,5,4,4,4,5,4,5,3.92,4,2,TRUE
Male,Disloyal Customer,26,Business Travel,Business,285,1,2,1,2,3,1,3,3,4,2,3,1,3,2.23,0,3,FALSE
Male,Loyal Customer,43,Business Travel,Business,2256,1,1,1,1,5,4,4,1,1,1,1,1,2,1.85,19,6,FALSE
Male,Loyal Customer,12,Personal Travel,Eco,2342,3,1,3,4,4,3,3,4,2,3,4,3,4,3.15,31,22,FALSE
Female,Loyal Customer,32,Business Travel,Eco,163,2,4,4,4,2,2,2,2,3,2,4,2,2,2.69,0,0,FALSE
Female,Loyal Customer,46,Business Travel,Business,2502,2,2,2,2,3,1,3,4,4,4,4,3,5,3,5,0,TRUE
Male,Loyal Customer,19,Business Travel,Eco,337,4,2,2,2,4,4,3,4,4,4,3,4,4,3.38,12,17,FALSE
Female,Loyal Customer,38,Business Travel,Business,261,2,2,5,2,4,5,3,4,4,4,4,3,3,3.46,0,0,TRUE
Female,Loyal Customer,52,Business Travel,Business,332,3,3,3,3,4,4,4,4,4,4,4,4,3,3.62,1,0,TRUE
Male,Disloyal Customer,47,Business Travel,Eco,707,1,1,1,4,3,1,3,3,1,1,3,1,3,2,16,9,FALSE
Male,Loyal Customer,19,Personal Travel,Eco,888,2,4,2,3,1,2,1,1,4,4,4,5,1,2.62,1,0,FALSE
Female,Loyal Customer,43,Personal Travel,Eco,301,3,4,3,3,5,4,5,4,4,3,2,4,5,3.77,0,0,FALSE
Female,Loyal Customer,23,Business Travel,Eco,130,2,1,1,1,2,2,2,2,3,1,3,1,2,1.77,8,26,FALSE
Male,Loyal Customer,45,Business Travel,Business,3052,1,1,5,1,3,5,4,3,3,3,3,5,3,3.08,0,0,TRUE
Female,Loyal Customer,58,Personal Travel,Eco,2405,5,2,5,4,2,3,4,3,3,5,3,2,2,3.31,10,0,TRUE
Male,Disloyal Customer,25,Business Travel,Eco,2585,3,3,3,4,3,3,3,3,2,5,4,3,3,3.23,0,0,FALSE
Female,Loyal Customer,68,Personal Travel,Eco,666,4,3,4,2,1,5,2,1,1,4,1,5,5,2.92,2,0,FALSE
Female,Loyal Customer,64,Business Travel,Business,3239,3,5,3,3,3,5,4,4,4,5,4,3,3,3.77,0,0,TRUE
Male,Loyal Customer,57,Business Travel,Business,2718,2,2,2,2,3,5,5,5,5,5,5,4,4,3.77,2,0,TRUE
Female,Loyal Customer,43,Business Travel,Business,362,4,4,4,4,4,4,3,4,4,3,4,3,3,3.69,47,45,FALSE
Male,Loyal Customer,28,Business Travel,Business,3545,2,2,2,2,5,4,5,5,2,1,5,3,5,3.31,45,51,TRUE
Male,Disloyal Customer,30,Business Travel,Eco,813,3,2,2,3,3,2,3,3,4,1,4,3,3,2.77,105,105,FALSE
Male,Loyal Customer,23,Business Travel,Business,1698,2,2,2,2,5,5,5,5,3,2,1,4,5,3.31,101,126,TRUE
Male,Disloyal Customer,37,Business Travel,Business,148,4,4,4,2,4,4,3,4,3,4,5,4,4,3.77,1,0,TRUE
Male,Loyal Customer,54,Business Travel,Business,544,2,2,2,2,5,5,5,4,4,4,4,4,5,3.69,0,0,TRUE
Female,Loyal Customer,40,Business Travel,Business,3011,5,5,5,5,4,5,5,5,5,4,5,5,4,4.77,9,56,TRUE
Male,Loyal Customer,47,Business Travel,Eco,783,5,2,2,2,5,5,5,5,4,1,1,4,5,3.54,0,0,TRUE
Female,Disloyal Customer,24,Business Travel,Business,255,5,0,5,1,3,5,4,3,5,3,4,4,3,3.46,0,0,TRUE
Female,Loyal Customer,25,Personal Travel,Eco,140,3,3,3,4,4,3,4,4,4,2,3,1,4,3.23,27,31,FALSE
Female,Loyal Customer,40,Business Travel,Eco Plus,809,4,2,4,2,4,4,4,4,4,3,2,4,4,3.46,118,100,TRUE
Female,Loyal Customer,38,Business Travel,Business,2472,5,5,3,5,3,4,4,5,5,5,5,3,5,4.38,0,0,TRUE
Female,Loyal Customer,45,Business Travel,Eco,175,3,1,1,1,1,1,5,3,3,3,3,3,1,2.23,0,0,TRUE
Female,Loyal Customer,29,Personal Travel,Eco Plus,331,2,5,2,2,3,2,3,3,5,3,5,3,3,3.15,0,0,FALSE
Female,Loyal Customer,42,Business Travel,Business,2243,5,5,4,5,4,5,4,2,2,2,2,3,5,3.69,18,18,TRUE
Female,Disloyal Customer,42,Business Travel,Eco,1874,3,3,3,3,3,3,3,3,5,3,3,2,3,3.08,0,5,FALSE
Male,Disloyal Customer,27,Business Travel,Eco,326,3,3,3,2,5,3,5,5,1,1,1,4,5,3.15,5,0,FALSE
Male,Disloyal Customer,38,Business Travel,Business,130,4,4,4,4,1,4,1,1,4,3,4,3,1,2.92,15,8,FALSE
Female,Loyal Customer,64,Personal Travel,Eco,1158,1,4,0,1,4,5,5,4,4,0,4,4,3,3,0,0,FALSE
Male,Loyal Customer,46,Business Travel,Business,2074,4,4,4,4,3,3,2,4,4,3,4,4,3,3.54,27,45,FALSE
Male,Loyal Customer,46,Business Travel,Business,1635,3,3,3,3,5,3,4,2,2,2,2,3,5,3.08,26,27,TRUE
Female,Loyal Customer,53,Business Travel,Business,1744,3,3,3,3,4,3,5,2,2,2,2,4,4,3.08,0,4,TRUE
Male,Loyal Customer,48,Personal Travel,Eco,1703,4,4,4,1,4,4,4,4,5,2,1,4,4,3.46,45,40,FALSE
Female,Loyal Customer,9,Personal Travel,Eco,883,4,5,3,1,1,3,1,1,4,4,3,3,1,2.62,28,19,FALSE
Male,Loyal Customer,39,Business Travel,Business,1979,3,3,3,3,3,5,4,4,4,4,4,3,3,3.54,0,0,TRUE
Male,Loyal Customer,16,Personal Travel,Eco,306,2,4,2,1,5,2,5,5,3,2,5,5,5,3.54,76,73,FALSE
Male,Loyal Customer,29,Personal Travel,Eco,992,2,4,2,3,5,2,5,5,4,3,5,4,5,3.77,0,10,FALSE
Female,Loyal Customer,41,Business Travel,Business,2077,2,2,2,2,5,3,5,5,5,5,5,3,3,3.62,0,0,TRUE
Male,Loyal Customer,51,Business Travel,Business,3304,2,2,2,2,5,5,5,5,5,5,5,4,5,4,0,0,TRUE
Female,Loyal Customer,42,Business Travel,Business,2274,2,2,2,2,3,2,2,5,5,5,5,3,3,3.15,0,0,TRUE
Male,Loyal Customer,51,Business Travel,Business,1084,5,5,5,5,3,5,4,4,4,4,4,5,4,4.38,0,0,TRUE
Female,Loyal Customer,50,Business Travel,Business,2335,5,5,5,5,4,5,5,4,4,5,4,5,3,4.54,0,0,TRUE
Male,Loyal Customer,48,Business Travel,Business,1851,1,2,1,1,2,5,5,4,4,4,4,5,4,3.23,0,0,TRUE
Male,Loyal Customer,50,Business Travel,Business,3960,4,4,4,4,3,5,4,5,5,5,4,4,5,4.31,0,1,TRUE
Male,Disloyal Customer,20,Business Travel,Eco,1269,2,2,2,4,3,2,3,3,3,3,3,3,3,2.77,0,0,FALSE
Female,Disloyal Customer,36,Business Travel,Eco,965,3,3,3,3,3,3,3,3,4,3,1,5,3,3.08,4,11,FALSE
Male,Disloyal Customer,10,Personal Travel,Eco,192,2,5,2,2,2,2,5,2,3,2,4,5,2,2.92,3,4,FALSE
Male,Loyal Customer,64,Personal Travel,Eco,1728,4,1,4,3,1,4,1,1,3,1,3,2,1,2.23,18,24,FALSE
Male,Loyal Customer,58,Personal Travel,Eco,541,2,2,2,3,1,2,1,1,4,4,4,3,1,2.31,4,0,FALSE
Female,Loyal Customer,55,Business Travel,Business,1440,2,2,2,2,5,4,5,5,5,5,5,5,3,3.85,0,0,TRUE
Female,Loyal Customer,64,Personal Travel,Eco Plus,213,2,0,2,1,5,5,5,5,5,2,5,5,5,3.62,0,6,FALSE
Male,Loyal Customer,52,Business Travel,Business,3496,5,5,5,5,3,4,5,5,5,5,5,4,3,4.54,0,0,TRUE
Male,Loyal Customer,10,Personal Travel,Eco,325,3,4,3,4,1,3,1,1,3,1,4,3,1,2.46,13,5,FALSE
Male,Disloyal Customer,7,Business Travel,Eco,491,4,2,4,4,5,4,5,5,4,2,3,3,5,3.85,22,11,FALSE
Female,Loyal Customer,43,Business Travel,Business,253,5,5,5,5,5,2,1,5,5,5,5,3,5,4.31,0,0,TRUE
Female,Loyal Customer,42,Business Travel,Eco,1010,5,4,4,4,1,2,3,5,5,5,5,1,2,3.54,0,0,TRUE
Female,Loyal Customer,16,Business Travel,Business,2899,5,5,5,5,4,4,4,3,5,5,5,4,4,4.46,220,212,TRUE
Male,Loyal Customer,51,Business Travel,Business,2093,1,1,1,1,3,4,4,4,4,5,4,5,3,3.08,0,0,TRUE
Male,Loyal Customer,35,Business Travel,Business,2295,1,5,1,5,1,1,2,1,1,1,1,1,2,1.77,18,14,FALSE
Male,Loyal Customer,47,Personal Travel,Eco,1749,3,5,3,2,5,3,5,5,3,1,5,1,5,3.54,0,3,FALSE
Female,Disloyal Customer,35,Business Travel,Business,668,2,2,2,2,5,2,5,5,4,5,5,4,5,3.69,0,0,FALSE
Female,Loyal Customer,13,Business Travel,Eco Plus,1384,4,5,5,5,4,1,4,3,1,4,3,4,4,3.62,141,126,FALSE
Male,Loyal Customer,24,Business Travel,Eco,326,0,3,0,4,3,0,3,3,5,2,3,3,3,2.46,1,0,TRUE
Male,Loyal Customer,34,Business Travel,Business,2627,1,1,1,1,3,4,1,5,5,5,5,5,4,3.15,0,0,TRUE
Male,Loyal Customer,51,Business Travel,Business,1644,2,2,2,2,4,5,5,5,5,5,5,4,5,3.92,9,0,TRUE
Male,Disloyal Customer,39,Business Travel,Eco,813,1,1,1,4,2,1,2,2,2,3,3,3,2,2.08,0,0,FALSE
Female,Disloyal Customer,35,Business Travel,Business,200,2,1,1,3,2,1,2,2,5,3,5,4,2,2.54,0,8,FALSE
Female,Loyal Customer,48,Business Travel,Business,304,2,2,4,2,4,5,4,5,5,5,5,4,3,3.85,33,27,TRUE
Male,Loyal Customer,44,Business Travel,Eco,373,5,1,1,1,5,5,5,5,2,1,2,5,5,3.31,0,0,TRUE
Female,Loyal Customer,66,Personal Travel,Eco,1097,4,3,4,3,4,4,5,3,3,4,3,5,2,3.62,0,0,FALSE
Male,Loyal Customer,26,Personal Travel,Eco,472,3,5,3,4,3,3,3,3,4,1,3,5,3,3.31,18,18,FALSE
Female,Loyal Customer,65,Personal Travel,Eco,745,3,5,4,4,1,2,5,3,3,4,1,4,5,3.38,0,0,FALSE
Female,Disloyal Customer,20,Business Travel,Eco,1394,2,1,1,4,2,4,4,3,5,2,4,4,4,3.08,0,3,FALSE
Male,Loyal Customer,30,Personal Travel,Eco,607,3,5,3,1,3,3,3,3,3,4,4,3,3,3.15,55,88,FALSE
Male,Loyal Customer,40,Business Travel,Eco Plus,67,4,4,5,5,4,4,4,4,2,1,1,4,4,3.54,0,4,TRUE
Male,Loyal Customer,45,Personal Travel,Eco,1294,3,5,3,5,2,3,2,2,3,3,4,3,2,3.08,11,4,FALSE
Male,Loyal Customer,58,Personal Travel,Eco Plus,1208,3,3,4,4,2,4,2,2,2,1,4,4,2,2.85,0,0,FALSE
Male,Disloyal Customer,37,Business Travel,Eco,107,2,2,2,3,2,1,4,3,3,3,4,4,4,2.85,232,241,FALSE
Female,Disloyal Customer,37,Business Travel,Business,235,4,4,4,3,4,4,4,4,5,3,5,4,4,4,0,30,FALSE
Male,Loyal Customer,25,Personal Travel,Eco,1009,0,5,0,4,5,0,5,5,5,3,5,3,5,3.46,0,0,TRUE
Female,Disloyal Customer,26,Business Travel,Eco,1303,2,2,2,4,3,2,3,3,2,2,3,2,3,2.54,0,0,FALSE
Female,Loyal Customer,27,Business Travel,Business,628,2,2,2,2,4,4,4,4,5,3,4,5,4,3.46,46,51,TRUE
Male,Loyal Customer,52,Personal Travel,Eco,1517,4,5,4,4,3,4,3,3,4,2,5,5,3,3.77,0,0,TRUE
Male,Loyal Customer,26,Business Travel,Business,2836,5,5,5,5,5,5,5,5,3,4,4,3,5,4.54,0,0,TRUE
Male,Loyal Customer,58,Business Travel,Business,1034,4,4,4,4,5,5,5,3,5,4,5,5,5,4.46,170,172,TRUE
Male,Loyal Customer,50,Business Travel,Business,2350,3,1,1,1,4,4,3,3,3,3,3,3,1,2.54,0,0,FALSE
Female,Disloyal Customer,11,Business Travel,Eco,529,4,3,4,4,4,4,4,4,4,5,4,4,4,4,15,15,FALSE
Male,Disloyal Customer,25,Business Travel,Business,483,0,4,0,4,5,0,5,5,4,4,5,5,5,3.54,0,0,TRUE
Male,Disloyal Customer,22,Business Travel,Eco,480,3,0,3,2,3,3,3,3,1,3,4,1,3,2.46,17,4,FALSE
Male,Loyal Customer,43,Personal Travel,Eco,2588,0,5,0,1,0,5,5,3,4,5,5,5,5,3.31,0,0,TRUE
Female,Loyal Customer,41,Business Travel,Business,3396,3,3,2,3,4,5,5,5,5,5,5,4,4,4.08,0,0,TRUE
Female,Disloyal Customer,40,Business Travel,Business,384,3,3,3,4,2,3,2,2,1,1,4,3,2,2.54,0,6,FALSE
Female,Loyal Customer,20,Business Travel,Business,1788,1,2,5,2,1,2,1,1,2,2,3,4,1,2.08,25,12,FALSE
Male,Loyal Customer,43,Business Travel,Business,1506,3,2,3,3,5,5,5,4,2,5,4,5,5,3.92,173,175,TRUE
Female,Loyal Customer,50,Business Travel,Eco Plus,427,4,5,5,5,5,4,1,4,4,4,4,4,1,3.85,38,23,TRUE
Female,Disloyal Customer,24,Business Travel,Eco,1042,3,3,3,4,1,3,1,1,3,5,3,2,1,2.54,0,0,FALSE
Male,Disloyal Customer,32,Business Travel,Business,157,3,3,3,3,2,3,2,2,5,2,4,3,2,2.85,0,0,FALSE
Male,Loyal Customer,47,Business Travel,Business,3349,3,3,5,3,5,5,4,4,4,4,4,5,3,4,0,0,TRUE
Female,Disloyal Customer,28,Business Travel,Eco,160,4,2,4,4,1,4,1,1,2,4,3,1,1,2.46,52,44,FALSE
Female,Loyal Customer,23,Business Travel,Business,1400,1,1,1,1,4,4,4,4,3,4,5,3,4,3,0,6,TRUE
Male,Loyal Customer,38,Business Travel,Business,2027,3,3,3,3,5,1,1,4,4,4,4,2,1,2.92,124,111,TRUE
Male,Loyal Customer,53,Business Travel,Business,1741,1,1,1,1,4,5,5,4,4,4,4,3,3,3.08,0,0,TRUE
Male,Loyal Customer,52,Business Travel,Business,3092,1,1,1,1,2,4,5,4,4,4,4,5,3,3,7,16,TRUE
Female,Disloyal Customer,20,Business Travel,Business,386,5,0,5,3,4,5,2,4,3,5,5,3,4,3.69,0,0,TRUE
Female,Loyal Customer,43,Business Travel,Business,2585,1,1,1,1,5,5,5,5,4,4,5,5,5,3.62,0,0,TRUE
Female,Loyal Customer,40,Business Travel,Business,304,0,0,0,3,3,5,5,1,1,1,1,4,4,2.15,0,0,TRUE
Male,Loyal Customer,43,Business Travel,Business,2835,4,3,4,4,5,5,5,4,4,4,4,3,4,4.08,0,0,TRUE
Male,Loyal Customer,34,Personal Travel,Eco,859,3,5,4,2,4,4,4,4,5,3,4,5,4,3.92,0,88,FALSE
Female,Loyal Customer,37,Business Travel,Business,3969,1,3,3,3,5,3,3,4,4,4,1,3,3,3.08,27,61,FALSE
Female,Loyal Customer,61,Business Travel,Business,2402,4,4,4,4,4,4,4,4,4,4,4,3,2,3.77,0,0,FALSE
Female,Loyal Customer,29,Personal Travel,Eco,925,0,5,0,2,1,0,1,1,5,1,3,5,1,1.92,0,3,TRUE
Female,Disloyal Customer,41,Business Travel,Business,369,4,4,4,3,3,4,3,3,2,5,5,5,3,3.69,0,0,TRUE
Female,Loyal Customer,28,Personal Travel,Eco Plus,867,4,4,4,4,5,4,5,5,4,3,5,4,5,4.31,30,13,FALSE
Female,Loyal Customer,58,Business Travel,Eco,515,2,3,3,3,1,2,3,2,2,2,2,2,2,2.23,5,27,FALSE
Male,Loyal Customer,50,Business Travel,Eco,964,1,1,1,1,1,1,1,1,4,2,4,2,1,1.62,93,99,FALSE
Male,Loyal Customer,46,Business Travel,Business,762,4,4,4,4,3,4,4,4,4,4,4,3,3,3.77,0,0,TRUE
Female,Loyal Customer,28,Business Travel,Business,1620,3,3,3,3,5,5,5,5,5,4,5,4,5,4.23,0,0,TRUE
Male,Loyal Customer,61,Personal Travel,Eco,731,5,5,5,2,1,5,1,1,1,2,5,3,1,2.85,0,0,TRUE
Female,Loyal Customer,27,Business Travel,Eco,1744,3,1,1,1,3,3,3,3,2,2,2,3,3,2.31,0,0,FALSE
Female,Loyal Customer,43,Personal Travel,Eco,109,4,3,4,3,2,4,3,3,3,4,5,4,2,3.38,0,0,FALSE
Male,Loyal Customer,34,Personal Travel,Eco,2457,2,4,2,4,2,1,2,4,2,4,4,2,2,2.69,0,0,FALSE
Male,Loyal Customer,56,Personal Travel,Eco,2615,2,4,2,4,2,3,5,3,3,4,5,5,5,3.62,0,1,FALSE
Male,Loyal Customer,69,Personal Travel,Eco,783,3,5,3,4,2,3,2,2,5,3,5,5,2,3.38,112,111,FALSE
Male,Loyal Customer,62,Personal Travel,Eco Plus,483,2,0,2,4,1,2,5,1,5,4,5,3,1,2.69,12,25,FALSE
Male,Loyal Customer,30,Business Travel,Business,2253,5,5,5,5,5,5,5,5,1,3,3,4,5,4.31,40,42,TRUE
Male,Disloyal Customer,25,Business Travel,Eco,1264,5,5,5,3,2,5,2,2,4,3,3,4,2,3.46,3,0,TRUE
Male,Loyal Customer,53,Business Travel,Business,2248,3,3,3,3,2,5,5,3,3,3,3,4,3,3.31,0,0,TRUE
Male,Loyal Customer,46,Business Travel,Business,480,2,2,2,2,2,5,4,4,4,4,4,4,3,3.23,94,76,TRUE
Male,Loyal Customer,48,Personal Travel,Eco,290,2,5,2,1,5,2,5,5,4,3,4,4,5,3.62,0,0,FALSE
Female,Loyal Customer,46,Business Travel,Business,544,4,4,4,4,4,4,4,4,4,4,4,5,5,4.15,0,6,TRUE
Female,Disloyal Customer,40,Business Travel,Business,666,4,4,4,4,2,4,2,2,5,3,4,5,2,3.46,0,0,TRUE
Male,Loyal Customer,39,Personal Travel,Eco,299,2,4,2,4,4,2,4,4,2,5,3,1,4,3.15,0,0,FALSE
Male,Disloyal Customer,22,Business Travel,Eco,748,4,4,4,3,3,4,3,3,2,5,3,4,3,3.46,0,0,TRUE
Female,Loyal Customer,35,Business Travel,Eco Plus,391,5,1,1,1,5,4,5,5,1,1,3,4,5,3.15,0,0,TRUE
Female,Loyal Customer,29,Personal Travel,Eco,612,2,4,2,2,4,2,4,4,1,3,5,3,4,3.08,0,5,FALSE
Female,Loyal Customer,33,Business Travel,Eco Plus,1598,1,5,4,4,1,2,1,1,3,1,3,3,1,2.31,0,0,FALSE
Male,Disloyal Customer,26,Business Travel,Eco,304,2,0,2,4,4,2,2,4,4,3,5,4,4,3.08,0,6,FALSE
Female,Loyal Customer,27,Personal Travel,Eco Plus,776,2,1,2,2,4,2,4,4,4,3,2,1,4,2.69,6,10,FALSE
Female,Disloyal Customer,24,Business Travel,Business,411,5,3,5,3,2,5,2,2,5,5,5,4,2,3.69,0,0,TRUE
Female,Loyal Customer,16,Personal Travel,Business,1325,5,4,5,3,5,4,4,5,5,4,5,4,4,4.38,243,226,TRUE
Male,Loyal Customer,47,Business Travel,Business,427,4,4,4,4,5,4,4,4,4,4,4,3,3,3.92,0,0,TRUE
Female,Loyal Customer,45,Personal Travel,Eco,531,1,3,1,3,3,4,2,2,2,1,2,1,4,2.23,0,0,FALSE
Female,Loyal Customer,39,Business Travel,Business,1582,3,3,2,3,2,5,4,2,2,2,2,3,4,2.85,0,0,TRUE
Male,Loyal Customer,35,Business Travel,Business,2392,2,3,5,3,5,3,3,2,2,2,2,4,3,3,0,0,FALSE
Female,Loyal Customer,23,Business Travel,Eco,399,4,2,2,2,4,4,1,4,2,3,1,1,4,2.62,0,0,FALSE
Male,Loyal Customer,35,Business Travel,Business,589,2,4,1,4,2,3,4,2,2,2,2,1,3,2.46,44,46,FALSE
Male,Loyal Customer,50,Business Travel,Business,993,2,2,2,2,3,4,4,4,4,4,4,5,5,3.46,0,0,TRUE
Female,Loyal Customer,40,Business Travel,Eco,192,2,5,5,5,2,2,2,2,4,2,4,4,2,3.15,7,0,FALSE
Male,Loyal Customer,45,Business Travel,Business,483,4,4,4,4,4,1,2,4,4,4,4,2,2,3.31,128,131,FALSE
Female,Loyal Customer,60,Business Travel,Business,1797,4,4,4,4,5,4,5,5,5,5,5,4,5,4.54,0,0,TRUE
Male,Loyal Customer,11,Personal Travel,Eco,1310,3,4,4,3,5,4,3,5,4,3,4,3,5,3.85,24,12,FALSE
Male,Disloyal Customer,38,Business Travel,Business,762,4,3,3,2,4,3,4,4,5,2,5,5,4,3.69,0,4,TRUE
Female,Disloyal Customer,26,Business Travel,Business,2475,3,3,3,1,4,3,1,4,3,4,5,4,4,3.23,0,0,FALSE
Female,Loyal Customer,17,Personal Travel,Eco,808,3,5,3,5,5,3,5,5,2,4,4,1,5,3.85,0,0,FALSE
Male,Loyal Customer,40,Business Travel,Business,1723,3,3,3,3,5,4,4,5,5,5,5,3,3,3.92,2,0,TRUE
Female,Loyal Customer,60,Business Travel,Eco,123,5,1,1,1,5,2,2,5,5,5,5,1,4,3.23,0,0,TRUE
Female,Loyal Customer,43,Business Travel,Business,2825,1,1,1,1,3,4,5,5,5,5,5,5,3,3.38,16,10,TRUE
Male,Loyal Customer,50,Business Travel,Business,3610,4,4,4,4,5,5,5,5,5,5,5,4,4,4.54,0,0,TRUE
Male,Loyal Customer,46,Business Travel,Eco,337,2,3,3,3,2,2,2,2,1,2,4,1,2,2.23,0,6,FALSE
Male,Loyal Customer,29,Business Travel,Business,1642,1,5,5,5,1,1,1,1,2,1,3,1,1,2.15,24,14,FALSE
Male,Disloyal Customer,23,Business Travel,Business,1041,4,4,4,1,2,4,2,2,4,5,5,4,2,3.31,15,1,TRUE
Male,Loyal Customer,17,Personal Travel,Eco,991,2,3,3,4,5,3,5,5,3,5,3,2,5,3.69,0,0,FALSE
Male,Disloyal Customer,65,Business Travel,Business,473,5,5,5,3,1,5,1,1,4,5,4,5,1,3.46,11,33,TRUE
Male,Disloyal Customer,47,Business Travel,Eco,608,4,1,3,3,1,3,4,1,4,1,3,2,1,2.38,83,45,FALSE
Male,Loyal Customer,34,Business Travel,Eco,455,4,1,1,1,4,4,4,4,3,3,1,2,4,2.77,0,0,TRUE
Male,Loyal Customer,64,Personal Travel,Eco,862,3,5,2,3,4,2,4,4,3,5,5,4,4,3.69,25,21,FALSE
Male,Loyal Customer,42,Business Travel,Business,3381,2,3,2,2,5,4,4,5,5,5,5,5,5,4,0,0,TRUE
Male,Loyal Customer,53,Personal Travel,Eco,972,3,4,3,2,2,3,2,2,3,3,4,3,2,2.77,0,0,FALSE
Male,Loyal Customer,38,Personal Travel,Eco Plus,834,4,4,3,3,4,3,4,4,5,1,3,2,4,3.38,92,100,FALSE
Female,Disloyal Customer,8,Business Travel,Eco,1107,4,4,4,3,5,4,5,5,3,3,4,3,5,4,18,5,FALSE
Male,Loyal Customer,31,Business Travel,Business,3561,1,1,5,1,5,5,5,5,3,3,3,1,5,3.31,0,4,TRUE
Male,Loyal Customer,41,Business Travel,Eco,606,1,4,4,4,1,1,1,1,1,4,4,2,1,2.23,18,2,FALSE
Male,Loyal Customer,32,Personal Travel,Eco Plus,1069,1,5,1,1,2,1,5,2,3,2,4,3,2,2.46,49,31,FALSE
Female,Loyal Customer,56,Business Travel,Business,1707,4,4,4,4,3,4,5,4,4,5,4,3,4,4,7,15,TRUE
Male,Disloyal Customer,19,Business Travel,Eco,501,3,3,3,4,3,3,3,3,4,5,4,4,3,3.46,0,0,FALSE
Male,Disloyal Customer,25,Business Travel,Business,541,2,5,1,3,4,1,3,4,4,5,5,4,4,3.46,0,0,FALSE
Female,Disloyal Customer,39,Business Travel,Business,421,1,1,1,1,4,1,4,4,1,4,4,4,4,2.62,0,0,FALSE
Male,Loyal Customer,9,Personal Travel,Eco,1390,2,3,2,3,2,2,2,3,3,4,4,2,2,2.62,270,260,FALSE
Female,Loyal Customer,39,Business Travel,Eco Plus,266,2,1,4,1,2,2,2,2,1,3,3,4,2,2.23,49,56,FALSE
Female,Loyal Customer,21,Business Travel,Business,1062,3,3,3,3,4,5,4,4,3,2,4,4,4,3.54,17,32,TRUE
Male,Loyal Customer,20,Personal Travel,Eco,992,3,4,3,3,3,3,3,3,4,5,4,4,3,3.46,0,7,FALSE
Male,Loyal Customer,55,Business Travel,Business,502,1,1,1,1,5,5,4,5,5,5,5,4,4,3.54,0,6,TRUE
Female,Disloyal Customer,69,Personal Travel,Eco,1334,5,4,5,3,4,5,4,4,5,4,4,3,4,4.15,4,0,TRUE
Female,Loyal Customer,25,Business Travel,Business,854,2,2,2,2,5,4,5,5,2,5,2,1,5,3.23,9,0,TRUE
Male,Loyal Customer,69,Business Travel,Business,173,1,3,3,3,1,2,2,3,3,3,1,4,1,2.31,0,0,FALSE
Female,Loyal Customer,67,Personal Travel,Eco,1033,3,5,3,4,2,4,5,2,2,3,5,3,5,3.54,37,22,FALSE
Male,Loyal Customer,33,Business Travel,Business,236,1,3,3,3,1,1,1,1,4,1,4,1,1,1.92,2,0,FALSE
Male,Loyal Customer,39,Business Travel,Business,1685,0,0,0,1,2,2,5,3,3,3,3,1,4,2.08,0,5,TRUE
Female,Loyal Customer,17,Personal Travel,Eco,647,2,2,2,4,2,2,2,2,2,1,3,4,2,2.31,6,0,FALSE
Female,Loyal Customer,39,Business Travel,Business,2088,2,2,2,2,5,5,5,4,4,4,4,5,5,3.77,10,0,TRUE
Female,Disloyal Customer,25,Business Travel,Eco,1576,3,3,3,3,1,3,1,1,3,2,4,1,1,2.23,0,0,FALSE
Male,Loyal Customer,32,Business Travel,Business,3802,0,0,0,1,5,5,5,5,3,2,5,4,5,3.08,90,86,TRUE
Female,Loyal Customer,23,Personal Travel,Eco Plus,101,4,4,4,4,5,4,5,5,3,2,4,4,5,4.08,0,0,FALSE
Female,Loyal Customer,46,Business Travel,Eco,650,1,5,5,5,2,4,3,2,2,1,2,3,1,2.77,0,0,FALSE
Female,Loyal Customer,50,Business Travel,Business,416,4,4,4,4,2,4,4,4,4,4,4,4,4,3.85,0,0,TRUE
Female,Loyal Customer,43,Business Travel,Eco Plus,223,2,1,1,1,4,1,1,2,2,2,2,3,1,1.77,28,20,FALSE
Male,Loyal Customer,35,Business Travel,Eco,1005,4,1,2,2,4,4,4,4,3,2,4,4,4,3.23,0,0,TRUE
Male,Loyal Customer,62,Personal Travel,Eco,834,4,3,4,3,2,4,3,2,2,4,3,4,2,3.08,110,92,FALSE
Female,Disloyal Customer,47,Business Travel,Eco,247,1,1,1,1,4,1,4,4,4,2,2,2,4,2.38,0,6,FALSE
Female,Disloyal Customer,13,Business Travel,Eco,986,2,1,1,3,1,1,1,1,3,3,4,3,1,1.92,2,26,FALSE
Female,Loyal Customer,68,Personal Travel,Eco,1635,1,5,1,1,3,4,5,2,2,1,5,3,3,2.77,0,0,FALSE
Female,Disloyal Customer,29,Business Travel,Eco Plus,868,2,2,2,4,3,2,3,3,3,4,3,2,3,2.77,0,0,FALSE
Male,Loyal Customer,57,Business Travel,Business,370,3,3,3,3,3,4,4,5,5,5,5,3,2,3.69,0,0,TRUE
Female,Loyal Customer,32,Personal Travel,Business,1237,3,5,3,1,4,3,5,4,4,3,3,4,4,3.54,8,1,FALSE
Male,Loyal Customer,55,Business Travel,Eco Plus,110,3,1,1,1,3,3,3,3,2,3,4,2,3,2.46,0,0,FALSE
Female,Loyal Customer,31,Business Travel,Business,749,1,1,5,1,5,5,5,5,4,5,4,5,5,3.92,11,11,TRUE
Male,Loyal Customer,7,Personal Travel,Eco,1154,3,4,3,2,3,3,3,3,5,2,5,3,3,3.23,0,0,FALSE
Female,Loyal Customer,59,Personal Travel,Eco,145,1,3,1,4,5,4,3,5,5,1,5,1,2,3.08,0,0,FALSE
Male,Loyal Customer,62,Personal Travel,Eco,581,2,4,2,1,2,2,2,2,5,2,4,4,2,2.62,0,0,FALSE
Male,Loyal Customer,33,Personal Travel,Eco,1197,3,4,3,5,4,3,3,4,5,3,4,4,4,3.77,0,0,FALSE
Female,Loyal Customer,30,Business Travel,Business,2450,3,3,3,3,2,2,2,2,3,3,3,2,2,2.54,2,0,TRUE
Female,Loyal Customer,30,Business Travel,Business,1966,3,4,4,4,3,3,3,3,4,1,3,4,3,3.23,0,5,FALSE
Male,Loyal Customer,41,Business Travel,Eco,493,3,3,3,3,3,3,3,3,3,4,4,4,3,3.23,0,0,TRUE
Male,Loyal Customer,60,Business Travel,Business,3664,1,3,3,3,1,3,3,1,1,1,1,4,3,2.15,0,3,FALSE
Female,Loyal Customer,60,Personal Travel,Eco,214,3,2,0,4,1,4,4,1,1,0,1,1,3,1.92,0,0,FALSE
Male,Disloyal Customer,15,Business Travel,Business,1039,0,0,0,3,5,0,5,5,4,5,4,4,5,3.08,4,0,TRUE
Female,Disloyal Customer,36,Business Travel,Eco,140,1,0,1,2,2,1,2,2,5,4,3,2,2,2.08,2,9,FALSE
Male,Loyal Customer,50,Business Travel,Business,1937,5,5,5,5,4,4,4,5,5,5,5,3,3,4.46,0,0,TRUE
Male,Disloyal Customer,22,Business Travel,Eco,434,3,1,3,2,1,3,1,1,4,3,1,3,1,2.08,5,6,FALSE
Male,Loyal Customer,39,Personal Travel,Eco,294,1,5,1,3,1,1,1,1,3,2,5,4,1,2.23,0,0,FALSE
Male,Loyal Customer,24,Personal Travel,Eco,473,3,1,3,3,1,3,1,1,3,5,4,2,1,2.38,0,26,FALSE
Female,Loyal Customer,51,Business Travel,Business,2818,5,5,5,5,2,5,5,4,4,4,4,3,5,4.31,6,0,TRUE
Male,Loyal Customer,49,Business Travel,Business,74,1,1,1,1,2,4,4,5,5,5,5,3,5,3.23,0,0,TRUE
Female,Loyal Customer,56,Business Travel,Business,3538,3,3,3,3,3,5,5,5,5,5,5,4,4,4.08,0,0,TRUE
Male,Loyal Customer,57,Business Travel,Eco,308,2,3,3,3,2,2,2,2,1,1,3,2,2,2.15,0,0,FALSE
Male,Loyal Customer,57,Business Travel,Eco,308,3,1,1,1,3,3,3,3,1,4,3,2,3,2.38,0,0,TRUE
Female,Loyal Customer,50,Business Travel,Business,2583,4,4,4,4,5,4,4,5,2,3,4,4,4,3.92,6,0,TRUE
Female,Loyal Customer,53,Business Travel,Business,1621,4,3,3,3,1,3,4,4,4,4,4,1,2,3.08,0,0,FALSE
Female,Loyal Customer,53,Personal Travel,Eco,251,2,5,0,3,3,5,5,5,5,0,5,4,3,3.46,5,0,FALSE
Female,Loyal Customer,41,Business Travel,Business,3247,5,5,5,5,2,5,5,4,4,4,4,3,3,4.15,0,0,TRUE
Male,Loyal Customer,42,Business Travel,Eco Plus,685,4,2,2,2,4,4,4,4,1,4,1,2,4,2.92,0,0,TRUE
Male,Loyal Customer,62,Personal Travel,Eco Plus,148,4,5,4,3,4,4,4,4,3,3,4,3,4,3.77,31,27,FALSE
Female,Loyal Customer,50,Business Travel,Business,860,2,5,5,5,5,4,3,2,2,2,2,2,4,3.31,0,0,FALSE
Female,Loyal Customer,54,Business Travel,Business,1565,3,3,3,3,3,5,5,5,5,5,5,5,4,4.15,4,19,TRUE
Male,Loyal Customer,49,Business Travel,Eco,224,4,2,2,2,5,4,5,5,4,5,1,1,5,3.46,3,0,TRUE
Female,Loyal Customer,60,Personal Travel,Eco,438,3,4,3,3,5,4,4,4,4,3,4,3,5,3.77,1,0,FALSE
Female,Loyal Customer,59,Business Travel,Business,1379,3,5,5,5,2,3,3,3,3,3,3,4,1,3.31,0,0,FALSE
Female,Disloyal Customer,24,Business Travel,Eco,303,0,4,0,2,3,0,3,3,2,2,2,4,3,2.15,0,0,TRUE
Male,Loyal Customer,60,Personal Travel,Eco Plus,67,1,5,1,3,5,1,5,5,5,3,4,5,5,3.69,25,16,FALSE
Male,Disloyal Customer,23,Business Travel,Eco,862,3,4,4,3,4,4,4,4,1,5,3,3,4,3.54,1,33,FALSE
Male,Loyal Customer,37,Personal Travel,Eco Plus,223,3,5,0,2,4,0,4,4,3,5,5,3,4,3.23,0,0,FALSE
Male,Loyal Customer,49,Business Travel,Business,569,2,2,2,2,2,5,4,4,4,4,4,3,4,3.23,0,0,TRUE
Male,Loyal Customer,62,Personal Travel,Eco,2475,3,2,2,3,1,2,1,1,3,2,3,3,1,2.08,0,0,FALSE
Male,Loyal Customer,56,Business Travel,Business,1835,2,3,3,3,2,3,2,2,2,2,2,2,1,2.23,0,33,FALSE
Female,Disloyal Customer,25,Business Travel,Eco,1444,3,3,3,3,4,3,4,4,1,4,4,4,4,3.38,0,0,FALSE
Female,Loyal Customer,49,Business Travel,Eco Plus,346,2,3,3,3,2,2,5,2,2,2,2,3,2,2.54,9,0,TRUE
Male,Loyal Customer,32,Personal Travel,Eco,1546,2,5,2,2,3,2,3,3,4,2,5,4,3,3.08,20,5,FALSE
Male,Loyal Customer,25,Business Travel,Eco,846,4,4,4,4,4,4,3,4,5,4,3,2,4,3.77,10,0,TRUE
Male,Loyal Customer,55,Business Travel,Eco,459,3,4,4,4,3,3,3,3,4,1,2,4,3,3.15,50,69,FALSE
Female,Loyal Customer,50,Business Travel,Business,2731,4,4,4,4,3,4,5,5,5,5,5,3,4,4.23,0,0,TRUE
Male,Loyal Customer,39,Business Travel,Business,2040,3,3,3,3,3,4,5,5,5,5,5,5,3,4,0,0,TRUE
Female,Loyal Customer,42,Business Travel,Business,1971,4,4,4,4,4,4,5,5,5,5,4,3,5,4.31,0,5,TRUE
Male,Loyal Customer,52,Business Travel,Business,3807,1,3,3,3,1,4,3,3,3,3,1,2,3,2.54,0,0,FALSE
Female,Loyal Customer,57,Business Travel,Business,2446,2,3,3,3,2,2,2,1,4,3,4,2,2,2.54,54,49,FALSE
Female,Disloyal Customer,34,Business Travel,Eco,1142,2,2,2,4,2,2,4,1,4,3,3,4,4,2.85,4,26,FALSE
Male,Disloyal Customer,22,Business Travel,Business,395,5,3,5,3,5,5,5,5,5,2,4,4,5,4.31,8,0,TRUE
Female,Loyal Customer,42,Business Travel,Business,160,2,2,5,2,3,4,5,5,5,5,5,3,4,3.85,0,0,TRUE
Female,Loyal Customer,61,Personal Travel,Eco,588,1,2,1,3,1,3,3,5,5,1,2,3,1,2.38,0,0,FALSE
Female,Loyal Customer,40,Business Travel,Business,937,2,2,2,2,4,3,2,2,2,2,2,3,3,2.38,0,0,TRUE
Female,Loyal Customer,55,Business Travel,Business,3275,2,1,3,1,3,3,4,2,2,2,2,4,2,2.38,0,0,FALSE
Male,Loyal Customer,66,Personal Travel,Eco,484,3,2,4,4,2,4,2,2,3,3,2,2,2,2.69,2,0,FALSE
Male,Disloyal Customer,26,Business Travel,Business,678,1,1,1,1,4,1,4,4,5,5,5,4,4,3.08,0,0,FALSE
Female,Disloyal Customer,43,Business Travel,Eco,358,2,5,1,1,5,1,5,5,1,4,2,4,5,3.15,0,45,FALSE
Female,Loyal Customer,24,Personal Travel,Eco,605,2,4,2,4,2,2,5,2,5,4,5,3,2,3.23,0,0,FALSE
Male,Loyal Customer,60,Business Travel,Business,594,4,4,4,4,3,4,4,5,5,5,5,3,4,4.15,7,27,TRUE
Female,Disloyal Customer,17,Business Travel,Eco,876,2,2,2,4,2,2,2,2,3,1,3,4,2,2.38,2,0,FALSE
Female,Disloyal Customer,22,Business Travel,Eco,1249,2,2,2,4,2,2,2,4,1,1,3,2,2,2.23,144,142,FALSE
Female,Loyal Customer,27,Personal Travel,Eco,992,3,4,3,4,4,3,4,4,4,5,4,3,4,3.77,0,0,FALSE
Female,Loyal Customer,43,Business Travel,Business,3967,3,4,4,4,1,4,3,3,3,3,3,4,4,3.31,0,2,FALSE
Male,Loyal Customer,46,Business Travel,Eco,764,5,4,4,4,5,5,5,5,4,1,4,4,5,4.23,39,58,TRUE
Male,Loyal Customer,40,Business Travel,Eco,588,5,1,1,1,5,5,5,5,1,4,3,3,5,3.38,0,0,TRUE
Male,Loyal Customer,68,Personal Travel,Eco,630,2,4,2,2,1,2,1,1,3,1,1,1,1,1.69,4,1,FALSE
Female,Loyal Customer,42,Business Travel,Eco,510,2,1,1,1,1,3,4,2,2,2,2,4,4,2.23,112,100,FALSE
Female,Loyal Customer,44,Business Travel,Business,3954,1,1,1,1,4,5,5,5,5,5,5,5,5,3.69,0,0,TRUE
Male,Loyal Customer,44,Personal Travel,Eco,528,1,3,1,5,1,1,1,1,2,1,5,5,1,2.15,20,8,FALSE
Male,Loyal Customer,29,Business Travel,Business,1963,5,5,5,5,4,4,4,4,4,3,5,3,4,4.23,0,0,TRUE
Male,Loyal Customer,50,Business Travel,Business,3548,2,2,2,2,5,4,4,5,5,5,5,4,3,3.69,0,0,TRUE
Female,Disloyal Customer,37,Business Travel,Eco,308,2,0,2,1,5,2,5,5,2,2,3,1,5,2.69,0,3,FALSE
Male,Disloyal Customer,33,Business Travel,Business,731,2,1,1,4,3,1,2,3,4,4,4,5,3,2.85,0,0,FALSE
Female,Loyal Customer,58,Business Travel,Eco Plus,229,4,5,5,5,4,4,1,4,4,4,4,1,4,3.77,63,75,TRUE
Female,Loyal Customer,26,Personal Travel,Eco,908,3,4,3,4,2,3,2,2,2,3,5,1,2,2.77,0,0,FALSE
Male,Loyal Customer,49,Business Travel,Business,2537,3,3,3,3,2,5,5,4,4,4,4,3,3,3.54,0,0,TRUE
Female,Loyal Customer,22,Business Travel,Eco,304,5,1,1,1,5,5,5,5,5,5,4,2,5,3.77,0,0,TRUE
Male,Loyal Customer,50,Business Travel,Business,189,0,5,0,1,5,5,4,3,3,3,3,4,5,3.15,56,61,TRUE
Male,Disloyal Customer,22,Business Travel,Business,447,0,1,0,2,2,0,2,2,3,2,4,3,2,1.77,0,0,TRUE
Female,Loyal Customer,41,Business Travel,Eco,373,5,2,2,2,5,5,5,5,2,5,4,3,5,3.85,0,0,TRUE
Female,Loyal Customer,11,Personal Travel,Business,1020,2,2,2,3,2,2,1,2,1,1,4,3,2,2.08,2,0,FALSE
Female,Loyal Customer,59,Business Travel,Eco,1562,5,1,1,1,1,4,1,5,5,5,5,1,4,3,35,27,TRUE
Female,Loyal Customer,41,Business Travel,Business,2139,3,3,3,3,2,5,5,4,4,5,4,5,4,3.85,19,23,TRUE
Female,Loyal Customer,56,Personal Travel,Eco,409,3,5,5,5,4,5,4,4,4,5,4,5,5,4.46,36,38,FALSE
Female,Loyal Customer,31,Business Travel,Business,2918,4,4,4,4,5,4,5,5,5,2,5,3,5,4.23,12,6,TRUE
Male,Loyal Customer,27,Business Travel,Business,3657,3,3,4,3,5,5,5,5,4,3,4,4,5,4.08,31,33,TRUE
Female,Disloyal Customer,56,Business Travel,Business,179,4,4,4,4,4,4,4,4,3,4,4,3,4,3.85,0,0,FALSE
Female,Loyal Customer,38,Business Travel,Business,2318,1,0,0,3,5,3,3,2,2,0,1,4,3,2.08,0,0,FALSE
Male,Loyal Customer,56,Personal Travel,Eco,220,3,3,3,1,2,3,2,2,1,3,5,3,2,2.54,29,22,FALSE
Female,Loyal Customer,56,Business Travel,Business,431,3,4,4,4,4,2,3,3,3,3,3,4,2,3.23,0,5,FALSE
Male,Disloyal Customer,25,Business Travel,Eco,495,4,5,4,4,3,4,3,3,3,3,3,4,3,3.54,0,0,FALSE
Female,Loyal Customer,47,Business Travel,Business,528,2,2,2,2,5,5,4,4,4,4,4,4,4,3.54,0,0,TRUE
Male,Loyal Customer,72,Business Travel,Eco Plus,1204,2,4,4,4,2,2,2,2,2,1,3,1,2,2.38,55,34,FALSE
Male,Loyal Customer,43,Business Travel,Business,1371,4,4,4,4,3,4,4,3,3,4,3,5,5,3.85,4,3,TRUE
Male,Loyal Customer,27,Personal Travel,Eco,391,2,5,2,5,1,2,1,1,3,4,5,4,1,2.77,1,0,FALSE
Male,Loyal Customer,39,Business Travel,Business,1724,0,3,0,1,1,2,3,4,4,4,4,3,4,2.54,0,0,TRUE
Female,Loyal Customer,11,Personal Travel,Eco,2378,2,4,2,1,3,2,3,3,4,2,4,5,3,2.92,0,0,FALSE
Male,Disloyal Customer,21,Business Travel,Eco,187,3,4,3,4,4,3,4,4,3,4,5,5,4,3.85,71,66,FALSE
Male,Loyal Customer,43,Business Travel,Eco Plus,1190,5,1,1,1,5,5,5,5,5,2,3,4,5,3.62,118,100,TRUE
Female,Loyal Customer,47,Business Travel,Business,3391,1,1,1,1,4,4,4,5,5,5,5,2,1,3,0,14,TRUE
Male,Loyal Customer,40,Personal Travel,Eco,733,1,2,1,3,3,1,3,3,4,5,3,4,3,2.77,0,0,FALSE
Female,Loyal Customer,52,Business Travel,Business,458,3,3,3,3,4,2,3,4,4,4,4,4,1,3.23,3,12,TRUE
Male,Disloyal Customer,38,Business Travel,Business,271,1,1,1,3,5,1,5,5,4,4,3,3,5,3.15,0,0,FALSE
Male,Loyal Customer,66,Business Travel,Business,2243,0,0,0,4,2,5,5,4,4,4,4,3,4,3,0,0,TRUE
Female,Loyal Customer,44,Business Travel,Business,1788,3,3,3,3,3,3,4,5,5,5,5,5,5,4,0,0,TRUE
Female,Loyal Customer,42,Personal Travel,Eco,468,2,4,2,1,1,2,5,1,1,2,1,2,3,2.08,0,0,FALSE
Male,Disloyal Customer,39,Business Travel,Business,689,1,1,1,3,3,1,3,3,3,5,4,3,3,2.62,1,0,FALSE
Female,Loyal Customer,55,Business Travel,Business,1849,3,3,3,3,5,4,5,3,3,3,3,4,5,3.62,0,0,TRUE
Female,Loyal Customer,8,Personal Travel,Eco Plus,794,2,4,2,4,5,2,5,5,4,2,4,4,5,3.69,11,7,FALSE
Female,Loyal Customer,50,Business Travel,Business,3455,0,5,0,4,2,5,5,4,4,4,4,3,3,3.31,0,0,TRUE
Female,Loyal Customer,58,Business Travel,Business,1958,1,1,1,1,2,1,1,5,5,5,5,4,5,2.85,13,18,TRUE
Female,Loyal Customer,41,Business Travel,Business,502,4,4,4,4,4,5,5,5,5,5,5,5,5,4.62,0,0,TRUE
Female,Loyal Customer,18,Personal Travel,Eco,447,2,3,2,3,3,2,3,3,4,5,3,1,3,2.85,0,0,FALSE
Male,Loyal Customer,30,Personal Travel,Eco,163,3,5,3,5,5,3,5,5,2,1,2,5,5,3.77,0,2,FALSE
Female,Loyal Customer,19,Personal Travel,Eco,601,2,4,2,2,1,2,1,1,3,2,4,3,1,2.15,46,39,FALSE
Male,Disloyal Customer,25,Business Travel,Business,403,2,5,2,5,4,2,4,4,3,2,4,5,4,3.54,20,1,FALSE
Male,Loyal Customer,58,Personal Travel,Eco,631,3,1,2,2,1,2,1,1,1,1,3,4,1,1.77,0,0,FALSE
Male,Loyal Customer,23,Business Travel,Business,1448,1,1,1,1,3,4,3,3,3,2,5,4,3,2.62,0,0,TRUE
Female,Loyal Customer,49,Personal Travel,Eco,1013,3,3,3,3,5,2,2,4,4,3,4,3,4,3.31,31,22,FALSE
Female,Loyal Customer,18,Personal Travel,Eco,581,3,5,3,3,2,3,2,2,5,3,4,3,2,3.08,56,56,FALSE
Female,Loyal Customer,26,Personal Travel,Eco,403,3,4,2,3,2,2,2,2,3,5,4,5,2,3,53,36,FALSE
Female,Loyal Customer,50,Business Travel,Eco,421,4,4,4,4,2,3,4,4,4,4,4,4,1,3.54,27,20,TRUE
Female,Loyal Customer,32,Business Travel,Business,3066,4,4,4,4,5,5,5,5,5,4,5,3,5,4.46,0,0,TRUE
Female,Loyal Customer,70,Business Travel,Eco,315,5,5,5,5,1,5,4,5,5,5,5,4,5,4.54,0,0,TRUE
Male,Loyal Customer,14,Personal Travel,Eco,377,3,5,3,2,1,3,1,1,4,5,4,5,1,2.92,0,0,FALSE
Male,Loyal Customer,56,Business Travel,Business,1886,1,1,1,1,4,5,4,5,5,5,5,4,5,3.54,0,0,TRUE
Female,Loyal Customer,70,Business Travel,Business,1810,3,5,5,5,5,4,3,5,5,4,3,4,3,4.15,0,12,FALSE
Male,Loyal Customer,22,Personal Travel,Eco,253,3,5,0,2,2,0,2,2,5,3,5,4,2,2.69,113,103,FALSE
Female,Loyal Customer,37,Business Travel,Eco,320,5,5,5,5,5,5,5,5,1,2,4,1,5,4.08,0,0,TRUE
Female,Loyal Customer,24,Business Travel,Business,1013,3,3,3,3,3,3,3,3,1,1,2,2,3,2.54,25,13,TRUE
Female,Loyal Customer,33,Personal Travel,Eco,2602,1,4,1,4,1,3,3,4,4,5,4,3,3,3.08,1,13,FALSE
Female,Loyal Customer,37,Personal Travel,Eco,761,2,5,2,3,3,2,4,3,4,5,4,4,3,3.38,2,0,FALSE
Male,Loyal Customer,70,Personal Travel,Eco,2173,1,5,1,3,4,1,4,4,4,5,4,5,4,3.46,30,55,FALSE
Male,Disloyal Customer,36,Business Travel,Eco,292,1,0,1,4,1,1,1,1,1,5,4,1,1,1.69,5,1,FALSE
Male,Loyal Customer,32,Personal Travel,Eco,612,1,5,1,4,4,1,4,4,5,2,5,2,4,3.23,67,93,FALSE
Female,Loyal Customer,8,Personal Travel,Eco,594,3,1,4,2,3,4,4,3,3,1,3,4,3,2.92,37,46,FALSE
Male,Loyal Customer,26,Business Travel,Eco,1085,4,5,2,5,4,3,3,4,3,5,4,1,4,3.62,94,86,FALSE
Female,Loyal Customer,51,Business Travel,Business,3993,1,1,1,1,4,5,4,4,4,4,4,3,4,3.08,8,0,TRUE
Male,Loyal Customer,47,Business Travel,Eco Plus,449,1,1,1,1,1,1,1,1,1,2,3,4,1,1.46,0,0,FALSE
Female,Loyal Customer,36,Personal Travel,Eco,226,2,5,2,4,2,2,2,2,3,3,4,4,2,2.85,0,0,FALSE
Male,Loyal Customer,25,Business Travel,Business,1947,3,4,5,5,3,2,3,3,3,3,4,4,3,3.46,0,0,FALSE
Male,Loyal Customer,51,Business Travel,Business,2248,1,1,1,1,3,4,5,5,5,5,5,5,5,3.54,1,8,TRUE
Female,Loyal Customer,49,Personal Travel,Eco,1023,1,4,1,4,1,2,2,2,2,1,2,3,3,2.15,0,0,FALSE
Male,Loyal Customer,44,Business Travel,Business,783,1,1,1,1,5,5,5,2,2,2,2,5,3,2.69,3,4,TRUE
Male,Loyal Customer,31,Business Travel,Business,1076,5,5,5,5,4,4,4,4,2,2,5,5,4,4.15,13,44,TRUE
Male,Loyal Customer,27,Business Travel,Business,3534,5,5,5,5,4,4,4,4,4,4,5,5,4,4.46,0,0,TRUE
Female,Disloyal Customer,27,Business Travel,Eco,589,2,0,2,2,3,2,3,3,4,2,2,3,3,2.38,0,0,FALSE
Male,Loyal Customer,52,Business Travel,Business,3885,2,2,2,2,2,5,5,5,5,5,5,5,4,3.77,0,0,TRUE
Male,Loyal Customer,55,Business Travel,Eco,667,1,1,1,1,1,1,1,1,4,1,3,4,1,1.62,25,27,FALSE
Female,Loyal Customer,64,Personal Travel,Eco,277,2,2,2,2,5,3,3,1,1,2,1,3,1,2.15,8,1,FALSE
Female,Loyal Customer,8,Personal Travel,Eco,354,3,2,3,4,3,3,3,3,2,4,4,1,3,2.92,0,0,FALSE
Female,Loyal Customer,37,Business Travel,Business,145,3,5,5,5,4,3,4,3,3,3,3,4,1,3.54,0,0,FALSE
Male,Loyal Customer,44,Personal Travel,Eco,547,3,5,3,3,1,3,1,1,1,4,1,2,1,2.23,28,31,FALSE
Male,Loyal Customer,41,Personal Travel,Eco,1182,3,5,3,4,2,3,2,2,5,3,5,5,2,3.38,0,0,FALSE
Female,Loyal Customer,37,Personal Travel,Eco,679,2,4,2,3,3,2,3,3,4,3,5,4,3,3.15,10,20,FALSE
Female,Loyal Customer,59,Personal Travel,Eco,1471,1,5,1,1,2,4,4,3,3,1,3,4,3,2.69,0,44,FALSE
Female,Loyal Customer,43,Personal Travel,Eco,372,4,0,4,3,4,4,4,4,4,4,4,3,4,3.54,0,0,FALSE
Female,Disloyal Customer,25,Business Travel,Business,1318,5,1,5,1,4,5,4,4,4,2,3,3,4,3.46,8,0,TRUE
Female,Loyal Customer,54,Business Travel,Business,737,4,4,4,4,3,5,4,5,5,5,5,5,3,4.31,0,3,TRUE
Male,Loyal Customer,58,Personal Travel,Eco,589,4,1,4,4,4,4,4,4,1,3,4,2,4,3.31,29,17,FALSE
Male,Loyal Customer,46,Business Travel,Eco,954,2,2,2,2,2,2,2,2,5,4,2,2,2,2.38,0,0,TRUE
Female,Loyal Customer,39,Business Travel,Eco,399,4,2,2,2,4,4,4,4,4,3,1,5,4,3.31,0,0,TRUE
Female,Loyal Customer,58,Business Travel,Business,2475,2,2,3,2,4,5,5,4,4,4,4,4,5,3.69,0,0,TRUE
Male,Loyal Customer,10,Business Travel,Eco,868,2,4,4,4,2,3,2,3,1,4,3,2,2,2.77,315,307,FALSE
Female,Loyal Customer,16,Business Travel,Business,3494,3,1,1,1,3,3,3,3,1,2,3,2,3,2.23,0,0,FALSE
Male,Loyal Customer,43,Business Travel,Business,488,4,4,4,4,5,1,1,4,4,4,4,3,4,3.54,0,0,TRUE
Female,Loyal Customer,63,Personal Travel,Eco,487,2,5,2,3,3,4,5,3,3,2,3,4,5,3.38,0,0,FALSE
Female,Loyal Customer,25,Personal Travel,Eco,588,1,3,1,1,4,1,4,4,1,2,1,3,4,2.31,0,0,FALSE
Male,Loyal Customer,47,Business Travel,Business,393,3,3,3,3,4,4,4,4,4,4,4,4,3,3.62,0,0,TRUE
Female,Loyal Customer,23,Business Travel,Business,190,1,1,1,1,2,1,2,4,2,3,3,2,2,1.92,158,156,FALSE
Female,Loyal Customer,58,Business Travel,Eco Plus,862,4,2,2,2,4,3,3,4,4,4,4,1,2,3,0,3,FALSE
Female,Loyal Customer,49,Personal Travel,Eco Plus,332,3,5,3,2,5,4,5,4,4,3,4,3,4,3.77,0,0,FALSE
Female,Loyal Customer,49,Business Travel,Business,3465,1,1,1,1,1,4,3,1,1,1,1,3,4,1.77,0,0,FALSE
Female,Loyal Customer,16,Personal Travel,Eco,337,2,4,3,2,3,3,1,3,4,5,2,5,3,3.08,2,0,FALSE
Male,Disloyal Customer,40,Business Travel,Eco,639,1,3,1,1,4,1,4,4,2,4,1,2,4,2.46,0,0,FALSE
Male,Loyal Customer,58,Business Travel,Eco,950,5,4,4,4,5,5,5,5,3,2,4,3,5,4.15,0,25,TRUE
Male,Loyal Customer,27,Personal Travel,Eco,689,3,2,3,4,3,3,3,3,4,2,4,2,3,3,0,0,FALSE
Female,Disloyal Customer,29,Business Travel,Business,589,4,4,4,3,4,4,4,4,4,5,3,1,4,3.69,6,2,FALSE
Male,Loyal Customer,43,Business Travel,Business,125,2,2,2,2,5,2,2,5,5,5,5,5,5,3.62,0,0,TRUE
Male,Loyal Customer,58,Business Travel,Business,2415,2,2,2,2,4,4,5,4,4,4,4,3,3,3.31,19,19,TRUE
Male,Loyal Customer,46,Business Travel,Eco,451,5,5,5,5,5,5,5,5,5,1,1,3,5,4.23,88,74,TRUE
Female,Loyal Customer,38,Business Travel,Business,1947,5,5,5,5,3,5,5,5,5,5,5,3,5,4.69,0,0,TRUE
Female,Loyal Customer,15,Personal Travel,Eco,2153,1,4,1,1,3,1,1,3,5,2,4,4,3,2.54,38,2,FALSE
Female,Loyal Customer,49,Business Travel,Eco,612,5,1,1,1,3,2,1,5,5,5,5,3,2,3,0,7,TRUE
Male,Loyal Customer,49,Business Travel,Business,163,2,1,5,1,4,2,3,3,3,3,2,1,4,2.62,0,0,FALSE
Female,Loyal Customer,42,Personal Travel,Eco,587,4,4,3,3,4,4,5,3,3,3,3,4,3,3.54,1,0,FALSE
Female,Loyal Customer,63,Business Travel,Eco Plus,1947,1,5,5,5,3,1,3,1,1,1,1,3,1,2.38,0,0,FALSE
Female,Loyal Customer,33,Personal Travel,Eco,546,3,4,4,4,5,4,5,5,1,5,3,1,5,3.77,80,76,FALSE
Female,Loyal Customer,55,Business Travel,Eco,1438,2,3,3,3,1,4,3,2,2,2,2,4,3,2.62,65,91,FALSE
Male,Loyal Customer,29,Personal Travel,Eco,1192,1,5,1,2,3,1,3,3,4,3,4,5,3,2.92,0,0,FALSE
Female,Loyal Customer,25,Personal Travel,Eco,594,3,3,3,3,4,3,1,4,4,1,2,1,4,2.77,0,9,FALSE
Male,Loyal Customer,45,Business Travel,Eco,170,4,5,5,5,4,4,4,4,3,1,3,3,4,3.77,0,0,TRUE
Male,Loyal Customer,70,Personal Travel,Eco,679,0,2,0,3,1,0,1,1,3,1,2,3,1,1.38,0,0,TRUE
Female,Disloyal Customer,25,Business Travel,Business,978,5,5,5,1,4,5,4,4,4,5,5,4,4,4.23,0,0,TRUE
Female,Loyal Customer,67,Personal Travel,Eco,143,3,1,3,4,2,3,3,2,2,3,2,3,2,2.54,64,109,FALSE
Male,Loyal Customer,45,Business Travel,Business,2337,1,1,1,1,4,4,5,4,4,4,4,3,3,3,1,10,TRUE
Female,Loyal Customer,39,Business Travel,Business,2358,2,2,2,2,5,5,4,2,2,2,2,5,4,3,1,4,TRUE
Male,Loyal Customer,41,Business Travel,Business,602,2,4,4,4,2,3,3,2,2,2,2,1,3,2.62,0,0,FALSE
Female,Loyal Customer,56,Business Travel,Business,189,0,5,0,4,5,4,4,5,5,5,5,5,4,3.92,111,109,TRUE
Male,Loyal Customer,11,Personal Travel,Eco,301,2,2,2,4,1,2,1,1,1,3,3,4,1,2.08,2,0,FALSE
Male,Loyal Customer,19,Business Travel,Business,528,4,5,5,5,4,4,4,4,3,4,4,2,4,4,0,0,FALSE
Female,Disloyal Customer,22,Business Travel,Eco,214,4,3,3,1,5,3,5,5,5,5,5,4,5,4.08,2,0,TRUE
Female,Disloyal Customer,27,Business Travel,Eco,163,3,3,3,2,2,3,2,2,5,1,1,2,2,2.38,0,0,FALSE
Female,Loyal Customer,29,Personal Travel,Eco,1024,5,5,5,1,4,5,4,4,3,2,4,3,4,3.77,26,22,TRUE
Female,Loyal Customer,34,Personal Travel,Eco,280,2,5,2,3,3,2,3,3,4,2,5,5,3,3.23,0,0,FALSE
Male,Loyal Customer,21,Personal Travel,Eco,605,2,4,2,4,1,2,1,1,3,4,4,5,1,2.62,32,33,FALSE
Female,Loyal Customer,51,Business Travel,Eco,833,1,2,2,2,3,3,3,1,1,1,1,3,4,2.08,0,0,FALSE
Female,Loyal Customer,52,Business Travel,Business,3895,4,4,4,4,4,4,4,4,4,4,4,4,3,3.92,24,5,TRUE
Male,Disloyal Customer,34,Business Travel,Business,304,1,0,0,1,2,0,2,2,5,5,4,5,2,2.23,74,77,FALSE
Male,Loyal Customer,40,Business Travel,Business,429,3,1,2,1,5,4,3,3,3,3,3,4,2,2.85,25,25,FALSE
Female,Loyal Customer,33,Business Travel,Eco Plus,874,2,1,1,1,2,2,2,2,2,1,3,3,2,1.85,0,9,FALSE
Male,Loyal Customer,26,Business Travel,Business,3434,0,4,0,5,1,1,1,1,4,2,4,4,1,2.15,0,0,TRUE
Female,Loyal Customer,56,Personal Travel,Eco,1972,4,2,4,3,5,3,3,3,3,4,3,3,2,3.23,0,0,FALSE
Female,Loyal Customer,28,Personal Travel,Eco,1085,2,5,2,3,4,2,3,4,4,4,5,3,4,3.46,17,51,FALSE
Male,Loyal Customer,53,Personal Travel,Eco,214,2,2,2,3,4,2,4,4,3,4,2,4,4,3.08,0,0,FALSE
Male,Loyal Customer,56,Personal Travel,Eco,378,3,4,3,4,1,3,1,1,3,3,4,3,1,2.62,34,33,FALSE
Male,Loyal Customer,23,Personal Travel,Eco,130,1,4,1,3,5,1,3,5,2,4,3,4,5,3.15,0,9,FALSE
Male,Loyal Customer,27,Business Travel,Eco,680,2,5,5,5,2,3,2,2,3,2,4,2,2,3,0,0,FALSE
Male,Loyal Customer,38,Business Travel,Eco,308,2,1,3,1,2,2,2,2,2,3,2,3,2,2.08,0,15,FALSE
Female,Loyal Customer,23,Personal Travel,Eco,1749,2,1,2,4,1,2,1,1,3,4,3,1,1,2,8,0,FALSE
Male,Loyal Customer,41,Personal Travel,Eco,337,2,5,5,3,3,5,3,3,3,3,4,3,3,3.46,66,65,FALSE
Male,Loyal Customer,31,Business Travel,Business,2342,1,1,1,1,4,4,4,4,3,2,4,3,4,2.77,8,11,TRUE
Female,Loyal Customer,42,Business Travel,Business,1346,5,5,5,5,5,4,5,5,5,5,5,5,3,4.77,2,0,TRUE
Female,Loyal Customer,52,Personal Travel,Eco,316,3,5,3,2,4,3,1,4,4,3,4,5,2,3.31,112,101,FALSE
Female,Loyal Customer,16,Business Travel,Eco,1056,5,3,3,3,5,4,5,5,5,3,5,2,5,4.08,0,0,TRUE
Male,Disloyal Customer,29,Business Travel,Business,224,3,3,3,4,3,3,3,3,5,3,5,2,3,3.31,0,3,FALSE
Female,Loyal Customer,35,Business Travel,Business,1834,5,5,5,5,5,4,4,5,5,5,5,5,5,4.85,10,0,TRUE
Male,Loyal Customer,29,Personal Travel,Eco,488,1,5,1,3,2,1,2,2,4,4,4,3,2,2.62,0,0,FALSE
Male,Disloyal Customer,21,Business Travel,Eco,534,3,5,3,3,3,3,3,3,3,2,4,3,3,3.15,26,34,FALSE
Male,Loyal Customer,38,Business Travel,Business,1642,1,3,3,3,1,1,1,4,4,2,2,1,1,2.08,156,155,FALSE
Female,Loyal Customer,48,Personal Travel,Eco,337,4,4,4,4,2,5,5,5,5,4,5,5,4,4.31,4,0,FALSE
Male,Loyal Customer,61,Personal Travel,Eco,333,2,4,2,2,5,2,5,5,3,3,4,4,5,3.54,4,1,FALSE
Female,Loyal Customer,52,Business Travel,Eco Plus,257,5,2,5,2,3,3,4,5,5,5,5,4,2,3.85,0,0,TRUE
Male,Loyal Customer,52,Personal Travel,Eco,733,3,5,3,3,1,3,1,1,4,4,3,4,1,2.77,13,2,FALSE
Male,Loyal Customer,33,Personal Travel,Eco Plus,262,3,1,3,3,3,3,3,3,4,2,3,1,3,2.69,4,16,FALSE
Male,Loyal Customer,39,Business Travel,Eco,420,4,2,2,2,4,4,4,4,2,4,4,4,4,3.38,9,2,FALSE
Female,Disloyal Customer,26,Business Travel,Eco,895,1,2,2,3,2,2,4,2,2,5,5,2,2,2.62,0,0,FALSE
Male,Loyal Customer,58,Business Travel,Business,158,2,2,2,2,2,4,4,1,1,1,2,3,2,2.15,0,0,FALSE
Male,Disloyal Customer,24,Business Travel,Eco,177,5,0,4,5,1,4,1,1,1,1,3,5,1,2.46,0,0,TRUE
Male,Loyal Customer,45,Business Travel,Business,2176,4,4,4,4,3,5,4,5,5,5,5,3,4,4.23,0,0,TRUE
Female,Loyal Customer,28,Personal Travel,Eco,1416,1,5,1,1,3,1,3,3,4,2,3,5,3,2.69,1,0,FALSE
Male,Loyal Customer,30,Business Travel,Business,390,4,4,4,4,5,5,5,5,5,2,5,4,5,4.38,10,11,TRUE
Male,Loyal Customer,34,Personal Travel,Eco Plus,153,1,3,1,3,3,1,3,3,2,3,4,3,3,2.54,0,0,FALSE
Male,Loyal Customer,49,Business Travel,Business,2538,4,4,4,4,2,1,3,3,3,5,3,2,5,3.31,0,4,TRUE
Female,Loyal Customer,58,Business Travel,Business,2342,5,5,5,5,5,3,4,5,5,5,5,4,3,4.54,0,0,TRUE
Male,Loyal Customer,41,Business Travel,Business,2285,4,4,4,4,1,4,3,5,5,5,5,3,1,3.69,0,1,TRUE
Female,Loyal Customer,58,Business Travel,Business,3944,0,0,0,4,4,4,5,1,1,1,1,3,4,2.15,0,0,TRUE
Female,Disloyal Customer,21,Business Travel,Business,185,0,5,0,5,3,0,3,3,5,4,4,4,3,3,0,0,TRUE
Female,Loyal Customer,27,Personal Travel,Business,1426,3,4,3,2,1,3,1,1,2,3,3,3,1,2.31,12,21,FALSE
Female,Loyal Customer,49,Business Travel,Eco,302,5,4,4,4,1,5,4,5,5,5,5,1,4,4,30,19,TRUE
Male,Loyal Customer,13,Personal Travel,Business,861,2,1,2,4,2,2,2,2,3,1,4,2,2,2.23,0,7,FALSE
Female,Loyal Customer,27,Business Travel,Business,347,3,3,3,3,4,4,4,4,3,5,4,3,4,3.62,43,38,TRUE
Male,Loyal Customer,28,Business Travel,Business,1680,4,4,4,4,5,5,5,5,4,1,5,5,5,4.31,0,14,TRUE
Male,Loyal Customer,17,Personal Travel,Business,160,1,5,1,4,1,1,2,1,3,4,4,3,1,2.38,0,0,FALSE
Female,Disloyal Customer,54,Business Travel,Eco,1209,2,2,2,3,4,2,4,4,4,4,3,3,4,3.15,0,2,FALSE
Male,Loyal Customer,59,Business Travel,Eco Plus,590,3,3,3,3,3,3,3,3,2,4,2,2,3,2.85,0,0,FALSE
Female,Disloyal Customer,24,Business Travel,Eco Plus,391,3,5,3,2,3,3,3,3,5,2,5,2,3,3.23,0,0,FALSE
Male,Loyal Customer,27,Business Travel,Business,2072,2,2,2,2,4,4,4,4,2,3,4,1,4,2.92,6,13,TRUE
Female,Loyal Customer,29,Business Travel,Eco Plus,737,4,2,2,2,4,4,4,4,3,2,1,4,4,3.08,0,0,TRUE
Male,Loyal Customer,40,Business Travel,Business,258,2,2,2,2,5,4,4,4,4,4,4,5,3,3.46,62,60,TRUE
Female,Loyal Customer,26,Personal Travel,Eco,1073,2,2,2,4,3,2,3,3,3,2,4,4,3,2.85,16,0,FALSE
Male,Loyal Customer,60,Business Travel,Business,1587,3,3,3,3,4,5,5,4,4,4,4,4,4,3.85,0,0,TRUE
Female,Loyal Customer,26,Business Travel,Business,4243,2,2,2,2,4,4,4,3,5,4,4,4,4,3.38,26,0,TRUE
Male,Loyal Customer,28,Business Travel,Business,1091,2,2,2,2,4,4,4,4,5,2,2,2,4,3,0,0,TRUE
Male,Loyal Customer,53,Personal Travel,Eco,2075,1,5,2,4,5,2,1,5,5,3,4,3,5,3.46,45,19,FALSE
Male,Loyal Customer,48,Personal Travel,Eco,284,2,5,3,4,5,3,5,5,3,3,2,1,5,3.54,0,0,FALSE
Female,Loyal Customer,46,Business Travel,Eco Plus,448,2,3,3,3,2,5,4,1,1,2,1,5,5,2.85,0,0,TRUE
Female,Loyal Customer,50,Business Travel,Business,1744,5,5,5,5,5,3,5,5,5,4,5,4,4,4.62,0,0,TRUE
Male,Disloyal Customer,27,Business Travel,Business,1089,2,2,2,1,1,2,1,1,4,5,4,5,1,2.38,0,7,FALSE
Female,Loyal Customer,55,Personal Travel,Eco,419,2,4,3,3,3,1,4,1,1,3,2,3,4,2.62,0,0,FALSE
Male,Loyal Customer,28,Business Travel,Business,1942,4,4,3,4,5,5,5,5,1,2,5,5,5,4.08,0,0,TRUE
Female,Disloyal Customer,56,Personal Travel,Eco,589,1,5,1,3,3,1,4,3,4,1,1,5,3,2.69,7,12,FALSE
Female,Loyal Customer,51,Business Travel,Business,2246,5,5,5,5,4,5,5,3,3,4,3,3,5,4.23,41,32,TRUE
Female,Loyal Customer,42,Business Travel,Business,1086,4,4,5,4,5,4,4,4,4,4,4,4,4,4.15,0,0,TRUE
Male,Disloyal Customer,21,Business Travel,Eco,594,1,5,1,2,3,1,3,3,4,4,4,4,3,2.92,0,0,FALSE
Female,Disloyal Customer,62,Business Travel,Eco Plus,316,4,4,4,4,4,4,4,4,2,1,4,2,4,3.46,0,0,FALSE
Female,Loyal Customer,42,Business Travel,Eco,899,3,5,5,5,3,1,3,3,3,3,3,5,5,3.62,0,0,TRUE
Male,Loyal Customer,8,Personal Travel,Eco,2106,2,2,2,4,3,2,3,3,2,5,4,1,3,2.77,7,32,FALSE
Female,Loyal Customer,35,Personal Travel,Eco,954,4,0,4,3,2,4,2,2,5,3,4,2,2,2.85,23,32,FALSE
Female,Loyal Customer,37,Business Travel,Business,258,2,2,2,2,5,3,1,4,4,4,4,2,1,2.77,0,0,TRUE
Male,Loyal Customer,69,Personal Travel,Business,337,3,2,3,3,5,2,3,1,1,3,1,2,3,2.46,14,0,FALSE
Male,Disloyal Customer,34,Business Travel,Eco,936,1,1,1,2,1,1,1,1,1,4,4,5,1,1.85,0,0,FALSE
Male,Loyal Customer,7,Personal Travel,Business,2521,4,2,4,3,4,1,1,4,3,3,3,1,1,2.62,0,0,FALSE
Female,Loyal Customer,20,Personal Travel,Eco,255,3,5,3,4,5,3,5,5,5,2,5,4,5,4.15,0,0,FALSE
Female,Loyal Customer,30,Business Travel,Business,630,2,2,2,2,2,2,2,2,5,4,5,5,2,2.85,0,13,TRUE
Female,Loyal Customer,57,Business Travel,Eco,837,2,1,1,1,2,3,4,2,2,2,2,4,3,2.23,7,1,FALSE
Female,Disloyal Customer,12,Business Travel,Eco,1269,3,3,3,4,4,3,4,4,4,4,4,1,4,3.46,18,19,FALSE
Male,Loyal Customer,57,Business Travel,Business,229,3,3,3,3,2,3,2,4,4,4,4,5,2,3.23,0,0,TRUE
Male,Loyal Customer,22,Business Travel,Eco,323,4,1,1,1,4,4,5,4,2,3,1,4,4,2.92,28,45,TRUE
Male,Loyal Customer,29,Business Travel,Business,588,3,3,3,3,5,5,5,5,5,5,4,3,5,4.15,0,0,TRUE
Male,Loyal Customer,43,Business Travel,Business,980,5,5,5,5,2,4,4,5,5,5,5,3,3,4.31,4,0,TRUE
Male,Disloyal Customer,24,Business Travel,Business,1138,4,4,4,4,5,4,4,5,3,2,4,4,5,4,0,0,TRUE
Female,Loyal Customer,52,Business Travel,Eco,594,4,4,4,4,3,2,4,4,4,4,4,4,5,3.85,2,0,TRUE
Female,Loyal Customer,52,Business Travel,Business,1927,1,1,1,1,3,3,4,4,4,4,4,3,4,2.85,3,0,TRUE
Male,Loyal Customer,60,Business Travel,Eco,224,3,5,5,5,3,3,3,3,3,3,3,1,3,3.31,0,0,FALSE
Male,Loyal Customer,45,Business Travel,Business,1968,5,5,5,5,4,5,4,3,3,3,3,5,3,4.08,0,0,TRUE
Male,Loyal Customer,41,Business Travel,Eco,317,4,5,5,5,5,4,5,5,2,4,3,1,5,4.08,0,0,TRUE
Male,Loyal Customer,23,Personal Travel,Eco,1460,2,4,2,4,1,2,1,1,4,2,4,4,1,2.46,0,17,FALSE
Female,Disloyal Customer,23,Business Travel,Eco,196,5,0,5,1,5,1,3,5,2,4,4,3,3,3.15,154,154,TRUE
Female,Loyal Customer,42,Personal Travel,Eco,135,4,0,4,4,5,4,5,2,2,4,2,3,3,3.23,0,0,FALSE
Male,Loyal Customer,35,Personal Travel,Eco,395,1,4,1,1,4,1,2,4,5,4,5,3,4,3,23,33,FALSE
Male,Loyal Customer,37,Personal Travel,Eco Plus,819,2,3,2,2,4,2,4,4,2,1,3,1,4,2.62,6,7,FALSE
Female,Loyal Customer,25,Business Travel,Business,2582,4,4,4,4,4,4,4,4,4,3,1,1,4,3.46,0,0,TRUE
Male,Loyal Customer,57,Business Travel,Business,651,1,4,5,4,4,1,2,1,1,1,1,3,2,2.31,0,0,FALSE
Male,Loyal Customer,51,Personal Travel,Eco,302,4,5,4,1,5,4,5,5,3,4,4,5,5,4.15,37,29,FALSE
Female,Loyal Customer,16,Personal Travel,Eco,447,3,5,3,2,3,3,3,3,4,2,5,4,3,3.31,19,15,FALSE
Male,Loyal Customer,46,Personal Travel,Eco Plus,289,3,4,3,3,3,3,3,3,5,4,4,4,3,3.46,0,0,FALSE
Female,Loyal Customer,9,Personal Travel,Business,253,2,5,2,4,3,2,1,3,3,2,3,1,3,2.62,0,0,FALSE
Female,Disloyal Customer,34,Business Travel,Eco,833,2,2,2,4,2,2,2,2,3,1,3,2,2,2.23,46,41,FALSE
Female,Disloyal Customer,37,Business Travel,Eco,399,1,3,1,4,2,1,2,2,2,4,3,2,2,2.23,0,0,FALSE
Female,Loyal Customer,54,Personal Travel,Eco,315,1,5,1,2,3,4,5,2,2,1,2,4,3,2.69,0,0,FALSE
Female,Loyal Customer,49,Personal Travel,Eco Plus,427,4,4,5,1,2,4,5,3,3,5,3,5,3,3.62,0,0,FALSE
Male,Disloyal Customer,39,Business Travel,Business,689,1,1,1,3,1,1,1,1,3,2,5,4,1,1.92,4,3,FALSE
Female,Loyal Customer,70,Personal Travel,Eco Plus,413,2,4,1,4,2,3,4,1,1,1,3,2,3,2.38,20,20,FALSE
Female,Loyal Customer,41,Business Travel,Business,2097,2,2,2,2,2,4,4,4,4,4,4,4,4,3.23,55,43,TRUE
Female,Loyal Customer,17,Business Travel,Eco,594,5,5,5,5,5,5,3,5,4,1,1,3,5,4,0,5,TRUE
Male,Disloyal Customer,21,Business Travel,Eco,101,1,2,1,4,1,1,1,1,2,5,4,4,1,2.15,0,0,FALSE
Female,Loyal Customer,53,Business Travel,Business,302,2,1,1,1,5,4,4,2,2,2,2,1,2,2.23,2,0,FALSE
Female,Loyal Customer,39,Business Travel,Business,1930,2,2,2,2,2,5,5,4,4,3,4,4,3,3.23,0,0,TRUE
Male,Loyal Customer,55,Business Travel,Business,2153,2,1,1,1,4,2,3,2,2,2,2,2,3,2.08,44,43,FALSE
Female,Loyal Customer,80,Business Travel,Eco,1064,4,3,4,4,4,5,2,4,4,4,4,4,5,3.92,0,0,TRUE
Female,Loyal Customer,46,Business Travel,Business,1235,5,5,5,5,3,4,5,3,3,3,3,5,4,4.08,0,0,TRUE
Female,Loyal Customer,18,Personal Travel,Eco,236,4,4,4,4,2,4,2,2,1,5,4,3,2,3.15,14,2,FALSE
Male,Disloyal Customer,25,Business Travel,Eco,569,3,2,3,2,3,3,3,3,4,1,3,4,3,2.85,0,0,FALSE
Female,Loyal Customer,34,Business Travel,Business,3169,2,3,3,3,3,3,3,2,2,2,2,4,4,2.77,1,0,FALSE
Female,Loyal Customer,15,Personal Travel,Business,1189,1,5,2,1,3,2,2,3,4,5,5,5,3,3.15,7,0,FALSE
Female,Loyal Customer,69,Personal Travel,Eco,419,1,4,1,3,1,1,4,4,2,3,4,4,4,2.77,150,147,FALSE
Female,Loyal Customer,47,Business Travel,Business,414,1,1,1,1,5,5,4,4,4,4,4,5,4,3.31,3,2,TRUE
Male,Loyal Customer,69,Personal Travel,Eco,700,3,5,3,2,5,3,5,5,4,4,2,5,5,3.92,0,0,FALSE
Male,Loyal Customer,57,Business Travel,Business,3902,1,1,1,1,5,5,5,5,5,5,5,4,3,3.54,55,53,TRUE
Male,Loyal Customer,59,Business Travel,Business,2511,1,1,1,1,5,4,5,4,4,5,4,4,4,3.31,0,1,TRUE
Male,Disloyal Customer,18,Business Travel,Eco,163,3,5,3,3,5,3,5,5,3,2,2,3,5,3.62,0,1,FALSE
Female,Loyal Customer,52,Business Travel,Eco,266,2,3,3,3,4,3,3,2,2,2,2,4,3,2.77,0,2,FALSE
Male,Loyal Customer,23,Business Travel,Business,694,1,1,1,1,1,1,1,1,1,2,4,1,1,1.31,1,11,FALSE
Male,Loyal Customer,47,Business Travel,Business,2770,0,0,0,3,2,4,4,4,4,4,4,4,5,2.92,0,0,TRUE
Female,Loyal Customer,18,Business Travel,Business,354,3,3,5,3,5,5,5,5,3,3,4,4,5,4.08,15,18,TRUE
Female,Loyal Customer,33,Business Travel,Business,3972,5,5,5,5,5,3,2,5,5,5,4,5,3,4.38,0,5,TRUE
Male,Loyal Customer,47,Business Travel,Business,3227,4,4,4,4,5,5,4,4,4,4,4,3,5,4.15,55,60,TRUE
Female,Loyal Customer,19,Business Travel,Eco,327,3,4,4,4,3,3,2,3,2,1,3,1,3,2.77,35,62,FALSE
Male,Loyal Customer,39,Business Travel,Business,3467,4,4,4,4,4,4,4,4,4,4,4,3,5,4,0,0,TRUE
Male,Loyal Customer,45,Business Travel,Business,919,2,2,2,2,3,4,5,4,4,4,4,3,4,3.31,0,13,TRUE
Male,Loyal Customer,19,Personal Travel,Eco,192,2,4,0,4,1,0,1,1,3,3,4,5,1,2.23,0,0,FALSE
Male,Loyal Customer,10,Personal Travel,Eco,980,2,4,3,3,4,3,4,4,2,4,4,4,4,3.46,0,0,FALSE
Female,Disloyal Customer,33,Business Travel,Eco,349,3,1,3,3,4,3,4,4,4,3,4,1,4,3.15,19,39,FALSE
Female,Loyal Customer,51,Personal Travel,Eco,261,3,1,3,4,3,3,4,2,5,4,4,4,4,3.38,228,217,FALSE
Male,Loyal Customer,25,Personal Travel,Eco,200,3,1,0,2,2,0,2,2,4,4,3,2,2,2.08,0,4,FALSE
Female,Loyal Customer,50,Business Travel,Eco Plus,1068,3,5,5,5,3,4,3,3,3,3,3,4,2,3.54,0,60,FALSE
Female,Loyal Customer,28,Business Travel,Business,2032,1,1,1,1,5,5,5,5,4,3,5,3,5,3.38,0,0,TRUE
Male,Loyal Customer,19,Personal Travel,Eco,102,3,4,3,3,1,3,1,1,4,5,3,3,1,2.69,0,0,FALSE
Female,Disloyal Customer,35,Business Travel,Business,723,3,4,4,5,1,4,1,1,3,3,4,3,1,2.85,0,0,FALSE
Male,Loyal Customer,14,Personal Travel,Eco,1127,4,4,4,2,5,4,3,5,5,2,5,4,5,4,0,3,TRUE
Female,Disloyal Customer,25,Business Travel,Business,393,4,0,4,2,4,4,2,4,5,2,4,5,4,3.38,1,0,TRUE
Female,Loyal Customer,59,Personal Travel,Eco,280,2,4,2,3,3,4,5,2,2,2,2,3,5,3,0,0,FALSE
Male,Loyal Customer,50,Personal Travel,Eco,1481,2,5,2,4,3,2,3,3,3,3,2,2,3,2.85,2,0,FALSE
Male,Loyal Customer,58,Personal Travel,Eco Plus,369,1,2,2,3,3,2,3,3,2,2,3,2,3,2.38,8,0,FALSE
Male,Loyal Customer,58,Business Travel,Eco,828,4,2,2,2,4,4,4,4,1,5,3,4,4,3.31,101,124,TRUE
Male,Disloyal Customer,19,Business Travel,Business,236,3,4,3,3,2,3,2,2,2,2,4,3,2,2.69,0,0,FALSE
Female,Loyal Customer,33,Business Travel,Business,372,2,2,2,2,5,1,4,5,5,5,5,2,5,3.46,55,48,TRUE
Female,Loyal Customer,43,Business Travel,Business,1444,4,4,4,4,4,4,4,4,4,4,4,5,3,4,0,0,TRUE
Female,Loyal Customer,46,Personal Travel,Eco Plus,1620,3,4,2,1,5,4,5,4,4,2,4,3,5,3.54,0,1,FALSE
Female,Loyal Customer,15,Business Travel,Business,3746,2,2,2,2,4,4,4,4,1,5,3,4,4,3.15,0,0,TRUE
Female,Loyal Customer,48,Business Travel,Business,2922,4,4,4,4,4,4,3,4,4,4,4,1,3,3.62,0,0,TRUE
Male,Loyal Customer,8,Personal Travel,Eco,1258,4,5,4,3,3,4,3,3,3,3,3,3,3,3.38,0,0,TRUE
Female,Disloyal Customer,20,Business Travel,Eco,473,4,2,4,3,3,4,3,3,2,2,3,4,3,3.08,0,0,FALSE
Female,Loyal Customer,17,Personal Travel,Eco,473,4,5,4,3,4,4,4,4,3,5,5,4,4,4.08,0,0,FALSE
Male,Loyal Customer,11,Business Travel,Business,2945,1,1,1,1,4,4,4,4,5,2,4,4,4,3,0,3,TRUE
Female,Loyal Customer,49,Business Travel,Business,1999,5,5,5,5,2,3,4,5,5,4,5,3,5,4.31,23,0,TRUE
Female,Loyal Customer,45,Business Travel,Business,2133,5,5,5,5,2,5,5,5,5,5,5,3,3,4.46,0,0,TRUE
Male,Disloyal Customer,33,Business Travel,Business,588,1,1,1,1,3,1,3,3,3,2,4,3,3,2.23,40,30,FALSE
Male,Loyal Customer,50,Business Travel,Business,3839,1,1,1,1,3,5,5,4,4,4,4,5,4,3.23,36,53,TRUE
Male,Loyal Customer,22,Personal Travel,Eco,933,3,5,3,4,3,3,3,3,3,4,5,5,3,3.62,0,0,FALSE
Male,Loyal Customer,57,Business Travel,Eco,177,5,2,4,4,5,5,5,5,4,4,5,4,5,4.38,0,0,TRUE
Female,Loyal Customer,46,Business Travel,Business,306,4,3,3,3,5,3,3,4,4,4,4,2,4,3.54,0,0,FALSE
Female,Loyal Customer,13,Personal Travel,Business,304,4,4,4,3,1,4,1,1,4,3,4,5,1,3,0,0,FALSE
Female,Disloyal Customer,80,Business Travel,Business,206,1,0,0,4,2,3,4,1,1,1,1,3,2,1.77,8,9,FALSE
Male,Loyal Customer,59,Business Travel,Business,361,4,4,4,4,4,5,4,5,5,5,5,5,5,4.54,0,0,TRUE
Female,Loyal Customer,20,Personal Travel,Eco,1620,3,2,3,3,2,3,5,2,3,3,4,4,2,3,0,0,FALSE
Female,Loyal Customer,30,Personal Travel,Eco,175,4,4,4,4,3,4,3,3,1,1,3,1,3,2.92,0,0,FALSE
Female,Loyal Customer,34,Business Travel,Business,1979,1,1,1,1,5,5,4,3,3,3,3,4,3,2.85,72,47,TRUE
Female,Loyal Customer,14,Personal Travel,Eco,391,1,1,1,3,3,1,3,3,4,2,4,4,3,2.54,0,0,FALSE
Male,Loyal Customer,39,Business Travel,Business,998,3,4,3,3,5,5,5,4,2,4,4,5,5,4,137,150,TRUE
Male,Disloyal Customer,26,Business Travel,Business,196,5,1,5,4,2,5,2,2,3,2,4,3,2,3.08,27,40,TRUE
Female,Loyal Customer,41,Business Travel,Business,3857,2,1,1,1,5,4,3,2,2,2,2,3,4,2.46,0,0,FALSE
Female,Disloyal Customer,33,Business Travel,Eco,109,3,0,2,5,5,2,5,5,1,3,3,5,5,3.38,0,0,FALSE
Female,Loyal Customer,36,Business Travel,Business,300,3,1,1,1,2,3,3,3,3,3,3,1,1,2.15,0,9,FALSE
Male,Disloyal Customer,28,Business Travel,Business,2342,3,3,3,4,3,3,3,3,3,5,5,4,3,3.46,0,0,FALSE
Female,Loyal Customer,58,Business Travel,Business,696,4,4,3,4,4,5,4,4,4,5,4,5,5,4.23,126,116,TRUE
Female,Loyal Customer,23,Business Travel,Business,721,1,1,1,1,3,5,3,3,5,1,4,3,3,2.62,45,39,TRUE
Female,Loyal Customer,36,Business Travel,Business,3979,2,2,2,2,3,3,2,2,2,2,2,1,2,2.08,6,0,FALSE
Male,Loyal Customer,44,Business Travel,Business,299,3,3,3,3,3,5,5,4,4,4,4,3,5,3.77,7,4,TRUE
Female,Disloyal Customer,42,Business Travel,Business,460,3,3,3,2,5,3,5,5,3,3,5,4,5,3.77,0,0,FALSE
Female,Disloyal Customer,18,Business Travel,Eco,1351,5,5,5,5,4,5,4,4,3,4,5,3,4,4.31,0,0,TRUE
Male,Loyal Customer,53,Personal Travel,Eco,1012,3,2,3,4,4,3,4,4,4,4,4,3,4,3.54,38,,FALSE
Female,Loyal Customer,69,Personal Travel,Eco,1068,4,5,4,3,3,4,5,3,3,4,3,4,3,3.69,7,1,TRUE
Female,Loyal Customer,47,Personal Travel,Eco,1956,2,4,2,1,4,5,4,3,3,2,3,3,3,3,0,0,FALSE
Male,Loyal Customer,40,Business Travel,Business,3523,4,2,2,2,2,3,3,4,4,4,4,3,4,3.15,0,0,FALSE
Male,Loyal Customer,35,Business Travel,Business,158,4,4,4,4,4,5,2,5,5,5,3,5,4,4.15,13,4,TRUE
Female,Loyal Customer,35,Business Travel,Business,134,2,1,1,1,3,2,3,3,1,2,2,3,3,2.08,161,171,FALSE
Male,Disloyal Customer,26,Business Travel,Business,594,0,0,0,5,2,0,1,2,5,3,4,4,2,2.15,0,0,TRUE
Male,Loyal Customer,24,Business Travel,Business,1893,2,2,2,2,5,5,5,5,5,1,4,3,5,3.54,0,0,TRUE
Male,Loyal Customer,51,Business Travel,Business,2131,4,4,4,4,5,5,3,5,5,5,5,3,3,4.23,0,0,TRUE
Female,Loyal Customer,27,Personal Travel,Eco,719,2,5,2,4,3,2,2,3,5,4,4,5,3,3.38,124,105,FALSE
Male,Loyal Customer,54,Business Travel,Business,1846,5,5,5,5,2,4,5,3,3,3,3,5,3,3.92,0,0,TRUE
Male,Loyal Customer,46,Business Travel,Business,474,3,2,2,2,4,4,4,3,3,3,3,4,2,3,0,0,FALSE
Female,Loyal Customer,70,Personal Travel,Eco Plus,764,3,5,3,4,2,5,5,1,1,3,1,3,3,3,26,22,FALSE
Male,Loyal Customer,64,Personal Travel,Eco,1751,1,4,1,3,1,1,1,1,2,5,3,2,1,2,4,5,FALSE
Male,Loyal Customer,59,Personal Travel,Eco,246,4,5,4,3,5,4,5,5,3,3,3,3,5,4,0,0,FALSE
Male,Loyal Customer,34,Business Travel,Business,3162,1,1,4,1,1,2,5,5,5,5,5,1,2,2.92,80,73,TRUE
Female,Loyal Customer,60,Personal Travel,Eco,589,2,4,2,2,3,5,5,5,5,2,5,3,4,3.62,54,84,FALSE
Male,Loyal Customer,57,Business Travel,Business,3132,2,1,1,1,4,3,3,3,3,3,2,1,2,2.23,19,15,FALSE
Male,Loyal Customer,47,Business Travel,Business,2486,4,4,4,4,3,5,4,5,5,5,5,5,5,4.46,0,0,TRUE
Male,Loyal Customer,29,Business Travel,Eco,1235,0,1,1,3,1,1,1,1,2,4,2,5,1,1.77,50,40,TRUE
Male,Loyal Customer,24,Business Travel,Business,2536,1,3,5,3,1,1,1,1,2,3,3,4,1,2.23,10,22,FALSE
Female,Loyal Customer,55,Business Travel,Business,1682,4,4,4,4,3,4,4,3,3,4,5,4,3,3.77,0,0,TRUE
Female,Loyal Customer,26,Personal Travel,Eco,2475,4,1,3,3,1,3,1,1,2,5,3,2,1,2.31,16,15,FALSE
Male,Loyal Customer,27,Business Travel,Business,2378,3,3,3,3,4,4,4,4,1,5,5,4,4,3.62,0,0,TRUE
Female,Loyal Customer,42,Business Travel,Business,3529,2,2,2,2,3,5,2,4,4,4,4,5,4,3.31,0,11,TRUE
Female,Loyal Customer,46,Business Travel,Business,2414,3,3,2,3,2,5,5,3,3,3,3,3,4,3.23,42,30,TRUE
Male,Loyal Customer,44,Business Travel,Business,316,1,1,1,1,5,5,4,4,4,4,4,4,4,3.23,0,0,TRUE
Male,Loyal Customer,63,Personal Travel,Eco,471,3,4,3,1,3,3,5,3,5,4,4,5,3,3.54,126,123,FALSE
Female,Loyal Customer,56,Business Travel,Business,2221,3,3,3,3,3,5,4,4,4,4,4,5,4,3.77,0,7,TRUE
Female,Loyal Customer,42,Personal Travel,Eco,694,2,5,2,2,4,4,4,1,1,2,1,4,5,2.85,27,0,FALSE
Female,Loyal Customer,31,Business Travel,Business,2908,2,2,2,2,4,4,4,4,4,3,5,4,4,3.38,0,0,TRUE
Female,Loyal Customer,58,Business Travel,Eco,1773,2,3,3,3,5,3,3,2,2,2,2,1,3,2.62,0,0,FALSE
Male,Loyal Customer,42,Business Travel,Eco,446,2,2,2,2,2,2,2,2,3,3,4,2,2,2.31,174,165,FALSE
Male,Loyal Customer,26,Personal Travel,Eco,349,3,3,3,3,1,3,1,1,1,1,3,3,1,2.08,0,0,FALSE
Male,Disloyal Customer,18,Business Travel,Eco,919,2,2,2,3,4,2,4,4,5,4,4,4,4,3.38,0,0,FALSE
Female,Disloyal Customer,22,Business Travel,Eco,1389,2,2,2,4,5,2,5,5,3,5,5,4,5,3.77,0,0,FALSE
Male,Loyal Customer,40,Business Travel,Business,2874,2,2,2,2,5,1,5,4,4,4,4,3,2,3.08,0,11,TRUE
Female,Loyal Customer,62,Personal Travel,Eco,632,4,4,4,2,2,4,5,2,2,4,2,3,4,3.23,0,0,FALSE
Female,Loyal Customer,59,Business Travel,Business,3553,2,2,2,2,5,2,2,3,3,4,3,5,2,2.85,18,29,TRUE
Male,Loyal Customer,48,Business Travel,Business,3020,5,5,5,5,5,3,1,5,5,5,5,3,1,4.08,54,41,TRUE
Male,Disloyal Customer,26,Business Travel,Business,719,5,5,5,2,4,5,2,4,4,4,5,5,4,4.15,0,56,TRUE
Male,Loyal Customer,43,Business Travel,Business,3221,1,1,1,1,3,5,5,4,4,4,4,5,5,3.31,0,39,TRUE
Female,Loyal Customer,30,Personal Travel,Eco Plus,108,3,4,3,3,4,3,1,4,5,3,5,3,4,3.46,0,39,FALSE
Female,Loyal Customer,31,Business Travel,Business,1549,2,2,2,2,4,4,4,4,5,2,5,3,4,3.31,0,0,TRUE
Male,Loyal Customer,63,Business Travel,Business,371,3,3,3,3,3,3,3,1,4,3,3,3,3,2.92,137,165,FALSE
Female,Loyal Customer,31,Business Travel,Business,3331,1,1,1,1,5,5,5,5,4,1,2,2,5,2.92,0,0,TRUE
Male,Disloyal Customer,30,Business Travel,Eco,759,1,1,1,1,4,1,4,4,5,2,4,2,4,2.62,0,0,FALSE
Female,Disloyal Customer,19,Business Travel,Eco,950,2,2,2,4,2,2,2,2,5,5,4,2,2,2.77,0,0,FALSE
Female,Loyal Customer,44,Personal Travel,Eco,501,4,2,4,4,4,4,4,2,2,4,2,2,4,3.23,0,0,FALSE
Female,Loyal Customer,63,Business Travel,Eco,224,3,2,2,2,1,1,2,3,3,3,3,4,4,2.54,5,6,TRUE
Male,Disloyal Customer,26,Business Travel,Business,235,1,0,1,2,5,1,5,5,4,2,5,3,5,3,0,5,FALSE
Male,Loyal Customer,33,Business Travel,Business,1819,3,2,2,2,3,3,3,3,3,4,2,1,3,2.62,0,0,FALSE
Male,Loyal Customer,44,Business Travel,Eco,692,5,2,2,2,5,5,5,5,4,2,2,2,5,3.54,0,0,TRUE
Female,Loyal Customer,37,Personal Travel,Eco,948,2,1,2,3,5,2,5,5,2,4,3,3,5,3.23,0,0,FALSE
Female,Loyal Customer,40,Personal Travel,Eco,480,1,4,1,3,3,1,2,3,5,2,1,5,3,2.62,5,0,FALSE
Male,Loyal Customer,17,Business Travel,Business,271,0,0,0,4,3,3,3,3,5,5,4,1,3,2.62,11,0,TRUE
Male,Loyal Customer,40,Business Travel,Business,991,4,2,2,2,4,2,2,4,4,3,4,1,2,2.77,22,27,FALSE
Female,Loyal Customer,30,Business Travel,Eco Plus,402,3,1,1,1,3,3,3,3,4,2,3,1,3,2.38,0,6,FALSE
Female,Loyal Customer,13,Personal Travel,Eco,2762,4,4,4,4,4,4,4,2,4,4,4,4,4,3.85,3,0,TRUE
Female,Loyal Customer,53,Personal Travel,Eco,448,2,4,2,2,5,4,5,1,1,2,1,4,3,2.77,0,0,FALSE
Female,Loyal Customer,46,Personal Travel,Eco,2173,4,4,4,3,2,4,4,2,2,4,2,4,5,3.38,12,0,FALSE
Female,Loyal Customer,46,Business Travel,Business,255,0,0,0,3,4,4,5,3,3,2,2,5,4,2.69,0,0,TRUE
Female,Loyal Customer,40,Business Travel,Business,3857,4,4,4,4,5,4,5,5,5,5,5,5,4,4.54,6,0,TRUE
Male,Loyal Customer,34,Business Travel,Business,1565,3,5,1,1,5,3,3,3,3,3,3,2,3,2.92,3,1,FALSE
Female,Loyal Customer,41,Business Travel,Eco,956,4,2,2,2,5,4,5,5,4,1,2,1,5,3.23,29,94,TRUE
Female,Loyal Customer,69,Personal Travel,Eco,177,4,5,4,3,4,4,5,2,2,4,2,3,5,3.62,0,0,FALSE
Female,Disloyal Customer,65,Business Travel,Eco,328,4,3,4,3,4,4,4,4,2,1,5,2,4,3.38,0,0,TRUE
Female,Loyal Customer,22,Personal Travel,Eco,1390,1,4,2,2,1,2,1,1,4,2,1,3,1,1.92,0,0,FALSE
Male,Loyal Customer,43,Personal Travel,Business,2521,5,2,5,2,5,1,1,3,4,1,3,1,1,2.62,60,51,TRUE
Female,Loyal Customer,40,Business Travel,Business,2708,3,3,3,3,4,5,5,5,5,5,5,4,4,4.15,5,0,TRUE
Female,Loyal Customer,49,Business Travel,Eco,160,4,1,1,1,4,4,2,3,3,4,3,2,2,2.62,0,0,TRUE
Male,Loyal Customer,23,Personal Travel,Eco,533,2,5,2,3,5,2,5,5,4,5,5,5,5,4.08,0,0,FALSE
Female,Loyal Customer,17,Business Travel,Business,844,4,4,4,4,5,5,5,5,4,2,3,5,5,4.23,103,83,TRUE
Male,Loyal Customer,42,Business Travel,Business,1807,4,4,4,4,4,4,4,5,5,5,5,3,5,4.31,53,20,TRUE
Male,Loyal Customer,10,Business Travel,Business,641,3,4,4,4,3,2,3,3,2,2,4,1,3,2.92,0,6,FALSE
Female,Loyal Customer,37,Business Travel,Business,1966,5,1,5,5,1,3,5,4,4,4,4,1,1,3.31,0,0,TRUE
Female,Disloyal Customer,15,Business Travel,Eco,448,2,4,2,4,2,2,2,2,2,1,5,5,2,2.69,1,0,FALSE
Male,Loyal Customer,47,Personal Travel,Eco,1874,4,2,4,4,5,4,5,5,4,3,3,3,5,3.92,11,39,FALSE
Female,Loyal Customer,27,Personal Travel,Eco,2036,2,4,2,1,3,2,3,3,5,5,5,5,3,3.31,0,0,FALSE
Male,Loyal Customer,33,Business Travel,Eco,483,4,4,4,4,4,4,4,4,3,1,3,4,4,3.62,313,336,TRUE
Female,Disloyal Customer,27,Business Travel,Eco,1076,1,1,1,2,2,1,2,2,3,3,3,3,2,2,44,44,FALSE
Female,Disloyal Customer,24,Business Travel,Eco,532,2,0,2,4,3,2,4,3,4,2,5,4,3,2.92,0,0,FALSE
Female,Loyal Customer,44,Business Travel,Business,337,0,0,0,2,3,4,4,5,5,5,5,4,3,3.08,0,0,TRUE
Male,Disloyal Customer,43,Business Travel,Business,2454,2,2,2,1,1,2,1,1,3,5,5,4,1,2.31,19,0,FALSE
Male,Loyal Customer,58,Business Travel,Business,3697,4,4,4,4,2,4,5,5,5,5,5,3,5,4.23,5,0,TRUE
Male,Loyal Customer,33,Business Travel,Business,337,1,1,1,1,5,5,5,5,2,3,1,5,5,3.08,0,0,TRUE
Female,Disloyal Customer,37,Business Travel,Eco,1036,4,4,4,3,1,4,1,1,1,4,5,5,1,2.92,5,17,FALSE
Female,Loyal Customer,39,Business Travel,Eco Plus,1721,4,4,4,4,4,4,4,4,4,3,3,2,4,3.69,0,0,TRUE
Male,Loyal Customer,59,Business Travel,Eco,1174,5,1,1,1,4,5,4,4,5,5,3,5,4,3.62,0,14,TRUE
Female,Loyal Customer,51,Business Travel,Business,3324,4,4,4,4,3,4,5,4,4,4,4,3,3,3.85,23,17,TRUE
Male,Loyal Customer,55,Personal Travel,Eco,628,3,5,3,2,3,3,3,3,5,2,2,1,3,2.92,0,0,FALSE
Female,Loyal Customer,39,Business Travel,Business,1123,5,5,5,5,5,4,5,5,5,5,5,4,5,4.85,0,0,TRUE
Female,Loyal Customer,9,Personal Travel,Eco,687,2,5,2,3,5,2,5,5,4,5,4,4,5,3.92,0,0,FALSE
Male,Loyal Customer,16,Personal Travel,Eco,1514,3,4,3,4,4,3,4,4,2,3,4,1,4,3.31,7,0,FALSE
Female,Loyal Customer,20,Personal Travel,Eco,926,3,5,3,4,3,1,1,5,4,5,5,1,1,3.15,136,124,FALSE
Male,Loyal Customer,32,Business Travel,Business,2072,5,5,5,5,2,2,2,5,2,5,4,2,2,3.54,160,155,TRUE
Male,Loyal Customer,29,Personal Travel,Eco,546,0,2,0,4,5,0,5,5,3,2,4,4,5,3,0,0,TRUE
Male,Loyal Customer,13,Personal Travel,Eco,1452,2,4,2,3,5,2,5,5,2,5,5,5,5,3.85,2,0,FALSE
Male,Loyal Customer,16,Personal Travel,Eco,945,3,1,3,3,2,3,2,2,3,1,3,1,2,2.23,46,59,FALSE
Female,Loyal Customer,33,Business Travel,Business,1262,3,3,2,3,4,4,4,5,3,5,5,4,4,3.77,232,219,TRUE
Male,Disloyal Customer,35,Business Travel,Eco Plus,1947,2,2,2,3,5,2,2,5,4,5,4,3,5,3.38,8,13,FALSE
Male,Loyal Customer,66,Business Travel,Eco Plus,192,2,2,4,2,2,2,2,2,2,5,3,1,2,2.38,53,42,FALSE
Male,Loyal Customer,69,Business Travel,Business,2274,2,5,4,5,2,2,3,2,2,2,2,2,3,2.77,0,0,FALSE
Female,Loyal Customer,59,Business Travel,Business,1444,1,1,1,1,2,5,4,5,5,5,5,3,4,3.23,11,15,TRUE
Female,Loyal Customer,29,Business Travel,Business,1853,3,3,3,3,3,5,3,3,2,1,3,3,3,2.92,0,0,TRUE
Female,Disloyal Customer,25,Business Travel,Eco,353,1,3,1,3,5,1,5,5,3,1,3,2,5,2.92,0,0,FALSE
Female,Loyal Customer,60,Personal Travel,Eco Plus,214,2,5,2,1,4,5,4,3,3,2,3,3,4,3.15,0,0,FALSE
Male,Loyal Customer,46,Personal Travel,Eco,687,4,4,4,4,2,4,2,2,3,3,5,5,2,3.38,22,12,FALSE
Female,Loyal Customer,43,Personal Travel,Eco Plus,1592,3,5,3,2,5,3,5,1,1,3,1,4,3,3,4,34,FALSE
Female,Loyal Customer,61,Personal Travel,Eco,719,2,5,1,3,1,2,2,4,4,1,4,2,4,2.69,0,0,FALSE
Male,Loyal Customer,60,Personal Travel,Eco,1609,3,5,3,4,3,3,3,3,4,5,4,5,3,3.69,80,82,FALSE
Male,Loyal Customer,41,Personal Travel,Eco,967,3,4,3,3,4,3,4,4,4,2,3,1,4,3.23,12,8,FALSE
Male,Loyal Customer,33,Business Travel,Business,3988,1,1,2,1,5,5,5,5,5,5,5,3,5,3.69,0,0,TRUE
Female,Loyal Customer,59,Personal Travel,Eco,868,4,4,4,2,4,5,5,1,1,4,1,2,3,3.08,7,0,TRUE
Male,Loyal Customer,58,Business Travel,Business,1885,2,2,2,2,4,5,5,4,4,4,4,5,3,3.54,0,0,TRUE
Female,Loyal Customer,11,Personal Travel,Eco,2378,2,5,2,5,1,2,4,1,5,4,5,5,1,3.23,0,0,FALSE
Female,Disloyal Customer,62,Business Travel,Business,449,4,4,4,1,2,4,2,2,3,5,5,4,2,3.23,2,1,FALSE
Male,Loyal Customer,65,Personal Travel,Eco,835,4,3,4,4,5,4,5,5,1,1,3,2,5,3.54,0,0,FALSE
Male,Loyal Customer,44,Personal Travel,Eco,601,1,4,1,5,4,1,4,4,1,1,1,1,4,2.46,1,0,FALSE
Female,Loyal Customer,45,Business Travel,Business,3597,4,4,4,4,3,4,5,2,2,2,2,3,4,3.31,22,11,TRUE
Female,Loyal Customer,55,Business Travel,Eco,1195,3,1,1,1,3,5,5,3,3,3,3,4,1,2.77,0,0,TRUE
Male,Loyal Customer,67,Personal Travel,Eco,507,2,5,2,3,1,2,1,1,3,5,5,5,1,2.77,38,37,FALSE
Female,Loyal Customer,22,Business Travel,Business,3152,1,4,4,4,1,1,1,1,4,3,3,1,1,2.23,46,46,FALSE
Male,Loyal Customer,55,Personal Travel,Eco,347,1,4,1,4,5,1,5,5,4,5,4,3,5,3.62,0,0,FALSE
Male,Loyal Customer,57,Business Travel,Business,3743,2,2,2,2,3,5,4,5,5,5,5,5,4,3.77,2,0,TRUE
Female,Loyal Customer,51,Business Travel,Eco,337,1,5,5,5,2,4,3,1,1,1,1,2,2,2.54,90,87,FALSE
Female,Loyal Customer,55,Personal Travel,Eco,957,3,5,3,2,2,5,4,3,3,3,3,3,4,3.31,41,39,FALSE
Female,Loyal Customer,50,Business Travel,Business,3710,4,4,4,4,3,4,3,4,4,4,4,1,4,3.62,0,0,FALSE
Female,Loyal Customer,36,Business Travel,Business,3964,2,2,2,2,5,4,4,5,5,5,5,5,3,3.77,0,1,TRUE
Male,Loyal Customer,26,Personal Travel,Eco,483,3,1,3,3,3,3,3,3,1,2,2,2,3,2.46,5,4,FALSE
Female,Loyal Customer,69,Personal Travel,Eco,427,2,4,2,4,5,3,4,1,1,2,1,2,1,2.46,0,0,FALSE
Female,Loyal Customer,66,Personal Travel,Eco,346,3,5,3,2,4,5,5,1,1,3,1,4,5,3.23,1,0,FALSE
Female,Loyal Customer,38,Business Travel,Business,1337,3,4,4,4,1,4,4,3,3,4,3,1,3,3.15,44,35,FALSE
Female,Disloyal Customer,40,Business Travel,Business,156,3,2,2,2,4,2,5,4,4,2,3,4,4,3.15,0,0,FALSE
Female,Loyal Customer,51,Business Travel,Business,2486,4,4,5,4,4,4,5,4,4,4,4,4,5,4.23,0,0,TRUE
Female,Disloyal Customer,23,Business Travel,Eco,164,3,1,3,2,2,3,2,2,2,1,2,1,2,2,36,40,FALSE
Male,Loyal Customer,7,Personal Travel,Eco,2677,4,1,4,3,4,3,4,4,1,3,3,4,4,3.23,0,0,FALSE
Female,Disloyal Customer,39,Business Travel,Business,590,3,3,3,2,5,3,3,5,3,5,5,3,5,3.69,0,3,FALSE
Male,Disloyal Customer,30,Business Travel,Eco,843,4,4,4,3,4,3,3,3,5,3,2,3,3,3.38,149,116,FALSE
Female,Disloyal Customer,25,Business Travel,Eco,545,4,2,4,3,2,4,2,2,2,2,4,4,2,2.85,0,5,FALSE
Female,Disloyal Customer,26,Business Travel,Eco,459,4,4,5,4,5,2,4,2,3,2,4,4,4,3.62,412,459,TRUE
Female,Loyal Customer,50,Personal Travel,Eco,1460,1,5,1,1,3,5,5,2,2,1,2,4,3,2.69,21,0,FALSE
Male,Loyal Customer,52,Business Travel,Business,3448,1,1,1,1,5,5,5,5,5,5,5,5,5,3.77,2,0,TRUE
Male,Loyal Customer,51,Business Travel,Business,3466,2,2,2,2,3,4,4,4,4,4,4,3,5,3.31,30,31,TRUE
Male,Loyal Customer,39,Business Travel,Business,1180,5,5,5,5,2,4,4,5,5,5,5,4,3,4.38,14,2,TRUE
Female,Loyal Customer,24,Business Travel,Business,3931,3,3,3,3,3,4,3,3,1,3,5,4,3,3.15,0,0,TRUE
Female,Loyal Customer,42,Business Travel,Business,2381,0,0,0,2,4,4,4,2,2,2,2,3,5,2.31,0,0,TRUE
Male,Loyal Customer,54,Business Travel,Eco,366,3,4,4,4,3,3,3,3,1,2,4,3,3,3.08,0,0,FALSE
Female,Disloyal Customer,26,Business Travel,Business,251,1,5,1,4,5,1,3,5,3,2,4,5,5,3.38,5,4,FALSE
Female,Loyal Customer,29,Personal Travel,Eco,602,3,4,3,4,2,3,2,2,3,2,5,4,2,3,7,10,FALSE
Male,Loyal Customer,45,Business Travel,Business,488,3,3,3,3,4,2,2,5,5,5,5,2,5,3.62,70,89,TRUE
Male,Loyal Customer,45,Business Travel,Business,2788,0,0,0,1,2,5,4,2,2,2,2,3,5,2.15,39,33,TRUE
Female,Loyal Customer,62,Personal Travel,Eco,577,3,5,3,3,3,4,4,2,2,3,4,3,3,3.23,9,13,FALSE
Male,Disloyal Customer,20,Business Travel,Eco,846,3,3,3,2,2,3,2,2,1,4,2,1,2,2.31,15,41,FALSE
Male,Loyal Customer,48,Personal Travel,Eco,787,2,4,2,3,3,2,3,3,3,3,4,5,3,3.08,8,11,FALSE
Female,Loyal Customer,52,Business Travel,Business,296,3,3,4,3,4,5,5,5,5,5,5,3,4,4.15,25,23,TRUE
Male,Loyal Customer,25,Personal Travel,Eco,1747,4,1,4,3,1,4,1,1,3,1,2,1,1,2.08,0,0,FALSE
Female,Loyal Customer,59,Business Travel,Business,2490,5,5,5,5,5,4,4,4,4,4,4,3,5,4.38,64,53,TRUE
Male,Loyal Customer,25,Business Travel,Business,2701,2,2,2,2,3,3,3,3,5,5,4,2,3,3,0,0,TRUE
Male,Loyal Customer,62,Personal Travel,Eco,192,2,2,2,4,1,2,1,1,2,2,3,3,1,2,0,0,FALSE
Female,Loyal Customer,18,Business Travel,Business,2611,3,3,1,3,4,4,4,4,5,3,3,3,4,3.38,0,0,TRUE
Male,Loyal Customer,39,Business Travel,Eco,422,4,2,2,2,4,4,4,4,1,3,5,3,4,3.23,0,0,TRUE
Male,Loyal Customer,39,Business Travel,Business,306,3,2,3,2,5,4,4,3,3,3,3,4,2,3.15,42,28,FALSE
Female,Loyal Customer,67,Personal Travel,Eco,296,2,4,5,2,4,5,5,2,2,5,2,5,4,3.62,40,49,FALSE
Male,Disloyal Customer,25,Business Travel,Business,591,5,5,5,2,5,5,5,5,5,3,4,3,5,4.38,1,0,TRUE
Male,Loyal Customer,62,Business Travel,Business,1475,4,2,2,2,4,3,2,4,4,4,4,2,4,3.15,0,15,FALSE
Female,Loyal Customer,50,Personal Travel,Eco,448,1,4,5,3,4,5,4,5,5,5,5,4,3,4.08,69,54,FALSE
Female,Disloyal Customer,64,Business Travel,Business,312,4,4,4,4,4,4,4,4,4,3,4,3,4,3.85,0,0,TRUE
Female,Loyal Customer,67,Personal Travel,Eco,1947,1,4,1,3,4,4,5,1,1,1,1,3,4,2.54,0,0,FALSE
Female,Loyal Customer,49,Business Travel,Business,3235,4,4,4,4,5,4,4,3,3,4,3,4,3,3.77,0,0,TRUE
Male,Loyal Customer,47,Business Travel,Business,2432,2,2,2,2,2,4,3,2,2,2,2,3,4,2.46,0,0,FALSE
Female,Loyal Customer,32,Business Travel,Business,1303,5,5,5,5,5,5,5,5,5,2,4,4,5,4.62,0,0,TRUE
Male,Disloyal Customer,64,Business Travel,Eco,315,4,3,4,4,5,4,4,5,4,5,3,2,5,4,0,24,FALSE
Female,Loyal Customer,57,Business Travel,Business,2183,2,2,4,2,2,4,5,4,4,4,5,3,5,3.54,16,11,TRUE
Female,Disloyal Customer,17,Business Travel,Eco Plus,258,1,0,1,4,4,1,4,4,2,2,4,4,4,2.69,0,0,FALSE
Male,Disloyal Customer,24,Business Travel,Eco,761,3,3,3,5,1,3,1,1,4,3,4,3,1,2.69,7,12,FALSE
Female,Loyal Customer,21,Personal Travel,Eco,937,4,4,4,2,4,4,4,2,2,3,3,4,4,3.38,185,175,FALSE
Female,Loyal Customer,56,Personal Travel,Eco,1157,3,4,3,3,4,5,5,1,1,3,1,5,3,3.15,0,0,FALSE
Male,Loyal Customer,25,Business Travel,Business,1747,1,1,1,1,4,4,4,4,5,3,4,5,4,3.15,0,2,TRUE
Female,Loyal Customer,14,Personal Travel,Eco,308,4,4,4,2,2,4,2,2,3,2,4,4,2,3,2,0,FALSE
Male,Loyal Customer,64,Personal Travel,Eco,214,4,3,4,4,5,4,5,5,3,1,3,1,5,3.62,0,4,FALSE
Male,Loyal Customer,34,Business Travel,Business,2164,4,4,4,4,1,1,2,2,2,2,2,1,4,2.54,0,6,TRUE
Male,Loyal Customer,10,Business Travel,Business,1024,2,2,2,2,4,4,4,4,1,2,4,1,4,2.77,0,0,TRUE
Female,Loyal Customer,56,Personal Travel,Eco,1670,2,3,2,3,3,3,4,4,4,2,4,1,2,2.85,1,0,FALSE
Female,Disloyal Customer,26,Business Travel,Business,386,5,4,5,5,1,5,1,1,3,3,4,4,1,3.23,5,4,TRUE
Male,Loyal Customer,42,Personal Travel,Eco,224,3,4,0,2,2,0,2,2,3,5,4,5,2,2.62,0,0,FALSE
Female,Disloyal Customer,34,Business Travel,Eco,458,2,3,2,4,5,2,5,5,4,4,4,2,5,3.62,35,31,FALSE
Female,Loyal Customer,55,Business Travel,Business,895,5,5,5,5,3,4,4,5,5,5,5,5,4,4.62,0,0,TRUE
Female,Loyal Customer,52,Personal Travel,Eco,1390,1,4,1,1,2,4,2,3,3,1,3,5,1,2.38,0,0,FALSE
Female,Loyal Customer,51,Personal Travel,Eco,409,3,5,3,3,3,5,5,3,3,3,5,5,4,3.85,70,68,FALSE
Male,Disloyal Customer,25,Business Travel,Eco,320,2,5,2,4,2,2,2,2,4,4,5,5,2,3.15,0,0,FALSE
Male,Loyal Customer,55,Business Travel,Business,2607,5,5,5,5,4,4,4,1,5,3,1,4,4,3.85,0,0,TRUE
Female,Loyal Customer,35,Personal Travel,Eco,1197,4,4,4,4,2,4,2,2,4,2,4,5,2,3.31,0,0,FALSE
Female,Disloyal Customer,55,Business Travel,Eco,468,4,0,4,2,1,4,1,1,5,1,5,4,1,2.54,0,0,FALSE
Male,Loyal Customer,11,Business Travel,Business,622,2,5,5,5,2,1,2,2,1,4,3,4,2,2.92,21,19,FALSE
Female,Loyal Customer,21,Personal Travel,Eco,588,1,5,1,2,4,1,4,4,4,1,1,4,4,2.77,0,0,FALSE
Male,Loyal Customer,63,Business Travel,Eco Plus,236,5,2,2,2,5,5,5,5,2,1,4,5,5,3.69,0,0,TRUE
Male,Disloyal Customer,28,Business Travel,Business,405,5,5,5,1,3,5,3,3,5,4,5,3,3,3.85,14,11,TRUE
Male,Loyal Customer,49,Personal Travel,Eco,160,1,1,1,3,5,1,5,5,2,3,3,1,5,2.77,4,6,FALSE
Male,Loyal Customer,54,Personal Travel,Eco,349,1,5,1,2,4,1,4,4,3,3,5,3,4,3.08,0,0,FALSE
Male,Loyal Customer,39,Personal Travel,Eco,936,3,2,3,4,5,3,5,5,3,5,4,2,5,3.77,0,8,FALSE
Female,Disloyal Customer,42,Business Travel,Business,337,2,2,2,3,2,2,2,2,5,4,4,5,2,2.85,0,25,FALSE
Male,Loyal Customer,50,Business Travel,Business,3550,5,5,5,5,2,5,4,4,4,4,4,5,5,4.38,0,0,TRUE
Female,Disloyal Customer,26,Business Travel,Eco,972,2,2,2,2,4,2,4,4,4,1,3,3,4,2.85,0,0,FALSE
Male,Loyal Customer,17,Personal Travel,Eco Plus,302,3,5,3,3,4,3,4,4,4,4,3,4,4,3.69,0,0,FALSE
Male,Loyal Customer,60,Business Travel,Business,3159,2,2,1,2,5,5,4,3,3,4,3,4,5,3.31,0,0,TRUE
Female,Loyal Customer,59,Business Travel,Eco,1706,2,3,3,3,3,4,4,2,2,2,2,1,4,2.69,0,0,FALSE
Male,Loyal Customer,59,Personal Travel,Eco,325,3,2,3,3,3,3,3,3,2,4,3,4,3,3,0,0,FALSE
Male,Disloyal Customer,8,Business Travel,Eco,1023,1,1,1,3,1,1,1,1,1,1,3,1,1,1.31,0,0,FALSE
Female,Loyal Customer,61,Business Travel,Eco,787,1,2,4,2,5,3,3,1,1,1,1,4,1,2.23,0,0,FALSE
Male,Loyal Customer,11,Personal Travel,Eco,605,1,4,1,2,2,1,2,2,4,2,5,5,2,2.54,24,22,FALSE
Female,Loyal Customer,25,Business Travel,Business,2504,4,4,4,4,4,4,4,3,5,3,5,4,4,4,199,175,TRUE
Female,Loyal Customer,65,Personal Travel,Eco,1055,3,5,3,5,3,4,4,1,1,3,1,3,4,3.08,0,0,FALSE
Female,Loyal Customer,39,Business Travel,Business,1543,3,3,3,3,4,5,4,4,4,4,4,4,4,3.77,0,0,TRUE
Male,Disloyal Customer,50,Business Travel,Business,1670,2,2,2,3,2,2,2,2,4,3,3,3,2,2.46,18,3,FALSE
Female,Disloyal Customer,29,Business Travel,Business,368,2,3,3,4,2,3,2,2,4,2,5,5,2,3,0,2,FALSE
Male,Disloyal Customer,20,Business Travel,Eco,153,3,3,2,3,5,2,1,5,2,1,5,2,5,3,0,0,FALSE
Male,Loyal Customer,51,Business Travel,Business,1651,4,4,4,4,3,5,4,5,5,5,5,5,5,4.46,0,0,TRUE
Female,Loyal Customer,51,Business Travel,Eco,425,4,1,1,1,5,3,2,4,4,4,4,2,3,2.92,0,0,FALSE
Male,Disloyal Customer,26,Business Travel,Business,432,1,5,1,1,2,1,2,2,4,4,4,4,2,2.54,0,31,FALSE
Female,Loyal Customer,28,Business Travel,Business,1814,4,4,4,4,4,4,4,4,3,5,4,5,4,4.08,0,2,TRUE
Female,Loyal Customer,23,Personal Travel,Eco,1080,3,1,3,3,2,3,2,2,3,5,4,3,2,2.77,0,0,FALSE
Male,Disloyal Customer,39,Business Travel,Eco,237,1,3,1,3,4,1,4,4,4,2,4,3,4,2.92,7,50,FALSE
Male,Loyal Customer,62,Personal Travel,Eco,950,0,0,0,4,5,0,5,5,1,3,2,2,5,2.46,0,0,TRUE
Female,Loyal Customer,59,Business Travel,Eco,145,4,2,2,2,1,1,3,4,4,4,4,5,4,3.08,1,9,TRUE
Male,Loyal Customer,48,Business Travel,Business,1739,3,3,3,3,4,4,1,4,4,4,4,4,5,3.54,5,5,TRUE
Female,Loyal Customer,31,Business Travel,Eco,2311,2,3,3,3,2,2,2,2,1,3,3,3,2,2.38,24,4,FALSE
Female,Disloyal Customer,36,Business Travel,Eco,391,2,1,2,4,1,2,1,1,1,3,4,1,1,1.85,70,62,FALSE
Female,Loyal Customer,52,Business Travel,Eco,453,1,0,0,4,5,4,3,2,2,1,2,1,2,2.08,0,0,FALSE
Male,Loyal Customer,61,Personal Travel,Business,646,2,2,1,4,1,4,3,2,2,1,4,4,2,2.46,40,21,FALSE
Male,Loyal Customer,9,Personal Travel,Eco,1050,4,2,3,3,5,3,5,5,4,4,3,1,5,3.62,1,0,TRUE
Female,Disloyal Customer,21,Business Travel,Business,407,5,0,5,2,5,5,5,5,5,3,4,5,5,4.15,39,38,TRUE
Male,Loyal Customer,28,Business Travel,Business,2597,1,1,1,1,5,5,5,5,4,5,4,3,5,3.46,6,1,TRUE
Male,Loyal Customer,46,Personal Travel,Eco Plus,391,2,3,1,2,4,1,4,4,4,5,2,3,4,3,0,0,FALSE
Female,Loyal Customer,51,Business Travel,Business,2133,2,5,5,5,2,4,4,2,2,2,2,1,2,2.92,114,104,FALSE
Female,Disloyal Customer,26,Business Travel,Eco,1068,2,2,2,3,3,2,3,3,1,1,3,1,3,2.23,0,0,FALSE
Male,Disloyal Customer,25,Business Travel,Business,678,3,4,3,3,1,3,1,1,3,4,5,4,1,2.77,2,0,FALSE
Female,Disloyal Customer,36,Business Travel,Eco,326,2,0,2,4,3,2,3,3,4,4,4,4,3,2.92,0,0,FALSE
Male,Loyal Customer,70,Personal Travel,Eco Plus,534,2,4,2,2,4,2,4,4,5,3,4,4,4,3.38,19,18,FALSE
Female,Disloyal Customer,26,Business Travel,Business,337,2,0,2,4,4,2,4,4,5,2,4,5,4,3.23,0,0,FALSE
Male,Disloyal Customer,37,Business Travel,Business,214,5,5,5,4,5,5,5,5,4,5,4,4,5,4.69,0,0,TRUE
Male,Loyal Customer,68,Personal Travel,Eco,874,2,3,2,4,4,2,4,4,4,2,3,3,4,3.15,0,2,FALSE
Female,Loyal Customer,47,Business Travel,Eco,209,1,1,1,1,2,3,2,1,1,1,1,3,3,1.62,62,60,FALSE
Male,Loyal Customer,59,Personal Travel,Eco,304,3,4,3,1,2,3,2,2,3,2,5,3,2,2.69,0,0,FALSE
Male,Loyal Customer,27,Business Travel,Business,2837,2,2,3,2,5,4,5,5,2,1,1,1,5,2.92,0,0,TRUE
Female,Loyal Customer,35,Business Travel,Business,449,4,4,4,4,3,4,5,5,5,5,5,5,5,4.46,0,0,TRUE
Male,Loyal Customer,36,Business Travel,Business,188,3,5,5,5,2,3,2,2,1,4,3,2,2,3,135,133,FALSE
Female,Loyal Customer,47,Business Travel,Eco Plus,728,3,1,1,1,2,3,3,3,3,3,3,4,2,2.46,0,17,FALSE
Female,Loyal Customer,40,Business Travel,Business,537,2,2,2,2,1,2,4,4,4,4,4,2,1,2.62,0,0,TRUE
Male,Loyal Customer,47,Business Travel,Business,102,2,2,2,2,5,4,5,4,4,4,4,3,3,3.38,0,1,TRUE
Male,Loyal Customer,56,Business Travel,Business,3435,3,3,3,3,4,5,5,5,5,5,4,5,3,4.08,0,0,TRUE
Female,Loyal Customer,34,Business Travel,Business,1668,4,4,4,4,3,5,4,4,4,4,4,4,5,4.08,0,0,TRUE
Female,Loyal Customer,66,Personal Travel,Eco,883,1,3,1,3,5,5,4,5,5,1,5,2,3,3.31,44,52,FALSE
Male,Loyal Customer,41,Personal Travel,Business,1183,4,4,4,3,2,3,5,1,1,4,1,3,5,3.08,0,8,FALSE
Male,Loyal Customer,43,Business Travel,Business,3576,4,4,4,4,5,5,5,4,4,5,4,5,4,4.38,0,0,TRUE
Male,Loyal Customer,42,Personal Travel,Eco,304,2,3,2,3,2,2,2,2,3,5,3,4,2,2.69,8,7,FALSE
Female,Loyal Customer,53,Business Travel,Business,2704,3,1,1,1,5,2,4,3,3,3,3,2,3,2.62,4,6,FALSE
Female,Loyal Customer,21,Business Travel,Business,1005,2,1,1,1,2,2,2,2,3,1,4,1,2,1.85,18,16,FALSE
Male,Disloyal Customer,22,Business Travel,Eco,802,0,0,0,3,2,0,2,2,2,4,4,4,2,1.92,4,46,TRUE
Female,Loyal Customer,21,Personal Travel,Eco,368,3,3,3,3,3,3,3,3,2,4,1,2,3,2.77,16,10,FALSE
Male,Loyal Customer,38,Business Travel,Eco,374,2,3,3,3,2,2,2,2,3,4,3,2,2,2.54,0,0,FALSE
Female,Loyal Customer,64,Personal Travel,Eco,453,2,5,2,5,5,4,4,2,2,2,2,4,4,3.31,0,3,FALSE
Female,Disloyal Customer,29,Business Travel,Business,867,4,4,4,4,2,4,2,2,3,5,3,3,2,3.23,0,0,TRUE
Female,Loyal Customer,38,Business Travel,Eco,224,5,5,5,5,5,5,5,5,5,4,5,3,5,4.77,4,9,TRUE
Female,Loyal Customer,63,Personal Travel,Eco,634,4,4,4,2,3,5,5,3,3,4,2,3,3,3.46,0,0,FALSE
Male,Loyal Customer,40,Business Travel,Eco,550,2,1,1,1,2,2,2,2,3,1,4,4,2,2.08,4,6,FALSE
Male,Loyal Customer,50,Personal Travel,Eco,409,3,4,3,1,1,3,1,1,4,5,4,4,1,2.69,48,32,FALSE
Female,Loyal Customer,59,Business Travel,Business,1773,4,4,2,4,2,4,5,5,5,5,5,3,5,4.08,64,49,TRUE
Male,Loyal Customer,67,Personal Travel,Eco,680,2,5,2,3,4,2,4,4,4,2,4,4,4,3.38,0,0,FALSE
Female,Loyal Customer,46,Business Travel,Business,371,1,1,4,1,4,4,4,4,2,4,4,4,4,3.15,142,134,TRUE
Female,Loyal Customer,43,Business Travel,Eco,919,4,5,5,5,1,1,3,4,4,4,4,1,3,3.38,0,1,TRUE
Male,Loyal Customer,15,Business Travel,Business,853,2,4,4,4,2,2,2,2,4,1,3,1,2,2.54,46,43,FALSE
Female,Loyal Customer,37,Personal Travel,Eco,187,2,4,2,5,4,2,4,4,4,3,4,3,4,3.46,2,0,FALSE
Female,Loyal Customer,44,Business Travel,Business,1416,1,1,1,1,5,1,3,4,4,4,4,5,3,2.85,0,0,TRUE
Female,Disloyal Customer,24,Business Travel,Eco,109,1,4,1,4,1,1,1,1,5,4,5,5,1,2.62,59,81,FALSE
Female,Loyal Customer,64,Business Travel,Business,209,4,4,4,4,5,3,5,4,4,3,2,5,5,4,147,259,TRUE
Female,Loyal Customer,47,Personal Travel,Eco Plus,1670,4,4,5,2,3,2,4,2,2,5,2,2,5,3.23,0,0,FALSE
Female,Loyal Customer,60,Personal Travel,Eco,1050,1,3,1,4,1,5,1,3,3,1,3,5,4,2.69,53,77,FALSE
Male,Loyal Customer,41,Personal Travel,Eco,944,3,5,3,5,1,3,1,1,4,5,3,1,1,2.77,85,80,FALSE
Male,Loyal Customer,61,Personal Travel,Eco Plus,989,3,5,3,3,3,3,3,3,4,3,4,5,3,3.46,16,12,FALSE
Male,Loyal Customer,30,Personal Travel,Business,2239,3,4,4,2,4,4,4,4,3,3,4,4,4,3.62,0,0,FALSE
Male,Loyal Customer,21,Business Travel,Eco Plus,762,3,1,1,1,3,4,4,3,2,4,5,2,3,2.77,0,0,TRUE
Male,Loyal Customer,59,Personal Travel,Eco,680,1,5,1,2,1,1,1,1,1,2,5,4,1,2,52,79,FALSE
Female,Loyal Customer,44,Business Travel,Business,201,1,1,1,1,4,4,5,5,5,5,4,5,5,3.54,0,0,TRUE
Female,Loyal Customer,30,Personal Travel,Eco,522,3,5,3,4,4,3,4,4,5,2,5,3,4,3.77,0,3,FALSE
Male,Loyal Customer,35,Business Travel,Business,867,4,4,4,4,3,5,5,5,5,5,5,5,5,4.54,0,0,TRUE
Male,Loyal Customer,15,Business Travel,Business,1235,5,5,1,5,4,4,4,4,5,3,4,4,4,4,0,16,TRUE
Male,Loyal Customer,68,Personal Travel,Eco,404,1,5,1,3,1,1,4,1,4,2,5,5,1,2.62,0,0,FALSE
Female,Loyal Customer,54,Personal Travel,Eco,651,3,5,3,4,2,3,4,5,5,3,5,4,5,3.92,5,16,FALSE
Female,Loyal Customer,47,Personal Travel,Eco,173,1,4,1,2,5,4,5,4,4,1,2,5,5,3.31,0,0,FALSE
Male,Loyal Customer,31,Personal Travel,Eco,246,4,4,4,3,4,4,4,4,2,5,2,2,4,3.54,1,6,FALSE
Male,Loyal Customer,43,Business Travel,Business,101,0,4,0,1,3,5,4,3,3,3,3,1,1,2.38,2,1,TRUE
Female,Loyal Customer,52,Personal Travel,Eco,551,2,3,2,2,1,1,5,3,3,2,3,4,5,2.77,4,4,FALSE
Female,Loyal Customer,39,Business Travel,Business,3873,4,4,4,4,2,4,4,4,4,4,4,4,3,3.77,0,0,TRUE
Female,Loyal Customer,31,Business Travel,Business,642,3,3,3,3,4,4,4,4,1,5,3,1,4,3.23,66,68,TRUE
Female,Loyal Customer,51,Business Travel,Business,990,1,1,4,1,2,5,4,5,5,5,5,4,4,3.54,0,0,TRUE
Female,Loyal Customer,74,Business Travel,Business,3589,3,3,3,3,3,4,2,3,3,3,3,1,4,2.92,0,3,TRUE
Female,Loyal Customer,36,Personal Travel,Eco Plus,944,2,4,2,3,4,2,4,4,2,4,5,3,4,3.31,0,0,FALSE
Male,Loyal Customer,54,Business Travel,Business,1953,1,1,1,1,4,4,4,4,2,5,4,4,4,3,235,222,TRUE
Female,Loyal Customer,35,Business Travel,Business,1655,4,4,4,4,2,4,5,5,5,5,5,3,5,4.23,0,0,TRUE
Female,Disloyal Customer,22,Business Travel,Eco,409,2,5,2,4,2,2,2,2,3,3,4,1,2,2.62,0,0,FALSE
Female,Loyal Customer,56,Business Travel,Business,3911,2,1,1,1,4,2,3,2,2,2,2,1,4,2.08,21,15,FALSE
Female,Disloyal Customer,43,Business Travel,Eco,779,2,2,2,3,2,2,2,2,3,4,4,4,2,2.62,0,0,FALSE
Male,Loyal Customer,57,Personal Travel,Eco,187,3,5,3,4,5,3,5,5,5,4,5,4,5,4.31,0,0,FALSE
Female,Loyal Customer,59,Business Travel,Business,2400,2,2,2,2,5,5,5,4,5,4,5,5,5,3.92,0,0,TRUE
Male,Loyal Customer,45,Business Travel,Business,460,3,3,3,3,2,4,4,4,4,5,4,5,5,3.77,5,6,TRUE
Male,Loyal Customer,59,Business Travel,Business,3261,4,4,4,4,3,5,5,4,4,4,4,4,5,4.15,7,6,TRUE
Female,Loyal Customer,43,Business Travel,Business,2899,0,0,0,5,4,5,5,2,2,2,2,3,4,2.62,6,0,TRUE
Male,Loyal Customer,24,Personal Travel,Eco,1947,5,5,5,1,1,5,1,1,5,4,4,3,1,3.15,9,2,TRUE
Female,Loyal Customer,30,Business Travel,Business,3513,5,5,1,5,3,3,3,3,5,4,4,5,3,3.77,0,0,TRUE
Male,Loyal Customer,54,Personal Travel,Eco,697,3,5,3,2,2,3,2,2,3,2,2,5,2,2.77,0,0,FALSE
Male,Loyal Customer,37,Business Travel,Eco,258,2,1,1,1,2,2,2,2,1,5,2,5,2,2.15,0,0,TRUE
Male,Disloyal Customer,26,Business Travel,Business,271,2,0,2,3,2,2,5,1,4,3,4,5,5,2.92,113,203,FALSE
Female,Loyal Customer,40,Business Travel,Business,1798,4,4,1,4,5,4,4,5,5,5,4,5,5,4.23,6,0,TRUE
Female,Loyal Customer,17,Personal Travel,Eco,1773,2,2,2,2,5,2,5,5,3,2,1,3,5,3,18,6,FALSE
Female,Loyal Customer,42,Business Travel,Business,1922,4,4,4,4,4,4,4,4,4,4,4,5,3,4,0,2,TRUE
Male,Loyal Customer,44,Business Travel,Business,507,4,4,4,4,5,4,1,4,4,4,4,1,2,3.46,25,24,TRUE
Female,Disloyal Customer,30,Business Travel,Business,991,2,2,2,5,3,2,3,3,4,5,4,5,3,3.31,0,0,FALSE
Female,Loyal Customer,20,Personal Travel,Eco,1384,1,3,1,2,2,1,2,2,5,2,1,1,2,1.92,0,0,FALSE
Male,Loyal Customer,23,Business Travel,Eco,866,4,5,4,5,4,4,4,4,2,3,1,4,4,3.69,0,0,TRUE
Male,Loyal Customer,26,Business Travel,Business,1047,5,5,5,5,2,3,2,2,4,3,5,4,2,3.62,0,0,TRUE
Male,Loyal Customer,28,Personal Travel,Eco,731,2,3,2,2,3,2,3,3,4,1,5,4,3,2.85,13,9,FALSE
Female,Loyal Customer,57,Personal Travel,Eco,364,1,5,1,3,4,4,4,2,2,1,2,5,4,2.92,0,0,FALSE
Male,Loyal Customer,57,Personal Travel,Eco,200,3,5,3,2,4,3,4,4,4,5,4,4,4,3.77,0,0,FALSE
Male,Loyal Customer,39,Personal Travel,Eco,583,2,5,2,2,2,2,2,2,3,2,4,3,2,2.54,0,0,FALSE
Male,Loyal Customer,47,Business Travel,Business,270,1,1,1,1,5,2,4,4,4,4,4,5,2,2.92,0,0,TRUE
Female,Loyal Customer,28,Personal Travel,Eco,733,2,1,2,4,4,2,4,4,1,3,4,3,4,2.92,30,47,FALSE
Male,Loyal Customer,34,Personal Travel,Eco,349,2,3,2,4,2,2,2,2,3,5,3,4,2,2.77,8,12,FALSE
Female,Loyal Customer,61,Personal Travel,Eco,300,3,1,3,2,2,2,1,3,3,3,3,1,1,2.15,5,28,FALSE
Male,Loyal Customer,51,Personal Travel,Business,192,1,5,1,3,2,4,5,2,2,1,1,5,4,2.77,21,11,FALSE
Male,Loyal Customer,39,Business Travel,Business,550,2,2,2,2,3,4,4,5,5,5,5,4,4,3.62,0,0,TRUE
Male,Disloyal Customer,26,Business Travel,Eco,113,3,1,3,2,3,3,3,3,3,4,2,4,3,2.85,0,22,FALSE
Male,Loyal Customer,61,Business Travel,Business,2458,3,4,4,4,4,2,3,3,3,3,3,4,1,3.15,5,1,FALSE
Female,Loyal Customer,41,Business Travel,Business,1514,2,2,2,2,5,3,5,2,2,2,2,2,4,2.69,4,0,TRUE
Male,Disloyal Customer,39,Business Travel,Business,309,2,2,2,1,1,2,1,1,3,3,4,5,1,2.15,0,0,FALSE
Female,Loyal Customer,49,Business Travel,Business,2063,2,2,5,2,5,5,5,3,3,3,3,5,3,3.54,0,0,TRUE
Female,Loyal Customer,12,Personal Travel,Eco Plus,1670,2,3,2,1,5,2,5,5,5,2,5,1,5,3.31,0,0,FALSE
Female,Loyal Customer,62,Personal Travel,Eco,834,2,5,2,4,3,5,4,3,3,2,3,4,5,3.46,0,0,FALSE
Female,Disloyal Customer,21,Business Travel,Eco,468,5,0,5,4,1,5,4,1,4,2,4,3,1,3,30,19,TRUE
Female,Loyal Customer,52,Personal Travel,Eco,931,2,4,2,4,4,5,4,3,3,2,3,5,3,3.38,9,0,FALSE
Female,Loyal Customer,26,Business Travel,Eco,812,2,5,2,5,1,1,2,2,4,4,3,2,2,2.69,125,154,FALSE
Female,Loyal Customer,25,Business Travel,Business,1754,1,1,1,1,5,5,5,5,4,2,5,4,5,3.38,5,3,TRUE
Male,Loyal Customer,72,Business Travel,Business,1747,1,3,3,3,5,1,3,1,1,1,1,3,2,2.15,0,0,FALSE
Male,Loyal Customer,27,Business Travel,Eco,1235,4,1,1,1,4,4,4,1,1,3,4,4,4,2.77,391,354,FALSE
Male,Loyal Customer,62,Personal Travel,Eco,1009,2,5,2,3,5,2,4,5,3,3,5,3,5,3.62,28,24,FALSE
Female,Loyal Customer,47,Personal Travel,Eco,447,1,4,1,4,4,3,3,3,3,1,3,4,2,2.77,1,6,FALSE
Female,Loyal Customer,38,Business Travel,Business,3453,4,4,4,4,4,4,5,4,4,4,4,3,4,4,0,0,TRUE
Male,Loyal Customer,40,Business Travel,Business,689,3,3,3,3,4,4,4,5,5,5,5,5,4,4.08,11,0,TRUE
Male,Loyal Customer,25,Business Travel,Business,2803,1,3,3,3,1,1,1,1,4,5,3,2,1,2.23,10,14,FALSE
Female,Loyal Customer,51,Business Travel,Eco,1399,4,3,3,3,4,5,2,4,4,4,4,3,2,3.46,0,0,TRUE
Female,Loyal Customer,59,Business Travel,Business,888,1,1,1,1,5,4,5,5,5,4,5,3,3,3.31,0,0,TRUE
Male,Loyal Customer,35,Personal Travel,Eco,507,3,3,3,4,3,3,3,3,4,5,3,3,3,3.31,0,0,FALSE
Male,Loyal Customer,40,Business Travel,Business,507,3,5,3,3,4,4,4,4,4,4,4,4,3,3.77,26,16,TRUE
Female,Loyal Customer,52,Business Travel,Eco,728,4,1,1,1,2,2,4,4,4,4,4,4,5,3.08,0,0,TRUE
Female,Loyal Customer,58,Business Travel,Business,2255,3,3,3,3,4,4,5,5,5,5,5,5,5,4.23,2,9,TRUE
Female,Loyal Customer,49,Personal Travel,Eco,558,3,2,3,3,2,4,4,4,4,3,4,2,4,3.23,0,0,FALSE
Male,Loyal Customer,34,Personal Travel,Eco,200,3,1,3,3,2,3,2,2,2,2,2,1,2,2.15,0,0,FALSE
Male,Loyal Customer,51,Business Travel,Business,920,2,2,2,2,3,5,4,4,4,4,4,4,3,3.31,0,1,TRUE
Female,Disloyal Customer,39,Business Travel,Business,925,1,1,1,2,2,1,2,2,1,2,2,4,2,1.77,0,6,FALSE
Female,Loyal Customer,46,Personal Travel,Eco,304,3,4,3,4,3,4,5,4,4,3,4,5,4,3.85,9,7,FALSE
Male,Disloyal Customer,25,Business Travel,Business,646,5,0,5,3,1,5,1,1,3,2,4,4,1,2.69,0,0,TRUE
Male,Loyal Customer,13,Personal Travel,Eco,401,5,5,5,1,5,5,5,5,5,2,5,5,5,4.46,0,0,TRUE
Male,Loyal Customer,35,Business Travel,Business,2521,1,4,4,4,1,4,3,1,1,1,1,4,2,2.38,0,1,FALSE
Male,Loyal Customer,60,Personal Travel,Eco,697,2,5,2,5,2,2,2,2,2,1,1,2,2,2.31,0,7,FALSE
Male,Loyal Customer,32,Personal Travel,Eco,1440,5,4,5,5,1,4,1,1,5,5,4,3,1,3.38,0,0,TRUE
Female,Loyal Customer,67,Business Travel,Eco Plus,135,4,3,3,3,1,4,4,4,4,4,4,2,2,3.23,0,0,FALSE
Female,Disloyal Customer,27,Business Travel,Business,455,1,1,1,1,2,1,2,2,5,4,4,5,2,2.38,0,40,FALSE
Male,Disloyal Customer,30,Business Travel,Business,1605,3,2,2,3,1,2,1,1,4,5,4,3,1,2.46,9,1,FALSE
Female,Loyal Customer,22,Business Travel,Business,1440,2,2,2,2,4,4,4,4,4,4,4,4,4,3.38,26,37,TRUE
Male,Loyal Customer,60,Business Travel,Eco,563,3,4,4,4,3,3,3,3,4,3,4,4,3,3.46,15,5,FALSE
Female,Loyal Customer,53,Business Travel,Business,451,2,4,4,4,3,4,4,2,2,2,2,4,4,3.15,22,20,FALSE
Female,Loyal Customer,59,Personal Travel,Eco,569,2,5,2,2,4,1,5,2,2,2,2,1,1,2.38,31,19,FALSE
Male,Loyal Customer,40,Business Travel,Business,3858,1,1,1,1,4,1,5,3,3,3,3,4,3,2.54,0,0,TRUE
Male,Loyal Customer,53,Business Travel,Eco,1041,3,5,5,5,3,3,3,3,4,2,3,2,3,3.38,84,52,FALSE
Female,Loyal Customer,25,Business Travel,Business,2419,1,2,2,2,1,1,1,1,1,3,2,1,1,1.46,0,5,FALSE
Male,Loyal Customer,57,Business Travel,Eco,448,4,3,3,3,4,4,4,4,4,1,3,3,4,3.38,0,0,TRUE
Female,Loyal Customer,58,Business Travel,Eco Plus,95,2,2,2,2,2,1,4,2,2,2,2,5,5,2.54,0,0,TRUE
Female,Loyal Customer,49,Business Travel,Business,2149,1,1,1,1,5,4,4,4,4,4,4,4,5,3.23,0,0,TRUE
Female,Loyal Customer,35,Business Travel,Eco Plus,515,4,4,4,4,4,4,4,4,4,1,1,4,4,3.54,138,138,TRUE
Female,Disloyal Customer,49,Business Travel,Business,1013,1,2,2,5,4,1,4,4,3,4,5,5,4,3.38,0,0,FALSE
Male,Loyal Customer,31,Business Travel,Business,1068,1,5,5,5,1,1,1,1,1,3,3,4,1,2.46,0,0,FALSE
Male,Loyal Customer,48,Business Travel,Business,696,2,2,4,2,5,4,4,3,3,3,3,4,4,3.31,2,0,TRUE
Male,Loyal Customer,22,Business Travel,Business,1546,1,1,1,1,4,4,4,4,5,3,4,2,4,2.92,1,0,TRUE
Male,Loyal Customer,56,Business Travel,Eco,1013,3,4,4,4,3,3,3,3,4,5,3,3,3,3.46,13,7,FALSE
Male,Loyal Customer,28,Personal Travel,Eco,2419,1,5,1,1,1,3,2,3,5,3,4,2,2,2.54,0,0,FALSE
Female,Loyal Customer,34,Personal Travel,Eco,589,2,5,2,1,1,2,1,1,4,5,4,5,1,2.62,0,0,FALSE
Male,Disloyal Customer,21,Business Travel,Eco,396,3,0,3,2,2,3,2,2,5,2,4,4,2,2.62,0,0,FALSE
Female,Loyal Customer,68,Business Travel,Eco,900,5,1,1,1,2,4,2,5,5,5,5,5,4,3.46,0,0,TRUE
Male,Loyal Customer,61,Personal Travel,Eco Plus,196,1,5,1,2,5,1,5,5,1,4,4,5,5,3.38,2,16,FALSE
Female,Disloyal Customer,42,Business Travel,Eco,304,4,2,4,3,2,4,4,2,2,1,4,4,2,2.92,0,0,FALSE
Male,Loyal Customer,12,Personal Travel,Eco,447,5,5,2,3,3,2,5,3,4,3,2,3,3,3.31,102,93,TRUE
Male,Loyal Customer,42,Personal Travel,Eco,160,4,3,4,3,2,4,2,2,4,1,3,3,2,2.85,0,0,FALSE
Male,Loyal Customer,24,Personal Travel,Business,271,0,1,0,3,4,0,4,4,2,3,3,1,4,2.23,5,0,TRUE
Female,Loyal Customer,32,Personal Travel,Eco,1235,3,5,3,2,4,3,4,4,4,4,4,4,4,3.69,0,2,FALSE
Male,Loyal Customer,30,Personal Travel,Eco,337,3,4,3,3,2,3,4,2,4,2,5,4,2,3.15,30,22,FALSE
Female,Disloyal Customer,36,Business Travel,Business,2677,3,3,3,3,3,3,3,3,5,5,3,3,3,3.31,0,0,FALSE
Female,Loyal Customer,53,Business Travel,Business,1605,3,3,3,3,3,3,5,4,4,4,4,3,5,3.62,0,21,TRUE
Female,Loyal Customer,39,Business Travel,Business,2904,5,5,5,5,2,4,4,5,5,4,5,5,3,4.38,6,23,TRUE
Male,Loyal Customer,29,Business Travel,Business,1598,5,5,5,5,4,4,4,4,4,2,5,3,4,4.15,0,0,TRUE
Male,Loyal Customer,36,Personal Travel,Eco,589,1,4,2,4,4,2,3,4,2,1,4,3,4,2.92,0,0,FALSE
Female,Disloyal Customer,23,Business Travel,Eco Plus,764,2,0,2,4,2,2,2,2,4,3,5,1,2,2.38,0,0,FALSE
Male,Loyal Customer,36,Business Travel,Business,733,4,4,4,4,3,4,4,4,4,4,4,3,3,3.77,0,0,TRUE
Female,Loyal Customer,38,Business Travel,Business,2570,4,4,4,4,2,5,5,3,3,3,3,3,3,3.54,0,0,TRUE
Female,Loyal Customer,48,Business Travel,Business,2091,4,4,4,4,3,4,4,4,4,4,4,3,5,3.92,0,0,TRUE
Female,Loyal Customer,31,Personal Travel,Eco Plus,109,2,2,2,3,4,2,3,4,4,3,3,4,4,3.08,25,17,FALSE
Male,Loyal Customer,39,Business Travel,Business,733,2,5,5,5,2,4,3,2,2,2,2,2,3,3,11,,FALSE
Male,Loyal Customer,43,Business Travel,Business,3687,2,2,1,2,2,4,4,4,4,4,4,4,3,3.08,70,61,TRUE
Male,Loyal Customer,40,Business Travel,Eco,207,4,5,5,5,4,3,4,4,3,5,3,4,4,4.08,0,0,FALSE
Male,Loyal Customer,53,Personal Travel,Business,473,3,4,3,5,5,2,2,5,5,3,5,2,3,3.62,0,0,FALSE
Male,Disloyal Customer,64,Business Travel,Business,282,3,3,3,3,4,3,3,4,3,2,3,2,4,3.08,0,0,FALSE
Female,Disloyal Customer,32,Business Travel,Business,895,1,1,1,3,2,1,2,2,5,2,5,3,2,2.31,10,2,FALSE
Female,Loyal Customer,44,Business Travel,Business,735,2,2,2,2,4,5,4,5,5,5,5,5,4,3.85,0,0,TRUE
Female,Loyal Customer,19,Business Travel,Business,2158,4,1,3,1,4,4,4,4,4,3,4,4,4,3.38,35,27,FALSE
Female,Loyal Customer,63,Personal Travel,Eco,666,2,1,2,4,5,4,3,5,5,2,5,4,3,3.46,0,0,FALSE
Male,Loyal Customer,7,Personal Travel,Eco,515,4,4,2,4,1,2,1,1,5,2,4,3,1,2.62,10,0,FALSE
Male,Loyal Customer,40,Business Travel,Business,2853,3,3,3,3,2,5,4,4,4,4,4,5,5,3.77,0,0,TRUE
Female,Disloyal Customer,44,Business Travel,Eco,1448,2,2,2,5,5,2,5,5,1,5,4,1,5,3.38,0,0,FALSE
Male,Loyal Customer,45,Business Travel,Business,3934,2,2,4,2,1,2,2,1,1,1,2,2,4,2,0,0,FALSE
Female,Loyal Customer,12,Personal Travel,Eco,289,2,4,2,3,1,2,1,1,4,3,5,3,1,2.46,1,0,FALSE
Female,Disloyal Customer,16,Business Travel,Eco,1464,1,1,1,3,1,1,2,1,3,1,4,4,1,1.85,5,28,FALSE
Male,Disloyal Customer,21,Business Travel,Eco,1202,3,3,3,3,3,3,3,4,1,2,4,3,3,2.92,7,32,FALSE
Male,Disloyal Customer,35,Business Travel,Eco,1152,2,2,2,2,1,2,1,1,2,2,1,3,1,1.69,0,0,FALSE
Male,Loyal Customer,53,Business Travel,Eco,583,5,3,3,3,4,5,4,4,1,1,3,1,4,3.15,1,8,TRUE
Male,Loyal Customer,33,Business Travel,Business,109,3,3,3,3,4,4,5,4,2,3,4,4,4,3.54,0,1,TRUE
Male,Loyal Customer,43,Business Travel,Business,3802,3,3,3,3,4,4,4,5,5,5,5,5,4,4.08,0,0,TRUE
Female,Loyal Customer,56,Business Travel,Business,1682,5,5,5,5,4,4,5,5,5,5,5,5,4,4.77,0,3,TRUE
Female,Loyal Customer,7,Personal Travel,Eco,602,3,2,3,4,3,3,3,3,4,5,4,3,3,3.31,0,4,FALSE
Female,Loyal Customer,42,Business Travel,Business,2500,5,5,5,5,2,5,4,5,5,5,5,4,5,4.62,85,75,TRUE
Female,Loyal Customer,25,Business Travel,Eco,356,3,2,2,2,3,3,1,3,1,2,1,1,3,2.08,0,24,FALSE
Male,Disloyal Customer,37,Business Travel,Business,1562,3,3,3,3,4,3,5,4,3,4,5,3,4,3.62,0,0,FALSE
Male,Loyal Customer,25,Business Travel,Eco,1541,0,5,0,2,2,5,2,2,5,1,1,3,2,2.31,28,22,TRUE
Male,Loyal Customer,9,Personal Travel,Eco,853,1,1,1,2,2,1,4,2,4,5,3,3,2,2.38,23,17,FALSE
Female,Loyal Customer,68,Personal Travel,Eco,529,2,4,2,2,5,5,4,3,3,2,3,2,5,3.23,0,0,FALSE
Female,Disloyal Customer,17,Business Travel,Eco,714,1,1,1,1,5,1,5,5,3,3,2,5,5,2.92,14,9,FALSE
Female,Disloyal Customer,18,Business Travel,Eco,143,2,3,2,4,1,2,1,1,4,4,5,1,1,2.38,0,5,FALSE
Female,Loyal Customer,51,Business Travel,Business,2318,1,1,1,1,5,5,5,4,4,4,4,5,3,3.31,0,0,TRUE
Male,Loyal Customer,40,Personal Travel,Eco,273,2,5,2,2,2,2,2,2,3,1,4,3,2,2.46,0,5,FALSE
Female,Loyal Customer,55,Business Travel,Eco,692,2,4,4,4,1,3,4,2,2,2,2,4,4,2.92,0,0,FALSE
Female,Loyal Customer,37,Business Travel,Business,1448,5,5,5,5,5,5,4,5,5,5,5,5,2,4.69,0,0,TRUE
Female,Loyal Customer,17,Personal Travel,Eco,2026,3,4,3,2,2,3,2,2,4,3,4,4,2,2.92,22,12,FALSE
Female,Loyal Customer,27,Personal Travel,Eco,399,3,4,3,3,1,3,1,1,3,4,5,4,1,2.77,0,80,FALSE
Female,Loyal Customer,46,Business Travel,Business,967,3,3,3,3,5,5,4,4,4,4,4,4,3,3.77,3,16,TRUE
Female,Disloyal Customer,21,Business Travel,Eco,231,2,0,2,3,1,2,1,1,4,2,4,3,1,2,0,0,FALSE
Female,Disloyal Customer,33,Business Travel,Business,577,2,2,2,3,4,2,3,4,3,2,5,5,4,3.15,0,0,FALSE
Female,Loyal Customer,41,Business Travel,Business,763,4,4,4,4,4,4,5,4,4,4,4,3,3,3.92,3,0,TRUE
Male,Disloyal Customer,28,Business Travel,Business,1188,1,2,2,3,3,2,4,3,3,1,4,4,3,2.69,0,0,FALSE
Female,Loyal Customer,48,Personal Travel,Eco,643,2,4,2,2,3,4,4,5,5,2,5,4,3,3.46,7,8,FALSE
Female,Loyal Customer,61,Business Travel,Eco,986,2,5,5,5,2,3,2,2,2,2,2,1,3,2.77,17,11,FALSE
Female,Loyal Customer,58,Business Travel,Business,3529,5,5,4,5,4,5,4,4,4,4,4,4,5,4.38,9,2,TRUE
Male,Loyal Customer,38,Business Travel,Business,1619,2,4,4,4,5,4,4,2,2,2,2,2,2,3,47,39,FALSE
Female,Loyal Customer,59,Personal Travel,Eco,468,2,4,2,2,1,2,3,5,5,2,5,5,2,3.08,4,0,FALSE
Female,Loyal Customer,24,Business Travel,Business,3410,5,5,5,5,4,4,4,4,3,2,4,4,4,4.08,0,0,TRUE
Male,Loyal Customer,46,Business Travel,Eco,163,5,4,4,4,5,5,5,5,1,4,2,1,5,3.85,0,0,TRUE
Female,Loyal Customer,49,Business Travel,Eco Plus,679,4,5,5,5,2,1,1,4,4,4,4,4,4,3.62,0,0,TRUE
Female,Disloyal Customer,15,Business Travel,Eco,1183,3,3,3,4,4,3,1,4,4,1,4,2,4,3.08,34,41,FALSE
Female,Loyal Customer,70,Personal Travel,Business,1587,3,4,3,3,2,4,4,5,5,3,2,5,5,3.69,52,31,FALSE
Female,Loyal Customer,44,Business Travel,Business,696,5,5,5,5,5,4,4,4,4,4,4,3,3,4.23,21,26,TRUE
Female,Loyal Customer,47,Business Travel,Business,999,3,3,3,3,2,5,4,5,5,5,5,5,4,4,0,0,TRUE
Female,Disloyal Customer,24,Business Travel,Eco,2640,1,1,1,4,1,5,5,4,3,3,4,5,5,3.23,0,33,FALSE
Male,Loyal Customer,31,Business Travel,Business,1363,1,1,1,1,4,4,4,4,3,3,5,5,4,3.08,29,15,TRUE
Female,Disloyal Customer,30,Business Travel,Eco,1069,2,2,2,4,5,2,5,5,2,4,3,1,5,3.23,28,23,FALSE
Female,Disloyal Customer,38,Business Travel,Eco,237,2,1,2,3,2,3,2,4,3,2,3,2,2,2.38,196,214,FALSE
Male,Loyal Customer,33,Business Travel,Business,2445,4,4,4,4,4,4,4,4,3,3,4,5,4,3.92,0,0,TRUE
Female,Loyal Customer,43,Business Travel,Business,3936,3,3,3,3,5,5,4,4,4,4,4,3,4,3.77,16,17,TRUE
Female,Loyal Customer,41,Personal Travel,Eco,372,2,4,3,5,2,3,2,2,3,2,5,4,2,3,0,14,FALSE
Male,Loyal Customer,20,Business Travel,Business,3372,3,3,3,3,5,5,5,5,4,4,3,1,5,3.77,5,0,TRUE
Male,Loyal Customer,57,Business Travel,Business,283,3,3,3,3,5,4,5,3,3,4,3,4,3,3.54,9,1,TRUE
Female,Loyal Customer,53,Personal Travel,Eco,366,2,4,2,2,3,5,5,2,2,2,2,1,5,2.85,83,83,FALSE
Male,Loyal Customer,33,Personal Travel,Eco,137,4,1,0,3,5,0,4,5,1,2,4,1,5,2.69,16,17,FALSE
Male,Loyal Customer,61,Personal Travel,Eco,356,4,2,3,3,3,3,2,3,3,5,3,4,3,3.15,2,4,FALSE
Female,Loyal Customer,46,Business Travel,Business,2611,4,4,4,4,4,4,4,4,4,5,5,4,4,4.15,0,0,TRUE
Female,Loyal Customer,57,Personal Travel,Eco,240,1,4,0,2,4,4,5,1,1,0,1,4,4,2.38,0,2,FALSE
Female,Loyal Customer,50,Personal Travel,Eco,1416,1,4,1,1,3,5,4,3,3,1,4,5,3,2.92,13,0,FALSE
Male,Loyal Customer,59,Business Travel,Business,1971,0,4,0,2,3,5,5,2,2,2,2,3,4,2.62,0,0,TRUE
Female,Loyal Customer,40,Business Travel,Business,444,2,2,2,2,4,4,4,5,5,4,5,5,5,3.77,0,0,TRUE
Male,Disloyal Customer,25,Business Travel,Eco,370,3,0,3,2,3,3,3,3,5,5,1,1,3,2.69,0,0,FALSE
Female,Loyal Customer,29,Personal Travel,Eco,369,1,1,1,4,4,1,4,4,4,3,3,4,4,2.92,0,0,FALSE
Male,Loyal Customer,35,Business Travel,Eco,119,5,5,3,5,5,5,5,5,5,2,3,1,5,4.15,0,0,TRUE
Female,Loyal Customer,34,Business Travel,Business,1903,5,5,5,5,4,4,5,5,5,5,5,3,3,4.54,12,8,TRUE
Male,Disloyal Customer,27,Business Travel,Business,227,3,3,3,4,2,3,2,2,4,4,4,2,2,2.92,0,8,FALSE
Male,Loyal Customer,25,Business Travel,Business,1709,5,5,5,5,3,4,3,3,5,3,2,3,3,3.77,0,0,TRUE
Male,Loyal Customer,68,Personal Travel,Eco Plus,369,1,2,4,3,2,4,2,2,2,3,3,2,2,2.46,0,0,FALSE
Male,Loyal Customer,43,Business Travel,Eco,977,2,3,3,3,2,2,2,2,4,3,2,4,2,2.62,5,10,FALSE
Male,Loyal Customer,16,Personal Travel,Eco,1020,4,4,4,3,2,4,2,2,3,3,3,4,2,3.08,0,0,FALSE
Male,Loyal Customer,53,Business Travel,Business,3472,2,5,5,5,4,3,3,2,2,2,2,3,2,3.08,6,38,FALSE
Female,Disloyal Customer,20,Business Travel,Eco,349,0,1,0,3,1,0,4,1,5,5,4,4,1,2.23,9,0,TRUE
Female,Loyal Customer,67,Business Travel,Business,2288,1,3,5,5,5,2,2,1,1,1,1,3,1,2.38,92,78,FALSE
Male,Disloyal Customer,34,Business Travel,Eco,860,3,3,3,1,3,3,3,3,1,5,2,1,3,2.62,0,0,FALSE
Female,Loyal Customer,58,Personal Travel,Eco Plus,689,3,5,3,3,5,4,4,2,2,3,1,5,5,3.46,0,0,FALSE
Male,Loyal Customer,43,Business Travel,Business,803,3,3,3,3,3,2,2,5,5,5,5,1,5,3.46,0,0,TRUE
Female,Loyal Customer,31,Business Travel,Business,937,4,4,4,4,5,5,5,5,1,5,4,2,5,4.08,29,31,TRUE
Female,Loyal Customer,17,Personal Travel,Eco,356,4,4,4,3,5,4,5,5,4,5,4,5,5,4.38,0,0,FALSE
Female,Disloyal Customer,27,Business Travel,Business,1310,4,4,4,5,3,4,5,3,3,5,5,5,3,4.08,0,0,TRUE
Male,Loyal Customer,37,Personal Travel,Eco,606,4,4,4,4,3,4,3,3,1,3,4,1,3,3.15,0,0,TRUE
Female,Disloyal Customer,54,Business Travel,Eco,1031,5,5,5,4,4,5,4,4,5,3,1,5,4,4.15,0,8,TRUE
Male,Loyal Customer,32,Business Travel,Business,1904,4,4,4,4,4,4,4,4,3,5,4,4,4,4,0,0,TRUE
Female,Loyal Customer,51,Business Travel,Business,3461,0,0,0,1,5,1,4,4,4,4,4,1,1,2.23,13,0,TRUE
Female,Loyal Customer,40,Personal Travel,Eco Plus,641,5,4,5,4,4,5,4,4,3,2,4,5,4,4.08,13,0,TRUE
Male,Disloyal Customer,26,Business Travel,Business,386,1,0,1,4,3,1,3,3,3,2,5,4,3,2.54,1,10,FALSE
Male,Loyal Customer,45,Business Travel,Business,628,3,3,3,3,2,5,4,5,5,5,5,4,5,4,0,0,TRUE
Female,Loyal Customer,44,Business Travel,Business,2475,2,2,2,2,2,2,2,5,2,5,5,2,2,2.69,0,12,TRUE
Male,Loyal Customer,29,Business Travel,Business,594,2,2,4,2,5,5,5,5,5,2,5,3,5,3.85,0,4,TRUE
Female,Disloyal Customer,33,Business Travel,Eco Plus,338,1,1,1,3,1,1,1,1,3,3,2,3,1,1.69,17,8,FALSE
Male,Loyal Customer,54,Business Travel,Eco,937,2,2,2,2,2,2,2,2,2,2,2,2,2,2,13,9,FALSE
Female,Loyal Customer,40,Business Travel,Business,2248,2,2,2,2,3,4,4,2,2,2,2,4,2,2.54,0,0,FALSE
Female,Loyal Customer,44,Business Travel,Business,1671,4,4,4,4,4,3,4,4,4,4,4,4,5,4,25,18,TRUE
Male,Disloyal Customer,40,Business Travel,Business,857,2,2,2,3,4,2,4,4,4,2,5,5,4,3.31,0,0,FALSE
Female,Loyal Customer,48,Business Travel,Business,163,2,2,2,2,5,4,5,4,4,4,4,3,5,3.54,0,0,TRUE
Male,Loyal Customer,50,Personal Travel,Eco,2358,1,4,1,5,1,4,4,4,4,5,4,4,4,3.46,0,0,FALSE
Female,Loyal Customer,33,Business Travel,Eco,257,0,0,0,4,3,0,3,3,3,1,3,2,3,1.92,0,0,TRUE
Female,Loyal Customer,63,Personal Travel,Business,1431,3,1,3,4,4,3,3,5,5,3,5,2,3,3.38,0,0,FALSE
Male,Loyal Customer,34,Business Travel,Business,247,0,0,0,3,4,5,5,3,3,1,1,4,5,2.62,0,0,TRUE
Female,Loyal Customer,23,Business Travel,Business,1842,0,0,0,2,3,3,3,3,5,3,4,4,3,2.54,8,0,TRUE
Female,Disloyal Customer,25,Business Travel,Eco,116,2,1,2,3,2,4,4,1,3,4,3,4,4,2.85,140,133,FALSE
Male,Loyal Customer,34,Business Travel,Business,2322,3,3,3,3,1,4,4,5,5,5,5,2,3,3.54,0,0,TRUE
Male,Loyal Customer,47,Personal Travel,Eco,546,4,5,4,3,4,4,4,4,2,5,2,4,4,3.77,0,14,FALSE
Male,Loyal Customer,37,Business Travel,Business,1491,3,4,4,4,5,4,4,3,3,3,3,2,2,3.38,0,0,FALSE
Male,Loyal Customer,61,Personal Travel,Eco,2462,3,4,3,3,1,3,1,1,4,5,5,4,1,2.92,0,2,FALSE
Male,Loyal Customer,63,Business Travel,Business,2621,2,2,3,2,5,5,5,5,5,5,5,5,5,4.15,8,7,TRUE
Male,Loyal Customer,43,Business Travel,Business,3048,5,5,5,5,4,5,5,2,2,2,2,3,3,3.69,0,0,TRUE
Male,Loyal Customer,16,Personal Travel,Eco,920,0,4,0,3,4,0,4,4,4,2,5,5,4,3,4,14,TRUE
Female,Loyal Customer,46,Personal Travel,Eco,187,1,4,1,2,5,4,5,1,1,1,1,4,4,2.62,9,3,FALSE
Female,Loyal Customer,47,Business Travel,Business,226,3,2,4,2,5,3,3,3,3,3,3,1,3,2.92,22,12,FALSE
Female,Disloyal Customer,20,Business Travel,Eco,435,3,2,3,3,5,3,5,5,1,3,3,1,5,3.23,0,0,FALSE
Male,Disloyal Customer,26,Business Travel,Business,589,3,3,3,1,4,3,4,4,4,2,5,4,4,3.38,0,0,FALSE
Male,Loyal Customer,11,Personal Travel,Eco,1105,4,3,3,3,2,3,2,2,2,3,4,3,2,2.77,13,18,FALSE
Male,Disloyal Customer,28,Business Travel,Eco,1220,4,4,4,3,3,4,3,3,4,5,3,3,3,3.54,20,9,FALSE
Male,Loyal Customer,34,Business Travel,Eco,160,4,3,3,3,4,4,4,4,1,3,4,3,4,3.38,0,7,TRUE
Male,Loyal Customer,11,Business Travel,Business,3187,4,2,1,2,4,4,4,4,2,2,3,4,4,3.08,1,0,FALSE
Female,Loyal Customer,43,Personal Travel,Eco,444,3,4,3,1,2,4,5,1,1,3,1,3,4,2.69,7,10,FALSE
Male,Loyal Customer,37,Business Travel,Business,3476,3,3,3,3,3,4,4,3,3,4,3,3,4,3.31,2,0,TRUE
Male,Loyal Customer,41,Business Travel,Eco,262,3,4,4,4,3,3,3,3,1,3,2,2,3,2.92,0,0,TRUE
Male,Loyal Customer,44,Business Travel,Business,3187,2,2,2,2,2,3,5,5,5,5,5,1,1,3.08,0,0,TRUE
Female,Loyal Customer,49,Business Travel,Business,3043,0,0,0,3,4,4,4,3,3,3,2,3,5,2.62,0,0,TRUE
Male,Loyal Customer,70,Personal Travel,Eco,102,2,5,2,3,4,2,4,4,3,2,4,4,4,3.31,0,0,FALSE
Male,Loyal Customer,53,Business Travel,Business,3316,4,4,3,4,5,1,5,4,4,4,3,1,3,3.46,0,0,TRUE
Female,Loyal Customer,41,Business Travel,Business,3108,3,1,1,1,3,3,3,3,3,3,3,1,2,2.31,0,2,FALSE
Male,Loyal Customer,36,Business Travel,Business,3635,5,5,5,5,4,2,4,4,4,4,4,1,1,3.69,26,32,TRUE
Male,Loyal Customer,17,Personal Travel,Eco,1744,1,5,1,5,3,1,3,3,4,2,4,4,3,3,71,69,FALSE
Male,Loyal Customer,32,Business Travel,Business,3712,2,2,2,2,5,5,5,5,3,4,4,4,5,3.69,0,0,TRUE
Male,Loyal Customer,42,Business Travel,Eco Plus,110,4,4,4,4,4,4,4,4,1,4,5,2,4,3.69,0,0,TRUE
Male,Loyal Customer,23,Business Travel,Business,585,1,2,1,2,1,1,1,1,1,3,3,3,1,1.62,37,47,FALSE
Male,Loyal Customer,39,Business Travel,Business,3724,4,3,3,3,3,3,3,4,4,4,4,4,1,3.31,3,9,FALSE
Female,Disloyal Customer,25,Business Travel,Business,920,0,0,1,1,1,1,1,1,4,3,4,5,1,1.77,0,0,TRUE
Female,Loyal Customer,42,Business Travel,Business,1947,2,2,2,2,2,4,4,4,4,4,4,4,4,3.23,29,20,TRUE
Female,Loyal Customer,54,Business Travel,Business,3598,2,2,4,2,4,4,5,4,4,4,4,4,3,3.54,0,0,TRUE
Female,Loyal Customer,34,Business Travel,Business,1065,1,5,5,5,1,2,2,1,1,1,1,3,4,2.46,0,19,FALSE
Male,Disloyal Customer,25,Business Travel,Business,997,1,4,1,2,5,1,3,5,3,4,4,4,5,3.23,20,41,FALSE
Female,Loyal Customer,53,Business Travel,Business,667,4,4,4,4,4,4,5,4,4,4,4,5,3,4.08,6,6,TRUE
Female,Loyal Customer,38,Business Travel,Business,432,3,1,1,1,4,3,2,3,3,3,3,1,4,2.46,44,31,FALSE
Female,Loyal Customer,55,Personal Travel,Eco,2475,1,3,1,4,1,2,2,3,1,4,3,2,2,2.23,0,7,FALSE
Female,Loyal Customer,29,Business Travel,Business,2586,3,3,3,3,2,2,2,4,2,5,5,2,2,2.92,0,8,TRUE
Female,Disloyal Customer,27,Business Travel,Business,1521,1,2,2,2,4,2,4,4,4,2,5,4,4,3.08,1,0,FALSE
Female,Loyal Customer,41,Business Travel,Business,1624,2,2,2,2,4,5,5,5,5,5,5,3,5,3.85,0,0,TRUE
Male,Disloyal Customer,29,Business Travel,Business,1070,5,5,5,5,3,0,3,3,4,3,4,5,3,3.69,2,0,TRUE
Male,Loyal Customer,29,Business Travel,Business,1597,4,4,4,4,3,4,3,3,5,2,5,5,3,3.77,39,27,TRUE
Male,Loyal Customer,46,Business Travel,Business,1224,1,1,1,1,3,4,4,4,4,4,4,4,3,2.92,0,0,TRUE
Female,Loyal Customer,27,Business Travel,Business,2227,4,4,4,4,5,5,5,5,3,4,5,3,5,4.31,0,0,TRUE
Male,Loyal Customer,67,Business Travel,Business,2726,1,2,3,2,2,3,4,1,1,1,1,3,2,2,2,17,FALSE
Male,Disloyal Customer,27,Business Travel,Business,1744,0,0,0,2,1,0,1,1,3,5,4,3,1,1.62,10,0,TRUE
Male,Loyal Customer,45,Personal Travel,Eco Plus,1197,3,2,3,4,3,3,3,3,4,3,2,1,3,2.85,26,31,FALSE
Female,Loyal Customer,45,Business Travel,Business,2270,2,2,2,2,2,4,5,5,5,5,5,5,3,3.62,1,3,TRUE
Female,Loyal Customer,20,Personal Travel,Eco,95,2,2,2,4,3,2,3,3,4,4,3,4,3,3,0,0,FALSE
Male,Loyal Customer,50,Business Travel,Business,3467,1,1,1,1,2,4,5,4,4,4,5,5,4,3.15,2,0,TRUE
Female,Loyal Customer,23,Business Travel,Business,3306,4,4,4,4,5,5,5,5,4,1,5,3,5,4.15,0,0,TRUE
Male,Disloyal Customer,19,Business Travel,Eco,283,4,1,4,4,1,4,1,1,1,2,3,2,1,2.23,22,19,FALSE
Male,Loyal Customer,23,Business Travel,Business,489,1,5,5,5,1,1,1,1,2,1,2,2,1,2.15,54,30,FALSE
Female,Loyal Customer,64,Personal Travel,Eco,1119,3,3,2,4,5,4,3,5,5,2,5,2,1,3.38,0,0,FALSE
Male,Loyal Customer,28,Personal Travel,Eco,1089,1,1,0,4,5,0,5,5,4,2,4,4,5,3.08,0,0,FALSE
Female,Loyal Customer,31,Business Travel,Business,401,4,4,4,4,2,2,2,2,4,3,4,4,2,3.15,0,0,TRUE
Male,Loyal Customer,23,Personal Travel,Eco,1481,4,5,4,4,3,4,3,3,2,4,1,1,3,3.15,0,0,FALSE
Male,Loyal Customer,53,Business Travel,Business,1502,3,3,3,3,5,4,4,3,3,3,3,4,1,3.23,0,0,FALSE
Male,Loyal Customer,32,Business Travel,Business,3200,3,5,5,5,3,3,3,3,4,2,3,3,3,3.46,45,40,FALSE
Female,Loyal Customer,57,Business Travel,Business,3488,3,3,3,3,5,4,5,4,4,4,4,5,4,3.92,0,0,TRUE
Male,Loyal Customer,40,Personal Travel,Business,1020,1,5,2,4,4,4,5,2,2,2,2,5,3,3.15,0,0,FALSE
Male,Loyal Customer,35,Personal Travel,Eco,130,2,4,2,1,5,2,5,5,5,5,5,5,5,3.92,0,0,FALSE
Male,Loyal Customer,24,Personal Travel,Eco,1448,5,2,5,3,3,5,3,3,3,4,4,1,3,3.38,0,4,TRUE
Female,Loyal Customer,51,Personal Travel,Eco,297,3,4,3,1,3,4,5,3,3,3,3,3,3,3.15,0,0,FALSE
Male,Disloyal Customer,22,Business Travel,Business,1154,4,0,4,1,2,4,2,2,3,5,4,5,2,2.92,0,0,TRUE
Female,Disloyal Customer,40,Business Travel,Business,594,2,2,2,4,4,2,4,4,4,5,5,3,4,3.46,0,0,TRUE
Female,Loyal Customer,19,Personal Travel,Eco,889,4,5,4,1,3,4,3,3,3,3,4,3,3,3.31,6,11,TRUE
Female,Loyal Customer,61,Business Travel,Business,3749,5,5,5,5,2,4,5,4,4,4,4,3,5,4.23,5,18,TRUE
Female,Disloyal Customer,22,Business Travel,Eco,320,4,5,4,1,5,4,5,5,4,2,4,4,5,4,0,14,TRUE
Male,Loyal Customer,50,Personal Travel,Eco,1121,4,5,4,3,4,4,4,4,5,4,4,3,4,4,0,5,FALSE
Male,Loyal Customer,20,Business Travel,Business,862,3,3,3,3,5,5,5,5,4,4,4,5,5,4.15,0,9,TRUE
Female,Loyal Customer,29,Business Travel,Business,965,3,4,4,4,3,3,3,3,1,4,3,3,3,3.15,0,0,FALSE
Female,Loyal Customer,49,Business Travel,Business,3428,3,3,5,3,5,5,5,4,4,4,4,4,5,4.15,0,0,TRUE
Male,Loyal Customer,55,Business Travel,Business,3412,2,5,5,5,1,4,3,2,2,2,2,1,3,2.85,0,0,FALSE
Male,Loyal Customer,27,Personal Travel,Eco,288,2,4,2,2,5,2,5,5,5,5,4,5,5,3.92,21,23,FALSE
Female,Disloyal Customer,25,Business Travel,Eco,602,4,1,4,3,4,4,5,4,3,4,4,2,4,3.54,18,18,FALSE
Female,Loyal Customer,53,Business Travel,Business,1400,4,4,4,4,4,4,4,4,4,4,4,3,5,4,12,22,TRUE
Female,Loyal Customer,59,Business Travel,Business,1661,1,1,1,1,2,4,4,4,4,4,4,5,5,3.08,2,4,TRUE
Male,Disloyal Customer,63,Business Travel,Eco,749,3,3,3,3,1,3,1,1,2,2,4,2,1,2.23,0,17,FALSE
Male,Loyal Customer,56,Business Travel,Eco,1000,1,1,1,1,1,1,1,1,1,1,4,4,1,1.46,88,125,FALSE
Female,Loyal Customer,51,Personal Travel,Eco,417,3,5,3,1,3,1,4,3,3,3,3,1,4,2.85,0,0,FALSE
Female,Loyal Customer,60,Business Travel,Eco,332,3,5,5,5,1,3,4,3,3,3,3,1,4,3.31,0,0,FALSE
Male,Loyal Customer,40,Business Travel,Business,946,5,5,5,5,2,4,5,4,4,4,4,5,4,4.31,0,4,TRUE
Female,Loyal Customer,40,Business Travel,Business,468,3,3,3,3,5,4,5,4,4,4,4,5,5,4,0,3,TRUE
Female,Loyal Customer,41,Business Travel,Business,642,1,1,1,1,2,5,4,4,4,4,4,5,3,3,0,12,TRUE
Female,Loyal Customer,40,Personal Travel,Eco,1514,4,4,4,3,1,4,3,1,3,4,3,4,1,3,15,10,FALSE
Male,Loyal Customer,34,Business Travel,Business,2475,2,3,2,2,4,4,4,1,1,4,1,4,4,2.77,0,0,TRUE
Female,Disloyal Customer,27,Business Travel,Business,500,4,5,5,4,3,5,3,3,3,2,5,5,3,3.85,0,0,TRUE
Male,Loyal Customer,55,Business Travel,Business,234,3,3,3,3,4,4,5,4,4,4,4,4,3,3.69,0,5,TRUE
Male,Loyal Customer,54,Business Travel,Business,1013,5,5,5,5,5,5,4,2,2,2,2,5,3,3.85,9,3,TRUE
Female,Loyal Customer,45,Business Travel,Business,1733,2,2,2,2,3,5,4,4,4,4,4,4,4,3.38,0,0,TRUE
Female,Loyal Customer,62,Personal Travel,Eco,861,3,4,3,3,4,5,4,4,4,3,1,3,3,3.38,10,17,FALSE
Male,Loyal Customer,69,Personal Travel,Eco,425,3,1,3,2,2,3,2,2,1,1,2,3,2,2.08,0,0,FALSE
Male,Disloyal Customer,50,Business Travel,Business,575,4,4,4,4,3,4,3,3,3,4,4,5,3,3.69,0,0,TRUE
Male,Loyal Customer,57,Business Travel,Business,2844,1,1,1,1,3,4,5,4,4,4,4,4,3,3,56,41,TRUE
Female,Loyal Customer,26,Business Travel,Business,3005,1,1,1,1,5,5,5,5,4,4,5,5,5,3.62,11,0,TRUE
Female,Loyal Customer,42,Business Travel,Eco,1121,4,4,4,4,3,2,1,4,4,4,4,4,1,3.31,24,21,TRUE
Male,Loyal Customer,36,Business Travel,Business,1652,2,2,2,2,3,4,5,4,4,4,4,3,5,3.38,0,0,TRUE
Female,Loyal Customer,41,Business Travel,Business,2585,1,1,1,1,4,4,4,5,5,5,5,4,4,3.38,0,0,TRUE
Male,Loyal Customer,55,Business Travel,Business,368,1,1,1,1,2,4,5,4,4,4,4,4,4,3,0,1,TRUE
Male,Loyal Customer,41,Personal Travel,Eco,1171,0,4,0,1,2,0,2,2,4,2,3,5,2,2.08,24,27,TRUE
Male,Loyal Customer,19,Personal Travel,Eco,255,2,4,2,4,3,2,3,3,1,1,3,1,3,2.46,0,3,FALSE
Male,Loyal Customer,44,Business Travel,Eco,2454,4,1,1,1,4,4,4,3,4,5,4,4,4,3.31,0,0,TRUE
Male,Loyal Customer,8,Personal Travel,Eco,406,2,4,5,3,1,5,1,1,4,3,4,3,1,2.85,25,38,FALSE
Female,Loyal Customer,18,Business Travel,Business,3277,4,4,2,4,4,4,4,4,4,3,4,4,4,3.77,26,15,FALSE
Female,Loyal Customer,44,Business Travel,Eco Plus,160,5,1,1,1,5,4,5,5,5,5,5,5,3,3.85,0,0,TRUE
Female,Loyal Customer,61,Business Travel,Eco,272,4,5,5,5,2,5,4,4,4,4,4,1,2,3.77,0,0,TRUE
Female,Disloyal Customer,34,Business Travel,Business,2342,2,2,2,4,1,2,1,1,4,2,4,3,1,2.23,0,0,FALSE
Male,Loyal Customer,37,Business Travel,Business,129,4,3,3,3,2,3,4,2,2,1,4,4,4,3,77,78,FALSE
Female,Loyal Customer,66,Business Travel,Business,280,2,3,3,3,4,4,4,2,2,2,2,4,2,2.85,0,0,FALSE
Female,Loyal Customer,57,Personal Travel,Eco,936,4,1,4,3,4,4,3,3,3,4,3,2,1,3,0,0,FALSE
Female,Loyal Customer,34,Personal Travel,Eco,151,3,4,0,1,3,0,2,3,5,3,5,3,3,2.69,0,0,FALSE
Male,Loyal Customer,44,Business Travel,Eco Plus,96,4,1,1,1,4,4,4,4,4,3,3,3,4,3.08,0,1,FALSE
Female,Loyal Customer,16,Personal Travel,Business,1476,3,5,3,4,4,3,4,4,5,5,5,4,4,4.08,0,0,FALSE
Male,Loyal Customer,49,Business Travel,Business,3805,3,2,2,2,4,4,3,3,3,4,3,1,2,2.77,10,0,FALSE
Female,Loyal Customer,44,Personal Travel,Eco,1076,3,5,3,3,5,4,4,2,2,3,2,4,5,3.46,28,31,FALSE
Male,Loyal Customer,25,Personal Travel,Eco,337,2,4,2,4,3,2,3,3,4,4,4,2,3,3.08,12,2,FALSE
Female,Disloyal Customer,28,Business Travel,Business,280,3,3,3,1,4,3,4,4,3,4,4,5,4,3.46,0,0,FALSE
Male,Loyal Customer,42,Business Travel,Business,404,2,5,5,5,4,2,3,2,2,2,2,1,4,3,0,0,FALSE
Female,Loyal Customer,53,Personal Travel,Eco,338,1,5,4,3,2,5,5,4,4,4,3,3,4,3.62,0,0,FALSE
Female,Loyal Customer,33,Business Travel,Eco Plus,2611,3,2,2,2,3,3,3,3,1,4,3,3,3,2.69,0,0,FALSE
Female,Loyal Customer,47,Business Travel,Business,2744,3,3,3,3,5,3,2,3,3,3,3,1,2,2.85,0,2,FALSE
Male,Disloyal Customer,16,Business Travel,Eco,758,4,4,4,4,3,4,2,3,4,2,4,4,3,3.46,2,0,FALSE
Male,Loyal Customer,16,Personal Travel,Eco,1014,2,4,2,4,1,2,1,1,3,5,4,5,1,2.69,91,120,FALSE
Female,Disloyal Customer,21,Business Travel,Eco,569,2,1,3,3,2,3,2,2,1,1,3,3,2,2.15,0,0,FALSE
Male,Disloyal Customer,18,Business Travel,Business,491,5,0,5,3,1,5,1,1,3,3,4,4,1,2.77,0,0,TRUE
Female,Loyal Customer,30,Business Travel,Eco Plus,361,1,4,4,4,1,1,1,1,4,2,3,2,1,2.23,1,0,FALSE
Female,Loyal Customer,23,Personal Travel,Eco,919,3,2,3,3,3,3,3,3,3,3,4,4,3,3.08,112,95,FALSE
Male,Loyal Customer,64,Business Travel,Eco,177,2,2,2,2,2,2,2,2,3,3,3,4,2,2.38,1,0,FALSE
Male,Loyal Customer,65,Business Travel,Business,425,3,4,4,4,3,3,4,3,3,3,3,4,2,3.31,0,2,FALSE
Male,Loyal Customer,54,Business Travel,Business,185,3,3,4,3,5,4,5,5,5,5,4,5,3,4.15,25,24,TRUE
Male,Loyal Customer,59,Business Travel,Business,184,4,4,4,4,5,5,5,3,3,4,4,3,4,4,0,0,TRUE
Male,Loyal Customer,45,Business Travel,Eco,944,4,2,1,1,4,4,4,1,3,3,2,4,4,2.85,187,214,FALSE
Male,Loyal Customer,55,Business Travel,Eco,663,2,4,5,5,2,2,2,2,2,3,3,4,2,2.92,19,7,FALSE
Male,Loyal Customer,41,Personal Travel,Eco,481,3,4,3,4,2,3,2,2,3,5,3,1,2,2.85,0,0,FALSE
Male,Loyal Customer,14,Personal Travel,Eco,1050,4,4,4,1,3,4,3,3,4,3,1,3,3,3.08,11,0,FALSE
Male,Loyal Customer,8,Personal Travel,Eco Plus,409,4,5,4,2,5,4,5,5,4,4,5,3,5,4.23,0,0,TRUE
Female,Disloyal Customer,48,Business Travel,Eco,170,2,0,3,2,5,3,5,5,4,3,1,1,5,3,21,50,FALSE
Female,Disloyal Customer,42,Business Travel,Business,977,3,3,3,3,3,3,3,4,3,4,5,3,3,3.31,131,125,FALSE
Female,Loyal Customer,53,Business Travel,Business,3643,5,5,5,5,4,4,4,3,3,3,3,3,4,3.92,0,0,TRUE
Male,Loyal Customer,47,Business Travel,Business,3065,3,2,2,2,3,2,2,3,3,3,3,2,1,2.38,57,54,FALSE
Male,Loyal Customer,37,Business Travel,Eco,230,3,5,5,5,3,4,3,3,4,4,5,2,3,3.77,0,0,TRUE
Male,Loyal Customer,14,Personal Travel,Eco,220,1,5,1,3,5,1,5,5,4,5,3,4,5,3.62,11,1,FALSE
Male,Loyal Customer,40,Personal Travel,Business,1744,5,3,5,3,5,3,3,2,2,5,3,3,1,3.31,0,5,TRUE
Male,Loyal Customer,31,Personal Travel,Eco,416,2,5,2,4,3,2,3,3,1,3,4,5,3,3.08,0,1,FALSE
Female,Loyal Customer,49,Personal Travel,Eco,1440,3,4,3,4,4,5,5,1,1,3,1,5,3,3.23,25,38,FALSE
Male,Disloyal Customer,44,Business Travel,Business,1660,2,2,2,1,1,2,1,1,3,3,4,3,1,2,11,7,FALSE
Female,Disloyal Customer,27,Business Travel,Business,1028,3,3,3,3,3,1,4,1,2,3,4,4,4,2.92,170,164,FALSE
Female,Loyal Customer,26,Personal Travel,Eco,101,2,3,2,3,4,2,4,4,3,5,3,1,4,3.08,4,10,FALSE
Female,Disloyal Customer,48,Business Travel,Business,2158,4,4,4,3,4,4,4,4,3,5,4,3,4,3.85,12,0,TRUE
Male,Loyal Customer,58,Personal Travel,Eco,866,4,5,4,1,5,4,5,5,5,3,5,4,5,4.23,0,0,TRUE
Male,Loyal Customer,22,Personal Travel,Eco,1399,2,4,2,4,5,2,4,5,5,2,3,4,5,3.62,0,0,FALSE
Male,Loyal Customer,60,Business Travel,Business,2259,5,5,4,5,3,5,4,4,4,4,4,3,3,4.08,0,0,TRUE
Male,Loyal Customer,51,Business Travel,Eco,1217,5,1,5,1,5,5,5,2,3,5,3,5,5,3.85,0,7,TRUE
Female,Loyal Customer,61,Personal Travel,Eco,628,2,4,2,4,2,4,3,1,1,2,1,4,1,2.38,20,6,FALSE
Male,Loyal Customer,67,Personal Travel,Eco,2276,3,2,3,4,3,4,4,4,4,2,4,4,4,3.46,0,5,FALSE
Female,Disloyal Customer,21,Business Travel,Eco,547,3,5,3,3,2,3,2,2,4,5,4,5,2,3.31,0,4,FALSE
Male,Loyal Customer,23,Business Travel,Eco Plus,268,1,5,5,5,1,1,1,1,1,1,3,3,1,2.23,0,0,FALSE
Male,Loyal Customer,51,Business Travel,Eco,2172,5,3,3,3,5,5,5,5,5,4,3,5,5,4.31,0,0,TRUE
Male,Loyal Customer,43,Business Travel,Business,2520,5,4,5,5,4,4,1,3,3,3,3,2,3,3.46,0,0,TRUE
Female,Loyal Customer,45,Business Travel,Eco,146,2,3,3,3,4,4,4,2,2,2,2,1,1,2.54,1,4,FALSE
Female,Loyal Customer,21,Business Travel,Business,1590,4,4,4,4,5,4,5,5,4,4,4,5,5,4.38,0,0,TRUE
Female,Disloyal Customer,24,Business Travel,Business,1130,4,0,4,1,4,4,4,4,4,5,5,3,4,3.54,26,15,TRUE
Male,Loyal Customer,35,Business Travel,Business,1084,3,1,1,1,1,2,2,3,3,3,3,1,3,2.08,0,0,FALSE
Male,Loyal Customer,66,Personal Travel,Eco,451,4,4,4,3,1,4,1,1,2,5,4,3,1,2.85,0,0,FALSE
Female,Loyal Customer,38,Business Travel,Business,1368,2,2,2,2,2,4,4,3,3,3,3,5,3,2.92,4,2,TRUE
Male,Loyal Customer,49,Personal Travel,Business,726,3,3,3,4,1,3,4,4,4,3,4,4,2,3.23,0,0,FALSE
Male,Loyal Customer,52,Business Travel,Business,1897,4,4,4,4,3,5,4,4,4,4,4,4,3,3.92,8,10,TRUE
Male,Loyal Customer,18,Business Travel,Eco,678,3,1,1,1,3,3,4,3,1,4,4,4,3,2.69,0,0,FALSE
Female,Loyal Customer,42,Business Travel,Eco,261,1,2,5,2,1,3,3,1,1,1,1,3,1,1.92,0,0,FALSE
Female,Loyal Customer,60,Personal Travel,Eco,447,4,4,4,5,4,4,5,5,5,4,5,5,4,4.46,0,0,TRUE
Male,Loyal Customer,68,Personal Travel,Eco,1235,2,4,2,4,2,2,2,2,3,5,4,3,2,2.85,65,71,FALSE
Male,Loyal Customer,63,Personal Travel,Business,316,3,0,4,4,3,4,4,5,5,4,5,3,5,3.77,27,16,FALSE
Female,Disloyal Customer,25,Business Travel,Eco,221,2,1,2,3,3,2,3,3,4,4,3,4,3,2.85,0,0,FALSE
Female,Disloyal Customer,29,Business Travel,Eco,964,4,4,4,3,1,4,1,1,2,3,2,3,1,2.54,0,0,TRUE
Female,Loyal Customer,34,Personal Travel,Eco,129,1,4,1,5,4,1,4,4,4,5,5,4,4,3.54,0,4,FALSE
Male,Disloyal Customer,20,Business Travel,Eco,236,4,1,4,3,4,4,4,4,2,3,3,2,4,3.23,0,0,FALSE
Female,Loyal Customer,29,Personal Travel,Eco,781,5,4,5,5,4,5,4,4,4,5,4,4,4,4.38,0,0,TRUE
Male,Loyal Customer,45,Business Travel,Business,280,2,2,2,2,3,2,5,5,5,4,5,1,3,3.15,38,59,TRUE
Male,Loyal Customer,27,Business Travel,Business,183,4,4,4,4,5,4,4,5,4,3,4,3,5,4.08,0,7,FALSE
Male,Loyal Customer,29,Business Travel,Eco,2556,1,5,5,5,1,1,1,1,2,5,3,4,1,2.69,0,0,FALSE
Female,Loyal Customer,29,Business Travel,Eco Plus,651,3,3,4,3,3,3,3,3,2,4,3,1,3,2.92,0,0,FALSE
Male,Loyal Customer,48,Business Travel,Business,1713,3,3,3,3,2,5,4,5,5,5,5,5,4,4,32,43,TRUE
Female,Loyal Customer,26,Personal Travel,Eco,679,2,5,2,1,3,2,3,3,3,5,5,5,3,3.23,82,70,FALSE
Female,Loyal Customer,64,Business Travel,Eco,112,3,4,4,4,3,3,4,3,3,3,3,5,2,3.38,48,40,TRUE
Female,Loyal Customer,54,Personal Travel,Eco,541,5,4,5,4,3,2,2,1,1,5,1,5,2,3.08,0,0,TRUE
Male,Disloyal Customer,37,Business Travel,Business,1723,1,1,1,1,3,1,3,3,5,3,3,4,3,2.46,23,5,FALSE
Male,Loyal Customer,58,Personal Travel,Eco,500,3,4,5,3,3,5,3,3,4,2,4,5,3,3.62,0,0,FALSE
Male,Disloyal Customer,39,Business Travel,Business,370,1,1,1,4,5,1,5,5,4,5,5,5,5,3.62,11,9,FALSE
Male,Loyal Customer,53,Business Travel,Business,2277,3,2,3,3,2,5,5,4,4,4,4,5,5,3.77,7,1,TRUE
Male,Loyal Customer,16,Personal Travel,Eco,861,2,5,2,3,2,2,2,2,3,4,5,4,2,2.92,0,0,FALSE
Male,Loyal Customer,49,Business Travel,Business,258,4,4,2,4,4,5,4,4,4,4,4,4,4,3.92,0,0,TRUE
Female,Disloyal Customer,22,Business Travel,Eco,779,2,2,2,1,1,2,1,1,2,1,5,2,1,1.77,126,110,FALSE
Male,Loyal Customer,22,Business Travel,Business,861,5,5,5,5,3,4,3,3,5,2,4,5,3,4,0,0,TRUE
Female,Loyal Customer,15,Personal Travel,Business,417,4,5,4,4,1,4,1,1,4,3,3,2,1,2.85,8,7,FALSE
Male,Loyal Customer,30,Business Travel,Business,2288,2,2,2,2,5,4,5,5,3,4,5,5,5,3.77,0,4,TRUE
Female,Disloyal Customer,25,Business Travel,Eco,1189,3,3,3,4,4,3,4,4,3,4,4,1,4,3.38,31,29,FALSE
Female,Loyal Customer,24,Personal Travel,Eco,455,3,2,3,3,5,3,4,5,1,3,4,1,5,3.23,0,0,FALSE
Female,Loyal Customer,60,Business Travel,Eco,2253,4,5,3,5,5,1,3,4,4,4,4,2,2,3.54,0,0,FALSE
Male,Loyal Customer,62,Personal Travel,Eco,528,2,5,2,4,2,2,2,2,4,5,4,2,2,2.92,0,0,FALSE
Female,Loyal Customer,27,Business Travel,Business,1533,4,2,2,2,4,4,4,4,3,5,4,3,4,3.46,56,60,FALSE
Female,Disloyal Customer,22,Business Travel,Eco,1136,3,3,3,2,4,3,4,4,4,4,4,3,4,3.46,100,104,TRUE
Male,Loyal Customer,50,Business Travel,Business,1437,4,4,4,4,2,5,5,4,4,4,4,4,5,4.08,0,21,TRUE
Male,Loyal Customer,36,Business Travel,Business,1448,3,3,3,3,3,2,1,4,4,4,4,2,1,2.85,0,0,TRUE
Female,Loyal Customer,47,Business Travel,Business,2586,3,3,3,3,5,4,4,5,5,5,5,3,4,4,0,0,TRUE
Female,Loyal Customer,23,Personal Travel,Eco,946,0,4,0,3,2,0,2,2,4,1,3,5,2,2.15,0,0,TRUE
Male,Loyal Customer,40,Business Travel,Business,192,3,3,4,3,5,4,5,4,4,4,4,3,3,3.77,0,0,TRUE
Male,Loyal Customer,37,Business Travel,Business,2601,3,4,4,4,1,4,3,3,3,3,3,3,1,3,0,2,FALSE
Male,Loyal Customer,53,Business Travel,Business,3825,3,3,3,3,5,4,4,3,3,4,3,3,3,3.38,0,0,TRUE
Female,Loyal Customer,80,Business Travel,Business,3859,5,1,1,1,2,4,4,5,5,4,5,2,4,3.31,0,0,FALSE
Female,Loyal Customer,56,Personal Travel,Eco Plus,1931,2,4,1,2,4,4,4,4,4,1,5,3,5,3.31,0,0,FALSE
Female,Loyal Customer,54,Business Travel,Business,335,2,2,2,2,1,4,4,2,2,2,2,3,1,2.23,0,0,FALSE
Male,Loyal Customer,47,Business Travel,Business,3136,2,2,2,2,3,5,4,3,3,4,3,5,3,3.15,0,0,TRUE
Male,Loyal Customer,60,Business Travel,Business,526,1,1,1,1,1,5,1,4,4,4,4,4,1,2.46,0,0,TRUE
Male,Disloyal Customer,21,Business Travel,Business,89,4,0,5,1,3,5,3,3,4,4,5,5,3,3.46,0,0,TRUE
Male,Loyal Customer,7,Personal Travel,Eco,2176,2,5,2,2,5,2,5,5,3,2,2,1,5,3.15,0,0,FALSE
Female,Loyal Customer,21,Personal Travel,Eco Plus,912,4,5,4,5,2,4,1,2,3,2,5,3,2,3.23,0,0,FALSE
Male,Loyal Customer,65,Business Travel,Business,479,2,2,5,2,3,5,4,5,5,5,5,5,3,3.92,11,13,TRUE
Female,Loyal Customer,60,Business Travel,Business,1561,2,5,5,5,3,1,2,2,2,2,2,1,3,2.69,0,0,FALSE
Male,Loyal Customer,52,Personal Travel,Eco,853,2,5,2,3,5,2,5,5,5,2,5,3,5,3.77,86,85,FALSE
Female,Disloyal Customer,27,Business Travel,Eco,460,2,3,1,3,4,1,4,4,1,5,2,2,4,2.77,62,43,FALSE
Male,Loyal Customer,35,Business Travel,Business,3153,3,3,3,3,1,5,5,5,5,4,5,3,4,3.77,81,73,TRUE
Female,Loyal Customer,29,Business Travel,Business,3458,2,5,5,5,2,3,2,2,2,1,3,1,2,2.69,0,0,FALSE
Male,Loyal Customer,45,Business Travel,Business,2139,3,3,3,3,3,3,4,5,5,5,5,3,3,3.69,0,0,TRUE
Female,Loyal Customer,50,Personal Travel,Eco,2521,2,1,2,4,2,4,5,1,1,3,3,5,5,2.92,10,10,FALSE
Female,Loyal Customer,59,Business Travel,Business,258,5,5,2,5,3,5,5,5,5,5,5,3,5,4.46,10,12,TRUE
Male,Disloyal Customer,36,Business Travel,Business,1126,1,1,1,4,1,1,1,1,5,5,5,3,1,2.31,13,5,FALSE
Male,Loyal Customer,14,Business Travel,Eco,1504,3,3,3,3,3,3,2,3,1,5,3,1,3,2.77,0,0,FALSE
Male,Loyal Customer,46,Business Travel,Eco,152,3,4,4,4,3,3,3,3,2,5,3,2,3,3.23,3,0,FALSE
Male,Loyal Customer,49,Business Travel,Business,1188,2,2,2,2,4,5,5,4,4,4,4,3,5,3.54,8,23,TRUE
Female,Loyal Customer,29,Personal Travel,Eco,1464,5,5,5,3,4,5,4,4,5,5,5,4,4,4.46,30,6,TRUE
Male,Loyal Customer,58,Personal Travel,Eco,361,1,4,1,4,2,1,2,2,3,3,5,5,2,2.69,0,3,FALSE
Male,Loyal Customer,69,Personal Travel,Eco,550,3,4,3,4,2,3,4,2,1,4,3,3,2,2.92,0,0,FALSE
Male,Disloyal Customer,25,Business Travel,Business,1235,5,5,5,3,4,5,1,4,3,2,5,3,4,3.77,10,0,TRUE
Male,Disloyal Customer,28,Business Travel,Business,666,0,0,0,2,2,0,2,2,3,4,5,3,2,1.92,41,68,TRUE
Male,Disloyal Customer,42,Business Travel,Business,296,3,3,3,4,4,3,4,4,5,4,4,3,4,3.69,13,0,FALSE
Male,Loyal Customer,52,Business Travel,Eco Plus,678,2,2,2,2,2,2,2,2,1,1,3,1,2,1.85,0,20,FALSE
Female,Loyal Customer,19,Business Travel,Eco,223,4,5,5,5,4,4,4,4,2,5,3,2,4,3.92,2,0,FALSE
Male,Loyal Customer,66,Business Travel,Business,3829,3,5,5,5,3,3,3,3,3,3,3,1,3,3.31,42,41,FALSE
Male,Loyal Customer,36,Business Travel,Business,2194,3,3,2,3,3,4,1,4,4,4,4,2,5,3.23,14,0,TRUE
Female,Disloyal Customer,30,Business Travel,Eco,933,3,3,3,4,3,3,4,3,5,5,3,5,3,3.62,4,3,FALSE
Male,Loyal Customer,58,Personal Travel,Eco,201,2,5,2,5,5,2,5,5,4,2,1,5,5,3.69,10,15,FALSE
Male,Loyal Customer,29,Business Travel,Business,909,1,1,1,1,4,4,4,4,3,2,4,3,4,2.77,1,0,TRUE
Male,Loyal Customer,39,Business Travel,Business,3264,3,3,3,3,5,4,4,5,5,5,5,3,5,4.08,0,0,TRUE
Female,Disloyal Customer,25,Business Travel,Business,577,4,0,4,4,2,4,2,2,5,4,5,4,2,3.23,26,22,FALSE
Male,Loyal Customer,24,Personal Travel,Eco,319,2,3,2,1,5,2,5,5,3,3,2,1,5,3,49,37,FALSE
Female,Disloyal Customer,21,Business Travel,Eco,689,3,3,3,3,5,3,5,5,3,1,3,4,5,3.54,0,0,FALSE
Female,Disloyal Customer,59,Business Travel,Business,134,1,1,1,1,2,1,2,2,3,2,5,4,2,2.08,11,12,FALSE
Female,Loyal Customer,39,Business Travel,Eco,358,1,4,4,4,1,1,1,1,2,1,4,1,1,2,23,21,FALSE
Female,Loyal Customer,46,Business Travel,Business,2294,1,1,1,1,3,5,4,2,2,2,2,4,5,2.54,0,0,TRUE
Female,Disloyal Customer,27,Business Travel,Eco,620,1,0,1,3,3,1,3,3,1,2,4,1,3,2,0,0,FALSE
Female,Loyal Customer,55,Business Travel,Business,1939,0,0,0,1,3,4,4,3,3,3,3,3,5,2.46,34,37,TRUE
Male,Loyal Customer,49,Business Travel,Business,158,4,4,4,4,2,4,4,4,4,4,4,5,5,4,0,0,TRUE
Male,Loyal Customer,48,Personal Travel,Eco,2475,3,3,3,4,3,1,1,2,2,5,3,1,1,2.46,5,13,FALSE
Female,Disloyal Customer,37,Business Travel,Business,158,1,1,1,3,5,1,4,5,2,3,4,3,5,2.92,0,0,FALSE
Male,Loyal Customer,22,Business Travel,Business,1476,4,4,4,4,4,4,4,4,3,5,3,1,4,3.69,2,0,TRUE
Female,Loyal Customer,52,Business Travel,Business,1773,2,2,2,2,2,3,5,3,3,3,3,5,4,3,14,11,TRUE
Male,Loyal Customer,34,Business Travel,Business,1039,1,1,1,1,2,3,5,5,5,5,5,2,1,2.85,30,33,TRUE
Female,Loyal Customer,66,Personal Travel,Eco Plus,448,4,5,4,4,2,4,5,4,4,4,4,3,4,3.92,17,13,FALSE
Male,Disloyal Customer,19,Business Travel,Eco,1788,4,4,4,2,5,4,5,5,5,3,3,4,5,4.08,19,3,FALSE
Male,Loyal Customer,52,Business Travel,Business,2342,5,5,5,5,4,5,4,4,4,4,4,4,3,4.31,0,0,TRUE
Male,Loyal Customer,13,Personal Travel,Business,554,4,4,4,1,1,4,2,1,5,4,4,4,1,3,0,12,TRUE
Female,Loyal Customer,38,Business Travel,Business,308,3,3,4,3,3,4,5,4,4,4,4,3,2,3.54,0,0,TRUE
Male,Loyal Customer,41,Business Travel,Business,3161,3,4,4,4,4,3,3,3,3,3,3,2,3,3.23,0,0,FALSE
Male,Loyal Customer,62,Personal Travel,Eco,862,2,4,2,4,4,2,4,4,5,2,5,4,4,3.54,0,0,FALSE
Male,Loyal Customer,41,Personal Travel,Eco,558,0,4,0,4,5,0,3,5,5,4,4,5,5,3.38,0,0,TRUE
Female,Loyal Customer,15,Personal Travel,Eco,687,3,1,3,2,2,3,2,2,1,5,1,4,2,2.38,0,0,FALSE
Male,Loyal Customer,21,Personal Travel,Business,862,5,4,5,2,2,5,5,2,4,4,5,3,2,3.69,2,0,TRUE
Male,Loyal Customer,56,Business Travel,Business,1610,1,1,3,1,5,4,4,5,5,5,5,4,4,3.62,0,9,TRUE
Female,Disloyal Customer,50,Business Travel,Eco,100,1,2,1,3,2,1,2,2,3,2,3,4,2,2.15,0,10,FALSE
Female,Disloyal Customer,39,Business Travel,Business,946,2,2,2,4,5,2,5,5,2,2,4,3,5,3.31,0,25,FALSE
Female,Disloyal Customer,25,Business Travel,Eco,604,3,5,3,3,1,3,1,1,1,5,5,5,1,2.85,0,0,FALSE
Male,Loyal Customer,48,Business Travel,Eco,89,3,5,5,5,3,3,3,3,2,5,4,3,3,3.62,0,0,TRUE
Female,Loyal Customer,26,Personal Travel,Eco,842,0,5,0,1,4,0,4,4,3,3,5,4,4,2.85,12,0,TRUE
Female,Loyal Customer,22,Business Travel,Business,3652,5,5,5,5,5,5,5,5,2,2,1,2,5,4,0,0,TRUE
Female,Loyal Customer,46,Business Travel,Business,3460,4,4,4,4,4,2,2,4,4,5,4,2,1,3.38,0,0,TRUE
Male,Loyal Customer,70,Business Travel,Business,296,4,1,1,1,2,3,3,4,4,3,4,4,1,2.69,0,0,FALSE
Male,Loyal Customer,65,Personal Travel,Eco,67,3,5,3,3,5,3,5,5,4,3,5,4,5,4.08,1,0,FALSE
Male,Loyal Customer,40,Personal Travel,Eco,134,3,2,3,3,1,3,1,1,1,5,3,3,1,2.31,0,0,FALSE
Male,Loyal Customer,25,Personal Travel,Eco,909,2,2,3,3,2,3,2,2,1,3,4,3,2,2.46,11,0,FALSE
Male,Loyal Customer,60,Business Travel,Business,2231,2,2,2,2,2,4,4,2,2,2,2,1,4,2.38,0,2,FALSE
Male,Loyal Customer,36,Business Travel,Business,670,2,2,2,2,3,5,4,4,4,5,4,4,5,3.54,10,16,TRUE
Female,Disloyal Customer,42,Business Travel,Business,431,3,3,3,5,3,3,3,3,5,2,4,5,3,3.46,0,4,FALSE
Female,Loyal Customer,23,Business Travel,Eco Plus,438,4,5,5,5,4,4,5,4,5,3,4,3,4,4.23,0,2,TRUE
Male,Loyal Customer,23,Business Travel,Eco Plus,377,2,2,2,2,2,2,4,2,1,1,3,2,2,2.08,0,0,FALSE
Female,Loyal Customer,19,Personal Travel,Eco,868,5,2,5,3,5,1,1,3,4,3,4,1,1,2.92,165,146,TRUE
Male,Loyal Customer,27,Personal Travel,Eco,580,3,4,3,3,2,3,2,2,4,4,4,3,2,3,6,4,FALSE
Female,Loyal Customer,30,Personal Travel,Eco,402,1,5,1,3,4,1,4,4,3,4,4,4,4,3.23,0,0,FALSE
Female,Loyal Customer,56,Business Travel,Business,1713,1,1,1,1,3,4,5,4,4,5,4,5,3,3.15,7,0,TRUE
Male,Loyal Customer,54,Business Travel,Business,874,3,2,3,3,3,5,5,4,4,4,4,4,5,3.77,2,0,TRUE
Male,Loyal Customer,60,Business Travel,Business,1587,5,2,5,5,3,5,4,5,5,5,5,4,5,4.46,0,0,TRUE
Male,Loyal Customer,60,Personal Travel,Eco,259,1,2,1,4,4,1,4,4,3,2,4,2,4,2.77,0,0,FALSE
Female,Disloyal Customer,37,Business Travel,Eco,404,2,1,2,4,1,2,1,1,4,1,4,3,1,2.08,0,0,FALSE
Male,Disloyal Customer,27,Business Travel,Business,1258,5,5,5,4,1,5,1,1,5,4,5,3,1,3.46,0,0,TRUE
Female,Loyal Customer,60,Business Travel,Business,3851,2,3,3,3,3,3,4,2,2,2,2,1,4,2.62,23,22,FALSE
Female,Disloyal Customer,27,Business Travel,Eco,486,2,2,2,4,5,2,5,5,3,3,3,3,5,3.38,10,4,FALSE
Male,Loyal Customer,31,Business Travel,Business,3695,1,1,1,1,5,5,5,5,5,4,5,3,5,3.54,13,40,TRUE
Male,Loyal Customer,57,Business Travel,Business,700,3,3,3,3,3,2,2,3,3,3,3,3,3,2.85,0,0,FALSE
Male,Disloyal Customer,24,Business Travel,Eco,1172,4,4,4,2,3,4,3,3,3,5,4,5,3,3.62,0,0,FALSE
Male,Loyal Customer,31,Business Travel,Business,873,4,4,4,4,5,5,5,5,5,5,4,5,5,4.62,3,3,TRUE
Female,Loyal Customer,29,Business Travel,Business,542,5,3,5,5,5,4,5,5,1,3,4,3,5,4.08,0,0,TRUE
Male,Disloyal Customer,31,Business Travel,Business,1075,4,4,4,3,1,4,1,1,2,3,3,5,1,2.77,3,4,FALSE
Male,Loyal Customer,44,Business Travel,Business,222,1,2,3,2,3,2,2,5,5,4,1,1,3,2.62,0,9,FALSE
Female,Loyal Customer,67,Business Travel,Eco Plus,1417,4,5,5,5,1,4,2,4,4,4,4,1,3,3.54,0,0,TRUE
Male,Loyal Customer,72,Business Travel,Business,3081,4,4,4,4,5,4,4,4,4,4,4,3,5,4.08,0,0,TRUE
Female,Loyal Customer,28,Business Travel,Business,2298,4,2,2,2,4,4,4,4,1,1,3,2,4,2.85,7,18,FALSE
Female,Disloyal Customer,36,Business Travel,Eco,846,3,3,3,3,1,3,1,1,2,4,3,1,1,2.23,5,0,FALSE
Male,Disloyal Customer,33,Business Travel,Business,337,4,4,4,1,2,4,2,2,4,4,4,4,2,3.15,87,75,FALSE
Female,Loyal Customer,36,Business Travel,Eco,580,2,4,4,4,2,2,2,2,4,2,2,1,2,2.54,1,0,FALSE
Female,Loyal Customer,40,Business Travel,Business,3608,3,3,3,3,2,1,1,5,5,5,5,4,1,3.15,0,0,TRUE
Male,Loyal Customer,48,Business Travel,Business,3842,2,1,2,2,2,4,2,3,3,3,3,2,5,2.62,36,34,TRUE
Female,Loyal Customer,9,Business Travel,Business,1337,5,5,5,5,5,5,5,5,5,3,4,4,5,4.69,4,0,TRUE
Female,Loyal Customer,42,Business Travel,Business,2751,4,4,4,4,3,5,5,4,4,4,4,5,4,4.15,17,22,TRUE
Male,Loyal Customer,46,Business Travel,Business,2790,2,1,1,1,4,3,3,2,2,2,2,4,2,2.23,4,0,FALSE
Female,Loyal Customer,37,Business Travel,Eco Plus,383,4,2,2,2,4,4,4,4,4,2,5,5,4,3.54,0,0,TRUE
Female,Loyal Customer,55,Business Travel,Business,1688,2,2,2,2,2,5,5,5,5,5,5,4,3,3.62,0,0,TRUE
Male,Loyal Customer,47,Business Travel,Business,2182,0,5,0,4,3,5,4,3,3,3,3,5,4,3.23,21,24,TRUE
Male,Loyal Customer,70,Personal Travel,Eco,321,2,5,2,5,2,2,2,2,3,2,2,5,2,2.77,0,0,FALSE
Female,Disloyal Customer,44,Business Travel,Business,1744,4,4,4,2,4,4,4,4,5,2,4,3,4,3.69,0,0,FALSE
Female,Loyal Customer,62,Personal Travel,Eco,1428,4,3,4,2,1,4,3,2,2,4,2,1,2,2.62,0,0,TRUE
Female,Loyal Customer,28,Personal Travel,Eco,204,2,3,0,2,3,0,3,3,4,1,3,4,3,2.38,0,6,FALSE
Male,Loyal Customer,33,Business Travel,Business,240,2,2,3,2,2,2,2,2,2,5,4,3,2,2.54,1,0,FALSE
Female,Loyal Customer,45,Personal Travel,Eco,287,2,4,2,2,5,4,4,2,2,2,2,5,5,3.15,0,0,FALSE
Female,Loyal Customer,53,Business Travel,Business,1963,3,3,3,3,4,4,5,5,5,5,5,5,4,4.15,1,0,TRUE
Male,Loyal Customer,57,Personal Travel,Eco Plus,156,2,5,2,3,4,2,4,4,3,3,1,1,4,2.92,0,0,FALSE
Female,Loyal Customer,58,Business Travel,Business,222,5,5,5,5,3,5,5,5,5,4,5,4,4,4.62,0,0,TRUE
Male,Loyal Customer,50,Business Travel,Business,2149,2,5,5,5,3,3,3,2,2,2,2,2,4,3.08,5,0,FALSE
Female,Disloyal Customer,26,Business Travel,Eco,934,3,3,3,3,1,3,1,1,1,4,2,3,1,2.23,0,0,FALSE
Female,Loyal Customer,53,Personal Travel,Eco,874,3,0,4,3,3,4,1,5,5,4,5,5,5,3.62,0,9,FALSE
Female,Loyal Customer,51,Business Travel,Business,2182,2,2,2,2,2,3,4,5,5,5,5,4,3,3.38,14,29,TRUE
Female,Disloyal Customer,37,Business Travel,Eco,251,3,2,3,3,3,3,3,3,4,3,3,1,3,2.85,0,0,FALSE
Male,Loyal Customer,24,Personal Travel,Eco,190,2,3,2,2,5,2,5,5,3,2,2,1,5,3,0,0,FALSE
Female,Loyal Customer,58,Business Travel,Business,1905,2,3,3,3,5,4,4,2,2,2,2,3,2,2.85,7,0,FALSE
Female,Loyal Customer,52,Business Travel,Eco,448,4,2,2,2,2,2,3,4,4,4,4,5,5,3.31,2,63,TRUE
Male,Loyal Customer,32,Personal Travel,Eco,868,3,3,3,1,4,3,4,4,4,2,3,4,4,3.23,0,0,FALSE
Female,Disloyal Customer,27,Business Travel,Eco,472,3,4,3,4,3,3,3,3,1,5,4,2,3,3.15,8,5,FALSE
Male,Loyal Customer,29,Business Travel,Business,2145,2,5,5,5,2,2,2,2,1,3,3,4,2,2.92,0,0,FALSE
Male,Loyal Customer,40,Personal Travel,Eco,2504,4,5,5,1,4,5,4,4,2,3,3,2,4,3.54,0,0,FALSE
Female,Loyal Customer,59,Business Travel,Business,1568,3,4,2,2,5,3,4,3,3,3,3,4,2,3.15,0,2,FALSE
Female,Loyal Customer,26,Personal Travel,Eco Plus,1009,3,4,3,5,5,3,5,5,5,1,1,3,5,3.69,0,9,FALSE
Female,Loyal Customer,52,Business Travel,Business,333,4,3,5,5,5,4,3,4,4,4,4,4,1,3.85,19,9,FALSE
Female,Loyal Customer,50,Business Travel,Eco,1986,2,3,3,3,3,2,4,2,2,2,2,3,4,2.69,7,16,FALSE
Male,Loyal Customer,35,Business Travel,Eco,1044,2,1,1,1,2,2,2,2,4,2,4,4,2,2.23,4,13,FALSE
Male,Loyal Customer,47,Personal Travel,Business,1437,0,4,0,3,5,5,4,1,1,0,1,4,3,2.38,0,0,TRUE
Female,Loyal Customer,20,Personal Travel,Business,427,4,0,4,3,1,4,1,1,3,4,5,3,1,2.62,93,92,TRUE
Male,Loyal Customer,39,Personal Travel,Eco,645,3,3,3,5,3,3,1,3,5,4,5,3,3,3.38,21,74,FALSE
Female,Loyal Customer,32,Personal Travel,Eco,201,1,4,1,4,1,1,1,1,3,3,3,1,1,1.92,63,66,FALSE
Female,Disloyal Customer,23,Business Travel,Eco,419,3,4,3,5,1,3,1,1,5,3,4,3,1,2.85,0,6,FALSE
Male,Loyal Customer,59,Business Travel,Business,762,1,1,1,1,5,5,5,3,3,3,3,3,3,2.85,0,0,TRUE
Male,Loyal Customer,50,Business Travel,Business,366,3,3,3,3,3,4,4,5,5,5,5,4,3,3.85,0,0,TRUE
Male,Loyal Customer,42,Business Travel,Eco Plus,758,4,5,5,5,4,4,4,4,3,5,5,5,4,4.38,5,0,TRUE
Female,Loyal Customer,37,Personal Travel,Eco,888,3,2,4,3,3,4,3,3,4,4,3,3,3,3.23,0,0,FALSE
Female,Loyal Customer,9,Personal Travel,Eco Plus,775,3,5,3,2,2,3,1,2,4,5,4,5,2,3.15,0,0,FALSE
Female,Loyal Customer,46,Business Travel,Business,2799,1,1,1,1,2,4,4,4,4,4,4,5,5,3.08,43,42,TRUE
Male,Loyal Customer,39,Personal Travel,Eco,236,1,3,1,4,4,1,4,4,4,4,4,3,4,3.15,1,0,FALSE
Female,Disloyal Customer,40,Business Travel,Business,325,1,1,1,1,3,1,3,3,2,2,1,4,3,2,11,5,FALSE
Male,Loyal Customer,54,Personal Travel,Eco,2611,3,4,3,3,3,2,2,2,5,3,2,2,2,2.77,0,6,FALSE
Male,Loyal Customer,46,Business Travel,Business,3533,4,4,4,4,3,1,3,3,3,3,3,1,2,2.92,0,0,TRUE
Female,Disloyal Customer,27,Business Travel,Eco,356,2,0,2,1,2,2,2,2,2,4,2,4,2,2.08,0,0,FALSE
Male,Loyal Customer,49,Personal Travel,Eco,1390,4,4,4,4,5,4,2,5,5,3,5,4,5,4.15,0,0,FALSE
Female,Loyal Customer,28,Business Travel,Business,1626,1,4,1,1,4,4,4,4,2,4,1,4,4,2.92,0,0,TRUE
Female,Loyal Customer,43,Personal Travel,Eco,462,3,4,3,3,4,4,3,1,1,3,1,3,4,2.85,0,0,FALSE
Male,Loyal Customer,27,Business Travel,Business,2586,2,2,2,2,2,2,2,3,3,4,5,2,2,2.54,0,0,TRUE
Female,Loyal Customer,28,Business Travel,Eco,483,0,0,0,4,3,0,3,3,2,3,3,1,3,1.92,0,0,TRUE
Female,Loyal Customer,43,Personal Travel,Eco,813,1,3,1,3,5,4,4,4,4,1,4,3,1,2.92,2,0,FALSE
Female,Loyal Customer,41,Business Travel,Business,1035,3,5,3,3,2,4,5,4,4,5,4,3,4,3.77,0,0,TRUE
Female,Disloyal Customer,26,Business Travel,Business,1035,3,3,3,1,2,3,2,2,3,3,4,5,2,2.77,41,,FALSE
Male,Loyal Customer,18,Personal Travel,Eco,618,3,5,3,4,5,3,5,5,4,3,5,5,5,4.23,15,44,FALSE
Female,Loyal Customer,29,Business Travel,Business,907,5,5,5,5,4,4,4,4,5,4,5,5,4,4.54,0,0,TRUE
Female,Loyal Customer,50,Business Travel,Business,946,4,4,4,4,3,5,5,4,4,4,4,5,4,4.15,51,44,TRUE
Female,Loyal Customer,40,Business Travel,Business,1937,3,3,3,3,2,5,4,4,4,4,4,4,4,3.62,0,0,TRUE
Male,Loyal Customer,71,Business Travel,Eco Plus,223,2,1,1,1,1,2,1,1,4,4,4,3,1,2,0,0,FALSE
Female,Loyal Customer,42,Business Travel,Business,228,2,3,3,3,1,4,3,2,2,2,2,4,3,2.62,0,0,FALSE
Female,Loyal Customer,58,Business Travel,Business,2773,5,5,1,5,5,4,5,4,4,4,4,3,3,4,0,0,TRUE
Male,Loyal Customer,35,Business Travel,Business,2370,4,2,3,3,4,4,4,4,4,4,4,3,1,3.38,53,22,FALSE
Female,Loyal Customer,45,Business Travel,Eco Plus,355,2,3,3,3,5,2,5,2,2,2,2,5,2,2.92,0,9,TRUE
Female,Loyal Customer,33,Business Travel,Eco,150,2,2,2,2,2,2,2,2,4,1,3,1,2,2.08,0,20,FALSE
Female,Loyal Customer,51,Business Travel,Business,3591,3,3,3,3,2,2,1,5,5,5,5,5,1,3.31,0,6,TRUE
Female,Loyal Customer,58,Business Travel,Business,2553,3,3,2,3,5,4,5,2,2,2,2,3,4,3.08,72,63,TRUE
Female,Loyal Customer,48,Business Travel,Business,1895,2,2,2,2,2,1,1,4,4,4,4,3,4,2.69,6,4,TRUE
Female,Loyal Customer,17,Business Travel,Business,646,4,5,5,5,4,4,4,4,1,3,2,2,4,3.62,5,9,FALSE
Male,Loyal Customer,49,Personal Travel,Eco Plus,594,2,1,2,3,4,2,4,4,2,2,3,4,4,2.85,0,0,FALSE
Male,Loyal Customer,49,Personal Travel,Eco,361,4,4,4,4,5,4,5,5,4,3,5,3,5,4.23,0,0,FALSE
Female,Loyal Customer,23,Business Travel,Business,2520,1,1,1,1,5,5,5,5,2,5,4,1,5,3.15,0,0,TRUE
Female,Loyal Customer,12,Business Travel,Business,2725,2,2,2,2,4,4,4,4,1,5,5,4,4,3.31,129,122,TRUE
Male,Loyal Customer,85,Business Travel,Business,1904,3,2,2,2,2,3,3,1,2,3,3,3,3,2.46,14,7,FALSE
Male,Loyal Customer,26,Personal Travel,Eco,1069,3,5,3,3,5,3,5,5,4,3,4,5,5,4.08,17,21,FALSE
Female,Loyal Customer,59,Personal Travel,Eco,895,2,4,1,5,1,1,1,5,2,5,4,1,1,2.54,204,196,FALSE
Female,Loyal Customer,38,Personal Travel,Eco,296,4,4,4,3,2,4,5,2,4,3,5,5,2,3.62,42,29,FALSE
Male,Loyal Customer,31,Business Travel,Business,1011,2,2,2,2,2,2,2,2,3,3,3,2,2,2.23,20,14,FALSE
Female,Loyal Customer,43,Business Travel,Business,2191,4,4,4,4,3,4,5,4,4,4,4,3,2,3.77,0,0,TRUE
Female,Loyal Customer,71,Business Travel,Business,431,3,5,5,5,4,3,2,3,3,2,3,4,3,3.46,0,0,FALSE
Female,Disloyal Customer,49,Business Travel,Eco,216,3,4,3,3,4,3,4,4,1,1,3,1,4,2.92,0,23,FALSE
Female,Loyal Customer,67,Personal Travel,Eco,948,2,0,2,4,2,5,5,5,5,2,5,4,5,3.54,18,24,FALSE
Male,Loyal Customer,28,Personal Travel,Eco,957,2,1,2,4,1,2,1,1,1,3,4,3,1,2,3,5,FALSE
Female,Disloyal Customer,22,Business Travel,Eco,1723,5,5,5,5,2,5,2,2,4,4,4,3,2,3.69,0,0,TRUE
Female,Disloyal Customer,11,Business Travel,Eco,491,3,5,3,3,4,3,3,4,4,3,5,3,4,3.62,0,0,FALSE
Male,Loyal Customer,58,Business Travel,Eco,1017,1,4,4,4,1,1,1,1,4,1,3,1,1,2.08,19,0,FALSE
Female,Loyal Customer,9,Personal Travel,Eco,817,2,2,2,3,2,2,1,2,1,1,3,3,2,2,0,0,FALSE
Female,Loyal Customer,23,Personal Travel,Eco Plus,679,1,5,1,2,5,1,5,5,4,3,4,5,5,3.54,0,0,FALSE
Female,Loyal Customer,69,Personal Travel,Eco Plus,936,3,5,3,1,4,5,4,3,3,3,3,3,5,3.46,1,0,FALSE
Male,Loyal Customer,19,Business Travel,Business,321,3,1,1,1,3,3,3,3,4,5,3,1,3,2.62,0,0,FALSE
Male,Loyal Customer,60,Business Travel,Business,370,2,1,2,1,1,3,3,2,2,1,2,3,4,2.08,4,1,FALSE
Male,Loyal Customer,48,Business Travel,Business,302,0,0,0,1,4,4,4,2,2,4,4,4,4,2.54,18,10,TRUE
Male,Loyal Customer,48,Personal Travel,Eco,489,2,3,2,2,5,2,4,5,4,4,5,5,5,3.69,0,0,FALSE
Female,Disloyal Customer,26,Business Travel,Eco,591,4,3,4,1,4,4,4,4,2,1,5,5,4,3.46,3,0,FALSE
Female,Loyal Customer,23,Business Travel,Business,3264,3,2,2,2,3,3,3,3,4,4,4,1,3,2.85,0,0,FALSE
Female,Loyal Customer,47,Business Travel,Eco,1041,2,2,2,2,1,4,4,2,2,2,2,2,2,2.23,4,20,FALSE
Male,Loyal Customer,52,Business Travel,Business,954,5,5,5,5,5,4,4,5,5,5,5,4,4,4.69,0,0,TRUE
Male,Disloyal Customer,21,Business Travel,Eco,666,2,0,3,4,5,3,5,5,4,4,4,4,5,3.69,0,0,FALSE
Female,Loyal Customer,7,Personal Travel,Eco,223,3,5,3,3,3,3,3,3,3,5,4,3,3,3.38,11,18,FALSE
Male,Loyal Customer,41,Business Travel,Eco,187,3,2,2,2,3,3,3,3,3,2,4,3,3,2.77,1,4,FALSE
Female,Disloyal Customer,22,Business Travel,Eco,404,2,0,2,3,5,2,5,5,2,2,5,1,5,3,0,17,FALSE
Female,Loyal Customer,40,Business Travel,Business,1947,3,3,5,3,4,3,4,5,5,5,5,5,3,4.08,21,7,TRUE
Female,Loyal Customer,42,Business Travel,Eco,393,4,4,4,4,1,4,3,4,4,4,4,4,3,3.62,11,1,TRUE
Male,Loyal Customer,59,Personal Travel,Eco,1464,3,3,3,4,5,3,5,5,2,1,3,3,5,3.46,67,50,FALSE
Male,Loyal Customer,46,Business Travel,Business,3128,4,2,4,4,1,1,1,2,2,2,2,5,2,2.46,0,4,TRUE
Male,Disloyal Customer,23,Business Travel,Eco,361,2,0,2,4,4,2,4,4,3,3,5,4,4,3.15,5,0,FALSE
Male,Loyal Customer,36,Business Travel,Business,241,1,1,5,1,3,4,3,1,1,1,1,2,4,2.15,0,0,FALSE
Female,Loyal Customer,27,Business Travel,Eco,516,1,4,2,2,1,1,1,1,4,2,4,3,1,2.08,43,40,FALSE
Female,Disloyal Customer,37,Business Travel,Eco,606,2,3,2,3,5,2,5,5,2,2,3,1,5,3.08,0,0,FALSE
Male,Loyal Customer,28,Personal Travel,Eco,140,2,4,2,4,5,2,5,5,3,5,3,1,5,3.54,10,14,FALSE
Female,Loyal Customer,57,Business Travel,Business,2591,3,3,3,3,5,4,5,4,4,4,4,3,5,3.85,0,0,TRUE
Male,Loyal Customer,42,Business Travel,Business,3376,5,5,5,5,3,5,4,5,5,5,5,5,4,4.69,69,55,TRUE
Female,Loyal Customer,37,Personal Travel,Eco,1041,3,5,3,3,3,3,3,3,3,4,5,5,3,3.54,0,0,FALSE
Female,Disloyal Customer,26,Business Travel,Business,425,0,0,0,1,2,0,2,2,5,5,4,3,2,2,0,0,TRUE
Female,Loyal Customer,34,Personal Travel,Eco,148,4,4,4,3,5,4,5,5,5,4,5,5,5,4.46,38,26,FALSE
Male,Loyal Customer,33,Personal Travel,Eco,95,2,4,2,5,5,2,5,5,3,3,2,3,5,3.54,0,0,FALSE
Female,Loyal Customer,56,Business Travel,Business,447,5,5,5,5,2,4,5,4,4,4,4,4,3,4.15,4,0,TRUE
Female,Loyal Customer,35,Business Travel,Business,577,2,2,2,2,5,5,4,4,4,4,4,5,5,3.69,21,7,TRUE
Female,Loyal Customer,44,Business Travel,Eco,789,4,1,1,1,3,4,4,4,4,4,4,3,4,3.15,113,98,TRUE
Male,Loyal Customer,45,Business Travel,Eco,250,5,2,3,2,5,5,5,5,3,4,5,3,5,4,0,0,TRUE
Male,Loyal Customer,45,Business Travel,Eco,190,4,4,4,4,4,4,4,4,3,5,4,1,4,3.77,0,0,TRUE
Male,Disloyal Customer,47,Business Travel,Eco,337,3,4,2,4,1,2,1,1,4,3,3,2,1,2.38,10,7,FALSE
Female,Disloyal Customer,23,Business Travel,Eco,700,2,2,2,5,3,2,3,3,5,5,4,5,3,3.38,0,0,FALSE
Male,Loyal Customer,55,Business Travel,Eco,672,3,3,3,3,4,3,4,4,4,1,3,1,4,3.08,0,0,FALSE
Female,Loyal Customer,7,Personal Travel,Eco,2454,3,3,3,1,3,3,3,3,1,1,1,2,3,2.31,0,0,FALSE
Male,Loyal Customer,32,Business Travel,Business,859,5,5,5,5,4,4,4,3,3,5,5,4,4,4.31,435,470,TRUE
Female,Loyal Customer,31,Personal Travel,Eco Plus,2409,3,3,2,3,4,2,4,4,1,1,3,2,4,2.77,0,0,FALSE
Female,Loyal Customer,60,Business Travel,Business,1521,3,3,3,3,5,5,5,4,5,5,5,5,5,4.31,166,264,TRUE
Female,Loyal Customer,57,Business Travel,Business,3425,5,5,4,5,5,4,4,5,5,5,5,4,3,4.54,0,0,TRUE
Female,Disloyal Customer,39,Business Travel,Business,1460,4,4,4,3,3,4,3,3,3,4,3,2,3,3.31,24,16,FALSE
Male,Loyal Customer,44,Personal Travel,Eco,2454,2,3,3,4,3,4,4,2,2,3,3,4,4,3.15,22,25,FALSE
Female,Disloyal Customer,22,Business Travel,Eco,571,3,0,2,3,4,2,4,4,4,1,4,4,4,3,0,0,FALSE
Female,Disloyal Customer,26,Business Travel,Business,1005,2,5,2,1,2,2,2,2,4,5,5,4,2,2.92,39,33,FALSE
Male,Loyal Customer,33,Business Travel,Eco Plus,2072,3,2,2,2,3,3,3,3,1,2,3,1,3,2.38,9,0,FALSE
Male,Disloyal Customer,40,Personal Travel,Eco,1013,1,2,1,4,1,1,1,1,1,4,4,4,1,2,0,0,FALSE
Male,Loyal Customer,45,Business Travel,Business,3469,4,4,4,4,2,5,5,4,4,4,4,3,3,3.85,0,0,TRUE
Male,Disloyal Customer,17,Business Travel,Eco,1324,1,1,1,4,4,1,4,4,3,4,4,2,4,2.85,49,40,FALSE
Male,Loyal Customer,42,Business Travel,Eco,121,4,3,3,3,4,4,4,4,5,2,1,3,4,3.38,0,0,TRUE
Female,Loyal Customer,59,Personal Travel,Eco,1558,2,4,3,3,5,3,5,4,4,3,4,3,4,3.62,6,12,FALSE
Female,Loyal Customer,42,Business Travel,Business,2226,4,4,4,4,5,4,5,4,4,4,4,3,5,4.15,9,9,TRUE
Male,Loyal Customer,34,Business Travel,Business,2551,5,2,2,2,2,4,3,5,5,4,5,4,3,3.54,14,9,FALSE
Male,Loyal Customer,50,Business Travel,Business,261,2,2,2,2,2,2,4,5,5,5,5,3,2,3.15,0,0,TRUE
Male,Loyal Customer,57,Business Travel,Business,845,5,5,5,5,3,5,4,4,4,4,4,3,5,4.31,0,0,TRUE
Male,Loyal Customer,29,Personal Travel,Eco,2475,2,1,2,2,5,2,5,5,4,3,2,4,5,3.23,0,0,FALSE
Male,Loyal Customer,44,Business Travel,Business,717,4,4,4,4,2,1,5,5,5,5,5,3,2,3.77,0,0,TRUE
Female,Loyal Customer,62,Personal Travel,Eco,369,3,4,3,2,4,3,4,3,3,3,3,1,5,3.15,5,7,FALSE
Male,Loyal Customer,8,Business Travel,Eco Plus,1844,4,1,1,1,4,4,3,4,3,5,2,3,4,3,0,0,FALSE
Male,Loyal Customer,33,Business Travel,Business,1907,5,5,5,5,4,4,4,4,5,4,1,3,4,4.08,0,0,TRUE
Male,Loyal Customer,48,Business Travel,Business,3478,3,3,3,3,5,5,5,3,3,3,3,3,4,3.54,0,9,TRUE
Male,Loyal Customer,36,Personal Travel,Eco,848,3,5,3,3,2,3,2,2,3,3,5,5,2,3.15,14,0,FALSE
Female,Loyal Customer,49,Personal Travel,Eco,1092,4,2,4,4,4,4,3,1,1,4,1,4,2,2.92,0,0,TRUE
Male,Loyal Customer,63,Business Travel,Eco,589,4,2,5,2,4,4,4,4,5,2,1,5,4,3.54,0,0,TRUE
Female,Loyal Customer,63,Personal Travel,Eco,679,1,1,1,3,5,3,3,3,3,1,3,4,3,2.62,0,0,FALSE
Male,Loyal Customer,54,Business Travel,Eco,2496,2,5,5,5,3,2,3,3,4,2,4,3,3,3.38,16,2,TRUE
Female,Loyal Customer,16,Personal Travel,Eco,849,3,5,3,2,2,3,2,2,3,5,5,3,2,3.08,0,0,FALSE
Female,Loyal Customer,29,Business Travel,Eco Plus,937,0,0,0,2,5,0,5,5,4,1,4,2,5,2.54,22,20,TRUE
Male,Loyal Customer,39,Business Travel,Eco,333,2,1,1,1,2,2,2,2,2,4,4,2,2,2.08,0,0,FALSE
Female,Disloyal Customer,27,Business Travel,Eco,633,4,0,4,2,1,4,4,1,5,4,1,1,1,2.46,0,0,TRUE
Female,Loyal Customer,24,Personal Travel,Eco,417,2,1,2,2,5,2,5,5,1,4,2,1,5,2.85,1,,FALSE
Male,Disloyal Customer,8,Business Travel,Eco,787,3,3,3,1,4,3,4,4,4,2,5,3,4,3.31,0,0,FALSE
Female,Loyal Customer,35,Business Travel,Business,460,2,3,5,3,1,4,4,2,2,2,2,3,1,2.62,0,0,FALSE
Female,Loyal Customer,43,Business Travel,Eco,262,5,3,3,3,4,5,1,5,5,5,5,1,3,3.69,0,0,TRUE
Female,Loyal Customer,34,Personal Travel,Eco Plus,391,1,2,1,3,1,1,1,1,2,2,3,3,1,1.69,0,0,FALSE
Male,Disloyal Customer,22,Business Travel,Eco,109,2,5,2,1,2,2,2,2,1,2,4,3,2,2.31,5,3,FALSE
Female,Loyal Customer,13,Business Travel,Business,930,4,3,5,3,4,4,4,4,3,2,4,4,4,3.69,8,0,FALSE
Female,Loyal Customer,35,Business Travel,Business,2565,5,2,5,5,5,5,5,3,5,5,5,5,5,4.62,177,149,TRUE
Male,Loyal Customer,16,Personal Travel,Eco,301,2,5,2,4,5,2,5,5,5,5,4,5,5,4.15,28,38,FALSE
Female,Loyal Customer,48,Business Travel,Business,2422,2,2,2,2,4,4,4,5,3,5,4,4,4,3.46,0,0,TRUE
Male,Loyal Customer,22,Business Travel,Eco,1400,4,5,5,5,4,5,4,4,2,1,3,1,4,3.62,2,0,TRUE
Male,Disloyal Customer,35,Business Travel,Eco,302,3,2,3,4,3,3,3,3,2,5,4,3,3,3.15,0,0,FALSE
Female,Loyal Customer,49,Business Travel,Eco,784,5,3,3,3,1,4,3,5,5,5,5,4,4,3.85,111,110,TRUE
Male,Disloyal Customer,24,Business Travel,Eco,737,0,0,0,1,2,0,4,2,5,2,4,5,2,2.08,0,2,TRUE
Female,Loyal Customer,40,Personal Travel,Eco Plus,1136,3,5,3,3,4,3,4,4,5,2,5,5,4,3.85,29,17,FALSE
Male,Loyal Customer,37,Personal Travel,Eco Plus,109,3,1,3,2,4,3,4,4,2,1,3,1,4,2.69,0,0,FALSE
Female,Loyal Customer,39,Personal Travel,Eco Plus,1476,2,3,2,3,1,2,1,1,4,2,3,2,1,2.08,0,0,FALSE
Female,Loyal Customer,22,Personal Travel,Eco,896,4,4,5,3,4,5,3,4,1,3,3,3,4,3.54,12,0,FALSE
Female,Loyal Customer,27,Personal Travel,Eco,929,1,5,1,1,5,1,1,5,4,1,1,1,5,2.46,5,0,FALSE
Male,Loyal Customer,18,Personal Travel,Eco,472,2,3,2,5,2,2,2,2,2,2,1,5,2,2.46,28,18,FALSE
Male,Disloyal Customer,20,Business Travel,Eco,140,1,5,1,3,4,1,5,4,3,5,1,1,4,2.92,0,0,FALSE
Male,Disloyal Customer,61,Business Travel,Eco,399,3,3,3,5,4,3,1,4,4,2,3,1,4,3.08,1,4,FALSE
Male,Loyal Customer,43,Business Travel,Business,2640,4,4,4,4,5,5,5,2,4,4,1,5,5,4,3,10,TRUE
Male,Loyal Customer,38,Business Travel,Eco,849,1,1,1,1,1,1,1,1,2,4,4,2,1,1.62,6,8,FALSE
Male,Loyal Customer,64,Personal Travel,Eco Plus,481,2,2,3,3,2,3,2,2,3,4,2,1,2,2.38,67,78,FALSE
Female,Loyal Customer,42,Personal Travel,Eco Plus,373,1,4,1,4,4,5,4,1,1,1,1,5,3,2.69,6,10,FALSE
Female,Loyal Customer,30,Business Travel,Business,679,2,2,2,2,5,5,5,5,4,5,4,3,5,3.77,0,0,TRUE
Male,Loyal Customer,41,Business Travel,Business,192,5,5,5,5,4,5,5,4,4,4,4,3,5,4.46,6,0,TRUE
Male,Disloyal Customer,39,Business Travel,Eco,671,4,4,4,4,1,4,1,1,2,1,4,1,1,2.46,0,0,FALSE
Female,Loyal Customer,30,Personal Travel,Eco,588,1,1,0,2,4,0,4,4,1,1,2,4,4,2.15,0,0,FALSE
Female,Loyal Customer,29,Personal Travel,Eco,1846,3,4,3,4,4,3,4,4,3,2,4,1,4,3.31,0,7,FALSE
Female,Loyal Customer,26,Business Travel,Eco Plus,1535,3,4,4,4,3,3,1,3,3,5,3,3,3,3.23,31,53,FALSE
Female,Loyal Customer,45,Business Travel,Business,476,4,4,4,4,5,5,5,4,4,4,4,5,4,4.31,60,53,TRUE
Male,Loyal Customer,38,Business Travel,Business,334,3,3,3,3,2,5,4,4,4,4,4,4,4,3.62,25,45,TRUE
Male,Loyal Customer,31,Personal Travel,Eco,1598,1,5,0,1,3,0,3,3,4,5,4,4,3,2.77,46,50,FALSE
Male,Loyal Customer,25,Personal Travel,Eco,356,1,5,1,2,3,1,3,3,3,5,4,5,3,3,0,0,FALSE
Male,Loyal Customer,44,Personal Travel,Eco,946,3,2,3,3,4,3,4,4,4,5,3,4,4,3.54,0,10,FALSE
Female,Loyal Customer,31,Business Travel,Business,1598,4,4,4,4,4,4,4,4,1,5,2,1,4,3.46,0,0,FALSE
Female,Loyal Customer,67,Personal Travel,Business,304,1,5,1,1,3,5,4,4,4,1,4,5,3,3.15,0,0,FALSE
Male,Loyal Customer,53,Business Travel,Business,2819,5,5,1,5,2,4,4,4,4,4,4,5,3,3.85,0,0,TRUE
Female,Loyal Customer,49,Business Travel,Business,377,4,4,4,4,3,5,5,5,5,5,5,3,4,4.31,13,6,TRUE
Male,Loyal Customer,50,Business Travel,Business,2832,3,5,3,3,3,4,5,4,4,5,4,5,3,3.92,1,1,TRUE
Female,Loyal Customer,18,Personal Travel,Eco Plus,583,3,4,3,1,4,3,1,4,5,3,5,3,4,3.31,35,27,FALSE
Male,Loyal Customer,34,Business Travel,Business,481,2,2,2,2,5,5,5,5,5,5,5,3,3,3.77,2,14,TRUE
Female,Loyal Customer,68,Personal Travel,Eco,748,2,3,2,2,3,5,3,2,2,2,4,2,4,2.77,0,0,FALSE
Male,Loyal Customer,48,Business Travel,Eco,451,4,2,2,2,4,4,4,4,1,4,2,5,4,3.23,0,0,TRUE
Male,Loyal Customer,19,Personal Travel,Eco,280,1,1,1,4,4,1,1,4,3,1,3,1,4,2.23,4,0,FALSE
Female,Loyal Customer,59,Business Travel,Eco,1931,2,2,2,2,1,3,3,1,1,2,1,2,1,1.77,64,35,FALSE
Male,Loyal Customer,42,Business Travel,Business,3777,2,2,1,2,2,4,5,5,5,5,5,5,5,3.69,1,0,TRUE
Female,Disloyal Customer,27,Business Travel,Eco,272,2,4,2,1,3,2,4,3,1,2,1,4,3,2.46,0,3,FALSE
Female,Loyal Customer,25,Business Travel,Business,2676,4,4,4,4,3,3,3,3,5,5,3,5,3,3.77,11,0,TRUE
Female,Disloyal Customer,26,Business Travel,Eco Plus,1979,1,1,1,4,4,1,4,4,2,5,2,4,4,2.85,20,0,FALSE
Male,Loyal Customer,18,Personal Travel,Eco,844,2,4,2,1,1,2,1,1,4,5,4,3,1,2.38,0,0,FALSE
Female,Loyal Customer,53,Business Travel,Business,1045,2,3,3,3,4,4,4,2,2,2,2,1,1,2.54,1,0,FALSE
Female,Disloyal Customer,34,Business Travel,Business,1635,2,2,2,3,5,2,2,5,3,2,5,3,5,3.15,18,29,FALSE
Female,Loyal Customer,50,Personal Travel,Eco,862,3,5,3,4,5,4,5,4,4,3,4,3,5,4,0,0,FALSE
Female,Loyal Customer,58,Business Travel,Business,3365,4,4,4,4,2,2,2,4,3,5,5,2,2,3.31,0,0,TRUE
Male,Loyal Customer,35,Business Travel,Business,3036,1,1,4,1,4,5,5,5,5,5,5,3,5,3.77,0,5,TRUE
Male,Loyal Customer,30,Business Travel,Business,2560,3,3,3,3,5,5,5,5,1,5,1,2,5,3.54,48,47,TRUE
Female,Loyal Customer,9,Business Travel,Business,2590,4,4,4,4,4,4,4,4,5,5,4,4,4,4.15,0,0,TRUE
Male,Disloyal Customer,25,Business Travel,Business,888,4,4,4,4,1,4,1,1,3,5,5,5,1,3.23,5,9,FALSE
Male,Disloyal Customer,22,Business Travel,Business,296,4,4,4,2,1,4,1,1,3,5,5,4,1,3,0,0,TRUE
Male,Loyal Customer,43,Personal Travel,Eco,632,4,5,4,3,2,4,2,2,4,4,5,3,2,3.38,0,0,FALSE
Male,Loyal Customer,55,Business Travel,Eco,334,5,4,3,4,5,5,5,5,4,4,5,5,5,4.54,5,6,TRUE
Female,Loyal Customer,42,Business Travel,Business,489,3,4,2,4,4,4,3,3,3,3,3,2,1,3,0,0,FALSE
Male,Loyal Customer,7,Personal Travel,Eco Plus,261,2,3,2,3,5,2,5,5,2,5,1,1,5,3.15,0,0,FALSE
Male,Loyal Customer,42,Business Travel,Eco,369,5,4,4,4,5,5,5,5,2,5,5,5,5,4.54,0,0,TRUE
Male,Loyal Customer,50,Business Travel,Business,2475,5,5,5,5,2,3,5,4,4,4,4,5,4,4.23,0,0,TRUE
Male,Disloyal Customer,35,Business Travel,Business,1587,3,3,3,4,5,3,5,5,5,5,4,3,5,4.08,0,0,FALSE
Male,Loyal Customer,17,Business Travel,Eco Plus,761,1,2,2,2,1,1,1,1,2,4,3,3,1,1.85,0,0,FALSE
Male,Loyal Customer,34,Personal Travel,Eco Plus,679,2,4,2,1,5,2,5,5,4,3,5,3,5,3.54,13,36,FALSE
Male,Loyal Customer,46,Business Travel,Eco,278,4,1,1,1,4,4,4,4,1,1,4,1,4,2.62,0,0,TRUE
Female,Loyal Customer,34,Business Travel,Business,1756,3,3,3,3,2,3,5,4,4,4,4,3,4,3.46,2,26,TRUE
Male,Loyal Customer,64,Business Travel,Business,1428,2,3,2,3,3,2,1,2,2,2,2,1,1,2,0,0,FALSE
Female,Loyal Customer,25,Personal Travel,Eco,1021,2,0,3,1,5,3,5,5,4,2,1,5,5,3.15,6,0,FALSE
Male,Loyal Customer,40,Business Travel,Business,868,3,1,2,1,3,4,4,3,3,3,3,4,2,2.77,28,22,FALSE
Male,Loyal Customer,59,Personal Travel,Eco,201,3,3,3,4,3,3,3,3,3,4,3,2,3,3.08,13,13,FALSE
Female,Loyal Customer,13,Personal Travel,Eco,201,4,4,4,3,1,4,4,1,3,1,3,2,1,2.69,27,42,FALSE
Female,Loyal Customer,23,Business Travel,Business,1607,3,3,1,1,3,3,3,3,1,5,2,4,3,2.69,4,0,FALSE
Female,Loyal Customer,23,Business Travel,Business,315,1,1,1,1,4,4,4,4,2,3,4,4,4,2.85,28,67,TRUE
Female,Loyal Customer,16,Business Travel,Business,2704,4,2,4,2,4,4,4,4,2,2,3,2,4,3.15,36,30,FALSE
Female,Disloyal Customer,36,Business Travel,Eco Plus,401,2,1,1,3,1,1,1,1,5,1,5,2,1,1.92,0,0,FALSE
Male,Loyal Customer,67,Business Travel,Business,187,0,4,0,1,4,5,4,4,4,4,4,3,3,3.08,0,0,TRUE
Female,Disloyal Customer,46,Business Travel,Eco,862,3,3,3,4,3,3,3,3,1,3,4,4,3,3.08,0,0,FALSE
Male,Loyal Customer,37,Business Travel,Business,2599,1,1,1,1,5,3,5,5,5,4,5,3,5,3.38,0,0,TRUE
Female,Loyal Customer,40,Personal Travel,Eco,1773,4,1,4,4,2,4,2,2,1,4,2,3,2,2.69,0,0,FALSE
Female,Loyal Customer,47,Business Travel,Business,3776,5,4,4,4,5,4,4,5,5,4,5,1,3,4.08,17,5,FALSE
Female,Loyal Customer,42,Business Travel,Business,1598,2,5,5,5,5,3,3,2,2,2,2,3,3,3.23,0,0,FALSE
Male,Loyal Customer,46,Business Travel,Business,1099,3,3,3,3,5,4,5,3,3,3,3,5,5,3.69,0,0,TRUE
Female,Disloyal Customer,23,Business Travel,Business,1275,4,0,4,4,4,4,4,3,2,3,4,4,4,3.38,4,0,TRUE
Male,Loyal Customer,12,Personal Travel,Eco,368,2,5,2,3,1,2,1,1,3,3,4,2,1,2.31,123,113,FALSE
Female,Disloyal Customer,48,Business Travel,Eco,1181,3,2,2,4,3,3,3,3,2,4,3,1,3,2.77,16,0,FALSE
Female,Loyal Customer,46,Personal Travel,Eco,1085,3,4,3,4,4,5,5,2,2,3,2,3,4,3.38,0,0,FALSE
Male,Loyal Customer,38,Personal Travel,Eco,1491,2,1,2,4,1,2,1,1,1,5,2,2,1,1.92,28,0,FALSE
Female,Loyal Customer,7,Personal Travel,Eco,784,4,5,3,1,1,3,1,1,3,3,5,4,1,2.69,4,0,FALSE
Male,Loyal Customer,39,Business Travel,Business,2308,4,4,3,4,3,4,4,1,1,2,1,3,5,3,0,0,TRUE
Female,Loyal Customer,46,Business Travel,Eco,907,2,3,3,3,4,4,3,2,2,2,2,2,3,2.69,3,7,FALSE
Female,Loyal Customer,29,Business Travel,Business,2295,1,5,1,5,1,1,1,1,2,2,2,4,1,2.08,3,0,FALSE
Male,Loyal Customer,64,Personal Travel,Eco,528,2,5,2,1,3,2,3,3,5,2,5,3,3,3,12,0,FALSE
Female,Loyal Customer,40,Business Travel,Eco,679,4,1,1,1,4,4,4,4,3,3,1,4,4,2.92,35,38,TRUE
Female,Loyal Customer,64,Business Travel,Business,3942,0,4,0,1,3,2,1,3,3,3,3,1,4,2.15,0,0,TRUE
Female,Loyal Customer,37,Personal Travel,Eco,101,2,5,2,2,1,2,1,1,3,4,4,5,1,2.54,0,0,FALSE
Male,Loyal Customer,52,Business Travel,Business,1564,1,1,1,1,5,5,5,3,3,3,3,3,5,3,0,0,TRUE
Male,Loyal Customer,45,Business Travel,Business,3124,2,2,2,2,5,5,5,4,3,5,4,5,5,3.77,139,134,TRUE
Male,Loyal Customer,23,Business Travel,Business,3414,2,2,2,2,5,5,5,5,5,5,5,3,5,3.92,1,0,TRUE
Female,Loyal Customer,64,Business Travel,Business,3866,2,5,5,5,5,2,2,2,2,2,2,2,1,2.85,34,4,FALSE
Male,Loyal Customer,47,Business Travel,Business,551,4,4,4,4,4,5,5,3,3,4,3,5,4,4,0,0,TRUE
Female,Loyal Customer,8,Personal Travel,Eco,925,2,4,2,5,1,2,1,1,4,3,4,5,1,2.69,33,58,FALSE
Female,Loyal Customer,47,Business Travel,Business,1735,1,1,1,1,3,4,5,5,5,5,5,3,5,3.38,0,0,TRUE
Male,Loyal Customer,56,Business Travel,Business,1535,2,2,2,2,2,4,4,5,5,5,5,4,3,3.46,0,0,TRUE
Female,Loyal Customer,67,Personal Travel,Eco,1117,3,4,3,4,4,4,5,2,2,3,2,5,5,3.54,0,21,FALSE
Male,Loyal Customer,13,Personal Travel,Eco,854,2,3,2,4,5,2,5,5,4,4,4,3,5,3.69,0,0,FALSE
Male,Loyal Customer,46,Personal Travel,Eco,631,1,4,1,1,3,1,3,3,3,4,5,4,3,2.77,0,0,FALSE
Male,Loyal Customer,20,Business Travel,Eco,528,3,5,5,5,3,2,2,3,3,4,2,2,3,3.23,12,10,FALSE
Female,Loyal Customer,40,Personal Travel,Business,337,0,5,0,4,2,4,4,4,4,0,4,5,4,3.08,129,119,TRUE
Female,Loyal Customer,62,Personal Travel,Eco,612,2,4,2,4,2,3,1,4,4,2,2,2,4,2.77,0,0,FALSE
Male,Loyal Customer,68,Personal Travel,Eco,977,2,4,2,3,2,2,4,2,4,4,4,3,2,2.92,0,0,FALSE
Female,Loyal Customer,49,Business Travel,Business,328,4,5,5,5,2,3,4,4,4,3,4,3,4,3.85,0,0,FALSE
Female,Loyal Customer,48,Business Travel,Business,669,2,5,2,2,4,5,4,5,5,5,5,4,3,3.92,116,110,TRUE
Female,Loyal Customer,53,Business Travel,Business,399,3,4,3,3,2,4,5,5,5,5,5,5,5,4.15,0,12,TRUE
Female,Loyal Customer,59,Business Travel,Business,3018,3,3,3,3,4,4,5,3,3,3,3,4,3,3.38,0,0,TRUE
Female,Loyal Customer,58,Personal Travel,Eco Plus,581,1,4,1,5,3,1,2,2,2,1,2,3,1,2.15,27,10,FALSE
Female,Loyal Customer,10,Personal Travel,Eco Plus,223,2,4,2,3,3,2,3,3,5,2,5,4,3,3.15,0,0,FALSE
Female,Disloyal Customer,26,Business Travel,Eco,528,2,4,2,3,4,2,4,4,4,1,4,4,4,3.23,18,17,FALSE
Female,Loyal Customer,45,Business Travel,Business,2103,5,5,5,5,4,5,4,4,4,5,4,5,3,4.46,0,0,TRUE
Male,Loyal Customer,47,Business Travel,Business,666,4,4,4,4,3,4,4,5,5,5,5,3,4,4.15,0,0,TRUE
Female,Disloyal Customer,23,Business Travel,Eco,700,2,2,2,3,1,2,1,1,2,4,4,1,1,2,0,0,FALSE
Female,Disloyal Customer,49,Business Travel,Eco,812,4,4,4,3,3,4,1,3,1,4,4,3,3,3.15,36,13,FALSE
Male,Disloyal Customer,23,Business Travel,Business,883,5,4,5,3,5,5,3,5,4,4,5,4,5,4.38,0,0,TRUE
Female,Disloyal Customer,24,Business Travel,Eco,283,3,1,3,3,5,3,5,5,4,5,3,3,5,3.69,45,65,FALSE
Male,Loyal Customer,33,Business Travel,Business,547,1,1,1,1,4,4,4,4,4,5,4,5,4,3.23,0,5,TRUE
Male,Loyal Customer,69,Personal Travel,Eco,1947,3,5,3,2,1,3,1,1,5,3,5,3,1,2.77,0,0,FALSE
Male,Disloyal Customer,26,Business Travel,Business,216,5,0,5,3,4,5,4,4,4,4,1,5,4,3.69,3,5,TRUE
Female,Loyal Customer,48,Business Travel,Business,2160,5,5,5,5,5,5,4,4,4,4,4,5,5,4.62,0,0,TRUE
Female,Loyal Customer,40,Business Travel,Eco,1674,2,1,1,1,2,3,2,2,3,5,4,5,2,2.54,0,0,TRUE
Male,Loyal Customer,73,Business Travel,Eco,448,4,4,4,4,4,4,4,4,4,3,4,4,4,3.92,3,0,TRUE
Male,Disloyal Customer,29,Business Travel,Business,1399,4,4,4,2,3,4,3,3,5,4,5,4,3,3.69,0,0,TRUE
Male,Loyal Customer,55,Personal Travel,Eco,1012,4,5,4,2,5,4,5,5,4,2,5,3,5,4.08,0,0,TRUE
Male,Disloyal Customer,45,Business Travel,Business,1182,4,4,4,3,3,4,1,3,3,5,4,5,3,3.54,30,1,FALSE
Female,Loyal Customer,48,Business Travel,Business,1735,1,1,1,1,5,4,5,4,4,5,4,3,5,3.31,30,34,TRUE
Male,Loyal Customer,48,Business Travel,Business,3734,1,4,5,4,5,3,2,2,2,2,1,3,1,2.69,0,0,FALSE
Male,Loyal Customer,42,Business Travel,Business,247,1,1,1,1,4,5,5,4,4,4,4,3,3,3.08,0,4,TRUE
Male,Loyal Customer,46,Business Travel,Business,1598,3,3,3,3,4,5,4,5,5,5,4,3,5,4,11,12,TRUE
Female,Loyal Customer,40,Business Travel,Business,621,5,5,5,5,2,5,4,5,5,5,5,3,4,4.46,0,3,TRUE
Female,Loyal Customer,56,Personal Travel,Business,140,0,0,0,3,5,3,5,4,4,0,1,5,4,2.62,0,0,TRUE
Female,Loyal Customer,27,Business Travel,Business,721,1,2,2,2,1,1,1,1,4,5,4,4,1,2.23,0,0,FALSE
Male,Loyal Customer,47,Business Travel,Eco,1004,5,3,3,3,4,5,4,4,2,4,5,3,4,3.77,7,0,TRUE
Male,Loyal Customer,14,Personal Travel,Eco Plus,213,2,0,2,1,2,2,2,2,4,2,4,5,2,2.31,0,9,FALSE
Female,Disloyal Customer,27,Business Travel,Eco,563,4,0,4,5,2,4,3,2,4,5,3,3,2,3.15,0,0,TRUE
Male,Loyal Customer,28,Business Travel,Business,883,2,2,2,2,5,5,5,5,3,3,5,4,5,3.69,18,6,TRUE
Female,Disloyal Customer,40,Business Travel,Business,1605,4,4,4,4,5,4,5,5,4,4,3,3,5,4.15,1,0,FALSE
Male,Loyal Customer,38,Business Travel,Business,2386,5,5,5,5,1,5,2,4,4,4,4,4,5,4.08,0,0,TRUE
Male,Disloyal Customer,25,Business Travel,Business,368,2,0,2,1,2,2,2,2,5,4,5,4,2,2.54,0,0,FALSE
Female,Loyal Customer,53,Personal Travel,Eco,127,2,3,2,4,4,4,3,2,2,2,2,2,3,2.69,0,0,FALSE
Male,Loyal Customer,18,Personal Travel,Eco,862,3,5,3,4,5,3,5,5,3,4,5,5,5,4.23,0,0,FALSE
Female,Loyal Customer,25,Business Travel,Business,507,3,5,4,5,3,2,3,3,1,2,3,3,3,3.08,7,14,FALSE
Female,Loyal Customer,53,Personal Travel,Eco,725,2,3,1,3,1,1,5,5,5,1,5,1,2,2.69,0,0,FALSE
Female,Loyal Customer,16,Personal Travel,Eco,2611,3,3,3,3,3,3,3,3,2,1,2,4,3,2.77,0,0,FALSE
Male,Loyal Customer,46,Personal Travel,Eco,102,3,4,3,2,4,3,4,4,3,4,4,4,4,3.54,0,0,FALSE
Female,Loyal Customer,56,Business Travel,Business,419,3,3,3,3,2,4,4,5,5,5,5,4,5,3.92,16,30,TRUE
Male,Disloyal Customer,15,Business Travel,Eco,987,3,3,3,4,4,3,4,4,4,4,4,3,4,3.62,4,6,FALSE
Female,Loyal Customer,32,Business Travel,Business,2861,3,3,3,3,5,5,4,5,1,5,5,1,5,3.69,0,4,TRUE
Male,Loyal Customer,52,Business Travel,Eco,196,4,1,1,1,5,4,5,5,4,1,3,4,5,3.31,37,32,TRUE
Female,Loyal Customer,31,Business Travel,Business,829,2,2,4,2,2,2,2,2,3,2,4,3,2,2.46,0,5,TRUE
Female,Loyal Customer,43,Business Travel,Business,2156,3,2,2,2,5,4,3,3,3,3,3,2,1,2.77,0,0,FALSE
Female,Disloyal Customer,27,Business Travel,Eco,601,3,3,3,3,5,3,5,5,3,1,4,2,5,3.46,0,0,FALSE
Male,Loyal Customer,34,Business Travel,Business,2497,3,3,3,3,5,3,3,3,3,3,3,3,4,3.23,0,0,FALSE
Male,Loyal Customer,62,Personal Travel,Eco,562,2,4,2,1,4,2,4,4,5,5,5,4,4,3.54,0,0,FALSE
Male,Loyal Customer,60,Business Travel,Business,148,3,3,3,3,5,5,5,4,4,4,5,3,4,3.92,9,11,TRUE
Male,Loyal Customer,32,Personal Travel,Eco,173,1,3,1,3,5,1,5,5,1,3,3,4,5,3.08,0,0,FALSE
Female,Loyal Customer,22,Personal Travel,Eco,1189,1,5,0,3,1,0,1,1,5,2,4,3,1,2.08,108,106,FALSE
Male,Loyal Customer,56,Business Travel,Business,1846,1,1,1,1,5,4,5,5,5,5,5,4,5,3.62,0,0,TRUE
Female,Loyal Customer,16,Business Travel,Business,1983,2,2,2,2,4,4,4,4,3,4,1,1,4,2.85,0,0,TRUE
Female,Loyal Customer,35,Personal Travel,Eco Plus,1197,2,3,2,3,3,2,3,3,2,4,1,3,3,2.62,1,0,FALSE
Male,Disloyal Customer,33,Business Travel,Eco,546,3,3,3,4,3,3,3,3,2,1,4,3,3,2.92,0,3,FALSE
Male,Loyal Customer,40,Business Travel,Business,2338,4,4,4,4,4,4,5,4,4,4,4,4,5,4.15,32,36,TRUE
Male,Loyal Customer,64,Personal Travel,Eco Plus,224,2,4,0,3,3,0,3,3,5,4,4,3,3,2.85,0,0,FALSE
Female,Disloyal Customer,22,Business Travel,Business,641,4,0,4,2,3,4,3,3,3,3,5,3,3,3.08,0,0,TRUE
Male,Loyal Customer,34,Business Travel,Business,3870,1,1,1,1,3,4,5,5,5,5,5,3,3,3.23,80,67,TRUE
Female,Disloyal Customer,45,Business Travel,Eco,296,4,2,4,3,3,4,3,3,3,2,4,4,3,3.23,0,6,FALSE
Female,Loyal Customer,21,Personal Travel,Eco,441,1,5,1,3,2,1,3,2,5,3,4,5,2,2.85,4,0,FALSE
Female,Loyal Customer,67,Personal Travel,Eco,761,2,5,2,4,2,5,5,5,5,2,5,3,3,3.69,0,0,FALSE
Female,Loyal Customer,15,Personal Travel,Eco,840,3,3,3,4,4,3,4,4,1,4,4,2,4,3.31,0,5,FALSE
Male,Loyal Customer,60,Business Travel,Business,628,3,3,3,3,2,4,3,3,3,3,3,4,2,3,0,8,FALSE
Female,Disloyal Customer,9,Business Travel,Eco Plus,646,2,2,2,2,2,2,5,2,3,2,3,1,2,2.31,4,0,FALSE
Male,Disloyal Customer,25,Business Travel,Business,236,5,0,5,4,1,5,1,1,4,5,5,5,1,3.23,3,0,TRUE
Female,Disloyal Customer,24,Business Travel,Eco,143,4,4,4,3,2,4,2,2,1,2,3,2,2,2.69,4,26,FALSE
Male,Disloyal Customer,27,Business Travel,Eco,153,3,2,3,4,3,3,3,3,4,1,3,2,3,2.85,0,0,FALSE
Female,Loyal Customer,26,Business Travel,Business,2562,0,5,0,5,3,3,3,3,3,2,4,3,3,2.85,16,34,TRUE
Female,Loyal Customer,29,Business Travel,Business,3877,2,2,4,2,5,5,5,5,5,5,5,4,5,4.15,5,3,TRUE
Male,Loyal Customer,18,Personal Travel,Eco,1855,4,5,5,5,4,5,1,4,3,3,2,5,4,3.85,0,0,FALSE
Male,Loyal Customer,40,Personal Travel,Business,599,4,0,4,4,2,4,4,3,3,4,3,3,4,3.23,0,0,TRUE
Male,Loyal Customer,59,Business Travel,Business,184,0,5,0,2,2,5,5,3,3,3,3,4,4,3,9,0,TRUE
Female,Loyal Customer,41,Business Travel,Business,2246,1,5,5,5,1,1,1,2,1,3,4,1,1,2.38,228,216,FALSE
Female,Loyal Customer,37,Business Travel,Business,332,0,0,0,5,3,3,3,3,3,3,3,3,1,2.31,0,0,TRUE
Female,Loyal Customer,54,Business Travel,Business,130,4,3,3,3,3,4,4,2,2,2,4,4,2,3.08,28,21,FALSE
Male,Loyal Customer,22,Business Travel,Business,1937,2,2,4,4,2,2,2,1,1,4,3,2,2,2.38,167,160,FALSE
Male,Loyal Customer,60,Business Travel,Business,628,2,2,2,2,3,5,5,4,4,4,4,5,4,3.54,5,0,TRUE
Male,Loyal Customer,48,Personal Travel,Eco Plus,368,2,1,2,2,2,2,1,2,3,5,3,4,2,2.38,0,0,FALSE
Female,Disloyal Customer,34,Business Travel,Business,760,2,2,2,4,3,2,2,3,3,5,4,5,3,3.08,95,71,FALSE
Male,Loyal Customer,52,Business Travel,Business,2366,5,5,5,5,5,4,4,2,2,2,2,5,5,3.92,0,8,TRUE
Female,Loyal Customer,14,Personal Travel,Eco,888,3,5,3,2,2,3,2,2,4,4,5,4,2,3.15,0,0,FALSE
Female,Loyal Customer,31,Business Travel,Business,2598,4,2,2,2,4,4,4,4,4,1,3,1,4,3,0,0,FALSE
Male,Loyal Customer,30,Business Travel,Business,1546,4,4,4,4,4,4,4,4,5,4,5,4,4,4.15,2,0,TRUE
Female,Loyal Customer,62,Personal Travel,Eco Plus,247,4,2,4,4,3,3,3,1,1,4,5,4,1,3,67,72,FALSE
Male,Loyal Customer,52,Personal Travel,Eco,295,2,5,2,4,2,2,2,2,4,4,4,4,2,3,0,0,FALSE
Female,Loyal Customer,57,Business Travel,Business,3283,1,1,1,1,1,3,3,1,1,1,1,2,3,1.54,0,0,FALSE
Female,Loyal Customer,33,Business Travel,Business,2246,2,2,2,2,4,4,3,5,5,4,5,5,1,3.38,0,0,TRUE
Female,Loyal Customer,18,Business Travel,Eco,646,5,3,3,3,5,5,5,5,3,2,1,2,5,3.62,3,0,TRUE
Male,Loyal Customer,21,Personal Travel,Eco,1598,3,5,3,3,4,3,4,4,3,4,5,5,4,3.85,42,25,FALSE
Female,Loyal Customer,51,Business Travel,Business,2865,3,3,3,3,5,5,4,4,4,4,4,3,5,3.85,12,0,TRUE
Male,Disloyal Customer,38,Business Travel,Business,606,3,3,3,3,3,3,3,3,4,4,4,3,3,3.23,0,0,FALSE
Female,Loyal Customer,53,Business Travel,Business,2811,5,5,5,5,5,5,5,5,5,5,5,5,4,4.92,65,48,TRUE
Female,Disloyal Customer,24,Business Travel,Eco,1050,3,3,3,4,1,3,1,1,4,3,2,4,1,2.54,0,0,FALSE
Male,Loyal Customer,63,Personal Travel,Eco,541,3,1,3,4,4,3,4,4,4,3,4,4,4,3.46,36,23,FALSE
Female,Loyal Customer,28,Personal Travel,Eco,268,1,0,0,2,3,0,2,3,4,1,2,2,3,1.77,0,0,FALSE
Male,Loyal Customer,29,Business Travel,Business,3351,4,4,4,4,4,4,4,4,2,3,3,3,4,3.62,0,0,TRUE
Female,Loyal Customer,52,Business Travel,Business,2653,2,2,2,2,5,4,4,2,2,3,2,3,3,2.77,42,35,TRUE
Female,Disloyal Customer,24,Business Travel,Eco,296,2,0,1,4,5,1,5,5,3,3,4,4,5,3.23,9,0,FALSE
Male,Loyal Customer,27,Personal Travel,Eco Plus,248,4,1,4,2,1,4,1,1,1,1,3,3,1,2.08,0,22,FALSE
Female,Disloyal Customer,24,Business Travel,Eco,605,1,0,2,2,1,2,1,1,4,4,4,5,1,2.15,0,0,FALSE
Male,Loyal Customer,35,Personal Travel,Eco,1250,3,4,3,2,2,3,2,2,3,4,4,4,2,2.92,7,30,FALSE
Female,Loyal Customer,30,Personal Travel,Eco Plus,651,4,4,4,3,5,4,5,5,3,3,3,4,5,4,0,0,FALSE
Male,Loyal Customer,34,Personal Travel,Business,1521,4,4,4,5,5,4,4,4,4,4,4,3,4,4.08,9,0,TRUE
Female,Loyal Customer,36,Business Travel,Eco,679,4,3,3,3,4,4,4,4,1,3,5,2,4,3.38,12,48,TRUE
Male,Loyal Customer,10,Personal Travel,Eco,1222,3,1,3,4,4,3,4,4,4,2,3,2,4,3.15,0,0,FALSE
Male,Loyal Customer,27,Personal Travel,Eco Plus,965,2,4,2,1,4,2,4,4,4,3,5,5,4,3.38,4,0,FALSE
Male,Loyal Customer,43,Business Travel,Eco Plus,416,4,1,3,1,4,4,4,4,2,3,3,2,4,3,38,35,FALSE
Male,Loyal Customer,63,Business Travel,Eco Plus,395,2,2,2,2,2,2,2,2,1,2,4,4,2,2.23,0,2,FALSE
Female,Loyal Customer,62,Personal Travel,Eco Plus,1464,3,5,3,4,3,3,5,1,1,3,1,4,3,3,26,30,FALSE
Male,Loyal Customer,60,Business Travel,Business,985,4,4,4,4,3,4,4,4,4,4,4,3,5,3.92,0,10,TRUE
Female,Loyal Customer,28,Business Travel,Business,2399,3,3,3,3,4,5,4,4,5,3,4,4,4,3.77,19,0,TRUE
Female,Loyal Customer,31,Business Travel,Business,2110,2,2,5,2,5,5,5,5,4,2,5,3,5,3.85,0,0,TRUE
Male,Loyal Customer,57,Business Travel,Business,357,2,1,1,1,1,3,3,2,2,2,2,4,1,1.92,48,49,FALSE
Female,Loyal Customer,18,Personal Travel,Business,166,4,4,4,3,3,4,2,3,3,3,4,4,3,3.38,0,0,TRUE
Female,Loyal Customer,35,Personal Travel,Eco,758,4,5,4,3,5,4,5,5,5,5,4,3,5,4.38,3,0,FALSE
Male,Disloyal Customer,23,Business Travel,Business,1189,4,0,4,5,1,4,1,1,5,2,5,3,1,2.77,0,0,TRUE
Female,Loyal Customer,57,Business Travel,Business,2383,1,1,1,1,4,4,4,4,4,4,4,5,5,3.23,0,0,TRUE
Male,Loyal Customer,40,Business Travel,Eco Plus,447,5,5,5,5,5,5,5,5,2,3,1,5,5,4.31,0,0,TRUE
Male,Disloyal Customer,21,Business Travel,Eco,391,4,0,4,4,3,4,1,3,2,1,5,2,3,2.77,0,0,TRUE
Male,Loyal Customer,23,Business Travel,Business,337,4,5,3,5,4,4,4,4,3,5,4,4,4,4.08,43,38,FALSE
Female,Loyal Customer,9,Personal Travel,Eco Plus,200,3,3,3,3,5,3,4,5,4,3,3,1,5,3.46,0,0,FALSE
Male,Loyal Customer,47,Business Travel,Business,3094,4,1,4,4,3,5,5,4,4,4,4,5,4,3.92,0,0,TRUE
Female,Loyal Customer,59,Business Travel,Business,1618,1,4,1,1,5,5,5,4,4,4,4,4,3,3.46,0,0,TRUE
Male,Disloyal Customer,20,Business Travel,Eco,748,2,2,2,3,4,2,4,4,4,4,4,1,4,3.08,0,0,FALSE
Male,Disloyal Customer,24,Business Travel,Eco,1422,3,3,3,1,3,3,3,3,5,2,5,4,3,3.15,0,0,FALSE
Female,Loyal Customer,49,Business Travel,Business,1897,5,5,5,5,3,4,5,5,5,5,5,4,4,4.62,0,0,TRUE
Female,Loyal Customer,22,Business Travel,Business,436,1,1,1,1,2,2,2,2,3,4,4,3,2,2.15,57,47,TRUE
Female,Loyal Customer,12,Personal Travel,Eco,1635,3,4,4,3,3,4,3,3,3,3,4,3,3,3.31,27,41,FALSE
Male,Disloyal Customer,26,Business Travel,Business,1138,2,2,2,3,2,4,4,5,2,5,4,4,4,3.31,285,285,FALSE
Female,Disloyal Customer,26,Business Travel,Business,596,4,4,4,4,4,4,4,4,4,5,4,3,4,4,0,1,TRUE
Female,Loyal Customer,33,Business Travel,Business,2774,2,2,2,2,4,5,5,2,2,2,2,4,3,2.85,0,0,TRUE
Female,Loyal Customer,44,Business Travel,Business,1800,1,1,1,1,4,5,5,4,4,4,4,4,4,3.23,0,0,TRUE
Male,Loyal Customer,43,Personal Travel,Business,1005,3,3,3,3,5,3,4,2,2,3,2,3,3,3,0,0,FALSE
Female,Loyal Customer,23,Personal Travel,Eco,628,2,5,2,4,4,2,4,4,4,3,5,5,4,3.69,0,0,FALSE
Female,Loyal Customer,55,Business Travel,Business,3861,2,1,1,1,3,3,3,2,2,3,2,1,1,1.92,42,39,FALSE
Female,Loyal Customer,25,Business Travel,Business,3145,3,3,3,3,4,4,4,4,4,1,1,5,4,3.31,0,0,TRUE
Female,Loyal Customer,72,Business Travel,Eco Plus,293,1,2,2,2,3,4,4,1,1,1,1,2,2,2,0,0,FALSE
Female,Loyal Customer,51,Business Travel,Business,967,1,1,1,1,5,4,5,5,5,5,5,5,4,3.62,0,0,TRUE
Female,Loyal Customer,35,Personal Travel,Eco,802,1,4,1,5,2,1,2,2,2,5,5,4,2,2.77,0,0,FALSE
Male,Loyal Customer,51,Business Travel,Eco,528,2,3,3,3,2,2,2,2,1,2,4,4,2,2.46,0,0,FALSE
Male,Disloyal Customer,37,Business Travel,Business,108,5,5,5,5,3,5,3,3,3,2,5,5,3,4,0,5,TRUE
Male,Loyal Customer,44,Business Travel,Business,3331,3,3,3,3,5,5,5,4,4,4,4,4,5,4,0,12,TRUE
Female,Loyal Customer,44,Personal Travel,Eco,241,4,4,4,3,2,3,3,4,4,4,4,3,1,3.31,0,0,FALSE
Female,Loyal Customer,40,Business Travel,Business,1773,2,2,2,2,2,2,3,2,2,2,2,3,3,2.23,0,0,FALSE
Female,Loyal Customer,55,Business Travel,Eco Plus,270,5,2,2,2,2,3,3,5,5,5,5,5,3,3.62,42,43,TRUE
Female,Loyal Customer,40,Business Travel,Business,837,1,1,1,1,4,5,4,5,5,5,5,5,4,3.54,0,0,TRUE
Female,Loyal Customer,53,Business Travel,Business,1999,4,4,4,4,2,4,5,4,4,4,4,4,3,3.85,7,0,TRUE
Male,Loyal Customer,67,Business Travel,Business,157,3,4,4,4,1,3,3,2,2,2,3,1,2,2.62,14,32,FALSE
Female,Loyal Customer,56,Personal Travel,Eco,1050,1,5,1,1,5,1,1,1,1,1,1,5,2,2,0,3,FALSE
Female,Loyal Customer,12,Personal Travel,Eco,919,4,3,4,2,5,4,5,5,3,5,4,4,5,4.08,10,2,FALSE
Male,Loyal Customer,27,Business Travel,Business,2978,5,5,5,5,4,4,4,4,5,3,5,5,4,4.46,0,0,TRUE
Female,Loyal Customer,63,Personal Travel,Eco Plus,213,4,2,0,3,2,4,4,2,2,0,1,3,4,2.38,0,0,TRUE
Female,Loyal Customer,31,Personal Travel,Eco,507,2,5,2,5,3,2,3,3,5,5,5,4,3,3.62,0,0,FALSE
Female,Loyal Customer,48,Business Travel,Business,452,3,3,3,3,3,1,3,4,4,4,4,2,1,2.92,0,3,TRUE
Male,Loyal Customer,30,Personal Travel,Eco Plus,1050,3,4,3,3,4,3,4,4,3,3,4,4,4,3.54,0,0,FALSE
Male,Loyal Customer,59,Business Travel,Eco,363,4,1,1,1,4,4,4,4,4,3,1,5,4,3.08,0,0,TRUE
Male,Disloyal Customer,9,Business Travel,Eco,1208,1,2,2,4,4,2,4,4,4,1,3,1,4,2.77,54,58,FALSE
Female,Loyal Customer,47,Business Travel,Business,2176,3,3,3,3,4,5,4,5,5,5,5,4,3,4,61,40,TRUE
Female,Disloyal Customer,39,Business Travel,Business,651,2,2,2,4,5,2,3,5,2,3,4,5,5,3.38,0,0,TRUE
Female,Disloyal Customer,21,Business Travel,Business,448,5,0,5,4,4,5,5,4,4,3,2,4,4,3.77,8,11,TRUE
Female,Loyal Customer,40,Business Travel,Business,2365,4,1,1,1,3,3,3,4,4,4,4,2,2,2.77,1,2,FALSE
Male,Loyal Customer,33,Business Travel,Business,2908,3,3,3,3,5,5,5,5,3,4,4,5,5,4.08,0,0,TRUE
Male,Loyal Customer,15,Personal Travel,Eco,237,5,5,5,2,2,5,2,2,3,2,4,5,2,3.38,0,0,TRUE
Female,Loyal Customer,59,Business Travel,Business,3803,5,5,5,5,3,5,4,3,3,4,3,5,3,4.08,0,0,TRUE
Female,Loyal Customer,58,Business Travel,Business,1605,4,4,3,4,2,5,5,3,3,3,3,4,5,3.69,5,0,TRUE
Female,Loyal Customer,42,Business Travel,Business,1956,0,0,0,4,3,4,4,1,1,1,1,3,4,2,31,22,TRUE
Male,Disloyal Customer,70,Business Travel,Business,408,3,3,3,5,2,3,2,2,4,3,5,3,2,3.08,0,0,FALSE
Female,Loyal Customer,19,Personal Travel,Eco,763,5,5,5,2,4,5,4,4,3,4,5,3,4,4.08,0,0,TRUE
Female,Loyal Customer,49,Business Travel,Eco,261,4,5,5,5,1,5,2,4,4,4,4,4,4,3.92,0,0,TRUE
Male,Loyal Customer,48,Business Travel,Business,554,2,1,1,1,4,2,3,2,2,2,2,3,4,2.23,105,93,FALSE
Female,Loyal Customer,36,Business Travel,Business,1217,3,3,3,3,2,5,5,4,4,4,4,4,4,3.69,13,0,TRUE
Male,Loyal Customer,39,Personal Travel,Eco Plus,1048,3,4,3,2,3,3,3,3,5,3,5,3,3,3.31,29,27,FALSE
Female,Loyal Customer,25,Personal Travel,Eco,4963,2,5,2,4,2,5,2,5,3,4,4,2,2,3.23,0,0,FALSE
Male,Loyal Customer,43,Business Travel,Business,795,3,1,1,1,3,3,4,3,3,3,3,4,4,2.77,27,13,FALSE
Female,Loyal Customer,11,Personal Travel,Eco,2106,3,3,3,1,5,3,5,5,4,3,3,3,5,3.54,0,0,FALSE
Male,Loyal Customer,43,Business Travel,Business,1815,3,3,3,3,3,5,4,5,5,5,5,5,4,4.08,0,0,TRUE
Male,Loyal Customer,48,Personal Travel,Eco,1276,4,4,4,2,5,4,5,5,5,3,5,5,5,4.31,2,0,FALSE
Male,Loyal Customer,50,Personal Travel,Eco,704,3,4,3,1,2,3,2,2,1,5,4,1,2,2.54,2,0,FALSE
Female,Loyal Customer,45,Business Travel,Business,3709,5,5,5,5,2,5,5,4,4,4,4,3,3,4.15,0,0,TRUE
Female,Loyal Customer,50,Business Travel,Eco,671,2,1,1,1,1,2,2,2,2,2,2,4,1,1.77,0,0,FALSE
Male,Disloyal Customer,25,Business Travel,Business,1074,4,3,4,5,4,4,4,4,4,1,3,4,4,3.69,0,0,TRUE
Male,Disloyal Customer,24,Business Travel,Eco,770,3,3,3,3,4,3,4,4,1,2,4,2,4,3.08,32,35,FALSE
Male,Loyal Customer,11,Personal Travel,Eco,920,3,1,3,2,1,3,1,1,2,2,2,3,1,1.92,95,88,FALSE
Female,Loyal Customer,32,Business Travel,Eco,174,5,4,5,4,5,5,5,5,1,1,2,2,5,3.77,0,0,TRUE
Male,Loyal Customer,9,Personal Travel,Eco,853,1,3,1,3,3,1,3,3,2,1,1,1,3,2,39,36,FALSE
Male,Loyal Customer,30,Business Travel,Business,1635,3,5,5,5,3,3,3,3,1,1,2,2,3,3,0,30,FALSE
Male,Loyal Customer,40,Personal Travel,Eco,650,5,4,5,3,3,5,3,3,5,1,3,3,3,3.54,0,0,TRUE
Female,Loyal Customer,62,Personal Travel,Eco,216,3,4,3,3,3,4,4,5,5,3,5,2,1,3.46,0,0,FALSE
Male,Loyal Customer,48,Personal Travel,Eco Plus,337,3,4,3,3,4,3,4,4,5,3,4,4,4,3.69,0,0,FALSE
Female,Loyal Customer,27,Personal Travel,Eco,812,3,1,3,3,3,3,2,3,3,1,4,1,3,2.54,16,20,FALSE
Female,Loyal Customer,58,Business Travel,Business,1571,2,2,2,2,4,4,5,5,5,4,5,4,5,3.77,16,0,TRUE
Male,Loyal Customer,47,Personal Travel,Eco,1217,3,4,3,2,4,3,4,4,4,5,4,3,4,3.62,17,3,FALSE
Female,Loyal Customer,40,Business Travel,Business,2475,5,5,5,5,5,5,5,3,3,3,5,5,5,4.54,4,0,TRUE
Male,Loyal Customer,22,Personal Travel,Business,868,1,1,1,3,4,1,4,4,4,1,3,4,4,2.69,7,18,FALSE
Female,Disloyal Customer,29,Business Travel,Business,626,1,1,1,1,3,1,3,3,4,2,4,4,3,2.38,5,9,FALSE
Female,Loyal Customer,54,Business Travel,Eco,1121,3,3,3,3,2,4,4,3,3,3,3,4,3,3.15,0,0,FALSE
Male,Loyal Customer,45,Personal Travel,Eco Plus,86,1,5,1,1,1,1,1,1,3,5,4,3,1,2.15,0,0,FALSE
Female,Disloyal Customer,27,Business Travel,Eco Plus,101,3,3,3,3,1,3,1,1,2,1,2,2,1,2,0,0,FALSE
Female,Loyal Customer,51,Business Travel,Business,852,1,2,1,1,4,5,5,4,4,5,4,4,3,3.31,0,0,TRUE
Male,Loyal Customer,50,Business Travel,Eco,190,4,5,5,5,4,4,4,4,1,1,4,2,4,3.62,0,0,FALSE
Female,Loyal Customer,17,Personal Travel,Eco,977,3,3,3,3,2,3,2,2,3,3,2,5,2,2.77,20,17,FALSE
Male,Loyal Customer,43,Personal Travel,Eco,502,1,4,1,3,4,1,4,4,4,2,5,4,4,3.15,0,0,FALSE
Male,Loyal Customer,35,Personal Travel,Eco,606,2,5,2,2,3,2,3,3,3,2,4,4,3,2.92,39,48,FALSE
Female,Loyal Customer,35,Business Travel,Eco,337,3,1,1,1,3,3,3,3,3,1,3,4,3,2.46,34,33,FALSE
Male,Loyal Customer,42,Business Travel,Eco,239,2,5,5,5,2,2,2,2,3,5,3,1,2,3,0,0,FALSE
Male,Loyal Customer,41,Business Travel,Business,1119,1,1,4,1,4,4,5,5,5,5,5,4,3,3.62,0,0,TRUE
Female,Disloyal Customer,38,Business Travel,Eco,632,1,3,2,2,1,2,1,1,2,2,3,4,1,1.92,5,16,FALSE
Female,Loyal Customer,34,Business Travel,Business,3349,1,2,2,2,3,3,3,1,1,1,1,4,4,2.15,128,115,FALSE
Male,Loyal Customer,37,Business Travel,Business,2646,1,1,1,1,5,4,5,5,5,5,5,3,3,3.38,27,24,TRUE
Female,Loyal Customer,28,Personal Travel,Eco,1865,2,3,2,4,5,2,5,5,4,3,4,1,5,3.46,51,43,FALSE
Male,Loyal Customer,48,Business Travel,Business,1597,1,1,1,1,2,5,4,5,5,4,5,4,5,3.31,0,0,TRUE
Female,Loyal Customer,16,Personal Travel,Eco,516,1,1,1,3,1,1,3,1,3,3,3,2,1,1.85,0,0,FALSE
Male,Loyal Customer,16,Personal Travel,Eco,689,1,2,1,2,4,1,4,4,2,2,3,3,4,2.54,1,0,FALSE
Male,Loyal Customer,56,Business Travel,Business,2805,4,4,4,4,5,5,5,5,5,5,5,3,5,4.54,84,75,TRUE
Male,Loyal Customer,61,Personal Travel,Eco,1235,2,5,2,4,3,2,3,3,3,2,4,5,3,3.15,0,10,FALSE
Male,Disloyal Customer,25,Business Travel,Business,594,2,0,2,4,5,2,5,5,4,4,4,3,5,3.46,19,60,FALSE
Female,Loyal Customer,70,Personal Travel,Eco,209,2,2,2,3,5,3,4,2,2,2,2,3,1,2.54,0,4,FALSE
Male,Loyal Customer,21,Personal Travel,Eco,331,3,2,2,2,5,2,5,5,2,2,2,3,5,3.08,12,11,FALSE
Female,Loyal Customer,51,Business Travel,Business,2611,2,2,2,2,2,5,5,4,4,4,4,5,5,3.54,41,20,TRUE
Male,Loyal Customer,39,Business Travel,Business,2502,3,4,4,4,5,4,4,3,3,3,3,3,3,3.54,0,0,FALSE
Female,Loyal Customer,9,Personal Travel,Eco,1185,4,1,4,4,5,4,5,5,1,3,3,4,5,3.69,0,0,FALSE
Male,Loyal Customer,40,Business Travel,Business,2694,1,1,1,1,2,5,5,4,4,4,4,4,3,3,0,0,TRUE
Female,Loyal Customer,49,Business Travel,Eco Plus,1773,3,4,4,4,5,3,4,2,2,3,2,3,2,3.15,0,6,FALSE
Male,Loyal Customer,54,Personal Travel,Eco,101,2,4,2,3,3,2,3,3,5,5,5,3,3,3.31,0,0,FALSE
Male,Loyal Customer,30,Business Travel,Eco,1562,0,0,0,3,4,0,4,4,5,3,5,5,4,2.85,29,1,TRUE
Female,Loyal Customer,39,Business Travel,Business,2329,5,5,5,5,4,5,1,4,4,4,5,2,2,3.92,0,0,TRUE
Female,Loyal Customer,49,Business Travel,Eco Plus,370,2,3,2,3,4,5,3,2,2,2,2,5,1,2.77,0,0,TRUE
Female,Loyal Customer,70,Personal Travel,Eco Plus,294,2,4,2,1,5,5,4,2,2,2,2,3,5,3,0,0,FALSE
Female,Loyal Customer,35,Personal Travel,Eco Plus,589,2,4,2,2,2,2,2,2,5,2,4,3,2,2.62,0,0,FALSE
Female,Loyal Customer,56,Business Travel,Business,3303,5,5,5,5,2,4,4,5,5,5,5,3,3,4.31,17,5,TRUE
Female,Disloyal Customer,62,Business Travel,Eco,86,4,0,5,5,3,5,1,3,1,2,1,1,3,2.62,67,81,TRUE
Female,Loyal Customer,25,Business Travel,Business,1563,4,4,4,4,4,5,4,4,5,3,4,4,4,4.08,0,0,TRUE
Male,Loyal Customer,53,Personal Travel,Business,1504,2,4,2,2,4,4,4,3,3,2,3,4,4,3.15,0,0,FALSE
Female,Loyal Customer,27,Business Travel,Eco,2133,4,4,4,4,4,4,4,4,2,1,4,4,4,3.62,0,0,FALSE
Female,Disloyal Customer,22,Business Travel,Eco,259,1,1,1,2,4,1,4,4,2,4,2,2,4,2.46,34,27,FALSE
Female,Loyal Customer,66,Business Travel,Business,305,3,5,5,5,1,3,3,3,3,3,3,4,4,3.46,0,0,FALSE
Female,Loyal Customer,66,Personal Travel,Eco Plus,487,3,2,3,3,3,4,4,4,4,3,4,3,4,3.38,0,2,FALSE
Female,Loyal Customer,57,Business Travel,Business,2099,5,5,5,5,2,5,4,4,4,4,4,5,4,4.31,0,0,TRUE
Female,Loyal Customer,25,Business Travel,Business,3104,2,2,2,2,2,2,2,2,1,2,3,3,2,2.08,105,100,FALSE
Male,Loyal Customer,18,Personal Travel,Business,872,5,5,4,1,4,4,4,4,3,3,4,2,4,3.62,0,0,TRUE
Male,Loyal Customer,52,Business Travel,Business,1747,1,1,1,1,5,4,4,5,5,5,5,3,3,3.31,0,4,TRUE
Female,Disloyal Customer,44,Business Travel,Eco,95,1,1,1,3,5,1,5,5,4,5,4,4,5,3.38,0,0,FALSE
Male,Loyal Customer,45,Business Travel,Business,624,5,5,5,5,5,5,5,3,3,3,3,3,5,4.23,0,0,TRUE
Male,Loyal Customer,71,Business Travel,Eco Plus,632,1,5,5,5,1,1,1,1,3,1,3,1,1,2.23,73,89,FALSE
Male,Loyal Customer,68,Personal Travel,Eco,404,4,5,4,5,5,4,5,5,3,5,5,4,5,4.54,0,0,FALSE
Male,Disloyal Customer,38,Business Travel,Eco,151,1,2,1,3,2,1,2,2,3,5,4,2,2,2.31,0,0,FALSE
Male,Loyal Customer,16,Personal Travel,Eco,451,1,5,1,1,5,1,4,5,3,2,5,2,5,3.08,0,0,FALSE
Female,Loyal Customer,57,Business Travel,Business,2195,0,0,0,5,2,5,4,4,4,2,2,3,4,2.69,0,0,TRUE
Female,Disloyal Customer,18,Business Travel,Business,733,0,0,0,3,0,4,4,3,2,5,5,4,4,2.62,4,0,TRUE
Female,Loyal Customer,59,Business Travel,Business,733,5,5,5,5,3,4,5,5,5,5,5,3,4,4.54,48,49,TRUE
Male,Loyal Customer,76,Business Travel,Business,228,1,1,1,1,2,4,3,1,1,1,1,1,4,1.69,0,13,FALSE
Male,Loyal Customer,22,Business Travel,Business,1750,5,5,3,5,5,5,5,5,4,3,4,5,5,4.54,0,0,TRUE
Female,Loyal Customer,46,Business Travel,Business,2447,4,4,2,4,2,1,3,5,5,5,5,1,2,3.31,0,0,TRUE
Female,Disloyal Customer,17,Business Travel,Eco,1089,3,4,4,1,3,4,3,3,3,3,4,3,3,3.15,0,0,FALSE
Male,Loyal Customer,46,Business Travel,Eco Plus,1069,4,4,2,4,3,4,3,3,2,4,3,2,3,3.15,117,125,TRUE
Female,Loyal Customer,18,Personal Travel,Eco,922,1,5,1,1,2,1,5,2,4,4,4,3,2,2.69,0,6,FALSE
Female,Loyal Customer,28,Personal Travel,Eco,2370,4,5,4,3,3,4,3,3,5,4,4,5,3,3.85,3,,TRUE
Female,Loyal Customer,37,Business Travel,Business,1075,5,5,5,5,1,1,1,4,4,4,4,2,4,3.46,3,0,TRUE
Female,Loyal Customer,43,Business Travel,Business,3527,5,5,5,5,4,5,5,4,4,4,4,3,3,4.31,0,0,TRUE
Female,Disloyal Customer,25,Business Travel,Business,624,2,5,2,4,5,2,5,5,5,5,4,5,5,4.15,0,0,FALSE
Male,Loyal Customer,31,Business Travel,Business,1820,2,2,2,2,2,2,2,2,3,3,3,1,2,2.15,0,1,FALSE
Female,Loyal Customer,62,Personal Travel,Eco,2475,3,4,3,2,2,3,4,5,5,3,5,5,4,3.69,0,0,FALSE
Male,Loyal Customer,55,Business Travel,Eco,199,5,3,3,3,5,5,5,5,1,4,3,4,5,3.92,40,40,TRUE
Female,Loyal Customer,35,Personal Travel,Eco,102,2,5,0,4,2,0,2,2,4,3,5,5,2,2.77,0,0,FALSE
Female,Loyal Customer,39,Business Travel,Business,3026,1,1,1,1,3,5,5,5,5,5,5,4,4,3.46,7,0,TRUE
Female,Loyal Customer,65,Personal Travel,Business,562,3,4,2,5,5,4,4,5,5,2,5,5,4,4.08,72,66,FALSE
Male,Loyal Customer,21,Business Travel,Business,3874,2,2,5,2,4,4,4,4,4,4,4,3,4,3.54,24,20,TRUE
Female,Disloyal Customer,36,Business Travel,Business,550,2,2,2,1,1,2,1,1,4,4,4,4,1,2.23,0,2,FALSE
Female,Loyal Customer,20,Personal Travel,Eco,522,4,5,4,3,1,4,1,1,4,4,5,4,1,3.15,0,0,FALSE
Male,Loyal Customer,28,Business Travel,Business,2176,3,4,4,4,3,3,3,3,3,5,2,3,3,3.31,0,15,FALSE
Female,Loyal Customer,11,Personal Travel,Eco,1703,2,2,2,4,2,2,2,2,1,2,3,2,2,2.15,0,0,FALSE
Male,Disloyal Customer,24,Business Travel,Eco,83,3,0,3,4,5,3,2,5,5,4,3,5,5,3.62,0,0,FALSE
Female,Loyal Customer,50,Personal Travel,Eco,1999,1,5,1,2,3,5,5,5,5,1,5,4,5,3.62,26,19,FALSE
Female,Loyal Customer,47,Business Travel,Business,255,2,2,2,2,5,4,5,4,4,4,4,4,4,3.54,6,12,TRUE
Female,Loyal Customer,60,Personal Travel,Eco,1124,3,4,3,2,5,1,5,4,4,3,4,2,2,3.23,0,0,FALSE
Male,Loyal Customer,34,Personal Travel,Eco,390,4,5,4,2,4,4,1,4,3,3,5,5,4,3.69,0,0,FALSE
Female,Loyal Customer,45,Personal Travel,Eco,679,4,1,4,4,3,3,4,3,3,4,5,3,3,3.38,0,0,FALSE
Female,Loyal Customer,13,Personal Travel,Eco,1045,3,5,3,3,2,3,5,2,3,4,5,3,2,3.31,84,75,FALSE
Female,Loyal Customer,57,Personal Travel,Eco,679,4,5,4,4,5,5,4,4,4,4,4,5,5,4.38,1,24,FALSE
Female,Loyal Customer,51,Business Travel,Business,2013,3,2,2,2,2,3,3,3,3,3,3,3,4,2.77,0,0,FALSE
Female,Loyal Customer,60,Business Travel,Business,3215,5,1,5,5,2,5,4,4,4,4,4,4,5,4,0,0,TRUE
Male,Loyal Customer,22,Personal Travel,Eco,296,2,5,4,2,2,4,3,2,1,1,3,2,2,2.54,0,0,FALSE
Female,Loyal Customer,50,Business Travel,Business,1913,3,3,2,3,2,5,4,4,4,4,4,3,5,3.54,0,14,TRUE
Female,Loyal Customer,28,Personal Travel,Eco Plus,67,2,3,2,3,4,2,4,4,1,5,4,3,4,3.15,0,0,FALSE
Male,Loyal Customer,59,Business Travel,Business,2323,3,3,3,3,3,4,4,5,5,5,5,3,4,3.85,0,0,TRUE
Female,Loyal Customer,33,Business Travel,Business,2867,3,4,4,4,3,3,4,3,3,3,3,1,2,3.08,0,0,FALSE
Female,Disloyal Customer,26,Business Travel,Business,631,3,0,3,3,2,3,2,2,5,3,4,5,2,2.85,0,0,FALSE
Male,Loyal Customer,46,Business Travel,Eco,247,2,1,1,1,2,2,2,2,1,3,4,3,2,2,48,30,FALSE
Female,Loyal Customer,57,Business Travel,Business,2079,3,3,3,3,4,4,5,5,5,4,5,4,4,4,0,0,TRUE
Male,Loyal Customer,27,Business Travel,Business,2648,2,1,2,2,4,4,4,4,4,2,5,3,4,3.15,15,18,TRUE
Male,Loyal Customer,33,Personal Travel,Eco Plus,361,1,5,1,4,3,1,5,3,4,3,4,4,3,3.15,0,0,FALSE
Male,Disloyal Customer,37,Business Travel,Eco,687,4,4,4,3,5,4,5,5,4,2,5,4,5,4.15,0,0,FALSE
Male,Loyal Customer,39,Personal Travel,Eco,546,3,4,3,4,1,3,1,1,3,2,2,5,1,2.54,5,2,FALSE
Female,Loyal Customer,51,Business Travel,Business,3061,4,4,4,4,5,5,4,5,5,5,5,5,4,4.54,40,46,TRUE
Female,Disloyal Customer,60,Business Travel,Business,1009,3,3,3,2,2,3,2,2,3,4,4,5,2,2.92,0,20,FALSE
Male,Loyal Customer,39,Business Travel,Business,3706,1,1,1,1,5,3,4,4,4,4,4,2,4,2.92,1,0,TRUE
Male,Loyal Customer,43,Business Travel,Business,3146,0,0,0,1,2,5,4,5,5,5,5,3,4,3,0,0,TRUE
Female,Disloyal Customer,24,Business Travel,Eco,1050,3,3,3,4,2,3,2,2,3,1,4,2,2,2.62,21,46,FALSE
Female,Disloyal Customer,22,Business Travel,Business,337,0,0,0,1,2,0,2,2,5,5,4,4,2,2.08,0,0,TRUE
Female,Disloyal Customer,31,Business Travel,Eco,1042,3,4,4,5,4,4,4,4,1,5,2,1,4,3.46,0,0,FALSE
Male,Disloyal Customer,37,Business Travel,Eco,623,2,2,3,4,3,3,3,3,2,5,4,1,3,2.92,30,13,FALSE
Female,Loyal Customer,53,Business Travel,Eco,608,5,5,5,5,4,4,4,5,5,5,5,2,1,4.23,0,0,TRUE
Male,Loyal Customer,30,Personal Travel,Eco,752,3,4,4,3,4,4,4,4,5,3,4,5,4,3.92,0,4,FALSE
Female,Disloyal Customer,49,Business Travel,Eco,251,4,1,4,3,4,4,4,4,2,5,3,4,4,3.54,0,0,FALSE
Male,Loyal Customer,36,Business Travel,Business,1011,3,3,3,3,3,5,5,4,4,5,4,5,4,3.92,11,0,TRUE
Female,Loyal Customer,52,Business Travel,Business,227,2,5,5,5,4,2,3,2,2,3,2,4,1,3.08,0,5,FALSE
Female,Disloyal Customer,38,Business Travel,Business,359,1,1,1,2,4,1,4,4,5,3,4,3,4,2.85,0,0,FALSE
Female,Loyal Customer,9,Personal Travel,Eco,2172,1,4,1,3,1,1,1,1,5,4,3,3,1,2.23,7,18,FALSE
Male,Loyal Customer,53,Business Travel,Business,715,1,1,2,1,4,5,5,4,4,4,4,3,3,3.15,5,8,TRUE
Female,Loyal Customer,34,Personal Travel,Eco,776,3,4,3,2,1,3,1,1,3,4,5,3,1,2.62,8,14,FALSE
Female,Loyal Customer,59,Business Travel,Business,2149,3,3,3,3,3,5,1,4,4,4,4,2,3,3.23,0,0,TRUE
Female,Loyal Customer,30,Business Travel,Business,1817,4,2,2,2,4,4,4,4,3,5,4,2,4,3.38,0,14,FALSE
Male,Loyal Customer,58,Business Travel,Business,464,3,3,3,3,4,5,5,4,4,4,4,4,3,3.77,19,29,TRUE
Female,Disloyal Customer,22,Business Travel,Eco,414,2,0,2,5,1,2,1,1,5,4,4,3,1,2.38,9,0,FALSE
Female,Loyal Customer,38,Personal Travel,Eco,666,5,0,5,4,3,5,3,3,4,3,5,5,3,3.69,0,0,TRUE
Female,Loyal Customer,46,Business Travel,Business,3828,5,5,5,5,4,3,3,4,4,4,4,5,4,4.23,8,5,TRUE
Male,Loyal Customer,46,Business Travel,Business,2358,1,1,1,1,3,5,5,4,4,4,4,4,4,3.15,0,0,TRUE
Male,Loyal Customer,58,Business Travel,Business,1953,3,5,3,3,4,5,4,3,3,3,3,5,5,3.77,0,0,TRUE
Male,Loyal Customer,44,Business Travel,Business,1663,1,1,1,1,3,4,4,4,4,4,4,5,4,3.08,0,1,TRUE
Male,Loyal Customer,11,Personal Travel,Eco,515,2,4,2,5,1,2,1,1,4,3,4,3,1,2.54,9,14,FALSE
Female,Loyal Customer,52,Business Travel,Business,3094,2,1,5,1,5,4,4,2,2,3,2,2,1,2.62,0,0,FALSE
Female,Loyal Customer,56,Personal Travel,Eco,207,1,4,0,2,5,1,3,4,4,0,4,2,3,2.54,0,10,FALSE
Male,Disloyal Customer,32,Business Travel,Business,227,4,4,4,4,2,4,2,2,3,3,5,5,2,3.38,7,18,FALSE
Male,Disloyal Customer,23,Business Travel,Business,590,5,0,5,3,4,5,4,4,4,4,4,4,4,3.85,0,2,TRUE
Male,Loyal Customer,41,Business Travel,Business,554,5,5,5,5,5,4,5,4,4,4,4,4,5,4.54,27,9,TRUE
Female,Loyal Customer,25,Personal Travel,Eco,308,3,5,3,2,2,3,2,2,3,5,4,3,2,3,49,42,FALSE
Male,Loyal Customer,46,Business Travel,Business,510,5,5,5,5,3,5,4,4,4,4,4,5,3,4.31,0,0,TRUE
Male,Loyal Customer,27,Business Travel,Business,3848,2,3,3,3,2,2,2,2,1,4,3,4,2,2.54,20,8,FALSE
Female,Loyal Customer,60,Business Travel,Business,3587,1,1,1,1,3,4,5,5,5,5,5,4,5,3.46,18,19,TRUE
Female,Loyal Customer,44,Business Travel,Eco,192,2,4,5,5,4,1,1,1,1,2,1,5,1,2.54,23,13,TRUE
Male,Disloyal Customer,18,Business Travel,Eco,302,2,1,2,4,1,2,1,1,1,5,3,3,1,2.08,0,0,FALSE
Female,Disloyal Customer,26,Business Travel,Business,868,4,4,4,4,3,4,3,3,5,2,5,5,3,3.77,0,6,FALSE
Male,Disloyal Customer,25,Business Travel,Business,216,3,0,3,3,2,3,2,2,1,2,5,1,2,2.23,4,0,FALSE
Male,Disloyal Customer,22,Business Travel,Eco,888,1,1,1,1,3,1,3,3,3,2,5,4,3,2.38,0,0,FALSE
Female,Disloyal Customer,25,Business Travel,Eco Plus,811,1,5,1,2,5,1,4,5,2,2,5,1,5,3,0,0,FALSE
Female,Loyal Customer,53,Business Travel,Business,1724,2,2,2,2,4,2,3,4,4,4,2,3,1,2.69,0,0,FALSE
Female,Loyal Customer,59,Personal Travel,Eco,341,3,1,3,2,1,1,1,5,5,3,5,2,1,2.54,0,0,FALSE
Male,Loyal Customer,44,Business Travel,Eco,351,5,2,2,2,5,5,5,5,3,3,3,4,5,3.77,0,0,TRUE
Female,Loyal Customer,43,Business Travel,Business,1430,5,5,5,5,4,5,4,3,3,4,3,3,5,4.15,106,119,TRUE
Male,Loyal Customer,37,Personal Travel,Eco Plus,319,3,4,3,3,1,3,1,1,1,4,4,4,1,2.54,0,0,FALSE
Male,Loyal Customer,62,Personal Travel,Eco,157,1,3,1,3,3,1,3,3,4,1,3,2,3,2.38,0,54,FALSE
Male,Disloyal Customer,45,Business Travel,Eco,369,4,0,4,4,1,4,5,1,3,5,4,2,1,2.92,0,0,FALSE
Male,Disloyal Customer,26,Business Travel,Business,689,1,1,1,3,5,1,5,5,5,5,5,3,5,3.46,0,0,FALSE
Male,Disloyal Customer,28,Business Travel,Business,860,4,4,4,4,2,4,2,2,3,4,5,5,2,3.46,62,54,FALSE
Female,Disloyal Customer,24,Business Travel,Eco,933,1,1,1,3,1,1,1,1,1,1,2,4,1,1.46,0,10,FALSE
Female,Loyal Customer,26,Personal Travel,Business,1399,4,2,4,4,4,4,5,4,1,2,4,4,4,3.54,0,0,FALSE
Male,Loyal Customer,63,Business Travel,Business,448,2,2,2,2,5,4,5,4,4,5,4,3,4,3.54,15,8,TRUE
Female,Disloyal Customer,26,Business Travel,Eco,693,3,3,3,3,3,3,3,3,5,5,1,1,3,3,0,0,FALSE
Male,Loyal Customer,41,Business Travel,Business,3306,5,5,5,5,1,5,4,5,5,5,5,2,2,4.15,28,24,TRUE
Female,Loyal Customer,17,Personal Travel,Eco,125,3,2,0,4,5,0,5,5,4,4,3,3,5,3.31,0,0,FALSE
Female,Loyal Customer,36,Personal Travel,Eco,1521,2,2,2,3,5,2,5,5,3,4,3,3,5,3.38,0,4,FALSE
Female,Loyal Customer,30,Business Travel,Business,2237,2,2,3,2,4,4,3,4,1,3,3,5,4,3.08,0,0,TRUE
Female,Loyal Customer,27,Personal Travel,Eco,666,2,0,2,1,3,2,3,3,3,5,4,5,3,2.77,1,5,FALSE
Female,Loyal Customer,65,Business Travel,Business,931,4,5,5,5,1,3,4,4,4,4,4,4,3,3.85,0,1,FALSE
Female,Disloyal Customer,23,Business Travel,Eco,1056,3,3,3,4,4,3,4,4,3,3,1,1,4,3.08,0,0,FALSE
Male,Loyal Customer,10,Personal Travel,Eco,325,3,3,3,5,3,3,3,3,2,3,3,2,3,3,0,0,FALSE
Male,Loyal Customer,16,Personal Travel,Eco,937,4,5,4,3,3,4,3,3,5,4,4,5,3,3.85,2,8,FALSE
Female,Loyal Customer,8,Personal Travel,Eco,862,2,4,2,5,3,2,5,3,3,2,5,4,3,3.31,0,10,FALSE
Female,Disloyal Customer,32,Business Travel,Eco,533,2,4,2,3,2,2,4,2,2,1,3,3,2,2.46,20,24,FALSE
Female,Loyal Customer,56,Business Travel,Business,2138,2,2,2,2,4,1,1,3,3,4,3,1,1,2.23,1,0,TRUE
Female,Loyal Customer,59,Business Travel,Business,861,3,3,3,3,2,4,4,5,5,5,5,3,3,3.69,0,17,TRUE
Male,Disloyal Customer,23,Business Travel,Eco,332,1,0,1,4,2,1,2,2,4,5,4,4,2,2.46,0,0,FALSE
Female,Loyal Customer,59,Business Travel,Business,3660,0,4,0,1,3,5,5,4,4,4,4,4,3,3.15,0,0,TRUE
Female,Disloyal Customer,38,Business Travel,Business,297,3,3,3,4,5,3,5,5,4,5,3,2,5,3.85,0,2,FALSE
Female,Loyal Customer,37,Business Travel,Business,1654,1,5,4,4,2,4,4,1,1,1,1,2,1,2.38,15,15,FALSE
Male,Loyal Customer,39,Business Travel,Eco,1020,3,2,2,2,3,3,3,3,4,5,3,4,3,3.08,32,17,FALSE
Male,Loyal Customer,46,Business Travel,Eco,872,2,1,1,1,3,2,3,3,2,4,4,4,3,2.54,42,32,FALSE
Male,Loyal Customer,40,Business Travel,Business,2475,4,4,4,4,5,5,4,4,4,4,4,5,4,4.23,1,0,TRUE
Male,Loyal Customer,24,Business Travel,Business,2197,2,2,2,2,4,4,4,4,4,3,5,4,4,3.38,2,0,TRUE
Female,Loyal Customer,37,Business Travel,Business,325,4,4,4,4,3,4,5,4,4,4,4,3,5,4,39,37,TRUE
Female,Disloyal Customer,21,Business Travel,Eco,826,2,2,2,3,3,2,3,3,4,2,5,5,3,3,0,0,FALSE
Male,Disloyal Customer,20,Business Travel,Eco,888,2,2,2,2,4,2,4,4,2,1,3,3,4,2.69,0,0,FALSE
Female,Loyal Customer,38,Personal Travel,Eco,1431,3,5,3,3,3,3,5,3,4,3,4,5,3,3.62,5,0,FALSE
Female,Loyal Customer,19,Personal Travel,Eco Plus,682,2,5,1,2,1,1,1,1,4,2,5,4,1,2.31,38,24,FALSE
Male,Loyal Customer,49,Personal Travel,Eco,692,2,4,3,1,5,3,5,5,3,2,4,4,5,3.54,0,6,FALSE
Male,Loyal Customer,58,Business Travel,Business,2136,2,1,2,2,4,4,5,2,2,2,2,3,3,2.62,9,0,TRUE
Female,Loyal Customer,35,Business Travel,Business,1562,4,4,4,4,2,5,4,4,4,4,4,4,4,3.92,12,31,TRUE
Male,Loyal Customer,28,Business Travel,Eco Plus,604,2,2,2,2,2,2,2,2,1,5,3,2,2,2.23,42,42,FALSE
Male,Loyal Customer,47,Business Travel,Eco,1107,3,4,4,4,3,3,3,3,4,2,4,2,3,3.23,0,0,FALSE
Male,Loyal Customer,46,Business Travel,Business,1943,2,2,2,2,2,5,4,5,5,5,5,5,5,3.77,18,12,TRUE
Female,Loyal Customer,40,Personal Travel,Eco,304,2,4,2,3,2,2,2,2,3,4,4,4,2,2.77,7,5,FALSE
Male,Loyal Customer,46,Business Travel,Business,486,4,4,4,4,4,4,4,4,4,4,4,3,3,3.85,11,18,TRUE
Male,Loyal Customer,67,Personal Travel,Eco,771,1,4,1,2,2,1,2,2,5,5,5,5,2,2.85,0,0,FALSE
Male,Disloyal Customer,39,Business Travel,Business,458,5,5,5,1,1,5,1,1,3,5,4,5,1,3.23,0,0,TRUE
Female,Disloyal Customer,22,Business Travel,Business,447,4,2,4,4,4,4,4,4,3,5,4,4,4,3.85,190,186,TRUE
Male,Loyal Customer,52,Business Travel,Business,3187,4,5,4,4,2,5,4,5,5,5,5,3,3,4.15,1,0,TRUE
Female,Disloyal Customer,40,Business Travel,Business,250,3,3,3,1,2,3,5,2,3,5,5,3,2,3.08,0,13,TRUE
Female,Loyal Customer,54,Business Travel,Business,1389,2,5,5,5,3,4,3,2,2,2,2,4,4,3.31,0,0,FALSE
Male,Loyal Customer,32,Business Travel,Business,214,5,5,5,5,4,4,4,4,4,2,5,4,4,4.23,0,0,TRUE
Male,Loyal Customer,24,Personal Travel,Eco,255,3,5,3,4,3,3,3,3,5,2,5,4,3,3.54,53,30,FALSE
Female,Loyal Customer,50,Business Travel,Business,3796,4,1,1,1,2,4,3,2,2,2,4,1,1,2.15,2,2,FALSE
Male,Loyal Customer,50,Business Travel,Business,3477,5,5,5,5,2,5,4,2,2,2,2,5,5,3.77,0,52,TRUE
Male,Loyal Customer,23,Business Travel,Business,2291,4,4,4,4,5,5,5,5,3,1,5,2,5,4,0,0,TRUE
Female,Disloyal Customer,34,Business Travel,Eco,309,1,4,1,4,1,3,3,2,5,2,5,3,3,2.85,168,165,FALSE
Female,Loyal Customer,25,Business Travel,Business,2895,2,1,1,1,2,3,2,2,3,1,3,4,2,2.08,16,6,FALSE
Male,Loyal Customer,54,Personal Travel,Eco,532,1,4,1,2,3,1,3,3,5,4,4,5,3,3,0,0,FALSE
Female,Loyal Customer,49,Business Travel,Business,2338,2,2,2,2,5,3,4,3,3,3,3,4,5,3.15,2,0,TRUE
Male,Loyal Customer,54,Business Travel,Eco,583,4,1,1,1,4,4,4,4,4,2,4,1,4,2.92,13,0,FALSE
Male,Loyal Customer,37,Business Travel,Business,2835,2,5,5,5,4,3,3,2,2,2,2,2,3,3.08,0,0,FALSE
Female,Loyal Customer,57,Business Travel,Business,3755,2,2,2,2,3,4,5,5,5,5,5,3,5,3.69,28,35,TRUE
Female,Loyal Customer,41,Business Travel,Eco Plus,240,3,1,1,1,3,3,2,3,3,3,3,2,1,2.23,3,0,FALSE
Male,Loyal Customer,35,Business Travel,Business,1534,1,1,1,1,3,5,4,5,5,5,5,5,5,3.54,0,,TRUE
Female,Loyal Customer,25,Business Travel,Business,2474,1,1,1,1,5,5,5,5,3,3,4,4,5,3.31,10,8,TRUE
Male,Loyal Customer,62,Business Travel,Business,2853,3,3,3,3,3,4,4,5,5,5,5,5,3,3.92,0,0,TRUE
Male,Disloyal Customer,37,Business Travel,Business,419,3,3,3,2,5,3,5,5,5,5,4,3,5,3.92,23,26,FALSE
Female,Loyal Customer,64,Personal Travel,Eco,1426,1,1,1,3,3,2,2,4,4,1,4,2,2,2.31,48,75,FALSE
Female,Loyal Customer,23,Business Travel,Business,1665,1,1,1,1,5,5,5,5,5,2,5,5,5,3.54,1,0,TRUE
Male,Loyal Customer,45,Business Travel,Business,772,2,2,2,2,4,5,4,5,5,5,5,5,4,3.85,0,0,TRUE
Female,Loyal Customer,30,Business Travel,Business,2846,2,2,2,2,5,5,5,5,5,3,1,2,5,3.38,0,0,TRUE
Male,Loyal Customer,47,Business Travel,Eco,763,4,2,2,2,4,4,4,4,3,1,3,5,4,3.23,0,0,TRUE
Male,Loyal Customer,53,Business Travel,Business,2306,4,4,4,4,5,5,4,4,4,4,4,4,5,4.23,0,0,TRUE
Female,Loyal Customer,35,Personal Travel,Eco,329,1,5,1,2,4,1,2,4,1,2,2,3,4,2.46,5,0,FALSE
Male,Loyal Customer,44,Business Travel,Eco,645,3,4,4,4,3,3,3,3,4,2,3,1,3,3.08,44,32,FALSE
Male,Loyal Customer,30,Business Travel,Business,1012,3,2,3,3,4,4,4,4,4,2,5,3,4,3.46,6,0,TRUE
Male,Loyal Customer,16,Business Travel,Business,1716,3,3,4,3,5,5,5,5,4,5,5,3,5,4.23,0,0,TRUE
Female,Disloyal Customer,25,Business Travel,Eco,102,2,0,2,4,1,2,1,1,2,3,3,1,1,1.77,0,0,FALSE
Female,Loyal Customer,29,Business Travel,Business,466,4,4,4,4,4,4,4,4,1,4,1,1,4,3.31,66,67,TRUE
Male,Loyal Customer,49,Personal Travel,Eco,383,4,4,4,1,2,4,2,2,3,2,4,4,2,2.92,0,0,FALSE
Male,Loyal Customer,48,Business Travel,Eco,2153,4,5,5,5,4,4,4,4,3,1,3,5,4,3.92,0,0,TRUE
Male,Loyal Customer,57,Business Travel,Business,867,2,4,4,4,3,4,3,2,2,2,2,4,2,2.92,15,10,FALSE
Female,Loyal Customer,30,Business Travel,Business,2002,5,5,5,5,4,5,5,5,4,4,4,5,5,4.69,211,211,TRUE
Male,Disloyal Customer,34,Business Travel,Business,1491,1,1,1,2,1,1,1,1,5,5,5,3,1,2.15,59,46,FALSE
Female,Loyal Customer,16,Personal Travel,Eco,547,2,5,2,2,5,2,5,5,5,3,4,3,5,3.69,32,44,FALSE
Male,Disloyal Customer,42,Business Travel,Eco,910,1,1,1,3,5,1,5,5,4,4,3,1,5,3,0,0,FALSE
Male,Disloyal Customer,15,Business Travel,Eco,545,3,2,2,4,2,2,3,2,2,4,4,2,2,2.62,0,0,FALSE
Male,Loyal Customer,17,Personal Travel,Eco,1635,2,4,2,4,1,2,3,1,5,3,4,3,1,2.69,1,0,FALSE
Male,Loyal Customer,56,Business Travel,Business,2724,3,5,3,3,5,5,5,3,3,5,4,5,5,4.15,6,0,TRUE
Female,Loyal Customer,42,Business Travel,Business,135,3,3,3,3,5,4,5,4,4,4,5,4,3,3.85,4,0,TRUE
Female,Loyal Customer,39,Business Travel,Business,989,2,2,2,2,4,4,4,4,4,4,4,4,3,3.31,77,67,TRUE
Female,Loyal Customer,50,Business Travel,Business,1793,4,4,4,4,2,4,5,4,4,4,4,4,4,3.92,25,73,TRUE
Male,Loyal Customer,52,Business Travel,Business,3889,5,5,1,5,4,5,5,5,5,5,5,3,5,4.46,0,1,TRUE
Female,Loyal Customer,70,Personal Travel,Eco,328,0,0,0,3,4,3,4,2,2,0,2,4,5,2.23,0,0,TRUE
Female,Loyal Customer,14,Business Travel,Eco,1797,1,4,4,4,1,2,1,1,4,3,3,1,1,2.31,0,0,FALSE
Male,Loyal Customer,70,Personal Travel,Eco,236,4,5,4,3,4,4,4,4,1,1,5,1,4,3.38,0,0,FALSE
Male,Disloyal Customer,32,Business Travel,Business,534,3,3,3,4,1,3,1,1,3,3,4,4,1,2.62,0,0,FALSE
Male,Loyal Customer,54,Business Travel,Business,1096,5,5,1,5,5,4,5,4,4,4,4,5,4,4.23,0,0,TRUE
Female,Disloyal Customer,26,Business Travel,Business,986,1,1,1,2,3,1,3,3,4,5,4,4,3,2.69,5,0,FALSE
Female,Loyal Customer,47,Business Travel,Business,3169,2,5,5,5,1,2,2,2,2,2,2,2,1,2.54,0,0,FALSE
Female,Loyal Customer,28,Business Travel,Eco Plus,925,0,0,0,2,5,0,5,5,1,1,4,2,5,2.31,89,92,TRUE
Male,Loyal Customer,51,Personal Travel,Eco,1258,5,5,5,1,3,5,3,3,5,4,5,5,3,4,0,0,TRUE
Male,Disloyal Customer,25,Business Travel,Eco,782,4,4,4,1,5,4,5,5,3,2,3,3,5,3.69,0,32,TRUE
Female,Loyal Customer,30,Business Travel,Business,1597,3,3,3,3,4,4,4,4,4,5,4,4,4,3.77,0,0,TRUE
Male,Loyal Customer,43,Business Travel,Business,3723,2,2,2,2,4,4,5,2,2,2,2,5,5,3,5,10,TRUE
Male,Loyal Customer,43,Business Travel,Business,2970,2,2,3,2,2,5,5,4,4,4,4,4,5,3.54,45,74,TRUE
Female,Loyal Customer,67,Business Travel,Eco,633,3,5,1,5,3,3,4,3,3,3,3,3,1,3.08,0,0,FALSE
Female,Loyal Customer,13,Personal Travel,Eco,2295,3,1,3,3,3,2,2,4,4,1,3,2,2,2.54,6,17,FALSE
Female,Loyal Customer,58,Business Travel,Business,1787,3,2,2,2,4,4,3,5,5,4,3,4,3,3.38,0,0,FALSE
Male,Disloyal Customer,21,Business Travel,Eco,90,3,0,3,4,1,3,1,1,5,4,4,4,1,2.62,0,0,FALSE
Male,Loyal Customer,44,Personal Travel,Eco,2125,2,5,3,3,3,3,3,3,1,4,1,2,3,2.77,0,22,FALSE
Male,Loyal Customer,54,Personal Travel,Eco,226,3,5,3,2,4,3,4,4,4,2,4,5,4,3.62,0,0,FALSE
Male,Disloyal Customer,36,Business Travel,Eco,550,4,4,4,3,2,4,2,2,4,2,3,2,2,2.92,0,0,FALSE
Male,Loyal Customer,46,Business Travel,Business,1069,1,1,1,1,3,5,4,5,5,5,5,4,5,3.46,16,18,TRUE
Male,Loyal Customer,58,Personal Travel,Eco,641,1,5,0,4,3,0,3,3,5,2,4,3,3,2.77,31,24,FALSE
Female,Loyal Customer,69,Personal Travel,Eco,1005,3,5,3,3,5,4,4,4,4,3,4,4,4,3.85,0,0,FALSE
Female,Loyal Customer,18,Business Travel,Business,2046,5,5,1,5,4,4,4,4,2,3,4,1,4,3.54,33,16,TRUE
Male,Loyal Customer,36,Business Travel,Business,3491,5,5,5,5,4,4,4,3,3,3,3,5,4,4.08,0,4,TRUE
Female,Loyal Customer,35,Personal Travel,Eco Plus,599,5,3,5,3,3,5,1,3,2,5,2,3,3,3.31,0,0,TRUE
Female,Loyal Customer,52,Business Travel,Business,1709,3,3,3,3,2,5,4,4,4,4,4,5,3,3.62,1,0,TRUE
Female,Loyal Customer,27,Business Travel,Business,2462,4,4,4,4,4,4,4,4,2,4,5,2,4,3.77,0,0,TRUE
Female,Loyal Customer,27,Business Travel,Business,1342,4,4,4,4,3,3,3,3,5,5,4,3,3,3.69,0,4,TRUE
Male,Loyal Customer,34,Business Travel,Business,3488,3,3,3,3,1,4,4,5,5,5,5,3,5,3.77,0,0,TRUE
Female,Loyal Customer,21,Personal Travel,Eco,912,0,5,0,1,1,0,1,1,4,3,5,3,1,1.92,2,0,TRUE
Female,Loyal Customer,36,Personal Travel,Eco Plus,689,2,5,2,2,3,2,3,3,5,3,4,5,3,3.23,26,22,FALSE
Male,Disloyal Customer,23,Business Travel,Eco,596,0,0,1,4,3,1,3,3,5,2,4,3,3,2.46,0,0,TRUE
Male,Loyal Customer,25,Personal Travel,Eco,746,4,4,4,4,3,4,3,3,3,4,4,3,3,3.54,0,0,TRUE
Male,Loyal Customer,46,Business Travel,Eco Plus,361,3,4,4,4,3,3,3,3,3,1,1,2,3,2.85,0,6,TRUE
Male,Loyal Customer,31,Personal Travel,Eco Plus,288,1,4,1,1,3,1,3,3,3,4,5,5,3,2.85,0,0,FALSE
Female,Loyal Customer,40,Business Travel,Eco,846,2,5,5,5,2,2,2,2,3,3,2,3,2,2.92,2,0,FALSE
Female,Loyal Customer,62,Personal Travel,Eco,399,1,4,1,2,4,4,5,2,2,1,2,4,3,2.69,0,1,FALSE
Male,Loyal Customer,45,Business Travel,Business,295,0,0,0,3,3,5,4,1,1,1,1,4,4,2.08,29,28,TRUE
Female,Loyal Customer,10,Personal Travel,Business,1306,1,5,1,3,2,1,2,2,5,2,3,5,2,2.62,89,76,FALSE
Male,Loyal Customer,53,Business Travel,Eco,211,4,4,4,4,4,4,4,4,5,3,1,1,4,3.54,5,0,TRUE
Female,Loyal Customer,49,Personal Travel,Eco,2704,3,2,4,2,2,3,3,2,2,4,2,1,1,2.38,4,0,FALSE
Male,Disloyal Customer,20,Business Travel,Business,679,4,0,4,5,2,4,2,2,4,5,5,4,2,3.31,25,6,TRUE
Female,Disloyal Customer,33,Business Travel,Business,189,3,2,2,4,2,2,5,3,3,4,4,5,5,3.38,324,323,FALSE
Male,Loyal Customer,32,Business Travel,Business,1917,3,5,5,5,3,2,3,3,3,3,3,1,3,3.23,0,0,FALSE
Female,Loyal Customer,50,Personal Travel,Eco,1590,4,4,4,4,5,5,4,5,5,4,5,3,4,4.31,72,69,FALSE
Female,Loyal Customer,21,Business Travel,Eco,762,4,4,4,4,4,4,3,4,3,2,4,5,4,3.77,3,7,TRUE
Male,Loyal Customer,49,Personal Travel,Eco,616,2,4,2,1,5,2,4,5,5,3,5,5,5,3.69,46,39,FALSE
Female,Disloyal Customer,36,Business Travel,Business,1846,4,4,4,3,4,4,4,4,5,4,3,3,4,3.85,11,4,FALSE
Female,Loyal Customer,58,Business Travel,Business,1744,4,4,4,4,2,4,4,3,3,3,3,4,4,3.54,0,0,TRUE
Male,Loyal Customer,12,Business Travel,Business,1844,5,5,3,5,4,4,4,4,3,4,5,3,4,4.08,0,0,TRUE
Female,Loyal Customer,36,Business Travel,Eco,2182,3,2,2,2,3,3,3,3,2,5,3,5,3,3,0,0,TRUE
Male,Loyal Customer,58,Business Travel,Business,1464,2,2,2,2,2,4,4,2,2,2,2,4,4,2.62,0,0,FALSE
Male,Loyal Customer,59,Personal Travel,Eco,214,5,0,5,4,4,5,4,4,3,4,4,3,4,3.77,5,0,TRUE
Female,Loyal Customer,36,Business Travel,Business,793,1,1,1,1,3,5,4,4,4,4,4,3,3,2.92,60,79,TRUE
Female,Loyal Customer,9,Personal Travel,Eco,516,5,2,5,2,2,5,1,2,3,1,2,1,2,2.54,21,5,TRUE
Female,Loyal Customer,32,Personal Travel,Eco,834,2,5,2,1,1,2,3,1,2,3,1,5,1,2.23,0,0,FALSE
Female,Loyal Customer,66,Business Travel,Eco,214,3,4,4,4,4,4,3,3,3,3,3,3,2,3.31,7,0,FALSE
Female,Loyal Customer,67,Personal Travel,Eco,481,1,3,2,4,4,4,4,1,1,2,1,3,4,2.62,0,0,FALSE
Male,Loyal Customer,53,Business Travel,Business,1517,0,4,0,4,5,4,4,2,2,2,2,4,4,2.85,0,0,TRUE
Male,Loyal Customer,26,Business Travel,Business,3087,3,3,3,3,4,4,4,4,4,1,5,2,4,3.38,85,91,TRUE
Male,Loyal Customer,23,Personal Travel,Eco,152,0,5,0,2,2,0,2,2,3,4,4,3,2,2.23,1,0,TRUE
Female,Loyal Customer,54,Business Travel,Business,147,1,1,1,1,5,5,5,4,4,4,4,3,4,3.23,0,0,TRUE
Female,Loyal Customer,7,Personal Travel,Eco,1845,2,4,2,3,3,2,3,3,4,5,4,3,3,3.15,0,0,FALSE
Female,Loyal Customer,35,Business Travel,Business,432,3,3,3,3,5,4,5,5,5,5,5,3,5,4.15,0,2,TRUE
Female,Disloyal Customer,38,Business Travel,Eco Plus,1126,2,1,1,4,2,1,2,2,2,3,4,3,2,2.23,20,13,FALSE
Male,Loyal Customer,47,Business Travel,Business,624,1,4,3,4,3,4,3,1,1,2,1,4,1,2.46,14,15,FALSE
Female,Disloyal Customer,8,Business Travel,Eco,849,4,4,4,3,4,4,4,4,1,2,3,2,4,3.31,39,29,FALSE
Female,Loyal Customer,55,Business Travel,Business,447,2,2,2,2,4,4,5,5,5,5,5,4,5,3.85,0,0,TRUE
Male,Loyal Customer,36,Business Travel,Business,1669,5,5,1,5,2,1,2,2,2,2,2,1,5,2.69,0,0,TRUE
Male,Loyal Customer,38,Personal Travel,Eco,1721,2,4,2,2,2,2,2,2,5,2,3,4,2,2.62,0,0,FALSE
Male,Loyal Customer,23,Personal Travel,Eco,1195,3,5,3,2,1,3,2,1,5,3,4,5,1,2.92,4,0,FALSE
Male,Disloyal Customer,20,Business Travel,Business,612,5,4,5,2,3,5,3,3,3,4,5,5,3,3.85,0,0,TRUE
Male,Loyal Customer,47,Personal Travel,Eco,929,4,4,4,3,5,4,5,5,3,2,5,3,5,4,0,0,FALSE
Female,Loyal Customer,24,Business Travel,Business,1558,4,4,4,4,4,4,4,4,5,5,5,5,4,4.31,5,12,TRUE
Male,Disloyal Customer,23,Business Travel,Eco,337,4,1,4,2,2,4,5,2,3,1,3,1,2,2.62,11,12,FALSE
Male,Loyal Customer,43,Business Travel,Business,3890,1,2,2,2,4,3,3,1,1,2,1,1,3,2,30,18,FALSE
Female,Loyal Customer,7,Personal Travel,Eco Plus,423,2,2,4,3,3,4,3,3,4,4,3,2,3,3.08,1,0,FALSE
Male,Loyal Customer,28,Business Travel,Business,2472,2,2,2,2,5,5,5,5,4,5,4,3,5,3.77,0,0,TRUE
Male,Loyal Customer,31,Business Travel,Eco Plus,909,5,2,2,2,5,5,5,5,2,5,2,4,5,3.77,0,1,TRUE
Female,Disloyal Customer,28,Business Travel,Eco,526,4,3,4,2,3,4,3,3,1,2,5,1,3,2.92,0,1,TRUE
Male,Loyal Customer,56,Business Travel,Business,1535,5,5,5,5,5,4,4,5,5,5,5,4,3,4.62,0,0,TRUE
Male,Loyal Customer,48,Business Travel,Business,1528,4,4,4,4,4,4,5,3,3,3,3,4,4,3.77,0,0,TRUE
Male,Loyal Customer,55,Business Travel,Business,1520,1,1,1,1,5,5,4,3,3,3,3,5,3,2.92,48,48,TRUE
Male,Loyal Customer,35,Business Travel,Business,83,1,1,5,1,1,5,2,5,5,4,5,5,2,3.23,1,0,TRUE
Male,Loyal Customer,45,Business Travel,Business,1597,4,1,4,4,1,5,1,4,4,4,4,3,4,3.31,0,0,TRUE
Female,Loyal Customer,28,Personal Travel,Eco Plus,192,2,4,0,2,2,0,2,2,4,3,4,3,2,2.31,0,0,FALSE
Male,Loyal Customer,29,Business Travel,Business,3198,1,3,3,3,1,1,1,1,4,5,4,1,1,2.23,0,0,FALSE
Male,Loyal Customer,40,Personal Travel,Eco,554,2,4,2,3,4,2,4,4,4,4,5,3,4,3.46,0,3,FALSE
Female,Loyal Customer,69,Personal Travel,Business,645,3,5,2,2,2,4,3,2,2,2,2,3,2,2.62,69,46,FALSE
Female,Loyal Customer,54,Business Travel,Business,737,4,4,4,4,4,2,2,4,4,4,4,1,1,3.23,0,0,FALSE
Male,Disloyal Customer,26,Business Travel,Business,1797,2,2,2,3,2,2,1,2,3,5,4,5,2,2.69,0,0,FALSE
Male,Disloyal Customer,33,Business Travel,Eco,1423,2,2,2,3,4,2,5,4,1,2,2,2,4,2.69,0,0,FALSE
Female,Loyal Customer,46,Business Travel,Eco,2475,4,3,3,3,3,5,1,4,4,4,4,3,2,3.31,0,0,TRUE
Female,Loyal Customer,42,Personal Travel,Eco Plus,302,4,5,4,2,4,4,5,5,5,4,5,3,5,4.23,0,0,TRUE
Male,Disloyal Customer,27,Business Travel,Business,2611,2,2,2,3,2,4,4,3,3,5,4,4,4,3.23,0,17,FALSE
Female,Loyal Customer,21,Personal Travel,Eco,413,1,4,1,2,3,1,3,3,4,3,4,3,3,2.69,0,0,FALSE
Male,Loyal Customer,53,Business Travel,Eco,261,2,4,4,4,2,2,2,2,3,3,1,1,2,2.46,0,1,FALSE
Male,Loyal Customer,67,Personal Travel,Eco,849,0,3,0,3,5,0,5,5,3,1,5,4,5,3,0,0,TRUE
Male,Loyal Customer,23,Business Travel,Business,2530,4,4,4,4,4,4,4,4,3,5,5,3,4,4,0,0,TRUE
Female,Loyal Customer,22,Personal Travel,Eco,373,3,2,5,3,4,5,4,4,2,2,3,1,4,3.23,0,0,FALSE
Male,Loyal Customer,22,Business Travel,Business,2785,4,1,1,1,4,4,4,4,2,4,3,4,4,3.08,14,19,FALSE
Female,Loyal Customer,40,Personal Travel,Eco,1635,1,4,2,3,1,2,1,1,4,3,4,5,1,2.46,45,28,FALSE
Female,Loyal Customer,77,Business Travel,Eco Plus,496,4,2,2,2,4,2,3,4,4,4,4,3,1,3,0,0,FALSE
Male,Loyal Customer,25,Personal Travel,Eco,369,3,3,3,2,4,3,4,4,4,3,3,4,4,3.38,0,0,FALSE
Male,Loyal Customer,26,Business Travel,Business,3510,1,1,1,1,3,3,3,3,4,3,4,3,3,2.54,35,47,TRUE
Female,Loyal Customer,52,Personal Travel,Eco,1846,2,5,2,3,4,5,4,4,4,2,4,5,5,3.77,0,0,FALSE
Female,Loyal Customer,52,Business Travel,Business,1843,2,2,2,2,4,4,5,5,5,5,5,4,5,3.85,23,15,TRUE
Male,Loyal Customer,56,Personal Travel,Eco,78,3,4,3,2,3,3,3,3,4,5,5,3,3,3.38,0,0,FALSE
Female,Loyal Customer,55,Business Travel,Eco Plus,280,3,3,3,3,4,3,3,3,3,3,3,2,2,2.92,4,21,FALSE
Female,Loyal Customer,50,Business Travel,Business,2612,2,2,2,2,3,5,5,5,5,5,5,4,3,3.69,0,0,TRUE
Male,Loyal Customer,31,Business Travel,Business,1892,4,4,4,4,5,5,5,5,2,5,3,3,5,4.15,0,0,TRUE
Female,Loyal Customer,54,Personal Travel,Eco Plus,406,3,5,3,1,2,5,5,5,5,3,5,4,4,3.85,0,0,FALSE
Male,Loyal Customer,35,Business Travel,Business,1605,2,2,2,2,3,4,4,4,4,4,4,4,4,3.31,2,0,TRUE
Female,Disloyal Customer,29,Business Travel,Eco,1368,4,4,4,3,2,4,2,2,4,5,2,3,2,3.15,29,11,FALSE
Female,Loyal Customer,62,Personal Travel,Eco,2139,5,5,5,3,4,4,4,3,3,5,1,4,3,3.77,0,0,TRUE
Male,Disloyal Customer,35,Business Travel,Business,1514,3,3,3,1,4,3,1,4,5,4,4,5,4,3.38,0,0,FALSE
Female,Loyal Customer,61,Personal Travel,Eco,1597,1,5,1,4,3,5,5,5,5,1,5,4,3,3.62,0,0,FALSE
Male,Loyal Customer,52,Business Travel,Business,2139,1,1,5,1,2,5,4,4,4,4,4,3,4,3.23,0,7,TRUE
Male,Disloyal Customer,23,Business Travel,Eco,589,2,0,2,2,2,5,5,1,2,5,2,5,5,2.92,154,176,FALSE
Male,Loyal Customer,33,Business Travel,Eco,86,4,4,4,4,4,4,4,4,5,3,5,5,4,4.15,0,0,TRUE
Female,Disloyal Customer,54,Business Travel,Business,862,2,2,2,3,3,2,3,3,3,5,4,3,3,2.92,84,103,FALSE
Male,Loyal Customer,48,Business Travel,Business,200,4,4,4,4,3,1,5,4,4,4,5,1,1,3.38,0,0,TRUE
Female,Loyal Customer,39,Business Travel,Business,627,1,1,1,1,5,2,3,4,4,4,4,3,2,2.69,51,38,TRUE
Female,Loyal Customer,12,Personal Travel,Business,1075,2,2,2,2,3,2,3,3,1,2,3,4,3,2.46,0,0,FALSE
Female,Disloyal Customer,21,Business Travel,Business,411,4,0,4,2,1,4,1,1,3,4,1,1,1,2.08,0,2,TRUE
Female,Loyal Customer,41,Business Travel,Business,1532,4,4,4,4,4,5,5,4,4,4,4,4,3,4.08,0,0,TRUE
Female,Loyal Customer,31,Business Travel,Business,1813,2,4,4,4,2,2,2,2,3,1,4,1,2,2.54,0,3,FALSE
Male,Loyal Customer,14,Personal Travel,Eco,643,4,4,4,3,1,4,1,1,3,5,4,5,1,3.08,54,45,FALSE
Female,Loyal Customer,9,Personal Travel,Eco,1299,2,5,2,1,3,2,3,3,3,4,3,5,3,3,0,0,FALSE
Male,Loyal Customer,37,Business Travel,Business,1950,3,4,4,4,5,3,3,3,3,3,3,1,4,3.31,0,0,FALSE
Male,Loyal Customer,40,Personal Travel,Eco,916,2,5,2,1,1,2,1,1,5,5,5,5,1,2.77,0,0,FALSE
Male,Disloyal Customer,17,Business Travel,Eco,1008,1,1,1,3,1,1,4,1,2,5,3,4,1,2.15,33,32,FALSE
Female,Loyal Customer,11,Personal Travel,Eco,862,1,4,2,3,2,2,3,2,4,4,4,4,2,2.85,1,21,FALSE
Female,Loyal Customer,39,Business Travel,Eco,628,2,4,4,4,2,2,2,2,2,2,2,2,2,2.46,0,0,FALSE
Male,Loyal Customer,36,Business Travel,Business,1747,4,4,4,4,2,5,5,5,5,5,5,3,4,4.23,0,0,TRUE
Female,Loyal Customer,53,Business Travel,Business,1105,3,3,3,3,3,4,5,4,4,4,4,3,5,3.69,0,6,TRUE
Male,Loyal Customer,9,Personal Travel,Eco,337,3,5,3,4,2,3,2,2,5,3,3,3,2,3.08,0,0,FALSE
Female,Loyal Customer,33,Business Travel,Business,3240,1,1,1,1,4,4,5,5,5,5,5,3,4,3.38,0,0,TRUE
Male,Loyal Customer,9,Personal Travel,Eco,813,2,4,2,4,4,2,4,4,3,3,3,3,4,3.23,0,0,FALSE
Female,Loyal Customer,56,Business Travel,Business,264,2,2,2,2,3,5,4,5,5,5,5,4,5,3.77,2,7,TRUE
Male,Loyal Customer,33,Business Travel,Eco Plus,950,4,5,5,5,4,4,4,4,1,3,3,3,4,3.77,17,12,TRUE
Female,Loyal Customer,53,Personal Travel,Eco Plus,229,2,4,2,2,2,5,5,3,3,2,3,4,5,3.23,27,19,FALSE
Female,Loyal Customer,53,Personal Travel,Eco,3784,3,4,3,3,3,5,5,4,4,4,5,5,5,4.08,0,0,FALSE
Male,Loyal Customer,40,Personal Travel,Eco,2762,3,0,3,1,1,3,1,1,5,5,5,2,1,2.38,0,0,FALSE
Female,Loyal Customer,43,Business Travel,Business,2327,4,4,4,4,4,5,5,5,5,5,5,5,5,4.62,106,104,TRUE
Male,Loyal Customer,33,Personal Travel,Eco,1444,4,2,4,3,5,4,5,5,4,3,4,4,5,4,0,0,FALSE
Female,Loyal Customer,41,Business Travel,Business,2153,3,3,3,3,2,4,4,4,4,4,4,5,3,3.54,0,0,TRUE
Male,Loyal Customer,60,Business Travel,Business,1739,4,4,4,4,5,3,5,2,2,2,2,3,5,3.46,6,0,TRUE
Male,Loyal Customer,43,Personal Travel,Eco,1158,2,4,2,3,3,2,5,3,3,4,5,3,3,3.23,8,0,FALSE
Female,Loyal Customer,22,Business Travel,Business,2378,5,5,5,5,4,4,4,4,5,4,3,3,4,4.23,0,0,TRUE
Female,Disloyal Customer,18,Business Travel,Eco,1314,3,2,2,4,5,3,3,5,1,2,4,4,5,3.31,0,0,FALSE
Male,Loyal Customer,70,Business Travel,Eco,150,2,1,1,1,2,2,2,2,2,2,3,3,2,1.92,38,40,FALSE
Female,Loyal Customer,72,Business Travel,Eco,543,2,5,4,5,3,4,3,2,2,2,2,3,1,2.92,2,0,FALSE
Male,Loyal Customer,46,Business Travel,Eco Plus,495,4,5,3,5,3,4,3,3,4,2,5,3,3,3.62,9,16,TRUE
Female,Disloyal Customer,23,Business Travel,Eco,829,1,2,2,4,2,2,2,2,1,4,3,1,2,2.15,6,0,FALSE
Female,Loyal Customer,36,Business Travel,Business,2490,2,3,3,3,3,4,4,3,3,3,2,4,2,3,44,23,FALSE
Male,Loyal Customer,49,Personal Travel,Business,913,3,3,3,3,5,4,3,3,3,3,3,3,4,3.31,0,0,FALSE
Male,Loyal Customer,50,Business Travel,Business,3929,4,4,4,4,3,4,5,4,4,4,4,5,5,4.15,0,0,TRUE
Male,Loyal Customer,27,Personal Travel,Eco,1208,1,2,1,4,1,1,1,1,2,2,4,3,1,1.85,0,0,FALSE
Female,Loyal Customer,57,Business Travel,Eco Plus,461,4,3,4,4,5,1,2,4,4,4,4,4,5,3.69,0,14,TRUE
Male,Disloyal Customer,23,Business Travel,Eco,929,3,3,3,3,3,3,3,3,3,4,5,5,3,3.38,0,0,FALSE
Female,Loyal Customer,39,Business Travel,Business,447,5,5,5,5,4,5,4,4,4,5,4,4,5,4.54,0,0,TRUE
Male,Loyal Customer,48,Business Travel,Business,2894,5,5,5,5,4,4,4,4,4,4,4,4,3,4.23,0,11,TRUE
Male,Disloyal Customer,23,Business Travel,Eco,2133,3,3,3,3,1,3,1,1,1,1,3,3,1,2.08,1,0,FALSE
Male,Loyal Customer,49,Business Travel,Business,3249,4,4,4,4,3,4,4,5,5,5,5,5,5,4.38,9,1,TRUE
Male,Loyal Customer,64,Personal Travel,Eco,526,2,4,2,1,3,2,3,3,5,2,4,3,3,2.85,0,2,FALSE
Male,Loyal Customer,42,Business Travel,Business,1744,5,2,5,5,4,3,5,3,3,3,3,5,5,3.92,8,5,TRUE
Female,Disloyal Customer,21,Business Travel,Eco,270,4,0,4,1,3,4,4,3,5,2,1,4,3,2.92,15,0,FALSE
Female,Loyal Customer,19,Personal Travel,Eco,496,4,4,4,3,5,4,1,5,4,3,4,4,5,3.85,0,0,FALSE
Male,Loyal Customer,43,Business Travel,Business,3075,2,2,2,2,5,3,3,2,2,2,2,1,3,2.38,16,0,FALSE
Male,Loyal Customer,56,Personal Travel,Eco,1750,3,4,3,4,2,3,2,2,1,4,3,3,2,2.77,1,0,FALSE
Female,Loyal Customer,24,Personal Travel,Eco,1046,2,2,2,3,3,2,3,3,2,5,4,4,3,2.92,3,0,FALSE
Male,Loyal Customer,33,Business Travel,Business,2724,4,4,4,4,5,5,5,5,3,2,4,3,5,4.08,2,5,TRUE
Male,Loyal Customer,44,Business Travel,Business,1045,3,3,3,3,4,5,5,5,5,5,5,3,4,4.08,0,0,TRUE
Female,Loyal Customer,66,Personal Travel,Eco,650,3,5,3,5,5,5,3,5,5,3,5,1,4,4,0,0,FALSE
Female,Loyal Customer,33,Business Travel,Business,515,3,3,3,3,4,2,5,4,4,4,4,5,1,3.46,0,0,TRUE
Female,Loyal Customer,36,Business Travel,Eco,609,3,5,4,5,3,3,3,3,3,4,3,4,3,3.54,0,0,FALSE
Male,Loyal Customer,69,Business Travel,Eco Plus,594,5,5,5,5,5,5,5,5,1,3,1,5,5,4.23,0,0,TRUE
Female,Loyal Customer,41,Personal Travel,Eco,563,2,4,2,1,2,2,2,2,4,5,5,3,2,2.77,0,0,FALSE
Male,Loyal Customer,57,Business Travel,Business,842,2,2,2,2,3,4,5,4,4,4,4,5,3,3.38,8,11,TRUE
Female,Loyal Customer,53,Business Travel,Business,444,3,1,3,3,5,2,2,3,3,3,3,1,1,2.54,19,27,FALSE
Male,Loyal Customer,21,Business Travel,Eco,581,2,3,3,3,2,2,1,2,3,3,3,3,2,2.46,0,0,FALSE
Female,Loyal Customer,65,Business Travel,Eco Plus,351,2,1,1,1,2,2,2,1,3,4,3,2,2,2,156,167,FALSE
Female,Loyal Customer,58,Personal Travel,Eco Plus,746,3,5,3,3,3,4,4,2,2,3,2,3,5,3.23,0,0,FALSE
Female,Loyal Customer,32,Business Travel,Business,308,3,3,3,3,5,5,5,5,4,2,4,4,5,3.92,0,0,TRUE
Female,Loyal Customer,62,Personal Travel,Eco,1299,1,4,1,3,2,4,4,5,5,1,4,4,4,3.23,118,111,FALSE
Female,Loyal Customer,63,Personal Travel,Business,4983,0,5,0,2,0,5,1,3,2,4,3,1,1,2.08,3,0,TRUE
Female,Loyal Customer,37,Personal Travel,Eco,584,1,4,1,2,1,1,5,1,3,4,4,4,1,2.46,23,23,FALSE
Male,Loyal Customer,37,Business Travel,Eco Plus,489,4,1,1,1,4,4,4,4,4,3,4,1,4,3,11,21,TRUE
Male,Loyal Customer,19,Personal Travel,Eco Plus,1733,3,5,3,4,1,3,1,1,4,4,5,4,1,3,0,0,FALSE
Female,Loyal Customer,25,Business Travel,Business,3518,2,2,2,2,4,4,4,4,5,3,2,4,4,3.23,0,0,TRUE
Male,Loyal Customer,30,Business Travel,Business,321,0,0,0,3,4,2,2,4,4,3,4,5,4,2.69,0,7,TRUE
Female,Loyal Customer,39,Business Travel,Business,2532,0,3,0,4,3,4,3,2,2,2,2,5,3,2.54,26,7,TRUE
Male,Loyal Customer,50,Business Travel,Business,1892,4,4,2,4,2,3,5,5,5,5,5,3,5,4,28,14,TRUE
Male,Loyal Customer,67,Personal Travel,Eco,224,1,5,0,4,3,0,3,3,5,5,5,3,3,3.08,0,0,FALSE
Male,Loyal Customer,42,Business Travel,Eco,212,3,4,4,4,3,3,3,3,2,1,3,1,3,2.85,0,0,FALSE
Male,Loyal Customer,20,Business Travel,Business,1096,4,5,5,5,4,4,4,4,4,3,4,4,4,4.15,75,65,FALSE
Female,Disloyal Customer,47,Business Travel,Eco,226,1,3,1,3,2,1,2,2,2,3,1,1,2,1.85,0,0,FALSE
Female,Disloyal Customer,27,Business Travel,Eco Plus,404,5,5,5,1,3,1,3,2,4,1,4,3,3,3.08,202,242,TRUE
Female,Loyal Customer,44,Business Travel,Business,1549,2,2,2,2,3,2,1,4,4,4,4,2,2,2.62,0,0,TRUE
Male,Loyal Customer,38,Personal Travel,Eco Plus,388,2,5,2,1,4,2,3,4,4,3,4,4,4,3.23,11,21,FALSE
Male,Loyal Customer,21,Personal Travel,Eco,406,2,5,4,3,3,4,3,3,5,5,4,5,3,3.77,0,0,FALSE
Female,Loyal Customer,40,Business Travel,Business,545,4,4,4,4,3,4,5,4,4,4,4,4,5,4.08,17,15,TRUE
Female,Disloyal Customer,19,Business Travel,Eco,790,2,2,2,3,3,2,3,3,4,2,4,3,3,2.77,0,0,FALSE
Female,Loyal Customer,8,Business Travel,Eco Plus,2917,3,3,2,3,3,3,3,2,5,4,4,3,3,3.15,1,0,FALSE
Female,Loyal Customer,25,Business Travel,Business,3003,2,2,2,2,4,4,4,4,4,2,4,5,4,3.31,0,0,TRUE
Male,Loyal Customer,25,Personal Travel,Eco,546,3,3,5,4,5,5,3,5,1,3,2,4,5,3.69,0,0,FALSE
Female,Loyal Customer,52,Personal Travel,Eco,290,3,1,3,3,1,4,4,3,3,3,3,2,1,2.62,0,0,FALSE
Female,Loyal Customer,30,Personal Travel,Eco,352,2,4,2,4,3,2,3,3,4,4,4,3,3,3.15,0,0,FALSE
Male,Loyal Customer,32,Personal Travel,Eco,280,3,4,3,1,4,3,4,4,4,2,4,4,4,3.38,0,0,FALSE
Male,Loyal Customer,57,Business Travel,Business,2574,4,1,1,1,1,3,4,4,4,4,4,1,2,2.62,10,8,FALSE
Female,Loyal Customer,49,Business Travel,Business,226,2,2,2,2,3,4,4,4,4,4,4,3,4,3.23,8,0,TRUE
Female,Loyal Customer,54,Business Travel,Business,2607,1,1,2,1,5,5,5,3,5,2,3,5,5,3.31,290,284,TRUE
Male,Loyal Customer,40,Business Travel,Business,3667,3,3,3,3,2,4,5,5,5,5,5,5,5,4.08,0,0,TRUE
Female,Loyal Customer,55,Business Travel,Business,1416,5,5,5,5,5,4,5,5,5,5,5,5,5,4.92,0,0,TRUE
Male,Loyal Customer,18,Personal Travel,Eco Plus,255,2,4,2,1,2,2,2,2,3,4,4,4,2,2.62,7,6,FALSE
Male,Disloyal Customer,23,Business Travel,Eco,356,3,2,3,3,3,3,3,3,3,5,2,4,3,3.08,28,18,FALSE
Male,Loyal Customer,12,Personal Travel,Eco Plus,231,2,2,2,4,2,2,2,2,2,3,4,1,2,2.31,0,0,FALSE
Male,Loyal Customer,60,Personal Travel,Eco,1024,1,4,1,3,4,1,1,4,1,3,4,1,4,2.46,11,10,FALSE
Female,Loyal Customer,29,Personal Travel,Eco,456,1,5,1,3,2,1,1,2,4,5,5,4,2,2.77,53,69,FALSE
Female,Loyal Customer,41,Business Travel,Eco,226,5,1,1,1,5,5,5,5,3,5,2,1,5,3.38,0,0,TRUE
Female,Loyal Customer,41,Personal Travel,Eco,737,3,4,3,2,3,3,3,3,3,4,4,5,3,3.31,21,26,FALSE
Male,Loyal Customer,49,Business Travel,Business,2956,2,2,2,2,5,5,5,4,4,5,5,5,5,3.92,189,165,TRUE
Male,Loyal Customer,53,Personal Travel,Eco Plus,251,2,5,0,5,2,0,2,2,3,3,2,2,2,2.31,0,16,FALSE
Female,Loyal Customer,36,Business Travel,Business,2203,5,4,5,5,2,3,5,3,3,3,3,2,1,3.38,0,1,TRUE
Male,Loyal Customer,56,Business Travel,Eco,1363,3,4,4,4,3,3,3,3,2,5,4,2,3,3.31,0,0,FALSE
Male,Loyal Customer,34,Business Travel,Business,391,2,5,5,5,1,4,3,2,2,2,2,3,2,2.92,72,67,FALSE
Male,Loyal Customer,46,Business Travel,Eco,613,5,4,3,4,5,5,5,5,1,3,4,4,5,4.08,0,13,TRUE
Female,Loyal Customer,13,Personal Travel,Eco,160,3,4,3,2,2,3,2,2,5,5,5,3,2,3.15,0,0,FALSE
Female,Loyal Customer,45,Business Travel,Business,1530,5,5,5,5,4,4,4,3,3,4,3,5,3,4.08,0,0,TRUE
Male,Loyal Customer,43,Business Travel,Business,2202,2,2,2,2,4,5,4,4,4,4,4,2,1,3.08,0,0,TRUE
Female,Loyal Customer,43,Business Travel,Business,2921,1,1,1,1,3,5,5,5,5,5,5,3,4,3.38,0,0,TRUE
Female,Loyal Customer,44,Business Travel,Business,2565,1,1,1,1,3,3,3,4,4,5,5,3,3,2.85,203,200,TRUE
Male,Loyal Customer,45,Business Travel,Business,2788,5,5,5,5,5,4,4,5,5,5,5,3,3,4.54,0,0,TRUE
Female,Loyal Customer,53,Business Travel,Eco,399,5,1,1,1,4,5,4,5,5,5,5,1,2,3.38,0,0,TRUE
Female,Disloyal Customer,9,Business Travel,Eco,697,4,4,4,4,5,4,5,5,3,3,4,1,5,3.92,22,19,FALSE
Female,Loyal Customer,50,Business Travel,Eco,164,4,2,2,2,1,2,4,4,4,4,4,5,2,3.08,20,14,TRUE
Female,Loyal Customer,14,Personal Travel,Eco,651,5,5,5,2,5,5,5,5,4,2,1,3,5,4,24,27,TRUE
Female,Loyal Customer,35,Business Travel,Business,1017,4,3,4,4,2,4,3,5,5,5,5,2,4,3.85,0,31,TRUE
Male,Loyal Customer,43,Business Travel,Eco,192,4,4,4,4,4,4,4,4,1,4,2,4,4,3.62,0,0,FALSE
Female,Loyal Customer,53,Business Travel,Business,370,2,2,2,2,5,4,5,5,5,5,5,4,4,3.85,19,13,TRUE
Male,Disloyal Customer,28,Business Travel,Business,1123,3,2,2,4,2,2,2,2,1,1,3,4,2,2.31,0,0,FALSE
Female,Loyal Customer,19,Personal Travel,Eco,419,3,4,1,4,3,1,3,3,2,5,5,2,3,3,120,128,FALSE
Female,Loyal Customer,33,Business Travel,Business,1076,4,4,4,4,5,1,2,5,5,5,5,5,3,4,0,22,TRUE
Male,Loyal Customer,27,Personal Travel,Eco,846,3,5,3,4,3,3,3,5,4,5,4,3,3,3.69,157,145,FALSE
Female,Loyal Customer,51,Business Travel,Business,2949,2,2,2,2,2,5,4,4,4,4,4,5,4,3.38,87,80,TRUE
Female,Disloyal Customer,35,Business Travel,Eco,770,2,2,2,4,2,2,2,2,4,2,3,1,2,2.31,0,0,FALSE
Female,Loyal Customer,13,Business Travel,Business,3092,1,2,2,2,1,1,1,1,3,4,3,1,1,1.77,5,12,FALSE
Male,Loyal Customer,58,Business Travel,Eco,184,4,1,1,1,4,4,4,4,2,5,3,4,4,3.15,0,0,FALSE
Male,Loyal Customer,58,Personal Travel,Eco,369,3,5,3,1,2,3,2,2,5,5,1,3,2,2.85,1,1,FALSE
Female,Loyal Customer,29,Personal Travel,Eco,373,4,4,4,1,3,4,2,3,4,2,5,2,3,3.15,59,52,FALSE
Female,Disloyal Customer,17,Business Travel,Eco,861,0,1,1,4,3,1,3,3,4,5,5,4,3,2.85,113,94,TRUE
Female,Loyal Customer,48,Personal Travel,Eco Plus,425,3,0,3,3,2,3,4,3,3,3,4,5,4,3.08,0,0,FALSE
Female,Loyal Customer,70,Business Travel,Business,239,2,3,3,3,4,4,4,2,2,2,2,1,4,2.77,10,0,FALSE
Male,Disloyal Customer,42,Business Travel,Business,731,4,3,3,2,2,4,2,2,5,4,5,5,2,3.31,0,5,TRUE
Male,Disloyal Customer,21,Business Travel,Eco,255,2,4,2,4,1,2,1,1,1,2,3,4,1,2.15,119,108,FALSE
Female,Loyal Customer,54,Business Travel,Business,3661,2,2,2,2,3,5,5,5,5,5,5,5,5,3.92,39,40,TRUE
Female,Loyal Customer,38,Business Travel,Business,2763,1,1,1,1,5,1,3,4,4,4,4,2,4,2.69,0,0,TRUE
Male,Disloyal Customer,33,Business Travel,Business,328,3,3,3,2,5,3,1,5,4,3,4,5,5,3.54,0,0,FALSE
Male,Disloyal Customer,18,Business Travel,Business,1471,5,3,5,3,5,5,4,5,5,2,5,3,5,4.23,0,0,TRUE
Female,Loyal Customer,49,Business Travel,Business,529,3,3,3,3,5,4,5,4,4,4,4,5,4,3.92,0,0,TRUE
Female,Loyal Customer,50,Personal Travel,Business,151,3,5,3,2,4,5,4,5,5,3,4,5,5,4.08,0,6,FALSE
Male,Disloyal Customer,40,Business Travel,Eco,946,4,4,4,5,3,4,3,3,1,2,2,4,3,3.23,0,0,FALSE
Female,Disloyal Customer,49,Business Travel,Business,843,3,3,3,1,3,3,3,3,3,5,4,5,3,3.23,6,0,TRUE
Female,Loyal Customer,9,Personal Travel,Eco,657,2,5,2,4,2,2,2,2,4,2,2,5,2,2.77,18,12,FALSE
Male,Loyal Customer,61,Personal Travel,Eco,110,3,1,3,4,5,3,5,5,3,2,3,2,5,3.38,0,0,FALSE
Female,Loyal Customer,59,Personal Travel,Eco,2172,4,4,4,1,5,4,5,3,3,4,3,3,4,3.62,0,0,TRUE
Female,Disloyal Customer,45,Business Travel,Business,305,4,4,4,2,1,4,1,1,4,5,5,5,1,3.15,1,0,TRUE
Male,Loyal Customer,38,Business Travel,Business,2745,1,1,3,1,2,5,5,5,5,5,5,5,5,3.69,4,0,TRUE
Male,Loyal Customer,36,Business Travel,Business,727,5,5,5,5,2,4,1,4,4,4,4,5,4,4,0,0,TRUE
Female,Loyal Customer,43,Business Travel,Business,3542,4,4,4,4,2,4,4,5,5,5,5,3,4,4.08,51,78,TRUE
Female,Loyal Customer,62,Personal Travel,Eco,213,3,5,3,4,3,4,4,5,5,3,5,4,3,3.92,0,0,FALSE
Male,Loyal Customer,48,Business Travel,Business,2762,5,5,5,5,4,5,5,5,5,5,5,4,4,4.77,41,26,TRUE
Female,Loyal Customer,37,Business Travel,Eco,402,5,4,4,4,5,5,5,5,1,4,1,3,5,3.92,0,0,TRUE
Female,Disloyal Customer,42,Business Travel,Eco,259,3,3,3,3,3,3,3,3,4,2,4,2,3,3,68,60,FALSE
Male,Loyal Customer,50,Personal Travel,Business,299,1,5,1,3,3,5,4,5,5,1,5,3,3,3.38,0,0,FALSE
Female,Loyal Customer,30,Business Travel,Business,2403,1,1,1,1,4,4,4,4,3,2,5,5,4,3,0,0,TRUE
Male,Loyal Customer,44,Personal Travel,Eco,152,2,2,0,3,1,0,1,1,1,2,4,1,1,1.46,20,10,FALSE
Male,Loyal Customer,29,Personal Travel,Eco,641,1,4,1,1,5,1,5,5,4,4,4,4,5,3.38,0,0,FALSE
Female,Loyal Customer,34,Personal Travel,Eco,1597,3,4,4,1,5,4,5,5,5,4,5,3,5,4.08,0,0,FALSE
Female,Loyal Customer,17,Business Travel,Business,312,2,2,2,2,4,4,4,4,5,3,5,4,4,3.46,0,0,TRUE
Male,Loyal Customer,33,Business Travel,Eco,302,3,4,3,3,3,3,3,3,2,3,2,4,3,3,1,0,FALSE
Male,Loyal Customer,7,Personal Travel,Eco,432,3,3,3,4,5,3,5,5,4,5,4,2,5,3.92,41,29,FALSE
Male,Loyal Customer,28,Personal Travel,Eco,1197,5,4,5,5,5,5,5,5,5,4,4,5,5,4.77,19,1,TRUE
Male,Disloyal Customer,38,Business Travel,Eco,173,3,0,3,3,3,3,3,3,5,3,4,3,3,3,0,0,FALSE
Male,Loyal Customer,14,Personal Travel,Eco,888,3,5,3,3,2,3,5,2,3,4,5,1,2,3.15,0,0,FALSE
Male,Loyal Customer,55,Business Travel,Business,859,1,1,1,1,2,5,5,4,4,4,4,3,5,3.08,0,0,TRUE
Female,Loyal Customer,60,Personal Travel,Eco,1660,3,4,3,5,4,5,4,5,5,3,5,5,4,4.23,2,0,FALSE
Male,Loyal Customer,40,Personal Travel,Eco,462,2,4,2,1,3,2,3,3,5,5,4,5,3,3.23,0,0,FALSE
Female,Loyal Customer,48,Personal Travel,Eco Plus,313,5,4,4,4,2,4,4,1,1,4,2,3,4,3.23,0,0,TRUE
Male,Loyal Customer,56,Personal Travel,Eco,391,2,4,3,2,1,3,2,1,3,2,4,3,1,2.38,10,7,FALSE
Female,Loyal Customer,49,Personal Travel,Eco,549,4,4,4,3,4,3,4,5,5,4,5,1,4,3.85,0,0,TRUE
Female,Disloyal Customer,22,Business Travel,Business,517,5,0,5,1,5,5,1,5,3,4,5,3,5,3.62,0,0,TRUE
Female,Disloyal Customer,36,Business Travel,Business,1389,2,2,2,2,5,2,5,5,5,2,5,5,5,3.62,2,0,FALSE
Female,Loyal Customer,53,Business Travel,Business,2174,3,3,3,3,4,2,2,3,3,3,3,2,3,2.85,0,0,FALSE
Female,Loyal Customer,33,Personal Travel,Eco Plus,990,4,5,4,2,2,4,2,2,4,3,5,3,2,3.23,5,0,FALSE
Male,Loyal Customer,17,Business Travel,Business,3335,5,5,5,5,4,4,4,4,3,2,5,3,4,4.08,0,0,TRUE
Male,Loyal Customer,39,Business Travel,Business,302,0,0,0,5,2,5,5,3,3,3,3,5,5,3,39,48,TRUE
Female,Disloyal Customer,14,Business Travel,Eco,714,3,4,4,2,1,4,1,1,2,4,5,1,1,2.54,0,0,FALSE
Female,Loyal Customer,39,Personal Travel,Eco,130,2,4,0,4,4,0,4,4,4,4,5,4,4,3.31,0,0,FALSE
Female,Loyal Customer,60,Personal Travel,Eco,1074,3,4,3,1,3,5,4,4,4,3,4,5,5,3.69,0,0,FALSE
Female,Loyal Customer,66,Personal Travel,Eco,271,3,4,3,3,3,3,3,1,1,3,1,3,4,2.69,23,19,FALSE
Female,Loyal Customer,42,Business Travel,Eco,101,1,4,4,4,3,3,4,1,1,1,1,3,1,2.38,0,0,FALSE
Female,Loyal Customer,44,Business Travel,Business,874,5,5,5,5,4,5,4,5,5,4,5,5,3,4.62,0,0,TRUE
Female,Loyal Customer,20,Personal Travel,Eco,606,2,4,2,2,5,2,5,5,5,4,4,3,5,3.69,12,21,FALSE
Male,Loyal Customer,44,Personal Travel,Eco Plus,313,3,3,3,3,4,3,4,4,1,4,3,4,4,3.31,0,13,FALSE
Female,Loyal Customer,50,Personal Travel,Eco,355,2,5,2,2,2,5,5,5,5,2,1,4,5,3.46,0,6,FALSE
Female,Loyal Customer,55,Business Travel,Business,3609,4,4,4,4,5,5,5,3,1,2,2,5,5,3.77,142,139,TRUE
Female,Loyal Customer,57,Business Travel,Business,235,4,4,4,4,5,5,5,5,5,5,5,5,3,4.54,0,0,TRUE
Female,Loyal Customer,13,Business Travel,Business,3990,3,5,2,5,3,3,3,3,4,1,3,1,3,3,36,19,FALSE
Male,Loyal Customer,53,Business Travel,Business,2339,5,5,5,5,5,5,5,4,4,4,4,5,4,4.62,9,13,TRUE
Male,Loyal Customer,60,Business Travel,Business,2504,1,1,1,1,5,5,5,4,4,3,5,5,5,3.46,0,9,TRUE
Male,Loyal Customer,56,Business Travel,Business,1739,3,3,3,3,2,3,4,5,5,5,5,4,4,3.77,26,7,TRUE
Male,Disloyal Customer,29,Business Travel,Eco,693,1,1,1,4,3,1,3,3,2,1,3,2,3,2.15,32,35,FALSE
Female,Loyal Customer,51,Business Travel,Business,882,1,1,1,1,3,4,4,4,4,4,4,3,4,2.92,33,45,TRUE
Male,Loyal Customer,62,Business Travel,Eco,1034,4,3,3,3,4,4,4,4,4,5,5,4,4,3.92,0,0,TRUE
Female,Disloyal Customer,14,Business Travel,Eco,550,3,1,3,4,5,3,5,5,4,4,4,2,5,3.69,23,16,FALSE
Male,Loyal Customer,66,Personal Travel,Business,977,3,4,3,1,5,4,4,4,4,3,4,3,4,3.54,29,28,FALSE
Male,Disloyal Customer,22,Business Travel,Eco,189,4,1,3,3,4,3,4,4,1,4,4,3,4,3.23,0,0,FALSE
Male,Loyal Customer,26,Business Travel,Business,1759,2,2,4,2,3,4,3,3,5,1,5,5,3,3.23,0,0,TRUE
Female,Loyal Customer,26,Business Travel,Business,3877,3,5,5,5,3,3,3,3,4,5,4,1,3,3.62,0,0,FALSE
Female,Loyal Customer,64,Personal Travel,Eco,1389,4,2,4,2,3,1,2,3,3,4,3,1,3,2.69,4,0,TRUE
Male,Loyal Customer,49,Business Travel,Business,2630,4,3,4,4,2,4,4,5,5,5,5,3,5,4.08,110,106,TRUE
Female,Loyal Customer,20,Personal Travel,Eco,1562,4,2,4,3,3,4,3,3,4,4,3,2,3,3.23,0,0,TRUE
Male,Loyal Customer,58,Business Travel,Business,3084,1,1,1,1,3,4,5,3,3,4,3,4,5,2.92,16,12,TRUE
Male,Loyal Customer,43,Business Travel,Business,3072,4,4,4,4,4,2,2,5,5,5,5,5,5,4.15,71,67,TRUE
Female,Loyal Customer,42,Business Travel,Business,2283,2,2,2,2,4,5,4,4,4,4,4,4,4,3.46,0,0,TRUE
Female,Loyal Customer,42,Business Travel,Business,2709,2,5,4,5,1,3,3,2,2,1,2,3,3,2.77,0,0,FALSE
Male,Loyal Customer,32,Personal Travel,Eco Plus,328,4,5,5,5,3,5,3,3,4,4,4,5,3,4.08,11,0,FALSE
Male,Loyal Customer,70,Personal Travel,Eco,952,1,5,1,2,5,1,5,5,4,4,4,1,5,3.31,0,0,FALSE
Male,Loyal Customer,43,Business Travel,Business,528,3,3,3,3,5,4,5,3,3,3,3,4,3,3.46,11,0,TRUE
Male,Loyal Customer,52,Personal Travel,Eco,1217,2,0,1,3,3,1,3,3,3,4,4,4,3,2.62,0,0,FALSE
Male,Disloyal Customer,14,Business Travel,Eco,763,4,5,5,5,2,5,2,2,3,1,1,4,2,3.15,0,3,TRUE
Female,Loyal Customer,52,Personal Travel,Business,2586,0,1,0,2,1,2,2,1,1,0,1,2,3,1.23,0,0,TRUE
Female,Disloyal Customer,20,Business Travel,Eco,1024,3,3,3,4,5,3,5,5,1,5,3,1,5,3.54,12,34,FALSE
Female,Loyal Customer,51,Business Travel,Business,265,2,2,2,2,1,4,1,5,5,5,5,2,3,3,0,8,TRUE
Male,Loyal Customer,50,Personal Travel,Eco,383,5,2,5,4,2,5,2,2,1,2,4,2,2,2.92,0,0,TRUE
Female,Loyal Customer,23,Business Travel,Business,2440,3,1,5,1,3,3,3,3,2,1,2,2,3,2.46,15,9,FALSE
Male,Loyal Customer,22,Personal Travel,Business,258,3,3,0,4,3,0,3,3,3,1,5,2,3,2.54,18,19,FALSE
Male,Loyal Customer,45,Business Travel,Business,577,2,4,4,4,3,3,4,2,2,2,2,4,2,2.92,0,0,FALSE
Female,Disloyal Customer,44,Business Travel,Eco,1201,4,4,4,4,5,4,5,5,1,3,4,2,5,3.85,16,3,TRUE
Male,Loyal Customer,36,Business Travel,Eco,201,4,5,5,5,4,4,4,4,2,5,1,1,4,3.69,0,0,TRUE
Female,Loyal Customer,60,Personal Travel,Business,628,3,5,3,4,3,4,4,5,5,3,5,4,3,3.92,0,0,FALSE
Female,Loyal Customer,45,Personal Travel,Eco,541,4,5,4,1,2,2,5,1,1,4,1,5,1,2.77,31,24,FALSE
Male,Loyal Customer,13,Personal Travel,Eco,602,4,5,4,3,4,2,2,5,4,1,1,2,2,3,165,174,FALSE
Female,Disloyal Customer,26,Business Travel,Eco,2586,3,3,3,4,3,4,2,4,5,4,4,2,2,3.31,0,14,FALSE
Male,Loyal Customer,69,Business Travel,Business,387,2,3,3,3,5,4,3,2,2,2,2,4,1,2.77,0,0,FALSE
Female,Loyal Customer,8,Personal Travel,Eco Plus,368,3,4,3,2,1,3,1,1,4,4,3,5,1,2.69,0,0,FALSE
Male,Loyal Customer,53,Business Travel,Business,3716,3,3,3,3,3,5,4,5,5,5,5,3,3,3.85,15,6,TRUE
Female,Loyal Customer,22,Business Travel,Business,2405,2,1,1,1,2,2,2,3,2,3,4,2,2,2.08,0,8,FALSE
Male,Loyal Customer,41,Personal Travel,Eco Plus,101,3,3,3,3,1,3,1,1,1,3,4,1,1,2.15,3,4,FALSE
Female,Loyal Customer,48,Business Travel,Eco,448,2,2,2,2,5,3,3,2,2,2,2,3,1,2.38,0,0,FALSE
Female,Loyal Customer,42,Business Travel,Business,3336,3,2,3,3,5,4,5,4,4,4,4,5,4,3.85,0,0,TRUE
Male,Disloyal Customer,27,Business Travel,Eco,762,2,1,1,3,3,1,3,3,1,2,4,1,3,2.15,1,0,FALSE
Female,Loyal Customer,18,Business Travel,Business,2094,4,4,4,4,5,5,5,5,1,5,5,4,5,4.31,0,0,TRUE
Male,Loyal Customer,18,Personal Travel,Eco,345,5,3,5,3,1,5,1,1,3,2,5,3,1,2.92,0,0,TRUE
Male,Loyal Customer,50,Personal Travel,Eco,122,1,5,1,2,3,1,1,3,1,2,3,4,3,2.31,59,60,FALSE
Female,Loyal Customer,80,Business Travel,Business,3502,2,3,5,3,1,3,4,2,2,2,2,1,3,2.54,8,27,FALSE
Female,Disloyal Customer,56,Business Travel,Eco Plus,196,2,2,2,3,2,2,2,2,2,5,4,4,2,2.62,1,6,FALSE
Male,Loyal Customer,7,Personal Travel,Eco,1986,2,4,2,3,2,2,2,2,1,3,3,3,2,2.38,9,0,FALSE
Female,Loyal Customer,60,Business Travel,Business,3380,4,4,4,4,5,4,5,3,3,3,3,5,4,3.92,0,0,TRUE
Male,Loyal Customer,39,Personal Travel,Eco,972,4,5,4,3,3,4,3,3,3,5,5,3,3,3.69,29,14,FALSE
Male,Disloyal Customer,22,Business Travel,Eco,679,4,4,4,4,4,4,4,4,5,4,5,3,4,4.08,13,13,TRUE
Male,Loyal Customer,17,Personal Travel,Business,214,4,3,4,4,4,4,4,4,4,1,3,2,4,3.46,0,16,FALSE
Male,Loyal Customer,67,Personal Travel,Eco,965,4,4,4,3,3,4,3,3,4,4,4,3,3,3.54,3,0,TRUE
Male,Disloyal Customer,23,Business Travel,Business,867,5,3,5,3,5,5,5,5,5,2,5,3,5,4.31,22,8,TRUE
Female,Loyal Customer,46,Business Travel,Business,3934,4,4,4,4,2,4,4,4,4,4,4,5,3,3.85,4,0,TRUE
Female,Loyal Customer,59,Business Travel,Business,577,3,3,3,3,3,4,4,4,4,4,4,4,4,3.62,0,0,TRUE
Female,Disloyal Customer,27,Business Travel,Eco,728,5,5,5,5,4,5,4,4,1,2,4,3,4,3.92,17,19,TRUE
Male,Loyal Customer,42,Business Travel,Business,3869,2,2,5,2,3,4,5,5,5,5,5,5,3,3.92,0,0,TRUE
Male,Disloyal Customer,27,Business Travel,Business,1076,3,3,3,3,1,3,5,1,3,3,5,4,1,2.92,0,0,FALSE
Male,Loyal Customer,22,Business Travel,Business,2282,4,4,4,4,5,5,5,5,3,3,5,4,5,4.31,3,0,TRUE
Male,Loyal Customer,55,Business Travel,Business,3079,1,1,1,1,5,4,4,4,4,4,4,5,3,3.15,0,0,TRUE
Male,Loyal Customer,59,Personal Travel,Eco,164,3,5,3,4,5,3,5,5,4,3,5,3,5,4.08,0,0,FALSE
Female,Loyal Customer,44,Business Travel,Business,2288,5,5,5,5,5,4,4,4,4,4,4,3,5,4.38,5,0,TRUE
Female,Loyal Customer,65,Personal Travel,Eco,229,4,4,4,5,2,5,5,3,3,4,1,4,3,3.62,0,0,FALSE
Female,Disloyal Customer,26,Business Travel,Eco,1102,1,0,0,4,5,0,5,5,4,2,4,2,5,2.85,3,7,FALSE
Male,Disloyal Customer,40,Business Travel,Eco Plus,317,2,3,3,2,5,3,5,5,5,5,3,4,5,3.85,56,44,FALSE
Male,Loyal Customer,56,Business Travel,Business,1647,4,4,5,4,5,5,4,4,4,4,4,3,3,4.08,9,6,TRUE
Male,Loyal Customer,30,Business Travel,Business,3470,1,5,1,1,4,4,4,4,3,4,5,3,4,3.31,21,10,TRUE
Male,Disloyal Customer,22,Business Travel,Eco,620,2,0,3,2,1,3,1,1,2,3,1,3,1,1.77,0,0,FALSE
Male,Disloyal Customer,25,Business Travel,Business,551,5,3,4,1,2,4,2,2,5,5,5,5,2,3.46,0,0,TRUE
Male,Loyal Customer,47,Personal Travel,Eco Plus,1844,2,3,2,3,3,2,3,3,1,2,4,2,3,2.54,52,30,FALSE
Male,Loyal Customer,18,Business Travel,Business,1608,3,4,4,4,3,3,3,3,1,5,2,4,3,3.23,0,0,FALSE
Female,Loyal Customer,41,Personal Travel,Eco,1005,3,5,3,2,4,3,4,4,5,4,5,4,4,3.85,9,0,FALSE
Female,Loyal Customer,42,Business Travel,Business,3818,1,1,1,1,2,2,3,4,4,4,4,2,5,2.62,0,0,TRUE
Male,Loyal Customer,65,Personal Travel,Eco,594,3,3,3,4,5,3,5,5,4,4,3,1,5,3.69,32,29,FALSE
Male,Disloyal Customer,59,Business Travel,Business,213,1,1,1,5,5,1,5,5,1,2,2,5,5,3,0,0,FALSE
Male,Loyal Customer,24,Business Travel,Business,2802,4,3,3,3,4,4,4,4,4,1,4,3,4,3.46,9,9,FALSE
Female,Disloyal Customer,38,Business Travel,Business,223,5,5,5,3,3,5,3,3,4,2,5,4,3,3.85,1,0,TRUE
Male,Loyal Customer,11,Personal Travel,Eco,130,1,1,1,4,3,1,3,3,1,2,4,4,3,2.38,14,9,FALSE
Male,Loyal Customer,65,Personal Travel,Eco,1197,3,2,3,4,3,3,3,4,1,4,3,3,3,3,113,132,FALSE
Female,Disloyal Customer,21,Business Travel,Eco,630,5,0,5,1,3,5,3,3,3,2,5,4,3,3.23,0,0,TRUE
Male,Loyal Customer,29,Business Travel,Business,1546,4,4,4,4,4,4,4,4,4,4,4,5,4,4.08,0,0,TRUE
Female,Loyal Customer,60,Business Travel,Eco,991,4,3,3,3,4,5,3,4,4,4,4,4,1,3.54,0,0,TRUE
Female,Loyal Customer,40,Business Travel,Eco,1074,5,1,1,1,5,5,5,5,4,3,5,5,5,3.85,0,0,TRUE
Male,Loyal Customer,25,Personal Travel,Eco,926,3,4,3,1,3,4,4,5,3,5,5,4,4,3.69,299,313,FALSE
Female,Disloyal Customer,32,Business Travel,Eco,925,4,4,4,4,4,4,4,4,4,4,3,2,4,3.77,0,20,FALSE
Female,Loyal Customer,53,Business Travel,Eco,101,3,4,4,4,5,3,4,3,3,3,3,2,1,3.23,0,0,TRUE
Female,Loyal Customer,29,Business Travel,Business,3204,1,1,1,1,4,4,4,4,3,5,1,3,4,2.77,0,8,TRUE
Female,Loyal Customer,49,Business Travel,Business,435,5,5,5,5,2,5,4,5,5,5,5,5,3,4.54,0,0,TRUE
Female,Loyal Customer,55,Business Travel,Eco,1979,3,2,2,2,2,3,3,3,3,3,3,4,2,2.69,7,15,FALSE
Female,Disloyal Customer,22,Business Travel,Eco,163,4,0,4,3,4,4,4,4,4,3,2,5,4,3.46,0,0,TRUE
Male,Loyal Customer,54,Personal Travel,Eco,728,2,4,2,3,5,2,5,5,3,2,4,2,5,3.38,5,0,FALSE
Male,Loyal Customer,57,Business Travel,Business,1795,0,0,0,1,5,5,5,4,4,4,4,5,5,3.23,60,55,TRUE
Female,Loyal Customer,50,Personal Travel,Eco,563,2,5,2,2,3,5,4,2,2,2,2,3,5,3,3,0,FALSE
Male,Loyal Customer,44,Business Travel,Business,3381,3,3,3,3,4,4,5,5,5,5,5,5,5,4.23,14,15,TRUE
Male,Disloyal Customer,11,Business Travel,Eco,999,2,2,2,4,1,2,1,1,2,1,4,2,1,1.92,7,21,FALSE
Female,Loyal Customer,38,Business Travel,Business,1582,3,2,2,2,4,3,4,3,3,3,3,4,2,2.92,0,0,FALSE
Female,Disloyal Customer,20,Business Travel,Eco,74,2,4,3,3,5,3,4,5,3,2,5,3,5,3.62,0,4,FALSE
Male,Loyal Customer,11,Personal Travel,Eco,246,2,4,2,4,2,2,2,2,3,5,4,4,2,2.92,46,30,FALSE
Male,Loyal Customer,30,Business Travel,Business,1844,3,1,1,1,3,3,3,3,3,4,3,3,3,2.62,10,5,FALSE
Female,Disloyal Customer,37,Business Travel,Business,1423,5,5,5,4,2,5,2,2,4,3,5,5,2,3.77,0,0,TRUE
Male,Disloyal Customer,23,Business Travel,Business,1074,0,0,0,1,3,0,3,3,4,3,4,3,3,2.08,0,0,TRUE
Female,Disloyal Customer,15,Business Travel,Eco,1097,1,0,0,4,2,0,5,2,1,1,3,1,2,1.69,7,0,FALSE
Female,Loyal Customer,56,Business Travel,Business,3097,2,3,4,4,3,4,4,2,2,2,2,3,2,2.85,0,0,FALSE
Male,Loyal Customer,49,Business Travel,Business,3474,4,4,4,4,2,4,5,4,4,4,4,4,4,3.92,0,0,TRUE
Female,Disloyal Customer,26,Business Travel,Eco,184,4,2,3,2,3,3,3,3,2,5,2,3,3,2.92,0,15,FALSE
Male,Loyal Customer,28,Business Travel,Business,1906,5,5,5,5,2,2,2,2,5,4,5,5,2,3.77,10,37,TRUE
Female,Loyal Customer,26,Personal Travel,Business,674,4,3,4,2,2,4,2,2,5,1,4,1,2,2.77,6,4,FALSE
Male,Loyal Customer,31,Business Travel,Business,2454,1,1,1,1,5,5,5,4,5,5,4,5,5,3.62,14,5,TRUE
Female,Disloyal Customer,21,Business Travel,Eco,805,1,1,1,5,5,1,5,5,1,5,3,1,5,3,9,4,FALSE
Female,Disloyal Customer,37,Business Travel,Business,481,4,4,4,2,3,4,3,3,4,3,5,3,3,3.46,0,3,TRUE
Male,Disloyal Customer,24,Business Travel,Eco,687,1,1,1,4,5,1,2,5,3,3,3,4,5,2.92,0,0,FALSE
Male,Loyal Customer,66,Business Travel,Business,3088,5,5,5,5,2,4,4,4,4,4,4,4,4,4.15,0,0,TRUE
Female,Loyal Customer,49,Personal Travel,Eco,920,3,4,3,5,4,4,4,4,4,3,4,5,4,3.92,0,0,FALSE
Female,Disloyal Customer,22,Business Travel,Eco,1272,2,2,2,3,4,2,2,4,3,4,5,4,4,3.15,0,0,FALSE
Female,Loyal Customer,57,Business Travel,Business,1656,2,1,1,1,2,3,3,2,2,2,2,1,1,1.77,11,29,FALSE
Female,Loyal Customer,22,Business Travel,Business,2611,5,5,5,5,5,5,5,4,4,3,5,5,5,4.69,0,0,TRUE
Female,Loyal Customer,31,Business Travel,Business,3802,4,1,4,1,4,4,4,4,1,5,4,3,4,3.31,0,8,FALSE
Male,Loyal Customer,8,Personal Travel,Eco,1464,4,4,4,4,2,4,2,2,3,3,5,4,2,3.31,0,3,FALSE
Female,Loyal Customer,42,Business Travel,Business,2701,4,4,4,4,5,4,4,2,4,3,5,4,4,3.92,0,0,TRUE
Female,Loyal Customer,30,Business Travel,Eco,2349,5,1,1,1,5,5,5,5,4,5,4,1,5,3.62,0,0,TRUE
Female,Loyal Customer,30,Personal Travel,Eco,946,2,4,2,4,2,2,2,2,2,2,4,1,2,2.38,8,0,FALSE
Male,Loyal Customer,19,Personal Travel,Eco,393,4,4,4,3,3,4,3,3,3,2,4,3,3,3.31,0,0,FALSE
Male,Loyal Customer,46,Business Travel,Eco,401,5,3,3,3,5,5,5,5,5,4,3,2,5,4.08,0,0,TRUE
Male,Disloyal Customer,22,Business Travel,Eco,399,2,0,2,3,5,2,5,5,1,1,4,3,5,2.92,2,4,FALSE
Male,Loyal Customer,25,Personal Travel,Eco,1372,2,1,2,3,2,2,2,2,2,5,2,4,2,2.38,22,6,FALSE
Female,Loyal Customer,35,Business Travel,Business,1325,3,2,2,2,3,3,3,3,3,3,3,2,2,2.62,0,0,FALSE
Female,Loyal Customer,33,Business Travel,Business,3723,3,1,3,3,4,5,4,4,4,4,4,4,5,3.69,8,5,TRUE
Female,Disloyal Customer,23,Business Travel,Business,174,5,0,5,4,1,5,1,1,5,4,2,1,1,2.69,0,0,TRUE
Male,Loyal Customer,31,Personal Travel,Eco,409,3,3,3,4,3,3,3,3,1,1,3,1,3,2.62,0,0,FALSE
Male,Loyal Customer,58,Business Travel,Business,2474,4,4,4,4,2,5,5,5,5,5,5,5,3,4.31,0,0,TRUE
Female,Loyal Customer,17,Business Travel,Eco,488,5,4,4,4,5,5,5,5,3,5,2,5,5,4.38,52,38,TRUE
Male,Loyal Customer,39,Business Travel,Business,628,3,3,3,3,4,5,5,4,4,4,4,3,5,3.85,80,88,TRUE
Female,Loyal Customer,56,Business Travel,Business,1325,5,5,1,5,5,4,4,4,4,4,4,3,3,3.92,0,0,TRUE
Female,Disloyal Customer,24,Business Travel,Eco,1014,3,3,3,3,3,3,3,3,4,1,3,4,3,3,46,42,FALSE
Female,Disloyal Customer,26,Business Travel,Business,247,3,5,3,4,2,3,2,2,4,5,5,3,2,3.31,2,5,FALSE
Female,Loyal Customer,42,Business Travel,Business,2305,3,3,3,3,2,2,2,3,3,3,3,3,2,2.69,11,0,FALSE
Male,Disloyal Customer,39,Business Travel,Business,1250,1,1,1,2,1,1,1,1,4,5,4,4,1,2.08,0,0,FALSE
Male,Loyal Customer,57,Personal Travel,Eco,383,3,4,3,1,5,3,3,5,3,4,4,4,5,3.62,1,0,FALSE
Female,Loyal Customer,41,Personal Travel,Eco,277,1,3,1,2,2,1,2,2,2,4,5,5,2,2.46,1,4,FALSE
Male,Disloyal Customer,33,Business Travel,Business,338,2,2,2,2,1,2,1,1,5,2,5,4,1,2.31,0,0,FALSE
Male,Disloyal Customer,22,Business Travel,Eco,271,3,0,3,4,2,3,2,2,4,2,4,3,2,2.62,0,0,FALSE
Female,Disloyal Customer,55,Business Travel,Business,228,3,3,3,5,3,3,3,3,5,4,5,5,3,3.69,0,0,FALSE
Female,Loyal Customer,69,Personal Travel,Eco,1372,3,4,3,1,4,5,5,5,5,3,5,5,5,4.08,20,30,FALSE
Male,Loyal Customer,47,Business Travel,Business,2738,2,2,4,2,2,3,1,2,2,2,2,5,1,2.31,0,0,TRUE
Male,Disloyal Customer,39,Business Travel,Business,74,1,1,1,4,5,1,1,5,4,5,4,5,5,3.23,0,0,FALSE
Female,Loyal Customer,46,Business Travel,Eco Plus,140,2,1,1,1,2,3,3,2,2,2,2,3,3,2.08,0,0,FALSE
Male,Disloyal Customer,37,Business Travel,Eco,480,2,1,2,4,3,2,3,3,1,4,3,3,3,2.62,0,0,FALSE
Male,Loyal Customer,59,Business Travel,Business,918,3,2,2,2,5,2,3,3,3,3,3,2,4,2.85,34,29,FALSE
Female,Loyal Customer,38,Personal Travel,Eco,628,1,4,1,3,2,1,2,2,4,2,4,4,2,2.46,41,31,FALSE
Male,Loyal Customer,41,Business Travel,Business,3232,2,2,2,2,2,5,5,5,5,5,5,4,5,3.77,0,0,TRUE
Female,Loyal Customer,60,Personal Travel,Eco,2182,1,2,1,3,1,4,3,5,5,1,5,3,4,2.92,0,4,FALSE
Female,Disloyal Customer,24,Business Travel,Eco,822,4,4,4,4,5,4,4,5,2,5,4,1,5,3.92,0,0,FALSE
Male,Loyal Customer,25,Business Travel,Business,255,3,3,5,3,5,5,5,5,4,4,4,5,5,4.31,7,0,TRUE
Male,Loyal Customer,31,Business Travel,Business,135,2,4,4,4,1,1,2,1,2,3,2,1,1,2.15,0,0,FALSE
Female,Loyal Customer,33,Business Travel,Eco,1197,0,0,0,1,2,0,2,2,4,3,1,1,2,1.38,53,58,TRUE
Male,Loyal Customer,32,Business Travel,Business,3840,2,2,2,2,5,5,5,5,3,4,4,4,5,3.69,0,0,TRUE
Female,Loyal Customer,32,Business Travel,Business,1400,4,1,1,1,4,4,4,3,3,1,2,4,4,2.77,292,331,FALSE
Female,Loyal Customer,31,Personal Travel,Eco,2139,1,5,1,3,5,1,5,5,4,4,4,4,5,3.62,0,0,FALSE
Female,Loyal Customer,53,Personal Travel,Eco,594,3,4,3,1,1,1,2,1,1,3,1,4,1,2,32,20,FALSE
Male,Disloyal Customer,26,Business Travel,Eco,692,3,3,3,3,5,3,5,5,4,5,3,1,5,3.69,9,13,FALSE
Female,Loyal Customer,55,Business Travel,Business,2002,2,2,2,2,4,4,2,5,5,5,5,3,3,3.38,78,82,TRUE
Male,Disloyal Customer,22,Business Travel,Eco,284,5,0,5,4,3,5,3,3,1,4,5,2,3,3.31,105,125,TRUE
Male,Disloyal Customer,27,Business Travel,Eco,187,2,4,2,3,5,2,5,5,3,5,3,2,5,3.54,0,3,FALSE
Female,Loyal Customer,17,Personal Travel,Business,440,3,4,3,3,2,3,1,2,3,5,5,4,2,3.08,0,0,FALSE
Female,Disloyal Customer,26,Business Travel,Eco,205,1,0,2,4,4,2,4,4,2,1,1,3,4,2.46,0,0,FALSE
Female,Loyal Customer,39,Business Travel,Business,2134,2,2,2,2,4,5,5,4,4,4,4,3,4,3.46,0,0,TRUE
Male,Loyal Customer,63,Personal Travel,Eco,861,3,4,3,2,5,3,5,5,3,5,5,3,5,3.92,0,0,FALSE
Male,Loyal Customer,26,Business Travel,Business,1842,4,4,4,4,4,4,4,4,5,5,2,4,4,4,0,8,TRUE
Male,Loyal Customer,52,Business Travel,Eco Plus,954,5,4,3,4,5,5,5,5,1,5,1,3,5,3.92,42,35,TRUE
Male,Loyal Customer,70,Business Travel,Business,109,0,4,0,2,3,4,1,2,2,2,2,3,3,2.15,0,0,TRUE
Female,Loyal Customer,47,Business Travel,Business,475,2,2,2,2,5,4,3,2,2,1,2,2,2,2.38,10,0,FALSE
Male,Loyal Customer,22,Business Travel,Business,2536,5,5,5,5,5,5,5,5,5,5,5,2,5,4.77,0,0,TRUE
Male,Loyal Customer,60,Business Travel,Business,2569,3,3,3,3,2,5,5,4,4,4,4,3,3,3.54,0,0,TRUE
Male,Loyal Customer,43,Business Travel,Eco,202,3,1,4,4,2,3,2,2,3,5,4,4,2,3,8,3,FALSE
Female,Loyal Customer,43,Business Travel,Business,842,3,3,3,3,2,5,4,5,5,5,5,4,5,4,2,0,TRUE
Female,Loyal Customer,43,Business Travel,Business,1121,2,2,2,2,3,5,4,5,5,5,5,3,5,3.69,0,0,TRUE
Female,Loyal Customer,35,Business Travel,Business,2483,0,5,0,4,4,4,5,5,5,3,3,5,4,3.62,2,0,TRUE
Female,Loyal Customer,24,Business Travel,Business,2961,2,2,4,2,4,4,4,4,5,3,4,5,4,3.62,0,7,TRUE
Female,Loyal Customer,46,Business Travel,Eco,528,5,1,1,1,4,5,4,5,5,5,5,2,2,3.46,0,7,TRUE
Female,Loyal Customer,45,Business Travel,Business,139,5,5,3,5,3,5,5,5,5,5,4,5,5,4.62,39,33,TRUE
Female,Loyal Customer,44,Personal Travel,Eco Plus,1107,2,5,2,2,3,4,1,1,1,2,1,2,4,2.31,42,39,FALSE
Female,Loyal Customer,49,Business Travel,Business,3490,3,3,3,3,4,4,4,2,2,2,2,3,5,3.08,11,3,TRUE
Female,Loyal Customer,38,Business Travel,Business,1165,2,1,1,1,1,4,3,2,2,2,2,1,4,2,0,0,FALSE
Male,Loyal Customer,22,Business Travel,Business,3485,2,2,2,2,4,4,4,4,5,4,4,4,4,3.46,48,39,TRUE
Female,Disloyal Customer,28,Business Travel,Business,1242,4,3,3,2,2,3,2,2,5,3,4,3,2,2.92,37,36,FALSE
Female,Disloyal Customer,23,Business Travel,Business,341,0,0,0,4,1,0,1,1,5,4,4,5,1,2,29,14,TRUE
Female,Loyal Customer,37,Business Travel,Business,1452,4,4,4,4,4,5,5,5,5,5,5,5,3,4.46,37,30,TRUE
Male,Loyal Customer,34,Business Travel,Business,2276,2,2,2,2,4,5,4,5,5,4,5,3,3,3.54,0,0,TRUE
Female,Loyal Customer,55,Business Travel,Business,3234,5,5,3,5,2,5,5,5,5,5,5,3,3,4.31,3,0,TRUE
Male,Loyal Customer,21,Business Travel,Business,3294,1,1,1,1,5,5,5,5,2,2,1,4,5,2.92,0,0,TRUE
Female,Loyal Customer,15,Personal Travel,Eco,1368,3,4,3,3,5,3,5,5,5,5,5,4,5,4.23,0,0,FALSE
Male,Disloyal Customer,39,Business Travel,Eco,325,4,4,4,2,3,4,3,3,3,2,1,5,3,3.15,6,0,FALSE
Male,Loyal Customer,63,Personal Travel,Eco,696,1,5,1,3,4,1,4,4,5,3,4,5,4,3.38,19,24,FALSE
Female,Disloyal Customer,27,Business Travel,Business,2425,5,5,5,2,4,5,4,4,4,4,3,5,4,4.15,5,0,TRUE
Male,Loyal Customer,62,Personal Travel,Eco,2253,2,5,2,2,1,2,2,1,3,5,5,3,1,2.62,4,4,FALSE
Male,Loyal Customer,29,Business Travel,Business,612,4,4,4,4,5,5,5,5,3,3,4,5,5,4.31,17,19,TRUE
Female,Loyal Customer,17,Personal Travel,Eco Plus,999,1,5,1,5,2,1,2,2,3,3,5,3,2,2.69,0,0,FALSE
Male,Loyal Customer,52,Business Travel,Business,1545,4,4,4,4,2,5,3,5,5,5,5,1,5,4,7,24,TRUE
Male,Loyal Customer,11,Personal Travel,Eco,966,3,5,3,3,1,3,1,1,3,3,4,4,1,2.69,0,0,FALSE
Female,Loyal Customer,18,Personal Travel,Eco,599,2,0,2,1,5,2,5,5,5,4,3,3,5,3.23,0,0,FALSE
Female,Loyal Customer,17,Personal Travel,Eco,393,1,5,1,4,5,1,5,5,3,3,5,5,5,3.69,5,2,FALSE
Female,Loyal Customer,48,Business Travel,Business,3150,3,4,3,3,4,4,4,3,3,3,3,5,4,3.54,21,14,TRUE
Male,Disloyal Customer,38,Business Travel,Business,373,5,5,5,5,2,5,2,2,5,2,5,3,2,3.69,0,0,TRUE
Female,Loyal Customer,58,Personal Travel,Eco,358,4,3,4,3,4,4,4,4,4,4,4,3,4,3.77,6,0,FALSE
Male,Loyal Customer,41,Business Travel,Business,365,5,5,5,5,4,5,5,5,5,5,5,3,4,4.69,19,13,TRUE
Female,Disloyal Customer,25,Business Travel,Business,413,3,4,3,1,1,3,1,1,4,2,5,3,1,2.46,0,12,FALSE
Male,Loyal Customer,38,Business Travel,Business,3427,3,1,1,1,2,3,3,3,3,3,3,4,1,2.38,27,9,FALSE
Male,Loyal Customer,51,Business Travel,Business,1440,2,2,2,2,3,5,5,4,4,4,4,5,4,3.54,0,0,TRUE
Female,Loyal Customer,25,Business Travel,Business,2333,3,3,3,3,4,4,4,4,5,5,4,3,4,3.77,0,6,TRUE
Female,Loyal Customer,39,Business Travel,Business,1615,5,5,5,5,2,3,2,2,2,2,2,5,1,3.15,9,14,TRUE
Female,Loyal Customer,22,Business Travel,Eco Plus,460,2,1,4,1,2,2,4,2,1,3,4,3,2,2.38,0,15,FALSE
Female,Loyal Customer,31,Business Travel,Eco Plus,596,5,5,5,5,5,5,5,5,3,2,4,4,5,4.46,0,0,TRUE
Male,Loyal Customer,24,Business Travel,Business,3782,5,5,5,5,3,5,3,3,5,2,3,1,3,3.69,0,0,TRUE
Male,Loyal Customer,42,Business Travel,Business,3369,4,4,5,4,2,4,4,4,4,4,4,5,3,3.92,2,2,TRUE
Female,Disloyal Customer,26,Business Travel,Business,451,4,3,3,3,2,3,2,2,4,4,4,5,2,3.15,0,0,TRUE
Female,Loyal Customer,34,Personal Travel,Eco,528,2,3,2,3,2,2,2,2,3,3,4,2,2,2.46,17,0,FALSE
Female,Disloyal Customer,26,Business Travel,Eco,733,1,1,1,4,1,1,1,1,4,4,3,4,1,2.08,5,0,FALSE
Male,Loyal Customer,28,Business Travel,Eco Plus,679,4,1,1,1,4,4,4,4,4,5,2,4,4,3.23,62,54,TRUE
Female,Loyal Customer,37,Business Travel,Business,3155,5,5,5,5,4,1,4,5,5,4,3,2,4,4,4,10,TRUE
Male,Loyal Customer,39,Business Travel,Business,1721,4,4,4,4,2,3,4,5,5,5,5,5,3,4.08,0,0,TRUE
Male,Loyal Customer,10,Personal Travel,Eco,362,3,5,3,1,1,3,1,1,3,3,4,4,1,2.54,25,55,FALSE
Male,Loyal Customer,70,Personal Travel,Eco,867,3,4,3,3,5,3,5,5,5,3,3,4,5,3.92,0,0,FALSE
Female,Loyal Customer,40,Business Travel,Business,2176,1,1,2,1,4,3,5,4,4,4,4,3,3,3,43,31,TRUE
Male,Disloyal Customer,23,Business Travel,Eco,964,2,2,2,3,1,2,1,1,3,2,4,5,1,2.23,0,0,FALSE
Female,Loyal Customer,74,Business Travel,Business,3231,1,1,1,1,1,4,3,1,1,1,1,3,4,1.77,25,5,FALSE
Female,Loyal Customer,52,Personal Travel,Eco,337,1,3,1,1,2,2,3,1,1,1,1,2,5,1.85,18,6,FALSE
Male,Loyal Customer,66,Personal Travel,Eco,77,3,4,0,2,2,0,2,2,3,4,4,3,2,2.38,0,0,FALSE
Female,Loyal Customer,38,Business Travel,Business,862,2,2,2,2,2,5,4,2,2,2,2,3,3,2.54,25,27,TRUE
Female,Disloyal Customer,40,Business Travel,Business,1448,2,3,3,4,1,3,1,1,5,5,3,1,1,2.54,0,0,FALSE
Male,Loyal Customer,52,Personal Travel,Eco,78,1,4,1,5,3,1,3,3,3,2,4,3,3,2.77,0,0,FALSE
Female,Loyal Customer,42,Business Travel,Business,2993,1,1,1,1,3,5,5,5,5,5,5,3,3,3.31,0,0,TRUE
Female,Loyal Customer,47,Personal Travel,Eco,594,2,5,2,4,1,1,4,2,2,2,2,3,4,2.62,0,0,FALSE
Female,Loyal Customer,57,Business Travel,Business,2031,5,5,3,5,4,5,2,5,5,5,3,5,3,4.23,0,0,TRUE
Female,Disloyal Customer,31,Business Travel,Business,1749,4,4,4,1,1,4,1,1,3,4,3,5,1,2.77,10,0,FALSE
Female,Loyal Customer,29,Personal Travel,Eco,643,3,5,3,2,3,3,3,3,5,4,4,3,3,3.38,21,32,FALSE
Male,Disloyal Customer,21,Business Travel,Business,248,5,0,5,4,4,0,4,4,3,4,5,4,4,3.54,20,22,TRUE
Male,Loyal Customer,27,Business Travel,Business,2267,1,1,5,1,5,5,5,5,4,4,5,4,5,3.85,0,0,TRUE
Female,Disloyal Customer,29,Business Travel,Eco,190,1,2,1,4,4,1,4,4,3,5,3,2,4,2.92,0,12,FALSE
Male,Loyal Customer,28,Business Travel,Business,488,5,4,5,5,5,5,5,5,2,3,5,4,5,4.46,72,76,TRUE
Female,Loyal Customer,36,Business Travel,Eco Plus,1026,4,5,5,5,4,4,4,4,3,2,5,2,4,3.92,3,0,TRUE
Male,Loyal Customer,43,Business Travel,Eco Plus,998,4,4,4,4,4,3,3,3,1,4,3,3,3,3.31,258,288,TRUE
Male,Loyal Customer,58,Business Travel,Business,1770,2,2,2,2,3,4,1,4,4,4,5,2,2,2.85,0,0,TRUE
Male,Loyal Customer,32,Personal Travel,Eco,507,5,4,5,3,2,5,2,2,5,3,4,3,2,3.46,1,3,TRUE
Female,Loyal Customer,20,Personal Travel,Eco Plus,150,2,4,2,4,2,2,2,2,5,5,5,5,2,3.23,0,0,FALSE
Female,Loyal Customer,13,Business Travel,Eco,816,4,1,5,1,4,4,2,4,3,5,3,2,4,3.23,8,12,FALSE
Male,Loyal Customer,50,Personal Travel,Eco,460,3,4,3,2,2,3,2,2,5,3,5,3,2,3,5,0,FALSE
Male,Loyal Customer,46,Business Travel,Business,160,0,3,0,4,2,1,3,4,4,4,4,3,1,2.54,0,0,TRUE
Female,Disloyal Customer,27,Business Travel,Eco,422,2,0,2,4,3,2,3,3,2,3,3,3,3,2.54,0,0,FALSE
Female,Loyal Customer,61,Business Travel,Business,1521,2,4,2,4,4,3,4,2,2,1,2,2,1,2.54,0,0,FALSE
Female,Loyal Customer,52,Business Travel,Eco,257,2,3,3,3,1,2,2,2,2,2,2,4,4,2.46,0,0,FALSE
Female,Loyal Customer,7,Personal Travel,Eco,82,3,4,0,4,2,0,2,2,1,3,1,5,2,2.23,104,105,FALSE
Female,Loyal Customer,59,Business Travel,Business,2475,4,4,2,4,5,4,5,5,5,5,5,3,5,4.31,0,0,TRUE
Female,Loyal Customer,18,Personal Travel,Eco,624,1,2,1,3,5,1,3,5,2,1,3,3,5,2.69,10,5,FALSE
Male,Loyal Customer,47,Business Travel,Business,1187,4,4,4,4,4,5,4,2,2,2,2,3,3,3.31,0,0,TRUE
Male,Disloyal Customer,39,Business Travel,Business,235,5,5,5,3,5,5,5,5,4,4,4,3,5,4.46,121,118,TRUE
Male,Loyal Customer,38,Business Travel,Business,603,4,1,1,1,4,3,3,4,4,4,4,3,3,3,40,25,FALSE
Male,Loyal Customer,22,Personal Travel,Eco,1999,5,4,5,3,3,5,3,3,4,3,5,5,3,3.92,6,5,TRUE
Female,Disloyal Customer,24,Business Travel,Eco,473,2,3,2,3,5,2,5,5,5,4,1,5,5,3.62,0,0,FALSE
Male,Loyal Customer,27,Personal Travel,Eco Plus,2075,3,5,3,2,1,3,1,1,2,4,3,5,1,2.62,18,51,FALSE
Male,Disloyal Customer,24,Business Travel,Eco,224,2,0,2,2,3,2,3,3,4,4,5,5,3,2.92,0,0,FALSE
Female,Loyal Customer,24,Business Travel,Business,212,0,5,0,3,2,2,2,2,3,3,5,3,2,2.46,1,0,TRUE
Male,Loyal Customer,23,Personal Travel,Eco,569,2,4,2,4,5,2,5,5,5,5,5,3,5,4,0,0,FALSE
Female,Loyal Customer,35,Business Travel,Eco Plus,67,5,2,2,2,5,5,5,5,1,3,5,2,5,3.62,8,5,TRUE
Female,Disloyal Customer,42,Business Travel,Business,317,2,2,2,3,4,2,4,4,4,5,4,5,4,3.46,3,32,FALSE
Male,Loyal Customer,51,Business Travel,Business,2475,4,4,4,4,5,5,5,3,3,5,5,5,5,4.38,8,34,TRUE
Female,Loyal Customer,36,Personal Travel,Eco,632,5,3,4,5,2,4,2,2,3,2,1,1,2,2.77,2,0,TRUE
Female,Loyal Customer,46,Business Travel,Business,1299,1,1,1,1,3,4,4,4,4,4,4,4,4,3,0,0,TRUE
Male,Loyal Customer,50,Business Travel,Eco,566,3,2,2,2,3,3,3,3,1,5,3,1,3,2.62,2,0,FALSE
Female,Loyal Customer,49,Business Travel,Business,507,2,1,1,1,4,3,3,2,2,2,2,1,3,2.08,28,42,FALSE
Male,Loyal Customer,55,Business Travel,Eco,369,5,4,4,4,5,5,5,5,3,5,2,3,5,4.23,0,13,TRUE
Male,Loyal Customer,56,Personal Travel,Eco,1062,2,3,2,3,4,2,4,4,3,3,3,1,4,2.92,27,39,FALSE
Female,Disloyal Customer,35,Business Travel,Eco,755,1,1,1,4,2,1,2,2,1,2,2,3,2,1.85,0,0,FALSE
Male,Loyal Customer,50,Personal Travel,Eco,1562,2,4,2,3,2,2,2,2,3,5,4,3,2,2.77,4,0,FALSE
Female,Disloyal Customer,33,Business Travel,Eco,999,3,3,3,4,1,3,1,1,1,4,3,1,1,2.23,33,19,FALSE
Male,Loyal Customer,47,Business Travel,Eco,584,5,1,3,1,5,5,5,5,4,2,3,4,5,3.69,0,0,TRUE
Female,Loyal Customer,56,Business Travel,Business,1504,1,1,5,1,5,3,2,1,1,1,1,3,2,2.08,58,69,FALSE
Female,Loyal Customer,57,Business Travel,Business,2191,5,5,5,5,5,4,5,4,4,5,4,3,3,4.38,0,0,TRUE
Female,Loyal Customer,38,Business Travel,Eco Plus,1276,3,5,5,5,3,3,3,3,3,4,3,1,3,3.38,0,36,FALSE
Male,Loyal Customer,38,Business Travel,Business,2860,1,1,1,1,1,2,3,5,5,5,5,2,2,2.62,9,0,TRUE
Female,Loyal Customer,38,Business Travel,Business,156,5,5,5,5,4,5,1,4,4,4,5,4,1,4,0,0,TRUE
Female,Loyal Customer,52,Business Travel,Eco,575,5,4,4,4,1,1,1,5,5,5,5,2,1,3.31,0,0,TRUE
Male,Disloyal Customer,23,Business Travel,Eco,448,5,0,5,4,2,5,2,2,5,5,5,4,2,3.54,18,8,TRUE
Female,Loyal Customer,61,Personal Travel,Eco Plus,2300,3,4,3,3,3,1,1,2,2,5,1,1,1,2.31,17,66,FALSE
Female,Disloyal Customer,22,Business Travel,Eco,928,3,2,2,4,2,2,2,2,2,2,3,4,2,2.46,14,15,FALSE
Male,Loyal Customer,66,Business Travel,Business,2342,3,3,3,3,1,3,3,3,3,3,3,1,2,2.62,0,6,FALSE
Male,Loyal Customer,59,Personal Travel,Eco,606,3,4,3,1,1,3,1,1,3,3,4,3,1,2.38,0,0,FALSE
Female,Disloyal Customer,16,Business Travel,Eco,964,2,3,3,2,4,3,3,4,3,5,3,3,4,3.23,16,4,FALSE
Male,Loyal Customer,65,Business Travel,Eco Plus,397,2,1,1,1,2,2,2,2,2,1,3,1,2,1.69,14,8,FALSE
Male,Loyal Customer,52,Business Travel,Business,2361,4,4,4,4,5,4,4,5,5,5,5,4,4,4.38,0,0,TRUE
Female,Loyal Customer,29,Personal Travel,Eco,545,3,5,3,3,5,3,5,5,2,2,5,5,5,3.92,0,0,FALSE
Female,Loyal Customer,54,Business Travel,Eco,365,4,2,2,2,4,3,4,4,4,4,4,1,2,3.08,24,15,FALSE
Female,Loyal Customer,69,Personal Travel,Eco,937,3,4,3,3,5,5,4,2,2,3,5,4,5,3.69,15,3,FALSE
Female,Loyal Customer,36,Business Travel,Business,1780,5,4,5,5,4,2,4,5,5,5,5,1,5,4.23,0,0,TRUE
Female,Loyal Customer,39,Personal Travel,Eco,1747,1,0,1,4,2,1,2,2,3,4,5,5,2,2.46,26,19,FALSE
Female,Loyal Customer,22,Personal Travel,Eco Plus,592,2,4,3,4,3,3,3,3,3,5,1,2,3,3,0,0,FALSE
Male,Loyal Customer,43,Business Travel,Business,337,2,2,2,2,4,4,4,4,4,4,4,3,3,3.23,25,33,TRUE
Male,Loyal Customer,22,Business Travel,Eco Plus,929,3,5,5,5,3,3,3,3,4,3,4,3,3,3.62,43,42,FALSE
Female,Disloyal Customer,23,Business Travel,Eco,222,5,0,5,1,3,5,3,3,3,3,5,5,3,3.38,0,7,TRUE
Male,Loyal Customer,42,Business Travel,Business,354,3,3,3,3,2,3,2,3,3,3,3,3,1,2.69,0,2,FALSE
Male,Loyal Customer,13,Personal Travel,Eco,1984,4,2,4,4,1,4,3,1,2,5,4,4,1,3,0,0,TRUE
Female,Disloyal Customer,38,Business Travel,Business,1576,2,2,2,3,2,2,2,2,5,2,4,4,2,2.62,2,0,FALSE
Male,Loyal Customer,46,Business Travel,Business,2045,3,3,3,3,5,4,5,4,4,4,4,2,5,3.77,0,0,TRUE
Female,Loyal Customer,58,Business Travel,Business,2860,2,2,5,2,5,5,5,5,2,4,4,5,5,3.92,15,21,TRUE
Female,Loyal Customer,19,Personal Travel,Eco,1171,1,4,1,3,1,1,1,1,5,5,4,5,1,2.54,15,22,FALSE
Male,Loyal Customer,13,Personal Travel,Eco,157,2,5,0,5,1,0,1,1,3,3,1,5,1,2.15,0,0,FALSE
Male,Loyal Customer,53,Business Travel,Business,607,2,2,2,2,2,4,4,5,5,5,5,5,4,3.62,22,9,TRUE
Male,Loyal Customer,54,Personal Travel,Business,159,1,5,1,4,3,4,4,1,1,1,1,4,4,2.62,0,0,FALSE
Male,Loyal Customer,42,Business Travel,Business,2486,5,5,3,5,4,4,4,2,2,2,2,4,4,3.54,0,0,TRUE
Female,Loyal Customer,55,Business Travel,Business,3750,1,1,1,1,5,4,5,5,5,5,5,4,3,3.46,0,0,TRUE
Female,Loyal Customer,69,Personal Travel,Business,1721,3,1,3,3,2,2,3,3,3,3,3,2,2,2.54,12,38,FALSE
Female,Loyal Customer,56,Personal Travel,Eco Plus,612,1,3,1,1,2,2,5,5,5,1,5,4,5,3.08,2,0,FALSE
Female,Loyal Customer,56,Personal Travel,Eco,761,1,2,1,3,4,4,4,1,1,1,1,4,3,2.31,71,58,FALSE
Male,Loyal Customer,58,Business Travel,Business,3282,4,4,4,4,3,4,4,5,5,5,5,3,5,4.23,28,24,TRUE
Female,Loyal Customer,42,Business Travel,Business,3680,2,2,2,2,3,4,4,4,4,4,4,4,3,3.23,0,0,TRUE
Female,Loyal Customer,15,Personal Travel,Eco,407,3,3,3,3,3,3,3,3,1,2,4,2,3,2.77,0,0,FALSE
Female,Loyal Customer,33,Business Travel,Business,3705,1,1,1,1,4,3,4,1,1,1,1,3,4,2,0,14,FALSE
Female,Loyal Customer,7,Personal Travel,Business,181,1,1,1,3,3,1,3,3,4,1,3,1,3,2.15,0,0,FALSE
Female,Loyal Customer,59,Business Travel,Business,2387,4,4,4,4,2,5,5,4,4,4,4,5,3,4,0,0,TRUE
Female,Loyal Customer,65,Business Travel,Eco Plus,2248,3,1,1,1,4,2,4,3,3,3,3,2,2,2.46,0,0,FALSE
Male,Loyal Customer,41,Business Travel,Business,2208,2,2,4,2,2,4,3,2,2,1,2,3,1,2.31,16,11,FALSE
Female,Loyal Customer,55,Personal Travel,Eco,651,1,4,1,3,3,3,4,1,1,1,1,1,3,2.08,10,14,FALSE
Male,Loyal Customer,58,Business Travel,Eco,287,4,5,5,5,4,4,4,4,1,5,4,3,4,4,0,1,TRUE
Female,Loyal Customer,44,Personal Travel,Eco,1109,3,4,3,4,4,5,5,1,1,3,1,5,3,3.23,0,31,FALSE
Male,Loyal Customer,7,Personal Travel,Eco,1605,3,4,3,3,3,3,4,3,4,4,5,5,3,3.62,15,0,FALSE
Female,Loyal Customer,45,Business Travel,Business,1999,2,2,2,2,2,5,4,3,3,3,3,3,5,3,0,0,TRUE
Female,Loyal Customer,47,Business Travel,Business,213,2,1,1,1,5,2,2,3,3,3,2,1,2,2.15,74,63,FALSE
Female,Loyal Customer,45,Business Travel,Business,395,1,1,1,1,2,4,5,4,4,5,4,3,3,2.92,56,49,TRUE
Female,Loyal Customer,58,Business Travel,Business,1972,1,5,5,5,4,4,3,1,1,1,1,2,2,2.69,0,0,FALSE
Female,Disloyal Customer,25,Business Travel,Business,628,2,0,2,1,2,2,2,2,4,2,5,5,2,2.38,0,0,FALSE
Male,Loyal Customer,59,Business Travel,Business,462,1,1,1,1,3,1,2,1,1,2,1,1,1,1.31,0,1,TRUE
Female,Loyal Customer,47,Personal Travel,Eco,468,2,4,2,2,4,4,4,4,4,2,4,3,5,3.38,45,51,FALSE
Male,Loyal Customer,31,Business Travel,Business,1852,5,3,5,5,5,5,5,5,5,5,5,1,5,4.54,15,37,TRUE
Male,Loyal Customer,17,Personal Travel,Eco,405,0,4,0,4,4,0,4,4,4,3,3,1,4,2.69,14,14,TRUE
Female,Disloyal Customer,28,Business Travel,Eco,971,3,3,3,3,2,3,2,2,1,1,3,3,2,2.38,0,0,FALSE
Female,Loyal Customer,27,Personal Travel,Eco,1099,3,4,3,1,5,3,5,5,1,2,5,1,5,3.31,1,1,FALSE
Male,Loyal Customer,36,Personal Travel,Eco,2704,3,1,2,2,2,2,4,1,5,2,2,4,4,2.62,8,39,FALSE
Female,Loyal Customer,32,Business Travel,Eco,438,2,4,4,4,2,2,2,2,1,1,2,1,2,2.23,1,11,FALSE
Female,Loyal Customer,50,Business Travel,Business,1390,1,1,1,1,4,5,4,4,4,4,4,3,5,3.15,21,0,TRUE
Male,Loyal Customer,45,Personal Travel,Eco,1147,1,5,1,3,2,1,2,2,4,3,4,4,2,2.62,19,0,FALSE
Female,Loyal Customer,42,Business Travel,Eco,1014,5,4,4,4,2,1,3,5,5,5,5,3,3,3.77,117,100,TRUE
Female,Disloyal Customer,27,Business Travel,Eco,425,3,1,3,3,4,3,4,4,4,3,2,3,4,3.15,2,0,FALSE
Male,Loyal Customer,25,Personal Travel,Eco,834,3,1,3,3,2,3,2,2,4,5,4,2,2,2.77,0,0,FALSE
Female,Disloyal Customer,25,Business Travel,Eco,488,3,4,3,3,1,3,1,1,2,1,3,4,1,2.31,10,0,FALSE
Male,Loyal Customer,62,Business Travel,Eco Plus,383,4,2,2,2,4,4,4,4,1,4,3,3,4,3.15,7,14,TRUE
Male,Loyal Customer,33,Personal Travel,Business,733,2,2,2,4,4,2,4,4,1,3,4,1,4,2.85,57,38,FALSE
Male,Disloyal Customer,13,Business Travel,Eco,550,2,2,2,4,1,2,1,1,2,4,3,1,1,2,0,0,FALSE
Female,Loyal Customer,65,Personal Travel,Eco,2614,4,2,4,3,4,2,2,3,2,3,3,2,2,2.77,0,0,TRUE
Male,Disloyal Customer,30,Business Travel,Eco,584,2,2,2,4,2,2,2,1,1,3,4,2,2,2.23,135,134,FALSE
Male,Loyal Customer,38,Business Travel,Business,3653,4,4,4,4,4,4,4,3,3,4,3,4,3,3.69,0,0,TRUE
Male,Disloyal Customer,30,Business Travel,Business,1069,3,3,3,2,4,3,4,4,2,5,3,5,4,3.46,0,0,FALSE
Male,Loyal Customer,56,Business Travel,Business,1000,3,3,3,3,4,4,1,4,4,5,4,1,2,3.15,10,0,TRUE
Female,Disloyal Customer,22,Business Travel,Business,1180,5,5,5,2,2,5,2,2,3,5,5,4,2,3.62,0,0,TRUE
Female,Disloyal Customer,26,Business Travel,Business,345,5,0,5,3,1,5,1,1,3,3,4,4,1,2.77,14,12,TRUE
Male,Loyal Customer,28,Personal Travel,Eco Plus,351,3,3,3,2,5,3,5,5,1,1,3,2,5,3.15,0,0,FALSE
Male,Loyal Customer,9,Personal Travel,Eco,483,2,5,2,2,4,2,4,4,1,2,4,1,4,2.85,0,13,FALSE
Female,Loyal Customer,7,Personal Travel,Eco,895,3,4,3,3,3,3,3,3,1,1,4,2,3,2.77,1,0,FALSE
Male,Disloyal Customer,23,Business Travel,Eco,414,3,4,3,3,2,3,2,2,3,5,4,4,2,3.08,1,0,FALSE
Female,Loyal Customer,50,Business Travel,Business,1571,4,3,3,3,4,2,2,4,4,4,4,1,4,3.23,56,47,FALSE
Male,Loyal Customer,64,Personal Travel,Eco,1521,3,4,3,3,5,3,5,5,1,1,2,5,5,3.46,46,67,FALSE
Female,Loyal Customer,48,Personal Travel,Eco,2565,2,3,2,5,2,3,2,5,5,4,3,2,2,3.08,0,0,FALSE
Male,Loyal Customer,26,Personal Travel,Eco,122,4,4,4,3,5,4,5,5,3,1,4,3,5,3.85,1,0,TRUE
Female,Disloyal Customer,40,Business Travel,Business,427,4,4,4,4,2,4,3,2,4,2,4,1,2,3.08,1,0,FALSE
Male,Disloyal Customer,26,Business Travel,Business,844,0,0,0,3,2,0,2,2,3,4,5,5,2,2.15,0,0,TRUE
Male,Loyal Customer,38,Business Travel,Business,3193,3,3,3,3,5,3,3,5,5,5,4,1,5,3.69,10,3,TRUE
Female,Loyal Customer,44,Business Travel,Business,366,1,1,1,1,3,5,4,4,4,4,4,3,4,3,8,43,TRUE
Female,Disloyal Customer,36,Business Travel,Business,369,1,1,1,1,4,1,4,4,4,4,5,5,4,3,42,40,FALSE
Male,Loyal Customer,55,Personal Travel,Business,173,1,5,1,1,2,5,1,2,2,1,2,2,5,2.31,25,22,FALSE
Male,Disloyal Customer,49,Business Travel,Eco,788,2,2,2,3,2,2,2,1,3,3,4,2,2,2.31,222,225,FALSE
Male,Disloyal Customer,10,Business Travel,Eco,908,5,5,5,4,4,5,3,4,3,2,5,4,4,4.08,20,0,TRUE
Female,Loyal Customer,38,Personal Travel,Eco,261,5,5,5,1,5,5,5,5,4,3,1,4,5,4.08,0,0,TRUE
Male,Loyal Customer,51,Business Travel,Business,1449,4,4,4,4,4,5,5,5,5,5,5,3,4,4.38,4,0,TRUE
Female,Loyal Customer,18,Personal Travel,Eco,376,3,4,3,4,1,3,3,1,4,5,5,4,1,3.15,46,41,FALSE
Male,Loyal Customer,35,Business Travel,Business,3126,3,3,5,3,5,4,5,4,4,4,4,5,4,4.08,0,0,TRUE
Male,Loyal Customer,33,Business Travel,Business,1697,3,4,4,4,3,2,3,3,1,5,4,1,3,3.08,0,13,FALSE
Female,Loyal Customer,40,Business Travel,Eco,645,2,3,3,3,2,2,2,2,2,5,2,1,2,2.38,73,64,TRUE
Male,Loyal Customer,23,Business Travel,Business,2513,0,0,0,3,2,2,2,2,4,2,5,3,2,2.08,0,0,TRUE
Male,Loyal Customer,41,Business Travel,Business,936,1,1,1,1,3,5,5,4,4,4,4,4,5,3.23,0,0,TRUE
Male,Disloyal Customer,47,Business Travel,Eco,448,3,2,3,4,2,3,2,2,1,5,3,3,2,2.69,52,46,FALSE
Female,Loyal Customer,8,Personal Travel,Eco,1315,1,5,1,4,1,1,1,1,4,3,5,3,1,2.38,0,0,FALSE
Male,Loyal Customer,55,Personal Travel,Eco,361,2,4,2,5,3,2,3,3,5,5,5,3,3,3.46,0,0,FALSE
Female,Loyal Customer,42,Business Travel,Business,562,5,5,5,5,2,4,5,3,3,4,3,3,4,3.92,94,86,TRUE
Female,Disloyal Customer,38,Business Travel,Eco,365,1,4,1,4,2,1,2,2,3,1,4,3,2,2.31,1,0,FALSE
Female,Loyal Customer,29,Business Travel,Business,628,2,3,3,3,2,2,2,2,1,1,3,2,2,2.15,0,0,FALSE
Female,Loyal Customer,12,Business Travel,Business,3468,2,2,1,2,2,2,2,2,3,3,1,5,2,2.23,0,11,TRUE
Male,Disloyal Customer,59,Business Travel,Eco,409,4,2,4,4,3,4,3,3,3,4,5,3,3,3.46,0,5,TRUE
Female,Loyal Customer,51,Personal Travel,Eco,468,2,4,2,3,5,3,4,2,2,2,2,1,2,2.62,1,30,FALSE
Female,Loyal Customer,39,Business Travel,Business,2440,1,1,1,1,3,5,4,4,4,4,4,5,5,3.23,20,10,TRUE
Male,Loyal Customer,35,Business Travel,Business,370,2,2,2,2,3,5,5,3,3,3,3,3,3,3,10,4,TRUE
Male,Loyal Customer,54,Business Travel,Eco,952,4,3,3,3,5,4,5,5,2,4,3,4,5,3.85,0,0,TRUE
Female,Loyal Customer,66,Personal Travel,Eco,366,3,3,3,4,1,4,4,2,2,3,2,1,2,2.62,0,0,FALSE
Female,Loyal Customer,53,Business Travel,Eco,73,4,3,3,3,1,5,4,4,4,4,4,5,5,3.77,17,13,TRUE
Male,Loyal Customer,14,Personal Travel,Eco,599,4,5,4,5,3,4,3,3,3,2,5,1,3,3.46,0,0,FALSE
Female,Loyal Customer,43,Business Travel,Eco,2342,1,4,4,4,3,2,4,1,1,1,1,2,1,2.23,2,13,FALSE
Female,Loyal Customer,36,Personal Travel,Eco,352,3,3,3,2,3,3,3,3,4,1,4,2,3,2.85,0,12,FALSE
Female,Disloyal Customer,56,Business Travel,Eco,213,3,4,2,1,4,2,4,4,3,3,1,3,4,2.92,0,0,FALSE
Male,Loyal Customer,43,Personal Travel,Eco,950,4,1,4,3,3,4,4,3,4,5,3,3,3,3.38,49,32,FALSE
Female,Loyal Customer,57,Business Travel,Eco,967,1,5,3,3,4,3,3,1,1,1,1,2,3,2.38,5,0,FALSE
Male,Loyal Customer,57,Business Travel,Business,335,3,3,3,3,5,4,5,5,5,5,5,4,4,4.15,0,0,TRUE
Female,Loyal Customer,43,Business Travel,Business,2066,0,0,0,3,4,4,4,1,1,1,1,4,5,2.15,0,0,TRUE
Female,Loyal Customer,46,Business Travel,Business,371,4,4,4,4,3,5,5,2,2,2,2,3,3,3.31,9,9,TRUE
Male,Loyal Customer,60,Personal Travel,Eco,684,2,4,2,2,2,2,2,2,4,4,5,5,2,2.92,0,0,FALSE
Male,Disloyal Customer,23,Business Travel,Eco,1373,2,2,2,2,2,2,2,2,4,1,4,2,2,2.23,0,0,FALSE
Female,Loyal Customer,33,Business Travel,Business,2248,1,1,1,1,4,3,3,5,4,4,4,3,3,2.85,317,324,TRUE
Male,Loyal Customer,25,Business Travel,Business,990,4,4,4,4,5,5,5,5,1,1,4,2,5,3.77,0,0,TRUE
Female,Disloyal Customer,22,Business Travel,Eco,1355,3,3,3,2,3,3,3,3,1,5,2,3,3,2.85,18,19,FALSE
Male,Loyal Customer,35,Business Travel,Business,3946,4,4,4,4,5,3,4,5,5,4,5,3,1,3.92,0,0,TRUE
Female,Loyal Customer,37,Personal Travel,Eco Plus,2218,1,2,1,3,1,1,1,1,4,1,3,4,1,1.85,0,0,FALSE
Female,Loyal Customer,65,Business Travel,Eco,964,4,2,2,2,1,5,5,4,4,4,4,2,4,3.31,0,0,TRUE
Female,Disloyal Customer,37,Business Travel,Eco,101,2,0,1,3,3,1,3,3,5,1,5,3,3,2.54,0,0,FALSE
Female,Loyal Customer,52,Business Travel,Eco,761,5,1,1,1,1,1,5,5,5,5,5,3,5,3.31,0,0,TRUE
Male,Disloyal Customer,18,Business Travel,Eco,547,0,0,0,4,2,0,2,2,4,2,3,1,2,1.69,17,0,TRUE
Male,Disloyal Customer,20,Business Travel,Eco,370,4,0,4,5,4,4,4,4,2,5,2,5,4,3.62,0,0,FALSE
Male,Loyal Customer,40,Business Travel,Business,2779,2,2,2,2,4,5,5,5,5,5,5,3,4,3.77,1,0,TRUE
Female,Loyal Customer,33,Personal Travel,Eco,373,4,0,4,5,4,4,4,4,5,4,4,5,4,3.92,27,28,FALSE
Female,Loyal Customer,30,Business Travel,Business,3293,3,2,3,3,4,4,3,4,2,5,1,3,4,3.15,3,0,TRUE
Female,Disloyal Customer,43,Business Travel,Eco,226,4,0,4,3,4,4,3,4,5,1,1,5,4,3.23,3,0,FALSE
Female,Loyal Customer,52,Business Travel,Eco,222,3,2,2,2,5,4,2,3,3,3,3,5,2,3,0,0,TRUE
Male,Loyal Customer,49,Business Travel,Business,526,3,3,1,3,2,5,2,4,4,4,4,5,5,3.46,48,51,TRUE
Male,Loyal Customer,45,Personal Travel,Eco,226,4,4,4,2,4,4,4,4,5,4,4,5,4,4,0,0,FALSE
Female,Loyal Customer,55,Business Travel,Business,2872,2,1,1,1,5,3,3,2,2,2,2,1,4,2.23,6,0,FALSE
Female,Loyal Customer,42,Business Travel,Business,1372,4,4,4,4,5,5,5,5,5,5,5,4,5,4.62,0,26,TRUE
Male,Loyal Customer,41,Personal Travel,Eco,746,1,1,1,2,2,1,2,2,1,2,3,2,2,1.69,25,32,FALSE
Female,Loyal Customer,27,Business Travel,Business,3186,3,3,3,3,4,4,4,4,2,2,4,1,4,3.15,109,120,TRUE
Female,Loyal Customer,40,Business Travel,Business,3473,1,1,1,1,5,4,4,3,3,4,3,3,3,2.77,0,0,TRUE
Female,Disloyal Customer,22,Business Travel,Eco,1086,1,1,1,3,5,1,5,5,2,3,3,3,5,2.92,0,0,FALSE
Male,Loyal Customer,65,Business Travel,Eco,297,3,5,5,5,4,3,4,4,2,4,3,4,4,3.85,40,26,FALSE
Male,Loyal Customer,38,Business Travel,Eco,1334,3,2,2,2,3,3,3,3,3,2,4,3,3,2.77,15,0,FALSE
Female,Loyal Customer,34,Business Travel,Business,3951,1,3,3,3,2,4,3,1,1,1,1,4,4,2.38,0,0,FALSE
Male,Loyal Customer,58,Personal Travel,Eco,238,1,4,1,3,1,1,1,1,5,3,5,5,1,2.46,0,13,FALSE
Female,Loyal Customer,49,Business Travel,Eco,308,3,5,5,5,4,4,4,3,3,3,3,4,1,3.62,0,0,FALSE
Male,Loyal Customer,59,Business Travel,Business,1390,2,2,5,2,2,5,4,4,4,4,4,4,5,3.62,15,8,TRUE
Male,Loyal Customer,32,Business Travel,Business,3749,4,4,4,4,2,2,2,2,3,3,3,4,2,3,0,0,TRUE
Male,Loyal Customer,46,Personal Travel,Eco,342,1,2,1,3,2,1,2,2,2,3,3,4,2,2.15,6,0,FALSE
Female,Loyal Customer,58,Business Travel,Business,3893,1,1,1,1,2,4,4,4,4,4,4,5,3,2.92,23,16,TRUE
Male,Loyal Customer,60,Business Travel,Business,220,1,1,1,1,4,4,5,5,5,5,5,4,5,3.54,0,0,TRUE
Male,Loyal Customer,32,Business Travel,Eco Plus,651,5,1,1,1,5,5,5,5,4,4,4,1,5,3.54,0,0,TRUE
Female,Loyal Customer,61,Personal Travel,Eco,332,1,5,1,4,5,4,5,2,2,1,2,4,5,3.15,0,0,FALSE
Female,Loyal Customer,48,Business Travel,Business,1671,4,4,4,4,5,5,4,4,4,4,4,4,5,4.23,0,0,TRUE
Female,Loyal Customer,28,Personal Travel,Eco,349,4,5,4,3,2,4,2,2,5,2,4,4,2,3.31,0,2,FALSE
Male,Loyal Customer,27,Personal Travel,Eco,2454,4,5,4,3,4,3,3,3,5,5,5,3,3,3.85,7,0,TRUE
Male,Loyal Customer,27,Business Travel,Business,577,3,3,3,3,4,4,4,4,1,5,2,4,4,3.38,35,17,TRUE
Female,Loyal Customer,53,Business Travel,Eco,749,2,4,4,4,2,3,3,2,2,2,2,4,2,2.77,52,35,FALSE
Male,Loyal Customer,39,Business Travel,Business,2130,2,3,3,3,4,3,3,2,2,2,2,4,2,2.69,14,27,FALSE
Female,Loyal Customer,49,Business Travel,Business,1448,1,1,1,1,1,5,3,5,5,4,5,2,4,2.92,6,0,TRUE
Male,Loyal Customer,33,Personal Travel,Eco,1979,1,4,1,4,1,1,1,1,5,1,1,1,1,1.77,0,0,FALSE
Female,Loyal Customer,51,Business Travel,Business,1646,4,4,2,4,3,4,4,3,3,3,3,4,4,3.46,0,0,TRUE
Male,Loyal Customer,44,Business Travel,Business,2832,4,4,4,4,5,5,5,2,2,3,3,5,5,3.92,161,175,TRUE
Female,Loyal Customer,58,Business Travel,Business,1609,5,5,5,5,3,5,5,4,4,4,4,3,5,4.38,0,0,TRUE
Male,Loyal Customer,30,Business Travel,Business,2139,3,3,3,3,4,4,4,4,5,3,5,4,4,3.77,78,68,TRUE
Female,Disloyal Customer,38,Business Travel,Business,937,1,1,1,4,5,1,5,5,3,2,5,5,5,3.31,0,0,FALSE
Male,Loyal Customer,43,Business Travel,Eco,643,5,2,2,2,4,5,4,4,1,1,2,5,4,3.15,2,0,TRUE
Male,Loyal Customer,56,Personal Travel,Eco,125,4,4,4,4,2,4,2,2,5,5,2,4,2,3.38,0,0,FALSE
Female,Disloyal Customer,21,Business Travel,Business,448,4,2,4,5,2,4,2,2,4,4,5,3,2,3.31,0,0,TRUE
Female,Disloyal Customer,23,Business Travel,Eco,725,3,3,3,4,1,3,1,1,3,4,4,1,1,2.46,11,18,FALSE
Female,Loyal Customer,53,Business Travel,Business,758,5,5,5,5,4,5,5,4,4,4,4,4,5,4.54,0,0,TRUE
Female,Disloyal Customer,25,Business Travel,Business,1436,5,0,5,2,3,5,5,3,5,4,4,4,3,3.69,0,0,TRUE
Female,Disloyal Customer,35,Business Travel,Eco,2153,4,4,4,2,4,4,4,4,3,1,2,4,4,3.38,0,0,FALSE
Male,Disloyal Customer,25,Business Travel,Business,834,4,0,4,2,3,4,3,3,5,2,4,4,3,3.15,0,5,FALSE
Female,Loyal Customer,26,Business Travel,Eco,964,4,5,3,5,4,4,5,4,3,4,1,5,4,3.92,0,0,TRUE
Male,Loyal Customer,18,Personal Travel,Eco,921,0,4,0,4,3,0,3,3,4,3,4,5,3,2.77,1,0,TRUE
Male,Loyal Customer,68,Personal Travel,Eco,174,3,4,3,4,3,3,3,3,3,3,5,4,3,3.38,0,0,FALSE
Male,Loyal Customer,61,Personal Travel,Eco,612,4,0,4,3,1,4,1,1,4,5,4,3,1,2.69,18,10,FALSE
Male,Loyal Customer,40,Business Travel,Business,157,0,4,0,4,3,4,5,3,3,3,3,3,5,3.08,95,122,TRUE
Male,Loyal Customer,39,Business Travel,Business,86,4,3,4,4,5,3,5,5,5,5,3,4,3,4.08,0,0,TRUE
Male,Loyal Customer,65,Personal Travel,Eco,591,1,5,1,1,4,1,4,4,3,3,4,5,4,3.08,20,20,FALSE
Female,Loyal Customer,23,Personal Travel,Eco,1010,2,4,2,3,2,2,2,4,5,1,4,2,2,2.69,102,190,FALSE
Female,Loyal Customer,62,Business Travel,Business,3467,3,3,3,3,1,5,4,5,5,5,5,2,2,3.54,0,0,TRUE
Female,Loyal Customer,48,Business Travel,Business,2706,2,2,2,2,4,5,5,5,5,5,5,4,4,3.85,36,40,TRUE
Female,Loyal Customer,50,Personal Travel,Eco,978,4,5,4,3,2,5,5,5,5,4,4,4,3,4.08,0,0,FALSE
Female,Disloyal Customer,23,Business Travel,Eco,859,2,2,2,1,5,2,5,5,5,4,4,3,5,3.46,17,21,FALSE
Female,Loyal Customer,57,Business Travel,Business,3273,4,4,4,4,3,5,4,4,4,5,4,3,5,4.08,64,51,TRUE
Female,Loyal Customer,39,Business Travel,Business,2614,4,4,4,4,4,4,5,5,5,5,5,5,5,4.54,23,17,TRUE
Male,Loyal Customer,61,Business Travel,Eco,451,5,3,3,3,5,5,5,5,1,5,2,2,5,3.77,0,0,TRUE
Male,Loyal Customer,30,Business Travel,Business,3496,3,3,3,3,2,2,2,2,3,2,5,4,2,2.77,0,0,TRUE
Female,Loyal Customer,39,Business Travel,Eco,101,4,2,2,2,4,4,4,4,3,2,4,3,4,3.23,2,13,TRUE
Female,Disloyal Customer,22,Business Travel,Eco,308,1,4,1,2,4,1,2,4,3,2,4,3,4,2.69,11,10,FALSE
Female,Loyal Customer,16,Business Travel,Business,1979,4,4,4,4,4,4,4,4,3,4,4,5,4,4,7,2,TRUE
Female,Loyal Customer,36,Personal Travel,Eco,544,2,4,2,4,1,2,1,1,4,4,3,4,1,2.54,46,30,FALSE
Female,Loyal Customer,47,Business Travel,Business,2143,3,3,3,3,5,4,5,4,4,4,4,3,3,3.69,104,109,TRUE
Male,Disloyal Customer,59,Business Travel,Business,151,3,3,3,3,5,3,5,5,4,2,5,4,5,3.85,10,2,FALSE
Female,Disloyal Customer,21,Business Travel,Business,280,5,0,5,1,3,5,3,3,4,3,5,4,3,3.38,0,0,TRUE
Female,Loyal Customer,51,Personal Travel,Business,612,2,1,3,3,1,3,2,2,2,3,3,1,2,2.15,0,0,FALSE
Male,Loyal Customer,56,Business Travel,Business,2013,3,3,3,3,3,4,5,4,4,4,4,5,3,3.69,0,0,TRUE
Female,Disloyal Customer,43,Business Travel,Business,296,4,4,4,4,2,4,2,2,1,5,3,1,2,2.92,0,0,FALSE
Female,Loyal Customer,45,Business Travel,Eco,522,4,3,3,3,5,4,3,4,4,4,4,3,4,3.69,99,87,TRUE
Male,Loyal Customer,44,Business Travel,Eco,607,4,4,3,4,4,4,4,4,5,5,2,2,4,3.77,66,60,TRUE
Female,Loyal Customer,55,Business Travel,Business,2511,1,3,3,3,3,3,4,1,1,1,1,4,2,2.31,0,0,FALSE
Female,Loyal Customer,21,Personal Travel,Eco,157,0,4,0,4,5,0,5,5,5,2,4,5,5,3.38,0,0,TRUE
Male,Loyal Customer,21,Business Travel,Eco,391,5,5,4,5,4,3,5,4,5,4,3,5,5,4.38,176,177,FALSE
Male,Loyal Customer,45,Personal Travel,Eco,1475,3,4,3,4,1,3,1,1,4,5,5,5,1,3.08,0,0,FALSE
Male,Loyal Customer,36,Business Travel,Business,255,1,1,1,1,2,4,3,1,1,1,1,1,2,1.54,0,0,FALSE
Female,Loyal Customer,47,Business Travel,Business,1416,5,5,5,5,4,5,5,4,4,4,4,3,3,4.31,0,0,TRUE
Male,Loyal Customer,36,Business Travel,Eco,399,5,5,5,5,5,5,5,5,2,4,1,3,5,4.23,0,0,TRUE
Male,Loyal Customer,35,Personal Travel,Eco,399,4,4,3,2,3,3,4,3,4,3,5,5,3,3.54,0,0,TRUE
Male,Loyal Customer,36,Business Travel,Business,2556,3,3,3,3,4,4,4,4,2,4,5,4,4,3.62,6,9,TRUE
Male,Loyal Customer,10,Personal Travel,Eco Plus,937,5,4,5,1,3,5,3,3,5,1,1,5,3,3.38,0,0,TRUE
Male,Loyal Customer,17,Personal Travel,Eco,237,3,5,0,2,2,0,2,2,4,2,4,3,2,2.38,8,45,FALSE
Male,Loyal Customer,43,Business Travel,Business,2333,1,3,1,1,5,5,5,3,3,3,3,5,4,3.23,119,125,TRUE
Male,Disloyal Customer,36,Business Travel,Business,2447,3,3,3,3,2,3,1,2,4,4,4,4,2,2.92,0,0,FALSE
Female,Loyal Customer,63,Personal Travel,Eco,605,2,4,2,4,5,4,5,1,1,2,1,5,4,3.08,0,0,FALSE
Male,Loyal Customer,46,Business Travel,Business,3422,3,3,3,3,5,4,3,4,4,4,4,4,3,3.62,10,21,TRUE
Female,Loyal Customer,33,Business Travel,Business,3432,2,2,2,2,5,3,2,4,4,4,4,3,2,3,0,0,TRUE
Male,Loyal Customer,53,Business Travel,Eco,929,4,3,3,3,3,4,3,3,4,2,2,4,3,3.15,0,0,FALSE
Female,Disloyal Customer,22,Business Travel,Eco,1096,4,4,4,1,4,4,4,4,4,2,4,5,4,3.69,41,21,FALSE
Male,Loyal Customer,39,Business Travel,Business,837,1,1,1,1,5,2,1,4,4,4,4,3,2,2.54,0,4,TRUE
Male,Loyal Customer,55,Business Travel,Business,1310,2,2,2,2,4,5,5,5,4,5,4,5,5,3.85,135,136,TRUE
Male,Loyal Customer,49,Business Travel,Business,3072,4,4,5,4,3,5,1,5,5,5,5,1,2,3.77,0,0,TRUE
Male,Loyal Customer,34,Personal Travel,Eco,137,3,0,3,4,5,3,5,5,5,3,4,3,5,3.69,0,0,FALSE
Female,Loyal Customer,13,Personal Travel,Eco,1723,3,1,3,3,5,3,5,5,1,4,2,2,5,3.23,0,32,FALSE
Female,Loyal Customer,16,Personal Travel,Eco,236,2,2,2,2,1,2,1,1,3,4,2,1,1,1.85,0,0,FALSE
Male,Loyal Customer,54,Personal Travel,Eco,370,2,0,2,3,5,2,4,5,4,5,5,3,5,3.46,0,7,FALSE
Male,Loyal Customer,59,Business Travel,Business,3986,2,5,5,5,4,3,4,2,2,2,2,4,1,3.15,0,14,FALSE
Female,Loyal Customer,55,Business Travel,Business,3980,1,1,3,1,4,4,4,5,5,5,5,4,4,3.54,0,0,TRUE
Female,Loyal Customer,61,Personal Travel,Eco,674,0,4,1,2,3,4,4,1,1,1,1,4,5,2.38,0,0,TRUE
Male,Loyal Customer,47,Business Travel,Business,1575,5,5,5,5,3,5,5,5,5,5,5,4,4,4.69,0,0,TRUE
Female,Loyal Customer,58,Business Travel,Business,2797,1,1,1,1,4,5,5,5,5,5,5,5,3,3.54,0,0,TRUE
Female,Loyal Customer,45,Personal Travel,Eco,355,5,4,5,4,4,3,3,3,3,5,3,1,2,3.46,0,1,TRUE
Male,Loyal Customer,29,Business Travel,Eco,528,2,3,3,3,2,2,2,2,1,5,4,4,2,2.69,95,91,FALSE
Female,Loyal Customer,56,Business Travel,Business,1608,4,2,5,2,5,2,4,4,4,4,4,3,2,3.46,9,10,FALSE
Female,Disloyal Customer,24,Business Travel,Business,584,4,0,4,4,3,4,4,3,3,4,5,3,3,3.38,27,8,TRUE
Female,Loyal Customer,70,Personal Travel,Eco,590,2,3,2,3,5,4,4,5,5,2,4,1,4,3.38,3,0,FALSE
Male,Loyal Customer,61,Personal Travel,Eco,127,4,3,4,4,2,4,4,2,1,4,3,4,2,3.15,0,0,FALSE
Male,Loyal Customer,53,Business Travel,Business,2041,3,1,3,3,4,4,5,5,5,5,5,3,3,3.77,3,0,TRUE
Female,Loyal Customer,51,Business Travel,Business,120,5,5,5,5,2,5,5,3,3,4,5,4,5,4.31,63,69,TRUE
Male,Loyal Customer,19,Personal Travel,Eco,163,2,4,2,4,1,2,1,1,4,4,3,1,1,2.31,0,0,FALSE
Female,Loyal Customer,59,Personal Travel,Eco,297,1,3,1,3,1,2,2,5,5,1,5,1,3,2.54,15,2,FALSE
Female,Loyal Customer,47,Personal Travel,Eco,120,4,4,4,3,2,4,4,1,1,4,4,2,3,3.08,0,0,FALSE
Female,Loyal Customer,49,Business Travel,Business,1744,1,1,1,1,4,5,5,5,5,5,5,5,5,3.69,12,0,TRUE
Female,Loyal Customer,63,Personal Travel,Eco,311,1,5,1,1,5,5,4,2,2,1,2,3,3,2.69,0,4,FALSE
Female,Disloyal Customer,24,Business Travel,Eco,813,2,2,2,3,5,2,5,5,1,3,4,1,5,3.08,0,7,FALSE
Female,Loyal Customer,33,Business Travel,Business,1862,2,2,2,2,3,4,5,4,4,5,4,3,3,3.31,0,0,TRUE
Female,Loyal Customer,28,Personal Travel,Business,1216,3,1,3,3,5,3,5,5,1,1,4,3,5,3.23,3,0,FALSE
Female,Loyal Customer,45,Business Travel,Business,967,5,2,5,5,2,5,4,4,4,4,4,5,4,4.08,44,20,TRUE
Female,Loyal Customer,49,Business Travel,Eco,1139,1,3,4,3,4,4,4,1,1,1,1,2,4,2.54,9,0,FALSE
Female,Disloyal Customer,25,Business Travel,Business,577,3,4,3,1,4,3,5,4,3,5,5,3,4,3.62,0,0,FALSE
Male,Disloyal Customer,21,Business Travel,Eco,594,4,0,4,3,4,4,4,4,5,3,4,5,4,3.69,0,0,FALSE
Male,Loyal Customer,21,Business Travel,Business,1561,4,4,4,4,5,5,5,5,4,1,2,3,5,3.92,0,0,TRUE
Male,Loyal Customer,35,Business Travel,Business,1610,4,4,4,4,3,5,5,4,4,4,4,3,5,4.08,20,18,TRUE
Male,Loyal Customer,69,Personal Travel,Eco,1090,3,2,3,4,4,3,2,4,1,1,4,3,4,2.92,13,0,FALSE
Male,Loyal Customer,58,Business Travel,Business,2640,4,4,4,4,4,4,4,2,2,3,5,4,4,3.69,3,0,TRUE
Female,Loyal Customer,20,Personal Travel,Eco,1096,4,3,4,1,3,4,3,3,1,1,4,5,3,3,0,0,FALSE
Female,Loyal Customer,7,Personal Travel,Eco,1744,1,5,1,4,4,1,1,4,4,4,4,5,4,3.23,4,22,FALSE
Female,Loyal Customer,38,Business Travel,Business,3939,3,3,3,3,3,3,4,3,3,3,3,3,2,3,0,0,FALSE
Male,Loyal Customer,60,Business Travel,Eco,173,3,5,5,5,3,3,3,3,2,5,3,1,3,3.38,49,49,FALSE
Male,Disloyal Customer,24,Business Travel,Business,239,0,5,0,4,3,0,3,3,4,4,4,5,3,2.92,106,105,TRUE
Male,Loyal Customer,54,Business Travel,Business,2800,0,5,1,4,2,5,4,3,3,3,3,5,5,3.31,8,5,TRUE
Female,Loyal Customer,53,Business Travel,Eco,189,5,1,1,1,5,5,5,5,5,5,5,5,4,4,0,0,TRUE
Male,Loyal Customer,64,Personal Travel,Eco,1180,3,5,3,1,2,3,2,2,3,2,5,4,2,2.85,12,3,FALSE
Female,Loyal Customer,28,Personal Travel,Eco,258,2,2,2,4,5,2,5,5,3,2,3,2,5,3.23,13,7,FALSE
Female,Loyal Customer,13,Personal Travel,Eco,1009,3,5,3,2,5,3,5,5,4,5,2,1,5,3.69,0,0,FALSE
Female,Disloyal Customer,24,Business Travel,Eco,578,3,0,3,3,3,3,3,3,5,1,4,2,3,2.77,0,0,FALSE
Female,Loyal Customer,44,Business Travel,Business,3994,1,1,1,1,5,5,4,4,4,4,4,5,4,3.31,2,17,TRUE
Female,Loyal Customer,58,Business Travel,Business,1471,1,1,1,1,3,5,4,3,3,4,3,3,4,2.77,59,60,TRUE
Female,Loyal Customer,13,Personal Travel,Business,1097,3,1,3,2,3,3,3,3,2,3,3,4,3,2.77,18,11,FALSE
Male,Loyal Customer,30,Business Travel,Business,1172,1,1,1,1,4,4,4,4,4,2,4,5,4,3,15,11,TRUE
Male,Loyal Customer,53,Business Travel,Business,1842,2,3,2,3,1,1,2,2,2,2,2,2,2,2,0,1,FALSE
Female,Loyal Customer,24,Business Travel,Business,2556,3,3,3,3,5,5,5,5,1,1,4,4,5,3.62,10,0,TRUE
Female,Loyal Customer,10,Personal Travel,Eco,594,1,3,1,4,2,1,2,2,5,1,2,2,2,2.15,0,0,FALSE
Female,Loyal Customer,51,Business Travel,Eco,595,3,3,4,3,4,5,2,3,3,3,3,5,3,3.38,9,5,TRUE
Female,Loyal Customer,26,Business Travel,Business,2586,2,4,4,4,2,2,2,4,2,3,3,2,2,2.77,0,0,FALSE
Female,Disloyal Customer,40,Business Travel,Business,748,4,4,4,3,5,4,2,5,1,4,2,3,5,3.54,0,0,FALSE
Female,Loyal Customer,34,Personal Travel,Eco,563,2,2,2,2,3,2,3,3,2,5,1,4,3,2.62,10,0,FALSE
Male,Loyal Customer,55,Business Travel,Eco,410,3,3,3,3,3,3,3,3,4,3,3,3,3,3.08,125,132,FALSE
Male,Disloyal Customer,39,Business Travel,Business,282,3,3,3,3,4,3,3,4,3,5,2,4,4,3.38,0,0,TRUE
Female,Loyal Customer,67,Personal Travel,Eco Plus,569,1,5,2,4,2,5,5,4,4,2,4,3,4,3.46,0,0,FALSE
Female,Disloyal Customer,24,Business Travel,Eco,230,2,3,2,3,1,2,1,1,1,2,5,1,1,1.92,0,3,FALSE
Female,Loyal Customer,43,Business Travel,Business,622,5,1,5,5,3,5,5,4,4,5,4,5,4,4.23,1,0,TRUE
Female,Disloyal Customer,22,Business Travel,Business,603,4,3,4,3,1,4,1,1,1,3,4,3,1,2.54,0,32,FALSE
Female,Loyal Customer,30,Business Travel,Eco Plus,2917,0,0,0,3,1,0,1,1,5,1,1,4,1,1.38,0,0,TRUE
Female,Loyal Customer,55,Personal Travel,Eco,289,2,5,2,4,3,4,5,4,4,2,4,3,5,3.62,18,0,FALSE
Male,Loyal Customer,55,Business Travel,Business,1787,2,2,2,2,5,5,4,5,5,4,5,3,3,3.62,6,40,TRUE
Female,Loyal Customer,70,Business Travel,Business,2113,4,4,4,4,3,4,4,5,5,5,5,4,3,4.15,0,0,TRUE
Female,Loyal Customer,57,Business Travel,Business,2012,5,5,4,5,2,2,5,4,4,4,3,1,2,3.54,12,17,TRUE
Female,Loyal Customer,25,Business Travel,Business,577,2,2,5,2,4,4,4,4,3,4,5,4,4,3.62,0,0,TRUE
Female,Loyal Customer,62,Personal Travel,Eco,315,2,5,2,2,5,4,4,3,3,2,3,3,3,3.15,15,2,FALSE
Female,Loyal Customer,25,Business Travel,Eco,325,3,5,5,5,3,3,4,3,1,1,3,4,3,3.31,31,8,FALSE
Female,Loyal Customer,36,Business Travel,Business,361,4,1,4,4,5,4,4,4,4,4,4,4,3,3.77,43,43,TRUE
Female,Disloyal Customer,29,Business Travel,Eco,761,4,4,4,4,3,4,3,3,4,4,3,3,3,3.54,0,20,FALSE
Female,Loyal Customer,47,Business Travel,Business,2989,1,1,1,1,4,5,4,5,5,5,5,5,3,3.46,0,0,TRUE
Female,Loyal Customer,57,Business Travel,Eco,548,5,5,5,5,2,5,5,5,5,5,5,1,4,4.38,24,27,TRUE
Male,Loyal Customer,45,Business Travel,Eco,1183,3,3,3,3,3,3,3,3,2,4,3,4,3,3.08,0,0,FALSE
Female,Loyal Customer,30,Personal Travel,Eco,1044,3,4,3,4,5,3,1,5,3,2,5,4,5,3.62,0,0,FALSE
Female,Loyal Customer,57,Business Travel,Business,2920,2,2,2,2,5,4,4,4,4,4,4,4,4,3.46,0,0,TRUE
Female,Loyal Customer,34,Personal Travel,Business,946,2,4,2,3,1,3,4,4,4,2,4,4,4,3.15,13,4,FALSE
Male,Loyal Customer,26,Personal Travel,Eco,2475,0,2,0,4,2,0,2,2,3,1,3,2,2,1.77,0,0,TRUE
Female,Loyal Customer,19,Personal Travel,Eco,370,3,1,3,3,1,3,1,1,2,1,3,2,1,1.92,0,0,FALSE
Female,Disloyal Customer,25,Business Travel,Eco,1167,2,3,3,3,2,3,1,2,3,2,4,3,2,2.54,0,0,FALSE
Male,Disloyal Customer,37,Business Travel,Business,296,3,3,3,2,4,3,4,4,5,5,5,4,4,3.77,0,0,FALSE
Male,Loyal Customer,46,Business Travel,Business,3293,2,4,4,4,2,4,3,2,2,2,2,1,3,2.69,0,5,FALSE
Female,Loyal Customer,17,Personal Travel,Eco,544,4,5,4,3,5,4,5,5,5,3,2,5,5,4.23,3,7,TRUE
Male,Disloyal Customer,23,Business Travel,Business,1041,0,4,0,1,3,0,3,3,5,3,5,5,3,2.69,0,0,TRUE
Male,Disloyal Customer,30,Business Travel,Eco Plus,641,3,3,3,4,1,3,1,1,2,3,3,4,1,2.46,0,0,FALSE
Female,Loyal Customer,14,Personal Travel,Eco,612,3,5,3,1,4,3,4,4,5,4,4,4,4,3.69,0,0,FALSE
Female,Loyal Customer,7,Personal Travel,Eco,481,4,5,4,3,1,4,1,1,1,5,2,2,1,2.62,2,0,TRUE
Male,Disloyal Customer,30,Business Travel,Business,1475,0,0,0,2,5,0,5,5,3,5,5,3,5,2.92,9,0,TRUE
Male,Disloyal Customer,23,Business Travel,Eco,187,2,0,2,3,4,2,4,4,1,3,5,1,4,2.69,0,0,FALSE
Female,Disloyal Customer,26,Business Travel,Eco,216,1,5,0,1,5,0,5,5,1,5,5,4,5,3.23,0,0,FALSE
Male,Loyal Customer,46,Business Travel,Business,3150,0,0,0,3,4,4,4,5,5,5,5,4,4,3.31,0,0,TRUE
Female,Loyal Customer,45,Personal Travel,Eco,109,4,5,4,2,4,3,5,1,1,4,1,4,5,3.31,0,0,FALSE
Female,Loyal Customer,31,Business Travel,Business,711,3,3,3,3,4,4,4,4,3,2,5,3,4,3.46,24,25,TRUE
Male,Loyal Customer,40,Business Travel,Eco,601,1,4,2,4,1,1,1,1,4,2,3,1,1,2,0,0,FALSE
Female,Loyal Customer,61,Business Travel,Business,404,5,5,5,5,2,5,4,5,5,5,5,5,3,4.54,0,0,TRUE
Female,Loyal Customer,57,Business Travel,Eco Plus,120,4,2,2,2,5,4,2,3,3,4,3,3,2,3,1,4,TRUE
Female,Loyal Customer,21,Personal Travel,Business,899,1,3,1,1,4,1,5,4,5,5,4,4,4,3.23,9,0,FALSE
Female,Loyal Customer,29,Business Travel,Business,2125,2,2,2,2,2,2,2,2,1,2,2,2,2,1.92,6,0,FALSE
Female,Loyal Customer,44,Business Travel,Business,2239,2,2,2,2,2,4,4,5,5,5,5,5,4,3.62,22,22,TRUE
Male,Disloyal Customer,34,Business Travel,Eco,725,2,1,1,2,3,1,1,3,3,1,2,1,3,1.85,21,21,FALSE
Male,Disloyal Customer,22,Business Travel,Eco,377,3,0,3,2,3,3,2,3,1,2,4,5,3,2.62,44,38,FALSE
Female,Disloyal Customer,33,Business Travel,Business,651,1,1,1,2,4,1,5,4,5,3,5,5,4,3.15,0,0,FALSE
Female,Loyal Customer,26,Personal Travel,Eco Plus,868,3,2,3,3,2,3,2,2,1,4,2,2,2,2.38,24,17,FALSE
Female,Loyal Customer,30,Personal Travel,Business,667,1,5,1,3,4,1,4,4,3,4,4,3,4,3.15,4,25,FALSE
Male,Disloyal Customer,42,Business Travel,Eco,427,2,5,2,2,5,2,5,5,2,5,3,5,5,3.69,0,12,FALSE
Male,Loyal Customer,51,Business Travel,Business,1562,2,2,1,2,5,4,5,4,4,4,4,4,5,3.54,17,2,TRUE
Male,Loyal Customer,35,Personal Travel,Eco,602,3,4,4,2,5,4,5,5,3,3,5,2,5,3.85,0,0,FALSE
Female,Loyal Customer,58,Business Travel,Business,2880,5,5,5,5,4,5,4,4,4,4,4,4,5,4.46,11,9,TRUE
Female,Loyal Customer,41,Business Travel,Eco,404,4,4,4,4,3,4,3,3,2,1,5,1,3,3.15,34,24,TRUE
Male,Loyal Customer,40,Business Travel,Business,649,4,2,2,2,2,4,4,4,4,4,4,4,4,3.38,0,0,FALSE
Female,Loyal Customer,23,Personal Travel,Eco,1590,3,4,3,1,2,3,2,2,3,2,5,3,2,2.69,14,24,FALSE
Female,Disloyal Customer,29,Business Travel,Eco,173,1,0,1,4,5,1,5,5,5,2,4,5,5,3.31,3,5,FALSE
Female,Disloyal Customer,24,Business Travel,Eco,679,5,5,5,3,2,5,2,2,4,3,4,5,2,3.62,0,0,TRUE
Female,Loyal Customer,53,Business Travel,Business,480,3,3,3,3,4,4,4,4,4,4,4,5,4,3.77,8,1,TRUE
Female,Loyal Customer,55,Business Travel,Business,187,0,5,0,1,4,5,4,3,3,3,3,3,3,2.85,0,8,TRUE
Male,Disloyal Customer,25,Business Travel,Eco,700,2,3,3,3,3,2,1,3,1,1,4,3,3,2.46,51,38,FALSE
Female,Disloyal Customer,25,Business Travel,Eco,2402,2,2,2,4,2,2,5,2,3,1,4,3,2,2.62,0,0,FALSE
Female,Loyal Customer,37,Business Travel,Eco,416,2,2,4,2,2,2,2,2,3,2,3,4,2,2.46,0,0,FALSE
Male,Loyal Customer,28,Business Travel,Business,551,4,4,4,4,5,5,5,5,3,2,3,3,5,4,0,0,TRUE
Male,Loyal Customer,51,Business Travel,Business,2848,1,4,2,4,5,2,3,1,1,1,1,4,3,2.46,8,6,FALSE
Male,Loyal Customer,34,Business Travel,Business,3418,5,5,5,5,5,5,5,4,2,4,4,5,5,4.54,320,320,TRUE
Female,Loyal Customer,57,Business Travel,Business,528,2,2,2,2,5,5,5,4,4,4,4,5,4,3.69,3,0,TRUE
Male,Loyal Customer,17,Personal Travel,Eco Plus,157,4,4,4,1,2,4,2,2,5,3,4,5,2,3.23,62,110,FALSE
Female,Loyal Customer,28,Business Travel,Business,347,1,1,1,1,4,4,4,4,1,3,2,2,4,2.46,0,0,TRUE
Male,Loyal Customer,46,Business Travel,Business,2688,3,3,3,3,2,4,4,4,4,4,4,5,3,3.54,99,107,TRUE
Female,Loyal Customer,60,Business Travel,Business,342,3,3,2,3,3,5,4,5,5,5,5,4,5,4,5,2,TRUE
Male,Loyal Customer,33,Business Travel,Business,610,5,5,5,5,1,2,1,1,3,5,5,4,1,3.31,3,4,TRUE
Female,Loyal Customer,42,Business Travel,Eco,2496,4,4,4,4,4,4,3,4,4,4,4,2,1,3.54,3,0,TRUE
Female,Disloyal Customer,45,Business Travel,Eco,1452,1,2,2,3,2,1,4,2,1,3,4,2,2,2.23,2,30,FALSE
Male,Loyal Customer,32,Business Travel,Eco,168,3,5,5,5,3,3,3,3,3,5,3,3,3,3.62,0,0,FALSE
Female,Disloyal Customer,22,Business Travel,Eco,1044,2,2,2,2,5,2,5,5,4,5,4,4,5,3.62,0,4,FALSE
Male,Loyal Customer,47,Business Travel,Business,666,4,4,4,4,3,5,5,5,5,5,5,5,3,4.38,0,0,TRUE
Male,Disloyal Customer,42,Business Travel,Eco,134,3,0,3,2,2,3,2,2,1,2,1,3,2,2,69,66,FALSE
Male,Loyal Customer,44,Business Travel,Eco Plus,500,3,1,1,1,3,3,3,3,1,3,4,2,3,2.38,0,5,TRUE
Female,Loyal Customer,32,Personal Travel,Eco,460,3,2,3,3,2,3,2,2,1,4,4,2,2,2.54,0,5,FALSE
Female,Loyal Customer,40,Business Travel,Business,326,0,0,0,5,4,4,5,5,5,5,5,5,5,3.69,0,0,TRUE
Female,Loyal Customer,40,Business Travel,Business,802,2,2,2,2,2,5,4,4,4,4,4,3,5,3.31,1,0,TRUE
Female,Loyal Customer,44,Business Travel,Eco,1127,4,3,3,3,1,3,3,4,4,4,4,4,3,3.31,0,0,FALSE
Female,Loyal Customer,9,Personal Travel,Eco,972,2,4,2,3,4,2,4,4,5,4,4,5,4,3.62,0,10,FALSE
Female,Loyal Customer,59,Personal Travel,Eco,282,4,5,4,3,4,3,3,2,2,4,2,5,1,3.23,14,16,FALSE
Male,Loyal Customer,47,Personal Travel,Eco,587,1,2,1,3,4,1,4,4,1,1,4,4,4,2.62,17,,FALSE
Male,Loyal Customer,62,Business Travel,Business,731,1,1,1,1,5,4,5,5,5,5,5,4,5,3.62,43,61,TRUE
Male,Loyal Customer,56,Business Travel,Business,1623,5,5,3,5,4,5,5,5,5,5,5,3,4,4.54,0,0,TRUE
Male,Loyal Customer,34,Business Travel,Business,1867,1,1,1,1,4,4,4,5,5,4,5,3,5,3.31,0,0,TRUE
Male,Loyal Customer,26,Business Travel,Eco,550,4,1,1,1,4,4,4,4,2,1,5,3,4,2.92,0,0,TRUE
Female,Loyal Customer,55,Business Travel,Business,1586,1,1,1,1,3,4,4,4,4,4,4,4,3,2.92,0,0,TRUE
Male,Loyal Customer,42,Business Travel,Eco Plus,588,3,3,1,1,2,3,2,2,4,1,4,4,2,2.46,14,11,FALSE
Male,Loyal Customer,24,Business Travel,Business,1504,3,3,3,3,4,4,4,4,4,2,4,4,4,3.54,0,0,TRUE
Male,Loyal Customer,58,Personal Travel,Eco,936,4,4,4,2,1,4,1,1,4,3,5,3,1,2.85,0,3,FALSE
Male,Loyal Customer,58,Business Travel,Business,2342,2,2,2,2,2,5,4,4,4,4,4,5,5,3.46,44,21,TRUE
Male,Loyal Customer,47,Business Travel,Business,3289,1,2,1,1,5,5,4,4,4,3,4,3,4,3.15,0,0,TRUE
Female,Disloyal Customer,11,Business Travel,Eco,1290,1,1,1,3,3,1,3,3,3,2,4,4,3,2.46,4,46,FALSE
Female,Loyal Customer,15,Personal Travel,Eco,1303,2,5,2,2,2,2,1,2,5,5,5,5,2,3.08,0,0,FALSE
Male,Loyal Customer,47,Business Travel,Business,2613,3,3,3,3,2,5,5,4,4,4,4,5,4,3.77,14,18,TRUE
Female,Loyal Customer,23,Business Travel,Eco,1046,5,1,1,1,5,5,3,5,5,5,2,3,5,3.54,76,67,TRUE
Female,Loyal Customer,59,Personal Travel,Business,598,3,0,2,5,2,4,5,2,2,2,4,4,4,3,82,77,FALSE
Male,Loyal Customer,74,Business Travel,Business,3321,1,5,5,5,4,1,2,1,1,1,1,3,1,2.38,19,48,FALSE
Female,Loyal Customer,19,Personal Travel,Business,819,2,4,2,2,3,2,3,3,1,4,1,2,3,2.46,37,50,FALSE
Male,Loyal Customer,25,Personal Travel,Business,669,2,5,3,3,2,3,2,2,4,4,5,3,2,3.08,0,0,FALSE
Female,Loyal Customer,45,Business Travel,Business,371,3,3,3,3,4,4,4,5,5,5,5,3,3,3.85,8,7,TRUE
Male,Loyal Customer,28,Personal Travel,Eco,408,2,4,2,3,3,2,3,3,5,5,5,4,3,3.38,0,12,FALSE
Male,Loyal Customer,13,Personal Travel,Eco,440,4,3,4,4,5,4,1,5,3,3,3,4,5,3.69,2,14,FALSE
Male,Loyal Customer,21,Business Travel,Business,2297,3,5,5,5,3,3,3,3,3,2,3,2,3,3.31,12,8,FALSE
Female,Loyal Customer,29,Personal Travel,Eco,483,1,4,1,3,2,1,2,2,5,1,3,4,2,2.38,40,40,FALSE
Male,Loyal Customer,50,Personal Travel,Eco Plus,363,1,1,4,4,2,4,2,2,4,2,4,2,2,2.62,3,0,FALSE
Female,Disloyal Customer,23,Business Travel,Eco,231,3,1,3,3,3,3,3,3,1,5,4,1,3,2.77,0,0,FALSE
Male,Loyal Customer,43,Business Travel,Business,1437,2,2,2,2,2,5,5,5,5,5,5,3,3,3.54,0,0,TRUE
Male,Loyal Customer,53,Business Travel,Eco Plus,853,2,2,2,2,1,2,1,1,4,5,4,1,1,2.15,2,2,FALSE
Male,Loyal Customer,17,Personal Travel,Eco,366,3,4,3,3,5,3,5,5,4,3,4,4,5,3.92,0,0,FALSE
Male,Disloyal Customer,35,Business Travel,Business,1947,2,2,2,1,1,2,1,1,4,5,3,4,1,2.23,0,9,FALSE
Male,Loyal Customer,47,Business Travel,Business,526,2,4,4,4,3,2,1,2,2,3,2,2,4,2.69,7,0,FALSE
Male,Loyal Customer,16,Business Travel,Business,3262,2,3,1,3,2,2,2,2,4,3,4,2,2,2.46,77,70,FALSE
Male,Loyal Customer,50,Business Travel,Business,2647,5,5,5,5,2,4,4,4,4,4,4,4,3,4.08,0,0,TRUE
Male,Disloyal Customer,22,Business Travel,Eco,612,1,4,1,4,2,1,5,2,3,1,4,1,2,2.38,0,0,FALSE
Male,Disloyal Customer,25,Business Travel,Business,484,2,0,3,4,1,3,1,1,3,5,5,5,1,2.62,0,0,FALSE
Male,Loyal Customer,42,Personal Travel,Eco,1546,2,5,2,3,1,2,1,1,4,3,5,3,1,2.54,0,0,FALSE
Male,Loyal Customer,29,Business Travel,Eco,1012,3,5,4,4,3,3,3,3,1,2,3,4,3,3.15,0,3,FALSE
Male,Loyal Customer,63,Personal Travel,Eco,209,4,2,4,4,5,4,2,5,4,4,3,3,5,3.77,0,3,FALSE
Female,Loyal Customer,40,Business Travel,Business,566,5,5,5,5,1,2,1,5,5,5,5,2,5,3.92,0,10,TRUE
Male,Loyal Customer,59,Business Travel,Business,3824,1,1,1,1,4,5,4,4,4,4,4,4,4,3.15,3,7,TRUE
Female,Loyal Customer,28,Business Travel,Eco,1056,3,1,1,1,3,4,3,3,4,4,2,2,3,2.62,0,0,TRUE
Female,Disloyal Customer,28,Business Travel,Business,532,2,2,2,2,2,2,5,2,5,4,4,5,2,3,0,0,FALSE
Female,Loyal Customer,20,Personal Travel,Eco,1475,5,4,5,4,2,5,2,2,1,5,2,4,2,3.31,0,0,TRUE
Male,Loyal Customer,57,Business Travel,Eco Plus,2475,2,4,4,4,1,2,1,1,1,3,3,1,1,2.15,0,0,FALSE
Female,Loyal Customer,35,Personal Travel,Eco,575,4,5,4,4,1,4,1,1,3,3,5,5,1,3.15,0,0,FALSE
Female,Disloyal Customer,47,Business Travel,Business,436,1,1,1,3,5,1,5,5,4,3,4,5,5,3.31,7,0,FALSE
Female,Loyal Customer,50,Business Travel,Business,2475,5,5,5,5,4,4,4,5,3,4,5,4,4,4.38,0,35,TRUE
Male,Disloyal Customer,14,Business Travel,Eco,787,3,3,3,4,2,3,2,2,3,1,3,3,2,2.62,106,107,FALSE
Female,Loyal Customer,23,Business Travel,Business,2475,1,1,1,1,2,2,2,5,4,3,4,2,2,2.31,14,82,TRUE
Female,Loyal Customer,52,Business Travel,Eco,399,5,2,2,2,2,1,4,5,5,5,5,2,1,3.15,84,84,TRUE
Male,Loyal Customer,28,Personal Travel,Eco,1173,1,1,0,1,2,0,2,2,1,2,1,4,2,1.46,0,0,FALSE
Female,Disloyal Customer,29,Business Travel,Eco,761,2,2,2,4,3,2,3,3,2,3,3,2,3,2.62,0,0,FALSE
Female,Loyal Customer,41,Personal Travel,Eco,937,2,2,2,4,2,2,2,2,1,4,4,1,2,2.31,0,0,FALSE
Male,Loyal Customer,51,Business Travel,Business,1833,1,1,3,1,3,4,4,4,4,4,4,5,5,3.31,2,0,TRUE
Female,Loyal Customer,31,Personal Travel,Eco,354,4,4,3,1,3,5,1,4,5,5,5,1,1,3.23,200,201,FALSE
Female,Loyal Customer,46,Business Travel,Business,3437,5,5,5,5,5,4,4,5,5,5,5,5,3,4.69,58,53,TRUE
Male,Loyal Customer,51,Business Travel,Eco,570,1,3,5,5,2,1,2,2,1,5,4,2,2,2.69,0,0,FALSE
Female,Disloyal Customer,23,Business Travel,Business,545,1,3,1,3,4,1,4,4,3,4,3,1,4,2.77,5,17,FALSE
Male,Loyal Customer,28,Business Travel,Business,1065,3,3,3,3,4,4,4,4,5,5,5,4,4,3.92,134,133,TRUE
Male,Loyal Customer,28,Personal Travel,Eco,675,4,1,4,4,5,4,5,5,4,4,4,1,5,3.85,0,0,FALSE
Female,Loyal Customer,18,Personal Travel,Eco,2586,4,4,4,3,4,1,1,4,3,3,5,1,1,2.92,248,271,FALSE
Male,Loyal Customer,16,Personal Travel,Eco,1085,3,4,3,3,4,3,4,4,4,2,5,3,4,3.54,0,2,FALSE
Male,Loyal Customer,32,Personal Travel,Eco,628,3,1,3,2,5,3,5,5,2,3,3,4,5,3.38,20,14,FALSE
Male,Loyal Customer,58,Personal Travel,Business,1995,4,3,4,4,4,4,3,5,5,4,5,1,2,3.69,0,0,FALSE
Female,Loyal Customer,14,Personal Travel,Eco,853,3,1,3,3,4,3,4,4,1,3,2,4,4,3,12,1,FALSE
Female,Loyal Customer,45,Business Travel,Business,1624,2,2,2,2,5,4,4,5,5,5,5,3,5,3.77,9,0,TRUE
Male,Disloyal Customer,19,Personal Travel,Eco,253,5,4,0,5,3,0,4,3,2,3,2,1,3,2.69,0,0,TRUE
Female,Loyal Customer,30,Business Travel,Business,2422,3,3,3,3,4,4,4,4,3,2,4,4,4,3.46,0,0,TRUE
Male,Loyal Customer,13,Business Travel,Eco Plus,612,3,4,4,4,3,3,4,3,1,1,4,4,3,3.15,0,12,FALSE
Male,Loyal Customer,43,Personal Travel,Eco,1096,4,3,4,3,2,4,2,2,2,4,4,4,2,3.08,0,0,TRUE
Male,Disloyal Customer,26,Business Travel,Eco,1034,4,4,4,2,3,4,5,3,4,1,2,1,3,3.08,64,47,TRUE
Male,Loyal Customer,41,Business Travel,Business,224,0,0,0,3,2,5,4,2,2,2,2,4,3,2.23,0,0,TRUE
Female,Loyal Customer,52,Business Travel,Business,1416,4,4,4,4,5,4,4,4,4,4,4,3,1,3.77,0,0,FALSE
Female,Loyal Customer,33,Business Travel,Business,430,3,2,2,2,1,3,3,3,3,4,3,4,3,2.77,3,2,FALSE
Male,Loyal Customer,49,Business Travel,Eco Plus,1074,4,1,1,1,4,4,4,4,3,4,5,3,4,3.23,0,0,TRUE
Male,Disloyal Customer,20,Business Travel,Business,594,4,5,4,2,3,4,3,3,5,3,5,5,3,3.77,0,0,TRUE
Male,Loyal Customer,51,Personal Travel,Eco,867,3,2,3,2,4,3,4,4,3,2,2,4,4,3.08,2,0,FALSE
Male,Loyal Customer,30,Personal Travel,Eco,447,3,4,3,3,5,3,5,5,4,3,4,4,5,3.92,42,27,FALSE
Male,Loyal Customer,34,Personal Travel,Eco Plus,1091,0,3,0,4,1,0,2,1,2,5,3,1,1,1.77,0,2,TRUE
Female,Loyal Customer,41,Personal Travel,Eco,1262,5,5,5,3,1,5,1,1,3,3,4,4,1,3.15,0,0,TRUE
Female,Loyal Customer,40,Personal Travel,Eco,854,3,5,3,3,4,3,4,4,5,5,5,5,4,4.08,0,0,FALSE
Male,Loyal Customer,7,Personal Travel,Eco,1107,3,2,3,2,3,3,3,3,2,1,2,2,3,2.46,0,0,FALSE
Male,Loyal Customer,23,Personal Travel,Eco,196,0,5,0,1,2,0,2,2,4,1,5,1,2,1.92,18,13,TRUE
Female,Loyal Customer,54,Personal Travel,Eco,528,4,1,4,4,4,4,4,3,3,4,3,3,4,3.46,0,0,FALSE
Female,Loyal Customer,9,Personal Travel,Eco,1262,3,4,2,4,3,2,3,3,3,2,5,3,3,3.08,0,0,FALSE
Female,Loyal Customer,9,Personal Travel,Eco,1190,4,4,4,3,4,4,4,4,4,4,4,5,4,4,0,0,TRUE
Female,Loyal Customer,55,Personal Travel,Eco,687,2,4,1,5,2,4,4,4,4,1,4,3,3,3.15,0,0,FALSE
Male,Loyal Customer,50,Business Travel,Business,1428,3,1,1,1,2,3,3,3,3,3,3,3,1,2.31,0,0,FALSE
Female,Disloyal Customer,48,Business Travel,Eco,960,2,2,2,1,3,2,2,3,1,4,5,5,3,2.69,32,2,FALSE
Male,Loyal Customer,58,Business Travel,Business,3593,4,4,5,4,4,4,4,2,2,2,2,4,5,3.54,0,0,TRUE
Female,Disloyal Customer,41,Business Travel,Business,2446,1,1,1,3,4,1,4,4,5,5,4,3,4,3.08,2,0,FALSE
Female,Loyal Customer,39,Business Travel,Business,89,4,3,3,3,3,4,3,2,2,2,4,2,3,2.92,0,0,FALSE
Female,Loyal Customer,25,Personal Travel,Eco,2611,4,3,4,4,4,1,1,4,3,4,3,1,1,2.85,53,71,FALSE
Male,Loyal Customer,28,Business Travel,Business,2136,2,1,1,1,2,2,2,2,3,2,3,2,2,1.92,23,96,FALSE
Male,Loyal Customer,53,Personal Travel,Eco,996,2,5,2,4,2,2,2,2,4,2,5,5,2,3,8,31,FALSE
Male,Loyal Customer,15,Personal Travel,Eco,546,3,3,3,2,2,3,4,2,4,1,1,4,2,2.62,37,37,FALSE
Male,Loyal Customer,26,Personal Travel,Eco,861,1,2,1,4,1,4,4,4,5,3,3,4,4,3.08,158,152,FALSE
Female,Loyal Customer,33,Business Travel,Business,1987,4,4,4,4,3,4,3,4,4,4,4,2,1,3.46,1,0,FALSE
Female,Loyal Customer,44,Business Travel,Business,3555,2,2,5,2,2,4,5,5,5,5,5,5,5,4,0,1,TRUE
Female,Loyal Customer,40,Business Travel,Eco,147,4,4,4,4,4,4,4,4,4,5,1,4,4,3.85,0,0,TRUE
Male,Loyal Customer,60,Business Travel,Business,3123,2,1,1,1,3,4,3,2,2,2,2,4,4,2.38,3,0,FALSE
Male,Disloyal Customer,23,Business Travel,Business,1165,4,0,4,2,1,4,1,1,3,2,5,4,1,2.46,79,63,TRUE
Female,Loyal Customer,36,Business Travel,Business,3394,5,5,5,5,5,4,5,4,4,4,4,5,3,4.46,0,9,TRUE
Male,Loyal Customer,63,Personal Travel,Eco,304,2,5,2,3,1,2,1,1,3,5,5,4,1,2.69,4,0,FALSE
Female,Loyal Customer,35,Business Travel,Business,1598,1,1,1,1,5,1,4,5,5,5,5,3,2,3,0,0,TRUE
Female,Loyal Customer,34,Personal Travel,Eco,526,3,5,3,1,5,3,5,5,4,4,5,5,5,4.08,8,9,FALSE
Male,Loyal Customer,55,Business Travel,Business,902,5,5,5,5,3,3,3,2,4,1,5,3,3,3.62,57,30,TRUE
Female,Loyal Customer,55,Personal Travel,Eco,2072,2,5,2,3,4,4,4,5,5,2,1,5,4,3.54,0,0,FALSE
Female,Loyal Customer,12,Business Travel,Business,3496,4,4,5,4,4,4,4,4,3,5,4,3,4,4,0,0,TRUE
Male,Loyal Customer,21,Personal Travel,Business,679,2,5,2,4,4,2,4,4,3,3,5,4,4,3.54,46,58,FALSE
Female,Loyal Customer,54,Business Travel,Business,3305,5,5,2,5,2,5,5,4,4,4,4,4,5,4.15,11,41,TRUE
Female,Disloyal Customer,27,Business Travel,Business,421,1,2,2,4,1,2,2,1,2,5,4,1,1,2.15,20,21,FALSE
Male,Loyal Customer,40,Business Travel,Eco Plus,639,4,2,2,2,4,4,4,4,3,2,4,1,4,3.08,14,8,TRUE
Female,Loyal Customer,32,Business Travel,Business,1857,5,5,5,5,3,4,3,3,4,1,5,4,3,3.85,0,0,TRUE
Male,Loyal Customer,57,Business Travel,Business,442,2,1,1,1,2,3,4,2,2,2,2,4,1,2.08,0,0,FALSE
Male,Loyal Customer,25,Business Travel,Business,1579,3,3,3,3,5,5,5,5,5,5,4,5,5,4.31,240,280,TRUE
Female,Loyal Customer,56,Business Travel,Business,1663,5,5,5,5,2,2,4,4,4,4,5,2,1,3.69,4,11,TRUE
Male,Loyal Customer,47,Business Travel,Business,2288,2,2,2,2,5,5,5,5,5,4,5,5,5,4,4,0,TRUE
Male,Disloyal Customer,41,Business Travel,Eco,406,2,0,2,5,4,2,4,4,2,4,2,3,4,2.92,0,0,FALSE
Female,Loyal Customer,59,Business Travel,Business,2533,1,1,1,1,4,4,4,4,4,4,4,4,3,3,11,23,TRUE
Female,Loyal Customer,8,Personal Travel,Eco,2288,2,2,2,4,2,2,2,2,3,2,4,1,2,2.31,0,0,FALSE
Male,Loyal Customer,45,Business Travel,Business,528,1,1,1,1,2,2,1,5,5,5,5,5,3,2.85,0,10,TRUE
Male,Loyal Customer,25,Personal Travel,Eco,515,4,5,4,4,4,4,4,4,5,4,4,4,4,4.15,0,10,TRUE
Male,Disloyal Customer,21,Business Travel,Eco,153,1,2,1,4,5,1,1,5,4,2,4,4,5,3,0,0,FALSE
Female,Disloyal Customer,33,Business Travel,Business,544,1,1,1,3,5,1,4,5,1,3,4,4,5,2.92,0,27,FALSE
Male,Loyal Customer,60,Business Travel,Eco,759,3,4,4,4,2,3,2,2,3,5,4,4,2,3.23,29,15,FALSE
Male,Loyal Customer,52,Business Travel,Business,2565,4,4,4,4,3,4,5,4,4,4,4,5,5,4.15,9,7,TRUE
Male,Disloyal Customer,24,Business Travel,Business,776,4,0,4,4,2,4,1,2,4,5,5,3,2,3.08,51,42,TRUE
Female,Loyal Customer,28,Business Travel,Business,867,3,3,1,1,3,3,3,3,3,3,3,2,3,2.62,0,0,FALSE
Male,Disloyal Customer,23,Business Travel,Business,632,4,5,4,4,4,2,2,5,3,5,5,2,2,3.62,154,141,TRUE
Female,Loyal Customer,68,Personal Travel,Eco,1119,3,4,3,4,3,3,2,3,3,3,1,3,3,2.92,40,31,FALSE
Male,Loyal Customer,38,Business Travel,Business,3464,1,0,0,3,1,4,3,5,5,0,5,2,1,2.31,0,0,FALSE
Female,Loyal Customer,54,Business Travel,Business,1074,3,3,5,3,1,3,2,3,3,3,3,2,3,2.85,0,3,FALSE
Male,Loyal Customer,42,Business Travel,Eco,261,4,2,2,2,4,4,4,4,1,4,3,2,4,3.08,0,0,TRUE
Male,Loyal Customer,33,Business Travel,Eco Plus,1024,0,0,0,2,5,0,5,5,5,2,4,5,5,2.92,0,0,TRUE
Female,Loyal Customer,37,Business Travel,Business,925,1,1,3,1,4,4,5,5,5,5,5,5,3,3.62,0,0,TRUE
Male,Loyal Customer,44,Business Travel,Business,1258,5,5,5,5,2,4,5,5,5,5,5,3,5,4.54,27,26,TRUE
Female,Loyal Customer,56,Business Travel,Business,680,4,4,4,4,2,3,3,4,4,4,4,4,4,3.69,0,0,FALSE
Female,Loyal Customer,64,Personal Travel,Eco,238,3,4,3,2,3,5,5,4,4,3,4,4,5,3.77,0,0,FALSE
Male,Loyal Customer,51,Business Travel,Business,1237,3,3,3,3,4,4,3,3,3,3,3,2,1,2.92,13,0,FALSE
Male,Loyal Customer,17,Personal Travel,Eco,255,5,2,5,2,5,5,5,5,1,3,3,3,5,3.77,0,0,TRUE
Male,Loyal Customer,24,Business Travel,Business,1750,3,3,3,3,5,4,5,5,3,4,3,5,5,3.92,1,2,TRUE
Female,Disloyal Customer,22,Business Travel,Eco,854,4,4,4,3,1,4,1,1,3,4,1,5,1,2.77,6,0,TRUE
Male,Loyal Customer,22,Business Travel,Eco,2342,2,3,3,3,2,2,4,2,1,2,2,1,2,2.23,0,5,FALSE
Male,Loyal Customer,63,Business Travel,Eco Plus,771,3,4,4,4,3,3,3,3,1,4,3,2,3,3.08,0,0,FALSE
Male,Loyal Customer,34,Personal Travel,Eco,528,2,5,2,2,2,2,4,2,1,3,1,5,2,2.54,0,0,FALSE
Female,Loyal Customer,51,Business Travel,Eco,1788,4,4,4,4,1,3,3,4,4,4,4,1,2,3.23,0,6,FALSE
Male,Loyal Customer,7,Personal Travel,Eco,1182,3,5,2,2,1,2,1,1,4,5,5,3,1,2.69,0,0,FALSE
Female,Loyal Customer,23,Business Travel,Business,2930,4,4,2,4,5,5,5,5,2,2,5,4,5,4,10,0,TRUE
Female,Loyal Customer,49,Personal Travel,Eco,325,2,2,2,3,2,3,3,2,2,2,1,2,4,2.31,9,8,FALSE
Male,Loyal Customer,32,Business Travel,Eco,144,4,1,1,1,4,5,4,4,2,3,1,4,4,2.92,0,10,TRUE
Female,Disloyal Customer,22,Business Travel,Eco,164,2,0,2,4,3,2,3,3,3,5,5,4,3,3,0,0,FALSE
Male,Loyal Customer,42,Business Travel,Business,3847,2,2,2,2,5,4,4,5,5,4,5,5,3,3.69,0,0,TRUE
Male,Loyal Customer,16,Personal Travel,Eco,883,3,4,3,3,1,3,1,1,5,3,4,2,1,2.62,0,0,FALSE
Female,Loyal Customer,47,Business Travel,Business,3305,0,0,0,4,5,3,4,2,2,2,2,1,2,2.08,0,0,TRUE
Male,Loyal Customer,55,Business Travel,Business,67,5,5,5,5,1,2,1,5,5,5,5,5,2,3.92,10,12,TRUE
Male,Loyal Customer,52,Business Travel,Business,1488,5,5,4,5,2,4,4,5,5,5,5,3,3,4.23,21,2,TRUE
Female,Loyal Customer,29,Business Travel,Eco,1012,2,5,5,5,2,2,2,1,2,2,2,2,2,2.62,156,157,FALSE
Male,Loyal Customer,22,Business Travel,Business,1755,2,4,4,4,2,2,2,2,2,2,4,1,2,2.54,10,13,FALSE
Male,Loyal Customer,58,Business Travel,Business,446,1,1,1,1,3,4,5,4,4,4,4,4,5,3.15,76,74,TRUE
Male,Loyal Customer,27,Personal Travel,Eco,896,5,4,5,3,4,5,1,4,4,3,4,5,4,3.92,0,0,TRUE
Male,Disloyal Customer,23,Business Travel,Eco,296,3,5,3,5,3,3,1,3,5,2,4,3,3,3.31,0,0,FALSE
Male,Loyal Customer,38,Personal Travel,Eco,813,0,1,0,4,5,0,2,5,4,2,3,2,5,2.54,0,1,TRUE
Male,Loyal Customer,44,Business Travel,Business,2456,3,3,3,3,2,4,5,3,3,3,3,3,5,3.31,37,48,TRUE
Male,Loyal Customer,24,Personal Travel,Eco Plus,544,2,1,2,4,5,2,2,5,2,5,3,2,5,3.08,0,0,FALSE
Male,Loyal Customer,33,Business Travel,Business,3549,2,2,2,2,5,5,5,5,3,3,4,3,5,3.54,6,0,TRUE
Male,Disloyal Customer,43,Business Travel,Eco,139,3,0,3,3,4,3,4,4,5,3,3,2,4,3.15,0,0,FALSE
Female,Loyal Customer,53,Business Travel,Business,2163,1,1,1,1,5,5,4,4,4,4,4,4,3,3.15,0,0,TRUE
Male,Loyal Customer,41,Personal Travel,Eco,250,1,4,1,4,1,1,1,1,4,2,5,3,1,2.23,11,26,FALSE
Male,Loyal Customer,67,Personal Travel,Eco,449,2,5,4,3,2,4,2,2,5,5,4,4,2,3.38,0,0,FALSE
Male,Loyal Customer,16,Personal Travel,Eco Plus,913,3,5,2,2,2,2,2,2,3,4,3,2,2,2.62,0,0,FALSE
Male,Loyal Customer,40,Personal Travel,Eco,1139,2,5,2,1,1,2,1,1,3,5,4,3,1,2.38,0,0,FALSE
Female,Loyal Customer,42,Business Travel,Business,853,3,3,3,3,1,1,5,3,3,2,3,5,5,3.08,5,7,TRUE
Female,Disloyal Customer,40,Business Travel,Business,691,3,3,3,4,1,3,1,1,2,5,4,4,1,2.69,37,65,FALSE
Female,Loyal Customer,32,Business Travel,Business,1932,2,4,4,4,2,2,2,2,4,1,4,1,2,2.62,27,27,FALSE
Female,Loyal Customer,58,Business Travel,Eco Plus,766,5,2,2,2,3,2,3,5,5,5,5,4,3,3.54,13,7,TRUE
Female,Disloyal Customer,23,Business Travel,Eco,133,3,2,3,4,1,3,1,1,2,4,3,2,1,2.31,0,0,FALSE
Female,Loyal Customer,39,Personal Travel,Eco Plus,570,1,2,2,4,2,2,2,2,4,5,4,2,2,2.62,14,15,FALSE
Female,Loyal Customer,25,Personal Travel,Eco,365,2,5,3,2,4,3,4,4,3,3,4,3,4,3.38,2,0,FALSE
Male,Loyal Customer,52,Business Travel,Eco,500,1,2,2,2,1,1,1,1,4,5,3,1,1,1.92,16,13,FALSE
Male,Loyal Customer,44,Personal Travel,Eco,986,5,4,5,5,5,5,5,5,3,3,5,4,5,4.54,16,5,TRUE
Male,Disloyal Customer,36,Business Travel,Eco,160,3,3,3,3,2,3,1,2,1,2,3,2,2,2.31,0,0,FALSE
Male,Loyal Customer,56,Business Travel,Business,2201,5,5,5,5,1,1,5,5,5,5,5,2,1,3.85,0,1,TRUE
Female,Loyal Customer,56,Personal Travel,Eco,304,3,3,3,4,2,3,4,2,2,3,2,2,2,2.69,3,0,FALSE
Male,Loyal Customer,36,Business Travel,Business,2028,3,3,3,3,1,4,2,4,4,4,4,5,4,3.38,43,15,TRUE
Male,Loyal Customer,38,Business Travel,Business,2734,4,4,4,4,4,3,1,4,4,4,4,2,1,3.31,0,4,TRUE
Female,Loyal Customer,38,Business Travel,Business,2532,1,1,1,1,1,2,3,5,5,5,5,3,5,2.92,0,0,TRUE
Female,Loyal Customer,19,Personal Travel,Eco,1012,1,2,2,4,1,2,1,1,1,3,4,2,1,1.92,0,5,FALSE
Male,Loyal Customer,55,Business Travel,Business,3596,1,1,4,1,3,4,5,5,5,5,5,4,5,3.69,1,2,TRUE
Female,Loyal Customer,59,Business Travel,Business,169,3,1,1,1,1,3,1,3,1,3,3,1,1,1.77,169,153,FALSE
Male,Loyal Customer,28,Business Travel,Business,1648,3,3,3,3,3,3,3,3,1,1,4,4,3,2.85,0,0,FALSE
Female,Loyal Customer,43,Business Travel,Business,1674,2,2,2,2,2,4,2,5,5,5,5,4,2,3.23,0,0,TRUE
Male,Loyal Customer,30,Business Travel,Business,1846,4,1,1,1,4,4,4,4,2,2,4,1,4,2.77,2,0,FALSE
Female,Loyal Customer,58,Personal Travel,Eco,2349,2,1,2,2,1,2,3,3,3,2,3,2,2,2.15,0,26,FALSE
Male,Loyal Customer,37,Business Travel,Business,985,3,3,3,3,5,5,4,4,4,5,4,3,3,3.77,0,0,TRUE
Female,Loyal Customer,27,Business Travel,Business,695,1,4,4,4,1,1,1,1,2,5,2,1,1,2.15,0,17,FALSE
Male,Loyal Customer,57,Business Travel,Eco,541,4,1,1,1,3,4,3,3,1,1,4,2,3,2.38,0,0,TRUE
Female,Loyal Customer,34,Business Travel,Business,3540,3,3,3,3,3,4,3,5,5,5,5,5,2,3.77,23,30,TRUE
Male,Loyal Customer,27,Business Travel,Business,2434,4,4,4,4,4,4,4,4,3,5,5,3,4,4,4,0,TRUE
Female,Loyal Customer,32,Personal Travel,Eco,1491,2,4,2,1,5,2,5,5,5,5,4,3,5,3.69,8,0,FALSE
Male,Loyal Customer,40,Personal Travel,Eco,626,2,1,2,3,5,2,5,5,4,2,3,4,5,3.31,0,0,FALSE
Female,Loyal Customer,43,Business Travel,Business,1076,5,5,3,5,5,4,5,5,5,5,5,3,5,4.62,8,57,TRUE
Male,Disloyal Customer,41,Business Travel,Business,2640,3,3,3,4,2,3,2,2,3,3,4,2,2,2.77,23,0,FALSE
Female,Loyal Customer,48,Business Travel,Business,957,3,3,3,3,4,4,5,4,4,4,4,3,5,3.77,13,2,TRUE
Male,Loyal Customer,43,Business Travel,Business,3159,2,2,2,2,5,5,5,5,5,5,5,5,4,4,0,5,TRUE
Male,Disloyal Customer,55,Business Travel,Business,1721,3,4,4,4,4,3,4,4,4,4,4,3,4,3.77,29,31,FALSE
Male,Loyal Customer,49,Business Travel,Business,1523,4,4,4,4,3,5,4,5,5,5,5,5,3,4.31,0,0,TRUE
Male,Loyal Customer,46,Business Travel,Business,2749,1,1,1,1,2,4,5,4,4,4,4,3,3,2.85,0,0,TRUE
Male,Disloyal Customer,40,Business Travel,Eco,152,4,0,4,4,4,2,4,4,4,4,1,4,4,3.31,138,130,TRUE
Female,Loyal Customer,11,Personal Travel,Eco,1034,2,5,3,1,4,3,4,4,5,2,5,4,4,3.54,0,0,FALSE
Male,Disloyal Customer,34,Business Travel,Eco,746,2,2,2,4,4,2,4,4,2,2,3,2,4,2.85,1,18,FALSE
Male,Loyal Customer,48,Business Travel,Eco,545,2,2,1,2,2,2,2,2,3,4,4,4,2,2.46,0,0,FALSE
Female,Loyal Customer,42,Business Travel,Business,175,0,4,0,2,5,5,5,3,3,5,5,5,5,3.62,98,140,TRUE
Male,Disloyal Customer,42,Business Travel,Business,237,1,1,1,4,2,1,2,2,4,4,5,5,2,2.62,5,8,FALSE
Female,Loyal Customer,44,Business Travel,Business,2125,4,4,4,4,4,3,5,5,5,4,5,3,3,4.08,0,0,TRUE
Male,Loyal Customer,27,Business Travel,Eco,590,4,1,1,1,4,4,4,4,5,4,3,5,4,3.38,0,0,TRUE
Female,Loyal Customer,53,Personal Travel,Eco Plus,621,2,3,2,2,3,5,4,4,4,2,4,4,1,3.08,0,0,FALSE
Female,Loyal Customer,35,Business Travel,Business,3950,1,4,4,4,4,3,3,1,1,1,1,4,2,2.54,0,0,FALSE
Male,Loyal Customer,40,Business Travel,Business,2405,4,5,2,2,4,3,4,4,4,3,4,1,3,3.31,4,11,FALSE
Female,Loyal Customer,47,Business Travel,Business,517,2,2,2,2,5,4,5,4,4,4,4,3,1,3.23,29,12,TRUE
Female,Loyal Customer,34,Business Travel,Business,363,3,4,4,4,2,3,3,3,3,3,3,2,2,3,84,112,FALSE
Female,Loyal Customer,48,Business Travel,Eco,642,1,3,3,3,2,3,4,1,1,1,1,3,3,2.23,71,61,FALSE
Female,Disloyal Customer,36,Business Travel,Business,258,1,1,1,4,2,1,2,2,4,3,5,4,2,2.46,8,6,FALSE
Female,Loyal Customer,28,Business Travel,Business,528,4,4,4,4,5,5,5,5,4,3,5,4,5,4.38,0,18,TRUE
Male,Loyal Customer,22,Personal Travel,Eco,340,1,1,1,2,3,1,3,3,4,3,2,1,3,2.15,0,0,FALSE
Male,Disloyal Customer,44,Business Travel,Business,391,1,1,1,5,5,1,5,5,5,4,4,4,5,3.54,1,0,FALSE
Female,Loyal Customer,48,Personal Travel,Eco,262,2,3,2,3,4,4,3,3,3,2,3,3,2,2.85,0,0,FALSE
Female,Loyal Customer,44,Personal Travel,Eco,666,2,0,2,3,5,4,4,1,1,2,1,3,5,2.54,22,22,FALSE
Male,Loyal Customer,22,Personal Travel,Eco,425,3,2,3,2,5,3,5,5,4,1,1,4,5,3.31,0,0,FALSE
Female,Loyal Customer,42,Personal Travel,Eco,1476,4,4,4,4,2,4,3,5,5,4,2,1,4,3.54,31,26,FALSE
Male,Disloyal Customer,26,Business Travel,Business,192,3,0,3,3,4,3,4,4,4,3,4,3,4,3.23,0,0,FALSE
Female,Loyal Customer,62,Business Travel,Business,674,1,4,1,1,1,2,3,4,4,4,4,2,3,2.62,0,0,TRUE
Male,Disloyal Customer,32,Business Travel,Business,888,2,2,2,3,3,2,3,3,3,2,5,5,3,2.92,7,1,FALSE
Female,Loyal Customer,25,Personal Travel,Eco,581,0,4,0,1,3,0,2,3,4,4,4,5,3,2.54,2,0,TRUE
Female,Loyal Customer,36,Business Travel,Eco,381,1,4,4,4,1,1,1,1,4,2,4,4,1,2.46,0,0,FALSE
Female,Loyal Customer,23,Personal Travel,Eco,2075,3,5,3,5,1,3,1,1,3,3,5,2,1,2.77,5,0,FALSE
Male,Loyal Customer,47,Business Travel,Eco,581,2,1,1,1,1,2,1,1,1,4,2,5,1,1.77,14,4,TRUE
Male,Loyal Customer,49,Business Travel,Eco Plus,531,5,4,4,4,3,5,3,3,3,1,2,4,3,3.38,0,0,TRUE
Male,Loyal Customer,61,Personal Travel,Eco,2611,2,4,2,2,2,5,5,2,3,3,1,5,5,3.15,0,43,FALSE
Male,Disloyal Customer,23,Business Travel,Eco,1188,1,1,1,4,2,1,2,2,5,5,4,3,2,2.54,0,0,FALSE
Female,Loyal Customer,34,Business Travel,Eco Plus,201,2,2,4,4,2,2,2,2,3,4,2,2,2,2.54,2,0,FALSE
Female,Loyal Customer,65,Personal Travel,Eco,627,0,4,1,1,3,5,5,3,3,1,4,5,4,3,0,0,TRUE
Male,Loyal Customer,9,Personal Travel,Eco,2182,4,1,4,4,4,4,4,4,1,1,3,2,4,3.08,0,0,FALSE
Male,Loyal Customer,40,Business Travel,Business,2049,4,4,4,4,1,1,1,4,4,4,4,4,2,3.15,2,0,TRUE
Female,Loyal Customer,57,Business Travel,Eco Plus,156,5,3,3,3,4,3,4,5,5,5,5,3,2,3.85,5,25,TRUE
Male,Loyal Customer,53,Business Travel,Business,3761,2,2,3,2,4,4,5,4,4,4,5,3,5,3.62,0,0,TRUE
Female,Loyal Customer,50,Business Travel,Business,3135,2,2,2,2,4,5,4,5,5,5,5,3,4,3.69,0,0,TRUE
Male,Loyal Customer,36,Personal Travel,Eco,683,4,2,3,4,2,3,2,2,3,3,3,2,2,2.69,0,0,FALSE
Female,Loyal Customer,68,Business Travel,Eco Plus,1199,1,4,4,4,3,3,2,1,1,1,1,3,1,2.23,0,0,FALSE
Female,Loyal Customer,23,Business Travel,Eco,2288,2,4,4,4,2,2,3,2,1,3,4,2,2,2.69,0,0,FALSE
Female,Loyal Customer,69,Personal Travel,Eco,431,4,4,4,4,5,4,5,2,2,4,2,3,5,3.69,0,0,TRUE
Male,Loyal Customer,25,Business Travel,Business,1448,1,1,1,1,4,4,4,4,5,5,1,2,4,2.85,0,0,TRUE
Female,Loyal Customer,46,Business Travel,Eco Plus,1024,3,1,1,1,2,2,3,2,2,3,2,3,3,2.15,0,0,FALSE
Female,Loyal Customer,40,Business Travel,Business,2556,1,1,1,1,5,4,5,5,5,4,5,3,3,3.31,4,7,TRUE
Male,Loyal Customer,48,Personal Travel,Eco,386,1,4,2,4,4,2,4,4,4,4,4,5,4,3.54,0,0,FALSE
Female,Loyal Customer,37,Business Travel,Eco,402,4,2,2,2,4,4,4,4,1,1,1,3,4,2.77,73,87,FALSE
Female,Loyal Customer,69,Personal Travel,Eco Plus,1013,5,4,5,2,5,5,5,1,1,4,1,5,3,3.54,0,0,TRUE
Female,Loyal Customer,44,Business Travel,Business,862,2,5,5,5,3,4,4,2,2,1,2,2,3,3.08,0,44,FALSE
Male,Loyal Customer,47,Business Travel,Business,420,5,5,5,5,4,5,5,4,4,4,4,4,5,4.54,0,0,TRUE
Female,Loyal Customer,35,Business Travel,Eco,1183,2,1,1,1,2,3,2,2,4,2,3,4,2,2.23,49,58,FALSE
Female,Loyal Customer,51,Personal Travel,Eco,667,1,5,1,1,3,5,4,5,5,1,5,5,3,3.38,0,0,FALSE
Female,Loyal Customer,29,Business Travel,Business,1754,3,3,3,3,4,4,4,4,4,2,3,3,4,3.38,0,0,TRUE
Female,Loyal Customer,39,Business Travel,Eco,244,5,1,1,1,5,5,5,5,4,4,5,5,5,3.92,0,1,TRUE
Female,Loyal Customer,48,Business Travel,Business,547,5,5,5,5,3,4,5,4,4,4,4,4,4,4.31,0,0,TRUE
Female,Loyal Customer,53,Business Travel,Business,3083,0,0,0,5,5,4,5,2,2,2,2,1,1,2.23,0,0,TRUE
Female,Loyal Customer,59,Business Travel,Business,2721,3,3,3,3,2,4,4,5,5,5,5,5,3,3.85,15,68,TRUE
Male,Disloyal Customer,21,Business Travel,Eco,223,3,0,3,1,4,3,5,4,1,1,2,5,4,2.77,0,0,FALSE
Male,Loyal Customer,41,Business Travel,Business,1949,1,1,4,1,5,4,4,4,4,4,4,3,5,3.38,0,0,TRUE
Male,Loyal Customer,30,Business Travel,Business,2894,3,3,3,3,3,3,3,3,5,5,4,3,3,3.38,8,5,TRUE
Female,Loyal Customer,49,Business Travel,Eco,594,3,4,4,4,4,4,3,3,3,3,3,4,2,3.38,89,77,FALSE
Male,Loyal Customer,59,Personal Travel,Eco,406,3,5,4,1,1,4,1,1,3,5,4,1,1,2.62,0,18,FALSE
Male,Loyal Customer,7,Personal Travel,Eco,1046,3,3,3,4,1,3,1,1,3,5,4,4,1,2.77,65,65,FALSE
Male,Loyal Customer,30,Business Travel,Business,1379,4,2,2,2,4,4,4,4,1,2,3,4,4,3.08,0,0,FALSE
Male,Loyal Customer,40,Personal Travel,Eco,1303,3,3,3,3,2,3,2,2,1,3,3,4,2,2.62,0,0,FALSE
Male,Loyal Customer,44,Personal Travel,Eco,2007,2,4,2,2,4,2,4,4,5,2,3,3,4,3.15,17,9,FALSE
Female,Loyal Customer,52,Business Travel,Business,2960,4,4,4,4,5,5,5,5,5,5,5,4,4,4.54,0,6,TRUE
Female,Loyal Customer,33,Business Travel,Business,3081,4,4,4,4,5,4,4,4,4,4,4,4,5,4.15,15,8,TRUE
Male,Loyal Customer,61,Personal Travel,Eco,530,4,2,4,3,4,4,3,4,1,2,4,1,4,3.08,0,0,FALSE
Male,Loyal Customer,49,Business Travel,Business,628,4,4,4,4,5,3,3,4,4,3,4,2,4,3.69,51,43,FALSE
Male,Loyal Customer,45,Business Travel,Business,239,2,2,4,2,2,5,5,4,4,4,4,4,4,3.54,3,0,TRUE
Male,Loyal Customer,46,Business Travel,Eco,425,1,2,2,2,1,1,1,1,4,5,4,2,1,2.08,0,0,FALSE
Female,Loyal Customer,10,Personal Travel,Eco,462,2,5,2,2,3,2,3,3,4,3,4,5,3,3.15,22,24,FALSE
Male,Disloyal Customer,47,Business Travel,Eco,720,3,3,3,3,2,3,5,2,4,2,5,3,2,3.08,0,7,FALSE
Female,Disloyal Customer,33,Business Travel,Eco Plus,402,2,2,2,3,5,2,5,5,4,5,3,3,5,3.54,0,0,FALSE
Male,Loyal Customer,49,Business Travel,Business,2253,4,4,4,4,3,5,4,4,4,4,4,3,3,3.85,0,0,TRUE
Female,Loyal Customer,52,Personal Travel,Business,748,3,4,3,4,3,4,4,4,4,3,4,3,5,3.69,0,0,FALSE
Female,Loyal Customer,51,Business Travel,Eco,569,2,2,2,2,2,2,2,4,2,4,4,2,2,2.46,249,257,FALSE
Male,Loyal Customer,22,Business Travel,Eco Plus,236,5,4,4,4,5,5,5,5,5,2,1,5,5,4.23,3,0,TRUE
Male,Disloyal Customer,54,Business Travel,Business,1050,2,2,2,3,1,2,1,1,3,2,5,5,1,2.31,0,0,FALSE
Female,Loyal Customer,30,Business Travel,Business,1983,3,3,5,3,3,3,3,3,3,4,5,5,3,3.54,28,24,TRUE
Female,Disloyal Customer,11,Business Travel,Eco,986,4,4,4,4,4,4,4,4,1,3,3,4,4,3.62,0,0,FALSE
Male,Loyal Customer,27,Business Travel,Business,3816,1,1,3,1,5,5,5,5,4,4,4,4,5,3.62,13,2,TRUE
Male,Disloyal Customer,25,Business Travel,Business,516,3,4,3,1,4,3,4,4,3,5,4,3,4,3.46,0,0,FALSE
Female,Loyal Customer,42,Personal Travel,Eco,587,2,5,2,1,3,5,5,4,4,2,5,3,5,3.54,13,24,FALSE
Female,Loyal Customer,42,Business Travel,Business,951,4,4,4,4,5,4,4,5,5,5,5,3,4,4.31,63,51,TRUE
Male,Loyal Customer,60,Personal Travel,Eco Plus,1430,1,1,1,2,3,1,3,3,4,3,2,1,3,2.15,4,26,FALSE
Male,Loyal Customer,47,Business Travel,Business,861,2,2,2,2,3,4,5,3,3,4,3,5,3,3.15,13,15,TRUE
Male,Loyal Customer,46,Business Travel,Business,1671,1,1,1,1,3,4,4,4,4,4,4,5,5,3.15,0,0,TRUE
Male,Disloyal Customer,28,Business Travel,Business,868,4,4,4,5,3,4,3,3,5,5,5,3,3,3.92,0,0,TRUE
Male,Loyal Customer,44,Business Travel,Business,2858,2,1,2,2,4,4,5,4,4,4,4,3,4,3.31,0,4,TRUE
Female,Disloyal Customer,23,Business Travel,Eco,1242,4,4,4,2,4,4,4,4,3,3,4,3,4,3.62,0,0,TRUE
Male,Loyal Customer,61,Personal Travel,Eco,1033,3,5,4,3,3,4,3,3,4,5,5,4,3,3.77,1,0,FALSE
Female,Loyal Customer,39,Personal Travel,Eco,250,4,4,0,4,1,0,1,1,4,2,4,4,1,2.31,21,11,FALSE
Male,Loyal Customer,64,Business Travel,Eco Plus,320,1,3,5,5,1,1,1,1,4,3,4,2,1,2.46,0,14,FALSE
Male,Loyal Customer,36,Business Travel,Business,1538,0,1,1,4,3,3,4,3,3,3,3,4,4,2.77,0,2,TRUE
Female,Loyal Customer,31,Business Travel,Eco Plus,515,5,5,5,5,5,5,5,5,1,4,5,2,5,4.38,0,3,TRUE
Male,Loyal Customer,51,Business Travel,Business,3898,4,4,1,4,5,5,4,5,5,4,5,3,3,4,2,0,TRUE
Male,Loyal Customer,29,Business Travel,Business,1747,3,3,3,3,3,3,3,3,1,1,2,3,3,2.62,11,14,FALSE
Male,Loyal Customer,39,Business Travel,Business,2165,3,4,4,4,5,3,4,3,3,3,3,1,1,3.15,66,68,FALSE
Female,Loyal Customer,54,Business Travel,Business,247,2,2,2,2,2,5,5,4,4,4,4,3,1,3.08,24,15,TRUE
Male,Loyal Customer,34,Personal Travel,Eco Plus,101,1,3,1,2,5,1,5,5,4,2,2,4,5,3.08,0,0,FALSE
Male,Loyal Customer,54,Personal Travel,Eco,883,3,4,3,3,1,3,1,1,4,4,3,4,1,2.69,55,28,FALSE
Female,Loyal Customer,63,Personal Travel,Eco Plus,321,2,3,2,2,3,1,4,2,2,2,2,2,4,2.38,3,0,FALSE
Male,Loyal Customer,42,Personal Travel,Eco,928,1,3,1,4,3,1,2,3,3,3,3,4,3,2.62,14,17,FALSE
Female,Loyal Customer,39,Personal Travel,Eco,1454,1,4,1,2,4,1,4,4,5,3,5,5,4,3.31,0,0,FALSE
Female,Loyal Customer,52,Business Travel,Business,341,0,0,0,1,4,4,5,2,2,2,2,5,5,2.46,0,0,TRUE
Male,Loyal Customer,47,Business Travel,Business,2475,5,5,5,5,2,3,4,4,4,4,4,4,4,4.08,0,0,TRUE
Female,Loyal Customer,41,Business Travel,Eco Plus,789,4,1,1,1,5,2,5,4,4,4,4,1,5,3.15,0,0,TRUE
Male,Disloyal Customer,23,Business Travel,Business,1434,5,0,5,1,3,5,3,3,3,2,5,4,3,3.23,17,20,TRUE
Female,Loyal Customer,40,Personal Travel,Business,550,4,1,4,3,5,4,4,1,1,4,1,1,1,2.62,0,0,FALSE
Female,Loyal Customer,57,Business Travel,Business,213,2,4,4,4,2,3,4,2,2,2,2,3,1,2.69,0,0,FALSE
Female,Loyal Customer,49,Business Travel,Eco,780,5,5,5,5,3,1,4,5,5,5,5,4,4,4.31,28,5,TRUE
Female,Loyal Customer,56,Business Travel,Business,888,2,2,2,2,2,5,4,5,5,5,5,4,3,3.54,17,0,TRUE
Female,Loyal Customer,20,Business Travel,Eco Plus,666,4,1,1,1,4,5,3,4,4,4,1,5,4,3.15,0,0,TRUE
Female,Loyal Customer,33,Business Travel,Eco,192,1,5,3,5,1,1,1,1,3,5,3,3,1,2.54,0,0,FALSE
Female,Loyal Customer,67,Business Travel,Eco,308,2,5,2,2,1,4,3,2,2,2,2,2,1,2.31,0,6,FALSE
Female,Disloyal Customer,38,Business Travel,Business,1547,5,5,5,2,3,5,3,3,5,5,4,4,3,4,9,3,TRUE
Female,Loyal Customer,64,Business Travel,Business,2659,1,5,5,5,2,4,4,1,1,1,1,3,1,2.62,0,0,FALSE
Male,Loyal Customer,10,Personal Travel,Eco,1546,2,5,2,2,1,2,1,1,3,5,3,4,1,2.46,19,28,FALSE
Male,Loyal Customer,27,Business Travel,Eco Plus,1372,3,2,1,1,3,3,3,3,1,5,4,2,3,2.62,0,0,FALSE
Male,Loyal Customer,16,Personal Travel,Business,354,4,5,4,2,3,4,3,3,4,5,4,4,3,3.69,0,0,FALSE
Female,Disloyal Customer,66,Personal Travel,Business,622,3,3,3,3,2,3,2,2,1,5,3,3,2,2.69,13,24,FALSE
Male,Loyal Customer,50,Business Travel,Business,2296,2,2,2,2,3,3,3,4,4,4,4,3,3,3,145,117,TRUE
Male,Loyal Customer,34,Business Travel,Business,3260,1,1,1,1,5,4,4,5,5,5,5,3,5,3.46,0,0,TRUE
Female,Loyal Customer,66,Personal Travel,Eco,600,3,1,3,4,1,3,4,5,5,3,5,4,3,3.38,2,9,FALSE
Male,Loyal Customer,46,Business Travel,Business,259,1,1,1,1,3,5,5,4,4,4,4,3,3,3,13,3,TRUE
Female,Loyal Customer,18,Personal Travel,Eco Plus,628,1,2,1,4,1,1,1,1,4,2,4,3,1,2,46,56,FALSE
Male,Disloyal Customer,29,Business Travel,Business,719,2,2,2,1,3,2,3,3,5,5,5,4,3,3.08,0,0,FALSE
Male,Loyal Customer,36,Business Travel,Eco,509,4,5,5,5,4,4,4,4,4,3,4,3,4,4.08,0,2,FALSE
Female,Loyal Customer,63,Business Travel,Business,3472,3,3,3,3,3,5,1,5,5,5,5,3,3,3.62,0,6,TRUE
Male,Loyal Customer,52,Business Travel,Eco,2218,4,1,1,1,4,4,4,4,3,3,5,4,4,3.23,4,0,TRUE
Male,Loyal Customer,53,Business Travel,Business,235,3,3,3,3,4,5,4,4,4,4,4,3,5,3.77,0,13,TRUE
Male,Loyal Customer,25,Personal Travel,Eco Plus,460,2,5,2,4,1,2,1,1,5,4,5,5,1,2.92,19,8,FALSE
Male,Loyal Customer,68,Personal Travel,Eco,216,2,4,2,4,4,2,4,4,5,3,4,4,4,3.54,4,8,FALSE
Male,Loyal Customer,33,Business Travel,Business,2489,5,5,5,5,4,4,4,4,3,4,4,4,4,4.23,0,0,TRUE
Male,Loyal Customer,39,Business Travel,Eco,1071,5,3,3,3,5,5,5,5,3,5,1,5,5,4.08,0,0,TRUE
Male,Loyal Customer,54,Personal Travel,Eco,541,2,5,2,5,4,2,4,4,5,4,1,1,4,3.31,0,0,FALSE
Female,Disloyal Customer,21,Business Travel,Eco,472,1,5,0,2,1,0,1,1,3,4,5,5,1,2.23,76,70,FALSE
Male,Loyal Customer,39,Personal Travel,Eco,2475,4,4,4,3,4,4,4,4,5,4,4,4,4,4,0,0,FALSE
Male,Loyal Customer,11,Personal Travel,Eco,1276,1,2,1,4,3,1,3,3,4,2,3,2,3,2.46,0,0,FALSE
Female,Loyal Customer,15,Personal Travel,Eco,250,2,5,0,3,3,0,3,3,3,5,4,4,3,2.92,0,0,FALSE
Male,Loyal Customer,39,Business Travel,Eco,228,4,4,2,4,4,4,4,4,1,5,4,5,4,3.77,0,0,TRUE
Male,Loyal Customer,33,Business Travel,Business,83,0,5,0,1,3,3,3,3,5,4,5,1,3,2.77,0,0,TRUE
Female,Loyal Customer,32,Business Travel,Business,853,2,2,2,2,5,5,5,5,5,5,5,3,5,3.92,0,0,TRUE
Male,Loyal Customer,65,Personal Travel,Eco,427,3,5,3,3,4,3,4,4,2,1,5,1,4,3.23,20,22,FALSE
Male,Loyal Customer,36,Business Travel,Business,2041,5,5,5,5,4,4,4,5,5,5,5,4,3,4.54,0,1,TRUE
Male,Loyal Customer,29,Personal Travel,Eco,371,3,3,3,4,2,3,2,2,2,4,3,4,2,2.85,42,34,FALSE
Female,Loyal Customer,25,Business Travel,Business,674,5,5,5,5,4,4,4,4,1,5,4,5,4,4.23,9,4,TRUE
Female,Disloyal Customer,38,Business Travel,Business,429,1,1,1,5,2,1,2,2,4,2,5,5,2,2.54,0,0,FALSE
Male,Disloyal Customer,28,Business Travel,Eco,554,3,0,2,2,4,2,4,4,5,1,2,5,4,2.92,0,0,FALSE
Male,Loyal Customer,29,Business Travel,Eco Plus,1747,2,4,4,4,2,2,2,2,2,2,4,2,2,2.62,0,0,FALSE
Female,Loyal Customer,39,Personal Travel,Eco,522,3,4,3,4,4,3,3,4,4,2,4,5,4,3.62,0,0,FALSE
Female,Loyal Customer,31,Business Travel,Business,606,3,5,3,3,5,5,5,5,3,3,5,3,5,4.08,1,0,TRUE
Female,Loyal Customer,44,Business Travel,Business,425,4,1,4,4,5,4,4,4,4,5,4,4,5,4,94,89,TRUE
Male,Loyal Customer,25,Personal Travel,Eco,299,3,4,3,3,2,3,2,2,3,5,5,4,2,3.15,91,92,FALSE
Female,Loyal Customer,31,Personal Travel,Eco,413,4,5,4,1,1,4,1,1,4,2,5,3,1,2.77,0,0,FALSE
Male,Loyal Customer,31,Business Travel,Business,705,2,2,2,2,5,5,5,5,4,4,2,3,5,3.54,0,0,TRUE
Female,Loyal Customer,19,Business Travel,Business,1575,4,4,4,4,3,3,3,3,5,5,4,5,3,3.85,10,0,TRUE
Female,Loyal Customer,46,Business Travel,Business,3703,2,3,3,3,2,4,3,1,1,1,2,3,3,2.38,37,42,FALSE
Male,Disloyal Customer,21,Business Travel,Eco,204,5,4,4,2,1,4,1,1,5,2,5,4,1,3,0,0,TRUE
Male,Loyal Customer,11,Personal Travel,Eco,731,1,3,1,4,3,1,3,3,4,3,4,4,3,2.85,85,78,FALSE
Female,Loyal Customer,46,Personal Travel,Eco,2917,3,2,3,4,3,5,5,3,3,4,3,5,5,3.69,3,11,FALSE
Female,Loyal Customer,38,Business Travel,Eco,550,4,3,3,3,4,3,4,4,2,5,3,3,4,3.46,0,0,FALSE
Male,Disloyal Customer,23,Business Travel,Eco,192,5,4,5,2,5,5,5,5,4,1,4,5,5,4.23,0,0,TRUE
Male,Loyal Customer,32,Business Travel,Business,1846,2,2,2,2,3,4,3,3,5,3,5,5,3,3.23,8,2,TRUE
Male,Disloyal Customer,54,Business Travel,Eco,331,4,0,4,3,5,4,5,5,3,3,2,4,5,3.62,0,0,FALSE
Male,Loyal Customer,41,Business Travel,Business,1428,4,4,4,4,4,2,3,4,4,4,4,4,1,3.54,4,0,TRUE
Female,Loyal Customer,45,Business Travel,Business,3028,3,3,2,3,2,5,4,5,5,4,5,4,3,3.69,0,0,TRUE
Female,Loyal Customer,65,Business Travel,Business,2614,2,2,2,2,5,1,4,5,5,5,5,4,2,3.38,27,17,TRUE
Male,Loyal Customer,41,Business Travel,Eco,787,1,0,0,4,4,1,5,4,2,5,3,1,4,2.62,11,0,FALSE
Male,Disloyal Customer,36,Business Travel,Business,214,3,3,3,2,5,3,5,5,4,4,5,4,5,3.92,1,0,FALSE
Female,Loyal Customer,42,Business Travel,Business,821,3,3,3,3,3,4,5,4,4,4,4,4,3,3.62,0,0,TRUE
Male,Loyal Customer,49,Business Travel,Business,3848,2,2,2,2,5,4,4,4,4,4,4,3,4,3.38,0,0,TRUE
Male,Loyal Customer,61,Business Travel,Business,3734,3,2,2,2,1,4,4,3,3,3,3,3,4,2.85,0,0,FALSE
Male,Disloyal Customer,25,Business Travel,Eco,83,3,3,3,4,1,3,1,1,1,2,4,4,1,2.38,27,21,FALSE
Female,Disloyal Customer,59,Business Travel,Eco,417,2,3,2,3,4,2,4,4,3,1,3,2,4,2.85,35,58,FALSE
Male,Loyal Customer,51,Personal Travel,Eco,1105,1,2,1,4,4,1,4,4,1,5,4,2,4,2.85,8,3,FALSE
Female,Disloyal Customer,27,Business Travel,Business,1576,2,2,2,3,3,2,4,3,4,2,5,5,3,3.08,0,0,FALSE
Male,Disloyal Customer,52,Business Travel,Eco,651,3,5,3,2,3,3,3,3,3,3,3,3,3,3.08,0,0,FALSE
Male,Loyal Customer,59,Personal Travel,Business,2092,3,2,3,3,2,4,4,2,2,3,2,4,1,2.69,0,0,FALSE
Male,Loyal Customer,39,Business Travel,Eco,226,3,3,3,3,3,3,3,3,1,4,4,3,3,3,4,0,FALSE
Male,Loyal Customer,72,Business Travel,Eco,337,5,3,3,3,5,5,5,5,1,2,5,4,5,3.92,0,0,TRUE
Male,Loyal Customer,30,Business Travel,Business,3953,2,3,2,3,2,2,2,4,2,3,3,2,2,2.46,238,219,FALSE
Male,Loyal Customer,43,Business Travel,Business,2167,4,4,4,4,3,5,5,4,4,4,4,5,3,4.08,2,2,TRUE
Female,Loyal Customer,30,Business Travel,Business,101,0,5,0,5,1,1,1,1,1,2,5,1,1,1.85,0,0,TRUE
Male,Loyal Customer,54,Business Travel,Business,312,2,2,2,2,5,5,4,5,5,5,5,5,5,4,0,0,TRUE
Female,Loyal Customer,40,Business Travel,Eco,228,3,3,3,3,3,3,3,3,2,1,3,4,3,2.85,43,35,FALSE
Female,Loyal Customer,55,Business Travel,Eco,200,3,1,4,1,5,3,4,4,4,3,4,3,3,3.23,0,15,TRUE
Male,Loyal Customer,25,Personal Travel,Eco,919,3,1,3,2,5,3,5,5,3,4,3,3,5,3.46,1,0,FALSE
Male,Loyal Customer,58,Business Travel,Business,1342,3,3,4,3,3,5,5,5,5,5,5,3,4,4.08,9,1,TRUE
Female,Loyal Customer,24,Business Travel,Business,1773,5,3,5,5,5,5,5,5,3,4,3,5,5,4.46,15,0,TRUE
Male,Loyal Customer,52,Business Travel,Business,978,5,5,5,5,3,5,5,5,5,5,5,4,5,4.77,0,0,TRUE
Female,Loyal Customer,65,Business Travel,Business,311,1,1,1,1,2,5,4,4,4,4,4,2,4,2.85,0,0,TRUE
Male,Loyal Customer,51,Business Travel,Eco Plus,945,4,2,3,2,4,4,4,4,2,3,2,1,4,3,36,30,FALSE
Female,Loyal Customer,57,Personal Travel,Eco,2079,3,3,3,3,4,3,3,5,5,3,5,2,2,3.38,0,32,FALSE
Female,Loyal Customer,53,Business Travel,Business,273,4,4,4,4,5,5,4,4,4,4,4,3,4,4.08,0,0,TRUE
Male,Disloyal Customer,19,Business Travel,Eco,770,2,2,2,3,4,2,4,4,1,5,1,5,4,3,0,6,FALSE
Male,Loyal Customer,51,Business Travel,Eco,854,1,5,5,5,1,1,1,1,1,3,3,3,1,2.38,25,33,FALSE
Male,Loyal Customer,32,Business Travel,Business,2075,3,3,3,3,3,3,3,3,4,3,4,1,3,3,0,0,FALSE
Male,Loyal Customer,52,Personal Travel,Business,265,3,2,0,3,2,3,3,1,1,0,1,3,4,2,33,28,FALSE
Female,Loyal Customer,44,Business Travel,Business,3931,5,5,5,5,2,4,4,5,5,5,5,3,4,4.38,28,43,TRUE
Female,Loyal Customer,56,Personal Travel,Eco,1096,2,4,2,4,1,2,1,2,2,2,4,5,2,2.54,0,0,FALSE
Female,Loyal Customer,19,Personal Travel,Eco,257,3,1,0,4,2,0,2,2,2,2,3,4,2,2.08,0,0,FALSE
Female,Loyal Customer,12,Personal Travel,Eco,190,2,5,2,2,1,2,1,1,5,3,4,3,1,2.46,0,0,FALSE
Male,Loyal Customer,30,Business Travel,Business,1739,5,5,5,5,4,4,4,4,4,5,4,5,4,4.46,25,35,TRUE
Male,Loyal Customer,60,Business Travel,Business,3322,4,4,4,4,4,5,4,3,3,4,5,4,4,4,0,0,TRUE
Male,Disloyal Customer,30,Business Travel,Eco,780,4,4,4,3,2,4,2,2,3,2,4,3,2,3,0,0,FALSE
Male,Loyal Customer,19,Business Travel,Business,1979,2,2,2,2,4,4,4,4,5,3,5,5,4,3.54,3,0,TRUE
Male,Loyal Customer,65,Personal Travel,Eco,842,1,5,1,1,4,1,4,4,3,3,5,4,4,3.08,33,29,FALSE
Female,Loyal Customer,54,Business Travel,Business,1199,3,4,4,4,5,3,4,3,3,3,3,3,2,3.38,0,0,FALSE
Male,Loyal Customer,31,Business Travel,Business,2490,1,1,1,1,4,4,4,4,3,5,5,4,4,3.15,6,,TRUE
Male,Loyal Customer,36,Business Travel,Eco,271,4,5,5,5,4,4,4,4,3,1,4,3,4,3.85,0,1,TRUE
Female,Disloyal Customer,20,Business Travel,Eco,368,2,3,2,3,1,2,1,1,3,3,2,4,1,2.15,24,10,FALSE
Female,Loyal Customer,51,Business Travel,Business,101,0,4,0,1,4,5,1,5,5,1,1,2,1,2.31,10,11,TRUE
Male,Loyal Customer,29,Business Travel,Eco Plus,641,1,3,4,4,1,2,1,1,3,3,4,3,1,2.38,0,2,FALSE
Female,Loyal Customer,40,Business Travel,Business,1609,4,2,2,2,4,4,4,1,2,2,4,4,4,3,246,235,FALSE
Male,Loyal Customer,18,Personal Travel,Eco,399,3,5,3,1,3,3,3,3,3,4,4,4,3,3.23,6,39,FALSE
Female,Loyal Customer,36,Business Travel,Business,282,2,2,2,2,4,3,3,4,4,4,4,1,1,2.77,60,58,TRUE
Male,Loyal Customer,44,Business Travel,Business,3712,2,2,3,2,4,5,4,5,5,5,5,5,4,3.92,10,8,TRUE
Female,Loyal Customer,42,Business Travel,Eco,1747,5,4,4,4,3,3,4,5,5,5,5,1,1,3.77,4,0,TRUE
Male,Loyal Customer,27,Business Travel,Eco Plus,611,1,3,2,3,1,1,1,1,2,4,4,2,1,2,0,0,FALSE
Female,Loyal Customer,28,Business Travel,Eco,447,4,1,1,1,4,4,4,4,2,1,3,1,4,2.62,0,0,FALSE
Female,Loyal Customer,46,Personal Travel,Eco,574,2,4,2,3,5,4,5,4,4,2,4,3,5,3.62,61,64,FALSE
Female,Loyal Customer,51,Business Travel,Business,3040,5,5,5,5,4,4,5,4,4,4,4,5,5,4.54,0,0,TRUE
Male,Loyal Customer,39,Personal Travel,Eco,227,3,5,3,3,4,3,4,4,5,5,4,5,4,4,0,8,FALSE
Male,Disloyal Customer,62,Business Travel,Eco,399,1,4,1,3,2,1,2,2,3,2,3,4,2,2.31,0,0,FALSE
Female,Loyal Customer,34,Business Travel,Business,500,1,1,1,1,3,4,5,4,4,4,4,4,3,3,0,0,TRUE
Male,Loyal Customer,63,Personal Travel,Eco,909,4,3,4,4,5,4,5,5,2,2,3,3,5,3.77,3,4,FALSE
Female,Loyal Customer,69,Personal Travel,Eco Plus,383,2,5,4,4,4,2,1,5,5,4,5,3,4,3.69,8,3,FALSE
Male,Disloyal Customer,37,Business Travel,Eco,867,1,1,1,2,1,1,1,1,3,5,4,5,1,2.08,0,4,FALSE
Female,Loyal Customer,36,Business Travel,Eco,697,5,2,2,2,5,5,5,5,2,5,5,5,5,4.08,0,0,TRUE
Female,Loyal Customer,30,Business Travel,Business,3380,2,4,4,4,2,2,2,2,3,1,3,4,2,2.69,1,20,FALSE
Female,Loyal Customer,39,Business Travel,Business,2347,5,5,5,5,5,5,4,5,5,5,5,5,4,4.85,0,0,TRUE
Male,Loyal Customer,61,Personal Travel,Eco Plus,1037,1,4,1,3,1,4,5,3,3,5,5,5,5,3.46,139,119,FALSE
Female,Loyal Customer,56,Business Travel,Business,2266,5,5,4,5,3,3,2,5,5,5,5,3,1,3.92,0,0,TRUE
Female,Loyal Customer,29,Personal Travel,Eco,362,1,2,2,3,5,2,5,5,2,2,4,2,5,3.08,0,0,FALSE
Female,Loyal Customer,53,Business Travel,Eco,558,1,4,4,4,5,3,4,1,1,1,1,4,4,2.85,14,6,FALSE
Female,Loyal Customer,40,Business Travel,Business,588,4,4,4,4,2,4,5,4,4,4,4,5,5,4.08,10,15,TRUE
Male,Loyal Customer,31,Business Travel,Business,413,4,4,4,4,4,4,4,4,4,1,3,1,4,3.46,6,2,TRUE
Male,Loyal Customer,70,Personal Travel,Eco,312,1,1,1,2,1,1,1,1,3,5,2,4,1,1.85,0,0,FALSE
Female,Loyal Customer,30,Business Travel,Business,3807,3,3,3,3,5,5,5,5,3,4,4,5,5,4.08,0,0,TRUE
Female,Loyal Customer,60,Business Travel,Business,991,1,1,1,1,3,4,4,5,5,5,5,3,4,3.23,4,0,TRUE
Female,Loyal Customer,43,Business Travel,Business,3859,3,3,3,3,1,3,3,5,5,5,5,1,3,3.31,0,5,TRUE
Male,Loyal Customer,59,Business Travel,Business,67,5,5,5,5,2,2,5,4,4,4,5,2,1,3.77,55,48,TRUE
Female,Loyal Customer,68,Personal Travel,Eco,668,3,2,3,4,1,3,3,5,5,3,4,4,2,3.23,20,82,FALSE
Female,Loyal Customer,48,Business Travel,Business,201,1,1,1,1,3,5,5,5,5,5,5,2,3,3.23,0,0,TRUE
Female,Loyal Customer,58,Personal Travel,Eco,517,2,4,5,4,2,5,5,5,5,5,5,3,3,4.08,0,0,FALSE
Male,Loyal Customer,54,Personal Travel,Eco,67,2,2,2,4,5,2,5,5,3,2,3,4,5,3.38,28,19,FALSE
Female,Disloyal Customer,22,Business Travel,Business,1378,5,5,5,3,5,2,2,4,4,4,4,2,2,3.62,0,0,TRUE
Male,Loyal Customer,37,Business Travel,Business,2421,3,3,3,3,2,4,4,5,5,5,5,3,5,3.85,4,1,TRUE
Female,Loyal Customer,68,Personal Travel,Eco,308,4,1,4,2,2,3,2,2,2,4,2,1,1,2.31,18,12,FALSE
Female,Loyal Customer,60,Personal Travel,Eco,166,1,5,1,3,2,4,4,3,3,1,3,5,4,3,0,0,FALSE
Male,Loyal Customer,36,Business Travel,Business,1597,5,5,5,5,3,4,4,4,4,4,4,4,5,4.31,0,0,TRUE
Female,Loyal Customer,44,Business Travel,Business,1516,0,4,0,2,3,4,4,2,2,2,1,3,4,2.38,4,0,TRUE
Male,Disloyal Customer,19,Business Travel,Business,517,4,0,4,4,3,4,3,3,5,4,5,4,3,3.54,7,8,TRUE
Female,Loyal Customer,33,Business Travel,Business,1121,4,4,3,4,4,5,4,5,5,5,5,3,4,4.23,0,0,TRUE
Male,Loyal Customer,75,Business Travel,Eco Plus,797,4,1,1,1,4,4,4,4,2,3,3,3,4,2.92,0,19,FALSE
Female,Loyal Customer,52,Personal Travel,Eco,846,2,5,2,1,4,4,5,4,4,2,4,4,5,3.54,1,0,FALSE
Female,Disloyal Customer,30,Business Travel,Eco,501,1,5,1,1,1,1,4,1,5,5,3,5,1,2.62,0,0,FALSE
Female,Loyal Customer,49,Business Travel,Eco,867,5,3,3,3,4,1,2,5,5,5,5,1,3,3.46,0,3,TRUE
Female,Loyal Customer,43,Business Travel,Business,266,1,1,3,1,1,1,1,1,1,1,1,1,3,1.31,0,0,FALSE
Female,Loyal Customer,57,Business Travel,Business,507,4,4,4,4,2,5,5,4,4,4,4,3,5,4,26,18,TRUE
Female,Loyal Customer,32,Personal Travel,Eco Plus,265,1,3,1,4,4,1,4,4,1,2,2,3,4,2.62,0,4,FALSE
Male,Loyal Customer,33,Business Travel,Business,1607,4,4,4,4,5,5,5,5,3,3,4,3,5,4.15,8,16,TRUE
Female,Loyal Customer,18,Business Travel,Eco Plus,2585,3,3,5,3,3,1,3,1,1,4,3,3,3,2.77,6,0,FALSE
Male,Disloyal Customer,12,Business Travel,Eco,854,2,2,2,3,5,2,5,5,3,2,4,1,5,3.15,84,78,FALSE
Female,Loyal Customer,55,Business Travel,Business,1541,2,1,1,1,4,3,3,2,2,2,2,2,3,2.15,0,0,FALSE
Male,Loyal Customer,48,Business Travel,Business,1935,2,2,2,2,3,4,4,4,4,4,4,5,4,3.38,0,0,TRUE
Male,Loyal Customer,44,Business Travel,Eco,563,5,4,4,4,5,5,5,5,5,4,3,4,5,4.46,4,1,TRUE
Female,Loyal Customer,26,Business Travel,Business,2275,3,3,3,3,4,4,4,4,4,4,5,5,4,3.85,33,17,TRUE
Male,Loyal Customer,41,Business Travel,Eco,451,3,3,3,3,4,3,4,4,1,1,2,5,4,3.08,0,0,TRUE
Male,Loyal Customer,54,Business Travel,Business,931,4,4,4,4,4,4,5,4,4,4,4,3,3,3.92,0,5,TRUE
Male,Loyal Customer,15,Personal Travel,Eco,590,2,5,3,3,3,3,3,3,4,3,4,5,3,3.38,32,42,FALSE
Male,Loyal Customer,36,Business Travel,Eco Plus,366,5,2,2,2,5,5,5,5,1,3,2,3,5,3.46,0,0,TRUE
Male,Loyal Customer,28,Personal Travel,Eco,802,2,2,2,1,2,2,2,2,1,3,1,3,2,1.92,35,21,FALSE
Male,Loyal Customer,55,Business Travel,Business,844,2,2,2,2,5,5,4,4,4,4,4,4,3,3.46,36,27,TRUE
Female,Loyal Customer,60,Business Travel,Eco,296,4,4,4,4,2,3,3,4,4,4,4,4,3,3.62,51,33,FALSE
Female,Loyal Customer,41,Business Travel,Business,402,2,4,4,4,3,3,3,2,2,2,2,3,2,2.77,0,31,FALSE
Male,Loyal Customer,20,Personal Travel,Eco,404,3,4,3,1,3,3,3,4,5,4,4,3,3,3.31,97,140,FALSE
Male,Disloyal Customer,8,Business Travel,Eco,925,2,3,3,4,4,3,4,4,2,2,4,2,4,3.15,2,21,FALSE
Male,Disloyal Customer,22,Business Travel,Eco,238,1,4,1,2,2,1,2,2,4,3,1,1,2,2,0,0,FALSE
Female,Loyal Customer,18,Personal Travel,Eco Plus,192,4,4,4,3,4,5,5,4,2,5,5,5,5,4.23,132,128,FALSE
Female,Loyal Customer,30,Personal Travel,Eco,786,3,4,3,2,5,3,3,5,4,3,4,3,5,3.62,1,0,FALSE
Male,Loyal Customer,32,Business Travel,Business,3876,4,4,4,4,4,4,4,4,5,5,4,3,4,4.08,32,26,TRUE
Female,Disloyal Customer,42,Business Travel,Business,213,2,1,1,5,1,2,1,1,4,5,5,5,1,2.62,0,0,FALSE
Male,Loyal Customer,36,Business Travel,Eco,2106,5,2,2,2,5,5,5,5,2,5,4,1,5,3.69,6,0,TRUE
Male,Disloyal Customer,57,Business Travel,Eco,119,5,2,5,1,4,5,3,4,1,2,4,5,4,3.46,0,0,TRUE
Female,Loyal Customer,59,Business Travel,Business,3181,0,5,0,4,2,4,4,5,5,5,5,3,5,3.62,0,0,TRUE
Female,Loyal Customer,60,Business Travel,Business,853,4,3,4,4,4,4,4,3,3,4,3,3,4,3.62,0,3,TRUE
Female,Disloyal Customer,21,Business Travel,Eco,859,4,4,4,3,5,4,5,5,4,5,4,4,5,4.31,0,0,TRUE
Male,Loyal Customer,55,Business Travel,Business,2125,3,3,3,3,2,3,5,2,2,2,2,4,3,2.85,0,0,TRUE
Female,Loyal Customer,19,Personal Travel,Eco,957,2,4,2,4,2,2,2,2,3,2,4,5,2,2.77,0,2,FALSE
Female,Loyal Customer,51,Business Travel,Business,2198,3,2,2,2,3,4,4,3,3,3,3,1,3,2.77,0,0,FALSE
Male,Loyal Customer,43,Personal Travel,Business,446,1,5,1,1,3,5,5,5,5,1,5,3,3,3.31,2,0,FALSE
Male,Loyal Customer,31,Business Travel,Business,1697,5,5,5,5,5,5,5,5,4,5,4,5,5,4.85,0,9,TRUE
Female,Loyal Customer,26,Personal Travel,Eco,2409,3,4,3,1,5,3,5,5,1,5,4,1,5,3.46,0,0,FALSE
Male,Loyal Customer,17,Personal Travel,Eco,2475,2,0,2,1,3,2,3,3,3,2,4,3,3,2.38,0,0,FALSE
Female,Loyal Customer,41,Business Travel,Business,226,1,1,4,1,4,5,4,5,5,5,5,3,4,3.62,12,0,TRUE
Male,Disloyal Customer,21,Business Travel,Eco,229,2,0,2,3,4,2,4,4,2,5,1,1,4,2.62,51,47,FALSE
Male,Loyal Customer,63,Personal Travel,Eco,140,5,3,5,4,5,5,5,5,4,5,2,2,5,4.23,0,0,TRUE
Male,Loyal Customer,43,Business Travel,Business,2937,4,4,4,4,5,4,5,3,3,4,3,4,5,4,0,0,TRUE
Male,Loyal Customer,46,Business Travel,Business,545,2,2,2,2,3,4,5,5,5,5,5,4,3,3.62,0,0,TRUE
Male,Loyal Customer,25,Personal Travel,Eco,679,1,3,1,4,1,1,1,1,5,5,2,5,1,2.38,1,0,FALSE
Male,Loyal Customer,39,Business Travel,Business,3771,2,2,2,2,4,5,5,4,4,4,4,4,4,3.54,0,0,TRUE
Female,Loyal Customer,30,Business Travel,Business,2189,5,5,5,5,3,3,3,3,3,4,4,4,3,3.85,0,0,TRUE
Female,Loyal Customer,40,Business Travel,Business,2735,5,5,5,5,5,5,4,4,4,4,5,4,5,4.62,0,0,TRUE
Female,Loyal Customer,50,Business Travel,Business,2320,4,4,4,4,2,4,4,5,5,5,5,3,4,4.08,0,0,TRUE
Female,Disloyal Customer,26,Business Travel,Business,368,2,4,2,1,4,2,3,4,3,4,5,3,4,3.15,0,0,FALSE
Female,Loyal Customer,26,Personal Travel,Eco,621,4,5,4,2,1,4,1,1,5,5,4,5,1,3.23,31,35,FALSE
Female,Loyal Customer,57,Business Travel,Eco,391,4,5,5,5,4,1,4,4,4,4,4,1,5,3.85,29,33,TRUE
Male,Loyal Customer,30,Personal Travel,Eco,287,3,4,3,4,3,3,3,3,5,3,4,5,3,3.54,0,0,FALSE
Male,Loyal Customer,14,Personal Travel,Eco,1565,3,5,3,4,2,3,2,2,3,5,5,3,2,3.23,56,63,FALSE
Female,Disloyal Customer,35,Business Travel,Eco,140,3,4,2,4,5,2,5,5,1,3,4,4,5,3.62,7,0,FALSE
Female,Loyal Customer,31,Personal Travel,Eco Plus,163,3,5,0,4,4,0,3,4,4,2,4,5,4,3.23,25,30,FALSE
Male,Loyal Customer,18,Personal Travel,Eco,234,1,3,1,3,3,1,1,3,3,3,3,2,3,2.31,34,32,FALSE
Male,Loyal Customer,36,Personal Travel,Eco,507,3,2,3,4,1,3,1,1,1,2,3,1,1,2,1,0,FALSE
Male,Loyal Customer,59,Business Travel,Business,431,3,3,5,3,5,5,4,5,5,5,5,3,4,4.23,0,0,TRUE
Female,Disloyal Customer,24,Business Travel,Eco,1204,2,2,2,1,2,2,2,2,3,4,4,4,2,2.46,0,10,FALSE
Female,Disloyal Customer,42,Business Travel,Eco,86,3,1,3,4,1,3,1,1,2,1,4,3,1,2.15,0,0,FALSE
Male,Disloyal Customer,36,Business Travel,Eco,1005,3,3,3,4,4,3,4,4,1,2,5,3,4,3.31,35,21,FALSE
Male,Disloyal Customer,28,Business Travel,Business,874,0,0,0,4,3,0,3,3,4,5,5,4,3,2.62,0,0,TRUE
Female,Loyal Customer,53,Business Travel,Business,1963,2,2,2,2,4,5,5,4,4,4,4,4,3,3.46,1,1,TRUE
Male,Loyal Customer,33,Personal Travel,Eco,2521,4,3,4,3,4,2,2,3,5,2,2,2,2,2.92,0,0,TRUE
Female,Loyal Customer,68,Business Travel,Business,2923,4,3,3,3,3,3,3,2,2,2,4,3,2,2.85,0,6,FALSE
Female,Loyal Customer,61,Personal Travel,Eco Plus,101,3,1,3,3,5,4,3,4,4,3,4,1,2,3.08,0,0,FALSE
Male,Loyal Customer,28,Business Travel,Business,1010,2,2,2,2,4,4,4,4,2,5,2,4,4,3.15,31,88,TRUE
Female,Loyal Customer,46,Business Travel,Business,302,5,5,5,5,2,5,5,5,5,5,5,5,4,4.69,50,42,TRUE
Female,Loyal Customer,40,Business Travel,Business,3185,2,4,4,4,4,3,3,2,2,2,2,1,4,2.85,0,0,FALSE
Female,Loyal Customer,29,Business Travel,Business,2193,2,2,4,2,3,3,3,3,3,3,5,3,3,3,13,4,TRUE
Male,Loyal Customer,46,Personal Travel,Eco,236,2,4,2,1,1,2,4,1,5,3,4,4,1,2.62,31,23,FALSE
Male,Loyal Customer,69,Personal Travel,Eco,251,3,4,3,1,5,3,5,5,3,3,4,5,5,3.77,14,7,FALSE
Female,Loyal Customer,40,Personal Travel,Business,1756,3,4,3,5,4,2,1,1,1,3,1,5,2,2.69,11,0,FALSE
Female,Loyal Customer,35,Personal Travel,Eco,859,4,5,4,4,1,4,1,1,4,2,4,4,1,3,0,0,TRUE
Female,Loyal Customer,39,Business Travel,Eco,419,3,4,4,4,3,3,3,3,2,1,3,4,3,3.08,7,30,FALSE
Female,Loyal Customer,49,Business Travel,Business,3263,1,1,1,1,5,4,4,4,4,4,4,4,4,3.15,0,0,TRUE
Female,Disloyal Customer,62,Business Travel,Business,1744,1,0,0,2,1,1,1,1,4,2,4,3,1,1.62,16,35,FALSE
Female,Loyal Customer,61,Business Travel,Business,295,2,2,3,2,3,4,4,4,4,4,4,5,3,3.38,0,0,TRUE
Male,Disloyal Customer,24,Business Travel,Eco,545,3,2,3,4,4,3,4,4,1,5,4,1,4,3.23,16,17,FALSE
Male,Loyal Customer,54,Business Travel,Business,3091,2,2,3,2,4,5,5,5,5,5,5,5,3,3.92,0,0,TRUE
Male,Loyal Customer,37,Business Travel,Eco,825,4,1,1,1,4,3,4,4,4,4,3,1,4,2.92,0,0,FALSE
Male,Loyal Customer,40,Personal Travel,Eco,1576,3,4,3,4,2,3,2,2,4,3,4,5,2,3.15,0,0,FALSE
Male,Loyal Customer,32,Business Travel,Business,1212,3,4,4,4,3,4,3,3,2,3,3,1,3,3.08,0,2,FALSE
Female,Loyal Customer,41,Personal Travel,Eco,325,3,4,3,4,1,3,1,1,4,4,4,3,1,2.77,1,2,FALSE
Female,Disloyal Customer,17,Business Travel,Business,1242,0,0,0,3,4,0,4,4,4,4,4,4,4,2.69,18,11,TRUE
Female,Loyal Customer,41,Business Travel,Business,2288,1,1,1,1,5,5,4,2,2,2,2,4,5,2.69,0,0,TRUE
Male,Loyal Customer,30,Business Travel,Eco,238,3,3,5,3,3,3,3,3,4,3,3,1,3,3.08,0,0,FALSE
Male,Loyal Customer,19,Personal Travel,Eco Plus,455,2,5,2,1,2,2,2,2,3,5,5,4,2,2.85,0,0,FALSE
Female,Loyal Customer,46,Business Travel,Business,3017,4,4,3,4,4,4,5,3,3,3,3,3,5,3.69,0,0,TRUE
Female,Disloyal Customer,28,Business Travel,Eco,853,3,3,3,3,5,3,3,5,4,2,3,3,5,3.46,0,0,FALSE
Male,Loyal Customer,44,Business Travel,Business,1828,1,1,1,1,3,5,4,2,2,2,2,4,3,2.38,1,12,TRUE
Male,Loyal Customer,50,Personal Travel,Eco,224,3,4,3,1,1,3,1,1,5,3,5,4,1,2.69,0,0,FALSE
Male,Loyal Customer,55,Personal Travel,Eco Plus,1204,3,2,3,4,5,3,5,5,1,3,4,1,5,3.38,0,0,FALSE
Female,Disloyal Customer,22,Business Travel,Eco,515,4,2,4,3,3,4,3,3,5,3,4,3,3,3.38,81,84,TRUE
Male,Loyal Customer,25,Business Travel,Business,628,1,4,4,4,1,1,1,1,4,1,3,2,1,2.15,17,52,FALSE
Male,Loyal Customer,53,Business Travel,Eco,577,1,0,0,3,4,1,2,4,4,4,2,2,4,2.38,0,0,FALSE
Male,Loyal Customer,7,Personal Travel,Eco Plus,828,2,5,2,4,3,2,3,3,3,5,5,4,3,3.38,11,20,FALSE
Male,Loyal Customer,36,Business Travel,Business,2454,3,3,3,3,3,5,4,4,4,4,4,4,5,3.77,2,22,TRUE
Female,Disloyal Customer,32,Business Travel,Business,931,3,3,3,2,3,3,3,3,2,2,3,4,3,2.85,24,6,FALSE
Female,Loyal Customer,34,Business Travel,Business,2101,3,3,1,3,4,3,5,5,5,5,5,1,5,3.69,0,0,TRUE
Male,Loyal Customer,51,Business Travel,Business,3320,4,4,5,4,4,5,4,5,5,5,5,3,3,4.31,0,4,TRUE
Male,Loyal Customer,36,Business Travel,Business,2346,3,4,4,4,2,2,2,3,3,3,3,2,1,2.77,12,25,FALSE
Female,Loyal Customer,34,Business Travel,Business,2698,4,4,4,4,5,2,5,5,5,5,5,1,1,3.85,0,0,TRUE
Female,Loyal Customer,23,Personal Travel,Eco,370,1,4,1,5,4,1,4,4,5,3,3,3,4,3.23,30,12,FALSE
Male,Loyal Customer,30,Business Travel,Business,3101,1,0,0,4,3,0,3,3,2,1,3,4,3,2.08,61,48,FALSE
Male,Loyal Customer,49,Business Travel,Business,1197,1,1,1,1,3,5,5,4,4,5,4,5,3,3.23,0,5,TRUE
Female,Loyal Customer,58,Business Travel,Business,1504,3,3,3,3,3,4,4,5,5,5,5,4,5,4,29,14,TRUE
Female,Loyal Customer,50,Personal Travel,Eco,883,4,3,4,1,4,3,4,3,3,4,3,1,3,3.08,0,0,FALSE
Female,Disloyal Customer,28,Business Travel,Eco,1134,5,5,5,4,5,5,5,5,1,2,2,2,5,3.92,16,3,TRUE
Female,Loyal Customer,48,Business Travel,Business,409,2,5,5,5,4,3,4,2,2,2,2,3,2,3.15,60,56,FALSE
Female,Loyal Customer,51,Business Travel,Business,1961,3,2,2,2,2,2,3,3,3,3,3,1,2,2.38,3,0,FALSE
Female,Loyal Customer,72,Business Travel,Business,1954,1,1,3,1,1,1,1,4,5,3,2,1,1,1.92,60,145,FALSE
Male,Loyal Customer,57,Personal Travel,Eco,507,3,5,3,5,3,3,3,3,3,1,1,4,3,3.08,0,0,FALSE
Female,Loyal Customer,54,Business Travel,Business,1197,4,2,4,4,4,4,5,4,4,4,4,3,5,3.92,0,0,TRUE
Male,Disloyal Customer,29,Business Travel,Business,347,4,4,4,3,4,4,4,4,1,3,2,2,4,3.31,0,0,FALSE
Male,Loyal Customer,39,Business Travel,Business,2434,2,2,2,2,5,5,5,3,2,5,5,5,5,3.69,107,90,TRUE
Female,Loyal Customer,61,Business Travel,Business,2260,3,3,1,1,5,3,3,3,3,3,3,2,2,2.69,50,81,FALSE
Female,Loyal Customer,46,Personal Travel,Eco,834,0,5,0,4,5,5,4,3,3,0,3,3,4,3,0,5,TRUE
Female,Loyal Customer,41,Business Travel,Business,271,3,3,3,3,2,4,5,4,4,4,4,5,3,3.62,0,0,TRUE
Male,Loyal Customer,27,Business Travel,Business,1767,2,3,3,3,2,3,2,2,3,4,4,4,2,2.85,51,38,FALSE
Male,Loyal Customer,59,Personal Travel,Eco,455,3,4,3,3,3,3,3,3,4,5,5,4,3,3.54,0,0,FALSE
Female,Loyal Customer,26,Personal Travel,Eco,290,4,4,3,4,5,3,5,5,5,5,5,4,5,4.38,0,0,TRUE
Male,Loyal Customer,29,Business Travel,Business,1907,4,4,4,4,4,4,4,4,4,5,5,3,4,4.08,35,35,TRUE
Male,Loyal Customer,25,Personal Travel,Eco,542,3,5,3,3,3,3,3,3,3,3,4,3,3,3.23,0,0,FALSE
Male,Loyal Customer,11,Personal Travel,Eco,964,3,3,2,3,5,2,5,5,4,1,3,3,5,3.38,14,0,FALSE
Female,Loyal Customer,63,Personal Travel,Eco,967,3,4,3,3,2,5,5,3,3,3,3,4,5,3.54,0,2,FALSE
Female,Loyal Customer,10,Personal Travel,Eco Plus,331,4,4,4,4,2,4,2,2,3,4,4,3,2,3.23,43,45,FALSE
Female,Loyal Customer,7,Personal Travel,Eco,210,3,3,3,4,1,3,1,1,2,5,2,3,1,2.46,9,4,FALSE
Male,Loyal Customer,61,Business Travel,Eco,835,2,3,3,3,2,2,2,2,1,4,3,1,2,2.31,66,57,FALSE
Male,Loyal Customer,47,Personal Travel,Eco,368,2,4,2,4,2,2,2,2,1,4,3,2,2,2.46,0,0,FALSE
Female,Loyal Customer,10,Personal Travel,Eco,135,1,0,1,4,3,1,3,3,4,3,4,5,3,2.69,6,1,FALSE
Male,Loyal Customer,24,Personal Travel,Eco,762,2,5,2,1,2,2,2,2,5,2,4,5,2,2.77,0,0,FALSE
Female,Loyal Customer,16,Personal Travel,Eco,971,0,5,0,3,4,0,4,4,3,3,4,5,4,3,127,118,TRUE
Male,Loyal Customer,39,Business Travel,Business,280,3,3,3,3,1,3,2,3,3,3,3,4,2,2.77,0,0,FALSE
Male,Loyal Customer,46,Business Travel,Business,3145,5,5,5,5,2,4,4,5,5,5,5,4,3,4.38,21,18,TRUE
Female,Loyal Customer,35,Business Travel,Business,2017,3,1,1,1,3,4,3,3,3,3,3,1,2,2.38,99,81,FALSE
Male,Loyal Customer,61,Personal Travel,Eco,406,2,1,2,4,5,2,1,5,2,5,3,4,5,3.15,21,19,FALSE
Female,Loyal Customer,60,Business Travel,Eco,1035,5,2,5,2,2,4,1,4,4,5,4,1,1,3.08,9,0,TRUE
Male,Loyal Customer,60,Personal Travel,Business,1499,2,4,2,2,3,4,4,2,2,2,2,3,3,2.69,0,0,FALSE
Female,Disloyal Customer,34,Business Travel,Business,236,1,1,1,2,2,1,2,2,4,5,4,5,2,2.46,0,0,FALSE
Female,Loyal Customer,14,Personal Travel,Business,406,2,5,2,1,3,2,5,3,3,4,5,5,3,3.31,0,0,FALSE
Male,Loyal Customer,55,Personal Travel,Eco,139,2,4,2,1,4,2,4,4,5,3,5,5,4,3.46,28,21,FALSE
Female,Loyal Customer,64,Business Travel,Business,2160,1,1,1,1,4,5,4,4,4,4,4,5,3,3.15,0,0,TRUE
Female,Loyal Customer,46,Business Travel,Eco Plus,1990,3,1,1,1,1,3,3,3,3,3,3,2,4,2.38,4,0,FALSE
Male,Loyal Customer,34,Business Travel,Business,308,0,0,0,1,1,1,1,3,3,4,5,1,1,1.62,180,181,TRUE
Male,Loyal Customer,42,Business Travel,Business,1072,1,1,1,1,2,1,2,4,4,4,4,4,1,2.31,2,0,TRUE
Male,Disloyal Customer,35,Business Travel,Business,919,2,2,2,3,2,2,2,2,3,2,5,5,2,2.62,85,87,FALSE
Male,Loyal Customer,56,Business Travel,Business,408,5,5,5,5,2,4,5,4,4,4,4,3,5,4.23,0,0,TRUE
Female,Disloyal Customer,22,Business Travel,Business,248,4,0,4,1,3,4,1,3,3,2,5,5,3,2.92,11,3,TRUE
Female,Loyal Customer,18,Personal Travel,Eco,980,2,5,3,2,4,3,4,4,5,3,4,3,4,3.54,0,0,FALSE
Female,Disloyal Customer,38,Business Travel,Eco,919,3,3,3,4,4,3,4,4,4,2,4,1,4,3.31,0,0,FALSE
Male,Loyal Customer,14,Business Travel,Eco Plus,954,2,1,1,1,2,2,4,2,1,1,3,3,2,1.92,100,109,FALSE
Male,Loyal Customer,57,Personal Travel,Eco,500,2,4,2,3,2,2,1,2,4,3,5,4,2,2.77,6,0,FALSE
Male,Loyal Customer,36,Personal Travel,Eco,376,2,4,2,3,4,2,4,4,4,4,4,4,4,3.46,0,1,FALSE
Female,Disloyal Customer,42,Business Travel,Business,991,4,4,4,1,2,4,2,2,3,4,5,4,2,3.15,10,8,FALSE
Female,Loyal Customer,47,Business Travel,Eco,508,2,4,5,4,3,4,5,2,2,2,2,3,5,3.31,0,7,TRUE
Male,Loyal Customer,39,Business Travel,Business,442,1,1,1,1,5,5,5,5,5,5,5,3,4,3.54,0,0,TRUE
Female,Loyal Customer,29,Personal Travel,Eco,479,3,2,3,4,2,3,2,2,3,4,4,1,2,2.69,0,0,FALSE
Female,Loyal Customer,12,Personal Travel,Eco,196,4,5,4,1,1,4,1,1,3,4,5,4,1,2.92,0,0,TRUE
Female,Loyal Customer,62,Personal Travel,Eco,1744,1,2,1,2,3,2,2,4,4,1,4,2,3,2.38,0,0,FALSE
Female,Loyal Customer,47,Business Travel,Business,1813,4,4,4,4,2,5,4,5,5,4,5,4,5,4.23,0,0,TRUE
Male,Disloyal Customer,35,Business Travel,Business,338,2,2,2,3,4,2,4,4,5,3,5,4,4,3.38,0,0,FALSE
Male,Loyal Customer,53,Business Travel,Business,328,0,0,0,3,4,5,5,2,2,2,2,5,4,2.62,0,0,TRUE
Female,Loyal Customer,63,Personal Travel,Eco,663,2,4,2,3,4,4,3,2,2,2,1,2,3,2.62,76,57,FALSE
Female,Loyal Customer,49,Business Travel,Business,2968,4,4,4,4,5,5,5,5,5,5,5,4,5,4.62,13,26,TRUE
Female,Loyal Customer,35,Personal Travel,Eco,2454,1,5,1,4,2,1,2,2,3,2,3,5,2,2.54,0,0,FALSE
Female,Disloyal Customer,29,Personal Travel,Eco,290,5,5,5,3,2,5,2,2,3,3,4,4,2,3.46,0,0,TRUE
Female,Disloyal Customer,37,Business Travel,Business,314,4,4,4,5,2,4,2,2,5,2,4,5,2,3.46,0,0,TRUE
Male,Loyal Customer,22,Personal Travel,Eco,327,2,2,2,4,4,2,4,4,3,2,4,4,4,3.15,0,0,FALSE
Female,Loyal Customer,39,Business Travel,Eco Plus,221,2,2,2,2,2,2,2,2,2,2,1,5,2,2.15,0,3,TRUE
Female,Disloyal Customer,43,Business Travel,Business,356,4,4,4,3,4,4,4,4,4,5,5,5,4,4.15,6,19,FALSE
Female,Loyal Customer,56,Business Travel,Business,3710,3,3,3,3,3,4,5,5,5,5,5,5,5,4.15,31,37,TRUE
Female,Disloyal Customer,22,Business Travel,Eco,109,3,1,3,2,3,1,1,3,1,3,3,1,1,2,235,235,FALSE
Female,Loyal Customer,49,Business Travel,Business,689,5,5,5,5,5,4,4,2,2,2,2,4,4,3.77,15,10,TRUE
Female,Loyal Customer,25,Business Travel,Eco Plus,696,3,4,4,4,3,3,1,3,3,1,3,1,3,2.77,0,11,FALSE
Female,Loyal Customer,32,Business Travel,Business,430,3,3,3,3,4,4,4,4,3,5,4,1,4,3.46,0,0,TRUE
Female,Loyal Customer,35,Business Travel,Business,337,2,5,5,5,2,3,3,2,2,2,2,1,4,2.92,0,0,FALSE
Male,Loyal Customer,53,Personal Travel,Eco Plus,808,1,1,1,2,3,1,3,3,4,4,3,2,3,2.38,0,0,FALSE
Male,Disloyal Customer,25,Business Travel,Business,370,1,0,1,2,3,1,2,3,3,5,4,3,3,2.38,126,119,FALSE
Male,Loyal Customer,44,Business Travel,Business,1812,3,3,3,3,5,4,4,4,4,5,4,5,3,3.85,0,0,TRUE
Male,Loyal Customer,31,Personal Travel,Eco,1027,5,5,5,1,4,5,3,4,4,4,5,3,4,4,10,0,TRUE
Female,Loyal Customer,42,Business Travel,Eco,677,2,2,3,2,1,4,4,2,2,2,2,2,2,2.31,0,0,FALSE
Female,Loyal Customer,37,Business Travel,Business,2620,3,3,3,3,5,5,4,4,4,4,4,4,3,3.77,64,71,TRUE
Female,Loyal Customer,41,Business Travel,Business,130,3,3,3,3,4,3,5,5,5,4,4,5,5,4,0,5,TRUE
Male,Loyal Customer,37,Business Travel,Business,2611,2,5,5,5,2,2,2,1,4,3,2,2,2,2.85,28,9,FALSE
Male,Loyal Customer,25,Business Travel,Eco,606,4,2,4,4,4,4,2,4,1,3,4,4,4,3.38,13,0,FALSE
Female,Loyal Customer,56,Personal Travel,Eco,337,4,3,4,4,5,3,3,1,1,4,1,4,2,3,0,0,FALSE
Female,Loyal Customer,12,Personal Travel,Eco,448,3,5,4,2,1,4,1,1,3,4,5,4,1,2.92,0,0,FALSE
Male,Loyal Customer,17,Personal Travel,Eco,896,2,5,2,2,4,2,1,4,5,5,4,3,4,3.31,0,0,FALSE
Male,Disloyal Customer,29,Business Travel,Business,197,5,4,4,3,2,4,2,2,3,4,4,5,2,3.38,47,55,TRUE
Female,Loyal Customer,33,Business Travel,Eco Plus,361,1,3,3,3,1,1,1,1,1,2,3,2,1,1.77,0,0,FALSE
Female,Loyal Customer,46,Personal Travel,Eco,956,4,4,4,2,4,5,5,3,3,4,3,4,4,3.77,0,0,FALSE
Male,Loyal Customer,30,Personal Travel,Business,1136,1,2,1,4,5,1,5,5,3,2,2,1,5,2.85,99,89,FALSE
Male,Loyal Customer,65,Personal Travel,Eco,137,2,0,2,2,3,2,1,3,4,4,4,4,3,2.62,4,0,FALSE
Male,Loyal Customer,40,Business Travel,Eco,129,4,4,4,4,4,4,4,4,1,5,2,4,4,3.69,0,0,TRUE
Male,Loyal Customer,43,Personal Travel,Eco,934,2,4,2,4,3,2,3,3,4,2,5,4,3,3.15,0,2,FALSE
Male,Loyal Customer,23,Business Travel,Business,548,4,4,4,4,5,5,5,5,2,4,5,3,5,4.23,0,0,TRUE
Female,Loyal Customer,20,Business Travel,Business,325,1,3,3,3,1,1,1,1,4,1,4,3,1,2.08,5,0,FALSE
Female,Loyal Customer,72,Business Travel,Business,2223,1,1,1,1,2,3,3,1,1,1,1,2,1,1.46,34,35,FALSE
Male,Loyal Customer,31,Business Travel,Business,853,4,4,4,4,4,4,4,4,5,5,5,5,4,4.31,43,39,TRUE
Male,Loyal Customer,48,Business Travel,Business,259,0,0,0,1,4,4,4,3,3,3,3,4,3,2.46,0,0,TRUE
Male,Loyal Customer,73,Business Travel,Eco,606,2,2,2,2,2,2,2,2,3,3,3,3,2,2.31,7,13,FALSE
Male,Disloyal Customer,35,Business Travel,Eco,328,4,5,5,1,2,5,2,2,1,4,4,2,2,3,2,0,FALSE
Female,Loyal Customer,21,Business Travel,Business,861,1,0,0,4,4,0,2,4,4,5,3,1,4,2.46,0,13,FALSE
Male,Loyal Customer,22,Business Travel,Business,3182,3,4,4,4,3,3,3,3,1,2,4,1,3,2.92,41,34,FALSE
Female,Loyal Customer,52,Business Travel,Business,317,3,3,3,3,2,4,4,4,4,4,4,4,5,3.62,35,34,TRUE
Male,Loyal Customer,58,Personal Travel,Eco,1080,2,4,2,3,1,2,1,1,4,5,4,4,1,2.62,0,0,FALSE
Male,Loyal Customer,44,Business Travel,Business,1803,3,3,3,3,5,5,4,4,4,4,4,3,4,3.77,0,0,TRUE
Female,Loyal Customer,51,Personal Travel,Eco,1222,4,0,5,3,4,4,5,2,2,5,2,4,3,3.31,0,0,FALSE
Male,Disloyal Customer,33,Business Travel,Business,109,3,4,4,2,4,4,4,4,5,3,4,5,4,3.85,26,46,FALSE
Male,Loyal Customer,56,Personal Travel,Eco Plus,270,2,5,2,3,2,2,2,2,5,5,4,5,2,3.15,0,0,FALSE
Male,Loyal Customer,64,Personal Travel,Eco,667,4,5,4,3,2,4,2,2,3,5,5,4,2,3.46,0,0,FALSE
Female,Loyal Customer,44,Business Travel,Eco,737,2,3,2,3,3,4,5,2,2,2,2,2,4,2.77,48,42,TRUE
Female,Loyal Customer,37,Business Travel,Business,545,2,5,5,5,3,3,3,2,2,2,2,4,3,3.15,9,0,FALSE
Female,Loyal Customer,30,Business Travel,Business,2436,2,2,2,2,3,3,2,3,4,2,3,4,3,2.69,73,70,FALSE
Female,Loyal Customer,54,Business Travel,Business,2154,4,4,4,4,4,4,4,3,3,3,3,5,4,3.77,0,0,TRUE
Male,Loyal Customer,59,Business Travel,Business,1325,3,3,3,3,5,5,4,5,5,4,5,4,4,4.08,0,0,TRUE
Male,Loyal Customer,29,Business Travel,Business,1102,1,1,1,1,5,5,5,5,4,3,2,1,5,3,0,0,TRUE
Male,Loyal Customer,55,Business Travel,Business,1927,4,4,4,4,2,5,4,5,5,5,5,4,2,4.08,0,24,TRUE
Female,Loyal Customer,57,Personal Travel,Eco,628,4,5,4,5,4,5,5,5,5,4,5,5,4,4.62,0,0,FALSE
Female,Loyal Customer,70,Personal Travel,Eco Plus,867,2,4,2,2,4,3,5,5,5,2,5,4,4,3.62,0,0,FALSE
Male,Loyal Customer,67,Personal Travel,Eco,102,4,1,0,2,2,0,2,2,1,3,3,4,2,2,0,0,FALSE
Female,Disloyal Customer,45,Business Travel,Eco,323,3,3,3,2,3,3,3,3,2,4,4,5,3,3.15,0,0,FALSE
Male,Loyal Customer,55,Business Travel,Eco Plus,453,2,2,2,2,2,2,2,2,4,5,4,2,2,2.54,2,0,FALSE
Male,Loyal Customer,47,Personal Travel,Eco,813,5,3,5,3,3,5,3,3,3,2,3,4,3,3.46,2,0,TRUE
Male,Loyal Customer,37,Personal Travel,Eco,678,2,4,2,4,5,2,2,5,3,4,5,5,5,3.69,0,0,FALSE
Male,Loyal Customer,35,Personal Travel,Eco,942,3,3,2,1,3,2,3,3,1,4,3,4,3,2.69,0,0,FALSE
Male,Loyal Customer,47,Personal Travel,Eco,641,2,5,2,2,2,2,4,2,5,5,4,5,2,3.23,0,0,FALSE
Female,Disloyal Customer,43,Business Travel,Eco,328,3,1,3,4,2,3,2,2,4,1,4,3,2,2.62,29,35,FALSE
Male,Loyal Customer,17,Personal Travel,Eco,1744,5,4,5,4,1,5,1,1,1,2,4,4,1,2.92,0,9,TRUE
Male,Loyal Customer,32,Personal Travel,Eco,436,4,4,5,3,5,5,5,5,1,5,1,2,5,3.85,3,1,FALSE
Male,Disloyal Customer,34,Business Travel,Business,1080,2,3,3,3,3,3,3,3,4,2,3,1,3,2.77,14,40,FALSE
Male,Loyal Customer,23,Business Travel,Business,1747,1,4,4,4,1,1,1,1,3,3,3,4,1,2.38,5,0,FALSE
Female,Loyal Customer,56,Business Travel,Business,1452,3,3,2,3,4,4,4,5,5,5,5,5,3,3.92,0,0,TRUE
Male,Loyal Customer,69,Personal Travel,Eco,631,4,3,4,5,3,4,1,3,1,4,5,4,3,3.38,0,0,FALSE
Male,Disloyal Customer,36,Business Travel,Eco,258,3,0,3,1,3,3,3,3,2,4,5,3,3,2.77,61,58,FALSE
Male,Loyal Customer,56,Business Travel,Business,325,0,0,0,1,5,4,4,2,2,2,2,3,5,2.31,1,0,TRUE
Female,Loyal Customer,48,Business Travel,Business,2127,2,2,2,2,3,5,5,4,4,5,4,3,5,3.54,0,0,TRUE
Female,Loyal Customer,47,Business Travel,Business,1916,3,3,3,3,3,5,5,5,5,5,5,5,3,4.08,0,0,TRUE
Female,Loyal Customer,27,Personal Travel,Business,451,3,4,3,5,3,3,3,3,5,1,4,3,3,3.31,0,0,FALSE
Female,Loyal Customer,56,Business Travel,Eco,1590,3,4,4,4,5,2,3,2,2,3,2,4,3,3.15,3,0,FALSE
Male,Loyal Customer,53,Business Travel,Business,462,3,5,5,5,4,3,3,3,3,3,3,3,4,3.62,93,69,FALSE
Female,Loyal Customer,29,Business Travel,Business,304,1,1,4,1,4,4,4,4,3,3,5,3,4,3.15,0,0,TRUE
Female,Disloyal Customer,20,Business Travel,Eco,874,3,3,3,3,5,3,4,5,3,5,3,2,5,3.62,3,11,FALSE
Male,Loyal Customer,38,Personal Travel,Eco,493,2,4,2,3,3,2,3,3,1,3,3,3,3,2.69,0,0,FALSE
Male,Loyal Customer,64,Business Travel,Business,1521,2,4,4,4,3,2,2,2,2,2,2,1,4,2.62,22,7,FALSE
Female,Loyal Customer,33,Business Travel,Business,2166,2,2,2,2,2,3,3,2,2,2,2,2,1,2.08,0,11,FALSE
Male,Loyal Customer,61,Personal Travel,Eco,337,2,4,2,3,3,2,3,3,4,5,5,5,3,3.38,0,0,FALSE
Male,Loyal Customer,55,Business Travel,Business,997,5,5,5,5,3,4,5,4,4,4,4,4,5,4.38,17,10,TRUE
Male,Loyal Customer,69,Personal Travel,Eco,2496,3,1,3,3,3,4,4,4,5,2,2,4,4,3.23,6,0,FALSE
Female,Loyal Customer,19,Business Travel,Business,1892,4,4,4,4,5,5,5,5,5,5,5,3,5,4.54,2,19,TRUE
Male,Loyal Customer,22,Personal Travel,Eco,239,2,3,0,3,2,0,2,2,4,2,3,3,2,2.15,0,0,FALSE
Female,Loyal Customer,34,Business Travel,Business,2708,1,3,3,3,3,4,4,1,1,1,1,1,4,2.31,5,0,FALSE
Male,Loyal Customer,70,Personal Travel,Eco,239,2,4,2,4,3,2,3,3,4,3,5,4,3,3.23,46,48,FALSE
Male,Loyal Customer,8,Personal Travel,Eco,1246,1,4,1,1,1,1,1,1,4,4,3,5,1,2.15,0,0,FALSE
Male,Loyal Customer,58,Business Travel,Business,2580,5,5,5,5,5,4,4,5,5,5,5,4,4,4.69,27,39,TRUE
Female,Loyal Customer,43,Business Travel,Eco,1086,3,3,3,3,2,4,3,3,3,3,3,2,2,2.85,0,0,FALSE
Male,Loyal Customer,39,Personal Travel,Eco,196,3,4,3,1,4,3,4,4,5,4,4,4,4,3.62,26,15,FALSE
Male,Loyal Customer,48,Business Travel,Business,1940,1,1,1,1,5,4,5,4,4,4,4,5,4,3.31,21,14,TRUE
Male,Loyal Customer,19,Personal Travel,Eco,495,1,5,1,3,3,1,3,3,4,3,4,5,3,3,5,33,FALSE
Female,Disloyal Customer,22,Business Travel,Eco,529,2,2,2,2,3,2,3,3,4,1,3,3,3,2.54,0,0,FALSE
Female,Loyal Customer,47,Business Travel,Eco,946,2,5,4,5,5,3,3,1,1,2,1,1,4,2.85,28,16,FALSE
Male,Loyal Customer,31,Personal Travel,Eco Plus,956,1,5,2,4,2,3,5,3,3,4,5,5,5,3.62,136,134,FALSE
Male,Disloyal Customer,33,Business Travel,Eco,164,2,2,2,3,1,2,1,1,4,5,3,2,1,2.23,4,26,FALSE
Female,Loyal Customer,48,Business Travel,Business,2136,2,2,2,2,3,5,5,5,5,5,5,4,4,3.77,0,0,TRUE
Female,Disloyal Customer,29,Business Travel,Business,1090,0,0,0,5,5,0,5,5,5,3,5,5,5,3.31,0,1,TRUE
Male,Loyal Customer,51,Business Travel,Business,1045,3,3,1,3,2,4,4,5,5,5,5,3,3,3.54,0,4,TRUE
Male,Loyal Customer,10,Business Travel,Business,3189,4,4,4,4,4,3,4,4,2,2,3,3,4,3.46,0,0,FALSE
Male,Loyal Customer,29,Business Travel,Business,2566,1,1,1,1,5,5,5,5,3,5,5,5,5,3.62,1,0,TRUE
Male,Loyal Customer,38,Business Travel,Eco,585,5,5,5,5,5,5,5,5,4,3,2,1,5,4.23,28,16,TRUE
Male,Loyal Customer,44,Personal Travel,Eco Plus,125,4,5,0,3,4,0,4,4,2,4,5,3,4,3.23,0,0,FALSE
Female,Loyal Customer,63,Business Travel,Eco,162,2,4,4,4,4,4,3,2,2,2,2,4,4,3.15,0,13,FALSE
Male,Loyal Customer,23,Business Travel,Business,3873,4,3,3,3,4,4,4,4,3,1,3,2,4,3.23,0,0,FALSE
Female,Loyal Customer,23,Business Travel,Business,3824,2,5,5,5,2,2,2,2,3,4,3,3,2,3.08,14,7,FALSE
Male,Loyal Customer,57,Business Travel,Eco,1404,3,4,4,4,3,3,3,3,3,2,3,4,3,3.23,0,0,FALSE
Female,Disloyal Customer,42,Business Travel,Eco,1062,1,1,1,3,2,1,4,2,4,2,3,4,2,2.31,14,23,FALSE
Male,Loyal Customer,59,Business Travel,Business,1744,4,4,4,4,2,4,4,4,4,4,4,3,3,3.69,39,4,TRUE
Female,Disloyal Customer,26,Business Travel,Business,1020,3,3,3,3,5,3,5,5,3,2,4,3,5,3.62,0,0,FALSE
Male,Loyal Customer,39,Business Travel,Business,2627,1,0,0,4,5,4,4,1,1,0,1,4,4,2.23,0,0,FALSE
Female,Loyal Customer,44,Personal Travel,Eco Plus,1411,2,4,2,2,3,4,2,3,3,2,3,4,5,3,6,0,FALSE
Female,Loyal Customer,38,Personal Travel,Eco,448,3,4,3,2,3,3,3,3,3,2,4,5,3,3.15,0,0,FALSE
Male,Loyal Customer,41,Personal Travel,Eco,175,3,5,3,3,3,3,3,3,5,2,4,3,3,3.31,0,0,FALSE
Male,Disloyal Customer,40,Business Travel,Business,1635,5,5,5,4,5,1,1,3,2,3,4,1,1,3.08,173,183,TRUE
Male,Loyal Customer,49,Personal Travel,Eco,2133,1,3,0,3,3,0,2,3,2,3,3,4,3,2.31,0,0,FALSE
Female,Loyal Customer,24,Business Travel,Business,1964,2,2,2,2,5,5,5,5,5,4,5,3,5,3.85,89,89,TRUE
Female,Loyal Customer,44,Personal Travel,Eco,301,4,5,4,1,5,5,5,2,2,4,2,5,4,3.69,0,0,FALSE
Male,Loyal Customer,41,Business Travel,Business,1966,4,4,4,4,2,4,5,5,5,5,5,4,5,4.31,0,0,TRUE
Male,Loyal Customer,23,Business Travel,Business,3470,4,3,5,3,4,4,4,4,1,3,4,1,4,3.38,15,56,FALSE
Female,Loyal Customer,46,Personal Travel,Eco,846,2,5,2,3,2,2,1,4,4,2,4,3,4,2.92,0,23,FALSE
Female,Disloyal Customer,26,Business Travel,Eco,170,3,0,3,4,4,3,1,4,1,5,3,2,4,2.85,20,11,FALSE
Female,Loyal Customer,42,Business Travel,Business,3436,3,3,3,3,1,5,4,5,5,5,5,5,3,3.85,0,0,TRUE
Female,Disloyal Customer,15,Business Travel,Eco,1371,1,1,1,1,2,1,2,2,3,5,4,3,2,2.15,0,0,FALSE
Female,Loyal Customer,37,Business Travel,Business,1941,3,4,4,4,1,3,4,3,3,3,3,4,3,3.23,0,0,FALSE
Male,Loyal Customer,34,Business Travel,Business,2991,2,2,2,2,4,4,1,5,5,5,5,4,4,3.46,0,0,TRUE
Female,Disloyal Customer,37,Business Travel,Business,247,4,4,4,3,2,4,2,2,5,5,5,4,2,3.54,0,0,FALSE
Male,Loyal Customer,22,Business Travel,Business,543,2,1,1,1,2,2,2,2,1,1,3,1,2,1.62,0,3,FALSE
Female,Disloyal Customer,24,Business Travel,Eco,1197,3,3,3,2,5,3,5,5,3,5,4,3,5,3.77,0,0,FALSE
Male,Disloyal Customer,36,Business Travel,Eco,1258,3,3,3,2,5,3,5,5,1,5,3,4,5,3.62,0,11,FALSE
Female,Loyal Customer,50,Business Travel,Business,2762,3,3,3,3,5,5,5,2,4,3,3,5,5,3.77,0,0,TRUE
Female,Loyal Customer,34,Personal Travel,Eco,327,2,0,5,4,5,5,5,5,5,3,4,4,5,4,0,0,FALSE
Male,Loyal Customer,26,Personal Travel,Eco Plus,500,3,5,3,3,1,3,1,1,3,5,4,4,1,2.85,74,62,FALSE
Female,Disloyal Customer,20,Business Travel,Eco,1481,4,4,4,3,5,4,1,5,5,2,4,5,5,3.92,5,0,TRUE
Female,Loyal Customer,79,Business Travel,Eco Plus,913,4,4,4,4,1,3,5,4,4,4,4,1,2,3.38,0,0,TRUE
Male,Loyal Customer,35,Business Travel,Business,377,3,3,3,3,3,4,5,4,4,4,4,4,5,3.77,11,0,TRUE
Male,Loyal Customer,47,Business Travel,Eco,164,2,1,3,1,2,2,2,2,1,1,2,1,2,1.69,23,23,FALSE
Female,Loyal Customer,40,Business Travel,Business,1438,4,4,4,4,3,4,5,2,2,3,2,4,3,3.38,0,0,TRUE
Female,Loyal Customer,19,Personal Travel,Eco,1521,2,4,2,1,4,2,4,4,3,5,3,5,4,3.31,63,56,FALSE
Male,Loyal Customer,54,Business Travel,Business,2383,2,2,2,2,2,4,5,5,5,5,5,4,5,3.69,0,0,TRUE
Female,Loyal Customer,66,Personal Travel,Business,775,2,4,2,4,3,4,4,4,4,2,4,2,4,3.31,32,27,FALSE
Male,Loyal Customer,44,Business Travel,Business,3135,5,5,5,5,2,5,5,4,4,4,4,4,4,4.31,0,0,TRUE
Female,Disloyal Customer,26,Business Travel,Eco,878,3,3,3,3,3,2,2,4,1,3,5,2,2,2.77,0,0,FALSE
Male,Loyal Customer,55,Business Travel,Eco,297,2,1,3,1,2,2,2,2,3,1,3,3,2,2.08,6,7,FALSE
Male,Loyal Customer,42,Business Travel,Eco,821,2,3,3,3,2,2,2,2,4,5,2,4,2,2.77,0,7,FALSE
Female,Loyal Customer,46,Business Travel,Eco,649,4,5,4,4,1,4,2,4,4,4,4,1,2,3.31,0,0,TRUE
Male,Loyal Customer,33,Business Travel,Business,1337,4,4,4,4,4,4,4,4,3,2,5,3,4,3.77,19,1,TRUE
Female,Loyal Customer,43,Business Travel,Business,432,4,3,4,4,5,4,4,3,3,3,3,3,3,3.54,0,0,TRUE
Female,Loyal Customer,29,Business Travel,Business,214,1,1,1,1,5,5,3,5,1,3,5,1,5,2.85,106,98,TRUE
Female,Loyal Customer,52,Business Travel,Business,2958,5,5,5,5,4,5,5,2,2,3,2,3,5,3.92,0,0,TRUE
Male,Loyal Customer,29,Business Travel,Business,3324,1,1,5,1,5,5,5,5,5,4,3,1,5,3.54,0,0,TRUE
Female,Loyal Customer,40,Personal Travel,Eco,337,2,4,2,3,1,2,1,1,5,3,5,3,1,2.54,0,0,FALSE
Male,Loyal Customer,20,Personal Travel,Eco,247,3,4,0,2,3,0,3,3,5,4,4,3,3,2.85,0,0,FALSE
Male,Loyal Customer,58,Business Travel,Eco,221,4,2,2,2,4,4,4,4,1,5,1,1,4,2.92,0,0,TRUE
Male,Loyal Customer,33,Business Travel,Business,1874,4,4,3,4,2,3,2,2,5,3,4,3,2,3.15,25,15,TRUE
Male,Loyal Customer,31,Business Travel,Business,1934,3,2,2,2,3,3,3,3,2,4,3,1,3,2.62,0,10,FALSE
Female,Loyal Customer,64,Personal Travel,Eco,1709,3,4,4,3,5,3,3,2,2,4,2,4,1,3.08,0,0,FALSE
Female,Loyal Customer,28,Business Travel,Business,602,2,2,2,2,5,5,5,5,4,5,4,5,5,3.92,7,20,TRUE
Male,Disloyal Customer,22,Business Travel,Business,224,5,0,5,5,4,5,3,4,3,2,5,4,4,3.77,0,8,TRUE
Female,Loyal Customer,47,Personal Travel,Eco,163,3,1,3,2,3,2,3,4,4,3,4,4,2,2.92,0,0,FALSE
Male,Loyal Customer,41,Business Travel,Business,1487,1,1,1,1,4,4,4,4,4,4,4,4,5,3.15,0,0,TRUE
Female,Loyal Customer,27,Personal Travel,Eco,1046,1,1,1,3,5,1,5,5,3,4,2,3,5,3,30,21,FALSE
Male,Loyal Customer,39,Business Travel,Business,1968,2,1,5,5,3,3,4,2,2,2,2,3,2,2.77,42,31,FALSE
Female,Loyal Customer,44,Personal Travel,Eco,934,1,5,1,4,4,5,4,1,1,1,1,5,5,2.92,0,4,FALSE
Male,Loyal Customer,41,Business Travel,Business,2990,1,1,1,1,3,5,4,5,5,5,5,4,4,3.38,0,0,TRUE
Male,Loyal Customer,16,Personal Travel,Eco,333,3,5,3,1,4,3,2,4,5,2,5,5,4,3.54,8,3,FALSE
Female,Loyal Customer,55,Business Travel,Business,451,1,1,1,1,5,4,5,5,5,5,5,5,3,3.54,0,0,TRUE
Male,Loyal Customer,12,Personal Travel,Eco,592,4,2,4,3,3,4,3,3,2,4,4,1,3,3.08,0,0,TRUE
Male,Loyal Customer,32,Business Travel,Eco,1127,5,4,4,4,5,5,5,5,2,4,4,3,5,4.23,0,0,TRUE
Male,Loyal Customer,38,Business Travel,Business,728,3,2,2,2,1,3,2,3,3,2,3,4,1,2.38,28,30,FALSE
Male,Loyal Customer,29,Business Travel,Business,1730,1,2,2,2,1,1,1,1,2,1,4,1,1,1.54,0,0,FALSE
Female,Loyal Customer,40,Business Travel,Business,1205,1,1,1,1,2,4,4,1,1,1,1,2,3,1.77,2,0,FALSE
Male,Loyal Customer,61,Business Travel,Business,854,2,4,4,4,5,3,3,2,2,2,2,2,4,3,11,0,FALSE
Male,Loyal Customer,33,Business Travel,Business,802,1,1,1,1,4,4,4,4,4,5,4,4,4,3.15,14,4,TRUE
Female,Loyal Customer,43,Business Travel,Eco,1014,4,3,3,3,5,3,3,4,4,4,4,5,5,3.85,0,0,TRUE
Male,Loyal Customer,55,Business Travel,Business,299,4,4,4,4,4,5,5,4,4,4,4,4,4,4.15,11,8,TRUE
Female,Disloyal Customer,37,Business Travel,Business,1464,3,3,3,3,1,3,1,1,4,5,4,4,1,2.77,0,0,FALSE
Female,Disloyal Customer,38,Business Travel,Eco,303,3,1,3,2,4,3,2,4,3,5,2,1,4,2.85,23,6,FALSE
Male,Disloyal Customer,26,Business Travel,Business,157,5,0,5,3,4,5,4,4,5,4,5,3,4,3.92,96,117,TRUE
Male,Loyal Customer,56,Business Travel,Business,2396,2,2,2,2,4,4,4,5,5,5,5,3,3,3.54,9,0,TRUE
Male,Disloyal Customer,27,Business Travel,Eco,945,3,3,3,2,3,3,3,3,2,1,4,1,3,2.62,0,0,FALSE
Male,Disloyal Customer,36,Business Travel,Business,2475,3,3,3,2,5,3,5,5,3,3,4,4,5,3.69,5,0,FALSE
Male,Loyal Customer,38,Business Travel,Business,192,0,4,0,1,1,5,1,5,5,5,5,2,3,2.85,0,0,TRUE
Female,Loyal Customer,35,Business Travel,Eco,1521,4,2,3,2,4,4,4,4,3,1,4,3,4,3.23,28,25,FALSE
Female,Loyal Customer,52,Personal Travel,Eco Plus,253,3,3,3,3,4,4,4,4,4,3,4,4,4,3.62,84,80,FALSE
Female,Disloyal Customer,46,Business Travel,Business,967,4,4,4,1,5,4,5,5,3,2,5,4,5,3.92,10,0,FALSE
Male,Loyal Customer,36,Business Travel,Eco Plus,438,3,1,1,1,3,3,3,3,4,5,4,4,3,2.92,0,9,FALSE
Male,Disloyal Customer,8,Business Travel,Eco,612,2,2,2,3,5,2,5,5,3,5,3,4,5,3.54,0,0,FALSE
Male,Loyal Customer,18,Personal Travel,Eco,448,2,3,2,3,5,2,5,5,4,1,2,1,5,3.08,0,0,FALSE
Female,Loyal Customer,39,Business Travel,Business,1590,4,4,4,4,3,5,4,5,5,4,5,4,3,4.15,3,0,TRUE
Female,Loyal Customer,40,Business Travel,Business,872,1,1,1,1,2,4,4,4,4,4,4,3,4,2.85,0,3,TRUE
Male,Loyal Customer,30,Business Travel,Business,955,1,1,1,1,5,5,5,5,2,5,2,3,5,3.15,0,4,TRUE
Female,Disloyal Customer,38,Business Travel,Eco,100,1,5,1,1,5,1,5,5,2,5,3,1,5,3.08,60,52,FALSE
Male,Loyal Customer,57,Personal Travel,Eco,129,2,0,2,3,5,2,5,5,5,5,4,3,5,3.54,0,0,FALSE
Male,Loyal Customer,30,Business Travel,Business,566,1,2,4,2,1,1,1,1,4,3,4,1,1,2,0,0,FALSE
Male,Loyal Customer,69,Personal Travel,Eco,447,1,5,1,2,4,1,4,4,4,2,4,4,4,3.08,0,0,FALSE
Male,Loyal Customer,8,Personal Travel,Eco,419,2,5,2,4,5,2,5,5,4,1,3,3,5,3.54,7,0,FALSE
Male,Loyal Customer,25,Business Travel,Business,3572,2,5,5,5,2,2,2,2,2,4,3,2,2,2.92,0,0,FALSE
Male,Loyal Customer,60,Business Travel,Business,2454,4,4,4,4,4,5,5,4,4,4,4,3,4,4.08,0,0,TRUE
Male,Loyal Customer,54,Business Travel,Business,89,2,3,3,3,2,4,3,2,2,2,2,3,4,2.69,0,0,FALSE
Female,Loyal Customer,29,Personal Travel,Eco,395,2,4,2,4,3,2,4,3,4,4,5,4,3,3.38,55,63,FALSE
Female,Loyal Customer,29,Business Travel,Business,351,1,1,1,1,4,4,4,4,4,3,5,3,4,3,0,5,TRUE
Female,Loyal Customer,44,Business Travel,Business,126,4,4,4,4,2,3,1,5,5,5,5,1,3,3.54,0,0,TRUE
Male,Loyal Customer,28,Business Travel,Business,852,4,4,4,4,4,4,4,4,4,2,4,3,4,3.77,0,0,TRUE
Male,Loyal Customer,55,Business Travel,Business,1065,3,3,3,3,1,4,1,4,4,4,4,2,3,3,0,0,TRUE
Female,Loyal Customer,25,Business Travel,Business,2192,3,1,3,3,3,3,3,3,5,1,3,2,3,2.77,0,0,TRUE
Male,Loyal Customer,50,Personal Travel,Eco Plus,1034,4,4,4,1,3,4,3,3,3,5,5,5,3,3.62,2,0,TRUE
Female,Disloyal Customer,37,Business Travel,Business,581,3,3,3,1,2,3,2,2,4,4,5,4,2,2.92,0,0,FALSE
Male,Loyal Customer,58,Personal Travel,Eco,577,2,4,2,5,1,2,1,1,4,2,4,5,1,2.62,0,0,FALSE
Female,Loyal Customer,70,Business Travel,Business,2146,1,2,2,2,1,1,1,3,2,3,3,1,1,1.77,0,3,FALSE
Female,Loyal Customer,54,Personal Travel,Eco,602,3,4,4,2,4,5,4,5,5,4,5,3,5,4.08,1,6,FALSE
Male,Loyal Customer,65,Personal Travel,Business,445,3,4,3,2,2,4,5,2,2,3,2,4,5,3.15,0,1,FALSE
Male,Loyal Customer,22,Business Travel,Business,650,1,3,3,3,1,1,1,1,4,2,4,3,1,2.15,0,0,FALSE
Male,Loyal Customer,57,Personal Travel,Eco,1440,4,4,4,4,2,4,2,2,4,2,3,3,2,3.08,16,36,FALSE
Female,Disloyal Customer,23,Business Travel,Eco,143,5,3,5,3,4,5,1,4,5,3,3,5,4,3.85,0,0,TRUE
Male,Loyal Customer,51,Business Travel,Business,1739,2,2,2,2,5,4,5,4,4,4,4,3,3,3.38,0,0,TRUE
Female,Disloyal Customer,37,Business Travel,Business,237,2,2,2,2,2,2,2,2,3,4,5,5,2,2.69,0,0,FALSE
Female,Disloyal Customer,32,Business Travel,Business,985,4,4,4,3,2,4,2,2,5,5,4,4,2,3.46,5,0,FALSE
Female,Loyal Customer,36,Personal Travel,Eco,781,2,3,2,3,3,2,4,3,3,3,2,3,3,2.77,32,16,FALSE
Female,Disloyal Customer,22,Business Travel,Eco,589,2,0,2,4,1,2,1,1,3,2,3,4,1,2,13,9,FALSE
Female,Loyal Customer,29,Business Travel,Business,1709,2,2,2,2,5,5,5,5,5,3,4,5,5,3.85,0,14,TRUE
Female,Loyal Customer,42,Business Travel,Business,3065,4,4,4,4,4,4,5,3,3,4,3,5,4,3.92,0,0,TRUE
Female,Disloyal Customer,24,Business Travel,Eco,987,1,1,1,3,4,1,4,4,5,2,5,5,4,3.08,14,2,FALSE
Female,Loyal Customer,28,Personal Travel,Eco,2457,4,4,4,2,1,4,1,1,5,5,5,4,1,3.15,0,0,FALSE
Female,Loyal Customer,45,Business Travel,Business,227,5,5,5,5,4,4,4,4,4,4,4,4,4,4.31,0,16,TRUE
Male,Loyal Customer,37,Personal Travel,Eco,333,3,5,5,5,1,5,1,1,5,2,5,3,1,3.23,0,2,FALSE
Male,Loyal Customer,37,Personal Travel,Eco,408,3,5,3,1,3,3,3,3,5,5,3,1,3,3.15,0,0,FALSE
Male,Loyal Customer,40,Business Travel,Eco,417,4,1,1,1,4,4,4,4,2,3,2,5,4,3,0,0,TRUE
Male,Loyal Customer,46,Business Travel,Business,453,1,1,5,1,3,4,4,4,4,4,4,3,5,3.31,0,0,TRUE
Female,Loyal Customer,42,Business Travel,Eco,480,2,4,4,4,2,4,3,2,2,2,2,3,1,2.69,0,11,FALSE
Male,Loyal Customer,30,Personal Travel,Eco Plus,997,4,3,4,1,5,4,4,5,1,4,4,4,5,3.69,1,0,FALSE
Female,Loyal Customer,23,Personal Travel,Eco,296,4,4,4,3,4,4,4,4,1,2,3,2,4,3.31,55,63,FALSE
Male,Disloyal Customer,30,Business Travel,Eco,737,4,4,4,3,2,4,2,2,5,1,4,1,2,2.92,22,,FALSE
Female,Loyal Customer,42,Business Travel,Business,1744,5,5,5,5,4,4,5,4,4,4,4,4,5,4.46,23,15,TRUE
Male,Loyal Customer,44,Business Travel,Eco,680,5,3,3,3,5,5,5,5,3,4,3,1,5,3.85,0,0,TRUE
Female,Loyal Customer,57,Personal Travel,Eco,888,2,3,2,4,4,5,4,3,3,2,2,5,5,3.38,107,104,FALSE
Male,Loyal Customer,26,Personal Travel,Eco,680,3,4,3,1,2,3,2,2,3,4,4,4,2,2.85,4,0,FALSE
Female,Loyal Customer,33,Business Travel,Eco Plus,404,4,4,4,4,4,4,4,4,3,4,3,2,4,3.69,0,0,FALSE
Female,Loyal Customer,27,Personal Travel,Eco,246,4,2,4,4,3,4,3,3,4,2,4,2,3,3.23,0,0,FALSE
Female,Loyal Customer,56,Business Travel,Business,1009,5,5,5,5,2,5,4,4,4,4,4,3,3,4.08,0,0,TRUE
Female,Loyal Customer,37,Personal Travel,Eco,896,3,2,3,4,4,3,4,4,2,5,4,1,4,3.31,0,7,FALSE
Male,Loyal Customer,15,Personal Travel,Business,649,3,5,3,5,1,3,1,1,2,3,2,4,1,2.62,14,11,FALSE
Male,Loyal Customer,44,Personal Travel,Business,335,1,4,1,3,4,5,5,1,1,1,1,3,5,2.69,0,2,FALSE
Female,Loyal Customer,33,Business Travel,Eco Plus,258,4,4,4,4,4,4,4,4,1,5,1,5,4,3.69,0,0,TRUE
Male,Loyal Customer,58,Business Travel,Business,2145,4,4,4,4,5,5,4,5,5,5,5,3,5,4.46,20,16,TRUE
Female,Loyal Customer,16,Personal Travel,Eco,304,1,2,1,2,3,1,1,3,3,3,2,3,3,2.15,0,0,FALSE
Male,Loyal Customer,49,Personal Travel,Eco,695,1,4,1,4,3,1,3,3,4,3,5,3,3,2.92,0,0,FALSE
Male,Disloyal Customer,35,Business Travel,Business,280,1,1,1,4,2,1,2,2,1,5,4,4,2,2.31,4,22,FALSE
Male,Loyal Customer,33,Business Travel,Eco,508,4,5,5,5,5,5,5,5,4,2,2,2,5,4.15,0,0,TRUE
Female,Loyal Customer,49,Personal Travel,Eco,986,0,4,0,4,2,3,4,5,5,0,1,1,1,2.31,0,0,TRUE
Female,Disloyal Customer,35,Business Travel,Business,1089,1,2,2,3,2,2,3,2,5,4,5,5,2,2.92,2,0,FALSE
Male,Loyal Customer,11,Personal Travel,Eco,626,3,5,4,5,3,4,3,3,4,5,1,3,3,3.54,0,26,FALSE
Male,Loyal Customer,66,Personal Travel,Eco,1416,1,4,1,2,4,1,1,4,4,2,3,5,4,2.77,0,0,FALSE
Female,Loyal Customer,42,Personal Travel,Eco Plus,841,3,5,3,3,4,5,5,1,1,3,1,3,4,3.15,15,16,FALSE
Male,Loyal Customer,26,Business Travel,Business,2139,5,5,5,5,4,4,4,4,4,4,4,3,4,4.23,2,0,TRUE
Male,Disloyal Customer,27,Business Travel,Business,271,3,3,3,4,4,3,4,4,4,5,1,1,4,3.31,2,0,FALSE
Male,Loyal Customer,37,Personal Travel,Eco,546,1,1,1,3,3,1,3,3,4,1,3,4,3,2.38,0,6,FALSE
Female,Loyal Customer,40,Business Travel,Business,1986,5,5,5,5,5,4,5,5,5,5,5,4,3,4.69,0,0,TRUE
Female,Disloyal Customer,29,Business Travel,Eco Plus,985,3,3,3,3,1,3,1,1,4,3,4,1,1,2.38,22,28,FALSE
Female,Loyal Customer,52,Business Travel,Business,2284,4,4,4,4,1,5,5,4,4,4,4,2,3,3.69,0,2,TRUE
Female,Loyal Customer,63,Personal Travel,Eco,163,5,4,5,3,4,5,4,2,2,5,2,4,5,3.85,0,0,TRUE
Female,Loyal Customer,49,Business Travel,Business,813,1,1,1,1,4,5,5,4,4,5,4,3,5,3.31,0,0,TRUE
Male,Disloyal Customer,21,Business Travel,Eco,745,4,4,4,5,1,4,1,1,3,5,4,3,1,3.08,0,0,FALSE
Male,Disloyal Customer,36,Business Travel,Business,447,2,2,2,2,3,2,3,3,4,2,5,3,3,2.77,0,0,FALSE
Male,Loyal Customer,42,Business Travel,Business,2045,4,4,4,4,4,5,5,3,3,3,3,4,3,3.77,0,0,TRUE
Female,Loyal Customer,39,Business Travel,Business,2419,5,5,4,5,4,4,4,5,5,5,5,3,4,4.46,0,1,TRUE
Male,Loyal Customer,31,Business Travel,Eco Plus,818,5,4,4,4,5,5,5,5,3,1,1,4,5,3.92,0,0,TRUE
Female,Loyal Customer,47,Business Travel,Business,1946,2,1,1,1,2,2,2,4,1,4,4,2,2,2.15,117,136,FALSE
Female,Loyal Customer,34,Business Travel,Business,857,1,1,1,1,3,5,5,5,5,5,5,4,4,3.46,0,0,TRUE
Female,Loyal Customer,27,Business Travel,Business,3461,4,4,4,4,5,4,5,5,3,4,5,5,5,4.38,0,0,TRUE
Male,Loyal Customer,43,Business Travel,Business,1072,1,1,1,1,5,4,5,5,5,5,5,3,4,3.46,16,6,TRUE
Female,Disloyal Customer,34,Business Travel,Business,888,3,3,3,1,1,3,1,1,5,5,5,3,1,2.69,0,16,FALSE
Male,Loyal Customer,38,Personal Travel,Eco,2704,5,3,5,2,5,4,3,1,5,3,5,3,3,3.62,2,0,TRUE
Male,Loyal Customer,15,Personal Travel,Eco Plus,236,3,5,3,1,4,3,4,4,4,4,5,5,4,3.77,0,5,FALSE
Male,Loyal Customer,67,Personal Travel,Business,620,1,5,2,4,2,3,3,4,2,5,5,3,3,3.23,165,142,FALSE
Female,Loyal Customer,30,Business Travel,Business,770,2,2,2,2,5,5,5,5,4,3,5,4,5,3.77,0,0,TRUE
Female,Loyal Customer,20,Business Travel,Business,226,1,4,4,4,1,1,1,1,2,3,4,1,1,2.15,26,18,FALSE
Male,Loyal Customer,56,Business Travel,Business,1444,1,2,3,2,2,3,4,1,1,1,1,1,3,1.92,0,3,FALSE
Male,Loyal Customer,23,Business Travel,Business,2920,1,1,1,1,4,4,4,4,3,2,4,4,4,2.85,0,0,TRUE
Female,Loyal Customer,49,Business Travel,Eco Plus,391,5,3,3,3,5,1,3,5,5,5,5,3,2,3.69,0,0,TRUE
Male,Loyal Customer,43,Business Travel,Business,3200,5,5,5,5,3,4,4,5,5,5,5,4,3,4.46,0,2,TRUE
Male,Loyal Customer,68,Business Travel,Business,3744,0,4,0,5,1,1,2,4,4,2,2,5,5,2.69,0,0,TRUE
Male,Loyal Customer,42,Business Travel,Eco,328,5,3,2,3,5,5,5,5,1,2,3,4,5,3.69,0,0,TRUE
Male,Loyal Customer,15,Personal Travel,Eco Plus,109,3,1,3,4,3,3,3,3,2,4,3,1,3,2.77,0,0,FALSE
Male,Loyal Customer,44,Business Travel,Business,213,4,4,4,4,4,5,4,4,4,4,4,5,3,4.08,5,1,TRUE
Male,Loyal Customer,35,Business Travel,Business,1172,3,3,3,3,3,4,5,4,4,4,4,4,5,3.77,0,0,TRUE
Female,Disloyal Customer,42,Business Travel,Eco Plus,212,2,2,2,4,5,2,5,5,3,4,4,4,5,3.62,0,0,FALSE
Female,Loyal Customer,48,Business Travel,Business,3816,5,5,5,5,3,5,5,5,5,5,5,3,3,4.54,0,1,TRUE
Female,Disloyal Customer,33,Business Travel,Eco,119,3,2,3,3,3,3,1,3,1,1,3,3,3,2.46,0,0,FALSE
Male,Loyal Customer,35,Business Travel,Business,2288,1,1,2,1,4,4,5,3,3,3,3,5,4,3,0,0,TRUE
Female,Loyal Customer,47,Business Travel,Eco,634,3,1,1,1,2,3,4,3,3,3,3,4,4,2.69,0,0,FALSE
Female,Loyal Customer,9,Personal Travel,Eco,501,3,4,3,1,5,3,5,5,4,5,4,5,5,4,15,14,FALSE
Male,Loyal Customer,9,Personal Travel,Eco,337,3,3,3,3,2,3,2,2,4,3,1,1,2,2.46,47,40,FALSE
Male,Disloyal Customer,35,Business Travel,Eco,298,3,0,3,4,5,3,5,5,4,5,1,2,5,3.46,0,0,FALSE
Male,Loyal Customer,16,Personal Travel,Business,109,2,4,2,1,1,2,1,1,4,4,4,3,1,2.31,0,4,FALSE
Male,Loyal Customer,43,Business Travel,Eco,679,2,4,4,4,2,2,2,2,2,4,3,2,2,2.69,9,0,FALSE
Female,Loyal Customer,36,Personal Travel,Eco,715,1,5,1,4,5,1,5,5,4,5,3,2,5,3.54,114,103,FALSE
Male,Loyal Customer,19,Personal Travel,Eco,328,2,0,2,1,3,2,1,3,3,5,5,5,3,2.69,0,0,FALSE
Male,Loyal Customer,24,Personal Travel,Eco,837,1,5,1,3,4,1,4,4,3,1,4,2,4,2.85,27,23,FALSE
Male,Loyal Customer,41,Business Travel,Business,867,2,2,3,2,5,5,5,4,4,4,4,4,4,3.69,0,0,TRUE
Female,Loyal Customer,21,Personal Travel,Eco,1072,5,4,5,2,3,5,3,3,4,4,5,5,3,3.92,0,0,TRUE
Female,Loyal Customer,39,Business Travel,Business,3235,2,2,2,2,2,5,4,5,5,4,5,5,5,3.69,11,0,TRUE
Female,Loyal Customer,37,Personal Travel,Eco Plus,1035,3,5,3,2,4,3,4,4,5,5,5,5,4,4,0,21,FALSE
Male,Loyal Customer,53,Business Travel,Eco,867,3,2,5,2,3,3,3,3,4,3,4,1,3,3,0,15,TRUE
Female,Loyal Customer,24,Business Travel,Business,2480,1,1,1,1,4,4,4,4,4,3,5,3,4,3,3,0,TRUE
Male,Loyal Customer,44,Business Travel,Business,1048,4,4,4,4,4,4,2,3,3,3,3,2,1,3.15,0,0,TRUE
Female,Loyal Customer,24,Personal Travel,Eco Plus,312,1,4,4,4,3,4,3,3,5,5,4,5,3,3.69,0,0,FALSE
Male,Loyal Customer,47,Business Travel,Business,3672,4,2,2,2,5,4,3,4,4,4,4,3,2,3.31,0,0,FALSE
Male,Disloyal Customer,16,Business Travel,Eco,214,2,4,1,3,4,1,4,4,1,5,4,4,4,3.15,14,24,FALSE
Female,Loyal Customer,53,Business Travel,Business,2734,1,1,4,1,5,4,5,4,4,4,4,5,3,3.46,54,33,TRUE
Female,Disloyal Customer,23,Business Travel,Eco,169,1,2,1,4,1,1,4,1,3,5,3,3,1,2.31,0,0,FALSE
Male,Disloyal Customer,36,Business Travel,Business,1087,2,1,1,5,3,1,3,3,5,3,4,3,3,2.85,0,0,FALSE
Male,Loyal Customer,70,Personal Travel,Eco,954,4,5,4,5,1,4,4,1,1,1,1,5,1,2.85,0,0,FALSE
Female,Loyal Customer,27,Personal Travel,Eco,946,3,4,3,2,3,3,3,3,1,2,4,4,3,2.92,0,26,FALSE
Female,Loyal Customer,53,Personal Travel,Eco,861,4,4,4,3,4,4,4,3,3,4,3,5,5,3.85,20,5,FALSE
Female,Disloyal Customer,23,Business Travel,Business,404,5,4,5,3,4,5,4,4,4,4,5,3,4,4.15,0,0,TRUE
Male,Loyal Customer,52,Business Travel,Business,1517,2,4,4,4,5,3,3,2,2,1,2,1,2,2.69,43,17,FALSE
Female,Disloyal Customer,36,Business Travel,Business,404,2,2,2,2,1,2,1,1,4,3,5,4,1,2.31,6,15,FALSE
Male,Loyal Customer,38,Business Travel,Business,402,4,4,4,4,4,4,5,3,3,3,3,5,4,3.85,0,9,TRUE
Female,Loyal Customer,45,Personal Travel,Eco,728,2,3,2,4,2,4,1,5,5,2,5,4,3,3.23,16,27,FALSE
Male,Loyal Customer,51,Business Travel,Eco Plus,135,3,5,5,5,3,3,3,3,2,2,1,4,3,3.23,0,18,FALSE
Male,Loyal Customer,51,Business Travel,Eco,1222,1,4,4,4,1,1,1,3,1,2,2,1,1,2,151,127,FALSE
Male,Loyal Customer,16,Personal Travel,Eco,361,3,5,3,5,5,3,4,5,3,3,5,3,5,4,0,0,FALSE
Male,Loyal Customer,12,Personal Travel,Eco,925,3,1,3,4,4,3,4,4,4,2,3,1,4,3.08,0,19,FALSE
Male,Loyal Customer,70,Personal Travel,Eco,991,0,4,0,5,2,0,2,2,3,2,4,4,2,2.31,0,0,TRUE
Female,Loyal Customer,65,Personal Travel,Eco,957,3,4,3,3,4,4,4,4,4,3,4,2,2,3.38,0,0,FALSE
Male,Loyal Customer,46,Business Travel,Business,2453,1,1,1,1,3,5,5,4,4,4,4,5,4,3.23,0,0,TRUE
Female,Loyal Customer,33,Personal Travel,Eco,373,2,5,2,3,5,2,5,5,4,3,4,5,5,3.85,55,94,FALSE
Male,Loyal Customer,51,Business Travel,Business,2586,4,4,4,4,2,4,5,5,5,5,5,3,5,4.23,0,0,TRUE
Female,Loyal Customer,27,Business Travel,Business,3183,1,1,1,1,4,4,4,4,3,5,4,4,4,3.08,0,0,TRUE
Male,Loyal Customer,33,Business Travel,Business,2701,3,3,3,3,5,5,5,5,4,5,5,2,5,4.08,0,,TRUE
Male,Loyal Customer,38,Business Travel,Eco,444,3,4,4,4,3,3,3,3,4,1,3,2,3,3.08,1,0,FALSE
Male,Loyal Customer,36,Business Travel,Business,2159,4,4,4,4,4,5,4,5,5,5,5,4,5,4.46,21,7,TRUE
Female,Loyal Customer,26,Personal Travel,Eco,928,4,4,4,4,2,4,2,2,1,2,3,1,2,2.69,0,0,FALSE
Male,Loyal Customer,33,Business Travel,Business,2447,4,5,5,5,4,4,4,4,3,4,3,3,4,4,0,0,FALSE
Male,Loyal Customer,45,Business Travel,Business,3923,5,5,5,5,2,4,4,5,5,5,5,5,4,4.54,0,0,TRUE
Female,Loyal Customer,40,Business Travel,Business,2068,4,4,3,4,3,5,4,4,4,4,4,5,5,4.08,2,0,TRUE
Male,Loyal Customer,47,Business Travel,Eco,978,4,3,3,3,4,4,4,4,5,2,2,2,4,3.38,0,0,TRUE
Male,Loyal Customer,46,Business Travel,Business,1670,1,1,1,1,5,5,5,4,3,3,5,5,5,3.38,480,471,TRUE
Male,Loyal Customer,34,Business Travel,Eco,522,4,3,4,3,4,4,4,4,5,3,2,2,4,3.54,0,0,TRUE
Male,Loyal Customer,41,Personal Travel,Eco,296,3,5,2,4,5,2,5,5,4,3,4,5,5,4,0,5,FALSE
Female,Disloyal Customer,37,Business Travel,Eco,304,1,5,1,4,2,1,5,2,5,2,3,1,2,2.62,0,3,FALSE
Female,Disloyal Customer,25,Business Travel,Business,547,2,4,2,5,4,2,4,4,4,3,4,5,4,3.62,0,0,FALSE
Female,Disloyal Customer,22,Business Travel,Eco,1276,4,4,4,4,3,4,3,3,5,4,5,4,3,3.85,0,0,FALSE
Female,Disloyal Customer,38,Business Travel,Business,911,4,4,4,3,2,4,2,2,4,4,5,4,2,3.38,4,0,TRUE
Female,Loyal Customer,30,Business Travel,Business,416,1,2,2,2,1,1,1,1,3,1,3,4,1,1.77,52,51,FALSE
Male,Loyal Customer,48,Business Travel,Eco Plus,1597,5,1,1,1,5,5,5,5,1,1,3,2,5,3.08,14,26,TRUE
Male,Loyal Customer,34,Business Travel,Business,602,4,2,2,2,5,3,4,4,4,4,4,4,2,3.38,0,0,FALSE
Female,Loyal Customer,49,Business Travel,Business,1635,4,4,4,4,4,4,5,5,5,5,5,3,5,4.38,7,0,TRUE
Female,Loyal Customer,18,Business Travel,Business,507,4,4,4,4,4,4,4,4,4,3,4,3,4,3.85,0,0,TRUE
Female,Loyal Customer,55,Business Travel,Business,370,1,1,1,1,3,5,5,4,4,4,4,3,4,3.08,0,0,TRUE
Female,Disloyal Customer,47,Business Travel,Business,783,3,3,3,2,1,3,1,1,3,4,4,5,1,2.62,12,9,FALSE
Female,Loyal Customer,47,Business Travel,Eco Plus,642,2,3,3,3,2,3,3,2,2,2,2,2,2,2.38,0,4,FALSE
Male,Loyal Customer,67,Personal Travel,Eco,237,4,4,4,1,1,4,1,1,3,4,4,4,1,2.77,0,0,TRUE
Female,Disloyal Customer,37,Business Travel,Business,447,5,5,5,3,1,5,1,1,4,5,4,4,1,3.38,0,0,TRUE
Male,Loyal Customer,53,Business Travel,Business,2704,4,4,4,4,2,4,4,4,4,4,4,5,5,4,1,6,TRUE
Male,Loyal Customer,53,Personal Travel,Eco,1726,5,4,5,2,4,4,3,4,5,4,5,4,4,4.08,0,0,TRUE
Female,Disloyal Customer,24,Business Travel,Eco,957,4,4,4,3,4,4,4,4,4,2,4,5,4,3.85,0,0,TRUE
Female,Loyal Customer,47,Business Travel,Business,229,1,1,1,1,2,5,5,5,5,5,5,5,5,3.54,35,22,TRUE
Male,Loyal Customer,54,Business Travel,Business,808,3,3,3,3,4,4,4,5,4,5,5,4,4,3.92,241,227,TRUE
Male,Loyal Customer,52,Business Travel,Business,130,1,1,1,1,5,4,4,5,5,5,5,4,3,3.38,0,0,TRUE
Male,Loyal Customer,23,Personal Travel,Eco,1609,1,5,1,2,5,1,3,5,5,3,3,4,5,3.31,3,7,FALSE
Male,Disloyal Customer,29,Business Travel,Eco,1121,3,3,3,3,3,3,3,3,4,4,2,4,3,3.15,24,20,FALSE
Male,Loyal Customer,37,Business Travel,Business,1119,2,2,1,2,5,5,5,4,4,4,4,5,5,3.69,0,0,TRUE
Male,Loyal Customer,48,Business Travel,Business,895,5,5,5,5,2,4,4,2,2,2,2,3,5,3.54,0,6,TRUE
Male,Loyal Customer,49,Business Travel,Business,2471,1,1,1,1,4,4,5,5,5,5,5,5,4,3.54,59,77,TRUE
Female,Disloyal Customer,38,Business Travel,Eco,297,2,4,2,2,4,2,4,4,3,3,5,4,4,3.31,0,0,FALSE
Male,Disloyal Customer,22,Business Travel,Business,895,4,0,4,5,2,4,1,2,5,3,4,3,2,3,0,0,TRUE
Male,Loyal Customer,36,Business Travel,Business,3667,1,1,1,1,3,3,1,5,5,5,5,2,4,2.85,36,36,TRUE
Female,Disloyal Customer,21,Business Travel,Business,508,5,0,5,3,2,5,2,2,3,3,5,3,2,3.08,0,0,TRUE
Male,Disloyal Customer,10,Business Travel,Business,1069,3,4,3,4,1,3,2,1,4,4,3,1,1,2.62,0,0,FALSE
Female,Loyal Customer,14,Personal Travel,Eco,338,4,3,1,3,2,1,1,2,3,5,2,1,2,2.31,0,0,FALSE
Female,Loyal Customer,19,Business Travel,Business,3197,5,5,5,5,5,5,5,5,4,2,4,4,5,4.54,0,0,TRUE
Male,Loyal Customer,43,Business Travel,Business,2169,3,3,3,3,5,5,4,5,5,4,5,4,3,4,0,0,TRUE
Male,Disloyal Customer,25,Business Travel,Business,386,4,4,4,5,2,4,3,2,4,2,4,3,2,3.31,94,94,FALSE
Male,Loyal Customer,48,Business Travel,Business,366,3,3,3,3,5,4,4,5,5,5,5,5,4,4.15,0,0,TRUE
Female,Loyal Customer,52,Personal Travel,Eco,200,3,3,0,4,3,3,3,5,5,0,5,2,4,3.08,0,0,FALSE
Female,Loyal Customer,58,Personal Travel,Eco,2475,2,0,2,1,2,1,1,4,5,4,5,1,1,2.23,61,102,FALSE
Female,Disloyal Customer,25,Business Travel,Eco,950,2,2,2,2,4,2,4,4,4,4,2,1,4,2.85,0,0,FALSE
Male,Loyal Customer,64,Personal Travel,Eco,946,3,5,3,1,4,3,4,4,2,1,5,4,4,3.31,2,0,FALSE
Male,Disloyal Customer,27,Business Travel,Eco,528,2,3,2,4,3,2,2,3,3,2,3,3,3,2.69,8,3,FALSE
Male,Loyal Customer,40,Business Travel,Business,2356,0,4,0,4,5,4,5,4,4,4,4,5,4,3.62,4,0,TRUE
Female,Loyal Customer,43,Personal Travel,Eco,986,5,5,5,1,4,4,5,4,4,5,4,5,4,4.23,12,0,TRUE
Male,Disloyal Customer,38,Business Travel,Eco,927,2,2,2,2,1,2,1,1,3,3,1,2,1,1.77,0,0,FALSE
Female,Loyal Customer,75,Business Travel,Business,2802,1,2,5,2,1,3,4,4,4,3,1,2,3,2.69,0,0,FALSE
Male,Disloyal Customer,39,Business Travel,Business,338,4,4,4,4,4,4,4,4,4,4,4,1,4,3.77,0,0,FALSE
Female,Loyal Customer,39,Business Travel,Business,1672,4,2,2,2,3,3,4,4,4,4,4,2,4,3.23,0,11,FALSE
Female,Loyal Customer,20,Personal Travel,Business,501,3,5,3,5,4,3,5,4,5,3,4,3,4,3.92,98,96,FALSE
Female,Loyal Customer,39,Business Travel,Eco,332,2,4,4,4,2,2,2,2,1,5,5,1,2,2.77,1,17,TRUE
Female,Disloyal Customer,50,Business Travel,Business,1670,2,2,2,5,2,2,2,2,5,3,5,5,2,3,0,4,FALSE
Male,Loyal Customer,27,Business Travel,Eco,2136,2,5,5,5,2,2,2,2,1,3,4,3,2,2.92,0,0,FALSE
Male,Disloyal Customer,23,Business Travel,Eco,370,2,1,2,3,2,2,2,2,4,4,3,1,2,2.31,52,47,FALSE
Male,Loyal Customer,48,Business Travel,Business,2722,1,1,1,1,3,4,4,5,5,5,5,4,4,3.31,0,0,TRUE
Male,Loyal Customer,31,Business Travel,Business,1028,3,3,3,3,5,5,5,5,1,5,3,3,5,3.77,0,49,TRUE
Male,Loyal Customer,42,Business Travel,Business,3678,2,2,2,2,4,5,5,5,5,5,5,4,4,3.85,3,0,TRUE
Male,Loyal Customer,40,Business Travel,Business,1653,3,3,3,3,1,3,3,5,5,5,4,3,4,3.46,10,1,TRUE
Male,Loyal Customer,61,Business Travel,Business,3504,2,5,5,5,3,4,3,2,2,2,2,1,3,3,127,124,FALSE
Female,Disloyal Customer,25,Business Travel,Eco,352,1,0,1,3,4,1,4,4,4,1,2,5,4,2.62,12,5,FALSE
Female,Loyal Customer,54,Business Travel,Business,2382,4,4,2,4,5,4,5,5,5,5,5,5,3,4.31,57,49,TRUE
Male,Loyal Customer,26,Personal Travel,Eco,432,2,5,4,3,2,4,1,2,3,4,5,5,2,3.23,1,0,FALSE
Male,Loyal Customer,54,Personal Travel,Eco,101,3,5,3,1,1,3,1,1,5,2,5,3,1,2.62,0,3,FALSE
Male,Disloyal Customer,48,Business Travel,Eco,1119,1,0,0,4,2,1,2,2,4,3,4,3,2,2.15,6,1,FALSE
Male,Loyal Customer,39,Business Travel,Business,744,5,5,5,5,5,5,5,4,4,5,4,5,4,4.69,5,16,TRUE
Male,Loyal Customer,41,Business Travel,Business,3479,3,3,3,3,2,5,4,5,5,5,5,3,4,3.85,0,0,TRUE
Male,Loyal Customer,25,Personal Travel,Eco Plus,980,4,1,4,4,3,4,2,3,1,3,4,4,3,3.08,0,6,FALSE
Male,Loyal Customer,68,Personal Travel,Eco,236,4,4,0,1,1,0,1,1,3,2,4,5,1,2.08,0,0,FALSE
Male,Disloyal Customer,12,Business Travel,Eco,1084,5,5,5,4,4,5,4,4,3,4,4,5,4,4.31,10,3,TRUE
Male,Loyal Customer,46,Business Travel,Business,134,5,5,5,5,3,4,5,4,4,4,4,4,3,4.23,12,16,TRUE
Female,Loyal Customer,38,Business Travel,Business,3297,3,3,3,3,1,2,1,5,5,5,5,1,5,3.23,0,0,TRUE
Female,Loyal Customer,52,Business Travel,Business,3093,4,4,4,4,2,4,4,5,5,5,5,5,5,4.31,0,0,TRUE
Female,Loyal Customer,51,Business Travel,Business,2643,2,5,5,5,5,4,3,2,2,2,2,3,4,3.38,0,14,FALSE
Female,Loyal Customer,57,Business Travel,Eco,391,2,1,1,1,4,4,3,1,1,2,1,4,2,2.08,0,0,FALSE
Male,Disloyal Customer,23,Business Travel,Business,480,5,5,5,2,3,5,3,3,3,5,5,4,3,3.92,0,0,TRUE
Female,Disloyal Customer,39,Business Travel,Eco,369,2,0,3,2,2,3,4,2,4,4,3,1,2,2.46,0,0,FALSE
Female,Loyal Customer,58,Personal Travel,Eco,280,1,4,1,1,3,5,4,5,5,1,5,4,4,3.31,9,38,FALSE
Female,Loyal Customer,24,Business Travel,Business,1547,1,1,1,1,3,3,3,3,2,1,4,5,3,2.38,0,0,TRUE
Female,Loyal Customer,30,Personal Travel,Eco,140,2,4,0,4,4,0,4,4,4,4,4,3,4,3.15,0,0,FALSE
Female,Loyal Customer,43,Business Travel,Business,469,4,1,1,1,2,3,4,4,4,4,4,2,4,2.92,99,99,FALSE
Male,Loyal Customer,60,Business Travel,Business,3822,5,5,5,5,2,4,5,4,4,4,4,4,4,4.23,2,0,TRUE
Male,Loyal Customer,60,Business Travel,Business,2165,4,4,4,4,3,4,4,5,5,5,5,3,4,4.15,60,98,TRUE
Male,Disloyal Customer,38,Business Travel,Business,213,4,3,3,4,2,3,3,2,3,2,4,3,2,2.92,0,0,TRUE
Male,Loyal Customer,53,Business Travel,Business,1235,1,1,1,1,4,4,5,4,4,4,4,3,5,3.15,0,0,TRUE
Male,Loyal Customer,62,Personal Travel,Eco,2248,4,4,4,4,2,4,2,2,2,5,3,4,2,3.23,56,34,FALSE
Female,Loyal Customer,38,Personal Travel,Eco,436,2,5,2,4,5,2,4,5,4,5,5,5,5,4.08,0,0,FALSE
Female,Loyal Customer,59,Business Travel,Business,296,5,5,5,5,5,4,5,5,5,5,5,3,4,4.69,5,12,TRUE
Female,Loyal Customer,18,Personal Travel,Eco Plus,794,2,4,2,3,1,2,4,1,3,5,4,4,1,2.77,6,0,FALSE
Male,Loyal Customer,59,Business Travel,Eco,542,2,3,3,3,2,2,2,2,1,5,1,1,2,2.23,15,9,TRUE
Male,Loyal Customer,7,Personal Travel,Eco,163,1,4,0,1,1,0,1,1,4,4,5,5,1,2.15,0,0,FALSE
Male,Loyal Customer,34,Business Travel,Business,2431,3,2,2,2,5,3,4,3,3,2,3,4,1,2.85,16,9,FALSE
Female,Loyal Customer,46,Personal Travel,Eco,685,2,5,2,4,3,4,4,2,2,2,2,4,3,3,9,8,FALSE
Female,Loyal Customer,34,Personal Travel,Eco,2521,4,5,4,1,5,4,1,5,2,1,3,1,5,3.15,100,,FALSE
Female,Loyal Customer,40,Personal Travel,Eco,534,2,4,2,1,1,2,1,1,5,5,4,3,1,2.46,0,0,FALSE
Female,Loyal Customer,47,Personal Travel,Eco,683,0,5,0,3,2,5,4,1,1,0,1,4,4,2.31,0,0,TRUE
Male,Loyal Customer,33,Business Travel,Eco,296,2,1,1,1,2,2,2,2,3,1,4,4,2,2.08,0,7,FALSE
Female,Disloyal Customer,25,Business Travel,Business,639,4,0,4,3,4,4,5,4,5,2,5,5,4,3.77,23,23,TRUE
Female,Loyal Customer,32,Business Travel,Eco Plus,954,1,3,4,3,1,1,1,1,1,4,4,1,1,2,0,1,FALSE
Male,Disloyal Customer,17,Business Travel,Eco Plus,302,3,0,3,3,4,3,4,4,1,5,1,3,4,2.92,0,0,FALSE
Male,Loyal Customer,19,Personal Travel,Eco,404,3,4,3,2,3,3,3,3,5,5,4,4,3,3.46,0,0,FALSE
Male,Loyal Customer,52,Business Travel,Business,1235,2,2,2,2,4,5,4,4,4,4,4,5,4,3.54,0,5,TRUE
Male,Disloyal Customer,39,Business Travel,Business,651,5,5,5,2,4,5,4,4,5,5,4,5,4,4.38,10,0,TRUE
Male,Loyal Customer,57,Business Travel,Eco,453,2,3,4,3,2,2,2,2,4,3,3,3,2,2.69,0,15,FALSE
Female,Loyal Customer,54,Business Travel,Business,970,1,4,4,4,3,2,2,1,1,1,1,1,2,2.08,0,0,FALSE
Female,Loyal Customer,12,Personal Travel,Eco,299,5,4,3,4,5,3,5,5,5,3,5,3,5,4.23,6,0,TRUE
Male,Disloyal Customer,26,Business Travel,Business,237,2,1,2,3,5,2,5,5,3,4,3,3,5,3.31,1,0,FALSE
Male,Loyal Customer,43,Personal Travel,Eco,190,1,3,1,4,4,1,4,4,3,4,4,2,4,3,2,36,FALSE
Female,Loyal Customer,26,Personal Travel,Eco,354,1,4,1,3,1,1,1,1,5,2,5,5,1,2.38,0,0,FALSE
Male,Disloyal Customer,33,Business Travel,Business,1747,2,2,2,3,4,2,4,4,4,2,4,5,4,3.23,6,0,FALSE
Male,Loyal Customer,53,Business Travel,Eco,1744,2,2,4,2,2,2,2,2,4,2,4,3,2,2.54,126,94,FALSE
Female,Loyal Customer,53,Business Travel,Business,1605,5,2,5,5,5,5,4,5,5,5,5,3,5,4.54,0,0,TRUE
Female,Disloyal Customer,36,Business Travel,Business,468,3,3,3,3,3,1,1,4,4,4,5,1,1,2.77,157,135,FALSE
Female,Loyal Customer,34,Business Travel,Business,106,4,4,4,4,3,5,1,4,4,4,5,4,5,3.92,0,3,TRUE
Female,Loyal Customer,27,Personal Travel,Eco,746,4,4,4,3,5,4,5,5,1,1,4,4,5,3.77,0,0,TRUE
Female,Disloyal Customer,36,Business Travel,Business,946,4,4,4,4,2,4,2,2,4,3,4,3,2,3.23,6,0,FALSE
Male,Loyal Customer,16,Business Travel,Business,1096,3,5,5,5,3,3,3,3,4,3,3,2,3,3.46,0,0,FALSE
Female,Loyal Customer,42,Business Travel,Business,862,5,5,5,5,2,3,3,4,4,3,4,2,2,3.62,15,5,TRUE
Male,Loyal Customer,40,Business Travel,Business,2333,2,2,2,2,3,4,5,5,5,5,5,4,3,3.62,0,0,TRUE
Male,Loyal Customer,62,Business Travel,Eco,990,2,1,1,1,2,2,2,2,3,4,2,3,2,2.08,22,22,FALSE
Female,Loyal Customer,52,Business Travel,Business,1846,2,2,2,2,3,4,4,3,3,3,3,5,5,3.15,0,0,TRUE
Male,Loyal Customer,27,Business Travel,Business,3008,2,2,2,2,5,5,5,5,3,3,4,3,5,3.54,0,0,TRUE
Female,Loyal Customer,25,Business Travel,Business,2964,3,3,3,3,3,4,3,3,1,3,4,1,3,2.85,26,10,FALSE
Male,Loyal Customer,38,Personal Travel,Eco Plus,543,3,4,3,3,5,3,5,5,4,2,5,3,5,3.85,13,1,FALSE
Male,Loyal Customer,27,Personal Travel,Eco,862,1,5,1,5,3,1,3,3,5,5,5,5,3,3.46,9,0,FALSE
Male,Loyal Customer,14,Personal Travel,Eco,762,2,4,2,3,1,2,2,1,5,3,1,5,1,2.46,0,0,FALSE
Male,Disloyal Customer,23,Business Travel,Eco,590,3,4,3,3,3,3,3,3,1,1,4,3,3,2.85,2,19,FALSE
Male,Loyal Customer,68,Personal Travel,Eco Plus,2125,4,2,4,3,5,4,4,5,1,5,4,3,5,3.77,6,4,FALSE
Male,Loyal Customer,33,Business Travel,Business,502,5,5,5,5,5,5,5,5,4,3,4,5,5,4.69,0,0,TRUE
Female,Loyal Customer,22,Personal Travel,Eco Plus,526,2,4,2,4,3,2,3,3,3,5,5,4,3,3.31,0,0,FALSE
Male,Loyal Customer,49,Business Travel,Business,3889,1,4,4,4,4,2,2,1,1,1,1,4,2,2.38,0,0,FALSE
Female,Loyal Customer,59,Business Travel,Business,2372,1,1,1,1,5,4,5,4,4,4,4,4,4,3.23,0,0,TRUE
Female,Loyal Customer,51,Personal Travel,Eco,349,2,5,4,2,1,5,1,4,4,4,4,3,5,3.38,0,0,FALSE
Female,Loyal Customer,40,Business Travel,Business,1009,5,5,5,5,5,4,5,3,3,3,3,4,4,4.15,3,4,TRUE
Male,Loyal Customer,20,Business Travel,Business,3634,5,5,5,5,2,2,2,2,3,4,4,4,2,3.46,0,0,TRUE
Male,Loyal Customer,51,Business Travel,Business,1389,2,2,2,2,4,4,4,4,4,4,4,4,3,3.31,1,0,TRUE
Male,Loyal Customer,31,Personal Travel,Eco,1020,4,4,4,4,4,4,4,4,2,3,4,4,4,3.77,14,0,FALSE
Female,Loyal Customer,38,Business Travel,Business,2256,5,5,5,5,5,5,4,4,4,5,4,3,3,4.38,0,0,TRUE
Female,Loyal Customer,51,Business Travel,Business,1262,2,2,4,2,3,4,4,5,5,5,5,4,3,3.69,0,0,TRUE
Male,Loyal Customer,35,Business Travel,Business,948,2,2,2,2,2,5,5,4,4,4,4,4,5,3.46,0,10,TRUE
Male,Loyal Customer,44,Personal Travel,Eco,2715,1,4,1,4,1,4,4,5,4,4,4,4,4,3.38,0,0,FALSE
Male,Loyal Customer,14,Personal Travel,Eco,2677,4,0,4,4,4,2,2,2,5,4,4,2,2,3,0,0,FALSE
Male,Loyal Customer,44,Business Travel,Eco,1927,2,2,5,2,2,2,2,2,1,4,4,1,2,2.38,0,0,FALSE
Female,Loyal Customer,37,Personal Travel,Eco,134,2,1,0,4,2,0,2,2,2,3,4,2,2,2,0,9,FALSE
Female,Disloyal Customer,29,Business Travel,Eco,925,1,1,1,3,1,1,1,1,2,1,4,1,1,1.46,0,0,FALSE
Male,Loyal Customer,14,Personal Travel,Eco,311,2,4,2,5,4,2,4,4,5,2,5,3,4,3.54,0,0,FALSE
Male,Loyal Customer,63,Business Travel,Business,432,4,1,4,4,4,5,5,5,5,5,5,5,3,4.23,8,10,TRUE
Male,Loyal Customer,53,Personal Travel,Eco,184,3,5,3,2,2,3,2,2,4,4,4,3,2,3,0,0,FALSE
Female,Loyal Customer,54,Business Travel,Business,2917,4,5,4,4,5,5,5,4,3,3,5,5,5,4.38,11,0,TRUE
Male,Loyal Customer,62,Business Travel,Business,2251,3,5,2,5,4,2,2,3,3,3,3,3,1,3,0,0,FALSE
Female,Loyal Customer,52,Business Travel,Eco Plus,837,2,2,4,4,3,3,3,2,2,2,2,1,3,2.54,0,8,FALSE
Female,Loyal Customer,8,Personal Travel,Eco Plus,1028,4,5,4,2,1,4,1,1,4,3,5,5,1,3.08,0,0,FALSE
Female,Disloyal Customer,25,Business Travel,Eco,674,4,4,4,1,5,4,5,5,2,5,5,1,5,3.85,1,9,FALSE
Female,Loyal Customer,65,Personal Travel,Eco,438,2,4,2,3,5,3,4,4,4,2,4,1,2,3.08,1,0,FALSE
Female,Disloyal Customer,26,Business Travel,Eco Plus,925,2,2,2,4,4,2,2,4,4,1,4,2,4,2.85,65,51,FALSE
Male,Loyal Customer,22,Personal Travel,Eco,2521,4,4,4,4,4,4,4,4,4,4,5,4,4,4.08,9,0,FALSE
Male,Loyal Customer,46,Business Travel,Business,383,1,1,1,1,2,4,5,4,4,4,4,5,3,3,0,0,TRUE
Male,Loyal Customer,33,Personal Travel,Eco,303,3,4,1,4,2,1,2,2,3,5,4,3,2,2.77,0,0,FALSE
Male,Loyal Customer,44,Business Travel,Business,2342,3,2,2,2,5,2,3,3,3,3,3,4,2,2.85,72,83,FALSE
Female,Loyal Customer,66,Personal Travel,Eco,550,3,3,3,3,4,4,3,5,5,3,5,4,3,3.69,0,0,FALSE
Female,Loyal Customer,60,Business Travel,Business,1744,2,2,2,2,5,5,5,2,2,2,2,4,3,2.92,0,4,TRUE
Female,Loyal Customer,20,Business Travel,Business,1687,1,0,0,3,1,0,1,1,1,1,3,4,1,1.31,0,0,FALSE
Male,Loyal Customer,77,Business Travel,Eco Plus,1190,5,3,3,3,5,5,5,5,5,2,3,1,5,3.85,0,0,TRUE
Female,Disloyal Customer,33,Business Travel,Eco Plus,337,3,3,3,3,2,3,2,2,1,5,3,4,2,2.77,4,0,FALSE
Male,Loyal Customer,29,Personal Travel,Business,315,2,2,3,4,3,3,3,3,4,2,4,4,3,3.08,0,0,FALSE
Male,Disloyal Customer,23,Business Travel,Eco,370,1,3,1,4,3,1,3,3,3,3,3,4,3,2.69,0,0,FALSE
Male,Loyal Customer,42,Business Travel,Business,680,5,5,5,5,2,4,4,5,5,5,5,4,3,4.38,22,9,TRUE
Male,Loyal Customer,63,Business Travel,Business,3919,2,2,2,2,1,4,3,2,2,2,2,4,2,2.31,17,11,FALSE
Male,Loyal Customer,67,Personal Travel,Eco,413,3,3,1,1,1,1,5,5,5,1,3,5,5,3,170,155,FALSE
Female,Disloyal Customer,27,Business Travel,Eco,326,2,0,2,2,5,2,5,5,1,3,5,5,5,3.23,0,2,FALSE
Male,Loyal Customer,36,Business Travel,Business,1189,1,3,3,3,2,3,4,1,1,1,1,2,1,2,12,4,FALSE
Female,Loyal Customer,23,Business Travel,Business,438,4,4,4,4,4,4,4,4,1,2,2,5,4,3.54,0,12,TRUE
Female,Loyal Customer,65,Business Travel,Business,1923,1,1,1,1,4,4,4,4,4,4,4,5,4,3.15,0,7,TRUE
Female,Disloyal Customer,25,Business Travel,Eco,347,2,0,2,3,1,2,1,1,5,4,2,1,1,1.92,14,11,FALSE
Female,Loyal Customer,49,Personal Travel,Eco Plus,151,2,4,2,4,4,5,5,4,4,2,4,5,5,3.85,0,0,FALSE
Male,Disloyal Customer,26,Business Travel,Eco,1195,3,3,3,1,1,3,1,1,4,3,5,1,1,2.31,0,0,FALSE
Male,Loyal Customer,57,Business Travel,Eco,867,1,0,0,3,2,1,2,2,3,3,3,2,2,1.85,130,126,FALSE
Female,Loyal Customer,68,Business Travel,Business,1911,3,3,3,3,1,4,4,2,2,3,3,1,1,2.54,59,54,FALSE
Male,Loyal Customer,25,Business Travel,Business,771,1,2,2,2,1,1,1,1,2,3,3,4,1,1.85,0,0,FALSE
Female,Loyal Customer,37,Business Travel,Business,3629,3,3,3,3,3,5,4,4,4,4,4,4,5,3.77,0,0,TRUE
Male,Loyal Customer,55,Business Travel,Business,328,0,0,0,3,2,5,5,2,2,2,2,3,3,2.23,10,9,TRUE
Male,Loyal Customer,51,Business Travel,Business,1389,1,2,2,2,2,3,3,1,1,1,1,1,2,1.69,0,0,FALSE
Female,Loyal Customer,46,Personal Travel,Eco,787,2,5,2,4,4,4,5,2,2,2,5,3,4,3.38,67,84,FALSE
Female,Loyal Customer,60,Business Travel,Eco,244,4,2,2,2,5,3,5,4,4,4,4,1,1,3.15,16,0,TRUE
Female,Loyal Customer,14,Personal Travel,Eco,937,3,3,3,3,1,3,1,1,5,1,5,4,1,2.62,14,0,FALSE
Male,Loyal Customer,59,Business Travel,Business,1675,5,5,5,5,4,5,5,4,4,5,4,4,5,4.62,1,0,TRUE
Male,Loyal Customer,31,Personal Travel,Eco,438,4,4,4,1,4,4,4,4,5,4,4,5,4,3.92,0,1,FALSE
Male,Loyal Customer,7,Personal Travel,Business,1306,4,4,4,1,4,2,2,5,4,4,5,2,2,3.31,33,153,TRUE
Male,Loyal Customer,53,Personal Travel,Business,134,2,2,2,3,5,3,3,2,2,2,2,4,3,2.69,80,71,FALSE
Male,Loyal Customer,38,Business Travel,Business,954,5,5,5,5,2,2,5,4,4,4,4,4,5,4.15,0,0,TRUE
Male,Disloyal Customer,35,Business Travel,Business,1123,3,4,4,4,5,4,5,5,3,3,3,3,5,3.92,0,0,FALSE
Male,Loyal Customer,38,Business Travel,Business,224,2,3,3,3,4,3,2,2,2,2,2,4,1,2.54,20,24,FALSE
Female,Loyal Customer,36,Business Travel,Eco Plus,356,4,2,2,2,4,4,4,4,3,5,5,3,4,3.54,0,0,TRUE
Male,Loyal Customer,66,Personal Travel,Business,2306,3,3,3,3,4,3,4,1,1,3,1,3,5,2.85,0,0,FALSE
Male,Loyal Customer,13,Personal Travel,Eco,1440,2,4,2,4,5,2,5,5,3,4,5,4,5,3.85,11,0,FALSE
Female,Loyal Customer,59,Personal Travel,Eco,383,3,3,3,3,5,3,3,1,1,3,1,3,1,2.54,0,0,FALSE
Male,Loyal Customer,59,Personal Travel,Eco,908,2,3,2,1,4,2,4,4,4,2,2,2,4,2.77,39,34,FALSE
Male,Loyal Customer,35,Business Travel,Eco Plus,787,3,4,4,4,3,3,3,3,4,3,4,2,3,3.31,22,10,FALSE
Female,Disloyal Customer,22,Business Travel,Eco,764,2,2,2,4,3,2,3,3,1,2,3,3,3,2.54,67,50,FALSE
Male,Loyal Customer,55,Business Travel,Business,3761,1,4,4,4,2,4,3,1,1,1,1,3,2,2.38,0,5,FALSE
Male,Disloyal Customer,11,Business Travel,Business,784,0,0,0,4,0,4,4,5,3,3,4,4,4,2.69,0,0,TRUE
Male,Loyal Customer,49,Business Travel,Business,2492,2,3,3,3,2,1,2,2,2,2,2,4,1,2.23,16,25,FALSE
Female,Loyal Customer,36,Personal Travel,Eco,2556,3,4,3,3,3,4,4,3,2,3,5,4,4,3.46,2,25,FALSE
Female,Loyal Customer,47,Business Travel,Business,1595,4,4,4,4,2,5,4,4,4,4,4,5,3,3.92,6,2,TRUE
Female,Loyal Customer,44,Business Travel,Business,438,1,1,1,1,4,4,4,4,4,4,4,3,3,2.92,0,0,TRUE
Female,Loyal Customer,42,Personal Travel,Eco,544,3,3,3,3,4,3,3,2,2,3,2,3,3,2.85,0,0,FALSE
Male,Loyal Customer,65,Business Travel,Business,3714,1,1,1,1,3,3,2,5,5,5,5,1,3,2.77,11,1,TRUE
Male,Loyal Customer,23,Business Travel,Eco Plus,725,2,4,4,4,2,2,2,2,4,2,4,1,2,2.69,0,0,FALSE
Female,Loyal Customer,49,Business Travel,Business,517,4,4,4,4,4,5,4,3,3,3,3,4,4,3.77,0,2,TRUE
Male,Loyal Customer,49,Business Travel,Eco,1028,3,1,1,1,3,3,3,3,2,2,2,3,3,2.31,0,0,FALSE
Male,Loyal Customer,48,Personal Travel,Eco,1947,2,4,2,4,2,2,1,2,4,3,4,4,2,2.77,28,19,FALSE
Female,Loyal Customer,51,Personal Travel,Eco,237,2,5,2,1,2,2,2,4,4,5,4,2,2,2.85,132,129,FALSE
Male,Loyal Customer,32,Business Travel,Business,2296,1,1,1,1,5,5,5,5,3,2,3,4,5,3.15,11,0,TRUE
Female,Disloyal Customer,25,Business Travel,Eco,944,3,4,4,4,4,4,4,4,1,4,3,2,4,3.46,0,7,FALSE
Female,Loyal Customer,14,Personal Travel,Eco,283,3,5,3,1,3,3,3,3,4,3,5,4,3,3.31,0,1,FALSE
Male,Disloyal Customer,33,Business Travel,Business,438,1,1,1,4,1,1,1,1,3,3,3,3,1,1.85,0,0,FALSE
Male,Disloyal Customer,59,Business Travel,Business,236,2,2,2,4,4,2,4,4,4,2,3,2,4,3,53,55,FALSE
Female,Loyal Customer,26,Personal Travel,Eco,1131,5,4,5,1,3,5,3,3,3,5,5,4,3,3.77,0,0,TRUE
Female,Loyal Customer,50,Business Travel,Eco,190,4,1,1,1,3,3,5,4,4,4,4,2,5,3.15,0,0,TRUE
Male,Loyal Customer,38,Business Travel,Business,3194,1,5,5,5,5,4,3,1,1,1,1,3,2,2.85,1,42,FALSE
Female,Loyal Customer,34,Personal Travel,Eco,671,3,5,3,3,5,3,4,5,5,4,5,5,5,4.23,0,0,FALSE
Male,Loyal Customer,57,Business Travel,Business,1703,2,2,2,2,3,3,5,5,5,5,5,4,3,3.54,0,0,TRUE
Female,Loyal Customer,22,Business Travel,Business,2474,3,3,3,3,4,4,4,4,1,5,4,4,4,3.54,0,0,TRUE
Female,Disloyal Customer,26,Business Travel,Business,762,1,1,1,5,4,1,4,4,3,5,4,4,4,3.15,0,0,FALSE
Male,Loyal Customer,43,Business Travel,Business,2728,2,2,2,2,2,2,2,2,1,4,4,2,2,2.23,268,255,FALSE
Male,Loyal Customer,47,Business Travel,Business,427,3,3,3,3,3,4,5,3,3,4,3,3,3,3.31,0,0,TRUE
Male,Loyal Customer,51,Personal Travel,Eco,628,4,5,5,2,2,5,1,2,3,4,4,4,2,3.31,0,0,FALSE
Female,Loyal Customer,30,Personal Travel,Eco,1546,3,4,3,4,2,3,2,2,5,5,4,5,2,3.38,28,17,FALSE
Female,Loyal Customer,25,Business Travel,Business,2198,2,3,3,3,2,2,2,2,3,4,4,3,2,2.69,67,66,FALSE
Female,Loyal Customer,54,Business Travel,Business,1554,2,2,2,2,2,5,1,4,4,4,4,2,1,2.69,39,53,TRUE
Male,Loyal Customer,15,Personal Travel,Eco,2075,3,4,3,4,5,3,2,5,4,5,4,2,5,3.77,0,0,FALSE
Female,Loyal Customer,50,Personal Travel,Eco,328,3,5,3,2,5,4,5,4,4,3,4,4,3,3.77,0,2,FALSE
Female,Loyal Customer,52,Business Travel,Business,1829,2,2,2,2,5,3,4,3,3,4,3,3,3,3,0,0,TRUE
Female,Loyal Customer,9,Personal Travel,Eco Plus,313,3,4,3,2,4,3,4,4,4,4,4,5,4,3.69,0,29,FALSE
Female,Loyal Customer,49,Business Travel,Business,431,5,5,5,5,2,5,4,4,4,4,4,4,5,4.31,18,10,TRUE
Female,Loyal Customer,15,Personal Travel,Eco,1121,4,5,4,3,4,4,4,4,3,3,5,4,4,3.92,0,0,FALSE
Male,Loyal Customer,58,Personal Travel,Eco,1099,5,3,5,2,2,5,2,2,3,1,4,2,2,2.92,0,0,TRUE
Male,Loyal Customer,55,Business Travel,Business,3834,2,2,2,2,2,4,5,4,4,4,4,5,4,3.38,0,0,TRUE
Male,Loyal Customer,35,Business Travel,Business,1773,1,1,1,1,5,5,4,5,5,5,5,3,5,3.54,0,0,TRUE
Female,Loyal Customer,42,Business Travel,Business,2720,0,4,0,3,5,5,5,5,5,4,5,5,5,3.92,144,134,TRUE
Male,Loyal Customer,55,Business Travel,Business,3295,3,3,3,3,3,5,4,3,3,4,3,5,4,3.54,23,25,TRUE
Male,Disloyal Customer,39,Business Travel,Eco,326,2,5,2,4,5,2,5,5,1,1,2,3,5,3.23,14,10,FALSE
Female,Disloyal Customer,56,Personal Travel,Eco,590,2,1,1,3,4,1,4,4,1,3,2,2,4,2.46,1,0,FALSE
Female,Loyal Customer,17,Personal Travel,Eco,687,2,4,2,5,5,2,5,5,2,5,1,3,5,3.54,0,0,FALSE
Male,Loyal Customer,60,Business Travel,Business,3227,1,1,4,1,4,4,4,2,2,3,2,4,4,2.77,0,0,TRUE
Male,Loyal Customer,27,Personal Travel,Eco Plus,304,1,5,1,4,4,1,4,4,4,4,4,4,4,3.38,0,0,FALSE
Female,Loyal Customer,7,Personal Travel,Eco,813,3,2,3,3,4,3,4,4,4,3,3,3,4,3.31,0,0,FALSE
Female,Disloyal Customer,48,Business Travel,Eco,814,2,3,3,4,4,3,4,4,4,4,3,3,4,3.46,6,10,FALSE
Female,Disloyal Customer,23,Business Travel,Eco,1242,3,3,3,2,4,3,1,4,4,5,1,4,4,3.15,0,0,TRUE
Female,Loyal Customer,45,Business Travel,Business,1428,4,4,4,4,1,5,4,4,4,4,4,1,2,3.46,16,0,TRUE
Male,Loyal Customer,60,Business Travel,Business,2256,2,2,2,2,4,4,4,3,3,4,4,5,4,3.31,0,0,TRUE
Female,Loyal Customer,51,Business Travel,Business,3568,5,5,5,5,4,5,4,4,4,4,4,3,4,4.31,3,0,TRUE
Female,Loyal Customer,20,Personal Travel,Eco,2556,1,5,0,3,1,0,1,1,5,4,5,1,1,2.15,1,0,FALSE
Female,Loyal Customer,26,Business Travel,Business,3299,4,4,4,4,4,4,4,4,2,1,4,5,4,3.69,0,0,TRUE
Female,Loyal Customer,41,Business Travel,Business,3974,4,4,1,4,3,5,5,4,4,5,4,5,5,4.08,25,19,TRUE
Male,Loyal Customer,26,Business Travel,Eco,522,4,2,1,2,4,4,5,4,2,2,3,2,4,3,9,18,TRUE
Male,Loyal Customer,50,Personal Travel,Eco,314,2,4,2,4,3,2,3,3,5,2,5,3,3,3.15,19,15,FALSE
Male,Loyal Customer,17,Personal Travel,Eco,853,3,4,3,5,1,3,1,1,3,5,5,3,1,2.92,4,0,FALSE
Female,Loyal Customer,21,Personal Travel,Eco,666,2,4,2,2,2,2,2,2,4,5,5,5,2,3,22,7,FALSE
Male,Disloyal Customer,27,Business Travel,Business,287,2,2,2,3,5,2,5,5,4,2,2,3,5,3.23,104,91,FALSE
Female,Loyal Customer,46,Business Travel,Business,1771,3,3,3,3,4,2,3,3,3,3,3,1,1,2.69,0,0,FALSE
Male,Loyal Customer,22,Business Travel,Eco Plus,944,5,1,1,1,5,5,3,5,2,5,1,4,5,3.31,16,19,TRUE
Female,Loyal Customer,41,Business Travel,Business,3720,4,4,4,4,2,3,5,5,5,5,5,4,4,4.15,11,5,TRUE
Male,Loyal Customer,47,Business Travel,Business,1854,3,3,3,3,2,4,5,5,5,5,5,5,4,4,0,0,TRUE
Female,Disloyal Customer,31,Business Travel,Business,1910,3,3,3,4,3,3,2,3,4,2,2,3,3,2.92,0,0,FALSE
Female,Loyal Customer,51,Business Travel,Business,723,4,3,3,3,2,2,2,4,4,4,4,3,3,3.15,20,14,FALSE
Male,Loyal Customer,60,Personal Travel,Eco,854,2,5,2,4,5,2,5,5,5,3,5,5,5,4.08,0,0,FALSE
Male,Loyal Customer,28,Business Travel,Business,337,2,5,5,5,2,3,2,2,1,1,3,2,2,2.69,19,27,FALSE
Female,Loyal Customer,48,Business Travel,Eco,383,4,5,5,5,5,1,2,4,4,4,4,4,3,3.85,0,0,TRUE
Male,Disloyal Customer,26,Business Travel,Eco,946,1,1,1,2,4,1,4,4,3,5,3,2,4,2.69,0,17,FALSE
Female,Loyal Customer,58,Business Travel,Business,767,5,5,5,5,5,5,4,5,5,5,5,5,4,4.85,0,0,TRUE
Female,Loyal Customer,24,Personal Travel,Eco Plus,936,3,4,2,3,1,2,5,1,2,2,3,4,1,2.54,0,0,FALSE
Male,Disloyal Customer,38,Business Travel,Business,432,2,2,2,2,1,2,1,1,4,3,4,4,1,2.23,0,0,FALSE
Female,Loyal Customer,46,Business Travel,Eco,546,2,3,3,3,3,2,3,2,2,2,2,4,1,2.46,0,0,FALSE
Female,Loyal Customer,40,Business Travel,Business,3336,1,1,1,1,5,5,4,4,4,4,4,3,5,3.23,48,42,TRUE
Male,Loyal Customer,37,Personal Travel,Eco,1565,3,4,4,4,4,4,4,4,4,4,5,3,4,3.92,2,0,FALSE
Female,Loyal Customer,67,Personal Travel,Eco,663,2,2,2,4,3,4,3,2,2,2,2,1,4,2.54,1,0,FALSE
Male,Disloyal Customer,25,Business Travel,Eco,323,4,3,4,1,5,4,5,5,4,5,4,4,5,4.08,33,23,TRUE
Female,Loyal Customer,33,Business Travel,Eco,188,5,1,4,1,5,5,5,5,2,5,1,2,5,3.54,0,12,TRUE
Female,Loyal Customer,32,Business Travel,Business,3134,4,4,4,4,5,5,5,5,3,3,3,2,5,4,0,0,TRUE
Male,Loyal Customer,27,Personal Travel,Eco,622,3,5,3,3,1,3,1,1,5,5,5,3,1,3,115,104,FALSE
Male,Disloyal Customer,24,Business Travel,Eco,2704,2,1,1,2,2,2,2,4,3,3,3,2,2,2.23,6,10,FALSE
Male,Loyal Customer,27,Business Travel,Eco,1751,1,2,2,2,1,1,1,1,2,3,4,4,1,1.92,0,0,FALSE
Female,Loyal Customer,8,Personal Travel,Eco,954,1,1,0,3,4,0,4,4,3,4,3,3,4,2.62,0,4,FALSE
Male,Disloyal Customer,35,Business Travel,Eco Plus,2405,2,2,2,1,2,2,2,2,2,2,1,5,2,2.08,0,0,FALSE
Female,Loyal Customer,14,Personal Travel,Eco,479,4,2,4,3,4,4,4,4,3,5,3,1,4,3.46,0,2,FALSE
Male,Loyal Customer,28,Business Travel,Business,787,2,2,2,2,5,4,5,5,5,3,5,4,5,3.77,1,0,TRUE
Female,Loyal Customer,26,Business Travel,Business,3493,3,3,3,3,5,5,5,5,5,4,5,5,5,4.31,0,0,TRUE
Female,Loyal Customer,55,Business Travel,Eco,284,4,5,5,5,3,1,2,4,4,4,4,3,1,3.46,50,44,TRUE
Male,Loyal Customer,46,Business Travel,Eco,557,2,5,5,5,2,2,2,2,3,1,3,4,2,2.92,0,4,FALSE
Male,Loyal Customer,46,Business Travel,Eco,529,5,3,3,3,5,5,5,5,3,4,2,4,5,4,53,52,TRUE
Female,Disloyal Customer,22,Business Travel,Eco,570,0,0,0,3,2,0,2,2,5,4,4,5,2,2.23,7,12,TRUE
Male,Loyal Customer,52,Business Travel,Business,646,2,4,2,2,2,5,4,5,5,5,5,5,4,3.85,0,0,TRUE
Female,Loyal Customer,26,Business Travel,Business,2136,5,5,5,5,5,4,5,5,3,3,3,2,5,4.23,0,0,FALSE
Female,Loyal Customer,58,Business Travel,Business,3399,1,1,1,1,5,5,4,5,5,5,5,4,5,3.62,0,12,TRUE
Female,Disloyal Customer,9,Business Travel,Eco,1047,1,2,2,3,2,2,2,2,1,5,3,1,2,2.15,0,0,FALSE
Male,Loyal Customer,41,Personal Travel,Eco,259,1,3,1,3,5,1,5,5,1,1,4,3,5,2.92,0,2,FALSE
Female,Loyal Customer,27,Business Travel,Business,2611,0,0,0,1,4,3,3,4,1,5,5,4,4,2.62,0,0,TRUE
Female,Loyal Customer,58,Personal Travel,Business,1217,4,0,4,4,2,5,5,1,1,4,1,4,1,2.77,40,34,FALSE
Male,Loyal Customer,34,Personal Travel,Eco,315,3,3,3,3,1,3,1,1,4,4,2,2,1,2.38,0,0,FALSE
Male,Loyal Customer,25,Business Travel,Business,1722,2,5,4,5,2,3,2,2,1,5,3,2,2,2.92,22,19,FALSE
Female,Disloyal Customer,21,Business Travel,Business,536,4,0,4,3,5,4,5,5,2,1,4,5,5,3.62,0,0,TRUE
Female,Loyal Customer,55,Business Travel,Business,2904,4,5,5,5,5,3,3,4,4,4,4,3,4,4.08,58,,FALSE
Male,Loyal Customer,41,Personal Travel,Eco,502,4,5,4,5,4,4,4,4,3,4,5,3,4,4.08,0,0,TRUE
Female,Loyal Customer,46,Business Travel,Business,3389,5,5,5,5,5,5,5,5,5,5,5,3,4,4.77,0,0,TRUE
Male,Loyal Customer,23,Personal Travel,Eco,907,2,5,2,3,3,2,2,3,4,3,4,5,3,3.15,0,4,FALSE
Male,Disloyal Customer,22,Business Travel,Eco,1034,4,4,4,2,2,4,2,2,4,4,5,5,2,3.38,80,66,TRUE
Female,Loyal Customer,46,Business Travel,Business,1590,4,4,4,4,4,5,4,5,5,5,5,3,4,4.31,30,17,TRUE
Female,Loyal Customer,49,Business Travel,Eco,436,4,1,1,1,2,5,5,4,4,4,4,1,4,3.08,0,0,TRUE
Male,Loyal Customer,52,Business Travel,Eco,190,3,5,5,5,3,3,3,3,1,1,3,2,3,3.08,38,38,FALSE
Male,Loyal Customer,52,Business Travel,Business,2760,3,3,3,3,5,4,5,5,5,5,5,2,4,4,35,55,TRUE
Female,Disloyal Customer,22,Business Travel,Business,753,4,0,4,1,4,4,4,4,4,3,5,3,4,3.38,0,0,TRUE
Male,Loyal Customer,37,Business Travel,Eco,946,4,3,3,3,4,4,4,4,1,3,4,2,4,3.31,0,0,TRUE
Female,Loyal Customer,33,Business Travel,Eco,223,2,2,2,2,2,2,2,2,1,2,4,3,2,2.15,0,0,FALSE
Female,Loyal Customer,50,Business Travel,Business,2475,1,1,1,1,2,4,5,4,4,4,4,5,4,3.08,0,0,TRUE
Male,Disloyal Customer,33,Business Travel,Eco,329,3,1,3,4,2,3,2,2,1,4,3,2,2,2.46,60,62,FALSE
Female,Loyal Customer,13,Personal Travel,Eco,2338,3,4,2,3,4,2,4,4,3,5,4,3,4,3.46,25,11,FALSE
Male,Loyal Customer,13,Business Travel,Business,1448,3,3,3,3,4,4,4,4,3,5,4,3,4,3.62,0,0,TRUE
Female,Loyal Customer,22,Business Travel,Business,335,3,1,1,1,3,3,3,3,3,5,4,1,3,2.62,0,0,FALSE
Female,Loyal Customer,69,Personal Travel,Eco,1721,4,4,4,1,5,5,4,4,4,4,4,3,4,3.85,0,7,TRUE
Male,Loyal Customer,48,Business Travel,Business,2079,4,4,3,4,2,4,4,4,4,4,4,4,3,3.69,0,0,TRUE
Male,Disloyal Customer,17,Business Travel,Eco,1346,4,3,3,3,4,4,4,4,2,2,1,5,4,3.31,0,0,FALSE
Female,Loyal Customer,53,Business Travel,Business,265,2,2,2,2,2,4,5,4,4,4,4,5,3,3.31,0,0,TRUE
Female,Disloyal Customer,26,Business Travel,Eco,1080,3,4,4,3,4,4,4,4,1,1,2,5,4,3.31,2,13,FALSE
Female,Loyal Customer,62,Business Travel,Eco,192,1,1,1,1,1,3,3,1,1,1,1,3,3,1.62,5,18,FALSE
Male,Loyal Customer,72,Business Travel,Eco Plus,270,1,1,5,1,1,1,1,1,1,1,4,1,1,1.54,6,0,FALSE
Male,Loyal Customer,48,Personal Travel,Eco,139,1,5,1,3,1,2,2,4,2,3,5,2,2,2.54,133,135,FALSE
Female,Loyal Customer,40,Business Travel,Business,728,1,1,4,1,4,4,4,4,4,4,4,5,5,3.46,6,0,TRUE
Female,Loyal Customer,42,Business Travel,Eco,890,2,3,3,3,3,5,4,2,2,2,2,2,2,2.69,0,3,TRUE
Male,Loyal Customer,38,Business Travel,Eco,404,5,4,4,4,5,5,5,5,1,4,1,2,5,3.85,0,0,TRUE
Female,Disloyal Customer,37,Business Travel,Eco,887,2,2,2,4,5,2,5,5,3,3,4,2,5,3.38,9,0,FALSE
Female,Loyal Customer,68,Personal Travel,Eco,1345,2,5,2,3,2,5,5,3,3,2,3,2,4,3.15,0,0,FALSE
Male,Loyal Customer,30,Business Travel,Eco Plus,853,4,5,5,5,4,4,4,4,1,3,2,3,4,3.69,90,88,FALSE
Female,Disloyal Customer,57,Business Travel,Eco,226,1,3,1,3,1,1,1,1,1,1,3,1,1,1.46,0,0,FALSE
Female,Loyal Customer,24,Business Travel,Eco,641,3,4,4,4,3,3,2,3,3,2,2,1,3,2.85,6,8,FALSE
Female,Loyal Customer,28,Business Travel,Business,3758,1,1,1,1,4,4,4,4,3,3,5,4,4,3,8,0,TRUE
Female,Loyal Customer,28,Business Travel,Business,1918,3,3,3,3,4,5,4,4,4,3,4,4,4,3.69,0,0,TRUE
Male,Loyal Customer,77,Business Travel,Business,3535,3,3,3,3,5,2,2,3,3,3,3,2,2,2.85,0,0,FALSE
Female,Loyal Customer,60,Business Travel,Business,3565,3,3,3,3,5,5,4,4,4,4,4,4,5,3.92,1,0,TRUE
Female,Disloyal Customer,28,Business Travel,Eco,427,3,0,3,4,3,3,3,3,4,2,5,4,3,3.08,19,0,FALSE
Male,Loyal Customer,30,Business Travel,Business,3752,5,5,5,5,5,5,5,5,4,3,4,4,5,4.62,3,6,TRUE
Female,Loyal Customer,38,Personal Travel,Eco,109,1,3,1,1,5,1,5,5,3,5,1,2,5,2.92,31,27,FALSE
Male,Disloyal Customer,48,Business Travel,Eco,247,4,2,4,3,1,4,1,1,1,5,3,2,1,2.46,55,42,FALSE
Female,Loyal Customer,23,Business Travel,Eco,157,2,4,4,4,2,3,2,2,5,3,3,2,2,2.92,172,185,FALSE
Female,Loyal Customer,38,Business Travel,Business,3983,5,5,5,5,4,2,2,5,5,5,5,5,5,4.46,0,0,TRUE
Male,Loyal Customer,39,Business Travel,Eco,238,5,5,5,5,5,5,5,5,4,5,4,3,5,4.69,48,45,TRUE
Male,Loyal Customer,40,Business Travel,Business,3777,1,5,5,5,2,3,4,1,1,1,1,2,2,2.54,8,15,FALSE
Female,Loyal Customer,46,Business Travel,Business,1917,3,3,3,3,2,4,5,3,3,3,3,4,3,3.23,1,17,TRUE
Male,Loyal Customer,49,Business Travel,Business,2868,4,4,4,4,2,4,5,5,5,5,5,3,5,4.23,6,0,TRUE
Male,Loyal Customer,57,Business Travel,Business,632,2,2,2,2,5,5,5,2,3,2,3,5,5,3.31,171,164,TRUE
Female,Loyal Customer,55,Business Travel,Business,2519,4,4,4,4,3,4,5,4,4,4,4,4,5,4.08,5,0,TRUE
Female,Disloyal Customer,38,Business Travel,Eco,134,3,4,4,3,2,4,2,2,3,1,3,1,2,2.62,24,19,FALSE
Male,Loyal Customer,36,Business Travel,Business,1438,3,3,3,3,2,4,4,4,4,4,4,3,5,3.54,0,0,TRUE
Male,Loyal Customer,54,Business Travel,Business,2373,1,1,1,1,4,5,4,5,5,5,5,5,4,3.54,0,0,TRUE
Female,Loyal Customer,33,Business Travel,Business,3585,1,5,5,5,4,3,3,1,1,1,1,4,3,2.85,14,24,FALSE
Female,Loyal Customer,25,Business Travel,Business,2748,2,4,4,4,2,2,2,2,3,3,3,4,2,2.85,0,0,FALSE
Female,Disloyal Customer,25,Business Travel,Business,1172,5,0,5,2,4,5,4,4,5,2,5,3,4,3.69,0,0,TRUE
Male,Loyal Customer,60,Business Travel,Business,1061,2,2,2,2,4,4,4,4,4,4,4,3,4,3.31,20,0,TRUE
Male,Loyal Customer,33,Personal Travel,Eco,694,2,5,2,3,2,2,2,2,3,3,5,4,2,2.85,1,0,FALSE
Female,Disloyal Customer,25,Business Travel,Eco,191,1,2,1,4,3,1,4,3,1,1,4,4,3,2.46,0,0,FALSE
Male,Loyal Customer,44,Personal Travel,Eco,517,3,5,3,4,4,3,1,4,4,3,4,5,4,3.62,0,0,FALSE
Female,Loyal Customer,49,Business Travel,Eco Plus,977,3,3,3,3,3,3,3,3,3,3,3,4,4,3.15,11,4,FALSE
Male,Loyal Customer,68,Personal Travel,Eco,775,2,1,2,4,3,2,3,3,4,2,4,1,3,2.62,0,6,FALSE
Female,Disloyal Customer,34,Business Travel,Eco Plus,481,4,4,4,3,1,4,1,1,4,1,5,4,1,2.85,0,0,FALSE
Male,Loyal Customer,51,Business Travel,Business,2962,4,4,4,4,4,4,5,5,5,4,5,5,4,4.38,0,0,TRUE
Female,Loyal Customer,59,Business Travel,Business,861,4,4,4,4,5,5,4,5,5,5,5,5,3,4.46,0,0,TRUE
Female,Loyal Customer,25,Personal Travel,Eco,763,4,3,4,2,3,4,3,3,4,2,3,3,3,3.15,0,0,TRUE
Male,Loyal Customer,33,Personal Travel,Eco Plus,414,3,1,3,2,4,3,4,4,1,4,2,2,4,2.85,6,0,FALSE
Female,Loyal Customer,19,Personal Travel,Eco,507,2,5,2,1,3,2,3,3,3,4,4,3,3,2.92,62,60,FALSE
Female,Disloyal Customer,35,Business Travel,Eco,1133,3,3,3,3,5,3,3,5,2,4,2,4,5,3.46,0,0,FALSE
Male,Loyal Customer,30,Personal Travel,Eco,997,3,5,3,3,5,3,5,5,1,2,5,2,5,3.62,0,0,FALSE
Female,Loyal Customer,41,Business Travel,Business,1576,2,2,2,2,2,5,4,3,3,3,3,3,5,3,0,0,TRUE
Male,Disloyal Customer,37,Business Travel,Business,762,2,2,2,4,5,2,5,5,1,2,3,1,5,3,18,16,FALSE
Female,Loyal Customer,56,Business Travel,Eco,2133,3,1,1,1,3,1,2,3,3,3,3,4,1,2.23,42,54,FALSE
Female,Loyal Customer,54,Business Travel,Business,2517,2,2,2,2,5,4,4,4,4,4,4,4,4,3.46,0,1,TRUE
Male,Loyal Customer,28,Business Travel,Business,3414,2,2,2,2,2,2,2,2,4,5,4,4,2,2.69,0,0,FALSE
Male,Loyal Customer,57,Personal Travel,Eco,404,1,4,1,3,1,1,1,1,3,2,4,3,1,2,24,20,FALSE
Female,Loyal Customer,57,Business Travel,Eco,106,4,2,2,2,4,5,1,4,4,4,4,5,5,3.54,0,0,TRUE
Male,Loyal Customer,33,Business Travel,Business,325,2,2,2,2,5,5,5,5,3,5,4,5,5,3.85,0,0,TRUE
Female,Disloyal Customer,26,Business Travel,Business,993,4,4,4,4,5,4,5,5,5,2,4,5,5,4.31,0,0,TRUE
Male,Disloyal Customer,23,Business Travel,Eco,692,2,2,2,3,4,2,4,4,5,2,5,5,4,3.38,67,80,FALSE
Male,Loyal Customer,48,Business Travel,Eco Plus,842,3,3,3,3,3,3,3,3,3,3,1,1,3,2.69,0,0,TRUE
Female,Loyal Customer,38,Business Travel,Business,2710,5,5,5,5,4,4,5,4,4,4,4,5,3,4.38,0,0,TRUE
Male,Loyal Customer,52,Business Travel,Business,1861,5,5,5,5,4,4,4,3,3,3,3,3,3,3.85,0,0,TRUE
Female,Loyal Customer,25,Business Travel,Business,2125,4,4,4,4,4,4,4,4,4,1,3,2,4,3.54,0,12,FALSE
Male,Loyal Customer,19,Personal Travel,Eco,599,1,2,1,3,2,1,2,2,3,4,4,4,2,2.38,0,0,FALSE
Male,Loyal Customer,11,Business Travel,Eco Plus,2631,5,2,5,2,5,3,5,5,3,5,2,5,5,4,0,0,TRUE
Female,Disloyal Customer,25,Business Travel,Business,733,0,1,0,2,3,0,3,3,4,5,5,4,3,2.54,0,0,TRUE
Female,Loyal Customer,34,Personal Travel,Eco,1052,4,5,4,4,2,4,2,2,4,4,4,5,2,3.54,0,0,TRUE
Male,Disloyal Customer,22,Business Travel,Business,761,4,0,5,4,5,5,5,5,5,5,4,3,5,4.23,10,8,TRUE
Female,Loyal Customer,33,Personal Travel,Eco,113,4,5,4,4,5,4,5,5,1,5,2,4,5,4.08,0,0,FALSE
Male,Loyal Customer,44,Business Travel,Eco,944,3,3,3,3,3,3,3,3,2,4,3,2,3,2.92,37,33,FALSE
Female,Loyal Customer,35,Business Travel,Business,1634,2,2,5,2,2,4,3,2,2,1,2,2,3,2.46,14,13,FALSE
Female,Loyal Customer,45,Business Travel,Eco,680,2,2,5,5,1,3,4,2,2,2,2,2,2,2.62,46,47,FALSE
Female,Disloyal Customer,22,Business Travel,Eco,534,2,2,2,3,1,2,1,1,4,4,4,3,1,2.31,0,0,FALSE
Female,Loyal Customer,60,Personal Travel,Eco,641,4,4,5,3,4,5,5,3,3,5,4,5,3,4.08,2,4,TRUE
Female,Loyal Customer,32,Personal Travel,Eco,1009,3,4,3,5,1,3,5,1,5,5,4,5,1,3.46,50,30,FALSE
Male,Loyal Customer,42,Business Travel,Business,2599,2,2,4,2,4,4,5,5,5,5,5,4,4,3.92,0,7,TRUE
Female,Disloyal Customer,22,Business Travel,Business,1589,5,4,5,3,3,5,3,3,3,2,5,4,3,3.69,24,0,TRUE
Male,Loyal Customer,23,Personal Travel,Business,728,1,1,1,3,4,1,4,4,1,2,2,4,4,2.46,2,0,FALSE
Female,Loyal Customer,33,Business Travel,Business,1340,2,2,2,2,4,5,5,4,4,4,4,5,3,3.54,0,0,TRUE
Female,Loyal Customer,54,Personal Travel,Eco,223,1,4,1,1,2,5,5,5,5,1,5,3,5,3.31,37,28,FALSE
Female,Disloyal Customer,23,Business Travel,Eco,602,2,5,2,3,2,2,2,2,2,5,4,5,2,2.92,0,0,FALSE
Male,Loyal Customer,40,Business Travel,Business,459,4,4,4,4,4,4,2,5,5,4,5,2,2,3.77,0,0,TRUE
Female,Loyal Customer,34,Business Travel,Business,2621,1,1,1,1,5,4,2,5,5,5,5,2,3,3.08,0,17,TRUE
Female,Disloyal Customer,20,Business Travel,Eco,110,3,0,3,3,4,3,4,4,1,1,2,3,4,2.69,0,4,FALSE
Male,Disloyal Customer,22,Business Travel,Business,651,4,2,4,3,4,4,4,4,4,2,4,5,4,3.69,0,0,TRUE
Female,Disloyal Customer,19,Business Travel,Eco,287,5,0,5,1,1,0,1,1,3,4,3,4,1,2.23,0,0,TRUE
Male,Loyal Customer,11,Personal Travel,Eco,417,1,4,1,3,3,1,3,3,1,2,3,1,3,2.23,0,0,FALSE
Female,Loyal Customer,28,Business Travel,Eco,679,5,1,1,1,5,5,5,5,4,4,3,5,5,3.77,35,69,TRUE
Male,Loyal Customer,12,Personal Travel,Eco,758,3,4,3,1,4,3,4,4,4,2,5,5,4,3.54,10,6,FALSE
Male,Loyal Customer,45,Business Travel,Business,175,5,5,5,5,5,4,5,4,4,4,4,4,3,4.38,0,0,TRUE
Male,Loyal Customer,10,Personal Travel,Eco,822,0,5,1,4,5,1,4,5,3,3,5,3,5,3.38,0,0,TRUE
Male,Loyal Customer,62,Business Travel,Eco,283,1,1,1,1,1,1,1,1,1,5,3,3,1,1.62,0,0,FALSE
Female,Disloyal Customer,39,Business Travel,Eco,180,3,0,2,3,5,2,5,5,3,3,2,5,5,3.31,7,0,FALSE
Female,Loyal Customer,53,Business Travel,Business,1907,1,1,1,1,2,5,5,4,4,4,5,1,2,2.77,6,13,TRUE
Male,Loyal Customer,46,Business Travel,Business,2870,5,3,5,5,4,4,5,4,4,4,4,5,3,4.23,0,39,TRUE
Male,Loyal Customer,39,Personal Travel,Eco,341,3,2,3,3,4,3,3,4,4,3,2,4,4,3.23,4,0,FALSE
Female,Loyal Customer,56,Business Travel,Business,1562,1,1,1,1,5,5,4,5,5,5,5,3,5,3.54,29,79,TRUE
Male,Loyal Customer,43,Business Travel,Business,3061,5,5,3,5,5,5,5,4,5,5,4,5,5,4.69,190,192,TRUE
Female,Loyal Customer,32,Business Travel,Business,2936,2,4,4,4,2,2,2,2,2,3,3,4,2,2.77,0,0,FALSE
Male,Loyal Customer,25,Business Travel,Business,3681,3,3,3,3,4,4,4,4,4,5,5,1,4,3.62,0,0,TRUE
Male,Loyal Customer,49,Business Travel,Business,2172,3,3,3,3,3,3,3,3,3,4,3,3,3,3.08,164,177,FALSE
Female,Loyal Customer,27,Business Travel,Business,1728,2,2,2,2,4,4,4,4,3,2,4,3,4,3.08,4,22,TRUE
Male,Loyal Customer,17,Business Travel,Business,1891,2,2,2,2,4,4,4,4,5,3,5,5,4,3.54,0,0,TRUE
Female,Loyal Customer,39,Personal Travel,Eco,296,2,4,4,1,5,4,3,5,3,3,5,3,5,3.62,54,55,FALSE
Female,Loyal Customer,60,Personal Travel,Eco,1023,2,4,2,3,1,3,3,2,2,2,2,1,4,2.38,69,50,FALSE
Male,Loyal Customer,37,Business Travel,Business,1448,3,3,3,3,2,4,2,5,5,5,5,2,1,3.31,0,0,TRUE
Female,Loyal Customer,38,Personal Travel,Eco,209,4,2,0,4,1,0,1,1,4,1,4,2,1,1.92,0,0,TRUE
Male,Loyal Customer,56,Personal Travel,Eco,646,4,2,4,4,4,4,4,4,1,2,3,4,4,3.38,1,2,FALSE
Female,Loyal Customer,37,Business Travel,Business,2762,1,1,1,1,3,3,3,2,4,4,3,3,3,2.46,0,0,TRUE
Female,Disloyal Customer,20,Business Travel,Eco,250,2,0,2,3,4,2,4,4,5,4,3,1,4,2.92,0,0,FALSE
Female,Loyal Customer,27,Personal Travel,Eco,197,2,3,2,3,2,2,2,2,1,4,5,1,2,2.38,0,0,FALSE
Female,Loyal Customer,35,Business Travel,Eco Plus,1269,5,5,5,5,5,5,5,5,5,4,1,3,5,4.46,23,41,TRUE
Male,Loyal Customer,39,Business Travel,Business,1966,1,1,1,1,5,4,5,4,4,4,4,5,3,3.23,0,2,TRUE
Female,Loyal Customer,14,Personal Travel,Eco,549,2,1,2,4,4,2,4,4,2,1,4,4,4,2.92,0,0,FALSE
Female,Disloyal Customer,21,Business Travel,Business,1303,0,5,0,4,3,0,3,3,4,4,5,3,3,2.85,18,0,TRUE
Male,Loyal Customer,44,Personal Travel,Eco,447,2,5,2,3,5,2,5,5,4,2,4,3,5,3.62,0,0,FALSE
Male,Loyal Customer,32,Business Travel,Business,1014,3,3,3,3,2,2,2,3,4,4,5,2,2,2.92,135,136,TRUE
Female,Loyal Customer,44,Personal Travel,Eco,675,1,4,0,4,2,4,4,3,3,0,3,3,4,2.69,0,0,FALSE
Male,Disloyal Customer,30,Business Travel,Business,746,3,3,3,3,4,3,4,4,4,3,5,4,4,3.62,0,0,FALSE
Female,Loyal Customer,60,Business Travel,Business,2775,0,0,0,3,2,5,4,3,3,3,3,5,5,2.77,0,0,TRUE
Male,Loyal Customer,27,Personal Travel,Eco,587,3,5,3,4,1,3,1,1,3,2,5,4,1,2.77,43,38,FALSE
Male,Loyal Customer,40,Business Travel,Business,666,2,2,2,2,2,5,5,5,5,5,5,5,5,3.85,0,0,TRUE
Male,Loyal Customer,79,Business Travel,Business,177,1,5,4,5,3,1,3,3,4,4,4,3,3,3.31,330,348,FALSE
Female,Loyal Customer,48,Business Travel,Business,3078,3,3,3,3,5,4,4,5,5,5,5,3,5,4.08,0,0,TRUE
Female,Loyal Customer,43,Business Travel,Business,632,3,3,2,3,4,5,5,5,5,5,5,3,4,4,0,0,TRUE
Female,Loyal Customer,41,Personal Travel,Eco,266,4,4,4,3,3,4,3,3,3,2,2,4,3,3.23,0,0,FALSE
Male,Loyal Customer,24,Business Travel,Eco Plus,1074,3,4,5,4,3,3,1,3,1,5,4,1,3,3.08,0,0,FALSE
Male,Loyal Customer,68,Personal Travel,Eco,1182,5,5,5,3,5,5,5,5,2,5,4,5,5,4.54,14,0,TRUE
Female,Disloyal Customer,20,Business Travel,Business,1129,0,0,0,3,5,0,5,5,3,4,4,4,5,2.92,0,0,TRUE
Female,Loyal Customer,49,Business Travel,Business,338,2,1,2,2,5,4,4,4,4,4,4,4,4,3.38,0,0,TRUE
Male,Loyal Customer,34,Personal Travel,Eco,1096,3,2,3,3,2,3,4,2,4,2,4,3,2,2.85,114,88,FALSE
Female,Loyal Customer,55,Personal Travel,Eco,1024,3,4,3,3,2,4,5,5,5,3,5,3,4,3.77,0,0,FALSE
Female,Loyal Customer,30,Business Travel,Business,3506,1,1,1,1,3,3,1,3,4,4,4,2,3,2.38,36,21,FALSE
Female,Disloyal Customer,44,Business Travel,Eco,230,2,3,2,4,3,2,3,3,2,1,1,5,3,2.62,0,0,FALSE
Male,Loyal Customer,59,Business Travel,Business,3248,4,4,4,4,4,4,5,5,5,5,5,5,4,4.46,14,0,TRUE
Male,Loyal Customer,33,Business Travel,Business,3538,3,4,4,4,3,3,3,3,2,3,4,3,3,3.23,50,45,FALSE
Male,Loyal Customer,62,Personal Travel,Eco,250,2,4,2,3,3,2,3,3,2,5,4,1,3,2.85,8,8,FALSE
Female,Loyal Customer,48,Business Travel,Eco,546,4,1,1,1,1,2,4,4,4,4,4,1,2,2.54,0,0,TRUE
Female,Loyal Customer,40,Personal Travel,Eco,101,2,4,0,1,4,0,4,4,4,2,5,4,4,2.92,0,0,FALSE
Female,Loyal Customer,41,Business Travel,Business,3517,1,1,5,1,4,4,4,5,3,2,4,4,4,3.23,438,438,TRUE
Female,Loyal Customer,7,Personal Travel,Eco,744,2,5,2,2,5,2,5,5,5,3,4,4,5,3.77,0,0,FALSE
Female,Loyal Customer,42,Business Travel,Business,1084,4,4,4,4,3,5,5,4,4,4,4,3,3,3.92,0,0,TRUE
Male,Loyal Customer,50,Personal Travel,Eco Plus,674,3,4,3,5,3,3,3,3,5,3,4,4,3,3.54,32,28,FALSE
Male,Disloyal Customer,55,Business Travel,Eco,199,1,1,1,2,4,1,4,4,2,2,2,3,4,2.38,0,0,FALSE
Male,Loyal Customer,16,Business Travel,Eco,347,2,4,4,4,2,2,2,2,4,4,3,1,2,2.77,1,0,FALSE
Male,Loyal Customer,41,Business Travel,Business,2867,4,4,4,4,5,5,4,5,5,5,5,3,3,4.31,26,14,TRUE
Male,Loyal Customer,45,Personal Travel,Eco,235,3,4,3,4,1,3,4,1,4,3,5,3,1,3,0,0,FALSE
Male,Loyal Customer,47,Business Travel,Business,599,1,1,1,1,4,4,4,5,5,5,5,3,4,3.31,1,5,TRUE
Male,Loyal Customer,28,Business Travel,Eco,612,4,3,4,4,4,4,4,4,3,5,3,5,4,3.92,27,48,TRUE
Male,Disloyal Customer,38,Business Travel,Business,164,4,4,4,3,1,4,2,1,4,4,5,5,1,3.23,0,0,TRUE
Female,Loyal Customer,54,Personal Travel,Eco,386,4,5,4,1,3,5,4,2,2,4,2,3,5,3.38,0,0,FALSE
Male,Loyal Customer,54,Personal Travel,Eco Plus,944,3,3,3,4,3,3,1,3,2,4,3,1,3,2.77,0,0,FALSE
Female,Loyal Customer,60,Business Travel,Business,89,1,1,4,1,3,5,5,4,4,4,4,3,5,3.38,0,0,TRUE
Male,Loyal Customer,29,Personal Travel,Eco,964,2,4,2,1,1,2,1,1,4,4,5,4,1,2.46,18,8,FALSE
Female,Loyal Customer,45,Business Travel,Business,541,1,1,1,1,5,4,3,3,3,4,3,2,5,2.77,0,0,TRUE
Male,Loyal Customer,41,Business Travel,Eco,721,3,5,5,5,3,3,3,3,3,3,3,1,3,3.31,0,8,TRUE
Male,Loyal Customer,9,Personal Travel,Eco,414,4,3,4,3,4,4,4,4,4,5,4,1,4,3.69,9,0,FALSE
Female,Loyal Customer,61,Business Travel,Business,3470,3,3,3,3,5,4,4,5,5,5,5,4,4,4.08,0,5,TRUE
Female,Loyal Customer,53,Business Travel,Business,678,4,4,4,4,2,4,5,4,4,4,4,4,5,4,0,0,TRUE
Female,Loyal Customer,37,Business Travel,Eco,214,1,5,5,5,1,1,1,1,4,3,2,3,1,2.54,0,4,FALSE
Male,Loyal Customer,29,Business Travel,Business,1121,4,4,5,4,5,5,5,5,3,2,4,5,5,4.31,0,0,TRUE
Female,Loyal Customer,54,Business Travel,Business,2434,1,1,1,1,5,5,5,4,2,3,5,5,5,3.31,1,0,TRUE
Male,Loyal Customer,56,Business Travel,Business,645,1,0,0,3,2,4,4,4,4,0,4,4,3,2.54,66,50,FALSE
Male,Disloyal Customer,38,Business Travel,Eco,419,3,1,3,4,4,3,2,4,1,2,3,4,4,2.92,0,0,FALSE
Male,Loyal Customer,27,Personal Travel,Eco,1416,1,1,1,3,1,1,1,1,4,1,3,2,1,1.62,0,12,FALSE
Male,Loyal Customer,58,Business Travel,Eco,642,3,1,1,1,3,3,3,3,1,4,4,2,3,2.46,43,46,FALSE
Female,Loyal Customer,55,Personal Travel,Business,179,3,5,3,2,2,5,4,2,2,3,2,3,4,3.08,0,0,FALSE
Female,Loyal Customer,59,Business Travel,Business,2864,3,3,3,3,5,2,3,3,3,3,3,1,1,2.77,9,19,FALSE
Male,Loyal Customer,65,Business Travel,Business,1217,3,5,5,5,3,3,3,3,5,3,3,3,3,3.62,0,27,FALSE
Male,Loyal Customer,46,Business Travel,Business,2938,4,4,4,4,5,4,4,4,4,4,4,5,5,4.23,0,0,TRUE
Female,Loyal Customer,39,Business Travel,Eco,347,5,1,1,1,5,4,5,5,2,2,2,2,5,3.08,0,0,TRUE
Female,Disloyal Customer,23,Business Travel,Eco,991,1,1,1,4,4,1,4,4,3,1,3,1,4,2.46,7,48,FALSE
Female,Loyal Customer,43,Business Travel,Business,356,3,3,3,3,2,5,4,5,5,5,5,4,3,3.85,0,0,TRUE
Male,Loyal Customer,27,Business Travel,Business,2487,2,2,2,2,5,5,5,5,3,3,4,4,5,3.62,24,27,TRUE
Male,Loyal Customer,60,Business Travel,Business,507,2,2,2,2,5,5,4,2,2,2,2,4,5,3,0,0,TRUE
Male,Loyal Customer,51,Business Travel,Business,2397,2,2,2,2,3,4,1,4,4,4,4,5,3,3.08,0,0,TRUE
Male,Loyal Customer,24,Business Travel,Business,2357,2,2,2,2,4,4,5,4,3,2,5,3,4,3.23,0,0,TRUE
Male,Loyal Customer,48,Personal Travel,Eco,1014,3,3,3,4,1,3,1,1,2,1,4,1,1,2.15,33,14,FALSE
Female,Loyal Customer,30,Business Travel,Eco,77,1,4,3,3,1,1,1,1,2,5,3,1,1,2.08,0,0,FALSE
Female,Loyal Customer,18,Personal Travel,Eco,2611,3,5,3,2,3,3,3,3,4,2,3,5,3,3.23,0,0,FALSE
Male,Loyal Customer,38,Personal Travel,Business,737,4,4,4,4,3,5,5,1,1,4,1,5,3,3.38,15,82,FALSE
Female,Loyal Customer,36,Personal Travel,Eco,228,2,4,2,3,3,2,3,3,3,3,4,4,3,3,31,10,FALSE
Female,Loyal Customer,49,Business Travel,Eco Plus,109,2,3,5,3,1,2,2,2,2,2,2,3,2,2.38,62,55,FALSE
Female,Loyal Customer,41,Business Travel,Business,2454,4,4,4,4,3,3,4,2,2,2,2,4,4,3.23,5,0,TRUE
Female,Loyal Customer,19,Personal Travel,Eco,130,3,3,3,5,2,3,2,2,1,3,5,2,2,2.77,0,0,FALSE
Female,Loyal Customer,54,Business Travel,Business,1855,2,2,2,2,3,5,5,2,2,3,2,5,4,3,5,0,TRUE
Male,Loyal Customer,44,Personal Travel,Eco,378,3,5,3,1,2,3,2,2,3,5,5,5,2,3.15,0,0,FALSE
Male,Loyal Customer,57,Business Travel,Business,1121,4,4,4,4,4,4,5,2,2,2,2,3,4,3.38,0,0,TRUE
Female,Loyal Customer,63,Personal Travel,Eco,628,1,4,1,2,3,5,5,2,2,1,2,3,5,2.77,0,0,FALSE
Male,Loyal Customer,48,Business Travel,Business,1744,2,2,2,2,4,5,5,5,5,5,5,4,3,3.77,0,0,TRUE
Male,Loyal Customer,32,Personal Travel,Eco Plus,395,2,3,2,4,2,2,2,2,4,4,4,4,2,2.85,16,5,FALSE
Female,Loyal Customer,38,Business Travel,Business,134,1,3,3,3,3,4,4,2,2,2,1,1,3,2.46,0,16,FALSE
Female,Loyal Customer,36,Business Travel,Business,2421,1,5,5,5,4,3,2,1,1,2,1,4,3,2.85,24,24,FALSE
Male,Loyal Customer,43,Business Travel,Business,201,0,4,0,1,2,4,4,5,5,5,5,3,3,3.15,0,0,TRUE
Female,Loyal Customer,45,Personal Travel,Eco,1089,3,5,3,5,2,3,2,2,2,3,2,3,3,2.92,0,0,FALSE
Male,Loyal Customer,24,Personal Travel,Eco,1080,1,5,1,4,2,1,2,2,3,3,4,3,2,2.54,11,28,FALSE
Female,Disloyal Customer,22,Business Travel,Business,964,2,2,2,3,2,2,5,2,1,5,3,3,2,2.62,17,3,FALSE
Male,Loyal Customer,28,Personal Travel,Eco,2554,3,4,3,5,3,2,2,4,2,3,5,2,2,3.08,0,0,FALSE
Male,Loyal Customer,60,Personal Travel,Eco Plus,404,3,5,3,1,1,3,1,1,2,2,1,3,1,2.08,33,16,FALSE
Male,Loyal Customer,10,Personal Travel,Eco,304,3,4,3,3,3,3,3,3,5,2,4,5,3,3.38,20,31,FALSE
Male,Loyal Customer,34,Business Travel,Business,1965,1,1,1,1,3,5,5,3,3,3,3,5,3,2.85,0,48,TRUE
Female,Loyal Customer,28,Personal Travel,Eco,304,2,4,2,1,5,2,5,5,3,2,4,5,5,3.46,0,2,FALSE
Male,Loyal Customer,58,Business Travel,Business,109,2,2,2,2,3,4,5,5,5,5,5,5,3,3.69,0,0,TRUE
Female,Loyal Customer,39,Business Travel,Business,2814,2,2,2,2,4,3,1,4,4,4,4,3,2,2.85,12,0,TRUE
Female,Loyal Customer,48,Business Travel,Business,946,2,2,2,2,3,4,5,5,5,5,5,4,2,3.54,10,0,TRUE
Female,Loyal Customer,42,Personal Travel,Eco,164,3,1,3,2,4,3,3,1,1,3,1,1,1,2.08,2,1,FALSE
Female,Loyal Customer,72,Business Travel,Business,2991,2,3,5,3,1,2,3,2,2,2,2,4,3,2.62,0,0,FALSE
Male,Loyal Customer,56,Business Travel,Eco,236,3,3,3,3,3,3,3,3,4,4,3,1,3,3,0,0,FALSE
Male,Loyal Customer,51,Business Travel,Business,1989,1,1,1,1,3,4,5,4,4,4,4,3,3,2.92,0,31,TRUE
Female,Loyal Customer,37,Business Travel,Eco,196,2,3,3,3,2,2,2,2,4,3,3,2,2,2.54,0,0,FALSE
Male,Loyal Customer,30,Business Travel,Business,2883,4,4,4,4,4,4,4,4,4,5,5,5,4,4.23,86,93,TRUE
Female,Loyal Customer,11,Personal Travel,Eco,1022,3,2,3,3,4,3,4,4,4,2,3,2,4,3.15,10,13,FALSE
Male,Loyal Customer,48,Personal Travel,Eco,306,3,5,3,1,4,3,4,4,3,2,5,3,4,3.38,0,0,FALSE
Female,Loyal Customer,66,Business Travel,Eco,837,3,4,4,4,3,3,2,3,3,3,3,1,4,3.08,14,8,FALSE
Female,Loyal Customer,29,Personal Travel,Eco,533,3,5,3,1,4,3,4,4,5,4,4,3,4,3.62,0,0,FALSE
Female,Loyal Customer,27,Business Travel,Business,1846,2,4,4,4,2,2,2,2,4,3,3,4,2,2.92,16,1,FALSE
Male,Loyal Customer,65,Personal Travel,Eco,304,2,4,2,2,5,2,5,5,5,3,5,3,5,3.69,8,11,FALSE
Female,Loyal Customer,38,Personal Travel,Eco,907,4,5,3,1,1,3,1,1,5,3,5,4,1,2.85,17,5,TRUE
Male,Loyal Customer,42,Business Travel,Business,2124,4,4,3,4,3,4,5,5,5,5,5,4,5,4.31,0,0,TRUE
Female,Loyal Customer,58,Business Travel,Eco,246,5,3,3,3,3,3,5,5,5,5,5,3,2,3.85,5,1,TRUE
Female,Loyal Customer,37,Business Travel,Business,2037,5,5,5,5,3,5,5,4,4,4,4,4,5,4.46,0,0,TRUE
Female,Loyal Customer,52,Business Travel,Business,691,4,4,4,4,2,5,5,2,2,2,2,4,3,3.31,0,0,TRUE
Female,Loyal Customer,53,Business Travel,Business,3025,2,2,1,2,5,3,3,4,4,4,4,2,4,3.08,0,7,TRUE
Female,Loyal Customer,60,Business Travel,Business,748,2,4,4,4,4,4,3,2,2,2,2,2,2,2.85,0,20,FALSE
Female,Loyal Customer,47,Personal Travel,Eco,813,3,2,3,3,2,2,2,4,4,3,3,1,1,2.54,13,9,FALSE
Male,Loyal Customer,23,Business Travel,Business,479,5,5,5,5,5,4,5,5,3,5,5,3,5,4.62,0,0,TRUE
Male,Disloyal Customer,26,Business Travel,Eco,147,2,2,2,4,4,2,3,4,3,3,4,2,4,3,0,0,FALSE
Female,Disloyal Customer,51,Business Travel,Eco,548,3,1,3,3,2,3,2,2,4,2,4,2,2,2.54,0,0,FALSE
Male,Loyal Customer,36,Personal Travel,Eco,1076,3,3,3,3,1,3,1,1,2,4,3,3,1,2.38,3,0,FALSE
Female,Loyal Customer,30,Personal Travel,Eco,1590,5,1,5,4,4,5,3,4,1,1,3,4,4,3.38,0,0,TRUE
Female,Loyal Customer,51,Business Travel,Business,1947,4,4,4,4,5,3,5,4,4,4,4,3,5,4.08,0,0,TRUE
Male,Loyal Customer,57,Personal Travel,Eco,775,1,1,1,4,1,1,1,1,4,5,4,2,1,2.08,0,0,FALSE
Female,Loyal Customer,48,Business Travel,Business,2745,4,4,4,4,4,4,5,4,4,4,4,5,3,4.08,0,0,TRUE
Female,Disloyal Customer,22,Business Travel,Eco,129,4,5,4,2,4,4,4,4,5,4,2,2,4,3.69,0,0,TRUE
Female,Loyal Customer,43,Business Travel,Business,3635,2,2,2,2,3,5,5,4,4,4,4,5,5,3.62,0,0,TRUE
Female,Loyal Customer,61,Business Travel,Business,2384,4,2,2,2,1,4,4,4,4,4,4,4,3,3.23,0,11,FALSE
Female,Loyal Customer,47,Business Travel,Business,1737,5,3,5,5,3,5,4,4,4,4,4,4,4,4.15,0,0,TRUE
Female,Loyal Customer,60,Personal Travel,Eco,248,2,5,0,1,2,5,5,2,2,0,3,4,3,2.62,0,0,FALSE
Male,Loyal Customer,33,Personal Travel,Business,1121,3,5,3,3,4,3,4,4,5,2,4,5,4,3.77,0,3,FALSE
Female,Loyal Customer,55,Business Travel,Eco,419,3,3,4,4,4,4,3,3,3,3,3,3,4,3.38,0,0,FALSE
Male,Loyal Customer,55,Personal Travel,Eco,432,2,4,2,1,4,2,4,4,3,5,5,4,4,3.38,0,0,FALSE
Female,Loyal Customer,56,Personal Travel,Eco,391,4,5,4,5,2,3,2,4,4,4,5,2,5,3.77,0,0,FALSE
Female,Loyal Customer,39,Business Travel,Business,1535,3,3,5,3,5,4,4,5,5,5,5,5,5,4.38,0,0,TRUE
Female,Loyal Customer,56,Personal Travel,Eco,1995,2,1,2,4,4,3,4,3,3,2,3,4,4,3,0,8,FALSE
Male,Loyal Customer,45,Personal Travel,Eco,1660,4,3,4,2,5,4,5,5,1,4,4,5,5,3.92,16,14,TRUE
Female,Disloyal Customer,62,Business Travel,Eco,736,5,5,5,2,5,5,1,5,3,4,5,5,5,4.23,8,0,TRUE
Female,Loyal Customer,56,Business Travel,Business,3358,4,5,4,4,4,5,5,5,5,5,5,5,3,4.54,0,0,TRUE
Male,Loyal Customer,49,Business Travel,Business,2683,2,2,2,2,2,5,5,5,5,5,5,5,3,3.69,0,0,TRUE
Female,Loyal Customer,42,Business Travel,Eco Plus,1068,3,3,3,3,2,4,3,2,2,3,2,2,1,2.54,0,4,FALSE
Female,Loyal Customer,32,Personal Travel,Eco,563,2,4,2,1,3,2,2,3,4,5,5,5,3,3.15,9,3,FALSE
Male,Loyal Customer,38,Business Travel,Business,368,2,5,5,5,2,2,2,4,5,3,3,2,2,3.23,147,135,FALSE
Female,Disloyal Customer,48,Business Travel,Business,1276,5,5,5,1,1,5,1,1,3,5,4,4,1,3.15,0,0,TRUE
Female,Loyal Customer,59,Business Travel,Business,849,2,2,2,2,4,5,4,3,3,3,3,4,3,3.08,6,0,TRUE
Male,Disloyal Customer,42,Business Travel,Business,3904,3,3,3,3,3,5,5,5,2,4,3,5,5,3.77,43,26,TRUE
Female,Disloyal Customer,57,Business Travel,Eco Plus,1148,1,1,1,3,1,1,1,1,1,3,4,1,1,1.54,149,115,FALSE
Male,Loyal Customer,17,Personal Travel,Eco,547,2,4,2,3,2,2,2,2,3,2,5,4,2,2.69,19,2,FALSE
Male,Loyal Customer,35,Personal Travel,Eco,345,2,3,2,3,1,2,1,1,3,5,4,5,1,2.54,6,1,FALSE
Male,Loyal Customer,55,Business Travel,Eco,451,2,5,5,5,2,2,2,2,3,4,3,1,2,2.92,16,7,FALSE
Female,Loyal Customer,51,Business Travel,Eco,999,5,1,1,1,4,5,1,5,5,5,5,4,2,3.38,9,38,TRUE
Female,Loyal Customer,57,Business Travel,Eco,910,2,4,4,4,2,3,3,2,2,2,2,4,2,2.77,0,0,FALSE
Female,Loyal Customer,10,Personal Travel,Eco,102,3,3,3,2,1,3,4,1,1,1,2,3,1,2.15,0,0,FALSE
Male,Loyal Customer,58,Business Travel,Business,2671,2,2,2,2,3,5,4,4,4,5,4,3,3,3.31,0,0,TRUE
Male,Loyal Customer,41,Business Travel,Business,2299,1,1,4,1,1,5,1,4,4,4,4,5,5,3.08,0,0,TRUE
Female,Loyal Customer,29,Personal Travel,Eco,411,1,2,1,3,5,1,4,5,1,4,3,4,5,3,0,0,FALSE
Male,Loyal Customer,49,Business Travel,Business,1306,1,2,1,1,4,5,5,4,4,4,4,3,3,3.15,0,0,TRUE
Male,Loyal Customer,60,Personal Travel,Eco Plus,1009,1,2,1,3,5,1,5,5,4,1,4,3,5,3.08,0,0,FALSE
Male,Loyal Customer,31,Business Travel,Business,1693,3,2,2,2,2,2,3,2,4,2,4,1,2,2.38,110,99,FALSE
Female,Disloyal Customer,38,Business Travel,Eco,226,3,2,3,3,3,3,3,3,2,2,3,4,3,2.85,0,0,FALSE
Male,Loyal Customer,18,Personal Travel,Eco,250,1,4,1,5,3,1,5,3,3,3,5,4,3,3.15,0,0,FALSE
Male,Loyal Customer,52,Personal Travel,Eco,197,3,5,3,3,5,3,5,5,4,4,5,4,5,4.15,8,0,FALSE
Male,Loyal Customer,51,Business Travel,Eco,151,4,2,5,5,4,4,4,4,1,5,4,3,4,3.77,0,0,TRUE
Female,Loyal Customer,17,Personal Travel,Eco Plus,689,2,3,2,3,3,2,3,3,4,4,3,2,3,2.85,2,10,FALSE
Male,Loyal Customer,30,Business Travel,Business,1631,3,5,5,5,3,3,3,3,3,3,4,2,3,3.46,1,8,FALSE
Female,Loyal Customer,39,Business Travel,Business,670,1,1,1,1,2,5,4,5,5,5,5,5,4,3.38,6,3,TRUE
Female,Loyal Customer,24,Personal Travel,Eco,374,2,2,2,3,5,2,4,5,3,2,3,4,5,3.23,3,5,FALSE
Male,Loyal Customer,46,Business Travel,Business,3492,3,1,1,1,3,4,3,3,3,3,3,2,3,2.54,0,0,FALSE
Female,Disloyal Customer,25,Business Travel,Eco,946,1,1,1,4,4,1,4,4,2,2,4,4,4,2.77,1,17,FALSE
Male,Loyal Customer,44,Business Travel,Business,1889,2,2,1,2,3,5,5,3,3,3,3,5,5,3.23,0,1,TRUE
Male,Loyal Customer,31,Personal Travel,Eco,1124,4,5,5,2,1,5,1,1,3,3,4,5,1,3.08,0,0,FALSE
Male,Loyal Customer,48,Personal Travel,Eco,214,3,0,3,3,4,3,4,4,4,1,3,1,4,2.85,11,22,FALSE
Female,Loyal Customer,67,Personal Travel,Eco,2442,2,5,2,5,2,5,5,1,1,2,1,3,3,2.85,12,30,FALSE
Female,Disloyal Customer,26,Business Travel,Business,802,3,0,3,3,1,3,1,1,4,4,4,3,1,2.38,1,22,FALSE
Male,Loyal Customer,55,Business Travel,Eco,199,5,4,4,4,5,5,5,5,5,4,3,1,5,4.23,0,0,TRUE
Male,Loyal Customer,70,Personal Travel,Eco,268,4,5,0,2,4,0,4,4,4,1,1,3,4,2.77,0,0,FALSE
Female,Loyal Customer,59,Business Travel,Business,3621,4,4,4,4,5,4,4,4,4,4,4,4,3,4,0,4,TRUE
Male,Loyal Customer,43,Business Travel,Eco,803,5,3,3,3,5,5,5,5,4,5,1,4,5,4.08,11,0,TRUE
Male,Loyal Customer,60,Business Travel,Business,1542,4,4,4,4,1,5,4,4,4,4,4,3,2,3.62,0,0,TRUE
Female,Disloyal Customer,20,Business Travel,Eco,489,4,3,4,5,3,4,3,3,2,5,1,2,3,3.23,1,15,TRUE
Female,Loyal Customer,34,Personal Travel,Eco,944,3,3,2,4,3,2,3,3,3,4,4,4,3,3.15,85,72,FALSE
Male,Loyal Customer,57,Business Travel,Business,1723,5,5,1,5,5,4,5,2,2,2,2,4,5,3.62,0,0,TRUE
Female,Loyal Customer,54,Personal Travel,Eco,391,0,4,0,2,3,5,5,2,2,0,3,3,3,2.46,18,14,TRUE
Female,Loyal Customer,29,Business Travel,Business,484,1,1,2,1,5,5,5,5,5,5,5,3,5,3.69,9,5,TRUE
Male,Loyal Customer,32,Personal Travel,Eco,961,1,5,2,3,2,5,5,3,5,5,5,5,5,3.92,472,446,FALSE
Female,Loyal Customer,49,Personal Travel,Eco Plus,1814,2,5,2,4,3,4,5,2,2,2,2,4,2,3,0,0,FALSE
Female,Loyal Customer,24,Business Travel,Business,1011,1,1,5,1,3,3,3,3,4,2,4,5,3,2.92,0,0,TRUE
Female,Loyal Customer,56,Personal Travel,Eco Plus,372,3,4,5,1,4,4,5,2,2,5,2,5,3,3.46,0,0,FALSE
Male,Loyal Customer,24,Personal Travel,Eco,522,4,4,4,3,4,4,3,4,3,2,4,3,4,3.54,0,0,TRUE
Male,Loyal Customer,29,Business Travel,Eco Plus,222,5,5,5,5,5,5,5,5,1,4,5,3,5,4.46,0,0,TRUE
Male,Loyal Customer,35,Business Travel,Business,397,1,0,0,3,1,3,2,3,3,0,3,1,2,1.69,0,0,FALSE
Male,Loyal Customer,32,Business Travel,Business,3942,1,1,1,1,5,5,5,5,3,2,5,4,5,3.31,6,0,TRUE
Female,Loyal Customer,43,Business Travel,Business,3245,0,0,0,4,5,5,5,2,2,2,2,4,5,2.77,27,102,TRUE
Female,Loyal Customer,58,Business Travel,Business,1543,2,2,2,2,4,3,4,3,3,3,2,3,1,2.62,0,0,FALSE
Male,Loyal Customer,70,Personal Travel,Eco,594,5,4,5,2,5,5,1,5,4,3,4,1,5,3.77,0,0,TRUE
Female,Loyal Customer,48,Business Travel,Business,596,2,2,4,2,5,5,4,5,5,5,5,5,4,4.08,0,8,TRUE
Female,Loyal Customer,50,Business Travel,Business,1744,2,2,2,2,2,5,4,2,2,2,2,5,5,2.85,20,37,TRUE
Female,Loyal Customer,48,Personal Travel,Eco,951,2,5,2,1,2,4,5,4,4,2,4,4,1,3.08,6,0,FALSE
Male,Loyal Customer,36,Business Travel,Business,702,3,3,3,3,5,2,1,5,5,5,5,3,3,3.54,0,0,TRUE
Male,Loyal Customer,46,Business Travel,Business,349,5,5,5,5,4,5,4,5,5,5,5,3,3,4.54,0,0,TRUE
Female,Loyal Customer,38,Business Travel,Business,836,3,3,3,3,3,3,3,3,3,3,3,3,3,3,0,0,FALSE
Female,Loyal Customer,44,Business Travel,Eco Plus,1050,5,1,1,1,4,2,2,5,5,5,5,1,1,2.92,0,0,TRUE
Female,Loyal Customer,25,Business Travel,Eco,289,4,3,3,3,4,4,3,4,3,3,4,2,4,3.38,1,0,TRUE
Male,Disloyal Customer,20,Business Travel,Eco,861,4,4,4,1,2,4,3,2,5,4,5,4,2,3.38,0,0,TRUE
Female,Loyal Customer,49,Business Travel,Business,2712,2,2,2,2,4,4,4,4,4,4,4,4,3,3.31,0,0,TRUE
Male,Loyal Customer,54,Business Travel,Eco,120,4,4,5,5,4,4,4,4,4,1,1,1,4,3.46,0,0,TRUE
Male,Loyal Customer,11,Personal Travel,Eco,549,4,3,4,3,1,4,1,1,1,2,4,1,1,2.31,3,3,FALSE
Female,Loyal Customer,43,Business Travel,Business,221,1,5,5,5,4,4,4,2,2,2,1,4,3,3.23,0,0,FALSE
Male,Loyal Customer,49,Personal Travel,Eco,359,3,5,4,1,1,4,1,1,4,3,5,3,1,2.77,0,0,FALSE
Male,Loyal Customer,68,Business Travel,Eco Plus,613,5,2,3,2,4,5,4,4,4,2,2,5,4,3.54,0,0,TRUE
Female,Loyal Customer,45,Business Travel,Business,247,2,2,3,2,3,5,5,4,4,4,4,5,4,3.62,0,0,TRUE
Male,Loyal Customer,41,Business Travel,Business,1966,5,5,5,5,2,4,4,2,2,2,2,3,4,3.46,0,0,TRUE
Male,Disloyal Customer,27,Business Travel,Eco,451,2,5,2,3,4,2,4,4,1,3,4,2,4,3.08,92,93,FALSE
Male,Loyal Customer,38,Business Travel,Business,214,3,3,5,5,4,3,3,3,3,3,3,1,1,3.08,0,0,FALSE
Female,Loyal Customer,54,Business Travel,Eco Plus,628,5,1,1,1,5,3,1,5,5,5,5,2,2,3.15,2,0,TRUE
Male,Loyal Customer,31,Personal Travel,Eco,1197,2,5,2,4,2,2,2,2,1,1,3,2,2,2.31,0,0,FALSE
Male,Loyal Customer,66,Business Travel,Eco,606,2,5,4,5,2,3,3,3,3,3,3,3,3,3.23,149,142,FALSE
Female,Disloyal Customer,39,Business Travel,Business,387,2,2,2,5,5,2,3,5,2,1,3,3,5,3.08,0,0,FALSE
Male,Loyal Customer,15,Personal Travel,Eco,86,4,4,4,1,3,4,3,3,3,3,4,3,3,3.23,0,0,FALSE
Male,Loyal Customer,53,Business Travel,Eco,844,4,5,5,5,4,4,4,4,3,5,3,3,4,4.08,33,19,TRUE
Male,Disloyal Customer,24,Business Travel,Eco,1723,3,3,3,3,3,3,3,3,5,4,5,1,3,3.23,9,0,FALSE
Male,Loyal Customer,46,Business Travel,Business,503,3,3,3,3,1,5,5,3,3,4,3,1,3,3.08,29,44,TRUE
Male,Loyal Customer,9,Business Travel,Eco,675,1,4,4,4,1,1,4,1,3,1,3,1,1,2.23,48,40,FALSE
Female,Loyal Customer,31,Personal Travel,Eco,985,3,4,3,3,1,3,1,1,5,4,5,5,1,3,0,11,FALSE
Male,Loyal Customer,42,Business Travel,Business,1558,2,2,2,2,4,5,5,5,5,5,5,3,5,3.85,0,0,TRUE
Female,Disloyal Customer,36,Business Travel,Business,270,1,0,0,2,1,0,1,1,4,5,4,5,1,1.92,0,1,FALSE
Female,Loyal Customer,61,Personal Travel,Eco Plus,315,3,3,3,3,1,3,4,5,5,3,5,3,1,3.23,0,60,FALSE
Female,Loyal Customer,29,Business Travel,Business,581,3,3,3,3,4,4,4,4,4,5,4,4,4,3.77,15,39,TRUE
Female,Loyal Customer,59,Business Travel,Business,425,2,2,2,2,3,5,4,4,4,4,4,4,3,3.31,0,0,TRUE
Female,Disloyal Customer,18,Business Travel,Eco Plus,455,2,4,2,4,3,2,4,3,5,4,1,4,3,3.15,27,30,FALSE
Female,Loyal Customer,25,Business Travel,Business,2089,2,5,5,5,2,2,2,2,3,1,3,1,2,2.69,12,27,FALSE
Female,Loyal Customer,65,Personal Travel,Eco,1235,2,4,2,1,4,4,4,2,2,2,2,3,3,2.69,0,0,FALSE
Female,Loyal Customer,51,Business Travel,Business,417,3,3,3,3,1,3,4,3,3,3,3,2,1,2.69,0,0,FALSE
Female,Loyal Customer,13,Personal Travel,Eco,591,2,1,2,3,3,2,3,3,2,3,2,2,3,2.38,0,0,FALSE
Male,Loyal Customer,33,Business Travel,Business,409,2,4,2,4,2,2,2,2,4,5,4,1,2,2.77,0,0,FALSE
Female,Loyal Customer,64,Personal Travel,Eco,1825,4,3,4,4,5,2,3,4,4,4,1,2,4,3.38,14,44,FALSE
Male,Loyal Customer,28,Personal Travel,Eco,2442,3,1,3,4,3,3,3,3,1,4,3,3,3,2.85,8,14,FALSE
Male,Loyal Customer,45,Business Travel,Eco,1407,3,1,3,1,2,3,2,2,3,2,4,3,2,2.38,43,41,FALSE
Male,Loyal Customer,34,Business Travel,Business,3444,5,1,5,5,3,2,4,5,5,5,5,4,5,4.15,104,106,TRUE
Female,Loyal Customer,26,Business Travel,Eco Plus,363,0,4,0,5,4,0,4,4,5,3,3,1,4,2.85,4,0,TRUE
Female,Loyal Customer,35,Personal Travel,Eco,775,4,4,4,3,2,4,4,2,5,4,4,4,2,3.54,61,65,FALSE
Male,Loyal Customer,42,Personal Travel,Eco,1208,4,4,4,3,1,4,1,1,4,3,3,3,1,2.77,0,5,FALSE
Female,Loyal Customer,29,Business Travel,Business,2556,3,3,3,3,5,5,5,3,4,3,4,5,5,3.92,0,19,TRUE
Female,Loyal Customer,43,Business Travel,Business,2377,2,2,2,2,3,2,3,2,2,1,2,4,4,2.38,0,2,FALSE
Female,Loyal Customer,43,Personal Travel,Eco,293,4,3,4,3,1,4,3,4,4,4,4,1,1,3.08,0,0,FALSE
Male,Loyal Customer,46,Business Travel,Business,1431,5,5,4,5,2,4,4,4,4,4,4,5,3,4.08,14,0,TRUE
Male,Disloyal Customer,24,Business Travel,Business,630,4,0,4,3,4,4,4,4,4,4,5,3,4,3.62,0,0,TRUE
Male,Disloyal Customer,25,Business Travel,Eco,519,2,2,2,2,5,2,5,5,2,3,1,3,5,3,0,2,FALSE
Male,Loyal Customer,43,Business Travel,Business,541,1,1,3,1,5,5,4,4,4,4,4,4,3,3.31,115,115,TRUE
Female,Loyal Customer,26,Business Travel,Business,944,4,3,4,4,4,4,4,4,5,3,5,4,4,4,0,0,TRUE
Male,Loyal Customer,17,Business Travel,Eco Plus,507,3,5,3,3,3,3,1,3,2,3,4,4,3,3.08,90,85,FALSE
Female,Loyal Customer,58,Business Travel,Business,3858,2,1,1,1,4,3,3,2,2,2,2,3,4,2.31,0,13,FALSE
Female,Disloyal Customer,22,Business Travel,Business,558,3,4,4,4,1,4,1,1,4,1,3,4,1,2.69,23,21,FALSE
Female,Loyal Customer,46,Business Travel,Business,1666,4,4,4,4,3,5,4,4,4,4,4,5,3,4,0,0,TRUE
Male,Disloyal Customer,38,Business Travel,Business,1199,1,1,1,2,2,1,2,2,3,5,4,3,2,2.23,0,0,FALSE
Female,Loyal Customer,46,Business Travel,Business,1620,3,3,3,3,3,4,4,5,5,5,5,5,5,4.08,52,61,TRUE
Male,Loyal Customer,60,Business Travel,Eco,919,2,3,2,3,2,2,2,2,3,4,4,1,2,2.46,0,0,FALSE
Male,Disloyal Customer,23,Business Travel,Eco,971,4,4,4,4,5,4,5,5,2,5,4,4,5,4.23,15,4,FALSE
Female,Disloyal Customer,34,Business Travel,Eco,488,2,0,2,2,5,2,5,5,5,3,2,1,5,3,68,87,FALSE
Female,Loyal Customer,62,Personal Travel,Eco,544,2,0,2,2,2,5,4,2,2,2,2,4,3,2.46,0,0,FALSE
Female,Loyal Customer,50,Business Travel,Business,2873,5,5,5,5,4,4,4,4,4,4,4,5,4,4.38,0,0,TRUE
Female,Loyal Customer,50,Personal Travel,Eco,1846,3,0,3,2,5,5,2,2,2,3,2,2,4,2.69,5,0,FALSE
Female,Loyal Customer,58,Business Travel,Business,1416,3,3,3,3,4,4,4,5,5,5,5,4,4,4,0,0,TRUE
Female,Loyal Customer,39,Business Travel,Business,1710,5,5,5,5,3,1,4,5,5,5,5,4,5,4.38,0,0,TRUE
Female,Loyal Customer,18,Personal Travel,Eco,592,4,4,4,4,1,4,1,1,3,1,5,2,1,2.69,0,0,FALSE
Male,Loyal Customer,34,Personal Travel,Eco Plus,372,2,2,2,3,5,2,1,5,1,1,3,3,5,2.69,5,0,FALSE
Male,Loyal Customer,61,Business Travel,Business,531,5,5,5,5,3,3,5,5,5,5,5,2,4,4.38,0,0,TRUE
Male,Disloyal Customer,20,Business Travel,Eco,1234,4,4,4,3,5,4,5,5,3,3,4,3,5,4,0,0,FALSE
Male,Loyal Customer,52,Business Travel,Eco,451,4,1,1,1,4,4,4,4,3,4,4,1,4,3,0,0,TRUE
Female,Loyal Customer,56,Business Travel,Business,2843,1,1,1,1,4,4,5,4,4,4,5,5,4,3.31,2,0,TRUE
Male,Loyal Customer,28,Personal Travel,Eco,173,0,5,0,3,5,0,5,5,4,4,5,3,5,3.38,24,,TRUE
Female,Loyal Customer,47,Personal Travel,Eco,834,1,1,1,3,2,2,3,3,3,1,2,4,2,2.15,0,,FALSE
Female,Loyal Customer,30,Business Travel,Business,3196,3,1,1,1,3,3,3,3,2,4,3,1,3,2.38,14,14,FALSE
Female,Loyal Customer,48,Business Travel,Business,3465,1,4,4,4,1,3,4,1,1,1,1,1,1,2.08,0,4,FALSE
Male,Loyal Customer,40,Business Travel,Business,1037,2,2,2,2,2,4,5,4,4,5,4,4,4,3.38,0,0,TRUE
Male,Loyal Customer,25,Personal Travel,Eco,1009,2,1,2,2,1,2,1,1,2,2,2,1,1,1.54,0,0,FALSE
Female,Loyal Customer,10,Personal Travel,Eco,2475,4,4,3,4,3,1,1,5,3,4,5,1,1,3,0,7,FALSE
Male,Loyal Customer,59,Business Travel,Business,1855,4,4,4,4,5,3,4,5,5,5,5,3,4,4.23,0,0,TRUE
Male,Loyal Customer,57,Personal Travel,Eco Plus,624,1,5,0,3,1,0,1,1,3,1,2,5,1,1.85,0,0,FALSE
Female,Loyal Customer,41,Business Travel,Eco,617,5,3,3,3,5,5,5,5,5,3,5,5,5,4.38,0,0,TRUE
Male,Loyal Customer,7,Personal Travel,Eco,872,2,1,2,2,1,2,1,1,4,5,3,4,1,2.23,27,14,FALSE
Male,Loyal Customer,57,Business Travel,Business,2133,4,4,4,4,2,5,5,4,4,5,4,3,3,3.92,0,0,TRUE
Female,Loyal Customer,46,Business Travel,Business,2141,1,1,1,1,3,5,4,3,3,4,3,4,3,2.77,10,3,TRUE
Female,Loyal Customer,51,Business Travel,Business,735,4,4,5,4,3,4,4,4,4,4,4,3,4,3.92,0,0,TRUE
Male,Loyal Customer,63,Business Travel,Business,587,2,3,3,3,3,2,2,2,2,2,2,4,1,2.38,0,0,FALSE
Female,Loyal Customer,30,Personal Travel,Eco,163,1,4,1,4,3,1,3,3,1,3,1,3,3,2.38,0,0,FALSE
Female,Loyal Customer,33,Personal Travel,Eco,751,2,5,2,1,3,2,3,3,5,3,4,4,3,3.08,0,0,FALSE
Female,Loyal Customer,57,Business Travel,Business,1914,1,1,1,1,2,1,1,1,1,1,1,2,1,1.15,31,26,FALSE
Male,Loyal Customer,60,Business Travel,Business,2979,4,4,2,4,4,4,4,5,4,4,5,4,4,4,0,42,TRUE
Female,Loyal Customer,36,Personal Travel,Eco,964,3,4,3,5,2,3,2,2,5,3,5,3,2,3.23,41,51,FALSE
Male,Loyal Customer,40,Business Travel,Business,2077,2,2,2,2,3,4,4,4,4,4,4,4,4,3.31,0,0,TRUE
Male,Loyal Customer,35,Business Travel,Eco,120,4,4,3,4,4,4,4,4,5,2,5,1,4,3.69,0,0,TRUE
Male,Disloyal Customer,38,Business Travel,Eco,620,1,3,0,3,5,0,5,5,1,4,3,4,5,3,0,9,FALSE
Male,Loyal Customer,63,Business Travel,Eco Plus,721,3,3,3,3,3,3,3,3,3,5,3,1,3,3,42,47,FALSE
Male,Loyal Customer,14,Personal Travel,Eco Plus,631,2,4,2,3,2,2,2,2,3,4,4,1,2,2.54,4,9,FALSE
Male,Loyal Customer,29,Business Travel,Business,3065,1,1,1,1,5,5,5,5,4,3,2,4,5,3.23,0,7,TRUE
Male,Loyal Customer,36,Personal Travel,Eco,404,2,5,2,4,4,2,3,4,4,2,4,5,4,3.46,0,26,FALSE
Male,Loyal Customer,53,Business Travel,Business,1961,2,2,4,2,4,4,3,5,5,4,5,5,3,3.69,0,0,TRUE
Female,Loyal Customer,26,Business Travel,Business,3579,2,4,4,4,2,2,2,2,3,4,3,1,2,2.69,6,0,FALSE
Male,Disloyal Customer,8,Business Travel,Eco,978,3,3,3,1,4,3,2,4,1,5,3,3,4,3,3,0,FALSE
Female,Loyal Customer,36,Business Travel,Business,612,4,4,4,4,2,4,4,5,5,5,5,5,4,4.23,0,0,TRUE
Female,Disloyal Customer,25,Business Travel,Business,1476,3,4,2,2,4,2,4,4,5,3,5,5,4,3.62,0,0,FALSE
Female,Loyal Customer,58,Personal Travel,Eco,2399,2,2,2,3,5,1,3,5,5,2,5,3,1,3,0,0,FALSE
Female,Loyal Customer,65,Personal Travel,Eco,331,2,4,2,2,2,5,4,2,2,2,2,4,5,2.92,5,3,FALSE
Female,Disloyal Customer,61,Business Travel,Eco,331,2,1,2,4,3,2,3,3,3,5,4,2,3,2.85,0,0,FALSE
Female,Loyal Customer,16,Personal Travel,Eco Plus,1506,2,5,2,4,3,2,3,3,2,2,5,2,3,2.92,0,0,FALSE
Male,Loyal Customer,25,Business Travel,Business,2191,3,5,5,5,3,2,3,3,1,4,3,1,3,3.15,0,0,FALSE
Male,Loyal Customer,44,Business Travel,Eco,597,4,5,5,5,4,4,4,4,1,2,2,4,4,3.69,14,6,FALSE
Female,Disloyal Customer,42,Business Travel,Business,414,1,2,2,2,2,1,2,2,3,5,4,4,2,2.46,0,0,FALSE
Female,Loyal Customer,10,Personal Travel,Eco,647,3,4,3,4,5,3,2,5,3,1,2,3,5,3.31,15,9,FALSE
Male,Loyal Customer,61,Personal Travel,Eco,236,4,5,4,2,4,4,4,4,5,2,4,4,4,3.85,15,3,FALSE
Female,Loyal Customer,27,Business Travel,Eco,633,4,1,1,1,4,4,4,4,3,1,3,1,4,2.69,68,58,TRUE
Female,Disloyal Customer,28,Business Travel,Eco,1023,2,2,2,4,4,2,1,4,2,3,3,2,4,2.69,0,0,FALSE
Female,Loyal Customer,16,Business Travel,Business,846,4,4,4,4,1,2,1,1,1,2,4,1,1,2.31,0,0,TRUE
Female,Loyal Customer,24,Personal Travel,Eco,1008,3,4,3,2,2,3,2,2,4,5,4,3,2,3,126,112,FALSE
Male,Loyal Customer,60,Business Travel,Business,674,3,3,4,3,4,5,3,5,5,5,5,1,2,3.69,47,38,TRUE
Female,Loyal Customer,33,Personal Travel,Eco Plus,250,4,4,4,2,1,4,1,1,5,5,5,4,1,3.15,0,0,FALSE
Male,Loyal Customer,53,Business Travel,Business,3825,5,5,5,5,5,3,2,4,4,4,4,1,5,4,0,0,TRUE
Male,Loyal Customer,56,Business Travel,Business,2406,2,2,2,2,3,4,3,2,2,2,2,1,1,2.15,1,7,FALSE
Male,Loyal Customer,36,Business Travel,Eco Plus,1197,5,1,1,1,5,5,5,5,1,3,1,3,5,3.15,0,22,TRUE
Female,Loyal Customer,40,Business Travel,Business,1744,2,2,2,2,5,5,4,4,4,5,4,5,4,3.69,0,0,TRUE
Male,Loyal Customer,57,Business Travel,Business,1991,3,3,3,3,4,5,5,5,5,5,5,5,5,4.31,16,12,TRUE
Female,Disloyal Customer,28,Business Travel,Business,2677,3,3,3,4,3,2,2,3,3,3,4,2,2,2.85,1,0,FALSE
Female,Loyal Customer,56,Business Travel,Business,2888,3,3,3,3,3,4,4,4,4,4,4,3,4,3.54,83,84,TRUE
Female,Loyal Customer,56,Business Travel,Business,120,1,1,4,1,3,4,3,2,2,2,1,3,4,2.38,17,3,FALSE
Female,Loyal Customer,44,Business Travel,Business,1712,5,5,5,5,1,3,1,5,5,5,5,5,5,4.23,17,4,TRUE
Female,Loyal Customer,43,Business Travel,Business,2075,3,3,3,3,5,3,4,5,5,5,5,3,5,4,13,29,TRUE
Male,Loyal Customer,48,Business Travel,Eco,224,5,3,3,3,5,5,5,5,3,3,4,5,5,4.15,54,51,TRUE
Female,Disloyal Customer,26,Business Travel,Eco,262,3,3,3,4,3,3,3,3,3,1,3,1,3,2.77,39,27,FALSE
Female,Loyal Customer,45,Personal Travel,Eco,1674,1,5,1,4,1,4,4,4,4,2,4,4,4,3.23,189,184,FALSE
Female,Loyal Customer,45,Business Travel,Business,854,2,2,2,2,4,4,5,4,4,4,4,3,3,3.31,0,0,TRUE
Male,Loyal Customer,39,Personal Travel,Eco,1139,3,5,3,3,2,3,2,2,4,3,5,2,2,3,5,0,FALSE
Female,Loyal Customer,52,Business Travel,Business,2943,2,2,1,2,5,5,4,5,5,5,5,3,3,3.62,19,2,TRUE
Male,Loyal Customer,40,Personal Travel,Eco,479,2,4,2,3,1,2,1,1,2,2,4,3,1,2.15,124,129,FALSE
Female,Loyal Customer,60,Business Travel,Business,2673,4,4,4,4,5,5,5,4,5,4,5,5,5,4.54,163,149,TRUE
Male,Loyal Customer,44,Business Travel,Eco,190,3,2,4,4,3,3,3,3,3,2,3,3,3,3,0,0,FALSE
Female,Loyal Customer,58,Personal Travel,Eco,862,3,5,3,3,3,4,4,4,4,3,5,3,3,3.62,36,15,FALSE
Female,Loyal Customer,25,Personal Travel,Eco,239,3,3,3,4,4,3,4,4,2,2,3,3,4,3.23,51,46,FALSE
Male,Loyal Customer,72,Business Travel,Business,2723,4,5,5,5,3,3,3,4,4,4,4,2,2,3.69,0,0,FALSE
Female,Disloyal Customer,22,Business Travel,Business,453,0,0,0,1,1,0,1,1,5,4,5,5,1,1.85,12,0,TRUE
Male,Disloyal Customer,49,Business Travel,Business,781,3,3,3,2,4,3,4,4,4,2,5,3,4,3.38,93,89,FALSE
Male,Loyal Customer,22,Business Travel,Business,819,4,4,4,4,3,4,3,3,2,1,5,4,3,3.38,55,43,TRUE
Male,Loyal Customer,45,Business Travel,Business,1952,3,4,4,4,3,3,3,3,3,3,3,4,1,3.15,0,0,FALSE
Male,Loyal Customer,8,Personal Travel,Eco,414,3,5,3,4,3,3,2,3,4,1,4,5,3,3.31,0,0,FALSE
Female,Loyal Customer,19,Personal Travel,Eco,726,1,3,0,1,1,0,1,1,1,2,4,1,1,1.31,0,0,FALSE
Male,Loyal Customer,31,Business Travel,Business,3844,5,5,5,5,5,5,5,5,4,3,5,4,5,4.69,0,3,TRUE
Female,Loyal Customer,67,Personal Travel,Eco,369,4,3,4,3,4,2,5,3,3,4,3,3,4,3.46,0,0,TRUE
Male,Disloyal Customer,27,Business Travel,Business,89,2,2,2,4,1,2,1,1,5,3,5,3,1,2.46,0,0,FALSE
Female,Loyal Customer,18,Business Travel,Business,2475,1,4,1,1,1,2,1,1,4,1,2,2,1,1.69,0,0,FALSE
Male,Loyal Customer,23,Business Travel,Eco,395,2,3,3,3,2,2,1,2,1,5,4,1,2,2.38,0,1,FALSE
Male,Loyal Customer,59,Personal Travel,Eco,581,4,4,4,1,4,4,4,4,3,3,5,4,4,3.69,0,0,FALSE
Male,Loyal Customer,40,Business Travel,Eco,373,3,2,2,2,3,4,3,3,4,2,2,3,3,2.77,79,71,TRUE
Female,Loyal Customer,54,Business Travel,Business,1586,1,1,1,1,2,3,3,2,2,2,1,2,3,1.85,10,19,FALSE
Female,Loyal Customer,60,Business Travel,Business,3633,2,5,5,5,5,2,3,2,2,2,2,2,3,3.08,49,43,FALSE
Female,Loyal Customer,8,Personal Travel,Eco,631,3,1,4,4,2,4,4,2,1,2,3,2,2,2.62,0,0,FALSE
Female,Loyal Customer,57,Business Travel,Business,417,3,3,3,3,3,5,4,4,4,4,4,5,5,3.85,0,0,TRUE
Female,Loyal Customer,51,Business Travel,Eco,3904,3,1,1,1,3,3,3,3,5,4,3,3,3,2.77,17,0,FALSE
Male,Loyal Customer,36,Business Travel,Eco,129,4,1,1,1,4,4,4,4,2,4,3,3,4,3,0,0,TRUE
Female,Loyal Customer,55,Business Travel,Business,3890,2,2,2,2,4,4,5,4,4,4,4,3,4,3.38,16,0,TRUE
Male,Disloyal Customer,25,Business Travel,Eco,1223,3,3,3,3,5,3,1,5,2,2,3,4,5,3.23,30,45,FALSE
Female,Loyal Customer,58,Business Travel,Business,1614,3,3,3,3,2,4,4,3,3,3,3,3,5,3.23,21,13,TRUE
Male,Loyal Customer,51,Business Travel,Business,2510,5,5,5,5,2,5,4,5,5,5,5,3,4,4.46,8,19,TRUE
Male,Loyal Customer,38,Business Travel,Business,1540,2,2,5,2,3,1,3,4,4,4,4,4,1,3,0,0,TRUE
Male,Loyal Customer,35,Personal Travel,Eco,128,2,5,0,3,2,0,2,2,5,1,3,5,2,2.46,0,0,FALSE
Female,Loyal Customer,43,Business Travel,Business,1947,2,2,2,2,5,3,4,2,2,2,2,1,3,2.46,1,12,FALSE
Male,Loyal Customer,26,Business Travel,Eco,641,5,1,1,1,5,5,3,5,5,5,1,4,5,3.54,0,1,TRUE
Female,Disloyal Customer,20,Business Travel,Eco,599,2,4,2,3,3,2,3,3,4,2,3,1,3,2.69,28,31,FALSE
Female,Loyal Customer,68,Personal Travel,Business,1416,2,5,2,3,4,4,1,5,5,2,5,2,3,3.31,60,20,FALSE
Female,Loyal Customer,13,Personal Travel,Eco,579,2,2,2,3,5,2,5,5,3,2,3,2,5,3.15,10,0,FALSE
Female,Loyal Customer,26,Personal Travel,Eco,147,2,4,2,4,1,2,1,1,3,4,5,4,1,2.62,0,0,FALSE
Female,Loyal Customer,52,Business Travel,Business,2480,3,5,5,5,4,3,3,3,3,3,3,2,2,3.38,4,6,FALSE
Male,Loyal Customer,65,Business Travel,Business,442,1,1,1,1,2,2,2,5,5,5,5,4,3,2.85,4,0,TRUE
Male,Loyal Customer,53,Business Travel,Eco,592,5,1,1,1,3,5,3,3,4,3,4,3,3,3,0,0,TRUE
Male,Loyal Customer,36,Personal Travel,Eco,308,1,4,1,3,2,1,2,2,3,4,5,3,2,2.54,22,23,FALSE
Female,Loyal Customer,42,Business Travel,Eco,1142,2,4,4,4,4,3,4,2,2,2,2,2,4,3,2,6,FALSE
Male,Loyal Customer,60,Personal Travel,Eco,444,1,1,2,3,5,2,5,5,2,2,2,4,5,3,0,0,FALSE
Male,Loyal Customer,38,Personal Travel,Eco,862,3,4,3,1,2,3,2,2,4,2,5,3,2,2.77,11,0,FALSE
Female,Loyal Customer,54,Business Travel,Business,2395,4,4,4,4,2,1,4,4,4,4,3,4,4,3.54,0,0,TRUE
Female,Loyal Customer,36,Personal Travel,Eco,944,4,3,4,1,3,4,2,3,4,3,2,2,3,2.92,0,0,FALSE
Male,Loyal Customer,43,Personal Travel,Eco,95,3,3,0,3,3,0,3,3,1,4,4,2,3,2.46,0,0,FALSE
Male,Loyal Customer,22,Business Travel,Business,2069,2,2,2,2,2,2,2,2,3,2,2,4,2,2.23,52,41,FALSE
Male,Loyal Customer,49,Business Travel,Business,3715,3,3,3,3,5,4,5,5,5,5,5,3,5,4.15,0,1,TRUE
Female,Loyal Customer,60,Personal Travel,Eco,226,4,4,4,1,3,5,4,2,2,4,2,4,4,3.31,0,0,TRUE
Male,Loyal Customer,35,Business Travel,Business,2632,2,2,2,2,4,4,4,2,3,2,5,4,4,3.08,74,190,TRUE
Male,Loyal Customer,59,Business Travel,Business,3839,2,2,4,2,2,5,3,4,4,5,4,3,5,3.46,0,0,TRUE
Male,Loyal Customer,52,Personal Travel,Eco,547,4,3,4,4,3,4,3,3,2,5,1,3,3,3.23,5,0,FALSE
Female,Loyal Customer,64,Personal Travel,Eco,964,4,5,5,3,5,5,5,5,5,5,5,5,5,4.77,10,0,TRUE
Male,Loyal Customer,60,Business Travel,Business,254,0,0,0,1,5,3,3,3,3,3,3,2,4,2.31,0,22,TRUE
Female,Disloyal Customer,57,Business Travel,Eco,843,3,3,3,4,4,3,2,4,3,2,4,3,4,3.23,2,1,FALSE
Male,Loyal Customer,39,Business Travel,Business,2706,3,2,2,2,2,3,3,3,3,3,3,3,1,2.54,3,33,FALSE
Female,Loyal Customer,36,Personal Travel,Eco,818,2,4,2,2,3,2,3,3,3,3,2,4,3,2.77,18,7,FALSE
Female,Loyal Customer,47,Business Travel,Eco,265,3,3,3,3,5,3,1,3,3,3,3,3,5,3.15,36,30,TRUE
Male,Loyal Customer,56,Business Travel,Business,1892,3,3,3,3,5,3,4,5,5,5,5,5,3,4,0,0,TRUE
Male,Loyal Customer,56,Business Travel,Eco,707,5,5,4,4,5,5,5,5,4,3,3,3,5,4.31,0,0,TRUE
Male,Disloyal Customer,49,Business Travel,Eco,208,3,0,3,4,4,3,2,4,5,1,1,2,4,2.77,2,0,FALSE
Female,Disloyal Customer,21,Business Travel,Eco,250,4,0,5,1,1,5,1,1,5,2,5,4,1,2.69,0,0,TRUE
Female,Loyal Customer,50,Personal Travel,Eco,1217,1,0,0,4,5,3,3,2,2,0,2,1,3,2,1,3,FALSE
Male,Loyal Customer,60,Business Travel,Business,1620,5,5,5,5,4,3,4,3,3,3,3,3,3,3.77,0,0,TRUE
Female,Loyal Customer,56,Business Travel,Business,689,3,3,3,3,5,4,4,4,4,5,4,3,3,3.69,0,0,TRUE
Male,Disloyal Customer,20,Business Travel,Eco,894,0,0,0,5,2,0,2,2,4,5,1,1,2,1.85,40,38,TRUE
Female,Loyal Customer,29,Business Travel,Business,3709,3,1,1,1,3,3,3,3,4,1,3,1,3,2.31,2,9,FALSE
Female,Disloyal Customer,34,Business Travel,Business,544,2,2,2,3,2,2,2,2,5,4,4,5,2,2.85,0,0,FALSE
Male,Loyal Customer,54,Personal Travel,Eco,901,2,1,2,3,4,2,4,4,1,4,4,4,4,3,3,0,FALSE
Female,Disloyal Customer,26,Business Travel,Business,181,5,4,5,4,4,5,4,4,4,2,5,4,4,4.15,0,0,TRUE
Female,Loyal Customer,42,Business Travel,Business,1944,2,2,2,2,5,5,4,5,5,5,5,5,5,4,2,0,TRUE
Female,Loyal Customer,48,Business Travel,Business,1797,5,5,5,5,4,5,4,5,5,5,5,3,5,4.69,1,0,TRUE
Female,Loyal Customer,40,Business Travel,Business,1987,0,3,0,5,5,5,5,5,5,4,1,5,5,3.69,166,168,TRUE
Male,Loyal Customer,49,Business Travel,Business,1605,2,4,4,4,2,2,4,2,2,2,2,2,1,2.54,3,0,FALSE
Male,Loyal Customer,19,Personal Travel,Eco,403,2,4,5,2,2,5,1,2,4,4,4,3,2,3.08,0,0,FALSE
Female,Loyal Customer,67,Personal Travel,Eco,368,2,5,2,4,2,5,2,1,1,2,1,3,5,2.69,0,0,FALSE
Male,Loyal Customer,43,Personal Travel,Eco,1521,3,4,3,4,2,3,2,2,4,3,5,3,2,3.08,0,0,FALSE
Female,Loyal Customer,51,Business Travel,Business,309,1,1,1,1,2,5,4,5,5,5,5,4,4,3.31,0,0,TRUE
Male,Loyal Customer,57,Business Travel,Business,2056,3,3,3,3,5,3,1,5,5,5,5,2,4,3.62,0,0,TRUE
Female,Loyal Customer,8,Personal Travel,Eco,691,3,4,3,3,3,3,3,3,3,2,4,5,3,3.23,0,2,FALSE
Male,Loyal Customer,53,Business Travel,Business,1916,4,1,2,1,5,1,3,4,4,4,4,2,3,2.92,7,24,FALSE
Female,Loyal Customer,49,Personal Travel,Eco,101,3,5,0,2,4,5,5,5,5,0,5,5,5,3.77,0,2,FALSE
Male,Loyal Customer,40,Business Travel,Business,1724,4,4,5,4,5,2,3,4,4,4,4,1,2,3.54,27,21,FALSE
Male,Loyal Customer,18,Business Travel,Business,677,2,2,2,2,5,5,5,5,3,4,4,1,5,3.46,1,9,TRUE
Female,Loyal Customer,16,Personal Travel,Eco,189,2,4,0,1,3,0,3,3,4,5,5,4,3,2.85,13,11,FALSE
Male,Loyal Customer,57,Business Travel,Business,516,1,1,5,1,2,4,4,5,5,5,5,4,4,3.54,0,0,TRUE
Male,Disloyal Customer,48,Business Travel,Eco,328,2,3,2,4,4,2,2,4,1,3,3,3,4,2.85,8,2,FALSE
Female,Loyal Customer,44,Business Travel,Business,3537,4,4,4,4,5,4,4,4,4,4,4,1,1,3.62,60,44,FALSE
Male,Loyal Customer,49,Business Travel,Business,2077,3,3,3,3,4,5,5,2,2,2,2,5,3,3.23,1,0,TRUE
Female,Loyal Customer,12,Personal Travel,Eco,366,2,1,2,2,2,2,2,2,2,3,3,2,2,2.08,10,24,FALSE
Male,Loyal Customer,14,Personal Travel,Eco,1608,2,1,2,2,3,2,3,3,4,1,2,1,3,2.23,0,0,FALSE
Male,Loyal Customer,44,Personal Travel,Eco,1017,2,2,2,4,1,2,1,1,1,2,3,3,1,1.92,0,0,FALSE
Male,Loyal Customer,59,Business Travel,Eco,676,4,1,3,3,4,4,4,4,2,4,4,1,4,3.23,7,1,TRUE
Female,Loyal Customer,41,Business Travel,Eco,1416,4,2,2,2,5,4,5,5,3,4,1,2,5,3.38,0,0,TRUE
Female,Loyal Customer,64,Business Travel,Business,814,5,5,5,5,4,5,5,4,4,4,4,5,3,4.46,0,0,TRUE
Male,Loyal Customer,45,Business Travel,Business,2506,4,4,4,4,4,5,4,5,5,5,5,3,3,4.23,0,0,TRUE
Male,Loyal Customer,14,Personal Travel,Eco,366,2,5,2,3,3,2,3,3,4,3,5,5,3,3.31,0,0,FALSE
Female,Disloyal Customer,27,Business Travel,Business,214,2,2,2,2,3,2,3,3,4,4,4,4,3,2.92,0,3,FALSE
Female,Loyal Customer,69,Business Travel,Business,494,1,4,4,4,1,3,3,1,1,1,1,4,3,2.38,64,70,FALSE
Female,Loyal Customer,49,Business Travel,Eco,403,3,5,5,5,1,3,4,3,3,3,3,4,2,3.38,0,0,FALSE
Female,Loyal Customer,41,Business Travel,Eco,1034,5,3,3,3,5,5,5,5,1,3,4,2,5,3.77,41,14,TRUE
Female,Disloyal Customer,25,Business Travel,Eco,594,4,3,4,2,2,4,2,2,4,4,4,2,2,3,0,0,FALSE
Male,Loyal Customer,69,Personal Travel,Eco,2295,2,4,2,4,1,2,2,1,5,4,2,4,1,2.62,31,0,FALSE
Male,Loyal Customer,51,Business Travel,Business,1867,5,5,5,5,5,4,5,4,4,4,4,3,3,4.31,25,10,TRUE
Female,Loyal Customer,51,Personal Travel,Eco,651,5,2,5,4,5,2,4,4,4,2,1,1,3,3.23,1,0,TRUE
Male,Loyal Customer,18,Business Travel,Business,1999,1,1,1,1,1,1,1,1,3,5,4,1,1,1.69,0,0,FALSE
Female,Disloyal Customer,24,Business Travel,Eco,364,2,5,2,2,4,2,4,4,5,3,5,1,4,3.31,0,10,FALSE
Male,Loyal Customer,50,Business Travel,Business,3922,3,3,3,3,2,5,5,5,5,5,4,4,4,3.92,0,0,TRUE
Female,Disloyal Customer,48,Business Travel,Business,951,2,2,2,2,1,2,1,1,4,5,4,3,1,2.31,16,15,FALSE
Male,Loyal Customer,59,Business Travel,Business,2086,1,4,4,4,3,3,4,1,1,1,1,3,2,2.46,1,0,FALSE
Female,Loyal Customer,36,Personal Travel,Business,240,4,5,4,2,4,3,3,5,5,4,5,5,4,4.08,69,66,FALSE
Male,Loyal Customer,40,Business Travel,Business,874,4,3,3,3,4,3,4,4,4,4,4,2,1,3.31,0,0,FALSE
Male,Loyal Customer,21,Business Travel,Business,3679,2,2,2,2,4,4,3,4,4,3,3,4,4,3.15,0,0,TRUE
Male,Loyal Customer,25,Personal Travel,Eco,937,2,5,2,3,2,2,2,2,3,5,4,3,2,2.85,0,0,FALSE
Female,Disloyal Customer,55,Business Travel,Eco,399,1,4,1,3,2,1,2,2,2,5,3,2,2,2.31,0,0,FALSE
Male,Disloyal Customer,21,Business Travel,Eco,1220,3,3,3,4,5,3,3,5,2,2,4,2,5,3.38,0,7,FALSE
Female,Disloyal Customer,39,Business Travel,Business,1197,3,4,4,1,1,4,1,1,5,3,4,5,1,2.85,0,0,FALSE
Male,Loyal Customer,32,Business Travel,Business,2992,4,4,4,4,5,5,5,5,3,4,4,4,5,4.31,23,21,TRUE
Female,Disloyal Customer,28,Business Travel,Eco,744,2,1,1,4,1,1,1,1,1,5,1,2,1,1.69,0,0,FALSE
Female,Disloyal Customer,20,Business Travel,Business,342,0,0,0,5,4,0,4,4,4,2,5,4,4,2.77,6,0,TRUE
Female,Loyal Customer,55,Personal Travel,Eco,646,3,3,3,5,1,5,3,4,4,3,5,5,1,3.46,0,0,FALSE
Male,Loyal Customer,30,Personal Travel,Eco,177,4,4,4,3,2,4,5,2,5,4,5,4,2,3.69,14,7,TRUE
Male,Loyal Customer,27,Business Travel,Business,2829,2,5,5,5,2,2,2,2,1,5,2,1,2,2.77,5,0,FALSE
Female,Disloyal Customer,57,Business Travel,Eco,925,4,4,4,2,4,3,4,3,3,2,1,4,4,3.23,16,17,FALSE
Male,Loyal Customer,26,Personal Travel,Eco Plus,240,1,3,1,2,4,1,4,4,2,5,2,3,4,2.77,22,19,FALSE
Female,Loyal Customer,41,Business Travel,Business,1639,2,2,2,2,4,5,4,4,4,4,4,5,3,3.46,49,43,TRUE
Female,Disloyal Customer,24,Business Travel,Eco,907,2,2,2,5,5,2,3,5,5,1,3,4,5,3.38,23,23,FALSE
Male,Loyal Customer,30,Business Travel,Business,3575,2,2,2,2,2,2,2,2,1,4,3,3,2,2.23,26,25,FALSE
Female,Loyal Customer,30,Personal Travel,Eco,397,3,4,3,3,5,3,5,5,5,3,5,3,5,4,0,0,FALSE
Male,Disloyal Customer,36,Business Travel,Business,358,2,2,2,3,2,2,2,2,3,5,5,4,2,2.77,0,0,FALSE
Male,Disloyal Customer,45,Business Travel,Business,370,5,5,5,2,4,5,3,4,5,4,4,5,4,4.23,94,88,TRUE
Male,Loyal Customer,56,Business Travel,Business,3342,4,4,4,4,4,4,4,5,5,5,5,4,4,4.31,1,1,TRUE
Female,Disloyal Customer,37,Business Travel,Eco,204,3,0,3,4,4,3,4,4,2,1,3,4,4,3,0,0,FALSE
Male,Loyal Customer,36,Business Travel,Business,2315,4,4,4,4,5,2,5,5,5,4,5,5,1,4.08,0,0,TRUE
Male,Loyal Customer,38,Business Travel,Eco Plus,944,5,5,4,4,5,5,5,5,3,4,4,5,5,4.54,21,36,TRUE
Male,Loyal Customer,60,Personal Travel,Eco,177,3,3,0,3,4,0,4,4,3,3,2,4,4,2.85,37,40,FALSE
Male,Loyal Customer,44,Business Travel,Eco,834,4,3,3,3,5,4,5,5,5,4,2,1,5,3.77,0,19,TRUE
Female,Loyal Customer,43,Business Travel,Eco,1620,3,5,5,5,4,2,2,3,3,3,3,3,4,3.46,35,,FALSE
Female,Disloyal Customer,36,Business Travel,Eco,689,4,4,4,3,3,4,3,3,1,4,3,3,3,3.23,0,0,FALSE
Male,Loyal Customer,36,Business Travel,Business,1586,0,0,0,4,2,4,4,2,2,2,2,4,3,2.23,14,4,TRUE
Male,Loyal Customer,39,Business Travel,Business,3694,3,3,3,3,4,3,3,4,4,4,4,2,5,3.46,14,0,TRUE
Female,Loyal Customer,18,Personal Travel,Eco,2454,1,1,1,2,1,2,2,1,4,3,3,2,2,1.92,5,0,FALSE
Female,Loyal Customer,9,Personal Travel,Eco,406,1,5,1,2,3,1,3,3,3,3,4,4,3,2.77,0,0,FALSE
Female,Loyal Customer,46,Business Travel,Business,1014,5,5,5,5,5,4,5,5,5,5,5,5,5,4.92,19,1,TRUE
Male,Disloyal Customer,27,Business Travel,Business,2125,2,2,2,2,5,2,5,5,3,4,3,3,5,3.31,0,0,FALSE
Female,Loyal Customer,60,Business Travel,Business,3913,2,2,2,2,3,4,5,2,2,2,2,3,4,2.69,22,0,TRUE
Male,Disloyal Customer,58,Business Travel,Business,272,2,2,2,4,4,2,4,4,3,3,2,5,4,3.15,0,0,TRUE
Female,Loyal Customer,17,Personal Travel,Eco Plus,209,2,4,2,3,4,2,4,4,2,5,3,4,4,3.31,36,36,FALSE
Male,Loyal Customer,63,Personal Travel,Eco,828,1,4,1,5,3,1,3,3,4,2,4,4,3,2.92,0,0,FALSE
Female,Loyal Customer,50,Business Travel,Business,2148,4,4,4,4,3,4,4,5,5,5,5,3,4,4.15,16,5,TRUE
Male,Loyal Customer,39,Personal Travel,Eco,2454,3,5,3,3,3,4,4,5,2,2,4,4,4,3.54,0,0,FALSE
Male,Disloyal Customer,68,Business Travel,Eco,975,2,2,2,4,4,2,4,4,1,5,4,4,4,3.23,0,0,FALSE
Female,Loyal Customer,60,Business Travel,Eco,859,5,3,3,3,3,5,3,5,5,5,5,3,4,4,9,10,TRUE
Male,Loyal Customer,40,Business Travel,Eco,190,1,4,4,4,1,1,1,1,4,3,3,1,1,2.23,0,0,FALSE
Female,Loyal Customer,14,Personal Travel,Eco,331,3,3,3,3,5,3,5,5,2,2,3,3,5,3.46,3,15,FALSE
Male,Loyal Customer,46,Business Travel,Business,435,4,1,1,1,2,3,4,4,4,4,4,4,2,2.92,2,15,FALSE
Male,Loyal Customer,47,Personal Travel,Eco,1482,4,4,4,4,1,4,3,1,1,4,5,3,1,3,0,0,FALSE
Male,Disloyal Customer,57,Business Travel,Eco,296,2,4,2,4,3,2,3,3,5,2,2,4,3,3,0,0,FALSE
Female,Loyal Customer,59,Business Travel,Business,3634,5,5,5,5,3,5,4,5,5,5,5,5,5,4.77,1,0,TRUE
Male,Disloyal Customer,26,Business Travel,Eco,89,2,4,2,1,4,2,4,4,5,1,4,3,4,3.08,0,0,FALSE
Male,Loyal Customer,20,Business Travel,Eco Plus,89,5,3,3,3,5,5,5,5,1,1,1,3,5,3.46,0,0,TRUE
Female,Loyal Customer,44,Business Travel,Business,1710,4,4,4,4,4,1,5,5,5,5,5,1,2,3.77,0,0,TRUE
Female,Loyal Customer,49,Business Travel,Eco,233,4,2,2,2,2,2,1,4,4,4,4,4,4,3,28,23,FALSE
Female,Disloyal Customer,72,Business Travel,Eco,280,3,2,3,4,3,3,3,3,4,2,4,2,3,3,0,8,FALSE
Female,Disloyal Customer,43,Business Travel,Eco,721,4,3,3,5,4,3,4,4,3,1,5,5,4,3.69,6,0,FALSE
Male,Loyal Customer,41,Business Travel,Business,829,4,4,4,4,3,5,5,5,5,5,5,5,5,4.54,51,37,TRUE
Female,Loyal Customer,12,Personal Travel,Eco,599,3,3,3,2,1,3,1,1,4,3,4,5,1,2.62,72,70,FALSE
Male,Loyal Customer,48,Business Travel,Business,719,5,5,5,5,4,5,5,5,5,5,5,3,5,4.77,0,13,TRUE
Male,Loyal Customer,52,Business Travel,Business,3019,1,1,1,1,4,5,4,4,4,4,4,4,3,3.08,55,47,TRUE
Female,Disloyal Customer,37,Business Travel,Eco,820,4,3,3,3,2,3,2,2,5,4,3,4,2,3.08,0,17,FALSE
Male,Loyal Customer,44,Personal Travel,Eco,679,2,4,2,3,4,2,2,4,5,2,5,4,4,3.31,30,32,FALSE
Male,Loyal Customer,42,Business Travel,Business,1892,1,1,5,1,3,5,5,2,2,2,2,5,5,3,0,0,TRUE
Female,Loyal Customer,54,Business Travel,Business,1544,1,1,1,1,3,4,5,5,5,4,5,3,3,3.15,6,1,TRUE
Female,Loyal Customer,68,Business Travel,Business,226,1,1,1,1,1,1,5,5,5,5,5,3,3,2.85,0,10,TRUE
Male,Loyal Customer,45,Business Travel,Business,676,5,5,2,5,3,3,3,4,4,4,4,2,3,3.62,0,0,TRUE
Female,Loyal Customer,38,Business Travel,Business,1609,3,3,3,3,5,2,3,3,3,4,3,1,2,2.92,0,0,FALSE
Female,Loyal Customer,48,Business Travel,Business,1922,5,5,5,5,5,5,4,2,2,3,2,4,4,3.92,0,0,TRUE
Male,Loyal Customer,44,Personal Travel,Eco Plus,1607,3,4,3,3,3,3,5,3,3,3,4,5,3,3.46,38,33,FALSE
Male,Loyal Customer,43,Business Travel,Business,2055,1,1,1,1,4,1,1,4,4,4,4,5,3,2.62,0,0,TRUE
Female,Loyal Customer,44,Business Travel,Eco,871,4,4,4,4,5,3,5,4,4,4,4,1,2,3.69,0,0,TRUE
Male,Loyal Customer,68,Personal Travel,Eco,919,2,3,2,4,3,2,3,3,4,5,4,3,3,3.15,0,0,FALSE
Female,Loyal Customer,48,Business Travel,Business,1464,2,2,2,2,4,5,5,4,4,4,4,3,5,3.54,64,62,TRUE
Female,Loyal Customer,46,Business Travel,Business,3601,2,2,2,2,3,5,5,2,2,2,2,3,4,2.77,94,69,TRUE
Male,Loyal Customer,26,Personal Travel,Eco,409,1,3,1,4,4,1,4,4,2,4,4,4,4,3.08,0,0,FALSE
Male,Loyal Customer,52,Business Travel,Eco,1024,3,3,3,3,4,3,4,4,4,5,3,1,4,3.38,0,0,TRUE
Female,Disloyal Customer,29,Business Travel,Business,692,3,3,3,3,2,3,3,2,2,2,3,2,2,2.54,0,5,FALSE
Male,Loyal Customer,26,Business Travel,Business,666,5,5,1,5,4,4,4,4,3,2,4,5,4,3.85,0,0,TRUE
Female,Disloyal Customer,38,Business Travel,Eco,1127,1,1,1,4,4,1,2,4,2,2,4,3,4,2.54,0,5,FALSE
Female,Disloyal Customer,35,Business Travel,Business,488,3,3,3,4,2,3,2,2,5,2,5,4,2,3.08,0,0,FALSE
Male,Loyal Customer,45,Business Travel,Eco Plus,2173,3,1,1,1,3,3,3,3,4,1,1,4,3,2.38,58,35,FALSE
Female,Loyal Customer,54,Business Travel,Business,469,1,1,1,1,5,5,4,5,5,5,5,5,3,3.54,0,0,TRUE
Male,Disloyal Customer,26,Business Travel,Eco,145,3,0,3,2,5,3,5,5,4,1,1,1,5,2.92,0,0,FALSE
Female,Loyal Customer,24,Personal Travel,Eco,425,2,0,2,2,1,2,1,1,4,5,5,4,1,2.31,0,0,FALSE
Female,Loyal Customer,33,Personal Travel,Eco,901,2,3,2,2,4,2,4,4,2,2,3,3,4,2.85,0,21,FALSE
Male,Loyal Customer,29,Business Travel,Business,2342,1,5,5,5,1,1,1,1,2,1,3,2,1,2.23,1,0,FALSE
Female,Loyal Customer,52,Business Travel,Business,3833,1,1,1,1,3,4,5,5,5,5,4,3,3,3.15,0,0,TRUE
Female,Loyal Customer,33,Business Travel,Business,528,1,1,1,1,5,5,5,4,4,4,4,3,5,3.31,0,0,TRUE
Male,Loyal Customer,47,Business Travel,Business,3234,5,5,5,5,3,4,5,4,4,4,4,5,4,4.38,13,3,TRUE
Male,Loyal Customer,38,Business Travel,Business,2554,1,1,1,1,3,4,4,5,5,5,5,5,5,3.46,0,0,TRUE
Female,Loyal Customer,32,Business Travel,Eco,442,2,3,1,3,2,2,2,2,1,5,1,3,2,2.23,0,0,FALSE
Female,Loyal Customer,44,Business Travel,Business,2409,2,2,2,2,2,4,5,4,4,4,4,3,3,3.15,8,5,TRUE
Female,Disloyal Customer,49,Business Travel,Business,2565,4,4,4,3,1,4,1,1,5,3,3,3,1,2.85,1,0,TRUE
Female,Loyal Customer,18,Business Travel,Business,158,4,3,3,3,2,2,4,2,2,3,3,3,2,2.77,58,53,FALSE
Female,Loyal Customer,38,Personal Travel,Eco Plus,926,1,3,1,4,5,1,5,5,3,4,3,2,5,3.23,0,0,FALSE
Female,Loyal Customer,54,Personal Travel,Eco,387,2,3,2,3,1,2,4,2,2,2,2,3,5,2.54,0,6,FALSE
Male,Loyal Customer,58,Business Travel,Business,2521,3,3,3,3,5,5,5,5,2,4,5,5,5,4.08,4,14,TRUE
Male,Disloyal Customer,18,Business Travel,Eco,369,0,0,0,2,2,0,2,2,5,2,5,4,2,2,0,3,TRUE
Male,Loyal Customer,49,Personal Travel,Eco,920,1,2,1,3,5,1,5,5,2,4,3,2,5,3,18,0,FALSE
Male,Loyal Customer,37,Business Travel,Business,2857,2,2,2,2,2,5,4,5,5,5,5,5,4,3.69,0,11,TRUE
Female,Loyal Customer,54,Business Travel,Business,3630,1,1,1,1,3,5,4,5,5,5,5,4,5,3.46,18,14,TRUE
Female,Loyal Customer,18,Business Travel,Business,1843,4,2,5,5,4,4,4,4,1,2,4,3,4,3.54,0,0,FALSE
Male,Loyal Customer,56,Business Travel,Business,2255,4,1,4,4,2,4,4,3,3,3,3,4,4,3.31,0,0,TRUE
Male,Loyal Customer,23,Personal Travel,Eco,594,3,3,3,3,1,3,1,1,2,1,4,5,1,2.38,28,33,FALSE
Male,Loyal Customer,57,Business Travel,Business,1481,3,1,1,1,3,4,4,3,3,2,3,4,1,2.54,0,0,FALSE
Female,Loyal Customer,59,Business Travel,Business,1956,5,5,5,5,2,4,5,5,5,5,5,4,4,4.54,0,2,TRUE
Female,Loyal Customer,53,Personal Travel,Eco,250,4,5,4,3,5,5,4,3,3,4,3,3,4,3.85,68,61,FALSE
Male,Loyal Customer,10,Personal Travel,Eco,213,2,0,0,2,2,0,2,2,5,4,5,3,2,2.23,0,0,FALSE
Male,Loyal Customer,52,Business Travel,Business,3358,2,1,1,1,2,3,4,2,2,2,2,1,3,2,0,9,FALSE
Female,Loyal Customer,46,Business Travel,Business,1983,2,2,2,2,4,5,5,4,3,4,4,5,5,3.62,176,166,TRUE
Female,Loyal Customer,26,Business Travel,Business,1587,2,2,2,2,4,4,4,4,4,2,4,4,4,3.23,39,17,TRUE
Female,Loyal Customer,41,Business Travel,Business,1939,3,3,3,3,5,4,5,4,4,4,4,5,4,3.92,71,78,TRUE
Male,Loyal Customer,40,Business Travel,Business,1073,3,3,3,3,4,5,4,4,4,4,4,3,3,3.62,0,0,TRUE
Female,Loyal Customer,41,Business Travel,Business,849,5,5,5,5,4,4,4,2,2,3,2,4,4,3.77,0,0,TRUE
Male,Disloyal Customer,35,Business Travel,Business,1723,1,1,1,2,4,1,4,4,3,4,4,3,4,2.77,62,90,FALSE
Male,Loyal Customer,48,Business Travel,Business,3901,2,1,1,1,2,4,3,2,2,2,2,3,3,2.15,2,23,FALSE
Female,Loyal Customer,38,Business Travel,Eco,386,2,3,3,3,2,2,2,2,4,3,1,2,2,2.38,0,0,TRUE
Male,Loyal Customer,15,Personal Travel,Eco,1055,3,5,3,5,2,3,2,2,4,3,4,3,2,3.15,4,0,FALSE
Female,Loyal Customer,33,Personal Travel,Eco,189,1,3,1,4,2,1,2,2,4,5,1,3,2,2.38,15,33,FALSE
Male,Loyal Customer,11,Personal Travel,Eco,213,1,0,1,3,2,1,2,2,4,4,5,5,2,2.46,0,37,FALSE
Male,Disloyal Customer,26,Business Travel,Eco,102,2,3,2,3,5,2,5,5,4,1,1,1,5,3,0,0,FALSE
Male,Disloyal Customer,15,Business Travel,Business,1357,5,0,5,4,3,5,3,3,3,3,5,4,3,3.54,0,2,TRUE
Female,Loyal Customer,62,Business Travel,Business,3574,1,4,4,4,1,4,3,3,3,3,1,1,1,2.54,24,15,FALSE
Female,Loyal Customer,27,Business Travel,Eco,1849,1,1,1,1,1,1,1,1,2,2,2,4,1,1.46,0,9,FALSE
Female,Loyal Customer,26,Business Travel,Business,2934,3,3,3,3,4,4,4,4,5,5,5,3,4,3.85,0,0,TRUE
Male,Disloyal Customer,40,Business Travel,Business,677,4,4,4,3,2,4,2,2,4,5,5,3,2,3.38,0,0,FALSE
Female,Disloyal Customer,70,Business Travel,Business,455,2,2,2,1,2,2,4,2,4,3,4,3,2,2.54,0,0,FALSE
Male,Loyal Customer,33,Business Travel,Eco,746,5,2,2,2,5,5,5,5,5,2,4,4,5,3.92,44,35,TRUE
Female,Loyal Customer,56,Business Travel,Eco,125,3,5,4,4,2,4,3,3,3,3,3,1,2,3.08,0,0,FALSE
Male,Disloyal Customer,21,Business Travel,Eco,669,4,0,4,2,4,4,4,4,4,3,4,3,4,3.38,0,0,TRUE
Female,Loyal Customer,9,Personal Travel,Eco,1046,3,5,3,3,1,3,5,1,4,4,3,1,1,2.85,0,0,FALSE
Female,Loyal Customer,27,Business Travel,Business,1218,5,5,5,5,4,4,4,4,3,2,5,4,4,4.15,3,0,TRUE
Male,Loyal Customer,22,Business Travel,Business,2055,1,1,1,1,4,4,1,4,4,3,3,4,4,2.69,0,0,FALSE
Female,Loyal Customer,37,Business Travel,Business,2079,5,5,5,5,5,3,5,5,5,5,5,1,2,4.31,0,0,TRUE
Female,Loyal Customer,35,Business Travel,Business,1807,2,5,4,4,2,4,3,2,2,2,2,3,2,2.85,0,0,FALSE
Male,Loyal Customer,39,Business Travel,Business,449,3,3,3,3,4,5,5,5,5,5,5,3,3,4,0,0,TRUE
Female,Loyal Customer,39,Business Travel,Business,1426,1,1,1,1,2,4,4,5,5,5,5,4,4,3.23,0,0,TRUE
Male,Loyal Customer,60,Business Travel,Business,1121,4,4,4,4,5,5,4,4,4,4,4,4,4,4.15,0,0,TRUE
Male,Loyal Customer,39,Personal Travel,Eco,169,2,4,2,3,4,2,4,4,3,2,4,4,4,3.23,0,3,FALSE
Male,Loyal Customer,49,Business Travel,Business,490,4,4,4,4,5,4,5,4,4,4,4,4,4,4.15,0,0,TRUE
Male,Disloyal Customer,28,Business Travel,Business,534,0,0,0,5,4,0,4,4,4,2,5,5,4,2.85,0,19,TRUE
Male,Loyal Customer,24,Business Travel,Business,2475,5,5,5,5,4,4,4,4,4,4,5,3,4,4.31,11,0,TRUE
Female,Loyal Customer,58,Personal Travel,Business,867,3,3,3,1,3,2,3,5,5,3,4,1,3,3,0,0,FALSE
Male,Loyal Customer,37,Business Travel,Business,405,1,1,2,1,4,3,3,1,1,2,1,1,4,1.92,50,49,FALSE
Female,Disloyal Customer,20,Business Travel,Eco,687,2,2,2,1,1,2,1,1,3,5,4,3,1,2.15,8,0,FALSE
Female,Loyal Customer,46,Business Travel,Eco,1226,2,5,5,5,3,5,4,2,2,2,2,4,3,3.38,14,23,TRUE
Male,Loyal Customer,56,Business Travel,Business,1211,2,2,2,2,5,4,4,2,2,2,2,4,5,2.92,0,4,TRUE
Male,Loyal Customer,29,Business Travel,Business,2510,4,4,4,4,4,4,4,4,3,2,5,3,4,3.77,2,0,TRUE
Female,Loyal Customer,34,Business Travel,Business,748,5,5,3,5,3,1,2,5,5,5,5,4,2,3.85,9,0,TRUE
Male,Loyal Customer,38,Personal Travel,Eco,821,1,5,1,3,3,1,3,3,3,3,4,5,3,2.92,0,0,FALSE
Male,Loyal Customer,44,Business Travel,Business,581,4,4,2,4,3,4,5,3,3,3,3,4,4,3.54,2,0,TRUE
Male,Disloyal Customer,27,Business Travel,Eco,505,0,0,0,4,1,0,1,1,5,5,2,3,1,1.77,0,0,TRUE
Male,Loyal Customer,40,Business Travel,Business,2269,5,5,5,5,2,4,5,5,5,5,5,3,3,4.38,122,108,TRUE
Female,Loyal Customer,12,Personal Travel,Eco,374,2,4,2,4,1,2,1,1,4,3,5,4,1,2.62,48,43,FALSE
Female,Loyal Customer,14,Personal Travel,Eco,2065,3,4,3,4,3,4,4,3,5,4,5,4,4,3.85,0,37,FALSE
Male,Disloyal Customer,22,Business Travel,Eco,303,2,4,2,3,1,2,1,1,3,5,4,4,1,2.54,0,25,FALSE
Female,Loyal Customer,51,Personal Travel,Eco,363,1,4,1,2,4,4,4,4,4,1,4,5,5,3.31,0,0,FALSE
Female,Disloyal Customer,16,Business Travel,Business,972,0,0,0,3,4,0,4,4,4,5,4,3,4,2.69,0,0,TRUE
Male,Loyal Customer,61,Business Travel,Eco,116,1,3,3,3,1,1,1,3,3,3,3,1,1,2.08,100,154,FALSE
Female,Loyal Customer,15,Personal Travel,Eco,370,2,2,2,4,2,2,2,2,2,5,4,3,2,2.62,1,0,FALSE
Male,Loyal Customer,37,Personal Travel,Eco,987,3,5,3,5,3,3,3,3,4,3,5,3,3,3.54,0,0,FALSE
Female,Loyal Customer,47,Business Travel,Business,1749,2,2,2,2,4,4,4,5,5,5,5,5,5,3.85,0,1,TRUE
Female,Loyal Customer,11,Business Travel,Eco Plus,956,1,4,4,4,1,1,3,1,1,4,3,4,1,2.46,0,0,FALSE
Male,Loyal Customer,51,Personal Travel,Eco,2704,2,4,1,5,4,1,4,4,3,4,5,5,4,3.54,0,0,FALSE
Male,Loyal Customer,32,Business Travel,Eco,930,2,5,3,5,2,2,2,2,3,1,3,1,2,2.54,54,70,FALSE
Male,Loyal Customer,44,Business Travel,Business,1922,1,3,3,3,4,2,2,1,1,1,1,3,3,2.15,27,18,FALSE
Male,Disloyal Customer,25,Business Travel,Business,621,3,5,2,3,4,2,4,4,4,4,5,3,4,3.62,0,0,FALSE
Female,Loyal Customer,53,Business Travel,Eco,468,4,5,5,5,4,4,4,3,2,5,1,4,4,3.85,134,120,TRUE
Male,Loyal Customer,55,Business Travel,Business,644,2,2,3,2,3,5,5,4,4,4,4,4,4,3.54,0,0,TRUE
Male,Loyal Customer,49,Business Travel,Eco,372,4,1,1,1,4,4,4,4,4,5,4,3,4,3.31,0,0,FALSE
Male,Loyal Customer,51,Personal Travel,Eco,642,1,5,1,1,2,1,2,2,4,4,5,4,2,2.62,0,0,FALSE
Male,Loyal Customer,37,Business Travel,Business,3990,3,5,5,5,3,4,3,3,3,2,3,1,2,3.23,44,40,FALSE
Male,Disloyal Customer,52,Business Travel,Business,587,5,5,5,1,3,5,3,3,3,5,4,5,3,3.85,0,0,TRUE
Male,Loyal Customer,18,Personal Travel,Eco,644,2,5,2,1,3,2,3,3,4,5,4,4,3,3.15,24,33,FALSE
Female,Disloyal Customer,58,Business Travel,Eco,369,3,0,3,2,4,3,2,4,3,1,4,2,4,2.69,0,0,FALSE
Female,Loyal Customer,43,Business Travel,Eco,190,5,2,2,2,3,1,2,5,5,5,5,4,4,3.46,38,63,TRUE
Female,Loyal Customer,63,Personal Travel,Eco,500,3,4,3,3,4,5,4,1,1,3,1,3,5,3.08,0,0,FALSE
Female,Loyal Customer,31,Business Travel,Business,1595,2,2,4,2,4,5,4,4,3,2,4,5,4,3.46,0,0,TRUE
Female,Loyal Customer,27,Personal Travel,Eco,882,3,3,2,3,3,2,4,3,2,1,4,1,3,2.62,0,0,FALSE
Male,Loyal Customer,38,Business Travel,Eco,1306,3,1,2,1,3,3,3,3,4,2,2,1,3,2.38,0,32,FALSE
Female,Disloyal Customer,22,Business Travel,Eco,986,3,3,3,3,4,3,4,4,3,4,4,4,4,3.54,0,0,FALSE
Male,Loyal Customer,53,Business Travel,Business,1107,2,2,2,2,5,5,5,5,5,5,5,3,4,3.85,12,34,TRUE
Female,Loyal Customer,36,Business Travel,Business,3770,3,3,3,3,2,4,1,5,5,5,5,2,2,3.31,0,0,TRUE
Male,Loyal Customer,62,Business Travel,Business,1218,3,3,3,3,4,5,5,5,5,5,5,4,4,4.15,47,34,TRUE
Female,Loyal Customer,31,Business Travel,Eco,2288,4,3,3,3,4,4,4,2,3,3,2,4,4,3.31,326,310,TRUE
Male,Loyal Customer,50,Business Travel,Eco,937,4,3,3,3,5,4,5,5,5,2,2,4,5,3.85,0,0,TRUE
Male,Disloyal Customer,29,Business Travel,Eco,783,1,1,1,4,1,2,2,2,5,5,3,2,2,2.38,186,200,FALSE
Female,Loyal Customer,60,Personal Travel,Eco,190,2,5,0,1,3,5,4,3,3,0,3,3,4,2.77,0,0,FALSE
Female,Loyal Customer,51,Business Travel,Business,1065,1,1,1,1,3,4,4,5,5,5,5,3,4,3.23,16,17,TRUE
Male,Loyal Customer,27,Business Travel,Business,2359,5,5,5,5,4,4,4,4,5,2,4,4,4,4.23,23,11,TRUE
Female,Loyal Customer,61,Business Travel,Business,1606,3,1,1,1,1,3,4,3,3,3,3,4,2,2.46,0,0,FALSE
Female,Disloyal Customer,27,Business Travel,Eco,134,2,0,2,2,1,2,1,1,3,1,4,5,1,1.92,0,0,FALSE
Female,Loyal Customer,56,Business Travel,Business,991,3,3,3,3,2,5,4,2,2,2,2,3,4,2.92,0,0,TRUE
Male,Loyal Customer,63,Personal Travel,Business,602,3,5,3,1,5,5,4,4,4,3,4,4,5,3.85,0,0,FALSE
Female,Loyal Customer,47,Personal Travel,Eco,306,4,2,4,3,5,4,3,2,2,4,2,2,2,3,0,22,FALSE
Female,Loyal Customer,55,Business Travel,Business,3599,5,5,5,5,3,4,5,4,4,5,4,4,5,4.46,0,0,TRUE
Male,Loyal Customer,44,Business Travel,Business,1009,4,4,4,4,4,4,4,4,4,4,4,5,4,4.08,0,0,TRUE
Male,Loyal Customer,59,Business Travel,Business,1357,5,5,4,5,5,4,5,4,4,4,4,3,4,4.31,12,0,TRUE
Male,Loyal Customer,16,Personal Travel,Eco,861,2,5,3,2,5,3,4,5,4,3,4,3,5,3.69,46,33,FALSE
Male,Disloyal Customer,23,Business Travel,Business,226,5,0,5,3,2,5,2,2,2,1,4,1,2,2.62,2,4,TRUE
Female,Loyal Customer,14,Personal Travel,Eco,175,2,5,2,4,3,2,3,3,5,3,4,3,3,3.23,0,0,FALSE
Male,Loyal Customer,31,Business Travel,Business,2808,2,3,3,3,2,2,2,2,2,4,3,2,2,2.46,0,1,FALSE
Male,Disloyal Customer,22,Business Travel,Eco,929,1,1,1,2,3,1,3,3,5,2,4,5,3,2.62,3,4,FALSE
Female,Disloyal Customer,30,Business Travel,Business,680,1,1,1,5,5,1,5,5,4,3,5,5,5,3.54,0,0,FALSE
Male,Loyal Customer,31,Business Travel,Business,1670,2,1,3,1,2,2,2,2,2,3,2,4,2,2.15,40,77,FALSE
Male,Loyal Customer,22,Business Travel,Eco,687,2,3,3,3,2,2,1,2,1,3,3,4,2,2.38,74,78,FALSE
Male,Loyal Customer,45,Business Travel,Business,3730,3,3,3,3,5,4,4,4,4,4,4,4,4,3.77,2,0,TRUE
Male,Loyal Customer,12,Personal Travel,Eco,577,0,3,0,4,3,3,3,3,2,1,3,4,3,2.46,0,0,TRUE
Female,Loyal Customer,24,Personal Travel,Eco,1607,5,5,5,2,5,5,5,5,5,5,4,1,5,4.38,0,0,TRUE
Male,Loyal Customer,38,Business Travel,Business,3611,4,4,4,4,3,4,5,5,5,5,5,4,4,4.31,23,26,TRUE
Female,Loyal Customer,37,Personal Travel,Eco,296,2,5,2,3,5,2,5,5,5,4,5,4,5,4,14,11,FALSE
Male,Loyal Customer,37,Business Travel,Business,280,0,0,0,4,3,5,5,5,5,5,1,2,2,2.85,0,24,TRUE
Female,Loyal Customer,40,Business Travel,Business,1841,3,2,2,2,2,3,3,3,3,3,3,3,3,2.69,7,0,FALSE
Male,Disloyal Customer,25,Business Travel,Eco,1120,2,2,2,4,5,2,5,5,3,2,5,3,5,3.46,0,0,FALSE
Male,Disloyal Customer,22,Business Travel,Eco,1034,3,3,3,5,1,3,1,1,1,4,4,5,1,2.69,4,0,FALSE
Male,Disloyal Customer,27,Business Travel,Eco,544,3,1,3,4,3,3,3,3,2,4,3,4,3,3,0,0,FALSE
Female,Loyal Customer,17,Business Travel,Business,563,3,3,3,3,5,5,5,5,3,2,2,2,5,3.54,0,0,TRUE
Female,Loyal Customer,63,Personal Travel,Eco,588,3,4,3,5,3,4,5,5,5,3,5,4,3,4,32,20,FALSE
Female,Loyal Customer,29,Personal Travel,Eco,102,3,1,3,1,2,3,2,2,1,4,2,2,2,2.15,0,0,FALSE
Female,Loyal Customer,39,Business Travel,Business,247,2,2,2,2,4,4,5,4,4,4,4,4,5,3.54,10,0,TRUE
Female,Loyal Customer,50,Business Travel,Business,1947,3,3,3,3,5,4,5,4,4,4,4,4,4,3.85,0,4,TRUE
Male,Loyal Customer,38,Business Travel,Eco,109,1,5,5,5,1,1,1,1,4,3,3,4,1,2.69,0,0,FALSE
Female,Loyal Customer,37,Business Travel,Eco,337,5,5,5,5,5,5,5,5,2,1,5,4,5,4.38,0,0,TRUE
Male,Disloyal Customer,9,Business Travel,Business,1444,0,4,1,2,1,1,1,1,3,4,4,3,1,2,0,0,TRUE
Female,Loyal Customer,41,Personal Travel,Eco,296,4,3,4,1,3,4,3,3,3,3,1,1,3,2.77,0,0,TRUE
Male,Loyal Customer,32,Business Travel,Business,135,1,3,3,3,1,1,1,1,2,1,4,2,1,1.85,0,0,FALSE
Female,Loyal Customer,44,Business Travel,Eco,675,4,4,4,4,4,2,1,4,4,4,4,4,5,3.69,2,5,TRUE
Male,Loyal Customer,55,Business Travel,Business,902,4,5,5,5,3,4,4,2,1,3,3,4,4,3.62,29,60,FALSE
Female,Loyal Customer,47,Business Travel,Eco Plus,453,3,4,4,4,5,4,4,3,3,3,3,3,4,3.62,0,0,FALSE
Male,Loyal Customer,42,Business Travel,Business,3521,4,1,1,1,1,2,2,4,4,4,4,2,2,2.46,3,5,FALSE
Female,Loyal Customer,49,Business Travel,Business,2974,2,2,2,2,5,4,4,4,4,4,4,3,4,3.38,4,0,TRUE
Female,Loyal Customer,23,Personal Travel,Eco Plus,359,2,5,2,1,2,2,2,2,4,5,5,3,2,2.85,0,2,FALSE
Male,Loyal Customer,51,Business Travel,Business,589,2,2,2,2,5,3,4,2,2,3,2,2,3,2.62,0,0,FALSE
Female,Disloyal Customer,23,Business Travel,Eco,272,1,0,1,3,3,1,3,3,2,3,1,4,3,2.15,0,0,FALSE
Male,Loyal Customer,31,Business Travel,Business,594,5,5,4,5,5,5,5,5,3,4,5,3,5,4.54,0,2,TRUE
Female,Loyal Customer,40,Business Travel,Business,3951,5,5,5,5,5,4,4,5,5,5,5,5,3,4.69,5,0,TRUE
Male,Loyal Customer,17,Personal Travel,Eco,1721,1,5,1,5,3,1,3,3,4,5,5,4,3,3.31,4,0,FALSE
Female,Loyal Customer,39,Business Travel,Business,1933,5,5,2,5,4,4,4,4,4,4,4,5,5,4.23,0,0,TRUE
Male,Disloyal Customer,36,Business Travel,Eco,809,3,4,4,4,1,4,1,1,3,3,4,4,1,2.85,118,105,FALSE
Male,Loyal Customer,40,Business Travel,Business,3643,3,3,3,3,3,5,4,4,4,4,4,5,4,3.77,0,0,TRUE
Female,Disloyal Customer,27,Business Travel,Eco,909,5,5,5,3,1,5,1,1,3,5,3,4,1,3.23,0,0,TRUE
Female,Loyal Customer,52,Business Travel,Business,248,2,2,2,2,5,4,5,4,4,4,4,5,4,3.62,0,0,TRUE
Male,Loyal Customer,17,Business Travel,Eco Plus,1262,3,1,1,1,3,4,4,3,2,5,5,1,3,2.77,0,0,TRUE
Male,Loyal Customer,29,Business Travel,Business,3139,2,2,2,2,5,5,5,5,2,2,2,1,5,3.08,40,26,TRUE
Male,Loyal Customer,58,Business Travel,Business,3596,3,3,3,3,5,4,5,5,5,5,5,5,4,4.23,0,0,TRUE
Male,Disloyal Customer,28,Business Travel,Eco,733,2,2,2,2,2,2,1,2,3,3,3,2,2,2.15,82,84,FALSE
Male,Loyal Customer,54,Business Travel,Business,2468,2,2,4,2,1,3,3,2,2,2,2,4,3,2.46,0,0,FALSE
Female,Loyal Customer,46,Business Travel,Business,2590,3,3,3,3,4,4,5,4,4,4,4,5,3,3.77,3,0,TRUE
Male,Loyal Customer,66,Personal Travel,Eco,1616,2,4,2,3,4,2,4,4,4,3,4,3,4,3.31,23,23,FALSE
Male,Disloyal Customer,12,Business Travel,Eco,1481,4,4,4,4,1,4,1,1,4,3,3,1,1,2.69,10,13,FALSE
Male,Loyal Customer,9,Business Travel,Eco,1009,0,3,0,1,5,0,3,5,4,3,5,2,5,2.77,0,0,TRUE
Female,Loyal Customer,49,Personal Travel,Eco,606,5,1,5,3,2,4,3,2,2,5,2,3,2,3,0,0,TRUE
Male,Loyal Customer,9,Personal Travel,Eco Plus,838,3,4,3,3,1,3,1,1,3,4,4,4,1,2.69,33,23,FALSE
Female,Loyal Customer,58,Personal Travel,Eco,764,3,3,3,3,2,4,3,5,5,3,2,1,3,3.08,0,6,FALSE
Male,Loyal Customer,31,Personal Travel,Eco,468,3,4,3,1,3,3,2,3,5,3,5,5,3,3.31,9,9,FALSE
Male,Loyal Customer,57,Business Travel,Business,2134,5,5,5,5,3,4,4,4,4,4,4,3,3,4.08,0,0,TRUE
Male,Disloyal Customer,44,Business Travel,Business,692,3,3,3,4,3,3,3,3,5,4,5,3,3,3.46,0,0,FALSE
Female,Disloyal Customer,25,Business Travel,Eco,352,1,3,1,3,3,1,3,3,5,3,3,2,3,2.62,0,0,FALSE
Female,Disloyal Customer,27,Business Travel,Eco,197,4,2,3,4,4,3,4,4,2,4,4,4,4,3.54,0,0,FALSE
Male,Disloyal Customer,33,Business Travel,Business,322,3,3,3,3,3,3,3,3,4,5,5,3,3,3.38,57,87,FALSE
Female,Loyal Customer,35,Business Travel,Eco Plus,585,4,3,5,3,4,4,4,4,4,5,4,2,4,3.85,47,50,FALSE
Male,Disloyal Customer,33,Business Travel,Business,696,1,1,1,3,4,1,4,4,5,4,4,5,4,3.15,0,0,FALSE
Female,Disloyal Customer,31,Business Travel,Eco,1145,1,1,1,4,4,1,4,4,3,3,4,4,4,2.92,0,14,FALSE
Male,Loyal Customer,38,Business Travel,Business,2153,2,2,2,2,4,4,4,4,5,5,4,4,4,3.54,173,173,TRUE
Female,Loyal Customer,54,Business Travel,Business,3801,1,5,5,5,5,3,3,4,4,3,1,1,4,3.38,38,28,FALSE
Male,Loyal Customer,44,Business Travel,Business,3768,2,3,2,2,1,2,2,4,4,5,4,5,3,3,11,14,TRUE
Male,Loyal Customer,33,Personal Travel,Eco,163,3,4,3,2,4,3,4,4,4,5,5,4,4,3.77,0,0,FALSE
Female,Loyal Customer,49,Business Travel,Business,2442,1,1,1,1,2,4,4,5,5,5,5,5,5,3.38,0,0,TRUE
Female,Loyal Customer,15,Personal Travel,Eco,311,3,4,3,1,5,3,2,5,4,2,4,4,5,3.46,0,8,FALSE
Female,Loyal Customer,51,Business Travel,Business,3201,3,3,3,3,4,5,2,5,5,5,5,4,5,4,0,0,TRUE
Male,Loyal Customer,62,Business Travel,Business,740,2,1,1,1,1,3,4,2,2,2,2,4,1,2,0,14,FALSE
Female,Loyal Customer,30,Business Travel,Eco,2400,1,3,3,3,1,1,1,1,3,2,3,1,1,1.85,0,11,FALSE
Male,Loyal Customer,48,Business Travel,Business,925,2,2,2,2,4,4,4,5,5,5,5,3,4,3.62,0,0,TRUE
Male,Disloyal Customer,47,Personal Travel,Eco,674,3,4,3,2,4,3,4,4,4,3,4,3,4,3.46,16,9,FALSE
Female,Loyal Customer,56,Business Travel,Business,1564,5,5,5,5,3,4,5,5,5,4,5,5,3,4.54,0,0,TRUE
Female,Loyal Customer,36,Business Travel,Business,3856,3,3,3,3,5,5,4,2,2,2,2,5,4,3.31,1,0,TRUE
Female,Disloyal Customer,44,Business Travel,Business,1535,5,5,5,2,5,5,5,5,5,5,5,3,5,4.62,21,34,TRUE
Female,Loyal Customer,51,Business Travel,Business,1524,4,4,4,4,2,4,4,4,4,4,4,4,5,3.92,0,0,TRUE
Female,Loyal Customer,66,Personal Travel,Eco,2279,1,5,1,2,2,5,5,2,2,1,2,5,5,2.92,0,0,FALSE
Male,Loyal Customer,38,Business Travel,Business,2421,2,5,1,5,2,4,3,2,2,2,2,3,2,2.69,0,0,FALSE
Male,Loyal Customer,33,Personal Travel,Eco,971,0,1,0,3,1,0,4,1,4,5,4,3,1,2.08,15,0,TRUE
Male,Loyal Customer,30,Personal Travel,Eco,1139,2,4,3,3,4,3,4,4,1,2,4,1,4,3,24,17,FALSE
Female,Loyal Customer,39,Business Travel,Business,3938,3,3,3,3,2,5,5,2,2,2,2,3,5,3.08,0,0,TRUE
Male,Disloyal Customer,44,Business Travel,Business,272,3,3,3,2,4,3,4,4,2,4,1,1,4,2.92,10,24,FALSE
Female,Disloyal Customer,30,Business Travel,Eco Plus,200,1,1,1,3,4,1,2,4,2,3,4,4,4,2.62,0,0,FALSE
Male,Loyal Customer,24,Business Travel,Business,651,4,5,5,5,4,4,4,4,2,2,3,3,4,3.77,0,0,FALSE
Female,Disloyal Customer,50,Business Travel,Eco,677,4,4,4,3,3,4,3,3,3,3,1,3,3,3.15,4,1,TRUE
Female,Disloyal Customer,70,Personal Travel,Eco,238,5,4,5,1,5,5,5,5,3,2,4,5,5,4.15,54,46,TRUE
Female,Loyal Customer,57,Business Travel,Business,3423,0,4,0,3,3,3,3,2,2,2,2,5,2,2.38,0,0,TRUE
Female,Loyal Customer,48,Business Travel,Eco,1197,4,2,5,2,5,3,4,4,4,4,4,4,3,3.69,0,0,FALSE
Female,Loyal Customer,48,Business Travel,Business,3943,2,1,2,2,3,5,5,4,4,4,4,5,3,3.38,0,1,TRUE
Male,Loyal Customer,16,Personal Travel,Eco,651,3,4,2,2,2,2,1,2,5,1,5,5,2,2.77,7,0,FALSE
Female,Loyal Customer,41,Business Travel,Business,2399,5,5,5,5,4,5,4,5,5,5,5,4,4,4.69,0,0,TRUE
Male,Loyal Customer,62,Business Travel,Eco,224,4,5,5,5,4,4,4,4,3,4,1,1,4,3.69,1,0,TRUE
Male,Loyal Customer,56,Business Travel,Business,255,5,5,5,5,3,5,4,4,4,4,4,4,3,4.23,0,0,TRUE
Male,Loyal Customer,27,Business Travel,Business,950,4,3,4,4,3,3,3,3,4,3,5,5,3,3.62,0,0,TRUE
Female,Loyal Customer,42,Business Travel,Business,2306,1,1,1,1,3,5,3,4,4,4,4,1,4,2.77,16,11,TRUE
Male,Loyal Customer,64,Business Travel,Business,258,0,0,0,4,2,4,5,2,2,5,5,5,4,2.92,29,29,TRUE
Female,Loyal Customer,25,Business Travel,Business,2130,5,5,5,5,4,3,3,5,3,5,5,3,3,4.15,150,120,TRUE
Female,Loyal Customer,26,Business Travel,Business,1737,3,3,3,3,4,4,4,4,4,4,5,5,4,3.85,3,4,TRUE
Female,Disloyal Customer,36,Business Travel,Eco,642,1,0,1,3,5,1,2,5,5,2,4,2,5,2.77,4,0,FALSE
Female,Loyal Customer,24,Business Travel,Business,740,4,4,4,4,5,5,5,5,5,4,4,4,5,4.46,0,0,TRUE
Male,Loyal Customer,33,Personal Travel,Eco,707,1,4,1,2,1,1,1,1,3,2,4,4,1,2,62,52,FALSE
Female,Loyal Customer,31,Personal Travel,Eco,192,3,5,3,2,3,5,5,4,5,5,4,5,5,4.15,241,261,FALSE
Male,Loyal Customer,37,Business Travel,Eco,369,4,4,4,4,4,5,4,4,3,5,4,5,4,4.15,0,0,TRUE
Male,Loyal Customer,31,Personal Travel,Eco,436,1,5,1,5,1,2,2,3,5,4,5,2,2,2.92,136,124,FALSE
Female,Loyal Customer,62,Business Travel,Business,2551,2,3,3,3,3,4,3,2,2,2,2,1,1,2.38,0,0,FALSE
Male,Loyal Customer,39,Business Travel,Business,2637,2,3,3,3,1,3,4,2,2,2,2,2,4,2.54,54,47,FALSE
Male,Loyal Customer,32,Business Travel,Business,223,1,1,1,1,5,5,4,5,5,4,4,3,5,3.38,0,0,TRUE
Female,Loyal Customer,37,Business Travel,Business,308,4,4,4,4,1,5,3,5,5,5,5,5,1,3.92,6,8,TRUE
Female,Disloyal Customer,36,Business Travel,Eco,315,4,3,4,2,2,4,4,2,3,3,4,1,2,2.92,12,4,FALSE
Male,Loyal Customer,58,Business Travel,Business,3820,1,1,1,1,5,4,5,5,5,5,5,5,3,3.54,0,0,TRUE
Female,Disloyal Customer,27,Business Travel,Eco,321,4,3,4,3,5,4,1,5,3,2,4,4,5,3.62,11,8,FALSE
Female,Loyal Customer,54,Business Travel,Business,3994,4,4,4,4,4,5,5,5,5,5,5,5,5,4.62,13,6,TRUE
Male,Loyal Customer,44,Business Travel,Business,787,1,1,1,1,2,4,4,4,4,4,4,4,4,2.92,20,6,TRUE
Female,Loyal Customer,21,Personal Travel,Eco,481,2,2,2,4,2,2,2,2,4,2,4,2,2,2.46,65,65,FALSE
Female,Disloyal Customer,37,Business Travel,Eco,202,4,3,4,4,2,4,2,2,3,1,4,3,2,2.92,0,0,FALSE
Male,Disloyal Customer,22,Business Travel,Eco,495,4,0,4,2,5,4,1,5,4,2,4,3,5,3.31,0,0,TRUE
Male,Loyal Customer,53,Business Travel,Eco,599,2,4,4,4,3,2,3,3,2,3,3,3,3,3,29,25,FALSE
Female,Loyal Customer,34,Business Travel,Business,3149,0,3,0,4,5,4,5,5,5,5,5,5,3,3.77,0,0,TRUE
Female,Loyal Customer,40,Business Travel,Business,2251,5,5,2,5,3,4,4,5,5,5,5,5,5,4.46,25,25,TRUE
Male,Loyal Customer,50,Business Travel,Business,500,3,5,3,3,5,5,4,5,5,5,5,4,5,4.38,25,31,TRUE
Female,Loyal Customer,11,Personal Travel,Eco Plus,590,1,4,1,2,4,1,4,4,5,1,4,5,4,3.08,29,28,FALSE
Male,Loyal Customer,30,Personal Travel,Eco Plus,320,1,5,1,1,2,1,2,2,1,4,4,1,2,2.08,0,9,FALSE
Female,Disloyal Customer,25,Business Travel,Eco,1089,2,2,2,4,2,2,2,2,1,5,4,3,2,2.54,0,21,FALSE
Male,Loyal Customer,12,Personal Travel,Eco,584,2,4,2,3,4,2,4,4,3,4,4,3,4,3.31,0,0,FALSE
Male,Loyal Customer,45,Business Travel,Business,2891,5,5,5,5,2,2,1,5,5,5,5,5,3,4.08,0,0,TRUE
Female,Disloyal Customer,39,Business Travel,Eco,358,3,1,3,4,2,3,2,2,2,2,3,4,2,2.54,0,0,FALSE
Female,Loyal Customer,24,Business Travel,Business,1671,2,2,3,2,4,4,4,4,5,3,5,3,4,3.46,0,0,TRUE
Male,Loyal Customer,55,Personal Travel,Eco,641,3,4,3,2,1,3,1,1,4,4,4,4,1,2.69,50,66,FALSE
Female,Disloyal Customer,21,Business Travel,Eco,733,5,5,5,1,1,5,1,1,5,2,5,4,1,3.15,0,0,TRUE
Male,Loyal Customer,54,Personal Travel,Eco,365,1,4,1,2,3,1,3,3,4,4,5,3,3,2.85,9,1,FALSE
Male,Loyal Customer,8,Personal Travel,Eco,102,0,5,0,5,3,0,3,3,4,3,1,1,3,2.38,0,0,TRUE
Male,Loyal Customer,30,Business Travel,Business,2271,3,3,3,3,2,2,2,2,3,4,4,4,2,2.85,0,0,TRUE
Female,Disloyal Customer,11,Business Travel,Business,544,0,0,0,2,5,0,5,5,3,4,5,3,5,2.85,0,2,TRUE
Female,Disloyal Customer,21,Business Travel,Eco,862,1,1,1,4,3,1,3,3,3,3,4,3,3,2.54,0,0,FALSE
Female,Loyal Customer,58,Business Travel,Business,2617,2,2,2,2,4,5,5,5,5,5,5,4,5,3.92,10,0,TRUE
Female,Loyal Customer,27,Personal Travel,Eco,2248,3,5,3,4,3,5,5,4,3,4,5,5,5,4.15,157,149,FALSE
Male,Disloyal Customer,36,Business Travel,Business,277,1,1,1,4,3,1,3,3,4,1,4,1,3,2.31,0,0,FALSE
Male,Loyal Customer,58,Business Travel,Business,3240,1,2,2,2,3,3,4,1,1,1,1,4,2,2.08,0,0,FALSE
Male,Loyal Customer,13,Personal Travel,Business,268,3,4,0,4,3,0,2,3,4,4,4,3,3,2.85,0,0,FALSE
Male,Loyal Customer,69,Personal Travel,Eco,321,2,5,2,3,2,2,2,2,5,5,1,5,2,2.92,41,31,FALSE
Male,Loyal Customer,58,Business Travel,Business,1546,2,2,5,2,4,4,5,4,4,4,4,4,3,3.62,1,4,TRUE
Male,Loyal Customer,8,Personal Travel,Eco,192,4,4,4,3,1,4,1,1,4,5,4,5,1,3.15,3,0,FALSE
Male,Disloyal Customer,33,Business Travel,Eco,183,1,3,1,4,4,1,4,4,2,4,4,1,4,2.85,57,55,FALSE
Female,Loyal Customer,36,Business Travel,Business,204,4,2,2,2,1,3,4,1,1,1,4,4,3,2.46,13,7,FALSE
Male,Loyal Customer,36,Business Travel,Business,293,2,4,4,4,5,3,3,2,2,2,2,3,3,3,0,0,FALSE
Male,Loyal Customer,51,Personal Travel,Eco,1073,1,1,2,4,2,2,3,2,3,2,3,2,2,2.23,19,0,FALSE
Male,Loyal Customer,36,Business Travel,Eco,209,5,4,5,4,5,5,5,5,5,2,2,2,5,4.15,0,0,TRUE
Male,Loyal Customer,40,Personal Travel,Eco,1023,4,5,4,5,3,4,3,3,5,5,2,2,3,3.69,0,0,FALSE
Female,Loyal Customer,22,Business Travel,Business,1440,1,1,1,1,2,2,2,2,3,3,5,4,2,2.23,0,0,TRUE
Male,Loyal Customer,46,Personal Travel,Business,414,2,2,1,3,4,3,4,3,3,1,2,4,1,2.54,1,0,FALSE
Male,Loyal Customer,51,Business Travel,Business,3582,2,4,2,4,4,4,4,2,2,2,2,2,2,2.77,51,24,FALSE
Male,Loyal Customer,13,Business Travel,Eco Plus,677,3,5,5,5,3,3,2,3,3,5,4,1,3,3.46,4,6,FALSE
Male,Loyal Customer,24,Business Travel,Eco,812,1,4,4,4,1,1,4,1,1,5,4,3,1,2.62,30,33,FALSE
Male,Loyal Customer,40,Business Travel,Eco,967,5,1,1,1,5,4,5,5,3,2,5,1,5,3.31,0,0,TRUE
Male,Disloyal Customer,7,Business Travel,Eco,630,3,2,2,4,2,2,2,2,2,1,4,2,2,2.31,38,32,FALSE
Female,Loyal Customer,45,Business Travel,Business,3722,3,5,5,5,2,4,4,3,3,4,3,4,2,3.62,0,0,FALSE
Male,Loyal Customer,62,Business Travel,Business,1524,3,2,2,2,5,3,2,3,3,3,3,3,1,2.69,15,20,FALSE
Female,Loyal Customer,52,Personal Travel,Business,757,2,4,2,5,4,4,4,3,3,2,3,4,4,3.38,84,85,FALSE
Male,Loyal Customer,27,Business Travel,Business,3225,1,1,3,1,4,5,4,4,1,1,3,4,4,2.77,103,109,TRUE
Female,Loyal Customer,48,Business Travel,Business,3328,3,3,3,3,5,3,1,5,5,5,5,1,4,3.54,24,22,TRUE
Male,Loyal Customer,36,Personal Travel,Eco,752,2,5,2,2,1,2,1,1,3,5,5,4,1,2.62,84,70,FALSE
Male,Disloyal Customer,22,Business Travel,Eco,668,4,5,4,2,1,4,1,1,5,5,5,3,1,3.15,36,24,FALSE
Male,Loyal Customer,55,Business Travel,Eco,411,5,3,3,3,5,5,5,5,4,2,2,1,5,3.69,0,0,TRUE
Female,Loyal Customer,23,Personal Travel,Eco,526,1,5,2,3,2,2,2,2,4,5,4,4,2,2.92,30,26,FALSE
Male,Loyal Customer,70,Personal Travel,Eco,802,2,1,2,4,3,2,3,3,3,2,3,4,3,2.69,0,9,FALSE
Male,Loyal Customer,39,Personal Travel,Eco Plus,1072,1,2,1,2,5,1,5,5,3,3,2,4,5,3,14,6,FALSE
Male,Disloyal Customer,23,Business Travel,Business,298,5,4,5,5,3,5,3,3,5,2,5,4,3,4,0,0,TRUE
Female,Loyal Customer,29,Business Travel,Business,1793,3,1,2,1,3,3,3,3,2,1,3,1,3,2.23,0,11,FALSE
Female,Loyal Customer,68,Business Travel,Business,3222,1,4,4,4,5,4,4,1,1,2,1,4,2,2.85,67,85,FALSE
Male,Loyal Customer,32,Business Travel,Business,1237,3,3,3,3,4,4,4,4,5,3,5,5,4,3.85,0,10,TRUE
Female,Loyal Customer,28,Personal Travel,Eco,986,4,5,4,1,4,4,4,4,4,3,4,4,4,3.77,8,0,FALSE
Male,Loyal Customer,40,Personal Travel,Eco,328,2,3,2,3,5,2,5,5,5,1,2,3,5,3.31,0,4,FALSE
Male,Loyal Customer,9,Personal Travel,Eco,634,0,5,0,3,1,0,1,1,4,2,5,3,1,2,0,0,TRUE
Female,Loyal Customer,39,Personal Travel,Eco,259,3,3,0,4,3,0,1,3,2,5,4,2,3,2.54,0,8,FALSE
Female,Loyal Customer,29,Business Travel,Business,929,3,5,5,5,3,3,3,3,3,5,4,4,3,3.77,8,16,FALSE
Male,Loyal Customer,40,Business Travel,Business,1826,3,4,3,3,3,5,5,4,4,4,4,5,3,3.85,5,0,TRUE
Male,Loyal Customer,53,Personal Travel,Eco,896,1,2,1,4,2,1,2,2,1,3,3,3,2,2.08,0,4,FALSE
Female,Disloyal Customer,32,Business Travel,Eco,519,1,2,1,3,2,1,3,2,4,2,4,3,2,2.31,1,0,FALSE
Female,Loyal Customer,51,Business Travel,Business,2254,1,1,1,1,4,5,5,4,4,4,4,3,3,3.08,67,58,TRUE
Female,Loyal Customer,56,Business Travel,Business,3325,0,0,0,2,5,5,5,5,5,5,5,3,5,3.46,0,0,TRUE
Female,Disloyal Customer,25,Business Travel,Business,372,1,4,0,3,5,0,5,5,5,3,5,5,5,3.54,0,2,FALSE
Female,Loyal Customer,69,Personal Travel,Eco,197,3,4,3,1,1,3,2,2,2,3,2,2,2,2.31,2,0,FALSE
Male,Loyal Customer,22,Personal Travel,Eco,999,3,3,3,3,4,3,4,4,2,1,3,2,4,3,0,0,FALSE
Male,Loyal Customer,43,Business Travel,Eco,260,4,3,3,3,4,4,4,4,5,3,4,4,4,3.77,49,42,TRUE
Male,Loyal Customer,60,Business Travel,Business,2075,1,1,1,1,3,4,4,5,5,5,5,4,3,3.23,3,0,TRUE
Male,Loyal Customer,68,Business Travel,Business,302,0,0,0,3,1,5,1,4,4,4,4,2,4,2.46,6,0,TRUE
Female,Loyal Customer,43,Business Travel,Business,3629,5,5,5,5,5,1,1,3,3,4,3,4,4,3.69,0,0,TRUE
Male,Disloyal Customer,41,Business Travel,Eco,115,4,0,4,3,5,4,5,5,4,3,4,4,5,3.85,0,0,FALSE
Male,Loyal Customer,50,Business Travel,Business,444,1,1,1,1,3,4,4,2,2,2,2,3,4,2.31,9,11,TRUE
Female,Loyal Customer,41,Business Travel,Business,1858,2,2,2,2,5,4,4,5,5,5,5,4,3,3.69,0,0,TRUE
Female,Loyal Customer,36,Business Travel,Business,3724,4,1,4,4,2,1,2,4,4,4,4,3,4,3.15,7,11,TRUE
Male,Loyal Customer,39,Business Travel,Business,305,3,3,3,3,2,4,5,4,4,5,4,3,3,3.54,4,6,TRUE
Male,Loyal Customer,56,Business Travel,Business,3006,3,3,2,3,5,5,5,4,4,4,4,5,3,3.85,0,0,TRUE
Male,Disloyal Customer,48,Business Travel,Eco,174,1,3,0,5,1,0,1,1,3,4,2,5,1,2.08,1,0,FALSE
Female,Loyal Customer,28,Business Travel,Business,2061,1,1,1,1,5,5,5,5,5,2,1,3,5,3.08,6,0,TRUE
Female,Loyal Customer,36,Business Travel,Business,3545,5,5,5,5,2,4,5,4,4,4,4,3,3,4.08,0,0,TRUE
Female,Loyal Customer,44,Business Travel,Business,3850,5,5,5,5,2,5,5,4,4,4,4,5,4,4.38,0,0,TRUE
Male,Loyal Customer,33,Business Travel,Eco,302,4,4,4,4,4,4,4,4,1,5,4,4,4,3.85,17,10,TRUE
Female,Loyal Customer,41,Business Travel,Eco,349,4,5,5,5,4,4,4,4,1,4,3,2,4,3.77,12,4,TRUE
Female,Loyal Customer,50,Business Travel,Eco Plus,216,4,1,1,1,3,4,5,4,4,4,4,4,1,3.08,0,0,TRUE
Male,Loyal Customer,54,Business Travel,Eco,1297,4,4,4,4,4,4,4,4,3,3,4,2,4,3.69,0,0,TRUE
Female,Loyal Customer,44,Business Travel,Business,2182,1,1,1,1,4,4,5,4,4,4,4,5,3,3.15,0,0,TRUE
Male,Disloyal Customer,9,Business Travel,Business,998,4,1,5,3,1,5,1,1,3,4,5,5,1,3,0,0,TRUE
Female,Disloyal Customer,11,Business Travel,Eco,995,1,1,1,4,5,1,5,5,3,1,3,1,5,2.77,15,10,FALSE
Female,Disloyal Customer,21,Business Travel,Eco,768,1,1,1,4,1,4,1,3,4,3,4,1,1,2.23,64,71,FALSE
Male,Disloyal Customer,25,Business Travel,Eco,1235,2,2,2,3,2,2,2,2,4,3,3,1,2,2.31,1,0,FALSE
Female,Loyal Customer,42,Business Travel,Business,862,2,2,2,2,4,5,4,4,4,4,4,4,5,3.54,0,0,TRUE
Male,Loyal Customer,25,Business Travel,Business,2225,2,5,4,5,2,2,2,2,4,2,4,3,2,3,14,18,FALSE
Male,Disloyal Customer,13,Business Travel,Eco,783,2,2,2,4,5,2,5,5,4,5,4,1,5,3.54,30,20,FALSE
Male,Loyal Customer,26,Personal Travel,Eco,1012,1,3,1,2,1,1,1,1,3,3,4,2,1,1.85,12,7,FALSE
Female,Loyal Customer,52,Business Travel,Eco,561,3,1,1,1,3,3,4,3,3,3,3,1,3,2.46,0,0,FALSE
Female,Loyal Customer,21,Personal Travel,Eco,193,2,5,2,2,1,2,1,1,5,2,4,3,1,2.38,0,0,FALSE
Female,Loyal Customer,47,Business Travel,Business,1645,2,2,2,2,5,5,4,4,4,4,4,4,5,3.62,7,8,TRUE
Female,Loyal Customer,56,Personal Travel,Eco,109,4,3,4,1,2,4,4,5,5,4,5,2,2,3.46,0,0,FALSE
Female,Loyal Customer,10,Personal Travel,Eco Plus,651,3,2,3,3,3,3,3,3,1,2,2,3,3,2.62,0,0,FALSE
Female,Disloyal Customer,32,Business Travel,Eco,531,3,0,4,4,3,4,3,3,1,1,5,2,3,2.77,0,0,FALSE
Female,Loyal Customer,33,Personal Travel,Eco,1072,2,5,2,1,1,2,1,1,5,2,4,4,1,2.38,1,0,FALSE
Male,Disloyal Customer,27,Business Travel,Eco,493,4,0,4,2,5,4,5,5,1,2,2,4,5,3.31,0,2,FALSE
Female,Disloyal Customer,39,Business Travel,Business,2279,2,2,2,4,3,2,3,3,3,5,3,3,3,2.92,19,0,FALSE
Male,Disloyal Customer,26,Business Travel,Business,2565,3,3,3,2,5,3,5,5,5,3,5,4,5,3.92,0,0,FALSE
Female,Disloyal Customer,38,Business Travel,Eco,425,4,5,4,1,4,4,4,4,4,4,3,4,4,3.77,0,0,FALSE
Male,Loyal Customer,58,Business Travel,Eco,634,5,4,5,4,5,5,5,5,3,5,5,5,5,4.69,0,0,TRUE
Female,Disloyal Customer,36,Business Travel,Eco,134,3,0,4,4,2,4,2,2,3,2,5,2,2,2.69,0,5,FALSE
Female,Loyal Customer,43,Business Travel,Business,3547,2,3,3,3,4,4,3,2,2,2,2,2,2,2.62,0,0,FALSE
Male,Loyal Customer,30,Business Travel,Business,3071,2,1,4,1,2,2,2,2,2,2,4,1,2,2.08,0,0,FALSE
Female,Loyal Customer,30,Business Travel,Business,2813,1,1,1,1,5,5,5,5,5,4,5,5,5,3.69,8,0,TRUE
Male,Loyal Customer,20,Personal Travel,Eco,651,3,4,3,4,3,3,3,2,4,5,2,3,3,3.23,176,161,FALSE
Male,Disloyal Customer,39,Business Travel,Business,631,1,1,1,4,5,1,1,5,4,5,5,5,5,3.31,0,0,FALSE
Female,Loyal Customer,59,Personal Travel,Business,86,4,4,4,4,5,4,4,4,4,4,4,4,1,3.85,0,0,TRUE
Female,Loyal Customer,37,Business Travel,Business,3729,2,2,2,2,2,5,5,4,4,5,4,4,3,3.38,24,40,TRUE
Female,Loyal Customer,58,Business Travel,Business,1276,1,1,1,1,4,4,4,5,5,5,5,5,5,3.54,0,0,TRUE
Male,Disloyal Customer,40,Business Travel,Business,862,3,2,2,2,3,2,5,3,5,2,4,4,3,3.08,0,0,FALSE
Male,Loyal Customer,52,Business Travel,Eco,850,5,5,5,5,5,5,5,5,2,4,2,5,5,4.46,38,56,TRUE
Female,Loyal Customer,25,Business Travel,Business,4243,4,5,3,5,3,4,4,3,2,3,4,4,4,3.69,4,0,FALSE
Male,Loyal Customer,47,Business Travel,Business,604,5,5,5,5,3,4,4,5,5,5,5,4,4,4.54,17,3,TRUE
Female,Loyal Customer,23,Personal Travel,Eco,1626,2,5,2,2,4,2,4,4,5,5,4,3,4,3.54,0,0,FALSE
Female,Loyal Customer,45,Business Travel,Eco,1947,1,1,3,1,4,3,3,1,1,1,1,1,4,1.92,33,30,FALSE
Male,Disloyal Customer,33,Business Travel,Eco,125,1,2,1,3,3,1,3,3,4,5,4,1,3,2.62,40,55,FALSE
Male,Disloyal Customer,23,Business Travel,Eco,397,3,0,3,3,4,3,4,4,3,4,4,5,4,3.38,0,0,FALSE
Male,Loyal Customer,59,Personal Travel,Eco,837,2,4,2,3,5,2,5,5,3,3,5,3,5,3.62,0,0,FALSE
Male,Disloyal Customer,27,Business Travel,Eco,899,3,3,3,4,4,3,1,4,3,2,5,2,4,3.15,0,0,FALSE
Male,Loyal Customer,65,Personal Travel,Eco,224,2,1,2,3,2,2,2,2,3,4,3,3,2,2.38,6,8,FALSE
Male,Loyal Customer,44,Business Travel,Business,3339,3,3,3,3,5,5,5,4,4,4,4,3,3,3.77,0,19,TRUE
Female,Disloyal Customer,29,Business Travel,Eco,515,3,4,3,4,4,3,4,4,3,1,4,3,4,3.38,21,4,FALSE
Male,Loyal Customer,51,Business Travel,Business,2820,5,5,5,5,4,4,5,4,4,5,4,3,5,4.46,2,0,TRUE
Female,Loyal Customer,46,Business Travel,Business,1449,2,2,2,2,2,4,4,3,3,4,3,5,5,3.15,2,0,TRUE
Female,Loyal Customer,37,Business Travel,Eco,399,4,4,4,4,4,4,4,4,3,1,2,4,4,3.54,0,6,TRUE
Male,Disloyal Customer,37,Business Travel,Eco,202,3,0,3,4,4,3,3,4,2,2,5,2,4,3,0,0,FALSE
Male,Loyal Customer,52,Personal Travel,Eco,431,1,5,1,2,2,1,2,2,5,5,4,4,2,2.77,0,0,FALSE
Female,Loyal Customer,48,Business Travel,Business,872,2,4,4,4,4,4,4,2,2,2,2,3,2,3,0,0,FALSE
Female,Loyal Customer,26,Personal Travel,Eco,1250,2,3,2,3,2,2,2,2,3,1,2,4,2,2.31,3,7,FALSE
Male,Loyal Customer,42,Business Travel,Business,1452,5,5,5,5,3,5,5,5,5,5,5,3,4,4.62,42,68,TRUE
Female,Disloyal Customer,24,Business Travel,Eco,1012,1,1,1,4,3,1,3,3,4,2,4,5,3,2.69,32,35,FALSE
Male,Loyal Customer,20,Business Travel,Business,2940,2,4,4,4,2,2,2,2,2,4,3,2,2,2.69,6,1,FALSE
Male,Loyal Customer,41,Business Travel,Eco,391,3,1,1,1,4,3,4,4,3,3,2,3,4,2.77,0,0,TRUE
Female,Loyal Customer,37,Business Travel,Business,2801,2,4,4,4,1,4,3,5,5,4,2,1,2,3.15,18,18,FALSE
Female,Loyal Customer,58,Business Travel,Business,2166,5,5,5,5,2,2,2,4,3,4,4,2,2,3.46,164,152,TRUE
Female,Loyal Customer,41,Business Travel,Business,2911,5,5,5,5,2,5,4,4,4,4,5,4,5,4.38,0,0,TRUE
Female,Loyal Customer,12,Personal Travel,Eco,954,2,3,2,4,1,2,1,1,5,3,5,3,1,2.54,6,0,FALSE
Female,Loyal Customer,28,Business Travel,Eco,1005,4,3,3,3,4,4,4,4,1,4,3,2,4,3.31,24,26,FALSE
Male,Disloyal Customer,44,Business Travel,Business,366,3,3,3,3,4,3,4,4,5,4,4,5,4,3.77,0,0,FALSE
Female,Loyal Customer,42,Business Travel,Business,3234,3,3,3,3,4,4,3,3,3,3,3,2,3,3.08,50,48,FALSE
Female,Disloyal Customer,42,Business Travel,Business,1725,3,3,3,4,3,3,3,3,4,5,4,5,3,3.54,0,0,FALSE
Female,Disloyal Customer,24,Business Travel,Business,110,5,5,5,2,5,5,5,5,3,2,5,5,5,4.38,0,0,TRUE
Female,Loyal Customer,43,Personal Travel,Eco,456,3,5,3,3,2,5,5,3,3,3,1,5,4,3.46,0,2,FALSE
Female,Loyal Customer,43,Personal Travel,Eco,967,2,5,2,3,4,5,5,3,3,2,5,4,3,3.54,24,42,FALSE
Female,Disloyal Customer,43,Business Travel,Eco,647,2,4,2,3,4,2,4,4,3,1,4,1,4,2.92,0,0,FALSE
Female,Loyal Customer,45,Business Travel,Business,1824,2,2,3,2,4,3,4,5,5,5,5,4,3,3.62,0,0,TRUE
Female,Loyal Customer,56,Business Travel,Business,2067,1,0,0,4,1,3,4,4,4,0,4,2,4,2.38,0,0,FALSE
Female,Loyal Customer,56,Business Travel,Eco,359,4,4,4,4,3,4,3,4,4,4,4,4,3,3.77,0,0,FALSE
Female,Loyal Customer,45,Personal Travel,Eco,405,5,4,5,3,4,5,5,4,4,5,1,4,3,4,0,0,TRUE
Male,Loyal Customer,22,Business Travel,Eco,405,3,3,1,3,3,3,1,3,2,3,3,4,3,2.69,0,0,FALSE
Female,Disloyal Customer,24,Business Travel,Eco,1303,5,5,5,1,5,5,5,5,5,4,4,5,5,4.54,2,0,TRUE
Female,Loyal Customer,58,Personal Travel,Eco,113,1,2,0,3,1,3,3,4,4,0,4,2,2,2.23,0,0,FALSE
Female,Loyal Customer,28,Business Travel,Eco,580,1,2,2,2,1,1,1,1,3,4,1,2,1,1.69,28,20,FALSE
Male,Loyal Customer,21,Personal Travel,Eco,404,2,5,2,4,5,2,5,5,5,5,5,4,5,4.15,0,0,FALSE
Female,Loyal Customer,32,Business Travel,Business,2614,5,4,4,4,5,4,5,5,3,3,2,4,5,4.08,44,40,FALSE
Female,Loyal Customer,53,Business Travel,Eco,1222,5,3,3,3,1,2,3,5,5,5,5,1,4,3.46,11,0,TRUE
Female,Disloyal Customer,68,Business Travel,Eco,259,4,2,4,4,2,4,3,2,2,2,3,2,2,2.77,4,6,FALSE
Male,Disloyal Customer,28,Business Travel,Business,480,1,1,1,3,1,1,1,1,5,3,5,5,1,2.23,0,0,FALSE
Male,Disloyal Customer,72,Business Travel,Eco,237,2,3,3,4,4,3,3,4,3,3,3,3,4,3.23,0,8,FALSE
Female,Loyal Customer,26,Business Travel,Business,3071,2,2,2,2,4,4,4,4,4,5,5,3,4,3.46,0,0,TRUE
Female,Loyal Customer,49,Business Travel,Business,2448,5,5,5,5,2,5,5,4,4,4,4,3,4,4.23,12,9,TRUE
Male,Disloyal Customer,18,Business Travel,Eco,1005,2,1,1,3,5,1,5,5,1,5,3,2,5,3,59,47,FALSE
Male,Loyal Customer,30,Business Travel,Business,594,1,1,1,1,5,5,5,5,3,3,5,4,5,3.38,0,0,TRUE
Female,Loyal Customer,50,Personal Travel,Eco,207,2,3,2,1,4,2,3,3,3,2,3,5,4,2.85,0,1,FALSE
Female,Loyal Customer,55,Personal Travel,Eco,460,3,5,3,4,4,5,5,4,4,3,2,4,3,3.77,0,0,FALSE
Female,Loyal Customer,37,Business Travel,Business,448,2,4,4,4,3,4,3,2,2,2,2,1,3,2.77,0,0,FALSE
Female,Loyal Customer,43,Business Travel,Eco Plus,391,3,1,1,1,2,4,3,3,3,3,3,4,4,2.69,0,0,FALSE
Male,Loyal Customer,22,Personal Travel,Eco,331,2,4,2,3,2,2,2,2,3,3,5,5,2,2.85,0,1,FALSE
Male,Loyal Customer,51,Business Travel,Business,700,3,3,3,3,2,5,4,5,5,5,5,5,4,4,0,0,TRUE
Male,Loyal Customer,21,Personal Travel,Eco Plus,1751,1,2,1,3,3,1,3,3,1,2,4,1,3,2.15,19,45,FALSE
Male,Loyal Customer,35,Personal Travel,Business,281,2,1,2,2,3,2,2,1,1,2,1,1,4,1.85,0,6,FALSE
Female,Loyal Customer,35,Business Travel,Business,2644,4,4,5,4,2,4,5,4,4,4,4,4,4,4,14,0,TRUE
Female,Loyal Customer,41,Personal Travel,Eco,1119,4,5,4,2,1,4,1,1,5,3,5,3,1,3,20,41,FALSE
Male,Loyal Customer,52,Business Travel,Eco,377,2,2,2,2,2,2,2,2,4,1,4,1,2,2.15,0,0,FALSE
Female,Loyal Customer,37,Personal Travel,Eco,299,1,4,1,2,5,1,3,5,3,2,4,4,5,3.08,72,72,FALSE
Female,Loyal Customer,48,Business Travel,Business,1606,2,2,2,2,4,4,4,4,4,4,4,4,5,3.46,0,0,TRUE
Male,Disloyal Customer,25,Business Travel,Business,957,4,0,4,4,4,4,4,4,4,4,5,5,4,3.85,0,0,FALSE
Male,Disloyal Customer,30,Business Travel,Eco Plus,143,3,3,3,5,5,3,3,5,1,5,1,3,5,3.46,0,0,FALSE
Female,Loyal Customer,51,Business Travel,Business,277,3,3,3,3,4,4,1,4,4,4,4,2,3,3.23,0,0,TRUE
Male,Loyal Customer,59,Business Travel,Eco,221,4,3,3,3,3,4,3,3,4,2,2,1,3,2.92,0,0,TRUE
Female,Loyal Customer,66,Personal Travel,Eco,460,2,5,2,3,1,3,4,3,3,2,5,2,1,2.77,1,0,FALSE
Male,Loyal Customer,37,Business Travel,Business,110,4,4,4,4,5,3,3,4,4,4,4,4,4,3.92,1,0,TRUE
Male,Disloyal Customer,29,Business Travel,Business,1081,4,4,4,3,2,4,1,2,2,1,2,3,2,2.62,0,0,TRUE
Male,Loyal Customer,55,Personal Travel,Eco,1042,5,1,5,3,4,5,3,4,1,2,4,1,4,3.23,114,116,TRUE
Female,Loyal Customer,42,Personal Travel,Eco,328,3,3,3,3,1,4,3,1,1,3,1,4,1,2.38,0,1,FALSE
Male,Loyal Customer,51,Business Travel,Eco Plus,775,2,5,5,5,3,2,3,3,1,5,3,3,3,3.31,0,1,FALSE
Male,Loyal Customer,10,Personal Travel,Eco,1372,4,4,4,3,3,4,1,3,4,4,3,4,3,3.38,0,0,FALSE
Male,Loyal Customer,25,Business Travel,Eco Plus,406,5,1,1,1,5,5,3,5,2,4,3,1,5,3.15,0,0,TRUE
Female,Loyal Customer,49,Personal Travel,Eco,516,3,4,3,3,3,5,4,5,5,3,2,5,4,3.77,0,0,FALSE
Male,Loyal Customer,50,Business Travel,Business,3632,3,3,3,3,5,5,5,4,4,4,4,5,5,4.08,23,26,TRUE
Male,Loyal Customer,72,Business Travel,Eco,447,1,4,4,4,1,1,1,1,4,5,4,4,1,2.69,0,0,FALSE
Female,Loyal Customer,54,Business Travel,Business,2611,3,2,2,2,3,3,3,3,3,4,4,3,3,2.92,235,236,FALSE
Female,Loyal Customer,43,Business Travel,Business,3004,5,5,5,5,5,5,4,5,5,5,5,5,3,4.77,21,38,TRUE
Male,Loyal Customer,39,Business Travel,Business,3886,4,1,1,1,3,2,2,4,4,4,4,2,4,2.77,4,0,FALSE
Female,Disloyal Customer,27,Business Travel,Eco,160,5,0,5,4,2,5,2,2,1,5,5,3,2,3.15,0,0,TRUE
Female,Disloyal Customer,23,Business Travel,Eco,620,3,1,3,2,4,3,4,4,1,3,1,1,4,2.62,0,8,FALSE
Male,Disloyal Customer,30,Business Travel,Eco,834,1,1,1,4,1,1,2,1,4,4,3,1,1,1.92,0,0,FALSE
Female,Disloyal Customer,19,Business Travel,Eco,696,4,4,4,1,2,4,2,2,5,2,4,1,2,2.85,1,0,TRUE
Male,Loyal Customer,49,Business Travel,Business,2719,2,4,4,4,2,1,1,4,4,4,2,2,2,2.77,0,0,FALSE
Male,Loyal Customer,36,Business Travel,Business,516,4,4,4,4,2,2,5,5,5,5,5,5,2,4,19,19,TRUE
Female,Loyal Customer,66,Personal Travel,Eco,1131,3,4,3,1,2,4,4,2,2,3,2,4,3,2.85,4,1,FALSE
Male,Loyal Customer,56,Business Travel,Eco,2036,1,4,4,4,1,1,1,1,2,4,2,2,1,2.15,0,0,FALSE
Male,Loyal Customer,80,Business Travel,Business,3263,3,2,2,2,4,4,4,3,3,2,3,1,4,2.85,0,0,FALSE
Female,Loyal Customer,38,Business Travel,Business,236,2,2,2,2,4,5,4,5,5,4,5,5,3,3.69,8,0,TRUE
Male,Loyal Customer,48,Personal Travel,Eco,119,3,4,0,3,5,0,5,5,1,2,5,2,5,3.08,0,12,FALSE
Female,Loyal Customer,42,Business Travel,Business,3391,3,3,3,3,2,3,3,4,4,4,3,2,4,3.15,0,2,TRUE
Male,Loyal Customer,26,Business Travel,Business,696,5,5,5,5,4,5,4,4,3,2,4,3,4,4.08,17,7,TRUE
Female,Disloyal Customer,48,Business Travel,Business,606,4,4,4,5,4,4,1,4,5,3,5,3,4,3.85,0,0,TRUE
Female,Loyal Customer,24,Personal Travel,Eco,120,2,4,0,3,4,0,4,4,2,4,3,1,4,2.69,0,0,FALSE
Female,Loyal Customer,35,Personal Travel,Eco,190,1,4,1,2,2,1,4,2,3,5,4,4,2,2.69,48,31,FALSE
Male,Loyal Customer,52,Business Travel,Business,2168,2,2,2,2,5,5,5,5,5,5,5,4,4,3.92,0,5,TRUE
Male,Loyal Customer,50,Personal Travel,Eco,319,2,2,2,3,1,2,1,1,3,3,3,3,1,2.08,0,0,FALSE
Female,Loyal Customer,49,Business Travel,Business,299,0,0,0,5,3,5,4,1,1,1,1,5,5,2.38,0,4,TRUE
Male,Loyal Customer,67,Personal Travel,Eco,333,4,5,2,2,5,2,5,5,5,3,5,3,5,3.92,74,66,FALSE
Male,Loyal Customer,54,Business Travel,Business,2312,4,5,5,5,3,3,3,2,2,3,4,1,4,3.38,0,0,FALSE
Male,Loyal Customer,38,Business Travel,Eco,101,5,4,4,4,5,5,5,5,4,4,1,1,5,4,0,1,TRUE
Female,Loyal Customer,60,Personal Travel,Eco,526,1,4,1,1,3,4,5,2,2,1,2,4,5,2.69,47,55,FALSE
Female,Disloyal Customer,27,Business Travel,Business,551,2,2,2,1,3,2,1,3,4,2,5,4,3,2.62,63,63,FALSE
Female,Loyal Customer,53,Business Travel,Business,2248,5,5,5,5,5,3,5,5,5,5,5,5,3,4.69,4,0,TRUE
Female,Disloyal Customer,38,Business Travel,Eco,416,3,1,3,4,4,3,3,4,2,5,4,4,4,3.38,0,0,FALSE
Male,Loyal Customer,56,Business Travel,Business,140,4,1,1,1,2,3,3,2,2,2,4,3,4,2.46,15,21,FALSE
Female,Loyal Customer,49,Business Travel,Business,337,3,3,3,3,4,5,5,5,5,5,5,4,3,4.08,0,0,TRUE
Female,Loyal Customer,44,Business Travel,Business,1990,2,3,3,3,2,3,3,2,2,2,2,1,4,2.46,99,92,FALSE
Female,Loyal Customer,47,Business Travel,Eco,409,2,3,3,3,2,3,3,3,3,2,3,4,2,2.77,0,0,FALSE
Male,Loyal Customer,24,Business Travel,Business,2639,4,4,4,4,5,5,5,5,4,3,4,5,5,4.38,0,0,TRUE
Female,Loyal Customer,66,Personal Travel,Eco,1185,2,4,2,4,3,4,5,4,4,2,4,5,4,3.62,0,15,FALSE
Female,Loyal Customer,21,Personal Travel,Eco Plus,888,2,2,2,2,2,2,2,2,2,5,2,3,2,2.31,5,0,FALSE
Male,Loyal Customer,32,Business Travel,Business,2407,4,4,4,4,5,5,5,5,3,2,5,2,5,4.08,0,0,TRUE
Female,Loyal Customer,29,Business Travel,Business,980,3,4,5,4,3,4,3,3,4,4,3,4,3,3.62,9,0,FALSE
Male,Loyal Customer,45,Personal Travel,Eco,1671,2,5,2,4,4,2,4,4,1,4,4,2,4,3.23,1,0,FALSE
Male,Loyal Customer,53,Personal Travel,Eco,140,3,1,3,4,4,3,4,4,4,5,3,4,4,3.54,0,1,FALSE
Female,Loyal Customer,16,Personal Travel,Eco Plus,432,3,4,3,1,4,3,4,4,4,5,5,4,4,3.69,44,48,FALSE
Female,Loyal Customer,51,Business Travel,Eco,591,3,3,4,3,1,4,4,4,4,3,4,2,1,3.08,17,30,FALSE
Male,Disloyal Customer,36,Business Travel,Business,289,1,1,1,3,5,1,3,5,4,5,5,4,5,3.31,1,0,FALSE
Male,Disloyal Customer,23,Business Travel,Eco,190,5,4,5,1,5,5,5,5,4,4,4,5,5,4.38,0,0,TRUE
Male,Loyal Customer,32,Personal Travel,Eco,1463,3,4,3,3,2,3,2,2,1,4,4,2,2,2.69,122,125,FALSE
Female,Loyal Customer,27,Business Travel,Business,3388,3,3,3,3,4,4,4,4,3,5,5,3,4,3.69,64,43,TRUE
Female,Disloyal Customer,80,Business Travel,Business,531,3,3,3,4,5,3,4,2,2,3,2,2,3,3,0,13,FALSE
Male,Loyal Customer,48,Business Travel,Eco Plus,689,5,5,5,5,5,5,5,5,4,3,4,1,5,4.38,10,6,TRUE
Female,Disloyal Customer,22,Business Travel,Eco,697,3,3,3,3,1,3,1,1,1,5,3,1,1,2.23,38,20,FALSE
Female,Loyal Customer,44,Business Travel,Business,1520,2,2,2,2,3,2,3,5,5,5,5,1,4,3.15,102,116,TRUE
Female,Loyal Customer,37,Personal Travel,Eco,715,4,3,4,3,3,4,1,3,3,2,2,3,3,2.92,55,55,FALSE
Male,Loyal Customer,55,Business Travel,Eco,859,1,5,5,5,1,1,1,1,2,4,3,2,1,2.46,0,0,FALSE
Male,Loyal Customer,50,Business Travel,Business,458,1,1,1,1,1,2,5,5,5,5,5,4,1,2.85,38,89,TRUE
Female,Loyal Customer,64,Personal Travel,Eco,668,3,3,2,1,3,2,4,4,4,2,4,4,1,2.85,9,1,FALSE
Female,Loyal Customer,31,Business Travel,Business,1603,2,2,5,2,5,5,5,5,3,3,5,4,5,3.92,21,27,TRUE
Male,Disloyal Customer,26,Business Travel,Eco,250,4,0,4,4,4,3,3,3,4,3,4,3,3,3.23,155,153,FALSE
Female,Loyal Customer,47,Personal Travel,Eco,475,3,3,3,4,5,3,3,1,1,3,1,2,2,2.62,20,7,FALSE
Male,Loyal Customer,32,Business Travel,Business,2556,1,4,4,4,1,1,1,2,1,2,1,1,1,1.85,0,6,FALSE
Male,Loyal Customer,50,Business Travel,Business,2370,2,2,5,2,2,4,5,3,3,3,3,4,4,3.23,0,4,TRUE
Female,Loyal Customer,48,Personal Travel,Eco,196,3,5,3,5,2,4,1,3,3,3,3,3,5,3.31,0,12,FALSE
Male,Loyal Customer,28,Business Travel,Eco,282,5,1,5,1,5,5,5,5,3,5,1,4,5,3.85,0,0,TRUE
Female,Loyal Customer,61,Personal Travel,Eco,704,2,4,1,5,2,3,5,5,5,1,5,5,1,3.38,13,2,FALSE
Male,Loyal Customer,39,Business Travel,Business,213,3,3,3,3,2,2,2,5,5,5,4,5,2,3.38,0,0,TRUE
Female,Loyal Customer,44,Business Travel,Eco Plus,369,3,2,2,2,3,3,4,3,3,3,3,4,3,2.92,21,14,FALSE
Male,Loyal Customer,29,Business Travel,Business,2334,1,1,2,1,5,4,5,5,2,1,2,3,5,2.85,0,0,TRUE
Female,Loyal Customer,50,Business Travel,Business,1930,1,4,2,4,1,4,4,1,1,1,1,4,1,2.23,0,0,FALSE
Female,Loyal Customer,52,Business Travel,Eco,299,4,3,3,3,2,2,2,4,4,4,4,2,4,3.15,6,5,FALSE
Female,Loyal Customer,48,Business Travel,Business,223,4,4,4,4,5,5,4,5,5,5,5,5,4,4.54,0,0,TRUE
Female,Loyal Customer,8,Personal Travel,Eco,542,3,2,3,2,4,3,4,4,1,1,1,2,4,2.62,0,10,FALSE
Female,Disloyal Customer,26,Business Travel,Business,223,4,0,4,1,5,4,2,5,4,5,4,3,5,3.54,26,11,TRUE
Female,Loyal Customer,40,Personal Travel,Eco,1773,2,4,3,1,2,3,4,2,2,3,3,1,2,2.46,0,3,FALSE
Female,Disloyal Customer,22,Business Travel,Eco,335,4,2,4,3,1,4,1,1,5,4,5,5,1,3.08,0,0,TRUE
Female,Loyal Customer,31,Business Travel,Business,519,4,4,4,4,3,4,3,3,3,5,5,5,3,3.85,0,0,TRUE
Male,Loyal Customer,59,Business Travel,Business,600,1,1,1,1,3,5,5,5,5,5,5,3,3,3.31,0,2,TRUE
Female,Loyal Customer,12,Personal Travel,Eco,262,1,4,0,2,1,0,1,1,5,1,1,3,1,1.62,45,48,FALSE
Female,Loyal Customer,56,Business Travel,Business,3771,3,3,3,3,3,4,4,4,4,4,4,5,5,3.77,16,0,TRUE
Female,Loyal Customer,40,Business Travel,Eco,156,4,5,5,5,4,4,4,4,1,2,4,1,4,3.62,0,0,TRUE
Female,Loyal Customer,42,Business Travel,Business,628,1,1,1,1,1,2,2,4,4,4,4,3,1,2.23,57,70,TRUE
Male,Loyal Customer,16,Personal Travel,Eco,585,3,5,3,1,4,3,4,4,3,2,4,3,4,3.31,0,0,FALSE
Female,Loyal Customer,46,Business Travel,Business,2607,1,1,1,1,2,2,2,3,1,3,3,2,2,1.85,3,0,TRUE
Male,Loyal Customer,57,Business Travel,Business,3144,2,2,2,2,5,4,4,4,4,4,4,5,5,3.62,0,0,TRUE
Female,Disloyal Customer,29,Business Travel,Eco,1071,2,2,2,3,2,5,5,2,2,4,3,5,5,3.23,0,7,FALSE
Female,Loyal Customer,50,Business Travel,Business,3595,2,1,2,2,2,4,5,4,4,4,4,4,5,3.31,0,0,TRUE
Male,Loyal Customer,44,Personal Travel,Eco,2611,4,4,4,3,4,4,4,4,2,1,2,4,4,3.38,0,0,FALSE
Female,Disloyal Customer,50,Business Travel,Business,992,3,3,3,2,2,3,1,2,4,5,4,3,2,2.85,0,8,TRUE
Male,Disloyal Customer,20,Business Travel,Eco,945,4,4,4,1,4,2,2,5,1,5,2,2,2,2.92,131,117,TRUE
Female,Loyal Customer,54,Personal Travel,Eco,957,1,4,1,2,5,5,5,3,3,1,3,4,5,3.23,24,30,FALSE
Female,Loyal Customer,35,Business Travel,Eco Plus,354,3,3,3,3,3,3,3,3,2,1,3,2,3,2.69,0,0,FALSE
Female,Loyal Customer,65,Personal Travel,Eco Plus,579,3,4,3,4,2,4,5,4,4,3,2,3,3,3.38,0,0,FALSE
Female,Loyal Customer,44,Business Travel,Business,1664,3,3,3,3,5,4,5,4,4,4,4,5,3,3.85,0,0,TRUE
Male,Disloyal Customer,27,Business Travel,Eco,528,2,2,2,3,5,2,5,5,4,2,4,3,5,3.38,10,16,FALSE
Male,Loyal Customer,35,Personal Travel,Eco,159,2,5,2,3,1,2,1,1,4,3,5,5,1,2.69,0,0,FALSE
Female,Loyal Customer,57,Personal Travel,Eco,1440,2,4,2,4,4,4,5,3,3,2,3,3,4,3.31,31,69,FALSE
Male,Loyal Customer,31,Personal Travel,Eco,621,2,5,2,1,2,2,2,2,3,2,4,4,2,2.54,0,0,FALSE
Male,Loyal Customer,61,Personal Travel,Eco,1250,1,2,2,3,2,2,3,2,2,2,3,3,2,2.23,0,0,FALSE
Female,Loyal Customer,58,Business Travel,Eco,191,5,1,1,1,1,5,3,5,5,5,5,1,3,3.15,17,4,TRUE
Female,Loyal Customer,50,Business Travel,Business,3623,0,0,0,5,4,5,4,3,3,3,3,5,4,3,0,0,TRUE
Male,Loyal Customer,23,Business Travel,Eco,1237,0,5,0,5,3,0,3,3,2,4,1,4,3,2.54,76,69,TRUE
Female,Loyal Customer,13,Personal Travel,Eco,591,3,5,3,3,2,3,2,2,2,2,5,1,2,2.69,0,0,FALSE
Female,Loyal Customer,61,Personal Travel,Eco,236,3,4,3,2,3,4,4,2,2,3,2,5,3,3.08,1,19,FALSE
Male,Loyal Customer,13,Personal Travel,Eco,679,1,4,0,3,1,0,1,1,5,3,5,3,1,2.15,5,10,FALSE
Male,Loyal Customer,45,Business Travel,Business,356,1,3,3,3,4,4,3,1,1,1,1,4,3,2.46,11,0,FALSE
Male,Loyal Customer,13,Business Travel,Business,1752,1,5,5,5,1,1,1,1,2,5,3,3,1,2.62,15,10,FALSE
Female,Loyal Customer,34,Personal Travel,Business,879,2,5,2,4,4,3,5,1,1,2,1,4,5,3,0,0,FALSE
Male,Loyal Customer,29,Business Travel,Eco,1235,4,3,3,3,4,3,4,4,1,4,4,1,4,3.23,0,0,FALSE
Female,Disloyal Customer,19,Business Travel,Eco,986,2,2,2,3,2,2,2,2,4,5,5,3,2,2.77,3,8,FALSE
Female,Loyal Customer,47,Business Travel,Business,3011,4,2,4,4,5,5,5,5,5,5,5,3,4,4.31,0,11,TRUE
Female,Loyal Customer,39,Business Travel,Business,1514,3,3,5,3,5,4,5,4,4,4,4,5,4,4.08,0,2,TRUE
Female,Loyal Customer,19,Personal Travel,Eco Plus,184,3,4,0,3,4,0,4,4,3,4,4,3,4,3.08,6,44,FALSE
Female,Disloyal Customer,50,Business Travel,Eco,1028,4,3,3,3,1,3,1,1,2,4,3,4,1,2.54,5,12,FALSE
Female,Loyal Customer,52,Business Travel,Business,396,5,5,5,5,5,5,5,3,5,4,5,5,5,4.77,66,139,TRUE
Female,Loyal Customer,61,Personal Travel,Eco,983,3,3,4,3,1,4,3,5,5,4,5,4,1,3.46,1,2,FALSE
Female,Loyal Customer,41,Business Travel,Business,164,1,1,1,1,2,5,5,4,4,4,5,5,3,3.15,9,0,TRUE
Male,Loyal Customer,16,Business Travel,Eco Plus,589,4,2,2,2,4,4,5,4,2,4,1,1,4,3,4,1,TRUE
Male,Loyal Customer,60,Business Travel,Business,3048,2,2,2,2,4,4,4,5,5,5,5,5,3,3.69,25,37,TRUE
Male,Loyal Customer,61,Business Travel,Eco,1363,1,3,3,3,1,1,1,1,2,2,2,2,1,1.77,39,12,FALSE
Female,Disloyal Customer,18,Business Travel,Eco,257,1,3,2,3,3,2,3,3,1,2,4,1,3,2.38,0,0,FALSE
Female,Disloyal Customer,34,Business Travel,Business,481,1,1,1,1,2,1,2,2,3,3,5,5,2,2.23,0,0,FALSE
Female,Loyal Customer,32,Personal Travel,Eco,2239,0,5,0,2,5,5,5,5,3,5,4,5,5,3.77,0,0,TRUE
Female,Disloyal Customer,24,Business Travel,Business,250,5,0,5,2,2,5,2,2,2,5,4,3,2,3,0,0,TRUE
Male,Loyal Customer,60,Business Travel,Eco,387,2,5,5,5,2,2,2,2,4,5,3,4,2,3.31,0,0,FALSE
Male,Loyal Customer,36,Business Travel,Business,3608,3,3,3,3,1,1,3,4,4,5,4,4,2,3.08,3,0,TRUE
Male,Loyal Customer,47,Business Travel,Business,1119,1,1,2,1,5,5,4,4,4,4,4,4,5,3.38,0,6,TRUE
Male,Loyal Customer,13,Personal Travel,Eco,408,5,5,5,2,5,5,5,5,5,5,5,5,5,4.77,13,1,TRUE
Female,Loyal Customer,28,Business Travel,Business,2452,2,2,2,2,4,4,4,4,2,5,2,2,4,3,0,0,TRUE
Male,Loyal Customer,31,Business Travel,Business,1755,1,1,1,1,4,4,4,4,3,5,2,4,4,2.92,0,17,TRUE
Female,Loyal Customer,22,Business Travel,Business,3074,1,5,5,5,1,2,1,1,3,2,3,2,1,2.46,2,0,FALSE
Male,Loyal Customer,51,Business Travel,Eco,965,3,2,2,2,3,3,3,3,2,4,3,1,3,2.62,0,0,FALSE
Male,Loyal Customer,55,Business Travel,Eco,1576,1,4,4,4,1,1,1,1,4,4,4,2,1,2.46,28,2,FALSE
Female,Loyal Customer,37,Personal Travel,Eco,315,1,5,1,4,1,1,1,1,2,3,4,3,1,2.15,0,0,FALSE
Male,Loyal Customer,53,Personal Travel,Eco,333,2,4,2,2,1,2,1,1,4,2,2,1,1,1.92,5,0,FALSE
Female,Loyal Customer,10,Personal Travel,Eco Plus,173,2,4,2,3,1,2,1,1,2,5,3,1,1,2.15,0,0,FALSE
Male,Loyal Customer,49,Personal Travel,Eco,337,2,5,2,4,3,2,3,3,2,4,2,2,3,2.85,0,1,FALSE
Male,Loyal Customer,39,Business Travel,Business,2516,3,3,3,3,1,1,3,5,5,4,5,1,1,2.92,24,7,TRUE
Female,Loyal Customer,50,Business Travel,Eco,1065,2,3,3,3,2,5,2,2,2,2,2,2,5,2.69,42,24,TRUE
Female,Loyal Customer,40,Personal Travel,Eco,139,2,0,0,1,0,3,2,4,2,5,5,2,2,2.15,114,155,FALSE
Male,Loyal Customer,31,Personal Travel,Eco,508,1,1,4,3,5,4,5,5,2,3,4,3,5,3.46,0,0,FALSE
Female,Loyal Customer,39,Personal Travel,Eco,2345,3,4,3,4,4,3,4,4,1,4,4,3,4,3.46,5,11,FALSE
Male,Disloyal Customer,24,Business Travel,Business,507,4,0,4,3,3,4,2,3,4,2,4,3,3,3,0,0,TRUE
Female,Loyal Customer,40,Business Travel,Business,2500,1,2,2,2,4,4,3,1,1,1,1,3,3,2.15,0,0,FALSE
Female,Loyal Customer,29,Business Travel,Business,1930,5,5,5,5,5,5,5,5,4,4,5,5,5,4.85,0,0,TRUE
Female,Loyal Customer,24,Business Travel,Eco Plus,1249,3,2,2,2,3,3,1,3,2,4,3,1,3,2.46,23,20,FALSE
Male,Loyal Customer,26,Business Travel,Business,1926,2,3,3,3,2,2,2,2,2,2,3,1,2,2.23,20,11,FALSE
Female,Loyal Customer,12,Personal Travel,Eco,547,2,4,2,3,4,2,4,4,5,4,3,4,4,3.46,0,0,FALSE
Male,Loyal Customer,55,Business Travel,Eco,846,2,4,4,4,2,2,2,2,4,2,3,2,2,2.69,16,40,FALSE
Female,Loyal Customer,48,Business Travel,Business,2657,2,2,2,2,3,5,5,5,5,5,5,5,4,3.85,0,0,TRUE
Female,Loyal Customer,46,Business Travel,Business,787,1,1,1,1,4,4,5,3,3,4,3,4,4,2.92,103,118,TRUE
Female,Loyal Customer,68,Personal Travel,Eco,1250,3,2,3,2,4,3,2,4,4,3,4,2,2,2.92,0,29,FALSE
Female,Disloyal Customer,22,Business Travel,Eco,585,5,0,5,3,1,5,1,1,2,4,5,4,1,2.85,0,0,TRUE
Female,Disloyal Customer,43,Business Travel,Business,1055,4,5,5,2,3,4,2,3,5,4,5,3,3,3.69,0,9,TRUE
Male,Loyal Customer,39,Business Travel,Business,2483,1,1,1,1,4,5,5,5,5,5,5,3,4,3.46,0,0,TRUE
Male,Loyal Customer,21,Personal Travel,Eco,987,3,4,3,3,1,3,2,1,5,5,4,3,1,2.92,0,0,FALSE
Female,Loyal Customer,41,Business Travel,Business,3819,3,3,3,3,5,2,1,5,5,5,5,1,2,3.31,0,0,TRUE
Female,Disloyal Customer,27,Business Travel,Eco Plus,188,3,3,3,3,1,3,1,1,4,2,4,1,1,2.31,14,27,FALSE
Male,Loyal Customer,18,Personal Travel,Eco Plus,948,1,3,1,3,3,1,3,3,1,2,4,4,3,2.46,0,0,FALSE
Male,Loyal Customer,26,Business Travel,Business,2607,1,1,1,1,5,5,5,5,3,4,5,4,5,3.46,42,74,TRUE
Female,Disloyal Customer,28,Business Travel,Eco Plus,994,3,3,3,3,5,3,5,5,3,4,3,1,5,3.54,4,9,FALSE
Female,Loyal Customer,31,Business Travel,Business,3702,2,1,1,1,2,3,2,2,1,3,1,3,2,1.85,2,14,FALSE
Male,Loyal Customer,54,Business Travel,Eco,305,4,3,3,3,4,4,4,4,3,4,1,1,4,3.23,36,34,TRUE
Male,Loyal Customer,30,Business Travel,Business,3602,4,4,4,4,4,4,4,4,1,1,1,1,4,3.08,78,48,TRUE
Male,Loyal Customer,28,Business Travel,Business,1562,4,4,2,4,5,5,5,5,5,3,5,3,5,4.23,0,20,TRUE
Female,Loyal Customer,39,Personal Travel,Eco,516,4,5,4,1,5,4,5,5,3,2,4,5,5,4,2,3,FALSE
Male,Loyal Customer,52,Business Travel,Business,2065,3,3,3,3,5,3,5,4,4,4,4,3,3,3.62,0,0,TRUE
Male,Loyal Customer,56,Business Travel,Eco Plus,197,1,2,2,2,1,1,1,1,3,4,4,3,1,2,0,0,FALSE
Female,Disloyal Customer,39,Business Travel,Business,1379,2,2,2,4,1,2,1,1,4,5,5,5,1,2.69,0,0,FALSE
Female,Loyal Customer,41,Personal Travel,Eco,671,3,3,3,4,1,3,1,1,5,3,2,1,1,2.38,46,39,FALSE
Female,Disloyal Customer,23,Business Travel,Eco,305,4,0,4,1,5,4,5,5,5,2,3,2,5,3.46,0,0,TRUE
Female,Disloyal Customer,10,Business Travel,Eco,725,2,2,2,2,2,2,2,2,1,4,3,3,2,2.23,0,17,FALSE
Male,Disloyal Customer,47,Business Travel,Business,775,2,2,2,4,1,2,1,1,3,4,5,3,1,2.38,1,0,FALSE
Male,Loyal Customer,36,Business Travel,Eco,267,4,1,1,1,4,4,4,2,1,1,1,4,4,2.46,155,151,TRUE
Female,Loyal Customer,18,Business Travel,Eco,530,1,3,3,3,1,2,4,1,1,3,3,1,1,2.08,0,23,FALSE
Female,Loyal Customer,50,Business Travel,Eco,423,1,4,4,4,4,4,4,1,1,1,1,4,3,2.77,9,0,FALSE
Male,Loyal Customer,45,Personal Travel,Eco,1194,4,5,4,3,5,4,5,5,4,5,4,4,5,4.38,0,6,FALSE
Female,Loyal Customer,72,Business Travel,Eco Plus,699,1,2,2,2,4,4,3,1,1,1,1,2,3,2.08,15,15,FALSE
Female,Loyal Customer,23,Personal Travel,Eco,595,2,4,2,1,1,2,1,1,1,1,2,4,1,1.77,0,8,FALSE
Female,Disloyal Customer,44,Business Travel,Eco,666,2,0,3,3,3,3,4,3,1,1,1,3,3,2.31,26,18,FALSE
Female,Loyal Customer,40,Business Travel,Business,3932,1,2,2,2,2,1,2,4,4,4,1,3,3,2.38,96,79,FALSE
Female,Loyal Customer,58,Personal Travel,Eco,102,1,5,1,2,1,4,4,1,1,1,1,4,1,2.08,0,0,FALSE
Male,Loyal Customer,51,Personal Travel,Eco,618,1,5,1,1,3,1,3,3,5,2,4,3,3,2.69,0,0,FALSE
Male,Loyal Customer,45,Business Travel,Business,888,2,2,2,2,4,5,4,4,4,4,4,4,5,3.54,32,10,TRUE
Female,Loyal Customer,15,Personal Travel,Eco,641,3,5,3,3,2,3,2,2,5,3,5,4,2,3.23,0,0,FALSE
Female,Loyal Customer,26,Personal Travel,Eco,473,2,2,2,3,5,2,5,5,1,3,2,3,5,3.08,0,0,FALSE
Male,Loyal Customer,55,Business Travel,Business,2333,1,3,3,3,4,3,3,1,1,1,1,1,3,2.15,0,0,FALSE
Female,Loyal Customer,48,Business Travel,Business,1134,1,1,1,1,3,4,4,4,4,4,4,3,4,2.92,0,7,TRUE
Female,Loyal Customer,59,Business Travel,Business,270,1,1,1,1,3,4,5,3,3,4,3,5,5,3,0,0,TRUE
Male,Loyal Customer,7,Personal Travel,Eco,607,2,5,2,1,5,2,1,5,3,5,4,4,5,3.38,0,0,FALSE
Female,Loyal Customer,20,Personal Travel,Eco,391,4,4,4,4,2,4,2,2,5,2,4,4,2,3.31,0,0,FALSE
Female,Loyal Customer,59,Business Travel,Business,557,5,5,5,5,5,5,5,4,4,4,4,3,4,4.46,24,22,TRUE
Female,Loyal Customer,68,Personal Travel,Eco Plus,1215,3,0,3,3,5,3,4,4,4,3,4,3,5,3.38,0,0,FALSE
Female,Loyal Customer,51,Business Travel,Business,2106,2,2,2,2,4,5,5,5,5,5,5,3,3,3.69,0,0,TRUE
Male,Loyal Customer,51,Personal Travel,Eco,2475,2,4,2,1,2,2,4,2,3,2,4,5,2,2.69,0,20,FALSE
Female,Loyal Customer,51,Business Travel,Business,600,3,3,1,3,4,4,5,4,4,4,4,5,3,3.62,0,0,TRUE
Male,Loyal Customer,40,Business Travel,Business,2640,3,1,3,3,2,4,5,5,5,5,5,3,5,3.77,0,0,TRUE
Male,Loyal Customer,32,Business Travel,Eco,612,4,3,3,3,4,4,4,4,1,2,3,1,4,3.08,0,0,TRUE
Male,Loyal Customer,60,Business Travel,Business,1880,3,3,3,3,4,4,5,5,5,5,5,3,3,3.92,0,0,TRUE
Male,Loyal Customer,66,Business Travel,Eco,190,3,2,2,2,3,3,3,3,3,1,3,1,3,2.46,0,0,FALSE
Female,Loyal Customer,29,Business Travel,Business,529,3,3,3,3,5,5,5,5,5,2,4,5,5,4.08,0,0,TRUE
Male,Disloyal Customer,29,Business Travel,Business,929,3,2,2,1,4,2,4,4,5,2,4,4,4,3.15,0,1,FALSE
Male,Loyal Customer,42,Personal Travel,Eco,751,3,4,3,3,1,3,1,1,5,2,1,1,1,2.23,16,17,FALSE
Female,Loyal Customer,50,Business Travel,Business,1400,4,4,4,4,3,4,5,5,5,5,5,4,4,4.31,5,2,TRUE
Female,Loyal Customer,64,Personal Travel,Eco,918,3,4,3,5,3,1,1,3,3,3,3,5,3,3.08,55,60,FALSE
Male,Loyal Customer,34,Business Travel,Business,282,1,0,0,4,4,3,3,3,3,0,3,2,3,2.23,0,0,FALSE
Male,Loyal Customer,55,Business Travel,Business,2860,3,3,3,3,3,5,5,4,4,4,4,4,4,3.77,0,0,TRUE
Male,Loyal Customer,50,Personal Travel,Eco,655,3,3,3,4,2,3,3,2,1,2,2,3,2,2.54,33,31,FALSE
Male,Loyal Customer,43,Business Travel,Business,2399,0,0,0,2,2,5,5,4,4,4,4,3,2,2.69,6,7,TRUE
Male,Loyal Customer,61,Personal Travel,Eco,321,2,3,4,5,4,4,4,4,5,4,1,5,4,3.77,3,2,FALSE
Male,Loyal Customer,22,Business Travel,Business,3346,1,1,1,1,5,5,5,5,3,3,5,3,5,3.31,0,0,TRUE
Male,Disloyal Customer,22,Business Travel,Eco,822,3,3,3,3,5,3,5,5,1,5,2,2,5,3.46,35,17,FALSE
Female,Loyal Customer,14,Personal Travel,Eco,1298,2,5,2,5,1,2,1,1,4,3,4,4,1,2.69,0,0,FALSE
Female,Loyal Customer,31,Business Travel,Eco,495,4,1,1,1,4,4,4,4,2,5,4,5,4,3.31,27,19,TRUE
Female,Loyal Customer,60,Business Travel,Business,1440,1,1,1,1,3,5,4,5,5,5,5,4,5,3.46,0,13,TRUE
Male,Loyal Customer,34,Business Travel,Business,2436,5,5,5,5,4,4,4,4,4,4,4,5,3,4.31,17,49,TRUE
Male,Loyal Customer,48,Business Travel,Business,391,5,5,5,5,5,4,4,4,4,4,4,5,5,4.54,0,0,TRUE
Female,Loyal Customer,59,Business Travel,Business,130,2,2,2,2,3,4,4,3,3,4,5,3,4,3.15,18,23,TRUE
Male,Loyal Customer,33,Personal Travel,Eco,109,2,4,2,3,5,2,5,5,5,2,5,5,5,3.85,46,46,FALSE
Male,Loyal Customer,48,Business Travel,Business,237,5,5,5,5,3,4,4,3,3,4,3,5,4,4.08,0,0,TRUE
Female,Loyal Customer,39,Business Travel,Business,3153,2,2,2,2,5,4,4,3,3,4,3,5,3,3.23,0,0,TRUE
Male,Loyal Customer,56,Business Travel,Business,861,4,4,4,4,5,4,5,5,5,5,5,5,3,4.46,0,1,TRUE
Male,Loyal Customer,58,Business Travel,Business,2603,4,5,4,4,5,5,4,4,4,4,4,4,4,4.23,0,0,TRUE
Male,Loyal Customer,43,Personal Travel,Eco,239,2,3,0,1,0,5,5,3,4,2,3,5,5,2.92,158,147,FALSE
Female,Loyal Customer,41,Business Travel,Business,2369,0,0,0,3,3,5,5,2,2,5,5,4,4,2.92,0,6,TRUE
Female,Loyal Customer,41,Business Travel,Business,239,5,5,5,5,2,4,5,5,5,5,5,3,4,4.46,1,6,TRUE
Male,Loyal Customer,48,Business Travel,Business,2257,1,1,1,1,5,4,4,5,5,5,5,5,4,3.54,0,0,TRUE
Female,Loyal Customer,20,Business Travel,Eco Plus,370,1,4,4,4,1,1,4,1,4,1,3,1,1,2.31,43,28,FALSE
Female,Disloyal Customer,24,Business Travel,Eco,646,3,0,3,3,2,3,2,2,4,4,1,5,2,2.62,96,102,FALSE
Male,Loyal Customer,24,Business Travel,Business,1558,4,1,1,1,4,4,4,4,4,2,4,1,4,2.92,0,16,FALSE
Male,Loyal Customer,17,Personal Travel,Eco Plus,431,0,4,0,4,1,0,3,1,4,3,5,5,1,2.38,0,0,TRUE
Female,Loyal Customer,66,Personal Travel,Eco,787,2,4,2,1,5,5,4,2,2,2,2,5,5,3.15,19,12,FALSE
Male,Loyal Customer,22,Personal Travel,Eco,209,2,3,2,3,4,2,4,4,1,5,4,3,4,3.15,0,25,FALSE
Male,Loyal Customer,39,Business Travel,Business,1491,2,5,5,5,5,3,3,2,2,3,2,1,4,3.23,12,7,FALSE
Female,Disloyal Customer,35,Business Travel,Eco,1024,4,5,5,3,4,5,4,4,2,5,3,2,4,3.85,0,17,FALSE
Female,Disloyal Customer,65,Business Travel,Business,442,3,3,3,5,5,3,2,5,5,3,4,5,5,3.92,18,7,FALSE
Female,Loyal Customer,27,Business Travel,Business,399,2,2,2,2,2,1,2,2,1,2,2,1,2,1.77,16,19,FALSE
Female,Disloyal Customer,38,Business Travel,Business,407,4,4,4,4,1,4,5,1,4,2,5,5,1,3.38,0,0,TRUE
Male,Disloyal Customer,25,Business Travel,Eco,185,1,5,1,3,2,1,2,2,1,2,3,3,2,2.15,17,17,FALSE
Male,Loyal Customer,32,Personal Travel,Business,599,2,3,2,5,3,2,3,3,1,3,4,5,3,3,7,8,FALSE
Male,Loyal Customer,50,Business Travel,Business,1663,2,2,1,2,5,4,5,2,2,2,2,3,3,2.69,15,8,TRUE
Female,Loyal Customer,53,Personal Travel,Eco,707,3,4,3,2,2,4,4,5,5,3,5,5,3,3.69,0,0,FALSE
Female,Loyal Customer,58,Personal Travel,Eco,1197,2,3,2,4,2,4,1,3,3,2,3,5,1,2.69,5,0,FALSE
Male,Disloyal Customer,48,Business Travel,Eco,174,4,4,5,2,4,5,4,4,1,3,3,3,4,3.54,0,0,FALSE
Female,Loyal Customer,36,Business Travel,Business,2586,1,1,1,1,4,4,4,3,3,5,4,4,4,3,0,23,TRUE
Female,Disloyal Customer,26,Business Travel,Eco,733,3,2,2,4,4,2,4,4,1,5,3,2,4,3.08,0,0,FALSE
Female,Loyal Customer,47,Business Travel,Business,3610,5,5,5,5,4,4,4,4,4,4,4,4,5,4.38,0,5,TRUE
Female,Disloyal Customer,34,Business Travel,Eco,631,3,1,3,3,2,3,2,2,3,2,3,4,2,2.54,0,0,FALSE
Female,Loyal Customer,52,Business Travel,Business,377,5,5,5,5,5,2,2,3,3,3,3,3,2,3.54,0,0,TRUE
Male,Loyal Customer,26,Personal Travel,Eco,936,1,4,1,4,2,1,5,2,4,3,4,3,2,2.77,10,65,FALSE
Female,Loyal Customer,33,Personal Travel,Eco,744,1,4,1,2,1,1,1,1,5,2,5,5,1,2.31,0,0,FALSE
Female,Loyal Customer,52,Business Travel,Business,2328,4,4,4,4,5,4,2,4,4,4,4,4,1,3.69,0,0,TRUE
Male,Disloyal Customer,32,Business Travel,Business,196,2,2,2,1,1,2,1,1,4,5,5,5,1,2.46,0,3,FALSE
Male,Loyal Customer,50,Business Travel,Business,337,2,2,2,2,2,4,5,5,5,5,5,4,5,3.69,11,0,TRUE
Male,Loyal Customer,42,Business Travel,Business,2087,5,5,5,5,3,4,5,5,5,5,5,3,4,4.54,0,0,TRUE
Female,Loyal Customer,59,Personal Travel,Eco,528,2,3,5,4,2,4,4,5,5,5,5,1,1,3.54,0,0,FALSE
Female,Disloyal Customer,29,Business Travel,Eco,770,2,2,2,3,5,2,5,5,4,4,1,3,5,3.31,35,16,FALSE
Female,Loyal Customer,46,Business Travel,Eco,315,2,2,2,2,5,4,3,2,2,2,2,4,2,2.62,9,15,FALSE
Female,Loyal Customer,44,Business Travel,Eco,602,2,5,3,5,1,4,3,2,2,2,2,4,3,2.92,0,2,FALSE
Male,Loyal Customer,47,Business Travel,Business,2555,4,2,5,2,5,4,4,4,4,4,4,1,4,3.62,0,0,FALSE
Male,Loyal Customer,12,Personal Travel,Eco,1197,2,5,2,3,4,2,4,4,3,3,5,4,4,3.46,6,0,FALSE
Female,Loyal Customer,27,Business Travel,Business,147,4,4,4,4,4,4,4,4,2,3,2,3,4,3.54,0,0,TRUE
Female,Loyal Customer,59,Personal Travel,Eco,545,3,3,3,5,5,1,3,3,3,3,3,3,2,3.08,0,0,FALSE
Male,Disloyal Customer,20,Business Travel,Business,836,0,4,0,2,1,0,5,1,3,3,4,5,1,2.23,0,0,TRUE
Male,Disloyal Customer,30,Business Travel,Eco,1137,3,3,3,3,5,3,5,5,4,1,2,3,5,3.46,0,0,FALSE
Male,Loyal Customer,42,Personal Travel,Eco,368,5,5,5,4,4,5,4,4,1,5,1,1,4,3.69,5,0,TRUE
Male,Loyal Customer,32,Personal Travel,Eco,315,1,5,1,4,1,1,1,1,5,4,5,1,1,2.38,56,49,FALSE
Male,Loyal Customer,18,Personal Travel,Eco,364,3,4,3,1,1,3,1,1,4,2,5,4,1,2.54,0,0,FALSE
Female,Disloyal Customer,23,Business Travel,Eco,425,3,2,3,3,3,3,3,3,4,4,3,3,3,3.08,36,33,FALSE
Male,Loyal Customer,64,Personal Travel,Eco,980,1,5,1,2,3,1,3,3,4,2,4,3,3,2.69,0,9,FALSE
Female,Loyal Customer,49,Personal Travel,Eco,463,4,5,4,3,4,4,4,1,1,4,1,5,4,3.38,0,0,FALSE
Female,Loyal Customer,37,Business Travel,Business,1440,2,2,2,2,5,5,4,4,4,4,4,3,4,3.46,40,20,TRUE
Female,Loyal Customer,52,Personal Travel,Eco,250,2,4,2,1,5,5,5,2,2,2,2,3,5,3.08,0,0,FALSE
Female,Loyal Customer,14,Personal Travel,Business,1107,2,2,2,3,3,2,3,3,2,1,3,3,3,2.46,0,0,FALSE
Female,Loyal Customer,12,Personal Travel,Eco,409,4,2,4,2,2,4,2,2,1,3,2,2,2,2.46,0,0,FALSE
Male,Loyal Customer,26,Business Travel,Business,2253,5,5,2,5,5,5,5,5,2,3,5,5,5,4.38,189,191,TRUE
Female,Loyal Customer,54,Business Travel,Business,481,2,2,2,2,4,3,3,5,5,5,5,5,1,3.38,0,0,TRUE
Female,Disloyal Customer,24,Business Travel,Business,937,5,0,5,3,2,5,2,2,4,4,4,4,2,3.23,31,39,TRUE
Male,Loyal Customer,43,Business Travel,Business,3146,3,3,3,3,2,5,4,4,4,5,4,3,4,3.62,2,0,TRUE
Female,Loyal Customer,36,Business Travel,Business,646,4,4,4,4,4,4,5,4,4,5,4,4,3,4.08,7,0,TRUE
Female,Loyal Customer,30,Business Travel,Business,3987,4,4,4,4,5,5,5,5,5,4,4,4,5,4.46,44,42,TRUE
Female,Loyal Customer,36,Personal Travel,Eco,746,3,4,3,3,4,3,4,4,3,3,4,4,4,3.54,0,6,FALSE
Female,Disloyal Customer,26,Business Travel,Eco,425,2,3,2,3,3,2,3,3,1,5,3,3,3,2.77,0,0,FALSE
Female,Loyal Customer,40,Business Travel,Business,2475,1,1,1,1,4,4,4,4,2,3,4,4,4,2.85,14,5,TRUE
Female,Loyal Customer,20,Personal Travel,Eco,1024,2,1,2,3,2,2,2,2,4,5,3,2,2,2.46,0,1,FALSE
Female,Loyal Customer,44,Business Travel,Business,3447,2,1,2,2,4,4,5,5,5,5,5,5,3,3.69,0,1,TRUE
Male,Loyal Customer,69,Business Travel,Eco Plus,163,3,1,4,1,3,3,3,3,4,4,4,1,3,2.85,2,4,TRUE
Female,Loyal Customer,56,Personal Travel,Eco,472,3,5,3,3,3,4,4,4,4,3,4,3,4,3.62,12,0,FALSE
Female,Disloyal Customer,37,Business Travel,Business,1744,2,2,2,3,1,2,1,1,4,2,5,3,1,2.23,0,0,FALSE
Female,Loyal Customer,55,Personal Travel,Eco,397,3,4,3,3,3,4,5,1,1,3,1,5,5,3.15,0,0,FALSE
Male,Loyal Customer,27,Business Travel,Business,1670,1,1,1,1,5,4,5,5,5,4,3,3,5,3.31,10,0,TRUE
Male,Loyal Customer,22,Business Travel,Business,3322,3,4,4,4,3,3,3,3,4,2,3,2,3,3.15,15,13,FALSE
Male,Loyal Customer,63,Personal Travel,Eco,1065,4,4,4,1,2,4,3,2,3,5,5,4,2,3.31,26,57,FALSE
Female,Loyal Customer,57,Business Travel,Business,3614,4,4,1,4,4,4,4,4,4,4,4,3,5,3.77,0,0,TRUE
Female,Loyal Customer,10,Personal Travel,Eco,1076,5,4,5,3,5,5,5,5,4,4,5,5,5,4.62,0,0,TRUE
Male,Loyal Customer,61,Personal Travel,Eco,1725,4,5,4,4,2,4,2,2,3,5,3,5,2,3.46,0,0,FALSE
Male,Disloyal Customer,43,Business Travel,Business,1773,3,3,3,1,2,3,1,2,5,3,5,5,2,2.92,0,0,FALSE
Male,Loyal Customer,11,Personal Travel,Eco,370,2,0,2,1,1,2,1,1,3,4,3,5,1,2,23,11,FALSE
Female,Loyal Customer,56,Business Travel,Business,628,4,4,4,4,2,4,5,4,4,4,4,5,4,4,28,13,TRUE
Female,Disloyal Customer,21,Business Travel,Business,448,0,4,0,5,2,0,2,2,5,3,5,3,2,2.54,0,0,TRUE
Female,Loyal Customer,48,Business Travel,Business,2475,2,2,2,2,5,5,5,4,5,4,5,5,5,3.92,27,62,TRUE
Male,Loyal Customer,38,Personal Travel,Eco,109,3,3,3,3,4,3,4,4,3,3,4,2,4,3.31,10,27,FALSE
Female,Loyal Customer,61,Personal Travel,Eco Plus,458,4,5,4,2,5,4,4,1,1,4,1,3,5,3.31,0,0,FALSE
Male,Disloyal Customer,28,Business Travel,Business,580,4,4,4,5,1,4,3,1,5,5,5,5,1,3.62,37,31,TRUE
Female,Loyal Customer,48,Personal Travel,Eco,1788,4,4,4,3,5,5,5,2,2,4,2,5,3,3.69,0,0,FALSE
Male,Loyal Customer,27,Personal Travel,Eco,1671,3,3,3,4,4,3,4,4,2,3,4,4,4,3.46,35,49,FALSE
Female,Disloyal Customer,24,Business Travel,Eco,189,1,2,2,3,1,2,1,1,4,3,4,3,1,2.15,3,10,FALSE
Female,Loyal Customer,21,Business Travel,Eco,604,2,4,4,4,2,2,4,2,4,3,4,4,2,3.15,0,11,FALSE
Female,Loyal Customer,43,Business Travel,Business,3603,3,3,3,3,2,2,2,5,5,5,5,4,2,3.38,0,0,TRUE
Female,Loyal Customer,31,Business Travel,Eco,693,4,4,4,4,4,4,4,4,1,2,4,3,4,3.54,0,0,TRUE
Male,Loyal Customer,41,Business Travel,Business,248,5,5,5,5,5,5,5,4,4,4,4,3,5,4.54,0,0,TRUE
Male,Loyal Customer,58,Business Travel,Business,1005,5,5,5,5,5,5,5,4,4,4,4,5,3,4.54,18,0,TRUE
Female,Loyal Customer,50,Personal Travel,Eco,1999,4,5,4,5,5,5,4,5,5,4,5,5,3,4.54,3,0,FALSE
Male,Loyal Customer,59,Business Travel,Business,626,4,4,4,4,3,4,4,3,3,3,3,3,3,3.46,5,0,TRUE
Male,Loyal Customer,64,Personal Travel,Eco,453,1,4,5,5,3,5,3,3,5,4,5,5,3,3.92,104,129,FALSE
Male,Disloyal Customer,10,Business Travel,Eco,516,2,2,2,3,1,2,1,1,2,4,2,1,1,1.85,0,0,FALSE
Female,Loyal Customer,47,Business Travel,Business,950,4,4,4,4,1,2,1,4,4,4,4,4,4,3.38,0,0,TRUE
Male,Loyal Customer,44,Business Travel,Business,304,5,5,5,5,3,5,4,4,4,4,4,3,5,4.31,0,0,TRUE
Female,Loyal Customer,27,Personal Travel,Business,862,3,4,3,5,4,3,5,4,3,5,4,5,4,4,0,0,FALSE
Female,Loyal Customer,50,Business Travel,Business,1522,4,3,4,4,2,4,4,4,4,4,4,1,3,3.46,0,16,FALSE
Male,Loyal Customer,56,Business Travel,Business,1590,2,2,2,2,2,3,4,5,5,5,5,3,3,3.31,13,0,TRUE
Female,Loyal Customer,54,Personal Travel,Eco,1616,1,5,2,5,2,4,4,3,3,2,3,4,5,3.31,0,8,FALSE
Female,Loyal Customer,45,Personal Travel,Eco,448,4,2,4,4,2,4,4,4,4,4,4,2,2,3.38,0,0,TRUE
Female,Loyal Customer,66,Personal Travel,Eco,990,1,4,1,3,2,3,4,2,2,1,2,1,4,2.31,0,9,FALSE
Male,Loyal Customer,67,Personal Travel,Eco,349,2,2,3,4,4,3,4,4,2,2,4,2,4,3.08,0,0,FALSE
Male,Loyal Customer,54,Business Travel,Business,828,3,3,3,3,3,5,1,5,5,5,5,2,1,3.38,0,0,TRUE
Female,Loyal Customer,17,Business Travel,Business,3465,3,5,5,5,3,3,3,3,2,3,3,3,3,3.38,16,20,FALSE
Female,Disloyal Customer,30,Business Travel,Eco,689,4,4,4,4,1,4,1,1,1,3,3,3,1,2.62,22,7,FALSE
Female,Loyal Customer,60,Personal Travel,Eco Plus,1013,4,2,4,3,5,2,2,4,4,4,3,4,2,3.31,7,0,TRUE
Male,Loyal Customer,15,Personal Travel,Eco,622,1,5,1,5,5,1,5,5,5,4,4,3,5,3.77,0,0,FALSE
Male,Loyal Customer,53,Personal Travel,Eco,696,4,5,4,3,4,4,2,4,5,4,5,4,4,4,0,0,FALSE
Female,Disloyal Customer,22,Business Travel,Business,305,0,5,0,5,2,0,2,2,2,3,4,5,2,2.46,7,0,TRUE
Male,Disloyal Customer,11,Business Travel,Eco,577,5,0,5,4,3,5,3,3,3,2,4,3,3,3.31,1,0,TRUE
Female,Disloyal Customer,38,Business Travel,Business,414,5,5,5,4,2,5,2,2,3,5,5,3,2,3.69,0,0,TRUE
Male,Disloyal Customer,23,Business Travel,Eco,1096,5,5,5,1,5,5,5,5,4,5,5,4,5,4.54,15,3,TRUE
Female,Loyal Customer,20,Personal Travel,Eco,1979,2,3,2,4,4,2,2,4,4,2,4,1,4,2.92,0,2,FALSE
Female,Loyal Customer,33,Business Travel,Business,845,1,1,3,1,1,3,1,4,4,4,4,1,5,2.54,0,0,TRUE
Female,Loyal Customer,25,Business Travel,Eco Plus,862,5,2,3,2,5,5,5,5,5,4,2,1,5,3.77,0,0,TRUE
Female,Loyal Customer,36,Business Travel,Business,3600,0,0,0,5,1,1,5,2,2,2,2,3,2,1.92,0,0,TRUE
Male,Loyal Customer,68,Business Travel,Business,2130,5,5,5,5,5,4,5,4,4,4,4,2,1,4.08,0,0,TRUE
Female,Loyal Customer,25,Business Travel,Business,1766,1,4,4,4,1,1,1,1,4,4,2,1,1,2.23,0,9,FALSE
Female,Loyal Customer,53,Business Travel,Eco Plus,190,5,1,1,1,2,5,3,5,5,5,5,1,4,3.31,0,0,TRUE
Male,Loyal Customer,58,Personal Travel,Eco,936,3,5,3,5,1,3,1,1,3,3,4,3,1,2.77,0,0,FALSE
Male,Loyal Customer,26,Personal Travel,Business,964,4,5,4,4,5,4,5,5,4,4,5,5,5,4.54,0,0,TRUE
Male,Loyal Customer,47,Business Travel,Eco,872,5,2,2,2,5,5,5,5,5,4,1,5,5,3.92,7,19,TRUE
Female,Disloyal Customer,26,Business Travel,Business,954,5,5,5,3,5,5,5,5,5,3,4,4,5,4.54,0,3,TRUE
Female,Loyal Customer,15,Personal Travel,Eco,2446,4,2,3,2,3,3,3,3,4,2,2,3,3,2.85,0,19,FALSE
Female,Loyal Customer,50,Business Travel,Business,515,5,5,1,5,4,4,4,2,2,2,2,4,4,3.38,0,0,TRUE
Male,Disloyal Customer,39,Business Travel,Eco,607,2,4,2,1,3,2,3,3,1,3,3,2,3,2.46,11,25,FALSE
Female,Loyal Customer,40,Business Travel,Business,3964,4,4,4,4,3,4,4,4,4,4,4,3,4,3.85,0,0,TRUE
Female,Loyal Customer,20,Business Travel,Business,948,2,1,1,1,2,2,2,2,1,2,4,1,2,1.77,0,0,FALSE
Male,Loyal Customer,48,Business Travel,Business,861,1,5,5,5,3,2,2,1,1,1,1,1,3,2.38,16,0,FALSE
Female,Loyal Customer,48,Business Travel,Business,2947,1,1,1,1,4,4,4,4,4,4,4,4,3,3,0,0,TRUE
Female,Loyal Customer,23,Personal Travel,Eco,447,2,5,2,1,5,2,5,5,4,3,4,5,5,3.69,0,0,FALSE
Male,Loyal Customer,55,Business Travel,Eco,912,3,4,5,5,3,4,4,4,5,3,3,4,4,3.92,170,151,FALSE
Male,Loyal Customer,32,Personal Travel,Eco,862,1,5,1,3,5,1,4,5,5,5,4,5,5,3.77,6,16,FALSE
Female,Disloyal Customer,80,Business Travel,Business,299,2,2,2,3,3,3,4,2,2,2,1,1,4,2.38,8,23,FALSE
Female,Disloyal Customer,38,Business Travel,Eco,402,1,2,0,3,5,0,3,5,1,4,3,3,5,2.69,35,25,FALSE
Male,Loyal Customer,28,Business Travel,Business,483,5,5,5,5,3,3,3,3,3,2,5,4,3,3.77,28,35,TRUE
Male,Loyal Customer,28,Business Travel,Business,789,1,2,3,2,1,1,1,1,1,2,3,4,1,1.77,0,0,FALSE
Male,Loyal Customer,36,Business Travel,Business,390,5,5,5,5,3,4,4,4,4,4,4,3,3,4.08,68,69,TRUE
Male,Loyal Customer,45,Business Travel,Business,2884,2,2,3,2,3,4,4,4,4,4,4,4,3,3.31,0,0,TRUE
Female,Loyal Customer,43,Business Travel,Business,2156,5,5,5,5,2,5,4,5,5,4,5,3,3,4.31,2,0,TRUE
Female,Loyal Customer,31,Business Travel,Eco Plus,975,3,4,4,4,3,3,3,3,1,2,3,1,3,2.85,0,0,FALSE
Male,Loyal Customer,24,Business Travel,Eco Plus,109,1,3,5,3,1,1,2,1,2,2,4,4,1,2.31,7,7,FALSE
Female,Loyal Customer,41,Business Travel,Business,2704,1,1,1,1,4,4,4,4,5,5,4,4,4,3.23,3,0,TRUE
Female,Disloyal Customer,42,Business Travel,Eco,337,2,0,2,4,1,2,1,1,1,2,4,3,1,1.85,18,8,FALSE
Female,Loyal Customer,63,Business Travel,Business,1947,3,5,5,5,1,2,3,3,3,3,3,4,3,3.31,0,0,FALSE
Male,Loyal Customer,40,Business Travel,Business,404,3,3,3,3,2,4,4,4,4,4,4,3,4,3.46,0,0,TRUE
Male,Loyal Customer,40,Business Travel,Business,3776,5,5,5,5,3,4,4,4,4,4,4,3,3,4.08,0,0,TRUE
Male,Loyal Customer,42,Business Travel,Eco,872,4,2,2,2,4,4,4,4,4,2,1,3,4,3.08,37,53,TRUE
Male,Disloyal Customer,53,Personal Travel,Eco,813,3,4,3,3,5,3,5,5,1,5,4,4,5,3.85,0,0,FALSE
Male,Disloyal Customer,28,Business Travel,Business,562,1,1,1,5,3,1,4,3,3,4,5,5,3,3,8,0,FALSE
Male,Loyal Customer,53,Personal Travel,Eco,77,2,5,2,3,1,2,1,1,5,4,4,4,1,2.69,28,31,FALSE
Female,Loyal Customer,24,Business Travel,Business,2763,1,1,1,1,4,4,4,4,5,4,5,4,4,3.23,0,0,TRUE
Female,Disloyal Customer,38,Business Travel,Business,444,2,2,2,4,3,2,3,3,3,4,5,5,3,3.15,0,0,FALSE
Female,Loyal Customer,67,Personal Travel,Eco,590,1,4,1,5,4,5,4,4,4,1,4,3,5,3.46,44,45,FALSE
Male,Loyal Customer,45,Personal Travel,Eco Plus,817,1,3,1,5,5,1,5,5,4,4,5,4,5,3.69,0,0,FALSE
Female,Loyal Customer,36,Personal Travel,Eco,912,2,5,2,3,3,2,3,3,4,4,4,5,3,3.31,0,0,FALSE
Male,Loyal Customer,47,Business Travel,Business,862,5,2,5,5,4,4,5,5,5,5,5,4,5,4.54,14,0,TRUE
Female,Loyal Customer,50,Business Travel,Business,2586,2,3,1,3,3,2,3,2,2,3,2,2,3,2.38,0,0,FALSE
Female,Loyal Customer,45,Business Travel,Business,3293,5,5,5,5,4,5,4,5,5,5,5,3,3,4.54,31,16,TRUE
Female,Disloyal Customer,26,Personal Travel,Eco,1547,2,4,2,2,2,2,2,2,3,5,5,3,3,2.85,15,0,FALSE
Male,Loyal Customer,43,Personal Travel,Eco,152,3,2,3,4,4,3,4,4,4,3,3,2,4,3.31,0,0,FALSE
Female,Disloyal Customer,34,Business Travel,Business,631,1,1,1,5,2,1,2,2,5,4,4,3,2,2.54,0,0,FALSE
Male,Loyal Customer,52,Business Travel,Business,3690,2,4,4,4,3,3,3,2,2,2,2,3,4,2.92,0,0,FALSE
Female,Loyal Customer,31,Business Travel,Business,552,4,4,4,4,5,5,5,5,3,1,1,1,5,3.62,35,34,TRUE
Female,Disloyal Customer,26,Business Travel,Business,925,3,3,3,3,3,3,3,3,2,2,3,1,3,2.69,2,0,FALSE
Male,Loyal Customer,57,Business Travel,Eco,224,5,4,4,4,5,5,5,5,2,5,2,2,5,4.08,13,7,TRUE
Male,Disloyal Customer,37,Business Travel,Eco,414,3,1,3,4,5,3,5,5,3,3,4,1,5,3.46,0,0,FALSE
Female,Loyal Customer,39,Business Travel,Business,3446,3,3,3,3,5,4,5,4,4,4,4,3,3,3.69,0,0,TRUE
Male,Loyal Customer,53,Business Travel,Business,2306,1,5,5,5,5,1,2,1,1,1,1,2,1,2.38,0,0,FALSE
Male,Loyal Customer,50,Business Travel,Business,2522,0,0,0,1,4,4,4,2,2,2,2,4,4,2.23,5,0,TRUE
Female,Disloyal Customer,25,Business Travel,Eco,529,3,0,3,5,1,3,1,1,5,1,2,1,1,2.08,0,0,FALSE
Male,Loyal Customer,43,Personal Travel,Business,551,4,4,4,3,4,4,1,4,4,4,5,4,5,3.85,0,0,FALSE
Male,Loyal Customer,56,Business Travel,Business,1558,1,1,3,1,2,4,4,4,4,4,4,5,5,3.23,33,18,TRUE
Male,Loyal Customer,28,Personal Travel,Eco Plus,2521,4,4,5,1,5,5,5,5,2,5,5,5,5,4.31,6,0,FALSE
Female,Loyal Customer,47,Business Travel,Business,313,1,1,1,1,4,1,1,5,5,5,5,2,1,2.54,0,0,TRUE
Male,Loyal Customer,50,Personal Travel,Eco Plus,1084,1,4,1,4,3,1,3,3,5,5,4,5,3,3.23,0,0,FALSE
Male,Disloyal Customer,36,Business Travel,Business,338,3,3,3,1,3,3,3,3,4,3,4,5,3,3.15,1,0,FALSE
Female,Disloyal Customer,25,Business Travel,Eco,1072,1,1,1,4,4,1,3,4,4,3,3,4,4,2.85,10,0,FALSE
Male,Loyal Customer,29,Personal Travel,Eco,1390,3,4,3,2,1,3,1,1,3,3,5,4,1,2.62,0,0,FALSE
Female,Loyal Customer,38,Business Travel,Business,3062,5,5,5,5,2,1,3,5,5,4,5,2,1,3.69,0,0,TRUE
Female,Loyal Customer,28,Personal Travel,Eco,224,1,4,1,2,5,1,2,5,3,4,5,4,5,3.23,0,0,FALSE
Female,Disloyal Customer,22,Personal Travel,Eco,802,2,4,1,2,3,1,3,3,2,4,3,3,3,2.62,11,0,FALSE
Male,Loyal Customer,8,Personal Travel,Eco,762,3,4,3,3,5,3,5,5,3,2,5,4,5,3.85,10,0,FALSE
Male,Loyal Customer,48,Business Travel,Eco,196,4,1,1,1,4,4,4,4,1,5,4,2,4,3,1,0,FALSE
Female,Loyal Customer,42,Business Travel,Business,1736,1,1,1,1,4,4,4,4,4,4,4,5,4,3.15,0,16,TRUE
Male,Loyal Customer,60,Business Travel,Eco Plus,216,4,5,5,5,3,4,3,3,1,1,5,1,3,3.31,2,4,TRUE
Female,Loyal Customer,55,Personal Travel,Eco,302,1,5,1,3,1,2,2,1,1,1,1,2,2,1.77,63,60,FALSE
Female,Loyal Customer,60,Business Travel,Business,1555,5,5,5,5,5,5,5,3,2,5,5,5,5,4.62,223,212,TRUE
Male,Loyal Customer,52,Business Travel,Business,3309,1,3,3,3,1,3,4,1,1,2,1,1,2,2,0,0,FALSE
Female,Loyal Customer,41,Business Travel,Business,1792,4,4,4,4,2,5,5,4,4,4,4,4,5,4.08,8,3,TRUE
Male,Loyal Customer,29,Business Travel,Eco,1851,3,3,3,3,3,3,3,3,4,1,2,3,3,2.85,0,0,FALSE
Female,Disloyal Customer,21,Business Travel,Business,843,5,0,5,2,5,5,5,5,3,3,5,4,5,4,0,2,TRUE
Male,Loyal Customer,46,Business Travel,Eco,189,2,1,1,1,2,2,2,2,1,4,2,2,2,1.85,12,7,FALSE
Male,Loyal Customer,57,Business Travel,Business,2653,4,4,4,4,3,5,5,4,4,4,4,4,4,4.08,0,0,TRUE
Male,Loyal Customer,66,Personal Travel,Eco,489,1,2,1,4,4,1,4,4,1,2,4,2,4,2.62,79,62,FALSE
Male,Loyal Customer,29,Personal Travel,Eco,361,4,3,4,3,3,4,3,3,4,1,3,2,3,3.08,0,45,TRUE
Male,Loyal Customer,30,Business Travel,Business,1440,1,1,1,1,4,4,4,4,1,5,1,4,4,2.69,54,41,TRUE
Female,Disloyal Customer,46,Business Travel,Business,1062,3,3,3,3,2,3,2,2,4,3,5,4,2,3,0,2,FALSE
Male,Loyal Customer,32,Business Travel,Eco Plus,956,4,5,1,5,4,4,4,4,3,1,2,4,4,3.46,163,155,TRUE
Female,Loyal Customer,51,Business Travel,Business,2800,3,3,3,3,2,5,4,4,4,4,4,3,4,3.54,0,0,TRUE
Male,Loyal Customer,57,Business Travel,Business,1346,3,3,3,3,3,4,4,5,5,5,5,3,5,3.92,5,0,TRUE
Female,Loyal Customer,40,Business Travel,Business,404,2,2,2,2,5,5,4,4,4,4,4,5,3,3.54,0,8,TRUE
Male,Loyal Customer,56,Business Travel,Business,293,0,0,0,1,2,4,4,3,3,3,3,5,4,2.46,4,0,TRUE
Male,Loyal Customer,23,Business Travel,Business,2043,1,0,0,4,1,0,1,1,2,4,3,2,1,1.54,14,7,FALSE
Female,Loyal Customer,25,Business Travel,Eco Plus,627,1,3,3,3,1,1,4,1,1,4,4,4,1,2.38,81,112,FALSE
Female,Loyal Customer,42,Business Travel,Business,907,5,5,5,5,4,5,5,4,4,4,4,5,4,4.54,7,4,TRUE
Female,Loyal Customer,41,Business Travel,Business,1883,1,1,1,1,4,5,4,5,5,5,5,4,4,3.46,31,53,TRUE
Female,Loyal Customer,59,Business Travel,Eco,640,3,5,5,5,5,3,4,3,3,3,3,3,3,3.69,0,0,FALSE
Male,Loyal Customer,15,Business Travel,Business,1917,4,4,4,4,3,3,3,3,3,4,4,5,3,3.62,0,0,TRUE
Female,Loyal Customer,20,Personal Travel,Eco,937,1,3,1,4,1,1,1,1,3,4,3,5,1,2.23,15,9,FALSE
Male,Loyal Customer,36,Business Travel,Business,804,2,2,2,2,4,3,5,4,4,4,4,2,3,3.15,14,0,TRUE
Female,Loyal Customer,53,Personal Travel,Eco,302,4,4,3,1,4,5,5,2,2,3,1,4,5,3.31,0,8,FALSE
Female,Loyal Customer,67,Personal Travel,Eco,209,2,2,2,3,2,2,2,2,2,2,2,1,4,2.15,0,0,FALSE
Male,Loyal Customer,43,Business Travel,Business,2912,1,1,1,1,5,5,3,4,4,4,4,2,4,3,0,0,TRUE
Female,Loyal Customer,31,Personal Travel,Eco,925,2,3,2,4,2,2,2,2,2,3,4,1,2,2.38,46,52,FALSE
Male,Disloyal Customer,24,Business Travel,Eco,1416,5,5,5,4,1,5,1,1,3,4,5,5,1,3.46,0,0,TRUE
Female,Loyal Customer,59,Business Travel,Business,971,3,3,3,3,3,5,5,4,4,4,4,5,3,3.77,115,93,TRUE
Female,Loyal Customer,34,Business Travel,Business,1617,2,2,2,2,2,5,5,5,5,5,5,5,3,3.69,0,0,TRUE
Male,Disloyal Customer,47,Business Travel,Eco,446,1,1,1,4,4,1,5,4,4,1,3,3,4,2.77,4,0,FALSE
Female,Loyal Customer,35,Business Travel,Eco,496,4,1,1,1,4,4,4,4,4,4,3,2,4,3.08,39,34,FALSE
Male,Disloyal Customer,24,Business Travel,Eco,1096,2,1,1,3,2,1,2,2,3,3,4,4,2,2.31,0,0,FALSE
Male,Loyal Customer,44,Business Travel,Business,373,1,1,4,1,4,4,4,3,5,5,5,4,4,3.46,180,182,TRUE
Female,Loyal Customer,15,Personal Travel,Eco,1258,4,5,4,2,2,4,1,2,4,3,4,3,2,3.08,0,6,FALSE
Male,Disloyal Customer,44,Business Travel,Business,417,5,5,5,1,5,5,4,5,4,5,5,5,5,4.54,0,2,TRUE
Female,Loyal Customer,46,Business Travel,Business,3069,1,1,5,1,5,5,3,4,4,5,4,3,1,3.23,0,0,TRUE
Male,Disloyal Customer,37,Business Travel,Business,294,4,5,5,3,1,5,1,1,4,4,4,4,1,3.23,0,0,TRUE
Female,Loyal Customer,43,Personal Travel,Eco,277,4,1,4,3,5,2,3,2,2,4,2,2,2,2.77,0,0,FALSE
Male,Loyal Customer,29,Personal Travel,Eco,610,2,4,2,4,3,2,3,3,2,2,4,4,3,2.92,0,0,FALSE
Female,Loyal Customer,28,Business Travel,Business,2444,2,2,2,2,3,4,3,3,5,2,4,3,3,2.92,0,0,TRUE
Female,Loyal Customer,47,Personal Travel,Eco,804,2,5,2,2,1,2,2,5,5,2,5,2,1,2.77,0,0,FALSE
Female,Loyal Customer,58,Business Travel,Business,1700,5,5,5,5,4,5,5,5,5,5,5,3,3,4.62,6,6,TRUE
Female,Loyal Customer,59,Business Travel,Business,2608,1,3,3,3,5,3,2,1,1,1,1,2,4,2.31,0,0,FALSE
Female,Loyal Customer,54,Business Travel,Eco,250,4,5,5,5,3,3,5,4,4,4,4,5,4,4.23,0,0,TRUE
Male,Loyal Customer,56,Personal Travel,Eco Plus,338,3,4,3,5,4,3,4,4,4,3,5,5,4,3.92,43,44,FALSE
Male,Loyal Customer,67,Personal Travel,Eco,883,5,3,5,3,3,5,3,3,3,5,3,1,3,3.46,12,3,TRUE
Male,Loyal Customer,41,Personal Travel,Eco,1205,2,5,2,4,4,2,4,4,4,1,3,3,4,3.23,0,0,FALSE
Female,Loyal Customer,40,Business Travel,Business,587,5,5,3,5,5,4,4,5,5,5,5,3,5,4.54,6,0,TRUE
Male,Loyal Customer,29,Business Travel,Business,746,2,4,4,4,2,2,2,2,4,5,2,3,2,2.92,0,0,FALSE
Male,Loyal Customer,47,Personal Travel,Eco,1102,3,1,3,3,4,3,4,4,2,4,3,1,4,3,0,0,FALSE
Male,Loyal Customer,43,Business Travel,Business,1325,3,3,3,3,5,5,5,5,5,4,5,2,2,3.85,35,20,TRUE
Female,Loyal Customer,76,Business Travel,Eco,296,2,2,2,2,2,3,3,2,2,2,2,2,1,2.08,48,50,FALSE
Male,Loyal Customer,57,Business Travel,Business,731,5,5,4,5,5,5,4,5,5,5,5,4,5,4.77,0,0,TRUE
Male,Loyal Customer,37,Business Travel,Eco Plus,936,3,5,2,5,3,3,3,3,3,1,3,3,3,3.08,2,10,FALSE
Male,Loyal Customer,41,Business Travel,Eco,1053,3,3,3,3,3,3,3,3,1,3,3,4,3,2.92,2,0,FALSE
Female,Loyal Customer,52,Business Travel,Eco,2370,4,2,2,2,4,4,4,2,3,2,4,4,4,3.15,0,0,FALSE
Female,Disloyal Customer,11,Business Travel,Business,601,5,5,5,4,1,5,1,1,5,5,4,5,1,3.62,0,0,TRUE
Female,Disloyal Customer,21,Business Travel,Eco,237,2,1,1,3,3,1,3,3,3,5,2,4,3,2.62,8,6,FALSE
Female,Disloyal Customer,24,Business Travel,Eco,1129,3,3,3,1,5,3,5,5,4,5,5,5,5,4,0,0,FALSE
Female,Disloyal Customer,62,Business Travel,Eco,1408,2,2,2,3,2,2,3,1,3,2,3,3,3,2.38,2,15,FALSE
Male,Loyal Customer,59,Business Travel,Business,868,1,1,1,1,2,5,4,5,5,5,5,5,4,3.38,0,0,TRUE
Male,Disloyal Customer,27,Business Travel,Eco,849,3,3,3,2,5,3,5,5,3,1,3,1,5,3.23,10,6,FALSE
Male,Loyal Customer,49,Personal Travel,Eco,726,3,2,3,3,5,3,5,5,4,3,3,1,5,3.46,127,128,FALSE
Female,Loyal Customer,21,Business Travel,Business,1464,3,3,3,3,2,2,2,2,3,2,5,3,2,2.69,0,0,TRUE
Female,Loyal Customer,9,Personal Travel,Business,1379,2,4,1,3,2,1,2,2,5,1,1,2,2,2.15,23,17,FALSE
Male,Loyal Customer,53,Business Travel,Business,570,5,5,5,5,3,5,4,3,3,3,3,4,3,3.92,4,6,TRUE
Female,Loyal Customer,35,Business Travel,Eco Plus,463,3,1,3,1,3,3,3,3,4,5,3,2,3,2.85,0,0,FALSE
Female,Loyal Customer,52,Business Travel,Business,1919,4,4,4,4,2,5,4,5,5,5,5,4,3,4.15,0,1,TRUE
Male,Loyal Customer,30,Business Travel,Business,1618,3,3,5,3,5,5,5,5,3,4,4,5,5,4.23,34,38,TRUE
Female,Disloyal Customer,8,Business Travel,Eco,677,3,3,3,3,4,3,4,4,3,3,3,2,4,3.23,0,1,FALSE
Female,Loyal Customer,31,Personal Travel,Eco,1096,3,4,3,4,3,3,3,3,4,1,3,1,3,2.92,1,0,FALSE
Female,Loyal Customer,25,Personal Travel,Eco,954,3,5,3,5,1,3,2,1,5,3,4,5,1,3.15,1,11,FALSE
Male,Loyal Customer,36,Business Travel,Business,332,0,0,0,1,2,2,1,2,2,2,2,3,5,1.69,0,0,TRUE
Female,Loyal Customer,24,Personal Travel,Eco,622,2,5,2,2,4,2,4,4,4,4,4,4,4,3.46,0,0,FALSE
Female,Loyal Customer,39,Personal Travel,Eco,711,2,5,2,4,2,2,2,2,3,3,1,5,2,2.69,0,0,FALSE
Female,Loyal Customer,33,Business Travel,Business,599,2,2,2,2,4,1,1,3,3,3,3,3,5,2.62,53,51,TRUE
Male,Disloyal Customer,38,Business Travel,Eco,858,1,1,1,1,1,1,1,1,4,5,5,4,1,2.08,0,0,FALSE
Male,Loyal Customer,41,Business Travel,Business,2079,2,2,2,2,3,5,5,5,5,5,5,4,4,3.77,0,3,TRUE
Male,Loyal Customer,30,Business Travel,Business,1839,2,1,1,1,2,2,2,2,3,2,3,2,2,1.92,0,2,FALSE
Female,Loyal Customer,40,Personal Travel,Eco,581,4,4,4,3,4,4,5,4,4,2,5,4,4,3.92,0,0,FALSE
Male,Loyal Customer,55,Personal Travel,Eco,733,4,5,4,2,5,4,5,5,3,3,4,5,5,4.15,4,1,FALSE
Male,Loyal Customer,9,Personal Travel,Eco Plus,195,3,3,3,4,4,3,4,4,3,5,4,4,4,3.69,0,0,FALSE
Female,Loyal Customer,28,Business Travel,Eco Plus,908,5,3,5,3,5,5,5,5,5,2,4,4,5,4.31,0,0,TRUE
Female,Loyal Customer,46,Business Travel,Business,1517,5,5,5,5,2,5,5,4,4,4,4,4,4,4.31,2,0,TRUE
Female,Loyal Customer,56,Business Travel,Business,1849,1,1,1,1,3,5,5,5,5,5,5,3,4,3.38,11,0,TRUE
Female,Loyal Customer,38,Personal Travel,Eco Plus,2079,3,2,3,3,4,3,4,4,3,5,4,1,4,3.31,0,22,FALSE
Male,Loyal Customer,40,Business Travel,Business,3365,2,2,2,2,5,5,5,3,3,4,3,3,3,3.23,0,0,TRUE
Male,Loyal Customer,56,Business Travel,Business,1784,4,4,4,4,1,3,3,4,4,3,4,3,2,3.31,0,0,FALSE
Female,Loyal Customer,70,Personal Travel,Eco,395,2,5,2,1,5,3,2,1,1,2,1,5,5,2.69,13,5,FALSE
Male,Loyal Customer,31,Business Travel,Business,1874,3,3,3,3,5,5,5,5,4,5,4,4,5,4.15,19,20,TRUE
Female,Loyal Customer,52,Personal Travel,Eco Plus,1189,3,4,2,3,4,3,4,1,1,2,1,3,5,2.77,26,15,FALSE
Female,Loyal Customer,62,Business Travel,Business,3486,2,4,4,4,3,3,3,2,2,3,2,1,4,2.85,12,9,FALSE
Male,Loyal Customer,71,Business Travel,Eco,271,4,3,3,3,4,4,4,4,1,1,3,4,4,3.23,23,6,FALSE
Male,Loyal Customer,35,Personal Travel,Eco,1844,2,4,2,4,1,2,1,1,3,2,3,3,1,2.23,29,11,FALSE
Male,Loyal Customer,46,Business Travel,Business,779,4,5,5,5,2,3,4,4,4,4,4,2,3,3.77,5,14,FALSE
Male,Loyal Customer,72,Business Travel,Business,3196,2,5,5,5,1,4,4,2,2,2,2,1,4,3,4,3,FALSE
Male,Loyal Customer,54,Business Travel,Business,1620,2,2,2,2,3,4,5,4,4,4,4,4,5,3.46,0,0,TRUE
Male,Loyal Customer,44,Business Travel,Business,1913,5,5,5,5,5,5,5,4,4,5,5,3,4,4.62,0,14,TRUE
Male,Loyal Customer,60,Business Travel,Business,3849,2,2,2,2,4,5,4,5,5,5,5,4,4,3.77,0,0,TRUE
Male,Loyal Customer,16,Personal Travel,Eco,590,4,5,4,2,3,4,3,3,1,4,2,3,3,3.15,0,0,FALSE
Male,Loyal Customer,24,Personal Travel,Business,931,4,4,4,5,2,4,2,2,5,4,5,4,2,3.62,0,42,FALSE
Male,Loyal Customer,16,Business Travel,Eco Plus,307,2,2,2,2,2,2,2,2,4,2,4,3,2,2.38,9,9,FALSE
Female,Loyal Customer,49,Personal Travel,Eco,89,4,3,4,4,1,4,4,3,3,4,3,1,3,3.15,22,13,FALSE
Male,Loyal Customer,14,Personal Travel,Eco,937,1,2,1,3,5,1,5,5,2,4,3,3,5,3.08,0,0,FALSE
Female,Disloyal Customer,22,Business Travel,Business,2565,2,2,2,4,5,2,5,5,2,5,3,4,5,3.54,0,0,FALSE
Male,Loyal Customer,33,Personal Travel,Eco,1011,4,5,4,5,4,4,4,4,1,3,4,1,4,3.62,67,63,TRUE
Female,Loyal Customer,48,Personal Travel,Eco,2161,4,5,3,3,4,5,4,3,3,3,5,4,4,3.85,0,0,TRUE
Female,Loyal Customer,41,Personal Travel,Eco Plus,262,3,1,0,2,4,2,3,2,2,0,2,1,2,1.85,0,0,FALSE
Male,Disloyal Customer,28,Business Travel,Business,1635,4,5,5,1,4,5,4,4,5,5,5,3,4,4.15,0,0,FALSE
Female,Loyal Customer,20,Personal Travel,Eco,672,2,3,2,3,1,2,1,1,3,3,4,3,1,2.23,0,0,FALSE
Male,Loyal Customer,60,Business Travel,Business,200,5,5,5,5,3,5,4,5,5,4,4,5,4,4.54,0,0,TRUE
Female,Disloyal Customer,33,Business Travel,Business,399,2,2,2,1,5,2,5,5,5,5,5,4,5,3.69,0,0,FALSE
Male,Loyal Customer,37,Business Travel,Business,1645,2,1,1,1,3,4,3,3,3,3,2,2,2,2.31,19,37,FALSE
Male,Loyal Customer,22,Personal Travel,Eco,359,1,2,1,4,2,1,3,2,3,2,3,1,2,2.08,0,0,FALSE
Male,Loyal Customer,49,Business Travel,Eco,371,5,2,3,3,3,5,3,3,2,4,1,2,3,3,34,30,TRUE
Male,Loyal Customer,34,Business Travel,Business,3755,5,5,1,5,2,2,1,4,4,4,4,4,3,3.38,0,0,TRUE
Female,Disloyal Customer,37,Business Travel,Eco,355,1,5,0,2,3,0,3,3,2,5,2,1,3,2.31,0,0,FALSE
Male,Loyal Customer,52,Business Travel,Business,3392,1,1,1,1,4,4,4,3,3,3,3,5,3,2.77,5,1,TRUE
Male,Loyal Customer,64,Personal Travel,Eco,666,5,4,5,3,2,5,2,2,1,2,4,1,2,2.92,0,0,TRUE
Female,Loyal Customer,21,Personal Travel,Eco,308,4,3,4,3,5,4,3,5,2,2,3,1,5,3.38,0,0,FALSE
Female,Loyal Customer,26,Personal Travel,Eco,733,3,2,3,4,2,3,2,2,3,1,4,4,2,2.69,25,16,FALSE
Male,Disloyal Customer,23,Business Travel,Eco,550,3,2,3,4,3,3,3,3,3,2,3,3,3,2.92,104,110,FALSE
Male,Loyal Customer,15,Personal Travel,Eco,901,5,3,5,4,1,5,1,1,4,1,3,3,1,2.85,0,0,TRUE
Male,Loyal Customer,27,Business Travel,Business,1372,1,1,4,1,5,5,5,5,5,4,4,4,5,3.77,2,0,TRUE
Female,Loyal Customer,40,Business Travel,Business,448,1,1,1,1,4,2,5,4,4,4,4,1,4,2.77,0,9,TRUE
Female,Loyal Customer,26,Personal Travel,Business,399,1,4,1,2,2,1,4,2,3,4,4,4,2,2.62,10,36,FALSE
Female,Loyal Customer,57,Personal Travel,Eco,192,3,5,3,1,2,1,4,1,1,3,1,1,3,2.23,21,15,FALSE
Female,Loyal Customer,30,Business Travel,Business,541,2,2,2,2,2,2,2,2,4,4,4,4,2,2.62,0,12,FALSE
Male,Loyal Customer,57,Business Travel,Business,1197,1,1,1,1,5,5,5,4,4,4,4,3,5,3.31,0,0,TRUE
Male,Loyal Customer,26,Personal Travel,Business,853,3,5,2,4,2,2,5,2,5,5,4,5,2,3.54,39,49,FALSE
Female,Loyal Customer,22,Personal Travel,Business,209,2,1,2,1,1,2,3,1,3,3,2,4,1,2,4,1,FALSE
Male,Loyal Customer,42,Personal Travel,Eco,602,2,4,2,2,4,2,4,4,3,2,1,4,4,2.92,7,1,FALSE
Female,Disloyal Customer,25,Business Travel,Business,541,5,4,5,1,4,5,4,4,3,3,5,4,4,3.92,0,0,TRUE
Female,Loyal Customer,20,Personal Travel,Eco,429,2,3,2,2,4,2,4,4,1,5,5,1,4,3,22,18,FALSE
Female,Loyal Customer,34,Business Travel,Business,502,5,5,5,5,5,5,4,3,3,4,3,5,5,4.38,36,12,TRUE
Female,Loyal Customer,43,Personal Travel,Eco,423,1,3,1,4,5,5,1,4,4,1,4,5,5,3.31,0,6,FALSE
Female,Loyal Customer,60,Business Travel,Business,2005,3,2,3,3,5,4,5,4,4,4,4,3,3,3.62,0,0,TRUE
Male,Disloyal Customer,21,Business Travel,Eco,759,2,2,2,5,3,2,3,3,3,2,4,4,3,2.92,0,0,FALSE
Male,Loyal Customer,42,Business Travel,Eco,2454,2,4,2,4,2,2,2,2,3,3,1,2,2,2.38,0,0,FALSE
Male,Loyal Customer,30,Business Travel,Business,2586,4,4,4,4,4,4,4,4,1,3,1,3,4,3.38,0,2,TRUE
Male,Loyal Customer,54,Personal Travel,Eco,447,3,5,3,1,4,3,4,4,2,2,1,2,4,2.92,0,0,FALSE
Female,Loyal Customer,17,Personal Travel,Eco,1068,1,4,1,1,4,1,4,4,3,4,3,2,4,2.77,0,0,FALSE
Male,Loyal Customer,59,Business Travel,Business,2148,1,1,1,1,3,5,4,4,4,4,4,3,4,3,3,0,TRUE
Female,Loyal Customer,21,Business Travel,Business,3340,4,4,4,4,4,4,4,4,5,4,4,3,4,4,0,0,TRUE
Male,Loyal Customer,44,Business Travel,Business,3752,2,2,4,2,3,4,4,4,4,4,4,5,4,3.54,0,0,TRUE
Female,Loyal Customer,50,Business Travel,Eco,1069,4,2,3,2,2,4,4,4,4,4,4,1,1,3,0,0,TRUE
Female,Loyal Customer,61,Personal Travel,Eco,1844,2,4,2,2,3,5,5,2,2,2,2,3,3,2.85,4,0,FALSE
Male,Loyal Customer,59,Personal Travel,Eco Plus,1133,2,4,2,3,5,2,4,5,3,3,5,4,5,3.62,6,0,FALSE
Female,Disloyal Customer,27,Business Travel,Eco,877,4,4,4,4,4,4,4,4,3,5,3,3,4,3.85,0,0,FALSE
Female,Disloyal Customer,18,Business Travel,Eco,130,1,2,1,4,4,1,3,4,1,3,3,4,4,2.69,34,44,FALSE
Male,Loyal Customer,38,Business Travel,Business,834,4,1,1,1,1,4,4,4,4,3,4,2,1,2.62,0,24,FALSE
Male,Loyal Customer,13,Personal Travel,Eco Plus,651,3,1,3,2,5,3,5,5,3,1,1,4,5,3.15,14,10,FALSE
Male,Loyal Customer,25,Business Travel,Business,3327,2,4,4,4,2,2,2,2,4,4,3,2,2,2.85,12,24,FALSE
Male,Disloyal Customer,16,Business Travel,Eco,781,3,3,3,5,3,3,3,3,5,2,5,3,3,3.38,4,3,FALSE
Female,Loyal Customer,72,Business Travel,Business,500,2,3,3,3,3,4,4,2,2,2,2,1,2,2.54,0,0,FALSE
Female,Loyal Customer,48,Personal Travel,Eco,1034,2,5,2,5,5,1,4,1,1,2,1,1,4,2.62,0,19,FALSE
Male,Loyal Customer,48,Business Travel,Business,1250,1,1,1,1,3,5,1,4,4,5,4,5,1,2.77,51,57,TRUE
Female,Loyal Customer,18,Business Travel,Business,1670,3,3,3,3,5,5,5,5,4,5,4,1,5,3.92,0,0,TRUE
Male,Loyal Customer,26,Business Travel,Eco,1674,4,3,3,3,5,4,4,4,3,4,4,4,4,3.77,332,321,TRUE
Male,Disloyal Customer,26,Business Travel,Business,449,2,0,2,4,1,2,1,1,4,4,4,3,1,2.23,1,0,FALSE
Female,Loyal Customer,65,Personal Travel,Eco,546,4,4,4,4,5,3,1,2,2,4,2,3,3,3.15,0,0,FALSE
Female,Loyal Customer,63,Personal Travel,Eco,86,2,4,0,2,2,5,4,5,5,0,3,4,5,3.15,0,0,FALSE
Male,Disloyal Customer,9,Business Travel,Business,946,5,0,5,3,4,0,4,4,3,4,5,4,4,3.46,3,0,TRUE
Female,Loyal Customer,8,Personal Travel,Eco,1076,2,4,2,4,4,2,4,4,5,3,4,5,4,3.62,47,27,FALSE
Male,Loyal Customer,51,Business Travel,Business,1620,1,4,4,4,2,2,3,1,1,1,1,4,4,2.46,0,0,FALSE
Female,Loyal Customer,30,Business Travel,Business,1900,1,1,1,1,4,4,4,4,5,5,4,4,4,3.23,8,3,TRUE
Female,Disloyal Customer,26,Business Travel,Eco,114,3,4,3,3,3,3,3,3,3,2,4,4,3,3.15,0,0,FALSE
Male,Loyal Customer,57,Business Travel,Business,2757,3,4,4,4,5,3,4,3,3,3,3,4,4,3.62,5,0,FALSE
Male,Loyal Customer,44,Business Travel,Business,3288,3,3,3,3,5,5,5,4,4,4,4,1,4,3.69,0,0,TRUE
Female,Disloyal Customer,18,Business Travel,Eco,639,1,0,1,4,2,1,2,2,4,3,4,2,2,2.15,4,14,FALSE
Female,Disloyal Customer,40,Business Travel,Business,183,2,2,2,2,4,2,3,4,4,4,1,3,4,2.85,0,0,FALSE
Female,Loyal Customer,30,Personal Travel,Eco,332,1,5,1,4,2,1,2,2,3,2,5,5,2,2.69,0,0,FALSE
Male,Loyal Customer,54,Business Travel,Business,1096,4,4,3,4,5,5,4,4,4,4,4,5,5,4.23,0,12,TRUE
Female,Loyal Customer,41,Business Travel,Business,3715,3,3,3,3,2,4,5,5,5,5,5,4,3,3.85,36,32,TRUE
Male,Loyal Customer,19,Personal Travel,Eco,1222,3,3,3,3,1,3,1,1,4,3,4,1,1,2.38,5,0,FALSE
Female,Loyal Customer,19,Personal Travel,Eco,169,4,4,4,4,3,4,3,3,4,3,5,5,3,3.77,0,0,FALSE
Female,Loyal Customer,55,Personal Travel,Eco,164,3,4,3,4,3,4,4,4,4,3,4,1,3,3.38,0,0,FALSE
Male,Loyal Customer,53,Business Travel,Business,239,4,4,4,4,3,4,5,5,5,5,5,4,4,4.31,0,0,TRUE
Male,Loyal Customer,60,Business Travel,Business,2273,3,3,3,3,1,4,4,3,3,3,3,3,2,2.92,22,25,FALSE
Male,Disloyal Customer,34,Business Travel,Business,1046,1,1,1,2,2,1,2,2,4,2,5,4,2,2.23,0,0,FALSE
Male,Disloyal Customer,36,Business Travel,Eco,669,3,3,3,2,1,3,1,1,4,3,5,5,1,2.69,0,0,FALSE
Male,Loyal Customer,38,Business Travel,Eco,1597,1,5,5,5,1,2,1,1,2,2,2,4,1,2.46,0,0,FALSE
Male,Loyal Customer,46,Business Travel,Business,1660,3,3,3,3,3,3,5,5,5,5,5,5,4,4,0,0,TRUE
Female,Disloyal Customer,27,Business Travel,Eco,472,3,2,3,3,1,3,1,1,3,5,3,2,1,2.38,19,51,FALSE
Female,Loyal Customer,57,Personal Travel,Eco,2504,3,4,3,2,5,3,5,3,3,3,3,4,4,3.46,0,0,FALSE
Female,Loyal Customer,60,Business Travel,Eco,1754,2,4,4,4,1,2,3,2,2,2,2,1,4,2.54,0,0,FALSE
Female,Loyal Customer,31,Business Travel,Eco,271,4,4,2,4,4,4,4,4,4,3,3,1,4,3.46,100,91,FALSE
Male,Loyal Customer,34,Personal Travel,Eco,689,3,4,3,3,2,3,2,2,1,5,2,1,2,2.54,5,0,FALSE
Female,Loyal Customer,27,Personal Travel,Eco,1182,3,1,3,4,3,3,3,3,3,1,2,2,3,2.62,0,0,FALSE
Female,Loyal Customer,44,Business Travel,Business,214,4,5,5,5,1,4,0,4,4,3,3,0,0,2.92,200,233,FALSE
Male,Loyal Customer,48,Personal Travel,Eco,214,3,5,3,3,1,3,1,1,3,2,5,5,1,2.77,7,0,FALSE
Female,Loyal Customer,68,Personal Travel,Eco,134,5,4,5,2,4,5,5,5,5,5,5,5,4,4.54,0,0,TRUE
Male,Loyal Customer,49,Business Travel,Business,646,3,3,3,3,2,4,4,4,4,4,4,5,5,3.69,0,0,TRUE
Female,Loyal Customer,51,Business Travel,Business,1773,5,2,5,5,2,3,5,4,4,3,4,5,5,4,4,8,TRUE
Male,Loyal Customer,50,Personal Travel,Eco,731,3,2,3,2,1,3,1,1,3,3,3,3,1,2.23,0,0,FALSE
Female,Loyal Customer,16,Personal Travel,Eco,532,3,5,3,4,2,3,2,2,3,5,4,5,2,3.31,0,0,FALSE
Female,Loyal Customer,22,Business Travel,Eco,771,0,4,0,3,3,0,3,3,5,3,5,4,3,2.77,0,2,TRUE
Female,Disloyal Customer,27,Business Travel,Business,577,5,5,5,2,2,5,2,2,5,5,4,3,2,3.62,2,0,TRUE
Male,Loyal Customer,66,Personal Travel,Eco Plus,2402,3,5,3,4,5,3,5,5,3,4,4,3,5,4,0,0,FALSE
Female,Loyal Customer,23,Business Travel,Eco,670,4,1,1,1,4,3,2,4,3,1,1,1,4,2.31,15,20,FALSE
Female,Loyal Customer,29,Personal Travel,Eco,2425,4,5,4,3,5,4,5,5,3,2,3,5,5,4.08,0,0,FALSE
Male,Loyal Customer,41,Business Travel,Business,861,3,3,3,3,5,5,5,5,4,4,5,5,5,4.23,133,123,TRUE
Male,Loyal Customer,25,Personal Travel,Eco Plus,1774,4,5,4,3,1,4,1,1,4,3,4,4,1,3,0,0,FALSE
Female,Loyal Customer,68,Personal Travel,Eco,825,3,4,3,4,5,4,4,1,1,3,1,3,3,3,14,12,FALSE
Male,Loyal Customer,64,Business Travel,Business,693,1,1,1,1,1,4,3,1,1,1,1,3,2,1.62,0,0,FALSE
Male,Disloyal Customer,40,Business Travel,Eco,425,2,1,2,4,4,2,4,4,4,3,4,2,4,3.08,74,68,FALSE
Female,Loyal Customer,55,Personal Travel,Eco,109,2,5,2,4,4,5,5,2,2,2,4,1,2,3.08,0,0,FALSE
Male,Disloyal Customer,34,Business Travel,Business,543,3,3,3,1,1,3,1,1,5,5,5,5,1,2.85,36,26,FALSE
Female,Disloyal Customer,23,Business Travel,Eco,1065,4,4,4,3,5,4,5,5,4,2,3,3,5,3.92,7,0,FALSE
Female,Disloyal Customer,26,Business Travel,Business,767,1,5,1,4,1,1,1,1,5,2,5,5,1,2.54,8,15,FALSE
Male,Disloyal Customer,24,Business Travel,Eco,1064,2,1,1,4,3,1,3,3,3,2,4,3,3,2.54,0,14,FALSE
Male,Loyal Customer,12,Personal Travel,Eco,373,2,3,2,2,3,2,3,3,4,4,4,2,3,2.85,1,0,FALSE
Male,Loyal Customer,59,Business Travel,Business,3262,4,4,4,4,4,5,4,4,4,4,4,5,3,4.08,2,11,TRUE
Male,Loyal Customer,52,Business Travel,Business,473,5,5,5,5,4,4,5,4,4,4,4,3,5,4.38,0,0,TRUE
Male,Disloyal Customer,34,Business Travel,Eco,447,2,0,2,4,1,2,1,1,2,2,2,4,1,1.85,0,0,FALSE
Male,Disloyal Customer,22,Business Travel,Eco,667,1,4,1,4,1,1,1,1,3,4,4,3,1,2.23,0,0,FALSE
Male,Loyal Customer,30,Business Travel,Business,2391,3,3,3,3,3,3,3,3,4,3,3,2,3,3,0,0,FALSE
Male,Loyal Customer,28,Personal Travel,Eco,197,4,5,0,2,5,0,5,5,4,5,4,5,5,3.77,19,11,FALSE
Female,Loyal Customer,51,Personal Travel,Business,424,4,3,4,3,4,4,3,4,4,4,4,4,2,3.62,21,34,FALSE
Male,Disloyal Customer,23,Business Travel,Eco,655,3,5,3,1,2,3,2,2,4,2,4,4,2,2.85,5,10,FALSE
Male,Loyal Customer,44,Business Travel,Business,2023,5,5,5,5,2,4,5,4,4,4,4,3,4,4.15,0,0,TRUE
Male,Loyal Customer,58,Business Travel,Business,431,1,1,1,1,3,4,4,4,4,4,4,3,3,2.85,2,12,TRUE
Female,Loyal Customer,41,Business Travel,Business,3496,3,3,3,3,2,4,4,5,5,5,5,3,5,3.85,35,20,TRUE
Male,Loyal Customer,24,Business Travel,Business,2753,1,1,3,1,4,4,4,4,5,2,5,5,4,3.31,0,0,TRUE
Male,Loyal Customer,52,Personal Travel,Eco,1102,2,3,2,4,2,4,4,1,2,4,3,4,4,3,103,137,FALSE
Male,Disloyal Customer,36,Business Travel,Eco,391,2,3,2,3,2,2,2,2,5,5,4,4,2,2.92,0,0,FALSE
Female,Loyal Customer,42,Business Travel,Business,3996,2,3,3,3,2,4,3,2,2,2,2,1,2,2.38,0,0,FALSE
Male,Loyal Customer,50,Business Travel,Business,1576,5,5,5,5,4,3,3,3,3,3,3,4,3,3.77,0,0,TRUE
Female,Loyal Customer,52,Personal Travel,Eco Plus,1250,4,5,3,1,2,5,5,2,2,3,2,5,5,3.38,22,34,FALSE
Female,Loyal Customer,35,Personal Travel,Eco,946,1,5,0,2,5,0,5,5,2,4,4,1,5,3,0,0,FALSE
Male,Loyal Customer,51,Business Travel,Business,3276,1,1,1,1,2,5,5,3,3,4,3,5,5,3,0,0,TRUE
Male,Loyal Customer,53,Business Travel,Business,2149,4,3,4,4,3,4,5,4,4,4,4,4,3,3.85,0,0,TRUE
Female,Loyal Customer,31,Personal Travel,Eco Plus,265,3,4,0,3,1,0,1,1,1,1,3,1,1,1.54,76,129,FALSE
Female,Loyal Customer,56,Personal Travel,Eco,197,2,4,0,5,2,4,5,3,3,0,3,3,4,2.92,0,0,FALSE
Male,Disloyal Customer,28,Business Travel,Eco,605,3,3,4,3,1,4,1,1,2,3,3,2,1,2.38,0,0,FALSE
Male,Loyal Customer,46,Personal Travel,Eco,862,3,5,3,3,4,3,4,4,2,4,1,2,4,3.23,1,0,FALSE
Female,Disloyal Customer,34,Business Travel,Eco,590,1,4,1,2,3,1,3,3,3,3,2,3,3,2.46,0,6,FALSE
Male,Loyal Customer,38,Personal Travel,Eco,909,3,4,3,1,3,3,3,3,2,5,2,2,3,2.85,0,0,FALSE
Male,Loyal Customer,36,Business Travel,Business,2329,4,1,2,1,4,4,4,4,1,4,4,4,4,3.15,0,13,FALSE
Female,Loyal Customer,58,Personal Travel,Eco,725,1,4,1,3,4,4,4,5,5,1,5,4,3,3.38,0,0,FALSE
Female,Disloyal Customer,23,Business Travel,Eco,1360,5,4,4,3,5,5,5,5,3,3,5,3,5,4.23,35,15,TRUE
Female,Loyal Customer,56,Personal Travel,Eco,296,4,4,4,3,2,4,5,5,5,4,5,4,3,4,23,13,FALSE
Male,Loyal Customer,35,Business Travel,Eco,2556,5,5,5,5,5,5,5,5,4,2,4,1,5,4.31,0,0,TRUE
Female,Loyal Customer,23,Business Travel,Business,3679,2,2,2,2,4,4,4,4,5,4,4,3,4,3.38,23,10,TRUE
Female,Loyal Customer,42,Business Travel,Eco,984,4,3,3,3,4,5,5,4,4,4,4,5,1,3.77,56,53,TRUE
Male,Disloyal Customer,11,Business Travel,Business,986,1,4,1,4,4,1,2,4,1,5,3,3,4,2.85,0,9,FALSE
Female,Loyal Customer,54,Personal Travel,Eco Plus,109,3,5,3,3,2,4,4,1,1,3,1,1,5,2.77,0,0,FALSE
Male,Loyal Customer,18,Personal Travel,Business,948,3,3,3,3,4,3,4,4,4,3,1,3,4,3.23,0,11,FALSE
Male,Loyal Customer,30,Business Travel,Business,547,3,3,3,3,4,4,4,4,5,3,5,4,4,3.77,0,0,TRUE
Male,Disloyal Customer,25,Business Travel,Business,993,1,0,1,1,3,1,3,3,3,4,5,5,3,2.54,0,0,FALSE
Female,Loyal Customer,52,Business Travel,Eco,674,4,2,2,2,1,5,1,4,4,4,4,4,1,2.92,33,25,TRUE
Female,Loyal Customer,41,Business Travel,Business,2677,1,5,1,1,5,4,4,1,4,3,5,4,4,3.23,4,0,TRUE
Male,Loyal Customer,39,Business Travel,Business,2503,2,2,2,2,5,5,4,3,3,3,3,5,3,3.23,10,0,TRUE
Female,Loyal Customer,37,Business Travel,Business,3484,2,4,4,4,4,3,4,2,2,2,2,3,3,3,0,4,FALSE
Female,Disloyal Customer,21,Business Travel,Eco,366,1,1,1,4,5,1,1,5,3,1,4,2,5,2.62,0,0,FALSE
Female,Disloyal Customer,27,Business Travel,Eco,217,2,3,2,4,2,2,3,2,1,3,4,1,2,2.38,0,0,FALSE
Female,Loyal Customer,38,Personal Travel,Eco,1514,2,3,2,4,5,2,5,5,4,5,3,4,5,3.77,2,23,FALSE
Female,Loyal Customer,36,Business Travel,Business,387,3,3,3,3,1,1,4,5,5,5,5,4,5,3.62,0,0,TRUE
Male,Loyal Customer,62,Personal Travel,Eco,802,1,4,1,3,2,1,3,2,2,4,5,4,2,2.62,0,17,FALSE
Male,Loyal Customer,32,Business Travel,Business,1552,2,4,4,4,2,2,2,3,2,2,1,2,2,2.46,108,176,FALSE
Male,Loyal Customer,16,Personal Travel,Business,944,3,4,3,4,1,3,1,1,4,5,4,3,1,2.85,0,6,FALSE
Male,Loyal Customer,48,Business Travel,Business,592,2,5,5,5,4,4,4,2,2,2,2,1,4,3.23,0,0,FALSE
Female,Loyal Customer,35,Business Travel,Business,2897,3,3,4,3,5,5,5,5,5,5,5,3,3,4.15,1,0,TRUE
Female,Loyal Customer,40,Business Travel,Business,1237,3,3,3,3,2,4,5,3,3,4,3,4,4,3.38,0,0,TRUE
Male,Loyal Customer,56,Personal Travel,Business,189,1,5,1,2,5,4,4,2,2,1,4,5,5,3.15,26,15,FALSE
Male,Loyal Customer,32,Business Travel,Business,2916,4,4,4,4,4,4,4,4,3,5,4,4,4,4,0,0,TRUE
Female,Loyal Customer,31,Business Travel,Business,1754,1,3,3,3,1,1,1,1,4,3,2,2,1,2,0,0,FALSE
Male,Loyal Customer,54,Business Travel,Business,507,1,1,1,1,5,5,4,4,4,5,4,2,2,3,0,0,TRUE
Female,Loyal Customer,32,Personal Travel,Eco,1428,1,5,1,1,5,1,5,5,4,2,3,4,5,3.23,11,5,FALSE
Female,Loyal Customer,52,Business Travel,Eco Plus,782,5,1,1,1,1,2,4,4,4,5,4,2,3,2.85,24,17,TRUE
Female,Loyal Customer,19,Personal Travel,Eco,926,2,1,2,3,2,2,2,2,4,3,3,1,2,2.23,0,0,FALSE
Male,Disloyal Customer,34,Business Travel,Eco,438,1,2,1,4,4,1,4,4,1,5,4,4,4,3,91,77,FALSE
Male,Loyal Customer,22,Business Travel,Business,2446,5,5,2,5,5,4,4,4,2,4,5,4,4,4.08,0,0,TRUE
Female,Loyal Customer,69,Business Travel,Business,2221,3,4,4,4,2,4,4,3,3,3,3,4,4,3.46,14,17,FALSE
Female,Loyal Customer,40,Business Travel,Business,3052,1,1,1,1,3,4,4,5,5,5,5,5,3,3.31,9,8,TRUE
Male,Loyal Customer,42,Business Travel,Business,3311,1,1,1,1,2,1,1,1,1,1,1,1,3,1.23,0,7,FALSE
Male,Disloyal Customer,16,Business Travel,Eco,507,4,0,4,1,3,4,3,3,4,4,5,4,3,3.23,0,0,FALSE
Female,Loyal Customer,61,Personal Travel,Eco,391,2,4,2,5,5,5,5,4,4,2,4,3,4,3.77,0,27,FALSE
Female,Loyal Customer,7,Personal Travel,Eco,309,2,5,2,3,3,2,3,3,3,2,4,1,3,2.77,58,71,FALSE
Male,Loyal Customer,46,Business Travel,Business,2500,3,3,3,3,4,5,5,5,5,5,5,5,5,4.31,0,0,TRUE
Male,Loyal Customer,41,Business Travel,Business,442,1,1,1,1,2,4,4,3,3,3,3,5,3,2.62,8,7,TRUE
Male,Loyal Customer,77,Business Travel,Business,1621,4,1,1,1,5,3,3,4,4,4,4,3,2,3,0,0,FALSE
Female,Loyal Customer,50,Personal Travel,Eco,315,3,4,3,3,4,5,5,5,5,3,5,5,4,4.15,54,87,FALSE
Female,Loyal Customer,38,Business Travel,Business,109,1,1,1,1,1,3,3,5,5,5,5,5,2,2.92,0,0,TRUE
Male,Loyal Customer,41,Personal Travel,Eco,834,5,1,5,1,5,5,5,5,4,4,1,3,5,3.77,0,0,TRUE
Female,Loyal Customer,13,Personal Travel,Eco,1747,2,2,1,2,2,1,2,2,1,4,1,2,2,1.85,23,3,FALSE
Female,Loyal Customer,38,Business Travel,Eco,248,3,3,3,3,3,3,3,3,1,1,4,1,3,2.62,9,9,FALSE
Male,Loyal Customer,43,Personal Travel,Eco,612,3,2,3,4,4,3,4,4,2,5,4,3,4,3.46,16,2,FALSE
Female,Disloyal Customer,24,Business Travel,Eco,373,4,0,4,4,3,4,1,3,2,1,1,4,3,2.62,0,0,TRUE
Female,Loyal Customer,50,Business Travel,Business,406,4,4,4,4,3,4,4,4,4,4,4,4,4,3.92,15,0,TRUE
Male,Loyal Customer,59,Business Travel,Business,2988,4,4,4,4,3,4,5,4,4,4,4,5,4,4.08,0,0,TRUE
Female,Loyal Customer,46,Business Travel,Business,1646,1,1,1,1,5,5,4,3,3,3,3,4,5,3,0,0,TRUE
Female,Loyal Customer,53,Business Travel,Business,473,3,3,3,3,4,5,5,4,4,4,4,3,3,3.69,0,0,TRUE
Male,Loyal Customer,37,Personal Travel,Eco,541,2,4,2,3,2,2,2,2,4,3,4,3,2,2.69,0,9,FALSE
Male,Loyal Customer,40,Business Travel,Business,2246,4,4,4,4,3,4,5,5,5,5,5,5,5,4.46,0,15,TRUE
Female,Disloyal Customer,21,Business Travel,Business,889,3,3,3,4,5,3,4,5,4,4,4,2,5,3.77,29,20,FALSE
Female,Loyal Customer,36,Personal Travel,Eco,862,2,3,2,3,2,2,3,2,2,2,3,1,2,2.23,65,49,FALSE
Female,Disloyal Customer,25,Business Travel,Business,1671,3,0,3,2,2,3,2,2,3,2,5,4,2,2.54,61,52,FALSE
Female,Loyal Customer,43,Business Travel,Eco Plus,73,2,3,3,3,2,3,4,3,3,2,3,2,4,2.85,0,0,FALSE
Male,Disloyal Customer,36,Business Travel,Eco,297,1,4,1,3,1,4,4,3,2,4,3,4,4,2.92,447,433,FALSE
Female,Disloyal Customer,27,Business Travel,Eco,266,1,0,1,4,1,1,4,1,2,3,3,2,1,1.85,1,20,FALSE
Female,Loyal Customer,53,Business Travel,Business,2133,3,5,3,3,3,5,4,4,4,4,4,5,3,3.85,2,0,TRUE
Male,Loyal Customer,45,Personal Travel,Eco,221,4,1,4,2,2,4,2,2,2,5,2,2,2,2.62,0,7,TRUE
Male,Disloyal Customer,24,Business Travel,Eco,436,5,0,5,2,5,5,5,5,5,4,5,4,5,4.23,0,0,TRUE
Male,Loyal Customer,50,Personal Travel,Eco,248,4,4,4,2,3,4,3,3,4,4,4,3,3,3.46,11,0,FALSE
Female,Loyal Customer,17,Business Travel,Business,860,1,1,1,1,5,5,5,5,3,3,5,5,5,3.46,37,30,TRUE
Female,Loyal Customer,68,Personal Travel,Eco,255,3,0,3,1,5,5,4,4,4,3,4,4,5,3.46,40,33,FALSE
Male,Loyal Customer,60,Personal Travel,Eco,1546,3,1,3,3,2,3,2,2,2,5,2,1,2,2.38,2,16,FALSE
Female,Loyal Customer,52,Personal Travel,Eco,758,4,2,4,3,2,3,3,3,3,4,3,4,3,3.15,0,0,FALSE
Female,Loyal Customer,49,Business Travel,Business,628,5,5,5,5,3,4,4,2,2,2,2,3,3,3.46,0,15,TRUE
Male,Disloyal Customer,24,Business Travel,Eco,190,4,0,4,3,2,4,2,2,3,1,2,3,2,2.46,27,20,FALSE
Female,Loyal Customer,51,Business Travel,Business,2100,4,4,4,4,5,3,2,2,2,2,2,5,2,3.15,0,3,TRUE
Male,Disloyal Customer,29,Business Travel,Eco,1385,2,2,2,3,2,2,1,2,1,2,3,1,2,1.92,0,0,FALSE
Female,Disloyal Customer,26,Business Travel,Eco,620,4,2,4,2,5,4,5,5,2,4,1,1,5,3.38,0,0,FALSE
Female,Loyal Customer,36,Business Travel,Eco,253,5,4,3,4,5,4,5,5,1,2,4,3,5,3.85,0,0,TRUE
Female,Loyal Customer,56,Personal Travel,Eco,946,4,2,4,4,1,3,4,5,5,4,5,3,2,3.54,0,0,FALSE
Male,Loyal Customer,60,Personal Travel,Eco,387,2,4,2,3,4,2,4,4,3,4,4,3,4,3.31,0,0,FALSE
Female,Disloyal Customer,21,Business Travel,Eco,1131,1,1,1,3,3,1,4,3,2,2,4,1,3,2.23,20,8,FALSE
Female,Loyal Customer,54,Business Travel,Business,1995,2,2,2,2,3,5,4,4,4,4,4,4,3,3.31,0,0,TRUE
Male,Loyal Customer,41,Business Travel,Business,1055,2,2,5,2,5,4,5,4,4,5,4,5,4,3.92,0,0,TRUE
Female,Loyal Customer,32,Personal Travel,Eco,1005,3,4,3,3,2,3,2,2,4,3,5,5,2,3.15,12,16,FALSE
Female,Disloyal Customer,32,Business Travel,Eco,927,2,2,2,4,1,2,1,1,4,1,3,2,1,2,8,19,FALSE
Female,Loyal Customer,43,Business Travel,Business,2798,5,5,5,5,2,5,5,5,5,5,5,5,2,4.54,38,24,TRUE
Female,Loyal Customer,28,Business Travel,Business,680,2,2,2,2,5,5,5,5,1,5,5,3,5,3.62,0,0,TRUE
Male,Loyal Customer,12,Personal Travel,Eco Plus,646,2,2,3,1,5,3,5,5,2,2,1,4,5,3.08,67,46,FALSE
Female,Loyal Customer,40,Business Travel,Eco Plus,1258,2,1,1,1,2,2,2,2,1,5,4,2,2,2.08,0,0,FALSE
Male,Loyal Customer,52,Business Travel,Eco,360,5,1,1,1,4,5,4,4,4,3,1,5,4,3.23,0,0,TRUE
Male,Loyal Customer,23,Business Travel,Business,1788,5,5,5,5,4,4,4,4,5,3,3,4,4,4.23,0,0,TRUE
Male,Loyal Customer,47,Business Travel,Business,404,5,5,5,5,3,5,5,5,5,5,5,4,3,4.62,21,19,TRUE
Female,Loyal Customer,47,Business Travel,Business,1080,3,3,3,3,5,5,4,4,4,4,4,4,5,3.92,0,0,TRUE
Male,Loyal Customer,54,Business Travel,Business,779,4,2,2,2,4,4,3,4,4,3,4,1,2,3,27,30,FALSE
Female,Loyal Customer,29,Personal Travel,Eco,89,4,4,4,1,2,4,2,2,5,2,4,3,2,3,29,24,FALSE
Female,Loyal Customer,38,Business Travel,Business,209,0,4,0,4,5,4,4,4,4,4,3,1,3,3.08,0,0,TRUE
Male,Loyal Customer,43,Business Travel,Business,337,3,5,3,5,3,3,4,3,3,3,3,3,3,3.38,0,0,FALSE
Female,Loyal Customer,54,Business Travel,Eco,760,4,4,4,4,1,4,2,4,4,4,4,4,4,3.62,29,38,TRUE
Female,Loyal Customer,54,Business Travel,Eco,489,4,1,1,1,2,4,5,4,4,4,4,1,1,2.77,0,0,TRUE
Female,Loyal Customer,54,Personal Travel,Eco Plus,864,1,4,1,4,5,4,3,5,5,1,5,4,3,3.46,29,34,FALSE
Male,Loyal Customer,7,Personal Travel,Business,1744,2,5,1,2,2,1,2,2,4,2,5,3,2,2.54,0,0,FALSE
Male,Loyal Customer,38,Business Travel,Eco,744,2,3,5,5,2,3,2,2,2,1,5,2,2,2.77,13,21,TRUE
Male,Loyal Customer,21,Personal Travel,Business,332,2,4,2,2,3,2,3,3,5,5,5,5,3,3.38,5,8,FALSE
Male,Loyal Customer,37,Business Travel,Business,354,2,5,5,5,4,3,3,2,2,2,2,1,4,3.08,1,4,FALSE
Male,Loyal Customer,33,Personal Travel,Eco,377,3,4,3,1,5,3,5,5,5,5,4,4,5,4,10,0,FALSE
Male,Loyal Customer,12,Personal Travel,Eco,362,5,5,2,3,4,2,4,4,5,2,4,3,4,3.62,0,0,TRUE
Female,Loyal Customer,46,Business Travel,Business,2894,3,3,3,3,4,4,5,4,4,4,4,5,5,3.92,36,31,TRUE
Male,Loyal Customer,49,Business Travel,Business,764,3,3,3,3,4,5,4,4,4,4,4,4,4,3.77,0,10,TRUE
Male,Loyal Customer,58,Business Travel,Eco Plus,1372,1,0,0,2,4,1,2,4,1,1,2,2,4,1.85,0,0,FALSE
Female,Loyal Customer,20,Business Travel,Business,3391,3,1,1,1,3,3,3,3,4,1,4,1,3,2.38,2,7,FALSE
Male,Loyal Customer,40,Business Travel,Business,957,4,4,4,4,5,4,4,4,4,4,4,5,5,4.23,0,0,TRUE
Male,Loyal Customer,59,Business Travel,Business,239,5,5,5,5,3,4,5,5,5,5,5,4,3,4.54,4,7,TRUE
Male,Loyal Customer,57,Business Travel,Business,271,5,5,5,5,3,4,4,5,5,5,5,4,3,4.46,6,3,TRUE
Male,Loyal Customer,40,Business Travel,Business,1984,3,3,3,3,3,4,5,5,5,5,5,4,4,4,12,0,TRUE
Male,Loyal Customer,59,Business Travel,Business,946,3,3,3,3,5,5,4,4,4,4,4,4,4,3.85,12,7,TRUE
Male,Loyal Customer,31,Business Travel,Business,2084,2,1,5,5,3,3,2,3,3,1,4,1,3,2.77,0,0,FALSE
Male,Loyal Customer,32,Business Travel,Business,2916,2,2,2,2,5,5,5,3,4,5,4,5,5,3.77,1305,1280,TRUE
Female,Loyal Customer,50,Personal Travel,Eco,552,2,4,2,2,4,4,4,3,3,2,3,4,5,3.23,1,0,FALSE
Male,Disloyal Customer,19,Business Travel,Eco,883,2,2,2,1,1,2,3,1,5,5,4,3,1,2.46,0,0,FALSE
Female,Disloyal Customer,23,Business Travel,Eco,189,4,4,4,3,3,4,3,3,2,3,4,2,3,3.23,14,17,FALSE
Female,Loyal Customer,48,Business Travel,Business,2938,4,4,4,4,3,5,5,5,5,5,5,5,3,4.38,0,0,TRUE
Female,Loyal Customer,55,Business Travel,Business,3608,5,5,5,5,2,4,5,4,4,4,4,3,3,4.08,0,0,TRUE
Male,Loyal Customer,21,Personal Travel,Eco,868,1,3,1,3,1,1,1,1,5,4,2,2,1,2,0,0,FALSE
Male,Loyal Customer,48,Business Travel,Business,1569,2,2,2,2,2,4,5,4,4,5,4,5,4,3.46,0,0,TRUE
Male,Loyal Customer,46,Business Travel,Business,2144,2,2,1,2,4,4,4,4,4,4,4,5,3,3.31,1,0,TRUE
Male,Loyal Customer,46,Business Travel,Business,3792,1,1,1,1,3,4,5,4,4,4,4,3,3,2.92,0,0,TRUE
Female,Loyal Customer,29,Business Travel,Business,2264,1,1,1,1,3,3,3,3,3,5,5,3,3,2.69,0,0,TRUE
Female,Loyal Customer,39,Business Travel,Business,3327,1,1,1,1,4,4,5,4,4,4,4,3,4,3.08,75,69,TRUE
Female,Loyal Customer,14,Personal Travel,Eco,327,1,1,1,2,1,1,1,1,5,5,5,3,1,2.15,28,29,FALSE
Male,Disloyal Customer,30,Business Travel,Eco,311,2,1,2,3,2,2,2,2,4,1,2,1,2,2,0,0,FALSE
Female,Loyal Customer,40,Business Travel,Business,3557,1,1,1,1,3,5,4,5,5,5,5,4,5,3.46,0,0,TRUE
Male,Loyal Customer,59,Business Travel,Business,397,4,4,3,4,4,5,5,4,4,4,4,3,4,4,6,10,TRUE
Male,Loyal Customer,39,Business Travel,Eco,230,1,4,4,4,1,1,1,1,1,2,2,4,1,2.08,0,0,FALSE
Female,Loyal Customer,24,Business Travel,Business,3010,5,5,2,5,4,4,4,4,1,5,4,2,4,3.77,0,4,TRUE
Female,Loyal Customer,31,Personal Travel,Eco,404,2,5,2,4,5,2,5,5,4,5,5,4,5,4.08,10,1,FALSE
Female,Loyal Customer,24,Business Travel,Business,2298,1,1,1,1,4,4,4,4,3,3,5,4,4,3,23,0,TRUE
Male,Loyal Customer,59,Business Travel,Business,3473,1,1,1,1,1,2,4,4,4,5,4,5,3,2.77,0,0,TRUE
Male,Loyal Customer,43,Business Travel,Eco,416,2,4,4,4,2,2,2,2,2,4,3,4,2,2.85,21,24,FALSE
Male,Loyal Customer,36,Business Travel,Business,488,2,5,5,5,5,3,3,2,2,2,2,4,3,3.31,73,62,FALSE
Male,Disloyal Customer,38,Business Travel,Eco,835,2,2,2,4,1,2,5,1,4,3,4,1,1,2.46,10,8,FALSE
Male,Loyal Customer,57,Business Travel,Business,1966,1,1,1,1,2,5,5,5,5,5,5,4,5,3.46,71,47,TRUE
Male,Loyal Customer,61,Personal Travel,Eco,646,4,3,4,3,3,4,3,3,1,4,4,4,3,3.31,11,3,FALSE
Female,Loyal Customer,38,Business Travel,Eco Plus,86,5,2,3,2,5,5,5,5,3,5,3,2,5,3.85,2,0,TRUE
Male,Loyal Customer,25,Personal Travel,Eco,912,0,3,1,2,3,1,2,3,3,1,2,5,3,2.23,0,0,TRUE
Male,Loyal Customer,54,Business Travel,Business,224,5,5,5,5,3,3,3,4,4,4,4,2,3,3.85,0,0,TRUE
Male,Loyal Customer,7,Business Travel,Eco,2172,4,5,5,5,4,4,1,4,3,1,2,1,4,3.31,27,7,FALSE
Male,Loyal Customer,55,Business Travel,Business,278,4,4,4,4,4,4,4,5,5,5,5,3,4,4.23,0,16,TRUE
Male,Loyal Customer,55,Business Travel,Business,296,3,4,3,3,5,5,4,4,4,4,4,4,5,4,27,19,TRUE
Female,Loyal Customer,25,Business Travel,Business,3939,1,1,3,1,5,4,5,5,5,4,5,4,5,3.69,22,11,TRUE
Male,Loyal Customer,68,Personal Travel,Eco,952,1,3,1,4,3,1,4,3,5,1,5,1,3,2.69,0,7,FALSE
Male,Loyal Customer,57,Business Travel,Business,3868,1,1,1,1,5,5,5,5,5,5,5,4,4,3.62,0,0,TRUE
Male,Disloyal Customer,27,Business Travel,Business,907,4,3,3,3,5,3,5,5,5,4,5,5,5,4.23,2,0,FALSE
Male,Loyal Customer,69,Business Travel,Business,767,2,2,2,2,3,2,4,4,4,4,4,4,4,3.15,0,0,TRUE
Male,Loyal Customer,31,Business Travel,Eco,781,1,5,5,5,1,1,1,1,1,4,4,3,1,2.54,50,42,FALSE
Female,Loyal Customer,54,Business Travel,Eco Plus,306,5,3,3,3,5,1,1,4,4,5,4,2,5,3.46,9,4,TRUE
Male,Loyal Customer,28,Business Travel,Business,3066,5,5,5,5,2,2,2,2,5,3,4,4,2,3.54,29,0,TRUE
Male,Disloyal Customer,27,Business Travel,Eco,581,2,2,2,2,4,2,4,4,4,5,3,4,4,3.23,12,0,FALSE
Female,Loyal Customer,59,Personal Travel,Eco,544,0,5,0,3,4,4,2,1,1,0,1,2,2,1.92,0,16,TRUE
Male,Loyal Customer,47,Business Travel,Business,2521,3,3,3,3,4,4,4,4,2,4,4,4,4,3.54,0,14,TRUE
Female,Loyal Customer,45,Business Travel,Business,1747,2,5,4,5,1,3,4,2,2,2,2,2,2,2.77,0,0,FALSE
Female,Disloyal Customer,29,Business Travel,Eco,545,3,1,3,4,3,3,3,3,3,3,3,1,3,2.77,20,20,FALSE
Female,Loyal Customer,29,Business Travel,Eco,2586,2,4,4,4,2,2,2,1,2,4,4,2,2,2.69,71,47,FALSE
Male,Loyal Customer,60,Business Travel,Business,1613,4,4,5,4,4,4,4,4,4,4,4,4,4,4.08,0,0,TRUE
Male,Loyal Customer,8,Personal Travel,Eco,391,2,2,2,4,4,2,4,4,3,4,3,4,4,3.23,17,13,FALSE
Male,Loyal Customer,47,Personal Travel,Eco,936,4,4,5,1,5,5,5,5,1,1,3,3,5,3.62,0,2,FALSE
Female,Loyal Customer,50,Business Travel,Business,2574,2,2,1,2,4,4,5,3,3,4,3,3,4,3.08,83,80,TRUE
Female,Loyal Customer,77,Business Travel,Business,2108,3,1,2,1,5,2,3,3,3,2,3,4,4,2.77,0,0,FALSE
Female,Loyal Customer,49,Business Travel,Business,1701,3,3,3,3,2,5,4,5,5,5,5,5,5,4.08,0,0,TRUE
Female,Loyal Customer,53,Business Travel,Business,2168,5,5,5,5,5,4,4,4,4,4,4,5,3,4.38,46,17,TRUE
Male,Loyal Customer,38,Business Travel,Business,3736,3,3,4,4,1,2,3,3,3,3,3,1,4,2.85,19,6,FALSE
Female,Loyal Customer,27,Business Travel,Eco Plus,679,4,4,4,4,4,4,4,4,1,3,4,4,4,3.69,0,0,TRUE
Male,Loyal Customer,42,Personal Travel,Eco,315,3,1,3,2,2,3,1,2,2,3,2,3,2,2.23,1,0,FALSE
Male,Loyal Customer,37,Business Travel,Business,1628,4,4,4,4,5,4,4,5,5,5,5,5,3,4.38,0,0,TRUE
Female,Loyal Customer,41,Business Travel,Eco,1011,4,4,3,4,4,4,4,4,3,2,4,5,4,3.77,0,0,TRUE
Female,Loyal Customer,38,Business Travel,Business,2677,1,1,1,1,5,5,5,2,5,4,1,5,5,3.15,6,8,TRUE
Female,Loyal Customer,53,Business Travel,Eco,495,5,2,2,2,3,5,5,5,5,5,5,2,2,3.69,46,34,TRUE
Female,Loyal Customer,27,Business Travel,Business,1988,3,3,3,3,5,5,5,5,3,1,3,2,5,3.54,2,11,TRUE
Female,Loyal Customer,21,Personal Travel,Eco,1972,1,2,1,3,1,1,1,1,3,3,4,3,1,1.92,0,0,FALSE
Female,Disloyal Customer,28,Business Travel,Eco,821,2,1,1,4,1,1,1,1,3,1,3,3,1,1.77,0,4,FALSE
Male,Loyal Customer,45,Business Travel,Business,1964,3,3,3,3,5,5,5,4,4,4,4,3,4,3.85,43,38,TRUE
Male,Disloyal Customer,37,Business Travel,Business,554,4,4,4,2,1,4,1,1,5,4,5,4,1,3.08,0,0,FALSE
Female,Disloyal Customer,64,Business Travel,Eco,224,1,0,0,4,4,0,4,4,3,5,3,3,4,2.69,16,9,FALSE
Male,Disloyal Customer,23,Business Travel,Eco,391,2,1,3,2,2,3,2,2,1,4,3,3,2,2.31,107,117,FALSE
Female,Loyal Customer,32,Business Travel,Eco,224,5,2,2,2,5,5,5,5,2,3,1,1,5,3.31,0,0,TRUE
Male,Loyal Customer,28,Business Travel,Business,3785,3,3,3,3,2,2,2,2,5,4,4,3,2,2.92,8,0,TRUE
Male,Loyal Customer,36,Business Travel,Business,3024,4,4,4,4,5,4,2,3,3,4,3,1,1,3.23,6,0,TRUE
Female,Loyal Customer,43,Business Travel,Business,3351,5,2,5,5,5,5,5,4,4,4,4,4,5,4.38,0,0,TRUE
Male,Loyal Customer,34,Business Travel,Business,901,3,3,3,3,4,2,4,4,4,4,4,2,1,3.15,0,0,TRUE
Female,Disloyal Customer,16,Business Travel,Eco,325,5,4,5,3,5,5,5,5,3,5,5,3,5,4.46,10,0,TRUE
Female,Loyal Customer,48,Business Travel,Eco,373,2,2,2,2,5,3,4,2,2,2,2,2,1,2.38,13,1,FALSE
Female,Loyal Customer,50,Personal Travel,Eco Plus,1587,2,3,2,3,2,4,4,2,2,2,5,1,2,2.62,0,0,FALSE
Male,Loyal Customer,38,Business Travel,Eco Plus,409,2,3,3,3,2,2,2,2,1,2,4,2,2,2.31,0,9,FALSE
Male,Loyal Customer,42,Business Travel,Business,3453,3,3,3,3,2,1,5,5,5,5,5,1,4,3.46,0,0,TRUE
Female,Disloyal Customer,27,Business Travel,Business,797,4,5,5,3,2,5,1,2,5,5,5,3,2,3.62,4,0,TRUE
Female,Loyal Customer,48,Business Travel,Business,2271,3,3,3,3,2,5,5,4,4,4,4,4,5,3.77,0,0,TRUE
Female,Disloyal Customer,25,Business Travel,Business,672,4,3,4,4,5,4,5,5,4,2,4,1,5,3.85,0,0,FALSE
Male,Disloyal Customer,25,Business Travel,Eco,1283,5,5,5,4,2,5,2,2,5,4,3,5,2,3.77,0,0,TRUE
Male,Loyal Customer,30,Business Travel,Eco Plus,236,2,1,4,1,2,2,2,2,1,3,4,4,2,2.31,19,12,FALSE
Male,Disloyal Customer,45,Business Travel,Business,1119,1,1,1,1,1,1,1,1,1,5,2,1,1,1.38,0,0,FALSE
Male,Disloyal Customer,24,Business Travel,Business,677,4,0,4,3,3,4,3,3,5,3,4,3,3,3.23,37,30,TRUE
Female,Disloyal Customer,34,Business Travel,Business,399,3,3,3,5,2,3,2,2,4,5,4,5,2,3.31,23,32,FALSE
Male,Loyal Customer,17,Business Travel,Eco,442,2,4,4,4,2,2,3,2,4,2,3,3,2,2.85,6,0,FALSE
Female,Loyal Customer,37,Personal Travel,Eco,581,4,5,4,2,2,4,3,2,5,4,5,4,2,3.54,3,0,FALSE
Female,Disloyal Customer,14,Business Travel,Eco,966,1,1,1,4,2,1,3,2,4,4,4,3,2,2.46,0,6,FALSE
Male,Loyal Customer,39,Business Travel,Business,1162,1,1,1,1,3,4,4,3,3,3,3,5,4,2.77,0,0,TRUE
Female,Loyal Customer,19,Personal Travel,Eco,2116,2,3,2,3,4,2,4,4,1,5,2,3,4,3,0,0,FALSE
Male,Loyal Customer,7,Personal Travel,Eco,1167,2,1,2,3,4,2,4,4,1,2,3,3,4,2.69,0,0,FALSE
Female,Loyal Customer,19,Personal Travel,Eco,374,4,5,4,4,4,4,4,4,3,3,5,3,4,3.92,41,56,FALSE
Female,Disloyal Customer,26,Business Travel,Business,746,2,2,2,4,1,2,1,1,3,5,5,3,1,2.46,0,0,FALSE
Female,Disloyal Customer,16,Business Travel,Eco,1076,4,4,4,3,1,4,1,1,5,2,4,4,1,2.92,0,22,FALSE
Female,Loyal Customer,30,Business Travel,Eco,618,4,1,1,1,4,3,4,4,1,5,3,2,4,2.85,12,37,FALSE
Male,Loyal Customer,16,Personal Travel,Eco,266,1,4,1,2,2,1,2,2,4,3,5,4,2,2.54,0,0,FALSE
Female,Loyal Customer,45,Business Travel,Business,592,5,5,5,5,2,4,5,5,5,5,5,4,3,4.46,56,50,TRUE
Female,Loyal Customer,53,Business Travel,Business,373,1,1,1,1,3,4,4,4,4,4,4,3,5,3,5,4,TRUE
Male,Loyal Customer,59,Business Travel,Eco,86,2,1,3,1,2,2,2,2,3,2,3,4,2,2.23,0,0,FALSE
Male,Loyal Customer,12,Personal Travel,Eco,315,4,3,4,3,2,4,2,2,3,4,2,1,2,2.77,0,0,FALSE
Female,Loyal Customer,21,Personal Travel,Eco,528,3,3,3,4,4,3,4,4,3,1,3,3,4,3.23,0,0,FALSE
Female,Loyal Customer,29,Business Travel,Business,862,2,2,2,2,5,5,5,5,4,3,3,5,5,3.69,14,2,TRUE
Female,Loyal Customer,22,Business Travel,Business,3761,1,1,1,1,4,4,4,4,1,1,2,2,4,2.31,0,0,TRUE
Male,Loyal Customer,31,Personal Travel,Eco,1979,1,2,1,3,4,1,4,4,3,3,4,4,4,2.92,39,14,FALSE
Male,Loyal Customer,11,Personal Travel,Business,2296,3,4,3,4,3,3,3,2,5,2,3,3,3,3.15,0,8,FALSE
Male,Loyal Customer,58,Personal Travel,Eco,226,2,5,2,3,4,2,4,4,5,4,4,3,4,3.54,0,0,FALSE
Male,Loyal Customer,51,Business Travel,Eco,692,4,2,2,2,4,4,4,4,1,2,3,1,4,2.85,7,1,TRUE
Male,Loyal Customer,63,Business Travel,Business,337,2,4,4,4,2,2,2,2,2,2,2,2,4,2.62,0,5,FALSE
Male,Disloyal Customer,22,Business Travel,Eco,204,2,0,2,1,1,2,1,1,3,3,4,3,1,1.85,0,0,FALSE
Female,Loyal Customer,44,Business Travel,Business,1735,1,1,3,1,4,5,4,5,5,5,5,4,5,3.69,0,0,TRUE
Male,Loyal Customer,60,Business Travel,Business,2586,3,3,5,3,5,5,5,5,2,5,4,5,5,4.23,60,69,TRUE
Male,Disloyal Customer,23,Business Travel,Eco,1276,2,2,2,2,1,2,1,1,4,3,5,5,1,2.38,3,0,FALSE
Male,Loyal Customer,49,Personal Travel,Eco,612,3,5,3,4,5,3,5,5,3,4,5,5,5,4.23,0,0,FALSE
Female,Loyal Customer,30,Business Travel,Business,3073,4,4,3,4,4,4,4,4,2,4,4,1,4,3.54,3,6,FALSE
Male,Loyal Customer,26,Personal Travel,Eco Plus,605,4,4,4,3,2,4,1,2,5,3,5,3,2,3.23,0,14,FALSE
Male,Loyal Customer,67,Personal Travel,Eco,237,2,4,0,5,2,0,3,2,5,3,5,3,2,2.77,1,0,FALSE
Female,Loyal Customer,57,Business Travel,Business,3216,1,1,1,1,5,4,4,4,4,5,4,4,4,3.23,35,45,TRUE
Male,Loyal Customer,59,Business Travel,Business,436,3,1,2,1,2,4,3,3,3,3,3,2,2,2.46,9,6,FALSE
Male,Loyal Customer,30,Business Travel,Business,337,1,1,1,1,5,5,5,5,5,5,5,4,5,3.69,0,0,TRUE
Male,Loyal Customer,18,Personal Travel,Business,455,3,4,3,3,3,3,3,3,5,3,4,4,3,3.38,0,0,FALSE
Female,Loyal Customer,38,Personal Travel,Eco,110,2,3,2,3,3,2,3,3,2,1,3,4,3,2.62,0,4,FALSE
Male,Loyal Customer,35,Business Travel,Business,711,1,1,1,1,4,5,5,5,5,5,5,4,5,3.62,0,4,TRUE
Female,Loyal Customer,47,Business Travel,Business,2007,5,5,5,5,4,5,4,5,5,5,5,3,3,4.54,10,10,TRUE
Female,Loyal Customer,47,Business Travel,Eco,476,4,4,5,4,3,2,5,4,4,4,4,3,4,3.85,0,0,TRUE
Male,Loyal Customer,21,Business Travel,Eco,647,5,2,2,2,5,5,3,5,4,5,4,4,5,3.92,0,0,TRUE
Female,Loyal Customer,36,Business Travel,Eco,143,1,3,3,3,1,1,1,1,2,3,4,3,1,2.08,0,0,FALSE
Male,Loyal Customer,38,Business Travel,Eco,692,5,5,5,5,5,5,5,5,3,2,1,2,5,4.08,0,0,TRUE
Male,Loyal Customer,51,Business Travel,Business,101,0,3,1,3,5,2,4,3,3,3,3,4,5,3,0,5,TRUE
Male,Loyal Customer,44,Business Travel,Business,1303,4,4,1,4,5,4,3,4,4,3,4,4,3,3.62,0,2,FALSE
Female,Loyal Customer,63,Business Travel,Business,237,3,3,3,3,3,5,4,5,5,5,5,4,5,4.08,0,1,TRUE
Female,Loyal Customer,31,Personal Travel,Eco,680,2,3,2,4,5,2,5,5,3,3,3,3,5,3.46,0,0,FALSE
Male,Loyal Customer,14,Personal Travel,Eco,296,2,2,2,3,3,2,3,3,1,2,3,4,3,2.54,6,6,FALSE
Female,Loyal Customer,26,Business Travel,Business,2105,2,3,3,3,2,2,2,2,3,1,3,1,2,2.23,1,36,FALSE
Male,Loyal Customer,39,Business Travel,Business,2964,3,3,3,3,3,4,4,5,5,5,5,4,4,3.92,26,27,TRUE
Male,Loyal Customer,54,Business Travel,Eco,349,4,1,1,1,3,4,3,3,1,4,5,3,3,2.77,0,0,TRUE
Male,Loyal Customer,40,Personal Travel,Eco,491,2,3,2,3,5,2,5,5,1,3,3,2,5,3.15,36,30,FALSE
Female,Loyal Customer,43,Business Travel,Eco,399,2,3,3,3,4,3,3,2,2,2,2,3,2,2.62,0,0,FALSE
Male,Loyal Customer,60,Business Travel,Business,255,3,2,3,3,3,4,4,5,5,5,5,3,3,3.69,0,0,TRUE
Female,Loyal Customer,57,Business Travel,Business,3907,2,2,2,2,2,5,5,5,5,5,5,3,3,3.54,0,0,TRUE
Male,Loyal Customer,42,Business Travel,Business,406,1,1,3,1,4,5,4,2,2,2,2,4,3,2.62,4,12,TRUE
Male,Loyal Customer,24,Business Travel,Business,680,5,5,5,5,5,5,5,5,5,1,1,5,5,4.38,78,84,TRUE
Female,Loyal Customer,22,Personal Travel,Eco,544,2,1,2,4,1,2,1,1,1,3,4,3,1,2,0,0,FALSE
Female,Loyal Customer,20,Business Travel,Eco Plus,1097,3,4,2,4,3,3,2,3,3,2,3,1,3,2.77,0,1,FALSE
Female,Disloyal Customer,25,Business Travel,Eco,580,4,0,4,3,4,4,4,4,1,1,4,4,4,3.15,1,0,FALSE
Female,Disloyal Customer,29,Business Travel,Business,920,0,0,0,2,2,0,2,2,4,3,4,5,2,2,0,10,TRUE
Female,Loyal Customer,53,Business Travel,Eco,122,4,5,5,5,1,4,4,4,4,4,4,2,1,3.62,94,108,FALSE
Female,Loyal Customer,43,Business Travel,Business,2172,3,3,3,3,2,3,4,5,5,5,5,4,5,3.85,0,8,TRUE
Female,Loyal Customer,72,Business Travel,Business,2075,2,2,2,2,5,5,5,4,4,4,4,3,3,3.46,3,2,TRUE
Female,Loyal Customer,61,Business Travel,Business,3090,1,1,1,1,4,2,3,2,2,2,1,4,3,2.08,3,6,FALSE
Male,Disloyal Customer,30,Business Travel,Eco Plus,594,4,4,4,4,2,4,2,2,3,1,3,3,2,2.92,18,32,FALSE
Male,Disloyal Customer,11,Business Travel,Eco,802,3,2,2,4,1,2,1,1,4,1,3,3,1,2.15,6,0,FALSE
Male,Loyal Customer,35,Personal Travel,Eco,299,4,5,4,5,4,4,4,4,4,5,4,3,4,4.15,1,0,FALSE
Female,Disloyal Customer,41,Business Travel,Business,163,2,2,2,3,5,2,5,5,3,2,3,1,5,3.08,22,17,FALSE
Female,Disloyal Customer,23,Business Travel,Eco,262,3,3,3,1,3,2,2,1,5,2,2,2,2,2.38,145,146,FALSE
Female,Loyal Customer,41,Business Travel,Eco,1183,3,3,3,3,3,3,3,3,3,3,3,2,3,2.92,3,25,FALSE
Female,Disloyal Customer,20,Business Travel,Eco,447,4,1,4,4,3,4,3,3,3,3,4,1,3,3.08,0,16,FALSE
Female,Loyal Customer,49,Business Travel,Eco Plus,311,1,5,2,2,3,2,2,1,1,1,1,1,1,1.77,0,0,FALSE
Male,Loyal Customer,30,Business Travel,Eco,205,5,1,3,3,5,5,5,5,2,3,4,2,5,3.69,21,11,TRUE
Female,Loyal Customer,14,Personal Travel,Eco,1464,3,4,3,3,3,1,1,5,4,3,4,1,1,2.77,208,218,FALSE
Male,Loyal Customer,21,Personal Travel,Eco,948,1,1,1,2,4,1,4,4,5,5,5,5,4,3.23,0,3,FALSE
Female,Loyal Customer,36,Personal Travel,Eco,1199,3,5,4,2,1,4,4,1,2,5,1,4,1,2.85,0,0,FALSE
Male,Loyal Customer,41,Business Travel,Eco,134,5,1,1,1,5,5,5,5,2,4,4,1,5,3.38,0,0,TRUE
Male,Loyal Customer,61,Business Travel,Business,2908,3,2,2,2,3,3,3,3,3,3,3,2,2,2.62,0,0,FALSE
Female,Loyal Customer,51,Business Travel,Business,1426,5,5,5,5,4,5,5,4,4,4,4,3,5,4.46,33,57,TRUE
Female,Disloyal Customer,33,Business Travel,Business,631,2,3,3,2,1,3,2,1,4,2,4,5,1,2.54,0,0,FALSE
Female,Loyal Customer,45,Business Travel,Business,541,4,2,4,4,5,5,5,5,5,5,5,4,4,4.38,0,10,TRUE
Male,Loyal Customer,54,Business Travel,Business,2762,3,3,3,3,4,4,4,5,2,3,4,4,4,3.54,0,1,TRUE
Male,Loyal Customer,47,Business Travel,Business,1901,3,3,3,3,1,3,1,5,5,5,5,4,3,3.38,0,0,TRUE
Male,Loyal Customer,68,Personal Travel,Eco,432,4,4,4,4,4,4,4,4,1,3,2,3,4,3.46,0,0,FALSE
Male,Loyal Customer,20,Business Travel,Business,3509,2,2,2,2,5,5,5,5,4,3,3,4,5,3.62,45,51,TRUE
Male,Disloyal Customer,24,Business Travel,Eco,641,1,1,1,1,1,1,1,1,1,3,1,2,1,1.23,0,0,FALSE
Male,Loyal Customer,41,Personal Travel,Eco,787,1,5,1,3,1,1,1,1,4,3,5,4,1,2.38,0,0,FALSE
Male,Loyal Customer,34,Business Travel,Business,2554,3,3,3,3,2,2,4,4,4,4,4,4,1,3.15,34,38,TRUE
Female,Loyal Customer,22,Personal Travel,Eco Plus,1576,3,5,3,1,4,3,4,4,3,4,3,3,4,3.38,2,2,FALSE
Male,Loyal Customer,31,Personal Travel,Eco Plus,1067,3,4,3,2,4,3,4,4,3,3,5,3,4,3.46,0,10,FALSE
Female,Loyal Customer,22,Personal Travel,Eco,109,2,4,2,3,2,2,2,2,2,4,3,3,2,2.54,24,26,FALSE
Male,Loyal Customer,35,Personal Travel,Business,1598,4,4,4,3,5,5,5,2,2,4,4,5,3,3.85,0,0,FALSE
Female,Loyal Customer,49,Business Travel,Business,2921,4,4,4,4,2,4,5,5,5,5,5,4,5,4.31,0,0,TRUE
Female,Loyal Customer,25,Business Travel,Business,3468,3,3,5,3,5,4,5,5,5,5,3,1,5,4,10,0,TRUE
Male,Loyal Customer,43,Business Travel,Business,2175,5,5,5,5,4,5,5,4,4,4,4,4,5,4.54,0,0,TRUE
Male,Loyal Customer,16,Business Travel,Eco,679,5,1,1,1,5,5,5,5,5,1,2,1,5,3.23,0,0,TRUE
Female,Loyal Customer,49,Business Travel,Business,3164,4,4,4,4,1,4,4,4,4,4,4,4,4,3.77,0,0,TRUE
Female,Loyal Customer,41,Personal Travel,Eco,73,1,1,1,1,4,1,4,4,2,4,1,1,4,2.23,0,18,FALSE
Male,Loyal Customer,18,Personal Travel,Eco,861,4,3,4,3,4,4,4,4,2,4,5,1,4,3.54,0,0,TRUE
Male,Loyal Customer,60,Business Travel,Business,1066,3,2,2,2,4,3,3,3,3,3,3,3,3,2.85,5,10,FALSE
Female,Loyal Customer,56,Business Travel,Business,1902,3,3,3,3,5,4,4,4,4,4,4,4,4,3.77,0,0,TRUE
Female,Loyal Customer,17,Personal Travel,Eco,526,3,4,3,2,2,3,2,2,4,4,4,4,2,3,0,0,FALSE
Male,Loyal Customer,14,Personal Travel,Eco Plus,1172,4,4,4,3,1,4,1,1,5,2,3,3,1,2.77,0,0,TRUE
Female,Loyal Customer,31,Business Travel,Business,209,3,3,4,3,5,4,3,5,3,5,5,4,5,4,0,0,TRUE
Female,Loyal Customer,22,Business Travel,Eco,912,4,1,5,5,4,4,3,4,3,3,4,1,4,3.46,0,7,FALSE
Female,Loyal Customer,43,Business Travel,Business,2475,5,5,5,5,5,3,5,5,5,5,5,5,3,4.69,19,18,TRUE
Male,Disloyal Customer,59,Business Travel,Eco,448,2,0,2,1,3,2,1,3,1,3,2,2,3,1.92,0,0,FALSE
Male,Loyal Customer,45,Personal Travel,Eco,354,3,4,3,4,5,3,5,5,2,2,5,3,5,3.77,35,24,FALSE
Female,Loyal Customer,43,Business Travel,Eco Plus,1440,2,3,3,3,5,3,2,2,2,2,2,1,2,2.46,0,0,FALSE
Male,Disloyal Customer,13,Business Travel,Eco,692,2,1,1,3,2,1,2,2,5,3,1,2,2,2.08,0,3,FALSE
Female,Loyal Customer,14,Personal Travel,Eco Plus,1076,1,5,2,3,1,2,1,1,3,4,5,3,1,2.46,6,1,FALSE
Female,Loyal Customer,55,Business Travel,Eco,493,3,2,2,2,5,3,2,3,3,3,3,1,3,2.69,0,0,FALSE
Female,Disloyal Customer,27,Business Travel,Eco Plus,562,1,1,1,3,3,1,3,3,4,5,3,1,3,2.46,7,0,FALSE
Male,Loyal Customer,36,Business Travel,Business,2880,2,2,2,2,3,4,3,2,2,2,2,4,2,2.46,0,0,FALSE
Female,Disloyal Customer,25,Business Travel,Business,277,4,3,4,3,4,4,4,4,3,4,4,4,4,3.77,0,94,FALSE
Male,Loyal Customer,52,Business Travel,Eco,248,2,5,3,5,2,2,2,2,3,5,4,4,2,3.15,0,0,FALSE
Female,Loyal Customer,55,Business Travel,Business,2788,2,2,3,2,1,4,3,2,2,2,2,2,1,2.15,0,0,FALSE
Female,Loyal Customer,12,Personal Travel,Eco,580,0,2,0,2,2,0,2,2,2,5,1,4,2,1.85,0,0,TRUE
Male,Loyal Customer,28,Business Travel,Business,907,2,1,1,1,2,1,2,2,3,1,3,2,2,1.77,27,,FALSE
Male,Loyal Customer,34,Business Travel,Business,3037,2,2,2,2,3,4,4,4,4,4,4,3,3,3.15,17,16,TRUE
Female,Loyal Customer,68,Personal Travel,Eco Plus,2586,3,5,3,4,5,2,3,5,5,3,3,2,5,3.69,0,0,FALSE
Female,Loyal Customer,34,Business Travel,Business,695,5,5,5,5,2,5,3,3,3,4,3,2,4,3.77,8,17,TRUE
Male,Loyal Customer,38,Business Travel,Eco,356,4,2,1,2,4,4,4,4,4,2,5,2,4,3.23,0,3,TRUE
Female,Loyal Customer,54,Personal Travel,Eco,670,2,4,2,1,3,4,1,3,3,2,3,5,4,2.85,25,34,FALSE
Female,Loyal Customer,46,Business Travel,Business,2382,2,1,2,2,3,4,4,5,5,5,5,3,5,3.54,70,62,TRUE
Male,Loyal Customer,63,Personal Travel,Eco,1399,1,1,1,2,3,1,3,3,3,1,3,2,3,2.08,0,0,FALSE
Female,Loyal Customer,27,Business Travel,Business,2628,3,3,1,3,3,4,3,3,3,4,4,4,3,3.15,1,0,TRUE
Male,Loyal Customer,62,Personal Travel,Eco,542,2,3,2,1,1,2,1,1,5,5,5,4,1,2.54,0,1,FALSE
Male,Disloyal Customer,32,Business Travel,Business,357,2,2,2,3,4,2,4,4,5,1,2,4,4,3,0,0,FALSE
Female,Loyal Customer,55,Personal Travel,Eco Plus,67,3,5,3,3,2,4,4,2,2,3,2,3,3,3,0,0,FALSE
Female,Loyal Customer,59,Business Travel,Business,3887,2,2,2,2,3,4,5,5,5,5,5,5,4,3.77,0,0,TRUE
Female,Loyal Customer,70,Personal Travel,Eco,533,1,4,1,4,2,4,5,2,2,1,2,3,4,2.69,0,0,FALSE
Female,Loyal Customer,12,Personal Travel,Eco,1605,3,5,3,1,3,3,3,3,5,5,5,5,3,3.62,17,8,FALSE
Female,Loyal Customer,30,Business Travel,Business,3731,4,2,2,2,4,3,4,4,1,2,3,1,4,2.77,9,8,FALSE
Female,Loyal Customer,50,Business Travel,Business,2556,2,2,2,2,2,4,4,4,4,4,4,5,3,3.23,5,0,TRUE
Male,Loyal Customer,53,Personal Travel,Eco,1721,1,4,1,3,3,1,2,3,5,5,5,3,3,3,19,0,FALSE
Male,Loyal Customer,51,Business Travel,Business,2498,2,2,2,2,3,5,5,4,4,4,4,4,3,3.38,0,0,TRUE
Male,Loyal Customer,39,Business Travel,Business,347,1,1,4,1,5,4,5,4,4,4,4,5,4,3.54,0,0,TRUE
Female,Loyal Customer,39,Business Travel,Business,4000,3,3,3,3,4,1,3,5,5,5,5,3,3,3.54,0,0,TRUE
Male,Loyal Customer,10,Personal Travel,Eco,731,1,4,1,4,4,1,4,4,1,2,2,4,4,2.77,12,0,FALSE
Male,Loyal Customer,53,Business Travel,Business,1881,1,1,1,1,4,5,5,5,5,5,4,3,3,3.31,95,98,TRUE
Female,Loyal Customer,55,Business Travel,Eco Plus,871,4,5,2,5,2,2,2,4,4,4,4,2,4,3.38,0,0,TRUE
Male,Loyal Customer,60,Business Travel,Business,1905,5,5,5,5,5,5,4,5,5,5,5,3,4,4.69,0,12,TRUE
Male,Loyal Customer,36,Business Travel,Business,1491,5,5,4,5,3,4,4,4,4,4,4,5,5,4.31,0,4,TRUE
Male,Loyal Customer,38,Business Travel,Business,444,1,5,5,5,5,4,4,1,1,1,1,1,3,2.85,13,10,FALSE
Male,Disloyal Customer,19,Business Travel,Business,409,0,2,0,4,3,0,3,3,3,5,5,4,3,2.69,0,0,TRUE
Female,Disloyal Customer,27,Business Travel,Eco,1390,3,3,3,4,2,3,2,2,2,3,4,2,2,2.69,55,43,FALSE
Male,Loyal Customer,41,Business Travel,Eco Plus,853,3,5,5,5,3,3,3,3,4,1,2,4,3,3.38,41,35,FALSE
Female,Loyal Customer,24,Business Travel,Business,331,1,0,0,3,4,0,3,4,3,5,4,3,4,2.62,0,0,FALSE
Male,Loyal Customer,42,Personal Travel,Eco,280,3,4,3,2,1,3,1,1,4,4,5,5,1,2.85,2,34,FALSE
Female,Loyal Customer,20,Business Travel,Business,2790,5,5,5,5,4,4,4,4,5,2,5,3,4,4.23,0,0,TRUE
Female,Loyal Customer,38,Personal Travel,Eco,407,3,2,3,2,3,3,3,3,1,1,3,2,3,2.46,60,46,FALSE
Female,Loyal Customer,72,Business Travel,Business,2627,1,3,3,3,2,4,4,1,1,1,1,3,1,2.15,0,0,FALSE
Male,Loyal Customer,40,Personal Travel,Eco,2475,2,5,1,4,1,1,1,3,4,4,4,1,1,2.46,201,191,FALSE
Male,Loyal Customer,19,Personal Travel,Business,507,3,5,3,3,5,3,5,5,4,2,5,3,5,3.92,7,16,FALSE
Female,Loyal Customer,30,Business Travel,Business,651,4,4,4,4,5,5,5,5,1,5,5,1,5,4.08,0,0,TRUE
Female,Loyal Customer,39,Business Travel,Business,432,1,1,1,1,1,1,5,2,2,2,2,4,1,1.85,0,0,TRUE
Male,Disloyal Customer,25,Business Travel,Business,236,3,0,3,3,4,3,4,4,5,4,1,3,4,3.15,0,1,FALSE
Female,Loyal Customer,43,Business Travel,Eco,502,2,3,4,4,2,2,2,2,2,2,2,2,2,2.38,80,77,FALSE
Female,Loyal Customer,25,Business Travel,Business,597,3,5,4,5,3,3,3,3,2,2,4,2,3,3.23,0,0,FALSE
Male,Disloyal Customer,15,Business Travel,Eco,620,2,4,2,4,1,2,1,1,4,1,4,4,1,2.38,4,3,FALSE
Female,Loyal Customer,54,Personal Travel,Eco,366,1,3,1,4,1,4,1,4,4,1,4,2,2,2.46,11,0,FALSE
Male,Loyal Customer,47,Business Travel,Eco,1005,3,2,2,2,3,3,3,3,1,4,3,1,3,2.54,0,0,FALSE
Male,Loyal Customer,12,Personal Travel,Eco,557,3,5,3,2,2,3,2,2,2,5,4,3,2,2.92,0,9,FALSE
Male,Loyal Customer,39,Business Travel,Business,3203,5,5,5,5,5,5,4,3,3,4,3,5,4,4.31,0,0,TRUE
Female,Loyal Customer,49,Business Travel,Business,2830,5,5,5,5,4,4,5,4,4,4,4,3,5,4.38,0,0,TRUE
Female,Loyal Customer,49,Personal Travel,Eco,972,3,5,3,2,3,4,5,3,3,3,3,5,5,3.62,8,0,FALSE
Female,Loyal Customer,58,Personal Travel,Eco,405,2,5,2,3,2,5,4,2,2,2,2,4,4,3,0,0,FALSE
Female,Loyal Customer,49,Business Travel,Eco Plus,363,4,1,1,1,3,3,3,4,4,4,4,3,1,2.77,89,74,FALSE
Male,Loyal Customer,17,Personal Travel,Eco,759,2,5,2,1,3,2,3,3,3,2,5,3,3,2.85,56,61,FALSE
Female,Loyal Customer,58,Business Travel,Business,3158,3,3,3,3,5,4,4,3,3,4,3,3,5,3.54,0,0,TRUE
Female,Loyal Customer,58,Business Travel,Eco,551,3,4,4,4,4,4,3,2,2,3,2,2,2,3,0,0,FALSE
Male,Loyal Customer,18,Personal Travel,Eco,151,2,5,2,1,4,2,4,4,5,5,5,3,4,3.54,2,6,FALSE
Male,Loyal Customer,44,Business Travel,Business,209,4,4,4,4,1,5,4,5,5,5,4,4,2,3.92,0,0,TRUE
Female,Loyal Customer,35,Personal Travel,Eco,197,1,4,1,4,3,1,3,3,4,5,5,3,3,3.08,4,0,FALSE
Male,Loyal Customer,41,Personal Travel,Eco Plus,406,2,5,2,3,2,2,2,2,5,5,5,4,2,3.15,5,11,FALSE
Male,Loyal Customer,9,Personal Travel,Eco,2404,4,3,4,2,5,4,5,5,4,1,2,2,5,3.54,0,0,FALSE
Female,Loyal Customer,49,Business Travel,Business,301,4,4,4,4,2,4,5,4,4,4,4,3,3,3.77,0,0,TRUE
Female,Loyal Customer,43,Business Travel,Eco,533,4,5,5,5,5,2,5,4,4,4,4,4,2,4.08,15,20,TRUE
Male,Loyal Customer,52,Personal Travel,Eco,2306,4,4,4,1,2,4,2,2,3,2,5,3,2,2.92,80,62,FALSE
Female,Loyal Customer,63,Personal Travel,Eco,954,2,4,2,3,2,5,5,4,4,2,4,3,5,3.46,0,8,FALSE
Male,Loyal Customer,29,Business Travel,Business,683,5,5,5,5,4,4,4,4,5,3,5,5,4,4.46,0,4,TRUE
Male,Loyal Customer,72,Business Travel,Eco Plus,852,2,2,2,2,2,2,2,2,3,4,3,4,2,2.46,90,91,FALSE
Male,Disloyal Customer,27,Business Travel,Business,534,0,0,0,2,5,0,4,5,3,4,4,5,5,2.85,32,19,TRUE
Female,Loyal Customer,54,Personal Travel,Eco,752,2,4,2,3,4,5,4,5,5,2,5,4,4,3.77,0,0,FALSE
Male,Loyal Customer,17,Business Travel,Eco Plus,224,3,1,1,1,3,3,3,3,1,4,4,3,3,2.54,0,5,FALSE
Female,Loyal Customer,24,Business Travel,Business,1411,4,4,4,4,3,4,3,3,5,4,5,4,3,3.85,0,0,TRUE
Female,Loyal Customer,32,Business Travel,Business,888,1,1,1,1,3,3,3,3,5,5,5,4,3,2.92,13,14,TRUE
Female,Loyal Customer,39,Business Travel,Business,2182,5,5,5,5,3,4,4,5,5,5,5,3,5,4.54,9,2,TRUE
Male,Loyal Customer,45,Personal Travel,Eco,1723,3,4,3,4,5,3,5,5,5,2,5,5,5,4.15,18,0,FALSE
Female,Loyal Customer,39,Business Travel,Business,1440,3,2,2,2,4,4,3,3,3,3,3,1,1,2.62,0,0,FALSE
Female,Loyal Customer,69,Personal Travel,Business,216,2,0,2,5,2,5,5,3,3,2,3,3,5,3.08,0,0,FALSE
Male,Loyal Customer,23,Business Travel,Business,588,2,2,2,2,3,3,3,3,5,3,4,4,3,3,9,1,TRUE
Male,Loyal Customer,53,Business Travel,Eco,919,2,5,5,5,2,2,2,2,3,1,4,2,2,2.85,0,0,FALSE
Female,Loyal Customer,66,Personal Travel,Eco,1416,2,5,2,1,5,5,5,1,1,2,1,4,3,2.85,0,0,FALSE
Female,Loyal Customer,46,Business Travel,Eco,391,4,4,4,4,1,4,3,4,4,4,4,3,1,3.38,0,0,FALSE
Female,Loyal Customer,50,Business Travel,Business,1723,5,5,5,5,3,4,4,4,4,5,4,3,4,4.23,0,22,TRUE
Female,Loyal Customer,42,Business Travel,Eco,655,4,4,4,4,5,5,4,4,4,4,4,1,4,3.92,0,0,TRUE
Female,Loyal Customer,53,Business Travel,Business,3574,3,3,3,3,5,5,4,4,4,4,5,3,3,3.77,0,0,TRUE
Male,Loyal Customer,49,Personal Travel,Eco Plus,109,2,5,2,1,3,2,3,3,5,2,1,3,3,2.69,0,0,FALSE
Male,Loyal Customer,59,Personal Travel,Eco,177,3,5,3,3,2,3,2,2,5,3,2,1,2,2.77,58,53,FALSE
Female,Loyal Customer,45,Business Travel,Business,3085,3,3,3,3,5,4,4,3,3,4,3,5,4,3.62,0,0,TRUE
Female,Loyal Customer,35,Business Travel,Eco,1024,4,5,5,5,4,4,4,4,5,2,2,1,4,3.77,0,0,TRUE
Female,Loyal Customer,30,Personal Travel,Business,762,4,4,4,1,5,4,4,5,3,4,4,3,5,3.85,44,48,FALSE
Female,Loyal Customer,33,Business Travel,Business,214,3,3,3,3,3,5,4,4,4,4,4,5,4,3.77,0,0,TRUE
Male,Disloyal Customer,48,Business Travel,Business,1235,3,3,3,3,4,3,4,4,3,5,4,5,4,3.69,74,65,TRUE
Female,Loyal Customer,17,Business Travel,Eco Plus,427,4,5,5,5,4,4,3,4,2,1,3,2,4,3.54,0,0,TRUE
Male,Loyal Customer,45,Business Travel,Business,909,2,2,2,2,4,5,5,4,4,4,4,3,3,3.38,0,0,TRUE
Female,Loyal Customer,16,Personal Travel,Eco,2586,2,4,2,4,5,2,5,5,3,5,5,3,5,3.85,22,14,FALSE
Female,Disloyal Customer,24,Business Travel,Eco,649,4,5,4,4,3,4,3,3,3,3,4,5,3,3.69,38,45,FALSE
Female,Loyal Customer,29,Personal Travel,Eco,936,2,5,2,1,4,2,4,4,2,5,3,3,4,3.15,40,36,FALSE
Male,Disloyal Customer,10,Business Travel,Eco,594,3,1,4,4,3,4,1,3,2,3,3,2,3,2.77,0,0,FALSE
Male,Disloyal Customer,20,Business Travel,Business,1005,4,3,4,4,1,4,1,1,4,5,4,5,1,3.15,0,0,TRUE
Female,Loyal Customer,59,Business Travel,Business,483,2,2,2,2,4,5,5,3,3,4,3,5,5,3.46,0,0,TRUE
Male,Loyal Customer,9,Personal Travel,Eco,334,4,4,4,5,1,4,1,1,5,3,5,3,1,3.15,3,0,TRUE
Male,Loyal Customer,48,Business Travel,Business,3160,2,2,2,2,5,3,3,2,2,2,2,3,4,2.62,13,30,FALSE
Male,Loyal Customer,48,Business Travel,Business,2042,4,4,4,4,3,4,5,2,2,3,2,5,5,3.62,0,0,TRUE
Male,Loyal Customer,52,Business Travel,Business,813,4,4,4,4,5,5,4,5,5,5,5,3,4,4.38,0,0,TRUE
Male,Loyal Customer,11,Personal Travel,Eco,854,4,5,3,2,2,3,2,2,3,4,4,4,2,3.08,30,48,FALSE
Female,Loyal Customer,37,Business Travel,Business,1205,2,2,4,2,5,5,5,5,5,5,5,5,3,4.08,1,0,TRUE
Female,Loyal Customer,10,Personal Travel,Eco,1440,3,2,3,1,2,3,3,2,1,1,2,1,2,2,0,0,FALSE
Male,Disloyal Customer,22,Business Travel,Eco,615,3,5,3,3,5,3,5,5,3,5,4,5,5,4.15,92,71,FALSE
Female,Loyal Customer,32,Business Travel,Business,2521,5,2,5,5,4,5,5,3,3,4,5,5,5,4.31,0,0,TRUE
Male,Loyal Customer,27,Business Travel,Business,1487,4,2,2,2,4,3,4,4,2,4,2,2,4,3,0,0,FALSE
Male,Loyal Customer,45,Business Travel,Eco,842,1,5,5,5,1,1,1,1,3,1,3,4,1,2.46,0,0,FALSE
Female,Loyal Customer,51,Business Travel,Business,1972,1,1,1,1,4,4,5,4,4,4,4,5,4,3.23,0,0,TRUE
Male,Loyal Customer,59,Business Travel,Business,2082,2,2,2,2,2,5,5,5,5,5,5,5,5,3.85,0,0,TRUE
Female,Disloyal Customer,35,Business Travel,Eco,413,3,4,3,3,1,3,1,1,4,5,4,3,1,2.77,0,0,FALSE
Female,Loyal Customer,11,Personal Travel,Eco,456,3,4,3,4,1,3,1,1,4,4,5,4,1,2.92,0,0,FALSE
Male,Loyal Customer,59,Business Travel,Business,986,1,1,1,1,2,5,4,5,5,5,5,3,3,3.15,0,2,TRUE
Female,Disloyal Customer,24,Business Travel,Eco,304,2,0,2,2,1,2,1,1,4,5,5,3,1,2.23,0,0,FALSE
Male,Loyal Customer,44,Personal Travel,Eco Plus,302,2,4,3,3,4,3,4,4,5,3,1,3,4,3.31,8,7,FALSE
Male,Loyal Customer,59,Business Travel,Business,2480,3,3,3,3,4,4,4,4,4,4,4,5,4,3.77,4,0,TRUE
Male,Loyal Customer,42,Personal Travel,Eco,488,1,0,1,2,1,1,1,1,3,5,5,3,1,1.92,0,0,FALSE
Female,Loyal Customer,22,Business Travel,Business,3692,2,2,2,2,4,4,4,4,4,3,4,3,4,3.23,36,26,TRUE
Female,Loyal Customer,41,Business Travel,Business,1965,3,3,3,3,2,5,4,4,4,4,4,4,5,3.69,0,0,TRUE
Female,Loyal Customer,53,Business Travel,Business,3173,3,5,3,3,4,4,5,5,5,4,5,3,3,4,0,0,TRUE
Female,Loyal Customer,60,Business Travel,Business,2195,3,3,3,3,5,5,5,4,4,4,4,4,3,3.85,0,0,TRUE
Female,Loyal Customer,38,Business Travel,Business,377,1,1,1,1,2,2,3,4,4,4,4,2,4,2.54,61,49,TRUE
Female,Loyal Customer,70,Business Travel,Business,2104,2,2,2,2,2,2,2,5,5,5,4,3,1,2.85,8,5,TRUE
Male,Loyal Customer,46,Business Travel,Eco,964,4,1,1,1,4,4,4,4,2,2,4,3,4,2.92,3,4,FALSE
Female,Loyal Customer,37,Personal Travel,Eco,605,2,3,2,3,3,2,3,3,2,2,4,4,3,2.77,11,11,FALSE
Male,Loyal Customer,15,Business Travel,Business,1597,1,1,1,1,1,2,1,1,4,2,3,3,1,1.69,0,8,FALSE
Male,Loyal Customer,62,Personal Travel,Eco,1660,2,5,2,2,1,2,1,1,4,5,5,5,1,2.77,0,0,FALSE
Female,Disloyal Customer,25,Business Travel,Business,1055,4,5,4,3,4,4,2,4,3,3,4,5,4,3.77,60,45,TRUE
Female,Loyal Customer,45,Business Travel,Business,1920,0,0,0,4,5,5,5,3,3,3,3,3,3,2.85,4,0,TRUE
Female,Disloyal Customer,25,Business Travel,Eco,1190,3,4,4,4,3,4,3,3,3,2,3,2,3,3.15,0,1,FALSE
Female,Loyal Customer,31,Business Travel,Eco Plus,925,4,4,4,4,5,5,5,5,2,4,2,4,5,4.08,5,0,TRUE
Male,Loyal Customer,52,Business Travel,Business,223,3,3,3,3,5,4,3,1,1,1,3,2,2,2.62,1,5,FALSE
Male,Loyal Customer,39,Business Travel,Business,1817,5,3,5,5,3,5,4,5,5,5,5,5,4,4.54,0,0,TRUE
Female,Disloyal Customer,41,Business Travel,Business,308,3,3,3,2,2,3,2,2,1,3,4,3,2,2.54,25,16,FALSE
Male,Loyal Customer,45,Personal Travel,Eco,1092,2,3,2,4,4,2,4,4,4,3,4,1,4,3.15,20,5,FALSE
Female,Loyal Customer,65,Personal Travel,Eco,258,2,5,2,1,2,4,3,3,3,2,5,5,5,3.23,21,4,FALSE
Male,Loyal Customer,17,Personal Travel,Eco,101,4,4,4,3,3,4,3,3,2,2,3,3,3,3.15,0,0,FALSE
Male,Loyal Customer,36,Business Travel,Business,3074,1,1,1,1,3,5,4,5,5,5,5,5,4,3.46,0,62,TRUE
Male,Loyal Customer,32,Personal Travel,Eco Plus,1073,2,5,2,4,1,2,1,1,3,4,5,5,1,2.77,0,0,FALSE
Female,Loyal Customer,47,Business Travel,Business,2585,2,2,2,2,5,4,5,4,4,4,4,4,5,3.62,19,13,TRUE
Male,Loyal Customer,20,Personal Travel,Eco,86,1,4,1,5,4,1,5,4,5,3,4,5,4,3.54,0,0,FALSE
Male,Disloyal Customer,25,Business Travel,Eco,1744,4,4,4,1,4,4,4,4,1,4,2,2,4,3.23,9,0,FALSE
Male,Loyal Customer,15,Business Travel,Business,749,3,3,3,3,4,4,4,4,5,5,5,5,4,4,12,15,TRUE
Male,Loyal Customer,29,Personal Travel,Eco,366,3,1,3,4,1,3,1,1,2,5,3,2,1,2.31,0,0,FALSE
Female,Loyal Customer,44,Business Travel,Eco,1037,2,3,3,3,1,4,4,2,2,2,2,1,1,2.31,0,0,FALSE
Male,Loyal Customer,31,Personal Travel,Eco,580,2,5,2,4,5,2,1,5,3,3,4,4,5,3.46,24,18,FALSE
Male,Loyal Customer,34,Personal Travel,Eco,1608,3,5,3,3,1,3,2,1,3,3,3,5,1,2.77,0,0,FALSE
Male,Loyal Customer,17,Personal Travel,Eco,431,2,5,2,5,5,2,5,5,5,4,5,5,5,4.23,5,0,FALSE
Female,Loyal Customer,18,Personal Travel,Eco,1096,2,1,2,3,5,2,2,5,4,5,2,3,5,3.15,0,2,FALSE
Male,Loyal Customer,44,Business Travel,Eco,597,3,2,2,2,3,3,3,3,4,2,2,2,3,2.62,0,7,FALSE
Female,Loyal Customer,45,Business Travel,Business,363,5,5,5,5,3,4,4,5,5,5,5,3,3,4.38,0,0,TRUE
Female,Disloyal Customer,43,Business Travel,Eco,402,2,0,3,1,2,3,2,2,4,1,4,5,2,2.38,0,0,FALSE
Male,Loyal Customer,69,Personal Travel,Eco,338,2,4,2,4,5,2,5,5,4,3,3,3,5,3.62,2,0,FALSE
Female,Disloyal Customer,50,Business Travel,Business,1020,2,2,2,3,5,2,5,5,4,3,5,4,5,3.62,0,0,TRUE
Female,Loyal Customer,47,Personal Travel,Eco,701,3,2,3,4,3,3,4,5,5,3,1,1,3,3.08,23,29,FALSE
Male,Loyal Customer,39,Personal Travel,Eco,1514,1,1,1,3,4,1,4,4,2,4,3,4,4,2.77,0,0,FALSE
Male,Loyal Customer,62,Personal Travel,Business,270,3,5,3,1,5,5,4,3,3,3,3,5,4,3.62,0,0,FALSE
Female,Loyal Customer,43,Business Travel,Business,2033,0,0,0,1,4,5,5,3,3,3,3,5,4,2.77,0,0,TRUE
Male,Loyal Customer,42,Business Travel,Business,3853,2,1,1,1,3,3,3,2,2,2,2,3,2,2.08,0,5,FALSE
Male,Disloyal Customer,27,Business Travel,Business,802,4,4,4,3,1,4,1,1,3,2,5,3,1,2.77,0,0,TRUE
Female,Loyal Customer,32,Business Travel,Business,3964,1,1,1,1,4,3,4,4,3,3,4,4,4,2.85,27,32,TRUE
Male,Loyal Customer,38,Personal Travel,Eco,1721,3,1,3,2,3,3,3,3,2,2,2,4,3,2.62,127,124,FALSE
Female,Loyal Customer,47,Business Travel,Business,1503,5,5,5,5,3,1,4,4,4,4,5,5,5,4.23,59,43,TRUE
Male,Disloyal Customer,27,Business Travel,Business,395,2,2,2,2,5,2,5,5,1,4,2,1,5,2.92,0,19,FALSE
Male,Loyal Customer,65,Personal Travel,Eco,594,1,3,1,4,3,1,3,3,5,2,2,3,3,2.62,4,4,FALSE
Male,Loyal Customer,38,Business Travel,Eco,1020,3,5,5,5,3,3,3,3,4,4,3,2,3,3.54,1,0,FALSE
Male,Loyal Customer,52,Business Travel,Business,425,1,1,1,1,3,4,5,4,4,4,4,5,4,3.15,0,0,TRUE
Male,Loyal Customer,47,Business Travel,Business,1952,4,3,4,4,4,5,5,3,3,4,3,3,3,3.69,0,0,TRUE
Male,Loyal Customer,23,Business Travel,Business,545,1,1,1,1,5,5,5,5,4,4,5,5,5,3.62,28,17,TRUE
Female,Loyal Customer,35,Business Travel,Business,2282,3,3,3,3,1,5,5,4,4,4,4,2,4,3.46,0,0,TRUE
Female,Loyal Customer,54,Personal Travel,Eco,2139,5,4,5,2,3,4,4,2,2,5,4,4,5,3.77,3,0,TRUE
Male,Loyal Customer,54,Business Travel,Business,2688,5,5,5,5,2,2,2,2,3,3,2,2,2,3.08,0,0,TRUE
Female,Loyal Customer,44,Business Travel,Business,1701,1,1,5,1,3,1,3,5,5,5,5,2,3,3.08,68,69,TRUE
Male,Loyal Customer,50,Business Travel,Business,1949,2,2,2,2,5,4,4,5,5,5,5,5,3,3.77,8,1,TRUE
Female,Loyal Customer,44,Business Travel,Business,3910,3,3,5,3,4,4,2,4,4,4,4,1,3,3.38,0,0,TRUE
Female,Loyal Customer,40,Business Travel,Eco Plus,2075,3,4,5,5,3,3,3,3,2,4,3,1,3,3.23,5,12,FALSE
Male,Loyal Customer,29,Business Travel,Business,326,3,3,3,3,4,4,4,4,4,5,5,4,4,3.85,0,0,TRUE
Male,Disloyal Customer,24,Business Travel,Eco,1337,5,5,5,3,2,5,2,2,2,3,4,2,2,3.23,26,2,TRUE
Female,Loyal Customer,44,Business Travel,Business,2461,3,3,3,3,3,5,4,4,4,4,4,3,5,3.69,21,12,TRUE
Male,Loyal Customer,40,Business Travel,Business,1586,1,1,1,1,5,3,1,5,5,5,4,2,5,3,0,0,TRUE
Female,Loyal Customer,54,Business Travel,Eco,997,1,5,2,5,4,3,3,1,1,1,1,3,4,2.62,114,108,FALSE
Male,Loyal Customer,61,Business Travel,Business,1886,2,2,2,2,3,3,3,3,3,3,2,1,3,2.46,80,71,FALSE
Male,Loyal Customer,17,Personal Travel,Eco,590,3,4,3,3,3,5,5,4,1,1,2,5,5,3.38,233,222,FALSE
Female,Loyal Customer,54,Personal Travel,Business,495,3,4,3,4,5,2,1,5,5,3,5,3,2,3.46,8,10,FALSE
Female,Loyal Customer,37,Business Travel,Business,1464,1,1,1,1,4,2,4,4,4,4,4,5,4,3,0,11,TRUE
Female,Loyal Customer,47,Business Travel,Business,2640,4,1,1,1,4,4,4,1,1,2,4,4,4,2.69,210,161,FALSE
Male,Loyal Customer,23,Business Travel,Business,2975,3,3,5,3,5,4,5,5,5,5,5,3,5,4.31,4,0,TRUE
Female,Loyal Customer,12,Personal Travel,Eco,419,5,2,1,2,2,1,2,2,2,1,2,2,2,2,0,0,TRUE
Male,Loyal Customer,40,Business Travel,Business,1865,5,5,5,5,3,3,4,2,2,2,2,3,3,3.38,0,0,TRUE
Female,Disloyal Customer,42,Business Travel,Business,377,2,2,2,3,2,2,2,2,5,4,5,5,2,2.92,44,46,FALSE
Female,Loyal Customer,47,Personal Travel,Eco,1020,4,3,4,1,1,3,5,1,1,4,1,1,5,2.62,0,0,FALSE
Female,Loyal Customer,46,Business Travel,Business,1005,5,5,5,5,4,4,5,4,4,4,4,5,4,4.46,0,0,TRUE
Female,Loyal Customer,27,Business Travel,Business,3918,1,5,1,1,4,4,4,4,4,1,3,4,4,3.08,0,0,TRUE
Female,Loyal Customer,35,Business Travel,Eco,1249,5,5,5,5,5,5,5,5,1,2,4,1,5,4.08,32,10,TRUE
Female,Loyal Customer,40,Personal Travel,Eco,199,3,4,3,3,5,3,5,5,4,2,4,3,5,3.77,0,0,FALSE
Female,Loyal Customer,61,Personal Travel,Eco,1488,1,5,1,3,1,1,1,5,2,2,1,1,1,1.92,129,148,FALSE
Female,Loyal Customer,49,Personal Travel,Eco,325,4,4,2,3,4,4,2,2,2,2,2,3,3,2.85,0,0,FALSE
Male,Loyal Customer,34,Personal Travel,Eco,692,2,2,2,3,2,2,2,2,2,1,3,1,2,2,0,0,FALSE
Female,Loyal Customer,21,Personal Travel,Eco,783,1,4,2,4,5,2,5,5,3,3,4,5,5,3.69,0,14,FALSE
Female,Loyal Customer,12,Personal Travel,Eco,453,4,4,4,3,5,4,5,5,3,2,4,5,5,4.08,28,10,FALSE
Male,Loyal Customer,53,Business Travel,Business,2455,1,2,2,2,1,1,1,1,4,3,2,1,1,1.69,182,155,FALSE
Female,Loyal Customer,39,Personal Travel,Eco,990,4,4,4,1,4,4,1,4,5,4,4,3,4,3.54,5,0,FALSE
Male,Loyal Customer,48,Business Travel,Business,3088,4,4,5,4,3,4,4,4,4,4,4,3,3,3.85,0,12,TRUE
Female,Loyal Customer,70,Personal Travel,Business,1052,3,5,3,3,2,5,5,1,1,3,1,5,4,3.15,16,24,FALSE
Male,Loyal Customer,40,Business Travel,Business,3906,5,5,5,5,2,4,4,5,5,5,5,5,4,4.54,7,1,TRUE
Female,Loyal Customer,36,Business Travel,Business,1121,5,5,5,5,4,5,5,4,4,4,4,5,3,4.46,0,0,TRUE
Male,Loyal Customer,39,Business Travel,Business,342,5,5,5,5,5,4,4,5,5,4,5,4,3,4.54,5,7,TRUE
Female,Loyal Customer,43,Business Travel,Business,3580,4,4,4,4,3,5,3,5,5,5,5,4,5,4.31,0,0,TRUE
Male,Loyal Customer,54,Personal Travel,Eco,337,3,4,2,2,4,2,4,4,3,2,4,5,4,3.31,0,0,FALSE
Male,Loyal Customer,53,Personal Travel,Eco,765,3,5,3,3,2,3,1,2,3,3,5,5,2,3.08,21,0,FALSE
Male,Loyal Customer,71,Business Travel,Eco,259,3,1,1,1,3,3,3,3,4,2,3,1,3,2.38,0,0,FALSE
Female,Loyal Customer,67,Business Travel,Eco Plus,979,4,1,3,1,3,1,1,4,4,4,4,5,4,3,0,0,TRUE
Male,Loyal Customer,30,Personal Travel,Eco,399,5,5,5,5,1,5,1,1,3,5,1,4,1,3.23,0,0,TRUE
Female,Loyal Customer,38,Personal Travel,Eco,1142,3,4,3,5,5,3,5,5,5,3,3,5,5,4.15,0,0,FALSE
Male,Loyal Customer,24,Business Travel,Business,1562,2,4,4,4,2,2,2,2,2,1,3,1,2,2.38,0,3,FALSE
Male,Loyal Customer,17,Business Travel,Business,231,3,1,1,1,3,3,3,3,2,5,4,3,3,2.69,17,15,FALSE
Male,Disloyal Customer,28,Business Travel,Eco,453,4,3,5,3,1,5,3,1,3,5,3,1,1,2.92,0,43,FALSE
Female,Loyal Customer,57,Business Travel,Eco,337,5,2,1,2,1,3,4,5,5,5,5,5,3,3.54,0,0,TRUE
Male,Loyal Customer,48,Business Travel,Business,507,3,3,3,3,3,4,5,5,5,5,5,3,5,4,8,0,TRUE
Male,Loyal Customer,34,Personal Travel,Eco,277,2,2,2,3,2,2,2,2,2,1,3,2,2,2.08,44,53,FALSE
Female,Loyal Customer,37,Business Travel,Eco,268,3,4,4,4,3,3,3,3,1,3,3,1,3,2.92,20,15,FALSE
Female,Disloyal Customer,23,Business Travel,Eco,187,1,3,1,4,2,1,2,2,3,4,4,1,2,2.31,16,14,FALSE
Female,Disloyal Customer,12,Business Travel,Eco,991,1,1,1,3,2,1,2,2,1,4,3,2,2,1.92,62,53,FALSE
Male,Loyal Customer,54,Business Travel,Business,473,4,4,4,4,4,4,5,4,4,4,4,3,5,4.08,0,0,TRUE
Female,Loyal Customer,43,Business Travel,Business,3121,3,5,5,5,2,2,3,3,3,3,3,3,4,3.38,9,8,FALSE
Male,Loyal Customer,53,Personal Travel,Eco,2475,2,3,2,3,2,3,3,3,4,2,2,3,3,2.69,0,0,FALSE
Male,Loyal Customer,53,Business Travel,Business,302,1,1,1,1,4,4,4,4,4,4,4,3,5,3.08,68,64,TRUE
Male,Disloyal Customer,34,Business Travel,Business,697,2,2,2,4,2,2,2,2,4,4,3,4,2,2.69,0,0,FALSE
Female,Loyal Customer,15,Personal Travel,Eco,427,2,0,2,4,2,2,3,2,3,3,4,4,2,2.54,1,0,FALSE
Male,Disloyal Customer,39,Business Travel,Business,829,4,5,5,4,1,5,1,1,4,3,4,3,1,3.15,0,0,FALSE
Female,Loyal Customer,13,Personal Travel,Business,888,2,2,2,3,4,2,4,4,1,4,3,3,4,2.92,7,1,FALSE
Male,Disloyal Customer,18,Business Travel,Eco,228,2,2,2,3,1,2,1,1,3,3,3,1,1,1.92,0,0,FALSE
Female,Disloyal Customer,41,Business Travel,Business,291,2,2,2,4,5,4,2,5,1,3,4,2,5,3.15,0,0,FALSE
Female,Loyal Customer,46,Personal Travel,Eco,247,4,4,4,3,4,4,4,5,5,4,5,4,4,4.15,0,0,TRUE
Female,Loyal Customer,27,Business Travel,Business,606,2,2,2,2,2,2,2,2,3,4,4,3,2,2.46,0,66,FALSE
Male,Loyal Customer,14,Personal Travel,Eco,153,2,5,2,3,5,2,4,5,3,4,4,3,5,3.62,0,0,FALSE
Male,Loyal Customer,11,Personal Travel,Eco,479,2,4,1,3,4,1,1,4,3,3,3,5,4,2.92,0,5,FALSE
Male,Disloyal Customer,35,Business Travel,Business,899,3,4,4,3,3,4,3,3,3,4,4,5,3,3.54,17,21,FALSE
Female,Loyal Customer,42,Business Travel,Business,3671,1,1,1,1,5,4,4,4,4,4,4,3,3,3,14,10,TRUE
Male,Loyal Customer,56,Business Travel,Business,1721,2,1,1,1,4,3,4,2,2,2,2,4,3,2.38,41,45,FALSE
Female,Loyal Customer,18,Personal Travel,Eco,189,3,1,0,3,1,0,1,1,3,4,2,3,1,1.77,15,8,FALSE
Female,Loyal Customer,52,Business Travel,Business,1831,5,3,5,5,1,5,2,4,4,4,4,4,5,3.92,0,6,TRUE
Female,Loyal Customer,50,Business Travel,Business,2803,1,1,1,1,3,4,5,4,4,4,4,4,3,3,0,0,TRUE
Female,Loyal Customer,50,Personal Travel,Eco,247,2,5,2,5,2,4,4,3,3,2,3,4,5,3.38,11,17,FALSE
Female,Loyal Customer,41,Personal Travel,Eco,569,2,5,2,4,2,2,2,2,1,5,3,3,2,2.69,0,0,FALSE
Male,Loyal Customer,45,Business Travel,Business,3576,4,4,4,4,1,5,1,5,5,5,5,3,1,3.62,0,17,TRUE
Female,Loyal Customer,42,Business Travel,Business,2704,4,5,5,5,3,4,3,4,4,4,4,4,4,4.08,0,2,FALSE
Male,Disloyal Customer,29,Business Travel,Eco,1222,3,3,3,3,3,3,1,3,1,1,4,3,3,2.62,3,0,FALSE
Male,Loyal Customer,39,Business Travel,Business,554,3,3,3,3,3,3,1,3,3,3,3,1,5,2.85,31,11,TRUE
Male,Loyal Customer,59,Business Travel,Eco Plus,190,2,4,4,4,2,2,2,2,4,2,3,1,2,2.62,0,0,FALSE
Male,Loyal Customer,57,Personal Travel,Eco,998,3,3,3,5,3,3,3,3,5,5,1,1,3,3.15,25,7,FALSE
Male,Loyal Customer,38,Business Travel,Business,1517,4,4,4,4,3,5,4,5,5,5,5,3,3,4.15,0,0,TRUE
Female,Loyal Customer,44,Business Travel,Business,323,3,3,3,3,3,4,4,4,4,4,4,3,4,3.54,1,0,TRUE
Female,Loyal Customer,35,Personal Travel,Eco,329,3,3,2,1,3,2,3,3,3,5,4,1,3,2.77,59,39,FALSE
Male,Disloyal Customer,25,Business Travel,Eco,680,5,5,5,2,3,5,1,3,3,5,3,2,3,3.46,0,0,TRUE
Male,Disloyal Customer,27,Business Travel,Business,1192,2,2,2,4,3,2,3,3,4,5,5,3,3,3.15,0,0,FALSE
Male,Loyal Customer,44,Business Travel,Business,2296,3,3,3,3,5,3,4,5,5,5,5,3,4,3.92,0,0,TRUE
Female,Loyal Customer,48,Business Travel,Business,2422,1,1,1,1,4,5,5,5,5,5,5,5,3,3.54,25,42,TRUE
Male,Disloyal Customer,40,Business Travel,Eco,894,3,3,3,5,1,3,1,1,5,2,5,5,1,2.92,7,0,FALSE
Male,Loyal Customer,47,Business Travel,Business,1846,5,5,5,5,5,4,4,5,5,5,5,3,3,4.54,0,1,TRUE
Female,Loyal Customer,48,Business Travel,Business,3927,4,4,4,4,2,5,4,3,3,4,3,5,4,3.77,32,18,TRUE
Male,Loyal Customer,35,Business Travel,Business,1371,1,1,1,1,4,5,4,3,3,4,3,3,5,2.92,13,23,TRUE
Female,Disloyal Customer,24,Business Travel,Business,395,3,3,3,3,5,3,5,5,3,5,4,2,5,3.77,52,48,FALSE
Female,Loyal Customer,52,Personal Travel,Eco,854,5,4,5,2,4,4,5,3,3,5,3,4,4,3.92,0,0,TRUE
Male,Loyal Customer,63,Business Travel,Eco,116,4,4,4,4,4,4,4,4,3,2,4,1,4,3.54,12,0,FALSE
Male,Loyal Customer,11,Business Travel,Business,2421,3,2,2,2,3,3,3,3,2,2,3,2,3,2.54,50,91,FALSE
Male,Loyal Customer,60,Business Travel,Business,641,2,2,2,2,4,4,4,4,4,4,4,3,5,3.38,0,0,TRUE
Male,Disloyal Customer,44,Business Travel,Eco,1303,1,1,1,4,2,1,2,2,2,1,4,4,2,2.08,0,0,FALSE
Female,Loyal Customer,41,Personal Travel,Eco,896,1,2,1,4,3,1,4,3,4,5,4,4,3,3,4,8,FALSE
Male,Loyal Customer,47,Business Travel,Business,1189,2,1,1,1,5,4,3,2,2,2,2,3,2,2.31,0,7,FALSE
Female,Disloyal Customer,37,Business Travel,Eco,228,3,4,3,3,5,3,5,5,3,4,3,4,5,3.85,0,0,FALSE
Female,Loyal Customer,59,Business Travel,Business,2984,4,4,2,4,5,4,5,5,5,4,5,5,3,4.23,7,3,TRUE
Female,Loyal Customer,19,Personal Travel,Eco,496,3,5,3,5,1,3,1,1,1,4,2,2,1,2.46,0,0,FALSE
Male,Loyal Customer,47,Business Travel,Business,1788,2,2,2,2,4,3,5,4,4,5,4,3,5,3.46,64,46,TRUE
Male,Loyal Customer,37,Personal Travel,Eco,746,5,2,5,4,3,5,3,3,2,5,4,1,3,3.46,0,0,TRUE
Male,Loyal Customer,59,Personal Travel,Eco,737,1,2,1,4,3,1,3,3,4,1,3,3,3,2.46,0,0,FALSE
Female,Loyal Customer,37,Business Travel,Business,1171,3,1,1,1,1,2,3,3,3,3,3,2,4,2.31,20,14,FALSE
Female,Loyal Customer,61,Business Travel,Business,2897,4,4,4,4,2,4,4,4,4,4,5,4,5,4,0,0,TRUE
Male,Disloyal Customer,26,Business Travel,Business,213,3,0,3,3,2,3,2,2,5,5,4,4,2,2.92,0,0,FALSE
Male,Loyal Customer,48,Business Travel,Business,391,1,1,1,1,4,5,4,5,5,5,5,4,5,3.54,0,,TRUE
Female,Loyal Customer,73,Business Travel,Business,399,2,2,2,2,2,2,4,5,5,5,5,3,4,3.31,0,0,TRUE
Male,Loyal Customer,70,Business Travel,Eco Plus,337,3,5,4,5,3,3,3,3,3,3,2,1,3,3.15,0,0,FALSE
Male,Loyal Customer,69,Personal Travel,Eco,508,5,5,5,3,3,5,3,3,4,5,5,4,3,4.08,0,0,TRUE
Female,Loyal Customer,47,Business Travel,Business,3014,1,1,1,1,5,4,4,5,5,5,5,3,3,3.31,0,0,TRUE
Male,Loyal Customer,47,Business Travel,Eco,919,2,2,2,2,2,2,2,2,1,3,4,3,2,2.23,0,0,FALSE
Female,Loyal Customer,25,Business Travel,Eco,1222,5,4,4,4,5,5,4,5,5,2,5,2,5,4.23,34,11,TRUE
Male,Loyal Customer,60,Business Travel,Business,3591,5,5,5,5,2,4,4,5,5,5,5,5,4,4.54,97,108,TRUE
Female,Loyal Customer,68,Personal Travel,Eco,1111,2,5,2,2,2,5,5,5,5,2,5,4,5,3.77,37,29,FALSE
Female,Loyal Customer,48,Personal Travel,Eco,431,5,3,5,1,2,5,2,2,2,5,2,2,5,3.15,13,18,TRUE
Male,Loyal Customer,30,Business Travel,Business,3462,4,2,4,4,4,4,4,4,5,4,4,5,4,4,0,0,TRUE
Male,Loyal Customer,60,Business Travel,Eco,483,4,3,3,3,4,4,4,4,3,2,4,2,4,3.38,0,6,TRUE
Male,Loyal Customer,26,Personal Travel,Eco,671,2,1,2,4,2,2,2,2,1,3,4,4,2,2.38,22,18,FALSE
Female,Loyal Customer,25,Personal Travel,Eco,631,2,5,2,5,1,2,1,1,5,4,5,3,1,2.85,47,53,FALSE
Female,Loyal Customer,22,Business Travel,Business,3287,4,4,4,4,4,4,4,4,5,3,5,5,4,4.15,39,50,TRUE
Male,Loyal Customer,52,Personal Travel,Eco,240,2,4,2,2,2,2,2,2,4,3,4,4,2,2.69,0,0,FALSE
Female,Disloyal Customer,23,Business Travel,Eco,337,1,1,1,1,4,1,4,4,3,3,2,2,4,2.38,0,0,FALSE
Male,Loyal Customer,68,Personal Travel,Eco,1454,1,4,1,4,3,1,3,3,3,3,4,3,3,2.77,23,4,FALSE
Male,Loyal Customer,60,Business Travel,Business,3294,2,4,2,4,4,4,4,2,2,2,2,4,4,3.08,0,0,FALSE
Female,Loyal Customer,47,Business Travel,Business,3709,3,3,3,3,4,5,2,5,5,5,5,4,2,3.77,0,0,TRUE
Male,Loyal Customer,16,Personal Travel,Eco,1009,5,5,5,4,4,5,4,4,3,2,4,5,4,4.15,26,15,TRUE
Female,Loyal Customer,53,Business Travel,Business,67,3,3,3,3,2,5,1,5,5,5,5,1,1,3.23,0,0,TRUE
Female,Loyal Customer,54,Business Travel,Eco,515,3,4,4,4,2,3,4,3,3,3,3,2,3,3.15,0,0,FALSE
Male,Loyal Customer,28,Personal Travel,Eco,606,4,4,4,3,4,4,4,4,5,4,4,3,4,3.92,35,29,TRUE
Male,Disloyal Customer,49,Business Travel,Eco,190,3,0,3,2,5,3,5,5,1,3,4,5,5,3.38,0,0,FALSE
Female,Loyal Customer,28,Business Travel,Eco Plus,842,1,3,3,3,1,1,1,1,2,1,4,1,1,1.77,0,0,FALSE
Male,Loyal Customer,47,Personal Travel,Eco,978,4,5,4,3,3,4,3,3,4,4,4,4,3,3.69,0,0,FALSE
Female,Loyal Customer,69,Business Travel,Eco Plus,1620,2,1,1,1,5,3,4,2,2,2,2,3,4,2.46,36,8,FALSE
Male,Loyal Customer,53,Business Travel,Business,1372,4,4,4,4,5,5,4,5,5,4,5,4,4,4.38,0,4,TRUE
Male,Disloyal Customer,25,Business Travel,Eco,508,1,4,1,4,4,1,4,4,1,1,3,1,4,2.54,10,4,FALSE
Female,Loyal Customer,53,Personal Travel,Eco,622,2,4,2,3,5,4,4,4,4,2,4,4,3,3.46,17,13,FALSE
Male,Loyal Customer,43,Business Travel,Eco Plus,1172,1,3,3,3,1,1,1,1,4,1,3,3,1,2,0,5,FALSE
Male,Loyal Customer,38,Personal Travel,Eco,1728,2,5,2,1,5,2,5,5,4,2,3,3,5,3.38,14,9,FALSE
Female,Loyal Customer,22,Business Travel,Eco,1605,2,1,1,1,2,1,2,3,4,4,4,2,2,2.23,138,144,FALSE
Female,Loyal Customer,44,Business Travel,Business,192,1,3,3,3,5,2,2,3,3,3,1,4,3,2.77,13,12,FALSE
Female,Loyal Customer,48,Business Travel,Eco,946,4,5,5,5,2,1,2,4,4,4,4,3,1,3.38,0,23,FALSE
Male,Loyal Customer,80,Business Travel,Business,3521,3,5,5,5,4,3,4,3,3,3,3,3,2,3.54,30,29,FALSE
Female,Loyal Customer,8,Personal Travel,Eco Plus,77,1,4,1,3,3,1,4,3,5,5,4,4,3,3.15,0,0,FALSE
Female,Loyal Customer,47,Personal Travel,Eco,393,3,4,3,4,4,4,4,3,3,3,3,4,4,3.54,0,0,FALSE
Female,Loyal Customer,66,Personal Travel,Business,164,3,4,3,3,3,5,4,5,5,3,5,5,3,3.92,0,0,FALSE
Male,Loyal Customer,43,Business Travel,Business,2610,2,5,5,5,5,4,4,2,2,2,2,1,1,3.08,0,0,FALSE
Male,Loyal Customer,57,Business Travel,Business,491,4,4,4,4,3,4,4,3,3,3,3,5,3,3.62,4,2,TRUE
Female,Disloyal Customer,24,Business Travel,Eco,337,3,0,3,2,1,3,1,1,1,3,1,5,1,1.92,58,65,FALSE
Male,Loyal Customer,28,Personal Travel,Eco,581,3,3,3,2,5,3,5,5,4,5,3,1,5,3.62,0,0,FALSE
Male,Loyal Customer,49,Business Travel,Eco,326,5,2,2,2,5,5,5,5,1,2,1,3,5,3.31,0,0,TRUE
Female,Loyal Customer,56,Business Travel,Business,2793,2,2,2,2,2,2,2,1,5,2,2,2,2,2.15,144,187,FALSE
Male,Loyal Customer,54,Business Travel,Business,1855,4,4,4,4,2,4,4,4,4,4,4,4,4,3.85,1,0,TRUE
Female,Loyal Customer,40,Business Travel,Business,2683,1,3,3,3,2,4,4,1,1,1,1,4,2,2.31,114,107,FALSE
Female,Loyal Customer,26,Business Travel,Business,1977,1,1,1,1,4,4,4,4,3,2,4,4,4,2.85,60,47,TRUE
Female,Loyal Customer,48,Business Travel,Eco Plus,612,3,4,4,4,2,3,3,3,3,3,3,2,3,3.08,0,0,FALSE
Female,Loyal Customer,52,Personal Travel,Eco,306,2,5,2,4,4,4,4,2,2,2,2,4,3,3.08,0,0,FALSE
Female,Disloyal Customer,8,Business Travel,Eco,776,1,1,1,4,1,4,4,2,4,4,4,4,4,2.92,154,180,FALSE
Male,Loyal Customer,28,Business Travel,Eco,955,5,2,2,2,5,5,5,5,5,5,5,3,5,4.15,6,8,TRUE
Female,Loyal Customer,58,Personal Travel,Eco,868,2,3,2,3,4,3,4,5,5,2,1,3,3,3.08,0,0,FALSE
Male,Loyal Customer,30,Personal Travel,Eco,655,2,0,3,1,3,3,2,3,1,4,5,5,3,2.69,0,0,FALSE
Male,Disloyal Customer,36,Business Travel,Eco,1416,3,3,3,2,3,3,5,3,5,2,3,5,3,3.31,22,0,FALSE
Female,Loyal Customer,43,Personal Travel,Eco,1047,2,4,1,3,5,5,4,1,1,1,1,5,4,2.85,29,23,FALSE
Male,Loyal Customer,74,Business Travel,Eco,488,2,3,3,3,2,2,2,2,4,5,3,3,2,2.77,0,7,FALSE
Male,Loyal Customer,63,Personal Travel,Business,200,4,4,4,2,5,5,2,5,5,4,1,5,3,3.77,35,34,FALSE
Male,Disloyal Customer,26,Business Travel,Business,592,2,1,1,2,3,1,3,3,5,4,5,4,3,2.85,112,125,FALSE
Male,Loyal Customer,62,Personal Travel,Eco,236,3,5,3,3,5,3,5,5,5,5,4,4,5,4.23,8,11,FALSE
Female,Loyal Customer,31,Business Travel,Business,1426,2,2,2,2,5,5,5,5,3,4,5,5,5,3.85,5,4,TRUE
Male,Loyal Customer,62,Business Travel,Eco Plus,405,2,2,2,2,2,2,2,2,3,1,4,3,2,2.23,1,2,FALSE
Male,Loyal Customer,51,Business Travel,Business,3702,2,5,5,5,3,4,3,2,2,2,2,3,2,3.08,0,0,FALSE
Male,Loyal Customer,33,Business Travel,Eco,214,1,4,4,4,1,1,1,1,4,5,3,4,1,2.62,76,76,FALSE
Female,Loyal Customer,38,Personal Travel,Eco,1124,3,5,3,3,3,3,3,3,5,3,5,4,3,3.54,0,0,FALSE
Female,Loyal Customer,28,Personal Travel,Eco,541,4,5,4,3,4,4,4,4,4,4,5,5,4,4.15,73,61,FALSE
Female,Loyal Customer,47,Personal Travel,Eco,110,3,2,3,4,5,4,3,5,5,3,5,4,1,3.62,0,0,FALSE
Female,Loyal Customer,34,Business Travel,Business,2422,3,3,3,3,2,5,5,4,4,4,4,1,4,3.46,34,29,TRUE
Male,Loyal Customer,58,Business Travel,Eco,2614,1,5,5,5,1,1,1,3,1,4,4,1,1,2.54,0,0,FALSE
Female,Disloyal Customer,18,Business Travel,Eco,1009,2,2,2,4,4,2,4,4,3,1,3,2,4,2.85,0,0,FALSE
Female,Loyal Customer,38,Personal Travel,Eco,331,3,5,3,3,5,3,5,5,5,3,2,5,5,4,67,59,FALSE
Male,Loyal Customer,57,Personal Travel,Eco,355,3,2,3,4,3,3,5,3,4,2,4,3,3,3.23,0,0,FALSE
Female,Loyal Customer,18,Personal Travel,Eco,197,1,5,1,5,1,1,1,1,5,2,5,2,1,2.38,15,34,FALSE
Male,Loyal Customer,18,Personal Travel,Eco,1947,3,5,3,1,3,3,3,3,4,3,4,5,3,3.31,88,83,FALSE
Male,Disloyal Customer,27,Business Travel,Business,236,2,2,2,1,4,2,3,4,4,4,4,3,4,3,7,6,FALSE
Male,Loyal Customer,45,Business Travel,Eco,986,4,2,2,2,4,4,4,4,5,1,1,5,4,3.23,0,0,TRUE
Female,Loyal Customer,55,Personal Travel,Eco,277,2,0,2,3,5,5,4,4,4,2,4,3,3,3.15,0,0,FALSE
Female,Loyal Customer,50,Business Travel,Eco,581,2,3,3,3,3,4,4,2,2,2,2,4,4,2.92,0,1,FALSE
Female,Loyal Customer,37,Business Travel,Eco,429,2,4,4,4,2,2,2,2,2,4,4,1,2,2.69,0,0,FALSE
Female,Loyal Customer,34,Personal Travel,Eco,649,4,5,4,1,3,4,2,3,2,1,5,2,3,3,0,0,FALSE
Female,Loyal Customer,50,Business Travel,Business,3833,2,2,2,2,5,5,4,4,4,4,4,3,4,3.46,0,0,TRUE
Female,Loyal Customer,44,Business Travel,Business,1748,1,1,4,1,4,4,4,4,4,4,4,3,5,3.31,0,0,TRUE
Male,Loyal Customer,19,Personal Travel,Eco,359,3,4,3,3,5,3,2,5,2,3,4,4,5,3.54,7,2,FALSE
Female,Loyal Customer,70,Personal Travel,Eco,550,1,4,1,4,2,5,5,3,3,1,3,3,5,3.08,0,0,FALSE
Female,Loyal Customer,39,Business Travel,Business,3563,1,4,4,4,4,4,4,1,1,1,1,2,3,2.62,40,41,FALSE
Male,Disloyal Customer,38,Business Travel,Eco,578,2,4,3,3,5,3,5,5,3,5,3,3,5,3.77,0,9,FALSE
Female,Loyal Customer,30,Business Travel,Business,3013,1,1,1,1,5,5,5,5,1,3,3,1,5,2.85,13,3,TRUE
Female,Loyal Customer,27,Personal Travel,Eco,130,2,4,2,3,5,2,3,5,2,2,1,1,5,2.85,5,0,FALSE
Female,Loyal Customer,39,Personal Travel,Eco,867,2,4,2,1,3,2,3,3,3,3,5,3,3,2.85,40,51,FALSE
Male,Loyal Customer,57,Personal Travel,Eco,842,1,4,1,2,3,1,3,3,3,2,4,5,3,2.69,0,0,FALSE
Female,Loyal Customer,62,Business Travel,Eco,1237,3,4,4,4,5,4,4,3,3,3,3,1,3,3.38,0,0,FALSE
Male,Disloyal Customer,24,Business Travel,Eco,611,1,0,0,2,1,0,1,1,3,3,4,3,1,1.54,1,0,FALSE
Female,Loyal Customer,38,Business Travel,Business,2947,5,5,4,5,2,1,3,4,4,5,3,3,1,3.46,10,3,TRUE
Female,Disloyal Customer,22,Business Travel,Eco,188,3,3,3,4,4,3,1,4,4,4,4,3,4,3.38,0,0,FALSE
Male,Loyal Customer,40,Business Travel,Business,190,2,2,2,2,3,4,5,4,4,4,5,3,5,3.46,0,0,TRUE
Female,Loyal Customer,54,Business Travel,Business,1670,2,2,2,2,5,5,4,4,4,4,4,4,5,3.62,0,0,TRUE
Male,Loyal Customer,66,Personal Travel,Eco,837,2,5,2,3,3,2,3,3,5,3,4,4,3,3.23,0,0,FALSE
Female,Loyal Customer,55,Business Travel,Business,1096,5,5,5,5,3,4,5,4,4,4,4,4,3,4.23,0,0,TRUE
Female,Loyal Customer,41,Business Travel,Business,3623,5,5,3,5,4,4,4,4,4,4,4,3,3,4,17,0,TRUE
Male,Loyal Customer,31,Business Travel,Eco Plus,639,2,5,5,5,2,2,2,2,4,4,4,3,2,3.23,2,0,FALSE
Male,Loyal Customer,31,Business Travel,Business,3826,2,2,2,2,5,5,5,5,4,4,5,3,5,3.77,0,0,TRUE
Male,Loyal Customer,45,Business Travel,Business,649,1,1,1,1,2,4,4,5,5,5,5,3,5,3.23,19,21,TRUE
Male,Loyal Customer,51,Business Travel,Business,228,3,3,3,3,3,4,5,4,4,4,4,3,3,3.54,0,3,TRUE
Male,Loyal Customer,36,Business Travel,Business,762,4,4,4,4,4,4,5,3,3,3,3,4,4,3.77,0,14,TRUE
Male,Loyal Customer,49,Business Travel,Business,258,3,1,3,3,3,5,4,4,4,4,4,3,4,3.46,0,0,TRUE
Female,Loyal Customer,25,Personal Travel,Eco,285,3,4,3,4,2,3,2,2,4,3,3,1,2,2.77,0,0,FALSE
Male,Disloyal Customer,22,Business Travel,Eco Plus,590,4,2,4,1,5,4,5,5,1,5,2,1,5,3.38,0,0,FALSE
Male,Disloyal Customer,62,Business Travel,Business,544,2,2,2,2,1,2,1,1,4,5,4,5,1,2.46,0,0,FALSE
Female,Loyal Customer,70,Business Travel,Business,402,1,1,1,1,2,2,1,4,4,4,4,3,4,2.46,0,0,TRUE
Male,Loyal Customer,30,Business Travel,Eco Plus,2402,1,1,1,1,1,1,1,1,1,2,4,1,1,1.31,0,15,FALSE
Female,Loyal Customer,41,Business Travel,Business,1991,5,5,3,5,3,4,4,3,3,3,3,3,5,3.77,0,0,TRUE
Male,Loyal Customer,20,Personal Travel,Eco,328,4,5,4,4,1,4,1,1,5,2,5,1,1,2.92,0,0,FALSE
Male,Loyal Customer,59,Business Travel,Business,679,3,2,2,2,2,3,4,3,3,3,3,1,3,2.62,3,0,FALSE
Male,Loyal Customer,39,Personal Travel,Eco,733,2,3,2,1,3,2,2,3,5,5,4,4,3,3,0,0,FALSE
Female,Loyal Customer,53,Business Travel,Business,1921,3,3,3,3,4,5,4,5,5,5,4,3,3,3.85,0,7,TRUE
Female,Loyal Customer,43,Business Travel,Business,3179,5,5,5,5,2,5,5,4,4,4,4,3,4,4.23,0,0,TRUE
Female,Loyal Customer,47,Personal Travel,Eco Plus,482,4,1,2,2,2,2,2,2,2,2,1,1,2,1.92,0,0,FALSE
Female,Loyal Customer,39,Business Travel,Business,2606,1,1,1,1,5,1,2,5,5,5,5,2,2,2.77,15,3,TRUE
Male,Disloyal Customer,48,Business Travel,Business,189,1,1,1,1,3,1,3,3,5,4,5,5,3,2.77,0,0,FALSE
Male,Loyal Customer,59,Personal Travel,Eco,997,2,4,2,1,4,2,2,4,3,5,4,3,4,3.08,1,0,FALSE
Female,Loyal Customer,60,Business Travel,Business,3824,1,1,1,1,5,5,5,4,4,4,4,3,3,3.15,21,0,TRUE
Male,Disloyal Customer,19,Business Travel,Eco,919,2,2,2,3,5,2,5,5,5,3,4,3,5,3.54,0,0,FALSE
Female,Disloyal Customer,36,Business Travel,Eco,748,2,2,2,2,5,2,5,5,3,5,3,2,5,3.31,0,0,FALSE
Male,Loyal Customer,63,Personal Travel,Eco,762,2,4,2,4,1,2,2,1,2,2,4,2,1,2.23,0,0,FALSE
Female,Loyal Customer,67,Personal Travel,Eco,403,2,4,2,4,4,4,5,2,2,2,2,5,4,3.23,0,0,FALSE
Female,Loyal Customer,55,Business Travel,Business,3740,2,2,2,2,4,4,5,4,4,4,4,4,4,3.46,0,0,TRUE
Female,Loyal Customer,23,Business Travel,Eco,413,4,4,4,4,4,4,4,4,3,2,2,5,4,3.69,0,0,TRUE
Male,Disloyal Customer,37,Business Travel,Business,543,3,3,3,1,4,3,4,4,5,5,4,5,4,3.69,0,0,FALSE
Female,Disloyal Customer,36,Business Travel,Business,96,3,3,3,2,2,3,2,2,3,5,4,3,2,2.85,0,0,FALSE
Male,Loyal Customer,45,Business Travel,Business,3908,5,5,2,5,5,4,1,4,4,4,4,2,2,3.62,0,0,TRUE
Female,Loyal Customer,16,Personal Travel,Eco,946,2,5,2,5,4,2,4,4,3,1,2,3,4,3.15,0,0,FALSE
Female,Disloyal Customer,26,Business Travel,Business,366,2,0,2,4,1,2,1,1,3,5,4,3,1,2.23,1,0,FALSE
Male,Disloyal Customer,49,Business Travel,Business,239,4,4,4,5,4,4,4,4,5,5,5,4,4,4.31,0,0,TRUE
Female,Disloyal Customer,25,Business Travel,Business,997,0,2,0,2,3,0,3,3,5,5,5,4,3,2.69,38,49,TRUE
Male,Loyal Customer,47,Business Travel,Business,1562,5,5,5,5,3,5,4,4,4,4,4,3,3,4.15,0,0,TRUE
Male,Loyal Customer,40,Business Travel,Eco,562,4,5,5,5,4,4,4,4,1,5,3,4,4,4,0,0,FALSE
Female,Loyal Customer,27,Personal Travel,Eco Plus,531,2,5,5,1,2,5,2,2,4,2,4,5,2,3.15,2,0,FALSE
Female,Loyal Customer,70,Personal Travel,Eco,756,3,4,3,4,3,4,5,3,3,3,3,4,4,3.54,0,0,FALSE
Female,Loyal Customer,10,Personal Travel,Eco,1099,3,3,3,5,3,3,3,3,2,2,1,3,3,2.85,66,57,FALSE
Male,Loyal Customer,31,Business Travel,Business,1982,2,2,2,2,5,5,5,5,5,4,3,5,5,3.85,0,0,TRUE
Female,Loyal Customer,24,Personal Travel,Eco,671,2,3,2,2,4,2,4,4,4,3,4,3,4,3.15,19,4,FALSE
Female,Disloyal Customer,37,Business Travel,Business,164,2,2,2,4,3,2,3,3,3,5,5,3,3,3.08,63,60,TRUE
Male,Loyal Customer,33,Personal Travel,Eco Plus,158,2,4,2,5,2,2,2,2,4,3,5,3,2,2.92,13,8,FALSE
Male,Loyal Customer,46,Business Travel,Business,271,1,1,1,1,2,4,5,5,5,5,5,3,4,3.23,5,0,TRUE
Male,Loyal Customer,54,Business Travel,Business,944,5,5,5,5,4,4,4,1,1,5,5,4,4,4,221,206,TRUE
Male,Loyal Customer,37,Business Travel,Business,1633,2,2,5,2,2,5,4,5,5,5,5,3,4,3.77,0,0,TRUE
Male,Loyal Customer,45,Business Travel,Business,3366,5,5,5,5,3,4,5,5,5,5,5,5,3,4.62,0,3,TRUE
Male,Loyal Customer,45,Personal Travel,Eco Plus,599,2,1,2,3,5,2,5,5,1,5,3,3,5,3.23,0,0,FALSE
Male,Loyal Customer,51,Business Travel,Business,451,2,2,2,2,3,5,3,4,4,5,4,4,4,3.38,89,84,TRUE
Female,Loyal Customer,45,Personal Travel,Eco,646,4,3,3,3,3,4,1,1,1,3,1,4,3,2.62,37,22,FALSE
Female,Disloyal Customer,31,Business Travel,Eco,1041,2,2,2,3,4,2,4,4,1,5,3,1,4,2.85,31,23,FALSE
Female,Loyal Customer,54,Business Travel,Business,2722,4,4,4,4,3,5,4,4,4,4,4,4,5,4.08,0,0,TRUE
Male,Loyal Customer,41,Business Travel,Business,971,5,5,5,5,3,4,5,5,5,5,5,5,4,4.69,16,15,TRUE
Female,Loyal Customer,29,Personal Travel,Eco,223,2,4,2,3,5,2,5,5,4,5,5,3,5,3.85,6,0,FALSE
Male,Loyal Customer,49,Business Travel,Business,255,3,3,3,3,2,4,4,5,5,5,5,4,5,3.92,40,41,TRUE
Male,Loyal Customer,56,Business Travel,Business,2776,4,4,4,4,5,4,4,4,4,4,4,5,3,4.08,0,0,TRUE
Male,Loyal Customer,41,Business Travel,Business,2286,4,4,4,4,4,5,4,5,5,5,5,4,5,4.46,55,19,TRUE
Female,Loyal Customer,54,Personal Travel,Business,1183,2,4,2,2,4,3,5,1,1,2,1,3,4,2.62,0,0,FALSE
Male,Loyal Customer,38,Business Travel,Business,3634,1,1,1,1,1,1,2,5,5,5,5,2,1,2.38,0,0,TRUE
Female,Disloyal Customer,47,Business Travel,Eco Plus,273,3,3,3,1,5,3,5,5,4,5,5,5,5,4,28,31,FALSE
Female,Loyal Customer,59,Personal Travel,Eco Plus,409,5,3,2,4,2,4,4,4,4,3,3,4,4,3.54,77,144,TRUE
Female,Loyal Customer,55,Business Travel,Eco,667,1,1,1,1,5,4,4,1,1,1,1,2,4,2.08,0,0,FALSE
Male,Disloyal Customer,42,Business Travel,Business,680,5,5,5,1,4,5,4,4,4,3,5,5,4,4.15,29,28,TRUE
Male,Loyal Customer,38,Business Travel,Eco,605,5,1,1,1,5,5,5,5,4,1,5,1,5,3.38,7,12,TRUE
Male,Loyal Customer,53,Business Travel,Business,2095,4,4,4,4,5,4,5,3,3,4,3,4,4,3.92,0,0,TRUE
Male,Disloyal Customer,30,Business Travel,Eco,333,1,3,1,4,5,1,5,5,2,5,4,4,5,3.46,0,0,FALSE
Male,Loyal Customer,25,Business Travel,Business,1847,1,1,1,1,5,5,5,5,3,4,5,4,5,3.46,1,0,TRUE
Male,Loyal Customer,57,Business Travel,Business,3786,5,5,5,5,5,5,5,3,3,5,4,5,5,4.62,159,149,TRUE
Male,Loyal Customer,30,Business Travel,Business,1627,1,1,1,1,4,4,4,4,3,5,5,2,4,3,88,117,TRUE
Male,Loyal Customer,52,Business Travel,Eco,374,4,1,2,1,4,4,4,4,2,4,3,3,4,3.08,0,0,TRUE
Male,Loyal Customer,40,Personal Travel,Eco,469,3,5,3,3,2,3,2,2,5,4,4,3,2,3.15,0,0,FALSE
Female,Loyal Customer,59,Business Travel,Eco,192,2,2,2,2,3,3,3,1,1,2,1,3,4,2.23,0,7,FALSE
Male,Disloyal Customer,22,Business Travel,Eco,334,1,4,1,3,3,1,3,3,4,4,4,3,3,2.85,0,0,FALSE
Female,Loyal Customer,43,Business Travel,Eco,423,4,4,4,4,1,3,3,4,4,4,4,3,4,3.54,98,91,FALSE
Female,Loyal Customer,19,Personal Travel,Eco,391,5,5,5,1,3,5,3,3,5,4,5,3,3,3.85,0,0,TRUE
Male,Loyal Customer,41,Business Travel,Business,119,1,1,1,1,3,2,2,4,4,5,4,5,2,2.69,0,15,TRUE
Female,Loyal Customer,67,Personal Travel,Eco,1050,2,5,2,2,3,5,5,4,4,2,4,5,3,3.54,11,3,FALSE
Male,Disloyal Customer,22,Business Travel,Eco,447,2,4,2,4,5,2,5,5,2,3,4,3,5,3.54,0,0,FALSE
Female,Loyal Customer,45,Personal Travel,Eco,495,2,1,2,3,4,4,3,2,2,2,2,1,4,2.46,10,7,FALSE
Female,Loyal Customer,24,Business Travel,Business,1400,3,1,1,1,3,3,3,3,4,4,4,3,3,2.77,14,11,FALSE
Female,Disloyal Customer,42,Business Travel,Eco Plus,257,2,2,2,3,2,2,2,2,3,5,3,1,2,2.38,0,0,FALSE
Female,Loyal Customer,58,Business Travel,Business,1725,2,2,2,2,3,4,4,5,5,5,4,5,5,3.69,0,0,TRUE
Male,Loyal Customer,8,Personal Travel,Business,248,3,4,3,3,1,3,1,1,5,5,4,4,1,2.92,1,0,FALSE
Female,Loyal Customer,72,Business Travel,Eco,502,1,4,4,4,3,3,3,1,1,1,1,2,2,2.31,6,0,FALSE
Female,Loyal Customer,27,Personal Travel,Eco,909,3,1,3,3,2,3,2,2,4,2,3,1,2,2.38,0,0,FALSE
Male,Loyal Customer,29,Business Travel,Business,2583,3,3,3,3,5,5,5,5,3,2,5,3,5,3.85,0,0,TRUE
Female,Loyal Customer,41,Personal Travel,Eco,2631,4,5,4,3,2,4,2,2,5,2,4,5,2,3.38,11,0,TRUE
Male,Disloyal Customer,27,Business Travel,Eco,129,3,3,3,3,5,3,4,5,5,5,2,2,5,3.69,0,5,FALSE
Male,Loyal Customer,9,Personal Travel,Eco,496,1,4,1,3,5,1,5,5,5,4,5,5,5,3.77,0,0,FALSE
Male,Disloyal Customer,24,Business Travel,Business,1118,4,5,4,3,1,4,1,1,3,3,5,2,1,2.85,0,3,TRUE
Male,Loyal Customer,49,Business Travel,Eco,1609,5,5,5,5,5,5,5,5,3,1,5,1,5,4.23,0,0,TRUE
Female,Loyal Customer,50,Business Travel,Business,516,1,1,5,1,4,2,3,4,4,4,4,3,2,2.92,0,0,TRUE
Female,Loyal Customer,39,Personal Travel,Business,337,5,4,5,3,3,4,4,2,2,5,2,4,3,3.54,0,0,TRUE
Male,Loyal Customer,18,Personal Travel,Eco,270,1,5,0,1,3,0,3,3,3,3,5,4,3,2.62,26,65,FALSE
Female,Loyal Customer,63,Personal Travel,Eco,802,4,4,3,2,5,4,4,4,4,3,4,5,3,3.77,0,2,FALSE
Male,Loyal Customer,46,Business Travel,Business,3474,1,1,1,1,5,4,4,4,4,4,4,4,4,3.15,12,12,TRUE
Male,Loyal Customer,43,Business Travel,Eco Plus,414,3,5,5,5,3,3,3,3,2,1,3,1,3,3.08,0,0,FALSE
Male,Loyal Customer,10,Personal Travel,Eco,551,3,3,3,3,3,3,5,3,4,5,4,2,3,3.38,0,0,FALSE
Female,Loyal Customer,41,Business Travel,Eco,463,5,5,2,5,4,5,4,4,3,1,2,5,4,3.77,9,1,TRUE
Female,Loyal Customer,26,Business Travel,Eco Plus,909,3,5,5,5,3,4,3,3,5,4,4,5,3,4,3,2,TRUE
Male,Loyal Customer,32,Business Travel,Eco,1050,0,1,1,3,2,1,2,2,2,2,5,1,2,1.85,0,0,TRUE
Male,Loyal Customer,64,Personal Travel,Eco,86,3,4,3,1,2,3,2,2,3,4,4,5,2,2.92,0,0,FALSE
Female,Loyal Customer,35,Personal Travel,Eco,624,2,4,1,1,4,1,3,4,3,5,5,4,4,3.15,3,11,FALSE
Female,Loyal Customer,59,Business Travel,Eco,432,4,5,5,5,4,3,3,4,4,4,4,1,1,3.62,2,0,FALSE
Female,Disloyal Customer,35,Business Travel,Eco Plus,226,2,2,2,4,1,2,1,1,3,4,3,2,1,2.15,0,0,FALSE
Male,Loyal Customer,61,Personal Travel,Eco,1045,3,4,3,3,4,3,4,4,3,3,5,3,4,3.54,0,0,FALSE
Male,Loyal Customer,39,Business Travel,Business,2401,3,2,2,2,3,3,4,3,3,3,3,2,3,2.77,0,16,FALSE
Male,Loyal Customer,45,Business Travel,Business,1028,1,1,1,1,5,5,1,4,4,3,4,3,3,2.77,1,0,TRUE
Female,Disloyal Customer,21,Business Travel,Eco,1260,3,3,3,4,4,3,4,4,5,3,5,5,4,3.85,2,0,FALSE
Female,Loyal Customer,37,Business Travel,Eco,255,3,3,4,3,3,3,3,3,4,3,5,5,3,3.46,0,0,TRUE
Female,Loyal Customer,38,Business Travel,Business,2552,3,3,3,3,5,3,1,4,4,3,4,4,4,3.38,49,68,TRUE
Female,Loyal Customer,47,Business Travel,Business,680,2,2,2,2,3,4,4,4,4,4,4,4,4,3.31,0,0,TRUE
Female,Disloyal Customer,38,Business Travel,Eco,462,2,0,2,3,1,2,1,1,4,5,4,3,1,2.23,0,0,FALSE
Male,Loyal Customer,35,Personal Travel,Eco,285,2,1,2,4,5,2,5,5,4,4,3,4,5,3.54,0,17,FALSE
Male,Loyal Customer,31,Business Travel,Business,2906,5,5,5,5,3,3,3,3,2,1,3,2,3,3.31,20,19,TRUE
Male,Loyal Customer,47,Business Travel,Business,1510,3,3,3,3,2,5,5,5,5,5,5,3,5,4,0,21,TRUE
Female,Loyal Customer,38,Business Travel,Business,2806,5,5,5,5,2,4,4,5,5,5,5,3,3,4.31,0,0,TRUE
Male,Loyal Customer,20,Business Travel,Eco,425,0,3,0,3,3,0,3,3,2,3,2,5,3,2.31,0,0,TRUE
Female,Loyal Customer,43,Business Travel,Eco Plus,888,3,2,2,2,2,2,3,3,3,3,3,2,2,2.46,17,4,FALSE
Female,Loyal Customer,42,Business Travel,Business,2988,5,5,5,5,2,2,3,4,4,4,4,1,4,3.69,0,0,TRUE
Female,Loyal Customer,71,Business Travel,Business,1590,1,1,4,1,3,2,3,1,1,1,1,3,1,1.77,25,15,FALSE
Male,Loyal Customer,35,Personal Travel,Eco,679,2,4,2,4,5,2,5,5,3,4,4,5,5,3.85,45,101,FALSE
Female,Loyal Customer,64,Personal Travel,Eco,551,3,5,3,5,3,1,2,3,3,3,3,3,2,3,97,95,FALSE
Male,Loyal Customer,42,Business Travel,Business,2370,4,4,4,4,2,2,2,4,4,5,4,2,2,3.31,0,0,TRUE
Male,Loyal Customer,27,Business Travel,Business,1123,4,2,2,2,4,4,4,4,2,4,2,4,4,3.23,11,35,FALSE
Male,Loyal Customer,20,Business Travel,Eco,201,5,3,3,3,5,5,5,5,5,2,2,5,5,4.08,0,2,TRUE
Female,Loyal Customer,17,Business Travel,Business,1399,2,2,2,2,5,5,5,5,2,3,5,1,5,3.38,0,0,TRUE
Female,Loyal Customer,37,Business Travel,Business,214,2,1,1,1,2,4,3,5,5,4,2,1,2,2.54,0,0,FALSE
Female,Loyal Customer,32,Business Travel,Business,3666,0,5,0,2,5,5,5,5,4,3,4,5,5,3.69,0,0,TRUE
Female,Loyal Customer,67,Personal Travel,Eco,1204,3,3,3,3,2,3,3,1,1,3,4,4,4,2.85,0,0,FALSE
Male,Disloyal Customer,48,Business Travel,Eco,761,3,3,3,1,2,3,3,2,5,3,2,3,2,2.69,12,3,FALSE
Male,Loyal Customer,31,Business Travel,Business,2981,4,4,4,4,4,4,4,4,3,1,4,1,4,3.46,1,6,FALSE
Female,Loyal Customer,57,Business Travel,Business,403,2,2,1,2,4,4,4,4,4,4,4,5,3,3.31,0,0,TRUE
Female,Loyal Customer,52,Business Travel,Eco,1379,3,5,5,5,4,4,3,3,3,3,3,3,3,3.62,69,47,FALSE
Female,Loyal Customer,22,Business Travel,Business,1703,3,2,4,2,3,3,3,3,2,1,4,2,3,2.69,1,10,FALSE
Male,Loyal Customer,44,Business Travel,Business,419,3,2,2,2,1,3,4,3,3,3,3,3,4,2.77,31,8,FALSE
Male,Loyal Customer,48,Business Travel,Business,1514,5,1,5,5,5,5,5,5,5,5,5,4,3,4.46,0,0,TRUE
Male,Loyal Customer,53,Business Travel,Business,783,4,4,4,4,4,3,3,4,4,4,4,1,4,3.62,0,0,TRUE
Male,Loyal Customer,54,Business Travel,Business,2800,2,1,2,2,4,4,5,5,5,5,5,3,5,3.69,27,6,TRUE
Male,Loyal Customer,59,Business Travel,Business,2109,5,5,5,5,3,4,5,5,5,5,4,4,5,4.62,0,0,TRUE
Male,Loyal Customer,67,Personal Travel,Eco,129,2,0,2,1,2,2,2,2,3,2,5,4,2,2.23,16,16,FALSE
Male,Loyal Customer,30,Business Travel,Business,2486,5,5,5,5,4,4,4,3,5,5,5,4,4,4.46,0,9,TRUE
Female,Disloyal Customer,36,Business Travel,Eco,187,2,5,2,4,3,2,3,3,2,4,3,4,3,3.08,2,3,FALSE
Female,Loyal Customer,68,Business Travel,Business,2185,2,1,1,1,3,3,3,3,3,3,2,2,2,2.23,0,0,FALSE
Male,Loyal Customer,68,Personal Travel,Eco,280,2,5,2,4,1,2,1,1,5,2,5,2,1,2.54,1,0,FALSE
Male,Loyal Customer,53,Personal Travel,Eco Plus,862,2,3,2,3,4,2,1,4,4,1,2,3,4,2.69,0,0,FALSE
Male,Loyal Customer,58,Business Travel,Business,2029,3,3,3,3,4,4,4,4,4,4,4,4,3,3.62,0,0,TRUE
Male,Loyal Customer,54,Personal Travel,Eco Plus,419,1,1,1,3,5,1,5,5,4,1,3,3,5,2.92,0,0,FALSE
Female,Disloyal Customer,20,Business Travel,Eco,86,4,2,5,4,2,5,2,2,1,1,3,1,2,2.62,0,0,FALSE
Female,Disloyal Customer,47,Business Travel,Eco,1032,2,2,2,3,4,2,4,4,5,3,4,1,4,3.08,4,16,FALSE
Female,Loyal Customer,69,Business Travel,Business,1670,3,4,4,4,3,2,2,3,3,3,3,2,1,2.85,4,0,FALSE
Female,Loyal Customer,57,Personal Travel,Eco,228,1,1,1,3,3,3,4,1,1,1,1,2,4,2,2,12,FALSE
Female,Loyal Customer,54,Business Travel,Business,342,3,3,3,3,5,4,5,4,4,4,4,4,4,3.85,0,0,TRUE
Female,Disloyal Customer,38,Business Travel,Eco,797,3,3,3,4,5,3,5,5,4,3,3,1,5,3.62,13,10,FALSE
Female,Disloyal Customer,43,Business Travel,Eco,1091,2,3,3,4,5,3,5,5,4,1,4,4,5,3.69,105,112,FALSE
Male,Loyal Customer,21,Personal Travel,Eco,391,2,1,2,4,5,2,5,5,2,5,4,4,5,3.54,21,16,FALSE
Female,Loyal Customer,31,Business Travel,Business,1892,1,1,4,1,5,5,5,5,3,4,4,4,5,3.62,0,0,TRUE
Female,Loyal Customer,41,Personal Travel,Business,607,5,5,5,2,4,4,4,2,2,5,4,4,5,3.92,0,0,TRUE
Female,Loyal Customer,23,Personal Travel,Eco,189,2,2,2,4,3,2,3,3,3,4,4,4,3,3,28,20,FALSE
Female,Disloyal Customer,48,Business Travel,Business,1587,3,3,3,2,1,3,1,1,4,4,3,4,1,2.54,4,0,FALSE
Female,Loyal Customer,25,Personal Travel,Eco,406,2,2,2,3,2,2,2,2,1,2,3,3,2,2.15,0,13,FALSE
Male,Loyal Customer,53,Personal Travel,Eco,937,2,5,2,1,5,2,5,5,3,2,3,5,5,3.46,0,0,FALSE
Male,Loyal Customer,31,Business Travel,Eco,1590,3,3,3,3,3,3,3,3,3,1,4,1,3,2.77,0,1,FALSE
Female,Disloyal Customer,35,Business Travel,Business,1045,2,2,2,3,2,2,2,2,5,2,5,3,2,2.62,0,0,FALSE
Female,Loyal Customer,37,Business Travel,Eco,1005,3,2,2,2,3,3,3,3,1,1,3,4,3,2.54,0,0,FALSE
Male,Loyal Customer,61,Business Travel,Business,749,2,1,1,1,5,3,3,2,2,1,2,2,3,2.15,0,0,FALSE
Female,Loyal Customer,16,Personal Travel,Eco Plus,697,3,4,3,3,4,3,4,4,3,4,4,4,4,3.62,0,0,FALSE
Female,Loyal Customer,36,Business Travel,Business,328,5,5,5,5,2,4,4,4,4,4,4,3,4,4.08,0,10,TRUE
Male,Disloyal Customer,25,Business Travel,Business,1521,5,0,5,1,5,5,5,4,3,4,5,5,5,4,241,241,TRUE
Male,Loyal Customer,51,Business Travel,Business,1337,1,1,1,1,4,5,4,5,5,5,5,5,4,3.54,0,0,TRUE
Female,Loyal Customer,45,Business Travel,Business,3914,1,1,1,1,3,5,5,4,4,5,4,3,3,3.08,0,0,TRUE
Female,Loyal Customer,36,Personal Travel,Eco,1522,3,1,3,3,5,3,5,5,2,4,3,3,5,3.46,44,36,FALSE
Male,Disloyal Customer,38,Business Travel,Business,624,2,2,2,3,2,2,2,2,4,2,5,4,2,2.62,9,9,FALSE
Male,Loyal Customer,43,Personal Travel,Eco,399,3,2,5,4,1,5,1,1,2,3,3,4,1,2.69,0,1,FALSE
Male,Loyal Customer,58,Business Travel,Business,1190,2,3,3,3,1,4,3,2,2,2,2,3,2,2.46,0,0,FALSE
Female,Loyal Customer,9,Personal Travel,Eco,163,2,1,2,3,4,2,4,4,4,1,4,3,4,2.92,0,3,FALSE
Female,Loyal Customer,66,Personal Travel,Eco,845,2,4,2,2,2,4,5,2,2,2,2,4,5,2.92,0,0,FALSE
Female,Loyal Customer,42,Business Travel,Business,2340,1,1,1,1,2,3,3,1,1,1,1,1,4,1.62,18,11,FALSE
Female,Disloyal Customer,25,Business Travel,Business,592,4,4,4,3,2,4,2,2,5,5,4,4,2,3.46,0,0,TRUE
Female,Loyal Customer,11,Business Travel,Business,1440,1,4,4,4,1,1,1,1,2,1,4,3,1,2.15,0,0,FALSE
Female,Loyal Customer,66,Personal Travel,Eco Plus,862,2,5,3,3,4,5,5,3,3,3,3,3,5,3.62,23,9,FALSE
Female,Disloyal Customer,24,Business Travel,Eco,1158,1,1,1,3,1,1,1,1,2,4,4,4,1,1.92,92,76,FALSE
Female,Loyal Customer,27,Business Travel,Business,1464,4,5,5,5,4,4,4,4,3,4,3,4,4,4.08,73,65,FALSE
Female,Disloyal Customer,59,Business Travel,Eco Plus,173,2,2,2,4,1,2,1,1,4,2,5,1,1,2.15,0,0,FALSE
Male,Loyal Customer,35,Business Travel,Business,2938,1,1,1,1,3,4,4,4,4,4,4,4,3,2.92,0,0,TRUE
Male,Loyal Customer,39,Personal Travel,Eco Plus,763,1,4,1,4,5,1,5,5,3,2,5,5,5,3.54,0,0,FALSE
Female,Loyal Customer,35,Business Travel,Business,3579,1,3,1,1,4,1,1,3,3,4,3,5,1,2.38,0,0,TRUE
Male,Loyal Customer,58,Personal Travel,Eco,255,3,5,3,4,4,3,4,4,2,2,4,5,4,3.62,6,4,FALSE
Female,Loyal Customer,60,Personal Travel,Eco,645,1,2,2,4,1,4,3,5,5,2,5,1,4,3,12,27,FALSE
Male,Loyal Customer,23,Personal Travel,Eco,1947,3,5,4,1,3,4,3,3,4,3,3,3,3,3.23,0,0,FALSE
Male,Loyal Customer,41,Business Travel,Business,2433,4,4,4,4,2,4,4,5,5,5,5,3,3,4,9,8,TRUE
Male,Loyal Customer,31,Business Travel,Eco,1562,1,5,5,5,1,1,1,1,1,3,3,4,1,2.46,0,0,FALSE
Female,Loyal Customer,9,Business Travel,Eco Plus,1953,2,3,3,3,2,3,1,2,3,3,4,4,2,2.69,0,9,FALSE
Female,Loyal Customer,13,Business Travel,Business,1747,3,3,3,3,4,4,4,4,5,2,4,3,4,3.54,0,0,TRUE
Female,Loyal Customer,42,Business Travel,Business,1506,2,2,2,2,4,4,4,4,4,4,4,5,5,3.54,15,1,TRUE
Male,Disloyal Customer,39,Business Travel,Business,312,4,4,4,3,3,4,3,3,3,2,4,4,3,3.38,0,0,FALSE
Female,Loyal Customer,57,Business Travel,Business,2468,4,2,4,4,4,4,5,4,4,4,4,3,4,3.85,0,0,TRUE
Male,Disloyal Customer,18,Business Travel,Eco,611,4,1,4,4,1,4,1,1,4,2,5,4,1,2.77,15,8,TRUE
Male,Loyal Customer,49,Business Travel,Business,2698,3,3,3,3,2,5,5,4,4,4,4,3,5,3.69,19,6,TRUE
Male,Loyal Customer,9,Business Travel,Eco,757,3,5,5,5,3,3,1,3,4,3,3,3,3,3.38,10,11,FALSE
Female,Disloyal Customer,24,Business Travel,Eco,696,1,1,1,4,3,1,3,3,5,2,5,4,3,2.77,2,0,FALSE
Female,Loyal Customer,46,Business Travel,Eco,2446,3,5,5,5,3,4,3,4,4,3,4,1,2,3.54,0,8,FALSE
Female,Disloyal Customer,18,Business Travel,Eco,954,3,3,3,4,5,3,5,5,3,5,3,4,5,3.92,0,6,FALSE
Female,Loyal Customer,42,Business Travel,Business,2890,5,5,5,5,5,4,5,4,4,4,4,4,4,4.46,0,0,TRUE
Female,Loyal Customer,17,Personal Travel,Eco,895,2,5,2,1,2,2,5,2,3,5,4,4,2,3,5,7,FALSE
Female,Loyal Customer,49,Business Travel,Business,2189,4,4,4,4,5,3,3,4,4,4,4,3,1,3.62,0,0,FALSE
Male,Loyal Customer,61,Personal Travel,Business,998,2,3,2,3,5,1,1,3,3,2,4,5,3,2.85,5,13,FALSE
Male,Loyal Customer,59,Business Travel,Eco,591,4,4,4,4,4,4,4,4,1,2,4,1,4,3.38,0,0,FALSE
Female,Loyal Customer,55,Personal Travel,Eco,748,3,1,3,2,5,3,2,1,1,3,5,1,2,2.46,24,7,FALSE
Male,Loyal Customer,68,Business Travel,Eco Plus,370,4,1,1,1,4,4,4,4,4,2,3,3,4,3,0,11,TRUE
Male,Loyal Customer,46,Business Travel,Business,3567,2,2,2,2,4,4,3,2,2,2,2,4,1,2.46,13,17,FALSE
Male,Loyal Customer,47,Personal Travel,Business,763,2,4,2,5,4,4,4,2,2,2,2,4,4,3.15,12,7,FALSE
Male,Loyal Customer,52,Business Travel,Business,2592,3,1,1,1,3,3,4,3,3,3,3,3,4,2.69,0,18,FALSE
Female,Loyal Customer,40,Business Travel,Business,1893,3,3,3,3,3,5,5,5,5,5,5,3,3,3.92,0,2,TRUE
Female,Disloyal Customer,25,Business Travel,Eco,2586,3,3,3,2,3,3,4,1,2,1,2,4,4,2.69,26,0,FALSE
Male,Loyal Customer,29,Business Travel,Eco Plus,760,2,2,5,2,2,2,2,1,3,4,4,2,2,2.54,157,170,FALSE
Female,Loyal Customer,52,Business Travel,Eco Plus,177,3,4,4,4,4,3,4,3,3,3,3,3,1,3.23,4,0,FALSE
Male,Loyal Customer,51,Business Travel,Business,308,4,4,4,4,3,5,5,5,5,5,5,4,4,4.38,0,0,TRUE
Male,Loyal Customer,62,Personal Travel,Eco,148,4,2,4,4,1,4,1,1,4,3,3,2,1,2.62,0,0,TRUE
Female,Loyal Customer,11,Business Travel,Business,690,2,3,3,3,2,2,2,2,4,3,4,2,2,2.62,188,209,FALSE
Female,Loyal Customer,56,Business Travel,Business,1972,0,0,0,4,3,5,5,3,3,3,3,3,5,2.85,0,0,TRUE
Female,Loyal Customer,68,Personal Travel,Eco Plus,406,4,4,4,5,3,5,4,2,2,4,2,4,4,3.62,19,14,FALSE
Male,Loyal Customer,61,Business Travel,Eco,386,4,1,1,1,5,4,5,5,1,5,2,3,5,3.23,0,0,FALSE
Female,Loyal Customer,26,Business Travel,Business,1500,5,5,5,5,5,5,5,5,3,3,4,4,5,4.54,0,0,TRUE
Male,Loyal Customer,40,Business Travel,Eco,866,3,4,4,4,3,3,3,3,4,1,4,4,3,3.31,1,0,FALSE
Male,Loyal Customer,53,Business Travel,Business,3365,5,5,5,5,5,5,5,3,2,5,5,5,5,4.62,12,14,TRUE
Male,Loyal Customer,55,Business Travel,Business,1562,1,1,1,1,4,5,5,2,2,2,2,5,4,2.69,4,0,TRUE
Male,Disloyal Customer,27,Business Travel,Business,1491,2,2,2,1,4,2,4,4,5,4,5,5,4,3.38,0,0,FALSE
Female,Loyal Customer,54,Personal Travel,Eco,692,2,2,2,3,1,3,4,4,4,2,4,3,1,2.69,20,20,FALSE
Female,Loyal Customer,45,Business Travel,Business,1460,5,3,5,5,3,5,5,5,5,5,5,5,3,4.54,4,0,TRUE
Female,Disloyal Customer,23,Business Travel,Eco,233,4,3,4,3,4,4,4,4,3,3,5,5,4,3.85,29,29,TRUE
Male,Loyal Customer,34,Personal Travel,Eco,2724,1,5,1,2,3,1,1,3,5,5,5,5,3,3.08,0,0,FALSE
Male,Loyal Customer,14,Personal Travel,Eco Plus,1522,2,3,2,2,5,2,5,5,2,5,5,1,5,3.38,0,2,FALSE
Male,Loyal Customer,20,Personal Travel,Eco,386,3,4,3,1,5,3,3,5,5,4,5,4,5,3.85,9,1,FALSE
Female,Loyal Customer,47,Business Travel,Business,2461,5,5,5,5,4,5,4,4,4,4,4,3,3,4.23,11,0,TRUE
Female,Loyal Customer,38,Business Travel,Business,2054,2,3,3,3,2,3,3,2,2,2,2,2,1,2.31,0,0,FALSE
Female,Loyal Customer,57,Business Travel,Business,3543,3,3,3,3,2,5,4,4,4,4,4,3,3,3.46,6,2,TRUE
Female,Loyal Customer,30,Business Travel,Business,1784,5,5,5,5,5,5,5,5,1,2,2,2,5,4,0,0,TRUE
Female,Loyal Customer,15,Personal Travel,Eco,922,2,2,1,2,5,1,5,5,2,1,2,1,5,2.62,0,7,FALSE
Male,Disloyal Customer,59,Business Travel,Business,134,3,2,2,3,1,3,1,1,1,1,3,2,1,1.85,0,0,FALSE
Male,Disloyal Customer,34,Business Travel,Eco,1305,3,3,3,3,3,5,5,1,1,2,3,5,5,3.23,0,0,FALSE
Male,Disloyal Customer,38,Business Travel,Eco,1416,1,1,1,1,4,1,4,4,2,1,2,4,4,2.31,66,57,FALSE
Male,Loyal Customer,13,Personal Travel,Eco Plus,557,1,5,1,5,4,1,1,4,1,1,2,1,4,2.38,0,0,FALSE
Male,Disloyal Customer,23,Business Travel,Business,762,4,0,4,2,3,4,3,3,5,3,5,3,3,3.23,10,6,TRUE
Male,Loyal Customer,52,Business Travel,Business,153,2,2,2,2,2,5,4,4,4,4,5,4,5,3.46,0,0,TRUE
Female,Loyal Customer,11,Business Travel,Eco Plus,819,3,2,4,4,3,3,1,3,4,5,3,3,3,3.15,0,5,FALSE
Female,Loyal Customer,60,Business Travel,Business,1624,3,2,2,2,1,4,3,3,3,3,3,2,3,2.62,0,0,FALSE
Male,Loyal Customer,66,Personal Travel,Eco,1337,2,4,2,3,1,2,1,1,3,2,4,4,1,2.31,7,6,FALSE
Female,Loyal Customer,46,Business Travel,Business,2146,5,5,1,5,4,5,4,4,4,4,4,4,4,4.08,27,10,TRUE
Male,Loyal Customer,37,Business Travel,Eco,125,4,4,4,4,4,4,4,4,3,5,5,3,4,4,5,9,TRUE
Female,Loyal Customer,45,Personal Travel,Eco Plus,270,4,3,2,4,2,4,3,3,3,2,3,2,4,3,8,0,FALSE
Male,Loyal Customer,59,Business Travel,Business,2745,0,0,0,2,5,1,3,5,5,5,5,5,2,2.92,0,0,TRUE
Male,Disloyal Customer,25,Business Travel,Eco,524,4,2,4,4,2,4,2,2,4,5,3,3,2,3.15,25,14,FALSE
Female,Loyal Customer,49,Business Travel,Eco,817,4,3,3,3,4,3,4,4,4,4,4,1,3,3.38,3,0,TRUE
Female,Loyal Customer,33,Personal Travel,Eco,562,1,3,1,4,4,1,4,4,2,5,3,1,4,2.85,30,41,FALSE
Female,Loyal Customer,52,Business Travel,Business,3333,1,1,4,1,4,5,4,5,5,5,5,3,4,3.62,0,0,TRUE
Male,Loyal Customer,49,Business Travel,Business,1548,3,3,5,3,4,5,5,4,4,4,4,5,5,4.15,0,0,TRUE
Male,Loyal Customer,28,Business Travel,Eco,944,0,0,0,2,3,0,3,3,2,4,2,2,3,1.85,10,3,TRUE
Female,Loyal Customer,38,Personal Travel,Eco,410,2,5,5,1,4,5,4,4,4,5,5,4,4,4,0,16,FALSE
Female,Loyal Customer,50,Personal Travel,Eco,320,3,3,3,3,1,4,5,1,1,3,1,5,2,2.69,0,0,FALSE
Male,Loyal Customer,49,Business Travel,Eco,214,5,4,4,4,5,5,5,5,4,2,4,3,5,4.23,1,0,TRUE
Female,Loyal Customer,48,Personal Travel,Business,919,0,4,0,4,5,3,3,1,1,0,1,4,4,2.31,0,0,TRUE
Male,Loyal Customer,41,Business Travel,Business,986,2,2,2,2,5,4,4,4,4,5,4,3,3,3.38,0,0,TRUE
Female,Loyal Customer,47,Business Travel,Eco,596,3,5,5,5,3,3,2,3,3,3,3,2,3,3.31,2,0,FALSE
Female,Loyal Customer,8,Personal Travel,Eco,338,3,2,3,3,2,3,2,2,4,3,3,2,2,2.62,1,0,FALSE
Male,Loyal Customer,57,Business Travel,Business,3621,4,4,4,4,3,5,5,4,4,4,4,3,4,4,0,0,TRUE
Male,Loyal Customer,17,Personal Travel,Eco,748,1,4,0,1,1,0,1,1,3,2,4,3,1,1.69,1,2,FALSE
Male,Loyal Customer,58,Business Travel,Business,2454,4,4,4,4,4,4,4,4,5,5,4,4,4,4.15,0,0,TRUE
Male,Loyal Customer,14,Personal Travel,Eco,2688,1,5,0,3,0,3,3,4,2,4,5,3,3,2.77,0,2,FALSE
Female,Disloyal Customer,29,Business Travel,Eco,541,2,3,2,4,1,2,1,1,2,4,3,4,1,2.31,0,0,FALSE
Male,Loyal Customer,51,Personal Travel,Eco,641,1,5,1,5,1,1,1,1,5,3,5,3,1,2.54,0,0,FALSE
Male,Loyal Customer,41,Business Travel,Business,3303,5,5,4,5,5,4,5,5,2,5,4,5,5,4.54,171,183,TRUE
Female,Loyal Customer,55,Business Travel,Business,1334,2,2,2,2,3,4,4,2,2,2,2,3,2,2.46,0,18,FALSE
Male,Disloyal Customer,44,Business Travel,Business,1426,1,2,2,2,5,1,4,5,4,4,4,4,5,3.31,0,0,FALSE
Male,Loyal Customer,44,Business Travel,Eco Plus,444,3,5,5,5,2,3,2,2,2,5,2,2,2,3.08,13,9,FALSE
Male,Loyal Customer,17,Personal Travel,Eco,602,2,5,2,2,4,2,4,4,3,2,4,3,4,3.15,8,25,FALSE
Male,Loyal Customer,45,Personal Travel,Eco,302,5,4,5,4,4,5,4,4,5,5,5,3,4,4.38,0,0,TRUE
Female,Disloyal Customer,44,Business Travel,Eco Plus,406,2,2,2,4,5,2,1,5,2,4,3,1,5,2.92,0,0,FALSE
Male,Loyal Customer,60,Business Travel,Business,130,4,4,4,4,3,5,4,4,4,4,5,3,3,3.92,0,0,TRUE
Female,Loyal Customer,25,Personal Travel,Eco,438,3,4,3,4,4,3,1,4,5,3,4,5,4,3.62,1,2,FALSE
Male,Loyal Customer,58,Personal Travel,Eco,761,4,1,4,3,4,4,4,4,2,5,3,4,4,3.54,0,0,FALSE
Male,Loyal Customer,27,Personal Travel,Eco,2552,3,4,3,1,5,3,5,5,2,2,5,3,5,3.54,2,0,FALSE
Female,Loyal Customer,43,Business Travel,Business,2374,1,1,1,1,2,5,4,4,4,4,4,3,3,2.85,18,13,TRUE
Male,Loyal Customer,36,Personal Travel,Eco,453,2,4,2,4,3,2,3,3,5,3,4,5,3,3.31,9,30,FALSE
Female,Loyal Customer,30,Business Travel,Business,1683,5,5,5,5,5,5,5,5,3,4,2,4,5,4.46,0,0,TRUE
Female,Loyal Customer,20,Personal Travel,Eco,1045,3,5,3,5,3,3,3,3,4,1,3,5,3,3.38,0,0,FALSE
Male,Loyal Customer,20,Personal Travel,Eco,1045,2,5,2,2,4,2,4,4,5,3,4,3,4,3.38,0,0,FALSE
Male,Loyal Customer,14,Personal Travel,Eco,201,1,3,1,4,5,1,5,5,4,5,3,4,5,3.54,75,70,FALSE
Male,Loyal Customer,51,Personal Travel,Eco,240,4,2,4,3,4,4,4,4,2,5,3,4,4,3.62,0,0,FALSE
Female,Loyal Customer,18,Personal Travel,Eco,229,3,4,3,4,4,3,4,4,5,4,5,3,4,3.85,12,27,FALSE
Male,Loyal Customer,54,Business Travel,Business,1642,1,1,1,1,5,3,2,4,4,4,3,5,5,3,0,0,TRUE
Male,Loyal Customer,38,Business Travel,Business,2660,5,3,3,3,1,4,3,5,5,4,5,1,3,3.46,7,12,FALSE
Male,Loyal Customer,31,Business Travel,Business,2465,1,3,3,3,1,1,1,1,1,3,2,4,1,1.92,0,0,FALSE
Male,Loyal Customer,43,Personal Travel,Eco,1489,3,5,3,2,2,3,2,2,5,3,5,5,2,3.23,0,0,FALSE
Male,Loyal Customer,63,Personal Travel,Eco,861,1,4,1,2,1,1,1,1,3,4,5,5,1,2.31,0,0,FALSE
Female,Loyal Customer,38,Business Travel,Business,719,5,5,5,5,3,4,5,4,4,3,4,4,5,4.31,0,7,TRUE
Male,Loyal Customer,36,Personal Travel,Eco Plus,862,5,4,5,3,4,5,4,4,5,3,4,4,4,4.15,0,0,TRUE
Male,Disloyal Customer,26,Business Travel,Eco,129,1,3,1,2,4,1,4,4,3,5,2,5,4,3,0,5,FALSE
Male,Loyal Customer,20,Personal Travel,Eco,909,3,2,3,4,3,3,3,3,3,2,3,3,3,2.92,3,0,FALSE
Female,Loyal Customer,19,Personal Travel,Business,507,4,4,4,1,1,4,2,1,5,4,5,4,1,3.08,0,0,FALSE
Female,Disloyal Customer,38,Business Travel,Business,429,5,5,5,2,2,5,2,2,5,5,4,4,2,3.69,0,0,TRUE
Female,Loyal Customer,58,Business Travel,Eco Plus,1119,3,4,2,4,3,2,2,3,3,3,3,4,4,3.08,61,48,FALSE
Male,Loyal Customer,39,Business Travel,Business,268,4,3,4,4,5,4,4,4,4,4,4,3,3,3.85,7,23,TRUE
Male,Loyal Customer,61,Personal Travel,Eco,678,1,4,1,3,4,1,4,4,5,4,5,4,4,3.38,1,0,FALSE
Male,Loyal Customer,49,Business Travel,Eco Plus,157,4,5,5,5,4,4,4,4,4,2,1,4,4,3.85,0,0,TRUE
Male,Loyal Customer,65,Personal Travel,Eco,377,2,5,2,2,3,2,2,3,3,5,5,5,3,3.23,0,0,FALSE
Male,Loyal Customer,40,Personal Travel,Eco,337,0,4,0,2,2,0,2,2,3,2,5,5,2,2.23,0,0,TRUE
Female,Loyal Customer,19,Personal Travel,Eco,460,5,5,3,3,4,3,2,4,2,2,3,3,4,3.31,7,0,TRUE
Female,Loyal Customer,49,Personal Travel,Eco,440,3,4,3,4,2,4,5,4,4,3,4,4,4,3.69,2,0,FALSE
Male,Loyal Customer,65,Personal Travel,Eco Plus,764,2,2,3,3,5,3,5,5,2,4,4,3,5,3.54,0,0,FALSE
Female,Disloyal Customer,23,Business Travel,Eco,280,4,2,4,2,3,4,3,3,2,1,2,1,3,2.62,16,13,FALSE
Female,Loyal Customer,30,Personal Travel,Eco,361,3,2,3,4,3,4,4,1,5,3,4,4,4,3.38,184,176,FALSE
Female,Loyal Customer,25,Personal Travel,Eco,2556,4,1,4,3,3,4,3,3,1,3,3,4,3,3,0,0,FALSE
Male,Loyal Customer,42,Business Travel,Business,1967,3,3,3,3,2,4,5,2,2,2,2,3,4,2.92,0,8,TRUE
Male,Loyal Customer,45,Business Travel,Eco Plus,642,2,4,4,4,3,2,3,3,3,5,2,1,3,3,0,0,TRUE
Male,Loyal Customer,48,Business Travel,Business,452,2,3,3,3,5,4,3,2,2,3,2,4,3,3,0,0,FALSE
Male,Loyal Customer,34,Business Travel,Business,237,1,1,1,1,3,5,5,3,3,4,3,1,4,2.69,21,20,TRUE
Female,Disloyal Customer,27,Business Travel,Eco Plus,552,2,2,2,4,2,2,4,2,1,3,4,1,2,2.38,0,0,FALSE
Female,Loyal Customer,26,Business Travel,Business,511,4,4,4,4,5,5,5,5,4,2,5,3,5,4.23,2,0,TRUE
Female,Loyal Customer,55,Business Travel,Business,3603,3,3,4,3,3,4,5,4,4,4,4,4,3,3.69,0,0,TRUE
Male,Loyal Customer,42,Business Travel,Business,2879,3,1,3,3,4,5,5,4,4,4,4,3,4,3.62,52,48,TRUE
Male,Loyal Customer,23,Business Travel,Business,447,2,2,2,2,2,2,2,2,4,2,4,1,2,2.23,0,0,FALSE
Female,Loyal Customer,51,Business Travel,Business,3806,2,1,1,1,5,3,2,2,2,2,2,1,1,1.92,0,0,FALSE
Female,Loyal Customer,39,Business Travel,Business,204,0,4,0,4,3,5,4,2,2,2,2,3,4,2.69,0,0,TRUE
Male,Loyal Customer,12,Personal Travel,Eco,293,1,4,2,4,2,2,1,2,4,5,5,4,2,2.92,9,8,FALSE
Male,Loyal Customer,39,Business Travel,Eco,1448,4,5,5,5,4,4,4,4,5,2,3,2,4,3.92,5,10,TRUE
Male,Loyal Customer,35,Personal Travel,Business,362,3,5,3,3,4,4,4,3,3,3,3,5,5,3.69,37,36,FALSE
Female,Loyal Customer,21,Business Travel,Eco,1208,1,5,5,5,1,1,2,1,4,2,3,1,1,2.46,13,20,FALSE
Female,Loyal Customer,73,Business Travel,Business,1676,4,3,3,3,3,4,3,1,1,1,4,2,4,2.77,0,0,FALSE
Female,Loyal Customer,43,Business Travel,Business,2370,3,2,2,2,2,3,3,3,3,3,3,1,4,2.62,8,4,FALSE
Female,Loyal Customer,19,Personal Travel,Eco,1258,1,2,1,3,2,1,2,2,1,4,1,2,2,1.85,30,18,FALSE
Female,Loyal Customer,35,Business Travel,Business,1448,2,5,2,5,2,2,3,2,2,2,2,2,4,2.69,0,0,FALSE
Male,Disloyal Customer,29,Business Travel,Eco,1024,4,4,4,4,5,4,5,5,4,2,4,4,5,4.15,0,15,FALSE
Female,Loyal Customer,35,Business Travel,Eco,315,4,4,4,4,5,4,4,4,5,5,1,4,4,4,167,174,TRUE
Female,Disloyal Customer,24,Business Travel,Eco,387,4,3,3,2,1,3,1,1,5,1,4,3,1,2.46,0,4,TRUE
Female,Loyal Customer,68,Business Travel,Business,2710,2,2,2,2,5,4,3,5,5,5,5,3,2,3.46,3,15,TRUE
Male,Disloyal Customer,63,Business Travel,Eco,247,2,1,2,4,2,2,2,2,2,1,3,1,2,2,19,11,FALSE
Male,Disloyal Customer,27,Business Travel,Eco,946,2,2,2,1,1,2,1,1,3,4,1,4,1,1.92,0,0,FALSE
Female,Loyal Customer,31,Business Travel,Eco Plus,296,3,4,3,4,3,3,3,3,1,5,3,2,3,3.08,0,17,FALSE
Male,Loyal Customer,42,Business Travel,Business,1930,1,1,1,1,3,5,4,4,4,4,4,5,4,3.15,24,33,TRUE
Female,Loyal Customer,39,Business Travel,Eco Plus,861,3,2,2,2,3,3,3,3,4,5,2,4,3,3,4,15,FALSE
Male,Loyal Customer,64,Personal Travel,Eco,449,3,2,3,4,4,3,3,4,1,1,4,1,4,2.85,6,43,FALSE
Male,Loyal Customer,39,Business Travel,Business,944,4,4,4,4,5,5,5,1,2,1,5,5,5,3.85,224,216,TRUE
Female,Loyal Customer,38,Business Travel,Business,3563,1,1,1,1,5,3,4,4,4,4,4,3,5,3.08,12,12,TRUE
Male,Loyal Customer,43,Business Travel,Eco,592,3,1,1,1,4,3,4,4,4,1,5,4,4,3,0,0,TRUE
Male,Disloyal Customer,21,Business Travel,Eco,493,3,0,3,2,1,3,1,1,4,1,2,1,1,1.77,0,0,FALSE
Male,Disloyal Customer,36,Business Travel,Business,735,3,3,3,3,3,3,3,3,3,3,5,3,3,3.15,33,17,FALSE
Female,Loyal Customer,28,Business Travel,Eco,468,2,2,2,2,2,2,2,2,3,2,4,4,2,2.38,30,21,FALSE
Female,Loyal Customer,9,Personal Travel,Eco,507,2,4,5,1,3,5,3,3,3,2,4,1,3,3,0,0,FALSE
Female,Loyal Customer,54,Business Travel,Business,89,4,1,4,4,4,4,5,5,5,5,5,5,5,4.31,5,0,TRUE
Male,Disloyal Customer,44,Business Travel,Business,306,2,2,2,1,1,2,1,1,5,4,4,5,1,2.38,0,0,FALSE
Male,Loyal Customer,69,Personal Travel,Eco,187,0,3,0,3,5,0,3,5,3,2,3,4,5,2.77,0,0,TRUE
Female,Loyal Customer,46,Business Travel,Business,1121,2,2,2,2,5,4,5,5,5,5,5,5,3,3.85,8,2,TRUE
Male,Loyal Customer,9,Personal Travel,Eco Plus,986,2,3,2,3,4,2,1,4,3,3,4,5,4,3.08,0,0,FALSE
Male,Disloyal Customer,18,Business Travel,Business,679,5,4,5,2,1,5,1,1,4,4,4,3,1,3.08,0,0,TRUE
Female,Loyal Customer,46,Personal Travel,Eco,209,4,4,0,3,4,3,5,4,4,0,4,4,2,3.15,0,2,FALSE
Male,Loyal Customer,51,Business Travel,Business,308,5,5,5,5,4,4,5,4,4,4,4,3,5,4.38,0,0,TRUE
Female,Loyal Customer,46,Business Travel,Business,3931,4,4,4,4,4,3,2,5,5,4,5,1,3,3.69,0,0,TRUE
Male,Loyal Customer,32,Business Travel,Eco,846,0,0,0,5,4,0,4,4,5,3,1,3,4,2.54,0,0,TRUE
Female,Loyal Customer,28,Business Travel,Business,1691,4,4,4,4,5,5,5,5,4,3,4,3,5,4.23,11,5,TRUE
Male,Disloyal Customer,47,Business Travel,Business,844,1,1,1,5,1,1,1,1,4,4,5,4,1,2.31,0,0,FALSE
Male,Loyal Customer,23,Personal Travel,Eco,2777,2,2,2,4,2,2,2,2,2,5,3,3,2,2.54,0,0,FALSE
Female,Loyal Customer,43,Business Travel,Business,3811,4,4,4,4,2,4,2,4,4,4,4,4,5,3.77,0,0,TRUE
Female,Disloyal Customer,33,Business Travel,Eco,643,4,3,4,1,4,4,4,4,1,1,5,3,4,3.23,0,0,FALSE
Female,Loyal Customer,44,Business Travel,Business,3984,3,3,4,3,5,5,5,4,4,4,4,5,5,4.15,12,10,TRUE
Female,Loyal Customer,44,Personal Travel,Eco,101,1,4,1,1,4,4,4,1,1,1,1,3,5,2.38,5,17,FALSE
Female,Loyal Customer,48,Personal Travel,Business,743,2,5,2,5,2,4,5,1,1,2,1,4,5,3,14,2,FALSE
Female,Loyal Customer,16,Personal Travel,Eco,590,4,4,4,3,5,4,5,5,5,5,4,4,5,4.38,0,0,FALSE
Male,Loyal Customer,29,Personal Travel,Eco,377,4,5,4,3,1,4,1,1,5,5,5,3,1,3.23,0,0,FALSE
Male,Loyal Customer,39,Business Travel,Business,548,1,1,2,1,5,4,1,5,5,5,5,1,5,3.15,11,3,TRUE
Female,Loyal Customer,41,Business Travel,Business,547,5,5,5,5,4,5,5,5,5,5,5,4,5,4.85,11,2,TRUE
Male,Loyal Customer,30,Business Travel,Business,3583,4,4,4,4,5,5,5,5,5,2,5,5,5,4.46,54,39,TRUE
Female,Loyal Customer,50,Business Travel,Business,3211,3,3,3,3,4,5,4,2,2,2,2,5,5,3.31,0,0,TRUE
Male,Loyal Customer,40,Business Travel,Eco,748,4,2,2,2,4,4,4,4,3,2,4,4,4,3.31,0,0,TRUE
Female,Disloyal Customer,20,Business Travel,Eco,895,3,2,2,3,1,2,1,1,1,3,3,3,1,2,119,114,FALSE
Female,Disloyal Customer,29,Business Travel,Eco,852,1,1,1,3,5,1,5,5,4,2,3,1,5,2.85,0,7,FALSE
Female,Loyal Customer,47,Personal Travel,Eco,216,2,4,0,3,5,3,3,2,2,0,2,2,1,2.23,0,0,FALSE
Male,Loyal Customer,42,Personal Travel,Business,1050,2,4,2,4,2,5,5,3,3,2,3,4,3,3.23,0,28,FALSE
Male,Loyal Customer,22,Personal Travel,Eco,989,5,4,5,5,3,5,3,3,4,4,5,4,3,4.08,0,0,TRUE
Female,Loyal Customer,41,Business Travel,Business,2764,3,3,3,3,5,4,4,5,5,5,5,5,4,4.15,54,51,TRUE
Female,Loyal Customer,59,Personal Travel,Eco,447,3,5,3,4,2,5,5,1,1,3,1,4,3,3.08,8,9,FALSE
Female,Disloyal Customer,48,Business Travel,Eco,236,3,0,3,3,5,3,5,5,5,1,3,2,5,3.31,0,2,FALSE
Female,Disloyal Customer,32,Business Travel,Eco,304,2,4,2,3,4,2,4,4,1,2,3,4,4,3,0,43,FALSE
Female,Loyal Customer,43,Business Travel,Business,2845,4,4,4,4,5,5,4,5,5,5,5,3,4,4.38,0,0,TRUE
Female,Loyal Customer,41,Personal Travel,Eco Plus,369,4,2,4,3,5,4,3,2,2,4,2,4,2,3.15,60,54,FALSE
Female,Disloyal Customer,31,Business Travel,Eco,954,3,3,3,3,1,3,1,1,4,5,2,1,1,2.38,59,80,FALSE
Male,Loyal Customer,33,Business Travel,Business,3692,2,1,2,2,5,5,5,5,1,3,4,1,5,3.15,0,0,TRUE
Male,Loyal Customer,26,Personal Travel,Eco,1972,2,3,2,2,4,2,4,4,1,3,2,2,4,2.69,14,17,FALSE
Female,Disloyal Customer,46,Business Travel,Business,2370,5,5,5,3,5,5,4,5,4,5,5,3,5,4.54,0,0,TRUE
Male,Loyal Customer,38,Business Travel,Eco Plus,861,1,4,5,4,1,1,1,1,4,2,3,2,1,2.31,7,0,FALSE
Male,Disloyal Customer,28,Business Travel,Business,2165,2,2,2,3,4,2,2,4,3,3,4,5,4,3.08,0,0,FALSE
Male,Loyal Customer,49,Personal Travel,Eco,1616,4,4,3,5,1,3,1,1,4,2,5,4,1,2.92,0,0,FALSE
Male,Loyal Customer,22,Business Travel,Business,2042,2,1,1,1,2,2,2,2,1,1,3,4,2,1.85,0,0,FALSE
Female,Loyal Customer,46,Business Travel,Eco,249,4,2,2,2,4,1,5,4,4,4,4,3,3,3.23,0,0,TRUE
Female,Loyal Customer,58,Business Travel,Business,237,5,5,4,5,3,4,5,5,5,5,5,3,5,4.54,0,0,TRUE
Female,Loyal Customer,23,Business Travel,Business,3208,4,4,4,4,4,4,5,4,5,2,4,5,4,4.08,14,25,TRUE
Male,Disloyal Customer,32,Business Travel,Eco Plus,674,2,2,2,1,4,2,4,4,3,5,3,2,4,2.92,0,0,FALSE
Male,Loyal Customer,57,Business Travel,Business,1900,2,2,2,2,5,4,4,4,4,4,4,5,4,3.54,0,0,TRUE
Female,Loyal Customer,50,Personal Travel,Eco,187,1,4,1,4,3,4,5,4,4,1,4,3,3,3.15,0,0,FALSE
Female,Loyal Customer,49,Business Travel,Business,2353,2,2,2,2,3,5,4,4,4,4,4,3,4,3.31,0,0,TRUE
Male,Loyal Customer,39,Business Travel,Business,1046,2,2,2,2,3,5,5,5,5,5,5,4,4,3.77,0,0,TRUE
Female,Loyal Customer,65,Personal Travel,Eco,731,2,3,1,3,4,2,2,1,1,1,1,1,1,1.77,0,0,FALSE
Male,Loyal Customer,46,Business Travel,Business,1407,4,4,4,4,5,5,4,5,5,5,5,3,5,4.46,17,13,TRUE
Male,Disloyal Customer,20,Business Travel,Eco,837,1,1,1,5,1,1,1,1,5,5,5,5,1,2.54,3,17,FALSE
Female,Loyal Customer,32,Business Travel,Business,1005,5,5,5,5,4,4,4,4,5,5,4,4,4,4.46,248,261,TRUE
Male,Loyal Customer,20,Personal Travel,Eco,395,3,3,5,3,5,5,5,5,2,1,3,3,5,3.69,22,19,FALSE
Female,Loyal Customer,48,Business Travel,Business,704,2,4,2,2,4,4,4,3,3,3,3,4,5,3.31,8,0,TRUE
Female,Disloyal Customer,21,Business Travel,Business,683,0,4,0,3,3,0,3,3,5,3,5,5,3,2.85,0,0,TRUE
Male,Loyal Customer,23,Personal Travel,Eco,872,2,2,2,3,4,2,4,4,3,4,4,2,4,3.08,0,0,FALSE
Male,Disloyal Customer,26,Business Travel,Eco,187,2,1,2,3,2,2,2,2,1,4,3,2,2,2.15,16,19,FALSE
Female,Loyal Customer,39,Personal Travel,Eco,353,4,4,4,3,1,4,1,1,1,1,5,3,1,2.54,0,0,FALSE
Male,Loyal Customer,54,Business Travel,Business,3157,3,3,3,3,2,4,5,4,4,4,4,3,4,3.54,0,0,TRUE
Male,Loyal Customer,20,Personal Travel,Eco,351,4,4,4,4,3,4,3,3,3,2,4,5,3,3.54,11,3,FALSE
Male,Loyal Customer,13,Personal Travel,Eco,604,2,4,2,2,1,2,1,1,3,2,4,5,1,2.31,0,0,FALSE
Female,Disloyal Customer,39,Business Travel,Business,406,4,4,4,4,4,4,4,4,1,1,4,2,4,3.38,0,0,FALSE
Male,Loyal Customer,36,Personal Travel,Eco,1723,4,4,4,3,5,4,5,5,4,3,4,3,5,4.08,0,0,TRUE
Female,Loyal Customer,34,Personal Travel,Eco,328,3,4,3,3,4,3,5,4,4,4,5,5,4,3.92,0,0,FALSE
Female,Loyal Customer,32,Personal Travel,Eco,547,3,3,3,1,3,3,3,3,4,5,4,1,3,3,31,50,FALSE
Female,Disloyal Customer,37,Business Travel,Business,1171,5,5,5,4,2,5,2,2,5,4,4,3,2,3.69,0,0,TRUE
Male,Loyal Customer,51,Business Travel,Business,2521,1,1,1,1,2,2,2,4,2,4,4,2,2,2.15,0,3,TRUE
Male,Loyal Customer,40,Personal Travel,Eco Plus,500,2,4,2,3,4,2,1,4,4,4,4,5,4,3.31,0,0,FALSE
Male,Loyal Customer,36,Business Travel,Eco,106,5,2,1,2,5,5,5,5,4,4,5,2,5,3.85,0,0,TRUE
Female,Disloyal Customer,37,Business Travel,Business,904,2,2,2,1,4,2,4,4,4,3,4,4,4,3.08,0,0,TRUE
Female,Loyal Customer,43,Business Travel,Business,2585,2,2,2,2,1,4,4,4,4,4,4,3,5,3.15,0,0,TRUE
Female,Loyal Customer,36,Business Travel,Business,3414,1,1,1,1,5,5,5,4,5,3,4,5,5,3.46,0,0,TRUE
Male,Disloyal Customer,23,Business Travel,Eco,583,3,5,3,5,4,3,4,4,5,4,5,3,4,4,3,0,FALSE
Male,Loyal Customer,39,Business Travel,Business,748,5,5,5,5,4,5,5,5,5,5,5,3,5,4.77,0,0,TRUE
Male,Disloyal Customer,17,Business Travel,Eco,337,3,4,3,4,1,3,1,1,4,5,4,4,1,2.92,26,10,FALSE
Female,Loyal Customer,48,Personal Travel,Eco Plus,1428,3,2,3,4,2,4,4,5,5,3,5,4,1,3.46,0,0,FALSE
Female,Loyal Customer,51,Business Travel,Business,2550,2,1,1,1,5,3,3,2,2,2,2,2,4,2.31,23,20,FALSE
Female,Disloyal Customer,21,Business Travel,Business,1500,0,5,0,1,2,0,2,2,4,2,5,3,2,2.15,15,10,TRUE
Female,Loyal Customer,30,Business Travel,Business,2199,1,1,4,1,5,5,5,5,2,3,3,3,5,3.31,0,0,TRUE
Female,Disloyal Customer,24,Business Travel,Eco,781,3,3,3,4,2,3,2,2,5,2,3,2,2,2.77,0,0,FALSE
Male,Disloyal Customer,36,Business Travel,Business,700,3,4,4,4,2,4,2,2,1,3,3,2,2,2.77,1,23,FALSE
Male,Loyal Customer,41,Business Travel,Business,2236,5,5,5,5,2,4,4,4,4,4,4,5,4,4.23,7,42,TRUE
Female,Loyal Customer,51,Business Travel,Eco,190,5,3,3,3,4,5,5,5,5,5,5,2,2,4,0,0,TRUE
Female,Loyal Customer,57,Personal Travel,Eco,946,2,3,2,1,2,2,2,2,2,2,4,2,4,2.31,5,0,FALSE
Male,Loyal Customer,54,Business Travel,Business,912,3,3,3,3,4,4,4,4,4,4,4,3,4,3.62,0,5,TRUE
Female,Loyal Customer,26,Business Travel,Eco,409,4,2,2,2,4,4,4,4,1,4,2,3,4,3.08,12,39,TRUE
Male,Loyal Customer,45,Business Travel,Business,2092,2,4,4,4,5,3,4,2,2,2,2,2,4,3.08,0,7,FALSE
Female,Loyal Customer,59,Business Travel,Eco,721,5,2,2,2,5,5,5,2,2,2,4,5,5,3.54,208,224,TRUE
Female,Loyal Customer,42,Business Travel,Business,258,2,2,2,2,5,4,4,5,5,5,5,4,4,3.77,7,0,TRUE
Female,Loyal Customer,45,Personal Travel,Eco,1005,3,4,3,4,5,4,4,5,5,3,5,4,4,4.08,11,0,FALSE
Male,Loyal Customer,60,Personal Travel,Eco,738,2,5,2,1,5,2,5,5,4,5,5,5,5,3.92,77,64,FALSE
Female,Disloyal Customer,12,Business Travel,Eco,719,2,2,2,4,5,2,5,5,1,5,4,1,5,3.31,52,32,FALSE
Female,Loyal Customer,51,Personal Travel,Eco Plus,646,4,3,4,2,1,2,3,4,4,4,4,3,2,3.08,15,18,FALSE
Female,Loyal Customer,69,Business Travel,Eco,2342,1,1,1,1,1,3,4,1,1,1,1,1,3,1.54,0,0,FALSE
Male,Loyal Customer,33,Business Travel,Business,1934,3,4,2,4,3,3,3,3,4,4,3,4,3,3.31,0,4,FALSE
Male,Loyal Customer,47,Business Travel,Business,2051,3,2,2,2,5,3,4,3,3,3,3,2,4,3,0,0,FALSE
Male,Loyal Customer,12,Personal Travel,Eco,500,3,4,3,3,5,3,5,5,3,2,4,5,5,3.85,0,7,FALSE
Female,Loyal Customer,65,Personal Travel,Eco,391,3,5,3,3,3,1,3,5,5,3,5,5,4,3.69,0,3,FALSE
Male,Loyal Customer,40,Business Travel,Business,3572,3,3,3,3,4,2,2,5,5,5,5,1,3,3.38,19,9,TRUE
Female,Disloyal Customer,17,Business Travel,Eco,967,5,5,5,5,1,5,1,1,4,2,4,4,1,3.31,32,19,TRUE
Male,Loyal Customer,40,Business Travel,Business,2370,1,1,1,1,2,5,5,4,4,4,4,3,3,2.92,0,0,TRUE
Male,Loyal Customer,51,Business Travel,Business,2565,5,5,5,5,2,2,2,4,5,5,4,2,2,3.69,0,0,TRUE
Male,Loyal Customer,19,Personal Travel,Eco,261,3,2,3,3,3,3,3,3,3,3,4,4,3,3.08,0,0,FALSE
Male,Disloyal Customer,40,Business Travel,Eco,201,4,0,4,5,2,4,2,2,2,1,3,1,2,2.46,5,7,FALSE
Female,Loyal Customer,53,Business Travel,Business,3133,4,4,4,4,4,4,5,5,5,5,5,3,5,4.38,61,53,TRUE
Male,Loyal Customer,40,Business Travel,Eco Plus,1452,5,1,1,1,5,5,5,5,1,3,2,5,5,3.38,0,16,TRUE
Female,Loyal Customer,44,Business Travel,Business,1072,1,1,1,1,4,4,5,5,5,5,5,3,5,3.46,8,0,TRUE
Male,Loyal Customer,57,Business Travel,Business,2456,2,3,2,2,3,5,4,4,4,4,4,5,5,3.62,0,0,TRUE
Male,Loyal Customer,58,Business Travel,Business,1750,2,2,2,2,3,5,4,4,4,4,4,5,5,3.54,24,8,TRUE
Female,Loyal Customer,65,Business Travel,Eco Plus,190,3,1,1,1,3,2,3,3,3,3,3,2,3,2.38,0,0,FALSE
Male,Disloyal Customer,25,Business Travel,Business,985,4,0,4,3,3,4,3,3,4,3,4,5,3,3.31,0,0,FALSE
Female,Disloyal Customer,24,Business Travel,Eco,720,4,5,5,4,4,5,4,4,4,2,3,4,4,4,0,0,FALSE
Male,Loyal Customer,17,Personal Travel,Eco,113,2,3,2,3,4,2,4,4,2,5,5,5,4,3.46,0,1,FALSE
Male,Loyal Customer,50,Business Travel,Business,930,1,1,1,1,5,4,5,4,4,4,4,5,4,3.31,1,28,TRUE
Female,Disloyal Customer,21,Business Travel,Eco,366,3,4,3,3,3,3,3,3,3,1,3,2,3,2.85,0,0,FALSE
Female,Loyal Customer,46,Personal Travel,Eco,781,2,5,2,4,3,1,4,1,1,2,1,1,4,2.38,0,0,FALSE
Male,Loyal Customer,32,Business Travel,Business,1426,2,2,1,2,4,4,4,4,5,2,4,3,4,3.15,21,7,TRUE
Female,Loyal Customer,60,Business Travel,Business,2030,4,4,4,4,2,4,4,2,2,2,2,5,4,3.31,0,0,TRUE
Male,Loyal Customer,56,Personal Travel,Eco Plus,1171,1,4,1,3,3,1,3,3,2,5,3,2,3,2.62,4,1,FALSE
Male,Loyal Customer,17,Personal Travel,Eco,946,0,5,0,3,2,0,2,2,3,2,4,2,2,2.08,0,0,TRUE
Male,Loyal Customer,48,Business Travel,Eco,1011,1,3,3,3,1,1,1,1,4,2,2,1,1,1.85,0,4,FALSE
Male,Loyal Customer,21,Business Travel,Eco Plus,102,4,2,2,2,4,4,4,4,5,5,5,4,4,3.77,15,18,TRUE
Female,Disloyal Customer,50,Business Travel,Business,523,5,5,5,2,2,5,2,2,5,4,5,4,2,3.69,0,13,TRUE
Female,Loyal Customer,8,Personal Travel,Eco,1452,4,3,4,1,5,4,5,5,1,5,4,2,5,3.69,0,5,FALSE
Female,Disloyal Customer,36,Business Travel,Business,930,1,1,1,1,1,3,3,5,5,4,4,3,3,2.69,178,183,FALSE
Male,Disloyal Customer,32,Business Travel,Eco,373,1,4,1,1,4,1,4,4,2,5,1,1,4,2.54,4,0,FALSE
Male,Disloyal Customer,25,Business Travel,Eco,238,3,0,3,4,5,3,5,5,4,3,5,3,5,3.69,31,32,FALSE
Female,Disloyal Customer,24,Business Travel,Eco,792,5,5,5,1,5,4,4,4,4,2,5,4,4,4,170,182,TRUE
Female,Loyal Customer,47,Personal Travel,Eco,306,2,3,5,3,3,3,4,4,4,5,4,3,4,3.62,0,0,FALSE
Female,Loyal Customer,42,Business Travel,Business,312,1,1,1,1,2,5,5,5,5,5,5,5,4,3.46,4,1,TRUE
Male,Loyal Customer,49,Business Travel,Business,2857,3,5,5,5,2,2,3,3,3,3,3,3,4,3.38,0,0,FALSE
Male,Loyal Customer,42,Business Travel,Business,2744,1,1,1,1,3,3,2,2,2,2,2,4,2,2,0,0,TRUE
Male,Disloyal Customer,22,Business Travel,Business,1201,4,0,5,3,3,5,3,3,5,3,3,4,3,3.38,0,0,TRUE
Female,Loyal Customer,41,Personal Travel,Business,463,1,5,1,3,3,4,5,2,2,1,2,4,4,2.85,0,0,FALSE
Female,Loyal Customer,55,Personal Travel,Eco Plus,1123,1,4,1,1,3,5,5,2,2,1,2,3,5,2.69,16,30,FALSE
Female,Loyal Customer,25,Business Travel,Eco Plus,1440,2,1,1,1,2,2,2,2,4,5,4,1,2,2.23,0,0,FALSE
Female,Loyal Customer,13,Personal Travel,Eco,308,2,4,2,3,2,2,2,2,3,4,4,4,2,2.77,0,3,FALSE
Female,Loyal Customer,30,Personal Travel,Eco,579,2,5,2,2,2,2,2,2,5,2,5,4,2,2.85,0,0,FALSE
Male,Disloyal Customer,22,Business Travel,Eco,383,0,5,1,1,5,1,2,5,5,5,5,3,5,3.31,0,0,TRUE
Female,Loyal Customer,20,Personal Travel,Eco,449,2,4,2,2,1,2,1,1,3,3,4,4,1,2.31,15,4,FALSE
Male,Disloyal Customer,26,Business Travel,Eco,2419,1,1,1,4,1,3,4,1,4,2,4,4,4,2.62,0,13,FALSE
Male,Loyal Customer,42,Business Travel,Business,689,4,4,4,4,2,4,4,4,4,4,4,3,5,3.85,8,16,TRUE
Male,Loyal Customer,29,Personal Travel,Eco,629,1,2,1,2,2,1,2,2,2,2,2,3,2,1.85,0,0,FALSE
Male,Loyal Customer,44,Business Travel,Business,368,1,1,1,1,3,4,3,4,4,4,4,2,1,2.54,0,2,TRUE
Female,Loyal Customer,55,Business Travel,Eco,672,4,3,3,3,1,1,3,5,5,4,5,5,3,3.46,0,0,TRUE
Female,Loyal Customer,41,Business Travel,Business,300,4,4,4,4,2,1,4,5,5,5,5,5,1,3.77,0,0,TRUE
Female,Loyal Customer,18,Personal Travel,Eco Plus,247,4,3,4,2,2,4,5,2,3,3,2,3,2,3,21,13,FALSE
Male,Loyal Customer,48,Personal Travel,Eco,328,4,1,4,4,1,4,1,1,2,4,4,4,1,2.69,0,0,FALSE
Female,Disloyal Customer,27,Business Travel,Business,447,4,4,4,4,3,4,3,3,5,5,5,3,3,3.85,0,0,FALSE
Male,Disloyal Customer,21,Business Travel,Eco,444,2,4,2,2,4,2,4,4,5,2,4,5,4,3.38,7,2,FALSE
Female,Loyal Customer,59,Personal Travel,Eco,829,3,4,3,4,3,5,4,5,5,3,5,4,4,4,2,2,FALSE
Female,Loyal Customer,35,Business Travel,Eco Plus,526,1,2,2,2,1,1,1,1,4,4,4,1,1,1.92,0,0,FALSE
Female,Loyal Customer,43,Personal Travel,Eco,967,2,4,2,1,3,4,4,4,4,2,4,5,4,3.31,44,49,FALSE
Male,Disloyal Customer,40,Business Travel,Eco,624,2,1,2,4,3,2,3,3,3,4,4,2,3,2.77,0,0,FALSE
Female,Loyal Customer,48,Business Travel,Business,1576,3,3,3,3,3,5,4,4,4,5,4,4,5,3.85,0,0,TRUE
Male,Loyal Customer,37,Business Travel,Business,1543,2,5,5,5,2,1,2,3,3,3,2,2,3,2.92,0,0,FALSE
Female,Loyal Customer,51,Business Travel,Business,2736,2,2,2,2,3,4,5,5,5,5,5,3,5,3.69,16,26,TRUE
Female,Loyal Customer,52,Business Travel,Eco,1262,4,3,3,3,1,2,3,4,4,4,4,1,2,2.92,31,37,FALSE
Male,Loyal Customer,52,Business Travel,Business,2522,4,4,4,4,3,4,4,4,4,4,4,3,4,3.85,0,0,TRUE
Female,Loyal Customer,17,Personal Travel,Business,173,4,4,4,1,4,4,4,4,1,2,5,5,4,3.54,0,2,TRUE
Male,Loyal Customer,55,Business Travel,Eco,591,5,1,1,1,5,5,5,5,4,2,4,2,5,3.46,0,2,TRUE
Female,Loyal Customer,17,Personal Travel,Eco,2611,5,2,5,4,5,5,3,3,3,4,4,3,3,3.77,0,0,TRUE
Female,Loyal Customer,28,Personal Travel,Eco,500,2,5,2,1,2,5,5,3,2,5,4,5,5,3.54,266,281,FALSE
Male,Loyal Customer,41,Business Travel,Business,2586,2,2,2,2,5,3,4,5,5,5,5,3,4,3.62,0,3,TRUE
Male,Loyal Customer,60,Personal Travel,Eco,305,2,5,2,3,3,2,3,3,4,3,5,4,3,3.23,0,0,FALSE
Male,Loyal Customer,52,Personal Travel,Eco,187,1,5,1,5,5,1,5,5,4,4,5,3,5,3.77,0,5,FALSE
Female,Loyal Customer,43,Personal Travel,Eco,468,3,4,3,2,4,2,4,3,3,3,3,1,2,2.85,40,35,FALSE
Female,Loyal Customer,57,Business Travel,Business,2161,3,3,2,3,3,5,4,4,4,4,4,4,3,3.54,0,9,TRUE
Male,Loyal Customer,39,Personal Travel,Business,545,3,2,3,4,5,4,3,5,5,3,5,4,3,3.77,5,0,FALSE
Male,Loyal Customer,70,Personal Travel,Eco,235,2,5,2,2,4,2,4,4,4,3,4,5,4,3.46,0,0,FALSE
Female,Loyal Customer,48,Business Travel,Eco Plus,1728,2,5,5,5,5,4,3,2,2,2,2,3,1,3.15,26,50,FALSE
Male,Loyal Customer,52,Business Travel,Business,1182,2,3,3,3,2,3,4,2,2,2,2,2,2,2.46,31,9,FALSE
Male,Loyal Customer,16,Personal Travel,Eco Plus,541,1,5,1,3,5,1,5,5,1,2,4,3,5,3.15,1,3,FALSE
Male,Loyal Customer,40,Business Travel,Business,2738,3,4,4,4,2,2,2,3,3,3,3,3,4,3.08,0,0,FALSE
Female,Disloyal Customer,22,Business Travel,Eco,451,0,0,0,1,1,0,1,1,4,4,1,4,1,1.38,0,0,TRUE
Female,Loyal Customer,29,Business Travel,Business,1660,4,4,4,4,4,4,4,4,1,3,5,4,4,3.77,0,20,TRUE
Male,Loyal Customer,55,Personal Travel,Eco,588,2,5,3,1,1,3,3,1,4,4,4,4,1,2.77,0,0,FALSE
Female,Disloyal Customer,27,Business Travel,Eco,594,1,2,1,4,1,1,1,1,2,4,3,3,1,1.92,0,0,FALSE
Female,Disloyal Customer,19,Business Travel,Eco,817,5,5,5,2,3,5,3,3,2,3,1,2,3,3.23,6,6,TRUE
Female,Loyal Customer,51,Business Travel,Eco,666,2,2,2,2,2,4,4,2,2,2,2,4,2,2.46,24,16,FALSE
Male,Loyal Customer,58,Personal Travel,Business,1045,2,4,2,1,5,5,4,3,3,2,3,4,5,3.31,0,0,FALSE
Female,Loyal Customer,41,Business Travel,Business,2713,4,4,4,4,3,5,3,5,5,5,5,4,1,4,0,0,TRUE
Male,Loyal Customer,51,Personal Travel,Eco,1010,3,5,3,3,1,3,1,1,3,1,2,4,1,2.38,0,0,FALSE
Female,Disloyal Customer,39,Business Travel,Business,666,1,1,1,4,2,1,3,2,1,2,3,1,2,1.85,26,0,FALSE
Male,Disloyal Customer,29,Business Travel,Eco,2442,5,5,5,2,5,3,3,1,3,5,1,3,3,3.38,0,2,TRUE
Male,Loyal Customer,52,Business Travel,Eco Plus,253,5,2,2,2,5,5,5,5,2,5,5,4,5,4,0,0,TRUE
Female,Loyal Customer,44,Business Travel,Business,3551,1,2,2,2,4,3,4,1,1,1,1,1,1,1.85,51,41,FALSE
Female,Loyal Customer,61,Business Travel,Business,2524,1,1,1,1,5,4,5,4,4,4,4,4,3,3.15,0,0,TRUE
Male,Loyal Customer,52,Personal Travel,Eco,728,3,5,3,4,4,3,4,4,1,1,2,4,4,3.23,0,1,FALSE
Female,Loyal Customer,45,Personal Travel,Eco,429,2,2,2,3,3,3,4,2,2,2,2,4,1,2.46,70,55,FALSE
Female,Loyal Customer,51,Personal Travel,Eco,2329,1,2,1,1,1,2,1,4,4,1,4,3,2,2.08,0,0,FALSE
Female,Loyal Customer,8,Personal Travel,Eco,1747,2,0,2,3,1,2,1,1,1,2,3,5,1,1.85,0,0,FALSE
Female,Loyal Customer,12,Business Travel,Business,2717,3,4,4,4,3,3,3,3,4,4,3,4,3,3.46,26,19,FALSE
Female,Loyal Customer,18,Personal Travel,Business,323,3,4,3,4,3,3,1,3,1,5,4,4,3,3.15,0,0,FALSE
Female,Loyal Customer,44,Business Travel,Business,563,5,5,5,5,3,4,5,4,4,5,4,3,3,4.23,0,0,TRUE
Female,Disloyal Customer,65,Personal Travel,Eco,584,1,1,1,4,4,1,4,4,3,4,4,4,4,3,0,13,FALSE
Female,Disloyal Customer,46,Business Travel,Business,1023,3,3,3,3,2,3,2,2,3,2,5,5,2,2.92,10,6,FALSE
Female,Loyal Customer,52,Business Travel,Business,852,5,5,5,5,3,4,4,4,4,4,4,4,5,4.31,32,23,TRUE
Male,Loyal Customer,16,Personal Travel,Eco,674,4,4,4,2,3,4,3,3,5,2,5,5,3,3.62,0,0,FALSE
Male,Loyal Customer,60,Business Travel,Eco,936,2,3,5,5,2,2,2,2,1,4,3,4,2,2.85,0,0,FALSE
Male,Loyal Customer,41,Personal Travel,Eco,671,3,3,3,1,3,3,1,3,1,3,2,3,3,2.46,0,0,FALSE
Female,Loyal Customer,69,Business Travel,Eco,370,1,2,2,2,2,2,2,1,1,1,1,4,4,1.92,1,8,FALSE
Female,Loyal Customer,34,Business Travel,Business,1628,3,3,3,3,2,3,4,3,3,3,3,3,2,2.92,6,0,FALSE
Female,Disloyal Customer,61,Business Travel,Eco,304,4,2,4,3,4,4,4,4,1,3,3,1,4,3.15,0,0,FALSE
Female,Loyal Customer,31,Business Travel,Business,2239,0,5,0,2,3,3,3,3,2,5,3,4,3,2.77,0,0,TRUE
Male,Loyal Customer,22,Personal Travel,Eco,1589,5,5,5,2,1,5,3,1,4,2,5,5,1,3.38,15,0,TRUE
Female,Loyal Customer,37,Personal Travel,Eco,177,2,5,2,4,5,2,5,5,5,2,5,5,5,4,0,0,FALSE
Female,Loyal Customer,46,Business Travel,Business,3384,2,2,2,2,4,5,5,5,5,5,5,4,5,3.92,0,0,TRUE
Female,Loyal Customer,39,Business Travel,Business,990,3,2,2,2,5,3,4,3,3,3,3,1,1,2.69,0,0,FALSE
Female,Loyal Customer,59,Personal Travel,Eco,1389,4,4,4,1,2,4,5,1,1,4,1,4,5,3.08,0,0,FALSE
Male,Loyal Customer,49,Business Travel,Business,468,1,1,1,1,2,5,4,5,5,5,5,5,3,3.31,0,0,TRUE
Female,Loyal Customer,66,Business Travel,Business,101,2,3,3,3,2,3,3,2,2,2,2,2,1,2.31,0,0,FALSE
Female,Loyal Customer,56,Business Travel,Eco,337,2,3,3,3,5,4,3,2,2,2,2,4,3,2.92,0,0,FALSE
Female,Loyal Customer,37,Business Travel,Business,1586,2,2,3,2,4,4,5,5,5,5,5,2,3,3.62,0,0,TRUE
Female,Disloyal Customer,32,Business Travel,Business,776,2,2,2,3,1,2,5,1,3,2,5,5,1,2.62,22,25,FALSE
Female,Disloyal Customer,22,Business Travel,Eco,561,1,0,1,1,4,1,4,4,5,3,5,4,4,2.85,35,39,FALSE
Female,Disloyal Customer,27,Business Travel,Business,674,3,3,3,2,1,3,1,1,2,2,2,2,1,2,0,0,FALSE
Female,Loyal Customer,40,Personal Travel,Eco,853,3,4,3,2,1,3,1,1,4,5,5,5,1,2.92,0,2,FALSE
Female,Loyal Customer,52,Business Travel,Eco,387,2,2,2,2,2,4,3,2,2,2,2,1,1,2.08,0,0,FALSE
Female,Disloyal Customer,28,Business Travel,Eco,937,3,3,3,3,3,3,1,3,3,2,4,2,3,2.77,2,0,FALSE
Female,Disloyal Customer,21,Business Travel,Eco,994,1,1,1,2,3,1,3,3,4,5,5,3,3,2.69,0,0,FALSE
Male,Loyal Customer,37,Personal Travel,Eco,946,3,5,2,2,2,2,2,2,4,3,5,2,2,2.77,0,0,FALSE
Female,Loyal Customer,21,Personal Travel,Eco,503,3,4,3,1,4,3,4,4,5,5,5,5,4,3.85,16,26,FALSE
Male,Loyal Customer,28,Personal Travel,Eco,501,2,4,2,1,2,2,1,2,4,2,4,5,2,2.54,0,0,FALSE
Male,Loyal Customer,34,Personal Travel,Eco,296,0,4,0,2,2,0,2,2,5,3,4,5,2,2.38,3,3,TRUE
Male,Loyal Customer,7,Personal Travel,Eco,1979,2,5,2,5,3,2,3,3,3,3,4,1,3,3,0,0,FALSE
Male,Loyal Customer,44,Business Travel,Business,666,2,2,5,2,5,5,4,4,4,4,4,5,5,3.92,0,0,TRUE
Male,Loyal Customer,35,Personal Travel,Eco,347,2,5,2,1,1,2,1,1,5,4,4,3,1,2.46,0,3,FALSE
Male,Loyal Customer,19,Personal Travel,Eco,701,3,4,3,4,2,3,2,2,4,5,5,4,2,3.31,11,33,FALSE
Female,Loyal Customer,43,Business Travel,Business,1669,4,4,4,4,2,4,4,4,4,4,4,5,5,4,0,0,TRUE
Male,Loyal Customer,39,Business Travel,Business,1733,2,2,2,2,3,3,4,5,5,5,5,5,4,3.62,0,0,TRUE
Male,Loyal Customer,69,Business Travel,Business,297,1,1,1,1,4,1,3,4,4,4,4,4,5,2.85,0,0,TRUE
Male,Loyal Customer,45,Business Travel,Eco,86,4,1,1,1,4,4,4,4,1,5,2,4,4,3,0,3,TRUE
Male,Loyal Customer,47,Business Travel,Business,1721,3,4,3,4,2,3,4,3,3,3,3,3,2,3.08,0,0,FALSE
Female,Loyal Customer,59,Business Travel,Eco,1208,3,1,1,1,5,1,5,3,3,3,3,3,5,2.85,25,26,TRUE
Female,Loyal Customer,43,Business Travel,Eco,978,4,4,4,4,4,4,4,4,4,4,4,1,2,3.62,15,0,FALSE
Male,Loyal Customer,25,Personal Travel,Eco,2422,3,5,3,4,1,3,1,1,4,3,5,5,1,3,7,0,FALSE
Female,Loyal Customer,55,Business Travel,Eco,369,4,3,3,3,3,5,2,4,4,4,4,4,4,3.62,0,7,TRUE
Female,Loyal Customer,59,Business Travel,Business,944,4,4,4,4,5,4,4,5,5,5,5,4,4,4.38,0,9,TRUE
Male,Loyal Customer,9,Personal Travel,Eco,967,3,1,3,3,4,3,4,4,1,4,2,3,4,3,4,0,FALSE
Male,Loyal Customer,14,Personal Travel,Eco,184,3,4,3,3,1,3,1,1,3,1,3,3,1,2.31,0,0,FALSE
Female,Loyal Customer,49,Business Travel,Eco,101,3,3,3,3,3,4,4,3,3,3,3,3,1,3,13,29,FALSE
Male,Loyal Customer,22,Business Travel,Eco Plus,640,1,2,2,2,1,1,2,1,3,3,3,1,1,1.77,57,53,FALSE
Female,Loyal Customer,42,Business Travel,Business,2478,2,3,3,3,4,4,3,2,2,2,2,2,4,2.77,0,0,FALSE
Male,Loyal Customer,30,Personal Travel,Eco Plus,551,1,5,1,5,1,1,1,1,5,2,2,1,1,2.08,0,3,FALSE
Male,Loyal Customer,30,Business Travel,Business,3520,5,5,5,5,5,5,5,5,4,3,5,3,5,4.62,5,0,TRUE
Male,Loyal Customer,42,Business Travel,Business,3088,0,5,0,3,4,5,5,5,5,5,5,5,5,4,0,0,TRUE
Male,Loyal Customer,58,Business Travel,Business,1166,3,3,3,3,2,4,4,4,4,5,4,3,5,3.62,2,0,TRUE
Male,Disloyal Customer,34,Business Travel,Eco,459,2,3,3,4,2,3,2,2,1,3,1,5,2,2.54,0,0,FALSE
Female,Loyal Customer,39,Business Travel,Business,899,4,4,4,4,1,4,5,5,5,5,5,4,5,4.23,1,16,TRUE
Male,Disloyal Customer,23,Business Travel,Eco,551,0,5,0,2,5,0,5,5,3,4,4,4,5,3.23,0,0,TRUE
Male,Loyal Customer,39,Business Travel,Business,299,5,5,3,5,3,2,3,5,5,5,5,3,2,3.92,0,21,TRUE
Male,Loyal Customer,52,Personal Travel,Eco,397,2,5,2,3,4,2,4,4,5,5,5,4,4,3.77,3,4,FALSE
Male,Loyal Customer,54,Business Travel,Business,669,1,1,1,1,5,4,5,5,5,5,5,4,3,3.46,0,0,TRUE
Female,Loyal Customer,20,Business Travel,Business,1569,3,5,2,5,3,3,3,3,3,3,2,2,3,3.08,2,0,FALSE
Male,Disloyal Customer,24,Business Travel,Eco,600,1,3,1,3,4,1,4,4,3,5,4,4,4,3.15,0,6,FALSE
Female,Disloyal Customer,39,Business Travel,Business,239,4,3,3,4,5,3,5,5,4,2,5,3,5,3.92,0,0,TRUE
Female,Loyal Customer,33,Business Travel,Business,3636,2,2,2,2,3,4,5,5,5,5,5,3,5,3.69,5,14,TRUE
Female,Disloyal Customer,41,Business Travel,Business,630,5,5,5,5,2,5,3,2,3,2,5,3,2,3.62,0,0,TRUE
Male,Loyal Customer,41,Business Travel,Business,3329,4,3,4,4,3,4,4,4,4,4,4,3,3,3.69,29,24,TRUE
Female,Loyal Customer,29,Business Travel,Business,1119,1,1,1,1,5,5,5,5,3,2,4,5,5,3.31,0,6,TRUE
Male,Loyal Customer,42,Business Travel,Eco,1096,2,4,4,4,2,2,2,2,3,5,3,2,2,2.85,0,22,FALSE
Male,Loyal Customer,42,Business Travel,Eco,715,5,1,1,1,5,5,5,5,2,3,1,5,5,3.38,0,0,TRUE
Male,Loyal Customer,44,Business Travel,Eco,1035,4,5,3,5,4,4,4,4,2,5,5,3,4,4,37,25,TRUE
Male,Loyal Customer,20,Personal Travel,Eco,148,2,4,2,3,2,2,2,2,3,2,3,2,2,2.38,0,0,FALSE
Female,Disloyal Customer,29,Business Travel,Business,1390,3,3,3,2,4,3,4,4,4,3,5,5,4,3.62,0,0,FALSE
Male,Loyal Customer,39,Business Travel,Business,3441,3,3,2,3,3,5,4,5,5,5,5,5,3,3.92,0,0,TRUE
Male,Loyal Customer,32,Business Travel,Business,899,4,4,4,4,3,3,3,3,4,5,4,3,3,3.62,0,0,TRUE
Male,Loyal Customer,39,Business Travel,Eco,484,1,2,2,2,1,1,1,1,2,3,3,4,1,1.85,34,27,FALSE
Male,Loyal Customer,30,Business Travel,Business,2971,2,2,3,2,4,4,4,4,1,1,1,4,4,2.77,8,12,TRUE
Male,Loyal Customer,27,Business Travel,Eco Plus,1709,3,3,3,3,3,3,3,3,2,2,4,1,3,2.77,0,0,FALSE
Female,Loyal Customer,44,Business Travel,Business,283,5,5,5,5,4,5,4,4,4,4,4,4,5,4.46,11,18,TRUE
Male,Loyal Customer,18,Personal Travel,Eco,1916,4,5,4,1,4,4,4,4,4,5,5,3,4,3.92,0,0,FALSE
Male,Disloyal Customer,16,Business Travel,Eco,589,3,0,4,5,2,4,2,2,3,5,4,5,2,3.15,0,0,FALSE
Female,Disloyal Customer,29,Business Travel,Business,600,2,1,1,1,4,1,4,4,4,3,4,3,4,2.77,3,0,FALSE
Male,Loyal Customer,52,Business Travel,Business,2654,1,1,1,1,3,4,3,1,1,1,1,1,4,1.77,1,0,FALSE
Male,Loyal Customer,12,Business Travel,Business,1851,3,2,2,2,3,3,3,3,1,3,3,1,3,2.46,0,0,FALSE
Female,Loyal Customer,41,Personal Travel,Eco,992,4,5,5,2,1,5,1,1,4,5,4,5,1,3.31,0,0,TRUE
Male,Loyal Customer,48,Business Travel,Business,2500,5,5,5,5,2,4,4,5,5,5,5,5,3,4.46,15,0,TRUE
Female,Loyal Customer,57,Business Travel,Business,308,0,0,0,1,5,4,5,4,4,4,4,5,4,3.08,57,55,TRUE
Female,Loyal Customer,27,Business Travel,Business,817,1,1,1,1,2,2,2,2,4,4,1,1,2,1.85,20,13,TRUE
Female,Loyal Customer,30,Business Travel,Business,1547,1,1,1,1,5,5,5,5,5,2,5,3,5,3.38,0,0,TRUE
Male,Disloyal Customer,38,Business Travel,Eco,175,2,3,2,2,1,2,2,1,3,4,3,3,1,2.23,0,0,FALSE
Male,Loyal Customer,50,Personal Travel,Eco,1750,1,1,1,3,3,1,1,3,1,5,4,3,3,2.31,10,17,FALSE
Female,Loyal Customer,40,Business Travel,Business,991,5,5,5,5,2,5,5,5,5,5,5,4,3,4.54,2,0,TRUE
Male,Loyal Customer,23,Personal Travel,Eco,447,4,4,3,4,1,3,1,1,2,1,4,3,1,2.46,0,0,FALSE
Female,Loyal Customer,57,Personal Travel,Eco,387,1,5,4,3,3,5,4,1,1,4,1,2,3,2.85,0,0,FALSE
Male,Loyal Customer,55,Business Travel,Eco,581,4,4,4,4,4,4,4,4,4,1,3,4,4,3.69,0,3,FALSE
Male,Disloyal Customer,45,Business Travel,Business,356,2,2,2,4,5,2,5,5,4,2,4,3,5,3.46,15,5,FALSE
Female,Loyal Customer,39,Business Travel,Business,2197,3,5,5,5,5,3,4,3,3,3,3,1,1,3.38,0,31,FALSE
Female,Disloyal Customer,42,Business Travel,Business,1289,4,4,4,4,1,4,1,1,5,5,5,4,1,3.31,0,0,TRUE
Female,Loyal Customer,18,Business Travel,Business,1546,3,3,3,3,4,4,4,4,4,3,5,2,4,3.54,95,105,TRUE
Female,Loyal Customer,32,Personal Travel,Eco,1448,3,2,3,3,5,3,5,5,1,1,4,4,5,3.38,72,55,FALSE
Female,Loyal Customer,11,Personal Travel,Eco,326,2,1,2,3,2,2,2,2,4,3,4,4,2,2.54,0,0,FALSE
Male,Disloyal Customer,49,Business Travel,Business,1726,3,3,3,4,5,3,4,5,5,2,3,4,5,3.77,0,0,FALSE
Female,Loyal Customer,57,Business Travel,Eco,152,3,5,5,5,3,3,3,2,4,4,4,3,3,3.62,131,151,FALSE
Male,Loyal Customer,52,Business Travel,Business,3792,3,3,3,3,2,4,5,4,4,4,4,4,3,3.54,0,0,TRUE
Male,Loyal Customer,33,Business Travel,Business,2065,2,2,2,2,2,3,2,2,1,3,3,4,2,2.31,0,0,FALSE
Male,Loyal Customer,41,Business Travel,Eco,488,5,3,3,3,5,5,5,5,5,4,3,1,5,4,0,0,TRUE
Female,Loyal Customer,35,Business Travel,Business,980,3,3,3,3,2,3,4,3,3,3,3,4,4,3.15,8,45,FALSE
Male,Loyal Customer,65,Personal Travel,Eco,1546,2,4,2,5,1,2,1,1,4,5,5,3,1,2.77,9,0,FALSE
Male,Loyal Customer,42,Business Travel,Eco,859,5,2,2,2,5,5,5,5,5,5,2,5,5,4.08,0,0,TRUE
Male,Loyal Customer,70,Personal Travel,Eco,759,4,4,4,2,2,4,5,2,4,2,5,5,2,3.46,0,0,FALSE
Male,Loyal Customer,46,Personal Travel,Eco,813,4,1,4,1,5,4,5,5,3,4,2,4,5,3.62,63,36,FALSE
Female,Loyal Customer,54,Business Travel,Business,3637,2,4,4,4,2,4,3,1,1,1,2,3,2,2.54,6,0,FALSE
Female,Disloyal Customer,29,Business Travel,Eco Plus,984,3,3,3,3,5,3,5,5,1,5,3,1,5,3.46,113,109,FALSE
Female,Disloyal Customer,26,Business Travel,Eco,612,3,3,3,5,2,3,2,2,3,1,1,5,2,2.69,0,0,FALSE
Female,Loyal Customer,52,Business Travel,Business,3287,1,2,3,2,4,3,3,1,1,1,1,1,1,1.85,0,0,FALSE
Male,Loyal Customer,8,Personal Travel,Eco,580,3,5,3,3,4,3,4,4,3,4,3,4,4,3.62,5,0,FALSE
Male,Loyal Customer,43,Business Travel,Business,937,4,4,4,4,2,4,2,4,4,4,4,3,5,3.69,0,0,TRUE
Male,Loyal Customer,7,Personal Travel,Eco,447,4,5,2,3,4,2,4,4,3,5,5,3,4,3.69,0,0,TRUE
Male,Loyal Customer,55,Personal Travel,Eco Plus,281,1,4,1,3,1,1,1,1,4,3,4,5,1,2.31,4,6,FALSE
Female,Loyal Customer,28,Business Travel,Business,655,2,1,1,1,2,2,2,2,4,2,3,1,2,1.92,0,0,FALSE
Female,Loyal Customer,68,Personal Travel,Eco,134,1,5,1,2,2,4,4,1,1,1,1,3,4,2.31,16,14,FALSE
Female,Disloyal Customer,22,Business Travel,Eco,109,5,0,5,2,5,5,2,5,3,2,1,4,5,3.38,69,69,TRUE
Male,Loyal Customer,57,Personal Travel,Eco,404,2,4,5,4,3,5,3,3,4,3,4,3,3,3.54,54,79,FALSE
Female,Loyal Customer,47,Business Travel,Business,551,2,2,2,2,4,5,5,4,4,4,4,5,4,3.62,0,18,TRUE
Female,Loyal Customer,54,Business Travel,Business,1609,4,4,4,4,4,4,4,5,5,5,5,3,3,4.15,6,9,TRUE
Male,Loyal Customer,42,Business Travel,Business,164,3,3,3,3,5,5,4,4,4,5,5,5,5,4.15,0,0,TRUE
Female,Loyal Customer,44,Business Travel,Business,1129,4,4,4,4,4,4,5,5,5,5,5,3,5,4.38,0,0,TRUE
Male,Disloyal Customer,37,Business Travel,Eco,137,1,0,1,2,3,1,3,3,3,2,5,5,3,2.46,0,0,FALSE
Male,Loyal Customer,40,Business Travel,Business,1379,4,4,4,4,3,4,4,5,5,5,5,5,4,4.31,99,109,TRUE
Male,Loyal Customer,26,Business Travel,Business,1506,3,2,2,2,3,3,3,3,4,1,3,2,3,2.62,13,13,FALSE
Male,Loyal Customer,22,Personal Travel,Business,2248,4,4,4,1,4,4,4,4,3,3,4,4,4,3.62,41,12,FALSE
Female,Disloyal Customer,47,Business Travel,Eco,609,4,1,4,1,3,4,3,3,2,1,2,2,3,2.54,0,0,FALSE
Female,Loyal Customer,35,Business Travel,Business,462,3,4,4,4,5,4,3,3,3,3,3,3,4,3.54,0,31,FALSE
Male,Loyal Customer,56,Business Travel,Eco,1829,3,4,4,4,3,3,3,2,4,2,3,3,3,3.15,191,182,FALSE
Male,Loyal Customer,48,Personal Travel,Eco,413,2,5,2,1,3,2,3,3,4,2,5,5,3,3.08,34,34,FALSE
Female,Loyal Customer,40,Business Travel,Eco,258,4,2,2,2,4,4,4,4,1,4,4,1,4,3.08,8,11,FALSE
Male,Loyal Customer,45,Business Travel,Business,1743,2,2,2,2,5,4,4,2,2,2,2,3,5,2.85,17,20,TRUE
Female,Loyal Customer,24,Personal Travel,Eco,748,4,4,4,1,1,4,4,1,2,5,1,3,1,2.69,0,0,FALSE
Male,Loyal Customer,51,Personal Travel,Eco,575,3,4,3,1,3,3,3,3,1,4,1,2,3,2.62,0,0,FALSE
Male,Loyal Customer,40,Business Travel,Business,1843,3,3,3,3,5,4,4,5,5,5,5,4,5,4.15,0,0,TRUE
Female,Loyal Customer,16,Business Travel,Business,3063,4,5,5,5,4,4,4,4,1,2,3,1,4,3.54,0,0,FALSE
Male,Loyal Customer,33,Personal Travel,Eco,2704,2,5,2,4,2,1,1,4,5,3,4,1,1,2.69,2,45,FALSE
Male,Loyal Customer,39,Business Travel,Business,3861,1,1,1,1,4,4,5,5,5,5,5,4,3,3.38,0,1,TRUE
Female,Loyal Customer,16,Business Travel,Eco,1127,3,4,4,4,3,3,3,3,1,2,4,2,3,3,0,0,FALSE
Female,Disloyal Customer,45,Business Travel,Business,282,3,3,3,4,5,3,5,5,1,4,3,1,5,3.46,2,0,FALSE
Male,Loyal Customer,28,Business Travel,Business,874,2,2,2,2,2,2,2,2,1,5,3,3,2,2.31,47,26,FALSE
Male,Loyal Customer,20,Personal Travel,Eco,1205,5,2,5,3,1,2,1,1,1,4,4,2,1,2.46,0,0,TRUE
Male,Disloyal Customer,43,Business Travel,Eco,378,3,0,4,5,2,4,2,2,3,5,5,1,2,2.92,0,0,FALSE
Female,Loyal Customer,21,Personal Travel,Eco,999,3,3,3,3,2,3,2,2,3,4,4,3,2,2.85,0,0,FALSE
Female,Loyal Customer,18,Personal Travel,Eco,533,2,1,2,3,5,2,4,5,1,3,3,3,5,3,25,11,FALSE
Male,Loyal Customer,69,Personal Travel,Eco,964,2,5,1,2,2,1,2,2,3,4,5,3,2,2.62,0,0,FALSE
Male,Loyal Customer,55,Personal Travel,Business,337,3,5,3,4,5,5,4,4,4,3,4,4,3,3.92,0,0,FALSE
Male,Loyal Customer,65,Personal Travel,Eco,1171,1,3,1,4,3,1,3,3,1,3,3,4,3,2.54,0,0,FALSE
Male,Loyal Customer,52,Business Travel,Eco,326,4,4,4,4,4,4,4,4,3,4,1,1,4,3.46,0,0,TRUE
Male,Loyal Customer,38,Personal Travel,Eco,1608,2,5,2,1,3,2,3,3,3,5,4,5,3,3.15,0,0,FALSE
Male,Loyal Customer,40,Personal Travel,Eco,370,3,2,3,1,4,3,4,4,4,1,1,1,4,2.69,0,0,FALSE
Male,Loyal Customer,41,Business Travel,Business,3224,5,5,3,5,5,4,4,5,5,5,5,2,5,4.46,0,0,TRUE
Female,Loyal Customer,29,Business Travel,Business,867,4,4,4,4,3,4,3,3,3,5,2,4,3,3.54,0,0,TRUE
Female,Loyal Customer,44,Business Travel,Business,3541,2,2,2,2,2,4,3,2,2,3,2,2,4,2.46,11,18,FALSE
Female,Loyal Customer,42,Business Travel,Business,2650,3,4,2,4,5,4,4,3,3,4,3,1,1,3.15,0,0,FALSE
Female,Disloyal Customer,36,Business Travel,Business,628,2,2,2,3,2,2,3,2,3,3,5,3,2,2.62,7,19,FALSE
Male,Loyal Customer,34,Personal Travel,Eco,2588,2,5,2,4,2,3,4,5,3,3,4,4,4,3.46,10,1,FALSE
Male,Loyal Customer,52,Business Travel,Business,3681,1,1,1,1,5,4,5,4,4,4,4,4,5,3.31,0,0,TRUE
Female,Loyal Customer,40,Business Travel,Business,2075,5,5,5,5,5,5,5,2,2,2,2,4,4,3.92,0,,TRUE
Female,Loyal Customer,11,Personal Travel,Eco,370,1,1,1,4,3,1,4,3,3,3,3,2,3,2.46,0,0,FALSE
Female,Disloyal Customer,28,Business Travel,Business,1293,5,5,5,1,2,5,2,2,5,4,3,5,2,3.54,1,0,TRUE
Male,Disloyal Customer,35,Business Travel,Business,937,3,3,3,1,1,3,1,1,5,3,5,3,1,2.54,1,22,FALSE
Male,Loyal Customer,43,Business Travel,Business,3781,3,3,3,3,1,3,4,3,3,3,3,3,4,3,0,0,FALSE
Male,Loyal Customer,41,Personal Travel,Eco Plus,997,2,5,2,4,1,2,1,1,5,4,4,5,1,2.85,5,0,FALSE
Male,Loyal Customer,53,Business Travel,Business,3728,3,4,4,4,4,4,3,3,3,3,3,2,1,3.15,0,0,FALSE
Male,Loyal Customer,46,Business Travel,Business,2378,2,2,2,2,4,5,4,5,5,5,5,5,5,3.92,0,0,TRUE
Male,Loyal Customer,14,Personal Travel,Eco,460,2,5,2,3,4,2,5,4,4,1,1,3,4,3.08,0,0,FALSE
Male,Loyal Customer,51,Business Travel,Business,3778,5,5,5,5,5,4,5,4,4,4,5,4,4,4.54,0,0,TRUE
Female,Loyal Customer,60,Personal Travel,Eco,646,2,3,2,3,3,3,3,2,2,2,2,4,3,2.62,0,6,FALSE
Male,Loyal Customer,51,Personal Travel,Eco,1464,2,4,2,2,1,2,1,1,4,5,4,5,1,2.62,49,39,FALSE
Male,Loyal Customer,21,Business Travel,Business,1616,5,5,5,5,5,5,5,5,3,5,4,4,5,4.69,0,0,TRUE
Male,Loyal Customer,15,Personal Travel,Business,528,2,4,2,1,2,2,2,2,4,1,2,4,2,2.31,3,13,FALSE
Female,Loyal Customer,34,Business Travel,Business,2248,2,2,2,2,4,1,2,5,5,5,5,4,4,3.31,0,0,TRUE
Male,Loyal Customer,54,Business Travel,Business,580,3,3,3,3,2,4,4,4,4,4,4,4,4,3.54,6,0,TRUE
Female,Loyal Customer,48,Business Travel,Business,2077,5,5,2,5,4,3,4,4,4,4,4,3,4,3.92,0,0,TRUE
Female,Loyal Customer,24,Business Travel,Business,3037,3,3,3,3,2,2,2,2,4,4,4,3,2,2.85,16,5,TRUE
Female,Loyal Customer,40,Business Travel,Eco Plus,1076,4,3,4,3,4,4,4,4,4,3,4,2,4,3.62,0,0,TRUE
Male,Disloyal Customer,25,Business Travel,Eco,649,3,4,2,4,4,2,4,4,3,5,1,4,4,3.38,0,0,FALSE
Female,Disloyal Customer,24,Business Travel,Business,551,4,0,4,3,4,4,4,4,4,3,5,4,4,3.62,0,17,TRUE
Female,Disloyal Customer,26,Business Travel,Business,1986,4,4,4,1,4,4,4,4,5,5,4,3,4,3.85,87,85,FALSE
Female,Loyal Customer,40,Personal Travel,Eco,621,2,5,2,4,5,2,5,5,4,2,4,4,5,3.77,0,0,FALSE
Male,Loyal Customer,29,Business Travel,Business,2615,2,2,4,2,4,4,4,4,5,3,5,4,4,3.62,0,20,TRUE
Female,Disloyal Customer,25,Business Travel,Eco,501,3,5,3,1,3,3,3,3,2,5,3,5,3,3.23,0,0,FALSE
Female,Loyal Customer,51,Business Travel,Business,1506,2,5,5,5,3,2,3,2,2,2,2,3,4,3.08,0,0,FALSE
Female,Disloyal Customer,23,Business Travel,Eco,1380,4,4,4,1,1,4,1,1,4,4,4,5,1,2.92,0,0,TRUE
Female,Loyal Customer,37,Business Travel,Business,2140,1,1,1,1,5,5,4,5,5,5,5,4,5,3.62,111,106,TRUE
Female,Loyal Customer,56,Business Travel,Business,468,4,3,3,3,5,3,3,4,4,3,4,3,1,3.31,0,12,FALSE
Female,Disloyal Customer,27,Business Travel,Eco Plus,719,1,1,1,3,2,1,2,2,3,2,4,2,2,2,61,46,FALSE
Male,Loyal Customer,41,Personal Travel,Eco,404,2,3,2,2,2,2,2,2,1,3,1,2,2,2,0,0,FALSE
Female,Loyal Customer,40,Business Travel,Business,1557,5,5,5,5,1,1,3,4,4,4,4,3,4,3.69,0,0,TRUE
Male,Loyal Customer,40,Business Travel,Eco,1969,1,2,2,2,1,1,1,1,2,2,2,4,1,1.69,0,0,FALSE
Male,Loyal Customer,44,Business Travel,Business,2116,2,2,2,2,4,4,4,4,4,4,4,3,3,3.23,25,14,TRUE
Male,Loyal Customer,38,Business Travel,Business,3660,4,4,4,4,3,4,5,4,4,4,4,4,3,3.92,0,0,TRUE
Male,Loyal Customer,42,Business Travel,Business,2521,3,3,3,3,2,5,4,2,2,2,2,3,5,3,3,0,TRUE
Female,Loyal Customer,31,Business Travel,Eco,173,2,1,1,1,2,2,2,2,2,2,3,2,2,1.85,120,114,FALSE
Male,Loyal Customer,50,Business Travel,Business,2611,1,1,1,1,4,4,4,1,1,3,2,4,4,2.38,21,54,TRUE
Female,Disloyal Customer,29,Business Travel,Business,1096,5,5,5,1,3,5,3,3,5,5,4,5,3,4,0,0,TRUE
Female,Loyal Customer,55,Business Travel,Business,2836,1,5,5,5,2,3,3,2,2,2,1,2,4,2.85,19,20,FALSE
Male,Loyal Customer,17,Personal Travel,Eco,2586,2,4,2,4,2,4,4,5,2,4,5,4,4,3.54,0,15,FALSE
Male,Loyal Customer,34,Business Travel,Eco Plus,964,5,4,4,4,5,5,5,5,1,1,3,4,5,3.92,0,18,TRUE
Female,Disloyal Customer,50,Business Travel,Eco,502,2,2,2,3,4,2,4,4,2,4,3,1,4,2.85,0,0,FALSE
Female,Disloyal Customer,39,Business Travel,Eco,300,3,0,3,4,3,3,2,3,4,1,1,4,3,2.62,0,0,FALSE
Male,Disloyal Customer,22,Business Travel,Eco,1303,3,3,3,5,4,3,4,4,3,2,5,4,4,3.62,0,0,FALSE
Female,Loyal Customer,8,Personal Travel,Eco,834,2,4,2,3,3,2,2,3,4,5,1,2,3,2.77,0,0,FALSE
Female,Loyal Customer,55,Business Travel,Eco,528,3,1,1,1,5,4,3,3,3,3,3,3,1,2.62,48,31,FALSE
Female,Disloyal Customer,18,Business Travel,Eco,247,2,2,1,4,4,1,4,4,4,4,3,2,4,3,3,0,FALSE
Female,Loyal Customer,29,Business Travel,Business,740,3,3,3,3,4,4,4,5,3,5,5,4,4,3.85,219,223,TRUE
Female,Loyal Customer,46,Business Travel,Eco,759,3,5,5,5,4,4,4,2,2,3,2,2,3,3.38,7,9,TRUE
Male,Loyal Customer,52,Personal Travel,Eco,1092,4,2,4,1,4,4,4,4,1,3,1,1,4,2.85,19,33,FALSE
Male,Disloyal Customer,24,Business Travel,Eco,743,2,2,2,4,4,2,4,4,4,1,3,5,4,3.15,14,18,FALSE
Female,Disloyal Customer,18,Business Travel,Eco,1259,3,4,4,4,4,4,4,4,3,4,5,4,4,3.92,0,0,FALSE
Female,Loyal Customer,47,Business Travel,Business,1963,2,2,2,2,5,4,5,5,5,5,5,5,5,4,0,0,TRUE
Male,Loyal Customer,10,Personal Travel,Eco,1825,3,4,3,4,1,3,1,1,2,2,3,4,1,2.46,0,0,FALSE
Female,Loyal Customer,35,Personal Travel,Eco,282,2,4,5,4,3,5,3,3,4,3,4,3,3,3.54,0,31,FALSE
Female,Loyal Customer,52,Business Travel,Eco Plus,416,5,1,1,1,3,2,4,5,5,5,5,1,1,3,0,3,TRUE
Male,Loyal Customer,9,Personal Travel,Business,451,3,2,3,4,2,3,5,2,2,2,3,1,2,2.62,9,10,FALSE
Female,Disloyal Customer,41,Business Travel,Business,488,2,1,1,4,4,4,4,4,4,5,3,2,4,3.23,18,13,FALSE
Male,Loyal Customer,42,Personal Travel,Eco,282,3,5,3,4,1,3,1,1,4,2,5,5,1,2.92,0,0,FALSE
Male,Loyal Customer,57,Personal Travel,Eco,1050,1,5,1,3,2,1,3,2,4,5,5,4,2,2.92,3,0,FALSE
Male,Loyal Customer,52,Business Travel,Business,2261,3,3,3,3,5,4,5,4,4,4,4,5,3,3.85,0,0,TRUE
Female,Disloyal Customer,18,Business Travel,Eco,466,2,3,2,4,2,2,2,2,5,4,3,2,2,2.69,142,137,FALSE
Female,Loyal Customer,56,Business Travel,Business,3576,1,1,1,1,3,5,4,4,4,4,4,5,3,3.08,18,22,TRUE
Male,Loyal Customer,51,Business Travel,Business,2437,3,3,3,3,3,5,5,4,4,4,4,4,3,3.69,0,0,TRUE
Female,Loyal Customer,8,Business Travel,Eco Plus,788,3,1,1,1,3,3,2,3,3,2,4,1,3,2.31,0,8,FALSE
Male,Loyal Customer,38,Business Travel,Business,2566,2,3,3,3,3,3,3,2,2,2,2,4,3,2.69,0,5,FALSE
Male,Loyal Customer,31,Business Travel,Business,1900,2,3,3,3,2,2,2,2,4,4,4,3,2,2.77,0,0,FALSE
Male,Loyal Customer,44,Business Travel,Business,1840,1,1,1,1,3,4,2,5,5,5,5,1,1,2.69,0,6,TRUE
Female,Loyal Customer,50,Business Travel,Business,646,5,5,5,5,5,5,4,5,5,5,5,5,4,4.85,65,72,TRUE
Male,Loyal Customer,61,Personal Travel,Eco,1773,5,4,5,3,4,5,4,4,3,4,2,3,4,3.85,1,0,TRUE
Female,Loyal Customer,59,Personal Travel,Eco Plus,95,2,3,2,4,3,4,2,5,5,2,3,1,3,3,0,0,FALSE
Male,Disloyal Customer,40,Business Travel,Business,325,4,4,4,3,2,4,2,2,3,4,5,4,2,3.31,0,0,TRUE
Male,Loyal Customer,27,Business Travel,Eco,1481,2,1,1,1,2,2,2,2,3,4,1,3,2,2,29,19,FALSE
Female,Disloyal Customer,23,Business Travel,Eco,749,5,5,5,1,1,5,1,1,5,5,4,4,1,3.31,0,0,TRUE
Male,Disloyal Customer,18,Business Travel,Eco,828,3,3,3,3,3,3,3,3,4,3,4,5,3,3.31,0,0,FALSE
Male,Loyal Customer,66,Business Travel,Eco,227,4,2,4,2,4,4,4,4,2,2,2,4,4,3.23,0,0,TRUE
Male,Loyal Customer,54,Business Travel,Business,2994,4,4,4,4,3,5,4,5,5,5,5,5,5,4.46,0,0,TRUE
Female,Loyal Customer,42,Personal Travel,Eco,862,3,4,4,2,3,5,5,2,2,4,2,3,5,3.38,0,0,FALSE
Male,Loyal Customer,60,Personal Travel,Eco,239,3,4,3,3,2,3,3,2,2,4,4,3,2,2.92,64,58,FALSE
Female,Loyal Customer,39,Personal Travel,Eco,429,3,3,3,3,4,3,4,4,3,1,4,4,4,3.31,0,0,FALSE
Male,Loyal Customer,39,Business Travel,Business,417,5,5,5,5,3,5,5,5,5,5,5,4,3,4.62,0,0,TRUE
Female,Disloyal Customer,35,Business Travel,Eco,319,3,1,3,3,1,3,1,1,3,2,4,3,1,2.23,0,0,FALSE
Male,Loyal Customer,32,Business Travel,Eco,979,5,5,5,5,5,5,5,5,3,5,4,4,5,4.69,4,24,TRUE
Female,Loyal Customer,45,Business Travel,Business,2863,1,1,1,1,4,5,4,4,4,4,4,3,4,3.08,8,0,TRUE
Female,Loyal Customer,51,Business Travel,Eco Plus,1590,4,1,1,1,5,2,4,4,4,4,4,1,3,2.92,3,0,FALSE
Female,Loyal Customer,40,Business Travel,Business,2192,2,2,2,2,2,3,2,2,2,2,2,1,1,1.92,0,0,FALSE
Female,Disloyal Customer,25,Business Travel,Business,1008,4,4,4,3,1,4,1,1,3,5,4,4,1,3,11,0,TRUE
Female,Loyal Customer,61,Business Travel,Eco,731,2,4,4,4,3,3,2,2,2,2,2,2,3,2.69,0,0,FALSE
Male,Loyal Customer,44,Personal Travel,Eco,1306,2,5,1,2,4,1,4,4,3,2,4,5,4,3.15,0,0,FALSE
Male,Loyal Customer,39,Business Travel,Business,861,1,1,1,1,3,1,1,5,5,5,5,4,4,2.85,0,0,TRUE
Male,Loyal Customer,46,Business Travel,Business,1530,3,3,3,3,4,4,4,3,3,3,3,2,4,3.23,0,0,FALSE
Female,Loyal Customer,23,Business Travel,Business,2072,1,3,3,3,1,2,1,1,1,4,2,2,1,1.92,0,8,FALSE
Female,Loyal Customer,36,Business Travel,Eco,589,5,4,4,4,5,5,5,5,5,3,3,2,5,4.23,0,0,TRUE
Male,Disloyal Customer,26,Business Travel,Eco,175,2,0,2,3,2,2,2,2,1,5,5,3,2,2.38,39,35,FALSE
Male,Loyal Customer,40,Personal Travel,Eco,1747,2,1,2,1,3,2,3,3,3,2,2,4,3,2.38,0,0,FALSE
Male,Loyal Customer,25,Personal Travel,Eco,762,3,1,3,2,1,3,1,1,2,2,2,3,1,1.92,0,0,FALSE
Male,Loyal Customer,28,Business Travel,Business,229,4,4,4,4,4,4,4,4,3,2,5,4,4,3.85,0,0,TRUE
Female,Disloyal Customer,21,Business Travel,Eco,802,4,4,4,3,1,4,3,1,5,5,5,5,1,3.46,0,0,TRUE
Male,Loyal Customer,46,Business Travel,Business,842,3,3,3,3,4,5,5,4,4,4,4,3,5,3.85,20,17,TRUE
Male,Loyal Customer,55,Business Travel,Business,551,4,4,4,4,4,4,4,4,4,4,4,3,4,3.92,0,0,TRUE
Female,Disloyal Customer,27,Business Travel,Eco,1046,2,2,2,2,3,2,2,3,3,2,5,5,3,2.77,0,0,FALSE
Male,Loyal Customer,31,Business Travel,Eco,1620,3,5,4,5,3,3,3,3,3,2,4,3,3,3.38,24,11,FALSE
Male,Loyal Customer,65,Personal Travel,Eco,226,0,4,0,4,5,0,4,5,4,4,4,5,5,3.38,0,0,TRUE
Male,Loyal Customer,17,Business Travel,Business,3389,2,2,2,2,4,4,4,4,5,2,4,3,4,3.23,18,7,TRUE
Female,Disloyal Customer,8,Business Travel,Eco,849,3,3,3,3,5,3,5,5,3,5,2,4,5,3.77,23,14,FALSE
Male,Loyal Customer,59,Business Travel,Business,187,3,3,3,3,4,4,4,5,5,5,5,3,3,3.85,0,0,TRUE
Female,Loyal Customer,44,Business Travel,Business,190,3,5,5,5,4,3,4,3,3,4,3,2,4,3.69,23,6,FALSE
Male,Loyal Customer,35,Personal Travel,Eco,581,2,5,2,5,1,2,1,1,5,2,4,1,1,2.46,0,0,FALSE
Female,Loyal Customer,50,Business Travel,Business,3795,5,5,5,5,5,4,2,4,4,4,3,2,3,3.92,0,0,TRUE
Female,Loyal Customer,69,Personal Travel,Eco,986,4,5,4,1,2,5,4,3,3,4,3,4,3,3.46,0,2,TRUE
Male,Loyal Customer,47,Business Travel,Eco Plus,300,5,3,2,3,5,5,5,5,2,4,1,5,5,3.85,0,0,TRUE
Male,Loyal Customer,44,Business Travel,Business,2198,5,5,5,5,2,5,5,5,5,4,5,4,5,4.62,15,20,TRUE
Female,Loyal Customer,43,Business Travel,Business,580,3,3,3,3,3,4,5,4,4,4,4,3,3,3.54,0,0,TRUE
Female,Loyal Customer,26,Business Travel,Business,849,2,2,2,2,4,4,4,4,4,3,5,5,4,3.46,5,0,TRUE
Female,Loyal Customer,45,Personal Travel,Eco,931,3,5,3,2,3,5,4,5,5,3,5,4,3,3.85,0,3,FALSE
Female,Disloyal Customer,22,Business Travel,Eco,417,3,2,3,4,2,3,2,2,3,1,4,4,2,2.69,1,0,FALSE
Male,Loyal Customer,14,Personal Travel,Eco,359,4,4,4,3,2,4,2,2,3,4,5,3,2,3.23,0,0,TRUE
Female,Loyal Customer,50,Personal Travel,Eco,853,3,5,3,1,2,4,4,4,4,3,1,4,4,3.23,0,0,FALSE
Male,Loyal Customer,67,Business Travel,Eco,384,3,4,4,4,3,3,3,2,1,2,2,3,3,2.85,151,146,FALSE
Female,Loyal Customer,21,Personal Travel,Eco,2496,5,5,5,3,1,5,1,1,4,1,3,3,1,2.92,0,0,TRUE
Male,Loyal Customer,60,Business Travel,Business,1885,5,5,3,5,5,5,5,5,5,4,5,5,4,4.69,0,0,TRUE
Male,Loyal Customer,31,Business Travel,Business,936,2,2,3,2,5,4,5,5,5,3,5,4,5,3.85,0,0,TRUE
Male,Disloyal Customer,42,Business Travel,Business,236,1,1,1,3,1,1,1,1,2,3,4,2,1,1.69,0,0,FALSE
Female,Loyal Customer,55,Business Travel,Eco,1164,3,5,5,5,3,4,3,3,3,3,3,2,3,3.46,0,0,FALSE
Female,Loyal Customer,59,Business Travel,Eco,192,4,1,3,3,4,4,1,4,4,4,4,1,2,3,17,3,TRUE
Female,Disloyal Customer,39,Business Travel,Eco,685,3,3,3,3,3,4,4,5,3,1,5,4,4,3.46,652,638,FALSE
Female,Loyal Customer,42,Business Travel,Business,447,3,3,1,3,5,4,5,3,3,4,3,3,5,3.46,0,0,TRUE
Female,Loyal Customer,35,Business Travel,Eco,1005,3,5,5,5,3,3,3,3,1,4,1,1,3,3.08,0,0,FALSE
Female,Disloyal Customer,21,Business Travel,Business,821,0,5,0,2,5,5,5,5,5,3,5,5,5,3.85,0,0,TRUE
Female,Loyal Customer,51,Business Travel,Business,1738,3,3,3,3,3,5,5,5,5,5,5,5,4,4.15,0,0,TRUE
Male,Loyal Customer,43,Business Travel,Business,3095,1,1,1,1,3,4,5,5,5,5,5,3,3,3.23,41,29,TRUE
Female,Loyal Customer,37,Business Travel,Business,199,2,5,5,5,1,3,3,3,3,3,2,2,1,2.92,0,0,FALSE
Male,Loyal Customer,46,Personal Travel,Business,765,2,4,2,5,4,2,5,5,5,2,5,2,4,3.62,0,21,FALSE
Female,Disloyal Customer,39,Business Travel,Business,1269,1,1,1,4,1,1,1,1,3,1,4,4,1,1.85,0,0,FALSE
Male,Loyal Customer,27,Business Travel,Business,646,5,5,4,5,4,4,4,4,4,3,5,3,4,4.15,0,0,TRUE
Female,Loyal Customer,26,Business Travel,Eco Plus,200,4,4,4,4,4,3,4,4,3,5,4,3,4,3.85,0,0,FALSE
Female,Loyal Customer,57,Personal Travel,Eco,2248,2,5,2,3,2,3,4,1,1,2,1,4,4,2.62,0,0,FALSE
Female,Loyal Customer,31,Personal Travel,Eco,712,1,4,1,4,5,1,5,5,2,3,4,4,5,3.38,0,0,FALSE
Female,Loyal Customer,65,Personal Travel,Eco,184,2,4,2,4,1,3,3,1,1,2,1,3,3,2.31,0,3,FALSE
Male,Loyal Customer,53,Business Travel,Business,2586,5,5,2,5,3,5,5,5,5,5,5,3,3,4.31,5,9,TRUE
Male,Disloyal Customer,40,Business Travel,Business,287,4,4,4,3,5,4,5,5,4,2,2,1,5,3.69,0,0,TRUE
Female,Loyal Customer,34,Business Travel,Business,516,4,4,2,4,3,4,4,5,5,5,5,4,4,4.08,0,0,TRUE
Male,Disloyal Customer,34,Business Travel,Eco,711,2,2,2,4,4,2,4,4,4,4,4,1,4,3.15,7,37,FALSE
Female,Disloyal Customer,26,Business Travel,Eco,429,3,0,2,2,3,2,3,3,2,3,4,2,3,2.46,0,0,FALSE
Female,Loyal Customer,49,Personal Travel,Eco,315,1,3,1,2,5,2,3,1,1,1,1,3,1,1.92,0,10,FALSE
Male,Loyal Customer,30,Personal Travel,Eco,529,3,5,3,3,4,3,4,4,5,5,5,5,4,4.08,17,23,FALSE
Male,Loyal Customer,47,Business Travel,Business,978,4,4,2,4,4,5,4,4,4,4,4,2,1,3.54,0,0,TRUE
Female,Disloyal Customer,15,Business Travel,Eco,860,2,2,2,2,4,2,1,4,4,5,4,5,4,3.15,0,0,FALSE
Male,Loyal Customer,31,Personal Travel,Eco,164,2,5,0,2,2,0,2,2,3,5,4,3,2,2.46,79,78,FALSE
Male,Loyal Customer,29,Personal Travel,Eco,563,2,4,2,1,3,2,3,3,5,5,5,3,3,3.15,0,0,FALSE
Female,Loyal Customer,7,Personal Travel,Eco,237,3,1,0,3,1,0,1,1,3,2,3,4,1,1.77,0,0,FALSE
Female,Loyal Customer,17,Business Travel,Business,151,2,2,2,2,4,4,2,4,2,2,3,1,4,2.62,11,6,FALSE
Female,Loyal Customer,41,Business Travel,Eco,1076,5,3,3,3,4,5,4,4,1,3,5,1,4,3.46,2,11,TRUE
Male,Loyal Customer,58,Personal Travel,Eco,308,1,5,2,1,5,2,5,5,4,2,4,4,5,3.46,0,0,FALSE
Female,Loyal Customer,9,Personal Travel,Eco,363,4,5,4,4,2,4,2,2,3,4,4,5,2,3.46,0,0,FALSE
Female,Loyal Customer,72,Business Travel,Eco,380,5,3,3,3,5,4,2,5,5,5,5,2,1,3.69,0,0,TRUE
Male,Loyal Customer,31,Business Travel,Business,1667,2,1,1,1,2,2,2,2,1,3,4,3,2,2,0,0,FALSE
Male,Loyal Customer,56,Business Travel,Business,2308,0,5,1,4,5,4,5,5,5,5,5,3,4,3.92,5,0,TRUE
Female,Loyal Customer,32,Personal Travel,Eco,1726,1,5,1,1,1,1,1,1,4,5,4,4,1,2.31,0,0,FALSE
Male,Loyal Customer,36,Business Travel,Business,1703,2,2,2,2,5,3,4,3,3,4,3,5,4,3.23,41,31,TRUE
Male,Loyal Customer,32,Personal Travel,Eco,258,3,4,3,5,5,3,5,5,1,2,4,4,5,3.77,22,20,FALSE
Male,Loyal Customer,52,Business Travel,Business,325,2,2,1,2,5,5,5,4,4,4,4,5,5,3.69,17,15,TRUE
Male,Loyal Customer,37,Personal Travel,Eco,529,4,4,4,3,2,4,2,2,4,3,5,5,2,3.38,60,63,TRUE
Female,Loyal Customer,53,Business Travel,Business,1546,2,2,1,2,5,4,4,5,5,5,5,4,3,3.62,20,24,TRUE
Female,Loyal Customer,57,Business Travel,Business,967,5,5,5,5,2,5,5,5,5,5,5,4,4,4.62,0,0,TRUE
Female,Loyal Customer,41,Business Travel,Eco,406,4,3,3,3,4,4,4,4,1,4,1,4,4,3.31,15,16,TRUE
Female,Loyal Customer,67,Personal Travel,Eco,541,2,4,2,4,2,5,4,1,1,2,1,3,3,2.62,0,4,FALSE
Male,Loyal Customer,48,Business Travel,Business,2805,3,3,3,3,4,4,4,4,4,4,4,4,4,3.69,0,0,TRUE
Female,Loyal Customer,48,Business Travel,Eco,408,2,5,5,5,2,4,4,2,2,2,2,1,2,2.92,0,0,FALSE
Male,Loyal Customer,40,Business Travel,Eco,921,3,1,1,1,3,3,3,3,3,5,3,3,3,2.69,0,0,FALSE
Male,Loyal Customer,55,Business Travel,Business,1878,5,5,5,5,2,4,5,4,4,5,4,4,4,4.31,0,0,TRUE
Female,Loyal Customer,38,Personal Travel,Eco,679,2,1,2,2,1,2,1,1,3,3,1,4,1,1.85,0,9,FALSE
Male,Loyal Customer,47,Business Travel,Business,2137,4,4,4,4,5,4,4,5,5,5,5,3,5,4.38,0,0,TRUE
Female,Loyal Customer,62,Personal Travel,Eco,472,3,2,3,4,5,3,3,4,4,3,4,4,4,3.54,23,35,FALSE
Female,Loyal Customer,33,Personal Travel,Eco,190,3,5,3,1,2,3,2,2,3,5,4,4,2,3,0,0,FALSE
Male,Loyal Customer,34,Business Travel,Business,236,2,1,1,1,4,3,3,2,2,2,2,2,4,2.23,0,0,FALSE
Male,Loyal Customer,30,Business Travel,Business,323,0,0,0,2,3,4,4,3,4,3,4,4,3,2.62,24,17,TRUE
Female,Disloyal Customer,39,Business Travel,Eco,797,1,0,0,4,2,0,3,2,1,3,4,5,2,2.08,0,0,FALSE
Male,Loyal Customer,51,Business Travel,Eco,116,1,3,3,3,1,1,1,1,1,5,4,3,1,2.15,0,0,FALSE
Male,Disloyal Customer,30,Business Travel,Business,1547,2,1,1,5,5,1,4,5,4,3,5,4,5,3.46,40,44,FALSE
Male,Disloyal Customer,22,Business Travel,Business,1096,5,3,5,1,1,5,1,1,3,3,5,2,1,2.77,0,1,TRUE
Female,Loyal Customer,48,Business Travel,Business,3857,3,3,3,3,2,2,2,3,3,3,3,3,4,2.85,0,10,FALSE
Female,Loyal Customer,56,Business Travel,Business,67,1,4,4,4,1,1,1,3,3,3,1,4,3,2.54,0,0,FALSE
Female,Loyal Customer,28,Business Travel,Business,2285,5,5,5,5,5,5,5,5,4,3,5,4,5,4.69,0,0,TRUE
Female,Loyal Customer,56,Business Travel,Business,2162,3,3,3,3,4,4,4,4,4,4,4,5,3,3.69,0,2,TRUE
Female,Loyal Customer,53,Business Travel,Eco,872,5,3,3,3,3,5,1,5,5,5,5,1,5,3.77,0,0,TRUE
Female,Loyal Customer,52,Business Travel,Business,888,4,4,5,4,4,5,4,5,5,5,5,4,5,4.54,0,0,TRUE
Male,Disloyal Customer,36,Business Travel,Eco,737,3,3,3,5,5,3,5,5,1,2,5,2,5,3.62,44,32,FALSE
Male,Loyal Customer,54,Business Travel,Business,2784,3,3,3,3,3,4,4,5,5,5,5,4,4,3.92,1,0,TRUE
Female,Loyal Customer,56,Personal Travel,Eco,731,2,3,2,5,5,2,1,1,1,2,4,2,3,2.54,0,0,FALSE
Male,Loyal Customer,49,Business Travel,Eco,551,4,1,1,1,4,4,4,4,1,3,2,2,4,2.69,9,0,TRUE
Female,Loyal Customer,35,Personal Travel,Eco,2475,3,4,4,1,5,4,5,5,3,5,4,3,5,3.92,1,0,FALSE
Male,Disloyal Customer,20,Business Travel,Eco,429,4,5,4,3,4,4,4,4,4,2,4,4,4,3.85,19,14,TRUE
Male,Loyal Customer,41,Personal Travel,Eco,192,3,5,3,1,3,3,5,3,3,5,5,5,3,3.62,0,0,FALSE
Female,Loyal Customer,33,Personal Travel,Business,859,2,5,2,4,3,4,5,5,5,2,5,3,5,3.85,6,2,FALSE
Male,Disloyal Customer,25,Business Travel,Eco,2402,1,1,1,4,5,1,5,5,1,3,3,4,5,3,11,29,FALSE
Female,Disloyal Customer,34,Business Travel,Eco,457,2,4,2,3,1,2,1,1,1,5,4,3,1,2.31,0,0,FALSE
Female,Loyal Customer,41,Business Travel,Business,213,2,2,2,2,4,2,3,4,4,4,4,2,2,2.85,37,38,TRUE
Male,Loyal Customer,40,Business Travel,Eco,696,5,2,2,2,5,5,5,5,5,4,4,5,5,4.15,0,0,TRUE
Female,Disloyal Customer,30,Business Travel,Eco,391,3,4,3,4,4,3,4,4,4,4,2,1,4,3.38,7,7,FALSE
Female,Loyal Customer,25,Personal Travel,Eco,1496,2,5,2,2,4,2,4,4,3,5,3,1,4,3.15,0,0,FALSE
Male,Loyal Customer,51,Business Travel,Business,2166,1,1,4,1,5,5,5,5,5,5,5,3,4,3.77,3,1,TRUE
Male,Loyal Customer,51,Personal Travel,Eco,601,3,1,3,4,2,3,2,2,4,2,4,4,2,2.77,2,0,FALSE
Female,Disloyal Customer,44,Business Travel,Eco,287,3,4,4,2,4,4,1,4,3,3,1,3,4,3.08,8,10,FALSE
Female,Loyal Customer,40,Business Travel,Eco,1400,4,4,4,4,4,4,4,4,1,3,5,2,4,3.62,18,9,TRUE
Male,Loyal Customer,56,Business Travel,Business,1918,1,1,1,1,2,5,4,4,4,4,4,4,3,2.92,0,0,TRUE
Male,Loyal Customer,60,Business Travel,Business,3226,4,4,4,4,1,2,3,3,3,3,3,4,4,3.23,0,0,TRUE
Male,Loyal Customer,8,Personal Travel,Eco,516,4,5,4,5,5,4,5,5,4,2,5,4,5,4.38,0,0,TRUE
Male,Disloyal Customer,30,Business Travel,Eco,1445,2,2,2,4,2,2,2,2,1,2,4,1,2,2.15,1,0,FALSE
Female,Loyal Customer,39,Business Travel,Eco,102,4,2,2,2,4,4,4,4,3,3,4,2,4,3.23,0,0,TRUE
Male,Disloyal Customer,41,Business Travel,Business,1331,2,2,2,5,3,2,3,3,4,4,5,4,3,3.23,1,0,TRUE
Male,Loyal Customer,52,Business Travel,Business,1609,4,4,3,4,5,4,5,2,2,2,2,3,4,3.38,5,0,TRUE
Male,Loyal Customer,52,Personal Travel,Eco,251,1,5,1,3,5,1,5,5,3,5,5,5,5,3.77,26,23,FALSE
Female,Loyal Customer,59,Personal Travel,Eco,522,2,4,2,1,4,5,4,3,3,2,1,3,4,2.92,0,0,FALSE
Female,Loyal Customer,47,Personal Travel,Eco,554,1,5,2,4,5,5,5,4,4,2,4,4,5,3.85,0,0,FALSE
Female,Disloyal Customer,21,Business Travel,Eco,402,2,0,2,3,1,2,1,1,2,1,3,1,1,1.54,0,0,FALSE
Male,Loyal Customer,59,Business Travel,Business,2899,3,3,2,3,3,5,5,5,5,5,5,5,4,4.08,0,0,TRUE
Female,Disloyal Customer,17,Business Travel,Eco,562,4,3,4,3,5,4,2,5,1,4,3,4,5,3.62,0,0,FALSE
Female,Loyal Customer,24,Business Travel,Eco Plus,693,2,4,4,4,2,3,1,2,3,5,3,1,2,2.77,53,42,FALSE
Male,Loyal Customer,44,Business Travel,Eco Plus,334,4,3,3,3,4,4,4,4,3,1,4,5,4,3.54,48,40,TRUE
Male,Loyal Customer,48,Business Travel,Eco,547,4,4,4,4,4,4,4,4,5,5,1,5,4,4,0,0,TRUE
Male,Loyal Customer,47,Business Travel,Business,67,5,5,5,5,3,1,1,4,4,4,5,1,2,3.46,0,0,TRUE
Female,Disloyal Customer,23,Business Travel,Eco,301,1,2,1,3,5,1,2,5,1,1,3,4,5,2.62,25,15,FALSE
Female,Loyal Customer,59,Business Travel,Business,250,0,0,0,3,1,1,1,3,2,5,5,1,1,1.77,186,181,TRUE
Female,Disloyal Customer,22,Business Travel,Business,760,4,0,4,3,4,4,4,4,4,3,4,3,4,3.46,0,0,TRUE
Male,Loyal Customer,38,Business Travel,Business,1982,5,5,5,5,3,4,1,5,5,5,5,3,1,4,0,0,TRUE
Male,Loyal Customer,59,Personal Travel,Eco,929,3,4,3,3,5,3,4,5,5,2,5,5,5,4,0,7,FALSE
Male,Loyal Customer,35,Business Travel,Eco,1190,4,3,3,3,4,4,4,4,2,2,3,5,4,3.46,0,0,TRUE
Female,Loyal Customer,21,Business Travel,Business,533,4,4,4,4,4,4,4,4,1,1,3,4,4,3.46,0,0,TRUE
Male,Loyal Customer,31,Business Travel,Business,2528,2,3,3,3,2,2,2,2,1,4,4,4,2,2.62,0,0,FALSE
Female,Loyal Customer,51,Business Travel,Business,349,0,0,0,5,5,1,5,4,4,4,4,5,2,3,0,0,TRUE
Male,Loyal Customer,56,Personal Travel,Eco,2588,1,5,1,1,1,1,1,1,2,4,3,1,1,1.77,10,8,FALSE
Female,Loyal Customer,47,Business Travel,Business,2338,4,4,4,4,4,3,4,4,4,4,4,3,4,3.85,0,0,TRUE
Male,Loyal Customer,56,Business Travel,Business,3467,4,4,4,4,2,5,5,2,2,2,2,4,3,3.31,37,17,TRUE
Male,Loyal Customer,42,Business Travel,Eco,159,3,4,4,4,3,3,3,3,3,2,4,2,3,3.15,23,38,FALSE
Female,Disloyal Customer,25,Business Travel,Eco,370,4,5,4,4,1,4,1,1,1,4,2,3,1,2.69,9,0,TRUE
Male,Loyal Customer,57,Business Travel,Business,2579,4,4,4,4,5,5,4,5,5,5,5,4,3,4.38,0,0,TRUE
Female,Disloyal Customer,25,Business Travel,Eco Plus,531,2,0,2,4,2,2,2,2,5,3,5,2,2,2.54,0,0,FALSE
Female,Loyal Customer,31,Business Travel,Business,650,3,3,3,3,3,3,3,3,2,2,3,2,3,2.77,0,10,FALSE
Male,Disloyal Customer,29,Business Travel,Eco Plus,1497,1,1,1,4,4,1,4,4,4,4,3,2,4,2.85,118,107,FALSE
Female,Loyal Customer,68,Personal Travel,Eco,405,0,4,0,4,5,5,4,3,3,0,3,3,4,2.92,0,0,TRUE
Female,Loyal Customer,35,Business Travel,Business,859,2,2,2,2,1,1,3,2,2,2,2,1,4,2,0,0,TRUE
Female,Loyal Customer,71,Business Travel,Eco,223,3,5,5,5,3,3,4,3,3,3,3,2,4,3.54,31,23,FALSE
Male,Loyal Customer,40,Business Travel,Business,247,4,4,4,4,3,4,5,4,4,4,4,3,3,3.85,0,0,TRUE
Female,Loyal Customer,28,Personal Travel,Eco,942,2,1,2,2,4,2,4,4,1,3,1,4,4,2.62,34,30,FALSE
Female,Loyal Customer,35,Business Travel,Business,772,5,5,4,5,4,4,5,4,4,4,4,5,5,4.46,62,46,TRUE
Female,Loyal Customer,50,Business Travel,Eco,675,2,4,4,4,1,2,3,2,2,2,2,2,1,2.38,15,10,FALSE
Female,Loyal Customer,64,Personal Travel,Eco,2454,3,2,3,3,3,1,1,1,2,3,4,1,1,2.15,3,16,FALSE
Female,Loyal Customer,51,Business Travel,Eco,696,5,1,1,1,1,1,1,5,5,5,5,4,3,2.92,4,0,TRUE
Female,Loyal Customer,25,Personal Travel,Business,1222,3,5,3,3,5,3,5,5,4,4,4,2,5,3.92,24,0,FALSE
Male,Loyal Customer,68,Personal Travel,Eco,1121,1,4,1,3,4,1,2,4,4,3,3,5,4,3,0,0,FALSE
Male,Loyal Customer,60,Business Travel,Business,2504,3,3,3,3,4,4,4,4,4,4,4,4,4,3.69,0,0,TRUE
Male,Loyal Customer,54,Business Travel,Business,1404,4,4,4,4,5,5,4,4,4,4,4,5,5,4.31,0,8,TRUE
Female,Loyal Customer,14,Personal Travel,Business,1709,4,3,4,3,5,4,5,5,1,2,3,3,5,3.62,4,0,FALSE
Female,Loyal Customer,39,Business Travel,Business,868,3,3,3,3,2,5,5,4,4,4,4,3,3,3.54,0,0,TRUE
Female,Loyal Customer,44,Business Travel,Eco,334,2,1,1,1,1,4,3,2,2,2,2,2,3,2,46,32,FALSE
Male,Loyal Customer,64,Personal Travel,Eco,731,4,4,4,3,4,3,3,5,4,2,3,3,3,3.46,165,146,TRUE
Male,Loyal Customer,42,Business Travel,Business,1867,2,2,2,2,1,5,3,4,4,4,4,1,4,2.92,0,0,TRUE
Male,Loyal Customer,36,Business Travel,Eco,363,5,2,2,2,5,5,5,5,1,2,4,5,5,3.69,0,0,TRUE
Male,Loyal Customer,60,Business Travel,Business,2424,1,1,1,1,5,4,4,5,5,5,5,4,5,3.54,0,0,TRUE
Female,Loyal Customer,19,Business Travel,Business,1249,1,1,5,1,3,4,3,3,4,1,1,2,3,2.46,0,0,TRUE
Female,Loyal Customer,60,Business Travel,Business,2679,3,3,3,3,4,5,5,3,3,3,3,3,5,3.54,6,0,TRUE
Male,Loyal Customer,43,Business Travel,Eco Plus,265,4,4,5,4,4,4,4,4,4,2,3,2,4,3.69,0,0,FALSE
Female,Loyal Customer,25,Personal Travel,Eco Plus,204,3,3,3,3,3,3,3,3,4,5,3,1,3,3.08,0,2,FALSE
Female,Loyal Customer,58,Business Travel,Business,3830,2,2,2,2,2,1,1,5,5,5,5,1,4,2.85,8,0,TRUE
Male,Loyal Customer,46,Business Travel,Eco,1103,3,1,1,1,3,3,3,1,1,3,4,3,3,2.31,0,23,FALSE
Male,Disloyal Customer,25,Business Travel,Eco,1387,3,3,3,5,5,3,5,5,4,4,2,2,5,3.77,3,49,FALSE
Male,Loyal Customer,48,Business Travel,Business,3208,1,1,1,1,2,5,4,4,4,4,5,4,3,3,0,0,TRUE
Male,Loyal Customer,46,Business Travel,Eco,1927,2,1,1,1,2,2,2,2,2,3,2,1,2,1.77,0,0,FALSE
Male,Loyal Customer,26,Business Travel,Business,393,1,1,1,1,5,5,5,5,5,4,5,4,5,3.62,0,0,TRUE
Female,Loyal Customer,11,Personal Travel,Eco,641,2,4,1,1,3,1,3,3,4,2,4,5,3,2.77,0,2,FALSE
Male,Loyal Customer,41,Business Travel,Business,813,3,3,3,3,2,4,4,5,5,5,5,5,5,4,4,0,TRUE
Female,Loyal Customer,52,Business Travel,Business,1489,2,3,3,3,1,4,3,2,2,2,2,1,4,2.46,0,0,FALSE
Female,Loyal Customer,40,Personal Travel,Eco,1199,3,5,3,4,4,3,4,4,5,5,3,2,4,3.77,4,0,FALSE
Female,Loyal Customer,53,Business Travel,Eco,31,5,3,3,3,4,5,4,5,5,5,5,3,3,4.08,0,0,TRUE
Female,Loyal Customer,51,Personal Travel,Eco,338,2,4,5,1,3,4,4,2,2,5,2,3,5,3.23,0,0,FALSE
Female,Disloyal Customer,22,Business Travel,Eco Plus,641,4,2,4,4,5,4,5,5,1,5,3,3,5,3.85,3,0,FALSE
Male,Loyal Customer,69,Personal Travel,Eco,387,3,1,3,4,4,3,4,4,3,2,3,4,4,3.23,13,0,FALSE
Male,Loyal Customer,53,Business Travel,Business,3829,4,4,3,4,4,4,4,4,4,4,4,3,5,3.92,9,13,TRUE
Female,Disloyal Customer,24,Business Travel,Eco,451,1,1,1,3,2,1,2,2,3,4,3,3,2,2.15,0,0,FALSE
Female,Loyal Customer,46,Personal Travel,Eco,421,3,2,3,4,1,3,4,5,5,3,5,3,4,3.46,0,10,FALSE
Female,Loyal Customer,27,Personal Travel,Eco,224,3,4,3,4,1,3,1,1,4,5,5,4,1,3,0,0,FALSE
Male,Loyal Customer,69,Personal Travel,Eco,300,3,5,3,1,4,3,4,4,3,2,2,5,4,3.31,0,0,FALSE
Female,Loyal Customer,23,Business Travel,Business,1886,3,3,3,3,4,4,4,4,4,5,5,5,4,3.92,4,0,TRUE
Female,Loyal Customer,60,Business Travel,Business,361,4,4,4,4,5,5,5,5,5,5,5,3,5,4.54,0,0,TRUE
Female,Loyal Customer,35,Business Travel,Business,762,2,2,2,2,4,4,4,4,4,4,4,4,3,3.31,16,0,TRUE
Male,Disloyal Customer,25,Business Travel,Eco,912,3,2,2,2,5,2,5,5,1,1,1,2,5,2.77,107,92,FALSE
Male,Disloyal Customer,24,Business Travel,Eco,460,2,0,2,2,5,2,4,5,3,3,5,3,5,3.15,0,0,FALSE
Male,Loyal Customer,54,Business Travel,Business,1067,1,1,4,1,4,5,4,5,5,5,5,3,4,3.62,0,2,TRUE
Female,Loyal Customer,47,Business Travel,Business,231,2,2,2,2,1,4,3,2,2,2,2,3,1,2.15,0,0,FALSE
Male,Loyal Customer,51,Business Travel,Eco,227,2,4,4,4,2,2,2,2,4,5,4,4,2,3.15,0,9,FALSE
Male,Disloyal Customer,25,Business Travel,Eco,308,2,0,2,2,4,2,4,4,1,2,2,3,4,2.46,0,0,FALSE
Female,Loyal Customer,51,Business Travel,Business,472,1,1,1,1,4,4,5,5,5,5,5,3,3,3.31,0,3,TRUE
Male,Loyal Customer,57,Business Travel,Business,1440,5,5,5,5,4,5,4,4,4,4,4,5,4,4.46,8,10,TRUE
Female,Loyal Customer,37,Personal Travel,Eco,722,3,5,3,3,4,3,4,4,4,4,3,2,4,3.54,4,0,FALSE
Male,Loyal Customer,53,Personal Travel,Eco,1216,5,1,5,2,2,1,2,2,2,3,1,4,2,2.46,0,0,TRUE
Female,Loyal Customer,28,Personal Travel,Eco,594,2,5,2,1,3,2,3,3,2,2,3,4,3,2.69,38,39,FALSE
Male,Loyal Customer,37,Business Travel,Business,1089,3,3,3,3,1,3,2,3,3,3,3,1,4,2.69,0,18,FALSE
Male,Loyal Customer,33,Business Travel,Business,3951,4,4,4,4,4,4,4,4,3,5,4,5,4,4.08,0,0,TRUE
Female,Loyal Customer,50,Business Travel,Business,1648,2,2,2,2,3,4,4,4,4,5,4,5,4,3.46,11,0,TRUE
Female,Loyal Customer,32,Business Travel,Business,1635,4,1,5,1,4,4,4,4,4,1,4,3,4,3.31,4,0,FALSE
Male,Loyal Customer,49,Business Travel,Business,991,4,2,2,2,5,3,2,4,4,4,4,3,4,3.31,0,0,FALSE
Male,Loyal Customer,32,Business Travel,Business,1037,2,4,4,4,2,2,2,2,1,5,3,4,2,2.85,18,8,FALSE
Male,Loyal Customer,43,Business Travel,Eco Plus,611,1,3,3,3,1,1,1,1,2,1,2,3,1,1.77,5,0,FALSE
Female,Disloyal Customer,28,Business Travel,Business,628,4,5,5,3,2,5,2,2,5,3,5,5,2,3.69,9,1,FALSE
Male,Loyal Customer,26,Business Travel,Eco,1598,4,3,2,2,4,4,5,4,2,2,5,3,4,3.38,13,0,TRUE
Female,Loyal Customer,54,Business Travel,Business,223,2,3,3,3,3,4,4,3,3,3,2,1,1,2.69,0,4,FALSE
Female,Loyal Customer,44,Business Travel,Business,1379,5,5,5,5,2,4,5,5,5,5,5,5,5,4.69,0,0,TRUE
Male,Loyal Customer,34,Personal Travel,Eco,325,1,2,1,3,1,1,5,1,2,1,2,2,1,1.77,15,0,FALSE
Female,Loyal Customer,58,Personal Travel,Eco,255,4,4,4,4,5,1,3,3,3,4,4,2,1,3.23,0,10,FALSE
Female,Disloyal Customer,34,Business Travel,Eco,2454,1,2,2,3,1,1,1,1,4,1,4,3,1,1.92,2,0,FALSE
Female,Loyal Customer,50,Business Travel,Business,1535,4,4,4,4,5,4,5,4,4,4,4,4,4,4.15,0,0,TRUE
Male,Loyal Customer,31,Personal Travel,Eco,1042,1,4,1,3,3,1,4,3,3,3,5,3,3,2.85,2,2,FALSE
Female,Loyal Customer,40,Personal Travel,Eco,410,4,5,4,3,5,4,5,5,1,1,4,5,5,3.92,0,19,FALSE
Male,Loyal Customer,43,Business Travel,Business,1670,4,4,4,4,4,3,4,5,5,5,5,3,4,4.15,0,0,TRUE
Female,Loyal Customer,59,Business Travel,Business,1819,4,4,4,4,3,4,5,5,5,5,5,4,4,4.31,22,0,TRUE
Male,Loyal Customer,58,Business Travel,Business,1927,1,3,2,3,3,3,3,1,1,1,1,3,2,2.08,0,0,FALSE
Male,Loyal Customer,53,Business Travel,Business,1842,3,3,4,4,2,4,4,3,3,3,3,4,4,3.38,100,95,FALSE
Male,Loyal Customer,38,Business Travel,Business,1807,4,4,5,5,4,4,4,4,4,4,4,3,1,3.85,39,36,FALSE
Male,Loyal Customer,57,Business Travel,Eco,86,5,3,3,3,5,5,5,5,3,5,5,3,5,4.23,5,18,TRUE
Male,Loyal Customer,52,Business Travel,Business,109,2,2,2,2,1,1,4,4,4,4,4,2,2,2.62,0,0,TRUE
Male,Loyal Customer,54,Business Travel,Business,834,1,1,1,1,3,4,4,5,5,5,5,3,5,3.31,0,0,TRUE
Female,Loyal Customer,37,Personal Travel,Eco,580,2,4,2,3,1,2,1,1,5,4,5,3,1,2.62,0,0,FALSE
Female,Loyal Customer,38,Business Travel,Eco,196,4,4,4,4,4,4,4,4,2,5,4,2,4,3.77,53,76,FALSE
Male,Loyal Customer,42,Personal Travel,Eco,429,2,2,2,3,4,2,4,4,1,3,2,2,4,2.69,7,0,FALSE
Female,Loyal Customer,44,Business Travel,Business,3250,1,2,1,1,2,4,5,4,4,4,4,3,4,3,92,83,TRUE
Male,Loyal Customer,60,Business Travel,Business,2422,2,2,2,2,2,5,4,5,5,5,5,5,4,3.69,0,0,TRUE
Male,Loyal Customer,56,Business Travel,Business,2203,3,3,3,3,2,4,5,5,5,5,5,5,4,4,0,0,TRUE
Female,Loyal Customer,49,Personal Travel,Eco,109,4,3,4,4,4,4,4,4,1,1,5,4,4,3.54,148,142,FALSE
Female,Loyal Customer,18,Personal Travel,Eco,937,2,5,2,1,4,2,1,4,5,2,5,3,4,3.08,0,6,FALSE
Male,Loyal Customer,14,Personal Travel,Eco,1118,3,5,2,1,2,2,2,2,4,4,5,4,2,2.92,0,0,FALSE
Male,Loyal Customer,24,Personal Travel,Eco,1744,4,1,4,4,2,4,2,2,3,5,4,4,2,3.15,0,0,FALSE
Female,Loyal Customer,45,Business Travel,Business,3089,4,5,4,4,2,4,4,5,5,5,5,4,2,4.08,0,0,TRUE
Male,Loyal Customer,49,Business Travel,Business,689,1,3,1,1,5,5,4,5,5,4,5,3,4,3.54,0,0,TRUE
Female,Loyal Customer,49,Business Travel,Business,308,2,1,1,1,5,4,3,2,2,2,2,2,2,2.23,0,0,FALSE
Male,Loyal Customer,36,Personal Travel,Eco,978,2,4,2,2,4,2,4,4,5,5,4,5,4,3.62,1,0,FALSE
Male,Loyal Customer,28,Personal Travel,Eco,280,1,5,1,4,1,1,1,1,3,4,5,5,1,2.54,0,0,FALSE
Male,Loyal Customer,48,Personal Travel,Eco,522,5,5,5,1,1,5,1,1,3,4,4,5,1,3.15,6,0,TRUE
Female,Loyal Customer,48,Business Travel,Business,534,4,4,4,4,4,5,4,4,4,4,4,5,4,4.15,0,0,TRUE
Male,Loyal Customer,14,Personal Travel,Eco,397,1,5,5,3,2,5,2,2,3,5,4,5,2,3.38,0,0,FALSE
Female,Loyal Customer,25,Business Travel,Business,3647,3,3,2,3,3,3,3,3,3,4,3,2,3,2.92,0,3,FALSE
Female,Loyal Customer,52,Personal Travel,Eco,369,2,1,2,2,4,2,3,4,4,2,4,4,3,2.85,0,0,FALSE
Male,Loyal Customer,37,Business Travel,Eco,370,4,2,2,2,4,5,4,4,2,5,2,5,4,3.46,10,4,TRUE
Female,Loyal Customer,22,Personal Travel,Eco,748,2,4,2,4,5,2,5,5,3,5,3,1,5,3.54,0,0,FALSE
Male,Disloyal Customer,36,Business Travel,Eco,322,2,4,2,3,1,2,1,1,1,5,3,1,1,2.08,2,11,FALSE
Male,Disloyal Customer,32,Business Travel,Eco,374,3,3,3,2,4,3,4,4,3,3,5,2,4,3.31,69,59,FALSE
Female,Loyal Customer,51,Business Travel,Business,2500,3,3,3,3,3,5,5,3,3,2,3,3,3,3.23,5,14,TRUE
Female,Disloyal Customer,24,Business Travel,Business,447,0,2,1,3,1,1,1,1,4,5,4,3,1,2.08,0,0,TRUE
Male,Disloyal Customer,28,Business Travel,Business,1055,4,4,4,1,4,4,1,4,3,5,4,5,4,3.62,1,0,FALSE
Female,Loyal Customer,56,Personal Travel,Eco Plus,1390,2,4,2,1,2,4,5,2,2,2,2,3,4,2.69,0,3,FALSE
Female,Loyal Customer,40,Business Travel,Business,1262,1,0,0,3,2,3,3,1,1,0,1,2,1,1.38,0,6,FALSE
Female,Disloyal Customer,21,Business Travel,Eco,859,3,3,3,3,3,3,3,3,4,2,3,1,3,2.85,0,0,FALSE
Female,Loyal Customer,8,Personal Travel,Eco Plus,738,3,5,3,1,4,3,4,4,5,2,4,5,4,3.62,0,0,FALSE
Male,Disloyal Customer,20,Business Travel,Eco,255,1,4,1,3,3,1,1,3,4,5,5,4,3,2.92,90,82,FALSE
Male,Loyal Customer,53,Personal Travel,Eco,416,1,5,2,1,2,2,2,2,1,2,2,5,2,2.23,4,3,FALSE
Female,Disloyal Customer,38,Business Travel,Eco,416,3,3,3,1,4,3,4,4,2,4,3,3,4,3.15,4,1,FALSE
Male,Loyal Customer,41,Business Travel,Business,430,1,1,1,1,3,4,4,5,5,5,5,5,4,3.38,64,67,TRUE
Male,Loyal Customer,56,Business Travel,Business,972,5,5,5,5,5,1,3,3,3,4,3,2,4,3.69,0,0,TRUE
Female,Loyal Customer,46,Personal Travel,Eco,354,1,1,1,3,1,4,3,1,1,1,1,1,4,1.77,0,0,FALSE
Female,Disloyal Customer,25,Business Travel,Eco,441,3,1,2,3,4,2,5,4,3,1,4,4,4,3.08,45,30,FALSE
Female,Loyal Customer,47,Business Travel,Business,3857,5,5,5,5,4,5,5,4,4,4,4,4,5,4.54,0,0,TRUE
Male,Loyal Customer,30,Business Travel,Business,641,3,4,4,4,3,3,3,3,3,4,3,3,3,3.31,0,0,FALSE
Male,Disloyal Customer,25,Business Travel,Business,407,3,0,3,1,2,3,2,2,4,3,4,4,2,2.54,14,12,FALSE
Female,Loyal Customer,49,Personal Travel,Business,308,1,4,1,4,2,3,1,2,2,1,2,5,1,2.23,0,11,FALSE
Male,Loyal Customer,67,Business Travel,Business,2226,4,4,4,4,1,3,3,4,4,4,4,1,4,3.38,0,0,FALSE
Female,Disloyal Customer,24,Business Travel,Business,83,4,0,4,1,5,4,5,5,3,4,4,4,5,3.69,0,19,TRUE
Male,Loyal Customer,52,Personal Travel,Eco,909,2,5,2,4,5,2,5,5,3,1,5,1,5,3.46,5,1,FALSE
Female,Loyal Customer,9,Personal Travel,Eco,239,5,4,5,2,1,5,1,1,3,5,2,2,1,2.85,1,2,TRUE
Female,Loyal Customer,53,Business Travel,Business,1674,4,3,4,4,3,2,2,5,5,5,5,1,3,3.54,4,0,TRUE
Male,Loyal Customer,53,Business Travel,Business,2149,5,5,1,5,3,4,4,4,4,4,4,3,3,3.77,0,0,TRUE
Female,Loyal Customer,25,Business Travel,Business,3984,5,5,5,5,5,5,5,5,4,3,5,5,5,4.77,8,8,TRUE
Female,Loyal Customer,36,Personal Travel,Eco,159,2,5,2,4,5,2,5,5,3,3,5,4,5,3.85,0,5,FALSE
Female,Loyal Customer,34,Business Travel,Business,2461,4,4,4,4,1,3,4,4,4,3,4,4,1,3.38,0,0,FALSE
Male,Disloyal Customer,23,Business Travel,Eco Plus,304,1,0,1,3,3,1,3,3,3,1,5,2,3,2.23,0,0,FALSE
Male,Loyal Customer,55,Business Travel,Business,1884,5,5,4,5,3,5,4,5,5,5,5,3,5,4.54,0,0,TRUE
Female,Disloyal Customer,57,Business Travel,Business,293,3,3,3,2,2,3,2,2,3,5,4,3,2,2.85,1,0,FALSE
Male,Loyal Customer,60,Business Travel,Business,1416,5,5,5,5,4,4,4,2,2,2,2,5,4,3.77,0,0,TRUE
Female,Disloyal Customer,35,Business Travel,Eco Plus,175,1,1,1,2,1,1,1,1,2,2,2,1,1,1.31,0,0,FALSE
Male,Loyal Customer,53,Business Travel,Business,3993,5,5,5,5,2,4,5,4,4,4,4,4,3,4.15,1,6,TRUE
Male,Loyal Customer,46,Business Travel,Business,403,2,2,5,2,5,3,3,2,2,2,2,3,3,2.77,0,0,FALSE
Female,Loyal Customer,63,Personal Travel,Eco,2106,4,2,4,4,2,4,3,1,1,4,1,4,1,2.69,2,18,FALSE
Male,Loyal Customer,17,Personal Travel,Eco,594,1,5,1,2,4,1,2,4,1,2,3,5,4,2.69,0,0,FALSE
Female,Loyal Customer,42,Personal Travel,Eco,334,2,4,2,4,2,5,5,4,4,2,4,3,5,3.54,34,32,FALSE
Female,Loyal Customer,58,Business Travel,Business,3422,3,3,3,3,5,5,5,4,4,4,4,4,3,3.85,0,0,TRUE
Male,Loyal Customer,37,Personal Travel,Eco,762,3,4,3,3,2,3,2,2,3,3,3,2,2,2.69,15,9,FALSE
Male,Loyal Customer,57,Business Travel,Eco,96,4,3,3,3,3,4,3,3,4,3,4,3,3,3.31,16,,FALSE
Male,Loyal Customer,31,Business Travel,Business,2461,1,1,4,1,4,5,4,4,3,2,5,5,4,3.31,5,1,TRUE
Male,Disloyal Customer,25,Business Travel,Business,794,4,0,4,5,4,4,4,4,3,2,5,4,4,3.62,37,34,FALSE
Female,Loyal Customer,25,Business Travel,Business,1620,1,1,1,1,4,5,4,4,4,4,3,4,4,3.08,79,129,TRUE
Female,Loyal Customer,60,Personal Travel,Eco,834,2,5,2,4,2,5,1,3,3,2,3,2,4,2.92,0,2,FALSE
Female,Loyal Customer,51,Business Travel,Business,2766,2,1,3,1,2,2,3,2,2,2,2,3,3,2.15,42,38,FALSE
Female,Loyal Customer,45,Business Travel,Business,444,1,1,1,1,5,5,4,1,1,2,1,3,3,2.23,16,2,TRUE
Male,Loyal Customer,30,Personal Travel,Business,645,2,4,3,1,2,3,2,2,4,2,4,3,2,2.62,12,0,FALSE
Female,Disloyal Customer,31,Business Travel,Business,1747,1,1,1,3,1,1,5,1,5,5,5,4,1,2.62,14,8,FALSE
Male,Disloyal Customer,51,Business Travel,Eco,628,2,0,2,1,4,2,4,4,3,2,1,1,4,2.31,8,0,FALSE
Male,Loyal Customer,53,Personal Travel,Eco,446,4,4,2,4,1,2,1,1,3,4,5,5,1,2.85,0,0,TRUE
Female,Loyal Customer,42,Personal Travel,Eco,2475,2,1,2,3,4,2,4,2,2,2,2,4,2,2.46,0,0,FALSE
Female,Loyal Customer,18,Personal Travel,Eco,337,0,4,0,3,2,0,2,2,4,2,5,5,2,2.38,0,0,TRUE
Female,Loyal Customer,69,Personal Travel,Eco,448,2,4,2,3,3,4,4,3,3,2,3,3,4,3.08,0,0,FALSE
Male,Loyal Customer,39,Business Travel,Eco,297,4,2,3,2,4,4,4,4,1,3,2,2,4,3,3,0,TRUE
Male,Loyal Customer,20,Business Travel,Business,1794,1,1,1,1,1,1,1,1,4,4,2,2,1,1.62,0,0,FALSE
Female,Disloyal Customer,20,Business Travel,Eco,321,2,2,2,3,2,2,2,2,4,1,3,3,2,2.31,0,0,FALSE
Male,Loyal Customer,25,Personal Travel,Eco,551,3,4,3,3,2,3,2,2,4,3,4,2,2,2.85,0,0,FALSE
Male,Loyal Customer,47,Business Travel,Eco,327,3,3,2,3,3,3,3,3,4,4,4,2,3,3.08,16,1,FALSE
Male,Loyal Customer,44,Personal Travel,Eco,325,4,3,3,4,2,3,2,2,4,2,3,2,2,2.77,0,0,FALSE
Male,Loyal Customer,39,Business Travel,Business,2024,1,1,1,1,4,4,4,4,4,4,4,3,4,3,23,22,TRUE
Male,Disloyal Customer,24,Business Travel,Eco,722,2,2,2,4,4,2,4,4,2,3,3,3,4,3,0,0,FALSE
Female,Disloyal Customer,40,Business Travel,Business,802,1,1,1,1,1,1,1,1,4,3,5,5,1,2,0,0,FALSE
Male,Loyal Customer,39,Business Travel,Eco,421,4,5,5,5,4,4,4,4,3,2,1,2,4,3.62,0,0,TRUE
Male,Loyal Customer,52,Business Travel,Business,1504,2,2,2,2,2,4,5,3,3,3,3,5,3,3,0,0,TRUE
Female,Loyal Customer,64,Personal Travel,Eco Plus,1464,1,4,1,4,3,5,5,1,1,1,1,3,3,2.54,16,3,FALSE
Female,Loyal Customer,64,Personal Travel,Eco,227,2,4,2,3,5,5,4,2,2,2,2,3,3,3,6,0,FALSE
Male,Loyal Customer,12,Personal Travel,Eco Plus,296,1,4,1,4,4,1,4,4,2,2,3,1,4,2.69,29,21,FALSE
Female,Loyal Customer,50,Business Travel,Business,1653,1,1,1,1,3,4,5,5,5,5,5,3,4,3.31,31,37,TRUE
Male,Loyal Customer,56,Business Travel,Business,2342,5,5,5,5,5,5,5,5,5,5,4,5,5,4.92,34,40,TRUE
Female,Loyal Customer,70,Personal Travel,Eco,453,5,5,5,1,2,5,4,4,4,5,4,3,3,3.85,0,0,TRUE
Male,Loyal Customer,33,Business Travel,Eco Plus,205,2,4,4,4,2,1,2,2,4,3,3,2,2,2.69,0,58,FALSE
Female,Loyal Customer,56,Personal Travel,Eco,129,2,2,2,3,4,2,3,2,2,2,1,3,4,2.46,9,7,FALSE
Male,Loyal Customer,35,Personal Travel,Eco,447,2,1,1,3,1,1,1,1,4,5,3,3,1,2.08,0,0,FALSE
Male,Loyal Customer,54,Personal Travel,Eco Plus,1259,4,5,4,1,2,4,2,2,5,3,5,5,2,3.38,0,0,TRUE
Male,Loyal Customer,11,Personal Travel,Eco,1121,3,2,3,2,1,3,1,1,2,2,1,4,1,2,100,92,FALSE
Female,Loyal Customer,63,Business Travel,Business,184,2,5,5,5,3,4,3,3,3,3,2,3,2,3.31,0,0,FALSE
Male,Loyal Customer,53,Business Travel,Business,337,0,0,0,2,2,4,4,1,1,1,1,5,3,1.85,2,0,TRUE
Male,Loyal Customer,57,Personal Travel,Eco,594,1,3,2,1,1,2,1,1,4,1,1,3,1,1.69,0,16,FALSE
Female,Loyal Customer,8,Personal Travel,Business,767,4,2,5,3,2,5,2,2,3,1,4,1,2,2.77,0,0,FALSE
Male,Loyal Customer,52,Business Travel,Business,2615,3,3,3,3,2,5,5,5,5,5,5,4,4,4,0,0,TRUE
Male,Disloyal Customer,22,Business Travel,Eco,455,4,4,4,5,4,4,4,4,5,4,1,1,4,3.69,0,0,TRUE
Female,Loyal Customer,64,Personal Travel,Eco,102,1,2,0,3,1,3,4,3,3,0,5,1,2,2.15,0,0,FALSE
Female,Loyal Customer,25,Business Travel,Eco Plus,500,5,1,2,2,5,5,5,5,1,5,2,1,5,3.38,0,0,TRUE
Female,Loyal Customer,34,Business Travel,Eco Plus,911,5,2,2,2,5,5,5,5,4,3,4,2,5,3.77,59,78,TRUE
Female,Loyal Customer,7,Personal Travel,Eco,302,3,1,3,4,2,3,2,2,3,1,4,4,2,2.62,0,0,FALSE
Male,Loyal Customer,7,Personal Travel,Business,1009,1,5,1,4,2,1,2,2,4,5,5,5,2,3,2,0,FALSE
Male,Loyal Customer,65,Personal Travel,Eco,383,2,3,2,1,1,2,1,1,5,4,5,5,1,2.54,0,0,FALSE
Male,Loyal Customer,41,Business Travel,Business,2299,2,2,2,2,5,4,5,4,4,4,4,4,5,3.62,0,4,TRUE
Female,Loyal Customer,47,Business Travel,Business,1816,1,1,1,1,5,5,5,5,3,5,5,5,5,3.62,137,135,TRUE
Male,Loyal Customer,35,Business Travel,Business,2442,3,2,3,3,2,3,5,2,2,2,2,3,3,2.69,0,0,TRUE
Female,Disloyal Customer,28,Business Travel,Eco Plus,1592,1,1,1,2,1,1,1,1,2,2,3,3,1,1.54,0,1,FALSE
Male,Loyal Customer,72,Business Travel,Business,2025,2,2,2,2,1,2,2,5,5,5,5,1,5,3,0,0,TRUE
Male,Loyal Customer,22,Personal Travel,Eco,262,3,3,3,2,2,3,2,2,1,5,3,4,2,2.69,31,11,FALSE
Female,Loyal Customer,61,Personal Travel,Eco Plus,606,3,5,3,1,4,5,4,1,1,3,1,3,5,3,54,67,FALSE
Male,Loyal Customer,24,Business Travel,Business,3552,2,2,2,2,2,2,2,2,1,5,4,2,2,2.31,0,0,TRUE
Female,Loyal Customer,30,Personal Travel,Eco,257,2,4,2,4,1,2,1,1,2,1,3,2,1,2,0,23,FALSE
Female,Loyal Customer,62,Business Travel,Business,603,5,5,5,5,3,4,4,4,4,5,4,3,4,4.23,5,0,TRUE
Male,Loyal Customer,52,Business Travel,Business,1091,3,3,3,3,2,4,5,4,4,4,4,3,5,3.62,0,0,TRUE
Male,Loyal Customer,38,Business Travel,Business,3777,3,3,2,3,4,4,3,3,3,3,3,4,4,3.23,0,0,FALSE
Female,Disloyal Customer,22,Business Travel,Business,326,5,4,5,3,1,5,1,1,3,4,1,1,1,2.69,0,0,TRUE
Female,Loyal Customer,55,Business Travel,Business,2250,2,5,2,2,4,5,4,5,5,5,5,3,3,3.85,0,0,TRUE
Female,Loyal Customer,67,Business Travel,Business,2891,4,4,4,4,2,4,4,4,4,4,4,3,4,3.77,1,5,TRUE
Male,Loyal Customer,31,Business Travel,Business,2162,1,4,2,4,1,1,1,1,1,3,4,1,1,1.92,27,17,FALSE
Female,Loyal Customer,63,Personal Travel,Eco,1558,3,4,3,2,4,5,4,1,1,3,1,5,3,3,0,0,FALSE
Male,Loyal Customer,44,Personal Travel,Eco,184,3,4,3,1,5,3,5,5,5,3,4,3,5,3.77,0,0,FALSE
Male,Loyal Customer,50,Business Travel,Eco Plus,1846,3,3,4,3,3,3,3,3,1,2,4,2,3,2.85,0,17,FALSE
Male,Disloyal Customer,22,Business Travel,Eco,489,2,3,2,3,4,2,2,4,2,5,3,3,4,3,0,6,FALSE
Female,Loyal Customer,47,Business Travel,Business,406,1,1,1,1,3,5,5,5,5,5,5,3,4,3.38,0,0,TRUE
Male,Loyal Customer,63,Business Travel,Eco,351,3,3,3,3,3,3,3,3,4,5,2,5,3,3.31,15,9,TRUE
Male,Loyal Customer,31,Personal Travel,Eco,229,2,4,2,1,1,2,1,1,5,3,5,3,1,2.38,24,16,FALSE
Male,Loyal Customer,33,Business Travel,Business,2133,1,1,1,1,1,1,1,1,1,2,4,4,1,1.54,20,1,FALSE
Male,Loyal Customer,49,Personal Travel,Eco,867,2,4,2,3,3,2,3,3,5,4,5,5,3,3.38,0,0,FALSE
Female,Loyal Customer,54,Business Travel,Business,3063,3,3,2,3,4,4,4,5,5,5,5,4,5,4,0,0,TRUE
Female,Loyal Customer,51,Business Travel,Business,3754,5,5,5,5,5,4,4,4,4,4,4,4,4,4.38,12,9,TRUE
Female,Loyal Customer,16,Personal Travel,Eco,550,2,2,2,3,1,2,4,1,2,4,3,1,1,2.15,17,18,FALSE
Female,Disloyal Customer,22,Business Travel,Eco,266,4,5,4,1,4,1,2,3,4,4,4,2,2,3.08,184,179,TRUE
Female,Disloyal Customer,26,Business Travel,Eco,404,1,0,1,2,1,1,1,1,3,2,1,5,1,1.54,0,0,FALSE
Female,Loyal Customer,68,Business Travel,Eco,214,1,4,4,4,1,4,3,1,1,1,1,2,3,2.31,0,0,FALSE
Male,Loyal Customer,36,Personal Travel,Eco,583,1,5,1,3,1,1,1,1,5,4,5,3,1,2.46,0,12,FALSE
Male,Loyal Customer,19,Business Travel,Business,2482,3,5,5,5,3,3,3,3,3,1,2,4,3,3.31,70,61,FALSE
Female,Loyal Customer,45,Business Travel,Business,2831,5,5,5,5,3,4,4,5,5,5,5,3,5,4.54,0,0,TRUE
Female,Loyal Customer,70,Personal Travel,Eco,334,1,2,1,4,2,3,4,5,5,1,5,2,2,2.85,0,0,FALSE
Male,Loyal Customer,56,Business Travel,Business,247,0,0,0,1,4,5,5,4,4,4,4,4,4,3,9,1,TRUE
Male,Loyal Customer,58,Business Travel,Business,231,3,3,3,3,1,5,4,4,4,4,4,2,1,3.15,0,0,TRUE
Male,Loyal Customer,51,Business Travel,Business,1444,4,4,4,4,2,5,5,4,4,4,4,5,3,4,44,24,TRUE
Female,Loyal Customer,36,Personal Travel,Eco,113,1,3,0,1,2,0,2,2,5,2,3,1,2,1.85,0,0,FALSE
Female,Loyal Customer,52,Business Travel,Business,2793,3,3,3,3,3,3,3,5,2,5,5,3,3,3.38,200,217,TRUE
Female,Loyal Customer,47,Business Travel,Business,3003,1,1,1,1,1,4,3,4,4,5,4,2,5,2.77,0,17,TRUE
Male,Disloyal Customer,39,Business Travel,Business,453,1,1,1,1,4,1,2,4,4,3,4,3,4,2.54,0,0,FALSE
Male,Loyal Customer,37,Business Travel,Business,1872,3,1,1,1,3,3,3,3,3,3,3,3,3,2.54,0,0,FALSE
Male,Loyal Customer,16,Personal Travel,Eco,354,2,1,4,4,5,4,5,5,2,4,3,3,5,3.62,0,12,FALSE
Female,Disloyal Customer,27,Business Travel,Eco,421,4,0,4,5,2,4,2,2,1,2,5,2,2,2.69,0,0,FALSE
Female,Loyal Customer,14,Personal Travel,Eco,862,3,4,2,2,3,2,3,3,5,5,4,1,3,3.08,0,8,FALSE
Female,Loyal Customer,30,Business Travel,Business,642,3,2,3,2,3,3,3,3,1,4,3,3,3,2.77,0,0,FALSE
Female,Loyal Customer,41,Personal Travel,Eco,912,1,4,1,4,4,1,4,4,2,5,5,1,4,3.08,11,9,FALSE
Female,Loyal Customer,49,Business Travel,Business,674,1,1,1,1,4,5,5,4,4,4,4,3,3,3.08,0,0,TRUE
Female,Disloyal Customer,36,Business Travel,Eco,1120,2,2,2,4,5,2,2,5,2,5,3,3,5,3.23,70,67,FALSE
Male,Loyal Customer,13,Personal Travel,Eco,342,4,3,4,3,2,4,2,2,3,3,3,2,2,2.85,0,0,TRUE
Male,Loyal Customer,41,Business Travel,Business,3888,4,4,4,4,2,5,4,5,5,5,5,4,5,4.31,0,0,TRUE
Female,Loyal Customer,56,Business Travel,Eco,347,5,1,1,1,2,5,1,5,5,5,5,4,4,3.38,0,0,TRUE
Male,Loyal Customer,56,Business Travel,Business,2075,1,1,1,1,4,5,5,4,4,4,4,3,3,3.08,16,19,TRUE
Male,Loyal Customer,19,Business Travel,Business,1694,1,1,1,1,3,3,3,3,5,3,5,1,3,2.54,2,5,TRUE
Male,Disloyal Customer,17,Business Travel,Eco,357,1,4,1,3,1,1,1,4,4,3,3,1,1,2.15,163,179,FALSE
Male,Loyal Customer,23,Personal Travel,Eco,612,2,5,2,3,1,2,1,1,5,2,5,3,1,2.54,10,5,FALSE
Male,Disloyal Customer,22,Business Travel,Eco,641,4,0,4,2,3,4,3,3,3,5,4,4,3,3.23,42,41,TRUE
Male,Loyal Customer,7,Personal Travel,Eco,964,1,4,1,4,2,1,2,2,5,4,4,5,2,2.85,0,1,FALSE
Female,Loyal Customer,36,Business Travel,Business,1709,2,2,2,2,5,4,4,5,5,5,5,5,3,3.77,0,0,TRUE
Male,Loyal Customer,30,Business Travel,Business,642,2,2,2,2,5,5,5,5,3,3,4,5,5,3.69,34,37,TRUE
Female,Loyal Customer,29,Business Travel,Business,1663,1,1,1,1,3,3,3,3,3,4,4,4,3,2.62,0,0,TRUE
Female,Disloyal Customer,39,Business Travel,Business,532,3,3,3,3,2,3,2,2,1,5,4,2,2,2.69,0,0,FALSE
Female,Loyal Customer,35,Business Travel,Eco,431,3,1,1,1,3,4,3,3,2,3,3,4,3,2.62,0,0,FALSE
Female,Loyal Customer,54,Business Travel,Business,229,1,1,1,1,4,5,5,5,5,5,5,4,4,3.54,0,0,TRUE
Female,Loyal Customer,36,Business Travel,Business,2537,3,1,3,3,5,5,5,2,2,5,1,5,5,3.46,0,0,TRUE
Male,Loyal Customer,59,Business Travel,Business,822,2,2,2,2,4,4,4,4,4,4,4,5,5,3.54,0,0,TRUE
Female,Disloyal Customer,22,Business Travel,Business,731,5,0,5,2,2,5,2,2,5,3,5,5,2,3.31,0,0,TRUE
Female,Loyal Customer,33,Business Travel,Business,3372,2,3,3,3,5,4,4,2,2,2,2,4,2,2.92,88,75,FALSE
Female,Loyal Customer,27,Business Travel,Business,3162,5,5,5,5,5,5,5,5,3,2,4,3,5,4.38,0,0,TRUE
Female,Loyal Customer,21,Personal Travel,Eco,1154,3,4,3,3,3,3,2,3,5,4,4,3,3,3.31,0,0,FALSE
Female,Loyal Customer,18,Personal Travel,Eco,134,3,2,3,4,2,3,2,2,1,1,3,3,2,2.38,3,11,FALSE
Female,Loyal Customer,42,Business Travel,Business,1516,5,5,5,5,5,5,5,4,4,5,4,3,5,4.62,0,0,TRUE
Female,Loyal Customer,55,Business Travel,Business,189,3,3,3,3,4,4,4,4,4,4,5,3,4,3.69,0,0,TRUE
Male,Loyal Customer,24,Business Travel,Eco Plus,1463,5,5,5,5,5,5,4,5,1,2,1,5,5,4.08,0,0,TRUE
Female,Loyal Customer,56,Business Travel,Business,248,2,3,3,3,2,3,3,2,2,2,2,2,2,2.38,2,0,FALSE
Male,Loyal Customer,9,Personal Travel,Eco,694,3,4,2,1,5,2,4,5,4,2,5,4,5,3.54,0,0,FALSE
Female,Loyal Customer,54,Business Travel,Business,1845,5,5,4,5,5,5,4,5,5,5,5,3,3,4.54,0,0,TRUE
Male,Loyal Customer,50,Business Travel,Business,460,1,1,3,1,3,4,4,4,4,4,4,5,3,3.15,0,0,TRUE
Female,Loyal Customer,56,Business Travel,Business,226,5,5,2,5,5,4,5,4,4,4,4,3,4,4.15,0,0,TRUE
Male,Loyal Customer,58,Business Travel,Business,534,5,5,5,5,3,4,4,5,5,5,5,4,3,4.46,0,0,TRUE
Female,Loyal Customer,13,Personal Travel,Eco,1204,3,2,3,3,3,3,3,3,4,1,3,3,3,2.85,0,0,FALSE
Male,Loyal Customer,60,Personal Travel,Business,416,3,5,3,1,2,2,5,5,5,3,5,2,5,3.54,106,98,FALSE
Male,Loyal Customer,41,Personal Travel,Eco,416,3,4,3,3,3,3,3,3,2,4,3,5,3,3.23,0,0,FALSE
Female,Disloyal Customer,29,Business Travel,Business,2342,0,1,1,1,5,1,4,5,5,5,3,3,5,3,28,13,TRUE
Male,Loyal Customer,43,Business Travel,Business,3644,3,3,2,3,5,5,5,4,2,5,5,5,5,4,226,220,TRUE
Female,Disloyal Customer,25,Business Travel,Eco,945,2,2,2,4,4,2,4,4,3,4,4,2,4,3.15,25,26,FALSE
Male,Loyal Customer,56,Personal Travel,Eco,364,4,2,2,2,1,2,1,1,2,4,2,2,1,2,0,0,TRUE
Female,Loyal Customer,28,Personal Travel,Eco,689,3,4,2,2,1,2,1,1,5,5,4,3,1,2.62,0,5,FALSE
Male,Loyal Customer,41,Business Travel,Eco,781,4,4,2,2,4,4,4,4,3,1,2,3,4,3.15,10,0,FALSE
Female,Loyal Customer,42,Business Travel,Eco,460,5,4,4,4,1,3,3,5,5,5,5,5,4,4.08,1,1,TRUE
Female,Loyal Customer,27,Business Travel,Business,1915,1,1,1,1,5,5,5,5,4,5,4,5,5,3.62,2,0,TRUE
Female,Disloyal Customer,30,Business Travel,Eco,453,3,4,3,4,3,3,3,3,4,2,4,3,3,3.23,0,0,FALSE
Female,Loyal Customer,28,Business Travel,Business,562,4,2,2,2,4,4,4,4,2,1,3,1,4,2.85,0,0,FALSE
Female,Loyal Customer,19,Personal Travel,Eco,227,1,5,1,1,2,1,4,2,1,1,4,4,2,2.23,1,1,FALSE
Female,Loyal Customer,64,Personal Travel,Eco,192,3,5,3,4,5,5,4,1,1,3,1,4,5,3.38,0,0,FALSE
Male,Loyal Customer,51,Personal Travel,Eco,678,2,4,2,1,4,2,1,4,3,5,5,3,4,3.08,19,22,FALSE
Female,Disloyal Customer,21,Business Travel,Eco,574,3,5,3,3,2,3,2,2,3,1,5,1,2,2.69,0,0,FALSE
Male,Disloyal Customer,17,Business Travel,Eco,979,1,1,1,3,5,1,5,5,1,3,4,3,5,2.92,57,52,FALSE
Male,Loyal Customer,33,Personal Travel,Eco,1173,3,5,4,1,2,4,2,2,4,4,3,5,2,3.15,0,2,FALSE
Female,Loyal Customer,29,Business Travel,Eco Plus,1189,4,3,3,3,4,4,4,4,3,1,5,1,4,3.31,0,7,TRUE
Male,Loyal Customer,43,Business Travel,Business,2398,2,2,5,2,3,4,4,5,5,5,5,5,3,3.85,15,9,TRUE
Male,Loyal Customer,11,Personal Travel,Eco,1303,2,3,2,3,4,2,4,4,1,5,2,3,4,3,3,0,FALSE
Male,Loyal Customer,36,Business Travel,Eco,896,4,2,2,2,4,4,4,4,2,4,3,2,4,3.15,4,0,TRUE
Female,Loyal Customer,30,Personal Travel,Eco,231,2,1,2,3,5,2,1,5,3,4,4,4,5,3.15,6,0,FALSE
Female,Loyal Customer,56,Business Travel,Business,3683,3,3,3,3,5,5,5,4,4,4,4,3,3,3.77,84,72,TRUE
Male,Loyal Customer,49,Business Travel,Business,134,2,3,1,3,3,2,2,1,1,1,2,4,3,2.15,0,0,FALSE
Female,Loyal Customer,47,Business Travel,Eco Plus,373,3,3,3,3,2,3,3,3,3,3,3,3,3,2.92,0,0,FALSE
Male,Loyal Customer,53,Business Travel,Business,3222,1,1,1,1,2,5,4,5,5,4,5,5,3,3.23,0,0,TRUE
Male,Loyal Customer,26,Business Travel,Business,2314,3,3,3,3,5,5,3,5,1,1,1,4,5,3.23,0,0,TRUE
Female,Loyal Customer,27,Business Travel,Business,2419,1,1,1,1,4,4,4,4,3,5,5,4,4,3.15,0,0,TRUE
Male,Loyal Customer,42,Business Travel,Business,1753,4,5,5,5,4,3,3,4,4,4,4,1,3,3.77,0,0,FALSE
Male,Loyal Customer,42,Personal Travel,Eco,545,3,5,2,1,2,2,2,2,2,4,3,2,2,2.46,21,16,FALSE
Female,Loyal Customer,27,Personal Travel,Eco,119,4,4,4,3,5,4,5,5,5,1,4,1,5,3.85,0,0,FALSE
Female,Loyal Customer,53,Business Travel,Business,867,1,1,1,1,4,5,5,2,2,2,2,3,5,2.62,0,19,TRUE
Male,Disloyal Customer,22,Business Travel,Eco,802,1,1,1,4,1,1,1,1,4,2,4,4,1,2,42,40,FALSE
Male,Loyal Customer,25,Business Travel,Business,2744,3,3,3,3,5,4,5,5,5,5,5,4,5,4.23,5,0,TRUE
Female,Loyal Customer,60,Business Travel,Business,2100,2,5,5,5,5,3,2,2,2,2,2,1,1,2.85,0,0,FALSE
Female,Loyal Customer,48,Business Travel,Business,421,5,5,5,5,1,1,5,1,1,2,1,5,4,3.15,21,14,TRUE
Female,Loyal Customer,52,Business Travel,Business,1678,2,2,2,2,3,5,4,2,2,2,2,4,5,2.85,0,0,TRUE
Male,Loyal Customer,9,Personal Travel,Eco,502,2,5,3,1,3,2,2,1,4,3,5,2,2,2.69,158,160,FALSE
Male,Disloyal Customer,12,Business Travel,Eco,861,2,1,1,4,4,1,4,4,4,3,3,3,4,2.92,13,14,FALSE
Female,Loyal Customer,55,Business Travel,Business,2040,3,3,2,3,4,4,5,5,5,5,5,3,3,3.85,0,0,TRUE
Male,Loyal Customer,57,Business Travel,Business,589,2,1,1,1,1,3,4,2,2,2,2,3,3,2.08,0,3,FALSE
Male,Loyal Customer,46,Business Travel,Business,3913,4,4,4,4,4,5,4,4,4,4,4,3,4,4,0,0,TRUE
Female,Loyal Customer,39,Business Travel,Business,334,4,4,4,4,3,4,4,4,4,4,4,4,5,4,1,0,TRUE
Female,Loyal Customer,30,Personal Travel,Business,2105,3,0,3,4,5,3,1,5,3,2,5,4,5,3.31,117,85,FALSE
Male,Loyal Customer,49,Business Travel,Business,3653,3,2,2,2,5,4,3,3,3,2,3,1,3,2.77,0,7,FALSE
Female,Loyal Customer,46,Business Travel,Business,3028,1,1,1,1,1,4,4,1,1,2,1,3,4,1.92,26,60,FALSE
Female,Loyal Customer,51,Business Travel,Eco,861,2,1,1,1,5,2,3,2,2,2,2,2,4,2.23,0,0,TRUE
Female,Loyal Customer,15,Business Travel,Business,1590,5,5,5,5,4,4,4,4,5,2,4,4,4,4.23,0,0,TRUE
Female,Loyal Customer,59,Business Travel,Eco,337,3,5,5,5,2,4,4,3,3,3,3,1,4,3.46,9,25,FALSE
Female,Disloyal Customer,38,Business Travel,Business,2279,2,1,1,3,3,1,3,3,5,3,4,3,3,2.69,0,0,FALSE
Female,Loyal Customer,14,Business Travel,Business,2045,3,2,2,2,3,3,3,3,4,5,4,2,3,3,0,46,FALSE
Male,Loyal Customer,53,Business Travel,Business,2456,5,5,5,5,2,5,5,2,2,2,2,5,3,3.69,0,0,TRUE
Female,Loyal Customer,37,Business Travel,Eco,101,3,1,1,1,3,3,3,3,3,2,3,1,3,2.31,0,0,FALSE
Male,Disloyal Customer,20,Personal Travel,Eco,1042,2,4,2,1,2,2,2,2,5,3,5,5,2,2.85,5,8,FALSE
Male,Loyal Customer,60,Business Travel,Business,2991,1,1,1,1,5,5,5,4,4,4,4,5,4,3.38,21,18,TRUE
Female,Loyal Customer,35,Business Travel,Business,1781,5,5,5,5,3,4,5,4,4,4,4,5,5,4.46,0,0,TRUE
Female,Loyal Customer,15,Business Travel,Business,1754,3,5,5,5,3,3,3,3,2,4,3,2,3,3.38,104,86,FALSE
Female,Loyal Customer,43,Business Travel,Eco,2165,3,2,2,2,3,2,3,3,3,3,3,4,3,2.77,0,0,FALSE
Female,Disloyal Customer,26,Business Travel,Eco,402,2,1,2,4,2,2,2,2,3,5,3,2,2,2.46,0,0,FALSE
Female,Loyal Customer,24,Business Travel,Eco Plus,1476,2,5,3,5,2,2,1,2,1,4,1,3,2,2.54,83,63,FALSE
Male,Disloyal Customer,32,Business Travel,Business,787,3,3,3,2,5,3,5,5,4,4,5,4,5,3.92,0,3,FALSE
Female,Loyal Customer,30,Business Travel,Business,862,4,3,3,3,4,4,4,4,3,5,4,2,4,3.62,2,6,FALSE
Female,Loyal Customer,11,Personal Travel,Eco Plus,945,2,4,2,2,2,2,2,2,4,2,3,1,2,2.31,0,0,FALSE
Female,Disloyal Customer,45,Business Travel,Business,168,2,2,2,5,3,2,3,3,5,4,5,3,3,3.23,0,0,TRUE
Female,Loyal Customer,46,Business Travel,Business,3332,5,5,5,5,5,4,5,4,4,4,4,3,4,4.38,15,21,TRUE
Female,Loyal Customer,54,Business Travel,Business,1708,5,5,3,5,4,4,5,3,3,3,3,4,4,3.92,17,21,TRUE
Male,Loyal Customer,41,Personal Travel,Eco,102,3,4,3,4,2,3,3,2,1,5,3,2,2,2.85,0,0,FALSE
Female,Loyal Customer,14,Personal Travel,Eco,590,1,4,0,5,5,0,5,5,5,3,4,5,5,3.62,22,16,FALSE
Female,Disloyal Customer,15,Business Travel,Eco,438,1,1,1,4,3,1,2,3,1,2,4,4,3,2.31,2,6,FALSE
Female,Loyal Customer,49,Personal Travel,Eco,846,4,4,5,1,3,4,4,5,5,5,5,5,5,4.23,9,1,TRUE
Male,Loyal Customer,46,Business Travel,Business,1204,2,3,2,2,2,4,5,5,5,5,5,3,3,3.54,0,0,TRUE
Female,Loyal Customer,56,Personal Travel,Eco,1139,3,5,3,3,2,4,4,3,3,3,5,4,4,3.54,0,0,FALSE
Female,Disloyal Customer,37,Business Travel,Business,96,4,4,4,4,4,4,4,4,4,3,4,3,4,3.85,123,124,TRUE
Male,Disloyal Customer,34,Business Travel,Business,1723,2,2,2,1,2,2,2,2,4,3,4,4,2,2.46,19,1,FALSE
Female,Disloyal Customer,63,Business Travel,Eco,906,1,2,2,3,2,2,2,2,1,2,4,1,2,2,9,0,FALSE
Female,Disloyal Customer,25,Business Travel,Business,630,0,4,0,3,2,0,5,2,3,5,4,5,2,2.69,0,25,TRUE
Male,Disloyal Customer,27,Business Travel,Business,620,3,3,3,4,3,3,3,3,1,1,4,2,3,2.77,0,0,FALSE
Female,Loyal Customer,26,Business Travel,Business,2125,4,5,4,5,4,4,4,4,2,4,2,1,4,3.62,0,0,FALSE
Female,Loyal Customer,30,Business Travel,Business,3800,3,3,5,3,5,5,5,5,5,4,2,3,5,4.08,0,0,TRUE
Male,Loyal Customer,62,Personal Travel,Eco,101,0,3,0,2,3,0,3,3,1,4,4,2,3,2.15,0,2,TRUE
Female,Loyal Customer,27,Business Travel,Eco Plus,708,0,0,0,1,0,3,3,4,3,5,1,3,3,2,226,264,TRUE
Female,Loyal Customer,60,Business Travel,Business,2063,2,4,4,4,2,2,2,1,1,4,3,2,2,2.54,122,164,FALSE
Male,Loyal Customer,36,Personal Travel,Eco,1428,2,3,2,2,1,2,1,1,1,5,3,1,1,1.92,0,33,FALSE
Female,Loyal Customer,48,Personal Travel,Eco,692,1,1,1,3,4,3,3,5,5,1,2,4,2,2.69,0,0,FALSE
Female,Loyal Customer,57,Business Travel,Business,2917,1,1,5,1,2,1,1,4,5,1,2,1,1,2,17,2,FALSE
Female,Loyal Customer,56,Business Travel,Business,332,3,3,3,3,2,5,5,4,4,4,4,4,4,3.69,0,0,TRUE
Male,Disloyal Customer,37,Business Travel,Business,337,5,5,5,5,3,5,3,3,5,2,5,4,3,4.08,69,58,TRUE
Female,Loyal Customer,35,Business Travel,Business,262,4,4,4,4,5,4,2,5,5,5,5,3,1,3.92,52,44,TRUE
Female,Loyal Customer,62,Personal Travel,Eco,1916,3,1,3,3,5,3,4,4,4,3,4,4,2,3.31,0,0,FALSE
Female,Loyal Customer,44,Business Travel,Business,3418,3,3,3,3,5,4,4,4,4,4,4,5,4,3.85,10,3,TRUE
Male,Loyal Customer,41,Business Travel,Eco,1199,1,2,2,2,1,1,1,1,3,5,3,2,1,1.92,0,0,FALSE
Male,Loyal Customer,70,Personal Travel,Eco,542,1,5,1,2,2,1,2,2,5,3,1,1,2,2.15,16,0,FALSE
Male,Loyal Customer,37,Business Travel,Business,2245,4,4,4,4,2,3,3,4,4,4,4,1,5,3.54,0,0,TRUE
Male,Loyal Customer,44,Business Travel,Eco,628,3,1,1,1,3,3,3,3,3,3,2,4,3,2.54,54,40,TRUE
Female,Loyal Customer,36,Business Travel,Eco,545,5,2,2,2,5,5,5,5,5,2,4,4,5,3.92,0,0,TRUE
Female,Loyal Customer,15,Personal Travel,Eco,2139,2,5,1,1,3,1,3,3,5,5,5,5,3,3.23,10,0,FALSE
Female,Loyal Customer,49,Business Travel,Business,175,5,5,5,5,1,3,4,5,5,5,3,1,3,3.85,0,0,TRUE
Female,Loyal Customer,42,Business Travel,Business,3384,2,5,5,5,3,3,4,2,2,2,2,2,4,3.15,0,0,FALSE
Male,Loyal Customer,55,Business Travel,Eco Plus,296,5,5,5,5,5,5,5,5,2,4,4,1,5,4.31,9,6,TRUE
Male,Loyal Customer,40,Business Travel,Business,3722,3,3,3,3,4,5,4,4,4,5,4,5,4,3.92,0,0,TRUE
Female,Loyal Customer,24,Business Travel,Eco,1205,4,4,4,4,4,4,1,4,2,2,4,2,4,3.31,1,0,FALSE
Female,Disloyal Customer,17,Business Travel,Eco,432,1,0,1,4,5,1,5,5,4,1,4,3,5,3,38,37,FALSE
Female,Loyal Customer,58,Personal Travel,Eco,812,4,2,4,4,5,4,3,1,1,4,1,2,2,2.85,0,0,FALSE
Male,Loyal Customer,45,Personal Travel,Eco Plus,481,2,4,2,4,5,2,5,5,2,3,3,1,5,3.31,70,58,FALSE
Female,Loyal Customer,50,Business Travel,Business,2475,2,1,1,1,2,2,2,1,1,3,3,2,2,1.77,0,0,FALSE
Male,Loyal Customer,36,Personal Travel,Eco,67,3,5,3,4,2,3,2,2,5,4,5,5,2,3.46,69,78,FALSE
Male,Loyal Customer,48,Business Travel,Business,1747,3,3,3,3,2,5,5,4,4,4,4,4,4,3.69,2,4,TRUE
Male,Loyal Customer,59,Business Travel,Business,3657,4,4,4,4,3,5,5,5,5,5,5,5,3,4.38,0,6,TRUE
Female,Loyal Customer,60,Personal Travel,Eco Plus,247,1,4,0,1,4,5,4,2,2,0,2,3,5,2.54,40,42,FALSE
Female,Loyal Customer,58,Personal Travel,Eco Plus,1608,1,5,1,2,5,3,5,1,1,1,1,5,3,2.62,0,0,FALSE
Male,Disloyal Customer,24,Business Travel,Eco,391,3,5,2,2,2,2,2,2,3,4,5,4,2,2.92,1,0,FALSE
Male,Disloyal Customer,43,Business Travel,Eco Plus,308,3,3,3,1,1,3,1,1,3,4,1,3,1,2.15,0,6,FALSE
Female,Loyal Customer,34,Personal Travel,Eco Plus,1164,3,4,3,2,4,3,1,4,5,2,4,3,4,3.23,0,0,FALSE
Female,Loyal Customer,40,Business Travel,Business,3083,5,5,5,5,4,4,5,5,5,5,5,3,4,4.62,1,0,TRUE
Female,Loyal Customer,43,Business Travel,Business,3008,2,2,2,2,2,4,5,5,5,5,5,5,4,3.69,5,0,TRUE
Male,Loyal Customer,49,Personal Travel,Eco,235,4,5,4,2,4,4,2,4,5,4,5,4,4,3.92,130,124,FALSE
Male,Loyal Customer,47,Business Travel,Business,507,1,1,1,1,3,4,4,4,4,4,4,3,3,2.85,8,6,TRUE
Female,Loyal Customer,50,Business Travel,Business,2120,3,3,3,3,4,4,4,5,5,5,5,4,4,4,0,0,TRUE
Male,Loyal Customer,17,Personal Travel,Eco,414,2,5,4,5,2,4,2,2,4,1,2,5,2,3.08,0,0,FALSE
Female,Loyal Customer,63,Personal Travel,Eco,248,1,5,1,5,2,5,5,3,3,1,3,3,5,3.23,11,10,FALSE
Female,Loyal Customer,62,Business Travel,Business,3927,2,3,3,3,4,3,3,2,2,2,2,4,3,2.77,9,0,FALSE
Female,Disloyal Customer,34,Business Travel,Eco,368,3,3,3,3,3,3,3,3,2,4,4,2,3,3,18,10,FALSE
Female,Loyal Customer,14,Personal Travel,Eco,420,3,2,3,3,2,3,2,2,3,2,4,3,2,2.62,5,0,FALSE
Female,Loyal Customer,41,Business Travel,Business,258,4,4,4,4,4,5,5,5,5,5,5,4,3,4.38,0,0,TRUE
Male,Loyal Customer,57,Business Travel,Eco,1535,1,2,2,2,1,1,1,1,3,2,2,3,1,1.69,0,10,FALSE
Male,Loyal Customer,37,Business Travel,Business,120,2,2,2,2,3,2,1,5,5,5,5,1,1,2.77,0,0,TRUE
Male,Disloyal Customer,26,Business Travel,Eco,775,2,2,2,3,2,2,2,2,4,4,4,3,2,2.62,0,0,FALSE
Male,Disloyal Customer,29,Business Travel,Eco,2475,2,2,2,3,1,2,1,1,4,5,1,4,1,2.23,0,0,FALSE
Male,Loyal Customer,16,Personal Travel,Eco,748,3,3,2,2,3,2,3,3,3,4,2,3,3,2.77,32,60,FALSE
Female,Loyal Customer,49,Business Travel,Business,1749,3,3,3,3,4,4,5,5,5,5,5,5,5,4.23,0,0,TRUE
Female,Loyal Customer,29,Business Travel,Business,1023,4,1,1,1,4,3,4,4,3,4,4,4,4,3.15,45,35,FALSE
Female,Loyal Customer,40,Business Travel,Business,2960,2,2,2,2,4,4,4,5,5,5,5,5,4,3.77,0,0,TRUE
Male,Loyal Customer,39,Personal Travel,Eco,354,3,3,3,2,1,3,1,1,3,4,2,1,1,2.15,3,7,FALSE
Female,Loyal Customer,40,Business Travel,Eco,624,2,2,1,2,2,2,2,2,4,2,3,3,2,2.23,0,0,FALSE
Male,Loyal Customer,37,Personal Travel,Eco,427,4,2,4,3,5,4,5,5,4,2,4,2,5,3.77,0,0,TRUE
Male,Disloyal Customer,39,Business Travel,Eco,628,2,4,2,3,1,2,3,1,3,5,3,2,1,2.46,33,26,FALSE
Male,Disloyal Customer,25,Business Travel,Business,305,4,0,4,1,1,4,1,1,5,5,5,4,1,2.77,44,30,FALSE
Female,Loyal Customer,35,Business Travel,Business,2310,4,5,4,4,5,4,5,5,5,5,5,3,5,4.54,0,0,TRUE
Female,Loyal Customer,18,Business Travel,Business,387,2,2,2,2,5,5,5,5,4,4,1,3,5,3.46,0,0,TRUE
Male,Disloyal Customer,17,Business Travel,Eco,413,3,1,2,4,3,2,3,3,4,5,3,3,3,3,49,41,FALSE
Male,Loyal Customer,41,Personal Travel,Business,985,0,4,1,3,4,3,4,3,3,1,3,1,3,2.54,0,0,TRUE
Male,Loyal Customer,59,Personal Travel,Eco,2475,1,2,0,4,5,0,5,5,3,5,4,2,5,3.15,0,0,FALSE
Female,Loyal Customer,40,Personal Travel,Eco Plus,667,2,2,2,3,3,2,2,3,3,5,3,4,3,2.85,0,0,FALSE
Female,Loyal Customer,31,Business Travel,Eco Plus,787,5,5,1,1,5,5,5,5,3,2,3,5,5,3.85,0,0,TRUE
Male,Loyal Customer,48,Personal Travel,Eco,373,2,1,2,2,5,2,5,5,3,4,2,4,5,3.23,18,4,FALSE
Male,Loyal Customer,57,Business Travel,Business,309,2,1,1,1,2,2,3,2,2,2,2,2,1,1.77,17,16,FALSE
Male,Loyal Customer,36,Personal Travel,Eco,541,1,4,1,1,4,1,4,4,4,3,4,5,4,3.08,0,0,FALSE
Male,Loyal Customer,46,Business Travel,Business,2771,0,0,0,2,1,3,4,3,3,3,3,3,1,2,0,0,TRUE
Male,Loyal Customer,37,Business Travel,Business,2586,5,5,5,5,4,2,4,5,5,5,5,2,4,4.31,10,5,TRUE
Female,Loyal Customer,26,Business Travel,Business,1988,4,4,4,4,4,4,4,4,5,4,1,4,4,3.85,37,28,TRUE
Female,Loyal Customer,64,Business Travel,Business,1609,4,4,4,4,4,3,5,4,4,4,4,3,2,3.77,0,0,TRUE
Male,Loyal Customer,30,Business Travel,Business,409,2,2,2,2,4,4,4,4,3,4,1,1,4,2.85,0,0,TRUE
Male,Loyal Customer,37,Personal Travel,Eco,804,2,5,2,4,1,2,1,1,5,4,3,1,1,2.46,10,1,FALSE
Male,Loyal Customer,59,Personal Travel,Business,201,2,2,0,4,3,4,4,4,4,0,4,4,2,2.85,0,0,FALSE
Male,Disloyal Customer,17,Business Travel,Eco,404,2,2,2,4,2,2,2,2,4,3,3,3,2,2.54,0,0,FALSE
Male,Loyal Customer,41,Business Travel,Eco,1208,4,4,4,4,4,4,4,4,3,2,4,3,4,3.69,0,0,TRUE
Female,Loyal Customer,49,Business Travel,Eco,1092,4,5,5,5,2,3,4,4,4,4,4,2,3,3.77,0,0,FALSE
Female,Loyal Customer,20,Personal Travel,Eco,395,4,1,4,3,2,4,1,2,3,4,4,2,2,2.77,0,0,TRUE
Female,Loyal Customer,28,Personal Travel,Eco,1846,2,5,2,3,2,2,2,2,5,2,3,3,2,2.69,2,0,FALSE
Female,Loyal Customer,53,Business Travel,Business,628,2,2,2,2,4,4,5,5,5,5,5,4,5,3.85,0,0,TRUE
Male,Loyal Customer,61,Personal Travel,Eco,725,2,5,2,3,2,2,2,2,4,3,3,2,2,2.62,4,0,FALSE
Female,Loyal Customer,44,Business Travel,Business,3612,3,3,3,3,3,3,3,4,5,3,2,3,3,3.15,105,146,TRUE
Male,Loyal Customer,34,Business Travel,Business,3747,2,3,3,3,1,4,3,3,3,3,2,4,1,2.69,58,67,FALSE
Male,Disloyal Customer,39,Business Travel,Eco,453,1,4,1,4,4,1,4,4,2,1,4,4,4,2.92,42,34,FALSE
Male,Disloyal Customer,27,Business Travel,Business,696,3,3,3,5,3,1,5,4,4,4,4,5,5,3.77,128,152,FALSE
Male,Loyal Customer,31,Business Travel,Business,2451,2,2,2,2,4,4,4,4,3,3,5,4,4,3.31,2,0,TRUE
Male,Loyal Customer,35,Business Travel,Eco Plus,926,1,5,5,5,1,1,1,1,1,1,4,4,1,2.38,0,9,FALSE
Female,Loyal Customer,49,Personal Travel,Eco,2288,3,2,3,1,5,2,2,4,4,3,4,3,3,3,4,0,FALSE
Female,Loyal Customer,46,Business Travel,Business,1502,3,3,5,3,3,4,5,3,3,4,3,4,4,3.62,1,6,TRUE
Male,Loyal Customer,66,Personal Travel,Eco,406,2,4,4,3,3,4,4,3,3,2,4,5,3,3.38,0,0,FALSE
Male,Loyal Customer,73,Business Travel,Eco,387,4,3,3,3,4,4,4,4,1,3,5,3,4,3.46,0,0,TRUE
Female,Loyal Customer,35,Personal Travel,Business,725,5,1,5,4,4,3,3,3,3,5,3,4,3,3.54,0,0,TRUE
Female,Loyal Customer,55,Business Travel,Business,342,5,5,5,5,2,4,5,5,5,5,5,5,4,4.62,0,0,TRUE
Female,Disloyal Customer,42,Business Travel,Eco,2475,3,3,3,3,3,5,5,1,1,4,4,5,5,3.46,2,0,FALSE
Female,Disloyal Customer,50,Business Travel,Business,134,1,1,1,4,5,1,5,5,1,1,4,2,5,2.77,0,10,FALSE
Male,Disloyal Customer,26,Business Travel,Business,935,5,5,5,2,1,5,1,1,5,5,5,3,1,3.38,7,1,TRUE
Female,Loyal Customer,56,Personal Travel,Eco,547,4,3,4,2,1,3,5,5,5,4,5,5,3,3.77,0,0,FALSE
Female,Loyal Customer,77,Business Travel,Business,270,4,2,2,2,1,4,3,4,4,4,4,1,4,3,3,4,FALSE
Male,Loyal Customer,67,Personal Travel,Eco,247,1,2,1,3,4,1,3,4,2,3,4,4,4,2.77,74,91,FALSE
Female,Loyal Customer,40,Personal Travel,Eco,455,4,5,4,3,5,4,5,5,3,5,5,4,5,4.38,0,0,TRUE
Male,Loyal Customer,40,Business Travel,Business,2753,1,1,1,1,2,4,4,4,4,4,4,3,4,2.85,0,0,TRUE
Male,Loyal Customer,25,Business Travel,Eco Plus,913,0,3,0,1,3,0,5,3,1,1,2,3,3,1.92,0,0,TRUE
Female,Loyal Customer,29,Business Travel,Business,2565,2,2,1,2,5,4,5,5,3,5,5,3,5,3.62,0,0,TRUE
Female,Loyal Customer,36,Business Travel,Eco,954,5,3,3,3,5,5,5,5,4,4,4,1,5,4,0,0,TRUE
Male,Loyal Customer,66,Personal Travel,Eco,361,2,4,2,4,4,2,4,4,4,3,5,5,4,3.62,0,0,FALSE
Male,Loyal Customer,12,Personal Travel,Eco,811,3,1,3,2,2,3,2,2,3,4,2,1,2,2.31,0,0,FALSE
Female,Loyal Customer,9,Personal Travel,Eco,2724,3,2,4,4,4,4,2,4,5,3,4,2,2,3.31,1,0,FALSE
Female,Loyal Customer,48,Personal Travel,Eco,258,2,5,2,4,4,3,4,1,1,2,1,1,3,2.54,0,0,FALSE
Female,Loyal Customer,38,Personal Travel,Eco,1471,3,4,3,3,3,3,3,3,5,5,4,4,3,3.54,0,0,FALSE
Female,Loyal Customer,16,Business Travel,Eco Plus,1497,1,1,1,1,1,1,3,1,2,5,4,4,1,2,7,7,FALSE
Female,Disloyal Customer,23,Business Travel,Eco,89,4,1,4,3,3,4,4,3,4,1,3,2,3,3,0,0,FALSE
Male,Loyal Customer,28,Personal Travel,Eco Plus,448,1,5,1,3,1,2,2,3,2,5,4,2,2,2.54,135,142,FALSE
Female,Loyal Customer,67,Business Travel,Business,2828,3,3,3,3,1,2,2,3,3,3,3,3,4,2.77,0,0,FALSE
Male,Loyal Customer,29,Business Travel,Business,2300,4,4,4,4,5,5,5,5,3,4,4,4,5,4.31,0,0,TRUE
Male,Loyal Customer,40,Business Travel,Business,436,2,1,2,2,1,4,4,2,2,2,2,4,3,2.38,0,0,FALSE
Male,Loyal Customer,12,Business Travel,Business,871,1,4,4,4,1,1,1,1,2,4,4,2,1,2.31,0,0,FALSE
Female,Loyal Customer,66,Personal Travel,Eco,668,1,5,1,3,3,4,5,5,5,1,5,4,4,3.54,0,0,FALSE
Male,Loyal Customer,57,Business Travel,Business,2420,1,1,1,1,4,4,5,5,5,5,5,5,5,3.62,88,119,TRUE
Male,Loyal Customer,11,Personal Travel,Eco,864,2,4,2,3,2,2,2,2,3,5,4,5,2,2.92,47,44,FALSE
Female,Loyal Customer,59,Business Travel,Business,1788,3,3,1,3,5,5,4,5,5,5,5,3,3,3.85,0,0,TRUE
Female,Loyal Customer,41,Business Travel,Eco,323,5,2,2,2,5,5,5,5,5,4,4,4,5,4.08,0,0,TRUE
Male,Loyal Customer,34,Personal Travel,Eco,689,3,4,3,3,2,3,2,2,3,5,5,4,2,3.15,0,0,FALSE
Female,Loyal Customer,70,Personal Travel,Eco,534,1,4,1,5,4,4,4,4,4,1,4,3,4,3.31,9,0,FALSE
Male,Loyal Customer,34,Business Travel,Eco,1068,1,1,3,1,1,1,1,1,4,2,4,3,1,1.85,0,0,FALSE
Male,Loyal Customer,26,Business Travel,Business,2845,2,2,2,2,4,4,4,3,3,4,4,4,4,3.23,138,125,TRUE
Male,Loyal Customer,44,Business Travel,Eco Plus,430,4,5,5,5,4,4,4,4,3,5,5,5,4,4.38,0,0,TRUE
Male,Loyal Customer,45,Business Travel,Business,3914,3,3,3,3,5,4,5,5,5,5,5,4,3,4.08,0,0,TRUE
Male,Loyal Customer,34,Business Travel,Business,399,1,1,1,1,1,2,1,4,4,5,4,3,1,2.23,0,1,TRUE
Female,Loyal Customer,66,Business Travel,Eco,528,1,4,3,4,5,3,3,1,1,1,1,4,3,2.62,20,11,FALSE
Female,Loyal Customer,30,Business Travel,Business,3101,2,4,4,4,2,3,2,2,2,1,2,3,2,2.54,0,0,FALSE
Male,Loyal Customer,53,Business Travel,Eco,1212,2,5,5,5,2,2,2,2,1,5,3,2,2,2.92,0,0,FALSE
Female,Loyal Customer,60,Business Travel,Business,997,3,3,3,3,2,4,5,4,4,4,4,4,5,3.69,21,0,TRUE
Female,Loyal Customer,51,Business Travel,Business,1172,5,5,5,5,3,5,5,4,4,4,4,4,5,4.46,0,0,TRUE
Male,Loyal Customer,47,Business Travel,Business,3178,2,2,2,2,5,5,5,5,5,5,5,3,4,3.85,0,0,TRUE
Female,Disloyal Customer,38,Business Travel,Business,507,5,5,5,2,5,5,4,5,4,4,4,5,5,4.46,0,0,TRUE
Male,Loyal Customer,55,Personal Travel,Eco,1379,2,1,2,4,5,2,5,5,4,3,3,3,5,3.38,0,0,FALSE
Male,Loyal Customer,45,Personal Travel,Eco,787,1,4,1,2,3,1,3,3,1,4,4,5,3,2.69,2,0,FALSE
Female,Loyal Customer,18,Personal Travel,Eco,189,0,4,0,1,1,0,1,1,4,4,5,5,1,2.08,0,0,TRUE
Male,Loyal Customer,44,Business Travel,Business,1859,2,2,4,2,5,5,5,5,5,5,5,3,4,4,0,0,TRUE
Female,Loyal Customer,30,Business Travel,Business,486,2,2,2,2,4,4,4,4,4,5,5,5,4,3.62,4,3,TRUE
Male,Disloyal Customer,22,Business Travel,Eco,102,1,5,1,3,4,1,4,4,4,3,4,5,4,3.31,0,0,FALSE
Male,Disloyal Customer,21,Business Travel,Eco,993,4,4,4,3,5,4,5,5,5,3,5,4,5,4.31,0,0,TRUE
Female,Loyal Customer,62,Personal Travel,Eco Plus,123,2,4,2,4,1,1,5,5,5,2,5,1,4,3.15,0,0,FALSE
Male,Loyal Customer,40,Business Travel,Business,2927,3,3,3,3,3,5,4,4,4,4,4,4,5,3.77,0,0,TRUE
Female,Loyal Customer,27,Business Travel,Eco,946,4,4,4,4,4,4,4,4,1,2,2,2,4,3.31,3,0,FALSE
Male,Loyal Customer,36,Personal Travel,Eco,337,2,5,3,4,5,3,5,5,3,3,4,3,5,3.85,0,0,FALSE
Female,Loyal Customer,49,Business Travel,Eco,399,5,4,4,4,2,2,4,5,5,5,5,2,5,4,0,0,TRUE
Male,Disloyal Customer,63,Personal Travel,Business,471,2,3,2,4,2,1,1,3,2,3,3,1,1,2.15,174,172,FALSE
Female,Loyal Customer,25,Business Travel,Business,942,4,4,4,4,5,5,5,5,4,5,4,4,5,4.46,0,0,TRUE
Female,Loyal Customer,43,Business Travel,Business,313,4,4,4,4,2,5,4,5,5,5,5,3,4,4.15,0,2,TRUE
Female,Loyal Customer,19,Business Travel,Business,328,2,2,3,2,2,2,2,2,2,1,4,4,2,2.31,12,19,FALSE
Female,Loyal Customer,42,Business Travel,Eco,299,5,3,3,3,2,2,4,5,5,5,5,1,1,3.38,0,0,TRUE
Female,Loyal Customer,56,Business Travel,Business,2586,4,4,4,4,5,5,5,5,5,5,5,4,5,4.62,0,3,TRUE
Female,Loyal Customer,54,Business Travel,Business,3064,5,5,5,5,2,4,4,5,5,5,5,5,3,4.46,0,0,TRUE
Male,Loyal Customer,39,Business Travel,Eco,304,1,5,5,5,1,1,1,1,3,5,3,4,1,2.77,0,0,FALSE
Female,Loyal Customer,49,Business Travel,Business,3080,3,1,2,1,5,3,3,3,3,3,3,3,3,2.77,0,0,FALSE
Male,Disloyal Customer,36,Business Travel,Business,634,3,3,3,1,1,3,1,1,3,2,5,5,1,2.46,0,0,FALSE
Female,Loyal Customer,16,Business Travel,Business,1725,3,1,1,1,3,3,3,3,2,3,3,1,3,2.31,19,10,FALSE
Male,Loyal Customer,8,Personal Travel,Eco Plus,874,4,4,4,5,3,4,3,3,5,4,5,5,3,4,0,0,FALSE
Female,Loyal Customer,37,Business Travel,Eco,224,2,4,4,4,2,2,2,2,1,1,4,3,2,2.54,7,0,FALSE
Male,Loyal Customer,33,Business Travel,Business,3433,3,3,3,3,2,2,2,2,5,1,1,5,2,2.62,0,0,TRUE
Male,Loyal Customer,66,Business Travel,Eco Plus,1491,2,1,1,1,2,2,2,2,2,2,4,2,2,1.92,0,0,FALSE
Male,Loyal Customer,57,Business Travel,Business,1389,4,4,4,4,2,5,5,3,3,4,3,3,5,3.77,0,0,TRUE
Female,Loyal Customer,56,Personal Travel,Eco,290,2,4,2,3,3,4,5,2,2,2,2,5,5,3.15,0,0,FALSE
Male,Loyal Customer,39,Business Travel,Business,1679,3,3,3,3,4,5,4,4,4,4,4,4,5,3.85,42,34,TRUE
Female,Loyal Customer,56,Business Travel,Business,2224,3,3,3,3,4,4,5,4,4,4,4,5,3,3.77,57,43,TRUE
Male,Loyal Customer,26,Business Travel,Business,2576,2,2,2,2,4,4,4,1,1,3,4,4,4,2.85,48,45,TRUE
Male,Disloyal Customer,39,Business Travel,Business,296,5,5,5,2,3,5,2,3,5,2,4,5,3,3.77,0,0,TRUE
Female,Loyal Customer,22,Business Travel,Eco,247,3,2,3,2,3,3,1,3,3,2,1,3,3,2.46,0,0,FALSE
Female,Loyal Customer,56,Business Travel,Business,1400,5,5,5,5,5,5,5,3,3,4,3,5,3,4.31,31,29,TRUE
Female,Loyal Customer,50,Business Travel,Eco,502,3,2,2,2,5,3,4,3,3,3,3,3,2,2.92,0,0,FALSE
Male,Disloyal Customer,45,Business Travel,Business,282,3,4,4,3,1,3,1,1,5,5,1,2,1,2.62,0,0,FALSE
Male,Loyal Customer,40,Personal Travel,Eco,1020,3,4,3,3,2,3,2,2,5,3,4,3,2,3,7,0,FALSE
Male,Loyal Customer,44,Business Travel,Eco,109,3,1,4,1,3,3,3,3,3,1,2,3,3,2.54,0,0,TRUE
Female,Loyal Customer,10,Business Travel,Business,2565,1,3,3,3,1,1,1,1,1,3,4,3,1,2,6,3,FALSE
Female,Loyal Customer,44,Business Travel,Business,903,5,5,5,5,3,1,5,5,5,5,5,2,3,4.15,100,75,TRUE
Female,Loyal Customer,25,Business Travel,Business,3716,5,5,5,5,5,5,5,5,5,1,5,5,5,4.69,0,0,TRUE
Male,Loyal Customer,25,Personal Travel,Eco,311,3,4,4,3,1,4,2,1,4,2,2,5,1,2.77,0,10,FALSE
Female,Loyal Customer,25,Business Travel,Eco,646,4,3,3,3,4,4,3,4,5,1,5,4,4,3.62,5,0,TRUE
Female,Loyal Customer,42,Business Travel,Business,3512,3,3,3,3,5,5,5,4,4,4,4,5,3,3.92,21,11,TRUE
Female,Disloyal Customer,27,Business Travel,Eco,315,2,4,2,3,1,2,1,1,3,1,3,3,1,2.08,54,53,FALSE
Male,Loyal Customer,16,Personal Travel,Eco Plus,986,3,1,3,3,2,3,2,2,3,3,3,1,2,2.38,0,0,FALSE
Female,Loyal Customer,25,Business Travel,Eco,802,2,1,1,1,2,2,4,2,1,3,3,2,2,2,0,0,FALSE
Male,Loyal Customer,54,Business Travel,Business,666,5,5,5,5,5,4,5,4,4,4,4,4,3,4.38,0,0,TRUE
Female,Loyal Customer,34,Personal Travel,Eco,458,3,5,3,2,1,3,1,1,3,5,5,4,1,2.85,0,0,FALSE
Female,Loyal Customer,52,Business Travel,Eco Plus,452,1,4,4,4,4,3,3,1,1,1,1,1,3,2.38,12,19,FALSE
Female,Loyal Customer,53,Personal Travel,Eco,2556,3,2,3,4,5,3,4,5,5,3,5,4,2,3.69,0,8,FALSE
Female,Loyal Customer,51,Business Travel,Eco,844,5,2,2,2,1,5,4,4,4,5,4,4,3,3.46,0,77,TRUE
Female,Loyal Customer,45,Business Travel,Business,3269,0,0,0,3,2,2,1,3,3,3,3,5,1,2,0,0,TRUE
Female,Loyal Customer,40,Business Travel,Business,3051,3,3,3,3,2,5,5,4,4,5,4,4,5,3.85,0,0,TRUE
Male,Loyal Customer,41,Business Travel,Business,3750,4,4,4,4,4,4,4,4,4,4,5,4,4,4.08,168,185,TRUE
Male,Loyal Customer,52,Personal Travel,Eco,2139,2,4,2,3,4,2,4,4,5,5,5,4,4,3.69,0,0,FALSE
Female,Loyal Customer,22,Business Travel,Business,3907,5,5,2,5,3,3,3,3,5,2,4,3,3,3.54,1,0,TRUE
Female,Disloyal Customer,23,Business Travel,Business,867,4,5,4,4,3,4,3,3,4,2,5,5,3,3.77,19,2,TRUE
Male,Loyal Customer,44,Business Travel,Eco,2552,5,2,2,2,5,5,5,1,5,4,2,5,5,3.69,0,0,TRUE
Male,Loyal Customer,39,Personal Travel,Eco,1065,3,5,3,3,2,3,2,2,3,2,4,4,2,2.92,0,0,FALSE
Male,Disloyal Customer,62,Business Travel,Eco,1010,4,4,4,3,2,4,2,2,2,4,3,2,2,2.92,102,86,FALSE
Male,Loyal Customer,50,Business Travel,Business,3216,3,1,4,4,5,4,3,3,3,3,3,1,1,2.92,0,1,FALSE
Female,Disloyal Customer,40,Business Travel,Business,201,2,2,2,4,2,2,2,2,3,3,4,3,2,2.54,6,6,FALSE
Female,Disloyal Customer,27,Business Travel,Eco,451,2,4,2,3,1,2,1,1,3,2,4,4,1,2.31,0,0,FALSE
Female,Loyal Customer,28,Personal Travel,Eco Plus,1355,2,4,2,4,4,2,4,4,4,5,2,3,4,3.38,0,0,FALSE
Female,Loyal Customer,48,Personal Travel,Eco Plus,362,2,5,2,3,4,5,5,5,5,2,5,4,4,3.92,0,0,FALSE
Male,Loyal Customer,36,Personal Travel,Eco,1009,4,4,4,3,1,4,1,1,5,4,4,3,1,3,0,0,TRUE
Female,Loyal Customer,53,Business Travel,Business,1416,2,2,2,2,2,5,4,5,5,5,5,4,3,3.54,0,0,TRUE
Male,Loyal Customer,18,Business Travel,Business,1436,2,2,2,2,4,4,4,4,5,3,5,5,4,3.54,0,0,TRUE
Female,Loyal Customer,31,Business Travel,Business,2146,5,5,5,5,5,4,5,5,5,5,4,3,5,4.69,0,15,TRUE
Female,Disloyal Customer,23,Business Travel,Eco,432,4,1,4,3,2,4,2,2,3,3,2,4,2,2.77,0,0,FALSE
Female,Loyal Customer,18,Personal Travel,Eco,1846,3,2,3,4,2,3,2,2,4,4,2,4,2,2.85,6,7,FALSE
Female,Disloyal Customer,25,Business Travel,Eco,1463,2,2,2,3,4,2,4,4,4,1,4,2,4,2.92,15,0,FALSE
Female,Loyal Customer,36,Business Travel,Eco,536,5,2,2,2,5,5,5,5,1,1,1,5,5,3.38,0,4,TRUE
Male,Loyal Customer,52,Personal Travel,Eco,690,1,5,1,1,5,1,5,5,4,4,5,3,5,3.46,3,10,FALSE
Female,Loyal Customer,21,Personal Travel,Eco,1874,4,2,4,4,3,4,3,3,2,4,3,1,3,3.08,2,0,FALSE
Male,Loyal Customer,35,Business Travel,Eco,1249,3,4,4,4,3,3,3,3,3,2,1,5,3,3.15,19,12,TRUE
Female,Loyal Customer,61,Personal Travel,Eco,342,2,1,2,4,4,3,3,4,4,2,4,2,1,2.77,15,8,FALSE
Female,Loyal Customer,34,Personal Travel,Eco,692,2,2,2,3,1,2,5,1,2,4,2,4,1,2.38,0,0,FALSE
Female,Loyal Customer,55,Business Travel,Eco,695,4,5,5,5,5,4,5,4,4,4,4,4,4,4.38,0,0,TRUE
Female,Loyal Customer,58,Personal Travel,Eco,862,3,5,3,5,5,4,4,3,3,3,3,4,5,3.85,9,7,FALSE
Female,Disloyal Customer,23,Business Travel,Eco,248,4,4,5,4,5,5,5,5,5,5,5,3,5,4.62,20,15,TRUE
Male,Loyal Customer,36,Business Travel,Eco,259,3,4,4,4,3,4,3,3,3,5,4,2,3,3.46,0,0,TRUE
Female,Loyal Customer,57,Business Travel,Business,1530,5,5,5,5,4,5,5,4,4,3,4,3,5,4.38,1,0,TRUE
Male,Loyal Customer,50,Business Travel,Eco,106,4,1,1,1,4,4,4,4,4,3,3,5,4,3.23,3,0,TRUE
Male,Loyal Customer,53,Business Travel,Eco,190,4,2,2,2,4,4,4,4,4,5,4,3,4,3.54,0,4,FALSE
Male,Loyal Customer,45,Personal Travel,Eco,413,1,4,1,4,1,1,5,1,5,4,4,3,1,2.69,60,51,FALSE
Male,Loyal Customer,48,Business Travel,Eco,964,4,2,2,2,4,4,4,4,5,2,5,2,4,3.38,8,0,TRUE
Female,Loyal Customer,34,Business Travel,Eco Plus,1194,5,3,3,3,5,5,5,5,4,2,2,2,5,3.77,0,0,TRUE
Female,Loyal Customer,15,Personal Travel,Eco,1608,1,4,1,4,1,1,1,1,3,3,2,2,1,1.92,0,0,FALSE
Female,Loyal Customer,59,Business Travel,Business,408,2,2,2,2,5,5,5,5,5,5,5,5,5,4.08,0,0,TRUE
Female,Loyal Customer,69,Business Travel,Eco,468,5,5,5,5,5,4,5,5,5,5,5,1,1,4.31,0,0,TRUE
Male,Disloyal Customer,24,Business Travel,Eco Plus,972,4,3,4,4,3,4,3,3,1,3,4,1,3,3.08,0,0,TRUE
Male,Loyal Customer,34,Business Travel,Business,985,1,3,3,3,4,3,3,1,1,2,1,2,2,2.23,1,14,FALSE
Male,Loyal Customer,58,Business Travel,Eco,541,5,4,4,4,5,5,5,5,5,5,2,5,5,4.54,3,0,TRUE
Male,Loyal Customer,24,Business Travel,Business,1900,3,4,3,4,3,3,3,4,3,3,4,3,3,3.31,236,234,FALSE
Male,Disloyal Customer,30,Business Travel,Business,888,3,3,3,3,1,3,1,1,4,2,5,5,1,2.69,0,0,FALSE
Male,Loyal Customer,40,Business Travel,Business,2323,5,5,5,5,2,4,4,5,5,5,5,5,5,4.62,0,0,TRUE
Male,Loyal Customer,65,Business Travel,Eco,293,4,1,4,4,4,4,4,4,2,2,1,2,4,3.08,0,0,TRUE
Male,Loyal Customer,33,Business Travel,Business,447,2,2,2,2,5,5,5,5,3,4,5,5,5,3.85,0,0,TRUE
Female,Loyal Customer,70,Personal Travel,Eco Plus,401,3,5,3,4,4,4,4,1,1,3,1,3,5,3.15,34,14,FALSE
Female,Loyal Customer,39,Business Travel,Eco,305,5,2,2,2,5,5,5,5,3,5,1,4,5,3.77,5,0,TRUE
Male,Loyal Customer,29,Business Travel,Business,3909,4,4,4,4,3,4,4,2,3,4,3,4,4,3.62,94,138,FALSE
Female,Loyal Customer,33,Personal Travel,Eco,600,2,4,1,1,3,1,3,3,4,4,4,4,3,2.85,0,0,FALSE
Female,Loyal Customer,42,Business Travel,Business,577,4,4,4,4,4,5,5,5,5,5,5,5,5,4.62,0,0,TRUE
Female,Loyal Customer,40,Business Travel,Eco,1199,4,5,5,5,4,4,4,4,5,1,2,3,4,3.85,0,35,TRUE
Female,Loyal Customer,50,Personal Travel,Eco,528,3,4,1,3,4,5,4,2,2,1,2,2,1,2.62,12,7,FALSE
Female,Loyal Customer,33,Personal Travel,Eco,483,3,0,3,1,5,3,5,5,5,5,4,3,5,3.62,96,92,FALSE
Female,Loyal Customer,45,Business Travel,Eco Plus,581,3,4,4,4,2,3,4,3,3,3,3,3,2,3.15,0,0,FALSE
Female,Loyal Customer,52,Personal Travel,Eco,334,3,1,3,4,1,4,4,5,5,3,5,4,3,3.46,0,0,FALSE
Female,Loyal Customer,12,Personal Travel,Business,205,4,4,4,2,1,4,1,1,5,1,3,1,1,2.46,0,0,FALSE
Male,Loyal Customer,50,Business Travel,Business,2265,3,3,3,3,2,5,4,1,1,2,1,4,4,2.77,1,0,TRUE
Male,Loyal Customer,35,Business Travel,Business,2353,1,1,5,1,3,3,4,1,1,1,1,4,4,2.31,101,72,FALSE
Female,Loyal Customer,44,Business Travel,Business,3308,1,1,1,1,1,4,4,3,3,3,1,3,4,2.31,0,0,FALSE
Male,Loyal Customer,29,Business Travel,Business,2601,1,1,1,1,5,5,5,5,5,3,4,4,5,3.46,0,0,TRUE
Male,Loyal Customer,10,Personal Travel,Eco,668,4,4,4,3,1,4,1,1,5,3,5,5,1,3.15,19,15,FALSE
Female,Loyal Customer,34,Business Travel,Business,1558,2,2,1,2,3,3,4,2,2,2,2,3,4,2.46,0,0,FALSE
Male,Loyal Customer,43,Business Travel,Business,1449,3,3,4,3,4,4,4,3,2,4,5,4,4,3.62,148,145,TRUE
Male,Loyal Customer,41,Business Travel,Eco,599,4,5,5,5,5,4,5,5,3,3,3,4,5,4.31,0,0,FALSE
Female,Loyal Customer,51,Business Travel,Business,733,3,3,3,3,5,5,4,2,2,2,2,4,4,3.23,122,114,TRUE
Male,Loyal Customer,42,Business Travel,Eco,1250,5,2,2,2,5,5,5,5,4,3,2,1,5,3.54,43,14,TRUE
Male,Loyal Customer,18,Business Travel,Business,515,5,5,5,5,4,4,4,4,4,2,4,3,4,4.08,55,44,TRUE
Male,Loyal Customer,76,Business Travel,Eco,413,1,5,5,5,1,1,1,1,1,3,4,1,1,2.31,13,24,FALSE
Male,Disloyal Customer,9,Business Travel,Eco,484,2,1,2,3,5,2,2,5,3,3,3,3,5,3,25,16,FALSE
Male,Loyal Customer,53,Personal Travel,Eco,515,4,2,2,4,2,2,2,2,3,4,3,4,2,2.77,0,0,FALSE
Female,Loyal Customer,49,Business Travel,Business,848,5,5,2,5,1,1,5,4,4,4,4,3,2,3.46,0,0,TRUE
Male,Disloyal Customer,26,Business Travel,Business,1072,1,1,1,3,1,1,1,1,4,3,5,4,1,2.08,0,0,FALSE
Female,Loyal Customer,38,Business Travel,Business,2946,4,4,4,4,3,5,4,5,5,5,5,4,5,4.38,0,0,TRUE
Female,Loyal Customer,29,Business Travel,Business,1500,3,3,3,3,4,4,4,4,4,3,4,5,4,3.69,10,17,TRUE
Female,Loyal Customer,13,Personal Travel,Eco,1105,1,1,1,4,1,1,1,1,1,5,3,3,1,1.85,0,7,FALSE
Female,Loyal Customer,39,Business Travel,Business,444,3,4,3,3,3,4,4,5,5,5,5,3,5,4,1,0,TRUE
Male,Loyal Customer,42,Business Travel,Eco,728,5,5,3,5,5,5,5,5,2,4,1,5,5,4.23,0,0,TRUE
Female,Loyal Customer,9,Personal Travel,Eco Plus,594,3,3,3,3,3,3,3,3,3,2,3,4,3,3,8,0,FALSE
Female,Loyal Customer,62,Business Travel,Business,2990,5,5,5,5,4,4,5,5,5,4,5,3,3,4.46,41,29,TRUE
Female,Loyal Customer,36,Business Travel,Eco Plus,594,4,2,2,2,4,4,4,4,5,1,3,3,4,3.23,31,7,TRUE
Male,Disloyal Customer,25,Business Travel,Business,1235,0,0,0,1,4,0,4,4,5,2,4,4,4,2.46,1,0,TRUE
Female,Loyal Customer,39,Business Travel,Business,700,1,1,1,1,5,5,5,4,4,5,4,5,4,3.46,0,0,TRUE
Male,Disloyal Customer,21,Business Travel,Business,679,4,0,4,4,5,4,5,5,4,3,5,3,5,3.92,0,0,TRUE
Male,Loyal Customer,32,Business Travel,Business,268,3,3,3,3,5,5,5,5,5,5,4,5,5,4.31,25,14,TRUE
Female,Loyal Customer,8,Personal Travel,Eco,1379,3,1,3,2,5,3,5,5,3,5,2,1,5,3.31,7,11,FALSE
Female,Loyal Customer,22,Personal Travel,Eco,1521,2,3,2,4,4,2,4,4,2,5,3,1,4,3.08,27,16,FALSE
Female,Loyal Customer,22,Business Travel,Eco,325,2,2,2,2,2,3,2,2,2,2,3,4,2,2.31,14,8,FALSE
Male,Loyal Customer,45,Business Travel,Business,3304,4,4,5,4,2,3,2,5,5,5,5,4,2,3.85,0,0,TRUE
Male,Loyal Customer,53,Business Travel,Business,3546,2,5,5,5,5,3,3,2,2,2,2,4,1,3.15,6,8,FALSE
Male,Loyal Customer,35,Personal Travel,Eco,1008,2,5,2,1,1,2,1,1,4,4,4,3,1,2.38,0,0,FALSE
Male,Loyal Customer,59,Business Travel,Business,3762,1,1,1,1,4,5,4,4,4,4,4,5,5,3.31,1,0,TRUE
Female,Loyal Customer,18,Business Travel,Business,1400,2,5,5,5,2,2,2,2,2,1,4,4,2,2.92,3,8,FALSE
Female,Loyal Customer,29,Personal Travel,Eco,157,2,5,0,4,4,0,4,4,3,5,4,5,4,3.38,13,18,FALSE
Female,Loyal Customer,17,Business Travel,Business,3340,2,5,5,5,2,2,2,2,2,3,4,2,2,2.92,2,0,FALSE
Female,Loyal Customer,55,Business Travel,Business,373,1,1,1,1,5,3,5,5,5,5,5,1,5,3.31,4,7,TRUE
Male,Loyal Customer,21,Personal Travel,Eco,1242,2,4,3,4,3,3,3,3,5,4,4,5,3,3.54,0,0,FALSE
Female,Loyal Customer,30,Personal Travel,Eco,1592,1,4,1,2,3,1,1,3,4,4,4,5,3,2.77,2,5,FALSE
Male,Loyal Customer,34,Personal Travel,Eco,772,1,3,1,4,1,1,1,1,2,5,5,1,1,2.08,10,2,FALSE
Male,Loyal Customer,41,Business Travel,Eco,325,2,5,5,5,2,3,3,4,5,2,3,3,3,3.46,132,118,FALSE
Female,Loyal Customer,51,Business Travel,Business,1371,3,5,2,2,4,4,4,3,3,3,3,1,4,3.15,0,5,FALSE
Female,Disloyal Customer,21,Business Travel,Business,862,0,0,0,1,2,0,2,2,3,5,4,5,2,2,0,0,TRUE
Male,Loyal Customer,30,Personal Travel,Eco,1046,4,5,4,1,5,4,5,5,3,5,5,4,5,4.23,0,0,FALSE
Female,Loyal Customer,41,Business Travel,Business,1585,5,5,5,5,5,4,4,4,4,4,4,4,4,4.38,30,30,TRUE
Female,Loyal Customer,59,Business Travel,Eco,224,4,4,4,4,3,4,2,4,4,4,4,2,3,3.54,0,0,TRUE
Female,Disloyal Customer,35,Business Travel,Eco,907,3,3,3,4,1,3,1,1,1,2,4,4,1,2.38,30,54,FALSE
Male,Loyal Customer,42,Business Travel,Business,1773,1,1,1,1,5,5,4,4,4,4,4,5,5,3.38,0,0,TRUE
Female,Loyal Customer,37,Business Travel,Business,2720,2,2,2,2,3,5,4,5,5,5,5,4,3,3.62,0,9,TRUE
Female,Disloyal Customer,27,Business Travel,Business,531,2,2,2,1,1,2,1,1,5,5,4,4,1,2.38,0,0,FALSE
Male,Loyal Customer,28,Business Travel,Eco,733,3,1,1,1,3,3,3,3,4,1,2,4,3,2.46,15,33,FALSE
Female,Loyal Customer,75,Business Travel,Eco Plus,175,4,2,2,2,5,4,1,4,4,4,4,3,5,3.38,0,0,TRUE
Male,Loyal Customer,60,Business Travel,Eco Plus,238,2,1,1,1,2,2,2,2,3,5,2,3,2,2.15,13,,FALSE
Female,Loyal Customer,33,Personal Travel,Eco,192,2,4,2,3,2,2,2,2,4,2,5,5,2,2.85,0,1,FALSE
Male,Loyal Customer,28,Business Travel,Business,2230,1,5,5,5,1,1,1,1,4,1,3,1,1,2.31,32,31,FALSE
Female,Loyal Customer,55,Personal Travel,Eco,859,2,5,2,5,3,4,4,1,1,2,1,3,4,2.85,0,0,FALSE
Male,Loyal Customer,44,Business Travel,Eco,391,3,4,4,4,3,3,3,3,2,5,2,2,3,3.15,6,0,TRUE
Female,Loyal Customer,32,Business Travel,Business,1487,2,1,5,1,2,2,2,2,2,4,3,2,2,2.31,0,0,FALSE
Male,Loyal Customer,37,Business Travel,Eco Plus,1074,1,3,3,3,1,1,1,1,1,5,4,1,1,2,25,17,FALSE
Female,Loyal Customer,56,Personal Travel,Eco,979,4,4,4,1,2,4,4,5,5,4,5,4,5,3.92,12,3,TRUE
Female,Loyal Customer,22,Personal Travel,Eco,2565,1,4,1,1,5,1,5,5,4,1,5,2,5,3.08,0,0,FALSE
Male,Disloyal Customer,22,Business Travel,Eco,113,4,3,4,3,2,4,2,2,3,2,3,4,2,2.92,0,0,FALSE
Male,Loyal Customer,32,Business Travel,Business,335,2,2,5,2,2,2,2,2,4,5,4,3,2,2.85,0,4,FALSE
Male,Loyal Customer,13,Personal Travel,Eco,528,2,4,2,4,2,2,2,3,3,5,4,2,2,2.85,153,134,FALSE
Female,Loyal Customer,34,Personal Travel,Eco,448,1,3,1,3,3,1,3,3,2,3,5,1,3,2.46,0,0,FALSE
Male,Loyal Customer,57,Business Travel,Business,2409,4,4,4,4,2,2,3,4,4,4,4,5,3,3.62,39,28,TRUE
Female,Disloyal Customer,65,Business Travel,Eco,240,1,4,1,3,5,1,5,5,3,5,3,2,5,3.31,0,0,FALSE
Female,Loyal Customer,33,Business Travel,Business,163,3,3,3,3,5,5,5,5,5,5,4,2,5,4.08,0,0,TRUE
Female,Loyal Customer,46,Business Travel,Business,3286,0,4,0,2,5,5,4,5,5,5,5,5,5,3.85,0,0,TRUE
Female,Loyal Customer,60,Personal Travel,Eco,237,2,3,0,3,3,3,3,5,5,0,5,4,3,3,9,4,FALSE
Female,Loyal Customer,41,Business Travel,Business,2047,1,1,1,1,4,5,4,4,4,4,4,3,5,3.15,0,0,TRUE
Male,Loyal Customer,29,Business Travel,Business,3945,1,2,3,2,1,1,1,1,4,5,3,2,1,2.08,56,53,FALSE
Female,Disloyal Customer,30,Business Travel,Eco,391,2,3,1,2,5,1,5,5,1,2,3,2,5,2.85,0,0,FALSE
Female,Loyal Customer,28,Business Travel,Business,820,1,3,3,3,1,1,1,1,4,3,3,1,1,2,8,3,FALSE
Male,Loyal Customer,45,Business Travel,Business,2949,4,4,4,4,4,4,4,4,4,4,4,2,1,3.62,5,8,FALSE
Female,Loyal Customer,60,Business Travel,Business,332,0,0,0,3,2,4,4,5,5,5,5,4,5,3.23,0,0,TRUE
Male,Loyal Customer,25,Business Travel,Business,3477,3,3,4,3,5,5,5,5,3,5,2,4,5,4,9,3,TRUE
Female,Loyal Customer,34,Personal Travel,Eco,1076,2,5,2,1,3,2,3,3,5,5,4,4,3,3.23,42,47,FALSE
Female,Loyal Customer,60,Business Travel,Eco,308,4,2,2,2,3,3,2,4,4,4,4,4,2,3.08,8,4,FALSE
Female,Loyal Customer,58,Business Travel,Business,1607,3,3,3,3,2,3,5,4,4,4,4,4,5,3.62,2,5,TRUE
Male,Loyal Customer,54,Business Travel,Eco,258,2,4,4,4,2,2,2,2,3,2,2,4,2,2.69,84,97,FALSE
Female,Loyal Customer,20,Personal Travel,Eco Plus,236,3,4,3,3,3,3,3,3,5,2,5,5,3,3.46,0,4,FALSE
Male,Loyal Customer,50,Business Travel,Business,1061,5,5,5,5,5,5,4,4,4,4,4,4,3,4.38,0,13,TRUE
Male,Loyal Customer,59,Business Travel,Eco,990,3,3,3,3,3,3,3,3,3,2,4,3,3,3,0,0,FALSE
Female,Loyal Customer,28,Business Travel,Business,2578,5,5,5,5,5,5,5,5,4,2,5,3,5,4.54,0,0,TRUE
Female,Loyal Customer,66,Personal Travel,Eco,1535,3,5,3,1,2,4,4,3,3,3,3,3,3,3.08,0,0,FALSE
Male,Loyal Customer,42,Business Travel,Business,265,1,3,3,3,3,1,1,1,1,1,1,4,1,1.85,70,67,FALSE
Female,Loyal Customer,37,Business Travel,Eco,230,5,2,2,2,5,5,5,5,4,2,1,2,5,3.46,68,110,TRUE
Female,Loyal Customer,53,Business Travel,Eco,188,5,1,1,1,5,1,4,5,5,5,5,3,4,3.46,0,0,TRUE
Female,Loyal Customer,53,Business Travel,Eco,395,4,3,3,3,1,3,1,4,4,4,4,1,3,2.92,0,0,TRUE
Female,Disloyal Customer,25,Business Travel,Business,544,2,0,2,5,1,2,1,1,5,3,4,5,1,2.46,0,0,FALSE
Male,Loyal Customer,17,Personal Travel,Eco Plus,583,1,3,1,4,4,1,4,4,3,4,2,5,4,3.08,20,14,FALSE
Male,Loyal Customer,13,Personal Travel,Business,927,4,5,4,3,2,4,2,2,3,5,5,4,2,3.46,77,71,FALSE
Female,Loyal Customer,40,Business Travel,Eco,1428,3,3,3,3,3,3,3,3,3,1,2,1,3,2.62,0,0,FALSE
Female,Loyal Customer,32,Personal Travel,Business,1044,3,5,3,4,4,3,4,4,3,3,5,1,4,3.54,46,24,FALSE
Female,Loyal Customer,39,Personal Travel,Eco,468,1,4,1,3,5,1,5,5,4,5,5,4,5,3.69,6,0,FALSE
Female,Loyal Customer,34,Business Travel,Business,2306,3,3,3,3,2,5,5,4,4,4,4,3,3,3.54,4,0,TRUE
Male,Loyal Customer,38,Business Travel,Eco,1192,4,3,3,3,4,4,4,4,2,5,3,2,4,3.46,13,8,FALSE
Female,Disloyal Customer,26,Business Travel,Eco,228,1,4,1,3,4,1,4,4,4,3,3,2,4,2.92,0,0,FALSE
Male,Loyal Customer,51,Personal Travel,Eco,248,5,4,5,2,5,5,5,5,4,2,5,5,5,4.38,7,5,TRUE
Male,Loyal Customer,53,Business Travel,Business,3581,3,3,3,3,3,4,5,5,5,5,5,4,4,4,7,4,TRUE
Male,Loyal Customer,48,Business Travel,Business,3020,4,4,4,4,4,4,5,4,4,4,4,3,3,3.92,0,0,TRUE
Male,Loyal Customer,38,Business Travel,Eco,277,2,5,5,5,2,2,2,2,2,3,4,4,2,3.08,0,14,FALSE
Male,Loyal Customer,37,Business Travel,Business,3493,0,0,0,3,4,5,5,5,5,5,5,4,4,3.46,19,24,TRUE
Female,Disloyal Customer,34,Business Travel,Eco,239,2,4,2,4,1,2,1,1,4,3,3,2,1,2.31,0,0,FALSE
Female,Loyal Customer,40,Personal Travel,Eco,787,2,4,2,3,4,2,4,4,4,2,4,3,4,3.23,0,0,FALSE
Male,Disloyal Customer,39,Business Travel,Eco,1749,4,4,4,3,5,4,5,5,3,2,3,1,5,3.69,0,0,FALSE
Male,Loyal Customer,48,Personal Travel,Eco,1015,4,2,4,3,3,4,3,3,2,3,3,3,3,3.08,0,0,FALSE
Female,Loyal Customer,53,Business Travel,Business,328,0,0,0,3,3,4,5,3,3,3,3,4,5,2.77,0,0,TRUE
Female,Loyal Customer,57,Business Travel,Business,2739,3,3,3,3,4,5,4,4,4,4,4,5,5,3.92,2,0,TRUE
Female,Loyal Customer,29,Personal Travel,Eco,328,2,5,2,1,5,2,5,5,5,5,5,5,5,4,0,0,FALSE
Male,Loyal Customer,38,Business Travel,Business,1389,1,1,1,1,3,5,5,4,4,4,4,5,5,3.31,3,0,TRUE
Male,Loyal Customer,60,Business Travel,Eco,594,2,1,1,1,2,2,2,2,1,1,2,4,2,1.77,8,2,TRUE
Male,Loyal Customer,57,Business Travel,Business,2005,3,3,3,3,2,4,5,5,5,5,5,3,5,3.92,1,0,TRUE
Female,Disloyal Customer,20,Business Travel,Eco,140,3,1,3,4,5,3,5,5,3,1,4,1,5,3.31,25,17,FALSE
Male,Loyal Customer,68,Business Travel,Eco,670,2,5,5,5,2,2,2,2,2,1,2,4,2,2.77,0,0,FALSE
Female,Loyal Customer,41,Business Travel,Business,656,2,5,5,5,3,3,3,2,2,2,2,2,4,3.08,0,6,FALSE
Female,Loyal Customer,34,Personal Travel,Eco,148,2,5,2,1,4,2,1,4,3,5,4,4,4,3.15,30,34,FALSE
Female,Disloyal Customer,35,Business Travel,Eco,84,4,1,4,2,5,4,5,5,3,4,2,1,5,3.46,0,0,FALSE
Female,Loyal Customer,37,Business Travel,Business,3137,1,2,1,1,2,2,2,5,5,5,5,5,5,3.15,0,0,TRUE
Female,Loyal Customer,47,Personal Travel,Eco,584,2,5,2,3,2,4,5,1,1,2,1,4,3,2.69,0,0,FALSE
Male,Loyal Customer,68,Personal Travel,Eco,1085,3,4,2,3,4,2,4,4,3,5,4,3,4,3.46,37,25,FALSE
Female,Loyal Customer,48,Business Travel,Business,1866,2,2,2,2,5,4,5,4,4,4,4,5,3,3.54,0,0,TRUE
Male,Loyal Customer,40,Business Travel,Business,1849,3,3,3,3,3,1,2,5,5,5,5,1,3,3.23,0,0,TRUE
Female,Loyal Customer,52,Business Travel,Business,2586,2,2,2,2,2,5,5,5,5,5,5,3,4,3.62,0,0,TRUE
Female,Loyal Customer,7,Personal Travel,Eco,849,2,5,2,3,2,2,2,2,3,4,5,4,2,2.92,20,13,FALSE
Female,Loyal Customer,32,Business Travel,Eco,1183,4,5,5,5,4,4,4,4,2,2,3,1,4,3.62,3,0,FALSE
Female,Loyal Customer,23,Business Travel,Business,1013,5,5,5,5,4,4,4,4,2,5,2,4,4,4.08,0,0,TRUE
Male,Disloyal Customer,27,Business Travel,Business,544,4,4,4,5,2,4,2,2,4,5,5,5,2,3.69,0,0,TRUE
Male,Disloyal Customer,23,Business Travel,Eco,192,1,1,1,3,4,1,4,4,1,1,4,3,4,2.46,4,1,FALSE
Male,Disloyal Customer,48,Business Travel,Eco,192,2,5,2,4,2,2,2,2,1,1,1,2,2,2.15,0,0,FALSE
Male,Loyal Customer,58,Personal Travel,Eco,372,3,1,3,3,3,3,3,3,4,5,3,4,3,3.15,27,22,FALSE
Female,Disloyal Customer,29,Business Travel,Eco,919,3,3,3,3,1,3,1,1,3,5,4,4,1,2.69,0,11,FALSE
Male,Loyal Customer,22,Personal Travel,Eco,414,3,2,3,4,1,3,3,1,3,1,4,3,1,2.46,2,0,FALSE
Female,Loyal Customer,40,Business Travel,Eco Plus,347,4,4,4,4,4,4,4,4,4,5,2,3,4,3.85,0,0,TRUE
Female,Loyal Customer,32,Personal Travel,Eco,1220,3,0,3,1,3,3,1,3,4,5,5,5,3,3,0,22,FALSE
Male,Loyal Customer,41,Personal Travel,Eco,516,2,4,2,5,4,2,4,4,5,2,4,4,4,3.54,0,0,FALSE
Male,Loyal Customer,10,Personal Travel,Eco Plus,2565,3,5,3,4,3,3,3,3,3,5,5,5,3,3.69,35,39,FALSE
Male,Disloyal Customer,30,Business Travel,Eco Plus,1249,3,3,3,4,1,3,2,1,3,3,4,3,1,2.62,29,44,FALSE
Male,Loyal Customer,31,Business Travel,Business,589,3,4,4,4,3,3,3,3,4,1,4,2,3,3.15,0,0,FALSE
Male,Loyal Customer,18,Personal Travel,Eco,331,4,3,4,2,4,4,4,4,3,4,5,3,4,3.69,0,0,FALSE
Female,Loyal Customer,49,Business Travel,Business,2550,4,4,4,4,1,4,3,4,4,4,4,2,1,3.31,27,17,FALSE
Female,Loyal Customer,58,Personal Travel,Eco,761,4,1,3,4,5,4,4,5,5,3,5,3,4,3.85,7,0,TRUE
Female,Loyal Customer,21,Personal Travel,Eco,308,3,4,3,1,3,3,3,3,4,3,4,5,3,3.23,0,1,FALSE
Female,Disloyal Customer,23,Business Travel,Business,602,5,0,5,2,2,5,1,2,3,3,4,4,2,2.92,0,0,TRUE
Male,Disloyal Customer,22,Business Travel,Eco,1262,3,3,3,2,4,3,4,4,1,5,3,2,4,3.15,30,17,FALSE
Female,Disloyal Customer,21,Business Travel,Eco,1306,3,3,3,5,3,3,3,3,4,2,5,5,3,3.46,7,0,FALSE
Female,Loyal Customer,46,Business Travel,Business,2031,3,3,3,3,3,5,5,4,4,4,4,3,3,3.62,0,0,TRUE
Male,Disloyal Customer,33,Personal Travel,Eco,2496,3,2,3,4,3,3,3,3,1,4,4,3,3,3,65,72,FALSE
Female,Loyal Customer,50,Business Travel,Business,1703,0,0,0,2,5,5,4,2,2,2,5,4,4,2.69,5,0,TRUE
Female,Loyal Customer,31,Business Travel,Business,1946,1,1,3,1,5,5,5,5,3,3,4,3,5,3.38,0,0,TRUE
Female,Disloyal Customer,41,Business Travel,Business,1930,4,4,4,1,1,4,1,1,3,3,5,4,1,2.77,0,3,FALSE
Male,Loyal Customer,40,Personal Travel,Eco,1068,1,5,1,2,3,1,3,3,4,4,5,4,3,3,13,26,FALSE
Female,Loyal Customer,25,Business Travel,Eco,541,5,1,1,1,5,5,4,5,3,2,1,2,5,3.08,0,0,TRUE
Female,Loyal Customer,23,Business Travel,Business,643,2,2,2,2,4,4,4,4,3,2,4,4,4,3.15,8,0,TRUE
Male,Disloyal Customer,15,Business Travel,Business,337,2,1,2,2,2,2,5,2,4,5,3,4,2,2.77,3,8,FALSE
Female,Disloyal Customer,22,Business Travel,Eco,150,4,3,4,4,5,4,5,5,1,3,3,4,5,3.85,6,0,FALSE
Male,Loyal Customer,54,Business Travel,Eco,461,3,5,5,5,3,3,3,3,3,5,2,2,3,3.46,0,0,TRUE
Female,Disloyal Customer,55,Business Travel,Eco,767,2,2,2,1,1,2,5,1,3,1,1,3,1,1.92,0,0,FALSE
Female,Loyal Customer,65,Personal Travel,Eco,479,2,4,2,4,3,4,4,4,4,2,4,2,1,3.08,0,0,FALSE
Male,Disloyal Customer,64,Personal Travel,Eco,599,3,0,3,5,3,3,3,3,3,2,4,3,3,2.92,0,7,FALSE
Female,Loyal Customer,49,Business Travel,Business,3839,3,3,3,3,4,3,5,3,3,3,3,1,1,2.92,18,5,TRUE
Male,Loyal Customer,50,Business Travel,Business,3594,2,2,2,2,1,2,1,2,2,2,2,3,3,2,10,0,FALSE
Female,Loyal Customer,50,Business Travel,Business,1772,4,3,3,3,2,3,4,3,3,3,4,4,4,3.31,66,62,FALSE
Male,Loyal Customer,46,Personal Travel,Eco,627,3,5,3,1,2,3,2,2,5,4,4,5,2,3.15,0,0,FALSE
Male,Loyal Customer,54,Business Travel,Business,2813,4,1,1,1,2,3,3,2,2,2,4,3,3,2.38,0,0,FALSE
Male,Loyal Customer,38,Business Travel,Business,359,3,3,3,3,1,5,5,4,4,4,4,2,4,3.46,0,1,TRUE
Male,Loyal Customer,52,Business Travel,Eco,1063,2,1,1,1,2,2,2,2,1,1,3,1,2,1.62,24,18,FALSE
Female,Loyal Customer,60,Business Travel,Eco Plus,413,3,3,3,3,3,4,3,3,3,3,3,4,2,3.08,0,0,FALSE
Male,Loyal Customer,69,Personal Travel,Eco,2454,3,5,3,3,4,3,4,4,5,3,3,4,4,3.69,0,0,FALSE
Female,Disloyal Customer,22,Business Travel,Business,558,5,0,5,5,5,5,4,5,2,5,1,4,5,3.92,10,9,TRUE
Male,Loyal Customer,56,Business Travel,Business,594,5,5,5,5,5,5,5,4,4,5,5,5,5,4.85,130,138,TRUE
Male,Loyal Customer,69,Personal Travel,Eco,1744,5,5,5,4,5,5,5,5,3,2,5,4,5,4.46,8,0,TRUE
Female,Loyal Customer,20,Business Travel,Business,1590,3,4,4,4,3,3,3,3,4,2,3,4,3,3.31,0,0,FALSE
Female,Disloyal Customer,22,Business Travel,Business,323,3,4,3,3,4,3,4,4,1,4,3,3,4,3.31,0,0,FALSE
Female,Loyal Customer,41,Business Travel,Business,2425,1,1,1,1,4,4,4,3,5,3,5,4,4,3.08,15,0,TRUE
Female,Loyal Customer,16,Personal Travel,Eco,628,3,4,3,3,5,3,3,5,4,5,4,3,5,3.85,27,25,FALSE
Female,Loyal Customer,36,Personal Travel,Eco,365,1,4,1,4,4,1,3,4,5,3,5,5,4,3.38,0,0,FALSE
Male,Loyal Customer,31,Personal Travel,Eco,1101,1,5,1,3,2,1,2,2,2,3,4,5,2,2.54,0,7,FALSE
Male,Loyal Customer,51,Personal Travel,Eco,160,1,5,1,2,4,1,4,4,3,4,5,4,4,3.23,0,,FALSE
Male,Loyal Customer,38,Business Travel,Business,1750,1,1,1,1,4,4,5,4,4,4,4,4,5,3.23,3,0,TRUE
Male,Loyal Customer,50,Business Travel,Eco,1464,3,2,5,2,3,3,3,3,3,2,3,2,3,2.85,25,28,FALSE
Male,Loyal Customer,44,Personal Travel,Eco,725,1,5,1,3,4,1,4,4,1,3,2,4,4,2.85,0,5,FALSE
Female,Loyal Customer,65,Personal Travel,Eco,989,1,4,1,4,5,5,4,2,2,1,5,4,4,3.23,0,0,FALSE
Female,Disloyal Customer,37,Business Travel,Eco,858,4,3,3,4,3,3,3,3,2,2,1,4,3,2.92,0,3,TRUE
Male,Loyal Customer,31,Personal Travel,Eco Plus,1524,1,4,1,2,5,1,5,5,3,4,5,3,5,3.38,0,0,FALSE
Male,Disloyal Customer,22,Business Travel,Business,1013,0,0,0,2,3,0,2,3,4,3,5,4,3,2.23,0,0,TRUE
Female,Loyal Customer,52,Business Travel,Business,1050,3,3,3,3,2,4,5,2,2,2,2,4,3,2.92,0,0,TRUE
Female,Loyal Customer,44,Business Travel,Business,3813,2,2,5,2,4,4,4,4,4,4,4,5,5,3.77,0,0,TRUE
Male,Loyal Customer,29,Business Travel,Business,1703,4,3,3,3,4,3,4,4,3,1,2,4,4,3.23,0,19,FALSE
Male,Loyal Customer,59,Business Travel,Business,442,5,5,5,5,2,2,1,4,4,4,4,2,3,3.54,8,0,TRUE
Male,Loyal Customer,46,Business Travel,Business,2555,3,3,3,3,3,4,4,4,4,4,4,4,5,3.69,4,69,TRUE
Male,Disloyal Customer,42,Business Travel,Business,689,1,0,0,2,1,1,5,1,5,5,5,5,1,2.46,0,0,FALSE
Female,Loyal Customer,19,Personal Travel,Eco,1671,2,3,2,4,5,2,5,5,2,1,4,3,5,3.31,0,0,FALSE
Male,Loyal Customer,13,Personal Travel,Business,414,4,5,4,1,1,4,1,1,5,5,1,4,1,2.85,0,0,FALSE
Male,Loyal Customer,36,Business Travel,Business,3169,3,2,2,2,2,4,3,3,3,3,3,3,1,2.62,0,17,FALSE
Female,Loyal Customer,40,Business Travel,Business,125,0,5,0,4,2,1,4,4,4,3,3,2,4,2.77,0,0,TRUE
Female,Disloyal Customer,37,Business Travel,Business,821,3,3,3,2,5,3,4,5,3,2,4,3,5,3.46,0,0,FALSE
Male,Loyal Customer,53,Business Travel,Business,2712,2,2,2,2,3,5,4,4,4,4,4,4,3,3.31,1,0,TRUE
Male,Loyal Customer,45,Business Travel,Eco,584,1,1,1,1,1,1,1,1,1,5,4,4,1,1.77,0,0,FALSE
Male,Loyal Customer,52,Personal Travel,Eco Plus,447,0,5,0,1,4,0,4,4,4,3,5,5,4,3,0,0,TRUE
Female,Loyal Customer,43,Business Travel,Eco,1222,3,2,2,2,2,2,3,3,3,3,3,2,2,2.46,0,0,FALSE
Male,Loyal Customer,48,Personal Travel,Eco,282,4,1,4,4,5,4,5,5,4,2,3,2,5,3.69,0,0,FALSE
Male,Loyal Customer,28,Personal Travel,Eco Plus,591,2,2,2,3,1,2,1,1,4,2,4,4,1,2.23,0,0,FALSE
Male,Loyal Customer,35,Business Travel,Business,1504,5,5,5,5,2,4,4,5,5,5,5,5,4,4.54,0,0,TRUE
Female,Loyal Customer,48,Business Travel,Business,3337,1,1,1,1,4,5,4,4,4,4,4,3,5,3.15,0,0,TRUE
Male,Loyal Customer,40,Personal Travel,Eco Plus,507,3,4,5,3,5,5,5,5,2,3,1,1,5,3.62,44,24,FALSE
Male,Loyal Customer,56,Personal Travel,Eco,1187,3,4,3,3,5,3,5,5,2,5,3,4,5,3.85,0,0,FALSE
Female,Loyal Customer,43,Personal Travel,Eco,2174,2,0,2,5,3,4,5,2,2,2,2,4,5,2.92,0,17,FALSE
Male,Disloyal Customer,22,Business Travel,Eco,460,2,4,2,3,4,2,5,4,2,2,3,4,4,3.15,51,37,FALSE
Male,Loyal Customer,33,Personal Travel,Eco,1009,4,4,4,1,1,4,1,1,4,3,5,3,1,2.77,0,0,FALSE
Male,Loyal Customer,31,Business Travel,Business,2469,1,1,4,1,5,5,5,5,5,2,4,5,5,3.69,0,0,TRUE
Female,Disloyal Customer,49,Business Travel,Business,1211,5,5,5,1,3,5,4,3,4,3,5,3,3,3.77,4,0,TRUE
Male,Loyal Customer,58,Personal Travel,Business,247,3,5,3,3,5,5,4,5,5,3,5,3,4,4.08,0,0,FALSE
Male,Loyal Customer,40,Business Travel,Business,1346,5,5,5,5,3,5,4,5,5,5,5,4,4,4.62,10,0,TRUE
Male,Loyal Customer,60,Personal Travel,Eco,1041,5,5,5,3,3,5,3,3,5,2,5,3,3,3.85,0,0,TRUE
Male,Loyal Customer,23,Business Travel,Business,1464,4,4,4,4,2,2,2,2,3,4,4,3,2,3.08,3,0,TRUE
Male,Loyal Customer,18,Personal Travel,Eco,247,2,4,2,4,5,2,5,5,4,5,4,4,5,3.92,0,0,FALSE
Male,Loyal Customer,36,Business Travel,Business,1885,4,3,3,3,2,2,3,4,4,4,4,3,3,3.23,0,0,FALSE
Female,Loyal Customer,66,Business Travel,Eco Plus,351,2,1,1,1,4,2,1,2,2,2,2,2,1,1.77,41,28,FALSE
Female,Disloyal Customer,32,Business Travel,Eco,457,3,1,2,3,2,2,4,2,1,2,3,2,2,2.23,0,0,FALSE
Female,Disloyal Customer,25,Business Travel,Eco,594,2,0,2,3,1,2,1,1,3,1,5,2,1,1.85,11,10,FALSE
Female,Disloyal Customer,15,Business Travel,Eco,737,4,4,4,3,3,4,3,3,3,2,5,5,3,3.54,0,0,TRUE
Male,Disloyal Customer,20,Business Travel,Eco,163,2,3,2,4,5,2,5,5,3,5,2,1,5,3.38,0,0,FALSE
Female,Loyal Customer,50,Business Travel,Business,3987,5,5,5,5,3,4,5,5,5,5,5,3,5,4.62,0,0,TRUE
Male,Loyal Customer,58,Business Travel,Eco,1790,2,4,5,4,2,2,2,2,1,5,2,3,2,2.77,6,10,FALSE
Female,Loyal Customer,52,Business Travel,Business,2488,0,3,0,4,5,1,1,3,3,3,3,2,1,2.23,7,3,TRUE
Female,Loyal Customer,44,Business Travel,Business,3399,3,3,3,3,5,5,5,5,5,5,5,4,4,4.23,0,14,TRUE
Male,Loyal Customer,33,Business Travel,Business,2574,2,2,2,2,2,2,2,2,3,2,4,1,2,2.15,0,0,FALSE
Female,Loyal Customer,45,Business Travel,Eco,788,2,3,3,3,5,2,3,2,2,2,2,4,5,2.92,7,0,TRUE
Female,Loyal Customer,15,Personal Travel,Eco,1990,1,1,1,3,3,1,3,3,4,4,4,4,3,2.69,0,0,FALSE
Female,Disloyal Customer,23,Business Travel,Business,1117,1,3,1,4,3,1,3,3,3,5,3,2,3,2.69,20,11,FALSE
Female,Loyal Customer,46,Business Travel,Business,1857,1,1,1,1,2,5,4,4,4,4,4,3,5,3,2,0,TRUE
Male,Loyal Customer,15,Business Travel,Business,1582,1,1,1,1,5,5,5,5,5,3,4,4,5,3.46,0,1,TRUE
Male,Loyal Customer,12,Personal Travel,Business,473,4,3,4,3,2,4,2,2,1,1,3,1,2,2.46,0,0,TRUE
Male,Loyal Customer,32,Business Travel,Business,919,4,4,4,4,4,4,4,4,3,2,5,3,4,3.77,5,0,TRUE
Male,Loyal Customer,31,Business Travel,Eco,708,5,5,5,5,5,5,5,5,1,2,1,3,5,4,24,32,TRUE
Female,Loyal Customer,25,Personal Travel,Eco,2172,3,4,3,3,3,3,3,3,5,4,5,3,3,3.46,0,2,FALSE
Female,Loyal Customer,42,Personal Travel,Eco,187,3,4,3,2,2,4,4,1,1,3,1,4,4,2.77,21,32,FALSE
Male,Loyal Customer,35,Personal Travel,Eco Plus,951,3,4,4,4,4,4,4,4,4,5,3,2,4,3.77,0,21,FALSE
Female,Loyal Customer,25,Personal Travel,Eco,406,2,4,2,4,5,2,5,5,3,3,5,3,5,3.69,4,0,FALSE
Male,Loyal Customer,57,Personal Travel,Eco,109,3,5,3,4,4,3,4,4,1,3,5,2,4,3.46,0,1,FALSE
Male,Loyal Customer,41,Business Travel,Business,2367,3,3,1,3,5,4,4,5,5,5,5,4,5,4,2,4,TRUE
Female,Loyal Customer,28,Personal Travel,Eco,1262,2,4,2,4,4,2,4,4,3,5,3,4,4,3.46,0,2,FALSE
Female,Disloyal Customer,36,Business Travel,Business,1635,4,4,4,3,4,4,4,4,3,5,4,5,4,4,0,0,FALSE
Female,Loyal Customer,30,Business Travel,Eco Plus,461,0,0,0,3,5,0,5,5,4,2,3,2,5,2.62,0,0,TRUE
Female,Loyal Customer,51,Business Travel,Business,3091,4,4,4,4,4,5,4,4,4,4,4,5,3,4.08,11,8,TRUE
Male,Loyal Customer,37,Business Travel,Eco Plus,259,4,4,4,4,4,4,4,4,2,4,3,2,4,3.62,24,26,FALSE
Male,Loyal Customer,56,Business Travel,Business,173,0,5,0,3,2,5,4,4,4,3,3,4,5,3.23,30,14,TRUE
Male,Loyal Customer,22,Personal Travel,Business,1107,4,4,3,4,4,3,4,4,2,1,2,1,4,3.08,0,0,TRUE
Male,Loyal Customer,47,Personal Travel,Eco,1166,4,5,4,5,4,4,4,4,5,3,3,5,4,4.15,0,0,FALSE
Male,Disloyal Customer,61,Business Travel,Eco,260,1,1,1,2,3,1,3,3,3,2,2,3,3,2.15,0,7,FALSE
Male,Loyal Customer,36,Business Travel,Business,2624,2,5,5,5,2,3,2,2,2,2,2,1,1,2.62,7,7,FALSE
Male,Disloyal Customer,21,Business Travel,Eco,1390,1,1,1,3,2,1,4,2,4,2,3,2,2,2.15,0,0,FALSE
Female,Loyal Customer,45,Business Travel,Business,190,4,4,5,4,5,4,5,4,4,4,5,5,4,4.38,0,0,TRUE
Male,Disloyal Customer,24,Business Travel,Eco,1416,1,1,1,3,5,1,5,5,4,3,3,2,5,3,20,21,FALSE
Male,Loyal Customer,8,Personal Travel,Eco,599,3,4,3,4,3,3,3,3,2,2,3,2,3,2.92,5,1,FALSE
Female,Loyal Customer,45,Personal Travel,Eco,859,1,5,1,4,4,5,5,2,2,1,2,3,4,3,0,0,FALSE
Male,Loyal Customer,70,Business Travel,Business,2176,3,1,1,1,5,2,4,3,3,3,3,4,4,2.85,0,0,FALSE
Female,Loyal Customer,34,Personal Travel,Eco,2402,0,0,0,4,2,0,2,2,3,2,5,2,2,1.85,0,0,TRUE
Female,Disloyal Customer,27,Business Travel,Eco,1065,4,4,4,3,5,4,5,5,3,4,3,1,5,3.85,31,33,FALSE
Female,Disloyal Customer,19,Business Travel,Eco,337,2,0,1,2,3,1,3,3,4,3,3,1,3,2.23,0,0,FALSE
Female,Loyal Customer,57,Business Travel,Business,678,3,3,3,3,2,5,5,4,4,4,4,5,3,3.69,4,0,TRUE
Male,Loyal Customer,38,Business Travel,Eco,170,5,3,3,3,5,5,5,5,2,3,2,4,5,3.85,0,0,TRUE
Male,Disloyal Customer,27,Business Travel,Business,1121,4,4,4,3,2,4,2,2,3,2,4,2,2,2.92,31,14,FALSE
Male,Loyal Customer,22,Business Travel,Business,1587,1,1,5,1,4,4,4,4,5,3,3,3,4,3.23,0,0,TRUE
Male,Loyal Customer,41,Business Travel,Eco Plus,226,4,3,3,3,4,4,4,4,1,2,5,2,4,3.31,0,5,TRUE
Female,Loyal Customer,50,Business Travel,Eco,826,4,3,5,3,3,2,2,4,4,4,4,5,5,3.69,0,0,TRUE
Male,Loyal Customer,49,Business Travel,Business,3433,4,2,4,4,3,4,4,5,5,5,5,3,3,3.92,0,0,TRUE
Male,Loyal Customer,32,Personal Travel,Eco,911,3,2,3,2,5,3,5,5,3,3,1,1,5,3.15,0,0,FALSE
Female,Loyal Customer,69,Business Travel,Business,290,2,2,3,2,1,4,2,4,4,4,4,5,5,3.23,0,0,TRUE
Female,Disloyal Customer,22,Business Travel,Eco,944,5,5,5,1,5,5,5,5,4,1,5,2,5,4.08,11,0,TRUE
Female,Loyal Customer,41,Business Travel,Business,873,3,3,3,3,5,2,2,3,3,3,3,1,4,2.92,5,7,FALSE
Male,Loyal Customer,15,Personal Travel,Eco,809,3,4,3,2,1,3,1,1,1,3,3,3,1,2.23,5,0,FALSE
Male,Disloyal Customer,38,Business Travel,Business,812,4,4,4,3,2,4,2,2,3,2,4,4,2,3.08,19,21,TRUE
Male,Loyal Customer,50,Business Travel,Business,502,3,3,3,3,4,4,4,4,4,4,4,3,5,3.69,0,0,TRUE
Female,Loyal Customer,57,Business Travel,Business,3893,5,5,5,5,5,4,4,4,4,4,4,5,5,4.54,58,64,TRUE
Female,Loyal Customer,66,Business Travel,Eco,432,1,1,1,1,5,4,3,1,1,1,1,3,2,1.92,0,0,FALSE
Male,Loyal Customer,36,Business Travel,Business,1506,2,4,4,4,3,3,4,2,2,2,2,3,1,2.77,0,0,FALSE
Male,Loyal Customer,47,Business Travel,Business,516,3,3,3,3,2,5,5,3,3,4,3,3,3,3.31,0,0,TRUE
Male,Loyal Customer,40,Business Travel,Business,445,4,4,4,4,1,4,5,4,4,4,4,1,2,3.46,0,0,TRUE
Female,Loyal Customer,80,Business Travel,Eco,557,1,2,2,2,4,3,4,1,1,1,1,1,4,2.08,43,27,FALSE
Female,Loyal Customer,48,Business Travel,Business,2664,1,1,1,1,3,5,4,2,2,2,2,3,4,2.38,0,0,TRUE
Female,Loyal Customer,32,Business Travel,Eco Plus,763,5,2,2,2,5,5,5,5,3,2,1,2,5,3.38,0,0,TRUE
Male,Loyal Customer,42,Personal Travel,Eco,343,1,5,2,5,5,2,5,5,4,3,4,5,5,3.92,13,12,FALSE
Male,Disloyal Customer,32,Business Travel,Business,522,4,4,4,3,1,4,1,1,5,5,5,5,1,3.31,5,0,FALSE
Female,Disloyal Customer,32,Business Travel,Business,942,2,2,2,2,5,2,5,5,4,2,4,4,5,3.38,7,0,FALSE
Male,Disloyal Customer,45,Business Travel,Business,334,2,2,2,1,5,2,5,5,3,3,5,4,5,3.38,40,25,FALSE
Male,Loyal Customer,36,Business Travel,Eco Plus,419,2,5,5,5,2,2,2,2,1,2,1,3,2,2.62,0,0,TRUE
Female,Loyal Customer,46,Business Travel,Business,3962,5,5,5,5,2,4,5,4,4,4,4,4,3,4.15,114,106,TRUE
Male,Disloyal Customer,25,Business Travel,Eco,1211,4,4,4,4,5,4,5,5,1,3,3,2,5,3.77,0,0,FALSE
Female,Loyal Customer,56,Business Travel,Business,2615,5,5,5,5,4,4,4,4,4,5,5,4,4,4.46,0,0,TRUE
Female,Loyal Customer,39,Business Travel,Business,3853,4,4,4,4,4,2,2,4,4,4,4,2,2,3.38,50,47,TRUE
Male,Loyal Customer,44,Business Travel,Business,2992,1,1,1,1,5,4,4,4,4,4,4,3,3,3,0,0,TRUE
Female,Loyal Customer,43,Personal Travel,Eco,1211,1,1,0,2,5,3,2,3,3,0,4,1,2,2.08,0,0,FALSE
Female,Loyal Customer,44,Business Travel,Eco,1048,2,2,2,2,3,4,4,2,2,2,2,3,2,2.46,0,0,FALSE
Female,Loyal Customer,16,Personal Travel,Eco,332,4,1,4,2,4,4,4,4,1,1,2,3,4,2.92,0,0,FALSE
Female,Loyal Customer,70,Business Travel,Business,1294,4,4,4,4,1,4,3,4,4,4,4,3,4,3.62,16,0,FALSE
Female,Loyal Customer,54,Business Travel,Eco,1014,2,2,2,2,4,3,4,2,2,2,2,2,3,2.46,0,0,FALSE
Female,Loyal Customer,30,Business Travel,Business,247,5,5,5,5,4,4,4,4,3,1,2,4,4,3.85,0,0,TRUE
Male,Loyal Customer,32,Business Travel,Eco,190,2,3,4,3,2,2,2,2,3,2,2,2,2,2.38,23,17,FALSE
Female,Loyal Customer,29,Personal Travel,Eco,1310,2,4,2,2,1,2,1,1,3,5,5,5,1,2.62,46,57,FALSE
Male,Loyal Customer,42,Business Travel,Business,2721,5,5,5,5,3,4,4,1,1,2,1,4,4,3.38,0,0,TRUE
Female,Loyal Customer,41,Business Travel,Business,2165,2,2,2,2,5,3,4,4,4,4,4,1,3,3.08,12,10,TRUE
Female,Loyal Customer,36,Personal Travel,Eco,147,4,4,0,4,2,0,2,2,1,5,1,4,2,2.38,0,3,TRUE
Female,Disloyal Customer,36,Business Travel,Business,1892,3,3,3,4,3,3,1,3,4,2,4,3,3,3,0,1,FALSE
Male,Loyal Customer,41,Business Travel,Business,717,5,5,5,5,3,5,4,4,4,4,4,3,4,4.23,0,0,TRUE
Male,Loyal Customer,47,Business Travel,Business,2184,5,5,5,5,2,4,5,4,4,4,5,4,4,4.31,0,0,TRUE
Male,Disloyal Customer,35,Business Travel,Business,405,2,1,1,1,5,1,5,5,3,3,4,3,5,3,0,0,FALSE
Female,Loyal Customer,45,Business Travel,Business,273,4,4,4,4,4,5,4,5,5,5,5,4,3,4.31,0,0,TRUE
Female,Loyal Customer,51,Personal Travel,Eco,353,3,3,3,1,1,4,5,5,5,3,5,4,3,3.46,0,6,FALSE
Male,Loyal Customer,51,Personal Travel,Eco,239,3,4,3,4,4,3,4,4,4,2,4,4,4,3.62,1,0,FALSE
Male,Loyal Customer,23,Business Travel,Business,1546,4,1,3,3,4,4,4,4,1,1,3,2,4,2.92,119,109,FALSE
Male,Loyal Customer,51,Business Travel,Business,328,4,4,4,4,2,4,3,5,5,5,5,1,4,3.85,0,0,TRUE
Female,Loyal Customer,39,Business Travel,Business,323,3,3,3,3,4,4,4,4,2,5,5,4,4,3.69,148,147,TRUE
Male,Loyal Customer,10,Personal Travel,Eco,460,3,5,3,1,3,3,3,3,1,3,4,4,3,3,6,0,FALSE
Female,Loyal Customer,48,Business Travel,Business,3742,5,5,5,5,2,5,5,4,4,4,4,3,3,4.15,0,0,TRUE
Male,Loyal Customer,13,Personal Travel,Eco,101,4,4,4,4,2,4,2,2,4,1,4,1,2,2.92,0,0,FALSE
Female,Loyal Customer,28,Business Travel,Business,2677,5,5,5,5,5,5,5,5,3,4,3,1,5,4.31,0,0,TRUE
Male,Loyal Customer,69,Business Travel,Business,2558,2,5,5,5,5,2,2,2,2,2,2,4,3,3.15,85,80,FALSE
Male,Loyal Customer,19,Business Travel,Business,2475,3,1,1,1,3,3,3,2,2,4,4,3,3,2.54,4,0,FALSE
Male,Disloyal Customer,28,Business Travel,Business,406,2,2,2,2,5,2,5,5,4,2,4,5,5,3.46,0,0,FALSE
Male,Loyal Customer,50,Business Travel,Eco,759,2,5,5,5,2,2,2,2,4,2,2,4,2,3,0,0,FALSE
Male,Loyal Customer,40,Business Travel,Business,946,1,1,5,1,2,5,4,5,5,5,5,3,4,3.54,46,35,TRUE
Male,Loyal Customer,53,Personal Travel,Eco,2125,2,1,2,3,4,2,4,4,3,4,4,4,4,3.15,0,0,FALSE
Male,Loyal Customer,46,Business Travel,Business,2736,3,3,3,3,5,4,4,5,5,5,5,5,5,4.23,0,0,TRUE
Female,Loyal Customer,24,Personal Travel,Eco,240,4,5,0,4,2,0,2,2,4,2,5,3,2,2.69,3,0,FALSE
Male,Loyal Customer,59,Personal Travel,Eco,1123,4,5,4,5,2,4,2,2,3,3,3,5,2,3.38,22,19,FALSE
Female,Loyal Customer,58,Personal Travel,Eco,602,5,4,5,4,3,4,5,2,2,5,2,4,5,3.85,0,0,TRUE
Female,Disloyal Customer,25,Business Travel,Business,472,3,0,3,5,1,3,1,1,3,2,5,3,1,2.38,3,0,FALSE
Female,Disloyal Customer,25,Business Travel,Eco,811,0,0,0,4,2,0,2,2,2,2,1,5,2,1.69,0,5,TRUE
Female,Loyal Customer,39,Business Travel,Business,577,3,3,3,3,2,4,5,4,4,4,4,4,3,3.54,0,0,TRUE
Male,Loyal Customer,39,Personal Travel,Eco,315,3,5,4,3,2,4,2,2,3,3,5,3,2,3.15,9,6,FALSE
Male,Disloyal Customer,26,Business Travel,Business,271,3,4,3,4,5,3,5,5,4,2,5,3,5,3.92,4,4,FALSE
Female,Loyal Customer,28,Business Travel,Business,2702,5,5,1,5,4,4,4,4,5,2,5,3,4,3.92,16,6,TRUE
Female,Loyal Customer,66,Personal Travel,Eco,842,2,4,1,4,3,4,4,5,5,1,5,5,4,3.62,34,39,FALSE
Male,Disloyal Customer,20,Business Travel,Eco,222,2,2,2,3,2,2,2,2,3,4,3,3,2,2.46,0,0,FALSE
Male,Loyal Customer,31,Business Travel,Business,2026,2,2,2,2,2,2,2,2,3,5,3,5,2,2.62,25,21,TRUE
Female,Loyal Customer,19,Personal Travel,Eco,239,3,4,3,1,5,3,5,5,5,1,5,5,5,3.85,34,35,FALSE
Male,Loyal Customer,32,Business Travel,Business,3390,1,1,1,1,1,1,1,1,1,2,4,4,1,1.54,0,0,FALSE
Male,Loyal Customer,62,Personal Travel,Eco,1744,2,1,2,3,1,2,5,1,4,3,2,3,1,2.31,0,0,FALSE
Male,Disloyal Customer,34,Business Travel,Business,373,2,2,2,3,4,2,4,4,5,5,5,4,4,3.54,0,0,FALSE
Male,Loyal Customer,35,Business Travel,Business,2539,2,3,3,3,1,2,2,2,2,2,2,1,2,2.08,29,32,FALSE
Male,Loyal Customer,16,Business Travel,Business,2655,3,3,3,3,2,2,2,2,5,5,5,4,2,3.15,0,50,TRUE
Female,Loyal Customer,7,Personal Travel,Eco,2486,2,5,2,2,3,2,3,3,2,5,4,1,3,2.85,23,17,FALSE
Female,Loyal Customer,20,Personal Travel,Eco Plus,1597,3,5,3,3,3,3,3,3,4,4,3,3,3,3.31,35,11,FALSE
Female,Loyal Customer,43,Business Travel,Business,1325,4,3,4,4,5,4,4,4,4,4,4,5,3,4,0,0,TRUE
Male,Loyal Customer,16,Personal Travel,Eco,1497,2,5,1,2,3,1,3,3,5,3,4,4,3,3,11,0,FALSE
Female,Loyal Customer,28,Business Travel,Business,2048,3,3,3,3,4,4,4,4,3,3,5,5,4,3.69,21,13,TRUE
Female,Loyal Customer,59,Business Travel,Business,447,5,5,5,5,4,4,4,5,5,5,5,4,4,4.62,1,0,TRUE
Male,Loyal Customer,44,Business Travel,Business,2401,1,1,1,1,5,4,4,4,4,4,4,3,4,3.08,2,2,TRUE
Female,Loyal Customer,61,Personal Travel,Business,1076,4,5,5,3,2,4,4,2,2,5,2,5,5,3.69,3,84,FALSE
Male,Loyal Customer,28,Business Travel,Business,551,1,1,5,1,5,5,5,5,3,2,4,3,5,3.46,30,21,TRUE
Male,Loyal Customer,29,Business Travel,Business,1481,5,5,5,5,4,4,4,4,4,4,4,3,4,4.23,0,0,TRUE
Female,Loyal Customer,39,Business Travel,Business,2949,2,2,5,2,5,5,5,4,4,4,4,5,3,3.85,0,0,TRUE
Male,Loyal Customer,39,Business Travel,Business,201,4,4,4,4,2,4,5,4,4,4,5,4,5,4.08,21,41,TRUE
Male,Loyal Customer,47,Business Travel,Business,2565,4,2,4,4,4,4,4,4,1,4,4,4,4,3.62,0,0,FALSE
Male,Loyal Customer,77,Business Travel,Eco Plus,700,2,4,4,4,2,2,2,2,2,3,3,2,2,2.62,0,0,FALSE
Female,Loyal Customer,33,Personal Travel,Eco,1134,1,4,1,1,1,1,1,1,4,2,3,5,1,2,39,31,FALSE
Female,Loyal Customer,57,Business Travel,Business,3575,1,1,1,1,2,4,5,5,5,5,5,3,4,3.23,17,9,TRUE
Male,Loyal Customer,44,Personal Travel,Business,594,4,5,5,2,1,3,4,4,4,5,4,3,4,3.69,37,37,FALSE
Female,Loyal Customer,61,Personal Travel,Eco,106,3,4,3,4,2,1,1,5,5,3,5,1,1,2.92,50,51,FALSE
Female,Loyal Customer,29,Business Travel,Business,2500,5,5,5,5,3,3,3,3,4,3,5,3,3,3.85,5,39,TRUE
Female,Loyal Customer,54,Business Travel,Business,258,1,1,1,1,5,5,5,5,5,5,5,3,5,3.62,0,0,TRUE
Female,Loyal Customer,45,Business Travel,Business,1609,3,3,3,3,2,5,4,5,5,5,5,5,4,4,18,0,TRUE
Male,Loyal Customer,55,Business Travel,Business,2237,3,3,3,3,3,4,4,5,5,5,5,3,4,3.85,33,25,TRUE
Male,Disloyal Customer,45,Business Travel,Business,406,4,4,4,1,4,4,4,4,4,3,4,5,4,3.77,34,27,FALSE
Male,Loyal Customer,57,Business Travel,Business,432,4,3,3,3,5,3,4,4,4,4,4,3,3,3.62,0,0,FALSE
Female,Loyal Customer,49,Business Travel,Eco Plus,288,2,1,1,1,1,3,3,2,2,2,2,3,1,1.85,0,0,FALSE
Female,Disloyal Customer,21,Business Travel,Eco,761,3,3,3,4,1,3,1,1,2,2,3,4,1,2.38,5,4,FALSE
Male,Loyal Customer,38,Business Travel,Business,337,1,1,5,1,3,4,5,3,3,4,3,3,3,3,42,32,TRUE
Female,Loyal Customer,40,Business Travel,Eco,488,4,2,2,2,4,4,4,4,1,2,4,2,4,3,2,0,TRUE
Male,Loyal Customer,16,Business Travel,Eco Plus,371,3,1,1,1,3,3,1,3,4,1,3,4,3,2.38,12,7,FALSE
Female,Loyal Customer,64,Personal Travel,Eco Plus,682,1,4,1,3,3,5,4,2,2,1,2,3,4,2.69,0,0,FALSE
Male,Disloyal Customer,41,Business Travel,Business,1400,3,3,3,3,3,3,3,3,3,4,5,3,3,3.23,276,265,FALSE
Male,Loyal Customer,40,Personal Travel,Eco Plus,587,2,4,2,2,1,2,1,1,5,3,5,5,1,2.62,0,3,FALSE
Female,Loyal Customer,49,Business Travel,Business,3890,4,4,4,4,4,4,5,4,4,4,4,3,3,3.92,59,39,TRUE
Female,Loyal Customer,55,Personal Travel,Eco,448,1,2,1,3,4,3,4,3,3,1,3,1,2,2.38,3,0,FALSE
Female,Loyal Customer,53,Business Travel,Business,1920,3,3,3,3,3,4,4,4,4,4,4,4,5,3.69,41,34,TRUE
Female,Loyal Customer,32,Personal Travel,Eco,842,3,5,3,1,2,3,2,2,5,5,1,4,2,2.92,0,9,FALSE
Female,Loyal Customer,43,Business Travel,Business,101,1,1,1,1,4,5,5,4,4,4,3,3,4,3.08,5,13,TRUE
Female,Loyal Customer,27,Business Travel,Business,3095,4,4,2,4,5,5,5,3,2,3,4,5,5,3.92,182,388,TRUE
Male,Loyal Customer,40,Business Travel,Business,2402,3,3,3,3,3,4,4,4,4,4,4,4,5,3.69,0,0,TRUE
Female,Loyal Customer,62,Personal Travel,Eco,328,3,3,3,3,5,4,3,5,5,3,5,4,2,3.69,32,28,FALSE
Male,Loyal Customer,50,Personal Travel,Eco,241,2,1,2,4,3,2,3,3,3,2,4,4,3,2.77,13,8,FALSE
Male,Loyal Customer,31,Personal Travel,Eco,2279,2,4,1,2,4,1,4,4,3,5,5,4,4,3.31,0,0,FALSE
Female,Disloyal Customer,27,Business Travel,Eco,531,2,3,3,2,2,3,2,2,4,1,2,4,2,2.46,56,54,FALSE
Female,Loyal Customer,9,Personal Travel,Eco Plus,306,2,4,2,3,1,2,4,1,3,2,3,4,1,2.46,0,0,FALSE
Female,Disloyal Customer,61,Business Travel,Eco,309,1,4,1,4,4,1,4,4,1,2,3,1,4,2.62,0,0,FALSE
Male,Disloyal Customer,29,Business Travel,Eco,413,5,0,5,4,3,5,3,3,3,1,4,1,3,3.08,0,0,TRUE
Male,Loyal Customer,33,Personal Travel,Eco,669,4,4,4,2,3,4,3,3,5,4,4,4,3,3.62,14,2,FALSE
Male,Loyal Customer,50,Business Travel,Business,2187,5,5,5,5,2,5,4,5,5,5,5,5,3,4.54,0,2,TRUE
Male,Loyal Customer,65,Personal Travel,Eco,937,1,4,0,4,1,0,1,1,4,2,4,3,1,2,6,1,FALSE
Male,Loyal Customer,51,Business Travel,Business,3131,2,2,2,2,3,5,5,4,4,4,4,3,4,3.38,0,0,TRUE
Male,Loyal Customer,64,Personal Travel,Eco,419,1,5,4,1,3,4,3,3,3,4,1,1,3,2.77,0,0,FALSE
Male,Loyal Customer,38,Personal Travel,Eco Plus,657,2,4,2,4,2,2,4,2,3,5,3,4,2,3,0,0,FALSE
Male,Disloyal Customer,64,Business Travel,Business,383,3,3,3,2,2,3,2,2,4,5,5,5,2,3.15,0,0,FALSE
Male,Loyal Customer,47,Business Travel,Business,1705,2,2,2,2,4,3,5,5,5,5,5,3,3,3.54,0,0,TRUE
Female,Loyal Customer,49,Personal Travel,Eco,413,3,5,3,4,4,4,5,1,1,3,1,4,4,3.23,15,20,FALSE
Female,Loyal Customer,59,Business Travel,Business,583,3,2,2,2,4,2,2,3,3,3,3,1,4,2.62,0,7,FALSE
Female,Loyal Customer,23,Personal Travel,Eco,488,2,5,2,4,5,2,5,5,5,5,4,3,5,4,1,0,FALSE
Male,Loyal Customer,39,Business Travel,Business,3093,2,4,2,2,3,2,3,5,5,5,5,3,3,3.38,0,0,TRUE
Male,Loyal Customer,62,Business Travel,Business,3517,4,4,4,4,5,5,5,3,4,1,5,5,5,4.15,172,171,TRUE
Male,Loyal Customer,37,Personal Travel,Eco,1034,2,5,2,5,1,2,1,1,3,4,5,3,1,2.69,0,0,FALSE
Female,Loyal Customer,56,Personal Travel,Business,1746,2,0,2,1,3,5,4,2,2,2,2,1,1,2.08,0,0,FALSE
Female,Loyal Customer,63,Personal Travel,Eco,447,3,4,3,5,3,4,5,5,5,3,3,4,3,3.85,0,0,FALSE
Female,Loyal Customer,42,Business Travel,Eco,611,4,4,4,4,3,3,4,4,4,4,4,3,4,3.77,83,71,FALSE
Female,Loyal Customer,25,Business Travel,Eco Plus,1533,4,4,4,4,4,4,5,4,2,4,1,5,4,3.77,0,6,TRUE
Male,Loyal Customer,46,Business Travel,Eco,163,1,2,2,2,1,1,1,1,2,3,3,4,1,1.85,0,0,FALSE
Female,Loyal Customer,49,Business Travel,Business,3272,2,2,2,2,2,4,4,4,4,5,4,3,4,3.23,17,0,TRUE
Male,Loyal Customer,67,Personal Travel,Eco Plus,488,3,0,3,3,3,3,1,3,4,4,3,2,3,2.69,0,0,FALSE
Female,Loyal Customer,25,Personal Travel,Eco,134,2,2,2,3,5,2,1,5,4,2,4,3,5,3.08,23,26,FALSE
Female,Loyal Customer,54,Business Travel,Business,649,5,5,5,5,2,4,5,4,4,5,4,5,5,4.46,1,0,TRUE
Male,Loyal Customer,59,Business Travel,Business,406,3,4,4,4,3,3,3,4,4,4,4,3,3,3.54,258,262,FALSE
Female,Disloyal Customer,42,Business Travel,Business,853,1,1,1,1,2,1,2,2,5,5,4,5,2,2.46,3,0,FALSE
Male,Loyal Customer,34,Personal Travel,Eco,1208,4,3,4,4,3,4,3,3,3,2,4,3,3,3.31,0,0,FALSE
Male,Loyal Customer,20,Personal Travel,Eco,241,1,5,1,2,2,1,1,2,5,3,4,1,2,2.31,0,0,FALSE
Female,Disloyal Customer,55,Business Travel,Eco,109,2,4,2,1,5,2,5,5,4,2,4,4,5,3.46,0,0,FALSE
Female,Disloyal Customer,34,Business Travel,Business,309,2,2,2,1,3,2,3,3,4,3,4,3,3,2.69,33,21,FALSE
Male,Loyal Customer,41,Business Travel,Eco Plus,362,4,4,4,4,4,4,4,4,2,5,4,1,4,3.69,18,12,TRUE
Female,Loyal Customer,59,Business Travel,Business,2709,1,4,4,4,1,2,2,1,1,1,1,4,1,2.08,43,36,FALSE
Male,Disloyal Customer,30,Business Travel,Business,680,2,2,2,3,1,2,1,1,3,4,5,5,1,2.46,0,0,FALSE
Male,Loyal Customer,58,Business Travel,Business,231,2,2,2,2,5,4,3,4,4,4,4,3,2,3.15,0,0,TRUE
Female,Loyal Customer,58,Business Travel,Eco,697,5,3,3,3,2,1,3,5,5,5,5,2,3,3.46,0,13,TRUE
Male,Loyal Customer,26,Business Travel,Business,3294,5,5,3,5,4,4,4,4,1,5,4,1,4,3.77,19,12,TRUE
Female,Disloyal Customer,24,Business Travel,Business,227,4,0,4,3,3,4,2,3,3,4,4,5,3,3.23,21,58,TRUE
Female,Loyal Customer,36,Business Travel,Business,373,3,1,1,1,1,3,3,3,3,3,3,1,3,2.23,0,0,FALSE
Male,Loyal Customer,39,Business Travel,Business,577,5,5,5,5,3,5,4,3,3,3,3,3,5,4,0,0,TRUE
Female,Disloyal Customer,39,Business Travel,Business,957,4,4,4,4,3,4,3,3,4,2,4,5,3,3.62,3,0,FALSE
Male,Disloyal Customer,39,Business Travel,Business,2475,1,1,1,1,4,1,4,4,4,4,3,4,4,2.77,0,0,FALSE
Female,Loyal Customer,30,Business Travel,Business,641,3,3,3,3,4,4,4,4,2,3,3,2,4,3.23,3,0,TRUE
Male,Loyal Customer,59,Personal Travel,Eco Plus,820,1,3,1,3,4,1,4,4,2,4,2,2,4,2.69,66,59,FALSE
Male,Loyal Customer,24,Personal Travel,Eco,813,4,2,4,2,1,4,1,1,1,1,2,4,1,2.15,39,42,FALSE
Female,Loyal Customer,40,Business Travel,Eco,543,3,1,1,1,3,3,3,3,4,3,3,2,3,2.54,2,0,FALSE
Male,Loyal Customer,12,Personal Travel,Eco,331,3,5,3,3,5,3,5,5,5,3,3,5,5,4.08,0,0,FALSE
Male,Loyal Customer,45,Business Travel,Eco,232,3,3,3,3,3,3,3,3,1,5,3,2,3,2.92,0,0,FALSE
Female,Loyal Customer,16,Personal Travel,Eco,1609,3,5,3,1,1,3,1,1,5,4,5,3,1,2.77,0,0,FALSE
Female,Loyal Customer,72,Business Travel,Business,1721,2,2,2,2,5,4,5,5,5,5,4,3,5,3.77,0,0,TRUE
Female,Loyal Customer,52,Business Travel,Business,1601,4,4,4,4,4,5,5,4,4,5,4,5,4,4.31,0,0,TRUE
Male,Loyal Customer,47,Business Travel,Eco,429,4,1,1,1,4,4,4,4,2,5,4,2,4,3.08,0,0,TRUE
Female,Loyal Customer,38,Business Travel,Business,2801,2,2,2,2,5,4,4,2,2,2,2,4,3,2.77,0,7,FALSE
Female,Disloyal Customer,17,Business Travel,Eco,530,4,0,4,4,5,4,5,5,4,5,5,3,5,4.08,0,3,TRUE
Male,Loyal Customer,60,Personal Travel,Eco,185,1,1,1,2,4,1,2,4,1,3,3,1,4,2.15,0,14,FALSE
Male,Loyal Customer,31,Business Travel,Business,3389,4,4,2,4,5,5,5,5,4,5,5,3,5,4.31,22,31,TRUE
Female,Disloyal Customer,22,Business Travel,Eco,187,1,5,1,4,3,1,3,3,4,2,4,1,3,2.69,0,0,FALSE
Male,Disloyal Customer,44,Business Travel,Business,1171,2,2,2,3,1,2,4,1,1,5,4,1,1,2.23,114,115,FALSE
Female,Loyal Customer,51,Business Travel,Eco,542,5,3,2,2,3,4,5,5,5,5,5,1,5,3.85,0,3,TRUE
Male,Loyal Customer,15,Personal Travel,Business,2504,3,5,3,2,3,2,2,5,4,5,5,2,2,3.31,0,3,FALSE
Male,Loyal Customer,49,Business Travel,Business,3696,2,2,2,2,4,4,4,4,4,4,4,4,5,3.46,10,0,TRUE
Male,Loyal Customer,54,Business Travel,Eco,390,2,1,1,1,2,2,2,2,2,5,3,4,2,2.23,48,38,FALSE
Male,Loyal Customer,28,Business Travel,Business,3081,3,4,3,4,3,3,3,3,2,3,4,3,3,3.15,90,80,FALSE
Male,Loyal Customer,50,Business Travel,Business,430,3,2,3,3,4,5,4,5,5,5,5,4,3,3.92,0,0,TRUE
Female,Loyal Customer,36,Personal Travel,Business,188,4,1,4,2,1,3,2,2,2,4,2,2,2,2.38,0,0,TRUE
Female,Loyal Customer,27,Business Travel,Business,3955,4,4,4,4,5,5,5,5,4,5,5,5,5,4.62,0,4,TRUE
Male,Loyal Customer,47,Business Travel,Business,3248,1,5,5,5,5,4,4,1,1,1,1,2,2,2.85,12,12,FALSE
Female,Loyal Customer,56,Business Travel,Eco,1024,5,3,3,3,3,2,2,5,5,5,5,4,1,3.54,0,0,TRUE
Female,Loyal Customer,23,Personal Travel,Eco,328,2,0,2,3,5,2,5,5,1,2,2,2,5,2.77,0,0,FALSE
Male,Disloyal Customer,44,Business Travel,Eco,406,3,2,3,3,4,3,4,4,4,3,3,1,4,3.15,0,0,FALSE
Male,Loyal Customer,36,Personal Travel,Eco,781,4,5,4,5,4,5,5,3,5,5,5,5,5,4.62,212,221,FALSE
Female,Loyal Customer,26,Personal Travel,Eco,362,1,5,1,1,4,1,4,4,3,4,5,4,4,3.15,7,3,FALSE
Female,Disloyal Customer,34,Business Travel,Business,1671,4,4,4,3,1,4,1,1,3,5,3,3,1,2.85,1,2,FALSE
Male,Loyal Customer,7,Personal Travel,Eco,944,2,1,2,3,4,2,4,4,3,2,3,2,4,2.77,1,0,FALSE
Female,Loyal Customer,17,Personal Travel,Eco,926,5,4,5,2,4,5,4,4,1,2,2,1,4,3.31,0,0,TRUE
Male,Loyal Customer,47,Business Travel,Business,1916,5,5,5,5,4,4,5,5,5,5,5,3,4,4.62,2,0,TRUE
Male,Loyal Customer,47,Business Travel,Business,3075,4,4,4,4,4,4,4,3,3,4,4,4,4,3.85,165,162,TRUE
Male,Loyal Customer,35,Business Travel,Business,1746,2,2,2,2,3,4,4,4,4,4,4,5,5,3.46,0,0,TRUE
Female,Loyal Customer,64,Business Travel,Business,1984,2,4,4,4,2,2,2,3,1,2,3,2,2,2.54,152,129,FALSE
Female,Loyal Customer,40,Business Travel,Business,2400,4,4,3,4,2,4,2,2,2,2,2,3,1,2.69,0,0,TRUE
Female,Loyal Customer,56,Business Travel,Eco Plus,644,3,1,1,1,4,4,3,3,3,3,3,1,4,2.62,28,15,FALSE
Male,Loyal Customer,28,Business Travel,Business,2680,4,4,4,4,4,5,4,4,5,4,4,4,4,4.15,1,0,TRUE
Female,Loyal Customer,18,Personal Travel,Eco,577,3,4,3,4,4,3,4,4,5,3,4,3,4,3.69,0,0,FALSE
Female,Loyal Customer,30,Business Travel,Business,2021,4,4,4,4,5,5,5,5,4,4,4,3,5,4.31,0,0,TRUE
Male,Loyal Customer,44,Business Travel,Business,925,1,1,4,1,4,5,5,4,4,4,4,4,3,3.38,20,22,TRUE
Female,Disloyal Customer,23,Business Travel,Eco,712,1,1,1,2,2,1,2,2,1,2,3,1,2,1.62,0,0,FALSE
Female,Loyal Customer,53,Business Travel,Business,3640,5,5,5,5,2,5,5,5,5,5,5,4,5,4.69,0,5,TRUE
Female,Loyal Customer,22,Business Travel,Business,3927,5,5,2,5,4,4,4,4,4,2,5,5,4,4.08,0,0,TRUE
Female,Disloyal Customer,30,Business Travel,Business,853,3,3,3,4,4,3,4,4,3,5,5,5,4,3.85,12,9,FALSE
Female,Loyal Customer,42,Personal Travel,Eco,512,4,5,4,3,3,2,3,3,3,4,2,1,4,3.15,0,0,FALSE
Female,Loyal Customer,8,Personal Travel,Eco,197,2,4,2,3,4,2,4,4,4,3,5,4,4,3.46,0,1,FALSE
Female,Loyal Customer,20,Business Travel,Business,551,1,1,1,1,3,4,3,3,2,3,3,1,3,2.23,0,0,TRUE
Female,Loyal Customer,71,Business Travel,Business,3180,5,5,3,5,4,4,5,5,5,5,5,1,3,4.23,0,0,TRUE
Female,Loyal Customer,38,Business Travel,Eco,1448,3,4,4,4,3,3,3,3,4,2,5,2,3,3.31,0,0,TRUE
Female,Loyal Customer,49,Business Travel,Business,3200,0,0,0,3,2,4,5,3,3,2,2,3,4,2.38,0,0,TRUE
Male,Loyal Customer,27,Business Travel,Business,2486,1,0,0,3,5,0,5,5,4,4,2,1,5,2.69,0,0,FALSE
Female,Disloyal Customer,22,Business Travel,Eco,787,1,1,1,3,4,1,3,4,3,3,3,1,4,2.46,0,0,FALSE
Male,Loyal Customer,48,Personal Travel,Eco,919,1,4,1,2,2,1,2,2,5,5,4,3,2,2.62,0,0,FALSE
Female,Disloyal Customer,22,Business Travel,Eco,130,2,4,2,3,2,2,1,2,3,4,3,2,2,2.46,5,1,FALSE
Male,Loyal Customer,16,Personal Travel,Eco,1096,2,3,2,3,4,2,4,4,3,3,4,3,4,3.15,0,0,FALSE
Male,Loyal Customer,37,Business Travel,Eco,261,5,1,1,1,5,5,5,5,1,3,5,5,5,3.62,0,10,TRUE
Female,Disloyal Customer,22,Business Travel,Eco,837,2,3,3,3,1,3,1,1,3,2,4,5,1,2.46,0,0,FALSE
Female,Loyal Customer,22,Business Travel,Business,1617,2,5,5,5,2,2,2,2,2,1,3,4,2,2.85,78,68,FALSE
Female,Loyal Customer,69,Personal Travel,Eco,546,1,1,1,2,2,2,2,3,3,1,3,4,3,2.15,13,20,FALSE
Female,Disloyal Customer,36,Business Travel,Eco,525,1,0,1,3,3,1,3,3,2,5,2,5,3,2.46,7,3,FALSE
Male,Disloyal Customer,27,Business Travel,Eco,579,4,4,4,1,3,4,3,3,3,3,2,3,3,3.08,0,3,TRUE
Male,Loyal Customer,35,Business Travel,Business,3526,2,2,2,2,2,2,2,1,3,2,2,2,2,2,178,190,FALSE
Male,Loyal Customer,66,Personal Travel,Eco,436,2,5,2,5,3,2,3,3,4,2,5,3,3,3.23,0,6,FALSE
Male,Disloyal Customer,17,Business Travel,Eco,1042,4,4,4,3,4,4,4,4,3,1,4,4,4,3.62,0,0,FALSE
Male,Loyal Customer,41,Business Travel,Business,862,2,2,2,2,5,5,4,5,5,5,5,3,3,3.69,0,0,TRUE
Male,Loyal Customer,57,Business Travel,Business,1990,4,4,3,4,4,4,4,5,5,5,5,5,4,4.31,0,0,TRUE
Female,Loyal Customer,55,Personal Travel,Eco,1521,1,4,1,4,5,4,3,1,1,1,1,3,1,2.31,0,0,FALSE
Female,Loyal Customer,41,Business Travel,Business,229,1,1,1,1,5,5,5,5,5,5,5,4,4,3.62,0,0,TRUE
Female,Disloyal Customer,22,Business Travel,Eco,143,2,3,2,3,3,2,3,3,4,3,4,1,3,2.77,0,0,FALSE
Female,Loyal Customer,45,Business Travel,Business,853,5,5,5,5,2,4,5,4,4,4,4,3,4,4.15,40,8,TRUE
Male,Disloyal Customer,26,Business Travel,Business,594,5,4,4,2,4,4,4,4,3,3,4,3,4,3.69,0,0,TRUE
Male,Loyal Customer,50,Personal Travel,Eco Plus,453,3,5,3,4,2,3,2,2,3,2,1,3,2,2.69,0,0,FALSE
Female,Loyal Customer,43,Business Travel,Eco,268,2,3,3,3,5,4,3,2,2,2,2,3,2,2.77,0,0,FALSE
Male,Loyal Customer,34,Personal Travel,Business,391,3,5,3,4,3,4,5,1,1,3,1,3,4,3.08,25,25,FALSE
Male,Loyal Customer,49,Personal Travel,Eco,1363,3,4,3,1,5,3,5,5,4,4,3,5,5,3.85,2,0,FALSE
Female,Loyal Customer,47,Business Travel,Business,515,4,4,2,4,4,4,4,5,5,5,5,4,4,4.15,0,0,TRUE
Female,Loyal Customer,46,Personal Travel,Eco,196,1,5,1,3,5,4,2,4,4,1,3,1,1,2.69,75,76,FALSE
Female,Loyal Customer,43,Business Travel,Business,1638,1,1,3,1,4,4,4,4,3,5,5,4,4,3.31,94,134,TRUE
Female,Loyal Customer,56,Personal Travel,Eco,376,1,5,5,1,2,5,5,5,5,5,5,3,4,3.92,0,0,FALSE
Female,Loyal Customer,48,Business Travel,Business,327,2,2,2,2,4,5,5,4,4,4,4,3,3,3.38,12,7,TRUE
Male,Loyal Customer,50,Personal Travel,Eco,429,3,0,3,5,3,3,3,3,5,5,5,5,3,3.54,0,0,FALSE
Female,Loyal Customer,60,Business Travel,Business,1416,1,1,1,1,2,2,2,1,1,1,1,4,4,1.69,11,0,FALSE
Female,Loyal Customer,7,Personal Travel,Eco,472,3,0,3,2,5,3,5,5,4,4,4,3,5,3.54,0,13,FALSE
Male,Loyal Customer,53,Personal Travel,Eco,1290,2,4,3,2,2,3,5,2,5,4,3,3,2,3.08,0,10,FALSE
Female,Loyal Customer,46,Personal Travel,Eco,544,4,5,4,2,1,1,3,4,4,4,4,5,4,3.46,0,0,FALSE
Female,Disloyal Customer,22,Business Travel,Eco,1416,3,2,2,3,5,3,5,5,4,2,5,5,5,3.77,0,17,FALSE
Female,Disloyal Customer,40,Business Travel,Business,106,5,5,5,3,1,5,1,1,1,5,4,4,1,3.15,0,0,TRUE
Female,Loyal Customer,33,Business Travel,Business,2462,2,1,2,2,3,5,2,4,4,4,4,4,4,3.15,0,0,TRUE
Male,Loyal Customer,28,Personal Travel,Eco,507,2,4,2,5,1,2,1,1,4,3,4,3,1,2.54,7,12,FALSE
Female,Loyal Customer,43,Personal Travel,Eco,546,2,4,2,4,5,3,3,1,1,2,3,1,1,2.46,41,45,FALSE
Male,Disloyal Customer,24,Business Travel,Business,271,5,0,5,1,1,5,1,1,3,2,4,3,1,2.46,0,0,TRUE
Male,Disloyal Customer,43,Business Travel,Eco,397,4,3,4,3,2,4,2,2,3,5,3,4,2,3.15,0,6,FALSE
Female,Disloyal Customer,26,Business Travel,Eco,376,2,0,2,4,2,2,2,2,2,1,1,2,2,1.85,0,0,FALSE
Male,Loyal Customer,34,Personal Travel,Eco,693,2,4,2,2,2,2,2,2,3,3,5,3,2,2.62,0,0,FALSE
Male,Loyal Customer,8,Personal Travel,Eco,2586,1,4,1,1,4,1,4,4,4,4,4,4,4,3.08,0,0,FALSE
Male,Loyal Customer,59,Business Travel,Eco,409,1,4,4,4,1,1,1,1,3,4,4,1,1,2.31,0,7,FALSE
Male,Disloyal Customer,22,Business Travel,Eco,214,0,0,0,5,4,0,2,4,5,4,5,5,4,2.92,1,0,TRUE
Male,Loyal Customer,60,Business Travel,Business,3657,1,1,1,1,4,4,4,4,4,4,4,4,3,3,0,0,TRUE
Female,Loyal Customer,46,Business Travel,Business,3540,3,3,5,3,2,4,5,4,4,4,4,3,3,3.62,0,0,TRUE
Male,Loyal Customer,12,Personal Travel,Eco,2556,3,2,3,4,3,4,4,4,2,3,3,4,4,3.31,0,0,FALSE
Male,Loyal Customer,44,Business Travel,Eco,1306,3,1,1,1,3,3,3,3,3,4,2,3,3,2.54,80,73,FALSE
Male,Loyal Customer,44,Business Travel,Business,2069,3,3,3,3,4,5,5,2,2,2,2,3,5,3.23,5,47,TRUE
Male,Disloyal Customer,37,Business Travel,Eco,812,2,2,2,5,5,2,5,5,4,3,2,4,5,3.54,104,88,FALSE
Male,Loyal Customer,70,Business Travel,Business,1696,3,3,3,3,3,5,5,3,3,3,3,3,3,3.31,0,0,TRUE
Female,Loyal Customer,38,Business Travel,Business,474,5,5,5,5,1,1,3,4,4,4,4,2,5,3.69,0,5,TRUE
Female,Loyal Customer,55,Personal Travel,Eco,814,3,4,3,3,2,1,4,5,5,3,5,4,4,3.54,13,0,FALSE
Female,Loyal Customer,41,Personal Travel,Eco,391,3,3,3,3,5,3,5,5,4,3,1,2,5,3.46,0,0,FALSE
Male,Loyal Customer,11,Personal Travel,Eco,235,5,5,5,3,1,5,1,1,4,4,5,3,1,3.31,88,73,TRUE
Male,Loyal Customer,52,Personal Travel,Eco Plus,404,2,4,5,3,4,5,4,4,4,4,5,5,4,4.08,0,0,FALSE
Female,Loyal Customer,68,Personal Travel,Eco,808,3,5,3,4,1,3,3,5,5,3,4,5,4,3.69,0,0,FALSE
Male,Disloyal Customer,34,Business Travel,Business,569,1,1,1,5,4,1,4,4,3,3,4,5,4,3.08,0,0,FALSE
Female,Loyal Customer,53,Personal Travel,Eco,696,1,3,1,4,1,4,4,2,2,1,5,3,2,2.54,0,0,FALSE
Female,Loyal Customer,51,Business Travel,Business,2165,5,5,5,5,3,5,5,5,5,5,5,3,3,4.54,0,5,TRUE
Female,Loyal Customer,63,Personal Travel,Eco Plus,212,1,2,1,4,2,3,3,1,1,1,1,4,1,1.92,0,0,FALSE
Female,Loyal Customer,27,Business Travel,Business,1044,4,4,4,4,5,5,5,5,4,2,4,3,5,4.15,0,0,TRUE
Female,Disloyal Customer,30,Business Travel,Business,2125,2,2,2,2,5,2,5,5,3,4,4,4,5,3.46,0,4,FALSE
Male,Loyal Customer,47,Personal Travel,Eco,930,1,3,0,3,5,0,5,5,2,1,3,1,5,2.62,0,0,FALSE
Female,Loyal Customer,62,Personal Travel,Eco,89,2,5,2,5,4,5,5,1,1,2,1,5,4,3.23,61,52,FALSE
Male,Loyal Customer,29,Business Travel,Business,2288,4,3,3,3,4,4,4,1,5,2,4,4,4,3.46,2,10,FALSE
Female,Loyal Customer,38,Business Travel,Eco Plus,458,2,4,2,4,2,1,2,2,3,5,4,4,2,2.85,0,0,FALSE
Female,Disloyal Customer,27,Business Travel,Eco,811,4,3,3,3,5,3,5,5,1,4,3,4,5,3.69,2,0,FALSE
Female,Loyal Customer,58,Business Travel,Eco,588,4,1,1,1,1,4,2,5,5,4,5,4,1,2.92,0,0,TRUE
Male,Loyal Customer,51,Business Travel,Business,1597,3,3,3,3,3,5,4,5,5,5,5,5,3,4,0,31,TRUE
Male,Loyal Customer,22,Personal Travel,Eco,990,4,5,4,1,4,5,5,2,3,4,2,5,5,3.77,243,267,FALSE
Female,Loyal Customer,58,Business Travel,Business,967,1,1,1,1,4,4,5,1,1,2,1,3,3,2.15,0,6,TRUE
Female,Loyal Customer,31,Business Travel,Business,236,5,5,5,5,5,5,5,5,4,2,4,5,5,4.62,0,0,TRUE
Male,Disloyal Customer,41,Business Travel,Eco,114,3,4,3,3,4,3,4,4,2,2,3,3,4,3.23,0,0,FALSE
Female,Loyal Customer,47,Personal Travel,Eco,861,2,5,2,3,5,4,5,4,4,2,4,3,5,3.69,100,120,FALSE
Male,Loyal Customer,10,Personal Travel,Eco,581,3,4,3,1,4,3,4,4,3,4,5,5,4,3.62,0,0,FALSE
Female,Loyal Customer,51,Business Travel,Business,569,2,2,2,2,3,5,5,4,4,4,4,5,4,3.54,0,0,TRUE
Female,Loyal Customer,16,Personal Travel,Eco Plus,342,2,4,2,4,4,2,4,4,4,2,5,5,4,3.54,0,9,FALSE
Male,Disloyal Customer,26,Business Travel,Eco,448,1,1,2,3,5,2,5,5,2,5,3,3,5,3.23,66,59,FALSE
Male,Disloyal Customer,40,Business Travel,Eco,212,3,5,3,3,3,3,3,3,1,3,5,3,3,3.15,2,0,FALSE
Male,Loyal Customer,43,Personal Travel,Eco,758,1,5,1,2,4,1,4,4,4,4,5,4,4,3.31,7,3,FALSE
Female,Loyal Customer,7,Personal Travel,Eco,337,3,5,3,3,3,3,3,3,3,1,2,4,3,3,50,58,FALSE
Male,Disloyal Customer,46,Business Travel,Business,967,2,2,2,3,2,2,2,2,5,5,4,3,2,2.77,29,44,FALSE
Female,Loyal Customer,35,Personal Travel,Eco,631,3,3,3,2,4,3,4,4,4,5,5,2,4,3.54,20,11,FALSE
Female,Loyal Customer,54,Business Travel,Business,1587,5,5,5,5,3,5,4,4,4,5,4,3,4,4.31,0,0,TRUE
Male,Loyal Customer,59,Business Travel,Business,3979,4,4,3,4,4,4,4,5,5,5,5,5,3,4.23,0,8,TRUE
Male,Loyal Customer,40,Personal Travel,Business,271,2,5,2,2,5,4,1,1,1,2,1,3,2,2.38,3,0,FALSE
Female,Loyal Customer,30,Business Travel,Business,368,2,1,1,1,2,2,2,2,4,3,1,2,2,1.92,0,0,FALSE
Male,Loyal Customer,44,Business Travel,Business,1460,3,1,3,3,3,4,5,4,4,5,4,5,4,3.69,0,0,TRUE
Male,Loyal Customer,53,Business Travel,Business,3401,2,2,4,2,3,5,5,5,5,5,5,3,3,3.77,0,0,TRUE
Female,Disloyal Customer,21,Business Travel,Eco,854,1,1,1,4,5,1,5,5,4,3,4,3,5,3.23,0,5,FALSE
Female,Loyal Customer,35,Business Travel,Business,2601,4,4,4,4,1,5,2,4,4,4,4,4,4,3.69,0,0,TRUE
Female,Disloyal Customer,31,Business Travel,Eco,1979,3,4,4,3,1,3,1,1,3,5,4,1,1,2.62,21,0,FALSE
Female,Loyal Customer,37,Business Travel,Business,2677,5,5,5,5,2,4,4,5,5,5,4,4,4,4.38,0,4,TRUE
Male,Loyal Customer,39,Business Travel,Business,1599,5,5,5,5,2,4,5,2,2,2,2,3,4,3.54,0,0,TRUE
Male,Loyal Customer,34,Business Travel,Business,1192,2,2,2,2,3,4,5,5,5,5,5,4,3,3.62,0,0,TRUE
Female,Disloyal Customer,49,Business Travel,Business,762,3,3,3,3,5,3,4,5,4,5,5,5,5,4.08,0,4,FALSE
Female,Loyal Customer,38,Personal Travel,Eco,1739,4,4,4,1,4,4,4,4,4,5,5,5,4,4,4,0,FALSE
Male,Loyal Customer,50,Business Travel,Business,1724,5,5,5,5,5,4,5,4,4,4,4,5,5,4.62,1,5,TRUE
Female,Loyal Customer,31,Business Travel,Business,229,2,5,5,5,2,2,2,2,3,2,4,1,2,2.85,0,0,FALSE
Male,Loyal Customer,30,Business Travel,Business,1345,4,4,3,4,4,4,4,4,4,3,4,3,4,3.77,0,2,TRUE
Male,Loyal Customer,45,Personal Travel,Eco,1173,2,5,2,2,3,2,3,3,5,4,3,3,3,3.08,5,65,FALSE
Female,Loyal Customer,49,Business Travel,Business,1763,3,3,3,3,4,4,5,5,5,5,4,3,4,3.92,0,6,TRUE
Female,Loyal Customer,43,Personal Travel,Eco,762,3,4,3,4,5,4,3,4,4,3,3,4,2,3.54,94,76,FALSE
Female,Loyal Customer,48,Business Travel,Business,2841,2,2,2,2,5,3,4,3,3,3,3,5,3,3.08,0,0,TRUE
Male,Loyal Customer,53,Personal Travel,Eco,1744,2,5,3,4,4,3,3,4,5,2,5,4,4,3.69,14,21,FALSE
Male,Loyal Customer,43,Business Travel,Business,3656,4,4,4,4,3,1,1,5,5,5,5,5,5,3.92,0,0,TRUE
Male,Disloyal Customer,38,Business Travel,Business,1182,2,2,2,3,2,2,2,2,4,3,4,1,2,2.38,0,26,FALSE
Male,Loyal Customer,52,Business Travel,Eco,2248,3,1,2,2,3,3,3,1,4,3,4,3,3,2.69,0,20,FALSE
Male,Disloyal Customer,65,Business Travel,Eco,157,3,2,3,2,1,3,1,1,2,3,1,1,1,1.85,38,43,FALSE
Male,Loyal Customer,38,Business Travel,Eco Plus,1016,3,2,2,2,3,3,3,3,2,4,4,2,3,2.77,35,24,FALSE
Male,Disloyal Customer,44,Business Travel,Business,391,4,4,4,2,2,4,2,2,4,4,4,3,2,3.15,0,5,TRUE
Male,Loyal Customer,41,Business Travel,Eco,255,1,0,0,4,4,1,5,4,2,5,4,2,4,2.77,0,0,FALSE
Male,Loyal Customer,65,Business Travel,Business,829,1,1,2,1,5,5,5,4,4,4,4,3,3,3.23,1,0,TRUE
Female,Loyal Customer,44,Business Travel,Business,678,1,1,1,1,4,4,5,3,3,3,3,5,4,2.92,0,,TRUE
Male,Loyal Customer,12,Personal Travel,Eco,1044,1,5,1,1,1,1,1,1,5,5,1,2,1,2,0,0,FALSE
Male,Loyal Customer,24,Personal Travel,Eco,533,4,5,4,4,2,4,2,2,4,2,4,4,2,3.31,10,4,FALSE
Male,Loyal Customer,43,Business Travel,Business,2704,3,3,3,3,5,5,5,3,4,3,4,5,5,3.92,0,0,TRUE
Male,Loyal Customer,58,Business Travel,Business,372,4,4,4,4,2,4,4,5,5,4,5,4,5,4.15,58,50,TRUE
Male,Loyal Customer,54,Business Travel,Business,2638,1,1,1,1,5,5,5,4,3,5,4,5,5,3.46,168,156,TRUE
Female,Disloyal Customer,23,Business Travel,Eco,177,3,3,3,1,1,3,1,1,3,4,5,4,1,2.54,0,0,FALSE
Male,Loyal Customer,58,Personal Travel,Eco,179,3,5,3,3,3,3,3,3,2,2,3,1,3,2.85,0,0,FALSE
Male,Loyal Customer,27,Business Travel,Eco Plus,657,0,0,0,1,5,0,5,5,3,1,2,4,5,2.38,0,0,TRUE
Female,Loyal Customer,50,Business Travel,Business,2616,3,3,3,3,2,5,5,5,5,5,5,5,5,4.15,2,0,TRUE
Male,Loyal Customer,36,Business Travel,Eco,436,2,2,2,2,2,2,2,2,3,3,3,3,2,2.31,0,0,FALSE
Male,Loyal Customer,51,Business Travel,Business,1572,5,5,5,5,5,4,4,4,4,4,4,3,4,4.31,0,0,TRUE
Male,Loyal Customer,23,Personal Travel,Business,366,3,4,3,3,4,3,4,4,5,2,5,3,4,3.62,0,0,FALSE
Male,Loyal Customer,52,Business Travel,Business,583,3,3,3,3,5,2,3,5,5,5,5,4,5,3.92,0,6,TRUE
Male,Loyal Customer,48,Personal Travel,Eco,229,3,4,3,3,4,3,4,4,4,2,4,4,4,3.54,0,0,FALSE
Male,Loyal Customer,37,Personal Travel,Eco,507,3,2,3,4,2,3,4,2,1,2,3,2,2,2.54,0,18,FALSE
Female,Disloyal Customer,37,Business Travel,Eco Plus,325,1,0,0,3,1,0,1,1,3,3,3,2,1,1.46,0,0,FALSE
Female,Loyal Customer,49,Business Travel,Business,1721,0,0,0,1,2,5,5,5,5,5,5,5,4,3.23,57,51,TRUE
Female,Loyal Customer,46,Business Travel,Business,1767,3,3,3,3,3,5,5,5,5,5,5,4,5,4.15,28,33,TRUE
Female,Loyal Customer,39,Business Travel,Business,2895,3,3,2,3,4,4,5,5,5,5,5,5,3,4,27,30,TRUE
Male,Loyal Customer,22,Business Travel,Eco Plus,237,2,5,2,2,2,2,2,2,4,5,1,1,2,2.46,19,20,FALSE
Male,Loyal Customer,59,Business Travel,Business,888,5,5,5,5,5,4,5,5,5,5,5,4,4,4.77,14,14,TRUE
Male,Loyal Customer,33,Business Travel,Business,2513,4,4,4,4,4,4,4,4,3,3,4,4,4,3.85,7,1,TRUE
Male,Loyal Customer,43,Business Travel,Business,1594,4,4,4,4,2,2,4,5,5,5,5,2,1,3.62,0,0,TRUE
Male,Loyal Customer,54,Personal Travel,Eco Plus,907,2,4,2,3,4,2,4,4,3,3,5,3,4,3.31,0,0,FALSE
Female,Loyal Customer,28,Business Travel,Business,479,3,4,5,5,3,3,3,3,1,4,3,2,3,3.23,18,15,FALSE
Female,Loyal Customer,53,Business Travel,Eco,289,3,2,2,2,3,1,1,3,3,3,3,1,3,2.31,117,104,FALSE
Female,Loyal Customer,47,Business Travel,Business,1096,5,5,5,5,2,5,4,4,4,4,4,5,3,4.23,0,0,TRUE
Female,Disloyal Customer,27,Business Travel,Business,332,1,1,1,3,5,1,4,5,5,4,5,5,5,3.46,0,0,FALSE
Female,Loyal Customer,37,Business Travel,Business,2030,2,4,1,4,2,2,2,2,2,2,2,3,4,2.46,12,0,FALSE
Male,Loyal Customer,34,Personal Travel,Eco Plus,667,1,5,1,1,5,1,5,5,4,3,5,4,5,3.46,3,2,FALSE
Male,Loyal Customer,41,Personal Travel,Eco,819,2,4,2,3,5,2,5,5,4,4,3,3,5,3.62,0,0,FALSE
Female,Disloyal Customer,49,Business Travel,Business,1744,4,4,4,2,5,4,5,5,5,3,4,3,5,4.08,9,0,TRUE
Female,Loyal Customer,34,Personal Travel,Eco,1027,0,5,0,2,3,0,3,3,5,4,4,4,3,2.77,0,0,TRUE
Female,Loyal Customer,26,Personal Travel,Eco,250,2,4,0,1,5,0,5,5,5,4,5,5,5,3.54,0,0,FALSE
Female,Loyal Customer,41,Business Travel,Business,1131,3,3,3,3,3,5,4,5,5,5,5,3,4,3.92,2,0,TRUE
Male,Loyal Customer,52,Personal Travel,Eco,406,3,4,3,1,5,3,5,5,3,3,4,5,5,3.77,0,0,FALSE
Male,Loyal Customer,53,Business Travel,Business,2815,3,3,3,3,2,4,4,4,4,5,4,4,5,3.69,0,0,TRUE
Male,Disloyal Customer,18,Business Travel,Business,828,5,4,5,4,4,5,2,4,2,1,3,3,4,3.54,0,0,TRUE
Female,Loyal Customer,47,Business Travel,Business,1616,3,3,3,3,2,4,5,4,4,4,4,5,5,3.77,0,0,TRUE
Male,Loyal Customer,43,Business Travel,Business,2822,5,5,1,5,2,4,5,5,5,5,5,4,5,4.31,21,32,TRUE
Female,Loyal Customer,55,Business Travel,Business,447,4,4,4,4,4,5,5,4,4,4,4,4,5,4.23,0,2,TRUE
Female,Loyal Customer,29,Personal Travel,Eco,1744,4,2,4,3,1,4,1,1,1,2,2,3,1,2.23,4,9,FALSE
Male,Loyal Customer,46,Business Travel,Business,337,1,1,1,1,2,5,4,5,5,5,5,3,3,3.15,18,17,TRUE
Female,Disloyal Customer,25,Business Travel,Business,728,4,4,4,1,2,4,3,2,3,4,5,3,2,3.15,0,0,TRUE
Female,Loyal Customer,45,Personal Travel,Eco,2218,3,3,3,4,4,4,4,2,2,3,2,2,1,2.85,6,0,FALSE
Female,Loyal Customer,50,Business Travel,Business,397,5,5,5,5,2,5,5,5,5,5,5,4,5,4.69,0,0,TRUE
Male,Disloyal Customer,38,Business Travel,Business,731,3,3,3,2,5,3,5,5,4,3,5,5,5,3.92,0,0,FALSE
Female,Loyal Customer,24,Personal Travel,Eco,919,1,4,1,4,2,1,2,2,3,4,5,3,2,2.62,16,10,FALSE
Female,Loyal Customer,34,Personal Travel,Eco,106,4,2,4,4,5,4,5,5,1,1,4,2,5,3.54,3,1,TRUE
Female,Loyal Customer,33,Business Travel,Business,3546,4,4,4,4,5,4,4,5,5,5,5,5,4,4.46,3,,TRUE
Female,Disloyal Customer,20,Business Travel,Eco,1182,2,2,2,4,1,2,1,1,4,4,3,2,1,2.23,0,0,FALSE
Male,Loyal Customer,62,Personal Travel,Eco,1204,3,5,3,4,3,3,3,3,4,1,1,4,3,3.08,42,14,FALSE
Female,Disloyal Customer,44,Business Travel,Eco,299,4,0,4,5,1,4,1,1,1,1,3,2,1,2.15,0,55,FALSE
Female,Loyal Customer,14,Personal Travel,Eco,429,2,4,3,4,2,3,2,2,1,3,3,4,2,2.69,113,102,FALSE
Male,Loyal Customer,54,Personal Travel,Eco Plus,312,2,5,2,4,2,2,2,2,4,3,5,3,2,2.92,47,46,FALSE
Male,Loyal Customer,43,Business Travel,Business,2228,0,0,0,1,3,5,4,2,2,2,5,5,5,2.62,0,0,TRUE
Male,Loyal Customer,35,Personal Travel,Eco,957,4,5,4,2,1,4,1,1,5,2,5,5,1,3.08,0,0,FALSE
Male,Loyal Customer,42,Business Travel,Business,1587,5,5,5,5,3,4,4,4,4,4,4,4,3,4.15,0,0,TRUE
Female,Loyal Customer,12,Personal Travel,Eco,282,3,5,3,3,2,3,2,2,5,5,4,4,2,3.31,16,31,FALSE
Male,Loyal Customer,48,Business Travel,Business,826,3,3,1,3,5,4,4,3,3,3,3,3,3,3.15,0,41,FALSE
Female,Loyal Customer,46,Business Travel,Business,2014,5,5,5,5,2,5,4,4,4,4,4,4,5,4.31,27,43,TRUE
Male,Disloyal Customer,26,Business Travel,Eco,612,3,0,3,3,2,3,2,2,2,1,3,2,2,2.15,0,0,FALSE
Female,Loyal Customer,16,Business Travel,Business,1975,1,4,4,4,1,1,1,1,1,4,4,2,1,2.23,0,26,FALSE
Male,Loyal Customer,55,Business Travel,Business,1670,5,5,5,5,2,2,2,4,5,4,4,2,2,3.62,144,139,TRUE
Male,Loyal Customer,61,Business Travel,Business,3937,1,1,1,1,1,4,3,4,4,4,4,2,5,2.69,0,0,TRUE
Female,Loyal Customer,31,Personal Travel,Eco,1066,3,3,3,2,3,3,5,3,1,5,3,4,3,3.15,0,23,FALSE
Male,Loyal Customer,49,Business Travel,Business,236,0,1,1,2,5,4,4,5,5,3,3,3,4,3.08,0,0,TRUE
Female,Loyal Customer,68,Personal Travel,Eco,377,1,5,1,3,2,4,5,5,5,1,5,4,5,3.54,0,0,FALSE
Female,Loyal Customer,22,Business Travel,Business,2525,1,1,1,1,5,5,5,5,5,5,5,3,5,3.62,0,0,TRUE
Male,Loyal Customer,70,Personal Travel,Eco,298,2,4,2,3,1,2,1,1,3,2,4,3,1,2.23,0,,FALSE
Female,Loyal Customer,53,Business Travel,Business,760,4,2,4,4,4,4,4,5,5,5,5,5,3,4.15,0,0,TRUE
Male,Disloyal Customer,26,Business Travel,Business,641,2,2,2,5,3,2,3,3,3,3,4,5,3,3.08,0,0,FALSE
Male,Loyal Customer,46,Personal Travel,Eco Plus,2370,2,5,2,1,2,3,3,3,2,5,4,3,3,2.92,0,1,FALSE
Female,Loyal Customer,32,Business Travel,Business,2136,5,5,5,5,4,4,4,4,3,1,3,3,4,3.85,0,0,TRUE
Female,Loyal Customer,7,Personal Travel,Eco,1372,0,4,0,4,1,0,1,1,3,2,5,3,1,1.92,0,0,TRUE
Female,Loyal Customer,14,Personal Travel,Eco,250,3,5,3,4,4,3,1,4,5,2,4,5,4,3.62,8,17,FALSE
Female,Loyal Customer,61,Personal Travel,Eco,991,1,4,1,4,1,3,3,4,4,1,4,3,4,2.85,14,21,FALSE
Female,Loyal Customer,11,Business Travel,Business,507,4,4,2,4,5,5,5,5,5,5,5,3,5,4.38,0,0,TRUE
Male,Loyal Customer,52,Business Travel,Business,1722,4,4,4,4,2,3,1,4,4,5,4,1,3,3.31,0,0,TRUE
Male,Loyal Customer,22,Business Travel,Business,1399,2,1,1,1,2,2,2,2,3,3,4,4,2,2.23,0,0,FALSE
Male,Loyal Customer,33,Personal Travel,Business,668,2,4,2,2,2,2,2,2,4,5,4,3,2,2.77,0,0,FALSE
Male,Loyal Customer,29,Business Travel,Business,2556,3,3,3,3,3,3,3,3,2,4,4,2,3,3,0,0,FALSE
Female,Loyal Customer,27,Business Travel,Eco Plus,692,0,1,1,2,1,1,1,1,2,1,2,5,1,1.46,0,51,TRUE
Female,Disloyal Customer,17,Business Travel,Eco,972,3,4,4,4,4,4,1,4,3,5,2,5,4,3.62,1,0,FALSE
Male,Loyal Customer,53,Business Travel,Business,611,4,4,4,4,4,5,5,4,4,5,4,3,4,4.15,0,0,TRUE
Female,Loyal Customer,44,Business Travel,Business,1276,1,1,1,1,2,4,4,4,4,4,4,4,3,2.85,18,13,TRUE
Male,Loyal Customer,49,Personal Travel,Eco,723,1,3,1,4,4,1,4,4,2,3,4,5,4,3.08,19,4,FALSE
Female,Loyal Customer,31,Business Travel,Business,1664,1,4,4,4,1,1,1,1,2,4,3,2,1,2.23,22,36,FALSE
Female,Loyal Customer,51,Business Travel,Business,2763,2,3,3,3,5,4,3,2,2,2,2,2,2,2.69,0,0,FALSE
Male,Disloyal Customer,22,Business Travel,Business,1145,4,0,3,3,2,3,2,2,4,2,4,3,2,2.62,0,0,TRUE
Female,Loyal Customer,47,Business Travel,Business,550,3,3,2,3,5,5,4,5,5,4,5,3,4,3.92,0,4,TRUE
Male,Loyal Customer,50,Business Travel,Eco Plus,1208,3,4,4,4,3,3,3,3,2,1,3,5,3,3.15,9,7,TRUE
Female,Loyal Customer,42,Business Travel,Business,247,3,4,4,4,5,3,3,3,3,3,3,1,1,3.08,0,0,FALSE
Female,Disloyal Customer,16,Business Travel,Eco,489,2,3,2,4,4,2,4,4,1,4,4,2,4,3.08,36,12,FALSE
Male,Disloyal Customer,11,Business Travel,Eco,867,2,2,2,4,3,2,3,3,2,3,4,4,3,2.85,44,57,FALSE
Female,Loyal Customer,36,Business Travel,Business,3087,4,4,2,4,3,1,3,4,4,4,4,3,5,3.46,0,0,TRUE
Male,Loyal Customer,53,Business Travel,Business,216,4,4,4,4,2,2,3,4,4,5,3,1,4,3.38,0,0,TRUE
Male,Loyal Customer,49,Business Travel,Business,2592,4,3,4,4,2,5,5,4,4,4,4,3,5,3.92,1,0,TRUE
Male,Loyal Customer,14,Personal Travel,Eco,119,1,2,1,3,3,1,3,3,3,2,3,2,3,2.31,0,0,FALSE
Female,Disloyal Customer,21,Business Travel,Business,852,4,4,4,5,1,4,1,1,5,2,4,3,1,3,0,0,TRUE
Male,Disloyal Customer,16,Business Travel,Business,280,3,1,2,4,5,2,5,5,2,3,3,3,5,3.31,0,0,FALSE
Female,Loyal Customer,36,Business Travel,Business,3669,4,4,4,4,4,4,4,4,4,5,4,3,5,4.08,0,0,TRUE
Female,Disloyal Customer,27,Business Travel,Eco,177,2,5,2,5,4,2,4,4,2,1,3,4,4,3.23,0,0,FALSE
Female,Disloyal Customer,26,Business Travel,Business,403,3,3,3,2,5,3,5,5,5,3,5,5,5,4,19,16,FALSE
Male,Loyal Customer,27,Business Travel,Business,2620,1,1,1,1,5,5,5,5,3,4,4,4,5,3.38,0,0,TRUE
Female,Loyal Customer,48,Business Travel,Business,1144,3,2,2,2,2,3,2,3,3,3,3,2,1,2.38,29,50,FALSE
Male,Loyal Customer,44,Business Travel,Business,2337,3,3,3,3,5,4,4,5,5,5,5,3,4,4,0,0,TRUE
Male,Loyal Customer,31,Personal Travel,Eco,1091,3,5,3,1,3,3,4,3,5,3,4,1,3,3.15,84,78,FALSE
Male,Loyal Customer,42,Business Travel,Business,2824,1,1,1,1,4,5,4,5,5,5,5,3,5,3.46,0,8,TRUE
Female,Disloyal Customer,38,Business Travel,Eco Plus,223,1,1,1,3,5,1,5,5,4,3,3,4,5,3.15,0,18,FALSE
Male,Loyal Customer,38,Personal Travel,Eco Plus,366,3,5,3,2,5,3,5,5,5,2,2,5,5,3.85,1,0,FALSE
Female,Loyal Customer,67,Personal Travel,Business,1037,3,4,3,3,5,4,5,2,2,3,2,5,3,3.38,16,11,FALSE
Male,Loyal Customer,55,Business Travel,Business,130,1,1,1,1,3,4,4,4,4,4,4,4,3,2.92,0,0,TRUE
Female,Loyal Customer,28,Personal Travel,Eco,680,4,1,4,2,1,4,1,1,1,4,2,2,1,2.15,0,0,TRUE
Male,Disloyal Customer,24,Business Travel,Eco,1172,4,4,4,1,3,4,3,3,3,3,4,4,3,3.31,0,0,TRUE
Female,Loyal Customer,50,Personal Travel,Eco,1363,1,4,1,2,2,5,5,1,1,1,3,5,4,2.69,0,0,FALSE
Female,Loyal Customer,7,Personal Travel,Eco,328,4,4,4,4,2,4,2,2,4,3,5,3,2,3.31,13,7,FALSE
Male,Loyal Customer,69,Personal Travel,Eco,1172,3,3,3,4,5,3,5,5,4,5,4,1,5,3.85,0,0,FALSE
Male,Loyal Customer,29,Business Travel,Business,3300,2,2,2,2,4,4,4,4,4,4,4,3,4,3.31,0,0,TRUE
Female,Loyal Customer,43,Business Travel,Eco,946,5,3,3,3,4,1,2,5,5,5,5,2,2,3.46,0,0,TRUE
Male,Loyal Customer,20,Business Travel,Business,191,0,3,0,1,5,4,4,5,5,5,5,4,5,3.54,3,0,TRUE
Female,Loyal Customer,31,Business Travel,Eco,1598,3,1,4,4,3,4,3,3,1,5,3,1,3,2.92,19,2,TRUE
Female,Disloyal Customer,21,Business Travel,Eco,650,5,0,5,2,3,5,3,3,4,2,4,3,3,3.23,0,0,TRUE
Female,Disloyal Customer,20,Business Travel,Eco,1504,3,3,3,4,5,3,4,5,2,4,4,1,5,3.54,0,0,FALSE
Male,Loyal Customer,44,Business Travel,Business,84,5,5,5,5,5,4,5,5,5,5,4,3,3,4.54,3,7,TRUE
Female,Disloyal Customer,48,Business Travel,Business,310,3,3,3,1,5,3,5,5,5,3,5,5,5,3.92,3,8,FALSE
Female,Loyal Customer,56,Business Travel,Business,3325,5,5,5,5,3,5,5,4,4,4,4,3,5,4.38,6,0,TRUE
Male,Loyal Customer,44,Business Travel,Business,3112,5,5,5,5,5,5,4,5,5,5,5,3,5,4.77,0,25,TRUE
Male,Loyal Customer,49,Business Travel,Business,1788,1,1,1,1,4,5,4,3,3,3,3,5,5,3,0,1,TRUE
Female,Loyal Customer,63,Business Travel,Business,3991,2,2,2,2,2,4,4,2,2,2,2,2,2,2.31,41,33,FALSE
Male,Disloyal Customer,25,Business Travel,Business,296,5,0,5,4,2,5,2,2,4,2,5,5,2,3.31,54,55,TRUE
Male,Disloyal Customer,24,Business Travel,Eco,349,2,0,2,4,2,4,4,3,5,5,4,4,4,3.31,236,374,FALSE
Male,Loyal Customer,62,Personal Travel,Eco Plus,201,1,4,1,2,3,1,3,3,5,5,2,2,3,2.69,31,16,FALSE
Female,Disloyal Customer,21,Business Travel,Eco,1428,3,3,3,3,5,3,5,5,3,1,4,2,5,3.46,111,99,FALSE
Male,Loyal Customer,23,Personal Travel,Eco,158,1,5,1,3,4,1,4,4,3,2,2,3,4,2.85,0,0,FALSE
Male,Loyal Customer,44,Business Travel,Eco,588,1,4,4,4,1,1,1,1,3,5,4,3,1,2.54,0,10,FALSE
Female,Loyal Customer,59,Business Travel,Business,618,5,4,5,5,3,5,5,5,5,5,5,3,3,4.46,0,12,TRUE
Male,Loyal Customer,37,Business Travel,Business,414,3,3,3,3,5,5,5,5,5,5,5,3,5,4.23,0,0,TRUE
Male,Loyal Customer,68,Business Travel,Business,2712,1,1,3,1,2,2,4,2,2,2,2,1,2,1.92,0,0,TRUE
Male,Loyal Customer,11,Personal Travel,Business,883,1,3,1,1,3,1,3,3,3,3,4,1,3,2.31,8,0,FALSE
Male,Loyal Customer,56,Personal Travel,Eco,626,4,5,5,3,2,5,2,2,3,3,5,3,2,3.38,82,92,TRUE
Female,Loyal Customer,28,Business Travel,Business,602,3,3,3,3,4,4,4,4,5,4,4,3,4,3.69,0,0,TRUE
Male,Loyal Customer,24,Personal Travel,Eco,895,3,5,3,3,1,3,1,1,2,5,3,5,1,2.77,69,57,FALSE
Female,Disloyal Customer,21,Business Travel,Eco,280,5,5,5,1,2,5,2,2,4,3,5,5,2,3.54,0,0,TRUE
Female,Disloyal Customer,24,Business Travel,Eco,202,4,0,4,3,3,4,3,3,1,5,1,3,3,2.85,0,0,FALSE
Male,Loyal Customer,46,Business Travel,Business,3774,3,3,3,3,4,2,4,4,4,4,4,1,4,3.31,0,0,TRUE
Male,Loyal Customer,22,Business Travel,Eco,2556,1,2,2,2,1,1,1,1,2,2,3,4,1,1.77,0,0,FALSE
Female,Loyal Customer,69,Personal Travel,Eco,1431,2,1,2,1,2,1,1,1,1,2,1,3,3,1.62,34,34,FALSE
Female,Loyal Customer,60,Business Travel,Business,3602,2,2,2,2,2,4,5,4,4,4,5,4,4,3.38,74,78,TRUE
Male,Loyal Customer,31,Business Travel,Business,3543,1,1,5,1,5,5,5,5,5,3,1,5,5,3.62,43,40,TRUE
Female,Loyal Customer,16,Personal Travel,Eco,2007,2,5,2,4,3,2,3,3,3,5,5,5,3,3.46,3,0,FALSE
Female,Loyal Customer,38,Personal Travel,Eco Plus,936,1,4,1,4,3,1,3,3,2,3,3,4,3,2.69,0,0,FALSE
Female,Loyal Customer,34,Business Travel,Business,1829,1,1,1,1,5,4,3,4,4,4,4,3,2,2.85,65,129,TRUE
Female,Loyal Customer,66,Personal Travel,Eco,657,3,1,3,3,2,4,4,1,1,3,1,2,4,2.46,0,0,FALSE
Female,Loyal Customer,15,Personal Travel,Eco,197,4,5,4,5,2,4,2,2,3,2,4,3,2,3.23,63,91,FALSE
Male,Disloyal Customer,22,Business Travel,Eco,1050,4,4,4,3,5,4,5,5,3,1,4,3,5,3.85,0,9,FALSE
Female,Loyal Customer,53,Business Travel,Eco,157,5,2,2,2,3,4,5,5,5,5,5,4,4,3.92,0,0,TRUE
Female,Loyal Customer,42,Business Travel,Eco,937,3,2,2,2,3,4,4,3,3,3,3,1,3,2.77,0,0,FALSE
Male,Loyal Customer,36,Business Travel,Business,377,4,4,4,4,2,3,3,4,4,4,4,4,3,3.62,1,0,TRUE
Female,Loyal Customer,62,Personal Travel,Eco Plus,562,2,1,2,4,2,3,3,3,3,2,3,4,2,2.62,16,17,FALSE
Male,Loyal Customer,44,Business Travel,Business,2626,1,1,5,1,5,4,4,2,2,3,2,4,5,3,14,0,TRUE
Male,Disloyal Customer,19,Business Travel,Business,994,5,0,5,4,5,5,5,5,5,5,4,5,5,4.46,0,0,TRUE
Female,Loyal Customer,68,Personal Travel,Eco,143,4,3,4,2,3,3,4,5,5,4,5,1,3,3.54,0,0,FALSE
Male,Loyal Customer,38,Personal Travel,Eco Plus,616,3,4,3,3,3,3,3,3,3,2,3,3,3,3,7,0,FALSE
Male,Loyal Customer,37,Personal Travel,Eco,1009,1,3,1,2,1,1,1,1,3,4,3,1,1,1.77,50,31,FALSE
Male,Loyal Customer,56,Business Travel,Business,2154,4,2,4,4,5,5,2,5,5,5,5,4,5,4.23,0,0,TRUE
Male,Loyal Customer,39,Business Travel,Business,372,3,2,2,2,3,3,4,3,3,3,3,3,2,2.77,56,45,FALSE
Male,Loyal Customer,15,Personal Travel,Eco,1910,3,5,4,2,2,4,2,2,4,5,4,3,2,3.23,0,6,FALSE
Female,Loyal Customer,67,Personal Travel,Eco,247,2,4,2,5,5,5,4,4,4,2,5,5,3,3.85,0,0,FALSE
Female,Loyal Customer,57,Personal Travel,Eco,190,2,5,2,1,3,4,2,1,1,2,1,4,2,2.31,66,67,FALSE
Male,Loyal Customer,49,Business Travel,Business,837,3,3,3,3,3,5,4,4,4,4,4,3,3,3.54,25,17,TRUE
Male,Disloyal Customer,36,Business Travel,Business,413,3,3,3,3,2,3,2,2,4,3,4,5,2,3,54,74,FALSE
Male,Loyal Customer,44,Personal Travel,Eco,1199,2,4,2,3,3,2,3,3,3,4,4,2,3,2.92,0,2,FALSE
Male,Loyal Customer,50,Personal Travel,Eco,507,3,4,3,2,2,3,2,2,4,2,5,3,2,2.85,13,6,FALSE
Female,Loyal Customer,13,Personal Travel,Eco,1999,2,5,2,4,5,2,1,5,3,5,5,5,5,3.77,1,0,FALSE
Female,Loyal Customer,51,Business Travel,Eco,581,3,5,5,5,3,4,3,3,3,3,3,1,2,3.31,4,0,FALSE
Female,Loyal Customer,57,Personal Travel,Business,1222,3,4,3,4,5,3,3,2,2,3,2,4,1,3,16,0,FALSE
Male,Disloyal Customer,37,Business Travel,Business,216,3,3,3,4,3,3,3,3,3,2,5,2,3,3.08,5,0,TRUE
Male,Loyal Customer,40,Business Travel,Business,1829,2,2,2,2,3,5,5,5,5,5,5,4,3,3.69,0,7,TRUE
Female,Loyal Customer,17,Personal Travel,Eco,569,1,4,1,3,3,1,4,3,4,4,5,3,3,3,1,0,FALSE
Female,Loyal Customer,67,Personal Travel,Eco,836,2,4,2,5,4,5,4,3,3,2,3,4,3,3.38,0,0,FALSE
Male,Loyal Customer,30,Business Travel,Business,1637,4,4,4,4,3,3,3,3,4,5,5,3,3,3.69,0,0,TRUE
Female,Disloyal Customer,15,Business Travel,Eco,802,2,2,2,5,2,2,2,2,4,2,5,5,2,2.85,2,4,FALSE
Female,Loyal Customer,54,Business Travel,Business,3540,1,1,1,1,1,4,4,4,4,5,4,1,3,2.62,18,21,TRUE
Female,Loyal Customer,14,Personal Travel,Eco,862,3,4,3,4,1,3,1,1,5,5,5,5,1,3.15,35,23,FALSE
Male,Loyal Customer,40,Business Travel,Eco,1054,4,1,1,1,4,4,4,5,2,5,4,4,4,3.31,0,0,TRUE
Female,Loyal Customer,59,Business Travel,Business,3397,3,3,3,3,4,5,4,3,3,3,3,4,3,3.38,0,0,TRUE
Male,Loyal Customer,33,Business Travel,Business,1874,1,2,2,2,1,1,1,1,1,2,2,1,1,1.38,103,89,FALSE
Male,Disloyal Customer,48,Business Travel,Eco,173,2,0,2,4,5,2,5,5,2,2,1,5,5,3.08,19,27,FALSE
Female,Loyal Customer,49,Business Travel,Eco Plus,413,4,2,2,2,5,4,4,4,4,4,4,2,5,3.54,2,0,TRUE
Female,Loyal Customer,51,Personal Travel,Eco,157,2,4,0,3,4,4,4,5,5,0,5,3,2,3.15,0,22,FALSE
Female,Loyal Customer,48,Business Travel,Eco,164,5,5,5,5,5,1,5,4,4,5,4,3,3,4.15,17,8,TRUE
Male,Loyal Customer,55,Business Travel,Business,825,3,3,3,3,4,4,4,5,5,5,5,3,3,3.85,4,10,TRUE
Male,Disloyal Customer,24,Business Travel,Eco,1171,2,2,2,3,1,2,5,1,5,3,5,4,1,2.77,7,0,FALSE
Male,Loyal Customer,45,Business Travel,Business,3516,4,4,4,4,4,3,3,4,4,4,4,2,1,3.46,0,0,FALSE
Male,Disloyal Customer,18,Business Travel,Eco,920,2,2,2,1,3,2,3,3,5,3,4,4,3,2.85,0,4,FALSE
Female,Loyal Customer,46,Business Travel,Business,3217,2,2,2,2,4,5,4,4,4,4,4,3,3,3.31,5,9,TRUE
Female,Disloyal Customer,43,Business Travel,Business,594,4,4,4,4,4,4,4,4,5,3,5,5,4,4.15,11,0,FALSE
Female,Loyal Customer,45,Business Travel,Business,3942,3,3,3,3,1,1,5,5,5,5,5,4,4,3.62,82,62,TRUE
Female,Loyal Customer,33,Business Travel,Eco,89,0,0,0,2,5,0,5,5,3,4,1,2,5,2.46,0,0,TRUE
Female,Loyal Customer,33,Business Travel,Business,1024,2,2,2,2,1,2,3,2,2,2,2,2,1,1.92,61,56,FALSE
Female,Loyal Customer,32,Personal Travel,Eco,1744,1,3,0,4,2,0,2,2,4,1,4,4,2,2.23,0,0,FALSE
Male,Loyal Customer,44,Business Travel,Business,3317,3,3,3,3,5,5,4,4,4,4,4,3,5,3.85,0,0,TRUE
Male,Loyal Customer,46,Business Travel,Business,3132,4,4,4,4,3,4,4,3,3,4,3,3,4,3.62,0,0,TRUE
Male,Disloyal Customer,24,Business Travel,Eco,1797,3,3,3,3,3,3,3,3,3,2,2,1,3,2.69,116,104,FALSE
Male,Loyal Customer,59,Personal Travel,Eco,1389,2,5,2,1,2,2,2,2,2,5,5,4,2,2.77,0,0,FALSE
Female,Loyal Customer,30,Business Travel,Business,2984,4,4,4,4,5,5,5,5,3,4,5,4,5,4.38,0,0,TRUE
Female,Loyal Customer,50,Business Travel,Business,1171,4,4,3,4,5,4,5,4,4,4,4,3,4,4,0,0,TRUE
Male,Loyal Customer,65,Personal Travel,Eco,109,3,4,3,3,2,3,2,2,4,2,4,3,2,2.85,0,1,FALSE
Female,Disloyal Customer,22,Business Travel,Eco,282,4,3,4,2,3,4,3,3,3,2,3,1,3,2.92,0,0,FALSE
Male,Loyal Customer,36,Personal Travel,Eco,140,3,5,3,1,5,3,3,5,2,5,4,3,5,3.62,81,75,FALSE
Female,Loyal Customer,46,Business Travel,Eco,321,4,4,4,4,3,3,4,4,4,4,4,1,2,3.46,0,0,FALSE
Male,Loyal Customer,37,Personal Travel,Eco,925,3,4,3,3,4,3,4,4,5,2,5,4,4,3.69,0,0,FALSE
Female,Loyal Customer,62,Business Travel,Business,391,1,1,1,1,4,5,5,5,5,5,5,3,3,3.38,3,0,TRUE
Male,Disloyal Customer,21,Business Travel,Eco,67,3,0,3,4,4,3,2,4,4,1,5,2,4,3,8,3,FALSE
Male,Loyal Customer,27,Personal Travel,Eco,265,1,4,1,3,5,1,5,5,1,5,4,3,5,3.31,0,0,FALSE
Male,Loyal Customer,42,Business Travel,Business,2573,0,4,0,2,3,4,4,4,4,4,4,5,4,3.23,0,0,TRUE
Female,Loyal Customer,42,Business Travel,Business,2260,5,5,5,5,5,5,5,4,4,4,4,3,1,4.23,0,1,TRUE
Female,Loyal Customer,51,Business Travel,Business,2577,1,1,2,1,1,3,5,4,4,4,4,5,1,2.77,0,1,TRUE
Male,Loyal Customer,65,Personal Travel,Eco,1488,1,5,1,2,1,1,1,1,5,4,5,4,1,2.46,0,0,FALSE
Female,Loyal Customer,57,Business Travel,Business,337,3,3,3,3,5,3,3,3,3,3,3,3,4,3.23,5,0,FALSE
Female,Loyal Customer,23,Personal Travel,Eco,903,3,3,3,3,1,3,4,1,1,1,4,4,1,2.46,12,13,FALSE
Female,Loyal Customer,28,Business Travel,Business,3850,0,4,0,4,5,5,5,5,1,3,5,2,5,3.38,0,0,TRUE
Female,Loyal Customer,42,Personal Travel,Eco,1023,2,1,2,4,1,4,4,3,3,2,3,1,4,2.62,0,0,FALSE
Male,Loyal Customer,7,Personal Travel,Eco,808,4,2,4,4,5,4,5,5,2,2,3,1,5,3.54,0,0,FALSE
Male,Loyal Customer,58,Business Travel,Business,967,2,5,5,5,3,3,3,2,2,2,2,2,4,3.08,47,47,FALSE
Female,Disloyal Customer,57,Business Travel,Eco,460,2,0,2,4,5,2,5,5,4,3,1,4,5,3.23,0,0,FALSE
Male,Disloyal Customer,37,Business Travel,Business,814,3,3,3,4,3,3,3,3,3,2,5,5,3,3.31,8,23,TRUE
Female,Loyal Customer,35,Personal Travel,Eco,265,2,4,2,4,4,2,4,4,5,3,4,3,4,3.46,0,0,FALSE
Male,Loyal Customer,47,Business Travel,Business,3446,2,2,2,2,4,3,2,4,4,4,4,1,4,2.92,0,0,TRUE
Female,Disloyal Customer,44,Business Travel,Business,2342,1,1,1,4,2,1,2,2,3,4,5,3,2,2.38,0,0,FALSE
Female,Loyal Customer,59,Business Travel,Business,3637,4,2,4,4,4,4,4,5,5,5,5,3,4,4.08,0,0,TRUE
Female,Loyal Customer,29,Business Travel,Business,3155,2,2,2,2,4,4,4,4,3,3,4,4,4,3.23,0,0,TRUE
Female,Loyal Customer,49,Personal Travel,Eco,641,4,5,4,3,2,4,5,1,1,4,1,4,3,3.15,0,0,FALSE
Male,Loyal Customer,32,Business Travel,Business,1721,5,5,5,5,5,5,5,5,5,2,5,3,5,4.62,6,0,TRUE
Female,Loyal Customer,30,Business Travel,Business,646,4,3,4,4,5,5,5,5,2,2,4,2,5,3.85,17,7,TRUE
Female,Loyal Customer,22,Business Travel,Eco,842,4,2,2,2,4,4,3,4,2,5,2,3,4,3.15,0,0,TRUE
Female,Loyal Customer,37,Business Travel,Business,1832,1,1,1,1,4,5,5,2,2,2,2,4,4,2.62,2,0,TRUE
Male,Loyal Customer,48,Personal Travel,Business,1609,3,2,2,3,5,2,4,2,2,2,2,2,1,2.46,0,0,FALSE
Female,Loyal Customer,46,Business Travel,Business,1747,2,4,5,4,4,3,2,2,2,2,2,1,4,2.85,0,0,FALSE
Female,Loyal Customer,60,Business Travel,Business,1590,2,2,2,2,2,4,5,4,4,4,4,4,5,3.38,0,0,TRUE
Female,Disloyal Customer,27,Business Travel,Eco,719,2,2,2,4,5,2,3,5,3,1,4,3,5,3.15,0,5,FALSE
Female,Loyal Customer,52,Business Travel,Business,626,5,5,5,5,2,4,5,3,3,4,3,3,5,4,0,0,TRUE
Male,Loyal Customer,57,Business Travel,Business,2033,1,1,1,1,5,4,4,5,5,5,5,3,5,3.46,0,0,TRUE
Female,Loyal Customer,21,Personal Travel,Eco Plus,326,3,4,3,3,1,3,1,1,1,4,3,4,1,2.46,4,10,FALSE
Male,Loyal Customer,24,Business Travel,Business,3480,1,4,4,4,1,1,1,1,2,3,3,3,1,2.23,0,0,FALSE
Male,Loyal Customer,55,Business Travel,Business,1506,5,5,5,5,5,5,4,5,5,5,5,3,3,4.62,16,6,TRUE
Male,Loyal Customer,45,Business Travel,Business,2671,3,4,4,4,3,2,3,3,3,3,3,1,3,3,16,28,FALSE
Female,Loyal Customer,33,Personal Travel,Eco,1532,1,4,1,3,5,1,5,5,3,2,4,4,5,3.31,0,0,FALSE
Male,Loyal Customer,46,Personal Travel,Eco,562,1,3,1,2,1,1,1,4,1,3,3,1,1,1.77,145,138,FALSE
Female,Disloyal Customer,23,Business Travel,Eco,227,4,4,4,3,2,4,2,2,5,3,5,4,2,3.38,92,86,TRUE
Female,Disloyal Customer,19,Business Travel,Eco Plus,784,2,2,2,4,4,2,4,4,4,1,3,2,4,2.92,0,4,FALSE
Female,Disloyal Customer,43,Business Travel,Eco,173,2,0,2,1,5,2,5,5,4,2,1,3,5,2.85,73,73,FALSE
Female,Loyal Customer,31,Personal Travel,Business,539,3,5,3,1,3,3,3,3,4,3,5,4,3,3.31,1,4,FALSE
Female,Disloyal Customer,38,Business Travel,Eco,101,4,4,4,5,3,4,3,3,4,2,5,2,3,3.54,0,0,TRUE
Female,Loyal Customer,11,Personal Travel,Eco,432,4,4,4,2,1,4,1,1,3,1,3,4,1,2.54,26,39,FALSE
Female,Loyal Customer,41,Personal Travel,Eco,2475,1,4,1,4,1,1,1,3,5,5,4,1,1,2.46,0,0,FALSE
Male,Loyal Customer,43,Business Travel,Business,134,1,5,5,5,2,4,4,2,2,2,1,1,3,2.85,9,14,FALSE
Male,Disloyal Customer,25,Business Travel,Eco,907,3,3,3,4,3,3,2,3,3,4,3,3,3,3.08,1,0,FALSE
Female,Loyal Customer,58,Business Travel,Business,1009,2,2,2,2,4,4,5,5,5,5,5,5,3,3.77,107,102,TRUE
Female,Loyal Customer,12,Personal Travel,Eco,1009,2,4,2,4,4,2,2,4,1,2,4,3,4,2.92,0,0,FALSE
Male,Loyal Customer,33,Business Travel,Business,3187,5,5,5,5,4,4,4,4,4,5,4,3,4,4.31,0,5,TRUE
Female,Loyal Customer,22,Business Travel,Business,2058,2,1,1,1,2,2,2,2,1,4,1,2,2,1.77,19,19,FALSE
Male,Loyal Customer,69,Personal Travel,Business,337,3,5,3,3,4,5,4,2,2,3,3,5,4,3.54,70,56,FALSE
Male,Loyal Customer,42,Business Travel,Business,2829,1,5,1,1,2,2,2,5,5,4,4,2,2,2.77,198,170,TRUE
Female,Loyal Customer,53,Business Travel,Business,2291,1,1,1,1,4,4,4,4,4,4,4,4,4,3.08,4,3,TRUE
Male,Loyal Customer,47,Personal Travel,Eco,337,4,5,4,1,2,4,2,2,4,2,5,4,2,3.15,77,79,FALSE
Male,Disloyal Customer,50,Business Travel,Eco,1448,4,4,4,4,3,4,3,3,3,2,5,4,3,3.54,0,0,TRUE
Female,Loyal Customer,23,Personal Travel,Eco,1728,5,5,4,2,4,4,4,4,3,5,5,4,4,4.08,0,2,TRUE
Male,Loyal Customer,40,Personal Travel,Eco,427,2,1,2,4,5,2,5,5,2,2,4,4,5,3.31,1,0,FALSE
Female,Loyal Customer,45,Personal Travel,Eco,846,2,4,2,4,5,4,5,4,4,2,4,3,4,3.62,0,0,FALSE
Male,Loyal Customer,47,Personal Travel,Eco,773,4,4,4,3,4,4,4,4,2,1,3,4,4,3.46,8,0,FALSE
Female,Loyal Customer,42,Business Travel,Eco,909,4,5,3,3,5,4,4,4,4,4,4,5,4,4.08,0,0,TRUE
Male,Loyal Customer,49,Personal Travel,Business,992,3,5,3,5,3,1,1,4,5,5,4,1,1,3.15,154,140,FALSE
Female,Loyal Customer,7,Personal Travel,Eco,458,3,4,3,1,4,3,4,4,2,1,2,4,4,3,1,10,FALSE
Male,Loyal Customer,14,Personal Travel,Eco,227,1,5,1,2,4,1,5,4,5,2,4,4,4,3.23,33,64,FALSE
Male,Loyal Customer,28,Business Travel,Eco Plus,337,1,0,0,4,2,0,2,2,1,4,3,4,2,1.92,3,4,FALSE
Female,Loyal Customer,37,Business Travel,Business,3150,1,1,1,1,1,4,3,1,1,1,1,2,4,1.69,0,10,FALSE
Female,Loyal Customer,30,Business Travel,Business,3014,5,5,5,5,4,4,4,4,5,3,4,4,4,4.31,7,21,TRUE
Male,Loyal Customer,8,Personal Travel,Eco,236,4,3,4,3,2,4,2,2,5,5,2,4,2,3.23,20,12,FALSE
Female,Loyal Customer,58,Business Travel,Business,3581,3,3,3,3,5,5,5,3,3,4,5,5,5,4,182,182,TRUE
Female,Disloyal Customer,30,Business Travel,Eco,762,3,3,3,3,5,3,2,5,3,4,3,2,5,3.38,0,0,FALSE
Female,Loyal Customer,40,Personal Travel,Eco,421,3,3,3,3,4,3,4,4,4,2,4,2,4,3.31,44,42,FALSE
Male,Loyal Customer,37,Business Travel,Business,2179,2,5,5,5,5,4,4,2,2,2,2,4,4,3.54,15,8,FALSE
Male,Loyal Customer,24,Business Travel,Business,1407,2,2,2,2,4,4,4,4,4,2,4,5,4,3.31,35,7,TRUE
Female,Disloyal Customer,23,Business Travel,Eco,558,5,0,5,1,3,5,3,3,3,4,3,2,3,3.08,0,0,TRUE
Female,Loyal Customer,23,Business Travel,Business,577,1,1,1,1,3,3,3,3,5,5,3,4,3,2.77,6,0,TRUE
Female,Disloyal Customer,37,Business Travel,Business,334,3,3,3,3,2,3,2,2,4,3,5,4,2,3,0,0,FALSE
Female,Disloyal Customer,49,Business Travel,Eco,776,1,2,2,5,2,2,2,2,1,4,3,5,2,2.54,0,0,FALSE
Female,Loyal Customer,51,Personal Travel,Eco,453,1,5,1,4,2,5,5,3,3,1,3,3,3,3,0,0,FALSE
Male,Loyal Customer,25,Business Travel,Business,2101,2,2,2,2,5,5,5,5,1,1,3,5,5,3.31,98,113,TRUE
Female,Disloyal Customer,38,Business Travel,Eco,548,3,5,3,2,4,3,4,4,3,1,5,2,4,3.31,0,0,FALSE
Male,Loyal Customer,23,Personal Travel,Eco Plus,558,1,4,1,2,1,1,1,1,3,3,5,3,1,2.08,0,0,FALSE
Female,Disloyal Customer,25,Business Travel,Eco,1389,3,3,3,3,5,3,5,5,1,2,4,3,5,3.46,17,0,FALSE
Male,Loyal Customer,62,Personal Travel,Eco,846,1,4,1,5,5,1,5,5,5,2,4,5,5,3.69,20,4,FALSE
Male,Loyal Customer,77,Business Travel,Eco,346,4,4,4,4,4,4,4,4,1,2,1,4,4,3.38,4,0,TRUE
Male,Loyal Customer,48,Business Travel,Eco,197,1,3,3,3,1,1,1,1,2,3,3,3,1,2,0,0,FALSE
Male,Loyal Customer,21,Business Travel,Business,1481,2,2,2,2,3,5,3,3,2,3,2,4,3,2.77,0,0,TRUE
Female,Disloyal Customer,29,Business Travel,Business,1249,2,2,2,3,5,2,5,5,4,4,3,2,5,3.38,21,63,FALSE
Female,Loyal Customer,48,Business Travel,Business,2996,3,5,5,5,4,3,4,3,3,2,3,1,1,3.23,0,0,FALSE
Female,Loyal Customer,59,Business Travel,Business,2579,1,1,1,1,3,4,1,4,4,4,5,3,4,2.77,0,59,TRUE
Male,Loyal Customer,25,Personal Travel,Business,1246,1,4,1,4,2,1,2,2,5,3,4,5,2,2.77,4,8,FALSE
Female,Loyal Customer,49,Business Travel,Business,980,5,5,5,5,4,4,5,5,5,5,5,4,4,4.69,0,0,TRUE
Female,Loyal Customer,50,Personal Travel,Eco,164,3,1,3,1,1,1,2,1,1,3,1,3,1,1.69,0,0,FALSE
Male,Disloyal Customer,24,Business Travel,Eco,488,1,0,1,4,4,1,4,4,4,5,5,1,4,2.92,106,90,FALSE
Male,Disloyal Customer,37,Business Travel,Eco,862,1,1,1,3,4,1,4,4,5,3,1,3,4,2.69,8,0,FALSE
Male,Loyal Customer,45,Business Travel,Business,1166,1,1,1,1,5,5,5,4,4,4,4,4,5,3.38,0,2,TRUE
Male,Disloyal Customer,10,Business Travel,Eco,1195,4,4,4,3,4,4,3,4,5,4,1,1,4,3.46,0,0,FALSE
Female,Loyal Customer,33,Business Travel,Business,1804,2,2,2,2,4,3,2,5,5,4,5,3,2,3.15,0,1,TRUE
Female,Loyal Customer,31,Personal Travel,Eco,73,1,2,1,4,3,1,3,3,4,5,3,3,3,2.77,0,20,FALSE
Female,Loyal Customer,52,Business Travel,Eco,363,5,3,3,3,4,5,2,5,5,5,5,5,4,4.15,0,0,TRUE
Female,Loyal Customer,9,Personal Travel,Eco,377,2,4,2,1,3,2,3,3,5,5,5,3,3,3.15,0,0,FALSE
Female,Loyal Customer,63,Business Travel,Eco,669,3,5,5,5,1,4,3,3,3,3,3,1,1,3.08,4,3,FALSE
Female,Loyal Customer,27,Personal Travel,Eco,695,3,3,3,4,4,3,4,4,4,3,4,4,4,3.62,7,14,FALSE
Female,Loyal Customer,32,Business Travel,Business,2639,3,2,2,2,3,3,3,3,3,1,4,3,3,2.69,0,0,FALSE
Male,Disloyal Customer,17,Business Travel,Eco,794,4,4,4,3,5,4,5,5,2,3,4,3,5,3.92,22,7,FALSE
Male,Loyal Customer,47,Personal Travel,Eco Plus,397,1,5,1,2,5,1,1,5,5,2,4,4,5,3.15,4,0,FALSE
Female,Loyal Customer,52,Business Travel,Business,3676,1,1,1,1,5,5,5,4,2,4,5,5,5,3.38,155,152,TRUE
Male,Loyal Customer,53,Business Travel,Business,3460,1,1,1,1,4,4,4,4,4,4,4,5,3,3.08,0,0,TRUE
Female,Loyal Customer,36,Business Travel,Business,2493,2,2,2,2,4,5,4,5,5,5,5,4,3,3.69,74,70,TRUE
Female,Loyal Customer,46,Business Travel,Business,236,3,5,3,3,5,4,4,5,5,5,5,5,5,4.38,0,11,TRUE
Female,Loyal Customer,15,Personal Travel,Eco,453,1,1,1,2,1,1,1,1,2,5,2,4,1,1.77,13,7,FALSE
Female,Loyal Customer,39,Business Travel,Business,258,1,1,5,1,5,5,5,4,4,4,4,5,5,3.77,170,174,TRUE
Male,Loyal Customer,57,Personal Travel,Eco,2504,1,5,1,5,5,1,5,5,3,3,4,3,5,3.54,13,0,FALSE
Male,Loyal Customer,67,Personal Travel,Eco Plus,1504,3,1,3,3,4,3,4,4,1,4,2,4,4,3.08,3,0,FALSE
Male,Loyal Customer,27,Business Travel,Business,2552,3,5,5,5,3,3,3,3,3,4,3,1,3,3.38,0,13,FALSE
Female,Disloyal Customer,37,Business Travel,Eco,1482,5,5,5,1,3,5,3,3,5,4,5,4,3,3.92,18,13,TRUE
Female,Loyal Customer,19,Business Travel,Business,542,1,5,5,5,1,1,1,1,4,3,4,1,1,2.54,0,0,FALSE
Male,Loyal Customer,42,Personal Travel,Eco,1121,2,4,2,3,5,2,1,5,5,3,3,3,5,3.31,0,0,FALSE
Male,Disloyal Customer,20,Business Travel,Eco,209,4,0,4,4,4,4,4,4,1,1,2,1,4,2.85,0,0,TRUE
Male,Loyal Customer,40,Business Travel,Business,489,5,5,5,5,3,5,3,5,5,5,5,3,4,4.46,0,0,TRUE
Male,Loyal Customer,49,Business Travel,Business,2213,4,2,4,4,3,5,5,5,5,5,5,4,5,4.31,0,0,TRUE
Male,Loyal Customer,52,Personal Travel,Eco Plus,780,5,4,5,5,2,5,2,2,5,2,5,4,2,3.69,21,12,TRUE
Male,Loyal Customer,35,Business Travel,Business,1979,1,1,4,1,4,3,4,1,1,1,1,3,2,2.08,0,0,FALSE
Male,Loyal Customer,16,Personal Travel,Eco,621,3,4,3,3,4,3,4,4,4,5,4,5,4,3.85,0,0,FALSE
Female,Loyal Customer,24,Personal Travel,Eco,427,2,4,2,3,4,2,4,4,5,4,3,4,4,3.46,0,0,FALSE
Male,Disloyal Customer,28,Business Travel,Eco,255,1,2,1,4,4,1,2,4,2,2,4,2,4,2.54,71,70,FALSE
Male,Loyal Customer,66,Personal Travel,Eco,1097,1,1,1,4,5,1,5,5,3,3,4,1,5,3,0,0,FALSE
Female,Loyal Customer,52,Personal Travel,Eco,674,3,5,3,1,3,5,5,3,2,5,5,5,5,3.85,132,121,FALSE
Female,Loyal Customer,27,Business Travel,Eco Plus,852,2,5,5,5,2,2,2,2,2,1,4,3,2,2.85,61,58,FALSE
Male,Loyal Customer,45,Business Travel,Business,731,1,1,1,1,4,5,4,5,5,5,5,5,3,3.46,0,0,TRUE
Female,Loyal Customer,15,Personal Travel,Eco,585,3,4,3,3,3,3,2,3,2,5,2,4,3,3.08,0,1,FALSE
Male,Loyal Customer,20,Business Travel,Eco Plus,224,4,5,1,5,4,4,2,4,1,3,4,4,4,3.46,2,7,FALSE
Male,Loyal Customer,24,Business Travel,Eco Plus,229,1,3,3,3,1,1,3,1,2,2,4,3,1,2.15,4,0,FALSE
Male,Loyal Customer,33,Business Travel,Eco,377,4,5,5,5,4,4,4,4,4,4,1,3,4,3.92,0,0,TRUE
Male,Loyal Customer,29,Personal Travel,Eco,547,4,0,4,1,1,4,1,1,4,2,5,5,1,2.54,0,0,FALSE
Male,Loyal Customer,45,Business Travel,Business,1995,3,3,3,3,3,4,5,5,5,5,5,5,3,4,18,5,TRUE
Male,Loyal Customer,37,Business Travel,Business,3424,1,1,1,1,2,5,5,5,5,5,5,5,5,3.54,0,7,TRUE
Female,Loyal Customer,32,Business Travel,Eco Plus,277,5,4,4,4,5,5,5,5,3,1,2,3,5,3.92,0,0,TRUE
Female,Disloyal Customer,33,Business Travel,Eco,190,4,0,4,5,3,4,3,3,3,1,4,5,3,3.23,0,0,FALSE
Female,Disloyal Customer,20,Business Travel,Eco,837,4,4,4,2,5,4,5,5,3,2,5,3,5,3.92,2,20,TRUE
Male,Loyal Customer,33,Business Travel,Business,1609,2,2,2,2,5,4,5,5,5,2,4,3,5,3.54,0,0,TRUE
Female,Loyal Customer,44,Business Travel,Business,376,1,1,1,1,3,5,5,3,3,3,3,2,1,2.46,0,0,TRUE
Female,Loyal Customer,44,Business Travel,Eco,246,5,5,5,5,3,4,3,5,5,5,5,3,5,4.46,0,7,TRUE
Male,Loyal Customer,34,Business Travel,Business,2105,2,4,4,4,2,1,2,2,2,2,2,2,3,2.46,4,10,FALSE
Male,Loyal Customer,47,Business Travel,Business,2306,3,5,5,5,2,4,4,3,3,3,3,4,1,3.46,9,41,FALSE
Female,Loyal Customer,63,Personal Travel,Eco,599,4,4,4,3,4,4,3,3,3,4,3,1,3,3.31,0,0,FALSE
Female,Loyal Customer,42,Business Travel,Eco,846,4,3,3,3,3,2,4,4,4,4,4,2,1,3.15,0,0,TRUE
Female,Disloyal Customer,30,Business Travel,Eco Plus,977,4,4,4,3,4,4,4,4,2,1,5,2,4,3.46,0,0,TRUE
Female,Loyal Customer,58,Business Travel,Business,2843,1,3,3,3,3,3,4,1,1,1,1,3,1,2.15,0,0,FALSE
Female,Disloyal Customer,28,Business Travel,Eco,948,4,4,4,4,5,4,5,5,5,1,4,1,5,3.92,92,91,TRUE
Male,Loyal Customer,40,Business Travel,Business,592,3,3,3,3,3,4,4,4,4,4,4,3,5,3.62,2,0,TRUE
Female,Loyal Customer,35,Personal Travel,Eco,1222,3,3,3,1,1,3,1,1,1,5,3,1,1,2.08,100,91,FALSE
Male,Loyal Customer,48,Personal Travel,Eco,451,3,3,3,2,5,3,5,5,3,1,2,2,5,3.23,0,0,FALSE
Male,Disloyal Customer,26,Business Travel,Business,1089,4,4,4,2,2,4,2,2,3,2,5,4,2,3.08,0,0,FALSE
Male,Loyal Customer,11,Personal Travel,Eco,209,2,5,0,4,2,0,2,2,1,5,2,4,2,2.38,17,18,FALSE
Male,Loyal Customer,62,Personal Travel,Eco,399,2,4,2,2,5,2,5,5,3,2,4,4,5,3.46,0,11,FALSE
Male,Loyal Customer,48,Personal Travel,Eco,447,3,4,0,3,3,0,3,3,3,2,4,2,3,2.54,8,6,FALSE
Male,Loyal Customer,53,Business Travel,Eco Plus,447,2,2,2,2,1,2,1,1,3,1,5,2,1,1.92,25,14,TRUE
Female,Loyal Customer,25,Business Travel,Business,2926,2,4,4,4,2,2,2,2,4,1,4,1,2,2.62,17,16,FALSE
Female,Loyal Customer,33,Business Travel,Business,3904,1,1,1,1,2,1,2,4,4,4,4,5,5,2.69,3,6,TRUE
Female,Loyal Customer,22,Personal Travel,Eco,591,1,4,1,4,2,1,2,2,4,4,5,4,2,2.77,1,0,FALSE
Male,Loyal Customer,25,Business Travel,Eco Plus,926,4,3,3,3,4,4,3,4,5,4,4,5,4,3.85,0,0,TRUE
Female,Loyal Customer,26,Personal Travel,Eco,798,1,4,1,1,4,1,4,4,5,2,2,2,4,2.69,0,0,FALSE
Male,Loyal Customer,56,Business Travel,Business,299,1,1,1,1,3,4,4,4,4,4,4,4,5,3.08,10,27,TRUE
Male,Loyal Customer,54,Business Travel,Business,2150,5,5,5,5,5,4,4,5,5,5,5,4,3,4.62,82,75,TRUE
Female,Loyal Customer,10,Personal Travel,Business,447,3,5,3,1,1,3,3,1,4,2,4,5,1,2.77,0,0,FALSE
Male,Loyal Customer,69,Personal Travel,Eco,357,3,1,3,3,4,3,4,4,1,2,2,2,4,2.77,0,8,FALSE
Male,Disloyal Customer,25,Business Travel,Business,446,2,0,2,1,3,2,3,3,4,2,5,3,3,2.54,31,24,FALSE
Male,Loyal Customer,15,Personal Travel,Eco,594,5,1,5,3,1,5,1,1,3,2,4,4,1,2.77,0,0,TRUE
Female,Loyal Customer,37,Business Travel,Business,1138,4,4,4,4,5,4,5,5,5,5,5,5,4,4.54,0,0,TRUE
Male,Disloyal Customer,22,Business Travel,Eco,1389,4,4,4,4,5,4,5,5,4,5,4,5,5,4.46,1,0,TRUE
Female,Loyal Customer,31,Business Travel,Business,2290,4,4,4,4,4,4,4,4,2,2,4,2,4,3.54,9,0,FALSE
Female,Loyal Customer,49,Business Travel,Business,2763,1,1,1,1,4,4,5,5,5,5,5,4,3,3.38,30,33,TRUE
Male,Loyal Customer,41,Business Travel,Business,299,2,5,5,5,2,3,3,2,2,2,2,4,3,3.08,0,0,FALSE
Female,Loyal Customer,48,Business Travel,Business,1831,5,5,2,5,2,4,4,2,2,3,2,3,4,3.31,0,0,TRUE
Male,Loyal Customer,62,Business Travel,Eco Plus,315,3,1,1,1,3,3,3,3,2,5,3,2,3,2.54,0,7,FALSE
Male,Loyal Customer,49,Business Travel,Business,2454,2,5,5,5,2,2,2,3,1,3,2,2,2,2.77,2,20,FALSE
Male,Loyal Customer,12,Business Travel,Eco Plus,817,5,1,1,1,5,5,3,5,2,1,3,4,5,3.15,0,0,TRUE
Female,Loyal Customer,61,Business Travel,Eco Plus,1262,2,5,5,5,3,4,3,2,2,2,2,1,2,2.92,0,0,FALSE
Female,Loyal Customer,53,Business Travel,Business,1744,2,2,2,2,3,2,3,2,2,3,2,2,4,2.38,8,0,FALSE
Male,Loyal Customer,43,Business Travel,Business,1885,2,2,5,2,2,4,5,4,4,4,4,3,5,3.54,32,26,TRUE
Female,Loyal Customer,10,Personal Travel,Eco,2454,2,5,2,3,5,2,1,5,3,5,3,4,5,3.46,0,0,FALSE
Male,Loyal Customer,10,Personal Travel,Business,922,5,2,5,4,5,5,5,5,1,4,3,1,5,3.85,0,0,TRUE
Female,Disloyal Customer,24,Business Travel,Eco,337,2,2,2,2,1,2,1,1,2,4,2,3,1,1.92,0,0,FALSE
Female,Loyal Customer,51,Business Travel,Business,1235,3,3,3,3,4,5,5,4,4,4,4,3,5,3.85,1,0,TRUE
Male,Loyal Customer,20,Business Travel,Business,1726,5,5,5,5,2,2,2,2,5,5,5,5,2,3.85,14,0,TRUE
Female,Loyal Customer,55,Business Travel,Business,2576,1,1,1,1,2,4,4,4,4,4,4,5,3,2.92,14,18,TRUE
Male,Loyal Customer,42,Business Travel,Business,888,2,2,2,2,3,5,5,5,5,5,5,3,3,3.62,3,0,TRUE
Female,Loyal Customer,24,Business Travel,Business,196,2,1,1,1,4,3,2,4,4,5,4,4,4,3,0,0,FALSE
Female,Loyal Customer,53,Personal Travel,Eco Plus,328,3,3,3,2,3,4,5,3,3,3,5,5,1,3.31,0,0,FALSE
Female,Loyal Customer,46,Business Travel,Business,3220,1,1,1,1,5,4,5,5,5,5,5,4,5,3.62,32,28,TRUE
Male,Loyal Customer,7,Personal Travel,Eco,576,2,5,2,1,1,2,1,1,3,2,5,4,1,2.31,0,9,FALSE
Male,Loyal Customer,42,Business Travel,Eco,305,4,2,2,2,5,4,5,5,5,1,3,3,5,3.54,2,0,TRUE
Female,Disloyal Customer,36,Business Travel,Eco Plus,610,1,1,1,1,1,1,1,1,3,1,3,4,1,1.54,0,0,FALSE
Female,Loyal Customer,12,Personal Travel,Eco,581,3,2,3,2,2,3,2,2,3,2,3,3,2,2.46,8,0,FALSE
Male,Loyal Customer,27,Business Travel,Business,1310,1,4,1,1,2,2,2,2,4,3,4,5,2,2.54,0,1,TRUE
Male,Loyal Customer,26,Business Travel,Business,762,3,5,5,5,3,3,3,3,4,5,2,2,3,3.54,0,7,FALSE
Male,Disloyal Customer,27,Business Travel,Eco,1501,2,2,2,2,3,2,3,3,3,1,2,1,3,2.23,0,0,FALSE
Female,Loyal Customer,9,Personal Travel,Business,602,2,4,2,1,2,2,2,2,5,3,4,4,2,2.69,7,2,FALSE
Female,Loyal Customer,44,Personal Travel,Eco,837,2,2,2,3,4,4,4,4,4,2,4,4,1,3.08,23,15,FALSE
Male,Disloyal Customer,49,Business Travel,Eco,190,2,4,2,4,1,2,1,1,1,3,4,1,1,2.08,0,0,FALSE
Male,Loyal Customer,46,Business Travel,Business,946,3,3,3,3,5,5,4,4,4,4,4,3,4,3.77,13,0,TRUE
Female,Loyal Customer,67,Business Travel,Business,2359,3,3,3,3,2,4,4,4,4,4,4,3,4,3.46,0,0,TRUE
Female,Loyal Customer,50,Business Travel,Business,1199,5,5,5,5,2,5,2,4,4,4,4,3,2,3.85,29,27,TRUE
Female,Loyal Customer,26,Business Travel,Business,516,1,5,5,5,1,2,1,1,4,5,3,4,1,2.92,13,23,FALSE
Female,Loyal Customer,37,Business Travel,Business,208,3,4,4,4,3,3,4,2,2,3,3,4,2,3.15,0,0,FALSE
Male,Loyal Customer,53,Business Travel,Business,325,2,2,2,2,4,4,5,4,4,4,4,5,3,3.46,27,24,TRUE
Male,Loyal Customer,18,Business Travel,Business,2687,4,4,4,4,4,4,5,4,5,2,5,5,4,4.15,6,0,TRUE
Male,Disloyal Customer,50,Business Travel,Business,421,1,1,1,2,3,1,3,3,3,5,4,4,3,2.62,0,0,FALSE
Male,Loyal Customer,24,Business Travel,Eco Plus,448,4,1,5,1,4,4,5,4,2,4,5,5,4,3.69,0,0,TRUE
Female,Loyal Customer,49,Personal Travel,Eco,930,2,4,2,1,4,5,4,1,1,2,1,3,3,2.54,0,0,FALSE
Female,Disloyal Customer,37,Business Travel,Eco,228,1,4,1,5,3,1,1,3,4,2,5,2,3,2.69,0,0,FALSE
Female,Disloyal Customer,23,Business Travel,Eco,265,1,4,1,4,2,1,4,2,1,1,4,2,2,2.23,33,24,FALSE
Female,Loyal Customer,33,Personal Travel,Eco,359,3,4,3,4,3,1,1,5,4,4,4,1,1,2.92,245,228,FALSE
Male,Loyal Customer,25,Business Travel,Business,2444,1,4,4,4,1,1,1,1,3,4,4,4,1,2.54,0,0,FALSE
Male,Loyal Customer,47,Personal Travel,Eco,1158,2,4,2,1,5,2,5,5,2,3,3,4,5,3.31,0,10,FALSE
Female,Loyal Customer,20,Personal Travel,Eco,237,1,5,0,2,1,0,4,1,5,2,4,4,1,2.31,0,0,FALSE
Female,Loyal Customer,55,Business Travel,Eco,946,3,1,1,1,5,3,4,3,3,3,3,2,4,2.77,0,0,FALSE
Male,Loyal Customer,53,Business Travel,Business,2136,1,1,1,1,5,5,5,4,4,4,4,4,5,3.38,14,0,TRUE
Female,Disloyal Customer,38,Business Travel,Business,425,5,0,0,1,2,0,2,2,4,5,4,5,2,2.46,0,0,TRUE
Male,Loyal Customer,52,Business Travel,Business,2617,4,4,4,4,5,5,4,5,5,5,5,4,3,4.38,0,3,TRUE
Female,Loyal Customer,11,Personal Travel,Eco,606,2,5,2,4,4,2,4,4,4,3,1,3,4,3.23,8,12,FALSE
Female,Loyal Customer,19,Personal Travel,Eco,534,4,4,4,3,3,4,3,3,3,2,5,5,3,3.54,0,2,FALSE
Male,Loyal Customer,60,Business Travel,Business,3004,1,1,1,1,5,4,5,5,5,5,5,3,4,3.46,0,0,TRUE
Male,Loyal Customer,57,Business Travel,Business,319,5,5,5,5,2,5,5,5,5,5,5,3,4,4.54,6,38,TRUE
Female,Loyal Customer,50,Business Travel,Business,3654,2,4,4,4,1,3,3,2,2,2,2,1,3,2.54,0,0,FALSE
Female,Disloyal Customer,28,Business Travel,Eco,2409,3,3,3,5,4,3,3,4,5,1,4,5,4,3.62,0,0,FALSE
Female,Loyal Customer,42,Business Travel,Eco,633,4,1,1,1,4,5,3,4,4,4,4,3,4,3.23,10,0,TRUE
Female,Loyal Customer,48,Business Travel,Business,2115,0,4,0,4,4,4,4,3,3,4,4,5,5,3.38,6,0,TRUE
Female,Disloyal Customer,36,Business Travel,Eco,144,2,1,2,3,5,2,5,5,1,1,3,1,5,2.77,0,0,FALSE
Male,Loyal Customer,43,Business Travel,Business,2248,4,2,4,4,2,3,5,5,5,5,5,3,3,3.85,0,12,TRUE
Female,Loyal Customer,61,Personal Travel,Eco,697,2,3,2,4,2,3,4,1,1,2,1,3,2,2.31,0,0,FALSE
Female,Loyal Customer,20,Business Travel,Business,3524,4,4,3,4,4,4,4,4,4,3,1,3,4,3.54,0,5,TRUE
Female,Loyal Customer,23,Business Travel,Business,1464,1,5,1,1,5,5,5,5,3,2,2,1,5,3.15,0,0,TRUE
Male,Loyal Customer,41,Business Travel,Business,3673,2,4,4,4,1,4,4,3,3,3,2,4,4,3.23,0,0,FALSE
Male,Loyal Customer,31,Business Travel,Business,873,2,1,1,1,2,2,2,2,1,3,3,2,2,1.85,0,6,FALSE
Female,Loyal Customer,42,Business Travel,Business,315,3,3,5,3,4,4,4,4,4,5,4,3,5,3.92,0,0,TRUE
Female,Loyal Customer,51,Personal Travel,Eco,290,1,4,1,1,2,5,4,1,1,1,4,5,3,2.54,4,0,FALSE
Female,Loyal Customer,23,Personal Travel,Eco,1746,1,4,0,3,3,0,3,3,1,1,2,2,3,2,2,0,FALSE
Female,Disloyal Customer,25,Business Travel,Business,1514,4,0,4,5,2,4,2,2,3,3,4,3,2,2.92,0,0,TRUE
Female,Loyal Customer,25,Business Travel,Business,516,1,1,1,1,4,4,4,4,4,5,4,5,4,3.23,0,0,TRUE
Female,Loyal Customer,35,Personal Travel,Eco,821,1,5,1,3,3,1,2,3,4,4,5,3,3,2.92,0,6,FALSE
Female,Loyal Customer,11,Personal Travel,Eco,3784,4,5,4,3,4,3,3,3,5,3,5,3,3,3.69,0,10,FALSE
Male,Loyal Customer,18,Personal Travel,Eco,1562,1,5,0,3,4,0,4,4,5,5,2,3,4,3.08,49,39,FALSE
Male,Loyal Customer,47,Business Travel,Eco,223,5,2,2,2,5,5,5,5,1,5,5,1,5,3.69,0,0,TRUE
Female,Disloyal Customer,56,Business Travel,Eco,448,2,0,2,3,1,2,1,1,4,4,5,5,1,2.38,0,1,FALSE
Male,Loyal Customer,7,Personal Travel,Eco,247,2,1,2,3,4,2,4,4,4,1,3,4,4,2.92,0,0,FALSE
Female,Loyal Customer,60,Business Travel,Eco,1092,2,3,3,3,2,3,3,2,2,2,2,3,4,2.62,16,,FALSE
Female,Loyal Customer,60,Business Travel,Eco,2404,5,2,1,1,5,5,5,3,3,3,1,5,5,3.38,0,56,TRUE
Female,Loyal Customer,56,Business Travel,Business,550,1,1,1,1,3,4,4,4,4,4,4,5,4,3.08,0,0,TRUE
Male,Loyal Customer,10,Personal Travel,Eco,852,5,4,5,1,2,5,2,2,3,3,4,3,2,3.15,0,0,TRUE
Female,Loyal Customer,33,Business Travel,Business,2676,1,1,3,3,2,1,1,2,1,4,4,1,1,1.92,9,16,FALSE
Female,Loyal Customer,47,Personal Travel,Eco,640,2,5,2,4,5,4,4,1,1,2,1,3,5,3,0,0,FALSE
Female,Loyal Customer,34,Personal Travel,Business,460,3,4,3,3,2,4,5,4,4,3,4,5,3,3.62,37,35,FALSE
Male,Loyal Customer,45,Personal Travel,Eco,270,1,4,1,4,4,1,4,4,4,3,4,4,4,3.23,0,0,FALSE
Female,Loyal Customer,49,Business Travel,Business,442,3,3,3,3,3,5,4,4,4,4,4,5,3,3.69,7,11,TRUE
Male,Loyal Customer,52,Business Travel,Business,223,4,4,4,4,5,4,4,4,4,4,5,5,4,4.23,19,3,TRUE
Male,Disloyal Customer,37,Business Travel,Eco,407,2,0,2,3,4,2,2,4,4,5,4,3,4,3,0,0,FALSE
Male,Loyal Customer,45,Business Travel,Eco,391,4,2,2,2,4,4,4,4,3,2,2,5,4,3.23,1,14,TRUE
Male,Loyal Customer,56,Personal Travel,Eco,323,2,2,2,4,4,2,4,4,3,2,3,2,4,2.92,40,34,FALSE
Female,Disloyal Customer,44,Business Travel,Business,599,1,1,1,5,4,1,4,4,3,2,5,5,4,3.08,0,0,FALSE
Male,Loyal Customer,34,Business Travel,Business,1733,1,1,1,1,3,5,5,5,5,5,5,4,4,3.46,0,0,TRUE
Female,Disloyal Customer,23,Business Travel,Eco,371,1,0,1,5,5,1,5,5,1,4,4,4,5,3.15,0,0,FALSE
Male,Loyal Customer,69,Personal Travel,Eco,187,3,4,3,3,5,3,4,5,5,2,5,3,5,3.85,5,23,FALSE
Male,Loyal Customer,42,Business Travel,Eco,600,2,3,3,3,2,2,2,2,3,1,3,4,2,2.46,0,0,FALSE
Male,Loyal Customer,77,Business Travel,Eco Plus,1028,3,5,1,1,3,3,3,3,2,5,3,4,3,3,29,44,FALSE
Female,Loyal Customer,60,Personal Travel,Eco,356,4,5,4,4,4,4,4,2,2,4,2,4,5,3.69,0,0,FALSE
Female,Loyal Customer,52,Personal Travel,Eco,591,3,5,2,3,4,5,5,2,2,2,2,4,5,3.38,23,40,FALSE
Male,Loyal Customer,23,Business Travel,Business,1556,1,1,1,1,5,5,5,3,2,3,3,5,5,3.08,167,174,TRUE
Male,Disloyal Customer,28,Business Travel,Eco,820,4,5,5,4,4,5,4,4,4,5,4,4,4,4.31,0,0,FALSE
Female,Loyal Customer,45,Business Travel,Business,308,4,2,2,2,5,3,3,4,4,4,4,1,3,3.15,34,25,FALSE
Male,Loyal Customer,63,Personal Travel,Eco,370,2,2,2,4,1,2,1,1,3,4,4,4,1,2.38,12,8,FALSE
Female,Loyal Customer,35,Business Travel,Eco,460,5,2,2,2,5,5,5,5,4,2,1,2,5,3.46,0,0,TRUE
Female,Loyal Customer,34,Business Travel,Eco,1046,3,5,5,5,3,3,3,3,4,1,4,1,3,3.31,0,0,FALSE
Female,Disloyal Customer,27,Business Travel,Business,835,2,2,2,2,2,2,2,2,3,4,5,5,2,2.69,15,11,FALSE
Male,Disloyal Customer,37,Business Travel,Business,1050,1,1,1,2,3,1,3,3,5,5,5,3,3,2.77,0,0,FALSE
Male,Loyal Customer,46,Business Travel,Business,3033,4,4,4,4,4,4,4,3,2,5,5,4,4,3.92,243,244,TRUE
Male,Loyal Customer,72,Business Travel,Business,645,1,1,1,1,5,1,2,3,3,3,3,4,3,2.38,0,0,TRUE
Male,Loyal Customer,28,Business Travel,Business,1663,1,1,1,1,4,4,4,4,5,3,1,3,4,2.77,0,24,TRUE
Female,Loyal Customer,53,Business Travel,Eco,323,5,3,1,1,5,4,1,5,5,5,5,1,4,3.46,24,53,TRUE
Female,Disloyal Customer,28,Business Travel,Business,1171,2,2,2,3,4,2,5,4,4,2,5,4,4,3.31,1,4,FALSE
Female,Loyal Customer,26,Personal Travel,Eco,248,3,4,3,3,2,3,3,2,4,3,5,3,2,3.08,15,11,FALSE
Female,Disloyal Customer,24,Business Travel,Business,711,2,4,2,4,5,2,5,5,3,4,3,1,5,3.46,0,0,FALSE
Female,Loyal Customer,37,Business Travel,Business,463,1,1,1,1,2,1,4,2,2,2,2,4,5,2.15,0,0,TRUE
Male,Disloyal Customer,37,Business Travel,Business,500,1,2,2,1,5,2,5,5,5,3,5,5,5,3.54,4,16,FALSE
Female,Disloyal Customer,22,Business Travel,Eco,1127,5,5,5,4,4,5,3,4,5,2,5,5,4,4.31,0,0,TRUE
Male,Loyal Customer,36,Business Travel,Eco,200,4,5,5,5,4,4,4,4,2,3,4,5,4,4.08,0,0,TRUE
Male,Loyal Customer,24,Business Travel,Business,781,3,3,3,3,5,5,5,5,5,5,5,4,5,4.31,14,4,TRUE
Male,Disloyal Customer,22,Business Travel,Eco,1319,3,3,3,4,3,3,3,3,3,3,5,3,3,3.23,4,0,FALSE
Female,Loyal Customer,61,Personal Travel,Eco,1747,4,0,4,1,5,5,5,2,2,4,2,3,4,3.15,0,0,FALSE
Male,Loyal Customer,43,Business Travel,Business,737,2,2,2,2,2,5,4,4,4,4,4,3,3,3.15,0,0,TRUE
Female,Loyal Customer,46,Business Travel,Business,1180,3,2,3,3,3,4,5,4,4,4,4,5,4,3.69,21,0,TRUE
Male,Loyal Customer,79,Business Travel,Business,3626,2,2,2,2,4,5,1,5,5,5,5,2,2,3.23,0,1,TRUE
Male,Disloyal Customer,22,Business Travel,Eco,762,5,5,5,4,1,5,1,1,5,3,2,4,1,3.23,0,0,TRUE
Female,Loyal Customer,41,Personal Travel,Eco,921,2,5,2,5,5,2,5,5,5,4,5,3,5,4.08,0,0,FALSE
Female,Loyal Customer,12,Personal Travel,Eco,452,3,4,3,5,2,3,2,2,5,4,4,3,2,3.23,0,0,FALSE
Female,Loyal Customer,23,Business Travel,Business,2486,5,2,5,5,4,4,4,4,4,4,4,3,4,4,1,0,TRUE
Male,Disloyal Customer,29,Business Travel,Eco,1443,2,2,2,3,2,1,1,3,1,5,3,1,1,2.08,187,186,FALSE
Male,Loyal Customer,19,Personal Travel,Eco,588,2,3,2,3,1,2,1,1,3,2,4,4,1,2.23,3,1,FALSE
Female,Loyal Customer,27,Personal Travel,Eco,689,2,5,2,2,2,2,2,2,4,5,4,3,2,2.85,111,110,FALSE
Male,Loyal Customer,35,Business Travel,Eco Plus,329,5,4,4,4,5,5,5,5,4,4,5,4,5,4.54,0,0,TRUE
Female,Loyal Customer,56,Business Travel,Business,1067,1,1,2,1,5,5,4,5,5,4,5,5,5,3.69,1,16,TRUE
Male,Loyal Customer,50,Business Travel,Business,3599,3,3,3,3,4,5,4,5,5,5,5,5,4,4.15,12,24,TRUE
Male,Loyal Customer,38,Business Travel,Business,3873,5,5,5,5,5,5,5,4,4,4,4,3,5,4.54,0,0,TRUE
Female,Loyal Customer,39,Business Travel,Business,319,4,4,4,4,5,4,4,4,4,4,4,3,2,3.85,0,0,TRUE
Male,Loyal Customer,52,Business Travel,Business,1363,5,5,5,5,2,5,5,4,4,3,4,5,5,4.38,1,11,TRUE
Female,Loyal Customer,41,Business Travel,Business,3938,4,4,4,4,2,4,5,5,5,4,5,5,4,4.23,0,0,TRUE
Male,Loyal Customer,55,Business Travel,Business,1788,4,4,4,4,4,4,5,4,4,4,4,5,4,4.15,0,0,TRUE
Female,Loyal Customer,56,Business Travel,Business,1491,3,3,3,3,4,4,4,3,4,5,5,4,4,3.77,258,247,TRUE
Female,Loyal Customer,44,Personal Travel,Eco,213,4,5,4,1,1,4,1,1,1,4,1,4,1,2.46,0,5,FALSE
Female,Loyal Customer,31,Personal Travel,Eco,151,2,5,2,5,1,2,4,1,5,4,4,5,1,3.15,0,0,FALSE
Female,Loyal Customer,25,Business Travel,Business,3779,4,4,4,4,4,4,4,4,1,3,4,3,4,3.62,0,5,TRUE
Female,Disloyal Customer,36,Business Travel,Eco,226,3,3,3,3,1,3,1,1,1,2,3,4,1,2.23,0,0,FALSE
Male,Disloyal Customer,23,Business Travel,Eco,469,1,4,1,4,4,1,4,4,2,1,4,2,4,2.77,0,0,FALSE
Male,Loyal Customer,33,Personal Travel,Eco,989,1,5,0,3,0,1,1,4,2,5,5,1,1,2.23,726,691,FALSE
Female,Loyal Customer,26,Personal Travel,Eco Plus,1123,2,5,2,1,4,2,4,4,3,2,5,4,4,3.23,2,0,FALSE
Female,Loyal Customer,65,Personal Travel,Eco,130,1,0,1,2,5,5,5,5,5,1,5,5,3,3.31,0,0,FALSE
Male,Loyal Customer,42,Business Travel,Eco,1346,4,5,5,5,5,4,5,5,1,5,3,3,5,4.23,0,0,FALSE
Male,Loyal Customer,56,Business Travel,Business,1766,2,2,2,2,4,5,4,4,4,4,4,5,5,3.62,56,65,TRUE
Male,Loyal Customer,21,Personal Travel,Eco Plus,334,1,5,5,5,4,5,4,4,3,2,4,5,4,3.92,48,52,FALSE
Female,Loyal Customer,10,Personal Travel,Eco,515,2,4,4,3,4,4,4,4,4,5,5,5,4,4,0,14,FALSE
Female,Disloyal Customer,21,Business Travel,Eco,861,3,3,3,3,3,3,2,3,1,1,3,4,3,2.69,100,108,FALSE
Male,Loyal Customer,13,Personal Travel,Eco,1608,3,5,4,1,2,4,2,2,4,1,4,4,2,2.92,2,0,FALSE
Male,Loyal Customer,37,Business Travel,Business,2077,2,1,1,1,1,4,3,2,2,2,2,4,4,2.23,37,27,FALSE
Male,Disloyal Customer,40,Business Travel,Eco,859,2,2,2,1,2,2,2,2,4,4,1,3,2,2.23,9,18,FALSE
Female,Loyal Customer,49,Personal Travel,Eco Plus,210,0,5,0,5,4,2,2,3,3,0,3,5,5,2.85,0,0,TRUE
Male,Disloyal Customer,41,Business Travel,Business,1313,3,3,3,1,5,3,1,5,5,4,5,3,5,3.54,0,0,FALSE
Male,Disloyal Customer,23,Business Travel,Eco,726,1,1,1,1,2,1,2,2,4,5,4,5,2,2.38,0,0,FALSE
Female,Loyal Customer,23,Personal Travel,Eco,1624,3,3,3,1,2,3,2,2,4,4,5,3,2,2.85,45,35,FALSE
Male,Disloyal Customer,59,Business Travel,Eco,302,1,1,1,4,1,1,1,1,2,3,3,3,1,1.77,38,38,FALSE
Female,Loyal Customer,32,Business Travel,Business,2841,5,5,5,5,4,4,4,4,5,2,5,4,4,4.31,3,1,TRUE
Female,Loyal Customer,14,Personal Travel,Eco,599,1,4,1,3,3,1,3,3,4,5,3,2,3,2.77,86,88,FALSE
Male,Loyal Customer,25,Personal Travel,Eco Plus,511,4,4,3,4,4,3,4,4,4,2,5,5,4,3.85,0,0,FALSE
Female,Loyal Customer,21,Personal Travel,Eco,563,2,5,2,3,5,2,5,5,3,4,4,3,5,3.69,62,53,FALSE
Female,Loyal Customer,25,Business Travel,Business,1547,1,1,4,1,4,4,4,4,3,4,4,3,4,3.15,0,0,TRUE
Female,Loyal Customer,48,Business Travel,Eco,269,3,3,3,3,4,3,4,2,2,3,2,2,1,2.69,0,9,FALSE
Male,Loyal Customer,33,Business Travel,Business,2140,1,1,1,1,4,4,4,4,5,5,5,3,4,3.23,0,0,TRUE
Male,Loyal Customer,58,Business Travel,Business,2265,3,5,3,3,4,1,1,3,3,3,3,4,3,3,0,0,TRUE
Female,Loyal Customer,41,Personal Travel,Eco Plus,1671,1,1,1,4,3,4,3,1,1,1,1,2,1,1.85,17,3,FALSE
Male,Loyal Customer,61,Personal Travel,Eco Plus,606,2,5,2,3,4,2,4,4,3,5,5,3,4,3.54,0,2,FALSE
Female,Loyal Customer,40,Personal Travel,Eco,423,3,5,3,1,5,3,3,5,5,4,5,5,5,4,0,0,FALSE
Female,Loyal Customer,65,Personal Travel,Eco,270,4,0,4,1,1,5,5,5,5,4,5,3,1,3.31,0,0,FALSE
Female,Loyal Customer,57,Business Travel,Business,2568,3,3,3,3,5,5,4,3,3,3,3,4,5,3.62,0,0,TRUE
Male,Disloyal Customer,21,Business Travel,Business,393,0,0,0,4,4,0,4,4,4,2,4,4,4,2.62,2,27,TRUE
Female,Loyal Customer,48,Business Travel,Eco,308,5,1,1,1,2,3,2,4,4,5,4,4,1,2.85,0,0,TRUE
Female,Loyal Customer,41,Business Travel,Business,1606,0,0,0,5,4,5,4,3,3,3,3,4,4,2.92,0,0,TRUE
Male,Loyal Customer,28,Personal Travel,Eco Plus,2465,2,4,2,2,2,2,5,2,4,5,4,4,2,3.08,0,0,FALSE
Male,Loyal Customer,60,Business Travel,Business,515,1,1,1,1,4,4,4,4,4,4,4,4,3,3,11,31,TRUE
Female,Loyal Customer,46,Business Travel,Business,332,4,4,4,4,2,5,5,4,4,4,4,4,4,4,24,30,TRUE
Female,Loyal Customer,9,Personal Travel,Eco,399,3,5,3,2,4,3,4,4,4,4,1,1,4,3.23,0,0,FALSE
Female,Loyal Customer,52,Business Travel,Business,3915,3,1,1,1,2,2,2,4,4,4,3,3,3,2.54,0,0,FALSE
Female,Loyal Customer,52,Business Travel,Business,481,1,5,5,5,5,4,3,1,1,2,1,3,2,2.92,11,2,FALSE
Male,Loyal Customer,50,Business Travel,Business,1009,3,3,3,3,4,5,5,1,1,2,1,5,4,3.08,9,0,TRUE
Male,Loyal Customer,50,Personal Travel,Eco,101,3,5,3,5,2,3,2,2,5,5,5,4,2,3.54,0,1,FALSE
Male,Loyal Customer,27,Business Travel,Eco,526,4,5,5,5,4,4,4,4,1,1,2,1,4,3.38,6,8,FALSE
Male,Loyal Customer,43,Business Travel,Eco,299,3,1,1,1,3,3,3,3,5,5,4,5,3,3.08,0,4,TRUE
Female,Loyal Customer,28,Business Travel,Business,3193,5,5,5,5,4,4,4,4,5,5,5,5,4,4.62,0,0,TRUE
Female,Loyal Customer,60,Business Travel,Business,106,5,5,5,5,5,5,5,4,4,4,4,4,4,4.54,2,2,TRUE
Female,Loyal Customer,33,Business Travel,Eco,160,5,1,1,1,5,5,5,5,5,4,3,5,5,3.85,0,0,TRUE
Male,Loyal Customer,30,Business Travel,Eco Plus,985,3,4,5,4,3,3,3,3,1,2,3,1,3,2.92,0,4,FALSE
Male,Disloyal Customer,28,Business Travel,Eco,1391,1,1,1,4,3,1,3,3,1,2,4,4,3,2.38,31,6,FALSE
Male,Loyal Customer,58,Personal Travel,Eco,813,0,2,0,4,4,0,4,4,3,5,2,2,4,2.62,0,0,TRUE
Female,Loyal Customer,18,Personal Travel,Eco,861,3,4,3,4,2,3,2,2,3,3,4,4,2,3,14,10,FALSE
Female,Loyal Customer,14,Personal Travel,Eco,277,5,2,2,4,3,2,3,3,3,2,4,4,3,3.08,0,0,TRUE
Female,Loyal Customer,41,Personal Travel,Eco,591,3,0,3,2,4,3,5,4,5,4,5,3,4,3.46,0,0,FALSE
Female,Loyal Customer,52,Business Travel,Business,2661,2,2,2,2,5,4,1,5,5,5,4,4,5,3.54,0,0,TRUE
Male,Loyal Customer,63,Business Travel,Business,1685,3,2,3,2,1,4,3,3,3,3,3,3,3,2.77,0,0,FALSE
Male,Loyal Customer,37,Business Travel,Business,2981,2,2,2,2,2,1,3,4,4,4,4,2,2,2.62,0,0,TRUE
Male,Loyal Customer,53,Business Travel,Eco,372,4,2,2,2,4,4,4,4,2,3,2,2,4,3,12,3,TRUE
Male,Loyal Customer,32,Personal Travel,Eco Plus,1162,1,1,1,3,4,1,4,4,1,2,2,1,4,2.23,0,0,FALSE
Male,Disloyal Customer,36,Business Travel,Eco,445,4,0,5,4,3,5,1,3,1,5,4,3,3,3.15,0,13,FALSE
Female,Loyal Customer,68,Business Travel,Business,288,1,1,1,1,2,5,5,4,4,4,4,3,3,2.92,0,0,TRUE
Male,Loyal Customer,54,Business Travel,Business,1773,1,1,1,1,4,5,4,2,2,2,2,4,5,2.62,4,0,TRUE
Male,Disloyal Customer,24,Business Travel,Eco,134,5,3,5,3,5,5,5,5,5,4,4,4,5,4.46,14,14,TRUE
Male,Loyal Customer,59,Business Travel,Business,3023,1,1,2,1,4,5,4,4,4,4,4,3,3,3.08,4,2,TRUE
Female,Loyal Customer,57,Business Travel,Business,3408,1,1,1,1,2,4,5,5,5,5,5,3,5,3.31,0,0,TRUE
Male,Loyal Customer,47,Business Travel,Business,1849,4,4,4,4,4,4,5,4,4,4,4,4,3,4,9,0,TRUE
Male,Loyal Customer,30,Personal Travel,Eco Plus,689,1,4,1,4,2,1,2,2,4,4,4,5,2,2.77,14,11,FALSE
Female,Loyal Customer,66,Business Travel,Business,1999,2,3,3,3,2,2,4,2,2,2,2,1,2,2.31,22,33,FALSE
Male,Loyal Customer,60,Business Travel,Business,1751,5,1,5,5,3,3,4,4,4,4,4,5,3,3.85,0,0,TRUE
Female,Disloyal Customer,24,Business Travel,Eco,775,1,1,1,4,5,1,5,5,5,5,5,3,5,3.54,2,0,FALSE
Male,Disloyal Customer,70,Business Travel,Eco,752,4,4,4,4,1,4,1,1,4,3,3,3,1,2.85,0,0,FALSE
Male,Loyal Customer,41,Personal Travel,Eco,282,3,4,5,4,2,5,2,2,5,5,4,5,2,3.69,108,98,FALSE
Male,Loyal Customer,54,Personal Travel,Eco,894,0,5,1,1,5,1,5,5,4,4,4,5,5,3.46,0,0,TRUE
Female,Loyal Customer,42,Business Travel,Business,983,1,1,1,1,2,5,5,5,5,5,5,5,3,3.38,5,0,TRUE
Female,Loyal Customer,11,Personal Travel,Eco,409,4,1,4,3,3,4,4,3,3,4,3,4,3,3.31,0,0,TRUE
Female,Loyal Customer,46,Personal Travel,Eco Plus,693,2,4,2,3,3,5,5,1,1,2,1,5,5,3,3,0,FALSE
Male,Loyal Customer,27,Personal Travel,Eco,1440,2,5,2,1,2,2,2,2,4,5,5,3,2,2.85,9,7,FALSE
Female,Disloyal Customer,37,Business Travel,Eco,289,3,0,2,3,1,2,4,1,1,2,3,1,1,1.85,0,0,FALSE
Male,Loyal Customer,65,Personal Travel,Eco,817,3,2,3,4,2,3,2,2,1,5,4,4,2,2.85,0,0,FALSE
Male,Loyal Customer,49,Business Travel,Business,3713,1,1,1,1,3,4,4,4,4,5,4,5,5,3.23,0,0,TRUE
Female,Loyal Customer,62,Business Travel,Eco,250,2,4,4,4,1,3,3,2,2,2,2,1,3,2.54,0,0,FALSE
Male,Loyal Customer,40,Business Travel,Business,3050,3,3,3,3,3,4,4,4,4,5,4,4,4,3.69,15,4,TRUE
Male,Loyal Customer,26,Personal Travel,Eco,319,2,4,2,1,4,2,4,4,3,2,5,2,4,3,0,24,FALSE
Female,Disloyal Customer,27,Business Travel,Eco,954,3,3,3,3,3,3,3,3,5,3,3,5,3,3.31,0,0,FALSE
Female,Disloyal Customer,61,Personal Travel,Eco,643,2,4,2,1,5,2,5,5,4,5,4,4,5,3.69,0,0,FALSE
Male,Loyal Customer,23,Personal Travel,Eco,192,3,4,3,4,1,3,1,1,3,5,3,1,1,2.54,0,0,FALSE
Female,Disloyal Customer,21,Business Travel,Eco,590,3,4,3,1,3,1,1,5,5,5,4,1,1,2.85,138,143,FALSE
Female,Loyal Customer,68,Personal Travel,Eco,315,3,3,3,4,3,1,1,3,5,2,1,1,1,2.38,169,189,FALSE
Male,Loyal Customer,34,Business Travel,Business,1464,4,4,4,4,2,5,4,4,4,4,4,4,4,3.92,0,0,TRUE
Male,Loyal Customer,70,Personal Travel,Eco,1182,4,5,5,3,1,5,1,1,5,4,5,5,1,3.46,0,0,FALSE
Male,Loyal Customer,20,Personal Travel,Business,1102,4,5,4,3,2,4,2,2,4,1,1,1,2,2.69,15,9,FALSE
Female,Loyal Customer,25,Business Travel,Business,351,4,1,4,1,4,4,4,4,4,3,4,3,4,3.38,6,0,FALSE
Male,Disloyal Customer,38,Business Travel,Business,213,2,2,2,3,3,2,5,3,1,3,3,1,3,2.54,0,0,FALSE
Male,Loyal Customer,49,Business Travel,Business,2081,2,2,2,2,2,4,5,3,3,4,3,4,3,3,21,0,TRUE
Female,Loyal Customer,53,Business Travel,Eco,231,5,4,2,2,4,3,4,5,5,5,5,4,2,3.85,0,0,TRUE
Male,Loyal Customer,24,Personal Travel,Business,552,2,4,2,4,3,2,3,3,5,3,5,5,3,3.38,6,0,FALSE
Female,Disloyal Customer,22,Business Travel,Eco,141,4,4,4,2,3,4,5,3,5,3,3,3,3,3.54,0,0,TRUE
Female,Loyal Customer,60,Business Travel,Eco,1546,4,4,4,4,3,5,3,4,4,4,4,2,2,3.62,4,7,TRUE
Male,Loyal Customer,23,Business Travel,Business,1165,3,3,3,3,5,5,5,5,3,3,5,5,5,4.08,3,0,TRUE
Female,Loyal Customer,21,Business Travel,Business,2447,1,4,2,4,1,1,1,1,1,1,4,1,1,1.77,4,3,FALSE
Male,Loyal Customer,61,Personal Travel,Eco,192,1,4,1,2,3,1,3,3,4,2,5,4,3,2.77,0,0,FALSE
Male,Loyal Customer,39,Business Travel,Business,102,0,5,0,1,2,2,5,5,5,5,5,1,3,3,6,4,TRUE
Female,Disloyal Customer,33,Business Travel,Business,414,1,1,1,1,5,1,5,5,5,5,4,3,5,3.23,35,32,FALSE
Female,Loyal Customer,25,Personal Travel,Eco Plus,2422,2,3,2,2,4,2,4,4,3,3,3,3,4,3,0,37,FALSE
Male,Disloyal Customer,20,Business Travel,Eco,161,5,2,5,3,3,5,3,3,4,1,2,4,3,3.31,0,0,TRUE
Male,Disloyal Customer,15,Business Travel,Eco,408,2,2,2,4,3,2,3,3,2,4,4,1,3,2.69,0,0,FALSE
Female,Loyal Customer,18,Personal Travel,Eco,430,3,5,4,3,2,4,2,2,4,5,4,3,2,3.31,0,0,FALSE
Female,Loyal Customer,52,Business Travel,Business,109,1,4,4,4,5,3,4,4,4,4,1,2,4,3.38,40,53,FALSE
Female,Disloyal Customer,42,Business Travel,Eco,1074,4,4,4,1,5,4,2,5,1,4,2,2,5,3.31,0,0,TRUE
Male,Disloyal Customer,71,Business Travel,Eco,425,4,0,4,5,2,4,2,2,2,3,3,2,2,2.69,0,0,FALSE
Female,Loyal Customer,30,Personal Travel,Eco,925,3,4,3,3,5,3,5,5,1,3,3,1,5,3.38,2,15,FALSE
Male,Disloyal Customer,38,Business Travel,Business,239,5,5,5,2,3,5,3,3,5,3,5,5,3,4,21,12,TRUE
Female,Loyal Customer,47,Business Travel,Business,489,3,3,3,3,2,5,4,4,4,4,4,4,5,3.69,47,36,TRUE
Female,Loyal Customer,18,Personal Travel,Eco,547,3,5,3,4,5,3,5,5,4,4,4,5,5,4.23,0,0,FALSE
Male,Loyal Customer,52,Business Travel,Business,1516,5,5,5,5,5,4,4,5,5,4,5,5,3,4.62,70,55,TRUE
Male,Loyal Customer,54,Business Travel,Business,2616,2,2,2,2,2,4,4,4,4,5,4,3,4,3.23,0,7,TRUE
Male,Loyal Customer,50,Business Travel,Business,2288,2,2,2,2,5,4,4,5,5,5,5,4,4,3.77,0,0,TRUE
Male,Loyal Customer,55,Personal Travel,Eco,925,1,5,1,3,1,1,1,1,3,2,4,3,1,2.08,67,58,FALSE
Female,Disloyal Customer,17,Business Travel,Eco,528,4,0,4,3,1,4,1,1,1,2,3,4,1,2.23,0,0,FALSE
Female,Loyal Customer,60,Business Travel,Business,1750,4,4,4,4,3,5,4,3,3,3,3,3,4,3.62,27,29,TRUE
Female,Loyal Customer,33,Business Travel,Business,2540,1,1,1,1,3,4,5,4,4,4,4,3,5,3.08,0,0,TRUE
Female,Loyal Customer,42,Business Travel,Business,227,5,5,5,5,5,4,5,4,4,4,4,3,3,4.31,0,6,TRUE
Male,Loyal Customer,35,Business Travel,Eco,1167,4,4,4,4,4,4,4,4,3,4,1,3,4,3.62,31,2,TRUE
Male,Loyal Customer,24,Business Travel,Business,692,2,2,4,2,4,4,4,4,4,4,1,2,4,3.15,0,0,TRUE
Female,Disloyal Customer,28,Business Travel,Business,1192,5,5,5,5,4,5,4,4,4,2,5,5,4,4.38,12,0,TRUE
Male,Loyal Customer,39,Business Travel,Eco,150,2,5,5,5,2,2,2,2,2,5,3,3,2,3.08,0,0,TRUE
Male,Loyal Customer,45,Business Travel,Business,3919,4,2,4,4,4,4,4,2,2,2,2,3,4,3.15,11,6,TRUE
Male,Loyal Customer,48,Business Travel,Business,733,1,1,1,1,4,5,5,5,5,5,5,3,3,3.38,13,7,TRUE
Male,Loyal Customer,51,Business Travel,Business,3480,5,5,5,5,4,4,5,4,4,4,4,4,5,4.46,0,0,TRUE
Male,Loyal Customer,55,Business Travel,Business,1440,4,4,4,4,3,5,5,2,2,2,2,4,3,3.38,0,0,TRUE
Female,Loyal Customer,49,Business Travel,Business,2677,1,1,1,1,3,3,5,3,3,3,3,1,5,2.54,0,0,TRUE
Female,Loyal Customer,50,Business Travel,Eco,190,4,1,1,1,5,3,3,4,4,4,4,1,1,2.77,0,0,TRUE
Male,Loyal Customer,44,Business Travel,Business,1009,5,5,5,5,5,4,5,4,4,4,4,3,3,4.31,0,20,TRUE
Female,Loyal Customer,48,Business Travel,Eco,641,3,3,3,3,5,4,3,3,3,3,3,4,2,3.23,1,0,FALSE
Female,Loyal Customer,43,Business Travel,Business,2205,3,3,3,3,2,1,3,1,1,2,1,1,4,2.15,24,30,TRUE
Female,Loyal Customer,45,Personal Travel,Eco,1475,3,2,3,4,5,2,4,3,3,3,2,4,3,3.15,0,0,FALSE
Male,Loyal Customer,47,Business Travel,Business,1562,4,4,4,4,3,4,5,5,5,5,5,3,3,4.15,5,10,TRUE
Male,Loyal Customer,42,Business Travel,Eco,451,4,5,5,5,4,4,4,4,4,4,4,5,4,4.31,0,0,TRUE
Male,Loyal Customer,57,Business Travel,Business,3303,4,4,4,4,2,4,4,4,4,4,4,3,4,3.77,9,3,TRUE
Female,Disloyal Customer,21,Business Travel,Business,983,4,0,4,3,3,4,2,3,3,3,4,3,3,3,0,0,TRUE
Male,Loyal Customer,46,Business Travel,Business,2565,0,0,0,3,2,4,5,5,5,5,5,5,5,3.38,0,2,TRUE
Female,Loyal Customer,54,Personal Travel,Eco,533,2,4,2,1,5,5,5,5,5,2,5,4,5,3.85,0,0,FALSE
Female,Loyal Customer,20,Personal Travel,Eco,667,1,4,1,2,3,1,3,3,5,2,4,3,3,2.69,0,1,FALSE
Male,Loyal Customer,19,Business Travel,Business,1828,1,1,1,1,5,4,5,5,5,3,5,5,5,3.54,0,9,TRUE
Male,Loyal Customer,66,Personal Travel,Eco,1055,3,4,4,3,4,4,4,4,3,4,4,5,4,3.85,29,24,FALSE
Male,Loyal Customer,55,Personal Travel,Eco,1788,2,5,2,1,4,2,5,4,4,2,4,4,4,3.31,0,11,FALSE
Female,Loyal Customer,42,Business Travel,Business,2135,3,3,5,3,5,5,5,5,5,5,5,5,4,4.46,0,2,TRUE
Female,Disloyal Customer,21,Business Travel,Eco,239,4,0,4,4,4,4,5,4,3,5,4,4,4,3.77,2,0,FALSE
Female,Loyal Customer,54,Personal Travel,Eco,156,4,2,4,4,2,4,3,4,4,4,4,1,1,3.15,0,0,FALSE
Female,Disloyal Customer,20,Business Travel,Eco,946,2,2,2,3,2,2,2,2,1,5,3,3,2,2.38,0,0,FALSE
Male,Loyal Customer,8,Personal Travel,Eco Plus,606,3,3,3,3,5,3,5,5,1,5,3,5,5,3.77,0,0,FALSE
Female,Loyal Customer,33,Business Travel,Eco,200,2,4,4,4,2,2,2,2,2,4,4,4,2,2.92,0,0,FALSE
Female,Disloyal Customer,30,Business Travel,Eco Plus,83,2,3,3,1,3,3,3,3,3,2,1,3,3,2.54,0,0,FALSE
Female,Disloyal Customer,14,Personal Travel,Eco,762,3,5,3,5,5,3,5,5,3,4,5,4,5,4.23,0,0,FALSE
Male,Loyal Customer,18,Business Travel,Eco Plus,296,4,1,1,1,4,4,4,4,5,1,2,2,4,2.85,0,0,TRUE
Male,Loyal Customer,62,Personal Travel,Eco,273,2,4,2,2,2,2,2,2,3,4,2,3,2,2.46,10,53,FALSE
Male,Loyal Customer,40,Personal Travel,Eco,1105,3,5,3,4,3,3,3,3,3,5,2,2,3,3.23,7,6,FALSE
Female,Loyal Customer,50,Business Travel,Eco,405,4,1,1,1,1,3,4,4,4,4,4,1,1,2.54,0,0,FALSE
Male,Loyal Customer,20,Personal Travel,Eco,429,3,3,3,2,4,3,4,4,4,1,3,2,4,3.08,0,0,FALSE
Male,Disloyal Customer,65,Business Travel,Business,235,4,4,4,3,3,4,3,3,5,2,5,4,3,3.62,0,0,FALSE
Female,Loyal Customer,45,Personal Travel,Eco,192,1,5,1,4,4,4,4,1,1,1,1,4,3,2.62,0,0,FALSE
Female,Loyal Customer,54,Business Travel,Business,3116,2,4,2,4,2,4,3,2,2,2,2,3,3,2.69,55,44,FALSE
Female,Loyal Customer,10,Personal Travel,Eco,944,3,4,3,1,3,1,1,5,5,2,1,1,1,2.38,198,197,FALSE
Female,Loyal Customer,14,Personal Travel,Eco,1065,3,3,3,3,2,3,2,2,2,5,5,3,2,2.92,0,0,FALSE
Female,Loyal Customer,52,Business Travel,Business,3896,1,1,4,1,5,4,5,4,4,4,4,4,3,3.38,41,25,TRUE
Male,Disloyal Customer,36,Business Travel,Business,236,2,2,2,2,1,2,1,1,4,4,2,5,1,2.23,0,0,FALSE
Male,Disloyal Customer,38,Business Travel,Eco,546,4,3,4,3,3,4,3,3,1,3,3,2,3,3,0,0,TRUE
Female,Loyal Customer,37,Personal Travel,Eco,980,2,4,2,4,2,2,2,2,5,3,4,4,2,2.92,11,0,FALSE
Male,Loyal Customer,56,Business Travel,Business,2687,2,2,2,2,5,4,5,4,4,4,4,3,3,3.38,0,0,TRUE
Male,Loyal Customer,40,Business Travel,Business,395,1,1,5,1,1,5,2,5,5,5,5,2,3,3.15,0,0,TRUE
Male,Loyal Customer,51,Business Travel,Business,3462,4,4,4,4,4,5,4,4,4,4,4,5,5,4.23,0,0,TRUE
Male,Loyal Customer,18,Personal Travel,Eco Plus,1089,3,4,3,4,1,3,1,1,1,5,1,2,1,2.31,0,0,FALSE
Female,Disloyal Customer,54,Business Travel,Eco,546,1,0,1,3,2,1,2,2,4,4,5,4,2,2.38,0,0,FALSE
Female,Disloyal Customer,47,Business Travel,Business,762,5,5,5,1,2,5,2,2,4,5,5,4,2,3.62,0,0,TRUE
Male,Loyal Customer,58,Business Travel,Business,347,1,5,1,1,2,4,4,4,4,4,4,4,5,3.31,7,0,TRUE
Male,Loyal Customer,47,Business Travel,Business,187,3,3,5,3,5,3,2,4,4,4,5,4,2,3.62,11,17,TRUE
Female,Loyal Customer,41,Business Travel,Eco Plus,1069,4,5,5,5,3,1,5,4,4,4,4,1,4,3.77,14,0,TRUE
Female,Loyal Customer,32,Business Travel,Business,2750,0,3,0,1,2,2,2,2,3,4,5,1,2,2.08,0,0,TRUE
Female,Loyal Customer,55,Business Travel,Business,2599,5,5,4,5,3,4,4,5,5,5,5,4,5,4.54,0,0,TRUE
Male,Loyal Customer,31,Personal Travel,Eco,1674,3,2,3,3,4,3,4,4,3,3,3,4,4,3.31,7,0,FALSE
Female,Loyal Customer,25,Personal Travel,Eco Plus,967,1,2,1,3,2,1,2,2,3,4,4,4,2,2.38,24,23,FALSE
Male,Loyal Customer,33,Personal Travel,Eco,163,3,4,0,1,1,0,1,1,4,1,4,4,1,1.92,0,1,FALSE
Male,Loyal Customer,22,Personal Travel,Eco,456,1,5,1,2,1,1,1,1,3,5,2,2,1,2,69,49,FALSE
Male,Loyal Customer,43,Business Travel,Eco,563,3,4,4,4,3,3,3,3,2,2,3,3,3,3.08,0,35,FALSE
Male,Loyal Customer,54,Business Travel,Business,2718,1,1,3,1,3,4,5,4,4,4,4,5,5,3.38,0,0,TRUE
Male,Disloyal Customer,40,Business Travel,Business,1995,1,1,1,3,2,1,2,2,4,3,3,5,2,2.31,0,0,FALSE
Female,Loyal Customer,44,Business Travel,Eco,488,2,5,5,5,3,4,1,2,2,2,2,4,4,3.15,113,97,TRUE
Male,Loyal Customer,38,Personal Travel,Business,919,3,3,3,3,5,3,3,3,3,3,4,4,3,3.31,7,0,FALSE
Male,Loyal Customer,44,Personal Travel,Eco,834,5,5,5,3,4,5,4,4,4,4,4,4,4,4.23,0,0,TRUE
Female,Loyal Customer,55,Personal Travel,Eco,1012,3,3,3,3,3,1,4,1,1,3,1,5,2,2.54,0,0,FALSE
Female,Disloyal Customer,22,Business Travel,Eco,423,2,5,2,3,4,2,4,4,5,5,5,4,4,3.77,0,0,FALSE
Male,Disloyal Customer,25,Business Travel,Business,1242,1,2,1,4,4,1,4,4,1,2,4,1,4,2.54,0,16,FALSE
Female,Loyal Customer,30,Personal Travel,Eco,152,3,5,3,4,3,3,3,3,3,4,5,4,3,3.54,0,0,FALSE
Male,Loyal Customer,43,Business Travel,Business,846,3,1,1,1,3,4,3,3,3,3,3,1,2,2.38,0,0,FALSE
Female,Loyal Customer,48,Business Travel,Business,931,4,4,4,4,2,4,4,4,4,4,4,5,4,3.92,0,0,TRUE
Female,Loyal Customer,60,Personal Travel,Eco,106,2,4,2,1,5,4,5,5,5,2,2,3,4,3.38,77,73,FALSE
Male,Loyal Customer,48,Business Travel,Business,2548,2,2,2,2,5,5,5,2,2,2,2,3,5,3,0,3,TRUE
Female,Disloyal Customer,18,Business Travel,Eco Plus,1849,4,0,4,3,2,4,2,2,3,1,1,4,2,2.46,0,0,TRUE
Female,Loyal Customer,32,Business Travel,Business,1722,2,2,2,2,4,4,4,4,5,5,4,5,4,3.62,20,6,TRUE
Male,Loyal Customer,62,Business Travel,Business,1637,4,4,4,4,4,4,4,5,5,5,5,1,3,4,0,0,TRUE
Male,Loyal Customer,43,Business Travel,Business,209,3,3,3,3,5,1,2,4,4,4,3,2,2,3,0,3,TRUE
Male,Loyal Customer,30,Personal Travel,Eco,1208,1,3,1,3,2,1,2,2,2,1,3,2,2,1.92,0,0,FALSE
Male,Loyal Customer,59,Business Travel,Eco,1096,1,5,1,5,1,1,1,1,4,2,4,1,1,2.15,0,0,FALSE
Female,Loyal Customer,16,Personal Travel,Eco,708,2,5,2,5,2,2,2,2,5,3,4,4,2,3.08,2,0,FALSE
Female,Loyal Customer,53,Personal Travel,Eco,689,2,4,2,3,2,4,3,3,3,2,3,2,3,2.77,0,0,FALSE
Female,Loyal Customer,51,Business Travel,Business,2478,2,2,2,2,4,5,4,5,5,5,5,4,4,3.77,0,0,TRUE
Female,Loyal Customer,41,Business Travel,Eco,436,3,2,1,2,3,3,3,3,3,4,3,4,3,2.85,0,0,FALSE
Female,Loyal Customer,28,Business Travel,Business,1703,4,4,4,4,4,4,4,4,4,5,4,5,4,4.15,22,2,TRUE
Female,Loyal Customer,9,Personal Travel,Eco,646,5,4,5,1,1,5,1,1,4,5,4,3,1,3.08,1,0,TRUE
Male,Disloyal Customer,28,Business Travel,Eco,809,4,4,4,5,1,4,1,1,4,5,2,2,1,2.92,0,0,FALSE
Male,Loyal Customer,38,Business Travel,Business,2261,4,4,4,4,1,3,1,5,5,5,5,5,2,3.69,0,3,TRUE
Female,Loyal Customer,67,Personal Travel,Eco,446,2,4,2,2,4,4,4,3,3,2,3,3,5,3.15,20,9,FALSE
Male,Loyal Customer,47,Business Travel,Eco,140,2,4,5,4,2,2,2,2,5,3,4,3,2,3.08,0,0,TRUE
Female,Loyal Customer,52,Business Travel,Business,1342,5,5,5,5,2,5,4,4,4,4,4,3,4,4.15,6,18,TRUE
Male,Loyal Customer,53,Personal Travel,Eco Plus,481,2,4,2,1,4,2,4,4,1,2,1,5,4,2.77,0,0,FALSE
Male,Loyal Customer,47,Business Travel,Business,386,1,1,1,1,4,4,4,4,4,4,4,5,4,3.15,18,5,TRUE
Male,Loyal Customer,31,Business Travel,Business,1951,3,3,2,3,4,4,4,4,4,3,4,5,4,3.62,0,0,TRUE
Female,Disloyal Customer,21,Business Travel,Eco,991,2,2,2,4,1,2,2,1,2,5,3,2,1,2.23,1,4,FALSE
Female,Loyal Customer,71,Business Travel,Business,3465,1,0,0,3,2,4,3,5,5,0,1,1,1,2,0,12,FALSE
Male,Loyal Customer,14,Personal Travel,Eco,2065,5,4,5,1,3,5,2,3,5,2,5,4,3,3.62,2,0,TRUE
Male,Disloyal Customer,55,Business Travel,Business,200,4,5,5,1,2,4,2,2,4,5,5,5,2,3.54,0,0,FALSE
Male,Loyal Customer,17,Personal Travel,Eco Plus,563,5,1,4,3,1,4,1,1,2,2,2,3,1,2.31,85,83,TRUE
Male,Disloyal Customer,30,Business Travel,Business,1475,4,4,4,1,4,4,4,4,5,5,5,3,4,3.92,5,11,FALSE
Female,Loyal Customer,62,Business Travel,Eco,201,4,5,5,5,1,5,5,4,4,4,4,3,1,3.85,0,0,TRUE
Male,Loyal Customer,57,Personal Travel,Eco,163,2,4,0,4,3,0,3,3,4,3,4,3,3,2.77,0,0,FALSE
Female,Loyal Customer,54,Business Travel,Eco,725,3,5,5,5,1,2,3,3,3,3,3,3,2,3.15,0,0,FALSE
Female,Loyal Customer,67,Business Travel,Eco,425,3,5,1,5,1,3,4,3,3,3,3,3,3,3.08,5,1,FALSE
Male,Loyal Customer,28,Business Travel,Business,1337,3,3,3,3,4,4,4,4,5,4,4,5,4,3.85,0,0,TRUE
Male,Loyal Customer,46,Personal Travel,Eco,502,1,4,1,3,2,1,5,2,4,3,4,4,2,2.77,7,0,FALSE
Male,Disloyal Customer,26,Business Travel,Business,236,3,4,3,1,5,3,3,5,4,3,4,4,5,3.62,0,0,FALSE
Female,Loyal Customer,61,Personal Travel,Eco,363,4,2,4,4,4,3,3,2,5,4,4,3,3,3.46,127,133,FALSE
Male,Loyal Customer,8,Personal Travel,Eco,895,4,5,4,3,4,4,4,4,3,4,5,3,4,3.92,5,6,FALSE
Male,Loyal Customer,31,Personal Travel,Eco Plus,666,3,2,3,3,5,3,5,5,3,2,4,3,5,3.54,0,0,FALSE
Female,Loyal Customer,24,Personal Travel,Eco,354,1,4,1,4,3,1,3,3,5,2,5,4,3,3,0,0,FALSE
Female,Loyal Customer,28,Business Travel,Eco Plus,2475,1,4,4,4,1,1,1,1,3,2,2,4,1,2.23,56,14,FALSE
Female,Loyal Customer,28,Business Travel,Business,562,3,3,3,3,3,3,3,3,2,2,3,3,3,2.85,8,3,FALSE
Female,Loyal Customer,41,Business Travel,Business,1797,4,4,4,4,3,5,5,5,5,5,5,4,5,4.46,0,0,TRUE
Female,Disloyal Customer,29,Business Travel,Eco,806,3,3,3,3,1,3,1,1,3,5,4,4,1,2.69,0,0,FALSE
Female,Loyal Customer,15,Personal Travel,Eco Plus,1013,4,2,4,3,4,4,4,4,3,1,3,4,4,3.38,0,0,FALSE
Male,Loyal Customer,44,Business Travel,Business,2280,5,5,5,5,5,4,4,5,5,5,4,4,4,4.62,9,9,TRUE
Female,Loyal Customer,46,Business Travel,Eco,1121,2,4,4,4,5,3,3,2,2,2,2,1,3,2.85,0,9,FALSE
Female,Disloyal Customer,22,Business Travel,Business,814,0,0,0,1,4,0,1,4,3,3,5,4,4,2.23,0,0,TRUE
Male,Loyal Customer,38,Business Travel,Business,2969,2,2,2,2,4,5,4,4,4,4,4,5,4,3.54,0,0,TRUE
Female,Disloyal Customer,23,Business Travel,Eco,427,4,2,4,3,4,4,1,4,1,2,4,2,4,3,0,0,FALSE
Female,Loyal Customer,27,Business Travel,Business,588,3,3,3,3,5,5,5,5,2,2,3,3,5,3.62,110,93,TRUE
Female,Loyal Customer,25,Business Travel,Business,3337,3,3,3,3,4,4,4,4,5,2,5,4,4,3.69,0,0,TRUE
Female,Disloyal Customer,80,Business Travel,Business,265,3,4,4,4,5,3,5,2,2,3,2,2,1,3.08,30,15,FALSE
Female,Disloyal Customer,22,Business Travel,Eco,813,1,2,2,3,4,2,4,4,4,2,5,4,4,3.15,0,0,FALSE
Female,Loyal Customer,41,Business Travel,Business,544,3,3,3,3,4,5,5,5,5,5,5,5,5,4.31,3,0,TRUE
Male,Loyal Customer,29,Business Travel,Business,3243,1,1,1,1,4,4,4,4,3,5,5,2,4,3,0,4,TRUE
Male,Loyal Customer,31,Business Travel,Business,547,3,3,3,3,4,4,4,4,4,5,4,1,4,3.54,0,0,TRUE
Female,Disloyal Customer,26,Business Travel,Business,2586,1,1,1,2,1,2,2,4,2,3,4,2,2,2.08,0,27,FALSE
Male,Disloyal Customer,63,Business Travel,Eco,408,4,0,4,3,2,4,2,2,3,5,4,1,2,2.77,39,38,FALSE
Female,Loyal Customer,29,Business Travel,Eco,351,0,0,0,3,5,4,5,5,5,1,5,5,5,3.31,0,0,TRUE
Female,Loyal Customer,53,Business Travel,Business,2079,1,1,1,1,4,4,4,5,4,4,4,4,4,3.15,185,204,TRUE
Female,Loyal Customer,41,Business Travel,Business,2231,2,2,2,2,5,4,5,4,4,4,4,4,3,3.46,0,0,TRUE
Female,Loyal Customer,30,Business Travel,Business,602,4,4,3,4,4,4,4,4,3,4,5,4,4,3.92,20,17,TRUE
Male,Loyal Customer,7,Personal Travel,Eco Plus,201,3,2,0,3,3,0,5,3,4,1,4,1,3,2.46,6,6,FALSE
Male,Loyal Customer,25,Business Travel,Eco,632,2,3,3,3,2,2,3,2,3,2,3,4,2,2.62,18,4,FALSE
Female,Loyal Customer,45,Business Travel,Eco,1069,4,5,5,5,2,4,5,4,4,4,4,4,5,4.23,0,27,TRUE
Male,Loyal Customer,39,Business Travel,Eco,1171,3,4,4,4,3,2,3,3,1,4,3,2,3,3,0,0,FALSE
Male,Disloyal Customer,20,Business Travel,Eco,1076,4,4,4,5,1,4,1,1,5,5,5,3,1,3.31,0,0,TRUE
Female,Disloyal Customer,23,Business Travel,Eco,199,4,0,5,1,5,5,5,5,5,3,5,5,5,4.08,0,0,TRUE
Male,Loyal Customer,38,Business Travel,Eco,262,5,3,3,3,5,5,5,5,5,5,1,3,5,4.08,0,0,TRUE
Male,Loyal Customer,54,Personal Travel,Eco,296,1,5,5,1,5,5,5,5,4,4,5,3,5,4.08,0,0,FALSE
Male,Disloyal Customer,44,Business Travel,Eco,628,3,1,3,3,5,3,3,5,1,4,2,4,5,3.23,0,0,FALSE
Male,Disloyal Customer,25,Business Travel,Eco,1282,5,5,5,4,3,5,3,3,4,4,4,3,3,3.92,0,3,TRUE
Female,Loyal Customer,45,Business Travel,Business,2052,2,2,2,2,2,5,5,4,4,4,4,4,4,3.38,0,0,TRUE
Male,Loyal Customer,39,Business Travel,Business,189,4,4,4,4,2,5,5,4,4,4,4,5,4,4.08,14,10,TRUE
Male,Loyal Customer,49,Business Travel,Eco Plus,280,3,5,5,5,3,3,3,3,2,5,4,1,3,3.46,3,0,FALSE
Female,Loyal Customer,53,Business Travel,Business,2398,3,3,3,3,3,2,3,2,2,2,2,4,3,2.69,0,0,TRUE
Female,Loyal Customer,10,Personal Travel,Business,1416,4,4,4,3,3,4,3,3,2,4,3,4,3,3.38,1,0,FALSE
Male,Loyal Customer,54,Business Travel,Business,622,3,3,2,3,3,5,4,3,3,4,3,5,4,3.46,0,0,TRUE
Female,Disloyal Customer,36,Business Travel,Business,282,2,2,2,4,3,2,3,3,3,5,5,5,3,3.23,0,0,FALSE
Female,Loyal Customer,53,Personal Travel,Eco,407,3,2,4,3,2,4,3,3,3,4,3,1,2,2.85,16,11,FALSE
Male,Loyal Customer,42,Business Travel,Business,1488,2,2,2,2,2,4,5,4,4,4,4,3,4,3.23,84,69,TRUE
Male,Disloyal Customer,20,Business Travel,Eco,1199,1,1,1,5,2,1,3,2,4,2,3,5,2,2.46,11,0,FALSE
Female,Loyal Customer,42,Business Travel,Business,476,5,5,4,5,5,5,4,4,4,4,4,4,3,4.31,21,9,TRUE
Male,Disloyal Customer,26,Business Travel,Business,1017,2,2,2,5,3,2,5,3,3,4,5,5,3,3.38,0,0,FALSE
Female,Loyal Customer,31,Personal Travel,Eco,937,2,4,2,4,1,2,1,1,4,4,4,3,1,2.54,2,0,FALSE
Female,Loyal Customer,46,Personal Travel,Eco,1476,4,3,4,3,5,4,4,3,3,4,3,2,4,3.54,0,6,FALSE
Male,Loyal Customer,57,Business Travel,Eco,419,5,1,1,1,5,5,5,5,1,3,5,4,5,3.54,31,13,TRUE
Male,Loyal Customer,65,Business Travel,Business,463,4,4,1,4,5,1,2,5,5,4,5,5,2,3.62,0,0,TRUE
Female,Loyal Customer,14,Business Travel,Business,872,2,2,2,2,4,4,4,4,5,1,5,4,4,3.31,8,8,TRUE
Female,Loyal Customer,34,Business Travel,Business,1299,3,3,3,3,3,2,4,2,2,2,2,4,3,2.77,0,0,TRUE
Male,Loyal Customer,65,Personal Travel,Eco,373,2,0,2,5,2,2,2,2,3,5,4,4,2,2.69,0,0,FALSE
Female,Loyal Customer,13,Personal Travel,Eco,1501,3,5,3,4,2,3,2,2,3,3,4,3,2,3,0,0,FALSE
Female,Loyal Customer,58,Business Travel,Business,1814,1,1,1,1,2,4,4,4,4,4,4,4,5,3,33,40,TRUE
Female,Disloyal Customer,23,Business Travel,Eco,214,2,2,2,3,2,2,2,2,3,4,4,3,2,2.54,0,0,FALSE
Female,Loyal Customer,27,Business Travel,Business,373,2,1,3,1,2,2,2,2,3,1,3,4,2,2.15,5,0,FALSE
Male,Loyal Customer,35,Business Travel,Eco,451,2,2,2,2,2,2,2,2,3,2,4,2,2,2.23,0,0,FALSE
Female,Loyal Customer,60,Business Travel,Business,2913,1,4,1,1,3,4,4,4,4,4,4,5,4,3.31,0,0,TRUE
Male,Loyal Customer,8,Personal Travel,Eco,319,2,3,2,5,1,2,1,1,5,5,5,5,1,2.92,26,16,FALSE
Female,Loyal Customer,49,Business Travel,Eco,260,4,2,2,2,1,4,1,4,4,4,4,1,4,2.85,10,18,TRUE
Female,Loyal Customer,33,Business Travel,Eco,253,5,3,5,3,5,5,5,5,3,2,2,1,5,3.77,36,29,TRUE
Female,Loyal Customer,15,Personal Travel,Eco,1055,1,5,1,4,3,1,3,3,4,2,5,3,3,2.92,45,22,FALSE
Female,Loyal Customer,67,Personal Travel,Eco,936,3,5,3,2,5,4,5,3,3,3,3,3,4,3.54,7,0,FALSE
Male,Loyal Customer,50,Business Travel,Eco,515,3,1,1,1,3,3,3,3,4,3,4,2,3,2.62,0,0,FALSE
Male,Loyal Customer,42,Personal Travel,Business,1171,2,5,2,2,5,4,5,2,2,2,2,3,3,3,0,0,FALSE
Female,Loyal Customer,48,Business Travel,Business,1021,1,1,1,1,5,4,4,5,5,5,5,3,4,3.38,0,0,TRUE
Male,Loyal Customer,38,Personal Travel,Eco,591,4,2,4,3,5,4,2,5,3,1,3,3,5,3.38,1,0,TRUE
Male,Loyal Customer,32,Business Travel,Business,1616,5,5,5,5,4,4,4,4,4,5,5,5,4,4.54,0,0,TRUE
Female,Loyal Customer,44,Business Travel,Business,2704,4,5,4,4,2,2,4,4,4,4,4,3,3,3.62,0,0,FALSE
Female,Loyal Customer,7,Personal Travel,Eco,528,3,5,3,5,4,3,3,4,1,2,4,5,4,3.54,8,0,FALSE
Male,Loyal Customer,9,Personal Travel,Eco,500,3,2,3,3,4,3,5,4,2,4,4,4,4,3.46,2,0,FALSE
Male,Loyal Customer,28,Personal Travel,Eco,479,3,5,3,4,4,3,4,4,4,4,4,1,4,3.62,2,0,FALSE
Female,Loyal Customer,26,Personal Travel,Eco,480,2,3,2,4,3,2,3,3,4,4,4,2,3,3,16,13,FALSE
Female,Loyal Customer,14,Personal Travel,Eco Plus,129,5,1,5,2,3,5,2,3,3,4,1,2,3,3,0,0,TRUE
Female,Loyal Customer,50,Business Travel,Business,3752,5,4,5,5,5,5,4,4,4,4,4,5,3,4.38,0,0,TRUE
Male,Loyal Customer,33,Business Travel,Business,190,3,3,3,3,4,4,3,4,3,2,3,1,4,3.08,0,0,FALSE
Male,Loyal Customer,15,Personal Travel,Eco,622,4,3,3,3,1,3,1,1,3,4,3,4,1,2.62,0,0,FALSE
Male,Loyal Customer,39,Business Travel,Business,587,4,4,4,4,2,4,5,5,5,5,5,3,5,4.23,42,42,TRUE
Male,Disloyal Customer,22,Business Travel,Business,1087,0,3,0,4,3,3,3,3,1,2,1,5,3,2.38,0,0,TRUE
Female,Loyal Customer,50,Personal Travel,Eco,140,2,3,2,3,4,3,4,4,4,2,4,2,2,3,50,80,FALSE
Male,Loyal Customer,61,Personal Travel,Eco,522,4,5,4,4,4,4,4,4,3,4,5,4,4,4.08,59,147,FALSE
Male,Loyal Customer,53,Business Travel,Eco,289,3,3,3,3,3,3,3,3,2,5,3,1,3,2.92,16,7,FALSE
Female,Loyal Customer,39,Business Travel,Business,3018,3,3,3,3,4,5,5,4,4,4,4,3,4,3.77,1,0,TRUE
Female,Disloyal Customer,62,Business Travel,Eco,143,3,5,3,4,4,3,4,4,5,1,3,3,4,3.54,0,0,FALSE
Male,Loyal Customer,13,Personal Travel,Eco,583,3,4,3,3,4,3,4,4,4,4,4,4,4,3.69,0,0,FALSE
Female,Loyal Customer,58,Business Travel,Business,231,1,1,1,1,4,5,4,5,5,5,5,4,5,3.54,0,0,TRUE
Male,Loyal Customer,42,Business Travel,Business,2626,5,5,5,5,2,4,4,4,4,4,4,4,5,4.23,0,0,TRUE
Male,Loyal Customer,53,Business Travel,Eco Plus,373,4,1,1,1,4,4,4,4,4,2,4,1,4,2.92,0,0,TRUE
Male,Loyal Customer,35,Personal Travel,Eco,337,2,5,2,3,4,2,1,4,3,4,5,3,4,3.23,5,9,FALSE
Female,Loyal Customer,45,Business Travel,Business,1617,2,1,2,1,3,3,3,2,2,3,2,3,2,2.23,0,0,FALSE
Female,Loyal Customer,32,Personal Travel,Eco,101,4,5,4,2,4,4,3,4,5,4,4,1,4,3.69,0,0,FALSE
Male,Loyal Customer,37,Business Travel,Eco,461,5,4,4,4,5,5,5,5,1,4,4,3,5,4.15,0,5,TRUE
Female,Loyal Customer,51,Personal Travel,Eco,109,1,1,0,3,3,3,3,3,3,0,3,2,1,2,0,0,FALSE
Female,Loyal Customer,36,Business Travel,Business,3128,1,1,1,1,5,4,4,4,4,4,4,3,3,3,0,0,TRUE
Male,Loyal Customer,44,Business Travel,Business,1749,3,3,3,3,3,5,5,2,2,2,2,3,4,3.08,24,24,TRUE
Female,Loyal Customer,25,Business Travel,Business,1826,3,3,3,3,4,4,4,4,2,2,5,4,4,3.46,0,0,TRUE
Male,Loyal Customer,40,Business Travel,Business,3018,2,5,5,5,1,2,2,2,2,2,2,2,2,2.62,29,10,FALSE
Female,Disloyal Customer,36,Business Travel,Eco,147,3,5,3,4,4,3,4,4,1,3,5,4,4,3.62,0,2,FALSE
Female,Loyal Customer,22,Business Travel,Business,2174,3,2,2,2,3,3,3,3,3,2,3,3,3,2.69,32,58,FALSE
Male,Disloyal Customer,25,Business Travel,Eco,1074,3,2,2,5,2,2,3,2,4,1,4,1,2,2.54,0,0,FALSE
Female,Disloyal Customer,10,Business Travel,Eco,696,3,3,3,1,2,3,2,2,4,2,4,5,2,2.77,0,0,FALSE
Female,Loyal Customer,35,Personal Travel,Eco,944,2,4,2,2,5,2,5,5,2,1,4,5,5,3.38,28,22,FALSE
Male,Loyal Customer,35,Business Travel,Business,1576,5,5,2,5,5,4,4,3,3,3,3,4,5,3.92,0,0,TRUE
Female,Loyal Customer,18,Personal Travel,Business,158,2,5,2,5,1,2,1,1,3,4,4,5,1,2.77,53,49,FALSE
Male,Disloyal Customer,30,Business Travel,Eco,2422,4,5,5,2,2,4,5,2,2,5,4,5,2,3.62,38,28,FALSE
Female,Loyal Customer,45,Personal Travel,Eco,1027,4,5,3,3,3,5,4,2,2,3,2,5,5,3.54,0,0,FALSE
Female,Loyal Customer,47,Business Travel,Business,1774,1,1,1,1,4,5,4,4,4,4,4,3,4,3.08,0,0,TRUE
Male,Loyal Customer,50,Business Travel,Business,666,3,3,3,3,3,4,4,5,5,5,5,3,4,3.85,1,0,TRUE
Male,Disloyal Customer,35,Business Travel,Eco,546,2,2,2,3,1,2,1,1,1,1,3,1,1,1.62,4,7,FALSE
Female,Loyal Customer,49,Business Travel,Business,2528,0,5,0,2,2,4,4,3,3,3,3,3,5,2.85,0,0,TRUE
Male,Loyal Customer,54,Business Travel,Business,1744,4,4,4,4,5,4,4,5,4,3,5,4,4,4.15,302,319,TRUE
Male,Loyal Customer,54,Personal Travel,Eco,925,4,5,4,2,3,4,3,3,4,5,5,4,3,3.77,9,27,FALSE
Male,Disloyal Customer,20,Business Travel,Eco,337,3,0,3,5,3,3,3,3,3,4,4,5,3,3.23,45,63,FALSE
Male,Loyal Customer,28,Personal Travel,Eco,2075,1,5,1,5,4,1,3,4,2,2,4,3,4,3,7,20,FALSE
Male,Loyal Customer,35,Personal Travel,Business,401,1,4,1,3,5,5,4,2,2,1,2,4,4,2.92,57,46,FALSE
Female,Loyal Customer,46,Business Travel,Business,1670,2,2,2,2,4,4,4,3,3,4,3,4,4,3.15,0,0,TRUE
Female,Loyal Customer,42,Business Travel,Business,3262,0,0,0,4,5,3,4,3,3,3,3,5,3,2.77,6,2,TRUE
Male,Loyal Customer,35,Business Travel,Business,2578,3,3,5,3,4,1,2,4,4,4,3,5,5,3.54,0,0,TRUE
Male,Loyal Customer,29,Business Travel,Eco Plus,234,4,5,5,5,4,4,4,4,5,5,5,5,4,4.54,0,0,TRUE
Male,Loyal Customer,27,Business Travel,Eco,528,2,3,3,3,2,2,2,2,3,4,3,3,2,2.62,0,0,FALSE
Male,Loyal Customer,44,Business Travel,Business,2442,1,1,1,1,4,4,5,4,4,4,4,4,5,3.23,25,11,TRUE
Male,Loyal Customer,41,Business Travel,Business,997,3,3,3,3,5,4,5,5,5,5,5,5,5,4.31,34,13,TRUE
Male,Loyal Customer,46,Business Travel,Business,2066,3,4,4,4,4,2,3,3,3,3,3,2,2,3.08,0,0,FALSE
Male,Loyal Customer,58,Business Travel,Business,3653,5,5,4,5,2,4,5,4,4,4,4,4,3,4.08,0,0,TRUE
Male,Loyal Customer,40,Business Travel,Business,1017,4,4,3,4,4,4,4,4,4,4,4,5,4,4,0,0,TRUE
Female,Loyal Customer,22,Personal Travel,Eco,762,5,3,5,4,2,5,2,2,3,4,3,3,2,3.31,0,0,TRUE
Male,Loyal Customer,28,Personal Travel,Eco,541,5,3,5,1,4,5,4,4,4,2,3,1,4,3.46,0,0,TRUE
Male,Disloyal Customer,23,Business Travel,Eco,251,4,2,4,4,4,4,4,4,3,2,4,4,4,3.62,13,7,FALSE
Female,Disloyal Customer,38,Business Travel,Eco,151,2,1,2,4,2,2,2,2,3,3,4,3,2,2.46,0,0,FALSE
Male,Loyal Customer,34,Business Travel,Eco,283,5,4,4,4,5,5,5,5,5,2,4,2,5,4.23,0,0,TRUE
Female,Disloyal Customer,37,Business Travel,Business,296,3,3,3,4,3,3,2,3,4,4,4,3,3,3.23,23,16,FALSE
Female,Loyal Customer,58,Business Travel,Eco Plus,651,1,5,5,5,2,4,4,1,1,1,1,1,2,2.54,0,8,FALSE
Female,Loyal Customer,25,Business Travel,Business,3606,2,2,2,2,4,4,4,4,5,1,2,1,4,2.85,0,0,TRUE
Female,Loyal Customer,61,Personal Travel,Eco,1096,4,3,4,3,3,4,3,1,1,4,1,3,4,2.92,0,0,FALSE
Female,Loyal Customer,47,Business Travel,Business,1172,5,5,5,5,5,4,5,4,4,4,4,3,5,4.46,29,16,TRUE
Male,Disloyal Customer,36,Business Travel,Business,280,1,1,1,2,5,1,5,5,4,1,2,3,5,2.77,0,25,FALSE
Male,Loyal Customer,7,Business Travel,Business,1514,1,5,5,5,1,1,1,1,2,2,3,4,1,2.46,0,0,FALSE
Female,Disloyal Customer,23,Business Travel,Eco,1065,4,4,4,3,1,4,1,1,1,5,5,3,1,2.85,0,0,FALSE
Male,Loyal Customer,59,Business Travel,Eco,779,5,1,2,1,5,5,5,5,2,3,1,2,5,3.23,0,10,TRUE
Female,Loyal Customer,26,Business Travel,Business,2916,2,2,2,2,4,4,4,4,5,3,5,4,4,3.46,0,0,TRUE
Female,Loyal Customer,28,Business Travel,Business,2297,1,1,4,1,4,4,4,4,2,4,4,2,4,3,0,0,TRUE
Male,Loyal Customer,46,Business Travel,Business,3217,1,4,4,4,2,4,3,1,1,1,1,2,1,2.23,0,4,FALSE
Female,Loyal Customer,50,Business Travel,Business,2120,1,1,1,1,5,5,5,4,4,4,4,3,3,3.15,31,41,TRUE
Male,Loyal Customer,25,Business Travel,Business,583,4,4,4,4,4,4,4,4,4,2,5,5,4,4,7,0,TRUE
Female,Loyal Customer,46,Personal Travel,Eco,584,3,2,3,4,5,4,3,5,5,3,5,3,4,3.77,12,0,FALSE
Male,Loyal Customer,41,Business Travel,Eco,591,5,4,4,4,5,5,5,5,2,3,2,2,5,3.92,1,2,TRUE
Male,Loyal Customer,23,Business Travel,Eco,2442,2,2,2,2,2,1,2,1,2,2,4,2,2,2,283,273,FALSE
Female,Loyal Customer,62,Personal Travel,Business,925,2,4,2,4,2,5,4,3,3,2,3,3,5,3.23,0,0,FALSE
Male,Loyal Customer,43,Business Travel,Business,1721,3,3,3,3,4,4,4,3,3,3,3,4,4,3.38,24,35,TRUE
Female,Disloyal Customer,23,Business Travel,Eco,733,2,2,2,3,2,2,2,2,3,4,3,1,2,2.31,0,0,FALSE
Male,Loyal Customer,20,Personal Travel,Eco,317,2,5,2,4,3,2,3,3,2,1,3,2,3,2.69,0,0,FALSE
Male,Loyal Customer,43,Business Travel,Business,2164,1,4,4,4,2,3,4,1,1,1,1,1,3,2.31,0,0,FALSE
Female,Loyal Customer,30,Business Travel,Business,1609,5,5,5,5,2,2,2,2,3,3,4,4,2,3.38,17,18,TRUE
Male,Disloyal Customer,34,Business Travel,Eco,863,3,3,3,4,2,3,2,2,5,3,4,1,2,2.85,0,0,FALSE
Female,Loyal Customer,43,Business Travel,Business,1440,1,1,2,1,5,4,4,4,4,4,4,5,4,3.31,0,0,TRUE
Female,Loyal Customer,64,Personal Travel,Eco,761,2,5,2,4,4,4,4,3,3,2,3,5,3,3.38,0,0,FALSE
Female,Disloyal Customer,33,Business Travel,Business,417,1,2,2,1,2,2,2,2,3,2,4,5,2,2.31,19,1,FALSE
Male,Loyal Customer,35,Business Travel,Business,1460,3,2,2,2,5,3,4,3,3,3,3,1,4,2.92,0,0,FALSE
Male,Loyal Customer,35,Business Travel,Business,101,3,3,3,3,5,5,5,4,4,4,3,2,3,3.62,0,0,TRUE
Female,Loyal Customer,46,Business Travel,Business,2131,2,2,2,2,2,5,4,2,2,2,2,4,5,2.77,0,0,TRUE
Female,Loyal Customer,60,Business Travel,Eco,239,4,5,4,4,1,3,3,4,4,4,4,3,2,3.46,0,4,FALSE
Male,Loyal Customer,18,Business Travel,Business,2334,1,3,3,3,1,1,1,1,1,5,4,4,1,2.23,0,0,FALSE
Male,Loyal Customer,43,Business Travel,Business,3906,3,3,3,3,2,4,4,5,5,5,5,5,5,4,7,10,TRUE
Male,Loyal Customer,8,Personal Travel,Eco,854,1,5,1,3,1,1,1,1,5,2,5,4,1,2.38,0,0,FALSE
Male,Loyal Customer,36,Business Travel,Business,1797,2,2,2,2,2,3,4,5,5,5,5,5,5,3.62,109,87,TRUE
Male,Disloyal Customer,33,Business Travel,Business,2288,2,2,2,1,2,2,2,2,4,5,4,5,2,2.69,20,12,FALSE
Male,Disloyal Customer,22,Business Travel,Business,1126,4,1,4,4,5,4,4,5,4,5,5,3,5,4.08,0,9,TRUE
Female,Disloyal Customer,35,Business Travel,Eco,101,1,2,1,3,2,1,2,2,4,1,3,1,2,1.92,14,13,FALSE
Female,Loyal Customer,52,Business Travel,Business,3161,5,5,5,5,5,4,4,5,5,5,5,5,4,4.77,0,0,TRUE
Male,Loyal Customer,33,Business Travel,Business,1076,3,1,1,1,3,3,3,3,4,2,3,1,3,2.38,19,0,FALSE
Male,Disloyal Customer,28,Business Travel,Business,2133,2,2,2,3,1,2,1,1,5,2,5,5,1,2.46,26,41,FALSE
Female,Loyal Customer,69,Personal Travel,Eco,557,2,4,3,3,2,2,5,2,2,3,4,1,1,2.62,19,23,FALSE
Male,Loyal Customer,12,Personal Travel,Business,1204,4,4,4,3,2,4,2,2,2,4,3,4,2,3.08,37,21,TRUE
Female,Disloyal Customer,35,Business Travel,Eco Plus,301,2,2,2,5,3,2,3,3,1,2,4,2,3,2.62,0,0,FALSE
Male,Loyal Customer,9,Personal Travel,Eco,100,0,1,0,4,3,0,4,3,3,2,3,1,3,2.08,0,0,TRUE
Female,Loyal Customer,50,Personal Travel,Eco,780,3,5,3,4,2,4,5,1,1,3,1,4,4,3.08,21,30,FALSE
Female,Loyal Customer,24,Personal Travel,Eco,546,4,3,4,2,3,4,3,3,4,1,4,4,3,3.23,0,9,FALSE
Male,Loyal Customer,15,Personal Travel,Eco,351,2,1,2,3,2,2,2,2,1,5,2,4,2,2.31,0,0,FALSE
Male,Loyal Customer,63,Personal Travel,Eco,416,4,5,4,3,4,4,4,4,4,2,2,3,4,3.62,0,0,TRUE
Male,Loyal Customer,59,Business Travel,Business,2079,5,5,5,5,2,4,5,5,5,5,5,4,5,4.62,0,0,TRUE
Male,Loyal Customer,40,Personal Travel,Eco,495,3,5,3,1,4,3,5,4,4,4,2,1,4,3.31,0,0,FALSE
Female,Loyal Customer,41,Business Travel,Business,1573,5,5,5,5,4,5,4,5,5,5,5,3,4,4.62,0,0,TRUE
Female,Disloyal Customer,26,Business Travel,Business,867,3,3,3,4,5,3,2,5,3,4,4,5,5,3.77,0,0,FALSE
Male,Loyal Customer,58,Business Travel,Business,406,1,1,1,1,4,4,4,3,3,3,3,4,5,2.85,0,0,TRUE
Female,Loyal Customer,36,Personal Travel,Eco,2402,3,3,2,4,5,2,3,5,2,1,4,3,5,3.23,0,0,FALSE
Male,Loyal Customer,41,Business Travel,Business,2733,3,3,3,3,5,5,5,5,1,3,1,5,5,3.62,186,209,TRUE
Female,Loyal Customer,25,Business Travel,Business,3764,3,3,3,3,4,4,4,4,4,3,5,3,4,3.62,108,129,TRUE
Female,Loyal Customer,62,Personal Travel,Eco,1372,3,4,2,2,3,4,4,1,1,2,1,3,4,2.62,0,0,FALSE
Male,Loyal Customer,42,Personal Travel,Eco,447,1,5,1,3,4,1,4,4,5,2,4,4,4,3.23,0,15,FALSE
Male,Loyal Customer,31,Personal Travel,Eco,1892,2,2,1,3,5,1,5,5,1,5,2,2,5,3,35,36,FALSE
Female,Loyal Customer,55,Business Travel,Business,1948,3,4,4,4,5,4,4,3,3,2,3,3,1,3.31,0,0,FALSE
Female,Disloyal Customer,25,Business Travel,Eco,173,2,1,2,4,2,2,2,2,1,5,3,4,2,2.46,37,30,FALSE
Female,Disloyal Customer,23,Business Travel,Eco,1205,1,1,1,4,1,1,1,1,5,5,4,5,1,2.38,0,0,FALSE
Male,Disloyal Customer,27,Business Travel,Business,460,2,2,2,2,1,2,1,1,3,5,5,5,1,2.46,16,11,FALSE
Male,Loyal Customer,56,Business Travel,Business,2036,5,5,5,5,4,3,5,5,5,5,5,3,3,4.46,7,11,TRUE
Female,Loyal Customer,42,Business Travel,Business,3406,1,1,1,1,5,4,5,5,5,5,5,3,4,3.46,17,41,TRUE
Female,Loyal Customer,60,Business Travel,Business,2215,2,5,5,5,3,2,2,2,2,2,2,1,2,2.69,6,3,FALSE
Female,Loyal Customer,66,Personal Travel,Eco Plus,2527,4,3,4,4,4,3,3,1,4,2,3,3,3,3.15,0,0,FALSE
Female,Loyal Customer,58,Business Travel,Business,1608,4,4,4,4,4,5,5,4,4,4,4,4,3,4.08,5,0,TRUE
Male,Loyal Customer,47,Business Travel,Eco,328,3,4,4,4,3,3,3,3,4,2,4,1,3,3.15,0,14,FALSE
Male,Loyal Customer,56,Personal Travel,Eco,991,0,5,1,5,4,1,4,4,5,5,5,5,4,3.69,0,0,TRUE
Male,Loyal Customer,8,Personal Travel,Eco,86,1,4,1,5,2,1,2,2,4,5,4,3,2,2.77,0,0,FALSE
Male,Loyal Customer,50,Business Travel,Business,3704,5,5,5,5,5,4,4,4,4,4,4,4,5,4.46,0,0,TRUE
Male,Loyal Customer,41,Business Travel,Business,998,3,3,3,3,2,5,5,5,5,4,5,3,5,3.92,0,6,TRUE
Female,Loyal Customer,70,Business Travel,Business,2747,4,2,2,2,2,3,2,4,4,4,4,1,2,2.77,19,26,FALSE
Male,Loyal Customer,35,Personal Travel,Eco,451,2,5,2,4,1,2,1,1,3,5,4,3,1,2.62,0,9,FALSE
Male,Loyal Customer,25,Personal Travel,Business,1047,3,4,3,2,5,3,5,5,5,4,4,3,5,3.92,0,6,FALSE
Female,Loyal Customer,55,Personal Travel,Eco,109,2,5,0,5,2,5,4,4,4,0,2,5,4,3.23,0,0,FALSE
Female,Loyal Customer,46,Business Travel,Business,2398,5,5,5,5,2,5,4,4,4,4,4,3,4,4.15,61,53,TRUE
Male,Loyal Customer,29,Business Travel,Business,143,0,4,0,4,2,3,3,2,3,5,4,4,2,2.77,0,0,TRUE
Female,Loyal Customer,22,Business Travel,Business,756,1,1,1,1,3,4,3,3,4,2,5,5,3,2.77,0,0,TRUE
Female,Loyal Customer,57,Business Travel,Business,206,2,2,4,2,5,1,3,5,5,5,4,4,2,3.38,0,0,TRUE
Male,Disloyal Customer,26,Business Travel,Eco,306,2,0,1,1,3,1,3,3,3,2,4,1,3,2.08,0,0,FALSE
Female,Disloyal Customer,21,Business Travel,Eco,429,1,2,1,3,1,1,5,1,2,4,3,2,1,2.08,92,96,FALSE
Female,Disloyal Customer,57,Business Travel,Business,948,2,2,2,3,5,2,5,5,5,4,5,3,5,3.69,24,11,FALSE
Male,Loyal Customer,57,Personal Travel,Eco,1562,4,4,4,3,3,4,3,3,5,4,5,3,3,3.69,0,0,TRUE
Male,Loyal Customer,25,Personal Travel,Eco,163,5,4,5,3,3,5,3,3,5,5,4,4,3,4,0,0,TRUE
Male,Disloyal Customer,43,Business Travel,Eco,106,3,4,3,4,5,3,5,5,2,5,2,1,5,3.62,0,2,FALSE
Male,Loyal Customer,32,Business Travel,Business,3814,5,5,5,5,4,3,4,4,2,4,2,4,4,3.92,0,0,TRUE
Female,Disloyal Customer,25,Business Travel,Business,731,2,4,2,3,3,2,3,3,3,4,4,5,3,3.15,0,0,FALSE
Female,Loyal Customer,47,Business Travel,Business,3624,1,1,1,1,3,4,1,4,4,4,4,4,1,2.54,0,0,TRUE
Female,Disloyal Customer,39,Business Travel,Business,1084,1,2,2,4,3,2,3,3,1,2,4,1,3,2.38,33,30,FALSE
Male,Disloyal Customer,28,Business Travel,Business,604,1,1,1,4,1,1,1,1,3,2,5,5,1,2.08,31,27,FALSE
Female,Loyal Customer,22,Business Travel,Business,859,1,5,5,5,1,1,1,1,2,5,4,2,1,2.62,0,0,FALSE
Male,Loyal Customer,51,Personal Travel,Eco,1183,1,5,1,4,2,1,2,2,4,5,3,3,2,2.69,12,8,FALSE
Female,Loyal Customer,37,Personal Travel,Eco,216,2,4,2,3,5,2,5,5,4,2,3,4,5,3.54,0,0,FALSE
Female,Loyal Customer,58,Business Travel,Business,1448,4,4,4,4,3,5,5,4,4,4,4,3,3,3.92,0,0,TRUE
Female,Loyal Customer,55,Business Travel,Business,731,5,5,5,5,4,5,4,5,5,5,5,3,5,4.69,10,1,TRUE
Male,Loyal Customer,26,Business Travel,Business,1598,2,1,1,1,2,2,2,2,1,4,2,1,2,1.77,0,0,FALSE
Female,Disloyal Customer,39,Business Travel,Eco,141,2,1,2,4,4,2,2,4,4,2,4,3,4,2.92,79,69,FALSE
Female,Loyal Customer,43,Business Travel,Business,2482,1,1,1,1,5,4,4,5,5,5,5,5,4,3.54,0,0,TRUE
Male,Disloyal Customer,28,Business Travel,Eco,416,2,2,2,3,2,2,2,2,2,4,3,3,2,2.38,0,0,FALSE
Male,Loyal Customer,7,Personal Travel,Eco,1262,1,1,1,3,1,1,2,1,2,3,2,4,1,1.77,0,0,FALSE
Male,Loyal Customer,64,Personal Travel,Eco,329,0,3,0,4,5,0,5,5,1,3,2,4,5,2.85,0,0,TRUE
Female,Disloyal Customer,41,Business Travel,Business,1310,3,3,3,2,2,3,2,2,3,3,4,3,2,2.69,0,0,TRUE
Female,Loyal Customer,37,Business Travel,Eco,325,2,1,3,1,2,2,2,2,4,1,4,1,2,2.08,0,0,FALSE
Female,Loyal Customer,28,Personal Travel,Eco,600,3,2,3,3,4,3,4,4,3,4,3,2,4,3.23,0,0,FALSE
Female,Loyal Customer,45,Business Travel,Business,1620,2,4,4,4,2,2,2,2,4,2,3,2,2,2.69,186,171,FALSE
Male,Loyal Customer,59,Business Travel,Business,236,4,4,4,4,4,4,4,5,5,5,5,4,4,4.31,1,0,TRUE
Male,Loyal Customer,33,Personal Travel,Eco,1009,0,4,0,2,2,0,2,2,3,2,5,4,2,2.15,0,0,TRUE
Male,Disloyal Customer,37,Business Travel,Eco,462,3,2,3,3,1,3,3,1,4,5,3,1,1,2.54,0,17,FALSE
Male,Loyal Customer,62,Business Travel,Business,3054,4,4,4,4,2,5,5,5,5,5,5,4,3,4.23,0,0,TRUE
Male,Disloyal Customer,37,Business Travel,Business,1114,3,3,3,3,1,3,1,1,3,4,4,4,1,2.62,19,0,FALSE
Male,Loyal Customer,42,Business Travel,Business,3876,2,2,2,2,5,4,5,4,4,4,5,4,3,3.54,2,0,TRUE
Male,Loyal Customer,63,Business Travel,Eco,143,4,2,2,2,4,4,4,4,1,3,5,5,4,3.38,0,0,TRUE
Female,Loyal Customer,41,Personal Travel,Eco,888,3,2,3,4,1,3,1,1,3,5,4,1,1,2.46,0,0,FALSE
Female,Loyal Customer,49,Personal Travel,Eco,328,1,5,1,3,5,4,5,2,2,1,2,5,4,3.08,0,0,FALSE
Female,Disloyal Customer,38,Business Travel,Business,707,4,4,4,3,3,4,3,3,5,5,5,5,3,3.92,0,0,TRUE
Female,Loyal Customer,53,Personal Travel,Eco,948,3,3,2,3,3,3,4,3,3,2,3,4,3,3,17,5,FALSE
Female,Loyal Customer,51,Business Travel,Business,3629,2,2,2,2,3,5,4,5,5,5,5,3,3,3.54,0,40,TRUE
Male,Disloyal Customer,27,Business Travel,Business,153,5,5,5,1,3,5,3,3,3,3,5,3,3,3.62,16,9,TRUE
Male,Loyal Customer,42,Personal Travel,Eco,612,1,4,1,4,3,1,2,3,3,5,4,4,3,2.92,61,80,FALSE
Male,Disloyal Customer,22,Business Travel,Eco,1069,3,3,3,4,3,3,3,3,5,5,1,3,3,3.23,0,0,FALSE
Female,Disloyal Customer,22,Business Travel,Eco,2288,3,4,4,3,4,3,4,4,4,2,4,2,4,3.46,0,0,FALSE
Male,Loyal Customer,39,Business Travel,Business,237,5,5,3,5,1,4,4,5,5,5,5,5,5,4.38,0,3,TRUE
Male,Loyal Customer,43,Business Travel,Business,390,1,1,1,1,4,5,4,4,4,4,4,4,5,3.23,22,19,TRUE
Female,Loyal Customer,41,Personal Travel,Business,351,2,5,2,2,4,4,5,1,1,2,1,4,4,2.85,13,10,FALSE
Male,Disloyal Customer,47,Business Travel,Business,74,2,2,2,2,3,2,3,3,5,4,5,3,3,3,0,0,FALSE
Female,Loyal Customer,16,Personal Travel,Eco Plus,1066,2,4,2,3,5,2,5,5,3,2,5,3,5,3.54,0,0,FALSE
Male,Loyal Customer,60,Business Travel,Eco,867,5,4,4,4,5,5,5,5,3,1,4,5,5,4.23,3,2,TRUE
Male,Loyal Customer,62,Personal Travel,Eco,925,3,4,3,1,4,3,4,4,5,4,5,3,4,3.62,48,63,FALSE
Male,Disloyal Customer,35,Business Travel,Eco,919,2,2,2,5,5,2,5,5,2,1,2,5,5,3.31,0,0,FALSE
Female,Loyal Customer,46,Business Travel,Business,1337,1,1,1,1,5,4,5,5,5,4,5,3,3,3.31,1,0,TRUE
Female,Loyal Customer,7,Personal Travel,Eco,296,2,4,2,3,5,2,5,5,4,3,4,3,5,3.62,3,41,FALSE
Female,Loyal Customer,58,Business Travel,Business,3087,2,2,2,2,5,4,5,5,5,5,4,3,4,3.69,3,5,TRUE
Female,Loyal Customer,38,Business Travel,Business,3656,1,5,5,5,1,3,4,3,3,3,1,1,3,2.92,0,0,FALSE
Female,Loyal Customer,48,Personal Travel,Eco Plus,365,3,4,3,5,3,5,5,2,2,3,2,4,4,3.46,1,0,FALSE
Male,Loyal Customer,51,Business Travel,Business,457,4,5,4,5,1,4,4,4,4,4,4,4,3,3.85,0,0,FALSE
Female,Loyal Customer,29,Personal Travel,Eco,1089,2,3,2,2,3,2,3,3,3,5,4,2,3,2.85,0,16,FALSE
Male,Disloyal Customer,9,Business Travel,Eco,1189,4,4,4,3,5,4,5,5,3,2,4,2,5,3.85,40,31,FALSE
Male,Loyal Customer,50,Business Travel,Business,3092,1,1,4,1,3,3,3,1,1,1,1,4,4,2.15,13,69,FALSE
Female,Loyal Customer,51,Business Travel,Eco,1008,2,5,5,5,2,2,2,2,3,3,2,2,2,2.85,326,329,TRUE
Male,Loyal Customer,36,Business Travel,Business,1363,5,5,5,5,2,5,5,3,3,4,3,3,5,4.08,0,0,TRUE
Female,Loyal Customer,49,Business Travel,Business,2139,2,2,2,2,3,5,4,2,2,2,2,5,3,2.77,0,0,TRUE
Female,Loyal Customer,57,Business Travel,Eco,1750,4,1,1,1,5,3,3,4,4,4,4,3,4,3.15,77,39,FALSE
Female,Loyal Customer,59,Business Travel,Business,96,3,3,3,3,3,4,4,4,4,4,4,3,4,3.54,0,0,TRUE
Female,Disloyal Customer,73,Business Travel,Eco,107,3,4,3,4,3,3,1,3,4,2,4,4,3,3.15,82,81,FALSE
Male,Loyal Customer,39,Business Travel,Business,2153,3,3,3,3,2,3,4,5,5,5,5,3,3,3.62,0,11,TRUE
Male,Loyal Customer,26,Personal Travel,Eco,965,3,1,3,2,4,3,4,4,3,3,2,3,4,3,0,0,FALSE
Female,Disloyal Customer,22,Business Travel,Eco,248,2,0,2,3,4,2,4,4,4,3,4,5,4,3.15,0,0,FALSE
Female,Disloyal Customer,34,Business Travel,Eco,341,3,2,3,4,5,3,5,5,4,2,3,4,5,3.69,114,103,FALSE
Male,Loyal Customer,25,Personal Travel,Eco Plus,226,0,5,0,3,1,0,1,1,4,3,5,3,1,2.08,15,7,TRUE
Female,Loyal Customer,35,Personal Travel,Eco,129,2,1,2,4,5,2,5,5,3,4,2,1,5,3.15,0,4,FALSE
Female,Loyal Customer,46,Business Travel,Eco,192,2,2,2,2,4,1,4,2,2,2,2,3,1,2.23,0,0,TRUE
Female,Loyal Customer,35,Business Travel,Business,83,1,1,1,1,5,5,5,5,4,4,2,5,5,3.38,0,0,TRUE
Female,Loyal Customer,42,Business Travel,Business,3753,2,1,1,1,1,3,3,3,3,3,2,4,1,2.15,0,4,FALSE
Female,Loyal Customer,42,Business Travel,Business,1774,2,2,2,2,3,1,4,5,5,5,5,3,5,3.38,0,0,TRUE
Female,Loyal Customer,15,Personal Travel,Eco,612,1,3,1,2,1,1,1,1,5,2,4,4,1,2.08,0,0,FALSE
Male,Disloyal Customer,24,Business Travel,Business,1222,5,0,5,2,3,5,3,3,4,2,4,5,3,3.38,6,13,TRUE
Male,Loyal Customer,45,Business Travel,Business,247,2,2,2,2,5,4,4,5,5,5,5,4,3,3.69,28,14,TRUE
Female,Disloyal Customer,39,Business Travel,Business,302,5,5,5,3,5,5,5,5,4,2,5,4,5,4.46,0,0,TRUE
Male,Loyal Customer,31,Business Travel,Eco,273,4,3,3,3,4,4,4,4,2,2,4,3,4,3.38,0,0,TRUE
Male,Loyal Customer,25,Business Travel,Eco,493,5,4,4,4,5,5,4,5,1,5,1,2,5,3.85,0,1,TRUE
Male,Loyal Customer,58,Business Travel,Business,2177,5,5,3,5,2,5,5,4,4,4,5,5,3,4.23,0,0,TRUE
Male,Loyal Customer,21,Personal Travel,Eco,935,2,5,2,4,4,2,1,4,3,4,4,4,4,3.31,0,0,FALSE
Male,Loyal Customer,38,Business Travel,Business,3893,3,3,3,3,4,2,2,4,4,4,4,5,3,3.38,11,0,TRUE
Female,Disloyal Customer,25,Business Travel,Business,247,1,1,1,3,3,1,3,3,1,3,3,3,3,2.23,0,2,FALSE
Female,Loyal Customer,29,Personal Travel,Eco,590,4,4,4,4,4,4,4,4,4,3,4,3,4,3.85,33,16,FALSE
Female,Loyal Customer,46,Personal Travel,Eco,551,2,4,3,4,1,4,3,1,1,3,1,3,2,2.46,0,0,FALSE
Male,Loyal Customer,33,Business Travel,Business,460,3,3,3,3,3,4,3,3,3,4,5,4,3,3.38,53,52,TRUE
Female,Loyal Customer,52,Personal Travel,Eco,1145,1,5,1,5,3,3,5,2,2,1,2,4,4,2.92,0,0,FALSE
Male,Loyal Customer,41,Personal Travel,Eco Plus,404,3,4,3,3,3,3,2,3,4,2,5,2,3,3.08,0,0,FALSE
Male,Loyal Customer,42,Business Travel,Eco,512,5,4,4,4,5,5,5,5,2,1,3,5,5,4.08,0,0,TRUE
Male,Loyal Customer,26,Personal Travel,Eco,239,3,4,3,3,3,3,4,3,5,3,4,3,3,3.38,3,0,FALSE
Male,Loyal Customer,20,Personal Travel,Eco,1592,3,4,3,3,5,3,4,5,4,4,4,5,5,4,0,0,FALSE
Male,Loyal Customer,20,Personal Travel,Eco,621,1,4,1,2,5,1,5,5,4,5,5,3,5,3.54,0,0,FALSE
Female,Loyal Customer,56,Business Travel,Business,2556,2,3,3,3,2,2,2,1,2,4,4,2,2,2.46,11,27,FALSE
Male,Loyal Customer,21,Business Travel,Business,2090,1,1,1,1,5,5,5,5,4,4,4,2,5,3.31,0,0,TRUE
Male,Loyal Customer,55,Business Travel,Business,2288,2,2,2,2,5,5,4,5,5,5,5,5,3,3.85,0,0,TRUE
Male,Loyal Customer,41,Business Travel,Business,2457,2,2,2,2,5,4,4,4,4,4,4,3,5,3.46,0,0,TRUE
Male,Disloyal Customer,20,Business Travel,Eco,809,1,1,1,3,1,1,4,1,2,5,4,1,1,2,0,0,FALSE
Female,Loyal Customer,28,Business Travel,Business,2300,2,2,2,2,2,2,2,2,3,3,5,5,2,2.62,0,0,TRUE
Female,Disloyal Customer,30,Business Travel,Eco Plus,484,2,2,2,5,1,2,1,1,2,5,1,2,1,2.08,0,0,FALSE
Male,Loyal Customer,29,Business Travel,Business,1697,3,3,3,3,4,4,4,4,5,2,5,4,4,3.69,0,0,TRUE
Female,Disloyal Customer,39,Business Travel,Business,338,3,3,3,2,5,3,5,5,3,4,4,4,5,3.77,25,29,FALSE
Male,Loyal Customer,44,Personal Travel,Business,1020,2,1,2,4,4,4,3,2,2,2,2,4,1,2.54,5,3,FALSE
Female,Disloyal Customer,16,Business Travel,Business,1149,0,0,0,2,0,2,2,4,4,3,4,2,2,1.92,11,3,TRUE
Male,Loyal Customer,42,Business Travel,Business,1222,3,3,3,3,3,4,5,5,5,5,5,3,4,3.92,0,0,TRUE
Male,Loyal Customer,23,Business Travel,Business,946,4,4,4,4,4,5,4,4,4,3,5,4,4,4.08,0,0,TRUE
Male,Loyal Customer,30,Business Travel,Business,1605,5,5,5,5,3,3,3,3,5,3,3,3,3,3.77,98,68,TRUE
Male,Disloyal Customer,23,Business Travel,Eco,240,2,0,2,1,5,2,5,5,4,4,4,4,5,3.31,0,0,FALSE
Male,Disloyal Customer,50,Business Travel,Eco,144,4,4,4,2,3,4,3,3,2,4,4,1,3,3.15,0,0,TRUE
Female,Disloyal Customer,18,Business Travel,Eco,964,3,3,3,1,3,3,3,3,2,2,5,4,3,2.92,0,0,FALSE
Female,Disloyal Customer,20,Business Travel,Eco,137,1,1,1,4,1,1,1,1,1,2,4,4,1,1.77,26,26,FALSE
Male,Loyal Customer,69,Personal Travel,Eco,1464,1,5,1,3,2,1,2,2,4,2,4,4,2,2.54,0,1,FALSE
Female,Loyal Customer,37,Business Travel,Business,3779,4,4,4,4,1,3,3,4,4,4,3,5,3,3.54,0,0,TRUE
Male,Loyal Customer,36,Personal Travel,Eco,986,3,5,3,1,5,3,1,5,4,5,5,3,5,3.69,63,54,FALSE
Male,Loyal Customer,39,Business Travel,Business,1303,4,4,4,4,5,4,4,5,5,5,5,5,3,4.38,4,0,TRUE
Female,Loyal Customer,21,Business Travel,Business,3480,2,2,2,2,4,4,4,4,3,4,4,4,4,3.31,0,0,TRUE
Female,Loyal Customer,41,Business Travel,Business,480,3,3,3,3,5,5,5,2,2,2,2,5,4,3.38,1,0,TRUE
Male,Disloyal Customer,24,Business Travel,Eco,192,5,4,5,5,2,5,2,2,5,3,5,4,2,3.77,0,0,TRUE
Male,Loyal Customer,46,Business Travel,Business,3765,3,3,3,3,3,5,5,4,4,3,4,3,5,3.69,0,0,TRUE
Female,Loyal Customer,48,Business Travel,Business,3614,4,4,4,4,5,4,5,5,5,5,5,5,5,4.62,0,2,TRUE
Female,Loyal Customer,36,Business Travel,Business,1575,5,5,2,5,4,2,3,5,5,5,5,5,4,4.23,3,4,TRUE
Male,Loyal Customer,39,Business Travel,Business,1693,1,3,1,1,3,3,2,4,4,4,4,2,5,2.85,0,0,TRUE
Female,Loyal Customer,46,Business Travel,Business,3849,3,3,3,3,5,3,1,4,4,3,4,5,1,3.23,0,0,TRUE
Female,Loyal Customer,56,Business Travel,Business,3466,1,1,1,1,1,1,3,3,3,4,3,5,3,2.31,0,5,TRUE
Female,Loyal Customer,17,Personal Travel,Eco,918,4,1,3,2,3,3,3,3,4,4,2,4,3,3,0,0,FALSE
Female,Loyal Customer,43,Business Travel,Eco,1744,3,1,1,1,2,4,3,3,3,3,3,4,2,2.54,0,0,FALSE
Male,Loyal Customer,47,Business Travel,Business,550,4,4,4,4,4,2,5,5,5,5,5,4,4,4.23,0,0,TRUE
Male,Loyal Customer,46,Business Travel,Business,3101,1,4,4,4,1,3,3,1,1,1,1,2,3,2.23,0,0,FALSE
Male,Disloyal Customer,39,Business Travel,Eco,238,2,0,2,4,4,2,4,4,1,3,4,3,4,2.85,0,0,FALSE
Male,Loyal Customer,32,Business Travel,Business,3116,1,1,1,1,5,5,5,5,3,2,4,4,5,3.23,5,19,TRUE
Female,Loyal Customer,22,Business Travel,Business,2288,3,3,4,3,4,4,4,4,3,3,3,5,4,3.62,0,0,TRUE
Female,Loyal Customer,23,Business Travel,Eco,605,2,4,4,4,2,2,4,2,4,4,3,3,2,3.08,0,0,FALSE
Female,Loyal Customer,33,Personal Travel,Eco,631,3,3,3,4,1,3,1,1,1,1,2,3,1,2.08,16,30,FALSE
Female,Disloyal Customer,30,Business Travel,Eco Plus,760,3,3,3,4,5,3,5,5,2,1,4,2,5,3.46,28,11,FALSE
Male,Loyal Customer,28,Business Travel,Business,3326,2,2,4,2,4,4,4,4,2,2,3,3,4,3.08,0,0,TRUE
Female,Loyal Customer,58,Personal Travel,Eco,109,5,4,0,4,2,4,5,1,1,0,1,5,4,2.77,0,0,TRUE
Female,Loyal Customer,66,Personal Travel,Eco,308,3,5,3,4,1,5,5,5,5,3,5,2,3,3.77,0,0,FALSE
Female,Loyal Customer,28,Personal Travel,Eco Plus,2409,3,4,3,3,2,3,2,2,3,1,4,4,2,2.77,0,0,FALSE
Female,Loyal Customer,28,Personal Travel,Eco,770,1,5,1,1,2,1,2,2,3,3,4,5,2,2.46,0,7,FALSE
Female,Disloyal Customer,24,Business Travel,Business,201,2,4,3,3,4,3,4,4,4,2,4,4,4,3.46,0,0,FALSE
Male,Loyal Customer,36,Business Travel,Eco,569,5,3,3,3,5,5,5,5,1,1,3,1,5,3.46,0,0,TRUE
Female,Loyal Customer,57,Business Travel,Business,2565,4,5,4,4,2,5,4,5,5,5,5,3,5,4.31,25,25,TRUE
Female,Loyal Customer,51,Business Travel,Business,588,5,1,5,5,5,4,5,5,5,5,5,5,4,4.54,13,2,TRUE
Female,Disloyal Customer,25,Business Travel,Eco,1027,2,2,2,2,3,2,5,3,1,3,2,1,3,2.38,0,0,FALSE
Female,Loyal Customer,57,Business Travel,Business,3640,4,4,4,4,3,4,5,5,5,5,5,5,5,4.46,40,30,TRUE
Female,Disloyal Customer,30,Business Travel,Eco,589,2,1,2,4,3,2,1,3,4,2,3,4,3,2.62,0,0,FALSE
Male,Loyal Customer,51,Business Travel,Business,2366,1,5,4,5,2,1,1,4,4,3,1,1,3,2.69,0,0,FALSE
Male,Loyal Customer,35,Business Travel,Eco,1795,2,3,3,3,2,2,2,2,2,2,3,4,2,2.46,26,0,TRUE
Female,Disloyal Customer,27,Business Travel,Business,325,1,1,1,2,4,1,4,4,4,3,3,4,4,2.77,16,14,FALSE
Female,Loyal Customer,36,Business Travel,Business,2290,1,4,4,4,1,4,4,1,1,1,1,3,2,2.38,0,12,FALSE
Male,Loyal Customer,16,Business Travel,Business,1978,5,5,5,5,5,4,5,5,3,2,2,2,5,4.08,5,0,TRUE
Male,Loyal Customer,9,Personal Travel,Eco,592,2,5,2,2,1,2,1,1,2,4,1,5,1,2.23,0,0,FALSE
Female,Disloyal Customer,24,Business Travel,Business,1464,4,4,4,4,4,4,4,4,5,4,4,4,4,4.08,11,0,TRUE
Female,Loyal Customer,46,Personal Travel,Eco Plus,479,2,5,3,4,2,3,2,1,1,3,4,3,2,2.69,29,14,FALSE
Female,Loyal Customer,38,Business Travel,Eco Plus,163,4,2,2,2,4,4,4,4,4,3,5,5,4,3.62,12,32,TRUE
Female,Loyal Customer,64,Business Travel,Eco,2227,2,3,3,3,2,2,2,4,4,3,4,2,2,2.77,0,29,FALSE
Female,Loyal Customer,33,Business Travel,Business,2668,1,5,2,2,5,2,2,1,1,1,1,2,3,2.15,5,16,FALSE
Male,Disloyal Customer,26,Business Travel,Eco,160,3,0,3,3,5,3,5,5,4,3,5,2,5,3.54,0,0,FALSE
Male,Disloyal Customer,26,Business Travel,Eco,521,1,3,1,1,4,1,4,4,3,1,5,1,4,2.54,0,0,FALSE
Male,Loyal Customer,14,Personal Travel,Eco,480,4,3,4,4,3,4,3,3,4,4,4,1,3,3.38,0,0,FALSE
Female,Loyal Customer,21,Personal Travel,Eco,201,3,1,3,4,1,3,1,1,4,2,4,3,1,2.38,0,0,FALSE
Female,Loyal Customer,56,Business Travel,Business,2342,3,2,2,2,1,4,3,3,3,3,3,2,4,2.69,0,4,FALSE
Female,Disloyal Customer,24,Business Travel,Eco,1222,4,4,4,3,2,4,2,2,3,5,4,1,2,3.08,5,0,FALSE
Male,Loyal Customer,33,Business Travel,Eco,630,1,1,1,1,1,1,1,2,1,1,1,1,1,1.08,131,143,FALSE
Female,Loyal Customer,39,Business Travel,Business,991,5,5,5,5,5,4,5,4,4,4,4,3,5,4.46,0,8,TRUE
Female,Loyal Customer,58,Personal Travel,Eco,406,3,5,3,1,2,4,4,3,3,3,3,5,5,3.38,0,14,FALSE
Female,Loyal Customer,11,Personal Travel,Eco,852,5,4,5,3,5,5,5,5,5,3,5,4,5,4.54,0,0,TRUE
Male,Loyal Customer,37,Personal Travel,Business,600,3,3,3,4,4,3,4,5,5,3,5,2,2,3.54,0,0,FALSE
Male,Loyal Customer,14,Personal Travel,Eco,118,3,1,0,1,2,0,2,2,2,2,2,2,2,1.62,52,43,FALSE
Female,Loyal Customer,29,Business Travel,Business,1249,3,3,3,3,3,3,3,3,4,2,4,4,3,3.15,55,40,FALSE
Male,Loyal Customer,19,Business Travel,Business,170,0,4,0,5,3,3,3,3,5,4,5,3,3,3.15,0,3,TRUE
Female,Loyal Customer,49,Business Travel,Business,2640,1,4,4,4,1,1,1,2,2,3,4,1,1,2.23,0,0,FALSE
Female,Loyal Customer,15,Personal Travel,Eco,642,2,4,2,2,5,2,5,5,4,5,4,5,5,3.85,0,11,FALSE
Female,Loyal Customer,47,Business Travel,Business,2435,5,5,5,5,4,4,4,5,3,4,5,4,4,4.38,161,164,TRUE
Female,Loyal Customer,21,Business Travel,Business,1598,2,4,3,4,2,2,2,1,2,4,4,2,2,2.62,148,139,FALSE
Female,Loyal Customer,60,Business Travel,Eco,625,4,1,1,1,3,3,2,4,4,4,4,5,4,3.08,20,0,TRUE
Female,Loyal Customer,52,Business Travel,Business,3231,3,3,3,3,4,3,5,5,5,5,4,5,1,3.77,0,0,TRUE
Female,Loyal Customer,42,Personal Travel,Eco,312,3,4,3,4,4,5,4,1,1,3,4,4,4,3.38,0,0,FALSE
Male,Loyal Customer,22,Personal Travel,Eco Plus,526,2,5,2,3,4,2,4,4,5,5,5,3,4,3.69,0,0,FALSE
Male,Loyal Customer,46,Business Travel,Business,2917,2,2,4,2,4,4,4,4,5,4,4,4,4,3.62,0,0,TRUE
Female,Loyal Customer,15,Personal Travel,Eco,1024,2,3,1,4,5,1,5,5,3,1,3,1,5,3,3,14,FALSE
Male,Loyal Customer,40,Business Travel,Business,2694,4,4,4,4,2,4,4,4,4,5,4,4,5,4,0,1,TRUE
Female,Loyal Customer,41,Business Travel,Business,1590,3,3,3,3,4,4,5,4,4,5,4,4,3,3.77,0,0,TRUE
Female,Loyal Customer,26,Personal Travel,Eco,587,3,4,4,2,2,4,2,2,5,3,5,5,2,3.31,66,,FALSE
Female,Loyal Customer,29,Personal Travel,Eco Plus,179,2,4,2,3,4,2,4,4,4,1,4,2,4,3.08,0,0,FALSE
Female,Loyal Customer,57,Business Travel,Business,3109,3,3,3,3,2,5,5,4,4,4,4,4,5,3.77,0,0,TRUE
Female,Loyal Customer,20,Personal Travel,Eco,1192,2,3,2,5,1,2,1,1,1,4,4,5,1,2.46,0,0,FALSE
Male,Loyal Customer,60,Personal Travel,Eco Plus,861,3,5,3,4,5,3,5,5,4,4,4,4,5,4.15,0,0,FALSE
Female,Loyal Customer,15,Personal Travel,Business,725,2,3,2,4,4,2,4,4,3,4,1,1,4,2.92,0,0,FALSE
Female,Loyal Customer,60,Business Travel,Eco,528,4,5,5,5,5,3,4,4,4,4,4,2,4,4.08,7,4,FALSE
Female,Loyal Customer,46,Business Travel,Eco,308,4,5,5,5,5,4,3,4,4,4,4,4,2,4.08,1,0,FALSE
Female,Loyal Customer,47,Business Travel,Eco Plus,125,4,4,4,4,3,1,4,4,4,4,4,4,3,3.62,118,111,TRUE
Male,Disloyal Customer,35,Business Travel,Business,1235,2,2,2,1,1,2,1,1,5,5,4,5,1,2.46,0,0,FALSE
Female,Loyal Customer,30,Personal Travel,Eco,1121,2,5,2,4,4,2,4,4,5,3,5,4,4,3.69,72,58,FALSE
Female,Disloyal Customer,30,Business Travel,Eco,229,3,0,3,4,3,3,3,3,4,4,3,3,3,3,0,4,FALSE
Female,Disloyal Customer,48,Business Travel,Eco,1626,3,3,3,4,1,3,1,1,3,3,2,2,1,2.31,0,0,FALSE
Female,Loyal Customer,65,Personal Travel,Eco,1259,1,5,1,1,2,5,5,3,3,1,4,3,5,3,0,0,FALSE
Female,Loyal Customer,25,Personal Travel,Eco,2306,3,5,3,3,4,3,4,4,3,5,4,3,4,3.69,0,0,FALSE
Female,Loyal Customer,50,Personal Travel,Eco,335,3,5,3,4,5,5,5,4,4,3,4,5,5,4.23,0,0,FALSE
Female,Loyal Customer,30,Personal Travel,Eco,546,2,3,3,3,3,3,4,3,3,4,4,2,3,3.08,0,0,FALSE
Male,Loyal Customer,45,Business Travel,Business,1023,2,2,2,2,2,3,5,4,4,4,4,1,4,3,0,0,TRUE
Male,Loyal Customer,37,Business Travel,Business,2611,3,3,3,3,3,5,4,5,5,5,5,5,3,4,0,0,TRUE
Male,Loyal Customer,20,Personal Travel,Business,472,2,2,2,4,5,2,5,5,2,2,3,1,5,3.08,0,0,FALSE
Female,Loyal Customer,53,Business Travel,Business,3995,5,5,1,5,4,5,5,4,4,5,4,4,3,4.15,0,0,TRUE
Female,Loyal Customer,54,Business Travel,Business,3601,4,4,4,4,5,5,4,5,5,5,5,5,4,4.54,0,0,TRUE
Male,Disloyal Customer,21,Business Travel,Business,503,5,0,5,4,2,5,2,2,3,5,4,4,2,3.31,16,20,TRUE
Male,Disloyal Customer,27,Business Travel,Business,1121,4,4,4,4,4,4,4,4,5,5,5,3,4,4.15,6,2,FALSE
Female,Disloyal Customer,20,Business Travel,Eco,163,5,0,5,5,1,5,1,1,1,1,5,5,1,2.77,0,0,TRUE
Female,Loyal Customer,49,Business Travel,Business,1733,1,1,1,1,5,4,5,2,2,2,2,5,5,2.77,0,0,TRUE
Male,Loyal Customer,32,Personal Travel,Eco,651,2,2,2,2,5,2,5,5,1,3,3,3,5,3.08,0,0,FALSE
Female,Loyal Customer,63,Personal Travel,Eco,223,2,2,0,3,1,4,3,1,1,0,1,2,1,1.62,33,25,FALSE
Male,Loyal Customer,54,Business Travel,Business,585,2,2,2,2,5,4,4,4,4,4,4,3,5,3.46,17,40,TRUE
Male,Loyal Customer,22,Business Travel,Business,2804,1,1,5,1,1,2,1,1,1,3,4,4,1,2,0,25,FALSE
Female,Disloyal Customer,18,Business Travel,Eco,1196,2,2,2,3,2,2,2,2,2,4,2,3,2,2.31,0,0,FALSE
Male,Loyal Customer,67,Business Travel,Eco,370,2,4,4,4,2,2,2,2,3,5,2,3,2,2.85,64,61,FALSE
Male,Loyal Customer,36,Business Travel,Business,3114,1,1,1,1,4,5,4,3,3,4,5,4,5,3.15,0,0,TRUE
Male,Loyal Customer,28,Business Travel,Business,1024,5,5,5,5,3,3,3,3,5,5,5,3,3,4.08,22,26,TRUE
Male,Loyal Customer,31,Personal Travel,Business,229,5,5,5,4,5,5,5,5,3,2,4,4,5,4.38,0,0,TRUE
Female,Disloyal Customer,29,Business Travel,Eco,818,4,4,4,3,2,4,2,2,2,2,5,5,2,3.15,8,0,TRUE
Male,Loyal Customer,25,Personal Travel,Eco,669,1,5,1,3,2,1,4,2,2,4,4,2,2,2.54,0,0,FALSE
Female,Loyal Customer,47,Business Travel,Eco,416,2,1,3,3,1,4,3,2,2,2,2,3,1,2.23,8,11,FALSE
Male,Loyal Customer,54,Business Travel,Business,684,4,4,4,4,2,4,4,5,5,5,5,4,3,4.08,8,11,TRUE
Female,Disloyal Customer,18,Business Travel,Eco,474,4,0,4,3,2,4,2,2,4,4,4,4,2,3,5,68,FALSE
Female,Loyal Customer,38,Personal Travel,Eco Plus,1619,2,5,2,1,1,2,1,1,3,5,3,4,1,2.38,0,0,FALSE
Female,Loyal Customer,23,Personal Travel,Eco,1624,1,2,0,4,4,0,4,4,3,4,3,3,4,2.77,0,0,FALSE
Female,Loyal Customer,29,Business Travel,Eco,3801,4,4,4,4,4,4,4,3,1,4,1,4,4,3.46,0,0,TRUE
Male,Loyal Customer,15,Personal Travel,Eco,368,2,5,2,4,3,2,3,3,2,1,2,3,3,2.69,0,0,FALSE
Male,Loyal Customer,22,Personal Travel,Eco,641,3,4,4,4,3,4,3,3,5,2,5,4,3,3.62,0,0,FALSE
Male,Loyal Customer,41,Business Travel,Eco,1195,5,1,1,1,5,5,5,5,2,4,1,1,5,3.15,0,0,TRUE
Male,Loyal Customer,30,Personal Travel,Eco,164,4,5,0,3,1,0,1,1,5,2,5,4,1,2.46,41,38,FALSE
Female,Loyal Customer,49,Business Travel,Business,1391,2,2,2,2,5,4,4,5,5,5,5,3,3,3.62,0,0,TRUE
Female,Loyal Customer,43,Business Travel,Eco,874,4,2,1,2,1,1,3,4,4,4,4,2,2,2.62,0,0,TRUE
Female,Loyal Customer,39,Personal Travel,Eco,425,0,2,0,3,5,0,5,5,3,3,4,3,5,2.92,0,0,TRUE
Female,Loyal Customer,44,Business Travel,Business,650,2,2,2,2,3,4,5,4,4,4,4,5,5,3.54,0,0,TRUE
Male,Loyal Customer,19,Personal Travel,Eco,1009,2,5,2,4,2,2,5,2,5,4,4,4,2,3.31,0,17,FALSE
Male,Loyal Customer,62,Business Travel,Eco Plus,268,5,5,5,5,5,5,5,5,4,1,2,4,5,4.31,0,3,TRUE
Male,Loyal Customer,48,Business Travel,Eco Plus,190,2,5,5,5,2,2,2,2,3,3,1,4,2,2.92,0,0,TRUE
Female,Disloyal Customer,23,Business Travel,Eco,683,0,0,0,2,2,0,2,2,3,2,3,2,2,1.54,6,4,TRUE
Female,Loyal Customer,13,Personal Travel,Eco,109,0,5,0,4,5,0,3,5,5,3,4,5,5,3.38,0,0,TRUE
Female,Loyal Customer,39,Personal Travel,Eco,577,2,2,2,2,4,2,4,4,3,5,2,4,4,3.08,6,0,FALSE
Female,Loyal Customer,43,Business Travel,Business,2248,2,3,2,2,4,4,4,4,2,4,5,4,4,3.38,23,53,TRUE
Female,Loyal Customer,40,Business Travel,Business,2586,2,2,2,2,4,4,4,4,4,5,5,4,4,3.54,14,0,TRUE
Female,Loyal Customer,33,Business Travel,Eco,783,2,5,5,5,2,2,2,2,1,1,4,1,2,2.62,5,0,FALSE
Female,Disloyal Customer,25,Business Travel,Eco,508,0,5,0,4,2,5,2,2,1,1,5,5,2,2.62,0,0,TRUE
Male,Loyal Customer,59,Business Travel,Business,1723,1,1,1,1,3,5,5,4,4,4,4,5,3,3.15,0,0,TRUE
Male,Loyal Customer,29,Business Travel,Business,3064,3,3,3,3,4,5,4,4,5,5,5,4,4,4,0,0,TRUE
Male,Loyal Customer,46,Business Travel,Eco,1990,5,2,2,2,5,5,5,5,2,3,4,2,5,3.62,2,7,TRUE
Female,Disloyal Customer,33,Business Travel,Business,351,2,2,2,2,4,2,4,4,4,4,5,4,4,3.31,0,4,FALSE
Male,Loyal Customer,60,Business Travel,Business,1020,4,4,2,4,3,4,5,4,4,4,4,5,3,3.85,0,13,TRUE
Male,Loyal Customer,61,Business Travel,Eco,584,4,4,4,4,3,4,3,3,3,1,5,5,3,3.54,0,0,TRUE
Female,Loyal Customer,44,Business Travel,Business,2077,2,2,2,2,4,4,5,4,4,4,4,5,5,3.62,0,0,TRUE
Male,Loyal Customer,62,Personal Travel,Eco,308,2,1,2,3,4,2,4,4,4,4,3,3,4,3.08,0,0,FALSE
Female,Loyal Customer,46,Personal Travel,Eco,86,3,5,3,4,2,1,5,5,5,3,5,1,4,3.54,55,45,FALSE
Male,Loyal Customer,30,Business Travel,Business,2475,3,3,3,3,4,4,4,4,4,5,4,4,4,3.77,19,39,TRUE
Female,Loyal Customer,18,Personal Travel,Eco,852,3,5,3,2,3,3,3,3,5,2,4,4,3,3.31,0,0,FALSE
Female,Disloyal Customer,26,Business Travel,Business,1192,4,4,4,1,2,4,2,2,4,4,4,5,2,3.23,14,0,TRUE
Female,Loyal Customer,8,Business Travel,Business,697,2,2,2,2,5,5,5,5,3,4,5,5,5,3.85,2,2,TRUE
Female,Disloyal Customer,29,Business Travel,Business,672,5,4,4,4,2,4,2,2,4,5,4,4,2,3.54,0,0,TRUE
Male,Loyal Customer,39,Business Travel,Business,1878,4,4,4,4,4,5,4,4,4,5,4,3,5,4.15,0,0,TRUE
Female,Loyal Customer,48,Business Travel,Business,1908,4,4,4,4,5,5,4,3,3,3,3,3,3,3.69,0,0,TRUE
Female,Disloyal Customer,36,Business Travel,Eco,174,1,1,1,4,5,1,5,5,1,4,4,1,5,2.92,0,0,FALSE
Female,Disloyal Customer,26,Business Travel,Business,594,2,5,2,1,4,2,4,4,3,5,5,4,4,3.46,0,0,FALSE
Male,Loyal Customer,19,Personal Travel,Eco,349,2,5,3,3,4,3,4,4,5,4,4,3,4,3.69,5,4,FALSE
Female,Disloyal Customer,16,Business Travel,Eco,169,2,0,1,5,2,1,2,2,2,2,1,1,2,1.77,0,0,FALSE
Male,Loyal Customer,56,Personal Travel,Eco,395,2,5,5,4,3,5,3,3,1,1,4,5,3,3.38,0,8,FALSE
Male,Loyal Customer,36,Business Travel,Eco,459,1,3,3,3,2,1,1,1,5,4,4,1,1,2.31,89,135,FALSE
Female,Loyal Customer,64,Business Travel,Eco,216,4,2,4,4,4,3,4,4,4,4,4,2,2,3.46,0,0,TRUE
Female,Loyal Customer,18,Personal Travel,Eco,802,4,2,4,3,5,4,5,5,2,3,3,3,5,3.69,10,4,FALSE
Female,Loyal Customer,23,Personal Travel,Eco,143,4,2,4,3,1,4,5,1,2,4,2,2,1,2.69,0,0,TRUE
Male,Loyal Customer,40,Business Travel,Business,522,5,5,4,5,3,5,4,4,4,4,4,5,4,4.31,35,44,TRUE
Male,Disloyal Customer,26,Business Travel,Eco,101,2,4,2,1,3,2,3,3,5,1,3,2,3,2.62,0,0,FALSE
Female,Loyal Customer,22,Business Travel,Eco Plus,749,0,3,0,1,4,0,4,4,2,4,4,4,4,2.62,0,0,TRUE
Male,Disloyal Customer,19,Business Travel,Business,258,2,3,2,3,1,2,3,1,3,5,4,2,1,2.46,99,87,FALSE
Female,Disloyal Customer,26,Business Travel,Eco,417,4,1,4,4,5,4,5,5,3,1,4,1,5,3.54,22,11,FALSE
Female,Loyal Customer,56,Personal Travel,Eco,980,3,5,3,1,3,4,5,2,2,3,2,5,5,3.31,30,69,FALSE
Male,Loyal Customer,29,Personal Travel,Eco,280,2,2,2,3,5,2,5,5,3,5,3,4,5,3.54,13,1,FALSE
Male,Loyal Customer,44,Business Travel,Eco,1449,2,2,5,2,2,2,2,2,3,4,3,4,2,2.69,88,106,FALSE
Female,Loyal Customer,45,Business Travel,Business,3652,3,3,3,3,4,4,5,4,4,4,4,5,3,3.77,4,0,TRUE
Male,Loyal Customer,49,Personal Travel,Eco,581,2,5,1,3,1,1,1,1,3,5,4,4,1,2.46,13,0,FALSE
Male,Disloyal Customer,33,Business Travel,Business,599,3,3,3,3,3,3,3,3,3,5,4,4,3,3.31,12,0,FALSE
Female,Loyal Customer,63,Personal Travel,Eco,895,4,5,4,4,2,4,5,2,2,4,2,4,4,3.54,0,0,TRUE
Female,Loyal Customer,53,Personal Travel,Eco,762,1,5,1,1,2,1,2,5,5,1,5,5,3,2.85,0,6,FALSE
Female,Loyal Customer,50,Business Travel,Business,1842,5,5,5,5,5,5,4,5,5,5,4,3,3,4.54,0,0,TRUE
Female,Disloyal Customer,64,Business Travel,Eco,872,2,2,2,1,1,2,2,1,4,1,1,5,1,1.92,0,3,FALSE
Female,Loyal Customer,35,Business Travel,Business,2900,2,2,2,2,5,4,5,4,4,5,4,5,4,3.69,0,26,TRUE
Female,Loyal Customer,43,Personal Travel,Eco,414,2,4,2,3,2,2,2,2,4,3,3,2,2,2.54,109,132,FALSE
Female,Disloyal Customer,39,Business Travel,Eco,270,3,1,3,3,2,3,2,2,2,5,3,3,2,2.62,0,0,FALSE
Female,Loyal Customer,34,Personal Travel,Eco,386,1,4,1,4,1,1,1,1,3,5,5,3,1,2.38,0,0,FALSE
Female,Loyal Customer,16,Personal Travel,Eco,534,2,4,3,3,4,3,3,4,3,5,4,4,4,3.54,6,51,FALSE
Female,Loyal Customer,45,Business Travel,Business,1994,2,2,1,2,2,4,5,4,4,4,4,5,5,3.38,7,0,TRUE
Male,Loyal Customer,45,Business Travel,Business,152,3,3,3,3,3,4,4,4,4,4,5,4,3,3.62,74,67,TRUE
Male,Loyal Customer,49,Business Travel,Business,919,3,3,4,3,2,4,5,2,2,2,2,5,3,3.08,0,0,TRUE
Female,Loyal Customer,23,Personal Travel,Eco,929,2,4,2,4,2,2,4,2,3,2,3,1,2,2.54,0,0,FALSE
Male,Loyal Customer,48,Personal Travel,Eco,542,3,2,3,4,2,3,2,2,4,4,4,3,2,2.92,0,0,FALSE
Male,Loyal Customer,14,Personal Travel,Eco,125,4,5,4,2,5,4,5,5,2,5,5,3,5,4.15,0,0,FALSE
Female,Loyal Customer,28,Business Travel,Business,1706,3,3,3,3,2,2,2,2,5,4,4,4,2,3,11,0,TRUE
Female,Loyal Customer,67,Personal Travel,Eco,2434,3,5,3,4,5,4,4,5,5,3,5,3,3,4,0,0,FALSE
Female,Loyal Customer,54,Business Travel,Business,2273,2,2,2,2,4,5,5,4,4,4,4,5,4,3.62,13,3,TRUE
Female,Loyal Customer,48,Business Travel,Business,3071,1,1,1,1,3,4,4,3,3,4,3,5,4,2.85,15,22,TRUE
Male,Loyal Customer,38,Business Travel,Eco,999,3,1,1,1,3,3,3,3,1,1,3,1,3,2.08,0,0,FALSE
Male,Disloyal Customer,10,Business Travel,Eco,592,3,4,2,3,2,2,2,2,3,2,4,5,2,2.77,0,0,FALSE
Female,Disloyal Customer,39,Business Travel,Business,137,1,1,1,2,4,1,3,4,3,4,4,5,4,2.85,25,12,FALSE
Female,Disloyal Customer,30,Business Travel,Business,1506,2,2,2,5,5,2,2,5,4,5,4,4,5,3.62,0,0,FALSE
Female,Loyal Customer,39,Business Travel,Business,3226,3,2,2,2,3,2,3,3,3,3,3,1,3,2.54,89,98,FALSE
Female,Disloyal Customer,18,Business Travel,Eco,550,4,0,4,4,4,4,4,4,5,5,4,3,4,3.77,0,0,TRUE
Female,Loyal Customer,46,Personal Travel,Eco,366,3,5,3,1,2,4,4,4,4,3,2,5,5,3.46,0,0,FALSE
Male,Loyal Customer,39,Personal Travel,Eco Plus,551,3,1,4,3,2,4,2,2,1,1,4,1,2,2.31,0,15,FALSE
Female,Loyal Customer,44,Personal Travel,Eco,409,2,4,2,3,5,5,5,1,1,2,1,5,3,3,0,0,FALSE
Female,Loyal Customer,40,Business Travel,Business,3073,3,3,3,3,5,4,4,5,5,5,5,3,5,4.08,0,0,TRUE
Male,Loyal Customer,42,Personal Travel,Eco,846,3,5,3,5,3,3,3,3,4,2,4,5,3,3.54,0,39,FALSE
Female,Loyal Customer,60,Business Travel,Business,1851,5,5,5,5,5,3,4,5,5,5,5,3,3,4.46,75,46,TRUE
Male,Loyal Customer,37,Business Travel,Business,2257,2,2,2,2,1,4,2,5,5,5,5,5,2,3.23,1,0,TRUE
Female,Loyal Customer,61,Personal Travel,Business,802,2,5,1,2,4,4,5,3,3,1,3,5,4,3.23,0,0,FALSE
Female,Loyal Customer,57,Business Travel,Business,259,3,3,3,3,5,4,5,4,4,4,4,5,5,4,0,0,TRUE
Female,Loyal Customer,58,Personal Travel,Eco,874,1,4,1,2,5,5,4,5,5,1,5,4,4,3.54,33,26,FALSE
Male,Loyal Customer,11,Personal Travel,Eco,1703,2,1,2,3,3,2,3,3,3,1,2,3,3,2.38,42,40,FALSE
Female,Loyal Customer,43,Business Travel,Eco,719,2,4,4,4,4,1,1,2,2,2,2,4,4,2.77,0,0,FALSE
Male,Loyal Customer,51,Business Travel,Business,651,3,3,3,3,5,5,5,5,5,5,5,5,5,4.38,134,114,TRUE
Female,Loyal Customer,55,Business Travel,Business,1567,4,4,4,4,4,4,5,5,5,5,4,5,3,4.31,0,0,TRUE
Male,Loyal Customer,46,Personal Travel,Eco,590,2,4,2,3,4,2,4,4,4,2,5,3,4,3.31,0,0,FALSE
Male,Loyal Customer,28,Business Travel,Business,888,5,5,2,5,4,4,4,4,4,2,4,4,4,3.92,16,14,TRUE
Female,Loyal Customer,23,Business Travel,Business,1481,2,2,2,2,5,5,5,5,3,5,5,4,5,3.85,4,0,TRUE
Female,Loyal Customer,58,Business Travel,Eco Plus,304,2,1,1,1,5,2,3,3,3,2,3,4,3,2.54,0,0,FALSE
Male,Loyal Customer,42,Business Travel,Business,431,4,4,4,4,3,4,5,4,4,4,4,5,5,4.15,0,0,TRUE
Female,Loyal Customer,37,Personal Travel,Eco,228,1,3,1,3,5,1,5,5,4,4,3,2,5,3.23,3,0,FALSE
Male,Loyal Customer,52,Business Travel,Eco,533,4,5,3,5,4,4,4,4,4,2,4,3,4,3.85,6,0,TRUE
Female,Loyal Customer,24,Personal Travel,Eco,1605,2,4,2,4,3,2,3,3,4,2,5,4,3,3.15,8,0,FALSE
Female,Loyal Customer,55,Business Travel,Eco,163,4,3,3,3,4,4,3,4,4,4,4,5,4,3.77,0,0,TRUE
Female,Loyal Customer,43,Business Travel,Business,641,3,3,3,3,3,5,5,4,4,4,4,4,4,3.77,15,5,TRUE
Female,Loyal Customer,28,Business Travel,Business,2222,3,4,4,4,3,3,3,3,4,1,4,4,3,3.31,0,0,FALSE
Female,Loyal Customer,33,Business Travel,Business,632,4,4,4,4,3,4,5,4,4,4,4,3,4,3.92,0,0,TRUE
Female,Loyal Customer,61,Business Travel,Eco,163,2,5,5,5,1,3,1,2,2,2,2,3,5,2.92,0,0,TRUE
Female,Loyal Customer,25,Business Travel,Business,2475,2,2,2,2,5,4,4,4,3,4,5,4,4,3.46,8,0,TRUE
Female,Loyal Customer,44,Business Travel,Business,3281,3,3,3,3,4,4,5,4,4,4,4,4,4,3.77,0,0,TRUE
Female,Loyal Customer,65,Personal Travel,Eco,1487,3,3,3,2,3,2,2,3,2,3,1,2,2,2.38,150,138,FALSE
Female,Loyal Customer,52,Business Travel,Business,3458,2,2,1,2,3,4,4,3,3,3,3,4,3,2.85,27,23,TRUE
Male,Loyal Customer,66,Personal Travel,Eco,526,0,5,0,5,1,0,1,1,5,5,5,4,1,2.54,0,5,TRUE
Female,Loyal Customer,43,Business Travel,Eco,937,1,2,2,2,5,2,2,1,1,1,1,2,1,1.77,8,8,FALSE
Male,Loyal Customer,25,Business Travel,Eco,1703,4,1,5,5,4,4,3,4,2,4,3,2,4,3.46,1,0,FALSE
Male,Loyal Customer,60,Business Travel,Business,153,1,1,1,1,1,1,2,5,5,4,5,5,5,2.85,77,80,TRUE
Female,Disloyal Customer,34,Business Travel,Eco,270,2,1,2,4,5,2,5,5,1,2,3,4,5,3.15,0,1,FALSE
Male,Loyal Customer,59,Business Travel,Business,448,5,5,5,5,2,4,5,2,2,2,2,4,4,3.62,0,10,TRUE
Male,Loyal Customer,30,Business Travel,Eco Plus,106,5,3,3,3,5,5,5,5,1,3,5,3,5,3.92,0,0,TRUE
Female,Loyal Customer,18,Business Travel,Eco,423,3,3,5,3,3,3,3,3,2,2,4,4,3,3.15,10,10,FALSE
Male,Loyal Customer,10,Personal Travel,Eco,919,3,4,3,4,4,3,4,4,3,4,5,5,4,3.85,0,0,FALSE
Male,Loyal Customer,44,Personal Travel,Eco,565,4,5,4,5,3,4,2,3,3,3,4,3,3,3.54,0,0,FALSE
Male,Loyal Customer,30,Business Travel,Business,3486,3,5,3,3,4,4,4,4,5,2,5,3,4,3.77,0,0,TRUE
Male,Loyal Customer,50,Personal Travel,Eco,2039,2,1,2,2,5,2,5,5,2,1,3,3,5,2.92,15,0,FALSE
Female,Loyal Customer,27,Business Travel,Business,399,4,4,4,4,4,4,4,4,4,3,4,4,4,3.92,0,0,TRUE
Male,Disloyal Customer,23,Business Travel,Business,305,2,1,2,1,4,2,4,4,3,4,2,1,4,2.62,33,23,FALSE
Female,Loyal Customer,43,Business Travel,Business,3004,5,5,5,5,4,4,5,5,5,5,5,5,4,4.77,3,1,TRUE
Male,Loyal Customer,18,Personal Travel,Eco,349,4,4,4,1,4,4,4,4,5,4,4,5,4,3.92,99,93,FALSE
Male,Loyal Customer,20,Business Travel,Business,2938,3,3,3,3,4,4,4,4,4,4,1,3,4,3.38,0,0,TRUE
Female,Loyal Customer,48,Personal Travel,Eco,143,3,3,3,2,1,1,3,3,3,3,3,1,3,2.46,0,0,FALSE
Male,Loyal Customer,56,Business Travel,Business,2918,4,4,4,4,2,4,5,3,3,3,3,5,3,3.62,11,0,TRUE
Male,Loyal Customer,49,Business Travel,Eco,1016,4,1,1,1,4,4,4,4,4,2,1,4,4,2.92,0,34,FALSE
Female,Loyal Customer,20,Personal Travel,Eco,1235,2,3,2,1,3,2,3,3,2,2,4,4,3,2.62,0,8,FALSE
Female,Loyal Customer,43,Personal Travel,Eco,1756,5,2,5,3,5,3,3,4,4,5,4,4,1,3.69,1,22,TRUE
Male,Loyal Customer,48,Business Travel,Business,3658,5,5,5,5,2,5,4,5,5,5,5,5,3,4.54,0,0,TRUE
Female,Loyal Customer,43,Business Travel,Eco Plus,1014,3,1,4,1,3,3,3,3,3,3,3,3,3,2.77,24,23,FALSE
Male,Disloyal Customer,36,Business Travel,Business,337,3,3,3,2,5,3,5,5,5,2,5,3,5,3.77,0,0,FALSE
Female,Loyal Customer,40,Business Travel,Business,2387,1,5,5,5,1,4,4,1,1,1,1,2,3,2.62,0,0,FALSE
Male,Loyal Customer,64,Personal Travel,Eco,1005,4,4,4,4,4,4,4,4,4,4,5,4,4,4.08,0,1,FALSE
Male,Loyal Customer,55,Business Travel,Eco,270,3,1,1,1,3,3,3,3,2,3,3,1,3,2.31,0,0,FALSE
Female,Loyal Customer,41,Personal Travel,Eco,174,5,4,5,1,2,5,2,2,3,2,5,5,2,3.31,0,0,TRUE
Male,Loyal Customer,29,Business Travel,Business,1416,3,3,3,3,3,3,3,3,1,4,3,1,3,2.77,101,108,FALSE
Female,Disloyal Customer,22,Business Travel,Business,197,5,5,5,2,4,5,2,4,3,5,4,3,4,3.92,24,17,TRUE
Male,Loyal Customer,51,Business Travel,Business,2751,2,2,3,2,2,5,5,3,3,3,3,5,4,3.23,66,50,TRUE
Female,Loyal Customer,37,Business Travel,Business,666,1,1,4,1,2,5,5,5,5,5,5,5,4,3.69,0,8,TRUE
Female,Loyal Customer,59,Business Travel,Business,2394,5,5,5,5,3,4,4,5,5,5,5,5,5,4.69,0,12,TRUE
Male,Disloyal Customer,36,Business Travel,Business,1175,2,2,2,3,2,2,2,5,5,5,4,2,2,2.92,168,195,FALSE
Female,Disloyal Customer,20,Business Travel,Business,370,4,0,4,1,3,4,3,3,3,4,4,3,3,3,5,0,TRUE
Female,Loyal Customer,8,Personal Travel,Eco,1009,3,5,3,3,4,3,4,4,3,5,4,5,4,3.85,0,0,FALSE
Male,Loyal Customer,46,Business Travel,Eco,669,2,5,5,5,2,2,2,2,4,2,4,3,2,3.08,8,11,FALSE
Male,Loyal Customer,45,Business Travel,Business,489,5,5,5,5,5,4,4,4,4,4,4,3,4,4.31,0,0,TRUE
Female,Loyal Customer,40,Business Travel,Business,3181,2,2,2,2,5,5,5,4,4,4,4,4,4,3.62,0,0,TRUE
Female,Loyal Customer,56,Business Travel,Business,912,5,5,5,5,2,4,5,4,4,4,4,3,4,4.15,6,12,TRUE
Female,Loyal Customer,41,Personal Travel,Eco Plus,545,1,2,1,3,3,3,3,1,1,1,1,3,1,1.85,38,34,FALSE
Female,Loyal Customer,9,Personal Travel,Eco,1342,2,4,2,4,4,2,4,4,5,2,5,3,4,3.46,5,0,FALSE
Female,Loyal Customer,21,Business Travel,Business,3038,4,4,4,4,4,4,5,4,3,4,4,4,4,4,2,0,TRUE
Male,Loyal Customer,28,Business Travel,Business,2327,3,3,3,3,3,3,3,1,4,5,4,3,3,3.15,27,49,TRUE
Female,Loyal Customer,39,Personal Travel,Eco,306,3,5,3,2,5,3,5,5,4,5,5,5,5,4.23,37,19,FALSE
Female,Disloyal Customer,43,Business Travel,Business,539,4,4,4,4,2,4,4,2,4,5,5,5,2,3.77,0,0,TRUE
Male,Loyal Customer,56,Personal Travel,Eco,483,1,5,1,4,5,1,1,5,4,4,4,4,5,3.38,0,16,FALSE
Female,Loyal Customer,44,Personal Travel,Eco,937,4,5,4,2,4,3,5,4,4,4,3,2,5,3.77,7,1,FALSE
Male,Loyal Customer,52,Personal Travel,Eco,204,4,4,0,4,3,0,3,3,1,5,3,5,3,2.92,0,0,FALSE
Female,Disloyal Customer,20,Business Travel,Eco,641,5,0,5,5,5,1,5,4,5,3,1,5,5,3.77,505,486,TRUE
Female,Loyal Customer,30,Business Travel,Business,1556,2,2,2,2,4,5,4,4,4,2,4,3,4,3.23,0,0,TRUE
Female,Loyal Customer,47,Personal Travel,Eco,224,4,5,4,2,4,2,2,3,3,4,3,5,3,3.38,3,0,TRUE
Female,Loyal Customer,52,Business Travel,Business,3180,4,2,4,4,5,2,2,5,5,4,5,3,3,3.69,0,0,TRUE
Female,Disloyal Customer,57,Business Travel,Eco,787,1,1,1,4,4,1,4,4,3,5,3,4,4,3,0,0,FALSE
Female,Loyal Customer,46,Business Travel,Business,2640,5,5,5,5,2,3,5,4,4,4,4,5,5,4.31,50,9,TRUE
Female,Loyal Customer,33,Business Travel,Business,507,1,1,1,1,4,5,4,4,4,4,4,5,5,3.31,0,0,TRUE
Male,Disloyal Customer,22,Business Travel,Business,345,5,0,5,1,4,5,1,4,5,2,5,3,4,3.38,0,0,TRUE
Female,Loyal Customer,23,Business Travel,Business,3256,1,1,1,1,4,4,4,4,5,2,5,3,4,3,0,0,TRUE
Male,Loyal Customer,64,Personal Travel,Eco,1096,2,1,2,4,3,2,3,3,4,2,4,2,3,2.69,0,0,FALSE
Male,Loyal Customer,16,Personal Travel,Eco,674,2,4,2,4,3,2,4,3,2,5,3,4,3,3.15,9,22,FALSE
Male,Loyal Customer,66,Personal Travel,Eco,1438,1,3,1,3,2,1,2,2,2,5,2,3,2,2.23,0,0,FALSE
Female,Loyal Customer,41,Business Travel,Business,1867,5,5,5,5,2,5,5,4,4,4,4,3,4,4.23,0,6,TRUE
Female,Disloyal Customer,28,Business Travel,Eco,1281,3,3,3,2,2,3,4,2,2,4,3,3,2,2.77,0,0,FALSE
Male,Loyal Customer,66,Personal Travel,Eco,2139,2,5,2,4,5,2,5,5,3,2,4,5,5,3.77,0,1,FALSE
Female,Loyal Customer,41,Business Travel,Business,1533,2,2,2,2,5,5,4,3,3,3,3,3,5,3.23,0,0,TRUE
Male,Loyal Customer,58,Personal Travel,Eco,403,3,5,3,2,3,3,3,3,3,3,5,4,3,3.31,0,0,FALSE
Male,Loyal Customer,80,Business Travel,Eco,447,3,4,4,4,3,3,3,3,1,1,1,3,3,2.77,0,0,FALSE
Female,Loyal Customer,32,Personal Travel,Eco,1205,2,5,2,2,1,2,1,1,3,5,3,2,1,2.31,15,6,FALSE
Female,Loyal Customer,58,Personal Travel,Eco,164,3,2,3,4,5,3,4,2,2,3,1,4,3,3,19,27,FALSE
Female,Loyal Customer,60,Business Travel,Eco,746,2,5,3,5,2,3,2,2,2,2,2,4,3,2.85,0,0,FALSE
Male,Loyal Customer,39,Personal Travel,Eco,158,3,4,3,3,1,3,1,1,3,4,4,5,1,2.77,4,3,FALSE
Male,Loyal Customer,55,Business Travel,Eco,280,3,1,1,1,3,3,3,3,1,4,4,1,3,2.38,8,14,FALSE
Female,Loyal Customer,26,Business Travel,Business,3972,3,1,1,1,3,3,3,3,4,4,3,3,3,2.69,0,1,FALSE
Male,Loyal Customer,64,Business Travel,Business,2704,5,5,2,5,3,5,5,5,5,5,5,4,5,4.54,0,0,TRUE
Male,Disloyal Customer,18,Business Travel,Eco,368,2,1,2,4,2,2,2,2,2,2,3,4,2,2.31,8,0,FALSE
Male,Loyal Customer,14,Personal Travel,Eco,802,3,3,4,4,2,4,2,2,5,2,2,3,2,2.92,0,0,FALSE
Female,Loyal Customer,61,Personal Travel,Eco,1773,2,5,2,3,1,3,5,3,3,2,3,1,3,2.77,0,0,FALSE
Female,Loyal Customer,65,Personal Travel,Eco Plus,1014,3,2,3,4,3,2,3,5,5,3,3,2,1,3,0,0,FALSE
Female,Loyal Customer,57,Personal Travel,Eco,337,3,3,3,4,1,4,2,3,3,3,3,5,1,2.92,0,4,FALSE
Male,Loyal Customer,37,Business Travel,Eco Plus,867,4,5,5,5,4,4,4,4,3,5,4,3,4,4.15,0,0,FALSE
Female,Loyal Customer,35,Business Travel,Business,820,1,1,1,1,4,5,5,3,4,5,1,5,5,3.15,167,162,TRUE
Male,Loyal Customer,68,Personal Travel,Eco,305,3,5,3,4,4,3,5,4,3,3,5,4,4,3.85,9,0,FALSE
Male,Loyal Customer,34,Business Travel,Business,313,0,0,0,2,2,4,5,1,1,1,1,3,3,1.77,0,0,TRUE
Male,Loyal Customer,54,Personal Travel,Eco,2237,1,5,1,3,4,1,4,4,5,4,3,4,4,3.31,3,0,FALSE
Female,Loyal Customer,41,Business Travel,Eco Plus,516,3,5,3,5,5,4,4,3,3,3,3,1,4,3.54,0,16,TRUE
Female,Loyal Customer,58,Personal Travel,Business,516,1,2,1,4,3,4,4,2,2,1,2,2,1,2.23,0,1,FALSE
Male,Loyal Customer,47,Business Travel,Business,224,0,0,0,3,2,4,4,5,5,5,5,4,5,3.23,0,0,TRUE
Female,Loyal Customer,39,Business Travel,Business,109,0,5,0,4,3,1,5,4,4,2,2,3,5,2.92,0,0,TRUE
Female,Loyal Customer,36,Personal Travel,Business,569,5,5,5,4,3,5,5,3,3,5,3,4,5,4.23,33,34,TRUE
Female,Disloyal Customer,37,Business Travel,Eco,404,4,0,4,4,2,4,2,2,1,1,2,5,2,2.54,0,0,FALSE
Female,Loyal Customer,39,Business Travel,Business,114,1,4,4,4,3,4,3,3,3,3,1,4,3,3.08,0,43,FALSE
Female,Loyal Customer,37,Business Travel,Eco Plus,449,2,3,3,3,2,2,2,2,1,2,3,3,2,2.31,0,6,FALSE
Female,Loyal Customer,58,Personal Travel,Eco,1076,1,4,1,3,2,5,4,4,4,1,5,4,3,3.15,0,,FALSE
Male,Loyal Customer,12,Business Travel,Eco Plus,632,1,2,2,2,1,1,1,1,4,4,3,1,1,1.85,6,6,FALSE
Male,Disloyal Customer,32,Business Travel,Business,332,4,5,5,3,3,5,4,3,4,4,5,4,3,4,0,0,FALSE
Female,Loyal Customer,10,Personal Travel,Eco,545,2,2,1,3,5,1,5,5,1,3,3,3,5,3,0,0,FALSE
Female,Loyal Customer,24,Business Travel,Eco,378,5,5,5,5,5,5,4,5,4,2,1,1,5,4,0,0,TRUE
Female,Loyal Customer,42,Personal Travel,Eco,612,3,4,3,3,5,5,5,4,4,3,4,5,5,4.08,0,0,FALSE
Male,Loyal Customer,33,Business Travel,Business,719,3,3,2,3,3,3,3,3,1,2,3,3,3,2.69,0,0,FALSE
Female,Disloyal Customer,42,Business Travel,Business,304,4,4,4,3,2,4,2,2,5,2,5,5,2,3.38,0,0,TRUE
Male,Loyal Customer,10,Personal Travel,Eco,101,2,3,2,4,3,2,3,3,4,4,3,2,3,2.92,0,0,FALSE
Male,Loyal Customer,31,Business Travel,Business,3188,5,5,5,5,4,4,4,4,4,4,4,5,4,4.38,0,3,TRUE
Female,Loyal Customer,7,Personal Travel,Eco,377,2,5,2,2,5,2,1,5,3,2,5,3,5,3.23,0,0,FALSE
Female,Loyal Customer,7,Personal Travel,Eco,584,3,5,3,2,4,3,3,4,3,4,4,4,4,3.54,0,0,FALSE
Female,Loyal Customer,56,Business Travel,Business,213,4,4,4,4,3,5,4,5,5,5,5,3,3,4.15,0,0,TRUE
Female,Loyal Customer,60,Business Travel,Eco,537,3,4,4,4,1,2,5,3,3,3,3,5,5,3.46,72,52,TRUE
Male,Loyal Customer,33,Business Travel,Business,972,3,3,3,3,3,4,3,3,4,2,4,5,3,3.31,0,0,TRUE
Male,Loyal Customer,39,Personal Travel,Eco,387,4,2,4,2,4,4,4,4,3,3,2,1,4,3.15,0,0,TRUE
Female,Disloyal Customer,21,Business Travel,Eco,679,5,5,5,1,4,5,4,4,4,3,4,3,4,3.92,56,44,TRUE
Female,Loyal Customer,22,Personal Travel,Eco,997,3,1,3,3,2,3,1,2,3,3,3,3,2,2.46,0,0,FALSE
Female,Loyal Customer,61,Personal Travel,Eco,821,2,5,2,1,4,1,5,5,5,2,5,5,1,3.31,0,0,FALSE
Female,Loyal Customer,26,Business Travel,Eco,541,4,2,2,2,4,4,5,4,4,1,4,3,4,3.31,0,8,TRUE
Female,Loyal Customer,46,Business Travel,Eco,272,4,2,2,2,1,5,5,4,4,4,4,4,1,3.23,79,69,TRUE
Female,Loyal Customer,39,Business Travel,Eco,787,2,5,5,5,2,2,2,2,2,1,4,3,2,2.85,19,10,FALSE
Female,Loyal Customer,52,Business Travel,Business,3278,1,1,1,1,5,4,4,4,4,4,4,3,3,3,50,49,TRUE
Female,Loyal Customer,16,Personal Travel,Eco,507,4,1,2,1,4,2,4,4,1,3,1,3,4,2.62,0,0,FALSE
Male,Loyal Customer,62,Personal Travel,Business,175,3,4,3,4,2,4,5,1,1,3,1,4,4,3,0,0,FALSE
Male,Loyal Customer,60,Personal Travel,Eco,878,3,0,3,1,4,3,4,4,5,5,3,4,4,3.31,0,12,FALSE
Male,Disloyal Customer,41,Business Travel,Business,1183,1,2,2,4,1,4,1,1,3,4,4,3,1,2.38,1,0,FALSE
Female,Loyal Customer,32,Business Travel,Business,2715,3,3,3,3,4,5,5,3,4,5,4,5,5,4,0,14,TRUE
Female,Loyal Customer,25,Business Travel,Business,2300,1,1,1,1,4,4,4,4,4,5,4,4,4,3.15,0,0,TRUE
Male,Loyal Customer,48,Personal Travel,Eco,2475,2,5,2,3,5,2,1,5,4,2,4,4,5,3.38,0,0,FALSE
Female,Loyal Customer,16,Personal Travel,Eco,1916,2,5,2,1,1,2,1,1,5,3,3,3,1,2.31,0,0,FALSE
Male,Loyal Customer,52,Business Travel,Eco,624,2,3,3,3,2,2,2,2,1,3,3,4,2,2.46,0,20,FALSE
Female,Disloyal Customer,45,Business Travel,Eco,399,3,3,3,3,5,3,5,5,4,5,2,1,5,3.62,2,0,FALSE
Female,Disloyal Customer,26,Business Travel,Eco,997,2,2,2,3,5,2,3,5,3,2,4,3,5,3.15,63,52,FALSE
Male,Loyal Customer,60,Business Travel,Eco,496,5,3,2,3,5,5,5,5,2,2,5,2,5,3.77,0,0,TRUE
Male,Disloyal Customer,30,Business Travel,Eco,864,1,1,1,1,2,1,2,2,2,2,2,3,2,1.69,0,0,FALSE
Male,Loyal Customer,55,Business Travel,Business,3534,2,2,5,5,2,3,3,2,2,2,2,3,4,2.85,0,0,FALSE
Male,Loyal Customer,67,Business Travel,Eco,190,3,1,1,1,3,3,3,3,1,3,3,2,3,2.31,31,22,FALSE
Female,Loyal Customer,46,Business Travel,Business,3521,2,2,2,2,3,5,4,4,4,4,4,3,5,3.38,5,10,TRUE
Male,Loyal Customer,8,Personal Travel,Eco,829,3,4,3,4,4,3,4,4,4,3,5,5,4,3.85,0,0,FALSE
Female,Loyal Customer,64,Personal Travel,Eco,1521,0,5,0,4,1,1,2,1,1,0,1,1,4,1.62,0,0,TRUE
Male,Loyal Customer,43,Business Travel,Business,3401,2,2,2,2,4,5,5,5,5,5,5,3,5,3.85,0,2,TRUE
Male,Loyal Customer,39,Personal Travel,Eco,446,1,5,1,4,5,1,5,5,5,5,5,4,5,3.92,0,0,FALSE
Female,Loyal Customer,41,Business Travel,Business,2868,1,1,1,1,3,4,5,4,4,4,4,5,4,3.15,19,22,TRUE
Male,Loyal Customer,43,Business Travel,Eco Plus,1020,2,5,5,5,2,2,2,2,4,3,4,2,2,3.08,0,0,FALSE
Female,Loyal Customer,49,Business Travel,Business,2861,2,2,2,2,5,4,4,4,4,4,4,3,3,3.31,0,0,TRUE
Female,Loyal Customer,31,Business Travel,Business,1400,3,3,3,3,4,4,4,4,5,5,1,1,4,3.38,1,0,TRUE
Male,Loyal Customer,16,Personal Travel,Eco,329,4,2,4,3,5,4,5,5,2,4,3,2,5,3.69,0,0,FALSE
Female,Loyal Customer,66,Personal Travel,Eco Plus,1576,2,5,2,3,2,4,4,2,2,2,2,5,5,3.08,0,23,FALSE
Female,Loyal Customer,35,Personal Travel,Eco,425,3,4,3,3,5,3,5,5,2,4,3,2,5,3.62,11,22,FALSE
Male,Disloyal Customer,22,Business Travel,Eco,888,4,3,3,3,2,3,2,2,4,5,5,4,2,3.23,0,0,TRUE
Female,Loyal Customer,51,Business Travel,Eco,101,4,4,4,4,2,5,5,4,4,4,4,3,2,3.77,0,9,TRUE
Male,Loyal Customer,47,Business Travel,Business,842,5,5,5,5,5,4,4,4,4,4,4,3,3,4.23,33,17,TRUE
Male,Loyal Customer,25,Business Travel,Business,2446,4,4,4,4,4,5,4,4,3,5,4,4,4,4.08,0,0,TRUE
Male,Loyal Customer,12,Personal Travel,Eco,296,2,5,2,4,4,2,4,4,3,4,5,4,4,3.62,0,0,FALSE
Female,Loyal Customer,53,Personal Travel,Eco,546,4,2,4,2,3,3,2,3,3,4,4,2,1,2.85,15,4,TRUE
Male,Loyal Customer,52,Business Travel,Business,1879,5,5,5,5,4,5,4,5,5,5,5,3,3,4.54,93,89,TRUE
Female,Loyal Customer,67,Personal Travel,Eco Plus,106,1,4,1,1,2,5,5,3,3,1,1,5,3,2.69,0,0,FALSE
Female,Loyal Customer,25,Business Travel,Business,650,3,2,4,2,3,3,3,3,2,1,3,1,3,2.54,0,18,FALSE
Female,Loyal Customer,49,Business Travel,Business,259,5,5,5,5,5,5,4,4,4,4,4,4,4,4.46,0,0,TRUE
Male,Loyal Customer,60,Business Travel,Business,2111,2,2,2,2,5,4,4,5,5,5,5,4,4,3.77,13,12,TRUE
Male,Loyal Customer,56,Personal Travel,Eco,544,2,5,2,1,4,2,4,4,4,2,4,3,4,3.15,0,23,FALSE
Male,Loyal Customer,38,Business Travel,Business,325,1,4,4,4,2,3,4,1,1,2,1,2,2,2.38,34,34,FALSE
Female,Loyal Customer,50,Business Travel,Business,3377,5,5,5,5,1,4,3,4,4,4,4,5,3,4,0,0,TRUE
Female,Loyal Customer,33,Business Travel,Eco,973,5,5,5,5,5,5,5,5,3,4,3,1,5,4.31,4,7,TRUE
Male,Loyal Customer,36,Business Travel,Business,3613,5,5,5,5,4,4,4,3,3,5,3,1,5,4,0,0,TRUE
Male,Disloyal Customer,27,Business Travel,Eco,299,2,5,2,4,2,2,3,2,1,1,5,1,2,2.46,72,66,FALSE
Female,Loyal Customer,45,Personal Travel,Eco,268,3,2,3,5,3,5,5,3,3,3,5,4,3,3.62,0,1,FALSE
Male,Loyal Customer,58,Business Travel,Business,2865,3,3,5,3,5,5,5,5,5,5,5,5,3,4.38,1,6,TRUE
Female,Loyal Customer,57,Personal Travel,Eco,667,3,5,2,4,2,3,3,3,3,4,5,3,3,3.31,189,178,FALSE
Female,Loyal Customer,37,Personal Travel,Business,591,2,5,2,1,4,5,5,2,2,2,2,4,4,3.08,1,5,FALSE
Male,Loyal Customer,66,Business Travel,Business,2518,3,2,2,2,1,3,4,4,4,3,3,4,2,2.85,0,0,FALSE
Male,Loyal Customer,47,Business Travel,Business,630,2,2,2,2,5,4,5,5,5,5,5,4,3,3.77,0,0,TRUE
Male,Loyal Customer,23,Business Travel,Business,1399,4,3,3,3,4,4,4,4,1,4,4,4,4,3.54,0,8,FALSE
Female,Loyal Customer,23,Personal Travel,Eco,763,5,5,5,3,2,5,2,2,5,2,4,3,2,3.46,23,11,TRUE
Female,Loyal Customer,42,Business Travel,Business,846,4,4,4,4,2,2,5,4,4,4,4,4,4,3.77,0,0,TRUE
Male,Loyal Customer,52,Personal Travel,Eco,2075,3,4,3,3,4,3,4,4,1,5,3,2,4,3.31,13,15,FALSE
Female,Loyal Customer,52,Personal Travel,Eco,833,3,5,3,1,3,4,5,4,4,3,4,4,5,3.69,0,0,FALSE
Female,Disloyal Customer,27,Business Travel,Eco,1011,1,1,1,2,5,1,5,5,2,1,2,2,5,2.54,47,33,FALSE
Male,Disloyal Customer,23,Business Travel,Business,431,0,0,0,3,3,0,4,3,5,4,5,4,3,2.62,0,0,TRUE
Female,Disloyal Customer,18,Business Travel,Eco,237,5,3,5,2,4,5,4,4,4,5,4,4,4,4.08,0,0,TRUE
Male,Loyal Customer,48,Business Travel,Business,584,2,1,1,1,4,2,3,2,2,2,2,4,4,2.31,9,17,FALSE
Male,Loyal Customer,29,Business Travel,Business,1171,1,1,3,1,4,4,4,4,3,5,4,5,4,3.31,0,0,TRUE
Male,Loyal Customer,29,Business Travel,Business,689,5,5,5,5,5,5,5,5,4,4,5,5,5,4.85,0,0,TRUE
Female,Loyal Customer,39,Business Travel,Business,56,2,5,5,5,5,5,4,2,2,2,5,5,5,4,0,0,TRUE
Male,Loyal Customer,29,Business Travel,Business,2258,5,5,1,5,4,4,4,4,5,4,5,5,4,4.23,0,0,TRUE
Female,Disloyal Customer,47,Business Travel,Eco,447,1,5,1,4,2,1,2,2,4,5,4,3,2,2.77,0,0,FALSE
Female,Loyal Customer,43,Personal Travel,Eco,937,5,4,5,4,2,4,4,4,4,4,4,5,3,4,0,4,TRUE
Female,Loyal Customer,27,Personal Travel,Eco,277,2,3,2,3,5,2,5,5,1,2,4,3,5,3.23,0,31,FALSE
Male,Loyal Customer,36,Business Travel,Business,594,3,3,3,3,4,4,4,5,5,5,5,3,5,4,8,0,TRUE
Female,Loyal Customer,23,Personal Travel,Eco,200,1,5,1,1,4,1,4,4,3,4,3,2,4,2.85,0,0,FALSE
Male,Loyal Customer,58,Business Travel,Business,1834,4,4,4,4,5,5,4,4,4,4,4,4,4,4.15,87,119,TRUE
Male,Loyal Customer,55,Business Travel,Business,3647,4,4,4,4,5,4,4,5,5,5,5,4,5,4.46,0,0,TRUE
Female,Disloyal Customer,26,Business Travel,Business,356,0,4,0,3,1,0,1,1,3,3,4,4,1,1.92,0,0,TRUE
Male,Disloyal Customer,44,Business Travel,Eco,424,1,1,1,3,4,1,4,4,3,4,4,1,4,2.69,4,11,FALSE
Male,Loyal Customer,43,Business Travel,Eco,438,4,2,4,2,4,4,4,4,1,1,5,3,4,3.23,0,0,TRUE
Female,Loyal Customer,56,Business Travel,Eco,493,5,1,1,1,3,2,5,5,5,5,5,2,2,3.23,0,0,TRUE
Female,Loyal Customer,18,Personal Travel,Business,431,2,5,5,2,5,5,3,5,5,2,4,3,5,3.92,0,0,FALSE
Male,Loyal Customer,48,Personal Travel,Eco,585,4,5,4,5,1,4,1,1,4,5,5,4,1,3.38,10,24,FALSE
Male,Disloyal Customer,34,Business Travel,Business,735,1,1,1,1,4,1,4,4,5,2,4,5,4,2.85,0,0,FALSE
Male,Loyal Customer,45,Business Travel,Business,2853,4,4,3,4,4,4,3,4,4,4,4,4,4,3.85,10,11,TRUE
Female,Loyal Customer,66,Business Travel,Business,401,3,3,3,3,2,3,2,3,3,3,3,1,3,2.69,20,1,FALSE
Male,Loyal Customer,43,Business Travel,Eco,224,2,5,1,5,3,2,3,3,1,4,2,2,3,2.77,0,0,FALSE
Female,Loyal Customer,52,Business Travel,Business,3041,4,4,4,4,3,5,4,5,5,5,5,4,4,4.31,0,0,TRUE
Female,Loyal Customer,69,Business Travel,Business,3571,1,1,3,1,2,4,5,4,4,4,4,5,5,3.31,27,25,TRUE
Female,Disloyal Customer,42,Business Travel,Eco,1353,3,3,3,3,3,2,2,1,1,5,2,2,2,2.46,242,270,FALSE
Female,Loyal Customer,64,Personal Travel,Eco,391,5,3,5,4,2,3,3,1,1,5,1,4,2,3,0,0,TRUE
Male,Loyal Customer,28,Personal Travel,Eco,102,1,4,1,2,5,1,5,5,5,4,4,3,5,3.46,10,15,FALSE
Female,Loyal Customer,53,Business Travel,Eco,190,1,1,4,1,2,4,4,1,1,1,1,1,1,1.77,0,0,FALSE
Male,Loyal Customer,40,Personal Travel,Eco,1076,2,4,2,3,4,2,4,4,5,3,5,4,4,3.54,18,18,FALSE
Male,Loyal Customer,47,Business Travel,Business,153,0,4,0,1,4,5,1,5,5,5,5,1,3,3,0,0,TRUE
Male,Loyal Customer,43,Business Travel,Business,2640,1,1,1,1,3,4,5,4,4,5,4,4,4,3.15,0,0,TRUE
Male,Loyal Customer,7,Personal Travel,Eco Plus,1723,5,4,5,3,4,5,4,4,3,5,4,5,4,4.23,4,0,TRUE
Female,Loyal Customer,27,Business Travel,Business,3226,1,1,1,1,2,2,2,2,5,1,4,3,2,2.08,26,11,TRUE
Male,Loyal Customer,48,Business Travel,Business,390,5,5,4,5,5,4,4,4,4,4,4,4,3,4.23,19,12,TRUE
Female,Disloyal Customer,33,Business Travel,Eco,140,2,3,2,5,2,2,2,2,1,3,1,4,2,2.38,0,0,FALSE
Female,Disloyal Customer,30,Business Travel,Eco,221,2,5,2,1,4,2,4,4,2,1,2,4,4,2.85,0,1,FALSE
Male,Loyal Customer,56,Personal Travel,Eco Plus,321,4,3,4,3,5,4,4,5,1,3,4,2,5,3.62,66,55,FALSE
Male,Loyal Customer,50,Business Travel,Eco,192,4,1,1,1,4,4,4,4,2,4,1,3,4,2.85,2,0,TRUE
Male,Loyal Customer,61,Personal Travel,Eco,370,3,5,3,4,3,3,3,3,3,4,4,1,3,3.23,15,4,FALSE
Female,Loyal Customer,29,Personal Travel,Eco,436,3,4,3,2,5,3,5,5,5,3,4,4,5,3.92,14,18,FALSE
Male,Loyal Customer,35,Business Travel,Eco,200,3,1,1,1,3,3,3,3,4,5,5,2,3,2.85,22,16,TRUE
Male,Loyal Customer,10,Personal Travel,Eco,837,4,4,4,4,3,4,3,3,4,5,4,2,3,3.62,0,0,TRUE
Female,Loyal Customer,20,Personal Travel,Eco,853,0,4,0,4,5,4,5,5,5,2,4,3,5,3.54,0,8,TRUE
Female,Disloyal Customer,56,Business Travel,Eco,102,3,4,3,4,5,3,5,5,5,2,2,1,5,3.62,0,0,FALSE
Female,Loyal Customer,42,Business Travel,Business,2381,1,1,2,1,2,5,3,5,5,5,5,2,2,3,9,6,TRUE
Male,Loyal Customer,56,Business Travel,Business,2845,2,2,2,2,5,5,5,4,3,4,4,5,5,3.69,5,1,TRUE
Female,Disloyal Customer,21,Business Travel,Business,1154,5,4,5,2,3,5,3,3,5,4,5,3,3,3.85,10,3,TRUE
Female,Loyal Customer,16,Personal Travel,Eco,802,2,3,3,3,1,3,5,1,3,3,3,4,1,2.69,106,92,FALSE
Male,Loyal Customer,21,Business Travel,Business,1900,4,2,2,2,4,4,4,4,2,4,4,3,4,3.31,0,2,FALSE
Male,Loyal Customer,62,Personal Travel,Eco Plus,347,3,4,3,2,3,3,3,3,5,3,4,5,3,3.38,0,0,FALSE
Female,Loyal Customer,35,Business Travel,Eco,253,3,5,5,5,3,4,3,3,4,5,3,1,3,3.62,0,0,TRUE
Male,Loyal Customer,12,Personal Travel,Eco,599,3,4,3,2,5,3,5,5,1,5,5,5,5,3.92,21,5,FALSE
Female,Loyal Customer,69,Business Travel,Business,414,2,2,2,2,2,4,4,2,2,2,2,3,2,2.38,13,6,FALSE
Female,Disloyal Customer,24,Business Travel,Business,304,4,2,4,3,3,4,3,3,2,2,4,4,3,3.15,4,2,FALSE
Male,Loyal Customer,28,Personal Travel,Eco,356,3,4,5,4,2,5,2,2,2,5,4,1,2,3.15,42,32,FALSE
Female,Disloyal Customer,26,Business Travel,Eco,852,4,4,4,2,2,4,2,2,4,4,5,4,2,3.31,0,0,TRUE
Male,Loyal Customer,16,Personal Travel,Eco,226,3,4,3,1,3,3,3,3,4,5,4,4,3,3.31,0,0,FALSE
Male,Disloyal Customer,35,Business Travel,Business,1069,4,3,3,5,2,3,3,2,4,4,5,5,2,3.46,0,0,FALSE
Male,Disloyal Customer,43,Business Travel,Eco,577,3,2,3,3,1,3,1,1,3,2,3,2,1,2.15,0,0,FALSE
Female,Disloyal Customer,23,Business Travel,Business,1017,0,0,1,5,4,1,4,4,5,3,4,4,4,3,85,79,TRUE
Female,Loyal Customer,46,Personal Travel,Eco,1242,2,5,3,4,3,5,5,3,3,3,5,4,5,3.85,0,0,FALSE
Female,Loyal Customer,58,Personal Travel,Eco,936,1,5,1,2,1,5,4,5,5,1,2,2,5,3,53,42,FALSE
Male,Loyal Customer,29,Business Travel,Eco Plus,618,4,2,2,2,4,4,4,4,4,5,3,2,4,3.38,0,5,FALSE
Male,Loyal Customer,35,Personal Travel,Eco,421,2,2,2,3,1,2,1,1,3,3,2,2,1,1.92,51,58,FALSE
Male,Loyal Customer,18,Personal Travel,Eco,544,2,5,4,2,4,4,4,4,4,4,2,2,4,3.46,58,30,FALSE
Female,Loyal Customer,18,Personal Travel,Eco,1126,1,3,1,4,5,1,1,5,3,3,3,4,5,3,2,0,FALSE
Male,Loyal Customer,16,Personal Travel,Eco,546,3,3,3,3,4,3,4,4,2,3,3,3,4,3.23,0,0,FALSE
Female,Loyal Customer,38,Business Travel,Business,406,3,3,3,3,3,4,4,3,3,3,3,3,2,3.08,1,0,FALSE
Female,Loyal Customer,48,Personal Travel,Eco,719,2,4,2,3,2,4,5,2,2,2,2,4,4,2.92,4,0,FALSE
Female,Loyal Customer,63,Personal Travel,Eco,765,3,2,3,3,3,3,4,4,4,3,4,3,2,3.15,0,10,FALSE
Male,Loyal Customer,30,Business Travel,Business,1615,1,1,1,1,3,4,3,3,4,5,5,3,3,2.85,1,0,TRUE
Male,Loyal Customer,60,Business Travel,Business,3088,5,3,5,5,3,4,5,4,4,4,4,5,4,4.23,8,0,TRUE
Male,Loyal Customer,59,Personal Travel,Eco,2176,4,3,4,3,4,4,4,4,1,1,3,2,4,3.15,0,2,FALSE
Female,Loyal Customer,45,Business Travel,Business,462,2,3,2,2,5,4,4,5,5,5,5,5,5,4,0,0,TRUE
Female,Loyal Customer,45,Personal Travel,Eco,160,1,4,1,2,3,4,4,1,1,1,1,3,3,2.23,0,0,FALSE
Female,Loyal Customer,18,Business Travel,Business,2420,1,0,0,4,3,0,2,3,4,1,4,3,3,2.15,1,0,FALSE
Female,Loyal Customer,28,Business Travel,Business,2773,1,1,1,1,5,5,5,5,3,2,4,1,5,3,0,0,TRUE
Female,Loyal Customer,12,Personal Travel,Eco,1091,1,5,1,3,1,1,1,1,5,5,4,4,1,2.54,0,1,FALSE
Male,Disloyal Customer,38,Business Travel,Eco,447,5,5,5,3,4,5,4,4,4,3,5,5,4,4.31,0,0,TRUE
Female,Loyal Customer,46,Personal Travel,Eco,1167,3,5,3,2,5,4,1,5,5,3,5,1,4,3.54,6,27,FALSE
Male,Disloyal Customer,28,Business Travel,Business,571,4,4,4,1,5,4,3,5,3,4,5,4,5,3.92,86,76,TRUE
Female,Disloyal Customer,34,Business Travel,Business,552,3,3,3,4,1,3,1,1,5,2,4,5,1,2.77,0,0,FALSE
Female,Loyal Customer,30,Business Travel,Business,3156,3,5,1,1,3,3,3,3,1,5,3,2,3,2.77,0,0,FALSE
Male,Loyal Customer,24,Personal Travel,Eco,892,3,5,3,4,2,3,1,2,5,2,4,4,2,3.08,6,11,FALSE
Female,Loyal Customer,26,Business Travel,Business,507,1,1,1,1,4,4,4,4,3,2,4,5,4,2.92,0,0,TRUE
Male,Loyal Customer,31,Business Travel,Business,1237,5,5,5,5,2,2,2,2,3,3,5,4,2,3.46,3,0,TRUE
Female,Loyal Customer,45,Business Travel,Business,2486,5,5,5,5,4,4,4,5,5,3,4,4,4,4.38,6,40,TRUE
Female,Loyal Customer,59,Business Travel,Business,1076,1,1,1,1,5,1,1,1,1,1,1,2,4,1.62,0,0,FALSE
Male,Loyal Customer,40,Personal Travel,Eco,351,4,4,3,3,5,3,5,5,4,4,4,5,5,4.15,59,56,FALSE
Male,Disloyal Customer,20,Business Travel,Eco,328,1,3,1,4,1,1,1,1,1,3,4,4,1,2,25,21,FALSE
Female,Loyal Customer,35,Business Travel,Business,1426,5,5,3,5,5,5,4,2,2,2,2,5,3,3.69,1,0,TRUE
Female,Disloyal Customer,25,Business Travel,Eco,503,2,4,2,2,3,2,3,3,3,3,4,2,3,2.77,7,17,FALSE
Female,Loyal Customer,48,Personal Travel,Eco,89,3,2,3,3,3,3,3,5,5,3,5,1,2,3.15,103,104,FALSE
Female,Loyal Customer,34,Business Travel,Business,522,3,3,5,3,2,4,4,2,2,2,2,5,4,3.15,0,0,TRUE
Male,Loyal Customer,45,Business Travel,Business,3759,3,3,3,3,5,4,4,4,4,4,4,3,4,3.69,1,0,TRUE
Male,Disloyal Customer,25,Business Travel,Business,862,2,0,2,2,3,2,3,3,4,2,5,3,3,2.62,2,0,FALSE
Male,Disloyal Customer,35,Business Travel,Eco,1605,2,2,2,2,3,2,4,3,1,1,2,4,3,2.38,114,104,FALSE
Male,Loyal Customer,36,Business Travel,Business,1858,1,1,1,1,2,4,4,5,5,5,5,3,4,3.15,14,0,TRUE
Female,Loyal Customer,55,Business Travel,Business,1874,2,2,2,2,5,5,4,5,5,5,5,3,5,3.85,10,0,TRUE
Female,Loyal Customer,42,Business Travel,Business,250,2,2,2,2,5,5,4,4,4,4,4,5,5,3.69,0,4,TRUE
Male,Loyal Customer,40,Personal Travel,Eco Plus,1448,3,3,3,3,4,3,4,4,1,4,3,1,4,3.08,1,0,FALSE
Male,Loyal Customer,37,Personal Travel,Eco,174,4,3,4,3,2,4,2,2,2,3,3,1,2,2.69,0,0,FALSE
Male,Loyal Customer,29,Business Travel,Business,2831,2,3,3,3,2,2,2,2,1,5,2,3,2,2.46,0,0,FALSE
Male,Disloyal Customer,40,Business Travel,Business,259,4,4,4,2,2,4,2,2,5,2,4,3,2,3.08,0,0,FALSE
Male,Loyal Customer,43,Business Travel,Business,1570,3,3,3,3,5,4,4,5,5,5,5,4,3,4,0,0,TRUE
Male,Loyal Customer,52,Business Travel,Eco,1530,4,3,3,3,3,4,3,3,5,2,2,1,3,3,25,18,TRUE
Male,Loyal Customer,25,Personal Travel,Eco,277,4,1,4,3,2,4,2,2,4,2,3,1,2,2.62,3,0,FALSE
Male,Disloyal Customer,65,Business Travel,Business,337,4,4,4,5,4,4,4,4,5,4,5,5,4,4.31,0,1,TRUE
Female,Loyal Customer,8,Personal Travel,Eco,2174,0,1,0,4,4,0,4,4,2,1,3,3,4,2.31,1,0,TRUE
Male,Loyal Customer,14,Business Travel,Business,1201,2,2,2,2,4,4,4,4,4,2,5,4,4,3.31,5,1,TRUE
Male,Loyal Customer,45,Personal Travel,Eco Plus,416,3,4,3,1,3,3,3,3,4,5,1,1,3,2.85,23,35,FALSE
Male,Loyal Customer,72,Business Travel,Eco,501,1,1,1,1,1,1,1,1,3,4,3,1,1,1.54,10,10,FALSE
Male,Disloyal Customer,38,Business Travel,Eco Plus,116,2,2,2,4,3,2,3,3,2,3,4,2,3,2.69,8,6,FALSE
Male,Loyal Customer,61,Personal Travel,Eco,1496,3,2,3,4,3,3,3,3,4,1,4,1,3,2.85,0,0,FALSE
Female,Loyal Customer,45,Business Travel,Business,250,1,1,1,1,2,2,4,5,5,5,5,2,2,2.77,0,0,TRUE
Female,Loyal Customer,23,Business Travel,Eco Plus,378,4,4,4,4,4,4,5,4,1,1,4,1,4,3.38,2,0,TRUE
Male,Loyal Customer,24,Business Travel,Business,592,5,5,5,5,5,5,5,5,3,4,4,4,5,4.62,0,0,TRUE
Male,Disloyal Customer,36,Business Travel,Business,236,2,2,2,2,3,2,3,3,4,2,4,4,3,2.77,0,0,FALSE
Female,Disloyal Customer,24,Business Travel,Eco,109,3,1,3,3,2,3,2,2,2,2,3,3,2,2.38,0,5,FALSE
Female,Disloyal Customer,32,Business Travel,Eco,442,3,3,3,4,3,3,3,3,4,3,3,4,3,3.23,26,30,FALSE
Male,Loyal Customer,63,Business Travel,Business,1482,4,1,2,1,1,3,3,4,4,4,4,1,4,2.77,83,96,FALSE
Female,Loyal Customer,33,Business Travel,Business,2475,1,1,1,1,2,4,5,5,5,5,5,3,3,3.15,3,0,TRUE
Female,Loyal Customer,65,Personal Travel,Eco,689,2,5,2,2,1,4,1,3,3,2,3,5,1,2.62,0,0,FALSE
Female,Loyal Customer,72,Business Travel,Business,3325,2,2,4,2,3,5,4,5,5,5,5,4,3,3.77,0,0,TRUE
Male,Loyal Customer,23,Personal Travel,Eco,683,5,5,5,2,4,5,4,4,3,5,5,3,4,4.15,9,6,TRUE
Male,Loyal Customer,31,Business Travel,Business,569,5,5,5,5,4,4,4,4,2,3,4,2,4,3.92,16,5,TRUE
Female,Loyal Customer,35,Business Travel,Eco,578,5,4,4,4,5,5,5,5,3,5,3,1,5,4.15,0,1,TRUE
Male,Loyal Customer,32,Business Travel,Business,2613,2,2,2,2,5,5,5,5,4,4,4,5,5,3.85,1,0,TRUE
Female,Loyal Customer,46,Business Travel,Eco,453,2,4,1,4,2,3,4,2,2,2,2,4,4,2.77,73,60,FALSE
Female,Loyal Customer,41,Business Travel,Business,3946,4,4,4,4,4,5,4,4,4,4,4,5,5,4.23,0,0,TRUE
Male,Loyal Customer,14,Personal Travel,Eco,2139,2,5,2,1,1,2,1,1,5,2,5,3,1,2.38,16,7,FALSE
Male,Loyal Customer,26,Personal Travel,Eco,331,4,2,4,3,3,4,3,3,3,1,4,2,3,3,0,0,TRUE
Female,Loyal Customer,41,Business Travel,Business,798,3,4,4,4,4,4,4,3,3,3,3,2,2,3.31,17,13,FALSE
Female,Loyal Customer,44,Business Travel,Eco,1121,2,2,2,2,1,3,3,2,2,2,2,3,4,2.31,0,0,FALSE
Male,Loyal Customer,19,Personal Travel,Eco,583,4,5,4,3,3,4,3,3,3,5,4,5,3,3.77,0,0,FALSE
Female,Loyal Customer,33,Business Travel,Business,1440,3,3,3,3,4,4,5,5,5,5,5,5,5,4.23,15,5,TRUE
Male,Loyal Customer,64,Personal Travel,Eco,119,5,1,5,3,1,5,3,1,4,1,4,4,1,2.92,0,0,TRUE
Female,Disloyal Customer,21,Business Travel,Eco,556,3,0,3,1,3,3,3,3,3,2,2,5,3,2.62,58,70,FALSE
Male,Loyal Customer,46,Business Travel,Eco Plus,489,3,3,3,3,3,3,3,3,1,3,4,2,3,2.85,12,6,FALSE
Female,Loyal Customer,39,Business Travel,Business,1514,2,2,2,2,5,4,5,4,4,4,4,4,3,3.46,14,3,TRUE
Female,Loyal Customer,52,Business Travel,Business,990,3,3,3,3,5,4,5,5,5,5,5,5,5,4.31,0,0,TRUE
Male,Loyal Customer,20,Personal Travel,Eco,668,4,4,4,3,1,4,1,1,4,4,5,5,1,3.15,5,0,TRUE
Male,Loyal Customer,43,Business Travel,Eco,1035,3,2,2,2,3,3,3,3,2,1,3,2,3,2.46,54,53,FALSE
Male,Loyal Customer,37,Business Travel,Business,3110,4,4,2,4,2,3,3,4,4,4,4,2,5,3.46,5,22,TRUE
Female,Loyal Customer,12,Personal Travel,Eco,151,4,5,4,1,2,4,4,2,4,2,4,5,2,3.31,4,0,FALSE
Male,Loyal Customer,40,Business Travel,Business,1548,2,2,2,2,5,4,4,4,4,4,4,4,3,3.38,0,0,TRUE
Male,Loyal Customer,40,Personal Travel,Eco,1823,2,5,2,2,5,2,5,5,3,4,4,5,5,3.77,0,0,FALSE
Female,Disloyal Customer,36,Business Travel,Eco Plus,403,2,1,1,3,1,1,1,1,1,1,3,3,1,1.54,37,58,FALSE
Female,Loyal Customer,39,Business Travel,Eco,130,2,1,1,1,2,3,2,2,4,1,4,4,2,2.23,9,5,FALSE
Female,Loyal Customer,43,Business Travel,Eco,748,4,5,5,5,3,4,4,4,4,4,4,5,1,4,0,6,TRUE
Male,Loyal Customer,60,Business Travel,Business,835,1,1,1,1,5,5,4,4,4,4,4,3,4,3.15,0,0,TRUE
Female,Disloyal Customer,24,Business Travel,Business,299,4,0,4,4,2,4,2,2,3,5,4,4,2,3.08,0,0,TRUE
Female,Disloyal Customer,26,Business Travel,Business,760,4,4,4,3,1,4,1,1,4,2,4,5,1,2.92,0,0,FALSE
Female,Loyal Customer,42,Business Travel,Business,1345,3,3,3,3,4,5,5,5,5,5,5,4,3,4.08,0,3,TRUE
Male,Loyal Customer,70,Personal Travel,Eco,544,2,3,3,3,3,3,3,3,3,1,2,2,3,2.62,0,20,FALSE
Male,Loyal Customer,58,Business Travel,Business,2475,5,5,2,5,4,4,5,5,5,5,5,5,4,4.54,0,0,TRUE
Female,Loyal Customer,47,Business Travel,Business,3070,1,1,1,1,2,5,3,4,4,5,4,4,5,3.08,6,1,TRUE
Female,Disloyal Customer,35,Business Travel,Eco,896,1,1,1,3,4,1,4,4,1,3,3,1,4,2.38,0,0,FALSE
Female,Disloyal Customer,25,Business Travel,Eco,86,2,0,1,3,1,1,1,1,5,1,4,4,1,1.92,0,0,FALSE
Male,Loyal Customer,50,Business Travel,Business,271,2,2,2,2,5,5,4,4,4,4,4,3,4,3.46,0,0,TRUE
Female,Loyal Customer,65,Business Travel,Eco,581,4,1,1,1,4,4,4,3,3,4,3,2,1,2.69,0,0,FALSE
Male,Loyal Customer,50,Business Travel,Business,3973,1,1,1,1,3,4,5,3,3,3,3,5,5,2.92,31,17,TRUE
Male,Disloyal Customer,55,Business Travel,Eco,301,4,0,5,2,5,5,5,5,5,1,5,1,5,3.69,0,10,TRUE
Female,Loyal Customer,47,Business Travel,Eco Plus,163,5,2,5,2,1,2,1,5,5,5,5,4,5,3.62,0,0,TRUE
Female,Disloyal Customer,29,Business Travel,Eco Plus,1489,2,2,2,4,4,2,4,4,3,1,3,2,4,2.85,0,47,FALSE
Male,Loyal Customer,29,Business Travel,Business,2898,2,2,2,2,4,4,4,4,5,5,4,4,4,3.54,0,0,TRUE
Female,Loyal Customer,31,Personal Travel,Eco,417,3,1,3,2,1,3,1,1,1,4,2,4,1,2.08,38,28,FALSE
Female,Loyal Customer,44,Business Travel,Eco,1774,4,5,5,5,1,3,2,4,4,4,4,5,3,3.77,0,2,TRUE
Male,Disloyal Customer,20,Business Travel,Business,213,4,2,4,1,5,4,5,5,4,4,5,5,5,4.08,0,0,TRUE
Female,Disloyal Customer,16,Business Travel,Eco,861,3,3,3,3,1,3,1,1,4,5,4,4,1,2.77,48,56,FALSE
Female,Loyal Customer,19,Business Travel,Business,1632,3,3,3,3,4,4,4,4,1,1,4,3,4,3.15,1,0,TRUE
Male,Loyal Customer,54,Business Travel,Business,3808,1,1,3,1,3,4,4,5,5,5,5,3,5,3.46,0,0,TRUE
Male,Loyal Customer,48,Personal Travel,Eco,230,0,5,0,2,4,0,4,4,4,2,5,4,4,2.92,0,12,TRUE
Female,Loyal Customer,8,Personal Travel,Eco Plus,268,2,4,2,1,2,2,2,2,3,5,4,3,2,2.62,33,28,FALSE
Female,Disloyal Customer,28,Business Travel,Business,679,2,2,2,1,1,2,1,1,3,3,5,3,1,2.08,0,0,FALSE
Male,Loyal Customer,11,Personal Travel,Eco,1910,4,5,4,3,2,4,2,2,4,5,4,3,2,3.38,6,5,TRUE
Male,Loyal Customer,60,Business Travel,Business,228,3,3,3,3,5,4,4,4,4,4,4,3,3,3.62,35,24,TRUE
Female,Disloyal Customer,37,Business Travel,Business,937,1,1,1,4,1,1,1,1,1,4,4,2,1,1.77,0,29,FALSE
Male,Loyal Customer,19,Personal Travel,Eco,356,3,4,3,3,4,3,4,4,3,4,5,5,4,3.77,0,0,FALSE
Male,Loyal Customer,32,Business Travel,Business,2858,2,2,2,2,2,2,2,2,4,3,2,1,2,2.15,34,31,FALSE
Male,Loyal Customer,44,Business Travel,Business,997,1,1,1,1,5,4,5,5,5,5,5,5,5,3.69,0,2,TRUE
Female,Loyal Customer,53,Business Travel,Eco,397,5,1,1,1,4,3,2,5,5,5,5,5,1,3.31,0,0,TRUE
Male,Loyal Customer,56,Business Travel,Business,1671,1,1,1,1,3,4,5,3,3,2,3,4,5,2.77,0,0,TRUE
Female,Loyal Customer,51,Personal Travel,Eco,158,3,5,3,2,4,4,5,4,4,3,1,3,3,3.38,0,0,FALSE
Male,Loyal Customer,9,Personal Travel,Eco,584,3,5,3,1,1,3,2,1,5,4,2,3,1,2.62,0,0,FALSE
Female,Loyal Customer,33,Business Travel,Business,1532,3,4,4,4,4,4,3,3,3,3,3,1,3,3.23,0,0,FALSE
Male,Loyal Customer,44,Business Travel,Business,1576,1,1,1,1,2,4,4,4,4,4,4,3,5,2.92,53,45,TRUE
Male,Loyal Customer,38,Business Travel,Business,1605,5,5,5,5,2,3,4,5,5,5,5,3,4,4.31,1,0,TRUE
Female,Loyal Customer,57,Business Travel,Eco,842,5,2,2,2,3,3,4,5,5,5,5,2,4,3.62,16,1,TRUE
Female,Loyal Customer,60,Business Travel,Business,3794,3,3,3,3,1,3,2,3,3,3,3,3,3,2.77,10,1,FALSE
Male,Loyal Customer,30,Personal Travel,Eco,967,4,5,4,2,5,4,5,5,4,4,4,4,5,4.23,58,56,FALSE
Male,Loyal Customer,47,Business Travel,Business,2367,2,5,3,5,3,4,3,2,2,2,2,3,4,3.08,0,0,FALSE
Male,Loyal Customer,40,Business Travel,Business,1721,1,1,1,1,2,5,5,4,4,5,4,3,4,3.08,0,0,TRUE
Male,Loyal Customer,51,Business Travel,Business,954,1,5,1,1,4,5,5,5,5,5,5,3,5,3.85,0,0,TRUE
Female,Loyal Customer,33,Business Travel,Business,1820,2,4,4,4,1,4,3,1,1,1,2,3,1,2.38,23,19,FALSE
Male,Loyal Customer,42,Personal Travel,Eco,1010,2,3,2,2,5,2,5,5,4,2,4,3,5,3.38,0,0,FALSE
Male,Loyal Customer,44,Personal Travel,Eco,580,2,5,2,4,2,2,2,2,4,1,4,2,2,2.62,38,24,FALSE
Female,Loyal Customer,46,Business Travel,Business,3704,2,4,5,5,5,4,3,2,2,2,2,4,3,3.31,0,0,FALSE
Male,Loyal Customer,67,Personal Travel,Eco,488,2,0,5,2,3,5,3,3,3,5,5,4,3,3.31,13,19,FALSE
Female,Loyal Customer,57,Business Travel,Business,2077,2,2,2,2,2,4,4,5,5,5,5,4,3,3.46,0,0,TRUE
Male,Disloyal Customer,34,Business Travel,Business,861,1,0,0,3,1,0,1,1,4,3,5,4,1,1.85,0,0,FALSE
Female,Disloyal Customer,25,Business Travel,Eco,921,5,5,5,2,5,5,5,5,4,4,4,2,5,4.31,8,13,TRUE
Male,Loyal Customer,27,Business Travel,Business,2349,1,1,5,1,4,4,4,4,2,1,3,1,4,2.69,0,0,TRUE
Male,Loyal Customer,47,Business Travel,Eco,402,2,4,4,4,2,2,2,2,2,1,4,2,2,2.54,2,0,FALSE
Female,Loyal Customer,39,Personal Travel,Eco,78,3,1,3,4,4,3,4,4,4,4,4,4,4,3.54,5,2,FALSE
Female,Loyal Customer,30,Business Travel,Business,462,5,5,5,5,2,2,2,2,5,2,4,3,2,3.38,24,29,TRUE
Male,Loyal Customer,39,Business Travel,Eco Plus,1476,4,1,1,1,4,4,4,4,1,4,3,5,4,3.08,0,0,TRUE
Female,Disloyal Customer,29,Business Travel,Eco Plus,770,1,0,0,3,3,0,3,3,4,5,4,2,3,2.38,42,41,FALSE
Male,Loyal Customer,43,Business Travel,Business,2254,3,3,3,3,3,5,5,5,5,5,5,4,4,4.08,0,0,TRUE
Female,Loyal Customer,31,Personal Travel,Eco Plus,2075,2,3,3,3,3,3,3,3,1,3,3,2,3,2.69,0,0,FALSE
Female,Disloyal Customer,20,Business Travel,Eco Plus,307,3,2,3,1,3,4,4,1,2,2,1,4,4,2.62,71,138,FALSE
Male,Loyal Customer,58,Business Travel,Business,235,4,4,4,4,2,5,4,5,5,4,5,4,5,4.23,106,92,TRUE
Male,Loyal Customer,68,Business Travel,Eco,695,1,3,3,3,1,1,1,1,3,4,2,1,1,1.92,0,0,FALSE
Male,Loyal Customer,35,Business Travel,Eco,1947,4,4,4,4,4,5,4,4,3,3,3,1,4,3.62,0,0,TRUE
Female,Disloyal Customer,21,Personal Travel,Eco,501,3,5,3,3,1,3,1,1,5,2,5,5,1,2.92,0,0,FALSE
Male,Disloyal Customer,25,Business Travel,Business,833,0,0,0,1,3,0,3,3,5,3,5,5,3,2.38,33,33,TRUE
Female,Disloyal Customer,34,Business Travel,Business,409,3,3,3,1,2,3,2,2,5,4,5,3,2,2.92,0,0,FALSE
Male,Loyal Customer,19,Business Travel,Business,1947,2,5,5,5,2,2,2,2,2,3,4,2,2,2.92,0,10,FALSE
Female,Loyal Customer,17,Business Travel,Eco Plus,1121,5,5,5,5,5,5,4,5,5,4,5,1,5,4.54,0,0,TRUE
Male,Loyal Customer,48,Business Travel,Business,3510,3,3,3,3,5,5,4,5,5,5,5,4,4,4.15,0,6,TRUE
Female,Loyal Customer,23,Personal Travel,Eco,1053,3,1,3,4,2,3,2,2,3,5,4,3,2,2.85,1,0,FALSE
Female,Loyal Customer,48,Business Travel,Business,1846,3,3,3,3,3,5,5,4,4,4,4,4,5,3.85,0,0,TRUE
Male,Loyal Customer,48,Business Travel,Business,2121,3,3,3,3,4,4,4,4,4,4,4,3,4,3.62,8,8,TRUE
Female,Loyal Customer,47,Business Travel,Eco,628,2,2,2,2,3,3,3,2,2,2,2,2,1,2.15,53,33,FALSE
Female,Loyal Customer,37,Business Travel,Business,2004,2,1,1,1,3,3,3,2,2,2,2,3,1,2,0,0,FALSE
Female,Loyal Customer,26,Business Travel,Business,3374,3,3,3,3,5,5,5,5,3,4,3,1,5,3.69,0,6,TRUE
Female,Loyal Customer,28,Personal Travel,Eco,2442,2,5,2,1,2,3,3,5,4,3,4,3,3,3.08,116,127,FALSE
Female,Loyal Customer,46,Business Travel,Business,2103,1,5,4,5,1,2,2,3,3,3,1,1,3,2.62,12,2,FALSE
Female,Loyal Customer,41,Business Travel,Business,2173,3,2,2,2,2,2,3,3,3,3,3,3,3,2.62,2,8,FALSE
Female,Loyal Customer,54,Personal Travel,Eco,950,2,2,2,3,3,3,3,4,4,2,4,1,3,2.77,0,20,FALSE
Male,Loyal Customer,31,Personal Travel,Eco,964,2,4,2,4,3,2,5,3,5,3,4,5,3,3.46,94,86,FALSE
Male,Loyal Customer,23,Business Travel,Business,3111,2,2,2,2,4,4,4,4,2,5,3,5,4,3.31,8,5,TRUE
Female,Loyal Customer,38,Business Travel,Business,214,4,4,4,4,4,5,4,4,4,4,5,3,4,4.08,0,0,TRUE
Female,Loyal Customer,67,Personal Travel,Business,2475,3,4,3,2,3,4,2,3,3,3,3,3,2,2.92,0,0,FALSE
Female,Loyal Customer,46,Personal Travel,Eco,1017,5,0,5,4,5,5,4,1,1,5,1,5,4,3.46,0,2,TRUE
Male,Loyal Customer,60,Business Travel,Business,2840,2,2,2,2,5,4,4,2,2,2,2,4,3,2.77,0,0,FALSE
Female,Loyal Customer,41,Business Travel,Eco,227,5,2,4,2,5,5,5,5,4,5,1,2,5,3.85,0,0,TRUE
Male,Loyal Customer,63,Business Travel,Business,550,4,4,4,4,3,4,5,5,5,5,5,3,4,4.23,0,0,TRUE
Female,Loyal Customer,45,Business Travel,Business,481,3,4,3,3,2,4,5,4,4,4,4,5,5,3.85,0,0,TRUE
Female,Disloyal Customer,27,Business Travel,Eco,651,3,4,3,3,5,3,5,5,3,1,4,3,5,3.62,77,97,FALSE
Female,Loyal Customer,49,Business Travel,Business,719,4,4,2,4,2,5,4,3,3,3,3,5,3,3.46,0,23,TRUE
Female,Loyal Customer,42,Business Travel,Business,2147,2,2,2,2,3,4,5,5,5,5,5,3,4,3.62,0,0,TRUE
Female,Disloyal Customer,37,Business Travel,Eco Plus,628,3,3,3,1,5,3,3,5,5,4,5,4,5,3.77,0,0,FALSE
Female,Loyal Customer,38,Business Travel,Eco,409,2,5,5,5,2,3,2,2,3,2,3,3,2,3,0,0,FALSE
Female,Loyal Customer,45,Business Travel,Business,2037,5,5,5,5,4,4,4,5,5,5,5,3,5,4.62,0,0,TRUE
Male,Loyal Customer,47,Business Travel,Business,849,2,2,2,2,4,4,4,4,5,5,4,4,4,3.54,139,127,TRUE
Female,Loyal Customer,49,Business Travel,Business,2900,0,4,0,4,5,4,4,2,2,2,2,5,3,2.85,9,0,TRUE
Male,Loyal Customer,15,Personal Travel,Eco,67,1,4,1,4,3,1,3,3,4,5,4,3,3,3,0,0,FALSE
Female,Loyal Customer,45,Business Travel,Eco,184,2,2,2,2,2,4,4,2,2,2,2,2,2,2.31,0,0,FALSE
Male,Loyal Customer,17,Personal Travel,Eco,1587,2,4,2,2,4,2,4,4,4,2,4,4,4,3.23,0,0,FALSE
Female,Loyal Customer,39,Business Travel,Eco,216,1,0,0,4,5,0,5,5,4,4,3,1,5,2.85,0,0,FALSE
Female,Disloyal Customer,55,Business Travel,Business,220,5,5,5,4,5,5,4,5,3,4,5,4,5,4.54,0,0,TRUE
Female,Loyal Customer,63,Business Travel,Eco,140,5,5,4,5,5,1,3,4,4,5,4,5,1,3.92,5,0,TRUE
Male,Loyal Customer,34,Business Travel,Eco Plus,852,3,4,5,4,3,3,3,3,2,5,3,1,3,3.23,0,0,FALSE
Male,Loyal Customer,19,Business Travel,Business,405,3,4,1,4,3,3,3,3,4,1,3,4,3,3,24,18,FALSE
Male,Loyal Customer,23,Business Travel,Business,3295,5,5,5,5,4,4,4,4,1,1,2,4,4,3.69,4,31,TRUE
Female,Loyal Customer,52,Business Travel,Business,577,3,4,4,4,1,3,3,3,3,3,3,2,1,2.85,0,0,FALSE
Female,Loyal Customer,41,Personal Travel,Eco,1131,2,4,2,4,4,2,2,4,4,2,4,4,4,3.23,34,23,FALSE
Female,Loyal Customer,22,Business Travel,Business,972,4,4,4,4,2,2,2,2,3,4,4,5,2,3.23,0,0,TRUE
Female,Loyal Customer,48,Business Travel,Business,719,3,5,4,5,4,3,3,3,3,3,3,4,3,3.54,55,41,FALSE
Male,Loyal Customer,36,Business Travel,Eco,2422,4,2,2,2,4,4,4,4,1,1,5,5,4,3.23,0,0,TRUE
Male,Loyal Customer,23,Personal Travel,Eco,447,4,4,4,4,1,4,1,1,3,4,4,5,1,3.08,32,24,FALSE
Female,Loyal Customer,47,Business Travel,Eco,738,3,2,2,2,3,4,4,2,2,3,2,3,4,2.77,0,0,FALSE
Female,Loyal Customer,61,Business Travel,Business,3805,1,1,1,1,2,3,5,5,5,5,5,4,2,3.08,0,4,TRUE
Female,Disloyal Customer,37,Business Travel,Eco,1237,2,2,2,4,2,2,3,2,5,1,4,5,2,2.77,9,67,FALSE
Male,Disloyal Customer,29,Business Travel,Eco,255,4,0,4,3,1,4,1,1,2,4,1,2,1,2.15,18,13,TRUE
Male,Loyal Customer,52,Personal Travel,Business,271,4,4,4,4,4,4,4,4,4,4,2,4,3,3.77,0,0,FALSE
Male,Loyal Customer,46,Business Travel,Eco,522,5,4,4,4,5,5,5,5,1,5,5,1,5,4.15,0,0,TRUE
Female,Loyal Customer,35,Business Travel,Eco,119,3,3,3,3,3,3,3,3,3,3,3,4,3,3.08,0,0,FALSE
Male,Loyal Customer,51,Personal Travel,Eco,321,3,3,3,1,3,3,3,3,3,5,2,3,3,2.92,0,0,FALSE
Female,Loyal Customer,29,Business Travel,Business,965,4,4,4,4,4,4,4,4,3,4,1,5,4,3.77,0,0,TRUE
Male,Loyal Customer,46,Personal Travel,Eco,683,1,5,1,5,4,1,4,4,5,5,5,3,4,3.62,0,0,FALSE
Male,Disloyal Customer,20,Business Travel,Eco,507,1,0,1,4,3,1,3,3,3,4,4,3,3,2.54,3,0,FALSE
Male,Loyal Customer,9,Personal Travel,Eco,565,1,3,1,4,1,3,3,3,1,3,4,3,3,2.54,151,164,FALSE
Male,Loyal Customer,40,Business Travel,Eco Plus,212,3,1,1,1,3,3,3,3,4,1,1,5,3,2.46,0,0,TRUE
Female,Disloyal Customer,26,Business Travel,Business,2075,4,4,4,3,4,4,4,4,4,2,4,5,4,3.85,0,0,TRUE
Female,Loyal Customer,47,Business Travel,Business,2011,2,2,2,2,2,4,5,5,5,5,5,3,5,3.62,0,0,TRUE
Female,Loyal Customer,20,Business Travel,Business,1842,1,1,5,1,3,4,3,3,5,5,5,3,3,3.23,0,0,TRUE
Male,Loyal Customer,51,Personal Travel,Eco,1460,3,4,3,2,2,3,2,2,5,4,5,4,2,3.15,0,0,FALSE
Male,Disloyal Customer,23,Business Travel,Eco,895,1,1,1,4,3,1,3,3,3,2,4,1,3,2.31,9,2,FALSE
Male,Loyal Customer,69,Personal Travel,Eco,240,2,2,2,2,5,2,5,5,3,1,3,2,5,3,0,0,FALSE
Female,Disloyal Customer,34,Business Travel,Eco,627,2,4,2,1,5,2,5,5,5,4,2,1,5,3.31,0,0,FALSE
Female,Loyal Customer,43,Personal Travel,Eco,393,1,4,1,3,5,5,5,3,3,1,3,5,5,3.38,98,94,FALSE
Female,Disloyal Customer,24,Business Travel,Eco,1334,2,2,2,3,1,2,1,1,4,4,1,2,1,2,16,0,FALSE
Male,Loyal Customer,17,Personal Travel,Eco,630,3,5,3,3,1,3,1,1,4,5,4,5,1,3,0,0,FALSE
Female,Disloyal Customer,25,Business Travel,Business,528,1,4,2,1,5,2,5,5,4,4,5,4,5,3.62,0,0,FALSE
Male,Loyal Customer,55,Business Travel,Business,2067,4,4,4,4,2,4,4,5,5,4,5,3,3,3.92,0,0,TRUE
Female,Loyal Customer,56,Business Travel,Business,3548,2,2,2,2,5,5,4,5,5,5,5,4,5,3.92,22,6,TRUE
Female,Loyal Customer,18,Personal Travel,Eco,252,4,5,0,3,2,0,2,2,3,1,2,1,2,2.08,0,0,FALSE
Female,Loyal Customer,56,Business Travel,Business,587,1,1,1,1,5,5,4,4,4,4,4,4,5,3.31,0,0,TRUE
Male,Loyal Customer,31,Business Travel,Business,2305,3,3,3,3,5,4,5,5,4,2,4,4,5,3.85,0,0,TRUE
Female,Loyal Customer,69,Personal Travel,Eco,341,2,5,2,3,5,5,4,2,2,2,2,4,3,3.15,0,1,FALSE
Female,Disloyal Customer,54,Business Travel,Eco,888,3,4,4,3,3,4,3,3,2,3,3,2,3,3.08,0,0,FALSE
Male,Loyal Customer,36,Business Travel,Business,3539,1,3,1,1,4,4,4,1,5,1,5,4,4,2.92,133,158,TRUE
Female,Loyal Customer,46,Business Travel,Business,883,1,1,1,1,3,4,4,2,2,2,2,3,5,2.38,39,29,TRUE
Male,Loyal Customer,69,Business Travel,Business,2586,5,5,2,5,5,5,5,4,5,3,5,5,5,4.54,0,0,TRUE
Male,Loyal Customer,48,Business Travel,Business,3881,5,5,5,5,5,4,5,5,5,5,5,4,4,4.77,33,38,TRUE
Male,Disloyal Customer,25,Business Travel,Business,507,5,5,5,2,2,5,2,2,3,4,5,3,2,3.46,0,0,TRUE
Male,Loyal Customer,43,Business Travel,Business,2301,4,4,5,4,5,5,5,5,5,4,5,3,3,4.38,0,0,TRUE
Female,Loyal Customer,50,Business Travel,Business,1089,3,1,1,1,5,4,4,3,3,2,3,4,3,2.85,4,0,FALSE
Female,Loyal Customer,59,Business Travel,Business,2592,5,5,5,5,2,4,4,5,5,4,5,4,4,4.38,3,7,TRUE
Female,Loyal Customer,14,Personal Travel,Eco,2279,1,4,1,3,3,1,3,3,4,3,5,3,3,2.85,0,0,FALSE
Female,Loyal Customer,52,Business Travel,Business,1847,4,4,4,4,5,2,1,5,5,5,5,1,5,3.85,0,1,TRUE
Female,Loyal Customer,52,Business Travel,Eco Plus,1007,3,1,1,1,2,4,4,4,4,3,4,4,4,3,0,8,FALSE
Male,Loyal Customer,55,Business Travel,Business,3098,4,4,4,4,2,5,4,3,3,4,3,5,4,3.77,4,0,TRUE
Female,Loyal Customer,65,Personal Travel,Eco,1102,3,4,3,4,5,4,4,3,3,3,3,4,4,3.62,0,0,FALSE
Female,Loyal Customer,13,Personal Travel,Eco,405,2,4,2,1,4,2,4,4,4,1,3,4,4,3,1,0,FALSE
Male,Loyal Customer,43,Business Travel,Business,929,5,2,5,5,5,4,5,4,4,4,4,4,3,4.15,1,1,TRUE
Male,Loyal Customer,25,Business Travel,Eco Plus,714,5,1,1,1,5,5,4,5,5,4,4,1,5,3.54,0,0,TRUE
Male,Loyal Customer,48,Business Travel,Business,241,0,0,0,2,1,3,2,3,3,3,3,3,5,2.15,67,80,TRUE
Male,Loyal Customer,44,Personal Travel,Business,551,2,0,2,5,4,5,5,1,1,2,1,3,4,2.69,29,18,FALSE
Female,Loyal Customer,13,Personal Travel,Eco,1440,3,4,3,4,5,3,5,5,5,4,4,3,5,4.08,62,81,FALSE
Male,Loyal Customer,53,Business Travel,Eco,433,2,5,5,5,2,2,2,2,1,4,3,3,2,2.92,34,30,TRUE
Male,Loyal Customer,55,Business Travel,Eco Plus,551,3,5,3,5,3,3,3,3,3,2,3,2,3,3.15,11,1,FALSE
Female,Loyal Customer,38,Personal Travel,Eco,679,3,4,3,3,1,3,1,1,2,2,4,1,1,2.23,104,123,FALSE
Female,Disloyal Customer,33,Business Travel,Business,200,4,4,4,1,2,4,2,2,5,2,5,4,2,3.15,0,0,FALSE
Male,Disloyal Customer,50,Business Travel,Eco,163,3,5,3,4,1,3,1,1,1,5,5,1,1,2.62,0,0,FALSE
Female,Loyal Customer,47,Business Travel,Business,2039,4,4,4,4,3,4,4,5,5,5,5,3,3,4.08,2,2,TRUE
Male,Loyal Customer,73,Business Travel,Business,2265,3,2,3,3,2,4,4,4,4,4,4,3,3,3.31,24,22,TRUE
Male,Loyal Customer,53,Business Travel,Business,1400,3,3,3,3,4,3,3,3,3,2,3,1,2,2.77,0,0,FALSE
Female,Loyal Customer,34,Business Travel,Eco Plus,933,4,5,5,5,4,4,4,4,4,3,4,4,4,4.15,0,0,FALSE
Male,Loyal Customer,28,Business Travel,Business,3989,2,3,3,3,3,3,2,3,3,3,4,4,3,3,62,88,FALSE
Male,Loyal Customer,57,Business Travel,Business,2556,2,5,5,5,4,3,2,2,2,2,2,2,2,2.92,41,99,FALSE
Female,Loyal Customer,29,Personal Travel,Eco,869,3,1,3,3,4,3,2,4,4,1,3,2,4,2.85,11,7,FALSE
Male,Loyal Customer,43,Business Travel,Business,1829,2,2,2,2,3,1,1,4,4,4,4,2,3,2.62,0,0,TRUE
Male,Loyal Customer,67,Personal Travel,Eco Plus,315,1,1,1,5,3,1,3,3,5,5,4,5,3,3.08,0,0,FALSE
Female,Disloyal Customer,29,Business Travel,Business,1947,3,3,3,4,2,3,2,2,5,2,4,4,2,3,10,8,FALSE
Male,Disloyal Customer,37,Business Travel,Eco,328,2,1,2,3,1,2,4,1,1,5,3,2,1,2.15,0,0,FALSE
Male,Loyal Customer,61,Personal Travel,Eco,368,3,3,1,4,2,1,2,2,2,4,4,4,2,2.62,0,0,FALSE
Female,Disloyal Customer,39,Business Travel,Business,507,1,1,1,4,4,1,1,4,1,2,3,2,4,2.23,0,0,FALSE
Female,Loyal Customer,63,Personal Travel,Eco,1208,4,4,4,1,5,5,3,1,1,4,4,1,5,3.23,0,0,FALSE
Male,Loyal Customer,22,Personal Travel,Eco Plus,569,3,2,4,3,2,4,2,2,1,2,3,4,2,2.62,5,9,FALSE
Female,Loyal Customer,51,Personal Travel,Eco,216,4,4,4,3,5,5,4,5,5,4,5,3,4,4.23,0,0,TRUE
Male,Loyal Customer,33,Business Travel,Eco,109,4,3,3,3,4,4,4,4,2,5,1,2,4,3.31,0,0,TRUE
Male,Loyal Customer,54,Business Travel,Business,3049,5,5,4,5,3,4,5,5,5,5,5,4,5,4.62,0,23,TRUE
Female,Loyal Customer,25,Personal Travel,Eco,944,2,2,2,4,2,1,1,1,5,3,3,1,1,2.15,126,135,FALSE
Female,Loyal Customer,36,Personal Travel,Eco,251,3,5,3,2,5,3,5,5,3,5,5,4,5,4.08,54,36,FALSE
Male,Loyal Customer,48,Business Travel,Eco,157,5,5,5,5,5,5,5,5,2,5,2,3,5,4.38,0,0,TRUE
Male,Loyal Customer,35,Personal Travel,Eco,1124,2,5,2,5,3,2,3,3,4,3,5,4,3,3.38,0,0,FALSE
Female,Loyal Customer,35,Business Travel,Eco,1444,3,5,5,5,3,3,3,3,3,2,4,3,3,3.46,0,0,TRUE
Female,Disloyal Customer,28,Business Travel,Eco,421,2,3,2,2,5,2,5,5,1,2,4,4,5,3.23,0,1,FALSE
Male,Loyal Customer,9,Personal Travel,Business,587,3,4,4,1,3,4,3,3,5,2,4,3,3,3.23,0,0,FALSE
Female,Loyal Customer,34,Personal Travel,Eco,872,3,5,3,4,2,3,1,2,4,4,3,5,2,3.15,0,26,FALSE
Male,Loyal Customer,48,Business Travel,Business,1846,3,3,3,3,2,5,5,4,4,4,4,5,4,3.77,54,35,TRUE
Male,Disloyal Customer,25,Business Travel,Business,685,0,5,0,1,2,5,2,2,3,4,5,4,2,2.69,0,0,TRUE
Male,Disloyal Customer,22,Business Travel,Business,4243,5,0,5,5,5,5,5,5,5,3,5,5,5,4.46,14,16,TRUE
Female,Loyal Customer,44,Business Travel,Business,589,2,1,2,2,2,5,5,4,4,4,4,5,3,3.31,3,0,TRUE
Female,Disloyal Customer,19,Business Travel,Business,645,5,2,5,4,4,5,3,4,4,3,4,4,4,3.92,0,0,TRUE
Female,Loyal Customer,21,Personal Travel,Eco,596,3,2,2,3,2,3,3,2,2,4,4,3,3,2.77,136,117,FALSE
Male,Loyal Customer,56,Business Travel,Business,2981,4,4,4,4,3,4,4,5,5,5,5,3,4,4.15,2,0,TRUE
Male,Loyal Customer,34,Personal Travel,Eco,841,4,2,4,4,4,4,3,1,3,4,3,3,3,3.23,166,174,FALSE
Female,Loyal Customer,38,Personal Travel,Eco,462,3,3,3,3,2,3,2,2,1,1,4,1,2,2.31,23,50,FALSE
Male,Loyal Customer,42,Personal Travel,Eco,650,1,4,1,3,3,1,3,3,1,1,4,2,3,2.31,0,0,FALSE
Female,Disloyal Customer,30,Business Travel,Eco,399,3,3,4,3,2,4,4,2,4,1,4,2,2,2.92,47,40,FALSE
Male,Loyal Customer,46,Personal Travel,Eco,1197,2,5,2,1,5,2,5,5,5,3,4,5,5,3.77,5,0,FALSE
Male,Loyal Customer,39,Business Travel,Business,1521,4,4,4,4,2,5,4,4,4,4,4,5,3,3.92,7,0,TRUE
Male,Loyal Customer,21,Personal Travel,Eco,397,3,1,5,2,1,5,1,1,3,3,2,1,1,2.23,2,0,FALSE
Female,Loyal Customer,25,Business Travel,Business,2583,3,2,2,2,3,3,3,1,2,1,2,3,3,2.31,6,125,FALSE
Female,Loyal Customer,71,Business Travel,Eco Plus,728,3,4,3,3,2,3,4,4,4,3,4,3,2,3.23,0,0,FALSE
Female,Loyal Customer,64,Personal Travel,Eco Plus,1009,3,4,3,3,3,4,5,1,1,3,1,4,3,2.92,5,0,FALSE
Female,Loyal Customer,42,Business Travel,Eco,346,4,2,2,2,1,1,4,4,4,4,4,1,2,2.69,11,11,TRUE
Female,Loyal Customer,51,Business Travel,Eco,239,5,5,5,5,3,4,5,5,5,5,5,2,3,4.38,0,0,TRUE
Male,Loyal Customer,39,Personal Travel,Eco,349,2,5,2,3,5,2,5,5,3,4,4,3,5,3.69,45,42,FALSE
Male,Loyal Customer,42,Personal Travel,Eco,2248,1,5,1,4,5,1,5,5,3,5,3,3,5,3.54,1,0,FALSE
Male,Disloyal Customer,27,Business Travel,Business,577,3,2,2,5,3,2,3,3,3,2,5,3,3,3,28,24,FALSE
Female,Disloyal Customer,25,Business Travel,Eco,474,3,0,3,4,3,3,3,3,3,4,2,2,3,2.77,0,0,FALSE
Female,Loyal Customer,56,Business Travel,Business,528,2,1,5,1,1,3,4,2,2,2,2,1,2,2.15,0,0,FALSE
Female,Disloyal Customer,29,Business Travel,Business,1095,2,2,2,2,2,2,2,2,4,2,4,5,2,2.54,0,0,FALSE
Female,Loyal Customer,48,Business Travel,Eco,101,4,2,5,5,4,1,1,4,4,4,4,1,1,3.08,0,0,TRUE
Female,Disloyal Customer,21,Business Travel,Eco,283,4,3,4,2,5,4,5,5,2,3,2,2,5,3.54,0,0,FALSE
Female,Loyal Customer,44,Business Travel,Business,1235,4,4,4,4,4,5,4,4,4,4,4,4,3,4,0,0,TRUE
Female,Disloyal Customer,26,Business Travel,Business,1744,2,2,2,4,4,2,4,4,5,3,4,4,4,3.38,11,10,FALSE
Female,Loyal Customer,41,Business Travel,Business,3195,4,4,4,4,5,5,4,2,2,2,2,5,4,3.62,0,0,TRUE
Female,Loyal Customer,25,Business Travel,Business,1816,1,1,1,1,2,2,2,2,4,4,5,3,2,2.31,0,0,TRUE
Female,Loyal Customer,48,Personal Travel,Eco,1609,3,5,3,2,4,4,4,2,2,3,2,5,4,3.31,0,0,FALSE
Female,Loyal Customer,47,Business Travel,Business,3975,2,2,2,2,2,5,4,5,5,5,5,4,3,3.54,0,0,TRUE
Female,Loyal Customer,55,Business Travel,Eco,581,4,5,3,5,2,2,2,4,4,4,4,3,4,3.54,0,0,TRUE
Male,Loyal Customer,51,Business Travel,Business,3601,4,4,4,4,2,4,3,4,4,4,4,1,2,3.38,0,0,FALSE
Male,Loyal Customer,34,Business Travel,Business,581,2,2,2,2,4,5,4,5,5,5,5,3,4,3.69,0,0,TRUE
Female,Loyal Customer,51,Business Travel,Business,3590,4,4,4,4,2,5,4,5,5,5,5,3,5,4.23,4,0,TRUE
Male,Loyal Customer,53,Business Travel,Business,2227,2,2,2,2,3,4,4,4,4,4,4,5,4,3.38,0,5,TRUE
Female,Loyal Customer,49,Business Travel,Business,1851,2,2,2,2,5,4,4,4,4,4,4,4,5,3.54,0,0,TRUE
Male,Loyal Customer,25,Business Travel,Business,3939,5,5,5,5,4,4,4,4,4,5,4,4,4,4.38,0,0,TRUE
Female,Loyal Customer,37,Personal Travel,Eco,229,3,4,0,3,5,0,3,5,4,3,5,3,5,3.31,2,23,FALSE
Male,Loyal Customer,35,Business Travel,Business,1645,2,2,2,2,4,5,5,4,4,4,4,3,5,3.54,65,36,TRUE
Male,Loyal Customer,38,Business Travel,Business,534,1,1,1,1,5,5,4,4,4,4,4,5,5,3.38,0,21,TRUE
Male,Loyal Customer,32,Business Travel,Eco,1979,3,2,2,2,3,3,3,3,4,5,4,1,3,2.92,0,0,FALSE
Female,Disloyal Customer,24,Business Travel,Eco,370,4,0,4,3,4,4,4,4,5,5,5,3,4,3.77,0,0,TRUE
Female,Loyal Customer,50,Business Travel,Business,1416,3,3,3,3,3,4,5,4,4,4,4,5,3,3.69,0,0,TRUE
Female,Loyal Customer,34,Business Travel,Eco,190,5,5,5,5,5,5,5,5,5,2,1,4,5,4.38,0,0,TRUE
Male,Loyal Customer,23,Business Travel,Business,2327,2,2,2,2,4,4,4,4,4,3,5,4,4,3.38,0,0,TRUE
Female,Loyal Customer,18,Personal Travel,Eco,2565,3,5,2,3,2,1,5,3,3,4,4,5,5,3.46,0,0,FALSE
Male,Loyal Customer,26,Business Travel,Business,685,4,4,4,4,4,4,4,4,5,5,5,5,4,4.31,14,9,TRUE
Male,Disloyal Customer,29,Business Travel,Business,296,4,4,4,5,5,4,5,5,5,3,5,3,5,4.38,0,0,TRUE
Female,Loyal Customer,48,Business Travel,Business,3552,3,2,4,2,3,4,4,1,1,1,3,4,1,2.54,0,0,FALSE
Female,Loyal Customer,14,Personal Travel,Eco,604,2,2,2,4,5,2,5,5,1,4,3,4,5,3.38,0,2,FALSE
Male,Loyal Customer,42,Business Travel,Business,2264,1,1,1,1,4,5,4,4,4,4,4,3,5,3.15,0,0,TRUE
Female,Loyal Customer,64,Personal Travel,Eco,541,3,4,3,4,4,5,5,4,4,3,4,3,5,3.92,0,0,FALSE
Female,Loyal Customer,40,Business Travel,Business,1796,3,3,3,3,3,5,5,3,3,3,3,5,3,3.46,0,11,TRUE
Female,Loyal Customer,49,Business Travel,Business,3606,3,4,4,4,5,3,3,3,3,3,3,2,1,3.15,0,0,FALSE
Male,Loyal Customer,29,Business Travel,Business,3883,5,5,5,5,4,5,4,4,3,3,4,5,4,4.31,0,0,TRUE
Male,Disloyal Customer,29,Business Travel,Business,1073,2,2,2,4,1,2,1,1,2,3,4,1,1,2,0,0,FALSE
Female,Loyal Customer,59,Personal Travel,Eco,383,2,5,2,1,2,5,4,1,1,2,1,4,5,2.69,0,0,FALSE
Male,Loyal Customer,32,Personal Travel,Eco,1481,3,4,2,1,3,2,3,3,4,4,1,1,3,2.62,0,0,FALSE
Female,Loyal Customer,45,Personal Travel,Eco,448,0,1,0,4,1,4,3,5,5,0,5,2,1,2.38,0,0,TRUE
Male,Loyal Customer,35,Personal Travel,Eco,247,3,5,3,4,1,3,1,1,4,2,4,4,1,2.77,0,0,FALSE
Female,Disloyal Customer,26,Business Travel,Business,957,4,4,4,3,4,2,2,4,2,3,4,2,2,3.08,21,0,TRUE
Female,Loyal Customer,56,Business Travel,Eco,515,3,3,3,3,1,1,2,2,2,3,2,2,4,2.38,20,17,FALSE
Female,Disloyal Customer,24,Business Travel,Eco,563,3,5,3,4,1,3,1,1,2,1,3,1,1,2.23,28,22,FALSE
Male,Loyal Customer,31,Business Travel,Business,2914,3,3,3,3,3,3,3,3,4,4,4,5,3,3.38,2,18,TRUE
Male,Loyal Customer,18,Business Travel,Business,1487,4,2,2,2,4,4,4,4,2,3,4,1,4,3.08,0,27,FALSE
Male,Disloyal Customer,54,Business Travel,Business,859,4,4,4,4,4,4,4,4,5,3,5,5,4,4.15,8,0,TRUE
Female,Loyal Customer,24,Business Travel,Eco Plus,261,5,5,5,5,5,5,4,5,3,2,3,3,5,4.23,0,0,TRUE
Male,Loyal Customer,58,Personal Travel,Eco,3784,3,4,3,1,3,3,3,5,1,4,4,3,3,3.08,26,0,FALSE
Male,Loyal Customer,39,Personal Travel,Eco,342,3,5,3,3,4,3,4,4,3,2,5,4,4,3.62,0,0,FALSE
Male,Loyal Customer,51,Business Travel,Business,3652,4,4,4,4,3,4,5,4,4,4,4,3,3,3.85,15,12,TRUE
Female,Loyal Customer,68,Personal Travel,Eco,837,3,5,3,5,4,1,3,4,4,3,4,5,2,3.54,0,10,FALSE
Male,Loyal Customer,28,Business Travel,Business,277,5,5,5,5,5,5,5,5,1,3,1,1,5,3.92,0,0,TRUE
Male,Loyal Customer,58,Business Travel,Business,2918,5,5,5,5,5,4,4,5,5,4,5,3,4,4.54,4,0,TRUE
Female,Loyal Customer,65,Personal Travel,Eco Plus,829,3,2,3,2,2,2,3,2,2,3,2,4,2,2.46,0,0,FALSE
Male,Loyal Customer,57,Business Travel,Business,2729,4,4,5,4,4,4,5,5,5,5,5,3,4,4.38,0,0,TRUE
Female,Loyal Customer,39,Personal Travel,Eco,369,3,4,3,1,2,3,2,2,4,3,4,2,2,2.69,34,24,FALSE
Male,Loyal Customer,44,Business Travel,Eco,332,5,4,4,4,5,5,5,5,5,4,4,5,5,4.62,0,0,TRUE
Female,Loyal Customer,50,Business Travel,Business,3240,3,3,3,3,5,4,5,3,3,4,3,3,4,3.54,91,80,TRUE
Male,Disloyal Customer,22,Business Travel,Eco,2402,5,5,5,3,3,5,3,3,5,4,4,2,3,3.85,0,0,TRUE
Male,Disloyal Customer,28,Business Travel,Business,515,5,5,5,4,4,5,4,4,5,3,4,5,4,4.38,0,0,TRUE
Female,Loyal Customer,29,Business Travel,Business,577,5,5,5,5,4,4,4,4,5,5,4,4,4,4.46,0,0,TRUE
Male,Loyal Customer,35,Business Travel,Eco,335,2,5,5,5,2,2,2,2,3,2,4,4,2,3.08,0,0,FALSE
Female,Loyal Customer,66,Business Travel,Business,2986,4,2,2,2,4,3,3,4,4,4,4,1,2,3,0,0,FALSE
Female,Disloyal Customer,38,Business Travel,Eco Plus,1028,1,1,1,4,3,1,5,3,1,3,3,3,3,2.46,0,31,FALSE
Male,Loyal Customer,60,Personal Travel,Eco Plus,594,3,4,3,3,5,3,5,5,5,2,5,2,5,3.85,0,0,FALSE
Male,Disloyal Customer,37,Business Travel,Business,621,4,4,4,4,5,4,5,5,3,3,4,5,5,4.23,0,0,TRUE
Male,Disloyal Customer,24,Business Travel,Eco,369,1,4,1,3,2,1,4,2,4,5,3,4,2,2.77,0,0,FALSE
Male,Loyal Customer,70,Business Travel,Eco Plus,445,3,4,1,4,3,3,3,3,4,5,4,4,3,3.38,0,7,FALSE
Female,Loyal Customer,58,Business Travel,Eco,2405,3,1,1,1,3,4,3,3,3,3,3,1,2,2.38,32,13,FALSE
Male,Loyal Customer,67,Personal Travel,Eco,491,4,4,4,5,2,4,1,2,4,3,5,1,2,3.15,23,13,FALSE
Female,Loyal Customer,34,Personal Travel,Eco,680,2,4,2,4,3,2,3,3,3,3,5,3,3,3.08,0,0,FALSE
Female,Disloyal Customer,25,Business Travel,Eco,666,3,3,3,4,5,3,4,5,1,4,3,1,5,3.38,27,18,FALSE
Male,Loyal Customer,44,Business Travel,Eco Plus,163,4,3,4,3,5,4,5,5,1,3,1,3,5,3.54,0,0,TRUE
Male,Loyal Customer,53,Business Travel,Eco,590,5,1,5,1,5,5,5,5,1,5,5,4,5,4,36,26,TRUE
Female,Loyal Customer,47,Personal Travel,Business,196,2,3,2,4,2,4,4,1,1,2,1,3,3,2.46,0,0,FALSE
Male,Loyal Customer,53,Business Travel,Business,581,4,4,4,4,5,4,5,4,4,4,4,4,3,4.08,0,0,TRUE
Female,Loyal Customer,51,Business Travel,Business,1506,5,5,5,5,5,4,5,5,5,5,5,5,5,4.92,39,59,TRUE
Male,Loyal Customer,24,Business Travel,Business,1747,3,1,2,2,3,3,3,3,2,2,3,1,3,2.38,0,0,FALSE
Female,Loyal Customer,38,Business Travel,Eco Plus,829,5,3,3,3,5,5,5,5,4,1,3,3,5,3.85,41,36,TRUE
Male,Disloyal Customer,28,Business Travel,Business,862,2,3,3,5,3,1,3,4,4,5,5,3,3,3.38,165,155,FALSE
Female,Loyal Customer,15,Personal Travel,Eco,488,3,5,2,3,4,2,4,4,4,5,5,5,4,3.85,0,0,FALSE
Female,Loyal Customer,36,Business Travel,Eco,1346,2,5,5,5,2,2,2,2,4,5,3,1,2,3.08,11,0,FALSE
Male,Loyal Customer,44,Personal Travel,Eco,351,1,4,1,1,1,1,1,1,4,3,4,4,1,2.08,0,0,FALSE
Female,Disloyal Customer,27,Business Travel,Business,777,5,5,5,4,3,5,3,3,3,2,3,4,3,3.69,0,0,TRUE
Female,Loyal Customer,44,Business Travel,Business,1609,4,4,4,4,4,5,5,4,4,4,4,4,4,4.15,0,4,TRUE
Male,Loyal Customer,49,Business Travel,Business,1947,2,4,2,2,2,5,4,4,4,4,4,4,4,3.46,0,0,TRUE
Male,Loyal Customer,29,Personal Travel,Eco,760,2,4,2,4,4,2,4,4,4,4,3,4,4,3.46,0,0,FALSE
Male,Loyal Customer,66,Personal Travel,Eco,1197,2,4,2,3,5,2,4,5,5,2,3,3,5,3.46,0,0,FALSE
Female,Loyal Customer,24,Personal Travel,Eco,347,3,4,3,3,2,3,2,2,5,2,5,5,2,3.15,14,18,FALSE
Male,Loyal Customer,20,Personal Travel,Eco,2237,2,2,1,4,4,1,4,4,4,3,2,2,4,2.85,0,0,FALSE
Female,Loyal Customer,43,Business Travel,Business,1696,4,5,4,4,3,4,4,5,5,5,5,3,3,4.15,0,0,TRUE
Male,Loyal Customer,46,Business Travel,Business,1919,4,4,4,4,4,5,4,4,4,4,4,3,4,4,0,0,TRUE
Male,Loyal Customer,61,Business Travel,Business,391,4,3,3,3,4,4,4,4,4,4,4,3,3,3.62,0,0,FALSE
Male,Loyal Customer,14,Business Travel,Business,1587,5,5,5,5,5,5,5,5,3,3,4,3,5,4.46,0,0,TRUE
Female,Loyal Customer,51,Business Travel,Business,500,3,3,3,3,4,5,4,3,3,4,3,4,5,3.62,24,12,TRUE
Male,Loyal Customer,48,Business Travel,Business,1535,2,2,2,2,2,5,4,5,5,5,5,4,4,3.62,0,0,TRUE
Male,Disloyal Customer,21,Business Travel,Eco,109,2,0,1,2,2,1,2,2,2,3,3,4,2,2,12,8,FALSE
Male,Loyal Customer,51,Business Travel,Business,534,5,5,5,5,5,5,5,4,4,4,4,4,3,4.46,2,0,TRUE
Female,Loyal Customer,18,Personal Travel,Business,2402,4,1,3,4,4,3,4,4,4,4,4,1,4,3.38,4,0,TRUE
Male,Loyal Customer,7,Personal Travel,Eco,414,2,2,2,4,4,2,4,4,3,2,3,1,4,2.85,0,0,FALSE
Male,Loyal Customer,62,Personal Travel,Eco Plus,1956,3,1,3,3,3,3,4,3,1,1,2,1,3,2.38,4,0,FALSE
Female,Loyal Customer,26,Personal Travel,Eco Plus,602,3,5,3,2,3,3,3,3,5,2,5,4,3,3.38,6,0,FALSE
Male,Loyal Customer,23,Business Travel,Eco Plus,669,5,2,2,2,5,5,5,5,3,4,4,5,5,4,8,1,TRUE
Female,Loyal Customer,36,Personal Travel,Eco,343,2,5,3,4,4,3,4,4,4,4,4,5,4,3.85,24,20,FALSE
Male,Loyal Customer,27,Business Travel,Eco,588,3,3,2,3,3,3,3,3,4,3,4,2,3,3,42,34,FALSE
Female,Loyal Customer,33,Business Travel,Business,226,5,5,5,5,2,5,4,5,5,5,5,5,3,4.54,0,0,TRUE
Male,Loyal Customer,50,Business Travel,Eco,495,3,3,3,3,3,3,3,3,1,2,3,1,3,2.62,25,13,FALSE
Male,Loyal Customer,45,Business Travel,Business,2104,4,4,4,4,2,4,5,5,5,5,5,5,3,4.23,0,0,TRUE
Female,Loyal Customer,56,Business Travel,Eco Plus,109,5,1,3,1,2,3,1,5,5,5,5,4,2,3.23,31,28,TRUE
Male,Loyal Customer,54,Personal Travel,Eco,833,4,2,4,3,2,4,2,2,1,5,2,3,2,2.77,32,15,FALSE
Male,Loyal Customer,39,Business Travel,Business,507,2,1,1,1,3,3,3,2,2,2,2,4,2,2.15,25,22,FALSE
Male,Loyal Customer,18,Personal Travel,Eco,1660,2,0,2,5,1,2,1,1,4,3,4,4,1,2.31,81,59,FALSE
Male,Loyal Customer,34,Business Travel,Business,2610,5,5,2,5,3,2,5,4,4,4,4,2,2,3.62,4,0,TRUE
Male,Loyal Customer,52,Business Travel,Business,2763,0,0,0,2,3,5,4,3,3,3,3,5,5,2.77,0,10,TRUE
Male,Loyal Customer,50,Business Travel,Business,2417,3,3,3,3,2,5,4,4,4,4,4,5,5,3.77,0,0,TRUE
Female,Loyal Customer,47,Business Travel,Business,2311,4,4,4,4,5,5,4,4,4,4,4,3,4,4.08,0,0,TRUE
Male,Loyal Customer,60,Business Travel,Eco,419,5,2,2,2,5,5,5,5,4,5,1,4,5,3.85,0,0,TRUE
Male,Disloyal Customer,42,Business Travel,Business,325,5,5,5,3,2,5,2,2,4,5,4,4,2,3.69,46,39,TRUE
Male,Disloyal Customer,41,Business Travel,Eco,86,2,4,2,4,1,2,5,1,2,2,4,1,1,2.38,0,0,FALSE
Male,Loyal Customer,40,Business Travel,Business,2107,2,5,5,5,2,3,4,2,2,2,2,2,1,2.85,36,18,FALSE
Male,Loyal Customer,25,Business Travel,Business,495,1,2,2,2,1,1,1,1,4,4,2,1,1,1.77,0,0,FALSE
Female,Loyal Customer,36,Business Travel,Business,3569,3,3,3,3,1,3,3,4,4,4,4,2,2,3,0,7,TRUE
Female,Loyal Customer,52,Business Travel,Business,546,4,4,2,4,2,5,5,4,4,4,4,4,5,3.92,0,7,TRUE
Female,Loyal Customer,30,Personal Travel,Eco,528,2,4,2,4,4,2,4,4,3,5,4,3,4,3.46,0,8,FALSE
Female,Disloyal Customer,59,Business Travel,Business,451,4,4,4,1,4,4,4,4,4,5,4,3,4,3.77,6,0,TRUE
Female,Loyal Customer,51,Business Travel,Eco,447,4,4,4,4,1,2,3,4,4,4,4,5,4,3.62,0,0,TRUE
Female,Loyal Customer,40,Business Travel,Eco,1011,3,3,3,3,3,3,3,3,4,3,4,4,3,3.23,0,0,FALSE
Female,Loyal Customer,27,Personal Travel,Eco,1721,2,5,2,3,2,2,2,5,4,5,5,2,2,3.15,150,118,FALSE
Male,Loyal Customer,57,Business Travel,Business,581,4,4,4,4,2,4,4,4,4,4,4,3,5,3.85,0,0,TRUE
Female,Loyal Customer,45,Personal Travel,Eco,528,3,1,3,1,1,1,1,2,2,3,2,2,2,1.85,0,0,FALSE
Female,Loyal Customer,48,Business Travel,Eco,647,3,1,1,1,5,3,3,3,3,3,3,1,1,2.38,46,44,FALSE
Female,Loyal Customer,59,Business Travel,Business,1896,4,4,4,4,5,5,4,4,4,4,4,4,4,4.15,0,0,TRUE
Female,Loyal Customer,48,Business Travel,Business,3212,4,4,5,4,2,1,4,5,5,5,5,3,3,3.85,0,0,TRUE
Male,Loyal Customer,53,Business Travel,Business,2280,3,3,3,3,3,3,5,4,4,5,4,1,3,3.38,0,0,TRUE
Male,Loyal Customer,58,Business Travel,Business,125,5,5,5,5,3,4,5,4,4,4,5,5,3,4.38,65,67,TRUE
Male,Loyal Customer,44,Personal Travel,Eco,1041,3,4,3,3,4,3,4,4,5,2,4,5,4,3.69,2,4,FALSE
Female,Loyal Customer,33,Business Travel,Business,2391,3,3,3,3,3,3,3,5,5,4,5,5,1,3.54,0,0,TRUE
Female,Loyal Customer,39,Business Travel,Business,2586,3,2,3,3,4,4,4,4,4,4,4,3,4,3.54,0,0,TRUE
Female,Disloyal Customer,24,Business Travel,Business,373,5,5,5,4,4,5,4,4,3,2,5,5,4,4.23,0,19,TRUE
Male,Loyal Customer,59,Business Travel,Business,3649,5,5,5,5,4,5,3,4,4,4,4,2,5,4.23,0,0,TRUE
Female,Loyal Customer,50,Business Travel,Eco,185,2,4,3,3,2,3,3,2,2,2,2,3,1,2.46,84,106,FALSE
Male,Loyal Customer,49,Business Travel,Business,280,1,1,1,1,4,5,4,5,5,5,5,4,4,3.46,10,40,TRUE
Female,Loyal Customer,51,Business Travel,Eco,632,3,2,2,2,4,3,2,3,3,3,3,3,2,2.69,14,3,FALSE
Female,Loyal Customer,31,Business Travel,Business,1556,2,2,2,2,5,4,5,5,5,2,5,5,5,3.77,0,0,TRUE
Male,Disloyal Customer,28,Business Travel,Eco,846,1,2,2,2,2,2,1,2,1,5,1,4,2,2.08,0,0,FALSE
Male,Loyal Customer,39,Business Travel,Business,3352,5,5,5,5,2,5,4,4,4,4,4,3,4,4.15,111,107,TRUE
Male,Disloyal Customer,23,Business Travel,Eco,828,2,2,2,3,3,2,5,3,4,4,4,3,3,3.08,42,32,FALSE
Female,Disloyal Customer,35,Business Travel,Eco,588,1,3,1,2,4,1,4,4,2,4,3,1,4,2.62,2,0,FALSE
Female,Loyal Customer,43,Business Travel,Eco,308,4,3,3,3,2,2,2,4,4,4,4,5,1,3.15,0,11,TRUE
Male,Loyal Customer,9,Personal Travel,Eco,287,2,4,2,4,1,2,1,1,3,4,3,2,1,2.31,0,0,FALSE
Female,Loyal Customer,15,Personal Travel,Eco,495,4,1,4,4,3,4,3,3,4,4,4,4,3,3.46,19,36,FALSE
Male,Loyal Customer,15,Personal Travel,Eco,1744,2,5,2,1,2,2,2,2,5,3,5,3,2,2.77,0,0,FALSE
Male,Loyal Customer,40,Business Travel,Business,3296,2,5,2,2,2,4,3,2,2,2,2,2,2,2.46,4,8,FALSE
Female,Loyal Customer,45,Personal Travel,Eco,417,0,4,0,2,3,2,5,4,4,0,4,3,4,2.69,0,0,TRUE
Female,Loyal Customer,45,Business Travel,Business,2111,1,1,1,1,5,4,5,4,4,4,4,3,3,3.08,0,0,TRUE
Male,Loyal Customer,41,Business Travel,Business,2500,2,2,2,2,4,5,4,4,4,4,4,4,4,3.46,0,0,TRUE
Male,Loyal Customer,49,Business Travel,Business,1846,4,2,2,2,3,1,3,4,4,3,4,3,1,2.77,109,119,FALSE
Female,Loyal Customer,21,Personal Travel,Eco,2556,4,4,4,2,5,4,5,5,2,1,3,1,5,3.46,3,0,FALSE
Male,Loyal Customer,21,Business Travel,Business,3298,2,5,5,5,2,2,2,2,1,3,4,2,2,2.85,3,3,FALSE
Female,Loyal Customer,40,Business Travel,Business,2807,4,4,4,4,3,4,5,5,5,5,5,4,3,4.23,7,0,TRUE
Male,Loyal Customer,40,Business Travel,Eco Plus,615,3,1,1,1,3,3,3,3,1,2,3,1,3,2.15,0,0,TRUE
Male,Loyal Customer,7,Personal Travel,Eco,602,2,4,2,3,2,2,2,2,3,5,4,4,2,2.85,0,0,FALSE
Male,Loyal Customer,68,Personal Travel,Eco,432,1,5,1,2,4,1,4,4,5,2,5,5,4,3.31,56,45,FALSE
Male,Loyal Customer,71,Business Travel,Eco Plus,237,3,1,1,1,3,3,3,3,4,1,3,2,3,2.38,0,0,FALSE
Female,Loyal Customer,44,Business Travel,Eco,2994,4,2,2,2,4,4,4,2,3,4,3,4,4,3.23,0,0,FALSE
Female,Loyal Customer,29,Personal Travel,Eco,209,2,3,2,4,4,2,4,4,1,4,1,4,4,3,1,0,FALSE
Female,Loyal Customer,52,Business Travel,Business,1142,4,4,4,4,2,5,5,4,4,4,4,3,5,4,0,0,TRUE
Female,Disloyal Customer,48,Business Travel,Eco,1062,2,2,2,3,3,2,3,3,3,4,3,1,3,2.62,1,0,FALSE
Male,Loyal Customer,35,Business Travel,Business,1068,3,3,2,3,5,3,3,3,3,3,3,4,4,3.23,0,0,FALSE
Male,Loyal Customer,26,Business Travel,Business,1242,2,2,2,2,4,4,4,4,2,1,1,4,4,2.77,10,2,TRUE
Male,Disloyal Customer,22,Business Travel,Business,2402,4,1,4,1,2,4,2,2,3,3,3,3,2,2.62,0,0,TRUE
Female,Loyal Customer,24,Business Travel,Business,294,3,3,3,3,4,4,4,4,4,2,5,5,4,3.69,0,0,TRUE
Female,Loyal Customer,25,Business Travel,Business,618,5,5,4,5,5,5,5,5,2,1,1,3,5,3.92,0,3,TRUE
Male,Loyal Customer,47,Business Travel,Business,1606,5,5,5,5,2,3,2,4,4,4,4,5,5,4.08,0,0,TRUE
Male,Loyal Customer,39,Business Travel,Business,2227,1,1,2,1,5,4,5,5,5,5,5,3,4,3.54,11,0,TRUE
Male,Loyal Customer,65,Business Travel,Business,3197,2,4,4,4,3,3,4,2,2,2,2,4,1,2.85,14,5,FALSE
Female,Loyal Customer,48,Business Travel,Eco,1081,5,5,4,5,1,1,4,5,5,5,5,2,2,3.77,0,0,TRUE
Male,Loyal Customer,67,Business Travel,Business,3193,3,3,3,3,4,4,5,5,5,5,5,3,3,3.92,75,79,TRUE
Male,Disloyal Customer,29,Business Travel,Eco,900,2,2,2,1,1,2,1,1,4,4,4,3,1,2.15,0,0,FALSE
Male,Loyal Customer,47,Business Travel,Business,352,4,4,4,4,5,4,3,5,5,5,5,2,5,4.23,4,0,TRUE
Female,Loyal Customer,47,Business Travel,Business,2947,1,1,1,1,5,4,5,4,4,4,4,5,3,3.23,0,14,TRUE
Male,Loyal Customer,36,Personal Travel,Eco,363,2,5,5,2,5,5,5,5,3,4,5,3,5,4.15,0,0,FALSE
Female,Loyal Customer,54,Business Travel,Business,484,1,1,1,1,3,4,5,4,4,4,4,4,3,3,16,8,TRUE
Male,Loyal Customer,40,Business Travel,Business,2479,2,2,2,2,2,5,4,5,5,5,5,3,5,3.62,0,0,TRUE
Female,Loyal Customer,59,Business Travel,Business,157,0,5,0,4,4,4,4,5,5,5,3,5,3,3.62,0,0,TRUE
Male,Disloyal Customer,21,Business Travel,Business,1185,2,4,2,3,4,2,4,4,3,3,4,4,4,3.31,0,0,FALSE
Male,Disloyal Customer,23,Business Travel,Eco,255,1,4,1,1,1,1,1,1,4,3,5,3,1,2.08,10,2,FALSE
Male,Loyal Customer,27,Business Travel,Eco,1211,4,4,4,4,4,4,4,4,1,2,5,3,4,3.62,0,0,TRUE
Female,Disloyal Customer,27,Business Travel,Eco,1037,3,3,3,4,4,3,4,4,2,4,4,3,4,3.46,7,0,FALSE
Male,Loyal Customer,19,Personal Travel,Eco,631,2,1,2,2,4,2,4,4,1,4,2,1,4,2.54,0,0,FALSE
Female,Loyal Customer,23,Personal Travel,Eco,528,3,2,3,4,5,3,4,5,2,4,4,2,5,3.54,21,7,FALSE
Male,Loyal Customer,50,Business Travel,Business,2334,1,1,1,1,3,5,4,4,4,4,4,5,3,3.08,0,12,TRUE
Male,Loyal Customer,67,Personal Travel,Eco,130,2,0,2,3,4,2,4,4,3,3,3,5,4,3,94,107,FALSE
Male,Loyal Customer,19,Personal Travel,Eco,773,3,5,3,4,5,3,5,5,3,2,4,4,5,3.92,0,0,FALSE
Male,Loyal Customer,52,Business Travel,Business,2248,4,4,4,4,5,4,5,4,4,4,4,3,5,4.15,0,0,TRUE
Male,Loyal Customer,38,Personal Travel,Eco,2556,2,1,2,2,3,2,3,3,3,2,2,1,3,2.23,0,0,FALSE
Male,Loyal Customer,43,Business Travel,Business,448,3,3,3,3,2,5,4,5,5,5,5,3,5,3.92,130,119,TRUE
Female,Loyal Customer,55,Business Travel,Business,802,4,4,4,4,4,4,5,5,5,4,5,5,5,4.46,70,68,TRUE
Male,Disloyal Customer,38,Business Travel,Eco,524,4,5,4,2,4,4,4,4,4,3,4,1,4,3.62,3,0,FALSE
Male,Loyal Customer,49,Business Travel,Business,3285,3,3,3,3,2,5,4,5,5,5,5,5,3,3.92,0,0,TRUE
Female,Loyal Customer,66,Personal Travel,Eco,177,3,2,3,2,4,2,3,5,5,3,5,3,1,3.15,0,0,FALSE
Female,Disloyal Customer,44,Business Travel,Eco,863,1,1,1,3,5,1,5,5,2,4,3,3,5,3,45,26,FALSE
Male,Loyal Customer,48,Business Travel,Business,1023,1,3,1,1,3,4,5,5,5,5,5,5,5,3.69,8,1,TRUE
Female,Loyal Customer,57,Personal Travel,Eco,802,3,4,3,1,1,4,5,2,2,3,2,4,5,3,0,0,FALSE
Female,Loyal Customer,39,Business Travel,Business,3133,3,3,3,3,2,5,5,3,3,4,3,1,3,3.15,0,0,TRUE
Male,Loyal Customer,30,Business Travel,Business,3923,5,5,5,5,3,3,3,3,5,2,5,5,3,4,0,0,TRUE
Female,Loyal Customer,50,Business Travel,Business,205,0,5,0,4,5,4,5,3,3,3,3,4,5,3.38,2,0,TRUE
Female,Disloyal Customer,27,Business Travel,Business,290,3,3,3,4,5,3,5,5,4,5,3,4,5,4,0,0,FALSE
Male,Loyal Customer,41,Business Travel,Business,1983,4,4,4,4,1,5,4,3,3,3,3,4,2,3.38,62,49,TRUE
Male,Loyal Customer,54,Business Travel,Business,2632,1,1,1,1,3,4,4,2,2,2,2,3,5,2.38,0,4,TRUE
Male,Loyal Customer,38,Business Travel,Business,1518,2,2,2,2,3,4,2,4,4,4,4,1,5,3,0,0,TRUE
Female,Loyal Customer,17,Personal Travel,Eco Plus,140,2,3,2,4,5,2,5,5,5,3,4,1,5,3.54,0,0,FALSE
Male,Loyal Customer,72,Business Travel,Business,214,2,4,4,4,5,3,3,2,2,2,2,1,1,2.69,10,24,FALSE
Female,Loyal Customer,33,Business Travel,Business,2176,3,3,3,3,5,5,5,4,2,5,5,5,5,4.08,6,24,TRUE
Female,Disloyal Customer,27,Business Travel,Eco Plus,237,4,4,4,2,5,4,5,5,2,3,2,1,5,3.54,0,0,FALSE
Male,Loyal Customer,52,Personal Travel,Eco,134,5,4,5,4,5,5,5,5,4,2,3,2,5,4.15,88,89,TRUE
Female,Loyal Customer,55,Business Travel,Business,1372,1,5,5,5,1,3,3,1,1,1,1,2,2,2.38,0,0,FALSE
Male,Loyal Customer,42,Business Travel,Business,2301,3,3,3,3,2,4,4,5,5,5,5,3,3,3.69,0,0,TRUE
Male,Loyal Customer,57,Personal Travel,Eco Plus,874,1,2,1,4,1,1,1,1,1,1,3,2,1,1.54,11,15,FALSE
Female,Loyal Customer,47,Business Travel,Business,1619,3,3,3,3,5,5,5,4,4,4,4,5,5,4.08,0,0,TRUE
Female,Loyal Customer,27,Personal Travel,Eco,337,2,4,2,4,5,2,5,5,3,5,4,3,5,3.77,4,0,FALSE
Male,Loyal Customer,68,Business Travel,Eco Plus,389,3,2,2,2,3,3,3,3,2,2,3,3,3,2.62,0,10,FALSE
Female,Loyal Customer,49,Business Travel,Business,368,4,4,4,4,2,4,5,4,4,4,4,3,3,3.77,0,0,TRUE
Female,Loyal Customer,22,Personal Travel,Eco,991,2,5,2,1,5,2,5,5,4,3,5,5,5,3.77,1,0,FALSE
Male,Disloyal Customer,35,Business Travel,Eco,647,3,2,3,4,5,3,5,5,1,2,4,2,5,3.38,3,0,FALSE
Male,Loyal Customer,53,Business Travel,Business,2586,4,4,4,4,5,4,4,3,3,5,4,4,4,4,0,0,TRUE
Male,Disloyal Customer,16,Business Travel,Eco,651,5,5,5,4,2,5,2,2,4,3,3,3,2,3.46,3,0,TRUE
Female,Loyal Customer,63,Personal Travel,Eco Plus,370,4,4,4,3,4,4,5,3,3,4,3,4,5,3.85,0,15,TRUE
Female,Loyal Customer,29,Business Travel,Business,1576,5,5,5,5,5,5,5,5,5,4,5,3,5,4.77,20,13,TRUE
Female,Loyal Customer,28,Business Travel,Business,3202,4,4,4,4,4,4,4,4,4,2,2,3,4,3.62,0,0,TRUE
Female,Disloyal Customer,22,Business Travel,Eco,1214,3,3,3,4,4,3,2,4,1,5,3,4,4,3.31,14,2,FALSE
Female,Loyal Customer,50,Business Travel,Business,369,3,3,3,3,3,5,4,4,4,4,4,4,5,3.77,4,0,TRUE
Female,Loyal Customer,69,Personal Travel,Eco,1123,2,5,2,1,2,4,4,1,1,2,1,4,4,2.54,1,0,FALSE
Female,Loyal Customer,13,Personal Travel,Eco,1533,2,4,2,5,3,2,5,3,3,4,3,3,3,3.23,10,3,FALSE
Female,Loyal Customer,23,Business Travel,Business,3472,1,4,4,4,1,2,1,1,2,1,3,3,1,2.15,0,0,FALSE
Male,Disloyal Customer,26,Business Travel,Business,990,3,3,3,4,5,3,5,5,3,5,5,4,5,4.08,0,0,FALSE
Male,Loyal Customer,45,Personal Travel,Eco,577,2,4,2,5,2,2,2,2,5,2,5,3,2,2.92,0,0,FALSE
Female,Loyal Customer,33,Personal Travel,Eco,255,3,0,3,1,5,3,5,5,3,3,4,5,5,3.46,0,0,FALSE
Female,Loyal Customer,53,Business Travel,Business,212,5,5,5,5,2,3,1,4,4,4,3,4,1,3.54,0,0,TRUE
Male,Loyal Customer,52,Personal Travel,Eco,853,3,4,3,1,5,3,5,5,4,5,4,4,5,3.92,0,2,FALSE
Female,Loyal Customer,32,Business Travel,Eco Plus,1250,2,2,4,2,2,2,2,1,4,3,4,2,2,2.46,105,155,FALSE
Male,Loyal Customer,28,Personal Travel,Eco,677,3,3,3,4,5,3,1,5,4,1,3,3,5,3.31,3,7,FALSE
Male,Loyal Customer,59,Personal Travel,Eco,325,2,3,2,3,3,2,3,3,3,4,4,5,3,3.08,0,0,FALSE
Female,Loyal Customer,53,Business Travel,Business,3055,3,3,4,3,2,5,5,4,4,4,4,3,3,3.62,0,0,TRUE
Female,Loyal Customer,44,Business Travel,Business,342,2,2,2,2,4,4,4,4,4,4,4,5,3,3.38,0,0,TRUE
Male,Loyal Customer,58,Business Travel,Business,3445,1,1,1,1,5,4,5,5,5,5,5,3,3,3.38,9,5,TRUE
Female,Loyal Customer,46,Business Travel,Eco,2640,4,3,3,3,4,4,4,2,4,5,1,4,4,3.46,0,23,TRUE
Female,Loyal Customer,40,Business Travel,Business,436,4,4,4,4,4,4,4,5,5,5,5,3,3,4.15,4,1,TRUE
Male,Loyal Customer,60,Business Travel,Business,331,3,3,3,3,2,5,5,4,4,4,4,4,3,3.62,46,51,TRUE
Female,Disloyal Customer,24,Business Travel,Business,812,0,0,0,2,2,0,4,2,5,5,3,4,2,2.23,0,0,TRUE
Male,Loyal Customer,35,Business Travel,Business,3454,4,4,4,4,2,1,3,5,5,5,5,3,2,3.62,0,0,TRUE
Female,Loyal Customer,17,Business Travel,Business,1616,1,1,1,1,5,5,5,5,2,2,3,2,5,2.92,0,0,TRUE
Male,Loyal Customer,13,Personal Travel,Eco,2486,4,1,4,3,4,4,4,4,4,5,4,4,4,3.77,0,0,TRUE
Female,Loyal Customer,28,Personal Travel,Eco,441,5,5,5,3,2,5,2,2,3,2,1,1,2,2.92,2,1,TRUE
Female,Disloyal Customer,39,Business Travel,Business,271,2,2,2,4,2,2,2,2,1,1,4,2,2,2.15,0,0,FALSE
Female,Loyal Customer,36,Business Travel,Business,1788,2,2,2,2,4,4,5,2,2,2,2,3,5,2.85,34,7,TRUE
Female,Loyal Customer,42,Business Travel,Eco,1084,3,2,2,2,1,3,2,3,3,3,3,3,2,2.46,0,0,FALSE
Male,Loyal Customer,15,Personal Travel,Business,578,2,4,2,5,3,2,3,3,3,2,4,4,3,3.08,64,107,FALSE
Male,Loyal Customer,19,Personal Travel,Eco,1428,4,1,4,3,3,4,3,3,2,2,2,4,3,2.92,10,0,TRUE
Male,Loyal Customer,36,Business Travel,Business,2958,4,5,5,5,5,4,4,4,4,4,4,2,2,4,22,15,FALSE
Female,Loyal Customer,70,Personal Travel,Eco,645,4,5,4,2,1,1,4,5,5,4,5,4,2,3.54,0,0,FALSE
Female,Disloyal Customer,36,Business Travel,Eco,315,4,4,4,3,4,4,4,2,1,3,4,4,4,3.46,215,223,FALSE
Female,Loyal Customer,46,Business Travel,Business,708,4,4,4,4,1,4,3,5,5,5,5,4,1,3.77,0,0,TRUE
Female,Disloyal Customer,41,Business Travel,Business,267,5,5,5,3,4,5,4,4,5,4,4,2,4,4.15,0,0,TRUE
Female,Disloyal Customer,29,Business Travel,Eco Plus,862,3,3,3,3,1,3,3,1,4,2,1,5,1,2.54,0,0,FALSE
Female,Loyal Customer,60,Business Travel,Business,737,3,3,1,3,4,4,4,4,4,4,4,5,5,3.69,0,10,TRUE
Female,Loyal Customer,52,Personal Travel,Eco,748,4,4,4,3,2,4,3,5,5,4,4,3,4,3.77,0,0,FALSE
Female,Loyal Customer,49,Business Travel,Eco,964,4,1,1,1,3,4,3,3,3,4,3,3,3,2.77,4,14,FALSE
Male,Loyal Customer,57,Personal Travel,Eco Plus,867,1,3,1,3,4,1,4,4,3,4,5,5,4,3.23,0,0,FALSE
Male,Loyal Customer,44,Business Travel,Eco,1042,5,2,2,2,5,5,5,5,1,5,3,4,5,3.77,0,0,TRUE
Female,Disloyal Customer,32,Business Travel,Business,674,3,3,3,3,4,3,1,4,3,5,4,3,4,3.31,0,0,FALSE
Female,Disloyal Customer,45,Business Travel,Eco,158,3,0,3,5,3,3,1,3,1,4,3,5,3,2.85,0,0,FALSE
Female,Disloyal Customer,23,Business Travel,Eco Plus,937,1,2,1,3,1,1,1,1,2,1,4,4,1,1.77,0,0,FALSE
Male,Loyal Customer,23,Personal Travel,Eco,1362,3,5,3,4,2,3,2,2,5,4,5,5,2,3.46,0,4,FALSE
Male,Loyal Customer,45,Business Travel,Business,2163,3,3,3,3,1,3,4,3,3,3,3,1,2,2.69,5,23,FALSE
Male,Loyal Customer,12,Personal Travel,Eco,452,2,4,5,2,3,5,3,3,5,5,2,4,3,3.54,21,24,FALSE
Male,Loyal Customer,40,Personal Travel,Eco,547,2,5,2,1,3,2,3,3,3,5,4,5,3,3.15,0,0,FALSE
Male,Loyal Customer,9,Personal Travel,Eco,262,2,2,0,4,5,0,5,5,4,3,3,4,5,3.23,124,128,FALSE
Male,Loyal Customer,30,Business Travel,Eco Plus,546,3,2,2,2,3,3,3,3,3,5,2,3,3,2.85,0,0,FALSE
Female,Loyal Customer,43,Personal Travel,Eco,86,1,4,1,2,2,5,5,4,4,1,4,4,4,3.15,0,0,FALSE
Female,Disloyal Customer,62,Business Travel,Business,201,4,4,4,3,1,4,1,1,4,5,4,3,1,3,0,0,TRUE
Female,Loyal Customer,33,Business Travel,Business,2890,1,1,1,1,1,2,2,5,5,5,5,2,2,2.54,0,0,TRUE
Female,Loyal Customer,44,Personal Travel,Eco,1276,2,3,2,2,4,1,3,5,5,2,5,1,4,3,0,0,FALSE
Male,Loyal Customer,22,Business Travel,Business,557,1,5,5,5,1,1,1,1,3,5,4,4,1,2.85,73,68,FALSE
Female,Loyal Customer,44,Personal Travel,Eco,226,2,2,2,4,1,4,3,4,4,2,4,4,4,3.08,3,0,FALSE
Female,Disloyal Customer,45,Business Travel,Business,529,5,5,5,2,1,5,1,1,3,3,5,5,1,3.23,0,0,TRUE
Female,Loyal Customer,17,Personal Travel,Eco Plus,2253,1,5,1,3,4,1,4,4,4,2,4,3,4,3.08,0,0,FALSE
Female,Loyal Customer,34,Business Travel,Business,1012,4,4,4,4,3,4,5,4,4,4,4,5,3,4,7,0,TRUE
Male,Loyal Customer,68,Personal Travel,Business,529,2,5,2,4,3,1,1,3,3,2,3,3,3,2.69,0,0,FALSE
Female,Disloyal Customer,8,Business Travel,Eco Plus,990,3,2,3,4,5,3,5,5,2,3,4,4,5,3.69,5,0,FALSE
Male,Loyal Customer,33,Business Travel,Business,590,5,5,5,5,5,5,5,5,4,5,5,3,5,4.77,1,12,TRUE
Male,Disloyal Customer,22,Business Travel,Eco,679,1,1,1,4,4,1,4,4,3,5,4,2,4,2.92,38,34,FALSE
Male,Disloyal Customer,39,Business Travel,Business,2454,2,2,2,3,2,3,5,3,4,4,5,5,5,3.46,6,31,FALSE
Female,Loyal Customer,40,Business Travel,Business,861,5,5,5,5,3,5,5,5,5,5,5,4,4,4.69,0,0,TRUE
Male,Loyal Customer,77,Business Travel,Business,3883,4,4,4,4,4,1,4,3,3,3,3,1,4,3.23,0,0,TRUE
Female,Loyal Customer,14,Personal Travel,Eco,1947,4,4,5,3,4,5,4,4,3,4,4,4,4,4,1,12,FALSE
Female,Loyal Customer,58,Business Travel,Business,197,1,2,2,2,5,4,4,2,2,2,1,1,4,2.46,35,25,FALSE
Male,Disloyal Customer,18,Business Travel,Business,507,4,4,4,3,5,4,5,5,4,4,5,5,5,4.38,0,0,TRUE
Male,Loyal Customer,13,Personal Travel,Eco,1846,2,4,2,3,2,2,1,2,1,4,5,1,2,2.38,4,0,FALSE
Female,Loyal Customer,28,Business Travel,Business,2065,2,4,4,4,2,2,2,2,3,1,3,3,2,2.62,1,0,FALSE
Female,Loyal Customer,42,Business Travel,Business,431,1,1,1,1,5,4,5,4,4,4,4,3,4,3.15,102,116,TRUE
Female,Loyal Customer,43,Business Travel,Eco,674,5,5,5,5,2,5,3,5,5,5,5,2,2,4.15,0,0,TRUE
Female,Loyal Customer,38,Business Travel,Business,628,2,2,2,2,4,5,5,5,5,5,5,3,4,3.77,0,15,TRUE
Female,Loyal Customer,65,Personal Travel,Eco,759,3,4,3,4,1,4,4,4,4,3,4,4,4,3.54,0,0,FALSE
Female,Loyal Customer,43,Personal Travel,Eco,135,5,0,0,3,5,5,4,4,4,0,4,4,5,3.31,0,0,TRUE
Female,Loyal Customer,53,Personal Travel,Eco,212,3,1,0,2,5,3,3,5,5,0,5,4,1,2.85,0,0,FALSE
Male,Loyal Customer,35,Business Travel,Business,308,4,4,4,4,1,3,2,4,4,5,4,4,1,3.38,0,0,TRUE
Female,Loyal Customer,16,Business Travel,Eco Plus,201,5,2,2,2,5,5,4,5,4,3,4,5,5,3.92,0,0,TRUE
Female,Loyal Customer,45,Business Travel,Business,297,0,0,0,3,3,4,5,5,5,5,5,3,4,3.23,0,0,TRUE
Female,Disloyal Customer,40,Business Travel,Business,349,2,2,2,3,3,2,3,3,4,5,4,1,3,2.85,32,31,FALSE
Female,Disloyal Customer,35,Business Travel,Business,1389,2,3,3,3,2,3,2,2,5,3,4,3,2,2.85,0,0,FALSE
Female,Loyal Customer,49,Business Travel,Business,650,4,4,4,4,2,5,5,5,5,5,5,3,3,4.15,0,0,TRUE
Male,Loyal Customer,27,Personal Travel,Eco,591,4,4,4,4,2,4,2,2,3,5,4,5,2,3.46,0,0,TRUE
Female,Loyal Customer,48,Business Travel,Business,621,5,5,5,5,4,5,5,5,5,5,5,5,4,4.85,12,1,TRUE
Male,Disloyal Customer,42,Business Travel,Eco,679,3,3,3,3,3,3,3,3,1,3,3,2,3,2.77,12,21,FALSE
Female,Loyal Customer,45,Business Travel,Business,196,4,4,4,4,2,3,5,5,5,5,5,1,5,4,0,0,TRUE
Male,Loyal Customer,31,Business Travel,Business,3521,2,2,2,2,4,4,4,4,5,3,3,3,4,3.23,111,118,TRUE
Female,Loyal Customer,24,Business Travel,Business,2177,2,2,2,2,5,5,5,5,4,2,4,5,5,3.69,0,0,TRUE
Female,Loyal Customer,20,Personal Travel,Eco,817,1,5,1,4,1,1,1,1,1,4,4,3,1,2.15,0,6,FALSE
Female,Disloyal Customer,25,Business Travel,Business,612,4,5,5,4,4,5,4,4,3,5,5,5,4,4.38,3,0,FALSE
Male,Disloyal Customer,45,Business Travel,Eco,578,3,0,3,4,2,3,2,2,5,4,1,5,2,2.77,37,32,FALSE
Female,Loyal Customer,34,Personal Travel,Eco,1464,1,4,2,2,3,2,3,3,4,2,3,4,3,2.77,0,0,FALSE
Male,Loyal Customer,41,Business Travel,Business,3743,5,5,5,5,5,5,5,3,3,4,3,4,3,4.23,1,1,TRUE
Male,Loyal Customer,64,Personal Travel,Eco,386,3,4,3,4,4,3,4,4,3,3,4,5,4,3.69,81,79,FALSE
Male,Loyal Customer,30,Business Travel,Business,1504,2,2,2,2,4,4,4,4,1,1,1,2,4,2.54,0,0,TRUE
Female,Disloyal Customer,38,Business Travel,Eco,466,4,1,4,4,2,4,2,2,1,4,4,1,2,2.69,36,27,FALSE
Female,Loyal Customer,45,Business Travel,Business,346,1,1,1,1,2,3,3,4,4,4,4,5,4,2.85,0,0,TRUE
Male,Loyal Customer,24,Business Travel,Eco Plus,873,5,5,5,5,5,5,4,5,2,3,5,1,5,4.23,0,0,TRUE
Female,Disloyal Customer,23,Business Travel,Eco,1064,3,3,3,3,1,3,1,1,3,3,3,4,1,2.46,0,0,FALSE
Female,Disloyal Customer,30,Business Travel,Business,846,2,2,2,3,3,2,3,3,2,2,4,3,3,2.62,0,0,FALSE
Male,Loyal Customer,49,Business Travel,Business,2240,4,4,4,4,2,5,4,2,2,2,2,4,4,3.31,0,2,TRUE
Female,Loyal Customer,32,Personal Travel,Business,1721,1,3,1,4,3,1,2,3,1,1,4,2,3,2.23,17,15,FALSE
Male,Loyal Customer,16,Business Travel,Business,4000,4,5,5,5,4,4,4,4,4,1,4,3,4,3.92,19,29,FALSE
Female,Loyal Customer,43,Personal Travel,Eco,399,2,5,2,5,1,4,1,5,5,2,5,3,1,3.15,0,0,FALSE
Male,Loyal Customer,54,Business Travel,Business,325,0,0,0,1,3,4,4,2,2,2,3,4,4,2.23,0,0,TRUE
Male,Loyal Customer,48,Business Travel,Business,1593,1,1,1,1,2,4,4,4,4,4,4,3,5,2.92,10,1,TRUE
Female,Loyal Customer,38,Business Travel,Business,2516,1,1,1,1,2,2,3,4,4,4,4,4,1,2.46,1,0,TRUE
Male,Loyal Customer,23,Personal Travel,Eco,551,3,3,3,4,2,3,2,2,3,5,3,2,2,2.85,0,0,FALSE
Female,Loyal Customer,32,Business Travel,Business,3244,4,3,3,3,4,4,4,3,2,4,3,4,4,3.46,189,199,FALSE
Male,Loyal Customer,24,Business Travel,Business,2581,1,1,1,1,4,4,4,4,1,3,5,1,4,2.62,0,0,TRUE
Female,Loyal Customer,64,Business Travel,Business,2161,1,3,3,3,1,2,3,1,1,1,1,3,2,1.92,0,0,FALSE
Female,Loyal Customer,39,Business Travel,Eco Plus,467,3,1,1,1,3,3,3,3,1,4,5,2,3,2.54,0,0,TRUE
Female,Loyal Customer,27,Business Travel,Business,2434,2,4,4,4,2,2,2,2,2,2,4,3,2,2.69,0,14,FALSE
Male,Disloyal Customer,47,Business Travel,Business,409,4,4,4,3,4,4,4,4,3,2,5,5,4,3.85,9,0,TRUE
Female,Disloyal Customer,38,Business Travel,Eco,409,4,3,4,4,4,4,4,4,2,4,4,3,4,3.69,38,27,FALSE
Female,Loyal Customer,59,Personal Travel,Eco,1243,3,5,3,2,3,4,4,4,4,3,4,4,4,3.62,0,18,FALSE
Male,Loyal Customer,29,Business Travel,Business,814,3,3,3,3,4,4,4,4,4,2,5,4,4,3.62,9,6,TRUE
Male,Loyal Customer,57,Business Travel,Business,2884,1,1,1,1,3,5,4,4,4,4,4,3,4,3,3,21,TRUE
Male,Loyal Customer,54,Personal Travel,Eco,200,2,3,2,3,5,2,2,5,5,3,4,5,5,3.54,8,5,FALSE
Female,Loyal Customer,24,Personal Travel,Eco,222,4,0,4,5,4,4,4,4,4,5,4,4,4,3.85,55,47,TRUE
Female,Loyal Customer,50,Business Travel,Business,166,4,4,4,4,5,4,5,5,5,5,5,4,3,4.38,0,0,TRUE
Female,Loyal Customer,28,Personal Travel,Eco,718,1,5,1,2,1,1,1,1,3,3,1,5,1,2,0,0,FALSE
Female,Disloyal Customer,40,Business Travel,Business,278,1,1,1,2,4,1,4,4,4,4,1,4,4,2.69,0,0,FALSE
Male,Loyal Customer,55,Personal Travel,Eco,861,3,4,3,4,3,3,4,3,3,2,5,5,3,3.46,3,0,FALSE
Female,Loyal Customer,23,Business Travel,Eco,1533,3,2,2,2,3,4,2,3,2,1,3,3,3,2.54,0,2,FALSE
Male,Disloyal Customer,30,Business Travel,Business,1797,0,0,0,3,4,0,5,4,4,3,5,5,4,2.85,4,17,TRUE
Male,Loyal Customer,23,Business Travel,Business,2667,3,4,4,4,3,3,3,3,4,4,4,4,3,3.54,3,0,FALSE
Female,Loyal Customer,42,Business Travel,Business,2822,2,2,2,2,2,5,5,2,2,2,2,5,3,2.77,0,8,TRUE
Male,Disloyal Customer,23,Business Travel,Eco,423,2,0,2,1,2,2,4,2,4,2,5,5,2,2.54,3,20,FALSE
Female,Disloyal Customer,42,Business Travel,Eco,928,2,2,2,3,1,2,1,1,3,3,4,4,1,2.23,10,0,FALSE
Male,Disloyal Customer,51,Personal Travel,Eco,469,3,3,3,3,4,3,4,4,5,3,1,5,4,3.46,0,0,FALSE
Male,Disloyal Customer,42,Business Travel,Business,907,2,2,2,4,4,2,4,4,4,3,5,4,4,3.38,2,0,FALSE
Male,Loyal Customer,38,Business Travel,Business,2475,5,5,2,5,4,4,4,4,1,5,5,4,4,4,10,0,TRUE
Female,Loyal Customer,50,Business Travel,Business,733,5,5,5,5,2,4,4,5,5,5,5,5,3,4.46,12,29,TRUE
Male,Loyal Customer,10,Personal Travel,Eco,413,2,4,2,3,2,2,2,2,3,3,5,3,2,2.69,0,0,FALSE
Female,Loyal Customer,57,Personal Travel,Eco,338,4,5,4,2,1,3,3,5,5,4,5,4,5,3.85,0,0,TRUE
Female,Loyal Customer,39,Business Travel,Business,876,4,4,1,4,4,4,4,4,4,4,4,3,4,3.69,0,0,TRUE
Male,Loyal Customer,10,Personal Travel,Eco,584,4,4,4,1,1,4,1,1,5,3,4,5,1,2.92,18,12,FALSE
Male,Loyal Customer,16,Personal Travel,Eco,589,3,5,3,4,4,3,4,4,3,5,4,3,4,3.77,19,12,FALSE
Female,Loyal Customer,8,Personal Travel,Eco Plus,507,1,4,1,3,4,1,1,4,2,2,4,1,4,2.46,0,0,FALSE
Male,Disloyal Customer,19,Business Travel,Eco,2106,3,3,3,3,2,3,2,2,2,1,4,4,2,2.62,13,43,FALSE
Male,Loyal Customer,37,Personal Travel,Eco,967,2,4,2,3,2,2,5,2,1,5,3,3,2,2.77,28,13,FALSE
Female,Loyal Customer,54,Business Travel,Eco,2496,5,5,5,5,5,5,5,5,5,5,5,5,5,5,44,75,TRUE
Female,Loyal Customer,59,Business Travel,Business,2253,2,2,2,2,3,5,5,3,3,4,3,5,4,3.31,67,54,TRUE
Male,Loyal Customer,60,Business Travel,Eco Plus,399,4,5,5,5,4,4,4,4,2,4,4,2,4,3.92,4,39,FALSE
Male,Loyal Customer,47,Personal Travel,Eco,270,2,0,2,4,2,3,3,5,5,4,4,3,3,3.08,162,150,FALSE
Male,Loyal Customer,27,Business Travel,Business,3437,3,3,3,3,3,3,3,3,4,1,4,1,3,2.85,12,13,FALSE
Female,Loyal Customer,39,Personal Travel,Eco,481,4,3,4,4,3,4,3,3,1,1,4,2,3,3,4,16,TRUE
Female,Loyal Customer,54,Business Travel,Business,2504,3,3,3,3,3,5,4,4,4,4,4,3,4,3.62,0,0,TRUE
Male,Loyal Customer,65,Personal Travel,Eco,631,3,3,3,2,4,3,4,4,2,3,3,1,4,3,0,0,FALSE
Male,Loyal Customer,22,Personal Travel,Eco,631,1,4,1,5,3,1,5,3,3,4,5,5,3,3.31,0,0,FALSE
Female,Disloyal Customer,21,Business Travel,Eco,173,1,4,1,3,3,1,3,3,4,4,4,3,3,2.85,91,97,FALSE
Female,Loyal Customer,58,Personal Travel,Eco,177,2,5,2,3,1,4,5,5,5,2,5,4,3,3.54,0,0,FALSE
Female,Loyal Customer,55,Business Travel,Eco Plus,316,2,1,1,1,2,4,3,2,2,2,2,3,2,2.08,0,2,FALSE
Female,Loyal Customer,39,Business Travel,Business,3199,4,4,4,4,4,5,4,2,2,2,2,4,5,3.54,0,0,TRUE
Female,Loyal Customer,29,Business Travel,Business,760,4,4,4,4,4,4,4,4,1,2,3,2,4,3.38,0,21,TRUE
Male,Loyal Customer,50,Business Travel,Business,2586,4,4,4,4,4,4,5,4,4,4,4,5,5,4.23,0,0,TRUE
Male,Disloyal Customer,27,Business Travel,Business,594,1,0,0,2,1,0,5,1,3,3,2,1,1,1.54,0,16,FALSE
Male,Loyal Customer,34,Business Travel,Business,3860,5,5,5,5,1,4,1,2,2,2,2,2,1,2.85,0,6,TRUE
Male,Disloyal Customer,20,Business Travel,Eco,302,3,2,3,2,5,3,5,5,4,5,2,4,5,3.69,0,0,FALSE
Male,Loyal Customer,9,Personal Travel,Eco,1111,5,3,5,3,2,5,2,2,1,5,3,1,2,3,0,0,TRUE
Male,Loyal Customer,69,Personal Travel,Eco Plus,370,1,1,3,3,1,3,1,1,3,2,2,3,1,1.92,59,59,FALSE
Female,Disloyal Customer,37,Business Travel,Eco,150,3,1,3,3,4,3,4,4,1,3,3,1,4,2.85,4,0,FALSE
Female,Disloyal Customer,24,Business Travel,Eco,1252,2,2,2,2,1,2,1,1,1,4,4,3,1,2,0,0,FALSE
Female,Loyal Customer,57,Business Travel,Business,1721,3,3,3,3,3,5,4,2,2,2,2,3,3,2.92,1,0,TRUE
Female,Disloyal Customer,19,Business Travel,Eco,809,2,2,2,1,5,2,5,5,5,1,1,2,5,2.92,65,46,FALSE
Male,Loyal Customer,51,Business Travel,Business,3979,3,3,3,3,4,4,4,5,5,5,5,4,5,4.08,42,56,TRUE
Male,Loyal Customer,23,Business Travel,Business,861,2,2,2,2,4,4,4,4,3,2,4,3,4,3.08,0,0,TRUE
Female,Loyal Customer,39,Business Travel,Eco,344,5,2,2,2,5,5,5,5,5,3,3,3,5,3.85,0,0,TRUE
Female,Disloyal Customer,38,Business Travel,Business,134,1,0,0,4,1,0,1,1,3,3,4,2,1,1.62,0,17,FALSE
Male,Loyal Customer,36,Business Travel,Eco,951,4,5,5,5,4,4,4,4,2,3,3,1,4,3.69,0,0,FALSE
Female,Loyal Customer,22,Personal Travel,Eco,859,4,4,3,4,5,3,5,5,3,3,4,3,5,3.92,0,2,FALSE
Male,Loyal Customer,37,Business Travel,Business,3774,4,4,4,4,3,5,2,5,5,5,5,5,3,4.15,0,0,TRUE
Female,Loyal Customer,61,Personal Travel,Eco,1428,2,1,1,2,5,2,3,4,4,1,1,4,4,2.62,0,3,FALSE
Female,Disloyal Customer,39,Business Travel,Business,368,2,2,2,3,5,2,5,5,5,4,4,5,5,3.77,18,14,TRUE
Female,Disloyal Customer,25,Business Travel,Eco,1185,2,1,1,2,5,1,1,5,3,2,4,1,5,2.54,24,8,FALSE
Male,Loyal Customer,34,Personal Travel,Eco Plus,349,1,1,1,4,1,1,1,1,3,1,4,2,1,1.69,25,12,FALSE
Female,Disloyal Customer,34,Business Travel,Eco,247,3,0,2,4,2,2,5,2,4,3,4,3,2,2.77,0,0,FALSE
Female,Disloyal Customer,24,Business Travel,Eco,453,1,3,1,3,3,1,3,3,1,1,3,3,3,2.23,0,0,FALSE
Female,Loyal Customer,50,Business Travel,Business,684,3,3,3,3,2,4,5,5,5,5,5,3,4,3.85,15,18,TRUE
Male,Loyal Customer,67,Personal Travel,Eco,986,2,5,2,4,1,2,1,1,3,5,5,4,1,2.77,31,24,FALSE
Female,Loyal Customer,15,Personal Travel,Eco,349,2,3,2,3,1,2,1,1,2,3,3,4,1,2.15,24,22,FALSE
Male,Loyal Customer,12,Personal Travel,Eco,591,1,2,1,4,3,1,3,3,4,4,2,1,3,2.46,47,39,FALSE
Male,Loyal Customer,55,Personal Travel,Eco,983,3,4,3,1,1,3,1,1,4,5,5,4,1,2.77,0,0,FALSE
Female,Loyal Customer,12,Personal Travel,Eco,190,3,3,0,3,5,0,5,5,4,3,3,2,5,3.15,0,0,FALSE
Female,Disloyal Customer,20,Business Travel,Eco,356,0,0,0,3,2,0,2,2,1,1,3,1,2,1.31,0,0,TRUE
Female,Disloyal Customer,44,Business Travel,Business,240,4,3,3,5,1,4,1,1,5,3,4,3,1,2.92,0,0,TRUE
Female,Loyal Customer,18,Personal Travel,Eco,645,2,4,2,3,3,2,3,3,1,5,4,3,3,2.92,0,7,FALSE
Male,Loyal Customer,59,Personal Travel,Eco,1576,2,4,2,3,2,2,2,2,3,3,4,4,2,2.69,0,0,FALSE
Male,Loyal Customer,32,Business Travel,Business,1620,2,2,2,2,5,5,5,5,3,5,5,4,5,3.85,15,47,TRUE
Male,Loyal Customer,46,Business Travel,Business,2389,5,5,5,5,5,4,4,4,4,4,4,3,3,4.23,0,5,TRUE
Male,Loyal Customer,54,Business Travel,Business,1189,5,5,5,5,3,5,4,4,4,4,4,3,4,4.23,8,1,TRUE
Male,Loyal Customer,52,Personal Travel,Eco,1117,3,4,3,4,5,3,5,5,4,1,4,1,5,3.62,0,0,FALSE
Female,Loyal Customer,37,Business Travel,Business,1688,3,1,1,1,5,3,3,3,3,3,3,4,2,2.69,3,8,FALSE
Male,Loyal Customer,50,Personal Travel,Eco,451,4,2,4,3,3,4,3,3,1,1,4,4,3,3,0,0,FALSE
Female,Loyal Customer,36,Business Travel,Business,532,3,3,3,3,2,1,2,4,4,4,4,4,1,2.92,0,0,TRUE
Male,Loyal Customer,21,Personal Travel,Eco,802,2,5,2,4,4,2,1,4,5,5,4,3,4,3.46,1,5,FALSE
Female,Loyal Customer,52,Business Travel,Eco,414,2,4,4,4,5,4,3,2,2,2,2,3,1,2.92,95,106,FALSE
Female,Loyal Customer,47,Business Travel,Business,3745,1,1,1,1,4,4,5,4,4,4,4,3,3,3,0,0,TRUE
Male,Loyal Customer,40,Business Travel,Business,402,3,3,3,3,5,3,3,5,5,5,5,2,5,3.85,0,0,TRUE
Male,Loyal Customer,40,Personal Travel,Eco,748,1,4,1,5,3,1,3,3,5,5,5,3,3,3.23,0,5,FALSE
Female,Disloyal Customer,25,Business Travel,Eco,515,2,4,2,3,5,2,5,5,1,2,3,1,5,3.08,0,0,FALSE
Female,Disloyal Customer,25,Business Travel,Business,646,5,0,5,3,3,5,3,3,5,2,4,3,3,3.38,41,65,TRUE
Male,Loyal Customer,35,Business Travel,Eco,764,2,3,3,3,2,2,2,2,4,4,2,1,2,2.46,0,0,FALSE
Female,Loyal Customer,48,Business Travel,Business,3103,4,4,4,4,4,4,5,4,4,4,4,5,4,4.15,14,15,TRUE
Male,Loyal Customer,33,Personal Travel,Eco,1052,2,5,2,4,1,2,1,1,3,5,5,5,1,2.85,0,0,FALSE
Female,Disloyal Customer,22,Business Travel,Business,1084,4,0,5,2,5,5,5,5,5,2,4,3,5,3.85,0,0,TRUE
Female,Loyal Customer,51,Business Travel,Eco,773,5,2,2,2,3,3,3,5,5,5,5,5,4,3.77,0,3,TRUE
Female,Loyal Customer,7,Personal Travel,Eco,1180,1,5,1,1,4,1,4,4,3,4,4,5,4,3.15,0,0,FALSE
Female,Disloyal Customer,26,Business Travel,Eco,541,2,1,2,4,4,2,3,4,1,3,4,4,4,2.92,0,0,FALSE
Male,Disloyal Customer,22,Business Travel,Business,1313,4,0,4,5,1,4,1,1,4,2,5,3,1,2.69,0,0,TRUE
Male,Loyal Customer,16,Personal Travel,Eco,359,3,3,3,3,4,3,4,4,1,2,3,3,4,3.08,0,0,FALSE
Female,Loyal Customer,55,Business Travel,Business,1009,4,4,4,4,5,4,5,5,5,5,5,4,5,4.54,0,0,TRUE
Male,Disloyal Customer,27,Business Travel,Eco,667,2,3,2,2,5,2,5,5,4,5,2,3,5,3.46,0,0,FALSE
Male,Disloyal Customer,38,Business Travel,Eco,151,3,4,4,3,2,4,2,2,4,4,4,3,2,3.15,0,13,FALSE
Female,Loyal Customer,53,Personal Travel,Eco,599,3,4,3,2,2,3,4,2,2,3,2,4,5,3,0,0,FALSE
Female,Disloyal Customer,20,Business Travel,Eco,2475,4,4,4,2,3,4,3,3,5,2,4,1,3,3.23,0,0,FALSE
Female,Loyal Customer,9,Personal Travel,Eco,782,0,4,0,2,4,0,4,4,3,3,5,5,4,2.92,0,1,TRUE
Male,Loyal Customer,57,Business Travel,Business,944,1,1,3,1,3,5,5,4,4,5,4,3,5,3.38,0,0,TRUE
Male,Disloyal Customer,20,Business Travel,Eco,1091,3,3,3,1,3,3,3,3,2,1,3,4,3,2.69,0,0,TRUE
Female,Loyal Customer,35,Personal Travel,Eco,305,1,3,1,3,1,1,1,1,5,1,5,4,1,2.15,5,0,FALSE
Female,Loyal Customer,15,Personal Travel,Eco,689,2,5,2,4,4,2,2,4,3,5,5,4,4,3.54,5,0,FALSE
Female,Disloyal Customer,20,Business Travel,Business,507,4,0,4,3,4,4,4,4,5,4,4,3,4,3.62,0,0,TRUE
Male,Disloyal Customer,35,Business Travel,Eco,489,2,0,1,3,3,1,1,3,5,1,5,4,3,2.46,34,29,FALSE
Male,Loyal Customer,31,Personal Travel,Business,689,2,5,2,1,1,2,1,1,1,1,1,5,1,1.85,3,0,FALSE
Female,Loyal Customer,40,Business Travel,Business,581,5,5,5,5,2,2,2,3,2,5,4,2,2,3.38,211,213,TRUE
Male,Loyal Customer,25,Personal Travel,Eco,515,1,5,1,3,4,1,4,4,5,4,4,5,4,3.46,76,61,FALSE
Female,Loyal Customer,49,Business Travel,Business,2504,2,5,2,2,3,5,5,3,3,4,3,5,5,3.62,0,0,TRUE
Female,Loyal Customer,60,Personal Travel,Business,1011,2,3,2,3,2,3,4,4,4,2,4,4,2,3,14,0,FALSE
Male,Disloyal Customer,44,Business Travel,Business,228,3,3,3,4,3,3,3,3,2,2,4,4,3,3.08,0,3,FALSE
Male,Loyal Customer,55,Business Travel,Eco,1079,4,1,1,1,4,4,4,4,1,5,3,4,4,3.08,10,0,FALSE
Male,Loyal Customer,52,Business Travel,Business,4243,2,2,2,2,4,4,4,5,2,5,4,4,4,3.38,52,46,TRUE
Female,Loyal Customer,70,Personal Travel,Eco,296,2,5,2,1,5,5,5,3,3,2,3,4,5,3.46,1,13,FALSE
Female,Loyal Customer,60,Personal Travel,Eco,529,2,5,2,3,3,1,4,1,1,2,1,5,2,2.46,0,0,FALSE
Female,Loyal Customer,49,Business Travel,Business,925,5,5,5,5,5,5,4,4,4,4,4,3,4,4.38,28,20,TRUE
Male,Loyal Customer,33,Business Travel,Business,2565,4,2,2,2,4,4,4,3,1,3,3,4,4,3.08,7,0,FALSE
Male,Loyal Customer,30,Business Travel,Business,903,3,2,3,3,5,5,5,5,5,5,4,3,5,4.08,0,0,TRUE
Male,Loyal Customer,28,Business Travel,Business,1896,5,5,5,5,4,4,4,4,3,3,5,5,4,4.31,7,2,TRUE
Female,Loyal Customer,33,Business Travel,Business,2924,2,1,4,1,3,1,2,2,2,2,2,2,1,1.92,24,27,FALSE
Male,Loyal Customer,40,Business Travel,Eco,488,2,4,4,4,2,2,2,2,3,3,3,4,2,2.85,0,0,FALSE
Male,Loyal Customer,28,Personal Travel,Eco,895,3,5,3,5,2,3,3,2,4,4,4,5,2,3.46,3,0,FALSE
Male,Loyal Customer,39,Personal Travel,Eco,2370,0,4,0,1,2,0,2,2,4,2,4,3,2,2,32,18,TRUE
Female,Disloyal Customer,20,Business Travel,Eco,575,0,0,0,5,3,0,5,3,3,5,4,4,3,2.69,0,0,TRUE
Male,Loyal Customer,42,Business Travel,Business,101,0,3,0,1,3,4,5,3,3,3,3,2,1,2.38,11,17,TRUE
Male,Loyal Customer,42,Personal Travel,Business,1147,2,5,2,1,3,3,4,3,3,2,3,4,4,3,0,0,FALSE
Female,Loyal Customer,17,Business Travel,Business,1698,4,4,4,4,4,4,4,4,4,1,3,3,4,3.62,0,0,FALSE
Female,Loyal Customer,57,Business Travel,Business,1846,2,2,2,2,3,4,4,3,3,4,3,5,3,3.08,0,0,TRUE
Male,Loyal Customer,7,Personal Travel,Eco,2688,3,3,3,3,3,4,4,3,2,4,4,4,4,3.38,0,23,FALSE
Female,Loyal Customer,7,Personal Travel,Eco,158,3,5,3,3,4,3,4,4,5,2,4,4,4,3.69,3,10,FALSE
Male,Disloyal Customer,23,Business Travel,Eco,507,4,0,4,1,3,4,1,3,4,5,5,2,3,3,0,0,TRUE
Female,Disloyal Customer,38,Business Travel,Eco,86,1,0,1,2,3,1,3,3,5,2,1,4,3,2.23,1,6,FALSE
Female,Disloyal Customer,45,Business Travel,Eco,594,3,4,4,4,1,4,1,1,2,3,3,1,1,2.46,57,56,FALSE
Female,Loyal Customer,70,Personal Travel,Eco Plus,500,1,5,1,1,1,1,3,1,1,1,2,1,4,1.77,32,14,FALSE
Female,Loyal Customer,51,Business Travel,Business,2965,5,5,5,5,3,5,4,4,4,4,5,3,3,4.23,109,104,TRUE
Male,Loyal Customer,10,Personal Travel,Eco Plus,1096,3,4,2,4,1,2,1,1,3,1,3,3,1,2.23,0,0,FALSE
Female,Disloyal Customer,30,Business Travel,Business,956,3,3,3,3,4,3,4,4,3,2,5,5,4,3.54,0,0,FALSE
Male,Loyal Customer,61,Personal Travel,Eco,2402,4,5,4,2,5,4,5,5,5,4,3,3,5,4.15,1,0,FALSE
Male,Loyal Customer,43,Business Travel,Business,3205,3,3,3,3,2,4,5,5,5,5,5,3,5,3.92,13,6,TRUE
Male,Loyal Customer,8,Personal Travel,Eco,822,2,1,2,4,1,2,1,1,3,2,3,4,1,2.08,1,10,FALSE
Male,Loyal Customer,40,Personal Travel,Eco,329,1,5,1,3,2,1,2,2,3,3,4,4,2,2.54,0,0,FALSE
Female,Loyal Customer,67,Business Travel,Eco Plus,991,3,4,4,4,3,2,2,3,3,3,3,2,4,3.08,27,45,FALSE
Male,Loyal Customer,60,Business Travel,Business,2355,0,0,0,3,3,4,5,1,1,1,1,4,4,2.08,29,38,TRUE
Male,Loyal Customer,28,Personal Travel,Eco Plus,1504,2,4,2,4,2,2,2,2,5,3,1,1,2,2.46,0,0,FALSE
Male,Loyal Customer,39,Personal Travel,Eco,177,2,5,0,1,3,0,1,3,4,3,4,5,3,2.62,0,15,FALSE
Male,Loyal Customer,54,Business Travel,Business,1979,5,5,5,5,2,4,4,4,4,4,4,4,3,4.08,0,0,TRUE
Male,Loyal Customer,31,Business Travel,Business,3748,3,2,2,2,3,3,3,3,1,4,2,4,3,2.69,14,12,FALSE
Female,Disloyal Customer,28,Business Travel,Business,874,5,5,5,5,3,5,3,3,4,4,5,5,3,4.23,1,0,TRUE
Female,Loyal Customer,51,Personal Travel,Eco,642,2,5,2,2,3,5,5,5,5,2,5,3,3,3.62,0,7,FALSE
Female,Loyal Customer,66,Personal Travel,Eco,315,3,5,3,4,4,5,4,3,3,3,3,3,5,3.69,27,23,FALSE
Male,Loyal Customer,46,Personal Travel,Eco Plus,280,1,1,1,4,1,1,1,1,4,3,4,4,1,2.08,20,22,FALSE
Female,Loyal Customer,38,Personal Travel,Eco,517,1,4,4,2,1,4,1,1,5,2,4,4,1,2.62,42,38,FALSE
Female,Loyal Customer,12,Personal Travel,Eco,925,4,1,3,3,4,3,4,4,2,3,4,1,4,3.08,2,0,FALSE
Male,Loyal Customer,45,Business Travel,Business,2415,2,2,2,2,5,5,5,5,5,5,4,4,5,3.92,6,0,TRUE
Male,Loyal Customer,48,Business Travel,Business,1905,1,1,1,1,3,5,5,4,4,4,4,4,4,3.15,65,55,TRUE
Female,Loyal Customer,41,Business Travel,Business,1372,3,3,3,3,2,4,4,4,4,4,4,3,4,3.46,0,0,TRUE
Female,Loyal Customer,42,Personal Travel,Eco,577,2,2,2,4,1,3,4,3,3,2,3,3,4,2.77,20,15,FALSE
Female,Loyal Customer,53,Business Travel,Business,2101,4,4,4,4,3,4,5,4,4,5,4,4,4,4.08,2,0,TRUE
Male,Loyal Customer,36,Business Travel,Eco Plus,557,4,4,4,4,4,4,4,4,3,5,3,4,4,3.92,59,70,FALSE
Male,Loyal Customer,29,Business Travel,Eco,967,1,4,3,3,1,1,1,1,3,1,3,3,1,2,76,63,FALSE
Male,Loyal Customer,39,Business Travel,Eco,515,2,4,4,4,2,2,2,2,2,4,4,2,2,2.77,6,0,TRUE
Female,Loyal Customer,56,Business Travel,Business,2300,3,3,3,3,3,5,5,4,4,4,4,5,3,3.77,0,0,TRUE
Male,Disloyal Customer,35,Business Travel,Business,677,3,3,3,4,2,3,2,2,5,3,5,3,2,3.08,71,72,FALSE
Female,Loyal Customer,56,Business Travel,Business,2872,1,1,5,1,3,4,4,5,5,5,5,4,4,3.62,44,43,TRUE
Female,Loyal Customer,53,Business Travel,Business,3294,4,4,4,4,4,2,2,4,4,4,4,2,2,3.38,0,0,FALSE
Male,Loyal Customer,7,Personal Travel,Eco,759,2,4,2,3,4,2,4,4,3,3,5,5,4,3.46,0,0,FALSE
Female,Loyal Customer,39,Personal Travel,Eco,2845,5,4,5,2,5,4,4,3,4,3,4,4,4,3.92,3,0,TRUE
Male,Disloyal Customer,28,Business Travel,Eco,503,2,4,2,3,2,2,2,2,3,2,3,4,2,2.54,0,0,FALSE
Female,Loyal Customer,53,Business Travel,Business,1694,3,3,5,3,2,4,5,5,5,5,5,5,5,4.23,0,0,TRUE
Female,Loyal Customer,56,Business Travel,Business,2342,2,2,3,2,5,4,5,4,4,4,4,3,3,3.46,9,0,TRUE
Male,Loyal Customer,43,Business Travel,Business,2878,2,2,2,2,4,4,4,5,5,5,5,4,3,3.62,28,23,TRUE
Female,Loyal Customer,47,Personal Travel,Eco Plus,377,5,4,5,5,2,5,4,2,2,5,2,3,5,3.77,0,0,TRUE
Female,Loyal Customer,37,Business Travel,Business,199,3,2,2,2,2,4,3,3,3,3,3,4,2,2.77,2,0,FALSE
Female,Loyal Customer,47,Business Travel,Business,1124,2,2,2,2,4,4,4,4,4,4,4,3,3,3.23,0,0,TRUE
Male,Loyal Customer,45,Business Travel,Business,414,2,2,3,2,3,5,5,4,4,5,4,3,5,3.62,5,0,TRUE
Female,Loyal Customer,46,Business Travel,Business,631,2,2,2,2,3,5,4,4,4,4,4,3,3,3.23,0,0,TRUE
Male,Loyal Customer,29,Personal Travel,Eco,583,5,5,5,2,2,5,2,2,3,5,4,3,2,3.46,0,0,TRUE
Male,Disloyal Customer,24,Business Travel,Eco,1334,2,2,2,3,2,3,3,5,3,5,4,3,3,3.08,40,19,FALSE
Female,Disloyal Customer,24,Business Travel,Eco,127,3,0,3,1,4,3,1,4,3,5,4,3,4,2.92,0,0,FALSE
Female,Loyal Customer,65,Business Travel,Eco,344,3,2,4,2,5,4,4,3,3,3,3,4,1,3.15,29,45,FALSE
Female,Loyal Customer,49,Business Travel,Eco,862,2,2,2,2,1,3,4,2,2,2,2,2,3,2.23,0,21,FALSE
Male,Loyal Customer,68,Personal Travel,Eco Plus,1605,2,5,2,4,1,2,1,1,5,3,5,4,1,2.77,0,0,FALSE
Female,Disloyal Customer,26,Business Travel,Eco,2454,2,2,2,3,2,5,5,1,2,3,3,5,5,3.08,0,0,FALSE
Male,Loyal Customer,25,Personal Travel,Eco,1020,1,0,1,1,1,1,5,1,5,4,5,3,1,2.23,0,13,FALSE
Male,Loyal Customer,55,Business Travel,Business,3569,3,3,3,3,5,4,5,4,4,4,4,4,3,3.77,0,0,TRUE
Female,Loyal Customer,38,Business Travel,Eco,493,5,2,2,2,5,5,5,5,3,5,5,4,5,4.08,0,0,TRUE
Male,Disloyal Customer,44,Business Travel,Business,1258,3,3,3,5,3,3,3,3,5,2,5,3,3,3.38,30,48,FALSE
Male,Disloyal Customer,21,Business Travel,Eco,121,2,0,2,2,5,2,1,5,5,1,5,3,5,2.92,0,0,FALSE
Male,Loyal Customer,17,Personal Travel,Eco,342,3,1,3,2,3,3,3,3,2,3,2,1,3,2.46,12,4,FALSE
Male,Loyal Customer,15,Personal Travel,Eco Plus,347,4,4,4,3,3,4,3,3,3,5,5,3,3,3.62,7,1,TRUE
Female,Disloyal Customer,29,Business Travel,Eco,1482,4,4,4,3,4,4,1,4,3,3,2,1,4,3.15,0,0,FALSE
Female,Disloyal Customer,10,Business Travel,Eco,2417,2,2,2,3,4,2,4,4,3,4,5,4,4,3.31,0,0,TRUE
Female,Disloyal Customer,22,Business Travel,Eco,1265,2,2,2,3,4,2,4,4,3,2,4,1,4,2.85,69,60,FALSE
Male,Disloyal Customer,25,Business Travel,Eco,1422,3,3,3,2,4,3,4,4,2,1,3,1,4,2.85,0,40,FALSE
Female,Loyal Customer,60,Business Travel,Business,1126,1,1,1,1,2,5,4,5,5,5,5,4,4,3.31,0,0,TRUE
Male,Loyal Customer,14,Personal Travel,Eco Plus,345,2,2,2,2,1,2,1,1,2,2,3,2,1,1.77,19,19,FALSE
Female,Loyal Customer,37,Business Travel,Business,1516,1,1,1,1,5,5,5,5,5,5,5,3,5,3.62,0,0,TRUE
Female,Loyal Customer,7,Personal Travel,Eco Plus,667,2,4,2,3,1,2,4,1,4,2,3,1,1,2.31,26,26,FALSE
Female,Loyal Customer,32,Business Travel,Business,281,2,4,4,4,2,2,2,2,3,4,3,3,2,2.85,8,3,FALSE
Female,Loyal Customer,42,Business Travel,Business,1777,0,5,0,1,2,4,4,5,5,1,1,3,3,2.62,0,2,TRUE
Male,Disloyal Customer,29,Business Travel,Business,280,2,2,2,2,3,2,4,3,4,4,2,1,3,2.62,0,4,FALSE
Female,Loyal Customer,37,Business Travel,Eco,2556,3,5,5,5,3,3,3,3,1,5,4,1,3,3.38,44,24,FALSE
Female,Disloyal Customer,29,Business Travel,Business,1075,0,0,0,3,3,0,3,3,5,5,4,3,3,2.46,0,0,TRUE
Female,Disloyal Customer,24,Business Travel,Eco,200,2,3,2,4,4,2,4,4,4,2,4,3,4,3.23,57,57,FALSE
Male,Loyal Customer,16,Business Travel,Business,1781,3,3,3,3,5,4,5,5,5,4,5,5,5,4.23,0,0,TRUE
Male,Disloyal Customer,27,Business Travel,Eco,613,2,1,2,4,1,2,1,1,2,1,4,1,1,1.77,18,5,FALSE
Female,Loyal Customer,51,Business Travel,Eco,707,3,5,5,5,5,4,4,3,3,3,3,1,4,3.69,0,0,FALSE
Male,Loyal Customer,22,Business Travel,Business,2878,3,5,5,5,3,3,3,3,3,2,3,4,3,3.46,11,23,FALSE
Male,Disloyal Customer,34,Business Travel,Eco,1193,2,1,1,3,3,2,3,3,1,1,2,4,3,2.23,50,30,FALSE
Male,Loyal Customer,48,Personal Travel,Eco,594,4,3,4,3,3,4,1,3,2,1,3,1,3,2.69,0,26,FALSE
Male,Disloyal Customer,39,Business Travel,Business,2486,1,1,1,2,4,1,4,4,3,3,4,5,4,2.85,0,0,FALSE
Female,Loyal Customer,41,Business Travel,Business,3194,5,5,5,5,5,4,4,4,4,4,4,3,5,4.38,0,0,TRUE
Female,Loyal Customer,17,Personal Travel,Eco Plus,416,1,3,1,1,5,1,5,5,4,3,1,5,5,3.08,105,108,FALSE
Female,Loyal Customer,41,Personal Travel,Eco,1481,1,5,1,5,2,1,2,2,3,3,3,5,2,2.69,19,0,FALSE
Male,Disloyal Customer,26,Business Travel,Eco,134,1,0,1,4,4,1,2,4,4,4,4,3,4,2.77,0,2,FALSE
Male,Loyal Customer,49,Business Travel,Business,1923,4,4,4,4,3,4,5,5,5,5,5,5,4,4.38,0,0,TRUE
Male,Loyal Customer,7,Personal Travel,Eco,883,3,2,3,4,5,3,5,5,3,5,3,3,5,3.77,125,107,FALSE
Male,Disloyal Customer,22,Business Travel,Eco,803,4,4,4,3,1,4,1,1,1,5,4,4,1,2.85,0,0,FALSE
Male,Loyal Customer,12,Personal Travel,Eco,447,2,4,3,2,3,3,3,3,5,5,4,5,3,3.46,80,105,FALSE
Male,Loyal Customer,29,Business Travel,Business,1911,3,3,3,3,5,5,5,5,5,4,5,4,5,4.23,0,0,TRUE
Female,Disloyal Customer,15,Business Travel,Eco,315,2,0,2,5,3,2,3,3,4,3,1,2,3,2.54,11,5,FALSE
Male,Loyal Customer,57,Personal Travel,Eco,834,2,5,2,2,5,2,5,5,5,3,5,3,5,3.77,0,0,FALSE
Female,Loyal Customer,32,Personal Travel,Eco,416,2,5,2,3,5,2,5,5,5,1,3,4,5,3.62,0,0,FALSE
Male,Loyal Customer,52,Business Travel,Eco Plus,1436,2,4,4,4,2,2,2,2,2,4,3,4,2,2.85,12,0,FALSE
Male,Loyal Customer,58,Business Travel,Eco,102,3,4,3,4,3,3,3,3,1,5,2,3,3,3.08,1,0,FALSE
Male,Loyal Customer,48,Business Travel,Business,451,5,5,5,5,5,5,5,5,5,5,3,5,5,4.85,154,154,TRUE
Male,Loyal Customer,30,Personal Travel,Business,1299,4,4,4,1,5,4,5,5,5,2,4,4,5,4,0,17,FALSE
Male,Loyal Customer,33,Personal Travel,Eco,834,1,5,1,1,4,1,4,4,3,5,5,4,4,3.23,0,6,FALSE
Male,Loyal Customer,47,Business Travel,Eco,253,4,5,4,4,4,4,4,4,3,2,1,2,4,3.46,0,0,TRUE
Female,Loyal Customer,59,Business Travel,Business,575,2,2,2,2,5,1,3,5,5,4,5,1,4,3.15,0,0,TRUE
Male,Disloyal Customer,27,Business Travel,Eco Plus,562,0,0,0,1,5,0,3,5,5,3,4,3,5,2.62,0,0,TRUE
Female,Disloyal Customer,18,Business Travel,Business,2174,5,5,5,5,5,5,4,5,3,3,4,3,5,4.38,0,0,TRUE
Female,Loyal Customer,23,Business Travel,Business,628,2,1,3,1,2,2,2,2,4,2,4,1,2,2.15,0,0,FALSE
Female,Loyal Customer,53,Business Travel,Business,2218,3,2,2,2,2,2,2,3,3,3,3,4,4,2.69,43,32,FALSE
Female,Loyal Customer,38,Business Travel,Eco Plus,1487,1,1,1,1,1,1,1,1,2,3,4,2,1,1.54,37,83,FALSE
Male,Loyal Customer,51,Business Travel,Business,3033,5,5,5,5,2,3,4,4,4,4,3,1,4,3.77,0,0,TRUE
Male,Loyal Customer,48,Business Travel,Business,651,5,5,3,5,2,5,4,5,5,5,5,3,3,4.23,0,0,TRUE
Male,Loyal Customer,46,Business Travel,Business,2643,3,3,3,3,2,4,4,3,3,3,3,5,3,3.23,0,3,TRUE
Male,Loyal Customer,34,Personal Travel,Business,828,4,2,4,3,3,4,3,4,4,4,4,3,1,3.31,0,3,FALSE
Female,Disloyal Customer,26,Business Travel,Business,338,1,5,1,4,2,1,4,2,4,5,5,5,2,3.15,18,3,FALSE
Male,Loyal Customer,39,Business Travel,Eco,441,1,5,5,5,1,2,1,1,2,4,4,3,1,2.69,0,0,FALSE
Male,Loyal Customer,43,Personal Travel,Eco,372,1,2,1,1,5,1,5,5,3,2,3,3,5,2.85,0,0,FALSE
Female,Loyal Customer,29,Personal Travel,Eco,416,2,4,2,4,1,2,1,1,2,5,4,1,1,2.31,0,35,FALSE
Female,Loyal Customer,36,Business Travel,Business,710,2,4,2,2,2,5,4,5,5,5,5,4,5,3.85,0,0,TRUE
Female,Loyal Customer,41,Personal Travel,Eco,600,3,0,3,4,5,3,5,5,5,4,4,4,5,3.85,12,4,FALSE
Female,Disloyal Customer,24,Business Travel,Business,1076,2,2,2,2,1,2,1,1,2,2,2,2,1,1.69,118,96,FALSE
Male,Loyal Customer,52,Business Travel,Business,371,4,4,1,4,2,1,2,4,4,4,4,4,2,3.08,46,39,FALSE
Male,Loyal Customer,27,Personal Travel,Eco,395,2,4,2,4,1,2,1,1,5,2,5,5,1,2.69,10,3,FALSE
Male,Loyal Customer,55,Business Travel,Business,3463,2,2,2,2,3,5,4,4,4,4,4,5,3,3.38,0,0,TRUE
Female,Disloyal Customer,37,Business Travel,Business,757,5,5,5,1,4,5,4,4,4,2,5,5,4,4.08,0,0,TRUE
Male,Loyal Customer,14,Personal Travel,Eco,1587,3,4,3,5,5,3,1,5,5,4,5,3,5,3.92,0,0,FALSE
Male,Loyal Customer,38,Business Travel,Eco Plus,259,5,5,5,5,5,4,5,5,1,1,4,5,5,4.23,0,0,TRUE
Female,Disloyal Customer,28,Business Travel,Business,601,3,2,2,2,1,2,1,1,5,3,4,4,1,2.38,0,0,FALSE
Male,Loyal Customer,43,Business Travel,Business,1598,4,4,4,4,5,5,3,5,5,5,5,2,4,4.23,0,0,TRUE
Female,Loyal Customer,52,Personal Travel,Eco Plus,280,1,5,1,4,2,4,4,5,5,1,5,3,3,3.31,36,103,FALSE
Male,Loyal Customer,51,Business Travel,Business,369,1,1,1,1,3,4,5,5,5,5,5,5,4,3.46,1,0,TRUE
Male,Loyal Customer,65,Business Travel,Eco,259,3,3,3,3,4,3,4,4,2,3,2,3,4,3.15,27,13,FALSE
Female,Disloyal Customer,27,Business Travel,Business,985,2,2,2,1,2,2,2,2,5,5,4,5,2,2.77,0,0,FALSE
Male,Loyal Customer,52,Personal Travel,Eco,1299,2,4,1,2,1,1,1,1,5,3,4,3,1,2.23,0,0,FALSE
Female,Loyal Customer,55,Business Travel,Business,2129,2,2,2,2,5,4,5,4,4,4,4,4,4,3.54,49,59,TRUE
Female,Loyal Customer,30,Business Travel,Business,3001,4,1,4,4,4,4,4,4,2,1,3,3,4,3.23,0,0,TRUE
Male,Loyal Customer,58,Business Travel,Business,2532,1,1,1,1,2,4,4,4,4,4,4,3,3,2.77,0,0,TRUE
Female,Loyal Customer,52,Business Travel,Business,3742,5,5,5,5,2,4,4,5,5,4,5,5,4,4.46,0,4,TRUE
Female,Loyal Customer,26,Business Travel,Business,484,5,2,5,5,2,2,2,2,3,4,5,5,2,3.38,0,0,TRUE
Male,Loyal Customer,20,Personal Travel,Eco Plus,696,4,5,4,4,3,4,3,3,3,2,4,5,3,3.62,0,0,FALSE
Female,Loyal Customer,42,Personal Travel,Eco,1235,1,2,1,3,5,3,3,2,2,1,2,4,3,2.46,0,0,FALSE
Male,Disloyal Customer,23,Business Travel,Eco,1017,1,1,1,2,1,1,1,1,4,5,2,3,1,1.85,1,0,FALSE
Female,Loyal Customer,34,Business Travel,Eco Plus,782,4,2,2,2,4,4,4,4,3,1,1,5,4,3.08,0,0,TRUE
Female,Loyal Customer,53,Personal Travel,Eco,731,1,2,1,3,2,4,4,4,4,1,4,2,2,2.62,73,75,FALSE
Male,Loyal Customer,28,Business Travel,Business,1013,5,5,5,5,5,5,5,5,5,3,4,4,5,4.69,7,1,TRUE
Male,Disloyal Customer,26,Business Travel,Business,763,4,4,4,1,5,4,1,5,3,5,5,3,5,3.77,5,0,TRUE
Female,Loyal Customer,35,Business Travel,Business,3147,5,5,5,5,3,4,4,5,5,5,5,3,4,4.46,0,0,TRUE
Female,Loyal Customer,61,Business Travel,Business,2434,4,4,4,4,4,4,4,5,5,5,5,5,4,4.38,7,0,TRUE
Female,Loyal Customer,45,Business Travel,Business,1620,4,4,4,4,2,5,4,5,5,5,5,5,3,4.23,25,26,TRUE
Female,Loyal Customer,53,Personal Travel,Eco Plus,1362,4,5,4,3,4,5,5,2,2,4,5,4,4,3.92,0,0,TRUE
Female,Loyal Customer,47,Personal Travel,Business,925,2,5,2,2,4,4,4,5,5,2,5,3,4,3.62,13,0,FALSE
Male,Loyal Customer,45,Business Travel,Business,1727,2,4,4,4,4,3,4,2,2,2,2,4,2,3,0,12,FALSE
Female,Disloyal Customer,45,Business Travel,Business,765,4,5,5,5,3,4,3,3,3,2,4,3,3,3.62,27,36,TRUE
Female,Loyal Customer,45,Business Travel,Business,569,2,2,2,2,4,5,4,4,4,4,4,4,5,3.54,0,3,TRUE
Female,Loyal Customer,59,Business Travel,Eco,1048,4,2,2,2,1,4,3,4,4,4,4,1,2,2.85,0,0,TRUE
Female,Loyal Customer,41,Personal Travel,Eco,759,2,4,2,3,5,2,5,5,3,5,5,4,5,3.85,35,28,FALSE
Female,Loyal Customer,39,Business Travel,Business,1968,4,4,3,4,4,5,4,5,5,5,4,4,4,4.23,0,14,TRUE
Male,Loyal Customer,13,Personal Travel,Eco,289,2,5,2,3,1,2,5,1,3,4,5,3,1,2.85,5,0,FALSE
Female,Loyal Customer,32,Business Travel,Business,2677,3,3,3,3,3,3,3,3,4,4,5,4,3,3.38,0,0,TRUE
Female,Loyal Customer,30,Business Travel,Business,3377,1,3,5,3,1,1,1,1,4,1,3,2,1,2.08,0,0,FALSE
Female,Loyal Customer,32,Business Travel,Eco,125,4,5,5,5,4,4,4,4,1,3,3,5,4,3.92,0,0,TRUE
Male,Disloyal Customer,10,Business Travel,Eco,502,1,2,1,3,1,1,1,1,1,1,3,2,1,1.46,35,44,FALSE
Female,Loyal Customer,35,Personal Travel,Eco,669,2,5,2,4,2,2,2,2,5,2,5,5,2,3.08,2,0,FALSE
Female,Loyal Customer,35,Personal Travel,Eco,528,4,4,4,3,1,4,3,1,4,3,3,4,1,3,0,0,FALSE
Male,Loyal Customer,23,Business Travel,Eco,289,1,3,3,3,1,1,4,1,2,3,4,4,1,2.38,81,81,FALSE
Female,Disloyal Customer,22,Business Travel,Eco,214,1,2,1,4,3,1,5,3,2,3,3,1,3,2.46,12,8,FALSE
Male,Loyal Customer,36,Personal Travel,Eco,1979,2,3,2,3,3,2,2,3,4,1,2,1,3,2.38,0,0,FALSE
Male,Loyal Customer,59,Business Travel,Eco,125,4,5,5,5,4,4,4,4,5,4,4,4,4,4.31,124,127,TRUE
Male,Disloyal Customer,27,Business Travel,Business,895,3,3,3,4,2,3,2,2,3,5,5,3,2,3.08,31,22,FALSE
Female,Loyal Customer,15,Personal Travel,Eco,1773,3,3,3,3,3,3,3,3,5,1,4,1,3,2.92,3,4,FALSE
Female,Loyal Customer,47,Business Travel,Eco,89,4,5,5,5,2,5,3,4,4,4,4,3,1,3.77,40,57,TRUE
Male,Loyal Customer,80,Business Travel,Eco Plus,108,1,4,4,4,1,1,1,1,3,2,3,3,1,2.23,0,0,FALSE
Female,Loyal Customer,44,Business Travel,Business,3620,3,3,3,3,5,5,5,3,3,3,3,3,3,3.46,0,0,TRUE
Female,Loyal Customer,30,Personal Travel,Eco,929,4,5,4,2,3,4,3,3,4,3,5,5,3,3.69,0,0,FALSE
Male,Loyal Customer,32,Personal Travel,Eco,196,2,4,0,3,1,0,1,1,3,3,4,3,1,2,2,3,FALSE
Male,Loyal Customer,41,Business Travel,Business,190,3,3,3,3,4,4,5,5,5,5,4,5,3,4,0,0,TRUE
Male,Loyal Customer,48,Business Travel,Business,685,2,2,2,2,4,5,4,5,5,5,5,5,3,3.77,0,26,TRUE
Male,Loyal Customer,56,Personal Travel,Eco,2860,3,3,4,3,4,2,2,2,1,3,2,2,2,2.54,0,0,FALSE
Female,Loyal Customer,48,Business Travel,Business,369,5,5,5,5,2,5,5,5,5,5,5,4,4,4.62,0,0,TRUE
Female,Loyal Customer,49,Business Travel,Eco,187,4,5,5,5,3,3,3,3,3,4,3,3,2,3.54,0,9,FALSE
Male,Loyal Customer,20,Business Travel,Eco Plus,760,1,1,1,1,1,1,2,1,1,2,2,3,1,1.38,0,0,FALSE
Male,Loyal Customer,19,Business Travel,Business,3851,1,1,1,1,5,5,5,5,5,2,2,1,5,3,0,0,TRUE
Female,Loyal Customer,27,Personal Travel,Eco,599,3,3,3,3,5,3,5,5,2,5,3,2,5,3.62,0,1,FALSE
Female,Disloyal Customer,44,Business Travel,Business,214,5,5,5,4,3,5,3,3,3,5,5,4,3,4.08,0,0,TRUE
Male,Loyal Customer,41,Business Travel,Business,1814,5,5,5,5,2,4,5,3,3,4,3,4,3,3.92,0,0,TRUE
Female,Loyal Customer,15,Personal Travel,Eco,427,2,1,2,4,3,2,3,3,4,5,3,4,3,3,0,0,FALSE
Female,Loyal Customer,50,Business Travel,Business,2923,5,5,5,5,5,1,1,4,4,4,4,1,1,3.46,1,0,TRUE
Male,Loyal Customer,51,Business Travel,Eco,472,2,4,4,4,2,2,2,2,4,5,4,4,2,3.15,3,23,TRUE
Male,Loyal Customer,23,Personal Travel,Eco,1091,3,4,2,3,4,2,4,4,3,1,4,2,4,3.08,2,0,FALSE
Male,Loyal Customer,47,Business Travel,Business,2680,4,4,4,4,3,4,4,5,5,5,5,3,3,4.08,11,6,TRUE
Male,Loyal Customer,58,Business Travel,Eco,509,4,1,1,1,4,4,4,4,4,2,4,2,4,3,0,0,FALSE
Male,Loyal Customer,54,Business Travel,Business,3307,5,5,5,5,5,4,5,4,4,4,4,3,3,4.31,95,95,TRUE
Female,Disloyal Customer,24,Business Travel,Eco,1192,2,2,2,4,3,2,3,3,1,3,2,3,3,2.54,0,3,FALSE
Male,Loyal Customer,33,Personal Travel,Eco Plus,166,5,4,5,4,1,5,1,1,5,2,5,3,1,3.23,0,0,TRUE
Male,Loyal Customer,16,Business Travel,Eco,1091,3,3,3,3,3,3,2,3,1,2,4,4,3,2.85,15,17,FALSE
Female,Loyal Customer,28,Business Travel,Business,3167,2,2,5,2,4,4,4,4,2,1,1,5,4,3.08,57,51,TRUE
Female,Disloyal Customer,30,Business Travel,Business,712,4,4,4,1,5,4,5,5,5,3,5,5,5,4.23,1,0,TRUE
Male,Disloyal Customer,23,Business Travel,Eco,666,5,0,4,1,4,4,4,4,5,4,5,5,4,3.77,3,0,TRUE
Female,Disloyal Customer,25,Business Travel,Eco,201,2,3,2,4,3,2,3,3,1,3,2,3,3,2.62,0,0,FALSE
Male,Loyal Customer,20,Business Travel,Eco Plus,642,5,5,5,5,5,5,4,5,4,1,4,5,5,4.46,0,0,TRUE
Male,Loyal Customer,45,Business Travel,Business,1865,5,5,5,5,3,3,5,4,4,5,4,5,5,4.46,14,11,TRUE
Female,Loyal Customer,59,Business Travel,Business,368,5,5,5,5,5,4,4,5,5,5,5,4,4,4.69,0,0,TRUE
Male,Loyal Customer,59,Personal Travel,Eco,1144,4,5,4,4,1,4,1,1,5,4,3,4,1,3.15,0,0,TRUE
Female,Loyal Customer,27,Business Travel,Business,1546,1,5,1,1,5,5,5,5,5,4,4,5,5,3.92,25,17,TRUE
Female,Loyal Customer,35,Business Travel,Business,3540,2,2,2,2,4,4,4,3,3,3,3,5,3,3.08,0,0,TRUE
Female,Loyal Customer,68,Personal Travel,Eco,972,2,4,2,3,2,4,4,5,5,2,5,3,3,3.38,83,85,FALSE
Female,Loyal Customer,50,Business Travel,Business,2559,5,5,5,5,5,5,4,3,3,4,3,5,4,4.31,2,7,TRUE
Female,Loyal Customer,48,Business Travel,Business,700,3,3,3,3,4,4,4,4,4,4,4,5,5,3.85,0,0,TRUE
Female,Loyal Customer,54,Business Travel,Business,2454,1,1,1,1,4,4,4,4,4,4,4,5,3,3.08,0,0,TRUE
Female,Loyal Customer,29,Business Travel,Business,1873,2,2,4,2,5,5,4,5,1,3,1,4,5,3.31,7,4,TRUE
Male,Loyal Customer,31,Personal Travel,Eco,436,2,4,3,3,4,3,4,4,5,2,4,5,4,3.62,20,19,FALSE
Female,Loyal Customer,42,Business Travel,Eco,2139,5,2,3,2,1,3,4,5,5,5,5,5,5,3.85,24,13,TRUE
Male,Loyal Customer,29,Business Travel,Business,2625,4,4,4,4,5,5,5,5,1,2,5,3,5,4,35,38,TRUE
Male,Loyal Customer,52,Business Travel,Business,1976,2,2,2,2,4,5,5,5,5,5,5,4,4,3.85,0,3,TRUE
Female,Loyal Customer,20,Personal Travel,Eco,308,2,3,2,3,4,2,4,4,4,3,4,1,4,3.08,0,2,FALSE
Female,Loyal Customer,49,Personal Travel,Eco,700,3,5,3,1,2,4,2,1,1,3,1,4,4,2.62,0,0,FALSE
Female,Loyal Customer,53,Business Travel,Eco,936,4,1,5,5,5,5,5,4,4,4,4,5,1,4,11,14,TRUE
Male,Loyal Customer,57,Business Travel,Business,2475,1,1,3,1,4,4,5,4,4,4,4,5,5,3.46,1,0,TRUE
Female,Loyal Customer,27,Business Travel,Business,2815,3,4,3,3,4,4,4,4,3,5,5,5,4,3.92,0,0,TRUE
Male,Loyal Customer,47,Business Travel,Business,201,0,3,0,3,4,1,4,4,4,4,4,5,5,3.15,0,0,TRUE
Male,Loyal Customer,43,Business Travel,Business,1744,2,2,2,2,5,5,5,4,4,5,4,3,3,3.54,59,52,TRUE
Female,Disloyal Customer,18,Business Travel,Eco,83,5,0,5,2,4,5,4,4,5,5,2,2,4,3.62,0,0,TRUE
Female,Loyal Customer,28,Personal Travel,Eco,422,2,3,2,4,2,2,2,2,4,3,4,1,2,2.54,41,33,FALSE
Male,Loyal Customer,11,Personal Travel,Business,2475,3,5,2,1,2,2,2,2,3,5,4,3,2,2.77,0,0,FALSE
Male,Disloyal Customer,22,Business Travel,Business,515,4,3,4,4,5,4,5,5,3,4,4,5,5,4.23,11,0,TRUE
Female,Disloyal Customer,33,Business Travel,Business,158,2,2,2,5,4,2,2,4,3,5,4,5,4,3.38,0,2,FALSE
Female,Loyal Customer,40,Business Travel,Business,3943,5,5,5,5,2,4,5,5,5,5,5,4,4,4.54,26,33,TRUE
Female,Loyal Customer,46,Business Travel,Business,606,3,3,3,3,3,4,5,4,4,4,4,3,5,3.69,13,6,TRUE
Female,Loyal Customer,49,Business Travel,Business,2783,0,0,0,5,5,4,4,3,3,3,3,3,3,2.77,0,0,TRUE
Male,Loyal Customer,27,Personal Travel,Business,867,2,4,2,3,4,2,4,4,1,4,4,3,4,3.15,0,0,FALSE
Male,Loyal Customer,44,Business Travel,Business,678,2,2,2,2,3,5,4,3,3,2,3,4,3,2.92,0,2,TRUE
Female,Loyal Customer,53,Business Travel,Business,2720,2,2,2,2,2,4,4,5,5,5,5,4,3,3.46,13,21,TRUE
Male,Disloyal Customer,36,Business Travel,Eco,1016,3,3,3,2,2,3,2,2,4,5,3,4,2,2.92,0,0,FALSE
Female,Loyal Customer,37,Business Travel,Business,386,3,3,3,3,5,5,5,5,5,5,5,4,4,4.23,0,4,TRUE
Female,Disloyal Customer,32,Business Travel,Eco,679,1,1,1,2,4,1,4,4,4,4,3,4,4,2.85,12,7,FALSE
Female,Loyal Customer,21,Business Travel,Business,651,2,2,2,2,2,2,2,2,1,1,3,3,2,2,12,,FALSE
Female,Loyal Customer,41,Business Travel,Business,2406,5,5,5,5,3,5,5,4,4,4,4,4,5,4.46,5,1,TRUE
Male,Disloyal Customer,24,Business Travel,Eco,728,4,4,4,3,3,4,5,3,3,3,4,4,3,3.62,61,40,FALSE
Female,Loyal Customer,55,Business Travel,Business,3903,2,4,4,4,4,2,1,2,2,2,2,1,1,2.38,0,9,FALSE
Female,Loyal Customer,48,Business Travel,Business,3700,4,4,4,4,5,5,4,5,5,5,5,3,4,4.38,0,0,TRUE
Female,Loyal Customer,58,Business Travel,Business,2190,1,1,1,1,5,4,4,2,2,2,2,4,4,2.54,0,1,TRUE
Male,Loyal Customer,23,Personal Travel,Eco,265,2,3,2,1,5,2,5,5,2,1,5,5,5,3.31,0,0,FALSE
Female,Disloyal Customer,15,Business Travel,Eco,1352,4,4,4,2,2,4,2,2,4,3,5,3,2,3.15,0,0,TRUE
Female,Loyal Customer,28,Personal Travel,Eco,223,4,4,4,4,4,4,4,4,3,4,4,3,4,3.85,0,0,FALSE
Male,Disloyal Customer,80,Business Travel,Eco,175,3,3,3,4,4,3,4,4,1,3,4,3,4,3.31,0,0,FALSE
Female,Loyal Customer,43,Business Travel,Business,190,2,2,2,2,2,5,5,5,5,5,4,5,4,3.69,5,2,TRUE
Female,Disloyal Customer,72,Business Travel,Eco,414,4,0,4,2,1,4,1,1,3,5,2,2,1,2.31,0,0,TRUE
Male,Loyal Customer,36,Business Travel,Eco,1754,2,1,4,1,2,2,2,2,2,2,2,3,2,2.08,9,6,FALSE
Female,Loyal Customer,51,Business Travel,Eco,605,2,5,5,5,5,3,3,2,2,2,2,2,1,3,0,0,FALSE
Male,Disloyal Customer,26,Business Travel,Business,834,1,1,1,2,4,1,4,4,3,2,4,4,4,2.69,3,7,FALSE
Female,Loyal Customer,58,Personal Travel,Eco,338,3,3,3,2,1,4,5,2,2,3,2,2,1,2.54,28,28,FALSE
Male,Loyal Customer,20,Personal Travel,Eco,474,3,5,3,2,3,3,5,3,5,1,1,4,3,3.15,23,24,FALSE
Male,Loyal Customer,32,Business Travel,Business,1898,3,2,2,2,3,3,3,3,2,2,3,2,3,2.54,0,0,FALSE
Male,Loyal Customer,56,Business Travel,Business,2322,1,1,1,1,4,5,4,5,5,5,5,5,3,3.46,3,0,TRUE
Female,Loyal Customer,45,Personal Travel,Eco,369,3,4,1,5,4,3,5,3,3,1,3,5,2,3.23,0,0,FALSE
Female,Loyal Customer,60,Business Travel,Eco,224,2,3,3,3,3,3,2,2,2,2,2,2,3,2.46,16,16,FALSE
Female,Loyal Customer,10,Personal Travel,Eco,1096,2,2,2,3,4,2,4,4,1,3,3,3,4,2.85,0,0,FALSE
Male,Loyal Customer,14,Personal Travel,Eco,1121,2,4,2,4,2,3,3,3,3,4,2,3,3,2.92,198,189,FALSE
Female,Disloyal Customer,23,Business Travel,Eco,1020,2,2,2,4,4,2,4,4,1,1,4,3,4,2.85,0,0,FALSE
Male,Loyal Customer,9,Personal Travel,Eco,802,1,5,1,1,5,1,5,5,1,2,4,4,5,3.08,16,1,FALSE
Female,Loyal Customer,36,Personal Travel,Eco,316,2,4,2,5,2,2,2,2,2,5,1,4,2,2.69,7,5,FALSE
Male,Disloyal Customer,39,Business Travel,Business,187,1,1,1,2,3,1,5,3,4,4,4,3,3,2.69,18,17,FALSE
Male,Loyal Customer,51,Business Travel,Business,3383,2,1,1,1,5,4,4,2,2,2,2,3,2,2.38,36,27,FALSE
Male,Loyal Customer,17,Personal Travel,Eco,252,3,4,3,4,3,3,3,3,2,3,3,4,3,3.15,0,0,FALSE
Male,Loyal Customer,67,Personal Travel,Eco,631,1,4,1,5,5,1,5,5,4,3,5,5,5,3.77,4,8,FALSE
Male,Loyal Customer,14,Personal Travel,Eco,337,3,4,3,3,3,3,3,3,4,5,2,2,3,3.15,13,0,FALSE
Female,Disloyal Customer,46,Business Travel,Eco,373,2,1,2,3,2,2,2,2,1,2,4,2,2,2.08,0,0,FALSE
Female,Loyal Customer,45,Business Travel,Business,997,5,5,5,5,3,4,4,5,5,5,5,5,4,4.62,0,0,TRUE
Male,Loyal Customer,62,Personal Travel,Eco,986,2,4,2,4,4,2,4,4,4,2,4,3,4,3.31,1,0,FALSE
Female,Disloyal Customer,32,Business Travel,Business,666,2,2,2,5,4,2,4,4,3,2,5,3,4,3.23,0,0,FALSE
Female,Loyal Customer,48,Business Travel,Eco,845,5,3,3,3,2,3,2,5,5,5,5,2,2,3.46,10,19,TRUE
Female,Loyal Customer,31,Business Travel,Business,2291,4,4,1,4,4,4,4,4,4,2,4,5,4,3.69,0,0,TRUE
Female,Loyal Customer,45,Business Travel,Eco,468,4,3,3,3,3,1,4,4,4,4,4,3,2,3.23,0,3,TRUE
Male,Loyal Customer,48,Business Travel,Business,1846,3,3,3,3,5,3,4,5,5,5,5,5,5,4.15,0,19,TRUE
Male,Disloyal Customer,36,Business Travel,Business,748,1,1,1,5,5,1,1,5,3,2,5,5,5,3.08,0,0,FALSE
Male,Loyal Customer,40,Business Travel,Eco,617,4,3,3,3,4,4,4,4,4,2,2,1,4,3.23,0,0,TRUE
Male,Loyal Customer,68,Personal Travel,Eco,189,2,5,0,3,4,0,4,4,5,2,5,4,4,3.23,0,0,FALSE
Female,Disloyal Customer,40,Business Travel,Business,78,2,2,2,3,1,2,1,1,3,3,3,1,1,1.92,0,0,FALSE
Male,Disloyal Customer,10,Business Travel,Eco,584,3,2,3,4,2,3,2,2,2,1,3,2,2,2.38,0,0,FALSE
Male,Disloyal Customer,42,Business Travel,Eco,255,3,3,3,3,5,3,5,5,3,3,4,4,5,3.77,0,0,FALSE
Female,Loyal Customer,47,Business Travel,Business,234,1,1,1,1,2,5,5,4,4,4,4,4,4,3.08,38,34,TRUE
Female,Loyal Customer,45,Business Travel,Business,373,1,1,4,1,5,5,5,4,4,4,4,4,5,3.62,98,105,TRUE
Male,Loyal Customer,51,Business Travel,Business,3247,2,4,2,2,4,5,5,4,4,4,4,3,5,3.69,11,20,TRUE
Male,Loyal Customer,53,Business Travel,Business,1750,5,5,4,5,2,4,4,5,5,5,5,3,3,4.23,56,67,TRUE
Female,Loyal Customer,62,Business Travel,Business,2361,4,4,4,4,4,5,5,4,4,4,4,3,5,4.15,0,0,TRUE
Female,Disloyal Customer,59,Business Travel,Eco,101,4,2,4,2,4,4,4,4,4,2,1,1,4,3.08,0,0,FALSE
Male,Loyal Customer,44,Business Travel,Business,312,5,5,5,5,5,4,4,4,4,4,4,4,4,4.38,0,0,TRUE
Female,Loyal Customer,26,Personal Travel,Business,125,3,4,3,3,2,3,2,2,4,2,1,3,2,2.62,0,0,FALSE
Female,Loyal Customer,10,Personal Travel,Eco,738,2,1,2,1,1,2,1,1,1,5,1,1,1,1.54,0,0,FALSE
Male,Loyal Customer,53,Business Travel,Eco,1075,4,5,5,5,3,4,3,3,3,2,2,3,3,3.46,14,0,TRUE
Male,Disloyal Customer,21,Business Travel,Eco,837,2,2,2,3,5,2,5,5,1,4,4,4,5,3.38,0,0,FALSE
Male,Loyal Customer,49,Business Travel,Eco,552,2,4,4,4,2,2,2,2,4,3,4,4,2,3,13,0,FALSE
Female,Loyal Customer,36,Business Travel,Eco Plus,320,3,1,1,1,3,4,3,3,1,1,4,4,3,2.46,8,13,FALSE
Male,Loyal Customer,47,Business Travel,Business,468,1,1,1,1,1,4,4,1,1,1,1,1,3,1.62,0,17,FALSE
Male,Loyal Customer,29,Personal Travel,Eco,239,1,5,1,3,4,1,4,4,4,5,4,5,4,3.46,0,0,FALSE
Male,Loyal Customer,52,Business Travel,Business,445,3,4,4,4,2,2,3,3,3,3,3,3,3,3.08,0,0,FALSE
Male,Loyal Customer,58,Business Travel,Eco Plus,942,1,2,2,2,1,1,1,2,1,3,4,1,1,1.69,30,15,FALSE
Female,Loyal Customer,34,Personal Travel,Eco,594,3,3,3,4,5,3,3,5,4,1,4,4,5,3.62,0,0,FALSE
Male,Disloyal Customer,25,Business Travel,Business,644,2,5,3,2,3,3,3,3,3,5,5,4,3,3.38,0,0,FALSE
Female,Loyal Customer,47,Business Travel,Business,594,3,3,3,3,3,5,5,5,5,5,5,5,4,4.15,0,0,TRUE
Male,Loyal Customer,29,Business Travel,Business,235,5,5,5,5,4,4,4,4,3,3,5,3,4,4.15,0,0,TRUE
Male,Loyal Customer,55,Business Travel,Business,181,3,3,5,3,3,5,4,5,5,5,4,5,5,4.23,0,9,TRUE
Female,Loyal Customer,31,Business Travel,Business,2675,3,3,3,3,3,4,3,3,4,2,4,4,3,3.23,0,0,TRUE
Female,Loyal Customer,48,Business Travel,Business,3418,3,3,5,5,3,4,3,3,3,3,3,4,4,3.54,0,8,FALSE
Female,Disloyal Customer,17,Business Travel,Eco,936,2,2,2,3,2,2,2,2,2,5,3,1,2,2.31,0,0,FALSE
Male,Loyal Customer,48,Personal Travel,Eco,2419,3,4,3,5,3,2,2,3,4,4,5,2,2,3.23,0,26,FALSE
Female,Disloyal Customer,24,Business Travel,Business,645,4,2,3,4,1,3,1,1,4,5,4,4,1,2.85,0,0,TRUE
Male,Disloyal Customer,45,Business Travel,Eco Plus,844,3,3,3,3,2,3,2,2,1,4,4,2,2,2.62,4,0,FALSE
Female,Loyal Customer,16,Business Travel,Business,359,2,3,3,3,2,2,2,2,3,5,3,4,2,2.77,0,0,FALSE
Male,Loyal Customer,59,Business Travel,Business,2053,4,4,4,4,2,4,4,4,4,4,4,5,4,3.92,8,0,TRUE
Male,Loyal Customer,58,Business Travel,Business,3266,2,2,4,2,4,5,5,5,3,5,5,5,5,4,394,383,TRUE
Female,Loyal Customer,23,Personal Travel,Eco,1120,4,5,4,2,5,4,5,5,4,3,5,5,5,4.31,0,0,TRUE
Male,Loyal Customer,24,Business Travel,Business,1918,2,4,1,4,2,2,2,2,2,3,4,2,2,2.46,25,37,FALSE
Male,Loyal Customer,68,Personal Travel,Eco,1476,3,5,3,5,5,3,5,5,4,2,4,4,5,4.08,13,13,FALSE
Male,Loyal Customer,44,Personal Travel,Eco,308,3,4,3,4,2,3,2,2,1,5,3,1,2,2.69,0,0,FALSE
Female,Loyal Customer,46,Business Travel,Business,100,3,3,3,3,3,5,4,4,4,5,5,4,5,3.92,0,0,TRUE
Male,Disloyal Customer,27,Business Travel,Eco,446,3,2,3,3,3,4,4,3,3,2,3,4,4,3.15,149,139,FALSE
Male,Loyal Customer,59,Business Travel,Business,1846,4,4,4,4,4,4,4,3,5,3,4,4,4,3.92,177,173,TRUE
Male,Disloyal Customer,29,Business Travel,Eco Plus,2358,3,3,3,3,4,3,4,4,3,5,3,4,4,3.54,7,0,FALSE
Male,Loyal Customer,27,Personal Travel,Eco,500,2,4,2,1,2,2,2,2,4,4,4,4,2,2.69,4,0,FALSE
Male,Disloyal Customer,28,Business Travel,Business,247,2,2,2,3,5,2,5,5,3,4,5,5,5,3.69,25,17,FALSE
Female,Loyal Customer,21,Business Travel,Business,1448,3,2,3,2,3,3,3,3,3,4,3,2,3,2.85,0,0,FALSE
Female,Loyal Customer,57,Business Travel,Business,3208,2,2,2,2,2,5,4,4,4,4,4,5,3,3.31,0,0,TRUE
Male,Loyal Customer,50,Business Travel,Business,3407,5,5,5,5,5,5,4,5,5,5,5,3,4,4.69,0,2,TRUE
Female,Loyal Customer,68,Personal Travel,Eco,1065,2,5,2,2,2,5,4,1,1,2,5,4,3,2.92,0,0,FALSE
Female,Disloyal Customer,27,Business Travel,Eco,674,4,4,4,3,3,4,3,3,1,4,3,2,3,3.15,28,26,FALSE
Female,Loyal Customer,69,Personal Travel,Business,1242,0,5,1,5,3,3,5,4,4,1,4,3,3,3.15,13,23,TRUE
Male,Loyal Customer,41,Business Travel,Business,431,1,1,5,1,3,4,4,4,4,4,4,3,4,3.23,0,0,TRUE
Male,Loyal Customer,29,Personal Travel,Eco,1678,1,5,1,1,3,1,3,3,2,3,2,1,3,2.23,33,24,FALSE
Male,Loyal Customer,8,Personal Travel,Business,680,5,5,5,3,3,5,3,3,4,5,4,4,3,4,0,0,TRUE
Male,Loyal Customer,22,Business Travel,Business,2049,1,1,1,1,4,4,4,4,5,1,2,2,4,2.62,7,38,TRUE
Male,Disloyal Customer,23,Business Travel,Eco,133,2,2,2,3,4,2,4,4,4,5,4,3,4,3.31,0,0,FALSE
Female,Loyal Customer,44,Business Travel,Business,1099,3,3,3,3,5,5,4,4,4,4,4,4,3,3.77,0,0,TRUE
Male,Disloyal Customer,26,Business Travel,Business,1158,3,3,3,3,5,3,5,5,2,5,4,2,5,3.69,13,5,FALSE
Male,Disloyal Customer,36,Business Travel,Eco,486,3,2,3,2,1,3,5,1,2,5,2,3,1,2.54,12,15,FALSE
Female,Loyal Customer,36,Business Travel,Business,2440,5,5,5,5,3,2,5,4,4,4,4,3,3,4,0,0,TRUE
Female,Loyal Customer,46,Business Travel,Business,2428,3,3,3,3,3,5,5,3,3,3,3,5,4,3.54,5,8,TRUE
Female,Loyal Customer,39,Personal Travel,Eco,980,2,3,2,3,2,2,2,2,2,3,4,3,2,2.46,6,51,FALSE
Female,Loyal Customer,60,Personal Travel,Eco,253,2,4,2,3,2,5,5,4,3,2,5,5,5,3.62,233,228,FALSE
Male,Loyal Customer,57,Business Travel,Business,1537,4,4,4,4,5,5,5,5,5,4,5,4,5,4.54,0,0,TRUE
Male,Loyal Customer,75,Business Travel,Eco,404,4,3,5,3,4,4,4,4,1,1,2,4,4,3.31,48,44,FALSE
Female,Loyal Customer,56,Business Travel,Business,2585,2,3,3,3,2,2,2,3,1,4,3,2,2,2.46,0,0,FALSE
Male,Disloyal Customer,12,Business Travel,Eco,1188,5,4,4,2,5,4,1,5,5,3,4,5,5,4,0,0,TRUE
Male,Loyal Customer,35,Personal Travel,Business,84,3,2,3,3,4,4,3,4,4,3,4,3,4,3.38,0,0,FALSE
Female,Loyal Customer,56,Personal Travel,Eco,1972,2,5,2,4,5,4,4,3,3,2,2,5,3,3.38,0,1,FALSE
Male,Loyal Customer,17,Personal Travel,Eco,309,5,5,5,2,2,5,2,2,3,4,4,1,2,3.23,9,1,TRUE
Male,Loyal Customer,33,Business Travel,Eco,399,3,4,4,4,3,3,3,3,1,2,3,1,3,2.85,10,0,FALSE
Male,Loyal Customer,57,Business Travel,Eco,1723,4,4,4,4,4,4,4,4,3,1,2,2,4,3.38,0,0,TRUE
Male,Loyal Customer,18,Business Travel,Business,1846,4,4,4,4,4,4,4,4,3,5,4,4,4,4,64,36,FALSE
Female,Loyal Customer,12,Personal Travel,Eco Plus,589,4,1,4,1,4,4,4,4,2,1,1,1,4,2.69,0,0,FALSE
Female,Loyal Customer,23,Personal Travel,Eco,325,2,4,2,4,3,2,3,3,1,3,3,2,3,2.69,0,0,FALSE
Female,Disloyal Customer,45,Business Travel,Business,479,1,1,1,4,5,1,5,5,5,4,5,3,5,3.46,0,0,FALSE
Male,Loyal Customer,11,Personal Travel,Business,2139,1,4,0,1,2,0,2,2,3,4,4,5,2,2.31,21,13,FALSE
Female,Loyal Customer,16,Personal Travel,Eco Plus,677,2,2,2,2,4,2,4,4,3,1,1,4,4,2.69,9,4,FALSE
Female,Disloyal Customer,43,Business Travel,Eco,404,4,2,4,3,1,4,3,1,2,5,3,2,1,2.69,35,23,FALSE
Male,Loyal Customer,64,Personal Travel,Eco,160,1,3,1,2,5,1,5,5,2,3,3,2,5,2.92,29,18,FALSE
Male,Loyal Customer,31,Business Travel,Business,3166,4,4,4,4,4,4,4,4,3,1,1,3,4,3.38,0,0,TRUE
Female,Loyal Customer,40,Personal Travel,Eco,669,5,4,5,5,2,5,2,2,5,3,4,5,2,3.77,0,0,TRUE
Female,Loyal Customer,30,Business Travel,Eco Plus,834,3,5,1,5,3,3,3,3,2,1,3,3,3,2.92,0,0,FALSE
Female,Loyal Customer,29,Personal Travel,Eco,187,1,4,1,3,4,1,4,4,3,2,3,2,4,2.77,0,0,FALSE
Female,Loyal Customer,29,Business Travel,Eco Plus,834,5,5,5,5,5,5,5,5,5,2,1,5,5,4.46,0,0,TRUE
Female,Loyal Customer,53,Business Travel,Business,2447,3,3,3,3,3,4,5,5,5,5,5,5,3,4,0,0,TRUE
Female,Loyal Customer,45,Personal Travel,Eco,209,3,1,3,3,3,3,3,1,1,3,1,3,3,2.38,0,0,FALSE
Female,Disloyal Customer,36,Business Travel,Business,236,4,4,4,1,5,4,5,5,4,2,5,5,5,4.08,50,60,FALSE
Female,Loyal Customer,20,Personal Travel,Eco,1076,1,4,1,3,5,1,5,5,5,2,4,5,5,3.54,43,17,FALSE
Male,Loyal Customer,12,Personal Travel,Eco,446,2,5,2,5,2,2,2,2,3,4,4,4,2,3,0,2,FALSE
Male,Disloyal Customer,54,Business Travel,Eco,1304,4,3,3,4,3,4,5,3,3,3,2,2,3,3.23,0,0,FALSE
Male,Loyal Customer,51,Business Travel,Business,3529,5,5,5,5,2,5,5,4,4,4,4,5,5,4.46,0,2,TRUE
Male,Loyal Customer,55,Personal Travel,Eco,1892,2,2,2,2,1,2,1,1,1,3,2,4,1,1.85,2,0,FALSE
Female,Disloyal Customer,33,Business Travel,Eco,192,3,5,3,4,4,3,3,4,5,3,3,3,4,3.62,64,57,FALSE
Male,Loyal Customer,55,Business Travel,Eco,692,5,5,5,5,5,5,5,5,3,5,4,2,5,4.54,87,71,TRUE
Male,Loyal Customer,45,Personal Travel,Eco,447,1,4,1,3,1,1,1,1,4,3,1,4,1,2,0,0,FALSE
Male,Loyal Customer,39,Business Travel,Business,3581,5,5,5,5,4,4,5,5,5,5,5,5,5,4.85,2,0,TRUE
Female,Loyal Customer,25,Personal Travel,Eco,354,2,1,2,3,5,2,5,5,1,1,3,4,5,3,57,61,FALSE
Female,Loyal Customer,60,Personal Travel,Eco,2176,3,5,3,1,2,4,5,3,3,3,2,3,3,3.08,0,0,FALSE
Male,Disloyal Customer,40,Business Travel,Business,733,1,1,1,4,2,1,2,2,1,1,3,4,2,1.92,0,0,FALSE
Male,Loyal Customer,58,Business Travel,Business,2611,1,1,1,1,4,4,5,4,4,4,4,3,5,3.15,0,0,TRUE
Male,Loyal Customer,31,Personal Travel,Eco,666,1,5,2,2,4,2,4,4,5,4,2,3,4,3.23,0,0,FALSE
Female,Loyal Customer,44,Personal Travel,Eco,152,2,4,2,2,3,5,4,2,2,2,2,3,5,2.92,0,3,FALSE
Male,Loyal Customer,36,Personal Travel,Eco,895,3,4,3,2,2,3,2,2,4,5,5,5,2,3.23,0,23,FALSE
Female,Loyal Customer,52,Business Travel,Eco,708,3,1,1,1,3,3,3,1,5,4,3,3,3,2.62,219,214,FALSE
Male,Loyal Customer,46,Business Travel,Eco,721,3,5,5,5,3,3,3,3,2,1,2,4,3,3.23,3,0,FALSE
Male,Loyal Customer,22,Personal Travel,Business,369,4,4,4,4,3,4,4,3,1,3,4,1,3,3.23,0,0,FALSE
Male,Loyal Customer,49,Business Travel,Business,821,2,3,3,3,1,2,3,2,2,2,2,4,2,2.38,0,7,FALSE
Male,Loyal Customer,43,Business Travel,Eco,978,2,5,5,5,3,2,3,3,3,3,3,2,3,3.23,0,0,FALSE
Female,Loyal Customer,47,Business Travel,Eco Plus,281,2,3,3,3,2,4,4,2,2,2,2,3,3,2.69,25,36,FALSE
Male,Loyal Customer,63,Personal Travel,Eco,1390,2,5,2,4,5,2,5,5,3,4,4,4,5,3.85,24,5,FALSE
Male,Disloyal Customer,38,Business Travel,Business,2297,4,4,4,2,4,4,4,4,4,2,3,3,4,3.54,0,0,TRUE
Female,Loyal Customer,41,Business Travel,Business,733,5,5,5,5,3,5,5,3,3,3,3,4,4,4.08,1,0,TRUE
Female,Disloyal Customer,20,Business Travel,Eco,397,2,2,2,3,1,2,1,1,2,2,4,3,1,2,0,0,FALSE
Female,Loyal Customer,49,Business Travel,Business,2695,2,3,3,3,2,2,3,2,2,2,2,4,4,2.62,1,0,FALSE
Male,Loyal Customer,48,Business Travel,Business,2562,2,2,2,2,4,5,4,5,5,5,5,3,4,3.69,8,7,TRUE
Male,Loyal Customer,38,Business Travel,Business,3223,2,5,5,5,5,3,3,2,2,3,2,1,4,3.23,0,0,FALSE
Female,Loyal Customer,61,Personal Travel,Eco,304,2,2,5,3,1,3,4,5,5,5,5,4,1,3.46,0,0,FALSE
Male,Disloyal Customer,29,Business Travel,Eco,684,3,2,2,2,5,2,5,5,3,5,2,1,5,3.23,3,0,FALSE
Male,Loyal Customer,26,Business Travel,Business,882,3,3,3,3,3,3,3,3,1,2,4,1,3,2.69,6,5,FALSE
Female,Loyal Customer,48,Business Travel,Business,760,5,5,5,5,1,4,1,5,5,5,5,3,1,3.85,49,56,TRUE
Female,Loyal Customer,41,Business Travel,Business,3175,2,2,2,2,5,5,5,5,5,4,4,5,5,3.92,222,213,TRUE
Male,Loyal Customer,50,Business Travel,Business,3433,5,1,5,5,3,3,1,5,5,5,3,4,4,3.77,45,59,TRUE
Male,Disloyal Customer,34,Business Travel,Business,484,4,4,4,5,1,4,1,1,3,2,5,3,1,2.92,0,0,FALSE
Female,Loyal Customer,27,Business Travel,Business,651,1,1,1,1,4,4,4,4,5,2,5,5,4,3.15,7,1,TRUE
Male,Loyal Customer,9,Business Travel,Eco,1562,2,4,4,4,2,2,1,2,4,2,4,3,2,2.77,0,0,FALSE
Male,Disloyal Customer,50,Business Travel,Business,214,4,4,4,3,2,4,2,2,3,2,3,5,2,3.08,0,4,TRUE
Female,Loyal Customer,7,Personal Travel,Eco,738,3,5,3,1,5,3,5,5,4,3,4,4,5,3.85,0,0,FALSE
Male,Loyal Customer,42,Personal Travel,Eco,404,2,4,5,4,3,5,3,3,3,5,4,5,3,3.77,0,0,FALSE
Male,Loyal Customer,32,Business Travel,Business,2958,1,1,1,1,1,1,1,1,3,1,4,4,1,1.62,1,26,FALSE
Female,Loyal Customer,58,Personal Travel,Eco,546,3,1,3,3,3,2,3,4,4,3,4,2,4,3,0,0,FALSE
Female,Loyal Customer,33,Business Travel,Business,2445,5,5,5,5,5,3,1,3,3,4,3,5,3,3.85,1,2,TRUE
Female,Loyal Customer,32,Personal Travel,Eco,689,4,4,3,1,4,3,4,4,5,5,4,4,4,3.77,0,0,FALSE
Male,Loyal Customer,58,Business Travel,Eco,620,4,2,2,2,4,4,4,4,5,3,4,4,4,3.54,0,0,TRUE
Female,Disloyal Customer,26,Business Travel,Business,333,2,4,2,4,4,2,4,4,3,3,5,5,4,3.54,0,0,FALSE
Female,Disloyal Customer,39,Business Travel,Business,1506,3,2,2,3,3,2,1,3,3,3,5,4,3,2.85,0,2,FALSE
Female,Disloyal Customer,35,Business Travel,Eco,934,1,1,1,4,1,1,1,1,4,5,4,2,1,2.08,17,10,FALSE
Male,Loyal Customer,12,Personal Travel,Eco,2586,2,5,2,3,2,3,1,5,2,4,5,1,1,2.77,29,4,FALSE
Female,Loyal Customer,10,Personal Travel,Eco Plus,2446,4,4,4,2,2,4,2,2,4,3,4,3,2,3.08,0,23,FALSE
Male,Disloyal Customer,23,Business Travel,Eco,134,0,0,1,1,5,1,4,5,3,4,5,3,5,2.85,0,0,TRUE
Male,Loyal Customer,37,Personal Travel,Eco Plus,1744,3,2,3,4,1,3,1,1,3,4,3,1,1,2.31,12,6,FALSE
Male,Loyal Customer,46,Business Travel,Business,533,1,1,1,1,4,5,5,4,4,4,4,5,4,3.31,26,15,TRUE
Female,Loyal Customer,41,Business Travel,Business,3994,1,1,1,1,3,4,4,4,4,5,4,3,3,2.92,0,0,TRUE
Female,Loyal Customer,12,Personal Travel,Eco,1262,2,5,2,2,4,2,4,4,3,5,3,4,4,3.38,52,37,FALSE
Female,Loyal Customer,66,Personal Travel,Eco,737,4,5,4,3,2,2,3,3,3,4,4,3,1,3.15,29,22,TRUE
Female,Disloyal Customer,35,Business Travel,Eco,789,2,2,2,3,1,2,1,1,2,4,4,4,1,2.23,31,22,FALSE
Male,Loyal Customer,53,Business Travel,Business,2475,2,2,2,2,3,2,2,2,2,2,2,4,2,2.23,0,0,FALSE
Female,Loyal Customer,15,Personal Travel,Eco,762,1,4,1,3,5,1,5,5,1,4,3,4,5,3.23,1,0,FALSE
Male,Loyal Customer,46,Business Travel,Business,3612,3,4,2,2,4,2,3,3,3,3,3,1,4,2.85,0,26,FALSE
Female,Loyal Customer,38,Business Travel,Business,1452,2,2,2,2,3,4,5,5,5,5,5,4,3,3.62,41,40,TRUE
Female,Loyal Customer,59,Personal Travel,Business,1620,4,4,4,3,3,4,5,5,5,4,5,4,5,4.23,4,1,FALSE
Female,Loyal Customer,40,Personal Travel,Eco Plus,235,1,4,1,3,3,1,3,3,4,5,4,5,3,3.08,0,0,FALSE
Female,Loyal Customer,70,Personal Travel,Eco,1919,3,4,3,3,3,5,4,2,2,3,2,4,5,3.31,31,29,FALSE
Female,Loyal Customer,49,Business Travel,Business,3714,4,4,4,4,5,4,4,5,5,5,5,5,3,4.38,0,0,TRUE
Female,Loyal Customer,18,Personal Travel,Eco,481,1,5,1,5,4,1,4,4,3,1,2,2,4,2.85,0,0,FALSE
Female,Loyal Customer,8,Personal Travel,Eco,2442,1,5,1,2,1,3,3,4,4,5,4,3,3,3,75,62,FALSE
Female,Loyal Customer,39,Business Travel,Business,733,2,2,5,2,3,5,5,4,4,4,4,4,4,3.69,0,0,TRUE
Female,Disloyal Customer,26,Business Travel,Business,834,4,4,4,1,2,4,2,2,3,3,5,3,2,3,0,0,FALSE
Female,Disloyal Customer,25,Business Travel,Business,1325,3,0,3,3,5,3,5,5,5,2,4,3,5,3.54,0,0,FALSE
Female,Loyal Customer,44,Business Travel,Eco,446,2,1,1,1,1,4,1,2,2,2,2,4,3,2,43,23,TRUE
Male,Loyal Customer,41,Business Travel,Business,1699,2,2,2,2,2,4,4,4,4,4,4,3,4,3.15,8,20,TRUE
Male,Loyal Customer,76,Business Travel,Eco Plus,434,4,4,5,4,4,4,4,4,3,5,1,5,4,3.92,0,0,TRUE
Female,Loyal Customer,45,Personal Travel,Eco,302,1,5,1,4,4,4,5,3,3,1,3,3,3,3.08,0,0,FALSE
Male,Loyal Customer,57,Business Travel,Business,2529,5,5,5,5,3,4,4,5,5,5,5,3,5,4.54,0,0,TRUE
Female,Loyal Customer,57,Business Travel,Business,2554,4,4,4,4,5,5,4,4,4,4,4,3,5,4.15,0,0,TRUE
Male,Disloyal Customer,54,Business Travel,Business,134,3,3,3,3,4,3,4,4,5,4,5,3,4,3.69,0,0,FALSE
Male,Loyal Customer,63,Personal Travel,Eco Plus,643,4,5,4,3,5,4,5,5,3,5,5,3,5,4.31,0,0,TRUE
Female,Loyal Customer,40,Business Travel,Business,2586,2,2,2,2,4,4,4,3,5,5,4,4,4,3.46,313,320,TRUE
Female,Loyal Customer,53,Business Travel,Business,2342,4,1,4,4,3,5,4,4,4,4,4,5,3,3.77,0,0,TRUE
Male,Loyal Customer,33,Business Travel,Business,3791,2,2,2,2,5,5,5,5,4,1,4,2,5,3.38,0,0,TRUE
Female,Loyal Customer,29,Business Travel,Business,2133,4,4,1,4,4,4,4,4,4,4,4,3,4,3.69,0,0,TRUE
Male,Loyal Customer,39,Business Travel,Business,946,1,1,1,1,4,3,4,1,1,1,1,1,4,1.85,43,28,FALSE
Female,Loyal Customer,68,Business Travel,Eco Plus,786,1,2,2,2,2,3,4,1,1,1,1,4,1,1.92,11,0,FALSE
Female,Loyal Customer,56,Business Travel,Business,3666,2,2,2,2,5,5,4,4,4,4,4,4,5,3.62,44,64,TRUE
Female,Loyal Customer,27,Business Travel,Business,196,2,2,2,2,4,4,3,4,3,4,5,1,4,3.08,0,0,TRUE
Male,Loyal Customer,37,Business Travel,Eco,313,5,4,4,4,5,5,5,5,1,1,4,1,5,3.77,0,0,TRUE
Male,Loyal Customer,29,Business Travel,Business,481,1,1,3,1,5,5,5,5,5,2,4,5,5,3.62,0,0,TRUE
Male,Loyal Customer,60,Business Travel,Business,1826,2,2,2,2,3,5,5,4,4,5,4,3,3,3.38,32,25,TRUE
Male,Loyal Customer,9,Personal Travel,Eco,2182,3,2,3,3,4,3,4,4,4,5,3,4,4,3.54,27,18,FALSE
Female,Loyal Customer,34,Business Travel,Business,861,2,2,2,2,5,4,4,4,4,4,4,3,5,3.46,0,0,TRUE
Male,Disloyal Customer,22,Business Travel,Eco,642,0,0,0,1,4,0,4,4,3,1,3,5,4,2.23,0,0,TRUE
Female,Loyal Customer,56,Business Travel,Eco,671,4,4,4,4,4,3,2,4,4,4,4,3,4,3.69,0,7,FALSE
Male,Loyal Customer,32,Business Travel,Business,1325,5,5,5,5,5,5,5,5,3,4,5,4,5,4.69,0,0,TRUE
Male,Loyal Customer,44,Business Travel,Business,1389,2,2,2,2,3,5,5,5,5,5,5,3,5,3.77,0,0,TRUE
Male,Loyal Customer,20,Personal Travel,Eco,1546,1,5,1,1,3,1,3,3,3,4,5,4,3,2.85,0,0,FALSE
Male,Loyal Customer,39,Business Travel,Business,589,3,3,3,3,2,5,4,4,4,4,4,5,4,3.69,29,22,TRUE
Female,Loyal Customer,28,Business Travel,Eco,883,3,2,2,2,3,2,3,3,2,1,4,4,3,2.62,17,27,FALSE
Female,Disloyal Customer,37,Business Travel,Business,164,4,4,4,4,1,4,1,1,4,5,5,3,1,3.15,0,0,TRUE
Male,Loyal Customer,11,Personal Travel,Eco,628,3,5,3,3,2,3,2,2,3,5,5,3,2,3.15,0,0,FALSE
Male,Loyal Customer,18,Personal Travel,Business,420,2,3,2,3,3,2,3,3,3,3,3,2,3,2.69,9,7,FALSE
Male,Loyal Customer,62,Business Travel,Business,3137,3,3,3,3,3,3,3,3,3,3,3,4,3,3.08,4,0,FALSE
Male,Loyal Customer,57,Personal Travel,Eco,687,4,5,5,5,3,5,3,3,3,4,5,4,3,4,4,0,FALSE
Male,Loyal Customer,19,Business Travel,Eco Plus,936,4,4,4,4,4,4,4,4,5,3,5,1,4,3.85,0,1,TRUE
Male,Loyal Customer,22,Personal Travel,Eco,1660,2,4,2,1,2,2,2,2,4,5,3,4,2,2.69,0,0,FALSE
Male,Loyal Customer,33,Business Travel,Business,3964,3,3,3,3,2,2,2,2,4,2,5,5,2,2.92,0,0,TRUE
Female,Loyal Customer,55,Business Travel,Eco,84,4,4,4,4,2,4,2,4,4,4,4,3,1,3.38,0,0,TRUE
Female,Loyal Customer,41,Business Travel,Eco,241,2,4,5,4,3,2,3,3,4,5,1,2,3,3.15,0,3,FALSE
Female,Loyal Customer,52,Personal Travel,Eco,931,2,5,2,3,3,4,4,5,5,2,2,4,5,3.54,1,0,FALSE
Female,Loyal Customer,48,Business Travel,Business,3780,1,1,1,1,2,2,2,3,4,4,4,2,2,2.23,206,197,TRUE
Female,Loyal Customer,22,Business Travel,Business,3611,5,5,3,5,4,4,4,4,2,3,5,3,4,3.92,21,11,TRUE
Male,Loyal Customer,30,Business Travel,Business,2523,2,2,3,2,4,4,4,4,3,3,5,3,4,3.31,0,0,TRUE
Male,Loyal Customer,57,Business Travel,Business,2427,1,1,1,1,3,4,5,5,5,5,5,3,4,3.31,0,3,TRUE
Female,Loyal Customer,12,Personal Travel,Eco,647,2,1,2,3,5,2,5,5,4,1,3,1,5,3,0,0,FALSE
Male,Loyal Customer,33,Business Travel,Business,2133,5,5,5,5,5,5,5,5,5,5,4,3,5,4.77,113,106,TRUE
Female,Loyal Customer,47,Business Travel,Business,2165,1,1,1,1,2,5,4,5,5,5,5,4,3,3.23,0,0,TRUE
Female,Disloyal Customer,36,Business Travel,Eco Plus,419,2,3,3,4,1,3,1,1,1,4,4,4,1,2.46,12,14,FALSE
Male,Loyal Customer,41,Business Travel,Business,2342,5,5,3,5,2,5,5,5,5,5,5,3,4,4.38,6,0,TRUE
Female,Loyal Customer,38,Personal Travel,Eco Plus,628,3,5,3,3,1,3,5,1,5,2,4,3,1,3,2,0,FALSE
Female,Loyal Customer,55,Business Travel,Eco Plus,240,3,5,5,5,1,2,2,3,3,3,3,4,1,3.08,19,8,FALSE
Female,Loyal Customer,41,Business Travel,Eco,1598,2,1,1,1,2,2,2,2,2,4,1,4,2,2,5,0,FALSE
Male,Disloyal Customer,34,Business Travel,Business,280,3,3,3,3,2,3,2,2,5,3,5,5,2,3.15,4,5,FALSE
Male,Loyal Customer,48,Business Travel,Business,1460,3,3,3,3,2,4,5,5,5,5,5,5,5,4.08,0,3,TRUE
Male,Loyal Customer,22,Business Travel,Business,3411,5,5,3,5,5,5,5,5,3,3,4,5,5,4.46,0,9,TRUE
Female,Loyal Customer,41,Business Travel,Business,1598,1,1,1,1,4,3,5,5,5,5,5,5,4,3.46,0,0,TRUE
Male,Loyal Customer,30,Business Travel,Business,1096,1,1,1,1,4,4,4,4,3,5,4,3,4,3,0,0,TRUE
Male,Loyal Customer,7,Personal Travel,Eco,712,2,4,2,4,3,2,4,3,2,2,1,5,3,2.85,0,0,FALSE
Female,Loyal Customer,48,Business Travel,Business,2958,4,4,5,4,2,4,2,4,4,4,5,3,4,3.77,0,3,TRUE
Female,Loyal Customer,44,Business Travel,Business,1849,2,2,3,2,5,4,4,5,5,5,5,5,3,3.85,0,0,TRUE
Female,Loyal Customer,32,Personal Travel,Eco,731,3,4,3,2,5,3,5,5,4,4,4,4,5,3.92,3,0,FALSE
Male,Loyal Customer,26,Business Travel,Eco,109,1,2,3,2,1,1,3,1,3,5,3,2,1,2.15,0,0,FALSE
Male,Disloyal Customer,37,Business Travel,Business,231,4,4,4,3,5,4,5,5,3,2,1,5,5,3.85,0,0,TRUE
Male,Loyal Customer,56,Personal Travel,Eco,644,2,1,2,3,2,2,2,2,1,2,2,1,2,1.85,0,0,FALSE
Female,Loyal Customer,24,Personal Travel,Eco,95,4,5,4,4,2,4,2,2,5,4,5,4,2,3.62,0,0,FALSE
Male,Disloyal Customer,23,Business Travel,Eco,438,2,3,2,4,3,2,3,3,1,2,3,3,3,2.62,10,10,FALSE
Male,Loyal Customer,38,Business Travel,Business,2762,5,5,5,5,5,5,3,4,4,4,4,5,1,4.23,0,0,TRUE
Female,Loyal Customer,60,Business Travel,Business,1900,4,4,4,4,5,3,5,2,2,2,2,5,5,3.62,0,0,TRUE
Male,Loyal Customer,27,Business Travel,Business,2378,3,2,3,3,4,3,4,4,4,1,3,2,4,3.08,0,0,TRUE
Male,Loyal Customer,47,Business Travel,Eco,925,4,3,3,3,4,4,4,4,3,3,5,5,4,3.77,21,26,TRUE
Male,Loyal Customer,45,Business Travel,Business,651,3,3,3,3,2,4,4,4,4,4,4,3,4,3.46,32,16,TRUE
Female,Loyal Customer,41,Business Travel,Business,3880,4,4,4,4,2,5,5,5,5,5,5,5,4,4.38,0,0,TRUE
Female,Loyal Customer,36,Business Travel,Business,650,3,3,3,3,4,5,5,4,4,4,4,3,3,3.69,0,0,TRUE
Female,Loyal Customer,11,Business Travel,Business,2608,1,1,1,1,4,4,4,4,4,2,5,5,4,3.08,0,0,TRUE
Male,Disloyal Customer,20,Business Travel,Eco,1337,3,2,2,4,2,3,4,2,3,1,3,2,2,2.54,15,21,FALSE
Male,Loyal Customer,43,Business Travel,Business,1635,4,4,4,4,2,5,4,4,4,4,4,5,3,3.92,0,0,TRUE
Male,Loyal Customer,38,Personal Travel,Eco Plus,985,2,5,3,4,5,3,5,5,5,4,5,4,5,4.23,0,9,FALSE
Female,Loyal Customer,22,Personal Travel,Eco,1744,3,2,3,2,3,3,5,3,2,1,3,2,3,2.69,0,0,FALSE
Male,Loyal Customer,50,Business Travel,Business,2618,4,4,1,4,2,4,4,4,4,4,4,5,5,3.77,0,0,TRUE
Female,Loyal Customer,60,Personal Travel,Eco,1042,3,4,3,1,2,5,5,4,4,3,4,3,5,3.54,11,0,FALSE
Male,Disloyal Customer,27,Business Travel,Business,181,2,2,2,3,4,2,4,4,3,5,4,3,4,3.23,0,0,FALSE
Female,Loyal Customer,70,Personal Travel,Eco,281,3,3,3,1,2,3,2,2,2,3,2,4,3,2.54,75,86,FALSE
Male,Loyal Customer,31,Business Travel,Business,3949,2,2,4,2,5,5,4,5,2,2,3,3,5,3.38,0,0,TRUE
Male,Disloyal Customer,20,Business Travel,Business,373,0,4,0,4,4,0,3,4,5,3,4,3,4,2.92,0,0,TRUE
Female,Loyal Customer,22,Business Travel,Eco,334,2,5,5,5,2,2,1,2,4,4,2,1,2,2.85,21,21,FALSE
Male,Disloyal Customer,37,Business Travel,Business,247,4,4,4,5,2,4,2,2,3,5,5,4,2,3.54,0,0,TRUE
Female,Loyal Customer,49,Business Travel,Business,372,3,3,2,3,5,5,5,5,5,5,5,5,4,4.23,1,0,TRUE
Male,Loyal Customer,12,Business Travel,Business,594,1,4,4,4,1,1,1,1,4,3,2,4,1,2.38,0,0,FALSE
Female,Loyal Customer,47,Business Travel,Eco,421,3,2,2,2,3,3,3,3,3,3,3,1,1,2.46,0,5,FALSE
Male,Loyal Customer,53,Business Travel,Business,2349,2,2,2,2,3,5,5,4,4,4,4,4,3,3.38,0,0,TRUE
Male,Loyal Customer,42,Personal Travel,Eco,356,1,5,1,2,3,1,3,3,5,5,4,3,3,3,8,7,FALSE
Male,Loyal Customer,49,Personal Travel,Eco,1826,3,5,3,3,1,3,1,1,4,2,3,3,1,2.54,3,0,FALSE
Female,Loyal Customer,48,Business Travel,Business,2556,1,1,1,1,2,4,5,5,5,5,5,5,5,3.46,12,0,TRUE
Male,Loyal Customer,31,Personal Travel,Eco,273,3,2,3,4,3,3,5,3,3,2,3,4,3,3.15,0,0,FALSE
Male,Loyal Customer,65,Personal Travel,Eco,266,5,3,5,4,3,5,3,3,4,4,5,4,3,3.92,0,0,TRUE
Male,Loyal Customer,60,Business Travel,Business,302,1,1,1,1,2,5,4,5,5,5,5,4,5,3.38,36,27,TRUE
Male,Disloyal Customer,40,Business Travel,Business,861,5,5,5,5,5,5,5,5,3,2,4,4,5,4.46,7,3,TRUE
Female,Loyal Customer,48,Business Travel,Business,541,4,4,4,4,4,4,4,4,4,4,4,3,3,3.85,10,16,TRUE
Female,Loyal Customer,18,Personal Travel,Eco,2475,3,3,3,1,3,4,1,4,4,3,1,1,1,2.46,25,32,FALSE
Female,Disloyal Customer,39,Business Travel,Business,1139,4,4,4,5,2,4,3,2,3,4,5,5,2,3.62,0,11,TRUE
Female,Disloyal Customer,23,Business Travel,Eco,758,5,4,4,2,2,4,2,2,2,1,1,4,2,2.69,0,0,TRUE
Female,Loyal Customer,59,Business Travel,Business,409,5,5,5,5,4,5,5,4,4,4,4,3,5,4.46,0,0,TRUE
Female,Loyal Customer,10,Personal Travel,Eco,1927,1,5,1,2,1,1,1,1,3,2,4,5,1,2.15,0,12,FALSE
Male,Loyal Customer,58,Personal Travel,Business,226,1,5,1,4,5,5,5,3,3,1,3,4,3,3.31,17,15,FALSE
Female,Loyal Customer,49,Business Travel,Business,391,1,4,4,4,3,4,4,1,1,2,1,1,1,2.38,0,0,FALSE
Male,Loyal Customer,24,Business Travel,Business,3220,3,3,4,3,4,4,4,4,4,4,4,4,4,3.77,0,15,TRUE
Female,Loyal Customer,27,Business Travel,Business,2295,1,1,2,1,4,4,4,4,5,2,5,4,4,3.15,18,15,TRUE
Female,Loyal Customer,28,Business Travel,Business,946,2,5,5,5,2,2,2,2,3,3,4,3,2,3.08,0,0,FALSE
Female,Loyal Customer,46,Business Travel,Business,930,3,3,3,3,3,4,2,3,3,4,3,1,3,2.92,0,13,TRUE
Male,Loyal Customer,47,Business Travel,Business,2098,4,4,4,4,5,5,4,5,5,5,5,3,3,4.31,0,0,TRUE
Male,Loyal Customer,77,Business Travel,Business,2659,5,5,5,5,4,5,4,3,3,3,3,3,4,4,18,9,TRUE
Female,Loyal Customer,51,Personal Travel,Eco,280,3,4,3,3,3,4,4,3,3,3,3,4,5,3.46,52,53,FALSE
Male,Loyal Customer,70,Personal Travel,Eco,1660,2,5,2,5,2,2,2,2,5,2,5,3,2,3,5,0,FALSE
Male,Loyal Customer,10,Personal Travel,Eco,1020,1,4,1,2,3,1,3,3,1,2,5,4,3,2.54,57,58,FALSE
Male,Loyal Customer,46,Business Travel,Business,2787,5,5,5,5,2,4,5,4,4,4,4,4,5,4.31,0,0,TRUE
Male,Loyal Customer,26,Business Travel,Business,2991,0,0,0,1,5,5,5,5,5,3,5,5,5,3.38,0,0,TRUE
Male,Disloyal Customer,20,Business Travel,Eco Plus,721,2,4,2,1,4,2,4,4,5,2,2,5,4,3.15,0,12,FALSE
Female,Loyal Customer,47,Business Travel,Eco,1728,2,1,4,1,1,2,2,1,1,2,1,2,2,1.69,0,13,FALSE
Male,Loyal Customer,57,Business Travel,Business,1578,5,5,5,5,2,5,1,4,4,4,4,3,5,4,0,5,TRUE
Male,Loyal Customer,53,Business Travel,Business,3352,3,3,2,3,3,5,4,4,4,4,4,3,4,3.54,6,13,TRUE
Female,Disloyal Customer,48,Business Travel,Business,223,4,4,4,4,3,4,3,3,5,3,4,5,3,3.77,0,0,FALSE
Male,Disloyal Customer,22,Business Travel,Business,874,4,5,4,1,5,4,5,5,3,2,5,3,5,3.92,0,0,TRUE
Female,Loyal Customer,44,Business Travel,Eco,1134,5,4,4,4,5,4,2,5,5,5,5,2,3,4.08,75,64,TRUE
Male,Disloyal Customer,21,Business Travel,Eco,1385,4,3,3,4,2,4,2,2,4,5,3,3,2,3.15,2,0,TRUE
Male,Loyal Customer,31,Business Travel,Business,2447,1,1,1,1,4,4,4,4,4,3,5,3,4,3,13,0,TRUE
Female,Loyal Customer,35,Business Travel,Eco,978,4,1,1,1,4,4,4,4,4,1,4,2,4,2.92,0,1,TRUE
Female,Loyal Customer,55,Personal Travel,Eco,284,2,2,2,4,1,4,3,4,4,2,4,2,1,2.69,0,0,FALSE
Male,Loyal Customer,66,Business Travel,Eco,362,4,3,3,3,4,4,4,4,2,2,4,3,4,3.38,0,0,FALSE
Female,Loyal Customer,33,Business Travel,Eco Plus,331,4,1,1,1,4,4,4,4,1,4,1,5,4,2.92,0,0,TRUE
Male,Loyal Customer,49,Business Travel,Business,3259,4,4,4,4,5,4,4,5,5,5,5,5,3,4.38,0,0,TRUE
Female,Loyal Customer,53,Business Travel,Business,2075,2,2,2,2,4,3,5,4,4,4,4,5,4,3.46,1,0,TRUE
Male,Disloyal Customer,21,Business Travel,Eco,391,3,2,3,3,4,3,4,4,1,4,3,3,4,3.15,24,28,FALSE
Male,Loyal Customer,51,Business Travel,Eco,417,4,1,1,1,4,4,4,4,1,1,3,3,4,2.69,28,20,FALSE
Male,Disloyal Customer,26,Business Travel,Eco,533,2,3,2,4,2,2,2,2,4,1,2,3,2,2.38,0,0,FALSE
Female,Loyal Customer,12,Personal Travel,Eco,696,3,5,3,3,2,3,3,2,5,3,5,5,2,3.38,0,0,FALSE
Female,Loyal Customer,19,Personal Travel,Eco,2586,2,5,2,2,4,2,4,4,4,5,4,3,4,3.46,0,0,FALSE
Female,Loyal Customer,18,Personal Travel,Eco Plus,190,1,2,1,3,2,1,2,2,1,2,3,3,2,1.92,1,0,FALSE
Female,Loyal Customer,45,Business Travel,Eco,1990,3,1,1,1,2,2,3,3,3,3,3,1,2,2.15,5,0,FALSE
Male,Loyal Customer,52,Personal Travel,Eco,788,3,3,3,3,4,3,4,4,2,3,4,3,4,3.31,24,20,FALSE
Female,Loyal Customer,29,Personal Travel,Business,1744,3,3,3,3,2,3,5,2,4,4,2,4,2,3.08,1,3,FALSE
Male,Disloyal Customer,28,Business Travel,Eco,733,4,4,4,4,1,4,1,1,3,2,3,2,1,2.62,4,0,FALSE
Male,Loyal Customer,54,Business Travel,Eco,134,5,3,3,3,5,5,5,5,5,1,3,1,5,3.77,0,0,TRUE
Male,Loyal Customer,18,Personal Travel,Business,643,2,4,2,1,3,2,3,3,4,3,5,5,3,3.08,73,71,FALSE
Male,Loyal Customer,61,Personal Travel,Eco,329,2,4,2,3,2,2,3,2,2,4,3,5,2,2.77,0,0,FALSE
Female,Loyal Customer,52,Personal Travel,Eco,782,2,4,2,3,2,5,4,5,5,2,5,5,5,3.77,0,0,FALSE
Male,Loyal Customer,60,Business Travel,Business,1947,3,3,3,3,2,4,4,2,2,2,2,5,4,3,8,1,TRUE
Male,Loyal Customer,38,Business Travel,Business,1671,5,5,5,5,4,5,4,5,5,5,5,4,3,4.62,0,0,TRUE
Male,Loyal Customer,42,Business Travel,Business,2539,2,3,3,3,1,3,3,2,2,2,2,4,4,2.62,0,0,FALSE
Female,Loyal Customer,42,Business Travel,Business,669,2,2,2,2,5,4,5,5,5,5,5,3,4,3.77,21,13,TRUE
Female,Loyal Customer,60,Business Travel,Business,460,4,4,4,4,1,3,4,5,5,5,5,2,3,3.77,46,70,TRUE
Female,Disloyal Customer,38,Business Travel,Business,248,2,2,2,3,4,2,4,4,3,4,4,3,4,3.15,3,0,FALSE
Male,Loyal Customer,32,Business Travel,Business,1512,3,4,4,4,3,3,3,3,1,4,3,1,3,3,56,70,FALSE
Male,Loyal Customer,16,Business Travel,Eco,1476,5,3,3,3,5,5,3,5,2,1,4,2,5,3.54,91,74,TRUE
Male,Loyal Customer,18,Personal Travel,Eco,2640,3,4,3,4,3,3,3,3,3,4,4,4,3,3.38,0,0,FALSE
Male,Loyal Customer,43,Personal Travel,Eco Plus,2036,3,5,2,1,4,2,4,4,3,2,3,4,4,3.15,1,0,FALSE
Female,Disloyal Customer,35,Business Travel,Eco,1084,4,4,4,3,4,4,4,4,3,4,4,3,4,3.77,0,0,FALSE
Male,Disloyal Customer,42,Business Travel,Eco,899,2,2,2,4,4,2,4,4,2,4,4,3,4,3.15,0,0,FALSE
Female,Loyal Customer,20,Personal Travel,Eco,247,2,4,2,5,4,2,4,4,5,3,5,4,4,3.69,0,37,FALSE
Female,Loyal Customer,46,Business Travel,Business,3113,4,4,4,4,2,5,4,4,4,4,4,3,4,3.85,0,14,TRUE
Female,Loyal Customer,26,Business Travel,Eco,372,2,3,3,3,2,2,2,2,1,2,3,1,2,2.15,15,13,FALSE
Female,Loyal Customer,45,Business Travel,Business,2113,2,2,2,2,4,5,4,3,3,4,3,5,3,3.23,0,0,TRUE
Female,Loyal Customer,33,Business Travel,Business,1888,2,2,2,2,2,3,4,5,5,5,4,5,3,3.38,0,7,TRUE
Female,Disloyal Customer,16,Business Travel,Eco,406,1,2,1,4,4,1,4,4,4,5,3,3,4,3.08,14,24,FALSE
Male,Loyal Customer,54,Business Travel,Eco,250,5,1,1,1,5,5,5,5,4,4,1,4,5,3.54,1,0,TRUE
Female,Loyal Customer,52,Personal Travel,Business,347,2,4,2,3,2,4,5,2,2,2,4,4,5,3.15,2,21,FALSE
Male,Loyal Customer,32,Personal Travel,Eco,351,2,4,2,1,3,2,3,3,3,3,4,3,3,2.77,0,0,FALSE
Male,Loyal Customer,62,Business Travel,Business,216,1,1,1,1,2,1,3,5,5,5,3,5,5,2.92,3,2,TRUE
Male,Loyal Customer,25,Business Travel,Business,781,4,1,4,4,4,4,4,4,3,2,3,1,4,3.23,6,9,FALSE
Female,Loyal Customer,50,Personal Travel,Eco,957,1,4,0,2,3,4,4,5,5,0,1,4,3,2.77,0,0,FALSE
Male,Disloyal Customer,24,Business Travel,Eco,678,4,4,4,1,2,4,2,2,5,1,4,1,2,2.77,0,0,FALSE
Male,Loyal Customer,60,Business Travel,Business,3774,5,5,5,5,4,4,4,5,5,5,5,5,3,4.62,41,42,TRUE
Male,Disloyal Customer,37,Business Travel,Eco,562,1,4,1,1,1,1,1,1,3,4,1,5,1,1.92,0,0,FALSE
Male,Disloyal Customer,25,Business Travel,Business,361,5,0,4,5,1,4,1,1,4,5,4,3,1,2.92,7,8,TRUE
Male,Loyal Customer,46,Business Travel,Eco,965,4,4,3,4,4,4,4,4,3,4,5,3,4,3.85,6,0,TRUE
Male,Disloyal Customer,16,Business Travel,Eco,307,4,3,4,3,2,4,4,2,1,4,4,4,2,3.15,0,0,FALSE
Male,Loyal Customer,41,Business Travel,Business,2225,4,4,4,4,2,2,1,4,4,4,4,5,5,3.62,0,0,TRUE
Female,Disloyal Customer,28,Business Travel,Eco,627,2,4,1,3,4,1,3,4,3,3,2,5,4,3,0,0,FALSE
Female,Disloyal Customer,21,Business Travel,Business,432,4,2,4,3,5,4,5,5,4,3,3,3,5,3.85,0,0,FALSE
Female,Loyal Customer,59,Business Travel,Business,3888,1,1,5,1,2,5,5,4,4,4,4,4,5,3.46,0,0,TRUE
Female,Disloyal Customer,35,Business Travel,Eco,1075,2,2,2,3,4,2,4,4,1,4,4,3,4,3,0,1,FALSE
Male,Loyal Customer,49,Business Travel,Business,3899,2,5,3,5,4,4,3,2,2,2,2,2,3,3,43,29,FALSE
Male,Loyal Customer,29,Personal Travel,Business,224,2,4,2,3,3,2,3,3,4,4,5,5,3,3.31,3,0,FALSE
Female,Loyal Customer,43,Personal Travel,Eco Plus,1197,2,5,2,3,3,3,4,3,3,2,3,5,3,3.15,0,0,FALSE
Male,Loyal Customer,56,Business Travel,Business,3803,1,4,4,4,5,3,2,1,1,1,1,1,2,2.31,3,0,FALSE
Male,Loyal Customer,46,Personal Travel,Eco,519,3,4,3,1,3,3,3,3,4,4,5,5,3,3.38,0,0,FALSE
Female,Loyal Customer,66,Personal Travel,Eco,692,1,5,1,2,4,4,5,1,1,1,1,4,4,2.62,30,27,FALSE
Male,Loyal Customer,44,Business Travel,Business,964,2,3,3,3,5,3,4,2,2,2,2,1,3,2.69,0,0,FALSE
Female,Loyal Customer,51,Business Travel,Business,2522,4,5,5,5,1,3,4,4,4,4,4,1,4,3.69,15,7,FALSE
Male,Loyal Customer,40,Business Travel,Business,1803,4,4,4,4,2,5,4,4,4,5,4,4,4,4,0,0,TRUE
Male,Loyal Customer,63,Business Travel,Eco,2565,2,3,3,3,2,2,2,2,4,2,3,1,2,2.38,0,0,FALSE
Male,Loyal Customer,42,Business Travel,Business,3044,3,3,3,3,2,5,4,4,4,5,4,4,3,3.62,0,0,TRUE
Male,Loyal Customer,53,Business Travel,Business,2454,4,4,4,4,4,4,4,4,3,3,4,4,4,3.85,8,5,TRUE
Male,Loyal Customer,51,Business Travel,Business,2642,2,2,2,2,3,4,3,2,2,2,2,2,1,2.23,26,28,FALSE
Male,Loyal Customer,44,Business Travel,Business,2050,3,3,3,3,3,5,4,5,5,5,5,3,3,3.85,0,1,TRUE
Female,Loyal Customer,42,Business Travel,Eco,689,4,4,4,4,2,4,4,4,4,4,4,2,3,3.62,83,73,FALSE
Male,Loyal Customer,28,Business Travel,Business,1706,3,3,3,3,4,4,4,4,3,5,5,5,4,3.85,0,2,TRUE
Female,Loyal Customer,23,Business Travel,Business,359,2,2,2,2,5,5,5,5,3,2,1,5,5,3.38,0,0,TRUE
Male,Loyal Customer,31,Personal Travel,Eco,399,3,5,3,3,3,3,3,3,3,2,4,3,3,3.15,0,0,FALSE
Male,Disloyal Customer,23,Business Travel,Business,602,4,3,4,1,5,4,5,5,3,5,4,3,5,3.92,3,0,TRUE
Male,Loyal Customer,46,Personal Travel,Eco,370,2,4,2,4,2,2,2,2,4,2,3,4,2,2.69,4,32,FALSE
Male,Disloyal Customer,39,Business Travel,Eco,672,1,1,1,3,3,1,1,3,4,5,3,1,3,2.31,84,55,FALSE
Female,Loyal Customer,52,Personal Travel,Eco,196,1,4,1,4,3,4,4,2,2,1,2,3,3,2.62,0,0,FALSE
Female,Loyal Customer,45,Business Travel,Business,1620,4,4,4,4,2,5,5,4,4,4,4,5,5,4.15,0,20,TRUE
Male,Loyal Customer,55,Personal Travel,Eco,377,2,4,2,3,2,2,2,2,3,3,4,4,2,2.69,20,18,FALSE
Female,Disloyal Customer,35,Business Travel,Business,1407,3,3,3,1,3,3,3,3,3,3,4,3,3,2.92,22,0,FALSE
Male,Loyal Customer,8,Personal Travel,Eco,846,4,2,4,4,4,4,2,4,2,1,4,3,4,3.23,77,62,FALSE
Female,Disloyal Customer,37,Business Travel,Eco,689,3,3,3,2,3,3,3,3,3,5,1,3,3,2.92,0,0,FALSE
Male,Loyal Customer,9,Personal Travel,Eco,569,3,4,3,5,3,3,3,3,5,5,4,3,3,3.62,3,0,FALSE
Female,Loyal Customer,50,Business Travel,Business,509,2,2,2,2,5,4,4,2,2,2,2,4,1,2.62,0,0,FALSE
Female,Loyal Customer,39,Business Travel,Eco Plus,1016,5,3,3,3,5,5,5,5,2,1,5,5,5,4,0,0,TRUE
Male,Loyal Customer,30,Personal Travel,Eco,405,2,1,0,4,4,0,3,4,3,4,3,2,4,2.62,3,0,FALSE
Female,Disloyal Customer,27,Business Travel,Business,326,1,1,1,4,3,1,3,3,4,3,4,5,3,2.77,0,4,FALSE
Female,Loyal Customer,33,Personal Travel,Business,1744,2,5,2,3,2,3,4,4,4,2,3,3,4,3.15,0,0,FALSE
Female,Loyal Customer,15,Personal Travel,Business,794,3,3,3,3,5,3,5,5,1,4,4,3,5,3.62,40,68,FALSE
Female,Loyal Customer,51,Business Travel,Business,2598,4,3,3,3,1,4,4,4,4,4,4,3,2,3.31,1,0,FALSE
Female,Disloyal Customer,50,Business Travel,Business,446,4,4,4,2,3,4,3,3,3,4,5,5,3,3.62,0,0,FALSE
Female,Disloyal Customer,28,Business Travel,Business,868,3,3,3,3,5,3,5,5,5,3,4,5,5,4,1,0,FALSE
Female,Disloyal Customer,32,Business Travel,Business,341,3,4,4,1,5,4,5,5,4,3,4,4,5,3.92,0,0,FALSE
Female,Loyal Customer,47,Business Travel,Eco,669,4,3,3,3,4,4,4,2,5,4,3,4,4,3.62,143,138,FALSE
Female,Loyal Customer,41,Business Travel,Business,1400,2,2,2,2,3,5,4,4,4,4,4,3,3,3.23,0,0,TRUE
Female,Loyal Customer,61,Personal Travel,Business,731,2,3,2,2,3,2,2,3,3,2,4,2,4,2.62,4,4,FALSE
Female,Loyal Customer,40,Business Travel,Business,1876,2,2,2,2,4,4,4,4,4,4,4,4,3,3.31,0,0,TRUE
Female,Disloyal Customer,35,Business Travel,Eco,871,3,3,3,1,4,3,1,4,2,2,5,1,4,2.77,14,11,FALSE
Female,Loyal Customer,35,Personal Travel,Eco,604,2,5,2,5,3,2,3,3,3,5,4,5,3,3.46,22,36,FALSE
Male,Disloyal Customer,23,Business Travel,Eco,978,4,4,4,1,1,4,1,1,2,1,2,4,1,2.31,0,0,TRUE
Female,Loyal Customer,65,Personal Travel,Eco Plus,2486,1,3,1,3,1,1,1,1,1,4,4,1,1,1.77,2,37,FALSE
Male,Loyal Customer,41,Business Travel,Eco Plus,1416,5,5,2,5,5,5,5,5,5,1,4,2,5,4.15,52,16,TRUE
Female,Loyal Customer,38,Business Travel,Business,2248,5,5,5,5,2,3,1,4,4,4,4,2,4,3.69,0,0,TRUE
Male,Loyal Customer,9,Personal Travel,Eco Plus,925,2,4,2,2,4,2,4,4,5,4,5,4,4,3.54,78,72,FALSE
Male,Loyal Customer,43,Business Travel,Business,2702,0,0,0,3,5,4,5,4,4,4,4,4,5,3.23,0,0,TRUE
Male,Loyal Customer,10,Personal Travel,Eco,1448,4,2,4,4,2,4,2,2,3,3,2,4,2,2.92,4,0,FALSE
Male,Disloyal Customer,22,Business Travel,Eco,641,3,1,2,3,2,2,3,2,4,1,3,4,2,2.46,5,0,FALSE
Female,Loyal Customer,58,Business Travel,Eco,956,3,5,5,5,2,4,4,4,4,3,4,4,4,3.92,0,0,FALSE
Female,Loyal Customer,39,Business Travel,Eco,1709,4,4,4,4,4,4,4,4,1,2,4,1,4,3.38,0,0,FALSE
Female,Loyal Customer,32,Personal Travel,Eco,727,4,2,3,3,4,3,1,4,2,1,3,4,4,2.92,0,0,FALSE
Male,Loyal Customer,41,Business Travel,Business,3875,5,5,5,5,3,5,4,5,5,4,5,3,5,4.54,0,0,TRUE
Male,Loyal Customer,67,Personal Travel,Eco,574,2,5,2,3,4,2,4,4,3,4,5,4,4,3.54,0,0,FALSE
Female,Loyal Customer,25,Personal Travel,Business,1014,2,3,2,3,4,2,4,4,1,3,4,4,4,3.08,16,10,FALSE
Female,Loyal Customer,26,Business Travel,Business,1558,1,1,5,1,1,1,1,1,3,4,3,1,1,1.85,0,3,FALSE
Male,Loyal Customer,47,Business Travel,Business,2459,3,3,3,3,2,4,5,5,5,5,5,4,4,3.92,0,0,TRUE
Male,Loyal Customer,29,Business Travel,Business,501,3,3,3,3,5,5,5,5,3,5,5,5,5,4.23,0,5,TRUE
Male,Loyal Customer,29,Business Travel,Business,399,5,5,5,5,4,4,4,4,5,2,4,5,4,4.31,0,0,TRUE
Female,Loyal Customer,24,Business Travel,Business,192,2,5,5,5,1,1,2,1,1,5,4,4,1,2.85,22,29,FALSE
Female,Loyal Customer,51,Business Travel,Business,591,3,3,3,3,5,5,5,3,3,3,3,4,3,3.54,110,121,TRUE
Male,Loyal Customer,33,Business Travel,Business,419,1,1,5,1,4,4,4,4,1,5,3,4,4,3.15,89,83,TRUE
Female,Loyal Customer,45,Personal Travel,Eco,1725,4,5,4,1,3,4,4,2,2,4,2,4,3,3.23,19,0,FALSE
Female,Loyal Customer,42,Business Travel,Business,1865,3,3,3,3,4,3,4,4,4,5,4,5,5,3.85,7,0,TRUE
Male,Loyal Customer,66,Business Travel,Eco,1192,1,3,3,3,1,1,1,1,3,2,4,2,1,2,0,0,FALSE
Male,Loyal Customer,49,Business Travel,Business,319,0,0,0,4,4,4,4,4,4,4,4,3,3,2.92,0,0,TRUE
Male,Loyal Customer,56,Business Travel,Eco,425,4,1,1,1,4,4,4,4,3,3,4,2,4,3,0,0,TRUE
Female,Loyal Customer,42,Business Travel,Business,3694,2,2,5,2,2,4,4,4,4,4,4,3,4,3.38,0,0,TRUE
Female,Disloyal Customer,21,Business Travel,Eco,2588,2,2,2,3,2,2,5,2,2,5,4,1,2,2.62,0,0,FALSE
Male,Loyal Customer,40,Business Travel,Business,503,2,2,2,2,2,4,5,5,5,5,5,3,4,3.54,0,0,TRUE
Male,Loyal Customer,27,Personal Travel,Eco,1090,2,4,2,1,5,2,5,5,1,2,5,4,5,3.31,0,0,FALSE
Female,Disloyal Customer,45,Business Travel,Eco,546,1,3,1,4,1,1,2,1,3,3,4,2,1,2.08,0,7,FALSE
Male,Loyal Customer,17,Personal Travel,Eco,1546,1,4,1,5,4,1,5,4,5,5,4,3,4,3.54,0,0,FALSE
Male,Loyal Customer,58,Business Travel,Business,772,2,2,2,2,1,4,5,5,5,4,5,5,1,3.31,0,2,TRUE
Female,Loyal Customer,42,Business Travel,Business,3685,1,1,1,1,1,2,2,4,4,4,4,1,5,2.38,0,0,TRUE
Female,Loyal Customer,44,Personal Travel,Eco,846,4,5,4,2,4,4,5,1,1,4,1,3,5,3.31,0,0,TRUE
Female,Loyal Customer,38,Personal Travel,Eco,930,2,5,2,5,1,2,1,1,4,4,4,4,1,2.77,1,15,FALSE
Female,Disloyal Customer,19,Business Travel,Business,1605,4,4,4,5,1,4,1,1,5,5,5,3,1,3.31,5,0,TRUE
Female,Loyal Customer,47,Business Travel,Business,3770,2,2,2,2,3,4,4,5,5,5,5,5,4,3.69,22,10,TRUE
Male,Loyal Customer,45,Business Travel,Eco,1598,2,5,4,4,1,2,1,1,4,4,5,3,1,2.85,0,0,TRUE
Male,Loyal Customer,22,Business Travel,Business,2928,2,4,2,2,4,4,4,4,4,4,1,4,4,3.31,133,133,TRUE
Female,Loyal Customer,39,Business Travel,Business,163,1,1,1,1,1,3,4,1,1,1,1,3,3,1.69,0,0,FALSE
Male,Loyal Customer,33,Business Travel,Business,1747,2,2,2,2,4,4,4,4,3,3,4,3,4,3.15,17,0,TRUE
Female,Disloyal Customer,27,Business Travel,Eco,200,3,1,3,3,2,3,2,2,4,5,3,2,2,2.69,0,0,FALSE
Male,Disloyal Customer,25,Business Travel,Eco,134,3,3,3,4,5,3,2,5,3,2,4,1,5,3.31,0,0,FALSE
Female,Loyal Customer,59,Business Travel,Business,2241,3,3,3,3,5,3,4,3,3,3,3,2,2,3.08,0,0,FALSE
Male,Loyal Customer,39,Business Travel,Business,526,5,5,5,5,2,5,5,5,5,5,5,5,3,4.62,0,0,TRUE
Male,Loyal Customer,36,Business Travel,Business,509,5,5,5,5,3,5,4,5,5,5,5,2,4,4.46,14,5,TRUE
Female,Disloyal Customer,25,Business Travel,Business,1011,2,0,2,4,1,2,1,1,5,5,4,5,1,2.54,34,25,FALSE
Male,Loyal Customer,14,Personal Travel,Eco,859,2,4,2,3,5,2,3,5,5,2,5,5,5,3.69,0,0,FALSE
Female,Loyal Customer,54,Business Travel,Business,2741,1,1,1,1,3,5,4,5,5,5,5,5,4,3.46,0,0,TRUE
Female,Loyal Customer,43,Business Travel,Business,806,5,5,5,5,5,5,4,5,5,5,5,3,5,4.77,123,115,TRUE
Male,Disloyal Customer,14,Business Travel,Eco,926,3,4,4,3,2,4,1,2,2,4,4,1,2,2.77,2,0,FALSE
Male,Disloyal Customer,40,Business Travel,Business,282,4,4,4,1,3,4,5,3,4,3,5,5,3,3.69,0,0,TRUE
Female,Loyal Customer,61,Business Travel,Business,3254,1,4,4,4,3,4,4,1,1,1,1,3,4,2.69,0,0,FALSE
Female,Loyal Customer,43,Business Travel,Business,2089,5,5,2,5,2,3,1,4,4,4,4,2,3,3.38,0,0,TRUE
Female,Loyal Customer,23,Business Travel,Business,3231,2,5,5,5,2,2,2,2,1,5,3,3,2,3,119,107,FALSE
Male,Loyal Customer,20,Personal Travel,Eco,1491,1,1,1,2,1,1,1,1,2,5,3,1,1,1.62,1,0,FALSE
Male,Loyal Customer,34,Business Travel,Business,2136,4,4,5,4,1,4,4,4,4,4,4,4,3,3.77,5,0,FALSE
Female,Loyal Customer,40,Business Travel,Business,250,3,3,3,3,3,4,5,5,5,5,5,5,3,4,0,0,TRUE
Male,Disloyal Customer,39,Business Travel,Business,337,3,3,3,2,3,3,3,3,5,4,5,3,3,3.31,0,0,FALSE
Female,Loyal Customer,49,Business Travel,Business,3825,4,4,4,4,5,4,4,5,5,5,5,5,3,4.38,0,3,TRUE
Female,Loyal Customer,17,Personal Travel,Eco,453,1,4,1,3,3,1,5,3,4,3,3,4,3,2.92,0,0,FALSE
Female,Loyal Customer,26,Personal Travel,Eco,1107,2,3,2,3,2,2,2,2,3,4,3,4,2,2.62,0,0,FALSE
Male,Loyal Customer,41,Business Travel,Business,3240,1,1,4,1,3,5,5,4,4,4,4,4,3,3.31,0,0,TRUE
Male,Loyal Customer,13,Personal Travel,Eco,853,2,5,2,4,5,2,4,5,4,2,5,4,5,3.77,19,7,FALSE
Female,Disloyal Customer,26,Business Travel,Business,1188,2,2,2,3,3,2,3,3,4,5,5,5,3,3.23,0,0,FALSE
Male,Disloyal Customer,23,Business Travel,Eco,1211,3,3,3,1,2,3,2,2,4,3,4,1,2,2.54,0,0,FALSE
Male,Loyal Customer,47,Business Travel,Business,1440,5,5,5,5,3,4,4,3,3,3,3,3,5,3.92,0,2,TRUE
Male,Loyal Customer,22,Personal Travel,Eco,888,2,5,2,5,3,2,1,3,5,3,2,3,3,3,44,41,FALSE
Female,Disloyal Customer,50,Business Travel,Business,1576,3,3,3,2,1,3,1,1,5,2,5,5,1,2.69,49,43,FALSE
Male,Loyal Customer,13,Personal Travel,Eco Plus,458,3,4,3,3,5,3,5,5,4,4,4,3,5,3.92,12,3,FALSE
Female,Loyal Customer,57,Business Travel,Business,2093,4,4,4,4,3,5,4,4,4,4,4,3,3,3.85,0,0,TRUE
Female,Loyal Customer,66,Personal Travel,Eco,239,3,4,3,2,5,4,4,5,5,3,1,4,3,3.54,0,0,FALSE
Male,Disloyal Customer,23,Business Travel,Business,1444,5,0,5,1,4,0,4,4,3,3,5,4,4,3.23,13,0,TRUE
Female,Loyal Customer,42,Business Travel,Business,1535,3,3,3,3,4,5,5,4,4,4,4,4,4,3.85,6,0,TRUE
Female,Loyal Customer,46,Personal Travel,Eco,721,2,5,2,2,2,4,4,4,4,2,4,4,3,3.23,0,7,FALSE
Male,Loyal Customer,47,Business Travel,Business,2288,3,3,4,3,4,4,1,4,4,4,4,5,4,3.62,46,34,TRUE
Male,Loyal Customer,50,Business Travel,Eco Plus,2607,5,1,1,1,5,5,5,5,4,3,4,1,5,3.46,11,0,TRUE
Male,Loyal Customer,24,Business Travel,Business,3497,1,1,3,1,4,4,4,4,4,5,4,3,4,3.23,1,0,TRUE
Female,Loyal Customer,54,Business Travel,Business,3718,3,5,5,5,5,3,3,3,3,3,3,4,3,3.69,78,80,FALSE
Female,Loyal Customer,56,Business Travel,Eco Plus,628,5,3,3,3,3,3,2,5,5,5,5,2,2,3.54,0,0,TRUE
Male,Loyal Customer,53,Personal Travel,Eco,86,4,2,4,4,3,4,1,3,1,5,3,4,3,3.15,0,0,FALSE
Male,Loyal Customer,24,Personal Travel,Eco,2370,5,4,5,4,3,5,3,3,2,2,4,1,3,3.38,12,0,TRUE
Female,Disloyal Customer,27,Business Travel,Business,280,0,0,0,3,3,0,3,3,3,2,4,4,3,2.15,0,0,TRUE
Female,Loyal Customer,44,Business Travel,Business,2116,3,3,3,3,4,5,4,5,5,5,5,3,4,4,0,0,TRUE
Male,Loyal Customer,48,Personal Travel,Eco,1499,3,2,4,4,3,4,3,3,1,1,4,2,3,2.85,0,6,FALSE
Male,Loyal Customer,47,Business Travel,Business,1372,5,5,2,5,3,5,5,4,4,4,4,3,3,4,25,47,TRUE
Female,Loyal Customer,19,Personal Travel,Eco,1075,3,5,2,3,2,4,4,5,2,4,5,4,4,3.62,157,139,FALSE
Male,Loyal Customer,39,Business Travel,Business,1905,0,0,0,3,2,2,2,5,5,5,4,2,2,2.46,202,186,TRUE
Female,Loyal Customer,59,Business Travel,Business,1488,2,3,3,3,1,4,3,2,2,2,2,1,4,2.46,5,40,FALSE
Female,Loyal Customer,59,Business Travel,Business,3130,1,1,1,1,5,5,5,5,5,4,5,4,4,3.54,0,0,TRUE
Male,Loyal Customer,48,Business Travel,Business,3380,1,1,1,1,3,4,5,5,5,5,5,4,5,3.46,51,50,TRUE
Female,Loyal Customer,61,Personal Travel,Eco,1892,4,3,5,4,1,3,3,3,3,5,3,2,2,3.15,46,32,FALSE
Female,Loyal Customer,57,Business Travel,Business,290,4,5,4,4,2,5,5,5,5,5,5,5,5,4.54,15,21,TRUE
Female,Loyal Customer,44,Business Travel,Business,867,2,2,2,2,5,4,4,2,2,2,2,4,4,2.85,0,0,TRUE
Female,Disloyal Customer,18,Business Travel,Business,903,0,0,0,3,4,0,4,4,5,5,5,4,4,2.92,0,0,TRUE
Female,Loyal Customer,29,Personal Travel,Eco,645,3,4,3,1,3,3,3,3,5,5,4,3,3,3.31,0,0,FALSE
Male,Loyal Customer,35,Business Travel,Business,3942,1,2,2,2,2,4,4,1,1,1,1,3,3,2.08,0,0,FALSE
Male,Loyal Customer,53,Business Travel,Business,3533,3,4,4,4,5,3,3,3,3,3,3,2,1,3.15,0,0,FALSE
Male,Loyal Customer,65,Business Travel,Eco,337,3,4,4,4,3,3,3,3,3,4,4,4,3,3.46,50,36,FALSE
Male,Loyal Customer,40,Business Travel,Business,3635,3,3,3,3,3,4,5,2,2,2,2,3,4,3,13,32,TRUE
Male,Loyal Customer,66,Personal Travel,Eco,109,5,3,5,3,3,5,1,3,2,4,2,3,3,3.23,0,0,TRUE
Female,Loyal Customer,41,Business Travel,Business,2213,4,5,5,5,4,4,3,4,4,4,4,1,1,3.69,1,0,FALSE
Male,Loyal Customer,33,Business Travel,Business,308,1,5,5,5,1,1,1,1,2,3,4,3,1,2.54,0,0,FALSE
Male,Loyal Customer,30,Business Travel,Business,1475,1,1,1,1,5,5,5,5,4,1,4,4,5,3.23,0,0,TRUE
Female,Loyal Customer,55,Business Travel,Business,2962,2,2,2,2,5,5,4,2,2,2,2,5,5,3.08,0,0,TRUE
Female,Loyal Customer,61,Personal Travel,Eco,650,3,5,3,1,3,3,3,5,5,3,2,5,4,3.46,32,24,FALSE
Female,Loyal Customer,47,Business Travel,Business,2902,1,1,1,1,2,5,5,5,5,5,5,4,3,3.31,0,0,TRUE
Male,Loyal Customer,41,Business Travel,Business,451,1,1,1,1,4,4,4,2,2,2,2,3,4,2.38,0,0,TRUE
Female,Disloyal Customer,23,Business Travel,Eco,545,4,5,3,3,2,3,2,2,5,3,5,5,2,3.38,0,0,TRUE
Male,Loyal Customer,50,Personal Travel,Eco,140,1,4,1,2,1,1,1,1,3,4,5,1,1,2,0,2,FALSE
Male,Loyal Customer,49,Business Travel,Business,2377,5,5,5,5,2,3,3,4,4,4,4,5,4,4.08,5,1,TRUE
Female,Disloyal Customer,26,Business Travel,Eco Plus,550,0,0,0,5,2,0,2,2,3,1,4,2,2,1.77,0,0,TRUE
Female,Loyal Customer,43,Business Travel,Eco,151,4,2,2,2,1,3,3,4,4,4,4,4,4,3.15,0,0,FALSE
Female,Loyal Customer,25,Business Travel,Eco,912,4,4,4,4,4,4,4,4,1,5,1,1,4,3.38,0,0,TRUE
Female,Disloyal Customer,48,Business Travel,Eco,817,1,1,1,2,2,1,4,2,1,5,5,3,2,2.31,5,4,FALSE
Male,Loyal Customer,23,Business Travel,Business,946,1,1,1,1,4,4,4,4,1,1,4,4,4,2.62,2,0,TRUE
Male,Disloyal Customer,22,Business Travel,Eco,1363,4,4,4,1,4,4,1,4,5,4,4,3,4,3.54,2,1,TRUE
Female,Loyal Customer,39,Personal Travel,Eco,447,3,5,3,1,2,3,2,2,5,3,5,5,2,3.15,11,7,FALSE
Male,Loyal Customer,25,Business Travel,Business,528,3,3,3,3,5,5,5,5,4,3,4,4,5,4,0,0,TRUE
Male,Loyal Customer,58,Business Travel,Eco,1188,2,2,2,2,2,2,2,2,3,1,2,3,2,2.08,8,8,FALSE
Male,Loyal Customer,40,Business Travel,Business,453,2,5,5,5,3,3,3,2,2,2,2,4,1,3,4,0,FALSE
Male,Loyal Customer,48,Business Travel,Business,409,3,4,4,4,3,3,4,3,3,3,3,4,4,3.46,19,24,FALSE
Female,Loyal Customer,21,Personal Travel,Eco,1084,3,5,3,4,4,3,4,4,5,5,4,3,4,3.92,5,11,FALSE
Female,Loyal Customer,29,Business Travel,Eco Plus,1065,2,3,3,3,2,2,2,2,3,3,4,2,2,2.54,0,0,FALSE
Female,Loyal Customer,50,Business Travel,Business,529,4,4,4,4,2,5,5,4,4,4,4,4,3,3.92,0,0,TRUE
Female,Loyal Customer,42,Business Travel,Business,2454,3,3,3,3,5,5,4,5,5,5,5,3,5,4.15,0,3,TRUE
Male,Loyal Customer,72,Business Travel,Eco,1069,2,4,4,4,2,2,2,2,4,2,2,2,2,2.62,0,0,FALSE
Male,Loyal Customer,24,Business Travel,Business,1778,2,1,1,1,2,2,2,2,3,3,4,1,2,2,39,22,FALSE
Male,Loyal Customer,43,Business Travel,Business,1276,2,2,3,2,4,4,5,4,4,4,4,5,5,3.69,0,0,TRUE
Female,Loyal Customer,12,Personal Travel,Eco Plus,692,2,1,2,2,3,2,3,3,3,4,3,2,3,2.54,20,10,FALSE
Male,Disloyal Customer,34,Business Travel,Eco,738,3,3,3,3,2,3,2,2,1,5,3,2,2,2.62,0,9,FALSE
Female,Loyal Customer,51,Personal Travel,Eco,226,2,3,0,3,2,3,2,2,2,0,3,2,2,2,0,0,FALSE
Male,Loyal Customer,63,Personal Travel,Eco,1011,4,5,4,3,1,4,1,1,5,1,5,3,1,2.92,0,0,TRUE
Male,Loyal Customer,38,Business Travel,Business,2769,1,1,1,1,2,4,3,5,5,5,5,3,3,3,13,2,TRUE
Female,Loyal Customer,47,Business Travel,Business,2447,1,3,3,3,1,1,1,1,3,2,3,1,1,1.85,0,44,FALSE
Female,Loyal Customer,45,Business Travel,Eco,731,5,2,2,2,2,1,1,4,4,5,4,4,5,3.15,4,0,TRUE
Male,Disloyal Customer,26,Business Travel,Business,341,4,0,4,4,4,4,4,4,4,5,5,3,4,3.77,23,20,TRUE
Male,Loyal Customer,13,Personal Travel,Eco,1249,3,2,3,4,5,3,1,5,2,1,4,3,5,3.15,0,0,FALSE
Male,Loyal Customer,36,Personal Travel,Eco,931,4,4,4,3,5,4,5,5,4,3,5,4,5,4.23,0,16,TRUE
Female,Loyal Customer,28,Business Travel,Business,3475,2,2,2,2,5,5,4,5,3,5,1,3,5,3.38,59,59,TRUE
Male,Loyal Customer,43,Business Travel,Business,986,4,4,2,4,2,4,4,5,5,5,5,4,3,3.92,0,0,TRUE
Female,Loyal Customer,51,Business Travel,Business,3547,4,4,4,4,3,5,5,4,4,4,4,5,5,4.23,0,0,TRUE
Male,Loyal Customer,31,Business Travel,Business,3224,1,5,5,5,1,2,1,1,2,3,4,1,1,2.46,2,0,FALSE
Female,Loyal Customer,53,Business Travel,Business,441,1,1,1,1,4,5,5,3,3,3,3,3,3,2.77,5,3,TRUE
Female,Loyal Customer,46,Business Travel,Business,109,2,2,2,2,2,1,3,3,3,4,5,2,5,2.77,18,16,TRUE
Male,Disloyal Customer,23,Business Travel,Eco,1068,4,5,5,1,3,5,3,3,3,3,4,4,3,3.54,24,32,FALSE
Female,Loyal Customer,25,Personal Travel,Eco,462,2,4,2,2,4,2,4,4,4,5,4,2,4,3.31,20,27,FALSE
Female,Loyal Customer,60,Personal Travel,Eco,1282,1,4,1,1,5,4,5,4,4,1,4,4,5,3.31,0,0,FALSE
Female,Loyal Customer,48,Business Travel,Business,2591,1,1,2,1,2,4,5,5,5,5,5,5,3,3.38,0,0,TRUE
Female,Loyal Customer,53,Business Travel,Business,228,2,2,2,2,2,4,5,5,5,5,5,3,5,3.62,1,0,TRUE
Female,Loyal Customer,51,Personal Travel,Eco,1598,0,4,0,3,4,4,5,5,5,0,5,4,4,3.31,0,3,TRUE
Female,Loyal Customer,47,Business Travel,Eco Plus,328,5,1,1,1,1,5,5,5,5,5,5,3,5,3.62,0,0,TRUE
Female,Loyal Customer,43,Business Travel,Eco,373,3,4,4,4,2,5,1,2,2,3,2,4,2,2.92,0,0,TRUE
Male,Loyal Customer,50,Business Travel,Eco,1452,5,3,3,3,4,5,4,4,1,4,4,2,4,3.54,0,0,TRUE
Female,Loyal Customer,44,Business Travel,Business,3885,5,5,5,5,3,4,4,4,4,5,4,4,4,4.31,0,0,TRUE
Male,Loyal Customer,14,Personal Travel,Eco,414,3,4,3,3,3,4,2,1,3,4,4,2,2,2.92,141,129,FALSE
Male,Loyal Customer,66,Personal Travel,Eco,944,1,2,1,3,1,1,1,1,1,4,4,4,1,1.92,0,0,FALSE
Female,Loyal Customer,51,Business Travel,Business,1120,3,3,3,3,2,5,4,4,4,4,4,5,4,3.69,12,4,TRUE
Female,Loyal Customer,57,Business Travel,Business,2531,2,5,5,5,1,4,4,4,4,4,2,4,1,3.46,1,0,FALSE
Male,Loyal Customer,33,Business Travel,Business,2175,5,5,5,5,5,5,5,5,1,5,3,3,5,4.38,6,18,TRUE
Male,Loyal Customer,56,Business Travel,Eco Plus,1091,4,4,1,4,4,4,4,4,2,4,1,2,4,3.23,1,0,TRUE
Male,Loyal Customer,12,Personal Travel,Eco,1235,1,4,1,4,2,1,2,2,3,2,3,4,2,2.38,3,0,FALSE
Female,Loyal Customer,35,Business Travel,Eco,448,4,1,1,1,4,4,4,4,2,3,4,2,4,2.92,0,0,TRUE
Male,Disloyal Customer,18,Business Travel,Eco,746,3,2,2,4,5,2,5,5,4,4,4,1,5,3.54,0,0,FALSE
Male,Loyal Customer,32,Business Travel,Business,109,0,4,0,5,4,4,4,4,3,4,1,1,4,2.92,0,0,TRUE
Male,Loyal Customer,25,Business Travel,Eco,1118,2,3,3,3,2,2,2,2,4,5,3,2,2,2.69,0,2,FALSE
Female,Loyal Customer,45,Personal Travel,Eco,409,2,4,2,1,4,4,4,4,4,2,3,5,4,3.31,0,0,FALSE
Male,Loyal Customer,60,Business Travel,Business,2267,1,1,1,1,4,5,5,5,5,5,5,5,4,3.62,0,0,TRUE
Male,Loyal Customer,44,Business Travel,Eco Plus,867,4,3,3,3,4,4,4,4,4,3,2,4,4,3.54,311,319,TRUE
Male,Loyal Customer,54,Personal Travel,Eco,589,1,4,1,2,1,1,1,1,4,2,4,5,1,2.15,8,0,FALSE
Male,Disloyal Customer,27,Business Travel,Business,236,3,3,3,3,3,4,4,2,5,4,4,4,4,3.54,152,150,FALSE
Male,Loyal Customer,59,Business Travel,Business,1235,2,2,2,2,5,4,4,5,5,5,5,5,3,3.77,0,0,TRUE
Male,Loyal Customer,60,Business Travel,Business,3118,2,2,2,2,4,4,2,5,5,5,5,3,2,3.31,8,3,TRUE
Male,Disloyal Customer,26,Business Travel,Business,639,4,4,4,5,2,4,2,2,4,4,5,3,2,3.46,26,22,FALSE
Male,Disloyal Customer,18,Business Travel,Eco,649,4,0,4,3,4,4,4,4,3,5,2,1,4,3.23,52,40,TRUE
Male,Loyal Customer,14,Personal Travel,Eco,460,1,4,1,2,5,1,4,5,4,2,5,5,5,3.38,29,25,FALSE
Female,Loyal Customer,22,Personal Travel,Eco,1299,2,4,2,1,5,2,5,5,4,5,3,3,5,3.54,1,0,FALSE
Female,Loyal Customer,45,Business Travel,Business,2960,5,5,3,5,2,2,4,3,3,3,3,4,2,3.38,0,0,TRUE
Male,Disloyal Customer,39,Business Travel,Eco,395,3,3,3,3,2,3,2,2,2,2,4,1,2,2.46,96,89,FALSE
Female,Loyal Customer,33,Business Travel,Business,628,5,5,5,5,4,2,3,5,5,4,5,4,3,4.23,0,1,TRUE
Male,Loyal Customer,16,Personal Travel,Eco,183,2,5,2,3,3,2,3,3,4,5,5,3,3,3.31,0,0,FALSE
Female,Loyal Customer,46,Personal Travel,Eco,189,1,2,1,3,3,2,3,1,1,1,1,3,3,1.92,0,0,FALSE
Female,Loyal Customer,55,Business Travel,Business,954,2,3,2,3,1,3,2,2,2,2,2,1,2,2.08,0,10,FALSE
Female,Loyal Customer,50,Business Travel,Eco,1076,4,3,3,3,1,4,2,4,4,4,4,2,3,3.15,19,0,TRUE
Male,Loyal Customer,66,Personal Travel,Eco,1105,4,5,4,4,1,4,1,1,3,3,1,2,1,2.62,1,1,FALSE
Male,Loyal Customer,56,Personal Travel,Eco,328,1,0,1,3,5,1,5,5,3,5,5,5,5,3.38,12,9,FALSE
Male,Loyal Customer,25,Business Travel,Business,1671,4,2,2,2,4,4,4,4,2,5,3,2,4,3.23,4,0,FALSE
Male,Loyal Customer,54,Business Travel,Eco,208,4,1,1,1,4,4,4,4,2,4,4,4,4,3.15,0,0,FALSE
Female,Loyal Customer,51,Personal Travel,Business,2288,2,4,2,3,5,4,4,2,2,2,2,3,3,2.92,0,0,FALSE
Male,Loyal Customer,47,Business Travel,Business,1065,2,2,2,2,4,2,5,5,5,5,5,4,2,3.46,9,17,TRUE
Male,Loyal Customer,26,Personal Travel,Eco Plus,399,2,4,0,4,3,0,3,3,1,4,3,3,3,2.54,8,36,FALSE
Male,Loyal Customer,44,Business Travel,Business,651,1,1,1,1,4,4,4,5,5,4,5,4,4,3.31,128,143,TRUE
Female,Loyal Customer,69,Personal Travel,Eco,448,4,5,4,1,3,4,4,2,2,4,2,4,4,3.31,0,0,FALSE
Male,Loyal Customer,41,Business Travel,Eco,2419,5,4,4,4,5,5,5,3,2,3,4,5,5,4.15,1,4,TRUE
Male,Loyal Customer,18,Business Travel,Business,2829,2,3,3,3,2,2,2,2,3,5,4,2,2,2.69,0,0,FALSE
Male,Disloyal Customer,25,Business Travel,Eco,589,0,0,0,3,5,0,5,5,2,2,5,5,5,2.85,0,0,TRUE
Male,Loyal Customer,41,Business Travel,Business,551,5,5,5,5,4,4,5,5,5,5,5,3,5,4.69,0,0,TRUE
Female,Disloyal Customer,17,Business Travel,Eco,283,2,4,1,3,1,1,1,1,4,4,4,4,1,2.38,0,0,FALSE
Male,Loyal Customer,44,Business Travel,Business,1543,4,4,4,4,3,4,4,3,3,4,3,5,4,3.77,0,0,TRUE
Female,Loyal Customer,37,Business Travel,Business,1778,5,5,5,5,4,4,4,5,5,5,5,4,3,4.54,3,0,TRUE
Female,Loyal Customer,47,Business Travel,Business,2817,1,1,1,1,5,5,5,5,5,4,5,3,5,3.54,54,61,TRUE
Male,Loyal Customer,41,Business Travel,Business,1635,2,2,2,2,4,5,4,4,4,4,4,4,3,3.38,0,0,TRUE
Female,Loyal Customer,37,Business Travel,Business,3213,1,4,4,4,1,4,3,1,1,1,1,3,2,2.31,0,25,FALSE
Male,Loyal Customer,33,Business Travel,Eco Plus,1024,5,3,3,3,5,5,5,5,2,2,3,1,5,3.62,2,0,TRUE
Male,Loyal Customer,33,Personal Travel,Eco,462,4,5,4,3,4,4,4,4,5,3,5,5,4,4.15,28,15,TRUE
Male,Loyal Customer,25,Personal Travel,Eco,602,4,5,4,2,4,4,4,4,5,1,3,1,4,3.46,1,0,FALSE
Female,Loyal Customer,40,Business Travel,Business,2439,3,3,3,3,2,4,5,5,5,4,5,4,4,3.85,73,69,TRUE
Female,Loyal Customer,59,Personal Travel,Business,1979,2,1,2,3,2,4,3,2,2,2,3,3,3,2.46,0,0,FALSE
Male,Disloyal Customer,24,Business Travel,Eco,872,4,4,4,1,3,4,3,3,5,5,4,4,3,3.62,27,27,FALSE
Male,Loyal Customer,53,Business Travel,Business,3979,2,2,4,4,1,3,3,2,2,2,2,2,1,2.31,95,74,FALSE
Female,Loyal Customer,31,Business Travel,Business,2519,4,4,5,4,2,2,2,2,1,2,3,3,2,2.77,4,0,TRUE
Male,Loyal Customer,28,Personal Travel,Eco,332,2,5,2,1,2,2,2,2,3,2,5,5,2,2.69,14,8,FALSE
Male,Disloyal Customer,17,Business Travel,Eco,370,4,5,4,3,4,4,4,4,4,3,4,3,4,3.85,0,0,TRUE
Female,Loyal Customer,43,Personal Travel,Eco,425,1,4,1,3,1,2,4,5,5,1,5,4,3,3,0,0,FALSE
Male,Loyal Customer,13,Personal Travel,Eco Plus,978,2,4,2,3,2,2,1,2,4,3,4,4,2,2.69,0,0,FALSE
Male,Loyal Customer,56,Business Travel,Business,2432,4,4,4,4,5,4,4,4,4,4,4,5,3,4.08,20,19,TRUE
Female,Disloyal Customer,39,Business Travel,Business,199,2,2,2,4,5,2,5,5,2,2,4,1,5,3.15,62,59,FALSE
Male,Loyal Customer,46,Personal Travel,Eco,200,4,2,4,2,5,4,5,5,1,4,2,2,5,3.46,0,0,TRUE
Male,Loyal Customer,54,Personal Travel,Eco,1145,2,2,1,4,4,1,5,4,4,5,2,2,4,3.08,21,12,FALSE
Male,Loyal Customer,45,Personal Travel,Eco,1066,1,2,1,4,3,1,3,3,1,2,3,1,3,2.15,18,15,FALSE
Female,Loyal Customer,43,Business Travel,Business,1440,5,5,5,5,2,4,4,4,4,4,4,4,3,4.08,0,0,TRUE
Female,Loyal Customer,36,Business Travel,Business,2196,3,4,5,4,3,4,3,3,3,3,3,3,3,3.38,29,32,FALSE
Female,Loyal Customer,63,Personal Travel,Eco,351,1,5,1,3,2,4,4,2,2,1,4,3,4,2.77,11,12,FALSE
Male,Disloyal Customer,40,Business Travel,Eco,563,5,2,5,1,4,5,4,4,3,3,3,2,4,3.46,77,79,TRUE
Female,Loyal Customer,33,Business Travel,Eco,191,4,3,3,3,4,4,4,4,4,4,4,5,4,3.85,0,0,TRUE
Female,Loyal Customer,50,Business Travel,Business,3221,5,5,5,5,3,4,5,4,4,4,4,3,5,4.31,0,17,TRUE
Male,Loyal Customer,41,Business Travel,Business,2061,1,1,4,1,4,3,3,5,5,5,3,4,2,3.15,0,0,TRUE
Female,Loyal Customer,48,Personal Travel,Eco,408,0,2,0,4,5,4,4,4,4,0,4,4,3,2.92,0,0,TRUE
Male,Loyal Customer,56,Business Travel,Business,3836,1,1,1,1,3,5,4,5,5,5,5,5,5,3.54,0,0,TRUE
Female,Loyal Customer,45,Personal Travel,Eco,2640,4,4,4,3,2,4,5,4,4,4,3,4,4,3.77,0,,FALSE
Female,Loyal Customer,33,Business Travel,Eco,990,4,5,5,5,4,4,4,4,2,3,2,4,4,3.85,6,8,FALSE
Male,Loyal Customer,12,Personal Travel,Eco Plus,1046,1,4,1,1,3,1,3,3,5,4,5,5,3,3,24,11,FALSE
Male,Loyal Customer,15,Personal Travel,Eco,1021,4,3,4,3,3,4,3,3,3,1,4,2,3,3.08,53,49,TRUE
Male,Loyal Customer,49,Personal Travel,Eco,508,3,4,3,5,5,3,5,5,5,3,5,5,5,4.31,0,8,FALSE
Male,Loyal Customer,34,Business Travel,Business,2664,5,5,5,5,4,4,4,5,5,5,5,4,4,4.62,0,0,TRUE
Female,Loyal Customer,24,Business Travel,Business,1505,1,1,1,1,5,5,5,5,4,4,2,2,5,3.15,4,0,TRUE
Male,Loyal Customer,47,Business Travel,Business,2292,2,5,5,5,4,3,4,2,2,2,2,3,2,3.15,5,0,FALSE
Male,Loyal Customer,27,Business Travel,Business,370,4,4,4,4,4,4,4,4,5,1,5,3,4,3.85,88,105,TRUE
Female,Loyal Customer,29,Personal Travel,Eco,164,2,5,2,4,1,2,1,1,3,2,4,4,1,2.46,0,0,FALSE
Female,Loyal Customer,16,Personal Travel,Eco Plus,691,2,4,1,4,2,1,2,2,3,2,5,4,2,2.62,0,0,FALSE
Male,Loyal Customer,25,Personal Travel,Eco,1709,3,4,4,5,1,4,1,1,2,3,5,3,1,2.85,0,5,FALSE
Male,Loyal Customer,23,Business Travel,Business,3694,2,2,3,2,4,4,4,4,1,3,2,2,4,2.85,0,0,TRUE
Male,Loyal Customer,31,Business Travel,Business,2586,3,3,3,3,5,5,5,1,1,4,5,5,5,3.69,1,18,TRUE
Female,Loyal Customer,50,Business Travel,Eco,888,2,4,1,1,5,3,4,1,1,2,1,1,3,2.23,6,0,FALSE
Male,Loyal Customer,25,Business Travel,Business,3142,4,4,4,4,4,4,4,4,4,4,5,5,4,4.15,0,0,TRUE
Male,Loyal Customer,57,Business Travel,Business,2075,4,4,4,4,3,4,4,4,4,2,3,4,4,3.69,0,41,FALSE
Female,Loyal Customer,70,Personal Travel,Eco,550,2,4,2,3,4,2,3,4,4,2,4,3,1,2.92,0,0,FALSE
Female,Loyal Customer,41,Business Travel,Business,2229,3,3,3,3,4,4,5,4,4,4,4,3,5,3.77,0,0,TRUE
Male,Loyal Customer,23,Business Travel,Eco,1087,0,4,0,1,2,0,2,2,3,3,2,5,2,2,0,0,TRUE
Female,Loyal Customer,9,Personal Travel,Eco,1111,1,3,1,3,4,1,4,4,1,2,4,2,4,2.62,8,0,FALSE
Male,Loyal Customer,44,Business Travel,Eco Plus,1055,2,3,3,3,2,2,2,2,2,4,4,4,2,2.69,0,0,FALSE
Male,Loyal Customer,27,Business Travel,Business,853,4,1,4,4,5,5,5,5,4,1,1,4,5,3.69,0,0,TRUE
Male,Loyal Customer,53,Business Travel,Business,3571,5,5,5,5,2,5,4,4,4,4,4,5,5,4.38,0,1,TRUE
Male,Loyal Customer,61,Personal Travel,Business,733,1,3,1,3,3,4,1,5,5,1,1,4,2,2.62,18,40,FALSE
Female,Loyal Customer,55,Personal Travel,Eco,213,5,4,5,4,2,4,4,5,5,5,5,4,5,4.38,0,0,TRUE
Male,Disloyal Customer,44,Business Travel,Business,337,4,4,4,1,2,4,2,2,4,5,4,3,2,3.15,8,8,TRUE
Female,Loyal Customer,35,Business Travel,Business,409,2,2,2,2,2,1,5,4,4,4,4,3,4,3,11,0,TRUE
Female,Loyal Customer,49,Business Travel,Eco,2454,1,4,5,4,5,4,4,1,1,1,1,1,3,2.69,0,0,FALSE
Female,Loyal Customer,46,Personal Travel,Eco,834,0,5,0,2,4,4,2,4,4,0,4,2,3,2.62,0,0,TRUE
Male,Loyal Customer,15,Business Travel,Business,1607,4,4,4,4,5,5,5,5,4,2,5,1,5,4.08,0,0,TRUE
Female,Disloyal Customer,42,Business Travel,Business,226,1,1,1,2,3,1,3,3,5,3,5,3,3,2.62,0,0,FALSE
Male,Loyal Customer,54,Business Travel,Business,2101,4,4,4,4,5,5,5,5,5,5,5,5,4,4.62,0,0,TRUE
Female,Loyal Customer,53,Personal Travel,Eco,405,3,5,3,3,5,1,5,2,2,3,2,1,5,3.08,9,5,FALSE
Male,Loyal Customer,25,Personal Travel,Eco,813,1,1,1,2,5,1,5,5,4,2,2,3,5,2.85,2,0,FALSE
Female,Loyal Customer,58,Personal Travel,Business,432,2,4,2,3,4,2,4,1,1,2,1,1,4,2.38,27,31,FALSE
Female,Loyal Customer,39,Business Travel,Business,2801,2,2,2,2,2,5,4,5,5,5,5,4,5,3.69,44,39,TRUE
Female,Disloyal Customer,21,Business Travel,Business,130,3,3,3,4,1,3,2,1,1,1,4,3,1,2.31,22,37,FALSE
Male,Loyal Customer,59,Personal Travel,Eco Plus,814,1,0,1,3,1,4,3,2,5,3,3,3,3,2.46,293,302,FALSE
Male,Loyal Customer,20,Business Travel,Business,3360,3,3,3,3,5,4,5,5,3,2,4,4,5,3.77,0,0,TRUE
Female,Loyal Customer,23,Business Travel,Business,222,3,3,3,3,4,4,4,4,4,5,2,5,4,3.69,0,12,TRUE
Male,Loyal Customer,50,Business Travel,Business,2244,1,4,4,4,5,4,3,1,1,1,1,3,2,2.62,0,0,FALSE
Male,Loyal Customer,57,Business Travel,Business,3455,2,2,2,2,2,5,4,4,4,4,4,4,3,3.23,0,0,TRUE
Male,Loyal Customer,43,Business Travel,Eco,377,3,2,2,2,4,3,4,4,3,1,4,1,4,2.85,84,79,FALSE
Female,Loyal Customer,36,Business Travel,Business,2649,4,1,1,1,1,4,3,4,4,4,4,4,4,3,2,4,FALSE
Female,Loyal Customer,19,Business Travel,Business,3201,4,4,4,4,4,4,5,4,5,4,5,5,4,4.31,0,4,TRUE
Male,Loyal Customer,47,Business Travel,Eco,852,3,2,2,2,3,3,3,3,3,3,1,4,3,2.69,18,18,TRUE
Female,Loyal Customer,41,Business Travel,Business,2548,2,2,2,2,4,5,4,5,5,5,5,3,3,3.62,3,0,TRUE
Male,Loyal Customer,48,Business Travel,Business,2932,4,3,3,3,5,3,4,4,4,3,4,3,2,3.46,0,0,FALSE
Male,Loyal Customer,51,Personal Travel,Eco,762,3,5,3,1,1,3,1,1,3,4,5,4,1,2.69,18,46,FALSE
Female,Loyal Customer,37,Business Travel,Eco Plus,106,4,3,3,3,4,4,4,4,4,4,5,2,4,3.69,0,0,TRUE
Female,Loyal Customer,49,Personal Travel,Eco,442,5,5,5,1,2,4,4,4,4,5,4,4,4,3.92,0,0,TRUE
Male,Loyal Customer,30,Business Travel,Business,2296,1,1,1,1,1,1,1,1,4,4,4,2,1,1.77,47,27,FALSE
Female,Loyal Customer,47,Personal Travel,Eco,1056,1,4,1,2,3,3,5,5,5,1,3,3,5,3.15,34,65,FALSE
Male,Disloyal Customer,45,Business Travel,Eco,761,3,2,2,2,3,2,3,3,1,2,1,2,3,2.23,0,0,FALSE
Male,Loyal Customer,56,Business Travel,Business,130,2,2,2,2,4,5,4,4,4,4,4,5,5,3.62,0,0,TRUE
Male,Disloyal Customer,38,Business Travel,Eco,944,3,3,3,2,3,1,1,3,1,2,4,1,1,2.15,566,600,FALSE
Male,Loyal Customer,61,Personal Travel,Eco,1464,5,5,5,3,4,5,4,4,4,5,5,5,4,4.46,0,0,TRUE
Male,Loyal Customer,44,Business Travel,Eco,268,4,5,5,5,4,3,3,5,2,4,3,3,3,3.77,203,203,TRUE
Male,Loyal Customer,32,Business Travel,Business,1669,3,3,3,3,4,4,4,4,4,5,4,4,4,3.77,0,17,TRUE
Male,Loyal Customer,47,Business Travel,Business,3473,4,4,4,4,2,5,4,5,5,4,5,5,5,4.31,1,0,TRUE
Male,Loyal Customer,40,Business Travel,Business,1620,1,1,1,1,4,4,4,4,4,4,4,5,4,3.15,14,19,TRUE
Male,Disloyal Customer,20,Business Travel,Eco,241,4,3,4,1,3,4,3,3,5,4,5,5,3,3.62,0,6,FALSE
Male,Loyal Customer,62,Personal Travel,Eco,607,3,5,3,3,3,3,3,3,3,3,4,3,3,3.23,0,0,FALSE
Female,Loyal Customer,41,Business Travel,Business,1754,1,1,1,1,2,5,5,4,4,4,4,5,3,3.08,0,28,TRUE
Male,Loyal Customer,23,Personal Travel,Eco,834,5,5,5,1,3,5,1,3,2,5,4,1,3,3.31,0,0,TRUE
Male,Loyal Customer,10,Personal Travel,Eco,1024,4,5,4,3,2,4,2,2,5,4,4,3,2,3.38,0,0,FALSE
Female,Loyal Customer,39,Personal Travel,Eco,460,3,3,3,4,2,3,2,2,4,2,3,3,2,2.77,0,3,FALSE
Male,Loyal Customer,34,Business Travel,Eco,521,4,4,3,4,4,4,4,4,2,3,4,3,4,3.62,0,0,TRUE
Male,Disloyal Customer,24,Business Travel,Eco,125,3,0,4,4,5,4,5,5,4,3,4,1,5,3.62,0,11,FALSE
Male,Loyal Customer,7,Personal Travel,Eco,1089,1,3,1,5,4,1,4,4,1,2,3,4,4,2.85,0,0,FALSE
Male,Loyal Customer,29,Business Travel,Business,337,3,3,3,3,5,5,5,5,4,2,4,5,5,4,0,0,TRUE
Male,Disloyal Customer,23,Business Travel,Eco,1218,2,3,3,3,2,3,2,2,4,4,5,4,2,3,0,0,FALSE
Male,Loyal Customer,52,Personal Travel,Eco,1133,4,4,4,3,2,4,2,2,5,4,4,5,2,3.46,0,0,FALSE
Male,Loyal Customer,62,Business Travel,Business,253,0,0,0,1,4,3,3,5,5,5,5,2,5,2.92,0,0,TRUE
Male,Loyal Customer,47,Business Travel,Business,3750,3,3,5,3,4,4,4,5,5,5,5,4,5,4.23,76,79,TRUE
Female,Loyal Customer,59,Personal Travel,Eco,1197,2,3,2,3,2,3,4,4,4,2,4,3,2,2.92,0,0,FALSE
Female,Loyal Customer,22,Business Travel,Business,3683,5,5,5,5,3,3,3,3,1,2,1,1,3,3.08,0,0,TRUE
Female,Loyal Customer,56,Business Travel,Business,2356,3,3,3,3,2,4,5,4,4,4,4,3,5,3.62,0,0,TRUE
Male,Loyal Customer,43,Business Travel,Business,1389,5,5,5,5,3,5,4,5,5,5,5,4,4,4.62,0,0,TRUE
Female,Loyal Customer,54,Business Travel,Business,3830,2,4,2,2,4,4,5,5,5,5,5,4,4,3.92,2,2,TRUE
Female,Loyal Customer,44,Business Travel,Eco,369,4,4,4,4,3,2,3,4,4,4,4,1,1,3.23,0,0,TRUE
Female,Loyal Customer,45,Business Travel,Business,937,5,5,5,5,3,4,4,4,4,5,4,5,5,4.46,0,0,TRUE
Male,Loyal Customer,29,Business Travel,Business,594,3,3,3,3,5,4,5,5,5,2,4,3,5,3.85,0,0,TRUE
Female,Disloyal Customer,22,Business Travel,Eco,1120,4,4,4,3,5,4,5,5,5,3,4,3,5,4.15,19,2,TRUE
Male,Loyal Customer,25,Business Travel,Business,2727,2,2,2,2,4,4,4,4,5,4,5,4,4,3.54,0,0,TRUE
Male,Loyal Customer,7,Personal Travel,Eco,255,4,0,4,2,5,4,5,5,3,2,4,4,5,3.62,0,0,FALSE
Female,Loyal Customer,31,Personal Travel,Eco,488,2,5,2,3,4,2,2,4,3,3,2,1,4,2.85,3,19,FALSE
Female,Loyal Customer,26,Business Travel,Business,2251,3,5,5,5,3,3,3,3,3,2,3,4,3,3.46,11,9,FALSE
Female,Loyal Customer,33,Personal Travel,Eco,630,1,3,1,3,1,1,1,1,4,3,4,1,1,1.92,151,158,FALSE
Male,Loyal Customer,18,Business Travel,Business,2072,4,4,4,4,4,4,4,4,4,3,4,3,4,3.85,0,0,TRUE
Female,Loyal Customer,36,Business Travel,Business,2831,1,1,1,1,2,5,2,4,4,4,4,3,1,2.54,8,0,TRUE
Male,Loyal Customer,66,Personal Travel,Eco,282,4,2,4,3,2,4,2,2,1,1,4,4,2,2.69,0,0,TRUE
Male,Loyal Customer,11,Personal Travel,Eco,312,2,4,2,3,2,2,1,2,5,5,4,4,2,2.92,0,0,FALSE
Female,Loyal Customer,59,Personal Travel,Eco,802,1,2,1,4,3,3,3,5,5,1,4,1,1,2.62,0,0,FALSE
Female,Loyal Customer,50,Personal Travel,Eco,680,4,4,4,4,4,4,5,4,4,4,4,4,3,4,0,0,FALSE
Male,Loyal Customer,27,Personal Travel,Eco,296,2,4,2,3,2,2,2,2,4,5,4,4,2,2.92,20,15,FALSE
Male,Loyal Customer,50,Business Travel,Business,2125,2,2,2,2,2,5,5,4,4,5,4,5,3,3.46,0,21,TRUE
Female,Loyal Customer,62,Personal Travel,Eco,337,1,1,4,4,4,5,4,1,2,4,3,4,4,3.15,185,180,FALSE
Male,Loyal Customer,31,Business Travel,Business,3634,3,3,3,3,5,5,5,5,5,1,5,3,5,3.92,0,16,TRUE
Female,Disloyal Customer,62,Business Travel,Eco,761,2,2,2,4,1,2,1,1,3,4,4,1,1,2.15,0,0,FALSE
Male,Disloyal Customer,27,Business Travel,Business,486,5,5,5,3,4,5,4,4,4,2,5,5,4,4.23,21,13,TRUE
Male,Loyal Customer,33,Business Travel,Business,83,3,5,5,5,2,2,3,2,2,5,4,1,2,3.15,0,0,FALSE
Male,Loyal Customer,41,Business Travel,Business,3429,1,1,1,1,3,5,4,4,4,4,4,4,5,3.15,2,0,TRUE
Female,Disloyal Customer,50,Business Travel,Eco,544,1,1,1,4,4,1,2,4,2,1,4,1,4,2.31,0,0,FALSE
Male,Loyal Customer,33,Business Travel,Business,2112,3,3,3,3,5,5,4,5,1,1,4,2,5,3.38,0,0,TRUE
Male,Loyal Customer,66,Business Travel,Business,1880,5,5,5,5,4,5,4,5,5,5,5,5,5,4.85,0,0,TRUE
Male,Disloyal Customer,10,Business Travel,Eco,550,4,0,4,1,3,4,3,3,2,2,4,4,3,2.85,0,0,TRUE
Female,Loyal Customer,63,Personal Travel,Eco,1041,1,4,1,2,2,5,4,2,2,1,2,5,3,2.62,3,28,FALSE
Male,Loyal Customer,51,Business Travel,Business,2586,3,3,3,3,4,1,2,3,3,3,3,1,2,2.62,3,0,FALSE
Male,Loyal Customer,13,Personal Travel,Eco Plus,931,2,4,2,5,3,2,3,3,5,4,5,5,3,3.54,0,23,FALSE
Male,Disloyal Customer,24,Business Travel,Eco,909,5,5,5,3,5,5,5,5,4,3,5,5,5,4.62,22,2,TRUE
Female,Loyal Customer,58,Business Travel,Business,1504,5,5,5,5,4,5,4,4,4,5,4,3,5,4.46,6,0,TRUE
Male,Loyal Customer,59,Business Travel,Business,1389,4,4,4,4,5,5,4,5,5,5,5,4,5,4.54,0,0,TRUE
Male,Loyal Customer,70,Personal Travel,Eco,223,2,1,0,1,3,0,1,3,3,5,1,1,3,1.85,60,53,FALSE
Male,Loyal Customer,32,Business Travel,Business,3386,4,4,4,4,4,4,4,4,3,4,4,4,4,3.92,0,4,TRUE
Female,Loyal Customer,49,Personal Travel,Eco,1587,3,4,3,4,5,4,5,4,4,3,5,3,5,4,35,12,FALSE
Female,Loyal Customer,41,Business Travel,Business,937,3,3,3,3,5,4,2,5,5,5,5,3,5,3.92,0,0,TRUE
Male,Disloyal Customer,20,Business Travel,Eco,272,1,5,1,4,3,1,4,3,3,4,3,1,3,2.77,0,0,FALSE
Male,Loyal Customer,48,Business Travel,Business,2579,4,4,4,4,5,4,4,3,3,4,3,3,3,3.69,30,,TRUE
Female,Disloyal Customer,33,Business Travel,Eco,119,2,0,2,4,1,2,1,1,3,3,1,5,1,2,0,0,FALSE
Female,Loyal Customer,56,Business Travel,Eco,460,3,1,5,1,2,3,4,3,3,3,3,4,2,2.85,0,7,FALSE
Male,Disloyal Customer,19,Business Travel,Eco,907,1,1,1,1,3,1,3,3,3,5,4,4,3,2.54,27,54,FALSE
Female,Loyal Customer,40,Personal Travel,Eco,532,1,4,1,3,1,1,1,1,5,4,4,4,1,2.38,0,0,FALSE
Male,Loyal Customer,52,Business Travel,Eco,944,4,2,2,2,4,4,4,4,4,4,4,4,4,3.54,0,0,TRUE
Male,Loyal Customer,50,Personal Travel,Eco,1020,2,4,1,3,3,1,3,3,1,4,3,3,3,2.62,0,0,FALSE
Male,Loyal Customer,46,Business Travel,Business,3930,1,1,1,1,3,5,5,4,4,4,4,4,4,3.15,0,0,TRUE
Female,Loyal Customer,34,Business Travel,Business,158,4,4,4,4,3,5,4,5,5,5,4,4,4,4.23,6,0,TRUE
Male,Loyal Customer,39,Personal Travel,Eco,575,2,4,2,2,1,2,1,1,3,5,4,4,1,2.46,16,27,FALSE
Female,Loyal Customer,18,Personal Travel,Eco,1044,2,2,2,3,2,2,2,2,1,5,3,1,2,2.23,0,10,FALSE
Female,Loyal Customer,70,Business Travel,Eco Plus,432,4,2,2,2,1,4,4,4,4,4,4,1,1,2.85,0,0,FALSE
Male,Loyal Customer,60,Personal Travel,Eco,737,1,4,1,3,2,1,1,2,5,5,5,4,2,2.77,19,7,FALSE
Male,Disloyal Customer,26,Business Travel,Business,1222,2,2,2,2,2,2,2,2,5,4,4,3,2,2.62,0,0,FALSE
Female,Loyal Customer,56,Business Travel,Eco,738,2,4,4,4,2,2,2,4,4,4,4,2,2,3.08,225,215,FALSE
Male,Loyal Customer,29,Personal Travel,Eco Plus,2227,5,1,5,3,2,1,2,2,1,3,2,1,2,2.31,0,0,TRUE
Male,Loyal Customer,57,Business Travel,Business,2636,2,2,2,2,4,4,5,5,5,5,5,3,4,3.69,0,0,TRUE
Female,Loyal Customer,58,Business Travel,Business,466,4,5,5,5,5,2,2,4,4,4,4,3,2,3.77,14,12,FALSE
Male,Loyal Customer,60,Business Travel,Business,2794,2,1,1,1,1,3,4,2,2,1,2,1,1,1.69,3,0,FALSE
Male,Loyal Customer,28,Personal Travel,Eco,163,4,4,4,3,1,4,1,1,4,2,2,2,1,2.54,0,0,FALSE
Male,Loyal Customer,13,Personal Travel,Business,999,2,4,2,3,3,2,3,3,3,2,5,4,3,3,5,11,FALSE
Female,Disloyal Customer,36,Business Travel,Eco,193,3,4,3,3,5,3,5,5,4,1,1,3,5,3.46,0,35,FALSE
Female,Loyal Customer,36,Personal Travel,Eco,447,3,5,3,3,5,3,5,5,5,2,4,5,5,4.08,6,12,FALSE
Male,Loyal Customer,29,Personal Travel,Eco,920,3,5,3,3,3,3,3,3,3,4,4,5,3,3.46,67,85,FALSE
Female,Loyal Customer,67,Personal Travel,Eco,602,2,4,2,1,3,4,5,2,2,2,2,3,3,2.69,0,0,FALSE
Female,Loyal Customer,44,Personal Travel,Eco Plus,247,2,4,2,2,4,5,4,3,3,2,3,5,5,3.38,9,3,FALSE
Male,Loyal Customer,17,Business Travel,Business,3268,2,2,2,2,2,3,2,2,1,2,3,4,2,2.23,0,0,FALSE
Male,Loyal Customer,52,Business Travel,Business,3228,5,5,5,5,4,4,4,4,4,4,4,5,3,4.31,0,0,TRUE
Male,Loyal Customer,27,Business Travel,Business,2534,2,2,2,2,5,4,5,5,3,3,4,3,5,3.46,0,0,TRUE
Female,Loyal Customer,55,Business Travel,Business,1947,3,3,3,3,4,3,4,5,5,5,5,4,5,4,23,13,TRUE
Female,Loyal Customer,66,Personal Travel,Eco,2701,3,4,2,3,2,3,3,5,4,4,5,3,3,3.38,0,20,FALSE
Male,Loyal Customer,40,Business Travel,Business,199,2,2,2,2,4,5,4,5,5,5,4,5,4,3.77,4,0,TRUE
Female,Loyal Customer,24,Business Travel,Eco,632,4,4,4,4,4,4,4,4,2,3,4,2,4,3.62,0,0,FALSE
Male,Loyal Customer,56,Business Travel,Eco,89,5,4,4,4,5,5,5,5,3,4,2,1,5,4,0,2,TRUE
Female,Loyal Customer,44,Business Travel,Business,488,2,5,5,5,5,1,2,2,2,2,2,1,4,2.92,102,96,FALSE
Male,Loyal Customer,48,Business Travel,Business,3640,3,3,3,3,5,5,4,4,4,4,4,4,4,3.85,0,0,TRUE
Female,Loyal Customer,24,Personal Travel,Eco,2565,2,0,2,3,2,1,1,1,4,4,3,1,1,1.92,1,0,FALSE
Female,Loyal Customer,22,Business Travel,Eco,842,3,3,3,3,3,3,2,3,2,2,3,1,3,2.62,0,0,FALSE
Female,Loyal Customer,35,Business Travel,Business,370,2,3,2,2,4,3,3,2,2,2,2,4,3,2.62,23,22,FALSE
Female,Disloyal Customer,24,Business Travel,Business,1012,5,0,5,2,2,5,2,2,5,3,4,5,2,3.23,0,0,TRUE
Female,Disloyal Customer,26,Business Travel,Eco,1167,4,4,4,4,1,4,1,1,2,1,4,1,1,2.46,0,0,FALSE
Female,Loyal Customer,42,Business Travel,Business,212,4,4,4,4,1,1,3,5,5,5,5,3,5,3.77,107,122,TRUE
Male,Loyal Customer,33,Business Travel,Business,3124,3,4,4,4,3,3,3,3,1,5,4,2,3,3.23,21,12,FALSE
Female,Disloyal Customer,25,Business Travel,Eco Plus,1262,3,0,3,3,5,3,5,5,4,5,5,1,5,3.62,0,0,FALSE
Male,Loyal Customer,16,Personal Travel,Eco Plus,307,4,4,4,2,4,3,3,3,5,4,4,3,3,3.54,131,145,FALSE
Female,Loyal Customer,57,Business Travel,Business,1978,1,1,1,1,4,4,5,5,5,5,5,5,5,3.62,0,0,TRUE
Male,Loyal Customer,42,Business Travel,Business,3757,4,4,4,4,3,5,5,4,4,4,4,3,5,4.08,0,0,TRUE
Female,Loyal Customer,9,Personal Travel,Business,1587,3,5,3,2,1,3,1,1,5,3,4,3,1,2.69,7,0,FALSE
Female,Disloyal Customer,24,Business Travel,Eco,1310,3,3,3,3,4,3,4,4,5,4,4,3,4,3.62,0,0,FALSE
Female,Disloyal Customer,20,Business Travel,Eco,429,3,4,3,2,4,3,4,4,4,5,2,3,4,3.46,0,0,FALSE
Female,Loyal Customer,21,Business Travel,Business,2460,1,2,2,2,1,1,1,1,1,1,1,3,1,1.38,15,11,FALSE
Female,Loyal Customer,46,Business Travel,Business,1773,4,4,4,4,5,5,5,4,4,4,4,3,4,4.15,2,0,TRUE
Male,Disloyal Customer,27,Business Travel,Eco,978,2,2,2,2,1,2,1,1,1,4,2,2,1,1.77,83,88,FALSE
Male,Loyal Customer,38,Business Travel,Business,1674,5,5,5,5,3,4,5,4,4,4,4,4,5,4.38,0,0,TRUE
Female,Loyal Customer,28,Business Travel,Eco,853,5,2,4,2,5,5,5,5,2,5,3,1,5,3.77,5,2,TRUE
Male,Loyal Customer,46,Business Travel,Business,2089,3,3,4,3,3,4,5,4,4,4,4,3,5,3.77,0,0,TRUE
Female,Loyal Customer,18,Personal Travel,Eco Plus,2475,4,4,4,5,4,4,4,5,5,5,5,4,4,4.38,0,0,FALSE
Female,Loyal Customer,52,Business Travel,Business,986,1,1,1,1,4,4,5,5,5,5,5,5,4,3.54,4,0,TRUE
Male,Loyal Customer,35,Business Travel,Business,2400,2,5,2,2,5,4,4,2,2,2,2,3,3,2.92,63,55,TRUE
Male,Loyal Customer,48,Business Travel,Eco,752,5,5,3,3,5,5,5,5,1,5,4,3,5,4.15,45,48,TRUE
Male,Loyal Customer,13,Personal Travel,Business,2442,1,5,1,1,1,1,1,1,4,4,5,3,1,2.23,0,0,FALSE
Male,Loyal Customer,42,Business Travel,Business,3259,5,5,5,5,4,4,4,5,5,5,5,5,4,4.69,0,0,TRUE
Male,Loyal Customer,26,Personal Travel,Eco,143,2,1,2,4,5,2,2,5,3,2,4,1,5,2.92,1,0,FALSE
Male,Loyal Customer,31,Personal Travel,Eco Plus,196,2,5,2,3,2,2,2,2,5,2,3,1,2,2.54,0,13,FALSE
Male,Loyal Customer,21,Personal Travel,Business,802,2,4,2,5,5,2,5,5,2,4,3,3,5,3.62,14,5,FALSE
Male,Loyal Customer,69,Personal Travel,Eco Plus,1810,3,3,3,3,5,3,5,5,2,1,3,3,5,3.38,0,0,FALSE
Female,Loyal Customer,38,Business Travel,Eco Plus,507,4,5,5,5,4,4,4,4,3,1,2,2,4,3.62,0,8,FALSE
Male,Loyal Customer,28,Business Travel,Business,761,2,3,3,3,2,2,2,2,4,4,3,4,2,2.77,0,0,FALSE
Female,Loyal Customer,68,Personal Travel,Business,488,3,0,3,2,3,4,5,5,5,3,5,3,3,3.38,5,0,FALSE
Female,Loyal Customer,7,Personal Travel,Eco,1130,2,5,2,4,5,2,5,5,3,2,3,3,5,3.54,0,0,FALSE
Female,Loyal Customer,36,Business Travel,Eco Plus,308,2,2,2,2,2,2,2,2,2,1,4,5,2,2.31,0,0,TRUE
Male,Loyal Customer,67,Personal Travel,Eco,1471,2,5,2,5,4,2,4,4,3,5,3,5,4,3.69,21,1,FALSE
Male,Loyal Customer,49,Personal Travel,Eco,912,3,4,3,3,2,3,2,2,3,3,5,3,2,2.92,23,17,FALSE
Male,Disloyal Customer,34,Business Travel,Eco,401,2,3,3,5,4,3,2,4,2,3,3,4,4,3.23,0,0,FALSE
Female,Loyal Customer,41,Business Travel,Business,2741,2,2,2,2,2,4,5,5,5,5,5,3,4,3.54,2,0,TRUE
Female,Loyal Customer,38,Personal Travel,Eco,1558,2,5,3,3,3,3,3,3,3,4,5,4,3,3.38,0,0,FALSE
Male,Loyal Customer,30,Business Travel,Business,3386,4,4,4,4,4,4,4,4,4,2,4,4,4,3.85,31,10,TRUE
Male,Loyal Customer,62,Business Travel,Eco Plus,404,2,3,3,3,2,2,2,2,4,1,4,4,2,2.62,12,15,FALSE
Female,Loyal Customer,35,Business Travel,Eco,238,3,2,2,2,3,3,3,3,4,2,3,5,3,2.92,0,0,TRUE
Female,Loyal Customer,49,Business Travel,Business,3598,2,2,2,2,2,5,4,4,4,4,4,3,3,3.15,10,5,TRUE
Male,Loyal Customer,47,Business Travel,Business,2399,2,2,2,2,5,5,5,3,3,4,3,5,4,3.46,0,0,TRUE
Female,Loyal Customer,50,Business Travel,Business,2358,3,2,2,2,1,4,3,3,3,3,3,3,1,2.54,0,0,FALSE
Female,Loyal Customer,44,Business Travel,Eco,425,2,5,5,5,4,4,3,2,2,2,2,4,4,3.38,0,0,FALSE
Male,Loyal Customer,19,Personal Travel,Eco,1770,2,3,2,2,5,2,5,5,1,3,3,2,5,3.08,8,0,FALSE
Female,Loyal Customer,41,Business Travel,Business,689,5,5,5,5,5,4,4,5,5,5,5,5,5,4.85,0,0,TRUE
Female,Loyal Customer,42,Business Travel,Business,1947,2,2,2,2,5,5,4,3,3,4,3,5,5,3.46,23,0,TRUE
Male,Loyal Customer,28,Business Travel,Business,670,2,5,2,5,2,2,2,2,2,4,3,3,2,2.77,41,43,FALSE
Female,Loyal Customer,43,Business Travel,Business,2165,2,2,4,2,3,4,4,5,5,5,5,4,3,3.69,24,4,TRUE
Male,Disloyal Customer,23,Business Travel,Eco,776,1,0,0,5,5,0,5,5,3,2,2,5,5,2.92,0,0,FALSE
Male,Loyal Customer,24,Personal Travel,Business,1703,4,3,4,3,5,4,1,5,5,4,3,1,5,3.62,66,46,FALSE
Male,Loyal Customer,38,Business Travel,Business,3078,5,4,5,5,5,5,5,4,4,4,5,5,5,4.69,0,4,TRUE
Male,Loyal Customer,47,Business Travel,Eco,677,4,5,5,5,3,4,3,3,2,1,5,2,3,3.46,0,0,TRUE
Female,Loyal Customer,47,Business Travel,Eco,363,4,4,4,4,2,2,5,5,5,4,5,4,3,3.92,87,80,TRUE
Male,Loyal Customer,33,Business Travel,Business,2565,4,5,5,5,4,4,4,1,5,1,3,4,4,3.77,35,31,FALSE
Male,Loyal Customer,51,Business Travel,Business,2475,3,3,4,3,4,4,4,4,4,3,4,4,4,3.69,2,0,TRUE
Male,Loyal Customer,30,Business Travel,Business,308,5,5,3,5,4,4,4,4,5,5,4,4,4,4.31,62,61,TRUE
Male,Loyal Customer,47,Business Travel,Business,3120,1,1,1,1,4,4,4,4,2,1,5,4,4,2.77,190,180,TRUE
Male,Loyal Customer,35,Personal Travel,Eco,100,4,2,4,4,4,4,4,4,3,3,3,1,4,3.38,126,123,FALSE
Female,Disloyal Customer,31,Business Travel,Eco,1400,3,3,3,3,4,3,4,4,1,5,3,4,4,3.38,75,37,FALSE
Female,Loyal Customer,54,Business Travel,Business,1721,3,3,3,3,4,4,5,5,5,5,5,5,4,4.15,4,0,TRUE
Male,Loyal Customer,55,Business Travel,Business,2402,2,2,2,2,2,3,3,2,2,2,2,4,4,2.46,102,56,FALSE
Female,Loyal Customer,21,Personal Travel,Eco,646,4,5,4,4,2,4,2,2,3,4,4,2,2,3.23,2,1,TRUE
Female,Loyal Customer,66,Personal Travel,Eco,882,1,4,1,4,2,1,4,4,4,1,4,3,2,2.69,0,6,FALSE
Male,Loyal Customer,26,Business Travel,Business,2425,4,4,4,4,5,4,4,5,2,4,5,4,4,4.08,0,0,TRUE
Male,Loyal Customer,30,Business Travel,Business,2115,0,0,0,2,5,5,5,5,3,4,4,4,5,3.23,2,0,TRUE
Male,Loyal Customer,28,Business Travel,Business,3719,3,3,3,3,5,5,5,5,4,3,5,4,5,4.08,32,15,TRUE
Male,Loyal Customer,11,Personal Travel,Eco,181,2,5,2,5,4,2,4,4,2,4,3,1,4,3.23,0,0,FALSE
Male,Loyal Customer,44,Business Travel,Business,1290,3,3,3,3,4,4,4,4,4,4,4,4,3,3.62,0,0,TRUE
Male,Disloyal Customer,23,Business Travel,Eco,718,3,3,3,5,2,3,2,2,3,2,1,2,2,2.54,0,0,FALSE
Male,Loyal Customer,28,Personal Travel,Business,548,5,5,5,4,3,5,3,3,4,2,4,4,3,3.85,0,0,TRUE
Male,Disloyal Customer,44,Business Travel,Business,1120,4,4,4,1,3,4,3,3,3,2,4,5,3,3.31,0,0,TRUE
Female,Loyal Customer,41,Personal Travel,Eco,580,3,4,3,5,4,3,4,4,5,4,2,4,4,3.77,22,25,FALSE
Male,Loyal Customer,53,Business Travel,Business,814,1,1,1,1,2,4,4,4,4,4,4,4,4,2.92,0,0,TRUE
Female,Loyal Customer,38,Personal Travel,Eco,846,2,4,2,1,4,2,5,4,5,5,5,3,4,3.54,0,6,FALSE
Male,Loyal Customer,25,Personal Travel,Eco,590,2,3,2,3,3,2,3,3,1,1,4,1,3,2.38,0,0,FALSE
Male,Loyal Customer,54,Business Travel,Business,2372,3,3,2,3,3,5,4,5,5,5,5,4,5,4,32,25,TRUE
Male,Loyal Customer,30,Business Travel,Business,3886,1,1,1,1,5,5,5,5,4,4,4,4,5,3.46,0,0,TRUE
Male,Loyal Customer,36,Personal Travel,Eco,838,3,4,3,3,4,3,4,4,5,4,5,3,4,3.77,0,0,FALSE
Female,Loyal Customer,25,Personal Travel,Eco,512,3,4,3,1,2,3,2,2,3,4,4,4,2,2.85,0,0,FALSE
Female,Loyal Customer,38,Personal Travel,Eco,187,5,5,0,3,2,0,2,2,4,2,5,4,2,2.77,0,0,TRUE
Female,Loyal Customer,38,Personal Travel,Eco,405,3,4,3,2,1,3,1,1,5,3,5,3,1,2.69,8,28,FALSE
Male,Loyal Customer,52,Business Travel,Eco,937,5,4,4,4,5,5,5,5,2,5,4,5,5,4.46,9,18,TRUE
Female,Loyal Customer,44,Business Travel,Business,3222,2,2,2,2,4,4,4,4,4,4,4,5,4,3.46,0,0,TRUE
Female,Loyal Customer,14,Personal Travel,Eco,511,2,5,2,5,5,2,5,5,4,4,4,4,5,4,29,8,FALSE
Female,Loyal Customer,17,Business Travel,Business,3152,2,2,2,2,2,2,2,2,2,1,3,2,2,2,0,0,FALSE
Male,Loyal Customer,41,Personal Travel,Eco,163,2,5,0,3,2,0,5,2,5,2,5,5,2,2.92,0,0,FALSE
Female,Disloyal Customer,40,Business Travel,Business,306,5,5,5,5,3,5,3,3,5,1,4,3,3,3.85,14,9,TRUE
Male,Loyal Customer,10,Business Travel,Eco Plus,1449,2,2,4,2,2,2,1,2,3,4,3,4,2,2.54,0,0,FALSE
Male,Loyal Customer,40,Business Travel,Business,1965,2,2,2,2,1,1,5,4,4,4,4,2,5,2.92,0,0,TRUE
Female,Disloyal Customer,48,Business Travel,Eco,305,2,3,2,4,1,2,1,1,4,3,5,3,1,2.46,0,0,FALSE
Male,Loyal Customer,68,Personal Travel,Eco Plus,575,2,5,2,4,4,2,4,4,3,3,4,5,4,3.54,0,0,FALSE
Female,Loyal Customer,60,Business Travel,Business,2787,2,2,2,2,4,4,5,5,5,5,5,5,5,3.92,0,1,TRUE
Female,Loyal Customer,70,Personal Travel,Eco,594,3,4,3,3,5,4,3,1,1,3,1,3,3,2.85,0,0,FALSE
Female,Loyal Customer,51,Business Travel,Business,3540,4,4,4,4,4,4,4,4,4,4,4,3,5,4,0,1,TRUE
Male,Loyal Customer,72,Business Travel,Business,1846,1,5,3,5,1,3,3,3,3,3,1,4,3,2.92,0,0,FALSE
Male,Loyal Customer,48,Personal Travel,Eco,147,2,1,2,4,3,2,3,3,1,2,3,3,3,2.46,33,48,FALSE
Male,Loyal Customer,42,Business Travel,Eco,645,5,1,1,1,3,5,3,3,5,4,1,2,3,2.85,0,0,TRUE
Female,Disloyal Customer,30,Business Travel,Eco,708,3,3,3,4,5,3,5,5,1,2,3,4,5,3.54,0,2,FALSE
Female,Loyal Customer,54,Business Travel,Business,1587,2,2,2,2,5,4,4,3,3,3,3,5,3,3.15,2,0,TRUE
Female,Loyal Customer,40,Business Travel,Business,3557,4,4,4,4,2,4,5,4,4,4,4,5,4,4,0,0,TRUE
Male,Loyal Customer,24,Business Travel,Business,2690,1,3,3,3,1,1,1,1,4,2,3,2,1,2,0,0,FALSE
Male,Loyal Customer,22,Business Travel,Business,3377,3,3,3,3,5,5,5,5,4,3,4,3,5,3.92,26,21,TRUE
Female,Loyal Customer,27,Personal Travel,Eco Plus,749,2,4,2,4,5,2,5,5,2,1,4,4,5,3.46,23,28,FALSE
Male,Loyal Customer,50,Personal Travel,Eco,926,3,4,2,4,1,2,1,1,3,3,4,5,1,2.62,2,0,FALSE
Female,Disloyal Customer,29,Business Travel,Eco,1306,2,2,2,3,5,2,5,5,1,5,4,2,5,3.31,0,0,FALSE
Male,Loyal Customer,66,Personal Travel,Eco,967,1,5,1,4,5,1,5,5,4,5,5,4,5,3.85,0,0,FALSE
Female,Loyal Customer,59,Personal Travel,Eco,1096,2,3,2,4,5,3,3,2,2,2,2,3,3,2.77,0,0,FALSE
Female,Loyal Customer,59,Business Travel,Business,328,2,2,2,2,2,4,4,4,4,4,4,3,4,3.15,0,0,TRUE
Female,Loyal Customer,42,Business Travel,Business,2344,1,1,1,1,5,5,5,4,2,4,5,5,5,3.38,146,151,TRUE
Female,Loyal Customer,22,Business Travel,Eco Plus,157,5,5,5,5,5,5,4,5,3,5,1,4,5,4.38,0,0,TRUE
Female,Loyal Customer,36,Personal Travel,Eco Plus,484,3,1,3,2,1,3,1,1,3,3,2,2,1,2,5,0,FALSE
Male,Loyal Customer,58,Business Travel,Business,954,4,1,1,1,4,3,3,4,4,4,4,2,1,2.77,37,21,FALSE
Female,Loyal Customer,42,Business Travel,Business,3885,5,5,5,5,5,5,4,4,4,4,4,5,5,4.62,4,0,TRUE
Male,Loyal Customer,57,Business Travel,Business,844,2,2,5,2,5,5,5,5,3,4,4,5,5,4,173,153,TRUE
Female,Loyal Customer,20,Personal Travel,Eco,258,4,4,4,5,1,4,1,1,4,3,4,3,1,3,7,7,FALSE
Female,Loyal Customer,58,Business Travel,Business,2849,1,1,1,1,2,4,5,3,3,3,3,4,3,2.62,5,0,TRUE
Female,Loyal Customer,47,Business Travel,Eco,508,4,5,5,5,2,5,5,4,4,4,4,2,4,4.08,0,0,TRUE
Female,Loyal Customer,12,Business Travel,Business,3326,1,1,1,1,4,4,4,4,5,5,5,4,4,3.31,4,0,TRUE
Male,Loyal Customer,70,Personal Travel,Eco,1236,3,5,3,2,3,3,3,3,4,5,4,5,3,3.54,87,84,FALSE
Female,Disloyal Customer,21,Business Travel,Eco,362,2,0,2,3,1,2,1,1,3,5,5,4,1,2.31,9,3,FALSE
Male,Loyal Customer,41,Business Travel,Business,594,4,4,4,4,2,5,5,5,5,5,5,3,4,4.23,0,0,TRUE
Male,Loyal Customer,40,Personal Travel,Eco,2399,1,4,1,3,1,1,1,1,3,5,5,4,1,2.38,0,0,FALSE
Female,Loyal Customer,66,Business Travel,Business,216,2,5,5,5,3,4,3,5,5,4,2,3,4,3.85,0,0,FALSE
Female,Loyal Customer,18,Business Travel,Business,591,1,5,5,5,1,1,1,1,1,4,3,4,1,2.54,33,35,FALSE
Female,Loyal Customer,44,Business Travel,Business,228,1,1,1,1,2,5,5,4,4,4,4,3,4,3,0,0,TRUE
Female,Loyal Customer,44,Business Travel,Eco,464,4,3,3,3,1,4,3,4,4,4,4,2,5,3.38,0,0,TRUE
Female,Disloyal Customer,36,Business Travel,Eco,268,2,1,3,3,5,3,5,5,3,1,3,1,5,3.08,0,10,FALSE
Male,Loyal Customer,16,Personal Travel,Eco,406,3,1,3,3,4,3,5,4,3,1,3,1,4,2.92,9,8,FALSE
Male,Loyal Customer,54,Personal Travel,Eco Plus,541,4,5,4,3,5,4,5,5,5,3,4,3,5,4.23,0,0,FALSE
Male,Disloyal Customer,42,Business Travel,Business,267,5,5,5,4,2,5,2,2,1,1,3,5,2,3.23,83,69,TRUE
Male,Loyal Customer,42,Business Travel,Business,3778,2,2,2,2,5,4,4,4,4,4,4,3,3,3.31,0,0,TRUE
Female,Disloyal Customer,24,Business Travel,Business,258,5,0,5,3,3,5,2,3,5,5,4,4,3,3.62,12,0,TRUE
Female,Loyal Customer,56,Personal Travel,Eco,308,5,5,5,1,3,4,5,2,2,5,2,3,4,3.54,11,3,TRUE
Male,Disloyal Customer,46,Business Travel,Business,1005,4,4,4,3,3,4,3,3,4,4,4,5,3,3.69,0,8,TRUE
Male,Loyal Customer,36,Business Travel,Eco,1464,4,5,5,5,4,4,4,4,3,1,5,5,4,4.08,63,63,TRUE
Female,Loyal Customer,23,Personal Travel,Eco,1276,1,5,1,4,4,1,4,4,5,5,4,5,4,3.62,54,50,FALSE
Male,Disloyal Customer,38,Business Travel,Eco,834,2,2,2,4,5,2,5,5,5,1,5,2,5,3.46,0,0,FALSE
Female,Loyal Customer,40,Personal Travel,Eco,733,4,1,4,3,5,4,4,5,2,1,3,1,5,3.23,0,3,FALSE
Male,Loyal Customer,7,Personal Travel,Eco,577,3,3,3,3,5,3,5,5,2,1,3,1,5,3.23,12,38,FALSE
Female,Loyal Customer,10,Personal Travel,Eco,187,3,4,3,2,5,3,5,5,3,2,5,5,5,3.85,27,28,FALSE
Female,Loyal Customer,50,Personal Travel,Eco,989,2,4,2,2,2,5,5,3,3,2,3,3,5,3.15,127,104,FALSE
Female,Loyal Customer,41,Business Travel,Business,2770,4,5,3,5,5,3,3,1,1,1,4,3,2,3.08,0,0,FALSE
Male,Loyal Customer,42,Business Travel,Business,1389,1,1,1,1,5,5,4,4,4,4,4,4,4,3.23,15,0,TRUE
Male,Disloyal Customer,59,Business Travel,Eco,467,2,2,2,4,3,2,3,3,4,1,4,4,3,2.85,0,8,FALSE
Male,Loyal Customer,17,Personal Travel,Eco,534,5,5,5,5,3,5,3,3,5,3,5,3,3,4.08,27,21,TRUE
Female,Loyal Customer,53,Business Travel,Business,1588,0,0,0,3,3,4,4,5,5,4,4,3,4,3,7,18,TRUE
Female,Loyal Customer,62,Business Travel,Eco,482,4,3,3,3,4,2,3,4,4,4,4,3,3,3.38,15,23,FALSE
Male,Disloyal Customer,21,Business Travel,Business,501,4,1,4,2,1,4,1,1,4,4,5,3,1,2.69,0,0,TRUE
Male,Loyal Customer,40,Business Travel,Business,2329,1,1,2,1,2,5,4,4,4,4,4,1,3,2.77,5,0,TRUE
Male,Loyal Customer,33,Business Travel,Business,2123,2,2,2,2,4,4,4,4,4,2,5,3,4,3.23,21,11,TRUE
Female,Loyal Customer,37,Business Travel,Business,602,5,5,4,5,5,5,5,4,4,4,4,4,4,4.46,0,0,TRUE
Male,Loyal Customer,45,Business Travel,Business,1440,3,5,5,5,1,3,4,3,3,3,3,4,1,3.31,0,0,FALSE
Female,Loyal Customer,48,Business Travel,Business,967,2,2,2,2,4,4,4,5,5,5,5,5,5,3.85,0,0,TRUE
Female,Loyal Customer,79,Business Travel,Eco Plus,116,2,2,2,2,4,4,3,2,2,2,2,1,4,2.46,15,4,FALSE
Female,Loyal Customer,46,Personal Travel,Eco Plus,1235,3,4,3,2,5,3,4,1,1,3,1,4,3,2.85,0,0,FALSE
Male,Disloyal Customer,38,Business Travel,Eco,677,3,3,3,4,2,3,2,2,3,3,4,4,2,2.92,0,0,FALSE
Male,Disloyal Customer,26,Business Travel,Business,580,2,2,2,4,2,2,2,2,5,3,4,3,2,2.69,0,1,FALSE
Male,Loyal Customer,58,Business Travel,Business,919,1,1,1,1,3,5,5,2,2,2,2,5,3,2.54,0,0,TRUE
Female,Loyal Customer,43,Business Travel,Business,2298,2,2,3,2,5,5,4,4,4,4,4,4,4,3.62,1,0,TRUE
Male,Loyal Customer,59,Business Travel,Business,312,1,1,1,1,2,4,4,5,5,5,5,3,5,3.23,26,18,TRUE
Female,Loyal Customer,53,Business Travel,Business,1727,1,1,1,1,4,5,5,4,4,4,4,4,5,3.31,0,0,TRUE
Female,Loyal Customer,35,Personal Travel,Eco,86,3,4,3,1,2,3,2,2,3,5,5,4,2,3,0,0,FALSE
Male,Loyal Customer,25,Personal Travel,Eco,602,2,1,2,3,4,2,4,4,2,1,2,2,4,2.54,0,5,FALSE
Male,Loyal Customer,43,Business Travel,Business,2773,4,4,4,4,5,5,5,5,5,5,5,5,5,4.69,0,0,TRUE
Female,Loyal Customer,50,Business Travel,Business,3252,5,5,3,5,5,4,5,4,4,4,5,3,5,4.38,0,0,TRUE
Male,Loyal Customer,36,Business Travel,Eco,236,2,1,1,1,2,2,2,2,1,5,3,2,2,2,0,7,FALSE
Female,Loyal Customer,35,Business Travel,Business,1121,4,4,4,4,5,4,5,5,5,5,5,3,5,4.46,51,36,TRUE
Female,Loyal Customer,65,Business Travel,Eco,748,4,5,5,5,5,4,4,4,4,4,4,2,1,3.92,0,0,FALSE
Male,Loyal Customer,46,Business Travel,Business,3095,4,1,4,4,5,5,5,5,5,4,5,5,5,4.38,246,242,TRUE
Female,Loyal Customer,32,Personal Travel,Eco,1990,3,3,3,1,5,3,5,5,4,4,2,3,5,3.54,14,26,FALSE
Female,Loyal Customer,72,Business Travel,Business,2641,1,1,2,1,3,4,5,4,4,4,5,3,5,3.23,4,0,TRUE
Female,Loyal Customer,17,Business Travel,Business,1874,5,5,5,5,4,4,4,4,4,4,4,3,4,4.23,0,0,TRUE
Male,Loyal Customer,47,Personal Travel,Eco,363,4,5,4,4,4,4,4,4,5,4,4,5,4,4.23,6,14,FALSE
Female,Loyal Customer,66,Personal Travel,Eco,416,1,3,1,2,1,2,2,5,2,5,4,2,2,2.46,226,221,FALSE
Female,Loyal Customer,50,Personal Travel,Eco,533,0,5,0,2,4,4,4,2,2,0,2,4,5,2.62,0,0,TRUE
Female,Loyal Customer,49,Business Travel,Business,265,0,0,0,2,4,4,2,4,5,4,5,2,2,2.62,151,138,TRUE
Female,Loyal Customer,49,Business Travel,Business,631,1,1,1,1,3,5,4,3,3,3,3,4,4,2.77,0,10,TRUE
Male,Loyal Customer,60,Business Travel,Business,3094,3,3,3,3,2,4,5,5,5,5,5,4,3,3.85,15,3,TRUE
Female,Loyal Customer,8,Personal Travel,Business,733,2,2,2,4,5,2,5,5,4,5,3,2,5,3.54,0,0,FALSE
Male,Loyal Customer,70,Personal Travel,Eco,1065,1,3,1,3,3,1,3,3,1,1,4,4,3,2.38,0,3,FALSE
Male,Loyal Customer,48,Personal Travel,Eco,1947,3,4,3,2,4,3,4,4,4,3,5,5,4,3.69,1,0,FALSE
Male,Loyal Customer,50,Business Travel,Business,3630,4,4,4,4,4,4,4,5,4,4,4,4,4,4.08,171,169,TRUE
Male,Loyal Customer,57,Business Travel,Business,3337,3,3,3,3,2,4,4,4,4,4,4,5,3,3.54,48,38,TRUE
Female,Loyal Customer,8,Personal Travel,Eco,954,3,5,3,3,2,3,2,2,5,5,4,4,2,3.31,0,10,FALSE
Female,Loyal Customer,47,Personal Travel,Eco,526,5,4,5,3,2,4,4,2,2,5,2,5,4,3.62,0,10,TRUE
Female,Loyal Customer,25,Business Travel,Business,2486,1,1,1,1,5,5,5,5,5,4,3,3,5,3.38,1,0,TRUE
Male,Loyal Customer,8,Personal Travel,Eco,282,4,4,4,3,2,4,3,2,5,4,4,4,2,3.46,5,14,FALSE
Male,Loyal Customer,60,Business Travel,Business,372,3,3,3,3,3,4,4,5,5,5,5,5,3,3.92,0,0,TRUE
Female,Loyal Customer,23,Business Travel,Eco,522,3,2,2,2,3,3,2,3,3,1,3,2,3,2.46,0,34,FALSE
Male,Loyal Customer,36,Business Travel,Business,369,3,3,3,3,4,3,3,1,3,4,4,3,3,3.08,153,153,FALSE
Male,Disloyal Customer,23,Business Travel,Business,383,4,0,4,3,5,4,5,5,5,5,4,3,5,4,0,0,TRUE
Female,Loyal Customer,63,Personal Travel,Eco,551,2,1,2,1,3,1,2,5,5,2,5,3,3,2.69,0,0,FALSE
Female,Disloyal Customer,20,Business Travel,Eco,448,4,3,4,2,2,4,2,2,5,1,1,1,2,2.54,32,39,FALSE
Male,Loyal Customer,54,Business Travel,Eco Plus,157,5,1,1,1,5,5,5,5,4,5,5,4,5,3.92,0,0,TRUE
Female,Disloyal Customer,36,Business Travel,Business,918,4,4,4,2,2,4,2,2,4,3,4,4,2,3.15,0,0,FALSE
Male,Loyal Customer,12,Personal Travel,Eco,719,5,4,5,3,3,5,2,3,3,4,4,5,3,3.77,2,0,TRUE
Female,Loyal Customer,44,Personal Travel,Eco,717,3,4,3,3,4,2,2,5,5,3,5,3,5,3.62,13,10,FALSE
Female,Loyal Customer,37,Personal Travel,Business,95,2,3,2,1,1,4,1,5,5,2,5,2,5,2.92,0,0,FALSE
Male,Disloyal Customer,26,Business Travel,Business,715,3,3,3,4,1,3,1,1,4,4,5,3,1,2.77,0,0,FALSE
Female,Loyal Customer,38,Business Travel,Business,3560,5,5,5,5,3,5,5,5,5,4,5,4,3,4.54,1,12,TRUE
Female,Loyal Customer,11,Personal Travel,Eco,163,3,5,0,2,2,0,2,2,4,2,4,3,2,2.38,0,0,FALSE
Male,Loyal Customer,52,Personal Travel,Eco Plus,1009,2,4,2,1,5,2,5,5,2,5,1,5,5,3.38,0,0,FALSE
Female,Loyal Customer,56,Business Travel,Business,2077,5,5,5,5,2,5,5,5,5,5,5,3,5,4.62,63,44,TRUE
Male,Loyal Customer,21,Business Travel,Business,666,4,4,4,4,3,3,3,3,4,5,1,4,3,3.46,57,53,TRUE
Male,Loyal Customer,14,Personal Travel,Eco,414,4,4,4,4,2,4,2,2,5,5,5,5,2,3.69,0,0,FALSE
Female,Loyal Customer,70,Personal Travel,Eco Plus,842,2,5,2,2,2,5,5,5,5,2,5,3,3,3.54,0,0,FALSE
Male,Loyal Customer,53,Business Travel,Business,3583,2,2,2,2,2,5,5,5,5,5,5,5,4,3.77,0,0,TRUE
Female,Disloyal Customer,22,Business Travel,Eco,985,2,2,2,3,4,2,4,4,3,1,3,2,4,2.77,45,36,FALSE
Male,Loyal Customer,27,Personal Travel,Business,366,4,3,4,1,1,4,1,1,2,1,5,2,1,2.31,1,6,FALSE
Female,Loyal Customer,12,Personal Travel,Eco,2133,4,5,4,2,5,4,3,5,3,1,5,4,5,3.85,2,0,TRUE
Female,Loyal Customer,7,Personal Travel,Eco,735,1,4,1,2,2,1,2,2,5,5,4,5,2,2.77,28,22,FALSE
Female,Disloyal Customer,24,Business Travel,Eco,345,4,4,4,3,4,4,4,4,5,2,4,3,4,3.77,0,0,FALSE
Male,Loyal Customer,44,Personal Travel,Eco,315,2,5,2,4,1,2,1,1,4,4,5,3,1,2.69,0,0,FALSE
Male,Loyal Customer,44,Personal Travel,Eco,2139,3,4,3,4,2,3,4,2,4,3,5,5,2,3.38,0,0,FALSE
Male,Loyal Customer,28,Personal Travel,Eco,1020,3,1,3,4,3,3,3,3,4,4,4,4,3,3.23,0,0,FALSE
Male,Loyal Customer,21,Business Travel,Business,3991,5,5,2,5,4,4,4,4,3,3,5,5,4,4.08,0,4,TRUE
Male,Loyal Customer,7,Personal Travel,Eco,985,2,5,1,3,1,1,1,1,3,5,4,3,1,2.38,0,0,FALSE
Male,Disloyal Customer,39,Business Travel,Business,347,4,4,4,2,3,4,3,3,2,2,1,3,3,2.92,0,0,TRUE
Female,Loyal Customer,39,Personal Travel,Eco,802,4,5,5,1,3,5,3,3,3,3,4,4,3,3.54,122,111,FALSE
Male,Loyal Customer,46,Personal Travel,Business,429,1,0,1,3,4,5,4,2,2,1,2,5,5,2.69,0,0,FALSE
Female,Loyal Customer,27,Business Travel,Business,1535,3,3,3,3,4,4,4,4,3,2,4,3,4,3.38,0,10,TRUE
Female,Disloyal Customer,46,Business Travel,Eco,1121,2,3,3,3,5,3,1,5,5,2,5,1,5,3.31,0,0,FALSE
Male,Loyal Customer,25,Business Travel,Business,3601,3,3,3,3,4,4,4,4,4,5,5,3,4,3.77,0,0,TRUE
Female,Loyal Customer,51,Business Travel,Business,2725,1,1,1,1,2,4,5,5,5,5,5,4,3,3.23,0,0,TRUE
Male,Loyal Customer,59,Business Travel,Business,1758,2,2,2,2,3,4,5,4,4,4,4,3,5,3.38,10,12,TRUE
Male,Loyal Customer,41,Personal Travel,Eco,523,3,3,3,3,3,3,3,3,4,2,4,3,3,3.08,0,72,FALSE
Male,Disloyal Customer,49,Business Travel,Business,214,2,2,2,4,5,2,5,5,4,3,5,4,5,3.69,0,0,FALSE
Male,Loyal Customer,18,Personal Travel,Eco,1013,3,1,3,4,5,3,5,5,3,5,4,1,5,3.62,32,9,FALSE
Female,Disloyal Customer,24,Business Travel,Eco,606,4,0,4,2,2,4,2,2,5,3,5,4,2,3,20,15,TRUE
Female,Loyal Customer,34,Personal Travel,Eco,374,4,2,4,3,2,4,2,2,4,3,3,2,2,2.85,0,0,FALSE
Male,Loyal Customer,24,Personal Travel,Eco Plus,469,3,4,3,3,4,3,4,4,4,3,5,5,4,3.77,16,22,FALSE
Male,Loyal Customer,69,Personal Travel,Eco,224,2,3,2,4,2,2,1,2,2,5,2,5,2,2.62,0,0,FALSE
Male,Loyal Customer,53,Business Travel,Business,3825,0,0,0,2,5,4,4,4,4,4,4,3,4,2.92,28,26,TRUE
Female,Loyal Customer,60,Personal Travel,Eco,680,3,5,2,2,4,5,5,2,2,2,2,5,4,3.31,5,6,FALSE
Male,Loyal Customer,19,Personal Travel,Eco,200,2,4,2,1,5,2,5,5,4,5,2,5,5,3.62,0,15,FALSE
Female,Loyal Customer,39,Personal Travel,Eco,954,1,5,1,2,3,1,5,3,4,3,5,3,3,3,18,3,FALSE
Female,Disloyal Customer,27,Business Travel,Business,236,5,5,5,2,5,5,5,5,5,3,5,5,5,4.62,0,3,TRUE
Male,Loyal Customer,38,Business Travel,Business,334,4,2,2,2,1,3,3,4,4,4,4,3,2,2.92,99,80,FALSE
Male,Loyal Customer,21,Personal Travel,Eco Plus,175,2,5,2,5,1,2,1,1,2,4,1,5,1,2.46,0,20,FALSE
Male,Loyal Customer,45,Business Travel,Business,3700,2,2,2,2,3,4,4,5,5,5,5,4,3,3.54,77,86,TRUE
Male,Disloyal Customer,23,Business Travel,Eco,989,1,1,1,2,4,1,4,4,5,3,5,5,4,3.08,66,75,FALSE
Male,Disloyal Customer,25,Business Travel,Eco,1235,5,5,5,1,1,5,1,1,5,5,4,3,1,3.23,0,0,TRUE
Female,Loyal Customer,38,Business Travel,Business,3302,4,4,4,4,2,3,3,4,4,3,4,1,1,3.15,0,0,FALSE
Female,Loyal Customer,40,Business Travel,Business,3393,5,5,5,5,2,5,1,4,4,4,4,1,4,3.77,0,0,TRUE
Male,Loyal Customer,55,Personal Travel,Eco,1047,3,4,3,3,3,3,3,3,5,4,4,3,3,3.38,1,0,FALSE
Female,Disloyal Customer,23,Business Travel,Eco,404,1,5,1,4,2,1,2,2,3,4,4,5,2,2.77,6,1,FALSE
Female,Loyal Customer,64,Personal Travel,Eco,1055,3,4,4,3,3,5,4,4,4,4,4,3,5,3.85,11,17,FALSE
Female,Loyal Customer,25,Business Travel,Business,3229,5,5,5,5,4,4,4,4,1,4,4,4,4,4.08,20,44,TRUE
Male,Loyal Customer,52,Business Travel,Eco,1182,4,4,4,4,4,4,4,4,2,4,3,2,4,3.62,0,0,TRUE
Female,Disloyal Customer,23,Business Travel,Eco,677,1,1,1,3,2,1,2,2,4,3,5,3,2,2.31,0,12,FALSE
Male,Loyal Customer,44,Business Travel,Business,1547,2,2,2,2,3,5,5,4,4,4,4,5,5,3.62,0,0,TRUE
Female,Loyal Customer,54,Personal Travel,Eco,826,3,4,3,3,5,4,5,3,3,3,3,3,4,3.54,73,70,FALSE
Male,Loyal Customer,29,Personal Travel,Eco,529,5,5,5,5,3,5,3,3,4,4,5,3,3,4.08,0,2,TRUE
Male,Disloyal Customer,66,Business Travel,Business,408,5,5,5,1,2,5,2,2,3,2,4,3,2,3.15,0,0,TRUE
Male,Loyal Customer,29,Business Travel,Business,1592,3,3,3,3,3,3,3,3,2,5,2,3,3,3,13,55,FALSE
Male,Loyal Customer,40,Business Travel,Eco,365,5,1,1,1,5,5,5,5,1,3,4,4,5,3.46,0,0,TRUE
Female,Loyal Customer,46,Business Travel,Business,2104,1,1,1,1,4,5,1,2,2,2,2,1,4,2.08,10,6,TRUE
Female,Loyal Customer,11,Personal Travel,Eco,557,3,4,3,1,4,3,4,4,3,5,2,3,4,3.31,0,0,FALSE
Male,Loyal Customer,23,Business Travel,Business,617,2,2,2,2,4,4,4,4,1,4,1,4,4,2.92,78,45,TRUE
Male,Disloyal Customer,35,Business Travel,Business,1587,2,2,2,3,2,2,2,2,3,3,3,4,2,2.46,0,6,FALSE
Male,Loyal Customer,53,Business Travel,Business,1754,1,5,1,1,1,1,1,3,2,4,3,1,1,1.92,199,188,FALSE
Female,Loyal Customer,42,Business Travel,Business,607,3,3,3,3,5,3,1,4,4,4,4,3,4,3.38,0,0,TRUE
Male,Disloyal Customer,15,Business Travel,Eco,812,3,3,3,3,1,3,1,1,2,4,4,2,1,2.38,0,22,FALSE
Male,Loyal Customer,54,Personal Travel,Eco Plus,1506,4,3,4,3,4,4,4,4,4,1,2,3,4,3.38,0,0,TRUE
Female,Loyal Customer,39,Business Travel,Business,2218,3,3,3,3,3,3,5,5,5,5,5,5,4,4,0,0,TRUE
Female,Loyal Customer,48,Business Travel,Business,2172,2,4,4,4,5,4,4,2,2,2,2,1,4,3.08,0,0,FALSE
Female,Loyal Customer,39,Business Travel,Business,541,2,2,2,2,2,4,3,2,2,2,2,3,4,2.46,25,24,FALSE
Male,Loyal Customer,22,Personal Travel,Eco,489,3,5,3,5,3,3,3,3,4,4,4,2,3,3.46,0,0,FALSE
Female,Loyal Customer,56,Personal Travel,Eco,2475,1,5,1,1,2,1,3,2,2,1,2,2,4,2.08,3,0,FALSE
Male,Loyal Customer,59,Personal Travel,Eco,612,3,5,3,1,5,3,5,5,4,4,1,1,5,3.46,2,0,FALSE
Female,Loyal Customer,70,Personal Travel,Eco,1399,4,5,4,5,3,5,3,2,2,4,2,5,3,3.62,11,0,TRUE
Female,Loyal Customer,37,Business Travel,Eco,209,2,3,4,3,2,3,2,2,1,5,4,2,2,2.69,0,7,FALSE
Male,Loyal Customer,35,Business Travel,Eco,846,3,4,4,4,3,4,3,3,4,1,1,3,3,3.08,0,0,TRUE
Male,Loyal Customer,48,Business Travel,Business,1399,3,3,3,3,3,5,5,5,5,5,5,4,3,4,0,0,TRUE
Female,Loyal Customer,53,Business Travel,Business,2472,2,2,2,2,5,4,5,5,5,5,5,5,4,3.92,0,0,TRUE
Female,Loyal Customer,38,Business Travel,Eco,180,5,5,5,5,5,5,5,5,4,1,1,1,5,4,10,0,TRUE
Male,Loyal Customer,38,Personal Travel,Eco,101,3,4,3,4,4,3,4,4,5,2,4,4,4,3.69,0,7,FALSE
Female,Loyal Customer,55,Business Travel,Business,3484,5,5,2,5,2,4,5,4,4,4,4,4,5,4.08,36,25,TRUE
Female,Loyal Customer,42,Business Travel,Business,744,3,3,4,3,4,4,1,5,5,5,5,2,4,3.69,0,16,TRUE
Male,Disloyal Customer,25,Business Travel,Eco,1237,1,1,1,2,2,1,1,2,4,5,5,1,2,2.15,3,0,FALSE
Female,Loyal Customer,31,Business Travel,Business,3917,5,5,5,5,5,5,5,5,3,3,5,5,5,4.69,0,0,TRUE
Male,Loyal Customer,49,Personal Travel,Eco,1107,3,4,3,4,4,3,4,4,3,4,5,4,4,3.77,90,100,FALSE
Male,Loyal Customer,60,Business Travel,Business,1416,3,2,4,2,2,4,3,3,3,3,3,1,3,2.77,0,0,FALSE
Male,Disloyal Customer,29,Business Travel,Business,1514,2,2,2,3,3,2,3,3,4,5,4,5,3,3.15,0,1,FALSE
Female,Disloyal Customer,21,Business Travel,Eco,641,3,2,3,4,1,3,1,1,1,3,4,4,1,2.38,22,28,FALSE
Female,Loyal Customer,62,Business Travel,Business,1176,4,3,3,3,1,4,4,4,4,4,4,4,4,3.54,7,14,FALSE
Male,Loyal Customer,57,Personal Travel,Eco,453,2,3,2,4,3,2,3,3,4,2,4,2,3,2.85,0,0,FALSE
Male,Loyal Customer,42,Business Travel,Business,3525,0,0,0,1,2,1,4,4,4,5,5,5,4,2.69,0,0,TRUE
Male,Disloyal Customer,36,Business Travel,Eco,718,4,4,4,3,2,4,2,2,4,2,5,5,2,3.31,0,0,FALSE
Male,Loyal Customer,16,Personal Travel,Eco,570,4,1,4,2,4,4,4,4,2,3,2,1,4,3,0,0,FALSE
Male,Loyal Customer,53,Business Travel,Eco,859,3,1,2,1,3,3,3,3,3,5,1,4,3,2.69,6,0,FALSE
Female,Loyal Customer,52,Business Travel,Eco,326,4,4,4,4,2,1,2,4,4,4,4,1,3,3.15,0,0,TRUE
Female,Loyal Customer,58,Business Travel,Business,666,3,5,1,1,1,4,4,3,3,3,3,1,2,2.62,0,0,FALSE
Female,Loyal Customer,37,Business Travel,Eco,153,4,5,5,5,4,4,4,4,4,5,4,3,4,4.23,73,73,FALSE
Male,Loyal Customer,19,Business Travel,Eco Plus,325,0,4,0,2,4,0,4,4,4,1,3,1,4,2.38,0,0,TRUE
Male,Loyal Customer,60,Business Travel,Business,644,1,1,1,1,4,5,5,5,5,5,5,4,4,3.54,8,15,TRUE
Male,Loyal Customer,53,Business Travel,Business,3835,2,2,2,2,5,4,5,3,3,4,3,5,4,3.38,0,0,TRUE
Female,Loyal Customer,58,Business Travel,Business,602,1,1,1,1,4,4,5,4,4,4,4,4,3,3.08,0,0,TRUE
Male,Disloyal Customer,18,Business Travel,Eco,139,2,4,2,3,3,2,3,3,3,3,4,3,3,2.92,84,89,FALSE
Male,Loyal Customer,26,Personal Travel,Eco,986,1,4,1,3,1,2,4,4,5,4,5,4,4,3.23,154,152,FALSE
Female,Loyal Customer,43,Business Travel,Business,2765,4,4,4,4,3,5,5,5,5,5,5,3,4,4.31,0,0,TRUE
Male,Loyal Customer,23,Personal Travel,Eco,657,3,1,3,2,3,3,3,3,1,5,1,3,3,2.62,23,12,FALSE
Female,Disloyal Customer,30,Business Travel,Eco,674,1,1,1,3,5,1,5,5,2,3,3,1,5,2.77,0,0,FALSE
Male,Loyal Customer,16,Personal Travel,Eco,616,4,3,4,4,3,4,3,3,2,1,4,3,3,3.15,40,36,FALSE
Female,Loyal Customer,48,Personal Travel,Eco Plus,507,2,5,2,5,3,4,4,5,5,2,5,4,4,3.85,6,7,FALSE
Male,Loyal Customer,30,Business Travel,Eco Plus,2777,4,4,4,4,4,4,4,4,1,3,4,5,4,3.77,0,0,TRUE
Female,Disloyal Customer,45,Business Travel,Eco,131,4,3,4,5,1,4,1,1,3,2,4,1,1,2.62,0,0,FALSE
Female,Loyal Customer,41,Business Travel,Business,528,2,2,2,2,5,4,4,5,5,4,5,4,5,3.77,14,20,TRUE
Male,Loyal Customer,37,Personal Travel,Eco,451,4,2,4,4,1,4,1,1,4,4,3,4,1,2.85,0,0,FALSE
Male,Loyal Customer,49,Personal Travel,Eco,545,2,4,2,4,2,2,2,2,2,5,4,5,2,2.92,0,2,FALSE
Male,Loyal Customer,50,Business Travel,Eco,192,3,3,3,3,3,3,3,3,3,2,2,2,3,2.77,41,47,FALSE
Female,Loyal Customer,29,Personal Travel,Eco,882,0,1,0,3,5,0,5,5,1,3,3,3,5,2.62,16,5,TRUE
Male,Loyal Customer,52,Personal Travel,Eco,605,1,4,1,1,1,1,1,1,5,2,5,5,1,2.23,0,0,FALSE
Male,Loyal Customer,69,Business Travel,Business,842,2,2,2,2,2,4,3,2,2,2,2,3,4,2.46,0,1,FALSE
Male,Loyal Customer,38,Personal Travel,Eco,2248,4,4,4,3,3,4,3,3,5,5,4,3,3,3.69,0,0,TRUE
Male,Disloyal Customer,23,Business Travel,Eco,515,5,0,5,5,2,5,2,2,3,5,4,4,2,3.38,2,35,TRUE
Female,Loyal Customer,52,Personal Travel,Eco,641,2,5,2,1,5,5,4,1,1,2,4,3,5,3.08,0,1,FALSE
Male,Loyal Customer,53,Business Travel,Eco,101,1,2,2,2,1,1,1,1,3,2,4,4,1,1.92,0,0,FALSE
Female,Loyal Customer,35,Business Travel,Business,109,4,3,4,3,2,4,3,3,3,3,4,4,3,3.31,24,18,FALSE
Male,Loyal Customer,52,Business Travel,Business,903,2,1,1,1,1,4,4,2,2,2,2,3,2,2.08,0,0,FALSE
Male,Loyal Customer,50,Business Travel,Business,3020,3,5,5,5,5,1,2,3,3,3,3,1,4,3.31,0,0,FALSE
Male,Loyal Customer,48,Business Travel,Business,229,5,5,5,5,5,4,5,4,4,4,4,5,3,4.46,24,5,TRUE
Male,Loyal Customer,42,Business Travel,Business,3611,3,3,3,3,2,4,3,5,5,5,5,1,1,3.31,0,0,TRUE
Female,Loyal Customer,69,Personal Travel,Eco,3904,2,2,2,4,2,3,5,4,5,4,4,5,5,3.62,15,0,FALSE
Male,Loyal Customer,22,Business Travel,Business,1258,2,1,1,1,2,2,2,2,1,4,4,3,2,2.08,0,0,FALSE
Male,Loyal Customer,80,Business Travel,Eco,413,1,2,2,2,1,1,1,1,3,4,2,4,1,1.92,36,23,FALSE
Male,Loyal Customer,53,Business Travel,Business,1346,4,4,4,4,5,5,5,5,5,5,5,5,4,4.62,36,13,TRUE
Male,Loyal Customer,22,Personal Travel,Eco,296,5,4,5,3,1,5,1,1,3,4,5,3,1,3.15,0,0,TRUE
Male,Loyal Customer,45,Business Travel,Business,404,1,1,1,1,3,5,5,4,4,5,4,5,5,3.38,0,8,TRUE
Female,Loyal Customer,43,Personal Travel,Business,1005,3,4,3,5,5,5,4,1,1,3,1,3,5,3.31,0,0,FALSE
Male,Loyal Customer,44,Business Travel,Business,1702,3,3,3,3,2,3,5,3,3,3,3,3,2,3,19,13,TRUE
Female,Loyal Customer,25,Business Travel,Business,3733,2,5,5,5,2,2,2,2,3,3,3,4,2,3.08,0,0,FALSE
Male,Loyal Customer,37,Business Travel,Business,1187,2,2,2,2,4,3,3,5,5,5,5,5,2,3.46,8,0,TRUE
Female,Loyal Customer,22,Business Travel,Business,1744,3,3,3,3,5,5,5,5,4,4,4,5,5,4.15,0,0,TRUE
Female,Loyal Customer,56,Business Travel,Eco,346,5,2,2,2,4,5,3,5,5,5,5,2,5,3.85,8,22,TRUE
Female,Loyal Customer,41,Business Travel,Business,101,2,2,2,2,4,3,4,5,5,5,4,4,5,3.62,0,0,TRUE
Female,Loyal Customer,50,Business Travel,Eco Plus,588,4,1,1,1,3,1,4,4,4,4,4,3,3,2.85,0,0,TRUE
Male,Loyal Customer,44,Personal Travel,Eco,1788,1,2,1,3,5,1,5,5,4,3,1,4,5,3.08,0,0,FALSE
Male,Loyal Customer,53,Personal Travel,Eco,402,2,4,2,2,4,2,4,4,4,5,4,5,4,3.54,0,0,FALSE
Male,Loyal Customer,51,Business Travel,Eco Plus,239,3,2,2,2,4,3,4,4,3,2,4,3,4,3.08,4,0,FALSE
Male,Loyal Customer,44,Personal Travel,Eco,214,2,0,2,2,4,2,4,4,2,4,1,1,4,2.46,0,0,FALSE
Male,Loyal Customer,56,Business Travel,Business,209,5,5,5,5,2,5,1,5,5,5,5,5,4,4.38,0,0,TRUE
Male,Loyal Customer,20,Personal Travel,Eco,956,4,5,5,1,5,5,4,5,4,4,4,4,5,4.23,0,10,FALSE
Male,Loyal Customer,16,Personal Travel,Eco,1739,2,5,1,4,2,1,4,2,5,2,5,5,2,3.08,11,0,FALSE
Female,Disloyal Customer,47,Business Travel,Eco,368,1,0,1,2,5,1,5,5,3,4,5,2,5,3,2,0,FALSE
Male,Loyal Customer,47,Business Travel,Business,936,5,5,5,5,2,4,4,5,5,5,5,5,4,4.54,0,6,TRUE
Female,Loyal Customer,40,Business Travel,Business,936,5,5,5,5,2,4,5,4,4,5,4,3,5,4.31,0,0,TRUE
Female,Loyal Customer,27,Personal Travel,Eco Plus,589,2,4,2,3,5,2,5,5,3,3,4,4,5,3.62,16,4,FALSE
Female,Loyal Customer,47,Business Travel,Business,3913,5,5,5,5,3,5,5,5,5,5,5,5,3,4.69,0,1,TRUE
Female,Loyal Customer,38,Business Travel,Eco,842,2,2,2,2,2,2,2,2,2,3,4,4,2,2.38,0,10,FALSE
Female,Disloyal Customer,26,Business Travel,Business,2342,3,3,3,2,3,2,2,4,2,5,5,2,2,2.92,0,0,FALSE
Male,Loyal Customer,31,Personal Travel,Eco,1310,2,5,2,2,5,2,5,5,5,3,4,5,5,3.85,0,20,FALSE
Female,Loyal Customer,25,Business Travel,Business,462,3,4,4,4,3,3,3,3,3,5,4,2,3,3.38,96,78,FALSE
Female,Loyal Customer,13,Personal Travel,Eco,802,2,4,2,4,4,2,4,4,1,2,4,4,4,3.15,33,7,FALSE
Female,Loyal Customer,31,Business Travel,Business,2468,3,3,3,3,4,5,4,4,4,2,5,3,4,3.62,32,41,TRUE
Male,Loyal Customer,45,Business Travel,Business,3563,2,5,5,5,2,3,4,2,2,2,2,4,1,3,119,104,FALSE
Female,Loyal Customer,37,Business Travel,Eco,207,2,5,5,5,2,2,2,2,3,1,3,4,2,2.92,0,0,FALSE
Male,Loyal Customer,35,Business Travel,Eco,1990,3,4,4,4,3,3,3,3,4,2,1,3,3,3.08,0,0,TRUE
Female,Loyal Customer,7,Personal Travel,Eco,308,2,4,2,2,2,2,2,2,5,2,5,4,2,2.77,21,13,FALSE
Female,Loyal Customer,52,Business Travel,Business,491,3,3,3,3,5,5,5,4,4,4,4,4,5,4,0,0,TRUE
Male,Loyal Customer,37,Business Travel,Eco Plus,1089,3,3,3,3,3,3,3,3,3,1,3,1,3,2.69,0,13,FALSE
Female,Loyal Customer,13,Personal Travel,Eco,479,3,5,2,3,3,2,3,3,2,3,3,4,3,3,2,0,FALSE
Female,Disloyal Customer,40,Business Travel,Business,744,2,2,2,3,5,2,5,5,2,3,3,5,5,3.38,0,0,FALSE
Male,Loyal Customer,31,Personal Travel,Business,345,3,2,3,3,4,3,4,4,4,4,3,2,4,3.31,0,0,FALSE
Female,Loyal Customer,36,Business Travel,Business,3657,3,5,5,5,4,3,3,3,3,3,3,3,1,3.38,3,0,FALSE
Male,Loyal Customer,56,Business Travel,Eco,1197,1,4,4,4,1,1,1,1,1,2,3,3,1,2.08,10,13,FALSE
Male,Loyal Customer,56,Personal Travel,Eco,157,3,2,0,3,4,0,4,4,3,2,4,1,4,2.62,0,0,FALSE
Female,Loyal Customer,38,Business Travel,Business,1507,5,5,5,5,5,5,5,4,4,4,4,3,3,4.38,0,0,TRUE
Female,Loyal Customer,19,Personal Travel,Eco,1849,4,5,4,1,4,4,1,4,4,1,1,2,4,3,0,0,FALSE
Female,Loyal Customer,64,Personal Travel,Eco,719,3,4,2,4,5,4,4,3,3,2,2,5,3,3.38,50,23,FALSE
Female,Loyal Customer,69,Business Travel,Business,2561,4,1,5,1,1,3,3,4,4,4,4,4,3,3.15,0,0,FALSE
Female,Loyal Customer,62,Business Travel,Eco,290,5,1,1,1,3,4,4,5,5,5,5,2,1,3.23,0,1,TRUE
Male,Loyal Customer,50,Personal Travel,Eco,972,4,5,4,5,4,4,5,4,5,3,5,4,4,4.31,0,0,TRUE
Female,Loyal Customer,26,Business Travel,Eco Plus,1189,4,3,3,3,4,5,4,4,4,4,1,3,4,3.54,0,0,TRUE
Male,Loyal Customer,12,Personal Travel,Eco,547,3,2,3,3,5,3,5,5,2,2,3,3,5,3.38,0,0,FALSE
Female,Loyal Customer,55,Business Travel,Eco Plus,209,4,4,4,4,1,4,3,4,4,4,4,1,4,3.46,0,0,TRUE
Female,Loyal Customer,37,Personal Travel,Eco,1744,1,5,1,2,2,1,2,2,3,2,5,4,2,2.46,0,0,FALSE
Male,Loyal Customer,31,Business Travel,Business,2941,3,3,3,3,4,5,4,4,5,3,4,5,4,3.85,0,0,TRUE
Female,Loyal Customer,46,Business Travel,Business,358,2,2,2,2,4,4,5,5,5,5,5,4,5,3.85,0,0,TRUE
Female,Loyal Customer,50,Business Travel,Eco,241,4,4,4,4,5,3,4,4,4,4,4,4,1,3.77,29,35,TRUE
Female,Loyal Customer,33,Business Travel,Business,3214,5,5,5,5,5,4,4,4,4,4,4,3,4,4.31,16,15,TRUE
Male,Loyal Customer,38,Business Travel,Business,1578,3,4,4,4,3,3,3,2,5,2,3,3,3,3.23,151,137,FALSE
Male,Loyal Customer,44,Business Travel,Business,817,1,1,1,1,5,3,3,1,1,1,1,4,3,2,0,0,FALSE
Male,Loyal Customer,54,Personal Travel,Eco Plus,493,4,4,4,1,3,4,3,3,5,5,5,3,3,3.62,0,0,FALSE
Female,Disloyal Customer,11,Business Travel,Eco,632,0,5,0,5,3,0,5,3,5,3,5,4,3,3.15,0,0,TRUE
Male,Loyal Customer,25,Business Travel,Business,2661,1,1,1,1,1,1,1,1,1,2,3,3,1,1.38,30,31,FALSE
Female,Disloyal Customer,24,Business Travel,Eco,223,4,4,4,4,5,4,5,5,4,2,4,3,5,4.08,0,4,FALSE
Male,Disloyal Customer,30,Business Travel,Eco Plus,967,4,4,4,4,3,4,3,3,2,2,3,4,3,3.31,1,0,FALSE
Female,Loyal Customer,57,Business Travel,Business,590,5,5,5,5,4,4,5,5,5,5,5,3,4,4.62,40,40,TRUE
Male,Loyal Customer,43,Business Travel,Business,2833,2,2,2,2,2,3,5,5,5,5,5,3,3,3.38,0,0,TRUE
Female,Loyal Customer,8,Personal Travel,Eco,674,3,4,3,4,4,3,4,4,3,3,5,5,4,3.77,9,13,FALSE
Female,Loyal Customer,25,Personal Travel,Eco,1089,3,3,3,5,5,3,4,5,4,1,2,5,5,3.69,0,0,FALSE
Male,Loyal Customer,63,Personal Travel,Eco,372,3,1,3,4,1,3,1,1,3,1,4,3,1,2.23,0,16,FALSE
Female,Loyal Customer,34,Business Travel,Business,2454,4,5,4,4,4,4,4,4,5,5,4,4,4,4.23,0,0,TRUE
Male,Loyal Customer,63,Personal Travel,Eco,979,4,5,3,3,1,3,1,1,5,4,4,5,1,3.08,7,17,FALSE
Female,Loyal Customer,59,Business Travel,Eco,337,2,3,3,3,1,3,2,2,2,2,2,3,2,2.31,22,12,FALSE
Female,Loyal Customer,10,Personal Travel,Eco,1074,4,4,4,3,4,4,4,4,5,3,5,3,4,3.92,0,0,FALSE
Male,Loyal Customer,40,Business Travel,Business,577,4,4,5,4,3,4,5,4,4,4,4,3,3,3.92,0,2,TRUE
Male,Loyal Customer,32,Business Travel,Business,2419,1,4,4,4,1,1,1,1,1,1,3,1,1,1.85,36,13,FALSE
Female,Loyal Customer,59,Business Travel,Business,2139,2,1,1,1,4,3,3,2,2,2,2,2,4,2.23,42,21,FALSE
Male,Disloyal Customer,25,Business Travel,Business,746,5,5,5,4,2,5,1,2,5,5,4,4,2,3.77,1,0,TRUE
Male,Loyal Customer,33,Business Travel,Business,337,3,4,4,4,3,3,3,3,2,5,4,2,3,3.31,19,13,FALSE
Female,Loyal Customer,56,Business Travel,Business,2618,2,4,4,4,2,3,3,3,3,3,2,1,2,2.77,0,1,FALSE
Male,Loyal Customer,45,Business Travel,Eco,416,4,4,4,4,4,4,4,4,1,1,1,4,4,3.31,2,0,TRUE
Male,Disloyal Customer,48,Business Travel,Eco,1249,2,1,1,3,1,1,2,1,1,1,2,2,1,1.46,0,0,FALSE
Female,Disloyal Customer,27,Business Travel,Business,1235,4,4,4,4,3,4,3,3,3,5,5,3,3,3.69,0,0,TRUE
Male,Loyal Customer,66,Personal Travel,Eco,86,3,2,3,4,3,3,3,3,1,2,4,3,3,2.85,6,4,FALSE
Male,Loyal Customer,46,Business Travel,Eco,759,4,3,3,3,4,4,4,4,1,1,3,2,4,3.08,0,0,TRUE
Female,Loyal Customer,56,Business Travel,Business,2402,5,5,5,5,3,4,4,4,4,4,4,5,5,4.38,6,0,TRUE
Female,Disloyal Customer,38,Business Travel,Business,1085,5,5,5,4,1,5,1,1,5,3,4,4,1,3.38,32,30,TRUE
Female,Loyal Customer,52,Business Travel,Business,3005,1,0,0,4,5,3,3,4,4,0,4,2,4,2.62,13,11,FALSE
Female,Loyal Customer,45,Business Travel,Business,175,4,5,4,4,5,5,4,4,4,5,4,4,5,4.38,61,65,TRUE
Female,Loyal Customer,34,Business Travel,Business,3821,1,1,1,1,3,5,5,4,4,4,4,3,3,3,0,0,TRUE
Female,Disloyal Customer,23,Business Travel,Business,1010,4,4,4,3,1,4,1,1,4,5,4,5,1,3.15,67,32,TRUE
Male,Loyal Customer,19,Personal Travel,Eco,602,4,4,4,3,5,4,5,5,5,5,5,3,5,4.38,0,18,FALSE
Male,Disloyal Customer,38,Business Travel,Eco,101,2,2,2,4,2,2,2,2,3,3,4,2,2,2.46,0,0,FALSE
Male,Loyal Customer,12,Personal Travel,Eco,416,3,1,3,4,5,3,1,5,4,5,3,3,5,3.46,0,0,FALSE
Male,Disloyal Customer,35,Business Travel,Eco,1472,2,2,2,4,5,2,5,5,5,5,2,2,5,3.54,0,0,FALSE
Female,Loyal Customer,15,Personal Travel,Eco,1188,3,4,3,2,5,3,1,5,5,5,4,5,5,3.85,0,0,FALSE
Female,Loyal Customer,16,Business Travel,Eco Plus,715,4,3,3,3,4,5,3,4,2,3,1,5,4,3.38,0,0,TRUE
Female,Loyal Customer,29,Business Travel,Business,2524,1,5,5,5,1,1,1,1,1,4,3,1,1,2.31,6,19,FALSE
Female,Loyal Customer,50,Business Travel,Business,3019,1,3,1,1,2,5,5,4,4,4,4,5,5,3.38,0,3,TRUE
Male,Loyal Customer,48,Business Travel,Business,2072,4,4,4,4,3,5,4,3,3,4,3,3,4,3.69,0,0,TRUE
Male,Loyal Customer,55,Business Travel,Business,2366,1,1,1,1,2,5,5,4,4,4,4,4,5,3.15,18,26,TRUE
Female,Loyal Customer,17,Business Travel,Eco,296,1,4,4,4,1,1,1,1,2,1,2,2,1,1.92,14,41,FALSE
Male,Loyal Customer,49,Personal Travel,Eco,669,3,4,3,4,3,3,3,3,3,2,5,3,3,3.23,26,12,FALSE
Male,Loyal Customer,17,Personal Travel,Eco,226,2,4,2,3,5,2,2,5,5,1,5,4,5,3.46,0,0,FALSE
Female,Loyal Customer,51,Business Travel,Business,349,1,1,1,1,4,5,5,4,4,5,4,4,3,3.23,10,0,TRUE
Male,Loyal Customer,43,Business Travel,Business,2250,3,4,4,4,4,4,4,3,3,3,3,4,4,3.62,0,0,FALSE
Female,Disloyal Customer,38,Business Travel,Business,239,4,4,4,5,2,4,2,2,5,5,5,3,2,3.62,5,0,FALSE
Female,Disloyal Customer,36,Business Travel,Eco,196,1,4,1,4,3,1,4,3,1,3,2,1,3,2.38,12,4,FALSE
Female,Loyal Customer,51,Business Travel,Business,1964,1,4,4,4,4,3,3,1,1,1,1,4,1,2.46,0,0,FALSE
Female,Loyal Customer,61,Business Travel,Business,3789,5,5,4,5,4,4,4,5,2,2,3,4,4,3.92,218,189,TRUE
Female,Loyal Customer,45,Business Travel,Business,3471,2,2,2,2,5,5,5,4,4,4,4,3,5,3.62,22,15,TRUE
Male,Loyal Customer,58,Business Travel,Business,466,4,4,4,4,3,5,4,2,2,2,2,5,5,3.54,0,0,TRUE
Female,Loyal Customer,52,Business Travel,Eco,749,3,2,2,2,3,3,4,3,3,3,3,3,3,2.85,17,26,FALSE
Male,Loyal Customer,69,Personal Travel,Eco,944,3,4,2,4,3,2,1,3,3,1,3,3,3,2.69,0,0,FALSE
Female,Loyal Customer,66,Personal Travel,Eco,369,1,3,1,1,1,2,2,2,1,2,4,2,2,1.85,145,164,FALSE
Male,Loyal Customer,52,Personal Travel,Eco,639,4,4,4,3,2,4,2,2,4,4,4,5,2,3.38,8,36,FALSE
Female,Loyal Customer,42,Personal Travel,Eco,571,4,5,4,3,4,1,2,1,1,4,1,5,1,2.77,10,3,FALSE
Female,Loyal Customer,53,Business Travel,Eco,544,2,2,2,2,4,3,4,2,2,2,2,2,4,2.54,0,0,FALSE
Female,Loyal Customer,36,Business Travel,Business,1346,5,5,4,5,4,5,4,5,5,5,5,4,3,4.54,0,0,TRUE
Male,Disloyal Customer,48,Business Travel,Business,746,2,1,1,5,1,2,1,1,3,2,5,3,1,2.15,0,6,FALSE
Male,Disloyal Customer,39,Business Travel,Business,862,4,5,5,3,5,1,1,1,3,4,4,1,1,2.92,171,167,FALSE
Male,Loyal Customer,55,Business Travel,Business,2370,2,2,2,2,5,4,3,2,2,2,2,4,4,2.77,0,0,FALSE
Male,Loyal Customer,46,Business Travel,Eco,119,5,2,2,2,5,5,5,5,1,3,5,5,5,3.85,0,0,TRUE
Male,Loyal Customer,56,Business Travel,Eco,1547,3,3,3,3,3,3,3,3,2,5,1,1,3,2.77,5,0,FALSE
Male,Loyal Customer,70,Personal Travel,Eco,896,5,5,5,4,4,5,4,4,3,4,4,5,4,4.31,0,0,TRUE
Male,Loyal Customer,49,Personal Travel,Eco,383,4,2,4,4,1,4,1,1,4,1,4,3,1,2.62,75,85,TRUE
Male,Loyal Customer,33,Business Travel,Business,2591,0,4,0,4,4,4,4,4,4,2,2,2,4,2.92,0,0,TRUE
Female,Loyal Customer,60,Personal Travel,Eco,813,3,4,4,3,1,4,4,5,5,4,5,3,1,3.54,15,3,FALSE
Male,Loyal Customer,66,Business Travel,Eco Plus,337,5,3,3,3,5,5,5,5,1,2,2,2,5,3.54,0,0,TRUE
Female,Loyal Customer,41,Business Travel,Business,2736,4,4,2,4,5,4,5,2,2,2,2,4,3,3.31,0,0,TRUE
Female,Loyal Customer,22,Personal Travel,Eco,992,2,4,2,4,2,2,2,2,5,4,5,3,2,3,0,0,FALSE
Male,Disloyal Customer,45,Business Travel,Business,349,1,1,1,4,4,1,4,4,4,3,4,4,4,3,6,6,FALSE
Female,Loyal Customer,10,Personal Travel,Eco,337,1,5,1,2,5,1,5,5,5,3,4,5,5,3.62,27,37,FALSE
Female,Loyal Customer,57,Business Travel,Eco,680,3,3,3,3,1,4,3,3,3,3,3,3,2,2.85,0,0,FALSE
Female,Loyal Customer,52,Business Travel,Eco,1042,4,3,5,3,4,4,4,1,4,4,5,4,4,3.77,227,223,TRUE
Male,Loyal Customer,36,Business Travel,Business,452,1,1,1,1,4,4,4,3,3,3,3,4,5,2.85,23,26,TRUE
Male,Loyal Customer,57,Business Travel,Business,2433,1,1,1,1,2,5,5,5,5,5,5,3,4,3.31,2,0,TRUE
Female,Loyal Customer,61,Personal Travel,Eco,594,1,3,1,3,5,2,4,2,2,1,2,5,1,2.46,24,20,FALSE
Female,Disloyal Customer,25,Business Travel,Eco Plus,2039,2,3,2,4,1,2,1,1,1,5,2,4,1,2.23,0,6,FALSE
Female,Loyal Customer,42,Business Travel,Eco,332,4,5,5,5,2,4,2,4,4,4,4,5,2,3.85,93,115,TRUE
Female,Loyal Customer,9,Personal Travel,Eco,1315,3,5,3,4,2,3,2,2,5,2,5,5,2,3.31,0,0,FALSE
Male,Loyal Customer,51,Personal Travel,Eco,1744,3,0,3,3,1,3,1,1,3,5,5,4,1,2.54,0,0,FALSE
Female,Loyal Customer,34,Business Travel,Business,3936,2,2,2,2,3,2,2,2,2,3,1,2,2,2.08,252,235,TRUE
Male,Loyal Customer,49,Business Travel,Business,89,2,2,2,2,3,4,4,4,4,4,4,4,3,3.23,0,0,TRUE
Male,Disloyal Customer,26,Business Travel,Business,752,0,0,0,1,5,0,5,5,4,3,4,4,5,2.77,0,0,TRUE
Male,Loyal Customer,56,Personal Travel,Eco,781,3,3,3,3,2,3,2,2,2,1,3,1,2,2.31,0,0,FALSE
Female,Loyal Customer,45,Personal Travel,Eco,300,3,4,3,2,2,5,4,1,1,3,1,3,4,2.77,3,5,FALSE
Female,Loyal Customer,44,Business Travel,Eco,867,2,2,2,2,3,3,3,2,2,2,2,4,2,2.38,14,9,FALSE
Male,Disloyal Customer,27,Business Travel,Eco,73,1,0,1,4,1,1,1,2,5,1,3,1,1,1.69,145,143,FALSE
Male,Disloyal Customer,47,Business Travel,Eco,996,4,4,4,2,1,4,1,1,5,5,4,5,1,3.15,0,0,TRUE
Female,Loyal Customer,64,Personal Travel,Eco,986,4,4,4,4,4,2,4,5,2,5,4,4,4,3.85,134,121,FALSE
Female,Loyal Customer,52,Business Travel,Business,1651,2,2,1,2,5,4,5,4,4,4,4,4,2,3.31,0,0,TRUE
Female,Disloyal Customer,28,Business Travel,Business,501,4,4,4,1,3,4,3,3,4,5,5,4,3,3.62,72,80,TRUE
Female,Loyal Customer,17,Personal Travel,Eco,213,3,4,3,4,4,3,4,4,3,3,4,3,4,3.54,0,0,FALSE
Male,Loyal Customer,32,Business Travel,Business,1968,3,1,1,1,1,1,3,1,3,5,3,1,1,1.92,0,0,FALSE
Male,Loyal Customer,67,Personal Travel,Eco,551,3,1,3,2,3,3,2,3,2,5,2,1,3,2.54,17,13,FALSE
Male,Loyal Customer,31,Business Travel,Business,2288,3,2,2,2,3,3,3,3,2,2,3,4,3,2.69,4,0,FALSE
Female,Loyal Customer,68,Personal Travel,Eco,1845,2,5,2,1,5,5,5,4,4,2,4,4,5,3.69,10,5,FALSE
Female,Loyal Customer,53,Business Travel,Business,2363,2,2,2,2,2,1,5,5,5,5,4,2,5,3.23,7,0,TRUE
Female,Loyal Customer,51,Business Travel,Business,2041,1,1,5,1,3,4,4,1,1,1,1,1,2,2,0,0,FALSE
Female,Loyal Customer,39,Business Travel,Business,3648,2,2,4,2,5,4,4,4,4,4,4,5,3,3.62,0,0,TRUE
Male,Loyal Customer,56,Business Travel,Business,838,1,1,1,1,3,4,4,4,4,4,4,3,4,2.92,21,17,TRUE
Male,Disloyal Customer,16,Business Travel,Eco,946,1,1,1,3,1,1,1,1,2,4,3,3,1,1.77,0,35,FALSE
Female,Loyal Customer,40,Business Travel,Business,3507,4,4,4,4,2,5,5,4,4,4,4,4,5,4.08,34,30,TRUE
Male,Loyal Customer,32,Personal Travel,Eco,1047,2,5,2,1,3,2,3,3,4,4,4,5,3,3.15,0,0,FALSE
Male,Loyal Customer,52,Business Travel,Business,3426,1,1,3,1,4,1,2,4,4,5,4,2,1,2.54,0,1,TRUE
Female,Loyal Customer,47,Personal Travel,Eco,391,4,5,4,3,4,4,5,3,3,4,3,5,4,3.92,0,0,FALSE
Male,Loyal Customer,30,Personal Travel,Eco,237,2,5,2,3,5,2,5,5,4,3,4,3,5,3.69,0,8,FALSE
Female,Disloyal Customer,24,Business Travel,Eco,1065,3,3,3,3,4,3,4,4,1,1,4,1,4,2.92,0,0,FALSE
Female,Loyal Customer,77,Business Travel,Eco,550,3,1,1,1,3,4,3,3,3,3,3,2,4,2.62,8,0,FALSE
Female,Loyal Customer,40,Business Travel,Eco,480,2,3,3,3,2,2,2,2,3,3,4,4,2,2.69,0,0,FALSE
Male,Loyal Customer,64,Business Travel,Eco,331,2,1,3,1,2,2,2,2,5,1,4,3,2,2.31,0,0,TRUE
Female,Loyal Customer,33,Business Travel,Eco Plus,1208,0,0,0,2,1,0,1,1,1,4,2,2,1,1.15,15,0,TRUE
Male,Loyal Customer,56,Personal Travel,Eco,1428,1,4,1,1,1,1,1,1,5,3,5,5,1,2.31,0,0,FALSE
Male,Disloyal Customer,38,Business Travel,Business,187,2,2,2,4,3,2,3,3,4,4,5,5,3,3.23,17,9,FALSE
Male,Loyal Customer,27,Business Travel,Business,1521,2,2,2,2,5,5,5,5,4,2,3,4,5,3.54,5,0,TRUE
Male,Loyal Customer,25,Business Travel,Business,3861,1,1,3,1,4,4,4,4,4,2,5,3,4,3.08,70,54,TRUE
Female,Loyal Customer,48,Personal Travel,Eco,1276,1,4,1,1,4,4,5,5,5,1,5,5,5,3.54,0,0,FALSE
Female,Loyal Customer,36,Business Travel,Business,867,4,4,4,4,5,5,5,5,5,5,5,4,5,4.62,3,0,TRUE
Male,Disloyal Customer,27,Business Travel,Business,226,4,4,4,5,2,4,3,2,3,3,5,4,2,3.46,0,0,FALSE
Male,Loyal Customer,25,Personal Travel,Eco,650,2,1,2,2,4,2,4,4,2,2,2,1,4,2.46,4,0,FALSE
Male,Loyal Customer,11,Personal Travel,Eco,1471,4,4,4,4,5,4,5,5,4,4,3,5,5,4.31,0,0,FALSE
Male,Loyal Customer,20,Personal Travel,Eco,744,2,1,1,4,5,1,2,5,2,4,3,1,5,2.77,52,43,FALSE
Male,Loyal Customer,11,Personal Travel,Eco,1733,1,4,1,1,5,1,1,5,5,4,3,3,5,3,0,0,FALSE
Male,Loyal Customer,23,Business Travel,Eco,598,4,5,3,5,4,4,3,4,2,3,1,4,4,3.54,0,0,TRUE
Male,Loyal Customer,54,Business Travel,Eco,370,3,4,4,4,3,3,3,3,2,4,2,4,3,3.23,4,0,FALSE
Female,Loyal Customer,57,Business Travel,Business,2677,1,1,4,1,5,4,5,5,5,5,5,3,4,3.69,0,0,TRUE
Male,Loyal Customer,29,Business Travel,Business,2521,3,3,3,3,5,4,5,5,5,3,5,3,5,4,15,0,TRUE
Male,Loyal Customer,26,Business Travel,Business,265,5,5,5,5,4,4,4,4,3,4,4,4,4,4.23,168,169,TRUE
Male,Loyal Customer,43,Business Travel,Business,589,4,4,2,4,4,4,4,4,3,1,4,4,4,3.54,160,266,TRUE
Female,Loyal Customer,36,Personal Travel,Eco,650,3,5,3,2,4,3,4,4,3,3,1,5,4,3.38,0,0,FALSE
Male,Loyal Customer,11,Personal Travel,Eco,2475,2,5,2,2,2,4,4,1,3,5,1,4,4,3,0,0,FALSE
Male,Disloyal Customer,21,Business Travel,Eco,1073,1,1,1,4,1,3,3,3,1,2,4,3,3,2.31,0,0,FALSE
Male,Loyal Customer,8,Personal Travel,Eco,721,2,3,2,4,1,2,2,1,1,3,2,2,1,2,0,0,FALSE
Male,Loyal Customer,53,Business Travel,Business,2313,3,3,3,3,2,4,4,5,5,5,5,5,4,3.92,0,0,TRUE
Female,Loyal Customer,59,Business Travel,Business,581,4,4,4,4,2,5,4,3,3,2,3,3,3,3.38,0,0,TRUE
Female,Disloyal Customer,36,Business Travel,Eco,448,1,3,1,4,2,1,2,2,2,2,4,5,2,2.38,51,45,FALSE
Male,Loyal Customer,32,Business Travel,Business,1180,1,1,1,1,1,1,1,1,1,4,3,2,1,1.46,17,4,FALSE
Male,Loyal Customer,61,Business Travel,Business,399,2,2,2,2,2,4,4,2,2,2,2,1,3,2.31,0,0,FALSE
Female,Loyal Customer,32,Business Travel,Business,3001,2,2,2,2,2,2,2,2,2,2,3,1,2,2,55,63,FALSE
Male,Loyal Customer,43,Business Travel,Business,2998,2,2,2,2,3,4,4,2,2,2,2,5,3,2.69,12,10,TRUE
Male,Loyal Customer,57,Business Travel,Business,533,5,5,5,5,5,4,5,4,4,5,4,4,5,4.62,0,0,TRUE
Male,Disloyal Customer,34,Business Travel,Business,1066,2,3,3,4,3,5,5,4,5,4,3,5,5,3.92,291,292,FALSE
Female,Disloyal Customer,27,Business Travel,Eco,373,2,4,2,4,4,2,4,4,4,3,4,3,4,3.38,96,83,FALSE
Female,Loyal Customer,41,Business Travel,Business,2529,0,5,0,1,1,2,1,5,5,3,3,4,4,2.62,0,0,TRUE
Female,Loyal Customer,40,Business Travel,Business,3309,4,4,4,4,3,4,4,4,4,5,4,4,3,3.92,18,0,TRUE
Male,Loyal Customer,53,Business Travel,Business,453,3,4,3,3,3,4,4,4,4,4,4,5,3,3.69,12,6,TRUE
Female,Loyal Customer,27,Personal Travel,Eco Plus,507,2,5,2,3,1,2,1,1,5,5,4,5,1,2.85,1,13,FALSE
Male,Loyal Customer,40,Business Travel,Business,3797,2,1,1,1,1,2,2,2,2,2,2,2,3,1.77,1,0,FALSE
Male,Loyal Customer,34,Personal Travel,Eco,1167,4,4,4,3,4,2,5,3,5,3,4,5,5,3.92,124,141,TRUE
Female,Disloyal Customer,29,Business Travel,Eco,912,2,2,2,3,3,2,2,3,3,2,3,3,3,2.54,0,0,FALSE
Male,Disloyal Customer,23,Business Travel,Eco,411,1,3,0,5,5,0,5,5,3,1,5,2,5,3.08,4,2,FALSE
Male,Loyal Customer,18,Personal Travel,Eco,489,4,3,4,4,4,4,4,4,1,4,4,4,4,3.69,193,195,FALSE
Male,Loyal Customer,38,Business Travel,Business,280,1,1,1,1,5,4,3,5,5,5,5,3,4,3.31,0,0,TRUE
Male,Loyal Customer,18,Business Travel,Eco,1182,2,4,5,5,2,2,2,2,2,1,3,1,2,2.54,0,0,FALSE
Male,Loyal Customer,19,Personal Travel,Eco,874,4,3,4,4,2,4,2,2,4,2,4,1,2,2.92,29,16,FALSE
Male,Loyal Customer,64,Personal Travel,Eco,590,3,4,3,3,1,3,1,1,1,1,1,1,1,1.85,0,6,FALSE
Female,Loyal Customer,56,Business Travel,Business,1591,3,3,2,3,2,4,5,4,4,4,4,5,3,3.54,0,18,TRUE
Male,Loyal Customer,40,Business Travel,Eco,1117,5,1,1,1,5,5,5,5,1,4,5,5,5,3.69,0,0,TRUE
Male,Loyal Customer,56,Business Travel,Business,493,3,3,3,3,5,3,4,3,3,3,3,4,3,3.31,0,0,FALSE
Female,Loyal Customer,48,Business Travel,Business,1526,0,4,0,4,2,5,5,1,1,1,1,5,5,2.62,0,0,TRUE
Male,Disloyal Customer,38,Business Travel,Eco,163,1,5,1,1,4,1,1,4,2,1,4,3,4,2.46,0,0,FALSE
Male,Loyal Customer,68,Personal Travel,Eco,408,2,5,2,3,4,2,4,4,4,5,5,5,4,3.77,0,0,FALSE
Female,Disloyal Customer,15,Business Travel,Eco,2125,3,2,2,3,3,3,3,3,1,3,3,2,3,2.62,8,16,FALSE
Male,Loyal Customer,54,Personal Travel,Eco,201,4,5,4,4,4,4,4,4,1,1,2,3,4,3.38,0,0,FALSE
Female,Loyal Customer,15,Personal Travel,Eco,1035,2,1,2,2,1,2,1,1,4,1,3,2,1,1.77,10,0,FALSE
Female,Loyal Customer,46,Business Travel,Business,1956,1,1,1,1,2,5,4,5,5,5,5,3,5,3.31,0,0,TRUE
Male,Loyal Customer,26,Business Travel,Business,1437,4,4,4,4,4,4,4,4,2,4,4,3,4,3.77,36,32,TRUE
Male,Loyal Customer,41,Business Travel,Business,557,2,2,2,2,3,3,2,4,4,4,4,2,4,2.92,30,24,TRUE
Female,Loyal Customer,51,Personal Travel,Eco,780,3,5,3,1,3,4,4,2,2,3,2,4,4,3.08,1,2,FALSE
Male,Loyal Customer,62,Business Travel,Business,416,2,2,2,2,4,5,4,5,5,5,5,5,5,3.92,11,2,TRUE
Male,Loyal Customer,41,Business Travel,Business,2845,5,5,5,5,5,2,1,2,2,2,2,3,1,3.08,9,13,TRUE
Male,Loyal Customer,27,Business Travel,Business,1747,5,5,2,5,5,5,5,5,4,2,3,5,5,4.31,10,10,TRUE
Male,Disloyal Customer,11,Business Travel,Business,1105,5,5,5,3,2,5,2,2,2,2,2,5,2,3.23,0,0,TRUE
Male,Loyal Customer,33,Personal Travel,Eco,2454,5,2,5,3,5,5,5,2,4,3,4,5,5,4.08,13,22,TRUE
Male,Loyal Customer,12,Business Travel,Business,1633,2,1,1,1,2,2,2,2,3,3,3,2,2,2,13,29,FALSE
Male,Loyal Customer,34,Business Travel,Business,1675,3,3,4,3,3,5,4,4,4,4,4,4,3,3.69,0,0,TRUE
Female,Loyal Customer,53,Personal Travel,Eco,101,3,3,3,3,2,4,4,5,5,3,2,3,3,3.31,0,0,FALSE
Male,Loyal Customer,28,Personal Travel,Eco,453,3,5,3,3,4,3,4,4,4,4,5,3,4,3.77,0,0,FALSE
Female,Loyal Customer,31,Business Travel,Business,2588,2,2,2,2,4,4,4,4,3,3,5,3,4,3.23,0,8,TRUE
Female,Loyal Customer,29,Business Travel,Business,2836,2,3,3,3,2,2,2,2,4,1,3,4,2,2.54,0,0,FALSE
Female,Loyal Customer,60,Personal Travel,Eco,109,2,5,2,4,2,5,4,3,3,2,3,4,5,3.38,0,0,FALSE
Female,Loyal Customer,51,Personal Travel,Eco,405,2,4,2,1,5,2,4,5,5,2,4,4,3,3.31,0,0,FALSE
Male,Loyal Customer,7,Personal Travel,Eco,404,2,4,3,1,1,3,1,1,3,3,5,3,1,2.38,0,5,FALSE
Female,Disloyal Customer,22,Business Travel,Eco,954,3,3,3,2,3,3,4,3,4,5,4,3,3,3.31,0,0,FALSE
Male,Loyal Customer,37,Business Travel,Business,2978,4,5,5,5,1,2,2,4,4,4,4,2,1,3.31,38,45,FALSE
Female,Disloyal Customer,40,Business Travel,Business,707,2,2,2,3,1,2,1,1,4,3,1,2,1,1.92,5,0,FALSE
Male,Loyal Customer,42,Business Travel,Eco,448,2,4,4,4,2,2,2,2,1,4,3,1,2,2.54,0,0,TRUE
Male,Disloyal Customer,25,Business Travel,Eco,372,2,1,2,3,1,2,1,1,2,3,4,3,1,2,0,0,FALSE
Female,Loyal Customer,29,Business Travel,Business,3962,2,2,2,2,4,5,4,4,5,5,4,5,4,3.69,14,0,TRUE
Male,Loyal Customer,15,Business Travel,Eco Plus,500,4,4,4,4,4,4,4,4,2,2,4,1,4,3.46,0,0,TRUE
Female,Loyal Customer,39,Business Travel,Business,2092,3,3,3,3,4,3,2,3,3,3,3,3,4,3.08,4,0,FALSE
Female,Loyal Customer,43,Business Travel,Business,3684,1,2,2,2,1,3,4,1,1,1,1,4,1,1.85,0,0,FALSE
Male,Loyal Customer,34,Personal Travel,Eco,937,4,5,4,5,1,4,1,1,5,2,5,5,1,3.31,0,0,TRUE
Female,Loyal Customer,38,Business Travel,Eco Plus,397,4,5,5,5,4,4,4,4,1,2,2,1,4,3.46,0,0,TRUE
Male,Disloyal Customer,34,Business Travel,Eco,967,4,4,4,4,3,4,3,3,1,5,3,2,3,3.31,0,0,FALSE
Male,Loyal Customer,20,Personal Travel,Eco,1194,2,4,2,1,1,2,1,1,5,3,5,5,1,2.54,0,0,FALSE
Male,Disloyal Customer,46,Business Travel,Eco,1546,3,3,3,3,5,3,5,5,2,1,3,2,5,3.31,38,52,FALSE
Female,Loyal Customer,52,Personal Travel,Business,589,3,4,3,4,2,3,3,2,2,3,2,2,2,2.69,30,22,FALSE
Female,Loyal Customer,27,Business Travel,Business,432,3,3,3,3,3,3,3,3,3,5,3,2,3,3.08,14,7,FALSE
Female,Loyal Customer,43,Personal Travel,Eco,1042,3,5,3,2,3,2,3,1,1,3,1,3,2,2.46,0,38,FALSE
Male,Disloyal Customer,29,Business Travel,Business,1014,3,3,3,4,3,3,2,3,3,5,4,3,3,3.23,5,0,FALSE
Male,Loyal Customer,59,Business Travel,Eco,205,4,4,4,4,4,4,4,4,5,2,4,5,4,4,0,0,TRUE
Female,Loyal Customer,43,Business Travel,Business,3517,5,5,5,5,4,3,4,4,4,4,4,4,4,4.23,0,0,TRUE
Male,Loyal Customer,42,Business Travel,Business,2202,3,3,3,3,4,5,5,5,5,5,5,4,3,4.08,1,0,TRUE
Male,Loyal Customer,10,Personal Travel,Eco,992,2,1,2,1,3,2,2,3,2,4,1,2,3,2.15,2,3,FALSE
Male,Loyal Customer,20,Business Travel,Business,3733,1,1,1,1,4,4,5,4,4,4,4,3,4,3.08,0,1,TRUE
Female,Loyal Customer,22,Business Travel,Business,2091,5,5,5,5,4,4,4,4,2,5,3,5,4,4.23,0,0,TRUE
Female,Disloyal Customer,13,Business Travel,Eco,491,2,0,2,4,5,2,5,5,5,1,1,5,5,3.23,0,2,FALSE
Female,Loyal Customer,55,Business Travel,Business,2023,0,4,0,3,5,4,5,2,2,2,2,4,4,2.85,0,0,TRUE
Female,Loyal Customer,44,Business Travel,Business,1849,2,2,2,2,5,4,4,3,3,3,3,5,5,3.31,0,0,TRUE
Male,Loyal Customer,24,Personal Travel,Eco,967,1,5,1,3,5,1,5,5,5,2,5,5,5,3.69,65,67,FALSE
Male,Loyal Customer,54,Business Travel,Business,1464,3,3,3,3,2,5,5,3,3,3,3,3,3,3.23,0,0,TRUE
Female,Loyal Customer,55,Business Travel,Business,2212,3,5,5,5,1,4,3,3,3,3,3,2,4,3.38,0,0,FALSE
Female,Loyal Customer,44,Business Travel,Business,1727,5,5,5,5,3,5,5,4,4,4,4,3,4,4.31,23,20,TRUE
Female,Loyal Customer,68,Personal Travel,Eco,228,1,4,1,1,2,4,4,1,1,1,1,4,5,2.31,0,0,FALSE
Male,Loyal Customer,31,Personal Travel,Eco,188,3,4,0,1,3,0,3,3,4,2,5,4,3,2.69,0,4,FALSE
Female,Loyal Customer,70,Personal Travel,Eco,846,3,4,3,3,4,5,5,3,3,3,3,4,4,3.62,19,21,FALSE
Female,Loyal Customer,60,Personal Travel,Eco,2248,3,4,3,2,4,4,4,1,1,3,1,5,5,3.08,31,129,FALSE
Female,Loyal Customer,46,Business Travel,Business,3071,4,4,2,4,5,5,4,4,4,4,4,3,5,4,13,3,TRUE
Male,Loyal Customer,66,Personal Travel,Eco,317,3,3,3,4,2,3,2,2,5,3,4,3,2,3,28,10,FALSE
Male,Loyal Customer,63,Personal Travel,Eco,868,2,3,2,3,4,2,4,4,5,2,1,4,4,3.08,32,27,FALSE
Male,Loyal Customer,8,Personal Travel,Eco,756,4,4,4,1,5,4,2,5,5,4,4,5,5,4,1,0,TRUE
Female,Loyal Customer,16,Personal Travel,Eco,1117,1,2,1,4,3,1,3,3,4,4,4,4,3,2.85,7,0,FALSE
Female,Loyal Customer,56,Business Travel,Business,175,4,4,4,4,5,4,5,4,4,4,4,5,3,4.15,0,0,TRUE
Female,Loyal Customer,51,Business Travel,Eco Plus,666,1,5,5,5,2,4,4,1,1,1,1,3,4,2.85,7,0,FALSE
Female,Loyal Customer,41,Business Travel,Business,493,3,3,3,3,2,3,2,4,4,4,4,2,4,3.15,0,0,TRUE
Female,Loyal Customer,64,Personal Travel,Eco,129,3,1,3,4,4,3,4,4,4,3,4,4,3,3.38,0,0,FALSE
Male,Loyal Customer,65,Personal Travel,Eco,240,2,4,2,2,1,2,1,1,3,5,4,5,1,2.54,0,0,FALSE
Male,Loyal Customer,40,Business Travel,Business,631,3,3,3,3,3,5,5,3,3,3,3,4,3,3.38,0,0,TRUE
Female,Loyal Customer,25,Business Travel,Business,986,2,2,2,2,4,4,4,4,3,3,4,4,4,3.23,6,0,TRUE
Female,Loyal Customer,57,Business Travel,Business,3793,1,1,4,1,2,5,4,4,4,4,4,4,5,3.31,65,58,TRUE
Female,Disloyal Customer,44,Business Travel,Eco,337,1,0,1,5,2,1,2,2,2,1,4,5,2,2.15,0,0,FALSE
Male,Loyal Customer,59,Business Travel,Business,1345,2,2,2,2,5,5,5,5,5,5,5,3,4,3.85,9,0,TRUE
Male,Disloyal Customer,35,Business Travel,Eco,859,1,1,1,4,3,1,2,3,4,2,3,1,3,2.23,94,88,FALSE
Female,Loyal Customer,36,Business Travel,Eco,1158,5,5,5,5,5,5,5,5,2,3,3,5,5,4.46,0,0,TRUE
Male,Disloyal Customer,65,Business Travel,Eco,262,3,3,3,2,1,3,1,1,3,4,3,1,1,2.23,0,0,FALSE
Female,Loyal Customer,42,Business Travel,Eco,209,5,4,4,4,4,4,2,5,5,5,5,4,3,4.15,75,77,TRUE
Male,Loyal Customer,33,Personal Travel,Eco,945,2,3,2,5,5,2,5,5,4,4,1,2,5,3.46,0,4,FALSE
Male,Loyal Customer,52,Business Travel,Business,3875,2,2,2,2,2,4,5,4,4,4,4,3,4,3.23,3,0,TRUE
Male,Loyal Customer,37,Personal Travel,Eco,762,2,5,2,2,2,2,2,2,5,5,5,4,2,3.08,0,0,FALSE
Male,Loyal Customer,35,Business Travel,Business,2123,0,5,0,4,3,5,4,2,2,2,2,2,1,2.46,0,0,TRUE
Male,Loyal Customer,46,Business Travel,Eco,570,1,3,3,3,2,1,2,2,3,3,3,2,2,2.31,0,0,FALSE
Male,Loyal Customer,60,Business Travel,Business,3889,4,4,4,4,2,5,5,4,4,4,4,4,5,4.08,0,0,TRUE
Male,Disloyal Customer,21,Business Travel,Business,140,0,4,0,4,3,0,3,3,5,4,4,4,3,2.85,42,42,TRUE
Male,Disloyal Customer,34,Business Travel,Business,2585,4,4,4,4,4,5,5,4,2,5,4,5,5,4.23,0,0,FALSE
Male,Loyal Customer,40,Business Travel,Eco,190,1,3,3,3,1,1,1,1,3,2,4,1,1,1.92,0,0,FALSE
Female,Loyal Customer,20,Business Travel,Business,602,4,4,3,4,5,5,5,5,4,2,5,4,5,4.23,0,0,TRUE
Male,Loyal Customer,41,Personal Travel,Eco,936,2,4,2,4,1,2,5,1,5,4,4,5,1,3.08,0,8,FALSE
Male,Loyal Customer,18,Personal Travel,Eco,760,2,5,2,3,5,2,5,5,5,2,4,5,5,3.85,0,4,FALSE
Female,Loyal Customer,27,Personal Travel,Business,248,2,4,2,2,5,2,5,5,4,2,5,3,5,3.54,0,0,FALSE
Female,Disloyal Customer,23,Business Travel,Business,223,5,3,5,1,5,5,5,5,4,5,5,5,5,4.46,0,0,TRUE
Male,Loyal Customer,36,Personal Travel,Eco,406,4,5,4,3,1,4,4,1,5,2,5,3,1,3.23,43,48,FALSE
Male,Loyal Customer,37,Personal Travel,Eco,1619,5,4,5,2,2,5,2,2,4,4,1,4,2,3.23,1,0,TRUE
Male,Loyal Customer,49,Business Travel,Business,2590,1,1,1,1,2,5,5,4,4,4,4,5,5,3.23,0,0,TRUE
Female,Loyal Customer,50,Business Travel,Business,3720,1,1,1,1,2,5,4,4,4,4,4,3,5,3,95,93,TRUE
Male,Loyal Customer,45,Business Travel,Business,2509,1,1,2,1,4,4,4,5,4,5,5,4,4,3.38,136,147,TRUE
Female,Disloyal Customer,26,Business Travel,Eco,247,1,1,1,4,1,1,1,1,3,2,4,3,1,1.85,13,17,FALSE
Female,Disloyal Customer,28,Business Travel,Business,821,1,1,1,3,2,1,2,2,2,5,3,3,2,2.15,0,5,FALSE
Male,Loyal Customer,30,Business Travel,Business,1635,0,0,0,4,5,5,5,5,3,4,5,4,5,3.46,16,11,TRUE
Male,Loyal Customer,50,Personal Travel,Eco Plus,479,4,3,4,4,3,4,3,3,1,5,4,4,3,3.46,100,83,FALSE
Female,Loyal Customer,57,Personal Travel,Eco,1452,2,3,2,3,3,4,4,1,1,2,1,4,2,2.46,0,1,FALSE
Male,Loyal Customer,21,Personal Travel,Eco,620,1,4,1,4,2,1,2,2,5,2,5,4,2,2.69,0,12,FALSE
Female,Loyal Customer,22,Personal Travel,Eco,222,4,2,4,3,3,4,5,3,2,3,3,3,3,3.23,0,0,FALSE
Female,Loyal Customer,39,Business Travel,Business,227,0,0,0,5,2,5,4,2,2,2,2,4,4,2.46,0,18,TRUE
Male,Loyal Customer,42,Business Travel,Business,1647,0,4,0,4,4,2,3,4,4,1,1,5,1,2.54,1,0,TRUE
Female,Loyal Customer,45,Business Travel,Business,622,1,2,5,2,3,4,3,1,1,1,1,3,4,2.38,20,27,FALSE
Male,Loyal Customer,65,Personal Travel,Eco,1943,3,4,3,5,3,2,2,3,2,5,5,2,2,3.15,138,140,FALSE
Male,Loyal Customer,55,Business Travel,Business,1638,1,1,1,1,5,5,5,3,2,5,5,5,5,3.38,120,141,TRUE
Female,Disloyal Customer,21,Business Travel,Eco,1066,2,2,2,4,5,2,5,5,3,3,4,3,5,3.46,5,0,FALSE
Male,Loyal Customer,56,Business Travel,Business,1530,5,5,5,5,5,4,4,4,4,4,5,4,5,4.54,0,,TRUE
Female,Loyal Customer,42,Personal Travel,Eco Plus,1269,1,5,1,4,5,5,5,3,3,1,3,3,3,3.23,65,83,FALSE
Male,Loyal Customer,37,Business Travel,Business,1744,3,3,3,3,2,3,4,4,4,4,4,5,5,3.62,22,0,TRUE
Male,Loyal Customer,51,Personal Travel,Eco,427,5,4,5,2,2,5,2,2,3,2,5,4,2,3.31,0,0,TRUE
Female,Loyal Customer,52,Business Travel,Eco,462,3,4,5,4,3,4,3,3,3,3,3,3,2,3.31,7,21,FALSE
Male,Loyal Customer,24,Personal Travel,Eco,448,2,2,2,2,1,2,4,1,3,3,2,4,1,2.23,2,0,FALSE
Female,Loyal Customer,60,Personal Travel,Business,589,2,3,1,2,4,3,5,1,1,1,1,2,2,2.15,0,0,FALSE
Male,Disloyal Customer,24,Business Travel,Business,762,0,5,0,5,2,0,2,2,3,4,5,3,2,2.54,0,5,TRUE
Female,Loyal Customer,47,Business Travel,Business,2586,1,1,1,1,4,3,4,4,4,5,4,5,3,3.08,54,46,TRUE
Male,Loyal Customer,33,Business Travel,Business,2261,2,4,4,4,2,2,2,2,3,2,3,2,2,2.62,0,0,FALSE
Female,Loyal Customer,23,Personal Travel,Eco,624,3,5,3,4,4,3,4,4,3,4,5,3,4,3.77,0,22,FALSE
Female,Loyal Customer,10,Personal Travel,Eco,1325,3,1,3,3,5,3,5,5,3,4,4,3,5,3.62,0,0,FALSE
Female,Loyal Customer,80,Business Travel,Business,675,2,3,3,3,3,4,3,2,2,2,2,2,4,2.69,21,18,FALSE
Female,Loyal Customer,67,Personal Travel,Eco,2402,3,4,4,1,4,1,1,3,2,2,3,1,1,2.31,110,157,FALSE
Male,Loyal Customer,23,Personal Travel,Eco,978,2,5,2,1,3,2,5,3,4,5,5,4,3,3.38,32,17,FALSE
Female,Disloyal Customer,23,Business Travel,Eco,992,1,1,1,3,3,1,5,3,3,5,5,5,3,3,40,130,FALSE
Female,Loyal Customer,41,Business Travel,Business,1379,4,5,5,5,4,2,3,4,4,4,4,3,2,3.77,24,31,FALSE
Male,Loyal Customer,29,Business Travel,Business,2139,1,1,1,1,4,4,4,4,4,5,4,5,4,3.23,0,0,TRUE
Female,Disloyal Customer,25,Business Travel,Eco,607,5,5,5,3,4,5,4,4,4,2,3,3,4,3.92,7,0,TRUE
Female,Loyal Customer,16,Personal Travel,Eco,1521,3,3,3,4,2,3,3,2,4,3,2,4,2,2.92,0,7,FALSE
Female,Loyal Customer,38,Business Travel,Business,397,5,5,2,5,5,4,4,4,4,5,4,4,4,4.23,0,0,TRUE
Male,Loyal Customer,52,Business Travel,Business,296,5,5,5,5,5,5,4,5,5,5,5,4,5,4.85,19,6,TRUE
Female,Disloyal Customer,25,Business Travel,Eco,190,3,2,3,4,4,3,4,4,1,1,4,1,4,2.92,35,29,FALSE
Female,Loyal Customer,44,Personal Travel,Eco,250,3,4,3,1,4,5,4,2,2,3,2,5,3,3.15,0,3,FALSE
Female,Loyal Customer,59,Business Travel,Eco,411,5,1,1,1,5,4,5,5,5,5,5,1,3,3.54,0,0,TRUE
Male,Loyal Customer,22,Business Travel,Business,1506,2,3,3,3,2,2,2,2,2,5,2,4,2,2.62,1,8,FALSE
Male,Disloyal Customer,65,Business Travel,Business,212,3,3,3,3,1,3,1,1,2,4,4,2,1,2.38,27,19,FALSE
Female,Loyal Customer,53,Personal Travel,Eco,628,1,4,0,5,3,4,5,4,4,0,4,5,5,3.38,7,4,FALSE
Female,Loyal Customer,53,Personal Travel,Eco,546,2,1,2,2,4,1,1,1,1,2,1,3,2,1.77,26,26,FALSE
Female,Loyal Customer,58,Business Travel,Business,1067,2,2,2,2,2,4,5,5,5,5,5,4,5,3.69,1,0,TRUE
Male,Loyal Customer,25,Personal Travel,Eco,899,3,4,3,3,5,3,5,5,3,3,5,4,5,3.92,0,0,FALSE
Male,Loyal Customer,65,Personal Travel,Eco,2704,3,4,4,3,4,4,4,2,1,3,5,4,4,3.46,64,92,FALSE
Male,Loyal Customer,21,Personal Travel,Eco,918,1,4,2,4,5,2,5,5,3,3,4,5,5,3.69,10,0,FALSE
Female,Loyal Customer,51,Business Travel,Business,3212,4,4,4,4,4,4,5,5,5,5,5,5,5,4.54,3,0,TRUE
Female,Disloyal Customer,14,Business Travel,Eco,651,3,0,3,3,4,3,4,4,1,2,3,2,4,2.77,96,92,FALSE
Female,Loyal Customer,21,Personal Travel,Eco,1744,2,5,2,1,4,2,4,4,4,2,5,5,4,3.38,2,0,FALSE
Female,Loyal Customer,46,Business Travel,Business,845,3,5,4,5,4,2,3,3,3,2,3,1,1,3,16,0,FALSE
Male,Loyal Customer,39,Business Travel,Business,1237,5,5,5,5,1,3,2,5,5,5,5,1,3,3.85,31,10,TRUE
Male,Loyal Customer,52,Business Travel,Business,2205,4,4,4,4,1,2,3,4,4,4,4,3,1,3.23,14,8,FALSE
Female,Loyal Customer,56,Business Travel,Eco Plus,224,4,4,4,4,2,4,3,4,4,4,4,1,3,3.46,0,0,TRUE
Male,Loyal Customer,40,Business Travel,Business,386,2,2,2,2,3,5,5,5,5,4,5,5,4,3.77,0,6,TRUE
Female,Loyal Customer,41,Business Travel,Eco,1008,3,4,4,4,3,3,3,3,3,4,4,3,3,3.38,0,0,FALSE
Male,Loyal Customer,59,Business Travel,Business,2364,3,1,1,1,3,3,3,3,3,2,3,3,1,2.31,0,0,FALSE
Female,Disloyal Customer,22,Business Travel,Eco,1096,4,4,4,2,4,5,4,3,4,4,4,4,4,3.85,137,105,TRUE
Female,Loyal Customer,18,Personal Travel,Eco,1379,2,2,2,3,5,2,5,5,2,4,3,2,5,3.23,0,0,FALSE
Male,Loyal Customer,12,Personal Travel,Eco,2345,3,2,3,4,4,3,4,4,3,4,4,2,4,3.38,1,0,FALSE
Female,Loyal Customer,30,Business Travel,Business,896,1,1,1,1,5,5,5,5,2,1,1,4,5,2.85,100,93,TRUE
Female,Loyal Customer,30,Business Travel,Business,3874,4,3,3,3,4,3,4,4,4,1,4,3,4,3.38,0,0,FALSE
Female,Loyal Customer,30,Business Travel,Business,1391,1,1,1,1,4,4,4,4,5,4,4,5,4,3.23,0,0,TRUE
Female,Loyal Customer,30,Personal Travel,Eco,740,2,5,2,3,5,2,5,5,3,2,5,4,5,3.69,0,2,FALSE
Male,Loyal Customer,42,Personal Travel,Business,1005,0,4,1,1,4,5,4,1,1,1,1,5,5,2.54,72,61,TRUE
Male,Loyal Customer,44,Business Travel,Eco,156,2,5,5,5,2,2,2,2,1,4,2,3,2,2.85,0,0,TRUE
Female,Loyal Customer,31,Business Travel,Business,2446,2,2,2,2,4,4,4,4,3,5,5,2,4,3.31,0,0,TRUE
Male,Loyal Customer,43,Business Travel,Business,594,4,4,4,4,2,5,5,4,4,4,4,4,3,3.92,0,0,TRUE
Male,Loyal Customer,37,Business Travel,Business,271,0,0,0,3,2,5,4,3,3,3,3,3,4,2.54,1,0,TRUE
Male,Loyal Customer,47,Business Travel,Business,1912,5,5,5,5,2,4,4,4,4,4,4,3,5,4.15,84,67,TRUE
Male,Disloyal Customer,37,Business Travel,Eco,425,2,1,2,3,1,2,4,1,3,5,2,3,1,2.31,3,15,FALSE
Female,Disloyal Customer,21,Business Travel,Eco,1235,2,2,2,2,3,2,3,3,4,2,4,5,3,2.85,0,0,FALSE
Female,Loyal Customer,41,Business Travel,Business,557,1,1,1,1,3,1,1,4,4,4,4,2,2,2.23,0,0,TRUE
Male,Loyal Customer,23,Personal Travel,Eco,964,4,5,3,3,4,3,4,4,4,4,5,4,4,3.92,2,0,TRUE
Female,Loyal Customer,40,Business Travel,Business,1945,4,4,4,4,2,4,5,5,5,5,5,4,5,4.31,0,0,TRUE
Male,Loyal Customer,56,Business Travel,Business,516,1,1,1,1,2,5,4,5,5,5,5,4,3,3.23,15,38,TRUE
Female,Loyal Customer,46,Business Travel,Business,1987,5,5,5,5,4,5,4,4,4,4,4,4,3,4.31,0,0,TRUE
Male,Loyal Customer,46,Personal Travel,Eco,1096,5,4,5,4,5,5,5,5,4,1,3,2,5,4.08,0,0,TRUE
Female,Loyal Customer,37,Business Travel,Business,1438,2,5,4,5,5,4,4,2,2,2,2,3,2,3.23,0,7,FALSE
Male,Loyal Customer,51,Business Travel,Business,507,5,5,5,5,1,5,4,4,4,4,4,1,2,3.77,0,9,TRUE
Male,Disloyal Customer,31,Business Travel,Eco,872,3,3,3,5,4,3,4,4,4,2,2,1,4,3.23,32,28,FALSE
Male,Disloyal Customer,9,Business Travel,Eco,1013,3,3,3,3,3,3,3,3,2,3,4,2,3,2.92,0,11,FALSE
Female,Disloyal Customer,27,Business Travel,Eco,1744,4,4,4,3,1,4,1,1,4,4,3,2,1,2.77,56,34,FALSE
Female,Disloyal Customer,22,Business Travel,Business,309,0,0,1,4,2,1,3,2,3,2,4,3,2,2.08,0,0,TRUE
Male,Loyal Customer,47,Business Travel,Business,3187,1,1,1,1,5,5,5,5,5,5,5,5,3,3.62,0,0,TRUE
Female,Loyal Customer,69,Personal Travel,Eco,441,3,5,4,3,2,5,4,3,3,4,3,3,5,3.62,82,74,FALSE
Female,Disloyal Customer,56,Business Travel,Eco,214,1,2,1,2,1,1,1,1,1,2,3,2,1,1.46,0,0,FALSE
Female,Loyal Customer,53,Business Travel,Business,2963,3,3,3,3,3,4,4,5,5,4,5,5,5,4,52,37,TRUE
Male,Loyal Customer,58,Personal Travel,Eco,692,3,4,3,4,4,3,4,4,4,4,3,1,4,3.46,1,0,FALSE
Female,Loyal Customer,47,Business Travel,Eco,448,4,2,2,2,5,5,1,4,4,4,4,4,5,3.54,127,111,TRUE
Female,Disloyal Customer,26,Business Travel,Business,429,3,0,3,2,2,3,2,2,5,2,5,4,2,2.69,0,0,FALSE
Male,Loyal Customer,23,Personal Travel,Eco,290,2,5,2,3,4,2,4,4,5,2,5,4,4,3.54,0,0,FALSE
Female,Loyal Customer,63,Personal Travel,Eco,812,3,3,3,4,4,3,4,1,1,3,2,3,1,2.69,39,34,FALSE
Female,Loyal Customer,11,Personal Travel,Eco,313,5,5,5,1,2,5,2,2,3,5,4,5,2,3.54,81,70,TRUE
Male,Loyal Customer,49,Business Travel,Eco,2165,3,3,2,3,3,3,3,3,1,4,4,4,3,3,2,0,FALSE
Male,Loyal Customer,34,Business Travel,Eco,170,3,4,4,4,3,3,3,3,3,4,4,4,3,3.46,0,0,FALSE
Female,Loyal Customer,22,Personal Travel,Eco,526,3,5,3,5,3,3,3,3,3,2,5,3,3,3.38,0,0,FALSE
Male,Loyal Customer,31,Personal Travel,Eco,1481,3,2,4,3,1,4,1,1,4,2,4,2,1,2.46,5,0,FALSE
Male,Loyal Customer,14,Personal Travel,Eco,1554,1,5,1,3,3,1,3,3,5,3,5,4,3,3.08,0,0,FALSE
Male,Loyal Customer,59,Personal Travel,Eco,594,3,5,3,3,5,3,5,5,4,4,5,3,5,4.08,0,0,FALSE
Female,Loyal Customer,21,Business Travel,Business,2241,0,3,0,5,5,1,1,5,4,2,4,4,5,3,25,14,TRUE
Male,Loyal Customer,34,Business Travel,Business,2236,2,2,2,2,2,4,5,4,4,4,4,4,4,3.31,0,0,TRUE
Female,Loyal Customer,19,Personal Travel,Eco,2227,1,2,1,4,1,2,3,4,4,4,4,3,3,2.77,7,14,FALSE
Female,Loyal Customer,51,Personal Travel,Eco,1709,2,1,3,2,2,2,3,4,4,3,1,3,2,2.46,37,55,FALSE
Male,Loyal Customer,55,Business Travel,Business,395,2,2,2,2,3,4,5,5,5,5,5,5,5,3.85,0,0,TRUE
Female,Loyal Customer,63,Personal Travel,Eco,475,4,3,4,3,5,3,4,2,2,4,4,1,2,3.15,0,0,FALSE
Female,Loyal Customer,59,Personal Travel,Eco Plus,209,2,4,2,3,4,4,4,4,4,2,4,1,2,3.08,0,0,FALSE
Female,Loyal Customer,68,Business Travel,Business,225,0,0,0,3,3,2,3,1,1,1,1,2,4,1.62,0,0,TRUE
Male,Loyal Customer,55,Business Travel,Business,762,2,4,2,2,5,4,5,4,4,4,4,4,3,3.62,0,0,TRUE
Female,Disloyal Customer,23,Business Travel,Eco,651,5,5,5,3,3,5,3,3,4,5,5,4,3,4.08,0,0,TRUE
Female,Loyal Customer,56,Business Travel,Eco,372,4,1,1,1,2,2,3,3,3,4,3,5,2,2.62,2,8,TRUE
Female,Loyal Customer,50,Business Travel,Eco,479,3,2,2,2,4,3,2,3,3,3,3,1,1,2.46,7,9,FALSE
Male,Loyal Customer,45,Business Travel,Business,3264,3,3,3,3,5,5,4,5,5,5,5,4,5,4.23,4,5,TRUE
Female,Loyal Customer,42,Business Travel,Business,3711,4,4,4,4,1,3,2,5,5,5,5,2,4,3.69,94,88,TRUE
Male,Loyal Customer,9,Personal Travel,Eco,238,3,3,3,3,1,3,1,1,3,1,4,1,1,2.15,0,11,FALSE
Female,Loyal Customer,25,Business Travel,Business,1080,2,1,1,1,2,2,2,2,2,2,3,1,2,1.77,0,0,FALSE
Female,Loyal Customer,33,Business Travel,Eco,946,1,5,5,5,1,2,1,1,1,2,3,2,1,2.31,0,0,FALSE
Male,Loyal Customer,54,Business Travel,Business,874,4,4,4,4,4,5,5,4,4,4,4,3,5,4.15,0,33,TRUE
Male,Loyal Customer,33,Business Travel,Business,3967,1,1,1,1,4,4,4,4,4,4,1,1,4,2.62,0,0,TRUE
Female,Loyal Customer,8,Personal Travel,Eco Plus,651,2,3,2,2,5,2,5,5,4,2,4,3,5,3.38,0,0,FALSE
Female,Loyal Customer,52,Business Travel,Business,3184,4,4,5,4,5,2,4,3,3,4,3,4,3,3.69,51,42,TRUE
Male,Disloyal Customer,25,Business Travel,Eco,859,2,2,2,4,1,2,1,1,3,1,4,1,1,1.92,11,15,FALSE
Female,Loyal Customer,50,Business Travel,Business,1216,1,1,1,1,3,4,4,5,5,5,5,4,5,3.38,0,0,TRUE
Female,Loyal Customer,39,Business Travel,Business,1505,1,4,4,4,3,4,3,1,1,1,1,3,1,2.38,0,2,FALSE
Male,Loyal Customer,26,Business Travel,Business,3875,2,3,1,3,2,2,2,2,3,3,4,3,2,2.46,10,16,FALSE
Male,Loyal Customer,57,Business Travel,Business,3887,4,4,4,4,2,4,4,5,5,4,5,3,4,4,0,0,TRUE
Male,Loyal Customer,29,Personal Travel,Eco,390,2,5,2,4,5,2,5,5,2,2,1,3,5,3.31,0,0,FALSE
Male,Loyal Customer,13,Business Travel,Business,2627,3,5,5,5,3,3,3,3,4,2,4,2,3,3.46,0,0,FALSE
Female,Disloyal Customer,26,Business Travel,Eco,304,1,3,1,2,4,1,4,4,4,3,5,3,4,3,0,14,FALSE
Female,Disloyal Customer,36,Business Travel,Business,259,2,2,2,1,5,2,5,5,3,2,5,4,5,3.31,0,0,FALSE
Female,Loyal Customer,68,Personal Travel,Eco,946,3,4,2,4,3,2,3,2,2,2,2,4,4,2.85,0,0,FALSE
Male,Loyal Customer,35,Business Travel,Eco,1452,4,5,2,5,4,4,4,4,4,5,5,3,4,4.08,0,0,TRUE
Male,Loyal Customer,44,Business Travel,Business,551,4,4,4,4,4,5,4,5,5,5,5,3,4,4.31,0,0,TRUE
Female,Loyal Customer,52,Business Travel,Business,440,2,2,3,2,2,5,4,5,5,5,5,5,5,3.85,0,0,TRUE
Male,Loyal Customer,22,Personal Travel,Eco,546,4,3,4,1,1,4,1,1,2,4,1,5,1,2.46,0,0,FALSE
Male,Loyal Customer,60,Personal Travel,Eco,677,3,3,3,4,4,3,4,4,1,3,3,2,4,3.15,0,0,FALSE
Male,Disloyal Customer,33,Business Travel,Business,216,3,3,3,4,5,3,5,5,1,1,4,4,5,3.54,0,0,FALSE
Female,Loyal Customer,35,Personal Travel,Eco,383,2,2,4,3,5,4,5,5,3,2,2,4,5,3.54,0,11,FALSE
Male,Disloyal Customer,23,Business Travel,Eco,600,5,0,5,1,1,5,1,1,4,5,4,3,1,2.77,0,0,TRUE
Female,Disloyal Customer,23,Business Travel,Eco,1452,4,4,4,4,5,4,5,5,4,4,5,3,5,4.31,0,0,TRUE
Female,Loyal Customer,26,Business Travel,Business,3862,1,1,1,1,5,5,5,5,3,5,4,5,5,3.54,0,0,TRUE
Female,Disloyal Customer,30,Business Travel,Eco,874,2,2,2,1,1,2,1,1,1,3,2,4,1,1.77,35,21,FALSE
Male,Loyal Customer,68,Personal Travel,Eco Plus,895,3,5,3,1,3,3,3,3,3,4,4,5,3,3.31,7,4,FALSE
Female,Loyal Customer,51,Personal Travel,Eco Plus,821,2,5,2,4,2,5,4,2,2,2,2,5,4,3.15,23,10,FALSE
Male,Loyal Customer,30,Business Travel,Eco,1010,5,3,3,3,5,5,5,5,2,2,5,5,5,4.08,0,1,TRUE
Female,Disloyal Customer,23,Business Travel,Eco,328,0,0,0,3,4,0,4,4,1,5,1,2,4,2.15,0,0,TRUE
Female,Loyal Customer,38,Business Travel,Eco Plus,799,1,1,5,1,1,1,1,1,4,3,3,3,1,2,0,0,FALSE
Female,Disloyal Customer,44,Business Travel,Eco,190,4,5,4,2,2,4,2,2,5,2,2,5,2,3.15,56,58,TRUE
Female,Loyal Customer,30,Business Travel,Business,1599,4,4,2,4,4,4,4,4,2,1,3,3,4,3.31,0,0,TRUE
Male,Loyal Customer,65,Personal Travel,Eco,226,1,4,0,1,2,0,2,2,3,5,4,3,2,2.23,5,0,FALSE
Female,Loyal Customer,58,Business Travel,Business,1756,3,3,3,3,5,4,5,5,5,5,5,3,5,4.15,1,15,TRUE
Female,Loyal Customer,60,Business Travel,Eco Plus,349,1,5,5,5,2,3,3,2,2,1,2,3,3,2.85,2,12,FALSE
Female,Loyal Customer,52,Business Travel,Business,2486,1,1,2,1,5,4,5,5,5,5,5,4,5,3.69,0,0,TRUE
Female,Disloyal Customer,17,Business Travel,Business,591,4,0,4,5,2,4,2,2,3,4,5,5,2,3.23,0,0,TRUE
Female,Disloyal Customer,24,Business Travel,Business,594,0,0,0,4,5,0,5,5,3,5,4,4,5,3.08,21,10,TRUE
Male,Loyal Customer,48,Business Travel,Business,2956,1,1,1,1,3,4,4,4,4,4,4,5,3,3,0,0,TRUE
Female,Disloyal Customer,19,Business Travel,Eco,813,5,5,5,1,3,5,3,3,3,3,4,4,3,3.62,0,0,TRUE
Male,Loyal Customer,57,Business Travel,Business,224,0,0,0,3,2,5,2,3,3,3,3,1,5,2.31,0,0,TRUE
Female,Loyal Customer,72,Business Travel,Business,2454,1,4,4,4,1,2,2,1,1,1,1,3,1,2,0,0,FALSE
Male,Loyal Customer,48,Business Travel,Eco,667,3,1,1,1,3,3,3,3,1,5,1,2,3,2.31,0,0,FALSE
Female,Loyal Customer,41,Personal Travel,Eco,427,1,1,1,4,2,1,2,2,4,4,4,3,2,2.38,0,0,FALSE
Male,Loyal Customer,55,Personal Travel,Eco Plus,328,2,1,2,1,5,2,5,5,4,4,1,2,5,3,0,0,FALSE
Male,Loyal Customer,44,Business Travel,Business,2970,1,1,1,1,5,5,4,5,5,5,5,4,5,3.62,0,0,TRUE
Male,Loyal Customer,46,Business Travel,Business,1737,5,5,5,5,5,4,4,4,4,4,4,4,4,4.38,0,0,TRUE
Male,Loyal Customer,36,Personal Travel,Eco,763,2,3,2,5,5,2,5,5,1,5,2,3,5,3.46,0,0,FALSE
Female,Loyal Customer,44,Business Travel,Business,2048,5,5,5,5,3,1,4,5,5,5,5,4,3,4.23,0,0,TRUE
Female,Loyal Customer,24,Personal Travel,Eco,2288,1,3,1,4,3,1,3,3,2,1,4,4,3,2.54,3,0,FALSE
Female,Loyal Customer,35,Business Travel,Eco,326,4,1,1,1,4,4,4,5,5,3,5,4,4,3.46,150,154,TRUE
Female,Disloyal Customer,29,Business Travel,Business,426,2,2,2,3,4,2,4,4,5,5,5,3,4,3.46,22,17,FALSE
Female,Loyal Customer,41,Personal Travel,Business,777,3,4,3,3,3,1,1,5,4,5,5,1,1,3,323,329,FALSE
Male,Loyal Customer,36,Business Travel,Business,3199,4,4,4,4,3,5,5,5,5,5,5,4,5,4.46,0,34,TRUE
Male,Loyal Customer,60,Business Travel,Business,2206,2,2,2,2,2,5,5,4,4,4,4,3,5,3.38,36,35,TRUE
Female,Loyal Customer,20,Business Travel,Business,1985,4,2,2,2,4,4,4,4,2,5,3,1,4,3.15,0,0,FALSE
Female,Loyal Customer,43,Business Travel,Business,522,3,3,3,3,2,5,5,4,4,4,4,3,3,3.54,0,10,TRUE
Male,Loyal Customer,50,Business Travel,Business,3726,3,3,3,3,5,5,5,2,2,3,2,5,4,3.46,16,0,TRUE
Female,Loyal Customer,50,Business Travel,Business,3844,2,2,2,2,4,4,4,5,5,5,5,5,5,3.85,76,86,TRUE
Male,Loyal Customer,32,Business Travel,Business,3005,3,3,3,3,4,5,4,4,2,5,4,1,4,3.46,108,91,TRUE
Male,Loyal Customer,20,Personal Travel,Eco,187,4,5,4,3,2,4,2,2,5,3,5,3,2,3.38,1,0,FALSE
Male,Disloyal Customer,40,Business Travel,Eco,626,1,1,1,4,3,1,3,3,1,4,3,1,3,2.23,69,53,FALSE
Male,Loyal Customer,46,Business Travel,Eco,558,5,2,2,2,4,5,4,4,2,2,3,4,4,3.31,0,0,TRUE
Female,Loyal Customer,58,Personal Travel,Eco,682,4,2,4,4,3,3,4,1,1,4,1,3,4,2.92,0,0,TRUE
Male,Loyal Customer,28,Business Travel,Business,3147,2,5,5,5,2,2,2,2,1,5,4,4,2,3.15,5,4,FALSE
Female,Loyal Customer,47,Personal Travel,Eco,643,2,5,2,3,5,4,4,2,2,2,2,3,4,3.08,0,0,FALSE
Male,Loyal Customer,40,Business Travel,Business,3753,3,3,4,3,3,4,5,4,4,4,4,3,4,3.69,0,0,TRUE
Female,Disloyal Customer,24,Business Travel,Business,1035,3,1,3,2,4,3,4,4,3,3,2,4,4,3.08,0,0,FALSE
Female,Loyal Customer,33,Business Travel,Business,1724,4,4,4,4,2,2,2,3,3,4,3,1,2,2.92,0,0,TRUE
Male,Loyal Customer,31,Personal Travel,Eco,1325,4,5,5,3,5,5,5,5,3,2,4,3,5,4.15,0,3,TRUE
Female,Loyal Customer,44,Personal Travel,Eco,862,2,5,2,1,5,4,4,5,5,2,5,4,5,3.77,13,11,FALSE
Female,Loyal Customer,41,Personal Travel,Eco,237,2,5,2,1,4,2,4,4,4,3,4,3,4,3.23,0,0,FALSE
Male,Loyal Customer,46,Business Travel,Business,2139,4,4,1,4,4,3,4,5,5,5,5,3,4,3.92,0,2,TRUE
Female,Loyal Customer,13,Personal Travel,Eco,2454,2,2,2,2,2,5,5,1,3,2,3,5,5,3,27,54,FALSE
Male,Loyal Customer,24,Business Travel,Business,2249,0,0,0,5,2,2,2,2,4,3,2,2,2,2,0,0,TRUE
Male,Loyal Customer,38,Personal Travel,Eco,991,4,4,4,2,2,4,2,2,3,2,4,3,2,2.92,0,0,FALSE
Male,Disloyal Customer,24,Business Travel,Eco,554,5,2,5,5,4,5,4,4,5,4,5,4,4,4.31,0,6,TRUE
Female,Loyal Customer,17,Business Travel,Business,685,3,3,3,3,3,3,3,3,2,5,4,1,3,3,65,54,FALSE
Male,Loyal Customer,35,Business Travel,Business,1717,4,4,4,4,5,1,4,4,4,4,4,1,4,3.62,15,15,TRUE
Female,Loyal Customer,27,Personal Travel,Business,867,4,4,4,3,5,4,5,5,2,4,5,3,5,4.08,0,10,FALSE
Female,Disloyal Customer,25,Business Travel,Business,621,4,0,4,3,3,4,3,3,4,2,4,5,3,3.23,0,0,TRUE
Male,Loyal Customer,30,Business Travel,Business,2371,1,2,1,1,4,4,4,4,3,2,1,1,4,2.46,0,0,TRUE
Female,Loyal Customer,70,Personal Travel,Eco,964,2,1,2,3,1,4,4,4,4,2,4,2,4,2.85,0,0,FALSE
Female,Disloyal Customer,15,Business Travel,Eco,547,1,4,1,2,4,1,3,4,5,4,4,5,4,3.23,0,0,FALSE
Male,Loyal Customer,41,Personal Travel,Eco,362,3,4,3,4,3,3,3,3,3,2,4,3,3,3.15,0,0,FALSE
Female,Disloyal Customer,25,Business Travel,Business,573,5,5,5,3,2,5,2,2,5,3,4,3,2,3.54,0,0,TRUE
Male,Loyal Customer,31,Personal Travel,Eco,1021,2,2,3,4,3,3,3,3,3,1,4,1,3,2.69,100,116,FALSE
Male,Loyal Customer,44,Business Travel,Business,1545,1,3,1,1,5,4,1,4,4,4,4,4,2,2.92,19,7,TRUE
Female,Loyal Customer,53,Personal Travel,Eco,425,3,2,3,3,3,3,3,4,4,3,4,2,1,2.92,0,0,FALSE
Male,Loyal Customer,33,Personal Travel,Eco,762,3,1,3,2,2,3,1,2,4,2,3,3,2,2.38,0,0,FALSE
Female,Loyal Customer,41,Personal Travel,Eco,404,2,4,2,3,5,2,5,5,4,3,4,4,5,3.69,0,0,FALSE
Male,Loyal Customer,33,Business Travel,Business,3141,2,2,2,2,5,5,5,5,3,2,5,1,5,3.38,0,0,TRUE
Female,Loyal Customer,26,Business Travel,Business,2215,3,3,3,3,5,4,5,5,3,4,5,3,5,3.92,0,0,TRUE
Male,Loyal Customer,50,Business Travel,Business,447,3,1,1,1,5,3,3,3,3,2,3,2,3,2.54,0,1,FALSE
Female,Loyal Customer,40,Business Travel,Business,2257,5,5,5,5,2,5,5,4,4,4,5,5,3,4.38,0,0,TRUE
Male,Loyal Customer,44,Business Travel,Business,2933,5,5,3,5,1,1,5,5,5,5,5,2,2,3.77,0,0,TRUE
Female,Loyal Customer,56,Business Travel,Business,1882,2,2,2,2,4,4,5,4,4,4,4,4,5,3.54,0,0,TRUE
Female,Disloyal Customer,18,Business Travel,Eco,2378,3,3,3,3,3,5,2,4,1,3,3,2,2,2.85,91,76,FALSE
Female,Disloyal Customer,45,Business Travel,Business,967,1,1,1,4,5,1,2,5,4,3,4,3,5,3,13,0,FALSE
Female,Loyal Customer,21,Personal Travel,Eco,192,2,5,2,5,2,2,2,2,3,4,5,3,2,3,3,4,FALSE
Male,Loyal Customer,67,Business Travel,Business,1832,1,4,4,4,4,3,4,1,1,1,1,4,1,2.54,0,0,FALSE
Male,Disloyal Customer,18,Business Travel,Eco,1096,2,2,2,4,3,2,3,3,5,2,4,4,3,3,0,0,FALSE
Female,Loyal Customer,23,Personal Travel,Eco,408,2,4,2,1,2,2,2,2,5,5,4,4,2,2.85,0,0,FALSE
Male,Loyal Customer,16,Personal Travel,Eco,377,2,3,2,3,3,2,3,3,4,4,3,4,3,3,0,0,FALSE
Male,Loyal Customer,35,Business Travel,Eco,551,4,1,5,5,4,4,4,2,2,4,1,4,4,3.38,175,175,TRUE
Male,Disloyal Customer,22,Business Travel,Eco,147,3,2,3,3,4,3,5,4,2,1,3,3,4,3.08,0,0,FALSE
Female,Disloyal Customer,29,Business Travel,Eco,1068,4,4,4,2,1,4,1,1,1,3,4,5,1,2.69,14,0,FALSE
Female,Loyal Customer,45,Business Travel,Eco,351,4,4,2,4,4,4,4,2,2,1,5,4,4,3.38,147,163,TRUE
Male,Loyal Customer,36,Business Travel,Eco,1404,4,2,2,2,4,4,4,4,3,5,4,3,4,3.46,0,0,TRUE
Male,Loyal Customer,45,Business Travel,Business,3511,1,1,1,1,1,2,1,4,4,4,3,1,1,1.92,0,0,TRUE
Male,Loyal Customer,43,Business Travel,Business,1801,2,2,2,2,3,4,5,4,4,4,4,4,4,3.38,0,0,TRUE
Male,Disloyal Customer,44,Business Travel,Business,589,5,5,5,3,2,5,2,2,3,5,5,3,2,3.62,9,15,TRUE
Male,Loyal Customer,36,Business Travel,Eco,413,4,2,2,2,4,4,4,4,5,2,3,5,4,3.46,56,52,TRUE
Female,Disloyal Customer,23,Business Travel,Business,533,4,5,4,3,3,4,3,3,5,3,5,3,3,3.69,0,0,TRUE
Female,Loyal Customer,58,Personal Travel,Eco,288,3,4,5,1,5,4,5,5,5,5,5,4,3,4.15,36,20,FALSE
Female,Loyal Customer,44,Business Travel,Business,1991,1,1,4,1,5,4,4,4,4,4,4,5,4,3.46,25,57,TRUE
Female,Loyal Customer,52,Business Travel,Business,3930,0,0,0,2,2,5,5,2,2,2,2,5,4,2.38,0,0,TRUE
Female,Loyal Customer,63,Personal Travel,Eco,912,2,2,2,3,2,3,3,3,3,2,3,2,2,2.46,0,0,FALSE
Female,Loyal Customer,28,Personal Travel,Eco,1460,0,4,1,1,1,1,1,1,3,2,3,5,1,1.85,14,12,TRUE
Male,Disloyal Customer,36,Business Travel,Eco,387,2,2,1,3,5,1,5,5,3,4,4,1,5,3.15,0,0,FALSE
Female,Loyal Customer,50,Business Travel,Business,1741,5,5,5,5,4,1,4,3,3,4,3,4,3,3.77,0,0,TRUE
Male,Loyal Customer,53,Business Travel,Eco,397,4,2,1,1,4,4,4,4,2,4,3,2,4,3,0,0,FALSE
Male,Disloyal Customer,23,Business Travel,Eco,946,3,3,3,3,2,3,2,2,4,3,3,4,2,2.85,0,20,FALSE
Male,Loyal Customer,44,Personal Travel,Eco,597,5,1,5,3,2,5,2,2,4,1,1,1,2,2.62,0,0,TRUE
Female,Loyal Customer,12,Personal Travel,Eco,436,3,5,3,4,3,3,3,3,1,3,2,5,3,3.15,0,0,FALSE
Male,Loyal Customer,42,Business Travel,Business,3868,3,3,3,3,4,3,1,4,4,4,4,1,3,3.08,0,0,TRUE
Female,Loyal Customer,61,Personal Travel,Eco,1208,4,3,4,1,4,5,2,3,3,4,3,5,5,3.54,0,0,TRUE
Male,Loyal Customer,44,Business Travel,Eco,429,4,1,1,1,3,4,3,3,5,3,2,2,3,2.69,0,0,TRUE
Male,Loyal Customer,33,Business Travel,Business,2197,0,4,0,1,5,5,5,1,4,3,2,5,5,3.08,281,287,TRUE
Male,Loyal Customer,51,Business Travel,Business,2357,2,4,2,2,3,5,4,5,5,5,5,5,5,4,0,9,TRUE
Female,Disloyal Customer,55,Business Travel,Eco,109,3,2,3,3,4,3,4,4,3,4,4,1,4,3.23,0,0,FALSE
Female,Loyal Customer,47,Business Travel,Business,1927,4,4,4,4,3,5,4,4,4,4,4,4,4,4,0,0,TRUE
Male,Loyal Customer,26,Personal Travel,Eco,402,2,4,2,1,2,2,2,2,3,3,5,4,2,2.62,0,0,FALSE
Female,Disloyal Customer,36,Business Travel,Eco,835,3,3,3,3,3,3,3,3,2,4,3,4,3,3.08,0,0,FALSE
Male,Loyal Customer,50,Business Travel,Eco,224,4,4,4,4,4,4,4,4,5,4,4,5,4,4.15,0,0,TRUE
Male,Loyal Customer,10,Personal Travel,Eco,337,2,4,2,4,4,2,2,4,5,5,4,3,4,3.46,0,0,FALSE
Female,Loyal Customer,29,Business Travel,Eco Plus,771,2,5,3,3,2,2,2,1,3,2,2,2,2,2.38,189,184,FALSE
Female,Loyal Customer,57,Business Travel,Business,599,4,4,4,4,5,5,4,5,5,5,5,3,5,4.46,0,1,TRUE
Male,Loyal Customer,35,Business Travel,Eco Plus,106,5,4,4,4,5,5,5,5,2,1,5,4,5,4.15,130,121,TRUE
Female,Loyal Customer,43,Personal Travel,Eco,1120,4,5,4,3,2,5,4,5,5,4,5,3,3,4,0,0,FALSE
Male,Loyal Customer,55,Business Travel,Business,604,1,1,1,1,1,1,3,5,5,5,5,3,3,2.69,18,5,TRUE
Male,Loyal Customer,42,Personal Travel,Eco,1259,1,5,1,4,1,1,3,1,3,2,4,3,1,2.31,0,2,FALSE
Female,Loyal Customer,32,Personal Travel,Eco,255,1,1,1,3,3,1,5,3,3,1,3,1,3,2.23,7,0,FALSE
Male,Loyal Customer,18,Personal Travel,Eco,602,3,4,4,4,1,4,1,1,4,2,1,1,1,2.38,0,0,FALSE
Female,Loyal Customer,53,Business Travel,Business,2075,3,3,3,3,2,5,5,5,5,5,5,3,4,3.92,0,7,TRUE
Male,Disloyal Customer,38,Business Travel,Business,134,4,4,4,1,2,4,2,2,3,2,4,3,2,2.85,6,1,FALSE
Female,Disloyal Customer,36,Business Travel,Eco,430,3,0,3,2,5,3,2,5,2,2,2,1,5,2.69,0,0,FALSE
Female,Loyal Customer,39,Business Travel,Business,1656,1,1,1,1,3,4,5,4,4,4,4,3,5,3.08,0,0,TRUE
Female,Loyal Customer,54,Personal Travel,Eco,157,2,1,2,4,3,4,4,2,2,2,5,4,3,2.92,0,0,FALSE
Male,Loyal Customer,47,Personal Travel,Eco,201,3,2,3,3,2,3,2,2,2,1,4,4,2,2.54,0,0,FALSE
Male,Loyal Customer,46,Business Travel,Business,1993,4,4,3,4,2,1,4,5,5,5,5,5,5,4,0,0,TRUE
Male,Loyal Customer,25,Personal Travel,Eco Plus,255,3,2,3,3,4,3,4,4,4,3,3,4,4,3.38,8,6,FALSE
Male,Loyal Customer,45,Business Travel,Eco,533,1,2,2,2,1,1,1,1,4,2,2,1,1,1.62,0,1,FALSE
Male,Loyal Customer,10,Personal Travel,Eco,2556,3,2,4,3,4,3,3,1,2,4,3,3,3,2.92,4,0,FALSE
Female,Disloyal Customer,58,Business Travel,Business,419,3,3,3,1,2,3,5,2,4,2,5,4,2,3,0,0,FALSE
Male,Loyal Customer,57,Business Travel,Business,1547,2,2,2,2,5,5,4,2,2,2,2,3,4,2.85,0,0,TRUE
Female,Loyal Customer,44,Business Travel,Business,3184,1,1,1,1,2,4,4,5,5,5,5,5,3,3.23,0,0,TRUE
Male,Loyal Customer,52,Business Travel,Eco,508,5,2,2,2,5,5,5,5,3,1,5,1,5,3.54,7,0,TRUE
Female,Loyal Customer,26,Business Travel,Business,3378,5,5,3,5,5,5,5,5,1,2,1,1,5,3.69,0,0,TRUE
Female,Loyal Customer,36,Business Travel,Eco,752,4,3,3,3,4,4,4,4,4,4,2,4,4,3.62,55,59,TRUE
Male,Loyal Customer,23,Business Travel,Business,1744,3,5,5,5,3,3,3,3,2,4,1,3,3,3.31,5,0,FALSE
Male,Loyal Customer,29,Business Travel,Eco Plus,532,2,5,5,5,2,2,2,2,4,3,4,1,2,3,0,0,FALSE
Female,Loyal Customer,33,Business Travel,Business,1543,4,4,4,4,3,4,1,4,4,4,4,2,4,3.54,0,0,TRUE
Female,Loyal Customer,59,Personal Travel,Eco Plus,197,3,5,3,2,3,4,3,5,5,3,1,2,1,3.08,7,0,FALSE
Male,Loyal Customer,53,Business Travel,Business,3021,5,5,5,5,4,4,5,5,5,5,5,5,3,4.69,2,0,TRUE
Male,Loyal Customer,40,Business Travel,Business,1846,2,3,3,3,2,4,3,2,2,2,2,3,1,2.46,0,0,FALSE
Male,Loyal Customer,45,Business Travel,Business,447,4,4,4,4,5,5,4,2,2,2,2,5,5,3.69,0,0,TRUE
Female,Disloyal Customer,49,Business Travel,Business,2565,3,3,3,2,3,4,4,3,3,5,4,4,4,3.46,0,0,FALSE
Male,Loyal Customer,41,Business Travel,Business,419,3,3,3,3,4,4,4,5,5,5,5,5,3,4,0,0,TRUE
Female,Loyal Customer,48,Business Travel,Eco,862,3,3,3,3,2,2,2,3,3,3,3,3,3,2.77,10,15,FALSE
Male,Disloyal Customer,20,Business Travel,Eco,140,3,2,3,4,3,3,4,3,4,2,3,1,3,2.92,0,0,FALSE
Female,Loyal Customer,24,Business Travel,Business,2007,5,5,5,5,5,5,5,5,3,4,3,4,5,4.54,0,0,TRUE
Male,Loyal Customer,58,Business Travel,Business,214,3,5,5,5,5,4,3,2,2,2,3,2,2,3.31,2,6,FALSE
Female,Disloyal Customer,24,Business Travel,Eco,552,2,1,2,3,1,2,1,1,2,1,2,2,1,1.62,0,0,FALSE
Male,Loyal Customer,45,Business Travel,Eco,195,2,3,3,3,2,2,2,2,2,2,3,3,2,2.38,0,8,TRUE
Female,Loyal Customer,36,Business Travel,Eco,272,4,3,3,3,4,4,4,4,3,4,4,3,4,3.62,49,58,TRUE
Female,Loyal Customer,18,Personal Travel,Eco,1020,3,3,4,3,3,4,2,3,1,4,3,4,3,3.08,0,0,FALSE
Female,Disloyal Customer,43,Business Travel,Business,2079,4,4,4,3,1,4,1,1,4,4,4,4,1,3,0,0,FALSE
Female,Loyal Customer,46,Business Travel,Business,1826,4,4,4,4,2,4,5,5,5,5,5,4,5,4.31,0,0,TRUE
Female,Loyal Customer,27,Business Travel,Eco,588,5,3,3,3,5,5,5,5,4,4,4,1,5,4,0,0,TRUE
Male,Loyal Customer,50,Business Travel,Eco Plus,951,1,2,2,2,1,1,1,1,3,2,4,3,1,1.85,0,18,FALSE
Female,Loyal Customer,63,Personal Travel,Business,483,2,2,3,3,4,2,3,5,5,3,5,3,4,3.38,0,7,FALSE
Female,Disloyal Customer,20,Business Travel,Eco,1017,3,3,3,3,4,3,4,4,4,1,4,3,4,3.31,36,22,FALSE
Female,Loyal Customer,37,Business Travel,Eco,226,5,2,2,2,5,5,5,5,1,2,2,5,5,3.54,3,2,TRUE
Male,Loyal Customer,54,Personal Travel,Eco,2465,1,5,1,4,1,1,4,3,3,3,5,4,4,3,0,0,FALSE
Female,Loyal Customer,61,Business Travel,Business,3751,2,1,1,1,1,4,3,2,2,2,2,4,4,2.23,29,23,FALSE
Male,Loyal Customer,47,Business Travel,Eco,812,3,3,3,3,3,3,3,3,1,1,3,2,3,2.62,63,51,FALSE
Male,Loyal Customer,56,Business Travel,Business,1738,4,4,4,4,2,5,5,5,5,5,5,3,3,4.15,0,0,TRUE
Male,Loyal Customer,14,Personal Travel,Eco,1810,5,3,5,1,1,5,1,1,1,2,4,5,1,2.69,0,0,TRUE
Male,Loyal Customer,57,Business Travel,Business,874,1,1,1,1,2,4,2,2,2,2,2,4,5,2.23,0,0,TRUE
Male,Loyal Customer,25,Business Travel,Business,1096,2,2,2,2,4,5,4,4,3,4,5,3,4,3.38,0,0,TRUE
Female,Loyal Customer,33,Business Travel,Business,1971,3,5,4,4,2,3,4,3,3,3,3,3,1,3.15,27,40,FALSE
Female,Disloyal Customer,42,Business Travel,Eco,427,4,3,4,3,5,4,3,5,4,3,5,5,5,4.08,0,0,TRUE
Female,Loyal Customer,29,Business Travel,Business,3823,3,3,3,3,5,4,5,5,3,5,5,4,5,4.08,12,11,TRUE
Male,Loyal Customer,42,Business Travel,Business,764,2,2,2,2,2,4,5,4,4,4,4,5,5,3.46,0,0,TRUE
Female,Loyal Customer,35,Personal Travel,Eco,109,3,2,3,3,1,3,1,1,3,5,4,1,1,2.38,0,0,FALSE
Female,Disloyal Customer,24,Business Travel,Eco Plus,547,2,0,1,2,1,1,1,1,1,4,1,1,1,1.31,0,0,FALSE
Male,Loyal Customer,20,Personal Travel,Eco,1464,1,5,1,4,1,1,1,1,3,5,4,4,1,2.46,37,68,FALSE
Female,Loyal Customer,54,Personal Travel,Eco,1131,2,1,2,3,3,2,3,3,3,2,3,4,4,2.69,46,15,FALSE
Male,Loyal Customer,58,Business Travel,Business,1917,3,3,3,3,4,5,5,5,5,5,5,3,4,4.08,0,0,TRUE
Male,Loyal Customer,37,Business Travel,Eco,862,3,4,4,4,3,3,3,3,4,5,4,1,3,3.38,5,10,FALSE
Male,Loyal Customer,61,Business Travel,Eco,235,3,1,1,1,3,3,3,3,2,5,4,4,3,2.77,26,42,FALSE
Male,Loyal Customer,41,Business Travel,Business,2052,2,2,2,2,3,4,5,3,3,3,3,3,5,3.08,4,0,TRUE
Female,Loyal Customer,51,Business Travel,Eco,236,2,5,5,5,1,1,2,2,2,2,2,1,1,2.38,6,31,FALSE
Male,Loyal Customer,42,Business Travel,Business,337,2,2,2,2,3,4,5,4,4,4,4,5,4,3.46,0,0,TRUE
Female,Loyal Customer,40,Personal Travel,Eco Plus,363,3,4,5,3,1,5,1,1,4,3,4,3,1,2.92,2,0,FALSE
Female,Disloyal Customer,24,Business Travel,Business,641,4,0,4,5,2,4,2,2,4,3,5,4,2,3.15,26,4,TRUE
Male,Loyal Customer,25,Personal Travel,Eco,814,4,3,4,3,4,4,4,4,4,4,4,1,4,3.62,0,0,FALSE
Female,Loyal Customer,24,Personal Travel,Eco Plus,950,2,1,2,4,5,2,4,5,2,2,3,3,5,3.08,0,0,FALSE
Male,Loyal Customer,23,Business Travel,Business,280,3,4,4,4,3,3,3,3,3,4,1,2,3,3.08,0,0,FALSE
Female,Loyal Customer,30,Personal Travel,Eco,689,4,5,4,1,1,4,1,1,1,3,4,5,1,2.69,0,0,TRUE
Male,Loyal Customer,17,Personal Travel,Eco,689,2,4,2,3,2,2,2,2,4,3,3,3,2,2.62,3,0,FALSE
Male,Loyal Customer,49,Business Travel,Business,473,2,2,2,2,3,3,2,5,5,5,5,3,3,3.23,49,45,TRUE
Female,Disloyal Customer,23,Business Travel,Eco,166,4,3,4,1,4,4,4,4,4,1,4,5,4,3.54,0,0,TRUE
Female,Loyal Customer,59,Business Travel,Business,3298,2,2,2,2,3,4,4,4,4,4,4,3,5,3.31,1,0,TRUE
Male,Loyal Customer,13,Personal Travel,Eco,337,3,5,4,3,1,4,1,1,5,5,4,3,1,3.08,0,0,FALSE
Female,Loyal Customer,58,Business Travel,Business,1416,1,1,1,1,5,5,4,4,4,4,4,3,3,3.08,0,0,TRUE
Female,Loyal Customer,47,Business Travel,Business,337,1,1,1,1,3,4,5,4,4,4,4,4,3,3,11,5,TRUE
Female,Loyal Customer,59,Business Travel,Business,3391,1,1,1,1,4,4,5,5,5,5,5,5,3,3.46,0,1,TRUE
Male,Loyal Customer,49,Personal Travel,Eco,323,2,1,2,3,4,2,4,4,2,5,3,1,4,2.85,1,0,FALSE
Male,Loyal Customer,48,Personal Travel,Business,493,3,4,3,3,3,5,5,5,5,3,4,3,3,3.77,2,0,FALSE
Male,Loyal Customer,46,Business Travel,Business,1547,5,5,5,5,5,4,5,4,4,4,4,5,3,4.46,0,0,TRUE
Female,Loyal Customer,23,Personal Travel,Eco,1590,3,4,3,3,1,3,1,1,5,2,3,5,1,2.69,3,13,FALSE
Female,Loyal Customer,43,Business Travel,Business,1089,5,5,5,5,5,5,4,4,4,4,4,4,4,4.46,0,2,TRUE
Female,Loyal Customer,59,Business Travel,Business,402,1,5,5,5,1,1,1,1,5,4,4,1,1,2.69,201,186,FALSE
Male,Loyal Customer,44,Business Travel,Business,3093,4,4,4,4,3,4,5,5,5,5,5,4,5,4.38,0,0,TRUE
Male,Disloyal Customer,25,Business Travel,Business,302,3,0,3,1,3,3,3,3,5,2,5,3,3,2.85,0,0,FALSE
Female,Disloyal Customer,30,Business Travel,Business,1919,1,1,1,1,1,1,1,1,4,2,4,3,1,1.69,0,0,FALSE
Female,Loyal Customer,31,Business Travel,Business,2537,1,1,5,1,4,5,4,4,3,2,4,3,4,3.15,0,0,TRUE
Female,Loyal Customer,33,Business Travel,Business,2521,3,2,2,2,2,3,2,3,3,3,3,2,1,2.38,0,0,FALSE
Male,Loyal Customer,21,Personal Travel,Eco,666,1,3,1,4,1,1,3,1,4,4,3,1,1,2.15,0,0,FALSE
Female,Disloyal Customer,13,Business Travel,Eco,1237,2,2,2,4,1,2,1,1,3,1,3,4,1,2.08,2,11,FALSE
Male,Loyal Customer,67,Personal Travel,Business,129,4,0,4,5,5,5,5,4,4,4,5,3,5,4.08,0,10,FALSE
Male,Loyal Customer,51,Business Travel,Business,373,2,2,4,4,4,2,2,2,2,2,2,1,1,2.31,31,37,FALSE
Female,Disloyal Customer,40,Business Travel,Business,909,1,1,1,3,2,1,2,2,4,1,4,4,2,2.15,0,0,FALSE
Female,Loyal Customer,53,Personal Travel,Business,157,2,4,2,4,3,4,5,4,4,2,4,4,3,3.46,0,0,FALSE
Female,Loyal Customer,48,Business Travel,Business,2877,2,2,2,2,2,5,5,4,4,4,4,3,4,3.31,0,0,TRUE
Female,Loyal Customer,69,Personal Travel,Eco,967,3,4,3,2,5,4,5,5,5,3,5,5,4,4.08,1,0,FALSE
Male,Loyal Customer,18,Personal Travel,Business,620,4,4,4,4,3,4,3,3,4,2,5,5,3,3.69,0,0,TRUE
Male,Loyal Customer,49,Personal Travel,Eco,967,5,4,4,3,5,4,5,5,4,4,5,4,5,4.38,0,0,TRUE
Male,Loyal Customer,47,Personal Travel,Eco,726,0,5,0,5,1,0,1,1,4,5,4,4,1,2.38,0,0,TRUE
Female,Loyal Customer,30,Personal Travel,Eco,1440,3,4,3,2,3,3,3,3,5,5,4,5,3,3.54,0,0,FALSE
Female,Loyal Customer,43,Business Travel,Eco,829,5,1,1,1,3,1,4,4,4,5,4,2,5,3.08,0,0,TRUE
Female,Disloyal Customer,26,Business Travel,Business,1012,2,2,2,5,5,2,5,5,5,2,4,3,5,3.62,0,0,FALSE
Male,Loyal Customer,60,Business Travel,Business,305,0,0,0,1,4,5,4,3,3,3,3,5,4,2.69,6,0,TRUE
Male,Loyal Customer,24,Personal Travel,Eco Plus,591,3,1,3,3,1,3,1,1,4,2,4,3,1,2.31,107,109,FALSE
Female,Loyal Customer,38,Business Travel,Eco,551,2,2,2,2,2,2,2,2,3,4,2,2,2,2.23,0,0,FALSE
Male,Loyal Customer,33,Personal Travel,Eco,631,2,1,2,4,1,2,1,1,3,1,3,2,1,1.85,3,3,FALSE
Male,Disloyal Customer,23,Business Travel,Eco,484,4,0,4,3,4,4,4,4,5,4,4,3,4,3.62,4,12,TRUE
Female,Disloyal Customer,54,Business Travel,Eco Plus,383,2,3,3,1,3,2,5,3,3,4,2,4,3,2.92,0,7,FALSE
Female,Disloyal Customer,8,Business Travel,Eco,1483,1,1,1,4,2,1,2,2,3,4,5,5,2,2.54,0,4,FALSE
Male,Loyal Customer,56,Business Travel,Business,3133,1,1,1,1,5,5,5,4,4,5,4,4,4,3.38,0,0,TRUE
Female,Disloyal Customer,25,Business Travel,Business,2239,3,0,3,3,5,3,5,5,5,2,4,5,5,3.69,0,0,FALSE
Male,Loyal Customer,61,Personal Travel,Eco,852,0,5,0,5,2,0,2,2,5,5,4,4,2,2.77,11,2,TRUE
Female,Loyal Customer,25,Business Travel,Business,1107,2,1,1,1,2,2,2,2,3,5,2,3,2,2.15,0,0,FALSE
Male,Loyal Customer,47,Personal Travel,Eco,1303,1,5,1,2,1,1,1,1,4,2,5,4,1,2.23,28,36,FALSE
Male,Disloyal Customer,26,Business Travel,Business,1587,3,3,3,5,2,3,2,2,4,5,4,5,2,3.31,0,6,FALSE
Female,Loyal Customer,45,Personal Travel,Business,936,5,2,5,3,3,2,3,4,4,5,2,4,2,3.38,16,24,TRUE
Male,Loyal Customer,55,Business Travel,Eco,216,2,4,4,4,2,2,2,2,2,3,4,1,2,2.62,17,22,FALSE
Female,Disloyal Customer,22,Business Travel,Eco,647,0,0,0,1,2,0,2,2,5,2,5,4,2,1.92,9,2,TRUE
Female,Loyal Customer,46,Business Travel,Business,3286,4,4,4,4,5,4,5,4,4,5,4,3,3,4.08,0,0,TRUE
Male,Loyal Customer,50,Personal Travel,Eco,229,2,5,2,2,5,2,5,5,5,4,5,4,5,3.92,19,37,FALSE
Male,Loyal Customer,40,Business Travel,Business,2799,4,5,4,4,5,4,4,5,5,5,4,5,4,4.46,10,6,TRUE
Male,Loyal Customer,59,Business Travel,Business,1849,2,2,2,2,3,5,4,5,5,5,5,5,4,3.77,0,7,TRUE
Female,Disloyal Customer,58,Business Travel,Business,405,4,4,4,1,2,4,2,2,3,5,5,4,2,3.23,0,0,FALSE
Male,Loyal Customer,44,Business Travel,Eco,308,5,1,1,1,4,5,4,4,1,3,1,5,4,3,7,9,TRUE
Female,Loyal Customer,22,Business Travel,Eco,1576,5,1,1,1,5,4,4,5,3,2,2,3,5,3.15,11,4,TRUE
Male,Disloyal Customer,23,Business Travel,Eco,181,2,2,2,1,5,2,5,5,4,4,2,3,5,3.23,3,2,FALSE
Male,Loyal Customer,37,Personal Travel,Eco,2370,2,4,2,4,3,2,1,3,2,1,3,1,3,2.38,1,0,FALSE
Male,Loyal Customer,62,Personal Travel,Eco,337,5,4,5,4,5,5,2,5,3,4,5,5,5,4.38,9,0,TRUE
Male,Disloyal Customer,39,Business Travel,Business,473,4,3,3,2,1,3,4,1,4,5,4,3,1,2.92,0,0,TRUE
Female,Disloyal Customer,23,Business Travel,Eco,1541,5,5,5,2,1,5,1,1,3,1,4,2,1,2.77,36,26,TRUE
Male,Loyal Customer,65,Personal Travel,Eco,1045,2,5,2,5,4,2,5,4,1,1,3,3,4,3.15,1,0,FALSE
Male,Loyal Customer,58,Business Travel,Business,552,3,3,3,3,2,5,4,5,5,5,5,4,5,4,87,96,TRUE
Female,Loyal Customer,29,Business Travel,Eco Plus,680,5,2,5,2,5,5,5,5,4,4,4,2,5,4.08,0,3,TRUE
Male,Loyal Customer,29,Business Travel,Business,2599,2,2,2,2,4,4,4,4,2,4,4,3,4,3.15,0,0,TRUE
Female,Loyal Customer,39,Business Travel,Eco,288,3,1,1,1,3,3,3,3,5,2,4,4,3,2.77,0,0,TRUE
Female,Loyal Customer,13,Personal Travel,Eco Plus,833,1,5,1,4,3,1,3,3,4,4,5,3,3,3.08,13,2,FALSE
Male,Loyal Customer,44,Business Travel,Eco Plus,128,4,4,3,4,4,4,4,4,4,3,3,4,4,3.77,3,0,FALSE
Male,Loyal Customer,21,Personal Travel,Eco,551,5,5,5,1,3,5,3,3,5,2,3,2,3,3.46,0,0,TRUE
Male,Loyal Customer,57,Business Travel,Eco,666,3,1,1,1,3,3,3,3,4,5,3,2,3,2.69,23,15,FALSE
Male,Loyal Customer,36,Business Travel,Eco Plus,697,5,4,4,4,5,5,5,5,2,4,1,2,5,3.92,0,0,TRUE
Male,Disloyal Customer,48,Business Travel,Eco,846,3,3,3,3,3,3,3,3,1,4,1,2,3,2.69,0,0,FALSE
Female,Disloyal Customer,24,Business Travel,Eco,588,2,5,2,3,1,2,1,1,1,5,4,2,1,2.31,0,0,FALSE
Male,Disloyal Customer,38,Business Travel,Business,189,2,2,2,4,4,2,4,4,3,3,3,2,4,3,4,4,FALSE
Male,Disloyal Customer,21,Business Travel,Business,239,0,4,0,4,2,0,2,2,3,4,5,3,2,2.38,2,1,TRUE
Male,Loyal Customer,35,Business Travel,Eco Plus,2381,4,2,3,2,4,4,4,4,1,4,5,5,4,3.54,11,0,TRUE
Female,Disloyal Customer,26,Business Travel,Business,337,4,3,4,3,3,4,3,3,4,3,5,5,3,3.62,9,4,TRUE
Female,Disloyal Customer,24,Business Travel,Eco,408,5,4,5,1,4,5,4,4,4,4,2,3,4,3.77,0,0,TRUE
Male,Disloyal Customer,39,Business Travel,Eco,391,2,0,2,1,5,2,5,5,5,4,4,4,5,3.38,0,0,FALSE
Female,Loyal Customer,43,Business Travel,Business,2486,2,2,2,2,5,5,5,5,3,5,5,5,5,3.92,0,5,TRUE
Female,Loyal Customer,48,Business Travel,Business,479,4,2,2,2,4,4,4,1,1,3,2,4,4,2.85,245,230,FALSE
Female,Loyal Customer,29,Business Travel,Business,563,4,4,4,4,4,4,4,4,5,1,1,1,4,3.38,0,0,TRUE
Male,Loyal Customer,45,Personal Travel,Eco,733,3,4,3,3,3,3,3,5,3,3,1,3,3,3.08,246,239,FALSE
Male,Loyal Customer,37,Business Travel,Eco,618,4,1,1,1,4,4,4,4,4,1,2,5,4,3,0,0,TRUE
Male,Disloyal Customer,37,Business Travel,Eco,529,2,3,2,4,2,2,2,2,3,1,3,1,2,2.23,0,0,FALSE
Male,Loyal Customer,53,Business Travel,Business,3228,5,5,4,5,3,4,4,5,5,5,5,5,5,4.62,2,0,TRUE
Male,Loyal Customer,60,Business Travel,Business,3887,5,5,5,5,2,4,4,5,5,5,5,3,5,4.46,0,0,TRUE
Male,Loyal Customer,14,Business Travel,Business,3076,3,2,2,2,3,3,3,3,1,1,4,4,3,2.62,18,13,FALSE
Female,Loyal Customer,35,Personal Travel,Eco,371,2,4,2,3,5,2,5,5,2,2,2,5,5,3.38,0,0,FALSE
Male,Loyal Customer,21,Business Travel,Eco Plus,689,0,4,0,3,0,4,3,5,5,2,3,3,3,2.69,190,186,TRUE
Male,Loyal Customer,37,Personal Travel,Eco,599,1,2,1,3,4,1,1,4,2,2,1,4,4,2.31,0,2,FALSE
Male,Loyal Customer,63,Personal Travel,Eco,189,4,4,4,1,4,4,4,4,5,5,5,2,4,3.85,20,14,FALSE
Male,Disloyal Customer,38,Business Travel,Eco,719,1,1,1,3,3,1,3,3,2,2,3,3,3,2.23,0,0,FALSE
Female,Loyal Customer,58,Business Travel,Business,3407,0,4,1,1,4,5,5,4,4,4,4,4,4,3.38,0,0,TRUE
Male,Loyal Customer,34,Personal Travel,Eco,1008,4,1,4,2,4,4,4,4,3,3,2,4,4,3.31,0,0,FALSE
Male,Loyal Customer,36,Business Travel,Eco,359,5,4,4,4,5,5,5,5,3,2,2,5,5,4.15,0,0,TRUE
Male,Loyal Customer,42,Business Travel,Business,2381,4,4,4,4,4,4,2,2,2,2,2,2,1,2.85,0,0,TRUE
Male,Loyal Customer,58,Personal Travel,Eco,391,2,5,2,3,3,2,3,3,5,4,1,2,3,2.92,0,0,FALSE
Female,Loyal Customer,56,Business Travel,Business,2800,1,3,3,3,1,2,3,1,1,1,1,4,3,2.08,0,0,FALSE
Male,Loyal Customer,17,Personal Travel,Eco,110,2,1,2,2,1,2,1,1,4,5,2,3,1,2.08,0,0,FALSE
Female,Loyal Customer,56,Personal Travel,Eco,1199,3,4,3,1,3,3,3,1,1,3,1,5,4,2.69,25,17,FALSE
Female,Loyal Customer,28,Business Travel,Eco,576,5,4,4,4,5,5,5,5,2,3,4,1,5,4,114,123,TRUE
Female,Loyal Customer,48,Business Travel,Business,1576,2,2,2,2,2,4,5,2,2,2,2,5,4,2.77,0,18,TRUE
Male,Loyal Customer,39,Personal Travel,Eco,2139,3,5,3,2,1,3,1,1,5,5,4,3,1,2.85,0,13,FALSE
Female,Loyal Customer,49,Personal Travel,Eco,365,1,4,4,5,3,4,4,3,3,4,3,3,5,3.54,14,18,FALSE
Male,Loyal Customer,32,Business Travel,Business,731,3,3,3,3,5,5,5,5,5,4,5,3,5,4.15,1,0,TRUE
Female,Disloyal Customer,21,Business Travel,Eco,550,1,1,1,2,5,1,5,5,3,3,3,3,5,2.92,0,0,FALSE
Female,Loyal Customer,67,Business Travel,Business,333,2,1,3,3,3,4,3,2,2,2,2,1,4,2.46,36,45,FALSE
Female,Disloyal Customer,37,Business Travel,Eco,327,1,4,1,3,1,1,1,1,2,2,4,4,1,2,0,0,FALSE
Female,Disloyal Customer,21,Business Travel,Eco,459,3,1,3,2,2,3,2,2,1,2,2,4,2,2.23,15,22,FALSE
Female,Loyal Customer,48,Business Travel,Business,2225,3,1,1,1,3,4,3,3,3,3,3,4,3,2.69,0,0,FALSE
Female,Loyal Customer,24,Business Travel,Business,622,4,4,4,4,5,5,5,5,3,5,5,3,5,4.38,18,18,TRUE
Male,Loyal Customer,61,Business Travel,Eco,802,3,3,3,3,3,3,3,3,1,2,4,2,3,2.77,38,35,FALSE
Female,Loyal Customer,59,Business Travel,Business,2133,4,4,4,4,4,4,4,2,2,2,2,3,5,3.38,113,98,TRUE
Male,Loyal Customer,56,Business Travel,Business,650,5,5,5,5,4,4,5,4,4,4,4,4,5,4.46,8,13,TRUE
Female,Loyal Customer,42,Personal Travel,Eco,749,4,5,4,2,4,5,2,4,4,4,5,3,4,3.85,0,0,FALSE
Male,Loyal Customer,39,Business Travel,Business,1614,4,4,4,4,5,4,4,4,4,4,4,5,5,4.23,3,0,TRUE
Female,Loyal Customer,43,Business Travel,Business,919,4,4,4,4,5,4,5,5,5,5,5,3,5,4.46,22,17,TRUE
Female,Loyal Customer,40,Business Travel,Business,2265,0,1,1,4,1,2,5,2,2,2,2,2,3,2.08,0,0,TRUE
Female,Disloyal Customer,36,Business Travel,Eco Plus,236,3,3,3,3,2,3,2,2,1,1,4,3,2,2.46,0,0,FALSE
Male,Disloyal Customer,37,Business Travel,Business,220,2,2,2,5,5,2,2,5,3,2,5,5,5,3.46,3,0,FALSE
Male,Loyal Customer,44,Business Travel,Eco,2454,2,2,2,2,2,2,2,4,2,3,2,2,2,2.23,9,43,FALSE
Female,Loyal Customer,16,Business Travel,Business,1851,5,5,5,5,5,5,5,5,5,3,5,1,5,4.54,0,0,TRUE
Male,Loyal Customer,45,Business Travel,Business,3613,4,4,4,4,3,5,4,3,3,4,3,3,4,3.69,13,4,TRUE
Female,Loyal Customer,13,Personal Travel,Eco,646,3,4,2,3,4,2,4,4,5,4,2,3,4,3.38,0,0,FALSE
Female,Loyal Customer,36,Business Travel,Business,2814,5,5,5,5,4,4,5,5,5,5,5,3,5,4.69,31,28,TRUE
Female,Loyal Customer,43,Business Travel,Business,2335,4,4,1,4,2,4,4,2,2,2,2,4,4,3,0,0,TRUE
Male,Loyal Customer,17,Personal Travel,Eco,944,3,3,3,4,5,3,1,5,1,3,4,2,5,3.23,33,20,FALSE
Male,Loyal Customer,62,Personal Travel,Eco,515,4,5,4,3,5,4,5,5,3,2,5,4,5,4.15,0,0,FALSE
Male,Disloyal Customer,25,Business Travel,Business,835,2,4,2,1,1,2,1,1,3,4,5,4,1,2.38,0,0,FALSE
Female,Loyal Customer,35,Personal Travel,Eco,447,1,4,1,4,4,1,3,4,5,2,4,4,4,3.15,0,11,FALSE
Female,Loyal Customer,10,Personal Travel,Eco,236,2,4,2,2,1,2,1,1,3,1,5,1,1,2,8,4,FALSE
Female,Loyal Customer,55,Business Travel,Eco,1010,3,5,5,5,1,3,2,3,3,3,3,1,3,3.08,0,0,FALSE
Male,Loyal Customer,60,Personal Travel,Eco Plus,1089,1,3,1,2,1,1,1,1,2,2,4,5,1,1.92,0,0,FALSE
Male,Loyal Customer,40,Personal Travel,Eco,1546,3,4,4,4,5,4,5,5,3,2,5,3,5,4,0,0,FALSE
Male,Loyal Customer,9,Personal Travel,Eco,264,1,3,1,3,3,1,3,3,2,1,3,3,3,2.31,0,0,FALSE
Male,Loyal Customer,55,Business Travel,Business,2222,4,3,4,4,1,4,3,4,4,4,3,4,5,3.62,0,0,TRUE
Female,Loyal Customer,58,Business Travel,Business,414,1,1,1,1,4,4,5,4,4,4,4,4,5,3.23,17,4,TRUE
Female,Loyal Customer,55,Personal Travel,Eco,399,3,5,3,1,5,5,5,5,5,3,5,3,4,4,0,0,FALSE
Male,Disloyal Customer,25,Business Travel,Eco,441,3,0,3,4,5,3,5,5,3,3,2,4,5,3.46,0,2,FALSE
Female,Loyal Customer,61,Business Travel,Business,1389,4,1,1,1,5,2,2,4,4,4,4,1,4,2.85,0,4,FALSE
Female,Loyal Customer,33,Personal Travel,Eco,588,2,5,2,3,5,2,5,5,5,3,5,5,5,4,0,0,FALSE
Male,Loyal Customer,44,Business Travel,Business,373,5,5,5,5,2,4,5,4,4,4,4,5,2,4.15,4,22,TRUE
Female,Loyal Customer,35,Personal Travel,Eco,985,4,4,4,4,4,4,4,4,1,1,4,3,4,3.46,32,25,TRUE
Male,Loyal Customer,55,Business Travel,Business,3834,2,2,2,2,4,3,2,5,5,5,5,1,5,3.31,0,0,TRUE
Male,Loyal Customer,32,Personal Travel,Eco,89,2,4,2,3,1,2,5,1,3,5,4,4,1,2.85,1,11,FALSE
Male,Loyal Customer,18,Business Travel,Business,2336,2,2,4,2,4,4,4,4,4,4,4,5,4,3.62,0,0,TRUE
Female,Loyal Customer,39,Business Travel,Business,3888,4,4,1,4,3,5,4,5,5,4,5,4,3,3.92,0,0,TRUE
Female,Disloyal Customer,16,Business Travel,Eco,1007,3,3,3,2,4,3,4,4,5,5,4,3,4,3.62,25,5,TRUE
Female,Loyal Customer,55,Business Travel,Eco,646,3,5,5,5,5,3,2,3,3,3,3,3,3,3.54,0,0,FALSE
Male,Loyal Customer,43,Business Travel,Business,957,2,2,2,2,4,5,4,4,4,4,4,4,3,3.38,0,0,TRUE
Female,Loyal Customer,69,Personal Travel,Eco,295,3,4,3,2,2,5,5,3,3,3,3,1,4,3.15,0,0,FALSE
Female,Loyal Customer,33,Personal Travel,Eco,321,4,2,4,4,5,4,5,5,2,3,3,1,5,3.62,30,25,FALSE
Female,Disloyal Customer,54,Business Travel,Business,669,4,4,4,2,3,4,3,3,5,5,4,3,3,3.62,42,41,TRUE
Male,Disloyal Customer,16,Business Travel,Eco Plus,304,3,2,3,3,1,3,1,1,3,5,4,3,1,2.54,0,0,FALSE
Female,Loyal Customer,26,Personal Travel,Eco,175,2,3,0,3,4,0,4,4,3,3,5,3,4,2.92,0,0,FALSE
Male,Loyal Customer,42,Business Travel,Business,3466,3,1,1,1,4,4,3,3,3,3,3,1,2,2.46,0,0,FALSE
Male,Loyal Customer,43,Business Travel,Business,3081,2,2,2,2,5,4,3,4,4,4,4,1,1,2.92,0,0,TRUE
Female,Disloyal Customer,21,Business Travel,Eco,807,2,2,2,2,2,2,2,2,1,1,3,1,2,1.85,0,0,FALSE
Male,Disloyal Customer,27,Business Travel,Eco,298,1,0,1,2,3,1,3,3,2,1,3,5,3,2.15,5,0,FALSE
Male,Loyal Customer,59,Business Travel,Business,3854,2,2,2,2,5,2,5,5,5,5,5,1,1,3.23,2,0,TRUE
Female,Loyal Customer,58,Personal Travel,Eco,1024,4,5,4,5,3,5,5,3,3,4,3,5,3,4,0,8,FALSE
Male,Loyal Customer,51,Business Travel,Business,2217,4,2,2,2,3,4,3,4,4,4,4,2,3,3.15,27,44,FALSE
Female,Loyal Customer,44,Business Travel,Business,680,2,1,1,1,2,3,3,2,2,2,2,4,1,2,0,0,FALSE
Female,Disloyal Customer,36,Business Travel,Eco,520,2,1,2,3,1,2,1,1,2,1,3,4,1,1.85,0,10,FALSE
Male,Loyal Customer,36,Business Travel,Business,802,5,5,5,5,2,4,4,4,4,4,4,4,3,4.08,0,0,TRUE
Male,Disloyal Customer,46,Business Travel,Business,2762,5,5,5,4,5,5,5,2,2,5,4,5,5,4.38,0,1,TRUE
Female,Loyal Customer,20,Personal Travel,Eco,990,3,4,3,4,2,3,2,2,3,3,5,3,2,3,9,4,FALSE
Female,Disloyal Customer,11,Business Travel,Eco,562,4,0,4,3,2,4,2,2,3,2,4,1,2,2.54,1,2,FALSE
Female,Loyal Customer,59,Business Travel,Business,2115,4,4,4,4,3,4,5,4,4,4,4,3,4,3.92,1,0,TRUE
Male,Loyal Customer,13,Personal Travel,Eco,413,3,4,3,2,5,3,5,5,4,2,5,5,5,3.92,0,0,FALSE
Male,Loyal Customer,45,Business Travel,Eco,987,4,1,1,1,4,4,4,4,3,1,4,3,4,2.92,0,7,TRUE
Female,Loyal Customer,43,Business Travel,Business,1983,0,0,0,3,5,4,4,1,1,1,1,5,4,2.23,3,0,TRUE
Male,Loyal Customer,41,Personal Travel,Eco,692,1,4,1,3,1,1,1,1,3,2,4,5,1,2.15,110,107,FALSE
Female,Disloyal Customer,39,Business Travel,Business,1216,2,2,2,4,4,2,5,4,3,3,1,1,4,2.85,38,37,FALSE
Male,Loyal Customer,50,Business Travel,Business,1701,3,3,3,3,2,4,4,5,5,5,5,5,5,4,0,0,TRUE
Female,Disloyal Customer,23,Business Travel,Eco,391,1,2,1,4,5,1,5,5,1,4,4,1,5,3,13,4,FALSE
Female,Loyal Customer,17,Business Travel,Business,395,5,5,5,5,4,4,4,4,5,5,5,2,4,4.38,0,0,TRUE
Male,Loyal Customer,34,Business Travel,Business,2704,3,2,3,3,4,4,4,5,5,4,4,4,4,3.77,81,55,TRUE
Male,Loyal Customer,33,Business Travel,Eco Plus,459,4,1,1,1,4,4,4,4,5,2,5,1,4,3.08,10,7,TRUE
Female,Loyal Customer,41,Business Travel,Business,2308,1,1,1,1,3,4,4,4,4,4,4,3,3,2.85,0,0,TRUE
Male,Loyal Customer,45,Business Travel,Business,399,3,3,3,3,2,5,5,5,5,5,5,4,3,3.92,1,0,TRUE
Female,Loyal Customer,44,Business Travel,Business,2812,5,5,5,5,4,4,4,5,5,5,5,4,5,4.69,0,0,TRUE
Female,Disloyal Customer,22,Business Travel,Eco,1416,5,4,4,1,2,5,2,2,2,1,5,2,2,2.85,7,0,TRUE
Female,Loyal Customer,36,Business Travel,Eco,235,4,3,3,3,4,4,4,2,4,3,4,4,4,3.54,169,155,FALSE
Female,Loyal Customer,47,Personal Travel,Eco Plus,200,2,4,2,1,5,2,3,1,1,2,1,1,5,2.31,0,6,FALSE
Female,Loyal Customer,14,Personal Travel,Eco,650,0,3,0,5,3,0,3,3,5,3,1,1,3,2.31,0,0,TRUE
Male,Loyal Customer,41,Business Travel,Business,307,2,2,2,2,3,5,4,5,5,5,5,5,4,3.77,0,0,TRUE
Female,Loyal Customer,46,Business Travel,Business,364,3,3,3,3,5,5,4,4,4,4,4,3,5,3.85,0,1,TRUE
Male,Loyal Customer,55,Business Travel,Business,2781,3,3,4,3,5,4,5,4,4,4,4,5,4,4,0,0,TRUE
Female,Loyal Customer,60,Business Travel,Eco Plus,403,2,5,5,5,2,2,2,1,3,2,3,2,2,2.77,191,183,FALSE
Female,Loyal Customer,50,Business Travel,Business,2733,1,1,5,1,4,4,4,5,5,5,5,3,5,3.69,111,131,TRUE
Female,Loyal Customer,14,Personal Travel,Eco Plus,331,2,5,2,3,3,2,3,3,3,2,4,5,3,3.08,0,0,FALSE
Male,Disloyal Customer,22,Business Travel,Business,1047,0,0,0,3,2,0,2,2,4,2,4,5,2,2,0,0,TRUE
Female,Loyal Customer,22,Personal Travel,Eco,919,2,4,2,3,4,2,3,4,2,4,4,1,4,3,0,0,FALSE
Female,Loyal Customer,37,Business Travel,Eco,421,4,2,2,2,4,4,4,4,4,3,4,3,4,3.38,0,0,TRUE
Female,Loyal Customer,22,Business Travel,Eco,760,5,4,2,2,5,5,5,5,2,1,1,5,5,3.62,126,206,TRUE
Female,Loyal Customer,22,Business Travel,Business,2269,3,1,3,3,5,5,5,5,4,1,1,5,5,3.54,0,0,TRUE
Female,Loyal Customer,28,Business Travel,Eco Plus,427,4,3,3,3,4,4,4,4,4,1,2,5,4,3.46,83,89,TRUE
Female,Disloyal Customer,23,Business Travel,Business,1128,5,5,5,2,5,5,5,5,5,2,4,3,5,4.31,38,34,TRUE
Male,Loyal Customer,37,Personal Travel,Eco Plus,675,3,5,3,4,5,3,5,5,5,5,5,3,5,4.31,0,7,FALSE
Male,Loyal Customer,7,Personal Travel,Business,719,3,5,3,2,2,3,2,2,3,4,5,3,2,3,0,2,FALSE
Female,Loyal Customer,41,Business Travel,Business,972,4,4,4,4,5,5,4,4,4,4,4,5,3,4.15,0,0,TRUE
Female,Loyal Customer,35,Business Travel,Business,1854,3,5,5,5,4,4,3,4,4,4,3,2,1,3.62,0,2,FALSE
Female,Loyal Customer,21,Personal Travel,Eco,1334,2,5,2,2,3,2,3,3,3,2,5,5,3,3.08,17,20,FALSE
Female,Loyal Customer,37,Personal Travel,Eco,526,4,4,4,1,4,4,1,4,5,5,5,3,4,3.69,0,0,FALSE
Female,Loyal Customer,52,Business Travel,Business,562,5,5,5,5,3,4,5,4,4,4,4,4,3,4.23,27,18,TRUE
Female,Loyal Customer,53,Business Travel,Business,119,4,1,5,5,4,3,3,4,4,3,4,1,2,3.31,47,42,FALSE
Female,Loyal Customer,32,Business Travel,Business,3602,1,1,1,1,4,4,4,4,3,2,5,5,4,3,0,0,TRUE
Female,Loyal Customer,25,Business Travel,Business,919,4,4,1,4,4,4,4,4,2,3,2,1,4,3.15,0,2,FALSE
Female,Loyal Customer,59,Business Travel,Business,3641,1,1,1,1,2,4,5,3,3,4,3,3,3,2.62,0,0,TRUE
Female,Disloyal Customer,37,Business Travel,Business,488,2,1,1,1,5,1,5,5,3,2,5,4,5,3.08,7,2,FALSE
Female,Loyal Customer,45,Personal Travel,Eco,139,5,4,5,1,1,5,2,5,5,5,5,3,4,3.85,0,0,TRUE
Male,Disloyal Customer,29,Business Travel,Eco,909,1,1,1,4,4,1,2,4,1,1,1,5,4,2.31,0,0,FALSE
Female,Loyal Customer,49,Business Travel,Business,657,1,1,1,1,3,5,5,5,5,5,5,4,4,3.46,0,0,TRUE
Female,Loyal Customer,65,Personal Travel,Eco,413,2,4,2,1,5,5,5,4,4,2,1,3,3,3.15,36,26,FALSE
Male,Loyal Customer,53,Personal Travel,Eco,762,1,3,1,3,4,1,4,4,1,2,3,1,4,2.46,0,0,FALSE
Female,Loyal Customer,44,Personal Travel,Eco,335,2,2,2,2,2,2,3,5,5,2,5,3,4,3,21,10,FALSE
Female,Loyal Customer,23,Personal Travel,Eco,803,3,4,3,1,1,3,1,1,2,3,5,3,1,2.38,0,4,FALSE
Female,Loyal Customer,13,Personal Travel,Eco Plus,907,1,4,1,5,4,1,4,4,4,5,4,5,4,3.54,0,0,FALSE
Male,Loyal Customer,26,Personal Travel,Eco,1242,1,5,1,4,2,1,2,2,4,2,4,3,2,2.54,0,2,FALSE
Male,Loyal Customer,53,Business Travel,Business,1619,3,3,4,3,5,5,5,5,5,4,5,4,5,4.31,0,0,TRUE
Male,Loyal Customer,38,Business Travel,Business,280,0,0,0,3,3,5,5,1,1,1,1,4,4,2.15,0,32,TRUE
Male,Loyal Customer,19,Personal Travel,Eco,1464,2,1,2,1,4,2,4,4,1,4,1,3,4,2.54,8,8,FALSE
Female,Loyal Customer,35,Personal Travel,Eco,2399,3,3,2,3,3,2,4,3,2,5,4,1,3,2.92,52,65,FALSE
Female,Loyal Customer,47,Business Travel,Business,337,1,3,3,3,3,2,3,1,1,1,1,4,1,2.08,0,0,FALSE
Female,Loyal Customer,30,Business Travel,Business,967,1,1,1,1,4,5,4,4,5,3,5,5,4,3.31,2,0,TRUE
Female,Loyal Customer,28,Business Travel,Eco Plus,862,2,2,2,2,2,2,2,4,4,3,3,2,2,2.46,184,173,FALSE
Male,Loyal Customer,25,Personal Travel,Eco,867,5,3,5,1,5,5,3,5,1,5,3,1,5,3.62,0,0,TRUE
Male,Loyal Customer,41,Business Travel,Business,3155,3,2,2,2,4,4,4,3,3,3,3,1,4,2.92,0,14,FALSE
Male,Disloyal Customer,29,Business Travel,Eco,1334,4,4,4,4,3,4,3,3,1,1,4,2,3,3.08,0,0,FALSE
Male,Loyal Customer,49,Personal Travel,Eco,296,3,5,3,4,1,3,1,1,3,5,5,5,1,3.08,0,3,FALSE
Female,Loyal Customer,43,Business Travel,Business,1179,5,5,5,5,4,5,5,4,4,4,4,2,3,4.23,0,0,TRUE
Female,Loyal Customer,26,Personal Travel,Eco,1074,3,5,3,2,1,3,1,1,4,5,5,3,1,2.85,0,0,FALSE
Male,Loyal Customer,30,Business Travel,Business,2282,4,4,4,4,4,4,4,4,5,5,4,3,4,4.08,20,1,TRUE
Male,Loyal Customer,58,Business Travel,Business,2591,3,3,3,3,4,5,5,4,4,4,4,3,3,3.69,0,0,TRUE
Female,Loyal Customer,47,Personal Travel,Eco,246,1,4,1,2,5,5,5,3,3,1,3,3,3,3,29,15,FALSE
Male,Loyal Customer,34,Personal Travel,Eco Plus,369,3,3,4,4,2,4,2,2,1,3,1,5,2,2.77,0,0,FALSE
Male,Disloyal Customer,36,Business Travel,Business,1744,3,3,3,4,3,3,3,3,3,5,4,4,3,3.38,5,0,FALSE
Male,Loyal Customer,46,Business Travel,Business,2407,2,2,2,2,3,3,3,4,4,4,3,2,1,2.69,0,8,TRUE
Female,Loyal Customer,41,Business Travel,Business,391,5,5,5,5,4,4,5,4,4,4,4,4,3,4.31,11,34,TRUE
Female,Loyal Customer,26,Business Travel,Business,2440,3,3,3,3,4,4,4,4,4,3,5,2,4,3.54,0,4,TRUE
Female,Loyal Customer,57,Business Travel,Eco,859,2,3,3,3,3,2,3,2,2,2,2,5,4,2.77,0,0,TRUE
Female,Loyal Customer,15,Personal Travel,Eco,258,3,3,3,1,3,1,1,5,3,3,4,1,1,2.46,55,149,FALSE
Male,Loyal Customer,58,Business Travel,Business,214,3,3,3,3,2,5,4,4,4,4,4,4,4,3.62,0,1,TRUE
Male,Loyal Customer,19,Personal Travel,Eco Plus,1589,2,5,2,3,3,2,3,3,3,3,3,3,3,2.92,34,37,FALSE
Male,Loyal Customer,68,Business Travel,Eco,253,1,4,4,4,1,1,1,1,1,5,3,1,1,2.15,54,38,FALSE
Female,Loyal Customer,45,Business Travel,Business,575,4,4,4,4,4,4,5,2,2,2,2,5,5,3.62,0,0,TRUE
Female,Disloyal Customer,41,Business Travel,Business,554,1,1,1,1,3,1,3,3,2,5,3,1,3,2.15,12,23,FALSE
Male,Loyal Customer,31,Personal Travel,Eco,361,3,5,5,3,5,5,5,5,4,3,5,4,5,4.38,50,52,FALSE
Male,Disloyal Customer,30,Business Travel,Eco,802,3,3,3,4,5,3,5,5,1,2,4,2,5,3.46,12,8,FALSE
Female,Loyal Customer,31,Business Travel,Business,1037,4,4,4,4,5,5,5,5,4,4,4,5,5,4.46,52,39,TRUE
Female,Loyal Customer,35,Business Travel,Business,2603,3,4,2,2,2,3,4,3,3,3,3,1,2,2.69,6,24,FALSE
Female,Loyal Customer,42,Business Travel,Eco,241,2,5,5,5,4,1,1,2,2,2,2,5,1,2.85,0,0,TRUE
Male,Disloyal Customer,55,Business Travel,Eco,319,3,2,4,3,5,4,2,5,1,3,3,2,5,3.23,64,51,FALSE
Male,Loyal Customer,39,Business Travel,Business,3380,3,3,3,3,3,5,4,5,5,5,5,4,5,4.08,0,0,TRUE
Male,Disloyal Customer,36,Business Travel,Business,895,2,3,3,4,1,3,1,1,5,4,5,5,1,2.92,106,110,FALSE
Female,Disloyal Customer,27,Business Travel,Eco,338,2,4,2,4,4,2,4,4,3,4,4,2,4,3.31,0,0,FALSE
Female,Loyal Customer,39,Business Travel,Business,1925,4,4,4,4,5,2,5,4,4,4,4,2,2,3.69,0,0,TRUE
Female,Disloyal Customer,17,Business Travel,Eco,404,2,1,2,4,1,2,1,1,3,4,4,3,1,2.23,51,63,FALSE
Female,Loyal Customer,54,Business Travel,Business,2734,4,4,4,4,4,5,5,5,5,5,5,5,4,4.54,0,0,TRUE
Male,Loyal Customer,44,Personal Travel,Eco,589,2,5,2,3,5,2,5,5,5,2,4,4,5,3.77,0,0,FALSE
Female,Loyal Customer,48,Personal Travel,Eco,733,1,2,1,4,4,4,3,2,2,1,2,1,2,2.23,0,0,FALSE
Male,Loyal Customer,70,Personal Travel,Eco,2586,3,5,3,2,4,3,4,4,3,5,2,5,4,3.62,0,0,FALSE
Male,Disloyal Customer,49,Business Travel,Eco,250,3,0,3,2,2,3,2,2,4,2,4,5,2,2.62,0,0,FALSE
Female,Loyal Customer,47,Business Travel,Eco,270,2,4,4,4,3,2,2,2,2,2,2,1,1,2.38,0,0,FALSE
Female,Loyal Customer,47,Business Travel,Business,1725,5,5,5,5,3,5,4,4,4,4,4,3,4,4.23,10,4,TRUE
Female,Loyal Customer,62,Personal Travel,Eco,954,3,2,3,3,2,3,4,4,4,3,4,3,1,3,0,0,FALSE
Male,Loyal Customer,43,Business Travel,Business,2828,4,4,4,4,4,4,4,4,4,4,4,3,5,4,0,0,TRUE
Male,Loyal Customer,12,Personal Travel,Eco,948,1,4,1,2,4,1,5,4,4,4,5,4,4,3.31,39,54,FALSE
Male,Loyal Customer,63,Personal Travel,Eco,551,3,4,3,5,5,3,5,5,5,3,1,2,5,3.77,46,36,FALSE
Male,Loyal Customer,57,Business Travel,Eco,715,1,2,2,2,1,1,1,1,2,1,3,4,1,1.69,5,0,FALSE
Female,Disloyal Customer,39,Business Travel,Business,2116,4,4,4,3,3,4,3,3,4,4,2,3,3,3.38,32,25,FALSE
Male,Disloyal Customer,42,Business Travel,Eco,944,1,1,1,3,2,1,2,2,1,3,2,3,2,1.85,45,32,FALSE
Female,Loyal Customer,40,Personal Travel,Eco,680,4,4,4,3,3,4,3,3,4,3,4,4,3,3.54,0,0,FALSE
Male,Loyal Customer,44,Business Travel,Business,2770,2,2,3,2,4,5,4,3,3,4,3,3,3,3.15,0,0,TRUE
Male,Loyal Customer,56,Business Travel,Business,1855,1,1,1,1,2,4,4,3,3,3,3,5,4,2.69,8,0,TRUE
Male,Disloyal Customer,26,Business Travel,Eco,647,2,2,2,3,5,2,5,5,1,5,2,3,5,3.23,19,24,FALSE
Male,Loyal Customer,40,Personal Travel,Eco,448,1,2,1,3,1,1,1,1,1,1,3,3,1,1.54,105,96,FALSE
Female,Loyal Customer,11,Business Travel,Business,944,2,2,2,2,2,2,2,2,1,3,3,2,2,2.08,79,72,FALSE
Female,Disloyal Customer,38,Business Travel,Business,224,4,4,4,2,3,4,4,3,5,4,4,4,3,3.69,24,20,FALSE
Female,Loyal Customer,33,Business Travel,Eco,666,3,2,2,2,3,3,3,3,4,1,3,2,3,2.62,11,11,FALSE
Male,Loyal Customer,40,Business Travel,Business,3143,3,3,4,3,2,5,5,5,5,5,5,4,3,4,4,2,TRUE
Male,Loyal Customer,51,Personal Travel,Eco,370,3,5,3,3,2,3,3,2,5,1,5,2,2,3,0,0,FALSE
Female,Loyal Customer,53,Personal Travel,Eco,2349,3,2,3,3,4,4,3,2,2,3,3,1,3,2.77,10,0,FALSE
Female,Loyal Customer,64,Business Travel,Eco,862,1,5,5,5,5,3,3,1,1,1,1,3,3,2.85,17,34,FALSE
Male,Loyal Customer,51,Personal Travel,Eco,715,0,5,0,3,2,0,2,2,4,4,5,5,2,2.62,0,5,TRUE
Female,Disloyal Customer,68,Business Travel,Eco,229,1,5,1,3,2,1,2,2,3,2,2,4,2,2.31,0,0,FALSE
Female,Loyal Customer,37,Personal Travel,Eco,1120,2,4,2,4,4,2,4,4,3,5,5,5,4,3.69,2,2,FALSE
Male,Loyal Customer,35,Personal Travel,Business,347,1,4,1,4,4,5,5,3,3,1,1,5,5,3.23,0,0,FALSE
Male,Loyal Customer,31,Business Travel,Business,655,4,4,4,4,5,5,5,5,5,3,5,5,5,4.54,24,26,TRUE
Female,Loyal Customer,40,Business Travel,Business,2502,4,4,4,4,5,5,5,5,5,5,5,4,5,4.62,1,0,TRUE
Male,Disloyal Customer,26,Business Travel,Eco Plus,679,3,4,4,1,4,4,4,4,2,2,4,1,4,3.15,0,0,FALSE
Female,Loyal Customer,11,Personal Travel,Eco,1744,5,4,5,5,1,5,1,1,3,2,4,3,1,3.08,19,1,TRUE
Female,Disloyal Customer,25,Business Travel,Business,337,1,5,1,3,3,1,5,3,3,3,4,3,3,2.92,0,0,FALSE
Male,Loyal Customer,52,Business Travel,Business,1631,4,4,4,4,3,5,5,5,5,5,5,5,3,4.38,0,0,TRUE
Male,Loyal Customer,57,Business Travel,Eco,102,4,3,3,3,4,4,4,4,3,5,4,2,4,3.62,0,0,TRUE
Female,Loyal Customer,13,Personal Travel,Eco,500,2,5,2,2,5,2,5,5,4,5,5,4,5,3.92,0,0,FALSE
Male,Loyal Customer,41,Personal Travel,Eco,678,2,4,2,1,3,2,3,3,5,4,4,3,3,3,0,0,FALSE
Female,Loyal Customer,25,Business Travel,Business,2701,3,5,5,5,3,3,3,2,4,3,4,3,3,3.54,0,15,FALSE
Female,Loyal Customer,37,Personal Travel,Eco,164,2,4,2,3,4,2,4,4,5,4,4,5,4,3.62,2,0,FALSE
Male,Loyal Customer,51,Business Travel,Business,2230,1,1,1,1,2,5,4,4,4,4,4,4,3,2.92,1,17,TRUE
Male,Loyal Customer,56,Personal Travel,Eco,114,1,4,1,1,2,1,2,2,5,5,4,5,2,2.69,14,1,FALSE
Male,Loyal Customer,51,Business Travel,Eco Plus,883,3,4,4,4,3,3,3,3,3,3,4,2,3,3.23,25,16,FALSE
Female,Loyal Customer,48,Business Travel,Business,3711,2,2,5,2,3,4,5,4,4,4,4,3,3,3.46,4,6,TRUE
Female,Loyal Customer,31,Personal Travel,Business,2611,2,2,2,4,3,2,5,3,4,4,4,3,3,3.15,0,0,FALSE
Female,Loyal Customer,56,Business Travel,Business,2835,1,1,1,1,4,5,5,5,5,5,4,3,3,3.31,19,16,TRUE
Female,Loyal Customer,35,Personal Travel,Eco,606,2,5,2,3,2,2,2,2,3,5,4,5,2,3,25,25,FALSE
Male,Loyal Customer,47,Personal Travel,Eco,446,1,4,1,4,1,1,1,1,3,3,5,5,1,2.38,0,0,FALSE
Male,Loyal Customer,34,Personal Travel,Eco,247,4,4,4,1,4,4,4,4,4,5,5,5,4,4,8,6,FALSE
Female,Loyal Customer,9,Personal Travel,Eco,271,0,1,0,4,5,0,4,5,4,2,3,2,5,2.69,0,3,TRUE
Male,Loyal Customer,33,Business Travel,Eco Plus,261,0,0,0,3,2,0,2,2,1,3,4,1,2,1.54,0,0,TRUE
Female,Loyal Customer,23,Personal Travel,Eco Plus,680,3,5,3,1,3,3,3,3,5,3,5,3,3,3.31,0,0,FALSE
Female,Loyal Customer,46,Business Travel,Business,2506,2,2,3,2,5,1,2,3,3,5,3,2,1,2.62,0,0,TRUE
Male,Loyal Customer,57,Business Travel,Business,3751,5,5,5,5,4,4,5,2,2,2,2,3,5,3.77,15,4,TRUE
Female,Loyal Customer,61,Personal Travel,Eco,814,2,5,2,2,3,5,4,5,5,2,5,4,5,3.77,0,0,FALSE
Female,Loyal Customer,43,Business Travel,Business,3665,4,4,4,4,5,4,5,4,4,4,4,4,4,4.15,0,0,TRUE
Female,Loyal Customer,33,Business Travel,Business,2707,4,5,5,5,2,3,4,4,4,4,4,2,4,3.85,3,6,FALSE
Male,Loyal Customer,53,Business Travel,Business,1532,2,3,3,3,1,4,4,3,3,3,2,4,1,2.77,0,14,FALSE
Male,Loyal Customer,28,Personal Travel,Eco,813,2,5,3,3,4,3,4,4,5,4,2,4,4,3.62,16,7,FALSE
Female,Loyal Customer,39,Business Travel,Eco Plus,152,2,5,5,5,2,2,2,2,1,3,4,1,2,2.77,36,38,FALSE
Male,Disloyal Customer,40,Business Travel,Business,359,1,1,1,3,3,1,3,3,5,2,5,2,3,2.54,0,0,FALSE
Male,Loyal Customer,18,Personal Travel,Eco Plus,427,3,3,3,4,5,3,5,5,2,1,1,2,5,3.23,0,0,FALSE
Female,Disloyal Customer,57,Business Travel,Eco,158,2,3,2,3,1,2,1,1,4,1,3,1,1,1.92,0,3,FALSE
Female,Loyal Customer,67,Business Travel,Business,3376,3,3,3,3,5,2,2,3,3,3,3,1,4,2.92,3,2,FALSE
Female,Loyal Customer,52,Business Travel,Business,2411,3,3,3,3,4,4,4,3,4,4,4,4,4,3.62,287,289,TRUE
Male,Loyal Customer,49,Business Travel,Business,3702,3,3,3,3,5,5,5,5,5,5,5,4,4,4.23,80,79,TRUE
Female,Loyal Customer,40,Personal Travel,Eco,563,4,4,4,4,3,4,4,3,5,4,4,3,3,3.77,3,0,FALSE
Male,Loyal Customer,39,Business Travel,Eco Plus,1215,4,3,3,3,4,4,4,4,1,3,3,3,4,3.31,1,0,TRUE
Male,Loyal Customer,29,Business Travel,Business,2752,3,5,4,5,3,3,3,3,3,2,3,4,3,3.38,7,0,FALSE
Female,Disloyal Customer,28,Business Travel,Eco,1199,4,3,3,3,5,3,5,5,1,1,2,2,5,3.23,20,18,TRUE
Male,Disloyal Customer,30,Business Travel,Eco Plus,989,4,4,4,4,4,4,3,4,3,1,4,2,4,3.46,0,9,FALSE
Male,Loyal Customer,37,Business Travel,Business,1011,2,2,2,2,4,4,5,3,3,4,3,4,5,3.31,0,0,TRUE
Female,Loyal Customer,48,Business Travel,Eco,479,4,4,4,4,3,5,1,5,5,4,5,3,2,3.77,4,0,TRUE
Female,Loyal Customer,46,Business Travel,Business,160,0,4,0,1,5,4,2,5,5,5,5,4,4,3.38,0,0,TRUE
Male,Loyal Customer,44,Business Travel,Business,308,4,4,4,4,2,5,5,5,5,5,5,3,4,4.23,0,0,TRUE
Male,Disloyal Customer,39,Business Travel,Eco,326,2,4,2,5,2,2,2,2,1,5,3,2,2,2.62,0,0,FALSE
Female,Loyal Customer,14,Personal Travel,Eco,607,1,4,1,1,5,1,5,5,5,3,4,4,5,3.38,0,0,FALSE
Female,Loyal Customer,45,Business Travel,Business,3956,0,0,0,4,1,3,5,3,3,3,3,3,4,2.46,2,4,TRUE
Male,Loyal Customer,49,Business Travel,Business,413,1,1,1,1,5,5,5,4,4,4,4,4,4,3.31,0,8,TRUE
Female,Disloyal Customer,45,Business Travel,Eco,746,2,2,2,1,4,2,4,4,3,1,5,5,4,3,0,0,FALSE
Male,Disloyal Customer,26,Business Travel,Business,920,5,5,5,3,5,5,5,5,4,2,5,5,5,4.54,6,0,TRUE
Male,Disloyal Customer,22,Business Travel,Eco,1598,2,2,2,2,3,2,3,3,2,4,4,3,3,2.69,3,0,FALSE
Male,Disloyal Customer,25,Business Travel,Eco,395,2,4,2,5,1,2,1,1,2,1,5,1,1,2.15,0,1,FALSE
Male,Loyal Customer,36,Business Travel,Business,2320,3,3,3,3,1,4,2,5,5,5,5,3,4,3.54,0,0,TRUE
Male,Loyal Customer,46,Business Travel,Eco,600,3,1,5,1,2,3,2,2,1,1,3,4,2,2.31,8,0,FALSE
Male,Loyal Customer,48,Business Travel,Business,2645,4,4,4,4,2,5,5,3,3,3,3,4,4,3.69,0,0,TRUE
Male,Disloyal Customer,28,Business Travel,Business,762,3,2,2,2,1,2,1,1,4,4,4,3,1,2.31,3,0,FALSE
Male,Loyal Customer,56,Business Travel,Business,248,4,4,4,4,4,5,4,4,4,4,4,4,4,4.08,0,0,TRUE
Male,Loyal Customer,63,Personal Travel,Eco,912,1,4,1,4,4,1,4,4,2,2,4,4,4,3,0,0,FALSE
Female,Loyal Customer,60,Business Travel,Business,3353,4,3,3,3,1,4,3,2,2,2,4,1,2,2.62,0,0,FALSE
Male,Disloyal Customer,42,Business Travel,Business,2586,4,4,4,2,5,4,2,5,4,3,4,4,5,3.85,35,25,TRUE
Male,Loyal Customer,9,Personal Travel,Eco,89,2,5,2,3,4,2,4,4,4,3,5,4,4,3.54,0,7,FALSE
Male,Loyal Customer,49,Business Travel,Business,1010,3,3,3,3,5,4,4,5,5,5,5,4,5,4.15,0,34,TRUE
Male,Loyal Customer,23,Business Travel,Business,2398,5,5,5,5,4,4,4,4,5,2,3,5,4,4.23,0,5,TRUE
Male,Loyal Customer,58,Business Travel,Business,2506,1,1,1,1,4,5,4,4,4,4,4,4,4,3.15,0,0,TRUE
Female,Loyal Customer,42,Business Travel,Eco,304,2,5,5,5,5,4,3,2,2,2,2,4,1,3.23,0,6,FALSE
Female,Disloyal Customer,14,Business Travel,Eco,711,0,0,0,1,1,0,1,1,4,3,4,4,1,1.54,77,62,TRUE
Female,Loyal Customer,21,Personal Travel,Eco,562,4,4,4,3,1,4,1,1,3,2,4,5,1,2.85,0,0,TRUE
Female,Loyal Customer,16,Personal Travel,Eco,647,4,2,4,4,4,4,4,4,3,5,4,1,4,3.62,39,35,FALSE
Female,Loyal Customer,31,Personal Travel,Eco,522,3,2,3,3,2,3,2,2,4,3,4,1,2,2.62,0,0,FALSE
Female,Loyal Customer,9,Business Travel,Business,1214,1,0,0,3,5,0,5,5,3,3,3,1,5,2.62,48,27,FALSE
Female,Loyal Customer,59,Personal Travel,Eco,657,4,0,4,3,3,5,4,3,3,4,3,4,5,3.46,0,0,FALSE
Male,Loyal Customer,10,Personal Travel,Eco,802,4,4,4,4,4,4,5,4,3,2,4,4,4,3.85,0,0,FALSE
Male,Loyal Customer,27,Personal Travel,Eco,337,1,4,3,4,4,3,4,4,3,5,4,3,4,3.54,0,0,FALSE
Male,Loyal Customer,39,Personal Travel,Eco,1726,4,4,4,3,5,4,5,5,4,2,3,4,5,4,2,24,FALSE
Female,Loyal Customer,46,Business Travel,Business,3431,2,2,2,2,4,4,5,5,5,5,5,5,3,3.77,11,7,TRUE
Female,Loyal Customer,69,Personal Travel,Eco Plus,812,4,3,5,3,4,1,1,5,5,5,5,2,3,3.54,34,31,FALSE
Female,Loyal Customer,43,Business Travel,Business,3775,4,3,4,4,3,5,4,4,4,4,5,3,3,3.85,0,0,TRUE
Male,Loyal Customer,23,Business Travel,Eco Plus,604,5,1,1,1,5,5,5,5,2,3,1,1,5,3.08,0,0,TRUE
Male,Loyal Customer,47,Business Travel,Business,2022,5,5,5,5,3,5,5,4,4,4,4,5,3,4.38,0,,TRUE
Male,Disloyal Customer,39,Business Travel,Business,347,5,5,5,1,1,5,1,1,4,5,4,2,1,3.08,0,0,TRUE
Male,Loyal Customer,39,Business Travel,Business,3996,5,5,5,5,4,5,4,4,4,4,4,4,4,4.38,0,0,TRUE
Male,Loyal Customer,36,Personal Travel,Eco,651,3,1,3,4,4,3,4,4,4,1,4,2,4,3.15,0,0,FALSE
Male,Loyal Customer,52,Business Travel,Business,1593,5,5,5,5,4,4,5,4,4,4,4,4,4,4.38,0,0,TRUE
Male,Loyal Customer,54,Business Travel,Business,3977,2,2,2,2,3,4,4,5,5,5,5,4,4,3.62,0,0,TRUE
Male,Loyal Customer,51,Business Travel,Business,1695,5,5,5,5,4,5,4,5,5,5,5,3,3,4.54,0,0,TRUE
Female,Loyal Customer,58,Business Travel,Eco,174,4,4,4,4,5,1,5,4,4,4,4,3,1,3.62,0,0,TRUE
Female,Loyal Customer,21,Personal Travel,Business,1487,3,3,3,3,1,3,1,1,1,3,3,3,1,2.23,28,19,FALSE
Male,Disloyal Customer,28,Business Travel,Eco,1044,2,2,2,3,5,2,4,5,1,5,4,2,5,3.23,106,85,FALSE
Male,Loyal Customer,33,Business Travel,Business,3891,3,3,3,3,5,5,5,5,4,4,1,1,5,3.62,84,79,TRUE
Female,Loyal Customer,19,Personal Travel,Eco,1754,3,2,3,4,2,3,2,2,4,3,3,1,2,2.62,33,20,FALSE
Female,Loyal Customer,38,Business Travel,Eco,1464,5,4,1,4,5,5,5,5,1,1,1,5,5,3.62,18,47,TRUE
Female,Disloyal Customer,26,Business Travel,Eco Plus,214,1,4,1,1,2,1,2,2,5,1,1,1,2,1.85,0,0,FALSE
Female,Loyal Customer,59,Business Travel,Eco,353,3,5,3,5,1,1,4,3,3,3,3,4,5,3.31,0,0,TRUE
Female,Loyal Customer,13,Personal Travel,Eco,2342,4,4,4,4,3,4,3,3,5,3,1,5,3,3.54,0,0,FALSE
Male,Loyal Customer,17,Business Travel,Eco,563,1,2,2,2,1,1,3,1,1,5,4,2,1,2,54,54,FALSE
Female,Loyal Customer,49,Personal Travel,Eco,2248,3,5,2,2,5,3,4,1,1,2,1,3,5,2.85,12,0,FALSE
Female,Loyal Customer,50,Business Travel,Business,2938,1,1,1,1,5,4,5,5,5,4,5,4,4,3.46,0,4,TRUE
Female,Disloyal Customer,55,Business Travel,Eco,837,4,4,4,1,5,4,5,5,1,4,2,4,5,3.69,8,3,FALSE
Male,Loyal Customer,32,Business Travel,Business,3520,3,3,3,3,4,4,4,4,2,2,1,5,4,3.23,0,0,TRUE
Male,Disloyal Customer,21,Business Travel,Eco,173,4,0,4,4,3,4,3,3,5,5,4,3,3,3.46,0,0,TRUE
Female,Loyal Customer,17,Personal Travel,Eco,1013,3,4,3,3,1,3,1,1,1,1,4,1,1,2.08,0,0,FALSE
Male,Loyal Customer,18,Personal Travel,Eco,212,3,2,3,3,3,1,1,3,4,4,3,1,1,2.46,148,151,FALSE
Male,Loyal Customer,30,Business Travel,Business,604,1,1,1,1,1,1,1,1,4,1,3,1,1,1.38,0,7,FALSE
Female,Loyal Customer,55,Personal Travel,Eco,1535,1,5,1,1,2,4,5,3,3,1,3,4,5,2.92,0,0,FALSE
Female,Loyal Customer,25,Business Travel,Business,515,2,2,2,2,4,4,4,4,4,2,3,4,4,3.15,0,0,TRUE
Female,Loyal Customer,43,Business Travel,Business,2419,5,5,5,5,2,4,5,4,4,4,4,5,4,4.31,1,1,TRUE
Female,Loyal Customer,37,Business Travel,Eco Plus,404,1,1,1,1,1,1,1,1,3,3,3,3,1,1.62,0,7,FALSE
Female,Disloyal Customer,27,Business Travel,Eco,965,2,2,2,1,4,2,1,4,5,4,5,2,4,2.92,10,2,FALSE
Male,Loyal Customer,51,Personal Travel,Eco,475,3,5,3,1,4,3,4,4,3,1,1,4,4,3.08,74,82,FALSE
Female,Disloyal Customer,55,Business Travel,Eco,117,3,1,2,4,3,2,3,3,2,3,4,4,3,2.85,78,87,FALSE
Female,Loyal Customer,57,Business Travel,Eco,488,3,1,1,1,3,4,3,3,3,3,3,5,2,2.69,0,0,TRUE
Female,Disloyal Customer,26,Business Travel,Eco,614,2,4,2,3,4,2,4,4,1,3,4,1,4,2.92,2,0,FALSE
Female,Loyal Customer,26,Business Travel,Business,1379,1,1,5,1,4,5,4,4,5,4,4,5,4,3.62,0,0,TRUE
Female,Loyal Customer,61,Personal Travel,Business,192,3,2,3,4,2,3,4,2,2,3,2,1,3,2.62,0,0,FALSE
Female,Loyal Customer,40,Business Travel,Business,3442,4,2,2,2,2,3,4,4,4,4,4,1,2,2.92,7,0,FALSE
Male,Loyal Customer,41,Business Travel,Business,163,2,2,2,2,3,3,4,1,1,2,2,3,1,2.15,0,0,FALSE
Male,Disloyal Customer,39,Business Travel,Eco,209,4,0,4,4,3,4,5,3,1,5,3,3,3,3.23,28,31,FALSE
Female,Loyal Customer,60,Business Travel,Business,2836,1,1,1,1,2,5,4,4,4,4,4,3,5,3,6,0,TRUE
Female,Loyal Customer,36,Business Travel,Business,235,0,0,0,3,3,4,4,2,2,2,2,4,3,2.23,0,0,TRUE
Male,Loyal Customer,27,Business Travel,Eco Plus,931,5,4,4,4,5,5,5,5,4,3,5,3,5,4.38,69,72,TRUE
Male,Loyal Customer,59,Business Travel,Business,1595,5,5,5,5,2,4,5,5,5,4,5,5,3,4.46,0,0,TRUE
Female,Loyal Customer,49,Business Travel,Business,1684,1,1,1,1,2,3,2,4,4,4,4,3,4,2.62,48,54,TRUE
Female,Disloyal Customer,43,Business Travel,Business,718,2,2,2,3,2,2,2,2,4,5,3,3,2,2.62,7,0,FALSE
Male,Loyal Customer,45,Business Travel,Business,83,2,2,3,2,1,2,4,4,4,4,4,1,3,2.77,0,0,TRUE
Male,Disloyal Customer,47,Business Travel,Business,859,2,2,2,2,5,2,2,5,3,2,5,3,5,3.08,20,26,FALSE
Male,Disloyal Customer,15,Business Travel,Eco,1269,3,3,3,4,3,3,3,3,3,1,3,2,3,2.85,0,11,FALSE
Male,Disloyal Customer,38,Business Travel,Business,270,3,3,3,2,5,3,5,5,5,4,5,5,5,4.08,5,3,FALSE
Male,Disloyal Customer,21,Business Travel,Business,531,5,0,5,3,5,5,5,5,3,3,4,5,5,4.08,0,0,TRUE
Female,Loyal Customer,32,Personal Travel,Eco,795,2,4,2,3,2,2,2,2,3,3,4,4,2,2.69,0,3,FALSE
Male,Loyal Customer,43,Business Travel,Business,2407,4,4,4,4,4,4,4,5,5,5,5,4,5,4.38,117,108,TRUE
Male,Loyal Customer,44,Personal Travel,Eco,674,1,5,1,3,4,1,3,4,3,4,5,4,4,3.23,32,28,FALSE
Male,Loyal Customer,49,Business Travel,Business,134,4,4,4,4,2,4,5,4,4,4,5,3,5,4,0,0,TRUE
Female,Disloyal Customer,37,Business Travel,Eco,1065,1,1,1,4,1,2,2,2,3,4,3,2,2,2.15,3,9,FALSE
Male,Loyal Customer,47,Business Travel,Business,3230,5,5,5,5,4,5,4,5,5,5,5,5,5,4.85,1,0,TRUE
Female,Disloyal Customer,25,Business Travel,Eco,261,2,0,2,4,4,2,4,4,4,5,3,1,4,3,0,0,FALSE
Male,Loyal Customer,59,Business Travel,Business,302,3,3,3,3,5,1,2,4,4,4,4,3,2,3.15,0,0,TRUE
Female,Disloyal Customer,26,Business Travel,Eco,334,3,3,3,4,3,3,3,3,1,4,3,1,3,2.85,0,0,FALSE
Female,Loyal Customer,10,Personal Travel,Eco,489,4,3,4,1,5,4,5,5,2,1,4,1,5,3.38,0,0,FALSE
Female,Loyal Customer,60,Personal Travel,Eco,462,1,1,1,4,2,3,3,1,1,1,1,1,4,1.85,59,53,FALSE
Male,Loyal Customer,54,Business Travel,Business,468,5,5,5,5,5,4,5,3,3,3,3,3,4,4.08,0,1,TRUE
Male,Loyal Customer,10,Personal Travel,Eco,74,1,4,1,3,2,1,2,2,5,5,4,4,2,2.77,0,0,FALSE
Female,Loyal Customer,47,Business Travel,Business,409,3,3,3,3,3,4,5,4,4,4,4,4,5,3.77,0,0,TRUE
Female,Loyal Customer,54,Personal Travel,Eco,2239,1,2,1,2,1,2,3,5,5,1,2,3,2,2.31,7,0,FALSE
Female,Disloyal Customer,49,Business Travel,Business,663,5,5,5,2,4,5,4,4,4,4,5,4,4,4.23,0,3,TRUE
Female,Loyal Customer,29,Business Travel,Business,1874,1,1,1,1,4,4,4,4,5,1,3,3,4,2.77,0,0,TRUE
Female,Loyal Customer,60,Business Travel,Business,1849,3,3,3,3,5,3,4,4,4,4,4,3,4,3.62,0,0,TRUE
Male,Loyal Customer,55,Business Travel,Business,2563,2,2,2,2,4,4,4,5,5,5,5,5,3,3.69,11,26,TRUE
Female,Loyal Customer,35,Business Travel,Business,3268,2,2,2,2,4,5,5,2,2,2,2,3,5,2.92,0,0,TRUE
Female,Disloyal Customer,36,Business Travel,Eco,229,4,0,4,3,2,4,2,2,5,2,4,4,2,2.92,107,107,FALSE
Female,Loyal Customer,31,Business Travel,Business,1992,4,1,1,1,1,1,4,1,3,2,4,2,1,2,0,0,FALSE
Female,Loyal Customer,44,Business Travel,Business,2083,1,1,1,1,5,1,4,4,4,4,4,1,1,2.46,0,0,TRUE
Female,Disloyal Customer,21,Business Travel,Eco,283,2,0,2,1,2,2,4,2,3,2,4,3,2,2.23,0,0,FALSE
Female,Disloyal Customer,23,Business Travel,Eco,629,3,0,3,4,2,3,2,2,4,3,4,3,2,2.69,3,0,FALSE
Male,Loyal Customer,35,Business Travel,Business,3796,3,3,3,3,1,4,4,4,4,5,4,1,5,3.38,3,8,TRUE
Male,Loyal Customer,60,Business Travel,Eco,1069,3,5,5,5,3,3,3,3,2,1,4,4,3,3.38,21,6,FALSE
Male,Loyal Customer,34,Business Travel,Business,680,1,5,5,5,3,2,2,1,1,1,1,3,1,2.38,50,52,FALSE
Male,Loyal Customer,60,Business Travel,Business,1491,5,5,5,5,2,4,4,5,5,5,5,3,4,4.38,52,29,TRUE
Female,Loyal Customer,11,Personal Travel,Eco,328,4,4,4,3,2,4,2,2,1,5,3,4,2,3.08,4,4,TRUE
Male,Loyal Customer,37,Business Travel,Business,2106,2,2,2,2,2,4,4,2,2,2,2,4,3,2.54,0,0,TRUE
Male,Loyal Customer,30,Business Travel,Business,1204,2,2,2,2,4,5,4,4,4,5,4,5,4,3.62,0,0,TRUE
Female,Loyal Customer,68,Business Travel,Business,3817,2,1,1,1,5,3,4,4,4,4,2,1,1,2.54,0,0,FALSE
Female,Disloyal Customer,24,Business Travel,Business,456,0,0,0,4,2,0,2,2,5,3,4,4,2,2.15,0,0,TRUE
Female,Loyal Customer,15,Personal Travel,Eco,239,2,1,2,4,3,2,3,3,3,2,4,2,3,2.62,0,0,FALSE
Female,Loyal Customer,40,Business Travel,Business,2799,3,2,2,2,5,4,3,3,3,3,3,2,4,3,0,0,FALSE
Female,Loyal Customer,7,Personal Travel,Eco,255,2,4,2,5,3,2,3,3,1,3,4,3,3,2.92,0,0,FALSE
Male,Loyal Customer,52,Business Travel,Business,1145,5,5,5,5,2,4,5,4,4,4,4,4,3,4.15,1,0,TRUE
Female,Disloyal Customer,28,Business Travel,Eco,1074,5,5,5,1,2,5,2,2,2,5,3,3,2,3.23,0,0,TRUE
Female,Loyal Customer,38,Business Travel,Eco,1095,3,1,1,1,3,3,3,3,4,1,3,1,3,2.31,0,0,FALSE
Male,Loyal Customer,45,Personal Travel,Eco Plus,420,2,5,3,5,5,3,5,5,5,3,5,2,5,4.08,30,35,FALSE
Female,Disloyal Customer,20,Business Travel,Business,631,5,1,5,2,2,5,2,2,4,5,5,5,2,3.46,0,0,TRUE
Female,Disloyal Customer,44,Business Travel,Eco,1144,2,2,2,3,4,2,4,4,3,4,4,2,4,3.08,75,57,FALSE
Female,Loyal Customer,56,Business Travel,Business,3294,5,5,5,5,2,1,5,4,4,4,4,2,5,3.92,0,0,TRUE
Male,Disloyal Customer,47,Business Travel,Eco,102,1,4,1,2,3,1,3,3,1,1,1,3,3,2.08,2,14,FALSE
Female,Loyal Customer,15,Personal Travel,Eco,601,2,5,2,1,1,2,1,1,1,2,1,2,1,1.69,0,1,FALSE
Male,Loyal Customer,44,Business Travel,Eco Plus,1037,2,3,3,3,2,2,2,2,1,1,4,2,2,2.23,7,21,FALSE
Female,Loyal Customer,35,Business Travel,Business,1620,1,1,5,1,3,5,4,4,4,4,4,5,4,3.46,0,0,TRUE
Male,Loyal Customer,54,Business Travel,Eco,373,4,2,2,2,4,4,4,4,1,4,2,2,4,3,0,0,FALSE
Male,Disloyal Customer,18,Business Travel,Eco,101,1,0,1,3,2,1,3,2,2,2,5,5,2,2.23,0,0,FALSE
Male,Loyal Customer,49,Business Travel,Business,1979,4,4,5,4,4,5,5,4,4,4,4,5,5,4.38,6,0,TRUE
Female,Loyal Customer,26,Personal Travel,Eco,323,1,4,1,2,4,1,4,4,3,5,2,3,4,2.92,15,0,FALSE
Male,Loyal Customer,40,Business Travel,Business,3186,5,5,5,5,3,4,5,5,5,5,5,4,4,4.62,22,7,TRUE
Female,Loyal Customer,26,Personal Travel,Eco,192,2,4,2,2,3,2,5,3,3,3,4,3,3,3,4,1,FALSE
Male,Disloyal Customer,23,Business Travel,Eco,532,4,0,4,4,5,4,5,5,4,5,5,4,5,4.15,0,0,TRUE
Male,Loyal Customer,46,Business Travel,Business,3425,5,5,5,5,5,4,4,5,5,5,5,3,3,4.54,0,6,TRUE
Female,Loyal Customer,41,Personal Travel,Eco Plus,1947,4,4,4,1,5,5,4,2,2,4,2,3,5,3.46,84,85,FALSE
Female,Loyal Customer,42,Business Travel,Eco,805,4,4,4,4,2,5,4,4,4,4,4,4,5,4,0,0,TRUE
Female,Loyal Customer,32,Business Travel,Business,1670,5,5,5,5,2,2,2,2,4,2,5,3,2,3.38,34,18,TRUE
Male,Loyal Customer,34,Personal Travel,Eco,2106,4,2,4,4,2,4,2,2,4,1,3,4,2,2.92,4,0,TRUE
Female,Loyal Customer,41,Business Travel,Business,1902,1,1,1,1,5,4,4,5,5,5,5,4,3,3.38,0,0,TRUE
Female,Loyal Customer,42,Business Travel,Eco,266,2,4,4,4,1,4,3,2,2,2,2,4,2,2.77,0,0,FALSE
Female,Loyal Customer,52,Personal Travel,Eco Plus,459,2,4,2,5,5,4,4,2,2,2,2,5,3,3.23,1,0,FALSE
Male,Loyal Customer,73,Business Travel,Eco Plus,296,5,5,3,5,5,5,5,5,2,1,3,1,5,3.85,0,0,TRUE
Male,Loyal Customer,40,Business Travel,Business,441,5,5,5,5,4,5,5,3,3,3,3,3,5,4.15,0,30,TRUE
Female,Disloyal Customer,26,Business Travel,Business,160,3,0,3,5,1,3,1,1,3,4,5,4,1,2.62,0,0,FALSE
Female,Loyal Customer,24,Personal Travel,Eco,321,3,2,3,4,4,3,4,4,1,2,4,3,4,3.15,10,,FALSE
Male,Loyal Customer,33,Business Travel,Business,581,1,1,1,1,5,5,5,5,3,4,4,5,5,3.46,0,0,TRUE
Female,Loyal Customer,60,Personal Travel,Eco,505,2,4,2,4,4,5,5,4,4,2,4,3,3,3.54,121,114,FALSE
Male,Loyal Customer,28,Business Travel,Business,2530,3,3,3,3,2,2,2,2,5,3,4,3,2,2.85,79,70,TRUE
Male,Loyal Customer,43,Business Travel,Business,1951,2,2,2,2,2,5,5,4,4,5,4,3,4,3.38,2,0,TRUE
Female,Loyal Customer,61,Business Travel,Business,3861,3,3,3,3,5,2,5,5,5,5,5,1,4,3.77,42,45,TRUE
Female,Disloyal Customer,22,Business Travel,Eco,868,3,3,3,3,4,3,2,4,1,3,3,4,4,3.08,0,0,FALSE
Male,Loyal Customer,58,Personal Travel,Eco,236,3,4,3,2,3,3,3,3,5,3,4,3,3,3.23,0,0,FALSE
Male,Loyal Customer,42,Business Travel,Business,2677,1,5,5,5,1,1,1,1,1,4,3,1,1,2.31,0,0,FALSE
Male,Disloyal Customer,18,Business Travel,Eco,323,1,1,1,3,2,1,3,2,4,5,4,1,2,2.31,7,6,FALSE
Male,Loyal Customer,44,Personal Travel,Eco,804,1,2,1,3,1,1,1,1,3,3,4,4,1,2,3,0,FALSE
Male,Loyal Customer,58,Personal Travel,Business,1448,3,4,3,3,5,3,4,3,3,3,5,3,3,3.46,0,0,FALSE
Female,Disloyal Customer,37,Business Travel,Business,1012,1,1,1,2,3,1,3,3,3,2,5,5,3,2.54,0,7,FALSE
Female,Disloyal Customer,23,Business Travel,Eco,1303,3,3,3,3,4,3,1,4,4,4,4,3,4,3.31,0,0,FALSE
Female,Disloyal Customer,40,Business Travel,Business,304,1,1,1,2,2,1,2,2,5,2,5,3,2,2.23,0,0,FALSE
Female,Loyal Customer,29,Personal Travel,Eco,214,1,5,0,2,3,0,3,3,2,2,2,4,3,2.31,0,0,FALSE
Male,Loyal Customer,21,Personal Travel,Eco,404,1,5,1,3,3,1,3,3,4,3,4,4,3,2.92,88,94,FALSE
Female,Disloyal Customer,28,Business Travel,Eco,866,3,3,3,2,3,3,3,3,3,3,2,1,3,2.69,15,7,FALSE
Male,Disloyal Customer,47,Business Travel,Eco,411,2,1,3,4,4,3,2,4,3,5,4,2,4,3.15,0,0,FALSE
Male,Loyal Customer,36,Personal Travel,Eco,166,4,4,4,5,2,4,2,2,4,4,4,3,2,3.38,0,0,FALSE
Male,Loyal Customer,67,Personal Travel,Eco,1482,1,4,1,4,2,1,2,2,2,1,1,4,2,2.08,103,92,FALSE
Male,Loyal Customer,52,Business Travel,Business,1723,2,2,2,2,4,4,4,5,4,4,4,4,4,3.46,175,185,TRUE
Female,Loyal Customer,43,Personal Travel,Eco,677,4,4,3,4,1,4,3,5,5,3,5,2,4,3.62,0,0,TRUE
Female,Loyal Customer,50,Business Travel,Business,3056,3,3,3,3,5,4,4,5,5,5,5,3,4,4,0,10,TRUE
Male,Loyal Customer,9,Personal Travel,Business,972,5,4,5,3,3,5,1,3,3,5,4,5,3,3.77,0,0,TRUE
Male,Loyal Customer,62,Business Travel,Business,2107,3,1,3,3,2,4,3,3,3,3,3,4,4,3,0,8,FALSE
Female,Loyal Customer,29,Business Travel,Business,526,1,3,3,3,1,1,1,1,1,4,1,1,1,1.69,0,0,FALSE
Male,Disloyal Customer,25,Business Travel,Business,351,2,5,2,3,4,2,4,4,2,1,4,3,4,3.08,13,22,FALSE
Female,Loyal Customer,62,Personal Travel,Eco,224,2,4,2,4,4,5,3,5,5,2,3,4,3,3.54,0,0,FALSE
Male,Loyal Customer,52,Business Travel,Eco,771,4,4,4,4,4,4,4,4,1,4,3,2,4,3.54,50,27,FALSE
Male,Disloyal Customer,23,Business Travel,Eco,735,3,3,3,3,3,1,1,3,3,4,5,1,1,2.62,339,319,FALSE
Male,Loyal Customer,59,Business Travel,Business,226,1,1,1,1,2,5,5,5,5,4,5,4,5,3.38,9,6,TRUE
Female,Loyal Customer,27,Personal Travel,Eco Plus,1587,3,1,3,2,1,3,1,1,2,2,3,1,1,1.85,0,1,FALSE
Male,Loyal Customer,24,Business Travel,Business,3780,1,4,4,4,1,1,1,1,3,1,2,2,1,2,1,1,FALSE
Female,Loyal Customer,35,Business Travel,Business,3540,2,2,2,2,4,5,4,5,5,5,5,3,3,3.62,8,2,TRUE
Male,Loyal Customer,49,Business Travel,Eco,488,4,4,4,4,4,4,4,4,3,2,5,3,4,3.77,52,60,TRUE
Female,Loyal Customer,56,Personal Travel,Eco,1506,3,2,3,4,1,3,4,5,5,3,5,1,2,3.15,0,0,FALSE
Female,Disloyal Customer,39,Business Travel,Business,377,4,4,4,3,3,4,3,3,4,5,4,1,3,3.46,34,33,FALSE
Female,Loyal Customer,68,Personal Travel,Eco,1091,1,3,1,3,4,3,3,5,5,1,5,4,4,3.23,0,0,FALSE
Female,Disloyal Customer,21,Business Travel,Business,853,2,1,3,3,3,3,3,3,2,4,3,1,3,2.62,0,0,FALSE
Male,Disloyal Customer,27,Business Travel,Business,1144,1,1,1,4,3,1,3,3,4,3,4,5,3,2.77,25,16,FALSE
Male,Loyal Customer,27,Personal Travel,Eco,545,2,2,2,3,3,2,3,3,4,5,4,4,3,3.08,0,0,FALSE
Male,Loyal Customer,24,Personal Travel,Eco,936,2,4,2,1,4,2,4,4,5,4,5,4,4,3.46,0,0,FALSE
Male,Loyal Customer,38,Personal Travel,Eco,925,4,4,4,2,5,4,5,5,5,3,4,5,5,4.23,0,0,TRUE
Male,Loyal Customer,56,Business Travel,Business,228,1,1,1,1,1,2,4,5,5,5,5,1,2,2.62,13,16,TRUE
Male,Loyal Customer,70,Personal Travel,Eco,821,2,5,2,1,5,2,5,5,4,2,4,4,5,3.54,0,0,FALSE
Male,Loyal Customer,21,Personal Travel,Eco,404,2,5,2,3,4,2,4,4,5,2,5,3,4,3.46,0,0,FALSE
Female,Loyal Customer,45,Business Travel,Business,2633,4,4,4,4,2,1,1,4,4,4,4,1,3,3.08,1,0,TRUE
Female,Loyal Customer,49,Business Travel,Business,954,3,5,5,5,1,2,3,3,3,3,3,3,1,3.08,0,0,FALSE
Male,Loyal Customer,57,Business Travel,Eco,1749,2,5,5,5,2,2,2,2,2,2,1,4,2,2.77,0,1,FALSE
Male,Loyal Customer,28,Business Travel,Eco,728,2,1,1,1,2,2,2,2,4,3,1,3,2,2,0,0,FALSE
Female,Loyal Customer,64,Personal Travel,Eco,898,3,5,3,4,2,4,5,2,2,3,2,1,5,3.15,13,8,FALSE
Female,Loyal Customer,26,Personal Travel,Eco,236,1,4,1,4,3,1,3,3,5,4,5,5,3,3.23,0,0,FALSE
Female,Loyal Customer,33,Business Travel,Business,2505,2,2,2,2,2,4,4,4,4,4,4,4,4,3.23,0,4,TRUE
Male,Loyal Customer,39,Business Travel,Business,1379,2,2,2,2,4,4,5,4,4,5,4,3,3,3.38,109,99,TRUE
Female,Disloyal Customer,39,Business Travel,Business,925,2,3,3,3,1,3,1,1,5,3,4,3,1,2.54,14,12,TRUE
Female,Disloyal Customer,11,Business Travel,Eco,972,1,1,1,4,2,1,2,2,4,1,4,4,2,2.23,0,0,FALSE
Male,Loyal Customer,59,Business Travel,Eco,1096,3,4,4,4,3,3,3,3,2,2,4,3,3,3.15,0,0,FALSE
Male,Disloyal Customer,35,Business Travel,Eco,315,2,0,3,3,2,3,4,2,1,4,2,1,2,2.23,0,0,FALSE
Female,Disloyal Customer,25,Business Travel,Eco,628,4,0,4,2,5,4,5,5,1,5,2,5,5,3.62,1,41,FALSE
Male,Loyal Customer,47,Business Travel,Business,3182,2,2,2,2,3,4,5,4,4,4,4,5,3,3.38,0,0,TRUE
Male,Loyal Customer,15,Personal Travel,Eco,853,3,5,3,2,2,3,2,2,3,2,5,3,2,2.85,0,0,FALSE
Male,Loyal Customer,58,Business Travel,Eco,1131,5,4,4,4,5,5,5,5,2,4,1,3,5,4,29,20,TRUE
Male,Disloyal Customer,17,Business Travel,Eco,733,4,4,4,3,4,4,4,4,5,1,2,1,4,3.38,1,0,TRUE
Male,Loyal Customer,53,Business Travel,Business,738,3,3,3,3,3,4,5,4,4,5,4,3,5,3.77,24,22,TRUE
Male,Disloyal Customer,23,Business Travel,Business,599,5,4,5,3,4,5,4,4,4,2,4,5,4,4.08,2,0,TRUE
Male,Loyal Customer,27,Personal Travel,Eco,288,0,5,0,3,2,0,2,2,3,2,4,5,2,2.31,16,0,TRUE
Male,Loyal Customer,52,Business Travel,Business,3492,2,2,2,2,3,4,5,4,4,4,4,4,4,3.38,63,51,TRUE
Male,Loyal Customer,51,Business Travel,Business,236,4,4,4,4,2,4,2,4,4,5,4,5,4,3.85,63,67,TRUE
Male,Loyal Customer,16,Personal Travel,Eco,383,3,4,3,4,4,3,4,4,3,3,4,5,4,3.69,0,0,FALSE
Male,Disloyal Customer,25,Business Travel,Business,472,4,1,4,5,2,4,5,2,4,4,4,3,2,3.38,0,1,TRUE
Male,Loyal Customer,21,Personal Travel,Eco,812,3,3,3,2,3,3,3,3,4,2,2,4,3,2.92,0,0,FALSE
Male,Disloyal Customer,50,Business Travel,Eco,1999,1,2,2,3,2,1,2,2,2,5,2,1,2,2.08,29,33,FALSE
Female,Disloyal Customer,20,Business Travel,Eco,237,3,4,3,3,2,3,2,2,5,4,2,3,2,2.92,0,0,FALSE
Male,Loyal Customer,57,Business Travel,Business,2973,5,5,5,5,5,4,5,4,4,4,4,5,5,4.62,0,2,TRUE
Female,Disloyal Customer,17,Business Travel,Eco,853,5,5,5,3,1,5,1,1,5,5,2,3,1,3.23,108,114,TRUE
Female,Loyal Customer,42,Business Travel,Business,2393,1,1,3,1,3,5,4,4,4,4,4,5,5,3.38,0,21,TRUE
Male,Disloyal Customer,37,Business Travel,Business,666,3,3,3,4,3,3,4,3,4,4,4,5,3,3.54,0,0,FALSE
Male,Loyal Customer,33,Personal Travel,Eco,327,5,0,5,4,4,5,4,4,5,5,4,3,4,4,3,0,TRUE
Female,Loyal Customer,45,Business Travel,Business,3869,1,1,1,1,4,4,5,2,2,2,2,4,5,2.62,0,0,TRUE
Female,Loyal Customer,41,Business Travel,Business,1872,3,5,5,5,2,4,3,3,3,3,3,4,3,3.54,0,0,FALSE
Male,Loyal Customer,24,Business Travel,Eco,503,5,1,5,5,5,5,5,5,4,3,3,3,5,4.15,0,0,TRUE
Male,Loyal Customer,40,Business Travel,Business,239,2,4,2,2,5,5,5,4,4,4,4,4,4,3.77,0,0,TRUE
Male,Loyal Customer,13,Personal Travel,Eco,101,3,4,3,5,4,3,4,4,5,5,4,5,4,4.08,0,0,FALSE
Male,Loyal Customer,56,Personal Travel,Eco,362,3,5,3,3,5,3,5,5,4,2,4,4,5,3.92,0,0,FALSE
Male,Loyal Customer,16,Personal Travel,Eco,1587,3,2,3,3,4,3,4,4,4,1,4,3,4,3.23,8,0,FALSE
Female,Loyal Customer,41,Personal Travel,Eco,370,5,5,5,3,1,5,1,1,5,4,5,2,1,3.31,0,0,TRUE
Female,Loyal Customer,58,Personal Travel,Business,451,1,4,1,3,4,3,3,1,1,1,1,1,2,2,0,3,FALSE
Female,Loyal Customer,36,Business Travel,Business,358,4,4,4,4,4,4,4,5,5,5,5,3,5,4.31,4,2,TRUE
Male,Loyal Customer,48,Business Travel,Business,2897,5,5,5,5,2,5,4,5,5,5,5,4,3,4.46,0,0,TRUE
Male,Loyal Customer,59,Business Travel,Eco,965,3,4,5,5,3,3,3,3,1,3,4,4,3,3.38,0,5,FALSE
Female,Loyal Customer,52,Business Travel,Eco,1524,3,4,4,4,3,4,4,3,3,3,3,3,3,3.38,2,0,FALSE
Female,Loyal Customer,46,Business Travel,Business,3145,1,1,3,1,5,5,4,5,5,5,5,4,4,3.69,45,24,TRUE
Female,Loyal Customer,47,Business Travel,Eco,1919,1,3,3,3,5,2,4,1,1,1,1,2,4,2.38,0,27,FALSE
Male,Disloyal Customer,56,Business Travel,Eco,494,2,2,2,3,2,3,3,1,2,4,3,3,3,2.54,168,162,FALSE
Male,Loyal Customer,40,Business Travel,Business,1440,1,5,2,5,1,3,3,1,1,1,1,3,4,2.38,0,11,FALSE
Male,Loyal Customer,37,Personal Travel,Eco,965,3,5,3,2,2,3,2,2,4,5,5,4,2,3.23,0,0,FALSE
Male,Loyal Customer,47,Business Travel,Business,1452,3,1,5,1,1,4,3,3,3,3,3,4,1,2.69,33,60,FALSE
Male,Loyal Customer,53,Business Travel,Business,577,5,5,5,5,2,5,4,4,4,5,4,4,4,4.31,2,0,TRUE
Female,Loyal Customer,36,Business Travel,Business,3500,5,5,3,5,4,3,3,5,5,5,5,4,5,4.38,0,0,TRUE
Male,Loyal Customer,57,Business Travel,Business,2721,3,4,4,4,2,3,4,4,4,4,3,2,3,3.38,0,0,FALSE
Female,Loyal Customer,32,Personal Travel,Eco,667,3,5,3,4,1,3,1,1,4,4,3,5,1,2.92,1,0,FALSE
Female,Disloyal Customer,22,Business Travel,Eco,762,0,0,0,1,5,0,5,5,5,5,5,3,5,3,19,0,TRUE
Male,Disloyal Customer,25,Business Travel,Eco,125,2,3,3,4,1,3,1,1,4,2,4,5,1,2.62,0,0,FALSE
Male,Disloyal Customer,26,Business Travel,Business,280,3,4,3,4,4,3,1,4,5,3,4,3,4,3.46,36,29,FALSE
Male,Loyal Customer,63,Personal Travel,Eco,1171,4,4,4,3,5,4,5,5,2,1,3,4,5,3.77,0,0,FALSE
Male,Loyal Customer,16,Personal Travel,Eco,620,4,4,4,4,4,4,4,4,1,5,4,3,4,3.77,1,0,TRUE
Male,Loyal Customer,16,Personal Travel,Eco,262,1,2,1,3,3,1,3,3,1,1,4,2,3,2.15,0,0,FALSE
Male,Disloyal Customer,40,Business Travel,Eco,248,3,1,3,2,1,3,1,1,4,3,2,3,1,2.15,17,12,FALSE
Male,Loyal Customer,44,Business Travel,Business,2941,5,5,5,5,5,4,5,5,5,5,5,4,3,4.69,5,0,TRUE
Male,Loyal Customer,59,Business Travel,Eco,965,4,4,1,4,4,4,4,4,1,2,1,1,4,2.92,0,0,TRUE
Male,Disloyal Customer,29,Business Travel,Eco,2603,2,2,2,4,2,2,2,2,3,2,5,2,2,2.46,0,19,FALSE
Female,Disloyal Customer,22,Business Travel,Business,584,5,0,5,4,2,5,3,2,4,5,4,4,2,3.46,0,0,TRUE
Male,Loyal Customer,51,Personal Travel,Eco,678,2,4,3,4,5,3,5,5,4,2,5,3,5,3.85,0,0,FALSE
Female,Loyal Customer,37,Personal Travel,Business,1123,1,4,1,1,4,4,4,2,2,1,2,4,5,2.69,0,0,FALSE
Male,Disloyal Customer,22,Business Travel,Eco,1770,2,2,2,3,4,2,4,4,4,5,5,1,4,3.23,0,0,TRUE
Female,Disloyal Customer,26,Business Travel,Business,337,4,5,4,1,5,4,5,5,5,2,5,3,5,4.08,112,109,FALSE
Male,Loyal Customer,47,Personal Travel,Eco,229,1,5,1,1,5,1,5,5,3,4,4,4,5,3.38,0,5,FALSE
Female,Loyal Customer,18,Personal Travel,Eco,1744,2,1,2,4,3,2,3,3,1,2,4,4,3,2.62,58,48,FALSE
Female,Loyal Customer,20,Personal Travel,Eco,992,4,4,4,4,3,4,3,3,3,2,3,1,3,3.15,20,14,FALSE
Female,Disloyal Customer,16,Business Travel,Eco,643,4,4,4,3,4,4,1,4,1,3,3,4,4,3.31,1,0,FALSE
Female,Loyal Customer,41,Business Travel,Business,2964,2,2,2,2,2,5,4,4,4,4,4,5,5,3.46,17,13,TRUE
Female,Disloyal Customer,13,Business Travel,Eco,1096,3,3,3,4,3,3,3,3,2,4,3,1,3,2.92,0,4,FALSE
Female,Loyal Customer,53,Personal Travel,Eco Plus,1587,2,5,2,2,3,5,4,5,5,2,5,5,3,3.69,50,34,FALSE
Female,Loyal Customer,14,Personal Travel,Business,1460,5,5,5,1,4,5,4,4,5,2,5,4,4,4.08,0,19,TRUE
Male,Loyal Customer,34,Business Travel,Business,3301,2,2,2,2,5,5,5,4,4,4,4,5,4,3.69,0,0,TRUE
Female,Loyal Customer,53,Personal Travel,Eco,693,1,4,1,2,2,5,5,4,4,1,4,4,4,3.15,0,2,FALSE
Male,Loyal Customer,14,Personal Travel,Eco,740,3,5,3,3,5,3,5,5,3,5,5,4,5,4.15,0,4,FALSE
Female,Disloyal Customer,23,Business Travel,Eco,1096,4,4,4,5,4,4,4,4,3,1,2,1,4,3.38,11,0,FALSE
Female,Disloyal Customer,29,Business Travel,Eco,862,1,1,1,2,4,1,4,4,3,2,2,4,4,2.54,1,0,FALSE
Female,Loyal Customer,50,Personal Travel,Eco,1009,3,4,3,1,5,3,3,3,3,3,3,5,1,3.08,0,0,FALSE
Female,Loyal Customer,59,Business Travel,Eco Plus,1250,3,1,1,1,2,1,1,3,3,3,3,3,3,2.15,14,4,FALSE
Male,Loyal Customer,55,Business Travel,Eco,163,5,5,5,5,5,5,5,5,2,5,5,3,5,4.62,0,0,TRUE
Female,Loyal Customer,60,Personal Travel,Eco,861,2,5,2,3,4,5,5,2,2,2,2,5,4,3.31,0,0,FALSE
Male,Disloyal Customer,38,Business Travel,Business,152,1,1,1,3,1,1,1,1,2,2,3,2,1,1.54,0,0,FALSE
Female,Loyal Customer,53,Personal Travel,Eco,630,3,1,4,3,3,4,3,1,1,4,1,3,4,2.69,0,0,FALSE
Female,Loyal Customer,54,Business Travel,Business,3127,3,3,3,3,3,4,4,4,4,4,4,5,4,3.69,27,20,TRUE
Female,Loyal Customer,57,Personal Travel,Eco,226,2,4,2,3,4,5,5,3,3,2,3,5,5,3.54,0,0,FALSE
Female,Loyal Customer,57,Business Travel,Business,240,0,0,0,1,4,4,4,4,4,4,4,4,4,2.85,65,100,TRUE
Female,Loyal Customer,38,Personal Travel,Eco,280,4,5,4,2,3,4,4,3,5,4,5,4,3,3.85,0,0,TRUE
Female,Loyal Customer,13,Personal Travel,Business,967,1,4,1,4,5,1,5,5,3,4,5,4,5,3.62,17,0,FALSE
Female,Disloyal Customer,24,Business Travel,Eco,585,3,2,3,4,3,3,3,3,4,3,3,2,3,3,33,26,FALSE
Male,Loyal Customer,60,Personal Travel,Eco,237,4,4,0,5,1,0,1,1,4,3,4,5,1,2.54,0,0,TRUE
Male,Disloyal Customer,15,Business Travel,Eco,976,2,2,2,4,5,2,5,5,1,3,2,2,5,3.08,6,0,FALSE
Male,Loyal Customer,49,Personal Travel,Eco,270,2,1,2,3,4,2,4,4,3,4,4,1,4,2.92,68,66,FALSE
Male,Loyal Customer,54,Business Travel,Business,2234,2,2,2,2,2,4,4,5,5,5,5,4,4,3.54,19,16,TRUE
Female,Loyal Customer,42,Business Travel,Business,1844,2,2,1,2,1,4,4,2,2,2,2,2,4,2.31,0,0,TRUE
Male,Loyal Customer,20,Business Travel,Business,2402,1,1,1,1,4,4,4,4,3,4,1,4,4,2.77,0,0,TRUE
Male,Disloyal Customer,20,Business Travel,Eco,177,2,5,2,2,3,2,3,3,2,1,4,5,3,2.85,0,0,FALSE
Male,Disloyal Customer,21,Business Travel,Eco,409,2,1,2,4,5,2,5,5,4,5,3,1,5,3.38,0,0,FALSE
Female,Loyal Customer,37,Personal Travel,Eco Plus,1849,2,4,2,3,2,2,2,2,4,1,1,4,2,2.38,28,8,FALSE
Male,Loyal Customer,37,Business Travel,Eco,397,5,4,4,4,5,5,5,5,5,1,3,1,5,4,0,0,TRUE
Female,Disloyal Customer,40,Business Travel,Business,651,3,3,3,4,4,3,4,4,5,2,4,5,4,3.69,0,0,FALSE
Male,Disloyal Customer,30,Business Travel,Eco,127,4,2,4,3,3,4,3,3,4,4,3,4,3,3.38,0,0,FALSE
Male,Loyal Customer,30,Business Travel,Business,2182,4,4,4,4,4,5,5,4,4,4,4,5,5,4.31,0,24,TRUE
Female,Loyal Customer,49,Personal Travel,Eco,1073,3,4,3,3,5,4,4,2,2,3,2,5,5,3.46,53,68,FALSE
Female,Loyal Customer,57,Business Travel,Business,1788,2,2,2,2,3,5,5,4,4,4,4,3,5,3.46,0,12,TRUE
Female,Loyal Customer,47,Business Travel,Business,1712,2,2,2,2,5,5,4,5,5,5,5,4,5,3.92,0,9,TRUE
Male,Loyal Customer,38,Personal Travel,Eco,1678,3,1,3,2,2,3,2,2,4,3,2,4,2,2.54,0,0,FALSE
Male,Disloyal Customer,23,Business Travel,Eco,1047,3,3,3,5,4,3,4,4,3,4,5,3,4,3.69,0,0,FALSE
Male,Loyal Customer,41,Business Travel,Business,3197,1,1,1,1,4,5,4,4,4,4,4,3,3,3,0,0,TRUE
Male,Loyal Customer,27,Business Travel,Business,2000,4,4,4,4,3,5,3,3,1,2,3,4,3,3.31,5,4,TRUE
Male,Loyal Customer,39,Business Travel,Eco,237,4,2,2,2,4,4,4,4,2,1,4,4,4,3.15,30,32,FALSE
Male,Loyal Customer,17,Business Travel,Business,2079,2,2,2,2,4,4,4,4,4,5,4,3,4,3.38,0,0,TRUE
Female,Loyal Customer,68,Personal Travel,Eco,226,3,4,0,5,4,5,4,4,4,0,5,5,5,3.69,16,11,FALSE
Female,Loyal Customer,62,Personal Travel,Eco,1726,2,4,2,1,2,3,4,1,1,2,1,3,4,2.31,61,60,FALSE
Female,Loyal Customer,37,Business Travel,Business,2797,4,4,4,4,4,5,4,4,4,4,4,3,5,4.08,21,24,TRUE
Female,Loyal Customer,13,Personal Travel,Eco,354,4,3,4,4,1,4,1,1,1,5,3,2,1,2.62,2,7,FALSE
Female,Loyal Customer,47,Business Travel,Eco,414,3,5,5,5,5,1,2,3,3,3,3,2,4,3.38,62,51,FALSE
Female,Disloyal Customer,29,Business Travel,Eco,262,1,0,1,1,2,1,2,2,4,4,5,5,2,2.31,11,1,FALSE
Female,Loyal Customer,49,Personal Travel,Eco,236,3,2,3,4,2,3,4,2,2,3,2,2,4,2.77,15,5,FALSE
Female,Loyal Customer,46,Personal Travel,Business,373,2,0,2,2,1,2,3,4,4,2,4,1,4,2.38,15,15,FALSE
Female,Loyal Customer,49,Business Travel,Business,481,3,3,3,3,4,5,4,5,5,5,5,4,5,4.15,0,0,TRUE
Male,Loyal Customer,30,Personal Travel,Eco,2586,3,3,3,2,3,2,2,5,5,4,1,2,2,2.85,13,16,FALSE
Female,Loyal Customer,43,Business Travel,Business,3216,2,2,2,2,2,4,4,4,4,5,4,5,3,3.31,11,4,TRUE
Male,Loyal Customer,51,Business Travel,Business,1821,3,3,3,3,4,4,5,3,3,3,3,4,5,3.54,0,0,TRUE
Female,Loyal Customer,70,Personal Travel,Eco,909,2,2,2,2,2,2,2,5,5,2,5,3,4,2.92,0,0,FALSE
Male,Loyal Customer,69,Personal Travel,Eco,516,2,1,2,4,4,2,4,4,1,3,3,4,4,2.92,8,0,FALSE
Female,Disloyal Customer,27,Business Travel,Eco,241,3,0,3,2,3,3,2,3,5,2,1,1,3,2.38,0,0,FALSE
Male,Disloyal Customer,35,Business Travel,Eco,802,1,2,2,3,4,2,4,4,3,4,3,1,4,2.85,48,50,FALSE
Male,Loyal Customer,54,Personal Travel,Eco,1062,2,1,2,2,4,2,4,4,1,4,3,4,4,2.85,3,0,FALSE
Female,Loyal Customer,47,Business Travel,Eco,528,3,4,5,4,5,2,3,3,3,3,3,4,2,3.38,0,0,FALSE
Male,Loyal Customer,50,Personal Travel,Eco,216,2,0,2,5,1,2,1,1,3,3,5,3,1,2.23,0,0,FALSE
Male,Disloyal Customer,21,Business Travel,Eco,447,2,2,2,2,3,2,2,3,4,2,1,4,3,2.46,18,11,FALSE
Female,Loyal Customer,43,Business Travel,Eco,422,4,5,5,5,4,1,4,4,4,4,4,2,5,3.92,1,0,TRUE
Female,Loyal Customer,28,Personal Travel,Eco Plus,643,1,5,1,3,4,1,4,4,4,3,5,4,4,3.31,2,0,FALSE
Male,Disloyal Customer,22,Business Travel,Business,466,4,0,5,4,3,5,3,3,4,4,5,3,3,3.54,13,18,TRUE
Male,Loyal Customer,57,Personal Travel,Eco,212,3,2,3,1,2,3,2,2,3,2,2,3,2,2.31,0,0,FALSE
Male,Loyal Customer,42,Personal Travel,Eco,192,3,5,0,3,4,0,4,4,3,4,4,3,4,3.15,0,0,FALSE
Male,Loyal Customer,22,Business Travel,Business,2561,5,5,5,5,4,4,4,4,4,2,2,3,4,3.92,0,0,TRUE
Male,Loyal Customer,49,Business Travel,Business,3187,2,2,2,2,5,4,5,4,4,4,4,3,4,3.46,0,0,TRUE
Male,Disloyal Customer,39,Business Travel,Eco,689,4,4,4,3,4,4,4,4,4,5,3,1,4,3.69,0,0,FALSE
Male,Loyal Customer,59,Personal Travel,Business,578,4,4,4,2,2,5,5,1,1,4,1,5,3,3.15,20,21,FALSE
Male,Loyal Customer,58,Personal Travel,Eco,489,0,3,0,4,1,0,1,1,2,1,3,4,1,1.62,0,0,TRUE
Female,Loyal Customer,55,Business Travel,Business,3714,5,5,5,5,2,4,4,5,5,5,5,4,5,4.54,0,0,TRUE
Female,Loyal Customer,45,Business Travel,Eco,813,2,1,1,1,1,4,3,2,2,2,2,3,1,1.92,0,0,FALSE
Female,Loyal Customer,26,Personal Travel,Eco,421,2,2,2,4,3,2,3,3,3,2,4,1,3,2.62,125,126,FALSE
Female,Loyal Customer,47,Business Travel,Business,3483,4,4,4,4,4,5,4,5,5,5,5,5,3,4.38,3,3,TRUE
Male,Loyal Customer,50,Business Travel,Business,3858,0,0,0,1,2,4,5,2,2,2,2,3,3,2,0,0,TRUE
Female,Loyal Customer,45,Personal Travel,Eco,140,3,5,3,2,2,2,3,4,4,3,4,4,4,3.31,31,24,FALSE
Male,Loyal Customer,54,Business Travel,Business,3666,4,4,4,4,2,4,5,4,4,4,4,3,5,3.92,0,3,TRUE
Male,Disloyal Customer,37,Business Travel,Eco,409,2,4,2,3,4,2,4,4,3,5,3,1,4,3.15,0,0,FALSE
Female,Loyal Customer,35,Business Travel,Eco,235,4,3,3,3,4,4,4,4,5,1,2,3,4,3.38,0,3,TRUE
Female,Disloyal Customer,36,Business Travel,Eco Plus,342,3,3,3,3,3,3,4,3,4,3,5,5,3,3.46,0,5,FALSE
Male,Loyal Customer,43,Business Travel,Eco Plus,1092,2,3,3,3,2,2,2,2,1,5,3,3,2,2.54,0,0,FALSE
Male,Loyal Customer,50,Business Travel,Business,1815,3,3,3,3,4,4,4,4,4,4,4,3,4,3.62,1,0,TRUE
Male,Disloyal Customer,10,Business Travel,Business,669,5,0,5,4,2,5,1,2,3,3,4,5,2,3.15,0,0,TRUE
Female,Loyal Customer,59,Business Travel,Eco,190,4,4,3,3,2,4,1,4,4,4,4,5,2,3.38,0,0,TRUE
Male,Disloyal Customer,23,Business Travel,Business,829,5,0,5,2,1,5,3,1,4,2,5,5,1,3,0,1,TRUE
Female,Loyal Customer,51,Business Travel,Eco,283,2,1,4,1,4,2,1,2,2,2,2,1,3,2.08,29,30,FALSE
Female,Disloyal Customer,24,Business Travel,Eco,844,4,4,4,3,5,4,2,5,3,2,3,3,5,3.62,39,50,TRUE
Male,Loyal Customer,21,Personal Travel,Eco,1180,3,5,3,1,3,3,3,3,3,4,5,5,3,3.38,0,26,FALSE
Female,Loyal Customer,45,Business Travel,Business,3019,5,5,5,5,3,3,3,4,4,5,4,4,2,4,0,0,TRUE
Female,Loyal Customer,39,Business Travel,Business,86,3,1,1,1,1,3,3,1,1,1,3,1,1,1.62,75,79,FALSE
Female,Loyal Customer,24,Business Travel,Business,594,2,4,4,4,2,2,2,2,3,5,3,4,2,3,37,53,FALSE
Male,Loyal Customer,27,Business Travel,Business,685,4,4,4,4,5,5,5,5,5,2,4,4,5,4.31,0,0,TRUE
Female,Disloyal Customer,23,Business Travel,Business,240,0,0,0,4,1,0,1,1,3,5,5,3,1,1.85,0,11,TRUE
Female,Disloyal Customer,33,Business Travel,Eco,628,2,4,2,3,3,2,3,3,3,1,3,3,3,2.69,0,0,FALSE
Male,Disloyal Customer,39,Business Travel,Business,139,4,5,5,2,4,5,3,4,5,2,4,5,4,4,0,0,TRUE
Female,Loyal Customer,20,Business Travel,Business,2652,1,1,1,1,4,4,4,4,2,4,3,1,4,2.62,0,0,TRUE
Female,Loyal Customer,50,Business Travel,Eco Plus,432,3,3,1,3,3,3,3,3,3,3,3,2,4,2.85,0,0,FALSE
Female,Loyal Customer,46,Business Travel,Eco Plus,954,3,2,2,2,3,4,3,3,3,3,3,3,3,2.85,7,0,TRUE
Female,Loyal Customer,46,Business Travel,Business,1792,5,5,5,5,2,4,5,4,4,4,4,5,5,4.38,0,0,TRUE
Male,Loyal Customer,68,Business Travel,Business,3534,1,1,1,1,5,4,5,5,5,5,5,5,4,3.62,0,0,TRUE
Female,Loyal Customer,39,Business Travel,Business,965,3,3,3,3,4,5,5,5,5,5,5,4,4,4.15,0,0,TRUE
Male,Loyal Customer,31,Business Travel,Eco,2296,1,5,5,5,1,1,1,1,2,4,4,3,1,2.62,9,2,FALSE
Male,Disloyal Customer,33,Business Travel,Eco,174,1,0,1,2,4,1,4,4,3,3,5,3,4,2.69,0,9,FALSE
Female,Loyal Customer,22,Personal Travel,Eco Plus,484,4,5,4,3,4,4,4,4,2,5,5,1,4,3.77,4,2,TRUE
Female,Loyal Customer,22,Business Travel,Business,715,5,5,5,5,2,2,2,2,4,4,5,3,2,3.54,12,0,TRUE
Female,Loyal Customer,52,Business Travel,Business,431,4,5,5,5,4,3,2,4,4,4,4,3,2,3.77,6,0,FALSE
Male,Loyal Customer,54,Business Travel,Business,2913,4,4,4,4,4,4,4,4,4,4,4,4,4,4,26,9,TRUE
Female,Loyal Customer,54,Business Travel,Business,342,1,1,1,1,2,5,4,4,4,4,4,3,5,3,0,0,TRUE
Female,Loyal Customer,37,Business Travel,Eco,151,1,4,4,4,1,2,1,1,1,3,4,4,1,2.38,0,0,FALSE
Female,Loyal Customer,48,Business Travel,Business,2848,4,4,4,4,2,5,4,5,5,5,5,3,5,4.23,20,26,TRUE
Male,Loyal Customer,39,Personal Travel,Eco,250,5,4,5,4,1,5,1,1,4,5,4,3,1,3.31,0,0,TRUE
Male,Loyal Customer,14,Personal Travel,Eco Plus,529,1,4,1,3,1,1,1,1,3,4,5,4,1,2.31,12,3,FALSE
Female,Loyal Customer,36,Business Travel,Business,3058,2,5,2,2,5,4,5,4,4,4,4,3,4,3.69,0,1,TRUE
Male,Disloyal Customer,35,Business Travel,Business,332,3,3,3,5,5,3,2,5,3,3,5,3,5,3.69,30,23,FALSE
Female,Loyal Customer,42,Business Travel,Business,2306,2,2,2,2,5,5,5,3,3,4,3,5,5,3.54,0,0,TRUE
Female,Loyal Customer,43,Personal Travel,Eco,852,4,5,4,1,3,5,4,1,1,4,1,5,3,3.15,0,0,FALSE
Male,Loyal Customer,23,Personal Travel,Eco,903,2,4,2,3,2,2,2,2,5,5,2,3,2,2.77,7,0,FALSE
Female,Loyal Customer,60,Personal Travel,Eco,1105,1,4,1,3,5,3,1,2,2,1,2,4,3,2.46,20,0,FALSE
Female,Loyal Customer,35,Business Travel,Business,164,5,5,5,5,2,4,5,5,5,5,5,5,5,4.69,33,29,TRUE
Female,Loyal Customer,33,Business Travel,Eco Plus,441,3,5,5,5,3,3,3,3,3,4,4,4,3,3.69,0,0,FALSE
Male,Loyal Customer,29,Personal Travel,Eco Plus,1107,3,4,3,3,2,3,2,2,5,3,5,5,2,3.23,0,0,FALSE
Male,Loyal Customer,46,Personal Travel,Eco,2367,3,5,3,2,4,3,3,4,3,3,4,5,4,3.54,0,0,FALSE
Female,Loyal Customer,19,Business Travel,Eco Plus,386,3,2,2,2,3,3,2,3,1,3,3,3,3,2.54,21,9,FALSE
Female,Loyal Customer,52,Personal Travel,Eco,306,0,1,0,3,5,4,3,3,3,0,3,4,4,2.54,0,0,TRUE
Female,Loyal Customer,55,Business Travel,Business,1546,5,5,5,5,3,5,5,4,4,4,4,4,5,4.46,0,0,TRUE
Male,Loyal Customer,49,Personal Travel,Eco Plus,429,4,5,4,1,1,4,1,1,4,5,1,3,1,2.69,0,3,FALSE
Male,Disloyal Customer,25,Business Travel,Eco,620,1,0,1,1,2,1,2,2,4,4,4,4,2,2.15,103,75,FALSE
Female,Loyal Customer,30,Personal Travel,Eco,456,0,2,0,3,3,0,3,3,3,1,4,3,3,2.15,3,0,TRUE
Male,Loyal Customer,40,Business Travel,Business,2874,1,1,1,1,3,5,4,4,4,4,4,4,5,3.15,8,13,TRUE
Female,Loyal Customer,38,Business Travel,Business,1870,5,5,5,5,3,5,5,5,5,4,5,4,4,4.62,0,0,TRUE
Male,Loyal Customer,43,Personal Travel,Eco,592,1,3,1,1,3,1,3,3,1,3,1,4,3,2.15,2,0,FALSE
Female,Loyal Customer,47,Business Travel,Business,735,2,2,2,2,4,5,5,2,2,2,2,3,5,2.92,0,0,TRUE
Male,Loyal Customer,10,Personal Travel,Eco,920,1,4,2,3,2,2,2,2,1,2,3,4,2,2.31,7,0,FALSE
Female,Loyal Customer,40,Business Travel,Business,630,1,1,1,1,3,5,5,3,3,3,3,4,3,2.77,0,0,TRUE
Male,Loyal Customer,57,Business Travel,Eco,304,1,3,3,3,1,1,1,1,3,2,2,1,1,1.77,23,38,FALSE
Female,Loyal Customer,40,Personal Travel,Eco,1438,4,4,4,4,5,4,4,5,5,2,5,5,5,4.31,0,0,FALSE
Male,Loyal Customer,51,Personal Travel,Eco,544,4,4,4,4,4,4,4,4,3,3,5,3,4,3.85,53,31,FALSE
Female,Loyal Customer,59,Business Travel,Business,333,3,5,5,5,1,4,3,3,3,3,3,3,4,3.46,0,0,FALSE
Male,Loyal Customer,18,Business Travel,Business,3602,2,2,2,2,2,2,2,2,5,2,5,4,2,2.62,0,0,TRUE
Female,Loyal Customer,18,Business Travel,Eco,1849,1,5,5,5,1,2,3,1,4,2,3,4,1,2.85,3,0,FALSE
Male,Disloyal Customer,31,Business Travel,Business,937,1,1,1,3,5,1,5,5,1,3,4,1,5,2.77,0,0,FALSE
Female,Loyal Customer,42,Business Travel,Eco,1464,1,4,4,4,4,3,4,1,1,1,1,1,4,2.54,0,2,FALSE
Female,Loyal Customer,43,Business Travel,Business,1521,2,5,5,5,1,3,4,2,2,2,2,3,4,3.08,4,0,FALSE
Female,Loyal Customer,25,Business Travel,Business,447,2,2,2,2,4,4,4,4,5,4,4,4,4,3.46,19,14,TRUE
Female,Loyal Customer,39,Business Travel,Eco,373,5,1,1,1,5,5,5,5,4,2,1,3,5,3.31,0,0,TRUE
Male,Loyal Customer,41,Business Travel,Business,2496,1,1,1,1,5,4,4,4,1,3,3,4,4,2.77,10,0,TRUE
Female,Loyal Customer,32,Business Travel,Business,888,3,2,3,3,4,4,4,4,3,3,4,4,4,3.46,23,1,TRUE
Male,Disloyal Customer,44,Business Travel,Business,1276,1,1,1,2,3,1,3,3,3,4,5,3,3,2.54,0,0,FALSE
Female,Loyal Customer,48,Business Travel,Eco Plus,327,3,3,3,3,3,1,2,3,3,3,3,3,3,2.77,32,31,FALSE
Male,Loyal Customer,32,Business Travel,Business,508,3,5,3,3,4,4,4,4,5,2,4,4,4,3.77,0,0,TRUE
Male,Loyal Customer,34,Personal Travel,Eco,868,3,3,3,2,1,3,1,1,3,2,3,2,1,2.15,0,0,FALSE
Female,Loyal Customer,56,Business Travel,Business,3185,2,2,2,2,2,5,5,3,3,4,3,3,5,3.15,3,0,TRUE
Male,Loyal Customer,19,Personal Travel,Eco,489,2,0,4,2,1,4,3,1,5,2,4,5,1,2.62,2,0,FALSE
Female,Disloyal Customer,23,Business Travel,Eco,261,3,1,3,4,1,3,1,1,3,2,3,2,1,2.15,28,33,FALSE
Male,Loyal Customer,49,Business Travel,Business,296,4,4,4,4,4,5,1,5,5,5,5,2,3,3.92,0,0,TRUE
Male,Loyal Customer,57,Business Travel,Business,1127,4,4,2,4,4,5,4,4,4,5,4,4,4,4,0,0,TRUE
Male,Loyal Customer,53,Personal Travel,Eco,258,3,4,3,3,3,3,3,3,3,5,3,3,3,3.23,18,16,FALSE
Male,Loyal Customer,41,Business Travel,Business,3602,0,0,0,1,2,4,4,5,5,5,5,3,5,3,1,0,TRUE
Male,Loyal Customer,25,Business Travel,Eco Plus,373,2,4,1,4,2,2,1,2,3,2,4,2,2,2.38,0,5,FALSE
Male,Loyal Customer,18,Personal Travel,Eco,591,2,5,2,3,3,2,3,3,3,2,4,3,3,2.92,0,0,FALSE
Female,Loyal Customer,62,Business Travel,Eco Plus,369,3,1,1,1,3,3,3,3,3,3,3,1,4,2.46,15,10,FALSE
Female,Disloyal Customer,24,Business Travel,Business,458,5,0,5,4,5,5,5,5,5,3,4,5,5,4.31,6,4,TRUE
Female,Loyal Customer,7,Personal Travel,Eco,787,2,5,2,3,4,2,4,4,4,3,4,4,4,3.46,0,0,FALSE
Male,Loyal Customer,57,Business Travel,Business,3641,2,1,2,2,2,5,5,4,4,4,4,4,4,3.31,69,64,TRUE
Female,Loyal Customer,7,Personal Travel,Eco,679,2,4,2,1,4,2,1,4,3,5,5,2,4,3,16,8,FALSE
Male,Loyal Customer,33,Personal Travel,Business,184,3,4,3,3,1,3,1,1,3,2,4,4,1,2.54,11,13,FALSE
Male,Loyal Customer,58,Business Travel,Business,1199,4,4,4,4,3,3,4,4,4,4,4,2,2,3.54,0,0,FALSE
Male,Loyal Customer,11,Personal Travel,Eco,2845,2,5,2,1,3,2,3,3,5,3,4,5,3,3.15,0,0,FALSE
Female,Disloyal Customer,27,Business Travel,Eco,484,2,4,2,4,2,2,2,2,3,4,3,2,2,2.62,0,0,FALSE
Male,Loyal Customer,33,Personal Travel,Eco,2253,3,5,2,3,2,4,2,3,4,5,5,2,2,3.23,0,8,FALSE
Male,Loyal Customer,26,Business Travel,Business,1900,3,4,4,4,3,3,3,3,2,3,4,1,3,3.08,0,0,FALSE
Male,Loyal Customer,43,Personal Travel,Eco,501,2,5,2,5,3,2,3,3,4,1,3,3,3,3,9,17,FALSE
Female,Loyal Customer,35,Business Travel,Business,2031,4,4,4,4,4,4,4,5,5,5,5,4,4,4.31,0,0,TRUE
Male,Loyal Customer,43,Business Travel,Business,2136,0,0,0,1,3,5,5,5,5,5,5,4,4,3.23,0,0,TRUE
Female,Loyal Customer,39,Business Travel,Business,719,2,2,3,2,3,5,5,5,5,5,5,3,3,3.69,82,89,TRUE
Male,Disloyal Customer,10,Business Travel,Eco,967,3,2,2,3,5,2,2,5,3,1,3,3,5,3,29,26,FALSE
Male,Loyal Customer,48,Personal Travel,Eco,86,1,3,1,3,4,1,4,4,3,2,3,2,4,2.69,0,4,FALSE
Female,Loyal Customer,57,Business Travel,Eco,143,4,2,2,2,2,1,4,3,3,4,3,3,3,2.77,0,0,TRUE
Male,Loyal Customer,47,Personal Travel,Eco,792,1,5,1,2,4,1,3,4,4,4,4,3,4,3.08,0,8,FALSE
Male,Loyal Customer,26,Personal Travel,Eco,283,2,5,2,2,2,2,2,2,4,2,5,4,2,2.77,0,0,FALSE
Female,Loyal Customer,54,Business Travel,Business,2518,4,4,4,4,4,4,5,5,5,4,5,5,4,4.38,25,44,TRUE
Male,Loyal Customer,36,Personal Travel,Business,547,1,4,1,3,5,3,4,2,2,1,2,4,1,2.54,0,0,FALSE
Male,Loyal Customer,12,Personal Travel,Eco,515,2,4,2,5,5,2,5,5,1,2,5,4,5,3.62,0,0,FALSE
Female,Loyal Customer,46,Business Travel,Business,328,0,0,0,1,5,5,5,2,2,2,2,5,4,2.54,0,10,TRUE
Female,Loyal Customer,41,Business Travel,Business,507,3,3,3,3,3,5,4,5,5,4,5,5,4,4,0,0,TRUE
Male,Loyal Customer,47,Business Travel,Business,2106,3,3,3,3,4,5,5,2,2,2,2,5,3,3.23,0,0,TRUE
Male,Loyal Customer,13,Personal Travel,Eco,532,2,4,2,4,3,2,2,3,3,5,4,4,3,3.15,0,0,FALSE
Male,Loyal Customer,32,Business Travel,Eco,852,4,2,2,2,4,4,4,4,3,4,3,5,4,3.46,40,29,TRUE
Female,Loyal Customer,35,Business Travel,Eco,1242,3,1,1,1,3,3,3,3,2,1,1,1,3,2,0,0,FALSE
Female,Disloyal Customer,29,Business Travel,Eco,778,1,1,1,3,1,1,1,5,2,3,5,1,1,2,103,120,FALSE
Male,Loyal Customer,60,Business Travel,Business,102,0,4,0,4,4,5,4,3,3,3,3,4,4,3.15,0,0,TRUE
Female,Loyal Customer,60,Business Travel,Business,1562,2,4,4,4,4,4,4,2,2,2,2,2,4,3.08,0,0,FALSE
Male,Disloyal Customer,18,Business Travel,Eco,645,4,0,4,3,5,4,3,5,4,1,5,1,5,3.38,0,1,TRUE
Female,Loyal Customer,54,Business Travel,Business,738,4,4,4,4,4,4,4,4,4,4,4,4,5,4.08,0,0,TRUE
Male,Disloyal Customer,32,Business Travel,Business,929,2,2,2,5,1,2,1,1,3,4,5,5,1,2.62,1,9,FALSE
Female,Loyal Customer,18,Personal Travel,Eco Plus,762,3,3,3,3,5,3,5,5,3,2,2,4,5,3.54,0,8,FALSE
Male,Loyal Customer,27,Personal Travel,Eco,548,5,3,5,4,2,5,2,2,3,1,3,4,2,3.15,0,5,TRUE
Female,Loyal Customer,24,Business Travel,Business,2556,3,5,5,5,3,3,3,3,4,4,1,1,3,3.31,0,0,FALSE
Female,Loyal Customer,35,Business Travel,Eco,109,2,5,5,5,2,2,2,2,2,5,3,4,2,3.15,0,0,TRUE
Male,Loyal Customer,9,Personal Travel,Eco,224,4,5,0,3,3,0,3,3,5,2,5,4,3,3.08,62,68,FALSE
Female,Loyal Customer,46,Business Travel,Eco,588,5,5,5,5,1,1,2,5,5,5,5,2,5,3.92,0,0,TRUE
Female,Loyal Customer,16,Personal Travel,Eco Plus,315,4,4,4,1,5,4,5,5,5,4,5,5,5,4.31,0,0,FALSE
Female,Loyal Customer,43,Personal Travel,Eco,1056,2,4,2,3,4,4,5,3,3,2,3,3,4,3.23,0,0,FALSE
Female,Loyal Customer,28,Business Travel,Business,2627,5,5,5,5,2,2,2,2,4,5,4,5,2,3.69,6,10,TRUE
Female,Loyal Customer,51,Business Travel,Business,1587,2,2,2,2,2,4,5,5,5,5,5,3,5,3.62,1,44,TRUE
Female,Disloyal Customer,34,Business Travel,Business,326,3,3,3,5,2,3,2,2,3,2,4,5,2,3,0,0,FALSE
Male,Loyal Customer,32,Personal Travel,Eco,1372,1,5,1,4,1,4,4,3,3,4,5,4,4,3.31,141,116,FALSE
Male,Loyal Customer,55,Business Travel,Business,406,5,5,5,5,2,5,4,4,4,4,4,5,3,4.23,2,0,TRUE
Male,Loyal Customer,44,Business Travel,Eco Plus,2562,4,1,3,1,4,4,4,4,1,5,3,1,4,3,0,0,TRUE
Female,Loyal Customer,26,Personal Travel,Eco,589,1,4,1,4,3,1,2,3,4,4,4,4,3,2.92,0,0,FALSE
Male,Loyal Customer,57,Business Travel,Eco,676,2,1,1,1,2,2,2,2,3,5,3,3,2,2.23,0,0,FALSE
Male,Loyal Customer,39,Business Travel,Business,369,5,5,5,5,4,2,1,4,4,4,4,3,4,3.85,0,0,TRUE
Male,Loyal Customer,59,Business Travel,Business,1935,1,1,1,1,3,4,5,5,5,5,5,4,4,3.38,0,0,TRUE
Female,Loyal Customer,7,Personal Travel,Eco,1464,3,1,3,4,4,3,4,4,2,3,2,1,4,2.92,73,63,FALSE
Female,Loyal Customer,68,Personal Travel,Business,544,1,1,1,4,3,4,4,4,4,1,4,3,1,2.69,42,37,FALSE
Male,Disloyal Customer,23,Business Travel,Eco,1152,4,3,3,2,4,4,4,4,3,5,4,5,4,3.77,11,0,TRUE
Female,Disloyal Customer,23,Business Travel,Business,84,3,2,3,3,2,3,2,2,3,1,4,3,2,2.54,61,50,FALSE
Female,Loyal Customer,51,Business Travel,Business,2803,3,3,3,3,4,4,4,4,4,4,4,3,4,3.62,0,3,TRUE
Male,Disloyal Customer,43,Business Travel,Eco,987,3,3,3,3,5,3,5,5,1,4,5,5,5,3.85,0,0,FALSE
Male,Loyal Customer,40,Business Travel,Business,2718,5,5,5,5,1,3,3,5,5,4,5,4,5,4.23,1,0,TRUE
Female,Disloyal Customer,23,Business Travel,Eco,632,3,0,3,2,2,3,2,2,3,3,5,5,2,2.69,0,1,FALSE
Male,Loyal Customer,52,Business Travel,Eco,526,4,4,4,4,4,4,4,4,4,2,2,5,4,3.77,0,0,TRUE
Male,Loyal Customer,13,Business Travel,Business,1506,4,1,1,1,4,4,4,4,2,3,3,2,4,2.85,0,16,FALSE
Male,Loyal Customer,50,Personal Travel,Eco,315,3,5,3,2,2,3,4,2,4,1,1,2,2,2.62,70,85,FALSE
Female,Loyal Customer,59,Business Travel,Eco,232,4,2,2,2,3,3,3,4,4,4,4,3,1,3,0,0,TRUE
Male,Loyal Customer,69,Personal Travel,Eco,651,3,3,3,3,4,3,2,4,3,2,3,1,4,2.92,7,11,FALSE
Female,Loyal Customer,51,Business Travel,Business,2807,0,0,0,5,2,4,4,3,3,2,2,3,3,2.38,10,3,TRUE
Female,Disloyal Customer,40,Business Travel,Business,129,4,4,4,3,4,4,4,4,3,4,3,3,4,3.69,0,8,TRUE
Male,Loyal Customer,30,Business Travel,Business,3115,1,1,1,1,4,4,4,4,3,1,4,4,4,2.77,29,25,TRUE
Male,Loyal Customer,55,Personal Travel,Eco,2409,2,1,2,3,5,2,5,5,3,4,2,4,5,3.31,24,3,FALSE
Female,Loyal Customer,41,Business Travel,Business,404,2,2,2,2,2,5,4,5,5,5,5,4,3,3.54,1,0,TRUE
Female,Loyal Customer,42,Personal Travel,Eco Plus,390,1,4,2,5,3,5,4,3,3,2,3,5,5,3.46,22,14,FALSE
Female,Loyal Customer,23,Personal Travel,Eco Plus,2556,5,4,5,3,5,5,4,5,4,4,4,2,5,4.23,15,16,TRUE
Male,Loyal Customer,62,Business Travel,Business,1742,2,3,3,3,3,3,3,2,2,2,2,2,4,2.62,105,99,FALSE
Female,Loyal Customer,30,Business Travel,Eco,634,4,3,5,5,4,4,4,4,5,2,2,2,4,3.69,0,3,TRUE
Female,Disloyal Customer,25,Business Travel,Eco,1076,3,3,3,4,1,3,1,1,1,5,3,3,1,2.46,0,0,FALSE
Male,Disloyal Customer,23,Business Travel,Business,204,4,0,4,5,4,4,3,4,5,2,4,4,4,3.62,0,0,TRUE
Male,Loyal Customer,23,Personal Travel,Eco,680,1,5,0,3,3,0,3,3,4,4,4,5,3,2.92,0,0,FALSE
Female,Loyal Customer,9,Personal Travel,Eco,449,1,1,1,4,5,1,1,5,2,3,3,3,5,2.69,0,8,FALSE
Female,Loyal Customer,49,Business Travel,Eco Plus,1014,4,1,1,1,4,4,4,2,4,1,2,4,4,2.77,180,206,TRUE
Female,Loyal Customer,40,Business Travel,Eco,1028,4,5,5,5,4,5,4,4,2,4,1,5,4,4,0,0,TRUE
Male,Loyal Customer,48,Business Travel,Business,3462,2,2,2,2,4,5,5,3,3,3,3,3,5,3.23,0,0,TRUE
Female,Loyal Customer,25,Business Travel,Business,2248,2,4,4,4,2,2,2,4,3,4,3,2,2,2.92,4,21,FALSE
Female,Disloyal Customer,32,Business Travel,Business,239,3,3,3,5,4,3,4,4,4,4,4,3,4,3.69,0,0,FALSE
Female,Loyal Customer,72,Business Travel,Eco Plus,204,2,5,5,5,3,2,2,2,2,2,2,4,4,3.08,0,0,FALSE
Female,Loyal Customer,49,Personal Travel,Eco,867,1,3,1,2,3,4,1,1,1,1,1,5,3,2.08,0,0,FALSE
Male,Loyal Customer,32,Business Travel,Business,2537,5,5,5,5,4,4,4,4,3,1,5,4,4,4.08,0,2,TRUE
Male,Disloyal Customer,45,Business Travel,Business,1237,2,2,2,3,2,2,2,2,1,3,4,2,2,2.23,40,38,FALSE
Male,Loyal Customer,35,Personal Travel,Eco,570,1,5,1,4,3,1,3,3,5,5,4,4,3,3.23,0,0,FALSE
Male,Loyal Customer,7,Personal Travel,Eco,280,5,4,4,3,4,4,1,4,5,3,5,4,4,3.85,9,0,TRUE
Male,Loyal Customer,31,Business Travel,Business,1798,2,2,2,2,4,4,4,4,4,4,4,4,4,3.38,0,1,TRUE
Female,Loyal Customer,47,Business Travel,Business,1839,4,3,3,3,1,3,4,3,3,2,4,3,2,2.92,39,31,FALSE
Female,Loyal Customer,21,Personal Travel,Eco,817,2,2,2,3,3,2,3,3,4,3,2,4,3,2.77,0,0,FALSE
Male,Loyal Customer,38,Business Travel,Business,1959,3,3,3,3,5,1,1,4,4,5,4,5,4,3.46,0,0,TRUE
Male,Disloyal Customer,26,Business Travel,Business,1499,4,4,4,3,1,4,5,1,3,5,5,4,1,3.38,42,24,FALSE
Male,Loyal Customer,47,Business Travel,Business,528,5,5,5,5,5,4,4,2,2,2,2,4,4,3.77,64,53,TRUE
Female,Loyal Customer,57,Personal Travel,Eco,272,1,0,5,2,1,2,1,4,4,5,4,3,5,2.85,0,5,FALSE
Female,Loyal Customer,46,Business Travel,Business,3319,3,3,3,3,3,4,4,4,4,4,4,5,3,3.62,28,15,TRUE
Female,Disloyal Customer,30,Business Travel,Business,2106,3,3,3,1,4,3,2,4,5,5,3,4,4,3.38,0,0,FALSE
Male,Loyal Customer,59,Business Travel,Business,3036,3,4,4,4,2,2,3,3,3,3,3,3,2,3,8,9,FALSE
Male,Loyal Customer,69,Personal Travel,Eco,874,2,4,2,3,4,2,4,4,3,5,4,1,4,3.23,6,9,FALSE
Female,Loyal Customer,43,Personal Travel,Eco,511,2,5,2,1,3,4,5,4,4,2,4,3,5,3.38,0,0,FALSE
Female,Disloyal Customer,23,Business Travel,Eco,273,3,0,3,4,5,3,5,5,2,4,4,4,5,3.62,0,0,FALSE
Male,Loyal Customer,30,Business Travel,Business,717,3,5,5,5,3,3,3,3,1,4,4,1,3,3.31,0,0,FALSE
Male,Loyal Customer,19,Personal Travel,Eco,1055,3,1,3,4,4,3,4,4,2,1,3,3,4,3,0,0,FALSE
Female,Loyal Customer,18,Personal Travel,Eco,1044,2,4,2,3,1,2,1,1,3,5,4,2,1,2.38,0,0,FALSE
Male,Disloyal Customer,39,Business Travel,Eco,537,4,3,4,4,4,4,4,4,4,4,4,3,4,3.85,0,0,FALSE
Female,Loyal Customer,55,Business Travel,Business,802,4,4,4,4,4,5,4,3,3,3,3,4,5,3.85,0,0,TRUE
Male,Loyal Customer,58,Business Travel,Eco,604,5,1,1,1,5,5,5,5,4,4,1,2,5,3.38,48,47,TRUE
Male,Loyal Customer,35,Personal Travel,Eco,516,3,2,3,3,5,3,5,5,2,4,3,2,5,3.46,4,0,FALSE
Female,Disloyal Customer,35,Business Travel,Eco,201,3,1,3,3,3,3,3,3,4,2,3,2,3,2.77,0,0,FALSE
Male,Loyal Customer,45,Business Travel,Business,3015,1,1,1,1,4,4,4,5,5,5,5,4,4,3.38,0,0,TRUE
Male,Loyal Customer,13,Personal Travel,Eco,227,1,4,1,2,5,1,5,5,4,3,4,4,5,3.38,0,11,FALSE
Male,Loyal Customer,53,Business Travel,Business,1663,5,5,5,5,5,5,4,5,5,5,5,4,5,4.85,32,24,TRUE
Female,Disloyal Customer,25,Business Travel,Business,719,5,0,5,3,1,5,1,1,5,4,5,4,1,3.08,0,1,TRUE
Male,Loyal Customer,41,Business Travel,Eco,580,2,3,3,3,2,2,2,2,4,4,4,3,2,2.77,0,0,FALSE
Female,Disloyal Customer,24,Business Travel,Eco,522,4,5,4,3,3,4,3,3,2,5,4,1,3,3.38,0,28,TRUE
Male,Loyal Customer,45,Business Travel,Business,73,4,2,3,2,2,4,4,4,4,4,4,1,1,3,87,87,FALSE
Female,Loyal Customer,39,Business Travel,Business,3399,4,4,4,4,4,5,4,5,5,5,5,3,3,4.23,15,22,TRUE
Female,Loyal Customer,47,Business Travel,Eco,874,4,3,3,3,2,1,1,4,4,4,4,5,5,3.31,0,0,TRUE
Female,Loyal Customer,13,Personal Travel,Eco,371,3,3,5,2,2,5,3,2,3,4,4,1,2,3,2,15,FALSE
Male,Disloyal Customer,28,Business Travel,Business,1149,4,3,3,3,5,3,5,5,3,5,5,5,5,4.15,68,55,TRUE
Female,Loyal Customer,35,Personal Travel,Eco Plus,508,3,4,3,2,2,3,2,2,4,3,5,5,2,3.08,0,0,FALSE
Female,Loyal Customer,36,Business Travel,Business,2695,1,1,1,1,4,2,5,5,5,5,5,1,3,3,0,0,TRUE
Male,Loyal Customer,45,Personal Travel,Eco,550,4,4,4,4,3,4,3,3,2,5,3,3,3,3.46,0,0,FALSE
Female,Loyal Customer,48,Business Travel,Business,258,5,5,5,5,4,5,5,3,3,4,3,3,4,4.15,0,0,TRUE
Male,Disloyal Customer,29,Business Travel,Eco,1020,4,4,4,3,4,4,5,4,3,5,4,3,4,3.92,0,78,FALSE
Male,Loyal Customer,69,Personal Travel,Eco,144,2,3,2,3,5,2,5,5,2,2,2,1,5,3,0,0,FALSE
Male,Disloyal Customer,20,Business Travel,Eco,634,4,4,4,5,2,4,2,2,5,2,1,5,2,3.23,0,0,TRUE
Male,Loyal Customer,42,Business Travel,Business,2973,0,0,0,3,5,5,4,5,5,5,3,5,4,3.38,0,0,TRUE
Male,Loyal Customer,36,Business Travel,Business,2350,4,4,4,4,5,1,5,5,5,5,5,4,4,4.23,7,10,TRUE
Male,Loyal Customer,30,Personal Travel,Eco,1846,2,5,2,5,2,2,1,2,5,4,3,5,2,3.08,0,0,FALSE
Male,Disloyal Customer,34,Business Travel,Eco Plus,588,3,3,3,3,5,3,5,5,5,1,5,3,5,3.77,0,0,FALSE
Female,Loyal Customer,56,Personal Travel,Eco,1542,2,4,2,4,2,3,5,5,5,2,5,5,5,3.77,0,0,FALSE
Female,Loyal Customer,77,Business Travel,Eco,101,4,5,2,5,4,5,4,3,3,4,3,1,4,3.62,0,1,TRUE
Male,Loyal Customer,59,Business Travel,Business,689,1,1,1,1,3,5,4,3,3,3,3,4,4,2.77,6,2,TRUE
Male,Disloyal Customer,39,Business Travel,Business,337,5,5,5,3,3,5,3,3,5,2,5,3,3,3.85,0,0,TRUE
Male,Loyal Customer,45,Business Travel,Business,2948,4,4,4,4,3,4,4,5,5,5,5,4,4,4.23,0,0,TRUE
Male,Loyal Customer,30,Personal Travel,Eco,74,3,5,3,1,2,3,2,2,4,5,5,3,2,3.08,0,0,FALSE
Male,Disloyal Customer,44,Business Travel,Eco,163,5,2,5,4,5,5,5,5,1,1,4,4,5,3.92,83,85,TRUE
Male,Loyal Customer,39,Business Travel,Business,2738,5,5,5,5,3,4,5,4,4,4,5,1,3,4.08,0,3,TRUE
Male,Loyal Customer,48,Personal Travel,Eco,1145,0,5,0,3,4,0,4,4,5,4,4,4,4,3.15,0,0,TRUE
Female,Disloyal Customer,35,Business Travel,Eco,1222,3,3,3,1,2,3,4,2,1,5,2,4,2,2.69,0,0,FALSE
Female,Loyal Customer,23,Business Travel,Eco Plus,337,3,1,1,1,3,3,3,3,4,1,4,4,3,2.62,17,15,FALSE
Female,Loyal Customer,34,Personal Travel,Eco,603,2,5,2,2,5,2,3,5,4,3,5,4,5,3.62,0,0,FALSE
Male,Disloyal Customer,21,Business Travel,Eco,334,3,2,3,4,3,3,3,3,2,4,4,2,3,3,0,0,FALSE
Female,Loyal Customer,64,Personal Travel,Eco,370,3,0,3,1,2,4,4,3,3,3,5,5,4,3.08,52,40,FALSE
Female,Loyal Customer,49,Business Travel,Business,3095,0,0,0,1,5,5,4,5,5,5,5,5,5,3.46,4,0,TRUE
Female,Loyal Customer,43,Business Travel,Business,1589,5,3,5,5,3,3,3,2,3,5,5,3,3,3.69,145,140,TRUE
Female,Disloyal Customer,38,Business Travel,Eco,919,4,4,4,3,5,4,5,5,5,4,3,4,5,4.23,0,0,TRUE
Female,Loyal Customer,50,Personal Travel,Eco,695,0,2,0,4,3,3,4,5,5,0,5,2,2,2.69,0,1,TRUE
Male,Loyal Customer,56,Business Travel,Business,2422,4,4,4,4,4,4,4,5,4,4,5,4,4,4.15,0,3,TRUE
Male,Disloyal Customer,41,Business Travel,Business,1258,5,5,5,2,1,5,1,1,5,5,5,3,1,3.38,0,0,TRUE
Male,Loyal Customer,57,Personal Travel,Eco,1249,2,5,2,3,2,2,2,2,5,2,3,3,2,2.69,0,0,FALSE
Male,Disloyal Customer,23,Business Travel,Eco,293,4,0,4,3,4,4,4,4,4,4,3,3,4,3.46,0,0,FALSE
Female,Loyal Customer,60,Business Travel,Business,2381,3,3,2,3,2,4,3,4,4,4,4,5,4,3.46,15,0,TRUE
Male,Disloyal Customer,31,Business Travel,Business,1189,1,0,0,2,5,0,5,5,3,1,1,2,5,2.31,0,0,FALSE
Female,Loyal Customer,60,Business Travel,Business,1844,5,5,5,5,4,4,4,1,1,2,1,5,5,3.62,7,12,TRUE
Male,Loyal Customer,25,Business Travel,Business,373,1,1,2,1,4,4,4,4,4,5,4,2,4,3.08,1,3,TRUE
Female,Disloyal Customer,24,Business Travel,Business,1208,4,4,4,2,4,4,4,4,3,2,4,4,4,3.62,0,0,TRUE
Male,Disloyal Customer,22,Business Travel,Eco,373,2,4,2,1,5,2,5,5,3,4,5,3,5,3.54,0,0,FALSE
Female,Loyal Customer,39,Personal Travel,Eco,1076,1,1,1,3,3,1,4,3,1,3,3,4,3,2.38,0,0,FALSE
Male,Disloyal Customer,23,Business Travel,Eco,668,1,4,1,4,2,1,2,2,1,4,4,1,2,2.23,0,0,FALSE
Female,Disloyal Customer,25,Business Travel,Business,312,3,0,4,4,4,4,4,4,3,2,4,4,4,3.38,0,0,FALSE
Female,Loyal Customer,29,Business Travel,Business,787,2,3,3,3,2,2,2,2,3,3,4,2,2,2.54,12,11,FALSE
Male,Loyal Customer,23,Business Travel,Business,784,2,2,2,2,4,4,4,4,1,5,3,4,4,3.15,116,160,TRUE
Female,Loyal Customer,25,Personal Travel,Eco,637,1,1,1,4,3,1,3,3,1,5,4,4,3,2.62,0,0,FALSE
Male,Loyal Customer,46,Business Travel,Business,744,1,1,1,1,4,4,1,5,5,4,5,3,2,2.85,10,10,TRUE
Female,Loyal Customer,41,Business Travel,Business,347,3,3,3,3,5,1,3,5,5,5,5,1,1,3.31,0,0,TRUE
Male,Disloyal Customer,27,Business Travel,Business,802,3,3,3,1,4,3,4,4,4,5,4,4,4,3.54,0,0,FALSE
Female,Loyal Customer,14,Personal Travel,Eco,130,2,5,2,4,4,2,4,4,4,1,1,5,4,3.23,0,19,FALSE
Female,Loyal Customer,70,Personal Travel,Eco,106,1,1,0,4,2,3,4,5,5,0,2,4,2,2.54,0,0,FALSE
Female,Loyal Customer,43,Business Travel,Business,1725,4,4,4,4,2,3,4,4,4,4,4,3,5,3.77,0,0,TRUE
Female,Loyal Customer,56,Business Travel,Business,3226,5,5,5,5,3,5,4,5,5,5,5,4,5,4.69,20,3,TRUE
Male,Disloyal Customer,38,Business Travel,Eco,571,2,5,2,5,5,2,5,5,2,5,1,4,5,3.69,37,42,FALSE
Female,Loyal Customer,34,Business Travel,Business,1636,1,1,1,1,5,4,4,5,5,5,5,3,5,3.46,0,0,TRUE
Female,Loyal Customer,41,Business Travel,Business,2562,2,2,2,2,3,3,3,2,2,2,2,3,4,2.46,0,0,FALSE
Female,Loyal Customer,44,Personal Travel,Eco,2007,1,4,1,1,3,4,5,5,5,1,2,3,5,3.08,0,0,FALSE
Female,Loyal Customer,19,Business Travel,Eco,147,2,3,3,3,2,2,4,2,1,4,4,3,2,2.69,112,110,FALSE
Female,Loyal Customer,42,Personal Travel,Eco,765,1,4,1,2,5,4,4,5,5,1,5,5,3,3.46,21,19,FALSE
Male,Loyal Customer,59,Business Travel,Business,414,5,5,4,5,5,5,4,4,4,4,4,4,5,4.46,19,13,TRUE
Female,Loyal Customer,47,Business Travel,Business,1598,1,1,1,1,4,3,5,3,3,3,3,3,4,2.69,0,0,TRUE
Male,Loyal Customer,53,Business Travel,Business,2705,1,1,1,1,2,4,4,4,4,4,4,4,4,2.92,0,0,TRUE
Female,Loyal Customer,38,Business Travel,Business,1768,1,1,1,1,5,5,4,4,4,4,4,4,1,3,0,0,TRUE
Male,Loyal Customer,29,Business Travel,Eco Plus,1751,2,4,4,4,2,2,2,2,4,4,2,3,2,2.85,8,10,FALSE
Female,Loyal Customer,53,Business Travel,Eco,84,5,5,5,5,3,5,5,5,5,5,5,5,4,4.77,0,0,TRUE
Male,Loyal Customer,31,Personal Travel,Eco,580,1,5,1,4,5,1,5,5,4,3,3,2,5,3.38,30,24,FALSE
Male,Disloyal Customer,38,Business Travel,Business,164,3,3,3,4,5,3,3,5,5,2,5,3,5,3.77,0,0,FALSE
Female,Loyal Customer,31,Personal Travel,Eco,189,3,4,3,1,3,3,5,3,4,4,2,1,3,3,12,7,FALSE
Male,Loyal Customer,25,Business Travel,Eco,781,4,5,5,5,4,4,4,4,4,4,4,1,4,4,0,0,FALSE
Male,Loyal Customer,41,Business Travel,Business,610,3,3,3,3,5,4,4,4,4,4,4,1,5,3.62,52,86,TRUE
Female,Loyal Customer,55,Business Travel,Business,3204,2,1,1,1,2,3,4,2,2,3,2,4,4,2.38,57,58,FALSE
Female,Loyal Customer,16,Business Travel,Business,1517,4,4,4,4,5,5,5,5,3,5,4,1,5,4.15,0,0,TRUE
Male,Loyal Customer,49,Business Travel,Eco,67,4,5,5,5,4,4,4,4,4,2,2,1,4,3.69,0,0,TRUE
Female,Loyal Customer,34,Personal Travel,Eco Plus,447,1,1,1,2,3,1,3,3,4,1,2,2,3,2.08,0,0,FALSE
Female,Loyal Customer,44,Business Travel,Business,191,1,1,4,1,1,1,5,5,5,5,3,4,4,3.08,0,7,TRUE
Female,Loyal Customer,21,Business Travel,Business,2182,1,2,2,2,1,1,1,1,4,5,2,2,1,1.92,109,110,FALSE
Female,Loyal Customer,56,Business Travel,Business,3891,4,4,4,4,2,1,1,5,5,5,5,5,1,3.54,0,0,TRUE
Male,Loyal Customer,15,Business Travel,Business,2909,1,1,1,1,5,5,5,5,4,3,5,3,5,3.38,0,0,TRUE
Female,Loyal Customer,60,Business Travel,Business,3666,5,5,5,5,5,5,4,4,4,4,4,4,4,4.46,0,0,TRUE
Female,Disloyal Customer,41,Business Travel,Business,399,1,1,1,5,4,1,4,4,4,3,4,4,4,3.08,0,0,FALSE
Female,Disloyal Customer,27,Business Travel,Business,2125,5,5,5,2,5,3,5,5,3,4,5,3,5,4.23,0,0,TRUE
Male,Loyal Customer,33,Personal Travel,Eco,438,5,4,5,4,5,5,3,5,2,1,4,2,5,3.85,10,0,TRUE
Male,Loyal Customer,8,Business Travel,Eco,1096,2,4,4,4,2,2,3,2,2,3,4,2,2,2.77,0,0,FALSE
Female,Loyal Customer,36,Business Travel,Business,2304,1,1,1,1,3,4,4,2,2,2,2,2,3,2.15,0,0,TRUE
Female,Loyal Customer,34,Business Travel,Business,1011,4,4,4,4,5,5,4,5,5,5,5,3,3,4.31,50,98,TRUE
Female,Disloyal Customer,48,Business Travel,Eco Plus,695,3,3,3,4,1,3,1,1,1,5,4,1,1,2.38,34,26,FALSE
Female,Loyal Customer,43,Business Travel,Business,3136,3,3,3,3,5,5,4,4,4,4,4,3,4,3.77,60,53,TRUE
Male,Disloyal Customer,8,Personal Travel,Eco,748,2,5,2,1,5,2,5,5,4,3,5,2,5,3.54,57,52,FALSE
Female,Loyal Customer,56,Business Travel,Business,1346,4,4,4,4,4,4,5,4,4,4,4,5,4,4.15,0,0,TRUE
Female,Loyal Customer,51,Business Travel,Business,325,1,1,1,1,5,4,4,5,5,5,5,5,5,3.62,20,2,TRUE
Female,Loyal Customer,57,Personal Travel,Eco,1126,2,5,2,3,4,4,4,4,4,2,4,4,5,3.62,0,0,FALSE
Male,Disloyal Customer,22,Business Travel,Eco,1214,5,5,5,2,1,5,1,1,4,1,4,2,1,2.85,0,0,TRUE
Female,Disloyal Customer,44,Business Travel,Business,102,4,3,3,1,4,4,4,4,4,3,4,3,4,3.46,0,0,TRUE
Female,Loyal Customer,26,Personal Travel,Eco,679,2,4,2,1,1,2,1,1,5,5,5,3,1,2.54,0,0,FALSE
Male,Loyal Customer,58,Business Travel,Business,2851,2,2,2,2,2,5,5,4,4,4,4,4,5,3.46,7,0,TRUE
Male,Loyal Customer,33,Business Travel,Eco,101,4,1,1,1,4,4,4,4,3,1,2,1,4,2.62,2,7,TRUE
Male,Loyal Customer,54,Business Travel,Eco,2562,4,3,3,3,4,4,4,4,2,4,5,1,4,3.46,0,0,TRUE
Female,Loyal Customer,38,Business Travel,Eco Plus,387,1,3,3,3,1,2,1,1,4,1,4,4,1,2.23,37,37,FALSE
Female,Loyal Customer,60,Business Travel,Eco,331,4,5,5,5,4,1,5,4,4,4,4,5,3,4.08,36,18,TRUE
Female,Loyal Customer,40,Business Travel,Business,1814,2,2,2,2,2,3,5,5,5,5,5,4,3,3.46,30,13,TRUE
Male,Loyal Customer,52,Personal Travel,Eco,1020,1,1,1,2,5,1,5,5,1,1,2,2,5,2.46,0,0,FALSE
Female,Loyal Customer,41,Business Travel,Eco Plus,265,4,4,4,4,4,1,3,4,4,4,4,4,5,3.77,0,3,TRUE
Female,Loyal Customer,28,Personal Travel,Eco,368,5,1,5,3,4,5,4,4,4,1,4,3,4,3.62,0,0,TRUE
Female,Loyal Customer,63,Business Travel,Business,3051,1,1,1,1,2,3,4,1,1,1,1,3,3,1.77,0,0,FALSE
Female,Disloyal Customer,20,Business Travel,Eco Plus,1050,4,4,4,3,4,4,4,4,1,5,3,4,4,3.69,0,5,FALSE
Female,Loyal Customer,60,Business Travel,Business,440,1,1,5,1,4,5,5,4,4,4,4,4,5,3.62,1,0,TRUE
Male,Loyal Customer,41,Business Travel,Business,1407,1,1,2,1,2,5,5,2,2,2,2,5,3,2.54,2,0,TRUE
Female,Loyal Customer,63,Business Travel,Eco Plus,305,2,5,5,5,4,5,5,1,1,2,1,4,3,3.31,7,8,TRUE
Female,Loyal Customer,63,Business Travel,Business,481,2,2,2,2,5,5,4,4,4,4,4,1,2,3.15,0,0,TRUE
Male,Loyal Customer,19,Business Travel,Business,2217,0,0,0,3,5,5,5,5,5,3,4,3,5,3.31,0,0,TRUE
Male,Disloyal Customer,30,Business Travel,Business,967,4,5,5,2,3,5,3,3,4,3,4,4,3,3.69,0,6,TRUE
Female,Loyal Customer,31,Personal Travel,Eco Plus,990,2,4,2,1,5,2,3,5,3,4,5,5,5,3.54,0,0,FALSE
Male,Loyal Customer,41,Business Travel,Eco,359,4,1,1,1,4,4,4,4,2,1,3,2,4,2.69,30,28,FALSE
Male,Loyal Customer,37,Personal Travel,Eco,603,2,5,2,4,3,2,3,3,3,4,5,3,3,3.23,0,0,FALSE
Female,Loyal Customer,48,Business Travel,Business,475,3,4,3,4,4,3,3,4,2,3,3,3,3,3.23,240,298,FALSE
Female,Loyal Customer,54,Business Travel,Business,2257,0,4,0,4,2,4,5,5,5,5,5,5,4,3.69,0,0,TRUE
Male,Loyal Customer,62,Business Travel,Business,416,4,4,4,4,1,1,4,2,2,2,2,5,3,2.92,59,57,TRUE
Female,Loyal Customer,54,Business Travel,Eco,1226,4,5,2,5,4,3,2,4,4,4,4,4,2,3.62,3,0,FALSE
Female,Loyal Customer,35,Business Travel,Eco Plus,432,3,5,5,5,3,3,3,3,1,2,4,2,3,3.23,0,0,TRUE
Female,Loyal Customer,57,Business Travel,Business,2131,2,2,2,2,4,4,5,2,2,3,2,4,5,3,0,0,TRUE
Female,Loyal Customer,69,Personal Travel,Eco,1694,3,5,2,2,2,2,5,2,2,2,2,1,3,2.54,20,22,FALSE
Female,Loyal Customer,28,Business Travel,Eco,1034,3,4,4,4,3,4,3,3,3,1,3,1,3,3,86,69,TRUE
Male,Loyal Customer,44,Business Travel,Business,1738,5,5,5,5,3,5,5,5,5,5,5,5,3,4.69,8,6,TRUE
Male,Loyal Customer,25,Business Travel,Business,1506,3,3,3,3,5,5,5,5,3,4,4,4,5,4,92,69,TRUE
Male,Loyal Customer,44,Business Travel,Business,1499,3,1,5,1,3,4,3,3,3,3,3,4,2,2.92,7,0,FALSE
Female,Loyal Customer,60,Business Travel,Business,280,3,3,3,3,1,3,4,3,3,3,3,4,3,3,67,86,FALSE
Female,Loyal Customer,15,Business Travel,Business,1670,2,4,4,4,2,2,2,2,3,4,3,4,2,2.92,0,8,FALSE
Male,Loyal Customer,49,Personal Travel,Eco,296,2,2,2,3,2,2,5,2,2,5,3,4,2,2.77,0,0,FALSE
Male,Loyal Customer,50,Business Travel,Business,3279,5,5,3,5,3,4,4,3,3,3,3,5,5,3.92,0,0,TRUE
Female,Loyal Customer,39,Personal Travel,Eco,306,2,5,2,1,4,2,4,4,5,4,5,4,4,3.54,85,77,FALSE
Female,Loyal Customer,53,Business Travel,Business,468,4,3,3,3,2,2,3,4,4,3,4,1,1,2.85,92,84,FALSE
Female,Loyal Customer,41,Business Travel,Business,3907,1,1,1,1,3,1,3,5,5,4,4,3,4,2.77,5,3,TRUE
Female,Loyal Customer,60,Business Travel,Business,867,3,3,3,3,2,5,4,4,4,4,4,2,5,3.54,0,0,TRUE
Female,Loyal Customer,41,Business Travel,Business,1390,3,3,3,3,4,5,4,4,4,4,4,4,3,3.69,30,40,TRUE
Male,Disloyal Customer,15,Business Travel,Eco,453,2,0,2,1,4,2,4,4,3,5,1,1,4,2.54,2,0,FALSE
Male,Loyal Customer,38,Business Travel,Business,2165,1,1,1,1,1,3,4,1,1,1,1,3,3,1.69,0,0,FALSE
Male,Loyal Customer,48,Business Travel,Business,1884,2,5,5,5,2,3,4,2,2,2,2,3,2,3,0,15,FALSE
Male,Loyal Customer,11,Personal Travel,Eco,338,2,4,5,4,2,5,3,2,4,4,1,2,2,3.08,12,11,FALSE
Male,Loyal Customer,36,Personal Travel,Eco,338,4,5,4,5,5,4,5,5,5,5,4,3,5,4.54,3,0,TRUE
Male,Loyal Customer,43,Business Travel,Business,2907,0,0,0,3,2,5,4,1,1,1,1,3,3,1.85,0,0,TRUE
Male,Loyal Customer,64,Personal Travel,Eco,237,3,4,3,5,5,3,3,5,4,5,5,4,5,4.15,0,0,FALSE
Female,Disloyal Customer,30,Business Travel,Eco,416,1,0,1,3,1,1,2,1,4,2,3,2,1,1.69,15,4,FALSE
Male,Disloyal Customer,24,Business Travel,Eco,993,5,4,4,3,4,4,4,4,3,3,4,4,4,3.85,22,85,TRUE
Female,Disloyal Customer,20,Business Travel,Eco,1083,2,3,3,5,4,3,5,4,2,4,5,3,4,3.62,5,23,FALSE
Male,Loyal Customer,44,Business Travel,Business,1619,3,2,3,3,5,4,5,4,4,4,4,3,3,3.62,0,7,TRUE
Female,Loyal Customer,24,Personal Travel,Eco,997,1,5,1,1,2,1,1,2,4,4,4,5,2,2.54,72,56,FALSE
Male,Loyal Customer,50,Personal Travel,Eco,1062,4,3,4,3,1,4,1,1,2,4,3,2,1,2.54,0,0,FALSE
Female,Loyal Customer,55,Personal Travel,Eco,372,1,0,1,3,2,3,4,2,2,1,2,2,3,2,30,25,FALSE
Male,Disloyal Customer,25,Business Travel,Eco,842,4,4,4,3,3,4,3,3,2,4,5,2,3,3.38,0,0,FALSE
Female,Loyal Customer,56,Personal Travel,Eco Plus,1097,4,5,4,3,2,5,3,3,3,4,3,3,1,3.31,3,0,TRUE
Female,Loyal Customer,57,Personal Travel,Eco Plus,372,1,3,1,4,4,2,4,2,2,1,4,3,1,2.46,60,54,FALSE
Male,Loyal Customer,58,Business Travel,Business,2203,5,5,5,5,2,3,4,5,5,5,5,3,4,4.31,0,16,TRUE
Male,Loyal Customer,41,Business Travel,Business,2808,4,4,4,4,2,5,5,5,5,5,5,4,5,4.38,129,124,TRUE
Male,Loyal Customer,26,Business Travel,Business,554,1,4,4,4,1,1,1,1,4,5,4,1,1,2.46,14,10,FALSE
Male,Loyal Customer,27,Business Travel,Eco,482,3,4,4,4,3,3,3,3,4,4,3,3,3,3.38,0,32,FALSE
Male,Loyal Customer,42,Personal Travel,Eco,954,3,4,3,4,1,3,1,1,4,2,4,3,1,2.62,0,9,FALSE
Male,Loyal Customer,50,Business Travel,Business,3768,5,5,5,5,2,5,5,5,5,5,5,3,5,4.62,0,0,TRUE
Female,Loyal Customer,49,Business Travel,Business,399,5,2,5,5,2,1,4,5,5,5,5,3,2,3.77,0,0,TRUE
Male,Loyal Customer,35,Personal Travel,Eco,406,2,5,3,3,5,3,5,5,5,3,4,3,5,3.92,6,0,FALSE
Female,Loyal Customer,54,Personal Travel,Eco,726,2,2,2,3,4,4,3,1,1,2,1,3,2,2.31,0,0,FALSE
Female,Loyal Customer,59,Personal Travel,Eco Plus,721,3,0,4,2,4,4,5,2,2,4,2,4,3,3,0,0,FALSE
Male,Loyal Customer,18,Personal Travel,Eco,667,3,5,3,5,5,3,1,5,4,2,1,3,5,3.46,0,0,FALSE
Female,Disloyal Customer,24,Business Travel,Eco,473,3,0,3,2,4,3,4,4,3,2,4,4,4,3.08,0,15,FALSE
Female,Loyal Customer,53,Business Travel,Business,626,2,2,2,2,1,3,5,5,5,5,5,5,5,3.62,2,0,TRUE
Female,Loyal Customer,56,Personal Travel,Eco,397,3,4,5,1,4,5,5,1,1,5,1,3,4,3.23,0,0,FALSE
Male,Loyal Customer,59,Personal Travel,Eco,1045,3,5,3,3,3,3,3,3,3,2,4,3,3,3.15,0,0,FALSE
Female,Loyal Customer,61,Personal Travel,Eco,109,1,4,1,5,4,4,5,4,4,1,4,5,5,3.62,16,9,FALSE
Male,Loyal Customer,27,Business Travel,Business,589,5,5,2,5,5,5,5,5,2,4,2,2,5,4,0,0,TRUE
Male,Loyal Customer,33,Business Travel,Business,160,4,4,4,4,4,4,4,4,4,2,4,4,4,3.85,0,0,TRUE
Male,Disloyal Customer,23,Business Travel,Eco,522,5,5,5,5,5,5,2,5,2,2,4,1,5,3.92,0,0,TRUE
Male,Loyal Customer,65,Personal Travel,Eco,775,3,4,3,1,3,3,3,3,3,2,5,4,3,3.08,0,0,FALSE
Male,Loyal Customer,61,Personal Travel,Eco,1205,2,2,2,3,3,2,3,3,1,5,3,3,3,2.69,15,21,FALSE
Female,Loyal Customer,58,Business Travel,Eco,1069,2,5,5,5,1,3,3,2,2,2,2,3,3,2.92,83,68,FALSE
Male,Loyal Customer,19,Personal Travel,Eco,746,1,1,1,4,5,1,5,5,3,1,3,3,5,2.92,0,4,FALSE
Female,Loyal Customer,59,Business Travel,Business,1372,2,2,2,2,4,4,4,4,4,4,4,3,4,3.31,18,0,TRUE
Female,Loyal Customer,49,Business Travel,Business,888,3,3,3,3,5,4,4,4,4,4,4,4,4,3.77,4,0,TRUE
Male,Loyal Customer,28,Business Travel,Business,837,5,5,5,5,5,5,5,5,1,1,2,4,5,4.08,0,0,TRUE
Male,Loyal Customer,45,Personal Travel,Eco,484,2,4,4,2,5,4,5,5,5,2,4,4,5,3.92,16,12,FALSE
Male,Loyal Customer,36,Business Travel,Eco,488,2,1,1,1,2,2,2,2,3,5,3,2,2,2.15,71,58,FALSE
Female,Disloyal Customer,26,Business Travel,Eco,771,1,0,0,2,4,0,4,4,1,2,1,3,4,2,0,1,FALSE
Female,Loyal Customer,63,Business Travel,Eco Plus,740,1,3,2,3,2,4,3,1,1,1,1,2,1,1.92,13,10,FALSE
Male,Loyal Customer,41,Business Travel,Business,2440,4,4,4,4,4,4,4,4,4,4,4,4,5,4.08,71,59,TRUE
Female,Loyal Customer,50,Personal Travel,Eco,903,5,5,5,1,3,5,4,3,3,5,3,3,3,3.69,15,42,TRUE
Male,Loyal Customer,57,Personal Travel,Eco,737,3,5,3,1,2,3,5,2,3,3,5,4,2,3.15,0,0,FALSE
Female,Loyal Customer,43,Personal Travel,Eco,209,4,5,4,4,1,4,4,2,2,4,2,5,1,3.23,0,1,TRUE
Male,Loyal Customer,41,Business Travel,Eco,972,5,2,2,2,4,5,4,4,3,2,2,5,4,3.38,0,0,TRUE
Male,Loyal Customer,31,Business Travel,Business,1660,4,5,5,5,4,3,4,4,1,3,3,4,4,3.77,0,20,FALSE
Female,Loyal Customer,41,Personal Travel,Eco,2475,3,3,3,2,4,3,4,4,3,2,4,5,4,3.38,23,0,FALSE
Male,Loyal Customer,53,Business Travel,Eco,546,1,5,5,5,1,1,1,1,2,5,3,3,1,2.62,8,0,FALSE
Female,Disloyal Customer,48,Business Travel,Business,1825,4,4,4,4,4,4,4,4,4,5,4,3,4,4,2,0,TRUE
Male,Disloyal Customer,33,Business Travel,Eco,140,1,5,1,4,4,1,2,4,3,3,1,5,4,2.92,0,0,FALSE
Female,Loyal Customer,62,Business Travel,Business,325,4,4,4,4,2,2,4,5,5,5,5,2,4,3.85,11,11,TRUE
Male,Loyal Customer,33,Personal Travel,Eco,2402,3,1,3,3,2,3,2,2,4,1,4,4,2,2.62,56,51,FALSE
Male,Disloyal Customer,36,Business Travel,Eco,594,3,5,3,4,5,3,5,5,4,4,2,4,5,4,0,0,FALSE
Female,Loyal Customer,29,Business Travel,Business,1916,3,3,3,3,5,5,5,5,5,5,4,5,5,4.31,0,0,TRUE
Female,Loyal Customer,46,Personal Travel,Eco,551,1,2,1,3,2,4,4,1,1,1,1,4,2,2.08,16,15,FALSE
Male,Loyal Customer,26,Personal Travel,Eco Plus,1476,3,4,3,4,2,3,1,2,2,4,3,3,2,2.77,12,17,FALSE
Female,Loyal Customer,34,Business Travel,Business,594,3,3,3,3,2,4,5,5,5,5,5,4,5,4,0,0,TRUE
Female,Loyal Customer,72,Business Travel,Eco,1016,5,1,1,1,1,5,5,5,5,5,5,3,1,3.31,0,0,TRUE
Female,Loyal Customer,66,Personal Travel,Eco,335,3,1,3,4,3,3,3,2,2,3,2,2,2,2.54,0,0,FALSE
Male,Loyal Customer,13,Business Travel,Eco,1542,0,4,0,3,3,0,3,3,2,3,5,3,3,2.46,0,0,TRUE
Female,Disloyal Customer,24,Business Travel,Business,187,5,0,5,1,2,5,2,2,3,2,5,3,2,2.85,0,0,TRUE
Female,Disloyal Customer,34,Business Travel,Eco,257,1,1,1,3,5,1,5,5,2,5,4,4,5,3.23,0,0,FALSE
Female,Loyal Customer,33,Personal Travel,Eco,181,1,1,1,3,4,1,4,4,1,1,3,4,4,2.46,0,0,FALSE
Female,Disloyal Customer,21,Business Travel,Eco,1121,5,5,5,1,4,5,4,4,3,3,5,3,4,3.92,0,0,TRUE
Female,Loyal Customer,54,Business Travel,Business,1592,2,2,2,2,5,5,5,4,3,4,5,5,5,3.77,126,173,TRUE
Female,Loyal Customer,41,Personal Travel,Eco,190,3,4,3,3,4,3,4,4,4,4,4,5,4,3.77,0,0,FALSE
Male,Loyal Customer,57,Business Travel,Business,3761,4,3,3,3,4,3,2,4,4,4,4,1,1,3.08,29,33,FALSE
Female,Loyal Customer,35,Business Travel,Eco,369,4,4,4,4,4,4,4,4,4,4,4,5,4,4.08,17,17,TRUE
Male,Loyal Customer,55,Business Travel,Eco,746,4,4,4,4,4,4,4,4,1,4,2,4,4,3.62,18,24,TRUE
Male,Loyal Customer,39,Business Travel,Business,3805,2,2,2,2,2,5,4,3,3,3,3,3,3,2.85,13,32,TRUE
Male,Loyal Customer,49,Business Travel,Business,3437,3,3,3,3,4,3,3,4,4,4,4,1,2,3.15,0,1,TRUE
Male,Loyal Customer,62,Business Travel,Business,377,1,5,5,5,1,3,4,1,1,1,1,1,3,2.46,11,8,FALSE
Female,Loyal Customer,52,Personal Travel,Eco,113,1,3,1,2,4,2,1,4,4,1,4,3,3,2.54,127,123,FALSE
Female,Loyal Customer,40,Business Travel,Business,795,4,4,4,4,3,5,5,4,4,4,4,3,3,3.92,0,0,TRUE
Female,Disloyal Customer,17,Business Travel,Eco Plus,160,3,4,3,3,4,3,5,4,1,1,4,2,4,3.15,0,5,FALSE
Female,Loyal Customer,38,Business Travel,Business,3670,5,5,5,5,3,5,4,4,4,4,4,3,4,4.23,0,0,TRUE
Female,Disloyal Customer,34,Business Travel,Eco,370,1,2,1,3,4,1,5,4,4,1,4,1,4,2.69,1,6,FALSE
Female,Loyal Customer,62,Business Travel,Business,237,5,5,5,5,2,5,5,5,5,5,5,5,4,4.69,0,0,TRUE
Female,Loyal Customer,33,Personal Travel,Eco,852,2,5,2,3,2,2,2,2,3,4,5,3,2,2.85,0,0,FALSE
Male,Loyal Customer,57,Personal Travel,Eco,309,2,3,2,1,5,2,5,5,2,3,3,3,5,3.15,0,0,FALSE
Female,Loyal Customer,58,Personal Travel,Eco,297,3,4,3,3,4,4,5,1,1,3,3,5,4,3.31,3,0,FALSE
Male,Loyal Customer,48,Personal Travel,Eco,599,2,5,2,4,3,2,3,3,5,5,3,1,3,3.15,0,0,FALSE
Female,Loyal Customer,16,Business Travel,Business,1567,2,5,5,5,2,2,2,2,4,4,4,1,2,3.08,8,20,FALSE
Female,Loyal Customer,30,Business Travel,Business,1499,1,4,4,4,1,1,1,1,1,5,4,4,1,2.46,7,3,FALSE
Male,Loyal Customer,69,Personal Travel,Eco,2165,2,4,1,3,3,1,3,3,3,4,3,4,3,2.85,4,0,FALSE
Female,Disloyal Customer,24,Business Travel,Business,255,4,0,4,4,2,4,2,2,5,4,4,4,2,3.15,0,0,TRUE
Male,Disloyal Customer,21,Business Travel,Eco,802,1,1,1,4,2,1,3,2,3,2,5,3,2,2.31,0,0,FALSE
Male,Loyal Customer,47,Business Travel,Business,488,5,5,2,5,3,5,4,4,4,4,4,3,5,4.08,0,0,TRUE
Female,Loyal Customer,47,Business Travel,Eco,101,2,3,3,3,3,3,3,2,2,2,2,4,2,2.62,12,8,FALSE
Male,Loyal Customer,63,Business Travel,Eco,134,5,4,4,4,5,5,5,5,3,1,2,2,5,3.85,0,0,TRUE
Male,Loyal Customer,43,Business Travel,Business,589,5,3,5,5,5,5,4,4,4,4,4,3,4,4.23,0,0,TRUE
Male,Disloyal Customer,10,Business Travel,Eco,612,1,4,1,3,3,1,3,3,2,3,4,2,3,2.54,0,13,FALSE
Female,Loyal Customer,48,Business Travel,Business,3423,1,1,2,1,5,5,5,4,4,4,4,3,5,3.38,1,88,TRUE
Female,Loyal Customer,58,Personal Travel,Eco,1598,3,4,2,1,5,4,5,1,1,2,1,5,3,2.85,0,0,FALSE
Female,Loyal Customer,20,Personal Travel,Eco,925,2,1,2,3,3,2,3,3,2,1,3,3,3,2.38,19,8,FALSE
Female,Loyal Customer,50,Business Travel,Business,1965,5,5,3,5,4,4,4,4,4,4,4,3,5,4.15,1,20,TRUE
Female,Loyal Customer,38,Business Travel,Eco,229,1,1,4,1,1,1,1,1,2,2,3,3,1,1.69,119,109,FALSE
Female,Loyal Customer,31,Personal Travel,Business,404,2,4,2,5,2,2,2,2,5,3,5,4,2,3.08,0,1,FALSE
Male,Loyal Customer,8,Personal Travel,Eco,488,5,1,5,3,2,5,4,2,4,4,4,4,2,3.46,0,0,TRUE
Female,Loyal Customer,40,Business Travel,Business,1613,2,3,3,3,3,2,2,4,4,4,2,4,1,2.85,0,9,FALSE
Female,Loyal Customer,42,Business Travel,Business,1086,2,2,2,2,4,5,5,5,5,5,5,4,4,3.85,6,0,TRUE
Female,Loyal Customer,35,Business Travel,Business,2856,0,4,0,4,2,4,5,3,3,3,3,3,4,2.92,0,0,TRUE
Female,Loyal Customer,59,Business Travel,Eco,399,3,1,1,1,1,2,2,3,3,3,3,2,2,2.08,0,0,FALSE
Male,Loyal Customer,34,Business Travel,Business,109,4,4,4,4,3,3,4,4,4,4,5,1,2,3.54,0,0,TRUE
Female,Loyal Customer,40,Business Travel,Business,1500,3,3,3,3,3,3,3,3,3,3,3,1,4,2.92,0,4,FALSE
Male,Loyal Customer,27,Personal Travel,Eco,128,4,1,0,2,1,0,1,1,1,2,2,3,1,1.46,0,0,FALSE
Female,Loyal Customer,32,Personal Travel,Eco,248,3,5,3,1,5,3,5,5,5,2,5,3,5,3.85,0,0,FALSE
Male,Loyal Customer,39,Business Travel,Business,406,5,5,5,5,2,5,5,4,4,4,4,1,3,4,0,0,TRUE
Male,Loyal Customer,26,Personal Travel,Eco,164,1,4,1,3,3,1,3,3,5,4,3,1,3,2.69,8,14,FALSE
Female,Disloyal Customer,25,Business Travel,Eco Plus,2381,4,0,4,1,5,4,5,5,5,1,3,5,5,3.62,2,10,FALSE
Male,Disloyal Customer,45,Business Travel,Eco,996,3,3,3,1,5,3,5,5,4,5,1,4,5,3.62,0,0,FALSE
Male,Loyal Customer,47,Business Travel,Business,3425,3,4,4,4,5,3,3,3,3,3,3,2,3,3.31,0,0,FALSE
Female,Disloyal Customer,25,Business Travel,Business,331,5,0,5,1,3,5,3,3,3,4,4,3,3,3.23,0,0,TRUE
Male,Disloyal Customer,28,Business Travel,Business,1118,2,2,2,3,2,3,3,2,2,2,3,3,3,2.46,119,151,FALSE
Female,Loyal Customer,17,Personal Travel,Eco,1076,4,4,5,3,2,5,2,2,5,4,4,3,2,3.46,0,33,FALSE
Male,Loyal Customer,36,Personal Travel,Eco,496,3,4,3,3,3,3,3,3,1,2,3,3,3,2.85,0,0,FALSE
Female,Loyal Customer,48,Business Travel,Business,229,2,1,2,2,2,4,4,5,5,5,5,5,3,3.46,0,0,TRUE
Female,Loyal Customer,48,Personal Travel,Eco,152,2,5,2,4,2,4,4,4,4,2,5,4,5,3.62,0,0,FALSE
Male,Loyal Customer,49,Business Travel,Business,986,1,1,1,1,3,5,5,5,5,5,5,4,4,3.46,8,0,TRUE
Female,Disloyal Customer,35,Business Travel,Eco,577,1,1,1,3,1,1,1,1,4,5,4,1,1,1.92,0,0,FALSE
Female,Loyal Customer,52,Business Travel,Business,630,4,4,4,4,3,4,5,4,4,4,4,3,3,3.85,0,0,TRUE
Female,Loyal Customer,36,Business Travel,Business,3365,1,1,1,1,4,4,4,3,2,3,4,4,4,2.77,5,5,TRUE
Female,Disloyal Customer,24,Business Travel,Eco,364,3,4,3,4,2,3,2,2,1,4,4,4,2,2.92,0,0,FALSE
Male,Loyal Customer,54,Personal Travel,Eco,631,5,3,5,1,5,5,5,5,1,1,4,1,5,3.54,0,0,TRUE
Male,Loyal Customer,33,Business Travel,Business,301,3,2,5,2,3,3,3,3,1,1,2,2,3,2.54,0,0,FALSE
Male,Disloyal Customer,22,Business Travel,Eco,1091,1,1,1,1,5,1,5,5,3,4,4,3,5,3,0,0,FALSE
Female,Loyal Customer,46,Business Travel,Business,737,4,4,4,4,3,4,5,4,4,4,4,3,4,3.92,0,10,TRUE
Male,Loyal Customer,27,Personal Travel,Eco,563,5,4,5,4,2,5,4,2,4,2,4,5,2,3.69,0,0,TRUE
Female,Loyal Customer,62,Personal Travel,Eco,150,2,5,2,4,5,4,5,3,3,2,3,4,3,3.46,0,0,FALSE
Male,Loyal Customer,47,Personal Travel,Eco,562,3,5,3,4,4,3,4,4,5,2,5,5,4,3.92,10,0,FALSE
Male,Loyal Customer,28,Business Travel,Business,1197,1,1,1,1,5,5,5,5,5,4,5,4,5,3.62,1,0,TRUE
Male,Loyal Customer,29,Business Travel,Business,748,2,5,3,5,2,1,2,2,4,2,3,2,2,2.69,0,0,FALSE
Female,Loyal Customer,39,Business Travel,Business,1062,2,2,2,2,5,4,2,3,3,4,3,2,2,2.77,0,0,TRUE
Male,Disloyal Customer,39,Business Travel,Eco,2367,1,1,1,3,2,1,3,2,4,3,3,3,2,2.23,45,42,FALSE
Male,Loyal Customer,41,Business Travel,Business,2521,1,1,1,1,3,3,3,3,3,5,4,3,3,2.62,142,137,TRUE
Female,Loyal Customer,43,Business Travel,Business,3585,4,2,4,4,5,4,4,4,4,3,4,3,5,3.85,0,0,TRUE
Male,Loyal Customer,42,Personal Travel,Eco,862,1,3,1,3,1,1,1,1,1,5,1,2,1,1.69,0,0,FALSE
Female,Loyal Customer,25,Business Travel,Business,3030,3,3,3,3,3,3,3,3,1,5,4,3,3,3.08,72,64,FALSE
Male,Loyal Customer,50,Personal Travel,Eco,550,2,2,2,4,3,2,3,3,1,1,3,4,3,2.54,9,14,FALSE
Female,Loyal Customer,41,Personal Travel,Eco,366,2,5,4,3,2,4,2,2,3,4,1,1,2,2.69,0,0,FALSE
Male,Loyal Customer,41,Personal Travel,Eco,545,2,1,3,3,5,3,5,5,4,1,3,2,5,3.23,8,0,FALSE
Male,Disloyal Customer,45,Business Travel,Eco,649,2,1,2,2,5,2,5,5,3,5,1,1,5,3,6,0,FALSE
Female,Disloyal Customer,20,Business Travel,Eco,201,3,3,3,4,4,3,4,4,2,1,3,4,4,3.23,0,0,FALSE
Female,Loyal Customer,62,Personal Travel,Eco,2556,2,5,2,1,2,4,4,3,3,5,5,4,4,3.38,32,31,FALSE
Male,Disloyal Customer,26,Business Travel,Eco,2089,2,1,1,4,5,2,1,5,3,1,2,4,5,2.77,0,0,FALSE
Female,Disloyal Customer,39,Business Travel,Business,594,3,3,3,3,2,3,2,2,5,4,5,5,2,3.23,0,0,FALSE
Male,Disloyal Customer,22,Business Travel,Eco,1175,4,4,4,1,1,4,1,1,4,5,4,4,1,2.92,18,22,FALSE
Female,Loyal Customer,60,Business Travel,Business,406,3,5,5,5,2,4,3,3,3,3,3,3,1,3.31,1,0,FALSE
Male,Disloyal Customer,22,Business Travel,Eco,488,3,5,3,3,2,3,2,2,3,2,4,3,2,2.85,70,53,FALSE
Male,Disloyal Customer,20,Business Travel,Eco,304,2,2,2,4,5,2,5,5,3,5,3,1,5,3.38,0,2,FALSE
Female,Loyal Customer,45,Business Travel,Business,2708,5,5,5,5,2,5,4,3,3,3,3,3,5,3.92,7,0,TRUE
Male,Disloyal Customer,33,Business Travel,Eco,143,2,0,2,5,4,2,3,4,3,3,4,5,4,3.15,0,0,FALSE
Female,Disloyal Customer,27,Business Travel,Eco,404,2,2,2,2,1,2,1,1,3,3,3,2,1,1.92,33,20,FALSE
Male,Loyal Customer,38,Personal Travel,Business,992,3,4,3,4,4,4,4,4,4,3,4,3,5,3.77,0,0,FALSE
Male,Loyal Customer,48,Business Travel,Eco,598,5,2,2,2,5,5,5,5,5,2,1,5,5,3.77,9,4,TRUE
Female,Loyal Customer,20,Personal Travel,Eco,459,1,5,1,3,4,1,5,4,3,3,5,5,4,3.38,0,0,FALSE
Female,Loyal Customer,65,Personal Travel,Eco,423,1,5,1,1,5,5,4,2,2,1,2,5,4,2.92,0,0,FALSE
Male,Loyal Customer,57,Business Travel,Business,214,1,1,1,1,2,5,4,5,5,5,4,4,4,3.23,0,0,TRUE
Male,Loyal Customer,45,Business Travel,Business,2691,5,5,5,5,1,5,2,4,4,4,4,1,4,3.77,0,0,TRUE
Female,Loyal Customer,14,Business Travel,Business,2373,5,5,5,5,4,4,4,4,4,2,5,3,4,4.15,0,0,TRUE
Female,Loyal Customer,41,Business Travel,Business,561,4,4,5,4,2,5,4,5,5,5,5,5,5,4.46,11,22,TRUE
Female,Loyal Customer,38,Business Travel,Eco Plus,748,5,5,5,5,5,5,5,5,2,2,5,1,5,4.23,44,65,TRUE
Male,Disloyal Customer,66,Business Travel,Eco,376,3,3,3,2,1,3,1,1,4,4,4,2,1,2.46,0,0,FALSE
Male,Loyal Customer,39,Business Travel,Business,2719,3,1,2,2,3,3,4,3,3,3,3,3,3,2.77,0,0,FALSE
Female,Loyal Customer,39,Business Travel,Business,308,3,3,3,3,3,4,4,3,3,3,3,4,1,3.08,23,15,FALSE
Male,Disloyal Customer,22,Business Travel,Eco,695,1,1,1,3,5,1,5,5,1,2,2,3,5,2.69,0,0,FALSE
Male,Loyal Customer,27,Personal Travel,Eco,534,2,4,2,1,4,2,4,4,3,5,5,3,4,3.31,0,0,FALSE
Male,Loyal Customer,46,Business Travel,Business,1379,3,3,3,3,2,4,5,4,4,4,4,5,5,3.77,7,2,TRUE
Female,Loyal Customer,31,Personal Travel,Eco,679,3,4,3,3,1,3,1,1,4,2,4,4,1,2.62,19,14,FALSE
Female,Loyal Customer,17,Personal Travel,Eco,83,2,4,0,2,2,0,2,2,3,5,5,5,2,2.62,0,0,FALSE
Male,Loyal Customer,37,Personal Travel,Eco Plus,2586,2,5,2,3,4,2,4,4,3,2,4,5,4,3.38,1,0,FALSE
Male,Loyal Customer,59,Business Travel,Eco,416,2,2,3,2,2,2,2,2,4,2,4,2,2,2.38,43,45,FALSE
Male,Loyal Customer,59,Personal Travel,Eco,719,1,4,1,5,2,1,5,2,5,3,5,3,2,3,16,30,FALSE
Male,Disloyal Customer,37,Business Travel,Eco Plus,197,1,1,1,4,1,1,1,1,2,4,3,3,1,1.85,0,0,FALSE
Female,Loyal Customer,33,Business Travel,Business,2000,4,4,4,4,3,4,4,3,3,4,3,3,4,3.62,48,25,TRUE
Male,Disloyal Customer,22,Business Travel,Eco,771,3,3,3,3,3,1,1,5,4,4,4,1,1,2.77,150,130,FALSE
Female,Loyal Customer,52,Personal Travel,Eco,345,3,4,3,3,5,4,4,4,4,3,4,3,4,3.69,39,26,FALSE
Male,Loyal Customer,30,Business Travel,Business,1744,5,5,5,5,4,4,4,4,4,2,4,5,4,4.23,0,0,TRUE
Female,Disloyal Customer,24,Business Travel,Business,204,5,0,5,4,4,5,4,4,3,4,4,5,4,3.92,0,3,TRUE
Female,Loyal Customer,39,Business Travel,Business,2068,3,5,3,3,5,5,4,4,4,4,4,5,4,4.08,0,0,TRUE
Male,Loyal Customer,53,Business Travel,Business,1440,4,3,1,3,2,4,3,4,4,4,4,1,3,3.08,15,0,FALSE
Female,Loyal Customer,38,Business Travel,Business,1843,5,5,5,5,5,2,5,4,4,4,4,2,5,4.23,0,0,TRUE
Male,Loyal Customer,21,Business Travel,Business,1174,5,5,5,5,4,4,4,4,1,3,3,5,4,4,2,0,TRUE
Female,Loyal Customer,40,Business Travel,Business,173,3,3,3,3,5,4,4,5,5,5,4,5,5,4.15,31,36,TRUE
Male,Loyal Customer,37,Business Travel,Eco Plus,191,5,3,4,3,5,5,5,5,2,2,5,4,5,4.08,0,13,TRUE
Male,Loyal Customer,48,Business Travel,Business,2650,1,1,1,1,4,4,5,5,5,5,5,3,4,3.38,0,0,TRUE
Female,Loyal Customer,23,Personal Travel,Eco,2079,3,4,3,2,3,5,5,4,5,5,5,5,5,4.15,183,181,FALSE
Female,Disloyal Customer,39,Business Travel,Business,321,2,2,2,3,3,2,3,3,3,4,4,3,3,2.85,22,15,FALSE
Male,Loyal Customer,42,Business Travel,Eco,990,1,0,0,3,5,1,5,5,4,3,2,2,5,2.77,0,17,FALSE
Male,Disloyal Customer,42,Business Travel,Eco,1327,4,4,4,4,1,4,5,1,4,3,3,1,1,3,7,6,FALSE
Female,Loyal Customer,54,Personal Travel,Eco,639,4,4,4,3,2,4,4,2,2,4,2,3,4,3.23,10,35,FALSE
Female,Loyal Customer,30,Business Travel,Business,3544,4,4,4,4,5,5,5,5,4,2,5,4,5,4.31,2,6,TRUE
Male,Loyal Customer,60,Business Travel,Eco Plus,331,4,3,2,3,4,4,4,4,3,4,3,3,4,3.46,2,0,TRUE
Male,Disloyal Customer,23,Business Travel,Eco,125,2,0,2,4,4,2,4,4,5,5,5,3,4,3.38,0,0,FALSE
Male,Loyal Customer,54,Business Travel,Business,2901,2,2,2,2,4,4,5,4,4,4,4,3,3,3.31,0,0,TRUE
Male,Disloyal Customer,17,Business Travel,Eco,707,4,4,4,3,5,4,5,5,2,4,3,2,5,3.85,52,65,FALSE
Male,Loyal Customer,36,Personal Travel,Eco,201,3,1,3,3,4,3,4,4,4,2,3,4,4,3.23,0,0,FALSE
Male,Loyal Customer,55,Personal Travel,Eco,1009,3,4,4,3,4,4,4,4,3,5,4,1,4,3.62,0,0,FALSE
Female,Loyal Customer,48,Business Travel,Business,3553,5,5,5,5,5,4,5,4,4,4,4,5,4,4.54,0,0,TRUE
Female,Disloyal Customer,22,Business Travel,Eco,1025,3,4,4,1,5,4,5,5,5,2,5,3,5,3.92,34,12,TRUE
Male,Loyal Customer,63,Business Travel,Business,2756,2,2,2,2,4,5,4,4,4,4,4,3,3,3.31,0,0,TRUE
Female,Loyal Customer,51,Business Travel,Eco,349,1,2,2,2,4,3,2,1,1,1,1,2,1,1.77,0,0,FALSE
Male,Loyal Customer,16,Business Travel,Eco,316,2,2,2,2,2,3,2,2,1,1,4,4,2,2.23,1,0,FALSE
Female,Loyal Customer,32,Business Travel,Business,2965,1,1,1,1,5,5,5,5,5,3,3,3,5,3.31,0,0,TRUE
Male,Loyal Customer,37,Business Travel,Business,997,1,1,1,1,5,5,5,4,4,4,4,4,3,3.23,0,0,TRUE
Female,Loyal Customer,53,Business Travel,Business,919,5,5,4,5,5,4,5,2,2,2,2,4,4,3.77,0,56,TRUE
Male,Loyal Customer,29,Business Travel,Eco,868,2,2,5,2,2,2,2,2,1,4,3,3,2,2.46,0,23,FALSE
Male,Loyal Customer,33,Business Travel,Business,2542,5,5,5,5,5,5,5,5,1,4,2,4,5,4.31,0,0,TRUE
Male,Loyal Customer,17,Business Travel,Business,1664,2,2,2,2,5,5,5,5,3,3,5,5,5,3.77,45,33,TRUE
Male,Loyal Customer,59,Business Travel,Business,226,1,1,1,1,3,4,5,5,5,5,5,5,4,3.46,0,0,TRUE
Female,Loyal Customer,14,Personal Travel,Business,1008,3,5,3,3,2,3,4,2,3,4,4,4,2,3.23,4,0,FALSE
Male,Loyal Customer,34,Business Travel,Business,1672,2,2,2,2,4,4,4,4,4,4,4,3,4,3.31,0,0,TRUE
Male,Loyal Customer,22,Business Travel,Business,345,0,0,0,2,2,2,2,2,3,3,5,5,2,2.15,21,10,TRUE
Female,Loyal Customer,38,Business Travel,Business,581,3,3,3,3,5,4,4,5,5,5,5,3,4,4,93,76,TRUE
Male,Loyal Customer,44,Business Travel,Business,2630,3,2,2,2,1,3,4,3,3,2,3,3,1,2.46,20,36,FALSE
Female,Loyal Customer,45,Business Travel,Business,431,2,2,2,2,5,4,5,4,4,4,4,5,3,3.54,0,25,TRUE
Male,Disloyal Customer,28,Business Travel,Business,646,5,5,5,2,2,5,2,2,4,4,4,4,2,3.54,0,0,TRUE
Female,Loyal Customer,51,Business Travel,Business,3589,3,3,3,3,4,4,4,4,4,4,4,5,4,3.77,0,0,TRUE
Male,Disloyal Customer,42,Business Travel,Eco,246,3,0,3,3,2,3,2,2,4,4,1,3,2,2.46,0,0,FALSE
Male,Loyal Customer,43,Business Travel,Eco,1448,5,4,4,4,5,5,5,5,1,3,5,5,5,4.31,0,0,TRUE
Female,Loyal Customer,42,Business Travel,Business,2172,4,4,3,4,4,5,5,4,4,4,4,4,4,4.08,0,0,TRUE
Male,Loyal Customer,43,Business Travel,Eco,191,5,2,2,2,5,5,5,5,3,3,5,1,5,3.69,12,4,TRUE
Female,Loyal Customer,43,Business Travel,Eco,441,2,3,3,3,5,5,3,2,2,2,2,1,3,2.77,106,110,TRUE
Male,Loyal Customer,43,Business Travel,Business,683,5,5,5,5,2,4,5,4,4,4,4,5,3,4.23,14,31,TRUE
Female,Loyal Customer,59,Business Travel,Eco,416,4,3,2,2,2,4,3,3,3,4,3,2,1,2.77,1,0,TRUE
Male,Loyal Customer,42,Business Travel,Eco,309,5,3,3,3,5,5,5,5,1,2,2,3,5,3.62,0,0,TRUE
Male,Loyal Customer,60,Personal Travel,Eco,679,2,4,2,4,3,2,3,3,2,2,3,2,3,2.69,0,0,FALSE
Male,Loyal Customer,46,Business Travel,Business,2565,1,1,2,1,4,5,5,3,5,4,5,5,5,3.54,13,9,TRUE
Female,Disloyal Customer,47,Business Travel,Eco,446,2,4,2,4,1,2,1,1,3,1,3,4,1,2.23,11,13,FALSE
Male,Disloyal Customer,29,Business Travel,Eco,722,4,4,4,3,5,4,5,5,3,3,3,1,5,3.77,19,24,FALSE
Male,Loyal Customer,51,Business Travel,Business,2110,1,1,1,1,2,3,4,4,4,4,4,3,5,2.85,3,8,TRUE
Male,Loyal Customer,15,Personal Travel,Eco,588,4,2,4,4,2,4,5,2,2,4,3,3,2,3.15,0,0,FALSE
Female,Loyal Customer,33,Personal Travel,Business,978,1,5,1,3,3,5,5,1,1,1,1,3,5,2.69,0,0,FALSE
Male,Loyal Customer,59,Personal Travel,Eco,912,5,5,5,3,5,5,5,5,4,3,5,5,5,4.62,0,0,TRUE
Female,Loyal Customer,50,Personal Travel,Eco Plus,861,1,4,1,3,5,4,4,5,5,1,1,5,4,3.31,28,25,FALSE
Male,Loyal Customer,37,Personal Travel,Eco,788,2,5,2,3,2,2,2,4,3,5,5,2,2,3,151,173,FALSE
Male,Loyal Customer,39,Business Travel,Business,1671,4,4,4,4,5,4,5,4,4,4,4,4,4,4.15,2,0,TRUE
Female,Loyal Customer,51,Personal Travel,Eco,297,5,1,5,4,1,4,3,1,1,5,1,1,2,2.62,0,0,TRUE
Female,Loyal Customer,48,Business Travel,Business,842,3,3,3,3,4,4,4,4,4,4,4,3,4,3.62,7,3,TRUE
Male,Disloyal Customer,17,Business Travel,Eco,251,3,5,3,1,3,3,3,3,1,1,5,4,3,2.92,0,0,FALSE
Male,Loyal Customer,41,Business Travel,Business,304,0,0,0,3,5,4,4,2,2,5,5,3,3,2.77,0,0,TRUE
Male,Loyal Customer,43,Business Travel,Business,2833,3,3,3,3,3,4,4,5,5,5,5,5,4,4,3,0,TRUE
Female,Loyal Customer,30,Business Travel,Business,1721,3,3,5,3,4,4,4,4,5,5,4,5,4,4.08,4,1,TRUE
Male,Disloyal Customer,16,Business Travel,Eco,544,5,0,5,4,3,5,3,3,2,2,4,5,3,3.38,0,0,TRUE
Female,Loyal Customer,26,Business Travel,Business,3657,3,3,3,3,4,4,4,4,4,5,4,4,4,3.77,5,8,TRUE
Female,Disloyal Customer,19,Business Travel,Eco Plus,1218,3,1,3,3,3,3,3,3,3,4,4,4,3,3.08,45,32,FALSE
Male,Loyal Customer,66,Personal Travel,Eco,236,3,3,3,2,2,3,2,2,1,1,2,5,2,2.38,0,0,FALSE
Female,Loyal Customer,15,Personal Travel,Eco,859,4,4,4,2,4,4,4,4,3,4,4,3,4,3.69,0,0,FALSE
Male,Loyal Customer,39,Business Travel,Business,1768,2,2,2,2,4,4,4,5,5,5,5,4,4,3.69,0,0,TRUE
Male,Loyal Customer,17,Business Travel,Business,704,2,2,2,2,2,2,2,2,4,2,5,5,2,2.62,0,0,TRUE
Male,Loyal Customer,26,Business Travel,Eco Plus,836,5,1,1,1,5,5,5,5,3,3,1,3,5,3.31,26,48,TRUE
Female,Loyal Customer,70,Personal Travel,Eco,296,3,2,3,3,2,2,2,5,5,3,2,1,3,2.77,0,0,FALSE
Male,Loyal Customer,33,Business Travel,Eco,329,5,4,2,2,5,4,5,5,2,4,4,2,5,3.77,49,37,TRUE
Female,Disloyal Customer,35,Business Travel,Eco,86,1,0,0,2,3,0,3,3,3,2,4,2,3,2,0,0,FALSE
Female,Loyal Customer,53,Personal Travel,Eco,129,2,0,0,3,4,4,5,2,2,0,2,3,3,2.31,16,16,FALSE
Male,Disloyal Customer,26,Business Travel,Eco,460,1,2,2,3,1,2,1,1,3,5,4,1,1,2.08,17,13,FALSE
Male,Loyal Customer,17,Business Travel,Business,854,4,4,1,4,5,5,5,5,4,5,2,4,5,4.08,0,0,TRUE
Female,Loyal Customer,41,Business Travel,Business,2153,2,3,3,3,1,3,4,2,2,2,2,2,2,2.38,0,0,FALSE
Female,Loyal Customer,39,Business Travel,Business,2001,2,2,2,2,4,5,4,4,4,5,4,3,5,3.54,27,19,TRUE
Male,Loyal Customer,48,Business Travel,Business,746,3,3,2,3,3,5,5,2,2,2,2,3,3,2.92,0,0,TRUE
Male,Loyal Customer,28,Business Travel,Eco Plus,89,0,0,0,4,3,0,3,3,3,5,2,1,3,2.08,0,0,TRUE
Female,Disloyal Customer,37,Business Travel,Eco,484,1,1,1,2,2,1,2,2,4,5,2,1,2,2,15,0,FALSE
Female,Loyal Customer,50,Business Travel,Business,1726,4,4,4,4,2,5,5,4,4,4,4,5,4,4.08,45,19,TRUE
Female,Loyal Customer,16,Personal Travel,Eco,670,1,5,1,5,3,1,3,3,3,4,4,3,3,3,14,4,FALSE
Male,Disloyal Customer,22,Business Travel,Eco,397,2,3,2,3,5,2,5,5,2,5,5,1,5,3.46,87,103,FALSE
Male,Loyal Customer,34,Business Travel,Business,3875,3,3,3,3,5,5,4,5,5,5,5,3,3,4,0,8,TRUE
Male,Loyal Customer,72,Business Travel,Eco Plus,346,1,3,3,3,1,1,1,1,2,3,3,1,1,1.85,94,102,FALSE
Female,Loyal Customer,56,Business Travel,Business,1846,5,5,5,5,3,3,4,2,2,3,2,5,3,3.62,8,14,TRUE
Female,Loyal Customer,17,Business Travel,Business,448,3,1,1,1,3,3,3,3,3,5,3,4,3,2.77,54,46,FALSE
Female,Loyal Customer,67,Personal Travel,Eco,2279,2,1,2,1,2,3,3,4,2,1,1,3,3,2.15,0,12,FALSE
Male,Disloyal Customer,27,Business Travel,Eco,641,3,3,3,4,3,3,3,3,3,2,3,2,3,2.92,0,0,FALSE
Female,Loyal Customer,44,Business Travel,Eco,1024,1,2,2,2,4,4,4,1,1,1,1,2,3,2.15,8,25,FALSE
Female,Loyal Customer,22,Business Travel,Business,397,4,5,1,1,4,4,4,4,3,4,3,1,4,3.23,21,9,FALSE
Female,Disloyal Customer,33,Business Travel,Eco,563,2,0,2,2,3,2,4,3,4,5,1,3,3,2.62,0,0,FALSE
Female,Disloyal Customer,44,Business Travel,Eco,674,4,4,4,2,4,4,4,4,5,3,5,1,4,3.69,0,0,FALSE
Male,Loyal Customer,20,Personal Travel,Eco,414,4,5,4,1,3,4,3,3,5,5,5,3,3,3.69,0,0,FALSE
Female,Disloyal Customer,33,Business Travel,Business,191,3,3,3,1,5,3,5,5,3,2,4,3,5,3.46,1,0,FALSE
Male,Loyal Customer,41,Business Travel,Business,1749,3,3,3,3,4,4,5,4,4,4,4,5,4,3.85,14,25,TRUE
Female,Loyal Customer,67,Personal Travel,Eco,1090,4,1,4,2,5,1,1,2,2,4,2,4,4,2.77,50,46,TRUE
Male,Loyal Customer,51,Business Travel,Business,323,3,3,3,3,3,5,4,5,5,4,5,5,4,4,0,0,TRUE
Female,Loyal Customer,59,Business Travel,Business,390,4,4,4,4,5,5,5,5,5,5,5,5,3,4.54,1,0,TRUE
Female,Loyal Customer,36,Business Travel,Eco,311,2,2,2,2,2,2,2,2,3,1,2,1,2,1.92,0,0,TRUE
Female,Disloyal Customer,41,Business Travel,Eco,2153,3,3,3,3,3,3,3,3,3,3,4,4,3,3.15,5,0,FALSE
Male,Loyal Customer,53,Business Travel,Business,2447,3,3,3,3,3,5,4,4,4,4,4,5,4,3.77,14,30,TRUE
Male,Loyal Customer,32,Business Travel,Business,1171,2,2,2,2,2,2,2,2,2,3,3,3,2,2.23,0,0,FALSE
Female,Loyal Customer,44,Personal Travel,Eco,950,4,5,4,3,1,5,5,4,4,4,4,2,3,3.69,0,93,FALSE
Female,Loyal Customer,46,Personal Travel,Eco,859,5,5,5,4,2,5,4,1,1,5,1,5,3,3.54,0,4,TRUE
Female,Disloyal Customer,20,Business Travel,Business,356,4,4,4,2,3,4,3,3,4,5,5,4,3,3.69,0,0,TRUE
Female,Loyal Customer,46,Business Travel,Business,371,1,3,2,2,4,2,2,1,1,1,1,1,1,1.69,0,0,FALSE
Male,Loyal Customer,21,Business Travel,Business,3753,3,3,3,3,5,4,5,5,3,2,4,5,5,3.85,0,0,TRUE
Female,Loyal Customer,60,Personal Travel,Eco Plus,404,2,3,2,3,5,2,5,4,4,2,4,1,3,3.08,0,0,FALSE
Female,Disloyal Customer,28,Business Travel,Eco,809,3,3,3,4,1,3,1,1,2,2,5,2,1,2.38,0,0,FALSE
Female,Disloyal Customer,7,Business Travel,Eco,1024,4,4,4,3,1,4,1,1,2,3,3,3,1,2.62,0,0,FALSE
Male,Loyal Customer,61,Personal Travel,Eco,809,3,3,3,4,4,3,4,4,1,2,1,4,4,3.08,82,70,FALSE
Male,Loyal Customer,36,Business Travel,Business,2410,1,1,1,1,5,1,5,4,4,4,3,3,5,2.92,36,31,TRUE
Male,Disloyal Customer,44,Business Travel,Eco,383,3,3,3,2,4,3,4,4,2,2,3,2,4,3,0,0,FALSE
Female,Loyal Customer,28,Business Travel,Business,2153,3,3,3,3,4,4,4,4,3,4,3,5,4,3.62,14,0,TRUE
Female,Loyal Customer,63,Business Travel,Eco Plus,337,1,4,4,4,2,4,4,1,1,1,1,4,3,2.62,0,0,FALSE
Female,Loyal Customer,69,Personal Travel,Eco,479,3,4,2,1,3,3,2,5,5,2,4,5,3,3.23,0,0,FALSE
Male,Loyal Customer,69,Personal Travel,Eco,733,3,4,3,3,1,3,1,1,1,5,5,4,1,2.69,0,0,FALSE
Male,Loyal Customer,9,Personal Travel,Eco,746,2,5,2,3,3,2,1,3,3,5,5,3,3,3.08,50,32,FALSE
Female,Loyal Customer,37,Business Travel,Eco,86,3,1,5,5,3,3,3,3,2,5,5,5,3,3.54,0,0,TRUE
Female,Loyal Customer,23,Personal Travel,Eco,1587,4,5,4,2,2,4,2,2,3,4,5,5,2,3.38,7,6,FALSE
Male,Loyal Customer,56,Business Travel,Business,3081,4,4,4,4,4,5,5,4,4,4,4,5,3,4.15,0,0,TRUE
Male,Loyal Customer,30,Business Travel,Eco Plus,871,1,0,0,3,5,0,5,5,1,3,4,1,5,2.54,45,41,FALSE
Male,Loyal Customer,29,Business Travel,Business,3610,1,1,1,1,5,5,5,5,5,4,4,4,5,3.54,3,0,TRUE
Male,Loyal Customer,12,Personal Travel,Eco,1055,1,5,1,5,1,2,2,4,5,5,5,2,2,3.08,259,232,FALSE
Male,Loyal Customer,47,Business Travel,Business,134,5,5,2,5,2,4,4,5,5,5,4,3,5,4.15,11,6,TRUE
Female,Loyal Customer,30,Business Travel,Business,2133,4,4,4,4,5,5,5,5,5,4,4,4,5,4.46,0,17,TRUE
Female,Loyal Customer,31,Business Travel,Business,3255,4,4,4,4,4,4,4,4,5,5,4,3,4,4.08,45,53,TRUE
Male,Loyal Customer,55,Business Travel,Business,1590,5,5,3,5,2,4,4,5,5,5,5,3,3,4.15,0,0,TRUE
Female,Loyal Customer,63,Personal Travel,Eco,936,2,4,2,2,4,4,5,2,2,2,2,5,3,3,7,4,FALSE
Female,Loyal Customer,45,Personal Travel,Eco,859,3,2,3,4,5,3,3,4,4,3,4,2,4,3.38,17,0,FALSE
Female,Loyal Customer,37,Business Travel,Eco,403,4,2,2,2,4,4,4,4,1,2,3,2,4,2.92,75,69,FALSE
Male,Loyal Customer,16,Personal Travel,Eco,1102,2,4,2,4,3,2,3,3,3,5,4,5,3,3.31,12,3,FALSE
Female,Loyal Customer,58,Business Travel,Business,3668,5,5,5,5,5,5,5,5,5,5,5,3,5,4.85,0,0,TRUE
Female,Loyal Customer,58,Business Travel,Eco Plus,1068,2,3,3,3,4,4,3,2,2,2,2,3,1,2.62,8,7,FALSE
Male,Loyal Customer,44,Business Travel,Business,564,5,5,5,5,4,5,2,4,4,4,4,4,3,4.15,0,0,TRUE
Male,Loyal Customer,13,Personal Travel,Eco,448,3,4,3,1,5,3,5,5,4,5,4,4,5,3.92,0,0,FALSE
Female,Loyal Customer,39,Personal Travel,Eco,67,5,4,5,1,5,5,5,5,4,2,5,5,5,4.31,2,4,TRUE
Male,Loyal Customer,11,Business Travel,Eco,1448,4,4,4,4,4,4,5,4,1,1,5,1,4,3.46,0,0,TRUE
Male,Loyal Customer,40,Business Travel,Business,3025,2,2,2,2,5,4,4,4,4,4,4,5,3,3.46,0,0,TRUE
Male,Loyal Customer,47,Business Travel,Business,3169,5,5,5,5,3,5,5,4,4,4,4,5,5,4.54,0,0,TRUE
Male,Loyal Customer,43,Business Travel,Business,223,1,3,4,3,2,2,3,2,2,2,1,3,1,2.23,68,124,FALSE
Female,Disloyal Customer,30,Business Travel,Eco Plus,585,1,2,2,3,5,2,5,5,2,5,4,4,5,3.46,59,81,FALSE
Female,Loyal Customer,55,Business Travel,Business,1199,5,5,5,5,2,5,5,2,2,2,2,3,4,3.62,1,0,TRUE
Male,Loyal Customer,59,Personal Travel,Eco,1222,3,5,3,4,2,3,2,2,5,2,3,5,2,3.15,0,0,FALSE
Male,Loyal Customer,30,Business Travel,Business,3066,1,1,1,1,4,4,4,4,2,1,5,1,4,2.54,0,0,TRUE
Female,Disloyal Customer,21,Business Travel,Business,594,5,0,4,4,3,4,3,3,5,4,5,4,3,3.62,0,0,TRUE
Female,Loyal Customer,42,Business Travel,Business,2945,1,1,3,1,5,4,5,5,5,5,5,5,4,3.77,6,5,TRUE
Male,Loyal Customer,41,Business Travel,Eco,851,1,5,5,5,1,1,1,1,2,1,4,4,1,2.46,43,56,FALSE
Female,Loyal Customer,53,Personal Travel,Eco,630,3,2,4,3,3,3,4,4,4,4,4,3,1,3.23,32,19,FALSE
Female,Loyal Customer,55,Business Travel,Business,530,1,1,3,1,5,4,5,5,5,5,5,5,4,3.77,0,0,TRUE
Male,Disloyal Customer,24,Business Travel,Business,283,5,5,5,4,4,5,4,4,5,3,5,3,4,4.31,2,14,TRUE
Female,Loyal Customer,26,Business Travel,Business,3333,3,3,1,3,5,5,5,5,2,1,1,5,5,3.38,0,0,TRUE
Male,Loyal Customer,37,Personal Travel,Eco,509,4,4,4,5,3,4,5,3,3,3,4,4,3,3.77,5,0,FALSE
Male,Disloyal Customer,23,Business Travel,Business,1145,4,0,4,2,1,4,1,1,3,2,5,4,1,2.46,0,0,TRUE
Male,Disloyal Customer,22,Business Travel,Eco,239,3,3,3,4,3,3,3,3,2,3,4,3,3,3.08,59,51,FALSE
Female,Loyal Customer,16,Personal Travel,Eco,603,2,4,2,3,2,2,2,2,5,4,4,4,2,2.92,0,0,FALSE
Male,Loyal Customer,34,Business Travel,Business,182,2,2,2,2,4,3,4,2,2,2,2,2,2,2.38,0,0,FALSE
Female,Loyal Customer,61,Personal Travel,Eco,550,4,5,5,3,2,4,4,3,3,5,3,5,3,3.77,0,0,TRUE
Female,Loyal Customer,27,Personal Travel,Eco,1005,3,4,3,2,5,3,5,5,3,3,4,4,5,3.77,0,0,FALSE
Female,Disloyal Customer,22,Business Travel,Eco,1235,2,2,2,4,4,2,4,4,2,1,4,2,4,2.85,0,0,FALSE
Female,Loyal Customer,33,Business Travel,Business,3699,3,3,3,3,4,3,3,3,3,3,3,4,3,3.15,14,15,FALSE
Female,Loyal Customer,21,Business Travel,Business,1947,4,4,4,4,4,4,4,4,5,5,5,4,4,4.23,74,65,TRUE
Female,Disloyal Customer,33,Business Travel,Business,719,2,2,2,1,1,2,1,1,4,3,4,4,1,2.15,0,0,FALSE
Male,Loyal Customer,66,Personal Travel,Eco,2370,4,4,4,3,4,4,4,3,3,5,4,4,4,3.85,43,162,TRUE
Male,Disloyal Customer,40,Business Travel,Eco,453,2,0,1,2,3,1,3,3,3,2,5,1,3,2.23,5,5,FALSE
Male,Loyal Customer,62,Personal Travel,Eco,164,4,3,4,3,4,4,4,4,1,3,4,3,4,3.46,0,0,FALSE
Male,Disloyal Customer,41,Business Travel,Eco,588,3,1,3,3,3,3,3,3,4,5,4,3,3,3.15,40,23,FALSE
Female,Loyal Customer,45,Business Travel,Business,1652,3,1,1,1,1,3,2,3,3,3,3,2,3,2.23,0,0,FALSE
Male,Loyal Customer,29,Business Travel,Business,2468,4,4,4,4,3,3,3,3,5,2,5,2,3,3.46,0,0,TRUE
Male,Loyal Customer,48,Personal Travel,Eco,762,4,5,5,2,4,5,4,4,4,4,4,3,4,4,54,34,TRUE
Male,Loyal Customer,15,Personal Travel,Eco,2358,3,5,3,2,3,3,3,4,5,4,5,3,3,3.54,27,37,FALSE
Male,Loyal Customer,40,Business Travel,Business,2822,1,1,1,1,3,4,4,5,5,5,4,4,5,3.31,0,0,TRUE
Female,Loyal Customer,48,Business Travel,Business,1400,3,3,2,3,4,5,4,2,2,2,2,4,3,3,0,0,TRUE
Male,Loyal Customer,69,Personal Travel,Eco,526,0,4,0,4,1,0,1,1,3,4,5,5,1,2.23,14,0,TRUE
Female,Loyal Customer,45,Business Travel,Eco,599,4,5,5,5,5,4,3,4,4,4,4,2,2,3.92,0,0,TRUE
Male,Loyal Customer,36,Personal Travel,Eco,748,1,5,1,2,4,1,4,4,4,4,5,3,4,3.23,0,0,FALSE
Male,Disloyal Customer,23,Business Travel,Eco,628,4,4,4,3,2,4,2,2,2,1,3,1,2,2.62,0,0,TRUE
Female,Loyal Customer,64,Personal Travel,Eco,432,1,5,2,2,1,4,1,4,4,2,4,3,4,2.85,12,12,FALSE
Male,Loyal Customer,52,Business Travel,Business,750,2,2,2,2,2,5,4,4,4,4,4,3,4,3.23,0,6,TRUE
Male,Loyal Customer,31,Business Travel,Business,2355,3,3,4,3,5,5,5,4,4,3,2,5,5,3.92,0,5,TRUE
Female,Loyal Customer,49,Business Travel,Eco,205,1,5,5,5,4,1,1,1,1,1,1,4,2,2.46,21,7,FALSE
Female,Loyal Customer,49,Business Travel,Eco,207,5,4,4,4,2,1,3,5,5,5,5,1,2,3.54,0,0,TRUE
Female,Loyal Customer,17,Personal Travel,Eco,304,3,5,3,3,5,3,5,5,5,2,5,4,5,4.08,1,0,FALSE
Male,Loyal Customer,38,Business Travel,Business,2880,1,1,1,1,1,1,2,5,5,5,5,4,2,2.62,0,6,TRUE
Male,Loyal Customer,53,Business Travel,Business,3680,5,5,5,5,2,5,5,4,4,4,5,5,4,4.46,21,20,TRUE
Female,Disloyal Customer,18,Business Travel,Eco,1111,5,5,5,2,4,5,4,4,5,2,5,1,4,3.92,39,52,TRUE
Female,Disloyal Customer,34,Business Travel,Eco,507,2,2,2,4,3,2,3,3,3,1,3,4,3,2.69,0,15,FALSE
Female,Loyal Customer,44,Business Travel,Business,2500,1,1,1,1,3,4,4,5,5,5,5,5,3,3.31,22,12,TRUE
Female,Loyal Customer,41,Business Travel,Business,3612,1,1,1,1,4,5,4,3,3,4,3,3,5,2.92,0,0,TRUE
Male,Loyal Customer,64,Personal Travel,Eco,1670,4,1,4,4,1,4,1,1,2,4,2,3,1,2.46,0,0,FALSE
Male,Loyal Customer,33,Business Travel,Business,2690,5,1,5,5,2,2,2,2,2,3,2,1,2,2.62,35,38,TRUE
Female,Loyal Customer,17,Personal Travel,Eco,222,2,1,2,4,4,2,4,4,3,2,4,2,4,2.92,0,0,FALSE
Female,Loyal Customer,24,Personal Travel,Eco Plus,643,2,4,1,1,1,1,1,1,5,5,4,3,1,2.31,0,2,FALSE
Male,Loyal Customer,50,Business Travel,Business,986,3,3,1,3,4,4,4,4,5,4,4,4,4,3.62,186,,TRUE
Female,Loyal Customer,39,Personal Travel,Eco,365,3,4,3,5,5,3,1,5,5,2,5,4,5,3.85,0,0,FALSE
Male,Disloyal Customer,27,Business Travel,Business,109,3,3,3,1,1,3,1,1,3,2,4,4,1,2.31,0,0,FALSE
Female,Loyal Customer,32,Business Travel,Eco,300,5,2,2,2,5,5,5,5,4,4,2,4,5,3.85,28,21,TRUE
Female,Loyal Customer,39,Business Travel,Business,1514,1,1,1,1,4,5,4,4,4,4,4,3,5,3.15,0,0,TRUE
Male,Loyal Customer,15,Business Travel,Business,651,5,5,5,5,5,5,5,5,4,4,3,5,5,4.69,0,0,TRUE
Female,Disloyal Customer,25,Business Travel,Eco,236,1,1,1,4,5,1,5,5,4,5,3,2,5,3.23,0,0,FALSE
Female,Loyal Customer,25,Personal Travel,Eco,304,2,5,2,3,3,2,3,3,4,2,5,5,3,3.23,0,0,FALSE
Female,Disloyal Customer,44,Business Travel,Eco,2300,1,1,1,3,2,1,2,2,1,5,5,3,2,2.23,17,0,FALSE
Female,Loyal Customer,36,Personal Travel,Eco,1726,2,5,2,1,5,2,5,5,2,4,3,2,5,3.31,0,0,FALSE
Male,Loyal Customer,62,Personal Travel,Eco Plus,599,2,3,2,3,4,2,4,4,4,1,3,1,4,2.85,0,0,FALSE
Male,Loyal Customer,29,Personal Travel,Eco,192,4,5,4,3,5,4,5,5,5,4,3,2,5,4.15,15,8,FALSE
Female,Disloyal Customer,39,Business Travel,Business,1605,3,3,3,3,3,3,3,3,2,5,3,1,3,2.92,0,0,FALSE
Female,Loyal Customer,70,Personal Travel,Eco,925,3,4,3,2,4,4,5,5,5,3,5,5,4,4,9,24,FALSE
Female,Loyal Customer,48,Business Travel,Business,3076,2,2,2,2,2,5,5,5,5,4,5,5,4,3.69,62,40,TRUE
Male,Loyal Customer,50,Personal Travel,Eco,402,4,4,3,3,3,3,3,3,4,4,4,1,3,3.23,30,18,FALSE
Female,Loyal Customer,40,Business Travel,Business,1979,1,1,5,1,2,4,5,4,4,4,4,4,5,3.38,0,0,TRUE
Male,Loyal Customer,35,Personal Travel,Eco,2419,3,3,3,4,4,3,4,4,1,5,4,4,4,3.54,18,0,FALSE
Female,Loyal Customer,29,Business Travel,Eco Plus,491,0,0,0,1,1,0,1,1,3,4,5,3,1,1.54,6,0,TRUE
Female,Loyal Customer,44,Personal Travel,Eco Plus,545,1,4,3,2,1,1,4,2,2,3,2,5,5,2.69,0,0,FALSE
Male,Disloyal Customer,21,Business Travel,Business,332,4,0,4,2,5,4,5,5,4,2,4,5,5,3.77,41,27,TRUE
Female,Loyal Customer,29,Personal Travel,Eco,1037,3,5,3,4,4,3,4,4,5,5,4,3,4,3.92,7,2,FALSE
Female,Loyal Customer,63,Personal Travel,Eco,895,1,4,2,3,4,5,4,4,4,2,4,5,5,3.62,1,0,FALSE
Male,Loyal Customer,16,Personal Travel,Eco,285,2,4,2,1,1,2,1,1,3,3,4,4,1,2.23,0,0,FALSE
Male,Loyal Customer,41,Business Travel,Business,1337,1,1,2,1,4,4,4,4,4,4,4,4,3,3.08,0,0,TRUE
Male,Loyal Customer,48,Business Travel,Business,1665,4,4,4,4,1,3,5,3,3,4,5,3,5,3.69,22,7,TRUE
Male,Loyal Customer,45,Business Travel,Business,3067,2,2,2,2,5,5,5,4,4,4,4,4,3,3.54,0,0,TRUE
Female,Loyal Customer,25,Business Travel,Business,3135,3,5,5,5,3,2,3,3,4,3,2,4,3,3.46,0,0,FALSE
Male,Loyal Customer,22,Personal Travel,Business,631,3,5,3,1,2,3,2,2,3,4,4,4,2,2.92,0,0,FALSE
Female,Loyal Customer,42,Business Travel,Eco,814,5,1,1,1,2,1,5,5,5,5,5,2,2,3.08,6,0,TRUE
Male,Loyal Customer,43,Business Travel,Business,2342,3,3,3,3,5,5,5,4,4,5,4,5,5,4.15,5,19,TRUE
Male,Loyal Customer,61,Personal Travel,Eco,1558,4,4,4,3,2,4,5,2,3,2,4,3,2,3.23,6,3,TRUE
Female,Loyal Customer,58,Business Travel,Business,3634,5,5,5,5,2,4,5,5,5,5,5,3,3,4.38,0,0,TRUE
Female,Loyal Customer,8,Personal Travel,Eco Plus,999,1,4,1,4,4,1,4,4,4,1,4,2,4,2.92,5,11,FALSE
Male,Loyal Customer,49,Business Travel,Business,2928,1,2,1,1,4,5,5,4,4,4,4,5,3,3.31,27,22,TRUE
Male,Loyal Customer,53,Business Travel,Business,2989,1,1,1,1,5,5,5,2,2,2,2,3,3,2.54,11,1,TRUE
Female,Loyal Customer,19,Business Travel,Eco Plus,1222,5,1,1,1,5,5,5,5,1,4,5,1,5,3.38,0,0,TRUE
Female,Loyal Customer,7,Personal Travel,Eco,190,2,3,0,2,2,0,2,2,5,2,4,2,2,2.15,6,0,FALSE
Female,Loyal Customer,37,Personal Travel,Eco,247,3,5,3,2,3,3,3,3,5,5,4,3,3,3.46,0,0,FALSE
Male,Loyal Customer,27,Personal Travel,Eco Plus,867,2,3,2,1,2,2,2,2,4,4,4,1,2,2.38,0,0,FALSE
Female,Loyal Customer,7,Personal Travel,Eco,458,2,3,2,2,2,2,2,2,1,2,2,4,2,2.15,30,37,FALSE
Female,Loyal Customer,67,Personal Travel,Eco,462,5,5,5,4,5,5,5,5,5,5,5,4,5,4.85,0,0,TRUE
Male,Loyal Customer,42,Business Travel,Business,3043,3,3,3,3,5,4,5,4,4,5,4,5,5,4.08,2,0,TRUE
Male,Loyal Customer,50,Business Travel,Business,2924,5,5,5,5,5,5,4,5,5,5,5,4,5,4.85,0,0,TRUE
Male,Loyal Customer,48,Personal Travel,Eco,728,2,4,2,2,4,2,4,4,1,4,4,3,4,3.08,0,0,FALSE
Female,Loyal Customer,41,Business Travel,Business,1389,4,4,4,4,5,4,5,4,4,4,4,5,4,4.23,0,4,TRUE
Male,Disloyal Customer,23,Business Travel,Eco,770,4,4,4,3,3,4,3,3,3,1,3,4,3,3.23,0,0,FALSE
Female,Loyal Customer,28,Business Travel,Business,1947,1,1,1,1,3,4,3,3,3,2,5,3,3,2.54,1,0,TRUE
Female,Loyal Customer,39,Business Travel,Business,2477,3,3,3,3,2,4,5,5,5,5,4,5,5,4,7,7,TRUE
Female,Disloyal Customer,42,Business Travel,Eco,366,2,2,2,3,1,2,1,1,1,5,4,2,1,2.08,0,0,FALSE
Female,Loyal Customer,23,Business Travel,Eco,483,3,1,1,1,3,3,1,3,1,2,3,4,3,2.23,0,0,FALSE
Female,Disloyal Customer,32,Business Travel,Business,248,3,3,3,3,1,3,1,1,5,4,4,3,1,2.69,31,29,FALSE
Female,Loyal Customer,32,Business Travel,Eco,1558,2,4,4,4,2,2,2,2,4,2,3,4,2,2.85,52,25,FALSE
Male,Loyal Customer,28,Business Travel,Eco,594,4,4,4,4,4,4,4,4,1,2,3,1,4,3.31,42,15,FALSE
Female,Loyal Customer,36,Business Travel,Business,2675,1,1,1,1,3,1,4,3,3,3,3,1,4,2.23,1,0,TRUE
Male,Disloyal Customer,14,Business Travel,Eco,1188,1,1,1,3,2,1,2,2,5,3,4,3,2,2.31,0,0,FALSE
Male,Loyal Customer,42,Business Travel,Business,1812,3,3,3,3,4,4,4,5,5,5,5,5,5,4.15,0,0,TRUE
Male,Loyal Customer,56,Personal Travel,Eco,224,1,5,0,1,4,0,4,4,4,2,5,4,4,2.92,42,46,FALSE
Female,Loyal Customer,11,Personal Travel,Eco,850,4,5,4,1,3,4,3,3,3,3,4,5,3,3.46,0,19,FALSE
Male,Loyal Customer,44,Business Travel,Business,3781,3,3,3,3,3,5,5,5,5,5,5,5,5,4.23,0,14,TRUE
Male,Loyal Customer,47,Business Travel,Business,1957,5,5,5,5,1,4,1,3,3,3,3,2,5,3.46,0,3,TRUE
Male,Disloyal Customer,20,Business Travel,Eco,293,2,5,2,4,2,2,2,2,3,5,5,3,2,3,10,11,FALSE
Female,Loyal Customer,24,Business Travel,Eco Plus,259,2,4,4,4,2,2,3,2,1,2,3,1,2,2.46,0,0,FALSE
Female,Disloyal Customer,8,Business Travel,Eco,1009,4,4,4,3,3,4,3,3,2,2,4,2,3,3.15,0,0,FALSE
Male,Loyal Customer,19,Personal Travel,Eco,728,3,5,4,3,2,4,2,2,1,4,2,3,2,2.85,0,17,FALSE
Female,Loyal Customer,59,Personal Travel,Eco,293,4,5,4,1,3,5,5,1,1,4,4,3,5,3.46,42,26,FALSE
Male,Loyal Customer,54,Business Travel,Business,3758,5,5,5,5,3,5,4,4,4,4,4,4,5,4.38,43,37,TRUE
Male,Loyal Customer,13,Personal Travel,Eco,292,4,5,4,3,1,4,3,1,3,2,5,3,1,3,0,0,TRUE
Female,Loyal Customer,37,Business Travel,Eco,197,2,5,5,5,2,2,2,2,1,3,3,3,2,2.85,3,11,FALSE
Male,Disloyal Customer,23,Business Travel,Business,516,5,0,5,3,4,5,2,4,5,2,5,5,4,3.77,0,0,TRUE
Male,Disloyal Customer,49,Business Travel,Business,646,4,4,4,3,5,4,5,5,4,4,4,5,5,4.31,5,5,TRUE
Male,Loyal Customer,37,Business Travel,Eco Plus,574,4,4,4,4,4,4,4,4,5,4,4,1,4,3.85,5,5,TRUE
Male,Loyal Customer,53,Business Travel,Eco,690,1,0,0,3,3,1,3,3,4,5,3,4,3,2.54,0,0,FALSE
Female,Loyal Customer,12,Personal Travel,Eco Plus,1027,2,5,2,1,3,2,3,3,4,2,4,4,3,2.92,17,0,FALSE
Male,Loyal Customer,36,Business Travel,Business,3403,2,5,4,4,4,3,3,4,4,3,2,1,4,3.31,0,0,FALSE
Male,Disloyal Customer,30,Business Travel,Eco,867,1,1,1,3,1,1,1,1,2,4,1,4,1,1.69,3,16,FALSE
Male,Loyal Customer,22,Personal Travel,Eco,594,4,4,4,3,2,4,2,2,4,2,4,4,2,3.15,2,0,FALSE
Female,Loyal Customer,38,Personal Travel,Eco,854,3,4,3,1,3,3,3,3,5,3,5,4,3,3.31,0,0,FALSE
Female,Loyal Customer,45,Business Travel,Business,420,2,2,2,2,1,1,4,5,5,5,5,3,2,3,27,22,TRUE
Male,Loyal Customer,45,Business Travel,Business,1107,3,5,5,5,3,3,3,3,3,3,3,1,4,3.38,0,0,FALSE
Female,Loyal Customer,46,Personal Travel,Eco,992,1,2,1,1,1,2,2,4,4,1,2,2,1,1.85,28,46,FALSE
Male,Loyal Customer,39,Business Travel,Eco,2442,4,1,2,1,5,4,4,2,4,4,5,4,4,3.38,5,18,TRUE
Male,Disloyal Customer,25,Business Travel,Business,533,1,2,1,2,4,1,4,4,1,1,2,4,4,2.38,17,12,FALSE
Female,Loyal Customer,44,Personal Travel,Eco,1123,1,4,1,4,5,4,5,3,3,1,4,4,5,3.38,21,0,FALSE
Male,Loyal Customer,48,Business Travel,Business,3702,1,1,4,1,2,3,4,5,5,5,4,2,5,3.23,0,0,TRUE
Female,Loyal Customer,33,Personal Travel,Eco,1171,2,5,2,3,3,2,3,3,5,2,5,4,3,3.23,0,0,FALSE
Male,Disloyal Customer,29,Business Travel,Business,591,0,0,0,2,3,0,3,3,3,5,5,3,3,2.31,0,2,TRUE
Male,Loyal Customer,23,Personal Travel,Eco,515,1,4,3,1,1,3,1,1,3,3,5,4,1,2.38,17,4,FALSE
Male,Loyal Customer,57,Business Travel,Business,3282,5,5,4,5,2,5,4,5,5,5,5,5,4,4.54,0,0,TRUE
Female,Loyal Customer,47,Personal Travel,Eco,163,0,1,0,1,5,2,1,5,5,0,5,2,2,2.23,40,48,TRUE
Female,Disloyal Customer,42,Business Travel,Eco,950,2,1,1,2,5,1,3,5,2,5,3,2,5,2.85,5,27,FALSE
Male,Loyal Customer,44,Business Travel,Business,1011,3,3,3,3,4,5,5,4,4,4,4,5,4,3.92,5,1,TRUE
Male,Loyal Customer,33,Business Travel,Business,967,3,2,3,3,5,5,5,5,3,5,5,3,5,4,17,23,TRUE
Female,Loyal Customer,42,Personal Travel,Eco,83,2,5,2,4,4,5,5,2,2,2,2,5,3,3.31,0,7,FALSE
Male,Disloyal Customer,27,Business Travel,Eco,1635,4,4,4,4,4,4,4,4,1,3,3,2,4,3.46,6,8,FALSE
Male,Loyal Customer,44,Business Travel,Business,3723,5,5,5,5,4,4,4,5,5,5,5,4,3,4.54,1,0,TRUE
Female,Loyal Customer,44,Personal Travel,Eco,925,1,5,1,3,3,5,4,5,5,1,5,2,4,3.38,47,33,FALSE
Female,Loyal Customer,43,Business Travel,Business,2644,3,4,4,4,3,2,3,3,3,3,3,4,1,3.08,6,18,FALSE
Male,Loyal Customer,46,Personal Travel,Eco,2588,2,5,2,1,2,5,5,3,2,4,1,5,5,3.23,0,27,FALSE
Female,Loyal Customer,32,Personal Travel,Eco,438,2,5,2,3,4,2,4,4,5,4,5,3,4,3.62,0,0,FALSE
Female,Loyal Customer,47,Personal Travel,Eco,1205,2,5,2,1,3,5,5,4,4,2,4,4,4,3.46,30,35,FALSE
Male,Loyal Customer,63,Personal Travel,Eco Plus,238,3,4,3,4,3,3,3,3,4,4,4,4,3,3.46,0,0,FALSE
Female,Loyal Customer,40,Personal Travel,Eco,399,3,3,3,4,4,3,4,4,1,3,1,3,4,3.08,14,21,FALSE
Male,Loyal Customer,37,Business Travel,Business,282,3,3,3,3,4,4,5,4,4,4,4,3,3,3.62,12,10,TRUE
Female,Loyal Customer,44,Personal Travel,Eco,547,2,4,2,3,3,3,2,3,3,2,2,4,5,2.92,0,0,FALSE
Female,Loyal Customer,47,Personal Travel,Business,304,4,4,4,5,4,4,5,1,1,4,1,3,5,3.46,0,0,TRUE
Male,Loyal Customer,53,Business Travel,Business,302,3,3,3,3,1,3,3,4,4,4,4,5,1,3.15,5,2,TRUE
Male,Loyal Customer,50,Business Travel,Business,429,3,3,3,3,5,3,1,4,4,4,4,5,3,3.46,0,0,TRUE
Male,Loyal Customer,58,Business Travel,Business,549,4,4,4,4,4,5,5,5,5,5,5,4,5,4.54,0,0,TRUE
Male,Loyal Customer,41,Business Travel,Eco Plus,2402,4,2,2,2,4,4,4,4,2,4,2,2,4,3.08,0,1,FALSE
Male,Loyal Customer,44,Business Travel,Business,1850,2,2,2,2,5,4,4,2,2,3,2,5,5,3.08,0,0,TRUE
Male,Loyal Customer,45,Personal Travel,Eco,1197,3,5,3,3,1,3,1,1,3,3,5,5,1,2.85,0,15,FALSE
Female,Loyal Customer,13,Personal Travel,Eco,1747,2,1,2,4,1,2,1,1,3,2,2,3,1,1.92,28,16,FALSE
Female,Loyal Customer,50,Business Travel,Business,488,2,2,2,2,3,5,5,4,4,4,4,4,5,3.54,0,0,TRUE
Female,Loyal Customer,49,Personal Travel,Eco Plus,2358,2,4,2,5,2,2,2,3,4,5,4,2,2,3,0,2,FALSE
Male,Loyal Customer,33,Business Travel,Eco,253,4,4,4,4,4,3,4,4,3,3,3,1,4,3.46,9,3,FALSE
Male,Loyal Customer,45,Business Travel,Business,1747,3,3,3,3,4,5,4,4,4,5,4,3,4,3.77,0,0,TRUE
Male,Loyal Customer,58,Business Travel,Business,3293,3,3,3,3,4,4,5,5,5,4,5,5,4,4.08,0,0,TRUE
Male,Loyal Customer,39,Business Travel,Eco Plus,216,4,5,5,5,4,4,4,4,3,2,1,4,4,3.77,0,2,TRUE
Male,Loyal Customer,43,Business Travel,Business,963,4,4,4,4,3,5,4,4,4,4,4,4,1,3.77,2,3,TRUE
Male,Loyal Customer,44,Business Travel,Business,1091,4,4,4,4,5,4,4,3,3,3,3,4,4,3.77,0,0,TRUE
Male,Loyal Customer,32,Business Travel,Business,101,3,2,3,3,4,5,5,4,2,3,3,5,4,3.54,0,1,TRUE
Female,Loyal Customer,34,Business Travel,Eco,371,1,4,4,4,1,1,1,1,3,3,2,3,1,2.23,0,0,FALSE
Male,Loyal Customer,37,Business Travel,Business,216,4,4,4,4,3,4,1,5,5,5,4,1,4,3.69,0,0,TRUE
Male,Loyal Customer,46,Personal Travel,Eco,366,1,4,1,2,3,1,1,3,1,1,2,3,3,2,0,0,FALSE
Female,Disloyal Customer,36,Business Travel,Business,516,4,4,4,3,4,4,4,4,2,5,4,2,4,3.69,1,7,FALSE
Female,Loyal Customer,27,Business Travel,Business,1666,1,1,1,1,3,3,3,3,4,2,3,1,3,2.23,65,46,TRUE
Female,Disloyal Customer,24,Business Travel,Eco,2296,3,3,3,3,2,3,2,2,4,1,4,2,2,2.62,0,0,FALSE
Male,Loyal Customer,41,Business Travel,Business,3906,3,3,3,3,4,4,4,4,4,4,4,5,5,3.85,0,0,TRUE
Male,Disloyal Customer,16,Business Travel,Eco,641,3,0,3,1,5,3,5,5,4,2,4,5,5,3.46,27,18,FALSE
Male,Loyal Customer,50,Business Travel,Business,679,3,1,1,1,3,3,3,1,1,3,4,3,3,2.31,134,132,FALSE
Female,Disloyal Customer,26,Business Travel,Business,307,3,0,3,2,1,3,1,1,5,2,4,4,1,2.31,25,20,FALSE
Male,Loyal Customer,33,Personal Travel,Eco,1444,4,5,4,1,1,4,1,1,4,2,5,5,1,2.92,67,61,FALSE
Female,Loyal Customer,61,Business Travel,Business,435,3,3,3,3,5,4,5,5,5,4,5,4,3,4,0,0,TRUE
Female,Loyal Customer,67,Business Travel,Eco,1089,3,5,5,5,3,3,4,4,4,3,4,4,4,3.92,0,0,FALSE
Male,Loyal Customer,64,Personal Travel,Eco,781,1,3,1,4,2,1,2,2,1,3,4,1,2,2.08,0,0,FALSE
Female,Loyal Customer,49,Business Travel,Business,3374,2,2,2,2,2,4,5,3,3,2,3,3,5,2.92,1,0,TRUE
Female,Loyal Customer,40,Business Travel,Eco,404,4,4,1,4,4,4,4,4,3,1,2,1,4,3.08,32,26,TRUE
Male,Loyal Customer,53,Personal Travel,Eco,1598,2,2,2,2,4,2,4,4,1,5,1,4,4,2.85,0,3,FALSE
Female,Loyal Customer,49,Business Travel,Business,590,3,3,3,3,5,5,4,3,3,4,3,3,4,3.54,0,0,TRUE
Male,Loyal Customer,41,Personal Travel,Eco Plus,602,2,2,2,3,2,2,4,2,1,4,4,3,2,2.54,0,0,FALSE
Male,Loyal Customer,67,Business Travel,Eco,351,2,2,2,2,2,2,2,2,4,3,4,2,2,2.38,0,0,FALSE
Male,Loyal Customer,42,Personal Travel,Business,764,4,4,3,2,4,5,5,2,2,3,3,5,5,3.62,0,0,FALSE
Male,Loyal Customer,26,Business Travel,Business,3829,2,2,4,2,5,5,5,5,3,3,4,5,5,3.85,0,0,TRUE
Female,Loyal Customer,51,Business Travel,Eco,95,5,2,4,2,2,5,4,5,5,5,5,3,2,3.77,0,0,TRUE
Male,Loyal Customer,52,Business Travel,Eco Plus,680,1,2,2,2,1,1,1,1,4,3,4,1,1,1.85,37,67,FALSE
Male,Loyal Customer,50,Business Travel,Business,3824,2,2,2,2,5,5,4,5,5,5,5,3,5,3.85,23,45,TRUE
Male,Loyal Customer,37,Personal Travel,Eco,452,1,1,1,3,2,1,2,2,4,4,4,4,2,2.38,15,7,FALSE
Female,Disloyal Customer,29,Business Travel,Eco,1215,3,3,3,4,2,3,2,2,5,4,5,5,2,3.31,62,,FALSE
Female,Loyal Customer,54,Business Travel,Business,2509,4,4,4,4,3,5,4,5,5,5,4,4,4,4.23,0,3,TRUE
Female,Loyal Customer,48,Personal Travel,Eco,370,3,2,3,3,5,3,4,3,3,3,3,3,2,3.08,0,0,FALSE
Male,Loyal Customer,24,Personal Travel,Eco,2446,3,0,3,5,2,3,2,2,4,3,5,3,2,2.85,3,0,FALSE
Female,Loyal Customer,31,Business Travel,Business,3206,5,5,5,5,4,4,4,4,4,3,4,3,4,4.15,0,0,TRUE
Male,Loyal Customer,43,Business Travel,Business,2741,1,5,5,5,5,3,3,1,1,1,1,4,1,2.77,28,2,FALSE
Male,Disloyal Customer,23,Business Travel,Eco,539,2,5,2,5,5,2,5,5,4,5,3,1,5,3.77,0,0,FALSE
Female,Disloyal Customer,27,Business Travel,Eco Plus,226,0,0,0,3,1,0,1,1,3,1,1,5,1,1.31,0,0,TRUE
Male,Loyal Customer,31,Business Travel,Business,3021,4,2,2,2,4,4,4,4,3,2,4,4,4,3.31,46,48,FALSE
Male,Loyal Customer,33,Personal Travel,Eco,1303,4,4,3,2,2,3,2,2,5,2,4,5,2,3.08,0,0,TRUE
Female,Loyal Customer,47,Business Travel,Business,325,0,0,0,1,2,5,5,2,2,2,2,3,4,2.15,97,101,TRUE
Female,Loyal Customer,56,Business Travel,Eco,668,3,3,1,1,3,3,3,3,3,3,3,1,1,2.38,0,6,FALSE
Male,Disloyal Customer,28,Business Travel,Eco,468,2,1,2,3,1,2,1,1,4,4,4,1,1,2.08,0,0,FALSE
Male,Loyal Customer,55,Business Travel,Business,3142,1,1,4,1,3,2,5,4,4,4,4,4,1,2.92,0,0,TRUE
Male,Loyal Customer,47,Business Travel,Business,883,4,4,4,4,4,4,4,2,2,2,2,5,4,3.46,24,20,TRUE
Female,Loyal Customer,37,Personal Travel,Eco,1235,1,3,1,4,2,1,5,2,4,4,3,2,2,2.62,10,0,FALSE
Male,Loyal Customer,41,Business Travel,Eco,86,4,4,4,4,4,4,4,4,2,2,1,4,4,3.46,2,9,TRUE
Female,Disloyal Customer,28,Business Travel,Eco,704,3,3,3,4,2,3,2,2,3,5,3,4,2,3,1,0,FALSE
Female,Loyal Customer,20,Personal Travel,Eco,836,5,5,5,5,5,5,5,5,5,2,5,5,5,4.77,10,2,TRUE
Male,Disloyal Customer,54,Business Travel,Eco,474,0,0,1,4,5,1,5,5,1,2,3,2,5,2.62,0,0,TRUE
Female,Loyal Customer,48,Business Travel,Eco,449,2,1,1,1,2,4,3,2,2,2,2,2,2,2,35,43,FALSE
Male,Disloyal Customer,36,Business Travel,Business,337,2,3,3,4,1,3,1,1,5,5,5,3,1,2.85,4,0,FALSE
Female,Loyal Customer,13,Business Travel,Business,3425,2,4,4,4,2,2,2,2,3,2,3,3,2,2.69,8,13,FALSE
Male,Loyal Customer,9,Personal Travel,Eco,207,2,1,2,3,4,2,4,4,1,1,3,1,4,2.46,0,0,FALSE
Female,Loyal Customer,41,Business Travel,Business,386,1,1,1,1,2,4,5,4,4,4,4,5,3,3,83,81,TRUE
Female,Loyal Customer,16,Personal Travel,Eco,1844,1,4,1,3,5,1,5,5,5,3,4,5,5,3.62,11,24,FALSE
Male,Loyal Customer,40,Business Travel,Business,926,2,2,2,2,4,4,5,4,4,4,4,3,5,3.46,0,0,TRUE
Male,Loyal Customer,47,Personal Travel,Eco,341,1,4,5,3,4,5,4,4,3,5,5,3,4,3.85,0,0,FALSE
Female,Loyal Customer,17,Personal Travel,Business,2717,0,4,0,4,0,2,2,5,3,4,5,2,2,2.54,0,7,TRUE
Male,Loyal Customer,61,Personal Travel,Eco,859,4,5,5,2,1,5,1,1,4,5,4,4,1,3.23,0,0,TRUE
Female,Disloyal Customer,22,Business Travel,Eco,160,4,4,4,4,1,4,1,1,3,1,2,4,1,2.62,0,0,TRUE
Male,Loyal Customer,48,Business Travel,Business,1666,1,1,1,1,5,5,4,4,4,4,4,3,3,3.08,51,36,TRUE
Female,Loyal Customer,44,Personal Travel,Business,589,4,4,4,4,2,4,4,3,3,4,3,4,5,3.69,3,0,TRUE
Female,Loyal Customer,30,Business Travel,Business,1846,1,1,1,1,5,5,5,5,3,5,3,5,5,3.46,0,0,TRUE
Male,Loyal Customer,27,Personal Travel,Eco Plus,986,1,4,1,3,3,1,3,3,4,2,4,4,3,2.77,0,0,FALSE
Male,Loyal Customer,43,Business Travel,Eco,985,3,3,3,3,3,3,3,3,1,1,2,3,3,2.62,29,28,FALSE
Female,Loyal Customer,51,Business Travel,Business,2142,1,2,2,2,3,3,4,1,1,1,1,3,1,1.92,0,0,FALSE
Female,Disloyal Customer,22,Business Travel,Business,353,4,0,4,3,1,4,1,1,2,1,5,5,1,2.46,0,0,TRUE
Female,Loyal Customer,49,Business Travel,Business,2952,3,3,3,3,3,4,5,2,2,2,2,4,1,2.85,0,1,TRUE
Male,Loyal Customer,15,Business Travel,Business,2959,5,4,5,5,4,5,4,4,3,5,5,4,4,4.38,2,0,TRUE
Male,Loyal Customer,29,Personal Travel,Eco,356,2,5,2,4,5,2,5,5,3,2,5,4,5,3.77,0,0,FALSE
Male,Loyal Customer,39,Business Travel,Business,3733,3,3,3,3,3,4,4,5,5,5,5,5,5,4.08,0,0,TRUE
Male,Loyal Customer,55,Business Travel,Eco,305,1,1,3,1,1,1,1,1,2,4,3,1,1,1.62,41,36,FALSE
Female,Disloyal Customer,26,Business Travel,Eco,192,3,1,3,2,3,3,3,3,2,4,2,4,3,2.77,0,0,FALSE
Male,Loyal Customer,39,Business Travel,Business,1357,2,2,2,2,3,3,3,2,2,2,2,3,1,2.23,41,18,FALSE
Male,Disloyal Customer,16,Business Travel,Eco,998,3,3,3,3,5,3,2,5,1,3,3,1,5,3.08,15,19,FALSE
Male,Loyal Customer,37,Business Travel,Eco,209,5,2,2,2,5,5,5,5,4,3,3,4,5,3.85,0,0,TRUE
Male,Disloyal Customer,36,Business Travel,Eco,546,2,1,2,3,1,2,1,1,1,3,3,2,1,1.77,0,0,FALSE
Female,Disloyal Customer,24,Business Travel,Eco,102,2,0,2,3,1,2,1,1,1,5,2,1,1,1.69,0,0,FALSE
Female,Disloyal Customer,26,Business Travel,Business,473,2,2,2,3,2,2,2,2,4,3,4,5,2,2.69,0,0,FALSE
Female,Loyal Customer,9,Personal Travel,Eco,646,1,5,1,1,2,1,3,2,1,1,2,1,2,1.77,0,2,FALSE
Male,Loyal Customer,38,Personal Travel,Eco,365,3,5,4,5,4,4,4,4,4,3,4,4,4,4,0,0,FALSE
Male,Disloyal Customer,43,Business Travel,Eco,667,4,1,4,3,4,4,5,4,2,1,2,4,4,3.23,22,20,FALSE
Female,Loyal Customer,28,Personal Travel,Business,391,2,5,2,4,3,2,3,3,4,4,5,3,3,3.31,14,6,FALSE
Female,Disloyal Customer,58,Business Travel,Business,315,2,2,2,4,5,2,5,5,3,3,4,5,5,3.62,73,75,FALSE
Female,Loyal Customer,67,Business Travel,Business,2654,3,3,5,3,5,3,1,4,4,4,4,5,5,3.77,10,0,TRUE
Male,Loyal Customer,68,Personal Travel,Eco,920,2,4,2,4,5,2,5,5,3,1,4,3,5,3.46,18,0,FALSE
Male,Loyal Customer,16,Business Travel,Business,1476,2,4,4,4,2,2,2,2,4,1,4,4,2,2.85,0,0,FALSE
Female,Loyal Customer,12,Personal Travel,Business,670,1,4,1,3,5,1,5,5,3,5,5,4,5,3.62,64,63,FALSE
Female,Loyal Customer,43,Business Travel,Business,813,1,1,1,1,3,4,4,3,3,4,3,5,5,2.92,0,0,TRUE
Male,Loyal Customer,43,Business Travel,Eco,331,4,4,4,4,4,4,4,4,5,2,2,5,4,3.85,0,2,TRUE
Male,Disloyal Customer,12,Business Travel,Eco,731,1,1,1,4,2,1,2,2,1,4,3,2,2,2,26,24,FALSE
Male,Loyal Customer,69,Personal Travel,Eco,1276,2,4,1,2,3,1,2,3,5,2,5,5,3,2.92,3,0,FALSE
Female,Loyal Customer,23,Business Travel,Business,3340,1,1,1,1,4,4,4,4,4,3,4,5,4,3.08,15,3,TRUE
Male,Loyal Customer,27,Business Travel,Business,596,2,2,2,2,4,4,4,4,5,5,5,5,4,3.69,68,119,TRUE
Male,Loyal Customer,32,Business Travel,Business,1521,1,1,1,1,1,1,1,1,3,1,3,1,1,1.31,0,0,FALSE
Female,Loyal Customer,54,Business Travel,Business,2475,2,2,2,2,3,3,4,4,4,4,4,3,5,3.23,0,0,TRUE
Female,Disloyal Customer,33,Business Travel,Business,191,1,1,1,5,4,1,4,4,3,2,5,5,4,3.08,0,0,FALSE
Male,Loyal Customer,33,Personal Travel,Eco Plus,667,2,5,2,5,3,2,3,3,5,4,4,5,3,3.54,4,49,FALSE
Female,Loyal Customer,15,Personal Travel,Eco Plus,1036,2,5,2,3,1,2,1,1,5,2,4,4,1,2.54,0,0,FALSE
Male,Disloyal Customer,23,Business Travel,Eco,1313,2,2,2,5,1,2,1,1,5,4,5,4,1,2.69,0,2,FALSE
Male,Loyal Customer,51,Business Travel,Eco,541,4,3,3,3,4,4,4,4,1,3,2,2,4,3.15,0,0,TRUE
Male,Loyal Customer,30,Business Travel,Business,1237,4,4,4,4,5,5,5,5,2,5,3,3,5,4.15,0,0,TRUE
Female,Loyal Customer,14,Personal Travel,Eco,1121,3,5,3,1,2,3,2,2,4,5,4,4,2,3.08,0,0,FALSE
Male,Loyal Customer,39,Business Travel,Business,792,2,2,2,2,2,4,4,4,4,4,4,4,4,3.23,0,0,TRUE
Male,Loyal Customer,10,Personal Travel,Eco Plus,677,3,4,3,3,3,3,3,3,3,1,3,2,3,2.85,1,10,FALSE
Female,Loyal Customer,55,Personal Travel,Eco,307,2,4,2,5,5,4,4,2,2,2,2,5,4,3.31,11,11,FALSE
Female,Loyal Customer,38,Business Travel,Eco,616,4,5,5,5,4,4,4,4,1,2,4,2,4,3.69,6,5,FALSE
Female,Loyal Customer,70,Personal Travel,Eco,770,1,4,1,1,3,5,5,2,2,1,2,5,3,2.69,0,0,FALSE
Female,Loyal Customer,31,Business Travel,Business,3307,0,5,0,1,2,2,2,2,5,5,3,2,2,2.38,0,0,TRUE
Male,Disloyal Customer,24,Business Travel,Eco,819,4,4,4,2,2,4,2,2,4,5,1,5,2,3.15,0,0,TRUE
Male,Loyal Customer,31,Business Travel,Business,2253,1,5,1,1,5,5,5,5,3,5,3,4,5,3.69,2,2,TRUE
Female,Loyal Customer,30,Business Travel,Business,2637,2,2,2,2,5,5,4,5,5,1,3,1,5,3.23,0,0,TRUE
Female,Loyal Customer,49,Personal Travel,Eco,406,3,4,3,4,4,4,5,5,5,3,5,5,5,4.23,18,11,FALSE
Female,Loyal Customer,9,Personal Travel,Eco,187,2,3,2,3,4,2,4,4,2,5,4,2,4,3.15,0,0,FALSE
Female,Loyal Customer,31,Personal Travel,Eco,266,3,5,3,5,1,3,1,1,3,5,5,3,1,3,7,17,FALSE
Male,Loyal Customer,41,Business Travel,Business,1861,2,2,2,2,4,4,4,4,4,4,4,3,4,3.31,26,23,TRUE
Female,Loyal Customer,70,Personal Travel,Eco,771,3,4,3,4,3,4,4,2,1,2,3,4,4,3.15,160,142,FALSE
Male,Disloyal Customer,23,Business Travel,Eco,337,2,0,2,2,4,2,4,4,5,5,4,3,4,3.15,0,0,FALSE
Female,Loyal Customer,24,Personal Travel,Eco,280,3,2,3,4,4,3,4,4,3,3,3,2,4,3.23,0,0,FALSE
Female,Loyal Customer,46,Business Travel,Eco Plus,594,3,3,5,3,4,3,3,3,3,3,3,4,4,3.38,0,0,FALSE
Female,Loyal Customer,29,Personal Travel,Eco,1014,2,3,2,3,1,2,1,1,1,2,4,4,1,2.08,0,4,FALSE
Female,Loyal Customer,31,Personal Travel,Eco,214,1,4,1,4,4,1,4,4,1,5,3,4,4,3.08,2,0,FALSE
Male,Disloyal Customer,27,Business Travel,Eco,1034,2,2,2,1,2,2,2,3,1,4,2,2,2,2.08,160,134,FALSE
Male,Loyal Customer,30,Business Travel,Business,2835,2,2,2,2,5,5,4,5,4,3,5,5,5,3.77,16,22,TRUE
Male,Loyal Customer,65,Personal Travel,Eco,403,2,4,2,5,5,2,5,5,4,5,5,4,5,4.08,0,0,FALSE
Male,Loyal Customer,10,Personal Travel,Eco,985,2,5,2,3,1,2,1,1,3,5,4,4,1,2.62,0,0,FALSE
Female,Loyal Customer,26,Personal Travel,Eco,1068,3,5,3,3,2,3,2,2,4,5,5,3,2,3.23,20,13,FALSE
Female,Loyal Customer,69,Personal Travel,Business,177,4,3,4,3,4,4,4,1,1,4,1,4,4,3.15,0,23,FALSE
Male,Loyal Customer,69,Personal Travel,Eco,240,3,1,3,3,3,3,1,3,4,3,2,2,3,2.62,0,0,FALSE
Male,Loyal Customer,51,Business Travel,Eco Plus,190,3,2,2,2,3,3,3,3,1,1,4,3,3,2.54,117,107,FALSE
Male,Loyal Customer,47,Business Travel,Eco,371,3,5,5,5,3,3,3,3,1,4,3,4,3,3.46,52,47,FALSE
Male,Loyal Customer,46,Personal Travel,Eco,997,2,4,2,3,4,2,4,4,3,3,4,3,4,3.23,19,21,FALSE
Male,Loyal Customer,39,Business Travel,Business,3061,0,5,0,2,4,5,4,1,1,1,1,3,5,2.46,0,0,TRUE
Female,Loyal Customer,59,Business Travel,Business,2291,2,2,2,2,3,4,4,5,5,5,5,5,4,3.69,12,8,TRUE
Male,Disloyal Customer,25,Business Travel,Eco,1121,5,4,4,2,5,4,5,5,3,3,4,4,5,4.08,11,13,TRUE
Female,Loyal Customer,13,Personal Travel,Eco,983,5,4,4,5,5,4,5,5,5,3,4,4,5,4.46,0,0,TRUE
Male,Loyal Customer,41,Business Travel,Business,1242,3,5,4,5,4,4,3,3,3,3,3,1,4,3.46,0,0,FALSE
Female,Loyal Customer,20,Personal Travel,Eco Plus,533,3,4,3,2,5,3,1,5,5,3,4,3,5,3.54,42,24,FALSE
Female,Loyal Customer,59,Personal Travel,Eco,528,2,5,4,3,3,5,4,2,2,4,2,4,5,3.46,5,0,FALSE
Male,Loyal Customer,25,Business Travel,Business,1334,3,1,2,2,3,3,3,3,3,1,4,3,3,2.62,8,13,FALSE
Female,Loyal Customer,45,Business Travel,Business,2475,3,3,3,3,2,3,4,4,4,5,4,4,5,3.62,0,11,TRUE
Female,Loyal Customer,30,Personal Travel,Eco,612,2,1,2,2,1,2,1,1,1,4,2,1,1,1.62,4,9,FALSE
Male,Loyal Customer,36,Business Travel,Business,552,4,2,4,4,5,1,5,4,4,4,4,3,5,3.77,6,0,TRUE
Female,Loyal Customer,69,Personal Travel,Eco,620,4,5,4,2,4,4,5,2,2,4,2,3,5,3.54,44,24,FALSE
Female,Loyal Customer,41,Personal Travel,Eco,1062,4,5,4,1,1,4,1,1,5,2,5,5,1,3,0,0,TRUE
Male,Disloyal Customer,30,Business Travel,Eco,634,4,0,4,4,3,4,3,3,5,1,2,4,3,3.08,0,40,FALSE
Male,Loyal Customer,64,Personal Travel,Eco,319,5,5,3,3,4,3,4,4,5,3,4,3,4,3.85,6,1,TRUE
Male,Loyal Customer,18,Business Travel,Business,468,4,1,1,1,4,4,4,4,1,1,4,3,4,2.77,6,8,FALSE
Male,Disloyal Customer,26,Business Travel,Business,1990,2,2,2,4,4,2,1,4,3,5,3,3,4,3,0,0,FALSE
Male,Loyal Customer,44,Business Travel,Eco,842,2,4,4,4,2,2,2,2,3,4,3,3,2,2.85,114,98,FALSE
Female,Loyal Customer,45,Business Travel,Business,406,4,4,4,4,5,4,5,3,3,4,3,4,3,3.85,11,6,TRUE
Female,Loyal Customer,23,Personal Travel,Eco,554,3,4,2,1,5,2,5,5,3,5,5,4,5,3.77,7,19,FALSE
Female,Loyal Customer,38,Business Travel,Business,3799,2,2,2,2,2,4,4,5,5,5,5,4,5,3.62,0,0,TRUE
Male,Loyal Customer,17,Personal Travel,Eco,992,4,2,4,3,2,4,2,2,1,2,3,2,2,2.54,30,19,FALSE
Female,Loyal Customer,25,Personal Travel,Eco,405,2,5,2,4,5,2,5,5,5,4,4,3,5,3.92,6,8,FALSE
Male,Disloyal Customer,37,Business Travel,Eco,250,3,3,3,4,5,3,5,5,3,4,1,1,5,3.46,0,0,FALSE
Female,Disloyal Customer,10,Business Travel,Eco,1237,3,3,3,3,5,3,5,5,4,2,3,5,5,3.77,0,2,FALSE
Female,Loyal Customer,51,Business Travel,Eco,452,2,5,5,5,1,3,4,2,2,2,2,3,2,2.92,8,0,FALSE
Male,Disloyal Customer,28,Business Travel,Eco,590,1,4,1,3,4,1,4,4,1,2,1,2,4,2.46,0,0,FALSE
Female,Loyal Customer,30,Personal Travel,Eco,927,2,5,2,3,4,2,4,4,3,2,5,4,4,3.38,53,70,FALSE
Male,Disloyal Customer,25,Business Travel,Business,669,4,5,4,3,3,4,3,3,4,3,5,4,3,3.69,0,0,TRUE
Female,Disloyal Customer,26,Business Travel,Eco,515,1,0,1,3,3,1,3,3,4,1,3,2,3,2.15,0,4,FALSE
Male,Loyal Customer,59,Business Travel,Eco Plus,175,5,1,1,1,5,5,5,5,3,5,3,3,5,3.62,0,0,TRUE
Male,Loyal Customer,37,Personal Travel,Eco,838,2,5,2,1,4,2,4,4,5,4,5,5,4,3.62,1,5,FALSE
Female,Loyal Customer,54,Business Travel,Business,2948,1,1,1,1,5,4,5,5,5,5,5,5,3,3.54,0,0,TRUE
Male,Loyal Customer,25,Business Travel,Business,1916,3,3,3,3,5,5,5,5,5,2,4,5,5,4.08,7,16,TRUE
Female,Disloyal Customer,22,Business Travel,Eco,813,1,1,1,3,5,1,5,5,4,5,4,1,5,3.15,0,12,FALSE
Male,Loyal Customer,15,Personal Travel,Eco Plus,1102,4,4,4,3,1,4,1,1,1,2,4,3,1,2.54,0,4,FALSE
Female,Disloyal Customer,36,Business Travel,Eco,232,3,4,3,4,2,3,2,2,2,2,3,3,2,2.69,0,0,FALSE
Female,Loyal Customer,40,Business Travel,Business,3941,3,2,5,2,2,4,3,3,3,3,3,3,4,3.08,0,0,FALSE
Male,Loyal Customer,42,Business Travel,Business,449,5,5,5,5,4,4,5,3,3,3,3,3,3,3.92,47,44,TRUE
Female,Loyal Customer,55,Personal Travel,Eco,488,1,5,1,3,5,5,4,2,2,1,1,4,4,2.92,0,0,FALSE
Female,Loyal Customer,18,Business Travel,Business,517,2,2,2,2,2,2,2,2,1,3,3,2,2,2.08,0,0,TRUE
Male,Loyal Customer,27,Business Travel,Business,1072,1,5,2,2,1,1,1,1,2,3,4,4,1,2.15,29,13,FALSE
Male,Loyal Customer,56,Personal Travel,Eco,1120,2,5,1,5,1,5,1,5,5,5,5,1,1,3.23,192,166,FALSE
Male,Loyal Customer,60,Business Travel,Business,2342,3,3,3,3,2,5,4,5,5,4,5,3,4,3.77,0,0,TRUE
Male,Loyal Customer,49,Personal Travel,Eco,261,1,1,1,1,5,1,5,5,3,2,2,3,5,2.69,1,0,FALSE
Male,Loyal Customer,10,Personal Travel,Eco,1846,4,0,4,3,4,2,2,4,3,5,4,2,2,3,167,171,FALSE
Female,Loyal Customer,52,Personal Travel,Eco,480,4,2,4,3,1,3,4,1,1,4,1,1,1,2.31,0,0,FALSE
Male,Loyal Customer,38,Personal Travel,Eco,775,3,5,2,4,3,2,1,3,1,5,4,4,3,3.08,21,12,FALSE
Male,Loyal Customer,22,Business Travel,Business,192,2,2,2,2,4,4,5,4,1,2,4,2,4,2.92,0,0,TRUE
Male,Loyal Customer,35,Business Travel,Business,1092,1,1,1,1,2,3,4,5,5,5,5,3,1,2.85,0,0,TRUE
Male,Loyal Customer,36,Business Travel,Business,181,4,3,3,3,5,4,3,2,2,2,4,1,4,3.08,0,0,FALSE
Male,Loyal Customer,36,Personal Travel,Eco,2519,4,4,4,1,4,1,1,4,4,5,5,1,1,3,38,59,FALSE
Female,Loyal Customer,54,Business Travel,Business,67,1,5,5,5,4,4,3,4,4,4,1,1,3,3.38,36,16,FALSE
Female,Loyal Customer,32,Business Travel,Business,507,2,5,2,5,2,2,2,2,1,4,3,1,2,2.54,0,0,FALSE
Female,Disloyal Customer,23,Business Travel,Eco,396,3,3,3,2,4,3,4,4,3,3,3,3,4,3.23,0,0,FALSE
Female,Loyal Customer,27,Personal Travel,Eco,212,3,0,3,4,1,3,1,1,3,4,5,5,1,2.62,0,13,FALSE
Female,Disloyal Customer,40,Business Travel,Business,213,3,3,3,2,3,3,4,3,3,2,5,5,3,3.23,53,70,TRUE
Male,Loyal Customer,38,Business Travel,Eco Plus,627,4,5,1,1,4,3,4,4,1,5,3,1,4,3.08,20,27,FALSE
Male,Loyal Customer,43,Business Travel,Business,2402,5,5,5,5,4,4,4,4,5,4,2,4,4,4.23,0,0,TRUE
Male,Loyal Customer,29,Business Travel,Business,645,2,3,1,3,2,2,2,2,1,1,3,4,2,2.15,0,3,FALSE
Male,Loyal Customer,54,Business Travel,Eco,296,5,5,5,5,5,5,5,5,5,5,1,5,5,4.69,0,0,TRUE
Male,Disloyal Customer,37,Business Travel,Business,427,4,3,3,3,4,3,4,4,5,2,4,4,4,3.62,0,0,FALSE
Female,Loyal Customer,23,Business Travel,Business,374,5,5,5,5,5,5,5,5,2,1,5,5,5,4.46,0,0,TRUE
Female,Loyal Customer,49,Business Travel,Eco Plus,1026,5,4,5,4,3,4,5,5,5,5,5,4,1,4.23,9,16,TRUE
Male,Loyal Customer,54,Business Travel,Business,1838,3,3,3,3,5,4,5,5,5,5,5,5,3,4.15,16,58,TRUE
Male,Loyal Customer,60,Business Travel,Business,2611,4,3,3,3,3,2,3,4,4,4,4,1,2,3.08,0,0,FALSE
Male,Loyal Customer,27,Personal Travel,Eco Plus,507,2,1,2,4,5,2,5,5,3,3,4,4,5,3.46,51,40,FALSE
Male,Disloyal Customer,27,Business Travel,Business,160,3,3,3,5,5,3,1,5,4,5,4,5,5,3.92,11,9,FALSE
Male,Loyal Customer,41,Business Travel,Business,3829,3,5,3,3,1,3,4,5,5,5,5,5,5,4,1,0,TRUE
Female,Disloyal Customer,28,Business Travel,Business,689,3,3,3,1,1,3,1,1,4,5,5,3,1,2.62,8,0,FALSE
Female,Loyal Customer,32,Business Travel,Eco,921,3,2,2,2,3,3,3,3,3,4,4,4,3,3,0,0,FALSE
Female,Loyal Customer,45,Business Travel,Business,4963,1,1,1,1,2,1,1,3,3,5,4,1,1,1.92,0,13,TRUE
Male,Loyal Customer,26,Personal Travel,Business,425,3,0,3,3,1,3,1,1,5,2,4,4,1,2.38,0,0,FALSE
Male,Loyal Customer,50,Business Travel,Business,2521,5,5,5,5,2,4,4,5,5,5,5,5,4,4.54,5,0,TRUE
Female,Disloyal Customer,25,Business Travel,Eco,271,4,0,4,3,2,4,2,2,1,4,3,2,2,2.54,0,0,FALSE
Male,Disloyal Customer,43,Business Travel,Eco,427,4,2,4,4,5,4,5,5,3,5,4,2,5,4,1,3,FALSE
Male,Loyal Customer,45,Business Travel,Eco,1488,3,5,5,5,4,3,4,4,2,4,3,3,4,3.77,30,24,FALSE
Female,Disloyal Customer,22,Business Travel,Eco,228,4,5,4,1,4,4,4,4,5,4,4,4,4,3.92,0,18,FALSE
Female,Loyal Customer,33,Personal Travel,Eco,542,4,5,4,2,4,4,4,4,3,5,4,4,4,3.92,9,0,FALSE
Male,Loyal Customer,67,Personal Travel,Eco,399,1,5,1,3,2,1,4,2,4,3,5,4,2,2.85,0,0,FALSE
Female,Loyal Customer,43,Business Travel,Business,1587,4,4,4,4,2,4,4,5,5,5,5,4,4,4.15,0,0,TRUE
Female,Loyal Customer,39,Personal Travel,Eco,612,2,4,2,2,1,2,1,1,4,3,4,2,1,2.23,6,3,FALSE
Male,Disloyal Customer,37,Business Travel,Business,1107,2,2,2,2,1,2,1,1,2,3,3,4,1,2,0,0,FALSE
Female,Loyal Customer,52,Business Travel,Business,986,5,5,5,5,2,5,5,4,4,4,4,3,5,4.31,0,0,TRUE
Female,Loyal Customer,27,Business Travel,Business,3799,1,1,1,1,4,4,4,4,3,3,4,4,4,2.92,0,0,TRUE
Female,Loyal Customer,27,Business Travel,Eco,526,0,0,0,3,2,3,2,2,3,1,4,3,2,1.92,16,2,TRUE
Male,Loyal Customer,29,Personal Travel,Eco,651,3,3,3,3,3,3,3,3,3,5,4,3,3,3.23,0,0,FALSE
Male,Loyal Customer,19,Business Travel,Business,1725,1,1,1,1,5,5,5,3,5,3,4,5,5,3.38,196,158,TRUE
Male,Disloyal Customer,11,Business Travel,Eco,704,3,3,3,3,3,3,3,3,2,3,4,2,3,2.92,23,12,FALSE
Male,Disloyal Customer,30,Business Travel,Business,762,5,5,5,3,2,5,2,2,4,3,4,5,2,3.62,5,0,TRUE
Male,Loyal Customer,48,Business Travel,Business,412,1,2,2,2,4,3,4,1,1,1,1,2,1,1.92,0,0,FALSE
Female,Loyal Customer,39,Business Travel,Business,3587,4,4,4,4,5,5,5,4,4,4,4,4,3,4.15,24,17,TRUE
Female,Loyal Customer,65,Business Travel,Business,1706,4,4,4,4,3,5,4,4,4,4,4,3,4,3.92,2,0,TRUE
Female,Disloyal Customer,22,Business Travel,Eco,1046,4,4,4,4,5,4,5,5,3,1,3,2,5,3.77,41,32,TRUE
Female,Loyal Customer,56,Personal Travel,Eco,239,3,5,3,2,5,5,5,4,4,3,4,1,2,3.54,0,0,FALSE
Male,Loyal Customer,11,Personal Travel,Eco,821,2,4,2,4,4,2,4,4,5,5,4,4,4,3.69,0,0,FALSE
Male,Loyal Customer,34,Business Travel,Business,2713,4,4,4,4,5,4,5,5,5,5,5,3,5,4.46,0,0,TRUE
Male,Disloyal Customer,37,Business Travel,Business,1999,1,0,0,1,3,0,3,3,5,3,5,4,3,2.38,28,41,FALSE
Female,Loyal Customer,34,Business Travel,Business,590,3,3,3,3,3,1,5,5,5,5,5,4,4,3.77,0,10,TRUE
Female,Disloyal Customer,27,Business Travel,Eco Plus,129,1,1,1,2,1,1,1,1,3,3,4,2,1,1.69,0,6,FALSE
Male,Loyal Customer,35,Personal Travel,Eco,1033,1,4,1,1,2,1,2,2,3,2,4,3,2,2.15,14,9,FALSE
Female,Loyal Customer,59,Business Travel,Business,235,0,0,0,3,1,1,1,4,3,4,5,1,1,1.85,319,363,TRUE
Female,Loyal Customer,61,Personal Travel,Eco,368,3,4,3,3,3,4,4,4,4,3,4,2,1,3.23,4,1,FALSE
Male,Loyal Customer,36,Personal Travel,Eco,258,4,1,4,4,2,4,2,2,4,3,3,3,2,2.92,0,0,FALSE
Male,Disloyal Customer,13,Business Travel,Eco,728,3,3,3,4,5,3,5,5,4,1,2,3,5,3.54,46,63,FALSE
Female,Loyal Customer,63,Business Travel,Business,333,4,4,4,4,2,4,4,4,4,4,4,5,5,4,17,7,TRUE
Male,Disloyal Customer,22,Business Travel,Eco,825,3,2,2,3,4,3,4,4,2,2,4,2,4,3,40,30,FALSE
Female,Loyal Customer,9,Personal Travel,Eco,468,1,4,1,3,5,1,5,5,4,1,5,4,5,3.38,0,0,FALSE
Male,Loyal Customer,49,Business Travel,Business,438,1,3,3,3,5,2,2,1,1,1,1,4,1,2.15,0,9,FALSE
Female,Loyal Customer,60,Business Travel,Eco,459,5,3,3,3,2,4,2,5,5,5,5,2,3,3.62,0,0,TRUE
Male,Loyal Customer,23,Business Travel,Eco Plus,594,2,3,3,3,2,2,2,2,2,3,3,1,2,2.31,15,7,FALSE
Female,Loyal Customer,33,Business Travel,Business,622,3,3,3,3,5,5,5,3,3,3,3,4,4,3.62,0,0,TRUE
Female,Loyal Customer,48,Personal Travel,Eco,1290,1,4,1,4,2,2,3,2,2,1,2,2,1,2.08,0,0,FALSE
Male,Loyal Customer,51,Business Travel,Eco,262,4,4,4,4,4,4,4,4,5,4,2,3,4,3.85,0,0,TRUE
Male,Loyal Customer,25,Business Travel,Eco,719,3,4,4,4,3,4,3,3,4,1,4,2,3,3.23,0,0,FALSE
Male,Loyal Customer,49,Business Travel,Business,2475,3,4,3,3,2,4,5,4,4,4,4,3,3,3.54,0,0,TRUE
Female,Loyal Customer,27,Business Travel,Business,2356,2,2,2,2,4,4,4,4,3,3,5,3,4,3.23,25,18,TRUE
Male,Disloyal Customer,21,Business Travel,Business,678,5,0,5,2,4,5,4,4,5,4,4,3,4,3.77,0,0,TRUE
Male,Loyal Customer,32,Business Travel,Business,170,2,2,5,2,4,5,4,4,3,3,3,2,4,3.31,44,40,TRUE
Male,Disloyal Customer,32,Business Travel,Eco,417,4,2,4,4,4,5,5,1,5,3,3,5,5,3.85,168,152,FALSE
Female,Disloyal Customer,36,Business Travel,Business,919,2,1,1,4,2,1,2,2,4,4,4,5,2,2.62,0,0,FALSE
Female,Loyal Customer,36,Business Travel,Business,3484,3,3,3,3,4,4,4,1,1,2,1,4,4,2.85,3,0,TRUE
Female,Loyal Customer,19,Personal Travel,Eco,1298,2,5,2,1,4,2,4,4,4,4,4,3,4,3.31,0,10,FALSE
Male,Loyal Customer,26,Business Travel,Business,1779,5,5,5,5,4,4,4,4,2,2,4,4,4,4,0,1,TRUE
Female,Loyal Customer,56,Business Travel,Business,1998,1,1,1,1,3,1,5,4,4,4,4,3,3,2.69,21,22,TRUE
Male,Loyal Customer,37,Personal Travel,Eco,251,1,4,1,3,2,1,2,2,1,1,3,4,2,2.08,4,6,FALSE
Male,Loyal Customer,23,Business Travel,Business,707,4,4,4,4,4,4,4,4,1,4,2,2,4,3.46,6,0,TRUE
Male,Disloyal Customer,28,Personal Travel,Business,719,3,4,3,4,1,3,1,1,3,2,5,3,1,2.62,0,0,FALSE
Female,Loyal Customer,44,Business Travel,Business,3340,0,0,0,3,4,4,4,5,5,5,5,5,3,3.31,0,0,TRUE
Male,Loyal Customer,31,Business Travel,Business,1679,2,2,5,2,2,2,2,2,5,3,4,4,2,2.85,1,0,TRUE
Female,Disloyal Customer,22,Business Travel,Business,337,5,4,5,2,2,5,4,2,4,5,4,5,2,3.77,1,13,TRUE
Male,Loyal Customer,29,Personal Travel,Eco Plus,929,2,2,2,2,1,2,1,1,3,1,3,4,1,1.92,0,0,FALSE
Female,Loyal Customer,56,Business Travel,Business,3853,1,1,1,1,5,4,4,4,4,4,4,4,4,3.15,0,0,TRUE
Male,Loyal Customer,57,Business Travel,Business,3694,0,5,0,1,1,5,1,5,5,5,5,1,3,2.85,0,0,TRUE
Male,Loyal Customer,47,Business Travel,Eco,352,4,2,2,2,4,4,4,4,1,4,3,3,4,3.15,39,30,TRUE
Female,Disloyal Customer,20,Business Travel,Business,590,4,0,4,2,2,4,1,2,4,3,5,3,2,2.77,0,0,TRUE
Female,Loyal Customer,8,Personal Travel,Eco Plus,758,2,5,3,2,4,3,4,4,5,2,4,3,4,3.46,38,32,FALSE
Female,Loyal Customer,35,Business Travel,Business,240,2,2,2,2,3,3,2,2,2,2,2,3,3,2.31,0,0,FALSE
Male,Loyal Customer,34,Business Travel,Business,2035,5,5,5,5,2,3,1,5,5,5,5,5,1,4,6,0,TRUE
Female,Disloyal Customer,72,Business Travel,Eco,370,0,0,0,5,5,0,5,5,3,3,2,1,5,2.62,0,0,TRUE
Male,Loyal Customer,59,Business Travel,Business,583,1,1,1,1,2,5,4,4,4,4,4,5,3,3,0,4,TRUE
Female,Loyal Customer,21,Personal Travel,Eco,1005,3,4,4,4,2,4,4,2,4,3,4,4,2,3.38,0,0,FALSE
Female,Loyal Customer,41,Business Travel,Business,1909,1,1,1,1,5,4,5,5,5,5,5,5,4,3.62,46,44,TRUE
Male,Loyal Customer,29,Personal Travel,Eco,304,3,4,2,5,2,2,2,2,4,3,4,5,2,3.08,0,0,FALSE
Female,Loyal Customer,56,Personal Travel,Eco,101,1,4,0,2,2,2,3,4,4,0,4,4,2,2.46,0,3,FALSE
Male,Disloyal Customer,41,Business Travel,Business,1984,3,3,3,3,2,3,2,2,3,4,5,3,2,2.92,0,0,FALSE
Male,Loyal Customer,49,Business Travel,Business,1931,2,2,3,2,4,5,4,4,4,4,4,3,3,3.38,1,2,TRUE
Female,Loyal Customer,41,Business Travel,Business,170,1,1,1,1,4,3,4,4,4,5,5,1,5,3,0,0,TRUE
Male,Disloyal Customer,36,Business Travel,Business,409,3,3,3,4,1,3,1,1,4,4,4,3,1,2.69,4,0,FALSE
Female,Loyal Customer,48,Business Travel,Business,2072,1,1,1,1,2,5,4,5,5,5,5,3,4,3.23,95,77,TRUE
Female,Loyal Customer,12,Personal Travel,Eco,888,2,5,2,3,1,2,1,1,3,5,5,3,1,2.62,51,65,FALSE
Female,Loyal Customer,47,Business Travel,Business,3946,4,4,4,4,5,4,5,5,5,5,5,3,5,4.46,0,0,TRUE
Female,Loyal Customer,47,Business Travel,Business,3715,5,5,5,5,4,4,4,5,5,5,5,4,3,4.54,3,3,TRUE
Male,Loyal Customer,69,Personal Travel,Eco,237,2,5,2,2,1,2,1,1,5,5,4,4,1,2.69,0,0,FALSE
Male,Loyal Customer,39,Business Travel,Business,3387,4,4,4,4,4,4,4,4,4,4,4,5,4,4.08,5,0,TRUE
Female,Loyal Customer,65,Business Travel,Eco,337,3,2,4,4,3,3,4,3,3,3,3,3,1,3,0,0,FALSE
Female,Loyal Customer,30,Business Travel,Business,3159,3,3,3,3,5,5,5,5,4,5,4,3,5,4.08,14,1,TRUE
Male,Loyal Customer,10,Personal Travel,Eco,813,4,5,5,5,2,5,2,2,4,3,5,1,2,3.46,0,0,TRUE
Female,Loyal Customer,12,Business Travel,Business,1514,2,1,1,1,2,1,2,2,2,3,3,2,2,1.85,0,0,FALSE
Male,Loyal Customer,57,Personal Travel,Eco,1892,4,1,4,4,5,4,5,5,4,3,2,3,5,3.77,19,0,FALSE
Female,Loyal Customer,38,Business Travel,Eco Plus,528,4,1,1,1,4,4,4,4,3,4,2,2,4,2.92,0,0,TRUE
Female,Loyal Customer,43,Personal Travel,Eco,309,3,5,3,1,4,4,4,1,1,3,1,5,5,3.08,0,0,FALSE
Female,Loyal Customer,24,Business Travel,Business,383,3,3,3,3,4,4,4,4,2,2,4,2,4,3.23,0,7,TRUE
Male,Loyal Customer,57,Business Travel,Business,3054,2,2,3,2,5,5,5,5,4,5,5,5,5,4.08,159,155,TRUE
Female,Loyal Customer,38,Business Travel,Eco,666,4,4,4,4,4,4,4,4,3,5,1,2,4,3.62,87,81,TRUE
Male,Loyal Customer,20,Personal Travel,Eco,354,5,3,5,3,2,5,2,2,4,5,4,4,2,3.54,0,1,TRUE
Female,Loyal Customer,22,Business Travel,Business,3700,3,3,3,3,5,5,5,5,5,1,3,1,5,3.62,0,0,TRUE
Male,Loyal Customer,27,Personal Travel,Eco,479,2,2,2,4,2,2,3,4,5,3,3,3,3,2.92,132,185,FALSE
Male,Loyal Customer,27,Personal Travel,Eco,1524,3,3,2,3,1,2,1,1,4,1,2,4,1,2.15,0,0,FALSE
Female,Loyal Customer,58,Business Travel,Business,1809,2,1,2,2,3,4,4,5,5,4,5,5,3,3.46,0,0,TRUE
Male,Loyal Customer,40,Business Travel,Business,237,2,2,2,2,2,5,4,5,5,5,5,4,4,3.62,0,0,TRUE
Male,Loyal Customer,13,Personal Travel,Eco Plus,489,3,3,3,4,5,3,5,5,1,2,3,3,5,3.46,0,0,FALSE
Female,Loyal Customer,44,Personal Travel,Eco Plus,760,3,1,2,4,2,3,3,5,5,2,1,4,4,3,2,0,FALSE
Male,Loyal Customer,43,Business Travel,Business,2454,4,4,4,4,4,4,4,3,2,3,4,4,4,3.69,0,0,TRUE
Female,Disloyal Customer,42,Business Travel,Business,228,2,2,2,3,3,2,3,3,4,2,4,5,3,2.92,21,17,FALSE
Female,Loyal Customer,63,Personal Travel,Eco,868,1,4,1,4,1,3,4,3,3,1,3,2,2,2.46,8,3,FALSE
Male,Disloyal Customer,23,Business Travel,Eco,641,3,1,3,2,5,3,5,5,2,1,3,4,5,3.23,0,0,FALSE
Female,Loyal Customer,41,Personal Travel,Business,295,1,3,1,4,2,1,2,4,4,1,4,3,4,2.62,2,0,FALSE
Male,Loyal Customer,33,Business Travel,Business,500,4,4,4,4,4,4,4,4,1,1,5,1,4,3.38,0,13,TRUE
Female,Loyal Customer,31,Business Travel,Business,2814,5,5,2,5,4,4,4,4,5,1,1,3,4,3.62,0,0,TRUE
Female,Disloyal Customer,26,Business Travel,Eco,347,3,0,2,4,3,2,3,3,4,3,3,4,3,2.85,0,0,FALSE
Female,Disloyal Customer,24,Business Travel,Business,600,5,0,5,3,1,5,1,1,4,2,5,5,1,2.92,0,0,TRUE
Female,Loyal Customer,75,Business Travel,Business,3876,1,3,3,3,3,2,2,1,1,1,1,4,4,2.23,2,4,FALSE
Female,Disloyal Customer,20,Business Travel,Business,190,4,0,4,5,4,4,4,4,4,4,5,3,4,3.77,1,0,TRUE
Male,Loyal Customer,37,Business Travel,Business,620,3,2,2,2,5,4,4,3,3,3,3,1,3,2.92,0,0,FALSE
Female,Loyal Customer,31,Personal Travel,Eco,862,2,4,2,2,5,2,5,5,5,3,4,3,5,3.62,0,0,FALSE
Male,Loyal Customer,59,Personal Travel,Eco Plus,1183,2,4,2,3,4,2,4,4,5,2,3,4,4,3.31,19,26,FALSE
Male,Loyal Customer,33,Business Travel,Business,994,3,3,3,3,4,4,4,4,5,4,5,3,4,3.77,0,0,TRUE
Male,Loyal Customer,33,Business Travel,Business,1448,4,4,4,4,5,5,5,5,4,1,2,2,5,3.85,0,0,TRUE
Female,Loyal Customer,61,Business Travel,Eco,633,4,4,4,4,1,1,4,4,4,4,4,5,3,3.54,0,0,TRUE
Female,Loyal Customer,47,Business Travel,Business,1389,4,4,4,4,4,4,5,2,2,2,2,3,3,3.31,0,2,TRUE
Male,Loyal Customer,42,Personal Travel,Eco,328,2,0,2,4,3,2,3,3,5,4,5,4,3,3.08,0,0,FALSE
Female,Loyal Customer,54,Business Travel,Business,302,2,1,1,1,5,4,3,2,2,2,2,4,3,2.46,88,87,FALSE
Female,Loyal Customer,27,Business Travel,Eco,696,1,2,2,2,1,1,1,1,3,5,3,3,1,2,0,0,FALSE
Male,Disloyal Customer,74,Business Travel,Business,223,2,2,2,1,2,2,1,2,1,1,2,4,2,1.85,0,0,FALSE
Male,Loyal Customer,54,Business Travel,Business,134,0,5,0,4,2,4,4,3,3,3,3,4,3,2.92,0,0,TRUE
Male,Disloyal Customer,33,Business Travel,Eco,1345,3,3,3,3,4,3,2,4,4,1,4,3,4,3.15,102,85,FALSE
Male,Loyal Customer,24,Personal Travel,Eco,805,3,4,3,3,2,3,2,2,1,5,3,3,2,2.77,125,129,FALSE
Female,Loyal Customer,59,Business Travel,Business,1076,4,4,4,4,5,5,4,5,5,4,5,3,4,4.31,0,2,TRUE
Female,Loyal Customer,27,Business Travel,Business,2475,4,4,4,4,5,5,5,5,4,4,5,3,5,4.38,5,0,TRUE
Female,Loyal Customer,72,Business Travel,Business,1923,3,5,5,5,3,3,3,3,3,3,3,4,1,3.38,0,0,FALSE
Female,Loyal Customer,57,Business Travel,Business,2717,2,2,2,2,4,5,5,4,4,4,4,5,3,3.54,6,0,TRUE
Male,Loyal Customer,35,Personal Travel,Eco,1995,1,1,2,3,1,2,1,1,4,2,3,3,1,1.92,0,0,FALSE
Male,Loyal Customer,50,Business Travel,Business,1890,2,4,4,4,4,4,3,2,2,2,2,4,3,3.08,7,0,FALSE
Male,Loyal Customer,44,Business Travel,Business,466,3,4,4,4,1,4,4,3,3,3,3,2,2,3.08,0,0,FALSE
Male,Disloyal Customer,25,Business Travel,Business,343,3,0,3,1,5,3,1,5,3,5,4,3,5,3.15,0,9,FALSE
Male,Loyal Customer,62,Business Travel,Business,925,1,3,3,3,5,3,2,1,1,1,1,4,4,2.46,4,16,FALSE
Female,Loyal Customer,24,Business Travel,Eco,315,3,3,2,3,3,3,4,3,3,3,3,2,3,2.92,12,16,FALSE
Female,Loyal Customer,55,Personal Travel,Eco,1123,4,4,3,3,4,4,4,2,2,3,2,3,4,3.23,0,0,TRUE
Female,Loyal Customer,43,Personal Travel,Eco Plus,448,1,5,1,2,4,5,4,3,3,1,3,5,5,3.23,4,,FALSE
Male,Loyal Customer,41,Business Travel,Business,2425,4,4,4,4,2,4,5,4,4,4,5,3,4,3.92,0,0,TRUE
Male,Loyal Customer,53,Business Travel,Eco,728,2,3,3,3,2,2,2,2,4,1,3,2,2,2.38,0,0,FALSE
Female,Loyal Customer,33,Business Travel,Business,2617,5,5,5,5,2,5,4,5,5,5,5,4,5,4.62,0,30,TRUE
Female,Loyal Customer,40,Personal Travel,Eco,558,2,5,1,1,1,1,1,1,3,2,5,3,1,2.08,0,0,FALSE
Male,Disloyal Customer,27,Business Travel,Business,1172,2,1,1,4,4,1,4,4,2,5,3,3,4,2.92,0,0,FALSE
Male,Disloyal Customer,25,Business Travel,Business,1372,3,2,3,4,5,3,5,5,3,2,3,4,5,3.62,0,0,FALSE
Female,Loyal Customer,38,Business Travel,Eco,1334,2,1,1,1,2,1,2,2,2,1,3,4,2,1.85,0,0,FALSE
Male,Loyal Customer,35,Business Travel,Business,3488,0,0,0,3,4,1,1,2,2,2,2,1,2,1.54,0,0,TRUE
Male,Loyal Customer,64,Personal Travel,Business,646,1,3,1,1,1,3,2,4,4,1,4,3,1,2.23,3,0,FALSE
Female,Loyal Customer,32,Personal Travel,Eco,407,5,4,1,3,3,1,3,3,3,5,1,2,3,2.85,13,2,TRUE
Male,Loyal Customer,50,Business Travel,Business,551,4,4,4,4,3,5,5,5,5,5,5,3,5,4.38,17,13,TRUE
Male,Loyal Customer,20,Business Travel,Business,1126,3,1,5,1,3,3,3,3,1,4,3,4,3,2.85,0,0,FALSE
Female,Disloyal Customer,24,Business Travel,Eco,126,4,0,4,1,4,4,4,4,1,1,2,1,4,2.62,0,0,FALSE
Female,Loyal Customer,49,Business Travel,Business,577,4,4,4,4,4,4,5,4,4,4,4,3,4,4,0,0,TRUE
Female,Loyal Customer,46,Business Travel,Eco,290,4,2,2,2,5,3,4,4,4,4,4,1,3,3.23,0,0,TRUE
Female,Loyal Customer,15,Personal Travel,Eco,331,1,5,1,2,5,1,5,5,5,3,4,5,5,3.62,0,0,FALSE
Female,Loyal Customer,31,Business Travel,Business,2602,3,3,3,3,4,4,4,2,3,4,2,4,4,3.31,19,21,TRUE
Male,Loyal Customer,25,Personal Travel,Eco,889,4,4,4,3,2,4,2,2,4,5,5,3,2,3.38,9,0,TRUE
Female,Loyal Customer,25,Personal Travel,Eco,304,4,1,4,4,1,4,1,1,4,4,3,3,1,2.69,80,69,FALSE
Male,Loyal Customer,45,Business Travel,Business,3559,4,4,4,4,5,4,5,2,2,2,2,4,3,3.46,0,0,TRUE
Male,Loyal Customer,42,Business Travel,Business,414,1,1,1,1,1,2,2,1,1,1,1,3,2,1.38,0,0,FALSE
Male,Loyal Customer,45,Business Travel,Eco,651,1,5,2,5,1,1,1,1,4,5,4,1,1,2.46,21,9,FALSE
Male,Loyal Customer,11,Personal Travel,Eco,991,2,4,2,4,2,1,1,1,4,3,3,1,1,2.23,207,205,FALSE
Female,Loyal Customer,20,Personal Travel,Eco,628,0,5,0,1,1,0,1,1,3,4,4,3,1,1.85,16,4,TRUE
Female,Loyal Customer,60,Personal Travel,Eco,2475,3,5,3,3,3,1,1,2,5,5,1,1,1,2.62,0,0,FALSE
Female,Loyal Customer,47,Business Travel,Business,550,1,1,1,1,5,5,5,4,4,4,4,4,5,3.38,0,0,TRUE
Male,Loyal Customer,26,Business Travel,Business,1702,4,4,4,4,4,4,4,4,4,1,5,5,4,3.92,0,0,TRUE
Male,Loyal Customer,33,Personal Travel,Eco,212,2,2,2,3,5,2,5,5,3,4,2,4,5,3.38,18,14,FALSE
Male,Loyal Customer,16,Personal Travel,Eco,888,3,3,2,4,2,2,2,2,2,3,3,1,2,2.38,49,29,FALSE
Female,Loyal Customer,47,Business Travel,Business,845,1,1,1,1,4,5,4,5,5,5,5,5,3,3.46,20,17,TRUE
Female,Loyal Customer,48,Business Travel,Eco,351,5,4,2,4,3,5,2,5,5,5,5,5,4,4.15,0,0,TRUE
Female,Disloyal Customer,26,Business Travel,Eco,867,1,1,1,2,4,1,4,4,5,3,5,3,4,2.92,15,14,FALSE
Female,Disloyal Customer,37,Business Travel,Eco Plus,220,3,3,3,4,3,3,3,3,2,3,3,4,3,3.08,0,1,FALSE
Female,Loyal Customer,34,Business Travel,Business,2365,2,5,5,5,3,3,4,2,2,2,2,4,2,3.15,5,2,FALSE
Male,Loyal Customer,49,Business Travel,Business,2418,5,5,5,5,5,4,5,4,4,4,4,4,3,4.38,0,0,TRUE
Male,Loyal Customer,44,Business Travel,Business,3896,4,4,4,4,3,5,4,4,4,4,4,3,5,4,2,0,TRUE
Female,Loyal Customer,38,Business Travel,Eco Plus,1081,5,2,2,2,5,5,5,5,3,2,1,3,5,3.46,1,20,TRUE
Male,Loyal Customer,28,Personal Travel,Business,862,5,5,5,5,2,5,2,2,5,2,4,4,2,3.69,0,0,TRUE
Female,Disloyal Customer,39,Business Travel,Business,236,4,4,4,1,4,4,4,4,4,3,5,4,4,3.77,41,33,TRUE
Male,Loyal Customer,28,Business Travel,Business,1849,3,3,2,3,3,3,3,3,5,2,4,4,3,3.15,0,0,TRUE
Female,Loyal Customer,35,Business Travel,Eco,1276,3,2,2,2,3,3,3,3,3,1,4,4,3,2.77,55,47,FALSE
Female,Loyal Customer,34,Business Travel,Business,188,1,2,2,2,1,4,3,3,3,3,1,3,3,2.38,12,9,FALSE
Female,Loyal Customer,56,Business Travel,Business,2984,4,4,4,4,2,4,5,5,5,5,4,4,4,4.15,0,0,TRUE
Male,Loyal Customer,14,Personal Travel,Eco,282,2,4,2,4,4,2,4,4,3,3,1,4,4,3.15,0,0,FALSE
Male,Disloyal Customer,25,Business Travel,Business,481,4,0,4,2,4,4,4,4,5,3,4,3,4,3.46,0,0,TRUE
Male,Loyal Customer,56,Business Travel,Business,761,1,1,1,1,3,4,4,4,4,4,4,4,4,3,117,100,TRUE
Male,Loyal Customer,39,Business Travel,Business,929,2,2,5,2,4,5,5,4,4,4,4,4,4,3.77,40,30,TRUE
Male,Loyal Customer,17,Personal Travel,Eco,427,2,3,2,4,2,2,2,2,3,3,3,2,2,2.46,1,0,FALSE
Female,Loyal Customer,44,Business Travel,Business,737,3,4,3,3,3,4,5,3,3,3,3,3,5,3.46,14,2,TRUE
Male,Loyal Customer,36,Business Travel,Business,2504,2,1,1,1,1,3,3,2,2,2,2,1,4,1.92,0,0,FALSE
Male,Loyal Customer,54,Personal Travel,Eco Plus,406,4,1,4,2,1,4,1,1,3,5,3,4,1,2.62,0,0,TRUE
Female,Loyal Customer,24,Personal Travel,Eco,463,2,5,2,5,5,2,5,5,4,4,5,3,5,4,0,0,FALSE
Female,Loyal Customer,55,Business Travel,Business,2769,4,4,4,4,4,2,2,4,4,4,4,4,1,3.46,0,3,FALSE
Female,Loyal Customer,30,Personal Travel,Eco,669,3,4,3,3,4,3,2,4,4,5,4,5,4,3.69,0,0,FALSE
Male,Loyal Customer,48,Business Travel,Business,1096,1,1,1,1,5,4,5,4,4,4,4,5,5,3.38,0,0,TRUE
Female,Loyal Customer,34,Personal Travel,Eco,451,3,3,3,1,3,3,3,3,5,2,5,5,3,3.23,0,0,FALSE
Male,Loyal Customer,29,Personal Travel,Eco,1236,4,5,4,4,4,4,1,4,3,2,3,4,4,3.54,12,0,FALSE
Male,Loyal Customer,16,Personal Travel,Eco,1368,2,4,2,4,1,2,4,1,4,4,4,3,1,2.77,4,0,FALSE
Male,Loyal Customer,25,Business Travel,Business,192,2,2,2,2,5,5,5,5,5,3,5,4,5,3.85,96,86,TRUE
Female,Loyal Customer,18,Business Travel,Business,337,2,1,1,1,2,2,2,2,2,4,3,2,2,2,37,31,FALSE
Female,Loyal Customer,48,Business Travel,Business,3804,3,3,3,3,2,5,2,4,4,4,4,2,4,3.31,0,4,TRUE
Male,Loyal Customer,51,Business Travel,Eco,944,5,4,4,4,5,5,5,5,4,2,2,3,5,4.08,0,0,TRUE
Female,Loyal Customer,23,Business Travel,Business,3737,3,1,1,1,3,3,3,3,3,4,3,3,3,2.62,22,22,FALSE
Male,Loyal Customer,10,Personal Travel,Eco,1050,3,5,3,1,5,3,5,5,4,3,4,4,5,3.85,24,5,FALSE
Male,Loyal Customer,48,Business Travel,Business,2585,3,3,3,3,1,4,4,3,3,2,3,2,1,2.69,0,0,FALSE
Female,Loyal Customer,36,Personal Travel,Eco,828,1,4,2,1,4,2,4,4,4,2,5,5,4,3.23,84,73,FALSE
Male,Loyal Customer,47,Business Travel,Business,486,4,4,1,4,2,4,4,2,2,2,2,3,5,3,0,0,TRUE
Male,Loyal Customer,56,Business Travel,Business,2434,2,2,2,2,3,5,5,5,5,5,5,5,4,3.85,0,0,TRUE
Female,Loyal Customer,76,Business Travel,Business,390,1,1,1,1,4,4,4,5,5,5,5,4,3,3.31,0,0,TRUE
Female,Loyal Customer,25,Business Travel,Eco Plus,569,2,1,1,1,2,2,3,2,3,3,3,3,2,2.15,16,19,FALSE
Male,Disloyal Customer,26,Business Travel,Eco,565,3,5,3,3,4,3,4,4,5,5,1,3,4,3.62,1,0,FALSE
Female,Loyal Customer,33,Business Travel,Business,2899,2,2,2,2,4,4,4,1,1,2,4,4,4,2.77,157,136,TRUE
Female,Loyal Customer,46,Business Travel,Business,3019,3,3,3,3,3,3,3,3,3,3,3,4,3,3.08,1,3,FALSE
Female,Disloyal Customer,38,Business Travel,Business,459,3,3,3,4,5,3,5,5,2,2,4,4,5,3.69,0,0,FALSE
Male,Loyal Customer,31,Business Travel,Business,1975,1,1,1,1,5,5,5,5,2,4,3,3,5,3.15,63,66,TRUE
Male,Disloyal Customer,38,Business Travel,Eco,115,4,3,4,2,4,4,4,4,2,5,2,1,4,3.31,0,0,TRUE
Female,Loyal Customer,39,Personal Travel,Eco Plus,679,3,4,3,1,2,3,2,2,5,3,4,3,2,2.85,0,9,FALSE
Female,Disloyal Customer,49,Business Travel,Business,1750,2,2,2,3,2,2,3,2,5,5,5,3,2,2.92,13,0,FALSE
Male,Loyal Customer,40,Business Travel,Business,2000,5,5,5,5,2,4,4,4,4,4,4,4,4,4.15,30,20,TRUE
Female,Loyal Customer,51,Business Travel,Eco Plus,403,5,3,3,3,4,3,2,5,5,5,5,1,3,3.62,117,117,TRUE
Male,Loyal Customer,54,Business Travel,Business,456,3,3,3,3,1,4,3,3,3,3,3,3,3,2.92,46,28,FALSE
Female,Loyal Customer,32,Business Travel,Eco,163,2,3,3,3,2,2,2,2,1,2,4,3,2,2.38,0,6,FALSE
Male,Loyal Customer,41,Business Travel,Business,239,1,2,2,2,4,2,3,1,1,1,1,1,1,1.69,0,0,FALSE
Male,Loyal Customer,68,Personal Travel,Eco,1723,4,4,4,1,5,4,5,5,3,3,4,3,5,3.85,11,0,TRUE
Female,Loyal Customer,50,Business Travel,Business,1086,3,3,3,3,2,5,5,5,5,5,5,5,5,4.15,0,0,TRUE
Male,Loyal Customer,70,Personal Travel,Eco Plus,141,3,3,3,3,4,3,2,4,2,1,3,2,4,2.85,0,0,FALSE
Male,Disloyal Customer,17,Business Travel,Eco,569,3,4,3,4,2,3,1,2,1,3,4,3,2,2.69,0,0,FALSE
Male,Loyal Customer,68,Personal Travel,Eco,1117,4,4,4,4,4,4,5,4,3,2,5,5,4,4,12,26,FALSE
Male,Loyal Customer,68,Personal Travel,Eco,760,2,4,2,2,4,2,4,4,5,2,4,5,4,3.38,0,0,FALSE
Male,Disloyal Customer,30,Business Travel,Eco,679,3,3,3,2,3,3,3,3,5,3,5,3,3,3.23,0,3,FALSE
Male,Loyal Customer,36,Personal Travel,Eco,1671,4,4,4,1,3,4,3,3,4,4,2,4,3,3.31,12,23,FALSE
Male,Loyal Customer,45,Business Travel,Business,1924,1,1,1,1,2,4,5,4,4,3,4,5,4,3,0,0,TRUE
Female,Disloyal Customer,28,Business Travel,Eco,1237,2,2,2,2,2,2,2,2,2,3,4,3,2,2.31,39,27,FALSE
Female,Loyal Customer,47,Personal Travel,Eco,986,2,5,2,3,2,5,4,5,5,2,5,3,4,3.62,66,59,FALSE
Male,Loyal Customer,43,Business Travel,Business,1562,1,1,1,1,3,5,4,5,5,5,5,5,3,3.38,95,87,TRUE
Female,Loyal Customer,21,Personal Travel,Eco,509,3,5,3,1,2,3,2,2,5,3,5,4,2,3.08,0,0,FALSE
Female,Disloyal Customer,26,Business Travel,Eco,912,1,1,1,4,5,1,5,5,1,5,3,3,5,3.08,11,8,FALSE
Male,Loyal Customer,32,Business Travel,Business,134,2,1,1,1,1,1,2,1,4,3,4,4,1,2,3,0,FALSE
Male,Disloyal Customer,37,Business Travel,Eco,461,2,0,2,4,4,2,3,4,1,4,5,2,4,2.85,0,0,FALSE
Female,Loyal Customer,74,Business Travel,Business,1569,3,3,3,3,4,3,4,4,4,4,4,2,2,3.31,1,0,TRUE
Male,Loyal Customer,31,Personal Travel,Eco Plus,214,1,0,1,3,1,4,5,3,4,4,4,5,5,3.08,145,136,FALSE
Female,Loyal Customer,19,Personal Travel,Eco,1626,5,4,5,4,2,5,2,2,5,3,5,5,2,3.77,2,0,TRUE
Male,Loyal Customer,52,Business Travel,Business,533,5,5,5,5,3,5,2,4,4,4,4,2,4,4,37,33,TRUE
Female,Disloyal Customer,21,Business Travel,Business,1129,1,1,1,3,3,1,1,3,4,1,3,4,3,2.23,0,9,FALSE
Female,Disloyal Customer,43,Business Travel,Eco,552,3,4,3,5,4,3,4,4,2,1,3,2,4,3.23,35,25,FALSE
Male,Loyal Customer,43,Business Travel,Eco,590,4,1,5,5,4,4,4,4,1,5,2,4,4,3.62,0,6,FALSE
Female,Loyal Customer,50,Business Travel,Business,2418,2,2,2,2,4,4,4,5,5,5,5,5,3,3.69,86,66,TRUE
Female,Loyal Customer,23,Business Travel,Business,1192,1,1,1,1,5,5,5,5,3,2,5,3,5,3.23,0,4,TRUE
Male,Loyal Customer,48,Personal Travel,Eco,1246,2,4,2,3,4,2,4,4,4,4,4,3,4,3.38,19,4,FALSE
Male,Loyal Customer,34,Business Travel,Business,1820,1,1,1,1,1,4,5,5,5,5,5,1,5,3.08,0,0,TRUE
Female,Loyal Customer,35,Personal Travel,Eco,1167,4,1,5,3,3,5,3,3,1,3,2,4,3,3.08,0,0,FALSE
Female,Loyal Customer,14,Personal Travel,Eco,351,4,5,4,2,4,4,4,4,3,5,5,4,4,4,0,0,FALSE
Female,Loyal Customer,11,Personal Travel,Business,964,3,5,3,1,5,3,5,5,3,4,4,4,5,3.85,0,0,FALSE
Male,Loyal Customer,57,Business Travel,Business,583,5,5,2,5,4,5,5,5,5,5,5,4,5,4.62,4,0,TRUE
Female,Disloyal Customer,66,Business Travel,Business,396,3,3,3,3,3,2,2,3,4,4,4,2,2,2.92,195,295,FALSE
Male,Loyal Customer,42,Business Travel,Business,3387,2,2,3,2,2,4,4,5,5,5,5,3,4,3.54,6,0,TRUE
Female,Loyal Customer,57,Personal Travel,Eco,321,2,2,2,4,4,4,3,2,2,2,2,2,2,2.54,6,9,FALSE
Male,Loyal Customer,34,Personal Travel,Eco,239,3,5,0,3,2,0,2,2,5,4,4,3,2,2.69,4,5,FALSE
Male,Loyal Customer,42,Business Travel,Business,1589,4,4,4,4,2,4,4,5,5,5,5,4,5,4.23,2,0,TRUE
Male,Loyal Customer,43,Business Travel,Business,1379,1,1,1,1,4,4,5,5,5,5,5,4,3,3.38,0,0,TRUE
Male,Loyal Customer,44,Personal Travel,Eco,1184,3,5,3,2,2,3,1,2,5,5,3,3,2,3,84,85,FALSE
Female,Disloyal Customer,40,Business Travel,Business,109,4,4,4,2,1,4,1,1,4,3,1,1,1,2.38,5,3,TRUE
Male,Loyal Customer,23,Business Travel,Eco,761,5,4,1,1,5,5,5,5,3,1,2,3,5,3.46,46,46,TRUE
Female,Loyal Customer,57,Business Travel,Business,67,0,5,0,1,5,5,3,5,5,5,5,3,2,3.38,0,0,TRUE
Female,Loyal Customer,50,Business Travel,Business,227,3,3,3,3,2,4,4,5,5,4,5,3,4,3.69,0,0,TRUE
Female,Loyal Customer,24,Personal Travel,Eco,637,1,4,1,3,1,1,1,1,4,1,4,4,1,2.08,45,53,FALSE
Male,Loyal Customer,38,Business Travel,Business,1678,4,5,5,5,1,3,4,4,4,3,4,3,3,3.69,45,40,FALSE
Male,Loyal Customer,18,Business Travel,Eco,383,5,3,4,3,5,5,4,5,1,3,1,1,5,3.46,0,0,TRUE
Male,Loyal Customer,33,Business Travel,Eco,323,5,2,2,2,5,5,5,5,3,2,2,1,5,3.38,49,116,TRUE
Male,Loyal Customer,52,Business Travel,Eco,852,4,5,5,5,4,4,4,4,1,3,5,1,4,3.77,15,0,TRUE
Female,Loyal Customer,59,Business Travel,Eco,746,1,3,3,3,1,2,2,1,1,1,1,4,4,2.08,0,0,FALSE
Female,Loyal Customer,30,Business Travel,Business,672,2,2,2,2,4,4,4,4,5,2,5,3,4,3.31,31,23,TRUE
Female,Loyal Customer,67,Personal Travel,Eco,1237,2,5,1,1,3,4,5,2,2,1,3,5,5,3,0,0,FALSE
Female,Loyal Customer,46,Business Travel,Business,250,3,3,3,3,4,4,4,4,4,4,4,3,5,3.69,0,0,TRUE
Male,Disloyal Customer,25,Business Travel,Business,192,4,5,4,1,5,4,5,5,3,5,5,5,5,4.31,32,20,TRUE
Female,Loyal Customer,57,Business Travel,Business,2815,0,5,0,3,5,4,5,4,4,4,4,3,3,3.38,0,0,TRUE
Male,Loyal Customer,16,Personal Travel,Eco Plus,457,2,5,2,3,4,2,4,4,3,3,5,4,4,3.46,0,0,FALSE
Female,Loyal Customer,36,Business Travel,Business,237,0,0,0,3,3,5,4,4,4,4,4,5,3,3,4,15,TRUE
Male,Loyal Customer,36,Personal Travel,Eco,986,4,4,4,3,4,4,4,4,5,3,5,3,4,3.92,40,27,FALSE
Female,Loyal Customer,38,Business Travel,Eco,822,3,4,4,4,3,3,3,3,4,3,4,1,3,3.23,21,17,FALSE
Male,Loyal Customer,43,Business Travel,Business,237,1,3,3,3,5,4,3,1,1,1,1,4,3,2.54,0,0,FALSE
Female,Loyal Customer,14,Personal Travel,Eco Plus,1111,4,5,4,1,2,4,2,2,3,3,5,4,2,3.15,0,0,TRUE
Male,Loyal Customer,52,Business Travel,Business,1590,1,1,1,1,3,5,5,4,4,4,4,5,5,3.31,0,0,TRUE
Female,Disloyal Customer,26,Business Travel,Eco,377,2,3,2,3,3,2,3,3,3,1,4,4,3,2.77,20,62,FALSE
Female,Loyal Customer,48,Business Travel,Eco Plus,1102,4,1,1,1,2,4,3,4,4,4,4,2,4,2.92,0,9,FALSE
Female,Loyal Customer,27,Business Travel,Business,1464,2,2,2,2,5,5,5,5,5,4,5,3,5,3.85,77,102,TRUE
Male,Loyal Customer,22,Business Travel,Business,1940,4,4,4,4,3,5,3,3,5,2,1,5,3,3.54,0,0,TRUE
Female,Loyal Customer,35,Business Travel,Business,3185,2,3,2,3,3,4,3,2,2,2,2,2,3,2.54,9,11,FALSE
Female,Loyal Customer,52,Business Travel,Eco,458,5,2,5,2,2,4,3,5,5,5,5,4,2,3.77,0,0,TRUE
Male,Disloyal Customer,36,Business Travel,Business,102,2,2,2,5,5,2,5,5,3,4,5,3,5,3.69,35,28,FALSE
Female,Disloyal Customer,25,Business Travel,Eco,563,4,5,4,4,3,4,3,3,5,1,2,1,3,3.23,0,0,FALSE
Male,Loyal Customer,67,Personal Travel,Eco,591,2,4,2,2,5,2,5,5,3,2,5,4,5,3.54,48,33,FALSE
Male,Loyal Customer,13,Personal Travel,Eco,630,2,4,2,3,1,2,1,1,4,4,4,4,1,2.54,23,24,FALSE
Male,Loyal Customer,53,Personal Travel,Eco,305,1,4,1,4,4,1,4,4,5,2,5,4,4,3.31,42,36,FALSE
Male,Loyal Customer,59,Personal Travel,Eco,432,2,3,2,4,4,2,1,4,2,5,4,4,4,3.15,0,0,FALSE
Female,Loyal Customer,28,Personal Travel,Eco,813,3,0,2,3,4,2,4,4,5,4,5,3,4,3.31,2,9,FALSE
Male,Loyal Customer,46,Business Travel,Business,361,3,3,3,3,4,4,5,5,5,5,5,3,5,4.08,18,9,TRUE
Female,Loyal Customer,61,Personal Travel,Eco,723,3,3,3,4,1,5,2,4,4,3,4,1,4,3.15,6,27,FALSE
Male,Disloyal Customer,27,Business Travel,Eco,1400,1,1,1,4,5,1,4,5,4,1,3,3,5,2.92,0,0,FALSE
Female,Loyal Customer,67,Personal Travel,Eco,2105,2,5,3,5,4,5,5,4,4,3,4,5,5,4.15,0,0,FALSE
Male,Disloyal Customer,27,Business Travel,Business,495,2,2,2,1,2,2,2,2,4,1,1,1,2,1.85,0,0,FALSE
Male,Loyal Customer,43,Business Travel,Eco,551,5,2,2,2,5,5,5,5,5,2,1,3,5,3.62,1,0,TRUE
Female,Loyal Customer,43,Business Travel,Business,1895,1,2,2,2,1,3,4,1,1,1,1,4,2,1.92,0,0,FALSE
Female,Loyal Customer,34,Personal Travel,Eco Plus,399,3,3,3,4,1,3,1,1,2,4,3,4,1,2.54,0,0,FALSE
Female,Disloyal Customer,24,Business Travel,Eco,1377,1,1,1,3,1,1,1,1,3,4,4,1,1,1.77,63,65,FALSE
Male,Loyal Customer,40,Personal Travel,Eco,447,3,4,3,4,5,3,5,5,5,4,5,3,5,4.15,0,1,FALSE
Male,Disloyal Customer,27,Business Travel,Eco,764,1,1,1,4,2,1,5,2,4,3,3,1,2,2.31,0,0,FALSE
Female,Loyal Customer,42,Business Travel,Business,3183,5,5,5,5,4,1,1,3,3,4,3,2,3,3.38,0,0,TRUE
Female,Loyal Customer,40,Business Travel,Business,1590,1,1,3,1,4,5,4,5,5,5,5,5,3,3.62,0,0,TRUE
Female,Disloyal Customer,19,Business Travel,Business,1411,4,5,4,5,4,4,3,4,5,2,5,5,4,4.15,1,0,TRUE
Female,Loyal Customer,26,Business Travel,Business,516,3,3,3,3,4,4,4,4,3,2,5,5,4,3.62,0,0,TRUE
Female,Loyal Customer,41,Business Travel,Eco Plus,680,5,2,2,2,2,2,4,5,5,5,5,5,4,3.69,0,0,TRUE
Female,Loyal Customer,25,Personal Travel,Business,1067,2,4,2,3,1,2,1,1,3,4,4,4,1,2.46,0,5,FALSE
Male,Disloyal Customer,26,Business Travel,Eco,462,3,3,3,3,3,5,5,4,4,3,3,5,5,3.77,191,196,FALSE
Female,Loyal Customer,27,Personal Travel,Eco,204,3,4,0,1,4,0,4,4,5,2,4,2,4,2.85,0,2,FALSE
Male,Loyal Customer,59,Business Travel,Business,986,3,3,3,3,5,4,4,4,4,4,4,5,3,3.77,0,0,TRUE
Male,Loyal Customer,53,Personal Travel,Eco,1249,3,5,3,4,5,3,5,5,4,5,4,5,5,4.31,0,,FALSE
Female,Disloyal Customer,23,Business Travel,Eco,807,3,3,3,4,4,3,4,4,2,1,3,1,4,3,13,0,FALSE
Male,Loyal Customer,26,Personal Travel,Business,354,3,4,3,3,5,3,5,5,4,3,5,5,5,4.08,0,0,FALSE
Male,Loyal Customer,43,Business Travel,Business,226,3,3,3,3,3,5,5,5,5,5,5,3,3,3.92,3,0,TRUE
Male,Loyal Customer,39,Business Travel,Business,2087,3,3,5,3,5,3,4,3,3,4,3,4,2,3.46,0,0,TRUE
Female,Loyal Customer,20,Business Travel,Eco Plus,456,2,4,4,4,2,2,1,2,3,4,4,2,2,2.77,0,0,FALSE
Male,Loyal Customer,28,Business Travel,Business,712,1,1,1,1,3,3,3,3,5,4,4,3,3,2.69,0,0,TRUE
Male,Loyal Customer,46,Business Travel,Eco,413,4,1,1,1,4,4,4,4,4,5,2,5,4,3.31,0,0,TRUE
Male,Loyal Customer,40,Business Travel,Business,1610,5,5,5,5,3,4,5,5,5,5,5,5,3,4.62,0,0,TRUE
Female,Loyal Customer,48,Business Travel,Business,2318,3,3,3,3,5,5,5,5,5,5,5,4,3,4.15,0,0,TRUE
Female,Loyal Customer,32,Business Travel,Business,2620,1,1,1,1,5,5,5,5,5,4,5,3,5,3.54,1,0,TRUE
Female,Loyal Customer,57,Business Travel,Eco,809,4,2,2,2,5,1,5,4,4,4,4,5,3,3.46,126,111,TRUE
Male,Loyal Customer,47,Business Travel,Business,3843,5,5,2,5,4,4,4,5,5,5,5,5,4,4.46,0,0,TRUE
Male,Loyal Customer,40,Personal Travel,Eco,794,3,2,3,4,5,3,5,5,4,3,4,4,5,3.85,0,0,FALSE
Female,Loyal Customer,59,Business Travel,Business,2139,3,5,4,5,4,2,3,3,3,3,3,2,3,3.31,0,0,FALSE
Female,Loyal Customer,38,Business Travel,Eco,284,4,3,3,3,4,4,4,4,2,2,3,3,4,3.31,57,61,TRUE
Female,Loyal Customer,40,Business Travel,Business,931,3,3,3,3,5,4,4,4,4,4,4,4,5,3.85,0,16,TRUE
Male,Loyal Customer,47,Business Travel,Business,2201,4,4,4,4,2,5,5,5,5,5,4,5,4,4.31,56,52,TRUE
Male,Loyal Customer,22,Business Travel,Business,2342,5,5,5,5,2,2,2,3,4,4,5,2,2,3.54,0,0,TRUE
Female,Disloyal Customer,60,Business Travel,Eco,1608,1,1,1,3,1,1,1,1,3,1,4,5,1,1.85,0,0,FALSE
Female,Loyal Customer,12,Personal Travel,Eco,282,2,4,2,4,3,2,3,3,4,3,5,5,3,3.31,0,0,FALSE
Female,Loyal Customer,25,Personal Travel,Eco,323,2,1,2,3,4,2,3,4,2,1,2,1,4,2.38,3,0,FALSE
Female,Disloyal Customer,26,Business Travel,Business,711,2,0,1,3,3,1,5,3,5,3,5,5,3,3,0,0,FALSE
Male,Loyal Customer,9,Personal Travel,Eco,457,3,5,3,1,4,3,4,4,3,5,4,3,4,3.54,0,0,FALSE
Male,Loyal Customer,45,Personal Travel,Eco,1927,3,5,3,2,2,3,2,2,5,2,5,4,2,3.08,0,0,FALSE
Female,Loyal Customer,28,Business Travel,Business,2611,1,1,1,1,1,1,1,4,3,2,2,1,1,1.54,48,78,FALSE
Female,Loyal Customer,40,Business Travel,Business,3677,1,1,1,1,5,4,4,3,3,4,3,4,5,3,0,4,TRUE
Male,Disloyal Customer,23,Business Travel,Eco,1207,4,4,4,3,1,4,1,1,4,3,4,5,1,3,14,1,TRUE
Male,Loyal Customer,37,Personal Travel,Eco Plus,1598,4,4,4,3,5,4,5,5,4,4,4,4,5,4.23,0,0,TRUE
Female,Disloyal Customer,12,Business Travel,Eco,1333,3,3,3,4,1,3,1,1,1,4,3,5,1,2.54,0,0,FALSE
Male,Loyal Customer,42,Business Travel,Business,2182,3,3,3,3,1,2,1,3,3,3,3,4,1,2.54,3,1,FALSE
Male,Loyal Customer,27,Business Travel,Business,696,2,2,2,2,4,4,4,4,5,2,3,2,4,3.08,0,0,TRUE
Male,Loyal Customer,49,Business Travel,Business,303,2,2,2,2,5,5,5,5,5,5,5,5,5,4.08,0,0,TRUE
Female,Loyal Customer,31,Business Travel,Business,296,1,1,1,1,4,5,4,4,2,2,5,5,4,3,0,0,TRUE
Male,Loyal Customer,54,Business Travel,Business,432,3,3,3,3,4,4,5,5,5,5,5,5,3,4.08,1,0,TRUE
Female,Disloyal Customer,34,Business Travel,Business,304,3,3,3,2,4,3,1,4,3,4,4,3,4,3.15,0,0,FALSE
Female,Loyal Customer,60,Business Travel,Business,337,3,3,3,3,4,3,3,3,3,3,3,3,4,3.15,0,0,FALSE
Female,Loyal Customer,41,Business Travel,Business,432,3,3,2,3,4,4,5,4,4,4,4,4,4,3.69,0,0,TRUE
Female,Loyal Customer,49,Business Travel,Business,2103,5,5,5,5,1,5,2,5,5,5,5,3,1,4,17,8,TRUE
Female,Loyal Customer,32,Business Travel,Business,604,4,4,4,4,3,3,3,3,4,3,5,3,3,3.54,0,0,TRUE
Female,Disloyal Customer,21,Business Travel,Business,666,4,4,4,1,2,4,2,2,4,5,5,3,2,3.23,0,23,TRUE
Female,Loyal Customer,13,Personal Travel,Eco,319,3,3,3,3,3,3,3,3,1,2,2,5,3,2.85,0,0,FALSE
Female,Disloyal Customer,17,Business Travel,Eco,731,4,5,5,2,2,4,2,2,2,5,5,4,2,3.38,0,0,FALSE
Female,Disloyal Customer,26,Business Travel,Business,405,4,4,4,4,1,4,1,1,3,3,5,5,1,3.08,0,0,TRUE
Female,Disloyal Customer,20,Business Travel,Eco,158,2,3,2,3,4,2,4,4,1,2,3,3,4,2.85,20,23,FALSE
Male,Loyal Customer,43,Business Travel,Business,1608,4,4,3,4,4,4,4,3,3,5,4,4,4,3.85,133,103,TRUE
Male,Loyal Customer,48,Personal Travel,Eco,312,4,4,4,5,4,4,1,4,5,3,4,4,4,3.85,0,0,TRUE
Female,Disloyal Customer,22,Business Travel,Eco,247,0,4,0,2,4,0,4,4,5,5,5,3,4,3.08,19,16,TRUE
Female,Loyal Customer,42,Business Travel,Business,337,1,1,3,1,3,4,4,4,4,4,4,5,3,3.15,52,46,TRUE
Male,Loyal Customer,7,Personal Travel,Eco,627,2,4,2,3,5,2,5,5,3,4,5,5,5,3.85,0,6,FALSE
Male,Loyal Customer,45,Business Travel,Eco,536,2,4,4,4,2,2,2,2,2,4,3,1,2,2.62,0,0,FALSE
Female,Loyal Customer,21,Personal Travel,Eco,2677,3,4,3,3,5,3,4,5,1,3,3,4,5,3.54,0,0,FALSE
Female,Loyal Customer,47,Business Travel,Business,3584,4,1,1,1,4,3,3,4,4,4,4,3,2,2.92,0,0,FALSE
Female,Disloyal Customer,37,Business Travel,Business,391,3,3,3,5,3,3,1,3,5,5,4,5,3,3.54,0,0,FALSE
Female,Loyal Customer,51,Business Travel,Business,1911,3,5,5,5,3,3,3,2,4,3,4,3,3,3.54,174,162,FALSE
Male,Loyal Customer,17,Business Travel,Business,3841,3,3,3,3,4,5,4,4,4,5,4,4,4,3.85,0,0,TRUE
Female,Loyal Customer,54,Personal Travel,Eco,936,1,1,1,3,3,4,4,5,5,1,5,2,2,2.85,0,0,FALSE
Female,Loyal Customer,46,Personal Travel,Eco,590,2,4,2,3,5,4,3,3,3,2,3,5,5,3.38,0,0,FALSE
Female,Loyal Customer,59,Personal Travel,Eco Plus,1076,2,5,2,2,3,4,5,4,4,2,3,4,4,3.38,0,0,FALSE
Female,Disloyal Customer,44,Business Travel,Business,414,2,2,2,5,3,2,1,3,4,3,4,5,3,3,0,0,FALSE
Male,Loyal Customer,40,Business Travel,Business,3504,0,1,1,4,5,5,5,4,4,4,4,3,4,3.38,29,32,TRUE
Male,Disloyal Customer,27,Business Travel,Eco,937,1,0,0,1,5,0,5,5,2,2,1,2,5,2.23,20,22,FALSE
Male,Loyal Customer,40,Personal Travel,Eco Plus,930,2,5,2,4,2,2,2,2,5,3,5,3,2,3,4,0,FALSE
Male,Loyal Customer,8,Personal Travel,Eco,448,2,1,2,3,2,2,2,2,4,2,3,4,2,2.38,1,0,FALSE
Male,Loyal Customer,11,Personal Travel,Eco,2419,3,4,3,3,3,3,3,3,2,4,5,4,3,3.31,0,0,FALSE
Female,Disloyal Customer,23,Business Travel,Eco,31,4,0,4,1,1,4,1,1,1,3,4,5,1,2.31,0,0,TRUE
Male,Loyal Customer,46,Business Travel,Business,442,2,2,2,2,1,4,3,5,5,5,5,3,3,3.23,91,77,TRUE
Female,Loyal Customer,68,Personal Travel,Eco,895,2,3,2,3,4,4,4,5,5,2,5,4,4,3.62,0,0,FALSE
Female,Disloyal Customer,35,Business Travel,Eco,297,2,1,2,3,3,2,3,3,1,5,2,3,3,2.54,0,6,FALSE
Female,Loyal Customer,25,Business Travel,Business,2070,2,1,2,2,4,4,4,2,3,4,5,4,4,3.15,146,143,TRUE
Male,Loyal Customer,39,Personal Travel,Eco Plus,190,1,2,1,3,2,1,2,2,2,5,3,2,2,2.15,0,0,FALSE
Male,Loyal Customer,9,Personal Travel,Eco,647,3,5,3,5,4,3,4,4,2,3,3,4,4,3.62,20,9,FALSE
Female,Loyal Customer,49,Personal Travel,Eco,936,2,4,2,3,2,4,4,5,5,2,5,4,3,3.46,14,12,FALSE
Male,Loyal Customer,26,Personal Travel,Eco,1751,2,4,2,3,2,2,2,2,3,4,5,1,2,2.62,9,0,FALSE
Female,Disloyal Customer,16,Business Travel,Eco Plus,277,2,2,2,4,2,2,2,2,1,2,3,1,2,2.08,19,16,FALSE
Male,Disloyal Customer,25,Business Travel,Business,280,1,0,1,4,1,1,1,1,4,3,1,4,1,1.77,0,0,FALSE
Female,Loyal Customer,34,Personal Travel,Eco,271,1,5,1,3,1,1,1,1,4,5,4,3,1,2.38,0,0,FALSE
Male,Loyal Customer,43,Business Travel,Business,2651,4,1,1,1,3,4,3,4,4,4,4,4,1,2.92,0,0,FALSE
Female,Loyal Customer,53,Business Travel,Eco,508,2,2,4,4,2,3,3,2,2,2,2,3,1,2.46,0,0,FALSE
Male,Loyal Customer,65,Personal Travel,Eco,1242,2,5,2,3,2,2,2,2,4,4,4,4,2,2.92,0,16,FALSE
Female,Loyal Customer,60,Personal Travel,Eco,631,4,4,4,1,2,4,2,1,1,4,1,5,2,2.69,0,0,FALSE
Male,Loyal Customer,44,Business Travel,Business,3859,3,3,3,3,5,4,4,3,3,2,3,5,5,3.54,0,2,TRUE
Male,Loyal Customer,25,Business Travel,Business,993,1,2,5,2,1,1,1,1,1,4,3,3,1,2,0,18,FALSE
Male,Loyal Customer,41,Personal Travel,Eco,299,3,5,3,3,3,3,3,3,4,5,5,5,3,3.69,23,33,FALSE
Male,Loyal Customer,27,Personal Travel,Eco,712,1,4,1,5,2,1,1,2,3,5,5,3,2,2.69,2,18,FALSE
Male,Loyal Customer,52,Business Travel,Business,327,5,5,5,5,3,5,4,4,4,4,4,5,4,4.38,21,46,TRUE
Male,Loyal Customer,66,Personal Travel,Eco,691,1,4,1,1,1,1,1,1,3,5,4,4,1,2.15,0,1,FALSE
Female,Disloyal Customer,26,Business Travel,Business,377,4,0,4,1,5,4,5,5,4,3,4,5,5,3.77,0,0,TRUE
Female,Loyal Customer,46,Business Travel,Business,3109,4,4,1,4,2,4,4,4,4,4,4,3,5,3.62,36,38,TRUE
Female,Loyal Customer,50,Business Travel,Eco,1448,2,5,5,5,3,3,4,2,2,2,2,1,3,3,0,0,FALSE
Female,Disloyal Customer,22,Business Travel,Eco,610,1,3,1,3,1,1,5,1,3,2,3,4,1,2.23,0,0,FALSE
Male,Loyal Customer,68,Personal Travel,Eco,308,3,1,3,4,3,3,3,3,2,2,3,2,3,2.69,0,0,FALSE
Male,Loyal Customer,26,Personal Travel,Business,763,1,5,1,3,5,1,5,5,5,2,5,3,5,3.54,0,0,FALSE
Female,Loyal Customer,53,Business Travel,Business,594,3,3,3,3,5,4,4,5,5,5,5,5,5,4.23,28,17,TRUE
Male,Loyal Customer,12,Personal Travel,Eco,468,1,4,1,4,3,1,5,3,4,1,5,1,3,2.77,42,41,FALSE
Female,Loyal Customer,48,Personal Travel,Business,2454,3,5,3,1,2,4,5,4,4,3,4,5,5,3.69,0,0,FALSE
Male,Loyal Customer,56,Business Travel,Eco,575,4,5,2,5,4,4,4,4,4,4,4,1,4,3.77,0,0,TRUE
Female,Loyal Customer,57,Business Travel,Business,2139,3,3,2,3,3,4,4,4,4,4,4,5,5,3.69,0,0,TRUE
Female,Loyal Customer,49,Personal Travel,Eco,925,3,5,3,3,2,4,4,1,1,3,1,5,3,2.92,0,0,FALSE
Female,Loyal Customer,21,Personal Travel,Eco,2454,2,5,2,5,2,5,5,3,2,1,4,5,5,3.54,0,0,FALSE
Male,Loyal Customer,30,Personal Travel,Eco Plus,1892,2,4,3,4,3,3,3,3,1,4,3,3,3,3,12,7,FALSE
Female,Loyal Customer,58,Business Travel,Business,2536,1,1,1,1,5,4,4,4,4,4,4,3,4,3.08,1,0,TRUE
Male,Loyal Customer,60,Business Travel,Business,2434,1,1,1,1,4,4,5,4,4,4,4,5,3,3.15,20,0,TRUE
Female,Loyal Customer,11,Business Travel,Eco,1452,4,2,2,2,4,4,4,4,3,5,4,4,4,3.54,6,0,FALSE
Male,Loyal Customer,33,Business Travel,Eco Plus,912,2,1,1,1,2,2,2,2,4,3,4,2,2,2.15,2,5,FALSE
Female,Loyal Customer,44,Business Travel,Business,2441,1,1,1,1,4,4,4,4,4,4,4,5,5,3.23,10,4,TRUE
Female,Loyal Customer,50,Personal Travel,Eco,1727,4,1,4,2,5,1,2,4,4,4,5,2,1,3,0,4,FALSE
Male,Loyal Customer,46,Business Travel,Business,1920,1,4,4,4,2,3,3,1,1,1,1,1,4,2.31,0,0,FALSE
Female,Loyal Customer,28,Business Travel,Eco,1189,4,4,4,4,4,4,4,4,1,4,2,1,4,3.38,0,0,TRUE
Female,Loyal Customer,28,Personal Travel,Eco,240,3,4,3,2,1,3,1,1,5,3,1,3,1,2.38,0,0,FALSE
Female,Loyal Customer,60,Business Travel,Business,1825,4,4,4,4,4,4,4,5,5,5,4,4,3,4.15,34,32,TRUE
Male,Loyal Customer,54,Personal Travel,Eco,224,4,5,0,3,1,0,1,1,3,2,5,4,1,2.31,0,30,FALSE
Male,Loyal Customer,57,Personal Travel,Eco,216,3,4,3,1,3,3,3,3,3,4,4,3,3,3.08,0,0,FALSE
Female,Loyal Customer,48,Business Travel,Business,3042,0,0,0,3,2,5,2,3,3,3,3,3,3,2.31,5,10,TRUE
Female,Loyal Customer,55,Business Travel,Business,862,1,1,1,1,4,4,4,5,5,5,5,3,3,3.23,5,0,TRUE
Male,Loyal Customer,55,Business Travel,Business,2357,2,2,2,2,2,5,4,4,4,4,4,4,5,3.38,7,0,TRUE
Male,Disloyal Customer,23,Business Travel,Eco,343,1,2,1,4,5,1,3,5,4,1,3,1,5,2.77,11,10,FALSE
Female,Loyal Customer,43,Business Travel,Business,199,5,5,5,5,4,4,5,5,5,5,5,4,3,4.62,0,7,TRUE
Female,Disloyal Customer,37,Business Travel,Eco,975,1,1,1,3,1,3,3,3,5,4,4,3,3,2.69,4,0,FALSE
Female,Loyal Customer,40,Business Travel,Eco,554,5,2,2,2,5,5,5,5,1,4,2,1,5,3.38,0,0,TRUE
Female,Loyal Customer,22,Personal Travel,Eco,399,3,4,3,5,4,3,4,4,3,4,5,3,4,3.77,0,0,FALSE
Male,Loyal Customer,17,Personal Travel,Eco,292,1,4,1,2,3,1,3,3,3,3,4,5,3,2.77,0,0,FALSE
Female,Loyal Customer,49,Business Travel,Eco Plus,1009,3,2,2,2,5,4,3,4,4,3,4,2,1,3,7,14,FALSE
Female,Loyal Customer,36,Business Travel,Business,2126,2,2,2,2,5,4,4,4,4,4,4,5,3,3.46,0,0,TRUE
Female,Loyal Customer,49,Business Travel,Eco,1216,3,5,5,5,3,3,3,1,3,4,3,3,3,3.38,134,137,FALSE
Male,Loyal Customer,35,Personal Travel,Eco,192,3,4,3,3,1,3,1,1,4,3,5,3,1,2.69,0,4,FALSE
Male,Loyal Customer,33,Personal Travel,Eco Plus,106,4,4,4,2,2,4,2,2,4,2,5,5,2,3.23,0,0,FALSE
Male,Disloyal Customer,26,Business Travel,Business,356,1,2,1,3,1,1,1,1,3,4,3,1,1,1.77,0,0,FALSE
Male,Loyal Customer,47,Business Travel,Business,3247,1,4,1,1,2,5,5,4,4,4,4,5,3,3.31,0,20,TRUE
Male,Disloyal Customer,20,Business Travel,Eco,804,3,3,3,3,5,3,5,5,1,1,3,2,5,3.23,0,20,FALSE
Male,Loyal Customer,36,Personal Travel,Business,1195,3,5,3,5,4,3,4,3,3,3,2,3,5,3.54,0,0,FALSE
Male,Loyal Customer,9,Personal Travel,Eco,285,4,5,4,3,2,4,2,2,3,3,4,3,2,3.15,0,0,FALSE
Female,Loyal Customer,39,Business Travel,Business,3131,4,4,4,4,2,2,3,4,4,4,4,1,1,3.15,0,13,TRUE
Male,Loyal Customer,32,Business Travel,Business,199,5,5,5,5,5,5,4,5,4,2,5,4,5,4.54,24,24,TRUE
Male,Disloyal Customer,39,Business Travel,Eco,862,2,2,2,4,1,2,1,1,5,2,5,3,1,2.38,0,0,FALSE
Female,Loyal Customer,36,Business Travel,Eco,637,4,3,3,3,4,4,4,4,4,3,1,5,4,3.54,0,0,TRUE
Male,Loyal Customer,43,Business Travel,Eco,1694,2,5,5,5,2,2,2,2,4,5,3,1,2,3.08,20,9,FALSE
Female,Loyal Customer,52,Business Travel,Business,1491,1,1,1,1,3,4,5,5,5,5,5,3,4,3.31,0,0,TRUE
Male,Loyal Customer,45,Business Travel,Business,2830,4,4,4,4,3,4,5,5,5,5,5,4,3,4.23,0,8,TRUE
Female,Loyal Customer,43,Business Travel,Eco,393,3,2,2,2,4,5,4,3,3,3,3,1,5,3.08,53,47,TRUE
Female,Loyal Customer,55,Personal Travel,Eco,370,3,3,3,2,5,3,5,3,3,3,3,2,3,3.15,7,16,FALSE
Female,Loyal Customer,51,Personal Travel,Eco,1371,2,2,2,4,2,4,3,2,2,2,3,3,1,2.46,9,31,FALSE
Female,Disloyal Customer,22,Business Travel,Eco,125,3,2,3,3,1,3,1,1,1,5,4,1,1,2.23,0,1,FALSE
Female,Loyal Customer,35,Personal Travel,Eco,383,1,5,1,2,4,1,2,4,3,2,5,3,4,2.85,0,0,FALSE
Female,Loyal Customer,37,Personal Travel,Eco,813,2,3,2,3,3,2,4,3,1,3,3,3,3,2.69,20,11,FALSE
Female,Loyal Customer,62,Personal Travel,Eco,1072,3,4,2,2,4,5,4,2,2,2,4,3,3,3.08,36,19,FALSE
Male,Loyal Customer,40,Business Travel,Business,2154,4,4,4,4,2,4,5,4,4,4,4,3,3,3.77,15,15,TRUE
Male,Loyal Customer,28,Business Travel,Business,1074,5,5,5,5,5,4,5,5,1,3,3,2,5,4.08,15,6,FALSE
Female,Disloyal Customer,28,Business Travel,Business,488,1,1,1,4,5,1,5,5,4,5,4,5,5,3.54,24,21,FALSE
Female,Loyal Customer,21,Personal Travel,Eco,746,2,5,1,3,1,1,1,1,4,5,5,5,1,2.69,0,0,FALSE
Female,Loyal Customer,41,Business Travel,Eco,302,4,5,5,5,3,4,3,3,3,1,3,4,3,3.54,0,0,FALSE
Male,Loyal Customer,48,Business Travel,Business,2596,2,2,2,2,2,4,5,2,2,2,2,5,4,2.77,0,0,TRUE
Female,Loyal Customer,49,Personal Travel,Eco,689,3,3,2,3,1,3,2,4,4,2,4,4,1,2.77,0,0,FALSE
Female,Loyal Customer,39,Business Travel,Business,771,4,1,1,1,4,4,3,4,4,4,4,3,4,3.15,8,0,FALSE
Male,Loyal Customer,40,Business Travel,Business,2870,5,5,3,5,5,4,4,3,3,3,3,5,3,3.92,1,0,TRUE
Female,Disloyal Customer,49,Business Travel,Business,240,5,5,5,2,3,5,3,3,5,2,4,5,3,3.85,10,0,TRUE
Female,Loyal Customer,31,Personal Travel,Business,680,3,5,3,2,4,3,4,4,3,4,4,5,4,3.69,0,0,FALSE
Male,Disloyal Customer,26,Business Travel,Business,944,1,1,1,5,4,1,4,4,5,5,4,3,4,3.23,0,0,FALSE
Female,Loyal Customer,54,Business Travel,Business,2301,2,3,3,3,5,4,4,3,3,3,2,2,4,3.15,0,0,FALSE
Female,Loyal Customer,53,Business Travel,Business,462,2,2,2,2,5,1,3,5,5,5,5,2,4,3.31,17,9,TRUE
Female,Loyal Customer,69,Personal Travel,Eco,719,4,4,5,2,3,5,5,3,3,5,3,4,5,3.92,0,0,FALSE
Male,Loyal Customer,46,Business Travel,Business,2342,4,4,4,4,2,5,4,4,4,4,4,4,5,4,9,0,TRUE
Male,Loyal Customer,42,Business Travel,Business,1592,3,1,1,1,5,3,2,3,3,2,3,4,1,2.46,29,19,FALSE
Male,Loyal Customer,10,Personal Travel,Business,201,1,5,1,3,4,1,4,4,2,4,4,4,4,3.15,0,19,FALSE
Male,Loyal Customer,45,Business Travel,Business,354,4,4,4,4,4,2,3,5,5,5,5,3,2,3.85,0,0,TRUE
Male,Loyal Customer,47,Business Travel,Eco Plus,447,4,3,3,3,4,4,4,4,2,4,3,5,4,3.62,0,30,TRUE
Female,Loyal Customer,27,Business Travel,Business,3996,3,3,3,3,4,4,4,4,3,5,4,5,4,3.77,0,0,TRUE
Male,Loyal Customer,57,Business Travel,Business,1608,3,3,3,3,5,4,4,5,5,5,5,3,3,3.92,0,0,TRUE
Female,Loyal Customer,46,Business Travel,Business,760,5,5,5,5,5,4,4,5,5,5,5,4,5,4.77,0,0,TRUE
Male,Loyal Customer,46,Business Travel,Business,1580,1,1,2,1,1,3,4,4,4,4,4,5,3,2.85,0,0,TRUE
Male,Loyal Customer,22,Business Travel,Business,2917,3,3,5,3,4,4,4,4,1,4,5,5,4,3.77,0,0,TRUE
Female,Loyal Customer,67,Personal Travel,Eco,479,3,5,3,3,4,5,3,3,3,3,3,3,3,3.38,0,0,FALSE
Male,Loyal Customer,55,Business Travel,Business,2799,1,1,1,1,5,5,5,4,4,4,4,5,5,3.46,0,0,TRUE
Male,Loyal Customer,46,Business Travel,Business,620,5,5,5,5,1,4,1,4,4,4,4,2,4,3.69,30,39,TRUE
Female,Loyal Customer,19,Business Travel,Eco Plus,196,5,3,4,3,5,5,5,5,3,1,5,1,5,3.85,0,0,TRUE
Male,Loyal Customer,59,Personal Travel,Eco,837,4,5,4,2,5,4,5,5,4,3,1,5,5,4,49,44,FALSE
Female,Loyal Customer,57,Personal Travel,Eco Plus,1096,3,5,3,2,2,5,5,4,4,3,4,5,4,3.77,0,0,FALSE
Male,Loyal Customer,33,Business Travel,Eco,447,3,4,1,1,3,3,3,3,2,1,2,2,3,2.38,0,0,FALSE
Female,Disloyal Customer,54,Business Travel,Business,1416,2,2,2,3,2,2,2,2,3,3,4,4,2,2.54,0,26,FALSE
Female,Loyal Customer,50,Business Travel,Eco,550,2,1,1,1,1,4,4,2,2,2,2,4,3,2.23,0,0,FALSE
Male,Loyal Customer,40,Personal Travel,Eco,829,3,5,3,1,5,3,3,5,4,3,5,4,5,3.77,0,0,FALSE
Female,Disloyal Customer,25,Business Travel,Business,569,5,4,5,1,1,5,1,1,5,4,5,4,1,3.23,0,0,TRUE
Female,Disloyal Customer,39,Business Travel,Business,404,1,1,1,3,2,1,4,2,4,3,4,3,2,2.38,0,0,FALSE
Male,Loyal Customer,41,Personal Travel,Eco,236,3,4,3,1,3,3,1,3,3,2,1,2,3,2.46,24,24,FALSE
Female,Loyal Customer,26,Business Travel,Eco Plus,575,3,3,2,3,3,3,3,3,3,3,3,4,3,3,0,0,FALSE
Male,Loyal Customer,41,Business Travel,Business,1404,3,3,5,3,3,1,3,4,4,4,4,1,2,3.08,3,15,TRUE
Female,Loyal Customer,59,Personal Travel,Eco,680,3,5,3,1,5,4,4,4,4,3,4,3,4,3.62,0,0,FALSE
Male,Loyal Customer,38,Business Travel,Business,3976,1,1,1,1,5,4,4,4,4,4,4,3,4,3.08,9,0,TRUE
Female,Loyal Customer,47,Business Travel,Business,3310,5,5,5,5,2,5,5,5,5,5,5,5,4,4.69,19,0,TRUE
Male,Loyal Customer,27,Business Travel,Business,2013,2,1,1,1,2,2,2,2,2,1,3,4,2,1.92,27,22,FALSE
Male,Loyal Customer,28,Personal Travel,Eco,192,0,5,0,2,3,0,3,3,4,3,5,4,3,2.69,0,0,TRUE
Female,Loyal Customer,51,Business Travel,Business,3506,2,1,1,1,3,4,3,2,2,2,2,2,1,2,0,0,FALSE
Female,Disloyal Customer,49,Business Travel,Business,190,2,2,2,2,5,2,5,5,5,3,4,4,5,3.54,1,0,FALSE
Female,Loyal Customer,47,Business Travel,Business,2641,3,3,3,3,3,2,3,4,4,4,4,3,4,3.31,6,0,TRUE
Female,Loyal Customer,35,Personal Travel,Eco,692,3,5,3,4,5,3,5,5,3,3,5,5,5,4.15,78,65,FALSE
Male,Loyal Customer,52,Personal Travel,Eco Plus,678,3,4,3,2,2,3,2,2,3,3,5,3,2,2.85,55,51,FALSE
Female,Loyal Customer,27,Business Travel,Business,669,1,1,1,1,4,4,4,4,3,2,2,3,4,2.62,5,0,TRUE
Female,Loyal Customer,13,Personal Travel,Eco,1192,4,4,4,2,4,4,2,4,3,2,4,3,4,3.38,4,0,FALSE
Female,Disloyal Customer,49,Business Travel,Eco Plus,696,3,3,3,4,2,3,1,2,1,3,3,2,2,2.46,22,18,FALSE
Male,Loyal Customer,23,Personal Travel,Eco,628,2,5,3,3,4,3,4,4,5,5,5,5,4,4,17,12,FALSE
Male,Loyal Customer,29,Personal Travel,Eco,283,1,5,1,2,5,1,1,5,3,3,4,4,5,3.08,2,0,FALSE
Female,Loyal Customer,69,Personal Travel,Eco,594,2,1,2,4,3,3,3,2,2,2,5,2,3,2.62,110,118,FALSE
Female,Loyal Customer,39,Personal Travel,Eco,297,3,2,3,3,1,3,1,1,1,2,4,3,1,2.15,0,0,FALSE
Female,Loyal Customer,57,Personal Travel,Eco,2116,2,2,2,4,5,3,3,4,4,2,4,2,4,3.15,6,0,FALSE
Male,Loyal Customer,47,Business Travel,Business,3368,1,1,1,1,3,5,3,4,4,4,4,2,5,2.92,0,0,TRUE
Female,Loyal Customer,65,Personal Travel,Eco,759,4,4,4,2,3,4,4,5,5,4,5,5,3,4,72,91,FALSE
Male,Loyal Customer,54,Business Travel,Business,199,5,5,5,5,4,4,5,4,4,4,4,4,3,4.31,2,0,TRUE
Female,Loyal Customer,56,Business Travel,Eco,628,4,4,4,4,1,2,3,4,4,4,4,5,3,3.54,0,0,TRUE
Male,Disloyal Customer,36,Business Travel,Eco,337,4,2,4,4,1,4,1,1,2,5,4,4,1,2.85,0,14,FALSE
Female,Loyal Customer,23,Business Travel,Business,3642,1,5,5,5,1,1,1,1,2,3,4,2,1,2.46,0,0,FALSE
Male,Loyal Customer,43,Business Travel,Eco,175,4,1,1,1,4,4,4,4,4,5,4,1,4,3.15,0,0,TRUE
Female,Loyal Customer,28,Business Travel,Business,632,1,1,1,1,1,1,1,1,3,3,3,1,1,1.46,42,41,FALSE
Male,Loyal Customer,34,Business Travel,Eco Plus,1849,5,1,1,1,5,5,5,5,5,2,3,5,5,3.69,0,12,TRUE
Male,Loyal Customer,13,Personal Travel,Eco,604,3,4,3,3,3,3,3,3,5,3,5,4,3,3.46,63,66,FALSE
Male,Loyal Customer,44,Business Travel,Business,227,0,0,0,3,2,5,5,5,5,5,5,3,5,3.31,0,0,TRUE
Male,Loyal Customer,49,Business Travel,Eco,813,2,4,4,4,2,2,2,2,3,4,4,2,2,2.85,0,0,FALSE
Female,Loyal Customer,27,Personal Travel,Eco,130,1,5,0,3,4,0,4,4,4,5,5,3,4,3.23,0,1,FALSE
Male,Disloyal Customer,25,Business Travel,Eco,936,4,4,4,3,5,4,5,5,4,4,4,2,5,4.08,6,8,FALSE
Female,Loyal Customer,56,Personal Travel,Eco,1706,3,2,3,3,5,2,3,5,5,3,5,4,3,3.54,14,0,FALSE
Male,Loyal Customer,47,Business Travel,Business,931,2,2,2,2,2,4,5,4,4,4,4,3,4,3.23,0,0,TRUE
Male,Loyal Customer,28,Personal Travel,Eco,229,4,5,4,2,2,4,2,2,3,3,5,5,2,3.31,0,2,FALSE
Female,Loyal Customer,65,Business Travel,Business,3429,1,1,1,1,3,3,3,1,5,3,1,3,3,2.23,187,224,TRUE
Male,Loyal Customer,23,Personal Travel,Eco Plus,547,3,3,2,2,5,2,5,5,1,5,5,2,5,3.46,0,0,FALSE
Male,Loyal Customer,37,Business Travel,Business,3431,0,5,1,4,4,3,3,4,4,3,3,3,2,3,0,0,TRUE
Male,Loyal Customer,49,Business Travel,Eco Plus,261,4,3,3,3,4,4,4,4,2,1,3,2,4,3.15,0,0,TRUE
Female,Disloyal Customer,38,Business Travel,Eco,1069,1,1,1,2,5,1,5,5,1,1,1,2,5,2.38,8,0,FALSE
Male,Loyal Customer,38,Personal Travel,Eco Plus,787,2,3,2,1,2,2,5,2,1,1,4,1,2,2.15,0,0,FALSE
Male,Loyal Customer,43,Personal Travel,Eco,957,3,5,3,3,5,3,5,5,4,2,4,5,5,4,39,29,FALSE
Female,Loyal Customer,57,Personal Travel,Eco,164,2,4,2,1,2,5,5,4,4,2,4,3,3,3.15,0,11,FALSE
Female,Disloyal Customer,22,Business Travel,Eco,1746,2,2,2,3,5,2,3,5,2,5,4,2,5,3.23,4,0,FALSE
Female,Disloyal Customer,25,Business Travel,Business,677,3,0,3,4,4,3,4,4,5,4,4,4,4,3.54,0,0,FALSE
Female,Loyal Customer,46,Business Travel,Business,2887,4,4,4,4,2,4,4,4,4,4,4,4,5,3.92,9,0,TRUE
Female,Loyal Customer,39,Business Travel,Business,1514,4,2,4,4,4,4,4,5,5,5,5,4,3,4.08,0,4,TRUE
Female,Loyal Customer,60,Business Travel,Business,3370,4,5,4,4,2,5,5,3,3,3,3,3,4,3.69,0,0,TRUE
Female,Loyal Customer,55,Business Travel,Business,733,3,3,3,3,4,4,4,4,4,4,4,5,4,3.77,2,0,TRUE
Female,Loyal Customer,49,Business Travel,Eco Plus,391,2,1,1,1,4,3,5,2,2,2,2,4,1,2.31,0,0,TRUE
Female,Disloyal Customer,37,Business Travel,Eco,230,4,5,4,2,2,4,2,2,3,4,2,5,2,3.15,0,0,FALSE
Female,Loyal Customer,50,Business Travel,Business,1833,3,3,3,3,4,2,3,5,5,4,5,3,2,3.46,0,0,TRUE
Female,Loyal Customer,60,Business Travel,Business,1194,3,3,3,3,3,5,4,2,2,2,2,4,3,3,0,0,TRUE
Female,Loyal Customer,43,Business Travel,Eco,919,5,3,3,3,4,4,3,5,5,5,5,2,2,3.77,24,0,TRUE
Male,Loyal Customer,55,Personal Travel,Eco,166,1,5,1,1,5,1,5,5,4,5,5,3,5,3.54,0,0,FALSE
Male,Loyal Customer,57,Business Travel,Business,1372,5,5,5,5,3,5,5,4,4,4,4,5,3,4.38,0,0,TRUE
Female,Loyal Customer,33,Personal Travel,Eco,1440,2,5,2,3,2,2,2,2,5,2,4,3,2,2.77,10,1,FALSE
Female,Loyal Customer,13,Personal Travel,Eco,89,2,4,2,3,4,2,4,4,4,4,4,4,4,3.46,0,0,FALSE
Male,Loyal Customer,68,Personal Travel,Eco,565,2,5,2,4,4,2,4,4,4,3,5,3,4,3.54,0,0,FALSE
Male,Loyal Customer,15,Personal Travel,Eco,109,3,4,3,4,3,3,3,3,5,1,4,2,3,3.15,65,72,FALSE
Female,Loyal Customer,15,Personal Travel,Eco Plus,883,1,0,1,4,5,1,4,5,3,4,5,4,5,3.23,0,3,FALSE
Male,Disloyal Customer,30,Business Travel,Eco,258,2,0,2,4,4,2,4,4,2,5,3,3,4,3,5,0,FALSE
Female,Loyal Customer,30,Business Travel,Business,3359,3,3,3,3,4,4,4,4,3,5,5,3,4,3.69,0,0,TRUE
Male,Loyal Customer,48,Business Travel,Business,2825,2,2,2,2,5,5,5,5,5,5,5,3,5,3.92,7,0,TRUE
Female,Loyal Customer,27,Personal Travel,Eco,284,2,4,2,1,5,2,5,5,5,4,5,3,5,3.69,67,72,FALSE
Female,Loyal Customer,34,Business Travel,Business,2342,4,4,4,4,3,5,4,4,4,4,4,4,3,3.92,0,0,TRUE
Male,Disloyal Customer,24,Business Travel,Eco,1428,1,1,1,3,1,1,1,1,1,4,4,3,1,1.77,0,0,FALSE
Male,Loyal Customer,49,Business Travel,Business,3825,2,2,2,2,3,4,4,5,5,5,5,4,3,3.54,27,6,TRUE
Female,Loyal Customer,42,Business Travel,Business,2955,1,1,1,1,2,5,5,4,4,4,4,3,5,3.08,0,0,TRUE
Female,Loyal Customer,44,Business Travel,Business,1045,1,1,1,1,5,5,5,3,3,4,3,3,5,3.08,0,0,TRUE
Male,Loyal Customer,22,Business Travel,Business,2107,1,1,1,1,5,5,5,5,4,2,3,4,5,3.23,2,26,TRUE
Female,Disloyal Customer,22,Business Travel,Eco,541,2,3,2,3,5,2,5,5,3,4,4,4,5,3.62,21,8,FALSE
Male,Loyal Customer,54,Business Travel,Business,3968,2,2,2,2,2,4,5,5,5,5,5,3,4,3.54,0,0,TRUE
Male,Disloyal Customer,29,Business Travel,Business,916,0,1,1,1,4,1,4,4,4,2,5,5,4,2.77,0,0,TRUE
Male,Disloyal Customer,21,Business Travel,Eco,306,4,0,4,5,4,4,4,4,3,4,4,5,4,3.77,1,0,TRUE
Male,Loyal Customer,47,Business Travel,Business,1345,2,3,3,3,3,2,3,2,2,2,2,4,3,2.62,0,0,FALSE
Female,Disloyal Customer,59,Business Travel,Eco,96,3,1,3,3,4,3,4,4,2,4,4,1,4,3.08,0,8,FALSE
Male,Disloyal Customer,27,Business Travel,Eco,459,1,2,1,4,4,1,4,4,2,2,3,3,4,2.69,3,5,FALSE
Female,Loyal Customer,58,Personal Travel,Eco,907,2,2,1,3,1,4,4,2,2,1,3,4,3,2.46,0,0,FALSE
Female,Loyal Customer,54,Business Travel,Business,1452,5,5,5,5,2,4,5,4,4,4,4,4,4,4.23,14,8,TRUE
Female,Loyal Customer,48,Business Travel,Eco,369,2,5,5,5,2,2,2,2,2,4,4,2,2,3,276,283,FALSE
Female,Loyal Customer,49,Business Travel,Eco,907,2,2,2,2,5,4,3,2,2,2,2,1,2,2.38,0,0,FALSE
Male,Loyal Customer,46,Business Travel,Business,1499,1,5,5,5,3,4,4,1,1,1,1,4,2,2.85,0,0,FALSE
Male,Loyal Customer,27,Business Travel,Eco Plus,325,3,2,2,2,3,3,3,3,1,2,3,3,3,2.54,4,0,FALSE
Male,Disloyal Customer,44,Business Travel,Eco,1281,1,1,1,4,4,1,4,4,1,5,2,2,4,2.62,12,10,FALSE
Female,Loyal Customer,40,Personal Travel,Business,542,3,5,3,1,2,5,4,3,3,3,3,4,5,3.38,0,1,FALSE
Female,Loyal Customer,62,Personal Travel,Eco,1726,5,2,5,3,5,2,4,1,3,3,3,4,4,3.38,153,,TRUE
Female,Loyal Customer,55,Business Travel,Business,1747,2,2,2,2,5,5,5,5,5,5,5,3,5,3.92,0,0,TRUE
Female,Disloyal Customer,50,Business Travel,Eco,73,3,0,3,3,3,4,4,3,1,3,2,4,4,2.85,195,205,FALSE
Female,Loyal Customer,26,Business Travel,Business,2941,3,3,3,3,3,3,3,3,1,4,3,3,3,2.92,7,16,FALSE
Male,Disloyal Customer,25,Business Travel,Business,678,1,4,1,2,2,1,2,2,4,2,4,5,2,2.46,5,1,FALSE
Female,Loyal Customer,29,Business Travel,Business,2898,2,3,3,3,2,2,2,2,2,5,4,3,2,2.69,6,0,FALSE
Female,Loyal Customer,58,Personal Travel,Eco,599,2,5,2,2,5,1,2,3,3,2,3,5,4,3,0,0,FALSE
Male,Loyal Customer,29,Business Travel,Eco,2404,3,2,2,2,3,3,3,3,3,4,3,4,3,2.92,0,0,FALSE
Male,Loyal Customer,44,Business Travel,Business,550,1,1,1,1,5,4,5,4,4,4,4,3,4,3.15,3,3,TRUE
Male,Loyal Customer,19,Personal Travel,Eco,337,1,5,1,1,1,1,1,1,2,3,1,4,1,1.77,0,0,FALSE
Female,Loyal Customer,49,Personal Travel,Eco Plus,1167,4,3,4,4,2,3,3,1,1,4,1,2,2,2.62,49,38,FALSE
Male,Loyal Customer,53,Business Travel,Eco,119,4,4,5,5,4,4,4,4,4,3,4,3,4,4,0,0,TRUE
Male,Loyal Customer,7,Personal Travel,Eco,1062,4,4,4,2,1,4,1,1,4,4,4,3,1,2.85,5,0,FALSE
Female,Loyal Customer,32,Business Travel,Business,3505,5,5,5,5,5,5,5,5,5,4,5,3,5,4.77,17,9,TRUE
Female,Loyal Customer,49,Business Travel,Business,1797,2,2,2,2,4,5,4,5,5,5,5,4,5,3.85,11,0,TRUE
Female,Loyal Customer,45,Business Travel,Business,2127,4,4,4,4,4,5,5,5,5,5,5,3,5,4.46,44,41,TRUE
Female,Disloyal Customer,48,Business Travel,Eco,867,2,2,2,3,5,2,4,5,4,5,2,4,5,3.46,0,0,FALSE
Male,Loyal Customer,63,Business Travel,Eco Plus,762,4,3,3,3,4,4,4,4,2,1,3,2,4,3.15,0,0,FALSE
Male,Disloyal Customer,23,Business Travel,Eco,236,2,0,2,4,4,2,4,4,3,3,4,2,4,2.92,0,0,FALSE
Female,Loyal Customer,40,Personal Travel,Eco,1587,3,4,3,5,1,3,1,1,5,2,5,3,1,2.85,0,6,FALSE
Male,Disloyal Customer,7,Business Travel,Eco,1276,2,2,2,3,3,2,3,3,2,4,4,1,3,2.62,0,0,FALSE
Female,Loyal Customer,40,Business Travel,Eco,130,2,3,3,3,2,2,2,2,1,4,3,2,2,2.38,0,0,FALSE
Female,Loyal Customer,61,Personal Travel,Eco,2611,1,2,1,4,3,3,3,1,1,1,4,2,2,2.15,0,9,FALSE
Male,Loyal Customer,67,Personal Travel,Eco,1050,2,4,2,4,4,2,4,4,4,5,5,3,4,3.62,0,0,FALSE
Male,Loyal Customer,26,Business Travel,Business,3137,1,3,4,4,4,4,1,4,4,2,4,2,4,3.15,0,0,FALSE
Male,Loyal Customer,18,Business Travel,Business,325,1,1,1,1,5,5,5,5,3,1,4,5,5,3.23,0,1,TRUE
Male,Loyal Customer,43,Business Travel,Business,3493,2,3,4,3,3,3,3,2,2,2,2,3,2,2.62,0,0,FALSE
Male,Loyal Customer,51,Business Travel,Business,2740,5,5,5,5,4,4,4,5,3,3,1,4,4,4,179,166,TRUE
Female,Loyal Customer,17,Business Travel,Business,2681,5,5,5,5,5,5,5,3,4,3,5,5,5,4.62,0,0,TRUE
Female,Loyal Customer,55,Business Travel,Business,227,4,4,4,4,3,4,4,4,4,4,4,3,4,3.85,7,1,TRUE
Male,Disloyal Customer,22,Business Travel,Eco,282,5,0,5,5,2,5,2,2,5,2,5,4,2,3.38,3,11,TRUE
Male,Loyal Customer,19,Personal Travel,Eco,562,1,5,1,1,1,1,1,1,3,2,4,3,1,1.92,50,44,FALSE
Male,Loyal Customer,38,Personal Travel,Eco,501,2,5,2,1,3,2,3,3,3,5,4,3,3,3,0,0,FALSE
Female,Loyal Customer,23,Business Travel,Business,925,4,4,5,4,4,4,4,4,3,4,3,3,4,3.85,10,18,FALSE
Female,Loyal Customer,58,Personal Travel,Business,515,1,2,1,3,1,4,3,5,5,1,5,4,3,2.92,0,0,FALSE
Male,Loyal Customer,51,Business Travel,Eco,1068,3,5,5,5,3,3,3,3,2,1,4,4,3,3.38,0,0,FALSE
Male,Loyal Customer,34,Business Travel,Business,1911,5,5,4,5,4,5,5,4,4,4,4,2,3,4.15,6,0,TRUE
Female,Loyal Customer,46,Business Travel,Business,444,3,1,1,1,4,2,3,3,3,3,3,2,1,2.31,0,0,FALSE
Female,Loyal Customer,55,Personal Travel,Eco,866,2,4,2,4,5,4,4,4,4,2,4,3,3,3.46,0,0,FALSE
Female,Loyal Customer,18,Business Travel,Business,349,3,3,3,3,3,3,3,3,1,1,4,2,3,2.69,4,0,FALSE
Male,Loyal Customer,46,Business Travel,Business,2984,1,1,1,1,3,4,4,4,4,4,4,3,5,3,0,0,TRUE
Female,Loyal Customer,55,Business Travel,Business,3055,0,5,0,2,2,4,5,4,4,4,4,5,5,3.38,2,0,TRUE
Female,Disloyal Customer,27,Business Travel,Eco,109,3,0,3,2,5,3,5,5,2,3,5,5,5,3.54,0,0,FALSE
Female,Loyal Customer,42,Personal Travel,Eco,762,2,3,1,3,5,3,4,5,5,1,1,1,4,2.92,2,0,FALSE
Male,Loyal Customer,53,Business Travel,Eco,270,5,1,4,1,4,5,4,4,5,4,5,5,4,3.92,22,0,TRUE
Male,Loyal Customer,60,Business Travel,Business,2186,4,4,4,4,2,4,4,5,5,5,5,3,4,4.08,0,0,TRUE
Female,Loyal Customer,60,Personal Travel,Eco,456,3,4,3,3,5,4,3,2,2,3,2,5,4,3.31,0,8,FALSE
Male,Loyal Customer,56,Personal Travel,Eco,925,3,4,3,1,5,3,5,5,2,2,4,1,5,3.31,3,0,FALSE
Male,Loyal Customer,42,Business Travel,Business,343,3,5,3,3,4,2,5,5,5,5,5,5,5,4.23,0,0,TRUE
Female,Disloyal Customer,43,Business Travel,Eco,1620,1,1,1,4,2,1,2,2,1,2,3,2,2,1.85,1,0,FALSE
Male,Disloyal Customer,50,Business Travel,Business,214,1,1,1,1,5,1,5,5,3,2,4,5,5,3,0,13,FALSE
Female,Loyal Customer,49,Business Travel,Business,295,3,3,3,3,4,2,2,3,3,3,3,4,1,2.85,35,34,FALSE
Female,Loyal Customer,47,Personal Travel,Eco,1797,4,4,4,3,4,3,4,2,2,4,2,4,3,3.31,0,0,FALSE
Female,Loyal Customer,48,Business Travel,Business,356,2,5,5,5,1,2,3,2,2,2,2,1,2,2.62,5,17,FALSE
Male,Loyal Customer,25,Personal Travel,Eco,1947,4,4,4,4,1,4,1,1,4,4,4,5,1,3.15,0,0,TRUE
Female,Disloyal Customer,21,Business Travel,Eco,306,1,4,1,3,5,1,5,5,2,1,4,4,5,3.15,0,0,FALSE
Female,Loyal Customer,69,Personal Travel,Eco,853,2,1,2,3,1,3,4,3,3,2,5,3,4,2.77,0,0,FALSE
Male,Loyal Customer,43,Business Travel,Business,2432,3,3,2,3,3,5,4,4,4,4,4,5,5,3.77,84,84,TRUE
Female,Loyal Customer,19,Personal Travel,Eco,842,4,4,4,3,2,4,2,2,4,2,4,3,2,3.08,5,0,FALSE
Male,Loyal Customer,43,Business Travel,Business,1325,3,3,3,3,3,5,4,5,5,5,5,5,4,4.08,0,0,TRUE
Male,Loyal Customer,34,Personal Travel,Eco,871,4,1,5,2,5,5,5,5,3,3,2,2,5,3.62,0,0,FALSE
Female,Loyal Customer,52,Business Travel,Eco,101,3,3,3,3,1,2,4,3,3,3,3,4,3,2.92,6,10,TRUE
Female,Loyal Customer,7,Personal Travel,Eco,209,5,3,5,4,4,5,4,4,4,1,3,4,4,3.85,0,4,TRUE
Female,Loyal Customer,40,Business Travel,Business,2919,3,3,3,3,3,5,4,3,3,4,3,4,3,3.38,0,0,TRUE
Male,Disloyal Customer,27,Business Travel,Business,258,0,0,0,3,5,0,5,5,5,3,4,4,5,3,4,6,TRUE
Male,Loyal Customer,40,Business Travel,Business,1020,3,3,3,3,5,4,4,4,4,5,4,3,4,3.77,0,1,TRUE
Female,Loyal Customer,53,Business Travel,Business,1629,5,5,5,5,5,1,1,5,5,5,5,3,2,4,31,22,TRUE
Female,Loyal Customer,47,Business Travel,Eco Plus,483,5,2,2,2,4,1,2,5,5,5,5,1,4,3.31,34,27,TRUE
Male,Loyal Customer,46,Business Travel,Business,2934,4,4,4,4,2,5,5,2,2,2,2,5,3,3.38,0,0,TRUE
Female,Loyal Customer,27,Business Travel,Business,2132,2,4,4,4,2,2,2,2,3,4,3,3,2,2.85,28,33,FALSE
Female,Loyal Customer,50,Personal Travel,Eco,1197,2,4,2,1,2,4,4,2,2,2,2,4,3,2.62,0,0,FALSE
Male,Loyal Customer,44,Business Travel,Eco Plus,280,2,3,3,3,2,2,2,2,1,2,4,4,2,2.46,12,11,FALSE
Male,Loyal Customer,41,Business Travel,Business,1102,4,4,2,4,3,4,5,4,4,4,4,4,5,3.92,0,1,TRUE
Male,Loyal Customer,51,Business Travel,Eco,373,4,1,1,1,4,4,4,4,4,3,4,3,4,3.15,0,18,TRUE
Female,Loyal Customer,16,Personal Travel,Eco,926,1,4,1,2,1,1,4,1,4,4,4,4,1,2.46,0,0,FALSE
Male,Loyal Customer,61,Personal Travel,Eco,972,3,4,3,4,1,3,1,1,5,4,4,4,1,2.92,39,23,FALSE
Male,Loyal Customer,15,Personal Travel,Business,2586,2,1,2,2,4,2,4,4,1,3,3,2,4,2.62,0,0,FALSE
Female,Loyal Customer,61,Business Travel,Eco Plus,352,4,1,1,1,1,3,5,4,4,4,4,1,1,2.62,0,0,TRUE
Male,Loyal Customer,69,Personal Travel,Eco,391,4,5,4,1,2,4,2,2,5,2,5,4,2,3.23,0,0,FALSE
Male,Loyal Customer,31,Business Travel,Business,1879,1,1,1,1,5,5,5,5,3,4,4,3,5,3.31,37,33,TRUE
Male,Disloyal Customer,48,Business Travel,Business,1005,4,4,4,1,3,4,3,3,4,5,5,5,3,3.69,78,68,TRUE
Female,Disloyal Customer,28,Business Travel,Business,409,3,3,3,4,2,3,2,2,4,2,5,4,2,3,0,0,FALSE
Female,Disloyal Customer,38,Business Travel,Business,546,1,1,1,3,4,1,4,4,3,2,3,1,4,2.46,4,3,FALSE
Female,Loyal Customer,57,Business Travel,Business,562,1,1,4,1,4,4,4,4,4,4,4,4,4,3.31,0,0,TRUE
Male,Disloyal Customer,23,Business Travel,Eco,529,1,5,1,4,3,1,3,3,3,5,4,4,3,3.08,0,1,FALSE
Female,Loyal Customer,60,Business Travel,Eco,479,2,2,2,2,5,3,4,2,2,2,2,2,4,2.62,0,0,FALSE
Male,Loyal Customer,25,Personal Travel,Eco Plus,508,3,5,3,2,2,3,2,2,4,3,4,3,2,2.92,0,0,FALSE
Male,Loyal Customer,35,Personal Travel,Eco,404,4,2,4,4,5,4,5,5,3,4,4,1,5,3.85,0,0,FALSE
Female,Loyal Customer,59,Business Travel,Eco,937,3,1,1,1,1,3,4,3,3,3,3,4,3,2.54,17,30,FALSE
Male,Disloyal Customer,44,Business Travel,Business,417,5,5,5,2,5,5,5,5,3,2,4,4,5,4.23,0,0,TRUE
Male,Loyal Customer,41,Business Travel,Business,2572,3,3,3,3,3,1,5,5,5,5,5,2,5,3.69,0,0,TRUE
Male,Loyal Customer,24,Personal Travel,Eco,2454,3,5,3,1,5,3,1,5,4,5,4,3,5,3.62,1,0,FALSE
Female,Loyal Customer,14,Personal Travel,Eco,421,1,4,1,1,1,1,1,1,1,4,3,3,1,1.77,49,50,FALSE
Female,Disloyal Customer,25,Business Travel,Business,226,2,4,2,3,4,2,4,4,5,3,5,3,4,3.46,5,18,FALSE
Male,Disloyal Customer,35,Business Travel,Eco,788,3,3,3,3,2,3,2,2,5,4,3,1,2,2.77,0,0,FALSE
Female,Loyal Customer,57,Personal Travel,Eco,1533,4,5,4,2,4,5,5,1,1,4,1,4,5,3.46,51,44,TRUE
Male,Loyal Customer,42,Business Travel,Business,3906,3,3,3,3,5,5,5,4,4,4,4,5,3,3.92,0,0,TRUE
Male,Loyal Customer,41,Personal Travel,Eco,1023,3,5,3,5,5,3,5,5,5,3,5,5,5,4.38,7,24,FALSE
Female,Loyal Customer,52,Personal Travel,Business,257,3,3,3,3,4,5,1,1,1,3,3,5,3,2.92,0,0,FALSE
Female,Loyal Customer,42,Personal Travel,Eco,872,3,5,3,3,3,1,3,3,3,3,3,5,5,3.31,0,0,FALSE
Female,Loyal Customer,34,Personal Travel,Eco,305,1,5,1,2,5,1,5,5,5,5,4,5,5,3.77,0,0,FALSE
Female,Loyal Customer,68,Business Travel,Business,3379,3,3,3,3,2,4,4,5,5,5,5,4,4,3.85,0,0,TRUE
Female,Loyal Customer,25,Business Travel,Business,3604,2,2,2,2,4,4,4,4,3,3,5,3,4,3.23,0,0,TRUE
Male,Loyal Customer,49,Business Travel,Eco,728,3,1,2,1,3,3,3,3,3,4,1,2,3,2.46,5,16,FALSE
Female,Disloyal Customer,20,Business Travel,Eco,1158,2,2,2,4,3,2,3,3,1,1,4,3,3,2.54,0,0,FALSE
Male,Disloyal Customer,39,Business Travel,Eco,579,3,0,3,3,1,3,1,1,2,3,3,2,1,2,7,1,FALSE
Female,Disloyal Customer,24,Business Travel,Eco,1428,3,3,3,4,1,3,1,1,4,3,5,3,1,2.69,19,0,FALSE
Male,Loyal Customer,56,Business Travel,Business,2506,2,2,2,2,3,4,4,5,5,5,5,5,4,3.69,0,0,TRUE
Female,Loyal Customer,30,Business Travel,Business,89,4,5,4,4,4,4,3,4,3,2,5,3,4,3.77,0,0,TRUE
Male,Loyal Customer,46,Business Travel,Business,308,2,2,2,2,4,4,4,5,5,5,5,5,4,3.77,8,5,TRUE
Female,Loyal Customer,66,Personal Travel,Eco Plus,113,2,5,2,4,4,5,4,3,3,2,3,3,5,3.46,25,24,FALSE
Male,Loyal Customer,31,Business Travel,Business,2472,4,4,4,4,4,4,4,4,4,4,5,3,4,4,11,4,TRUE
Male,Loyal Customer,67,Business Travel,Eco,187,3,1,1,1,3,3,3,3,1,5,4,3,3,2.62,21,21,FALSE
Male,Loyal Customer,50,Business Travel,Business,1579,3,3,3,3,2,4,5,3,3,4,3,3,4,3.31,0,0,TRUE
Male,Loyal Customer,65,Personal Travel,Eco,237,4,4,4,3,5,4,5,5,3,4,4,5,5,4.23,40,34,FALSE
Female,Loyal Customer,21,Business Travel,Business,2574,3,5,5,5,3,3,3,3,4,5,3,3,3,3.69,13,0,FALSE
Male,Loyal Customer,41,Personal Travel,Eco Plus,197,3,4,0,3,5,0,5,5,4,3,4,3,5,3.38,64,65,FALSE
Male,Loyal Customer,56,Personal Travel,Eco,919,4,3,4,2,4,4,4,4,3,4,2,1,4,3.31,17,11,TRUE
Male,Loyal Customer,40,Business Travel,Business,802,3,3,3,3,2,5,5,5,5,5,5,4,5,4.08,1,21,TRUE
Male,Loyal Customer,37,Personal Travel,Eco,685,1,4,1,3,1,1,1,3,3,5,4,1,1,2.23,124,175,FALSE
Male,Loyal Customer,28,Personal Travel,Business,599,2,3,3,5,4,3,4,4,4,2,2,3,4,3.31,35,26,FALSE
Female,Loyal Customer,52,Business Travel,Business,2454,1,1,1,1,5,5,5,4,4,4,4,4,4,3.31,9,4,TRUE
Female,Disloyal Customer,31,Business Travel,Eco,1956,2,2,2,4,3,2,3,3,1,2,2,3,3,2.46,30,29,FALSE
Male,Loyal Customer,50,Business Travel,Business,3613,4,3,3,3,1,3,4,4,4,4,4,1,1,3,0,0,FALSE
Male,Loyal Customer,26,Business Travel,Eco,1431,4,4,4,4,4,4,4,4,1,5,3,4,4,3.77,0,0,FALSE
Female,Loyal Customer,44,Business Travel,Eco,547,5,4,4,4,3,1,1,5,5,5,5,2,4,3.69,0,2,TRUE
Female,Loyal Customer,63,Personal Travel,Eco,357,5,2,5,3,3,3,4,4,4,5,1,4,3,3.54,5,0,TRUE
Male,Disloyal Customer,36,Business Travel,Business,472,3,2,2,2,1,2,1,1,4,5,5,5,1,2.62,0,0,FALSE
Male,Loyal Customer,59,Business Travel,Eco Plus,306,4,5,5,5,4,4,4,4,1,5,3,5,4,4.08,0,8,TRUE
Female,Disloyal Customer,22,Business Travel,Business,1105,5,0,5,3,5,5,5,5,5,5,3,3,5,4.15,0,0,TRUE
Female,Loyal Customer,36,Personal Travel,Eco,645,2,1,2,4,3,2,3,3,2,1,3,4,3,2.54,91,90,FALSE
Male,Loyal Customer,57,Personal Travel,Eco,427,1,0,2,4,4,2,4,4,5,2,5,3,4,3.08,0,0,FALSE
Female,Loyal Customer,39,Personal Travel,Business,577,1,4,1,3,5,4,5,3,3,1,3,3,4,3.08,9,29,FALSE
Female,Loyal Customer,12,Personal Travel,Eco,1068,2,5,2,2,4,2,4,4,5,2,4,5,4,3.46,0,0,FALSE
Female,Loyal Customer,14,Personal Travel,Eco Plus,2704,1,5,1,3,5,1,5,5,4,3,3,5,5,3.54,0,0,FALSE
Female,Loyal Customer,13,Personal Travel,Eco,813,2,2,2,4,4,2,5,4,2,5,4,3,4,3.31,1,21,FALSE
Female,Loyal Customer,29,Business Travel,Eco Plus,2072,0,0,0,1,2,0,2,2,1,3,3,5,2,1.62,0,0,TRUE
Male,Disloyal Customer,25,Business Travel,Business,631,4,0,3,5,2,3,2,2,4,3,4,5,2,3,0,0,TRUE
Male,Loyal Customer,10,Personal Travel,Eco,691,3,5,2,1,3,2,3,3,4,4,5,5,3,3.31,0,0,FALSE
Male,Loyal Customer,54,Business Travel,Business,325,2,4,2,2,3,2,2,2,2,2,2,1,1,2.08,11,7,FALSE
Male,Loyal Customer,58,Business Travel,Business,2033,4,2,2,2,3,1,1,4,4,4,4,2,1,2.62,1,0,FALSE
Female,Disloyal Customer,38,Business Travel,Business,214,5,5,5,4,4,5,2,4,5,5,4,4,4,4.31,58,43,TRUE
Male,Disloyal Customer,17,Business Travel,Eco,1078,2,2,2,1,1,2,1,1,1,1,5,4,1,1.85,0,0,FALSE
Male,Loyal Customer,31,Business Travel,Business,287,5,5,5,5,5,5,5,5,4,1,2,3,5,4.23,72,60,TRUE
Male,Loyal Customer,38,Business Travel,Business,2785,2,5,5,5,5,4,3,2,2,2,2,1,4,3.23,0,0,FALSE
Male,Loyal Customer,44,Business Travel,Business,3024,4,4,4,4,3,5,5,4,4,4,4,4,5,4.15,0,0,TRUE
Female,Loyal Customer,41,Business Travel,Business,3442,4,4,4,4,3,4,4,5,5,5,5,3,3,4.08,0,0,TRUE
Female,Loyal Customer,36,Personal Travel,Eco,684,3,3,3,1,1,3,1,1,1,1,2,1,1,1.69,8,19,FALSE
Female,Loyal Customer,61,Business Travel,Business,1598,2,3,3,3,4,4,3,2,2,2,2,3,2,2.69,0,0,FALSE
Male,Loyal Customer,10,Business Travel,Business,1826,2,2,2,2,2,2,2,2,1,3,3,4,2,2.23,20,0,FALSE
Female,Loyal Customer,72,Business Travel,Business,2322,2,1,1,1,2,4,4,2,2,2,2,4,3,2.31,0,5,FALSE
Female,Loyal Customer,39,Business Travel,Business,486,4,4,3,4,3,4,4,2,2,2,2,3,3,3.08,37,42,TRUE
Female,Loyal Customer,39,Personal Travel,Eco,214,3,1,3,2,4,3,4,4,4,4,2,4,4,3.23,0,0,FALSE
Male,Loyal Customer,68,Personal Travel,Eco,2611,1,2,1,2,1,2,2,1,4,2,3,2,2,1.92,0,0,FALSE
Male,Loyal Customer,32,Business Travel,Business,1042,2,3,3,3,2,2,2,2,3,3,3,3,2,2.54,15,22,FALSE
Male,Loyal Customer,20,Personal Travel,Eco,422,3,0,3,4,3,3,3,3,1,4,3,1,3,2.62,0,0,FALSE
Male,Loyal Customer,31,Business Travel,Business,1507,1,1,1,1,4,4,4,4,3,4,5,3,4,3,23,8,TRUE
Male,Loyal Customer,48,Business Travel,Business,2666,4,4,4,4,3,5,5,4,4,4,4,5,4,4.15,4,0,TRUE
Female,Loyal Customer,35,Personal Travel,Eco Plus,67,2,4,2,4,4,2,4,4,4,4,2,4,4,3.38,0,0,FALSE
Female,Disloyal Customer,25,Business Travel,Eco,1020,1,1,1,3,3,1,3,3,5,4,4,4,3,2.77,2,0,FALSE
Male,Disloyal Customer,20,Business Travel,Eco,425,4,0,4,3,4,4,4,4,4,5,4,4,4,3.69,25,17,TRUE
Male,Loyal Customer,54,Business Travel,Business,804,4,4,4,4,4,4,4,5,5,5,5,5,5,4.46,9,11,TRUE
Male,Disloyal Customer,27,Business Travel,Business,832,5,5,5,3,4,5,4,4,4,4,3,5,4,4.23,6,2,TRUE
Female,Disloyal Customer,26,Business Travel,Eco,579,4,2,3,3,1,3,1,1,4,3,4,3,1,2.54,0,0,FALSE
Male,Loyal Customer,56,Business Travel,Business,1999,1,1,1,1,2,3,4,4,4,4,4,3,4,2.77,0,11,TRUE
Female,Loyal Customer,22,Business Travel,Business,3677,1,1,3,1,4,5,4,4,5,3,3,5,4,3.31,7,0,TRUE
Female,Loyal Customer,67,Personal Travel,Eco,304,3,5,3,4,3,1,5,2,2,3,2,4,1,2.92,9,0,FALSE
Male,Loyal Customer,42,Business Travel,Business,2065,3,4,3,3,2,5,4,4,4,4,4,5,3,3.69,0,0,TRUE
Female,Loyal Customer,45,Business Travel,Business,1931,4,4,4,4,4,4,4,3,3,3,3,3,5,3.69,0,0,TRUE
Male,Loyal Customer,36,Business Travel,Eco,125,3,4,4,4,3,3,3,3,3,5,3,3,3,3.38,38,47,FALSE
Female,Loyal Customer,51,Business Travel,Business,2039,2,2,3,2,4,5,5,4,4,4,4,5,5,3.77,0,0,TRUE
Female,Loyal Customer,29,Personal Travel,Eco,931,3,4,3,2,5,3,2,5,4,5,4,3,5,3.69,0,0,FALSE
Female,Loyal Customer,43,Business Travel,Business,1844,5,5,3,5,5,5,1,2,2,2,2,3,1,3.15,2,3,TRUE
Male,Disloyal Customer,25,Business Travel,Business,480,4,0,4,4,1,4,1,1,3,3,4,5,1,2.69,4,0,TRUE
Female,Disloyal Customer,21,Business Travel,Eco,236,0,3,0,4,4,0,4,4,2,3,1,1,4,2.31,0,0,TRUE
Male,Disloyal Customer,21,Business Travel,Eco,236,4,2,3,3,1,3,1,1,1,5,4,2,1,2.38,14,21,FALSE
Male,Loyal Customer,19,Personal Travel,Eco Plus,292,2,5,2,1,3,2,3,3,4,5,4,5,3,3.23,3,0,FALSE
Male,Loyal Customer,15,Personal Travel,Eco,631,1,4,0,4,2,0,2,2,4,2,3,3,2,2.23,0,0,FALSE
Male,Loyal Customer,69,Personal Travel,Eco,598,2,0,2,2,1,2,1,1,3,4,4,4,1,2.08,0,2,FALSE
Female,Loyal Customer,41,Personal Travel,Eco,462,2,4,2,2,1,2,1,1,5,4,5,3,1,2.54,51,47,FALSE
Female,Loyal Customer,26,Business Travel,Business,1699,3,3,4,3,3,3,3,3,2,1,4,3,3,2.92,10,0,FALSE
Male,Loyal Customer,26,Business Travel,Eco Plus,1576,1,5,3,3,1,1,2,1,3,4,4,4,1,2.54,0,10,FALSE
Male,Loyal Customer,32,Business Travel,Business,238,5,5,5,5,4,4,4,4,3,2,4,1,4,3.85,0,1,TRUE
Female,Loyal Customer,66,Personal Travel,Eco,2614,2,2,2,4,2,4,3,5,5,2,5,3,3,3.23,0,0,FALSE
Female,Loyal Customer,16,Personal Travel,Eco,793,0,4,0,5,5,0,5,5,4,2,5,5,5,3.46,0,0,TRUE
Female,Loyal Customer,39,Business Travel,Business,1731,1,5,5,5,1,3,3,1,1,2,1,3,4,2.69,77,59,FALSE
Female,Loyal Customer,30,Business Travel,Business,3872,1,1,1,1,2,2,2,2,5,4,4,4,2,2.38,5,3,TRUE
Male,Loyal Customer,56,Business Travel,Eco Plus,416,4,5,5,5,4,4,4,4,1,2,4,3,4,3.77,13,5,FALSE
Female,Disloyal Customer,24,Business Travel,Eco,404,2,0,2,5,1,2,1,1,3,3,5,4,1,2.31,9,6,FALSE
Male,Loyal Customer,49,Business Travel,Business,3337,3,3,3,3,5,5,5,5,5,5,5,3,4,4.15,0,0,TRUE
Male,Loyal Customer,55,Business Travel,Business,3611,2,2,2,2,4,5,4,5,5,5,5,3,5,3.77,0,0,TRUE
Female,Loyal Customer,35,Business Travel,Business,2342,1,1,1,1,3,5,5,5,5,5,5,5,3,3.46,0,0,TRUE
Female,Loyal Customer,45,Personal Travel,Eco,759,3,5,3,5,2,4,4,1,1,3,1,3,4,3,3,21,FALSE
Male,Loyal Customer,46,Business Travel,Business,621,3,3,3,3,3,5,4,5,5,5,5,4,4,4,2,0,TRUE
Female,Loyal Customer,39,Business Travel,Business,1250,1,1,1,1,5,4,5,4,4,4,4,5,5,3.38,22,46,TRUE
Female,Loyal Customer,43,Business Travel,Eco,1035,2,3,3,3,4,4,4,2,2,2,2,4,2,2.85,2,15,FALSE
Female,Loyal Customer,50,Business Travel,Business,1537,1,1,2,1,3,4,5,3,3,3,3,3,5,2.85,0,0,TRUE
Male,Loyal Customer,39,Business Travel,Business,396,3,3,5,3,3,4,4,3,3,3,3,5,3,3.46,0,,TRUE
Female,Loyal Customer,23,Business Travel,Business,1742,2,5,5,5,2,2,2,2,1,1,3,1,2,2.54,0,14,FALSE
Male,Loyal Customer,40,Personal Travel,Eco,368,3,2,3,3,1,3,1,1,1,3,4,3,1,2.23,0,0,FALSE
Female,Loyal Customer,31,Business Travel,Business,852,5,1,3,1,5,4,5,5,4,2,3,3,5,3.54,0,0,FALSE
Male,Loyal Customer,53,Business Travel,Business,2098,1,1,1,1,4,3,3,2,2,2,1,4,4,2.23,10,27,FALSE
Male,Loyal Customer,62,Business Travel,Eco Plus,201,5,3,3,3,5,5,5,5,5,4,1,4,5,4.08,0,0,TRUE
Female,Loyal Customer,47,Personal Travel,Eco,459,3,4,3,3,4,4,5,1,1,3,1,3,5,3.08,35,12,FALSE
Female,Loyal Customer,40,Business Travel,Eco,795,4,4,5,4,4,4,4,4,4,3,4,1,4,3.77,0,0,FALSE
Male,Loyal Customer,67,Personal Travel,Eco,106,2,5,0,1,2,0,3,2,3,2,5,3,2,2.31,0,0,FALSE
Male,Loyal Customer,52,Business Travel,Business,237,1,3,3,3,3,3,4,1,1,1,1,4,4,2.46,1,0,FALSE
Female,Disloyal Customer,39,Business Travel,Business,305,3,3,3,1,3,3,3,3,3,4,5,4,3,3.15,4,0,FALSE
Male,Loyal Customer,30,Business Travel,Business,1660,4,4,4,4,3,3,3,3,5,2,5,4,3,3.62,1,13,TRUE
Male,Loyal Customer,30,Business Travel,Business,3533,2,2,2,2,2,2,2,2,4,2,3,3,2,2.31,15,12,FALSE
Male,Loyal Customer,42,Business Travel,Eco,1400,2,5,5,5,2,2,2,2,3,5,4,2,2,3.15,0,0,TRUE
Female,Disloyal Customer,48,Business Travel,Business,1464,5,5,5,1,3,5,3,3,4,4,4,4,3,3.77,28,41,TRUE
Male,Loyal Customer,66,Personal Travel,Eco Plus,404,4,1,4,4,1,4,4,1,1,2,3,1,1,2.38,9,2,TRUE
Female,Loyal Customer,19,Personal Travel,Eco,899,1,2,1,4,5,1,1,5,3,1,4,4,5,2.85,0,0,FALSE
Male,Disloyal Customer,20,Business Travel,Eco,240,0,5,0,4,3,0,3,3,4,2,5,3,3,2.69,8,5,TRUE
Female,Loyal Customer,59,Business Travel,Business,3272,1,1,1,1,2,5,4,4,4,4,4,3,5,3,0,38,TRUE
Male,Loyal Customer,39,Business Travel,Business,3317,1,1,1,1,5,5,5,4,4,4,4,5,5,3.46,0,1,TRUE
Male,Disloyal Customer,43,Business Travel,Business,1009,3,3,3,3,3,3,3,3,5,4,5,5,3,3.54,0,3,TRUE
Female,Loyal Customer,44,Business Travel,Business,3431,2,2,2,2,4,4,5,4,4,5,4,3,5,3.54,0,2,TRUE
Male,Loyal Customer,67,Personal Travel,Eco,227,4,5,4,4,3,4,3,3,3,2,4,4,3,3.54,0,0,FALSE
Male,Loyal Customer,30,Business Travel,Eco Plus,296,1,5,5,5,1,1,1,1,3,3,3,4,1,2.62,3,4,FALSE
Male,Loyal Customer,40,Business Travel,Business,1487,1,1,1,1,5,5,4,4,4,4,4,5,4,3.31,0,0,TRUE
Male,Loyal Customer,54,Business Travel,Business,2602,4,4,4,4,4,4,4,2,2,2,2,3,5,3.38,0,31,TRUE
Female,Loyal Customer,18,Personal Travel,Eco,836,4,4,4,2,5,4,5,5,3,4,5,5,5,4.23,0,0,FALSE
Female,Loyal Customer,35,Business Travel,Business,2867,4,4,4,4,3,1,2,2,2,2,2,5,5,3.08,0,4,TRUE
Male,Loyal Customer,64,Personal Travel,Eco,950,2,4,2,4,4,2,4,4,3,4,4,3,4,3.38,0,0,FALSE
Female,Loyal Customer,27,Business Travel,Business,1258,3,1,1,1,3,4,3,3,1,5,3,4,3,2.69,29,32,FALSE
Female,Loyal Customer,37,Business Travel,Eco,395,5,3,3,3,5,4,5,5,1,4,5,1,5,3.77,27,50,TRUE
Male,Loyal Customer,46,Business Travel,Business,337,1,2,2,2,2,3,3,1,1,1,1,3,1,1.77,15,48,FALSE
Male,Loyal Customer,40,Business Travel,Business,2530,1,5,5,5,4,2,2,2,2,3,1,3,2,2.85,11,14,FALSE
Male,Loyal Customer,70,Business Travel,Business,1633,2,5,5,5,4,3,3,2,2,2,2,2,1,2.92,0,0,FALSE
Female,Loyal Customer,65,Personal Travel,Eco,157,5,3,0,3,4,3,4,4,4,0,4,1,4,3,0,0,TRUE
Male,Loyal Customer,57,Business Travel,Eco,321,2,1,1,1,2,2,2,2,2,3,4,2,2,2,0,0,FALSE
Female,Loyal Customer,39,Business Travel,Eco,589,2,4,4,4,2,2,2,2,2,4,4,1,2,2.69,12,30,TRUE
Male,Disloyal Customer,36,Business Travel,Business,356,1,1,1,4,2,1,2,2,4,4,5,5,2,2.62,117,103,FALSE
Male,Loyal Customer,23,Personal Travel,Eco,1046,1,4,1,4,1,1,1,1,2,2,3,4,1,2,11,7,FALSE
Male,Loyal Customer,39,Business Travel,Eco Plus,386,4,4,4,4,4,4,4,4,1,4,5,5,4,3.92,0,3,TRUE
Female,Disloyal Customer,24,Business Travel,Business,577,3,2,3,4,2,3,2,2,2,4,4,3,2,2.77,75,77,FALSE
Female,Loyal Customer,25,Personal Travel,Eco,491,4,3,4,1,2,4,2,2,1,4,2,1,2,2.46,3,54,FALSE
Female,Loyal Customer,48,Business Travel,Eco,589,2,3,3,3,1,3,4,2,2,2,2,1,1,2.23,121,124,FALSE
Male,Loyal Customer,32,Business Travel,Business,3493,4,4,4,4,4,4,4,4,3,2,4,3,4,3.69,65,62,TRUE
Male,Loyal Customer,40,Business Travel,Business,386,5,5,5,5,4,5,4,2,2,2,2,3,3,3.62,3,0,TRUE
Female,Disloyal Customer,25,Business Travel,Business,201,5,0,5,4,2,5,2,2,4,2,5,3,2,3.15,0,0,TRUE
Female,Loyal Customer,36,Business Travel,Business,3660,1,1,1,1,1,2,2,5,5,5,5,4,3,2.77,0,0,TRUE
Female,Loyal Customer,18,Personal Travel,Eco,1121,0,2,1,4,1,1,1,1,2,2,2,2,1,1.54,13,4,TRUE
Male,Disloyal Customer,34,Business Travel,Business,368,2,2,2,3,4,2,4,4,4,3,4,3,4,3.15,22,22,FALSE
Male,Loyal Customer,39,Business Travel,Business,3832,1,5,2,2,2,3,3,1,1,1,1,4,2,2.15,0,0,FALSE
Male,Loyal Customer,35,Personal Travel,Eco Plus,872,3,4,4,4,5,4,5,5,2,4,3,2,5,3.85,0,0,FALSE
Male,Loyal Customer,12,Personal Travel,Eco,577,5,2,5,4,2,5,2,2,3,2,4,1,2,3,13,1,TRUE
Female,Loyal Customer,58,Personal Travel,Eco Plus,594,4,5,4,4,2,4,1,4,4,4,4,5,4,3.77,0,0,FALSE
Male,Loyal Customer,24,Business Travel,Business,587,1,1,1,1,5,5,5,5,5,2,5,4,5,3.46,0,0,TRUE
Female,Loyal Customer,7,Personal Travel,Eco,101,3,1,3,4,3,3,3,3,1,5,3,1,3,2.77,0,0,FALSE
Male,Loyal Customer,48,Personal Travel,Eco,2075,1,4,1,4,2,1,2,2,5,4,5,5,2,2.92,0,8,FALSE
Female,Disloyal Customer,37,Business Travel,Business,1099,5,5,5,3,1,5,4,1,3,3,4,5,1,3.46,0,0,TRUE
Male,Loyal Customer,60,Business Travel,Business,1816,3,3,3,3,4,5,4,4,4,4,5,4,3,3.77,0,0,TRUE
Female,Loyal Customer,35,Business Travel,Business,399,4,4,4,4,3,5,3,5,5,5,5,5,3,4.23,0,4,TRUE
Male,Loyal Customer,10,Personal Travel,Eco Plus,1237,2,4,1,2,5,1,5,5,3,3,5,3,5,3.38,0,6,FALSE
Male,Loyal Customer,8,Personal Travel,Eco,1185,3,4,3,3,5,3,2,5,4,3,2,2,5,3.38,0,0,FALSE
Female,Disloyal Customer,48,Business Travel,Eco,201,3,5,3,4,2,3,2,2,4,4,1,3,2,2.92,0,0,FALSE
Male,Loyal Customer,54,Business Travel,Business,1846,2,2,5,2,5,4,5,4,4,4,4,3,4,3.69,0,0,TRUE
Female,Disloyal Customer,45,Business Travel,Eco,795,2,2,2,3,4,2,4,4,1,2,3,3,4,2.77,0,0,FALSE
Female,Loyal Customer,36,Business Travel,Business,449,1,1,1,1,2,5,5,5,5,5,5,3,4,3.31,13,0,TRUE
Male,Loyal Customer,38,Business Travel,Eco,751,2,2,2,2,2,2,2,2,2,3,2,3,2,2.15,87,82,TRUE
Female,Loyal Customer,44,Personal Travel,Eco,102,2,3,2,2,2,3,5,4,4,2,3,2,4,2.92,0,0,FALSE
Female,Loyal Customer,28,Business Travel,Business,2399,1,1,1,1,2,2,2,2,3,5,5,4,2,2.38,0,0,TRUE
Female,Loyal Customer,49,Business Travel,Eco,447,4,2,2,2,1,3,5,4,4,4,4,2,5,3.23,15,5,TRUE
Male,Loyal Customer,10,Personal Travel,Eco,821,4,3,4,4,5,4,5,5,4,3,3,2,5,3.92,31,39,TRUE
Female,Loyal Customer,54,Personal Travel,Eco,328,3,5,3,4,2,5,5,5,5,3,5,5,4,4.15,0,0,FALSE
Female,Loyal Customer,49,Personal Travel,Eco,397,3,5,3,1,3,4,5,5,5,3,5,4,4,3.85,12,8,FALSE
Female,Loyal Customer,31,Business Travel,Business,1337,2,3,3,3,2,2,2,2,1,4,3,3,2,2.46,48,46,FALSE
Male,Loyal Customer,7,Personal Travel,Eco,1076,2,5,1,4,4,1,2,4,3,4,4,3,4,3.15,0,0,FALSE
Male,Loyal Customer,28,Personal Travel,Business,1846,1,4,1,4,2,1,2,2,5,4,4,3,2,2.69,0,5,FALSE
Female,Loyal Customer,16,Personal Travel,Eco,925,1,4,2,4,1,2,1,1,5,4,4,3,1,2.54,2,0,FALSE
Female,Loyal Customer,67,Personal Travel,Eco,406,2,5,2,3,4,5,4,2,2,2,2,3,5,3.15,4,14,FALSE
Female,Loyal Customer,23,Personal Travel,Business,1452,2,0,3,3,5,3,5,5,3,5,4,3,5,3.54,12,0,FALSE
Male,Loyal Customer,52,Business Travel,Business,2987,4,4,4,4,4,4,4,5,5,5,5,5,4,4.38,67,61,TRUE
Male,Loyal Customer,44,Business Travel,Business,2889,3,3,3,3,5,5,4,5,5,5,5,3,4,4.08,28,51,TRUE
Female,Loyal Customer,27,Personal Travel,Eco,541,2,2,2,4,2,3,3,4,4,4,3,3,3,3,116,146,FALSE
Female,Disloyal Customer,39,Business Travel,Business,868,4,4,4,2,4,4,4,4,3,2,4,4,4,3.62,2,0,TRUE
Female,Disloyal Customer,52,Business Travel,Eco,515,5,0,5,4,3,5,3,3,3,2,2,4,3,3.23,0,0,TRUE
Male,Loyal Customer,24,Personal Travel,Eco,1471,3,4,3,1,5,3,1,5,4,4,3,5,5,3.54,44,47,FALSE
Male,Loyal Customer,50,Business Travel,Eco,588,1,4,3,4,1,1,1,1,3,5,3,1,1,2.23,0,0,FALSE
Female,Disloyal Customer,34,Business Travel,Eco Plus,315,4,4,4,3,4,4,4,4,2,4,2,5,4,3.69,3,35,FALSE
Female,Loyal Customer,52,Business Travel,Business,1739,1,1,3,1,2,4,4,5,5,5,5,4,3,3.31,0,0,TRUE
Male,Loyal Customer,40,Business Travel,Eco,817,3,4,4,4,3,3,3,3,1,5,4,1,3,3.15,0,0,TRUE
Female,Loyal Customer,66,Personal Travel,Business,507,1,2,1,4,4,4,4,4,4,1,4,4,1,2.92,113,117,FALSE
Female,Loyal Customer,67,Personal Travel,Eco Plus,558,2,4,2,4,4,4,4,4,4,2,4,5,3,3.54,25,6,FALSE
Male,Loyal Customer,65,Personal Travel,Eco,300,4,2,4,4,4,5,5,4,3,3,3,5,5,3.92,169,164,FALSE
Male,Loyal Customer,19,Personal Travel,Eco Plus,935,4,4,3,2,5,3,5,5,4,2,5,4,5,3.92,7,4,FALSE
Female,Loyal Customer,43,Personal Travel,Eco,438,3,5,3,3,2,5,1,5,5,3,5,1,1,3.23,15,3,FALSE
Male,Disloyal Customer,18,Business Travel,Business,270,0,5,0,1,5,0,5,5,3,3,4,3,5,3,0,0,TRUE
Male,Loyal Customer,47,Business Travel,Business,2667,5,5,3,5,5,4,4,4,4,4,4,4,5,4.31,0,0,TRUE
Female,Loyal Customer,42,Business Travel,Eco,646,5,5,3,5,3,5,1,5,5,5,5,5,5,4.38,9,4,TRUE
Female,Loyal Customer,13,Personal Travel,Eco,240,3,4,3,1,3,3,3,3,3,2,4,5,3,3.08,2,0,FALSE
Male,Disloyal Customer,19,Business Travel,Business,672,4,4,4,1,4,2,2,4,4,5,5,2,2,3.31,1,136,TRUE
Male,Loyal Customer,47,Business Travel,Business,1440,2,2,2,2,4,4,4,5,5,5,5,5,4,3.77,0,11,TRUE
Male,Loyal Customer,41,Business Travel,Business,1587,4,4,4,4,4,4,5,4,4,4,4,5,5,4.23,23,48,TRUE
Male,Loyal Customer,59,Personal Travel,Eco,382,2,5,2,1,1,2,1,1,5,3,5,3,1,2.46,0,0,FALSE
Female,Loyal Customer,22,Business Travel,Business,2835,4,4,5,4,5,5,5,5,5,2,4,5,5,4.46,0,0,TRUE
Male,Loyal Customer,46,Personal Travel,Eco,965,3,1,3,4,1,3,1,1,3,3,3,2,1,2.23,0,0,FALSE
Male,Loyal Customer,36,Personal Travel,Eco,1475,5,4,5,3,4,5,4,4,3,3,4,5,4,4.08,0,0,TRUE
Female,Loyal Customer,53,Personal Travel,Business,954,2,5,2,4,4,4,4,1,1,2,1,5,5,3.08,0,28,FALSE
Female,Loyal Customer,35,Business Travel,Business,3487,1,1,1,1,4,2,4,5,5,5,5,2,2,2.92,0,0,TRUE
Female,Loyal Customer,50,Personal Travel,Eco,106,5,2,5,3,3,4,4,2,2,5,2,1,2,3.08,0,0,TRUE
Female,Loyal Customer,58,Personal Travel,Eco,1400,2,4,2,5,3,5,5,2,2,2,2,5,4,3.31,0,7,FALSE
Male,Loyal Customer,47,Personal Travel,Eco,651,3,2,3,3,1,3,1,1,4,4,3,3,1,2.46,0,0,FALSE
Female,Loyal Customer,21,Business Travel,Business,1416,2,2,2,2,4,4,4,4,5,1,3,3,4,3.08,0,0,TRUE
Male,Disloyal Customer,16,Business Travel,Eco,628,3,3,3,3,1,3,3,1,4,1,4,1,1,2.38,21,14,FALSE
Female,Loyal Customer,50,Business Travel,Eco Plus,421,4,1,1,1,5,4,3,4,4,4,4,3,2,3.08,0,0,TRUE
Female,Loyal Customer,12,Personal Travel,Eco,1416,4,1,4,2,1,4,1,1,4,3,2,2,1,2.31,0,0,TRUE
Male,Loyal Customer,41,Business Travel,Eco,1065,5,4,4,4,5,5,5,5,5,1,5,2,5,4.23,5,0,TRUE
Female,Loyal Customer,58,Business Travel,Business,587,4,4,5,4,3,4,5,4,4,4,4,4,5,4.15,0,0,TRUE
Male,Loyal Customer,43,Business Travel,Business,697,3,3,3,3,2,5,4,4,4,4,4,3,4,3.54,10,0,TRUE
Male,Loyal Customer,49,Business Travel,Business,1681,3,2,2,2,5,4,3,3,3,3,3,3,3,3,18,6,FALSE
Male,Loyal Customer,57,Business Travel,Business,2259,2,2,4,2,4,5,5,5,5,4,5,3,3,3.77,7,4,TRUE
Female,Disloyal Customer,62,Business Travel,Eco,600,1,1,1,4,1,1,1,1,4,2,4,3,1,1.92,0,7,FALSE
Female,Loyal Customer,44,Business Travel,Business,1733,3,3,3,3,2,5,5,5,5,5,5,5,3,4,0,0,TRUE
Female,Loyal Customer,35,Business Travel,Business,1121,2,2,2,2,3,5,4,4,4,4,4,3,5,3.38,0,0,TRUE
Male,Loyal Customer,39,Business Travel,Eco,192,4,4,5,4,4,4,4,4,1,1,3,4,4,3.54,0,0,TRUE
Female,Loyal Customer,40,Personal Travel,Eco,900,2,5,2,1,4,2,3,4,4,5,4,1,4,3.15,0,0,FALSE
Female,Loyal Customer,50,Business Travel,Business,2347,3,3,3,3,3,5,4,5,5,5,5,4,4,4,2,11,TRUE
Female,Loyal Customer,29,Business Travel,Business,3831,3,4,4,4,3,3,3,3,2,4,4,1,3,3.15,0,0,FALSE
Male,Loyal Customer,52,Business Travel,Business,1620,5,5,5,5,3,5,5,4,4,4,4,5,3,4.38,0,0,TRUE
Female,Loyal Customer,34,Business Travel,Business,2499,1,1,1,1,5,2,2,4,4,4,4,4,4,2.85,0,0,TRUE
Male,Loyal Customer,19,Business Travel,Eco,899,3,2,2,2,3,3,1,3,4,1,4,4,3,2.69,0,10,FALSE
Female,Disloyal Customer,22,Business Travel,Business,651,4,4,4,2,1,4,1,1,3,4,4,3,1,2.77,29,40,TRUE
Female,Loyal Customer,36,Business Travel,Eco Plus,277,1,4,4,4,1,1,1,1,1,3,3,1,1,2,8,16,FALSE
Male,Loyal Customer,41,Personal Travel,Eco,694,4,4,4,3,5,4,5,5,4,2,5,4,5,4.15,0,3,FALSE
Male,Disloyal Customer,25,Business Travel,Eco,946,2,2,2,3,3,2,4,3,4,2,3,3,3,2.77,52,40,FALSE
Female,Loyal Customer,44,Business Travel,Business,692,2,2,2,2,3,4,4,3,3,3,3,4,4,3,0,0,TRUE
Female,Loyal Customer,35,Personal Travel,Eco,1389,4,5,4,3,2,4,5,2,4,5,4,5,2,3.77,15,0,FALSE
Female,Loyal Customer,30,Business Travel,Business,3232,4,4,4,4,5,5,5,5,3,2,5,5,5,4.31,24,9,TRUE
Male,Loyal Customer,44,Business Travel,Business,240,5,5,5,5,3,5,5,5,5,5,5,4,4,4.69,16,11,TRUE
Male,Loyal Customer,44,Personal Travel,Eco,313,5,5,5,4,5,2,2,5,5,4,4,2,2,3.85,161,162,TRUE
Female,Loyal Customer,44,Business Travel,Business,226,0,0,0,3,5,5,4,4,4,4,4,4,5,3.23,11,19,TRUE
Female,Loyal Customer,23,Business Travel,Eco Plus,649,2,5,5,5,2,2,1,2,2,1,4,1,2,2.62,0,0,FALSE
Male,Loyal Customer,65,Personal Travel,Eco,647,1,4,1,4,2,1,2,2,3,2,4,5,2,2.54,0,5,FALSE
Male,Loyal Customer,54,Personal Travel,Eco,748,3,4,3,4,1,3,1,1,4,5,5,3,1,2.92,0,0,FALSE
Female,Loyal Customer,42,Business Travel,Business,2276,2,3,3,3,1,1,2,2,2,2,2,2,3,2.15,4,0,FALSE
Female,Disloyal Customer,34,Business Travel,Eco,427,3,0,3,1,5,3,3,5,3,1,3,5,5,3.08,8,19,FALSE
Female,Loyal Customer,18,Personal Travel,Eco,2300,4,5,4,4,4,2,2,3,4,5,4,2,2,3.46,8,4,FALSE
Male,Loyal Customer,50,Business Travel,Business,1822,0,0,0,2,5,5,4,2,2,2,2,3,5,2.46,0,0,TRUE
Female,Loyal Customer,62,Personal Travel,Eco Plus,370,5,1,5,3,4,3,2,3,3,5,3,3,2,3.23,0,0,TRUE
Male,Loyal Customer,17,Personal Travel,Eco,341,3,4,3,5,2,3,2,2,3,3,5,5,2,3.23,0,0,FALSE
Male,Loyal Customer,41,Business Travel,Business,2181,1,4,5,4,2,3,3,1,1,2,1,4,2,2.54,53,28,FALSE
Male,Loyal Customer,29,Personal Travel,Eco,257,3,4,3,3,2,3,2,2,1,2,4,1,2,2.46,0,0,FALSE
Female,Loyal Customer,48,Business Travel,Eco,950,3,2,2,2,5,3,3,3,3,3,3,3,1,2.77,0,29,FALSE
Male,Disloyal Customer,37,Business Travel,Business,184,4,4,4,4,1,4,1,1,5,2,4,3,1,2.92,23,41,FALSE
Female,Loyal Customer,57,Business Travel,Eco Plus,545,3,1,1,1,1,2,2,3,3,3,3,2,2,2.08,0,0,FALSE
Male,Loyal Customer,53,Business Travel,Business,386,4,4,4,4,5,5,4,4,4,4,4,3,5,4.15,0,0,TRUE
Female,Loyal Customer,27,Personal Travel,Eco,417,2,3,2,3,4,2,4,4,4,2,3,1,4,2.92,32,27,FALSE
Male,Loyal Customer,44,Business Travel,Eco Plus,1014,1,3,3,3,1,1,1,1,4,2,3,1,1,1.92,0,0,FALSE
Male,Loyal Customer,23,Personal Travel,Business,252,5,5,5,3,2,5,2,2,4,4,1,2,2,3.23,0,0,TRUE
Female,Loyal Customer,39,Business Travel,Eco,333,5,4,4,4,5,5,5,5,3,2,1,1,5,3.77,0,0,TRUE
Male,Loyal Customer,31,Business Travel,Business,528,2,2,2,2,2,1,2,2,2,1,3,3,2,2,0,0,FALSE
Female,Loyal Customer,40,Personal Travel,Eco,991,4,5,4,2,2,4,2,2,5,5,5,3,2,3.46,0,0,TRUE
Male,Disloyal Customer,20,Business Travel,Eco,342,4,0,4,3,3,4,3,3,3,5,5,4,3,3.38,0,0,TRUE
Male,Loyal Customer,47,Personal Travel,Eco,181,3,5,3,3,5,3,1,5,5,4,5,3,5,3.85,9,0,FALSE
Female,Disloyal Customer,22,Business Travel,Eco,704,2,2,2,3,4,2,4,4,3,4,5,5,4,3.38,0,0,FALSE
Female,Loyal Customer,35,Business Travel,Business,1848,1,4,4,4,3,4,4,1,1,1,1,2,2,2.46,6,2,FALSE
Male,Disloyal Customer,38,Business Travel,Eco,484,1,0,1,1,3,1,5,3,1,5,3,4,3,2.38,0,0,FALSE
Male,Loyal Customer,24,Business Travel,Business,3073,1,1,1,1,5,5,5,5,3,2,4,3,5,3.15,0,0,TRUE
Male,Loyal Customer,57,Business Travel,Business,3477,5,5,5,5,2,4,4,2,2,2,2,5,4,3.62,0,0,TRUE
Male,Loyal Customer,59,Personal Travel,Eco,569,3,2,3,3,3,3,3,3,3,5,3,3,3,3.08,0,1,FALSE
Female,Loyal Customer,57,Business Travel,Business,3898,5,5,5,5,3,4,4,4,4,4,4,4,5,4.31,5,0,TRUE
Female,Loyal Customer,61,Personal Travel,Eco,1597,2,4,2,4,3,5,4,2,2,2,1,5,3,3,0,0,FALSE
Female,Loyal Customer,55,Business Travel,Business,2338,4,4,4,4,3,5,4,4,4,4,4,4,5,4.08,10,0,TRUE
Male,Disloyal Customer,62,Business Travel,Business,936,1,1,1,1,3,1,5,3,3,2,5,4,3,2.54,0,0,FALSE
Female,Loyal Customer,26,Business Travel,Business,1927,2,5,2,5,2,2,2,2,2,2,1,2,2,2.38,19,19,FALSE
Male,Loyal Customer,34,Personal Travel,Eco,900,4,5,4,4,3,4,3,3,3,5,2,4,3,3.62,0,0,FALSE
Female,Loyal Customer,43,Personal Travel,Eco,376,5,5,5,1,4,5,5,5,5,5,3,4,5,4.38,0,0,TRUE
Female,Loyal Customer,56,Business Travel,Business,2370,2,2,3,2,5,5,5,5,5,5,5,3,4,3.92,3,,TRUE
Male,Loyal Customer,38,Business Travel,Business,448,2,2,2,2,5,4,3,2,2,1,2,1,2,2.31,123,115,FALSE
Female,Loyal Customer,66,Personal Travel,Eco,402,3,4,4,1,5,5,4,1,1,4,1,3,5,3.15,0,0,FALSE
Male,Loyal Customer,22,Personal Travel,Eco,629,3,2,3,3,4,3,1,4,4,3,4,2,4,3.08,0,0,FALSE
Male,Loyal Customer,22,Business Travel,Eco,1487,3,1,1,1,3,3,4,3,4,2,4,4,3,2.77,0,0,FALSE
Female,Loyal Customer,49,Business Travel,Business,173,4,4,1,4,3,4,2,5,5,5,4,3,1,3.46,0,5,TRUE
Female,Loyal Customer,49,Business Travel,Business,1705,1,1,5,1,2,5,5,4,4,4,4,3,4,3.31,1,0,TRUE
Female,Loyal Customer,55,Business Travel,Business,2541,1,0,0,4,5,3,4,5,5,0,5,4,2,2.92,0,3,FALSE
Male,Loyal Customer,58,Business Travel,Business,1746,5,1,5,5,2,4,5,4,4,4,4,4,3,3.85,0,0,TRUE
Female,Disloyal Customer,36,Business Travel,Business,1222,2,1,1,1,3,1,3,3,5,2,4,3,3,2.46,37,41,FALSE
Female,Disloyal Customer,41,Business Travel,Eco,876,3,3,3,4,3,3,3,3,2,4,4,3,3,3.15,39,0,FALSE
Male,Disloyal Customer,61,Business Travel,Eco,403,3,4,3,3,2,3,3,2,3,3,3,2,2,2.77,0,0,FALSE
Female,Loyal Customer,55,Business Travel,Business,404,3,3,3,3,4,5,5,3,3,3,3,3,5,3.54,36,36,TRUE
Male,Loyal Customer,18,Personal Travel,Eco,391,3,4,3,3,5,3,5,5,4,3,5,3,5,3.92,0,0,FALSE
Female,Loyal Customer,67,Personal Travel,Eco,957,2,1,2,3,3,4,4,1,1,2,1,3,1,2.15,0,0,FALSE
Male,Disloyal Customer,28,Business Travel,Business,543,0,0,0,1,1,0,1,1,5,3,5,3,1,1.62,14,7,TRUE
Female,Disloyal Customer,25,Business Travel,Eco,1276,3,3,3,2,2,3,2,2,4,1,2,3,2,2.46,68,59,FALSE
Female,Disloyal Customer,35,Business Travel,Eco Plus,1237,3,3,3,4,2,3,2,2,3,2,2,5,2,2.77,0,0,FALSE
Female,Loyal Customer,48,Personal Travel,Eco,2419,4,4,4,3,5,3,4,2,2,4,2,1,4,3.23,11,7,FALSE
Female,Loyal Customer,42,Business Travel,Eco,298,4,3,4,4,4,5,5,4,4,4,4,2,3,3.85,0,0,TRUE
Female,Loyal Customer,39,Personal Travel,Eco,370,2,4,2,4,4,2,4,4,2,4,3,2,4,3.15,0,0,FALSE
Male,Disloyal Customer,21,Business Travel,Eco,1272,1,1,1,3,1,1,2,1,4,1,3,1,1,1.62,0,0,FALSE
Male,Loyal Customer,50,Personal Travel,Eco,663,1,2,1,2,2,1,3,2,3,4,1,4,2,2.15,0,0,FALSE
Male,Loyal Customer,25,Personal Travel,Eco,603,2,5,2,5,4,2,4,4,5,5,4,3,4,3.77,1,0,FALSE
Male,Disloyal Customer,46,Business Travel,Business,2475,1,0,0,3,1,4,4,4,4,5,4,4,4,2.92,0,6,FALSE
Female,Loyal Customer,28,Personal Travel,Business,2342,3,4,3,3,3,3,3,1,3,5,5,3,3,3.23,0,0,FALSE
Female,Loyal Customer,17,Personal Travel,Eco,430,1,5,1,5,5,1,5,5,5,5,5,4,5,4,0,0,FALSE
Male,Loyal Customer,8,Personal Travel,Eco,646,3,4,3,2,1,3,1,1,3,2,5,2,1,2.38,21,34,FALSE
Female,Loyal Customer,32,Personal Travel,Eco Plus,1173,2,5,2,3,3,2,3,3,4,4,4,3,3,3.15,57,58,FALSE
Male,Loyal Customer,34,Business Travel,Business,3661,2,2,2,2,5,4,5,4,4,4,4,3,1,3.23,28,82,TRUE
Female,Loyal Customer,33,Business Travel,Business,2396,2,2,2,2,2,4,5,5,5,5,5,3,3,3.46,27,25,TRUE
Male,Disloyal Customer,34,Business Travel,Business,268,3,4,4,4,3,4,3,3,4,2,5,4,3,3.54,0,0,FALSE
Female,Loyal Customer,44,Business Travel,Business,1587,5,5,5,5,5,3,4,4,4,4,4,3,3,4.15,7,0,TRUE
Male,Loyal Customer,36,Business Travel,Eco,819,2,1,1,1,2,2,2,2,3,3,4,3,2,2.15,0,0,FALSE
Female,Loyal Customer,32,Business Travel,Business,1400,4,4,4,4,5,5,5,5,3,4,5,3,5,4.31,13,0,TRUE
Male,Loyal Customer,28,Business Travel,Business,2840,2,4,4,4,2,2,2,2,4,2,3,3,2,2.77,14,17,FALSE
Male,Loyal Customer,54,Business Travel,Business,3192,3,3,3,3,2,5,5,2,2,2,2,5,5,3.23,5,0,TRUE
Female,Disloyal Customer,25,Business Travel,Business,368,3,0,3,2,2,3,2,2,4,5,5,5,2,2.92,0,0,FALSE
Female,Loyal Customer,26,Business Travel,Business,603,3,3,3,3,5,4,5,5,4,3,4,3,5,3.85,0,0,TRUE
Female,Loyal Customer,65,Personal Travel,Eco,1464,1,4,2,3,3,3,5,2,2,2,2,5,5,3,0,0,FALSE
Male,Loyal Customer,60,Personal Travel,Eco,239,1,5,1,2,5,1,5,5,2,1,1,3,5,2.85,47,54,FALSE
Female,Loyal Customer,38,Personal Travel,Eco,447,1,5,1,2,5,1,5,5,3,2,5,3,5,3.31,10,3,FALSE
Male,Loyal Customer,67,Personal Travel,Eco,959,2,4,2,4,3,2,3,3,5,4,4,4,3,3.31,1,0,FALSE
Female,Loyal Customer,47,Business Travel,Business,455,4,4,4,4,3,4,4,5,5,5,5,5,5,4.38,0,16,TRUE
Male,Loyal Customer,44,Business Travel,Business,1558,2,2,2,2,3,5,4,4,4,4,4,5,4,3.46,1,1,TRUE
Male,Loyal Customer,38,Business Travel,Eco Plus,301,5,3,3,3,5,5,5,5,5,5,3,1,5,4.08,0,0,TRUE
Male,Loyal Customer,24,Business Travel,Business,469,1,1,4,1,1,1,1,1,4,2,2,2,1,1.69,22,18,FALSE
Female,Loyal Customer,60,Business Travel,Business,2288,5,5,5,5,5,4,4,5,5,5,5,3,3,4.54,44,14,TRUE
Female,Loyal Customer,32,Business Travel,Eco,101,2,4,4,4,2,3,2,2,4,2,4,1,2,2.77,0,0,FALSE
Female,Loyal Customer,9,Personal Travel,Eco,153,2,5,2,3,2,2,2,2,4,4,5,5,2,3.08,0,0,FALSE
Male,Loyal Customer,59,Business Travel,Business,761,3,3,3,3,2,4,5,4,4,4,4,5,3,3.62,0,0,TRUE
Female,Loyal Customer,35,Personal Travel,Eco,251,3,5,3,4,5,3,5,5,5,2,3,1,5,3.77,2,0,FALSE
Female,Loyal Customer,60,Business Travel,Business,2685,2,2,3,2,5,5,4,4,4,4,4,5,5,3.77,3,0,TRUE
Female,Loyal Customer,37,Business Travel,Business,2556,1,1,2,1,3,3,1,4,4,4,4,2,3,2.54,32,23,TRUE
Female,Loyal Customer,35,Business Travel,Business,3983,4,4,4,4,2,2,3,5,5,5,5,3,1,3.62,0,10,TRUE
Male,Loyal Customer,65,Business Travel,Business,340,3,3,3,3,2,5,5,4,4,4,4,5,3,3.69,0,0,TRUE
Female,Loyal Customer,37,Personal Travel,Eco,651,1,1,2,2,4,2,4,4,1,1,2,3,4,2.38,26,8,FALSE
Female,Disloyal Customer,21,Business Travel,Business,337,5,0,4,2,4,4,4,4,4,3,5,4,4,3.62,37,32,TRUE
Male,Loyal Customer,22,Business Travel,Business,954,1,1,1,1,5,5,5,5,4,1,5,5,5,3.38,3,0,TRUE
Male,Disloyal Customer,22,Business Travel,Eco,936,2,2,2,3,3,2,3,3,1,2,3,1,3,2.31,0,27,FALSE
Male,Disloyal Customer,20,Business Travel,Eco,240,5,0,5,2,2,5,2,2,5,3,4,4,2,3.15,0,0,TRUE
Male,Loyal Customer,40,Personal Travel,Eco,148,5,1,0,3,5,0,5,5,4,1,2,3,5,3,10,0,TRUE
Female,Loyal Customer,42,Business Travel,Eco,235,2,2,2,2,4,3,4,2,2,2,2,4,1,2.46,0,8,FALSE
Male,Loyal Customer,52,Business Travel,Business,419,2,2,2,2,5,3,3,2,2,2,2,1,1,2.23,29,18,FALSE
Male,Disloyal Customer,38,Business Travel,Eco,489,1,0,1,4,1,1,1,1,2,2,1,5,1,1.62,0,0,FALSE
Female,Loyal Customer,58,Business Travel,Eco,687,3,4,4,4,1,3,3,4,4,3,4,4,2,3.31,92,103,FALSE
Female,Loyal Customer,33,Business Travel,Business,406,2,4,4,4,3,3,4,2,2,2,2,1,4,2.85,31,18,FALSE
Male,Loyal Customer,17,Business Travel,Business,528,1,5,5,5,1,1,1,1,4,3,3,1,1,2.46,0,0,FALSE
Male,Disloyal Customer,25,Business Travel,Eco,372,4,1,3,3,5,3,5,5,4,3,4,1,5,3.54,0,0,FALSE
Female,Disloyal Customer,16,Business Travel,Eco,1425,3,3,3,3,3,1,1,1,4,4,4,1,1,2.46,0,30,FALSE
Female,Loyal Customer,56,Business Travel,Business,2586,3,4,4,4,3,2,4,3,3,3,3,4,2,3.23,29,18,FALSE
Male,Loyal Customer,28,Business Travel,Business,2405,4,4,4,4,4,4,4,4,3,1,3,3,4,3.54,30,35,FALSE
Male,Disloyal Customer,62,Business Travel,Eco,95,2,3,2,3,2,2,2,2,1,5,5,4,2,2.69,0,0,FALSE
Female,Loyal Customer,12,Personal Travel,Eco,331,3,5,3,1,5,3,5,5,4,1,3,1,5,3.38,83,76,FALSE
Female,Loyal Customer,69,Personal Travel,Eco,531,1,4,1,1,3,4,4,1,1,1,1,4,3,2.23,0,0,FALSE
Male,Loyal Customer,64,Personal Travel,Eco,590,3,5,3,4,3,3,3,3,3,5,4,5,3,3.62,15,16,FALSE
Female,Loyal Customer,40,Personal Travel,Eco,1911,3,5,4,1,5,4,5,5,5,2,3,5,5,4,6,21,FALSE
Female,Loyal Customer,19,Personal Travel,Eco,1050,1,5,1,1,5,1,5,5,4,5,5,3,5,3.54,0,0,FALSE
Female,Loyal Customer,56,Business Travel,Business,2842,3,3,3,3,4,1,5,4,4,4,4,2,3,3.31,9,7,TRUE
Male,Loyal Customer,59,Business Travel,Business,1696,1,1,1,1,5,5,5,4,4,4,4,5,4,3.38,0,0,TRUE
Female,Loyal Customer,26,Business Travel,Eco,2065,5,4,4,4,5,5,5,5,1,5,4,5,5,4.38,0,0,TRUE
Female,Loyal Customer,40,Business Travel,Business,680,4,4,4,4,3,5,5,4,4,4,4,3,3,3.92,0,0,TRUE
Female,Loyal Customer,66,Personal Travel,Eco,1024,5,5,5,5,5,1,1,4,3,5,4,1,1,3.46,194,190,TRUE
Male,Loyal Customer,52,Personal Travel,Eco Plus,102,4,5,4,1,1,4,1,1,4,4,5,4,1,3,0,0,FALSE
Male,Loyal Customer,11,Business Travel,Business,2323,1,0,0,4,1,0,1,1,3,1,3,2,1,1.38,0,3,FALSE
Female,Loyal Customer,47,Business Travel,Business,405,1,1,1,1,5,4,4,5,5,5,5,4,4,3.46,38,23,TRUE
Female,Loyal Customer,55,Business Travel,Business,1431,5,5,5,5,4,4,4,4,4,4,4,4,4,4.31,24,12,TRUE
Female,Loyal Customer,34,Personal Travel,Eco,919,3,4,3,3,3,3,3,3,5,4,4,3,3,3.38,54,61,FALSE
Female,Loyal Customer,31,Personal Travel,Eco,261,3,5,3,4,1,3,1,1,3,3,4,4,1,2.77,0,0,FALSE
Male,Loyal Customer,37,Business Travel,Business,1416,1,1,1,1,5,4,5,4,4,5,4,5,3,3.31,0,0,TRUE
Female,Disloyal Customer,49,Business Travel,Business,227,2,2,2,3,3,2,5,3,1,5,4,2,3,2.85,4,9,FALSE
Male,Loyal Customer,42,Business Travel,Business,237,3,3,3,3,3,4,5,5,5,5,5,3,5,4,0,2,TRUE
Male,Disloyal Customer,22,Business Travel,Eco,399,5,1,5,3,4,1,4,4,1,2,4,2,4,3.08,0,8,TRUE
Male,Loyal Customer,25,Personal Travel,Eco,293,2,5,2,3,2,2,2,2,3,5,5,3,2,2.92,33,34,FALSE
Female,Disloyal Customer,37,Business Travel,Business,936,4,4,4,4,4,4,2,4,4,5,5,5,4,4.08,25,11,FALSE
Male,Loyal Customer,31,Business Travel,Business,2422,4,4,4,4,5,5,5,5,5,4,5,4,5,4.54,0,0,TRUE
Male,Loyal Customer,51,Business Travel,Business,2768,4,4,4,4,5,5,4,3,3,3,3,4,4,3.85,2,0,TRUE
Male,Loyal Customer,57,Personal Travel,Eco,765,1,4,1,3,2,1,2,2,5,4,5,4,2,2.77,0,0,FALSE
Male,Loyal Customer,32,Personal Travel,Eco,359,4,4,4,3,4,4,4,4,5,4,5,4,4,4.08,0,0,TRUE
Female,Loyal Customer,44,Business Travel,Business,2251,2,4,4,4,4,2,3,2,2,2,2,1,3,2.69,3,4,FALSE
Male,Loyal Customer,56,Business Travel,Business,1859,1,1,1,1,4,5,5,4,4,4,4,5,4,3.31,0,0,TRUE
Male,Loyal Customer,28,Business Travel,Eco Plus,503,2,4,4,4,2,1,2,2,2,5,4,1,2,2.69,0,0,FALSE
Male,Loyal Customer,35,Business Travel,Eco,174,4,1,1,1,4,4,4,4,1,4,3,5,4,3.08,0,0,TRUE
Male,Loyal Customer,57,Business Travel,Business,460,1,1,3,1,5,4,4,5,5,5,5,3,5,3.62,8,2,TRUE
Male,Loyal Customer,57,Business Travel,Business,2271,1,1,1,1,3,5,4,5,5,5,5,5,5,3.54,0,0,TRUE
Female,Disloyal Customer,24,Business Travel,Eco,1107,3,3,3,4,3,3,3,3,3,5,5,4,3,3.46,0,17,FALSE
Male,Loyal Customer,42,Personal Travel,Eco,871,3,4,3,3,3,3,3,3,1,5,3,4,3,3.15,24,8,FALSE
Female,Loyal Customer,52,Personal Travel,Eco,503,2,4,4,5,3,4,4,5,5,4,5,4,3,4,73,63,FALSE
Female,Loyal Customer,41,Business Travel,Business,2876,1,1,1,1,4,5,5,4,4,5,4,4,3,3.23,2,0,TRUE
Female,Loyal Customer,49,Business Travel,Business,3878,2,4,2,2,3,4,5,4,4,4,4,5,3,3.54,1,0,TRUE
Male,Loyal Customer,33,Business Travel,Eco Plus,1034,4,2,2,2,4,4,4,4,1,2,3,3,4,3,0,0,TRUE
Male,Loyal Customer,38,Business Travel,Business,3809,3,3,2,3,1,5,4,4,4,4,4,4,2,3.31,39,15,TRUE
Female,Loyal Customer,54,Business Travel,Business,861,3,3,3,3,5,5,5,5,5,4,5,4,5,4.23,0,0,TRUE
Female,Loyal Customer,26,Business Travel,Eco Plus,448,1,1,2,1,1,1,1,1,1,3,3,2,1,1.46,0,20,FALSE
Male,Loyal Customer,58,Personal Travel,Eco,240,3,2,3,2,3,3,3,3,1,4,3,1,3,2.62,1,0,FALSE
Female,Loyal Customer,49,Business Travel,Business,2815,4,4,4,4,4,4,4,4,4,4,4,5,5,4.15,24,18,TRUE
Male,Loyal Customer,37,Business Travel,Business,3986,3,3,3,3,2,4,5,4,4,4,4,4,4,3.62,0,0,TRUE
Male,Loyal Customer,30,Business Travel,Eco,2556,3,5,5,5,3,3,3,3,2,2,4,1,3,3.23,0,0,FALSE
Female,Disloyal Customer,25,Business Travel,Eco,353,1,4,1,3,2,1,2,2,4,3,3,2,2,2.31,0,0,FALSE
Female,Loyal Customer,56,Business Travel,Business,1912,2,2,2,2,2,3,5,5,5,4,5,4,3,3.38,36,35,TRUE
Female,Loyal Customer,54,Business Travel,Business,2908,4,4,4,4,3,4,4,4,4,4,4,3,4,3.85,0,0,TRUE
Male,Loyal Customer,52,Business Travel,Business,2723,1,1,1,1,5,5,5,4,5,5,4,5,5,3.62,150,155,TRUE
Male,Loyal Customer,17,Personal Travel,Eco,873,2,1,2,4,2,2,2,2,4,2,3,4,2,2.46,2,8,FALSE
Male,Disloyal Customer,62,Business Travel,Eco,448,3,3,3,3,4,3,4,4,4,1,1,1,4,2.92,0,0,FALSE
Male,Loyal Customer,32,Business Travel,Business,1985,4,1,1,1,4,4,4,4,2,5,4,3,4,3.15,37,23,FALSE
Female,Loyal Customer,30,Business Travel,Eco Plus,515,5,4,4,4,5,5,5,5,2,3,1,5,5,4.08,0,0,TRUE
Male,Loyal Customer,43,Personal Travel,Business,979,4,1,4,3,1,2,2,1,1,4,1,4,4,2.46,0,0,FALSE
Female,Loyal Customer,40,Business Travel,Business,3436,4,4,4,4,3,4,4,5,5,5,5,5,3,4.23,8,33,TRUE
Female,Disloyal Customer,48,Business Travel,Business,628,5,5,5,2,5,5,5,5,4,4,4,3,5,4.38,0,0,TRUE
Male,Loyal Customer,57,Business Travel,Business,3409,3,3,3,3,4,4,4,5,5,5,5,4,3,3.92,110,94,TRUE
Female,Loyal Customer,59,Business Travel,Eco,423,2,4,4,4,4,3,4,2,2,2,2,4,3,3.08,23,12,FALSE
Male,Loyal Customer,42,Business Travel,Business,314,3,5,5,5,4,3,3,1,3,3,4,3,3,3.46,164,204,FALSE
Female,Loyal Customer,23,Personal Travel,Eco,1428,3,5,3,4,4,3,4,4,5,3,3,3,4,3.69,0,0,FALSE
Male,Loyal Customer,27,Personal Travel,Eco,654,2,5,2,3,2,2,2,2,5,3,4,4,2,2.92,25,16,FALSE
Female,Disloyal Customer,26,Business Travel,Eco,404,4,2,4,4,4,4,5,4,1,1,4,1,4,3.23,0,0,FALSE
Female,Disloyal Customer,38,Business Travel,Eco,1140,3,3,3,3,3,5,1,1,2,3,3,1,1,2.46,0,31,FALSE
Female,Disloyal Customer,22,Business Travel,Eco,1379,3,3,3,3,3,3,3,3,1,2,4,3,3,2.85,26,10,FALSE
Female,Loyal Customer,48,Personal Travel,Eco Plus,2218,3,2,3,4,1,3,3,3,3,3,3,1,3,2.69,0,0,FALSE
Male,Loyal Customer,21,Business Travel,Business,1428,2,2,2,2,5,5,5,5,3,1,5,2,5,3.38,0,0,TRUE
Female,Loyal Customer,36,Business Travel,Business,1504,3,3,3,3,5,5,4,4,4,4,4,5,3,3.85,0,5,TRUE
Male,Loyal Customer,49,Business Travel,Business,2961,4,4,3,4,3,5,4,4,4,4,4,5,5,4.08,3,0,TRUE
Female,Disloyal Customer,34,Business Travel,Business,1597,2,2,2,3,2,4,3,4,3,4,5,3,3,3.08,145,129,FALSE
Male,Loyal Customer,58,Business Travel,Eco,2075,1,4,5,4,1,1,1,1,1,5,4,2,1,2.38,43,24,FALSE
Male,Loyal Customer,26,Personal Travel,Eco,1237,2,5,2,3,5,2,5,5,5,3,5,3,5,3.85,11,4,FALSE
Male,Disloyal Customer,42,Personal Travel,Eco,331,4,0,4,3,5,4,5,5,5,5,5,4,5,4.15,16,13,FALSE
Male,Loyal Customer,50,Business Travel,Business,3621,4,4,4,4,3,5,5,5,5,5,5,5,4,4.46,4,0,TRUE
Male,Loyal Customer,25,Personal Travel,Eco,468,2,2,1,3,2,1,5,2,2,4,4,2,2,2.46,0,0,FALSE
Female,Loyal Customer,29,Business Travel,Business,2704,1,1,1,1,3,3,3,3,5,3,5,4,3,2.77,52,54,TRUE
Female,Loyal Customer,17,Business Travel,Business,3878,5,3,5,5,2,3,2,2,2,2,2,1,2,2.77,30,22,TRUE
Male,Disloyal Customer,36,Business Travel,Eco,524,3,0,4,3,3,4,3,3,1,1,3,3,3,2.62,49,95,FALSE
Female,Disloyal Customer,19,Business Travel,Eco,212,3,4,3,5,1,3,1,1,4,3,3,4,1,2.77,0,0,FALSE
Male,Loyal Customer,22,Personal Travel,Eco,594,1,4,1,4,4,1,4,4,2,2,2,1,4,2.62,12,3,FALSE
Female,Loyal Customer,48,Business Travel,Business,529,3,3,3,3,3,5,2,5,5,5,5,5,4,3.92,7,3,TRUE
Female,Loyal Customer,23,Business Travel,Business,2873,0,0,0,3,3,3,5,3,5,4,1,3,3,2.54,0,0,TRUE
Male,Loyal Customer,51,Business Travel,Eco Plus,516,5,2,2,2,5,5,5,5,2,1,5,2,5,3.54,0,4,TRUE
Male,Loyal Customer,23,Personal Travel,Business,594,5,3,5,5,1,5,1,1,3,4,4,1,1,3,15,20,TRUE
Female,Loyal Customer,45,Personal Travel,Eco Plus,425,3,4,3,5,5,4,5,4,4,3,4,5,3,4,8,13,FALSE
Female,Disloyal Customer,25,Business Travel,Business,1065,1,0,1,5,5,1,5,5,5,3,5,3,5,3.38,0,0,FALSE
Female,Loyal Customer,46,Personal Travel,Eco,1136,2,5,2,2,4,4,4,1,1,2,1,4,4,2.77,1,6,FALSE
Female,Loyal Customer,55,Business Travel,Eco Plus,373,1,5,5,5,2,4,4,1,1,1,1,4,1,2.69,65,63,FALSE
Male,Loyal Customer,40,Business Travel,Business,2075,1,1,1,1,5,4,4,4,4,4,4,4,4,3.15,12,15,TRUE
Male,Loyal Customer,31,Business Travel,Eco Plus,432,5,1,1,1,5,5,5,5,4,3,4,4,5,3.69,9,2,TRUE
Female,Loyal Customer,40,Business Travel,Business,3240,4,4,3,4,5,5,4,5,5,5,5,5,5,4.54,12,9,TRUE
Male,Loyal Customer,29,Business Travel,Business,1817,1,1,1,1,5,5,5,5,4,3,4,5,5,3.46,0,17,TRUE
Female,Loyal Customer,13,Personal Travel,Eco,1075,3,4,3,3,2,3,2,2,3,4,5,3,2,3,0,0,FALSE
Male,Loyal Customer,56,Business Travel,Business,3588,3,3,3,3,3,3,2,4,4,4,4,1,2,3,20,4,TRUE
Female,Loyal Customer,60,Business Travel,Business,1609,1,1,1,1,4,5,5,4,4,4,4,3,4,3.15,0,0,TRUE
Male,Loyal Customer,38,Personal Travel,Eco,693,3,4,3,4,5,3,5,5,5,5,4,5,5,4.31,0,0,FALSE
Male,Loyal Customer,65,Personal Travel,Eco,255,1,3,1,3,4,1,4,4,2,3,4,1,4,2.69,0,9,FALSE
Male,Loyal Customer,21,Business Travel,Eco,240,4,2,2,2,3,2,4,3,2,3,3,4,4,2.92,537,524,FALSE
Female,Disloyal Customer,25,Business Travel,Business,293,1,0,1,1,4,1,4,4,4,2,5,3,4,2.62,0,0,FALSE
Female,Loyal Customer,12,Personal Travel,Eco,1222,4,4,4,3,4,4,4,4,2,2,4,3,4,3.54,54,47,TRUE
Female,Loyal Customer,35,Business Travel,Eco Plus,139,5,5,5,5,5,5,5,5,2,2,2,2,5,4.08,6,0,TRUE
Female,Loyal Customer,25,Business Travel,Business,3828,1,1,1,1,1,1,1,1,3,2,4,1,1,1.46,0,1,FALSE
Male,Disloyal Customer,12,Business Travel,Business,2537,2,2,1,4,2,1,2,2,2,3,4,4,2,2.38,1,0,FALSE
Male,Disloyal Customer,29,Business Travel,Business,1246,4,4,4,4,4,4,4,4,4,4,5,3,4,4,0,0,TRUE
Male,Disloyal Customer,22,Business Travel,Eco,762,3,3,3,3,2,3,2,2,5,3,5,3,2,3,10,3,FALSE
Female,Loyal Customer,35,Business Travel,Eco Plus,189,4,4,4,4,4,4,4,4,1,3,4,3,4,3.62,9,6,FALSE
Female,Loyal Customer,40,Business Travel,Business,1665,3,3,3,3,3,4,5,3,3,3,3,4,4,3.38,0,0,TRUE
Female,Loyal Customer,27,Personal Travel,Eco,534,3,5,3,1,3,3,3,3,3,3,5,4,3,3.23,0,0,FALSE
Male,Loyal Customer,47,Business Travel,Business,280,5,5,5,5,3,4,5,4,4,4,4,3,4,4.23,35,43,TRUE
Male,Loyal Customer,43,Business Travel,Business,2475,3,2,3,3,2,4,5,4,4,4,4,5,4,3.62,0,0,TRUE
Male,Disloyal Customer,49,Business Travel,Business,1224,5,4,4,4,2,5,2,2,3,5,5,3,2,3.54,24,22,TRUE
Female,Loyal Customer,27,Business Travel,Business,594,4,4,4,4,5,5,5,5,4,2,5,4,5,4.31,0,3,TRUE
Female,Loyal Customer,47,Business Travel,Business,308,5,5,4,5,1,1,3,5,5,5,5,2,5,3.92,1,0,TRUE
Male,Loyal Customer,42,Business Travel,Business,674,3,3,3,3,4,2,1,3,3,3,3,4,3,2.92,0,11,FALSE
Male,Loyal Customer,48,Business Travel,Business,192,2,2,2,2,3,4,4,4,4,5,5,4,5,3.54,0,0,TRUE
Female,Loyal Customer,40,Personal Travel,Eco,1220,4,2,4,4,4,4,4,4,2,1,3,1,4,3.15,0,3,FALSE
Female,Loyal Customer,39,Business Travel,Business,577,2,2,4,2,5,5,4,4,4,4,4,4,5,3.77,0,0,TRUE
Male,Loyal Customer,59,Personal Travel,Eco,1211,3,2,3,3,1,3,1,1,1,1,3,2,1,1.92,44,33,FALSE
Female,Loyal Customer,53,Personal Travel,Eco,1148,5,4,5,4,3,5,4,2,2,5,4,3,4,3.85,44,41,TRUE
Female,Loyal Customer,50,Business Travel,Eco Plus,2300,1,5,5,5,1,1,1,1,4,2,3,1,1,2.38,5,69,FALSE
Male,Disloyal Customer,22,Business Travel,Eco,267,2,4,1,3,2,1,2,2,5,2,4,4,2,2.62,14,8,FALSE
Male,Loyal Customer,43,Business Travel,Eco,584,4,5,5,5,4,4,4,4,4,2,4,5,4,4.15,0,0,TRUE
Female,Disloyal Customer,17,Business Travel,Business,166,4,5,4,1,3,4,3,3,5,4,5,4,3,3.69,0,0,TRUE
Male,Loyal Customer,67,Personal Travel,Business,1155,3,4,3,3,3,4,4,4,3,4,5,4,4,3.69,141,163,FALSE
Female,Disloyal Customer,26,Business Travel,Eco,674,3,3,3,4,4,3,4,4,2,3,4,4,4,3.46,114,99,FALSE
Female,Disloyal Customer,13,Business Travel,Eco,622,1,1,1,3,3,1,3,3,4,1,3,4,3,2.38,11,2,FALSE
Female,Loyal Customer,32,Personal Travel,Eco Plus,670,5,4,5,4,1,5,1,1,3,3,4,3,1,3.08,0,0,TRUE
Male,Loyal Customer,46,Personal Travel,Eco Plus,102,0,4,0,3,1,0,1,1,4,1,4,3,1,1.77,2,4,TRUE
Male,Loyal Customer,49,Business Travel,Business,2638,3,3,3,3,4,4,4,5,5,5,5,5,3,4,0,0,TRUE
Female,Loyal Customer,45,Business Travel,Business,1056,1,1,1,1,1,4,5,4,4,4,4,2,3,2.69,0,0,TRUE
Male,Loyal Customer,7,Personal Travel,Eco,951,4,1,4,3,2,4,2,2,1,4,2,1,2,2.46,0,0,FALSE
Female,Loyal Customer,19,Personal Travel,Eco,1709,2,3,2,4,2,2,2,2,1,5,4,3,2,2.62,71,52,FALSE
Female,Loyal Customer,32,Business Travel,Business,231,0,0,0,3,5,5,5,5,5,4,2,5,5,3.38,76,80,TRUE
Male,Loyal Customer,60,Business Travel,Business,1426,3,3,3,3,3,5,4,5,5,5,5,4,4,4,0,0,TRUE
Male,Loyal Customer,48,Business Travel,Eco,728,2,2,2,2,2,2,2,2,1,3,3,4,2,2.23,90,93,FALSE
Female,Loyal Customer,34,Business Travel,Business,2553,5,5,5,5,3,5,5,5,5,5,4,4,3,4.54,0,0,TRUE
Female,Loyal Customer,25,Personal Travel,Eco,1303,4,4,4,4,4,4,3,4,4,5,4,5,4,4.08,11,0,FALSE
Male,Loyal Customer,42,Business Travel,Business,2117,4,4,4,4,3,1,5,3,3,3,3,2,1,3.08,0,9,TRUE
Female,Loyal Customer,43,Personal Travel,Eco,785,2,4,2,3,4,4,5,5,5,2,5,5,4,3.85,17,70,FALSE
Female,Loyal Customer,53,Personal Travel,Eco,319,3,2,3,3,3,3,3,3,3,3,2,3,3,2.85,113,158,FALSE
Male,Loyal Customer,32,Personal Travel,Eco,862,2,5,2,3,3,2,3,3,4,5,5,5,3,3.46,0,0,FALSE
Female,Disloyal Customer,44,Business Travel,Eco,304,2,3,2,3,3,2,4,3,3,2,3,4,3,2.85,15,19,FALSE
Male,Loyal Customer,23,Personal Travel,Eco,1235,3,4,3,4,4,3,4,4,3,2,4,5,4,3.62,15,7,FALSE
Male,Loyal Customer,23,Business Travel,Business,3899,1,1,1,1,4,4,4,4,4,2,5,4,4,3,24,9,TRUE
Female,Disloyal Customer,25,Business Travel,Eco,174,3,1,3,3,5,3,5,5,2,4,3,1,5,3.31,5,0,FALSE
Male,Disloyal Customer,26,Business Travel,Eco,1237,4,4,4,4,3,4,3,3,4,2,5,1,3,3.38,36,15,TRUE
Male,Loyal Customer,40,Business Travel,Business,1866,1,1,1,1,4,4,4,4,4,4,4,4,5,3.15,1,0,TRUE
Female,Loyal Customer,37,Personal Travel,Business,297,2,5,2,3,4,4,4,2,2,2,1,3,4,2.92,0,0,FALSE
Male,Loyal Customer,46,Business Travel,Business,1546,5,5,5,5,3,5,4,5,5,5,5,3,3,4.46,5,0,TRUE
Female,Loyal Customer,18,Personal Travel,Eco,189,2,5,2,1,3,2,3,3,5,2,4,4,3,3,0,0,FALSE
Female,Loyal Customer,11,Personal Travel,Business,671,5,5,5,1,3,5,3,3,4,2,5,4,3,3.69,0,0,TRUE
Female,Loyal Customer,8,Personal Travel,Eco,102,1,4,1,2,1,1,1,1,2,3,4,3,1,1.92,0,0,FALSE
Male,Loyal Customer,39,Business Travel,Business,2178,3,3,3,3,5,4,4,2,2,2,2,4,5,3.23,0,0,TRUE
Female,Loyal Customer,48,Business Travel,Business,3178,0,0,0,4,4,5,4,1,1,1,1,4,4,2.23,0,0,TRUE
Female,Disloyal Customer,24,Business Travel,Business,331,5,4,5,2,5,5,5,5,4,4,4,5,5,4.46,9,12,TRUE
Male,Loyal Customer,66,Business Travel,Business,374,3,1,1,1,1,3,4,3,3,2,3,2,3,2.31,15,19,FALSE
Male,Loyal Customer,40,Business Travel,Business,2587,3,3,3,3,5,5,4,4,4,4,4,3,5,3.85,25,23,TRUE
Female,Loyal Customer,53,Business Travel,Business,345,3,3,3,3,3,5,4,4,4,4,4,5,5,3.85,20,21,TRUE
Female,Disloyal Customer,37,Business Travel,Eco,192,3,2,3,4,3,3,3,3,4,5,3,3,3,3.23,0,0,FALSE
Male,Loyal Customer,52,Business Travel,Business,611,1,1,1,1,3,5,4,5,5,5,5,4,4,3.38,61,80,TRUE
Male,Disloyal Customer,28,Business Travel,Business,495,0,0,0,1,3,0,3,3,4,2,4,4,3,2.08,0,0,TRUE
Male,Disloyal Customer,44,Business Travel,Business,1074,1,0,0,3,3,1,3,3,2,3,1,3,3,2,0,0,FALSE
Female,Loyal Customer,39,Personal Travel,Eco,502,2,5,3,3,2,3,2,2,4,2,5,3,2,2.92,0,38,FALSE
Male,Loyal Customer,30,Personal Travel,Eco,1076,3,4,3,4,4,3,4,4,3,4,5,5,4,3.85,0,0,FALSE
Female,Loyal Customer,51,Business Travel,Business,651,5,3,5,5,4,1,1,5,5,5,5,4,1,3.77,0,0,TRUE
Female,Loyal Customer,67,Personal Travel,Eco,236,0,4,0,4,4,5,5,1,1,0,1,5,3,2.54,0,0,TRUE
Female,Disloyal Customer,23,Business Travel,Eco,1283,3,2,2,4,1,3,1,1,3,5,3,3,1,2.46,2,0,TRUE
Female,Disloyal Customer,27,Business Travel,Eco,1262,4,4,4,4,5,4,3,5,2,2,4,4,5,3.85,0,0,FALSE
Male,Loyal Customer,22,Business Travel,Business,2475,2,2,2,2,4,4,4,4,4,3,5,4,4,3.38,0,10,TRUE
Female,Loyal Customer,19,Personal Travel,Eco,414,2,4,2,1,5,2,5,5,2,4,3,4,5,3.38,0,0,FALSE
Male,Loyal Customer,44,Business Travel,Eco,247,2,4,4,4,3,2,3,3,3,5,2,3,3,3.15,0,9,FALSE
Female,Loyal Customer,42,Business Travel,Business,3645,1,1,3,1,2,3,2,5,5,5,4,1,1,2.62,0,12,TRUE
Female,Loyal Customer,39,Business Travel,Business,2614,5,5,4,5,3,3,3,3,2,5,5,3,3,3.77,0,8,TRUE
Male,Loyal Customer,41,Business Travel,Business,959,3,1,3,3,5,3,4,4,4,5,4,1,5,3.46,0,3,TRUE
Male,Disloyal Customer,27,Business Travel,Eco,329,1,0,1,1,5,1,5,5,3,5,3,2,5,2.85,9,5,FALSE
Male,Disloyal Customer,21,Business Travel,Eco,406,2,2,2,3,1,2,1,1,1,2,3,1,1,1.69,5,0,FALSE
Female,Loyal Customer,66,Personal Travel,Eco,1249,2,4,2,3,3,5,4,3,3,2,3,4,4,3.23,46,44,FALSE
Male,Loyal Customer,36,Business Travel,Eco,337,5,2,4,4,5,5,5,5,5,3,2,3,5,4.08,0,0,TRUE
Female,Loyal Customer,40,Business Travel,Business,2676,2,2,3,2,4,4,5,4,4,4,4,5,5,3.69,4,2,TRUE
Male,Loyal Customer,31,Business Travel,Eco,289,2,2,3,3,2,2,2,2,1,4,4,1,2,2.31,0,0,FALSE
Male,Loyal Customer,43,Personal Travel,Business,157,3,4,0,1,2,4,5,5,5,0,5,4,5,3.31,40,29,FALSE
Female,Disloyal Customer,15,Business Travel,Business,967,5,0,5,2,2,5,2,2,5,3,5,5,2,3.31,1,11,TRUE
Male,Loyal Customer,67,Personal Travel,Eco,77,3,5,0,2,4,0,4,4,5,2,4,4,4,3.15,106,102,FALSE
Female,Loyal Customer,39,Business Travel,Eco,1183,2,1,3,1,2,2,2,2,4,1,3,4,2,2.23,4,0,FALSE
Female,Loyal Customer,23,Business Travel,Eco,868,2,2,2,2,2,2,4,2,2,5,3,1,2,2.38,2,12,FALSE
Female,Loyal Customer,11,Business Travel,Eco,591,3,3,3,3,3,3,3,3,4,1,3,1,3,2.77,21,31,FALSE
Male,Loyal Customer,53,Personal Travel,Eco,405,4,4,2,2,2,2,2,2,5,3,4,5,2,3,1,0,TRUE
Female,Loyal Customer,46,Personal Travel,Eco,447,5,4,5,3,3,4,5,5,5,5,5,1,1,3.92,0,0,TRUE
Female,Loyal Customer,57,Business Travel,Business,1072,1,1,1,1,2,4,4,5,5,5,5,3,5,3.23,1,0,TRUE
Male,Disloyal Customer,21,Business Travel,Eco,690,3,2,2,4,4,2,4,4,1,3,4,1,4,2.92,0,0,FALSE
Female,Loyal Customer,36,Business Travel,Eco,763,4,4,4,4,4,4,4,4,2,3,2,3,4,3.54,0,0,TRUE
Female,Disloyal Customer,23,Business Travel,Eco,857,3,3,3,4,5,3,5,5,2,3,3,3,5,3.62,0,0,FALSE
Male,Loyal Customer,57,Personal Travel,Eco Plus,1183,5,4,5,3,1,5,1,1,5,3,4,3,1,3.15,0,0,TRUE
Female,Loyal Customer,10,Business Travel,Business,1303,3,1,3,1,3,3,3,3,2,2,3,2,3,2.46,0,0,FALSE
Male,Disloyal Customer,33,Business Travel,Eco,666,2,2,2,4,2,2,2,2,2,3,4,2,2,2.38,5,1,FALSE
Female,Disloyal Customer,40,Business Travel,Business,302,1,1,1,3,2,1,2,2,1,3,3,2,2,1.85,0,7,FALSE
Male,Loyal Customer,65,Personal Travel,Business,666,4,0,5,5,5,5,4,5,5,5,5,5,3,4.31,104,101,FALSE
Female,Loyal Customer,39,Business Travel,Business,2603,3,3,3,3,3,4,5,5,5,5,5,5,5,4.15,0,0,TRUE
Male,Loyal Customer,47,Business Travel,Business,134,3,3,3,3,2,5,4,4,4,4,4,5,3,3.62,30,36,TRUE
Male,Loyal Customer,55,Business Travel,Eco,1075,5,1,1,1,5,5,5,5,3,2,1,2,5,3.15,0,0,TRUE
Female,Loyal Customer,46,Business Travel,Business,2155,2,2,2,2,2,1,3,4,4,5,4,4,4,3,15,8,TRUE
Female,Loyal Customer,42,Business Travel,Business,1041,2,2,2,2,5,4,4,5,5,5,5,4,4,3.77,0,0,TRUE
Female,Loyal Customer,33,Personal Travel,Eco,937,2,3,2,4,5,2,5,5,3,2,5,5,5,3.69,10,0,FALSE
Female,Loyal Customer,51,Business Travel,Eco,588,4,3,3,3,2,4,4,4,4,4,4,1,1,3.15,0,0,TRUE
Female,Loyal Customer,51,Business Travel,Business,1875,2,2,2,2,4,4,4,3,3,5,5,4,4,3.38,153,160,TRUE
Female,Disloyal Customer,27,Business Travel,Business,1047,5,5,5,4,2,5,2,2,5,4,4,4,2,3.77,0,0,TRUE
Male,Disloyal Customer,25,Business Travel,Eco,696,3,3,3,4,2,3,2,2,3,3,3,3,2,2.77,13,15,FALSE
Male,Loyal Customer,44,Personal Travel,Eco,372,2,5,2,5,4,2,3,4,3,3,3,4,4,3.38,0,0,FALSE
Male,Loyal Customer,35,Personal Travel,Eco,110,0,5,0,2,3,0,3,3,2,3,3,2,3,2.23,77,74,TRUE
Male,Loyal Customer,51,Business Travel,Business,2107,4,4,4,4,3,5,4,4,4,5,4,4,5,4.15,16,9,TRUE
Male,Disloyal Customer,22,Business Travel,Eco,591,2,5,2,4,3,2,4,3,4,5,5,4,3,3.54,3,0,FALSE
Male,Loyal Customer,69,Personal Travel,Eco,873,3,4,3,1,3,3,3,3,4,2,5,2,3,3,7,5,FALSE
Male,Loyal Customer,32,Business Travel,Business,3174,2,2,2,2,5,5,5,5,5,4,5,3,5,3.85,0,0,TRUE
Male,Loyal Customer,29,Personal Travel,Eco Plus,1131,1,3,1,4,1,1,1,4,1,2,3,1,1,1.85,181,168,FALSE
Female,Loyal Customer,32,Personal Travel,Eco,308,2,4,4,1,2,4,2,2,5,2,5,5,2,3.08,26,40,FALSE
Female,Loyal Customer,40,Business Travel,Business,842,5,5,5,5,3,5,5,2,2,2,2,3,5,3.77,8,0,TRUE
Female,Disloyal Customer,20,Business Travel,Eco,871,2,2,2,3,4,2,4,4,4,1,1,1,4,2.62,0,0,FALSE
Male,Loyal Customer,29,Business Travel,Business,1063,2,1,1,1,2,2,2,2,1,5,3,4,2,2.15,4,0,FALSE
Male,Loyal Customer,57,Business Travel,Business,641,3,1,3,1,3,4,4,3,3,3,3,4,4,3,0,0,FALSE
Male,Disloyal Customer,25,Business Travel,Business,715,4,0,5,1,4,5,4,4,3,3,4,5,4,3.54,0,0,TRUE
Female,Loyal Customer,42,Business Travel,Business,2402,3,3,3,3,5,4,4,4,5,3,4,4,4,3.77,0,17,TRUE
Male,Disloyal Customer,27,Business Travel,Eco Plus,414,2,3,3,5,2,3,2,2,1,2,3,3,2,2.54,0,0,FALSE
Female,Loyal Customer,18,Business Travel,Business,3801,4,4,4,4,4,4,4,5,2,3,2,4,4,3.69,0,0,TRUE
Female,Loyal Customer,44,Business Travel,Business,1050,5,5,3,5,5,3,2,5,5,5,5,3,1,4,37,19,TRUE
Female,Disloyal Customer,30,Business Travel,Eco,955,2,2,2,4,4,2,4,4,4,1,4,4,4,3.15,5,5,FALSE
Female,Disloyal Customer,22,Business Travel,Eco,1024,2,2,2,2,3,2,3,3,2,1,3,1,3,2.23,2,0,FALSE
Female,Disloyal Customer,39,Business Travel,Business,937,1,1,1,3,3,1,3,3,3,3,3,4,3,2.46,0,0,FALSE
Female,Loyal Customer,30,Business Travel,Eco Plus,679,2,3,3,3,2,2,2,2,1,2,3,4,2,2.38,0,6,FALSE
Male,Loyal Customer,64,Personal Travel,Eco,236,4,4,0,2,5,0,5,5,5,2,1,5,5,3.31,2,0,TRUE
Female,Disloyal Customer,80,Business Travel,Business,585,3,3,3,3,4,4,4,5,5,3,5,4,4,3.85,0,0,FALSE
Male,Loyal Customer,34,Personal Travel,Eco,106,3,4,0,5,4,0,4,4,5,2,5,5,4,3.46,0,0,FALSE
Male,Disloyal Customer,23,Business Travel,Business,1514,0,3,0,4,3,0,3,3,4,3,5,5,3,2.77,0,0,TRUE
Female,Loyal Customer,44,Business Travel,Business,2311,5,5,5,5,1,4,5,4,4,4,4,1,2,3.77,0,0,TRUE
Male,Disloyal Customer,27,Business Travel,Business,1179,3,3,3,3,5,3,5,5,1,2,4,2,5,3.38,0,0,FALSE
Male,Loyal Customer,31,Business Travel,Business,696,3,2,2,2,3,3,3,3,4,2,3,3,3,2.77,5,12,FALSE
Male,Loyal Customer,37,Personal Travel,Eco,937,2,5,1,3,4,1,4,4,4,5,4,5,4,3.54,25,11,FALSE
Male,Loyal Customer,29,Business Travel,Business,2889,5,5,5,5,5,5,5,5,5,4,3,5,5,4.77,3,0,TRUE
Female,Disloyal Customer,21,Business Travel,Business,1947,0,3,0,4,2,3,2,2,5,4,5,4,2,2.77,0,0,TRUE
Male,Loyal Customer,8,Personal Travel,Eco,500,3,4,3,5,3,3,3,3,5,5,3,4,3,3.62,45,29,FALSE
Female,Loyal Customer,56,Business Travel,Eco,1010,4,4,4,4,1,4,4,4,4,4,4,2,2,3.46,0,7,FALSE
Male,Loyal Customer,35,Personal Travel,Eco,594,3,4,3,4,5,3,5,5,3,4,3,2,5,3.77,0,0,FALSE
Female,Loyal Customer,58,Business Travel,Business,2773,1,1,1,1,2,4,4,5,5,5,5,3,5,3.23,0,0,TRUE
Male,Loyal Customer,40,Business Travel,Business,802,5,5,2,5,2,4,4,5,5,5,5,3,5,4.23,2,0,TRUE
Female,Loyal Customer,31,Personal Travel,Eco,669,2,2,2,2,4,2,2,4,2,5,2,1,4,2.62,0,0,FALSE
Male,Loyal Customer,57,Business Travel,Eco,209,5,1,3,1,4,5,4,4,4,1,4,1,4,3.15,0,0,TRUE
Female,Loyal Customer,19,Personal Travel,Eco,599,2,3,2,3,3,2,4,3,4,2,3,1,3,2.69,0,0,FALSE
Female,Loyal Customer,17,Business Travel,Business,1562,1,1,1,1,1,2,1,1,2,3,4,4,1,1.77,0,0,FALSE
Female,Loyal Customer,39,Business Travel,Business,936,2,2,2,2,5,4,4,5,5,5,5,5,3,3.77,0,0,TRUE
Male,Disloyal Customer,23,Business Travel,Business,391,4,5,4,4,5,4,5,5,4,4,5,5,5,4.54,6,0,TRUE
Female,Loyal Customer,58,Business Travel,Business,641,3,4,4,4,3,3,3,3,3,3,3,3,2,3.15,2,19,FALSE
Male,Loyal Customer,40,Business Travel,Business,1843,4,4,2,4,4,5,2,5,5,5,4,3,2,3.77,0,0,TRUE
Male,Loyal Customer,72,Business Travel,Eco,493,5,1,4,1,5,5,5,5,3,1,1,1,5,3.23,0,0,TRUE
Male,Loyal Customer,51,Business Travel,Business,447,2,2,5,2,2,5,4,4,4,4,4,3,4,3.46,34,22,TRUE
Male,Disloyal Customer,39,Business Travel,Eco,1357,2,2,2,2,1,2,1,1,4,4,3,1,1,2,0,23,FALSE
Male,Loyal Customer,46,Business Travel,Eco,1448,2,2,4,2,2,2,2,2,2,4,3,3,2,2.46,0,13,FALSE
Female,Loyal Customer,24,Business Travel,Business,3851,1,1,1,1,4,4,4,4,5,3,5,2,4,3,0,3,TRUE
Male,Disloyal Customer,37,Business Travel,Business,399,4,4,4,2,5,4,5,5,5,4,5,5,5,4.38,46,49,FALSE
Male,Loyal Customer,27,Business Travel,Eco Plus,599,1,4,4,4,1,1,1,1,2,4,3,2,1,2.23,0,0,FALSE
Female,Loyal Customer,51,Business Travel,Business,3080,1,5,1,1,4,5,5,5,5,5,5,3,5,3.85,1,0,TRUE
Female,Loyal Customer,47,Business Travel,Eco,680,3,1,4,1,5,3,4,3,3,3,3,4,3,3.08,0,0,FALSE
Male,Disloyal Customer,36,Business Travel,Business,173,3,3,3,1,5,3,4,5,4,4,4,5,5,3.77,14,14,FALSE
Male,Loyal Customer,29,Business Travel,Eco Plus,581,4,3,5,3,4,4,4,4,4,3,3,4,4,3.77,0,6,FALSE
Female,Loyal Customer,68,Personal Travel,Business,1024,3,5,3,1,4,4,4,2,2,3,2,4,4,3.15,0,0,FALSE
Female,Disloyal Customer,24,Business Travel,Eco,811,3,3,3,3,5,3,5,5,3,2,5,4,5,3.77,39,33,FALSE
Male,Loyal Customer,58,Personal Travel,Eco,1282,4,5,4,2,2,4,2,2,5,2,4,3,2,3.15,26,10,FALSE
Male,Disloyal Customer,22,Business Travel,Eco,925,3,3,3,4,1,3,1,1,3,4,3,4,1,2.62,0,0,FALSE
Male,Loyal Customer,48,Business Travel,Business,2586,1,1,1,1,4,5,4,5,5,5,5,4,4,3.46,0,3,TRUE
Female,Loyal Customer,41,Business Travel,Business,3859,1,1,1,1,3,4,4,5,5,5,5,4,4,3.31,9,37,TRUE
Male,Disloyal Customer,25,Business Travel,Business,216,3,0,3,3,5,3,5,5,4,3,5,4,5,3.69,0,0,FALSE
Male,Loyal Customer,51,Personal Travel,Eco Plus,1052,1,4,1,3,1,1,1,1,4,4,4,4,1,2.31,42,39,FALSE
Male,Loyal Customer,21,Personal Travel,Eco,1471,1,5,1,1,5,1,5,5,4,3,5,3,5,3.38,8,0,FALSE
Female,Loyal Customer,57,Personal Travel,Eco,599,2,5,2,4,1,2,2,2,2,2,2,5,2,2.54,0,0,FALSE
Male,Loyal Customer,23,Business Travel,Business,1538,0,3,0,4,4,5,5,4,5,4,4,4,4,3.54,0,0,TRUE
Female,Loyal Customer,60,Personal Travel,Eco,101,3,4,3,3,3,4,4,3,3,3,3,3,5,3.38,0,2,FALSE
Male,Loyal Customer,27,Business Travel,Eco,2554,2,5,5,5,2,2,2,2,2,3,4,2,2,2.92,10,0,FALSE
Male,Loyal Customer,60,Business Travel,Business,3841,1,1,1,1,3,4,5,5,5,5,5,3,4,3.31,0,0,TRUE
Male,Loyal Customer,55,Business Travel,Eco Plus,752,5,2,2,2,5,5,5,5,3,5,2,2,5,3.69,0,12,TRUE
Female,Loyal Customer,23,Business Travel,Business,1532,2,2,2,2,4,4,4,4,5,3,4,4,4,3.38,25,50,TRUE
Male,Loyal Customer,59,Business Travel,Business,2296,2,2,2,2,3,4,4,2,2,3,2,4,3,2.69,0,0,TRUE
Female,Loyal Customer,53,Business Travel,Business,1407,5,5,5,5,3,4,5,3,3,3,3,3,4,3.92,0,0,TRUE
Male,Loyal Customer,30,Business Travel,Business,1940,0,0,0,5,1,1,1,1,5,4,2,5,1,2,0,10,TRUE
Male,Disloyal Customer,33,Business Travel,Business,552,3,3,3,4,3,3,3,3,3,3,4,3,3,3.15,0,0,FALSE
Male,Loyal Customer,46,Business Travel,Business,2540,1,1,1,1,3,4,4,4,4,5,4,5,4,3.15,9,0,TRUE
Female,Loyal Customer,34,Business Travel,Business,3136,2,2,2,2,2,5,4,5,5,5,5,4,4,3.62,0,0,TRUE
Female,Loyal Customer,48,Business Travel,Business,1680,0,5,0,4,3,5,5,4,4,4,4,3,3,3.38,0,0,TRUE
Male,Loyal Customer,55,Personal Travel,Eco,349,1,5,1,5,3,1,3,3,5,1,2,4,3,2.85,0,0,FALSE
Male,Loyal Customer,50,Business Travel,Business,3391,5,5,5,5,4,5,4,4,4,4,4,4,3,4.31,5,0,TRUE
Female,Loyal Customer,49,Business Travel,Business,859,1,5,5,5,1,1,1,4,4,4,4,1,1,2.85,178,176,FALSE
Female,Loyal Customer,63,Business Travel,Business,3168,1,2,2,2,4,3,3,1,1,2,1,2,4,2.15,2,0,FALSE
Female,Disloyal Customer,17,Business Travel,Eco,1044,4,4,4,4,4,4,4,4,2,3,3,1,4,3.46,0,0,FALSE
Female,Disloyal Customer,28,Business Travel,Eco,363,1,3,1,4,5,1,5,5,5,1,2,1,5,3,14,20,FALSE
Male,Loyal Customer,15,Business Travel,Business,3949,4,1,2,1,3,2,4,3,1,1,3,2,3,2.31,10,1,FALSE
Female,Loyal Customer,43,Business Travel,Eco,574,1,3,3,3,5,3,4,1,1,1,1,2,3,2.38,0,0,FALSE
Female,Loyal Customer,27,Business Travel,Business,589,1,4,4,4,1,1,1,4,5,4,4,1,1,2.69,181,161,FALSE
Female,Loyal Customer,56,Business Travel,Eco Plus,201,4,1,1,1,4,1,2,4,4,4,4,1,2,2.54,104,95,TRUE
Female,Loyal Customer,38,Business Travel,Business,3392,5,5,5,5,5,5,5,4,4,4,4,4,3,4.46,0,0,TRUE
Male,Loyal Customer,42,Business Travel,Eco,116,5,5,5,5,5,5,5,5,3,3,4,5,5,4.62,42,30,TRUE
Female,Loyal Customer,44,Business Travel,Business,581,4,4,4,4,5,5,4,4,4,4,4,3,3,4,50,58,TRUE
Female,Loyal Customer,38,Business Travel,Eco,390,2,4,4,4,2,2,2,2,3,1,4,2,2,2.62,18,12,FALSE
Male,Loyal Customer,69,Business Travel,Eco,1086,3,5,5,5,3,3,3,3,2,2,3,3,3,3.31,0,0,FALSE
Female,Disloyal Customer,15,Business Travel,Eco,599,4,4,4,1,3,4,3,3,2,4,4,3,3,3.23,6,21,FALSE
Female,Disloyal Customer,42,Business Travel,Eco,680,3,3,3,2,3,3,4,3,2,5,2,4,3,3.08,67,86,FALSE
Male,Disloyal Customer,26,Business Travel,Eco,292,2,0,2,4,3,2,3,3,1,3,2,2,3,2.31,6,6,FALSE
Female,Loyal Customer,36,Business Travel,Business,944,5,5,5,5,1,5,5,1,1,2,1,3,2,3.15,0,4,TRUE
Male,Loyal Customer,7,Business Travel,Eco,634,3,5,5,5,3,3,2,3,1,4,3,2,3,3.23,0,0,FALSE
Male,Loyal Customer,56,Business Travel,Eco,541,4,5,5,5,4,4,4,4,3,4,4,4,4,4.15,0,0,TRUE
Male,Loyal Customer,18,Personal Travel,Eco Plus,1576,4,5,4,3,4,4,4,4,4,5,5,3,4,4.08,55,,TRUE
Male,Loyal Customer,9,Personal Travel,Eco,509,1,4,4,2,1,4,5,1,4,5,5,3,1,3.08,1,0,FALSE
Male,Loyal Customer,42,Business Travel,Business,3293,3,3,3,3,4,4,5,5,5,4,5,5,4,4.08,0,30,TRUE
Female,Disloyal Customer,37,Business Travel,Business,368,3,3,3,4,2,3,2,2,3,5,3,4,2,3,2,0,FALSE
Female,Loyal Customer,18,Personal Travel,Eco,731,4,4,4,4,1,4,1,1,1,3,4,1,1,2.54,0,0,FALSE
Female,Loyal Customer,45,Business Travel,Eco,584,2,4,2,4,4,4,3,2,2,2,2,2,3,2.77,0,14,FALSE
Male,Loyal Customer,36,Business Travel,Business,1431,2,1,1,1,3,4,4,2,2,3,2,1,1,2.08,91,86,FALSE
Female,Loyal Customer,34,Personal Travel,Eco Plus,338,2,4,2,4,1,2,1,1,1,2,4,4,1,2.23,0,2,FALSE
Male,Loyal Customer,42,Business Travel,Business,3648,5,5,5,5,2,4,5,4,4,4,4,3,4,4.15,4,3,TRUE
Female,Loyal Customer,52,Business Travel,Business,954,3,3,3,3,2,5,4,5,5,5,5,5,3,3.92,0,0,TRUE
Female,Loyal Customer,37,Business Travel,Business,273,4,4,4,4,3,4,5,5,5,5,5,5,4,4.38,1,4,TRUE
Male,Loyal Customer,39,Business Travel,Business,591,1,1,1,1,5,4,5,5,5,5,5,5,4,3.62,22,16,TRUE
Male,Disloyal Customer,11,Business Travel,Eco,843,2,2,2,4,5,2,5,5,1,3,3,3,5,3.23,37,37,FALSE
Female,Loyal Customer,26,Business Travel,Business,1121,1,1,1,1,4,4,4,4,3,4,4,5,4,3.08,0,0,TRUE
Male,Loyal Customer,48,Business Travel,Eco,1086,5,1,1,1,5,5,5,5,4,5,1,3,5,3.54,0,3,TRUE
Male,Loyal Customer,58,Business Travel,Business,3011,2,2,2,2,1,5,3,2,2,2,2,4,4,2.54,12,20,TRUE
Male,Disloyal Customer,24,Business Travel,Eco,719,5,5,5,5,2,5,2,2,5,2,4,2,2,3.54,0,0,TRUE
Female,Disloyal Customer,24,Business Travel,Eco,846,2,2,2,1,1,2,1,1,4,4,5,3,1,2.23,0,0,FALSE
Male,Loyal Customer,38,Personal Travel,Eco,419,1,3,4,2,2,4,2,2,5,4,1,5,2,2.85,21,15,FALSE
Female,Disloyal Customer,36,Business Travel,Eco,588,3,0,3,4,3,3,3,3,4,4,3,1,3,2.85,0,0,FALSE
Male,Loyal Customer,50,Business Travel,Business,1504,2,2,4,2,3,1,4,5,5,5,5,2,4,3.38,0,0,TRUE
Female,Loyal Customer,41,Business Travel,Business,1586,0,5,0,2,3,5,5,2,2,2,2,5,4,2.85,0,0,TRUE
Female,Loyal Customer,52,Business Travel,Business,2336,4,4,4,4,5,5,5,5,5,5,5,3,3,4.38,15,9,TRUE
Male,Loyal Customer,25,Personal Travel,Eco,296,2,3,2,3,4,2,4,4,5,1,1,5,4,3.08,0,0,FALSE
Male,Loyal Customer,42,Personal Travel,Eco,248,3,5,3,2,1,3,1,1,4,3,5,4,1,2.77,9,4,FALSE
Female,Loyal Customer,59,Personal Travel,Eco,588,3,5,3,3,2,5,4,5,5,3,5,5,5,4.08,0,0,FALSE
Female,Disloyal Customer,27,Business Travel,Business,852,0,0,0,1,2,0,2,2,4,2,4,5,2,1.85,32,12,TRUE
Female,Loyal Customer,43,Business Travel,Business,3518,5,5,5,5,2,5,4,4,4,4,4,4,3,4.15,0,0,TRUE
Male,Loyal Customer,34,Business Travel,Business,1732,2,2,2,2,2,5,4,2,2,2,2,5,5,2.85,0,0,TRUE
Female,Loyal Customer,17,Personal Travel,Eco Plus,352,2,5,2,4,3,2,3,3,5,5,5,3,3,3.46,0,0,FALSE
Female,Loyal Customer,21,Personal Travel,Eco,304,2,4,2,2,2,2,2,2,3,2,4,3,2,2.46,0,0,FALSE
Male,Disloyal Customer,39,Business Travel,Eco,421,2,3,2,3,4,2,4,4,1,3,1,4,4,2.85,0,0,FALSE
Male,Loyal Customer,60,Business Travel,Business,192,0,4,0,1,2,5,4,5,5,5,5,5,4,3.46,0,0,TRUE
Female,Loyal Customer,13,Personal Travel,Eco,1080,2,4,2,5,5,2,5,5,5,4,5,4,5,4.08,0,0,FALSE
Male,Loyal Customer,30,Personal Travel,Eco,1428,2,2,2,4,1,2,1,1,3,3,4,3,1,2.23,0,0,FALSE
Male,Disloyal Customer,48,Business Travel,Business,892,3,3,3,2,3,3,3,3,5,5,4,5,3,3.46,0,1,FALSE
Male,Loyal Customer,59,Personal Travel,Eco,282,1,5,1,4,5,1,5,5,5,4,4,3,5,3.69,0,0,FALSE
Male,Disloyal Customer,20,Business Travel,Eco,190,2,5,2,1,2,2,1,2,4,3,4,5,2,2.69,0,0,FALSE
Female,Loyal Customer,33,Personal Travel,Eco,707,3,3,2,2,2,3,3,1,5,4,3,3,3,2.85,151,155,FALSE
Male,Loyal Customer,46,Business Travel,Business,2916,2,4,4,4,2,2,2,1,3,2,1,2,2,2.38,185,172,FALSE
Male,Loyal Customer,59,Business Travel,Business,2908,4,1,4,4,4,4,5,5,5,5,5,5,5,4.31,31,27,TRUE
Male,Loyal Customer,10,Business Travel,Business,3692,1,3,3,3,1,1,1,1,2,4,4,4,1,2.23,9,30,FALSE
Male,Loyal Customer,42,Business Travel,Eco,151,4,3,2,3,4,4,4,4,4,1,1,3,4,3.15,0,0,TRUE
Female,Loyal Customer,34,Business Travel,Business,1389,2,2,3,2,2,4,5,4,4,5,4,3,3,3.31,0,0,TRUE
Female,Loyal Customer,45,Business Travel,Business,3592,2,2,2,2,5,5,4,5,5,5,5,3,4,3.77,0,0,TRUE
Female,Loyal Customer,39,Business Travel,Business,516,4,4,4,4,3,5,4,4,4,4,4,4,3,3.92,9,12,TRUE
Male,Loyal Customer,13,Business Travel,Business,882,5,5,5,5,3,4,3,3,4,3,4,4,3,3.92,0,5,TRUE
Male,Disloyal Customer,42,Business Travel,Business,1849,4,4,4,1,5,4,4,5,4,4,5,4,5,4.08,0,0,TRUE
Male,Loyal Customer,54,Business Travel,Business,227,1,1,1,1,5,5,4,4,4,4,4,4,5,3.31,0,5,TRUE
Female,Loyal Customer,62,Personal Travel,Business,347,3,5,3,2,3,4,4,2,2,3,5,4,5,3.46,0,0,FALSE
Female,Loyal Customer,55,Business Travel,Business,1730,4,4,4,4,5,4,4,5,2,4,5,4,4,4.08,132,124,TRUE
Male,Loyal Customer,44,Personal Travel,Eco,1020,1,4,1,4,2,1,2,2,5,4,2,5,2,2.69,0,0,FALSE
Female,Loyal Customer,51,Business Travel,Business,247,0,1,1,1,2,4,4,4,4,4,4,5,4,2.92,0,2,TRUE
Female,Loyal Customer,30,Personal Travel,Eco,581,3,5,3,1,4,3,4,4,4,5,5,5,4,3.85,30,25,FALSE
Male,Loyal Customer,39,Business Travel,Business,1900,4,4,4,4,4,4,5,4,4,4,4,4,3,4,17,1,TRUE
Male,Loyal Customer,44,Business Travel,Eco,147,4,4,4,4,4,4,4,4,3,1,5,5,4,3.85,37,47,TRUE
Male,Loyal Customer,45,Business Travel,Business,1795,2,2,2,2,4,4,4,4,4,4,4,4,4,3.38,0,10,TRUE
Male,Loyal Customer,60,Business Travel,Business,2253,4,4,4,4,2,4,5,5,5,5,5,5,4,4.31,0,0,TRUE
Female,Loyal Customer,61,Personal Travel,Business,550,3,0,3,2,5,5,5,1,1,3,1,5,3,2.85,0,51,FALSE
Male,Loyal Customer,60,Personal Travel,Eco Plus,918,1,4,1,1,4,1,4,4,4,4,4,3,4,3,3,5,FALSE
Male,Disloyal Customer,34,Business Travel,Business,354,3,3,3,3,2,3,2,2,5,5,3,2,2,2.92,0,0,FALSE
Male,Loyal Customer,8,Personal Travel,Eco,364,3,1,5,3,1,5,1,1,1,1,4,1,1,2.15,4,0,FALSE
Female,Loyal Customer,40,Business Travel,Business,3050,3,3,3,3,3,4,5,4,4,4,4,4,3,3.62,68,80,TRUE
Female,Disloyal Customer,38,Business Travel,Eco,785,1,2,2,3,4,2,4,4,4,1,4,1,4,2.77,0,18,FALSE
Male,Loyal Customer,43,Personal Travel,Eco,680,2,5,2,3,4,2,4,4,5,4,4,4,4,3.62,55,69,FALSE
Male,Loyal Customer,58,Business Travel,Business,446,1,1,5,1,5,4,3,1,1,1,1,3,3,2.31,0,0,FALSE
Male,Loyal Customer,29,Personal Travel,Eco,622,3,4,3,5,4,3,4,4,5,4,5,5,4,4.08,61,48,FALSE
Female,Loyal Customer,52,Business Travel,Business,2810,1,1,1,1,5,4,5,5,5,5,5,5,4,3.62,5,12,TRUE
Female,Loyal Customer,57,Business Travel,Eco,435,1,4,4,4,3,1,2,1,1,1,1,1,1,1.92,4,36,FALSE
Male,Loyal Customer,58,Business Travel,Eco,228,4,1,1,1,4,4,4,4,1,2,3,2,4,2.69,0,1,TRUE
Male,Loyal Customer,58,Business Travel,Business,2575,2,1,1,1,5,2,2,2,2,2,2,4,4,2.31,36,32,FALSE
Female,Loyal Customer,44,Business Travel,Eco,748,4,2,2,2,3,2,4,4,4,4,4,1,2,2.92,0,0,TRUE
Female,Loyal Customer,64,Business Travel,Eco,109,4,2,2,2,5,3,5,4,4,4,4,3,4,3.54,33,52,TRUE
Female,Loyal Customer,72,Business Travel,Business,920,4,1,1,1,1,2,2,4,4,4,4,2,4,2.62,0,53,FALSE
Female,Loyal Customer,27,Personal Travel,Eco,145,2,5,0,1,5,0,5,5,3,4,4,5,5,3.38,0,14,FALSE
Female,Loyal Customer,41,Personal Travel,Eco,544,1,5,2,1,2,2,2,2,2,2,3,4,2,2.31,0,0,FALSE
Male,Disloyal Customer,20,Business Travel,Eco,467,4,4,4,2,5,4,2,5,1,5,3,3,5,3.62,16,9,TRUE
Male,Loyal Customer,22,Personal Travel,Eco,296,2,3,2,2,2,2,2,2,4,3,2,4,2,2.46,95,85,FALSE
Male,Loyal Customer,18,Business Travel,Business,2301,3,4,2,2,0,1,3,0,3,2,4,3,0,2.08,33,35,FALSE
Female,Loyal Customer,52,Business Travel,Business,2338,1,1,1,1,4,4,4,1,1,1,1,3,2,1.92,30,26,FALSE
Male,Loyal Customer,59,Business Travel,Business,3892,4,4,5,4,2,5,5,5,5,5,5,4,5,4.46,0,33,TRUE
Female,Disloyal Customer,39,Business Travel,Business,216,4,5,5,3,4,5,4,4,1,5,4,1,4,3.77,0,0,TRUE
Male,Loyal Customer,57,Business Travel,Business,2456,2,2,2,2,4,5,5,5,5,5,5,3,4,3.77,27,31,TRUE
Male,Loyal Customer,24,Personal Travel,Eco Plus,574,2,5,3,3,5,3,4,5,4,3,4,3,5,3.77,0,0,FALSE
Male,Loyal Customer,43,Personal Travel,Eco,371,1,5,1,1,3,1,3,3,3,3,5,3,3,2.69,3,2,FALSE
Male,Loyal Customer,45,Business Travel,Business,2233,5,5,4,5,4,4,4,5,5,5,5,5,3,4.54,12,0,TRUE
Male,Loyal Customer,26,Personal Travel,Eco,468,4,4,4,4,4,4,4,4,4,2,4,3,4,3.77,0,18,FALSE
Female,Loyal Customer,40,Business Travel,Business,3038,5,5,5,5,5,5,5,4,4,4,4,4,3,4.46,12,5,TRUE
Female,Loyal Customer,40,Business Travel,Business,2475,3,3,3,3,4,5,5,3,4,4,5,5,5,4,5,0,TRUE
Female,Loyal Customer,35,Business Travel,Business,2605,5,5,4,5,2,5,5,5,5,5,5,4,5,4.62,10,0,TRUE
Male,Loyal Customer,10,Personal Travel,Eco,236,1,3,1,2,5,1,3,5,5,4,1,3,5,3,92,100,FALSE
Male,Loyal Customer,51,Personal Travel,Eco,125,2,4,2,3,3,2,3,3,3,1,3,3,3,2.69,0,3,FALSE
Male,Loyal Customer,21,Personal Travel,Eco,507,3,2,3,3,3,3,3,3,4,2,4,3,3,3,0,0,FALSE
Female,Loyal Customer,35,Personal Travel,Business,956,2,4,2,3,2,4,5,1,1,2,1,5,5,2.85,0,0,FALSE
Female,Loyal Customer,26,Business Travel,Business,1733,2,2,3,2,4,4,4,4,4,4,3,3,4,3.31,0,0,TRUE
Male,Loyal Customer,51,Personal Travel,Eco,547,2,0,3,1,3,3,2,3,5,2,5,4,3,2.77,7,3,FALSE
Female,Loyal Customer,24,Business Travel,Eco,489,0,4,1,1,4,1,4,4,4,2,2,3,4,2.62,0,0,TRUE
Female,Loyal Customer,20,Personal Travel,Eco,1984,4,2,4,3,3,4,1,3,2,5,3,3,3,3.08,0,0,FALSE
Male,Loyal Customer,58,Business Travel,Business,1888,2,2,2,2,2,3,1,3,3,3,3,3,3,2.46,0,0,TRUE
Female,Loyal Customer,62,Personal Travel,Eco Plus,1174,3,5,4,1,3,4,4,3,3,4,3,5,5,3.62,0,0,FALSE
Male,Loyal Customer,47,Business Travel,Business,2634,1,1,2,1,5,4,5,4,4,4,4,3,3,3.15,0,0,TRUE
Female,Disloyal Customer,45,Business Travel,Business,309,2,1,1,2,4,2,4,4,5,3,4,5,4,3.15,3,1,FALSE
Female,Disloyal Customer,27,Business Travel,Eco,562,4,1,5,2,1,5,1,1,1,4,2,2,1,2.31,0,0,FALSE
Female,Loyal Customer,64,Personal Travel,Eco Plus,577,4,5,4,5,2,5,5,4,4,4,4,5,4,4.23,1,0,FALSE
Female,Loyal Customer,49,Personal Travel,Eco,491,3,4,3,3,4,4,5,3,3,3,3,5,3,3.54,4,8,FALSE
Female,Loyal Customer,49,Business Travel,Business,2228,4,4,4,4,5,5,4,2,2,2,2,5,3,3.54,23,26,TRUE
Male,Loyal Customer,27,Personal Travel,Eco,967,3,4,2,2,4,2,1,4,3,5,5,4,4,3.31,30,13,FALSE
Female,Loyal Customer,43,Personal Travel,Business,1979,1,0,1,2,4,4,4,5,5,1,5,5,4,3.15,0,0,FALSE
Female,Loyal Customer,69,Personal Travel,Eco Plus,236,4,4,4,4,2,4,4,3,3,4,2,2,4,3.38,0,0,FALSE
Male,Loyal Customer,16,Personal Travel,Eco,347,1,4,4,3,5,4,5,5,3,3,5,4,5,3.92,0,10,FALSE
Male,Loyal Customer,63,Personal Travel,Eco Plus,2419,1,4,1,3,1,3,3,1,4,4,3,3,3,2.62,0,23,FALSE
Female,Loyal Customer,10,Personal Travel,Eco,666,3,0,3,3,3,3,3,3,4,5,5,4,3,3.23,0,0,FALSE
Female,Loyal Customer,65,Personal Travel,Eco,421,3,2,3,4,2,4,4,5,5,3,5,2,3,3.46,88,88,FALSE
Male,Loyal Customer,46,Business Travel,Business,2888,5,5,5,5,2,4,4,4,4,4,4,4,5,4.23,0,0,TRUE
Male,Loyal Customer,54,Business Travel,Business,2668,2,2,2,2,2,4,3,2,2,2,2,1,3,2.23,0,0,FALSE
Male,Loyal Customer,26,Personal Travel,Eco,626,3,5,3,4,3,3,3,3,3,2,4,3,3,3.23,0,0,FALSE
Male,Disloyal Customer,29,Business Travel,Eco,762,2,2,2,3,5,2,3,5,4,3,4,1,5,3.15,69,43,FALSE
Female,Disloyal Customer,25,Business Travel,Business,1416,2,0,2,2,3,2,3,3,5,3,4,4,3,2.77,0,0,FALSE
Female,Loyal Customer,7,Personal Travel,Eco,547,4,4,4,4,3,4,3,3,4,4,3,4,3,3.62,7,0,FALSE
Female,Loyal Customer,19,Personal Travel,Eco,1703,1,1,1,3,4,1,4,4,2,3,3,3,4,2.62,14,19,FALSE
Male,Loyal Customer,30,Business Travel,Eco Plus,277,2,2,2,2,2,2,2,2,2,1,4,1,2,2,52,47,FALSE
Male,Loyal Customer,22,Business Travel,Business,859,5,5,5,5,5,5,5,5,4,4,5,5,5,4.85,11,0,TRUE
Female,Loyal Customer,37,Business Travel,Eco,200,3,1,5,1,3,3,3,3,4,1,4,3,3,2.85,22,19,FALSE
Male,Disloyal Customer,40,Business Travel,Eco,290,2,0,2,4,5,2,5,5,4,1,3,1,5,3,0,0,FALSE
Male,Loyal Customer,51,Business Travel,Eco,352,2,2,2,2,2,2,2,2,3,5,2,2,2,2.31,17,12,FALSE
Female,Loyal Customer,20,Business Travel,Business,2455,3,4,4,4,3,3,3,3,3,1,4,2,3,3.08,0,0,FALSE
Female,Disloyal Customer,40,Business Travel,Business,222,2,2,2,3,5,2,5,5,5,5,4,4,5,3.77,0,0,FALSE
Male,Loyal Customer,56,Personal Travel,Eco,563,4,4,4,1,3,4,3,3,5,4,4,4,3,3.54,0,0,FALSE
Female,Loyal Customer,60,Business Travel,Business,1533,3,2,2,2,2,3,3,3,3,3,3,1,2,2.46,0,0,FALSE
Female,Loyal Customer,56,Personal Travel,Eco,1846,2,2,2,3,1,2,3,5,5,2,5,1,1,2.62,24,26,FALSE
Male,Disloyal Customer,30,Business Travel,Eco,296,4,4,4,2,3,4,3,3,5,3,1,2,3,3.15,47,53,FALSE
Female,Loyal Customer,50,Business Travel,Business,2871,3,3,3,3,5,5,5,3,5,4,5,5,5,4.15,160,148,TRUE
Male,Loyal Customer,42,Business Travel,Business,1089,1,1,1,1,3,5,5,4,4,4,4,4,5,3.23,0,0,TRUE
Male,Loyal Customer,39,Business Travel,Business,1930,3,3,3,3,4,4,5,5,5,5,5,4,3,4,55,47,TRUE
Female,Loyal Customer,25,Personal Travel,Eco,332,4,3,5,3,3,5,2,3,2,2,4,2,3,3.15,0,0,FALSE
Male,Loyal Customer,48,Personal Travel,Eco,862,3,5,3,2,4,3,2,4,4,5,4,5,4,3.69,0,0,FALSE
Female,Loyal Customer,23,Business Travel,Eco Plus,1448,4,4,4,4,4,4,3,4,2,1,1,1,4,3.08,0,0,TRUE
Female,Loyal Customer,10,Personal Travel,Business,486,3,0,3,3,1,3,1,1,5,5,5,5,1,2.77,24,17,FALSE
Female,Loyal Customer,29,Business Travel,Eco,1208,1,3,3,3,1,1,1,1,3,4,3,3,1,2.15,6,11,FALSE
Female,Loyal Customer,38,Personal Travel,Eco,468,2,2,2,4,3,2,3,3,3,1,4,1,3,2.54,4,2,FALSE
Female,Loyal Customer,62,Personal Travel,Eco,1046,2,4,2,3,3,4,5,2,2,2,2,3,5,3,27,37,FALSE
Male,Loyal Customer,58,Personal Travel,Eco,687,4,4,4,5,2,4,2,2,3,3,4,3,2,3.23,74,77,FALSE
Male,Loyal Customer,47,Business Travel,Business,2292,3,5,5,5,4,3,4,3,3,3,3,3,4,3.69,2,0,FALSE
Female,Loyal Customer,45,Business Travel,Eco Plus,844,4,5,5,5,3,5,5,4,4,4,4,1,2,3.92,0,0,TRUE
Female,Loyal Customer,80,Business Travel,Business,475,3,4,4,4,3,4,4,3,3,3,3,2,4,3.38,2,0,FALSE
Female,Loyal Customer,55,Personal Travel,Eco,1020,1,3,1,3,3,3,3,3,3,1,3,4,3,2.62,0,0,FALSE
Male,Loyal Customer,27,Personal Travel,Eco,1956,1,1,1,4,1,1,1,1,2,1,4,1,1,1.54,0,0,FALSE
Female,Loyal Customer,43,Business Travel,Business,101,3,3,3,3,5,5,4,4,4,4,4,3,5,3.85,0,0,TRUE
Female,Loyal Customer,24,Personal Travel,Eco,402,1,4,1,3,1,1,1,1,5,5,4,4,1,2.46,0,0,FALSE
Male,Loyal Customer,46,Personal Travel,Eco Plus,483,3,0,3,2,5,3,1,5,5,2,5,5,5,3.38,0,0,FALSE
Male,Loyal Customer,45,Personal Travel,Eco,762,2,5,2,1,3,2,2,3,5,5,5,5,3,3.31,108,90,FALSE
Male,Loyal Customer,21,Personal Travel,Eco,733,4,4,4,1,4,4,4,4,4,4,5,3,4,3.77,0,0,FALSE
Female,Loyal Customer,42,Business Travel,Business,3188,2,2,2,2,5,4,4,4,4,4,4,3,3,3.31,0,0,TRUE
Male,Loyal Customer,38,Personal Travel,Eco,493,3,5,3,3,3,3,3,3,3,4,5,5,3,3.54,0,0,FALSE
Male,Loyal Customer,31,Business Travel,Eco Plus,2399,3,1,1,1,3,4,3,3,4,4,2,2,3,2.62,0,0,FALSE
Female,Loyal Customer,53,Business Travel,Business,1464,4,4,4,4,2,4,5,4,4,4,4,5,3,3.92,0,0,TRUE
Female,Loyal Customer,47,Personal Travel,Eco,1035,5,5,5,3,2,4,4,4,4,5,4,4,4,4.08,0,0,TRUE
Female,Disloyal Customer,36,Business Travel,Business,236,2,2,2,2,4,2,4,4,5,3,5,3,4,3.23,1,0,FALSE
Female,Loyal Customer,40,Business Travel,Business,937,1,1,1,1,5,4,4,4,4,4,4,4,4,3.15,0,6,TRUE
Female,Disloyal Customer,22,Business Travel,Business,764,5,0,5,3,5,5,5,5,3,5,5,3,5,4.15,11,0,TRUE
Female,Loyal Customer,45,Business Travel,Eco,1066,3,4,4,4,1,3,4,3,3,3,3,3,4,3.23,19,15,FALSE
Male,Loyal Customer,67,Personal Travel,Eco Plus,189,1,5,1,2,4,1,4,4,4,5,5,4,4,3.38,3,2,FALSE
Female,Loyal Customer,44,Personal Travel,Eco,106,3,4,3,5,2,4,4,4,4,3,3,3,5,3.62,0,0,FALSE
Female,Disloyal Customer,24,Business Travel,Eco,338,3,0,3,1,5,3,5,5,4,2,4,3,5,3.31,0,0,FALSE
Female,Loyal Customer,51,Personal Travel,Eco,2556,2,4,2,4,2,2,2,3,2,4,2,2,2,2.54,170,165,FALSE
Female,Loyal Customer,29,Business Travel,Business,895,2,2,2,2,5,5,5,5,4,4,5,3,5,3.77,0,0,TRUE
Female,Disloyal Customer,21,Business Travel,Eco,130,3,5,3,4,1,3,1,1,3,2,4,4,1,2.69,0,0,FALSE
Female,Loyal Customer,50,Business Travel,Business,544,3,3,3,3,5,5,5,5,5,5,5,5,5,4.38,0,0,TRUE
Male,Loyal Customer,54,Business Travel,Business,135,0,5,0,4,2,5,4,3,3,3,3,5,3,3.08,0,0,TRUE
Female,Loyal Customer,65,Business Travel,Eco Plus,373,2,5,5,5,3,3,4,3,3,2,3,4,3,3.46,0,0,FALSE
Male,Loyal Customer,30,Business Travel,Business,455,5,5,5,5,4,4,4,4,4,5,5,3,4,4.38,0,1,TRUE
Female,Loyal Customer,33,Business Travel,Business,3850,2,2,2,2,3,5,4,3,3,4,3,4,5,3.23,0,0,TRUE
Male,Loyal Customer,61,Personal Travel,Eco,258,2,1,2,2,4,2,2,4,2,4,2,1,4,2.46,0,0,FALSE
Female,Loyal Customer,44,Personal Travel,Eco,501,4,5,4,3,4,4,3,4,5,4,4,3,3,3.85,147,187,TRUE
Female,Loyal Customer,34,Business Travel,Eco Plus,2640,5,5,4,4,5,5,5,2,4,5,5,5,5,4.54,0,0,TRUE
Male,Loyal Customer,52,Business Travel,Eco,762,5,1,1,1,5,5,5,5,5,1,5,2,5,3.54,0,0,TRUE
Female,Loyal Customer,53,Business Travel,Eco,432,5,2,2,2,3,5,1,5,5,5,5,5,1,3.54,0,0,TRUE
Female,Loyal Customer,37,Business Travel,Eco,163,5,1,1,1,5,5,5,5,1,3,3,2,5,3.23,7,0,TRUE
Female,Loyal Customer,18,Business Travel,Business,1379,2,5,5,5,2,2,2,2,3,5,3,1,2,3,37,22,FALSE
Female,Loyal Customer,36,Personal Travel,Eco,612,2,5,3,5,5,3,3,5,4,3,4,4,5,3.92,118,97,FALSE
Female,Disloyal Customer,21,Business Travel,Eco,239,4,1,4,2,2,4,2,2,2,3,2,4,2,2.62,5,9,FALSE
Male,Loyal Customer,57,Business Travel,Business,3936,5,5,5,5,4,5,5,4,4,4,4,3,4,4.38,0,0,TRUE
Male,Loyal Customer,39,Business Travel,Business,980,4,4,4,4,2,5,5,4,4,4,4,4,4,4,57,35,TRUE
Female,Disloyal Customer,33,Business Travel,Business,425,3,3,3,5,3,3,3,3,5,5,5,4,3,3.69,10,2,FALSE
Male,Disloyal Customer,28,Business Travel,Eco,2288,2,2,2,3,4,2,4,4,1,3,3,4,4,2.92,93,89,FALSE
Female,Loyal Customer,46,Business Travel,Business,1986,3,3,3,3,3,4,5,4,4,4,4,5,3,3.69,0,0,TRUE
Female,Loyal Customer,54,Personal Travel,Eco Plus,1045,2,5,2,3,3,5,4,1,1,2,1,3,4,2.77,0,0,FALSE
Female,Loyal Customer,53,Business Travel,Business,1582,2,2,2,2,5,5,4,5,5,5,5,4,5,3.92,0,0,TRUE
Female,Loyal Customer,70,Business Travel,Eco,1562,3,4,4,4,2,3,3,3,3,3,3,1,1,2.85,6,0,FALSE
Male,Disloyal Customer,23,Business Travel,Eco,1062,3,3,3,4,4,3,2,4,2,1,3,1,4,2.85,0,0,FALSE
Female,Loyal Customer,45,Business Travel,Business,2311,2,2,2,2,3,4,4,5,5,5,5,3,3,3.46,22,5,TRUE
Female,Loyal Customer,12,Personal Travel,Eco,628,2,4,2,1,1,2,1,1,5,5,4,5,1,2.62,0,14,FALSE
Male,Loyal Customer,46,Business Travel,Eco,421,4,2,2,2,4,4,4,4,4,3,5,4,4,3.54,0,0,TRUE
Male,Loyal Customer,39,Business Travel,Business,404,3,3,3,3,2,3,3,5,5,4,5,1,3,3.31,37,33,TRUE
Male,Loyal Customer,47,Business Travel,Business,516,2,2,2,2,5,5,5,4,4,4,4,3,5,3.62,0,0,TRUE
Male,Loyal Customer,29,Business Travel,Business,3637,3,4,3,3,4,4,4,4,5,2,2,1,4,3.31,0,0,TRUE
Male,Loyal Customer,13,Personal Travel,Eco,994,2,5,2,3,2,2,2,2,3,5,5,5,2,3.08,0,8,FALSE
Female,Loyal Customer,25,Business Travel,Business,581,2,5,5,5,2,2,2,2,4,5,3,4,2,3.31,74,87,FALSE
Female,Loyal Customer,30,Business Travel,Business,1717,5,5,5,5,4,4,4,4,3,3,5,4,4,4.23,36,36,TRUE
Female,Loyal Customer,45,Personal Travel,Eco,674,2,4,2,3,4,4,5,4,4,2,4,5,3,3.54,6,22,FALSE
Male,Loyal Customer,18,Personal Travel,Eco,642,3,5,3,1,4,3,1,4,4,3,4,3,4,3.23,0,2,FALSE
Male,Loyal Customer,49,Business Travel,Business,3556,4,4,4,4,4,4,4,4,4,4,4,1,4,3.77,0,0,FALSE
Male,Loyal Customer,29,Business Travel,Eco Plus,844,4,1,1,1,4,4,4,4,3,5,2,2,4,3,4,0,TRUE
Male,Loyal Customer,54,Personal Travel,Eco,192,1,5,1,1,5,1,5,5,4,2,4,4,5,3.31,21,29,FALSE
Male,Loyal Customer,49,Business Travel,Eco Plus,402,2,1,1,1,2,2,2,3,5,3,3,2,2,2.23,185,196,FALSE
Female,Loyal Customer,45,Personal Travel,Eco Plus,1069,2,3,2,4,5,4,4,4,4,2,4,4,3,3.46,0,0,FALSE
Male,Loyal Customer,35,Personal Travel,Eco,403,1,4,1,3,1,1,1,1,5,3,5,5,1,2.46,0,0,FALSE
Female,Loyal Customer,39,Business Travel,Eco,129,5,5,5,5,5,5,5,5,5,3,4,5,5,4.77,0,1,TRUE
Male,Loyal Customer,59,Personal Travel,Eco,304,4,4,4,1,1,4,4,1,4,3,4,5,1,3.08,1,0,TRUE
Male,Loyal Customer,16,Business Travel,Business,1246,1,2,2,2,1,1,1,1,1,1,4,1,1,1.46,11,0,FALSE
Female,Disloyal Customer,25,Business Travel,Eco,950,2,2,2,1,3,2,3,3,2,1,5,5,3,2.62,0,0,FALSE
Female,Loyal Customer,58,Personal Travel,Eco,391,1,5,1,2,4,4,5,1,1,1,1,3,5,2.62,0,16,FALSE
Female,Loyal Customer,54,Business Travel,Eco,399,4,4,4,4,2,2,3,4,4,4,4,2,4,3.46,0,30,FALSE
Female,Loyal Customer,45,Business Travel,Business,3743,2,4,4,4,3,4,4,2,2,2,2,4,3,3.08,0,19,FALSE
Female,Loyal Customer,27,Personal Travel,Eco,255,2,4,2,4,5,2,5,5,3,2,5,1,5,3.46,84,78,FALSE
Female,Disloyal Customer,24,Business Travel,Eco,226,0,0,0,1,2,0,5,2,5,2,5,3,2,2.08,8,0,TRUE
Male,Loyal Customer,44,Personal Travel,Eco,364,1,5,1,2,3,1,3,3,5,5,4,3,3,3,1,2,FALSE
Female,Disloyal Customer,24,Business Travel,Eco,296,5,0,5,2,2,5,4,2,5,4,4,5,2,3.46,0,0,TRUE
Male,Loyal Customer,46,Business Travel,Business,3325,3,3,3,3,5,4,4,5,5,5,5,3,5,4.08,5,0,TRUE
Female,Disloyal Customer,25,Business Travel,Business,414,5,0,5,1,4,5,4,4,4,4,4,3,4,3.62,0,0,TRUE
Male,Loyal Customer,61,Business Travel,Business,226,2,2,2,2,5,4,4,4,4,4,4,4,3,3.38,26,47,TRUE
Male,Loyal Customer,47,Personal Travel,Eco,2419,3,2,3,2,3,3,3,2,5,2,2,3,3,2.77,9,40,FALSE
Male,Loyal Customer,65,Personal Travel,Business,562,1,5,1,2,5,4,5,4,4,1,5,3,3,3.31,8,0,FALSE
Female,Loyal Customer,53,Personal Travel,Eco,486,4,0,4,2,3,4,4,5,5,4,5,5,4,3.77,12,18,FALSE
Male,Loyal Customer,65,Personal Travel,Eco,483,1,4,4,3,4,4,1,4,2,5,4,2,4,3.23,0,0,FALSE
Female,Loyal Customer,29,Personal Travel,Eco,1609,0,5,0,1,4,0,4,4,5,3,4,4,4,2.92,11,5,TRUE
Female,Loyal Customer,19,Personal Travel,Business,907,1,4,1,1,2,1,5,2,3,5,5,5,2,2.85,0,0,FALSE
Female,Loyal Customer,49,Business Travel,Business,1562,5,5,3,5,5,5,4,4,4,4,4,3,3,4.15,0,6,TRUE
Female,Loyal Customer,16,Business Travel,Eco Plus,620,1,1,3,1,1,2,2,1,2,4,3,4,1,2,0,1,FALSE
Female,Loyal Customer,35,Business Travel,Business,358,2,2,5,2,2,4,4,5,5,5,5,5,5,3.92,0,0,TRUE
Male,Loyal Customer,50,Business Travel,Business,1067,2,2,2,2,3,5,4,5,5,5,5,4,4,3.69,0,2,TRUE
Male,Disloyal Customer,25,Business Travel,Eco,838,2,2,2,1,5,2,4,5,1,3,2,5,5,3,0,1,FALSE
Female,Loyal Customer,40,Business Travel,Business,2334,2,2,2,2,5,4,4,5,5,5,5,3,4,3.69,50,54,TRUE
Female,Loyal Customer,42,Business Travel,Business,1024,5,5,5,5,3,5,5,5,5,4,5,5,5,4.77,11,5,TRUE
Female,Loyal Customer,53,Business Travel,Business,733,4,4,4,4,3,5,4,5,5,5,5,3,3,4.15,0,0,TRUE
Female,Loyal Customer,38,Business Travel,Business,1937,2,2,2,2,5,5,3,5,5,5,5,3,1,3.46,0,0,TRUE
Male,Loyal Customer,39,Business Travel,Eco,341,2,3,3,3,2,2,2,2,3,3,3,1,2,2.38,0,0,FALSE
Male,Loyal Customer,32,Business Travel,Eco,135,3,4,4,4,3,3,3,3,2,4,4,1,3,3.15,68,55,FALSE
Female,Disloyal Customer,50,Business Travel,Business,163,1,1,1,2,2,1,2,2,3,5,4,3,2,2.23,0,2,FALSE
Male,Loyal Customer,27,Personal Travel,Eco,307,3,5,1,5,5,1,1,5,1,2,3,3,5,3.08,0,0,FALSE
Male,Disloyal Customer,20,Business Travel,Business,453,4,0,4,3,5,4,5,5,5,4,5,5,5,4.15,8,7,TRUE
Female,Loyal Customer,26,Personal Travel,Eco Plus,1097,4,5,4,1,5,4,5,5,4,2,5,4,5,4.08,0,0,FALSE
Female,Loyal Customer,70,Personal Travel,Eco Plus,1199,1,4,2,3,5,4,1,5,5,2,5,1,3,3.15,3,0,FALSE
Female,Loyal Customer,23,Business Travel,Business,414,1,0,0,3,5,0,2,5,1,5,3,3,5,2.54,10,11,FALSE
Female,Loyal Customer,10,Personal Travel,Eco,236,3,4,3,4,1,3,1,1,5,4,4,5,1,3,0,0,FALSE
Female,Loyal Customer,50,Personal Travel,Business,395,2,1,2,4,3,4,3,3,3,2,3,2,3,2.69,2,0,FALSE
Male,Loyal Customer,33,Business Travel,Business,3153,0,5,0,4,3,3,3,3,3,4,1,1,3,2.54,0,0,TRUE
Female,Loyal Customer,58,Business Travel,Business,1123,5,5,5,5,4,4,5,4,4,4,4,4,3,4.31,3,1,TRUE
Female,Disloyal Customer,25,Business Travel,Business,67,2,4,2,3,3,2,4,3,3,4,5,5,3,3.31,26,101,FALSE
Female,Disloyal Customer,26,Business Travel,Eco,716,3,3,3,1,3,3,3,1,2,3,3,3,3,2.62,5,4,FALSE
Male,Disloyal Customer,27,Business Travel,Eco,1010,2,2,2,1,1,2,2,1,3,1,4,3,1,1.92,27,23,FALSE
Female,Loyal Customer,32,Personal Travel,Eco,444,3,4,3,2,5,3,5,5,3,4,4,3,5,3.77,21,30,FALSE
Female,Disloyal Customer,22,Business Travel,Eco,187,2,2,2,4,5,2,5,5,2,1,3,3,5,3.15,98,86,FALSE
Female,Loyal Customer,34,Business Travel,Business,2343,2,2,2,2,3,2,5,3,3,4,3,4,5,3.08,0,0,TRUE
Female,Loyal Customer,43,Personal Travel,Eco,456,1,1,1,3,5,3,3,4,4,1,4,3,1,2.62,0,10,FALSE
Male,Loyal Customer,27,Business Travel,Eco,826,4,5,5,5,5,5,5,5,3,2,3,2,5,4.15,7,0,TRUE
Female,Disloyal Customer,25,Business Travel,Business,2182,1,0,1,3,5,1,5,5,5,5,4,4,5,3.38,7,5,FALSE
Female,Loyal Customer,10,Business Travel,Eco,1069,4,1,4,1,4,4,3,4,4,5,4,2,4,3.38,0,0,TRUE
Female,Loyal Customer,53,Business Travel,Business,361,4,4,5,4,2,4,5,4,4,4,4,3,4,3.92,23,15,TRUE
Male,Loyal Customer,18,Personal Travel,Eco,1005,4,5,4,5,4,4,5,4,4,5,5,4,4,4.38,1,8,FALSE
Male,Loyal Customer,13,Personal Travel,Eco Plus,692,3,5,3,1,1,3,1,1,5,5,4,3,1,2.77,72,64,FALSE
Female,Disloyal Customer,29,Business Travel,Business,640,2,2,2,4,2,2,3,2,5,3,5,5,2,3,12,0,FALSE
Male,Loyal Customer,57,Personal Travel,Eco,604,3,4,3,3,4,3,1,4,1,3,3,1,4,2.85,0,0,FALSE
Female,Loyal Customer,73,Business Travel,Eco,259,2,1,1,1,1,4,3,1,1,2,1,2,1,1.62,0,0,FALSE
Male,Loyal Customer,52,Business Travel,Business,2640,4,4,4,4,1,3,4,4,4,4,4,5,3,3.69,0,0,TRUE
Male,Disloyal Customer,23,Business Travel,Eco,240,3,4,3,3,4,3,3,4,3,4,4,1,4,3.31,0,0,FALSE
Male,Loyal Customer,45,Business Travel,Business,2621,1,1,1,1,3,4,4,4,4,4,4,3,3,2.85,20,8,TRUE
Female,Loyal Customer,45,Personal Travel,Eco,970,4,4,5,1,5,4,4,3,3,5,2,3,5,3.69,0,0,FALSE
Male,Loyal Customer,46,Business Travel,Business,2263,1,1,1,1,4,5,5,4,4,4,4,5,5,3.38,0,0,TRUE
Male,Loyal Customer,53,Business Travel,Eco,86,2,4,4,4,1,2,1,1,1,1,4,2,1,2.15,0,0,FALSE
Female,Loyal Customer,42,Business Travel,Business,1945,5,5,5,5,4,4,4,4,2,3,3,4,4,4,152,149,TRUE
Female,Loyal Customer,44,Business Travel,Eco,451,5,5,5,5,4,1,4,4,4,5,4,3,3,4,0,0,TRUE
Female,Disloyal Customer,18,Business Travel,Eco,261,1,4,1,4,2,1,2,2,4,3,3,2,2,2.38,0,0,FALSE
Female,Loyal Customer,62,Personal Travel,Eco,119,1,4,1,4,3,2,2,3,3,1,3,1,2,2.31,0,0,FALSE
Male,Loyal Customer,56,Personal Travel,Business,1188,4,2,3,2,3,1,2,2,2,3,2,4,4,2.62,21,11,FALSE
Female,Loyal Customer,29,Business Travel,Business,1601,2,5,5,5,2,2,2,2,3,4,4,1,2,3,0,8,FALSE
Male,Loyal Customer,41,Personal Travel,Eco,722,0,4,0,4,3,0,3,3,1,2,1,3,3,2.08,0,0,TRUE
Female,Loyal Customer,47,Business Travel,Eco Plus,143,5,4,3,4,5,5,5,5,5,5,5,5,2,4.46,36,36,TRUE
Male,Loyal Customer,16,Personal Travel,Eco,349,4,4,4,5,1,4,1,1,3,2,5,5,1,3.08,0,0,FALSE
Male,Loyal Customer,44,Business Travel,Business,2621,4,4,4,4,2,1,3,5,5,5,5,4,2,3.69,2,60,TRUE
Male,Loyal Customer,44,Business Travel,Business,719,3,3,3,3,3,5,5,4,4,4,4,5,3,3.77,2,11,TRUE
Female,Loyal Customer,27,Business Travel,Business,2593,3,3,3,3,3,3,3,3,1,1,3,5,3,2.85,4,14,TRUE
Female,Loyal Customer,62,Business Travel,Business,201,1,2,2,2,5,3,3,1,1,1,1,3,4,2.23,0,0,FALSE
Male,Loyal Customer,57,Personal Travel,Eco Plus,315,2,4,2,2,4,2,4,4,3,4,5,2,4,3.23,0,0,FALSE
Male,Loyal Customer,36,Business Travel,Business,220,1,1,1,1,5,3,3,2,2,2,1,3,2,2.08,30,23,FALSE
Male,Loyal Customer,32,Personal Travel,Eco,386,4,4,4,2,5,4,5,5,4,2,5,5,5,4.15,12,2,TRUE
Male,Loyal Customer,42,Business Travel,Business,3737,2,4,4,4,4,3,2,2,2,2,2,3,4,2.92,0,15,FALSE
Male,Loyal Customer,44,Personal Travel,Eco,1046,3,4,3,3,3,3,3,3,4,4,3,1,3,3.08,7,11,FALSE
Male,Loyal Customer,30,Personal Travel,Eco,711,5,4,5,3,3,5,3,3,4,2,1,4,3,3.46,0,0,TRUE
Male,Loyal Customer,54,Business Travel,Business,2470,1,1,1,1,2,4,5,4,4,4,4,3,3,2.85,0,0,TRUE
Female,Disloyal Customer,23,Business Travel,Eco,563,5,0,5,2,2,5,2,2,3,1,1,4,2,2.62,0,0,TRUE
Male,Loyal Customer,52,Business Travel,Business,1944,1,2,2,2,1,3,3,1,1,1,1,4,3,1.92,7,0,FALSE
Male,Loyal Customer,48,Business Travel,Business,1504,2,4,4,4,2,1,2,2,2,2,2,3,4,2.62,0,2,FALSE
Female,Loyal Customer,44,Business Travel,Business,1944,2,2,2,2,3,4,4,4,4,4,4,3,4,3.23,8,0,TRUE
Female,Loyal Customer,58,Business Travel,Business,3862,2,2,2,2,2,4,5,5,5,5,5,4,5,3.69,17,21,TRUE
Female,Disloyal Customer,24,Business Travel,Eco,257,2,2,2,4,1,2,1,1,3,1,4,4,1,2.15,0,0,FALSE
Female,Loyal Customer,30,Business Travel,Business,153,3,3,3,3,5,5,5,5,1,2,2,4,5,3.54,0,0,TRUE
Male,Loyal Customer,39,Business Travel,Business,197,4,4,4,4,3,4,5,5,5,5,5,5,5,4.46,25,19,TRUE
Male,Loyal Customer,30,Personal Travel,Eco,489,3,1,3,4,5,3,5,5,3,2,4,4,5,3.62,0,0,FALSE
Female,Disloyal Customer,50,Business Travel,Eco,446,2,4,2,3,4,2,4,4,4,3,4,2,4,3.23,12,9,FALSE
Female,Loyal Customer,63,Personal Travel,Business,817,3,1,4,4,4,3,3,1,1,4,4,3,3,2.92,192,187,FALSE
Female,Loyal Customer,72,Business Travel,Business,3637,3,3,4,3,4,4,5,5,5,5,4,4,1,3.85,0,0,TRUE
Male,Loyal Customer,39,Business Travel,Eco,209,5,2,2,2,5,5,5,5,2,4,2,3,5,3.62,0,1,TRUE
Female,Disloyal Customer,22,Business Travel,Eco,669,1,0,1,3,5,1,5,5,1,5,4,1,5,2.85,2,0,FALSE
Male,Loyal Customer,32,Personal Travel,Business,1065,3,4,3,5,3,2,2,3,3,5,5,2,2,3.23,142,134,FALSE
Male,Loyal Customer,39,Business Travel,Eco Plus,466,2,4,4,4,2,2,2,2,3,3,4,4,2,2.92,32,34,FALSE
Female,Loyal Customer,57,Business Travel,Business,472,3,3,3,3,2,5,4,5,5,5,5,5,4,4,0,0,TRUE
Female,Disloyal Customer,37,Business Travel,Eco,240,2,3,2,4,2,2,1,2,2,2,4,1,2,2.23,45,130,FALSE
Male,Loyal Customer,33,Business Travel,Business,3416,5,5,5,5,2,2,2,2,5,1,2,2,2,3.08,0,0,TRUE
Female,Disloyal Customer,21,Business Travel,Eco,488,2,2,2,3,3,2,3,3,4,2,4,4,3,2.85,79,77,FALSE
Male,Loyal Customer,27,Business Travel,Business,2342,5,5,5,5,5,5,5,5,5,5,4,3,5,4.77,0,0,TRUE
Female,Loyal Customer,46,Business Travel,Business,2637,2,2,3,2,3,4,5,4,4,4,4,5,3,3.46,0,0,TRUE
Male,Loyal Customer,37,Business Travel,Eco Plus,518,5,2,2,2,5,5,5,5,2,2,2,1,5,3.31,0,0,TRUE
Male,Loyal Customer,38,Business Travel,Business,3894,5,5,5,5,2,5,4,4,4,4,5,4,3,4.23,0,0,TRUE
Female,Loyal Customer,38,Personal Travel,Eco,333,1,5,1,2,2,1,2,2,4,3,5,5,2,2.69,10,4,FALSE
Female,Disloyal Customer,24,Business Travel,Eco,585,4,0,4,1,5,4,3,5,3,3,5,3,5,3.46,89,82,TRUE
Female,Disloyal Customer,29,Business Travel,Eco,1035,4,4,4,3,2,4,2,2,1,3,1,2,2,2.62,42,21,TRUE
Male,Loyal Customer,42,Business Travel,Business,134,3,3,3,3,2,5,5,5,5,5,5,5,3,4,0,0,TRUE
Male,Loyal Customer,12,Business Travel,Business,1589,3,3,4,3,3,3,3,3,3,5,4,3,3,3.31,59,51,FALSE
Male,Disloyal Customer,15,Business Travel,Eco,946,4,4,4,3,5,4,5,5,3,2,4,5,5,4.08,0,0,TRUE
Male,Loyal Customer,50,Business Travel,Business,1749,2,2,2,2,5,5,5,5,5,5,5,5,4,4,0,4,TRUE
Female,Loyal Customer,57,Business Travel,Business,895,2,2,2,2,5,4,4,5,5,5,5,5,5,3.92,100,76,TRUE
Female,Loyal Customer,32,Business Travel,Business,2543,2,2,2,2,3,3,3,3,1,4,3,2,3,2.54,62,60,TRUE
Female,Loyal Customer,12,Business Travel,Eco,714,4,3,4,3,4,4,5,4,4,2,5,2,4,3.69,33,26,TRUE
Female,Disloyal Customer,32,Business Travel,Business,316,3,2,2,3,4,2,4,4,5,3,5,4,4,3.46,0,0,FALSE
Female,Loyal Customer,59,Business Travel,Eco,546,1,5,5,5,5,4,3,1,1,1,1,4,4,3.08,0,0,FALSE
Female,Loyal Customer,11,Business Travel,Business,2625,5,3,3,3,5,4,5,5,1,2,4,2,5,3.62,52,46,FALSE
Male,Loyal Customer,47,Business Travel,Eco,191,2,4,4,4,2,2,2,2,4,5,4,1,2,2.92,3,5,FALSE
Female,Loyal Customer,33,Business Travel,Business,2933,0,4,0,3,5,1,2,4,4,4,4,1,4,2.77,0,0,TRUE
Female,Disloyal Customer,20,Business Travel,Eco,319,1,4,1,3,2,1,2,2,4,3,3,2,2,2.31,27,2,FALSE
Female,Loyal Customer,27,Business Travel,Business,3576,2,2,1,2,4,4,4,4,3,1,3,1,4,2.69,57,78,TRUE
Male,Loyal Customer,37,Business Travel,Eco,226,2,1,1,1,2,2,2,2,3,4,4,1,2,2.08,1,14,FALSE
Male,Loyal Customer,67,Personal Travel,Eco,190,2,5,2,3,1,2,1,1,4,5,4,4,1,2.69,0,0,FALSE
Female,Loyal Customer,45,Business Travel,Business,3059,2,2,2,2,4,4,4,5,5,5,5,5,3,3.69,0,24,TRUE
Female,Disloyal Customer,31,Business Travel,Eco,850,2,3,3,4,5,2,5,5,2,3,2,2,5,3.31,0,0,FALSE
Male,Loyal Customer,9,Business Travel,Business,925,2,3,3,3,2,2,2,2,1,1,4,1,2,2.15,8,0,FALSE
Male,Loyal Customer,58,Business Travel,Business,453,3,3,3,3,4,4,4,5,5,5,5,4,5,4.08,0,0,TRUE
Female,Loyal Customer,10,Personal Travel,Eco,946,1,4,1,3,1,2,2,3,2,1,5,2,2,2.23,313,327,FALSE
Male,Loyal Customer,51,Business Travel,Business,3232,1,1,1,1,3,4,5,5,5,5,5,5,4,3.46,13,5,TRUE
Female,Loyal Customer,16,Business Travel,Business,3402,2,1,1,1,2,2,2,2,2,3,4,4,2,2.15,0,0,FALSE
Male,Loyal Customer,35,Personal Travel,Eco,1195,1,5,1,3,2,1,2,2,3,3,5,5,2,2.69,0,0,FALSE
Female,Loyal Customer,51,Personal Travel,Eco,116,4,4,4,1,1,5,5,3,3,4,3,3,5,3.46,0,21,TRUE
Male,Loyal Customer,21,Personal Travel,Eco,1562,3,1,3,3,4,3,4,4,2,4,3,1,4,3,14,0,FALSE
Female,Disloyal Customer,46,Business Travel,Business,1287,4,4,4,3,3,4,3,3,4,2,5,3,3,3.46,0,0,TRUE
Female,Loyal Customer,61,Business Travel,Eco,1660,4,2,2,2,4,1,3,4,4,4,4,2,1,2.85,0,19,FALSE
Female,Loyal Customer,54,Business Travel,Business,1703,1,1,1,1,3,4,5,4,4,4,4,4,4,3.08,7,29,TRUE
Male,Loyal Customer,55,Business Travel,Business,1916,1,1,1,1,4,4,4,2,1,2,4,4,4,2.54,147,145,TRUE
Female,Loyal Customer,38,Personal Travel,Eco,516,3,1,3,4,1,3,1,1,2,3,4,4,1,2.38,0,0,FALSE
Female,Loyal Customer,43,Personal Travel,Eco Plus,438,1,5,1,4,2,5,4,4,4,1,4,3,3,3.15,119,104,FALSE
Female,Loyal Customer,33,Personal Travel,Eco,349,1,4,1,4,3,1,5,3,5,4,5,5,3,3.38,35,30,FALSE
Female,Loyal Customer,49,Personal Travel,Eco Plus,214,1,4,0,1,1,2,1,1,1,0,1,3,3,1.46,2,0,FALSE
Female,Loyal Customer,55,Business Travel,Business,2212,4,4,4,4,2,4,5,4,4,4,4,3,3,3.77,8,0,TRUE
Male,Loyal Customer,59,Personal Travel,Eco,857,3,4,3,3,5,3,5,5,3,4,4,5,5,4,0,0,FALSE
Female,Loyal Customer,31,Business Travel,Business,2556,1,1,1,1,4,4,4,4,3,2,4,5,4,2.92,26,,TRUE
Male,Loyal Customer,55,Business Travel,Business,1941,5,5,5,5,3,5,4,4,4,4,4,4,4,4.31,0,0,TRUE
Male,Loyal Customer,48,Personal Travel,Eco,502,4,5,4,2,5,4,5,5,3,3,4,4,5,4.08,0,7,FALSE
Female,Loyal Customer,24,Personal Travel,Eco,1010,3,4,3,1,5,3,5,5,2,3,2,1,5,3.23,0,6,FALSE
Male,Loyal Customer,51,Personal Travel,Eco,501,3,5,3,4,5,3,2,5,3,2,5,3,5,3.69,0,0,FALSE
Female,Loyal Customer,21,Business Travel,Eco,737,4,4,4,4,4,4,4,4,3,3,4,1,4,3.62,0,0,TRUE
Male,Loyal Customer,55,Business Travel,Eco,299,1,3,3,3,1,1,1,1,1,1,4,2,1,1.77,45,51,FALSE
Female,Disloyal Customer,25,Business Travel,Eco Plus,997,4,4,4,4,5,4,5,5,2,2,3,4,5,3.92,5,2,FALSE
Male,Disloyal Customer,62,Business Travel,Business,1123,3,3,3,2,4,3,4,4,2,3,2,3,4,3.08,9,0,FALSE
Male,Loyal Customer,45,Business Travel,Business,2191,3,4,4,4,3,4,3,3,3,3,3,3,1,3.15,0,0,FALSE
Female,Loyal Customer,47,Business Travel,Business,1256,3,3,3,3,3,4,4,5,5,5,5,3,4,3.85,47,33,TRUE
Male,Loyal Customer,41,Personal Travel,Eco,3784,1,5,1,5,1,3,5,3,3,5,4,5,5,3.54,5,2,FALSE
Female,Loyal Customer,27,Personal Travel,Eco,591,3,5,3,3,3,3,3,3,4,4,4,3,3,3.38,16,0,FALSE
Male,Loyal Customer,42,Personal Travel,Eco,304,3,4,3,4,2,3,2,2,3,2,5,3,2,2.92,10,9,FALSE
Male,Disloyal Customer,26,Business Travel,Business,594,2,2,2,1,4,2,3,4,5,5,4,5,4,3.31,0,0,FALSE
Female,Loyal Customer,57,Business Travel,Business,164,3,4,4,4,3,4,3,2,2,2,3,3,4,3.15,25,23,FALSE
Female,Loyal Customer,51,Business Travel,Business,2364,1,1,1,1,3,4,5,4,4,4,4,3,5,3.08,7,2,TRUE
Male,Loyal Customer,50,Business Travel,Business,1912,1,1,5,1,4,3,4,4,4,4,4,5,5,3.46,1,0,TRUE
Female,Loyal Customer,44,Personal Travel,Eco,414,3,2,3,4,2,3,4,3,3,3,5,4,4,3.31,7,5,FALSE
Female,Loyal Customer,16,Personal Travel,Business,177,3,4,3,4,3,1,1,4,4,4,3,1,1,2.77,169,166,FALSE
Male,Disloyal Customer,32,Business Travel,Business,239,2,2,2,2,2,2,4,2,1,4,3,1,2,2.23,14,9,FALSE
Male,Loyal Customer,51,Business Travel,Business,3983,2,2,2,2,3,4,5,5,5,5,5,4,5,3.77,36,16,TRUE
Female,Disloyal Customer,10,Business Travel,Eco,748,2,2,2,4,2,2,2,2,3,3,4,4,2,2.62,0,19,FALSE
Male,Loyal Customer,35,Personal Travel,Eco,158,0,4,0,1,4,0,4,4,5,4,5,3,4,2.92,0,0,TRUE
Male,Loyal Customer,34,Business Travel,Business,3350,0,0,0,3,1,3,2,4,4,4,4,2,5,2.46,0,0,TRUE
Male,Loyal Customer,42,Personal Travel,Eco,666,2,5,3,3,1,3,1,1,3,2,4,3,1,2.46,29,5,FALSE
Male,Loyal Customer,68,Personal Travel,Eco,645,3,4,3,1,4,3,4,4,3,2,5,2,4,3.23,3,15,FALSE
Female,Disloyal Customer,41,Business Travel,Business,1535,1,1,1,4,5,1,5,5,3,4,5,5,5,3.46,0,0,FALSE
Male,Loyal Customer,56,Personal Travel,Eco,423,2,4,4,3,1,4,1,1,2,5,1,1,1,2.31,11,5,FALSE
Male,Loyal Customer,17,Personal Travel,Eco,1947,3,2,3,4,3,3,3,3,2,4,3,1,3,2.85,5,6,FALSE
Male,Loyal Customer,62,Personal Travel,Eco Plus,369,1,2,1,4,3,1,3,3,1,3,4,2,3,2.38,0,0,FALSE
Male,Loyal Customer,55,Business Travel,Eco,448,4,2,2,2,4,4,4,4,4,2,3,1,4,3.08,0,0,TRUE
Male,Loyal Customer,31,Personal Travel,Eco,964,2,2,2,4,3,2,3,3,1,2,4,2,3,2.54,14,3,FALSE
Female,Loyal Customer,27,Business Travel,Business,2078,1,1,1,1,4,4,4,4,4,3,5,4,4,3.08,0,0,TRUE
Female,Loyal Customer,54,Business Travel,Business,2046,2,2,2,2,5,4,4,4,4,4,4,3,3,3.31,0,0,TRUE
Male,Loyal Customer,50,Business Travel,Business,3955,4,3,4,4,4,5,5,4,4,4,4,5,3,4.08,0,0,TRUE
Female,Disloyal Customer,44,Business Travel,Eco Plus,680,2,2,2,3,4,2,3,4,3,3,3,2,4,2.85,0,5,FALSE
Female,Loyal Customer,54,Personal Travel,Eco,1166,1,1,0,2,5,2,3,3,3,0,3,1,2,2,0,1,FALSE
Male,Loyal Customer,16,Personal Travel,Eco,562,3,5,2,2,2,2,2,2,5,2,4,3,2,2.77,0,0,FALSE
Female,Loyal Customer,31,Personal Travel,Eco,735,1,3,1,3,1,1,1,1,2,5,4,2,1,2,1,1,FALSE
Female,Loyal Customer,61,Personal Travel,Eco,310,2,4,2,3,5,5,4,4,4,2,4,4,3,3.54,85,87,FALSE
Female,Loyal Customer,58,Business Travel,Business,2486,2,2,2,2,5,5,4,4,4,4,4,5,5,3.69,0,0,TRUE
Male,Disloyal Customer,39,Business Travel,Business,1190,3,3,3,5,5,3,5,5,5,2,2,2,5,3.69,0,0,FALSE
Female,Loyal Customer,67,Personal Travel,Eco,936,3,5,3,2,2,4,3,2,2,3,2,3,5,3,0,0,FALSE
Male,Loyal Customer,53,Business Travel,Business,3616,5,5,1,5,4,4,5,5,5,5,5,4,4,4.38,0,0,TRUE
Male,Loyal Customer,41,Business Travel,Business,696,3,3,3,3,2,5,5,5,5,5,5,3,4,3.92,61,55,TRUE
Male,Disloyal Customer,29,Business Travel,Eco,106,3,0,3,5,5,3,5,5,4,5,3,4,5,3.85,0,0,FALSE
Female,Loyal Customer,12,Personal Travel,Eco,644,1,3,1,3,1,1,1,1,4,1,3,1,1,1.69,0,0,FALSE
Female,Loyal Customer,61,Personal Travel,Business,1034,3,4,3,3,5,4,4,5,5,3,5,4,3,3.92,0,0,FALSE
Female,Loyal Customer,35,Personal Travel,Eco,432,3,4,3,1,3,3,3,3,1,1,4,4,3,2.77,7,0,FALSE
Female,Loyal Customer,57,Business Travel,Business,1749,2,2,3,2,3,4,4,5,5,5,5,5,3,3.69,0,0,TRUE
Female,Loyal Customer,42,Personal Travel,Eco,304,1,3,3,4,1,4,5,3,3,3,3,4,4,3.15,0,0,FALSE
Female,Loyal Customer,38,Business Travel,Business,1543,4,4,4,4,1,1,4,4,4,4,3,2,2,3.15,9,5,TRUE
Female,Loyal Customer,52,Business Travel,Business,867,4,4,4,4,3,5,4,5,5,5,5,5,4,4.38,10,17,TRUE
Female,Loyal Customer,46,Personal Travel,Eco,364,3,3,3,3,3,3,3,4,3,3,2,3,3,3,137,119,FALSE
Male,Loyal Customer,39,Business Travel,Eco,277,4,1,1,1,4,4,4,4,5,1,2,1,4,2.77,0,0,TRUE
Male,Loyal Customer,64,Personal Travel,Eco,347,1,1,3,3,3,3,3,3,1,3,2,3,3,2.46,0,0,FALSE
Female,Loyal Customer,39,Business Travel,Eco,1179,5,4,4,4,5,5,5,5,3,2,2,1,5,3.85,5,13,TRUE
Male,Loyal Customer,50,Business Travel,Eco Plus,986,2,2,2,2,2,2,2,2,3,2,1,3,2,2.08,18,0,TRUE
Female,Loyal Customer,10,Personal Travel,Eco Plus,448,2,4,2,5,3,2,5,3,3,5,5,3,3,3.46,0,0,FALSE
Female,Disloyal Customer,30,Business Travel,Eco,1136,2,1,1,3,2,2,2,2,4,5,4,1,2,2.38,0,0,FALSE
Male,Loyal Customer,52,Personal Travel,Eco,1035,3,5,3,3,2,3,2,2,5,5,5,5,2,3.46,9,3,FALSE
Female,Loyal Customer,55,Business Travel,Eco,1855,2,1,1,1,3,2,3,2,2,2,2,4,4,2.23,2,0,FALSE
Female,Loyal Customer,44,Business Travel,Business,189,0,4,0,1,4,5,4,1,1,1,1,3,3,2.15,2,0,TRUE
Male,Loyal Customer,34,Personal Travel,Eco,1256,3,5,3,1,5,3,5,5,4,2,3,3,5,3.62,0,0,FALSE
Female,Loyal Customer,16,Personal Travel,Eco,594,3,1,3,2,3,3,4,3,4,5,1,2,3,2.85,3,18,FALSE
Male,Loyal Customer,59,Personal Travel,Eco,509,3,2,3,4,2,3,2,2,2,1,3,4,2,2.54,0,0,FALSE
Female,Loyal Customer,43,Business Travel,Business,2226,2,1,1,1,3,3,3,2,2,2,2,1,3,2,5,6,FALSE
Female,Loyal Customer,47,Business Travel,Business,3052,5,5,5,5,2,5,4,5,5,5,5,5,3,4.54,53,42,TRUE
Female,Loyal Customer,25,Personal Travel,Eco,1142,3,3,3,1,4,3,4,4,4,5,3,4,4,3.46,5,0,FALSE
Male,Loyal Customer,52,Business Travel,Business,2178,4,4,4,4,3,5,4,5,5,5,5,5,5,4.46,52,63,TRUE
Female,Loyal Customer,55,Business Travel,Business,2486,2,2,2,2,3,5,5,5,5,5,5,5,5,3.92,0,4,TRUE
Male,Loyal Customer,57,Business Travel,Business,224,4,4,4,4,2,5,5,5,5,5,5,5,5,4.46,1,0,TRUE
Female,Loyal Customer,54,Business Travel,Business,452,2,2,2,2,4,4,4,5,5,5,5,4,5,3.77,0,0,TRUE
Female,Loyal Customer,51,Business Travel,Business,340,4,4,4,4,4,4,4,5,5,5,5,3,3,4.15,0,0,TRUE
Female,Disloyal Customer,39,Business Travel,Eco,446,2,5,2,1,2,2,2,2,3,3,2,4,2,2.46,4,0,FALSE
Male,Loyal Customer,55,Business Travel,Business,759,1,1,1,1,2,5,4,5,5,5,5,3,3,3.15,14,0,TRUE
Female,Loyal Customer,68,Personal Travel,Eco,787,3,3,4,5,2,1,1,4,4,4,4,4,3,3.23,49,85,FALSE
Female,Disloyal Customer,35,Business Travel,Business,1737,3,3,3,3,4,3,4,4,3,2,3,3,4,3.23,0,0,FALSE
Male,Loyal Customer,42,Business Travel,Business,3646,2,2,2,2,4,2,4,5,5,5,5,5,4,3.62,0,0,TRUE
Female,Loyal Customer,26,Business Travel,Business,3717,1,3,3,3,1,1,1,3,1,4,4,1,1,2.08,140,108,FALSE
Male,Loyal Customer,31,Personal Travel,Eco,986,2,4,2,2,3,2,3,3,4,4,5,3,3,3.08,0,0,FALSE
Male,Loyal Customer,53,Business Travel,Business,3913,2,3,3,3,1,2,2,2,2,2,2,4,3,2.38,0,0,FALSE
Female,Loyal Customer,39,Business Travel,Business,3624,2,2,2,2,2,4,3,2,2,2,2,3,2,2.31,0,0,FALSE
Male,Loyal Customer,42,Business Travel,Eco,1250,4,1,4,1,3,4,3,3,3,3,3,4,3,3,0,2,TRUE
Male,Loyal Customer,64,Personal Travel,Business,405,3,4,3,2,1,3,5,4,4,3,3,2,2,3,4,0,FALSE
Female,Loyal Customer,57,Business Travel,Eco,586,4,4,4,4,4,3,5,4,4,4,4,4,3,3.92,0,0,TRUE
Male,Loyal Customer,27,Business Travel,Eco,680,4,4,4,4,4,4,4,4,1,3,4,4,4,3.69,5,23,FALSE
Female,Loyal Customer,41,Business Travel,Business,3544,1,1,1,1,3,1,5,5,5,4,5,1,2,2.69,0,0,TRUE
Male,Disloyal Customer,10,Business Travel,Eco,500,2,4,2,3,2,2,2,2,3,1,3,1,2,2.23,27,13,FALSE
Female,Disloyal Customer,29,Business Travel,Business,802,2,2,2,5,3,2,3,3,4,2,4,4,3,3,89,87,FALSE
Male,Loyal Customer,50,Personal Travel,Eco,524,1,1,3,3,3,3,3,3,2,1,3,2,3,2.38,6,6,FALSE
Male,Loyal Customer,43,Business Travel,Business,1990,5,5,5,5,2,5,4,4,4,4,4,3,3,4.08,17,24,TRUE
Female,Loyal Customer,58,Business Travel,Business,3620,2,2,2,2,4,4,4,4,4,4,4,5,3,3.38,0,0,TRUE
Female,Loyal Customer,12,Personal Travel,Eco,937,2,1,2,3,2,2,2,2,4,4,4,1,2,2.38,30,46,FALSE
Male,Loyal Customer,37,Business Travel,Business,230,5,5,5,5,2,5,4,5,5,5,5,4,4,4.54,0,0,TRUE
Female,Disloyal Customer,37,Business Travel,Business,184,3,3,3,2,4,3,4,4,4,3,5,5,4,3.62,0,7,FALSE
Female,Loyal Customer,58,Business Travel,Business,2521,1,1,1,1,2,3,4,4,4,4,4,5,3,2.85,0,0,TRUE
Male,Loyal Customer,32,Personal Travel,Eco,2586,3,2,3,3,3,3,3,1,3,4,4,3,3,2.92,7,6,FALSE
Female,Loyal Customer,35,Personal Travel,Eco,89,4,4,0,1,3,0,3,3,3,2,5,4,3,2.69,0,0,FALSE
Female,Disloyal Customer,39,Business Travel,Business,1259,4,4,4,3,4,4,4,4,3,2,4,4,4,3.69,2,22,FALSE
Male,Disloyal Customer,36,Business Travel,Eco,679,3,3,3,4,3,3,1,3,3,4,4,4,3,3.15,0,0,FALSE
Male,Loyal Customer,50,Business Travel,Business,583,2,2,2,2,3,4,5,4,4,4,4,3,4,3.31,13,0,TRUE
Male,Loyal Customer,33,Business Travel,Eco Plus,837,0,0,0,5,4,0,4,4,3,3,2,3,4,2.46,0,0,TRUE
Female,Loyal Customer,26,Personal Travel,Eco,610,1,5,1,4,3,1,3,3,3,5,5,5,3,3.23,0,0,FALSE
Female,Disloyal Customer,40,Business Travel,Business,677,4,4,4,3,4,4,4,4,1,3,4,4,4,3.62,21,24,FALSE
Female,Disloyal Customer,21,Business Travel,Eco,327,4,2,4,2,1,4,1,1,4,1,2,4,1,2.38,0,0,FALSE
Female,Disloyal Customer,26,Business Travel,Eco,554,1,0,1,2,1,1,1,1,1,2,4,1,1,1.31,57,48,FALSE
Female,Loyal Customer,30,Business Travel,Business,602,3,3,3,3,5,5,5,5,5,2,3,2,5,3.77,0,3,TRUE
Female,Loyal Customer,30,Business Travel,Eco,227,4,5,5,5,4,4,4,4,1,3,3,1,4,3.62,0,0,FALSE
Female,Loyal Customer,11,Personal Travel,Eco,1371,2,4,2,3,5,2,2,5,5,3,4,5,5,3.62,0,4,FALSE
Female,Loyal Customer,54,Business Travel,Eco,679,2,2,4,2,1,3,3,2,2,2,2,4,2,2.38,0,0,FALSE
Female,Loyal Customer,40,Business Travel,Business,1565,3,3,3,3,4,4,5,5,5,5,5,4,3,4,66,59,TRUE
Male,Loyal Customer,24,Business Travel,Business,3849,1,5,5,5,1,1,1,1,2,1,3,3,1,2.31,5,4,FALSE
Female,Loyal Customer,53,Business Travel,Business,944,2,2,2,2,4,4,4,5,5,5,5,4,5,3.77,0,0,TRUE
Female,Loyal Customer,47,Business Travel,Business,2291,2,2,2,2,4,5,5,4,4,4,4,4,4,3.54,4,1,TRUE
Female,Loyal Customer,43,Business Travel,Business,1539,2,2,4,2,3,4,5,5,5,5,5,3,5,3.85,25,23,TRUE
Male,Loyal Customer,25,Business Travel,Business,3152,3,4,4,4,3,3,3,3,4,5,4,2,3,3.46,0,16,FALSE
Male,Loyal Customer,46,Business Travel,Business,1242,5,5,5,5,5,4,4,4,4,4,4,3,3,4.23,0,0,TRUE
Female,Loyal Customer,21,Personal Travel,Eco,544,4,5,4,4,2,4,2,2,1,1,4,4,2,3,0,0,FALSE
Female,Loyal Customer,56,Business Travel,Business,2349,3,3,5,3,1,3,2,3,3,3,3,2,3,2.85,0,0,FALSE
Male,Loyal Customer,20,Personal Travel,Eco,190,2,2,0,4,3,0,1,3,1,3,4,3,3,2.23,62,70,FALSE
Female,Loyal Customer,16,Personal Travel,Eco,802,2,5,1,4,4,1,4,4,3,2,3,4,4,3.15,0,0,FALSE
Male,Loyal Customer,36,Business Travel,Eco,2466,5,5,5,5,5,5,5,5,4,2,3,2,5,4.31,0,0,TRUE
Male,Loyal Customer,42,Business Travel,Business,2602,3,2,2,2,2,3,2,3,3,3,3,2,1,2.38,30,42,FALSE
Female,Loyal Customer,29,Business Travel,Business,3072,3,4,2,2,3,3,3,3,4,2,3,2,3,2.85,3,10,FALSE
Female,Disloyal Customer,13,Business Travel,Eco,1218,2,2,2,3,2,2,2,2,3,4,4,2,2,2.46,18,0,FALSE
Male,Loyal Customer,55,Personal Travel,Eco Plus,757,2,4,2,2,4,2,4,4,5,2,4,3,4,3.23,0,0,FALSE
Female,Loyal Customer,26,Personal Travel,Eco,844,2,2,2,3,2,2,2,2,3,2,4,3,2,2.38,16,13,FALSE
Male,Loyal Customer,61,Personal Travel,Eco,733,2,5,2,5,1,2,1,1,4,3,4,1,1,2.46,0,0,FALSE
Female,Loyal Customer,50,Business Travel,Business,913,1,1,1,1,4,4,1,5,5,5,5,5,1,3,11,0,TRUE
Female,Disloyal Customer,20,Business Travel,Eco,954,2,2,2,4,4,2,4,4,1,3,4,2,4,2.92,0,15,FALSE
Female,Loyal Customer,44,Personal Travel,Eco,859,3,5,3,3,3,4,4,2,2,3,2,4,5,3.31,0,0,FALSE
Female,Loyal Customer,43,Business Travel,Business,516,2,2,2,2,3,4,5,5,5,5,5,5,4,3.77,17,19,TRUE
Female,Loyal Customer,69,Personal Travel,Eco,594,2,3,2,3,5,4,4,5,5,2,5,2,3,3.46,9,0,FALSE
Female,Disloyal Customer,44,Business Travel,Business,192,5,5,5,3,4,5,4,4,3,4,4,3,4,4.08,5,0,TRUE
Female,Disloyal Customer,39,Business Travel,Business,516,2,2,2,4,1,2,1,1,2,5,3,2,1,2.15,19,29,FALSE
Female,Loyal Customer,11,Personal Travel,Eco,1751,2,4,2,3,5,2,1,5,5,5,2,5,5,3.54,0,0,FALSE
Female,Loyal Customer,44,Business Travel,Eco Plus,2442,5,1,1,1,5,5,5,5,1,5,2,5,5,3.54,1,0,TRUE
Male,Loyal Customer,72,Business Travel,Business,3996,1,5,5,5,1,3,3,1,1,1,1,3,2,2.46,0,0,FALSE
Female,Disloyal Customer,24,Business Travel,Business,258,4,4,4,3,3,4,4,3,5,4,4,5,3,3.85,5,9,TRUE
Male,Disloyal Customer,43,Business Travel,Eco,1039,1,1,1,4,4,1,4,4,3,2,4,2,4,2.69,33,0,FALSE
Female,Loyal Customer,17,Personal Travel,Business,397,3,4,3,1,5,3,5,5,2,5,1,1,5,3.31,50,43,FALSE
Male,Loyal Customer,13,Personal Travel,Eco,557,2,3,2,4,2,2,1,2,4,4,3,4,2,2.69,35,29,FALSE
Female,Loyal Customer,68,Personal Travel,Eco,162,3,5,3,3,2,4,4,1,1,3,1,4,4,2.92,0,0,FALSE
Female,Loyal Customer,54,Business Travel,Eco Plus,451,5,1,1,1,5,3,2,5,5,5,5,5,4,3.62,0,0,TRUE
Male,Disloyal Customer,22,Business Travel,Eco,1040,4,3,3,3,5,4,5,5,3,2,4,2,5,3.69,0,0,TRUE
Female,Loyal Customer,65,Business Travel,Business,666,1,4,4,4,4,4,3,1,1,1,1,2,2,2.46,0,0,FALSE
Male,Loyal Customer,36,Business Travel,Business,589,5,5,1,5,2,3,3,4,4,4,3,3,3,3.46,142,145,TRUE
Female,Loyal Customer,60,Business Travel,Eco,431,1,4,5,4,5,4,3,1,1,1,1,2,3,2.69,0,0,FALSE
Male,Disloyal Customer,54,Business Travel,Eco,402,2,1,2,2,3,2,3,3,1,3,2,4,3,2.38,12,3,FALSE
Male,Loyal Customer,22,Business Travel,Business,1189,5,5,5,5,5,5,5,5,3,2,3,5,5,4.46,3,0,TRUE
Female,Loyal Customer,22,Business Travel,Business,569,1,0,0,4,3,0,3,3,1,5,3,1,3,2.08,0,0,FALSE
Male,Loyal Customer,47,Personal Travel,Eco,1171,2,5,2,3,5,2,5,5,3,4,4,5,5,3.85,22,8,FALSE
Female,Loyal Customer,17,Personal Travel,Eco,605,1,5,0,3,1,0,1,1,3,2,5,4,1,2.08,0,0,FALSE
Female,Loyal Customer,56,Business Travel,Eco,909,3,4,4,4,4,2,3,3,3,3,3,4,1,3.15,33,52,FALSE
Male,Loyal Customer,45,Business Travel,Business,480,4,4,4,4,2,5,5,4,4,4,4,3,5,4,0,0,TRUE
Male,Loyal Customer,44,Business Travel,Business,1982,5,5,5,5,4,4,4,4,4,4,4,4,3,4.23,0,0,TRUE
Male,Disloyal Customer,23,Business Travel,Business,296,5,0,5,1,1,5,1,1,4,3,4,4,1,2.69,0,0,TRUE
Female,Loyal Customer,16,Business Travel,Business,3072,1,1,1,1,4,4,5,4,4,5,5,3,4,3.23,0,0,TRUE
Male,Loyal Customer,43,Business Travel,Business,1755,2,2,2,2,5,3,4,5,5,5,5,2,2,3.38,0,0,TRUE
Male,Loyal Customer,44,Business Travel,Business,2644,3,3,3,3,4,5,4,4,4,3,4,4,3,3.62,9,8,TRUE
Female,Loyal Customer,22,Business Travel,Eco Plus,641,5,5,4,5,5,5,4,5,1,2,2,1,5,3.77,3,0,TRUE
Female,Loyal Customer,44,Business Travel,Business,1744,1,2,2,2,5,1,1,1,1,1,1,1,2,1.62,0,0,FALSE
Male,Loyal Customer,51,Personal Travel,Eco,101,1,4,1,3,4,1,4,4,3,2,4,3,4,2.92,0,0,FALSE
Female,Disloyal Customer,42,Business Travel,Eco,235,3,3,3,4,3,3,3,3,4,3,4,3,3,3.23,0,9,FALSE
Female,Loyal Customer,51,Personal Travel,Eco Plus,268,2,3,0,5,5,5,5,5,5,0,5,2,5,3.62,0,0,FALSE
Female,Loyal Customer,52,Business Travel,Business,3209,0,1,1,4,4,5,5,2,2,2,2,4,3,2.69,0,0,TRUE
Male,Loyal Customer,70,Personal Travel,Eco Plus,1009,3,2,3,2,1,3,1,1,4,2,2,4,1,2.23,0,0,FALSE
Male,Loyal Customer,45,Personal Travel,Eco,2496,2,4,2,3,2,4,4,4,4,2,3,4,4,3.23,0,0,FALSE
Female,Disloyal Customer,37,Business Travel,Business,283,4,4,4,4,1,4,2,1,5,5,4,5,1,3.38,0,0,FALSE
Female,Disloyal Customer,44,Business Travel,Eco,190,2,2,2,4,5,2,5,5,4,4,3,3,5,3.54,1,0,FALSE
Male,Disloyal Customer,37,Business Travel,Eco,129,0,5,0,4,4,0,4,4,3,5,1,1,4,2.69,0,0,TRUE
Female,Loyal Customer,29,Personal Travel,Eco,836,3,1,3,3,4,3,1,4,2,3,2,1,4,2.62,0,0,FALSE
Female,Loyal Customer,8,Personal Travel,Eco,236,1,4,1,4,5,1,5,5,3,4,1,4,5,3.31,6,1,FALSE
Female,Loyal Customer,21,Business Travel,Business,1977,3,3,3,3,5,5,5,5,3,4,4,5,5,4.08,0,2,TRUE
Female,Loyal Customer,14,Business Travel,Business,1089,5,5,5,5,5,5,5,5,4,3,4,4,5,4.62,0,0,TRUE
Male,Loyal Customer,32,Business Travel,Business,641,2,2,2,2,4,4,4,4,4,5,3,3,4,3.31,0,0,TRUE
Male,Loyal Customer,27,Personal Travel,Eco,230,4,1,4,3,4,4,4,4,1,1,4,2,4,3.08,20,13,FALSE
Male,Loyal Customer,44,Business Travel,Eco Plus,1620,3,1,1,1,3,3,3,3,1,5,3,4,3,2.62,19,64,FALSE
Female,Loyal Customer,48,Business Travel,Business,3882,1,1,1,1,2,4,5,4,4,4,4,3,3,2.85,0,0,TRUE
Male,Loyal Customer,32,Business Travel,Business,1634,0,0,0,1,4,4,4,4,4,3,4,3,4,2.69,0,0,TRUE
Female,Loyal Customer,50,Business Travel,Business,2434,3,3,3,3,3,4,5,4,4,5,4,3,3,3.62,2,0,TRUE
Female,Loyal Customer,24,Business Travel,Eco,576,5,5,2,2,5,5,5,5,4,2,5,3,5,4.08,0,0,TRUE
Male,Loyal Customer,58,Business Travel,Business,338,5,4,5,5,4,5,5,5,5,5,5,4,5,4.77,8,3,TRUE
Female,Loyal Customer,32,Personal Travel,Eco,1167,2,5,2,5,4,2,3,4,5,2,4,3,4,3.46,1,0,FALSE
Female,Loyal Customer,10,Personal Travel,Eco,175,1,5,1,1,1,1,1,1,3,5,4,5,1,2.31,3,0,FALSE
Male,Loyal Customer,14,Personal Travel,Eco,862,4,5,3,3,5,3,5,5,3,4,5,4,5,4.15,47,75,FALSE
Male,Disloyal Customer,32,Business Travel,Business,226,3,3,3,2,3,3,3,3,5,4,5,5,3,3.46,0,0,FALSE
Female,Loyal Customer,15,Personal Travel,Business,475,1,1,1,3,3,1,3,3,4,5,4,1,3,2.54,0,0,FALSE
Male,Loyal Customer,67,Personal Travel,Eco,641,5,4,4,2,5,4,5,5,5,1,4,1,5,3.85,0,0,TRUE
Female,Loyal Customer,32,Business Travel,Business,376,1,1,1,1,5,5,5,5,1,5,1,5,5,3.15,4,4,TRUE
Male,Loyal Customer,12,Personal Travel,Eco,2125,5,1,5,3,2,5,2,2,3,3,3,1,2,2.85,37,21,TRUE
Male,Loyal Customer,21,Business Travel,Eco,937,0,4,0,3,2,0,2,2,4,2,1,4,2,2,49,29,TRUE
Male,Disloyal Customer,11,Business Travel,Eco,954,2,2,2,4,3,2,5,3,1,1,3,2,3,2.54,9,0,FALSE
Male,Loyal Customer,24,Business Travel,Eco,689,0,4,0,5,5,0,5,5,2,3,4,5,5,3.31,1,13,TRUE
Male,Loyal Customer,34,Personal Travel,Eco,888,5,3,5,3,1,5,1,1,3,2,4,1,1,2.69,0,0,TRUE
Female,Loyal Customer,29,Business Travel,Eco Plus,354,5,5,5,5,5,4,5,5,2,3,4,4,5,4.38,0,0,TRUE
Female,Disloyal Customer,27,Business Travel,Eco,351,1,0,1,2,5,1,1,5,4,2,3,1,5,2.38,1,8,FALSE
Female,Loyal Customer,29,Personal Travel,Eco,250,2,4,2,4,2,2,2,2,4,3,4,5,2,2.92,0,0,FALSE
Male,Disloyal Customer,24,Business Travel,Eco,1476,3,3,3,3,2,3,2,2,5,2,4,5,2,3,1,0,FALSE
Male,Loyal Customer,61,Personal Travel,Eco,1288,1,5,2,3,1,2,1,1,5,4,3,3,1,2.46,18,20,FALSE
Female,Loyal Customer,36,Personal Travel,Eco,83,4,4,4,3,5,4,1,5,4,3,3,3,5,3.69,0,0,FALSE
Male,Loyal Customer,65,Personal Travel,Eco,1046,4,5,4,2,3,4,4,3,4,5,5,4,3,3.85,31,26,FALSE
Female,Loyal Customer,40,Business Travel,Business,952,4,4,4,4,4,5,4,5,5,5,5,5,4,4.46,0,0,TRUE
Female,Loyal Customer,18,Personal Travel,Business,594,1,4,1,2,2,1,2,2,3,2,1,3,2,2,1,0,FALSE
Female,Loyal Customer,64,Personal Travel,Eco,628,3,4,2,3,4,4,4,2,2,2,2,1,2,2.69,41,96,FALSE
Female,Loyal Customer,20,Personal Travel,Eco Plus,391,2,5,2,3,2,2,2,2,1,5,5,1,2,2.62,48,33,FALSE
Male,Loyal Customer,33,Personal Travel,Eco,163,3,5,0,4,3,0,3,3,3,4,5,1,3,2.85,0,2,FALSE
Male,Loyal Customer,41,Business Travel,Eco,240,4,3,3,3,4,4,4,4,5,2,3,3,4,3.54,0,0,TRUE
Female,Disloyal Customer,22,Business Travel,Eco,644,4,0,4,2,2,4,4,2,3,2,5,4,2,2.92,0,0,TRUE
Female,Loyal Customer,58,Business Travel,Business,228,4,4,4,4,1,4,4,4,4,5,4,2,4,3.69,0,0,TRUE
Male,Loyal Customer,34,Personal Travel,Business,533,2,4,2,1,5,4,4,1,1,2,1,4,4,2.69,0,0,FALSE
Female,Loyal Customer,35,Business Travel,Eco,1504,4,3,5,3,4,4,4,4,5,5,1,3,4,3.77,23,11,TRUE
Female,Disloyal Customer,40,Business Travel,Business,359,3,4,4,1,5,4,5,5,4,5,4,4,5,4.08,35,30,FALSE
Male,Disloyal Customer,25,Business Travel,Eco,257,2,0,2,3,3,2,3,3,2,1,1,1,3,2,10,2,FALSE
Male,Disloyal Customer,37,Business Travel,Business,1096,3,3,3,2,5,3,5,5,3,2,4,4,5,3.62,0,0,FALSE
Male,Loyal Customer,47,Business Travel,Eco,1035,4,2,2,2,4,4,4,4,4,3,3,2,4,3.23,0,0,TRUE
Male,Loyal Customer,39,Business Travel,Eco,402,1,5,5,5,1,1,1,1,4,3,3,1,1,2.46,0,21,FALSE
Female,Loyal Customer,39,Business Travel,Business,3315,2,3,2,2,2,3,5,4,4,4,3,1,4,3,0,0,TRUE
Female,Loyal Customer,19,Personal Travel,Eco,236,3,5,3,4,3,3,3,3,4,5,5,5,3,3.77,0,0,FALSE
Male,Loyal Customer,64,Personal Travel,Eco,1452,3,1,3,3,4,3,4,4,2,2,3,2,4,2.92,6,0,FALSE
Female,Loyal Customer,62,Business Travel,Business,175,4,4,4,4,2,5,4,5,5,5,4,4,4,4.15,1,10,TRUE
Female,Disloyal Customer,28,Business Travel,Business,1192,5,5,5,2,3,5,3,3,4,3,4,3,3,3.69,0,0,TRUE
Female,Loyal Customer,15,Business Travel,Business,1652,2,5,5,5,2,2,2,2,1,4,2,1,2,2.69,0,0,FALSE
Male,Loyal Customer,45,Business Travel,Eco,883,2,5,5,5,2,2,2,2,1,2,4,3,2,2.85,22,30,FALSE
Female,Loyal Customer,48,Business Travel,Business,2584,5,5,5,5,3,4,4,5,5,5,5,3,3,4.38,20,7,TRUE
Male,Loyal Customer,28,Business Travel,Business,2454,3,3,3,3,5,5,5,3,4,5,4,5,5,4.08,1,0,TRUE
Female,Disloyal Customer,14,Business Travel,Eco,534,4,1,4,3,1,4,5,1,1,3,3,3,1,2.62,55,45,FALSE
Male,Loyal Customer,36,Personal Travel,Eco,349,3,5,3,3,3,3,3,3,2,3,1,1,3,2.77,80,74,FALSE
Female,Loyal Customer,29,Personal Travel,Eco,746,0,3,0,3,5,0,5,5,3,2,3,3,5,2.85,0,0,TRUE
Male,Loyal Customer,57,Personal Travel,Business,456,1,5,1,3,2,4,4,4,4,1,3,3,5,3.08,31,48,FALSE
Male,Loyal Customer,48,Personal Travel,Eco,547,3,5,3,4,2,3,2,2,3,5,5,3,2,3.23,0,0,FALSE
Female,Loyal Customer,47,Business Travel,Business,441,2,2,2,2,2,5,5,5,5,5,5,3,4,3.62,0,14,TRUE
Female,Loyal Customer,68,Personal Travel,Eco,366,2,3,2,1,5,3,4,1,1,2,2,1,3,2.31,0,0,FALSE
Female,Loyal Customer,45,Business Travel,Business,258,4,4,4,4,4,4,4,4,4,4,4,3,5,4,0,0,TRUE
Female,Loyal Customer,56,Personal Travel,Eco Plus,297,3,2,3,3,2,4,3,5,5,3,5,4,1,3.31,56,50,FALSE
Male,Loyal Customer,24,Personal Travel,Eco Plus,1020,2,5,2,1,3,2,3,3,3,1,4,5,3,2.85,0,0,FALSE
Female,Disloyal Customer,47,Business Travel,Eco,106,1,2,1,1,4,1,4,4,1,5,2,3,4,2.54,0,0,FALSE
Male,Loyal Customer,66,Business Travel,Eco,224,1,1,1,1,1,1,1,1,1,3,4,4,1,1.62,0,0,FALSE
Female,Loyal Customer,61,Personal Travel,Eco,377,1,4,5,2,4,4,4,3,3,5,3,5,5,3.69,0,0,FALSE
Male,Loyal Customer,37,Business Travel,Business,3004,4,3,3,3,1,4,4,1,1,1,4,2,4,2.69,0,0,FALSE
Male,Loyal Customer,27,Personal Travel,Eco,427,1,2,1,4,2,1,2,2,3,1,2,3,2,2,0,0,FALSE
Male,Loyal Customer,44,Business Travel,Business,1609,5,5,5,5,5,4,1,4,4,3,4,1,4,3.85,0,0,TRUE
Female,Loyal Customer,41,Business Travel,Business,3837,5,5,5,5,2,4,4,3,3,3,3,3,3,3.69,0,0,TRUE
Female,Loyal Customer,32,Personal Travel,Eco,1754,4,2,4,3,5,4,5,5,4,3,2,1,5,3.62,3,0,FALSE
Male,Loyal Customer,39,Business Travel,Eco,419,2,5,5,5,2,2,2,2,1,3,3,1,2,2.69,0,0,FALSE
Female,Loyal Customer,27,Business Travel,Business,2063,2,2,2,2,4,4,4,4,3,2,2,5,4,3.08,0,9,TRUE
Male,Loyal Customer,39,Business Travel,Business,3720,5,5,5,5,4,4,5,5,5,5,5,5,3,4.69,0,0,TRUE
Male,Loyal Customer,21,Personal Travel,Eco,691,2,5,2,3,3,2,3,3,5,4,5,4,3,3.38,0,3,FALSE
Male,Loyal Customer,40,Personal Travel,Eco,1199,1,1,1,1,1,1,1,1,3,3,2,1,1,1.38,0,8,FALSE
Male,Loyal Customer,50,Business Travel,Business,861,5,5,4,5,5,5,4,4,4,4,4,4,5,4.46,0,0,TRUE
Female,Loyal Customer,62,Personal Travel,Eco,1201,3,2,4,4,1,4,4,3,3,4,3,4,3,3.23,0,0,FALSE
Female,Loyal Customer,34,Personal Travel,Eco,1521,3,3,3,3,2,3,2,2,2,3,5,1,2,2.62,15,10,FALSE
Female,Loyal Customer,40,Business Travel,Eco,678,4,2,2,2,4,4,4,4,1,3,4,3,4,3.15,5,30,FALSE
Male,Loyal Customer,35,Business Travel,Business,2475,5,5,5,5,4,4,4,5,5,4,4,4,4,4.46,40,64,TRUE
Female,Loyal Customer,48,Business Travel,Eco,1069,4,1,1,1,5,2,2,4,4,4,4,2,5,3,36,39,TRUE
Male,Loyal Customer,48,Business Travel,Business,3943,4,4,4,4,5,5,5,5,5,5,5,3,3,4.38,2,0,TRUE
Female,Loyal Customer,45,Business Travel,Business,678,1,1,1,1,5,5,5,4,4,4,4,3,4,3.23,0,0,TRUE
Female,Loyal Customer,52,Business Travel,Eco Plus,817,5,3,3,3,2,4,5,5,5,5,5,5,1,3.92,0,4,TRUE
Female,Disloyal Customer,30,Business Travel,Eco,925,2,3,3,3,1,3,1,1,3,2,3,4,1,2.31,0,0,FALSE
Male,Loyal Customer,48,Business Travel,Eco Plus,740,4,2,2,2,4,4,4,2,1,5,5,4,4,3.31,125,136,TRUE
Male,Loyal Customer,27,Business Travel,Business,782,2,2,2,2,4,4,4,4,3,2,2,5,4,3.08,55,100,TRUE
Male,Loyal Customer,57,Business Travel,Business,1782,1,1,1,1,2,4,4,5,5,5,5,4,3,3.15,0,0,TRUE
Female,Disloyal Customer,39,Business Travel,Business,201,2,2,2,3,1,2,1,1,4,4,3,1,1,2.08,2,0,FALSE
Female,Loyal Customer,59,Personal Travel,Eco,1237,2,5,2,5,3,4,5,4,4,2,1,3,3,3.31,24,12,FALSE
Female,Loyal Customer,51,Business Travel,Business,581,3,3,5,3,3,4,5,2,2,2,2,5,5,3.38,0,0,TRUE
Female,Loyal Customer,49,Business Travel,Eco Plus,842,4,1,4,4,1,5,3,4,4,4,4,3,4,3.46,0,0,TRUE
Female,Loyal Customer,29,Business Travel,Business,2739,1,1,1,1,4,4,4,4,4,3,4,5,4,3.08,0,0,TRUE
Male,Loyal Customer,33,Personal Travel,Eco,196,1,3,1,1,4,1,4,4,3,3,4,1,4,2.62,7,17,FALSE
Female,Loyal Customer,14,Personal Travel,Eco,2277,3,5,3,3,1,3,1,1,3,5,5,3,1,2.85,8,3,FALSE
Male,Disloyal Customer,26,Business Travel,Eco,191,4,0,4,4,3,4,4,3,1,3,4,5,3,3.23,34,28,FALSE
Male,Loyal Customer,41,Business Travel,Business,861,5,5,5,5,3,5,4,4,4,4,4,4,5,4.38,6,0,TRUE
Male,Loyal Customer,36,Business Travel,Business,3204,2,2,2,2,2,3,2,4,4,4,4,4,3,2.92,42,42,TRUE
Female,Loyal Customer,18,Personal Travel,Eco,296,3,3,3,3,4,3,4,4,1,2,3,2,4,3,0,0,FALSE
Male,Loyal Customer,46,Business Travel,Business,2296,3,3,3,3,5,5,5,4,5,5,5,5,5,4.31,3,22,TRUE
Female,Loyal Customer,29,Personal Travel,Eco,682,4,2,3,3,1,3,1,1,1,2,4,4,1,2.31,2,0,FALSE
Female,Loyal Customer,20,Personal Travel,Eco,191,3,5,3,1,3,3,3,3,3,4,4,5,3,3.31,18,10,FALSE
Male,Loyal Customer,45,Business Travel,Business,1389,5,5,3,5,3,5,4,5,5,5,5,3,3,4.31,0,0,TRUE
Female,Loyal Customer,35,Personal Travel,Eco,224,2,4,2,3,1,2,1,1,4,3,5,3,1,2.46,0,0,FALSE
Male,Loyal Customer,42,Business Travel,Business,216,4,4,4,4,1,2,5,4,4,4,5,1,5,3.62,0,0,TRUE
Female,Loyal Customer,61,Business Travel,Business,3880,4,4,4,4,5,5,5,1,1,1,2,5,5,3.54,171,164,TRUE
Male,Disloyal Customer,24,Business Travel,Eco,429,3,4,3,4,2,3,2,2,2,1,4,4,2,2.77,0,0,FALSE
Male,Loyal Customer,39,Business Travel,Business,2211,2,2,2,2,5,5,5,4,4,4,4,4,3,3.54,3,2,TRUE
Male,Loyal Customer,56,Business Travel,Business,2614,2,2,2,2,2,4,2,4,4,5,4,1,3,2.85,0,0,TRUE
Female,Loyal Customer,50,Personal Travel,Eco,328,3,0,5,2,3,4,4,4,4,5,2,4,3,3.31,0,0,FALSE
Male,Loyal Customer,66,Personal Travel,Eco,679,3,4,3,3,2,3,3,2,3,3,4,4,2,3,4,0,FALSE
Male,Disloyal Customer,30,Business Travel,Eco,944,3,3,3,2,2,3,2,2,5,3,4,1,2,2.69,94,73,FALSE
Female,Loyal Customer,60,Business Travel,Business,2979,4,4,4,4,2,4,5,4,4,4,4,4,5,4,36,26,TRUE
Female,Loyal Customer,32,Business Travel,Business,1760,3,3,3,3,5,5,5,5,4,5,4,5,5,4.23,0,0,TRUE
Female,Loyal Customer,42,Personal Travel,Eco,368,4,3,4,5,5,4,4,1,1,4,1,5,4,3.46,0,0,FALSE
Female,Disloyal Customer,27,Business Travel,Business,175,3,2,2,4,3,2,3,3,4,4,5,5,3,3.31,11,7,FALSE
Male,Loyal Customer,59,Business Travel,Business,1734,3,3,4,3,2,4,4,5,5,5,4,3,3,3.69,0,0,TRUE
Male,Loyal Customer,7,Personal Travel,Eco,468,1,5,1,4,5,1,5,5,5,3,5,5,5,3.85,1,0,FALSE
Male,Disloyal Customer,24,Business Travel,Eco,337,4,0,4,3,2,4,2,2,3,4,5,5,2,3.08,23,6,FALSE
Female,Loyal Customer,41,Business Travel,Business,3942,3,3,3,3,2,4,4,4,4,4,4,4,5,3.62,10,7,TRUE
Male,Loyal Customer,40,Business Travel,Business,728,5,5,5,5,2,4,4,5,5,5,5,4,5,4.54,9,18,TRUE
Male,Loyal Customer,58,Personal Travel,Eco,1035,2,1,2,3,3,2,5,3,4,1,3,1,3,2.54,0,0,FALSE
Male,Loyal Customer,34,Business Travel,Business,1732,2,2,2,2,5,4,5,4,4,4,4,3,5,3.54,1,0,TRUE
Male,Disloyal Customer,25,Business Travel,Business,328,4,4,4,2,1,4,1,1,4,5,5,5,1,3.15,0,0,TRUE
Female,Loyal Customer,38,Business Travel,Business,282,2,1,5,1,4,3,4,2,2,2,2,3,4,2.69,94,91,FALSE
Female,Disloyal Customer,22,Business Travel,Eco,854,4,5,5,4,1,5,1,1,1,1,4,2,1,2.69,0,0,FALSE
Male,Loyal Customer,57,Personal Travel,Eco,402,1,4,5,2,1,5,1,1,3,5,4,5,1,2.92,4,2,FALSE
Male,Loyal Customer,14,Personal Travel,Eco,647,4,4,4,3,1,4,1,1,1,1,3,3,1,2.38,4,0,TRUE
Male,Disloyal Customer,15,Business Travel,Eco,845,2,2,2,3,4,2,4,4,2,1,4,1,4,2.69,0,0,FALSE
Male,Loyal Customer,67,Personal Travel,Eco,2504,4,5,4,1,4,4,4,4,5,5,5,4,4,4.08,0,0,TRUE
Male,Loyal Customer,41,Business Travel,Business,2419,4,4,2,4,3,4,5,5,5,5,5,5,4,4.23,0,0,TRUE
Male,Loyal Customer,57,Business Travel,Business,3352,3,2,2,2,1,4,4,3,3,3,3,2,4,2.77,113,129,FALSE
Male,Loyal Customer,40,Business Travel,Business,3388,2,2,2,2,4,5,4,3,3,4,3,4,3,3.15,1,0,TRUE
Male,Loyal Customer,30,Business Travel,Business,1449,1,1,1,1,4,4,4,4,5,4,4,3,4,3.08,2,0,TRUE
Female,Loyal Customer,14,Personal Travel,Eco,545,3,2,3,3,1,3,1,1,4,5,4,3,1,2.62,6,2,FALSE
Female,Loyal Customer,22,Business Travel,Business,432,2,2,2,2,4,4,4,4,3,2,2,5,4,3.08,0,0,TRUE
Female,Loyal Customer,45,Business Travel,Business,972,5,5,5,5,2,4,5,4,4,4,4,3,3,4.08,15,25,TRUE
Male,Loyal Customer,14,Business Travel,Business,1939,1,5,5,5,1,1,1,1,3,3,3,4,1,2.62,89,88,FALSE
Female,Loyal Customer,45,Business Travel,Business,3367,4,4,3,4,3,5,4,4,4,4,4,3,5,3.92,1,0,TRUE
Female,Loyal Customer,15,Business Travel,Business,2419,1,1,1,1,1,1,1,1,1,5,3,3,1,1.62,2,5,FALSE
Male,Loyal Customer,13,Personal Travel,Eco,762,2,3,3,3,3,3,3,3,4,5,3,4,3,3.23,3,33,FALSE
Male,Loyal Customer,39,Business Travel,Business,1832,2,4,4,4,5,3,4,2,2,1,2,1,4,2.92,0,0,FALSE
Male,Loyal Customer,58,Business Travel,Eco Plus,287,5,2,2,2,5,5,5,5,3,4,1,1,5,3.46,0,0,TRUE
Female,Disloyal Customer,12,Business Travel,Eco Plus,837,2,2,2,4,5,2,2,5,2,1,4,3,5,3,5,0,FALSE
Female,Loyal Customer,37,Personal Travel,Eco,1217,2,1,2,3,5,2,5,5,3,2,4,2,5,3.15,3,1,FALSE
Female,Loyal Customer,25,Business Travel,Eco,557,3,5,5,5,3,3,3,3,2,4,3,4,3,3.54,0,0,FALSE
Male,Loyal Customer,20,Business Travel,Business,1607,2,4,4,4,2,2,2,2,1,5,1,2,2,2.54,0,0,FALSE
Male,Disloyal Customer,37,Business Travel,Business,309,2,2,2,4,1,2,1,1,4,3,5,3,1,2.38,0,0,FALSE
Female,Loyal Customer,52,Business Travel,Business,539,2,2,2,2,3,4,4,5,5,4,5,5,3,3.54,0,0,TRUE
Male,Loyal Customer,53,Business Travel,Business,2329,4,4,4,4,2,5,4,5,5,5,5,3,3,4.08,0,0,TRUE
Female,Loyal Customer,47,Personal Travel,Eco,552,3,3,3,4,2,2,5,4,4,3,4,3,1,3.15,108,95,FALSE
Male,Loyal Customer,22,Business Travel,Eco,569,0,5,5,5,0,1,4,0,4,5,3,3,0,2.69,0,0,FALSE
Female,Loyal Customer,16,Personal Travel,Eco,954,3,5,3,2,2,3,2,2,1,5,4,1,2,2.69,0,15,FALSE
Male,Loyal Customer,39,Business Travel,Eco,552,4,5,5,5,4,4,4,4,5,2,1,5,4,4,0,0,TRUE
Female,Loyal Customer,41,Business Travel,Business,3027,2,2,2,2,5,4,4,5,5,5,5,4,5,3.85,0,0,TRUE
Male,Loyal Customer,31,Business Travel,Business,599,4,4,4,4,4,4,4,4,4,4,5,3,4,4,0,0,TRUE
Female,Loyal Customer,30,Business Travel,Eco Plus,153,5,2,4,4,5,5,5,5,4,5,5,5,5,4.54,23,7,TRUE
Male,Loyal Customer,52,Business Travel,Business,882,3,3,3,3,4,4,4,4,4,4,4,3,4,3.62,2,3,TRUE
Male,Loyal Customer,36,Business Travel,Business,2153,2,2,2,2,3,4,5,5,5,5,5,4,4,3.69,0,0,TRUE
Female,Loyal Customer,70,Personal Travel,Eco,602,1,3,1,1,2,4,3,5,5,1,5,1,2,2.62,0,0,FALSE
Female,Disloyal Customer,34,Business Travel,Business,345,4,4,4,2,3,4,3,3,5,2,5,3,3,3.46,29,23,FALSE
Male,Disloyal Customer,24,Business Travel,Eco,1075,5,5,5,3,5,5,5,5,5,5,2,4,5,4.54,3,0,TRUE
Male,Loyal Customer,34,Business Travel,Eco Plus,1709,3,4,4,4,3,3,3,3,4,3,2,2,3,3.15,4,0,FALSE
Male,Loyal Customer,32,Business Travel,Eco Plus,692,0,0,0,2,2,0,2,2,2,3,1,1,2,1.31,0,0,TRUE
Male,Loyal Customer,25,Business Travel,Business,2085,3,2,2,2,3,3,3,3,2,3,3,4,3,2.77,37,32,FALSE
Female,Loyal Customer,30,Personal Travel,Eco,2370,3,4,3,4,2,3,2,2,5,5,4,3,2,3.23,13,0,FALSE
Male,Loyal Customer,50,Business Travel,Business,3195,1,1,4,1,3,4,4,4,4,4,4,4,5,3.31,8,2,TRUE
Male,Disloyal Customer,34,Business Travel,Eco,258,2,2,2,3,2,2,2,2,2,3,4,4,2,2.46,0,0,FALSE
Male,Loyal Customer,28,Personal Travel,Eco,590,4,5,4,3,2,4,2,2,3,4,3,3,2,3.15,0,12,FALSE
Female,Loyal Customer,34,Personal Travel,Eco,967,3,5,3,3,2,3,2,2,5,4,4,4,2,3.23,10,31,FALSE
Male,Loyal Customer,22,Personal Travel,Eco,190,2,5,2,5,3,2,2,3,5,2,5,3,3,3.23,51,44,FALSE
Male,Loyal Customer,20,Personal Travel,Eco,669,1,4,1,3,4,1,4,4,3,5,4,3,4,3.15,0,0,FALSE
Female,Loyal Customer,39,Business Travel,Business,3898,2,2,2,2,3,5,4,4,4,4,4,5,4,3.46,8,0,TRUE
Male,Loyal Customer,37,Business Travel,Business,191,3,3,3,3,4,2,3,3,3,4,3,4,3,3.15,16,5,TRUE
Male,Loyal Customer,28,Personal Travel,Eco,634,3,3,3,4,2,3,2,2,1,3,4,3,2,2.69,0,0,FALSE
Male,Loyal Customer,63,Business Travel,Eco,236,5,3,3,3,5,5,5,5,4,2,4,4,5,4.08,30,23,TRUE
Male,Loyal Customer,51,Business Travel,Business,2565,3,3,4,3,2,4,4,4,4,4,4,3,5,3.62,5,0,TRUE
Male,Disloyal Customer,34,Business Travel,Eco Plus,406,1,1,1,3,4,1,5,4,4,5,3,1,4,2.85,0,0,FALSE
Female,Loyal Customer,59,Business Travel,Business,2239,3,3,3,3,2,4,4,5,5,5,5,4,5,3.92,3,0,TRUE
Female,Loyal Customer,35,Personal Travel,Eco,972,2,1,1,3,3,1,3,3,2,3,3,2,3,2.31,0,3,FALSE
Female,Loyal Customer,48,Personal Travel,Eco,237,4,4,4,4,3,4,4,2,2,4,2,3,3,3.31,0,0,FALSE
Female,Loyal Customer,46,Business Travel,Business,143,5,5,5,5,3,3,2,5,5,5,5,3,5,4.31,25,20,TRUE
Female,Loyal Customer,27,Personal Travel,Eco,1249,1,5,1,3,4,1,4,4,5,2,4,4,4,3.23,0,0,FALSE
Female,Loyal Customer,46,Business Travel,Business,227,4,4,4,4,5,3,5,5,5,5,5,4,1,4.15,0,0,TRUE
Male,Loyal Customer,59,Business Travel,Business,2330,5,5,5,5,2,5,5,2,2,2,2,5,3,3.69,0,0,TRUE
Male,Loyal Customer,53,Business Travel,Business,2577,1,1,1,1,2,4,4,3,3,3,3,5,3,2.62,0,0,TRUE
Female,Disloyal Customer,21,Business Travel,Eco,192,4,4,4,1,4,4,1,4,4,5,4,5,4,3.69,0,0,TRUE
Female,Loyal Customer,35,Business Travel,Eco,1463,4,1,1,1,4,4,4,4,5,2,1,1,4,2.77,0,0,TRUE
Male,Loyal Customer,50,Business Travel,Business,1897,1,1,1,1,5,5,5,5,5,5,5,5,4,3.69,0,0,TRUE
Female,Loyal Customer,57,Business Travel,Business,3142,1,1,1,1,4,4,5,4,4,4,4,4,3,3.08,0,0,TRUE
Male,Loyal Customer,49,Business Travel,Eco,944,1,3,3,3,1,1,1,1,4,4,3,1,1,2.08,15,10,FALSE
Female,Disloyal Customer,38,Business Travel,Business,1276,3,2,2,1,3,2,3,3,4,4,5,3,3,2.92,0,5,FALSE
Female,Loyal Customer,56,Business Travel,Business,1476,4,4,4,4,2,4,5,4,4,4,4,4,5,4,0,13,TRUE
Male,Loyal Customer,58,Personal Travel,Eco,2296,4,5,4,1,3,4,3,3,4,2,3,3,3,3.23,0,0,FALSE
Female,Disloyal Customer,23,Business Travel,Eco Plus,1182,3,2,3,3,5,3,5,5,1,2,4,1,5,3.23,0,7,FALSE
Female,Loyal Customer,67,Personal Travel,Eco,335,3,5,3,2,3,4,4,1,1,3,1,5,4,3,0,0,FALSE
Male,Loyal Customer,29,Business Travel,Business,2521,4,4,4,4,5,5,5,5,4,4,5,4,5,4.46,21,8,TRUE
Female,Loyal Customer,40,Business Travel,Business,2280,1,1,1,1,5,4,5,4,4,4,4,3,3,3.08,12,2,TRUE
Male,Disloyal Customer,38,Business Travel,Eco,710,2,2,2,2,5,2,5,5,2,5,3,1,5,3.15,110,102,FALSE
Male,Loyal Customer,55,Business Travel,Eco,594,4,4,2,4,4,4,4,4,1,1,4,1,4,3.15,0,0,FALSE
Male,Loyal Customer,30,Business Travel,Business,1741,3,3,4,3,4,4,4,4,5,4,5,5,4,4,0,0,TRUE
Male,Disloyal Customer,34,Business Travel,Eco,372,3,4,3,2,4,3,4,4,4,4,4,1,4,3.38,0,0,FALSE
Male,Loyal Customer,36,Business Travel,Eco,547,3,4,1,4,3,3,3,3,2,1,3,1,3,2.62,10,0,FALSE
Male,Loyal Customer,34,Personal Travel,Eco Plus,320,1,3,1,1,5,1,5,5,5,5,2,1,5,3.08,0,0,FALSE
Female,Disloyal Customer,38,Business Travel,Eco,427,1,0,0,3,0,5,4,3,5,4,4,4,4,2.85,179,178,FALSE
Female,Loyal Customer,36,Personal Travel,Eco,771,4,5,4,2,2,4,2,2,3,2,4,4,2,3.08,0,0,FALSE
Male,Loyal Customer,16,Personal Travel,Eco,803,4,1,4,3,4,4,4,4,2,4,2,1,4,3.15,0,0,FALSE
Male,Loyal Customer,42,Business Travel,Business,2369,3,4,4,4,2,4,3,3,3,3,3,4,1,3.15,26,18,FALSE
Male,Loyal Customer,44,Business Travel,Business,748,5,5,5,5,5,1,4,4,4,4,4,2,5,4.08,0,2,TRUE
Female,Loyal Customer,54,Business Travel,Eco,565,2,2,2,2,4,4,4,2,2,2,2,2,4,2.62,6,14,FALSE
Male,Loyal Customer,38,Business Travel,Business,1608,3,1,1,1,5,4,4,3,3,3,3,3,1,2.69,0,0,FALSE
Male,Loyal Customer,67,Personal Travel,Eco,760,3,5,3,1,4,3,4,4,4,2,4,4,4,3.46,0,4,FALSE
Male,Loyal Customer,16,Personal Travel,Eco,1972,5,4,5,1,5,5,5,5,5,5,4,4,5,4.46,0,18,TRUE
Female,Loyal Customer,45,Business Travel,Business,2671,3,3,5,3,2,4,4,4,4,4,4,5,3,3.69,43,57,TRUE
Female,Loyal Customer,28,Personal Travel,Eco,550,3,4,3,4,5,3,5,5,2,4,4,3,5,3.85,0,0,FALSE
Female,Loyal Customer,53,Personal Travel,Eco,767,1,5,1,2,4,5,4,5,5,1,5,5,3,3.54,0,0,FALSE
Female,Loyal Customer,51,Personal Travel,Eco,130,2,5,2,4,5,5,4,1,1,2,1,5,4,3.15,6,0,FALSE
Male,Disloyal Customer,25,Business Travel,Eco,693,2,2,2,3,4,2,4,4,1,2,3,3,4,2.77,0,0,FALSE
Female,Loyal Customer,48,Business Travel,Business,143,4,4,4,4,4,3,4,5,5,5,5,4,5,4.31,7,0,TRUE
Female,Loyal Customer,29,Business Travel,Eco Plus,696,0,0,0,1,4,0,4,4,2,5,3,2,4,2.23,0,0,TRUE
Male,Loyal Customer,58,Personal Travel,Eco,89,2,5,0,3,5,0,5,5,3,1,4,4,5,3.23,0,0,FALSE
Female,Loyal Customer,43,Business Travel,Business,282,1,1,5,1,3,4,4,4,4,4,4,4,3,3.23,0,0,TRUE
Female,Loyal Customer,10,Personal Travel,Eco,436,0,5,0,2,2,0,2,2,3,5,4,4,2,2.38,0,0,TRUE
Male,Loyal Customer,65,Personal Travel,Eco,697,2,1,2,4,3,2,3,3,1,3,4,1,3,2.46,0,3,FALSE
Male,Loyal Customer,41,Business Travel,Business,3610,5,5,5,5,4,5,5,5,5,5,5,5,3,4.77,0,0,TRUE
Female,Loyal Customer,13,Personal Travel,Eco,867,3,3,3,1,4,3,4,4,5,1,4,1,4,3.08,77,70,FALSE
Female,Loyal Customer,57,Business Travel,Business,3660,2,5,5,5,4,3,3,3,3,3,2,2,1,3.15,3,0,FALSE
Male,Disloyal Customer,23,Business Travel,Eco,733,4,3,3,5,1,3,3,1,3,4,5,5,1,3.15,0,0,FALSE
Male,Loyal Customer,32,Personal Travel,Eco Plus,308,3,4,3,3,2,3,2,2,3,2,4,5,2,2.92,8,2,FALSE
Male,Loyal Customer,46,Business Travel,Business,2360,4,4,4,4,4,2,5,5,5,4,5,1,4,3.92,0,5,TRUE
Male,Disloyal Customer,24,Business Travel,Eco,920,4,4,4,3,2,4,2,2,5,4,5,4,2,3.46,59,58,TRUE
Female,Loyal Customer,34,Personal Travel,Eco,374,3,4,5,3,4,5,4,4,5,4,5,5,4,4.23,2,0,FALSE
Male,Loyal Customer,55,Personal Travel,Eco,733,3,3,3,3,1,3,1,1,4,3,4,3,1,2.54,0,0,FALSE
Male,Loyal Customer,34,Business Travel,Business,1346,4,4,4,4,3,5,5,5,5,4,5,4,5,4.38,4,0,TRUE
Female,Loyal Customer,30,Personal Travel,Eco,1846,4,4,4,5,2,4,2,2,4,4,3,5,2,3.46,3,4,FALSE
Male,Disloyal Customer,48,Business Travel,Business,1464,4,5,5,3,4,4,4,4,3,5,4,3,4,4,15,10,TRUE
Male,Loyal Customer,27,Personal Travel,Eco,1616,1,5,1,1,3,1,5,3,3,5,4,5,3,3.08,64,63,FALSE
Male,Loyal Customer,40,Business Travel,Business,1436,3,3,3,3,4,4,5,4,4,4,4,5,3,3.77,10,0,TRUE
Male,Loyal Customer,55,Business Travel,Business,134,4,4,4,4,2,4,4,4,4,4,4,3,4,3.77,0,0,TRUE
Male,Disloyal Customer,25,Business Travel,Eco,435,2,2,2,3,5,2,5,5,3,5,4,1,5,3.38,0,0,FALSE
Female,Loyal Customer,40,Personal Travel,Eco,408,2,5,2,3,5,2,5,5,4,5,4,3,5,3.85,0,5,FALSE
Female,Disloyal Customer,17,Business Travel,Eco,109,1,2,1,4,5,1,5,5,3,4,4,4,5,3.38,59,69,FALSE
Female,Loyal Customer,51,Business Travel,Business,3429,1,1,1,1,2,4,5,4,4,5,4,4,5,3.15,6,0,TRUE
Male,Loyal Customer,25,Business Travel,Eco Plus,991,1,5,5,5,1,1,4,1,3,2,3,3,1,2.69,32,22,FALSE
Female,Loyal Customer,29,Business Travel,Business,859,1,0,0,3,4,0,4,4,3,3,3,1,4,2.31,0,0,FALSE
Male,Loyal Customer,45,Business Travel,Business,2131,0,4,0,2,4,5,5,4,4,4,3,5,4,3.38,25,16,TRUE
Female,Loyal Customer,69,Personal Travel,Eco,621,3,4,3,4,3,5,5,1,1,3,1,3,3,3,0,0,FALSE
Male,Loyal Customer,38,Business Travel,Business,192,4,4,4,4,4,4,4,5,5,5,4,4,3,4.15,0,0,TRUE
Male,Loyal Customer,57,Personal Travel,Eco,175,3,4,3,2,5,3,5,5,3,5,5,4,5,4,0,0,FALSE
Female,Loyal Customer,50,Business Travel,Eco Plus,89,4,4,4,4,3,5,3,3,3,4,3,3,1,3.38,0,0,TRUE
Female,Loyal Customer,49,Personal Travel,Eco,480,4,1,4,1,2,2,1,2,2,4,2,3,1,2.23,2,0,TRUE
Female,Loyal Customer,40,Business Travel,Business,2669,4,4,4,4,3,4,4,5,5,5,5,5,5,4.38,3,0,TRUE
Female,Loyal Customer,43,Business Travel,Business,1310,4,4,4,4,2,4,5,5,5,5,5,4,4,4.23,23,4,TRUE
Male,Loyal Customer,19,Personal Travel,Business,436,1,5,5,3,5,5,5,5,5,4,5,4,5,4.38,0,0,FALSE
Male,Loyal Customer,51,Business Travel,Business,2342,5,5,5,5,2,3,4,5,5,5,5,4,5,4.46,2,15,TRUE
Male,Loyal Customer,40,Business Travel,Business,2139,3,3,3,3,2,3,5,2,2,2,2,4,4,2.92,7,0,TRUE
Male,Disloyal Customer,39,Business Travel,Business,361,3,3,3,5,1,3,1,1,3,3,5,4,1,2.77,0,0,FALSE
Female,Loyal Customer,46,Business Travel,Eco,515,4,5,5,5,3,3,4,4,4,4,4,1,2,3.69,5,6,TRUE
Female,Disloyal Customer,28,Business Travel,Business,1107,2,2,2,3,1,2,1,1,4,2,4,3,1,2.15,0,0,FALSE
Female,Loyal Customer,23,Business Travel,Business,2567,2,4,4,4,2,2,2,2,2,3,3,1,2,2.54,0,0,FALSE
Female,Loyal Customer,47,Business Travel,Business,1547,5,5,5,5,5,4,4,4,4,4,4,4,4,4.38,0,0,TRUE
Female,Disloyal Customer,29,Business Travel,Business,989,2,2,2,3,4,2,4,4,3,2,5,3,4,3.08,0,0,FALSE
Female,Loyal Customer,69,Personal Travel,Eco,2556,2,5,2,3,3,3,4,1,1,2,1,5,3,2.69,0,0,FALSE
Male,Loyal Customer,66,Personal Travel,Eco,783,2,5,2,2,5,2,5,5,3,5,4,5,5,3.85,0,0,FALSE
Female,Loyal Customer,52,Personal Travel,Eco,1747,3,0,2,2,2,4,4,1,1,2,1,4,3,2.23,50,37,FALSE
Female,Loyal Customer,60,Business Travel,Business,1450,3,3,3,3,4,5,5,4,4,4,4,5,5,4,0,0,TRUE
Male,Loyal Customer,19,Personal Travel,Eco,109,3,5,0,1,5,0,5,5,5,1,2,1,5,2.92,86,72,FALSE
Female,Loyal Customer,38,Business Travel,Business,2885,3,1,4,1,5,3,4,3,3,3,3,4,1,2.92,4,8,FALSE
Female,Loyal Customer,21,Personal Travel,Eco,1119,2,4,2,2,5,2,5,5,3,3,5,3,5,3.54,0,15,FALSE
Male,Loyal Customer,39,Business Travel,Business,214,0,4,0,2,3,5,4,3,3,3,3,3,4,2.85,0,0,TRUE
Female,Loyal Customer,48,Business Travel,Business,3635,5,5,5,5,5,5,4,5,5,5,5,3,4,4.69,56,64,TRUE
Male,Loyal Customer,24,Business Travel,Business,1706,2,2,2,2,5,4,5,5,4,5,4,3,5,3.69,0,9,TRUE
Male,Loyal Customer,36,Business Travel,Business,106,5,5,5,5,5,3,4,5,5,5,5,3,2,4.38,89,84,TRUE
Female,Disloyal Customer,27,Business Travel,Business,282,2,2,2,4,4,2,4,4,2,1,3,4,4,2.92,17,28,FALSE
Female,Loyal Customer,48,Business Travel,Business,541,1,1,1,1,4,5,4,4,4,4,4,5,3,3.15,0,0,TRUE
Female,Loyal Customer,44,Personal Travel,Eco,496,3,3,3,4,3,4,3,2,2,3,2,4,4,3.08,0,0,FALSE
Male,Loyal Customer,44,Business Travel,Business,2946,3,2,4,2,2,3,2,3,3,3,3,1,4,2.69,20,3,FALSE
Female,Loyal Customer,43,Business Travel,Business,1666,2,2,2,2,2,5,5,3,3,4,3,4,4,3.15,0,6,TRUE
Female,Loyal Customer,30,Personal Travel,Eco,147,4,5,4,2,1,4,1,1,3,5,4,4,1,3,0,0,TRUE
Male,Loyal Customer,19,Personal Travel,Eco,587,2,4,2,3,4,2,4,4,4,2,4,4,4,3.31,33,39,FALSE
Female,Loyal Customer,30,Business Travel,Business,3350,0,3,0,2,5,5,5,5,4,2,1,1,5,2.92,0,0,TRUE
Male,Disloyal Customer,38,Business Travel,Business,1500,3,3,3,2,4,3,4,4,5,4,4,3,4,3.54,28,25,FALSE
Male,Loyal Customer,32,Personal Travel,Eco,864,3,0,3,3,3,3,3,3,4,5,3,3,3,3,0,0,FALSE
Female,Loyal Customer,62,Business Travel,Business,2808,1,5,3,5,4,3,3,3,3,3,1,3,1,2.92,0,0,FALSE
Male,Disloyal Customer,38,Business Travel,Business,480,4,4,4,1,5,4,5,5,5,5,4,3,5,4.15,0,0,TRUE
Female,Loyal Customer,48,Personal Travel,Eco,460,4,4,4,4,2,4,4,4,4,4,4,2,4,3.69,5,0,TRUE
Male,Loyal Customer,35,Business Travel,Business,2571,3,3,3,3,4,5,5,4,4,4,4,5,5,4,0,0,TRUE
Female,Loyal Customer,59,Business Travel,Business,3063,2,2,2,2,2,3,3,5,5,5,5,3,3,3.23,47,45,TRUE
Male,Disloyal Customer,37,Business Travel,Eco,500,1,4,1,3,1,1,1,1,1,1,3,1,1,1.54,46,42,FALSE
Male,Loyal Customer,38,Business Travel,Eco,569,4,5,5,5,4,4,4,4,1,2,4,1,4,3.62,120,115,FALSE
Female,Loyal Customer,42,Business Travel,Business,2077,3,3,3,3,2,3,2,4,4,4,4,3,3,3.15,0,0,TRUE
Female,Loyal Customer,49,Personal Travel,Eco,937,4,5,4,3,2,5,5,2,2,4,2,5,4,3.62,10,0,TRUE
Female,Loyal Customer,42,Business Travel,Business,1769,3,3,3,3,2,5,5,5,5,5,5,3,4,3.92,0,0,TRUE
Female,Loyal Customer,57,Personal Travel,Eco,189,3,5,3,1,4,4,4,1,1,3,1,5,5,3.08,0,0,FALSE
Female,Disloyal Customer,18,Business Travel,Business,983,4,0,4,3,1,4,1,1,4,3,4,3,1,2.54,5,0,TRUE
Female,Loyal Customer,48,Business Travel,Business,416,3,3,3,3,3,4,5,5,5,5,5,5,4,4.08,0,0,TRUE
Female,Loyal Customer,42,Business Travel,Business,185,2,2,2,2,3,5,5,4,4,4,4,4,4,3.46,0,0,TRUE
Female,Loyal Customer,60,Personal Travel,Eco,125,4,4,4,3,1,3,4,3,3,4,3,3,4,3.31,0,0,FALSE
Female,Loyal Customer,29,Business Travel,Business,3095,2,2,2,2,2,2,2,2,1,3,4,3,2,2.23,0,8,FALSE
Male,Loyal Customer,27,Personal Travel,Eco,679,3,4,3,4,2,3,2,2,3,4,3,2,2,2.85,0,0,FALSE
Male,Loyal Customer,51,Business Travel,Business,1643,1,4,4,4,5,4,3,1,1,1,1,3,1,2.54,0,0,FALSE
Male,Loyal Customer,50,Business Travel,Business,1691,0,0,0,1,5,4,4,3,3,3,3,5,5,2.77,0,0,TRUE
Female,Loyal Customer,10,Personal Travel,Eco Plus,227,1,4,1,2,1,1,1,1,4,4,4,3,1,2.15,39,56,FALSE
Female,Loyal Customer,52,Business Travel,Business,296,5,5,5,5,4,5,4,5,5,5,5,5,5,4.85,0,6,TRUE
Female,Disloyal Customer,25,Personal Travel,Eco,689,1,4,1,1,5,1,5,5,3,5,4,3,5,3.31,24,13,FALSE
Male,Loyal Customer,57,Business Travel,Eco,399,4,4,4,4,4,4,4,4,5,3,4,4,4,4,0,0,TRUE
Female,Loyal Customer,22,Personal Travel,Business,895,3,4,3,5,5,3,5,5,3,3,1,3,5,3.69,0,0,FALSE
Male,Loyal Customer,61,Business Travel,Business,1916,4,4,4,4,4,5,5,4,4,4,4,4,3,4.08,0,0,TRUE
Male,Loyal Customer,62,Business Travel,Business,1044,3,3,3,3,2,4,5,4,4,4,4,3,4,3.54,7,0,TRUE
Male,Disloyal Customer,23,Business Travel,Eco,1377,5,5,5,2,3,5,2,3,4,1,2,2,3,3.23,47,54,TRUE
Female,Disloyal Customer,28,Business Travel,Business,2342,2,2,2,2,2,2,2,2,5,2,4,4,2,2.54,70,31,FALSE
Female,Loyal Customer,10,Personal Travel,Eco,265,3,2,3,2,3,3,3,3,2,5,1,3,3,2.77,0,4,FALSE
Male,Disloyal Customer,36,Business Travel,Business,337,3,3,3,3,5,3,5,5,3,4,4,4,5,3.85,0,0,FALSE
Male,Disloyal Customer,20,Business Travel,Eco,391,3,4,3,4,2,3,2,2,4,3,4,4,2,3.08,32,15,FALSE
Female,Loyal Customer,10,Business Travel,Eco,983,4,5,5,5,4,4,2,4,2,5,4,1,4,3.77,0,8,FALSE
Female,Disloyal Customer,42,Business Travel,Business,308,2,2,2,4,5,2,5,5,3,4,4,3,5,3.54,0,0,TRUE
Male,Loyal Customer,24,Business Travel,Business,3662,5,5,5,5,5,5,5,5,1,2,5,2,5,4.23,0,0,TRUE
Male,Loyal Customer,17,Personal Travel,Eco,599,4,5,4,5,3,4,3,3,1,1,4,1,3,3.15,0,0,FALSE
Female,Loyal Customer,14,Personal Travel,Eco,395,0,3,0,3,4,0,4,4,2,3,3,4,4,2.62,0,0,TRUE
Male,Loyal Customer,31,Personal Travel,Eco,1660,3,4,3,4,1,3,1,1,5,4,4,4,1,2.92,0,13,FALSE
Male,Disloyal Customer,26,Business Travel,Business,359,5,5,5,3,5,5,5,5,4,4,4,3,5,4.46,11,4,TRUE
Male,Loyal Customer,48,Personal Travel,Eco Plus,630,1,1,1,2,4,1,4,4,1,4,2,4,4,2.54,12,22,FALSE
Female,Loyal Customer,27,Personal Travel,Eco,457,3,3,3,4,5,3,5,5,1,1,4,4,5,3.54,4,9,FALSE
Female,Loyal Customer,45,Business Travel,Business,861,2,2,2,2,5,5,4,5,5,5,5,4,5,3.92,8,1,TRUE
Female,Loyal Customer,48,Business Travel,Business,1943,4,4,4,4,5,5,5,5,5,5,5,4,5,4.62,0,24,TRUE
Female,Loyal Customer,29,Personal Travel,Eco,895,5,5,4,2,4,4,4,4,3,5,3,2,4,3.77,2,0,TRUE
Female,Loyal Customer,69,Personal Travel,Eco,491,1,2,1,3,3,2,3,4,4,1,4,4,3,2.69,119,124,FALSE
Male,Loyal Customer,28,Business Travel,Business,2828,3,3,3,3,3,2,3,3,4,5,2,1,3,2.92,10,11,FALSE
Male,Loyal Customer,49,Business Travel,Business,683,4,5,4,4,3,4,4,4,4,4,4,4,3,3.92,0,0,TRUE
Male,Loyal Customer,39,Business Travel,Business,3399,5,4,5,5,5,5,5,4,4,4,4,3,5,4.46,2,0,TRUE
Male,Disloyal Customer,14,Business Travel,Eco,782,1,1,1,3,2,1,1,2,1,3,2,3,2,1.77,0,0,FALSE
Female,Disloyal Customer,33,Business Travel,Eco,577,3,0,3,1,2,3,2,2,4,2,5,1,2,2.31,3,5,FALSE
Male,Loyal Customer,37,Business Travel,Business,712,4,4,4,4,5,5,4,4,4,4,4,5,3,4.15,0,1,TRUE
Male,Loyal Customer,68,Personal Travel,Eco,236,3,3,3,4,2,3,2,2,1,3,5,1,2,2.62,0,0,FALSE
Male,Disloyal Customer,24,Business Travel,Eco,337,1,5,1,3,3,1,3,3,4,2,4,5,3,2.92,0,0,FALSE
Female,Loyal Customer,46,Personal Travel,Eco Plus,2422,2,3,2,2,2,2,2,1,1,3,4,2,2,2.15,92,107,FALSE
Female,Loyal Customer,44,Business Travel,Business,2998,5,4,5,5,5,4,5,4,4,4,4,4,4,4.38,21,15,TRUE
Female,Loyal Customer,56,Personal Travel,Eco Plus,2295,3,5,3,4,4,4,4,2,2,3,2,5,4,3.46,0,13,FALSE
Female,Loyal Customer,50,Personal Travel,Eco Plus,588,2,4,2,5,2,4,5,1,1,2,1,3,5,2.85,0,0,FALSE
Male,Loyal Customer,43,Business Travel,Business,3084,3,3,1,3,3,5,4,4,4,4,4,5,5,3.69,0,0,TRUE
Female,Loyal Customer,57,Personal Travel,Eco,1017,2,5,2,3,3,5,5,2,2,2,2,4,4,3.15,0,0,FALSE
Female,Loyal Customer,27,Business Travel,Eco Plus,859,4,5,5,5,4,4,4,4,1,5,1,4,4,3.85,23,0,TRUE
Female,Loyal Customer,59,Business Travel,Business,1797,3,3,3,3,5,4,5,5,5,4,5,4,4,4.08,8,0,TRUE
Female,Loyal Customer,23,Personal Travel,Eco Plus,528,1,5,1,5,4,1,4,4,5,5,4,5,4,3.69,5,19,FALSE
Male,Loyal Customer,44,Business Travel,Eco,193,2,4,4,4,2,2,2,2,3,5,2,3,2,2.85,0,0,FALSE
Male,Loyal Customer,45,Business Travel,Business,696,5,5,5,5,3,5,4,5,5,5,5,5,3,4.62,56,49,TRUE
Female,Loyal Customer,57,Business Travel,Business,925,2,2,2,2,5,5,5,4,4,5,4,5,3,3.69,0,0,TRUE
Male,Loyal Customer,34,Business Travel,Business,3531,1,1,1,1,3,3,3,1,1,1,1,2,3,1.69,0,0,FALSE
Female,Disloyal Customer,25,Business Travel,Eco,373,3,0,3,2,4,3,4,4,1,5,2,3,4,2.92,7,0,FALSE
Male,Loyal Customer,55,Business Travel,Business,89,1,1,1,1,2,4,3,3,3,4,3,3,2,2.38,49,59,TRUE
Male,Loyal Customer,50,Business Travel,Business,689,1,1,1,1,3,4,4,5,5,5,5,3,4,3.23,93,73,TRUE
Female,Loyal Customer,39,Personal Travel,Eco,152,3,4,3,3,2,3,2,2,4,5,5,3,2,3.15,0,0,FALSE
Female,Disloyal Customer,38,Business Travel,Eco,1024,2,2,2,2,4,2,5,4,4,4,4,4,4,3.31,46,36,FALSE
Male,Loyal Customer,45,Personal Travel,Eco,1235,1,4,1,2,2,1,2,2,4,4,5,5,2,2.69,0,0,FALSE
Male,Loyal Customer,57,Personal Travel,Eco Plus,299,2,4,2,3,5,2,5,5,5,4,4,3,5,3.77,5,9,FALSE
Male,Loyal Customer,47,Business Travel,Business,1220,1,1,1,1,1,1,3,4,4,4,4,4,2,2.38,23,1,TRUE
Female,Disloyal Customer,38,Business Travel,Eco,197,3,3,3,4,5,3,5,5,4,4,3,1,5,3.69,0,0,FALSE
Female,Loyal Customer,38,Business Travel,Business,1992,0,0,0,3,5,2,2,4,4,4,4,1,2,2.38,0,0,TRUE
Female,Loyal Customer,65,Business Travel,Business,241,4,2,2,2,5,3,4,4,4,4,4,3,4,3.46,0,0,FALSE
Male,Disloyal Customer,23,Business Travel,Eco,859,4,4,4,2,4,3,3,4,4,4,4,3,3,3.54,129,133,TRUE
Male,Disloyal Customer,26,Business Travel,Business,762,3,3,3,2,3,3,3,3,5,5,5,5,3,3.54,0,0,FALSE
Male,Loyal Customer,35,Business Travel,Eco Plus,1389,2,3,3,3,2,2,2,2,1,1,4,1,2,2.15,3,0,FALSE
Male,Loyal Customer,25,Business Travel,Business,1258,5,5,5,5,5,5,5,5,3,2,4,3,5,4.38,0,0,TRUE
Male,Loyal Customer,41,Business Travel,Business,519,1,4,4,4,1,4,4,1,1,1,1,4,1,2.38,0,0,FALSE
Male,Disloyal Customer,23,Business Travel,Eco,825,4,4,4,3,4,4,4,3,2,5,4,4,4,3.77,257,246,FALSE
Male,Disloyal Customer,21,Business Travel,Eco,1276,4,4,4,4,2,4,2,2,4,2,4,4,2,3.23,0,0,FALSE
Female,Loyal Customer,49,Personal Travel,Eco Plus,589,1,4,1,1,1,5,5,5,5,1,5,2,3,3,0,0,FALSE
Male,Loyal Customer,34,Business Travel,Business,3744,2,2,2,2,3,4,4,4,4,4,4,3,4,3.23,0,3,TRUE
Male,Loyal Customer,49,Personal Travel,Eco,1773,1,2,1,3,1,1,1,1,1,3,3,4,1,1.77,2,0,FALSE
Female,Disloyal Customer,39,Personal Travel,Eco,481,2,4,2,5,2,2,2,2,2,3,3,5,2,2.77,0,0,FALSE
Female,Loyal Customer,69,Personal Travel,Eco,618,2,4,2,3,3,5,4,5,5,2,5,5,3,3.69,0,0,FALSE
Male,Loyal Customer,34,Business Travel,Business,488,2,2,2,2,3,4,5,5,5,5,5,4,5,3.77,130,114,TRUE
Male,Loyal Customer,9,Personal Travel,Eco,446,4,5,4,5,5,4,5,5,5,2,4,4,5,4.38,45,42,FALSE
Male,Loyal Customer,56,Business Travel,Business,266,1,1,1,1,3,5,4,4,4,4,4,3,4,3,43,44,TRUE
Male,Loyal Customer,56,Personal Travel,Eco,1721,2,5,2,1,2,2,2,2,4,5,4,4,2,2.85,17,30,FALSE
Male,Loyal Customer,37,Business Travel,Business,262,2,4,2,2,5,4,4,5,5,5,5,5,5,4.08,0,9,TRUE
Male,Loyal Customer,47,Business Travel,Business,2582,5,5,5,5,5,5,5,5,5,5,5,5,5,5,1,0,TRUE
Male,Loyal Customer,52,Personal Travel,Eco,395,4,4,4,2,1,4,5,1,5,4,4,4,1,3.31,0,0,FALSE
Male,Loyal Customer,56,Business Travel,Business,337,3,4,4,4,3,3,3,3,3,2,3,1,1,2.85,0,0,FALSE
Male,Loyal Customer,11,Personal Travel,Eco,532,5,1,5,2,2,5,1,2,4,5,3,1,2,2.92,0,0,TRUE
Male,Loyal Customer,21,Personal Travel,Eco,735,1,4,1,1,2,1,2,2,3,3,4,4,2,2.31,83,82,FALSE
Female,Loyal Customer,57,Business Travel,Business,2614,2,2,2,2,5,4,5,4,4,4,4,5,3,3.54,92,63,TRUE
Male,Loyal Customer,50,Personal Travel,Eco,240,1,3,1,4,3,1,3,3,3,2,4,3,3,2.62,0,3,FALSE
Male,Loyal Customer,28,Personal Travel,Eco,602,3,5,3,2,4,3,2,4,3,4,4,4,4,3.46,18,10,FALSE
Male,Loyal Customer,50,Business Travel,Business,3106,4,3,2,3,2,3,4,4,4,4,4,4,4,3.46,0,12,FALSE
Male,Loyal Customer,31,Business Travel,Eco Plus,2248,0,0,0,3,0,3,1,4,2,4,2,1,1,1.62,48,63,TRUE
Male,Loyal Customer,7,Personal Travel,Eco,349,4,5,3,4,3,3,3,3,4,2,4,4,3,3.46,21,100,FALSE
Female,Loyal Customer,35,Business Travel,Eco,173,5,5,5,5,5,5,5,5,3,4,3,2,5,4.38,14,19,TRUE
Male,Disloyal Customer,10,Business Travel,Eco,484,3,3,3,3,4,3,4,4,3,3,4,3,4,3.38,0,0,FALSE
Male,Loyal Customer,31,Personal Travel,Eco,758,3,3,4,4,1,4,1,1,2,2,2,3,1,2.38,15,21,FALSE
Male,Loyal Customer,44,Business Travel,Eco,844,4,4,4,4,4,4,4,4,1,4,1,2,4,3.38,0,0,TRUE
Male,Loyal Customer,46,Business Travel,Business,666,1,1,4,1,4,4,4,2,2,2,2,4,5,2.77,11,0,TRUE
Female,Loyal Customer,60,Personal Travel,Eco Plus,1119,4,5,4,1,2,5,4,1,1,4,1,4,3,3,0,0,FALSE
Male,Disloyal Customer,36,Business Travel,Eco,789,3,3,3,4,5,3,5,5,2,1,1,1,5,3.15,42,32,FALSE
Male,Loyal Customer,25,Business Travel,Business,2648,3,3,3,3,3,3,3,3,1,2,4,1,3,2.69,0,2,TRUE
Male,Loyal Customer,53,Business Travel,Business,226,0,0,0,2,4,4,5,2,2,2,2,5,5,2.54,5,0,TRUE
Female,Loyal Customer,9,Personal Travel,Eco,258,2,4,0,1,1,0,1,1,1,4,1,3,1,1.54,0,0,FALSE
Female,Loyal Customer,42,Personal Travel,Eco,587,4,5,4,3,3,5,4,3,3,4,3,4,3,3.69,5,0,TRUE
Female,Loyal Customer,35,Business Travel,Business,2665,1,1,1,1,2,1,2,4,4,5,4,3,2,2.38,0,,TRUE
Female,Disloyal Customer,21,Business Travel,Eco,164,2,0,2,3,3,2,3,3,4,5,5,2,3,2.85,11,6,FALSE
Female,Disloyal Customer,21,Business Travel,Eco,120,2,0,2,2,2,2,2,2,1,4,5,4,2,2.31,0,0,FALSE
Male,Loyal Customer,31,Personal Travel,Eco,1562,2,3,2,3,1,2,1,1,2,2,4,4,1,2.15,2,0,FALSE
Female,Disloyal Customer,24,Business Travel,Eco,872,1,1,1,4,3,1,3,3,2,4,3,4,3,2.54,0,1,FALSE
Male,Disloyal Customer,40,Business Travel,Eco,777,1,2,2,4,4,2,4,4,3,1,3,1,4,2.69,14,13,FALSE
Male,Loyal Customer,28,Personal Travel,Eco,1995,3,4,3,3,4,3,4,4,4,5,2,1,4,3.38,1,0,FALSE
Male,Loyal Customer,28,Business Travel,Business,587,4,4,4,4,4,4,4,4,1,2,4,2,4,3.46,26,19,FALSE
Female,Disloyal Customer,27,Business Travel,Business,2153,3,3,3,2,1,3,1,1,4,3,5,3,1,2.54,0,6,FALSE
Male,Disloyal Customer,27,Business Travel,Eco,1050,2,2,2,4,5,2,5,5,1,4,1,5,5,3.31,0,0,FALSE
Male,Loyal Customer,47,Business Travel,Business,1676,4,4,5,4,5,4,5,5,5,5,4,5,5,4.62,0,15,TRUE
Male,Loyal Customer,52,Business Travel,Business,3169,2,2,2,2,2,4,5,5,5,5,5,4,3,3.54,23,24,TRUE
Female,Loyal Customer,47,Business Travel,Business,2378,4,4,4,4,2,5,4,5,5,5,5,4,5,4.31,0,8,TRUE
Female,Loyal Customer,36,Business Travel,Business,1695,4,4,5,4,5,2,1,5,5,4,5,2,1,3.62,0,0,TRUE
Female,Loyal Customer,31,Personal Travel,Eco,1028,3,5,2,5,2,1,1,3,5,4,5,1,1,2.92,155,135,FALSE
Female,Loyal Customer,23,Business Travel,Business,429,5,5,5,5,4,4,4,4,3,3,5,4,4,4.23,0,0,TRUE
Female,Loyal Customer,45,Business Travel,Eco,1609,5,4,4,4,3,4,4,5,5,5,5,1,1,3.85,0,13,TRUE
Female,Loyal Customer,18,Business Travel,Business,2620,3,4,4,4,3,3,3,3,1,5,3,3,3,3.23,74,86,FALSE
Female,Loyal Customer,32,Business Travel,Business,2652,3,4,4,4,3,2,3,3,3,3,3,1,3,3,13,9,FALSE
Male,Loyal Customer,45,Personal Travel,Eco,628,1,5,1,1,1,1,1,1,5,4,5,3,1,2.31,7,0,FALSE
Female,Disloyal Customer,24,Business Travel,Eco,1044,5,5,5,3,3,5,3,3,3,5,5,4,3,4,0,6,TRUE
Female,Disloyal Customer,21,Business Travel,Eco,842,4,4,4,2,3,4,3,3,3,2,5,5,3,3.46,42,42,TRUE
Female,Loyal Customer,33,Business Travel,Business,3088,2,1,5,5,3,3,2,2,2,2,2,4,4,2.85,6,15,FALSE
Male,Loyal Customer,45,Business Travel,Business,402,4,4,5,4,4,4,4,4,4,4,4,4,3,4,0,0,TRUE
Female,Loyal Customer,40,Personal Travel,Eco,447,3,4,3,1,1,3,1,1,2,4,5,3,1,2.46,0,0,FALSE
Female,Loyal Customer,21,Personal Travel,Eco,1056,0,4,0,2,5,0,5,5,2,1,3,3,5,2.69,0,0,TRUE
Male,Disloyal Customer,37,Business Travel,Eco,253,3,0,3,3,2,3,2,2,1,3,2,4,2,2.31,0,0,FALSE
Female,Disloyal Customer,36,Business Travel,Eco,326,3,1,3,4,3,3,4,3,4,4,3,4,3,3.23,13,49,FALSE
Female,Loyal Customer,42,Business Travel,Business,1803,2,2,2,2,2,4,4,5,5,5,5,3,4,3.46,4,0,TRUE
Male,Loyal Customer,12,Personal Travel,Eco,1011,2,4,1,1,5,1,5,5,2,4,2,5,5,3.23,0,0,FALSE
Male,Loyal Customer,48,Business Travel,Business,3008,2,5,2,2,2,5,4,4,4,5,4,4,3,3.54,1,24,TRUE
Male,Loyal Customer,56,Business Travel,Business,641,3,3,4,3,4,4,4,3,3,3,3,3,5,3.46,4,0,TRUE
Female,Loyal Customer,59,Personal Travel,Eco,570,5,5,5,4,2,5,4,1,1,5,1,5,4,3.62,0,0,TRUE
Female,Disloyal Customer,21,Business Travel,Eco Plus,328,3,4,3,4,5,3,5,5,3,3,3,3,5,3.77,28,18,FALSE
Female,Loyal Customer,42,Personal Travel,Eco,888,1,4,1,1,2,1,4,3,3,1,3,4,5,2.54,1,6,FALSE
Female,Loyal Customer,18,Personal Travel,Eco,3784,3,5,3,3,3,2,5,5,2,5,4,5,5,3.85,0,0,FALSE
Female,Disloyal Customer,39,Business Travel,Business,152,1,1,1,1,2,1,2,2,4,4,5,5,2,2.38,0,0,FALSE
Male,Loyal Customer,9,Personal Travel,Eco,1187,1,5,1,4,1,1,1,1,3,5,4,4,1,2.46,12,18,FALSE
Female,Loyal Customer,19,Business Travel,Eco Plus,481,4,2,2,2,4,5,5,4,5,3,5,5,4,3.85,13,3,TRUE
Female,Loyal Customer,28,Business Travel,Eco,1032,5,5,5,5,5,5,5,5,1,5,2,4,5,4.38,0,11,TRUE
Male,Loyal Customer,49,Business Travel,Business,859,5,5,3,5,3,4,5,5,5,5,5,4,4,4.46,0,0,TRUE
Male,Loyal Customer,54,Business Travel,Business,386,2,2,2,2,3,5,4,2,2,2,2,5,4,2.85,24,22,TRUE
Male,Loyal Customer,47,Business Travel,Business,1195,3,5,5,5,1,2,2,3,3,3,3,1,1,2.85,10,0,FALSE
Male,Loyal Customer,61,Business Travel,Eco,295,2,1,1,1,2,2,2,2,1,2,4,2,2,1.85,0,0,FALSE
Female,Loyal Customer,36,Business Travel,Business,541,4,4,4,4,2,4,4,4,4,4,4,3,3,3.69,0,0,TRUE
Male,Loyal Customer,64,Personal Travel,Eco,1849,2,3,2,3,3,2,3,3,4,4,2,3,3,2.85,0,0,FALSE
Female,Loyal Customer,28,Business Travel,Business,2721,3,3,4,3,2,2,2,2,3,5,1,3,2,2.69,0,0,TRUE
Male,Loyal Customer,50,Personal Travel,Eco Plus,961,1,5,1,4,3,1,3,3,3,2,5,4,3,2.92,3,7,FALSE
Female,Disloyal Customer,21,Business Travel,Eco,594,4,5,3,3,1,3,1,1,4,3,4,5,1,2.92,0,0,FALSE
Female,Loyal Customer,29,Personal Travel,Eco,289,4,5,4,3,5,4,5,5,3,3,4,3,5,4.08,67,53,FALSE
Female,Loyal Customer,25,Personal Travel,Eco,406,2,4,2,3,2,2,4,2,4,5,4,3,2,3,0,7,FALSE
Female,Disloyal Customer,23,Business Travel,Eco Plus,269,2,4,2,4,3,2,3,3,1,4,3,1,3,2.69,0,11,FALSE
Female,Loyal Customer,10,Personal Travel,Eco Plus,1076,2,3,2,4,5,2,3,5,1,4,3,2,5,3.15,0,10,FALSE
Male,Loyal Customer,53,Business Travel,Business,569,3,3,3,3,3,4,5,4,4,4,4,5,5,3.85,18,14,TRUE
Male,Disloyal Customer,36,Business Travel,Eco,204,3,2,3,4,4,3,4,4,3,3,4,1,4,3.23,0,0,FALSE
Male,Loyal Customer,41,Business Travel,Business,1789,3,3,2,3,5,5,4,3,3,3,3,4,4,3.46,0,0,TRUE
Female,Loyal Customer,39,Personal Travel,Eco,1010,5,5,5,4,2,5,2,2,5,5,3,2,2,3.62,0,0,TRUE
Male,Loyal Customer,51,Business Travel,Business,3179,4,4,4,4,3,5,4,4,4,4,4,4,3,3.92,0,0,TRUE
Male,Loyal Customer,67,Personal Travel,Eco,726,3,5,4,2,5,4,5,5,4,3,5,3,5,4.08,0,0,FALSE
Male,Loyal Customer,57,Business Travel,Eco,694,5,3,3,3,5,5,5,5,3,3,2,4,5,3.92,0,0,TRUE
Male,Loyal Customer,58,Business Travel,Eco,129,4,2,2,2,4,4,4,4,1,3,4,5,4,3.31,0,1,TRUE
Male,Loyal Customer,41,Business Travel,Eco,402,3,5,5,5,3,3,3,3,1,3,4,2,3,3.31,15,27,FALSE
Male,Loyal Customer,49,Personal Travel,Eco,872,3,0,3,1,5,3,5,5,3,4,3,5,5,3.46,10,15,FALSE
Female,Loyal Customer,43,Business Travel,Business,802,1,5,5,5,1,3,3,1,1,1,1,4,1,2.46,0,1,FALSE
Female,Loyal Customer,27,Business Travel,Business,3875,0,5,0,1,5,2,2,5,3,4,4,2,5,2.92,60,47,TRUE
Female,Loyal Customer,38,Personal Travel,Eco,594,3,5,3,5,3,3,1,3,4,3,3,5,3,3.38,0,2,FALSE
Female,Loyal Customer,11,Personal Travel,Eco,1192,4,5,4,4,2,4,2,2,5,4,4,4,2,3.54,5,0,FALSE
Female,Disloyal Customer,17,Business Travel,Eco,581,1,2,1,3,1,1,1,1,1,3,3,4,1,1.77,0,12,FALSE
Male,Loyal Customer,24,Business Travel,Business,3902,2,2,2,2,3,4,3,3,5,3,4,3,3,3,2,4,TRUE
Male,Loyal Customer,48,Business Travel,Eco,417,3,1,1,1,3,3,3,3,1,5,4,2,3,2.54,4,1,FALSE
Female,Loyal Customer,54,Business Travel,Eco,370,2,1,1,1,5,3,4,2,2,2,2,2,4,2.38,38,46,FALSE
Male,Loyal Customer,10,Personal Travel,Eco,2556,3,2,3,3,3,5,5,2,1,3,3,5,5,3.31,0,20,FALSE
Female,Disloyal Customer,58,Business Travel,Business,399,4,4,4,4,1,4,1,1,3,5,4,3,1,3,66,69,TRUE
Female,Loyal Customer,51,Personal Travel,Eco,925,1,4,1,5,5,5,4,3,3,1,3,4,4,3.31,27,28,FALSE
Female,Loyal Customer,20,Personal Travel,Eco,1497,4,4,4,1,3,4,1,3,1,2,5,3,3,2.92,0,0,TRUE
Female,Loyal Customer,48,Business Travel,Business,2858,3,3,3,3,4,4,5,4,4,5,4,3,4,3.77,2,0,TRUE
Male,Loyal Customer,41,Business Travel,Business,2730,5,5,5,5,3,4,4,5,5,5,5,5,3,4.54,0,0,TRUE
Female,Loyal Customer,22,Business Travel,Business,1724,3,4,4,4,3,3,3,3,3,3,3,1,3,3.08,1,0,FALSE
Male,Loyal Customer,15,Personal Travel,Eco,667,4,2,4,3,3,4,3,3,4,4,3,4,3,3.38,0,4,FALSE
Male,Loyal Customer,36,Personal Travel,Eco,187,2,5,2,2,4,2,5,4,5,3,5,4,4,3.62,74,90,FALSE
Male,Loyal Customer,42,Business Travel,Business,3272,2,2,2,2,5,5,5,2,2,2,2,3,3,2.85,104,97,TRUE
Male,Loyal Customer,21,Personal Travel,Eco,1482,2,3,2,3,1,2,1,1,4,1,4,5,1,2.31,50,43,FALSE
Male,Loyal Customer,39,Business Travel,Business,460,4,3,4,4,4,4,4,4,4,4,4,3,5,3.92,43,41,TRUE
Female,Loyal Customer,46,Business Travel,Business,746,5,5,5,5,2,4,4,4,4,4,4,4,4,4.15,0,0,TRUE
Male,Loyal Customer,56,Personal Travel,Eco,366,3,4,3,4,4,3,4,4,5,2,3,2,4,3.46,0,0,FALSE
Male,Disloyal Customer,35,Business Travel,Eco,1049,3,3,3,3,2,3,5,2,3,5,2,1,2,2.85,0,0,FALSE
Female,Loyal Customer,8,Personal Travel,Eco,612,1,5,1,3,3,1,3,3,4,5,4,3,3,3,113,101,FALSE
Female,Loyal Customer,58,Business Travel,Business,3403,2,2,2,2,5,4,4,4,4,5,4,4,4,3.54,26,7,TRUE
Female,Loyal Customer,56,Business Travel,Eco,337,2,2,2,2,3,3,3,2,2,2,2,2,1,2.15,64,52,FALSE
Male,Loyal Customer,51,Business Travel,Eco,731,5,3,3,3,5,5,5,5,4,2,1,4,5,3.85,0,0,TRUE
Female,Disloyal Customer,37,Business Travel,Business,334,4,4,4,1,5,4,5,5,5,5,5,3,5,4.23,7,0,TRUE
Female,Disloyal Customer,33,Business Travel,Business,187,3,3,3,2,2,3,2,2,3,4,5,3,2,2.85,0,0,FALSE
Male,Loyal Customer,28,Personal Travel,Eco,472,4,4,4,5,2,4,2,2,3,2,5,4,2,3.31,28,30,FALSE
Female,Loyal Customer,35,Personal Travel,Eco,1235,1,4,1,3,4,1,4,4,4,4,4,5,4,3.31,0,19,FALSE
Female,Loyal Customer,51,Personal Travel,Eco,1154,3,4,3,4,2,5,4,4,4,3,4,5,5,3.85,0,3,FALSE
Male,Loyal Customer,44,Business Travel,Business,447,1,4,1,1,4,5,5,4,4,4,4,5,4,3.54,0,0,TRUE
Male,Disloyal Customer,25,Business Travel,Business,204,4,0,4,1,1,4,1,1,4,5,5,4,1,2.69,0,0,TRUE
Female,Disloyal Customer,29,Business Travel,Eco,1033,3,3,3,4,3,3,3,3,4,3,2,2,3,3,0,0,FALSE
Male,Loyal Customer,68,Personal Travel,Eco,109,2,2,2,3,5,2,5,5,3,4,3,2,5,3.31,0,0,FALSE
Male,Disloyal Customer,19,Business Travel,Eco,612,4,0,4,4,5,4,5,5,4,2,4,5,5,3.92,80,68,TRUE
Male,Loyal Customer,75,Business Travel,Business,109,1,1,1,1,4,4,4,4,4,4,5,4,5,3.23,6,2,TRUE
Male,Loyal Customer,45,Personal Travel,Eco,299,5,4,5,4,1,5,1,1,4,5,4,3,1,3.31,0,0,TRUE
Male,Loyal Customer,24,Personal Travel,Eco,229,3,5,3,4,3,3,3,3,3,5,4,3,3,3.46,0,0,FALSE
Female,Disloyal Customer,25,Business Travel,Eco Plus,1069,3,0,3,5,3,3,3,3,5,3,2,4,3,3.08,0,0,FALSE
Female,Loyal Customer,27,Personal Travel,Eco,1013,2,1,2,2,4,2,1,4,2,2,3,1,4,2.31,30,24,FALSE
Male,Disloyal Customer,28,Business Travel,Eco,1137,3,3,3,3,2,3,2,2,1,2,3,1,2,2.31,15,11,FALSE
Female,Loyal Customer,40,Business Travel,Eco,867,4,4,4,4,4,4,4,4,3,2,2,2,4,3.46,0,0,FALSE
Male,Loyal Customer,64,Business Travel,Eco,1197,3,2,2,2,4,3,4,4,1,5,4,1,4,3,2,0,FALSE
Female,Loyal Customer,29,Personal Travel,Eco,1076,3,4,3,3,2,3,5,2,4,2,4,4,2,3.15,8,0,FALSE
Female,Loyal Customer,39,Business Travel,Eco,447,4,5,5,5,4,4,4,4,2,3,4,3,4,3.92,0,0,FALSE
Male,Disloyal Customer,25,Business Travel,Eco,911,4,4,4,3,3,4,3,3,1,5,4,2,3,3.31,28,39,TRUE
Female,Disloyal Customer,53,Personal Travel,Eco,235,1,3,1,4,4,1,2,4,4,3,4,1,4,2.77,0,7,FALSE
Male,Loyal Customer,53,Business Travel,Eco,632,1,3,5,3,1,1,1,1,1,4,2,2,1,2,5,0,FALSE
Female,Disloyal Customer,21,Business Travel,Eco,1171,2,2,2,1,5,2,5,5,4,4,4,4,5,3.46,0,0,FALSE
Female,Disloyal Customer,31,Business Travel,Eco,1023,2,2,2,4,3,2,3,3,2,1,4,2,3,2.54,0,0,FALSE
Male,Loyal Customer,53,Personal Travel,Eco,639,1,4,1,2,3,1,3,3,5,3,4,5,3,2.92,5,0,FALSE
Female,Disloyal Customer,23,Business Travel,Eco,1138,3,3,3,1,3,3,3,3,3,5,4,4,3,3.15,0,0,TRUE
Female,Loyal Customer,49,Business Travel,Eco,594,2,2,2,2,5,4,4,2,2,2,2,1,4,2.62,0,0,FALSE
Female,Disloyal Customer,22,Business Travel,Eco,530,1,2,1,3,4,1,4,4,1,3,3,2,4,2.54,128,121,FALSE
Female,Loyal Customer,36,Personal Travel,Eco Plus,1670,4,5,4,4,3,4,3,3,4,2,5,4,3,3.69,0,0,FALSE
Female,Loyal Customer,37,Business Travel,Business,1940,2,2,2,2,2,4,4,4,4,4,4,5,3,3.23,0,0,TRUE
Male,Loyal Customer,35,Business Travel,Eco Plus,1134,2,1,1,1,2,2,2,2,2,5,4,1,2,2.08,44,36,FALSE
Female,Disloyal Customer,43,Business Travel,Eco,174,1,0,1,3,1,1,1,1,3,1,2,1,1,1.31,7,7,FALSE
Female,Loyal Customer,54,Business Travel,Business,2851,1,1,1,1,3,2,2,5,5,5,5,1,1,2.54,0,0,TRUE
Female,Loyal Customer,38,Business Travel,Business,1530,2,2,2,2,4,5,5,5,5,5,5,5,4,3.92,0,0,TRUE
Female,Loyal Customer,52,Personal Travel,Eco,304,2,1,2,1,5,2,2,1,1,2,2,3,4,2.15,13,5,FALSE
Male,Loyal Customer,43,Personal Travel,Eco,1399,2,4,2,3,2,2,2,2,5,2,5,5,2,2.92,40,32,FALSE
Female,Loyal Customer,32,Personal Travel,Eco,1709,3,4,3,4,5,3,2,5,2,1,3,4,5,3.38,19,37,FALSE
Male,Loyal Customer,54,Personal Travel,Eco,183,2,5,2,2,1,2,4,1,4,4,3,5,1,2.77,0,0,FALSE
Female,Loyal Customer,48,Personal Travel,Eco,1069,3,4,3,3,4,4,4,3,3,3,3,5,4,3.54,43,24,FALSE
Male,Disloyal Customer,27,Business Travel,Eco,1106,4,4,4,1,2,4,2,2,4,2,3,2,2,2.77,0,0,FALSE
Female,Loyal Customer,56,Business Travel,Business,1390,4,4,4,4,5,5,5,5,5,5,5,5,4,4.62,2,0,TRUE
Female,Loyal Customer,16,Personal Travel,Eco,1246,2,4,2,5,2,2,3,2,4,5,4,3,2,3.08,0,0,FALSE
Male,Loyal Customer,30,Personal Travel,Eco,370,3,5,3,3,1,3,1,1,4,3,2,5,1,2.69,60,56,FALSE
Female,Loyal Customer,42,Business Travel,Business,501,2,3,4,4,3,4,4,2,2,2,2,4,3,3,0,0,FALSE
Female,Loyal Customer,38,Personal Travel,Eco,376,2,5,2,3,3,2,3,3,3,2,5,4,3,3.08,65,58,FALSE
Female,Loyal Customer,51,Business Travel,Business,3111,0,0,0,1,3,5,4,2,2,2,2,5,4,2.31,0,5,TRUE
Male,Loyal Customer,57,Business Travel,Eco,226,2,2,3,2,2,2,2,2,2,5,3,3,2,2.46,10,25,FALSE
Female,Loyal Customer,49,Business Travel,Business,2567,2,5,5,5,1,2,3,2,2,2,2,3,1,2.69,45,40,FALSE
Female,Loyal Customer,21,Personal Travel,Eco,1061,4,4,4,4,3,4,3,3,5,5,5,3,3,3.85,0,0,FALSE
Male,Disloyal Customer,39,Business Travel,Business,992,2,2,2,3,5,2,5,5,4,3,4,3,5,3.46,13,0,FALSE
Male,Loyal Customer,66,Personal Travel,Eco,1121,3,5,3,5,2,3,4,2,4,3,5,5,2,3.54,13,6,FALSE
Male,Loyal Customer,15,Personal Travel,Eco,2475,1,3,1,2,1,3,5,3,5,2,5,5,5,3.15,0,0,FALSE
Male,Loyal Customer,45,Business Travel,Eco,84,1,4,4,4,2,1,2,2,2,3,3,2,2,2.46,41,53,FALSE
Female,Loyal Customer,60,Business Travel,Business,1538,4,4,4,4,5,5,5,5,5,4,5,5,5,4.62,0,0,TRUE
Female,Loyal Customer,44,Business Travel,Business,2439,1,1,1,1,3,5,4,4,4,4,4,5,4,3.15,0,0,TRUE
Female,Loyal Customer,51,Personal Travel,Eco,228,2,4,0,4,5,5,4,3,3,0,3,5,5,3.31,0,0,FALSE
Female,Loyal Customer,27,Personal Travel,Eco Plus,1033,3,4,2,3,5,2,5,5,3,4,4,3,5,3.69,6,3,FALSE
Female,Loyal Customer,27,Business Travel,Business,2165,4,4,4,4,4,4,4,4,4,4,3,3,4,3.85,16,52,FALSE
Male,Loyal Customer,40,Business Travel,Business,406,3,3,3,3,5,4,4,5,5,5,5,5,4,4.15,7,0,TRUE
Male,Loyal Customer,24,Personal Travel,Eco,1892,4,5,3,2,2,3,1,2,5,1,2,4,2,2.77,0,0,FALSE
Female,Loyal Customer,11,Personal Travel,Eco,1744,2,5,2,2,5,2,5,5,3,5,4,4,5,3.77,0,0,FALSE
Male,Loyal Customer,27,Business Travel,Business,1597,5,5,5,5,5,5,5,5,5,3,5,4,5,4.77,0,0,TRUE
Male,Loyal Customer,63,Personal Travel,Eco Plus,1045,1,5,1,1,3,1,4,3,5,1,3,4,3,2.69,0,0,FALSE
Male,Disloyal Customer,23,Business Travel,Eco,831,0,0,0,3,1,0,1,1,4,5,4,4,1,1.85,0,8,TRUE
Male,Loyal Customer,34,Business Travel,Eco Plus,350,5,3,3,3,5,5,5,5,4,5,5,3,5,4.31,0,0,TRUE
Female,Loyal Customer,38,Business Travel,Business,192,2,4,4,4,2,4,4,3,3,3,2,2,4,3.15,24,11,FALSE
Female,Loyal Customer,40,Business Travel,Business,2173,1,1,1,1,4,4,4,3,4,4,5,4,4,3.08,225,213,TRUE
Female,Loyal Customer,27,Business Travel,Eco,1481,2,3,3,3,2,2,2,2,1,3,2,2,2,2.23,0,0,FALSE
Male,Disloyal Customer,37,Business Travel,Eco,639,4,0,4,3,4,4,4,4,2,4,3,4,4,3.38,117,113,TRUE
Male,Disloyal Customer,35,Business Travel,Eco,102,4,0,4,3,5,4,5,5,1,5,4,1,5,3.54,0,0,FALSE
Female,Loyal Customer,32,Personal Travel,Eco,255,2,5,2,3,4,2,4,4,1,1,1,4,4,2.85,0,0,FALSE
Female,Loyal Customer,33,Personal Travel,Eco,997,1,4,1,1,4,1,4,4,4,5,4,5,4,3.23,0,13,FALSE
Male,Loyal Customer,46,Business Travel,Eco,696,2,3,3,3,2,2,2,2,2,1,4,1,2,2.23,8,11,FALSE
Female,Disloyal Customer,32,Business Travel,Business,284,2,2,2,2,4,2,2,4,3,3,4,5,4,3,0,3,FALSE
Female,Disloyal Customer,22,Business Travel,Eco,223,3,4,4,2,1,4,1,1,3,3,5,4,1,2.77,0,2,FALSE
Male,Loyal Customer,11,Personal Travel,Eco,773,1,1,2,1,5,2,1,5,1,4,1,2,5,2.38,0,1,FALSE
Female,Loyal Customer,9,Personal Travel,Eco,2611,3,2,3,3,2,3,2,2,1,2,3,4,2,2.46,62,75,FALSE
Male,Loyal Customer,43,Business Travel,Eco,956,4,4,4,4,4,4,4,4,3,1,2,1,4,3.31,0,0,TRUE
Male,Loyal Customer,23,Business Travel,Business,1744,1,1,2,1,3,3,3,3,4,5,3,4,3,2.77,0,23,TRUE
Female,Loyal Customer,51,Business Travel,Business,3549,2,2,3,2,5,5,5,3,3,4,4,5,4,3.62,0,0,TRUE
Male,Loyal Customer,47,Business Travel,Eco Plus,1010,3,1,1,1,4,3,4,4,2,5,3,3,4,2.92,16,19,FALSE
Female,Loyal Customer,38,Business Travel,Business,2142,2,5,5,5,2,3,3,2,2,2,2,1,1,2.69,9,7,FALSE
Female,Loyal Customer,35,Personal Travel,Eco,152,4,5,0,1,5,0,5,5,3,4,4,4,5,3.46,0,0,FALSE
Male,Loyal Customer,49,Personal Travel,Eco,646,2,5,2,1,2,2,2,2,4,3,5,5,2,2.85,3,15,FALSE
Female,Loyal Customer,49,Business Travel,Business,2889,3,3,3,3,5,4,5,4,4,4,5,4,3,3.85,18,18,TRUE
Male,Loyal Customer,12,Personal Travel,Eco,283,3,1,3,1,2,3,2,2,3,3,2,4,2,2.38,0,0,FALSE
Male,Loyal Customer,47,Business Travel,Business,1562,4,4,4,4,4,5,5,5,5,5,4,4,3,4.31,18,14,TRUE
Female,Loyal Customer,50,Business Travel,Business,2686,5,5,5,5,5,3,4,4,4,4,4,5,1,4.15,0,0,TRUE
Male,Loyal Customer,35,Business Travel,Business,3345,1,1,1,1,2,5,1,4,4,4,5,3,1,2.54,0,0,TRUE
Female,Disloyal Customer,21,Business Travel,Eco,1139,5,5,5,3,5,5,5,5,5,3,5,5,5,4.69,0,0,TRUE
Male,Loyal Customer,41,Business Travel,Business,795,3,3,3,3,4,5,4,5,5,5,5,4,3,4,8,3,TRUE
Female,Disloyal Customer,44,Business Travel,Eco,1088,1,0,0,4,2,0,2,2,4,5,4,1,2,2.08,6,12,FALSE
Male,Loyal Customer,65,Business Travel,Business,562,1,1,1,1,4,4,4,4,4,4,4,4,3,3,0,0,TRUE
Male,Disloyal Customer,24,Business Travel,Eco,1338,3,3,3,3,3,3,3,3,1,4,3,4,3,3,7,15,FALSE
Male,Disloyal Customer,26,Business Travel,Eco,551,2,4,3,3,4,3,4,4,2,3,3,4,4,3.31,0,0,FALSE
Female,Disloyal Customer,24,Business Travel,Eco,1038,2,2,2,3,2,2,2,2,3,3,5,1,2,2.38,1,0,FALSE
Male,Loyal Customer,36,Business Travel,Business,2475,2,2,3,2,3,5,4,3,3,4,3,3,3,3.08,3,16,TRUE
Male,Loyal Customer,42,Business Travel,Business,737,2,2,2,2,4,5,5,4,4,4,4,5,5,3.69,0,0,TRUE
Male,Disloyal Customer,25,Business Travel,Business,197,3,0,3,1,3,3,3,3,5,4,5,3,3,3,0,0,FALSE
Female,Loyal Customer,58,Business Travel,Business,362,5,5,5,5,5,4,4,4,4,4,4,3,5,4.38,34,24,TRUE
Male,Loyal Customer,42,Business Travel,Business,930,2,2,2,2,3,4,5,3,3,3,3,3,4,3,0,0,TRUE
Male,Loyal Customer,11,Personal Travel,Business,223,1,5,0,1,3,0,3,3,4,3,4,5,3,2.69,47,59,FALSE
Female,Loyal Customer,49,Business Travel,Business,1506,1,1,1,1,4,5,5,5,5,5,5,5,3,3.54,2,0,TRUE
Female,Loyal Customer,44,Personal Travel,Eco,153,3,4,3,3,2,5,5,3,3,3,3,5,4,3.54,0,0,FALSE
Female,Loyal Customer,42,Business Travel,Business,3652,0,5,0,4,2,4,4,5,5,5,5,4,4,3.62,0,0,TRUE
Female,Disloyal Customer,26,Business Travel,Eco,481,3,1,3,2,4,3,4,4,3,4,3,4,4,3.23,0,0,FALSE
Male,Loyal Customer,20,Personal Travel,Eco,184,1,5,1,1,2,1,2,2,4,2,4,5,2,2.46,0,0,FALSE
Female,Loyal Customer,62,Personal Travel,Eco,580,3,3,3,4,4,3,4,5,5,3,5,1,1,3.38,34,25,FALSE
Female,Loyal Customer,60,Business Travel,Business,354,1,1,1,1,2,5,5,4,4,4,4,3,3,2.92,0,0,TRUE
Male,Loyal Customer,20,Personal Travel,Eco,666,1,2,1,2,1,1,2,1,1,4,2,2,1,1.62,41,30,FALSE
Female,Loyal Customer,24,Business Travel,Eco,589,4,2,3,2,4,4,3,4,4,3,3,4,4,3.38,0,0,TRUE
Male,Loyal Customer,59,Business Travel,Business,1154,5,5,5,5,4,4,5,5,5,5,5,5,3,4.69,19,28,TRUE
Female,Loyal Customer,34,Business Travel,Business,3540,3,3,3,3,3,5,5,4,4,4,4,4,5,3.85,0,0,TRUE
Male,Disloyal Customer,24,Business Travel,Eco,373,4,2,5,2,5,5,5,5,5,5,4,3,5,4.23,0,2,TRUE
Male,Loyal Customer,37,Business Travel,Business,3012,1,3,3,3,1,3,4,1,1,2,1,1,3,2.08,2,0,FALSE
Female,Loyal Customer,20,Personal Travel,Eco,67,3,4,3,1,5,3,5,5,3,4,4,3,5,3.69,0,0,FALSE
Male,Loyal Customer,29,Business Travel,Business,2873,2,1,1,1,2,2,2,2,3,2,3,4,2,2.08,4,8,FALSE
Female,Disloyal Customer,21,Business Travel,Eco,861,2,2,2,3,3,2,3,3,2,1,5,3,3,2.62,0,0,FALSE
Male,Loyal Customer,41,Business Travel,Business,1426,3,3,3,3,2,5,5,5,5,4,5,3,4,3.85,0,0,TRUE
Female,Loyal Customer,34,Personal Travel,Business,991,4,5,5,1,4,4,5,4,4,5,1,4,3,3.77,9,11,FALSE
Female,Loyal Customer,61,Business Travel,Eco,416,4,5,5,5,5,5,3,4,4,4,4,4,3,4.23,0,0,TRUE
Female,Loyal Customer,37,Personal Travel,Eco,265,4,4,4,3,1,4,1,1,5,1,5,5,1,3,26,42,FALSE
Female,Loyal Customer,26,Personal Travel,Eco,783,3,4,3,2,4,3,4,4,3,5,4,3,4,3.54,0,0,FALSE
Female,Loyal Customer,50,Business Travel,Business,813,4,4,4,4,4,5,4,3,3,3,3,3,4,3.69,0,0,TRUE
Male,Loyal Customer,29,Business Travel,Business,366,2,5,3,5,2,2,2,2,4,3,3,2,2,2.85,3,0,FALSE
Male,Loyal Customer,43,Business Travel,Eco,429,3,1,1,1,3,3,3,3,1,4,4,2,3,2.46,28,26,FALSE
Male,Loyal Customer,56,Personal Travel,Eco,744,2,5,1,4,4,1,4,4,4,3,4,5,4,3.46,3,0,FALSE
Male,Loyal Customer,26,Business Travel,Business,1431,1,1,1,1,5,5,5,5,3,3,5,5,5,3.46,116,123,TRUE
Male,Loyal Customer,43,Business Travel,Business,3830,5,5,5,5,3,5,5,4,4,4,4,3,5,4.38,0,0,TRUE
Female,Loyal Customer,57,Personal Travel,Eco,1416,3,1,3,3,4,2,2,3,3,3,3,2,2,2.62,0,0,FALSE
Female,Loyal Customer,58,Business Travel,Business,265,5,5,5,5,3,4,5,5,5,5,5,5,5,4.77,0,0,TRUE
Male,Loyal Customer,53,Business Travel,Business,3739,3,2,2,2,5,1,1,3,3,3,3,4,4,2.77,63,37,FALSE
Female,Loyal Customer,24,Business Travel,Business,1774,1,1,1,1,4,4,4,4,1,5,1,4,4,2.69,0,0,TRUE
Female,Loyal Customer,19,Personal Travel,Eco,853,3,1,3,3,5,3,5,5,3,5,4,4,5,3.77,0,0,FALSE
Female,Loyal Customer,47,Business Travel,Eco,812,3,1,1,1,5,2,2,4,4,3,4,1,3,2.62,0,0,FALSE
Female,Loyal Customer,59,Personal Travel,Business,1044,3,4,3,1,1,1,5,4,4,3,4,4,2,3,0,0,FALSE
Male,Loyal Customer,52,Business Travel,Eco Plus,430,4,1,1,1,4,4,4,4,2,3,2,2,4,2.77,0,0,TRUE
Male,Loyal Customer,30,Business Travel,Eco,109,0,0,0,1,5,0,5,5,3,5,5,3,5,2.85,19,11,TRUE
Male,Loyal Customer,28,Personal Travel,Eco,288,3,4,3,4,3,3,3,3,4,3,4,5,3,3.46,0,2,FALSE
Male,Loyal Customer,41,Personal Travel,Eco,315,2,5,2,5,3,2,3,3,5,3,4,3,3,3.31,2,17,FALSE
Female,Loyal Customer,22,Business Travel,Business,2638,3,3,3,3,4,4,4,4,5,5,4,5,4,3.92,15,0,TRUE
Male,Loyal Customer,17,Personal Travel,Eco,204,1,3,0,3,3,0,3,3,4,2,5,5,3,2.69,0,0,FALSE
Female,Loyal Customer,69,Personal Travel,Eco,2227,3,5,3,3,3,4,4,5,5,3,5,3,3,3.77,2,0,FALSE
Female,Loyal Customer,61,Business Travel,Business,3048,2,4,4,4,4,3,4,2,2,2,2,1,3,2.85,18,37,FALSE
Female,Loyal Customer,30,Personal Travel,Business,480,5,4,5,4,4,5,4,4,4,1,3,2,4,3.77,4,1,TRUE
Female,Loyal Customer,41,Business Travel,Business,3788,5,5,5,5,5,3,4,5,5,4,5,4,3,4.46,0,0,FALSE
Female,Loyal Customer,65,Business Travel,Business,3207,1,1,5,1,4,5,4,4,4,4,4,3,3,3.31,0,7,TRUE
Male,Disloyal Customer,38,Business Travel,Eco,680,2,2,2,2,4,2,4,4,2,2,1,3,4,2.62,0,7,FALSE
Male,Loyal Customer,42,Business Travel,Business,1992,2,2,2,2,5,5,4,4,4,4,4,5,4,3.62,0,0,TRUE
Male,Loyal Customer,71,Business Travel,Eco,1177,1,2,2,2,1,1,1,4,1,4,3,1,1,1.85,0,0,FALSE
Male,Loyal Customer,39,Business Travel,Business,2182,3,4,4,4,2,3,4,3,3,2,3,4,1,3.08,0,0,FALSE
Male,Disloyal Customer,33,Business Travel,Eco,134,4,0,4,1,3,4,3,3,2,4,2,5,3,2.92,0,0,FALSE
Female,Loyal Customer,21,Personal Travel,Eco,680,3,5,3,3,1,3,1,1,5,1,3,1,1,2.38,0,3,FALSE
Male,Loyal Customer,36,Personal Travel,Eco,544,3,5,3,1,4,3,4,4,3,2,4,4,4,3.38,15,22,FALSE
Female,Disloyal Customer,20,Business Travel,Eco,748,2,2,2,3,3,2,3,3,3,2,4,3,3,2.69,0,2,FALSE
Female,Disloyal Customer,36,Business Travel,Eco,896,2,2,2,3,5,2,5,5,2,3,2,1,5,3,0,0,FALSE
Female,Loyal Customer,43,Business Travel,Eco Plus,606,5,3,3,3,2,2,3,5,5,5,5,2,2,3.46,32,20,TRUE
Female,Loyal Customer,36,Personal Travel,Eco Plus,449,4,5,4,1,2,4,2,2,3,3,4,3,2,3,7,0,TRUE
Male,Loyal Customer,58,Business Travel,Business,2464,4,4,4,4,4,4,4,4,4,4,4,4,3,3.92,18,18,TRUE
Female,Loyal Customer,41,Business Travel,Business,1543,4,3,4,4,5,4,5,5,4,5,5,5,5,4.46,144,139,TRUE
Male,Loyal Customer,40,Personal Travel,Business,993,3,4,3,5,3,5,4,5,5,3,5,4,5,4.15,0,55,FALSE
Male,Loyal Customer,53,Business Travel,Business,1592,3,4,4,4,5,4,3,3,3,3,3,1,1,3.15,0,0,FALSE
Female,Loyal Customer,25,Business Travel,Business,3322,1,1,1,1,4,4,4,4,5,2,3,1,4,2.69,0,4,TRUE
Female,Disloyal Customer,29,Business Travel,Business,1061,3,3,3,3,1,3,1,1,5,3,5,5,1,2.85,0,5,FALSE
Female,Loyal Customer,25,Business Travel,Business,3663,1,1,1,1,1,1,1,1,2,5,3,1,1,1.54,25,21,FALSE
Male,Loyal Customer,35,Business Travel,Business,1846,4,4,4,4,4,5,4,4,4,4,4,3,4,4,0,0,TRUE
Female,Disloyal Customer,23,Business Travel,Eco,1169,5,5,5,4,2,5,2,2,4,1,4,3,2,3.38,0,1,TRUE
Female,Disloyal Customer,30,Business Travel,Eco,674,3,3,3,4,4,3,2,4,3,1,3,2,4,3,30,33,FALSE
Female,Loyal Customer,51,Business Travel,Business,3559,0,0,0,2,3,4,5,4,4,4,4,3,5,2.92,12,17,TRUE
Male,Loyal Customer,18,Personal Travel,Eco,110,4,2,4,3,3,4,3,3,1,1,2,2,3,2.69,0,0,FALSE
Female,Loyal Customer,37,Business Travel,Business,3497,2,3,3,3,2,3,3,2,2,2,2,2,2,2.38,0,0,FALSE
Male,Loyal Customer,34,Personal Travel,Business,337,2,5,2,3,3,5,5,5,5,2,5,5,4,3.92,0,0,FALSE
Female,Disloyal Customer,42,Business Travel,Eco Plus,1709,2,2,2,4,3,2,3,3,1,5,4,3,3,2.85,6,38,FALSE
Male,Loyal Customer,36,Personal Travel,Eco,866,3,4,4,5,1,4,1,1,3,2,5,5,1,3,0,18,FALSE
Male,Loyal Customer,61,Business Travel,Business,438,3,1,1,1,2,2,2,3,3,3,3,1,1,2,0,0,FALSE
Female,Loyal Customer,47,Business Travel,Eco,859,3,5,4,5,1,2,3,3,3,3,3,2,3,3.08,2,7,FALSE
Male,Loyal Customer,55,Business Travel,Business,369,2,2,2,2,5,4,5,4,4,4,4,3,4,3.46,0,8,TRUE
Female,Loyal Customer,38,Business Travel,Business,3570,3,3,3,3,5,4,5,4,4,4,4,5,3,3.85,4,6,TRUE
Female,Loyal Customer,23,Personal Travel,Eco,2446,2,5,2,2,3,2,3,3,5,3,4,4,3,3.15,0,0,FALSE
Male,Disloyal Customer,21,Business Travel,Business,390,5,4,5,2,3,5,3,3,5,5,4,5,3,4,12,0,TRUE
Male,Disloyal Customer,29,Business Travel,Eco,96,3,2,3,3,2,3,2,2,4,2,4,2,2,2.62,3,15,FALSE
Male,Loyal Customer,30,Personal Travel,Eco,413,2,4,2,2,3,2,3,3,5,4,4,3,3,3.08,3,0,FALSE
Female,Loyal Customer,51,Business Travel,Business,2125,4,4,4,4,3,5,5,4,4,4,4,5,4,4.15,45,37,TRUE
Female,Loyal Customer,19,Business Travel,Eco Plus,2378,5,4,4,4,5,5,4,5,4,1,4,2,5,4,0,0,TRUE
Female,Disloyal Customer,23,Business Travel,Eco,1025,4,4,4,2,2,4,2,2,4,1,1,1,2,2.54,0,0,TRUE
Female,Loyal Customer,49,Business Travel,Business,3786,3,3,3,3,4,4,4,5,5,5,5,5,3,4,1,0,TRUE
Male,Loyal Customer,55,Business Travel,Business,1372,3,3,1,1,2,4,3,3,3,3,3,1,1,2.38,67,44,FALSE
Male,Loyal Customer,26,Business Travel,Business,2419,1,2,2,2,1,2,1,1,2,1,4,3,1,1.77,25,13,FALSE
Female,Loyal Customer,43,Personal Travel,Eco Plus,300,1,4,1,3,2,1,3,3,3,1,3,3,5,2.54,112,98,FALSE
Female,Loyal Customer,51,Business Travel,Eco,1750,4,4,4,4,2,2,3,4,4,4,4,1,2,3.23,0,0,FALSE
Female,Loyal Customer,42,Personal Travel,Eco,610,3,4,3,2,1,3,4,3,3,3,3,4,1,2.85,0,0,FALSE
Male,Loyal Customer,10,Business Travel,Eco Plus,689,5,1,1,1,5,5,5,5,3,3,5,4,5,3.69,0,0,TRUE
Male,Loyal Customer,34,Personal Travel,Eco,1947,3,5,3,2,1,3,1,1,5,4,4,3,1,2.77,0,0,FALSE
Female,Loyal Customer,56,Personal Travel,Eco,188,2,5,2,5,2,5,4,3,3,2,3,4,3,3.31,0,0,FALSE
Male,Disloyal Customer,21,Business Travel,Eco,978,3,3,3,4,4,3,4,4,3,5,3,2,4,3.46,6,0,FALSE
Female,Loyal Customer,54,Personal Travel,Eco,349,4,4,4,1,2,5,4,4,4,4,4,4,5,3.77,0,0,FALSE
Male,Loyal Customer,57,Personal Travel,Eco,204,3,4,3,5,4,3,4,4,5,3,5,5,4,4,0,0,FALSE
Male,Disloyal Customer,37,Business Travel,Eco,668,2,0,2,3,1,2,1,1,4,2,3,1,1,1.77,31,25,FALSE
Male,Loyal Customer,46,Personal Travel,Eco,762,2,4,2,3,5,2,5,5,4,3,5,3,5,3.69,17,5,FALSE
Female,Loyal Customer,51,Personal Travel,Eco,158,3,3,3,2,1,3,3,4,4,3,4,2,2,2.85,0,0,FALSE
Female,Loyal Customer,46,Personal Travel,Eco,1046,4,4,4,3,1,3,3,5,5,4,5,4,5,3.85,0,0,FALSE
Male,Loyal Customer,47,Business Travel,Business,3345,5,5,5,5,2,4,4,4,4,4,4,5,3,4.15,0,0,TRUE
Male,Loyal Customer,31,Business Travel,Business,1636,3,3,3,3,4,4,4,4,4,3,5,5,4,3.77,6,15,TRUE
Female,Loyal Customer,53,Business Travel,Business,624,4,4,4,4,4,4,4,5,5,5,5,4,4,4.31,44,142,TRUE
Male,Loyal Customer,48,Business Travel,Eco,471,3,4,4,4,4,3,4,4,1,4,3,2,4,3.38,0,2,FALSE
Female,Loyal Customer,41,Business Travel,Business,2660,3,3,3,3,5,5,5,2,2,2,2,3,4,3.23,0,2,TRUE
Female,Loyal Customer,17,Personal Travel,Eco,888,2,5,2,3,2,3,3,2,3,3,1,3,3,2.69,245,273,FALSE
Female,Loyal Customer,30,Personal Travel,Eco,1242,4,5,4,2,2,4,2,2,4,4,3,5,2,3.31,5,0,FALSE
Male,Loyal Customer,31,Business Travel,Business,2094,3,1,1,1,3,3,3,3,2,1,4,1,3,2.23,41,34,FALSE
Male,Loyal Customer,69,Personal Travel,Business,397,1,4,1,4,1,3,3,2,2,1,2,1,3,2.15,48,32,FALSE
Male,Loyal Customer,51,Business Travel,Business,1400,1,1,1,1,5,5,5,5,5,5,5,4,5,3.69,0,0,TRUE
Male,Loyal Customer,43,Business Travel,Business,2163,3,2,3,3,3,3,3,3,4,3,3,3,3,3,97,134,FALSE
Female,Disloyal Customer,21,Business Travel,Eco,1216,4,4,4,3,4,4,4,4,5,2,3,4,4,3.77,0,0,FALSE
Male,Disloyal Customer,26,Business Travel,Business,271,4,1,4,4,2,4,2,2,4,4,5,4,2,3.23,0,58,TRUE
Male,Loyal Customer,40,Business Travel,Business,448,3,5,5,5,4,1,2,3,3,3,3,4,4,3.46,43,23,FALSE
Female,Loyal Customer,22,Personal Travel,Eco,967,1,5,1,3,4,1,2,4,3,5,4,5,4,3.23,0,5,FALSE
Male,Loyal Customer,46,Business Travel,Eco Plus,627,4,3,3,3,4,4,4,4,2,2,5,3,4,3.46,0,0,TRUE
Male,Disloyal Customer,32,Business Travel,Business,802,1,1,1,3,4,1,4,4,3,5,5,4,4,3.08,0,0,FALSE
Male,Loyal Customer,15,Personal Travel,Eco,1400,3,5,3,5,5,3,5,5,3,2,4,4,5,4,1,3,FALSE
Male,Loyal Customer,62,Personal Travel,Eco,899,2,4,1,3,1,1,1,1,4,4,5,4,1,2.46,119,92,FALSE
Male,Loyal Customer,19,Personal Travel,Eco,862,3,5,3,5,3,3,2,3,5,3,4,3,3,3.46,110,97,FALSE
Male,Loyal Customer,35,Business Travel,Eco,102,3,4,4,4,3,4,3,3,4,5,3,2,3,3.46,0,5,TRUE
Female,Loyal Customer,55,Personal Travel,Business,666,1,2,1,4,5,4,3,5,5,1,5,4,1,3.15,0,0,FALSE
Male,Loyal Customer,46,Personal Travel,Eco,119,1,2,1,4,3,1,3,3,2,5,3,1,3,2.46,0,0,FALSE
Male,Disloyal Customer,23,Business Travel,Eco,479,4,3,4,4,5,4,4,5,3,4,3,3,5,3.92,0,0,TRUE
Male,Loyal Customer,58,Business Travel,Eco,1121,2,2,5,2,2,2,2,2,2,1,4,4,2,2.46,1,11,FALSE
Female,Loyal Customer,49,Business Travel,Business,3705,5,5,5,5,5,4,4,5,5,5,5,3,5,4.69,0,0,TRUE
Male,Loyal Customer,58,Business Travel,Business,2556,4,4,4,4,2,3,4,5,5,4,5,3,4,3.92,0,0,TRUE
Female,Loyal Customer,29,Business Travel,Eco,1900,2,2,2,2,2,2,2,2,3,2,2,3,2,2.15,0,0,FALSE
Female,Loyal Customer,49,Business Travel,Business,479,3,1,3,3,5,4,5,4,4,4,4,4,4,3.69,0,1,TRUE
Female,Disloyal Customer,36,Business Travel,Eco,404,3,2,3,3,4,3,4,4,1,4,4,3,4,3.23,5,0,FALSE
Female,Loyal Customer,24,Business Travel,Eco,1900,2,5,5,5,2,2,2,2,3,5,2,1,2,2.92,97,83,FALSE
Female,Loyal Customer,40,Personal Travel,Eco Plus,1846,2,5,2,2,1,2,1,1,4,2,5,5,1,2.54,0,0,FALSE
Female,Loyal Customer,43,Business Travel,Business,2045,3,3,3,3,3,3,1,5,5,5,5,4,5,3.69,0,0,TRUE
Female,Loyal Customer,20,Business Travel,Business,1250,3,3,3,3,2,2,2,2,4,1,1,2,2,2.31,0,7,TRUE
Female,Loyal Customer,13,Personal Travel,Eco,602,5,3,5,3,4,3,4,4,2,1,3,2,4,3.31,3,0,TRUE
Female,Loyal Customer,44,Business Travel,Business,3025,1,1,3,1,3,4,4,4,3,4,5,4,4,3.15,149,149,TRUE
Female,Loyal Customer,24,Personal Travel,Eco,236,1,5,1,4,1,1,3,1,5,4,4,3,1,2.62,28,20,FALSE
Female,Loyal Customer,69,Personal Travel,Eco,874,4,0,4,1,2,4,4,4,4,4,5,5,5,3.54,0,0,TRUE
Male,Disloyal Customer,30,Business Travel,Eco,67,3,3,3,4,4,3,4,4,5,1,3,2,4,3.31,10,1,FALSE
Female,Loyal Customer,50,Personal Travel,Eco,1083,3,4,3,1,4,1,4,5,5,3,5,5,2,3.46,26,44,FALSE
Male,Loyal Customer,19,Personal Travel,Eco,772,2,5,2,4,5,2,5,5,3,3,5,5,5,3.92,0,0,FALSE
Female,Loyal Customer,25,Business Travel,Eco,268,3,3,3,3,3,3,4,3,2,5,4,1,3,3.08,0,0,FALSE
Male,Disloyal Customer,26,Business Travel,Business,612,3,3,3,1,3,3,3,3,5,2,4,3,3,3,17,16,FALSE
Female,Loyal Customer,25,Business Travel,Business,1464,2,5,5,5,2,2,2,2,3,1,4,4,2,3,0,0,FALSE
Female,Disloyal Customer,23,Business Travel,Eco,351,0,0,0,1,5,0,5,5,4,3,2,4,5,2.62,0,0,TRUE
Female,Loyal Customer,60,Business Travel,Business,156,2,2,2,2,5,4,1,5,5,5,5,2,1,3.15,0,0,TRUE
Female,Loyal Customer,53,Business Travel,Business,1107,2,2,2,2,4,5,5,4,4,4,4,5,5,3.69,0,0,TRUE
Female,Loyal Customer,36,Business Travel,Business,541,3,5,5,5,1,3,4,3,3,3,3,3,1,3.23,26,20,FALSE
Male,Loyal Customer,40,Business Travel,Business,2070,3,3,3,3,5,5,4,5,5,5,5,4,5,4.23,8,0,TRUE
Male,Loyal Customer,55,Business Travel,Eco Plus,109,3,3,3,3,3,3,3,3,2,2,3,3,3,2.85,0,0,TRUE
Female,Loyal Customer,68,Personal Travel,Eco,631,2,5,2,3,1,2,1,2,2,2,3,1,5,2.38,0,0,FALSE
Female,Loyal Customer,54,Business Travel,Business,674,5,5,5,5,1,3,5,5,5,5,5,2,2,4.08,6,12,TRUE
Female,Loyal Customer,48,Business Travel,Business,1464,5,5,2,5,2,5,5,4,4,4,4,5,4,4.15,0,0,TRUE
Male,Loyal Customer,35,Business Travel,Business,3561,1,5,5,5,1,4,4,1,1,1,1,1,4,2.62,0,0,FALSE
Male,Loyal Customer,55,Business Travel,Business,3401,2,1,1,1,5,3,4,2,2,2,2,2,1,2.15,0,0,FALSE
Male,Disloyal Customer,41,Business Travel,Eco,101,1,4,1,4,3,1,3,3,4,5,3,1,3,2.77,0,1,FALSE
Female,Disloyal Customer,32,Personal Travel,Eco,937,3,5,3,3,2,3,2,2,4,3,4,3,2,3,27,26,FALSE
Female,Loyal Customer,57,Business Travel,Business,2554,5,5,5,5,4,4,4,4,4,4,4,3,3,4.15,0,0,TRUE
Female,Loyal Customer,53,Business Travel,Business,153,1,4,4,4,2,4,4,2,2,2,1,4,4,2.92,35,29,FALSE
Male,Loyal Customer,27,Business Travel,Eco,1041,1,4,4,4,1,1,1,1,2,3,4,3,1,2.31,0,0,FALSE
Male,Disloyal Customer,41,Business Travel,Eco,373,3,0,3,4,1,3,1,1,4,1,2,1,1,1.92,0,0,FALSE
Female,Loyal Customer,19,Personal Travel,Eco,227,3,4,3,1,2,3,5,2,5,5,5,4,2,3.38,0,0,FALSE
Female,Loyal Customer,32,Personal Travel,Eco,1814,3,4,2,1,3,2,3,3,5,3,4,4,3,3.08,16,56,FALSE
Female,Loyal Customer,21,Personal Travel,Eco Plus,769,2,1,2,3,5,2,2,5,2,1,3,1,5,2.62,0,0,FALSE
Female,Loyal Customer,16,Business Travel,Business,3161,1,2,2,2,1,1,1,3,1,2,2,1,1,1.54,213,200,FALSE
Female,Disloyal Customer,25,Business Travel,Eco,151,4,1,4,2,1,4,1,1,4,1,2,1,1,2.08,0,0,FALSE
Female,Loyal Customer,39,Personal Travel,Eco,589,3,5,3,4,3,3,3,3,3,4,4,5,3,3.54,7,5,FALSE
Male,Loyal Customer,18,Personal Travel,Eco,833,4,4,4,4,2,4,1,2,5,2,5,4,2,3.31,0,1,FALSE
Female,Loyal Customer,38,Business Travel,Business,3333,2,2,2,2,3,5,5,5,5,5,5,3,4,3.69,0,0,TRUE
Female,Loyal Customer,54,Business Travel,Business,691,5,5,3,5,4,5,5,5,5,5,5,5,4,4.69,0,0,TRUE
Female,Loyal Customer,30,Personal Travel,Eco Plus,187,1,5,1,3,2,1,2,2,5,3,5,4,2,2.77,72,49,FALSE
Female,Loyal Customer,57,Business Travel,Business,583,5,5,1,5,4,5,5,5,5,5,5,5,5,4.62,0,0,TRUE
Male,Loyal Customer,65,Personal Travel,Eco,2611,2,4,2,2,1,2,1,1,5,3,5,3,1,2.46,0,0,FALSE
Male,Loyal Customer,65,Personal Travel,Eco Plus,260,2,1,0,2,5,0,5,5,1,2,2,4,5,2.62,43,55,FALSE
Female,Loyal Customer,72,Business Travel,Business,1276,3,2,1,1,3,3,3,3,3,3,3,1,1,2.31,0,0,FALSE
Female,Loyal Customer,46,Business Travel,Business,528,4,4,4,4,5,5,4,3,3,3,3,5,5,4,0,0,TRUE
Female,Loyal Customer,65,Personal Travel,Business,1142,1,4,2,4,4,5,4,5,5,2,5,3,5,3.77,0,0,FALSE
Male,Disloyal Customer,37,Business Travel,Business,1069,3,3,3,3,5,3,5,5,4,2,2,5,5,3.69,0,0,FALSE
Male,Disloyal Customer,20,Business Travel,Eco,689,4,4,4,2,2,4,2,2,5,3,5,3,2,3.23,0,0,TRUE
Female,Loyal Customer,48,Business Travel,Business,3954,5,5,5,5,3,4,4,5,5,5,5,4,4,4.54,0,0,TRUE
Female,Loyal Customer,55,Business Travel,Business,1888,2,2,2,2,4,5,5,5,5,5,5,5,3,3.85,0,0,TRUE
Male,Disloyal Customer,24,Business Travel,Business,834,0,0,0,3,4,0,4,4,5,2,4,4,4,2.62,0,0,TRUE
Male,Loyal Customer,47,Business Travel,Eco,496,4,4,4,4,4,4,4,4,2,3,4,5,4,3.85,0,0,TRUE
Female,Disloyal Customer,29,Business Travel,Eco,912,3,3,3,3,4,3,4,4,2,4,3,1,4,3.15,4,19,FALSE
Female,Loyal Customer,68,Personal Travel,Eco,1444,3,5,3,4,5,3,5,4,4,3,4,4,5,4,13,3,FALSE
Male,Loyal Customer,38,Personal Travel,Eco,978,1,5,1,2,5,1,5,5,5,5,4,5,5,3.77,0,0,FALSE
Male,Loyal Customer,48,Business Travel,Business,632,3,3,1,3,2,4,4,4,4,5,4,5,5,3.62,0,0,TRUE
Male,Loyal Customer,20,Personal Travel,Eco,541,3,1,3,4,5,3,5,5,2,5,3,1,5,3.46,3,5,FALSE
Female,Loyal Customer,26,Business Travel,Business,3798,5,5,2,5,5,5,5,5,1,1,4,1,5,3.77,0,0,TRUE
Female,Disloyal Customer,30,Business Travel,Business,2475,1,1,1,2,1,1,1,1,5,3,4,4,1,2,0,0,FALSE
Male,Loyal Customer,26,Business Travel,Business,2018,1,1,3,1,4,4,4,4,3,5,4,4,4,3.23,9,0,TRUE
Male,Loyal Customer,40,Business Travel,Business,3604,1,2,2,2,3,4,3,1,1,1,1,4,1,2,0,0,FALSE
Male,Disloyal Customer,23,Business Travel,Business,984,4,0,4,2,2,4,2,2,4,2,3,4,2,2.69,0,0,TRUE
Male,Disloyal Customer,40,Business Travel,Business,641,5,4,4,3,1,4,1,1,5,4,5,4,1,3.23,0,0,TRUE
Female,Loyal Customer,57,Business Travel,Business,2441,2,2,2,2,5,5,5,4,2,4,5,5,5,3.69,172,156,TRUE
Female,Loyal Customer,19,Personal Travel,Eco,1773,2,2,2,3,4,2,4,4,1,5,4,3,4,3.08,0,0,FALSE
Male,Loyal Customer,34,Personal Travel,Eco,2677,2,0,2,1,2,3,3,2,3,3,5,3,3,2.46,0,0,FALSE
Male,Loyal Customer,59,Personal Travel,Eco Plus,337,3,4,4,4,3,4,3,3,2,5,3,1,3,3.23,11,0,FALSE
Male,Loyal Customer,64,Personal Travel,Eco,1045,2,4,2,5,2,2,2,2,2,2,2,5,2,2.62,0,0,FALSE
Female,Loyal Customer,41,Business Travel,Eco,733,4,4,4,4,4,4,4,4,3,2,1,1,4,3.31,0,0,TRUE
Male,Loyal Customer,56,Personal Travel,Business,1197,3,1,3,3,3,1,1,3,3,3,4,1,1,2.31,132,102,FALSE
Female,Disloyal Customer,36,Business Travel,Eco,359,3,2,3,3,1,3,2,1,2,3,3,2,1,2.23,0,0,FALSE
Female,Loyal Customer,15,Business Travel,Business,2392,2,5,5,5,2,2,2,2,4,1,2,3,2,2.85,43,59,FALSE
Female,Disloyal Customer,24,Business Travel,Eco,363,2,2,2,4,1,2,1,1,1,4,4,3,1,2.15,73,55,FALSE
Male,Loyal Customer,60,Business Travel,Business,444,4,2,2,2,1,3,2,4,4,4,4,3,1,2.77,89,105,FALSE
Female,Loyal Customer,37,Business Travel,Business,2140,5,1,5,5,4,5,4,5,5,5,4,4,3,4.23,9,3,TRUE
Male,Disloyal Customer,17,Business Travel,Eco,812,5,5,5,4,2,5,2,2,1,5,2,4,2,3.38,0,0,TRUE
Female,Loyal Customer,50,Business Travel,Eco,183,3,4,3,4,5,3,3,3,3,3,3,4,4,3.46,3,6,FALSE
Female,Loyal Customer,20,Personal Travel,Eco,214,4,4,4,3,1,4,1,1,4,1,3,4,1,2.69,0,0,FALSE
Female,Loyal Customer,33,Business Travel,Business,2917,2,2,2,2,3,5,4,5,5,5,5,3,5,3.69,0,0,TRUE
Female,Loyal Customer,46,Business Travel,Business,2701,0,1,1,5,2,4,5,4,4,4,4,4,5,3.31,29,28,TRUE
Male,Loyal Customer,43,Personal Travel,Eco,937,4,1,4,4,5,4,4,5,3,5,3,2,5,3.77,24,7,FALSE
Male,Loyal Customer,55,Business Travel,Business,337,1,1,1,1,3,4,5,4,4,4,4,4,5,3.15,0,0,TRUE
Female,Loyal Customer,52,Personal Travel,Eco,404,1,5,1,2,5,5,4,2,2,1,3,4,4,3,0,3,FALSE
Female,Loyal Customer,50,Business Travel,Business,1793,3,3,3,3,5,4,5,5,5,5,5,5,3,4.15,0,0,TRUE
Female,Loyal Customer,8,Personal Travel,Eco,1303,2,4,2,4,5,2,5,5,1,4,3,1,5,3.31,9,8,FALSE
Male,Disloyal Customer,25,Business Travel,Eco,416,2,2,1,3,5,1,5,5,2,3,4,4,5,3.23,39,41,FALSE
Male,Loyal Customer,14,Personal Travel,Eco,612,2,2,2,4,4,2,1,4,1,3,3,3,4,2.69,0,0,FALSE
Male,Loyal Customer,47,Business Travel,Business,3211,5,5,5,5,4,5,5,5,5,5,5,4,4,4.77,0,0,TRUE
Female,Loyal Customer,34,Personal Travel,Eco,726,4,5,4,3,2,4,2,2,1,4,3,1,2,2.85,0,0,FALSE
Female,Disloyal Customer,40,Business Travel,Business,725,5,5,5,4,3,5,3,3,4,2,5,3,3,3.85,0,0,TRUE
Male,Loyal Customer,44,Business Travel,Eco,771,5,4,4,4,5,5,5,2,3,2,1,5,5,3.85,183,171,TRUE
Female,Loyal Customer,46,Business Travel,Business,2218,2,2,2,2,4,3,1,4,4,4,5,4,1,2.92,0,0,TRUE
Female,Loyal Customer,57,Business Travel,Eco,836,2,3,3,3,1,4,3,3,3,2,3,3,1,2.62,13,14,FALSE
Female,Disloyal Customer,23,Business Travel,Eco,1133,2,2,2,2,1,2,1,1,5,3,4,3,1,2.23,102,83,FALSE
Male,Loyal Customer,47,Business Travel,Eco,919,4,3,3,3,4,4,4,4,3,1,3,1,4,3.15,5,0,FALSE
Female,Loyal Customer,14,Personal Travel,Eco,162,3,5,3,3,2,3,2,2,5,4,5,5,2,3.38,0,0,FALSE
Female,Loyal Customer,22,Personal Travel,Eco,813,2,0,2,3,1,2,5,1,3,4,3,2,1,2.23,11,0,FALSE
Male,Loyal Customer,52,Personal Travel,Eco,143,4,5,4,1,5,4,5,5,1,3,2,4,5,3.69,0,0,TRUE
Male,Loyal Customer,45,Business Travel,Business,2284,2,1,2,2,2,4,5,4,4,4,4,5,4,3.31,3,2,TRUE
Female,Loyal Customer,29,Business Travel,Business,3188,1,1,1,1,5,4,4,5,4,4,1,4,4,3,145,128,TRUE
Female,Loyal Customer,61,Personal Travel,Eco,1747,3,0,3,5,1,3,1,5,5,3,5,4,1,3,0,0,FALSE
Male,Loyal Customer,50,Business Travel,Business,996,4,4,5,4,3,4,3,3,3,5,3,4,3,3.69,10,14,TRUE
Male,Disloyal Customer,33,Business Travel,Eco,368,3,1,3,4,1,3,3,1,1,1,3,3,1,2.15,0,0,FALSE
Female,Disloyal Customer,43,Business Travel,Eco,824,1,1,1,3,4,1,4,4,3,4,5,5,4,3.08,16,0,FALSE
Male,Loyal Customer,58,Business Travel,Business,668,3,3,3,3,4,5,4,4,4,4,4,5,3,3.77,0,0,TRUE
Male,Loyal Customer,17,Personal Travel,Eco,2039,4,5,4,2,5,4,5,5,4,4,5,4,5,4.31,6,14,FALSE
Female,Loyal Customer,38,Personal Travel,Eco,247,5,4,5,3,4,5,2,4,5,4,5,5,4,4.23,11,4,TRUE
Male,Loyal Customer,36,Business Travel,Business,3834,5,5,4,5,2,5,4,5,5,5,5,5,5,4.62,1,0,TRUE
Male,Loyal Customer,69,Personal Travel,Eco Plus,2704,3,5,3,2,3,1,1,4,5,4,5,1,1,2.92,24,34,FALSE
Male,Loyal Customer,53,Business Travel,Business,316,5,5,5,5,5,5,4,5,5,5,5,3,3,4.62,0,0,TRUE
Female,Loyal Customer,59,Business Travel,Business,129,4,4,5,4,3,1,4,4,4,4,5,4,2,3.69,0,0,TRUE
Male,Loyal Customer,14,Business Travel,Business,3457,1,1,1,1,4,4,4,4,5,5,4,4,4,3.23,0,0,TRUE
Female,Loyal Customer,39,Business Travel,Business,1717,2,2,5,2,5,1,5,3,3,4,3,2,4,3.15,0,0,TRUE
Female,Loyal Customer,10,Personal Travel,Eco Plus,883,5,4,5,4,3,5,3,3,5,2,3,3,3,3.69,0,0,TRUE
Female,Disloyal Customer,32,Business Travel,Eco,972,2,2,2,4,1,2,1,1,4,5,4,1,1,2.31,0,0,FALSE
Female,Loyal Customer,29,Personal Travel,Eco,406,2,5,2,4,2,2,2,2,1,3,1,2,2,2.31,22,10,FALSE
Female,Disloyal Customer,21,Business Travel,Eco,733,4,5,5,4,3,5,3,3,3,4,4,5,3,3.92,0,0,TRUE
Female,Loyal Customer,17,Personal Travel,Business,1062,1,4,1,1,1,1,1,1,3,4,5,4,1,2.15,0,0,FALSE
Female,Loyal Customer,53,Personal Travel,Eco,354,3,3,3,3,2,5,4,5,5,3,5,1,2,3.38,25,23,FALSE
Male,Disloyal Customer,23,Business Travel,Eco,2153,3,3,3,1,5,3,5,5,3,4,3,5,5,3.69,0,0,FALSE
Male,Loyal Customer,58,Business Travel,Business,3301,3,3,5,3,5,5,5,5,5,4,5,3,5,4.31,0,4,TRUE
Female,Loyal Customer,26,Business Travel,Business,2413,5,5,5,5,4,4,4,4,3,3,5,5,4,4.31,23,8,TRUE
Male,Disloyal Customer,34,Business Travel,Business,630,2,2,2,3,5,2,5,5,4,4,4,3,5,3.54,0,0,FALSE
Male,Loyal Customer,45,Business Travel,Eco,669,5,1,1,1,5,5,5,5,5,1,1,4,5,3.38,0,0,TRUE
Male,Loyal Customer,43,Business Travel,Eco,399,4,2,2,2,4,4,4,4,2,3,3,2,4,3.08,0,4,TRUE
Male,Disloyal Customer,26,Business Travel,Business,226,1,4,1,4,5,1,2,5,5,3,4,5,5,3.46,0,0,FALSE
Female,Disloyal Customer,25,Business Travel,Eco Plus,229,0,0,0,1,4,0,4,4,5,3,4,4,4,2.54,0,0,TRUE
Male,Loyal Customer,28,Business Travel,Eco Plus,2378,4,2,2,2,4,4,4,2,3,5,4,4,4,3.38,1,15,TRUE
Male,Loyal Customer,30,Business Travel,Business,1546,2,3,3,3,2,2,2,2,4,2,4,1,2,2.46,0,4,FALSE
Female,Loyal Customer,75,Business Travel,Business,3392,3,3,3,3,4,4,3,4,4,4,3,2,4,3.38,37,18,FALSE
Female,Loyal Customer,34,Personal Travel,Eco,813,3,5,3,1,3,3,2,3,4,4,1,4,3,3,19,8,FALSE
Female,Disloyal Customer,37,Business Travel,Business,337,1,1,1,1,2,1,2,2,4,5,5,4,2,2.38,0,0,FALSE
Male,Loyal Customer,56,Business Travel,Business,3318,3,3,3,3,5,5,5,5,5,5,5,4,5,4.31,0,0,TRUE
Male,Loyal Customer,28,Business Travel,Eco Plus,912,3,1,5,1,3,3,3,3,3,3,3,3,3,2.85,0,0,FALSE
Male,Disloyal Customer,22,Business Travel,Eco,834,3,3,3,1,4,3,1,4,4,2,5,4,4,3.15,0,0,FALSE
Female,Loyal Customer,49,Business Travel,Business,997,1,1,1,1,3,4,4,3,3,3,3,5,5,2.85,0,0,TRUE
Male,Loyal Customer,41,Personal Travel,Eco,1117,3,4,3,3,1,3,1,1,5,2,4,5,1,2.77,0,0,FALSE
Male,Loyal Customer,40,Personal Travel,Eco,1076,2,4,2,3,4,2,4,4,4,2,3,2,4,3.08,31,19,FALSE
Male,Loyal Customer,65,Business Travel,Business,3447,2,3,1,1,4,3,4,2,2,2,2,3,1,2.31,73,70,FALSE
Female,Loyal Customer,28,Personal Travel,Eco,1947,3,3,3,4,5,3,5,5,4,3,3,2,5,3.69,20,37,FALSE
Male,Loyal Customer,45,Business Travel,Business,3227,0,0,0,2,5,4,4,1,1,1,1,5,5,2.23,0,0,TRUE
Male,Loyal Customer,49,Business Travel,Business,331,0,0,0,1,2,5,5,4,4,4,4,4,3,2.77,0,0,TRUE
Female,Loyal Customer,14,Personal Travel,Eco,1389,3,4,3,4,4,3,4,4,3,1,3,4,4,3.38,0,6,FALSE
Female,Loyal Customer,50,Business Travel,Business,1931,1,5,1,1,4,5,5,4,2,5,4,5,5,3.62,170,164,TRUE
Male,Loyal Customer,48,Business Travel,Eco,604,4,3,3,3,4,4,4,4,2,3,4,1,4,3.31,0,0,TRUE
Male,Loyal Customer,19,Personal Travel,Eco,1616,3,2,3,4,3,3,3,3,3,3,4,1,3,2.92,33,39,FALSE
Female,Loyal Customer,64,Personal Travel,Eco,461,3,4,5,2,5,3,4,4,5,1,3,4,4,3.62,135,125,FALSE
Male,Loyal Customer,35,Business Travel,Business,3498,4,4,4,4,4,5,4,5,5,5,5,5,5,4.54,0,5,TRUE
Male,Disloyal Customer,30,Business Travel,Business,859,4,4,4,2,3,4,3,3,4,5,5,3,3,3.62,0,4,FALSE
Male,Loyal Customer,79,Business Travel,Eco Plus,334,3,3,3,3,3,3,3,3,1,4,4,2,3,2.92,0,0,FALSE
Female,Loyal Customer,21,Personal Travel,Eco Plus,143,2,3,0,4,3,0,3,3,3,4,2,5,3,2.69,0,0,FALSE
Female,Loyal Customer,53,Business Travel,Business,2130,1,1,1,1,2,4,4,5,5,5,5,5,4,3.31,22,20,TRUE
Female,Loyal Customer,51,Business Travel,Business,134,5,5,5,5,4,4,5,5,5,5,4,5,3,4.62,0,0,TRUE
Male,Loyal Customer,39,Business Travel,Business,1590,1,1,1,1,5,5,5,4,4,5,4,3,5,3.38,1,0,TRUE
Female,Loyal Customer,62,Business Travel,Business,2228,5,5,5,5,1,5,2,5,5,5,4,2,1,3.85,0,0,TRUE
Female,Loyal Customer,31,Business Travel,Business,450,2,2,4,2,4,4,4,4,2,3,4,4,4,3.31,90,100,TRUE
Female,Loyal Customer,38,Business Travel,Eco,802,3,3,3,3,3,3,3,3,1,1,3,3,3,2.69,30,28,FALSE
Female,Disloyal Customer,40,Business Travel,Business,602,1,1,1,2,2,1,2,2,3,4,5,5,2,2.38,4,0,FALSE
Female,Loyal Customer,9,Personal Travel,Eco,391,4,4,5,1,4,5,4,4,3,5,5,5,4,4.08,0,0,TRUE
Female,Loyal Customer,22,Business Travel,Business,3933,1,1,2,1,4,4,4,4,4,2,4,5,4,3.08,0,0,TRUE
Male,Loyal Customer,27,Business Travel,Eco Plus,547,5,2,2,2,5,5,5,5,3,3,4,5,5,3.92,0,0,TRUE
Female,Loyal Customer,62,Business Travel,Eco Plus,151,3,1,1,1,4,3,4,3,3,3,3,3,1,2.54,0,0,FALSE
Male,Disloyal Customer,46,Business Travel,Business,989,3,3,3,4,3,3,3,3,5,4,5,4,3,3.54,0,0,FALSE
Male,Loyal Customer,29,Business Travel,Business,1608,4,4,4,4,4,4,4,4,3,4,4,3,4,3.85,11,0,TRUE
Male,Disloyal Customer,25,Business Travel,Eco,991,2,2,2,4,2,2,2,2,3,3,1,5,2,2.46,0,0,FALSE
Female,Loyal Customer,33,Business Travel,Business,56,4,5,4,5,1,1,2,4,4,4,4,2,2,3.23,0,0,TRUE
Female,Loyal Customer,20,Personal Travel,Eco Plus,1488,3,1,3,3,4,3,4,4,3,2,3,3,4,3.08,1,21,FALSE
Female,Loyal Customer,21,Personal Travel,Eco,1235,1,4,1,4,5,1,5,5,5,4,5,5,5,3.85,0,0,FALSE
Male,Loyal Customer,25,Personal Travel,Eco Plus,507,1,5,1,1,5,1,5,5,4,4,4,4,5,3.46,4,12,FALSE
Male,Loyal Customer,80,Business Travel,Eco Plus,556,4,5,5,5,4,4,4,4,1,5,5,4,4,4.15,0,0,TRUE
Male,Loyal Customer,15,Personal Travel,Eco,383,3,4,2,2,4,2,4,4,4,2,4,3,4,3.23,2,0,FALSE
Female,Loyal Customer,24,Business Travel,Business,3689,1,2,1,1,5,5,5,5,1,4,3,3,5,3.15,0,0,TRUE
Male,Loyal Customer,41,Personal Travel,Eco,228,3,5,3,1,1,3,1,1,5,2,4,5,1,2.69,0,3,FALSE
Male,Loyal Customer,28,Personal Travel,Eco,731,1,5,0,2,4,0,4,4,3,3,5,4,4,3,2,0,FALSE
Male,Disloyal Customer,24,Business Travel,Business,484,5,0,5,2,5,5,5,5,3,3,4,4,5,3.92,2,0,TRUE
Male,Loyal Customer,18,Personal Travel,Eco,261,4,3,4,2,2,4,2,2,1,4,2,1,2,2.54,0,2,FALSE
Male,Loyal Customer,24,Business Travel,Business,3979,3,3,3,3,4,4,4,4,4,4,4,4,4,3.69,0,0,TRUE
Female,Loyal Customer,39,Business Travel,Business,2633,5,5,2,5,1,3,5,4,4,4,4,4,4,3.85,0,0,TRUE
Female,Loyal Customer,59,Business Travel,Eco,338,2,1,1,1,4,3,3,3,3,2,3,1,4,2.38,0,0,FALSE
Male,Loyal Customer,36,Business Travel,Business,239,3,3,3,3,4,4,4,5,5,5,5,3,4,3.92,0,0,TRUE
Female,Loyal Customer,55,Business Travel,Business,3143,3,3,3,3,2,5,4,4,4,4,4,5,4,3.69,13,12,TRUE
Female,Loyal Customer,39,Business Travel,Business,2617,3,4,2,4,4,3,2,3,3,3,3,1,4,3,0,0,FALSE
Male,Disloyal Customer,25,Business Travel,Eco,819,3,3,3,2,3,1,1,5,2,5,3,1,1,2.54,150,165,FALSE
Female,Loyal Customer,35,Personal Travel,Eco,1521,1,3,1,3,3,1,3,3,1,4,3,1,3,2.31,0,0,FALSE
Female,Loyal Customer,50,Personal Travel,Eco,1237,0,4,1,1,3,3,5,4,4,1,4,3,3,2.77,0,0,TRUE
Female,Disloyal Customer,55,Business Travel,Business,173,4,4,4,1,1,4,1,1,4,3,5,4,1,2.85,6,10,TRUE
Female,Loyal Customer,34,Business Travel,Business,157,1,1,1,1,1,2,2,5,5,5,3,1,5,2.54,0,30,TRUE
Female,Loyal Customer,30,Personal Travel,Eco,622,2,3,2,4,2,2,2,2,2,5,3,1,2,2.46,0,6,FALSE
Female,Loyal Customer,24,Personal Travel,Eco,73,3,5,0,2,3,0,1,3,2,3,3,1,3,2.23,7,0,FALSE
Female,Loyal Customer,36,Business Travel,Business,373,2,2,2,2,2,5,4,5,5,4,5,5,3,3.54,14,11,TRUE
Female,Loyal Customer,21,Personal Travel,Eco,1751,2,5,2,1,1,2,1,1,3,3,3,3,1,2.15,0,22,FALSE
Female,Loyal Customer,34,Personal Travel,Eco,733,2,3,3,3,1,3,1,1,2,4,4,3,1,2.38,0,0,FALSE
Male,Loyal Customer,42,Business Travel,Business,141,1,1,2,1,2,1,2,4,4,4,4,3,1,2.31,5,10,TRUE
Male,Loyal Customer,27,Business Travel,Business,1796,1,3,3,3,2,2,1,2,4,2,3,4,2,2.46,25,40,FALSE
Male,Loyal Customer,67,Personal Travel,Eco,882,1,4,1,1,1,5,5,3,2,5,1,5,5,3,204,188,FALSE
Female,Loyal Customer,49,Personal Travel,Eco,1389,3,4,3,3,5,3,4,4,4,3,4,4,3,3.62,0,0,FALSE
Female,Loyal Customer,54,Business Travel,Business,292,2,5,5,5,3,3,2,2,2,2,2,2,4,3,117,105,FALSE
Female,Loyal Customer,43,Personal Travel,Eco,409,3,4,3,3,5,4,3,3,3,3,3,1,1,3,0,0,FALSE
Male,Loyal Customer,14,Personal Travel,Eco,1105,1,1,1,3,3,1,3,3,1,1,3,1,3,1.92,16,51,FALSE
Male,Loyal Customer,56,Business Travel,Business,2845,4,4,4,4,4,4,4,3,5,3,4,4,4,3.92,0,8,TRUE
Female,Loyal Customer,46,Business Travel,Business,2633,5,5,5,5,4,5,5,3,3,4,3,3,5,4.23,0,0,TRUE
Male,Loyal Customer,47,Business Travel,Eco,1235,2,3,3,3,2,2,2,2,2,3,4,3,2,2.54,0,0,FALSE
Male,Loyal Customer,40,Personal Travel,Eco Plus,114,1,2,1,3,1,2,3,1,1,2,3,3,3,2,127,148,FALSE
Male,Disloyal Customer,42,Business Travel,Business,449,3,3,3,2,5,3,5,5,5,2,5,4,5,3.85,42,44,FALSE
Male,Loyal Customer,80,Business Travel,Eco,645,5,1,1,1,4,5,4,4,4,5,4,5,4,3.62,0,0,TRUE
Male,Loyal Customer,36,Business Travel,Business,2634,3,3,3,3,4,4,4,4,4,4,4,3,5,3.69,8,0,TRUE
Male,Loyal Customer,17,Business Travel,Business,374,4,1,1,1,4,4,4,4,1,3,3,4,4,2.92,4,8,FALSE
Male,Loyal Customer,45,Personal Travel,Eco,937,3,4,3,4,2,3,2,2,2,1,4,2,2,2.62,86,61,FALSE
Male,Loyal Customer,42,Personal Travel,Eco,406,2,4,2,2,4,2,4,4,4,2,5,3,4,3.23,0,0,FALSE
Female,Loyal Customer,30,Business Travel,Business,1990,2,4,4,4,2,2,2,2,2,4,3,4,2,2.85,20,9,FALSE
Female,Loyal Customer,53,Business Travel,Business,1033,1,1,1,1,4,4,4,2,2,2,2,5,4,2.54,0,3,TRUE
Female,Loyal Customer,51,Business Travel,Business,1975,0,4,0,4,2,4,5,1,1,1,1,5,3,2.38,9,0,TRUE
Male,Loyal Customer,44,Personal Travel,Eco,216,1,5,1,5,5,1,5,5,3,2,5,3,5,3.54,7,15,FALSE
Female,Loyal Customer,56,Business Travel,Business,545,4,4,5,4,5,5,4,4,4,4,4,5,5,4.38,0,0,TRUE
Female,Loyal Customer,9,Business Travel,Business,2227,4,1,1,1,4,4,4,4,3,2,3,1,4,2.77,0,0,FALSE
Male,Disloyal Customer,40,Business Travel,Business,404,1,1,1,5,4,1,4,4,4,2,4,4,4,3,0,0,FALSE
Female,Loyal Customer,31,Business Travel,Business,602,4,4,3,4,4,4,4,4,4,2,4,3,4,3.69,13,8,TRUE
Female,Loyal Customer,37,Personal Travel,Eco,677,1,4,1,3,5,1,5,5,4,1,4,3,5,3.23,0,14,FALSE
Female,Loyal Customer,41,Business Travel,Eco,589,4,5,5,5,4,4,4,4,4,1,5,2,4,3.92,0,0,TRUE
Male,Disloyal Customer,16,Business Travel,Eco,731,4,4,4,4,1,4,1,1,3,4,4,3,1,2.92,27,29,FALSE
Female,Loyal Customer,60,Personal Travel,Eco,862,3,4,3,2,5,4,4,4,4,3,5,4,5,3.85,30,38,FALSE
Male,Loyal Customer,55,Personal Travel,Eco,404,4,5,4,3,1,4,1,1,4,2,5,5,1,3.08,0,2,FALSE
Male,Loyal Customer,39,Business Travel,Business,1935,5,5,5,5,4,1,2,4,4,4,4,3,2,3.69,0,0,TRUE
Male,Loyal Customer,65,Business Travel,Business,106,2,4,4,4,1,3,4,1,1,1,2,1,4,2.46,0,0,FALSE
Female,Disloyal Customer,22,Business Travel,Business,237,5,4,4,5,5,4,5,5,4,2,5,3,5,4.31,0,0,TRUE
Female,Disloyal Customer,30,Business Travel,Eco,575,2,3,2,3,2,2,5,2,4,2,3,1,2,2.54,0,0,FALSE
Male,Disloyal Customer,30,Business Travel,Eco,1375,1,1,1,2,5,1,5,5,2,4,2,1,5,2.69,32,18,FALSE
Female,Loyal Customer,14,Personal Travel,Eco,978,1,5,1,3,3,1,3,3,3,2,5,4,3,2.85,0,0,FALSE
Female,Loyal Customer,59,Business Travel,Business,3237,3,3,2,3,3,4,4,5,5,5,5,5,4,3.92,40,31,TRUE
Male,Disloyal Customer,35,Business Travel,Business,331,3,3,3,2,4,3,1,4,5,4,4,5,4,3.46,0,0,FALSE
Female,Loyal Customer,41,Personal Travel,Eco,868,4,5,4,1,3,4,3,3,2,1,5,1,3,3,0,0,FALSE
Female,Disloyal Customer,39,Business Travel,Business,190,3,3,3,2,4,3,1,4,1,1,1,1,4,2.38,0,0,FALSE
Male,Loyal Customer,38,Personal Travel,Eco,101,2,3,2,1,3,2,5,3,5,5,5,3,3,3.23,0,0,FALSE
Female,Loyal Customer,50,Business Travel,Business,1325,5,5,2,5,4,5,5,5,5,5,5,4,4,4.54,0,23,TRUE
Male,Loyal Customer,39,Business Travel,Business,2879,3,5,5,5,1,4,3,2,2,2,3,2,3,3.08,0,0,FALSE
Male,Loyal Customer,58,Business Travel,Eco,493,4,2,2,2,4,4,4,4,4,1,1,1,4,2.85,0,0,TRUE
Male,Loyal Customer,40,Business Travel,Eco,775,4,3,3,3,4,4,4,4,1,1,3,3,4,3.15,0,0,FALSE
Male,Loyal Customer,56,Business Travel,Eco Plus,417,4,1,1,1,4,4,4,4,1,1,4,2,4,2.69,0,0,TRUE
Male,Loyal Customer,74,Business Travel,Eco,416,1,1,1,1,1,1,1,1,4,1,4,1,1,1.46,98,81,FALSE
Female,Loyal Customer,58,Personal Travel,Eco,546,5,3,5,2,1,2,5,4,4,5,4,3,4,3.62,2,0,TRUE
Female,Loyal Customer,53,Business Travel,Business,280,3,5,5,5,1,4,4,3,3,3,3,2,1,3.23,74,100,FALSE
Male,Loyal Customer,43,Business Travel,Eco,399,4,3,3,3,5,4,5,5,3,1,4,2,5,3.62,0,0,TRUE
Male,Loyal Customer,21,Business Travel,Eco Plus,460,2,4,4,4,2,2,3,2,3,1,4,4,2,2.85,5,3,FALSE
Male,Loyal Customer,46,Business Travel,Business,1563,1,3,3,3,1,4,3,1,1,1,1,3,3,2.15,0,0,FALSE
Male,Loyal Customer,49,Business Travel,Business,1504,1,3,3,3,4,3,3,1,1,1,1,2,1,2.08,0,0,FALSE
Male,Loyal Customer,38,Business Travel,Business,3615,2,2,2,2,2,3,3,2,2,2,2,4,4,2.46,84,78,FALSE
Female,Loyal Customer,27,Personal Travel,Eco,468,1,3,4,4,2,4,2,2,4,3,3,4,2,2.92,41,48,FALSE
Female,Loyal Customer,14,Personal Travel,Eco,934,2,5,3,2,1,3,1,1,3,4,5,5,1,2.77,0,0,FALSE
Male,Loyal Customer,9,Personal Travel,Eco,125,1,5,1,5,1,1,1,1,1,3,1,3,1,1.92,0,0,FALSE
Female,Loyal Customer,51,Business Travel,Business,1632,2,5,5,5,4,2,2,2,2,2,2,1,1,2.69,0,0,FALSE
Female,Loyal Customer,34,Business Travel,Business,2212,1,1,1,1,5,4,4,2,2,2,2,4,3,2.46,0,0,TRUE
Female,Loyal Customer,52,Personal Travel,Eco,476,3,4,2,3,2,1,1,3,3,4,3,1,1,2.38,176,177,FALSE
Female,Disloyal Customer,36,Business Travel,Business,458,2,2,2,2,2,2,2,2,3,4,4,5,2,2.62,8,5,FALSE
Male,Loyal Customer,60,Personal Travel,Eco,182,3,3,3,4,2,3,4,2,2,3,1,4,2,2.77,0,0,FALSE
Female,Disloyal Customer,25,Business Travel,Business,325,3,5,3,2,5,3,5,5,3,4,5,5,5,4.08,1,0,FALSE
Male,Loyal Customer,31,Personal Travel,Eco,259,2,5,2,5,3,2,3,3,5,5,4,3,3,3.46,0,0,FALSE
Female,Loyal Customer,26,Business Travel,Eco Plus,1598,2,3,3,3,2,2,3,2,4,3,2,4,2,2.69,5,0,FALSE
Male,Loyal Customer,60,Personal Travel,Eco,954,2,3,2,2,2,2,2,2,5,3,5,3,2,2.69,6,0,FALSE
Female,Disloyal Customer,28,Business Travel,Eco,1074,2,2,2,1,5,2,5,5,2,3,2,5,5,3.15,26,21,TRUE
Male,Loyal Customer,48,Business Travel,Business,2338,4,4,4,4,2,5,4,5,5,5,5,3,4,4.15,12,3,TRUE
Male,Loyal Customer,10,Personal Travel,Eco,671,2,5,2,3,3,2,3,3,4,2,5,3,3,3.08,0,0,FALSE
Male,Loyal Customer,10,Business Travel,Business,1269,4,4,1,1,4,4,4,4,1,2,3,2,4,2.92,0,8,FALSE
Male,Disloyal Customer,40,Business Travel,Eco,551,1,0,1,3,5,1,5,5,4,5,1,5,5,3.15,73,80,FALSE
Male,Disloyal Customer,20,Business Travel,Eco,990,2,2,2,3,1,2,1,1,4,3,5,4,1,2.38,0,0,FALSE
Male,Loyal Customer,52,Personal Travel,Eco,1020,4,0,4,3,5,4,5,5,5,4,5,3,5,4,0,0,FALSE
Male,Loyal Customer,50,Business Travel,Business,247,2,2,2,2,2,4,4,4,4,4,4,5,5,3.38,0,0,TRUE
Male,Loyal Customer,48,Business Travel,Business,1621,2,1,1,1,5,4,4,2,2,2,2,1,2,2.23,0,0,FALSE
Female,Loyal Customer,66,Personal Travel,Eco Plus,599,3,3,3,1,5,1,4,1,1,3,2,1,2,2.31,7,19,FALSE
Female,Loyal Customer,46,Business Travel,Business,201,5,5,5,5,5,4,5,5,5,5,5,5,5,4.92,5,6,TRUE
Male,Loyal Customer,37,Personal Travel,Eco,163,2,4,2,3,3,2,4,3,5,4,4,5,3,3.38,0,0,FALSE
Male,Loyal Customer,50,Personal Travel,Eco,1303,2,5,2,3,3,2,3,3,4,4,4,4,3,3.23,0,0,FALSE
Female,Disloyal Customer,21,Business Travel,Eco,296,3,0,3,3,3,3,3,3,5,1,2,3,3,2.69,113,82,FALSE
Male,Loyal Customer,50,Personal Travel,Eco,1172,4,2,3,2,3,4,4,1,5,3,3,4,4,3.23,180,187,FALSE
Female,Loyal Customer,40,Business Travel,Business,575,5,5,5,5,4,5,4,4,4,4,4,5,5,4.54,0,0,TRUE
Male,Loyal Customer,33,Business Travel,Business,1598,3,3,3,3,2,2,2,2,1,3,3,2,2,2.38,9,5,TRUE
Male,Loyal Customer,37,Personal Travel,Eco Plus,1107,3,3,3,2,3,3,3,3,1,3,4,2,3,2.77,6,0,FALSE
Female,Loyal Customer,50,Personal Travel,Eco Plus,1065,2,5,2,4,5,5,4,5,5,2,1,5,4,3.77,0,0,FALSE
Female,Loyal Customer,16,Personal Travel,Eco,414,4,3,4,1,5,4,5,5,2,1,4,4,5,3.62,0,0,TRUE
Male,Loyal Customer,52,Personal Travel,Eco,1012,2,1,1,2,5,1,5,5,3,3,2,2,5,2.85,5,6,FALSE
Male,Loyal Customer,37,Business Travel,Eco,1384,4,5,5,5,4,4,4,4,3,3,5,4,4,4.15,0,29,TRUE
Male,Loyal Customer,13,Personal Travel,Eco,399,3,4,3,2,1,3,1,1,3,4,4,3,1,2.54,0,0,FALSE
Female,Loyal Customer,42,Business Travel,Eco,986,2,3,3,3,1,3,3,2,2,2,2,3,3,2.46,26,12,FALSE
Female,Loyal Customer,47,Personal Travel,Eco,1235,2,5,2,3,2,4,4,3,3,2,4,4,5,3.31,0,0,FALSE
Male,Loyal Customer,47,Business Travel,Business,1701,3,3,3,3,3,5,5,4,4,4,4,5,4,3.85,17,10,TRUE
Male,Loyal Customer,46,Business Travel,Business,3436,4,4,4,4,3,5,4,4,4,4,4,5,4,4.08,0,0,TRUE
Female,Disloyal Customer,38,Business Travel,Business,214,4,4,4,3,3,4,3,3,3,5,5,3,3,3.62,0,0,FALSE
Female,Loyal Customer,43,Business Travel,Business,3235,2,2,2,2,2,4,4,4,4,4,4,3,3,3.08,0,0,TRUE
Female,Loyal Customer,35,Business Travel,Business,3991,3,5,5,5,3,3,3,3,3,3,3,2,1,3.23,7,11,FALSE
Male,Loyal Customer,11,Personal Travel,Eco,160,4,4,0,2,2,0,2,2,5,3,4,4,2,2.62,0,0,FALSE
Male,Loyal Customer,41,Personal Travel,Eco,390,5,4,3,3,3,3,3,3,4,2,5,4,3,3.46,0,0,TRUE
Female,Loyal Customer,21,Business Travel,Business,1814,4,1,1,1,4,4,4,4,3,2,1,2,4,2.69,129,112,FALSE
Female,Loyal Customer,36,Personal Travel,Eco,373,3,4,3,3,3,3,4,3,4,4,4,1,3,3.23,16,28,FALSE
Male,Loyal Customer,35,Personal Travel,Eco,761,3,5,3,1,3,3,4,3,3,2,4,4,3,3.15,0,0,FALSE
Female,Loyal Customer,50,Business Travel,Eco Plus,516,5,1,1,1,1,1,2,5,5,5,5,4,1,2.85,7,0,TRUE
Male,Loyal Customer,15,Personal Travel,Eco,113,3,5,3,3,1,3,1,1,3,5,5,3,1,2.85,0,0,FALSE
Male,Loyal Customer,59,Business Travel,Business,331,1,1,4,1,4,3,3,1,1,1,1,3,3,2.08,53,46,FALSE
Male,Loyal Customer,23,Personal Travel,Eco Plus,1014,3,3,3,3,4,3,4,4,4,5,2,3,4,3.46,53,44,FALSE
Female,Loyal Customer,58,Business Travel,Business,529,3,3,3,3,5,2,1,4,4,4,4,1,3,3.08,0,0,TRUE
Male,Loyal Customer,56,Personal Travel,Eco,1087,3,1,3,3,2,3,2,2,1,2,3,2,2,2.23,0,,FALSE
Male,Loyal Customer,58,Business Travel,Eco Plus,604,4,1,2,1,4,4,4,4,3,5,3,2,4,3.15,0,0,TRUE
Female,Loyal Customer,57,Personal Travel,Eco,334,1,5,2,4,2,4,4,4,4,2,4,4,3,3.31,16,6,FALSE
Female,Loyal Customer,58,Personal Travel,Eco,639,1,4,1,5,4,5,5,4,4,1,4,4,4,3.54,14,13,FALSE
Male,Loyal Customer,69,Personal Travel,Eco Plus,449,2,4,2,1,1,2,1,1,4,5,4,3,1,2.38,57,41,FALSE
Female,Loyal Customer,31,Business Travel,Eco,4983,4,3,3,3,4,4,4,3,2,5,2,4,4,3.46,18,0,TRUE
Male,Loyal Customer,59,Business Travel,Business,3566,3,5,5,5,3,2,2,3,3,3,3,2,3,3.23,0,0,FALSE
Female,Loyal Customer,32,Business Travel,Eco,266,4,4,4,4,4,4,4,4,3,5,3,5,4,4,0,0,TRUE
Female,Disloyal Customer,43,Business Travel,Eco Plus,1011,4,4,4,4,3,4,3,3,2,1,3,4,3,3.23,0,0,FALSE
Male,Loyal Customer,62,Personal Travel,Eco,438,2,1,2,4,5,2,3,5,1,4,4,1,5,3,0,0,FALSE
Male,Disloyal Customer,44,Business Travel,Business,685,3,3,3,5,1,3,1,1,5,4,5,5,1,3.08,18,43,FALSE
Female,Loyal Customer,57,Business Travel,Business,1849,5,5,5,5,4,4,5,4,4,4,4,3,4,4.31,112,109,TRUE
Male,Loyal Customer,58,Business Travel,Eco Plus,191,3,3,3,3,3,3,3,3,3,4,4,2,3,3.08,0,0,FALSE
Male,Loyal Customer,44,Business Travel,Business,1452,5,5,5,5,4,4,4,2,2,2,2,5,3,3.69,1,3,TRUE
Female,Loyal Customer,58,Business Travel,Business,2486,5,5,5,5,3,4,5,4,4,4,4,4,4,4.31,0,0,TRUE
Female,Loyal Customer,62,Personal Travel,Eco,109,3,5,3,3,4,4,5,5,5,3,5,5,4,4.15,0,0,FALSE
Male,Loyal Customer,15,Personal Travel,Eco,393,3,1,3,4,3,3,3,3,4,3,3,3,3,3,0,0,FALSE
Male,Disloyal Customer,40,Business Travel,Business,787,3,3,3,3,3,3,3,3,5,2,4,4,3,3.23,0,0,FALSE
Male,Loyal Customer,33,Business Travel,Eco,459,4,2,2,2,4,4,4,4,3,1,3,2,4,3,35,67,FALSE
Female,Disloyal Customer,20,Business Travel,Eco,187,4,4,4,3,1,4,1,1,2,5,3,4,1,2.85,0,1,FALSE
Male,Loyal Customer,57,Personal Travel,Eco,846,2,5,2,4,3,2,3,3,4,2,5,3,3,3.15,0,0,FALSE
Male,Loyal Customer,45,Business Travel,Eco,270,3,1,1,1,3,3,3,3,1,2,3,4,3,2.38,0,0,FALSE
Female,Loyal Customer,56,Business Travel,Business,2724,3,3,3,3,3,5,5,5,5,5,5,3,5,4.08,0,0,TRUE
Female,Loyal Customer,59,Business Travel,Business,1819,4,4,4,4,3,1,3,4,4,4,4,3,5,3.62,32,14,TRUE
Female,Loyal Customer,39,Personal Travel,Eco,450,3,4,3,5,2,3,2,2,3,4,4,4,2,3.15,85,93,FALSE
Female,Loyal Customer,41,Business Travel,Business,1973,3,3,3,3,5,5,5,5,5,5,5,4,3,4.15,0,0,TRUE
Male,Loyal Customer,63,Business Travel,Business,601,4,5,5,5,4,3,2,4,4,4,4,2,2,3.69,1,1,FALSE
Male,Loyal Customer,57,Personal Travel,Eco,239,1,4,1,3,2,1,2,2,3,4,4,4,2,2.54,8,3,FALSE
Female,Loyal Customer,33,Business Travel,Business,342,1,4,1,1,1,4,3,5,5,5,5,1,3,3,4,0,TRUE
Female,Loyal Customer,39,Business Travel,Business,3372,4,4,4,4,2,4,5,5,5,5,5,5,3,4.23,0,0,TRUE
Male,Loyal Customer,51,Business Travel,Business,86,3,3,4,3,2,3,2,1,1,1,3,3,4,2.54,21,16,FALSE
Female,Loyal Customer,65,Personal Travel,Eco,605,2,4,3,4,4,4,5,4,4,3,4,4,3,3.69,0,5,FALSE
Female,Loyal Customer,62,Personal Travel,Eco Plus,590,3,3,2,3,5,4,4,2,2,2,2,2,4,2.92,0,3,FALSE
Male,Loyal Customer,40,Business Travel,Business,2554,4,4,3,4,2,4,4,5,5,5,5,5,5,4.23,44,36,TRUE
Male,Loyal Customer,28,Business Travel,Eco Plus,748,4,3,3,3,4,4,4,4,4,1,2,2,4,3.23,120,112,TRUE
Male,Loyal Customer,33,Business Travel,Business,1569,3,5,5,5,3,3,3,3,4,4,3,4,3,3.69,0,0,FALSE
Male,Loyal Customer,56,Business Travel,Eco,413,5,1,1,1,5,5,5,5,5,3,4,2,5,3.62,0,0,TRUE
Female,Loyal Customer,44,Business Travel,Business,3749,5,5,5,5,4,4,5,4,4,4,4,3,3,4.23,1,0,TRUE
Male,Loyal Customer,38,Business Travel,Business,861,5,5,5,5,3,5,5,4,4,4,4,4,5,4.46,0,0,TRUE
Female,Loyal Customer,33,Business Travel,Business,3716,5,5,5,5,5,5,4,5,5,5,5,4,3,4.69,0,0,TRUE
Male,Loyal Customer,59,Personal Travel,Eco,262,4,5,4,3,4,2,2,5,4,5,5,2,2,3.62,180,172,FALSE
Male,Loyal Customer,61,Personal Travel,Eco,323,2,5,2,2,4,2,4,4,4,4,3,5,4,3.46,0,0,FALSE
Female,Loyal Customer,53,Personal Travel,Eco,546,3,3,3,2,5,3,2,3,3,3,3,5,1,3,0,0,FALSE
Female,Loyal Customer,54,Business Travel,Business,2519,2,2,3,2,5,5,5,5,2,5,5,5,5,3.92,0,16,TRUE
Female,Loyal Customer,39,Business Travel,Business,821,1,3,3,3,1,4,4,1,1,1,1,1,3,2.08,12,32,FALSE
Female,Loyal Customer,13,Personal Travel,Eco,868,1,2,1,3,2,1,5,2,2,5,4,4,2,2.62,0,0,FALSE
Female,Loyal Customer,48,Business Travel,Business,2084,2,2,2,2,4,5,4,4,4,4,5,5,3,3.54,0,0,TRUE
Male,Loyal Customer,17,Business Travel,Eco Plus,462,2,5,5,5,2,2,3,2,2,1,3,2,2,2.77,22,21,FALSE
Male,Loyal Customer,52,Personal Travel,Eco,1874,5,3,5,3,2,5,2,2,2,4,4,4,2,3.31,0,0,TRUE
Female,Loyal Customer,12,Business Travel,Eco Plus,542,2,4,4,4,2,2,4,2,2,1,3,2,2,2.62,35,32,FALSE
Female,Loyal Customer,32,Business Travel,Business,2391,1,3,3,3,1,1,1,1,3,2,3,3,1,2,5,0,FALSE
Female,Loyal Customer,50,Personal Travel,Eco,481,2,2,2,2,2,3,3,5,5,2,5,2,2,2.85,5,0,FALSE
Male,Loyal Customer,46,Personal Travel,Eco,907,4,5,4,2,2,4,2,2,5,2,5,5,2,3.38,32,29,FALSE
Female,Loyal Customer,26,Business Travel,Business,846,5,5,4,5,5,5,5,5,4,5,5,5,5,4.85,0,0,TRUE
Female,Loyal Customer,40,Personal Travel,Eco,496,3,5,3,1,3,3,3,3,3,4,5,5,3,3.38,0,0,FALSE
Male,Disloyal Customer,22,Business Travel,Business,1242,0,0,0,2,3,0,3,3,3,4,4,3,3,2.15,0,2,TRUE
Male,Loyal Customer,42,Business Travel,Business,550,3,3,3,3,2,3,3,3,5,1,2,3,3,2.85,135,134,FALSE
Male,Disloyal Customer,38,Business Travel,Business,1087,3,3,3,3,2,3,2,2,2,3,2,2,2,2.46,0,0,FALSE
Male,Loyal Customer,68,Personal Travel,Business,370,2,4,2,1,3,2,4,2,2,2,2,1,2,2.23,12,10,FALSE
Male,Loyal Customer,25,Business Travel,Business,2239,2,2,2,2,5,5,5,5,5,2,3,1,5,3.38,0,0,TRUE
Female,Loyal Customer,18,Personal Travel,Eco Plus,446,3,5,3,1,5,3,5,5,4,2,4,3,5,3.69,0,0,FALSE
Female,Loyal Customer,23,Business Travel,Business,3204,1,3,3,3,1,1,1,1,2,1,3,4,1,1.92,76,90,FALSE
Male,Loyal Customer,66,Personal Travel,Eco,425,1,0,3,2,3,3,3,3,5,5,4,5,3,3.08,0,0,FALSE
Female,Loyal Customer,40,Business Travel,Business,1739,3,3,3,3,5,4,4,4,4,4,4,3,4,3.69,0,0,TRUE
Female,Loyal Customer,31,Personal Travel,Eco,756,2,3,2,3,2,2,2,2,3,1,3,4,2,2.38,27,27,FALSE
Male,Loyal Customer,41,Business Travel,Business,2231,2,2,2,2,2,4,5,5,5,5,5,5,4,3.69,12,4,TRUE
Female,Loyal Customer,12,Personal Travel,Eco Plus,89,1,4,1,3,3,1,3,3,4,5,5,2,3,2.92,0,0,FALSE
Female,Loyal Customer,61,Business Travel,Business,458,4,4,4,4,4,5,5,4,4,4,4,5,3,4.15,0,0,TRUE
Male,Loyal Customer,41,Business Travel,Business,280,2,3,3,3,5,4,3,2,2,3,2,2,1,2.69,0,0,FALSE
Female,Loyal Customer,26,Personal Travel,Eco,1824,3,4,3,4,4,3,5,4,3,4,3,3,4,3.62,0,0,FALSE
Female,Loyal Customer,36,Business Travel,Eco,2079,3,1,1,1,3,3,3,3,1,1,2,2,3,2.08,2,6,FALSE
Male,Loyal Customer,46,Personal Travel,Eco,432,1,4,1,4,4,1,4,4,4,1,4,1,4,2.85,4,0,FALSE
Male,Loyal Customer,20,Business Travel,Business,2800,1,1,1,1,5,5,5,5,3,5,5,4,5,3.54,0,0,TRUE
Male,Loyal Customer,36,Personal Travel,Eco,1020,1,5,1,3,4,1,4,4,5,3,5,5,4,3.46,11,2,FALSE
Male,Loyal Customer,50,Personal Travel,Eco,399,2,4,2,3,2,1,1,5,3,4,5,1,1,2.62,202,219,FALSE
Male,Loyal Customer,27,Business Travel,Eco,1721,5,5,5,5,5,5,5,5,2,5,3,3,5,4.46,0,0,TRUE
Male,Loyal Customer,22,Business Travel,Business,3294,3,4,1,4,3,3,3,3,4,3,3,4,3,3.15,0,0,FALSE
Female,Loyal Customer,34,Business Travel,Business,1488,1,1,1,1,2,5,4,4,4,4,4,3,5,3,0,0,TRUE
Male,Loyal Customer,8,Personal Travel,Eco,1744,1,5,0,3,5,0,4,5,3,2,5,4,5,3.23,1,0,FALSE
Male,Loyal Customer,12,Personal Travel,Eco,588,1,4,1,2,2,1,2,2,5,4,4,3,2,2.54,0,0,FALSE
Female,Loyal Customer,9,Business Travel,Business,3814,2,3,4,3,2,2,2,2,3,1,4,1,2,2.38,83,83,FALSE
Female,Disloyal Customer,44,Business Travel,Eco,192,3,4,3,1,3,3,3,3,1,5,4,2,3,2.92,0,0,FALSE
Male,Loyal Customer,35,Business Travel,Eco,156,3,4,4,4,3,3,3,3,4,1,3,2,3,3.08,0,0,FALSE
Male,Loyal Customer,59,Business Travel,Eco,844,4,3,3,3,4,4,4,4,2,2,4,1,4,3.23,0,0,TRUE
Female,Loyal Customer,64,Personal Travel,Eco,101,2,5,2,2,3,5,5,5,5,2,5,3,3,3.62,0,0,FALSE
Male,Loyal Customer,31,Business Travel,Business,1846,1,5,5,5,1,1,1,1,4,3,4,4,1,2.77,0,8,FALSE
Female,Loyal Customer,49,Personal Travel,Eco,409,3,5,3,1,2,4,5,1,1,3,3,5,5,3.15,0,15,FALSE
Male,Loyal Customer,54,Business Travel,Business,325,2,3,3,3,4,3,3,2,2,2,2,1,2,2.46,2,1,FALSE
Female,Disloyal Customer,26,Business Travel,Eco,333,3,2,3,3,2,3,2,2,1,3,4,2,2,2.46,19,18,FALSE
Female,Loyal Customer,10,Personal Travel,Eco,871,1,1,2,2,2,2,2,2,3,4,3,4,2,2.31,0,0,FALSE
Female,Loyal Customer,42,Business Travel,Business,2020,2,2,2,2,3,5,5,4,4,4,4,4,5,3.54,29,44,TRUE
Male,Loyal Customer,38,Business Travel,Business,3402,2,2,2,2,2,5,5,5,5,5,5,5,4,3.77,0,0,TRUE
Female,Loyal Customer,36,Personal Travel,Eco,2704,4,3,4,4,1,4,1,1,2,4,4,3,1,2.77,0,0,FALSE
Male,Loyal Customer,34,Personal Travel,Eco,1047,2,4,2,4,5,2,5,5,4,2,4,4,5,3.69,0,0,FALSE
Female,Loyal Customer,8,Business Travel,Business,1747,3,3,3,3,4,4,4,4,3,5,5,3,4,3.69,0,0,TRUE
Male,Loyal Customer,17,Personal Travel,Eco,196,2,5,2,4,3,2,1,3,5,4,5,3,3,3.23,65,75,FALSE
Male,Loyal Customer,53,Business Travel,Business,3339,3,3,3,3,5,4,4,5,5,5,5,3,5,4.08,0,14,TRUE
Male,Loyal Customer,39,Business Travel,Business,2460,0,1,1,5,5,5,4,3,3,3,3,5,5,3.31,45,45,TRUE
Female,Loyal Customer,25,Business Travel,Business,3355,2,4,4,4,2,2,2,2,4,2,3,1,2,2.62,41,34,FALSE
Female,Loyal Customer,23,Business Travel,Business,762,2,1,1,1,2,2,2,2,2,3,3,4,2,2.08,0,12,FALSE
Female,Disloyal Customer,43,Business Travel,Eco,369,4,3,4,4,4,4,4,4,5,4,2,4,4,3.85,0,0,FALSE
Female,Loyal Customer,37,Business Travel,Business,2157,1,1,1,1,1,2,3,5,5,5,5,4,1,2.69,0,0,TRUE
Male,Disloyal Customer,22,Business Travel,Eco,140,4,0,3,2,2,3,2,2,5,4,4,5,2,2.92,0,0,TRUE
Female,Loyal Customer,24,Business Travel,Business,2841,4,5,5,5,4,3,4,4,1,1,4,4,4,3.69,0,0,FALSE
Female,Loyal Customer,49,Business Travel,Business,1598,4,4,3,4,2,2,2,3,2,5,4,2,2,3,201,186,TRUE
Female,Loyal Customer,14,Personal Travel,Eco,1187,4,4,4,3,1,4,1,1,5,2,5,3,1,2.92,0,0,FALSE
Female,Loyal Customer,19,Personal Travel,Eco,444,1,4,1,4,3,1,3,3,4,2,5,4,3,2.92,4,4,FALSE
Male,Loyal Customer,38,Business Travel,Eco,125,3,5,5,5,3,3,3,3,4,5,3,3,3,3.69,29,24,FALSE
Female,Disloyal Customer,23,Business Travel,Eco,224,2,4,2,4,1,2,1,1,4,1,3,3,1,2.23,56,45,FALSE
Male,Loyal Customer,55,Business Travel,Business,1719,4,4,4,4,3,5,5,4,4,4,4,4,4,4.08,1,0,TRUE
Female,Loyal Customer,57,Business Travel,Business,2541,2,2,4,2,3,4,5,5,5,5,5,3,3,3.69,0,0,TRUE
Female,Loyal Customer,29,Personal Travel,Business,313,3,4,3,3,2,3,2,2,4,3,5,5,2,3.15,0,0,FALSE
Female,Loyal Customer,62,Personal Travel,Eco Plus,993,2,5,2,1,5,5,5,2,2,2,2,5,5,3.31,79,71,FALSE
Male,Loyal Customer,59,Business Travel,Business,2095,4,4,4,4,2,4,4,4,4,4,4,5,4,3.92,0,0,TRUE
Male,Loyal Customer,47,Personal Travel,Eco,679,1,4,1,2,2,1,2,2,5,3,4,5,2,2.62,0,0,FALSE
Male,Disloyal Customer,12,Business Travel,Business,1121,5,0,5,1,3,0,3,3,2,4,5,3,3,2.85,22,3,TRUE
Male,Loyal Customer,67,Business Travel,Eco Plus,216,5,1,1,1,5,5,5,5,1,2,3,4,5,3.31,0,0,TRUE
Female,Loyal Customer,45,Personal Travel,Eco,1121,1,4,1,3,2,5,4,4,4,1,2,3,5,3,0,13,FALSE
Female,Loyal Customer,43,Business Travel,Business,787,2,2,2,2,2,4,5,5,5,5,5,4,3,3.54,33,31,TRUE
Male,Loyal Customer,44,Business Travel,Business,2190,4,4,4,4,5,4,5,4,4,4,4,3,4,4.08,54,43,TRUE
Male,Loyal Customer,67,Personal Travel,Eco,651,2,2,2,4,5,2,5,5,4,4,3,4,5,3.62,0,0,FALSE
Female,Loyal Customer,40,Business Travel,Eco Plus,190,2,3,3,3,2,2,2,2,2,5,3,4,2,2.69,0,0,TRUE
Female,Loyal Customer,8,Personal Travel,Eco,102,0,4,0,1,1,0,1,1,4,3,4,3,1,1.77,1,2,TRUE
Female,Loyal Customer,43,Business Travel,Business,2538,3,1,1,1,5,4,3,3,3,3,3,1,2,2.54,128,130,FALSE
Female,Loyal Customer,11,Personal Travel,Eco,859,1,4,0,1,5,0,5,5,3,5,5,5,5,3.38,0,6,FALSE
Female,Loyal Customer,52,Business Travel,Business,1671,5,5,5,5,5,4,4,4,4,4,4,4,3,4.31,22,14,TRUE
Male,Loyal Customer,46,Business Travel,Business,326,5,5,5,5,5,1,2,4,4,4,4,1,4,3.77,0,5,TRUE
Male,Loyal Customer,50,Business Travel,Business,3926,3,3,3,3,4,5,5,5,5,5,5,3,4,4.08,0,0,TRUE
Female,Loyal Customer,41,Personal Travel,Eco Plus,946,3,2,3,2,5,2,3,4,4,3,3,3,3,3.08,0,1,FALSE
Female,Loyal Customer,37,Personal Travel,Business,772,2,5,2,3,1,1,1,5,5,2,5,2,4,2.92,0,2,FALSE
Male,Loyal Customer,60,Business Travel,Business,3028,3,3,3,3,3,4,4,5,5,4,5,4,5,3.92,30,44,TRUE
Female,Loyal Customer,50,Personal Travel,Eco,451,2,4,2,1,3,4,5,5,5,2,1,3,3,3.08,0,0,FALSE
Male,Loyal Customer,8,Personal Travel,Eco Plus,1642,5,5,5,1,4,5,4,4,5,3,3,4,4,4,0,0,TRUE
Male,Loyal Customer,27,Business Travel,Eco,546,5,1,1,1,5,5,5,5,5,5,2,1,5,3.54,0,0,TRUE
Female,Loyal Customer,44,Business Travel,Business,281,0,0,0,2,4,4,5,2,2,2,2,5,3,2.38,0,0,TRUE
Male,Loyal Customer,29,Personal Travel,Eco,448,5,2,1,4,3,1,3,3,3,5,4,3,3,3.08,0,0,TRUE
Female,Loyal Customer,32,Business Travel,Business,2445,2,4,4,4,2,3,2,2,1,5,3,2,2,2.77,14,21,FALSE
Female,Loyal Customer,65,Business Travel,Business,2552,2,2,2,2,4,4,5,2,2,2,2,4,4,2.85,0,0,TRUE
Male,Loyal Customer,53,Business Travel,Business,1711,2,2,2,2,2,5,4,5,5,5,5,4,4,3.62,3,0,TRUE
Female,Loyal Customer,46,Personal Travel,Eco,239,2,5,2,5,5,4,5,2,2,2,3,2,4,3.31,4,0,FALSE
Female,Loyal Customer,41,Business Travel,Business,2441,0,1,1,2,2,3,4,2,2,2,2,3,4,2.15,0,0,TRUE
Male,Loyal Customer,37,Business Travel,Business,1815,1,2,2,2,5,3,4,1,1,1,1,2,2,2.08,23,14,FALSE
Male,Loyal Customer,21,Personal Travel,Eco,214,2,4,2,4,4,2,1,4,3,1,2,5,4,2.92,4,0,FALSE
Male,Loyal Customer,45,Business Travel,Business,1788,3,3,3,3,1,1,5,5,5,5,5,1,2,3.23,99,94,TRUE
Female,Loyal Customer,49,Business Travel,Business,1979,1,4,1,1,4,5,5,5,5,5,5,5,5,3.92,32,5,TRUE
Male,Loyal Customer,50,Business Travel,Eco,575,5,3,3,3,5,5,5,5,1,3,5,4,5,4,8,52,TRUE
Male,Loyal Customer,58,Business Travel,Business,3041,5,5,5,5,4,4,5,5,5,5,5,3,5,4.69,0,0,TRUE
Female,Disloyal Customer,25,Business Travel,Eco,1053,2,2,2,3,2,2,2,2,4,2,3,1,2,2.23,6,1,FALSE
Male,Loyal Customer,40,Business Travel,Eco,425,5,5,5,5,5,5,5,5,1,3,2,3,5,4.15,0,7,TRUE
Male,Loyal Customer,54,Business Travel,Business,414,2,2,2,2,3,4,5,3,3,4,3,5,5,3.31,0,0,TRUE
Male,Disloyal Customer,25,Business Travel,Eco,550,1,4,1,2,5,1,5,5,5,4,5,2,5,3.46,0,0,FALSE
Male,Disloyal Customer,15,Business Travel,Eco,401,2,3,2,3,4,2,4,4,3,2,4,2,4,3,5,12,FALSE
Male,Disloyal Customer,22,Business Travel,Business,547,4,0,4,5,1,4,5,1,5,5,5,4,1,3.38,0,0,TRUE
Male,Loyal Customer,35,Personal Travel,Eco,631,3,5,3,4,3,3,3,3,5,3,5,4,3,3.62,7,13,FALSE
Male,Loyal Customer,38,Personal Travel,Eco,820,2,2,2,4,5,2,5,5,3,4,3,4,5,3.54,0,0,FALSE
Male,Loyal Customer,25,Business Travel,Eco,605,1,5,5,5,1,1,3,1,1,5,4,3,1,2.77,1,4,FALSE
Female,Loyal Customer,30,Business Travel,Business,641,2,1,4,1,2,2,2,2,3,1,3,1,2,2,7,12,FALSE
Female,Loyal Customer,35,Business Travel,Eco Plus,562,3,5,5,5,3,3,3,3,4,2,4,4,3,3.62,0,0,TRUE
Male,Loyal Customer,24,Business Travel,Business,2691,5,5,5,5,5,5,5,5,3,3,1,3,5,4.23,34,21,TRUE
Female,Loyal Customer,36,Personal Travel,Eco,1535,2,3,2,4,3,2,3,3,2,2,3,3,3,2.69,0,3,FALSE
Male,Loyal Customer,23,Business Travel,Eco,575,4,4,4,4,4,4,2,4,4,2,3,2,4,3.46,25,32,FALSE
Female,Loyal Customer,69,Business Travel,Eco Plus,306,2,2,2,2,2,3,4,2,2,2,2,3,3,2.38,7,14,FALSE
Female,Loyal Customer,29,Personal Travel,Eco,812,2,4,2,1,1,2,1,1,2,1,1,5,1,1.85,129,92,FALSE
Female,Loyal Customer,20,Business Travel,Business,436,3,2,2,2,3,2,3,3,2,1,4,2,3,2.46,50,33,FALSE
Female,Loyal Customer,15,Personal Travel,Eco,1121,3,4,3,3,3,3,3,3,4,3,5,5,3,3.46,16,25,FALSE
Female,Loyal Customer,46,Business Travel,Eco,853,2,5,5,5,3,4,5,2,2,2,2,5,1,3.31,51,58,TRUE
Female,Loyal Customer,66,Business Travel,Eco,326,5,2,2,2,2,4,1,5,5,5,5,2,3,3.31,0,0,TRUE
Female,Loyal Customer,55,Business Travel,Eco Plus,783,5,1,1,1,3,1,3,5,5,5,5,5,3,3.31,0,5,TRUE
Female,Disloyal Customer,29,Business Travel,Eco,967,3,3,3,4,4,3,4,4,3,4,3,1,4,3.31,52,23,FALSE
Male,Loyal Customer,64,Personal Travel,Eco,1411,2,4,2,1,1,2,1,1,5,1,3,3,1,2.08,0,0,FALSE
Female,Loyal Customer,16,Personal Travel,Eco,153,3,4,3,3,5,3,5,5,3,2,5,4,5,3.85,33,33,FALSE
Female,Loyal Customer,42,Business Travel,Business,1742,1,1,1,1,4,5,5,4,4,4,4,5,4,3.31,108,107,TRUE
Male,Loyal Customer,61,Personal Travel,Business,266,4,0,0,4,2,4,4,1,1,0,1,3,5,2.23,0,0,TRUE
Female,Loyal Customer,60,Business Travel,Business,895,4,4,4,4,5,4,4,3,3,2,3,3,4,3.62,0,0,TRUE
Female,Disloyal Customer,25,Business Travel,Business,1342,5,0,5,4,4,5,4,4,5,3,4,4,4,3.92,23,18,TRUE
Female,Loyal Customer,27,Personal Travel,Eco,401,3,1,3,3,1,3,1,1,4,4,3,4,1,2.46,0,0,FALSE
Female,Loyal Customer,29,Business Travel,Eco,1242,4,5,5,5,4,3,4,4,2,2,3,1,4,3.54,12,16,FALSE
Female,Loyal Customer,50,Business Travel,Business,868,4,4,1,4,2,5,5,3,3,3,3,4,5,3.54,4,0,TRUE
Female,Loyal Customer,55,Business Travel,Eco,229,4,1,1,1,1,2,2,4,4,4,4,2,3,2.54,61,53,TRUE
Male,Loyal Customer,9,Personal Travel,Eco Plus,259,0,4,0,3,1,0,1,1,5,3,2,2,1,1.77,0,0,TRUE
Female,Loyal Customer,47,Business Travel,Business,2309,4,4,2,4,5,4,4,4,4,4,4,4,3,3.85,0,0,TRUE
Female,Loyal Customer,40,Business Travel,Eco,1107,2,5,5,5,2,2,2,2,1,5,4,1,2,2.92,0,0,TRUE
Female,Disloyal Customer,23,Business Travel,Business,532,4,0,4,3,4,4,3,4,4,4,4,3,4,3.46,0,0,TRUE
Male,Loyal Customer,28,Business Travel,Business,606,1,1,1,1,1,1,1,1,4,4,4,1,1,1.69,58,64,FALSE
Male,Loyal Customer,49,Business Travel,Business,489,1,1,1,1,3,2,5,5,5,5,5,2,4,3.08,0,43,TRUE
Female,Loyal Customer,53,Personal Travel,Eco,73,4,4,0,1,4,4,4,1,1,0,1,4,5,2.54,0,0,FALSE
Female,Disloyal Customer,23,Business Travel,Eco,216,3,3,3,4,5,3,5,5,1,1,4,1,5,3.31,0,4,FALSE
Female,Loyal Customer,30,Business Travel,Business,3959,3,3,3,3,5,5,5,5,3,3,4,5,5,4,0,0,TRUE
Female,Loyal Customer,30,Business Travel,Eco Plus,2681,5,3,3,3,5,5,5,5,5,1,3,1,5,3.77,1,0,TRUE
Male,Disloyal Customer,22,Business Travel,Eco,528,1,0,1,3,2,1,2,2,5,2,5,4,2,2.31,0,0,FALSE
Female,Loyal Customer,33,Business Travel,Business,347,1,1,1,1,3,1,2,5,5,5,5,1,5,2.77,0,0,TRUE
Female,Loyal Customer,50,Business Travel,Business,1723,2,2,2,2,5,4,5,5,5,5,5,4,5,3.92,19,,TRUE
Female,Loyal Customer,17,Personal Travel,Eco,813,2,3,2,4,2,2,2,2,1,2,2,3,2,2.23,0,0,FALSE
Female,Disloyal Customer,39,Business Travel,Eco,211,5,0,5,3,4,5,4,4,3,5,4,3,4,3.77,7,0,TRUE
Male,Loyal Customer,17,Personal Travel,Eco,396,2,4,2,1,1,2,1,1,1,5,1,4,1,2,0,0,FALSE
Female,Loyal Customer,51,Business Travel,Eco Plus,817,2,5,5,5,5,5,3,2,2,2,2,1,4,3.31,1,0,TRUE
Female,Loyal Customer,42,Business Travel,Eco,944,5,2,2,2,1,2,1,4,4,5,4,1,1,2.62,0,0,TRUE
Male,Loyal Customer,57,Personal Travel,Eco,2475,3,4,4,3,2,4,2,2,5,3,3,5,2,3.23,1,19,FALSE
Female,Disloyal Customer,37,Business Travel,Eco,1342,1,1,1,1,1,4,4,2,4,3,4,4,4,2.62,0,13,FALSE
Female,Loyal Customer,33,Business Travel,Business,3107,2,4,4,4,3,4,4,1,1,1,2,1,1,2.46,0,7,FALSE
Male,Disloyal Customer,34,Business Travel,Eco,1608,2,3,3,3,1,2,1,1,1,2,5,2,1,2.08,0,0,FALSE
Male,Loyal Customer,38,Business Travel,Eco,1747,3,4,4,4,3,3,3,3,3,2,2,2,3,3,15,17,FALSE
Female,Loyal Customer,9,Personal Travel,Eco Plus,925,2,4,2,3,4,2,3,4,4,4,5,4,4,3.46,2,20,FALSE
Female,Loyal Customer,41,Business Travel,Business,2807,3,3,3,3,2,5,2,5,5,5,5,4,3,3.69,0,0,TRUE
Female,Disloyal Customer,40,Business Travel,Business,214,1,0,0,4,5,0,2,5,3,4,4,3,5,2.77,11,6,FALSE
Male,Loyal Customer,57,Personal Travel,Eco,201,3,5,3,3,1,3,3,1,1,5,5,3,1,2.85,70,67,FALSE
Male,Loyal Customer,38,Personal Travel,Business,867,4,3,4,4,3,4,4,2,2,4,2,3,4,3.31,0,0,TRUE
Male,Loyal Customer,50,Business Travel,Business,2891,5,5,5,5,4,5,5,4,4,4,4,4,3,4.38,0,0,TRUE
Male,Disloyal Customer,35,Business Travel,Eco,212,4,1,4,2,4,4,4,4,3,2,2,2,4,3.08,0,0,FALSE
Male,Loyal Customer,32,Business Travel,Business,409,1,4,4,4,1,1,1,1,4,4,4,2,1,2.46,83,125,FALSE
Female,Loyal Customer,40,Personal Travel,Eco Plus,1609,4,5,4,3,3,4,3,3,3,5,5,5,3,3.85,0,0,FALSE
Female,Loyal Customer,16,Personal Travel,Business,236,2,5,2,2,4,2,4,4,3,3,4,4,4,3.31,78,73,FALSE
Male,Loyal Customer,47,Business Travel,Eco,402,4,2,2,2,4,4,4,4,3,2,5,5,4,3.46,0,0,TRUE
Male,Loyal Customer,44,Business Travel,Eco,1313,2,2,2,2,2,2,2,2,2,4,2,2,2,2.15,0,0,FALSE
Female,Loyal Customer,67,Business Travel,Business,564,2,3,3,3,1,3,3,2,2,3,2,3,2,2.46,0,0,FALSE
Female,Loyal Customer,40,Personal Travel,Eco,472,2,3,1,4,2,1,2,2,3,4,2,1,2,2.23,0,0,FALSE
Female,Loyal Customer,74,Business Travel,Eco,349,2,2,2,2,5,3,4,2,2,2,2,3,1,2.46,24,17,FALSE
Female,Loyal Customer,7,Personal Travel,Eco,130,2,5,2,1,1,2,3,1,3,3,5,3,1,2.46,0,0,FALSE
Male,Loyal Customer,50,Business Travel,Eco Plus,201,5,1,1,1,5,5,5,5,4,3,3,5,5,3.69,1,0,TRUE
Female,Disloyal Customer,46,Business Travel,Business,1076,2,2,2,2,4,2,4,4,4,4,5,3,4,3.23,0,0,TRUE
Female,Loyal Customer,38,Business Travel,Eco,460,4,1,1,1,4,4,4,4,5,1,3,2,4,2.92,0,0,TRUE
Female,Disloyal Customer,20,Business Travel,Eco,928,3,3,3,3,2,3,2,2,4,4,4,5,2,3.08,31,12,FALSE
Female,Disloyal Customer,34,Business Travel,Eco,721,4,4,4,4,2,4,2,2,4,1,4,3,2,3.08,35,38,FALSE
Female,Loyal Customer,40,Business Travel,Business,628,4,4,4,4,5,2,3,4,4,4,4,2,3,3.62,20,21,FALSE
Female,Disloyal Customer,35,Business Travel,Eco,992,2,1,1,4,2,1,2,2,4,4,3,2,2,2.31,42,34,FALSE
Female,Loyal Customer,48,Personal Travel,Eco,1919,3,3,3,2,4,4,4,2,2,3,2,5,2,3,0,0,FALSE
Female,Loyal Customer,29,Personal Travel,Eco,341,3,2,3,3,2,3,5,2,3,5,4,2,2,3,0,0,FALSE
Female,Loyal Customer,41,Business Travel,Business,2454,2,2,2,2,5,5,5,3,1,5,1,5,5,3.31,71,65,TRUE
Female,Loyal Customer,67,Personal Travel,Business,341,2,5,2,3,2,5,4,3,3,2,3,3,4,3.15,0,0,FALSE
Male,Loyal Customer,59,Personal Travel,Eco,236,2,5,2,4,4,2,4,4,3,4,5,5,4,3.69,6,0,FALSE
Female,Loyal Customer,22,Personal Travel,Eco,419,3,5,3,5,1,3,1,1,1,4,2,5,1,2.69,38,45,FALSE
Male,Loyal Customer,35,Business Travel,Business,1647,2,3,5,3,2,3,4,2,2,2,2,1,4,2.69,40,31,FALSE
Male,Loyal Customer,50,Business Travel,Business,983,1,1,1,1,2,5,5,2,2,2,2,5,4,2.54,0,0,TRUE
Male,Loyal Customer,20,Business Travel,Eco Plus,589,2,1,1,1,2,2,3,2,2,4,4,2,2,2.15,17,8,FALSE
Female,Loyal Customer,44,Business Travel,Business,1521,4,4,4,4,3,4,4,4,4,4,4,3,4,3.85,101,97,TRUE
Female,Loyal Customer,34,Business Travel,Business,2038,5,5,5,5,5,5,5,2,2,2,2,4,4,3.92,0,16,TRUE
Male,Loyal Customer,25,Business Travel,Business,338,4,4,4,4,5,5,5,5,5,4,5,5,5,4.62,0,0,TRUE
Female,Loyal Customer,43,Business Travel,Business,1024,4,4,4,4,2,5,5,5,5,5,5,5,5,4.46,0,0,TRUE
Male,Loyal Customer,34,Business Travel,Business,391,4,4,4,4,1,3,3,4,4,4,4,1,2,3.23,4,0,TRUE
Male,Loyal Customer,9,Personal Travel,Eco,789,3,4,3,1,2,3,2,2,3,3,4,5,2,2.85,14,0,FALSE
Female,Loyal Customer,46,Personal Travel,Eco,814,2,0,2,3,1,3,3,1,1,2,1,1,3,1.77,0,0,FALSE
Female,Loyal Customer,61,Personal Travel,Eco,573,3,4,3,1,5,5,4,3,3,3,3,4,3,3.38,0,0,FALSE
Female,Disloyal Customer,22,Business Travel,Business,1312,5,3,5,2,5,5,5,5,5,2,3,5,5,4.23,0,0,TRUE
Female,Loyal Customer,59,Business Travel,Business,632,3,3,3,3,3,5,5,4,4,4,4,4,3,3.69,1,0,TRUE
Male,Loyal Customer,39,Personal Travel,Eco,347,3,5,3,3,1,3,1,1,4,5,5,3,1,2.92,32,19,FALSE
Female,Loyal Customer,50,Business Travel,Business,599,4,4,4,4,2,4,4,3,3,3,3,3,5,3.54,0,0,TRUE
Male,Loyal Customer,28,Personal Travel,Eco,475,3,3,3,2,2,3,2,2,5,4,2,1,2,2.62,4,44,FALSE
Male,Loyal Customer,40,Business Travel,Business,605,2,4,4,4,4,3,4,2,2,2,2,3,2,2.92,1,7,FALSE
Male,Loyal Customer,53,Business Travel,Business,1035,2,2,2,2,2,5,4,3,3,3,3,4,5,3.08,0,0,TRUE
Male,Loyal Customer,27,Personal Travel,Eco,2677,3,3,3,2,4,3,4,4,1,1,3,2,4,2.85,0,0,FALSE
Female,Loyal Customer,16,Personal Travel,Eco,1262,3,4,3,2,2,3,1,2,4,5,3,3,2,2.85,5,13,FALSE
Female,Loyal Customer,49,Business Travel,Business,1034,4,4,4,4,2,5,5,2,2,2,2,4,5,3.46,5,16,TRUE
Male,Loyal Customer,61,Business Travel,Eco,237,2,2,3,2,2,2,2,2,2,2,3,1,2,2.08,0,0,FALSE
Male,Disloyal Customer,18,Business Travel,Eco,785,0,0,0,4,2,0,2,2,3,5,4,2,2,2,3,0,TRUE
Male,Loyal Customer,50,Business Travel,Business,2751,4,4,4,4,1,3,5,3,3,4,3,5,5,3.69,0,0,TRUE
Female,Loyal Customer,68,Personal Travel,Eco Plus,328,2,3,2,3,1,4,4,4,4,2,4,3,3,3,4,3,FALSE
Male,Loyal Customer,54,Business Travel,Business,1936,3,3,3,3,4,3,4,3,3,3,3,1,1,2.85,0,0,FALSE
Female,Loyal Customer,70,Personal Travel,Eco,101,1,5,1,4,3,5,1,2,2,1,2,4,5,2.77,0,0,FALSE
Male,Loyal Customer,60,Business Travel,Business,3402,4,4,4,4,4,4,5,2,2,2,2,4,4,3.46,5,0,TRUE
Male,Disloyal Customer,55,Business Travel,Business,271,5,4,4,2,1,5,1,1,2,1,3,3,1,2.54,26,4,TRUE
Female,Loyal Customer,23,Personal Travel,Eco Plus,997,2,1,2,3,5,2,5,5,2,1,4,4,5,3.15,18,16,FALSE
Female,Disloyal Customer,25,Business Travel,Business,879,4,2,4,4,4,4,4,4,1,4,4,2,4,3.46,3,0,FALSE
Female,Loyal Customer,28,Business Travel,Business,1794,1,1,1,1,5,5,5,5,4,3,5,2,5,3.31,0,0,TRUE
Male,Loyal Customer,44,Business Travel,Business,3660,3,3,4,3,4,2,3,5,5,5,5,1,5,3.69,0,0,TRUE
Male,Loyal Customer,55,Business Travel,Business,3730,2,2,2,2,5,4,4,4,4,4,4,3,5,3.46,32,20,TRUE
Female,Loyal Customer,60,Business Travel,Business,2479,1,1,1,1,3,5,5,4,4,4,4,4,3,3.08,0,0,TRUE
Male,Loyal Customer,23,Personal Travel,Business,436,1,5,1,4,1,1,1,1,3,3,4,5,1,2.38,0,0,FALSE
Female,Loyal Customer,37,Personal Travel,Eco,547,3,0,3,3,1,3,5,1,5,2,5,3,1,2.69,84,77,FALSE
Female,Disloyal Customer,34,Business Travel,Business,488,2,3,3,2,3,3,3,3,4,4,4,4,3,3.15,25,32,FALSE
Female,Loyal Customer,41,Business Travel,Business,1576,2,1,1,1,1,4,4,2,2,2,2,2,2,2,0,10,FALSE
Male,Loyal Customer,29,Business Travel,Business,481,1,2,2,2,1,1,1,1,2,1,4,3,1,1.69,22,23,FALSE
Female,Loyal Customer,39,Business Travel,Business,1201,5,2,5,5,4,5,5,4,4,4,4,3,3,4.08,5,1,TRUE
Female,Loyal Customer,31,Business Travel,Business,1546,3,3,3,3,2,2,2,2,5,2,5,3,2,2.85,0,0,TRUE
Female,Disloyal Customer,18,Business Travel,Eco,2296,2,2,2,4,2,4,4,3,4,2,3,4,4,3.08,4,8,FALSE
Female,Loyal Customer,62,Personal Travel,Eco,677,1,2,1,4,4,3,3,3,3,1,3,4,3,2.69,0,0,FALSE
Male,Disloyal Customer,24,Business Travel,Eco,1130,2,2,2,4,2,5,1,4,2,3,4,1,1,2.54,0,0,FALSE
Male,Loyal Customer,50,Business Travel,Business,2682,0,5,0,5,4,5,3,5,5,5,5,5,3,3.85,2,0,TRUE
Female,Loyal Customer,41,Personal Travel,Eco,303,3,4,3,4,5,3,2,5,3,3,4,5,5,3.77,0,0,FALSE
Female,Loyal Customer,12,Personal Travel,Eco,2039,4,5,4,3,3,4,3,3,3,2,3,5,3,3.46,3,0,FALSE
Female,Loyal Customer,55,Business Travel,Eco,771,4,2,2,2,2,4,1,3,3,4,3,5,1,2.77,0,0,TRUE
Male,Loyal Customer,39,Business Travel,Business,2514,4,4,4,4,3,2,1,3,3,4,3,5,1,3.15,4,6,TRUE
Female,Loyal Customer,35,Personal Travel,Eco,594,1,3,1,3,4,1,4,4,2,5,4,3,4,3,26,18,FALSE
Female,Loyal Customer,23,Business Travel,Business,3759,1,1,4,1,5,5,5,5,3,4,3,4,5,3.54,0,0,TRUE
Male,Loyal Customer,40,Business Travel,Business,3173,2,5,5,5,1,4,3,2,2,2,2,1,4,2.92,3,0,FALSE
Male,Loyal Customer,29,Personal Travel,Business,331,2,1,2,4,2,2,2,2,1,2,3,3,2,2.15,0,0,FALSE
Female,Loyal Customer,18,Personal Travel,Eco,1660,3,3,3,5,3,3,3,3,3,4,5,5,3,3.54,0,0,FALSE
Female,Loyal Customer,21,Business Travel,Eco,160,4,2,2,2,4,4,4,4,3,4,4,3,4,3.38,83,78,FALSE
Male,Loyal Customer,26,Business Travel,Business,1276,2,5,4,5,2,2,2,2,2,3,4,2,2,2.85,37,23,FALSE
Male,Disloyal Customer,24,Business Travel,Eco,874,3,3,3,3,3,3,3,3,4,3,3,1,3,2.92,0,0,FALSE
Male,Disloyal Customer,28,Business Travel,Business,1310,2,2,2,2,1,2,1,1,3,3,4,5,1,2.23,36,50,FALSE
Male,Loyal Customer,29,Business Travel,Business,2306,1,4,4,4,1,1,1,1,4,3,4,4,1,2.54,3,1,FALSE
Male,Loyal Customer,40,Business Travel,Business,3837,4,4,4,4,2,4,5,4,4,4,4,3,3,3.77,0,0,TRUE
Male,Loyal Customer,27,Personal Travel,Eco,1440,0,5,0,4,4,0,4,4,3,4,5,4,4,3.15,3,0,TRUE
Male,Disloyal Customer,29,Business Travel,Eco,762,4,4,4,4,5,4,5,5,2,3,3,3,5,3.92,0,0,FALSE
Female,Loyal Customer,31,Personal Travel,Eco,251,5,5,5,1,3,5,3,3,4,5,5,3,3,3.85,0,0,TRUE
Male,Loyal Customer,44,Business Travel,Business,3383,2,2,3,2,2,2,4,5,5,5,5,5,4,3.54,70,,TRUE
Female,Disloyal Customer,22,Business Travel,Business,1189,4,4,4,1,5,4,5,5,3,5,4,4,5,4.08,6,0,TRUE
Male,Disloyal Customer,25,Business Travel,Business,821,2,3,2,3,5,2,5,5,1,5,4,4,5,3.54,16,9,FALSE
Female,Loyal Customer,43,Business Travel,Business,3323,5,5,5,5,4,4,5,5,5,5,5,3,3,4.54,0,0,TRUE
Female,Loyal Customer,25,Business Travel,Business,1464,3,3,3,3,5,5,5,5,3,2,4,3,5,3.77,0,0,TRUE
Female,Loyal Customer,11,Personal Travel,Eco,717,4,1,4,3,5,4,4,5,1,1,3,2,5,3.23,20,13,FALSE
Male,Loyal Customer,31,Business Travel,Business,3774,1,5,2,5,1,1,1,1,4,4,4,1,1,2.38,0,17,FALSE
Male,Loyal Customer,53,Business Travel,Business,1589,5,5,5,5,3,5,4,4,4,4,4,5,3,4.31,13,9,TRUE
Male,Disloyal Customer,26,Business Travel,Business,1171,3,3,3,3,3,3,3,3,1,1,3,4,3,2.77,124,117,FALSE
Female,Disloyal Customer,43,Business Travel,Eco,474,2,0,2,4,1,2,1,1,1,3,2,2,1,1.69,0,0,FALSE
Female,Disloyal Customer,38,Business Travel,Business,590,5,5,5,3,5,5,5,5,4,4,5,3,5,4.54,0,0,TRUE
Female,Loyal Customer,24,Business Travel,Business,679,4,4,4,4,5,5,5,5,4,1,5,4,5,4.23,39,24,TRUE
Female,Loyal Customer,48,Business Travel,Business,1625,1,2,2,2,3,3,4,1,1,1,1,1,2,1.85,9,25,FALSE
Male,Loyal Customer,60,Personal Travel,Eco,780,1,4,1,4,3,1,3,3,2,2,3,2,3,2.46,0,0,FALSE
Male,Loyal Customer,39,Business Travel,Business,1530,2,1,5,1,3,4,3,1,1,1,2,3,4,2.38,1,1,FALSE
Female,Loyal Customer,77,Business Travel,Business,2859,3,3,3,3,3,3,2,3,3,3,3,4,1,2.85,0,4,FALSE
Female,Loyal Customer,37,Personal Travel,Eco,972,1,1,1,2,2,1,2,2,1,4,2,4,2,1.92,0,0,FALSE
Female,Loyal Customer,47,Business Travel,Business,2793,3,3,3,3,5,4,4,4,4,4,4,5,3,3.77,0,0,TRUE
Female,Disloyal Customer,16,Business Travel,Eco,200,3,2,3,4,4,3,4,4,2,1,4,1,4,3,4,0,FALSE
Male,Disloyal Customer,22,Business Travel,Business,528,5,0,5,4,2,5,2,2,4,4,5,3,2,3.31,10,1,TRUE
Male,Loyal Customer,7,Personal Travel,Eco,240,4,4,4,5,3,4,3,3,5,3,5,4,3,3.85,39,68,TRUE
Male,Loyal Customer,31,Business Travel,Business,1944,2,3,2,2,4,4,4,4,1,4,3,5,4,3.23,0,1,TRUE
Male,Loyal Customer,10,Personal Travel,Eco,247,2,5,2,5,4,2,4,4,4,5,4,3,4,3.69,4,0,FALSE
Female,Loyal Customer,9,Business Travel,Eco,842,2,2,3,2,2,2,1,2,2,4,4,3,2,2.38,10,25,FALSE
Male,Disloyal Customer,20,Business Travel,Eco,551,2,0,2,2,2,2,5,2,1,4,5,3,2,2.46,0,0,FALSE
Male,Loyal Customer,64,Business Travel,Business,3399,3,3,3,3,4,3,3,3,3,2,3,2,4,3,0,0,FALSE
Male,Loyal Customer,36,Personal Travel,Eco,2586,2,4,2,5,1,2,1,1,5,4,3,4,1,2.69,4,0,FALSE
Female,Loyal Customer,43,Personal Travel,Eco,547,2,5,2,3,4,5,3,1,1,2,1,5,4,2.92,6,0,FALSE
Female,Loyal Customer,45,Business Travel,Business,2182,2,2,5,2,4,4,4,5,5,5,5,3,5,3.92,0,0,TRUE
Male,Loyal Customer,38,Personal Travel,Eco Plus,594,2,2,2,4,4,2,4,4,4,4,4,2,4,3.23,32,24,FALSE
Male,Loyal Customer,60,Business Travel,Business,2825,2,2,2,2,1,2,5,5,5,5,5,1,4,3.15,5,0,TRUE
Female,Loyal Customer,39,Business Travel,Eco,1521,1,4,4,4,1,1,1,1,1,5,4,2,1,2.31,21,21,FALSE
Female,Loyal Customer,61,Business Travel,Eco,304,4,4,4,4,4,1,5,5,5,4,5,1,2,3.69,0,0,TRUE
Male,Loyal Customer,55,Business Travel,Business,3987,1,1,1,1,2,4,4,4,4,4,4,5,3,2.92,0,0,TRUE
Female,Loyal Customer,52,Business Travel,Business,2236,2,3,3,3,3,4,4,2,2,2,2,4,3,2.85,27,28,FALSE
Female,Loyal Customer,58,Personal Travel,Eco,846,1,5,1,2,5,3,3,3,3,1,2,4,4,2.85,43,30,FALSE
Female,Disloyal Customer,62,Business Travel,Business,852,3,3,3,1,1,3,1,1,5,2,5,5,1,2.62,0,0,FALSE
Male,Loyal Customer,44,Business Travel,Business,3050,2,2,2,2,5,4,4,4,4,4,4,3,4,3.38,0,3,TRUE
Male,Loyal Customer,35,Personal Travel,Eco,102,2,4,0,1,4,0,5,4,1,4,3,3,4,2.69,3,0,FALSE
Male,Loyal Customer,53,Personal Travel,Eco,235,3,5,3,3,3,3,3,3,5,2,5,3,3,3.38,64,93,FALSE
Male,Loyal Customer,49,Business Travel,Business,929,2,2,2,2,2,4,5,5,5,5,5,5,5,3.77,32,20,TRUE
Male,Loyal Customer,26,Personal Travel,Eco Plus,331,3,4,3,1,5,3,5,5,4,4,5,3,5,3.85,3,0,FALSE
Female,Loyal Customer,55,Business Travel,Business,1162,1,1,1,1,2,5,4,5,5,5,5,3,3,3.15,2,19,TRUE
Female,Loyal Customer,63,Personal Travel,Eco,717,4,4,4,4,2,5,5,5,5,4,4,4,5,4.23,0,0,FALSE
Male,Loyal Customer,54,Business Travel,Business,2063,4,4,4,4,3,5,4,5,5,5,5,4,5,4.38,0,0,TRUE
Male,Loyal Customer,53,Business Travel,Business,391,1,1,1,1,4,3,1,5,5,5,5,5,5,3.23,4,0,TRUE
Male,Loyal Customer,69,Personal Travel,Eco,319,4,2,4,4,4,3,3,2,4,4,3,3,3,3.31,192,190,FALSE
Male,Loyal Customer,41,Business Travel,Eco,1048,1,4,4,4,1,1,1,1,2,2,3,3,1,2.15,15,11,FALSE
Male,Loyal Customer,31,Personal Travel,Eco,1521,4,4,4,3,3,4,3,3,4,3,4,2,3,3.38,0,0,FALSE
Female,Loyal Customer,37,Business Travel,Business,2446,5,5,5,5,2,3,5,5,5,5,5,4,5,4.54,0,0,TRUE
Male,Loyal Customer,61,Personal Travel,Eco,1986,4,1,4,3,3,4,3,3,2,3,3,2,3,2.92,16,0,FALSE
Male,Loyal Customer,52,Business Travel,Eco Plus,450,4,4,4,4,4,4,4,4,5,2,2,2,4,3.62,13,8,TRUE
Male,Disloyal Customer,61,Business Travel,Business,362,5,3,3,1,3,5,3,3,5,2,4,5,3,3.46,3,0,TRUE
Female,Loyal Customer,52,Business Travel,Business,2827,4,4,4,4,4,5,4,5,5,5,5,3,4,4.31,0,0,TRUE
Female,Loyal Customer,51,Personal Travel,Eco Plus,972,3,5,3,4,2,4,4,5,5,3,5,3,5,3.92,61,52,FALSE
Male,Loyal Customer,52,Business Travel,Eco,1174,1,2,2,2,1,1,1,1,3,4,4,2,1,1.92,0,0,FALSE
Female,Loyal Customer,43,Business Travel,Business,190,3,3,4,3,3,2,3,4,4,4,4,4,4,3.46,0,0,TRUE
Male,Loyal Customer,56,Personal Travel,Eco,1522,2,5,2,3,1,2,1,1,5,3,5,3,1,2.62,0,0,FALSE
Male,Loyal Customer,10,Personal Travel,Eco,447,2,4,2,1,5,2,5,5,5,2,4,3,5,3.46,27,28,FALSE
Male,Loyal Customer,46,Personal Travel,Eco Plus,731,1,4,1,4,5,1,5,5,1,2,3,2,5,3,113,103,FALSE
Male,Disloyal Customer,30,Business Travel,Eco,545,1,0,1,4,3,1,1,3,5,3,2,4,3,2.38,0,0,FALSE
Male,Loyal Customer,43,Business Travel,Business,2300,4,3,3,3,5,4,4,4,4,4,4,1,2,3.46,3,0,FALSE
Male,Loyal Customer,50,Business Travel,Business,3898,3,3,3,3,5,5,5,4,4,4,4,3,4,3.85,46,33,TRUE
Male,Loyal Customer,33,Business Travel,Business,2829,2,2,2,2,4,4,4,4,2,3,4,1,4,2.92,17,19,TRUE
Female,Loyal Customer,44,Business Travel,Business,2556,2,2,2,2,3,4,4,5,5,5,5,3,5,3.62,6,0,TRUE
Male,Loyal Customer,55,Business Travel,Eco,447,4,3,5,5,4,4,4,4,1,4,1,4,4,3.62,0,0,TRUE
Female,Disloyal Customer,21,Business Travel,Eco,997,2,2,2,3,5,2,5,5,3,3,5,5,5,3.62,0,0,FALSE
Male,Loyal Customer,40,Business Travel,Business,2300,5,5,4,5,2,3,4,4,4,4,4,4,4,4,0,0,TRUE
Female,Loyal Customer,17,Business Travel,Business,236,4,4,1,4,4,4,4,4,3,3,3,1,4,3.31,0,0,TRUE
Male,Loyal Customer,45,Personal Travel,Eco,189,1,5,0,1,5,0,2,5,5,5,4,3,5,3.15,0,0,FALSE
Female,Loyal Customer,32,Business Travel,Business,3629,2,2,5,2,5,5,5,5,5,4,5,5,5,4.23,1,1,TRUE
Male,Loyal Customer,53,Business Travel,Business,447,2,2,2,2,2,4,4,2,2,2,2,5,3,2.62,0,3,TRUE
Female,Disloyal Customer,21,Business Travel,Eco,913,2,2,2,2,2,2,2,2,3,3,5,1,2,2.31,9,,FALSE
Male,Loyal Customer,15,Personal Travel,Eco,899,2,3,2,2,2,2,2,2,2,1,3,2,2,2.08,12,1,FALSE
Female,Disloyal Customer,38,Business Travel,Eco,1187,5,4,4,3,2,4,2,2,1,2,2,4,2,2.85,0,0,TRUE
Female,Loyal Customer,13,Personal Travel,Eco,255,4,5,4,3,2,4,2,2,1,2,5,3,2,3,0,0,TRUE
Male,Loyal Customer,54,Business Travel,Business,3509,4,4,4,4,5,4,5,2,2,2,2,5,1,3.38,0,0,TRUE
Female,Loyal Customer,47,Business Travel,Eco Plus,323,2,1,1,1,5,4,3,3,3,2,3,3,1,2.46,0,0,FALSE
Male,Loyal Customer,49,Business Travel,Business,436,3,3,3,3,4,5,5,4,4,4,4,4,5,3.92,49,62,TRUE
Female,Loyal Customer,45,Business Travel,Eco Plus,551,2,5,5,5,1,3,2,2,2,2,2,3,2,2.77,21,8,FALSE
Male,Disloyal Customer,23,Business Travel,Eco,657,4,4,4,3,3,4,3,3,4,1,2,2,3,3.08,0,0,TRUE
Female,Loyal Customer,39,Business Travel,Eco,458,2,3,3,3,2,2,2,2,4,2,4,1,2,2.46,8,11,FALSE
Female,Loyal Customer,38,Business Travel,Business,916,5,2,5,5,5,4,2,2,2,2,2,2,2,3.08,0,0,TRUE
Male,Loyal Customer,44,Personal Travel,Eco,640,3,5,3,1,2,3,2,2,5,3,4,4,2,3,95,94,FALSE
Male,Loyal Customer,47,Business Travel,Business,427,3,1,1,1,1,4,3,3,3,2,3,1,1,2.08,0,0,FALSE
Female,Loyal Customer,38,Business Travel,Eco,867,3,2,2,2,3,4,3,3,1,5,3,4,3,2.92,19,115,TRUE
Male,Loyal Customer,41,Business Travel,Business,2531,3,2,4,4,3,4,4,3,3,3,3,1,4,3.15,29,33,FALSE
Male,Loyal Customer,49,Business Travel,Business,3637,4,4,4,4,2,4,5,5,5,5,5,3,3,4.08,10,8,TRUE
Male,Loyal Customer,53,Business Travel,Business,1751,1,1,4,1,3,5,4,4,4,4,4,4,4,3.31,0,0,TRUE
Female,Loyal Customer,39,Business Travel,Eco,479,3,3,3,3,3,3,3,3,1,2,4,2,3,2.77,0,0,FALSE
Female,Loyal Customer,38,Business Travel,Business,3737,0,4,0,1,3,5,4,2,2,2,2,5,3,2.54,0,0,TRUE
Male,Loyal Customer,41,Business Travel,Business,2992,2,2,2,2,5,5,5,5,5,5,5,4,4,3.92,4,0,TRUE
Female,Loyal Customer,66,Business Travel,Eco,331,4,5,5,5,2,3,3,3,3,4,3,2,3,3.46,0,0,TRUE
Male,Loyal Customer,72,Business Travel,Business,2241,4,4,4,4,3,2,2,4,4,4,4,1,4,3.38,61,60,FALSE
Female,Disloyal Customer,38,Business Travel,Eco Plus,319,4,4,4,4,4,4,4,4,3,2,3,1,4,3.46,0,0,FALSE
Female,Loyal Customer,67,Personal Travel,Eco,574,1,5,1,2,5,5,4,1,1,1,4,4,3,2.85,30,38,FALSE
Female,Disloyal Customer,22,Business Travel,Eco,895,1,1,1,2,4,1,4,4,5,4,5,5,4,3.15,47,52,FALSE
Male,Loyal Customer,39,Business Travel,Eco,1674,5,1,1,1,5,5,5,5,4,5,5,5,5,4,0,0,TRUE
Female,Loyal Customer,47,Business Travel,Business,3245,1,1,5,1,3,4,5,5,5,5,5,3,4,3.62,0,0,TRUE
Male,Loyal Customer,28,Business Travel,Business,1709,2,2,2,2,4,4,4,4,5,3,5,5,4,3.54,0,14,TRUE
Male,Disloyal Customer,34,Business Travel,Eco,318,2,4,2,5,3,2,3,3,4,4,4,3,3,3.23,0,11,FALSE
Male,Loyal Customer,53,Business Travel,Eco,86,2,1,3,1,2,2,2,2,4,4,4,1,2,2.31,42,48,FALSE
Male,Loyal Customer,27,Business Travel,Business,2230,4,3,3,3,4,4,4,4,1,3,3,3,4,3.31,47,48,FALSE
Male,Disloyal Customer,28,Business Travel,Business,1065,5,5,5,1,3,5,3,3,4,3,5,5,3,3.85,9,12,TRUE
Male,Loyal Customer,52,Personal Travel,Eco,110,0,1,0,3,2,0,2,2,1,5,2,2,2,1.69,0,7,TRUE
Male,Loyal Customer,35,Personal Travel,Eco,500,4,5,4,3,4,4,4,4,3,4,4,5,4,4,0,0,TRUE
Female,Loyal Customer,50,Personal Travel,Eco,1416,3,5,3,3,5,3,4,1,1,3,1,5,4,3.15,0,14,FALSE
Female,Loyal Customer,68,Personal Travel,Eco,1164,2,5,2,1,2,4,4,1,1,2,1,3,5,2.54,38,43,FALSE
Female,Loyal Customer,50,Business Travel,Business,3556,3,3,3,3,5,5,4,2,2,2,2,4,5,3.31,2,0,TRUE
Male,Loyal Customer,29,Personal Travel,Eco Plus,270,4,5,4,5,1,4,1,1,5,2,4,3,1,3.08,7,11,FALSE
Male,Loyal Customer,19,Personal Travel,Eco,588,1,5,1,1,2,1,2,2,5,5,5,4,2,2.77,6,0,FALSE
Male,Disloyal Customer,24,Business Travel,Eco,590,1,1,1,2,1,1,1,1,1,4,2,4,1,1.62,15,7,FALSE
Male,Loyal Customer,68,Personal Travel,Eco,1020,2,2,2,2,3,2,3,3,3,2,2,1,3,2.31,5,5,FALSE
Male,Loyal Customer,50,Business Travel,Eco Plus,187,3,2,2,2,2,3,2,2,5,3,4,3,2,2.69,0,0,TRUE
Male,Loyal Customer,28,Business Travel,Eco,402,5,5,5,5,5,5,5,5,1,2,4,3,5,4.23,0,0,TRUE
Male,Loyal Customer,70,Personal Travel,Business,366,2,5,2,1,1,1,5,3,3,2,3,1,5,2.62,0,0,FALSE
Male,Disloyal Customer,27,Business Travel,Business,1947,5,5,5,2,1,5,1,1,5,2,4,5,1,3.23,0,0,TRUE
Male,Loyal Customer,67,Personal Travel,Eco,637,2,4,2,1,3,2,3,3,3,2,5,5,3,2.92,17,28,FALSE
Male,Loyal Customer,32,Business Travel,Business,3278,4,5,5,5,4,4,4,4,4,4,3,4,4,4.15,0,3,FALSE
Female,Loyal Customer,45,Business Travel,Business,347,4,4,4,4,2,4,5,4,4,4,4,5,4,4,1,0,TRUE
Male,Loyal Customer,34,Personal Travel,Eco Plus,417,2,2,2,3,5,2,5,5,4,5,4,1,5,3.46,5,0,FALSE
Male,Disloyal Customer,18,Business Travel,Eco,872,3,3,3,3,3,5,5,1,2,3,3,5,5,3.38,168,165,FALSE
Male,Loyal Customer,46,Personal Travel,Eco,468,2,3,2,4,4,2,4,4,1,2,3,2,4,2.85,2,0,FALSE
Female,Loyal Customer,62,Business Travel,Business,577,5,5,1,5,2,5,5,5,5,5,5,3,5,4.31,0,3,TRUE
Male,Loyal Customer,30,Business Travel,Business,3470,2,2,2,2,4,4,4,4,5,2,4,4,4,3.31,0,0,TRUE
Male,Loyal Customer,33,Business Travel,Business,1909,5,5,5,5,3,4,3,3,4,4,2,4,3,3.85,0,0,TRUE
Female,Disloyal Customer,28,Business Travel,Business,1096,2,2,2,1,4,2,2,4,4,4,5,5,4,3.15,0,7,FALSE
Male,Loyal Customer,31,Business Travel,Business,3492,2,3,3,3,2,2,2,2,4,3,3,3,2,2.62,0,0,FALSE
Male,Loyal Customer,62,Personal Travel,Eco,432,2,4,2,2,2,2,1,2,4,5,4,5,2,2.85,1,0,FALSE
Female,Loyal Customer,31,Personal Travel,Eco,125,1,1,1,1,3,1,3,3,4,3,2,4,3,2.31,5,0,FALSE
Female,Disloyal Customer,39,Business Travel,Business,2556,4,4,4,3,3,4,3,3,2,2,3,1,3,3,1,0,FALSE
Female,Loyal Customer,53,Business Travel,Business,802,4,4,4,4,5,5,5,5,5,5,5,4,5,4.62,45,37,TRUE
Male,Disloyal Customer,28,Business Travel,Business,448,2,2,2,1,5,2,5,5,3,3,4,3,5,3.23,30,13,FALSE
Female,Loyal Customer,24,Personal Travel,Eco,1014,2,4,2,1,1,2,4,1,4,1,4,1,1,2.15,0,0,FALSE
Male,Loyal Customer,58,Business Travel,Eco,802,3,2,2,2,4,3,4,4,3,3,3,2,4,3,0,0,FALSE
Female,Loyal Customer,8,Personal Travel,Eco,1092,3,5,3,4,4,3,4,4,5,2,3,1,4,3.46,35,34,FALSE
Female,Loyal Customer,36,Business Travel,Business,3341,3,2,2,2,2,4,3,3,3,3,3,4,2,2.77,0,0,FALSE
Male,Loyal Customer,9,Personal Travel,Eco Plus,448,2,4,2,2,2,2,2,2,5,4,4,5,2,2.92,34,25,FALSE
Female,Loyal Customer,62,Personal Travel,Eco Plus,569,2,5,2,3,2,3,3,4,4,2,4,3,5,3.23,1,0,FALSE
Female,Loyal Customer,33,Personal Travel,Eco,641,4,4,4,4,4,4,4,4,3,3,4,4,4,3.85,0,0,FALSE
Female,Loyal Customer,27,Business Travel,Business,1527,5,5,5,5,4,3,4,4,5,3,4,3,4,4.15,0,45,TRUE
Female,Loyal Customer,41,Business Travel,Business,125,2,2,2,2,1,1,3,3,3,4,4,3,1,2.38,16,10,TRUE
Female,Loyal Customer,53,Business Travel,Business,1399,1,1,1,1,3,2,2,1,1,1,1,3,2,1.54,72,68,FALSE
Male,Loyal Customer,22,Personal Travel,Eco,89,2,4,2,1,4,2,4,4,3,5,4,5,4,3.38,30,38,FALSE
Female,Disloyal Customer,60,Business Travel,Business,1142,4,4,4,2,2,4,2,2,5,4,4,5,2,3.38,0,0,FALSE
Female,Loyal Customer,55,Personal Travel,Eco,447,2,4,2,3,5,3,1,3,3,2,3,4,1,2.77,0,0,FALSE
Female,Loyal Customer,49,Personal Travel,Eco,273,1,1,1,4,1,3,3,4,4,1,4,1,2,2.31,10,8,FALSE
Male,Loyal Customer,72,Business Travel,Business,475,3,4,3,3,4,2,2,3,3,3,3,4,1,2.92,15,,FALSE
Male,Loyal Customer,7,Personal Travel,Eco,711,1,5,1,4,5,1,5,5,3,3,4,1,5,3.31,13,16,FALSE
Male,Loyal Customer,63,Personal Travel,Eco,491,2,4,2,3,2,2,2,2,4,5,4,2,2,2.77,6,0,FALSE
Female,Loyal Customer,46,Personal Travel,Business,468,5,5,5,2,4,4,4,3,3,5,2,5,5,4,0,0,TRUE
Female,Loyal Customer,40,Business Travel,Eco,163,3,4,4,4,3,2,3,3,1,5,3,2,3,3.08,0,0,FALSE
Male,Loyal Customer,38,Personal Travel,Eco,591,2,3,1,5,3,1,4,3,3,5,4,4,3,3.15,0,0,FALSE
Female,Loyal Customer,58,Business Travel,Business,2714,1,1,2,1,2,5,4,4,4,4,4,3,4,3,1,0,TRUE
Male,Loyal Customer,61,Personal Travel,Eco,1576,4,5,4,1,4,4,4,4,5,5,5,4,4,4.08,0,0,TRUE
Male,Loyal Customer,36,Business Travel,Business,1613,4,4,4,4,1,2,2,5,5,5,5,2,4,3.62,108,99,TRUE
Female,Loyal Customer,66,Personal Travel,Eco,438,1,5,1,1,5,5,5,3,3,1,3,4,3,3.08,2,0,FALSE
Female,Loyal Customer,57,Business Travel,Business,2665,2,2,2,2,3,3,3,2,2,2,2,1,1,2.08,22,11,FALSE
Female,Disloyal Customer,42,Business Travel,Eco,226,3,1,3,2,1,3,1,1,4,5,3,2,1,2.31,0,0,FALSE
Male,Loyal Customer,48,Business Travel,Business,1450,5,5,5,5,5,4,4,4,4,4,4,4,3,4.31,0,8,TRUE
Female,Loyal Customer,57,Business Travel,Business,2218,2,2,4,2,4,4,4,5,5,5,5,5,4,3.92,0,5,TRUE
Female,Loyal Customer,46,Business Travel,Business,585,4,4,4,4,2,4,5,5,5,5,5,4,4,4.23,0,3,TRUE
Male,Loyal Customer,61,Business Travel,Eco,842,5,4,4,4,5,5,5,5,5,3,1,1,5,4,0,4,TRUE
Female,Loyal Customer,57,Business Travel,Business,2303,3,3,3,3,5,4,5,5,5,5,5,5,5,4.31,9,2,TRUE
Female,Loyal Customer,12,Personal Travel,Eco,334,4,5,4,3,5,4,5,5,4,3,4,5,5,4.31,0,0,FALSE
Female,Loyal Customer,53,Business Travel,Business,310,1,1,1,1,5,4,4,4,4,5,4,5,5,3.38,55,70,TRUE
Male,Loyal Customer,40,Business Travel,Business,2544,3,3,3,3,5,4,5,4,4,4,4,3,4,3.77,17,0,TRUE
Male,Loyal Customer,27,Business Travel,Business,2341,3,5,5,5,3,3,3,3,4,3,4,1,3,3.46,0,0,FALSE
Female,Loyal Customer,36,Business Travel,Business,2501,3,3,3,3,3,3,4,3,3,3,3,4,1,3,12,11,FALSE
Male,Loyal Customer,10,Personal Travel,Eco Plus,201,2,5,2,2,4,2,3,4,5,5,5,5,4,3.69,0,4,FALSE
Male,Loyal Customer,46,Business Travel,Business,328,0,0,0,3,1,5,4,3,3,3,5,4,2,2.54,0,0,TRUE
Male,Loyal Customer,26,Personal Travel,Eco,200,2,1,2,2,2,2,2,2,4,3,2,2,2,2.15,37,37,FALSE
Male,Loyal Customer,49,Business Travel,Business,2403,3,2,3,3,3,4,4,2,2,2,2,4,5,3,0,0,TRUE
Female,Loyal Customer,33,Business Travel,Business,2079,1,1,4,1,3,3,5,3,3,4,3,5,5,3.15,0,0,TRUE
Male,Loyal Customer,45,Business Travel,Business,1242,3,3,3,3,5,5,5,3,3,2,5,5,5,3.85,126,134,TRUE
Female,Loyal Customer,31,Business Travel,Business,3087,2,5,5,5,2,1,2,2,1,2,3,1,2,2.54,27,44,FALSE
Female,Disloyal Customer,38,Business Travel,Business,404,4,4,4,4,5,4,5,5,5,5,4,4,5,4.46,0,0,TRUE
Female,Disloyal Customer,27,Business Travel,Business,1182,4,4,4,4,3,4,4,3,5,3,4,5,3,3.85,0,0,TRUE
Male,Loyal Customer,27,Business Travel,Eco Plus,799,4,1,4,1,4,4,4,4,3,4,4,5,4,3.54,0,0,TRUE
Female,Loyal Customer,39,Business Travel,Business,480,3,3,3,3,2,4,5,4,4,4,4,3,5,3.62,2,12,TRUE
Female,Loyal Customer,65,Personal Travel,Eco,273,1,5,2,3,3,1,5,4,4,2,1,3,2,2.77,2,0,FALSE
Female,Loyal Customer,59,Business Travel,Business,2172,2,2,2,2,4,4,4,4,4,5,4,3,3,3.31,3,0,TRUE
Female,Loyal Customer,31,Personal Travel,Eco,159,1,5,1,3,4,1,4,4,4,3,4,5,4,3.31,2,5,FALSE
Male,Loyal Customer,36,Business Travel,Business,2586,2,2,2,2,2,3,5,5,5,5,5,3,5,3.54,0,0,TRUE
Male,Loyal Customer,61,Personal Travel,Eco,201,3,4,3,3,3,3,1,3,2,3,3,2,3,2.77,0,5,FALSE
Female,Loyal Customer,48,Business Travel,Business,3822,1,1,1,1,3,4,4,4,4,4,4,5,4,3.08,0,6,TRUE
Female,Loyal Customer,53,Business Travel,Eco,1099,3,2,2,2,4,3,4,3,3,3,3,3,1,2.77,0,0,FALSE
Female,Loyal Customer,32,Business Travel,Business,641,2,2,2,2,5,5,5,5,1,3,5,2,5,3.38,15,0,TRUE
Male,Disloyal Customer,28,Business Travel,Business,1035,0,0,0,3,2,0,3,2,4,4,5,3,2,2.15,0,4,TRUE
Female,Loyal Customer,69,Personal Travel,Eco Plus,1846,2,3,1,4,5,4,2,2,2,1,2,4,5,2.85,0,0,FALSE
Female,Loyal Customer,45,Business Travel,Eco,748,4,5,5,5,3,1,3,4,4,4,4,4,4,3.85,76,71,TRUE
Male,Loyal Customer,33,Personal Travel,Business,641,2,4,2,2,2,2,2,2,3,5,5,4,2,2.85,48,55,FALSE
Female,Loyal Customer,46,Personal Travel,Business,247,2,5,2,3,3,4,5,1,1,2,1,4,4,2.85,0,0,FALSE
Female,Loyal Customer,45,Business Travel,Business,2215,2,1,1,1,5,2,2,2,2,2,2,4,3,2.23,14,16,FALSE
Male,Loyal Customer,28,Business Travel,Business,1744,1,1,1,1,5,4,5,5,5,3,4,3,5,3.31,0,0,TRUE
Male,Loyal Customer,65,Personal Travel,Eco,728,1,2,1,4,1,1,1,1,3,5,4,3,1,2.15,0,0,FALSE
Female,Loyal Customer,10,Personal Travel,Eco,2227,2,3,2,3,4,2,4,4,1,4,2,3,4,2.92,0,4,FALSE
Male,Loyal Customer,54,Business Travel,Business,2775,1,2,2,2,2,2,2,1,1,1,1,1,3,1.62,0,0,FALSE
Female,Loyal Customer,63,Personal Travel,Eco,1874,4,3,4,3,2,4,4,2,2,4,2,1,4,3,0,0,FALSE
Male,Loyal Customer,56,Business Travel,Business,3602,2,2,2,2,3,5,4,5,5,5,5,4,4,3.69,0,0,TRUE
Male,Loyal Customer,56,Business Travel,Business,356,4,4,4,4,2,5,4,4,4,4,4,3,3,3.77,45,27,TRUE
Female,Loyal Customer,44,Business Travel,Business,2081,4,4,4,4,5,5,5,3,2,5,1,5,5,4,126,133,TRUE
Male,Loyal Customer,55,Personal Travel,Eco,2496,2,2,2,3,2,2,2,2,3,1,2,4,2,2.23,5,2,FALSE
Female,Disloyal Customer,38,Business Travel,Business,1009,2,2,2,3,2,2,3,2,3,5,4,3,2,2.69,0,0,FALSE
Male,Loyal Customer,60,Personal Travel,Eco,584,3,5,3,3,3,3,2,3,3,4,4,4,3,3.31,0,0,FALSE
Female,Disloyal Customer,26,Business Travel,Business,761,5,5,5,2,4,5,4,4,4,5,5,3,4,4.23,50,53,TRUE
Male,Loyal Customer,35,Business Travel,Eco,369,4,4,4,4,4,4,4,4,3,1,4,1,4,3.46,17,6,FALSE
Male,Loyal Customer,52,Business Travel,Business,421,2,2,2,2,5,3,2,4,4,4,4,5,3,3.23,1,10,TRUE
Female,Loyal Customer,54,Business Travel,Business,2100,3,3,3,3,4,4,4,4,4,5,4,4,3,3.69,25,13,TRUE
Male,Loyal Customer,51,Business Travel,Business,3185,1,1,1,1,4,5,4,5,5,5,5,4,3,3.38,0,0,TRUE
Male,Disloyal Customer,27,Business Travel,Eco,401,1,4,2,4,3,2,3,3,1,3,5,3,3,2.85,0,0,FALSE
Female,Loyal Customer,31,Personal Travel,Eco,956,2,5,2,1,5,2,5,5,4,5,5,5,5,3.92,0,8,FALSE
Male,Loyal Customer,15,Personal Travel,Eco,685,4,4,4,3,1,4,1,1,2,3,4,4,1,2.77,0,0,FALSE
Male,Loyal Customer,55,Business Travel,Business,2132,4,4,4,4,2,5,5,5,5,5,5,4,3,4.23,3,0,TRUE
Male,Loyal Customer,14,Personal Travel,Eco,748,1,5,1,4,4,1,4,4,3,2,1,5,4,3,0,0,FALSE
Male,Loyal Customer,41,Business Travel,Business,731,2,2,2,2,2,5,4,5,5,5,5,4,5,3.69,0,0,TRUE
Male,Loyal Customer,26,Personal Travel,Eco,1670,1,0,1,2,1,1,1,1,3,2,5,5,1,1.85,0,3,FALSE
Male,Loyal Customer,23,Business Travel,Eco,331,5,3,3,3,5,5,4,5,1,5,4,4,5,4,48,43,TRUE
Male,Loyal Customer,42,Business Travel,Eco,816,2,5,5,5,3,2,3,3,2,2,3,3,3,3.15,85,81,FALSE
Female,Loyal Customer,61,Personal Travel,Eco,160,4,4,4,3,2,4,4,4,4,4,4,3,5,3.77,0,0,FALSE
Female,Loyal Customer,69,Personal Travel,Eco,160,3,3,3,3,3,4,4,1,1,3,1,4,1,2.62,0,0,FALSE
Male,Disloyal Customer,24,Business Travel,Eco,566,0,5,0,2,5,0,3,5,3,5,4,5,5,3.23,1,0,TRUE
Male,Disloyal Customer,25,Business Travel,Business,840,5,0,4,2,5,4,5,5,4,3,4,5,5,3.92,0,0,TRUE
Male,Loyal Customer,61,Personal Travel,Eco,647,5,5,5,5,3,5,4,3,1,1,5,5,3,3.85,0,0,TRUE
Female,Loyal Customer,62,Business Travel,Business,461,3,4,4,4,3,3,4,3,3,3,3,4,2,3.31,45,52,FALSE
Female,Loyal Customer,35,Business Travel,Business,3528,1,5,5,5,1,3,3,1,1,1,1,2,1,2.31,0,6,FALSE
Male,Loyal Customer,37,Business Travel,Business,290,2,2,2,2,4,4,5,4,4,4,4,3,4,3.38,0,0,TRUE
Male,Loyal Customer,61,Personal Travel,Eco,651,2,5,2,4,3,2,3,3,5,3,1,5,3,3.15,0,0,FALSE
Female,Disloyal Customer,26,Business Travel,Eco,448,2,3,2,1,1,2,1,1,2,4,5,2,1,2.08,0,0,FALSE
Male,Loyal Customer,43,Business Travel,Business,2355,3,3,4,3,4,1,5,5,5,5,5,2,2,3.62,47,51,TRUE
Female,Loyal Customer,47,Business Travel,Eco,1061,4,5,5,5,1,3,4,4,4,4,4,2,1,3.54,0,2,FALSE
Male,Disloyal Customer,25,Business Travel,Business,468,2,0,2,4,5,2,5,5,4,5,4,3,5,3.54,22,22,FALSE
Male,Disloyal Customer,23,Business Travel,Eco,1182,2,2,2,3,5,2,5,5,4,2,5,3,5,3.46,0,0,FALSE
Female,Loyal Customer,50,Business Travel,Business,1646,2,2,2,2,4,5,5,5,5,5,5,5,3,3.85,35,36,TRUE
Male,Loyal Customer,48,Business Travel,Business,2437,1,5,5,5,3,2,3,1,1,1,1,3,2,2.54,0,0,FALSE
Female,Loyal Customer,41,Business Travel,Eco,416,5,2,2,2,5,5,5,5,4,1,1,4,5,3.54,10,5,TRUE
Male,Loyal Customer,23,Business Travel,Eco,658,5,5,2,2,5,5,4,5,2,2,5,4,5,3.92,0,4,TRUE
Male,Loyal Customer,37,Business Travel,Business,2946,5,5,4,5,3,5,5,4,4,4,4,5,3,4.31,4,3,TRUE
Male,Disloyal Customer,30,Business Travel,Eco,95,2,5,2,4,3,2,2,3,2,4,2,5,3,3,0,0,FALSE
Female,Loyal Customer,66,Business Travel,Business,196,2,3,3,3,4,3,2,3,3,2,2,1,3,2.62,82,71,FALSE
Male,Loyal Customer,18,Business Travel,Business,1096,4,4,4,4,4,4,4,4,2,2,4,4,4,3.69,0,0,TRUE
Male,Loyal Customer,46,Personal Travel,Eco,1085,3,4,3,3,2,3,2,2,3,1,4,4,2,2.77,2,0,FALSE
Male,Loyal Customer,44,Business Travel,Eco,892,2,2,2,2,1,2,1,1,3,5,4,3,1,2.23,0,8,FALSE
Male,Loyal Customer,47,Business Travel,Business,588,5,5,4,5,3,4,5,4,4,4,4,3,5,4.23,63,120,TRUE
Female,Loyal Customer,35,Business Travel,Business,836,3,3,3,3,2,5,5,5,5,5,5,5,4,4.08,0,0,TRUE
Male,Loyal Customer,30,Personal Travel,Eco Plus,228,2,4,2,3,3,2,3,3,3,1,4,1,3,2.62,0,0,FALSE
Female,Loyal Customer,60,Business Travel,Business,444,2,2,3,2,5,4,5,4,4,4,4,4,3,3.54,0,7,TRUE
Male,Disloyal Customer,50,Business Travel,Eco Plus,1844,1,1,1,4,4,1,4,4,3,5,4,3,4,3,11,18,FALSE
Female,Disloyal Customer,25,Business Travel,Eco,192,1,3,1,3,5,1,5,5,4,3,2,1,5,3,0,0,FALSE
Male,Loyal Customer,20,Business Travel,Business,3836,2,2,2,2,5,5,4,5,3,4,4,5,5,3.69,0,0,TRUE
Male,Disloyal Customer,23,Business Travel,Eco,405,2,2,2,3,2,2,2,2,1,3,3,2,2,2.15,0,0,FALSE
Female,Loyal Customer,41,Business Travel,Business,580,2,2,2,2,4,4,4,3,3,4,3,3,3,3,3,7,TRUE
Male,Loyal Customer,35,Business Travel,Business,3799,3,3,3,3,3,4,5,5,5,5,5,3,4,3.92,0,0,TRUE
Female,Loyal Customer,42,Business Travel,Eco Plus,4817,2,2,2,2,2,2,2,2,4,1,3,2,2,2.15,17,14,FALSE
Female,Loyal Customer,29,Business Travel,Business,209,5,5,4,5,5,5,5,5,3,3,5,4,5,4.54,0,2,TRUE
Male,Loyal Customer,47,Business Travel,Business,3485,2,2,3,2,4,4,4,4,4,4,4,3,5,3.46,0,0,TRUE
Female,Loyal Customer,7,Personal Travel,Eco,453,3,1,3,4,4,3,4,4,3,5,4,2,4,3.38,13,5,FALSE
Female,Loyal Customer,49,Business Travel,Business,3417,4,4,2,4,2,4,4,4,4,4,4,4,5,3.77,0,0,TRUE
Male,Disloyal Customer,25,Business Travel,Eco,1020,1,1,1,4,3,1,3,3,1,5,4,2,3,2.46,0,10,FALSE
Male,Loyal Customer,45,Personal Travel,Eco,1045,1,4,1,4,5,1,5,5,2,3,4,3,5,3.31,0,0,FALSE
Female,Loyal Customer,31,Business Travel,Business,1390,3,2,2,2,3,3,3,3,4,4,4,3,3,3,7,12,FALSE
Female,Disloyal Customer,44,Business Travel,Eco,1073,1,1,1,2,2,1,2,2,5,3,3,4,2,2.23,0,0,FALSE
Female,Loyal Customer,39,Business Travel,Eco,805,4,3,3,3,4,4,4,4,5,2,2,5,4,3.62,94,104,TRUE
Female,Disloyal Customer,48,Business Travel,Eco Plus,199,2,2,2,3,3,2,5,3,2,4,3,3,3,2.85,55,49,FALSE
Male,Loyal Customer,38,Business Travel,Eco,583,5,1,1,1,5,5,5,2,2,1,4,5,5,3.23,300,290,TRUE
Female,Loyal Customer,31,Business Travel,Business,1782,5,4,5,5,5,5,5,5,5,5,4,4,5,4.77,0,0,TRUE
Female,Disloyal Customer,23,Business Travel,Eco,628,2,0,2,3,4,2,4,4,4,5,5,3,4,3.23,35,22,FALSE
Male,Loyal Customer,9,Business Travel,Eco Plus,1635,4,2,2,2,4,4,3,4,2,1,4,1,4,2.85,0,0,FALSE
Female,Loyal Customer,46,Business Travel,Business,1514,3,3,3,3,5,5,5,4,4,4,4,4,5,4,1,0,TRUE
Male,Loyal Customer,38,Business Travel,Eco,1190,5,3,3,3,5,4,5,5,3,1,3,2,5,3.62,10,9,TRUE
Female,Loyal Customer,29,Personal Travel,Eco,1444,1,0,2,2,5,2,2,5,5,4,4,5,5,3.23,19,36,FALSE
Female,Disloyal Customer,39,Business Travel,Eco Plus,201,3,3,3,1,4,3,4,4,2,2,2,2,4,2.85,0,0,FALSE
Female,Loyal Customer,54,Business Travel,Business,2053,4,5,4,4,2,5,3,4,4,4,4,2,3,3.69,0,0,TRUE
Female,Loyal Customer,43,Business Travel,Business,618,4,4,4,4,1,4,4,4,4,4,4,4,3,3.69,0,0,TRUE
Male,Loyal Customer,12,Business Travel,Business,528,3,3,3,3,3,3,3,3,2,4,3,2,3,2.92,0,0,FALSE
Male,Loyal Customer,42,Business Travel,Business,2514,5,5,5,5,4,4,4,4,4,4,4,3,4,4.23,0,0,TRUE
Female,Loyal Customer,49,Business Travel,Eco,209,3,1,1,1,4,3,4,3,3,3,3,4,4,2.85,0,0,FALSE
Male,Disloyal Customer,24,Business Travel,Eco,436,4,3,4,3,4,4,5,4,3,3,3,2,4,3.54,0,0,FALSE
Female,Loyal Customer,30,Personal Travel,Eco,447,1,2,1,4,1,4,4,3,3,4,4,4,4,3,145,138,FALSE
Female,Disloyal Customer,24,Business Travel,Eco,337,3,5,3,5,1,3,1,1,3,5,4,4,1,3,79,88,FALSE
Female,Disloyal Customer,34,Business Travel,Eco,650,2,1,2,3,4,2,4,4,1,4,3,2,4,2.77,6,0,FALSE
Male,Loyal Customer,76,Business Travel,Business,270,0,0,0,3,3,4,3,2,2,2,2,4,1,2,0,0,TRUE
Female,Loyal Customer,29,Business Travel,Eco Plus,1416,0,0,0,2,3,0,2,3,4,1,1,5,3,1.85,0,0,TRUE
Male,Loyal Customer,30,Business Travel,Business,3441,1,1,1,1,4,4,4,4,2,4,2,3,4,2.69,0,0,TRUE
Male,Loyal Customer,56,Personal Travel,Eco Plus,1846,4,5,4,1,4,4,4,4,2,3,5,1,4,3.46,0,0,TRUE
Female,Loyal Customer,38,Business Travel,Business,3242,5,5,4,5,4,1,1,3,3,5,3,5,1,3.46,0,0,TRUE
Female,Loyal Customer,24,Business Travel,Eco Plus,1733,4,4,4,4,4,3,1,4,4,5,1,2,4,3.38,7,15,FALSE
Male,Loyal Customer,49,Business Travel,Eco,1208,3,5,5,5,3,3,3,3,4,1,5,3,3,3.54,0,2,TRUE
Male,Disloyal Customer,24,Business Travel,Eco,1590,4,4,4,1,3,4,3,3,3,3,5,3,3,3.31,0,7,TRUE
Female,Loyal Customer,35,Personal Travel,Eco,528,4,4,4,4,4,4,4,4,5,3,4,3,4,3.92,1,0,TRUE
Male,Loyal Customer,60,Personal Travel,Eco,696,2,4,2,1,3,2,3,3,4,2,5,3,3,2.85,0,0,FALSE
Male,Loyal Customer,40,Personal Travel,Eco,964,2,4,2,1,4,2,4,4,3,4,4,3,4,3.15,0,0,FALSE
Male,Loyal Customer,23,Business Travel,Business,2805,1,4,4,4,1,1,1,1,3,3,3,1,1,2.15,0,0,FALSE
Female,Loyal Customer,12,Personal Travel,Eco,2446,1,4,1,2,1,1,1,1,5,4,4,5,1,2.38,8,0,FALSE
Male,Loyal Customer,60,Business Travel,Business,84,2,2,1,2,5,5,4,5,5,5,5,3,5,3.77,46,57,TRUE
Female,Disloyal Customer,25,Business Travel,Business,304,3,0,3,3,1,3,1,1,4,5,5,5,1,2.69,0,27,FALSE
Male,Loyal Customer,34,Personal Travel,Eco,1999,5,5,5,5,5,5,5,5,4,2,5,5,5,4.69,34,26,TRUE
Female,Loyal Customer,24,Business Travel,Business,3666,3,2,2,2,3,3,3,3,4,3,2,2,3,2.69,0,0,FALSE
Male,Loyal Customer,51,Business Travel,Business,338,2,2,2,2,1,2,3,2,2,2,2,2,3,2.08,43,38,FALSE
Female,Loyal Customer,55,Personal Travel,Eco,484,2,0,2,4,4,4,4,5,5,2,5,4,5,3.54,3,0,FALSE
Male,Loyal Customer,57,Business Travel,Business,2576,5,5,5,5,5,5,5,4,2,4,5,5,5,4.62,146,135,TRUE
Female,Loyal Customer,47,Business Travel,Business,3384,2,2,2,2,5,5,5,4,4,4,4,5,4,3.69,0,0,TRUE
Male,Loyal Customer,41,Business Travel,Business,1521,5,3,5,5,5,5,5,4,4,4,4,5,5,4.54,0,0,TRUE
Male,Loyal Customer,47,Personal Travel,Eco,293,3,3,3,1,1,3,4,1,3,1,1,5,1,2.31,0,16,FALSE
Male,Loyal Customer,57,Business Travel,Business,910,4,4,4,4,4,4,4,3,3,3,3,5,3,3.69,0,0,TRUE
Female,Loyal Customer,40,Business Travel,Business,236,0,0,0,1,5,5,4,1,1,1,1,5,4,2.15,1,10,TRUE
Male,Loyal Customer,22,Personal Travel,Eco,1737,3,4,3,4,1,3,1,1,4,3,3,4,1,2.69,0,1,FALSE
Female,Loyal Customer,41,Business Travel,Eco,401,2,2,5,2,2,2,2,2,1,5,2,4,2,2.54,6,0,TRUE
Male,Loyal Customer,62,Personal Travel,Eco,409,3,5,3,1,4,3,4,4,5,2,5,4,4,3.62,0,0,FALSE
Female,Disloyal Customer,65,Business Travel,Business,472,5,5,5,1,5,5,5,5,3,2,4,4,5,4.15,2,10,TRUE
Male,Loyal Customer,63,Personal Travel,Eco,571,4,4,4,5,5,4,5,5,4,5,5,3,5,4.46,3,2,TRUE
Female,Loyal Customer,72,Business Travel,Eco Plus,1197,4,4,4,4,4,3,2,4,4,4,4,3,2,3.54,24,12,FALSE
Male,Disloyal Customer,26,Business Travel,Business,550,2,3,3,2,1,3,1,1,4,5,5,5,1,2.77,0,0,FALSE
Female,Loyal Customer,23,Business Travel,Business,639,4,5,5,5,4,4,4,4,4,3,4,1,4,3.92,90,87,FALSE
Female,Disloyal Customer,22,Business Travel,Eco,420,4,4,4,5,1,4,1,1,4,3,5,5,1,3.23,0,0,TRUE
Male,Loyal Customer,42,Business Travel,Business,452,4,4,4,4,3,5,4,5,5,5,5,5,3,4.31,0,15,TRUE
Male,Loyal Customer,14,Personal Travel,Eco,1065,3,4,3,3,3,3,3,3,3,3,5,5,3,3.38,0,0,FALSE
Male,Loyal Customer,38,Business Travel,Business,3559,4,5,5,5,1,1,2,4,4,4,4,2,1,3.23,34,34,FALSE
Female,Loyal Customer,22,Personal Travel,Eco,409,0,1,0,3,2,0,2,2,2,2,3,1,2,1.54,0,0,TRUE
Female,Loyal Customer,43,Business Travel,Eco Plus,964,3,4,4,4,1,3,3,3,3,3,3,4,4,3.23,23,16,FALSE
Male,Loyal Customer,49,Business Travel,Business,3752,4,2,2,2,4,3,2,4,4,4,4,4,4,3.31,0,0,FALSE
Female,Loyal Customer,59,Business Travel,Eco,802,1,4,4,4,1,1,1,3,2,4,4,1,1,2.38,138,119,FALSE
Female,Disloyal Customer,26,Business Travel,Eco,1598,2,2,2,2,3,2,3,3,5,1,4,2,3,2.62,1,0,FALSE
Male,Loyal Customer,35,Business Travel,Business,1656,2,2,2,2,5,5,3,4,4,4,4,2,4,3.31,1,0,TRUE
Female,Loyal Customer,30,Personal Travel,Eco,402,3,4,3,5,5,3,5,5,5,5,5,5,5,4.46,0,0,FALSE
Male,Loyal Customer,16,Personal Travel,Eco,445,3,4,3,3,3,3,3,3,5,4,5,2,3,3.38,43,26,FALSE
Male,Loyal Customer,45,Personal Travel,Eco,1249,3,5,3,5,4,3,4,4,3,5,3,5,4,3.92,0,10,FALSE
Male,Loyal Customer,44,Business Travel,Business,1979,5,5,5,5,4,4,5,4,4,4,4,4,3,4.31,13,24,TRUE
Female,Loyal Customer,64,Business Travel,Business,1725,1,1,1,1,4,4,5,5,5,5,5,4,5,3.54,0,2,TRUE
Male,Loyal Customer,18,Personal Travel,Eco,937,2,3,2,4,1,2,1,1,5,2,1,5,1,2.31,6,1,FALSE
Female,Loyal Customer,13,Personal Travel,Eco,728,3,3,3,5,4,3,1,4,2,3,2,2,4,3,17,48,FALSE
Male,Loyal Customer,55,Business Travel,Business,369,5,5,5,5,2,4,4,5,5,5,5,3,4,4.38,1,0,TRUE
Female,Loyal Customer,49,Business Travel,Business,2161,3,4,3,3,5,5,4,5,5,5,5,4,5,4.31,65,59,TRUE
Male,Loyal Customer,44,Business Travel,Eco,1014,4,4,4,4,4,4,4,4,1,2,4,4,4,3.62,0,13,FALSE
Female,Loyal Customer,51,Business Travel,Business,1692,5,5,5,5,5,4,5,4,4,4,4,3,5,4.46,0,0,TRUE
Male,Loyal Customer,43,Personal Travel,Eco,859,3,3,3,3,4,3,4,4,2,1,4,2,4,3.08,32,17,FALSE
Female,Disloyal Customer,8,Business Travel,Eco,628,3,1,3,3,3,3,3,3,1,1,3,4,3,2.62,37,34,FALSE
Female,Loyal Customer,23,Business Travel,Eco Plus,1024,3,5,5,5,3,2,3,3,3,1,4,1,3,3.15,20,13,FALSE
Male,Loyal Customer,45,Business Travel,Business,332,2,2,2,2,4,5,5,5,5,4,5,4,5,3.85,0,0,TRUE
Male,Loyal Customer,63,Personal Travel,Eco,591,2,5,2,1,2,2,2,2,4,4,4,5,2,2.85,0,0,FALSE
Female,Loyal Customer,45,Personal Travel,Eco Plus,1448,2,4,3,4,5,2,1,5,5,3,5,4,3,3.54,24,59,FALSE
Male,Loyal Customer,43,Business Travel,Eco,421,4,3,3,3,4,4,4,4,5,5,5,5,4,4.08,42,68,TRUE
Male,Disloyal Customer,25,Business Travel,Eco,925,2,2,2,3,3,2,3,3,3,1,1,1,3,2.23,16,24,FALSE
Male,Loyal Customer,14,Personal Travel,Eco,557,4,2,4,4,1,4,1,1,4,3,3,2,1,2.62,92,86,TRUE
Male,Disloyal Customer,23,Business Travel,Eco,926,0,0,0,2,3,0,3,3,5,4,4,4,3,2.38,46,52,TRUE
Male,Disloyal Customer,21,Business Travel,Eco,912,4,4,4,3,1,4,5,1,5,5,5,5,1,3.62,0,0,FALSE
Male,Loyal Customer,39,Business Travel,Business,1996,5,5,5,5,2,5,5,5,5,5,5,3,5,4.62,28,28,TRUE
Male,Loyal Customer,56,Business Travel,Business,2941,1,1,1,1,3,5,5,4,4,4,4,5,5,3.31,31,14,TRUE
Female,Loyal Customer,43,Business Travel,Business,125,0,3,0,5,2,3,4,2,2,2,2,3,4,2.46,2,0,TRUE
Male,Loyal Customer,45,Business Travel,Business,1546,4,2,4,4,5,4,5,5,5,5,5,4,3,4.23,0,0,TRUE
Female,Loyal Customer,24,Business Travel,Eco,888,2,4,4,4,2,2,2,2,1,2,4,2,2,2.54,17,7,FALSE
Male,Loyal Customer,44,Business Travel,Business,1589,2,2,2,2,4,4,5,5,5,5,5,4,4,3.77,0,0,TRUE
Female,Loyal Customer,54,Business Travel,Business,247,1,5,5,5,5,3,3,1,1,1,1,3,1,2.69,0,0,FALSE
Female,Loyal Customer,48,Business Travel,Eco,1504,5,2,2,2,5,4,5,5,5,5,5,5,4,4.15,3,0,TRUE
Male,Loyal Customer,43,Personal Travel,Eco,1407,1,5,1,4,5,1,5,5,3,1,4,5,5,3.46,16,22,FALSE
Male,Loyal Customer,37,Business Travel,Business,1846,2,2,2,2,3,5,4,5,5,5,5,5,5,3.85,19,0,TRUE
Female,Loyal Customer,36,Personal Travel,Eco,522,2,4,2,1,2,2,2,2,4,2,5,4,2,2.62,0,0,FALSE
Female,Loyal Customer,21,Business Travel,Eco,677,1,4,1,4,1,1,2,1,4,4,4,1,1,2.23,0,24,FALSE
Female,Loyal Customer,50,Business Travel,Eco,1023,3,1,1,1,5,3,4,2,2,3,2,1,1,2.23,0,0,FALSE
Female,Loyal Customer,23,Personal Travel,Eco,825,3,3,3,4,1,3,1,1,4,1,4,3,1,2.46,0,0,FALSE
Female,Loyal Customer,59,Personal Travel,Eco,650,5,1,4,3,1,3,4,5,5,4,5,4,4,3.69,0,0,TRUE
Male,Loyal Customer,51,Business Travel,Business,1389,1,1,1,1,5,5,5,5,5,4,5,5,5,3.69,0,0,TRUE
Male,Loyal Customer,33,Personal Travel,Eco,296,2,2,2,2,4,2,4,4,1,1,3,1,4,2.46,0,0,FALSE
Female,Loyal Customer,35,Business Travel,Eco Plus,894,3,1,1,1,3,4,3,3,1,1,5,1,3,2.31,0,0,TRUE
Male,Loyal Customer,57,Personal Travel,Eco,363,5,5,5,3,5,5,5,5,3,4,5,5,5,4.62,0,0,TRUE
Female,Loyal Customer,31,Business Travel,Business,862,1,1,1,1,4,3,4,4,4,4,5,5,4,3.15,26,29,TRUE
Female,Loyal Customer,25,Personal Travel,Eco,990,2,5,3,4,4,3,4,4,4,3,4,4,4,3.69,0,12,FALSE
Female,Loyal Customer,49,Business Travel,Business,273,0,0,0,2,3,3,3,5,3,5,5,3,3,2.69,191,173,TRUE
Male,Loyal Customer,53,Business Travel,Business,2579,3,3,3,3,2,4,5,4,4,4,4,5,3,3.62,0,0,TRUE
Male,Loyal Customer,42,Business Travel,Eco,177,3,2,2,2,3,3,3,3,1,3,4,1,3,2.54,69,58,FALSE
Male,Loyal Customer,64,Personal Travel,Eco,1118,3,4,3,3,1,3,1,1,5,4,5,5,1,3,0,0,FALSE
Female,Disloyal Customer,16,Business Travel,Eco,240,1,0,1,1,4,1,4,4,5,1,5,2,4,2.54,0,0,FALSE
Female,Loyal Customer,69,Business Travel,Business,3842,2,2,2,2,5,4,4,2,2,2,2,4,3,2.77,34,22,FALSE
Male,Loyal Customer,47,Business Travel,Business,3145,5,5,5,5,4,5,5,5,5,5,5,4,3,4.69,51,34,TRUE
Female,Loyal Customer,64,Personal Travel,Eco,1023,4,0,4,2,3,5,4,3,3,4,3,5,3,3.31,0,0,TRUE
Male,Loyal Customer,35,Business Travel,Business,1687,2,1,1,1,3,3,3,2,2,2,2,3,2,2.08,0,0,FALSE
Female,Disloyal Customer,39,Business Travel,Business,993,2,2,2,4,2,2,2,2,3,1,3,4,2,2.38,88,102,FALSE
Male,Loyal Customer,65,Personal Travel,Eco,1590,1,1,1,3,4,1,4,4,4,4,3,2,4,2.77,1,0,FALSE
Male,Loyal Customer,29,Personal Travel,Eco,301,2,5,2,4,3,2,3,3,5,3,5,4,3,3.38,30,17,FALSE
Male,Loyal Customer,48,Business Travel,Business,1907,1,1,1,1,3,4,4,5,5,5,5,5,4,3.38,10,0,TRUE
Male,Loyal Customer,30,Business Travel,Business,192,2,2,2,2,5,5,5,5,4,2,5,5,5,3.77,0,0,TRUE
Male,Loyal Customer,41,Business Travel,Business,2077,3,3,3,3,3,4,4,5,5,4,5,5,3,3.85,0,0,TRUE
Female,Loyal Customer,37,Business Travel,Business,1726,3,3,3,3,4,4,4,3,4,5,5,4,4,3.77,136,110,TRUE
Female,Loyal Customer,43,Business Travel,Business,387,4,4,4,4,2,1,2,4,4,4,4,5,2,3.38,0,0,TRUE
Female,Loyal Customer,33,Personal Travel,Business,1009,1,3,1,2,2,2,2,1,1,1,1,4,2,1.77,3,9,FALSE
Male,Loyal Customer,16,Personal Travel,Eco,1084,4,3,3,3,3,3,3,3,4,4,3,1,3,3.08,0,0,FALSE
Female,Disloyal Customer,26,Business Travel,Eco,201,1,1,0,3,2,0,2,2,3,5,3,3,2,2.08,20,9,FALSE
Male,Loyal Customer,53,Personal Travel,Eco,569,1,2,0,3,3,0,3,3,3,4,3,1,3,2.23,7,0,FALSE
Female,Loyal Customer,53,Business Travel,Business,481,1,1,3,1,5,5,5,4,4,4,4,3,5,3.46,0,0,TRUE
Female,Loyal Customer,29,Personal Travel,Eco,980,2,5,2,3,3,2,3,3,4,1,3,2,3,2.77,0,0,FALSE
Female,Disloyal Customer,80,Business Travel,Business,910,3,3,3,3,4,2,3,3,3,3,2,1,3,2.77,4,0,FALSE
Female,Loyal Customer,16,Personal Travel,Eco,369,2,3,3,3,2,3,2,2,2,4,1,5,2,2.62,0,0,FALSE
Male,Loyal Customer,26,Personal Travel,Eco,651,1,1,1,3,3,1,3,3,3,4,3,1,3,2.31,0,10,FALSE
Female,Loyal Customer,57,Business Travel,Business,3599,1,1,1,1,5,4,5,3,3,4,3,4,4,3,60,56,TRUE
Male,Loyal Customer,55,Business Travel,Business,2554,2,3,2,2,2,5,5,4,4,4,4,5,4,3.54,0,0,TRUE
Female,Loyal Customer,34,Business Travel,Business,2550,0,0,0,5,2,4,5,2,2,2,2,5,4,2.54,4,5,TRUE
Female,Loyal Customer,40,Business Travel,Eco,1235,3,3,4,4,3,4,3,3,5,1,4,2,3,3.23,0,0,TRUE
Female,Loyal Customer,53,Business Travel,Business,1746,2,2,4,2,3,5,5,4,4,4,4,3,4,3.54,0,0,TRUE
Female,Loyal Customer,39,Business Travel,Business,325,4,2,4,4,5,5,5,4,4,4,4,3,3,3.92,0,0,TRUE
Female,Loyal Customer,24,Personal Travel,Eco,1076,3,4,3,5,3,3,3,3,5,5,5,5,3,3.85,0,0,FALSE
Male,Loyal Customer,56,Personal Travel,Eco,1024,3,5,3,3,3,3,3,3,5,3,4,5,3,3.54,11,5,FALSE
Female,Disloyal Customer,17,Business Travel,Eco,301,2,2,2,3,2,2,4,2,1,2,4,2,2,2.31,19,17,FALSE
Female,Loyal Customer,58,Business Travel,Business,189,2,2,5,2,4,5,4,4,4,4,4,4,3,3.62,0,0,TRUE
Male,Loyal Customer,40,Business Travel,Business,192,4,2,2,2,2,4,2,2,5,4,3,2,2,2.77,104,177,FALSE
Female,Loyal Customer,42,Business Travel,Business,515,4,4,4,4,2,4,5,4,4,4,4,5,5,4.08,0,0,TRUE
Female,Loyal Customer,16,Business Travel,Business,1713,0,3,0,4,3,3,3,3,1,2,3,5,3,2.54,0,0,TRUE
Male,Loyal Customer,50,Personal Travel,Eco,516,3,4,3,2,4,3,2,4,4,4,4,1,4,3.23,0,0,FALSE
Male,Loyal Customer,29,Business Travel,Eco,2586,4,4,4,4,4,4,4,4,3,5,4,4,4,4,0,0,FALSE
Female,Loyal Customer,48,Business Travel,Business,481,1,1,1,1,2,4,5,4,4,4,4,3,4,2.92,1,0,TRUE
Male,Disloyal Customer,22,Business Travel,Business,1541,0,4,0,4,2,0,1,2,5,4,4,4,2,2.46,72,63,TRUE
Female,Loyal Customer,49,Personal Travel,Eco Plus,594,3,4,3,4,3,3,5,1,1,3,1,2,5,2.92,0,0,FALSE
Female,Loyal Customer,38,Business Travel,Business,1570,2,1,2,2,2,5,4,5,5,5,5,3,5,3.54,8,0,TRUE
Female,Disloyal Customer,26,Business Travel,Eco,346,4,1,4,1,3,4,5,3,4,1,1,4,3,2.92,0,0,FALSE
Male,Loyal Customer,25,Business Travel,Business,1487,1,1,3,1,5,4,5,5,4,4,4,3,5,3.46,0,0,TRUE
Female,Loyal Customer,60,Business Travel,Business,1773,2,2,2,2,4,3,5,4,4,4,4,5,5,3.54,0,0,TRUE
Male,Loyal Customer,58,Business Travel,Eco,1947,2,2,2,2,2,2,2,2,2,1,3,1,2,1.92,5,8,FALSE
Female,Loyal Customer,64,Business Travel,Business,1533,2,2,2,2,4,3,5,2,2,2,2,1,1,2.31,0,12,TRUE
Male,Loyal Customer,32,Personal Travel,Business,762,3,3,3,3,3,3,3,3,1,3,5,3,3,3,38,44,FALSE
Male,Loyal Customer,53,Business Travel,Eco,529,5,2,2,2,5,5,5,5,5,4,5,2,5,4,0,0,TRUE
Female,Loyal Customer,29,Business Travel,Business,3821,2,2,2,2,4,4,4,4,5,3,5,4,4,3.46,0,35,TRUE
Male,Loyal Customer,49,Business Travel,Business,3664,2,3,3,3,1,3,3,2,2,2,2,2,2,2.31,30,12,FALSE
Female,Loyal Customer,65,Personal Travel,Eco,163,5,4,5,4,4,4,4,5,5,5,5,4,4,4.46,0,4,TRUE
Male,Loyal Customer,39,Business Travel,Business,1447,2,2,2,2,2,5,4,4,4,5,4,4,5,3.46,71,63,TRUE
Female,Disloyal Customer,21,Business Travel,Eco,2139,1,2,2,2,2,1,2,2,4,1,2,3,2,2,35,35,FALSE
Male,Loyal Customer,36,Business Travel,Business,1262,2,2,5,2,4,5,4,5,5,5,5,4,3,3.92,14,0,TRUE
Female,Disloyal Customer,21,Business Travel,Business,589,5,4,5,4,3,4,3,3,2,4,1,2,3,3.31,0,0,TRUE
Female,Disloyal Customer,27,Business Travel,Business,308,2,2,2,1,4,2,4,4,5,2,4,3,4,3,0,4,FALSE
Male,Disloyal Customer,11,Business Travel,Business,862,4,0,3,1,3,3,4,3,5,5,5,4,3,3.31,5,1,TRUE
Female,Loyal Customer,43,Business Travel,Business,212,5,5,5,5,4,4,5,5,5,5,5,5,5,4.85,0,0,TRUE
Female,Disloyal Customer,27,Business Travel,Eco,238,4,0,4,3,2,4,2,2,2,5,4,2,2,2.77,0,0,FALSE
Male,Loyal Customer,55,Business Travel,Business,2503,3,3,3,3,2,5,4,5,5,5,5,5,5,4.08,18,9,TRUE
Female,Loyal Customer,56,Business Travel,Business,2770,5,1,5,5,5,5,5,4,4,4,4,3,3,4.08,0,0,TRUE
Male,Loyal Customer,42,Business Travel,Business,2681,0,0,0,3,3,4,4,4,4,4,4,4,4,2.92,19,19,TRUE
Male,Loyal Customer,39,Business Travel,Business,328,0,0,0,3,5,1,1,5,5,5,5,3,2,2.69,0,0,TRUE
Male,Loyal Customer,50,Business Travel,Business,3002,2,3,2,2,5,4,5,5,5,5,5,4,5,4,73,68,TRUE
Male,Loyal Customer,57,Personal Travel,Eco,1045,5,5,5,3,4,5,4,4,3,3,1,2,4,3.69,0,4,TRUE
Female,Loyal Customer,55,Business Travel,Eco,197,1,4,4,4,2,3,4,1,1,1,1,2,2,2.31,14,9,FALSE
Female,Loyal Customer,23,Personal Travel,Business,370,2,4,2,3,1,2,1,1,2,2,3,4,1,2.15,0,0,FALSE
Male,Loyal Customer,9,Personal Travel,Eco,338,2,5,2,1,3,2,3,3,4,2,4,4,3,2.92,0,0,FALSE
Male,Disloyal Customer,80,Business Travel,Business,373,1,1,1,5,2,5,4,2,2,1,2,5,3,2.62,0,0,FALSE
Female,Loyal Customer,9,Personal Travel,Eco Plus,447,2,2,2,3,2,2,2,2,3,2,3,1,2,2.15,13,4,FALSE
Male,Disloyal Customer,25,Business Travel,Eco,1408,4,4,4,2,4,5,5,5,2,3,1,5,5,3.77,0,0,TRUE
Male,Loyal Customer,12,Personal Travel,Eco,990,1,4,1,1,3,1,3,3,4,5,5,3,3,2.85,13,16,FALSE
Female,Disloyal Customer,24,Business Travel,Eco,1199,5,5,5,3,5,5,5,5,5,2,4,3,5,4.38,130,131,TRUE
Male,Loyal Customer,34,Business Travel,Business,888,1,1,3,1,4,4,3,1,1,1,1,4,3,2.15,1,7,FALSE
Male,Loyal Customer,54,Personal Travel,Eco,1091,1,4,1,4,4,1,4,4,1,5,2,5,4,3.08,0,0,FALSE
Female,Loyal Customer,32,Business Travel,Business,151,0,5,0,4,3,3,3,3,1,2,1,4,3,2.46,48,64,TRUE
Male,Loyal Customer,59,Personal Travel,Eco,2133,3,3,3,1,1,3,1,1,5,2,3,3,1,2.31,83,62,FALSE
Male,Loyal Customer,39,Business Travel,Business,1045,2,2,2,2,4,5,4,3,3,3,3,4,4,3.15,0,0,TRUE
Male,Loyal Customer,46,Business Travel,Eco,391,5,5,5,5,5,5,5,5,1,1,4,5,5,4.31,173,150,TRUE
Female,Loyal Customer,68,Personal Travel,Eco,861,3,5,2,2,2,4,5,5,5,2,5,5,4,3.77,0,33,FALSE
Female,Loyal Customer,38,Personal Travel,Eco,356,2,5,2,4,3,2,3,3,3,3,4,4,3,3.15,0,0,FALSE
Female,Loyal Customer,32,Business Travel,Business,542,3,3,3,3,4,4,4,4,2,4,4,3,4,3.46,0,0,TRUE
Female,Loyal Customer,72,Business Travel,Business,200,0,3,0,5,5,3,3,2,2,2,2,2,5,2.62,0,0,TRUE
Male,Loyal Customer,43,Personal Travel,Eco,156,2,5,2,4,4,2,4,4,3,4,4,4,4,3.54,0,0,FALSE
Female,Disloyal Customer,25,Business Travel,Business,2565,1,0,0,4,3,0,2,3,4,2,4,3,3,2.23,0,0,FALSE
Female,Loyal Customer,57,Business Travel,Eco,199,4,3,3,3,4,5,4,4,4,4,4,3,1,3.54,0,0,TRUE
Male,Loyal Customer,56,Personal Travel,Eco,456,1,5,1,2,3,1,3,3,3,2,4,4,3,2.69,72,111,FALSE
Male,Disloyal Customer,33,Business Travel,Eco,397,2,1,2,3,1,2,1,1,4,4,4,3,1,2.23,0,0,FALSE
Female,Loyal Customer,59,Personal Travel,Eco,1276,4,2,4,2,5,3,2,4,4,4,4,2,1,3.15,22,5,TRUE
Female,Loyal Customer,54,Business Travel,Business,2790,3,2,3,3,3,4,5,5,5,5,5,4,5,4,0,0,TRUE
Male,Loyal Customer,25,Business Travel,Business,1500,2,2,2,2,2,2,2,2,2,4,2,4,2,2.31,53,44,FALSE
Male,Loyal Customer,35,Business Travel,Business,2963,1,1,1,1,2,5,4,4,4,4,4,3,3,2.85,91,92,TRUE
Male,Loyal Customer,85,Business Travel,Business,3732,3,4,4,4,3,3,3,3,3,3,3,3,3,3.23,1,0,FALSE
Male,Loyal Customer,55,Personal Travel,Eco,655,2,2,2,3,3,2,3,3,3,4,2,4,3,2.77,27,50,FALSE
Male,Loyal Customer,7,Personal Travel,Eco,488,2,5,5,3,3,5,3,3,5,3,4,4,3,3.69,47,41,FALSE
Female,Loyal Customer,54,Business Travel,Business,2137,3,3,3,3,2,5,5,5,5,5,5,4,5,4.08,79,62,TRUE
Female,Loyal Customer,51,Business Travel,Eco,554,4,5,5,5,2,1,1,4,4,4,4,4,2,3.46,7,0,TRUE
Male,Loyal Customer,26,Personal Travel,Eco,2762,2,0,2,3,5,2,1,5,4,4,4,4,5,3.15,0,0,FALSE
Male,Loyal Customer,38,Business Travel,Business,1504,1,1,1,1,3,4,4,4,4,4,4,5,4,3.08,22,3,TRUE
Male,Loyal Customer,28,Personal Travel,Eco,1892,1,2,1,3,4,1,4,4,3,3,4,1,4,2.69,0,0,FALSE
Female,Disloyal Customer,41,Business Travel,Business,479,4,4,4,4,1,3,5,1,2,3,3,4,1,3,3,3,FALSE
Male,Loyal Customer,35,Business Travel,Business,3988,3,3,3,3,3,3,4,3,3,3,3,1,4,3,0,0,FALSE
Male,Loyal Customer,43,Business Travel,Eco,333,3,1,1,1,3,3,3,3,2,5,3,1,3,2.46,0,0,FALSE
Female,Disloyal Customer,20,Business Travel,Eco,421,2,0,2,3,3,2,3,3,3,3,3,3,3,2.54,0,0,FALSE
Female,Loyal Customer,47,Business Travel,Eco Plus,463,4,2,2,2,1,1,5,4,4,4,4,2,2,2.85,0,0,TRUE
Female,Disloyal Customer,20,Business Travel,Eco,645,3,2,3,2,1,3,1,1,2,2,2,2,1,1.92,0,18,FALSE
Female,Disloyal Customer,27,Business Travel,Eco,937,2,2,2,2,1,2,1,1,5,1,3,5,1,2.15,0,0,FALSE
Male,Loyal Customer,56,Business Travel,Eco,2248,2,4,2,4,2,2,2,2,1,4,4,2,2,2.54,0,0,FALSE
Female,Loyal Customer,16,Business Travel,Eco,491,4,5,5,5,4,4,5,4,3,4,5,4,4,4.31,0,0,TRUE
Female,Disloyal Customer,26,Business Travel,Business,1299,2,2,2,4,4,2,4,4,5,3,4,5,4,3.46,3,0,FALSE
Male,Disloyal Customer,27,Business Travel,Business,414,5,5,5,1,2,5,1,2,3,2,5,4,2,3.23,15,12,TRUE
Male,Loyal Customer,40,Business Travel,Eco Plus,271,1,1,2,1,1,1,1,1,1,4,4,2,1,1.62,0,0,FALSE
Female,Loyal Customer,41,Business Travel,Eco,1417,3,1,1,1,3,3,3,3,3,2,2,5,3,2.54,0,0,FALSE
Male,Loyal Customer,60,Business Travel,Business,1620,3,3,3,3,4,5,4,5,5,5,5,3,5,4.08,40,46,TRUE
Female,Loyal Customer,29,Business Travel,Business,1431,5,5,5,5,3,4,3,3,3,3,5,5,3,4,110,93,TRUE
Female,Loyal Customer,67,Personal Travel,Eco,295,1,5,1,4,3,4,5,1,1,1,1,4,3,2.62,10,3,FALSE
Male,Loyal Customer,39,Business Travel,Business,2694,4,4,4,4,4,5,5,4,4,4,4,3,3,4,18,29,TRUE
Male,Loyal Customer,53,Personal Travel,Eco Plus,967,0,5,0,1,3,0,3,3,5,4,4,3,3,2.62,0,0,TRUE
Female,Disloyal Customer,36,Business Travel,Eco,216,2,0,1,4,4,1,4,4,4,2,5,2,4,2.85,0,0,FALSE
Female,Loyal Customer,35,Personal Travel,Eco,377,2,5,2,3,4,2,5,4,4,5,5,5,4,3.85,17,11,FALSE
Female,Loyal Customer,33,Personal Travel,Eco,247,4,4,0,4,1,0,1,1,3,2,5,5,1,2.38,0,0,FALSE
Female,Loyal Customer,28,Business Travel,Business,1440,1,1,1,1,2,2,2,2,5,4,5,4,2,2.46,0,17,TRUE
Male,Loyal Customer,48,Personal Travel,Eco,631,4,5,4,3,1,4,1,1,5,3,5,2,1,3,0,0,FALSE
Male,Loyal Customer,43,Business Travel,Eco,588,4,3,3,3,4,4,4,4,2,4,4,1,4,3.38,24,25,TRUE
Female,Loyal Customer,11,Personal Travel,Eco,404,2,4,2,3,2,2,2,2,2,1,4,1,2,2.23,6,0,FALSE
Female,Loyal Customer,41,Business Travel,Business,2586,1,1,1,1,2,5,5,5,5,4,5,5,4,3.38,2,0,TRUE
Female,Loyal Customer,41,Business Travel,Business,3619,1,1,1,1,4,4,4,5,5,5,5,3,4,3.31,0,0,TRUE
Female,Loyal Customer,49,Business Travel,Business,728,5,5,2,5,3,4,4,5,5,5,5,4,3,4.23,0,0,TRUE
Female,Loyal Customer,9,Personal Travel,Eco,282,0,4,0,2,1,0,1,1,5,2,5,3,1,1.92,0,0,TRUE
Male,Disloyal Customer,39,Business Travel,Eco,578,2,5,2,3,2,2,2,2,3,3,5,4,2,2.85,0,0,FALSE
Female,Loyal Customer,52,Business Travel,Eco,873,1,5,5,5,1,1,1,3,4,2,2,1,1,2.46,295,314,FALSE
Male,Disloyal Customer,11,Business Travel,Eco,871,3,3,3,3,5,3,5,5,4,4,5,2,5,3.85,0,0,FALSE
Male,Loyal Customer,41,Business Travel,Business,581,3,3,3,3,3,5,5,4,4,4,4,3,4,3.69,0,1,TRUE
Male,Loyal Customer,21,Personal Travel,Eco,101,2,3,2,2,4,2,4,4,1,1,1,4,4,2.62,0,0,FALSE
Female,Loyal Customer,40,Business Travel,Eco Plus,585,4,4,4,4,4,4,4,4,5,2,1,1,4,3.46,11,25,TRUE
Female,Loyal Customer,21,Personal Travel,Eco,287,2,2,2,3,5,2,5,5,2,1,4,4,5,3.23,0,0,FALSE
Male,Loyal Customer,50,Business Travel,Business,101,1,4,1,1,1,5,2,4,4,4,5,3,4,3,4,16,TRUE
Male,Loyal Customer,29,Business Travel,Business,2091,1,1,1,1,3,4,3,3,4,4,5,4,3,2.85,0,13,TRUE
Female,Loyal Customer,40,Business Travel,Business,1744,3,3,3,3,5,4,5,4,4,4,4,4,3,3.77,63,63,TRUE
Female,Disloyal Customer,33,Business Travel,Eco,370,3,2,3,3,4,3,4,4,1,3,3,2,4,3,0,8,FALSE
Male,Loyal Customer,40,Business Travel,Business,794,4,4,4,4,3,4,1,5,5,5,5,1,4,3.77,0,0,TRUE
Male,Loyal Customer,41,Business Travel,Business,550,2,5,5,5,4,4,4,2,2,2,2,3,2,3.23,0,0,FALSE
Female,Loyal Customer,50,Personal Travel,Eco,239,2,4,2,1,2,2,3,4,4,2,4,1,2,2.54,6,0,FALSE
Female,Loyal Customer,51,Business Travel,Business,2187,2,2,2,2,3,5,4,4,4,4,4,5,5,3.54,20,16,TRUE
Female,Loyal Customer,23,Personal Travel,Eco,2133,1,1,1,2,4,1,4,4,3,5,3,1,4,2.62,10,0,FALSE
Male,Loyal Customer,54,Business Travel,Business,3727,4,4,4,4,3,5,4,5,5,5,5,3,4,4.23,0,0,TRUE
Male,Loyal Customer,42,Business Travel,Business,210,0,4,0,5,5,5,5,3,3,3,3,4,5,3.46,0,0,TRUE
Male,Disloyal Customer,23,Business Travel,Eco,479,1,4,1,3,2,1,2,2,4,5,5,4,2,2.77,33,25,FALSE
Female,Loyal Customer,20,Personal Travel,Business,759,4,4,4,4,2,4,2,2,3,4,4,4,2,3.31,0,0,TRUE
Female,Disloyal Customer,26,Business Travel,Eco,794,1,1,1,3,5,1,5,5,3,1,4,1,5,2.77,0,0,FALSE
Female,Loyal Customer,33,Business Travel,Business,3700,5,5,5,5,5,5,4,4,4,4,4,3,3,4.31,0,0,TRUE
Female,Loyal Customer,38,Business Travel,Business,337,2,2,2,2,4,3,1,4,4,4,4,4,5,3.15,0,0,TRUE
Male,Disloyal Customer,24,Business Travel,Eco,757,4,4,4,2,1,4,1,1,4,3,5,4,1,2.92,0,0,TRUE
Male,Loyal Customer,48,Business Travel,Business,3085,5,5,5,5,4,5,5,4,4,4,4,5,3,4.46,0,0,TRUE
Female,Disloyal Customer,23,Business Travel,Eco,148,2,2,2,4,4,2,4,4,2,3,3,4,4,3.08,15,23,FALSE
Male,Loyal Customer,23,Personal Travel,Eco,110,2,3,0,1,1,0,2,1,5,5,5,4,1,2.31,88,81,FALSE
Female,Loyal Customer,58,Business Travel,Business,1841,3,3,3,3,4,5,4,5,5,5,5,5,4,4.15,0,0,TRUE
Female,Loyal Customer,45,Business Travel,Eco,528,2,5,5,5,2,3,3,2,2,2,2,2,3,2.92,0,0,FALSE
Male,Loyal Customer,15,Personal Travel,Eco,273,2,4,2,2,1,2,1,1,4,2,4,4,1,2.31,9,11,FALSE
Male,Loyal Customer,29,Business Travel,Business,551,4,4,4,4,5,5,5,5,5,4,5,5,5,4.62,7,9,TRUE
Male,Disloyal Customer,33,Business Travel,Eco,323,2,3,2,3,5,2,2,5,3,5,3,3,5,3.31,0,0,FALSE
Female,Loyal Customer,35,Personal Travel,Eco,641,3,4,3,1,5,3,5,5,4,3,5,4,5,3.85,0,0,FALSE
Male,Loyal Customer,45,Personal Travel,Eco,545,4,5,4,5,4,4,4,4,3,5,3,3,4,4,0,0,FALSE
Female,Disloyal Customer,21,Business Travel,Eco,109,4,5,5,4,3,5,3,3,3,4,1,4,3,3.62,34,35,FALSE
Female,Loyal Customer,45,Business Travel,Business,507,3,4,4,4,2,4,4,3,3,3,3,1,4,3.23,38,25,FALSE
Male,Loyal Customer,60,Business Travel,Business,1917,2,2,2,2,3,5,4,4,4,4,4,5,3,3.38,14,11,TRUE
Male,Disloyal Customer,13,Business Travel,Business,1121,2,4,2,4,4,2,4,4,2,3,4,4,4,3.31,10,0,FALSE
Female,Disloyal Customer,23,Business Travel,Business,163,0,0,0,1,4,0,4,4,4,4,4,5,4,2.62,0,6,TRUE
Female,Loyal Customer,51,Business Travel,Eco Plus,227,4,2,2,2,4,4,4,4,4,4,4,1,1,3.08,0,3,FALSE
Male,Loyal Customer,59,Business Travel,Business,2130,3,3,5,3,2,5,4,2,2,2,2,4,3,3.08,0,0,TRUE
Female,Loyal Customer,44,Business Travel,Business,2133,4,4,4,4,5,5,5,5,5,5,5,3,5,4.54,1,0,TRUE
Female,Loyal Customer,45,Business Travel,Business,2339,5,5,5,5,5,4,5,3,3,4,3,5,5,4.38,0,0,TRUE
Male,Disloyal Customer,40,Business Travel,Business,410,5,5,5,4,1,5,1,1,3,5,5,5,1,3.54,0,0,TRUE
Female,Loyal Customer,46,Personal Travel,Eco,319,1,5,1,2,1,2,5,5,5,1,2,5,1,2.77,0,0,FALSE
Male,Loyal Customer,39,Business Travel,Business,163,1,1,4,1,2,3,5,5,5,5,3,4,4,3.31,0,0,TRUE
Female,Disloyal Customer,22,Business Travel,Eco,888,1,1,1,2,3,1,3,3,3,4,4,3,3,2.46,2,0,FALSE
Male,Loyal Customer,49,Business Travel,Business,3424,1,1,1,1,4,5,4,4,4,4,4,3,3,3,12,10,TRUE
Female,Loyal Customer,69,Personal Travel,Business,405,3,4,3,4,4,3,3,3,3,3,3,4,2,3.23,2,0,FALSE
Female,Loyal Customer,32,Business Travel,Eco,187,4,2,2,2,4,4,4,4,4,4,3,1,4,3.23,14,49,TRUE
Male,Loyal Customer,26,Business Travel,Business,1222,1,1,1,1,4,4,4,4,3,3,5,4,4,3,0,0,TRUE
Female,Loyal Customer,9,Personal Travel,Business,479,5,5,5,1,5,5,5,5,4,5,1,3,5,4.15,27,51,TRUE
Male,Loyal Customer,44,Personal Travel,Eco,669,3,5,3,3,4,3,5,4,5,5,4,3,4,3.92,0,0,FALSE
Female,Loyal Customer,13,Personal Travel,Eco,1056,4,5,4,2,3,4,3,3,3,2,4,3,3,3.31,89,89,FALSE
Male,Loyal Customer,59,Business Travel,Business,2698,1,1,1,1,3,5,4,4,4,4,4,3,4,3,0,0,TRUE
Female,Disloyal Customer,29,Business Travel,Business,1180,2,2,2,1,4,2,4,4,4,5,5,3,4,3.23,33,33,FALSE
Male,Loyal Customer,41,Personal Travel,Eco,1194,4,4,4,4,3,4,3,3,3,4,5,5,3,3.77,0,0,FALSE
Female,Loyal Customer,30,Personal Travel,Eco,1055,3,4,3,4,3,3,3,3,5,2,4,3,3,3.31,13,9,FALSE
Female,Loyal Customer,25,Business Travel,Business,308,1,2,2,2,1,1,1,1,3,1,4,3,1,1.77,11,17,FALSE
Male,Loyal Customer,24,Personal Travel,Eco,175,1,4,1,3,2,1,2,2,1,5,4,4,2,2.46,0,14,FALSE
Male,Loyal Customer,21,Personal Travel,Eco,912,2,5,3,1,5,3,5,5,4,2,4,5,5,3.77,63,52,FALSE
Male,Loyal Customer,15,Personal Travel,Eco,821,2,4,2,4,5,2,5,5,1,2,4,4,5,3.46,0,0,FALSE
Female,Disloyal Customer,24,Business Travel,Eco,265,0,2,0,1,2,0,2,2,5,5,2,5,2,2.15,5,22,TRUE
Female,Loyal Customer,60,Business Travel,Eco,175,3,2,2,2,2,4,4,3,3,3,3,1,2,2.62,0,0,FALSE
Female,Loyal Customer,51,Business Travel,Business,67,3,3,3,3,2,4,4,4,4,4,5,5,4,3.69,10,0,TRUE
Female,Loyal Customer,28,Personal Travel,Eco,2762,3,1,3,4,3,1,1,2,2,3,4,1,1,2.23,0,3,FALSE
Male,Loyal Customer,31,Personal Travel,Eco,814,3,3,3,4,1,3,1,1,3,1,3,4,1,2.38,0,0,FALSE
Female,Loyal Customer,41,Business Travel,Business,3970,1,3,3,3,5,2,2,1,1,2,1,3,4,2.38,0,6,FALSE
Female,Loyal Customer,29,Personal Travel,Eco,266,0,3,0,4,1,0,1,1,3,4,3,4,1,1.92,0,1,TRUE
Male,Loyal Customer,52,Business Travel,Business,1222,3,3,2,3,4,4,4,5,5,5,5,5,5,4.08,0,0,TRUE
Male,Disloyal Customer,24,Business Travel,Eco,1501,2,2,2,5,4,2,5,4,4,3,4,3,4,3.38,0,0,FALSE
Female,Loyal Customer,54,Business Travel,Eco,192,5,1,1,1,3,3,3,5,5,5,5,1,2,3.08,0,0,TRUE
Female,Loyal Customer,49,Business Travel,Business,550,2,2,2,2,2,4,4,4,4,4,4,3,3,3.08,0,0,TRUE
Female,Loyal Customer,40,Personal Travel,Eco,599,2,5,3,5,5,3,1,5,4,3,4,5,5,3.85,26,18,FALSE
Female,Loyal Customer,53,Business Travel,Business,3946,3,3,3,3,4,4,4,4,4,5,4,4,4,3.77,262,316,TRUE
Male,Loyal Customer,53,Business Travel,Business,838,4,4,4,4,3,5,4,5,5,5,5,5,5,4.46,15,0,TRUE
Female,Loyal Customer,14,Personal Travel,Eco,817,2,4,2,4,1,2,1,1,4,1,5,2,1,2.31,2,7,FALSE
Male,Loyal Customer,19,Personal Travel,Eco,338,2,3,2,3,5,2,2,5,4,5,3,4,5,3.46,0,0,FALSE
Female,Loyal Customer,63,Business Travel,Business,2906,3,3,3,3,2,4,4,3,3,3,3,2,2,2.92,0,0,FALSE
Male,Loyal Customer,17,Personal Travel,Eco,458,4,4,4,4,2,4,2,2,3,2,4,3,2,3.08,4,9,FALSE
Male,Loyal Customer,26,Business Travel,Business,483,2,1,2,1,2,2,2,2,1,3,4,4,2,2.15,10,14,FALSE
Male,Loyal Customer,51,Personal Travel,Eco,550,1,4,1,5,4,1,4,4,4,3,5,4,4,3.38,0,2,FALSE
Male,Disloyal Customer,36,Business Travel,Business,383,1,1,1,3,3,1,3,3,5,2,5,5,3,2.77,1,6,FALSE
Female,Loyal Customer,34,Personal Travel,Eco,599,3,5,3,3,4,3,4,4,1,5,1,3,4,3.31,23,20,FALSE
Male,Loyal Customer,53,Business Travel,Business,1620,2,2,4,2,2,3,5,4,4,4,4,5,3,3.38,0,0,TRUE
Female,Disloyal Customer,24,Business Travel,Business,616,4,4,4,1,1,4,1,1,5,3,5,3,1,2.85,0,0,TRUE
Female,Disloyal Customer,55,Business Travel,Eco,1208,2,3,3,5,2,3,2,2,1,2,3,2,2,2.46,5,3,FALSE
Female,Loyal Customer,56,Personal Travel,Eco,945,2,2,2,4,5,4,4,2,2,2,2,4,2,2.85,7,0,FALSE
Male,Loyal Customer,23,Business Travel,Eco Plus,249,1,2,2,2,1,1,4,1,1,3,3,1,1,1.77,0,0,FALSE
Male,Disloyal Customer,28,Business Travel,Business,453,5,5,5,1,3,4,2,3,4,2,4,5,3,3.54,13,8,TRUE
Male,Loyal Customer,47,Business Travel,Eco,190,4,5,5,5,5,4,5,5,1,1,1,3,5,3.77,0,0,TRUE
Male,Loyal Customer,49,Business Travel,Eco,671,5,4,5,4,5,5,5,5,4,3,4,2,5,4.31,62,55,TRUE
Female,Disloyal Customer,20,Business Travel,Business,597,5,0,5,1,3,5,3,3,4,4,5,5,3,3.54,0,10,TRUE
Female,Disloyal Customer,20,Business Travel,Eco,679,3,3,3,3,2,3,2,2,1,1,2,1,2,2.15,0,44,FALSE
Female,Loyal Customer,58,Business Travel,Business,813,2,2,2,2,2,4,4,4,4,4,4,4,5,3.31,0,0,TRUE
Male,Loyal Customer,31,Business Travel,Business,590,2,2,2,2,3,3,3,3,5,5,5,4,3,3.23,2,13,TRUE
Male,Disloyal Customer,37,Business Travel,Business,163,2,3,3,4,3,3,3,3,3,2,5,5,3,3.23,0,0,FALSE
Female,Loyal Customer,63,Business Travel,Eco,342,4,3,3,3,4,3,3,4,4,4,4,4,3,3.54,4,0,FALSE
Male,Loyal Customer,24,Business Travel,Business,1783,1,1,1,1,4,4,4,4,1,4,2,4,4,2.69,0,0,TRUE
Male,Loyal Customer,21,Personal Travel,Eco,562,3,5,3,3,5,3,5,5,4,3,1,4,5,3.77,103,117,FALSE
Female,Loyal Customer,29,Personal Travel,Eco,83,5,5,5,3,1,5,1,1,5,5,4,5,1,3.54,0,0,TRUE
Male,Loyal Customer,51,Personal Travel,Eco,1542,5,4,5,2,4,5,4,4,4,3,5,3,4,4,0,0,TRUE
Male,Loyal Customer,66,Personal Travel,Eco,788,1,2,1,4,2,1,2,2,2,5,3,4,2,2.38,1,0,FALSE
Female,Loyal Customer,13,Personal Travel,Business,201,1,1,1,3,3,1,3,3,2,5,3,4,3,2.54,0,0,FALSE
Male,Loyal Customer,57,Business Travel,Business,1635,3,3,3,3,5,4,5,4,4,4,4,3,4,3.77,0,0,TRUE
Female,Loyal Customer,22,Business Travel,Business,519,5,5,5,5,5,5,5,5,3,3,4,4,5,4.54,0,0,TRUE
Male,Loyal Customer,12,Business Travel,Business,2800,4,4,4,4,4,4,4,4,2,3,3,1,4,3.46,24,18,FALSE
Male,Loyal Customer,63,Personal Travel,Eco,1303,3,4,3,4,3,3,3,3,4,5,4,3,3,3.46,0,0,FALSE
Male,Loyal Customer,59,Business Travel,Business,600,3,3,3,3,3,5,5,5,5,4,5,5,5,4.15,0,0,TRUE
Female,Loyal Customer,59,Business Travel,Business,373,2,2,2,2,4,4,5,5,5,5,5,5,5,3.92,16,4,TRUE
Female,Loyal Customer,23,Business Travel,Business,3482,4,5,4,4,4,4,4,5,4,5,4,4,4,4.23,299,304,TRUE
Male,Loyal Customer,32,Personal Travel,Eco,1072,1,2,1,4,3,1,3,3,3,2,4,2,3,2.46,0,0,FALSE
Female,Loyal Customer,23,Personal Travel,Eco,1142,2,4,2,5,1,2,1,1,4,3,4,4,1,2.62,0,0,FALSE
Female,Loyal Customer,55,Personal Travel,Eco Plus,580,3,4,2,2,2,5,5,5,5,2,5,3,3,3.54,0,0,FALSE
Male,Disloyal Customer,20,Business Travel,Eco,113,2,0,2,1,4,2,2,4,5,5,4,3,4,2.92,0,0,FALSE
Female,Loyal Customer,32,Business Travel,Business,1864,3,3,3,3,4,5,4,4,2,5,3,3,4,3.54,0,0,TRUE
Female,Disloyal Customer,35,Business Travel,Eco,959,4,4,4,3,3,4,1,3,4,1,4,2,3,3.08,10,2,FALSE
Male,Loyal Customer,50,Business Travel,Business,1960,2,2,2,2,2,5,5,5,5,5,5,4,5,3.77,0,0,TRUE
Female,Loyal Customer,46,Personal Travel,Eco,577,1,4,1,2,2,5,5,5,5,1,5,5,4,3.46,31,31,FALSE
Male,Loyal Customer,44,Business Travel,Business,2982,3,3,3,3,4,4,5,5,5,5,4,3,4,3.92,2,17,TRUE
Male,Loyal Customer,53,Business Travel,Business,2949,0,0,0,4,5,4,4,1,1,1,1,4,5,2.31,0,0,TRUE
Female,Loyal Customer,46,Personal Travel,Eco,247,3,5,3,4,4,4,5,5,5,3,5,3,5,4.15,13,10,FALSE
Male,Loyal Customer,22,Personal Travel,Business,448,2,4,2,1,3,2,5,3,5,3,4,3,3,3.08,0,0,FALSE
Male,Loyal Customer,55,Personal Travel,Eco,1723,4,3,4,3,5,4,5,5,1,1,1,2,5,3.31,11,27,FALSE
Male,Disloyal Customer,26,Business Travel,Eco,122,2,2,2,3,4,2,4,4,3,2,3,4,4,3,3,6,FALSE
Male,Loyal Customer,49,Personal Travel,Eco,1069,4,5,4,1,5,4,5,5,5,4,4,4,5,4.23,4,0,FALSE
Female,Loyal Customer,19,Personal Travel,Eco,228,2,1,2,4,2,2,2,2,4,3,3,4,2,2.54,0,0,FALSE
Male,Loyal Customer,45,Business Travel,Business,954,3,3,4,3,2,3,3,3,3,3,3,4,3,3.08,0,12,FALSE
Male,Loyal Customer,20,Business Travel,Eco,239,2,3,3,3,2,2,2,2,3,2,3,2,2,2.38,1,0,FALSE
Female,Loyal Customer,66,Personal Travel,Eco,1089,2,3,2,3,2,1,4,4,5,3,4,4,4,3.15,179,187,FALSE
Female,Disloyal Customer,25,Business Travel,Business,896,2,0,2,5,1,2,2,1,5,5,4,3,1,2.54,0,0,FALSE
Female,Loyal Customer,35,Personal Travel,Eco,992,3,4,3,3,5,3,5,5,3,5,4,5,5,4.08,13,23,FALSE
Male,Loyal Customer,31,Business Travel,Business,717,3,3,3,3,5,4,5,5,5,3,4,4,5,4,0,0,TRUE
Male,Loyal Customer,48,Business Travel,Business,937,2,2,2,2,4,5,4,4,4,4,4,4,4,3.46,17,13,TRUE
Female,Loyal Customer,16,Personal Travel,Eco,666,3,5,3,3,3,3,3,3,4,2,2,3,3,3.08,37,10,FALSE
Female,Loyal Customer,38,Business Travel,Business,414,3,3,5,3,3,4,2,5,5,5,5,3,4,3.85,0,5,TRUE
Female,Loyal Customer,36,Business Travel,Business,468,5,5,5,5,2,4,5,4,4,4,4,5,3,4.23,3,0,TRUE
Male,Disloyal Customer,30,Business Travel,Eco,265,2,3,2,2,5,2,5,5,3,3,2,1,5,3.08,0,0,FALSE
Male,Loyal Customer,46,Business Travel,Eco,125,5,1,1,1,5,5,5,5,4,4,2,4,5,3.62,12,0,TRUE
Female,Loyal Customer,27,Business Travel,Eco Plus,1046,4,5,5,5,4,5,4,4,2,4,2,4,4,4,32,30,TRUE
Female,Loyal Customer,27,Business Travel,Business,3157,2,2,2,2,3,3,3,3,2,2,1,2,3,2.31,0,0,TRUE
Female,Loyal Customer,52,Personal Travel,Eco,436,1,4,1,1,5,4,5,5,5,1,5,3,3,3.31,8,6,FALSE
Male,Loyal Customer,38,Business Travel,Business,3578,5,5,1,5,2,4,1,5,5,4,5,2,4,3.69,68,81,TRUE
Male,Loyal Customer,21,Personal Travel,Eco,599,1,3,0,1,1,0,1,1,5,3,1,5,1,1.77,1,0,FALSE
Male,Loyal Customer,51,Business Travel,Business,3578,1,1,1,1,2,4,5,5,5,5,5,4,5,3.38,6,0,TRUE
Female,Loyal Customer,10,Business Travel,Business,2226,3,1,5,1,3,3,3,3,2,5,4,4,3,3.08,0,3,FALSE
Male,Loyal Customer,17,Personal Travel,Eco,1703,2,2,2,3,5,2,5,5,2,3,3,3,5,3.23,10,0,FALSE
Female,Loyal Customer,70,Personal Travel,Eco,1009,0,5,0,1,4,4,4,2,2,0,3,5,4,2.62,0,0,TRUE
Female,Loyal Customer,63,Personal Travel,Eco,1499,4,5,3,3,5,3,4,2,2,3,2,4,4,3.38,0,0,FALSE
Female,Disloyal Customer,37,Business Travel,Eco,250,2,0,2,2,2,2,2,2,5,3,2,5,2,2.38,39,33,FALSE
Female,Loyal Customer,36,Personal Travel,Eco Plus,328,1,0,1,3,1,1,1,1,5,4,5,4,1,2.15,0,0,FALSE
Male,Disloyal Customer,24,Business Travel,Eco,650,3,2,3,4,5,3,5,5,2,3,4,1,5,3.46,0,0,FALSE
Male,Loyal Customer,55,Business Travel,Business,204,2,1,2,2,4,4,5,4,4,4,4,5,4,3.46,0,0,TRUE
Female,Loyal Customer,62,Business Travel,Business,1642,0,4,0,5,5,1,1,5,5,5,5,3,4,3.31,0,2,TRUE
Male,Loyal Customer,66,Personal Travel,Eco,636,3,5,3,4,1,3,1,1,5,2,5,4,1,2.92,18,26,FALSE
Male,Disloyal Customer,24,Business Travel,Eco,550,2,1,2,3,4,2,4,4,4,5,4,1,4,3.08,35,31,FALSE
Male,Loyal Customer,47,Business Travel,Business,1741,1,1,1,1,5,4,5,5,5,5,5,3,4,3.46,0,30,TRUE
Female,Loyal Customer,37,Business Travel,Business,3491,1,1,5,1,4,5,5,5,5,5,5,5,3,3.85,0,0,TRUE
Male,Loyal Customer,68,Business Travel,Business,404,2,5,3,5,1,4,3,2,2,2,2,1,4,2.77,18,10,FALSE
Male,Loyal Customer,53,Business Travel,Eco,1430,2,4,4,4,2,2,2,2,2,4,4,3,2,2.85,23,31,FALSE
Male,Loyal Customer,65,Personal Travel,Business,250,2,4,0,3,2,4,4,3,3,0,3,5,5,2.92,0,0,FALSE
Male,Loyal Customer,38,Personal Travel,Eco,634,1,5,1,4,4,1,4,4,3,5,5,4,4,3.46,0,0,FALSE
Female,Loyal Customer,59,Personal Travel,Eco,602,2,4,2,2,3,4,4,4,4,2,5,5,5,3.54,0,0,FALSE
Male,Loyal Customer,33,Business Travel,Business,1013,4,4,4,4,4,4,4,4,3,3,4,3,4,3.77,0,0,TRUE
Female,Loyal Customer,47,Personal Travel,Business,438,1,4,5,4,3,3,4,1,1,5,4,1,3,3,70,66,FALSE
Male,Loyal Customer,29,Business Travel,Business,936,4,4,4,4,4,4,4,4,4,4,5,3,4,4,0,0,TRUE
Male,Loyal Customer,48,Business Travel,Eco,411,5,2,2,2,4,5,4,4,5,3,1,2,4,3.31,20,10,TRUE
Male,Disloyal Customer,67,Business Travel,Business,228,4,4,4,2,1,4,1,1,1,1,5,2,1,2.38,0,0,TRUE
Male,Loyal Customer,29,Personal Travel,Business,545,1,3,1,3,1,4,4,2,1,3,4,4,4,2.69,92,150,FALSE
Female,Loyal Customer,15,Personal Travel,Eco,201,3,5,3,3,4,3,4,4,3,2,4,5,4,3.62,0,0,FALSE
Male,Loyal Customer,26,Business Travel,Eco Plus,872,5,2,2,2,5,5,5,5,1,5,2,1,5,3.46,0,2,TRUE
Male,Loyal Customer,49,Personal Travel,Eco,304,4,4,4,4,3,4,3,3,3,2,4,4,3,3.46,0,0,TRUE
Male,Loyal Customer,49,Business Travel,Business,2018,4,4,4,4,3,5,4,5,5,5,5,4,3,4.23,35,27,TRUE
Male,Loyal Customer,54,Business Travel,Business,1747,3,2,3,3,3,5,5,4,4,4,4,3,5,3.69,29,4,TRUE
Female,Loyal Customer,72,Business Travel,Business,1674,2,2,2,2,5,4,5,5,5,5,5,4,5,3.92,0,0,TRUE
Male,Loyal Customer,41,Business Travel,Eco,313,3,1,1,1,2,3,2,2,3,5,4,1,2,2.31,0,4,FALSE
Male,Loyal Customer,37,Personal Travel,Eco,1448,3,1,3,4,2,3,2,2,4,2,3,3,2,2.62,0,0,FALSE
Female,Disloyal Customer,24,Business Travel,Business,585,4,3,4,4,2,4,2,2,3,3,4,3,2,3.08,7,34,TRUE
Female,Loyal Customer,42,Business Travel,Business,404,4,4,4,4,2,5,5,4,4,4,4,3,4,3.92,0,0,TRUE
Male,Loyal Customer,53,Business Travel,Business,1773,2,2,2,2,4,4,5,5,5,5,5,5,5,3.92,0,0,TRUE
Female,Loyal Customer,29,Personal Travel,Eco,562,3,4,2,4,5,2,4,5,4,2,4,4,5,3.69,9,23,FALSE
Female,Loyal Customer,25,Business Travel,Business,1867,2,2,2,2,2,2,2,2,1,1,2,1,2,1.77,0,0,FALSE
Female,Loyal Customer,43,Business Travel,Eco,588,2,1,2,1,3,3,5,2,2,2,2,2,3,2.31,0,0,TRUE
Female,Loyal Customer,43,Business Travel,Business,2381,2,5,5,5,3,3,4,2,2,2,2,4,4,3.31,0,0,FALSE
Male,Loyal Customer,55,Personal Travel,Eco,1269,4,4,4,2,2,4,2,2,4,5,5,3,2,3.31,0,0,TRUE
Male,Disloyal Customer,36,Business Travel,Business,1072,3,3,3,4,5,3,5,5,1,5,1,4,5,3.62,0,0,FALSE
Female,Loyal Customer,39,Business Travel,Eco,212,5,4,2,4,5,5,5,2,3,1,4,5,5,3.85,276,262,TRUE
Female,Loyal Customer,48,Business Travel,Business,2820,5,5,5,5,5,4,4,5,5,5,5,3,5,4.69,73,55,TRUE
Female,Loyal Customer,41,Business Travel,Business,3945,1,1,1,1,4,4,5,5,5,5,5,3,3,3.31,14,0,TRUE
Female,Loyal Customer,36,Personal Travel,Eco,1299,3,4,2,3,4,2,4,4,5,5,5,3,4,3.69,2,3,FALSE
Female,Loyal Customer,22,Business Travel,Business,1598,4,4,5,4,5,5,5,5,4,5,3,4,5,4.46,42,20,TRUE
Male,Loyal Customer,50,Business Travel,Business,944,1,1,4,1,2,4,4,4,4,5,4,5,4,3.31,0,0,TRUE
Female,Loyal Customer,17,Personal Travel,Eco Plus,550,4,0,4,3,1,4,5,1,4,5,4,4,1,3.08,21,37,FALSE
Female,Loyal Customer,34,Business Travel,Business,528,5,5,5,5,5,5,4,4,4,4,4,5,3,4.46,5,0,TRUE
Male,Loyal Customer,8,Personal Travel,Business,529,3,4,3,1,1,3,1,1,4,5,5,3,1,2.69,9,5,FALSE
Female,Loyal Customer,47,Business Travel,Eco,453,4,2,3,2,1,3,3,4,4,4,4,5,2,3.15,10,0,TRUE
Female,Loyal Customer,33,Business Travel,Business,2150,5,5,5,5,1,2,4,5,5,5,5,2,1,3.85,0,0,TRUE
Female,Loyal Customer,46,Personal Travel,Eco,372,2,5,2,3,2,5,5,3,3,2,3,1,2,2.92,0,2,FALSE
Male,Loyal Customer,31,Personal Travel,Eco,1616,3,4,3,3,2,3,1,2,3,5,4,4,2,3,0,0,FALSE
Female,Disloyal Customer,45,Business Travel,Business,101,2,2,2,2,5,2,5,5,4,2,5,4,5,3.46,0,0,FALSE
Female,Loyal Customer,33,Personal Travel,Eco,2556,1,4,1,5,1,5,5,5,5,5,5,5,5,4,0,12,FALSE
Male,Disloyal Customer,20,Business Travel,Business,936,4,4,4,3,4,4,4,4,3,2,5,4,4,3.77,1,0,TRUE
Male,Loyal Customer,26,Personal Travel,Business,872,1,1,1,2,4,1,4,4,3,2,1,2,4,2.31,22,38,FALSE
Male,Loyal Customer,52,Business Travel,Business,2731,4,4,4,4,5,1,3,5,5,5,3,5,2,3.85,2,0,TRUE
Male,Loyal Customer,53,Personal Travel,Eco,280,2,4,2,4,2,2,1,2,3,4,5,4,2,2.85,2,0,FALSE
Male,Loyal Customer,52,Business Travel,Eco Plus,2125,2,3,4,3,2,2,2,2,3,5,2,4,2,2.77,4,0,FALSE
Male,Loyal Customer,26,Business Travel,Business,569,5,5,5,5,4,4,4,4,4,5,4,4,4,4.38,1,3,TRUE
Female,Loyal Customer,42,Business Travel,Business,3167,2,3,3,3,1,2,2,2,2,2,2,4,4,2.46,99,113,FALSE
Male,Loyal Customer,36,Personal Travel,Eco,1096,2,1,2,3,2,2,2,2,1,5,3,2,2,2.23,0,0,FALSE
Female,Loyal Customer,46,Business Travel,Eco Plus,224,4,3,3,3,3,4,1,4,4,4,4,1,4,3.23,0,14,TRUE
Male,Disloyal Customer,24,Business Travel,Eco,997,2,2,2,3,1,2,1,1,3,5,5,3,1,2.38,0,0,FALSE
Female,Loyal Customer,15,Personal Travel,Eco,262,2,5,2,3,1,2,4,1,5,2,4,1,1,2.54,0,0,FALSE
Female,Loyal Customer,21,Personal Travel,Eco,201,3,4,3,3,3,3,1,3,3,3,2,1,3,2.69,0,0,FALSE
Female,Loyal Customer,31,Personal Travel,Eco Plus,2442,2,1,2,4,4,2,3,4,2,1,4,1,4,2.62,0,0,FALSE
Female,Loyal Customer,41,Business Travel,Business,2072,2,3,3,3,1,3,3,2,2,2,2,2,2,2.31,0,0,FALSE
Male,Loyal Customer,43,Business Travel,Business,3547,0,5,0,4,2,4,5,4,4,4,4,4,3,3.31,0,0,TRUE
Female,Loyal Customer,40,Business Travel,Business,3526,3,3,3,3,3,4,4,4,4,4,4,3,5,3.62,8,0,TRUE
Female,Disloyal Customer,24,Business Travel,Eco,657,4,0,5,3,1,5,1,1,5,5,5,5,1,3.15,15,9,FALSE
Female,Loyal Customer,68,Business Travel,Eco,224,3,3,5,3,4,3,3,3,3,3,3,3,4,3.31,13,6,FALSE
Male,Loyal Customer,48,Business Travel,Business,2001,3,3,3,3,3,4,4,2,2,2,2,4,4,3,2,0,TRUE
Male,Loyal Customer,38,Business Travel,Business,2173,3,5,5,5,5,4,3,3,3,3,3,2,3,3.62,0,0,FALSE
Female,Loyal Customer,36,Business Travel,Eco,173,1,4,4,4,1,1,1,1,1,2,4,2,1,2.08,0,0,FALSE
Female,Loyal Customer,60,Business Travel,Business,1471,4,4,4,4,4,5,4,4,4,5,4,4,3,4.08,22,10,TRUE
Female,Loyal Customer,39,Personal Travel,Business,313,4,5,4,3,4,5,4,3,3,4,3,5,5,4,62,58,FALSE
Male,Loyal Customer,30,Business Travel,Business,1005,2,2,2,2,2,2,2,2,3,5,2,3,2,2.38,54,35,FALSE
Male,Loyal Customer,32,Personal Travel,Eco,214,4,0,4,1,4,4,4,4,3,5,5,3,4,3.46,0,2,FALSE
Male,Loyal Customer,28,Personal Travel,Business,607,2,4,2,4,4,2,4,4,4,3,5,5,4,3.62,0,0,FALSE
Male,Loyal Customer,16,Personal Travel,Business,2422,2,5,2,4,2,3,3,3,2,5,4,3,3,3.15,0,0,FALSE
Male,Loyal Customer,54,Business Travel,Business,834,1,1,5,1,3,4,5,5,5,5,5,4,4,3.69,0,0,TRUE
Female,Disloyal Customer,17,Business Travel,Eco,631,1,3,1,3,2,1,1,2,3,4,3,4,2,2.31,0,0,FALSE
Male,Disloyal Customer,44,Business Travel,Eco,239,2,0,2,4,3,2,3,3,2,1,4,3,3,2.46,0,0,FALSE
Male,Loyal Customer,40,Personal Travel,Eco Plus,210,4,4,4,4,1,4,1,1,3,5,3,4,1,3,0,0,TRUE
Male,Loyal Customer,71,Business Travel,Business,3540,2,3,3,3,2,4,4,4,4,4,2,2,3,3.08,28,21,FALSE
Female,Loyal Customer,69,Personal Travel,Business,337,2,5,2,3,2,5,5,2,2,2,2,5,5,3.23,0,17,FALSE
Male,Loyal Customer,46,Business Travel,Business,2586,5,5,5,5,4,4,4,4,5,4,5,4,4,4.46,0,0,TRUE
Male,Loyal Customer,47,Personal Travel,Eco Plus,689,3,5,3,1,4,3,4,4,3,2,5,5,4,3.54,0,0,FALSE
Male,Loyal Customer,34,Personal Travel,Eco,2762,1,0,1,4,4,1,4,4,2,5,3,3,4,2.77,0,0,FALSE
Male,Loyal Customer,67,Business Travel,Eco,365,3,1,1,1,3,3,3,3,3,4,4,1,3,2.54,0,0,FALSE
Male,Loyal Customer,16,Personal Travel,Eco,214,1,2,1,4,3,1,5,3,4,3,4,4,3,2.92,80,85,FALSE
Male,Loyal Customer,48,Business Travel,Business,594,4,4,4,4,3,5,5,5,5,4,5,3,4,4.23,7,17,TRUE
Male,Loyal Customer,33,Business Travel,Business,3012,3,3,3,3,3,3,3,3,4,5,3,3,3,3.23,5,0,FALSE
Male,Loyal Customer,40,Personal Travel,Eco,2704,5,1,5,4,3,5,3,3,1,5,3,2,3,3.31,21,0,TRUE
Female,Loyal Customer,33,Personal Travel,Eco,2072,2,4,2,4,1,2,1,1,4,4,3,5,1,2.62,15,0,FALSE
Female,Loyal Customer,54,Business Travel,Business,1346,5,5,5,5,4,5,5,4,4,4,4,3,4,4.38,0,0,TRUE
Male,Loyal Customer,65,Personal Travel,Eco,1235,1,5,1,1,4,1,4,4,4,2,4,3,4,2.92,0,0,FALSE
Female,Loyal Customer,57,Business Travel,Business,236,1,1,1,1,5,4,5,5,5,5,5,3,4,3.46,0,0,TRUE
Female,Loyal Customer,52,Business Travel,Business,414,3,3,3,3,2,5,4,5,5,5,5,4,3,3.85,6,0,TRUE
Male,Disloyal Customer,57,Business Travel,Business,106,4,4,4,5,3,4,3,3,3,4,4,4,3,3.69,0,0,TRUE
Male,Loyal Customer,60,Business Travel,Business,236,3,3,3,3,5,5,5,5,5,5,5,5,4,4.31,3,0,TRUE
Male,Loyal Customer,47,Business Travel,Business,2357,4,2,4,4,5,4,4,5,5,5,5,3,3,4.08,0,0,TRUE
Male,Disloyal Customer,24,Business Travel,Business,1810,0,4,0,1,0,2,2,5,5,5,4,2,2,2.46,236,202,TRUE
Male,Loyal Customer,41,Personal Travel,Eco,190,5,5,5,3,4,5,4,4,3,2,5,5,4,4.15,0,0,TRUE
Female,Loyal Customer,49,Business Travel,Business,214,2,2,2,2,4,4,4,5,5,5,4,3,5,3.62,0,0,TRUE
Female,Loyal Customer,33,Personal Travel,Eco,909,1,3,1,3,1,1,1,1,2,1,5,2,1,1.77,0,0,FALSE
Female,Loyal Customer,43,Business Travel,Business,448,1,1,1,1,2,5,5,5,5,5,5,5,4,3.46,28,28,TRUE
Female,Loyal Customer,48,Business Travel,Business,3612,1,1,1,1,2,4,4,4,4,4,4,3,5,2.92,0,0,TRUE
Female,Loyal Customer,64,Personal Travel,Eco Plus,990,2,3,2,4,4,2,5,1,1,2,1,2,5,2.62,4,0,FALSE
Female,Loyal Customer,54,Business Travel,Business,479,4,4,4,4,2,5,4,5,5,5,5,4,4,4.23,34,21,TRUE
Female,Loyal Customer,32,Business Travel,Business,399,1,1,1,1,4,4,4,4,3,3,5,4,4,3,0,25,TRUE
Female,Loyal Customer,55,Business Travel,Business,2314,5,5,5,5,3,1,1,4,4,4,4,3,2,3.54,9,19,TRUE
Female,Loyal Customer,68,Personal Travel,Eco,370,5,1,5,3,5,2,2,4,4,5,4,3,1,3.38,0,0,TRUE
Male,Loyal Customer,68,Business Travel,Eco,266,5,2,2,2,5,5,5,5,4,5,3,5,5,4.08,0,0,TRUE
Female,Loyal Customer,40,Business Travel,Eco,605,5,2,2,2,5,5,5,5,2,2,3,3,5,3.54,7,1,TRUE
Female,Loyal Customer,52,Business Travel,Business,1399,4,4,4,4,3,4,4,3,3,4,3,3,3,3.54,20,14,TRUE
Female,Loyal Customer,38,Personal Travel,Eco,762,3,4,3,1,1,3,1,1,3,4,5,5,1,2.69,1,0,FALSE
Female,Loyal Customer,47,Business Travel,Business,2268,1,1,1,1,5,4,3,5,5,5,5,5,4,3.46,0,0,TRUE
Male,Loyal Customer,67,Personal Travel,Eco,1558,2,4,2,4,5,2,5,5,3,3,4,5,5,3.77,27,13,FALSE
Female,Loyal Customer,45,Business Travel,Business,3474,0,1,1,5,5,5,4,4,4,1,1,5,4,3.08,14,12,TRUE
Female,Loyal Customer,44,Business Travel,Business,1943,2,2,2,2,3,5,5,4,4,4,4,3,5,3.46,7,0,TRUE
Male,Disloyal Customer,23,Business Travel,Eco,950,2,2,2,5,4,2,1,4,3,3,4,5,4,3.15,0,0,FALSE
Female,Loyal Customer,40,Business Travel,Business,3611,2,2,2,2,2,5,5,4,4,4,4,4,5,3.46,0,0,TRUE
Male,Loyal Customer,66,Personal Travel,Business,451,1,5,4,1,2,3,4,1,1,4,1,2,3,2.46,0,0,FALSE
Female,Loyal Customer,50,Business Travel,Business,562,2,2,2,2,3,4,5,3,3,4,3,3,3,3,0,0,TRUE
Female,Disloyal Customer,29,Business Travel,Eco,1016,3,3,3,4,4,3,4,4,2,1,4,4,4,3.31,9,11,FALSE
Female,Disloyal Customer,21,Business Travel,Eco,216,1,2,1,2,4,1,4,4,1,5,3,4,4,2.77,0,,FALSE
Female,Loyal Customer,28,Personal Travel,Eco,516,2,4,2,1,5,2,5,5,3,5,5,4,5,3.69,0,0,FALSE
Female,Disloyal Customer,45,Business Travel,Eco,328,0,0,0,4,1,0,1,1,3,3,4,1,1,1.46,0,0,TRUE
Female,Loyal Customer,36,Business Travel,Business,2391,2,1,1,1,5,4,4,2,2,2,2,1,1,2.15,0,0,FALSE
Male,Loyal Customer,29,Personal Travel,Eco,290,4,5,4,2,3,4,3,3,4,3,4,3,3,3.46,0,0,FALSE
Male,Loyal Customer,60,Personal Travel,Eco,3784,3,5,3,3,3,4,4,3,3,3,5,4,4,3.62,9,20,FALSE
Male,Loyal Customer,45,Business Travel,Business,2237,1,1,1,1,1,4,5,4,4,4,4,4,3,2.85,0,0,TRUE
Male,Loyal Customer,58,Business Travel,Business,266,2,2,2,2,2,3,3,2,2,2,2,4,4,2.46,99,88,FALSE
Male,Loyal Customer,50,Business Travel,Business,3459,1,1,1,1,3,5,5,3,3,3,3,5,5,3,0,0,TRUE
Male,Loyal Customer,43,Business Travel,Eco,571,4,4,4,4,4,4,4,4,4,1,1,5,4,3.62,6,16,TRUE
Female,Loyal Customer,39,Personal Travel,Business,163,3,5,3,2,3,4,5,5,5,3,5,3,3,3.77,2,7,FALSE
Female,Loyal Customer,49,Business Travel,Business,1955,3,3,3,3,5,4,4,4,4,4,4,5,4,3.85,0,0,TRUE
Female,Disloyal Customer,27,Business Travel,Eco Plus,562,2,2,2,3,1,2,1,1,2,3,4,3,1,2.08,1,0,FALSE
Female,Loyal Customer,53,Business Travel,Business,846,2,2,2,2,5,4,4,4,4,4,4,4,4,3.46,4,3,TRUE
Female,Loyal Customer,25,Business Travel,Business,3400,3,3,4,3,3,3,3,3,5,2,4,3,3,3.23,5,0,TRUE
Female,Loyal Customer,26,Business Travel,Eco,1389,4,2,2,2,4,4,2,4,2,4,3,1,4,2.92,0,0,FALSE
Male,Loyal Customer,65,Personal Travel,Business,305,4,5,4,2,5,1,5,3,3,4,1,2,5,3.38,18,7,FALSE
Male,Loyal Customer,59,Business Travel,Business,2639,2,2,5,2,4,4,5,4,4,4,4,4,3,3.62,90,80,TRUE
Male,Loyal Customer,37,Personal Travel,Eco,2585,1,5,1,3,2,1,1,2,5,2,5,5,2,2.69,4,0,FALSE
Female,Loyal Customer,12,Business Travel,Business,1587,5,5,5,5,4,4,4,4,5,3,3,4,4,4.23,0,0,TRUE
Male,Loyal Customer,40,Business Travel,Business,2250,1,1,1,1,4,4,5,4,4,4,4,4,3,3.08,0,4,TRUE
Male,Disloyal Customer,27,Business Travel,Business,296,2,2,2,5,2,2,2,2,4,2,5,4,2,2.77,8,18,FALSE
Female,Loyal Customer,52,Business Travel,Business,1471,3,3,3,3,2,4,4,5,5,5,5,5,3,3.85,0,0,TRUE
Female,Loyal Customer,46,Business Travel,Business,414,5,5,5,5,2,5,5,5,5,5,5,3,3,4.46,48,39,TRUE
Male,Loyal Customer,49,Business Travel,Business,1521,5,5,5,5,5,4,4,5,5,5,5,4,3,4.62,0,0,TRUE
Male,Disloyal Customer,22,Business Travel,Eco,596,3,5,3,2,3,3,3,3,3,1,3,3,3,2.92,0,0,FALSE
Male,Loyal Customer,30,Business Travel,Eco Plus,315,5,5,5,5,5,5,5,5,1,1,2,3,5,4,0,0,TRUE
Female,Loyal Customer,55,Business Travel,Business,300,5,5,3,5,4,5,4,4,4,4,4,2,3,4,0,0,TRUE
Female,Loyal Customer,62,Personal Travel,Eco,109,3,5,3,1,5,5,5,3,3,3,3,3,5,3.62,0,0,FALSE
Male,Loyal Customer,26,Business Travel,Business,2020,3,3,3,3,5,5,5,5,3,4,4,5,5,4.08,0,0,TRUE
Female,Loyal Customer,24,Business Travel,Business,2419,1,5,5,5,1,1,1,1,3,1,2,2,1,2.23,13,0,FALSE
Female,Loyal Customer,30,Business Travel,Business,2276,4,4,4,4,4,5,4,4,3,5,5,3,4,4.08,0,0,TRUE
Male,Disloyal Customer,24,Business Travel,Eco,501,3,3,3,2,5,3,5,5,5,2,4,5,5,3.85,0,0,FALSE
Male,Disloyal Customer,20,Business Travel,Eco,1235,3,3,3,2,4,3,1,4,5,4,4,4,4,3.38,0,0,FALSE
Female,Loyal Customer,25,Business Travel,Business,2614,3,3,3,3,4,4,4,4,4,3,5,3,4,3.62,0,0,TRUE
Male,Loyal Customer,51,Business Travel,Eco,320,4,2,2,2,4,4,4,4,4,3,5,5,4,3.62,0,6,TRUE
Male,Loyal Customer,51,Business Travel,Business,2520,3,3,3,3,4,5,4,3,3,4,3,5,3,3.54,4,2,TRUE
Male,Loyal Customer,57,Business Travel,Business,419,4,4,3,4,5,2,3,4,4,4,4,3,3,3.62,0,0,FALSE
Male,Loyal Customer,58,Personal Travel,Eco,853,2,4,3,4,3,3,3,3,4,3,5,5,3,3.46,0,6,FALSE
Male,Loyal Customer,39,Business Travel,Business,3505,4,5,2,2,3,3,4,4,4,4,4,3,1,3.31,78,69,FALSE
Male,Disloyal Customer,19,Business Travel,Eco,1013,2,2,2,4,4,2,4,4,5,1,5,5,4,3.38,3,0,TRUE
Female,Loyal Customer,25,Business Travel,Eco Plus,612,2,3,3,3,2,3,2,2,3,3,4,4,2,2.77,6,0,FALSE
Male,Loyal Customer,38,Business Travel,Business,3598,4,5,4,4,5,4,4,5,5,5,4,4,3,4.31,0,4,TRUE
Female,Loyal Customer,57,Business Travel,Business,3528,3,3,3,3,2,4,5,5,5,5,5,4,5,4,0,0,TRUE
Female,Disloyal Customer,20,Business Travel,Eco,663,1,0,1,3,3,1,4,3,2,1,4,2,3,2.15,13,9,FALSE
Female,Loyal Customer,25,Business Travel,Business,3377,4,4,4,4,4,4,4,4,5,2,4,3,4,3.85,0,0,TRUE
Female,Loyal Customer,67,Personal Travel,Eco,223,1,5,1,3,5,3,5,4,4,1,4,1,2,3,5,8,FALSE
Female,Loyal Customer,37,Business Travel,Eco,216,4,4,4,4,4,4,4,4,5,4,1,4,4,3.85,0,0,TRUE
Female,Loyal Customer,43,Business Travel,Business,2575,1,1,1,1,2,4,5,5,5,5,5,5,5,3.46,44,54,TRUE
Male,Loyal Customer,22,Business Travel,Business,1173,1,1,1,1,5,5,5,5,3,4,4,5,5,3.46,28,24,TRUE
Female,Loyal Customer,44,Business Travel,Business,1499,4,4,3,4,4,3,3,5,5,5,5,2,5,4,3,14,TRUE
Female,Loyal Customer,46,Business Travel,Business,2650,4,4,4,4,4,4,5,4,4,5,4,4,4,4.15,0,0,TRUE
Female,Loyal Customer,35,Business Travel,Business,1201,1,3,3,3,5,4,4,1,1,1,1,4,3,2.62,14,14,FALSE
Female,Disloyal Customer,36,Business Travel,Eco,266,4,4,4,3,3,4,3,3,2,4,4,4,3,3.46,2,0,FALSE
Male,Disloyal Customer,25,Business Travel,Business,763,1,0,1,2,1,1,1,1,3,4,5,4,1,1.92,0,0,FALSE
Male,Loyal Customer,47,Business Travel,Business,1508,3,3,3,3,2,2,2,4,4,4,4,5,4,3.31,25,18,TRUE
Female,Loyal Customer,56,Business Travel,Business,2103,0,5,0,4,2,5,4,1,1,1,1,5,3,2.46,0,0,TRUE
Female,Loyal Customer,59,Business Travel,Business,1572,3,3,3,3,2,4,4,3,3,3,3,2,1,2.85,9,3,FALSE
Male,Disloyal Customer,26,Business Travel,Eco,192,2,2,2,2,5,2,5,5,4,3,2,3,5,3.23,0,9,FALSE
Male,Disloyal Customer,24,Business Travel,Eco,528,4,0,4,1,5,4,5,5,3,2,4,3,5,3.46,2,0,TRUE
Male,Loyal Customer,18,Personal Travel,Eco,868,2,3,2,4,1,2,1,1,2,5,3,2,1,2.23,0,0,FALSE
Female,Loyal Customer,40,Business Travel,Business,717,3,4,3,4,1,3,3,3,3,2,3,1,2,2.69,0,0,FALSE
Female,Loyal Customer,68,Personal Travel,Eco,296,2,4,2,1,2,4,5,4,4,2,5,5,5,3.46,1,0,FALSE
Female,Disloyal Customer,37,Business Travel,Business,235,2,2,2,3,2,2,2,2,3,3,5,3,2,2.54,43,40,FALSE
Female,Loyal Customer,47,Business Travel,Business,1917,3,3,3,3,2,4,5,3,3,2,3,5,3,3.23,0,0,TRUE
Male,Loyal Customer,52,Business Travel,Business,3502,5,5,5,5,4,2,4,5,5,5,5,1,2,4.08,0,7,TRUE
Female,Loyal Customer,55,Business Travel,Business,3607,1,1,5,1,4,4,4,5,5,4,5,3,5,3.62,0,0,TRUE
Male,Loyal Customer,42,Business Travel,Business,2396,3,3,3,3,4,4,3,3,3,3,3,2,2,3,0,0,TRUE
Male,Loyal Customer,27,Personal Travel,Eco,1012,4,4,4,1,5,4,5,5,4,2,2,3,5,3.69,63,84,FALSE
Female,Loyal Customer,59,Personal Travel,Eco,282,3,4,3,2,2,4,5,2,2,3,2,3,4,3,3,3,FALSE
Female,Loyal Customer,58,Business Travel,Business,3663,5,5,1,5,2,4,4,4,4,4,4,4,3,3.77,0,0,TRUE
Male,Loyal Customer,67,Business Travel,Business,1558,1,2,2,2,4,1,2,2,2,3,1,3,4,2.23,12,4,FALSE
Male,Disloyal Customer,23,Business Travel,Eco,950,2,2,2,3,5,2,5,5,4,2,5,4,5,3.54,0,0,FALSE
Female,Disloyal Customer,32,Business Travel,Eco,261,2,0,2,2,4,2,4,4,4,5,2,2,4,2.85,0,0,FALSE
Female,Loyal Customer,34,Personal Travel,Eco Plus,602,3,5,2,2,3,2,3,3,4,2,4,5,3,3.15,11,0,FALSE
Male,Loyal Customer,25,Business Travel,Business,595,5,5,5,5,4,4,4,4,5,4,3,2,4,4.15,0,0,TRUE
Female,Loyal Customer,56,Business Travel,Business,2139,2,2,2,2,2,3,5,5,5,5,5,5,4,3.62,3,0,TRUE
Male,Disloyal Customer,25,Business Travel,Eco,187,2,4,2,3,2,2,2,3,2,4,4,2,2,2.62,129,142,FALSE
Female,Loyal Customer,58,Business Travel,Business,1605,4,4,4,4,2,4,5,4,4,4,4,4,5,4,44,17,TRUE
Female,Loyal Customer,48,Business Travel,Business,3497,3,3,3,3,3,4,5,3,3,4,3,4,3,3.38,0,0,TRUE
Male,Loyal Customer,48,Personal Travel,Eco Plus,1532,2,3,2,2,3,2,3,3,4,1,3,3,3,2.62,0,0,FALSE
Male,Loyal Customer,46,Personal Travel,Eco,2342,1,1,1,2,4,1,2,4,1,2,3,4,4,2.31,0,0,FALSE
Male,Loyal Customer,30,Personal Travel,Eco,253,2,1,2,4,1,2,1,1,3,5,4,3,1,2.31,0,0,FALSE
Female,Disloyal Customer,11,Business Travel,Eco,804,3,3,3,1,5,3,2,5,4,4,4,5,5,3.62,8,0,FALSE
Female,Loyal Customer,52,Business Travel,Business,205,0,5,0,2,5,5,4,5,5,5,5,4,4,3.77,0,3,TRUE
Female,Loyal Customer,46,Business Travel,Business,3874,1,1,1,1,4,3,3,5,5,5,4,3,3,3,312,296,TRUE
Female,Loyal Customer,7,Personal Travel,Business,2153,3,4,3,3,1,3,3,1,4,2,3,5,1,2.77,0,6,FALSE
Female,Loyal Customer,59,Business Travel,Business,2163,3,1,3,3,2,4,4,5,5,5,5,5,3,3.69,6,0,TRUE
Female,Loyal Customer,38,Business Travel,Business,425,4,4,4,4,5,4,4,3,3,4,3,5,3,3.85,0,0,TRUE
Female,Disloyal Customer,37,Business Travel,Business,325,2,2,2,3,1,2,1,1,4,4,4,3,1,2.31,0,0,FALSE
Female,Loyal Customer,14,Personal Travel,Eco,834,4,5,5,4,4,5,4,4,5,4,4,3,4,4.23,0,18,TRUE
Male,Loyal Customer,22,Business Travel,Business,1235,1,1,1,1,4,4,4,4,4,3,4,1,4,2.77,0,0,TRUE
Female,Disloyal Customer,39,Business Travel,Eco,372,1,1,1,2,2,1,2,2,1,5,1,4,2,1.92,18,12,FALSE
Female,Loyal Customer,58,Personal Travel,Eco Plus,204,2,3,2,4,1,3,1,4,4,2,4,4,1,2.69,0,0,FALSE
Male,Loyal Customer,47,Business Travel,Eco,651,2,2,2,2,2,2,2,2,2,1,2,2,2,1.92,0,5,FALSE
Male,Loyal Customer,36,Personal Travel,Eco,990,4,5,4,3,2,4,2,2,5,5,4,5,2,3.62,5,0,FALSE
Male,Loyal Customer,58,Business Travel,Business,3714,4,4,4,4,4,4,5,4,4,4,4,5,5,4.23,0,1,TRUE
Female,Loyal Customer,35,Business Travel,Business,2586,3,2,2,2,3,3,3,4,5,3,2,3,3,2.92,0,0,FALSE
Male,Loyal Customer,60,Personal Travel,Eco,2176,2,3,2,4,1,2,1,1,1,4,3,4,1,2.23,58,33,FALSE
Female,Loyal Customer,36,Business Travel,Eco,374,4,4,4,4,4,4,4,4,3,1,5,3,4,3.69,24,20,TRUE
Female,Loyal Customer,45,Business Travel,Business,1583,4,2,2,2,4,3,3,4,4,3,4,2,2,3,0,0,FALSE
Male,Loyal Customer,47,Personal Travel,Business,1015,1,2,1,2,1,3,3,3,3,1,3,4,4,2.38,24,39,FALSE
Male,Disloyal Customer,27,Business Travel,Eco,581,4,1,4,4,3,4,3,3,1,3,3,3,3,3,20,21,FALSE
Female,Loyal Customer,42,Business Travel,Business,1723,3,3,3,3,2,4,4,2,2,3,2,3,5,3,19,0,TRUE
Female,Loyal Customer,46,Business Travel,Eco Plus,1190,5,1,1,1,4,5,5,5,5,5,5,5,2,3.77,0,0,TRUE
Female,Loyal Customer,7,Personal Travel,Eco,1157,3,4,3,2,5,3,5,5,5,2,4,4,5,3.85,0,0,FALSE
Male,Loyal Customer,38,Business Travel,Business,2695,5,5,2,5,4,5,4,4,4,4,4,5,2,4.08,0,2,TRUE
Female,Loyal Customer,61,Personal Travel,Eco Plus,735,2,4,2,4,4,3,3,1,1,2,5,2,4,2.85,0,9,FALSE
Male,Loyal Customer,10,Personal Travel,Eco Plus,179,2,4,2,2,5,2,5,5,5,4,4,4,5,3.77,63,82,FALSE
Female,Loyal Customer,53,Personal Travel,Eco,693,3,2,3,4,1,4,4,5,5,3,5,3,4,3.54,0,1,FALSE
Female,Loyal Customer,48,Business Travel,Business,746,3,3,3,3,4,1,3,4,4,4,4,5,2,3.31,0,0,TRUE
Male,Disloyal Customer,24,Business Travel,Eco,954,3,2,2,5,5,2,5,5,3,3,3,1,5,3.38,0,2,FALSE
Female,Disloyal Customer,57,Business Travel,Eco,945,4,4,4,4,3,4,1,3,2,4,4,1,3,3.15,37,12,FALSE
Female,Loyal Customer,59,Business Travel,Business,2718,4,4,4,4,3,4,4,4,4,4,4,5,3,3.92,25,9,TRUE
Female,Loyal Customer,18,Personal Travel,Eco,1184,1,5,1,4,5,1,4,5,5,5,5,4,5,3.85,0,12,FALSE
Female,Loyal Customer,52,Business Travel,Eco,359,2,5,5,5,2,3,3,2,2,2,2,4,2,3,6,0,FALSE
Male,Loyal Customer,46,Business Travel,Business,2837,1,1,3,1,3,2,2,3,3,4,3,2,3,2.38,7,17,TRUE
Male,Loyal Customer,29,Business Travel,Business,2387,3,3,4,3,3,3,3,3,4,1,2,2,3,2.85,0,0,TRUE
Male,Disloyal Customer,21,Business Travel,Business,930,5,0,5,3,5,5,5,5,3,2,5,4,5,4,47,38,TRUE
Male,Loyal Customer,30,Business Travel,Business,2013,4,4,4,4,4,4,4,4,2,1,2,4,4,3.46,0,0,TRUE
Male,Disloyal Customer,23,Business Travel,Eco,1014,4,4,4,4,3,4,3,3,3,4,4,3,3,3.54,0,0,FALSE
Female,Loyal Customer,22,Business Travel,Eco,954,3,2,2,2,3,4,4,3,5,4,5,2,3,3.23,0,0,TRUE
Male,Loyal Customer,32,Business Travel,Eco,954,2,1,1,1,2,2,2,2,4,1,3,3,2,2,15,12,FALSE
Female,Loyal Customer,21,Personal Travel,Eco,305,3,5,3,4,1,3,1,1,3,4,5,5,1,3,18,7,FALSE
Male,Loyal Customer,10,Personal Travel,Eco,488,2,0,2,2,4,2,2,4,4,2,5,5,4,2.92,11,11,FALSE
Male,Loyal Customer,38,Business Travel,Business,1927,1,5,5,5,3,3,3,1,1,1,1,2,1,2.46,5,0,FALSE
Female,Loyal Customer,67,Business Travel,Eco,192,2,1,1,1,4,4,4,2,2,2,2,4,2,2.38,0,0,FALSE
Male,Loyal Customer,53,Business Travel,Business,1614,1,0,0,2,4,3,3,5,5,0,5,1,4,2.54,0,0,FALSE
Male,Loyal Customer,41,Business Travel,Business,3467,1,1,1,1,3,3,3,4,4,4,4,2,5,2.77,1,0,TRUE
Male,Loyal Customer,28,Personal Travel,Eco Plus,772,4,3,4,4,1,4,1,1,5,3,3,5,1,3,8,0,FALSE
Male,Loyal Customer,44,Business Travel,Business,3866,3,5,5,5,3,3,3,3,3,3,3,1,2,3.23,0,0,FALSE
Male,Loyal Customer,34,Business Travel,Business,1506,3,3,3,3,4,4,4,3,3,4,3,5,3,3.46,27,26,TRUE
Male,Loyal Customer,65,Personal Travel,Eco,409,2,4,2,3,4,2,4,4,3,1,2,5,4,3.08,7,0,FALSE
Male,Loyal Customer,20,Personal Travel,Eco,569,3,3,3,2,2,3,2,2,2,5,2,4,2,2.69,0,0,FALSE
Male,Loyal Customer,39,Business Travel,Business,3904,5,5,1,5,4,4,5,4,4,4,4,5,4,4.15,0,9,TRUE
Female,Loyal Customer,45,Business Travel,Business,3770,0,0,0,3,3,4,4,2,2,2,2,3,3,2.15,7,10,TRUE
Male,Loyal Customer,29,Business Travel,Business,689,1,3,3,3,1,1,1,1,2,2,3,1,1,1.77,0,4,FALSE
Female,Loyal Customer,47,Personal Travel,Eco,331,4,5,4,4,5,4,5,5,5,4,5,4,3,4.38,6,0,FALSE
Female,Loyal Customer,27,Business Travel,Eco Plus,1136,3,4,4,4,3,3,3,3,3,5,4,2,3,3.38,2,10,FALSE
Male,Loyal Customer,45,Business Travel,Business,2402,1,1,1,1,4,4,4,4,4,4,4,3,4,3,0,0,TRUE
Female,Loyal Customer,24,Personal Travel,Eco,2279,2,5,2,2,2,2,2,2,3,4,4,3,2,2.69,74,65,FALSE
Female,Loyal Customer,35,Business Travel,Business,395,4,4,4,4,4,5,4,4,4,5,4,3,5,4.15,0,0,TRUE
Male,Loyal Customer,8,Personal Travel,Eco,236,2,5,0,1,4,0,5,4,3,5,5,4,4,3.23,0,0,FALSE
Female,Loyal Customer,47,Personal Travel,Eco,1504,3,5,4,1,5,3,4,2,2,4,1,3,5,3.23,0,0,FALSE
Female,Loyal Customer,48,Business Travel,Business,3256,4,4,4,4,4,4,5,4,4,4,4,4,4,4.08,1,0,TRUE
Male,Loyal Customer,44,Business Travel,Eco Plus,1053,4,5,5,5,4,4,4,4,5,5,2,5,4,4.31,4,0,TRUE
Male,Loyal Customer,66,Personal Travel,Eco,337,2,4,2,3,2,5,5,5,2,4,5,5,5,3.77,199,213,FALSE
Female,Disloyal Customer,42,Business Travel,Business,432,2,2,2,3,3,2,3,3,4,4,4,4,3,3,6,0,FALSE
Female,Loyal Customer,59,Personal Travel,Eco,280,2,1,2,3,3,3,3,5,5,2,5,1,3,2.92,0,0,FALSE
Male,Loyal Customer,33,Business Travel,Business,2632,0,5,0,4,1,1,1,1,4,1,1,4,1,1.85,0,0,TRUE
Male,Loyal Customer,27,Business Travel,Business,1773,3,3,3,3,4,4,4,4,3,5,4,3,4,3.62,0,0,TRUE
Male,Disloyal Customer,26,Business Travel,Eco,533,1,3,1,3,4,1,4,4,4,4,4,3,4,3.08,55,56,FALSE
Male,Loyal Customer,43,Business Travel,Business,1511,4,4,4,4,5,4,5,4,4,4,4,3,3,4,0,30,TRUE
Male,Loyal Customer,29,Personal Travel,Eco,110,3,2,0,2,2,0,2,2,3,1,3,1,2,1.77,12,0,FALSE
Male,Loyal Customer,50,Personal Travel,Eco,486,4,4,2,2,5,2,5,5,4,3,4,4,5,3.77,34,17,TRUE
Female,Disloyal Customer,21,Business Travel,Eco,817,4,4,4,3,4,4,4,4,3,4,2,1,4,3.46,84,109,TRUE
Male,Loyal Customer,59,Business Travel,Business,846,3,1,4,1,5,3,2,3,3,3,3,1,3,2.69,3,8,FALSE
Female,Disloyal Customer,20,Business Travel,Business,207,1,4,1,3,3,1,3,3,1,5,3,1,3,2.46,0,4,FALSE
Female,Loyal Customer,48,Business Travel,Business,2545,1,1,1,1,3,1,5,5,5,5,5,1,2,2.77,13,13,TRUE
Female,Disloyal Customer,24,Business Travel,Eco,931,4,4,4,1,1,4,1,1,3,2,5,5,1,2.77,0,0,FALSE
Male,Disloyal Customer,44,Business Travel,Business,781,3,3,3,1,3,3,3,3,4,5,4,4,3,3.23,19,7,TRUE
Female,Loyal Customer,66,Personal Travel,Eco,164,4,4,4,5,3,4,4,5,5,4,5,3,3,4.08,0,0,FALSE
Female,Loyal Customer,60,Personal Travel,Eco,861,2,3,2,4,1,4,3,3,3,2,3,3,4,2.85,23,38,FALSE
Female,Loyal Customer,60,Business Travel,Eco Plus,372,5,5,4,5,5,3,3,5,5,5,5,1,5,4.31,38,31,TRUE
Male,Loyal Customer,36,Personal Travel,Eco,547,3,1,2,2,5,2,5,5,3,1,3,2,5,3,15,21,FALSE
Female,Disloyal Customer,21,Business Travel,Eco,308,5,2,5,1,2,5,2,2,4,3,5,3,2,3.15,0,0,TRUE
Female,Loyal Customer,40,Business Travel,Eco,250,1,2,1,2,1,1,1,1,2,3,3,2,1,1.62,20,9,FALSE
Male,Disloyal Customer,23,Business Travel,Eco,762,2,2,2,3,4,2,4,4,4,3,5,2,4,3.15,12,41,FALSE
Female,Disloyal Customer,50,Business Travel,Eco,500,4,0,4,3,5,4,5,5,3,1,3,1,5,3.31,61,64,FALSE
Female,Loyal Customer,26,Business Travel,Business,3117,1,5,5,5,1,1,1,1,3,2,3,4,1,2.54,31,67,FALSE
Male,Loyal Customer,31,Personal Travel,Eco,352,3,4,4,2,3,4,3,3,4,3,4,3,3,3.31,0,6,FALSE
Female,Loyal Customer,43,Business Travel,Business,3267,3,3,3,3,1,3,3,3,3,3,3,4,4,3,29,22,FALSE
Female,Disloyal Customer,24,Business Travel,Eco,369,3,0,3,2,4,3,3,4,3,4,4,5,4,3.23,69,71,FALSE
Male,Loyal Customer,15,Personal Travel,Eco,864,3,5,3,5,1,3,1,1,3,4,4,3,1,2.85,40,70,FALSE
Male,Loyal Customer,39,Business Travel,Business,696,2,2,3,2,2,5,4,4,4,4,4,5,4,3.46,9,13,TRUE
Male,Loyal Customer,38,Personal Travel,Eco,647,3,4,2,5,4,2,4,4,1,2,2,1,4,2.92,0,0,FALSE
Female,Loyal Customer,47,Business Travel,Business,1790,5,5,5,5,4,4,4,5,5,5,5,3,5,4.62,0,0,TRUE
Female,Loyal Customer,50,Business Travel,Business,1628,2,2,2,2,3,4,4,5,5,5,5,4,1,3.38,22,2,TRUE
Male,Disloyal Customer,29,Business Travel,Eco,1064,4,3,3,4,5,3,5,5,2,5,3,2,5,3.77,29,29,FALSE
Male,Loyal Customer,50,Personal Travel,Eco,937,3,5,3,2,1,3,1,1,1,1,5,4,1,2.38,0,6,FALSE
Male,Loyal Customer,53,Business Travel,Business,643,5,5,5,5,4,5,4,5,5,5,5,3,3,4.54,2,0,TRUE
Male,Disloyal Customer,37,Business Travel,Eco,255,3,5,2,3,1,2,1,1,1,4,4,1,1,2.23,37,28,FALSE
Female,Loyal Customer,57,Business Travel,Business,3132,2,2,2,2,2,5,5,4,4,4,4,4,5,3.46,0,0,TRUE
Female,Loyal Customer,46,Business Travel,Business,1773,1,4,4,4,2,3,4,1,1,1,1,3,4,2.54,0,0,FALSE
Female,Loyal Customer,44,Business Travel,Business,2145,3,3,3,3,4,1,1,5,5,5,5,1,4,3.31,0,0,TRUE
Female,Loyal Customer,40,Personal Travel,Eco,405,3,4,3,3,1,3,1,1,3,2,5,4,1,2.62,0,0,FALSE
Female,Loyal Customer,34,Business Travel,Business,612,2,2,2,2,1,2,1,4,4,4,4,1,5,2.62,0,0,TRUE
Male,Loyal Customer,23,Personal Travel,Eco,438,4,3,4,3,2,4,2,2,2,4,3,3,2,2.92,128,121,FALSE
Male,Loyal Customer,51,Business Travel,Business,3104,2,2,3,2,4,5,4,5,5,4,5,5,3,3.77,0,0,TRUE
Female,Loyal Customer,54,Business Travel,Business,1440,3,3,3,3,3,4,5,5,5,5,5,3,4,3.92,0,0,TRUE
Male,Disloyal Customer,38,Business Travel,Business,304,3,3,3,3,4,3,4,4,5,4,5,5,4,3.85,87,96,FALSE
Male,Loyal Customer,40,Business Travel,Eco,811,4,1,4,1,4,4,4,4,4,5,4,5,4,3.69,2,0,TRUE
Male,Loyal Customer,41,Business Travel,Business,192,2,2,2,2,3,4,4,4,4,4,4,3,5,3.31,0,4,TRUE
Male,Loyal Customer,25,Business Travel,Business,2635,5,5,5,5,3,3,3,3,5,5,2,4,3,3.92,0,11,TRUE
Female,Loyal Customer,60,Personal Travel,Eco,201,4,1,4,3,4,4,3,4,4,4,4,1,1,3.15,0,0,FALSE
Male,Loyal Customer,53,Business Travel,Eco,404,2,2,2,2,2,2,2,2,3,1,3,3,2,2.15,7,2,FALSE
Male,Loyal Customer,51,Business Travel,Business,2246,2,4,4,4,3,4,3,2,2,2,2,4,1,2.85,9,11,FALSE
Female,Loyal Customer,27,Business Travel,Business,2586,3,3,3,3,5,4,5,5,5,3,4,4,5,4,0,0,TRUE
Male,Loyal Customer,58,Business Travel,Business,3412,0,4,0,4,5,5,5,4,4,4,4,3,3,3.46,0,0,TRUE
Male,Loyal Customer,55,Business Travel,Business,240,2,1,1,1,2,3,3,2,2,2,2,1,3,1.92,11,6,FALSE
Male,Loyal Customer,49,Business Travel,Business,210,5,5,5,5,4,5,5,4,4,4,4,5,4,4.54,23,14,TRUE
Male,Disloyal Customer,36,Business Travel,Eco,438,3,0,3,2,1,3,2,1,2,5,3,3,1,2.23,1,16,FALSE
Male,Loyal Customer,7,Personal Travel,Eco,985,5,4,5,4,4,5,4,4,3,2,5,3,4,4,0,0,TRUE
Male,Loyal Customer,48,Business Travel,Eco,83,2,5,5,5,2,2,2,2,1,4,2,2,2,2.77,0,0,FALSE
Male,Loyal Customer,47,Business Travel,Business,2519,3,3,3,3,4,5,4,5,5,5,5,5,5,4.23,83,65,TRUE
Male,Loyal Customer,35,Business Travel,Eco Plus,544,3,1,1,1,3,3,3,3,3,4,3,3,3,2.62,0,18,FALSE
Male,Loyal Customer,51,Personal Travel,Eco,1024,1,5,1,1,2,1,2,2,3,5,3,4,2,2.46,0,5,FALSE
Male,Loyal Customer,60,Business Travel,Business,2575,2,2,2,2,3,4,4,4,4,4,4,4,3,3.23,20,29,TRUE
Female,Loyal Customer,68,Personal Travel,Eco,2586,2,4,2,4,2,4,2,1,1,2,1,3,3,2.38,0,0,FALSE
Female,Loyal Customer,27,Business Travel,Business,3984,2,2,2,2,5,5,5,5,4,2,5,3,5,3.62,0,0,TRUE
Male,Loyal Customer,47,Business Travel,Business,1635,1,1,4,1,4,5,5,4,4,4,4,4,4,3.46,6,11,TRUE
Male,Loyal Customer,52,Business Travel,Business,3947,3,3,3,3,5,4,5,2,2,2,2,3,3,3.08,0,0,TRUE
Female,Loyal Customer,37,Business Travel,Eco Plus,230,4,2,2,2,4,4,4,4,3,1,3,2,4,3,0,0,FALSE
Female,Loyal Customer,39,Business Travel,Business,1521,5,5,5,5,2,4,4,4,4,4,4,5,5,4.31,32,23,TRUE
Female,Loyal Customer,52,Business Travel,Business,1841,1,1,1,1,2,5,5,5,5,5,5,5,5,3.54,0,0,TRUE
Male,Disloyal Customer,24,Business Travel,Eco,156,1,1,1,3,4,1,4,4,4,2,4,3,4,2.77,48,47,FALSE
Male,Loyal Customer,32,Business Travel,Business,1504,3,3,3,3,3,3,3,3,3,2,4,4,3,3.08,3,0,TRUE
Male,Loyal Customer,44,Business Travel,Business,2125,4,4,4,4,5,5,4,3,3,3,3,5,4,3.92,5,0,TRUE
Female,Loyal Customer,72,Business Travel,Business,134,5,5,5,5,3,4,4,5,5,5,4,4,3,4.38,0,0,TRUE
Female,Loyal Customer,10,Personal Travel,Eco,2133,2,2,2,2,4,2,4,4,4,1,3,4,4,2.92,1,0,FALSE
Female,Loyal Customer,57,Personal Travel,Business,550,3,1,3,2,3,3,3,3,3,1,2,3,3,2.54,131,126,FALSE
Female,Loyal Customer,39,Business Travel,Business,1533,2,2,2,2,3,4,4,4,4,4,4,3,5,3.31,0,0,TRUE
Female,Disloyal Customer,20,Business Travel,Eco,966,2,2,2,1,4,2,4,4,2,3,2,3,4,2.69,32,15,FALSE
Female,Loyal Customer,36,Business Travel,Business,3007,1,1,1,1,1,2,4,4,4,4,4,2,5,2.62,0,0,TRUE
Female,Disloyal Customer,36,Business Travel,Business,319,3,4,4,2,5,4,5,5,4,2,5,3,5,3.92,43,33,FALSE
Female,Disloyal Customer,39,Business Travel,Business,164,2,2,2,4,5,2,5,5,2,2,4,1,5,3.15,0,0,FALSE
Female,Loyal Customer,27,Business Travel,Business,89,4,4,4,4,4,4,5,4,4,4,4,3,4,4,0,0,TRUE
Male,Loyal Customer,19,Personal Travel,Eco,2556,1,3,2,4,1,2,1,1,3,5,3,1,1,2.15,3,5,FALSE
Male,Disloyal Customer,53,Personal Travel,Eco,266,2,4,2,5,5,2,5,5,4,3,4,3,5,3.77,0,0,FALSE
Male,Loyal Customer,23,Personal Travel,Eco,95,5,2,0,4,2,0,2,2,4,5,4,4,2,2.77,0,11,TRUE
Male,Loyal Customer,54,Business Travel,Business,1037,2,2,2,2,4,4,5,4,4,4,4,4,4,3.46,0,2,TRUE
Male,Loyal Customer,22,Business Travel,Eco,678,3,3,1,3,3,3,1,3,1,5,3,3,3,2.69,0,0,FALSE
Female,Loyal Customer,31,Personal Travel,Eco,205,3,5,3,4,2,3,2,2,2,3,3,1,2,2.69,0,7,FALSE
Female,Loyal Customer,33,Personal Travel,Eco Plus,853,2,5,2,4,5,2,5,5,4,2,5,3,5,3.77,35,35,FALSE
Male,Loyal Customer,62,Business Travel,Business,3430,3,5,5,5,3,4,3,3,3,3,3,1,2,3.31,11,0,FALSE
Male,Loyal Customer,42,Business Travel,Eco,507,3,2,2,2,3,3,3,3,4,2,2,3,3,2.69,23,22,FALSE
Male,Disloyal Customer,15,Business Travel,Eco,954,3,2,2,3,3,2,4,3,1,5,4,3,3,2.92,13,0,FALSE
Female,Disloyal Customer,26,Business Travel,Eco,987,2,2,2,4,1,2,1,1,3,1,2,3,1,1.92,2,0,FALSE
Female,Loyal Customer,37,Personal Travel,Eco,680,2,5,2,1,2,2,2,2,3,2,4,5,2,2.62,5,3,FALSE
Male,Loyal Customer,49,Personal Travel,Eco,1120,2,4,2,2,3,2,3,3,5,3,5,4,3,3.15,0,0,FALSE
Male,Loyal Customer,33,Business Travel,Business,1972,2,2,2,2,5,4,5,5,4,3,4,5,5,3.69,0,0,TRUE
Male,Loyal Customer,19,Business Travel,Eco,610,4,2,2,2,4,4,4,4,4,4,1,2,4,3.15,0,0,TRUE
Female,Loyal Customer,21,Personal Travel,Eco Plus,526,4,4,4,3,2,4,2,2,3,5,4,3,2,3.23,0,0,TRUE
Male,Loyal Customer,42,Business Travel,Business,3967,3,3,3,3,1,5,2,5,5,5,5,1,2,3.31,0,0,TRUE
Male,Loyal Customer,53,Business Travel,Business,3690,3,3,3,3,2,5,5,3,3,3,3,5,3,3.38,3,0,TRUE
Female,Loyal Customer,49,Business Travel,Business,2477,5,5,5,5,3,5,1,4,4,4,4,1,2,3.69,0,0,TRUE
Female,Loyal Customer,43,Business Travel,Business,2500,1,3,3,3,4,1,2,3,3,3,1,1,1,2.23,0,0,FALSE
Female,Loyal Customer,12,Personal Travel,Eco Plus,580,4,5,4,4,3,4,3,3,3,4,4,5,3,3.77,14,8,FALSE
Male,Loyal Customer,38,Business Travel,Business,1752,2,1,1,1,1,3,4,2,2,2,2,2,4,2.08,7,14,FALSE
Female,Loyal Customer,70,Personal Travel,Eco,255,2,4,0,3,4,5,5,4,4,0,4,4,4,3.31,21,19,FALSE
Female,Loyal Customer,62,Personal Travel,Eco,692,3,5,2,2,3,5,4,4,4,2,4,3,4,3.46,0,0,FALSE
Female,Loyal Customer,19,Business Travel,Business,678,1,1,1,1,1,1,1,1,3,5,2,4,1,1.77,0,0,FALSE
Male,Loyal Customer,60,Business Travel,Business,1706,1,1,1,1,4,5,4,4,4,4,4,5,5,3.31,0,0,TRUE
Female,Loyal Customer,43,Business Travel,Eco Plus,936,2,3,3,3,4,4,4,2,2,2,2,1,2,2.62,0,0,FALSE
Male,Loyal Customer,27,Business Travel,Eco,376,4,2,2,2,4,4,4,4,2,2,5,1,4,3.08,4,6,TRUE
Female,Loyal Customer,46,Personal Travel,Eco,641,2,5,2,4,3,2,4,2,2,2,2,5,2,2.85,8,9,FALSE
Female,Loyal Customer,61,Business Travel,Business,126,5,5,5,5,3,2,5,5,5,4,3,5,5,4.38,0,0,TRUE
Female,Loyal Customer,50,Business Travel,Business,4983,5,4,5,5,5,1,5,3,2,4,3,5,5,4,0,0,TRUE
Female,Loyal Customer,57,Personal Travel,Eco Plus,447,3,4,3,1,5,5,4,2,2,3,2,5,4,3.31,0,0,FALSE
Male,Loyal Customer,53,Personal Travel,Eco,696,3,4,3,1,5,3,5,5,3,2,4,5,5,3.69,2,0,FALSE
Female,Loyal Customer,52,Business Travel,Business,1997,4,4,4,4,2,5,4,4,4,4,4,5,4,4,0,0,TRUE
Female,Loyal Customer,38,Personal Travel,Eco,581,2,4,2,2,3,2,1,3,3,2,4,3,3,2.62,0,0,FALSE
Male,Loyal Customer,52,Business Travel,Business,3366,2,2,2,2,2,4,4,4,4,4,4,4,4,3.23,0,0,TRUE
Male,Loyal Customer,49,Personal Travel,Eco Plus,337,3,4,4,4,2,4,2,2,1,3,2,2,2,2.69,2,0,FALSE
Female,Loyal Customer,31,Business Travel,Business,1670,1,1,1,1,3,4,3,3,5,5,4,5,3,3,4,0,TRUE
Female,Loyal Customer,42,Business Travel,Business,334,3,3,3,3,4,4,5,5,5,5,5,3,3,3.92,0,0,TRUE
Male,Loyal Customer,68,Personal Travel,Business,989,1,5,0,5,4,4,4,4,4,0,4,5,4,3.38,0,10,FALSE
Male,Loyal Customer,22,Business Travel,Business,1046,2,2,2,2,5,5,5,5,5,4,5,3,5,3.85,4,0,TRUE
Male,Loyal Customer,46,Business Travel,Business,3536,4,4,4,4,3,3,2,5,5,5,5,3,5,4,0,4,TRUE
Male,Loyal Customer,67,Personal Travel,Eco,735,3,5,3,2,1,3,1,1,3,2,4,3,1,2.46,0,9,FALSE
Male,Loyal Customer,57,Personal Travel,Business,187,5,5,5,3,4,4,4,1,1,5,1,4,4,3.54,0,20,TRUE
Female,Loyal Customer,47,Personal Travel,Eco,359,2,5,2,3,4,5,4,4,4,2,4,4,4,3.62,0,0,FALSE
Male,Loyal Customer,20,Business Travel,Eco,342,3,5,1,1,3,3,3,3,2,4,4,3,3,2.92,31,28,FALSE
Female,Loyal Customer,27,Personal Travel,Eco,954,4,5,4,2,4,4,4,4,3,2,4,5,4,3.77,15,0,TRUE
Male,Loyal Customer,35,Personal Travel,Eco Plus,283,1,2,1,3,4,1,4,4,2,2,3,4,4,2.69,5,18,FALSE
Female,Loyal Customer,60,Business Travel,Business,1959,3,3,3,3,5,5,4,3,3,4,3,3,5,3.62,22,21,TRUE
Female,Loyal Customer,36,Personal Travel,Eco,402,3,4,3,4,5,3,5,5,2,1,3,1,5,3.38,0,0,FALSE
Male,Loyal Customer,17,Personal Travel,Business,1597,2,4,2,3,2,2,2,2,1,2,2,4,2,2.31,48,42,FALSE
Female,Loyal Customer,64,Personal Travel,Eco,1075,1,5,1,1,2,5,5,2,2,1,5,4,4,2.92,0,11,FALSE
Female,Loyal Customer,27,Personal Travel,Eco Plus,2349,2,4,2,3,2,2,2,2,3,1,4,4,2,2.54,0,0,FALSE
Male,Loyal Customer,41,Business Travel,Business,1670,1,1,1,1,4,4,4,3,3,4,3,3,5,2.85,0,8,TRUE
Female,Loyal Customer,66,Personal Travel,Eco,1124,3,5,3,2,5,4,5,4,4,3,4,4,4,3.85,0,0,FALSE
Male,Loyal Customer,35,Business Travel,Eco,207,2,5,4,5,2,2,2,2,3,3,4,2,2,2.92,0,13,FALSE
Male,Loyal Customer,55,Business Travel,Business,2276,2,3,4,3,2,4,3,2,2,3,2,3,3,2.77,0,0,FALSE
Male,Loyal Customer,35,Personal Travel,Business,114,3,3,3,2,5,1,5,4,4,3,4,5,5,3.62,0,2,FALSE
Female,Loyal Customer,10,Personal Travel,Eco Plus,447,4,4,4,4,5,4,5,5,3,5,5,4,5,4.38,0,0,FALSE
Female,Loyal Customer,37,Personal Travel,Eco,404,2,5,2,4,4,2,4,4,4,2,5,4,4,3.54,25,14,FALSE
Female,Loyal Customer,58,Personal Travel,Eco,337,2,4,2,2,5,5,4,1,1,2,1,4,4,2.85,19,15,FALSE
Male,Disloyal Customer,60,Business Travel,Business,1062,5,5,5,3,5,5,5,5,3,5,4,3,5,4.46,0,35,TRUE
Female,Loyal Customer,43,Business Travel,Business,620,5,5,5,5,4,4,4,3,3,3,3,5,4,4.08,0,0,TRUE
Female,Loyal Customer,35,Business Travel,Eco Plus,127,5,1,4,4,5,5,5,5,2,3,5,3,5,4,0,0,TRUE
Male,Loyal Customer,49,Business Travel,Business,2448,3,3,3,3,5,4,5,4,4,4,4,3,3,3.69,60,47,TRUE
Female,Loyal Customer,50,Business Travel,Business,2917,1,2,2,2,1,1,1,3,3,3,4,1,1,1.92,0,0,FALSE
Female,Loyal Customer,33,Personal Travel,Eco,228,3,3,3,4,2,3,2,2,1,1,3,4,2,2.54,0,0,FALSE
Male,Loyal Customer,59,Business Travel,Business,580,2,1,2,2,3,4,5,4,4,4,4,5,5,3.46,9,4,TRUE
Male,Loyal Customer,47,Personal Travel,Business,408,3,4,3,1,5,5,5,1,1,3,1,4,4,3.08,9,3,FALSE
Male,Loyal Customer,27,Personal Travel,Eco,946,2,3,2,3,4,2,4,4,1,4,4,2,4,3,14,5,FALSE
Male,Loyal Customer,41,Business Travel,Eco,762,4,3,3,3,4,4,4,4,5,3,3,1,4,3.46,0,0,TRUE
Male,Loyal Customer,19,Business Travel,Business,1522,5,5,5,5,4,4,4,4,5,3,1,5,4,4.15,0,5,TRUE
Female,Loyal Customer,48,Personal Travel,Eco,89,3,5,3,4,2,5,4,3,3,3,3,3,5,3.54,0,0,FALSE
Male,Disloyal Customer,21,Business Travel,Eco,546,2,4,3,3,2,3,2,2,2,4,3,1,2,2.54,0,0,FALSE
Male,Loyal Customer,45,Business Travel,Business,642,2,2,2,2,5,5,5,4,4,4,4,4,5,3.69,0,6,TRUE
Female,Loyal Customer,40,Business Travel,Eco,414,3,5,5,5,3,3,3,3,1,1,4,1,3,3.08,0,0,FALSE
Male,Loyal Customer,56,Business Travel,Eco Plus,2342,1,5,5,5,1,1,1,1,3,2,3,4,1,2.54,101,92,FALSE
Female,Loyal Customer,40,Business Travel,Eco,460,1,1,5,5,1,1,1,1,3,3,3,4,1,2.31,0,0,FALSE
Male,Loyal Customer,42,Business Travel,Eco,337,4,1,1,1,4,4,4,4,4,1,1,3,4,2.77,0,0,TRUE
Female,Loyal Customer,62,Business Travel,Eco,213,1,4,4,4,1,4,4,1,1,1,1,2,3,2.38,0,0,FALSE
Female,Disloyal Customer,41,Business Travel,Eco,1443,3,3,3,4,3,3,4,3,4,3,2,4,3,3.23,1,9,FALSE
Female,Loyal Customer,39,Business Travel,Business,2302,3,5,5,5,5,3,3,3,3,4,3,1,1,3.38,0,0,FALSE
Female,Loyal Customer,59,Business Travel,Business,1677,3,3,3,3,5,5,5,5,5,5,5,5,4,4.31,0,0,TRUE
Female,Loyal Customer,46,Business Travel,Business,2125,3,4,4,4,5,4,3,3,3,3,3,2,2,3.31,0,0,FALSE
Male,Loyal Customer,30,Business Travel,Business,1069,2,1,1,1,2,2,2,2,3,2,3,4,2,2.08,0,14,FALSE
Female,Loyal Customer,58,Business Travel,Business,2053,5,5,5,5,2,5,5,5,5,5,5,4,3,4.54,10,8,TRUE
Male,Loyal Customer,59,Business Travel,Business,647,4,4,4,4,2,1,2,4,4,4,4,3,4,3.38,91,74,TRUE
Male,Loyal Customer,49,Business Travel,Business,1818,4,4,4,4,2,5,5,4,4,4,4,5,4,4.08,0,0,TRUE
Male,Loyal Customer,36,Business Travel,Eco Plus,301,2,1,1,1,2,2,2,2,2,1,4,4,2,2,0,22,FALSE
Female,Loyal Customer,29,Business Travel,Business,620,5,5,5,5,5,5,5,5,2,4,1,3,5,4.23,0,0,TRUE
Female,Loyal Customer,32,Personal Travel,Eco,199,2,4,2,3,3,2,3,3,4,2,4,4,3,3,0,0,FALSE
Female,Loyal Customer,37,Business Travel,Business,3710,1,1,1,1,4,3,4,4,4,4,4,1,5,2.85,0,0,TRUE
Male,Loyal Customer,42,Personal Travel,Eco Plus,306,3,4,3,4,5,3,5,5,5,4,4,5,5,4.23,0,0,FALSE
Female,Loyal Customer,52,Business Travel,Business,3136,3,3,3,3,5,5,5,4,4,4,4,3,3,3.77,0,0,TRUE
Female,Loyal Customer,23,Business Travel,Business,2665,1,1,1,1,4,5,4,4,5,1,2,5,4,2.92,0,0,TRUE
Male,Loyal Customer,20,Personal Travel,Eco,449,4,1,4,4,5,4,5,5,3,2,3,3,5,3.69,122,102,FALSE
Female,Loyal Customer,64,Personal Travel,Eco,583,1,5,1,1,4,5,5,4,4,1,4,3,5,3.31,0,0,FALSE
Female,Loyal Customer,58,Personal Travel,Eco,374,2,4,2,4,3,4,5,4,4,2,4,3,3,3.38,0,0,FALSE
Male,Loyal Customer,32,Business Travel,Eco,1521,5,2,2,2,5,5,5,5,4,1,4,4,5,3.77,1,4,TRUE
Male,Loyal Customer,9,Personal Travel,Eco Plus,1180,4,4,4,5,2,4,2,2,3,5,3,5,2,3.46,26,11,FALSE
Female,Loyal Customer,44,Personal Travel,Eco,419,5,4,5,3,5,3,4,4,4,5,4,2,4,4,30,23,TRUE
Female,Loyal Customer,58,Personal Travel,Eco,1814,3,2,3,4,5,4,4,5,5,3,5,3,2,3.69,0,0,FALSE
Female,Loyal Customer,36,Business Travel,Eco,156,4,2,2,2,4,4,4,4,3,4,5,3,4,3.46,0,0,TRUE
Female,Loyal Customer,54,Personal Travel,Eco,612,1,4,1,3,4,4,4,2,2,1,2,5,5,2.92,3,6,FALSE
Female,Loyal Customer,58,Personal Travel,Eco,1249,2,5,2,2,3,3,4,3,3,2,3,3,5,3.08,3,57,FALSE
Female,Loyal Customer,55,Personal Travel,Eco,362,1,5,1,2,3,5,4,2,2,1,2,5,4,2.85,9,0,FALSE
Female,Loyal Customer,49,Personal Travel,Eco,399,0,3,0,1,2,4,3,1,1,0,1,2,3,1.62,0,0,TRUE
Female,Loyal Customer,21,Personal Travel,Eco,844,2,5,2,2,2,2,2,2,4,4,5,5,2,3,77,67,FALSE
Male,Loyal Customer,52,Personal Travel,Eco,250,5,5,5,4,3,5,3,3,5,2,5,3,3,3.92,0,3,TRUE
Female,Disloyal Customer,8,Business Travel,Eco,678,3,3,3,3,5,3,4,5,2,1,3,2,5,3.23,27,20,FALSE
Male,Loyal Customer,12,Personal Travel,Eco Plus,1562,0,4,0,1,2,0,2,2,1,4,5,3,2,2,12,0,TRUE
Female,Loyal Customer,31,Business Travel,Business,2741,2,2,2,2,3,4,3,3,5,2,5,4,3,3.08,3,0,TRUE
Female,Loyal Customer,38,Business Travel,Business,2235,1,1,3,1,2,5,5,4,4,4,4,4,3,3.15,0,0,TRUE
Female,Loyal Customer,52,Business Travel,Business,373,2,5,2,2,3,5,5,4,4,4,4,4,3,3.62,1,0,TRUE
Female,Loyal Customer,44,Personal Travel,Eco,191,3,5,0,4,4,5,4,3,3,0,3,4,5,3.31,2,6,FALSE
Male,Loyal Customer,52,Business Travel,Business,3588,1,1,4,1,2,4,4,4,4,4,4,5,5,3.31,0,0,TRUE
Female,Loyal Customer,56,Business Travel,Business,562,3,3,3,3,3,4,4,1,1,2,1,5,5,2.92,0,0,TRUE
Male,Loyal Customer,37,Business Travel,Eco Plus,475,3,2,2,2,3,3,3,3,4,4,4,2,3,2.92,0,0,FALSE
Female,Loyal Customer,56,Business Travel,Business,3419,3,3,3,3,5,4,4,4,4,4,4,3,3,3.62,0,0,TRUE
Male,Loyal Customer,59,Business Travel,Eco,695,5,4,4,4,5,5,5,5,3,4,3,3,5,4.23,0,4,TRUE
Male,Disloyal Customer,20,Business Travel,Eco,89,1,4,1,5,3,1,1,3,5,2,4,4,3,2.85,0,0,FALSE
Male,Disloyal Customer,24,Business Travel,Eco,1105,4,4,4,3,3,4,3,3,4,2,5,4,3,3.54,29,28,TRUE
Female,Disloyal Customer,52,Business Travel,Business,589,1,1,1,3,2,1,2,2,5,3,4,4,2,2.38,58,43,FALSE
Female,Loyal Customer,31,Personal Travel,Eco,110,2,5,2,4,3,2,4,3,5,5,1,3,3,3.23,0,0,FALSE
Male,Loyal Customer,31,Personal Travel,Eco,302,1,4,1,3,4,1,5,4,5,4,4,5,4,3.46,10,0,FALSE
Male,Loyal Customer,43,Business Travel,Eco Plus,121,2,4,4,4,2,2,2,2,2,1,4,1,2,2.46,0,0,FALSE
Female,Loyal Customer,7,Personal Travel,Eco Plus,432,1,4,1,4,1,1,1,1,4,5,4,4,1,2.46,0,0,FALSE
Female,Disloyal Customer,35,Business Travel,Business,1846,3,3,3,4,3,3,3,3,5,2,4,3,3,3.23,21,2,FALSE
Female,Disloyal Customer,23,Business Travel,Eco,507,0,4,1,4,4,1,4,4,3,2,4,5,4,3.08,0,0,TRUE
Female,Loyal Customer,38,Business Travel,Business,2004,3,3,3,3,4,4,5,4,4,4,4,5,4,3.85,0,0,TRUE
Female,Loyal Customer,18,Personal Travel,Eco,1195,2,4,2,5,4,2,4,4,2,5,5,1,4,3.38,0,8,FALSE
Male,Loyal Customer,37,Business Travel,Eco Plus,328,3,5,5,5,3,3,3,3,4,3,3,4,3,3.62,0,0,FALSE
Male,Loyal Customer,44,Business Travel,Business,1009,2,2,2,2,3,4,5,4,4,4,4,5,3,3.38,0,3,TRUE
Male,Loyal Customer,49,Personal Travel,Eco,1012,2,1,2,3,3,2,3,3,3,2,2,2,3,2.38,0,0,FALSE
Male,Loyal Customer,9,Personal Travel,Eco,545,3,5,3,3,2,3,2,2,3,5,5,3,2,3.15,0,0,FALSE
Female,Loyal Customer,56,Personal Travel,Eco,689,4,5,5,3,5,4,4,2,2,5,2,5,3,3.77,8,0,FALSE
Female,Loyal Customer,56,Business Travel,Business,2865,5,5,5,5,2,3,1,4,4,4,4,5,3,3.85,0,0,TRUE
Male,Loyal Customer,58,Business Travel,Business,2240,1,1,1,1,2,4,5,4,4,4,4,3,3,2.85,0,0,TRUE
Male,Loyal Customer,62,Business Travel,Business,113,3,1,1,1,5,4,4,3,3,3,3,2,3,2.77,0,36,FALSE
Male,Loyal Customer,49,Personal Travel,Eco Plus,399,3,4,3,2,1,3,1,1,5,4,5,5,1,2.92,0,0,FALSE
Female,Loyal Customer,30,Personal Travel,Eco,909,4,4,4,3,3,4,3,3,4,2,3,3,3,3.31,54,80,FALSE
Female,Loyal Customer,52,Personal Travel,Business,738,3,5,3,2,5,4,4,3,3,3,3,5,3,3.54,0,0,FALSE
Male,Loyal Customer,52,Business Travel,Business,381,4,4,4,4,4,2,1,3,3,3,3,1,5,3.15,0,0,TRUE
Female,Loyal Customer,67,Personal Travel,Eco,802,2,2,2,3,3,3,4,4,4,2,4,4,2,3,0,0,FALSE
Male,Loyal Customer,53,Business Travel,Business,1085,2,5,5,5,4,4,3,2,2,2,2,4,4,3.38,0,0,FALSE
Female,Loyal Customer,15,Personal Travel,Business,1024,1,5,1,5,1,1,1,1,3,5,5,4,1,2.62,30,33,FALSE
Female,Loyal Customer,73,Business Travel,Business,349,2,2,3,3,2,3,4,2,2,3,2,4,2,2.62,5,0,FALSE
Female,Loyal Customer,54,Personal Travel,Eco,331,2,5,2,1,4,4,4,3,3,2,3,5,3,3.15,28,17,FALSE
Female,Loyal Customer,13,Business Travel,Eco,1608,4,5,5,5,4,4,5,4,3,3,5,4,4,4.23,2,0,TRUE
Male,Loyal Customer,46,Business Travel,Business,2357,3,3,3,3,4,4,4,4,4,3,4,4,4,3.62,0,0,TRUE
Female,Loyal Customer,70,Personal Travel,Eco,550,3,4,3,4,2,4,4,4,4,3,4,4,3,3.54,37,19,FALSE
Male,Loyal Customer,38,Personal Travel,Eco,588,1,5,1,4,1,1,3,1,3,5,4,4,1,2.62,10,9,FALSE
Male,Loyal Customer,35,Business Travel,Business,3449,5,5,5,5,2,5,4,4,4,5,4,3,5,4.31,0,0,TRUE
Female,Loyal Customer,48,Business Travel,Business,1703,1,1,1,1,3,4,4,5,5,5,5,4,5,3.38,37,25,TRUE
Female,Disloyal Customer,38,Business Travel,Business,113,3,3,3,4,5,3,5,5,3,2,3,3,5,3.62,0,0,FALSE
Male,Disloyal Customer,22,Business Travel,Eco,725,4,4,4,2,3,4,3,3,5,3,5,5,3,3.69,0,0,TRUE
Male,Loyal Customer,27,Business Travel,Business,3746,2,2,4,2,4,4,5,4,5,1,3,4,4,3.38,10,13,TRUE
Male,Loyal Customer,64,Business Travel,Business,1491,4,3,3,3,4,4,4,4,4,4,4,4,4,3.77,133,158,FALSE
Female,Disloyal Customer,21,Business Travel,Business,449,4,0,4,4,4,2,2,3,2,4,4,2,2,2.85,185,180,TRUE
Female,Loyal Customer,27,Personal Travel,Eco,1068,3,4,3,3,5,3,5,5,5,2,4,5,5,4,34,17,FALSE
Female,Loyal Customer,44,Business Travel,Business,1011,3,3,3,3,2,4,5,4,4,4,4,3,4,3.54,39,24,TRUE
Male,Loyal Customer,39,Business Travel,Eco,300,4,5,5,5,4,4,4,4,1,2,4,3,4,3.77,0,0,TRUE
Female,Disloyal Customer,29,Business Travel,Business,868,4,4,4,4,5,4,5,5,5,5,5,4,5,4.54,37,19,TRUE
Female,Loyal Customer,41,Business Travel,Business,1276,1,1,1,1,2,4,4,5,5,5,5,3,3,3.08,0,0,TRUE
Female,Loyal Customer,43,Personal Travel,Eco,134,1,1,1,4,3,4,4,4,4,1,4,2,2,2.69,0,0,FALSE
Male,Loyal Customer,52,Business Travel,Eco Plus,508,4,4,1,4,3,4,3,3,5,5,5,5,3,3.77,0,0,TRUE
Female,Loyal Customer,68,Business Travel,Eco,235,4,1,1,1,4,5,5,4,4,4,4,4,4,3.46,0,0,TRUE
Female,Disloyal Customer,37,Business Travel,Eco,200,3,1,3,1,4,3,4,4,4,2,2,1,4,2.77,0,3,FALSE
Female,Disloyal Customer,25,Business Travel,Business,849,4,0,4,2,5,4,5,5,5,5,4,3,5,3.92,0,22,TRUE
Female,Loyal Customer,43,Personal Travel,Eco,483,2,1,2,3,3,3,2,2,2,2,2,1,2,2.08,51,66,FALSE
Male,Loyal Customer,65,Personal Travel,Business,645,0,2,0,3,3,4,4,3,3,0,3,1,2,2.15,0,0,TRUE
Female,Loyal Customer,46,Personal Travel,Eco,432,3,4,3,4,3,4,4,5,5,3,5,3,4,3.85,0,0,FALSE
Male,Loyal Customer,33,Personal Travel,Eco,1087,2,1,3,4,2,3,5,2,3,5,3,3,2,2.92,0,0,FALSE
Female,Disloyal Customer,39,Business Travel,Business,226,3,3,3,3,2,3,1,2,1,4,4,4,2,2.69,0,0,FALSE
Female,Loyal Customer,32,Personal Travel,Eco Plus,2586,3,4,3,3,1,3,1,1,5,3,4,3,1,2.69,0,3,FALSE
Male,Loyal Customer,31,Business Travel,Business,3413,4,1,1,1,4,4,4,4,1,4,4,4,4,3.08,0,0,FALSE
Female,Loyal Customer,50,Business Travel,Eco,802,4,5,5,5,3,4,4,4,4,4,4,3,4,4.08,15,6,TRUE
Male,Loyal Customer,44,Personal Travel,Eco,108,2,4,0,4,5,0,5,5,1,1,3,3,5,2.92,0,0,FALSE
Male,Loyal Customer,15,Personal Travel,Eco,316,1,5,1,3,5,1,1,5,2,2,4,2,5,2.85,50,42,FALSE
Female,Disloyal Customer,23,Business Travel,Business,1086,5,2,5,1,4,5,3,4,5,2,5,3,4,3.69,13,27,TRUE
Female,Loyal Customer,11,Personal Travel,Eco Plus,404,1,2,1,4,4,1,4,4,3,2,3,2,4,2.69,2,0,FALSE
Female,Loyal Customer,48,Business Travel,Business,2408,4,4,4,4,2,1,4,2,2,2,2,2,5,2.92,0,0,TRUE
Female,Loyal Customer,56,Personal Travel,Eco,190,2,4,2,1,2,4,5,3,3,2,3,5,3,3,0,0,FALSE
Male,Loyal Customer,47,Personal Travel,Eco,1073,2,4,2,1,1,2,1,1,3,5,4,5,1,2.46,0,0,FALSE
Male,Loyal Customer,41,Business Travel,Eco,244,4,5,5,5,3,4,3,3,5,3,4,3,3,3.85,25,15,TRUE
Male,Disloyal Customer,40,Business Travel,Eco,209,2,0,2,2,4,2,2,4,1,3,1,2,4,2.23,0,0,FALSE
Male,Loyal Customer,32,Business Travel,Business,1900,3,3,3,3,3,3,3,3,3,1,2,3,3,2.77,0,0,FALSE
Male,Loyal Customer,40,Business Travel,Business,3070,4,4,4,4,4,5,5,4,4,4,4,4,4,4.15,0,0,TRUE
Female,Loyal Customer,47,Business Travel,Business,3484,4,4,4,4,5,4,1,4,4,4,4,5,1,3.69,29,5,TRUE
Female,Loyal Customer,60,Business Travel,Business,992,3,3,3,3,2,4,5,5,5,5,5,3,3,3.77,0,0,TRUE
Female,Loyal Customer,59,Business Travel,Business,1235,3,3,1,3,5,5,5,4,4,4,4,3,5,3.77,17,13,TRUE
Male,Loyal Customer,50,Business Travel,Business,1638,2,2,2,2,3,4,5,4,4,4,4,3,5,3.38,7,6,TRUE
Male,Loyal Customer,52,Business Travel,Eco Plus,308,2,3,3,3,2,2,2,2,3,3,4,1,2,2.46,0,0,FALSE
Female,Loyal Customer,43,Business Travel,Business,153,5,5,5,5,4,4,4,4,4,4,5,3,3,4.23,0,0,TRUE
Female,Disloyal Customer,20,Business Travel,Business,768,0,5,0,5,0,3,3,5,5,4,4,3,3,3.08,0,0,TRUE
Male,Loyal Customer,31,Business Travel,Eco Plus,224,5,4,4,4,5,5,5,5,3,2,2,3,5,4,7,9,TRUE
Male,Loyal Customer,45,Business Travel,Business,283,5,5,5,5,5,5,5,5,5,5,5,5,5,5,28,81,TRUE
Female,Disloyal Customer,22,Business Travel,Eco,733,0,0,0,1,5,0,5,5,4,4,4,5,5,2.92,10,19,TRUE
Male,Loyal Customer,39,Personal Travel,Eco,888,2,5,2,1,5,2,5,5,3,5,5,3,5,3.69,0,0,FALSE
Female,Loyal Customer,9,Personal Travel,Eco,370,4,0,4,5,3,4,3,3,5,3,4,5,3,3.54,0,0,FALSE
Female,Loyal Customer,11,Personal Travel,Eco,602,2,1,2,2,4,2,4,4,4,3,2,3,4,2.85,0,1,FALSE
Female,Disloyal Customer,50,Business Travel,Business,1671,4,3,3,4,4,4,4,4,4,2,5,5,4,3.85,3,28,FALSE
Female,Disloyal Customer,22,Business Travel,Eco,811,5,5,5,5,3,0,3,3,1,4,5,2,3,3.38,0,7,TRUE
Male,Loyal Customer,38,Business Travel,Eco,331,3,2,2,2,3,3,3,3,1,4,3,5,3,2.85,0,0,TRUE
Male,Loyal Customer,34,Business Travel,Eco,140,2,2,2,2,2,2,2,2,1,2,4,2,2,2.08,0,0,FALSE
Male,Loyal Customer,63,Personal Travel,Eco,228,2,4,2,1,5,2,5,5,5,3,4,5,5,3.69,0,30,FALSE
Male,Loyal Customer,24,Business Travel,Business,396,3,3,3,3,5,5,5,5,4,5,5,3,5,4.15,0,0,TRUE
Male,Loyal Customer,52,Business Travel,Business,2886,2,2,2,2,3,4,4,5,5,5,5,3,5,3.62,0,0,TRUE
Male,Loyal Customer,55,Personal Travel,Eco Plus,631,3,2,3,2,3,3,2,3,1,4,1,2,3,2.46,0,0,FALSE
Female,Loyal Customer,35,Business Travel,Eco,1721,5,4,4,4,5,5,5,5,2,5,4,4,5,4.38,0,0,TRUE
Male,Loyal Customer,39,Personal Travel,Eco,448,3,3,3,3,5,3,5,5,1,5,2,1,5,3.38,100,81,FALSE
Female,Loyal Customer,35,Business Travel,Eco,1050,3,4,4,4,3,5,3,3,2,4,4,3,3,3.46,3,0,TRUE
Female,Loyal Customer,21,Business Travel,Eco,1197,5,2,2,2,4,2,5,2,3,2,3,5,5,3.23,107,141,FALSE
Male,Loyal Customer,48,Business Travel,Business,468,5,5,5,5,1,3,4,3,3,4,3,2,5,3.69,28,30,TRUE
Female,Disloyal Customer,23,Business Travel,Eco,240,5,0,5,2,1,5,1,1,2,3,5,2,1,2.54,2,27,TRUE
Female,Loyal Customer,36,Business Travel,Business,1749,1,5,5,5,2,3,3,1,1,1,1,4,2,2.62,16,12,FALSE
Female,Loyal Customer,39,Personal Travel,Eco,632,4,3,4,4,5,4,2,5,4,2,4,1,5,3.62,0,0,TRUE
Male,Loyal Customer,44,Business Travel,Business,3372,4,4,4,4,4,5,5,5,5,5,5,3,3,4.31,10,0,TRUE
Male,Loyal Customer,22,Personal Travel,Eco,1334,0,5,0,5,5,0,5,5,5,2,4,5,5,3.54,0,0,TRUE
Male,Loyal Customer,27,Business Travel,Business,2559,2,3,3,3,2,2,2,2,2,3,3,1,2,2.31,19,17,FALSE
Male,Disloyal Customer,37,Business Travel,Business,787,5,5,5,5,1,5,5,1,4,3,5,5,1,3.85,43,41,TRUE
Female,Loyal Customer,60,Business Travel,Business,1908,4,4,4,4,5,5,4,3,3,3,3,4,3,3.77,0,0,TRUE
Male,Loyal Customer,45,Business Travel,Business,1847,4,4,4,4,4,4,5,4,4,4,4,3,3,3.92,0,5,TRUE
Female,Loyal Customer,30,Business Travel,Business,2254,1,1,1,1,5,5,5,5,3,3,4,3,5,3.23,39,34,TRUE
Male,Loyal Customer,12,Personal Travel,Business,1400,2,5,2,1,2,2,2,2,3,5,5,4,2,2.85,30,12,FALSE
Male,Loyal Customer,40,Personal Travel,Eco,651,2,3,2,3,3,2,5,3,1,4,4,3,3,2.92,0,0,FALSE
Female,Loyal Customer,45,Business Travel,Business,3767,2,2,2,2,3,5,4,4,4,4,4,4,5,3.46,0,0,TRUE
Male,Loyal Customer,29,Personal Travel,Eco,871,4,5,4,3,3,4,3,3,3,5,3,5,3,3.69,64,81,FALSE
Female,Loyal Customer,8,Personal Travel,Eco,728,2,3,1,3,3,1,3,3,1,1,3,2,3,2.23,0,0,FALSE
Female,Loyal Customer,23,Business Travel,Business,1717,3,3,5,3,3,3,3,3,2,3,4,2,3,3.08,31,15,FALSE
Female,Loyal Customer,31,Business Travel,Eco,1199,3,5,5,5,3,3,3,3,2,4,3,3,3,3.46,22,25,FALSE
Male,Loyal Customer,51,Business Travel,Business,1939,4,4,4,4,5,4,4,4,4,4,4,5,4,4.15,0,0,TRUE
Female,Loyal Customer,57,Business Travel,Eco,408,2,2,2,2,4,3,3,2,2,2,2,3,1,2.31,20,39,FALSE
Female,Loyal Customer,41,Personal Travel,Eco,1562,2,4,3,4,3,3,3,3,4,1,4,1,3,2.92,0,0,FALSE
Male,Loyal Customer,55,Business Travel,Business,3680,4,4,4,4,5,5,5,5,5,5,5,4,5,4.62,0,23,TRUE
Female,Loyal Customer,54,Business Travel,Business,1303,2,2,2,2,3,4,4,3,3,3,3,3,4,2.92,0,4,TRUE
Female,Loyal Customer,36,Business Travel,Business,3721,0,0,0,3,2,4,5,5,5,5,5,4,5,3.31,0,0,TRUE
Male,Loyal Customer,46,Business Travel,Business,2507,1,1,1,1,5,4,5,5,5,5,5,5,4,3.62,12,12,TRUE
Male,Disloyal Customer,26,Business Travel,Eco,1533,3,3,3,3,2,3,5,2,1,3,4,4,2,2.92,0,0,FALSE
Female,Loyal Customer,30,Business Travel,Eco,259,4,3,3,3,4,4,4,4,2,3,1,2,4,3.15,0,0,TRUE
Female,Disloyal Customer,23,Business Travel,Eco,373,4,0,4,3,3,4,3,3,3,5,1,2,3,2.92,0,0,FALSE
Female,Loyal Customer,55,Business Travel,Business,1430,3,3,3,3,3,4,4,5,5,4,5,5,5,4,0,0,TRUE
Male,Loyal Customer,52,Personal Travel,Business,589,4,5,4,3,4,1,1,1,1,4,1,1,4,2.62,0,0,TRUE
Female,Loyal Customer,49,Business Travel,Business,224,4,4,4,4,5,4,4,5,5,5,5,4,3,4.31,0,3,TRUE
Female,Disloyal Customer,23,Business Travel,Eco,468,1,2,1,1,5,1,5,5,3,3,2,4,5,2.92,0,0,FALSE
Female,Loyal Customer,46,Business Travel,Business,528,3,3,3,3,3,5,4,4,4,4,4,4,3,3.62,0,0,TRUE
Female,Disloyal Customer,20,Business Travel,Eco,551,5,0,5,1,5,5,5,5,5,4,5,5,5,4.23,0,,TRUE
Male,Loyal Customer,41,Personal Travel,Eco,853,3,5,3,2,1,3,1,1,3,4,4,4,1,2.69,115,111,FALSE
Male,Loyal Customer,60,Business Travel,Business,2589,1,1,1,1,4,5,5,5,5,5,5,4,5,3.62,0,3,TRUE
Female,Loyal Customer,55,Business Travel,Business,1069,4,4,4,4,5,4,4,4,4,4,4,5,5,4.23,1,0,TRUE
Male,Disloyal Customer,26,Business Travel,Eco,965,2,2,2,4,2,2,1,2,4,2,4,1,2,2.31,39,35,FALSE
Female,Loyal Customer,38,Business Travel,Business,3121,3,2,2,2,3,4,4,3,3,3,3,3,2,2.85,0,0,FALSE
Female,Disloyal Customer,27,Business Travel,Eco,569,3,2,3,3,1,3,1,1,1,4,3,3,1,2.23,20,4,FALSE
Female,Loyal Customer,43,Business Travel,Business,3038,4,4,4,4,5,4,4,5,5,5,5,3,4,4.31,12,4,TRUE
Male,Loyal Customer,45,Business Travel,Eco,677,2,2,2,2,3,2,3,3,2,1,3,1,3,2.23,51,55,FALSE
Female,Loyal Customer,38,Business Travel,Business,1166,3,5,3,3,2,5,5,5,5,5,5,3,4,4.08,1,0,TRUE
Male,Loyal Customer,32,Business Travel,Business,373,4,4,4,4,4,4,4,4,4,3,4,4,4,3.92,77,63,TRUE
Male,Disloyal Customer,36,Business Travel,Eco,304,3,0,3,3,4,3,1,4,1,4,3,2,4,2.69,0,0,FALSE
Male,Loyal Customer,65,Business Travel,Business,1379,2,1,1,1,1,2,3,2,2,3,2,2,3,1.92,0,7,FALSE
Male,Loyal Customer,60,Personal Travel,Eco Plus,289,4,4,4,1,5,4,5,5,4,4,4,4,5,4.08,14,0,FALSE
Male,Loyal Customer,49,Business Travel,Business,2491,2,2,2,2,5,4,5,2,2,2,2,5,4,3,44,25,TRUE
Female,Loyal Customer,65,Business Travel,Business,2457,3,3,3,3,2,3,5,4,4,4,4,3,1,3.23,1,0,TRUE
Male,Loyal Customer,15,Personal Travel,Eco,280,1,5,1,3,3,1,1,3,4,5,5,4,3,3,0,0,FALSE
Male,Loyal Customer,37,Business Travel,Eco,522,2,2,2,2,2,2,2,2,4,1,3,2,2,2.15,4,27,FALSE
Female,Loyal Customer,57,Personal Travel,Eco,2248,2,4,2,2,2,3,3,3,5,5,5,3,3,3.23,0,49,FALSE
Female,Loyal Customer,11,Personal Travel,Eco,1045,4,5,4,4,1,4,1,1,5,3,3,2,1,2.92,10,4,FALSE
Female,Loyal Customer,43,Business Travel,Eco Plus,413,2,2,2,2,3,4,3,2,2,2,2,3,2,2.38,0,0,FALSE
Female,Loyal Customer,53,Business Travel,Eco,1541,2,5,5,5,2,2,3,2,2,2,2,4,3,3,4,0,FALSE
Female,Loyal Customer,49,Business Travel,Business,562,3,3,3,3,4,5,4,5,5,5,5,4,4,4.08,15,9,TRUE
Male,Loyal Customer,29,Business Travel,Eco Plus,1363,1,5,5,5,1,1,1,1,5,3,3,1,1,2.54,160,154,FALSE
Female,Loyal Customer,29,Business Travel,Business,259,3,3,2,3,5,5,5,5,5,5,4,3,5,4.08,0,2,TRUE
Male,Disloyal Customer,26,Business Travel,Business,280,2,5,2,3,3,2,3,3,3,2,5,5,3,3.15,0,0,FALSE
Female,Loyal Customer,63,Business Travel,Business,2987,1,1,1,1,3,4,5,4,4,4,4,4,3,3,0,9,TRUE
Female,Disloyal Customer,23,Business Travel,Eco,1124,1,1,1,4,4,1,4,4,2,2,3,3,4,2.62,0,0,FALSE
Female,Loyal Customer,49,Business Travel,Business,2585,3,3,2,3,3,5,5,5,5,5,5,5,3,4,0,0,TRUE
Male,Loyal Customer,63,Business Travel,Business,1639,4,3,3,3,5,2,2,4,4,4,4,2,4,3.38,0,0,FALSE
Female,Loyal Customer,19,Personal Travel,Eco,1144,2,2,2,2,5,2,5,5,2,5,2,3,5,3.23,0,0,FALSE
Male,Loyal Customer,25,Business Travel,Business,1046,4,4,4,4,4,3,4,4,2,2,3,3,4,3.46,20,22,FALSE
Male,Loyal Customer,29,Personal Travel,Eco,680,1,2,1,3,5,1,5,5,4,2,3,1,5,2.92,1,0,FALSE
Male,Loyal Customer,46,Business Travel,Business,1020,5,5,5,5,2,4,4,4,4,4,4,3,4,4.08,0,0,TRUE
Female,Loyal Customer,36,Personal Travel,Eco,946,5,3,5,3,1,5,1,1,2,3,4,4,1,2.92,0,0,TRUE
Male,Loyal Customer,17,Personal Travel,Eco,201,1,4,1,4,2,1,2,2,3,2,4,2,2,2.31,0,1,FALSE
Male,Loyal Customer,56,Business Travel,Business,258,5,5,4,5,5,4,4,4,4,4,4,5,3,4.31,65,55,TRUE
Male,Loyal Customer,46,Business Travel,Eco,546,3,3,3,3,3,3,3,3,3,3,2,4,3,3,0,0,TRUE
Female,Loyal Customer,27,Personal Travel,Eco Plus,2565,1,1,0,3,1,0,1,1,4,1,4,1,1,1.46,6,0,FALSE
Female,Disloyal Customer,57,Business Travel,Business,108,3,3,3,4,4,3,4,4,3,4,4,3,4,3.54,0,0,FALSE
Male,Loyal Customer,52,Business Travel,Business,2092,1,1,1,1,5,4,4,5,5,5,5,3,5,3.46,0,0,TRUE
Male,Loyal Customer,62,Personal Travel,Eco,1249,3,4,3,3,3,4,4,4,4,4,5,4,4,3.77,130,133,FALSE
Male,Loyal Customer,39,Business Travel,Business,296,4,1,3,3,1,3,2,4,4,3,4,4,3,3,0,4,FALSE
Male,Loyal Customer,54,Business Travel,Business,554,5,5,5,5,2,4,5,4,4,4,4,4,5,4.31,0,0,TRUE
Female,Loyal Customer,49,Business Travel,Business,397,1,1,1,1,3,4,4,1,1,1,1,3,1,1.77,23,18,FALSE
Female,Loyal Customer,44,Business Travel,Business,1575,3,3,3,3,2,2,1,5,5,5,5,4,2,3.31,91,91,TRUE
Male,Loyal Customer,41,Business Travel,Eco,954,5,4,5,4,5,5,5,5,1,4,5,1,5,4.15,0,0,TRUE
Male,Disloyal Customer,36,Business Travel,Business,216,1,1,1,3,4,1,1,4,3,1,3,4,4,2.38,5,13,FALSE
Female,Loyal Customer,61,Personal Travel,Eco Plus,2402,1,2,2,4,2,4,4,1,1,3,4,4,4,2.77,0,0,FALSE
Female,Loyal Customer,56,Personal Travel,Eco,305,3,5,5,3,2,5,4,4,4,5,4,4,3,3.92,0,0,FALSE
Female,Loyal Customer,67,Personal Travel,Eco,237,4,5,0,3,5,5,5,2,2,0,2,5,3,3.15,0,0,FALSE
Female,Loyal Customer,52,Business Travel,Eco Plus,308,3,1,1,1,3,4,4,3,3,3,3,2,4,2.69,37,52,FALSE
Male,Disloyal Customer,34,Business Travel,Eco,301,2,1,2,2,4,2,4,4,4,5,3,2,4,3,0,4,FALSE
Female,Loyal Customer,27,Business Travel,Business,2306,5,5,1,5,5,5,5,5,4,5,4,5,5,4.54,0,0,TRUE
Male,Loyal Customer,46,Business Travel,Eco Plus,495,4,5,2,5,4,4,4,4,3,5,4,1,4,3.77,0,0,FALSE
Male,Loyal Customer,50,Personal Travel,Eco,679,4,5,4,3,4,4,4,4,4,5,5,3,4,4.08,0,1,FALSE
Male,Loyal Customer,58,Business Travel,Business,1500,1,1,1,1,3,4,4,4,4,4,4,4,4,3,24,16,TRUE
Female,Loyal Customer,47,Business Travel,Business,2941,1,1,1,1,4,4,5,4,4,4,4,4,4,3.15,0,0,TRUE
Male,Loyal Customer,30,Business Travel,Business,266,3,1,1,1,3,3,3,3,3,4,3,3,3,2.62,0,0,FALSE
Male,Loyal Customer,40,Business Travel,Business,2372,3,5,5,5,4,4,3,3,3,3,3,4,3,3.69,22,33,FALSE
Male,Disloyal Customer,22,Business Travel,Eco,255,4,0,4,2,3,4,1,3,3,3,4,3,3,2.85,24,19,TRUE
Male,Loyal Customer,43,Business Travel,Business,3769,1,1,1,1,2,2,4,5,5,5,5,5,1,2.92,0,0,TRUE
Female,Loyal Customer,28,Business Travel,Eco,547,3,5,2,5,3,2,3,3,4,1,4,2,3,3.08,0,0,FALSE
Male,Loyal Customer,45,Business Travel,Business,3831,4,1,4,4,5,5,5,5,5,5,5,5,3,4.31,0,0,TRUE
Male,Loyal Customer,27,Business Travel,Business,1773,2,2,2,2,4,4,4,4,3,2,2,5,4,3.08,32,15,TRUE
Female,Loyal Customer,20,Personal Travel,Eco,526,2,4,2,3,4,2,4,4,4,2,4,3,4,3.23,0,0,FALSE
Male,Loyal Customer,43,Business Travel,Eco,147,3,4,4,4,3,3,3,3,2,2,5,5,3,3.38,13,11,TRUE
Female,Disloyal Customer,30,Business Travel,Eco Plus,2454,1,1,1,3,1,5,5,1,1,4,5,5,5,2.92,6,36,FALSE
Female,Loyal Customer,46,Personal Travel,Eco,611,3,3,3,3,3,2,1,4,4,3,4,5,4,3.23,1,0,FALSE
Female,Loyal Customer,58,Personal Travel,Eco,273,2,2,2,3,5,3,3,4,4,2,4,4,1,3,33,73,FALSE
Male,Loyal Customer,52,Business Travel,Eco,613,4,1,1,1,4,4,4,4,5,2,4,2,4,3.08,0,0,TRUE
Female,Loyal Customer,32,Personal Travel,Eco,646,3,3,3,4,5,3,5,5,1,5,1,4,5,3.62,1,0,FALSE
Female,Loyal Customer,42,Business Travel,Business,1045,4,4,4,4,4,4,4,5,2,4,5,4,4,4,266,248,TRUE
Female,Loyal Customer,36,Business Travel,Business,1491,3,3,3,3,3,4,5,4,4,4,4,3,5,3.69,0,0,TRUE
Male,Disloyal Customer,33,Business Travel,Eco,678,3,3,3,4,1,3,2,1,4,4,3,2,1,2.62,4,9,FALSE
Female,Loyal Customer,40,Personal Travel,Eco,2586,2,3,2,3,4,2,4,4,1,1,4,2,4,2.77,0,17,FALSE
Male,Loyal Customer,58,Business Travel,Eco,279,4,5,5,5,4,4,4,4,3,1,5,1,4,3.77,6,5,TRUE
Male,Loyal Customer,15,Business Travel,Eco,569,5,5,5,5,5,5,4,5,4,3,1,2,5,4.15,0,8,TRUE
Female,Loyal Customer,7,Personal Travel,Eco,2521,3,2,4,2,1,4,1,1,1,5,1,1,1,2.08,0,,FALSE
Male,Loyal Customer,11,Personal Travel,Eco Plus,1029,4,2,3,3,5,3,5,5,4,2,4,3,5,3.69,0,0,FALSE
Male,Loyal Customer,56,Business Travel,Eco,224,5,3,3,3,5,5,5,5,5,5,3,1,5,4.08,0,0,TRUE
Male,Loyal Customer,39,Business Travel,Business,3404,3,4,4,4,1,4,4,3,3,3,3,4,3,3.31,0,0,FALSE
Male,Loyal Customer,49,Personal Travel,Business,125,1,5,1,4,3,4,3,5,5,1,1,5,4,3.23,0,0,FALSE
Female,Disloyal Customer,23,Business Travel,Eco,2565,5,4,4,2,5,4,4,3,4,4,5,4,4,4,0,28,TRUE
Female,Loyal Customer,52,Business Travel,Business,2304,3,3,3,3,4,4,4,5,5,5,5,3,5,4,30,35,TRUE
Female,Loyal Customer,39,Business Travel,Business,3683,5,5,2,5,5,4,4,3,3,4,3,3,5,3.92,0,0,TRUE
Male,Loyal Customer,7,Personal Travel,Eco,234,3,5,3,4,3,3,3,3,1,5,4,5,3,3.46,0,0,FALSE
Male,Loyal Customer,7,Personal Travel,Eco,733,2,4,2,4,5,2,5,5,1,2,4,1,5,3.23,0,0,FALSE
Female,Loyal Customer,54,Personal Travel,Eco,427,3,5,3,4,5,3,5,3,3,3,3,3,5,3.69,0,0,FALSE
Female,Loyal Customer,49,Business Travel,Eco,447,2,2,2,2,3,4,2,2,2,2,2,2,5,2.46,0,0,TRUE
Female,Loyal Customer,38,Business Travel,Business,2388,1,3,3,3,3,4,2,1,1,1,1,2,2,2.08,2,0,FALSE
Male,Disloyal Customer,21,Business Travel,Eco,368,5,5,5,4,4,5,4,4,4,2,5,3,4,4.15,43,41,TRUE
Male,Loyal Customer,25,Business Travel,Eco,605,1,4,4,4,1,1,2,1,2,3,4,3,1,2.38,0,0,FALSE
Female,Disloyal Customer,15,Business Travel,Eco,606,3,2,3,3,3,3,3,3,2,1,4,3,3,2.77,64,89,FALSE
Male,Loyal Customer,8,Personal Travel,Eco,628,1,5,0,1,3,0,3,3,3,3,4,5,3,2.62,0,0,FALSE
Female,Loyal Customer,54,Personal Travel,Eco,391,1,2,1,3,3,4,4,5,5,1,5,3,4,3.15,13,3,FALSE
Male,Loyal Customer,60,Business Travel,Eco Plus,919,1,4,4,4,1,1,1,1,4,4,2,4,1,2.46,0,0,FALSE
Female,Disloyal Customer,39,Business Travel,Business,641,2,2,2,4,4,2,1,4,1,2,3,3,4,2.62,58,45,FALSE
Male,Disloyal Customer,20,Business Travel,Eco,797,3,3,3,2,5,3,5,5,2,2,1,1,5,3.08,37,33,FALSE
Female,Loyal Customer,10,Personal Travel,Eco,678,3,5,4,2,5,4,5,5,3,2,4,4,5,3.92,23,28,FALSE
Male,Loyal Customer,8,Personal Travel,Eco,1009,1,3,1,4,4,1,2,4,2,2,4,3,4,2.69,0,0,FALSE
Female,Loyal Customer,15,Personal Travel,Eco,391,3,4,3,4,5,3,1,5,3,4,3,2,5,3.46,21,15,FALSE
Male,Disloyal Customer,36,Business Travel,Business,236,3,3,3,4,1,3,1,1,4,1,3,1,1,2.23,23,37,FALSE
Male,Loyal Customer,47,Business Travel,Eco,223,1,3,3,3,1,1,1,1,4,5,2,4,1,2.31,2,0,FALSE
Female,Loyal Customer,33,Personal Travel,Eco,899,4,4,4,3,5,4,2,5,5,4,5,4,5,4.15,0,0,TRUE
Female,Disloyal Customer,56,Business Travel,Eco,249,3,0,3,3,2,3,2,2,2,3,1,3,2,2.23,1,3,FALSE
Male,Loyal Customer,15,Personal Travel,Eco,991,1,3,0,2,4,0,4,4,2,3,2,4,4,2.54,20,33,FALSE
Female,Loyal Customer,70,Business Travel,Business,3405,5,5,5,5,4,5,3,4,4,4,4,5,1,4.15,0,0,TRUE
Female,Loyal Customer,66,Personal Travel,Eco,948,3,2,3,3,1,2,3,1,1,3,1,1,4,2.15,0,0,FALSE
Male,Loyal Customer,30,Business Travel,Eco,160,4,2,4,2,4,4,4,4,3,1,2,5,4,3.31,0,0,TRUE
Male,Loyal Customer,14,Personal Travel,Eco,2378,2,5,2,2,2,2,2,2,4,4,4,5,2,2.92,30,40,FALSE
Male,Loyal Customer,39,Business Travel,Business,143,4,4,2,4,3,5,4,4,4,4,5,4,3,3.85,0,0,TRUE
Male,Loyal Customer,46,Business Travel,Business,2688,1,1,1,1,3,5,5,4,4,5,4,4,5,3.31,3,0,TRUE
Male,Loyal Customer,25,Personal Travel,Eco Plus,101,2,1,2,3,5,2,5,5,1,5,3,1,5,3.08,0,0,FALSE
Male,Loyal Customer,51,Business Travel,Business,1250,1,1,1,1,2,1,1,2,2,2,2,4,4,1.85,0,0,TRUE
Female,Loyal Customer,47,Personal Travel,Eco,2496,2,2,2,4,2,3,3,2,2,3,3,3,3,2.62,0,0,FALSE
Female,Loyal Customer,48,Business Travel,Business,2728,3,2,3,3,4,4,4,3,3,4,3,5,5,3.54,12,4,TRUE
Male,Loyal Customer,52,Business Travel,Business,1379,1,1,2,1,5,5,5,4,4,4,4,5,5,3.54,6,0,TRUE
Female,Loyal Customer,39,Business Travel,Business,1976,1,2,2,2,3,2,2,1,1,1,1,3,1,1.69,0,13,FALSE
Male,Loyal Customer,51,Business Travel,Business,1627,2,2,2,2,2,4,5,4,4,4,4,4,3,3.23,0,0,TRUE
Male,Loyal Customer,51,Business Travel,Business,308,1,1,1,1,5,4,4,3,3,4,3,4,2,2.77,0,0,TRUE
Female,Disloyal Customer,22,Business Travel,Eco,834,2,2,2,5,5,2,5,5,4,1,3,2,5,3.31,9,1,FALSE
Male,Loyal Customer,58,Business Travel,Eco,1024,2,3,3,3,2,2,2,2,3,3,3,4,2,2.62,65,40,FALSE
Male,Loyal Customer,46,Personal Travel,Eco Plus,226,1,4,1,3,1,1,1,1,5,4,4,3,1,2.31,22,34,FALSE
Female,Loyal Customer,16,Personal Travel,Eco,319,4,5,5,5,2,5,4,2,5,5,2,5,2,3.92,0,0,FALSE
Male,Loyal Customer,26,Business Travel,Eco,2586,3,2,5,2,3,3,2,3,1,1,4,4,3,2.77,0,0,FALSE
Male,Loyal Customer,39,Personal Travel,Eco Plus,1797,3,5,3,3,1,3,1,1,4,3,4,3,1,2.69,0,2,FALSE
Male,Loyal Customer,68,Personal Travel,Business,853,2,4,2,3,5,5,5,5,5,2,5,4,3,3.85,19,34,FALSE
Female,Loyal Customer,41,Business Travel,Business,3787,4,4,4,4,4,4,4,5,5,5,5,3,5,4.31,0,0,TRUE
Female,Loyal Customer,53,Business Travel,Business,1500,5,5,5,5,4,5,4,4,4,5,4,3,5,4.46,0,9,TRUE
Male,Loyal Customer,40,Business Travel,Business,1882,3,3,3,3,5,3,5,4,4,4,4,4,3,3.69,1,0,TRUE
Male,Loyal Customer,38,Business Travel,Business,2425,5,5,5,5,4,4,4,4,2,5,5,4,4,4.31,0,0,TRUE
Female,Loyal Customer,11,Personal Travel,Eco,447,2,5,2,3,1,2,1,1,5,2,5,5,1,2.69,36,34,FALSE
Female,Disloyal Customer,36,Business Travel,Eco,1015,3,2,2,3,4,2,4,4,4,3,4,1,4,3.08,50,46,FALSE
Male,Loyal Customer,44,Business Travel,Business,562,2,3,3,3,2,2,2,4,4,2,3,2,2,2.62,383,386,FALSE
Male,Loyal Customer,54,Business Travel,Business,283,5,5,5,5,4,4,5,5,5,5,5,5,4,4.77,21,0,TRUE
Female,Loyal Customer,33,Business Travel,Business,1185,1,1,1,1,5,3,2,5,5,4,5,2,5,3.08,52,115,TRUE
Female,Loyal Customer,59,Personal Travel,Eco Plus,937,2,4,1,3,2,1,4,4,4,1,4,5,5,3.08,0,0,FALSE
Male,Loyal Customer,68,Personal Travel,Eco,2402,4,5,4,2,4,4,4,5,3,4,5,4,4,4,28,30,FALSE
Female,Loyal Customer,38,Business Travel,Business,1430,5,5,5,5,2,4,5,5,5,5,5,3,4,4.46,13,9,TRUE
Male,Loyal Customer,47,Business Travel,Business,3605,1,0,0,3,1,4,4,1,1,0,1,2,1,1.46,39,39,FALSE
Female,Loyal Customer,39,Business Travel,Business,2847,1,1,1,1,3,4,5,2,2,2,2,1,3,2.15,15,7,TRUE
Female,Loyal Customer,50,Business Travel,Eco,479,1,3,3,3,1,3,2,1,1,1,1,3,3,2,0,0,FALSE
Male,Loyal Customer,26,Personal Travel,Eco,813,2,0,2,2,5,2,5,5,4,3,5,4,5,3.38,0,0,FALSE
Female,Loyal Customer,41,Business Travel,Business,1598,1,5,1,1,4,4,2,5,5,5,5,2,4,3.38,0,0,TRUE
Female,Loyal Customer,56,Personal Travel,Eco,486,3,2,3,3,3,3,3,5,5,3,5,2,2,3.23,11,0,FALSE
Male,Loyal Customer,56,Business Travel,Business,1670,1,1,1,1,4,4,5,4,4,4,4,5,5,3.31,4,19,TRUE
Male,Loyal Customer,29,Business Travel,Business,2556,1,1,1,1,2,2,2,4,2,3,4,2,2,2.08,9,0,TRUE
Female,Loyal Customer,60,Business Travel,Business,2170,1,1,1,1,2,4,5,2,2,2,2,4,5,2.46,52,54,TRUE
Male,Loyal Customer,66,Personal Travel,Eco,1197,3,4,3,2,2,3,2,2,5,2,1,5,2,2.77,0,21,FALSE
Male,Loyal Customer,29,Business Travel,Business,2332,2,1,2,2,4,4,4,4,3,2,5,5,4,3.23,47,32,TRUE
Female,Loyal Customer,59,Business Travel,Business,1832,1,1,1,1,3,4,5,4,4,4,4,3,5,3.08,0,0,TRUE
Male,Loyal Customer,47,Personal Travel,Eco,548,2,0,2,2,3,2,3,3,2,2,5,4,3,2.54,0,0,FALSE
Female,Loyal Customer,53,Personal Travel,Eco Plus,447,1,3,1,1,1,4,4,5,3,4,2,4,4,2.85,138,158,FALSE
Male,Loyal Customer,12,Personal Travel,Eco,529,4,4,4,3,4,4,4,4,4,5,4,5,4,4.08,1,7,FALSE
Female,Loyal Customer,41,Business Travel,Business,1973,1,1,1,1,4,4,5,2,2,2,2,5,3,2.54,0,0,TRUE
Female,Loyal Customer,62,Personal Travel,Eco,1514,2,4,2,4,2,3,3,3,3,2,2,3,4,2.85,0,0,FALSE
Female,Loyal Customer,40,Business Travel,Business,1303,3,5,2,2,4,4,4,3,3,3,3,3,3,3.23,0,1,FALSE
Male,Loyal Customer,9,Business Travel,Business,534,1,1,1,1,1,1,1,1,4,5,3,1,1,1.69,0,0,FALSE
Male,Loyal Customer,69,Personal Travel,Eco Plus,1605,3,3,2,4,2,2,2,2,4,5,2,2,2,2.69,0,0,FALSE
Male,Loyal Customer,45,Business Travel,Business,874,3,3,3,3,5,4,5,4,4,4,4,5,3,3.85,0,0,TRUE
Female,Loyal Customer,54,Business Travel,Business,3331,2,2,2,2,4,5,5,5,5,5,5,3,3,3.69,0,0,TRUE
Female,Disloyal Customer,57,Business Travel,Business,1182,3,3,3,2,5,3,5,5,5,3,5,3,5,3.85,0,0,TRUE
Male,Loyal Customer,62,Personal Travel,Eco,862,2,1,2,3,1,2,1,1,2,1,2,4,1,1.77,7,10,FALSE
Female,Disloyal Customer,24,Business Travel,Eco,308,1,0,1,3,4,1,4,4,3,4,5,3,4,2.85,2,0,FALSE
Male,Disloyal Customer,52,Business Travel,Business,632,5,5,5,3,1,5,1,1,3,5,4,5,1,3.38,0,0,TRUE
Female,Loyal Customer,36,Personal Travel,Eco,192,3,5,0,4,4,0,4,4,4,2,4,3,4,3.15,0,0,FALSE
Male,Loyal Customer,50,Personal Travel,Eco,1635,1,5,1,5,5,1,5,5,2,5,5,1,5,3.54,22,16,FALSE
Male,Loyal Customer,57,Personal Travel,Eco,374,4,4,4,4,5,4,5,5,5,5,5,3,5,4.46,4,0,FALSE
Female,Loyal Customer,42,Business Travel,Business,337,5,5,3,5,5,5,5,4,4,4,4,4,5,4.46,36,38,TRUE
Male,Loyal Customer,25,Personal Travel,Eco,530,3,1,3,3,5,3,5,5,1,5,4,2,5,3.46,0,0,FALSE
Male,Loyal Customer,17,Personal Travel,Eco,173,1,5,1,1,5,1,5,5,5,5,5,5,5,3.77,0,0,FALSE
Female,Disloyal Customer,37,Business Travel,Eco,391,3,2,3,3,3,3,5,3,3,3,3,4,3,3.15,0,0,FALSE
Male,Loyal Customer,18,Personal Travel,Eco,2504,5,5,5,1,5,5,5,1,3,3,5,5,5,4.08,0,37,TRUE
Male,Loyal Customer,45,Business Travel,Business,365,4,4,4,4,4,4,4,4,4,4,4,4,3,3.92,0,0,TRUE
Female,Disloyal Customer,21,Business Travel,Eco,715,3,4,4,2,3,4,3,3,1,5,1,4,3,3.08,4,11,FALSE
Female,Disloyal Customer,24,Business Travel,Eco,361,4,0,5,5,5,5,5,5,5,2,4,4,5,4.15,0,0,FALSE
Female,Loyal Customer,40,Personal Travel,Eco,296,2,2,2,4,5,2,4,5,4,1,4,2,5,3.23,0,0,FALSE
Male,Loyal Customer,28,Personal Travel,Eco,577,5,2,5,4,4,2,4,4,4,2,4,3,4,3.62,0,0,TRUE
Male,Disloyal Customer,25,Business Travel,Business,679,4,0,4,5,3,4,3,3,3,5,5,4,3,3.54,77,77,FALSE
Female,Loyal Customer,8,Personal Travel,Eco,368,3,1,3,2,1,3,1,1,1,5,2,1,1,1.92,0,0,FALSE
Male,Loyal Customer,37,Business Travel,Business,2045,5,5,5,5,4,4,5,4,4,4,4,3,4,4.31,16,0,TRUE
Female,Loyal Customer,57,Business Travel,Business,273,2,2,2,2,2,5,4,5,5,5,5,3,2,3.38,0,1,TRUE
Female,Disloyal Customer,16,Business Travel,Eco,173,2,4,2,3,2,2,2,2,2,1,3,4,2,2.38,105,97,FALSE
Male,Loyal Customer,46,Personal Travel,Eco,594,3,1,3,4,2,3,2,2,3,4,3,2,2,2.62,26,27,FALSE
Female,Loyal Customer,45,Business Travel,Business,980,2,2,2,2,4,5,5,4,4,4,4,4,4,3.54,0,0,TRUE
Male,Loyal Customer,24,Personal Travel,Eco Plus,845,2,4,2,4,4,2,4,4,4,2,5,5,4,3.54,28,31,FALSE
Female,Loyal Customer,17,Personal Travel,Eco,2077,2,3,2,4,2,2,2,2,4,3,4,4,2,2.77,0,0,FALSE
Male,Loyal Customer,36,Business Travel,Business,2257,4,4,4,4,4,5,4,5,5,4,5,4,4,4.31,0,0,TRUE
Female,Loyal Customer,59,Business Travel,Business,731,3,5,5,5,5,4,3,3,3,3,3,1,1,3.38,17,1,FALSE
Male,Loyal Customer,36,Business Travel,Business,679,4,1,4,1,5,2,3,4,4,4,4,3,1,3.08,0,7,FALSE
Male,Loyal Customer,29,Business Travel,Eco Plus,335,4,5,5,5,4,4,4,4,2,5,3,2,4,3.92,0,0,FALSE
Male,Loyal Customer,79,Business Travel,Business,163,3,1,1,1,2,3,3,1,1,2,3,3,3,2.08,0,0,FALSE
Female,Loyal Customer,32,Personal Travel,Eco,341,4,5,4,2,2,4,3,2,4,4,5,3,2,3.38,118,108,FALSE
Male,Loyal Customer,54,Business Travel,Business,3706,4,4,4,4,3,4,4,3,3,4,3,3,5,3.69,0,0,TRUE
Female,Loyal Customer,31,Personal Travel,Eco,431,3,4,3,3,3,3,3,3,4,4,5,3,3,3.38,26,9,FALSE
Female,Loyal Customer,48,Personal Travel,Eco,495,5,4,5,3,3,4,5,1,1,5,1,4,3,3.38,0,0,TRUE
Male,Loyal Customer,26,Business Travel,Eco Plus,549,3,1,1,1,3,3,3,3,2,4,4,2,3,2.54,28,14,FALSE
Male,Disloyal Customer,27,Business Travel,Eco,680,2,2,2,4,5,2,5,5,1,3,4,2,5,3.23,1,0,FALSE
Male,Loyal Customer,36,Personal Travel,Eco,599,3,4,3,4,3,3,3,3,4,2,1,4,3,3.08,0,8,FALSE
Female,Disloyal Customer,25,Business Travel,Eco,1076,5,5,5,3,2,5,1,2,4,5,4,4,2,3.62,0,0,TRUE
Male,Disloyal Customer,37,Business Travel,Eco,834,2,2,2,1,1,2,1,1,3,1,5,1,1,1.77,7,6,FALSE
Female,Loyal Customer,53,Business Travel,Business,1635,2,2,2,2,2,3,5,4,4,4,4,4,3,3.15,0,0,TRUE
Female,Disloyal Customer,11,Business Travel,Eco,930,3,3,3,3,2,3,3,2,2,5,3,3,2,2.85,21,15,FALSE
Female,Loyal Customer,66,Personal Travel,Eco,235,3,1,3,4,2,3,3,2,2,3,2,1,3,2.46,26,56,FALSE
Female,Loyal Customer,41,Business Travel,Business,488,5,5,5,5,4,4,4,4,4,4,4,3,4,4.23,0,0,TRUE
Female,Loyal Customer,29,Business Travel,Business,1992,3,3,3,3,4,5,4,4,3,5,5,4,4,3.85,0,0,TRUE
Female,Loyal Customer,48,Business Travel,Business,1653,3,5,5,5,2,3,4,3,3,3,3,2,3,3.38,0,0,FALSE
Female,Disloyal Customer,27,Business Travel,Business,409,4,5,5,3,2,5,2,2,3,4,5,5,2,3.62,0,32,FALSE
Male,Loyal Customer,41,Business Travel,Business,2733,5,5,5,5,5,5,4,5,5,5,5,3,5,4.77,0,0,TRUE
Female,Loyal Customer,16,Business Travel,Eco,848,4,4,4,4,4,4,3,4,1,3,5,3,4,3.62,0,0,TRUE
Male,Loyal Customer,49,Personal Travel,Eco,986,2,5,2,5,2,2,2,2,3,4,4,5,2,3.08,65,69,FALSE
Female,Loyal Customer,69,Personal Travel,Eco,2296,3,5,4,3,4,5,5,3,3,4,3,4,3,3.77,0,0,FALSE
Male,Loyal Customer,46,Personal Travel,Eco Plus,226,1,1,1,4,2,1,2,2,4,2,4,2,2,2.15,19,16,FALSE
Male,Loyal Customer,58,Business Travel,Business,2366,4,3,2,2,2,3,3,4,4,4,4,2,2,3,0,0,FALSE
Female,Loyal Customer,48,Business Travel,Business,2859,1,4,4,4,3,2,2,1,1,1,1,4,1,2.23,0,39,FALSE
Female,Loyal Customer,54,Business Travel,Business,1782,0,0,0,1,5,5,5,1,1,1,1,5,3,2.15,5,21,TRUE
Female,Loyal Customer,36,Business Travel,Business,255,5,5,5,5,3,4,4,4,4,4,4,5,5,4.38,0,0,TRUE
Female,Disloyal Customer,21,Business Travel,Eco,315,2,0,2,3,4,2,3,4,3,1,4,2,4,2.62,16,29,FALSE
Male,Loyal Customer,47,Business Travel,Business,255,0,0,0,4,2,4,5,1,1,1,1,5,5,2.23,36,27,TRUE
Female,Disloyal Customer,50,Business Travel,Eco,1190,3,3,3,3,5,3,5,5,1,3,1,5,5,3.46,0,0,FALSE
Male,Loyal Customer,47,Business Travel,Business,197,3,3,3,3,5,4,4,5,5,5,5,5,5,4.23,0,0,TRUE
Male,Loyal Customer,18,Personal Travel,Business,1199,3,5,3,1,5,3,5,5,2,2,4,4,5,3.62,0,0,FALSE
Female,Disloyal Customer,24,Business Travel,Eco,980,4,4,4,3,5,4,5,5,5,2,5,4,5,4.23,0,0,TRUE
Female,Loyal Customer,55,Business Travel,Business,1816,2,2,2,2,5,5,5,4,4,4,4,3,5,3.62,19,7,TRUE
Male,Loyal Customer,37,Personal Travel,Eco,372,2,4,3,4,5,3,5,5,2,3,3,4,5,3.69,2,4,FALSE
Male,Loyal Customer,16,Personal Travel,Eco,2065,1,5,2,4,1,2,1,1,4,4,3,5,1,2.62,2,12,FALSE
Female,Loyal Customer,36,Business Travel,Eco Plus,462,3,4,4,4,3,5,3,3,1,1,5,4,3,3.31,0,0,TRUE
Male,Loyal Customer,44,Business Travel,Business,3489,1,1,1,1,5,5,4,4,4,4,4,4,5,3.31,0,6,TRUE
Female,Loyal Customer,30,Business Travel,Business,1513,2,2,2,2,5,5,5,5,4,1,1,3,5,3.23,0,0,TRUE
Male,Loyal Customer,51,Business Travel,Eco,1721,2,3,3,3,2,2,2,2,4,1,2,3,2,2.38,0,0,FALSE
Female,Loyal Customer,23,Personal Travel,Eco,455,2,4,5,3,2,5,1,2,3,2,5,4,2,3.08,0,0,FALSE
Female,Loyal Customer,49,Business Travel,Business,1262,4,4,1,4,5,5,4,4,4,4,4,3,3,3.77,13,0,TRUE
Male,Loyal Customer,42,Business Travel,Eco,2434,3,3,4,4,3,3,3,4,5,4,4,3,3,3.54,0,0,FALSE
Female,Loyal Customer,60,Business Travel,Eco,1011,4,1,1,1,5,3,3,4,4,4,4,3,2,3,0,0,FALSE
Male,Loyal Customer,71,Business Travel,Business,2243,4,1,1,1,5,3,3,4,4,4,4,4,3,3.15,50,31,FALSE
Male,Loyal Customer,46,Business Travel,Business,1250,3,2,2,2,3,4,4,3,3,3,3,1,3,2.77,8,15,FALSE
Male,Disloyal Customer,45,Business Travel,Business,895,2,2,2,4,4,2,4,4,4,3,4,4,4,3.31,73,63,FALSE
Female,Loyal Customer,23,Business Travel,Business,3287,0,0,0,5,4,1,1,4,5,3,5,2,4,2.62,6,0,TRUE
Male,Loyal Customer,57,Business Travel,Business,2360,5,5,5,5,5,4,4,4,4,4,5,4,3,4.38,0,0,TRUE
Female,Loyal Customer,25,Personal Travel,Business,366,3,1,3,4,3,3,3,3,3,3,4,2,3,2.92,0,0,FALSE
Female,Disloyal Customer,79,Business Travel,Eco,351,2,0,2,3,5,2,5,5,4,2,2,5,5,3.23,0,0,FALSE
Male,Loyal Customer,45,Business Travel,Business,254,1,1,1,1,5,5,4,5,5,5,5,5,3,3.54,25,38,TRUE
Male,Loyal Customer,41,Business Travel,Eco Plus,346,4,3,3,3,4,4,4,4,2,4,4,3,4,3.54,38,17,TRUE
Female,Disloyal Customer,25,Business Travel,Business,679,5,4,5,1,1,5,1,1,3,5,4,3,1,3,0,9,TRUE
Male,Loyal Customer,44,Personal Travel,Eco Plus,690,2,5,2,3,5,2,5,5,2,1,3,5,5,3.46,3,6,FALSE
Female,Loyal Customer,41,Business Travel,Business,2342,4,2,4,4,3,3,5,5,5,5,5,5,4,4.15,2,0,TRUE
Male,Loyal Customer,44,Business Travel,Business,391,2,2,2,2,2,4,5,4,4,4,4,3,3,3.15,2,0,TRUE
Female,Disloyal Customer,33,Business Travel,Eco,1442,1,1,1,1,2,1,2,2,4,1,3,3,2,1.85,95,104,FALSE
Female,Loyal Customer,38,Business Travel,Business,3228,0,0,0,4,4,4,4,4,4,4,4,3,5,3.08,0,0,TRUE
Male,Disloyal Customer,35,Business Travel,Business,1074,2,2,2,2,2,2,3,2,2,3,3,1,2,2.15,0,0,FALSE
Male,Loyal Customer,9,Personal Travel,Eco,308,4,5,4,3,5,4,5,5,4,5,4,5,5,4.46,0,0,FALSE
Male,Loyal Customer,76,Business Travel,Eco,160,2,4,4,4,2,2,2,2,4,5,3,3,2,3,0,0,FALSE
Female,Loyal Customer,36,Personal Travel,Eco,844,2,4,2,1,5,2,3,5,5,3,5,4,5,3.54,48,48,FALSE
Female,Disloyal Customer,36,Business Travel,Eco Plus,134,3,3,3,4,2,3,2,2,2,2,3,4,2,2.69,0,13,FALSE
Male,Loyal Customer,43,Business Travel,Business,3183,1,1,1,1,5,4,3,1,1,1,1,3,1,1.85,102,100,FALSE
Male,Loyal Customer,30,Business Travel,Business,3596,2,3,3,3,2,2,2,2,1,3,2,2,2,2.23,0,0,FALSE
Male,Loyal Customer,54,Business Travel,Business,2937,3,1,1,1,4,4,4,3,3,2,3,2,2,2.54,0,0,FALSE
Female,Loyal Customer,40,Business Travel,Business,1544,1,1,1,1,4,4,5,5,5,5,5,4,3,3.38,21,19,TRUE
Female,Loyal Customer,39,Personal Travel,Eco Plus,515,1,5,1,4,1,2,2,4,3,5,5,2,2,2.85,103,137,FALSE
Male,Loyal Customer,36,Business Travel,Business,1771,3,4,2,4,4,4,4,3,3,3,3,3,3,3.31,0,0,FALSE
Female,Loyal Customer,70,Personal Travel,Business,240,3,4,3,1,4,5,4,4,4,3,4,4,4,3.62,0,0,FALSE
Female,Loyal Customer,31,Business Travel,Business,1626,3,5,5,5,3,3,3,3,2,4,2,3,3,3.38,4,0,FALSE
Male,Disloyal Customer,37,Business Travel,Eco,427,1,0,1,3,3,1,3,3,4,3,5,4,3,2.62,0,0,FALSE
Female,Loyal Customer,53,Business Travel,Business,3525,4,4,4,4,4,5,4,4,4,4,4,3,4,4,63,61,TRUE
Male,Disloyal Customer,34,Business Travel,Eco,1302,3,3,3,3,4,3,3,4,4,1,4,3,4,3.23,110,100,FALSE
Male,Loyal Customer,47,Business Travel,Business,2772,3,3,2,2,2,4,4,3,3,3,3,1,1,2.62,0,0,FALSE
Female,Loyal Customer,31,Business Travel,Eco,1774,1,5,5,5,1,1,1,1,2,3,1,2,1,2.23,0,0,FALSE
Female,Loyal Customer,60,Business Travel,Business,309,3,4,3,4,1,3,3,3,3,3,3,1,4,2.92,0,2,FALSE
Male,Loyal Customer,58,Business Travel,Business,3952,5,5,5,5,4,5,4,4,4,4,4,4,5,4.46,0,0,TRUE
Female,Loyal Customer,7,Personal Travel,Eco,261,2,1,2,4,4,2,4,4,4,2,3,1,4,2.85,0,0,FALSE
Female,Loyal Customer,38,Business Travel,Eco,395,5,3,3,3,5,5,5,5,3,5,1,3,5,3.92,0,0,TRUE
Male,Loyal Customer,8,Personal Travel,Business,297,1,4,1,1,4,1,4,4,4,3,5,5,4,3.15,7,0,FALSE
Male,Disloyal Customer,20,Business Travel,Eco,888,2,2,2,4,3,2,3,3,1,4,4,4,3,2.85,0,0,FALSE
Female,Loyal Customer,46,Business Travel,Business,3065,2,2,2,2,5,4,4,5,5,5,5,5,3,3.77,0,0,TRUE
Female,Loyal Customer,44,Personal Travel,Eco,849,2,4,2,1,5,5,4,1,1,2,1,4,5,2.85,45,44,FALSE
Female,Loyal Customer,34,Personal Travel,Eco,308,2,5,4,3,4,4,4,4,3,3,4,5,4,3.77,0,0,FALSE
Male,Loyal Customer,44,Business Travel,Eco,1744,2,1,2,2,2,2,2,2,1,4,4,2,2,2.15,0,0,FALSE
Female,Loyal Customer,33,Personal Travel,Eco Plus,192,5,4,5,4,4,5,3,4,5,3,4,4,4,4.15,0,0,TRUE
Female,Loyal Customer,41,Business Travel,Eco,620,5,3,3,3,5,5,5,5,1,2,1,3,5,3.54,1,0,TRUE
Male,Loyal Customer,7,Personal Travel,Eco,631,0,3,0,3,5,0,5,5,1,5,3,1,5,2.77,0,0,TRUE
Female,Loyal Customer,53,Personal Travel,Eco,757,1,4,1,3,4,5,5,3,3,1,5,5,4,3.38,0,26,FALSE
Female,Disloyal Customer,24,Business Travel,Eco,641,1,0,1,5,3,1,3,3,3,2,1,3,3,2.23,0,0,FALSE
Male,Loyal Customer,57,Personal Travel,Eco,1597,2,1,2,3,3,2,1,3,3,1,3,2,3,2.23,0,0,FALSE
Female,Loyal Customer,39,Business Travel,Business,192,3,3,3,3,1,4,4,2,2,2,3,4,3,2.85,0,0,FALSE
Female,Loyal Customer,54,Business Travel,Eco Plus,1124,3,3,3,3,5,3,3,3,3,3,3,3,1,3,0,0,FALSE
Male,Loyal Customer,38,Business Travel,Eco,173,5,3,3,3,5,5,5,5,3,2,3,4,5,3.92,36,33,TRUE
Female,Loyal Customer,42,Business Travel,Business,247,3,3,3,3,4,4,5,5,5,5,5,3,3,3.92,0,0,TRUE
Male,Loyal Customer,25,Personal Travel,Eco Plus,631,3,5,2,1,3,2,3,3,3,4,4,4,3,3.08,3,7,FALSE
Male,Loyal Customer,35,Business Travel,Business,2105,3,3,3,3,1,3,2,5,5,5,5,1,1,3.08,11,5,TRUE
Female,Loyal Customer,56,Business Travel,Business,1046,4,5,5,5,1,3,4,4,4,4,4,1,3,3.62,52,53,FALSE
Female,Loyal Customer,44,Business Travel,Business,642,2,2,2,2,4,4,4,2,2,2,2,1,4,2.54,0,2,FALSE
Female,Loyal Customer,46,Business Travel,Business,599,3,3,3,3,2,4,4,4,4,5,4,4,4,3.62,42,30,TRUE
Female,Disloyal Customer,38,Business Travel,Eco Plus,140,2,2,2,1,4,2,4,4,1,1,5,3,4,2.69,0,0,FALSE
Female,Disloyal Customer,14,Business Travel,Eco,1498,3,3,3,4,1,3,1,1,5,3,3,5,1,2.77,0,0,FALSE
Female,Loyal Customer,26,Business Travel,Business,110,5,5,5,5,5,5,3,5,5,5,2,1,5,4.31,3,6,TRUE
Female,Loyal Customer,47,Business Travel,Business,1516,3,3,3,3,2,4,5,5,5,5,5,4,3,3.85,0,0,TRUE
Male,Loyal Customer,19,Business Travel,Eco,522,1,2,2,2,1,1,1,1,3,1,4,4,1,1.85,0,0,FALSE
Female,Loyal Customer,42,Business Travel,Business,763,4,4,4,4,5,4,4,5,5,5,5,5,3,4.38,0,0,TRUE
Female,Disloyal Customer,35,Business Travel,Business,912,2,2,2,1,3,2,4,3,3,4,5,5,3,3,0,0,FALSE
Female,Loyal Customer,41,Business Travel,Business,237,5,5,4,5,2,4,4,4,4,4,4,4,3,4,0,0,TRUE
Female,Loyal Customer,44,Business Travel,Business,516,4,4,4,4,2,4,5,4,4,5,4,4,4,4,0,0,TRUE
Female,Loyal Customer,23,Business Travel,Business,77,2,2,2,2,4,4,5,4,5,1,3,1,4,3,0,0,TRUE
Male,Loyal Customer,43,Personal Travel,Eco,781,2,3,2,3,3,2,3,3,3,3,4,4,3,2.92,38,48,FALSE
Female,Loyal Customer,66,Business Travel,Business,2323,2,3,3,3,3,4,4,2,2,2,2,4,1,2.69,0,0,FALSE
Female,Loyal Customer,56,Personal Travel,Eco,1363,3,4,2,4,3,3,3,5,5,2,4,4,4,3.54,0,0,FALSE
Female,Disloyal Customer,22,Business Travel,Business,1597,2,2,2,3,5,2,5,5,2,3,3,1,5,3.08,0,0,FALSE
Male,Loyal Customer,50,Business Travel,Business,2600,1,2,1,1,3,5,4,4,4,4,4,5,3,3.15,16,22,TRUE
Female,Loyal Customer,26,Personal Travel,Eco,226,1,5,1,3,2,1,3,2,4,5,5,5,2,3,0,0,FALSE
Male,Loyal Customer,44,Business Travel,Eco,216,5,3,4,3,5,5,5,5,3,2,2,2,5,3.77,0,0,TRUE
Female,Loyal Customer,24,Personal Travel,Eco,599,1,5,1,2,2,1,2,2,3,4,3,4,2,2.46,41,27,FALSE
Male,Loyal Customer,60,Business Travel,Business,2912,1,4,4,4,5,3,4,1,1,1,1,4,1,2.62,1,8,FALSE
Female,Loyal Customer,18,Business Travel,Business,3711,2,2,2,2,4,4,4,4,3,4,4,3,4,3.23,0,0,TRUE
Female,Loyal Customer,49,Business Travel,Business,3747,1,1,5,1,5,5,5,4,3,5,5,5,5,3.85,159,149,TRUE
Male,Loyal Customer,49,Business Travel,Business,2000,1,1,2,1,4,4,5,5,5,5,5,5,5,3.69,64,56,TRUE
Female,Loyal Customer,20,Business Travel,Business,2209,1,1,1,1,5,5,5,5,3,3,5,5,5,3.46,0,23,TRUE
Female,Loyal Customer,48,Business Travel,Business,512,1,1,1,1,5,4,4,4,4,5,4,3,4,3.15,1,0,TRUE
Male,Loyal Customer,52,Business Travel,Business,2455,3,3,3,3,2,4,4,4,4,4,4,4,5,3.62,5,0,TRUE
Female,Loyal Customer,55,Business Travel,Business,3571,2,4,4,4,5,4,3,2,2,2,2,4,2,3.08,25,18,FALSE
Male,Loyal Customer,36,Business Travel,Eco Plus,1475,3,4,4,4,3,3,3,3,3,3,4,1,3,3.15,72,55,FALSE
Male,Loyal Customer,27,Business Travel,Business,1867,1,1,5,1,5,5,5,5,3,3,5,4,5,3.69,4,9,TRUE
Male,Disloyal Customer,39,Business Travel,Eco,546,3,2,3,2,4,3,4,4,1,1,2,2,4,2.69,22,42,FALSE
Male,Loyal Customer,58,Personal Travel,Eco Plus,1190,1,5,1,2,1,1,1,1,5,3,5,3,1,2.31,4,1,FALSE
Female,Disloyal Customer,27,Business Travel,Business,859,1,2,2,2,1,2,1,1,3,3,5,4,1,2.15,0,4,FALSE
Male,Loyal Customer,13,Personal Travel,Eco,785,1,4,1,2,5,1,5,5,3,2,4,5,5,3.31,13,11,FALSE
Male,Loyal Customer,27,Business Travel,Eco,581,4,1,1,1,4,4,4,4,3,3,3,2,4,2.92,0,0,TRUE
Male,Loyal Customer,54,Business Travel,Business,366,1,1,1,1,4,4,5,4,4,4,4,4,3,3.08,0,34,TRUE
Female,Loyal Customer,50,Business Travel,Business,3951,1,1,5,1,1,5,2,4,4,4,5,3,4,3.08,0,3,TRUE
Male,Loyal Customer,48,Business Travel,Business,3141,4,4,4,4,4,4,5,4,4,4,4,5,4,4.15,0,0,TRUE
Female,Loyal Customer,45,Personal Travel,Eco,528,2,4,2,4,4,3,4,3,3,2,3,1,4,3,0,8,FALSE
Female,Disloyal Customer,39,Business Travel,Business,227,2,2,2,2,3,2,3,3,5,3,5,4,3,3,0,0,FALSE
Male,Disloyal Customer,38,Business Travel,Eco,925,2,2,2,4,4,2,4,4,1,3,4,4,4,3.08,0,0,FALSE
Female,Loyal Customer,26,Business Travel,Eco Plus,526,4,2,2,2,4,4,5,4,5,1,1,2,4,3.08,1,1,TRUE
Male,Loyal Customer,8,Personal Travel,Eco,399,1,3,1,3,3,1,3,3,4,3,4,2,3,2.62,0,0,FALSE
Male,Loyal Customer,59,Business Travel,Business,223,3,3,3,3,4,4,4,4,4,4,4,5,4,3.77,0,0,TRUE
Male,Disloyal Customer,22,Business Travel,Eco,868,1,1,1,4,4,1,4,4,2,2,1,5,4,2.62,0,0,FALSE
Male,Loyal Customer,13,Personal Travel,Eco,631,2,4,2,5,5,2,5,5,1,4,4,5,5,3.77,0,0,FALSE
Female,Loyal Customer,60,Business Travel,Business,666,1,1,1,1,1,1,1,4,4,4,4,4,2,2.23,0,0,TRUE
Male,Loyal Customer,58,Business Travel,Eco,226,2,3,3,3,3,2,3,3,3,2,3,1,3,2.62,0,0,FALSE
Female,Loyal Customer,26,Business Travel,Business,603,2,2,2,2,4,4,4,4,4,5,5,5,4,3.62,0,0,TRUE
Male,Loyal Customer,36,Business Travel,Business,3901,3,1,1,1,3,2,2,3,3,3,3,1,2,2.15,75,71,FALSE
Female,Loyal Customer,12,Personal Travel,Eco Plus,436,3,4,3,1,3,3,3,3,5,2,5,5,3,3.31,0,0,FALSE
Female,Loyal Customer,61,Personal Travel,Eco,550,2,0,2,4,2,4,4,5,5,2,5,5,4,3.38,0,0,FALSE
Male,Disloyal Customer,25,Business Travel,Business,577,1,4,1,2,5,1,5,5,4,2,4,4,5,3.31,0,0,FALSE
Female,Loyal Customer,50,Business Travel,Business,1754,1,1,5,1,4,5,5,2,2,2,2,3,3,2.77,7,0,TRUE
Male,Loyal Customer,28,Personal Travel,Eco,89,4,5,4,3,1,4,1,1,5,4,5,3,1,3.15,0,0,FALSE
Male,Loyal Customer,46,Business Travel,Business,2798,4,5,5,5,2,3,3,4,4,4,4,4,2,3.77,0,37,FALSE
Male,Loyal Customer,19,Personal Travel,Eco,421,4,4,4,1,3,4,1,3,5,3,5,3,3,3.31,0,3,FALSE
Male,Loyal Customer,57,Business Travel,Business,2035,1,1,1,1,2,5,4,5,5,5,5,5,5,3.46,0,0,TRUE
Female,Loyal Customer,8,Personal Travel,Eco,2133,3,5,3,1,2,3,3,2,4,3,4,3,2,2.92,2,28,FALSE
Female,Disloyal Customer,22,Business Travel,Business,442,4,0,4,2,1,4,1,1,4,3,5,5,1,2.69,39,37,TRUE
Female,Loyal Customer,47,Business Travel,Business,1955,3,3,3,3,2,4,5,4,4,4,4,3,3,3.46,14,6,TRUE
Male,Loyal Customer,18,Personal Travel,Eco,1076,3,4,3,4,4,3,4,4,4,2,4,3,4,3.54,104,124,FALSE
Male,Loyal Customer,33,Business Travel,Business,1637,5,5,3,5,5,5,5,5,4,2,5,5,5,4.54,5,0,TRUE
Female,Loyal Customer,57,Business Travel,Business,2977,4,4,4,4,4,4,4,4,4,4,4,3,5,4,0,0,TRUE
Male,Loyal Customer,25,Personal Travel,Eco,651,3,3,3,3,4,3,4,4,1,2,4,4,4,3.23,36,50,FALSE
Male,Loyal Customer,32,Business Travel,Business,2962,1,1,4,1,5,5,5,5,4,5,5,5,5,3.92,5,0,TRUE
Female,Disloyal Customer,38,Business Travel,Eco,351,3,0,3,3,1,3,3,1,3,1,4,1,1,2.08,0,0,FALSE
Male,Disloyal Customer,42,Business Travel,Eco,680,5,5,5,2,4,5,4,4,4,3,5,2,4,4,0,0,TRUE
Female,Loyal Customer,17,Personal Travel,Eco,2419,5,2,5,3,5,1,1,4,5,3,4,1,1,3.08,0,3,TRUE
Female,Loyal Customer,45,Business Travel,Business,550,3,2,2,2,5,3,3,3,3,3,3,3,3,2.92,67,49,FALSE
Female,Loyal Customer,38,Business Travel,Business,345,2,2,2,2,2,5,4,4,4,4,4,4,5,3.38,0,0,TRUE
Male,Loyal Customer,36,Personal Travel,Eco Plus,406,1,5,1,1,2,1,2,2,3,2,4,3,2,2.23,5,9,FALSE
Female,Disloyal Customer,17,Business Travel,Eco,270,4,3,4,4,3,4,3,3,2,4,3,2,3,3.23,0,3,FALSE
Male,Loyal Customer,36,Business Travel,Business,266,3,3,3,3,5,5,2,5,5,5,5,3,5,4,3,6,TRUE
Male,Loyal Customer,66,Personal Travel,Eco,1491,3,5,3,1,5,3,5,5,3,2,4,4,5,3.69,15,29,FALSE
Male,Disloyal Customer,20,Business Travel,Eco,622,4,5,3,1,1,3,1,1,5,4,5,4,1,2.92,0,0,FALSE
Male,Loyal Customer,37,Business Travel,Business,1680,2,2,2,2,3,1,3,4,4,4,5,4,2,2.92,0,0,TRUE
Male,Disloyal Customer,22,Business Travel,Eco,812,3,3,3,4,5,3,3,5,4,4,4,3,5,3.77,0,0,FALSE
Male,Loyal Customer,36,Business Travel,Business,3378,1,1,1,1,2,5,4,4,4,4,4,4,3,2.92,0,0,TRUE
Female,Loyal Customer,51,Business Travel,Business,1687,3,1,5,1,4,4,3,3,3,3,3,1,2,2.77,89,74,FALSE
Female,Loyal Customer,17,Personal Travel,Eco,438,3,5,3,3,5,3,5,5,5,3,5,5,5,4.23,0,7,FALSE
Male,Loyal Customer,26,Personal Travel,Eco,162,5,5,5,5,1,5,4,1,4,5,5,5,1,3.92,0,0,TRUE
Male,Loyal Customer,26,Business Travel,Business,752,5,5,5,5,3,4,3,3,4,2,3,3,3,3.69,13,4,TRUE
Male,Loyal Customer,57,Business Travel,Business,1965,3,3,3,3,3,4,5,2,2,2,2,3,4,3,18,15,TRUE
Female,Loyal Customer,49,Business Travel,Business,1653,1,1,3,1,3,4,3,1,1,1,1,1,3,1.85,51,17,FALSE
Male,Loyal Customer,31,Business Travel,Eco Plus,581,5,4,3,4,5,5,5,5,3,3,3,3,5,4.08,0,0,TRUE
Female,Loyal Customer,64,Personal Travel,Eco,264,1,1,1,3,5,2,2,2,2,1,2,1,4,2.08,28,31,FALSE
Male,Loyal Customer,26,Business Travel,Business,3578,5,5,5,5,4,4,4,4,4,4,4,4,4,4.31,0,0,TRUE
Female,Loyal Customer,56,Business Travel,Business,503,4,5,4,4,5,5,4,4,4,4,4,5,5,4.38,1,0,TRUE
Female,Loyal Customer,35,Business Travel,Eco,253,5,5,5,5,5,5,5,5,4,1,2,2,5,4.15,5,27,TRUE
Male,Loyal Customer,47,Business Travel,Business,1005,3,5,5,5,5,2,2,3,3,3,3,1,1,3.15,0,0,FALSE
Female,Loyal Customer,12,Personal Travel,Business,280,3,5,3,3,2,3,2,2,5,5,5,4,2,3.38,42,45,FALSE
Female,Disloyal Customer,30,Business Travel,Business,1562,5,5,5,3,5,5,5,5,3,5,5,3,5,4.54,0,0,TRUE
Female,Loyal Customer,46,Business Travel,Business,308,0,0,0,4,4,5,4,5,5,5,5,5,3,3.46,0,0,TRUE
Male,Loyal Customer,40,Business Travel,Business,3662,1,1,1,1,4,5,5,5,5,5,5,5,3,3.54,3,0,TRUE
Male,Loyal Customer,38,Business Travel,Eco Plus,251,3,2,2,2,3,3,3,4,3,4,3,3,3,2.92,189,239,FALSE
Female,Disloyal Customer,27,Business Travel,Eco,1201,4,4,4,3,2,4,2,2,3,3,2,4,2,3,6,6,FALSE
Male,Loyal Customer,15,Personal Travel,Business,2139,4,4,4,1,1,4,1,1,3,3,4,5,1,2.77,0,0,TRUE
Male,Loyal Customer,30,Personal Travel,Eco,986,4,5,4,1,4,4,4,4,4,3,4,3,4,3.69,0,0,TRUE
Female,Loyal Customer,51,Personal Travel,Eco,1157,3,4,3,2,2,4,5,1,1,3,4,4,5,3.15,0,0,FALSE
Female,Loyal Customer,30,Business Travel,Eco,1825,4,5,4,5,4,4,4,4,2,1,5,2,4,3.69,0,0,TRUE
Female,Disloyal Customer,52,Business Travel,Business,759,2,2,2,3,4,2,1,4,4,3,5,4,4,3.08,0,0,FALSE
Male,Loyal Customer,24,Business Travel,Business,3480,4,4,4,4,4,4,4,4,5,5,4,4,4,4.15,0,0,TRUE
Female,Disloyal Customer,29,Business Travel,Business,644,5,5,5,2,4,5,4,4,5,2,5,4,4,4.15,0,0,TRUE
Male,Disloyal Customer,27,Business Travel,Eco,529,4,5,4,2,2,4,2,2,1,3,4,5,2,3.08,0,0,TRUE
Female,Loyal Customer,59,Business Travel,Business,284,3,2,2,2,1,4,4,3,3,3,3,1,3,2.62,24,35,FALSE
Male,Loyal Customer,25,Business Travel,Business,1171,1,1,1,1,5,5,5,5,4,5,4,4,5,3.54,0,0,TRUE
Female,Loyal Customer,22,Business Travel,Business,1069,1,2,2,2,1,1,1,1,1,2,3,4,1,1.69,21,32,FALSE
Male,Disloyal Customer,22,Business Travel,Eco,1089,5,5,5,5,5,5,3,5,4,4,4,5,5,4.62,0,0,TRUE
Female,Loyal Customer,36,Personal Travel,Eco,1448,2,1,2,2,3,2,3,3,1,2,2,2,3,2.15,37,28,FALSE
Female,Disloyal Customer,32,Business Travel,Eco,436,1,3,1,3,1,1,1,1,1,1,4,2,1,1.62,0,0,FALSE
Male,Disloyal Customer,37,Business Travel,Eco,1010,3,3,3,3,3,3,3,3,3,5,4,3,3,3.23,0,22,FALSE
Male,Loyal Customer,12,Personal Travel,Eco,1450,2,2,2,2,1,2,1,1,3,5,2,3,1,2.08,0,0,FALSE
Male,Loyal Customer,45,Business Travel,Eco,867,1,4,4,4,1,1,1,1,1,4,4,4,1,2.38,86,68,FALSE
Female,Disloyal Customer,27,Business Travel,Business,581,5,5,5,5,5,5,5,5,3,2,4,3,5,4.38,0,0,TRUE
Male,Loyal Customer,42,Business Travel,Business,2614,2,2,2,2,4,4,4,4,2,3,5,4,4,3.23,31,45,TRUE
Male,Loyal Customer,57,Personal Travel,Eco,351,3,2,3,4,2,3,4,2,3,2,4,3,2,2.85,18,8,FALSE
Female,Loyal Customer,56,Business Travel,Business,1514,4,2,4,4,3,5,5,5,5,5,5,3,3,4.08,3,4,TRUE
Female,Loyal Customer,33,Business Travel,Eco Plus,2556,4,3,2,3,4,4,4,4,1,5,5,5,4,3.69,43,22,TRUE
Male,Loyal Customer,63,Business Travel,Business,746,2,3,3,3,2,2,2,2,2,3,2,1,2,2.23,0,0,FALSE
Male,Loyal Customer,34,Personal Travel,Eco,726,0,1,0,3,4,0,4,4,1,1,2,3,4,2.08,0,0,TRUE
Female,Disloyal Customer,36,Business Travel,Eco Plus,325,3,4,4,3,4,4,5,4,2,1,3,2,4,3.31,8,0,FALSE
Female,Disloyal Customer,19,Business Travel,Eco,1452,3,3,3,4,3,5,5,1,1,3,3,5,5,3.38,174,162,FALSE
Female,Loyal Customer,17,Personal Travel,Eco,304,4,4,4,3,3,4,3,3,5,4,5,3,3,3.69,0,0,FALSE
Female,Loyal Customer,55,Business Travel,Business,429,2,2,2,2,3,5,5,5,5,5,5,3,5,3.77,0,0,TRUE
Male,Loyal Customer,38,Personal Travel,Eco,236,3,5,3,3,5,3,5,5,4,2,4,4,5,3.92,11,2,FALSE
Female,Disloyal Customer,34,Business Travel,Business,696,2,2,2,1,1,2,1,1,3,2,4,3,1,1.92,3,1,FALSE
Male,Loyal Customer,27,Business Travel,Business,1546,3,1,1,1,3,3,3,4,3,3,3,3,3,2.62,173,169,FALSE
Female,Loyal Customer,29,Personal Travel,Eco,356,2,2,2,4,5,2,5,5,4,3,4,1,5,3.38,0,0,FALSE
Male,Loyal Customer,44,Business Travel,Business,2649,5,5,5,5,5,4,5,5,5,5,5,5,5,4.92,0,0,TRUE
Male,Loyal Customer,24,Business Travel,Business,402,1,4,2,4,1,1,1,1,3,5,2,4,1,2.31,18,27,FALSE
Male,Loyal Customer,28,Business Travel,Eco Plus,269,3,1,4,4,3,3,3,3,4,3,2,2,3,2.92,3,12,FALSE
Female,Loyal Customer,30,Business Travel,Business,2205,2,2,2,2,2,2,2,2,5,5,4,5,2,2.85,0,0,TRUE
Male,Loyal Customer,45,Business Travel,Business,3878,1,1,1,1,3,3,4,4,4,4,4,1,1,2.46,0,0,TRUE
Male,Loyal Customer,55,Business Travel,Eco,503,4,5,5,5,4,4,4,4,3,4,5,1,4,4,0,0,TRUE
Male,Loyal Customer,47,Business Travel,Business,3116,1,3,1,1,5,5,4,5,5,5,5,4,5,3.77,0,0,TRUE
Female,Loyal Customer,60,Personal Travel,Eco,432,3,4,4,3,4,5,5,3,3,4,3,3,4,3.69,37,25,FALSE
Female,Loyal Customer,39,Business Travel,Eco,147,4,5,4,4,4,4,4,4,5,4,1,5,4,4,0,0,TRUE
Female,Loyal Customer,28,Business Travel,Business,480,5,2,5,5,5,5,5,5,3,3,4,4,5,4.31,2,0,TRUE
Female,Loyal Customer,59,Business Travel,Eco,363,2,4,4,4,1,3,3,1,1,2,1,1,3,2.31,0,0,FALSE
Female,Loyal Customer,51,Business Travel,Business,1747,5,5,5,5,3,5,5,4,4,4,4,4,4,4.38,58,47,TRUE
Female,Disloyal Customer,34,Business Travel,Eco,338,1,3,2,4,3,2,3,3,2,2,3,4,3,2.69,0,0,FALSE
Male,Disloyal Customer,21,Business Travel,Eco,1590,4,4,4,1,5,4,1,5,3,2,3,3,5,3.38,0,0,TRUE
Female,Disloyal Customer,35,Business Travel,Eco,731,3,3,3,3,1,3,1,1,1,1,5,2,1,2.15,0,0,FALSE
Male,Loyal Customer,46,Business Travel,Business,2444,2,2,2,2,5,5,4,5,5,5,5,5,4,3.92,6,0,TRUE
Female,Loyal Customer,51,Business Travel,Eco,187,3,5,5,5,2,4,4,3,3,3,3,4,2,3.54,0,0,FALSE
Male,Disloyal Customer,24,Business Travel,Eco,587,4,5,4,5,1,4,1,1,5,4,4,3,1,3.23,45,46,FALSE
Male,Loyal Customer,36,Personal Travel,Eco,101,4,5,4,4,2,4,4,2,5,5,5,5,2,3.92,9,15,FALSE
Male,Loyal Customer,37,Business Travel,Business,3925,5,5,5,5,5,1,3,4,4,4,4,1,2,3.69,2,5,TRUE
Male,Loyal Customer,52,Business Travel,Eco,858,4,4,4,4,5,4,5,5,1,2,2,4,5,3.77,0,0,TRUE
Female,Loyal Customer,22,Personal Travel,Eco,1182,3,4,2,5,4,2,4,4,5,5,4,4,4,3.85,9,4,FALSE
Female,Loyal Customer,70,Personal Travel,Eco,164,3,5,3,4,2,5,4,1,1,3,1,5,3,3.08,0,9,FALSE
Male,Loyal Customer,33,Personal Travel,Eco,675,4,4,4,1,1,4,1,1,3,4,4,5,1,2.85,0,0,FALSE
Male,Loyal Customer,63,Business Travel,Eco,1016,3,4,4,4,3,3,3,3,3,3,4,1,3,3.15,0,0,FALSE
Female,Loyal Customer,42,Personal Travel,Eco,113,3,2,3,4,4,3,4,3,3,3,3,3,1,3,28,22,FALSE
Female,Loyal Customer,30,Business Travel,Business,936,3,4,4,4,3,3,3,3,2,1,2,2,3,2.85,20,20,FALSE
Male,Disloyal Customer,25,Business Travel,Eco,328,4,4,4,4,1,4,1,1,5,2,4,3,1,2.92,0,0,TRUE
Female,Disloyal Customer,31,Business Travel,Eco,1068,3,3,3,3,5,3,5,5,1,3,3,3,5,3.46,0,0,FALSE
Male,Loyal Customer,70,Business Travel,Business,458,4,4,4,4,3,4,5,4,4,5,4,4,5,4.15,0,4,TRUE
Male,Loyal Customer,28,Personal Travel,Eco,403,2,5,2,4,4,2,4,4,4,5,5,3,4,3.69,0,0,FALSE
Female,Loyal Customer,48,Business Travel,Business,2460,3,3,3,3,5,5,5,3,3,3,3,3,5,3.62,55,66,TRUE
Male,Loyal Customer,62,Personal Travel,Eco,204,4,5,4,1,2,4,2,2,3,1,1,4,2,2.69,0,0,FALSE
Female,Loyal Customer,36,Business Travel,Business,571,1,1,1,1,4,2,5,5,5,5,5,2,3,3.08,0,6,TRUE
Male,Loyal Customer,37,Business Travel,Business,3932,1,1,1,1,5,2,5,5,5,5,5,5,5,3.54,0,0,TRUE
Male,Loyal Customer,32,Business Travel,Business,666,5,4,4,4,5,4,5,5,1,3,2,4,5,3.92,72,53,FALSE
Male,Loyal Customer,29,Business Travel,Business,1999,1,3,3,3,1,1,1,1,1,4,3,1,1,1.85,0,15,FALSE
Female,Loyal Customer,44,Business Travel,Eco,727,2,1,1,1,4,3,3,2,2,2,2,3,4,2.31,0,0,FALSE
Female,Loyal Customer,59,Business Travel,Business,2392,5,5,5,5,5,5,5,4,4,5,4,3,3,4.46,0,0,TRUE
Female,Loyal Customer,17,Business Travel,Eco Plus,321,2,5,5,5,2,2,3,2,3,2,3,3,2,3,0,0,FALSE
Female,Loyal Customer,60,Personal Travel,Eco,125,3,2,3,2,2,3,3,1,1,3,1,2,1,2.08,66,63,FALSE
Male,Loyal Customer,60,Personal Travel,Eco,795,1,5,1,2,2,1,5,2,4,4,4,5,2,2.92,0,0,FALSE
Female,Loyal Customer,17,Business Travel,Eco,896,4,2,2,2,4,4,5,4,4,5,2,1,4,3.31,0,0,TRUE
Male,Loyal Customer,65,Personal Travel,Eco,641,2,5,2,3,4,2,4,4,5,3,4,4,4,3.54,0,0,FALSE
Male,Disloyal Customer,29,Business Travel,Business,1312,4,4,4,3,1,4,1,1,5,3,4,4,1,3,11,4,TRUE
Female,Loyal Customer,73,Business Travel,Business,1697,3,3,3,3,4,3,4,5,5,5,5,1,1,3.46,3,0,TRUE
Male,Loyal Customer,45,Business Travel,Business,853,1,1,1,1,4,5,4,3,3,4,3,4,4,2.92,67,78,TRUE
Female,Loyal Customer,47,Business Travel,Eco Plus,429,2,5,5,5,2,2,2,2,5,3,4,2,2,3.15,155,173,FALSE
Male,Loyal Customer,33,Business Travel,Business,1709,3,3,3,3,5,5,5,5,4,2,3,1,5,3.62,0,0,TRUE
Female,Loyal Customer,15,Personal Travel,Eco,216,1,1,1,3,4,1,4,4,4,2,4,4,4,2.85,0,0,FALSE
Male,Loyal Customer,41,Personal Travel,Business,1189,3,5,3,3,4,3,5,5,5,3,5,5,5,4.15,0,8,FALSE
Female,Loyal Customer,36,Business Travel,Business,1208,3,3,3,3,5,5,5,5,5,4,5,4,4,4.15,2,15,TRUE
Female,Loyal Customer,20,Personal Travel,Eco,175,3,5,3,1,4,3,4,4,4,2,4,3,4,3.38,50,45,FALSE
Male,Loyal Customer,45,Business Travel,Business,1452,5,4,5,5,5,5,5,5,5,5,5,5,3,4.77,7,0,TRUE
Male,Loyal Customer,47,Business Travel,Business,1009,2,2,1,2,5,4,4,2,2,2,2,5,4,2.85,10,0,TRUE
Male,Loyal Customer,29,Personal Travel,Eco,239,3,5,0,2,1,0,1,1,3,1,4,4,1,2,0,0,FALSE
Female,Loyal Customer,49,Business Travel,Business,1781,5,5,5,5,3,4,4,4,4,4,4,3,4,4.15,96,113,TRUE
Male,Loyal Customer,28,Business Travel,Business,3324,3,3,3,3,4,4,4,4,5,1,1,5,4,3.38,32,28,TRUE
Female,Disloyal Customer,24,Business Travel,Business,2457,0,4,0,1,0,2,2,3,2,3,4,2,2,1.92,0,0,TRUE
Male,Disloyal Customer,29,Business Travel,Business,110,2,2,2,4,4,2,1,4,3,2,5,3,4,2.92,16,20,FALSE
Male,Loyal Customer,32,Business Travel,Business,733,1,4,4,4,1,1,1,1,2,3,3,3,1,2.23,0,0,FALSE
Female,Loyal Customer,16,Business Travel,Business,761,4,4,4,4,5,5,5,5,3,4,5,4,5,4.38,0,0,TRUE
Male,Loyal Customer,42,Personal Travel,Eco Plus,239,4,1,4,4,2,4,2,2,1,3,3,2,2,2.62,0,0,FALSE
Female,Disloyal Customer,36,Business Travel,Eco,260,2,0,2,5,1,2,4,1,2,5,1,1,1,2.08,28,37,FALSE
Male,Loyal Customer,64,Personal Travel,Eco Plus,347,1,4,1,3,5,1,5,5,3,2,4,5,5,3.38,0,0,FALSE
Male,Loyal Customer,56,Business Travel,Business,406,5,5,5,5,4,2,3,4,4,4,4,2,2,3.77,0,0,TRUE
Male,Loyal Customer,25,Personal Travel,Eco,569,1,4,1,1,2,1,2,2,4,3,5,5,2,2.54,0,11,FALSE
Male,Disloyal Customer,17,Business Travel,Eco,304,2,0,2,4,2,2,2,2,1,5,4,3,2,2.38,41,39,FALSE
Female,Loyal Customer,60,Personal Travel,Eco,926,4,5,3,4,4,5,5,2,2,3,2,4,5,3.69,48,40,FALSE
Female,Loyal Customer,19,Personal Travel,Eco,1546,2,4,2,2,5,2,4,5,5,2,5,3,5,3.54,0,7,FALSE
Male,Loyal Customer,29,Business Travel,Business,697,5,5,5,5,2,2,2,2,3,4,3,4,2,3.38,0,0,TRUE
Male,Loyal Customer,39,Business Travel,Business,1208,2,2,2,2,4,3,3,5,5,5,5,3,2,3.31,0,0,TRUE
Female,Loyal Customer,43,Personal Travel,Eco,321,2,1,2,3,2,2,2,4,4,2,4,1,3,2.46,0,0,FALSE
Female,Loyal Customer,59,Business Travel,Business,3041,3,3,3,3,5,4,5,3,3,2,3,5,3,3.46,0,0,TRUE
Male,Loyal Customer,8,Business Travel,Eco Plus,1185,0,3,0,4,2,0,2,2,4,4,2,4,2,2.23,7,0,TRUE
Female,Loyal Customer,51,Business Travel,Eco,1060,5,1,1,1,3,4,4,5,5,5,5,5,4,3.69,7,3,TRUE
Female,Loyal Customer,39,Business Travel,Business,502,5,5,3,5,5,4,4,4,4,4,4,3,4,4.15,0,0,TRUE
Female,Loyal Customer,26,Business Travel,Business,3604,1,4,4,4,1,1,1,1,3,4,3,2,1,2.31,0,0,FALSE
Female,Loyal Customer,65,Personal Travel,Eco,247,1,5,1,2,5,4,5,4,4,1,4,3,4,3.31,0,0,FALSE
Female,Loyal Customer,45,Business Travel,Business,447,2,2,2,2,2,5,5,4,4,4,4,5,3,3.38,7,0,TRUE
Male,Loyal Customer,58,Business Travel,Business,1960,4,4,4,4,4,4,4,5,5,5,5,3,5,4.31,27,20,TRUE
Male,Loyal Customer,67,Personal Travel,Eco Plus,482,2,5,2,3,2,2,2,2,2,2,3,2,2,2.38,0,0,FALSE
Male,Loyal Customer,51,Business Travel,Eco,86,4,4,4,4,4,4,4,4,4,2,1,2,4,3.46,14,1,TRUE
Male,Loyal Customer,42,Personal Travel,Eco Plus,468,2,5,3,4,5,3,5,5,4,3,5,5,5,4.15,38,34,FALSE
Male,Loyal Customer,26,Business Travel,Business,675,2,2,2,2,2,2,2,2,4,3,3,2,2,2.31,0,0,FALSE
Male,Loyal Customer,46,Business Travel,Business,2799,3,5,2,5,3,4,3,3,3,2,3,3,4,3.31,0,20,FALSE
Male,Loyal Customer,54,Business Travel,Business,3235,2,2,2,2,4,5,5,4,4,4,4,4,3,3.46,108,80,TRUE
Male,Loyal Customer,56,Business Travel,Business,3643,3,3,3,3,4,5,4,5,5,5,5,3,3,3.92,49,36,TRUE
Female,Loyal Customer,32,Business Travel,Eco,114,0,0,0,1,1,0,1,1,4,5,2,3,1,1.46,0,10,TRUE
Female,Loyal Customer,49,Business Travel,Business,2551,3,5,5,5,2,3,3,2,4,3,4,3,3,3.46,123,133,FALSE
Female,Loyal Customer,41,Business Travel,Eco Plus,427,4,4,4,4,2,2,1,4,4,4,4,4,4,3.46,0,0,TRUE
Female,Loyal Customer,24,Business Travel,Eco,447,5,5,5,5,5,5,3,5,2,1,3,5,5,4.15,43,44,TRUE
Male,Disloyal Customer,36,Business Travel,Business,402,4,4,4,4,4,4,2,4,2,4,4,2,4,3.54,2,0,FALSE
Female,Disloyal Customer,38,Business Travel,Business,495,4,4,4,4,3,4,3,3,1,5,4,1,3,3.31,8,34,FALSE
Male,Loyal Customer,48,Personal Travel,Eco,338,0,5,0,3,4,0,3,4,4,4,5,5,4,3.15,0,3,TRUE
Male,Loyal Customer,48,Business Travel,Business,584,1,1,1,1,5,4,3,4,4,4,4,5,5,3.23,0,0,TRUE
Female,Loyal Customer,46,Business Travel,Business,2227,1,1,1,1,5,5,5,5,5,5,5,4,3,3.54,12,12,TRUE
Male,Loyal Customer,67,Personal Travel,Eco,137,4,0,0,5,4,0,4,4,5,5,4,4,4,3.31,0,0,FALSE
Male,Loyal Customer,45,Personal Travel,Eco,1121,4,5,4,2,5,4,5,5,4,3,5,5,5,4.31,0,0,TRUE
Female,Loyal Customer,58,Business Travel,Business,1679,3,2,2,2,4,3,4,3,3,3,3,4,3,3,0,0,FALSE
Female,Disloyal Customer,24,Business Travel,Eco,432,4,0,4,5,2,4,2,2,5,5,4,4,2,3.31,0,0,FALSE
Male,Loyal Customer,18,Personal Travel,Eco,920,5,5,4,3,4,4,4,4,4,5,4,4,4,4.15,0,0,TRUE
Male,Disloyal Customer,43,Business Travel,Business,1916,2,2,2,1,4,2,4,4,4,3,5,5,4,3.23,0,0,FALSE
Female,Loyal Customer,37,Business Travel,Eco,163,4,2,3,2,4,5,4,4,1,4,3,5,4,3.46,11,14,TRUE
Female,Disloyal Customer,38,Business Travel,Eco,363,3,0,3,2,4,3,4,4,3,3,3,4,4,3.08,0,0,FALSE
Female,Loyal Customer,38,Business Travel,Business,3461,0,4,0,2,5,5,5,2,2,2,2,5,5,3,45,36,TRUE
Female,Loyal Customer,56,Business Travel,Business,192,0,4,0,2,5,4,4,4,4,4,4,4,3,3.23,0,0,TRUE
Male,Loyal Customer,48,Business Travel,Business,184,1,1,1,1,5,3,3,5,5,5,3,2,1,2.77,0,0,TRUE
Female,Loyal Customer,53,Business Travel,Business,238,0,0,0,4,3,5,4,1,1,1,1,1,1,1.69,0,0,TRUE
Male,Loyal Customer,68,Personal Travel,Eco Plus,735,3,4,3,4,1,3,1,1,4,3,5,5,1,2.92,0,4,FALSE
Male,Disloyal Customer,27,Business Travel,Business,134,2,1,1,2,2,1,3,2,3,3,4,3,2,2.23,0,0,FALSE
Male,Loyal Customer,36,Personal Travel,Eco,679,2,3,2,4,2,1,5,3,4,3,4,5,5,3.31,133,143,FALSE
Female,Loyal Customer,27,Personal Travel,Eco,257,5,4,5,4,5,5,1,5,4,2,5,3,5,4.08,0,0,TRUE
Male,Loyal Customer,29,Personal Travel,Eco,352,1,5,1,5,3,1,1,3,3,3,5,4,3,2.92,77,70,FALSE
Male,Loyal Customer,19,Personal Travel,Eco,416,2,4,2,4,4,2,4,4,1,1,1,2,4,2.69,0,25,FALSE
Female,Loyal Customer,52,Business Travel,Business,3145,5,5,5,5,3,5,5,2,2,2,2,3,3,3.62,61,45,TRUE
Male,Loyal Customer,29,Personal Travel,Eco Plus,223,4,4,4,4,1,4,1,1,4,1,4,2,1,2.69,0,0,FALSE
Male,Loyal Customer,67,Business Travel,Business,365,3,2,2,2,5,3,4,3,3,3,3,2,4,3,0,7,FALSE
Male,Loyal Customer,10,Personal Travel,Eco,438,1,2,3,3,5,3,5,5,3,4,3,2,5,3.38,0,0,FALSE
Female,Disloyal Customer,26,Business Travel,Eco,577,2,0,2,4,1,2,1,1,2,3,1,1,1,1.62,3,0,FALSE
Female,Loyal Customer,65,Business Travel,Business,2996,1,1,1,1,5,1,1,5,5,5,5,3,3,2.85,16,21,TRUE
Female,Loyal Customer,49,Business Travel,Business,2808,3,3,3,3,3,3,4,5,5,4,5,4,5,3.85,4,27,TRUE
Female,Loyal Customer,27,Business Travel,Business,1620,4,5,4,4,4,4,4,4,3,5,3,4,4,4,52,13,FALSE
Male,Loyal Customer,40,Business Travel,Eco,421,2,4,4,4,2,2,2,2,4,4,3,4,2,3,0,0,FALSE
Female,Loyal Customer,68,Personal Travel,Eco,2342,3,1,3,4,5,4,4,4,4,3,4,4,4,3.62,1,0,FALSE
Male,Loyal Customer,54,Business Travel,Business,1670,4,4,4,4,4,5,5,4,4,4,4,3,3,4,0,0,TRUE
Male,Loyal Customer,40,Personal Travel,Eco Plus,853,1,1,1,2,5,1,5,5,1,1,2,4,5,2.62,20,18,FALSE
Female,Loyal Customer,67,Personal Travel,Eco,216,1,0,1,3,2,4,5,2,2,1,2,3,4,2.31,0,0,FALSE
Female,Loyal Customer,25,Personal Travel,Eco,173,4,5,4,2,3,4,3,3,1,2,1,5,3,3.08,0,0,TRUE
Female,Disloyal Customer,17,Business Travel,Eco,110,1,1,1,3,5,1,5,5,1,3,3,3,5,2.85,0,0,FALSE
Female,Loyal Customer,55,Personal Travel,Eco,460,3,2,3,3,2,2,3,3,3,3,3,1,2,2.54,0,0,FALSE
Female,Loyal Customer,53,Personal Travel,Eco,984,1,4,1,1,4,4,5,2,2,1,2,4,3,2.62,49,34,FALSE
Female,Loyal Customer,51,Business Travel,Business,74,1,1,1,1,5,4,4,1,1,1,1,4,4,2.23,27,25,FALSE
Female,Loyal Customer,44,Personal Travel,Eco,859,3,3,3,1,5,3,2,4,4,3,3,4,4,3.23,0,0,FALSE
Female,Disloyal Customer,21,Business Travel,Business,761,4,0,5,3,5,5,1,5,5,3,4,4,5,3.77,0,0,TRUE
Male,Loyal Customer,19,Personal Travel,Eco,248,4,5,4,4,3,4,3,3,5,5,5,5,3,4.08,19,16,FALSE
Female,Disloyal Customer,24,Business Travel,Business,927,0,0,0,2,5,0,5,5,3,1,3,3,5,2.46,0,0,TRUE
Female,Loyal Customer,57,Business Travel,Business,859,1,1,1,1,2,4,4,1,1,1,1,2,1,1.62,0,0,FALSE
Male,Loyal Customer,39,Business Travel,Business,247,3,3,3,3,1,1,2,4,4,4,4,1,2,2.69,58,57,TRUE
Female,Loyal Customer,36,Personal Travel,Eco,109,4,5,4,2,5,4,5,5,3,2,4,4,5,4,0,0,TRUE
Male,Disloyal Customer,27,Business Travel,Eco,844,1,1,1,2,2,1,2,2,3,4,4,4,2,2.23,0,0,FALSE
Female,Loyal Customer,36,Personal Travel,Eco,236,3,4,3,2,5,3,5,5,5,4,4,2,5,3.85,0,0,FALSE
Male,Loyal Customer,25,Personal Travel,Eco,821,1,4,1,4,2,1,1,2,3,2,3,3,2,2.23,17,3,FALSE
Male,Loyal Customer,18,Business Travel,Business,3389,3,4,4,4,3,3,3,3,3,4,3,1,3,3.15,35,21,FALSE
Female,Loyal Customer,63,Business Travel,Business,838,4,4,2,4,4,5,4,4,4,4,4,5,4,4,1,0,TRUE
Female,Disloyal Customer,26,Business Travel,Business,862,3,2,2,2,3,2,3,3,3,2,5,4,3,2.85,0,0,FALSE
Male,Loyal Customer,24,Personal Travel,Eco,261,1,5,1,1,4,1,3,4,2,4,3,4,4,2.85,0,0,FALSE
Female,Loyal Customer,45,Business Travel,Business,3989,2,2,2,2,1,4,4,2,2,1,2,4,1,2.23,0,0,FALSE
Female,Loyal Customer,23,Business Travel,Business,2560,2,4,4,4,2,2,2,2,2,4,4,2,2,2.77,0,0,FALSE
Female,Disloyal Customer,39,Business Travel,Business,1979,2,2,2,3,1,2,1,1,4,5,4,3,1,2.38,0,0,FALSE
Female,Loyal Customer,48,Personal Travel,Eco,337,2,5,4,2,4,4,5,2,2,4,2,3,3,3.23,0,0,FALSE
Female,Loyal Customer,9,Personal Travel,Eco,746,2,1,3,1,4,3,4,4,4,1,1,3,4,2.69,20,7,FALSE
Female,Loyal Customer,69,Personal Travel,Eco,119,2,5,2,2,2,5,3,2,2,2,2,4,2,2.69,0,0,FALSE
Female,Loyal Customer,60,Business Travel,Business,3130,4,4,4,4,4,5,4,5,5,5,4,3,5,4.31,0,0,TRUE
Male,Loyal Customer,51,Business Travel,Business,2690,5,5,5,5,2,5,4,3,3,3,3,3,4,3.85,0,0,TRUE
Male,Loyal Customer,48,Personal Travel,Eco,2172,1,1,1,1,4,1,4,4,2,3,2,3,4,2.38,0,0,FALSE
Male,Loyal Customer,28,Personal Travel,Eco,507,4,1,4,2,3,4,3,3,2,3,3,1,3,2.77,6,4,FALSE
Female,Loyal Customer,48,Business Travel,Business,2897,4,4,4,4,5,5,4,4,4,4,4,4,3,4.08,7,26,TRUE
Female,Loyal Customer,36,Personal Travel,Eco,859,4,3,3,3,4,3,4,4,2,5,5,4,4,3.69,4,8,FALSE
Male,Disloyal Customer,28,Business Travel,Business,874,5,5,5,5,5,5,2,5,4,5,4,5,5,4.62,7,5,TRUE
Female,Loyal Customer,41,Business Travel,Eco Plus,829,4,1,1,1,1,1,1,4,4,4,4,1,4,2.38,0,5,TRUE
Male,Disloyal Customer,9,Business Travel,Eco,484,2,2,1,4,2,1,2,2,3,4,4,4,2,2.54,0,1,FALSE
Male,Loyal Customer,11,Personal Travel,Eco,678,2,4,3,2,5,3,5,5,5,4,4,4,5,3.92,4,8,FALSE
Female,Loyal Customer,28,Personal Travel,Eco,2419,3,4,3,3,2,3,2,2,3,4,3,5,2,3,0,0,FALSE
Female,Loyal Customer,57,Personal Travel,Eco,1020,2,5,2,1,1,4,2,1,1,2,1,1,2,1.92,0,0,FALSE
Male,Loyal Customer,55,Personal Travel,Eco Plus,1972,3,2,3,2,5,3,5,5,1,3,2,4,5,3.31,1,0,FALSE
Male,Disloyal Customer,13,Business Travel,Eco,721,2,2,2,4,4,2,4,4,1,2,4,3,4,2.92,0,0,FALSE
Male,Loyal Customer,55,Business Travel,Business,3452,4,4,4,4,2,4,4,4,4,4,4,4,3,3.77,0,0,TRUE
Male,Disloyal Customer,39,Business Travel,Eco,1499,4,4,4,4,4,4,4,4,5,4,4,5,4,4.15,0,12,TRUE
Female,Loyal Customer,56,Business Travel,Business,3886,2,2,2,2,3,4,5,4,4,4,4,3,4,3.31,0,0,TRUE
Female,Loyal Customer,48,Business Travel,Business,2079,1,1,1,1,3,5,3,5,5,5,5,1,3,3,0,0,TRUE
Male,Loyal Customer,54,Business Travel,Business,1536,5,5,4,5,2,4,5,4,4,4,4,4,3,4.08,0,0,TRUE
Female,Loyal Customer,43,Business Travel,Business,460,3,3,3,3,5,4,5,4,4,4,4,4,4,3.85,33,28,TRUE
Male,Loyal Customer,15,Personal Travel,Eco Plus,1282,1,4,1,4,3,1,3,3,3,4,3,4,3,2.85,0,0,FALSE
Male,Loyal Customer,19,Business Travel,Business,1121,5,5,5,5,5,5,5,5,3,2,5,3,5,4.46,0,0,TRUE
Male,Loyal Customer,34,Personal Travel,Eco,101,1,3,1,4,2,1,2,2,4,3,4,3,2,2.46,0,0,FALSE
Male,Loyal Customer,56,Business Travel,Business,1481,2,2,2,2,5,4,4,5,5,5,5,4,5,3.85,0,0,TRUE
Male,Loyal Customer,56,Personal Travel,Eco,2583,5,4,5,4,5,5,5,5,4,3,3,2,5,4.23,0,2,TRUE
Male,Loyal Customer,56,Business Travel,Business,1852,2,2,2,2,5,1,4,4,4,5,4,4,1,3.08,66,56,TRUE
Female,Loyal Customer,42,Business Travel,Eco,937,3,2,2,2,1,4,4,3,3,3,3,2,2,2.62,23,24,FALSE
Female,Loyal Customer,45,Business Travel,Eco,1176,4,3,3,3,3,1,4,4,4,4,4,4,3,3.38,61,49,TRUE
Female,Loyal Customer,58,Business Travel,Business,2163,4,3,3,3,2,2,2,4,4,4,4,3,4,3.23,0,0,FALSE
Female,Loyal Customer,52,Business Travel,Business,2654,4,5,4,4,2,4,5,4,4,4,4,5,5,4.15,14,10,TRUE
Male,Disloyal Customer,36,Business Travel,Eco,306,1,1,1,3,3,1,3,3,2,1,4,4,3,2.31,36,20,FALSE
Male,Loyal Customer,42,Business Travel,Business,1797,0,0,0,4,4,4,5,2,2,2,2,5,3,2.54,19,24,TRUE
Female,Loyal Customer,14,Personal Travel,Eco,328,3,4,3,3,5,3,5,5,4,5,5,5,5,4.23,0,0,FALSE
Female,Loyal Customer,49,Personal Travel,Business,306,2,5,2,1,2,5,4,1,1,2,1,5,4,2.69,9,5,FALSE
Female,Loyal Customer,25,Business Travel,Eco,1773,2,5,5,5,2,2,2,2,3,2,4,3,2,3,61,33,FALSE
Female,Loyal Customer,35,Business Travel,Business,2122,3,3,3,3,3,4,1,4,4,4,4,5,2,3.31,0,0,TRUE
Female,Disloyal Customer,23,Business Travel,Eco,204,3,3,4,3,1,4,1,1,1,4,4,2,1,2.46,0,0,FALSE
Male,Loyal Customer,47,Business Travel,Business,67,5,5,4,5,2,4,5,4,4,4,5,3,4,4.15,0,0,TRUE
Male,Loyal Customer,41,Business Travel,Eco,130,4,1,1,1,4,4,4,4,3,1,3,3,4,2.85,51,38,FALSE
Male,Loyal Customer,42,Personal Travel,Eco,1037,4,5,4,1,5,4,5,5,4,4,4,3,5,4.08,0,0,FALSE
Male,Loyal Customer,44,Business Travel,Business,2408,2,5,2,2,5,4,4,5,5,5,5,4,5,4.08,0,2,TRUE
Male,Loyal Customer,42,Personal Travel,Eco,1739,4,5,4,5,5,4,1,5,3,3,3,4,5,3.92,0,49,TRUE
Male,Loyal Customer,47,Business Travel,Eco,438,4,4,4,4,4,4,4,4,2,2,4,1,4,3.46,0,0,FALSE
Female,Loyal Customer,21,Personal Travel,Eco,1249,3,5,3,2,5,3,3,5,5,4,4,5,5,4,81,109,FALSE
Male,Disloyal Customer,30,Business Travel,Eco,883,1,1,1,4,2,1,2,2,2,1,3,3,2,1.92,23,6,FALSE
Female,Loyal Customer,41,Business Travel,Business,2125,2,4,5,4,4,2,3,2,2,2,2,1,3,2.77,19,0,FALSE
Female,Loyal Customer,39,Business Travel,Eco,266,3,1,1,1,3,4,3,3,5,4,3,1,3,2.69,0,0,TRUE
Male,Loyal Customer,26,Personal Travel,Eco,250,3,4,0,4,5,0,5,5,4,5,4,3,5,3.62,27,27,FALSE
Female,Disloyal Customer,29,Business Travel,Eco,636,1,0,1,4,3,1,3,3,5,2,1,5,3,2.46,0,0,FALSE
Female,Loyal Customer,37,Personal Travel,Eco,1005,2,5,2,4,1,2,1,1,5,3,5,3,1,2.69,0,0,FALSE
Female,Loyal Customer,63,Personal Travel,Eco,282,5,5,5,5,2,2,3,1,1,5,1,3,1,3,55,45,TRUE
Female,Loyal Customer,52,Business Travel,Business,1670,5,5,5,5,5,4,4,4,4,5,4,5,5,4.62,0,0,TRUE
Male,Loyal Customer,7,Personal Travel,Eco,1235,3,0,3,3,1,3,1,1,4,4,5,3,1,2.46,0,0,FALSE
Female,Loyal Customer,46,Personal Travel,Eco,868,0,4,0,4,5,1,3,1,1,0,1,2,4,2,0,0,TRUE
Male,Loyal Customer,29,Business Travel,Business,1728,1,1,1,1,5,4,5,5,5,4,5,3,5,3.46,52,36,TRUE
Female,Disloyal Customer,28,Business Travel,Eco,817,1,1,1,5,4,1,4,4,5,2,4,1,4,2.85,0,0,FALSE
Female,Disloyal Customer,29,Business Travel,Eco Plus,1050,1,1,1,3,4,1,4,4,5,1,5,2,4,2.77,0,0,FALSE
Male,Loyal Customer,65,Personal Travel,Eco,669,3,4,4,2,1,4,1,1,3,2,5,4,1,2.69,0,0,FALSE
Female,Loyal Customer,45,Business Travel,Business,3502,5,5,4,5,3,4,4,4,4,5,4,4,3,4.15,93,87,TRUE
Male,Loyal Customer,54,Business Travel,Business,1355,4,4,4,4,5,4,5,5,5,5,5,5,5,4.62,46,53,TRUE
Female,Loyal Customer,36,Business Travel,Business,391,2,2,2,2,3,5,5,4,4,4,4,3,3,3.31,5,0,TRUE
Female,Loyal Customer,53,Business Travel,Business,950,1,0,0,4,4,4,4,3,3,0,3,4,2,2.46,38,37,FALSE
Male,Disloyal Customer,20,Business Travel,Eco,770,2,2,2,2,4,2,5,4,3,2,5,3,4,3.08,5,0,FALSE
Male,Loyal Customer,12,Personal Travel,Eco,240,4,4,0,1,2,0,5,2,4,3,4,4,2,2.69,10,3,TRUE
Female,Loyal Customer,51,Business Travel,Business,446,2,2,2,2,5,4,5,4,4,4,4,3,4,3.46,0,0,TRUE
Male,Loyal Customer,60,Business Travel,Business,1703,2,2,2,2,4,4,5,3,3,3,3,5,4,3.23,26,25,TRUE
Male,Loyal Customer,53,Business Travel,Business,321,4,4,4,4,3,4,4,4,4,5,4,5,5,4.15,0,0,TRUE
Female,Loyal Customer,38,Personal Travel,Eco,237,2,5,2,2,5,2,5,5,5,4,5,4,5,3.92,0,0,FALSE
Male,Loyal Customer,57,Business Travel,Eco,347,5,2,2,2,5,5,5,5,2,5,3,1,5,3.62,0,0,TRUE
Male,Loyal Customer,39,Business Travel,Business,2633,3,3,3,3,1,1,5,5,5,5,5,4,1,3.38,71,75,TRUE
Male,Disloyal Customer,30,Business Travel,Business,2979,1,1,1,2,1,5,3,4,5,3,5,3,3,2.85,0,0,FALSE
Male,Disloyal Customer,26,Business Travel,Business,461,1,1,1,3,2,1,5,2,2,4,4,4,2,2.46,1,0,FALSE
Male,Loyal Customer,37,Personal Travel,Eco,1399,1,5,1,3,3,1,3,3,3,2,5,5,3,2.92,3,0,FALSE
Female,Loyal Customer,58,Business Travel,Business,1558,1,1,1,1,4,5,5,4,4,5,4,5,5,3.46,47,28,TRUE
Female,Loyal Customer,56,Business Travel,Business,1390,3,3,3,3,2,5,5,5,5,4,5,3,4,3.85,0,0,TRUE
Female,Loyal Customer,15,Personal Travel,Eco,719,3,5,3,4,1,3,2,1,4,2,5,4,1,2.92,6,0,FALSE
Female,Loyal Customer,40,Business Travel,Eco,846,4,1,5,1,4,4,4,4,2,3,5,5,4,3.54,0,0,TRUE
Female,Loyal Customer,69,Business Travel,Business,458,5,5,5,5,3,2,4,4,4,4,4,3,4,4,0,0,TRUE
Female,Disloyal Customer,39,Business Travel,Business,399,3,3,3,1,3,3,3,3,2,3,5,1,3,2.77,0,0,FALSE
Female,Loyal Customer,34,Business Travel,Business,2091,2,2,5,2,2,4,3,2,2,2,2,2,3,2.54,0,0,FALSE
Female,Loyal Customer,60,Business Travel,Eco,316,1,2,2,2,5,4,4,1,1,1,1,4,1,2.23,0,0,FALSE
Female,Disloyal Customer,30,Business Travel,Business,763,5,5,5,1,1,5,1,1,3,4,5,5,1,3.23,2,0,TRUE
Female,Loyal Customer,27,Business Travel,Eco Plus,950,3,5,5,5,3,3,3,3,2,5,3,4,3,3.62,57,41,FALSE
Male,Loyal Customer,39,Business Travel,Business,3861,5,5,5,5,5,5,5,3,3,4,3,5,4,4.38,0,0,TRUE
Male,Disloyal Customer,34,Business Travel,Business,1995,3,3,3,5,3,3,3,3,3,2,4,3,3,3.15,0,0,FALSE
Female,Loyal Customer,42,Business Travel,Business,2277,1,1,2,1,4,2,4,5,5,5,5,3,5,3.31,0,2,TRUE
Female,Loyal Customer,58,Business Travel,Business,1979,5,5,5,5,2,3,5,5,5,5,5,3,4,4.38,51,45,TRUE
Male,Loyal Customer,34,Business Travel,Business,1589,4,4,4,4,3,3,4,5,5,5,5,3,5,4.15,0,0,TRUE
Female,Loyal Customer,37,Business Travel,Eco,305,3,1,1,1,3,4,3,3,4,3,2,5,3,2.77,0,0,TRUE
Male,Loyal Customer,38,Business Travel,Business,3996,4,4,4,4,1,3,2,4,4,3,4,4,1,3.23,6,2,TRUE
Male,Loyal Customer,45,Business Travel,Business,469,2,2,2,2,5,5,4,4,4,4,4,3,3,3.38,0,0,TRUE
Female,Loyal Customer,55,Business Travel,Business,2004,3,3,3,3,5,4,5,5,5,5,5,5,5,4.31,0,0,TRUE
Female,Loyal Customer,39,Business Travel,Business,1491,4,4,4,4,4,5,4,5,5,5,5,5,3,4.38,0,0,TRUE
Male,Disloyal Customer,22,Business Travel,Eco,1249,4,4,4,4,2,4,2,2,5,1,5,4,2,3.31,0,0,TRUE
Female,Disloyal Customer,39,Business Travel,Eco,1135,2,2,2,3,1,2,1,1,2,3,3,3,1,2,0,0,FALSE
Male,Disloyal Customer,44,Business Travel,Eco,391,1,3,1,4,3,1,3,3,4,5,4,3,3,2.92,0,0,FALSE
Female,Loyal Customer,24,Business Travel,Business,3216,2,3,3,3,2,2,2,2,5,1,1,2,2,2.31,10,0,FALSE
Male,Loyal Customer,31,Business Travel,Business,3652,1,0,0,3,1,0,1,1,3,5,3,3,1,1.69,0,7,FALSE
Female,Loyal Customer,37,Personal Travel,Eco,500,1,5,1,2,3,1,3,3,5,2,4,5,3,2.92,1,0,FALSE
Male,Loyal Customer,51,Business Travel,Business,1449,3,3,3,3,5,5,4,5,5,5,5,5,3,4.15,0,0,TRUE
Female,Disloyal Customer,48,Business Travel,Eco,214,4,4,4,3,4,4,4,4,5,1,1,2,4,3.38,0,0,TRUE
Male,Loyal Customer,55,Personal Travel,Business,342,5,1,2,3,2,4,3,4,4,4,4,3,3,3.23,138,127,TRUE
Female,Loyal Customer,43,Business Travel,Business,3149,4,4,4,4,3,4,4,4,4,4,4,5,3,3.92,0,0,TRUE
Male,Loyal Customer,53,Business Travel,Business,1635,2,2,2,2,5,4,4,5,5,5,5,4,3,3.69,29,13,TRUE
Male,Loyal Customer,40,Business Travel,Business,1846,3,5,5,5,2,4,4,3,3,3,3,4,2,3.54,0,14,FALSE
Female,Loyal Customer,67,Personal Travel,Eco,594,4,2,5,3,2,3,3,3,3,5,4,4,1,3.23,1,0,FALSE
Female,Loyal Customer,40,Personal Travel,Eco,2174,2,4,1,2,2,1,2,2,4,5,5,5,2,2.85,0,0,FALSE
Female,Disloyal Customer,24,Business Travel,Business,828,0,0,1,2,5,1,5,5,3,1,4,3,5,2.69,0,0,TRUE
Female,Loyal Customer,37,Personal Travel,Eco,150,1,4,1,3,4,1,4,4,4,2,4,3,4,3,49,109,FALSE
Male,Loyal Customer,39,Business Travel,Eco Plus,925,3,2,2,2,3,5,3,3,3,1,2,2,3,2.62,92,75,TRUE
Female,Loyal Customer,41,Personal Travel,Eco,1009,3,4,3,4,5,3,5,5,5,5,5,3,5,4.23,0,3,FALSE
Male,Loyal Customer,57,Personal Travel,Eco,319,4,3,4,5,1,4,1,1,1,4,1,4,1,2.62,49,45,FALSE
Male,Loyal Customer,35,Personal Travel,Eco,994,3,5,3,3,2,3,2,2,5,3,5,4,2,3.23,66,35,FALSE
Male,Loyal Customer,41,Personal Travel,Eco,397,3,5,3,4,1,3,1,1,4,2,4,5,1,2.85,0,0,FALSE
Male,Loyal Customer,30,Personal Travel,Eco,682,2,2,2,3,1,2,5,1,3,4,3,4,1,2.54,61,63,FALSE
Female,Loyal Customer,55,Business Travel,Business,2147,2,2,2,2,3,4,5,4,4,4,4,5,4,3.46,0,0,TRUE
Male,Loyal Customer,57,Business Travel,Business,2009,3,3,3,3,2,2,2,5,5,5,4,4,4,3.46,29,26,TRUE
Female,Disloyal Customer,47,Business Travel,Eco,266,2,0,3,4,5,3,4,5,1,1,5,3,5,3.15,1,0,FALSE
Female,Loyal Customer,36,Business Travel,Eco,1476,2,5,5,5,2,2,2,2,1,4,5,1,2,2.92,0,0,TRUE
Female,Loyal Customer,49,Personal Travel,Eco,144,1,1,1,3,4,2,3,3,3,1,3,2,1,2.15,65,77,FALSE
Male,Disloyal Customer,55,Business Travel,Business,1576,5,5,5,1,2,5,2,2,4,4,5,4,2,3.54,0,0,TRUE
Female,Disloyal Customer,37,Business Travel,Business,1371,4,5,5,3,3,5,4,3,4,3,4,3,3,3.77,46,,TRUE
Male,Loyal Customer,42,Business Travel,Business,2521,5,5,1,5,5,5,5,3,4,5,4,5,5,4.38,0,6,TRUE
Male,Loyal Customer,42,Business Travel,Business,3463,2,2,2,2,4,4,4,3,4,4,4,4,4,3.31,184,175,TRUE
Female,Loyal Customer,49,Business Travel,Eco,268,2,5,5,5,1,3,3,2,2,2,2,1,2,2.69,6,0,FALSE
Male,Loyal Customer,36,Business Travel,Business,1299,2,2,2,2,5,4,5,5,5,5,5,3,5,3.85,45,29,TRUE
Male,Disloyal Customer,25,Business Travel,Eco,1045,3,2,2,3,5,2,5,5,2,2,3,1,5,3.08,0,0,FALSE
Female,Loyal Customer,35,Business Travel,Eco,1091,5,2,2,2,5,5,5,5,1,3,3,4,5,3.62,0,0,TRUE
Male,Loyal Customer,47,Business Travel,Business,3250,3,3,2,3,4,5,5,4,4,4,4,5,5,3.92,0,9,TRUE
Male,Loyal Customer,39,Business Travel,Business,3337,3,3,3,3,3,3,5,5,5,4,5,1,5,3.69,0,0,TRUE
Female,Loyal Customer,42,Business Travel,Business,1399,1,1,1,1,3,4,5,4,4,5,4,4,3,3.08,0,0,TRUE
Male,Loyal Customer,59,Personal Travel,Eco,191,1,4,1,4,5,1,5,5,1,1,3,1,5,2.85,7,0,FALSE
Female,Loyal Customer,39,Business Travel,Business,2923,3,5,4,5,4,3,3,2,2,2,3,3,4,3.31,0,6,FALSE
Female,Loyal Customer,39,Business Travel,Business,2838,4,4,4,4,2,1,5,4,4,4,4,1,3,3.38,0,0,TRUE
Female,Loyal Customer,36,Business Travel,Business,3169,1,1,1,1,4,2,5,4,4,4,4,5,2,2.92,0,0,TRUE
Female,Loyal Customer,36,Business Travel,Business,3065,4,4,4,4,2,1,2,4,4,4,4,4,3,3.38,0,27,TRUE
Male,Loyal Customer,15,Business Travel,Business,337,5,5,5,5,5,5,5,5,4,1,3,1,5,4.15,0,0,TRUE
Male,Disloyal Customer,37,Business Travel,Business,1086,2,2,2,3,1,2,2,1,4,5,4,3,1,2.46,12,0,FALSE
Female,Loyal Customer,48,Business Travel,Eco,950,1,3,3,3,1,4,4,1,1,1,1,1,1,1.92,78,65,FALSE
Female,Loyal Customer,39,Business Travel,Business,2853,3,1,1,1,4,4,3,3,3,3,3,3,3,2.69,9,15,FALSE
Female,Loyal Customer,45,Business Travel,Eco,1670,4,2,2,2,3,4,4,4,4,4,4,4,4,3.46,0,0,FALSE
Male,Loyal Customer,46,Business Travel,Business,802,4,4,4,4,4,4,5,4,4,4,4,4,4,4.08,0,0,TRUE
Female,Loyal Customer,43,Business Travel,Business,1072,4,4,4,4,4,4,4,4,4,4,4,3,4,3.92,37,12,TRUE
Female,Loyal Customer,55,Business Travel,Eco,250,4,5,5,5,1,1,1,4,4,4,4,5,2,3.46,6,0,TRUE
Female,Loyal Customer,28,Business Travel,Eco,641,2,4,4,4,2,2,2,2,1,3,3,2,2,2.54,12,21,FALSE
Female,Loyal Customer,50,Personal Travel,Business,516,2,3,2,3,2,4,4,4,4,2,4,3,2,3,0,0,FALSE
Male,Disloyal Customer,8,Business Travel,Eco,2342,3,3,3,3,2,3,2,2,1,4,2,3,2,2.54,0,0,FALSE
Male,Loyal Customer,26,Business Travel,Business,2640,4,4,4,4,5,5,5,5,5,4,3,2,5,4.23,16,44,TRUE
Male,Loyal Customer,15,Personal Travel,Eco,785,1,5,1,5,1,1,4,1,5,5,4,5,1,3,0,0,FALSE
Female,Loyal Customer,36,Business Travel,Eco,334,5,1,1,1,5,5,5,5,3,3,2,4,5,3.46,5,0,TRUE
Female,Disloyal Customer,68,Business Travel,Eco,251,3,2,3,3,3,3,2,3,2,2,3,3,3,2.69,0,0,FALSE
Male,Loyal Customer,46,Business Travel,Business,1572,1,1,1,1,4,5,4,4,4,4,4,5,3,3.15,0,0,TRUE
Male,Loyal Customer,42,Business Travel,Business,2476,3,3,3,3,3,5,4,4,4,4,4,3,5,3.69,27,44,TRUE
Male,Disloyal Customer,49,Business Travel,Eco,264,4,1,4,4,5,4,4,5,1,3,3,1,5,3.38,51,51,FALSE
Female,Disloyal Customer,26,Business Travel,Eco,562,4,4,4,3,2,4,2,2,1,2,4,2,2,2.77,17,15,FALSE
Male,Loyal Customer,48,Business Travel,Business,1947,4,4,4,4,3,4,5,5,5,5,5,4,4,4.31,10,2,TRUE
Female,Loyal Customer,61,Business Travel,Eco,255,4,3,3,3,3,1,1,4,4,4,4,2,3,3,18,7,TRUE
Male,Disloyal Customer,36,Business Travel,Eco,1028,2,2,2,3,2,2,2,2,3,2,3,4,2,2.38,0,0,FALSE
Male,Loyal Customer,20,Personal Travel,Eco,147,3,5,3,3,2,3,2,2,3,5,5,5,2,3.31,0,0,FALSE
Male,Loyal Customer,41,Business Travel,Business,1572,4,4,4,4,5,5,5,4,4,4,4,3,5,4.23,3,1,TRUE
Male,Loyal Customer,60,Personal Travel,Eco,2586,3,5,3,2,2,3,2,2,5,3,4,4,2,3.08,0,0,FALSE
Male,Disloyal Customer,36,Business Travel,Business,247,2,2,2,2,4,2,4,4,3,4,5,4,4,3.23,15,32,FALSE
Male,Loyal Customer,46,Business Travel,Business,1172,3,3,3,3,2,5,4,5,5,5,5,5,4,4,0,26,TRUE
Female,Loyal Customer,47,Personal Travel,Eco,421,3,3,3,3,2,3,3,5,5,3,5,3,3,3.38,0,0,FALSE
Male,Loyal Customer,39,Business Travel,Eco,612,4,5,2,5,4,4,4,4,5,3,3,3,4,3.85,0,3,TRUE
Male,Loyal Customer,38,Business Travel,Business,265,5,5,5,5,2,4,5,4,4,4,4,4,4,4.23,0,0,TRUE
Male,Loyal Customer,24,Personal Travel,Eco Plus,762,3,4,3,2,3,3,3,3,4,4,5,5,3,3.46,0,0,FALSE
Male,Loyal Customer,19,Personal Travel,Eco,236,3,3,0,3,1,0,1,1,2,3,4,2,1,1.85,0,0,FALSE
Female,Loyal Customer,14,Personal Travel,Eco,2077,4,0,4,3,3,4,3,3,5,2,5,4,3,3.31,0,14,FALSE
Male,Disloyal Customer,18,Business Travel,Eco,502,1,2,1,3,1,4,4,3,1,4,3,4,4,2.69,148,155,FALSE
Male,Loyal Customer,52,Business Travel,Business,430,2,1,1,1,3,3,4,2,2,2,2,4,1,2.15,124,108,FALSE
Male,Disloyal Customer,21,Business Travel,Eco,628,2,4,2,4,1,2,1,1,1,4,1,4,1,2.15,0,5,FALSE
Female,Loyal Customer,40,Business Travel,Business,920,1,1,1,1,2,5,4,4,4,4,4,5,5,3.15,10,3,TRUE
Male,Loyal Customer,20,Personal Travel,Business,2677,5,2,5,3,5,5,5,3,3,2,2,5,5,3.85,7,53,TRUE
Male,Disloyal Customer,37,Business Travel,Business,144,4,4,4,5,1,4,1,1,4,5,5,3,1,3.23,0,0,TRUE
Male,Loyal Customer,64,Personal Travel,Eco Plus,301,2,3,2,3,5,2,5,5,3,2,3,4,5,3.38,0,0,FALSE
Male,Loyal Customer,57,Business Travel,Business,2079,4,1,1,1,2,4,3,4,4,4,4,4,4,3.08,30,13,FALSE
Male,Disloyal Customer,55,Business Travel,Eco,154,1,1,2,2,1,2,1,1,3,2,1,2,1,1.54,13,22,FALSE
Female,Loyal Customer,55,Business Travel,Business,3151,3,3,3,3,4,5,5,4,4,4,5,5,3,3.92,0,0,TRUE
Female,Loyal Customer,26,Business Travel,Business,3717,2,2,4,2,4,4,4,4,5,3,4,5,4,3.62,13,17,TRUE
Male,Loyal Customer,35,Personal Travel,Eco,1431,4,5,4,5,5,4,5,5,5,5,4,4,5,4.62,107,97,FALSE
Male,Loyal Customer,32,Business Travel,Business,872,3,3,3,3,4,4,4,4,1,1,5,1,4,3.08,0,0,TRUE
Female,Loyal Customer,61,Business Travel,Eco,187,2,4,4,4,5,4,3,2,2,2,2,2,4,3.08,0,0,FALSE
Female,Loyal Customer,32,Business Travel,Business,562,2,2,2,2,4,4,4,4,5,4,5,4,4,3.54,0,0,TRUE
Male,Loyal Customer,53,Personal Travel,Eco,580,3,1,3,4,5,3,5,5,4,1,4,2,5,3.46,50,49,FALSE
Male,Loyal Customer,40,Business Travel,Business,1979,2,2,2,2,5,5,5,2,2,2,2,4,3,2.92,4,0,TRUE
Female,Loyal Customer,50,Business Travel,Business,1825,1,1,1,1,4,1,5,5,5,5,3,3,4,3,0,0,TRUE
Female,Loyal Customer,54,Personal Travel,Eco,209,1,2,1,3,3,4,3,5,5,1,5,4,2,3,26,19,FALSE
Female,Loyal Customer,30,Business Travel,Business,3563,5,5,5,5,4,4,4,4,4,2,4,5,4,4.23,0,20,TRUE
Male,Loyal Customer,34,Business Travel,Business,2010,1,1,1,1,1,3,3,1,1,1,1,2,3,1.54,8,0,FALSE
Female,Disloyal Customer,27,Business Travel,Business,1389,3,3,3,3,4,3,4,4,5,3,5,3,4,3.62,0,0,FALSE
Female,Loyal Customer,68,Personal Travel,Business,175,4,3,4,5,4,1,4,3,3,4,5,4,3,3.62,0,1,FALSE
Female,Loyal Customer,40,Personal Travel,Eco,628,2,4,2,5,4,2,4,4,4,5,4,5,4,3.77,0,0,FALSE
Female,Loyal Customer,46,Business Travel,Business,1635,1,1,3,1,5,5,4,4,4,4,4,5,4,3.46,16,0,TRUE
Male,Loyal Customer,15,Business Travel,Business,3300,5,1,5,5,4,4,4,4,3,3,5,5,4,4,0,0,TRUE
Male,Loyal Customer,38,Business Travel,Eco,404,3,4,4,4,3,4,3,3,2,5,5,2,3,3.46,1,14,TRUE
Male,Loyal Customer,53,Business Travel,Eco,1065,4,5,5,5,3,4,3,3,5,1,2,2,3,3.46,0,4,TRUE
Male,Loyal Customer,25,Business Travel,Business,250,2,3,3,3,2,2,2,2,3,1,4,1,2,2.31,0,0,FALSE
Male,Loyal Customer,11,Personal Travel,Business,1184,3,5,3,3,4,3,4,4,3,4,5,5,4,3.85,0,0,FALSE
Male,Loyal Customer,42,Business Travel,Business,2979,2,2,2,2,2,4,5,5,5,5,5,3,5,3.62,0,0,TRUE
Female,Loyal Customer,42,Business Travel,Eco Plus,403,4,1,1,1,1,5,2,4,4,4,4,3,2,2.77,50,72,TRUE
Male,Loyal Customer,39,Business Travel,Eco,985,2,3,3,3,2,2,2,2,2,2,2,3,2,2.31,21,29,FALSE
Female,Loyal Customer,70,Personal Travel,Eco,1085,2,4,2,3,3,5,4,1,1,2,2,5,4,2.92,0,0,FALSE
Female,Loyal Customer,55,Business Travel,Eco,378,4,2,2,2,3,3,2,4,4,4,4,5,3,3.23,0,0,TRUE
Male,Loyal Customer,32,Business Travel,Business,2515,2,2,2,2,5,5,5,5,3,5,5,3,5,3.77,3,5,TRUE
Female,Loyal Customer,12,Personal Travel,Eco Plus,247,3,2,3,3,1,3,1,1,4,5,4,3,1,2.62,11,13,FALSE
Female,Loyal Customer,33,Business Travel,Business,1966,5,5,4,5,4,4,5,4,4,4,4,4,4,4.31,10,10,TRUE
Female,Disloyal Customer,27,Business Travel,Eco,1448,2,3,3,4,2,2,2,2,1,2,4,1,2,2.31,0,0,FALSE
Female,Loyal Customer,30,Business Travel,Business,834,2,1,5,1,2,2,2,2,2,3,3,3,2,2.31,44,77,FALSE
Female,Loyal Customer,32,Personal Travel,Eco,933,3,3,3,4,1,3,1,1,2,2,4,4,1,2.46,0,0,FALSE
Male,Disloyal Customer,20,Business Travel,Business,1222,5,4,5,2,1,5,5,1,3,3,4,4,1,3.31,5,15,TRUE
Male,Loyal Customer,42,Business Travel,Business,669,1,1,1,1,3,5,5,4,4,4,4,3,5,3.15,0,0,TRUE
Male,Loyal Customer,43,Business Travel,Business,773,3,4,3,3,3,5,4,5,5,5,5,4,4,4.08,15,18,TRUE
Male,Loyal Customer,38,Personal Travel,Eco,1471,3,4,3,2,3,3,3,3,3,4,4,5,3,3.31,0,0,FALSE
Male,Loyal Customer,28,Personal Travel,Eco,882,3,5,3,3,4,3,3,4,4,5,5,4,4,3.85,62,66,FALSE
Female,Loyal Customer,36,Personal Travel,Eco,867,2,3,2,1,4,2,4,4,4,5,2,3,4,3.08,0,6,FALSE
Female,Loyal Customer,43,Business Travel,Business,997,4,3,4,4,4,5,4,3,3,3,3,3,4,3.62,0,0,TRUE
Female,Loyal Customer,60,Personal Travel,Eco,834,4,2,4,3,5,3,4,4,4,4,4,2,4,3.62,0,0,FALSE
Female,Loyal Customer,46,Business Travel,Business,1846,2,2,2,2,2,4,5,4,4,4,4,4,3,3.23,80,73,TRUE
Female,Loyal Customer,40,Personal Travel,Eco,1282,2,4,1,1,2,1,2,2,3,3,5,5,2,2.54,19,2,FALSE
Female,Loyal Customer,55,Personal Travel,Business,990,4,4,4,2,4,4,4,4,4,4,4,4,5,3.92,0,1,FALSE
Male,Loyal Customer,45,Personal Travel,Business,679,1,4,1,3,3,4,4,3,3,1,3,1,1,2.46,0,0,FALSE
Female,Disloyal Customer,24,Business Travel,Eco,319,2,2,2,4,2,2,2,2,1,5,4,1,2,2.38,17,16,FALSE
Female,Loyal Customer,43,Business Travel,Business,2232,2,2,2,2,4,4,4,5,5,5,5,4,5,3.77,0,0,TRUE
Female,Loyal Customer,47,Business Travel,Business,2886,4,4,4,4,3,4,4,5,5,5,5,5,3,4.23,0,0,TRUE
Female,Loyal Customer,46,Business Travel,Business,2240,2,2,2,2,3,4,4,4,4,4,4,4,5,3.38,0,0,TRUE
Female,Disloyal Customer,12,Business Travel,Business,562,3,2,3,3,2,3,2,2,3,4,3,3,2,2.69,11,25,FALSE
Female,Loyal Customer,33,Personal Travel,Eco,821,3,3,4,4,4,4,4,4,4,5,3,3,4,3.77,0,0,FALSE
Female,Loyal Customer,47,Business Travel,Business,190,1,1,1,1,2,1,1,5,5,5,4,1,4,2.46,0,0,TRUE
Male,Loyal Customer,45,Business Travel,Eco,257,4,3,3,3,3,4,3,3,1,3,3,3,3,3,1,5,TRUE
Female,Loyal Customer,44,Business Travel,Eco,438,5,1,2,1,4,5,5,5,5,5,5,5,3,3.92,0,0,TRUE
Male,Loyal Customer,16,Personal Travel,Eco,967,1,2,1,4,1,1,1,1,2,2,4,3,1,1.85,0,0,FALSE
Female,Loyal Customer,44,Business Travel,Business,2521,5,5,5,5,5,4,4,5,5,5,5,4,3,4.62,37,47,TRUE
Male,Loyal Customer,42,Business Travel,Business,641,5,5,5,5,2,5,4,5,5,5,5,4,4,4.54,0,0,TRUE
Female,Loyal Customer,33,Business Travel,Business,772,4,4,2,4,2,5,4,4,4,4,4,4,3,3.69,0,0,TRUE
Male,Loyal Customer,44,Business Travel,Business,312,3,3,5,3,3,5,5,5,5,5,5,3,3,4.08,0,0,TRUE
Male,Loyal Customer,61,Personal Travel,Eco,432,3,1,3,1,5,3,5,5,3,5,2,4,5,3.46,0,0,FALSE
Female,Loyal Customer,53,Business Travel,Eco Plus,404,3,5,4,5,1,3,3,3,3,3,3,1,2,3,18,37,FALSE
Male,Loyal Customer,55,Business Travel,Eco,643,4,3,4,3,4,4,4,4,4,2,1,5,4,3.54,1,1,TRUE
Male,Loyal Customer,47,Personal Travel,Eco,406,3,4,3,5,4,3,4,4,3,2,5,2,4,3.54,0,0,FALSE
Male,Loyal Customer,49,Business Travel,Business,236,1,1,1,1,5,5,5,4,4,5,4,3,3,3.23,0,0,TRUE
Female,Loyal Customer,58,Business Travel,Business,2249,5,5,5,5,5,5,5,4,4,4,4,4,4,4.54,13,8,TRUE
Male,Loyal Customer,38,Business Travel,Eco,647,2,3,3,3,2,2,2,2,2,5,3,1,2,2.46,0,0,FALSE
Female,Loyal Customer,42,Business Travel,Business,404,2,2,3,2,4,5,4,3,3,4,3,3,5,3.31,0,0,TRUE
Female,Loyal Customer,12,Personal Travel,Eco,2504,4,5,5,3,5,5,5,5,3,2,5,4,5,4.31,1,0,FALSE
Female,Disloyal Customer,49,Business Travel,Eco,1192,3,3,3,3,4,3,4,4,2,2,3,1,4,3,11,18,FALSE
Male,Loyal Customer,44,Personal Travel,Eco,1979,3,3,3,4,3,3,3,5,5,4,5,3,3,3.62,164,152,FALSE
Female,Loyal Customer,48,Business Travel,Business,3895,3,5,5,5,5,4,4,3,3,3,3,3,4,3.85,13,18,FALSE
Female,Loyal Customer,24,Business Travel,Eco,257,3,1,1,1,3,3,4,3,3,2,3,4,3,2.62,0,0,FALSE
Female,Disloyal Customer,64,Personal Travel,Eco,239,1,5,1,3,3,1,3,3,4,4,5,4,3,3.08,0,0,FALSE
Female,Loyal Customer,30,Business Travel,Eco Plus,152,3,1,4,4,3,3,3,3,3,1,4,2,3,2.85,0,0,FALSE
Female,Disloyal Customer,22,Business Travel,Business,1129,0,0,0,3,5,0,5,5,3,2,5,5,5,2.92,50,36,TRUE
Female,Loyal Customer,15,Business Travel,Business,2152,3,4,4,4,3,3,3,3,2,5,4,4,3,3.46,12,6,FALSE
Male,Loyal Customer,29,Business Travel,Eco,1846,2,1,1,1,2,2,2,2,3,2,2,3,2,1.92,0,4,FALSE
Female,Loyal Customer,59,Business Travel,Business,746,1,1,1,1,4,4,4,4,4,4,4,5,3,3.08,53,63,TRUE
Female,Loyal Customer,31,Business Travel,Business,369,1,5,5,5,1,1,1,1,3,3,3,3,1,2.54,0,0,FALSE
Female,Loyal Customer,30,Business Travel,Business,1797,4,3,3,3,4,4,4,4,3,3,4,3,4,3.54,0,0,FALSE
Female,Loyal Customer,57,Business Travel,Business,2454,2,2,2,2,5,4,4,4,4,4,4,3,4,3.38,9,0,TRUE
Male,Loyal Customer,40,Business Travel,Business,1491,3,3,3,3,4,4,4,4,4,4,4,4,3,3.62,36,11,TRUE
Male,Disloyal Customer,25,Business Travel,Business,602,1,5,1,5,4,1,4,4,5,4,5,5,4,3.69,50,37,FALSE
Female,Loyal Customer,57,Business Travel,Business,2765,5,5,5,5,4,5,5,4,4,4,4,5,4,4.54,0,1,TRUE
Female,Loyal Customer,42,Personal Travel,Eco,1438,4,4,4,1,3,4,5,1,1,4,1,5,3,3.08,0,0,FALSE
Male,Loyal Customer,44,Business Travel,Business,2596,4,3,4,4,2,5,4,4,4,4,4,5,3,3.85,0,6,TRUE
Female,Loyal Customer,45,Personal Travel,Eco,1481,2,2,2,2,1,3,2,1,1,2,1,4,1,1.85,0,0,FALSE
Female,Loyal Customer,43,Business Travel,Business,1956,2,2,4,2,5,5,5,4,4,4,4,4,5,3.85,6,0,TRUE
Female,Loyal Customer,18,Personal Travel,Eco,761,2,4,2,1,5,2,5,5,3,4,5,3,5,3.54,0,0,FALSE
Female,Loyal Customer,31,Personal Travel,Eco,200,3,2,3,4,2,3,2,2,4,1,3,3,2,2.62,0,0,FALSE
Male,Loyal Customer,18,Personal Travel,Business,183,4,4,4,3,1,4,1,1,4,4,5,3,1,3,0,0,FALSE
Female,Loyal Customer,40,Business Travel,Business,199,2,3,5,3,4,3,3,2,2,3,2,1,3,2.77,0,0,FALSE
Male,Loyal Customer,32,Personal Travel,Eco,297,1,4,2,3,1,2,1,1,5,5,5,3,1,2.62,20,24,FALSE
Female,Loyal Customer,49,Business Travel,Business,825,3,3,4,3,5,4,5,4,4,4,4,4,4,3.92,0,0,TRUE
Male,Loyal Customer,46,Business Travel,Business,1603,2,2,2,2,3,4,4,4,4,4,4,5,5,3.46,4,0,TRUE
Male,Loyal Customer,68,Business Travel,Business,325,0,0,0,1,4,4,4,1,1,1,1,5,5,2.08,81,76,TRUE
Female,Disloyal Customer,26,Business Travel,Eco,342,1,2,1,3,3,1,3,3,4,4,2,3,3,2.54,9,0,FALSE
Male,Loyal Customer,41,Business Travel,Eco Plus,258,3,3,3,3,3,3,3,3,2,3,1,4,3,2.85,0,0,TRUE
Female,Loyal Customer,42,Personal Travel,Eco,1055,4,4,4,2,5,4,5,4,4,4,4,3,3,3.85,0,0,FALSE
Female,Loyal Customer,30,Business Travel,Business,1020,2,2,2,2,4,4,4,4,3,4,4,5,4,3.38,0,3,TRUE
Male,Loyal Customer,48,Business Travel,Business,101,3,5,5,5,2,4,3,1,1,1,3,2,2,2.85,0,0,FALSE
Female,Loyal Customer,32,Business Travel,Business,3758,1,1,1,1,4,4,4,4,3,2,5,4,4,2.92,0,0,TRUE
Female,Disloyal Customer,54,Personal Travel,Eco,1986,3,5,3,1,1,3,1,1,4,2,1,2,1,2.15,41,41,FALSE
Male,Loyal Customer,13,Personal Travel,Eco,226,2,3,2,3,2,2,2,2,4,1,1,4,2,2.31,4,0,FALSE
Male,Loyal Customer,21,Personal Travel,Eco,479,3,2,3,4,1,3,1,1,1,2,4,3,1,2.23,0,0,FALSE
Female,Loyal Customer,52,Business Travel,Business,387,5,5,3,5,2,1,1,5,5,5,5,2,5,3.77,24,15,TRUE
Male,Loyal Customer,51,Business Travel,Business,1928,4,4,4,4,3,4,4,4,4,4,4,4,3,3.85,0,0,TRUE
Female,Loyal Customer,29,Business Travel,Business,1144,4,4,4,4,4,4,4,4,3,2,5,4,4,3.85,0,3,TRUE
Male,Loyal Customer,39,Business Travel,Eco,308,5,2,2,2,5,5,5,5,3,5,1,2,5,3.62,0,3,TRUE
Female,Loyal Customer,58,Personal Travel,Eco,370,5,2,5,3,3,2,3,3,3,5,3,1,3,3.15,9,0,TRUE
Male,Loyal Customer,48,Personal Travel,Business,1066,2,5,1,1,3,4,4,5,5,1,5,5,5,3.54,8,21,FALSE
Male,Loyal Customer,25,Business Travel,Business,3048,2,2,2,2,5,5,5,5,4,5,4,3,5,3.77,0,0,TRUE
Male,Loyal Customer,45,Business Travel,Business,1889,5,5,5,5,3,3,1,4,4,4,4,4,3,3.85,0,0,TRUE
Male,Disloyal Customer,22,Business Travel,Eco,479,3,0,4,2,1,4,2,1,3,5,4,3,1,2.54,22,14,FALSE
Female,Loyal Customer,60,Business Travel,Business,247,2,2,2,2,3,5,5,4,4,4,4,5,5,3.62,27,14,TRUE
Female,Loyal Customer,40,Business Travel,Business,2248,1,1,1,1,3,4,5,4,4,4,4,3,5,3.08,0,0,TRUE
Female,Loyal Customer,18,Personal Travel,Eco,403,1,5,4,3,1,4,1,1,5,4,4,3,1,2.85,18,24,FALSE
Male,Loyal Customer,40,Business Travel,Business,1482,4,4,3,4,3,4,5,4,4,4,4,5,3,3.92,5,0,TRUE
Male,Loyal Customer,67,Personal Travel,Eco,1744,2,5,2,4,2,2,2,2,5,3,3,4,2,2.92,0,0,FALSE
Female,Loyal Customer,68,Personal Travel,Business,804,4,2,4,3,1,3,3,4,4,4,4,1,4,3.15,0,0,TRUE
Female,Loyal Customer,19,Business Travel,Business,2538,1,2,2,2,1,1,1,1,4,5,3,2,1,2,2,3,FALSE
Female,Loyal Customer,54,Business Travel,Business,2176,2,2,4,2,2,3,5,4,4,4,4,3,4,3.31,100,124,TRUE
Female,Loyal Customer,67,Business Travel,Business,2871,2,3,3,3,2,3,2,2,2,3,2,2,1,2.31,4,0,FALSE
Male,Disloyal Customer,27,Business Travel,Eco,315,2,2,2,2,4,2,4,4,1,3,2,2,4,2.62,29,27,FALSE
Male,Loyal Customer,45,Business Travel,Business,2342,4,4,3,4,4,5,4,4,4,4,4,3,4,3.92,0,0,TRUE
Male,Loyal Customer,26,Business Travel,Business,2496,1,1,1,1,5,5,5,5,3,4,3,1,5,3.08,0,0,TRUE
Female,Disloyal Customer,26,Business Travel,Business,2521,3,3,3,4,3,1,1,3,3,4,4,1,1,2.62,30,84,FALSE
Male,Disloyal Customer,27,Business Travel,Business,323,3,3,3,4,3,5,5,4,4,4,5,5,5,4.08,163,173,FALSE
Male,Loyal Customer,47,Business Travel,Eco,721,4,3,3,3,4,4,4,4,3,3,5,5,4,3.77,0,0,TRUE
Male,Loyal Customer,21,Personal Travel,Eco,723,2,2,2,4,4,2,3,4,4,1,4,2,4,2.92,0,0,FALSE
Male,Loyal Customer,40,Personal Travel,Eco,546,2,4,2,5,4,2,4,4,5,3,1,5,4,3.46,4,0,FALSE
Female,Loyal Customer,50,Personal Travel,Eco,226,3,5,3,1,5,4,5,5,5,3,5,5,3,4,19,14,FALSE
Female,Loyal Customer,37,Personal Travel,Eco Plus,337,3,5,3,4,2,3,1,2,3,2,4,5,2,3,10,3,FALSE
Male,Loyal Customer,48,Business Travel,Eco,481,1,5,5,5,2,1,2,2,1,3,3,4,2,2.77,0,0,FALSE
Female,Loyal Customer,51,Personal Travel,Eco Plus,669,3,5,3,2,3,5,4,5,5,3,5,4,3,3.85,0,0,FALSE
Female,Loyal Customer,47,Business Travel,Eco,2349,4,4,4,4,3,5,5,4,4,4,4,5,2,4,0,0,TRUE
Female,Loyal Customer,43,Business Travel,Business,1590,1,1,1,1,4,4,5,4,4,4,4,4,3,3.08,3,0,TRUE
Male,Disloyal Customer,23,Business Travel,Eco,163,3,0,3,2,1,3,1,1,3,3,3,3,1,2.08,42,44,FALSE
Male,Loyal Customer,52,Personal Travel,Eco,1199,3,3,3,3,2,3,2,2,3,5,4,3,2,2.92,40,50,FALSE
Female,Loyal Customer,67,Personal Travel,Eco,967,4,4,4,3,3,4,4,4,4,4,4,4,4,3.85,11,7,FALSE
Male,Disloyal Customer,30,Business Travel,Eco,762,1,1,1,4,3,1,3,3,2,5,3,4,3,2.62,0,0,FALSE
Female,Loyal Customer,42,Personal Travel,Eco,1091,3,4,3,3,1,3,4,2,2,3,2,1,3,2.62,64,48,FALSE
Male,Loyal Customer,15,Personal Travel,Eco,1315,2,5,2,1,1,2,5,1,3,4,5,5,1,2.85,14,0,FALSE
Female,Loyal Customer,56,Business Travel,Business,461,1,4,4,4,1,4,4,1,1,1,1,3,4,2.54,0,0,FALSE
Female,Loyal Customer,12,Personal Travel,Eco,1243,5,5,5,2,4,5,4,4,5,5,3,3,4,4.15,10,0,TRUE
Male,Loyal Customer,36,Business Travel,Business,425,1,1,1,1,3,5,5,5,5,5,5,2,3,3.23,0,0,TRUE
Male,Loyal Customer,40,Business Travel,Business,2907,4,4,5,4,4,3,3,5,2,3,3,3,3,3.54,392,381,TRUE
Female,Disloyal Customer,40,Business Travel,Business,308,4,5,5,3,2,5,2,2,4,5,3,3,2,3.46,0,0,FALSE
Female,Loyal Customer,50,Business Travel,Eco,1045,2,5,5,5,4,3,3,2,2,2,2,3,2,3.08,0,0,FALSE
Male,Loyal Customer,36,Personal Travel,Eco,312,1,4,1,2,4,1,5,4,5,5,5,4,4,3.46,0,0,FALSE
Female,Loyal Customer,45,Personal Travel,Eco,1416,2,2,2,3,2,4,3,4,4,2,4,4,1,2.85,0,31,FALSE
Male,Loyal Customer,23,Personal Travel,Eco,442,1,5,2,3,5,2,5,5,3,2,5,4,5,3.62,9,4,FALSE
Male,Disloyal Customer,45,Business Travel,Eco,304,4,1,3,3,2,3,2,2,4,4,2,3,2,2.69,14,0,FALSE
Male,Loyal Customer,41,Business Travel,Business,425,2,2,2,2,5,5,5,5,5,5,5,4,4,3.92,4,12,TRUE
Female,Loyal Customer,19,Personal Travel,Eco Plus,554,2,1,2,2,4,2,4,4,4,3,3,2,4,2.85,15,0,FALSE
Male,Loyal Customer,37,Business Travel,Business,2306,1,2,2,2,5,3,3,1,1,1,1,3,4,2.23,40,35,FALSE
Female,Loyal Customer,66,Personal Travel,Eco,1237,3,4,3,5,2,3,5,1,1,3,1,5,5,3.15,0,0,FALSE
Female,Loyal Customer,60,Personal Travel,Eco,420,5,2,5,3,2,4,3,1,1,5,1,2,1,2.69,0,0,TRUE
Male,Loyal Customer,59,Business Travel,Business,577,3,3,3,3,5,4,4,4,4,4,4,3,5,3.77,0,0,TRUE
Male,Loyal Customer,16,Personal Travel,Eco,377,1,4,1,1,1,1,1,1,4,4,4,3,1,2.08,0,0,FALSE
Male,Loyal Customer,10,Personal Travel,Eco,998,3,5,3,3,4,3,4,4,5,5,5,5,4,4.08,4,0,FALSE
Male,Loyal Customer,53,Business Travel,Eco,2400,1,3,3,3,2,1,2,2,1,1,1,4,2,2,0,0,FALSE
Male,Loyal Customer,32,Business Travel,Business,862,2,2,2,2,4,4,4,4,3,2,4,5,4,3.23,2,0,TRUE
Female,Loyal Customer,31,Business Travel,Business,957,3,3,5,3,5,5,5,5,4,3,4,4,5,4.15,2,12,TRUE
Female,Loyal Customer,25,Business Travel,Eco,872,5,2,2,2,5,5,3,5,5,4,4,5,5,4,6,0,TRUE
Male,Loyal Customer,28,Business Travel,Business,1791,2,2,2,2,4,4,4,4,3,4,4,4,4,3.31,16,36,TRUE
Female,Loyal Customer,48,Business Travel,Eco,387,4,3,3,3,2,1,3,4,4,4,4,1,2,2.92,0,0,TRUE
Male,Loyal Customer,38,Personal Travel,Eco,223,3,4,3,2,2,3,2,2,5,5,4,4,2,3.15,0,7,FALSE
Male,Loyal Customer,28,Personal Travel,Eco,711,1,3,1,2,5,1,5,5,1,4,3,1,5,2.85,0,0,FALSE
Female,Loyal Customer,27,Personal Travel,Eco,236,2,1,0,4,5,0,5,5,4,4,4,1,5,3.08,12,15,FALSE
Female,Loyal Customer,30,Business Travel,Business,1303,1,1,1,1,4,4,4,4,3,3,4,3,4,2.85,0,0,TRUE
Female,Loyal Customer,40,Personal Travel,Eco,761,1,4,1,4,5,1,5,5,4,4,4,4,5,3.62,0,0,FALSE
Female,Loyal Customer,57,Business Travel,Eco,173,4,2,2,2,5,4,1,4,4,4,4,2,1,3,0,0,TRUE
Male,Loyal Customer,30,Business Travel,Business,3306,1,1,1,1,4,4,4,4,5,4,4,3,4,3.08,0,33,TRUE
Male,Loyal Customer,50,Business Travel,Business,3757,4,4,4,4,2,4,4,4,4,4,4,3,5,3.85,0,0,TRUE
Female,Loyal Customer,53,Business Travel,Business,2157,4,3,3,3,3,3,3,4,4,4,4,1,2,3.15,5,0,FALSE
Female,Disloyal Customer,15,Business Travel,Eco,666,5,5,5,3,5,5,5,5,4,5,3,2,5,4.38,0,0,TRUE
Female,Loyal Customer,32,Business Travel,Business,480,1,1,1,1,4,4,4,4,3,3,4,5,4,3,0,0,TRUE
Male,Loyal Customer,49,Business Travel,Business,1614,1,1,1,1,5,4,4,4,4,4,4,5,5,3.31,0,0,TRUE
Male,Loyal Customer,45,Business Travel,Business,1464,3,3,3,3,2,5,4,5,5,5,5,4,4,3.92,2,4,TRUE
Male,Loyal Customer,30,Business Travel,Business,226,1,1,1,1,3,4,3,3,4,5,5,5,3,3,7,0,TRUE
Female,Loyal Customer,36,Business Travel,Eco,591,2,3,3,3,2,2,2,2,4,4,2,4,2,2.69,7,2,FALSE
Female,Disloyal Customer,24,Business Travel,Eco,689,4,4,4,4,5,4,5,5,1,4,4,4,5,4.08,0,0,FALSE
Female,Loyal Customer,30,Personal Travel,Eco,929,1,5,1,1,3,1,3,3,3,3,4,5,3,2.77,45,40,FALSE
Male,Loyal Customer,43,Business Travel,Business,2367,3,3,3,3,2,5,5,5,5,5,5,5,3,4,6,3,TRUE
Female,Loyal Customer,48,Business Travel,Business,100,5,5,5,5,4,5,5,4,4,4,4,4,5,4.54,0,0,TRUE
Female,Loyal Customer,32,Business Travel,Business,325,0,0,0,2,3,3,3,3,4,3,5,5,3,2.62,50,43,TRUE
Male,Loyal Customer,37,Business Travel,Business,3405,5,5,3,5,3,4,1,4,4,4,4,2,3,3.62,0,0,TRUE
Female,Loyal Customer,56,Business Travel,Business,200,5,5,5,5,1,5,1,5,5,5,3,2,4,3.92,0,0,TRUE
Female,Loyal Customer,54,Personal Travel,Eco Plus,837,3,4,3,5,5,5,5,3,3,3,3,4,3,3.77,1,19,FALSE
Female,Disloyal Customer,32,Business Travel,Eco Plus,719,3,2,2,4,2,2,2,2,2,3,3,2,2,2.38,3,8,FALSE
Male,Loyal Customer,22,Business Travel,Business,468,2,5,5,5,2,2,2,2,1,2,4,1,2,2.69,0,0,FALSE
Female,Loyal Customer,61,Personal Travel,Eco,312,1,3,1,4,4,3,3,2,2,1,2,1,2,2.23,0,0,FALSE
Male,Loyal Customer,25,Personal Travel,Eco,1197,3,5,3,1,3,3,3,3,4,4,4,4,3,3.31,17,11,FALSE
Female,Loyal Customer,29,Business Travel,Business,849,3,3,3,3,3,3,3,3,4,4,3,4,3,3.23,0,0,FALSE
Female,Loyal Customer,52,Business Travel,Business,3712,5,5,5,5,4,4,4,4,4,4,4,3,5,4.31,17,11,TRUE
Female,Loyal Customer,52,Personal Travel,Eco,2105,4,3,4,4,3,3,4,5,5,4,5,1,1,3.54,0,0,FALSE
Male,Loyal Customer,35,Personal Travel,Eco Plus,1846,4,4,4,4,4,4,4,4,1,2,3,2,4,3.38,0,0,FALSE
Male,Disloyal Customer,16,Business Travel,Eco,309,4,4,4,4,5,4,5,5,2,1,4,2,5,3.77,0,0,FALSE
Male,Loyal Customer,27,Personal Travel,Eco,1075,3,3,3,3,2,3,2,2,1,4,4,4,2,2.77,0,0,FALSE
Female,Loyal Customer,59,Personal Travel,Eco,1046,4,5,4,1,5,4,5,2,2,4,3,5,4,3.69,12,3,FALSE
Male,Loyal Customer,30,Business Travel,Business,3775,2,2,2,2,2,2,2,2,4,1,4,2,2,2.23,0,0,TRUE
Female,Disloyal Customer,24,Business Travel,Eco,1119,3,3,3,3,2,3,2,2,4,1,2,1,2,2.38,0,0,FALSE
Male,Loyal Customer,58,Business Travel,Business,2586,1,1,1,1,3,4,1,3,3,2,3,3,2,2.15,0,0,TRUE
Male,Disloyal Customer,22,Business Travel,Eco,2295,4,4,4,4,3,4,3,3,3,2,3,4,3,3.38,3,0,FALSE
Male,Loyal Customer,24,Personal Travel,Eco,697,4,5,4,3,4,4,5,4,5,5,5,3,4,4.23,42,33,FALSE
Male,Loyal Customer,26,Business Travel,Business,2603,4,5,5,5,4,4,4,4,1,1,1,2,4,3.38,73,51,FALSE
Female,Loyal Customer,51,Business Travel,Business,3972,3,3,3,3,1,1,2,5,5,5,5,1,5,3.23,0,0,TRUE
Female,Loyal Customer,17,Personal Travel,Eco,134,0,0,0,1,1,0,1,1,3,4,5,5,1,1.69,0,4,TRUE
Male,Loyal Customer,38,Business Travel,Business,2288,1,1,1,1,3,4,5,5,5,5,5,5,3,3.38,0,0,TRUE
Male,Loyal Customer,41,Business Travel,Business,712,5,5,5,5,3,4,5,5,5,5,5,3,5,4.62,0,0,TRUE
Male,Loyal Customer,50,Personal Travel,Eco,1119,3,4,3,2,5,3,1,5,3,5,5,5,5,3.77,81,63,FALSE
Female,Loyal Customer,75,Business Travel,Eco Plus,986,5,1,3,1,3,5,4,5,5,5,5,2,1,3.46,0,0,TRUE
Female,Loyal Customer,54,Business Travel,Business,2613,4,4,4,4,3,5,5,5,5,5,5,5,5,4.54,2,7,TRUE
Male,Loyal Customer,40,Business Travel,Business,3177,5,5,5,5,4,5,5,5,5,5,5,4,3,4.69,0,0,TRUE
Male,Loyal Customer,31,Business Travel,Business,1900,4,4,4,4,5,5,5,5,5,3,5,4,5,4.46,0,4,TRUE
Female,Disloyal Customer,20,Business Travel,Business,213,3,4,3,4,3,3,3,3,3,2,3,1,3,2.92,32,32,FALSE
Female,Disloyal Customer,28,Business Travel,Eco,1189,3,3,3,3,5,3,5,5,2,1,3,3,5,3.38,57,46,FALSE
Male,Loyal Customer,55,Business Travel,Business,2056,1,1,1,1,4,4,5,5,5,5,5,4,4,3.46,0,0,TRUE
Male,Disloyal Customer,19,Business Travel,Eco,1184,2,2,2,3,2,2,4,2,1,3,3,1,2,2.23,31,22,FALSE
Female,Loyal Customer,44,Personal Travel,Eco Plus,306,1,5,1,4,4,4,5,3,3,1,3,4,4,3.23,0,0,FALSE
Male,Loyal Customer,54,Business Travel,Business,2556,3,3,3,3,4,4,4,3,2,5,4,4,4,3.54,0,9,TRUE
Male,Loyal Customer,60,Personal Travel,Eco,502,3,5,3,2,3,3,3,3,5,5,5,5,3,3.69,10,62,FALSE
Male,Loyal Customer,58,Personal Travel,Eco,300,3,5,3,5,1,3,4,1,4,2,4,4,1,3.08,0,0,FALSE
Male,Loyal Customer,18,Personal Travel,Eco,425,2,0,2,3,3,2,3,3,5,5,4,5,3,3.08,0,1,FALSE
Male,Loyal Customer,40,Business Travel,Eco,227,3,3,3,3,3,3,3,3,1,4,3,3,3,2.92,0,0,FALSE
Female,Loyal Customer,35,Business Travel,Business,1609,4,4,4,4,4,3,3,4,4,4,4,3,2,3.62,23,14,FALSE
Female,Loyal Customer,51,Business Travel,Business,1809,1,1,1,1,2,1,1,4,4,4,4,5,3,2.46,0,0,TRUE
Female,Loyal Customer,38,Personal Travel,Eco,1127,2,5,2,4,3,2,1,3,5,4,5,3,3,3.23,41,56,FALSE
Female,Loyal Customer,23,Personal Travel,Eco,1303,1,4,1,2,1,1,1,1,4,5,4,4,1,2.31,25,6,FALSE
Female,Loyal Customer,54,Personal Travel,Eco,867,1,5,1,3,2,5,5,5,5,1,5,4,3,3.46,25,35,FALSE
Female,Loyal Customer,53,Business Travel,Business,3492,1,1,1,1,2,1,1,1,1,1,1,2,1,1.15,3,7,FALSE
Female,Loyal Customer,39,Business Travel,Business,2660,3,3,3,3,3,4,5,4,4,4,4,3,5,3.69,0,0,TRUE
Male,Loyal Customer,45,Business Travel,Eco Plus,675,1,0,0,4,2,1,5,2,2,5,3,2,2,2.23,84,74,FALSE
Female,Loyal Customer,71,Business Travel,Business,2376,2,3,3,3,2,3,3,4,4,4,2,1,1,2.69,9,8,FALSE
Female,Loyal Customer,53,Business Travel,Business,581,2,2,2,2,2,4,4,4,4,4,4,4,3,3.15,0,0,TRUE
Male,Loyal Customer,48,Business Travel,Business,1050,5,5,4,5,4,5,5,4,4,4,4,3,4,4.31,0,0,TRUE
Female,Loyal Customer,40,Business Travel,Business,3247,5,5,5,5,3,4,2,4,4,4,4,2,2,3.77,0,0,TRUE
Male,Loyal Customer,32,Business Travel,Eco,1092,0,0,0,3,1,0,1,1,3,1,1,1,1,1,0,0,TRUE
Female,Loyal Customer,64,Personal Travel,Eco,89,2,4,2,2,3,4,4,2,2,2,1,5,5,2.92,0,0,FALSE
Male,Loyal Customer,39,Personal Travel,Eco,759,5,3,5,4,5,5,3,5,4,3,4,4,5,4.23,0,0,TRUE
Female,Disloyal Customer,21,Business Travel,Eco,668,3,5,4,3,1,4,1,1,3,5,5,4,1,3.08,6,0,FALSE
Female,Loyal Customer,23,Business Travel,Business,1505,3,3,3,3,4,4,4,4,4,3,1,1,4,3.15,4,3,TRUE
Male,Loyal Customer,13,Personal Travel,Eco Plus,2218,3,2,3,3,3,3,3,3,3,2,4,2,3,2.85,0,0,FALSE
Female,Loyal Customer,12,Personal Travel,Eco,989,3,3,3,3,1,3,1,1,2,4,4,4,1,2.54,5,4,FALSE
Female,Disloyal Customer,21,Business Travel,Eco,577,1,1,1,3,3,1,3,3,4,5,3,3,3,2.62,0,0,FALSE
Male,Disloyal Customer,38,Business Travel,Eco,244,2,0,2,3,4,2,3,4,4,3,1,1,4,2.54,0,0,FALSE
Female,Loyal Customer,53,Business Travel,Business,2258,0,0,0,3,3,5,4,1,1,1,1,4,3,2,0,0,TRUE
Male,Disloyal Customer,25,Business Travel,Eco,589,1,3,1,4,3,1,3,3,2,1,3,4,3,2.46,34,25,FALSE
Male,Loyal Customer,31,Business Travel,Business,2645,5,5,4,5,3,3,3,3,4,3,5,3,3,3.77,0,0,TRUE
Male,Loyal Customer,34,Personal Travel,Eco Plus,994,5,4,5,4,3,5,3,3,4,4,5,3,3,3.92,0,0,TRUE
Female,Loyal Customer,59,Business Travel,Eco,432,2,1,1,1,4,1,2,2,2,2,2,5,3,2.15,11,29,TRUE
Female,Loyal Customer,44,Business Travel,Eco,255,2,1,1,1,3,2,3,3,3,2,3,2,4,2.31,10,11,FALSE
Female,Loyal Customer,42,Business Travel,Eco,184,2,1,1,1,5,2,4,2,2,2,2,3,1,2.15,0,0,TRUE
Male,Loyal Customer,45,Business Travel,Business,1803,2,3,3,3,3,4,3,2,2,2,2,2,3,2.62,66,60,FALSE
Female,Loyal Customer,10,Personal Travel,Eco,406,4,4,4,3,1,4,1,1,5,3,4,5,1,3.08,0,9,FALSE
Male,Loyal Customer,43,Personal Travel,Eco,137,4,0,0,3,4,0,4,4,5,2,5,5,4,3.08,0,0,FALSE
Female,Loyal Customer,29,Business Travel,Business,181,0,4,0,4,4,5,5,4,3,5,5,3,4,3.54,0,0,TRUE
Female,Loyal Customer,12,Personal Travel,Eco,748,1,4,1,1,2,1,2,2,3,3,4,4,2,2.31,0,0,FALSE
Male,Loyal Customer,48,Personal Travel,Eco,1535,4,4,4,4,5,4,5,5,2,3,5,1,5,3.92,0,0,FALSE
Male,Loyal Customer,41,Personal Travel,Eco,533,3,4,3,2,1,3,1,1,3,3,4,5,1,2.62,0,0,FALSE
Male,Loyal Customer,37,Personal Travel,Eco,2475,2,4,2,4,1,2,1,1,4,5,5,2,1,2.62,10,36,FALSE
Male,Loyal Customer,51,Personal Travel,Eco,599,5,4,5,3,3,5,3,3,2,4,4,1,3,3.46,0,0,TRUE
Female,Loyal Customer,54,Business Travel,Eco,913,5,5,4,5,4,1,2,5,5,5,5,4,4,4.15,4,0,TRUE
Male,Loyal Customer,38,Business Travel,Business,304,3,4,3,4,4,4,3,3,3,2,3,2,2,3.08,0,0,FALSE
Male,Disloyal Customer,52,Business Travel,Eco,528,4,4,4,4,2,4,1,2,2,4,3,2,2,2.92,0,0,FALSE
Female,Loyal Customer,54,Business Travel,Business,282,5,5,5,5,2,4,5,4,4,4,4,5,5,4.38,0,0,TRUE
Male,Loyal Customer,51,Business Travel,Business,3931,1,1,1,1,4,4,5,5,5,4,5,4,5,3.46,0,0,TRUE
Female,Loyal Customer,60,Business Travel,Eco,764,4,1,1,1,1,5,4,4,4,4,4,3,1,2.85,47,7,TRUE
Female,Disloyal Customer,25,Business Travel,Eco,825,2,2,2,4,1,2,5,1,3,4,3,3,1,2.54,0,0,FALSE
Male,Loyal Customer,40,Business Travel,Business,1849,5,5,5,5,5,4,4,3,3,4,3,4,5,4.23,17,0,TRUE
Male,Loyal Customer,55,Personal Travel,Eco Plus,331,4,1,4,3,2,4,2,2,1,5,3,2,2,2.69,0,0,TRUE
Female,Loyal Customer,51,Business Travel,Business,1590,3,1,1,1,4,4,4,3,3,3,3,4,1,2.69,0,2,FALSE
Female,Loyal Customer,43,Business Travel,Business,2248,3,3,3,3,5,5,4,4,4,4,4,5,5,4,5,0,TRUE
Female,Loyal Customer,39,Business Travel,Eco,624,4,1,1,1,4,4,4,4,5,2,3,4,4,3.15,4,0,TRUE
Female,Loyal Customer,58,Business Travel,Business,129,3,3,3,3,4,4,5,4,4,4,4,4,5,3.85,0,0,TRUE
Female,Loyal Customer,49,Business Travel,Business,2890,5,5,4,5,3,4,4,5,5,5,5,5,4,4.54,0,0,TRUE
Male,Loyal Customer,14,Personal Travel,Eco,859,2,5,2,2,4,2,4,4,3,1,3,4,4,3.08,5,16,FALSE
Male,Loyal Customer,40,Business Travel,Business,1242,2,2,2,2,3,4,4,5,5,5,5,5,5,3.77,29,37,TRUE
Male,Loyal Customer,52,Business Travel,Business,1337,4,4,4,4,3,4,5,5,5,5,5,4,3,4.23,0,0,TRUE
Male,Loyal Customer,40,Personal Travel,Eco,337,2,4,2,1,4,2,4,4,5,5,5,5,4,3.62,11,10,FALSE
Male,Loyal Customer,24,Business Travel,Business,1034,5,5,5,5,4,4,4,4,5,4,1,5,4,4.23,0,0,TRUE
Female,Loyal Customer,44,Business Travel,Eco,430,5,3,3,3,5,4,5,5,5,5,5,5,3,4.31,0,0,TRUE
Female,Loyal Customer,31,Business Travel,Eco,1448,4,1,1,1,4,4,4,4,4,2,1,2,4,2.77,0,0,TRUE
Male,Disloyal Customer,22,Business Travel,Eco,957,2,2,2,3,1,2,1,1,4,2,4,3,1,2.15,12,1,FALSE
Female,Disloyal Customer,27,Business Travel,Eco,1369,3,3,3,4,3,3,3,3,3,4,4,4,3,3.31,0,0,FALSE
Female,Loyal Customer,52,Personal Travel,Eco,1608,2,2,2,1,1,1,2,5,5,2,5,4,4,2.77,0,37,FALSE
Male,Loyal Customer,31,Business Travel,Business,980,1,1,1,1,4,4,4,4,4,4,5,4,4,3.15,0,5,TRUE
Female,Loyal Customer,8,Business Travel,Eco,508,1,3,3,3,1,1,1,1,2,4,3,4,1,2.15,0,8,FALSE
Female,Loyal Customer,21,Personal Travel,Eco,819,3,3,3,3,5,3,5,5,3,5,5,5,5,4.08,17,1,FALSE
Male,Loyal Customer,25,Personal Travel,Eco,825,4,5,4,4,4,4,4,4,3,3,5,5,4,4.08,0,0,TRUE
Female,Loyal Customer,42,Business Travel,Business,1558,4,4,4,4,4,5,5,5,5,5,5,5,4,4.54,8,19,TRUE
Female,Loyal Customer,43,Personal Travel,Eco,448,2,4,2,5,2,5,4,1,1,2,1,4,4,2.85,0,1,FALSE
Male,Loyal Customer,37,Business Travel,Business,1674,4,4,4,4,2,5,5,4,4,4,4,3,3,3.85,4,0,TRUE
Male,Loyal Customer,31,Business Travel,Business,1012,5,5,5,5,4,4,4,4,3,3,5,3,4,4.15,8,4,TRUE
Female,Disloyal Customer,59,Business Travel,Business,457,3,3,3,4,1,3,1,1,4,2,5,3,1,2.62,34,37,FALSE
Female,Loyal Customer,62,Personal Travel,Eco Plus,925,3,4,3,2,4,5,4,2,2,3,2,5,3,3.23,17,19,FALSE
Female,Disloyal Customer,52,Business Travel,Eco,694,1,1,1,3,1,1,1,1,3,4,1,1,1,1.54,10,0,FALSE
Male,Loyal Customer,38,Business Travel,Eco,442,2,3,3,3,2,2,2,2,3,2,3,3,2,2.46,5,3,FALSE
Male,Loyal Customer,65,Business Travel,Business,2849,3,5,4,5,3,3,2,3,3,3,3,2,4,3.31,0,4,FALSE
Female,Disloyal Customer,26,Business Travel,Business,1158,3,0,3,3,2,3,2,2,4,4,5,4,2,2.85,0,0,FALSE
Male,Loyal Customer,66,Business Travel,Eco Plus,2288,2,2,2,2,2,2,2,2,3,4,4,2,2,2.38,9,4,FALSE
Female,Loyal Customer,48,Business Travel,Eco,292,4,2,5,2,4,4,4,5,1,5,2,4,4,3.54,207,226,TRUE
Male,Loyal Customer,39,Personal Travel,Business,1119,4,5,4,4,2,4,5,2,2,4,2,3,3,3.38,86,88,FALSE
Male,Disloyal Customer,43,Business Travel,Business,1036,4,4,4,3,2,4,2,2,4,4,5,5,2,3.46,0,0,TRUE
Male,Loyal Customer,30,Business Travel,Business,558,1,1,1,1,5,5,5,5,5,2,3,2,5,3.15,44,26,TRUE
Female,Loyal Customer,29,Personal Travel,Eco,731,3,3,3,4,5,3,5,5,5,1,5,4,5,3.92,0,2,FALSE
Male,Loyal Customer,26,Personal Travel,Eco,337,2,4,2,3,3,2,5,3,4,1,3,3,3,2.92,0,0,FALSE
Male,Loyal Customer,17,Personal Travel,Eco,809,3,3,3,3,4,3,5,4,3,2,3,4,4,3.38,21,6,FALSE
Male,Loyal Customer,48,Personal Travel,Eco,255,3,5,0,3,1,0,1,1,2,4,2,2,1,1.92,3,4,FALSE
Female,Loyal Customer,48,Business Travel,Business,2336,2,2,2,2,4,5,5,5,5,5,5,3,3,3.69,35,25,TRUE
Female,Loyal Customer,47,Business Travel,Eco Plus,371,2,1,1,1,3,4,3,2,2,2,2,3,4,2.31,34,25,FALSE
Male,Loyal Customer,21,Personal Travel,Eco,503,3,2,3,3,5,3,5,5,4,3,4,1,5,3.54,41,42,FALSE
Male,Loyal Customer,32,Business Travel,Business,1726,4,4,4,4,4,4,4,4,5,5,3,4,4,4.08,93,96,TRUE
Male,Loyal Customer,42,Business Travel,Business,1055,4,4,4,4,2,4,5,5,5,5,5,3,4,4.15,19,23,TRUE
Female,Disloyal Customer,30,Business Travel,Eco,110,3,5,3,3,5,3,5,5,3,5,3,1,5,3.77,0,0,FALSE
Male,Loyal Customer,70,Personal Travel,Eco,190,1,2,1,3,1,1,1,3,1,3,4,1,1,1.77,161,195,FALSE
Female,Loyal Customer,55,Business Travel,Eco,1773,3,2,5,2,3,2,3,3,3,3,3,4,4,3.08,2,0,FALSE
Female,Loyal Customer,20,Personal Travel,Eco,2288,2,2,2,3,2,2,2,2,4,1,3,4,2,2.38,0,11,FALSE
Female,Loyal Customer,22,Business Travel,Eco,542,4,4,4,4,4,4,2,4,4,1,4,3,4,3.54,3,0,FALSE
Male,Loyal Customer,45,Personal Travel,Eco Plus,236,2,5,0,4,4,0,4,4,4,4,4,4,4,3.31,3,0,FALSE
Male,Loyal Customer,58,Business Travel,Eco,624,3,3,5,5,3,3,3,3,3,1,4,3,3,3.23,0,44,FALSE
Female,Loyal Customer,21,Personal Travel,Eco,1590,1,4,1,1,5,1,5,5,5,4,5,3,5,3.46,0,0,FALSE
Male,Loyal Customer,37,Business Travel,Business,438,5,5,5,5,2,3,4,3,3,4,3,3,2,3.62,2,0,TRUE
Male,Loyal Customer,23,Business Travel,Business,912,3,4,5,4,3,2,3,3,3,4,2,4,3,3.31,3,12,FALSE
Female,Loyal Customer,40,Business Travel,Business,280,5,5,5,5,4,4,5,5,5,5,5,3,4,4.62,48,74,TRUE
Female,Loyal Customer,40,Business Travel,Eco,421,4,4,4,4,4,4,4,4,1,4,4,4,4,3.77,0,0,FALSE
Female,Loyal Customer,48,Business Travel,Business,135,5,5,5,5,3,4,5,3,3,4,5,4,3,4.15,0,0,TRUE
Female,Loyal Customer,60,Business Travel,Eco,196,2,1,2,1,3,3,4,2,2,2,2,1,3,2.15,0,0,FALSE
Male,Disloyal Customer,25,Business Travel,Eco,152,2,0,2,2,1,2,1,1,2,1,4,5,1,1.85,0,0,FALSE
Female,Disloyal Customer,22,Business Travel,Eco,129,4,5,4,1,2,4,2,2,1,3,5,5,2,3.08,14,22,TRUE
Female,Loyal Customer,40,Business Travel,Eco,119,5,3,4,3,5,5,5,5,1,4,2,4,5,3.92,0,0,TRUE
Female,Loyal Customer,51,Business Travel,Business,2279,1,1,1,1,5,3,4,3,3,4,3,5,4,2.92,0,0,TRUE
Male,Loyal Customer,20,Personal Travel,Eco,594,4,4,4,2,2,4,1,2,3,5,4,2,2,3,11,13,FALSE
Male,Disloyal Customer,36,Business Travel,Eco,337,3,3,3,3,3,3,4,3,4,5,3,1,3,3.15,0,0,FALSE
Female,Loyal Customer,60,Business Travel,Business,446,1,1,1,1,2,4,4,3,3,3,3,5,4,2.69,15,13,TRUE
Male,Loyal Customer,40,Business Travel,Business,2555,1,1,3,1,3,2,2,5,5,5,5,1,2,2.77,3,0,TRUE
Male,Disloyal Customer,25,Business Travel,Business,236,5,5,5,2,3,5,2,3,1,1,3,4,3,3.23,0,0,TRUE
Female,Loyal Customer,45,Personal Travel,Eco,2149,2,4,2,4,5,4,4,5,5,2,2,4,4,3.62,7,0,FALSE
Female,Loyal Customer,59,Business Travel,Business,1005,1,1,1,1,2,4,4,4,4,4,4,4,4,2.92,2,0,TRUE
Female,Loyal Customer,47,Business Travel,Business,2354,1,1,1,1,4,5,4,4,4,4,4,3,5,3.15,25,26,TRUE
Female,Loyal Customer,46,Business Travel,Business,2052,1,3,1,1,2,4,5,5,5,5,5,4,5,3.54,0,4,TRUE
Male,Loyal Customer,21,Personal Travel,Eco,1171,2,4,2,2,4,2,4,4,5,2,3,3,4,3.15,0,0,FALSE
Male,Loyal Customer,27,Personal Travel,Business,2139,4,5,4,3,3,4,3,3,5,5,4,3,3,3.77,2,0,FALSE
Male,Loyal Customer,47,Business Travel,Business,1726,3,3,3,3,5,4,5,5,5,5,5,4,5,4.23,0,0,TRUE
Female,Disloyal Customer,28,Business Travel,Business,453,3,3,3,5,2,3,2,2,3,5,4,3,2,3.08,0,0,FALSE
Female,Disloyal Customer,26,Business Travel,Business,436,4,4,4,5,4,4,4,4,4,2,5,4,4,4,31,36,TRUE
Male,Disloyal Customer,21,Business Travel,Eco,944,1,1,1,3,5,1,5,5,1,2,2,4,5,2.77,0,0,FALSE
Female,Loyal Customer,31,Business Travel,Business,912,3,5,5,5,3,3,3,3,2,4,4,3,3,3.54,0,0,FALSE
Female,Loyal Customer,56,Business Travel,Eco,1448,5,5,5,5,5,3,1,5,5,5,5,5,2,4.31,0,0,TRUE
Male,Loyal Customer,36,Business Travel,Business,2127,4,1,1,1,1,1,2,4,4,4,4,1,1,2.23,0,0,FALSE
Male,Loyal Customer,12,Personal Travel,Eco,804,2,4,2,4,4,2,4,4,1,1,3,1,4,2.77,0,0,FALSE
Male,Loyal Customer,60,Business Travel,Business,2596,4,4,4,4,5,4,4,4,4,4,4,5,5,4.23,2,1,TRUE
Male,Disloyal Customer,24,Business Travel,Eco,762,2,2,2,3,5,2,4,5,2,5,4,2,5,3.31,0,0,FALSE
Female,Disloyal Customer,27,Business Travel,Business,642,4,4,4,2,3,4,2,3,3,3,4,3,3,3.23,0,17,TRUE
Male,Loyal Customer,59,Business Travel,Business,308,0,0,0,1,4,4,5,2,2,2,2,3,3,2.15,0,0,TRUE
Male,Disloyal Customer,49,Business Travel,Business,2402,1,1,1,1,1,5,5,4,5,4,4,5,5,3.23,294,284,FALSE
Female,Loyal Customer,52,Business Travel,Eco Plus,326,5,5,5,5,2,1,4,5,5,5,5,4,5,4.31,7,5,TRUE
Male,Loyal Customer,40,Business Travel,Business,2889,5,5,5,5,2,4,4,2,2,2,2,3,4,3.46,0,0,TRUE
Female,Loyal Customer,47,Personal Travel,Eco,2454,3,1,3,2,3,2,2,2,2,3,2,3,4,2.46,0,0,FALSE
Female,Disloyal Customer,24,Business Travel,Eco,462,1,1,1,1,3,1,3,3,4,2,1,1,3,1.92,83,61,FALSE
Female,Loyal Customer,41,Business Travel,Eco,992,3,4,4,4,3,3,3,3,1,2,4,2,3,3,0,0,FALSE
Male,Disloyal Customer,21,Business Travel,Eco,258,2,1,2,2,5,2,5,5,2,4,2,2,5,3,1,0,FALSE
Female,Loyal Customer,41,Business Travel,Eco,305,4,5,5,5,4,4,4,4,2,1,3,3,4,3.69,3,3,TRUE
Female,Loyal Customer,36,Personal Travel,Eco,134,3,2,0,4,1,0,1,1,4,3,4,4,1,2.15,0,0,FALSE
Female,Loyal Customer,38,Business Travel,Eco,624,2,3,2,3,2,2,2,2,4,2,2,2,2,2.31,0,0,FALSE
Male,Loyal Customer,37,Business Travel,Business,1585,4,4,4,4,2,4,3,2,2,2,4,2,2,3,6,49,FALSE
Female,Loyal Customer,37,Business Travel,Business,2003,1,1,1,1,4,5,4,5,5,5,5,3,4,3.38,0,10,TRUE
Female,Loyal Customer,65,Personal Travel,Eco,563,1,4,2,2,4,5,4,2,2,2,2,4,3,2.85,0,0,FALSE
Male,Loyal Customer,79,Business Travel,Business,1771,3,2,2,2,5,4,4,3,3,3,3,3,3,3.08,16,16,FALSE
Female,Loyal Customer,55,Business Travel,Business,173,0,4,0,1,3,4,4,5,5,5,5,5,5,3.54,29,25,TRUE
Female,Loyal Customer,76,Business Travel,Business,2552,1,4,4,4,3,2,2,1,1,1,1,2,3,2.23,0,3,FALSE
Male,Loyal Customer,21,Personal Travel,Eco,862,2,4,2,3,1,2,1,1,4,2,4,3,1,2.31,0,0,FALSE
Male,Loyal Customer,70,Business Travel,Eco,1299,1,2,2,2,1,1,1,1,4,4,3,3,1,2,0,3,FALSE
Female,Loyal Customer,25,Business Travel,Eco,776,4,5,3,3,4,4,1,4,2,1,2,2,4,3,0,0,FALSE
Male,Loyal Customer,54,Business Travel,Business,548,3,1,1,1,5,3,4,3,3,3,3,3,2,2.69,0,3,FALSE
Female,Loyal Customer,28,Personal Travel,Eco,731,1,5,1,3,5,1,5,5,4,3,5,1,5,3.38,0,0,FALSE
Female,Loyal Customer,21,Personal Travel,Eco,531,1,4,1,3,3,1,4,3,4,4,4,3,3,2.92,0,0,FALSE
Female,Disloyal Customer,27,Business Travel,Eco,1024,1,1,1,3,1,1,1,1,3,2,2,3,1,1.62,35,45,FALSE
Male,Loyal Customer,62,Business Travel,Business,3038,3,1,1,1,2,3,3,3,3,3,3,4,4,2.62,2,0,FALSE
Female,Loyal Customer,59,Business Travel,Business,692,4,4,4,4,3,5,4,5,5,5,5,3,4,4.23,22,29,TRUE
Female,Loyal Customer,30,Business Travel,Business,2636,5,5,5,5,4,4,4,4,5,2,5,3,4,4.23,1,0,TRUE
Female,Loyal Customer,43,Business Travel,Business,1616,5,5,5,5,3,5,5,5,5,5,5,4,5,4.77,0,0,TRUE
Male,Loyal Customer,23,Personal Travel,Business,743,3,5,3,2,1,3,1,1,3,3,5,4,1,2.69,25,25,FALSE
Female,Loyal Customer,32,Personal Travel,Eco,978,2,5,2,1,2,2,2,2,3,4,5,5,2,2.85,0,0,FALSE
Female,Loyal Customer,29,Personal Travel,Eco,438,1,5,2,1,1,2,1,1,3,2,4,4,1,2.15,0,0,FALSE
Male,Disloyal Customer,34,Business Travel,Business,356,2,2,2,5,2,2,2,2,4,5,4,5,2,3,0,0,FALSE
Male,Disloyal Customer,28,Business Travel,Eco,1474,4,5,5,3,4,1,1,3,2,2,3,1,1,2.69,0,2,FALSE
Male,Loyal Customer,45,Business Travel,Business,459,4,4,4,4,4,5,4,4,4,4,4,3,5,4.08,0,2,TRUE
Female,Disloyal Customer,37,Business Travel,Eco,140,1,2,1,3,3,1,3,3,1,5,3,1,3,2.31,31,17,FALSE
Male,Loyal Customer,43,Personal Travel,Eco,491,3,4,3,3,3,3,3,5,1,1,5,3,3,3.08,167,159,FALSE
Male,Loyal Customer,42,Business Travel,Business,3035,3,3,3,3,5,5,4,5,5,5,5,3,5,4.15,0,0,TRUE
Male,Loyal Customer,45,Business Travel,Business,2077,1,2,2,2,2,2,2,1,1,1,1,4,3,1.85,13,0,FALSE
Female,Loyal Customer,45,Business Travel,Business,539,2,2,2,2,3,3,3,3,3,3,3,2,5,2.77,0,3,TRUE
Male,Loyal Customer,41,Business Travel,Business,2821,5,5,5,5,4,1,1,4,4,4,4,4,3,3.77,4,0,TRUE
Female,Loyal Customer,48,Business Travel,Eco,201,5,4,4,4,5,4,4,5,5,5,5,5,5,4.62,0,0,TRUE
Female,Loyal Customer,8,Business Travel,Business,3678,4,4,4,4,4,4,4,4,5,4,5,5,4,4.23,2,0,TRUE
Female,Loyal Customer,26,Business Travel,Business,3043,2,2,2,2,2,2,2,2,4,4,1,2,2,2.23,8,8,FALSE
Male,Loyal Customer,47,Business Travel,Business,325,1,1,1,1,2,1,3,4,4,4,4,3,2,2.38,4,0,TRUE
Male,Loyal Customer,56,Personal Travel,Eco,328,3,4,3,3,5,3,5,5,3,2,4,1,5,3.54,0,0,FALSE
Female,Loyal Customer,54,Business Travel,Business,1503,0,5,0,4,2,4,5,2,2,2,2,4,5,2.85,0,0,TRUE
Female,Disloyal Customer,44,Business Travel,Business,1204,2,2,2,3,5,2,5,5,2,4,2,1,5,3.08,24,0,FALSE
Male,Loyal Customer,18,Personal Travel,Eco,280,2,4,2,2,5,2,5,5,3,2,4,3,5,3.38,15,20,FALSE
Female,Loyal Customer,34,Business Travel,Business,510,1,5,5,5,1,3,3,1,1,1,1,4,4,2.69,0,23,FALSE
Female,Loyal Customer,37,Business Travel,Eco,448,4,1,1,1,4,4,4,4,5,4,2,1,4,3,0,0,TRUE
Male,Loyal Customer,30,Business Travel,Business,3863,4,4,4,4,3,4,3,3,1,4,3,1,3,3.15,0,0,TRUE
Female,Disloyal Customer,15,Business Travel,Eco,1188,1,1,1,3,2,1,2,2,3,5,5,5,2,2.54,0,0,FALSE
Female,Loyal Customer,21,Personal Travel,Eco,489,2,1,2,3,1,2,2,1,3,3,3,2,1,2,0,11,FALSE
Male,Loyal Customer,45,Business Travel,Business,2155,4,5,4,4,2,4,4,5,5,5,5,5,5,4.38,37,56,TRUE
Female,Loyal Customer,44,Business Travel,Eco,468,4,5,5,5,2,2,1,4,4,4,4,3,1,3.38,0,0,FALSE
Female,Disloyal Customer,24,Business Travel,Eco,2454,2,2,2,4,2,2,2,2,1,1,2,2,2,2,5,8,FALSE
Female,Loyal Customer,64,Personal Travel,Eco,308,2,4,5,4,2,4,4,2,2,5,2,4,4,3.38,0,2,FALSE
Female,Loyal Customer,34,Personal Travel,Eco,308,3,4,3,2,2,3,2,2,4,4,5,5,2,3.15,25,36,FALSE
Female,Loyal Customer,51,Business Travel,Eco Plus,313,2,2,2,2,4,3,3,2,2,2,2,1,3,2.31,12,48,FALSE
Male,Loyal Customer,41,Personal Travel,Business,569,3,5,3,3,2,5,4,5,5,3,5,4,5,4,0,0,FALSE
Male,Loyal Customer,25,Business Travel,Business,3327,2,2,2,2,5,5,5,4,5,5,3,5,5,3.85,250,270,TRUE
Male,Loyal Customer,17,Personal Travel,Eco Plus,2611,1,4,1,1,1,3,3,3,4,4,4,3,3,2.69,10,0,FALSE
Female,Disloyal Customer,50,Business Travel,Eco,1005,1,1,1,5,4,1,4,4,1,3,2,4,4,2.69,0,4,FALSE
Male,Loyal Customer,59,Business Travel,Eco,1542,5,3,3,3,5,5,5,5,4,5,2,4,5,4.15,23,30,TRUE
Female,Loyal Customer,38,Business Travel,Eco,403,3,5,5,5,3,3,3,3,1,4,4,1,3,3.31,0,0,FALSE
Male,Disloyal Customer,38,Business Travel,Business,874,4,4,4,4,2,4,2,2,3,4,5,4,2,3.38,16,15,TRUE
Female,Disloyal Customer,22,Business Travel,Eco,89,2,0,2,2,3,2,3,3,4,2,1,1,3,2.15,0,1,FALSE
Male,Loyal Customer,31,Personal Travel,Eco,667,2,4,2,4,2,2,2,2,5,4,5,4,2,3.08,0,0,FALSE
Female,Loyal Customer,38,Personal Travel,Eco,236,1,2,1,3,5,1,5,5,4,5,4,3,5,3.38,0,39,FALSE
Male,Loyal Customer,45,Business Travel,Eco,679,2,3,3,3,2,2,2,2,3,5,3,4,2,2.77,68,60,FALSE
Male,Loyal Customer,28,Business Travel,Business,2711,2,2,1,1,2,2,2,2,4,5,4,4,2,2.54,0,0,FALSE
Male,Disloyal Customer,17,Business Travel,Eco,1011,4,4,4,3,4,3,3,2,3,3,3,3,3,3.23,330,322,FALSE
Male,Loyal Customer,60,Business Travel,Business,1758,4,4,4,4,3,5,4,4,4,4,4,3,4,3.92,10,0,TRUE
Female,Loyal Customer,53,Business Travel,Business,3430,2,2,2,2,4,5,5,5,5,5,5,4,4,3.85,0,0,TRUE
Male,Loyal Customer,55,Personal Travel,Eco,834,1,5,1,3,3,1,3,3,2,5,5,4,3,3,0,0,FALSE
Male,Disloyal Customer,27,Business Travel,Business,936,4,5,5,1,3,5,4,3,4,3,5,4,3,3.77,9,0,FALSE
Male,Loyal Customer,19,Personal Travel,Eco,574,1,5,1,3,4,1,4,4,2,5,5,3,4,3.23,64,53,FALSE
Male,Loyal Customer,56,Business Travel,Eco,493,5,2,5,5,5,5,5,5,2,3,3,5,5,4.23,0,0,TRUE
Male,Loyal Customer,55,Business Travel,Business,2475,2,2,2,2,5,4,4,3,3,4,5,4,4,3.38,67,77,TRUE
Male,Loyal Customer,56,Business Travel,Business,2273,1,1,1,1,4,3,4,4,4,4,4,3,5,3,0,6,TRUE
Male,Loyal Customer,50,Business Travel,Business,2965,4,4,4,4,4,4,4,4,4,4,4,4,5,4.08,0,0,TRUE
Male,Loyal Customer,16,Personal Travel,Eco Plus,356,2,1,2,3,2,2,2,2,2,3,3,4,2,2.31,0,0,FALSE
Male,Loyal Customer,67,Personal Travel,Eco,1127,1,5,1,1,1,1,1,1,5,3,3,3,1,2.08,23,3,FALSE
Female,Disloyal Customer,22,Business Travel,Eco,199,2,0,2,5,1,2,1,1,4,3,4,5,1,2.38,101,100,FALSE
Male,Loyal Customer,47,Business Travel,Business,2655,2,2,2,2,4,4,5,5,5,5,5,5,5,3.92,0,0,TRUE
Male,Loyal Customer,41,Business Travel,Business,1605,5,5,5,5,5,4,5,5,5,4,5,4,3,4.62,0,0,TRUE
Male,Loyal Customer,53,Business Travel,Business,1972,1,1,4,1,3,5,5,4,4,5,4,3,4,3.38,0,0,TRUE
Female,Loyal Customer,13,Personal Travel,Eco,325,3,3,3,4,5,3,2,5,3,5,3,3,5,3.62,79,75,FALSE
Female,Loyal Customer,48,Business Travel,Eco,1521,1,2,2,2,5,2,3,1,1,1,1,3,4,2.15,0,0,FALSE
Female,Loyal Customer,25,Business Travel,Eco Plus,987,5,5,3,5,5,5,4,5,5,5,1,5,5,4.46,0,0,TRUE
Female,Loyal Customer,14,Personal Travel,Eco,813,4,3,3,4,2,3,2,2,1,4,3,2,2,2.69,14,7,FALSE
Female,Loyal Customer,50,Business Travel,Business,3502,2,2,2,2,4,3,1,4,4,4,5,1,2,2.77,0,0,TRUE
Male,Loyal Customer,42,Business Travel,Business,711,2,5,5,5,3,4,4,2,2,1,2,1,3,3,0,0,FALSE
Female,Disloyal Customer,24,Business Travel,Eco,780,4,5,5,4,5,5,5,5,5,4,4,5,5,4.69,11,10,TRUE
Male,Loyal Customer,25,Personal Travel,Eco,257,4,1,0,4,2,0,2,2,2,3,4,4,2,2.31,0,0,TRUE
Male,Loyal Customer,39,Business Travel,Business,2448,2,2,2,2,4,4,4,4,4,4,5,4,5,3.54,0,0,TRUE
Male,Loyal Customer,31,Business Travel,Business,1050,4,2,4,4,4,4,4,4,4,3,3,5,4,3.77,0,18,TRUE
Female,Loyal Customer,56,Business Travel,Eco,427,2,2,2,2,5,1,4,2,2,2,2,1,2,2.23,0,0,TRUE
Female,Loyal Customer,68,Personal Travel,Eco,584,4,4,4,3,2,5,5,2,2,4,2,5,5,3.62,0,0,FALSE
Male,Loyal Customer,43,Business Travel,Business,2749,4,2,2,2,1,4,4,4,4,4,4,3,1,3,9,5,FALSE
Female,Loyal Customer,60,Business Travel,Business,3956,3,1,4,1,1,4,4,1,1,1,3,1,1,2,0,0,FALSE
Male,Loyal Customer,45,Business Travel,Eco,188,4,4,4,4,4,4,4,4,4,1,2,3,4,3.54,0,0,TRUE
Female,Loyal Customer,47,Business Travel,Business,4000,2,2,3,2,5,3,2,5,5,5,5,5,2,3.54,0,0,TRUE
Female,Loyal Customer,52,Business Travel,Business,2714,3,3,3,3,5,4,4,3,1,3,3,4,4,3.31,129,135,TRUE
Female,Loyal Customer,57,Business Travel,Business,646,5,5,5,5,5,5,4,4,4,3,4,3,5,4.38,14,0,TRUE
Male,Loyal Customer,68,Personal Travel,Eco,337,3,5,3,3,1,3,1,1,5,2,4,4,1,2.77,0,0,FALSE
Female,Loyal Customer,11,Personal Travel,Eco,2454,3,2,3,3,3,3,3,3,4,2,3,1,3,2.77,17,0,FALSE
Female,Loyal Customer,60,Business Travel,Business,1460,3,4,2,4,4,4,3,3,3,3,3,2,4,3.23,0,17,FALSE
Female,Disloyal Customer,26,Business Travel,Eco,1303,3,3,3,4,1,3,1,1,1,4,3,1,1,2.23,0,0,FALSE
Male,Loyal Customer,46,Business Travel,Eco,351,4,5,5,5,4,4,4,4,3,3,4,2,4,3.92,17,6,TRUE
Male,Loyal Customer,10,Personal Travel,Eco,2602,1,4,1,2,5,1,5,5,5,3,5,3,5,3.46,0,0,FALSE
Female,Loyal Customer,52,Business Travel,Business,1105,2,2,2,2,1,2,3,2,2,2,2,3,2,2.08,16,6,FALSE
Female,Disloyal Customer,38,Business Travel,Eco Plus,270,3,3,3,3,2,3,4,2,1,5,4,1,2,2.77,0,0,FALSE
Female,Disloyal Customer,29,Business Travel,Business,551,4,4,4,4,5,4,1,5,3,4,5,4,5,4,64,63,TRUE
Female,Loyal Customer,29,Business Travel,Eco,1091,3,3,3,3,3,3,3,3,2,2,3,4,3,2.92,2,0,FALSE
Female,Loyal Customer,45,Business Travel,Business,3897,1,5,5,5,1,1,1,4,2,4,3,1,1,2.62,123,134,FALSE
Female,Disloyal Customer,35,Business Travel,Eco,201,3,3,3,4,1,3,1,1,4,4,4,4,1,2.77,0,0,FALSE
Female,Disloyal Customer,26,Business Travel,Eco,149,4,0,5,2,3,5,3,3,1,3,5,3,3,3.08,1,1,FALSE
Female,Loyal Customer,67,Personal Travel,Eco,231,4,1,4,4,5,3,3,3,3,4,4,2,4,3.38,0,0,TRUE
Male,Loyal Customer,18,Personal Travel,Eco,919,5,3,4,3,1,4,1,1,4,1,4,3,1,2.69,0,0,TRUE
Male,Loyal Customer,14,Personal Travel,Eco,788,1,2,1,3,1,4,4,4,2,4,4,4,4,2.92,232,242,FALSE
Female,Loyal Customer,43,Business Travel,Eco,262,3,3,3,3,1,1,3,3,3,3,3,2,1,2.46,0,0,TRUE
Female,Loyal Customer,52,Business Travel,Business,719,5,5,5,5,4,5,5,5,5,5,5,5,3,4.77,32,21,TRUE
Male,Loyal Customer,36,Personal Travel,Eco,2465,3,5,2,2,1,2,1,1,3,5,5,4,1,2.69,5,0,FALSE
Female,Loyal Customer,55,Business Travel,Business,3126,3,3,3,3,4,4,4,5,5,5,5,5,3,4,0,0,TRUE
Male,Loyal Customer,23,Business Travel,Eco,529,2,4,4,4,2,2,1,2,4,3,3,2,2,2.69,0,7,FALSE
Male,Disloyal Customer,20,Business Travel,Business,158,4,0,4,3,4,4,4,4,3,5,5,5,4,3.77,0,0,TRUE
Female,Loyal Customer,69,Personal Travel,Eco,406,4,4,3,1,4,4,4,4,4,3,1,4,4,3.38,0,0,FALSE
Male,Loyal Customer,58,Business Travel,Eco,191,2,2,5,2,1,2,1,1,3,5,4,3,1,2.46,0,0,FALSE
Female,Loyal Customer,39,Business Travel,Business,1448,2,1,1,1,5,3,3,2,2,2,2,2,4,2.31,0,0,FALSE
Male,Loyal Customer,51,Personal Travel,Business,1590,1,3,1,4,2,4,4,2,2,1,2,2,3,2.38,0,0,FALSE
Female,Loyal Customer,7,Personal Travel,Eco,224,3,2,0,4,4,0,4,4,2,3,3,3,4,2.77,0,0,FALSE
Male,Loyal Customer,40,Business Travel,Business,235,2,2,5,2,2,4,5,5,5,4,5,4,4,3.77,24,21,TRUE
Male,Loyal Customer,21,Personal Travel,Business,569,2,4,2,1,2,2,2,2,5,3,4,5,2,2.77,14,13,FALSE
Male,Loyal Customer,46,Business Travel,Business,888,5,5,2,5,4,4,5,4,4,4,4,5,5,4.31,0,0,TRUE
Female,Disloyal Customer,30,Business Travel,Business,912,0,0,0,5,3,0,3,3,3,2,4,3,3,2.23,0,0,TRUE
Male,Loyal Customer,37,Business Travel,Eco,428,3,4,4,4,3,3,3,3,4,3,3,2,3,3.23,36,23,FALSE
Female,Loyal Customer,55,Business Travel,Business,3221,2,2,2,2,3,5,5,5,5,5,5,3,3,3.62,0,0,TRUE
Female,Loyal Customer,48,Business Travel,Business,3688,4,4,4,4,2,5,4,5,5,5,5,5,5,4.38,0,0,TRUE
Female,Disloyal Customer,43,Business Travel,Eco,940,1,1,1,4,1,1,1,1,2,5,4,2,1,1.92,23,27,FALSE
Female,Loyal Customer,13,Personal Travel,Eco,192,3,5,0,3,4,0,4,4,3,2,4,4,4,3.08,0,0,FALSE
Male,Loyal Customer,44,Business Travel,Business,3037,4,1,1,1,2,3,4,4,4,4,4,4,3,3,0,0,FALSE
Female,Loyal Customer,43,Business Travel,Business,733,2,2,4,2,2,4,4,3,3,4,3,5,5,3.31,0,0,TRUE
Male,Loyal Customer,24,Business Travel,Eco,1042,5,2,2,2,5,5,4,5,2,1,2,1,5,3.15,0,0,TRUE
Male,Loyal Customer,29,Business Travel,Business,2049,4,4,4,4,3,3,3,3,3,5,4,3,3,3.54,0,0,TRUE
Female,Loyal Customer,21,Personal Travel,Eco,2077,2,0,2,4,3,2,3,3,3,4,5,3,3,2.85,0,0,FALSE
Male,Disloyal Customer,37,Business Travel,Eco,409,3,1,3,4,1,3,1,1,4,5,4,4,1,2.69,9,2,FALSE
Male,Loyal Customer,52,Personal Travel,Eco,1325,2,4,2,3,3,2,3,3,3,3,3,5,3,3,0,7,FALSE
Female,Loyal Customer,50,Personal Travel,Eco Plus,1034,3,2,3,4,2,3,3,5,5,3,5,3,4,3.46,55,100,FALSE
Female,Loyal Customer,47,Business Travel,Business,925,5,5,5,5,5,5,5,4,4,4,4,3,3,4.38,0,0,TRUE
Male,Loyal Customer,25,Personal Travel,Eco,416,2,3,2,3,2,2,2,2,3,2,3,1,2,2.23,42,45,FALSE
Male,Loyal Customer,37,Business Travel,Business,101,4,4,4,4,2,4,4,5,5,5,3,3,5,4,0,0,TRUE
Male,Loyal Customer,66,Personal Travel,Eco,369,3,5,3,3,1,3,2,1,4,1,2,2,1,2.38,20,8,FALSE
Male,Loyal Customer,53,Business Travel,Business,3201,3,2,2,2,3,3,3,2,2,1,3,3,1,2.31,7,24,FALSE
Female,Disloyal Customer,26,Business Travel,Business,432,4,4,4,3,2,4,2,2,4,4,5,5,2,3.46,0,0,TRUE
Female,Loyal Customer,35,Business Travel,Business,3498,2,2,2,2,2,4,5,5,5,5,5,2,5,3.54,22,8,TRUE
Male,Loyal Customer,56,Business Travel,Business,2136,3,3,5,3,2,4,5,5,5,5,5,3,4,4,21,55,TRUE
Female,Loyal Customer,32,Personal Travel,Eco,440,2,4,2,4,3,2,1,3,2,2,4,2,3,2.62,20,26,FALSE
Female,Loyal Customer,10,Personal Travel,Eco,283,1,4,1,1,2,1,2,2,3,2,4,3,2,2.15,19,16,FALSE
Male,Loyal Customer,54,Personal Travel,Eco,985,5,5,5,5,4,5,4,4,5,4,4,4,4,4.46,0,0,TRUE
Male,Loyal Customer,57,Business Travel,Business,1041,2,1,1,1,5,4,3,2,2,2,2,4,1,2.31,50,35,FALSE
Female,Loyal Customer,48,Business Travel,Business,3587,3,3,3,3,4,4,4,3,3,3,3,3,4,3.31,0,0,TRUE
Male,Disloyal Customer,22,Business Travel,Eco,224,2,0,2,2,3,2,3,3,4,2,5,3,3,2.62,0,0,FALSE
Female,Loyal Customer,34,Personal Travel,Eco,794,4,5,4,4,5,4,5,5,3,2,4,3,5,4.08,35,29,FALSE
Female,Loyal Customer,43,Personal Travel,Eco,1171,3,5,3,4,4,3,5,4,4,3,4,5,3,3.85,9,0,FALSE
Male,Loyal Customer,50,Business Travel,Business,214,3,3,3,3,2,4,5,4,4,4,5,5,4,3.77,47,38,TRUE
Male,Disloyal Customer,25,Business Travel,Eco,1024,1,1,1,3,2,1,2,2,4,5,4,3,2,2.38,93,86,FALSE
Female,Loyal Customer,46,Business Travel,Eco,235,5,1,1,1,3,1,1,5,5,5,5,3,1,2.85,14,0,TRUE
Female,Loyal Customer,45,Business Travel,Eco,669,3,1,1,1,4,3,4,3,3,3,3,3,3,2.69,19,32,FALSE
Female,Disloyal Customer,20,Business Travel,Eco,733,2,2,2,5,5,2,4,5,3,2,4,3,5,3.38,39,25,FALSE
Female,Loyal Customer,55,Business Travel,Eco Plus,362,4,1,1,1,4,4,4,4,4,4,4,1,4,3.08,24,10,FALSE
Male,Disloyal Customer,21,Business Travel,Eco,140,2,0,2,3,3,2,3,3,4,2,4,5,3,2.77,3,38,FALSE
Female,Loyal Customer,54,Business Travel,Business,1521,5,5,5,5,4,5,4,4,4,4,4,4,5,4.46,0,0,TRUE
Male,Loyal Customer,43,Business Travel,Business,1722,1,1,1,1,3,5,4,4,4,4,4,4,4,3.08,1,2,TRUE
Female,Disloyal Customer,22,Business Travel,Eco,1084,3,3,3,3,3,3,5,3,3,3,4,3,3,3.23,0,0,FALSE
Male,Loyal Customer,63,Personal Travel,Eco,999,5,2,5,4,3,5,3,3,4,4,4,3,3,3.69,0,4,TRUE
Male,Loyal Customer,53,Personal Travel,Eco,74,2,5,2,2,4,2,4,4,3,5,5,3,4,3.46,0,0,FALSE
Male,Loyal Customer,48,Business Travel,Business,3991,4,4,4,4,3,5,5,5,5,5,5,5,4,4.46,0,0,TRUE
Female,Loyal Customer,58,Business Travel,Business,366,1,1,2,1,5,5,4,3,3,3,3,4,3,2.92,0,0,TRUE
Male,Disloyal Customer,22,Business Travel,Eco,299,3,0,3,3,1,3,1,1,5,4,4,4,1,2.54,2,16,FALSE
Female,Disloyal Customer,49,Business Travel,Business,1506,4,5,5,1,1,4,1,1,4,3,4,3,1,2.85,12,8,TRUE
Female,Loyal Customer,47,Business Travel,Eco,563,4,1,1,1,1,4,4,4,4,4,4,5,2,3,0,0,TRUE
Female,Loyal Customer,18,Business Travel,Business,2013,2,3,3,3,2,2,2,2,1,3,3,3,2,2.38,2,0,FALSE
Male,Loyal Customer,22,Personal Travel,Eco,639,1,5,1,1,2,1,2,2,3,3,1,1,2,1.92,0,0,FALSE
Male,Loyal Customer,57,Business Travel,Business,3936,2,2,2,2,3,5,5,4,4,5,4,4,5,3.62,0,0,TRUE
Female,Disloyal Customer,25,Business Travel,Business,1144,2,0,2,3,1,2,1,1,3,5,5,4,1,2.31,0,0,FALSE
Male,Loyal Customer,53,Business Travel,Business,3445,3,3,5,3,5,5,4,4,4,4,4,4,5,4.08,64,57,TRUE
Female,Loyal Customer,64,Business Travel,Eco,118,4,3,3,3,3,4,3,4,4,4,4,3,1,3.31,0,0,TRUE
Male,Loyal Customer,17,Personal Travel,Eco,216,3,5,3,4,4,3,4,4,5,2,4,4,4,3.77,4,23,FALSE
Female,Loyal Customer,47,Personal Travel,Eco,872,1,1,0,3,4,3,2,1,1,0,1,1,4,1.69,0,0,FALSE
Female,Disloyal Customer,29,Business Travel,Eco,622,3,2,3,4,1,3,5,1,1,1,4,1,1,2.31,3,0,FALSE
Male,Disloyal Customer,46,Business Travel,Business,2504,2,3,3,3,4,2,4,4,5,5,3,4,4,3.54,0,0,FALSE
Male,Loyal Customer,47,Business Travel,Business,2874,3,3,3,3,2,5,4,5,5,5,5,5,3,3.92,0,0,TRUE
Male,Loyal Customer,40,Business Travel,Business,2629,2,2,2,2,3,4,5,4,4,4,4,4,4,3.38,38,35,TRUE
Female,Loyal Customer,70,Business Travel,Business,1448,2,3,3,3,4,3,4,2,2,1,2,1,3,2.54,0,0,FALSE
Male,Loyal Customer,37,Personal Travel,Eco Plus,296,0,4,0,2,4,0,4,4,4,5,5,5,4,3.15,7,3,TRUE
Female,Loyal Customer,46,Business Travel,Business,1773,1,1,1,1,4,4,4,5,5,5,5,4,4,3.38,3,0,TRUE
Male,Loyal Customer,54,Business Travel,Business,3658,3,1,1,1,5,3,4,3,3,3,3,1,2,2.54,43,55,FALSE
Female,Disloyal Customer,36,Business Travel,Eco,366,4,5,4,4,5,4,5,5,4,2,4,4,5,4.23,7,1,FALSE
Female,Loyal Customer,45,Business Travel,Business,2586,2,2,1,2,3,3,4,4,4,4,4,3,3,3,0,0,TRUE
Female,Loyal Customer,35,Personal Travel,Business,679,3,4,3,3,4,5,5,5,5,3,5,4,5,4.15,0,0,FALSE
Male,Loyal Customer,48,Business Travel,Business,672,2,2,2,2,4,5,4,4,4,4,4,3,3,3.31,0,0,TRUE
Male,Disloyal Customer,12,Business Travel,Eco,628,2,0,1,4,3,1,3,3,1,2,3,4,3,2.31,22,17,FALSE
Male,Loyal Customer,50,Business Travel,Business,453,2,1,1,1,4,4,3,2,2,2,2,3,2,2.23,7,17,FALSE
Female,Loyal Customer,33,Business Travel,Eco,230,3,2,2,2,3,3,3,3,3,2,1,1,3,2.38,62,80,FALSE
Female,Loyal Customer,60,Personal Travel,Eco,570,4,4,4,3,4,5,5,3,3,4,3,3,5,3.85,0,0,TRUE
Male,Loyal Customer,31,Business Travel,Business,590,2,2,2,2,5,5,5,5,1,3,5,3,5,3.46,0,0,TRUE
Female,Loyal Customer,60,Business Travel,Business,3416,5,5,5,5,5,4,5,3,3,3,3,3,3,4,3,0,TRUE
Female,Disloyal Customer,26,Business Travel,Business,590,0,0,0,3,1,0,5,1,5,4,5,5,1,2.31,0,0,TRUE
Male,Loyal Customer,62,Personal Travel,Eco,351,2,5,2,1,2,2,2,2,4,2,5,3,2,2.62,50,106,FALSE
Female,Loyal Customer,55,Business Travel,Business,2348,5,5,3,5,5,4,4,4,4,4,4,4,5,4.31,0,0,TRUE
Female,Loyal Customer,65,Business Travel,Business,101,1,1,1,1,2,3,3,3,3,3,1,2,3,2.08,0,0,FALSE
Female,Loyal Customer,37,Business Travel,Eco,257,2,4,4,4,2,3,2,2,2,5,4,3,2,3,0,0,FALSE
Male,Disloyal Customer,40,Business Travel,Eco,412,3,5,3,1,3,3,3,3,1,3,2,5,3,2.92,3,0,FALSE
Male,Loyal Customer,62,Personal Travel,Business,1188,4,4,4,4,3,2,3,3,3,4,1,2,4,3.15,0,0,FALSE
Female,Disloyal Customer,35,Business Travel,Business,545,1,1,1,2,3,1,5,3,3,2,4,4,3,2.54,26,24,FALSE
Female,Loyal Customer,50,Business Travel,Business,3595,2,2,2,2,4,2,4,5,5,5,5,4,2,3.38,0,0,TRUE
Female,Loyal Customer,48,Business Travel,Business,2073,2,2,3,2,2,5,5,4,4,4,4,3,5,3.46,19,26,TRUE
Male,Loyal Customer,53,Business Travel,Business,328,2,2,2,2,5,5,4,5,5,5,5,5,4,3.92,1,0,TRUE
Male,Loyal Customer,47,Personal Travel,Eco,493,4,4,4,4,2,4,3,2,5,2,5,4,2,3.46,2,2,TRUE
Female,Loyal Customer,33,Personal Travel,Eco,449,5,4,5,3,2,5,2,2,4,3,4,4,2,3.46,0,0,TRUE
Male,Loyal Customer,8,Personal Travel,Eco,227,1,3,1,5,3,1,3,3,2,4,2,4,3,2.69,0,0,FALSE
Male,Loyal Customer,46,Business Travel,Business,2370,5,5,5,5,5,5,4,5,5,5,5,4,3,4.69,111,108,TRUE
Female,Loyal Customer,36,Personal Travel,Eco,228,4,4,4,3,5,4,5,5,3,3,5,3,5,4.08,0,8,FALSE
Male,Loyal Customer,60,Business Travel,Business,331,3,3,3,3,2,4,5,5,5,4,5,3,3,3.69,0,0,TRUE
Female,Loyal Customer,33,Personal Travel,Eco,266,0,5,0,3,2,0,2,2,3,3,5,4,2,2.38,0,0,TRUE
Female,Loyal Customer,31,Business Travel,Eco,1096,1,3,5,3,1,2,1,1,2,1,4,1,1,2,0,0,FALSE
Male,Loyal Customer,36,Business Travel,Eco Plus,859,1,3,3,3,1,1,1,1,2,4,3,3,1,2.08,0,18,FALSE
Male,Loyal Customer,45,Business Travel,Business,152,2,2,2,2,4,5,5,4,4,4,4,5,3,3.54,35,25,TRUE
Male,Loyal Customer,12,Personal Travel,Eco,308,1,5,1,3,5,1,5,5,3,4,4,4,5,3.54,0,0,FALSE
Male,Loyal Customer,38,Personal Travel,Eco,646,3,5,3,4,4,3,4,4,5,1,4,3,4,3.62,0,0,FALSE
Male,Loyal Customer,45,Business Travel,Eco,1723,3,4,2,4,3,3,3,3,3,2,3,2,3,2.92,15,14,FALSE
Female,Disloyal Customer,39,Business Travel,Eco,346,4,3,4,3,2,4,2,2,2,1,4,4,2,2.85,0,0,FALSE
Male,Loyal Customer,35,Personal Travel,Eco,453,1,5,3,3,2,3,2,2,4,3,4,5,2,3,0,0,FALSE
Male,Loyal Customer,42,Business Travel,Business,2453,2,2,4,2,4,4,4,2,2,2,2,1,4,2.69,0,0,FALSE
Male,Loyal Customer,18,Personal Travel,Eco,946,3,5,3,2,3,3,3,3,4,5,1,3,3,3.15,3,0,FALSE
Female,Loyal Customer,58,Personal Travel,Eco,421,3,5,3,1,4,4,5,2,2,3,2,5,1,3.08,9,14,FALSE
Female,Loyal Customer,53,Business Travel,Business,1995,3,3,3,3,3,4,5,5,5,5,5,4,3,3.92,0,23,TRUE
Female,Loyal Customer,53,Business Travel,Business,2092,5,5,2,5,4,5,4,5,5,5,5,4,3,4.38,0,0,TRUE
Female,Disloyal Customer,47,Business Travel,Business,1045,3,3,3,4,3,3,1,3,5,2,5,4,3,3.23,4,0,FALSE
Female,Loyal Customer,66,Personal Travel,Eco Plus,386,0,5,0,2,2,4,4,1,1,0,1,4,3,2.08,0,0,TRUE
Female,Loyal Customer,60,Business Travel,Business,862,4,4,4,4,2,4,4,2,2,2,2,3,3,3.08,0,0,TRUE
Male,Loyal Customer,24,Business Travel,Business,272,1,1,1,1,5,5,5,5,4,5,3,2,5,3.31,0,0,TRUE
Male,Loyal Customer,38,Business Travel,Business,859,3,1,1,1,5,3,3,3,3,3,3,2,3,2.62,0,0,FALSE
Female,Loyal Customer,24,Personal Travel,Eco,355,2,4,2,5,3,2,3,3,4,3,4,4,3,3.23,0,0,FALSE
Female,Loyal Customer,41,Business Travel,Business,2743,3,3,3,3,3,5,4,5,5,5,5,3,5,4,0,0,TRUE
Male,Loyal Customer,35,Business Travel,Business,2174,2,1,2,2,2,3,5,5,5,5,5,5,3,3.46,17,0,TRUE
Female,Loyal Customer,63,Personal Travel,Eco,483,2,4,2,5,2,5,1,5,5,2,5,2,5,3.46,0,16,FALSE
Male,Loyal Customer,51,Business Travel,Business,2442,2,2,3,2,4,4,4,5,4,4,5,4,4,3.62,0,1,TRUE
Male,Loyal Customer,28,Business Travel,Eco,2586,1,5,2,5,1,1,1,2,1,4,3,1,1,2.15,0,0,FALSE
Male,Loyal Customer,31,Personal Travel,Eco,406,2,2,2,3,1,2,1,1,1,3,2,4,1,1.92,43,54,FALSE
Male,Loyal Customer,40,Business Travel,Eco,946,4,1,1,1,4,4,4,4,1,5,4,2,4,3,0,19,TRUE
Female,Disloyal Customer,46,Business Travel,Eco,370,1,5,1,4,3,1,3,3,4,4,5,3,3,3.08,0,0,FALSE
Male,Disloyal Customer,19,Business Travel,Eco,1037,3,4,4,3,4,4,4,4,3,2,5,4,4,3.69,0,0,FALSE
Female,Loyal Customer,39,Personal Travel,Eco,544,2,2,2,2,4,2,4,4,3,2,2,1,4,2.62,12,5,FALSE
Female,Disloyal Customer,36,Business Travel,Eco,163,3,3,3,4,5,3,5,5,3,5,4,2,5,3.85,0,0,FALSE
Female,Loyal Customer,52,Business Travel,Business,1662,1,1,1,1,4,4,5,5,5,5,5,3,4,3.38,0,0,TRUE
Male,Disloyal Customer,24,Business Travel,Business,925,5,1,5,3,3,5,3,3,3,4,5,5,3,3.69,4,0,TRUE
Male,Disloyal Customer,24,Business Travel,Eco,816,1,1,1,2,4,1,4,4,3,4,1,2,4,2.46,0,0,FALSE
Male,Loyal Customer,55,Business Travel,Business,2272,2,2,2,2,2,4,5,2,2,2,2,4,4,2.69,2,6,TRUE
Male,Disloyal Customer,33,Business Travel,Eco,326,3,3,3,4,2,3,2,2,2,1,3,2,2,2.46,36,30,FALSE
Male,Loyal Customer,44,Business Travel,Business,306,4,4,4,4,3,5,5,5,5,5,5,4,5,4.46,29,28,TRUE
Female,Loyal Customer,43,Business Travel,Business,3789,5,5,5,5,4,5,5,3,3,4,3,5,4,4.31,0,1,TRUE
Female,Loyal Customer,59,Business Travel,Business,3222,4,4,4,4,4,4,4,5,5,5,5,3,4,4.23,0,0,TRUE
Male,Loyal Customer,55,Personal Travel,Eco,1416,1,4,2,3,5,2,5,5,2,4,2,1,5,3.15,0,0,FALSE
Female,Loyal Customer,30,Personal Travel,Eco,1249,2,4,2,2,1,2,1,1,4,3,5,5,1,2.54,0,0,FALSE
Male,Disloyal Customer,21,Business Travel,Eco,237,1,5,1,4,1,5,4,3,3,5,5,4,4,3.46,419,460,FALSE
Female,Loyal Customer,53,Business Travel,Business,1576,3,3,3,3,4,4,4,5,5,5,5,3,3,3.85,3,8,TRUE
Female,Loyal Customer,37,Business Travel,Business,1042,3,3,3,3,5,5,5,4,2,5,5,5,5,4.08,136,120,TRUE
Male,Loyal Customer,25,Business Travel,Business,1723,4,3,3,3,4,4,4,4,1,4,4,3,4,3.46,9,0,FALSE
Male,Loyal Customer,33,Business Travel,Business,371,3,2,3,3,5,4,5,5,5,5,5,4,5,4.15,10,1,TRUE
Male,Loyal Customer,41,Personal Travel,Eco,190,4,4,4,4,3,4,3,3,4,5,5,3,3,3.77,0,0,TRUE
Male,Loyal Customer,31,Personal Travel,Eco,802,2,3,2,2,3,2,3,3,2,2,2,1,3,2.31,70,62,FALSE
Female,Loyal Customer,14,Business Travel,Eco,631,2,2,2,2,2,2,1,2,2,1,3,4,2,2.08,5,9,FALSE
Female,Disloyal Customer,39,Business Travel,Eco,292,2,0,2,5,5,2,5,5,1,2,4,4,5,3.23,5,0,FALSE
Male,Loyal Customer,40,Business Travel,Business,2455,2,2,2,2,2,4,4,4,4,4,4,5,3,3.23,5,0,TRUE
Female,Disloyal Customer,30,Business Travel,Eco Plus,372,2,2,2,3,5,2,5,5,2,5,4,2,5,3.38,0,0,FALSE
Male,Loyal Customer,37,Personal Travel,Eco,2454,3,5,3,2,1,3,1,1,5,2,5,5,1,2.85,0,0,FALSE
Female,Loyal Customer,34,Personal Travel,Eco,1008,1,4,1,2,2,1,2,2,4,3,4,5,2,2.54,3,0,FALSE
Male,Disloyal Customer,50,Business Travel,Business,1085,4,4,4,3,1,4,1,1,1,5,4,1,1,2.62,0,0,FALSE
Male,Loyal Customer,57,Business Travel,Eco Plus,119,5,4,4,4,5,5,5,5,5,3,3,2,5,4.23,0,4,TRUE
Female,Loyal Customer,49,Business Travel,Business,2711,3,3,3,3,3,1,2,5,5,5,5,3,1,3.23,0,0,TRUE
Male,Disloyal Customer,18,Business Travel,Business,235,4,0,4,4,3,4,4,3,4,3,4,1,3,3.15,44,87,FALSE
Male,Loyal Customer,49,Business Travel,Business,599,5,5,5,5,3,5,2,3,3,3,3,5,3,3.85,0,0,TRUE
Female,Loyal Customer,29,Business Travel,Business,1703,1,2,2,2,1,1,1,1,3,4,3,1,1,1.77,36,26,FALSE
Female,Loyal Customer,49,Personal Travel,Business,589,1,5,1,2,4,4,5,2,2,1,2,4,3,2.77,0,0,FALSE
Female,Loyal Customer,70,Personal Travel,Eco,759,2,4,2,2,2,1,1,5,3,5,5,1,1,2.62,243,247,FALSE
Male,Loyal Customer,30,Business Travel,Business,1562,3,3,3,3,3,3,3,3,3,2,4,3,3,3,0,0,FALSE
Female,Loyal Customer,7,Personal Travel,Eco,866,2,4,2,3,4,2,4,4,5,4,4,4,4,3.54,0,0,FALSE
Female,Loyal Customer,46,Business Travel,Business,3286,1,1,1,1,2,5,4,5,5,5,5,3,3,3.15,0,0,TRUE
Female,Loyal Customer,49,Business Travel,Business,3739,5,5,5,5,3,5,5,4,4,4,4,3,3,4.23,0,0,TRUE
Male,Loyal Customer,31,Business Travel,Eco,77,5,4,4,4,5,4,5,5,4,2,5,4,5,4.31,0,0,TRUE
Female,Loyal Customer,45,Personal Travel,Eco,2026,4,4,4,5,5,5,4,2,2,4,2,3,4,3.69,0,0,TRUE
Male,Loyal Customer,51,Business Travel,Business,2531,5,5,5,5,1,2,2,5,5,5,5,3,1,3.77,0,0,TRUE
Female,Loyal Customer,34,Business Travel,Business,3920,3,3,3,3,5,4,4,4,4,4,4,4,3,3.69,17,26,TRUE
Female,Loyal Customer,20,Personal Travel,Eco,950,2,2,2,3,2,2,2,2,2,5,4,4,2,2.62,0,0,FALSE
Female,Loyal Customer,68,Personal Travel,Eco,671,4,4,5,4,1,4,4,4,4,5,4,4,1,3.69,0,10,FALSE
Female,Loyal Customer,40,Business Travel,Business,474,1,1,1,1,2,5,5,4,4,4,4,3,5,3.08,65,78,TRUE
Female,Disloyal Customer,60,Business Travel,Business,1092,2,2,2,1,1,2,1,1,4,2,5,5,1,2.23,1,3,FALSE
Female,Loyal Customer,36,Business Travel,Business,2956,3,3,3,3,3,4,5,5,5,5,5,5,3,4,0,30,TRUE
Female,Loyal Customer,32,Business Travel,Business,1633,3,2,2,2,1,2,3,1,4,4,4,4,1,2.54,0,0,FALSE
Male,Loyal Customer,33,Business Travel,Business,3036,3,3,3,3,3,2,3,3,1,2,3,1,3,2.54,0,0,FALSE
Male,Disloyal Customer,12,Business Travel,Eco,815,2,2,2,3,1,2,1,1,1,5,3,2,1,2,0,14,FALSE
Male,Loyal Customer,60,Business Travel,Business,102,1,1,5,1,2,5,5,5,5,5,5,4,3,3.62,0,0,TRUE
Female,Loyal Customer,63,Personal Travel,Business,2677,1,5,1,1,4,1,2,2,2,1,2,3,4,2.23,43,0,FALSE
Female,Loyal Customer,34,Business Travel,Business,1750,5,5,5,5,4,5,4,5,5,5,5,4,3,4.62,0,0,TRUE
Female,Loyal Customer,47,Personal Travel,Eco,471,4,3,4,3,4,3,5,3,3,4,3,1,2,3.23,0,0,FALSE
Female,Loyal Customer,45,Business Travel,Business,1645,4,4,4,4,2,4,5,5,5,5,5,3,5,4.23,7,0,TRUE
Female,Loyal Customer,69,Personal Travel,Eco Plus,992,2,5,2,2,4,4,5,4,4,2,4,3,3,3.38,0,3,FALSE
Male,Loyal Customer,52,Business Travel,Business,3429,4,2,2,2,4,3,3,4,4,3,4,1,2,2.92,0,0,FALSE
Female,Disloyal Customer,24,Business Travel,Eco,212,2,0,2,4,1,2,1,1,1,2,4,4,1,1.92,0,0,FALSE
Male,Loyal Customer,21,Personal Travel,Eco,611,2,4,2,2,2,2,2,2,4,2,5,2,2,2.54,10,0,FALSE
Female,Loyal Customer,65,Business Travel,Eco Plus,228,5,1,1,1,2,3,3,5,5,5,5,1,1,2.92,0,0,TRUE
Male,Disloyal Customer,23,Business Travel,Eco,620,3,0,3,3,3,3,3,3,5,1,3,1,3,2.62,15,23,FALSE
Female,Disloyal Customer,27,Business Travel,Business,936,4,4,4,5,3,4,3,3,3,2,4,5,3,3.62,0,0,TRUE
Female,Loyal Customer,30,Personal Travel,Eco,597,3,4,3,4,1,3,1,1,4,5,5,5,1,3.08,48,116,FALSE
Male,Disloyal Customer,38,Business Travel,Eco,467,3,0,3,2,1,3,1,1,3,4,5,5,1,2.46,0,4,FALSE
Male,Loyal Customer,35,Business Travel,Business,2558,5,5,5,5,5,5,4,4,4,4,4,4,5,4.54,45,35,TRUE
Male,Disloyal Customer,36,Business Travel,Eco,306,3,2,4,2,4,4,4,1,5,2,3,4,4,3.23,216,314,FALSE
Male,Loyal Customer,60,Personal Travel,Eco,867,1,2,1,4,4,1,3,4,1,3,3,1,4,2.46,0,4,FALSE
Male,Loyal Customer,44,Personal Travel,Eco,846,3,4,3,2,3,3,3,3,4,4,4,4,3,3.31,2,55,FALSE
Female,Loyal Customer,50,Business Travel,Eco,769,3,4,4,4,1,3,4,3,3,3,3,4,1,3.08,0,0,FALSE
Female,Disloyal Customer,22,Business Travel,Eco,496,3,0,3,4,1,3,1,1,5,2,1,3,1,2.15,0,0,FALSE
Female,Loyal Customer,40,Business Travel,Business,3519,5,5,5,5,3,4,5,4,4,4,4,4,3,4.23,0,0,TRUE
Male,Loyal Customer,57,Business Travel,Business,3617,3,4,3,3,3,5,5,4,4,4,4,5,5,4,30,17,TRUE
Female,Disloyal Customer,25,Business Travel,Eco,898,3,3,3,2,2,3,1,2,2,3,2,3,2,2.38,0,36,FALSE
Male,Disloyal Customer,77,Business Travel,Business,236,4,4,4,2,1,3,3,5,5,4,5,1,2,3.31,36,21,FALSE
Female,Loyal Customer,33,Business Travel,Business,189,2,2,2,2,3,5,4,5,5,5,5,4,3,3.62,0,0,TRUE
Male,Disloyal Customer,35,Business Travel,Business,867,1,1,1,5,1,1,2,1,4,5,4,5,1,2.46,0,0,FALSE
Female,Disloyal Customer,27,Business Travel,Business,405,0,0,0,3,2,0,2,2,3,5,4,3,2,2,6,7,TRUE
Male,Loyal Customer,57,Personal Travel,Eco,874,5,2,5,3,5,5,5,5,2,1,4,3,5,3.85,14,20,TRUE
Female,Loyal Customer,51,Business Travel,Eco,1165,4,3,3,3,4,3,3,4,4,4,4,3,3,3.46,0,0,FALSE
Female,Loyal Customer,37,Personal Travel,Business,646,3,2,2,3,4,3,3,5,5,2,5,3,4,3.38,0,0,FALSE
Female,Loyal Customer,64,Personal Travel,Eco,290,1,2,1,4,2,4,3,1,1,1,1,2,2,1.92,0,0,FALSE
Female,Loyal Customer,35,Personal Travel,Eco,296,4,5,4,1,1,4,1,1,5,3,5,4,1,3,8,13,FALSE
Male,Loyal Customer,43,Business Travel,Business,236,5,5,5,5,3,5,5,4,4,4,4,4,5,4.46,3,9,TRUE
Female,Loyal Customer,53,Business Travel,Business,695,4,4,4,4,4,3,2,3,3,4,3,3,1,3.23,0,0,TRUE
Female,Loyal Customer,64,Personal Travel,Business,965,3,5,3,3,5,5,5,1,1,3,1,5,5,3.46,11,4,FALSE
Female,Disloyal Customer,26,Business Travel,Eco,721,2,2,2,5,4,2,4,4,5,5,4,1,4,3.38,25,1,FALSE
Male,Loyal Customer,38,Business Travel,Eco,391,4,3,1,3,4,4,4,4,5,1,5,3,4,3.46,0,0,TRUE
Female,Loyal Customer,42,Business Travel,Business,3982,4,4,4,4,4,4,5,3,3,4,3,3,3,3.69,0,0,TRUE
Female,Loyal Customer,57,Business Travel,Eco,1587,5,4,4,4,1,4,3,5,5,5,5,2,3,3.85,0,0,TRUE
Male,Loyal Customer,48,Business Travel,Eco,912,3,2,2,2,3,3,3,3,4,1,3,1,3,2.54,19,7,FALSE
Male,Loyal Customer,29,Business Travel,Business,3027,4,4,4,4,2,2,2,2,4,2,2,4,2,2.92,0,0,TRUE
Male,Loyal Customer,40,Business Travel,Business,129,4,4,4,4,5,2,3,5,5,5,4,3,2,3.85,0,2,TRUE
Female,Loyal Customer,64,Personal Travel,Eco,429,2,5,2,4,2,2,2,1,2,2,2,2,2,2.31,308,329,FALSE
Male,Loyal Customer,7,Personal Travel,Eco,304,3,2,3,3,1,3,1,1,4,5,3,2,1,2.46,15,14,FALSE
Female,Loyal Customer,48,Business Travel,Business,1276,2,2,2,2,5,5,4,4,4,4,4,3,5,3.54,0,0,TRUE
Female,Loyal Customer,39,Personal Travel,Eco,954,3,4,3,4,3,3,3,4,3,4,4,3,3,3.38,423,418,FALSE
Male,Disloyal Customer,17,Business Travel,Business,236,4,0,5,2,4,5,4,4,4,4,5,3,4,3.69,0,0,TRUE
Female,Loyal Customer,16,Personal Travel,Eco,140,3,2,3,5,4,3,4,4,3,4,5,3,4,3.62,1,0,FALSE
Female,Loyal Customer,30,Business Travel,Business,971,2,2,2,2,5,5,5,5,5,3,4,5,5,3.85,18,0,TRUE
Male,Loyal Customer,39,Business Travel,Business,3874,4,4,4,4,5,5,4,5,5,5,5,3,4,4.38,0,0,TRUE
Male,Loyal Customer,55,Business Travel,Eco,226,2,5,5,5,2,2,2,2,3,4,1,5,2,3.08,0,29,TRUE
Male,Loyal Customer,58,Business Travel,Business,458,2,2,2,2,5,4,5,4,4,4,4,4,3,3.46,0,0,TRUE
Female,Loyal Customer,56,Business Travel,Business,1827,2,3,4,3,2,4,3,3,3,3,2,2,2,2.77,0,0,FALSE
Female,Loyal Customer,28,Personal Travel,Eco,1721,3,4,3,2,3,3,3,3,4,4,5,3,3,3.31,0,0,FALSE
Male,Loyal Customer,41,Business Travel,Business,1776,1,1,1,1,2,4,5,5,5,5,5,4,4,3.31,0,0,TRUE
Female,Loyal Customer,50,Business Travel,Business,602,2,1,1,1,1,4,3,2,2,2,2,2,4,2.08,19,9,FALSE
Male,Loyal Customer,51,Business Travel,Business,918,4,4,4,4,5,4,4,5,5,5,5,5,5,4.54,0,0,TRUE
Male,Loyal Customer,50,Personal Travel,Eco,1590,2,5,2,4,5,2,5,5,5,2,5,4,5,3.92,0,4,FALSE
Male,Loyal Customer,54,Business Travel,Business,270,2,2,2,2,4,5,1,4,4,4,4,3,4,3.15,0,0,TRUE
Female,Loyal Customer,45,Business Travel,Business,3420,2,2,4,2,2,5,5,2,2,2,2,4,5,3,0,8,TRUE
Female,Loyal Customer,24,Personal Travel,Eco,2402,2,2,2,2,5,2,5,5,2,3,3,4,5,3.23,0,0,FALSE
Female,Loyal Customer,33,Business Travel,Business,354,1,1,5,1,3,4,5,5,5,4,5,1,2,3.23,0,0,TRUE
Female,Loyal Customer,42,Business Travel,Business,539,4,4,4,4,5,4,3,4,4,3,4,4,4,3.92,0,0,FALSE
Female,Disloyal Customer,22,Business Travel,Eco,872,5,4,4,2,2,4,2,2,1,1,4,3,2,2.77,0,0,TRUE
Male,Loyal Customer,40,Personal Travel,Eco,2611,0,1,1,1,1,4,4,4,4,1,2,4,4,2.38,0,0,TRUE
Female,Loyal Customer,10,Business Travel,Eco Plus,483,4,4,4,4,4,4,4,4,2,5,3,2,4,3.69,10,6,FALSE
Male,Loyal Customer,72,Business Travel,Business,2677,3,1,3,1,3,3,3,3,3,3,3,2,3,2.62,37,6,FALSE
Male,Loyal Customer,47,Personal Travel,Eco,1139,2,3,2,3,1,2,1,1,3,5,4,2,1,2.31,2,0,FALSE
Male,Loyal Customer,22,Business Travel,Business,3613,2,4,4,4,2,3,2,2,1,3,1,2,2,2.46,23,29,FALSE
Female,Loyal Customer,41,Personal Travel,Eco,404,3,3,3,3,4,3,4,4,4,1,5,4,4,3.46,8,16,FALSE
Female,Disloyal Customer,25,Business Travel,Eco,1069,3,4,4,3,3,3,3,3,2,3,3,4,3,3.15,0,0,FALSE
Male,Loyal Customer,60,Business Travel,Eco,265,2,1,2,2,2,2,2,2,3,4,5,3,2,2.46,0,2,TRUE
Female,Loyal Customer,58,Personal Travel,Eco Plus,1087,1,3,1,3,4,3,3,4,4,1,4,4,1,2.77,0,1,FALSE
Female,Loyal Customer,29,Business Travel,Business,1890,1,1,1,1,4,5,5,3,5,4,5,5,5,3.46,157,152,TRUE
Male,Loyal Customer,53,Personal Travel,Eco,352,4,5,4,3,1,4,1,1,4,2,4,4,1,2.92,30,,FALSE
Female,Loyal Customer,20,Personal Travel,Eco,1208,3,5,3,4,3,3,3,3,1,4,3,3,3,3.15,0,0,FALSE
Female,Disloyal Customer,28,Business Travel,Business,409,4,4,4,1,4,4,4,4,3,2,4,5,4,3.62,36,41,TRUE
Female,Loyal Customer,37,Personal Travel,Eco,633,2,5,2,4,1,2,1,1,4,2,5,5,1,2.69,0,0,FALSE
Male,Loyal Customer,45,Business Travel,Business,3671,1,1,3,1,4,5,4,5,5,5,5,5,4,3.69,55,43,TRUE
Male,Loyal Customer,68,Personal Travel,Eco,1751,3,5,3,4,5,3,5,5,4,1,1,5,5,3.77,0,11,FALSE
Female,Loyal Customer,48,Business Travel,Eco,1487,3,2,2,2,1,3,3,3,3,3,3,2,3,2.54,0,0,FALSE
Female,Loyal Customer,30,Business Travel,Eco Plus,1773,4,2,4,2,4,4,4,4,1,2,4,4,4,3.31,20,16,FALSE
Male,Loyal Customer,43,Business Travel,Business,3399,2,2,5,2,4,4,5,3,3,3,3,5,3,3.38,0,0,TRUE
Female,Loyal Customer,55,Business Travel,Business,2408,3,3,3,3,2,3,1,5,5,5,5,5,5,3.69,0,0,TRUE
Male,Loyal Customer,14,Personal Travel,Eco,867,3,5,3,5,4,3,4,4,2,2,4,4,4,3.62,0,0,FALSE
Male,Loyal Customer,23,Business Travel,Business,2517,1,0,0,3,5,0,5,5,1,3,4,4,5,2.77,0,0,FALSE
Female,Disloyal Customer,36,Business Travel,Eco,1038,1,1,1,4,1,3,4,1,1,3,4,4,4,2.46,6,0,FALSE
Female,Loyal Customer,49,Business Travel,Eco,1132,4,5,5,5,1,2,2,4,4,4,4,3,5,3.69,0,12,TRUE
Female,Loyal Customer,30,Personal Travel,Eco,668,1,5,1,4,2,1,2,2,3,5,4,5,2,2.85,1,0,FALSE
Male,Loyal Customer,36,Business Travel,Eco Plus,528,3,5,2,2,3,3,3,3,1,1,2,2,3,2.54,0,0,TRUE
Male,Loyal Customer,21,Business Travel,Eco Plus,2133,1,1,1,1,1,1,2,1,3,3,4,3,1,1.77,0,0,FALSE
Female,Loyal Customer,22,Business Travel,Business,2247,4,2,4,4,4,4,4,4,2,2,5,2,4,3.46,0,0,TRUE
Male,Loyal Customer,37,Business Travel,Business,2586,3,3,3,3,5,5,5,3,4,5,5,5,5,4.15,27,14,TRUE
Female,Loyal Customer,46,Business Travel,Eco Plus,304,4,4,4,4,2,4,4,4,4,4,4,4,3,3.77,0,4,FALSE
Female,Loyal Customer,54,Business Travel,Business,2334,3,3,3,3,3,4,5,2,2,3,2,4,4,3.15,21,22,TRUE
Male,Disloyal Customer,21,Business Travel,Eco,431,3,2,2,4,3,2,1,3,4,1,4,3,3,2.69,0,0,FALSE
Male,Loyal Customer,40,Business Travel,Business,1235,4,4,4,4,3,4,5,4,4,4,4,3,3,3.85,0,0,TRUE
Female,Loyal Customer,51,Business Travel,Business,325,4,4,5,4,5,4,5,5,5,5,5,5,5,4.69,0,0,TRUE
Male,Loyal Customer,64,Personal Travel,Eco,226,0,5,0,5,5,0,5,5,4,5,5,3,5,3.62,0,0,TRUE
Female,Disloyal Customer,24,Business Travel,Eco,722,2,2,2,3,2,3,3,1,2,5,3,3,3,2.62,0,9,FALSE
Female,Loyal Customer,44,Business Travel,Eco,395,2,5,5,5,5,2,2,2,2,2,2,1,2,2.85,0,0,TRUE
Male,Loyal Customer,42,Business Travel,Eco,946,4,1,1,1,4,4,4,4,5,3,4,4,4,3.31,0,0,TRUE
Female,Loyal Customer,40,Business Travel,Eco,406,4,5,5,5,4,4,4,2,3,2,5,4,4,3.92,346,349,TRUE
Female,Loyal Customer,50,Personal Travel,Eco,368,2,1,2,3,2,3,3,3,3,2,3,4,4,2.69,65,71,FALSE
Female,Loyal Customer,39,Business Travel,Business,1616,4,4,1,4,4,4,5,5,5,5,5,4,4,4.15,0,4,TRUE
Male,Loyal Customer,42,Business Travel,Business,3123,0,0,0,1,4,4,5,5,5,5,5,5,3,3.23,0,0,TRUE
Female,Loyal Customer,25,Personal Travel,Eco,606,2,5,2,4,1,2,1,1,4,5,4,5,1,2.85,8,12,FALSE
Female,Loyal Customer,25,Personal Travel,Eco,2296,3,5,3,1,3,3,3,3,3,4,5,5,3,3.38,0,1,FALSE
Male,Loyal Customer,49,Business Travel,Business,725,5,5,5,5,3,5,4,5,5,5,5,3,4,4.54,0,8,TRUE
Male,Loyal Customer,62,Personal Travel,Eco,1189,3,4,3,4,3,1,1,5,4,4,5,1,1,3,151,145,FALSE
Female,Loyal Customer,35,Business Travel,Eco Plus,448,2,4,4,4,2,2,2,2,4,3,2,2,2,2.69,0,0,FALSE
Female,Loyal Customer,52,Personal Travel,Eco,397,3,5,3,2,2,4,4,5,5,3,5,3,4,3.69,0,0,FALSE
Male,Disloyal Customer,21,Business Travel,Eco,1104,3,3,3,3,5,3,5,5,3,1,4,2,5,3.46,0,9,FALSE
Female,Loyal Customer,40,Business Travel,Eco,404,3,1,3,1,3,3,3,3,2,1,2,4,3,2.46,7,11,FALSE
Male,Loyal Customer,43,Business Travel,Business,2399,4,4,4,4,5,5,5,3,3,4,5,5,5,4.31,0,20,TRUE
Male,Loyal Customer,56,Personal Travel,Eco,639,3,4,3,4,1,3,4,1,3,2,4,4,1,2.85,0,0,FALSE
Male,Loyal Customer,21,Personal Travel,Eco,258,4,4,4,1,3,4,3,3,3,1,4,5,3,3.23,0,0,FALSE
Female,Loyal Customer,25,Personal Travel,Eco,265,4,4,4,3,3,4,3,3,1,1,3,1,3,2.85,77,88,FALSE
Male,Loyal Customer,44,Business Travel,Business,3169,4,4,4,4,4,5,5,5,5,5,5,5,5,4.62,0,0,TRUE
Male,Disloyal Customer,34,Business Travel,Business,2475,3,3,3,3,3,1,1,1,1,2,4,1,1,2.08,272,270,FALSE
Female,Loyal Customer,32,Business Travel,Eco,1751,2,2,2,2,2,2,2,2,4,2,2,4,2,2.31,3,0,FALSE
Female,Loyal Customer,25,Business Travel,Eco Plus,1825,5,1,1,1,5,5,4,5,4,3,4,4,5,3.62,0,0,TRUE
Male,Disloyal Customer,25,Business Travel,Business,728,3,5,3,1,2,3,4,2,4,3,4,4,2,3.08,0,0,FALSE
Female,Loyal Customer,57,Personal Travel,Eco Plus,247,2,4,2,4,2,5,4,4,4,2,4,5,3,3.46,79,69,FALSE
Male,Loyal Customer,55,Business Travel,Business,3626,4,4,4,4,4,5,4,4,4,4,4,3,3,3.92,11,0,TRUE
Female,Loyal Customer,50,Business Travel,Business,328,3,3,3,3,5,4,4,5,5,5,5,5,3,4.08,2,9,TRUE
Male,Loyal Customer,19,Personal Travel,Eco Plus,373,4,2,1,3,1,1,1,1,3,1,4,2,1,1.92,17,8,FALSE
Male,Loyal Customer,49,Business Travel,Business,759,2,2,2,2,5,5,4,4,4,4,4,5,3,3.54,0,0,TRUE
Male,Loyal Customer,39,Business Travel,Business,414,3,3,4,3,3,5,5,5,5,5,5,3,3,4,0,0,TRUE
Female,Loyal Customer,58,Personal Travel,Eco,602,1,4,1,3,5,4,4,5,5,1,5,1,4,3.31,0,0,FALSE
Male,Loyal Customer,59,Personal Travel,Eco,925,3,4,3,3,4,3,4,4,2,5,4,4,4,3.62,0,0,FALSE
Male,Loyal Customer,43,Personal Travel,Eco,1179,2,4,1,3,4,1,4,4,4,5,4,5,4,3.46,0,0,FALSE
Female,Loyal Customer,34,Business Travel,Business,2965,2,2,2,2,2,5,5,4,4,4,4,5,5,3.54,0,63,TRUE
Male,Loyal Customer,70,Personal Travel,Eco Plus,689,3,5,3,2,3,3,3,3,3,3,5,3,3,3.23,12,2,FALSE
Female,Loyal Customer,12,Personal Travel,Eco,991,3,5,3,4,2,3,2,2,5,5,4,3,2,3.31,2,4,FALSE
Female,Loyal Customer,21,Personal Travel,Eco,480,4,3,4,3,3,4,3,3,4,5,4,2,3,3.46,0,3,FALSE
Female,Loyal Customer,72,Business Travel,Eco Plus,223,2,1,1,1,3,4,4,2,2,2,2,2,2,2.15,16,9,FALSE
Male,Disloyal Customer,46,Business Travel,Business,1846,4,4,4,4,5,4,5,5,5,2,5,4,5,4.31,3,0,FALSE
Male,Loyal Customer,54,Business Travel,Business,2283,4,4,4,4,5,5,4,4,4,5,4,4,4,4.23,3,0,TRUE
Male,Loyal Customer,53,Business Travel,Business,1848,2,2,2,2,3,4,5,4,4,4,4,3,3,3.23,5,5,TRUE
Male,Loyal Customer,44,Business Travel,Business,515,2,2,5,2,5,5,5,5,5,5,5,3,4,4.08,6,3,TRUE
Male,Loyal Customer,50,Business Travel,Eco,493,5,3,3,3,5,5,5,5,4,5,5,3,5,4.31,11,0,TRUE
Female,Loyal Customer,8,Personal Travel,Eco Plus,645,3,5,2,5,2,5,5,4,5,1,1,5,5,3.69,119,161,FALSE
Male,Disloyal Customer,36,Business Travel,Business,333,2,2,2,2,4,2,2,4,3,5,4,3,4,3,4,0,FALSE
Female,Loyal Customer,63,Personal Travel,Eco,762,2,2,2,4,4,4,4,5,5,2,5,3,3,3.46,0,0,FALSE
Female,Loyal Customer,37,Personal Travel,Eco,197,4,5,4,3,3,4,3,3,3,2,4,3,3,3.38,12,4,FALSE
Female,Loyal Customer,8,Business Travel,Business,1188,4,2,2,2,4,4,4,4,1,1,3,1,4,2.77,6,0,FALSE
Male,Loyal Customer,56,Business Travel,Business,1645,5,5,5,5,3,5,4,4,4,4,4,3,5,4.31,16,22,TRUE
Female,Loyal Customer,20,Personal Travel,Eco,411,3,4,3,4,5,3,5,5,3,4,5,5,5,4.15,0,0,FALSE
Female,Disloyal Customer,25,Business Travel,Business,338,1,0,1,3,3,1,3,3,3,2,5,4,3,2.46,0,6,FALSE
Male,Loyal Customer,46,Business Travel,Eco,1771,1,3,3,3,1,1,1,1,2,1,4,1,1,1.77,0,0,FALSE
Female,Loyal Customer,55,Business Travel,Business,3824,1,1,1,1,4,5,4,4,4,4,4,5,5,3.31,0,0,TRUE
Female,Loyal Customer,23,Business Travel,Business,562,1,1,1,1,4,4,4,4,3,2,5,3,4,2.85,0,0,TRUE
Female,Loyal Customer,19,Personal Travel,Eco,921,4,5,4,3,5,4,5,5,3,2,4,4,5,4.08,24,9,FALSE
Male,Loyal Customer,38,Personal Travel,Eco,471,3,5,3,3,4,3,4,4,4,2,4,5,4,3.69,0,0,FALSE
Male,Loyal Customer,53,Personal Travel,Eco,771,2,1,2,3,1,2,1,1,1,5,3,4,1,2.08,0,22,FALSE
Female,Disloyal Customer,27,Business Travel,Eco,752,2,2,2,4,5,2,5,5,5,1,5,5,5,3.69,113,106,FALSE
Female,Loyal Customer,43,Business Travel,Eco,471,2,2,2,2,3,3,4,2,2,2,2,2,4,2.46,20,5,FALSE
Female,Loyal Customer,25,Personal Travel,Eco,1126,2,2,2,3,5,2,5,5,2,4,4,1,5,3.23,0,0,FALSE
Male,Loyal Customer,36,Business Travel,Eco Plus,679,3,1,1,1,3,3,3,3,4,1,3,2,3,2.38,12,0,FALSE
Male,Loyal Customer,33,Business Travel,Business,1609,3,5,3,3,5,5,5,5,4,3,4,4,5,4.15,0,0,TRUE
Female,Loyal Customer,44,Business Travel,Eco,189,5,3,3,3,4,5,1,5,5,5,5,1,2,3.62,0,0,TRUE
Female,Disloyal Customer,27,Business Travel,Business,639,5,5,5,3,3,5,3,3,5,4,5,5,3,4.15,10,0,TRUE
Male,Disloyal Customer,37,Business Travel,Business,1851,3,3,3,1,3,3,3,3,5,4,5,3,3,3.23,69,44,FALSE
Male,Disloyal Customer,21,Business Travel,Eco,808,4,5,5,4,1,5,1,1,2,4,3,1,1,2.85,5,4,FALSE
Female,Disloyal Customer,29,Business Travel,Business,2640,2,2,2,4,1,2,1,1,3,1,3,3,1,2,0,0,FALSE
Female,Loyal Customer,37,Business Travel,Eco,83,4,2,2,2,4,4,4,4,4,2,3,1,4,3.08,0,0,FALSE
Male,Loyal Customer,60,Business Travel,Business,315,1,1,1,1,4,4,4,4,4,4,4,3,5,3.08,25,65,TRUE
Female,Loyal Customer,42,Business Travel,Business,1389,3,3,3,3,3,4,4,5,5,5,5,4,3,3.85,0,0,TRUE
Male,Loyal Customer,38,Business Travel,Eco Plus,558,5,1,1,1,5,5,5,5,5,5,1,4,5,3.69,11,0,TRUE
Female,Disloyal Customer,24,Business Travel,Eco,1050,3,3,3,3,2,3,2,2,1,3,3,1,2,2.38,13,24,FALSE
Male,Loyal Customer,37,Business Travel,Eco,192,5,5,5,5,5,4,5,5,1,1,5,5,5,4.31,0,0,TRUE
Male,Loyal Customer,45,Personal Travel,Eco Plus,290,4,4,4,3,3,4,3,3,3,5,5,4,3,3.69,0,3,FALSE
Female,Loyal Customer,52,Business Travel,Business,1927,4,4,4,4,2,4,4,4,4,4,4,3,5,3.85,0,3,TRUE
Male,Loyal Customer,35,Business Travel,Business,3744,2,4,4,4,5,3,3,2,2,2,2,3,1,2.85,0,0,FALSE
Female,Loyal Customer,65,Personal Travel,Eco,404,3,4,3,1,5,4,5,2,2,3,2,4,5,3.31,0,0,FALSE
Male,Loyal Customer,34,Personal Travel,Eco,403,5,5,5,3,1,5,1,1,3,4,4,3,1,3.15,0,3,TRUE
Female,Loyal Customer,74,Business Travel,Business,390,4,4,4,4,2,4,5,5,5,5,5,5,3,4.23,14,15,TRUE
Male,Loyal Customer,50,Business Travel,Business,1618,3,3,3,3,4,3,5,4,4,4,4,3,4,3.62,45,40,TRUE
Female,Loyal Customer,69,Personal Travel,Eco Plus,139,4,5,4,1,3,5,4,2,2,4,2,5,3,3.38,0,0,TRUE
Male,Loyal Customer,18,Personal Travel,Business,308,3,5,3,2,1,3,1,1,4,2,4,5,1,2.69,14,8,FALSE
Male,Loyal Customer,62,Personal Travel,Eco,2552,4,5,4,2,5,4,5,5,5,1,4,4,5,4.08,6,7,FALSE
Female,Loyal Customer,17,Business Travel,Business,3083,1,1,1,1,4,4,4,4,5,3,4,3,4,3,0,0,TRUE
Male,Disloyal Customer,41,Business Travel,Eco,453,3,0,3,3,2,3,2,2,3,1,4,2,2,2.31,6,2,FALSE
Female,Loyal Customer,66,Personal Travel,Eco,436,3,5,3,3,3,4,5,5,5,3,5,5,3,4,0,0,FALSE
Female,Loyal Customer,41,Business Travel,Business,2434,3,3,3,3,5,4,5,4,4,4,4,3,4,3.77,0,0,TRUE
Male,Loyal Customer,41,Business Travel,Business,1549,0,4,1,1,4,4,4,1,1,1,1,4,3,2.23,37,32,TRUE
Female,Disloyal Customer,40,Business Travel,Business,448,3,3,3,2,5,3,5,5,3,1,3,1,5,3.23,0,0,FALSE
Female,Loyal Customer,54,Business Travel,Business,2740,3,5,5,5,4,4,3,3,3,3,3,2,3,3.54,34,33,FALSE
Female,Disloyal Customer,27,Business Travel,Eco,289,0,5,0,2,3,0,3,3,3,1,2,4,3,2.23,9,2,TRUE
Male,Disloyal Customer,35,Business Travel,Business,2276,3,3,3,4,2,3,3,2,3,3,5,3,2,3,0,0,FALSE
Female,Loyal Customer,54,Business Travel,Business,158,1,1,1,1,4,4,4,2,2,2,1,1,4,2.15,24,27,FALSE
Female,Loyal Customer,56,Business Travel,Business,3296,3,1,1,1,1,3,2,3,3,3,3,2,1,2.08,24,20,FALSE
Male,Loyal Customer,49,Business Travel,Business,2391,2,2,2,2,5,5,5,4,4,5,4,3,5,3.69,0,0,TRUE
Female,Loyal Customer,8,Personal Travel,Eco,748,2,4,2,3,1,2,1,1,5,5,5,4,1,2.77,0,0,FALSE
Female,Disloyal Customer,38,Business Travel,Business,1463,4,4,4,3,5,4,1,5,4,4,3,3,5,3.77,0,0,TRUE
Female,Loyal Customer,43,Personal Travel,Eco,197,3,5,3,1,2,5,5,2,2,3,2,3,3,3,1,0,FALSE
Male,Loyal Customer,33,Personal Travel,Eco,672,0,5,0,2,1,0,1,1,5,5,5,5,1,2.38,0,0,TRUE
Female,Disloyal Customer,30,Business Travel,Eco,577,1,4,1,4,5,1,3,5,2,1,3,4,5,3,9,11,FALSE
Male,Loyal Customer,28,Personal Travel,Eco Plus,733,1,4,1,4,3,1,4,3,1,2,3,4,3,2.62,1,0,FALSE
Female,Loyal Customer,37,Business Travel,Eco Plus,197,3,3,4,4,3,3,3,3,2,1,3,1,3,2.77,75,58,FALSE
Male,Loyal Customer,56,Business Travel,Business,432,2,2,2,2,3,5,5,4,4,4,4,5,3,3.46,96,84,TRUE
Male,Disloyal Customer,8,Business Travel,Eco Plus,594,3,1,3,4,4,3,4,4,2,3,4,3,4,3.23,0,0,FALSE
Male,Loyal Customer,48,Business Travel,Business,3423,4,4,1,4,2,5,4,5,5,5,5,3,3,3.85,0,0,TRUE
Female,Loyal Customer,21,Personal Travel,Eco Plus,1249,3,5,3,1,1,3,1,1,3,2,4,4,1,2.46,1,18,FALSE
Male,Loyal Customer,58,Business Travel,Business,1845,4,4,4,4,3,5,4,4,4,4,4,5,5,4.15,0,0,TRUE
Female,Disloyal Customer,29,Business Travel,Eco,737,4,4,4,4,4,4,4,4,3,3,4,3,4,3.77,0,0,FALSE
Female,Loyal Customer,55,Business Travel,Business,296,2,2,2,2,5,5,5,4,4,4,5,5,5,3.85,172,168,TRUE
Male,Loyal Customer,32,Personal Travel,Eco,761,5,3,5,4,4,5,5,4,2,2,4,3,4,3.85,2,0,TRUE
Female,Loyal Customer,38,Business Travel,Business,1884,4,4,4,4,2,4,4,5,5,5,5,4,4,4.15,0,0,TRUE
Female,Loyal Customer,39,Business Travel,Business,2984,4,2,4,4,3,5,5,4,4,4,4,3,4,3.85,5,0,TRUE
Female,Loyal Customer,38,Business Travel,Business,1911,0,0,0,1,3,5,5,1,1,2,2,4,5,2.23,0,0,TRUE
Female,Loyal Customer,34,Business Travel,Business,2558,3,1,3,1,4,3,4,3,3,3,3,4,2,2.85,77,78,FALSE
Female,Loyal Customer,69,Personal Travel,Eco,363,1,5,1,1,5,5,5,4,4,1,4,4,5,3.46,0,0,FALSE
Female,Disloyal Customer,23,Business Travel,Eco,762,1,1,1,3,4,1,4,4,3,4,2,5,4,2.85,0,0,FALSE
Male,Loyal Customer,26,Business Travel,Business,2519,5,5,5,5,5,5,5,5,4,2,4,5,5,4.62,0,0,TRUE
Male,Loyal Customer,46,Business Travel,Business,2153,4,4,4,4,5,3,4,4,4,4,4,5,4,4.08,0,0,TRUE
Female,Loyal Customer,51,Personal Travel,Eco Plus,1185,1,3,1,4,1,3,4,2,2,1,2,4,1,2.23,86,95,FALSE
Male,Loyal Customer,16,Personal Travel,Eco Plus,1670,2,1,2,3,1,2,1,1,1,1,3,1,1,1.54,8,0,FALSE
Female,Disloyal Customer,27,Business Travel,Eco,413,1,5,1,4,1,1,1,1,1,5,1,4,1,2.08,0,0,FALSE
Male,Loyal Customer,44,Business Travel,Business,337,4,3,4,4,5,4,5,5,5,4,5,5,4,4.38,0,0,TRUE
Male,Loyal Customer,36,Business Travel,Business,2369,4,4,4,4,2,4,4,5,5,5,5,5,3,4.15,0,0,TRUE
Female,Loyal Customer,51,Business Travel,Business,1541,2,2,2,2,5,4,5,5,5,5,5,3,3,3.69,19,0,TRUE
Female,Disloyal Customer,27,Business Travel,Business,1096,2,2,2,4,4,2,4,4,1,2,3,3,4,2.85,0,0,FALSE
Female,Loyal Customer,66,Personal Travel,Eco,500,3,5,3,1,3,2,2,4,2,5,4,2,2,2.92,152,142,FALSE
Male,Disloyal Customer,65,Business Travel,Eco,342,1,1,1,3,4,1,4,4,3,4,3,1,4,2.62,1,0,FALSE
Female,Loyal Customer,39,Business Travel,Business,2291,3,3,3,3,4,4,4,5,5,5,5,5,3,4,0,0,TRUE
Male,Loyal Customer,58,Business Travel,Eco,779,2,4,4,4,2,2,2,2,3,4,2,4,2,2.85,0,8,FALSE
Female,Loyal Customer,45,Personal Travel,Eco,369,3,5,3,3,2,2,2,2,2,3,2,5,5,3,0,0,FALSE
Female,Loyal Customer,60,Personal Travel,Eco,1197,2,1,2,2,4,3,2,4,4,2,3,1,2,2.46,5,0,FALSE
Female,Loyal Customer,38,Personal Travel,Eco,187,2,4,2,3,2,5,5,3,4,4,4,5,5,3.69,197,203,FALSE
Male,Loyal Customer,28,Business Travel,Business,1028,3,3,4,3,5,5,5,5,4,2,1,4,5,3.77,0,0,TRUE
Female,Loyal Customer,36,Business Travel,Business,459,3,1,1,1,1,4,4,3,3,3,3,4,4,2.69,14,2,FALSE
Male,Loyal Customer,70,Personal Travel,Eco,1733,5,4,5,1,5,5,5,5,3,2,5,3,5,4.08,4,0,TRUE
Female,Disloyal Customer,22,Business Travel,Eco,707,2,2,2,3,1,2,3,1,2,4,4,4,1,2.38,2,0,FALSE
Male,Disloyal Customer,25,Business Travel,Business,802,2,0,3,3,5,3,5,5,5,2,5,3,5,3.54,31,26,FALSE
Male,Loyal Customer,32,Personal Travel,Eco,1129,5,4,5,2,1,4,1,1,4,4,5,5,1,3.23,0,0,TRUE
Female,Loyal Customer,57,Business Travel,Business,1005,1,1,1,1,4,4,5,5,5,5,5,3,4,3.38,14,23,TRUE
Female,Disloyal Customer,50,Business Travel,Business,214,2,2,2,4,4,2,4,4,4,2,4,3,4,3.15,0,0,FALSE
Male,Disloyal Customer,20,Business Travel,Business,431,4,0,4,1,3,4,3,3,4,3,5,5,3,3.23,5,0,TRUE
Male,Loyal Customer,25,Business Travel,Eco,390,1,3,5,5,1,1,2,1,3,1,2,1,1,2.08,17,10,FALSE
Male,Loyal Customer,24,Business Travel,Business,1721,2,2,2,2,4,4,4,4,4,2,4,3,4,3.15,0,0,TRUE
Male,Disloyal Customer,25,Business Travel,Business,522,2,0,2,2,1,2,1,1,4,5,4,3,1,2.15,76,82,FALSE
Male,Loyal Customer,45,Business Travel,Eco,1069,2,3,5,3,2,2,2,2,4,1,3,3,2,2.62,0,0,FALSE
Male,Loyal Customer,37,Business Travel,Eco,140,3,1,1,1,3,2,3,3,4,5,3,4,3,2.77,0,0,FALSE
Female,Loyal Customer,52,Business Travel,Business,2604,2,2,2,2,3,1,5,3,3,3,3,2,4,2.69,4,0,TRUE
Male,Loyal Customer,47,Business Travel,Business,1276,3,3,3,3,4,4,4,4,4,4,4,3,3,3.54,5,0,TRUE
Female,Loyal Customer,40,Personal Travel,Business,1299,1,5,1,4,4,3,5,2,2,1,3,4,3,2.92,0,0,FALSE
Female,Loyal Customer,48,Business Travel,Business,3305,1,4,1,1,4,4,4,5,5,4,5,5,4,3.62,52,23,TRUE
Male,Loyal Customer,48,Personal Travel,Eco,1258,2,5,2,2,3,2,3,3,4,2,5,3,3,3,0,0,FALSE
Female,Disloyal Customer,36,Business Travel,Eco,300,1,0,2,3,5,2,5,5,1,4,3,2,5,2.92,0,0,FALSE
Female,Loyal Customer,46,Personal Travel,Eco,612,3,4,3,1,3,1,2,5,5,3,5,2,1,2.92,58,43,FALSE
Female,Loyal Customer,20,Personal Travel,Eco,569,3,5,3,2,3,3,3,3,4,2,5,5,3,3.38,0,0,FALSE
Male,Disloyal Customer,46,Business Travel,Eco,413,2,0,2,4,4,2,4,4,4,4,5,3,4,3.23,114,119,FALSE
Male,Loyal Customer,26,Personal Travel,Eco,334,4,5,3,3,4,3,4,4,5,2,4,4,4,3.77,87,71,FALSE
Male,Loyal Customer,39,Business Travel,Business,2102,4,4,5,4,3,4,4,4,4,4,4,4,4,4,0,0,TRUE
Male,Loyal Customer,46,Business Travel,Business,1749,2,2,2,2,2,4,5,3,3,3,3,5,4,3.08,7,0,TRUE
Male,Disloyal Customer,46,Business Travel,Eco,1666,4,4,4,4,3,4,3,3,5,3,4,5,3,3.77,0,0,FALSE
Male,Disloyal Customer,22,Business Travel,Business,373,5,0,4,2,4,4,4,4,4,4,4,3,4,3.54,0,0,TRUE
Female,Loyal Customer,53,Personal Travel,Eco Plus,1119,4,4,3,4,5,5,5,3,3,3,3,5,5,4,0,0,FALSE
Female,Loyal Customer,19,Personal Travel,Eco,1062,2,2,2,4,2,2,2,2,2,3,4,1,2,2.31,11,10,FALSE
Male,Loyal Customer,39,Personal Travel,Business,236,5,5,5,3,3,5,5,4,4,5,4,5,4,4.38,0,0,TRUE
Male,Loyal Customer,67,Personal Travel,Eco,1670,3,2,3,3,4,3,3,4,2,3,3,3,4,3.08,8,5,FALSE
Male,Loyal Customer,14,Personal Travel,Eco,201,1,3,1,4,2,1,5,2,5,5,4,1,2,2.77,4,8,FALSE
Male,Loyal Customer,38,Business Travel,Eco,529,4,1,1,1,4,4,4,4,4,1,2,1,4,2.69,0,0,FALSE
Male,Loyal Customer,47,Business Travel,Business,3736,2,2,2,2,2,5,4,2,2,2,2,3,5,2.69,0,0,TRUE
Female,Loyal Customer,38,Business Travel,Business,3055,1,1,4,1,4,5,5,5,5,5,5,5,3,3.77,0,70,TRUE
Male,Loyal Customer,49,Business Travel,Business,2873,5,5,5,5,3,4,4,5,5,5,5,4,5,4.62,0,3,TRUE
Male,Loyal Customer,59,Personal Travel,Eco,89,1,4,1,3,3,1,3,3,4,4,4,4,3,2.92,0,0,FALSE
Female,Disloyal Customer,21,Business Travel,Eco,197,2,1,2,4,1,2,1,1,2,3,3,4,1,2.08,13,10,FALSE
Female,Loyal Customer,39,Personal Travel,Eco,1068,2,4,2,2,2,1,1,3,4,5,4,1,1,2.46,205,190,FALSE
Female,Disloyal Customer,36,Business Travel,Business,311,3,3,3,1,4,3,4,4,5,5,5,5,4,3.77,0,0,FALSE
Male,Loyal Customer,59,Business Travel,Business,3180,5,5,5,5,4,4,4,5,5,5,5,4,5,4.69,0,0,TRUE
Female,Loyal Customer,52,Business Travel,Business,3270,5,5,5,5,4,4,5,4,4,4,4,5,4,4.46,5,0,TRUE
Male,Loyal Customer,57,Business Travel,Business,357,1,1,1,1,4,4,4,5,5,5,5,3,3,3.23,0,1,TRUE
Female,Loyal Customer,20,Personal Travel,Eco,1189,2,5,1,5,5,1,5,5,5,5,4,5,5,4.08,0,0,FALSE
Female,Loyal Customer,69,Business Travel,Eco,575,3,1,1,1,3,4,4,3,3,3,3,3,3,2.69,53,45,FALSE
Female,Loyal Customer,33,Personal Travel,Eco,802,3,3,2,3,2,2,2,2,1,2,4,4,2,2.46,0,5,FALSE
Male,Loyal Customer,41,Business Travel,Business,3299,2,5,5,5,4,3,3,2,2,2,2,3,2,3.08,0,5,FALSE
Male,Loyal Customer,26,Business Travel,Business,2684,1,1,1,1,1,1,1,1,2,3,2,2,1,1.38,15,2,FALSE
Female,Loyal Customer,40,Business Travel,Business,643,4,4,4,4,3,4,4,4,4,4,4,3,4,3.85,4,18,TRUE
Male,Loyal Customer,48,Business Travel,Business,3396,5,5,4,5,4,4,5,4,4,4,4,3,4,4.23,17,4,TRUE
Male,Loyal Customer,56,Business Travel,Business,2180,1,1,3,1,3,4,5,5,5,4,5,5,5,3.62,1,0,TRUE
Male,Loyal Customer,44,Personal Travel,Eco Plus,1428,3,4,3,2,3,3,3,3,1,1,1,5,3,2.69,0,0,FALSE
Male,Loyal Customer,51,Business Travel,Business,3266,4,4,4,4,3,2,2,4,4,4,4,4,5,3.69,0,0,TRUE
Male,Disloyal Customer,36,Business Travel,Business,285,4,4,4,4,1,4,1,1,3,2,4,5,1,2.92,0,0,FALSE
Female,Loyal Customer,28,Business Travel,Eco,674,4,2,2,2,4,4,4,4,2,4,2,2,4,3.08,23,7,TRUE
Male,Loyal Customer,47,Business Travel,Business,1558,3,5,5,5,3,3,3,3,3,4,3,2,4,3.54,24,24,FALSE
Male,Disloyal Customer,22,Business Travel,Eco,731,2,2,2,1,4,2,2,4,5,4,5,4,4,3.15,2,0,FALSE
Female,Disloyal Customer,28,Business Travel,Business,1379,1,1,1,4,1,2,2,5,2,4,4,2,2,2.38,153,147,FALSE
Female,Loyal Customer,58,Business Travel,Eco,668,1,3,3,3,5,4,4,1,1,1,1,4,4,2.69,0,0,FALSE
Male,Loyal Customer,43,Business Travel,Business,3836,1,3,1,1,3,4,4,4,4,4,4,3,4,3.08,0,0,TRUE
Male,Disloyal Customer,33,Business Travel,Business,630,3,3,3,2,2,3,2,2,4,3,5,3,2,2.85,0,0,FALSE
Female,Disloyal Customer,54,Business Travel,Eco,1216,2,2,2,4,3,2,2,3,3,2,4,2,3,2.62,0,0,FALSE
Female,Disloyal Customer,24,Business Travel,Eco,846,4,4,4,3,4,4,4,4,4,3,4,5,4,3.92,1,0,FALSE
Female,Loyal Customer,27,Personal Travel,Eco,399,3,5,3,2,1,3,1,1,3,4,5,5,1,2.85,0,0,FALSE
Male,Loyal Customer,26,Business Travel,Business,2890,4,2,4,4,4,4,4,4,4,4,5,4,4,3.92,2,2,TRUE
Male,Loyal Customer,58,Personal Travel,Eco,158,3,4,3,2,5,3,5,5,3,3,4,5,5,3.85,0,37,FALSE
Male,Disloyal Customer,26,Business Travel,Business,337,5,0,5,3,1,5,1,1,4,5,4,5,1,3.08,0,0,TRUE
Male,Loyal Customer,21,Business Travel,Business,2679,2,2,2,2,3,3,3,3,3,2,3,2,3,2.54,0,0,TRUE
Female,Disloyal Customer,17,Business Travel,Business,383,4,0,4,1,4,4,5,4,3,3,5,4,4,3.46,0,0,TRUE
Male,Loyal Customer,57,Business Travel,Business,1870,3,3,2,3,2,3,4,3,3,3,3,4,1,2.85,20,16,FALSE
Male,Loyal Customer,25,Personal Travel,Eco,417,1,3,1,2,2,1,2,2,5,1,3,2,2,2.08,0,0,FALSE
Male,Loyal Customer,41,Business Travel,Eco,1076,5,5,5,5,5,5,5,5,3,1,5,5,5,4.54,0,1,TRUE
Male,Disloyal Customer,15,Business Travel,Eco,680,2,2,2,3,5,2,5,5,1,4,3,2,5,3.15,0,0,FALSE
Female,Loyal Customer,58,Business Travel,Business,3810,3,4,4,4,3,3,3,3,3,3,3,2,3,3.15,0,0,FALSE
Female,Loyal Customer,44,Personal Travel,Eco Plus,1609,1,1,1,3,4,2,3,4,4,1,4,3,1,2.46,18,0,FALSE
Male,Loyal Customer,58,Business Travel,Eco,174,4,4,4,4,4,4,4,4,2,5,3,4,4,3.85,0,0,FALSE
Female,Loyal Customer,41,Business Travel,Business,163,0,5,0,3,4,5,5,5,5,5,5,1,2,3.46,0,0,TRUE
Male,Disloyal Customer,32,Business Travel,Business,507,4,4,4,1,5,4,5,5,3,3,4,5,5,4,9,1,FALSE
Female,Loyal Customer,30,Personal Travel,Eco,738,4,4,4,1,2,4,2,2,3,4,4,3,2,3,0,0,FALSE
Male,Loyal Customer,25,Business Travel,Eco Plus,534,2,2,2,2,2,2,1,2,4,3,3,2,2,2.23,2,56,FALSE
Female,Loyal Customer,39,Business Travel,Eco,156,5,2,2,2,5,5,5,5,4,1,3,4,5,3.69,0,0,TRUE
Male,Disloyal Customer,19,Business Travel,Business,1221,4,0,4,3,2,4,2,2,3,4,3,4,2,2.85,78,56,TRUE
Female,Loyal Customer,31,Business Travel,Business,695,2,2,2,2,3,3,3,3,4,3,5,4,3,3,0,17,TRUE
Male,Disloyal Customer,22,Business Travel,Business,550,4,3,4,2,2,4,2,2,5,4,5,3,2,3.23,0,0,TRUE
Female,Loyal Customer,65,Business Travel,Eco,329,1,3,3,3,5,4,3,1,1,1,1,2,1,2.23,0,0,FALSE
Female,Loyal Customer,45,Business Travel,Eco,268,4,4,4,4,2,5,3,4,4,4,4,3,2,3.62,0,3,TRUE
Female,Disloyal Customer,32,Personal Travel,Eco,436,2,1,2,4,1,2,1,1,1,5,3,4,1,2.15,71,63,FALSE
Male,Loyal Customer,59,Business Travel,Business,1659,5,5,5,5,2,4,4,4,4,4,4,5,5,4.31,16,9,TRUE
Female,Loyal Customer,66,Personal Travel,Eco,174,2,1,2,4,5,3,3,2,2,2,2,1,1,2.31,58,54,FALSE
Male,Loyal Customer,56,Personal Travel,Eco,239,4,5,4,1,4,4,4,4,4,5,2,5,4,3.85,0,0,FALSE
Female,Loyal Customer,38,Business Travel,Business,2625,1,1,1,1,5,5,5,4,4,4,4,5,5,3.46,0,0,TRUE
Female,Loyal Customer,53,Business Travel,Business,3372,3,3,3,3,5,5,5,2,2,2,2,3,4,3.23,0,0,TRUE
Male,Loyal Customer,32,Business Travel,Business,1384,5,2,5,5,2,2,2,2,4,2,4,2,2,3,0,0,TRUE
Male,Loyal Customer,64,Personal Travel,Eco,316,1,4,1,2,1,1,1,1,3,3,5,5,1,2.23,0,0,FALSE
Female,Loyal Customer,24,Business Travel,Business,1195,3,3,3,3,5,5,5,5,1,5,1,3,5,3.62,16,4,TRUE
Male,Loyal Customer,24,Business Travel,Eco Plus,612,0,1,4,4,0,1,4,0,3,5,4,1,0,2.08,0,0,FALSE
Male,Loyal Customer,52,Business Travel,Business,3920,2,1,1,1,3,4,4,2,2,2,2,3,4,2.38,0,0,FALSE
Male,Loyal Customer,20,Personal Travel,Eco,817,3,4,3,4,2,3,2,2,1,3,4,4,2,2.85,0,6,FALSE
Female,Loyal Customer,46,Business Travel,Business,1626,5,5,5,5,4,4,5,4,4,4,4,3,5,4.38,0,0,TRUE
Female,Loyal Customer,31,Personal Travel,Eco,241,1,5,1,4,3,1,3,3,3,3,4,4,3,2.92,0,0,FALSE
Female,Disloyal Customer,37,Business Travel,Business,366,4,4,4,1,1,4,1,1,4,4,5,4,1,2.92,0,0,TRUE
Female,Loyal Customer,57,Personal Travel,Eco,1013,1,1,1,2,5,3,2,2,2,1,2,1,3,2,35,60,FALSE
Female,Loyal Customer,27,Business Travel,Business,1598,2,2,2,2,5,5,5,5,4,3,5,5,5,3.85,0,0,TRUE
Male,Loyal Customer,55,Personal Travel,Eco,867,2,4,2,4,1,2,1,1,4,3,2,4,1,2.38,0,0,FALSE
Male,Loyal Customer,32,Personal Travel,Eco,163,1,4,1,4,5,1,5,5,5,5,4,3,5,3.69,0,0,FALSE
Male,Loyal Customer,33,Personal Travel,Eco,190,2,5,2,3,2,2,2,2,4,3,5,3,2,2.85,0,0,FALSE
Female,Loyal Customer,29,Business Travel,Business,834,5,5,5,5,5,5,5,5,3,3,5,5,5,4.69,0,0,TRUE
Female,Loyal Customer,21,Personal Travel,Eco,913,2,5,3,3,5,3,1,5,5,4,4,4,5,3.77,0,0,FALSE
Female,Loyal Customer,26,Business Travel,Business,371,3,3,3,3,4,4,4,4,4,2,4,5,4,3.62,38,36,TRUE
Female,Disloyal Customer,33,Business Travel,Eco,413,1,4,1,4,5,1,5,5,1,3,4,4,5,3.31,4,12,FALSE
Female,Disloyal Customer,34,Business Travel,Eco,429,3,1,3,3,2,3,2,2,1,5,3,4,2,2.62,16,20,FALSE
Female,Disloyal Customer,23,Business Travel,Business,507,0,4,0,2,4,0,4,4,5,3,5,5,4,3.08,0,0,TRUE
Male,Loyal Customer,54,Business Travel,Eco,967,1,2,2,2,1,1,1,1,3,4,3,4,1,2,16,3,FALSE
Male,Loyal Customer,50,Business Travel,Eco Plus,1069,5,2,2,2,5,5,5,5,2,1,1,4,5,3.38,0,5,TRUE
Male,Disloyal Customer,26,Business Travel,Eco,192,2,5,2,4,4,2,2,4,3,1,1,1,4,2.69,0,3,FALSE
Female,Disloyal Customer,21,Business Travel,Business,283,4,0,4,1,3,4,3,3,2,5,5,3,3,3.08,14,10,TRUE
Female,Disloyal Customer,22,Business Travel,Eco,993,2,3,3,3,5,3,5,5,5,2,4,3,5,3.69,0,3,FALSE
Female,Loyal Customer,21,Personal Travel,Eco,646,1,5,1,5,5,1,5,5,4,1,1,1,5,3.08,5,8,FALSE
Male,Loyal Customer,36,Business Travel,Eco,1825,2,2,2,2,2,2,2,2,3,2,3,4,2,2.31,0,0,FALSE
Female,Loyal Customer,51,Personal Travel,Eco,361,3,5,3,3,3,5,4,1,1,3,1,5,5,3.23,0,0,FALSE
Female,Loyal Customer,59,Business Travel,Eco,794,5,3,3,3,5,5,4,5,5,5,5,4,3,4.23,14,8,TRUE
Male,Loyal Customer,50,Business Travel,Business,2996,3,3,3,3,2,4,4,3,3,3,3,5,5,3.38,93,89,TRUE
Female,Loyal Customer,14,Business Travel,Business,2255,2,2,3,2,2,2,2,2,4,4,3,1,2,2.38,5,8,FALSE
Female,Loyal Customer,27,Business Travel,Business,3883,4,2,2,2,4,3,4,4,1,5,3,1,4,3,59,69,FALSE
Male,Loyal Customer,32,Business Travel,Business,581,2,2,2,2,3,3,3,3,3,3,4,3,3,2.77,5,11,TRUE
Female,Loyal Customer,48,Business Travel,Eco,416,4,2,2,2,5,3,4,4,4,4,4,5,1,3.38,21,6,TRUE
Female,Loyal Customer,51,Business Travel,Eco,164,5,3,3,3,1,1,1,4,4,5,4,1,2,2.85,17,29,TRUE
Female,Disloyal Customer,38,Business Travel,Business,235,1,1,1,3,1,1,4,1,3,4,5,4,1,2.31,1,0,FALSE
Female,Disloyal Customer,27,Business Travel,Eco,407,2,1,2,4,1,2,1,1,3,3,4,2,1,2.08,23,20,FALSE
Male,Loyal Customer,53,Personal Travel,Eco,73,2,5,0,1,3,0,1,3,3,3,4,5,3,2.54,0,0,FALSE
Female,Loyal Customer,46,Personal Travel,Eco,1119,2,5,2,4,3,5,5,1,1,2,1,3,4,2.92,14,21,FALSE
Female,Loyal Customer,65,Business Travel,Eco,257,5,5,4,4,3,3,3,5,5,5,5,4,3,4.15,8,11,TRUE
Male,Loyal Customer,60,Business Travel,Business,3823,3,3,3,3,5,5,4,4,4,4,4,3,5,3.85,0,0,TRUE
Male,Loyal Customer,27,Business Travel,Business,237,4,3,3,3,4,4,4,4,3,1,3,2,4,3.23,0,0,FALSE
Male,Loyal Customer,49,Personal Travel,Eco,125,3,5,0,3,5,0,5,5,4,3,5,2,5,3.46,58,45,FALSE
Male,Loyal Customer,28,Business Travel,Business,2172,1,1,1,1,4,4,4,4,3,2,4,4,4,2.85,0,0,TRUE
Male,Loyal Customer,61,Business Travel,Business,332,4,4,4,4,3,5,1,5,5,5,5,5,3,4.08,11,2,TRUE
Male,Disloyal Customer,22,Business Travel,Eco,771,3,3,3,2,2,3,3,2,1,2,1,3,2,2.31,0,0,FALSE
Male,Disloyal Customer,26,Business Travel,Business,721,2,2,2,3,2,1,1,4,5,4,4,1,1,2.46,193,174,FALSE
Male,Loyal Customer,55,Business Travel,Business,500,2,2,2,2,3,4,5,4,4,4,4,4,3,3.31,0,10,TRUE
Female,Loyal Customer,68,Personal Travel,Eco Plus,950,2,1,2,1,3,1,1,3,3,2,5,2,3,2.23,28,22,FALSE
Female,Disloyal Customer,24,Business Travel,Business,1092,5,5,5,2,5,5,1,5,5,5,5,4,5,4.38,0,0,TRUE
Female,Loyal Customer,11,Personal Travel,Eco,247,5,3,5,2,5,5,5,5,3,1,2,4,5,3.85,0,1,TRUE
Male,Loyal Customer,23,Business Travel,Business,2010,5,5,5,5,4,4,4,4,2,4,2,1,4,3.77,0,0,TRUE
Female,Loyal Customer,50,Business Travel,Business,3279,1,1,5,1,4,4,4,4,4,4,4,4,5,3.46,26,11,TRUE
Male,Disloyal Customer,28,Business Travel,Business,507,5,5,5,4,1,5,1,1,3,2,5,3,1,3.15,1,0,TRUE
Female,Loyal Customer,30,Personal Travel,Eco,1379,2,3,2,1,1,2,1,1,3,5,3,3,1,2.15,0,0,FALSE
Female,Loyal Customer,46,Business Travel,Business,2513,1,1,1,1,3,2,3,2,2,2,2,2,3,1.92,0,0,TRUE
Female,Loyal Customer,33,Business Travel,Business,2153,2,2,5,2,1,2,5,5,5,5,4,2,5,3.46,0,0,TRUE
Male,Loyal Customer,16,Personal Travel,Eco Plus,547,3,2,3,4,3,3,5,3,4,3,3,1,3,3.08,0,0,FALSE
Female,Loyal Customer,37,Personal Travel,Eco,1276,2,4,2,4,2,2,2,2,5,3,3,5,2,2.92,0,0,FALSE
Female,Loyal Customer,50,Business Travel,Business,151,2,2,2,2,3,3,2,4,4,4,3,2,1,2.62,25,26,TRUE
Male,Disloyal Customer,20,Business Travel,Eco,645,2,0,2,4,5,2,1,5,4,1,3,1,5,2.69,0,0,FALSE
Female,Loyal Customer,60,Business Travel,Business,3277,3,3,4,3,2,5,4,4,4,4,4,4,5,3.77,11,21,TRUE
Female,Disloyal Customer,29,Business Travel,Business,1135,4,4,4,4,2,4,2,2,3,2,4,5,2,3.23,0,0,TRUE
Female,Loyal Customer,54,Business Travel,Eco,548,4,5,5,5,3,4,1,4,4,4,4,2,2,3.62,0,0,TRUE
Female,Disloyal Customer,38,Business Travel,Eco,346,2,4,2,3,3,2,3,3,4,2,3,4,3,2.92,0,0,FALSE
Male,Loyal Customer,34,Business Travel,Business,2369,1,1,1,1,5,5,5,4,4,4,4,3,3,3.15,0,0,TRUE
Male,Loyal Customer,45,Business Travel,Business,2108,3,3,3,3,2,3,3,3,3,3,3,4,5,3.15,15,0,TRUE
Female,Loyal Customer,42,Business Travel,Business,3767,2,2,2,2,3,4,2,5,5,5,5,3,1,3.15,17,21,TRUE
Female,Loyal Customer,59,Business Travel,Eco,533,5,4,2,4,4,2,3,5,5,5,5,5,5,4.15,8,5,TRUE
Male,Loyal Customer,28,Business Travel,Eco Plus,209,4,1,1,1,4,4,4,4,3,1,3,1,4,2.69,0,0,TRUE
Male,Disloyal Customer,28,Business Travel,Business,1488,4,4,4,5,2,4,2,2,3,5,4,3,2,3.38,47,47,TRUE
Female,Disloyal Customer,38,Business Travel,Business,872,4,5,5,4,2,5,2,2,5,5,4,4,2,3.77,19,22,TRUE
Male,Loyal Customer,35,Business Travel,Business,1650,1,1,1,1,4,5,5,4,4,4,4,4,5,3.31,2,0,TRUE
Male,Loyal Customer,47,Personal Travel,Eco,2556,4,2,4,3,5,4,5,5,1,5,4,1,5,3.69,2,0,TRUE
Female,Loyal Customer,47,Business Travel,Business,899,1,1,1,1,2,4,5,4,4,4,4,3,3,2.85,0,0,TRUE
Male,Loyal Customer,49,Business Travel,Business,224,0,0,0,3,2,4,4,2,2,2,2,5,5,2.38,0,0,TRUE
Female,Loyal Customer,35,Personal Travel,Eco,314,4,5,4,4,3,4,3,3,3,3,5,5,3,3.77,31,13,FALSE
Male,Loyal Customer,52,Business Travel,Business,3942,4,4,4,4,1,4,3,4,4,4,4,4,2,3.54,38,26,FALSE
Male,Loyal Customer,17,Personal Travel,Eco,1121,3,4,3,1,4,3,4,4,4,5,5,5,4,3.77,0,0,FALSE
Male,Loyal Customer,58,Personal Travel,Eco,2342,2,1,2,2,2,4,4,4,3,2,2,4,4,2.77,0,7,FALSE
Male,Loyal Customer,55,Business Travel,Business,936,3,3,3,3,3,4,5,4,4,4,4,4,5,3.77,0,0,TRUE
Female,Disloyal Customer,27,Business Travel,Eco,628,4,1,4,3,5,4,5,5,4,4,3,4,5,3.92,18,38,FALSE
Male,Loyal Customer,54,Business Travel,Business,1487,5,5,5,5,4,5,4,4,4,4,4,5,5,4.54,10,11,TRUE
Female,Loyal Customer,48,Business Travel,Business,214,5,5,5,5,2,4,4,3,3,4,4,4,3,3.92,0,0,TRUE
Female,Loyal Customer,60,Business Travel,Business,3014,4,4,4,4,5,4,4,5,5,5,5,5,4,4.46,0,0,TRUE
Male,Loyal Customer,28,Business Travel,Business,522,1,1,1,1,3,3,3,3,1,2,3,3,3,2.15,26,29,TRUE
Female,Disloyal Customer,24,Business Travel,Eco,101,2,5,2,4,3,2,3,3,4,5,1,3,3,3.08,32,36,FALSE
Male,Disloyal Customer,42,Business Travel,Business,710,3,3,3,4,2,3,2,2,2,5,4,4,2,3,0,0,FALSE
Female,Loyal Customer,67,Personal Travel,Eco,1014,2,4,2,3,2,3,4,3,3,2,3,2,1,2.62,0,0,FALSE
Female,Loyal Customer,12,Personal Travel,Eco Plus,965,5,4,5,4,4,4,4,4,3,5,5,4,4,4.23,0,0,TRUE
Male,Loyal Customer,33,Personal Travel,Eco,1371,4,5,4,2,1,4,1,1,3,4,4,5,1,3,0,0,FALSE
Male,Disloyal Customer,24,Business Travel,Eco,1416,2,2,2,4,4,2,4,4,1,1,4,1,4,2.69,0,,FALSE
Female,Loyal Customer,47,Business Travel,Business,3922,1,1,1,1,5,4,1,5,5,5,3,1,3,2.77,0,0,TRUE
Male,Loyal Customer,51,Business Travel,Business,621,1,1,1,1,2,5,5,4,4,4,4,5,5,3.23,0,2,TRUE
Male,Loyal Customer,57,Business Travel,Business,309,4,2,4,4,5,4,5,4,4,4,4,3,3,3.85,0,0,TRUE
Female,Disloyal Customer,30,Business Travel,Business,722,4,4,4,1,2,4,2,2,4,2,4,5,2,3.08,0,0,TRUE
Female,Loyal Customer,52,Personal Travel,Eco,622,2,4,2,3,2,5,5,1,1,2,1,3,5,2.77,0,0,FALSE
Female,Loyal Customer,38,Business Travel,Business,2268,1,1,1,1,4,4,5,5,5,5,5,5,2,3.38,0,0,TRUE
Female,Loyal Customer,32,Personal Travel,Eco,472,3,4,3,1,2,3,2,2,1,4,1,1,2,2.23,33,26,FALSE
Male,Loyal Customer,50,Business Travel,Business,2251,4,4,4,4,4,5,4,5,5,5,5,4,5,4.46,0,0,TRUE
Male,Disloyal Customer,37,Business Travel,Business,368,2,2,2,3,4,2,3,4,3,3,2,1,4,2.69,120,122,FALSE
Female,Loyal Customer,41,Personal Travel,Eco,587,2,4,2,3,5,2,5,5,3,4,4,5,5,3.77,0,0,FALSE
Female,Loyal Customer,29,Personal Travel,Eco,190,2,4,2,1,2,2,2,2,3,4,4,2,2,2.46,49,49,FALSE
Female,Loyal Customer,40,Business Travel,Business,2430,5,5,5,5,4,4,4,5,5,5,5,5,5,4.77,0,0,TRUE
Male,Loyal Customer,62,Business Travel,Business,96,2,2,2,2,3,3,5,5,5,5,4,5,2,3.46,0,0,TRUE
Female,Disloyal Customer,30,Business Travel,Business,1522,1,1,1,3,3,1,2,3,3,2,5,3,3,2.38,0,0,FALSE
Female,Loyal Customer,22,Business Travel,Business,3580,3,3,3,3,3,3,3,3,1,4,3,2,3,2.85,0,0,TRUE
Female,Loyal Customer,41,Business Travel,Eco,954,5,5,5,5,4,5,4,4,2,5,4,5,4,4.38,0,4,TRUE
Male,Loyal Customer,38,Business Travel,Business,3053,1,1,1,1,4,5,2,4,4,4,4,4,2,2.85,18,0,TRUE
Female,Loyal Customer,30,Business Travel,Eco Plus,834,4,3,3,3,4,4,4,4,4,1,2,4,4,3.38,0,0,FALSE
Male,Loyal Customer,58,Business Travel,Business,2125,2,2,4,2,2,3,4,5,5,4,5,3,3,3.38,0,0,TRUE
Male,Disloyal Customer,22,Business Travel,Eco,637,5,0,5,4,5,5,5,5,1,5,2,1,5,3.69,0,0,TRUE
Male,Loyal Customer,62,Personal Travel,Business,862,3,4,3,3,1,4,4,5,5,3,5,2,4,3.54,1,6,FALSE
Male,Loyal Customer,32,Personal Travel,Eco Plus,2565,0,4,0,3,0,5,5,1,4,3,5,5,5,3.08,0,0,TRUE
Female,Disloyal Customer,24,Business Travel,Eco,1020,4,4,4,2,2,4,2,2,3,2,5,3,2,3,0,0,TRUE
Female,Disloyal Customer,21,Business Travel,Business,373,4,0,4,5,1,4,1,1,5,5,5,4,1,3.08,0,2,TRUE
Male,Loyal Customer,49,Business Travel,Eco Plus,524,4,2,2,2,4,4,4,4,2,3,4,3,4,3.23,13,9,FALSE
Female,Disloyal Customer,37,Business Travel,Eco,692,2,2,2,3,1,2,1,1,3,3,4,3,1,2.15,103,93,FALSE
Female,Loyal Customer,25,Business Travel,Business,637,2,1,2,2,2,2,2,2,1,5,3,2,2,2.15,0,8,FALSE
Female,Loyal Customer,41,Business Travel,Eco,1045,5,5,5,5,5,5,5,5,5,5,1,2,5,4.46,0,0,TRUE
Female,Loyal Customer,32,Business Travel,Eco,109,5,5,5,5,5,5,5,5,4,4,2,3,5,4.46,0,0,TRUE
Female,Loyal Customer,57,Business Travel,Business,834,5,5,5,5,5,5,4,5,5,5,5,5,4,4.85,9,0,TRUE
Male,Loyal Customer,68,Business Travel,Eco,925,3,3,3,3,4,3,4,4,2,1,2,2,4,2.92,3,8,FALSE
Male,Loyal Customer,44,Personal Travel,Eco,2304,4,2,4,4,5,4,5,5,3,4,3,1,5,3.77,5,3,TRUE
Female,Loyal Customer,22,Business Travel,Business,3770,1,3,1,1,5,5,5,5,4,4,4,4,5,3.62,0,0,TRUE
Female,Disloyal Customer,22,Business Travel,Eco,528,1,3,1,3,5,1,5,5,4,2,4,1,5,3.08,0,20,FALSE
Female,Loyal Customer,63,Personal Travel,Eco,649,3,5,3,3,2,2,4,2,2,3,2,3,2,2.77,0,0,FALSE
Female,Loyal Customer,38,Business Travel,Eco,1167,1,1,4,1,1,1,1,1,3,4,3,1,1,1.77,0,0,FALSE
Female,Loyal Customer,32,Personal Travel,Eco,936,2,4,3,3,3,3,3,3,5,3,5,5,3,3.46,0,0,FALSE
Female,Loyal Customer,58,Business Travel,Business,731,2,2,2,2,4,5,4,5,5,5,5,4,4,3.77,0,31,TRUE
Female,Loyal Customer,40,Business Travel,Business,577,3,3,3,3,4,5,5,4,4,4,4,3,4,3.77,0,0,TRUE
Female,Loyal Customer,43,Business Travel,Business,247,5,5,5,5,5,4,5,4,4,4,4,3,3,4.31,0,3,TRUE
Female,Disloyal Customer,20,Business Travel,Eco,502,1,3,1,3,1,1,1,1,2,1,4,3,1,1.77,0,0,FALSE
Male,Loyal Customer,43,Business Travel,Eco,190,2,4,4,4,2,2,2,2,4,1,3,1,2,2.54,17,25,FALSE
Male,Loyal Customer,13,Personal Travel,Eco Plus,2556,4,2,4,3,4,5,5,4,3,3,3,5,5,3.85,0,0,FALSE
Female,Loyal Customer,63,Personal Travel,Eco,937,3,3,3,4,5,3,3,3,3,3,3,5,1,3.23,0,0,FALSE
Male,Loyal Customer,55,Personal Travel,Eco,2475,3,0,3,2,3,1,5,3,4,2,5,5,5,3.15,0,1,FALSE
Female,Loyal Customer,30,Business Travel,Business,607,3,3,2,3,3,3,3,3,2,1,2,3,3,2.62,25,18,FALSE
Male,Loyal Customer,40,Business Travel,Business,2917,3,5,5,5,3,3,3,3,3,2,3,3,3,3.38,0,8,FALSE
Male,Disloyal Customer,29,Business Travel,Eco,152,3,1,3,3,2,3,2,2,3,1,4,2,2,2.38,17,20,FALSE
Female,Loyal Customer,69,Business Travel,Business,862,2,5,5,5,5,3,4,2,2,2,2,4,1,3.23,6,9,FALSE
Female,Disloyal Customer,22,Business Travel,Eco,247,3,1,3,4,1,3,1,1,1,4,4,1,1,2.15,65,68,FALSE
Male,Loyal Customer,53,Business Travel,Business,3574,5,5,5,5,5,5,5,5,5,5,5,5,5,5,29,23,TRUE
Female,Disloyal Customer,38,Business Travel,Eco,402,2,2,1,4,5,1,5,5,1,5,4,1,5,3.15,6,1,FALSE
Female,Disloyal Customer,39,Business Travel,Business,305,1,1,1,4,3,1,3,3,4,3,4,4,3,2.69,0,0,FALSE
Female,Loyal Customer,61,Personal Travel,Eco,2125,1,1,1,3,3,3,4,5,5,1,5,4,3,3,0,0,FALSE
Male,Loyal Customer,68,Personal Travel,Eco,991,0,4,1,2,5,1,5,5,4,2,5,4,5,3.31,0,0,TRUE
Female,Loyal Customer,54,Personal Travel,Eco,190,0,5,0,1,4,4,5,3,3,0,5,3,4,2.85,0,0,TRUE
Female,Loyal Customer,32,Business Travel,Eco Plus,481,5,5,5,5,5,4,5,5,3,4,2,4,5,4.38,5,0,TRUE
Female,Disloyal Customer,42,Business Travel,Business,301,4,4,4,5,5,4,5,5,4,4,4,5,5,4.46,0,0,TRUE
Male,Loyal Customer,38,Business Travel,Business,158,0,5,0,1,5,5,5,5,5,5,5,3,5,3.77,3,0,TRUE
Female,Disloyal Customer,27,Business Travel,Business,247,2,2,2,2,1,2,1,1,3,2,4,3,1,2,9,8,FALSE
Female,Loyal Customer,40,Business Travel,Business,1773,5,5,5,5,3,4,4,4,4,4,4,4,3,4.15,1,0,TRUE
Male,Disloyal Customer,22,Business Travel,Eco,1416,3,3,3,4,2,3,1,2,5,5,5,4,2,3.23,50,42,FALSE
Female,Loyal Customer,20,Personal Travel,Eco,770,1,4,2,3,2,2,2,2,4,2,4,4,2,2.62,0,8,FALSE
Female,Loyal Customer,57,Business Travel,Business,416,5,5,5,5,4,5,5,4,4,5,4,5,3,4.54,42,44,TRUE
Male,Loyal Customer,46,Personal Travel,Eco,1750,1,3,0,3,3,0,3,3,5,1,1,1,3,2.08,32,27,FALSE
Male,Loyal Customer,65,Personal Travel,Eco Plus,867,4,5,4,1,1,4,1,1,4,3,5,4,1,2.92,0,0,TRUE
Female,Loyal Customer,56,Business Travel,Business,3592,2,4,4,4,1,4,3,2,2,2,2,1,2,2.54,18,19,FALSE
Male,Loyal Customer,49,Business Travel,Business,1979,2,2,2,2,3,4,5,2,2,2,2,3,3,2.62,0,2,TRUE
Male,Loyal Customer,47,Business Travel,Business,3635,2,2,2,2,4,4,5,5,5,5,5,3,3,3.62,1,0,TRUE
Female,Disloyal Customer,65,Business Travel,Business,365,4,4,4,3,4,2,2,3,2,5,5,2,2,3.23,154,143,TRUE
Male,Loyal Customer,38,Business Travel,Business,2293,4,4,4,4,5,4,4,5,5,5,5,5,4,4.46,0,4,TRUE
Male,Loyal Customer,60,Business Travel,Eco,2267,2,2,2,2,2,2,2,2,2,5,4,1,2,2.31,0,0,FALSE
Female,Loyal Customer,74,Business Travel,Eco,120,3,3,3,3,4,4,3,3,3,3,3,2,4,3.15,16,1,FALSE
Female,Loyal Customer,47,Business Travel,Business,604,5,5,5,5,2,4,4,5,5,5,5,5,4,4.54,0,0,TRUE
Female,Loyal Customer,35,Personal Travel,Eco,682,2,5,2,3,2,2,2,2,5,4,5,5,2,3.15,9,2,FALSE
Male,Disloyal Customer,22,Business Travel,Eco Plus,1009,2,1,2,3,2,2,2,2,1,2,2,1,2,1.85,0,0,FALSE
Female,Loyal Customer,56,Business Travel,Business,1306,4,4,2,4,4,5,4,4,4,4,4,3,4,3.85,0,0,TRUE
Female,Disloyal Customer,47,Business Travel,Eco,421,2,0,2,1,2,2,4,2,2,5,4,1,2,2.23,15,13,FALSE
Female,Disloyal Customer,22,Business Travel,Business,551,4,5,4,3,3,4,3,3,4,3,5,3,3,3.62,0,0,TRUE
Male,Loyal Customer,49,Business Travel,Business,2099,1,1,2,1,2,4,4,5,5,5,5,5,4,3.38,0,0,TRUE
Female,Loyal Customer,32,Business Travel,Business,3483,1,2,2,2,1,1,1,4,2,4,3,1,1,1.92,178,175,FALSE
Female,Disloyal Customer,51,Business Travel,Business,551,4,4,4,4,4,4,2,4,1,2,3,4,4,3.38,30,38,FALSE
Male,Loyal Customer,70,Personal Travel,Eco,1145,3,4,3,2,5,3,3,5,4,5,3,5,5,3.85,13,1,FALSE
Male,Loyal Customer,44,Business Travel,Business,541,2,4,4,4,5,4,3,2,2,2,2,2,2,2.92,0,13,FALSE
Male,Loyal Customer,60,Business Travel,Eco,1097,5,3,3,3,5,5,5,5,4,3,4,2,5,4,0,0,TRUE
Male,Disloyal Customer,64,Business Travel,Business,338,5,5,5,4,2,5,2,2,4,2,5,3,2,3.54,0,0,TRUE
Male,Loyal Customer,35,Personal Travel,Eco Plus,591,1,0,1,2,3,1,1,3,4,2,5,4,3,2.31,0,0,FALSE
Male,Loyal Customer,58,Business Travel,Business,1670,1,1,1,1,4,4,5,4,4,4,4,4,3,3.08,0,0,TRUE
Male,Loyal Customer,39,Personal Travel,Eco,197,2,5,2,1,4,2,4,4,5,2,4,3,4,3.23,25,18,FALSE
Female,Loyal Customer,33,Business Travel,Business,2021,4,4,4,4,1,5,2,2,2,2,2,2,1,2.69,0,1,TRUE
Female,Loyal Customer,35,Business Travel,Eco,1069,4,1,1,1,4,5,4,4,2,5,5,3,4,3.31,54,41,TRUE
Male,Disloyal Customer,22,Business Travel,Eco,646,3,4,3,3,2,3,2,2,2,5,3,2,2,2.77,5,18,FALSE
Male,Loyal Customer,69,Personal Travel,Business,1208,4,4,4,4,2,2,4,1,1,4,1,5,1,2.85,0,0,TRUE
Male,Loyal Customer,47,Business Travel,Eco Plus,373,4,5,5,5,4,4,4,4,2,2,2,5,4,3.85,4,5,TRUE
Male,Disloyal Customer,26,Business Travel,Business,258,3,5,3,4,4,3,3,4,3,5,5,4,4,3.85,2,0,FALSE
Male,Loyal Customer,12,Personal Travel,Eco,1521,5,4,5,1,1,5,1,1,3,5,4,5,1,3.15,3,0,TRUE
Female,Loyal Customer,37,Business Travel,Business,425,3,3,3,3,3,5,2,5,5,5,5,5,4,3.92,0,0,TRUE
Male,Loyal Customer,31,Business Travel,Eco,359,0,0,0,4,3,0,3,3,5,1,4,2,3,2.15,1,0,TRUE
Male,Loyal Customer,28,Business Travel,Business,1960,4,4,4,4,4,4,4,4,1,4,3,4,4,3.69,1,0,FALSE
Female,Loyal Customer,60,Business Travel,Business,2725,2,4,3,3,1,3,2,2,2,2,2,2,4,2.46,0,14,FALSE
Male,Loyal Customer,67,Personal Travel,Eco,406,2,5,4,2,3,4,3,3,5,2,5,4,3,3.46,0,0,FALSE
Female,Loyal Customer,70,Business Travel,Business,280,1,2,3,2,5,4,4,1,1,1,1,1,4,2.31,56,45,FALSE
Male,Loyal Customer,51,Business Travel,Eco,640,2,3,3,3,2,2,2,2,2,3,3,3,2,2.46,0,6,FALSE
Female,Disloyal Customer,24,Business Travel,Business,402,3,1,2,3,5,2,5,5,2,2,2,4,5,3.15,0,9,FALSE
Male,Loyal Customer,42,Business Travel,Business,234,3,4,3,3,2,5,5,4,4,4,4,5,4,3.85,0,2,TRUE
Female,Loyal Customer,52,Business Travel,Business,2589,4,3,3,3,4,3,3,4,4,4,4,4,4,3.62,0,0,FALSE
Male,Disloyal Customer,49,Business Travel,Business,1182,1,1,1,5,4,1,4,4,4,5,5,5,4,3.38,0,2,FALSE
Male,Loyal Customer,33,Personal Travel,Eco,1222,4,5,4,1,3,4,3,3,2,2,2,4,3,3.08,1,0,FALSE
Male,Loyal Customer,35,Business Travel,Business,2905,5,5,1,5,4,4,5,4,4,4,4,5,4,4.15,0,0,TRUE
Female,Loyal Customer,48,Business Travel,Business,2583,1,1,1,1,4,4,4,4,3,4,5,4,4,3.08,0,10,TRUE
Male,Disloyal Customer,38,Business Travel,Business,404,2,2,2,3,3,2,3,3,5,5,4,4,3,3.15,0,0,FALSE
Male,Loyal Customer,16,Personal Travel,Eco,907,3,4,4,3,4,4,3,4,4,2,5,5,4,3.77,55,28,FALSE
Female,Loyal Customer,30,Business Travel,Eco,912,4,5,5,5,4,4,4,4,4,5,1,1,4,3.85,0,10,TRUE
Female,Loyal Customer,46,Business Travel,Eco,1222,2,2,2,2,5,3,2,2,2,2,2,3,3,2.46,0,0,FALSE
Female,Loyal Customer,47,Personal Travel,Eco Plus,460,3,4,1,3,2,1,3,5,5,1,1,4,2,2.69,1,0,FALSE
Male,Loyal Customer,55,Business Travel,Business,2275,4,4,2,4,5,4,4,4,4,4,4,5,3,3.92,10,3,TRUE
Female,Loyal Customer,28,Personal Travel,Eco,480,3,2,4,2,1,4,1,1,1,2,3,3,1,2.15,67,60,FALSE
Female,Disloyal Customer,25,Business Travel,Eco,522,2,5,2,1,5,2,5,5,3,1,1,2,5,3,0,0,FALSE
Male,Loyal Customer,7,Personal Travel,Eco,563,3,0,3,4,4,3,4,4,5,3,5,4,4,3.54,51,39,FALSE
Female,Disloyal Customer,24,Business Travel,Business,707,4,0,4,2,2,4,2,2,5,4,4,5,2,3.08,74,73,TRUE
Female,Disloyal Customer,20,Business Travel,Eco,919,1,2,2,3,1,2,1,1,3,4,4,5,1,2.31,3,18,FALSE
Female,Loyal Customer,42,Personal Travel,Eco,1491,1,3,1,2,3,3,3,4,4,1,4,1,2,2.46,20,12,FALSE
Male,Disloyal Customer,24,Business Travel,Eco,1127,2,2,2,3,1,2,1,1,1,2,3,3,1,1.85,0,0,FALSE
Female,Loyal Customer,60,Business Travel,Business,3694,4,4,4,4,4,5,4,5,5,5,5,4,3,4.31,35,27,TRUE
Male,Loyal Customer,41,Business Travel,Business,409,4,4,3,4,2,5,5,4,4,4,4,5,4,4,0,5,TRUE
Male,Loyal Customer,60,Personal Travel,Eco Plus,1726,1,4,1,1,1,1,1,1,4,2,5,4,1,2.08,39,3,FALSE
Female,Loyal Customer,12,Personal Travel,Eco,1201,3,2,4,4,5,4,5,5,3,1,4,2,5,3.62,0,0,FALSE
Male,Loyal Customer,59,Business Travel,Eco,240,1,3,3,3,1,1,1,1,1,3,1,3,1,1.77,0,0,FALSE
Female,Loyal Customer,59,Personal Travel,Eco,446,4,1,4,3,2,4,4,3,3,4,3,4,2,3.15,0,0,FALSE
Male,Disloyal Customer,20,Business Travel,Eco,680,3,4,4,5,4,1,5,5,2,4,5,5,5,4,330,349,FALSE
Male,Loyal Customer,40,Business Travel,Business,2432,3,3,3,3,4,4,5,4,4,4,4,5,3,3.77,5,0,TRUE
Male,Loyal Customer,46,Business Travel,Eco,774,3,5,5,5,3,3,3,3,4,2,4,1,3,3.38,0,5,FALSE
Male,Loyal Customer,36,Business Travel,Business,3891,0,0,0,1,3,5,4,3,3,3,3,4,1,2.31,0,0,TRUE
Male,Loyal Customer,24,Personal Travel,Eco,204,3,5,3,1,4,3,4,4,5,2,3,1,4,3.23,0,0,FALSE
Male,Loyal Customer,35,Personal Travel,Eco,912,2,4,2,1,4,2,4,4,5,4,5,5,4,3.54,72,60,FALSE
Male,Loyal Customer,15,Personal Travel,Eco,2296,4,5,3,4,4,3,4,4,3,2,4,4,4,3.69,0,0,FALSE
Male,Loyal Customer,26,Business Travel,Eco,1773,3,4,4,4,3,3,2,3,4,5,3,3,3,3.38,7,14,FALSE
Male,Loyal Customer,50,Business Travel,Business,3128,3,3,3,3,4,4,4,5,5,5,5,4,5,4.08,0,0,TRUE
Female,Loyal Customer,44,Business Travel,Business,1521,4,2,2,2,1,3,3,4,4,4,4,4,4,3.15,0,0,FALSE
Male,Loyal Customer,70,Personal Travel,Eco Plus,110,3,1,0,4,3,0,1,3,1,3,3,2,3,2.08,0,0,FALSE
Female,Loyal Customer,44,Business Travel,Business,460,2,2,2,2,3,4,4,5,5,5,5,4,3,3.54,0,0,TRUE
Female,Loyal Customer,43,Business Travel,Business,3764,2,2,2,2,4,4,5,5,5,5,5,4,4,3.77,18,4,TRUE
Female,Loyal Customer,11,Personal Travel,Eco,534,3,5,2,3,2,2,5,2,5,4,4,5,2,3.38,0,0,FALSE
Female,Loyal Customer,56,Business Travel,Business,3123,5,5,5,5,4,4,4,5,5,5,5,5,3,4.62,0,0,TRUE
Male,Loyal Customer,60,Business Travel,Business,213,4,4,4,4,2,4,5,4,4,4,5,5,4,4.08,0,1,TRUE
Female,Loyal Customer,49,Business Travel,Business,1950,5,5,5,5,4,3,2,4,4,4,5,1,3,3.85,0,0,TRUE
Female,Loyal Customer,7,Personal Travel,Eco,391,1,5,1,1,3,1,1,3,4,3,5,4,3,2.69,0,0,FALSE
Male,Loyal Customer,70,Personal Travel,Eco,163,2,2,0,4,3,0,3,3,4,1,4,3,3,2.46,0,0,FALSE
Male,Loyal Customer,32,Personal Travel,Eco,721,2,3,2,3,4,2,4,4,4,5,4,2,4,3.31,20,9,FALSE
Female,Disloyal Customer,23,Business Travel,Eco,258,1,3,1,3,1,1,1,1,4,3,4,2,1,2,25,18,FALSE
Male,Loyal Customer,57,Business Travel,Business,3837,3,3,4,3,2,4,5,4,4,4,5,3,5,3.77,0,0,TRUE
Female,Loyal Customer,56,Personal Travel,Eco,844,1,4,1,2,4,4,4,2,2,1,2,4,3,2.62,0,0,FALSE
Female,Loyal Customer,27,Personal Travel,Eco,2688,5,1,5,2,1,5,1,1,1,5,1,4,1,2.54,0,0,TRUE
Female,Loyal Customer,67,Personal Travel,Eco,895,3,1,4,4,2,3,4,5,5,4,5,2,2,3.38,0,0,FALSE
Male,Loyal Customer,51,Business Travel,Business,631,4,4,4,4,2,5,5,4,4,4,4,4,5,4.08,71,65,TRUE
Female,Loyal Customer,58,Business Travel,Eco,486,3,4,4,4,4,4,3,3,3,3,3,1,2,3.15,0,0,FALSE
Female,Disloyal Customer,24,Business Travel,Eco,866,2,2,2,4,5,2,5,5,3,4,1,5,5,3.46,0,0,FALSE
Female,Loyal Customer,46,Business Travel,Business,2851,1,1,1,1,3,4,4,4,4,4,4,4,4,3,0,0,TRUE
Male,Disloyal Customer,26,Business Travel,Business,261,1,5,1,5,4,1,4,4,4,5,5,3,4,3.54,0,0,FALSE
Female,Loyal Customer,39,Business Travel,Business,899,3,3,3,3,4,3,3,3,2,4,4,3,3,3.15,233,256,TRUE
Male,Disloyal Customer,27,Business Travel,Business,1069,4,4,4,4,2,4,2,2,2,5,3,4,2,3.23,60,44,FALSE
Female,Loyal Customer,16,Personal Travel,Eco,296,2,4,2,1,5,2,5,5,3,4,4,3,5,3.46,0,0,FALSE
Male,Loyal Customer,39,Personal Travel,Eco,345,2,1,2,2,2,2,2,2,2,2,3,4,2,2.15,6,0,FALSE
Male,Loyal Customer,31,Business Travel,Eco,1355,4,1,4,1,4,4,4,4,4,5,4,3,4,3.54,0,0,FALSE
Male,Loyal Customer,34,Personal Travel,Eco,1276,2,1,2,3,2,2,2,2,3,3,3,2,2,2.23,0,5,FALSE
Female,Loyal Customer,61,Personal Travel,Eco Plus,1069,4,5,5,2,2,4,4,5,5,5,5,5,4,4.23,0,0,TRUE
Female,Disloyal Customer,50,Business Travel,Eco,1400,4,4,4,3,2,4,2,2,4,5,4,4,2,3.38,0,0,FALSE
Male,Loyal Customer,32,Personal Travel,Eco,1372,5,4,5,2,4,5,4,4,5,5,5,4,4,4.31,0,1,TRUE
Male,Loyal Customer,49,Personal Travel,Eco,1303,3,4,4,2,3,4,3,3,5,2,5,5,3,3.54,79,61,FALSE
Male,Loyal Customer,37,Business Travel,Business,3023,1,1,1,1,4,3,3,5,3,2,2,3,3,2.46,303,324,TRUE
Female,Loyal Customer,48,Business Travel,Business,2311,4,4,2,4,2,4,4,5,5,5,5,5,3,4,8,12,TRUE
Male,Loyal Customer,43,Business Travel,Business,204,5,5,5,5,2,4,4,4,4,4,4,5,5,4.31,0,0,TRUE
Female,Loyal Customer,49,Personal Travel,Eco,794,3,2,3,4,3,4,3,5,5,3,5,2,4,3.54,0,0,FALSE
Female,Loyal Customer,59,Business Travel,Eco Plus,680,4,1,1,1,1,4,3,4,4,4,4,2,2,2.69,0,1,TRUE
Female,Loyal Customer,50,Business Travel,Business,3837,5,5,5,5,3,4,4,4,4,5,4,5,5,4.46,0,0,TRUE
Female,Loyal Customer,59,Business Travel,Business,257,3,3,3,3,2,1,5,5,5,5,5,3,2,3.46,0,4,TRUE
Female,Loyal Customer,40,Business Travel,Eco,241,1,3,3,3,1,1,1,1,2,5,3,4,1,2.23,0,10,FALSE
Male,Loyal Customer,39,Business Travel,Business,325,0,0,0,3,4,5,4,3,3,3,3,4,4,2.77,0,0,TRUE
Male,Disloyal Customer,20,Business Travel,Eco,189,3,4,3,3,5,3,5,5,3,2,4,4,5,3.77,3,1,FALSE
Female,Loyal Customer,29,Business Travel,Eco Plus,657,3,1,1,1,3,3,3,3,1,1,4,2,3,2.23,0,0,FALSE
Male,Loyal Customer,45,Personal Travel,Eco,545,4,2,4,1,2,4,2,2,1,1,1,3,2,2.23,0,0,FALSE
Female,Loyal Customer,43,Business Travel,Business,1916,5,5,5,5,3,5,5,4,4,4,4,3,3,4.23,0,0,TRUE
Female,Loyal Customer,52,Business Travel,Eco,920,4,1,1,1,3,3,3,4,4,4,4,1,4,2.85,0,3,TRUE
Male,Loyal Customer,29,Business Travel,Business,3926,3,5,5,5,3,3,3,3,3,2,2,4,3,3.38,1,0,FALSE
Male,Loyal Customer,26,Business Travel,Business,867,1,2,2,2,1,1,1,1,2,5,3,1,1,1.77,24,25,FALSE
Male,Loyal Customer,36,Personal Travel,Eco Plus,1020,2,0,2,3,4,2,4,4,5,3,5,3,4,3.15,6,5,FALSE
Male,Loyal Customer,52,Personal Travel,Business,191,2,2,2,3,2,4,3,1,1,2,1,3,2,2.15,97,91,FALSE
Female,Loyal Customer,9,Personal Travel,Eco,522,3,4,3,2,4,3,4,4,3,2,5,4,4,3.46,0,0,FALSE
Male,Loyal Customer,64,Business Travel,Eco,237,2,2,2,2,2,2,2,2,4,1,2,1,2,2,0,0,FALSE
Male,Loyal Customer,35,Business Travel,Eco,342,3,3,3,3,3,3,3,2,1,4,4,3,3,2.92,251,249,FALSE
Male,Loyal Customer,55,Business Travel,Business,1114,1,1,1,1,5,4,4,3,5,4,5,4,4,3.23,213,194,TRUE
Male,Loyal Customer,29,Business Travel,Business,2106,4,4,5,4,4,4,4,4,4,4,2,4,4,3.92,0,0,FALSE
Female,Loyal Customer,51,Business Travel,Business,1076,5,5,4,5,3,4,5,3,3,4,3,5,3,4,11,0,TRUE
Female,Loyal Customer,55,Business Travel,Business,793,4,4,3,4,5,4,4,5,5,5,5,3,3,4.15,13,24,TRUE
Female,Loyal Customer,31,Business Travel,Business,2933,1,1,1,1,4,4,4,4,1,1,1,1,4,2.15,0,2,TRUE
Male,Loyal Customer,35,Business Travel,Business,89,2,3,3,3,4,4,4,1,1,1,2,1,4,2.54,0,2,FALSE
Female,Loyal Customer,57,Business Travel,Business,3483,4,4,4,4,3,5,4,5,5,5,5,3,5,4.31,0,0,TRUE
Female,Loyal Customer,20,Business Travel,Eco,332,1,2,2,2,2,4,1,4,3,3,3,1,1,2.23,138,135,FALSE
Female,Loyal Customer,40,Business Travel,Business,3361,3,3,3,3,4,4,4,5,2,5,5,4,4,3.77,344,331,TRUE
Female,Loyal Customer,52,Personal Travel,Eco,526,1,4,4,1,5,4,5,3,3,4,3,4,3,3.38,0,0,FALSE
Male,Loyal Customer,30,Personal Travel,Eco,912,2,4,2,3,2,2,2,2,5,4,5,3,2,2.92,0,0,FALSE
Female,Loyal Customer,61,Business Travel,Business,458,3,2,4,2,1,4,3,3,3,2,3,4,4,2.92,10,8,FALSE
Female,Loyal Customer,54,Personal Travel,Eco,594,3,5,3,4,2,1,1,3,3,3,3,1,2,2.62,10,0,FALSE
Female,Loyal Customer,50,Business Travel,Eco Plus,1598,2,3,3,3,2,3,3,2,2,2,2,3,1,2.38,6,18,FALSE
Male,Loyal Customer,52,Personal Travel,Eco,954,1,4,2,3,5,2,5,5,2,3,4,4,5,3.46,35,47,FALSE
Male,Loyal Customer,27,Personal Travel,Eco,459,3,5,3,3,2,3,2,2,3,4,5,4,2,3.15,7,4,FALSE
Male,Loyal Customer,45,Personal Travel,Eco,462,2,2,2,3,3,2,3,3,4,3,2,2,3,2.62,1,13,FALSE
Female,Loyal Customer,61,Business Travel,Business,3227,4,4,4,4,3,3,5,5,5,5,5,2,4,4.08,0,0,TRUE
Female,Loyal Customer,24,Business Travel,Eco Plus,931,5,1,1,1,5,5,4,5,1,4,2,1,5,3.08,4,0,TRUE
Male,Loyal Customer,57,Personal Travel,Eco,453,4,4,4,4,4,4,4,4,4,5,4,3,4,4,0,0,FALSE
Female,Loyal Customer,54,Business Travel,Eco,391,3,2,2,2,4,3,4,3,3,3,3,2,4,2.92,0,0,FALSE
Male,Disloyal Customer,27,Business Travel,Business,515,3,3,3,2,4,3,4,4,3,4,5,5,4,3.62,30,42,FALSE
Female,Loyal Customer,10,Personal Travel,Eco,255,4,0,4,1,5,4,5,5,3,3,5,3,5,3.62,0,0,FALSE
Male,Disloyal Customer,30,Business Travel,Business,936,5,5,5,3,3,5,3,3,5,2,4,5,3,3.92,23,11,TRUE
Male,Loyal Customer,61,Business Travel,Business,1021,2,2,2,2,5,5,5,5,3,3,4,5,5,3.69,0,11,TRUE
Male,Disloyal Customer,25,Business Travel,Business,925,3,3,2,3,4,2,4,4,2,3,4,2,4,3.08,0,0,FALSE
Male,Loyal Customer,16,Personal Travel,Eco,200,1,1,1,4,2,1,2,2,3,4,4,1,2,2.15,35,50,FALSE
Male,Loyal Customer,48,Business Travel,Business,239,1,1,1,1,3,4,4,4,4,4,4,3,5,3,0,0,TRUE
Female,Loyal Customer,55,Business Travel,Business,603,3,3,3,3,4,4,5,4,4,4,4,4,3,3.69,0,0,TRUE
Male,Loyal Customer,37,Business Travel,Business,3493,3,3,3,3,4,5,3,5,5,5,4,1,2,3.54,0,0,TRUE
Male,Loyal Customer,38,Business Travel,Eco,2677,5,3,3,3,5,5,5,5,2,4,4,5,5,4.15,0,0,TRUE
Male,Disloyal Customer,26,Business Travel,Eco,459,2,2,3,4,4,3,4,4,1,5,4,3,4,3.31,0,0,FALSE
Male,Loyal Customer,27,Personal Travel,Eco,1703,4,3,4,4,2,4,2,2,3,1,3,5,2,3,0,0,TRUE
Female,Loyal Customer,35,Personal Travel,Eco Plus,1056,3,4,3,4,5,3,5,5,3,3,5,4,5,4,0,0,FALSE
Male,Loyal Customer,56,Business Travel,Eco,467,4,1,1,1,4,4,4,4,1,3,4,2,4,2.85,0,0,FALSE
Male,Loyal Customer,29,Business Travel,Eco,1117,5,4,4,4,5,5,5,5,5,5,5,4,5,4.69,9,0,TRUE
Male,Loyal Customer,31,Business Travel,Business,853,4,4,4,4,5,5,5,5,3,3,4,4,5,4.23,0,14,TRUE
Female,Loyal Customer,19,Business Travel,Business,1717,2,3,3,3,2,2,2,2,3,5,4,2,2,2.69,16,13,FALSE
Female,Loyal Customer,45,Personal Travel,Eco Plus,944,1,3,1,5,5,2,1,3,3,1,5,3,2,2.69,0,0,FALSE
Female,Loyal Customer,15,Personal Travel,Eco,919,2,3,1,4,4,1,4,4,4,2,3,1,4,2.85,6,0,FALSE
Female,Disloyal Customer,25,Business Travel,Eco,592,3,4,3,4,3,3,3,3,2,1,4,3,3,3,28,14,FALSE
Female,Disloyal Customer,13,Business Travel,Eco,1744,4,4,4,4,3,4,3,3,1,4,2,3,3,3.23,9,0,FALSE
Female,Disloyal Customer,36,Business Travel,Business,337,3,3,3,2,5,3,5,5,3,4,4,3,5,3.69,0,0,FALSE
Male,Loyal Customer,34,Business Travel,Business,697,3,3,2,3,1,4,3,5,5,5,5,2,5,3.54,0,0,TRUE
Male,Loyal Customer,53,Business Travel,Eco Plus,101,4,3,3,3,5,4,5,5,1,5,3,4,5,3.85,2,10,TRUE
Female,Loyal Customer,53,Business Travel,Business,2075,2,2,2,2,5,4,4,4,4,4,4,5,5,3.62,40,47,TRUE
Female,Loyal Customer,49,Personal Travel,Eco,201,1,3,0,4,0,2,2,3,2,4,4,2,2,2.23,165,155,FALSE
Male,Loyal Customer,39,Business Travel,Business,2915,5,5,5,5,5,5,4,4,4,4,4,4,4,4.46,2,0,TRUE
Male,Loyal Customer,28,Business Travel,Business,503,4,3,4,4,5,5,5,5,3,4,4,4,5,4.23,7,0,TRUE
Male,Disloyal Customer,24,Business Travel,Eco,590,3,4,3,5,4,3,4,4,5,5,4,3,4,3.92,0,12,FALSE
Male,Loyal Customer,16,Personal Travel,Eco,486,4,2,4,4,2,4,2,2,4,2,3,1,2,2.77,30,17,TRUE
Female,Disloyal Customer,29,Business Travel,Eco,386,1,0,1,4,5,1,5,5,2,2,4,1,5,2.77,39,30,FALSE
Male,Loyal Customer,42,Business Travel,Business,2298,2,2,2,2,4,5,5,5,5,5,4,3,5,3.77,0,0,TRUE
Female,Loyal Customer,33,Business Travel,Business,867,3,3,3,3,2,2,5,4,4,4,4,4,4,3.46,0,0,TRUE
Male,Loyal Customer,29,Business Travel,Business,1188,1,3,3,3,1,1,1,1,4,3,3,4,1,2.23,40,35,FALSE
Female,Disloyal Customer,23,Business Travel,Business,581,5,5,5,4,3,5,2,3,5,4,5,4,3,4.08,0,19,TRUE
Female,Disloyal Customer,29,Business Travel,Business,776,4,4,4,4,4,2,2,3,2,5,4,2,2,3.23,153,172,FALSE
Female,Loyal Customer,59,Business Travel,Business,2153,3,2,2,2,1,2,3,3,3,3,3,2,4,2.54,0,9,FALSE
Female,Loyal Customer,34,Personal Travel,Eco Plus,251,3,3,3,2,3,4,4,2,4,2,2,4,4,3.08,87,133,FALSE
Female,Loyal Customer,41,Business Travel,Business,2618,2,2,2,2,1,4,3,2,2,2,2,3,1,2.15,0,0,FALSE
Female,Loyal Customer,35,Personal Travel,Eco Plus,515,2,5,2,4,4,2,4,4,4,5,4,5,4,3.77,0,0,FALSE
Female,Loyal Customer,56,Personal Travel,Eco,1136,2,5,2,1,4,3,5,5,5,2,5,1,3,3.31,8,0,FALSE
Male,Disloyal Customer,36,Business Travel,Eco,486,4,4,4,3,2,4,5,2,4,1,3,4,2,3.23,34,23,FALSE
Male,Loyal Customer,45,Business Travel,Eco,1846,3,2,2,2,3,3,3,3,2,3,1,2,3,2.46,0,0,FALSE
Female,Disloyal Customer,22,Business Travel,Business,253,4,0,4,5,5,4,5,5,5,4,2,5,5,4.08,0,4,TRUE
Female,Loyal Customer,53,Business Travel,Business,3652,3,3,3,3,4,4,4,3,2,4,4,4,4,3.46,167,172,TRUE
Female,Loyal Customer,41,Business Travel,Eco,337,2,5,5,5,2,2,2,2,3,2,3,1,2,2.77,29,18,FALSE
Female,Loyal Customer,56,Business Travel,Business,1875,4,4,4,4,3,5,5,5,5,5,5,5,4,4.46,0,0,TRUE
Male,Loyal Customer,49,Business Travel,Business,3424,5,5,5,5,5,4,4,4,4,4,4,5,5,4.54,13,0,TRUE
Female,Loyal Customer,23,Business Travel,Business,3375,1,1,1,1,4,4,4,4,3,4,4,4,4,3,0,0,TRUE
Male,Loyal Customer,33,Personal Travel,Eco,190,2,5,2,4,5,2,5,5,3,4,5,3,5,3.85,0,0,FALSE
Female,Loyal Customer,26,Business Travel,Business,571,1,1,1,1,5,5,5,5,2,4,4,5,5,3.38,204,185,TRUE
Male,Loyal Customer,46,Business Travel,Eco,1017,5,5,4,4,5,5,5,5,4,5,3,2,5,4.38,113,121,TRUE
Male,Disloyal Customer,14,Business Travel,Eco,1409,3,3,3,3,2,3,2,2,3,1,3,3,2,2.54,0,0,FALSE
Female,Loyal Customer,62,Personal Travel,Eco,1188,1,3,1,2,4,3,2,5,5,1,5,4,2,2.92,0,6,FALSE
Female,Loyal Customer,43,Business Travel,Business,1598,4,3,4,4,4,4,4,4,4,4,4,5,3,3.92,0,0,TRUE
Female,Disloyal Customer,27,Business Travel,Eco Plus,282,2,2,2,4,3,2,3,3,4,5,3,4,3,3.08,0,0,FALSE
Female,Loyal Customer,21,Personal Travel,Eco,395,2,5,2,4,3,2,3,3,3,5,5,3,3,3.31,19,23,FALSE
Male,Loyal Customer,57,Business Travel,Business,2135,1,1,1,1,5,4,5,5,5,5,5,5,5,3.69,6,2,TRUE
Female,Loyal Customer,17,Business Travel,Business,2486,5,5,5,5,2,2,2,5,5,4,5,2,2,3.77,0,33,TRUE
Male,Loyal Customer,63,Business Travel,Business,334,5,5,5,5,2,5,4,5,5,5,5,4,5,4.62,45,27,TRUE
Female,Disloyal Customer,29,Business Travel,Business,2405,3,3,3,4,1,3,2,1,5,3,4,3,1,2.77,0,0,FALSE
Female,Loyal Customer,44,Business Travel,Eco,102,4,2,2,2,5,4,1,4,4,4,4,4,2,3.23,0,0,TRUE
Male,Loyal Customer,11,Personal Travel,Eco Plus,1620,2,5,2,3,2,2,2,2,4,2,4,5,2,2.85,21,0,FALSE
Male,Loyal Customer,56,Business Travel,Business,1598,4,4,4,4,3,3,5,5,5,5,5,4,3,4.15,58,47,TRUE
Female,Disloyal Customer,50,Business Travel,Eco,448,2,5,2,3,2,2,2,2,2,5,2,2,2,2.54,16,9,FALSE
Female,Disloyal Customer,44,Business Travel,Eco,109,2,2,2,3,3,2,3,3,3,2,3,2,3,2.54,19,13,FALSE
Male,Loyal Customer,41,Personal Travel,Eco,391,2,5,2,4,1,2,1,1,5,4,5,3,1,2.77,0,0,FALSE
Female,Loyal Customer,67,Personal Travel,Eco,743,1,4,1,5,3,4,4,1,1,1,1,5,3,2.62,29,15,FALSE
Female,Loyal Customer,35,Business Travel,Eco,253,1,0,0,4,1,0,1,1,3,3,3,1,1,1.46,6,0,FALSE
Male,Loyal Customer,24,Personal Travel,Eco,589,3,4,3,1,2,3,2,2,4,4,4,3,2,2.85,0,0,FALSE
Male,Loyal Customer,42,Business Travel,Business,1447,1,1,1,1,2,5,5,2,2,2,2,5,5,2.62,68,56,TRUE
Female,Loyal Customer,42,Business Travel,Business,258,5,5,5,5,4,4,4,4,4,4,4,5,5,4.46,0,0,TRUE
Female,Loyal Customer,29,Business Travel,Business,3637,4,3,3,3,4,4,4,4,3,5,4,2,4,3.62,23,12,FALSE
Male,Loyal Customer,60,Business Travel,Eco,510,3,2,2,2,4,3,4,4,2,5,4,1,4,3.08,0,0,FALSE
Male,Loyal Customer,46,Business Travel,Business,2698,2,2,2,2,3,4,5,4,4,4,4,3,3,3.23,0,0,TRUE
Male,Loyal Customer,43,Business Travel,Business,1505,5,5,5,5,4,4,5,4,4,4,4,3,4,4.31,0,0,TRUE
Female,Loyal Customer,23,Business Travel,Business,3529,5,5,5,5,4,4,4,4,3,3,4,4,4,4.15,50,53,TRUE
Female,Loyal Customer,33,Personal Travel,Eco,342,1,4,1,3,5,1,5,5,3,5,4,4,5,3.54,0,0,FALSE
Male,Loyal Customer,62,Business Travel,Business,2859,2,4,4,4,5,3,4,2,2,2,2,3,3,3.08,0,0,FALSE
Male,Loyal Customer,59,Personal Travel,Eco,1379,1,5,0,2,5,0,5,5,5,2,4,3,5,3.23,0,0,FALSE
Female,Loyal Customer,27,Personal Travel,Eco Plus,163,3,4,3,2,1,3,1,1,3,2,5,5,1,2.62,0,0,FALSE
Female,Disloyal Customer,27,Business Travel,Eco,240,1,2,1,4,4,1,2,4,1,1,3,4,4,2.46,5,1,FALSE
Female,Loyal Customer,37,Business Travel,Business,2347,4,4,4,4,3,4,4,4,4,4,4,5,5,4.08,0,0,TRUE
Female,Loyal Customer,59,Business Travel,Business,2827,1,5,5,5,1,1,1,3,2,3,4,1,1,2.54,303,315,FALSE
Male,Loyal Customer,44,Business Travel,Business,2515,1,3,5,3,4,4,3,1,1,2,1,3,2,2.54,34,26,FALSE
Female,Disloyal Customer,42,Business Travel,Business,1047,5,5,5,3,4,5,4,4,4,5,5,3,4,4.31,0,0,TRUE
Female,Loyal Customer,33,Business Travel,Business,2475,1,1,1,1,3,1,3,4,4,4,4,2,4,2.54,0,0,TRUE
Female,Loyal Customer,44,Business Travel,Eco,265,4,3,3,3,1,5,3,4,4,4,4,3,2,3.31,0,0,TRUE
Male,Loyal Customer,44,Business Travel,Business,2461,5,5,5,5,4,5,5,3,3,3,3,5,5,4.31,0,0,TRUE
Female,Loyal Customer,38,Personal Travel,Eco,331,3,0,3,4,2,3,2,2,5,4,4,5,2,3,0,0,FALSE
Female,Loyal Customer,22,Personal Travel,Eco,986,3,4,3,3,2,3,2,2,3,3,5,3,2,2.92,8,66,FALSE
Male,Loyal Customer,29,Personal Travel,Eco Plus,356,4,4,4,4,3,4,3,3,3,2,5,4,3,3.54,39,30,FALSE
Male,Loyal Customer,12,Personal Travel,Eco,446,1,4,1,3,4,1,4,4,5,5,5,5,4,3.54,124,111,FALSE
Female,Loyal Customer,46,Personal Travel,Eco,1092,2,4,2,2,1,5,3,5,5,2,5,3,2,3.15,0,0,FALSE
Male,Loyal Customer,41,Business Travel,Business,300,3,2,2,2,4,3,3,3,3,3,3,4,4,3,0,0,FALSE
Female,Loyal Customer,27,Business Travel,Business,1980,5,5,5,5,1,2,1,1,3,2,3,2,1,2.77,79,83,TRUE
Female,Loyal Customer,30,Business Travel,Business,2654,2,1,1,1,2,2,2,2,4,3,4,3,2,2.23,12,11,FALSE
Female,Loyal Customer,61,Personal Travel,Eco,1497,2,3,2,5,5,5,5,3,3,2,3,5,5,3.69,11,0,FALSE
Male,Loyal Customer,42,Business Travel,Business,3713,5,5,5,5,4,5,4,4,4,4,4,5,4,4.46,0,12,TRUE
Male,Loyal Customer,47,Business Travel,Business,2970,2,2,2,2,5,5,5,4,4,4,4,3,4,3.54,56,51,TRUE
Male,Loyal Customer,49,Business Travel,Business,2701,2,2,2,2,4,4,4,2,4,5,4,4,4,3.31,0,0,TRUE
Male,Loyal Customer,36,Personal Travel,Eco,522,1,5,4,3,5,4,5,5,3,5,4,5,5,4.15,125,114,FALSE
Female,Loyal Customer,50,Business Travel,Business,1005,4,4,4,4,2,5,5,3,3,3,3,5,4,3.77,0,14,TRUE
Female,Disloyal Customer,22,Business Travel,Business,1746,0,0,0,2,3,0,3,3,5,5,5,4,3,2.54,0,0,TRUE
Female,Disloyal Customer,26,Business Travel,Business,1180,4,4,4,5,1,4,1,1,5,3,4,4,1,3.15,0,0,TRUE
Male,Loyal Customer,54,Personal Travel,Eco Plus,1592,3,5,3,3,3,3,3,3,5,2,4,3,3,3.31,10,0,FALSE
Male,Loyal Customer,24,Business Travel,Eco,666,4,2,2,2,4,4,5,4,1,1,5,5,4,3.31,17,4,TRUE
Male,Loyal Customer,46,Business Travel,Eco,264,3,2,2,2,3,3,3,3,1,3,4,4,3,2.77,0,1,FALSE
Male,Loyal Customer,26,Business Travel,Business,667,4,2,3,2,4,4,4,3,5,4,4,4,4,3.62,193,208,FALSE
Female,Disloyal Customer,40,Business Travel,Business,404,4,4,4,2,4,4,4,4,5,3,4,5,4,3.92,0,0,TRUE
Female,Loyal Customer,18,Business Travel,Business,954,1,1,2,1,4,4,4,4,1,1,4,5,4,2.77,0,0,TRUE
Female,Loyal Customer,37,Business Travel,Business,3488,4,4,4,4,1,2,4,5,5,5,5,5,1,3.77,0,0,TRUE
Male,Loyal Customer,15,Personal Travel,Business,2172,3,4,3,4,1,3,4,1,4,3,4,4,1,3,0,1,FALSE
Female,Loyal Customer,48,Personal Travel,Eco,1120,1,5,1,1,2,5,3,3,3,1,4,4,2,2.69,10,9,FALSE
Male,Loyal Customer,51,Business Travel,Business,3422,3,1,1,1,4,2,2,3,3,3,3,3,1,2.31,28,26,FALSE
Female,Loyal Customer,14,Personal Travel,Eco,209,4,5,4,4,4,4,1,4,1,2,2,3,4,3.23,11,3,FALSE
Female,Loyal Customer,44,Business Travel,Business,2665,5,5,5,5,2,4,5,5,5,5,4,5,4,4.54,2,0,TRUE
Male,Loyal Customer,30,Personal Travel,Eco,462,4,5,5,4,4,5,4,4,3,2,5,3,4,4,0,0,FALSE
Female,Loyal Customer,32,Business Travel,Eco,842,0,0,0,1,4,0,4,4,4,4,4,2,4,2.38,0,7,TRUE
Female,Loyal Customer,53,Personal Travel,Eco,588,3,2,3,3,3,4,3,1,1,3,1,4,3,2.62,0,0,FALSE
Male,Loyal Customer,37,Business Travel,Business,1069,5,5,5,5,5,5,5,4,4,4,4,4,3,4.46,0,0,TRUE
Female,Loyal Customer,29,Business Travel,Business,1726,1,1,1,1,5,5,5,3,5,5,5,5,5,3.62,139,139,TRUE
Male,Loyal Customer,46,Business Travel,Eco,1212,4,1,1,1,4,4,4,4,3,2,3,2,4,2.85,0,0,FALSE
Female,Loyal Customer,57,Personal Travel,Eco Plus,1195,4,5,4,4,4,4,5,3,3,4,3,5,4,4,0,0,FALSE
Male,Loyal Customer,41,Business Travel,Business,1416,1,1,1,1,2,5,4,2,2,2,2,5,4,2.46,5,0,TRUE
Male,Loyal Customer,51,Personal Travel,Eco,1546,2,5,3,3,1,3,1,1,3,3,4,4,1,2.62,0,0,FALSE
Male,Loyal Customer,46,Business Travel,Eco,250,4,1,1,1,4,4,4,4,5,2,5,1,4,3.08,0,0,TRUE
Male,Loyal Customer,56,Business Travel,Business,89,3,4,4,4,1,4,4,1,1,2,3,3,1,2.69,0,0,FALSE
Female,Loyal Customer,34,Business Travel,Eco,163,5,3,3,3,5,5,5,5,1,2,3,5,5,3.85,0,2,TRUE
Female,Loyal Customer,13,Personal Travel,Eco Plus,1165,4,5,4,4,3,4,3,3,3,2,5,3,3,3.54,121,109,FALSE
Male,Loyal Customer,17,Personal Travel,Eco,1237,1,4,1,3,1,1,1,1,5,2,4,4,1,2.23,22,8,FALSE
Female,Disloyal Customer,30,Business Travel,Business,1931,1,1,1,3,1,1,1,1,4,4,5,3,1,2.08,0,0,FALSE
Male,Loyal Customer,25,Personal Travel,Eco,1086,1,5,1,2,2,1,2,2,3,2,4,4,2,2.38,0,0,FALSE
Male,Loyal Customer,11,Personal Travel,Eco,192,4,5,4,4,3,4,2,3,5,5,4,3,3,3.77,10,0,TRUE
Male,Loyal Customer,14,Personal Travel,Eco,748,3,4,3,5,3,3,3,3,3,4,5,4,3,3.54,0,0,FALSE
Female,Loyal Customer,42,Business Travel,Business,1680,4,1,4,4,5,4,4,4,4,4,4,3,5,3.85,33,18,TRUE
Male,Loyal Customer,52,Business Travel,Business,337,0,0,0,2,3,4,4,2,2,3,3,5,4,2.46,7,1,TRUE
Male,Loyal Customer,29,Personal Travel,Eco,479,4,1,4,4,5,4,5,5,3,1,3,1,5,3.46,0,0,FALSE
Male,Loyal Customer,37,Personal Travel,Eco Plus,507,1,4,1,3,5,1,5,5,5,4,5,5,5,3.77,19,23,FALSE
Male,Loyal Customer,24,Business Travel,Business,2039,1,2,4,2,1,1,1,1,4,1,4,3,1,2,0,0,FALSE
Female,Loyal Customer,57,Business Travel,Business,2475,3,3,3,3,5,5,5,4,3,4,5,5,5,4.08,0,0,TRUE
Male,Loyal Customer,52,Personal Travel,Eco,767,2,5,2,3,2,2,2,2,4,4,3,5,2,2.92,0,5,FALSE
Male,Loyal Customer,36,Personal Travel,Eco,449,2,5,2,1,2,2,2,2,4,4,4,4,2,2.77,0,0,FALSE
Male,Loyal Customer,45,Business Travel,Eco,590,2,4,1,4,3,2,3,3,1,1,4,1,3,2.46,2,4,FALSE
Male,Loyal Customer,50,Business Travel,Eco,667,2,2,2,2,2,2,2,2,1,4,3,2,2,2.15,0,0,FALSE
Female,Loyal Customer,48,Personal Travel,Eco,228,3,4,3,3,3,4,5,5,5,3,5,4,3,3.85,0,0,FALSE
Male,Loyal Customer,52,Business Travel,Business,3907,1,1,5,1,4,4,5,4,4,4,4,5,4,3.54,0,0,TRUE
Male,Loyal Customer,33,Business Travel,Eco,1703,2,1,1,1,2,2,2,2,4,5,3,4,2,2.38,1,0,FALSE
Female,Loyal Customer,66,Personal Travel,Eco,735,2,1,1,3,2,3,2,3,3,1,3,3,2,2.23,0,0,FALSE
Female,Disloyal Customer,17,Business Travel,Eco,1015,2,2,2,3,1,2,1,1,1,1,3,3,1,1.77,48,35,FALSE
Male,Loyal Customer,16,Personal Travel,Eco,957,1,4,1,3,3,1,3,3,3,2,3,3,3,2.54,50,35,FALSE
Female,Loyal Customer,68,Personal Travel,Eco Plus,368,3,3,3,4,3,4,3,1,1,3,1,1,1,2.38,0,22,FALSE
Male,Loyal Customer,31,Personal Travel,Eco,534,2,4,2,4,4,2,4,4,3,5,4,4,4,3.54,72,71,FALSE
Male,Disloyal Customer,42,Business Travel,Business,862,3,3,3,2,1,3,1,1,3,2,5,4,1,2.46,0,0,TRUE
Female,Disloyal Customer,25,Business Travel,Business,928,4,0,4,2,1,4,4,1,4,5,3,3,1,2.77,11,0,TRUE
Female,Loyal Customer,43,Personal Travel,Eco,1062,4,5,4,4,2,4,4,2,2,4,2,5,5,3.62,1,12,FALSE
Male,Loyal Customer,45,Business Travel,Business,2930,2,5,5,5,5,4,3,2,2,2,2,1,4,3.23,12,3,FALSE
Male,Loyal Customer,44,Business Travel,Business,834,3,3,5,3,5,5,5,3,3,4,3,5,3,3.85,0,0,TRUE
Female,Loyal Customer,39,Personal Travel,Eco,280,4,4,4,1,4,4,1,4,5,5,4,5,4,3.77,0,8,FALSE
Male,Loyal Customer,29,Business Travel,Eco,1576,3,3,3,3,3,3,3,3,2,1,4,4,3,2.92,1,0,FALSE
Female,Loyal Customer,30,Business Travel,Eco,260,4,4,4,4,4,4,4,4,2,4,1,3,4,3.54,0,0,TRUE
Male,Disloyal Customer,28,Business Travel,Business,351,2,2,2,3,3,2,1,3,1,4,2,1,3,2.23,0,0,FALSE
Female,Disloyal Customer,64,Business Travel,Eco,372,4,2,4,4,4,4,4,4,3,2,4,3,4,3.54,0,4,FALSE
Male,Loyal Customer,30,Business Travel,Eco Plus,248,2,2,2,2,2,2,2,2,4,1,4,3,2,2.31,28,28,FALSE
Female,Loyal Customer,7,Personal Travel,Eco Plus,2125,5,3,5,4,4,5,2,4,4,5,4,1,4,3.85,64,69,TRUE
Female,Disloyal Customer,25,Business Travel,Eco,871,2,2,2,3,3,2,3,3,4,5,3,3,3,2.92,60,81,FALSE
Female,Loyal Customer,43,Business Travel,Eco,106,5,2,2,2,5,3,3,5,5,5,5,1,3,3.54,0,0,TRUE
Female,Disloyal Customer,36,Business Travel,Eco,67,1,2,1,3,1,1,1,1,4,1,3,1,1,1.62,0,0,FALSE
Male,Loyal Customer,42,Business Travel,Business,3809,4,4,4,4,4,4,4,4,2,5,4,4,4,3.92,133,193,TRUE
Female,Loyal Customer,55,Business Travel,Business,2193,3,5,5,5,4,3,3,3,3,3,3,3,3,3.54,14,13,FALSE
Male,Disloyal Customer,37,Business Travel,Eco,944,5,5,5,3,2,5,2,2,4,3,2,3,2,3.31,0,0,TRUE
Female,Loyal Customer,53,Business Travel,Business,3129,2,2,5,2,3,3,4,5,5,4,5,2,5,3.62,38,48,TRUE
Male,Disloyal Customer,26,Business Travel,Business,140,1,2,0,3,4,0,4,4,1,3,3,3,4,2.46,0,0,FALSE
Female,Loyal Customer,64,Business Travel,Business,308,3,3,3,3,1,5,5,4,4,4,4,1,4,3.38,0,0,TRUE
Male,Loyal Customer,51,Business Travel,Business,2258,2,2,2,2,3,4,5,5,5,5,5,4,4,3.69,20,11,TRUE
Male,Loyal Customer,17,Personal Travel,Eco,883,1,4,1,4,2,1,3,2,1,4,4,1,2,2.31,0,0,FALSE
Female,Loyal Customer,16,Personal Travel,Eco,2306,2,4,1,1,4,1,4,4,4,5,5,4,4,3.31,0,0,FALSE
Female,Disloyal Customer,30,Business Travel,Business,370,0,0,0,1,1,0,1,1,5,4,4,3,1,1.62,0,0,TRUE
Female,Loyal Customer,56,Business Travel,Business,3194,5,5,3,5,3,4,3,5,5,5,5,4,4,4.31,0,0,TRUE
Female,Loyal Customer,22,Personal Travel,Eco,596,3,1,3,3,2,3,2,2,2,4,1,4,2,2.46,0,0,FALSE
Male,Loyal Customer,43,Business Travel,Business,2454,2,2,2,2,3,4,5,4,4,4,4,3,5,3.38,13,0,TRUE
Male,Loyal Customer,25,Business Travel,Business,552,3,2,2,2,3,3,3,3,3,4,3,3,3,2.85,5,16,FALSE
Female,Loyal Customer,59,Business Travel,Business,2402,5,5,5,5,3,3,4,3,3,4,3,3,4,3.85,0,0,TRUE
Male,Loyal Customer,54,Business Travel,Business,1585,2,2,2,2,2,4,5,4,4,4,4,3,3,3.15,0,0,TRUE
Female,Loyal Customer,58,Personal Travel,Business,456,2,4,4,1,5,5,4,5,5,4,5,4,5,4.08,29,21,FALSE
Male,Loyal Customer,60,Personal Travel,Eco,921,4,5,4,2,1,4,1,1,5,5,4,5,1,3.23,0,0,TRUE
Male,Loyal Customer,56,Business Travel,Business,1084,1,1,1,1,5,4,5,3,3,3,3,5,3,2.92,0,0,TRUE
Male,Loyal Customer,57,Business Travel,Business,3101,2,2,2,2,4,4,4,5,5,5,5,4,4,3.69,0,0,TRUE
Male,Loyal Customer,8,Personal Travel,Eco,334,4,2,4,3,3,4,3,3,3,3,4,4,3,3.31,0,0,TRUE
Male,Loyal Customer,49,Business Travel,Eco,247,2,4,4,4,2,2,2,2,4,1,3,2,2,2.62,0,0,FALSE
Female,Disloyal Customer,23,Business Travel,Eco,925,5,5,5,3,4,5,1,4,5,2,2,5,4,3.85,4,3,TRUE
Female,Disloyal Customer,39,Business Travel,Business,432,2,2,2,3,2,2,2,2,3,1,5,2,2,2.31,0,4,FALSE
Male,Loyal Customer,66,Business Travel,Eco,600,3,1,1,1,3,3,3,3,2,4,4,1,3,2.46,6,1,FALSE
Female,Disloyal Customer,18,Business Travel,Eco,874,3,2,2,4,1,2,1,1,3,3,3,4,1,2.31,0,0,FALSE
Male,Loyal Customer,22,Personal Travel,Eco,646,5,5,5,3,1,5,1,1,5,2,5,3,1,3.23,0,0,TRUE
Male,Loyal Customer,53,Business Travel,Business,404,5,5,5,5,4,5,5,4,4,4,4,4,4,4.46,35,38,TRUE
Female,Loyal Customer,34,Business Travel,Business,3303,5,5,5,5,2,1,4,4,4,4,4,2,3,3.69,33,,TRUE
Female,Loyal Customer,44,Business Travel,Eco,1118,5,2,1,2,5,5,5,5,2,1,2,5,5,3.46,333,371,TRUE
Male,Loyal Customer,52,Business Travel,Business,3836,5,5,5,5,5,5,5,4,4,4,4,4,3,4.46,8,10,TRUE
Female,Loyal Customer,31,Business Travel,Business,493,2,4,5,5,2,2,2,2,4,1,3,2,2,2.77,0,0,FALSE
Female,Loyal Customer,36,Business Travel,Business,2454,1,2,2,2,2,1,1,3,3,1,2,1,1,1.69,7,6,FALSE
Female,Loyal Customer,41,Business Travel,Business,366,4,4,4,4,5,4,4,4,4,4,4,3,4,4,6,0,TRUE
Female,Disloyal Customer,42,Business Travel,Business,427,5,5,5,1,1,5,1,1,3,5,4,3,1,3.08,57,50,TRUE
Male,Loyal Customer,39,Business Travel,Eco,763,3,2,2,2,3,3,3,3,3,3,2,3,3,2.69,5,0,FALSE
Female,Loyal Customer,28,Personal Travel,Eco,1194,3,1,3,1,5,3,5,5,4,2,2,2,5,3.15,3,0,FALSE
Male,Disloyal Customer,33,Business Travel,Eco,331,1,0,0,4,3,0,3,3,3,3,2,5,3,2.31,0,10,FALSE
Male,Loyal Customer,49,Business Travel,Business,1545,5,5,5,5,3,5,5,4,4,4,4,5,5,4.54,0,0,TRUE
Male,Disloyal Customer,25,Business Travel,Business,404,5,0,5,1,5,5,5,5,5,5,4,5,5,4.23,0,3,TRUE
Female,Loyal Customer,7,Personal Travel,Eco,1124,4,4,3,1,4,3,4,4,4,2,4,5,4,3.54,0,0,FALSE
Male,Loyal Customer,31,Business Travel,Eco Plus,669,4,2,2,2,4,4,4,4,2,4,1,1,4,2.92,0,0,TRUE
Male,Loyal Customer,22,Business Travel,Business,1620,1,1,4,1,1,1,1,1,3,3,4,4,1,2,0,0,FALSE
Female,Loyal Customer,65,Personal Travel,Eco,622,4,4,3,3,4,5,5,5,5,3,5,4,5,4.23,0,0,FALSE
Male,Loyal Customer,21,Personal Travel,Eco,110,2,4,2,1,3,2,3,3,3,2,1,3,3,2.46,22,10,FALSE
Female,Loyal Customer,61,Business Travel,Business,3218,4,4,4,4,2,4,2,4,4,4,4,5,4,3.77,0,3,TRUE
Male,Loyal Customer,22,Personal Travel,Eco,1660,3,4,3,3,1,3,1,1,2,3,4,4,1,2.54,0,0,FALSE
Male,Disloyal Customer,45,Business Travel,Business,867,4,4,4,2,4,4,4,4,4,3,4,3,4,3.69,7,0,TRUE
Female,Loyal Customer,50,Business Travel,Business,1759,2,2,5,2,2,3,3,2,2,2,2,4,2,2.54,106,86,FALSE
Male,Loyal Customer,68,Personal Travel,Eco Plus,689,3,5,3,3,2,3,2,2,4,3,2,4,2,2.92,0,0,FALSE
Male,Loyal Customer,78,Business Travel,Eco,129,1,0,0,3,4,1,3,4,3,4,4,2,4,2.54,26,40,FALSE
Female,Loyal Customer,34,Business Travel,Business,3939,2,1,1,1,5,4,3,2,2,2,2,3,1,2.23,0,0,FALSE
Male,Loyal Customer,31,Business Travel,Business,1763,3,3,3,3,4,5,4,4,5,2,4,3,4,3.62,0,0,TRUE
Male,Loyal Customer,9,Personal Travel,Eco,631,4,4,4,3,1,4,1,1,4,2,5,3,1,2.85,30,17,FALSE
Male,Loyal Customer,51,Business Travel,Business,1973,1,1,1,1,4,4,5,2,2,2,2,5,4,2.62,43,40,TRUE
Male,Loyal Customer,61,Personal Travel,Eco,296,3,5,3,4,3,3,5,3,5,3,5,5,3,3.85,49,55,FALSE
Male,Loyal Customer,22,Business Travel,Business,3206,2,2,2,2,5,5,5,4,2,5,4,5,5,3.69,41,133,TRUE
Female,Loyal Customer,40,Business Travel,Eco,432,4,2,2,2,4,4,4,4,3,5,3,4,4,3.46,51,86,FALSE
Female,Disloyal Customer,22,Business Travel,Eco,328,1,4,1,5,1,1,1,1,2,4,1,4,1,2.08,0,0,FALSE
Male,Disloyal Customer,45,Business Travel,Eco,468,1,1,1,4,1,1,4,1,2,1,3,1,1,1.69,0,0,FALSE
Male,Loyal Customer,48,Personal Travel,Eco,404,3,4,5,2,1,5,1,1,4,4,5,5,1,3.15,0,0,FALSE
Male,Loyal Customer,33,Business Travel,Business,261,3,5,5,5,3,3,3,3,2,2,3,3,3,3.31,0,0,FALSE
Female,Loyal Customer,14,Personal Travel,Eco,472,2,0,2,4,3,2,3,3,5,5,5,4,3,3.15,0,0,FALSE
Male,Loyal Customer,40,Business Travel,Eco,539,4,3,3,3,4,4,4,4,5,4,1,4,4,3.62,0,0,TRUE
Female,Loyal Customer,40,Personal Travel,Eco,853,2,5,2,2,3,2,1,3,4,4,5,3,3,3,34,9,FALSE
Male,Loyal Customer,25,Business Travel,Business,591,3,4,4,4,3,3,3,3,2,1,3,1,3,2.85,0,39,FALSE
Male,Loyal Customer,30,Business Travel,Business,944,3,3,3,3,5,5,5,5,4,3,3,3,5,3.85,0,0,TRUE
Female,Loyal Customer,37,Business Travel,Eco Plus,304,2,5,5,5,2,2,2,2,3,3,3,2,2,2.92,6,5,FALSE
Female,Disloyal Customer,34,Business Travel,Business,390,3,3,3,3,4,3,4,4,4,5,4,4,4,3.69,0,0,FALSE
Male,Loyal Customer,34,Business Travel,Business,2716,4,1,4,4,3,1,5,3,3,3,3,2,5,3.15,0,13,TRUE
Female,Loyal Customer,48,Personal Travel,Eco,534,3,4,3,3,3,5,5,2,2,3,2,3,3,3.15,14,21,FALSE
Female,Disloyal Customer,12,Business Travel,Business,989,0,0,0,1,3,0,3,3,5,4,4,4,3,2.31,0,0,TRUE
Male,Loyal Customer,69,Personal Travel,Eco,2556,1,5,1,3,1,1,1,3,2,3,5,1,1,2.15,8,18,FALSE
Female,Loyal Customer,51,Business Travel,Business,2419,5,5,2,5,5,5,5,3,5,3,4,5,5,4.38,0,0,TRUE
Female,Disloyal Customer,40,Business Travel,Business,888,2,3,3,3,2,3,5,2,4,3,3,3,2,2.92,0,0,FALSE
Female,Disloyal Customer,25,Business Travel,Business,190,2,0,2,4,1,2,1,1,4,3,5,4,1,2.31,6,9,FALSE
Female,Loyal Customer,27,Business Travel,Business,3686,2,2,2,2,4,4,4,4,4,4,3,1,4,3.08,5,3,TRUE
Female,Loyal Customer,38,Business Travel,Business,3969,3,5,5,5,2,3,3,3,3,3,3,3,4,3.46,11,24,FALSE
Male,Loyal Customer,29,Personal Travel,Eco,337,1,5,1,2,3,1,3,3,3,1,5,3,3,2.62,0,28,FALSE
Female,Loyal Customer,42,Business Travel,Business,280,1,1,1,1,5,4,5,5,5,5,5,3,5,3.54,16,7,TRUE
Female,Loyal Customer,43,Business Travel,Business,160,1,1,1,1,4,5,3,4,4,4,5,3,5,3.15,0,0,TRUE
Female,Loyal Customer,40,Business Travel,Business,2077,4,4,1,4,2,5,4,5,5,5,5,5,5,4.15,1,0,TRUE
Male,Loyal Customer,51,Personal Travel,Eco,546,1,5,2,5,1,2,1,1,4,4,1,2,1,2.31,20,14,FALSE
Male,Loyal Customer,10,Personal Travel,Eco,895,2,4,2,3,5,2,5,5,5,5,4,5,5,4,93,75,FALSE
Male,Loyal Customer,42,Personal Travel,Eco Plus,1635,1,4,1,3,5,1,5,5,3,5,4,5,5,3.62,14,9,FALSE
Male,Loyal Customer,25,Business Travel,Eco Plus,1269,2,2,2,2,2,2,2,2,1,3,4,4,2,2.31,0,0,FALSE
Female,Loyal Customer,9,Personal Travel,Eco,1047,3,5,3,4,5,3,5,5,3,3,5,4,5,4.08,3,0,FALSE
Female,Loyal Customer,60,Business Travel,Eco,484,1,2,1,2,4,4,3,1,1,1,1,2,3,2,0,33,FALSE
Male,Loyal Customer,9,Personal Travel,Eco,134,5,4,5,4,4,5,4,4,3,2,3,1,4,3.69,12,0,TRUE
Female,Loyal Customer,57,Business Travel,Business,175,3,5,5,5,4,2,3,1,1,2,3,3,4,3.15,8,0,FALSE
Male,Loyal Customer,38,Business Travel,Eco,925,5,3,3,3,5,5,5,5,5,5,1,5,5,4.23,36,30,TRUE
Male,Loyal Customer,69,Business Travel,Business,2810,4,4,4,4,5,5,4,4,4,5,4,5,3,4.23,0,9,TRUE
Female,Loyal Customer,52,Business Travel,Business,1865,3,3,3,3,5,3,4,4,4,4,4,5,5,3.85,0,0,TRUE
Female,Loyal Customer,49,Business Travel,Business,655,3,3,3,3,2,1,3,2,2,2,2,3,5,2.62,7,0,TRUE
Female,Disloyal Customer,16,Business Travel,Eco,683,3,3,3,1,3,1,1,4,5,4,4,1,1,2.62,150,135,FALSE
Male,Loyal Customer,32,Business Travel,Business,612,1,1,1,1,4,4,4,4,4,5,5,5,4,3.31,10,2,TRUE
Female,Loyal Customer,31,Personal Travel,Eco,919,3,3,3,3,1,3,1,1,2,2,3,3,1,2.23,11,0,FALSE
Female,Loyal Customer,51,Business Travel,Business,3762,3,4,3,3,5,4,4,4,4,4,5,3,4,3.85,0,0,TRUE
Male,Loyal Customer,71,Business Travel,Business,1546,2,2,2,2,5,3,4,2,2,2,2,3,1,2.46,0,0,FALSE
Male,Loyal Customer,60,Personal Travel,Eco,294,1,4,1,4,4,1,4,4,5,2,4,5,4,3.31,0,4,FALSE
Male,Loyal Customer,11,Personal Travel,Eco,369,1,2,1,4,5,1,5,5,1,5,3,1,5,3,0,0,FALSE
Female,Loyal Customer,50,Personal Travel,Eco,101,1,5,1,2,4,2,2,5,5,1,5,3,4,3.08,0,0,FALSE
Female,Loyal Customer,58,Business Travel,Business,236,1,1,1,1,3,4,4,5,5,5,5,5,5,3.46,0,0,TRUE
Female,Disloyal Customer,22,Business Travel,Eco,1303,2,2,2,4,3,2,2,3,3,3,4,2,3,2.69,13,29,FALSE
Male,Loyal Customer,55,Business Travel,Business,557,4,4,4,4,3,3,3,4,4,5,5,3,3,3.77,120,229,TRUE
Male,Disloyal Customer,10,Business Travel,Eco,591,4,0,4,3,2,4,3,2,4,4,5,4,2,3.15,0,3,TRUE
Male,Loyal Customer,34,Personal Travel,Eco,440,2,5,2,5,5,2,3,5,4,4,5,5,5,4,63,55,FALSE
Female,Loyal Customer,60,Business Travel,Business,2162,4,4,4,4,3,4,4,4,4,4,4,4,4,3.92,4,1,TRUE
Female,Loyal Customer,7,Personal Travel,Eco,547,1,4,1,3,4,1,4,4,2,2,4,5,4,3,0,0,FALSE
Female,Loyal Customer,55,Business Travel,Business,3635,3,3,5,3,4,5,5,4,4,4,4,3,5,4,4,22,TRUE
Female,Loyal Customer,44,Business Travel,Business,2253,0,0,0,4,3,5,4,5,5,5,5,5,3,3.38,13,4,TRUE
Female,Loyal Customer,58,Personal Travel,Eco,266,2,2,2,1,5,4,5,3,3,2,3,4,4,3.08,0,0,FALSE
Female,Loyal Customer,50,Personal Travel,Eco Plus,463,3,4,3,2,3,2,4,4,5,5,4,4,4,3.62,176,161,FALSE
Male,Disloyal Customer,26,Business Travel,Eco,250,2,5,1,1,4,1,4,4,3,4,5,1,4,3,112,106,FALSE
Female,Loyal Customer,63,Business Travel,Eco,403,3,3,4,4,2,2,1,3,3,3,3,2,1,2.62,3,17,FALSE
Male,Loyal Customer,57,Personal Travel,Eco,592,1,5,1,1,5,1,2,5,5,1,2,2,5,2.77,25,27,FALSE
Female,Loyal Customer,60,Business Travel,Business,1921,3,3,3,3,4,5,5,5,5,5,5,4,4,4.15,0,0,TRUE
Male,Loyal Customer,12,Personal Travel,Eco,946,4,4,4,4,3,4,2,3,2,4,4,2,3,3.31,0,0,FALSE
Male,Loyal Customer,40,Business Travel,Business,1912,4,4,4,4,4,1,4,4,4,5,4,4,2,3.69,0,0,TRUE
Male,Loyal Customer,46,Business Travel,Eco,545,1,3,3,3,1,1,1,1,4,3,4,1,1,2.08,19,25,FALSE
Female,Loyal Customer,39,Personal Travel,Eco,119,3,3,3,3,2,3,2,2,3,3,3,3,2,2.69,0,0,FALSE
Male,Loyal Customer,53,Business Travel,Business,1985,3,3,3,3,3,4,5,3,3,3,3,5,4,3.46,0,0,TRUE
Female,Loyal Customer,26,Business Travel,Business,552,2,2,2,2,4,4,4,4,2,1,4,4,4,3,0,0,TRUE
Male,Loyal Customer,69,Personal Travel,Eco,544,3,2,3,4,5,3,5,5,2,1,4,1,5,3.31,0,0,FALSE
Female,Loyal Customer,9,Personal Travel,Eco Plus,1145,3,5,3,2,4,3,4,4,5,2,5,3,4,3.62,40,19,FALSE
Female,Disloyal Customer,38,Business Travel,Business,1464,1,0,0,3,3,0,3,3,4,2,5,5,3,2.46,4,0,FALSE
Male,Disloyal Customer,32,Business Travel,Business,363,2,2,2,4,4,2,4,4,2,5,3,1,4,3,0,0,FALSE
Female,Loyal Customer,10,Personal Travel,Eco,546,3,3,3,3,3,3,3,3,2,3,3,3,3,2.92,0,0,FALSE
Female,Loyal Customer,49,Personal Travel,Eco,209,3,5,3,1,5,4,2,1,1,3,1,2,2,2.54,6,3,FALSE
Female,Loyal Customer,37,Personal Travel,Eco,760,1,4,1,4,2,1,2,2,5,2,4,1,2,2.38,0,4,FALSE
Female,Loyal Customer,24,Business Travel,Business,308,0,0,0,2,5,5,1,5,1,4,2,2,5,2.46,0,3,TRUE
Female,Loyal Customer,49,Business Travel,Business,2455,4,4,4,4,5,1,4,4,4,4,4,2,3,3.62,2,0,TRUE
Male,Disloyal Customer,24,Business Travel,Business,223,5,5,5,2,3,5,5,3,4,4,4,3,3,3.92,39,37,TRUE
Male,Loyal Customer,42,Business Travel,Business,1192,5,5,5,5,3,4,5,4,4,4,4,4,3,4.23,2,0,TRUE
Male,Loyal Customer,51,Business Travel,Eco,576,2,5,5,5,2,2,2,2,2,5,3,2,2,3,2,25,FALSE
Male,Loyal Customer,40,Business Travel,Business,954,3,5,3,3,2,5,4,4,4,4,4,5,4,3.85,9,4,TRUE
Male,Loyal Customer,57,Personal Travel,Eco Plus,888,3,3,3,3,4,3,1,4,4,3,4,1,4,3.08,0,0,FALSE
Male,Loyal Customer,45,Business Travel,Business,287,4,4,4,4,1,1,2,5,5,5,5,1,4,3.46,0,0,TRUE
Female,Disloyal Customer,24,Business Travel,Eco,763,2,2,2,4,1,2,1,1,5,4,5,3,1,2.54,0,0,FALSE
Male,Loyal Customer,50,Business Travel,Business,2202,5,5,5,5,5,5,4,4,4,4,4,3,4,4.38,0,0,TRUE
Male,Loyal Customer,67,Personal Travel,Eco,1541,3,5,3,3,4,3,4,4,1,5,5,4,4,3.69,0,0,FALSE
Male,Loyal Customer,21,Business Travel,Business,888,5,5,5,5,4,4,4,4,5,5,5,3,4,4.46,27,14,TRUE
Female,Loyal Customer,41,Business Travel,Business,1590,1,1,2,1,2,5,5,5,5,5,5,4,3,3.38,0,0,TRUE
Female,Loyal Customer,31,Business Travel,Business,2281,4,4,4,4,5,5,5,5,3,5,5,4,5,4.46,23,17,TRUE
Female,Loyal Customer,72,Business Travel,Eco,387,4,3,3,3,1,3,3,4,4,4,4,4,4,3.38,0,0,FALSE
Female,Loyal Customer,39,Personal Travel,Eco,280,2,4,2,1,3,2,5,3,4,4,4,4,3,3.15,0,0,FALSE
Male,Loyal Customer,55,Business Travel,Business,1683,4,4,4,4,4,4,5,4,4,4,4,3,3,3.92,0,0,TRUE
Male,Loyal Customer,33,Personal Travel,Eco,1076,3,5,3,1,1,3,1,1,3,2,4,4,1,2.46,59,72,FALSE
Female,Loyal Customer,39,Personal Travel,Eco,678,4,4,4,1,3,4,3,3,4,4,4,4,3,3.46,34,33,FALSE
Male,Loyal Customer,54,Business Travel,Business,2636,0,0,0,3,4,5,5,4,4,4,4,4,5,3.23,57,52,TRUE
Male,Loyal Customer,55,Business Travel,Business,1739,5,3,5,5,4,5,5,5,5,5,5,3,3,4.46,0,1,TRUE
Male,Disloyal Customer,19,Business Travel,Eco,864,4,4,4,4,4,5,2,4,5,3,3,2,2,3.54,103,171,FALSE
Female,Loyal Customer,31,Personal Travel,Eco,678,4,4,4,3,5,4,5,5,5,2,4,5,5,4.23,0,0,FALSE
Female,Disloyal Customer,48,Business Travel,Eco,894,4,4,4,4,2,4,2,2,4,4,4,1,2,3.15,43,17,FALSE
Male,Disloyal Customer,20,Business Travel,Eco,370,4,2,4,4,1,4,1,1,1,2,3,2,1,2.31,1,5,FALSE
Female,Loyal Customer,56,Business Travel,Business,591,3,1,1,1,4,3,4,3,3,3,3,2,3,2.62,29,20,FALSE
Male,Loyal Customer,36,Business Travel,Business,1655,2,2,2,2,4,3,2,2,2,2,2,2,1,2.15,0,0,FALSE
Female,Loyal Customer,72,Business Travel,Business,2077,4,4,4,4,5,5,5,4,4,4,4,3,5,4.23,0,1,TRUE
Male,Loyal Customer,52,Business Travel,Business,3661,2,2,2,2,2,4,4,4,4,4,4,4,5,3.31,1,0,TRUE
Male,Loyal Customer,21,Personal Travel,Eco,1235,1,2,1,4,4,1,4,4,3,5,3,1,4,2.85,7,0,FALSE
Male,Loyal Customer,43,Personal Travel,Eco,192,3,4,0,3,1,0,1,1,5,4,5,4,1,2.46,0,0,FALSE
Female,Loyal Customer,64,Personal Travel,Eco,925,4,4,4,3,3,4,5,4,4,4,4,3,3,3.77,20,41,FALSE
Female,Loyal Customer,30,Business Travel,Business,1757,2,2,3,2,5,4,3,5,2,3,3,2,5,3.15,23,31,TRUE
Male,Loyal Customer,27,Business Travel,Business,2075,1,4,4,4,1,1,1,1,2,3,3,3,1,2.23,0,16,FALSE
Female,Loyal Customer,69,Business Travel,Eco,762,5,4,4,4,4,2,3,4,4,5,4,2,3,3.69,5,0,TRUE
Male,Disloyal Customer,20,Business Travel,Eco,587,3,5,3,5,3,3,2,3,3,2,4,5,3,3.38,3,4,FALSE
Male,Loyal Customer,50,Personal Travel,Eco,78,3,5,3,3,5,3,4,5,3,1,3,3,5,3.54,0,0,FALSE
Male,Loyal Customer,31,Personal Travel,Eco,700,4,4,3,5,3,3,3,3,4,2,4,4,3,3.46,10,0,FALSE
Female,Loyal Customer,52,Business Travel,Business,3645,0,4,0,4,5,5,5,1,1,1,1,3,3,2.54,0,0,TRUE
Female,Loyal Customer,13,Personal Travel,Eco,950,5,2,5,3,4,5,4,4,4,5,3,4,4,4,0,13,TRUE
Female,Loyal Customer,38,Business Travel,Business,3672,1,5,4,5,5,3,3,2,2,2,1,3,3,3,0,0,FALSE
Male,Loyal Customer,55,Business Travel,Business,2288,4,4,4,4,4,3,5,5,5,5,5,4,4,4.31,0,0,TRUE
Male,Disloyal Customer,36,Business Travel,Eco,1220,2,3,3,3,1,3,1,1,1,1,5,3,1,2.15,24,10,FALSE
Male,Loyal Customer,27,Business Travel,Eco,508,4,2,2,2,4,4,4,4,4,1,1,1,4,2.85,0,5,TRUE
Female,Loyal Customer,52,Business Travel,Business,192,2,2,2,2,3,5,5,4,4,4,4,5,5,3.62,0,0,TRUE
Male,Loyal Customer,17,Personal Travel,Eco,639,2,4,2,2,5,2,4,5,5,2,4,5,5,3.62,0,4,FALSE
Female,Disloyal Customer,27,Business Travel,Eco,1087,2,2,2,3,4,2,4,4,2,3,1,3,4,2.77,1,14,FALSE
Female,Loyal Customer,72,Business Travel,Business,550,4,1,4,4,3,2,1,2,2,2,2,4,5,2.77,41,49,TRUE
Female,Disloyal Customer,24,Business Travel,Eco,678,3,3,3,2,3,5,5,2,5,3,2,5,5,3.54,74,147,FALSE
Male,Loyal Customer,50,Business Travel,Eco,407,1,2,2,2,1,1,1,1,3,1,1,4,1,1.62,76,75,FALSE
Female,Disloyal Customer,27,Business Travel,Eco,501,4,3,4,2,3,4,3,3,3,4,1,2,3,3,0,0,TRUE
Female,Loyal Customer,60,Business Travel,Business,2801,1,1,1,1,3,4,4,5,5,5,5,4,5,3.38,0,0,TRUE
Female,Loyal Customer,9,Personal Travel,Eco Plus,689,3,4,3,2,4,3,4,4,5,4,4,4,4,3.69,0,0,FALSE
Female,Disloyal Customer,24,Business Travel,Eco Plus,881,1,4,1,3,5,1,5,5,3,1,3,2,5,3,2,0,FALSE
Female,Loyal Customer,30,Business Travel,Business,1011,1,1,1,1,5,5,5,5,5,4,5,5,5,3.69,0,0,TRUE
Male,Loyal Customer,48,Business Travel,Business,1576,2,2,4,2,4,5,4,5,5,5,5,4,5,4,9,2,TRUE
Male,Loyal Customer,21,Personal Travel,Eco,373,2,3,1,1,3,1,3,3,4,4,5,2,3,2.69,0,0,FALSE
Male,Loyal Customer,25,Business Travel,Business,784,1,3,3,3,1,1,1,1,4,3,3,2,1,2.08,3,12,FALSE
Male,Disloyal Customer,33,Business Travel,Business,605,4,4,4,2,2,4,2,2,4,5,4,5,2,3.38,0,0,FALSE
Male,Loyal Customer,24,Business Travel,Eco Plus,624,4,4,4,4,4,3,4,5,3,4,2,4,4,3.77,202,216,TRUE
Male,Loyal Customer,62,Business Travel,Business,1835,2,1,1,1,1,2,2,3,3,3,2,2,1,1.85,10,28,FALSE
Female,Loyal Customer,15,Personal Travel,Eco,1020,1,3,1,4,4,1,4,4,1,4,4,1,4,2.77,0,0,FALSE
Female,Loyal Customer,55,Business Travel,Eco Plus,1598,4,2,1,2,2,2,3,4,4,4,4,4,1,2.85,0,0,FALSE
Male,Loyal Customer,23,Business Travel,Eco,1747,0,4,0,3,2,0,2,2,2,2,5,3,2,2.08,71,45,TRUE
Male,Loyal Customer,43,Business Travel,Eco Plus,588,2,4,4,4,2,2,2,2,4,3,3,2,2,2.77,4,0,FALSE
Male,Loyal Customer,69,Personal Travel,Eco,237,2,5,2,3,2,2,2,2,3,3,5,5,2,2.92,0,0,FALSE
Male,Loyal Customer,40,Business Travel,Business,282,0,0,0,4,4,5,5,3,3,3,3,3,4,2.85,0,0,TRUE
Female,Loyal Customer,30,Personal Travel,Eco,238,3,2,3,4,2,3,2,2,2,1,3,2,2,2.38,40,30,FALSE
Male,Loyal Customer,19,Personal Travel,Eco Plus,722,2,3,3,4,3,3,3,3,1,3,4,2,3,2.85,0,0,FALSE
Female,Loyal Customer,39,Business Travel,Business,432,4,4,4,4,2,5,4,4,4,4,4,5,4,4,0,0,TRUE
Male,Loyal Customer,47,Business Travel,Business,2278,5,5,5,5,2,5,4,5,5,5,5,4,3,4.46,11,5,TRUE
Female,Loyal Customer,69,Personal Travel,Eco,270,1,5,1,4,2,5,5,4,4,1,2,4,4,3.23,0,0,FALSE
Male,Loyal Customer,53,Business Travel,Business,2614,2,2,2,2,3,5,2,4,4,4,4,2,1,2.85,0,0,TRUE
Male,Disloyal Customer,60,Business Travel,Business,965,2,1,1,3,4,2,1,4,2,1,3,1,4,2.23,15,8,FALSE
Female,Disloyal Customer,47,Business Travel,Eco Plus,780,2,2,2,3,4,2,4,4,4,2,2,5,4,3.08,3,4,FALSE
Female,Loyal Customer,24,Business Travel,Eco,715,3,4,4,4,3,3,1,3,4,2,3,2,3,3,0,7,FALSE
Female,Loyal Customer,63,Personal Travel,Eco,247,2,5,2,1,2,5,4,4,4,2,4,4,3,3.23,0,0,FALSE
Male,Disloyal Customer,55,Business Travel,Eco,163,3,2,3,2,3,3,3,3,1,3,1,1,3,2.38,0,0,FALSE
Male,Disloyal Customer,72,Business Travel,Business,1081,2,2,2,1,4,2,3,4,1,2,1,2,4,2.31,0,0,FALSE
Male,Loyal Customer,14,Personal Travel,Eco,2486,4,1,4,4,4,3,3,4,1,3,3,3,3,3.08,0,0,FALSE
Female,Disloyal Customer,42,Business Travel,Business,2475,2,3,3,3,2,5,5,3,4,4,4,5,5,3.69,0,0,FALSE
Female,Loyal Customer,55,Business Travel,Business,3471,2,4,4,4,3,3,3,2,2,2,2,3,3,2.85,0,0,FALSE
Female,Loyal Customer,76,Business Travel,Business,2295,3,5,5,5,1,4,3,3,3,3,3,3,3,3.38,22,15,FALSE
Female,Loyal Customer,52,Business Travel,Business,746,3,3,3,3,2,5,5,5,5,5,5,5,5,4.15,24,23,TRUE
Female,Loyal Customer,61,Personal Travel,Eco Plus,2342,2,5,2,4,5,5,1,2,2,2,2,1,5,2.92,0,2,FALSE
Female,Disloyal Customer,48,Business Travel,Business,1142,4,3,3,1,2,4,2,2,5,3,5,4,2,3.08,0,0,TRUE
Female,Disloyal Customer,34,Business Travel,Business,2248,1,0,0,3,1,0,1,1,4,3,5,4,1,1.85,23,10,FALSE
Female,Loyal Customer,54,Business Travel,Business,237,2,3,2,2,2,3,3,2,2,2,2,1,1,2.08,0,0,FALSE
Male,Loyal Customer,42,Business Travel,Business,3546,3,3,4,3,4,4,3,3,3,3,3,2,1,3,0,0,FALSE
Female,Loyal Customer,27,Business Travel,Business,2531,1,1,1,1,5,5,5,5,3,5,4,5,5,3.54,0,4,TRUE
Female,Loyal Customer,37,Personal Travel,Business,528,1,2,3,4,3,3,4,1,1,3,1,1,2,2.23,1,6,FALSE
Female,Disloyal Customer,36,Business Travel,Eco,308,4,0,4,4,1,4,1,1,3,4,4,5,1,2.77,0,0,FALSE
Female,Loyal Customer,41,Business Travel,Business,417,1,1,1,1,2,4,4,4,4,4,4,5,4,3,49,53,TRUE
Female,Disloyal Customer,42,Business Travel,Business,1069,1,2,2,1,3,1,3,3,4,4,4,3,3,2.62,54,21,FALSE
Male,Loyal Customer,59,Business Travel,Business,1107,1,1,1,1,3,5,4,5,5,5,5,3,4,3.31,2,0,TRUE
Female,Loyal Customer,19,Personal Travel,Eco Plus,296,4,4,4,3,3,4,4,3,3,2,5,3,3,3.46,0,0,TRUE
Male,Loyal Customer,18,Personal Travel,Eco,861,3,4,3,3,1,3,1,1,4,2,5,5,1,2.77,0,12,FALSE
Female,Loyal Customer,39,Personal Travel,Eco,643,2,4,2,4,2,2,2,2,5,4,5,5,2,3.15,0,0,FALSE
Female,Loyal Customer,49,Business Travel,Business,842,1,1,1,1,5,4,5,5,5,5,5,4,3,3.46,10,5,TRUE
Male,Loyal Customer,42,Business Travel,Business,3281,4,4,4,4,2,4,5,5,5,5,5,5,5,4.38,46,48,TRUE
Female,Loyal Customer,46,Business Travel,Eco,1258,3,5,5,5,2,1,1,2,2,3,2,1,1,2.54,14,0,FALSE
Male,Loyal Customer,53,Business Travel,Eco,954,1,4,4,4,1,1,1,1,3,5,2,4,1,2.46,124,107,FALSE
Female,Loyal Customer,56,Business Travel,Business,432,2,2,2,2,3,5,4,4,4,5,4,3,4,3.38,22,27,TRUE
Female,Loyal Customer,64,Personal Travel,Eco,333,5,5,2,1,2,5,4,3,3,2,3,4,3,3.23,0,0,TRUE
Female,Disloyal Customer,23,Business Travel,Business,337,0,0,0,1,5,0,4,5,5,3,5,5,5,2.92,3,0,TRUE
Female,Disloyal Customer,40,Business Travel,Business,733,3,3,3,1,4,3,5,4,3,4,4,3,4,3.38,60,55,FALSE
Male,Disloyal Customer,35,Business Travel,Business,1303,3,3,3,3,4,3,4,4,4,2,4,3,4,3.38,0,0,FALSE
Female,Loyal Customer,54,Business Travel,Business,337,4,4,4,4,4,4,4,5,5,4,4,4,4,4.15,119,133,TRUE
Female,Loyal Customer,39,Personal Travel,Eco,872,3,2,3,2,3,3,3,3,2,3,2,3,3,2.69,88,78,FALSE
Male,Loyal Customer,60,Personal Travel,Eco Plus,247,4,5,4,4,5,4,2,5,5,3,5,4,5,4.23,47,38,FALSE
Female,Loyal Customer,45,Personal Travel,Business,341,3,2,4,3,3,3,3,2,2,4,2,1,1,2.54,9,28,FALSE
Male,Disloyal Customer,35,Business Travel,Business,1074,3,3,3,2,1,3,5,1,3,5,2,2,1,2.62,0,0,FALSE
Female,Loyal Customer,63,Personal Travel,Eco,1173,4,4,4,5,3,4,4,2,2,4,2,2,2,3.23,0,0,FALSE
Female,Loyal Customer,41,Business Travel,Business,1822,5,5,2,5,2,5,5,4,4,5,4,3,3,4,0,13,TRUE
Male,Loyal Customer,34,Personal Travel,Eco,214,2,2,2,3,2,2,2,2,3,1,3,3,2,2.23,0,0,FALSE
Male,Loyal Customer,22,Business Travel,Eco,1156,5,2,2,2,5,5,4,5,3,5,2,3,5,3.69,0,0,TRUE
Male,Loyal Customer,23,Business Travel,Business,563,5,5,5,5,5,5,5,5,5,4,4,3,5,4.69,10,0,TRUE
Male,Loyal Customer,47,Business Travel,Business,1999,1,1,1,1,5,4,4,4,4,4,4,3,5,3.15,8,0,TRUE
Female,Loyal Customer,50,Business Travel,Business,1096,5,5,5,5,4,4,4,4,4,4,4,4,5,4.38,29,2,TRUE
Female,Loyal Customer,52,Personal Travel,Business,817,4,0,4,4,2,2,3,3,3,4,3,4,3,3,0,0,FALSE
Female,Loyal Customer,23,Business Travel,Business,3177,4,4,5,4,5,5,5,5,3,3,4,4,5,4.31,0,0,TRUE
Female,Loyal Customer,10,Personal Travel,Eco,163,1,4,0,2,5,0,5,5,3,5,5,4,5,3.38,0,0,FALSE
Female,Loyal Customer,43,Personal Travel,Eco,383,2,4,2,2,2,5,5,4,4,2,4,3,3,3.23,0,0,FALSE
Male,Disloyal Customer,34,Business Travel,Business,1589,2,2,2,3,1,2,1,1,4,2,3,5,1,2.23,0,0,FALSE
Female,Loyal Customer,38,Business Travel,Eco,84,5,2,2,2,5,5,5,5,3,5,2,2,5,3.69,0,0,TRUE
Male,Loyal Customer,68,Personal Travel,Eco Plus,980,2,5,2,1,1,2,1,1,3,3,3,2,1,2.08,0,29,FALSE
Female,Loyal Customer,29,Personal Travel,Eco Plus,1086,1,4,1,4,2,1,2,2,4,4,4,3,2,2.62,2,0,FALSE
Female,Loyal Customer,67,Personal Travel,Eco,689,1,5,2,2,5,4,5,3,3,2,3,3,3,3.15,0,0,FALSE
Female,Loyal Customer,37,Business Travel,Business,1837,2,2,2,2,2,5,4,4,4,4,4,3,4,3.23,5,0,TRUE
Female,Loyal Customer,79,Business Travel,Business,2727,5,1,1,1,4,4,4,5,5,4,5,2,3,3.38,0,0,FALSE
Female,Loyal Customer,59,Business Travel,Eco,262,5,5,4,4,5,5,5,5,5,5,5,1,5,4.54,12,14,TRUE
Male,Loyal Customer,63,Personal Travel,Eco Plus,365,3,5,3,4,2,3,2,2,4,5,5,5,2,3.46,69,55,FALSE
Male,Disloyal Customer,27,Business Travel,Business,231,2,2,2,3,3,2,4,3,4,3,4,3,3,2.92,0,0,FALSE
Male,Loyal Customer,32,Personal Travel,Eco,861,4,4,4,4,4,4,4,4,3,2,5,5,4,3.92,0,0,FALSE
Female,Disloyal Customer,26,Business Travel,Business,671,1,4,1,3,5,1,5,5,3,2,4,4,5,3.31,0,0,FALSE
Male,Loyal Customer,35,Business Travel,Business,3299,2,2,2,2,2,5,5,5,5,5,5,3,3,3.54,9,4,TRUE
Male,Loyal Customer,54,Business Travel,Business,1544,5,5,5,5,5,4,5,4,4,4,4,4,5,4.54,36,19,TRUE
Male,Loyal Customer,41,Business Travel,Business,2071,1,1,1,1,5,4,5,3,3,4,3,5,3,3,0,0,TRUE
Female,Loyal Customer,34,Business Travel,Business,2099,5,5,5,5,1,2,1,5,5,4,5,3,3,3.77,0,0,TRUE
Male,Disloyal Customer,40,Business Travel,Business,306,4,4,4,2,2,4,2,2,3,3,4,4,2,3.08,0,0,TRUE
Female,Loyal Customer,30,Personal Travel,Business,854,2,1,2,3,5,2,5,5,1,4,3,2,5,3.08,15,14,FALSE
Female,Loyal Customer,40,Business Travel,Eco,946,5,5,5,5,5,4,5,5,2,5,3,4,5,4.46,3,0,TRUE
Male,Disloyal Customer,30,Business Travel,Business,715,3,3,3,5,5,3,5,5,5,2,5,4,5,4.08,0,0,FALSE
Female,Loyal Customer,26,Personal Travel,Eco,519,4,2,3,3,4,3,4,4,2,2,3,4,4,3.23,19,14,FALSE
Male,Disloyal Customer,14,Business Travel,Eco,920,3,3,3,3,1,3,1,1,1,1,3,1,1,1.92,53,54,FALSE
Female,Loyal Customer,41,Business Travel,Business,160,2,3,3,3,1,3,2,2,2,2,2,3,4,2.46,0,0,FALSE
Female,Loyal Customer,51,Business Travel,Business,1778,1,1,4,1,5,4,5,4,4,4,4,5,5,3.62,0,0,TRUE
Male,Loyal Customer,15,Personal Travel,Eco,401,3,3,3,3,5,3,5,5,1,1,3,3,5,3.31,72,67,FALSE
Male,Loyal Customer,56,Business Travel,Eco,868,2,4,4,4,2,2,2,2,2,5,3,1,2,2.69,0,0,FALSE
Male,Loyal Customer,8,Personal Travel,Eco,813,3,2,3,4,5,3,5,5,1,1,4,4,5,3.46,0,0,FALSE
Female,Loyal Customer,36,Personal Travel,Eco,259,4,4,0,3,5,0,5,5,3,5,5,5,5,3.77,0,0,TRUE
Male,Loyal Customer,64,Business Travel,Business,404,2,2,2,2,4,4,4,4,4,4,4,5,5,3.54,0,2,TRUE
Female,Disloyal Customer,38,Business Travel,Eco,491,2,4,1,4,3,1,3,3,1,3,3,3,3,2.62,17,21,FALSE
Male,Disloyal Customer,23,Business Travel,Eco,296,3,0,3,4,5,3,5,5,2,1,5,2,5,3.31,0,0,FALSE
Male,Loyal Customer,32,Business Travel,Business,2586,1,1,1,1,4,4,4,5,2,5,4,4,4,3.08,0,0,TRUE
Female,Loyal Customer,48,Personal Travel,Eco,697,2,4,2,3,2,4,3,4,4,2,4,3,2,3,0,10,FALSE
Female,Disloyal Customer,26,Business Travel,Business,516,3,4,3,3,2,3,2,2,4,4,5,4,2,3.15,0,0,FALSE
Female,Loyal Customer,51,Business Travel,Eco,401,5,1,1,1,5,5,5,4,4,5,4,2,1,3.31,117,97,TRUE
Female,Loyal Customer,61,Personal Travel,Eco,341,2,4,2,4,4,5,4,4,4,2,4,5,5,3.77,0,17,FALSE
Male,Disloyal Customer,21,Business Travel,Eco,762,3,3,3,3,5,3,5,5,2,1,3,2,5,3.31,2,0,FALSE
Male,Loyal Customer,31,Personal Travel,Eco,802,3,3,2,4,2,2,2,2,1,2,2,5,2,2.46,0,3,FALSE
Male,Loyal Customer,47,Business Travel,Business,3830,4,4,4,4,5,5,4,2,2,2,2,3,3,3.38,2,0,TRUE
Female,Loyal Customer,33,Personal Travel,Eco,1750,2,5,2,3,5,2,5,5,3,4,1,1,5,3.31,18,19,FALSE
Male,Loyal Customer,29,Personal Travel,Eco Plus,680,3,4,3,1,1,3,1,1,3,4,4,3,1,2.46,21,24,FALSE
Female,Loyal Customer,26,Business Travel,Eco,860,4,1,1,1,4,4,3,4,4,5,3,4,4,3.23,15,10,TRUE
Male,Loyal Customer,56,Business Travel,Business,229,1,1,1,1,5,3,4,5,5,5,5,1,2,3,0,0,TRUE
Female,Loyal Customer,51,Business Travel,Business,541,5,5,5,5,3,4,5,4,4,4,4,4,4,4.31,0,0,TRUE
Male,Loyal Customer,54,Personal Travel,Eco,405,3,5,3,5,2,3,2,2,5,3,4,3,2,3.23,62,34,FALSE
Male,Loyal Customer,59,Personal Travel,Eco,1428,5,4,5,2,4,5,1,4,3,2,5,5,4,3.77,0,0,TRUE
Male,Loyal Customer,39,Business Travel,Business,1884,3,3,3,3,5,5,5,4,4,4,4,3,5,3.92,14,33,TRUE
Male,Loyal Customer,40,Business Travel,Business,3410,2,2,2,2,5,1,5,5,5,5,5,3,3,3.46,0,0,TRUE
Male,Loyal Customer,10,Personal Travel,Eco,321,2,2,2,4,5,2,5,5,1,3,4,1,5,3.15,0,0,FALSE
Female,Loyal Customer,31,Personal Travel,Eco,153,3,4,3,1,3,1,1,5,5,4,4,1,1,2.77,183,165,FALSE
Male,Loyal Customer,58,Business Travel,Business,1587,2,2,4,2,3,4,4,4,4,4,4,4,3,3.38,0,0,TRUE
Female,Disloyal Customer,37,Business Travel,Eco,408,2,3,2,3,4,2,4,4,1,5,4,3,4,3.15,0,0,FALSE
Female,Loyal Customer,50,Business Travel,Eco,1069,2,4,4,4,2,3,4,2,2,2,2,3,3,2.85,19,19,FALSE
Female,Loyal Customer,68,Personal Travel,Eco Plus,334,4,4,4,4,3,5,4,4,4,4,4,4,3,3.92,0,24,FALSE
Female,Loyal Customer,55,Business Travel,Business,2518,2,2,2,2,5,5,5,4,3,5,4,5,5,3.77,179,172,TRUE
Female,Loyal Customer,25,Personal Travel,Eco,2586,5,4,5,4,5,3,3,3,4,3,5,3,3,3.85,0,12,TRUE
Female,Loyal Customer,30,Business Travel,Business,2859,3,3,3,3,5,5,5,5,3,4,5,3,5,4,16,16,TRUE
Female,Disloyal Customer,22,Business Travel,Eco,752,3,3,3,1,1,3,1,1,2,5,1,4,1,2.23,0,0,FALSE
Male,Loyal Customer,56,Business Travel,Business,2303,1,1,1,1,2,5,4,4,4,4,4,5,4,3.08,0,0,TRUE
Male,Loyal Customer,50,Personal Travel,Eco Plus,936,1,3,1,2,2,1,2,2,3,3,1,5,2,2.15,35,17,FALSE
Female,Disloyal Customer,20,Business Travel,Eco,488,5,0,5,1,3,0,3,3,3,5,5,3,3,3,5,2,TRUE
Male,Loyal Customer,64,Personal Travel,Eco,583,1,1,1,2,2,1,2,2,4,4,2,3,2,2.08,0,0,FALSE
Female,Disloyal Customer,26,Business Travel,Eco,353,3,5,3,3,2,3,2,2,4,1,1,3,2,2.62,0,0,FALSE
Female,Loyal Customer,20,Personal Travel,Eco,2350,2,4,2,4,5,2,5,5,1,3,4,2,5,3.38,0,0,FALSE
Female,Loyal Customer,62,Personal Travel,Eco,2026,1,4,1,2,3,3,4,2,2,1,2,4,4,2.54,33,25,FALSE
Male,Loyal Customer,38,Business Travel,Business,201,0,4,0,1,3,4,5,5,5,5,5,4,4,3.46,0,8,TRUE
Male,Loyal Customer,11,Personal Travel,Eco,1180,4,4,4,4,3,4,3,3,3,3,5,4,3,3.62,22,42,FALSE
Male,Loyal Customer,50,Business Travel,Eco,236,4,3,3,3,4,4,4,4,2,1,2,5,4,3.31,0,0,TRUE
Female,Disloyal Customer,39,Business Travel,Business,351,3,3,3,3,2,3,2,2,4,3,4,3,2,2.85,0,0,FALSE
Female,Loyal Customer,30,Personal Travel,Eco,1032,2,5,2,2,4,2,4,4,3,3,5,5,4,3.46,0,0,FALSE
Male,Loyal Customer,49,Business Travel,Eco,209,4,5,5,5,4,4,4,4,2,3,1,1,4,3.54,0,2,TRUE
Female,Loyal Customer,52,Personal Travel,Eco,533,2,4,3,3,5,5,4,5,5,3,5,5,3,4,6,1,FALSE
Male,Disloyal Customer,24,Business Travel,Eco,589,3,3,4,4,4,4,4,4,3,1,2,4,4,3.38,4,0,FALSE
Male,Loyal Customer,54,Business Travel,Business,1735,4,4,1,4,4,4,5,4,4,4,4,3,3,3.69,0,0,TRUE
Female,Loyal Customer,45,Business Travel,Business,463,2,2,2,2,1,4,3,5,5,5,5,3,1,3.08,0,4,TRUE
Male,Loyal Customer,62,Personal Travel,Eco,2036,2,4,2,3,1,2,1,1,3,5,5,5,1,2.69,0,0,FALSE
Female,Loyal Customer,53,Business Travel,Business,1464,4,4,4,4,5,5,4,5,5,5,5,4,4,4.46,0,0,TRUE
Female,Loyal Customer,52,Business Travel,Eco,399,4,4,4,4,1,1,4,4,4,4,4,4,5,3.62,0,0,TRUE
Male,Loyal Customer,51,Personal Travel,Eco Plus,1099,4,0,4,4,3,4,2,3,3,2,3,1,3,2.77,2,20,FALSE
Female,Disloyal Customer,27,Business Travel,Eco,402,1,0,1,5,4,1,4,4,2,5,1,2,4,2.62,0,5,FALSE
Female,Disloyal Customer,40,Business Travel,Business,2248,3,3,3,2,4,3,5,4,3,3,3,5,4,3.46,0,0,FALSE
Female,Loyal Customer,17,Personal Travel,Eco,1608,3,5,3,2,4,3,3,4,4,4,5,1,4,3.46,34,38,FALSE
Female,Disloyal Customer,37,Business Travel,Business,335,1,1,1,4,4,1,4,4,4,4,4,3,4,3,0,0,FALSE
Female,Loyal Customer,52,Personal Travel,Eco,1874,3,4,3,4,3,3,4,1,1,3,1,4,5,3,0,0,FALSE
Male,Loyal Customer,15,Personal Travel,Eco,1416,3,2,3,4,5,3,5,5,3,4,2,3,5,3.62,0,0,FALSE
Male,Loyal Customer,52,Business Travel,Business,3309,5,5,5,5,2,4,4,5,5,5,5,3,3,4.31,11,5,TRUE
Female,Disloyal Customer,26,Business Travel,Eco,427,1,1,1,3,5,1,4,5,3,1,3,4,5,2.85,1,0,FALSE
Female,Loyal Customer,56,Business Travel,Business,2862,4,4,4,4,2,4,5,5,5,5,5,4,3,4.15,0,0,TRUE
Female,Disloyal Customer,28,Business Travel,Eco,775,2,2,2,4,2,2,2,1,3,4,4,2,2,2.46,355,391,FALSE
Female,Loyal Customer,61,Business Travel,Business,705,3,3,3,3,5,2,1,5,5,5,5,2,1,3.31,5,0,TRUE
Male,Loyal Customer,45,Business Travel,Business,1798,5,5,5,5,5,5,4,5,5,5,5,4,3,4.69,4,0,TRUE
Female,Loyal Customer,25,Business Travel,Eco,1709,3,3,3,3,3,3,3,3,2,4,4,4,3,3.15,8,9,FALSE
Female,Loyal Customer,37,Business Travel,Business,3490,3,3,3,3,5,3,4,4,4,4,4,1,5,3.54,7,0,TRUE
Female,Loyal Customer,26,Personal Travel,Business,997,1,4,1,1,2,1,2,2,5,5,5,3,2,2.62,33,18,FALSE
Male,Loyal Customer,41,Personal Travel,Eco,1076,2,4,2,2,5,2,5,5,5,2,5,3,5,3.62,23,0,FALSE
Female,Loyal Customer,32,Business Travel,Business,3831,1,1,1,1,5,5,5,5,3,5,5,3,5,3.46,97,94,TRUE
Female,Loyal Customer,39,Business Travel,Business,2263,2,2,2,2,4,4,5,5,5,5,5,3,5,3.77,0,0,TRUE
Female,Disloyal Customer,43,Business Travel,Eco,1008,4,4,4,5,4,4,4,4,3,1,3,4,4,3.69,51,46,TRUE
Female,Loyal Customer,40,Business Travel,Business,2300,2,1,1,1,2,2,2,1,3,2,3,2,2,1.85,0,0,FALSE
Male,Loyal Customer,38,Business Travel,Business,3585,3,2,3,3,5,5,4,4,4,5,4,5,3,3.85,0,0,TRUE
Male,Loyal Customer,46,Business Travel,Business,1548,1,3,1,1,2,4,4,5,5,4,5,3,4,3.23,74,85,TRUE
Male,Loyal Customer,64,Business Travel,Business,406,1,1,1,1,3,4,4,5,5,5,5,3,3,3.15,23,17,TRUE
Male,Loyal Customer,43,Business Travel,Business,241,3,3,3,3,2,2,2,5,5,5,5,1,3,3.23,0,19,TRUE
Female,Loyal Customer,47,Personal Travel,Eco,667,2,4,1,2,3,4,4,2,2,1,2,5,3,2.69,0,7,FALSE
Male,Loyal Customer,36,Business Travel,Business,3499,3,1,1,1,1,4,3,1,1,1,3,4,2,2,119,126,FALSE
Female,Loyal Customer,45,Business Travel,Business,3328,3,5,5,5,3,3,3,1,1,3,3,3,3,3.15,160,146,FALSE
Female,Loyal Customer,33,Personal Travel,Eco,569,2,4,2,3,5,2,5,5,3,5,4,5,5,3.85,0,0,FALSE
Female,Loyal Customer,51,Business Travel,Business,715,2,2,2,2,4,5,4,5,5,5,5,3,3,3.62,0,0,TRUE
Female,Loyal Customer,18,Personal Travel,Eco,315,4,5,4,4,2,4,2,2,1,3,2,2,2,2.85,0,22,TRUE
Female,Loyal Customer,52,Personal Travel,Eco,296,2,5,2,4,2,3,3,5,4,5,5,3,3,3.54,211,213,FALSE
Male,Loyal Customer,69,Personal Travel,Eco,1205,4,4,4,4,3,4,3,3,2,1,4,3,3,3.23,8,2,FALSE
Female,Loyal Customer,42,Business Travel,Business,2675,4,4,4,4,3,4,4,5,5,5,5,3,3,4.08,6,23,TRUE
Male,Disloyal Customer,38,Business Travel,Business,163,4,4,4,3,5,4,4,5,4,5,5,4,5,4.31,17,11,FALSE
Male,Loyal Customer,48,Business Travel,Business,273,0,0,0,5,4,5,4,3,3,3,3,4,3,2.85,0,0,TRUE
Female,Loyal Customer,8,Business Travel,Business,888,4,1,1,1,4,4,4,4,1,4,4,2,4,2.92,0,0,FALSE
Female,Loyal Customer,27,Business Travel,Business,2501,4,4,4,4,5,5,5,5,4,2,4,5,5,4.31,14,3,TRUE
Male,Loyal Customer,52,Business Travel,Business,183,2,1,1,1,3,4,4,3,3,3,2,3,3,2.54,0,0,FALSE
Female,Loyal Customer,22,Business Travel,Business,1056,4,4,4,4,3,4,3,3,5,2,4,3,3,3.54,0,0,TRUE
Male,Loyal Customer,44,Business Travel,Eco,181,3,3,3,3,3,3,3,3,4,3,3,1,3,2.92,1,0,FALSE
Male,Loyal Customer,51,Business Travel,Business,334,1,1,1,1,5,5,3,4,4,4,4,1,1,2.69,16,13,TRUE
Female,Loyal Customer,60,Business Travel,Business,1846,3,3,3,3,5,5,5,5,5,5,5,3,4,4.15,22,22,TRUE
Female,Disloyal Customer,9,Business Travel,Eco,583,1,3,1,4,3,1,2,3,2,5,3,3,3,2.62,0,0,FALSE
Female,Loyal Customer,56,Business Travel,Business,184,2,2,2,2,5,4,4,4,4,4,5,4,3,3.46,0,0,TRUE
Male,Loyal Customer,52,Business Travel,Business,2390,3,3,3,3,2,4,5,4,4,4,4,5,4,3.69,46,45,TRUE
Female,Loyal Customer,60,Personal Travel,Eco Plus,223,1,3,0,3,4,3,3,3,3,0,3,1,4,2.38,31,46,FALSE
Female,Loyal Customer,38,Personal Travel,Eco,1447,3,1,3,3,5,3,5,5,2,2,3,3,5,3.31,7,0,FALSE
Female,Loyal Customer,36,Business Travel,Business,2512,3,3,5,3,2,5,5,3,3,4,3,4,3,3.54,11,0,TRUE
Female,Loyal Customer,48,Business Travel,Business,84,0,4,0,4,2,3,5,4,4,5,5,3,5,3.38,0,0,TRUE
Female,Loyal Customer,15,Personal Travel,Eco,507,2,4,2,3,4,2,4,4,3,2,4,3,4,3.15,6,0,FALSE
Male,Loyal Customer,21,Personal Travel,Eco,301,4,4,4,3,3,4,3,3,4,5,5,3,3,3.69,0,0,FALSE
Male,Loyal Customer,32,Personal Travel,Eco,448,1,1,1,3,4,1,4,4,3,3,2,2,4,2.54,0,0,FALSE
Male,Loyal Customer,42,Business Travel,Business,896,3,3,5,3,2,4,5,4,4,4,4,3,5,3.77,0,3,TRUE
Male,Loyal Customer,40,Personal Travel,Business,1013,3,1,3,4,1,4,4,2,2,3,2,4,4,2.85,0,0,FALSE
Female,Loyal Customer,35,Business Travel,Business,3572,4,4,4,4,4,4,4,3,2,5,4,4,4,3.85,154,139,TRUE
Male,Loyal Customer,40,Business Travel,Business,2009,5,5,5,5,5,5,4,5,5,5,5,5,5,4.92,0,0,TRUE
Female,Loyal Customer,65,Personal Travel,Business,1726,4,5,4,1,3,4,5,3,3,4,3,5,4,3.69,0,0,TRUE
Female,Loyal Customer,54,Business Travel,Business,588,3,3,3,3,4,5,5,5,5,5,5,4,4,4.15,1,14,TRUE
Female,Loyal Customer,51,Personal Travel,Business,474,3,3,3,4,4,2,4,3,3,3,3,2,2,3,0,0,FALSE
Male,Loyal Customer,50,Business Travel,Business,992,2,2,2,2,3,5,4,5,5,5,5,4,5,3.77,16,22,TRUE
Male,Disloyal Customer,18,Business Travel,Business,763,5,0,5,2,5,5,5,5,3,3,5,5,5,4.08,17,0,TRUE
Male,Loyal Customer,55,Business Travel,Business,2752,1,1,1,1,5,4,4,5,5,5,5,3,3,3.31,0,0,TRUE
Male,Loyal Customer,55,Business Travel,Business,2235,2,2,2,2,2,5,5,5,5,5,5,5,4,3.77,0,0,TRUE
Male,Loyal Customer,49,Business Travel,Business,2342,5,5,5,5,5,4,4,4,4,4,4,5,3,4.38,0,0,TRUE
Male,Disloyal Customer,22,Business Travel,Business,1110,4,0,4,3,4,1,5,5,5,5,4,5,5,3.85,293,265,TRUE
Female,Loyal Customer,56,Business Travel,Business,2465,5,5,5,5,4,4,5,4,4,4,4,3,5,4.38,0,0,TRUE
Female,Loyal Customer,16,Personal Travel,Eco,271,4,2,3,4,3,3,2,3,2,4,4,2,3,3,77,120,FALSE
Male,Loyal Customer,15,Business Travel,Eco,626,4,2,2,2,4,4,3,4,1,2,4,4,4,3.08,0,0,FALSE
Male,Loyal Customer,54,Business Travel,Business,2306,5,5,5,5,2,4,4,4,4,4,4,3,5,4.15,0,2,TRUE
Male,Loyal Customer,8,Personal Travel,Eco,402,5,4,5,1,2,5,2,2,5,2,4,3,2,3.23,0,0,TRUE
Male,Loyal Customer,33,Business Travel,Business,1776,2,2,2,2,4,4,4,4,1,3,3,1,4,2.77,0,0,TRUE
Female,Loyal Customer,41,Business Travel,Business,190,2,3,3,3,2,4,4,1,1,1,2,1,1,2.15,0,0,FALSE
Male,Loyal Customer,32,Business Travel,Business,661,3,3,3,3,5,5,5,5,3,3,4,5,5,4,8,6,TRUE
Male,Disloyal Customer,40,Business Travel,Business,287,3,2,2,3,2,2,2,2,1,3,4,1,2,2.23,0,0,FALSE
Female,Loyal Customer,53,Business Travel,Business,3451,5,5,5,5,4,4,5,4,4,4,4,4,3,4.31,9,16,TRUE
Female,Disloyal Customer,42,Business Travel,Eco,329,3,4,3,2,1,3,1,1,5,4,2,5,1,2.69,0,0,FALSE
Female,Loyal Customer,50,Personal Travel,Eco,1587,3,4,3,1,5,3,5,4,4,3,4,3,5,3.62,0,0,FALSE
Male,Disloyal Customer,43,Business Travel,Business,2072,3,3,3,4,2,3,2,2,3,4,4,5,2,3.08,36,27,FALSE
Male,Loyal Customer,9,Business Travel,Business,708,1,1,1,1,1,1,1,1,2,3,4,1,1,1.46,20,14,FALSE
Female,Loyal Customer,19,Personal Travel,Eco,759,3,5,3,2,1,3,1,1,3,2,5,4,1,2.62,2,0,FALSE
Male,Loyal Customer,62,Personal Travel,Eco,1488,3,5,3,4,5,3,5,5,1,1,5,1,5,3.54,0,0,FALSE
Female,Loyal Customer,50,Personal Travel,Eco,932,2,5,2,2,3,4,4,2,2,2,2,5,4,3,82,71,FALSE
Female,Loyal Customer,22,Business Travel,Business,2513,4,4,1,4,5,5,5,5,3,2,4,2,5,3.77,2,0,TRUE
Male,Loyal Customer,14,Personal Travel,Eco,1011,3,1,2,3,1,2,1,1,3,3,3,3,1,2.08,15,57,FALSE
Male,Disloyal Customer,27,Business Travel,Eco,391,1,0,0,5,4,0,4,4,5,5,2,2,4,2.77,0,2,FALSE
Male,Disloyal Customer,12,Business Travel,Eco,861,3,3,3,3,1,3,1,1,2,5,3,4,1,2.54,0,0,FALSE
Female,Loyal Customer,63,Business Travel,Business,357,5,5,5,5,4,1,4,5,5,5,5,2,1,4,0,0,TRUE
Female,Loyal Customer,58,Business Travel,Business,731,2,2,2,2,5,4,4,4,4,4,4,4,5,3.54,0,0,TRUE
Male,Loyal Customer,22,Business Travel,Business,2125,1,1,1,1,5,5,5,5,3,3,4,5,5,3.38,0,0,TRUE
Female,Disloyal Customer,47,Business Travel,Business,444,4,4,4,4,1,4,1,1,4,3,4,5,1,3.08,7,0,FALSE
Male,Loyal Customer,60,Business Travel,Business,3374,3,5,2,2,2,4,4,3,3,3,3,3,1,2.92,0,0,FALSE
Male,Loyal Customer,60,Business Travel,Business,1668,1,1,1,1,2,5,4,4,4,4,4,3,4,2.92,0,0,TRUE
Male,Disloyal Customer,16,Business Travel,Eco,429,1,2,2,3,2,2,2,2,3,3,3,4,2,2.38,13,13,FALSE
Female,Loyal Customer,31,Personal Travel,Eco,528,2,4,4,2,4,4,4,4,3,4,4,3,4,3.54,0,0,FALSE
Female,Loyal Customer,43,Business Travel,Business,3518,1,1,1,1,4,5,5,4,4,4,4,4,4,3.23,0,0,TRUE
Female,Loyal Customer,50,Personal Travel,Eco,361,4,5,4,3,4,4,4,1,1,4,1,3,3,3.15,0,12,FALSE
Male,Loyal Customer,25,Personal Travel,Eco,67,4,4,4,1,4,4,4,4,4,5,4,5,4,3.92,0,0,TRUE
Male,Loyal Customer,47,Business Travel,Business,3741,2,2,2,2,3,5,4,4,4,4,4,4,3,3.31,0,1,TRUE
Female,Loyal Customer,45,Business Travel,Business,780,4,3,3,3,1,3,2,4,4,4,4,1,2,2.92,0,12,FALSE
Male,Loyal Customer,47,Personal Travel,Business,460,2,3,2,4,5,2,1,3,3,2,3,1,2,2.54,30,29,FALSE
Female,Loyal Customer,50,Business Travel,Eco Plus,489,4,4,4,4,5,2,4,4,4,4,4,4,4,3.92,0,0,TRUE
Male,Disloyal Customer,65,Business Travel,Business,247,2,2,2,5,5,2,5,5,3,4,4,5,5,3.77,20,10,TRUE
Male,Loyal Customer,18,Personal Travel,Eco Plus,259,2,2,2,4,5,2,5,5,4,2,4,2,5,3.38,0,5,FALSE
Female,Loyal Customer,43,Business Travel,Business,259,2,2,2,2,5,4,4,5,5,5,5,4,4,3.77,6,1,TRUE
Male,Loyal Customer,54,Business Travel,Eco,581,4,2,2,2,4,4,4,4,1,1,3,3,4,2.92,0,0,FALSE
Female,Loyal Customer,35,Business Travel,Business,2037,4,4,4,4,3,5,5,4,4,4,4,4,4,4.08,0,0,TRUE
Female,Disloyal Customer,21,Business Travel,Eco,1235,2,1,1,4,1,1,1,1,1,5,3,4,1,2,8,20,FALSE
Male,Disloyal Customer,36,Business Travel,Eco,304,2,0,1,1,5,1,5,5,1,5,2,4,5,2.85,42,47,FALSE
Female,Loyal Customer,14,Business Travel,Business,2521,3,3,3,3,5,4,5,5,5,2,4,3,5,3.85,0,0,TRUE
Female,Loyal Customer,22,Business Travel,Eco,1947,5,5,5,5,5,5,5,5,5,2,3,4,5,4.54,25,0,TRUE
Male,Loyal Customer,32,Business Travel,Business,1660,5,5,2,5,4,4,4,4,5,3,3,3,4,3.92,1,4,TRUE
Male,Loyal Customer,38,Personal Travel,Eco,951,4,5,4,5,2,4,2,2,4,3,5,5,2,3.62,27,13,FALSE
Male,Loyal Customer,25,Business Travel,Business,2822,2,1,4,1,2,2,2,2,3,1,4,3,2,2.23,0,0,FALSE
Male,Loyal Customer,59,Personal Travel,Eco,722,3,4,3,4,3,3,3,3,2,3,2,3,3,3,0,0,FALSE
Male,Loyal Customer,55,Personal Travel,Eco,391,3,5,3,5,5,3,5,5,2,5,1,5,5,4,0,0,FALSE
Female,Loyal Customer,39,Personal Travel,Eco,1039,1,5,1,2,2,1,2,2,4,3,4,3,2,2.46,0,0,FALSE
Male,Loyal Customer,30,Business Travel,Business,1884,5,5,5,5,4,4,4,4,3,3,4,5,4,4.23,0,0,TRUE
Male,Loyal Customer,60,Personal Travel,Eco,112,3,5,3,2,3,2,2,3,1,3,4,2,2,2.69,154,176,FALSE
Female,Loyal Customer,48,Business Travel,Business,192,2,2,2,2,2,2,2,4,4,4,5,2,2,2.69,0,0,TRUE
Male,Loyal Customer,37,Business Travel,Eco,84,2,5,4,5,2,1,2,2,3,2,3,1,2,2.62,2,0,FALSE
Male,Loyal Customer,48,Business Travel,Eco,446,3,1,1,1,3,3,3,3,5,4,4,3,3,2.85,156,146,FALSE
Female,Loyal Customer,76,Business Travel,Business,3902,3,1,1,1,3,4,4,3,3,3,3,2,4,2.69,0,0,FALSE
Female,Disloyal Customer,37,Personal Travel,Eco,1773,1,1,1,4,2,1,2,2,2,5,3,3,2,2.23,5,4,FALSE
Female,Loyal Customer,38,Personal Travel,Eco,1744,1,3,1,4,4,1,4,4,1,1,4,2,4,2.62,0,3,FALSE
Male,Loyal Customer,18,Personal Travel,Eco,283,3,4,3,4,5,3,5,5,5,4,4,4,5,4.15,86,82,FALSE
Female,Loyal Customer,29,Business Travel,Business,2377,3,3,3,3,3,3,3,3,3,3,2,1,3,2.77,6,5,TRUE
Female,Loyal Customer,45,Business Travel,Business,2174,3,3,3,3,5,5,5,5,5,5,5,4,3,4.15,0,0,TRUE
Male,Loyal Customer,40,Business Travel,Business,127,0,5,1,2,3,4,5,5,5,5,5,5,3,3.69,0,0,TRUE
Female,Disloyal Customer,27,Business Travel,Eco,696,1,1,1,3,1,1,1,1,2,4,4,4,1,1.92,0,0,FALSE
Male,Loyal Customer,58,Personal Travel,Eco,306,1,2,1,4,1,1,1,1,4,3,3,2,1,1.92,3,7,FALSE
Female,Loyal Customer,72,Business Travel,Business,3579,2,1,5,5,2,2,2,2,2,2,2,1,4,2.46,16,16,FALSE
Male,Loyal Customer,59,Personal Travel,Eco,1190,2,5,1,1,5,1,4,5,4,5,4,4,5,3.54,0,0,FALSE
Male,Disloyal Customer,15,Business Travel,Eco,1322,2,2,2,1,3,2,3,3,3,5,1,1,3,2.38,27,10,FALSE
Male,Loyal Customer,21,Personal Travel,Eco,288,2,5,2,1,4,2,4,4,5,5,5,3,4,3.54,1,0,FALSE
Female,Loyal Customer,19,Personal Travel,Eco,447,1,5,1,2,5,1,5,5,5,2,4,4,5,3.46,0,0,FALSE
Male,Loyal Customer,43,Business Travel,Business,1927,3,1,1,1,2,1,3,3,3,3,3,1,4,2.23,0,0,FALSE
Male,Loyal Customer,35,Personal Travel,Eco,248,5,5,5,4,2,5,2,2,3,5,4,4,2,3.69,2,3,TRUE
Female,Loyal Customer,44,Business Travel,Business,2064,2,2,2,2,2,5,4,4,4,4,4,5,3,3.31,51,42,TRUE
Female,Loyal Customer,34,Business Travel,Business,3994,5,5,5,5,5,4,4,3,3,3,3,4,4,4.08,4,0,TRUE
Male,Loyal Customer,22,Business Travel,Business,1674,5,5,5,5,5,5,5,5,1,2,4,5,5,4.38,1,29,TRUE
Male,Loyal Customer,22,Business Travel,Business,1590,2,1,5,5,2,2,2,2,4,4,3,1,2,2.69,1,3,FALSE
Male,Loyal Customer,39,Business Travel,Business,3875,1,1,1,1,3,3,4,1,1,1,1,2,2,1.69,0,0,FALSE
Female,Loyal Customer,53,Personal Travel,Eco,280,3,4,3,5,4,4,4,3,3,3,3,3,5,3.62,0,0,FALSE
Male,Loyal Customer,47,Business Travel,Eco Plus,569,2,1,1,1,2,2,2,2,2,5,3,2,2,2.08,20,28,FALSE
Male,Loyal Customer,20,Business Travel,Business,1111,2,1,1,1,2,2,2,2,3,3,3,3,2,2.08,89,71,FALSE
Male,Loyal Customer,28,Personal Travel,Business,1025,2,5,3,1,3,3,3,3,5,3,4,4,3,3.23,0,0,FALSE
Female,Loyal Customer,39,Personal Travel,Eco,837,2,4,1,4,5,1,5,5,1,3,3,4,5,3.31,3,0,FALSE
Female,Loyal Customer,66,Business Travel,Business,3740,1,1,1,1,4,5,3,5,5,5,5,5,5,3.54,0,0,TRUE
Female,Loyal Customer,41,Business Travel,Business,2691,5,5,5,5,2,4,4,5,5,5,5,2,1,4.08,13,0,TRUE
Male,Loyal Customer,14,Personal Travel,Eco Plus,1674,3,3,4,3,2,4,2,2,4,3,4,3,2,3,56,53,FALSE
Male,Loyal Customer,54,Personal Travel,Eco,1747,1,2,1,4,5,1,5,5,2,3,4,3,5,3.15,2,0,FALSE
Male,Loyal Customer,33,Business Travel,Eco,158,2,4,4,4,2,2,2,2,4,3,4,2,2,2.85,92,84,FALSE
Male,Loyal Customer,20,Personal Travel,Eco,391,4,3,4,4,5,4,5,5,4,1,2,2,5,3.69,30,2,TRUE
Male,Loyal Customer,34,Personal Travel,Eco,601,3,4,3,3,3,3,3,3,4,2,5,4,3,3.31,0,0,FALSE
Male,Loyal Customer,19,Business Travel,Eco Plus,551,4,5,5,5,4,4,3,4,2,1,1,1,4,3.31,0,0,TRUE
Female,Loyal Customer,39,Business Travel,Business,3115,2,2,2,2,3,5,5,2,2,2,2,5,3,2.85,0,0,TRUE
Male,Loyal Customer,47,Business Travel,Business,643,2,2,2,2,2,5,5,4,4,4,4,4,4,3.38,8,0,TRUE
Male,Loyal Customer,23,Personal Travel,Eco Plus,368,2,2,2,3,5,2,5,5,4,4,4,1,5,3.38,8,4,FALSE
Male,Loyal Customer,46,Business Travel,Business,2571,1,5,1,1,4,5,5,4,4,4,4,3,5,3.54,0,0,TRUE
Female,Loyal Customer,51,Personal Travel,Eco,590,4,4,4,4,3,4,4,1,1,4,1,4,3,3.15,0,0,TRUE
Male,Loyal Customer,56,Business Travel,Business,241,2,2,2,2,5,1,2,4,4,4,4,3,1,2.77,0,0,TRUE
Female,Loyal Customer,59,Personal Travel,Eco,853,2,4,2,4,2,5,4,2,2,2,2,4,3,2.92,45,37,FALSE
Male,Loyal Customer,45,Business Travel,Business,2590,2,4,4,4,2,4,4,2,2,2,2,1,4,2.85,0,0,FALSE
Male,Disloyal Customer,31,Business Travel,Business,1660,3,3,3,4,5,3,5,5,4,2,3,4,5,3.77,1,30,FALSE
Male,Loyal Customer,45,Business Travel,Eco,898,2,5,5,5,2,2,2,2,2,1,3,1,2,2.62,0,0,FALSE
Male,Disloyal Customer,22,Business Travel,Eco,311,0,0,0,3,2,0,2,2,2,5,3,2,2,1.77,0,0,TRUE
Male,Loyal Customer,11,Personal Travel,Eco,602,1,4,1,1,3,1,3,3,3,4,5,4,3,2.77,3,2,FALSE
Male,Loyal Customer,28,Personal Travel,Eco,235,3,5,3,2,3,3,3,3,3,5,5,4,3,3.46,0,0,FALSE
Female,Loyal Customer,30,Personal Travel,Eco,1020,1,2,0,3,5,0,5,5,4,1,3,4,5,2.92,50,35,FALSE
Male,Loyal Customer,21,Personal Travel,Business,992,1,5,1,4,1,1,1,1,4,2,5,3,1,2.31,8,0,FALSE
Female,Loyal Customer,52,Business Travel,Eco,1028,3,3,3,3,4,4,4,4,4,3,4,2,4,3.46,0,0,FALSE
Female,Disloyal Customer,20,Business Travel,Business,967,5,0,5,1,1,0,5,1,5,2,5,3,1,2.62,74,62,TRUE
Female,Disloyal Customer,27,Business Travel,Business,668,0,0,0,5,5,0,5,5,5,5,5,5,5,3.46,1,0,TRUE
Male,Loyal Customer,22,Business Travel,Business,534,3,3,3,3,5,5,5,5,5,2,2,3,5,3.77,0,0,TRUE
Female,Disloyal Customer,24,Business Travel,Eco,447,3,4,2,3,3,2,3,3,4,4,4,3,3,3.15,42,64,FALSE
Female,Disloyal Customer,55,Business Travel,Eco,1504,4,4,4,1,2,4,5,2,3,1,5,1,2,2.92,8,35,TRUE
Male,Loyal Customer,54,Business Travel,Business,2608,3,2,2,2,1,4,3,3,3,4,3,1,1,2.46,0,0,FALSE
Female,Disloyal Customer,25,Business Travel,Eco,954,1,1,1,4,5,1,5,5,1,1,3,3,5,2.77,0,0,FALSE
Male,Loyal Customer,45,Business Travel,Business,3317,2,5,5,5,2,3,4,2,2,1,2,2,4,3,0,0,FALSE
Female,Loyal Customer,49,Personal Travel,Eco,236,4,4,4,2,4,5,4,4,4,4,4,3,3,3.77,0,0,FALSE
Female,Loyal Customer,40,Personal Travel,Eco,859,3,3,3,3,3,3,3,3,2,1,3,1,3,2.62,22,0,FALSE
Female,Loyal Customer,45,Personal Travel,Eco Plus,1199,0,4,0,3,5,3,3,2,2,0,2,5,5,2.62,0,0,TRUE
Female,Loyal Customer,24,Business Travel,Eco,371,3,3,3,3,3,3,3,3,2,5,3,2,3,3,19,10,FALSE
Female,Loyal Customer,49,Business Travel,Eco,543,2,2,2,2,5,4,4,1,1,2,1,3,3,2.46,20,13,FALSE
Male,Loyal Customer,60,Business Travel,Business,2577,5,5,5,5,3,4,4,5,5,5,5,5,5,4.69,0,0,TRUE
Female,Loyal Customer,59,Business Travel,Business,3817,2,2,2,2,2,5,5,4,4,4,4,3,3,3.23,0,0,TRUE
Male,Loyal Customer,27,Business Travel,Eco,689,3,1,1,1,3,4,3,3,2,5,4,1,3,2.62,0,0,FALSE
Female,Loyal Customer,29,Business Travel,Business,3801,3,3,3,3,4,4,4,4,3,4,5,4,4,3.69,6,0,TRUE
Male,Loyal Customer,47,Business Travel,Business,2858,2,2,2,2,3,3,3,2,2,2,2,2,4,2.38,0,0,FALSE
Male,Loyal Customer,10,Business Travel,Business,1633,4,4,4,4,4,4,4,4,5,5,1,3,4,3.85,0,0,TRUE
Female,Loyal Customer,45,Personal Travel,Eco Plus,1119,2,5,2,4,2,4,4,4,4,2,4,3,5,3.46,0,0,FALSE
Male,Loyal Customer,59,Business Travel,Business,3115,2,2,2,2,2,5,4,4,4,4,4,5,3,3.31,4,13,TRUE
Male,Loyal Customer,55,Personal Travel,Eco,236,5,2,0,4,4,0,4,4,1,2,3,3,4,2.77,1,4,TRUE
Female,Disloyal Customer,30,Business Travel,Business,1464,5,5,5,4,5,5,4,5,4,4,5,3,5,4.54,0,0,TRUE
Male,Loyal Customer,51,Business Travel,Business,2468,3,3,4,3,2,5,5,5,5,5,5,5,5,4.23,82,104,TRUE
Male,Loyal Customer,31,Business Travel,Eco,224,4,5,5,5,4,4,4,4,2,4,4,2,4,3.92,4,11,FALSE
Female,Loyal Customer,62,Personal Travel,Eco,853,2,5,3,3,2,4,4,2,2,3,2,5,4,3.15,32,74,FALSE
Female,Disloyal Customer,29,Business Travel,Eco,2486,2,2,2,3,1,2,1,1,3,1,2,1,1,1.69,0,0,FALSE
Male,Loyal Customer,40,Business Travel,Business,3925,1,1,1,1,2,5,4,3,3,4,3,3,4,2.69,0,0,TRUE
Female,Loyal Customer,37,Business Travel,Business,1908,5,5,5,5,4,5,5,4,4,4,4,4,3,4.38,0,0,TRUE
Male,Loyal Customer,45,Business Travel,Business,3331,5,5,5,5,3,4,5,4,4,4,4,5,5,4.46,17,0,TRUE
Male,Loyal Customer,53,Business Travel,Eco,792,5,2,2,2,5,5,5,5,4,5,5,5,5,4.23,0,11,TRUE
Male,Loyal Customer,57,Personal Travel,Eco,1726,3,1,3,3,5,3,5,5,3,2,3,2,5,3.31,5,12,FALSE
Female,Loyal Customer,58,Business Travel,Business,3141,1,1,5,1,2,4,4,5,5,5,5,4,3,3.46,0,8,TRUE
Female,Loyal Customer,14,Personal Travel,Eco,534,3,2,3,4,3,3,3,4,5,4,4,3,3,3.38,154,164,FALSE
Female,Disloyal Customer,37,Business Travel,Eco,230,3,3,3,2,4,3,4,4,4,1,3,4,4,3.23,72,99,FALSE
Female,Loyal Customer,26,Business Travel,Eco,526,4,1,1,1,4,4,3,4,4,5,4,3,4,3.23,37,23,FALSE
Female,Loyal Customer,56,Business Travel,Business,2099,1,1,1,1,3,5,5,4,4,4,4,5,4,3.23,0,0,TRUE
Male,Loyal Customer,33,Personal Travel,Eco,725,3,1,3,3,3,3,3,3,2,2,2,4,3,2.69,3,0,FALSE
Female,Disloyal Customer,20,Business Travel,Eco,143,2,1,2,3,5,2,5,5,2,4,3,4,5,3.31,0,0,FALSE
Male,Loyal Customer,56,Personal Travel,Eco,707,3,5,3,5,1,3,1,1,5,5,1,5,1,3,0,9,FALSE
Male,Loyal Customer,45,Business Travel,Eco,135,3,2,2,2,2,3,2,2,2,1,3,2,2,2.15,0,13,FALSE
Female,Loyal Customer,51,Business Travel,Eco,679,4,4,4,4,1,2,1,4,4,4,4,3,5,3.38,0,1,TRUE
Male,Loyal Customer,46,Personal Travel,Eco,770,4,4,4,1,5,4,1,5,5,5,4,3,5,3.85,0,0,TRUE
Male,Disloyal Customer,21,Business Travel,Eco,230,5,3,5,5,1,5,1,1,4,4,4,1,1,3.08,2,0,TRUE
Male,Disloyal Customer,54,Business Travel,Eco,1211,3,3,3,3,1,3,1,1,4,4,2,1,1,2.31,0,0,FALSE
Male,Loyal Customer,34,Personal Travel,Eco,912,3,4,3,2,5,3,5,5,5,5,4,5,5,4.15,10,0,FALSE
Male,Loyal Customer,66,Personal Travel,Eco,1097,3,5,3,4,4,3,4,4,5,2,5,5,4,3.92,0,0,FALSE
Male,Loyal Customer,36,Personal Travel,Eco Plus,204,2,5,2,1,4,2,4,4,2,2,4,5,4,3.15,0,0,FALSE
Female,Loyal Customer,46,Business Travel,Business,1906,2,2,2,2,3,5,5,4,4,4,4,5,4,3.54,0,0,TRUE
Male,Loyal Customer,60,Business Travel,Eco Plus,1087,4,2,2,2,4,4,4,4,4,5,4,3,4,3.54,0,0,TRUE
Male,Disloyal Customer,24,Business Travel,Business,184,0,0,0,5,2,0,2,2,3,2,4,4,2,2,0,0,TRUE
Male,Loyal Customer,40,Business Travel,Eco,351,2,1,4,1,2,2,2,2,1,1,3,4,2,2.08,0,37,FALSE
Female,Loyal Customer,54,Business Travel,Business,1705,2,2,2,2,4,3,4,2,2,1,2,4,1,2.38,0,0,FALSE
Male,Loyal Customer,73,Business Travel,Eco,429,4,3,2,2,4,4,4,4,1,3,3,4,4,3.23,76,64,FALSE
Female,Disloyal Customer,37,Business Travel,Eco,328,4,2,4,3,5,4,2,5,2,5,3,1,5,3.46,0,3,FALSE
Female,Loyal Customer,7,Personal Travel,Eco,152,3,4,3,3,5,3,5,5,3,2,4,4,5,3.77,0,0,FALSE
Female,Loyal Customer,22,Personal Travel,Eco,343,2,5,2,3,4,2,4,4,2,3,3,3,4,3.15,9,0,FALSE
Male,Loyal Customer,34,Business Travel,Business,2065,5,5,5,5,3,5,4,5,5,5,5,2,1,4.23,5,0,TRUE
Female,Loyal Customer,28,Personal Travel,Eco,488,3,5,3,3,4,3,4,4,3,4,4,5,4,3.77,28,27,FALSE
Female,Loyal Customer,45,Business Travel,Business,2133,2,2,2,2,4,3,5,4,4,4,4,5,4,3.46,53,43,TRUE
Male,Loyal Customer,42,Personal Travel,Eco,2556,4,3,4,2,4,4,4,4,4,3,4,4,4,3.69,0,0,FALSE
Male,Loyal Customer,53,Business Travel,Eco,837,5,4,4,4,5,5,5,5,3,1,2,3,5,3.92,0,0,TRUE
Female,Loyal Customer,49,Business Travel,Business,2422,1,1,1,1,5,4,5,5,5,5,5,4,4,3.54,16,1,TRUE
Male,Loyal Customer,48,Business Travel,Business,1723,4,4,4,4,4,4,5,2,2,2,2,4,5,3.54,20,3,TRUE
Male,Loyal Customer,32,Business Travel,Business,1363,1,1,2,1,4,4,4,4,3,2,4,3,4,2.85,58,48,TRUE
Female,Disloyal Customer,25,Business Travel,Eco,649,1,5,2,2,4,2,4,4,2,5,4,4,4,3.31,0,5,FALSE
Male,Loyal Customer,51,Business Travel,Business,315,2,4,4,4,5,3,3,2,2,2,2,1,3,2.85,0,0,FALSE
Male,Loyal Customer,25,Business Travel,Business,3500,3,4,4,4,3,3,3,3,2,3,3,2,3,3.08,0,0,FALSE
Male,Disloyal Customer,23,Business Travel,Eco,479,3,4,3,3,2,3,2,2,5,1,1,4,2,2.69,0,0,FALSE
Female,Loyal Customer,10,Personal Travel,Eco,1182,1,5,1,4,4,1,3,4,3,1,3,1,4,2.69,30,22,FALSE
Female,Loyal Customer,31,Personal Travel,Eco,1299,2,4,2,3,5,2,5,5,5,5,4,4,5,3.92,0,0,FALSE
Male,Disloyal Customer,27,Business Travel,Eco,247,1,0,1,3,5,1,5,5,2,1,1,5,5,2.69,0,0,FALSE
Female,Loyal Customer,38,Business Travel,Eco Plus,371,5,4,4,4,5,5,5,5,4,3,5,4,5,4.46,0,0,TRUE
Female,Loyal Customer,64,Business Travel,Eco,270,3,1,1,1,2,4,4,3,3,3,3,3,2,2.54,28,25,FALSE
Male,Loyal Customer,39,Business Travel,Business,3164,3,2,2,2,2,2,3,2,2,1,3,4,1,2.23,74,73,FALSE
Female,Loyal Customer,21,Business Travel,Business,628,2,5,5,5,2,2,2,2,1,1,4,4,2,2.85,1,8,FALSE
Female,Loyal Customer,23,Business Travel,Business,1558,5,5,5,5,3,3,3,3,4,5,5,5,3,4.15,86,93,TRUE
Female,Disloyal Customer,17,Business Travel,Eco,109,4,2,4,3,4,4,4,4,2,5,3,3,4,3.54,60,49,FALSE
Male,Loyal Customer,33,Personal Travel,Eco Plus,859,2,5,2,4,5,2,3,5,4,3,4,5,5,3.77,14,0,FALSE
Female,Loyal Customer,41,Personal Travel,Eco,2586,2,1,2,3,2,4,4,2,4,2,2,4,4,2.77,0,0,FALSE
Male,Loyal Customer,44,Personal Travel,Eco,1119,2,3,2,1,2,2,1,2,1,3,5,1,2,2.08,3,1,FALSE
Male,Loyal Customer,44,Business Travel,Eco,900,5,3,3,3,5,5,5,5,5,2,1,2,5,3.77,0,0,TRUE
Female,Loyal Customer,45,Business Travel,Business,1013,5,5,5,5,3,5,5,2,2,2,2,4,5,3.85,0,0,TRUE
Female,Loyal Customer,68,Business Travel,Eco,89,2,5,5,5,2,2,5,1,1,2,1,4,1,2.77,13,12,TRUE
Male,Loyal Customer,56,Business Travel,Business,436,2,2,2,2,1,3,3,2,2,2,2,1,1,1.92,20,9,FALSE
Female,Loyal Customer,31,Personal Travel,Eco,432,1,5,1,4,4,1,4,4,4,4,4,4,4,3.38,0,0,FALSE
Male,Disloyal Customer,40,Business Travel,Eco,184,3,3,3,4,3,3,3,3,1,5,3,2,3,3,0,0,FALSE
Male,Loyal Customer,15,Personal Travel,Eco,228,3,1,3,2,5,3,5,5,3,3,1,2,5,3.15,21,14,FALSE
Female,Loyal Customer,47,Business Travel,Business,2615,5,5,5,5,4,4,4,3,4,4,4,4,4,4.23,0,0,TRUE
Female,Loyal Customer,45,Business Travel,Business,2724,5,5,5,5,4,3,3,5,4,4,5,3,3,4.15,0,0,TRUE
Female,Loyal Customer,30,Business Travel,Eco,163,4,4,4,4,4,4,4,4,3,5,1,4,4,3.77,0,0,TRUE
Female,Loyal Customer,36,Business Travel,Business,158,2,2,2,2,3,1,3,4,4,4,5,4,3,3,3,1,TRUE
Male,Loyal Customer,30,Business Travel,Business,2210,5,5,5,5,4,4,4,4,3,3,4,4,4,4.15,0,0,TRUE
Female,Disloyal Customer,23,Business Travel,Eco,427,2,0,1,3,3,1,5,3,3,5,5,4,3,2.92,7,0,FALSE
Male,Loyal Customer,60,Business Travel,Business,2496,3,3,5,3,5,4,5,5,5,5,5,3,3,4.15,0,0,TRUE
Male,Loyal Customer,36,Personal Travel,Eco,404,5,5,5,3,1,5,1,1,5,2,4,3,1,3.15,16,0,TRUE
Female,Loyal Customer,9,Personal Travel,Eco,393,4,4,4,4,1,4,1,1,2,5,3,3,1,2.85,0,0,FALSE
Female,Loyal Customer,53,Personal Travel,Eco,2565,2,4,2,1,5,5,5,3,3,2,3,4,2,3.15,0,0,FALSE
Female,Loyal Customer,35,Personal Travel,Eco,888,4,4,4,3,1,4,1,1,4,3,2,4,1,2.77,10,29,TRUE
Female,Loyal Customer,35,Business Travel,Business,1592,2,2,2,2,5,3,4,3,3,4,3,3,3,3,0,0,TRUE
Male,Loyal Customer,56,Personal Travel,Eco,738,4,5,4,3,1,4,1,1,5,3,5,4,1,3.15,0,0,FALSE
Female,Loyal Customer,47,Business Travel,Business,502,4,4,4,4,5,4,5,4,4,4,4,5,3,4.15,26,4,TRUE
Male,Loyal Customer,49,Personal Travel,Eco,399,4,3,4,4,5,4,5,5,1,2,3,1,5,3.54,0,1,FALSE
Female,Disloyal Customer,24,Business Travel,Eco,163,4,4,4,2,3,4,3,3,3,4,5,3,3,3.46,0,0,TRUE
Female,Loyal Customer,31,Business Travel,Eco,1956,3,5,5,5,3,4,3,3,2,3,5,2,3,3.54,5,0,TRUE
Female,Disloyal Customer,71,Business Travel,Eco Plus,436,4,4,4,4,2,4,2,2,4,2,3,3,2,3.08,0,0,FALSE
Male,Loyal Customer,32,Personal Travel,Eco Plus,578,2,1,3,3,3,3,3,3,3,1,4,1,3,2.54,39,36,FALSE
Male,Loyal Customer,66,Personal Travel,Eco,496,1,4,1,2,2,1,2,2,3,4,4,3,2,2.38,0,0,FALSE
Female,Loyal Customer,46,Business Travel,Business,159,2,2,2,2,4,4,4,5,5,5,5,3,3,3.54,35,30,TRUE
Female,Disloyal Customer,24,Business Travel,Eco,405,1,5,1,5,3,1,3,3,4,5,5,5,3,3.38,0,0,FALSE
Female,Loyal Customer,44,Personal Travel,Eco,1744,3,4,3,1,3,5,4,4,4,3,4,4,3,3.46,0,0,FALSE
Male,Loyal Customer,32,Business Travel,Eco,67,4,4,4,4,4,4,4,4,5,2,5,3,4,3.92,68,72,TRUE
Male,Loyal Customer,46,Business Travel,Business,3422,4,3,3,3,3,3,2,4,4,4,4,4,4,3.46,20,3,FALSE
Male,Loyal Customer,47,Business Travel,Eco,337,5,1,4,4,5,5,5,5,4,2,3,4,5,4,0,0,TRUE
Female,Loyal Customer,42,Business Travel,Business,3954,1,5,5,5,1,2,2,1,1,1,1,1,4,2.31,5,0,FALSE
Female,Loyal Customer,58,Personal Travel,Eco,651,1,3,1,1,2,5,2,1,1,1,1,2,2,1.77,0,7,FALSE
Male,Loyal Customer,54,Business Travel,Business,214,3,3,5,3,5,5,5,5,5,5,5,4,3,4.31,0,4,TRUE
Female,Disloyal Customer,20,Business Travel,Business,408,4,4,4,2,2,4,2,2,5,4,4,4,2,3.31,0,5,TRUE
Male,Loyal Customer,53,Personal Travel,Eco,228,3,3,3,4,2,3,3,2,4,5,4,2,2,3.08,0,0,FALSE
Female,Disloyal Customer,39,Business Travel,Business,817,2,2,2,4,1,2,1,1,3,1,3,2,1,1.92,0,0,FALSE
Female,Loyal Customer,62,Personal Travel,Eco Plus,546,3,4,3,3,2,4,3,4,4,3,4,1,4,3.23,42,36,FALSE
Female,Disloyal Customer,23,Business Travel,Eco,395,3,1,3,3,4,3,4,4,3,1,3,4,4,3.08,32,22,FALSE
Female,Loyal Customer,66,Personal Travel,Eco,696,2,5,2,1,4,5,5,1,1,2,1,5,3,2.85,0,2,FALSE
Female,Loyal Customer,57,Business Travel,Business,3242,3,3,3,3,3,4,5,5,5,5,5,3,5,4,11,5,TRUE
Male,Loyal Customer,49,Business Travel,Business,2288,2,2,4,2,3,4,4,4,4,4,4,3,5,3.46,0,0,TRUE
Male,Loyal Customer,50,Business Travel,Business,3242,4,4,4,4,2,5,5,5,5,5,5,4,5,4.38,0,0,TRUE
Male,Disloyal Customer,16,Business Travel,Eco,304,3,0,3,1,2,3,2,2,4,4,4,2,2,2.46,0,0,FALSE
Female,Disloyal Customer,20,Business Travel,Eco,1849,2,2,2,4,2,2,2,2,1,1,3,3,2,2.15,10,13,FALSE
Female,Disloyal Customer,27,Business Travel,Eco,305,3,1,3,4,1,3,1,1,3,3,4,3,1,2.38,11,4,FALSE
Male,Disloyal Customer,26,Business Travel,Eco,1135,2,2,2,4,4,2,4,4,1,2,3,2,4,2.77,2,0,FALSE
Female,Disloyal Customer,24,Business Travel,Business,546,0,4,0,3,2,0,2,2,4,3,4,4,2,2.31,9,56,TRUE
Male,Loyal Customer,29,Business Travel,Eco,1129,3,1,1,1,3,2,3,3,2,1,2,1,3,2,0,12,FALSE
Female,Loyal Customer,51,Business Travel,Eco,2399,5,3,3,3,2,3,3,5,5,5,5,5,1,3.69,0,0,TRUE
Female,Disloyal Customer,23,Business Travel,Eco,606,4,0,4,2,5,4,4,5,3,2,4,3,5,3.46,64,68,TRUE
Female,Loyal Customer,58,Business Travel,Business,3442,4,4,4,4,5,5,5,5,5,5,4,4,3,4.38,13,16,TRUE
Male,Loyal Customer,24,Personal Travel,Eco,479,3,5,3,3,2,3,2,2,4,4,2,4,2,3,6,0,FALSE
Female,Loyal Customer,40,Personal Travel,Eco,118,2,3,2,2,1,2,1,1,3,3,2,2,1,1.92,0,0,FALSE
Male,Loyal Customer,51,Business Travel,Business,2519,0,1,1,1,3,5,4,3,3,3,3,3,3,2.54,0,0,TRUE
Male,Loyal Customer,14,Business Travel,Eco,1124,3,1,1,1,3,3,4,3,2,1,3,1,3,2.23,0,0,FALSE
Male,Loyal Customer,13,Personal Travel,Eco,2092,2,0,2,5,2,2,2,5,3,4,4,2,2,2.69,454,454,FALSE
Female,Loyal Customer,37,Personal Travel,Eco,510,2,4,2,3,3,2,5,3,3,3,4,5,3,3.23,0,0,FALSE
Female,Disloyal Customer,21,Business Travel,Eco,261,1,4,1,3,1,3,3,2,2,3,1,3,3,2.31,135,136,FALSE
Female,Loyal Customer,42,Personal Travel,Eco,845,4,4,4,3,3,4,4,4,4,4,4,5,5,4,0,0,FALSE
Male,Loyal Customer,48,Business Travel,Business,2519,4,4,4,4,3,4,4,3,3,4,3,5,5,3.85,0,0,TRUE
Female,Loyal Customer,26,Business Travel,Business,2596,2,1,1,1,2,1,2,2,3,5,2,1,2,1.92,10,0,FALSE
Female,Loyal Customer,21,Personal Travel,Eco,746,5,5,5,3,2,5,2,2,1,4,5,4,2,3.46,0,0,TRUE
Male,Disloyal Customer,22,Business Travel,Business,328,5,0,5,1,2,5,1,2,5,4,4,4,2,3.08,29,26,TRUE
Male,Loyal Customer,62,Personal Travel,Eco Plus,696,2,2,3,2,1,3,1,1,3,1,1,3,1,1.85,0,14,FALSE
Female,Loyal Customer,32,Business Travel,Business,1546,4,4,4,4,4,4,4,4,3,5,4,3,4,3.92,39,55,TRUE
Male,Loyal Customer,24,Personal Travel,Eco,190,2,2,2,3,4,2,4,4,4,3,4,4,4,3.23,0,0,FALSE
Male,Disloyal Customer,24,Business Travel,Eco,171,4,0,4,3,1,4,1,1,1,3,1,4,1,2.15,0,0,TRUE
Female,Loyal Customer,61,Business Travel,Eco Plus,788,5,2,2,2,1,5,3,5,5,5,5,4,4,3.69,15,8,TRUE
Female,Loyal Customer,36,Business Travel,Eco,226,5,2,2,2,5,5,5,5,2,3,3,5,5,3.77,0,0,TRUE
Female,Loyal Customer,49,Business Travel,Business,2435,2,2,2,2,1,4,3,2,2,2,2,3,4,2.38,2,28,FALSE
Female,Disloyal Customer,23,Business Travel,Eco,733,2,2,2,3,3,2,5,3,4,2,4,2,3,2.85,44,44,FALSE
Male,Loyal Customer,14,Personal Travel,Eco Plus,591,3,5,3,4,3,3,5,3,3,3,5,3,3,3.54,3,6,FALSE
Male,Loyal Customer,37,Business Travel,Business,862,5,5,5,5,4,4,4,5,5,5,5,5,2,4.54,0,0,TRUE
Male,Loyal Customer,41,Personal Travel,Eco Plus,1744,4,5,4,3,5,4,5,5,5,5,4,3,5,4.38,0,0,FALSE
Male,Loyal Customer,22,Business Travel,Business,712,2,2,2,2,4,4,4,4,4,4,4,3,4,3.31,0,3,TRUE
Male,Disloyal Customer,22,Business Travel,Business,616,4,2,4,2,4,4,4,4,5,4,5,4,4,3.85,5,3,TRUE
Female,Loyal Customer,64,Personal Travel,Eco,317,4,4,4,4,5,3,4,5,5,4,5,1,4,4,0,0,FALSE
Male,Loyal Customer,70,Personal Travel,Eco,1055,3,4,3,3,2,3,2,2,5,3,4,4,2,3.08,79,71,FALSE
Female,Loyal Customer,43,Business Travel,Business,3277,4,4,4,4,5,5,4,4,4,4,4,3,5,4.15,0,0,TRUE
Male,Loyal Customer,50,Business Travel,Business,668,3,3,3,3,2,5,4,5,5,5,5,5,3,3.92,4,,TRUE
Male,Loyal Customer,38,Personal Travel,Eco,1013,5,2,5,2,5,5,5,5,1,4,3,1,5,3.69,0,0,TRUE
Female,Loyal Customer,39,Business Travel,Business,515,1,1,1,1,4,5,5,5,5,5,5,5,3,3.54,0,0,TRUE
Female,Loyal Customer,26,Business Travel,Business,1389,3,3,3,3,4,4,4,4,5,3,5,3,4,3.69,10,0,TRUE
Male,Loyal Customer,44,Business Travel,Business,3097,1,1,3,1,3,4,5,4,4,4,4,3,5,3.23,0,0,TRUE
Female,Loyal Customer,8,Personal Travel,Eco,140,3,1,3,4,4,3,4,4,1,5,4,1,4,3.15,11,6,FALSE
Female,Loyal Customer,16,Personal Travel,Eco,600,2,4,2,2,3,2,3,3,5,3,5,4,3,3.15,10,18,FALSE
Female,Loyal Customer,46,Business Travel,Business,521,1,1,1,1,2,1,5,3,3,3,3,3,1,2.15,0,0,TRUE
Female,Loyal Customer,49,Business Travel,Business,622,5,5,5,5,2,4,5,5,5,5,5,5,3,4.54,2,0,TRUE
Female,Loyal Customer,46,Business Travel,Eco,1052,3,4,4,4,2,3,3,3,3,3,3,3,2,3.08,0,0,FALSE
Female,Loyal Customer,43,Business Travel,Business,319,1,1,4,1,5,5,4,5,5,5,5,5,3,3.77,0,0,TRUE
Female,Loyal Customer,13,Personal Travel,Eco,550,4,5,4,4,4,4,4,4,3,5,4,3,4,4,0,0,FALSE
Male,Loyal Customer,51,Business Travel,Business,1884,2,2,2,2,5,4,4,3,3,4,3,4,5,3.31,0,0,TRUE
Male,Loyal Customer,55,Business Travel,Business,164,4,4,4,4,3,4,4,4,4,4,5,4,3,3.92,61,66,TRUE
Female,Disloyal Customer,21,Business Travel,Eco,1506,2,1,1,4,4,2,4,4,5,3,4,3,4,3.15,0,0,FALSE
Female,Loyal Customer,71,Business Travel,Business,2605,2,5,5,5,1,4,4,2,2,2,2,3,2,3,0,0,FALSE
Male,Loyal Customer,36,Personal Travel,Eco,1005,2,1,2,2,2,2,2,2,4,2,2,1,2,2,0,0,FALSE
Female,Loyal Customer,26,Business Travel,Business,1598,2,2,2,2,3,2,3,3,1,3,5,3,3,2.62,0,42,TRUE
Female,Loyal Customer,34,Business Travel,Business,3389,1,1,1,1,3,5,5,5,5,5,5,5,5,3.62,40,24,TRUE
Male,Disloyal Customer,59,Business Travel,Business,184,4,4,4,3,1,4,1,1,4,5,4,5,1,3.15,0,0,TRUE
Male,Loyal Customer,57,Business Travel,Business,190,0,5,0,4,4,5,4,5,5,5,5,3,5,3.85,0,0,TRUE
Male,Disloyal Customer,22,Business Travel,Eco,768,2,1,1,1,3,1,3,3,5,5,4,5,3,2.85,39,13,FALSE
Female,Loyal Customer,46,Business Travel,Business,1096,3,2,2,2,2,2,3,3,3,3,3,4,2,2.62,47,41,FALSE
Male,Loyal Customer,58,Business Travel,Business,2349,4,4,4,4,5,4,4,5,5,5,5,4,4,4.38,0,0,TRUE
Female,Loyal Customer,60,Business Travel,Business,2863,2,2,2,2,3,5,4,5,5,5,4,5,3,3.62,9,5,TRUE
Male,Loyal Customer,52,Business Travel,Business,1235,3,3,3,3,4,5,4,5,5,5,5,3,4,4,0,0,TRUE
Male,Disloyal Customer,22,Business Travel,Eco,273,1,0,1,3,1,1,1,1,4,3,4,5,1,2,1,0,FALSE
Male,Disloyal Customer,8,Business Travel,Business,1587,3,4,3,2,2,3,2,2,4,2,4,4,2,2.85,1,0,FALSE
Male,Loyal Customer,63,Personal Travel,Eco,813,2,1,2,4,4,2,4,4,4,4,3,4,4,3.23,8,5,FALSE
Female,Loyal Customer,46,Business Travel,Business,2467,5,5,5,5,3,5,4,3,3,4,4,5,4,4.23,0,0,TRUE
Male,Loyal Customer,35,Personal Travel,Eco,1709,4,3,4,2,1,4,1,1,3,2,3,3,1,2.46,4,10,FALSE
Male,Disloyal Customer,50,Business Travel,Business,551,3,3,3,1,3,3,4,3,4,3,4,3,3,3.08,1,16,FALSE
Male,Loyal Customer,29,Business Travel,Business,2768,2,5,3,3,2,2,2,2,1,1,3,2,2,2.31,0,0,FALSE
Male,Loyal Customer,32,Personal Travel,Eco,2586,1,2,1,3,4,1,4,4,2,2,2,3,4,2.54,0,0,FALSE
Female,Loyal Customer,64,Personal Travel,Eco Plus,650,1,2,1,3,3,4,3,4,4,1,4,3,2,2.69,0,0,FALSE
Female,Loyal Customer,50,Business Travel,Eco,991,2,4,5,4,3,4,3,2,2,2,2,2,2,2.85,0,0,FALSE
Female,Loyal Customer,39,Business Travel,Business,700,1,1,1,1,5,5,4,3,3,3,3,4,4,2.92,21,16,TRUE
Male,Loyal Customer,25,Business Travel,Business,2335,4,4,4,4,4,4,4,4,3,3,4,4,4,3.85,28,30,TRUE
Female,Loyal Customer,28,Business Travel,Eco Plus,591,4,3,3,3,4,4,4,4,3,3,5,4,4,3.69,23,27,TRUE
Female,Loyal Customer,38,Business Travel,Eco,288,4,1,1,1,4,4,4,4,2,2,4,1,4,2.77,10,0,TRUE
Male,Loyal Customer,42,Personal Travel,Eco,366,2,3,2,2,1,2,1,1,5,1,2,3,1,2,0,2,FALSE
Female,Loyal Customer,70,Personal Travel,Eco,853,2,2,2,3,4,4,4,1,1,2,1,1,4,2.38,11,61,FALSE
Male,Loyal Customer,38,Business Travel,Eco,192,3,1,4,1,3,3,3,3,4,1,4,3,3,2.77,0,0,FALSE
Female,Disloyal Customer,22,Business Travel,Eco,1262,5,5,5,2,1,5,1,1,5,5,4,4,1,3.38,0,0,TRUE
Male,Loyal Customer,38,Personal Travel,Eco,266,4,0,4,1,2,4,2,2,5,5,4,5,2,3.08,0,3,TRUE
Male,Loyal Customer,48,Personal Travel,Eco,240,2,5,2,1,4,2,4,4,5,2,5,3,4,3.31,25,33,FALSE
Male,Loyal Customer,50,Business Travel,Business,184,4,4,4,4,3,4,5,4,4,4,4,5,5,4.15,0,0,TRUE
Male,Loyal Customer,51,Business Travel,Business,1572,5,5,5,5,3,4,5,4,4,5,4,3,5,4.38,16,2,TRUE
Male,Loyal Customer,25,Business Travel,Eco,547,1,1,5,5,1,1,2,1,1,4,3,2,1,2.15,44,39,FALSE
Female,Loyal Customer,29,Personal Travel,Eco,442,2,2,3,2,2,3,3,2,2,4,3,3,2,2.54,15,21,FALSE
Female,Disloyal Customer,22,Business Travel,Business,1242,4,0,4,4,3,4,1,3,4,2,5,5,3,3.23,25,41,TRUE
Male,Loyal Customer,36,Personal Travel,Eco Plus,1521,4,4,4,3,2,4,3,2,2,2,1,1,2,2.62,13,0,FALSE
Male,Loyal Customer,40,Business Travel,Business,214,3,3,3,3,2,5,5,4,4,4,4,3,5,3.69,0,16,TRUE
Female,Loyal Customer,29,Personal Travel,Eco,337,3,3,1,3,3,1,3,3,3,3,2,1,3,2.46,3,0,FALSE
Female,Loyal Customer,40,Personal Travel,Eco,296,2,3,4,4,1,4,1,1,3,2,4,3,1,2.54,0,0,FALSE
Female,Loyal Customer,46,Business Travel,Business,1819,3,3,3,3,4,5,4,4,4,4,4,3,5,3.77,0,0,TRUE
Female,Loyal Customer,16,Business Travel,Business,337,3,3,3,3,4,4,4,4,1,3,2,2,4,3.08,2,0,TRUE
Female,Disloyal Customer,22,Business Travel,Eco,967,3,3,3,4,4,3,4,4,2,4,5,4,4,3.62,1,0,FALSE
Female,Loyal Customer,52,Business Travel,Eco,157,5,4,4,4,3,3,4,3,3,5,3,2,1,3.38,0,0,TRUE
Female,Loyal Customer,16,Personal Travel,Eco Plus,1119,2,4,2,4,5,2,5,5,3,2,4,5,5,3.69,0,4,FALSE
Male,Loyal Customer,66,Personal Travel,Eco,223,4,5,4,1,1,4,1,1,3,3,5,3,1,2.77,0,0,FALSE
Male,Loyal Customer,33,Personal Travel,Eco,352,1,4,1,5,1,1,1,1,3,2,5,3,1,2.23,0,0,FALSE
Female,Loyal Customer,36,Business Travel,Eco,356,2,5,5,5,2,2,2,2,3,4,3,2,2,3,0,0,FALSE
Male,Loyal Customer,38,Business Travel,Eco,628,3,1,3,1,3,3,3,3,1,2,3,3,3,2.46,15,14,FALSE
Male,Loyal Customer,31,Business Travel,Business,1913,3,1,3,3,4,4,4,4,4,4,5,5,4,3.69,9,0,TRUE
Female,Loyal Customer,41,Business Travel,Business,201,0,5,0,4,2,4,4,2,2,2,2,3,5,2.69,0,0,TRUE
Female,Loyal Customer,42,Business Travel,Business,1620,1,1,1,1,3,4,4,4,4,5,4,3,4,3,19,17,TRUE
Female,Loyal Customer,39,Business Travel,Eco,451,3,5,4,5,3,3,3,3,4,3,4,4,3,3.62,48,39,FALSE
Male,Loyal Customer,11,Personal Travel,Eco,1444,1,2,1,4,4,1,4,4,3,1,4,3,4,2.77,0,0,FALSE
Male,Loyal Customer,39,Business Travel,Eco,347,3,2,2,2,3,3,3,3,3,2,3,4,3,2.77,0,0,FALSE
Male,Loyal Customer,45,Personal Travel,Eco,354,4,1,4,3,3,4,2,3,1,3,4,3,3,2.92,4,16,FALSE
Female,Disloyal Customer,10,Business Travel,Eco,657,4,2,4,3,1,4,1,1,3,4,3,4,1,2.69,45,31,FALSE
Male,Loyal Customer,60,Business Travel,Business,2870,2,2,2,2,5,4,5,5,5,5,5,3,4,3.77,18,27,TRUE
Female,Loyal Customer,68,Personal Travel,Eco,408,3,4,3,4,5,5,4,5,5,3,3,5,3,4,0,33,FALSE
Male,Loyal Customer,66,Personal Travel,Eco,200,4,3,0,2,2,0,2,2,1,5,3,3,2,2.23,0,0,FALSE
Male,Loyal Customer,31,Business Travel,Eco,302,1,5,5,5,1,1,1,1,3,4,3,3,1,2.62,0,0,FALSE
Male,Loyal Customer,18,Personal Travel,Eco,1620,3,4,3,1,1,3,1,1,3,3,4,5,1,2.54,0,0,FALSE
Female,Loyal Customer,38,Personal Travel,Eco,83,5,4,5,2,3,5,3,3,5,1,1,2,3,3.23,39,69,TRUE
Female,Loyal Customer,70,Personal Travel,Eco,738,3,4,3,2,2,5,4,2,2,3,2,4,4,3.08,0,0,FALSE
Female,Loyal Customer,44,Personal Travel,Eco,696,2,4,2,2,3,5,5,3,3,2,2,3,4,3.08,0,0,FALSE
Female,Loyal Customer,26,Personal Travel,Business,528,0,4,0,3,5,0,5,5,5,3,5,5,5,3.46,10,0,TRUE
Male,Disloyal Customer,25,Business Travel,Eco,544,3,2,3,4,5,3,3,5,1,3,4,1,5,3.23,20,6,FALSE
Male,Loyal Customer,56,Business Travel,Eco,251,1,5,5,5,1,1,1,1,2,3,3,3,1,2.46,69,78,FALSE
Female,Loyal Customer,52,Business Travel,Eco,209,2,1,1,1,1,4,3,2,2,2,2,4,2,2.08,0,0,FALSE
Female,Loyal Customer,66,Personal Travel,Eco,337,2,5,2,4,5,4,5,5,5,2,5,5,4,4.08,1,0,FALSE
Male,Loyal Customer,62,Personal Travel,Eco,2182,4,4,4,1,2,4,2,2,2,2,4,3,2,2.77,7,0,TRUE
Female,Disloyal Customer,26,Business Travel,Eco,862,3,3,3,4,5,3,5,5,5,2,3,4,5,3.85,27,24,FALSE
Male,Loyal Customer,28,Business Travel,Business,693,4,4,4,4,4,5,4,4,3,3,5,4,4,4,0,38,TRUE
Female,Disloyal Customer,26,Business Travel,Eco,391,2,3,2,4,2,2,3,2,1,2,3,3,2,2.38,0,0,FALSE
Male,Loyal Customer,60,Business Travel,Business,700,3,3,3,3,3,4,5,3,3,4,3,5,5,3.62,0,0,TRUE
Male,Loyal Customer,51,Business Travel,Business,2777,4,4,4,4,3,4,5,4,4,5,4,5,5,4.23,27,11,TRUE
Female,Loyal Customer,38,Business Travel,Business,328,1,1,1,1,3,5,4,5,5,5,5,4,5,3.46,2,0,TRUE
Male,Loyal Customer,40,Personal Travel,Eco,364,3,5,3,1,3,3,3,3,5,4,5,3,3,3.38,0,0,FALSE
Female,Loyal Customer,33,Business Travel,Eco,323,2,4,4,4,2,2,2,2,3,5,4,2,2,2.92,110,112,FALSE
Male,Disloyal Customer,18,Business Travel,Eco,361,3,4,3,3,2,3,2,2,2,1,5,3,2,2.69,0,0,FALSE
Female,Loyal Customer,26,Business Travel,Business,3015,4,4,2,4,2,2,2,2,4,4,4,4,2,3.08,15,4,TRUE
Male,Loyal Customer,37,Business Travel,Business,463,5,5,4,5,4,2,3,4,4,4,4,5,2,3.92,1,0,TRUE
Male,Loyal Customer,15,Business Travel,Business,2422,4,4,4,4,2,2,2,2,3,5,4,4,2,3.23,0,5,TRUE
Male,Loyal Customer,40,Business Travel,Eco,393,3,3,3,3,3,2,3,3,1,4,3,4,3,2.92,2,0,FALSE
Male,Loyal Customer,60,Business Travel,Business,283,0,0,0,2,5,5,5,2,2,2,2,3,5,2.54,36,,TRUE
Male,Loyal Customer,42,Business Travel,Eco Plus,1133,5,1,1,1,4,5,4,4,4,5,2,2,4,3.23,80,100,TRUE
Male,Loyal Customer,32,Personal Travel,Eco,177,3,4,0,4,2,0,1,2,4,3,4,4,2,2.54,25,17,FALSE
Male,Loyal Customer,42,Business Travel,Eco,3002,3,5,5,5,3,3,3,2,4,3,4,3,3,3.54,0,0,FALSE
Male,Loyal Customer,53,Business Travel,Business,2521,1,1,4,1,2,3,4,4,4,4,4,5,4,3.15,0,9,TRUE
Female,Loyal Customer,66,Business Travel,Eco Plus,281,4,3,3,3,4,5,5,4,4,4,4,2,5,3.85,81,83,TRUE
Female,Loyal Customer,59,Business Travel,Business,3765,3,3,3,3,4,5,4,5,5,5,5,5,5,4.23,0,1,TRUE
Female,Disloyal Customer,12,Business Travel,Eco,859,4,4,4,2,5,4,5,5,1,1,5,2,5,3.62,0,0,TRUE
Female,Loyal Customer,35,Business Travel,Business,3607,0,0,0,2,3,4,4,3,3,3,3,4,4,2.54,0,12,TRUE
Female,Loyal Customer,55,Personal Travel,Eco,67,2,4,0,2,3,4,4,3,3,0,3,5,5,2.92,0,0,FALSE
Female,Disloyal Customer,28,Business Travel,Eco,937,1,1,1,3,1,5,5,3,1,4,4,5,5,3,151,186,FALSE
Male,Loyal Customer,33,Personal Travel,Eco,2311,4,4,4,2,1,4,1,1,4,2,4,3,1,2.69,0,0,TRUE
Male,Disloyal Customer,36,Business Travel,Business,401,4,4,4,3,3,4,3,3,4,2,4,3,3,3.38,0,0,FALSE
Male,Loyal Customer,48,Personal Travel,Eco,1197,1,5,1,2,4,1,4,4,5,2,1,2,4,2.77,9,0,FALSE
Female,Loyal Customer,66,Personal Travel,Eco,577,3,5,3,4,2,4,5,4,4,3,4,3,3,3.62,0,0,FALSE
Female,Disloyal Customer,33,Business Travel,Eco,383,1,1,1,2,1,1,1,1,2,5,3,4,1,1.85,0,0,FALSE
Female,Loyal Customer,53,Business Travel,Eco Plus,1010,4,1,2,1,4,4,4,4,1,2,3,4,4,2.92,92,167,TRUE
Female,Loyal Customer,49,Business Travel,Eco Plus,583,3,3,3,3,5,3,4,3,3,3,3,1,3,3.08,0,2,FALSE
Male,Loyal Customer,67,Personal Travel,Eco Plus,680,3,4,3,4,3,3,3,3,3,1,3,2,3,2.92,6,4,FALSE
Female,Loyal Customer,29,Business Travel,Business,1635,5,5,5,5,5,5,5,5,4,5,3,4,5,4.69,0,0,TRUE
Female,Loyal Customer,51,Business Travel,Business,2611,5,5,5,5,1,5,1,5,5,5,5,5,2,4.15,0,0,TRUE
Male,Loyal Customer,14,Personal Travel,Eco,1533,3,4,3,2,1,3,1,1,4,5,5,4,1,2.85,25,31,FALSE
Female,Loyal Customer,60,Business Travel,Eco,241,5,5,5,5,5,5,2,5,5,5,5,2,5,4.54,0,0,TRUE
Male,Loyal Customer,10,Personal Travel,Eco,1576,2,5,1,3,3,1,3,3,4,4,5,5,3,3.23,0,0,FALSE
Female,Loyal Customer,7,Personal Travel,Eco Plus,96,1,4,1,1,4,1,4,4,4,3,5,3,4,3,0,0,FALSE
Male,Loyal Customer,41,Business Travel,Business,1689,4,4,4,4,3,4,4,4,4,4,4,4,5,4,0,0,TRUE
Female,Disloyal Customer,27,Business Travel,Business,482,1,1,1,4,2,1,4,2,4,3,4,5,2,2.62,0,0,FALSE
Male,Loyal Customer,72,Business Travel,Eco,2583,2,4,4,4,2,2,2,3,1,2,3,2,2,2.54,0,5,FALSE
Female,Loyal Customer,27,Business Travel,Eco Plus,1128,3,3,3,3,3,3,3,3,2,1,3,2,3,2.69,0,0,FALSE
Female,Disloyal Customer,25,Business Travel,Eco,1014,3,3,3,4,4,3,4,4,4,2,3,3,4,3.38,0,35,FALSE
Male,Loyal Customer,54,Business Travel,Business,2897,3,3,3,3,5,5,5,2,2,2,2,5,5,3.46,0,0,TRUE
Female,Loyal Customer,40,Business Travel,Business,674,2,2,2,2,5,5,5,4,4,4,4,4,3,3.54,0,0,TRUE
Female,Loyal Customer,42,Personal Travel,Eco,253,4,2,4,3,5,4,3,5,5,4,5,4,2,3.85,37,28,FALSE
Male,Loyal Customer,62,Personal Travel,Eco,2158,2,5,2,3,5,2,5,5,3,2,5,5,5,3.77,0,0,FALSE
Male,Loyal Customer,28,Business Travel,Business,1009,1,1,1,1,1,1,1,1,3,1,2,3,1,1.38,2,6,FALSE
Female,Loyal Customer,66,Business Travel,Business,3974,3,2,2,2,4,4,4,3,3,3,3,2,3,2.92,0,0,FALSE
Male,Loyal Customer,43,Personal Travel,Eco,937,1,4,1,1,1,1,5,1,4,3,4,4,1,2.38,0,0,FALSE
Female,Loyal Customer,39,Business Travel,Business,1869,2,2,2,2,5,4,4,5,5,5,5,3,3,3.62,0,0,TRUE
Male,Disloyal Customer,21,Business Travel,Eco,372,2,0,2,3,5,2,5,5,1,5,3,2,5,3.08,14,6,FALSE
Male,Loyal Customer,59,Business Travel,Eco,371,4,2,2,2,4,4,4,4,5,3,5,3,4,3.54,0,9,TRUE
Male,Loyal Customer,49,Business Travel,Business,3677,4,4,4,4,4,5,4,5,5,5,5,3,4,4.31,0,0,TRUE
Female,Disloyal Customer,27,Business Travel,Eco,547,1,1,1,3,4,1,4,4,2,2,3,2,4,2.46,0,1,FALSE
Male,Disloyal Customer,25,Business Travel,Eco,1139,3,3,3,3,2,3,3,2,4,4,4,3,2,3,0,0,FALSE
Male,Loyal Customer,46,Business Travel,Business,369,5,5,5,5,3,5,4,4,4,4,4,5,4,4.38,1,3,TRUE
Female,Loyal Customer,58,Personal Travel,Eco,390,2,5,2,5,3,5,4,5,5,2,5,4,3,3.85,3,3,FALSE
Male,Loyal Customer,59,Personal Travel,Eco Plus,999,3,4,3,3,4,3,4,4,3,2,5,3,4,3.46,0,0,FALSE
Female,Loyal Customer,44,Business Travel,Business,3511,5,5,5,5,4,5,5,4,4,4,4,3,3,4.31,13,6,TRUE
Male,Loyal Customer,8,Personal Travel,Eco,1773,1,3,0,3,1,0,1,1,2,4,3,1,1,1.62,0,,FALSE
Male,Loyal Customer,67,Personal Travel,Eco,944,2,1,2,4,4,2,4,4,2,3,4,1,4,2.85,0,0,FALSE
Female,Loyal Customer,28,Business Travel,Business,3045,3,3,3,3,4,4,4,4,5,5,4,5,4,3.92,7,0,TRUE
Male,Disloyal Customer,23,Business Travel,Eco,628,0,4,0,3,5,0,5,5,5,2,4,5,5,3.31,0,0,TRUE
Female,Loyal Customer,42,Personal Travel,Eco,1379,3,5,3,2,2,5,4,2,2,3,2,2,5,3.08,5,0,FALSE
Female,Loyal Customer,59,Business Travel,Business,1823,1,1,1,1,4,5,4,3,3,3,3,5,3,2.85,0,0,TRUE
Female,Loyal Customer,17,Personal Travel,Eco,399,2,5,2,4,4,2,4,4,5,3,4,5,4,3.69,0,0,FALSE
Female,Loyal Customer,45,Personal Travel,Eco,1514,2,4,2,4,5,1,3,5,5,2,5,1,3,3.23,1,0,FALSE
Female,Loyal Customer,47,Business Travel,Business,3119,4,4,4,4,3,4,4,5,5,5,5,3,5,4.23,0,0,TRUE
Female,Loyal Customer,40,Personal Travel,Eco,1045,4,5,4,4,2,4,3,2,5,4,5,5,2,3.77,0,0,TRUE
Female,Loyal Customer,54,Business Travel,Eco,262,2,2,2,2,4,4,3,2,2,2,2,3,4,2.62,0,0,FALSE
Female,Loyal Customer,51,Business Travel,Business,1803,3,3,3,3,2,5,4,5,5,5,5,4,3,3.85,50,24,TRUE
Male,Loyal Customer,49,Business Travel,Business,1756,2,3,4,3,3,3,3,2,2,2,2,1,3,2.54,0,0,FALSE
Female,Loyal Customer,76,Business Travel,Business,3095,4,5,4,5,4,2,3,4,4,4,4,4,3,3.85,0,0,FALSE
Male,Loyal Customer,54,Business Travel,Business,692,4,4,4,4,4,5,4,4,4,4,4,4,5,4.15,0,0,TRUE
Male,Loyal Customer,55,Business Travel,Business,2728,2,1,1,1,2,4,4,2,2,2,2,4,3,2.31,0,33,FALSE
Male,Loyal Customer,41,Business Travel,Business,3463,4,4,4,4,5,3,3,4,4,4,4,2,4,3.77,0,18,FALSE
Female,Disloyal Customer,39,Business Travel,Business,1590,3,2,2,1,2,2,2,2,5,3,5,5,2,2.77,89,81,FALSE
Male,Loyal Customer,36,Business Travel,Eco,171,3,3,3,3,3,3,3,3,4,2,5,4,3,3.23,0,0,TRUE
Female,Loyal Customer,41,Business Travel,Business,1673,4,3,3,3,4,1,2,4,4,4,4,1,3,3.08,0,0,FALSE
Male,Loyal Customer,34,Business Travel,Business,1547,1,1,3,1,2,4,4,5,5,5,5,4,4,3.38,8,13,TRUE
Male,Disloyal Customer,22,Business Travel,Eco,733,3,3,3,1,5,3,5,5,5,2,5,5,5,3.85,0,0,FALSE
Male,Loyal Customer,33,Personal Travel,Eco Plus,236,4,4,0,1,4,0,4,4,3,2,4,4,4,2.92,0,0,TRUE
Male,Loyal Customer,60,Business Travel,Eco,2521,3,5,5,5,3,3,3,3,2,2,2,1,3,3.08,0,0,FALSE
Male,Loyal Customer,52,Business Travel,Business,280,0,0,0,5,2,4,4,1,1,1,1,3,3,1.92,0,0,TRUE
Male,Loyal Customer,38,Business Travel,Eco,101,5,1,1,1,5,5,5,5,1,5,1,5,5,3.46,0,12,TRUE
Male,Loyal Customer,41,Business Travel,Eco Plus,1171,3,1,1,1,3,3,3,3,3,3,4,1,3,2.46,0,0,FALSE
Male,Loyal Customer,60,Business Travel,Business,651,4,4,4,4,2,4,4,4,4,4,4,4,4,3.85,0,0,TRUE
Female,Disloyal Customer,38,Business Travel,Business,370,2,1,1,3,3,1,2,3,4,2,4,5,3,2.62,0,0,FALSE
Female,Loyal Customer,63,Personal Travel,Eco Plus,2342,3,4,3,3,4,2,3,2,2,3,2,1,2,2.62,15,0,FALSE
Female,Loyal Customer,42,Business Travel,Business,1551,3,3,3,3,1,1,2,3,3,4,3,1,4,2.62,0,0,TRUE
Female,Loyal Customer,41,Business Travel,Business,3874,3,3,3,3,4,4,5,5,5,5,5,5,4,4.15,0,0,TRUE
Male,Loyal Customer,28,Business Travel,Business,950,2,2,2,2,2,2,2,2,4,5,4,3,2,2.62,8,21,FALSE
Female,Disloyal Customer,21,Business Travel,Eco,814,3,3,3,3,1,3,1,1,4,4,3,3,1,2.54,67,55,FALSE
Male,Loyal Customer,45,Business Travel,Eco Plus,817,4,4,4,4,4,4,4,4,4,2,4,4,4,3.85,0,0,TRUE
Male,Disloyal Customer,13,Business Travel,Eco,2521,1,1,1,3,1,4,4,4,2,3,4,4,4,2.77,38,42,FALSE
Female,Loyal Customer,46,Business Travel,Business,2574,5,5,5,5,2,5,3,5,5,5,5,5,4,4.54,0,0,TRUE
Male,Loyal Customer,19,Personal Travel,Eco,888,4,1,3,4,3,3,3,3,3,2,4,3,3,3,0,0,FALSE
Female,Disloyal Customer,25,Business Travel,Business,481,5,3,5,5,2,5,2,2,4,4,4,5,2,3.69,7,0,TRUE
Female,Disloyal Customer,26,Business Travel,Eco,67,3,2,3,4,5,3,5,5,1,3,4,4,5,3.62,0,0,FALSE
Female,Loyal Customer,20,Business Travel,Business,2628,4,4,5,4,4,4,4,4,3,5,5,4,4,4.15,10,0,TRUE
Male,Loyal Customer,16,Personal Travel,Eco,1061,2,4,2,3,5,2,5,5,4,2,4,4,5,3.62,0,0,FALSE
Female,Loyal Customer,33,Personal Travel,Business,1535,3,4,3,1,3,4,5,1,1,3,2,3,5,2.92,0,0,FALSE
Male,Disloyal Customer,38,Business Travel,Business,1892,1,1,1,1,1,1,1,1,4,4,4,4,1,1.92,5,15,FALSE
Female,Loyal Customer,39,Personal Travel,Eco,372,1,4,1,1,2,1,2,2,3,3,5,5,2,2.46,87,90,FALSE
Male,Disloyal Customer,37,Business Travel,Eco,1237,2,2,2,4,5,2,5,5,2,4,3,4,5,3.46,0,0,FALSE
Male,Loyal Customer,42,Personal Travel,Eco,1751,2,3,2,3,4,2,4,4,4,4,3,4,4,3.31,1,0,FALSE
Male,Loyal Customer,24,Business Travel,Business,462,5,5,5,5,5,5,5,5,4,5,5,4,5,4.85,46,,TRUE
Female,Loyal Customer,39,Business Travel,Business,2976,5,5,4,5,3,4,4,2,2,2,2,4,3,3.46,0,0,TRUE
Male,Loyal Customer,28,Business Travel,Business,600,3,3,3,3,4,4,4,4,4,2,4,4,4,3.54,0,4,TRUE
Male,Loyal Customer,12,Personal Travel,Eco Plus,728,3,3,3,2,4,3,4,4,4,2,2,5,4,3.31,64,77,FALSE
Male,Disloyal Customer,46,Business Travel,Eco,406,3,4,3,4,4,3,2,4,1,2,1,2,4,2.85,94,99,FALSE
Male,Loyal Customer,39,Business Travel,Eco,73,5,1,1,1,5,5,5,5,2,1,2,1,5,3,0,0,TRUE
Male,Loyal Customer,15,Personal Travel,Eco,1464,3,5,3,3,1,3,2,1,4,5,4,3,1,2.92,0,0,FALSE
Female,Loyal Customer,31,Business Travel,Business,1337,5,5,5,5,5,5,5,5,3,3,4,4,5,4.54,34,33,TRUE
Male,Disloyal Customer,25,Business Travel,Eco,936,3,3,3,4,1,3,1,1,4,3,1,5,1,2.54,2,3,FALSE
Female,Loyal Customer,50,Personal Travel,Eco,641,1,5,1,2,4,4,4,2,2,1,2,5,5,2.92,0,0,FALSE
Male,Loyal Customer,38,Personal Travel,Eco,2475,2,5,2,1,2,1,1,3,2,5,5,1,1,2.38,2,22,FALSE
Male,Loyal Customer,36,Business Travel,Business,253,1,4,4,4,4,2,3,1,1,2,1,4,2,2.54,0,12,FALSE
Female,Disloyal Customer,22,Business Travel,Eco,853,2,3,3,3,2,3,2,2,2,3,3,2,2,2.46,130,109,FALSE
Female,Loyal Customer,44,Personal Travel,Eco,867,1,4,1,3,4,5,4,4,4,1,4,4,3,3.23,6,0,FALSE
Male,Loyal Customer,36,Business Travel,Business,577,1,5,5,5,1,4,4,1,1,1,1,3,1,2.54,2,0,FALSE
Female,Loyal Customer,25,Personal Travel,Eco,951,3,3,3,3,3,3,3,3,4,3,3,4,3,3.15,0,0,FALSE
Male,Loyal Customer,58,Personal Travel,Eco,237,1,4,1,1,5,1,5,5,3,3,2,1,5,2.85,0,0,FALSE
Male,Loyal Customer,40,Business Travel,Business,2688,4,4,4,4,4,4,4,1,1,4,5,4,4,3.62,0,22,TRUE
Female,Loyal Customer,57,Business Travel,Business,1697,3,3,3,3,4,4,5,2,2,2,2,3,3,3,0,0,TRUE
Male,Loyal Customer,25,Business Travel,Business,2881,3,3,2,2,3,3,3,3,1,4,2,3,3,2.69,0,0,FALSE
Female,Loyal Customer,50,Personal Travel,Eco Plus,1605,3,5,3,4,3,3,5,5,5,3,1,4,5,3.77,8,0,FALSE
Male,Loyal Customer,46,Business Travel,Business,2751,4,4,1,4,4,4,5,5,5,5,5,3,4,4.08,0,0,TRUE
Male,Disloyal Customer,25,Business Travel,Eco,86,1,1,1,4,1,5,5,3,2,3,3,5,5,3,459,445,FALSE
Male,Loyal Customer,39,Business Travel,Business,1818,1,1,1,1,3,5,4,5,5,5,5,4,5,3.46,8,2,TRUE
Male,Loyal Customer,52,Business Travel,Business,2077,4,4,4,4,4,5,5,3,3,3,3,4,5,3.92,0,0,TRUE
Female,Loyal Customer,70,Personal Travel,Eco,616,2,2,1,4,1,3,3,1,1,1,1,1,4,1.92,0,0,FALSE
Male,Disloyal Customer,23,Business Travel,Eco,590,3,2,3,3,1,3,1,1,1,3,2,4,1,2.15,16,7,FALSE
Female,Loyal Customer,65,Personal Travel,Eco,844,3,4,3,1,4,4,4,4,4,3,4,3,5,3.54,10,26,FALSE
Female,Disloyal Customer,13,Business Travel,Eco,860,2,2,2,4,5,2,5,5,3,1,3,2,5,3.15,13,0,FALSE
Female,Loyal Customer,45,Business Travel,Eco,139,3,3,4,3,1,4,1,3,3,3,3,5,1,2.85,2,26,TRUE
Female,Loyal Customer,37,Personal Travel,Eco Plus,1999,3,2,3,2,2,3,2,2,2,3,1,3,2,2.31,6,0,FALSE
Female,Loyal Customer,21,Business Travel,Business,1182,1,1,1,1,3,4,3,3,4,3,5,4,3,2.77,41,43,TRUE
Male,Disloyal Customer,33,Business Travel,Business,631,3,3,3,1,5,3,5,5,5,3,4,5,5,3.85,17,10,FALSE
Female,Loyal Customer,51,Business Travel,Business,561,4,4,2,4,3,5,4,4,4,4,4,4,3,3.77,25,7,TRUE
Male,Disloyal Customer,24,Business Travel,Eco,846,1,1,1,3,1,1,1,1,3,4,3,2,1,1.77,0,2,FALSE
Female,Loyal Customer,40,Personal Travel,Eco Plus,645,3,3,3,4,2,3,2,2,5,3,3,3,2,2.92,0,2,FALSE
Female,Loyal Customer,67,Business Travel,Eco,108,3,2,2,2,4,1,2,3,3,3,3,4,3,2.69,10,0,TRUE
Male,Loyal Customer,51,Business Travel,Business,2067,4,4,1,4,5,3,2,4,4,4,5,4,4,3.69,0,0,TRUE
Male,Loyal Customer,29,Personal Travel,Eco Plus,181,1,2,1,3,3,1,4,3,3,3,3,3,3,2.54,19,23,FALSE
Male,Loyal Customer,28,Business Travel,Eco Plus,762,5,4,4,4,5,5,5,5,1,3,3,1,5,3.85,0,0,TRUE
Male,Loyal Customer,9,Personal Travel,Eco,109,1,0,1,2,5,1,5,5,3,1,5,5,5,3,9,14,FALSE
Female,Disloyal Customer,42,Business Travel,Eco Plus,228,1,1,1,3,5,1,5,5,2,2,3,1,5,2.69,0,0,FALSE
Male,Loyal Customer,44,Business Travel,Business,1732,5,5,5,5,5,5,4,5,5,5,5,3,4,4.69,0,0,TRUE
Male,Loyal Customer,57,Personal Travel,Eco,599,3,3,3,3,4,3,4,4,4,5,4,1,4,3.46,0,8,FALSE
Male,Loyal Customer,20,Business Travel,Eco,611,1,4,4,4,1,1,2,1,4,2,4,2,1,2.38,8,0,FALSE
Female,Loyal Customer,28,Personal Travel,Eco Plus,542,4,2,4,3,3,4,3,3,4,2,3,2,3,3.08,0,0,TRUE
Male,Loyal Customer,49,Business Travel,Business,2444,2,2,2,2,1,3,3,2,2,2,2,2,2,2.08,36,36,FALSE
Female,Loyal Customer,52,Business Travel,Business,2540,1,1,2,1,5,5,4,5,5,5,4,3,5,3.54,4,0,TRUE
Female,Loyal Customer,66,Personal Travel,Eco,1912,4,4,4,1,3,3,4,1,1,4,1,4,4,2.92,5,13,FALSE
Female,Loyal Customer,28,Business Travel,Business,3897,4,4,4,4,4,4,4,4,5,4,5,4,4,4.15,8,0,TRUE
Male,Loyal Customer,61,Personal Travel,Eco,1205,2,3,2,4,4,2,4,4,4,3,4,3,4,3.31,0,0,FALSE
Female,Loyal Customer,50,Personal Travel,Eco,405,1,3,1,3,2,3,4,3,3,1,3,2,3,2.46,0,0,FALSE
Female,Loyal Customer,62,Personal Travel,Eco Plus,517,4,5,4,1,3,5,5,3,3,4,4,4,5,3.85,51,47,FALSE
Male,Loyal Customer,40,Business Travel,Business,2165,4,4,5,4,5,5,5,4,4,4,4,4,5,4.38,75,58,TRUE
Female,Loyal Customer,15,Personal Travel,Eco,1533,3,5,3,5,5,3,5,5,4,4,5,4,5,4.31,5,0,FALSE
Male,Loyal Customer,30,Personal Travel,Eco,1189,2,4,2,1,3,2,3,3,5,2,3,4,3,2.85,0,0,FALSE
Male,Loyal Customer,29,Personal Travel,Eco,413,3,2,3,2,5,3,5,5,1,4,3,4,5,3.46,38,31,FALSE
Male,Loyal Customer,43,Business Travel,Business,462,4,3,3,3,3,2,2,4,4,4,4,4,1,3.15,0,0,FALSE
Male,Loyal Customer,39,Business Travel,Business,431,3,3,3,3,3,4,4,4,4,4,4,3,5,3.62,13,37,TRUE
Male,Loyal Customer,45,Business Travel,Business,1927,5,5,4,5,5,5,5,4,4,5,4,5,3,4.54,0,0,TRUE
Female,Loyal Customer,32,Personal Travel,Eco,316,2,4,2,2,2,2,2,2,1,1,4,4,2,2.31,0,0,FALSE
Male,Disloyal Customer,49,Business Travel,Business,1188,3,3,3,3,5,3,5,5,3,4,5,3,5,3.85,2,19,FALSE
Male,Loyal Customer,51,Business Travel,Business,1460,5,5,5,5,5,5,4,5,5,5,5,4,3,4.69,0,0,TRUE
Female,Loyal Customer,56,Business Travel,Business,177,4,4,4,4,3,5,4,5,5,5,5,4,4,4.31,0,0,TRUE
Male,Loyal Customer,14,Personal Travel,Eco Plus,919,2,5,2,3,3,2,3,3,5,2,5,4,3,3.23,0,0,FALSE
Male,Loyal Customer,44,Business Travel,Business,1543,5,5,5,5,3,4,5,2,2,2,2,5,4,3.77,0,0,TRUE
Female,Loyal Customer,23,Personal Travel,Eco,302,1,3,2,4,4,2,4,4,4,5,1,4,4,3.23,0,0,FALSE
Female,Loyal Customer,47,Business Travel,Business,1892,5,5,5,5,3,4,4,4,4,4,4,4,5,4.31,8,0,TRUE
Male,Loyal Customer,11,Personal Travel,Eco,409,1,4,4,1,2,4,2,2,5,5,1,3,2,2.77,0,0,FALSE
Female,Disloyal Customer,29,Business Travel,Eco,216,1,1,1,3,4,1,4,4,4,3,3,3,4,2.77,0,0,FALSE
Male,Loyal Customer,40,Business Travel,Business,1514,1,1,1,1,4,4,5,4,4,4,4,4,5,3.23,0,0,TRUE
Male,Loyal Customer,24,Business Travel,Business,1123,3,3,3,3,3,3,3,3,3,1,4,2,3,2.85,0,15,FALSE
Female,Loyal Customer,40,Business Travel,Business,377,5,5,5,5,5,5,5,5,5,5,5,5,5,5,0,0,TRUE
Male,Loyal Customer,30,Business Travel,Business,1967,3,1,5,1,3,3,3,3,2,1,4,1,3,2.54,0,0,FALSE
Male,Disloyal Customer,37,Business Travel,Eco,631,4,0,4,1,2,4,2,2,5,2,2,2,2,2.46,0,0,FALSE
Male,Loyal Customer,65,Business Travel,Business,447,2,1,5,1,4,3,4,2,2,2,2,1,3,2.46,2,0,FALSE
Male,Disloyal Customer,41,Business Travel,Eco,739,4,4,4,2,2,4,1,2,1,2,3,1,2,2.46,15,7,FALSE
Female,Loyal Customer,57,Business Travel,Business,3103,4,4,4,4,2,5,1,4,4,4,4,2,5,3.62,0,0,TRUE
Male,Loyal Customer,48,Business Travel,Business,337,1,5,1,1,3,5,4,5,5,5,5,4,4,3.69,1,0,TRUE
Female,Disloyal Customer,25,Business Travel,Eco,338,4,4,4,3,3,4,3,3,3,1,4,2,3,3.15,20,8,FALSE
Female,Loyal Customer,43,Personal Travel,Eco,678,3,5,3,3,3,5,5,2,2,3,2,5,4,3.46,15,49,FALSE
Male,Disloyal Customer,38,Business Travel,Business,814,2,2,2,4,3,2,3,3,4,2,4,3,3,2.85,4,13,FALSE
Male,Loyal Customer,68,Personal Travel,Eco,486,2,4,4,3,2,4,2,2,3,2,4,4,2,2.92,49,34,FALSE
Female,Disloyal Customer,52,Personal Travel,Eco,696,2,4,2,3,5,2,5,5,5,3,5,5,5,3.92,0,0,FALSE
Male,Loyal Customer,53,Business Travel,Business,1886,4,4,4,4,2,3,1,4,4,4,4,1,1,3.08,0,0,TRUE
Female,Loyal Customer,26,Business Travel,Business,646,5,3,5,5,4,4,4,4,3,4,4,3,4,4,0,0,TRUE
Male,Disloyal Customer,39,Business Travel,Business,1005,4,3,3,1,5,3,3,5,5,5,5,4,5,3.92,0,0,FALSE
Female,Loyal Customer,20,Personal Travel,Eco,2227,3,3,3,3,3,3,3,3,1,2,4,1,3,2.69,0,0,FALSE
Male,Loyal Customer,50,Business Travel,Business,3938,4,4,4,4,2,4,5,3,3,4,3,3,3,3.54,55,49,TRUE
Female,Loyal Customer,58,Personal Travel,Eco Plus,581,3,5,3,2,2,4,5,5,5,3,5,4,4,3.85,0,0,FALSE
Female,Loyal Customer,22,Business Travel,Business,3082,5,5,5,5,4,4,4,4,1,4,3,3,4,3.92,3,0,TRUE
Male,Disloyal Customer,23,Business Travel,Eco,264,5,4,5,4,3,5,3,3,4,3,4,4,3,3.85,9,0,TRUE
Male,Loyal Customer,26,Business Travel,Eco Plus,196,4,5,5,5,4,3,1,4,1,4,4,1,4,3.46,3,0,FALSE
Male,Loyal Customer,29,Business Travel,Business,3938,5,5,5,5,5,5,5,5,3,2,4,4,5,4.46,0,0,TRUE
Female,Loyal Customer,27,Business Travel,Business,588,5,5,5,5,5,5,5,5,5,5,5,5,5,5,0,0,TRUE
Female,Loyal Customer,58,Personal Travel,Eco,425,1,5,1,3,3,4,5,2,2,1,2,5,4,2.92,0,0,FALSE
Female,Disloyal Customer,30,Business Travel,Eco,600,1,4,1,3,2,1,2,2,3,1,3,3,2,2.15,45,35,FALSE
Male,Disloyal Customer,27,Business Travel,Eco,1024,1,1,1,4,3,1,3,3,5,4,2,5,3,2.77,8,1,FALSE
Female,Loyal Customer,61,Personal Travel,Eco,1990,3,2,3,3,4,4,3,2,2,3,2,1,1,2.54,51,58,FALSE
Female,Loyal Customer,19,Business Travel,Business,2611,1,3,3,3,2,1,1,3,1,3,4,1,1,2.08,0,6,FALSE
Male,Loyal Customer,22,Personal Travel,Eco,515,1,5,1,3,5,1,5,5,4,5,5,3,5,3.69,0,0,FALSE
Female,Loyal Customer,23,Personal Travel,Eco,1096,4,4,4,3,3,4,3,3,4,5,4,3,3,3.62,0,0,TRUE
Female,Loyal Customer,53,Personal Travel,Eco,236,2,4,0,3,3,5,4,3,3,0,3,4,3,2.85,10,9,FALSE
Female,Loyal Customer,49,Business Travel,Business,3399,4,4,4,4,2,5,5,5,5,4,5,5,3,4.23,3,14,TRUE
Female,Disloyal Customer,38,Business Travel,Business,1605,3,3,3,2,2,3,2,2,4,2,4,3,2,2.69,2,0,FALSE
Male,Loyal Customer,64,Personal Travel,Eco,1035,2,4,2,1,4,2,1,4,3,5,4,3,4,3,4,0,FALSE
Female,Loyal Customer,48,Personal Travel,Eco,238,3,5,3,3,4,5,5,5,5,3,5,5,3,4.15,0,0,FALSE
Female,Disloyal Customer,32,Business Travel,Eco,451,2,2,2,3,3,2,3,3,2,5,3,4,3,2.85,33,17,FALSE
Male,Loyal Customer,53,Personal Travel,Eco,857,3,4,3,4,3,3,2,3,3,1,2,1,3,2.69,22,15,FALSE
Female,Loyal Customer,59,Business Travel,Business,3894,4,4,4,4,5,2,2,4,4,4,4,3,1,3.46,0,0,TRUE
Male,Loyal Customer,55,Business Travel,Eco Plus,530,2,3,3,3,2,2,2,2,3,3,4,1,2,2.46,39,22,FALSE
Male,Disloyal Customer,32,Business Travel,Eco,255,3,1,3,2,3,3,2,3,2,1,3,3,3,2.46,42,40,FALSE
Female,Disloyal Customer,26,Business Travel,Business,196,1,1,1,1,5,1,5,5,3,5,4,4,5,3.15,0,0,FALSE
Male,Disloyal Customer,22,Business Travel,Eco,157,4,4,4,2,1,4,1,1,5,3,4,1,1,2.69,0,0,TRUE
Male,Loyal Customer,54,Business Travel,Eco,1770,4,4,4,4,3,4,3,3,4,4,5,3,3,3.69,0,0,TRUE
Male,Disloyal Customer,25,Business Travel,Eco,261,0,3,0,3,4,0,4,4,4,3,5,1,4,2.69,2,3,TRUE
Male,Loyal Customer,67,Business Travel,Business,250,0,0,0,3,4,5,4,5,5,5,5,3,5,3.38,0,0,TRUE
Female,Loyal Customer,57,Business Travel,Business,2347,2,2,2,2,5,5,4,5,5,5,5,3,5,3.85,11,3,TRUE
Female,Loyal Customer,39,Business Travel,Eco,605,2,5,5,5,2,2,2,2,3,1,4,3,2,2.92,0,0,FALSE
Female,Loyal Customer,63,Personal Travel,Eco,309,1,5,1,4,2,4,5,4,4,1,4,4,4,3.31,0,0,FALSE
Male,Loyal Customer,49,Personal Travel,Eco,507,1,5,1,3,5,1,5,5,5,4,5,3,5,3.69,44,41,FALSE
Male,Loyal Customer,36,Business Travel,Eco,634,4,1,1,1,4,4,4,4,3,1,1,5,4,2.85,0,0,TRUE
Female,Loyal Customer,36,Business Travel,Business,1769,5,5,5,5,5,4,4,4,4,4,4,3,4,4.31,15,95,TRUE
Male,Loyal Customer,29,Business Travel,Eco,545,1,5,5,5,1,1,1,1,3,5,4,1,1,2.62,9,40,FALSE
Female,Loyal Customer,34,Business Travel,Business,1808,1,1,1,1,3,4,4,5,5,5,5,3,4,3.23,6,0,TRUE
Male,Loyal Customer,38,Business Travel,Eco,689,5,1,1,1,5,5,5,5,2,4,3,1,5,3.31,0,0,TRUE
Female,Disloyal Customer,27,Business Travel,Eco,209,3,0,3,2,4,3,4,4,5,5,4,3,4,3.38,0,0,FALSE
Female,Loyal Customer,44,Business Travel,Eco,158,4,5,5,5,2,1,2,4,4,4,4,2,3,3.46,0,6,TRUE
Female,Loyal Customer,24,Business Travel,Business,2700,3,3,3,3,5,5,5,5,3,2,4,5,5,3.92,0,20,TRUE
Male,Loyal Customer,27,Business Travel,Business,248,4,5,5,5,4,4,4,4,1,2,4,3,4,3.77,4,0,FALSE
Female,Loyal Customer,59,Business Travel,Business,1020,1,1,1,1,2,5,4,4,4,4,4,3,3,2.85,0,0,TRUE
Female,Loyal Customer,60,Business Travel,Eco,216,4,5,5,5,1,3,3,4,4,4,4,5,5,4,0,3,TRUE
Female,Loyal Customer,30,Business Travel,Business,1914,4,4,4,4,4,4,4,4,5,4,4,5,4,4.15,0,21,TRUE
Male,Loyal Customer,42,Business Travel,Eco,515,2,2,2,2,2,2,2,2,2,2,2,2,2,2,0,0,FALSE
Male,Disloyal Customer,23,Business Travel,Eco,416,3,4,2,3,3,2,3,3,2,2,5,3,3,2.92,2,17,FALSE
Male,Loyal Customer,54,Business Travel,Business,1379,1,1,1,1,2,4,4,4,4,4,4,3,5,2.92,4,0,TRUE
Female,Loyal Customer,41,Business Travel,Business,1676,5,5,5,5,3,1,2,4,4,4,4,3,3,3.69,11,2,TRUE
Male,Loyal Customer,37,Business Travel,Eco Plus,109,4,5,5,5,4,4,4,4,3,1,3,4,4,3.85,31,47,FALSE
Male,Loyal Customer,68,Personal Travel,Eco Plus,594,3,4,3,2,1,3,1,1,2,4,1,3,1,2.23,0,0,FALSE
Female,Loyal Customer,60,Business Travel,Eco,978,3,5,5,5,2,1,5,3,3,3,3,3,3,3.38,0,4,TRUE
Female,Loyal Customer,12,Personal Travel,Eco,391,1,4,1,1,4,1,4,4,3,3,4,5,4,3,46,38,FALSE
Female,Loyal Customer,49,Business Travel,Eco,1050,2,4,4,4,1,3,4,2,2,2,2,4,2,2.77,71,60,FALSE
Male,Loyal Customer,60,Personal Travel,Eco,157,2,3,2,4,3,2,2,3,3,1,4,4,3,2.77,4,0,FALSE
Female,Loyal Customer,40,Business Travel,Business,2377,1,1,2,1,2,5,4,2,2,2,2,5,4,2.54,32,31,TRUE
Male,Loyal Customer,40,Business Travel,Business,2933,0,5,0,3,4,4,1,3,3,3,3,2,2,2.54,0,0,TRUE
Male,Loyal Customer,63,Business Travel,Business,2046,2,2,2,2,5,5,4,4,4,4,4,4,4,3.54,3,0,TRUE
Male,Loyal Customer,60,Business Travel,Business,2007,3,3,3,3,2,5,5,2,2,2,2,4,5,3.15,0,0,TRUE
Male,Loyal Customer,12,Personal Travel,Eco,1050,3,1,3,4,4,3,3,4,4,1,3,1,4,2.92,0,0,FALSE
Female,Loyal Customer,25,Personal Travel,Eco,628,2,4,2,1,1,2,1,1,3,3,4,3,1,2.15,83,75,FALSE
Male,Disloyal Customer,25,Business Travel,Business,251,4,4,3,3,1,3,1,1,4,5,5,5,1,3.08,10,6,FALSE
Male,Loyal Customer,46,Business Travel,Eco,819,4,3,3,3,4,4,4,4,1,3,4,1,4,3.23,14,4,FALSE
Female,Disloyal Customer,48,Business Travel,Business,712,3,3,3,2,5,3,5,5,4,2,4,3,5,3.62,0,0,TRUE
Male,Disloyal Customer,19,Business Travel,Eco,1404,3,3,3,3,4,3,4,4,3,3,4,4,4,3.46,16,0,FALSE
Male,Loyal Customer,30,Business Travel,Business,2475,3,3,3,3,4,4,4,4,4,3,4,3,4,3.54,0,0,TRUE
Female,Loyal Customer,34,Business Travel,Eco Plus,170,5,5,5,5,5,5,5,5,3,2,2,2,5,4.15,0,0,TRUE
Male,Loyal Customer,58,Personal Travel,Eco Plus,852,1,4,1,4,1,1,1,1,5,3,5,3,1,2.38,0,2,FALSE
Female,Loyal Customer,53,Personal Travel,Eco Plus,402,3,4,3,4,2,4,4,5,5,3,5,5,4,3.92,0,6,FALSE
Female,Loyal Customer,49,Business Travel,Eco,261,3,2,2,2,3,2,2,3,3,3,3,5,1,2.62,0,0,TRUE
Male,Loyal Customer,12,Personal Travel,Eco,227,4,4,4,1,4,4,4,5,5,4,4,4,4,3.92,134,133,FALSE
Female,Loyal Customer,47,Business Travel,Business,3700,3,3,3,3,2,5,4,4,4,4,4,3,4,3.54,61,64,TRUE
Male,Loyal Customer,42,Business Travel,Business,2267,1,1,1,1,2,3,5,3,3,3,3,5,5,2.77,0,0,TRUE
Male,Disloyal Customer,27,Business Travel,Eco,264,2,2,2,4,2,2,2,2,3,3,3,1,2,2.31,0,0,FALSE
Male,Loyal Customer,61,Personal Travel,Eco,2075,2,3,1,2,5,1,5,5,4,2,4,1,5,3.08,3,0,FALSE
Male,Loyal Customer,48,Business Travel,Eco,1235,3,1,1,1,3,3,3,3,1,3,3,2,3,2.31,34,12,FALSE
Female,Loyal Customer,54,Business Travel,Business,2633,1,1,1,1,3,5,4,4,4,4,4,3,3,2.92,54,35,TRUE
Female,Disloyal Customer,22,Business Travel,Business,101,3,2,3,1,5,3,5,5,2,1,1,4,5,3.08,0,0,FALSE
Male,Loyal Customer,9,Personal Travel,Eco,173,4,4,4,5,4,4,2,4,5,3,4,4,4,3.92,11,5,FALSE
Female,Disloyal Customer,28,Business Travel,Eco,533,3,2,3,3,5,3,5,5,4,5,3,4,5,3.85,0,0,FALSE
Male,Loyal Customer,66,Personal Travel,Eco,533,5,5,5,1,1,5,1,1,4,2,5,4,1,3.08,10,0,TRUE
Female,Loyal Customer,20,Personal Travel,Eco,592,2,4,2,5,4,2,5,4,5,2,4,5,4,3.69,0,0,FALSE
Female,Disloyal Customer,44,Business Travel,Business,715,3,3,3,1,5,3,5,5,5,4,5,4,5,3.92,50,44,TRUE
Female,Disloyal Customer,27,Business Travel,Eco,408,2,3,2,3,1,2,1,1,1,4,4,4,1,2.23,0,0,FALSE
Male,Loyal Customer,39,Business Travel,Business,423,2,1,1,1,4,3,4,2,2,2,2,2,4,2.31,53,52,FALSE
Female,Disloyal Customer,22,Business Travel,Business,342,2,1,2,4,3,2,4,3,3,5,3,3,3,2.92,49,45,FALSE
Male,Loyal Customer,65,Personal Travel,Eco,2381,1,2,1,3,3,1,3,3,1,5,3,4,3,2.54,0,0,FALSE
Female,Loyal Customer,43,Business Travel,Business,2565,2,3,3,3,1,2,2,2,2,4,3,2,2,2.38,2,16,FALSE
Male,Loyal Customer,65,Personal Travel,Eco,405,3,5,3,2,2,3,2,2,5,4,5,5,2,3.31,0,0,FALSE
Male,Disloyal Customer,27,Business Travel,Eco,295,1,0,1,1,5,1,5,5,1,5,4,5,5,3,19,22,FALSE
Male,Disloyal Customer,39,Business Travel,Business,247,1,1,1,1,1,1,1,1,5,4,4,4,1,2,0,0,FALSE
Female,Loyal Customer,47,Business Travel,Eco,1547,4,2,2,2,4,3,3,4,4,4,4,2,1,3,23,0,FALSE
Female,Disloyal Customer,39,Business Travel,Eco,102,4,0,4,1,4,4,4,4,3,1,2,1,4,2.77,0,0,TRUE
Male,Loyal Customer,58,Business Travel,Business,762,4,4,4,4,4,5,4,5,5,5,5,4,5,4.46,0,0,TRUE
Female,Loyal Customer,45,Personal Travel,Eco,822,3,4,3,5,4,5,5,2,2,3,2,4,4,3.54,9,0,FALSE
Female,Disloyal Customer,26,Business Travel,Eco,406,2,3,2,3,5,2,5,5,1,1,3,2,5,3,0,10,FALSE
Female,Loyal Customer,50,Business Travel,Business,2875,2,2,4,2,5,4,4,5,5,4,5,5,5,4,2,0,TRUE
Male,Loyal Customer,76,Business Travel,Business,3257,3,2,2,2,1,1,2,3,3,3,3,1,4,2.31,0,18,FALSE
Male,Loyal Customer,31,Business Travel,Eco,332,1,3,3,3,1,1,1,1,4,5,3,3,1,2.31,0,0,FALSE
Male,Loyal Customer,8,Personal Travel,Eco,620,2,5,2,3,3,2,3,3,4,5,4,3,3,3.23,0,0,FALSE
Male,Loyal Customer,60,Business Travel,Eco Plus,361,2,2,2,2,2,2,2,2,4,2,4,3,2,2.38,74,55,FALSE
Male,Disloyal Customer,26,Business Travel,Eco,620,4,0,4,1,2,4,2,2,1,5,3,2,2,2.46,0,0,FALSE
Female,Disloyal Customer,43,Business Travel,Business,2311,4,3,3,1,5,4,5,5,4,5,5,3,5,4,0,0,TRUE
Female,Loyal Customer,21,Business Travel,Business,3301,1,3,3,3,1,1,1,1,1,5,4,2,1,2.08,0,1,FALSE
Male,Loyal Customer,38,Business Travel,Business,1121,5,5,5,5,4,4,4,4,1,5,1,4,4,3.92,269,260,TRUE
Male,Loyal Customer,52,Business Travel,Business,2904,3,3,3,3,5,4,5,5,5,5,5,5,4,4.23,12,6,TRUE
Female,Loyal Customer,31,Personal Travel,Eco,1080,1,5,1,2,4,1,1,4,3,4,5,3,4,2.92,6,0,FALSE
Female,Disloyal Customer,17,Business Travel,Eco,163,2,2,2,3,2,2,2,2,3,3,3,1,2,2.23,0,0,FALSE
Female,Loyal Customer,8,Personal Travel,Eco Plus,110,4,5,4,4,1,4,1,1,5,4,4,4,1,3.23,0,0,TRUE
Female,Loyal Customer,61,Personal Travel,Eco,541,4,2,4,4,2,4,3,4,4,4,1,1,2,3,0,0,FALSE
Female,Loyal Customer,70,Personal Travel,Eco,448,3,5,3,3,2,5,5,5,5,3,5,3,4,3.92,34,28,FALSE
Female,Loyal Customer,61,Business Travel,Business,1701,2,2,2,2,4,5,5,3,3,4,3,5,3,3.31,0,0,TRUE
Female,Loyal Customer,39,Business Travel,Business,402,3,3,3,3,3,5,4,5,5,4,5,3,5,3.92,58,51,TRUE
Male,Loyal Customer,44,Business Travel,Business,1011,5,5,5,5,3,4,4,5,5,5,5,3,4,4.46,5,20,TRUE
Female,Loyal Customer,39,Business Travel,Business,967,5,5,5,5,5,4,4,5,5,5,5,3,5,4.69,0,0,TRUE
Female,Loyal Customer,43,Business Travel,Eco,651,2,5,5,5,2,2,2,3,4,4,3,2,2,3.15,222,223,FALSE
Male,Disloyal Customer,37,Business Travel,Business,946,5,5,5,2,2,5,2,2,3,2,4,4,2,3.31,37,37,TRUE
Female,Loyal Customer,7,Personal Travel,Eco,257,3,3,3,3,3,3,1,3,1,5,2,4,3,2.85,0,0,FALSE
Male,Loyal Customer,52,Business Travel,Business,3274,2,2,1,2,4,5,4,5,5,5,5,4,3,3.62,0,0,TRUE
Female,Loyal Customer,25,Business Travel,Business,551,3,3,3,3,4,4,4,4,2,3,5,4,4,3.54,0,0,TRUE
Female,Loyal Customer,7,Personal Travel,Eco,644,1,4,1,4,5,1,5,5,3,2,4,5,5,3.46,94,104,FALSE
Female,Loyal Customer,59,Personal Travel,Eco,936,2,4,2,4,5,3,4,3,3,2,3,2,2,3,0,9,FALSE
Female,Loyal Customer,41,Personal Travel,Eco Plus,1189,3,5,3,3,2,4,4,2,2,3,2,3,4,3.08,120,99,FALSE
Male,Loyal Customer,57,Business Travel,Business,2367,1,3,1,1,4,3,5,2,2,2,2,5,4,2.69,8,0,TRUE
Female,Loyal Customer,25,Personal Travel,Eco,781,3,3,3,4,3,3,3,3,4,4,3,4,3,3.31,0,0,FALSE
Male,Loyal Customer,75,Business Travel,Eco Plus,236,2,2,2,2,3,2,3,3,4,2,4,3,3,2.69,6,3,FALSE
Female,Loyal Customer,62,Business Travel,Business,2555,0,5,0,1,5,4,4,4,4,4,4,4,4,3.31,2,0,TRUE
Male,Loyal Customer,18,Personal Travel,Eco Plus,918,2,5,2,1,4,2,4,4,4,3,2,1,4,2.92,71,82,FALSE
Male,Loyal Customer,7,Personal Travel,Business,585,1,5,1,3,4,1,4,4,4,5,4,3,4,3.31,44,37,FALSE
Male,Loyal Customer,36,Personal Travel,Eco,1085,3,5,3,5,4,3,3,4,5,5,5,4,4,4.08,17,22,FALSE
Male,Loyal Customer,51,Business Travel,Eco Plus,399,4,5,2,5,3,4,3,3,1,4,5,3,3,3.46,0,0,TRUE
Female,Loyal Customer,13,Personal Travel,Eco,1346,3,4,3,4,2,3,3,2,5,4,3,5,2,3.31,0,0,FALSE
Male,Loyal Customer,67,Personal Travel,Eco,270,1,4,1,5,3,1,3,3,4,3,5,4,3,3.08,0,2,FALSE
Male,Loyal Customer,20,Personal Travel,Eco,569,3,4,3,4,5,3,5,5,3,2,4,4,5,3.85,2,0,FALSE
Male,Loyal Customer,65,Personal Travel,Eco,158,3,4,3,1,5,3,5,5,3,4,5,4,5,3.85,8,8,FALSE
Female,Loyal Customer,17,Business Travel,Eco,762,3,1,1,1,3,4,4,3,3,5,4,3,3,2.92,0,0,TRUE
Male,Loyal Customer,52,Business Travel,Business,2637,1,5,5,5,1,4,4,1,1,1,1,2,1,2.46,0,0,FALSE
Female,Loyal Customer,63,Personal Travel,Eco,299,0,4,0,4,3,4,4,1,1,0,1,3,4,2.23,12,0,TRUE
Female,Disloyal Customer,21,Business Travel,Business,944,0,0,0,1,4,0,4,4,5,5,5,5,4,2.85,0,5,TRUE
Female,Loyal Customer,46,Business Travel,Business,3927,3,3,3,3,2,4,4,4,4,4,4,2,2,3.23,0,0,TRUE
Male,Loyal Customer,23,Business Travel,Business,323,3,3,3,3,4,4,4,4,5,4,5,4,4,3.85,0,5,TRUE
Female,Loyal Customer,51,Business Travel,Business,3384,3,3,2,3,2,5,5,4,4,4,4,4,3,3.54,0,0,TRUE
Male,Loyal Customer,28,Business Travel,Business,493,2,4,4,4,2,2,2,2,3,5,3,3,2,2.92,0,0,FALSE
Male,Loyal Customer,44,Business Travel,Business,236,3,3,3,3,4,4,4,4,4,4,4,4,5,3.77,0,0,TRUE
Female,Loyal Customer,36,Business Travel,Eco Plus,456,3,2,2,2,3,4,3,3,3,3,3,5,3,3,0,0,TRUE
Female,Loyal Customer,58,Personal Travel,Eco,466,4,4,4,4,4,5,2,4,4,4,4,1,5,3.77,90,90,FALSE
Male,Loyal Customer,54,Business Travel,Business,1629,4,4,4,4,3,5,4,5,5,5,5,3,5,4.31,7,4,TRUE
Male,Loyal Customer,60,Business Travel,Business,370,2,3,3,3,1,4,3,2,2,2,2,2,3,2.46,6,0,FALSE
Female,Loyal Customer,67,Personal Travel,Eco,1203,1,4,1,4,1,4,4,3,3,1,3,2,2,2.54,0,0,FALSE
Male,Loyal Customer,10,Personal Travel,Eco Plus,774,5,2,5,3,4,5,2,4,2,4,3,2,4,3.46,0,0,TRUE
Female,Loyal Customer,15,Personal Travel,Eco,325,2,3,2,4,4,2,4,4,1,3,3,3,4,3,0,0,FALSE
Female,Loyal Customer,48,Business Travel,Eco,1188,2,3,3,3,2,4,3,2,2,2,2,4,2,2.62,0,5,FALSE
Female,Disloyal Customer,25,Business Travel,Business,577,3,5,3,4,2,3,2,2,4,5,4,4,2,3.31,11,7,FALSE
Male,Loyal Customer,45,Business Travel,Business,872,5,5,5,5,4,4,5,5,5,5,5,5,3,4.69,0,0,TRUE
Female,Loyal Customer,41,Business Travel,Business,423,3,3,3,3,2,4,5,2,2,2,2,5,3,3,0,0,TRUE
Female,Loyal Customer,46,Business Travel,Eco,302,1,5,5,5,1,3,2,1,1,1,1,3,3,2.46,1,0,FALSE
Female,Loyal Customer,39,Personal Travel,Eco,2092,4,2,4,2,3,4,3,3,2,2,1,1,3,2.62,0,0,FALSE
Female,Disloyal Customer,36,Business Travel,Eco,612,1,0,1,2,2,1,4,2,3,3,2,5,2,2.15,0,1,FALSE
Male,Loyal Customer,22,Personal Travel,Eco Plus,2075,3,4,3,3,5,3,5,5,3,4,4,5,5,4,0,0,FALSE
Female,Disloyal Customer,36,Business Travel,Eco,655,2,2,2,4,1,2,1,1,1,3,4,2,1,2,14,16,FALSE
Male,Loyal Customer,34,Business Travel,Business,1747,3,3,3,3,2,5,5,3,3,5,3,3,2,3.31,50,72,TRUE
Female,Loyal Customer,52,Business Travel,Business,2603,0,0,0,5,5,5,5,2,2,2,2,3,4,2.69,0,0,TRUE
Female,Loyal Customer,55,Business Travel,Business,1670,5,5,5,5,5,5,4,5,5,5,5,5,3,4.77,1,11,TRUE
Male,Loyal Customer,72,Business Travel,Business,1582,4,4,4,4,5,3,4,4,4,4,4,2,2,3.69,14,6,FALSE
Male,Loyal Customer,14,Personal Travel,Eco,584,3,4,3,3,2,3,2,2,3,3,4,5,2,3,0,0,FALSE
Female,Loyal Customer,39,Business Travel,Business,3053,2,2,1,2,3,4,5,4,4,5,4,3,4,3.31,9,24,TRUE
Female,Loyal Customer,31,Business Travel,Business,2265,3,3,3,3,5,5,5,5,2,5,5,5,5,4.15,0,0,TRUE
Female,Loyal Customer,38,Business Travel,Business,2373,4,2,2,2,4,4,3,4,4,4,4,2,2,3.15,0,0,FALSE
Male,Loyal Customer,57,Business Travel,Business,781,2,2,3,2,2,5,5,4,4,4,4,5,3,3.46,9,0,TRUE
Male,Loyal Customer,54,Business Travel,Business,2187,3,3,3,3,5,5,5,5,5,5,5,4,5,4.31,0,0,TRUE
Female,Loyal Customer,17,Personal Travel,Business,332,3,5,3,3,4,3,4,4,3,2,5,3,4,3.54,0,0,FALSE
Female,Loyal Customer,40,Business Travel,Business,337,4,4,4,4,5,4,4,5,5,5,5,5,4,4.46,37,17,TRUE
Female,Disloyal Customer,35,Business Travel,Business,304,3,2,2,1,5,2,5,5,4,4,5,3,5,3.54,0,0,FALSE
Male,Disloyal Customer,49,Business Travel,Business,888,2,2,2,3,5,2,1,5,3,4,4,5,5,3.31,96,76,FALSE
Male,Loyal Customer,43,Business Travel,Business,3598,2,2,2,2,5,5,5,5,4,5,4,5,5,3.92,109,137,TRUE
Male,Disloyal Customer,29,Business Travel,Business,985,4,4,4,5,1,4,5,1,3,2,5,3,1,3.23,0,9,FALSE
Female,Disloyal Customer,33,Business Travel,Business,395,3,3,3,5,4,3,5,4,3,4,5,4,4,3.85,2,0,FALSE
Female,Loyal Customer,27,Business Travel,Business,2654,3,2,4,2,3,2,3,3,4,2,4,4,3,3,26,13,FALSE
Female,Loyal Customer,55,Business Travel,Business,2307,3,5,5,5,3,3,3,3,3,3,3,4,3,3.54,0,0,FALSE
Female,Disloyal Customer,27,Business Travel,Eco,328,3,1,3,3,5,3,5,5,1,5,3,1,5,3.31,0,0,FALSE
Male,Loyal Customer,31,Business Travel,Eco,868,2,4,4,4,2,2,2,2,1,4,4,4,2,2.85,18,16,FALSE
Male,Disloyal Customer,65,Business Travel,Eco,304,2,0,2,1,2,2,2,2,1,4,2,5,2,2.08,0,0,FALSE
Male,Loyal Customer,60,Personal Travel,Eco,328,4,0,3,1,5,3,5,5,4,2,3,4,5,3.38,0,0,TRUE
Male,Loyal Customer,53,Personal Travel,Eco,1290,1,5,1,1,2,1,2,2,5,5,5,4,2,2.77,106,71,FALSE
Female,Loyal Customer,39,Business Travel,Business,1020,5,5,5,5,3,5,4,4,4,4,4,3,5,4.31,0,0,TRUE
Male,Loyal Customer,39,Business Travel,Business,2098,3,3,3,3,5,5,5,3,3,2,3,3,3,3.38,4,0,TRUE
Female,Disloyal Customer,27,Business Travel,Eco,127,3,3,3,3,3,3,3,3,4,2,3,3,3,3,0,0,FALSE
Male,Loyal Customer,59,Business Travel,Business,1024,1,3,2,2,5,3,4,1,1,1,1,2,4,2.31,22,15,FALSE
Female,Loyal Customer,36,Business Travel,Business,2862,2,2,2,2,4,1,5,4,4,4,4,4,2,3.08,0,0,TRUE
Female,Loyal Customer,58,Personal Travel,Eco,1562,2,4,1,1,5,3,4,2,2,1,2,5,3,2.69,0,0,FALSE
Male,Loyal Customer,41,Personal Travel,Eco Plus,235,1,2,1,2,2,1,1,2,3,5,2,1,2,1.92,0,3,FALSE
Male,Loyal Customer,50,Business Travel,Business,2748,2,2,2,2,4,4,4,4,4,4,4,4,4,3.38,0,1,TRUE
Female,Loyal Customer,38,Business Travel,Business,2256,2,2,2,2,3,4,1,5,5,5,5,4,2,3.23,0,0,TRUE
Male,Disloyal Customer,18,Business Travel,Business,957,0,0,0,1,2,0,2,2,3,3,5,4,2,1.85,0,0,TRUE
Female,Loyal Customer,65,Personal Travel,Eco,432,4,4,2,2,5,5,5,3,3,2,3,4,5,3.62,0,0,FALSE
Male,Loyal Customer,38,Business Travel,Business,1562,4,4,2,4,3,5,5,4,4,4,4,3,3,3.77,0,0,TRUE
Female,Disloyal Customer,21,Business Travel,Business,639,3,3,3,4,4,3,4,4,4,2,4,1,4,3.31,39,16,FALSE
Female,Loyal Customer,51,Business Travel,Eco,1066,2,5,5,5,2,2,2,1,1,2,1,3,2,2.54,0,13,FALSE
Female,Loyal Customer,39,Personal Travel,Eco,2677,2,2,2,3,2,1,1,3,5,2,3,1,1,2.15,0,20,FALSE
Female,Disloyal Customer,25,Business Travel,Business,1372,4,4,4,4,4,4,1,4,5,3,4,3,4,3.69,8,0,TRUE
Male,Loyal Customer,35,Personal Travel,Eco,240,3,4,3,1,2,3,2,2,5,4,4,5,2,3.08,0,0,FALSE
Female,Loyal Customer,58,Business Travel,Business,1846,2,2,2,2,2,3,5,3,3,4,3,3,4,2.92,2,5,TRUE
Female,Loyal Customer,35,Personal Travel,Eco,163,5,3,5,4,5,5,5,5,4,4,3,3,5,4.31,0,5,TRUE
Female,Loyal Customer,44,Business Travel,Business,1310,4,4,4,4,5,4,5,2,2,2,2,5,5,3.69,0,0,TRUE
Female,Loyal Customer,53,Personal Travel,Eco,675,3,5,3,1,3,4,5,5,5,3,5,3,4,3.77,0,0,FALSE
Male,Loyal Customer,46,Personal Travel,Eco,328,3,4,4,3,5,4,5,5,2,5,4,2,5,3.92,0,10,FALSE
Male,Loyal Customer,31,Personal Travel,Eco,819,1,5,1,4,5,1,5,5,2,3,4,2,5,3.31,1,0,FALSE
Male,Loyal Customer,58,Business Travel,Business,237,4,4,4,4,4,4,4,5,5,5,5,5,4,4.38,0,24,TRUE
Male,Loyal Customer,29,Business Travel,Business,3024,1,1,1,1,5,5,5,5,5,3,4,3,5,3.38,0,0,TRUE
Female,Loyal Customer,45,Business Travel,Eco,260,4,4,4,4,3,4,5,4,4,4,4,5,3,4,0,0,TRUE
Female,Loyal Customer,40,Personal Travel,Eco,386,4,3,4,2,3,4,3,3,2,1,5,4,3,3.15,38,43,FALSE
Male,Loyal Customer,67,Business Travel,Business,129,3,1,1,1,5,4,3,4,4,4,3,1,4,2.92,19,26,FALSE
Male,Loyal Customer,70,Personal Travel,Eco Plus,331,2,5,2,4,5,2,5,5,3,5,5,3,5,3.92,22,12,FALSE
Female,Loyal Customer,52,Business Travel,Business,1590,4,4,4,4,4,3,4,5,5,5,5,4,3,4.15,0,0,TRUE
Female,Loyal Customer,48,Business Travel,Business,1818,1,1,1,1,5,5,5,5,5,4,5,3,3,3.38,0,4,TRUE
Male,Loyal Customer,53,Business Travel,Business,2810,3,3,3,3,5,4,5,5,5,5,5,3,4,4.08,0,0,TRUE
Male,Loyal Customer,41,Business Travel,Business,432,5,5,5,5,5,5,5,3,3,4,3,3,5,4.31,0,0,TRUE
Male,Loyal Customer,50,Business Travel,Business,719,3,2,2,2,3,3,3,3,2,4,3,3,3,2.77,116,140,FALSE
Male,Loyal Customer,17,Business Travel,Eco,280,2,5,1,1,2,2,1,2,1,5,4,3,2,2.38,0,0,FALSE
Female,Loyal Customer,41,Business Travel,Business,602,2,2,2,2,4,5,5,5,5,5,5,5,3,3.85,14,13,TRUE
Male,Loyal Customer,12,Personal Travel,Eco,134,2,0,2,5,1,2,1,1,4,4,5,5,1,2.54,0,0,FALSE
Male,Loyal Customer,25,Business Travel,Business,2503,3,1,1,1,3,3,3,1,4,4,3,3,3,2.54,140,150,FALSE
Female,Loyal Customer,57,Business Travel,Business,110,3,1,1,1,2,2,3,2,2,2,3,2,1,1.92,0,0,FALSE
Female,Loyal Customer,20,Business Travel,Business,374,1,1,1,1,5,5,5,5,3,2,3,1,5,2.92,0,0,TRUE
Female,Loyal Customer,55,Personal Travel,Eco,1481,0,5,0,3,3,4,5,2,2,0,2,4,3,2.54,0,0,TRUE
Female,Disloyal Customer,21,Business Travel,Eco,1361,4,4,4,3,1,4,1,1,4,3,4,3,1,2.85,36,17,TRUE
Male,Loyal Customer,51,Business Travel,Eco Plus,1020,2,4,4,4,2,2,2,2,1,2,4,2,2,2.54,0,0,FALSE
Female,Disloyal Customer,26,Business Travel,Eco,1237,4,4,4,5,4,4,4,4,2,5,2,5,4,3.92,36,44,TRUE
Male,Loyal Customer,45,Business Travel,Business,3955,3,3,4,3,2,4,5,4,4,4,4,3,4,3.62,1,0,TRUE
Female,Loyal Customer,43,Business Travel,Business,1488,2,2,2,2,3,4,5,4,4,4,4,5,3,3.38,20,0,TRUE
Female,Loyal Customer,46,Personal Travel,Eco,2172,3,5,3,2,3,4,5,5,5,3,5,5,4,4,3,0,FALSE
Female,Loyal Customer,48,Business Travel,Business,296,1,1,1,1,2,5,4,5,5,5,5,4,4,3.31,15,25,TRUE
Female,Disloyal Customer,19,Business Travel,Eco,522,0,4,0,1,3,0,3,3,4,5,5,3,3,2.62,15,0,TRUE
Female,Disloyal Customer,54,Business Travel,Eco,83,2,3,2,4,3,2,3,3,1,3,3,3,3,2.69,0,0,FALSE
Female,Loyal Customer,67,Personal Travel,Eco,2300,4,4,3,3,3,3,2,2,2,3,2,2,3,2.77,12,0,TRUE
Male,Loyal Customer,44,Business Travel,Business,3023,5,5,5,5,2,5,2,5,5,4,5,4,3,4.23,11,15,TRUE
Female,Disloyal Customer,37,Business Travel,Business,666,2,2,2,3,1,2,1,1,3,4,4,4,1,2.31,12,0,FALSE
Female,Loyal Customer,39,Personal Travel,Business,1310,2,3,2,3,2,4,2,4,4,2,4,5,3,3.08,0,0,FALSE
Female,Loyal Customer,44,Business Travel,Business,2623,4,4,4,4,4,4,4,5,5,5,5,3,3,4.15,0,0,TRUE
Male,Loyal Customer,33,Personal Travel,Eco,240,2,5,2,5,3,2,3,3,4,2,5,5,3,3.38,2,3,FALSE
Female,Loyal Customer,54,Business Travel,Business,237,1,3,4,3,2,3,4,1,1,1,1,3,4,2.38,49,64,FALSE
Male,Disloyal Customer,20,Business Travel,Business,733,5,5,5,3,3,5,3,3,3,3,4,4,3,3.77,0,0,TRUE
Female,Loyal Customer,16,Personal Travel,Eco,834,0,5,0,4,4,0,4,4,5,3,5,3,4,3.15,15,0,TRUE
Female,Loyal Customer,65,Personal Travel,Eco,350,3,5,3,1,3,4,5,5,5,3,5,3,3,3.69,0,15,FALSE
Male,Loyal Customer,44,Business Travel,Business,2248,4,2,4,4,5,5,4,5,5,5,5,5,5,4.46,0,0,TRUE
Female,Loyal Customer,55,Business Travel,Eco Plus,1444,1,1,1,1,2,3,4,1,1,1,1,3,3,1.77,22,0,FALSE
Female,Loyal Customer,54,Personal Travel,Eco,334,2,5,2,5,2,2,2,5,2,5,4,2,2,3.08,205,213,FALSE
Female,Loyal Customer,41,Business Travel,Eco,1199,4,5,5,5,4,4,4,4,3,3,4,4,4,4.08,96,95,FALSE
Female,Disloyal Customer,15,Business Travel,Eco,1107,1,0,0,3,4,0,3,4,4,5,4,2,4,2.62,1,0,FALSE
Male,Disloyal Customer,25,Business Travel,Business,1145,0,0,0,4,3,0,3,3,3,2,4,5,3,2.31,0,0,TRUE
Female,Loyal Customer,33,Personal Travel,Eco,270,2,2,2,3,2,2,4,2,2,5,3,3,2,2.62,0,2,FALSE
Male,Loyal Customer,64,Personal Travel,Eco,247,1,1,1,2,4,1,4,4,4,5,3,1,4,2.69,0,2,FALSE
Female,Loyal Customer,28,Personal Travel,Eco,2565,1,5,1,1,1,5,5,1,4,3,1,5,5,2.92,4,0,FALSE
Female,Loyal Customer,35,Business Travel,Business,402,5,5,5,5,5,4,5,5,5,5,5,4,5,4.85,0,0,TRUE
Female,Loyal Customer,48,Business Travel,Business,1012,5,5,5,5,5,4,5,4,4,4,4,4,4,4.46,10,6,TRUE
Male,Loyal Customer,51,Business Travel,Business,991,4,4,4,4,5,4,5,5,5,5,5,5,3,4.46,0,0,TRUE
Male,Loyal Customer,58,Business Travel,Business,3030,1,3,5,5,3,3,3,1,1,1,1,3,3,2.54,0,1,FALSE
Female,Disloyal Customer,24,Business Travel,Business,258,4,4,4,1,5,4,5,5,3,2,4,4,5,3.85,0,0,TRUE
Female,Loyal Customer,39,Business Travel,Business,895,3,5,5,5,5,3,3,3,3,3,3,2,1,3.38,21,3,FALSE
Female,Loyal Customer,73,Business Travel,Business,236,1,1,4,1,2,1,5,4,4,4,4,5,2,2.92,0,0,TRUE
Male,Disloyal Customer,35,Business Travel,Eco,1009,3,3,3,4,4,3,4,4,2,5,3,2,4,3.38,112,118,FALSE
Male,Loyal Customer,16,Personal Travel,Eco,337,3,3,3,1,4,3,4,4,3,1,4,2,4,3,0,0,FALSE
Female,Loyal Customer,55,Business Travel,Business,191,1,1,3,1,2,4,4,4,4,4,5,4,4,3.15,0,0,TRUE
Male,Loyal Customer,10,Personal Travel,Eco,1737,2,5,2,5,3,2,3,3,4,4,4,5,3,3.46,0,0,FALSE
Male,Loyal Customer,31,Personal Travel,Eco Plus,571,3,5,3,3,3,3,3,3,5,3,5,3,3,3.46,0,0,FALSE
Male,Loyal Customer,52,Business Travel,Business,1183,2,2,2,2,2,4,5,2,2,2,2,3,5,2.69,0,0,TRUE
Female,Loyal Customer,24,Business Travel,Eco,1010,0,5,0,1,2,0,2,2,1,5,1,3,2,1.85,0,0,TRUE
Female,Disloyal Customer,40,Business Travel,Business,446,4,4,4,4,2,4,2,2,4,5,5,4,2,3.54,22,23,FALSE
Male,Loyal Customer,67,Personal Travel,Eco,480,1,3,1,2,2,1,2,2,2,2,5,3,2,2.15,50,36,FALSE
Male,Disloyal Customer,25,Business Travel,Business,279,3,3,3,3,3,3,3,3,1,2,4,1,3,2.69,42,12,FALSE
Female,Loyal Customer,49,Personal Travel,Eco,761,3,5,3,5,5,5,5,4,4,3,3,4,4,4.08,96,107,FALSE
Male,Loyal Customer,41,Personal Travel,Eco Plus,603,3,4,3,4,5,3,4,5,5,5,5,3,5,4.15,0,1,FALSE
Female,Loyal Customer,32,Business Travel,Eco Plus,236,5,1,3,1,5,5,5,5,1,4,3,4,5,3.62,39,32,TRUE
Male,Loyal Customer,10,Personal Travel,Eco,867,2,1,2,3,4,2,4,4,2,3,3,1,4,2.69,55,61,FALSE
Female,Loyal Customer,52,Business Travel,Business,325,4,4,4,4,3,5,4,5,5,5,5,5,3,4.31,1,0,TRUE
Male,Loyal Customer,60,Business Travel,Business,223,2,1,1,1,5,2,3,4,4,3,2,4,2,2.62,16,19,FALSE
Male,Disloyal Customer,24,Business Travel,Business,315,5,4,5,1,4,5,4,4,4,4,5,5,4,4.15,0,8,TRUE
Female,Loyal Customer,29,Business Travel,Eco,1488,2,3,3,3,2,2,2,2,1,3,4,1,2,2.31,7,0,FALSE
Female,Loyal Customer,25,Business Travel,Business,1635,1,2,2,2,1,1,1,1,4,1,3,2,1,1.69,0,0,FALSE
Female,Loyal Customer,53,Business Travel,Business,3736,1,1,1,1,4,4,5,5,5,5,5,3,4,3.38,0,0,TRUE
Male,Loyal Customer,46,Business Travel,Business,1733,2,2,2,2,2,4,4,5,5,5,5,4,4,3.54,74,64,TRUE
Male,Loyal Customer,60,Business Travel,Business,135,5,5,5,5,5,5,4,4,4,4,5,5,5,4.69,14,30,TRUE
Male,Loyal Customer,20,Personal Travel,Eco,594,4,5,4,4,4,4,4,3,3,2,5,4,4,3.85,170,158,FALSE
Male,Loyal Customer,63,Personal Travel,Eco Plus,228,2,2,2,2,3,2,2,3,3,5,3,4,3,2.77,0,0,FALSE
Male,Loyal Customer,32,Business Travel,Eco,874,1,2,2,2,1,1,1,1,1,1,3,2,1,1.46,30,100,FALSE
Female,Loyal Customer,41,Business Travel,Eco,354,4,5,5,5,4,4,4,4,5,3,4,1,4,4,0,0,TRUE
Male,Disloyal Customer,37,Business Travel,Eco,1346,1,1,1,3,4,1,4,4,2,2,4,1,4,2.46,0,0,FALSE
Female,Loyal Customer,42,Business Travel,Business,3854,3,5,5,5,5,3,3,1,1,1,3,1,3,3,38,33,FALSE
Female,Loyal Customer,39,Business Travel,Business,1635,5,5,5,5,2,4,5,4,4,4,4,3,3,4.08,5,4,TRUE
Female,Loyal Customer,65,Personal Travel,Eco,920,2,4,2,5,3,4,5,4,4,2,3,3,3,3.38,0,0,FALSE
Female,Loyal Customer,9,Personal Travel,Eco,711,1,4,0,2,2,0,2,2,5,5,5,4,2,2.62,26,19,FALSE
Female,Loyal Customer,42,Business Travel,Business,2743,3,5,4,4,3,4,4,4,4,4,3,4,2,3.69,48,39,FALSE
Male,Loyal Customer,14,Personal Travel,Eco,1097,2,3,2,4,2,2,2,2,3,5,4,4,2,2.85,20,12,FALSE
Male,Loyal Customer,56,Personal Travel,Eco,1014,2,2,2,3,2,2,2,2,4,3,4,1,2,2.38,25,9,FALSE
Male,Disloyal Customer,32,Business Travel,Business,181,2,2,2,1,5,2,5,5,4,4,4,4,5,3.46,0,0,FALSE
Female,Disloyal Customer,17,Business Travel,Eco,1345,1,1,1,4,3,1,3,3,1,3,2,1,3,2.08,0,2,FALSE
Female,Loyal Customer,54,Business Travel,Business,1709,2,2,2,2,5,5,5,5,5,5,5,4,3,3.85,0,0,TRUE
Male,Loyal Customer,24,Personal Travel,Eco,209,4,1,4,2,2,4,2,2,2,5,2,1,2,2.54,0,4,TRUE
Female,Loyal Customer,18,Personal Travel,Eco,109,3,1,3,3,2,3,2,2,1,4,2,2,2,2.31,71,83,FALSE
Male,Loyal Customer,56,Business Travel,Business,3616,5,5,5,5,2,5,4,4,4,4,5,3,5,4.31,0,0,TRUE
Male,Loyal Customer,59,Personal Travel,Eco,944,1,5,1,3,3,1,2,3,3,2,3,2,3,2.46,26,10,FALSE
Female,Loyal Customer,50,Personal Travel,Eco,1362,4,3,4,3,4,3,5,2,2,4,2,3,3,3.23,8,0,FALSE
Male,Loyal Customer,53,Business Travel,Business,2789,4,3,4,4,3,4,4,4,4,4,4,2,2,3.54,0,7,FALSE
Male,Loyal Customer,45,Business Travel,Business,1501,2,2,2,2,2,3,4,2,2,2,2,3,4,2.46,3,0,FALSE
Female,Loyal Customer,53,Business Travel,Business,3157,5,5,5,5,4,4,5,4,4,4,4,4,4,4.38,27,1,TRUE
Male,Loyal Customer,39,Business Travel,Business,2765,4,4,4,4,5,4,4,5,5,5,5,4,4,4.38,0,0,TRUE
Female,Loyal Customer,45,Business Travel,Eco,525,4,3,4,4,2,3,1,4,4,4,4,5,5,3.62,0,0,TRUE
Female,Loyal Customer,42,Business Travel,Business,1753,4,4,4,4,5,4,5,4,4,4,4,3,5,4.15,0,0,TRUE
Male,Loyal Customer,18,Personal Travel,Eco,181,2,4,2,3,3,2,3,3,4,3,5,5,3,3.23,12,4,FALSE
Male,Loyal Customer,69,Business Travel,Business,1506,2,5,5,5,5,2,2,2,2,2,2,3,1,2.92,0,15,FALSE
Female,Loyal Customer,44,Business Travel,Business,862,5,5,5,5,5,4,5,5,5,5,5,4,5,4.85,0,0,TRUE
Male,Disloyal Customer,31,Business Travel,Eco,782,4,4,4,4,4,4,3,4,4,2,3,3,4,3.62,13,0,FALSE
Male,Loyal Customer,66,Personal Travel,Eco Plus,456,3,4,3,5,5,3,5,5,5,1,5,3,5,4,0,5,FALSE
Male,Disloyal Customer,39,Business Travel,Eco,431,3,3,3,4,2,3,2,2,1,3,4,4,2,2.77,0,0,FALSE
Female,Loyal Customer,41,Personal Travel,Eco,355,2,4,2,5,5,2,5,5,2,4,2,3,5,3.54,0,0,FALSE
Female,Loyal Customer,53,Business Travel,Business,453,4,1,4,4,2,5,4,4,4,4,4,3,5,3.69,0,0,TRUE
Female,Loyal Customer,56,Business Travel,Business,3086,5,5,5,5,4,4,5,3,3,3,3,5,3,4.08,0,0,TRUE
Female,Loyal Customer,62,Personal Travel,Eco,383,2,4,2,5,5,5,4,5,5,2,5,4,3,3.92,0,0,FALSE
Male,Loyal Customer,39,Business Travel,Business,1188,3,2,3,3,2,4,4,3,3,2,3,5,1,2.92,18,3,TRUE
Male,Disloyal Customer,21,Business Travel,Business,337,5,0,4,4,3,4,3,3,5,3,4,4,3,3.46,0,0,TRUE
Female,Loyal Customer,9,Personal Travel,Eco,931,1,3,1,3,2,1,2,2,1,3,3,1,2,1.92,0,0,FALSE
Male,Loyal Customer,37,Business Travel,Business,1411,1,1,1,1,5,5,4,5,5,5,5,5,4,3.62,0,0,TRUE
Female,Loyal Customer,46,Personal Travel,Business,258,1,5,1,2,5,5,3,1,1,1,1,5,3,2.62,0,0,FALSE
Female,Loyal Customer,53,Business Travel,Business,3904,1,1,4,1,4,4,4,2,3,5,1,4,4,2.92,10,0,TRUE
Male,Loyal Customer,38,Business Travel,Eco Plus,826,4,3,3,3,4,4,4,4,4,1,5,1,4,3.38,9,20,TRUE
Male,Loyal Customer,16,Business Travel,Eco,588,5,1,1,1,5,5,5,5,2,4,2,5,5,3.54,0,0,TRUE
Female,Loyal Customer,40,Personal Travel,Eco,1379,1,5,0,3,3,0,3,3,5,5,3,3,3,2.85,0,14,FALSE
Female,Loyal Customer,37,Business Travel,Eco,162,5,4,4,4,5,5,5,5,5,5,4,2,5,4.46,0,8,TRUE
Female,Loyal Customer,36,Business Travel,Business,1812,1,1,1,1,5,4,5,5,5,5,5,3,1,3.23,1,0,TRUE
Female,Loyal Customer,25,Business Travel,Eco Plus,837,2,4,4,4,2,2,2,2,1,3,4,1,2,2.54,0,2,FALSE
Male,Loyal Customer,26,Business Travel,Business,3656,2,2,2,2,4,4,4,4,2,5,4,5,4,3.38,0,0,TRUE
Female,Loyal Customer,36,Business Travel,Eco,495,5,2,2,2,4,5,5,1,4,4,3,5,5,3.62,266,266,FALSE
Male,Loyal Customer,24,Personal Travel,Eco Plus,925,2,2,2,3,1,2,1,1,3,5,3,3,1,2.23,107,120,FALSE
Male,Loyal Customer,45,Personal Travel,Business,1598,3,5,4,4,5,3,5,5,5,4,5,4,5,4.38,0,0,FALSE
Male,Loyal Customer,34,Business Travel,Business,2716,2,4,4,4,3,4,4,2,2,2,2,4,1,2.92,0,0,FALSE
Male,Loyal Customer,32,Business Travel,Business,925,4,4,4,4,3,3,3,3,3,5,4,4,3,3.62,21,0,TRUE
Male,Loyal Customer,25,Business Travel,Business,605,2,2,2,2,2,2,2,4,5,3,3,2,2,2.54,153,163,FALSE
Male,Loyal Customer,45,Business Travel,Business,1747,1,2,2,2,1,1,1,3,3,2,4,1,1,1.85,204,205,FALSE
Male,Loyal Customer,60,Personal Travel,Eco Plus,480,5,3,5,3,5,5,5,5,4,4,3,2,5,4.15,0,0,TRUE
Male,Loyal Customer,64,Personal Travel,Eco,802,3,2,3,4,3,3,3,3,4,5,3,3,3,3.23,11,29,FALSE
Female,Loyal Customer,58,Personal Travel,Eco,931,4,5,5,1,4,4,4,2,2,5,2,5,3,3.54,44,44,TRUE
Female,Disloyal Customer,25,Business Travel,Eco,746,2,1,1,3,4,1,4,4,2,1,3,2,4,2.46,10,19,FALSE
Male,Loyal Customer,23,Business Travel,Business,488,4,4,4,4,4,4,4,4,1,5,1,2,4,3.46,0,0,TRUE
Male,Loyal Customer,16,Business Travel,Eco,689,3,4,4,4,3,3,1,3,2,3,3,4,3,3.08,0,0,FALSE
Male,Loyal Customer,23,Business Travel,Business,3155,2,2,2,2,2,2,2,2,1,2,4,1,2,2,12,14,FALSE
Female,Loyal Customer,49,Personal Travel,Eco,258,1,2,1,4,5,3,4,5,5,1,5,1,1,2.92,0,0,FALSE
Male,Loyal Customer,53,Business Travel,Business,3398,2,2,2,2,2,5,4,4,4,5,4,5,5,3.54,4,6,TRUE
Female,Loyal Customer,60,Business Travel,Business,2483,5,5,5,5,2,4,4,4,4,4,4,4,4,4.15,3,0,TRUE
Female,Loyal Customer,15,Personal Travel,Eco,283,3,4,3,1,5,3,1,5,3,4,4,5,5,3.54,2,0,FALSE
Female,Loyal Customer,55,Business Travel,Business,280,3,5,4,5,1,3,3,3,3,3,3,4,1,3.15,0,0,FALSE
Male,Disloyal Customer,21,Business Travel,Eco,469,4,0,4,5,1,4,1,1,3,2,4,5,1,2.69,0,0,TRUE
Female,Loyal Customer,34,Business Travel,Eco,199,0,0,0,4,5,0,5,5,3,5,1,4,5,2.85,0,0,TRUE
Male,Loyal Customer,37,Business Travel,Business,2249,5,5,5,5,4,4,5,4,4,4,4,4,5,4.46,0,0,TRUE
Female,Loyal Customer,64,Business Travel,Eco,678,2,5,5,5,4,4,3,2,2,2,2,4,1,3.15,14,0,FALSE
Female,Loyal Customer,28,Personal Travel,Eco,2300,4,5,4,5,1,4,1,1,5,2,3,3,1,3,0,0,TRUE
Female,Disloyal Customer,50,Business Travel,Eco,453,3,1,3,4,3,3,3,3,2,2,4,3,3,2.85,3,5,FALSE
Female,Loyal Customer,13,Personal Travel,Business,2253,2,1,2,4,2,2,4,2,3,4,2,2,2,2.46,0,0,FALSE
Female,Disloyal Customer,21,Business Travel,Eco,227,3,3,3,3,1,3,1,1,1,1,4,4,1,2.23,0,0,FALSE
Female,Loyal Customer,41,Personal Travel,Eco,270,0,4,0,4,3,0,3,3,3,2,5,3,3,2.54,0,0,TRUE
Male,Loyal Customer,38,Business Travel,Eco Plus,114,5,2,5,5,5,5,5,5,4,2,3,4,5,4.23,58,48,TRUE
Male,Loyal Customer,17,Personal Travel,Business,1065,1,4,1,3,3,1,3,3,5,4,4,5,3,3.08,0,0,FALSE
Female,Disloyal Customer,21,Business Travel,Eco,2777,5,5,5,4,2,5,2,2,5,1,5,1,2,3.38,0,0,TRUE
Male,Loyal Customer,14,Personal Travel,Eco,317,1,3,1,2,3,1,3,3,2,2,3,3,3,2.31,0,0,FALSE
Female,Loyal Customer,58,Business Travel,Business,2116,3,3,3,3,5,4,4,3,3,3,3,5,5,3.62,28,30,TRUE
Female,Loyal Customer,34,Business Travel,Business,594,5,5,5,5,2,2,2,5,5,5,5,1,1,3.69,3,1,TRUE
Female,Loyal Customer,55,Business Travel,Business,199,1,4,4,4,1,1,2,3,5,3,3,2,2,2.69,210,206,FALSE
Male,Loyal Customer,39,Business Travel,Business,3064,4,4,4,4,3,4,5,5,5,5,5,4,3,4.23,0,0,TRUE
Female,Disloyal Customer,22,Business Travel,Eco,997,3,3,3,5,1,3,1,1,5,4,5,4,1,3,0,0,FALSE
Male,Disloyal Customer,30,Business Travel,Business,216,2,2,2,4,3,2,3,3,3,4,3,4,3,2.92,12,4,FALSE
Male,Loyal Customer,44,Business Travel,Business,2638,0,0,0,4,5,5,5,4,4,4,4,3,3,3.15,0,0,TRUE
Female,Loyal Customer,47,Business Travel,Business,479,4,4,4,4,4,4,4,5,5,4,5,5,4,4.31,0,0,TRUE
Male,Loyal Customer,50,Business Travel,Business,248,0,0,0,4,4,4,5,5,5,5,5,4,3,3.38,13,20,TRUE
Male,Loyal Customer,29,Business Travel,Business,787,1,4,4,4,1,1,1,4,5,3,4,1,1,2.62,212,210,FALSE
Male,Loyal Customer,24,Business Travel,Eco,680,3,1,1,1,4,4,3,1,3,3,4,3,3,2.62,254,246,TRUE
Male,Loyal Customer,48,Business Travel,Business,2278,5,5,5,5,3,5,5,5,5,5,5,4,5,4.77,70,85,TRUE
Male,Loyal Customer,15,Business Travel,Business,451,1,4,1,4,1,2,1,1,4,2,4,2,1,2.15,0,0,FALSE
Female,Loyal Customer,54,Business Travel,Business,1532,3,2,3,3,3,5,5,4,4,4,4,5,3,3.69,0,0,TRUE
Male,Loyal Customer,48,Business Travel,Business,190,0,4,0,4,2,4,4,3,3,3,3,5,3,2.92,0,0,TRUE
Female,Loyal Customer,27,Business Travel,Business,3497,1,1,1,1,4,4,4,4,2,2,4,3,4,2.69,0,0,TRUE
Male,Loyal Customer,49,Personal Travel,Eco,1005,2,4,2,4,3,2,3,3,1,4,3,2,3,2.77,119,114,FALSE
Male,Disloyal Customer,27,Business Travel,Eco,147,1,2,1,3,4,1,4,4,1,4,4,2,4,2.69,41,27,FALSE
Female,Loyal Customer,27,Business Travel,Business,3070,1,3,3,3,1,1,1,1,3,1,4,1,1,1.85,17,24,FALSE
Male,Loyal Customer,29,Personal Travel,Eco,328,3,0,3,5,2,3,2,2,3,5,1,5,2,2.77,0,0,FALSE
Female,Disloyal Customer,27,Business Travel,Eco,721,1,1,1,3,4,1,3,4,4,1,4,1,4,2.46,0,0,FALSE
Male,Loyal Customer,41,Business Travel,Business,2472,3,3,3,3,5,5,5,4,4,4,4,4,3,3.85,86,,TRUE
Male,Loyal Customer,67,Personal Travel,Eco,2295,2,3,2,3,2,2,4,2,5,4,3,4,4,3.08,13,16,FALSE
Male,Disloyal Customer,23,Business Travel,Eco,721,3,3,3,3,3,5,3,1,3,3,1,3,3,2.85,197,189,FALSE
Male,Disloyal Customer,11,Business Travel,Eco,854,4,4,4,3,4,4,4,4,1,1,4,2,4,3.31,0,0,FALSE
Male,Loyal Customer,25,Business Travel,Business,3657,2,5,5,5,2,2,2,2,4,5,4,2,2,3.23,36,30,FALSE
Female,Loyal Customer,49,Business Travel,Eco,532,4,4,4,4,4,1,2,4,4,4,4,2,4,3.46,0,0,TRUE
Male,Loyal Customer,60,Business Travel,Business,1851,2,2,2,2,2,5,5,4,4,5,4,5,5,3.62,0,0,TRUE
Female,Loyal Customer,61,Business Travel,Eco Plus,1448,5,3,3,3,3,3,1,5,5,5,5,3,2,3.54,21,0,TRUE
Female,Loyal Customer,36,Business Travel,Business,2419,5,5,5,5,2,5,5,4,4,4,4,4,4,4.31,0,0,TRUE
Male,Loyal Customer,51,Business Travel,Business,308,3,2,3,3,2,4,5,5,5,5,5,4,5,3.92,18,25,TRUE
Male,Loyal Customer,61,Personal Travel,Eco,511,4,4,4,1,1,4,1,1,4,5,5,4,1,3,0,0,TRUE
Male,Loyal Customer,30,Business Travel,Business,3684,3,3,3,3,4,4,4,4,2,2,2,5,4,3.31,15,4,TRUE
Female,Loyal Customer,17,Personal Travel,Eco,762,3,5,2,4,3,2,3,3,3,3,5,4,3,3.31,79,74,FALSE
Male,Disloyal Customer,40,Business Travel,Eco,462,2,1,2,3,1,2,2,1,3,1,4,3,1,2,95,114,FALSE
Female,Loyal Customer,30,Business Travel,Business,697,1,4,3,4,1,1,1,1,4,4,4,4,1,2.54,0,0,FALSE
Male,Loyal Customer,69,Personal Travel,Eco,1023,3,5,3,1,2,3,2,2,5,4,1,1,2,2.62,0,0,FALSE
Male,Loyal Customer,51,Business Travel,Business,3989,5,5,5,5,2,5,4,5,5,5,5,4,4,4.54,0,0,TRUE
Female,Loyal Customer,48,Personal Travel,Eco,550,2,0,2,4,4,5,5,1,1,2,1,4,3,2.62,0,0,FALSE
Male,Loyal Customer,7,Personal Travel,Eco Plus,491,3,5,3,2,4,3,1,4,4,1,1,1,4,2.77,0,1,FALSE
Male,Loyal Customer,51,Business Travel,Business,408,5,5,5,5,4,2,1,5,5,5,5,2,1,3.85,0,0,TRUE
Male,Loyal Customer,33,Business Travel,Business,2153,4,2,2,2,4,4,4,4,1,3,3,1,4,2.92,0,0,FALSE
Male,Disloyal Customer,33,Business Travel,Eco,163,3,0,3,4,1,3,1,1,2,3,4,5,1,2.38,0,0,FALSE
Female,Disloyal Customer,22,Business Travel,Business,581,4,0,4,1,1,4,1,1,4,2,4,3,1,2.31,4,0,TRUE
Male,Disloyal Customer,25,Business Travel,Business,691,2,2,2,3,4,2,4,4,3,1,3,2,4,2.77,0,26,FALSE
Male,Loyal Customer,21,Personal Travel,Eco,896,3,5,3,2,2,3,2,2,3,4,5,5,2,3.15,0,0,FALSE
Female,Loyal Customer,62,Business Travel,Eco Plus,1703,1,4,4,4,4,2,4,1,1,1,1,3,3,2.54,6,33,FALSE
Male,Loyal Customer,30,Personal Travel,Eco,386,2,4,2,3,1,2,1,1,3,4,4,3,1,2.38,24,26,FALSE
Female,Loyal Customer,34,Business Travel,Business,255,3,3,3,3,2,4,5,5,5,5,5,5,4,4,0,0,TRUE
Male,Loyal Customer,37,Business Travel,Business,2490,3,3,3,3,2,5,5,5,5,5,5,5,4,4.08,0,25,TRUE
Female,Loyal Customer,40,Business Travel,Business,250,5,5,5,5,5,5,5,3,3,4,3,5,5,4.46,0,0,TRUE
Female,Loyal Customer,57,Business Travel,Business,737,4,4,4,4,2,5,5,4,4,4,4,3,3,3.85,0,15,TRUE
Female,Loyal Customer,45,Business Travel,Eco Plus,221,5,5,5,5,5,5,5,5,1,1,5,5,5,4.38,105,171,TRUE
Female,Loyal Customer,32,Personal Travel,Eco,714,4,4,4,3,1,4,1,1,5,3,5,4,1,3.08,3,3,TRUE
Female,Loyal Customer,54,Business Travel,Business,1698,2,2,2,2,2,2,4,5,5,4,3,5,1,3,1,0,TRUE
Female,Loyal Customer,50,Business Travel,Business,404,5,5,1,5,2,4,5,5,5,5,5,5,5,4.38,13,3,TRUE
Female,Loyal Customer,54,Business Travel,Business,2986,0,0,0,1,2,4,4,5,5,5,5,4,4,3,0,0,TRUE
Male,Loyal Customer,18,Personal Travel,Eco,1056,1,3,1,4,4,1,4,4,3,5,3,1,4,2.92,1,0,FALSE
Female,Loyal Customer,40,Business Travel,Business,3851,2,3,3,3,2,2,2,2,4,3,3,2,2,2.54,212,168,FALSE
Male,Loyal Customer,35,Personal Travel,Eco,290,3,4,3,1,2,3,2,2,4,3,4,4,2,2.85,0,24,FALSE
Male,Loyal Customer,55,Business Travel,Business,1577,4,4,5,4,3,5,1,5,5,5,5,3,5,4.15,72,52,TRUE
Male,Loyal Customer,49,Personal Travel,Eco,591,2,0,2,3,2,2,2,2,5,2,5,5,2,2.62,0,0,FALSE
Male,Disloyal Customer,38,Business Travel,Eco,200,3,3,3,2,3,3,3,3,3,5,3,1,3,2.92,0,0,FALSE
Male,Loyal Customer,26,Business Travel,Eco,1013,1,2,2,2,1,1,2,1,2,4,3,1,1,1.77,0,0,FALSE
Female,Loyal Customer,62,Personal Travel,Eco,853,1,4,1,3,3,4,5,2,2,1,2,4,4,2.77,0,0,FALSE
Female,Disloyal Customer,23,Business Travel,Eco,429,4,5,4,4,4,4,4,4,4,2,5,4,4,4,0,1,FALSE
Male,Loyal Customer,40,Business Travel,Business,352,4,4,4,4,5,5,4,4,4,4,4,3,3,4,0,0,TRUE
Female,Loyal Customer,28,Personal Travel,Eco,621,2,2,1,3,1,1,1,1,3,1,3,1,1,1.62,0,0,FALSE
Male,Loyal Customer,40,Personal Travel,Eco Plus,425,3,0,3,3,5,3,5,5,4,2,5,4,5,3.62,0,0,FALSE
Female,Disloyal Customer,38,Business Travel,Business,229,4,4,4,3,2,4,5,2,1,2,4,1,2,2.92,0,0,FALSE
Female,Loyal Customer,60,Personal Travel,Eco,280,2,1,2,3,4,4,3,4,4,2,4,1,3,2.85,0,0,FALSE
Female,Loyal Customer,19,Personal Travel,Eco,632,4,4,4,3,4,4,4,4,3,2,5,4,4,3.77,1,3,TRUE
Male,Disloyal Customer,17,Business Travel,Eco,309,2,1,2,3,2,2,5,2,3,2,3,2,2,2.38,0,0,FALSE
Male,Loyal Customer,52,Business Travel,Business,3298,2,2,2,2,4,5,4,4,4,4,4,3,4,3.38,0,0,TRUE
Male,Loyal Customer,27,Personal Travel,Eco,1530,3,4,3,1,3,3,3,3,4,2,5,5,3,3.23,0,0,FALSE
Female,Disloyal Customer,41,Business Travel,Business,1541,3,3,3,5,4,3,4,4,5,5,4,5,4,4,0,0,FALSE
Male,Loyal Customer,51,Business Travel,Business,414,4,1,3,1,5,4,3,4,4,4,4,3,4,3.38,4,5,FALSE
Male,Loyal Customer,26,Business Travel,Business,3106,5,4,4,4,5,4,5,5,3,2,4,4,5,4.15,43,75,FALSE
Female,Loyal Customer,43,Business Travel,Business,613,4,5,5,5,2,3,3,4,4,4,4,4,1,3.69,6,19,FALSE
Male,Disloyal Customer,21,Business Travel,Business,2039,5,5,5,3,5,4,4,4,2,3,4,4,4,4,131,98,TRUE
Female,Loyal Customer,38,Business Travel,Business,2554,2,2,2,2,3,4,4,4,4,4,4,4,4,3.31,0,0,TRUE
Male,Loyal Customer,45,Business Travel,Business,181,5,5,5,5,4,1,5,5,5,4,5,2,2,4.08,0,0,TRUE
Female,Loyal Customer,33,Personal Travel,Eco,834,2,2,2,4,4,2,4,4,3,2,3,3,4,3,33,32,FALSE
Male,Disloyal Customer,25,Business Travel,Eco,591,3,0,4,3,1,4,1,1,3,4,4,3,1,2.46,0,0,FALSE
Male,Loyal Customer,50,Business Travel,Business,2499,2,2,2,2,2,3,3,3,5,4,5,3,3,3,160,164,TRUE
Female,Loyal Customer,16,Business Travel,Business,3327,2,2,2,2,5,5,5,5,3,2,5,3,5,3.54,0,0,TRUE
Female,Loyal Customer,43,Business Travel,Eco Plus,735,3,1,1,1,1,1,2,3,3,3,3,4,4,2.31,0,6,FALSE
Female,Loyal Customer,61,Business Travel,Eco,373,2,4,4,4,5,4,4,2,2,2,2,3,1,3,10,12,FALSE
Female,Disloyal Customer,11,Business Travel,Eco,2133,3,3,3,4,1,3,1,1,4,3,4,4,1,2.69,2,13,FALSE
Male,Loyal Customer,44,Business Travel,Business,929,1,1,1,1,2,4,5,4,4,4,4,4,3,2.92,0,0,TRUE
Male,Disloyal Customer,15,Business Travel,Eco,759,4,4,4,2,1,4,3,1,3,2,5,3,1,2.85,0,0,FALSE
Male,Loyal Customer,26,Business Travel,Eco Plus,937,2,4,4,4,2,4,2,1,3,4,3,2,2,2.85,147,151,FALSE
Male,Loyal Customer,40,Personal Travel,Eco,1214,3,1,3,3,1,3,1,1,1,3,4,3,1,2.15,0,0,FALSE
Male,Loyal Customer,7,Business Travel,Business,1076,3,5,5,5,3,3,3,3,1,5,4,4,3,3.62,9,7,FALSE
Female,Loyal Customer,10,Personal Travel,Eco,631,5,5,5,2,5,5,5,5,4,5,4,5,5,4.62,0,0,TRUE
Male,Loyal Customer,28,Personal Travel,Eco,594,4,2,4,4,4,4,4,4,3,5,4,3,4,3.77,2,0,TRUE
Male,Loyal Customer,36,Business Travel,Eco Plus,689,3,3,3,3,3,3,3,3,2,1,4,3,3,2.85,14,4,FALSE
Female,Loyal Customer,47,Business Travel,Business,121,5,5,5,5,2,4,4,4,4,5,4,5,5,4.38,0,2,TRUE
Male,Loyal Customer,15,Personal Travel,Eco,2586,1,5,1,3,5,1,5,5,5,5,3,3,5,3.62,0,0,FALSE
Male,Loyal Customer,39,Business Travel,Business,2195,4,4,3,4,5,4,4,5,5,5,5,3,3,4.15,0,0,TRUE
Male,Loyal Customer,41,Business Travel,Business,175,4,4,4,4,3,5,5,5,5,5,5,4,4,4.38,60,68,TRUE
Male,Loyal Customer,11,Personal Travel,Eco,738,2,4,2,3,4,2,4,4,3,3,4,5,4,3.38,8,4,FALSE
Male,Loyal Customer,39,Business Travel,Business,2399,5,3,5,5,4,3,4,5,5,5,5,5,4,4.46,43,29,TRUE
Female,Loyal Customer,37,Business Travel,Eco,508,4,1,1,1,4,4,4,4,2,2,5,4,4,3.08,0,0,TRUE
Male,Loyal Customer,31,Personal Travel,Eco,315,4,5,4,1,3,4,3,3,2,2,5,4,3,3.31,0,0,FALSE
Male,Disloyal Customer,38,Business Travel,Eco,453,1,4,1,3,3,1,3,3,2,3,4,1,3,2.46,8,2,FALSE
Female,Loyal Customer,55,Business Travel,Business,3799,5,5,5,5,4,4,5,2,2,2,2,4,3,3.69,6,11,TRUE
Female,Loyal Customer,62,Personal Travel,Eco,539,3,2,3,3,3,4,4,3,3,3,2,4,2,3,42,39,FALSE
Male,Loyal Customer,33,Personal Travel,Eco Plus,191,2,3,2,3,5,2,5,5,1,2,2,1,5,2.92,0,0,FALSE
Female,Disloyal Customer,60,Business Travel,Eco,1005,3,3,3,4,3,2,2,3,3,4,3,2,2,2.85,142,171,FALSE
Female,Disloyal Customer,42,Business Travel,Business,675,3,3,3,5,3,3,3,3,3,2,4,5,3,3.31,0,0,FALSE
Female,Loyal Customer,27,Business Travel,Business,3018,1,1,1,1,5,5,3,5,5,1,2,3,5,2.92,0,0,TRUE
Female,Loyal Customer,29,Business Travel,Business,3534,5,5,5,5,4,4,4,4,4,3,5,4,4,4.31,65,52,TRUE
Male,Loyal Customer,47,Business Travel,Eco Plus,289,5,2,2,2,5,5,5,5,2,5,5,5,5,4.08,0,0,TRUE
Female,Disloyal Customer,22,Business Travel,Business,214,4,0,4,1,2,4,2,2,4,4,5,4,2,2.92,0,7,TRUE
Female,Loyal Customer,49,Business Travel,Business,2784,3,3,3,3,3,3,4,4,4,4,4,5,3,3.54,5,0,TRUE
Male,Loyal Customer,64,Business Travel,Business,2694,2,3,3,3,1,2,2,2,2,2,2,4,3,2.38,0,0,FALSE
Female,Loyal Customer,52,Business Travel,Business,3731,4,4,4,4,5,5,1,5,5,5,5,4,4,4.23,0,2,TRUE
Female,Loyal Customer,24,Business Travel,Business,3798,1,2,2,2,1,1,1,2,5,3,4,1,1,2,177,167,FALSE
Male,Loyal Customer,23,Personal Travel,Eco,1416,4,4,4,1,4,4,4,4,3,2,5,4,4,3.62,0,11,FALSE
Female,Loyal Customer,62,Personal Travel,Eco,337,4,4,4,1,4,5,3,4,4,4,4,3,2,3.54,0,8,FALSE
Male,Disloyal Customer,29,Business Travel,Business,1476,5,5,5,4,4,5,4,4,4,5,4,4,4,4.38,3,0,TRUE
Female,Disloyal Customer,24,Business Travel,Business,1195,4,5,4,4,5,4,5,5,3,5,5,5,5,4.54,0,0,TRUE
Female,Disloyal Customer,21,Business Travel,Eco,264,4,0,4,1,1,4,1,1,4,5,2,5,1,2.54,0,0,TRUE
Female,Loyal Customer,56,Personal Travel,Eco,77,2,5,2,2,5,5,4,2,2,2,2,4,5,3.23,0,0,FALSE
Male,Loyal Customer,32,Business Travel,Business,1544,5,5,5,5,2,2,2,2,3,3,3,1,2,3.08,0,0,TRUE
Female,Loyal Customer,22,Business Travel,Business,449,5,5,5,5,4,4,4,4,4,4,5,3,4,4.31,0,14,TRUE
Female,Disloyal Customer,21,Business Travel,Eco,1362,3,3,3,3,4,3,4,4,3,3,5,2,4,3.38,0,2,FALSE
Male,Disloyal Customer,25,Business Travel,Business,331,4,5,4,1,5,4,5,5,3,5,4,3,5,4.08,0,2,FALSE
Female,Loyal Customer,30,Business Travel,Business,1131,4,4,4,4,5,5,5,4,1,3,2,5,5,3.92,231,268,TRUE
Female,Loyal Customer,57,Business Travel,Business,1127,2,2,2,2,3,5,5,4,4,4,4,5,3,3.46,58,54,TRUE
Male,Loyal Customer,40,Business Travel,Business,1879,5,5,5,5,4,5,5,2,2,2,2,3,5,3.85,0,0,TRUE
Male,Loyal Customer,38,Business Travel,Business,564,1,2,2,2,5,4,4,1,1,1,1,1,4,2.23,0,0,FALSE
Female,Loyal Customer,56,Business Travel,Business,1222,4,2,2,2,3,3,2,4,4,4,4,4,1,3,0,0,FALSE
Female,Disloyal Customer,28,Business Travel,Business,448,1,1,1,4,3,1,3,3,5,4,4,3,3,2.77,9,6,FALSE
Female,Loyal Customer,29,Business Travel,Business,991,1,1,1,1,4,4,4,4,4,1,4,2,4,2.69,0,0,TRUE
Male,Loyal Customer,51,Business Travel,Business,1731,3,3,4,3,3,5,4,5,5,5,5,3,5,4.08,0,0,TRUE
Female,Loyal Customer,46,Business Travel,Eco Plus,645,5,2,2,2,3,4,4,5,5,5,5,4,2,3.69,0,0,TRUE
Male,Loyal Customer,48,Business Travel,Business,3175,1,2,2,2,5,3,4,1,1,1,1,3,2,2.15,0,0,FALSE
Female,Disloyal Customer,39,Business Travel,Eco Plus,488,1,1,1,3,2,1,2,2,1,2,3,4,2,1.92,9,11,FALSE
Male,Loyal Customer,47,Business Travel,Business,3318,5,5,5,5,4,5,5,3,3,4,4,5,5,4.46,0,0,TRUE
Male,Loyal Customer,70,Business Travel,Business,3768,2,3,3,3,3,3,2,2,2,2,2,4,3,2.62,0,8,FALSE
Male,Loyal Customer,60,Business Travel,Eco,158,2,4,4,4,2,2,2,2,1,2,2,3,2,2.46,26,20,FALSE
Male,Disloyal Customer,17,Business Travel,Business,2239,5,3,5,5,1,5,1,1,4,5,4,4,1,3.38,0,0,TRUE
Female,Loyal Customer,36,Personal Travel,Eco,978,2,5,3,1,3,3,2,3,4,4,5,4,3,3.23,37,37,FALSE
Male,Loyal Customer,27,Business Travel,Business,1674,3,3,3,3,4,4,4,4,4,1,3,4,4,3.38,0,0,TRUE
Female,Loyal Customer,45,Personal Travel,Eco,2139,0,4,0,1,2,5,5,1,1,0,1,5,4,2.23,0,0,TRUE
Female,Loyal Customer,46,Business Travel,Business,3455,3,3,3,3,5,4,4,4,4,4,4,4,3,3.69,17,0,TRUE
Male,Loyal Customer,54,Personal Travel,Eco,1183,3,4,3,4,4,3,4,4,4,5,4,4,4,3.85,17,16,FALSE
Female,Loyal Customer,60,Personal Travel,Eco,1072,3,1,3,1,2,2,1,5,5,3,5,2,4,2.85,49,36,FALSE
Female,Loyal Customer,22,Personal Travel,Eco,248,0,5,0,3,4,0,4,4,3,3,4,5,4,3,6,5,TRUE
Male,Loyal Customer,50,Business Travel,Eco,529,3,2,3,3,2,3,2,2,1,2,2,3,2,2.31,0,0,FALSE
Female,Loyal Customer,13,Personal Travel,Eco,874,2,2,2,4,2,2,2,2,2,1,3,3,2,2.23,4,0,FALSE
Female,Loyal Customer,50,Business Travel,Eco,1012,3,1,1,1,2,4,4,3,3,3,3,1,4,2.54,128,121,FALSE
Female,Loyal Customer,43,Business Travel,Eco,972,1,2,2,2,4,3,3,1,1,1,1,4,3,2.15,7,17,FALSE
Male,Loyal Customer,25,Business Travel,Eco,817,4,3,3,3,4,4,3,4,4,4,2,5,4,3.62,0,0,TRUE
Female,Loyal Customer,45,Personal Travel,Eco,954,3,4,4,3,5,4,5,2,2,4,2,3,4,3.46,0,1,FALSE
Male,Loyal Customer,29,Business Travel,Business,3382,4,4,4,4,5,5,5,5,3,5,5,3,5,4.38,19,7,TRUE
Male,Loyal Customer,53,Personal Travel,Eco,214,2,4,2,3,1,2,1,1,3,5,5,4,1,2.62,3,0,FALSE
Male,Disloyal Customer,23,Business Travel,Eco,562,3,0,4,3,4,4,4,4,5,5,4,5,4,3.77,12,11,FALSE
Male,Disloyal Customer,35,Business Travel,Business,1084,4,5,5,2,4,5,2,4,5,3,5,4,4,4,0,0,FALSE
Male,Loyal Customer,39,Business Travel,Business,1614,2,2,2,2,5,5,5,4,4,4,4,3,3,3.46,17,0,TRUE
Female,Loyal Customer,46,Business Travel,Business,1739,1,1,1,1,2,4,5,5,5,5,5,4,4,3.31,34,96,TRUE
Female,Disloyal Customer,39,Business Travel,Business,417,5,0,0,5,5,0,5,5,4,3,5,4,5,3.54,2,0,TRUE
Female,Loyal Customer,53,Business Travel,Business,304,5,5,5,5,5,4,4,5,5,5,5,3,5,4.69,3,0,TRUE
Male,Loyal Customer,63,Business Travel,Business,2441,4,4,4,4,2,1,4,5,5,5,5,1,3,3.62,32,22,TRUE
Male,Loyal Customer,43,Business Travel,Business,862,3,3,3,3,2,5,4,4,4,5,4,3,3,3.54,9,12,TRUE
Female,Loyal Customer,61,Business Travel,Business,231,4,4,5,4,5,5,5,5,2,5,2,5,5,4.31,172,168,TRUE
Female,Loyal Customer,52,Business Travel,Business,2853,5,5,2,5,3,5,4,3,3,3,3,5,3,3.77,0,0,TRUE
Female,Disloyal Customer,27,Business Travel,Eco,643,2,0,2,2,3,2,3,3,4,3,3,1,3,2.38,0,0,FALSE
Female,Loyal Customer,34,Business Travel,Business,1975,2,2,2,2,3,4,4,2,2,2,2,1,3,2.38,0,0,FALSE
Female,Loyal Customer,49,Business Travel,Business,2342,2,2,2,2,5,3,5,5,5,5,5,4,5,3.85,0,10,TRUE
Female,Loyal Customer,50,Business Travel,Business,2125,5,4,5,5,5,5,4,3,3,4,3,4,3,4.08,3,0,TRUE
Male,Loyal Customer,33,Business Travel,Business,696,2,1,2,1,2,3,2,2,3,5,2,1,2,2.15,11,5,FALSE
Male,Loyal Customer,30,Personal Travel,Eco,1660,2,3,1,3,2,1,2,2,2,2,3,4,2,2.23,0,12,FALSE
Female,Loyal Customer,43,Business Travel,Business,1747,2,2,2,2,5,3,4,4,4,4,4,5,3,3.38,1,0,TRUE
Female,Loyal Customer,61,Personal Travel,Eco,853,1,5,1,3,3,4,4,2,2,1,2,3,5,2.77,0,0,FALSE
Female,Loyal Customer,57,Business Travel,Business,3032,1,1,1,1,5,4,4,5,5,5,5,3,3,3.31,18,18,TRUE
Female,Loyal Customer,12,Personal Travel,Eco,726,1,3,1,3,3,1,3,3,5,4,5,4,3,3,0,0,FALSE
Female,Disloyal Customer,30,Business Travel,Business,493,4,4,4,1,1,4,1,1,2,2,1,2,1,2.15,0,0,FALSE
Male,Loyal Customer,33,Business Travel,Business,3217,3,3,2,3,4,5,4,4,3,3,4,5,4,3.62,0,0,TRUE
Female,Loyal Customer,44,Business Travel,Business,1166,3,3,3,3,2,4,5,4,4,4,4,5,4,3.69,5,27,TRUE
Male,Disloyal Customer,23,Business Travel,Eco,972,1,1,1,1,4,1,1,4,4,2,5,3,4,2.46,37,49,FALSE
Female,Loyal Customer,49,Business Travel,Business,2023,3,5,5,5,3,3,4,3,3,3,3,2,3,3.46,0,19,FALSE
Male,Disloyal Customer,23,Business Travel,Eco,554,1,2,2,4,5,2,5,5,3,5,3,1,5,3.31,0,0,FALSE
Male,Loyal Customer,58,Business Travel,Business,337,2,2,2,2,5,4,5,5,5,5,5,3,3,3.69,0,28,TRUE
Female,Loyal Customer,31,Business Travel,Business,2788,3,3,2,3,5,5,5,5,3,2,4,4,5,3.77,0,5,TRUE
Female,Loyal Customer,30,Business Travel,Business,110,0,5,0,4,4,4,4,4,3,3,1,5,4,3.15,0,3,TRUE
Male,Disloyal Customer,33,Business Travel,Eco,432,2,0,2,2,1,2,1,1,4,2,2,3,1,1.77,0,0,FALSE
Male,Loyal Customer,60,Personal Travel,Eco,158,0,4,0,3,2,0,2,2,3,4,5,4,2,2.38,0,5,TRUE
Male,Loyal Customer,19,Business Travel,Business,1787,2,5,5,5,2,2,2,2,4,2,4,3,2,3.08,0,0,FALSE
Female,Loyal Customer,51,Business Travel,Business,158,4,4,4,4,3,4,5,5,5,5,5,3,3,4.15,0,0,TRUE
Male,Loyal Customer,47,Business Travel,Business,1833,4,4,4,4,3,4,5,4,4,5,4,4,5,4.15,2,0,TRUE
Male,Disloyal Customer,22,Business Travel,Eco,481,1,0,1,2,4,1,4,4,4,2,4,4,4,2.69,0,0,FALSE
Female,Loyal Customer,55,Business Travel,Business,1535,3,5,3,3,2,4,5,4,4,4,4,5,3,3.77,0,0,TRUE
Male,Loyal Customer,42,Business Travel,Business,2023,3,3,3,3,4,4,4,3,3,3,3,1,4,3.15,51,51,FALSE
Male,Loyal Customer,49,Personal Travel,Eco,680,2,5,2,1,5,2,5,5,3,3,5,3,5,3.54,0,0,FALSE
Female,Loyal Customer,20,Personal Travel,Eco,964,4,5,4,3,2,4,2,2,4,5,5,4,2,3.54,0,0,FALSE
Male,Loyal Customer,43,Business Travel,Business,2018,3,2,2,2,4,4,4,3,3,3,3,2,1,2.77,0,0,FALSE
Male,Loyal Customer,47,Personal Travel,Eco,550,4,0,4,1,4,4,4,4,3,3,5,3,4,3.31,0,0,TRUE
Female,Loyal Customer,32,Business Travel,Business,2253,4,4,5,4,5,5,5,5,5,5,4,3,5,4.54,0,26,TRUE
Female,Loyal Customer,17,Business Travel,Business,2576,5,1,5,5,4,4,4,4,3,3,5,5,4,4,0,0,TRUE
Male,Loyal Customer,63,Personal Travel,Eco Plus,1189,1,4,2,3,3,2,3,3,3,4,5,3,3,3,16,6,FALSE
Male,Loyal Customer,26,Personal Travel,Eco,391,3,5,3,3,2,3,2,2,5,5,3,3,2,3.15,4,0,FALSE
Male,Disloyal Customer,21,Business Travel,Eco,737,2,2,2,2,1,2,1,1,3,2,3,4,1,2,10,29,FALSE
Male,Loyal Customer,40,Business Travel,Business,2561,2,2,2,2,3,4,5,4,4,4,4,5,3,3.38,0,0,TRUE
Female,Loyal Customer,23,Business Travel,Business,1947,1,1,1,1,5,5,5,5,5,5,4,3,5,3.54,96,92,TRUE
Female,Loyal Customer,54,Business Travel,Business,3295,3,3,3,3,4,4,5,5,5,5,5,3,5,4.08,3,0,TRUE
Male,Loyal Customer,16,Personal Travel,Eco,1846,3,4,3,4,4,3,4,4,4,2,3,4,4,3.54,37,17,FALSE
Male,Loyal Customer,26,Business Travel,Business,3454,2,2,2,2,2,2,2,2,2,3,2,3,2,2.15,2,24,FALSE
Male,Loyal Customer,13,Personal Travel,Eco,985,1,4,1,5,4,1,3,4,5,3,5,5,4,3.46,0,0,FALSE
Male,Disloyal Customer,41,Business Travel,Eco,637,3,0,2,4,5,2,5,5,4,4,3,1,5,3.31,0,0,FALSE
Male,Disloyal Customer,29,Business Travel,Business,980,4,4,4,5,1,4,1,1,5,3,4,4,1,3.15,0,0,TRUE
Female,Disloyal Customer,29,Business Travel,Eco,502,2,3,1,3,1,1,1,1,4,5,3,3,1,2.23,38,41,FALSE
Male,Loyal Customer,52,Business Travel,Business,2861,4,4,4,4,4,4,5,3,3,3,3,4,5,3.85,0,0,TRUE
Male,Loyal Customer,29,Personal Travel,Eco,1061,3,5,3,3,1,3,1,1,5,2,5,5,1,2.92,0,0,FALSE
Male,Disloyal Customer,24,Business Travel,Eco,113,5,0,4,1,5,4,5,5,4,4,4,5,5,3.92,30,37,TRUE
Female,Loyal Customer,51,Business Travel,Business,3364,1,1,1,1,4,4,5,5,5,5,5,3,4,3.38,0,0,TRUE
Female,Loyal Customer,29,Personal Travel,Eco,991,1,1,1,2,5,1,5,5,3,4,2,2,5,2.85,0,0,FALSE
Male,Loyal Customer,49,Business Travel,Eco Plus,622,5,2,2,2,5,5,5,5,1,5,1,2,5,3.46,4,11,TRUE
Male,Loyal Customer,25,Business Travel,Eco,622,2,3,3,3,2,2,3,2,3,4,4,2,2,2.69,0,24,FALSE
Male,Loyal Customer,52,Personal Travel,Business,468,3,5,3,3,2,5,5,5,5,3,5,4,3,3.92,0,0,FALSE
Male,Loyal Customer,68,Personal Travel,Eco,1075,1,4,0,3,2,0,2,2,3,1,3,3,2,2,2,0,FALSE
Male,Loyal Customer,54,Business Travel,Business,469,1,1,1,1,4,5,4,4,4,4,4,5,3,3.15,0,0,TRUE
Female,Loyal Customer,28,Personal Travel,Business,710,4,5,4,4,2,4,1,2,3,4,4,3,2,3.23,0,0,FALSE
Female,Loyal Customer,58,Business Travel,Business,3585,5,5,5,5,5,5,5,2,2,2,2,4,4,3.92,0,0,TRUE
Female,Disloyal Customer,17,Business Travel,Eco,130,0,0,0,3,5,0,5,5,4,5,4,4,5,3.08,0,0,TRUE
Female,Loyal Customer,60,Business Travel,Business,1107,5,5,5,5,4,4,4,5,5,5,5,3,5,4.62,80,83,TRUE
Female,Loyal Customer,59,Personal Travel,Eco,1744,1,1,1,2,4,2,3,2,2,1,5,2,1,2.08,5,0,FALSE
Female,Loyal Customer,45,Business Travel,Business,1823,4,4,4,4,5,5,5,5,5,5,5,3,5,4.54,0,0,TRUE
Female,Loyal Customer,24,Business Travel,Eco,650,2,2,2,2,2,3,3,2,2,2,3,1,2,2.15,0,6,FALSE
Female,Loyal Customer,49,Business Travel,Business,3797,3,2,2,2,5,3,3,3,3,3,3,4,2,2.92,2,2,FALSE
Female,Loyal Customer,50,Business Travel,Business,1237,3,3,3,3,3,4,4,5,5,5,5,4,4,3.92,0,0,TRUE
Male,Loyal Customer,27,Business Travel,Business,1452,1,1,5,1,2,2,2,2,2,4,2,2,2,2.15,99,89,TRUE
Female,Loyal Customer,36,Business Travel,Business,3131,4,4,4,4,4,4,4,5,5,5,5,3,4,4.23,41,116,TRUE
Female,Disloyal Customer,23,Business Travel,Business,468,0,4,0,1,2,0,2,2,3,3,5,4,2,2.15,0,1,TRUE
Female,Loyal Customer,41,Personal Travel,Eco,315,4,1,2,2,3,2,3,3,4,3,2,3,3,2.69,8,0,TRUE
Male,Loyal Customer,35,Business Travel,Business,2381,2,2,2,2,2,2,3,4,4,5,4,2,4,2.92,0,0,TRUE
Male,Loyal Customer,41,Business Travel,Business,1501,1,1,1,1,3,5,4,5,5,5,5,4,3,3.31,5,33,TRUE
Female,Loyal Customer,46,Business Travel,Business,1050,3,3,3,3,5,5,5,4,4,4,4,5,3,3.92,27,53,TRUE
Male,Loyal Customer,55,Business Travel,Business,3267,3,3,3,3,4,4,4,4,4,4,4,2,4,3.54,0,0,TRUE
Female,Loyal Customer,13,Personal Travel,Business,1411,2,2,2,3,5,2,5,5,4,5,3,4,5,3.62,5,12,FALSE
Male,Loyal Customer,41,Business Travel,Business,3594,1,1,1,1,2,5,2,5,5,5,5,2,1,2.77,0,0,TRUE
Female,Loyal Customer,62,Personal Travel,Eco Plus,761,3,5,3,1,2,5,5,3,3,3,2,4,5,3.38,105,117,FALSE
Male,Disloyal Customer,50,Business Travel,Eco,575,3,3,3,4,4,3,4,4,5,3,4,2,4,3.54,6,0,FALSE
Male,Loyal Customer,13,Personal Travel,Eco,2300,5,5,4,4,3,4,3,3,4,5,4,3,3,3.85,2,0,TRUE
Male,Loyal Customer,21,Personal Travel,Business,101,2,4,2,2,1,2,1,1,2,2,5,2,1,2.08,0,0,FALSE
Male,Loyal Customer,55,Personal Travel,Eco,237,4,5,4,3,4,4,2,4,5,4,5,4,4,4,10,0,FALSE
Male,Loyal Customer,46,Business Travel,Business,1660,2,5,5,5,5,3,4,2,2,2,2,2,4,3.31,0,0,FALSE
Male,Loyal Customer,28,Business Travel,Business,2024,4,4,2,4,5,5,5,5,2,5,2,3,5,3.92,0,0,TRUE
Female,Loyal Customer,42,Business Travel,Eco,235,3,5,5,5,3,4,4,3,3,3,3,3,2,3.54,0,8,FALSE
Female,Loyal Customer,11,Personal Travel,Eco,214,5,0,5,4,4,5,4,4,4,3,4,4,4,3.85,0,0,TRUE
Male,Loyal Customer,27,Personal Travel,Eco,594,1,4,2,3,5,2,5,5,2,1,1,5,5,3.15,0,0,FALSE
Male,Loyal Customer,40,Personal Travel,Eco,129,1,0,1,1,1,1,1,1,4,5,5,4,1,2,0,1,FALSE
Female,Loyal Customer,41,Business Travel,Business,3380,3,3,3,3,5,4,4,4,4,4,4,5,5,3.92,28,32,TRUE
Male,Loyal Customer,62,Personal Travel,Eco Plus,315,2,4,2,5,4,2,4,4,5,2,4,5,4,3.62,11,6,FALSE
Female,Disloyal Customer,35,Business Travel,Business,337,2,1,1,2,2,1,2,2,3,2,4,4,2,2.15,61,53,FALSE
Female,Disloyal Customer,30,Business Travel,Business,1514,4,4,4,4,2,4,5,2,3,4,5,3,2,3.54,0,0,TRUE
Female,Loyal Customer,54,Business Travel,Business,2936,3,3,3,3,5,3,1,5,5,5,5,3,4,3.69,0,0,TRUE
Female,Loyal Customer,38,Business Travel,Eco,169,5,2,2,2,5,5,5,5,2,4,1,5,5,3.69,0,0,TRUE
Female,Loyal Customer,36,Business Travel,Eco,1075,2,5,5,5,2,2,2,2,5,1,4,1,2,2.92,0,0,TRUE
Male,Loyal Customer,63,Personal Travel,Eco,516,4,4,3,3,3,3,5,3,4,4,4,3,3,3.54,3,0,FALSE
Male,Loyal Customer,59,Business Travel,Business,2268,5,5,5,5,5,1,2,4,4,4,4,5,2,3.92,87,85,TRUE
Female,Disloyal Customer,36,Business Travel,Business,1846,2,2,2,4,4,2,4,4,3,2,3,3,4,3,2,15,FALSE
Male,Loyal Customer,12,Business Travel,Eco,1189,4,1,1,1,4,4,3,4,4,4,4,1,4,3,0,0,FALSE
Male,Disloyal Customer,25,Business Travel,Eco,399,2,0,2,1,5,2,3,5,3,4,2,2,5,2.77,0,0,FALSE
Female,Loyal Customer,35,Business Travel,Business,1488,4,4,4,4,3,4,5,5,5,5,5,4,5,4.38,2,0,TRUE
Female,Disloyal Customer,18,Business Travel,Business,979,4,0,4,3,2,4,5,2,3,4,4,5,2,3.23,29,21,TRUE
Female,Disloyal Customer,39,Business Travel,Business,907,5,5,5,2,5,5,5,5,4,5,4,4,5,4.54,0,0,TRUE
Female,Loyal Customer,25,Business Travel,Business,733,4,4,4,4,5,5,5,5,4,3,4,4,5,4.31,0,0,TRUE
Female,Loyal Customer,44,Business Travel,Eco,680,3,5,1,5,3,1,3,3,3,3,3,4,4,3.15,0,0,TRUE
Male,Disloyal Customer,24,Business Travel,Eco,141,1,4,1,1,4,1,4,4,2,4,5,2,4,2.85,0,0,FALSE
Female,Loyal Customer,40,Business Travel,Business,3821,4,4,4,4,5,5,5,3,3,3,3,4,3,3.85,0,4,TRUE
Female,Loyal Customer,10,Personal Travel,Eco,425,5,0,5,2,4,5,4,4,4,5,5,5,4,4,0,0,TRUE
Female,Loyal Customer,45,Personal Travel,Eco,335,5,5,5,3,3,4,4,2,2,5,2,4,5,3.77,0,0,TRUE
Female,Disloyal Customer,30,Business Travel,Business,832,4,3,3,4,2,3,2,2,4,2,4,4,2,3,0,0,TRUE
Female,Loyal Customer,13,Personal Travel,Eco,151,2,5,2,4,5,2,5,5,3,4,4,3,5,3.77,0,0,FALSE
Female,Loyal Customer,70,Personal Travel,Eco,101,2,5,2,5,3,5,3,3,3,2,3,1,2,3,0,0,FALSE
Male,Loyal Customer,60,Personal Travel,Eco,657,3,5,3,4,1,3,1,1,3,2,5,3,1,2.69,0,0,FALSE
Male,Loyal Customer,70,Personal Travel,Eco,533,3,4,3,5,3,3,3,3,3,4,5,5,3,3.62,0,0,FALSE
Male,Loyal Customer,47,Business Travel,Business,1276,5,5,5,5,5,5,5,4,4,4,4,5,5,4.69,0,7,TRUE
Female,Loyal Customer,40,Business Travel,Business,1612,4,4,2,4,4,4,4,4,4,5,4,3,3,3.77,1,1,TRUE
Female,Loyal Customer,46,Business Travel,Eco,399,2,2,2,2,1,2,3,2,2,2,2,4,2,2.15,0,0,TRUE
Male,Loyal Customer,44,Business Travel,Business,2950,3,1,1,1,4,3,3,3,3,3,3,3,2,2.54,2,3,FALSE
Female,Loyal Customer,32,Business Travel,Business,1763,2,2,2,2,4,4,4,4,3,2,5,4,4,3.23,0,0,TRUE
Female,Loyal Customer,40,Business Travel,Business,328,0,0,0,3,3,5,4,2,2,2,2,5,3,2.38,16,16,TRUE
Female,Loyal Customer,27,Personal Travel,Eco,1521,3,1,3,4,3,3,3,3,4,3,2,1,3,2.77,44,36,FALSE
Female,Loyal Customer,27,Business Travel,Eco,270,4,2,2,2,4,4,4,4,2,3,2,2,4,3,0,17,TRUE
Female,Disloyal Customer,24,Business Travel,Eco,1265,3,3,3,2,5,3,4,5,5,5,5,5,5,4.08,4,29,FALSE
Male,Disloyal Customer,39,Business Travel,Business,888,1,1,1,1,5,1,5,5,5,3,4,5,5,3.23,0,4,FALSE
Female,Loyal Customer,50,Business Travel,Eco,1013,2,3,5,3,2,2,1,2,2,2,2,3,5,2.62,0,3,TRUE
Female,Loyal Customer,29,Personal Travel,Eco,788,2,5,1,1,5,1,5,5,5,3,5,4,5,3.62,31,24,FALSE
Female,Loyal Customer,49,Business Travel,Eco,391,5,4,4,4,4,1,1,5,5,5,5,4,3,3.85,6,0,TRUE
Female,Loyal Customer,41,Business Travel,Eco,948,2,2,2,2,2,2,2,2,1,1,3,1,2,1.85,74,55,FALSE
Male,Loyal Customer,10,Personal Travel,Eco,489,2,5,2,3,1,2,1,1,5,2,3,1,1,2.23,0,6,FALSE
Male,Loyal Customer,31,Business Travel,Eco,157,3,1,1,1,3,3,3,3,1,4,2,4,3,2.46,9,10,FALSE
Female,Disloyal Customer,39,Business Travel,Business,510,5,5,5,1,4,5,4,4,3,5,4,5,4,4.15,0,0,TRUE
Female,Loyal Customer,37,Personal Travel,Eco,862,3,4,3,1,4,3,4,4,4,4,2,3,4,3.31,0,0,FALSE
Male,Loyal Customer,57,Business Travel,Business,2174,4,4,4,4,4,5,4,2,2,2,2,3,5,3.46,8,0,TRUE
Male,Loyal Customer,50,Business Travel,Eco,1075,2,3,3,3,2,1,1,4,4,4,4,1,1,2.54,172,154,FALSE
Male,Loyal Customer,41,Business Travel,Business,1372,2,2,2,2,3,5,4,3,3,4,3,5,4,3.23,6,0,TRUE
Male,Loyal Customer,37,Business Travel,Eco,102,4,1,1,1,4,4,4,4,3,1,3,3,4,2.85,0,8,TRUE
Male,Disloyal Customer,21,Business Travel,Eco,1167,2,2,2,3,5,2,5,5,4,4,4,5,5,3.69,0,0,TRUE
Male,Loyal Customer,33,Business Travel,Eco Plus,196,0,0,0,4,1,0,1,1,2,5,2,5,1,1.69,0,0,TRUE
Male,Disloyal Customer,27,Business Travel,Eco,727,2,2,2,5,4,2,4,4,1,2,5,3,4,3.08,0,0,FALSE
Male,Disloyal Customer,23,Business Travel,Eco,647,3,3,3,3,5,3,5,5,3,4,3,4,5,3.77,0,0,FALSE
Female,Loyal Customer,45,Business Travel,Business,2605,3,3,5,3,5,5,4,4,4,4,4,3,4,3.92,0,0,TRUE
Female,Loyal Customer,25,Business Travel,Business,1793,3,3,3,3,5,4,5,5,3,1,2,3,5,3.46,0,1,TRUE
Male,Disloyal Customer,9,Business Travel,Eco,936,4,4,4,3,3,4,3,3,1,2,3,2,3,3,7,30,FALSE
Male,Loyal Customer,9,Personal Travel,Eco,515,3,4,3,4,5,3,5,5,4,3,4,4,5,4,0,0,FALSE
Female,Disloyal Customer,36,Business Travel,Eco,395,1,2,1,3,3,1,3,3,3,5,3,4,3,2.69,12,21,FALSE
Female,Loyal Customer,57,Business Travel,Business,604,1,1,1,1,3,4,4,5,5,5,5,5,3,3.31,30,30,TRUE
Female,Disloyal Customer,26,Business Travel,Eco,1026,2,2,2,2,2,5,5,3,2,2,4,5,5,3.15,0,0,FALSE
Male,Loyal Customer,39,Business Travel,Business,328,1,1,1,1,4,4,4,5,5,4,5,3,4,3.23,0,0,TRUE
Female,Loyal Customer,45,Business Travel,Business,3948,1,1,1,1,5,4,4,5,5,5,5,3,5,3.46,0,0,TRUE
Female,Loyal Customer,55,Business Travel,Business,200,1,1,1,1,4,3,4,4,4,4,5,3,3,2.92,37,31,TRUE
Female,Disloyal Customer,23,Business Travel,Eco,543,1,0,1,4,1,1,1,1,4,5,5,4,1,2.23,11,8,FALSE
Female,Disloyal Customer,23,Business Travel,Business,265,0,0,0,5,3,0,1,3,3,2,5,4,3,2.23,0,0,TRUE
Male,Loyal Customer,56,Business Travel,Eco,174,5,5,5,5,5,5,5,5,4,4,2,2,5,4.38,0,1,TRUE
Male,Loyal Customer,47,Business Travel,Business,404,1,1,1,1,4,4,5,2,2,2,2,3,5,2.54,0,0,TRUE
Female,Loyal Customer,34,Personal Travel,Eco,356,2,4,2,4,1,2,1,1,3,4,4,3,1,2.46,14,34,FALSE
Female,Loyal Customer,9,Business Travel,Business,2672,3,4,4,4,3,3,3,3,4,1,4,2,3,3.15,19,12,FALSE
Male,Disloyal Customer,36,Business Travel,Business,1076,2,2,2,1,4,2,4,4,3,4,5,4,4,3.15,83,67,FALSE
Male,Disloyal Customer,26,Business Travel,Eco,383,2,2,2,3,2,2,2,2,3,4,3,1,2,2.31,0,0,FALSE
Female,Loyal Customer,20,Personal Travel,Eco,113,1,2,1,3,3,1,3,3,2,5,3,3,3,2.54,0,0,FALSE
Female,Loyal Customer,47,Personal Travel,Eco,284,1,5,1,2,4,4,4,5,5,1,5,4,3,3.38,3,1,FALSE
Female,Loyal Customer,41,Business Travel,Eco Plus,1299,2,4,4,4,2,4,3,2,2,2,2,3,3,2.85,0,0,FALSE
Male,Loyal Customer,31,Personal Travel,Eco,265,3,5,3,4,4,3,4,4,3,2,5,4,4,3.69,0,0,FALSE
Female,Loyal Customer,30,Personal Travel,Eco,1598,5,5,5,4,4,5,4,4,4,4,5,4,4,4.38,0,0,TRUE
Female,Loyal Customer,55,Business Travel,Business,2585,4,4,4,4,5,5,4,3,3,4,3,5,4,4,19,0,TRUE
Male,Loyal Customer,69,Business Travel,Eco Plus,239,3,4,4,4,3,3,3,3,3,4,3,4,3,3.38,18,1,TRUE
Female,Loyal Customer,51,Business Travel,Eco,655,2,5,5,5,5,3,3,2,2,2,2,4,1,3.15,0,0,FALSE
Male,Loyal Customer,60,Business Travel,Business,1703,2,4,4,4,4,3,4,2,2,2,2,2,1,2.77,6,42,FALSE
Male,Loyal Customer,55,Business Travel,Eco Plus,1009,1,3,3,3,1,1,1,1,3,5,3,1,1,2.08,0,0,FALSE
Male,Disloyal Customer,41,Business Travel,Eco,304,4,0,4,2,5,4,5,5,4,2,5,3,5,3.69,0,0,FALSE
Female,Loyal Customer,70,Business Travel,Business,2816,1,1,2,1,2,2,2,4,4,4,4,5,2,2.62,0,0,TRUE
Male,Loyal Customer,48,Business Travel,Business,895,3,3,3,3,4,5,4,5,5,5,5,5,5,4.23,0,0,TRUE
Male,Disloyal Customer,23,Business Travel,Eco,442,2,2,2,4,4,2,4,4,4,3,4,3,4,3.23,0,0,FALSE
Female,Loyal Customer,53,Business Travel,Business,374,3,1,1,1,2,3,4,3,3,3,3,4,3,2.62,0,7,FALSE
Female,Disloyal Customer,26,Business Travel,Eco,763,3,3,3,4,1,3,2,1,1,5,3,4,1,2.62,0,0,FALSE
Male,Loyal Customer,22,Personal Travel,Business,1069,2,5,2,2,4,2,4,4,4,3,4,5,4,3.46,0,0,FALSE
Male,Loyal Customer,54,Business Travel,Business,1866,0,0,0,3,3,4,5,4,4,1,1,5,3,2.54,6,0,TRUE
Female,Loyal Customer,9,Personal Travel,Eco,305,5,5,5,5,3,5,2,3,3,5,5,4,3,4.08,0,0,TRUE
Female,Disloyal Customer,22,Business Travel,Eco,598,2,5,2,2,4,2,4,4,3,3,3,2,4,3.08,0,0,FALSE
Female,Loyal Customer,50,Business Travel,Eco,1080,4,4,4,4,4,2,3,4,4,4,4,2,2,3.46,0,0,TRUE
Female,Disloyal Customer,40,Business Travel,Business,170,2,2,2,3,1,2,1,1,3,3,4,3,1,2.15,0,0,FALSE
Male,Loyal Customer,45,Personal Travel,Eco,373,2,4,2,3,4,2,4,4,2,1,4,2,4,2.92,0,0,FALSE
Male,Loyal Customer,49,Business Travel,Business,432,5,5,5,5,3,4,4,3,3,4,3,4,3,3.92,23,4,TRUE
Female,Loyal Customer,39,Business Travel,Business,3415,5,5,5,5,5,5,5,5,5,5,5,3,5,4.85,28,25,TRUE
Male,Loyal Customer,53,Business Travel,Business,361,3,2,2,2,1,3,3,3,3,3,3,4,2,2.62,19,24,FALSE
Female,Loyal Customer,14,Personal Travel,Eco Plus,834,3,5,3,4,3,3,3,3,5,5,4,3,3,3.62,2,4,FALSE
Female,Disloyal Customer,25,Business Travel,Business,495,5,3,5,3,1,5,1,1,4,2,4,3,1,2.92,5,0,TRUE
Female,Loyal Customer,55,Business Travel,Business,325,2,2,2,2,4,5,5,5,5,5,5,4,3,3.77,0,0,TRUE
Female,Loyal Customer,42,Business Travel,Business,2678,3,3,3,3,2,5,5,3,3,3,3,4,4,3.38,6,0,TRUE
Female,Loyal Customer,44,Business Travel,Eco,1119,3,4,2,4,1,3,3,3,3,3,3,1,4,2.85,0,48,FALSE
Female,Loyal Customer,51,Business Travel,Business,134,1,1,1,1,3,4,5,4,4,4,5,5,3,3.15,0,0,TRUE
Male,Loyal Customer,10,Personal Travel,Eco,646,3,4,3,3,2,3,2,2,3,2,1,2,2,2.46,93,88,FALSE
Female,Loyal Customer,47,Business Travel,Business,2946,3,3,3,3,2,5,5,2,2,3,2,4,3,3.08,0,0,TRUE
Female,Loyal Customer,13,Personal Travel,Eco,1065,5,5,5,1,5,5,5,5,3,2,4,3,5,4.08,0,0,TRUE
Female,Loyal Customer,42,Business Travel,Business,2408,1,1,1,1,5,5,4,5,5,5,5,5,3,3.54,5,0,TRUE
Male,Loyal Customer,66,Business Travel,Business,312,1,3,3,3,4,3,4,1,1,1,1,3,3,2.38,0,0,FALSE
Female,Loyal Customer,30,Business Travel,Business,1739,1,1,1,1,4,4,4,4,5,5,4,3,4,3.15,0,0,TRUE
Male,Loyal Customer,52,Business Travel,Business,1718,3,3,1,3,5,4,5,5,5,5,5,3,3,3.85,0,0,TRUE
Female,Loyal Customer,48,Business Travel,Business,3216,1,2,2,2,3,4,3,1,1,1,1,1,1,1.77,4,0,FALSE
Male,Loyal Customer,38,Business Travel,Business,3845,5,1,5,5,4,5,5,4,3,4,4,5,5,4.23,253,253,TRUE
Female,Loyal Customer,47,Business Travel,Business,3782,5,5,5,5,5,5,4,5,5,5,5,5,5,4.92,0,0,TRUE
Female,Disloyal Customer,23,Business Travel,Eco,964,4,4,4,5,2,4,2,2,2,4,4,2,2,3.15,0,0,TRUE
Male,Loyal Customer,70,Personal Travel,Eco,1428,2,4,2,4,5,2,5,5,4,3,5,4,5,3.85,0,0,FALSE
Female,Disloyal Customer,26,Business Travel,Business,2133,3,3,3,1,2,3,4,2,3,5,5,3,2,3,0,1,FALSE
Male,Loyal Customer,29,Business Travel,Business,1846,4,4,4,4,5,5,5,5,5,2,4,3,5,4.23,6,1,TRUE
Female,Loyal Customer,46,Personal Travel,Eco,152,3,4,3,4,3,4,4,4,4,3,4,4,3,3.62,0,0,FALSE
Male,Loyal Customer,33,Business Travel,Business,1847,3,3,3,3,4,4,4,4,3,3,4,5,4,3.62,9,0,TRUE
Male,Loyal Customer,25,Business Travel,Business,1519,4,4,4,4,4,4,4,4,3,3,4,4,4,3.85,0,0,TRUE
Female,Loyal Customer,48,Personal Travel,Eco,1124,4,5,4,2,4,4,5,2,2,4,2,4,4,3.54,0,2,TRUE
Male,Loyal Customer,28,Personal Travel,Eco,371,2,5,5,1,1,5,2,1,4,2,3,3,1,2.69,49,30,FALSE
Female,Loyal Customer,44,Personal Travel,Eco,153,2,4,2,3,5,5,4,5,5,2,4,4,5,3.85,0,0,FALSE
Male,Loyal Customer,42,Personal Travel,Eco,359,1,5,1,2,4,1,5,4,3,3,4,4,4,3.15,7,2,FALSE
Male,Loyal Customer,7,Personal Travel,Eco,985,3,4,2,4,2,2,2,2,3,3,5,3,2,2.85,42,47,FALSE
Male,Loyal Customer,27,Business Travel,Business,692,4,4,4,4,4,4,4,4,2,1,4,4,4,3.62,0,0,FALSE
Female,Loyal Customer,56,Business Travel,Business,370,4,4,4,4,2,2,2,5,5,5,5,5,3,3.85,7,6,TRUE
Male,Disloyal Customer,38,Business Travel,Business,1121,4,4,4,4,3,4,3,3,3,4,4,3,3,3.54,5,0,TRUE
Male,Loyal Customer,47,Personal Travel,Eco,2367,3,4,3,1,4,3,1,4,3,2,4,4,4,3.08,19,0,FALSE
Female,Disloyal Customer,23,Business Travel,Eco,1491,4,5,5,1,3,4,3,3,5,2,4,3,3,3.46,33,26,FALSE
Male,Loyal Customer,31,Personal Travel,Eco,226,3,4,3,1,2,3,2,2,4,2,5,4,2,2.85,18,14,FALSE
Male,Loyal Customer,32,Business Travel,Business,1740,2,2,2,2,4,4,4,4,4,5,5,4,4,3.54,0,0,TRUE
Female,Loyal Customer,39,Business Travel,Business,369,2,2,2,2,5,5,4,3,3,3,3,5,4,3.31,20,20,TRUE
Male,Loyal Customer,51,Business Travel,Business,3060,5,5,5,5,5,2,3,5,5,5,5,4,2,4.31,0,0,TRUE
Male,Disloyal Customer,71,Business Travel,Business,2330,4,4,4,2,5,4,1,5,4,2,5,5,5,3.85,4,5,TRUE
Male,Loyal Customer,51,Personal Travel,Eco,986,5,5,5,5,3,5,3,3,5,5,5,5,3,4.38,0,2,TRUE
Male,Loyal Customer,60,Business Travel,Business,2611,4,4,4,4,4,4,4,4,3,4,5,4,4,4,0,0,TRUE
Female,Loyal Customer,59,Personal Travel,Eco,869,3,1,3,1,1,1,1,3,3,3,3,2,1,2,16,12,FALSE
Male,Loyal Customer,46,Personal Travel,Eco,645,1,4,1,3,4,1,4,4,3,4,4,5,4,3.23,0,6,FALSE
Female,Loyal Customer,49,Business Travel,Business,3528,4,4,4,4,4,5,4,4,4,4,4,4,4,4.08,0,0,TRUE
Male,Disloyal Customer,45,Business Travel,Eco Plus,793,3,3,3,2,5,3,5,5,4,2,1,4,5,3.46,17,1,FALSE
Female,Loyal Customer,32,Personal Travel,Eco,822,1,5,1,4,2,1,2,2,4,4,4,3,2,2.69,21,34,FALSE
Male,Loyal Customer,53,Personal Travel,Eco,262,3,5,3,3,3,3,3,3,3,2,1,4,3,3,0,0,FALSE
Male,Loyal Customer,33,Business Travel,Eco Plus,353,0,0,0,4,5,0,5,5,1,4,4,3,5,2.77,0,0,TRUE
Male,Loyal Customer,14,Personal Travel,Eco,137,2,0,2,1,3,2,3,3,4,5,3,1,3,2.46,0,0,FALSE
Female,Loyal Customer,57,Business Travel,Business,630,4,4,4,4,3,5,5,3,3,3,3,3,5,3.77,0,0,TRUE
Male,Loyal Customer,54,Personal Travel,Eco,500,2,2,2,3,4,2,4,4,4,4,3,1,4,3,7,0,FALSE
Male,Loyal Customer,50,Personal Travel,Eco,1389,1,3,1,4,2,1,2,2,2,5,2,4,2,2.38,0,0,FALSE
Female,Loyal Customer,55,Personal Travel,Eco,2327,0,5,0,1,3,5,5,5,5,5,3,3,3,3.31,0,0,TRUE
Female,Disloyal Customer,26,Business Travel,Eco,834,2,2,2,1,5,2,5,5,2,3,1,1,5,2.77,0,0,FALSE
Female,Loyal Customer,42,Business Travel,Business,2773,2,2,2,2,5,4,5,5,5,5,5,4,4,3.85,0,0,TRUE
Female,Loyal Customer,52,Personal Travel,Eco,304,2,5,2,4,5,4,4,4,4,2,4,5,4,3.77,42,50,FALSE
Male,Loyal Customer,51,Business Travel,Eco,588,5,2,2,2,5,5,5,5,4,2,4,3,5,3.77,0,0,TRUE
Female,Loyal Customer,40,Business Travel,Business,516,5,5,5,5,3,5,4,4,4,4,4,4,5,4.38,0,1,TRUE
Female,Loyal Customer,42,Business Travel,Business,2454,2,2,2,2,4,4,5,5,5,5,5,4,3,3.69,0,0,TRUE
Male,Loyal Customer,30,Business Travel,Business,704,3,3,3,3,5,5,5,5,4,2,4,5,5,4,17,0,TRUE
Female,Loyal Customer,56,Business Travel,Business,373,1,1,1,1,2,5,5,5,5,5,5,5,5,3.54,3,4,TRUE
Male,Loyal Customer,60,Business Travel,Eco,705,4,2,2,2,4,4,4,4,2,2,4,2,4,3.08,0,0,FALSE
Female,Loyal Customer,52,Business Travel,Business,3772,3,2,2,2,3,3,3,3,3,3,3,1,3,2.62,0,0,FALSE
Male,Loyal Customer,28,Business Travel,Eco,2329,4,3,5,3,4,4,4,4,3,2,3,3,4,3.54,0,15,TRUE
Male,Loyal Customer,59,Business Travel,Business,594,2,2,2,2,4,5,5,4,4,4,4,3,3,3.38,0,0,TRUE
Male,Loyal Customer,39,Business Travel,Business,1258,2,1,1,1,3,4,4,2,2,1,2,3,3,2.23,125,128,FALSE
Female,Disloyal Customer,28,Business Travel,Eco,925,3,3,3,4,3,3,3,3,1,1,3,4,3,2.85,96,90,FALSE
Female,Loyal Customer,41,Business Travel,Eco,271,4,5,5,5,4,4,4,4,1,5,3,1,4,3.77,1,0,FALSE
Male,Disloyal Customer,17,Business Travel,Eco,296,3,3,3,2,5,3,5,5,1,4,3,4,5,3.54,0,0,FALSE
Female,Disloyal Customer,23,Business Travel,Business,235,0,0,0,2,2,0,2,2,5,3,4,5,2,2.08,0,0,TRUE
Male,Loyal Customer,33,Personal Travel,Eco,250,2,5,2,1,1,2,1,1,3,5,4,3,1,2.38,13,9,FALSE
Female,Loyal Customer,14,Personal Travel,Eco,1172,2,4,2,3,4,2,1,4,4,2,1,3,4,2.77,0,0,FALSE
Male,Loyal Customer,32,Business Travel,Eco,946,4,4,4,4,4,4,4,4,2,5,1,2,4,3.54,0,0,TRUE
Male,Disloyal Customer,24,Business Travel,Business,1020,4,0,5,2,1,5,1,1,3,5,5,3,1,2.77,0,0,TRUE
Male,Loyal Customer,28,Personal Travel,Eco,304,4,5,4,1,5,4,5,5,3,3,5,3,5,4,0,0,FALSE
Female,Disloyal Customer,23,Business Travel,Business,175,5,0,5,1,4,5,4,4,3,4,4,4,4,3.62,0,0,TRUE
Male,Loyal Customer,13,Personal Travel,Eco,229,3,2,3,4,4,3,4,4,1,2,4,1,4,3,127,108,FALSE
Male,Loyal Customer,49,Business Travel,Business,2580,5,5,5,5,5,5,4,3,3,4,3,5,4,4.31,0,0,TRUE
Female,Loyal Customer,33,Personal Travel,Eco Plus,377,2,3,2,4,5,2,5,5,1,1,3,1,5,3,37,17,FALSE
Female,Loyal Customer,18,Personal Travel,Eco,189,3,5,0,1,2,0,1,2,4,3,4,4,2,2.38,0,0,FALSE
Female,Loyal Customer,53,Business Travel,Business,628,3,3,3,3,4,4,5,4,4,4,4,3,5,3.77,12,6,TRUE
Female,Loyal Customer,45,Business Travel,Business,3083,1,1,4,1,2,5,5,4,4,4,4,4,4,3.31,30,18,TRUE
Male,Loyal Customer,54,Personal Travel,Eco,859,1,5,1,3,1,1,1,1,5,2,5,5,1,2.46,12,5,FALSE
Female,Loyal Customer,31,Personal Travel,Eco,762,2,5,1,4,1,1,1,1,4,3,4,4,1,2.46,0,9,FALSE
Female,Loyal Customer,45,Business Travel,Eco,499,4,2,2,2,2,3,3,4,4,4,4,4,4,3.23,0,12,FALSE
Female,Loyal Customer,49,Business Travel,Business,808,1,5,4,4,2,2,1,1,1,1,1,1,2,2,15,0,FALSE
Female,Loyal Customer,44,Business Travel,Business,1744,1,1,3,1,2,4,5,5,5,5,5,3,3,3.31,12,4,TRUE
Female,Loyal Customer,42,Business Travel,Business,2765,1,1,1,1,3,4,5,5,5,5,5,4,5,3.46,0,6,TRUE
Male,Loyal Customer,38,Personal Travel,Business,2239,1,4,1,3,3,4,4,3,3,1,1,4,3,2.69,60,37,FALSE
Male,Loyal Customer,19,Personal Travel,Eco,592,3,3,2,1,5,2,5,5,4,3,2,5,5,3.46,3,16,FALSE
Male,Loyal Customer,36,Business Travel,Business,764,3,3,3,3,3,4,3,3,3,3,3,2,2,2.92,13,15,FALSE
Female,Disloyal Customer,28,Business Travel,Business,2139,3,3,3,4,2,3,3,2,4,2,5,3,2,3,0,0,FALSE
Male,Loyal Customer,47,Business Travel,Business,1587,3,3,3,3,3,4,4,4,4,4,4,4,4,3.62,12,35,TRUE
Male,Loyal Customer,49,Business Travel,Business,2649,1,1,1,1,2,2,3,2,2,2,2,3,1,1.77,0,0,TRUE
Male,Loyal Customer,43,Business Travel,Business,2736,5,5,5,5,4,4,4,4,4,4,5,3,4,4.31,33,34,TRUE
Male,Loyal Customer,70,Personal Travel,Eco,1226,3,5,3,5,5,3,2,5,5,5,1,2,5,3.77,3,6,FALSE
Male,Loyal Customer,30,Business Travel,Business,3100,3,3,3,3,2,2,2,2,4,5,5,3,2,3,7,4,TRUE
Female,Loyal Customer,51,Business Travel,Business,957,4,4,4,4,5,4,5,4,4,4,4,4,4,4.15,0,0,TRUE
Female,Loyal Customer,45,Business Travel,Business,752,4,4,4,4,3,4,4,5,5,5,5,5,4,4.31,11,0,TRUE
Male,Loyal Customer,22,Business Travel,Eco,1999,3,1,1,1,3,3,4,3,2,2,2,4,3,2.46,0,10,FALSE
Female,Loyal Customer,52,Personal Travel,Eco,833,1,3,1,3,1,3,2,3,3,1,4,2,4,2.38,17,3,FALSE
Male,Loyal Customer,41,Business Travel,Business,868,2,2,2,2,5,4,5,5,5,5,5,4,4,3.85,0,0,TRUE
Male,Loyal Customer,69,Personal Travel,Eco,273,4,2,4,3,2,4,2,2,3,3,3,1,2,2.69,0,0,FALSE
Male,Loyal Customer,60,Business Travel,Business,2892,2,2,2,2,3,5,5,5,5,5,5,5,5,3.92,0,0,TRUE
Female,Disloyal Customer,39,Business Travel,Business,725,4,4,4,4,2,4,2,2,2,2,4,4,2,3.08,0,0,FALSE
Female,Loyal Customer,58,Personal Travel,Eco,239,3,4,3,3,4,5,4,3,3,3,3,4,3,3.46,0,0,FALSE
Male,Disloyal Customer,18,Business Travel,Eco,1072,3,3,3,3,3,3,4,3,5,5,1,5,3,3.38,6,0,FALSE
Male,Loyal Customer,52,Personal Travel,Eco,359,3,4,3,4,2,3,2,2,3,2,5,3,2,2.92,0,0,FALSE
Female,Disloyal Customer,36,Business Travel,Eco,624,2,2,2,4,5,2,3,5,2,1,3,2,5,2.92,0,15,FALSE
Female,Loyal Customer,61,Business Travel,Eco,416,2,2,2,2,3,4,3,2,2,2,2,4,3,2.54,0,0,TRUE
Male,Disloyal Customer,8,Business Travel,Eco,546,2,1,2,2,1,2,1,1,4,3,2,4,1,2,6,8,FALSE
Female,Disloyal Customer,29,Business Travel,Business,980,5,4,4,3,3,4,3,3,4,2,5,3,3,3.54,0,0,TRUE
Female,Loyal Customer,53,Personal Travel,Eco,545,1,4,1,5,2,5,5,3,3,1,3,5,4,3.23,0,0,FALSE
Female,Loyal Customer,39,Business Travel,Business,1107,4,4,4,4,3,4,4,5,5,5,5,3,2,4,0,0,TRUE
Female,Loyal Customer,60,Business Travel,Business,1372,3,1,3,3,1,3,3,3,3,3,3,3,3,2.69,0,0,FALSE
Female,Loyal Customer,17,Business Travel,Business,1860,5,5,2,5,3,3,3,3,2,1,4,4,3,3.31,3,0,TRUE
Male,Loyal Customer,14,Personal Travel,Eco,1089,4,4,4,4,3,4,3,3,3,4,3,2,3,3.38,26,18,FALSE
Male,Loyal Customer,39,Business Travel,Eco,1703,5,2,2,2,5,5,5,5,3,1,5,3,5,3.69,0,0,TRUE
Male,Loyal Customer,39,Business Travel,Business,359,1,1,2,1,5,5,5,4,4,4,4,3,4,3.31,0,2,TRUE
Male,Loyal Customer,53,Business Travel,Business,2218,3,2,2,2,5,2,4,3,3,3,3,2,2,2.77,0,0,FALSE
Male,Disloyal Customer,16,Business Travel,Eco,862,3,3,3,3,5,3,5,5,2,5,3,3,5,3.69,21,25,FALSE
Female,Loyal Customer,66,Personal Travel,Eco,338,2,5,5,4,5,4,5,5,5,5,5,5,5,4.62,46,41,FALSE
Male,Loyal Customer,39,Personal Travel,Eco,808,5,1,5,4,5,5,5,5,1,1,3,1,5,3.54,0,0,TRUE
Male,Loyal Customer,41,Business Travel,Business,2677,3,5,5,5,3,3,3,3,3,3,3,1,2,3.23,0,0,FALSE
Male,Loyal Customer,21,Personal Travel,Eco,544,3,4,1,4,3,1,2,3,4,3,3,4,3,2.92,0,0,FALSE
Female,Loyal Customer,9,Personal Travel,Business,1188,2,5,2,2,1,2,1,1,5,4,3,3,1,2.46,7,7,FALSE
Male,Loyal Customer,29,Personal Travel,Eco,1750,1,2,1,2,5,1,5,5,2,2,3,1,5,2.69,0,0,FALSE
Male,Loyal Customer,45,Business Travel,Eco Plus,554,3,2,2,2,3,3,3,3,1,5,4,4,3,2.92,1,0,FALSE
Female,Disloyal Customer,35,Business Travel,Eco,421,1,0,1,1,5,1,5,5,5,2,5,3,5,3,0,5,FALSE
Female,Loyal Customer,30,Personal Travel,Eco,744,2,2,2,3,4,2,3,4,3,3,3,1,4,2.77,0,0,FALSE
Female,Loyal Customer,49,Business Travel,Eco,632,4,2,2,2,4,1,1,4,4,4,4,3,3,2.92,0,0,TRUE
Male,Loyal Customer,64,Business Travel,Eco,229,1,3,4,3,1,1,1,1,2,5,2,1,1,2,115,123,FALSE
Female,Loyal Customer,41,Personal Travel,Eco,308,4,4,4,1,1,4,1,1,4,2,5,4,1,2.77,1,0,FALSE
Male,Disloyal Customer,18,Business Travel,Eco,449,4,4,4,4,2,4,2,2,4,2,3,2,2,3,11,3,FALSE
Female,Loyal Customer,46,Personal Travel,Eco,557,3,4,3,5,4,4,5,4,4,3,4,4,5,4,0,10,FALSE
Female,Loyal Customer,30,Business Travel,Eco,1250,4,2,2,2,4,4,4,4,3,3,2,2,4,3.08,18,8,TRUE
Female,Loyal Customer,40,Business Travel,Business,368,5,5,5,5,5,4,5,5,5,5,5,5,4,4.85,13,16,TRUE
Female,Loyal Customer,59,Business Travel,Business,507,5,5,3,5,2,4,5,4,4,4,4,5,5,4.23,0,0,TRUE
Male,Loyal Customer,24,Personal Travel,Eco,1024,3,5,3,1,5,3,5,5,2,3,3,4,5,3.62,0,0,FALSE
Female,Disloyal Customer,22,Business Travel,Business,507,0,5,0,2,3,0,3,3,3,2,5,4,3,2.54,0,0,TRUE
Male,Loyal Customer,34,Business Travel,Business,762,1,1,1,1,4,5,5,4,4,5,4,3,4,3.23,0,0,TRUE
Female,Loyal Customer,41,Business Travel,Eco,1190,2,4,4,4,2,2,2,2,4,1,5,1,2,2.69,0,0,TRUE
Male,Loyal Customer,58,Personal Travel,Eco,406,4,4,4,1,2,4,2,2,4,4,4,3,2,3.08,34,28,FALSE
Female,Disloyal Customer,29,Business Travel,Eco,404,3,1,3,4,1,3,1,1,3,2,4,2,1,2.23,0,0,FALSE
Female,Loyal Customer,59,Business Travel,Business,587,5,5,5,5,5,5,5,3,2,4,4,5,5,4.46,144,128,TRUE
Female,Loyal Customer,51,Business Travel,Business,2901,1,5,5,5,4,2,1,1,1,1,1,2,1,2.31,29,12,FALSE
Female,Loyal Customer,51,Business Travel,Eco,761,4,3,3,3,5,2,2,4,4,4,4,2,1,3.15,0,20,FALSE
Female,Disloyal Customer,50,Business Travel,Business,1029,5,5,5,1,2,5,2,2,5,4,4,4,2,3.54,14,27,TRUE
Female,Loyal Customer,65,Personal Travel,Eco,814,1,2,2,4,4,2,4,2,2,2,3,4,4,2.77,19,19,FALSE
Female,Loyal Customer,58,Business Travel,Eco,594,4,3,2,3,5,2,3,5,5,4,5,2,2,3.46,0,1,TRUE
Male,Loyal Customer,27,Business Travel,Business,1846,4,4,4,4,3,3,3,3,3,2,5,5,3,3.54,0,0,TRUE
Female,Loyal Customer,35,Business Travel,Eco,234,3,5,5,5,3,4,3,3,1,5,1,1,3,3.23,0,0,TRUE
Female,Loyal Customer,26,Business Travel,Eco,731,1,1,1,1,1,2,4,1,4,3,3,3,1,2,14,7,FALSE
Female,Loyal Customer,59,Personal Travel,Eco,2446,1,5,1,3,2,4,4,2,2,1,2,5,4,2.77,87,89,FALSE
Female,Loyal Customer,53,Business Travel,Business,2346,1,1,1,1,5,3,3,4,4,4,4,5,4,3.08,4,0,TRUE
Female,Loyal Customer,14,Personal Travel,Eco,964,2,5,2,1,1,2,3,1,5,4,4,5,1,2.77,0,0,FALSE
Female,Disloyal Customer,23,Business Travel,Eco,283,2,0,2,5,4,2,1,4,4,3,5,3,4,3,0,1,FALSE
Female,Loyal Customer,24,Business Travel,Business,2634,5,5,5,5,4,4,4,4,5,5,4,4,4,4.46,0,0,TRUE
Female,Loyal Customer,69,Business Travel,Eco,861,3,4,2,4,3,3,4,2,2,3,2,4,4,3.08,6,16,FALSE
Male,Loyal Customer,8,Business Travel,Business,2220,4,4,4,4,5,5,5,5,3,3,4,5,5,4.31,0,0,TRUE
Male,Disloyal Customer,26,Business Travel,Eco,978,2,2,2,3,3,2,3,3,1,3,4,3,3,2.62,0,0,FALSE
Male,Loyal Customer,17,Personal Travel,Eco,541,0,3,0,3,2,0,4,2,5,3,1,5,2,2.31,0,0,TRUE
Male,Loyal Customer,24,Business Travel,Business,1023,3,3,3,3,4,5,4,4,4,2,5,3,4,3.62,0,0,TRUE
Female,Loyal Customer,48,Business Travel,Eco,216,5,3,3,3,3,1,3,5,5,5,5,4,5,3.85,0,0,TRUE
Male,Loyal Customer,26,Personal Travel,Eco,957,3,1,4,2,1,4,1,1,3,2,3,4,1,2.31,0,1,FALSE
Male,Loyal Customer,47,Personal Travel,Eco,937,1,4,1,1,5,1,5,5,5,5,5,4,5,3.62,0,0,FALSE
Female,Loyal Customer,40,Business Travel,Eco Plus,985,3,5,5,5,3,3,3,3,1,5,4,2,3,3.46,0,6,FALSE
Female,Loyal Customer,58,Personal Travel,Eco,1184,4,4,4,4,4,4,3,2,5,4,4,3,3,3.69,186,186,FALSE
Female,Loyal Customer,30,Business Travel,Eco Plus,368,3,4,2,4,3,3,3,3,4,4,4,2,3,3.23,27,34,FALSE
Male,Disloyal Customer,43,Business Travel,Business,2342,5,5,5,3,5,2,2,4,3,5,5,2,2,3.69,0,0,TRUE
Male,Loyal Customer,41,Business Travel,Business,409,4,4,4,4,2,5,5,5,5,5,5,4,5,4.38,0,0,TRUE
Male,Loyal Customer,47,Business Travel,Business,587,2,2,2,2,3,4,5,5,5,4,5,3,4,3.54,0,0,TRUE
Female,Disloyal Customer,25,Business Travel,Eco,671,1,0,0,3,1,0,1,1,3,5,4,2,1,1.69,32,35,FALSE
Male,Disloyal Customer,37,Business Travel,Eco,820,4,4,4,3,2,4,2,2,5,4,5,2,2,3.31,5,12,TRUE
Female,Loyal Customer,24,Personal Travel,Eco,651,2,1,2,4,5,2,5,5,2,4,4,1,5,3.23,0,0,FALSE
Male,Loyal Customer,16,Personal Travel,Business,850,1,4,1,1,4,1,4,4,2,5,1,5,4,2.85,0,0,FALSE
Female,Loyal Customer,32,Business Travel,Business,1798,3,3,2,3,5,5,5,5,5,3,4,5,5,4.08,12,21,TRUE
Male,Loyal Customer,50,Personal Travel,Eco,452,1,5,1,3,4,1,4,4,4,2,4,4,4,3.15,20,14,FALSE
Female,Disloyal Customer,15,Business Travel,Eco,2295,2,2,2,3,2,1,5,4,1,4,3,5,5,3,21,36,FALSE
Female,Loyal Customer,43,Business Travel,Eco,846,1,3,3,3,3,3,3,1,1,1,1,4,3,2.31,0,0,FALSE
Female,Loyal Customer,53,Personal Travel,Eco,1182,4,5,4,2,2,4,5,5,5,4,5,5,3,4.08,4,13,FALSE
Female,Disloyal Customer,43,Business Travel,Business,368,4,4,4,4,3,4,3,3,5,3,4,3,3,3.62,0,0,TRUE
Female,Loyal Customer,47,Business Travel,Business,2196,3,2,2,2,1,3,4,3,3,3,3,2,2,2.54,26,27,FALSE
Male,Disloyal Customer,39,Business Travel,Business,802,2,2,2,3,3,2,3,3,3,2,4,3,3,2.69,0,0,TRUE
Male,Loyal Customer,54,Business Travel,Business,3207,0,0,0,4,2,5,4,4,4,4,4,4,4,3,0,0,TRUE
Female,Loyal Customer,61,Business Travel,Eco,691,2,4,2,4,3,3,4,2,2,2,2,3,1,2.62,1,0,FALSE
Female,Loyal Customer,11,Personal Travel,Eco,1127,3,4,3,5,5,3,5,5,5,3,5,3,5,4.15,0,11,FALSE
Male,Loyal Customer,37,Personal Travel,Eco,711,2,1,2,2,5,2,5,5,4,5,2,4,5,3.38,0,4,FALSE
Male,Disloyal Customer,38,Business Travel,Eco,495,3,4,3,2,4,3,4,4,5,1,3,4,4,3.38,10,26,FALSE
Male,Loyal Customer,58,Business Travel,Business,612,2,2,2,2,3,4,4,5,5,5,5,3,5,3.62,1,0,TRUE
Male,Loyal Customer,28,Business Travel,Business,1979,3,4,4,4,3,3,3,3,1,3,3,2,3,3,2,16,FALSE
Male,Loyal Customer,31,Business Travel,Eco,328,0,0,0,2,4,0,4,4,4,2,4,2,4,2.31,0,6,TRUE
Female,Loyal Customer,41,Business Travel,Business,3731,3,3,3,3,4,4,4,3,5,4,4,4,4,3.69,245,245,TRUE
Female,Loyal Customer,18,Personal Travel,Eco Plus,255,1,3,0,4,3,0,4,3,4,1,4,1,3,2.38,0,0,FALSE
Female,Loyal Customer,52,Personal Travel,Eco,196,3,5,3,3,3,5,5,3,4,4,5,5,5,4.08,150,149,FALSE
Male,Loyal Customer,53,Personal Travel,Eco,431,3,4,3,2,2,3,2,2,5,2,5,4,2,3,0,0,FALSE
Female,Loyal Customer,56,Personal Travel,Eco,265,2,5,2,2,3,1,5,2,2,2,2,4,5,2.85,0,0,FALSE
Male,Loyal Customer,15,Personal Travel,Eco,1190,2,5,3,4,1,3,1,1,4,4,5,4,1,2.92,69,119,FALSE
Male,Disloyal Customer,51,Business Travel,Business,528,2,2,2,2,5,2,2,5,5,3,4,5,5,3.38,19,44,FALSE
Female,Loyal Customer,51,Business Travel,Business,2943,2,2,2,2,2,4,4,4,4,4,4,5,3,3.23,0,0,TRUE
Male,Loyal Customer,62,Personal Travel,Eco,1504,1,5,1,3,5,1,5,5,4,3,4,5,5,3.62,57,59,FALSE
Female,Loyal Customer,29,Personal Travel,Eco,746,0,5,0,1,4,0,5,4,5,5,4,4,4,3.15,0,0,TRUE
Female,Loyal Customer,44,Personal Travel,Eco,231,2,5,0,5,2,4,4,2,2,0,2,5,4,2.85,0,0,FALSE
Female,Loyal Customer,58,Business Travel,Business,1873,4,4,4,4,3,5,4,4,4,4,4,4,4,4,0,0,TRUE
Male,Loyal Customer,35,Business Travel,Eco,200,2,2,2,2,2,2,2,2,3,4,1,2,2,2.15,29,21,FALSE
Male,Loyal Customer,49,Business Travel,Business,3801,1,1,1,1,5,5,5,5,5,4,5,5,5,3.69,39,25,TRUE
Female,Loyal Customer,26,Business Travel,Business,282,3,2,2,2,3,3,3,3,2,3,3,1,3,2.54,0,0,FALSE
Female,Loyal Customer,32,Personal Travel,Eco,391,3,5,3,5,3,3,3,3,3,4,4,4,3,3.54,0,0,FALSE
Female,Loyal Customer,25,Personal Travel,Eco,920,2,5,2,2,4,2,4,4,3,5,4,3,4,3.38,32,56,FALSE
Female,Loyal Customer,30,Business Travel,Business,3732,3,2,2,2,3,2,3,3,3,2,4,1,3,2.54,8,20,FALSE
Female,Loyal Customer,40,Business Travel,Eco Plus,834,5,3,3,3,5,5,5,5,4,5,5,2,5,4.23,0,0,TRUE
Male,Loyal Customer,60,Personal Travel,Eco,2342,3,2,3,3,5,3,5,5,1,3,3,1,5,3.23,6,4,FALSE
Female,Loyal Customer,59,Business Travel,Eco,1053,4,4,3,3,5,4,3,4,4,4,4,2,1,3.46,3,0,TRUE
Male,Loyal Customer,44,Business Travel,Business,1592,3,3,3,3,5,4,4,4,4,4,4,5,4,3.85,0,0,TRUE
Female,Loyal Customer,34,Personal Travel,Eco,1237,0,5,1,4,3,1,3,3,5,4,5,4,3,3.15,0,0,TRUE
Female,Loyal Customer,44,Business Travel,Business,237,1,1,1,1,2,5,4,4,4,4,4,3,4,2.92,7,4,TRUE
Male,Disloyal Customer,30,Business Travel,Eco,1541,4,4,4,4,4,3,5,2,2,4,3,5,5,3.77,167,156,FALSE
Male,Loyal Customer,67,Personal Travel,Eco,452,4,4,4,5,5,4,1,5,3,1,1,1,5,3.31,13,1,FALSE
Female,Loyal Customer,51,Business Travel,Business,2126,1,1,1,1,3,5,4,5,5,5,5,3,3,3.23,4,29,TRUE
Male,Loyal Customer,58,Business Travel,Business,2218,2,2,2,2,3,4,5,4,4,4,4,3,4,3.31,0,0,TRUE
Female,Loyal Customer,49,Business Travel,Eco Plus,1190,4,3,2,3,5,4,3,4,4,4,4,4,1,3.46,0,0,TRUE
Female,Loyal Customer,54,Business Travel,Business,515,5,5,5,5,4,4,5,4,4,4,4,5,3,4.38,0,1,TRUE
Male,Loyal Customer,47,Business Travel,Business,1748,2,2,2,2,5,4,4,2,2,2,2,5,4,2.92,3,0,TRUE
Female,Loyal Customer,22,Business Travel,Business,1200,1,0,0,2,3,0,5,3,3,4,3,3,3,2.31,67,60,FALSE
Male,Loyal Customer,60,Personal Travel,Eco,1678,4,3,4,4,1,4,1,1,2,2,4,2,1,2.54,15,0,TRUE
Female,Disloyal Customer,22,Business Travel,Business,1592,2,1,1,3,2,1,2,2,2,1,4,1,2,1.85,30,15,FALSE
Female,Loyal Customer,15,Personal Travel,Eco,484,3,1,3,2,2,3,2,2,3,4,3,2,2,2.46,1,0,FALSE
Female,Loyal Customer,47,Business Travel,Business,675,3,2,2,2,4,3,3,3,3,3,3,1,1,2.54,0,0,FALSE
Female,Disloyal Customer,42,Business Travel,Business,226,4,4,4,5,2,4,2,2,4,4,5,3,2,3.46,0,5,TRUE
Female,Loyal Customer,36,Business Travel,Business,2007,3,3,3,3,2,5,5,4,4,4,4,5,5,3.85,47,28,TRUE
Female,Loyal Customer,44,Business Travel,Business,1859,0,0,0,3,4,4,2,1,1,1,1,1,5,1.77,8,3,TRUE
Female,Loyal Customer,33,Personal Travel,Eco,332,3,5,1,1,4,1,4,4,2,1,1,3,4,2.62,6,0,FALSE
Female,Loyal Customer,48,Business Travel,Business,3662,4,4,4,4,2,5,4,4,4,4,4,5,3,3.92,2,0,TRUE
Female,Loyal Customer,40,Business Travel,Business,231,3,3,3,3,2,4,5,5,5,5,5,3,4,3.85,0,0,TRUE
Female,Loyal Customer,22,Personal Travel,Eco,912,4,4,4,2,3,4,3,3,4,4,5,4,3,3.62,31,19,FALSE
Female,Loyal Customer,20,Personal Travel,Eco,925,0,5,0,3,2,0,2,2,3,5,4,3,2,2.38,0,0,TRUE
Female,Loyal Customer,40,Business Travel,Business,758,2,2,2,2,4,5,5,5,5,5,5,5,3,3.85,10,0,TRUE
Female,Loyal Customer,48,Personal Travel,Eco,507,3,1,3,2,3,2,2,2,2,3,1,2,2,2.15,0,0,FALSE
Male,Loyal Customer,25,Personal Travel,Eco,534,3,5,3,3,4,3,4,4,3,2,5,3,4,3.54,0,0,FALSE
Female,Loyal Customer,46,Business Travel,Eco Plus,194,5,1,1,1,1,2,4,5,5,5,5,5,3,3.31,22,26,TRUE
Female,Loyal Customer,48,Personal Travel,Eco,2288,4,4,3,3,2,4,4,3,3,3,3,2,2,3.08,0,0,FALSE
Female,Loyal Customer,37,Business Travel,Business,373,5,5,5,5,4,5,4,4,4,4,4,1,2,4,2,3,TRUE
Female,Loyal Customer,12,Personal Travel,Eco,1660,2,4,2,4,4,2,4,4,4,3,3,1,4,3.15,14,31,FALSE
Female,Loyal Customer,44,Personal Travel,Eco,1087,1,2,1,3,5,4,3,5,5,1,5,1,3,3,0,0,FALSE
Female,Disloyal Customer,26,Business Travel,Eco,1491,3,3,3,4,3,3,3,3,3,5,4,3,3,3.31,39,33,FALSE
Male,Disloyal Customer,12,Business Travel,Eco,842,2,2,2,4,3,2,1,3,1,5,3,4,3,2.69,39,12,FALSE
Male,Loyal Customer,14,Personal Travel,Eco,1222,2,2,2,3,2,2,2,2,1,4,3,4,2,2.38,0,0,FALSE
Male,Loyal Customer,59,Personal Travel,Eco,594,3,4,4,4,2,4,5,2,3,5,4,2,2,3.38,26,13,FALSE
Female,Disloyal Customer,38,Business Travel,Eco,191,2,0,2,3,1,2,1,1,2,1,2,1,1,1.46,42,39,FALSE
Female,Loyal Customer,14,Personal Travel,Eco,413,4,4,2,4,4,2,4,4,4,2,4,3,4,3.46,0,0,FALSE
Male,Disloyal Customer,47,Business Travel,Business,484,2,2,2,1,2,2,2,2,3,3,5,5,2,2.54,0,0,FALSE
Female,Loyal Customer,55,Business Travel,Eco Plus,726,4,2,2,2,3,4,4,4,4,4,4,5,2,3.38,0,0,TRUE
Male,Loyal Customer,45,Personal Travel,Eco Plus,429,2,3,2,2,3,2,3,3,3,1,3,2,3,2.46,110,110,FALSE
Male,Loyal Customer,14,Personal Travel,Eco,357,3,2,5,3,2,5,2,2,1,1,2,1,2,2.38,74,73,FALSE
Female,Loyal Customer,29,Business Travel,Business,2972,4,4,4,4,4,4,4,4,2,5,1,2,4,3.54,0,0,TRUE
Female,Loyal Customer,50,Personal Travel,Business,250,3,5,3,1,2,4,5,2,2,3,3,4,4,3.15,0,0,FALSE
Male,Loyal Customer,23,Business Travel,Eco Plus,1073,1,1,1,1,1,1,3,1,2,3,4,1,1,1.62,11,14,FALSE
Male,Disloyal Customer,35,Business Travel,Eco,331,2,1,2,2,3,2,3,3,2,4,2,3,3,2.46,0,0,FALSE
Female,Loyal Customer,58,Business Travel,Business,3980,4,4,4,4,3,4,5,4,4,4,4,3,4,3.92,0,0,TRUE
Female,Disloyal Customer,35,Business Travel,Eco,647,4,4,4,2,5,4,5,5,4,1,3,1,5,3.62,45,34,FALSE
Female,Loyal Customer,41,Business Travel,Business,3596,3,3,5,3,2,5,4,3,3,4,3,4,4,3.54,0,0,TRUE
Female,Loyal Customer,40,Business Travel,Business,1258,2,2,2,2,5,4,4,5,5,5,5,5,4,3.85,0,0,TRUE
Male,Loyal Customer,66,Personal Travel,Eco,192,2,4,2,3,3,2,3,3,4,4,5,4,3,3.23,15,4,FALSE
Female,Loyal Customer,23,Personal Travel,Eco,1979,2,2,2,2,2,2,2,2,3,3,3,4,2,2.38,0,0,FALSE
Male,Disloyal Customer,27,Business Travel,Business,223,0,0,0,3,3,0,3,3,4,2,5,4,3,2.31,0,0,TRUE
Female,Loyal Customer,34,Business Travel,Business,3338,3,3,3,3,3,1,4,2,2,2,2,4,5,2.85,1,9,TRUE
Male,Loyal Customer,57,Business Travel,Eco,139,4,1,1,1,4,4,4,4,2,2,2,5,4,2.92,0,0,TRUE
Male,Loyal Customer,66,Business Travel,Eco,106,1,5,5,5,1,1,1,1,4,5,3,1,1,2.62,0,0,FALSE
Female,Disloyal Customer,22,Business Travel,Business,1085,5,0,5,4,3,0,3,3,3,2,5,5,3,3.15,25,0,TRUE
Female,Disloyal Customer,38,Business Travel,Eco,337,4,5,4,1,1,4,1,1,1,1,4,5,1,2.54,0,3,FALSE
Male,Loyal Customer,23,Personal Travel,Eco,214,1,1,1,1,1,3,4,3,4,2,1,4,4,2.31,265,245,FALSE
Male,Loyal Customer,47,Business Travel,Business,3766,1,1,1,1,3,5,3,4,4,4,4,1,5,2.85,0,0,TRUE
Female,Disloyal Customer,47,Business Travel,Eco,271,4,1,5,1,2,5,2,2,1,2,2,2,2,2.38,8,16,FALSE
Female,Loyal Customer,41,Business Travel,Business,3781,4,4,4,4,2,5,4,5,5,5,5,4,5,4.31,0,7,TRUE
Female,Loyal Customer,47,Business Travel,Eco,633,3,4,4,4,2,4,3,3,3,3,3,2,3,3.15,0,0,FALSE
Female,Disloyal Customer,48,Business Travel,Business,1085,2,2,2,4,5,2,5,5,4,3,4,5,5,3.69,0,0,TRUE
Male,Loyal Customer,34,Personal Travel,Eco,416,4,1,4,3,3,4,3,3,4,2,3,2,3,3,0,0,FALSE
Male,Loyal Customer,55,Personal Travel,Business,1299,2,4,2,1,4,3,4,1,1,2,1,5,5,2.69,20,40,FALSE
Male,Loyal Customer,53,Business Travel,Eco Plus,677,5,1,4,1,5,5,5,5,1,3,3,3,5,3.54,0,0,TRUE
Female,Loyal Customer,57,Personal Travel,Eco,728,2,5,2,2,2,1,1,4,4,2,4,3,3,2.69,0,7,FALSE
Female,Loyal Customer,54,Personal Travel,Eco,581,2,5,2,4,5,5,4,5,5,2,5,4,3,3.92,0,94,FALSE
Male,Disloyal Customer,24,Business Travel,Business,108,0,4,0,4,4,4,2,4,4,2,5,5,4,3.23,0,0,TRUE
Male,Loyal Customer,27,Business Travel,Business,2766,2,3,3,3,2,2,2,2,2,1,3,3,2,2.31,121,127,FALSE
Male,Loyal Customer,32,Business Travel,Eco,859,3,2,5,2,3,3,3,3,1,1,4,2,3,2.69,65,53,FALSE
Female,Disloyal Customer,23,Business Travel,Eco,302,3,0,3,2,5,3,5,5,1,4,4,4,5,3.38,0,0,FALSE
Male,Loyal Customer,42,Business Travel,Business,3314,3,3,5,3,4,4,4,5,5,5,5,3,4,4.08,0,0,TRUE
Male,Loyal Customer,30,Business Travel,Eco,762,4,5,5,5,4,4,4,4,3,3,2,5,4,4,0,0,TRUE
Female,Disloyal Customer,54,Business Travel,Eco,1042,3,3,3,3,2,3,2,2,5,3,1,4,2,2.77,24,13,FALSE
Female,Loyal Customer,32,Business Travel,Business,352,2,2,2,2,2,2,2,2,4,5,4,2,2,2.54,0,10,FALSE
Female,Loyal Customer,61,Business Travel,Business,1619,2,2,2,2,2,2,3,5,5,5,5,5,2,3.23,0,0,TRUE
Male,Disloyal Customer,22,Business Travel,Eco,327,4,2,3,3,1,3,1,1,3,1,4,3,1,2.31,0,1,FALSE
Female,Loyal Customer,47,Business Travel,Business,2653,5,5,5,5,2,4,4,5,5,5,5,4,5,4.54,0,0,TRUE
Male,Loyal Customer,46,Business Travel,Eco,1489,4,3,3,3,4,4,4,4,1,1,2,3,4,3.08,0,0,TRUE
Female,Disloyal Customer,43,Business Travel,Business,1009,2,2,2,4,1,2,1,1,3,5,5,3,1,2.46,91,113,FALSE
Male,Loyal Customer,66,Personal Travel,Eco,1222,5,1,5,4,4,5,4,4,4,2,4,1,4,3.62,4,0,TRUE
Male,Loyal Customer,56,Business Travel,Business,3131,3,3,3,3,1,5,5,4,4,4,3,5,3,3.54,4,4,TRUE
Female,Loyal Customer,59,Business Travel,Eco,588,2,4,4,4,1,3,3,2,2,2,2,1,3,2.54,0,0,FALSE
Male,Loyal Customer,36,Business Travel,Eco,280,4,1,1,1,4,4,4,4,1,3,1,4,4,2.77,10,10,TRUE
Male,Loyal Customer,20,Personal Travel,Eco,227,2,5,2,5,5,2,5,5,3,2,5,4,5,3.85,49,63,FALSE
Male,Loyal Customer,44,Business Travel,Business,1044,1,1,1,1,5,5,5,4,4,4,4,5,4,3.38,0,0,TRUE
Female,Disloyal Customer,24,Business Travel,Eco,588,4,1,4,3,3,4,1,3,2,3,2,4,3,2.85,0,0,FALSE
Female,Loyal Customer,36,Personal Travel,Business,782,1,3,1,2,1,2,2,1,1,1,1,1,3,1.54,100,91,FALSE
Female,Loyal Customer,49,Business Travel,Business,130,2,2,2,2,4,2,2,3,3,3,2,2,1,2.31,14,18,FALSE
Female,Loyal Customer,47,Personal Travel,Eco,369,4,2,4,3,1,3,3,5,5,4,1,1,4,3.08,4,2,TRUE
Male,Loyal Customer,56,Personal Travel,Eco,679,1,2,0,3,2,0,2,2,3,4,3,4,2,2.15,0,0,FALSE
Female,Loyal Customer,42,Business Travel,Eco,867,5,5,5,5,3,5,1,5,5,5,5,4,2,4.23,0,0,TRUE
Male,Loyal Customer,56,Personal Travel,Business,101,2,4,2,2,4,5,4,4,4,2,4,4,5,3.54,0,0,FALSE
Female,Loyal Customer,55,Personal Travel,Eco Plus,1199,2,4,2,3,2,3,3,1,1,2,1,1,2,2.08,0,0,FALSE
Female,Loyal Customer,69,Business Travel,Eco,362,4,3,3,3,1,3,3,4,4,4,4,5,3,3.38,0,0,TRUE
Male,Loyal Customer,23,Personal Travel,Eco,1313,4,4,3,3,1,3,1,1,3,3,3,3,1,2.54,6,0,TRUE
Female,Loyal Customer,12,Personal Travel,Eco,533,3,5,3,3,1,3,1,1,3,5,5,5,1,3,0,4,FALSE
Male,Loyal Customer,8,Business Travel,Business,2053,2,2,2,2,2,2,2,2,1,1,2,1,2,1.77,0,0,FALSE
Female,Loyal Customer,21,Personal Travel,Eco,231,2,5,2,3,5,2,5,5,5,4,5,3,5,3.92,0,0,FALSE
Female,Loyal Customer,52,Business Travel,Business,2873,5,5,5,5,3,4,5,5,5,5,5,4,4,4.62,2,2,TRUE
Female,Loyal Customer,29,Business Travel,Business,493,3,3,3,3,5,5,5,5,3,4,2,3,5,3.77,0,0,TRUE
Female,Loyal Customer,27,Business Travel,Business,3853,5,5,5,5,4,4,4,4,3,5,4,3,4,4.23,0,0,TRUE
Female,Loyal Customer,75,Business Travel,Business,2188,2,4,4,4,3,4,3,2,2,2,2,2,3,2.85,3,0,FALSE
Female,Loyal Customer,54,Personal Travel,Eco,762,1,4,1,4,5,3,4,1,1,1,1,3,2,2.38,0,0,FALSE
Male,Loyal Customer,43,Personal Travel,Eco Plus,853,2,5,2,3,2,2,2,2,5,4,4,4,2,3,76,82,FALSE
Female,Loyal Customer,35,Business Travel,Business,3093,2,2,2,2,5,5,5,5,5,5,5,4,5,4,0,0,TRUE
Female,Loyal Customer,14,Personal Travel,Eco Plus,802,3,5,3,4,5,3,3,5,4,3,5,2,5,3.85,0,0,FALSE
Female,Loyal Customer,55,Business Travel,Business,647,4,4,4,4,2,5,5,3,3,4,3,3,4,3.69,0,0,TRUE
Male,Loyal Customer,27,Business Travel,Business,1391,4,4,2,4,4,4,4,4,4,2,5,3,4,3.69,0,17,TRUE
Male,Disloyal Customer,29,Business Travel,Business,645,1,1,1,3,5,1,5,5,5,3,4,5,5,3.38,3,36,FALSE
Female,Disloyal Customer,23,Business Travel,Eco,332,2,0,2,2,2,3,4,3,5,4,4,4,4,3,301,283,FALSE
Male,Loyal Customer,19,Personal Travel,Eco Plus,302,2,3,2,3,3,2,3,3,2,3,2,2,3,2.54,5,0,FALSE
Male,Loyal Customer,62,Business Travel,Business,397,1,1,1,1,2,5,5,2,2,2,2,3,5,2.46,0,0,TRUE
Female,Loyal Customer,46,Business Travel,Business,328,2,2,4,2,2,5,4,5,5,5,5,4,5,3.85,0,0,TRUE
Female,Loyal Customer,42,Business Travel,Business,3713,4,4,4,4,2,4,5,4,4,4,4,5,3,3.92,0,0,TRUE
Male,Loyal Customer,49,Personal Travel,Eco,1565,2,1,2,1,2,2,2,2,1,2,2,2,2,1.77,3,35,FALSE
Male,Disloyal Customer,37,Business Travel,Eco,975,2,2,2,3,2,1,3,4,3,3,4,3,3,2.69,29,32,FALSE
Male,Loyal Customer,46,Personal Travel,Eco,405,3,4,3,5,4,3,4,4,5,2,5,3,4,3.77,0,0,FALSE
Male,Loyal Customer,36,Business Travel,Eco,904,1,2,2,2,1,1,1,3,5,4,3,1,1,2.08,2,26,FALSE
Female,Disloyal Customer,29,Business Travel,Eco,496,2,1,2,4,5,2,4,5,1,5,4,3,5,3.31,5,19,FALSE
Female,Loyal Customer,26,Business Travel,Business,1981,4,5,4,4,3,3,4,3,3,4,4,2,3,3.54,22,44,FALSE
Female,Loyal Customer,45,Business Travel,Business,253,4,3,3,3,2,3,3,4,4,3,4,3,2,3.15,24,25,FALSE
Female,Loyal Customer,57,Business Travel,Business,2182,1,1,1,1,5,5,5,3,3,3,3,4,4,3,39,31,TRUE
Female,Disloyal Customer,19,Business Travel,Eco,251,3,0,3,3,4,3,4,4,3,5,3,3,4,3.23,25,20,FALSE
Female,Loyal Customer,49,Personal Travel,Eco,834,1,1,1,3,2,4,3,2,2,1,2,4,4,2.31,0,0,FALSE
Female,Loyal Customer,62,Business Travel,Business,471,2,3,2,3,5,4,4,2,2,2,2,3,4,2.92,7,0,FALSE
Male,Loyal Customer,47,Business Travel,Business,731,3,3,3,3,3,5,5,4,4,4,4,3,5,3.77,0,0,TRUE
Male,Disloyal Customer,39,Business Travel,Business,190,2,2,2,3,1,2,1,1,5,3,4,5,1,2.46,0,0,FALSE
Female,Loyal Customer,52,Personal Travel,Eco,846,1,1,1,3,5,4,4,3,3,1,3,4,3,2.77,0,0,FALSE
Female,Loyal Customer,51,Business Travel,Business,3651,2,2,5,2,3,5,5,4,4,5,4,4,4,3.77,0,0,TRUE
Female,Disloyal Customer,45,Business Travel,Eco,432,3,3,3,1,4,3,4,4,3,5,3,5,4,3.46,1,7,FALSE
Female,Disloyal Customer,37,Business Travel,Eco,273,0,3,0,4,3,0,3,3,3,5,5,1,3,2.54,96,100,TRUE
Male,Loyal Customer,47,Personal Travel,Business,101,3,3,3,4,1,4,3,3,3,3,3,2,1,2.77,0,0,FALSE
Female,Loyal Customer,48,Business Travel,Business,738,3,3,3,3,2,5,5,4,4,4,4,4,3,3.62,0,,TRUE
Female,Loyal Customer,50,Business Travel,Business,110,2,2,2,2,4,1,2,4,4,4,3,4,4,2.92,0,1,TRUE
Female,Loyal Customer,26,Personal Travel,Eco Plus,674,2,4,2,2,3,2,3,3,3,5,5,4,3,3.15,8,11,FALSE
Female,Loyal Customer,46,Business Travel,Eco,813,2,1,1,1,5,3,4,2,2,2,2,3,2,2.31,0,0,FALSE
Male,Loyal Customer,27,Business Travel,Business,236,4,3,4,4,5,5,5,5,3,3,5,3,5,4.15,1,7,TRUE
Female,Loyal Customer,50,Business Travel,Business,3148,5,5,5,5,5,5,4,4,4,4,4,3,3,4.31,0,0,TRUE
Female,Disloyal Customer,27,Business Travel,Eco,1205,4,4,4,3,4,4,4,4,2,4,3,2,4,3.54,32,22,FALSE
Female,Loyal Customer,36,Business Travel,Business,3402,2,2,2,2,4,1,2,4,4,4,4,3,3,2.85,0,0,TRUE
Female,Loyal Customer,48,Business Travel,Business,2163,5,5,5,5,5,4,4,5,5,5,5,5,3,4.69,0,0,TRUE
Male,Loyal Customer,15,Personal Travel,Business,624,1,5,1,2,1,1,1,1,5,3,5,4,1,2.38,8,0,FALSE
Female,Loyal Customer,54,Business Travel,Eco,864,5,2,2,2,4,4,5,5,5,5,5,3,4,3.92,0,33,TRUE
Female,Loyal Customer,47,Business Travel,Business,859,4,4,4,4,2,5,4,5,5,4,5,3,3,4,0,0,TRUE
Female,Loyal Customer,45,Business Travel,Business,1124,4,4,4,4,4,5,4,4,4,4,4,4,4,4.08,1,0,TRUE
Male,Disloyal Customer,15,Business Travel,Eco Plus,441,3,3,4,4,4,4,4,4,2,2,4,2,4,3.38,0,0,FALSE
Male,Loyal Customer,41,Business Travel,Eco,1199,4,4,4,4,4,4,4,4,3,4,5,5,4,4.08,0,0,TRUE
Male,Loyal Customer,7,Personal Travel,Eco,692,2,4,2,1,2,1,1,3,4,5,4,1,1,2.38,142,119,FALSE
Male,Loyal Customer,28,Business Travel,Business,406,3,2,2,2,3,3,3,3,2,4,3,4,3,2.85,0,2,FALSE
Male,Loyal Customer,22,Personal Travel,Eco Plus,1471,4,5,4,3,5,4,5,5,3,5,4,4,5,4.31,0,12,FALSE
Male,Loyal Customer,25,Business Travel,Eco Plus,533,3,1,3,3,3,3,2,3,1,5,4,3,3,2.85,41,37,FALSE
Male,Loyal Customer,37,Personal Travel,Business,1218,3,4,3,4,2,5,4,4,4,3,3,3,5,3.62,4,0,FALSE
Female,Disloyal Customer,38,Business Travel,Eco,110,4,2,3,3,3,3,3,3,3,5,4,2,3,3.15,0,0,FALSE
Female,Loyal Customer,42,Business Travel,Business,2419,3,3,3,3,2,4,5,5,5,5,5,3,4,3.85,0,0,TRUE
Male,Loyal Customer,45,Business Travel,Business,3037,5,5,5,5,3,5,5,5,5,5,5,3,5,4.69,0,0,TRUE
Female,Loyal Customer,46,Personal Travel,Eco Plus,1590,2,5,2,2,4,3,4,3,3,2,3,3,5,3.15,13,24,FALSE
Female,Loyal Customer,42,Business Travel,Eco,723,2,3,3,3,3,3,2,2,2,2,2,2,4,2.54,26,12,FALSE
Female,Loyal Customer,18,Personal Travel,Eco,163,3,3,3,1,2,3,2,2,4,3,4,2,2,2.62,0,0,FALSE
Male,Loyal Customer,59,Business Travel,Business,930,3,3,4,3,2,5,4,4,4,4,4,5,4,3.77,0,0,TRUE
Female,Loyal Customer,40,Business Travel,Business,304,1,1,1,1,5,4,4,4,4,4,4,5,4,3.23,6,0,TRUE
Male,Loyal Customer,45,Business Travel,Business,3965,4,4,4,4,3,5,5,2,2,2,2,4,5,3.54,2,0,TRUE
Female,Loyal Customer,50,Personal Travel,Eco Plus,109,2,0,2,2,4,4,5,4,4,2,4,4,3,3.08,13,13,FALSE
Male,Loyal Customer,31,Personal Travel,Eco,1120,2,4,2,2,2,2,2,2,4,3,4,5,2,2.77,0,0,FALSE
Male,Loyal Customer,37,Business Travel,Eco Plus,1069,5,1,1,1,5,5,5,5,5,2,1,4,5,3.46,10,26,TRUE
Female,Loyal Customer,54,Business Travel,Business,2084,3,3,3,3,2,4,5,4,4,4,4,4,4,3.62,0,0,TRUE
Male,Loyal Customer,21,Personal Travel,Eco,300,1,4,1,1,2,1,2,2,5,4,5,3,2,2.54,0,0,FALSE
Female,Loyal Customer,52,Business Travel,Business,1785,2,2,2,2,3,5,4,4,4,4,4,3,5,3.38,0,0,TRUE
Male,Loyal Customer,39,Business Travel,Business,337,1,4,4,4,3,3,3,1,1,1,1,3,4,2.54,36,19,FALSE
Male,Loyal Customer,52,Business Travel,Business,2552,3,3,3,3,4,5,5,4,4,5,1,5,5,3.85,0,0,TRUE
Female,Loyal Customer,40,Business Travel,Business,479,3,4,4,4,4,2,2,3,3,3,3,4,2,3.15,0,0,FALSE
Female,Loyal Customer,64,Business Travel,Eco,290,2,2,3,2,1,2,2,2,2,2,2,4,2,2.15,0,0,FALSE
Female,Loyal Customer,41,Business Travel,Eco,359,3,5,5,5,3,3,3,3,4,1,2,1,3,3.15,4,0,FALSE
Female,Loyal Customer,25,Business Travel,Eco,1121,4,3,2,3,4,4,4,4,1,4,4,2,4,3.31,0,0,TRUE
Female,Loyal Customer,42,Business Travel,Business,1747,5,5,5,5,4,4,5,4,4,4,4,5,5,4.54,0,0,TRUE
Female,Loyal Customer,34,Personal Travel,Eco Plus,303,4,5,4,2,3,4,3,3,5,5,5,3,3,3.77,49,50,FALSE
Female,Loyal Customer,27,Business Travel,Business,290,3,1,1,1,3,3,3,3,4,5,4,4,3,2.92,0,0,FALSE
Female,Loyal Customer,43,Business Travel,Business,735,2,2,2,2,5,4,5,4,4,4,4,5,4,3.62,2,1,TRUE
Male,Loyal Customer,58,Business Travel,Business,2024,3,2,2,2,2,2,3,3,3,3,3,4,3,2.69,51,52,FALSE
Male,Loyal Customer,44,Business Travel,Eco,867,2,5,5,5,2,2,2,2,1,4,3,3,2,2.92,0,0,FALSE
Male,Loyal Customer,59,Business Travel,Business,674,5,5,4,5,3,5,4,4,4,5,4,3,4,4.23,0,0,TRUE
Female,Disloyal Customer,62,Business Travel,Eco,356,2,4,2,4,5,2,5,5,3,2,3,1,5,3.31,2,0,FALSE
Male,Loyal Customer,29,Personal Travel,Eco,1034,2,2,2,2,4,2,4,4,1,3,1,2,4,2.54,17,3,FALSE
Female,Loyal Customer,51,Business Travel,Eco,2552,3,1,1,1,3,2,2,4,2,1,3,2,2,2.08,5,56,FALSE
Male,Loyal Customer,44,Business Travel,Business,2221,2,2,2,2,3,5,4,5,5,5,5,4,3,3.62,0,0,TRUE
Male,Loyal Customer,18,Personal Travel,Eco,775,4,4,4,3,2,4,2,2,5,3,5,5,2,3.46,0,0,FALSE
Female,Loyal Customer,38,Business Travel,Business,177,5,5,5,5,4,4,5,4,4,4,5,1,4,4.23,0,20,TRUE
Female,Disloyal Customer,26,Business Travel,Business,469,5,5,5,4,3,5,3,3,3,3,4,3,3,3.77,6,0,TRUE
Male,Loyal Customer,59,Business Travel,Business,414,2,2,3,2,5,5,4,5,5,5,5,5,4,4,1,0,TRUE
Female,Loyal Customer,49,Business Travel,Business,1024,2,2,1,2,1,5,4,4,4,4,4,1,4,2.92,0,3,TRUE
Male,Loyal Customer,60,Business Travel,Eco,592,2,4,1,1,3,2,3,3,2,2,3,2,3,2.38,0,7,FALSE
Male,Loyal Customer,57,Personal Travel,Eco,519,4,4,4,1,2,4,2,2,3,5,4,5,2,3.23,0,0,FALSE
Female,Loyal Customer,38,Business Travel,Business,248,3,4,4,4,1,4,3,3,3,3,3,4,1,3.08,27,23,FALSE
Male,Loyal Customer,65,Business Travel,Business,1256,4,4,4,4,2,4,5,4,4,4,4,3,5,3.92,0,1,TRUE
Female,Disloyal Customer,29,Business Travel,Eco,452,1,4,1,3,1,1,1,1,4,5,3,3,1,2.23,0,0,FALSE
Female,Disloyal Customer,25,Business Travel,Eco,1140,2,2,2,3,1,2,1,1,3,1,3,3,1,1.92,6,13,FALSE
Male,Loyal Customer,18,Business Travel,Business,1752,4,1,1,1,4,4,4,4,1,2,3,2,4,2.69,5,0,FALSE
Male,Loyal Customer,56,Business Travel,Business,1811,5,5,5,5,3,5,5,4,4,4,4,5,4,4.46,3,5,TRUE
Male,Loyal Customer,42,Personal Travel,Eco,528,3,5,3,3,3,3,3,3,3,3,5,3,3,3.31,0,8,FALSE
Male,Loyal Customer,31,Personal Travel,Eco,937,4,4,4,3,4,4,4,4,5,5,5,4,4,4.15,3,1,FALSE
Male,Loyal Customer,13,Personal Travel,Eco,569,2,3,2,4,4,2,1,4,1,5,1,5,4,2.92,0,1,FALSE
Male,Loyal Customer,25,Business Travel,Business,525,1,5,5,5,1,1,1,1,1,1,4,4,1,2.38,0,0,FALSE
Male,Loyal Customer,21,Personal Travel,Eco,411,1,4,3,3,4,3,4,4,5,4,4,4,4,3.62,0,0,FALSE
Female,Loyal Customer,23,Personal Travel,Eco,1072,1,5,1,4,5,1,5,5,5,5,5,5,5,4,29,11,FALSE
Male,Disloyal Customer,23,Business Travel,Eco,751,3,3,3,2,3,3,3,3,2,5,2,3,3,2.92,18,16,FALSE
Female,Loyal Customer,29,Business Travel,Business,1576,4,3,4,4,4,4,4,4,3,4,1,5,4,3.69,0,0,TRUE
Female,Loyal Customer,34,Business Travel,Business,396,2,2,2,2,5,5,4,5,5,5,5,3,4,3.77,0,0,TRUE
Male,Loyal Customer,47,Business Travel,Business,3019,3,3,3,3,2,4,4,5,5,5,5,4,5,3.92,0,0,TRUE
Female,Loyal Customer,46,Business Travel,Eco,678,2,2,2,2,1,4,4,2,2,2,2,3,1,2.23,0,0,FALSE
Male,Loyal Customer,57,Business Travel,Business,3952,0,0,0,3,3,4,5,1,1,1,1,4,3,2,0,0,TRUE
Female,Loyal Customer,15,Personal Travel,Eco,546,4,1,4,2,2,4,2,2,1,5,3,4,2,2.77,0,0,FALSE
Female,Loyal Customer,45,Business Travel,Eco Plus,697,3,3,3,3,4,3,5,3,3,3,3,3,2,3.15,0,8,TRUE
Female,Loyal Customer,23,Personal Travel,Eco,862,3,2,3,3,2,3,2,2,2,3,3,3,2,2.54,7,0,FALSE
Female,Disloyal Customer,28,Business Travel,Business,2248,2,2,2,1,5,2,5,5,3,2,5,5,5,3.38,0,0,FALSE
Female,Loyal Customer,46,Business Travel,Eco,407,4,4,4,4,3,5,5,4,4,4,4,1,3,3.77,0,2,TRUE
Male,Loyal Customer,51,Business Travel,Business,216,3,3,3,3,1,3,4,4,4,5,4,2,5,3.38,71,67,TRUE
Male,Loyal Customer,61,Business Travel,Eco,109,5,4,4,4,5,5,5,5,2,5,2,2,5,4.08,29,29,TRUE
Female,Loyal Customer,69,Personal Travel,Eco,391,1,5,5,2,3,4,4,1,1,5,1,3,3,2.92,56,46,FALSE
Male,Loyal Customer,48,Business Travel,Business,2355,5,5,5,5,4,4,5,5,5,5,5,4,3,4.62,73,63,TRUE
Male,Loyal Customer,45,Business Travel,Business,163,4,3,4,4,2,5,4,4,4,4,4,2,5,3.77,7,5,TRUE
Female,Loyal Customer,11,Personal Travel,Eco,967,4,4,3,3,4,3,4,4,3,4,5,3,4,3.69,0,0,FALSE
Female,Loyal Customer,62,Personal Travel,Eco,342,1,3,1,3,1,3,2,5,5,1,5,3,1,2.62,0,0,FALSE
Female,Loyal Customer,37,Personal Travel,Eco Plus,353,3,4,3,3,2,3,2,2,2,4,3,2,2,2.69,0,0,FALSE
Female,Loyal Customer,39,Business Travel,Business,1642,3,3,3,3,5,4,4,5,4,3,5,4,4,3.85,136,116,TRUE
Male,Loyal Customer,48,Personal Travel,Eco,1389,2,2,2,3,4,2,4,4,1,2,2,4,4,2.77,28,16,FALSE
Female,Disloyal Customer,35,Business Travel,Business,1055,3,3,3,2,4,3,4,4,4,2,5,5,4,3.54,18,33,FALSE
Female,Loyal Customer,30,Business Travel,Business,2585,3,5,3,3,4,4,4,5,2,3,5,4,4,3.77,0,33,TRUE
Male,Loyal Customer,17,Personal Travel,Eco,1065,2,5,1,3,3,1,3,3,4,5,5,3,3,3.15,14,1,FALSE
Female,Loyal Customer,56,Business Travel,Business,813,1,1,1,1,2,5,4,4,4,4,4,4,5,3.08,7,0,TRUE
Female,Loyal Customer,51,Business Travel,Eco,192,1,0,0,3,2,3,3,2,2,1,2,4,4,2.08,0,0,FALSE
Female,Disloyal Customer,39,Business Travel,Business,223,3,3,3,3,1,3,1,1,1,1,4,1,1,2,0,0,FALSE
Male,Disloyal Customer,25,Business Travel,Business,2704,0,4,0,1,2,0,2,2,5,2,4,3,2,2.08,8,10,TRUE
Female,Loyal Customer,25,Personal Travel,Eco,689,2,4,2,5,1,2,1,1,5,3,4,3,1,2.62,5,0,FALSE
Female,Loyal Customer,42,Business Travel,Business,3112,2,1,2,2,3,4,5,3,3,3,3,4,4,3,0,0,TRUE
Female,Loyal Customer,55,Personal Travel,Eco,1325,2,3,2,3,5,4,4,4,4,2,3,1,1,2.92,0,0,FALSE
Female,Loyal Customer,8,Personal Travel,Business,247,1,1,1,4,3,1,3,3,1,1,4,3,3,2.23,3,0,FALSE
Male,Loyal Customer,26,Personal Travel,Eco,447,4,4,4,4,2,4,2,2,5,2,5,3,2,3.31,0,0,TRUE
Male,Loyal Customer,70,Personal Travel,Eco,137,2,0,2,3,1,2,1,1,2,3,1,2,1,1.62,8,2,FALSE
Male,Disloyal Customer,56,Business Travel,Eco,125,2,0,2,2,5,2,5,5,4,4,3,2,5,3.15,27,36,FALSE
Female,Loyal Customer,51,Business Travel,Business,1930,5,5,5,5,2,4,4,5,5,5,5,5,5,4.62,0,0,TRUE
Male,Loyal Customer,59,Business Travel,Business,3648,5,5,5,5,3,5,4,4,4,5,4,4,4,4.38,32,19,TRUE
Male,Loyal Customer,11,Personal Travel,Eco,544,2,4,2,3,3,2,3,3,4,4,4,2,3,3,0,13,FALSE
Female,Loyal Customer,68,Personal Travel,Eco,574,3,5,3,2,5,4,4,2,2,3,2,3,4,3.23,0,0,FALSE
Male,Loyal Customer,18,Personal Travel,Eco,503,4,5,4,2,4,4,3,4,3,5,5,5,4,4,0,0,FALSE
Female,Loyal Customer,60,Business Travel,Business,3809,2,2,2,2,5,5,4,5,5,5,5,3,3,3.69,0,10,TRUE
Male,Loyal Customer,25,Personal Travel,Eco,1037,4,5,5,1,5,5,5,5,5,2,5,5,5,4.38,19,3,TRUE
Male,Loyal Customer,27,Business Travel,Business,2862,1,1,1,1,5,5,5,5,4,1,1,3,5,2.92,10,24,TRUE
Female,Loyal Customer,35,Business Travel,Eco,990,4,3,3,3,4,4,4,4,1,5,1,1,4,3.15,0,11,TRUE
Male,Loyal Customer,65,Personal Travel,Eco,223,1,5,0,3,3,0,3,3,5,4,5,4,3,3,5,4,FALSE
Male,Loyal Customer,47,Personal Travel,Eco,1074,2,4,2,3,3,2,3,3,4,2,4,5,3,3.08,3,30,FALSE
Male,Loyal Customer,22,Business Travel,Business,1643,3,1,4,4,3,3,3,3,1,1,2,2,3,2.54,31,30,FALSE
Male,Loyal Customer,8,Personal Travel,Eco,2253,2,1,2,4,2,2,1,2,3,3,4,1,2,2.23,0,0,FALSE
Female,Loyal Customer,33,Personal Travel,Business,325,3,5,3,3,5,2,2,3,3,3,3,2,5,3.23,46,39,FALSE
Male,Loyal Customer,45,Business Travel,Eco,214,2,1,1,1,2,2,2,2,1,3,4,3,2,2,72,100,FALSE
Female,Loyal Customer,52,Business Travel,Business,1539,0,0,0,3,3,4,4,4,4,4,4,5,3,2.92,0,0,TRUE
Male,Loyal Customer,64,Personal Travel,Eco,813,3,2,3,2,4,3,1,4,2,3,1,3,4,2.69,18,16,FALSE
Male,Loyal Customer,48,Personal Travel,Eco,397,2,3,2,3,2,2,2,2,4,5,3,3,2,2.69,0,0,FALSE
Female,Loyal Customer,23,Business Travel,Eco,503,3,4,3,4,3,4,4,3,1,2,5,4,3,3.31,7,10,TRUE
Female,Loyal Customer,25,Business Travel,Business,2220,3,3,3,3,5,5,5,5,5,5,4,4,5,4.23,6,1,TRUE
Male,Loyal Customer,29,Business Travel,Business,2463,5,5,5,5,5,5,5,5,5,3,4,3,5,4.62,30,18,TRUE
Male,Loyal Customer,34,Personal Travel,Eco,733,3,3,3,3,3,1,1,4,1,4,3,1,1,2.38,140,132,FALSE
Female,Loyal Customer,19,Personal Travel,Eco,321,1,3,1,3,4,1,4,4,1,2,3,4,4,2.69,0,0,FALSE
Female,Disloyal Customer,21,Business Travel,Business,720,0,0,0,4,5,0,5,5,5,4,5,4,5,3.23,0,0,TRUE
Male,Loyal Customer,42,Personal Travel,Eco,283,2,5,2,1,3,2,3,3,5,4,5,2,3,3.08,0,0,FALSE
Male,Disloyal Customer,36,Business Travel,Business,473,4,4,4,3,1,4,1,1,3,3,3,4,1,2.77,0,14,FALSE
Male,Loyal Customer,47,Business Travel,Business,190,2,1,1,1,4,2,3,4,4,4,2,3,4,2.69,49,55,FALSE
Male,Loyal Customer,57,Business Travel,Business,3428,1,1,5,1,4,4,5,4,4,4,4,5,3,3.46,0,0,TRUE
Male,Loyal Customer,43,Business Travel,Business,2248,0,0,0,2,3,4,5,4,4,4,4,3,3,2.77,0,7,TRUE
Female,Loyal Customer,19,Business Travel,Business,2417,4,4,5,4,4,4,4,4,5,4,4,5,4,4.23,32,15,TRUE
Male,Loyal Customer,57,Business Travel,Business,2252,1,1,1,1,4,5,4,3,3,4,3,3,4,2.85,0,0,TRUE
Male,Loyal Customer,27,Business Travel,Business,2425,3,3,3,3,4,4,4,4,4,5,2,1,4,3.38,0,0,TRUE
Female,Loyal Customer,49,Business Travel,Business,134,3,3,3,3,4,4,5,5,5,5,4,3,4,3.92,0,0,TRUE
Female,Loyal Customer,60,Business Travel,Eco,356,4,5,5,5,3,2,3,4,4,4,4,4,2,3.77,0,0,FALSE
Female,Disloyal Customer,38,Business Travel,Eco,414,3,1,3,4,2,3,2,2,1,2,3,1,2,2.23,12,7,FALSE
Female,Loyal Customer,54,Personal Travel,Eco,257,4,5,4,2,5,5,4,5,5,4,5,2,1,3.92,51,41,FALSE
Male,Loyal Customer,49,Business Travel,Eco Plus,102,3,5,3,3,3,3,3,3,3,4,3,4,3,3.31,15,30,FALSE
Male,Loyal Customer,55,Business Travel,Eco,337,2,4,5,5,2,2,2,2,2,3,2,4,2,2.85,0,0,TRUE
Female,Loyal Customer,45,Business Travel,Business,1868,4,4,4,4,4,4,5,3,3,3,3,3,4,3.69,0,0,TRUE
Male,Loyal Customer,31,Business Travel,Business,1768,5,5,4,5,5,5,5,5,5,2,5,4,5,4.62,0,0,TRUE
Male,Disloyal Customer,47,Business Travel,Eco,399,4,5,4,1,5,4,5,5,1,3,5,2,5,3.77,0,0,FALSE
Female,Loyal Customer,22,Personal Travel,Eco,581,2,4,2,1,3,2,5,3,4,5,5,3,3,3.23,0,0,FALSE
Female,Loyal Customer,25,Personal Travel,Eco,680,2,5,2,2,2,2,2,2,5,3,5,5,2,3,0,0,FALSE
Female,Loyal Customer,10,Personal Travel,Eco,842,4,5,4,2,4,4,4,4,3,3,5,4,4,3.85,32,27,TRUE
Male,Loyal Customer,49,Business Travel,Business,431,4,5,3,3,5,3,4,4,4,4,4,3,1,3.62,0,0,FALSE
Male,Loyal Customer,43,Business Travel,Business,425,2,4,4,4,1,4,4,2,2,2,2,1,4,2.77,0,0,FALSE
Female,Loyal Customer,65,Personal Travel,Eco,419,4,4,4,4,3,5,2,3,3,4,3,3,5,3.62,0,0,FALSE
Male,Loyal Customer,69,Personal Travel,Eco,587,1,3,1,2,1,1,1,1,4,2,2,4,1,1.85,34,26,FALSE
Male,Loyal Customer,16,Personal Travel,Eco,503,3,1,3,1,3,3,3,3,1,1,2,4,3,2.38,0,0,FALSE
Male,Loyal Customer,36,Personal Travel,Eco,577,2,5,2,2,2,2,2,2,4,2,5,4,2,2.77,19,10,FALSE
Female,Loyal Customer,70,Personal Travel,Eco Plus,1020,2,4,1,4,5,5,1,4,4,1,2,2,2,2.85,30,12,FALSE
Male,Loyal Customer,43,Business Travel,Business,2324,5,5,5,5,2,2,3,5,5,5,4,2,1,3.77,48,39,TRUE
Female,Loyal Customer,57,Business Travel,Eco,350,3,4,4,4,5,3,4,3,3,3,3,2,2,3.31,0,0,FALSE
Female,Disloyal Customer,26,Business Travel,Eco,689,3,3,3,1,3,3,3,3,2,1,3,5,3,2.77,0,0,FALSE
Female,Loyal Customer,16,Personal Travel,Eco Plus,2330,2,4,2,1,2,2,2,2,3,3,4,3,2,2.46,0,0,FALSE
Male,Disloyal Customer,15,Business Travel,Eco,501,4,0,4,2,3,4,2,3,3,4,2,5,3,3,0,0,TRUE
Female,Loyal Customer,27,Business Travel,Business,3454,2,2,2,2,4,4,4,4,4,2,5,3,4,3.23,9,8,TRUE
Female,Loyal Customer,58,Business Travel,Business,1440,4,4,4,4,3,5,4,3,3,3,3,4,3,3.62,10,11,TRUE
Male,Loyal Customer,51,Personal Travel,Eco,805,2,3,2,4,3,2,5,3,1,4,3,3,3,2.92,47,46,FALSE
Male,Disloyal Customer,16,Business Travel,Eco,802,2,2,2,4,5,2,5,5,2,4,3,2,5,3.31,0,0,FALSE
Male,Loyal Customer,56,Business Travel,Business,3987,3,3,3,3,2,5,4,3,3,4,3,4,4,3.38,0,0,TRUE
Female,Loyal Customer,25,Business Travel,Eco Plus,836,5,3,3,3,5,5,5,5,3,4,5,3,5,4.15,2,0,TRUE
Female,Loyal Customer,49,Personal Travel,Eco,1846,2,4,3,3,2,5,5,3,3,3,3,3,5,3.38,16,7,FALSE
Male,Loyal Customer,32,Business Travel,Business,2429,5,5,5,5,4,4,4,4,3,4,5,4,4,4.31,0,0,TRUE
Female,Loyal Customer,52,Personal Travel,Eco,1090,3,5,3,2,2,2,3,2,2,3,2,5,2,2.77,35,56,FALSE
Female,Loyal Customer,52,Personal Travel,Eco,307,2,5,2,5,5,4,5,2,2,2,2,3,5,3.38,20,2,FALSE
Male,Loyal Customer,29,Business Travel,Business,2493,5,2,5,5,5,5,5,5,2,5,2,5,5,4.31,0,0,TRUE
Female,Loyal Customer,27,Business Travel,Business,3315,3,5,5,5,3,3,3,3,3,4,3,2,3,3.46,102,98,FALSE
Male,Loyal Customer,9,Personal Travel,Eco,1047,2,5,2,2,2,2,3,2,3,2,5,5,2,2.85,18,13,FALSE
Female,Loyal Customer,65,Personal Travel,Eco,469,3,3,3,3,4,3,3,5,5,3,5,3,1,3.38,0,0,FALSE
Male,Loyal Customer,54,Business Travel,Business,1844,4,4,4,4,2,5,5,3,3,4,3,5,5,3.92,3,0,TRUE
Female,Loyal Customer,56,Business Travel,Eco,125,2,2,2,2,4,4,4,2,2,2,2,2,4,2.62,0,0,FALSE
Female,Loyal Customer,25,Business Travel,Business,781,2,3,5,3,2,2,2,2,2,2,3,2,2,2.46,0,0,FALSE
Male,Loyal Customer,40,Business Travel,Business,419,3,3,3,3,5,5,5,5,5,5,5,4,5,4.31,5,0,TRUE
Male,Loyal Customer,40,Business Travel,Business,248,0,0,0,3,3,4,4,5,5,5,5,5,4,3.31,0,1,TRUE
Female,Loyal Customer,59,Personal Travel,Business,2454,4,2,4,3,5,3,4,2,2,4,2,3,4,3.23,0,0,FALSE
Male,Loyal Customer,12,Personal Travel,Eco,802,4,2,4,4,1,4,1,1,1,2,4,1,1,2.31,0,11,FALSE
Female,Loyal Customer,67,Personal Travel,Eco,222,2,5,2,1,3,4,1,5,5,2,5,4,4,3.31,20,1,FALSE
Male,Loyal Customer,59,Business Travel,Business,3800,0,4,0,3,5,4,4,1,1,1,1,5,5,2.62,0,0,TRUE
Male,Loyal Customer,38,Business Travel,Business,1585,4,4,4,4,4,4,4,4,4,4,4,3,5,4,0,0,TRUE
Female,Loyal Customer,60,Business Travel,Business,1754,2,5,2,2,5,3,5,5,5,5,5,3,3,3.85,5,0,TRUE
Female,Loyal Customer,37,Business Travel,Business,2452,5,5,5,5,4,5,4,5,5,5,5,5,4,4.77,121,106,TRUE
Female,Loyal Customer,40,Personal Travel,Eco,612,4,5,4,2,3,4,3,3,5,5,5,3,3,3.77,0,0,FALSE
Female,Loyal Customer,12,Personal Travel,Eco,580,3,2,3,3,4,3,4,4,1,5,4,2,4,3.23,0,0,FALSE
Male,Disloyal Customer,50,Business Travel,Business,1737,1,1,1,4,5,1,5,5,5,2,4,4,5,3.31,0,0,FALSE
Female,Disloyal Customer,24,Business Travel,Business,423,5,0,5,5,4,5,1,4,4,3,5,5,4,3.85,0,0,TRUE
Male,Loyal Customer,16,Personal Travel,Eco,216,3,0,3,4,1,3,1,1,3,4,5,4,1,2.54,1,0,FALSE
Male,Disloyal Customer,59,Business Travel,Business,224,2,2,2,2,4,2,4,4,1,5,3,2,4,2.85,0,2,FALSE
Female,Loyal Customer,41,Business Travel,Business,303,1,1,3,1,3,5,5,4,4,4,4,4,3,3.23,25,18,TRUE
Male,Loyal Customer,56,Business Travel,Business,247,2,2,3,2,4,4,5,5,5,5,5,5,3,3.85,1,8,TRUE
Male,Loyal Customer,60,Business Travel,Eco,946,4,5,5,5,4,4,4,4,5,2,1,1,4,3.69,0,0,TRUE
Male,Loyal Customer,31,Personal Travel,Eco Plus,101,2,4,0,1,3,0,3,3,3,5,5,5,3,2.85,12,18,FALSE
Male,Loyal Customer,40,Personal Travel,Eco,158,3,5,0,3,3,0,3,3,5,2,5,3,3,2.92,1,0,FALSE
Female,Loyal Customer,19,Personal Travel,Eco,1009,2,4,2,1,3,2,2,3,5,3,4,5,3,3,0,0,FALSE
Female,Loyal Customer,39,Business Travel,Business,544,3,3,3,3,2,5,4,2,2,2,2,4,4,3,0,0,TRUE
Female,Disloyal Customer,22,Business Travel,Business,1481,4,4,4,2,4,4,4,4,4,3,5,4,4,3.85,0,0,TRUE
Male,Loyal Customer,30,Personal Travel,Eco Plus,224,1,5,1,4,3,1,3,3,3,2,4,3,3,2.77,0,0,FALSE
Female,Loyal Customer,11,Personal Travel,Eco,446,2,4,2,4,1,2,1,1,5,5,5,4,1,2.85,7,2,FALSE
Female,Loyal Customer,48,Business Travel,Business,945,5,5,5,5,5,5,4,2,2,2,2,4,5,3.92,0,0,TRUE
Male,Loyal Customer,58,Personal Travel,Eco,837,3,5,3,3,5,3,5,5,1,3,4,5,5,3.85,0,0,FALSE
Male,Loyal Customer,44,Business Travel,Business,522,5,5,3,5,5,3,4,4,4,4,4,3,5,4.15,8,0,TRUE
Female,Loyal Customer,24,Business Travel,Business,528,4,5,4,4,4,4,4,4,3,5,4,4,4,4.08,2,0,TRUE
Male,Disloyal Customer,37,Business Travel,Business,1105,2,2,2,5,3,2,1,3,4,1,2,4,3,2.62,5,0,FALSE
Female,Loyal Customer,35,Personal Travel,Eco,240,3,5,0,1,3,0,3,3,5,3,4,3,3,2.77,0,0,FALSE
Male,Disloyal Customer,24,Business Travel,Eco,620,5,0,5,2,4,5,5,4,5,5,4,5,4,4.08,0,0,TRUE
Female,Disloyal Customer,40,Business Travel,Business,228,4,4,4,3,4,4,4,4,2,3,5,4,4,3.77,30,3,TRUE
Male,Loyal Customer,34,Business Travel,Eco Plus,628,2,1,1,1,2,2,2,2,2,2,4,1,2,1.85,3,15,FALSE
Male,Disloyal Customer,38,Business Travel,Eco,191,3,3,3,4,3,5,5,1,1,3,4,5,5,3.46,128,337,FALSE
Female,Loyal Customer,32,Business Travel,Business,1566,3,3,1,3,3,3,3,3,5,3,4,4,3,3.15,0,0,TRUE
Male,Loyal Customer,48,Business Travel,Business,3761,5,5,5,5,3,5,4,4,4,4,4,5,4,4.38,0,0,TRUE
Male,Loyal Customer,25,Business Travel,Eco Plus,612,0,3,0,3,5,0,5,5,1,2,3,2,5,2.62,0,18,TRUE
Male,Loyal Customer,21,Business Travel,Business,1379,1,1,1,1,4,4,4,4,4,3,4,3,4,2.92,0,0,TRUE
Male,Loyal Customer,15,Personal Travel,Eco,679,2,4,2,1,3,2,3,3,3,5,5,3,3,3,0,0,FALSE
Male,Loyal Customer,22,Business Travel,Business,929,3,3,3,3,4,4,4,4,4,3,4,5,4,3.69,21,14,TRUE
Male,Loyal Customer,13,Personal Travel,Eco,2504,5,3,5,2,3,5,3,3,1,5,3,3,3,3.38,10,0,TRUE
Male,Loyal Customer,36,Personal Travel,Eco,334,3,4,3,1,3,3,3,3,3,2,4,4,3,3,0,0,FALSE
Female,Disloyal Customer,17,Business Travel,Business,590,5,0,5,2,3,5,3,3,4,5,4,4,3,3.54,0,0,TRUE
Female,Loyal Customer,70,Personal Travel,Eco,495,2,1,2,2,5,2,3,4,4,2,4,2,1,2.62,20,16,FALSE
Female,Loyal Customer,51,Personal Travel,Eco,354,4,4,3,2,3,4,5,4,4,3,4,5,3,3.69,0,0,FALSE
Female,Loyal Customer,33,Personal Travel,Eco Plus,406,3,4,3,2,3,3,3,3,3,4,5,4,3,3.31,71,65,FALSE
Female,Disloyal Customer,30,Business Travel,Business,992,1,0,0,5,2,0,2,2,4,2,5,3,2,2.15,0,0,FALSE
Female,Disloyal Customer,24,Business Travel,Eco,707,5,5,5,5,4,5,4,4,1,5,4,1,4,4,0,0,TRUE
Male,Loyal Customer,47,Personal Travel,Eco,700,1,5,1,1,4,1,4,4,5,2,5,5,4,3.23,0,8,FALSE
Male,Loyal Customer,38,Business Travel,Business,3904,1,1,1,1,3,5,5,4,4,4,4,4,4,3.15,0,0,TRUE
Female,Loyal Customer,38,Business Travel,Business,1068,3,5,5,5,2,4,4,3,3,3,3,1,4,3.46,0,0,FALSE
Male,Loyal Customer,53,Personal Travel,Eco Plus,2065,2,5,2,3,2,1,1,3,4,4,4,1,1,2.54,203,190,FALSE
Female,Disloyal Customer,20,Business Travel,Eco,528,0,1,0,4,1,0,1,1,1,2,2,5,1,1.46,0,0,TRUE
Male,Disloyal Customer,27,Business Travel,Eco,421,1,5,1,5,1,1,1,1,2,4,3,1,1,2.08,2,0,FALSE
Female,Loyal Customer,51,Business Travel,Business,3526,2,5,5,5,2,3,4,2,2,2,2,3,4,3.15,0,11,FALSE
Female,Loyal Customer,59,Personal Travel,Eco,1825,2,4,2,4,3,2,4,3,3,2,5,4,4,3.23,0,0,FALSE
Male,Loyal Customer,58,Business Travel,Business,483,3,3,3,3,5,5,4,4,4,4,4,4,3,3.77,12,23,TRUE
Female,Loyal Customer,43,Business Travel,Business,1561,0,0,0,2,4,4,4,2,2,2,2,3,4,2.23,1,3,TRUE
Female,Loyal Customer,34,Business Travel,Business,3755,0,5,0,3,5,2,4,3,3,3,3,4,2,2.85,0,0,TRUE
Female,Loyal Customer,64,Personal Travel,Business,554,4,5,4,1,2,5,5,5,5,4,5,5,5,4.23,0,8,FALSE
Male,Loyal Customer,56,Personal Travel,Eco,1218,3,4,3,4,3,3,3,3,2,1,3,3,3,2.92,0,0,FALSE
Female,Loyal Customer,25,Business Travel,Business,1005,2,2,3,2,4,4,4,4,5,5,5,4,4,3.69,0,0,TRUE
Male,Disloyal Customer,25,Business Travel,Eco,998,1,1,1,5,5,1,5,5,3,5,5,4,5,3.54,0,0,FALSE
Male,Loyal Customer,30,Personal Travel,Eco,985,2,3,1,4,5,1,5,5,2,2,3,1,5,3,11,5,FALSE
Male,Loyal Customer,16,Personal Travel,Eco Plus,359,1,2,1,3,1,1,1,1,3,1,3,2,1,1.62,0,0,FALSE
Female,Loyal Customer,56,Business Travel,Eco,189,5,2,2,2,1,2,3,5,5,5,5,3,2,3.23,58,52,TRUE
Male,Loyal Customer,49,Business Travel,Eco,795,5,3,3,3,5,5,5,5,4,1,5,4,5,4.08,9,0,TRUE
Male,Loyal Customer,63,Personal Travel,Eco,852,3,5,3,1,4,3,4,4,5,3,4,5,4,3.69,0,0,FALSE
Female,Loyal Customer,61,Business Travel,Business,3114,3,3,3,3,4,5,5,3,3,4,3,5,4,3.69,66,67,TRUE
Male,Loyal Customer,59,Business Travel,Business,1342,2,2,2,2,4,5,4,4,4,4,4,4,3,3.38,22,23,TRUE
Male,Loyal Customer,23,Personal Travel,Eco Plus,230,3,4,3,5,5,3,5,5,5,2,4,5,5,4.15,0,0,FALSE
Female,Loyal Customer,43,Business Travel,Business,373,2,2,2,2,2,5,5,4,4,4,4,3,4,3.31,0,0,TRUE
Female,Loyal Customer,52,Business Travel,Business,229,2,2,2,2,2,4,5,4,4,4,4,3,3,3.15,0,0,TRUE
Male,Loyal Customer,11,Personal Travel,Eco,1576,1,5,1,2,1,1,1,1,3,4,5,3,1,2.23,0,0,FALSE
Female,Loyal Customer,67,Business Travel,Business,2754,1,1,4,1,1,4,3,4,4,4,4,1,4,2.77,2,0,TRUE
Male,Loyal Customer,26,Personal Travel,Eco,1565,2,4,3,3,5,3,5,5,3,5,4,5,5,4,0,0,FALSE
Female,Loyal Customer,17,Personal Travel,Eco,834,2,4,2,4,2,2,2,4,5,4,5,2,2,3.08,263,247,FALSE
Female,Loyal Customer,59,Business Travel,Eco,391,1,5,5,5,3,3,4,1,1,1,1,3,2,2.69,0,4,FALSE
Female,Loyal Customer,35,Personal Travel,Eco,1121,3,4,3,3,5,3,5,5,4,5,4,5,5,4.15,0,0,FALSE
Male,Loyal Customer,48,Personal Travel,Eco,1013,3,5,3,4,2,3,4,2,2,2,3,2,2,2.85,0,0,FALSE
Female,Loyal Customer,24,Personal Travel,Business,199,2,4,2,4,2,2,2,2,4,5,5,5,2,3.15,10,22,FALSE
Male,Disloyal Customer,45,Business Travel,Business,733,2,3,3,3,1,2,1,1,5,3,4,4,1,2.54,108,121,FALSE
Male,Disloyal Customer,29,Business Travel,Business,944,3,3,3,3,4,3,4,4,2,4,4,2,4,3.31,48,51,FALSE
Male,Loyal Customer,57,Business Travel,Business,3228,1,1,1,1,5,5,4,5,5,5,5,3,5,3.54,15,49,TRUE
Female,Loyal Customer,25,Business Travel,Business,3532,4,4,4,4,4,4,4,4,4,5,1,4,4,3.85,0,0,TRUE
Male,Loyal Customer,52,Business Travel,Business,516,5,5,5,5,4,4,4,4,4,4,4,5,3,4.31,20,18,TRUE
Male,Loyal Customer,48,Business Travel,Business,3360,2,5,3,5,4,3,3,2,2,2,2,4,3,3.08,31,11,FALSE
Male,Disloyal Customer,18,Business Travel,Eco,691,1,1,1,1,1,3,3,4,1,3,4,3,3,2.23,315,297,FALSE
Male,Disloyal Customer,24,Business Travel,Business,489,0,0,0,2,3,0,3,3,4,4,5,3,3,2.31,0,0,TRUE
Male,Disloyal Customer,41,Business Travel,Eco,332,4,2,4,3,4,4,4,4,3,1,4,3,4,3.38,43,22,FALSE
Female,Loyal Customer,42,Business Travel,Business,541,1,1,1,1,5,5,4,4,4,5,4,3,3,3.15,0,0,TRUE
Male,Loyal Customer,56,Business Travel,Business,1235,4,4,4,4,4,4,4,4,4,4,4,3,3,3.85,10,15,TRUE
Male,Loyal Customer,60,Business Travel,Business,1733,4,4,4,4,4,4,4,3,5,3,4,4,4,3.92,381,436,TRUE
Female,Disloyal Customer,46,Business Travel,Eco,2402,2,3,3,3,2,5,5,3,4,4,3,5,5,3.62,0,6,FALSE
Male,Loyal Customer,44,Personal Travel,Eco,238,4,4,4,1,3,4,3,3,3,4,5,3,3,3.38,13,7,FALSE
Female,Loyal Customer,49,Business Travel,Business,2233,4,1,1,1,2,4,3,1,1,1,4,2,2,2.08,13,0,FALSE
Female,Loyal Customer,31,Business Travel,Business,1980,4,3,3,3,4,4,4,1,5,4,3,4,4,3.54,324,307,FALSE
Male,Loyal Customer,59,Business Travel,Business,3808,1,5,5,5,2,1,2,1,1,1,1,2,2,2.23,0,0,FALSE
Male,Loyal Customer,26,Personal Travel,Eco,1023,3,1,3,3,2,3,2,2,2,4,4,3,2,2.62,18,7,FALSE
Male,Loyal Customer,60,Business Travel,Business,2644,3,3,3,3,2,4,3,3,3,3,3,2,3,2.92,22,27,FALSE
Male,Disloyal Customer,22,Business Travel,Eco,240,2,0,2,3,5,2,5,5,3,3,5,3,5,3.31,20,20,FALSE
Female,Disloyal Customer,25,Business Travel,Eco,125,2,0,2,4,2,2,2,2,2,4,2,5,2,2.38,0,0,FALSE
Male,Loyal Customer,42,Business Travel,Eco,2075,2,2,2,2,2,2,2,2,1,2,4,2,2,2.08,0,0,FALSE
Female,Disloyal Customer,24,Business Travel,Eco,1017,4,4,4,2,3,4,3,3,5,4,5,3,3,3.62,8,0,FALSE
Male,Loyal Customer,25,Business Travel,Business,1506,2,2,2,2,4,4,4,4,5,5,5,5,4,3.69,23,12,TRUE
Female,Loyal Customer,32,Business Travel,Business,3678,5,5,5,5,4,4,4,4,2,4,3,1,4,3.85,0,0,TRUE
Male,Loyal Customer,20,Personal Travel,Eco,1746,3,0,4,3,4,4,4,4,4,2,4,2,4,3.23,1,0,FALSE
Male,Loyal Customer,53,Business Travel,Business,3886,3,1,1,1,4,3,4,3,3,3,3,2,2,2.54,0,0,FALSE
Female,Loyal Customer,24,Personal Travel,Eco,894,3,5,2,1,5,2,5,5,4,2,5,3,5,3.62,68,75,FALSE
Male,Loyal Customer,37,Business Travel,Business,240,1,1,1,1,1,4,5,4,4,4,4,2,4,2.77,0,0,TRUE
Male,Loyal Customer,45,Personal Travel,Eco Plus,946,1,5,1,2,5,1,4,5,2,5,1,1,5,2.92,0,0,FALSE
Female,Loyal Customer,44,Business Travel,Eco,125,5,1,1,1,3,3,2,5,5,5,5,2,2,3.08,0,0,TRUE
Female,Loyal Customer,32,Business Travel,Business,2475,1,1,1,1,5,5,5,5,4,2,5,3,5,3.31,0,0,TRUE
Male,Loyal Customer,29,Business Travel,Business,821,5,5,3,5,4,4,4,4,3,4,4,3,4,4,62,63,TRUE
Female,Disloyal Customer,30,Business Travel,Eco,442,2,0,1,1,4,1,2,4,1,3,3,3,4,2.23,2,1,FALSE
Female,Disloyal Customer,26,Business Travel,Business,316,3,0,3,1,1,3,1,1,5,2,5,3,1,2.23,0,0,FALSE
Female,Loyal Customer,59,Business Travel,Business,3225,1,1,1,1,2,4,5,5,5,5,5,4,5,3.38,0,1,TRUE
Female,Loyal Customer,23,Personal Travel,Eco,1127,2,4,2,2,3,2,1,3,3,5,5,5,3,3.08,0,0,FALSE
Male,Loyal Customer,58,Business Travel,Business,2608,5,5,5,5,5,4,4,5,5,5,5,3,4,4.62,0,4,TRUE
Male,Loyal Customer,33,Business Travel,Business,308,2,2,2,2,4,4,4,4,3,4,5,5,4,3.46,0,27,TRUE
Male,Loyal Customer,59,Business Travel,Business,2853,2,1,1,1,2,2,2,2,2,1,2,2,4,1.85,0,19,FALSE
Female,Loyal Customer,49,Business Travel,Business,1504,1,1,5,1,4,1,5,4,4,5,4,2,2,3,85,66,TRUE
Female,Loyal Customer,53,Business Travel,Business,600,5,5,5,5,5,5,4,5,5,5,5,4,4,4.77,18,37,TRUE
Male,Loyal Customer,30,Business Travel,Business,522,5,5,5,5,4,5,4,4,2,3,1,3,4,3.85,0,0,TRUE
Female,Disloyal Customer,15,Business Travel,Eco,998,3,3,3,2,3,5,5,2,2,2,3,5,5,3.31,51,31,FALSE
Male,Loyal Customer,66,Business Travel,Business,280,4,4,4,4,5,4,5,4,4,4,4,5,4,4.23,60,50,TRUE
Female,Loyal Customer,45,Personal Travel,Eco Plus,1034,1,5,0,5,2,5,4,5,5,0,5,3,4,3.38,1,0,FALSE
Female,Loyal Customer,66,Personal Travel,Eco,319,1,2,1,3,4,2,2,2,2,1,4,1,3,2.15,0,0,FALSE
Female,Disloyal Customer,26,Business Travel,Business,1055,5,5,5,2,2,5,2,2,3,2,4,5,2,3.38,0,0,TRUE
Male,Loyal Customer,30,Personal Travel,Eco,290,4,4,2,1,4,2,4,4,3,4,5,3,4,3.38,0,0,TRUE
Female,Loyal Customer,49,Business Travel,Business,3721,1,1,1,1,4,5,4,4,4,4,4,3,5,3.15,44,36,TRUE
Female,Disloyal Customer,26,Business Travel,Business,337,0,5,0,4,5,0,5,5,5,5,5,5,5,3.77,16,14,TRUE
Female,Loyal Customer,43,Personal Travel,Eco,447,4,5,4,3,5,4,4,2,2,4,2,4,5,3.69,0,0,FALSE
Female,Loyal Customer,42,Personal Travel,Eco,435,3,5,3,1,2,4,5,4,4,3,4,4,5,3.62,0,0,FALSE
Female,Loyal Customer,20,Personal Travel,Business,212,3,1,3,4,4,3,4,4,4,5,5,5,4,3.77,1,0,FALSE
Male,Loyal Customer,14,Personal Travel,Eco,937,2,5,2,1,4,2,4,4,3,2,4,1,4,2.92,0,0,FALSE
Male,Loyal Customer,16,Business Travel,Eco Plus,634,0,3,0,4,2,0,1,2,4,2,1,5,2,2,0,0,TRUE
Female,Disloyal Customer,22,Business Travel,Eco,133,4,0,5,4,3,5,3,3,1,2,4,3,3,3.08,0,0,TRUE
Male,Loyal Customer,41,Personal Travel,Eco,351,5,5,5,3,3,5,2,3,3,3,5,3,3,3.69,0,0,TRUE
Female,Loyal Customer,43,Business Travel,Business,2133,5,2,5,5,3,4,5,3,3,3,3,5,4,3.85,0,0,TRUE
Male,Loyal Customer,40,Business Travel,Eco,1771,4,3,3,3,4,4,4,4,3,4,4,2,4,3.54,0,17,FALSE
Female,Disloyal Customer,27,Business Travel,Business,1005,4,4,4,1,4,4,5,4,5,4,5,4,4,4,0,0,TRUE
Male,Loyal Customer,54,Business Travel,Eco,361,2,4,4,4,2,2,2,2,3,5,3,1,2,2.77,0,6,FALSE
Male,Loyal Customer,70,Personal Travel,Eco,581,3,5,3,4,2,3,2,2,3,4,4,4,2,3.15,7,0,FALSE
Female,Loyal Customer,29,Business Travel,Business,3294,4,1,1,1,4,4,4,4,1,4,4,4,4,3.08,7,7,FALSE
Male,Loyal Customer,46,Business Travel,Business,2521,4,2,2,2,4,4,4,4,1,3,2,4,4,3.08,20,22,FALSE
Female,Loyal Customer,31,Business Travel,Business,1851,5,5,5,5,4,4,4,4,2,3,4,4,4,4.08,21,15,TRUE
Male,Disloyal Customer,43,Business Travel,Business,1035,4,4,4,2,1,4,1,1,3,2,4,4,1,2.69,59,51,FALSE
Female,Loyal Customer,43,Personal Travel,Eco,2139,4,4,4,3,3,5,5,3,3,4,3,4,3,3.69,0,11,TRUE
Male,Disloyal Customer,20,Business Travel,Eco,1235,2,2,2,3,5,2,1,5,3,5,4,4,5,3.31,1,0,FALSE
Male,Loyal Customer,39,Business Travel,Business,3993,4,4,4,4,2,5,5,5,5,5,5,4,3,4.23,0,0,TRUE
Female,Loyal Customer,62,Business Travel,Business,3490,3,3,3,3,2,4,5,4,4,4,5,5,3,3.69,22,19,TRUE
Male,Loyal Customer,40,Business Travel,Business,689,4,4,4,4,4,4,4,4,3,5,5,4,4,4.08,179,181,TRUE
Female,Loyal Customer,7,Personal Travel,Eco,642,1,3,1,4,5,1,5,5,2,5,4,1,5,3.23,0,0,FALSE
Female,Disloyal Customer,24,Business Travel,Eco,775,1,2,2,4,3,2,3,3,3,2,4,3,3,2.69,0,0,FALSE
Female,Disloyal Customer,50,Business Travel,Eco,181,2,4,2,5,1,2,1,1,1,4,4,1,1,2.23,0,0,FALSE
Male,Loyal Customer,50,Business Travel,Eco,1024,4,1,3,1,4,4,4,4,4,5,4,2,4,3.38,2,29,TRUE
Male,Disloyal Customer,24,Business Travel,Eco,819,4,4,4,4,1,4,1,1,4,5,2,3,1,2.92,19,10,TRUE
Female,Loyal Customer,69,Personal Travel,Eco,317,3,2,3,3,2,4,3,4,4,3,5,4,1,3.15,0,2,FALSE
Female,Disloyal Customer,26,Business Travel,Eco,900,2,2,2,4,4,2,4,4,5,4,5,5,4,3.62,92,72,FALSE
Male,Loyal Customer,45,Business Travel,Business,3923,2,3,3,3,4,3,4,2,2,2,2,4,3,2.85,59,55,FALSE
Female,Loyal Customer,8,Personal Travel,Eco,1501,2,4,2,3,2,2,2,2,4,2,4,3,2,2.62,0,0,FALSE
Male,Loyal Customer,51,Personal Travel,Eco,488,3,2,3,3,5,3,5,5,1,1,4,3,5,3.31,0,0,FALSE
Male,Disloyal Customer,25,Business Travel,Business,544,3,0,3,2,1,3,1,1,3,5,5,5,1,2.54,0,0,FALSE
Female,Loyal Customer,41,Business Travel,Eco,846,4,3,3,3,4,4,4,4,4,5,5,2,4,3.77,0,0,TRUE
Male,Loyal Customer,23,Business Travel,Business,2858,5,5,5,5,4,4,4,4,5,4,5,3,4,4.38,7,0,TRUE
Male,Loyal Customer,55,Personal Travel,Business,834,3,4,3,1,3,4,4,1,1,3,1,3,4,2.69,43,39,FALSE
Female,Loyal Customer,57,Business Travel,Business,2023,2,2,2,2,2,5,5,5,5,5,5,4,5,3.77,5,0,TRUE
Female,Loyal Customer,42,Personal Travel,Eco,448,2,5,3,3,2,5,4,4,4,3,4,5,3,3.62,16,14,FALSE
Male,Loyal Customer,58,Personal Travel,Eco Plus,802,2,5,2,4,5,2,5,5,4,4,4,3,5,3.85,0,0,FALSE
Male,Loyal Customer,40,Business Travel,Business,3347,3,3,3,3,4,4,4,4,4,5,4,3,4,3.69,0,0,TRUE
Male,Loyal Customer,63,Business Travel,Business,271,0,0,0,1,3,2,4,3,3,3,3,2,3,2.08,20,0,TRUE
Female,Disloyal Customer,18,Business Travel,Eco,1231,2,2,2,3,2,2,2,2,5,4,3,3,2,2.62,0,0,FALSE
Female,Loyal Customer,16,Business Travel,Eco Plus,771,2,2,2,2,2,2,4,2,1,4,4,2,2,2.38,0,0,FALSE
Female,Disloyal Customer,8,Business Travel,Eco,1389,3,3,3,4,5,3,5,5,1,5,3,1,5,3.54,0,0,FALSE
Female,Loyal Customer,52,Personal Travel,Business,309,2,5,2,5,2,5,4,2,2,2,2,3,4,3.08,6,16,FALSE
Male,Disloyal Customer,29,Business Travel,Business,731,5,5,5,3,4,5,4,4,3,4,4,4,4,4.15,27,21,TRUE
Female,Loyal Customer,34,Business Travel,Business,102,5,5,5,5,2,3,5,5,5,5,3,2,5,4.23,0,4,TRUE
Male,Loyal Customer,65,Personal Travel,Eco,651,3,2,3,3,2,3,2,2,3,5,4,1,2,2.69,0,0,FALSE
Female,Loyal Customer,43,Personal Travel,Eco,1814,3,4,3,1,4,4,4,3,3,3,3,3,3,3.15,10,6,FALSE
Female,Loyal Customer,59,Business Travel,Business,304,1,1,1,1,1,2,4,4,4,4,4,1,5,2.54,0,0,TRUE
Female,Loyal Customer,42,Business Travel,Eco,828,4,1,1,1,2,2,2,4,4,4,4,2,5,2.77,0,21,TRUE
Male,Loyal Customer,63,Business Travel,Business,2780,5,5,5,5,3,3,4,5,5,5,5,3,3,4.31,100,90,TRUE
Male,Loyal Customer,58,Personal Travel,Eco Plus,502,1,5,2,2,2,2,2,2,3,5,4,5,2,2.85,0,0,FALSE
Female,Loyal Customer,56,Business Travel,Business,2414,3,3,3,3,2,5,4,5,5,5,5,4,5,4,25,11,TRUE
Male,Loyal Customer,53,Business Travel,Eco,777,2,5,5,5,2,2,2,2,2,1,3,4,2,2.85,0,0,FALSE
Female,Disloyal Customer,28,Business Travel,Eco,834,5,5,5,3,4,5,3,4,1,3,3,4,4,3.77,0,10,TRUE
Female,Loyal Customer,27,Business Travel,Business,1970,0,5,0,4,1,1,1,1,4,4,4,4,1,2.31,0,4,TRUE
Female,Loyal Customer,22,Business Travel,Eco,1195,5,4,4,4,5,5,4,5,1,2,1,4,5,3.77,47,43,TRUE
Male,Disloyal Customer,39,Business Travel,Eco,1064,3,3,3,1,1,3,1,1,2,5,5,4,1,2.54,0,0,FALSE
Male,Disloyal Customer,43,Business Travel,Business,551,1,1,1,3,4,1,4,4,4,2,4,4,4,2.85,0,0,FALSE
Male,Loyal Customer,29,Personal Travel,Eco Plus,106,2,4,0,3,5,0,5,5,5,2,4,4,5,3.38,0,0,FALSE
Male,Loyal Customer,28,Personal Travel,Eco Plus,73,4,3,4,4,3,4,3,3,3,5,4,2,3,3.46,42,37,FALSE
Female,Loyal Customer,33,Personal Travel,Eco Plus,689,2,4,2,3,5,2,4,5,3,3,4,4,5,3.54,0,0,FALSE
Female,Disloyal Customer,37,Business Travel,Eco,414,2,2,3,4,3,3,3,4,1,4,4,3,3,3,143,131,FALSE
Male,Loyal Customer,58,Personal Travel,Business,650,3,3,3,4,3,3,4,2,2,3,2,1,2,2.69,9,13,FALSE
Male,Disloyal Customer,13,Business Travel,Eco,484,1,2,1,4,1,1,1,1,3,1,3,2,1,1.69,8,3,FALSE
Female,Loyal Customer,51,Personal Travel,Eco,277,1,5,1,5,4,2,2,1,1,1,1,1,5,2.31,0,0,FALSE
Female,Disloyal Customer,49,Business Travel,Eco,984,1,1,1,1,1,1,1,1,2,2,1,3,1,1.31,0,0,FALSE
Male,Loyal Customer,37,Business Travel,Eco,125,5,1,1,1,5,5,5,5,1,2,1,4,5,3.15,3,0,TRUE
Female,Loyal Customer,58,Business Travel,Business,1507,2,2,2,2,4,5,4,5,5,5,5,3,4,3.69,3,6,TRUE
Male,Loyal Customer,64,Business Travel,Eco,223,4,3,3,3,4,4,4,4,3,2,4,3,4,3.46,0,0,FALSE
Female,Loyal Customer,10,Business Travel,Eco,964,4,1,1,1,4,4,3,4,1,2,4,4,4,2.85,2,0,TRUE
Male,Disloyal Customer,9,Business Travel,Eco,651,3,4,3,3,1,3,1,1,1,1,3,1,1,2,0,0,FALSE
Female,Loyal Customer,52,Personal Travel,Eco,2174,4,1,4,3,2,4,3,2,2,4,2,3,1,2.69,1,16,FALSE
Female,Disloyal Customer,47,Business Travel,Business,781,1,1,1,3,1,1,1,1,3,5,5,5,1,2.23,44,32,FALSE
Male,Disloyal Customer,43,Business Travel,Eco,1008,1,1,1,4,3,1,4,3,1,1,4,3,3,2.31,0,13,FALSE
Male,Loyal Customer,33,Personal Travel,Eco,1084,2,5,2,4,4,2,1,4,4,2,4,4,4,3.23,0,0,FALSE
Female,Loyal Customer,42,Business Travel,Business,1907,0,5,0,3,1,1,1,5,2,1,2,1,1,1.77,186,179,TRUE
Female,Loyal Customer,42,Personal Travel,Eco,528,3,4,3,4,3,4,5,4,4,3,4,3,4,3.69,0,0,FALSE
Male,Loyal Customer,60,Personal Travel,Eco,607,2,5,2,3,4,2,4,4,4,4,4,3,4,3.46,0,40,FALSE
Male,Loyal Customer,48,Personal Travel,Eco,895,2,1,2,2,4,2,4,4,2,5,3,4,4,3,0,37,FALSE
Female,Disloyal Customer,40,Business Travel,Business,1448,3,2,2,4,1,2,1,1,4,5,3,4,1,2.54,0,0,FALSE
Female,Loyal Customer,21,Personal Travel,Eco,1182,3,4,3,3,5,3,5,5,4,5,3,4,5,4,0,0,FALSE
Male,Loyal Customer,9,Personal Travel,Eco,594,1,5,1,1,5,1,5,5,3,3,4,4,5,3.31,0,0,FALSE
Female,Loyal Customer,25,Business Travel,Eco Plus,954,1,4,4,4,1,1,1,1,3,5,3,1,1,2.31,0,0,FALSE
Female,Loyal Customer,54,Personal Travel,Eco,173,2,4,0,3,5,4,4,1,1,0,4,3,3,2.62,52,58,FALSE
Male,Loyal Customer,47,Business Travel,Business,212,3,3,3,3,5,5,5,5,5,5,4,5,3,4.15,0,0,TRUE
Male,Loyal Customer,54,Business Travel,Business,393,3,3,3,3,3,4,5,4,4,4,4,5,4,3.77,0,0,TRUE
Female,Loyal Customer,35,Business Travel,Business,298,0,0,0,3,2,3,3,1,1,1,1,3,1,1.46,0,0,TRUE
Male,Loyal Customer,27,Personal Travel,Eco,1379,1,5,1,4,3,1,3,3,3,4,3,4,3,2.92,0,0,FALSE
Male,Loyal Customer,68,Personal Travel,Eco,1258,2,3,2,2,2,2,2,2,3,5,1,4,2,2.46,0,0,FALSE
Female,Loyal Customer,48,Business Travel,Business,1836,5,5,5,5,2,3,5,4,4,4,5,4,5,4.31,7,12,TRUE
Male,Disloyal Customer,45,Business Travel,Eco,912,3,3,3,4,5,3,5,5,3,1,4,4,5,3.69,0,0,FALSE
Male,Loyal Customer,51,Business Travel,Business,3848,1,2,2,2,1,2,2,3,3,3,1,1,4,2.08,0,26,FALSE
Female,Loyal Customer,60,Business Travel,Business,1664,3,3,3,3,5,5,5,4,4,4,4,4,5,4,0,0,TRUE
Female,Loyal Customer,40,Business Travel,Eco Plus,818,5,2,2,2,5,5,5,5,4,3,2,5,5,3.85,0,23,TRUE
Male,Loyal Customer,39,Personal Travel,Eco,260,2,3,2,4,5,2,5,5,4,1,4,3,5,3.46,0,0,FALSE
Male,Disloyal Customer,24,Business Travel,Eco,334,4,0,4,2,4,4,4,4,5,2,5,4,4,3.54,4,0,TRUE
Male,Disloyal Customer,36,Business Travel,Business,787,3,3,3,4,1,3,1,1,4,4,4,1,1,2.54,0,0,FALSE
Male,Loyal Customer,14,Personal Travel,Eco,1107,4,3,3,4,4,3,4,4,4,4,3,3,4,3.62,0,0,FALSE
Male,Disloyal Customer,43,Business Travel,Business,1587,2,2,2,4,5,2,5,5,4,2,5,5,5,3.69,1,0,FALSE
Male,Disloyal Customer,26,Business Travel,Eco,757,4,3,3,3,4,3,4,4,3,4,4,2,4,3.46,0,23,FALSE
Female,Loyal Customer,30,Personal Travel,Eco,590,1,4,2,3,2,2,3,2,5,3,4,4,2,2.85,17,28,FALSE
Male,Loyal Customer,35,Business Travel,Business,1808,5,5,3,5,2,5,2,5,5,5,5,1,3,3.92,12,9,TRUE
Male,Loyal Customer,46,Business Travel,Business,3046,0,0,0,5,5,4,4,5,5,5,5,4,5,3.62,0,0,TRUE
Female,Loyal Customer,44,Personal Travel,Eco,2603,4,2,4,4,4,1,1,2,5,2,3,1,1,2.62,0,34,FALSE
Female,Disloyal Customer,66,Business Travel,Eco Plus,460,2,2,2,3,2,2,2,2,3,5,3,1,2,2.38,0,0,FALSE
Female,Loyal Customer,45,Personal Travel,Eco Plus,109,3,5,3,2,3,4,5,3,3,5,5,5,5,3.92,175,165,FALSE
Female,Loyal Customer,36,Business Travel,Business,1592,4,4,4,4,3,5,5,5,5,5,5,3,4,4.31,0,0,TRUE
Female,Disloyal Customer,23,Business Travel,Eco,689,3,4,4,3,4,4,4,4,3,3,4,3,4,3.62,0,29,FALSE
Female,Loyal Customer,21,Personal Travel,Eco,399,2,5,2,3,4,2,4,4,5,4,5,5,4,3.77,1,5,FALSE
Male,Loyal Customer,47,Personal Travel,Eco,1107,2,1,2,1,3,2,3,3,1,5,2,3,3,2.38,0,0,FALSE
Female,Loyal Customer,46,Business Travel,Business,405,2,1,1,1,2,4,3,2,2,2,2,1,4,2.08,60,64,FALSE
Female,Loyal Customer,46,Business Travel,Business,1428,4,1,1,1,1,3,3,4,4,4,4,3,1,2.62,87,80,FALSE
Female,Disloyal Customer,25,Business Travel,Eco,399,2,0,2,1,5,2,5,5,3,4,3,4,5,3.15,0,0,FALSE
Female,Loyal Customer,24,Personal Travel,Eco,1249,4,5,4,5,3,4,3,3,3,4,3,3,3,3.62,10,8,FALSE
Male,Loyal Customer,51,Personal Travel,Eco Plus,1090,3,5,3,5,1,3,1,1,4,5,4,1,1,2.85,110,126,FALSE
Male,Loyal Customer,51,Business Travel,Business,297,3,3,3,3,5,4,5,4,4,4,4,5,4,3.92,49,34,TRUE
Male,Loyal Customer,10,Personal Travel,Eco,991,3,4,3,5,5,3,5,5,5,2,5,3,5,4.08,0,0,FALSE
Male,Loyal Customer,30,Personal Travel,Eco,948,1,3,1,4,4,1,4,4,2,1,4,2,4,2.69,9,16,FALSE
Female,Disloyal Customer,23,Business Travel,Eco,864,3,3,3,4,3,3,3,3,4,4,4,1,3,3.15,1,0,FALSE
Female,Disloyal Customer,42,Business Travel,Business,414,1,0,0,4,3,1,3,3,3,4,4,5,3,2.62,0,0,FALSE
Male,Loyal Customer,46,Business Travel,Business,1972,1,1,1,1,5,4,4,4,4,4,4,4,3,3.08,0,6,TRUE
Male,Loyal Customer,37,Personal Travel,Eco,1585,1,4,1,1,4,1,4,4,5,2,5,3,4,3,0,0,FALSE
Male,Loyal Customer,49,Business Travel,Business,3111,5,5,5,5,5,5,4,4,4,5,4,4,3,4.46,0,0,TRUE
Male,Loyal Customer,57,Personal Travel,Eco,143,3,5,3,3,1,3,1,1,5,5,4,5,1,3.08,0,0,FALSE
Female,Loyal Customer,34,Business Travel,Business,3293,3,3,3,3,2,5,5,4,4,4,4,5,3,3.69,1,0,TRUE
Male,Disloyal Customer,35,Business Travel,Eco,1491,4,4,4,4,4,4,4,4,5,1,1,2,4,3.46,0,0,FALSE
Male,Loyal Customer,53,Business Travel,Business,622,2,2,2,2,3,5,4,5,5,5,5,5,3,3.69,0,0,TRUE
Female,Disloyal Customer,52,Business Travel,Business,585,2,2,2,3,2,2,2,2,5,4,5,5,2,2.92,5,39,FALSE
Male,Loyal Customer,27,Business Travel,Business,2916,3,3,3,3,5,5,5,5,5,4,4,3,5,4.08,0,0,TRUE
Female,Loyal Customer,19,Business Travel,Business,359,4,4,5,4,4,4,4,4,2,1,1,2,4,3.31,0,11,TRUE
Female,Loyal Customer,64,Personal Travel,Eco,507,3,5,3,5,2,5,5,2,2,3,2,5,5,3.62,65,66,FALSE
Male,Loyal Customer,27,Business Travel,Business,3339,1,1,1,1,3,3,3,3,5,2,4,3,3,2.54,25,15,TRUE
Male,Loyal Customer,43,Business Travel,Business,363,2,2,2,2,3,4,1,5,5,5,5,4,2,3.23,0,23,TRUE
Female,Loyal Customer,49,Business Travel,Business,2811,1,1,1,1,5,2,1,5,5,5,5,2,4,2.92,0,0,TRUE
Female,Loyal Customer,29,Personal Travel,Eco,909,3,4,3,2,4,3,4,4,2,3,4,2,4,3.23,19,17,FALSE
Male,Loyal Customer,11,Personal Travel,Eco Plus,534,1,4,4,5,3,4,3,3,4,3,5,4,3,3.54,16,17,FALSE
Female,Loyal Customer,30,Business Travel,Business,2773,1,1,1,1,4,4,4,4,4,4,5,4,4,3.15,65,65,TRUE
Male,Loyal Customer,28,Business Travel,Business,2986,1,5,5,5,3,3,1,3,2,4,4,2,3,3.15,0,0,FALSE
Male,Loyal Customer,60,Business Travel,Eco Plus,187,5,2,2,2,5,5,5,5,2,1,1,4,5,3.38,0,0,TRUE
Male,Loyal Customer,69,Personal Travel,Eco,872,2,4,2,3,3,2,3,3,1,2,1,3,3,2.46,8,2,FALSE
Female,Disloyal Customer,23,Business Travel,Eco,1171,3,3,3,3,3,3,3,3,2,2,3,1,3,2.69,0,0,FALSE
Male,Loyal Customer,40,Business Travel,Eco,209,2,4,4,4,2,2,2,2,5,5,4,2,2,3.08,0,0,TRUE
Male,Loyal Customer,28,Personal Travel,Eco Plus,342,4,4,4,3,1,4,2,1,3,5,3,1,1,2.77,9,3,FALSE
Male,Loyal Customer,32,Business Travel,Eco,2172,3,3,3,3,3,4,3,3,1,4,4,4,3,3.15,0,0,TRUE
Female,Loyal Customer,42,Business Travel,Eco Plus,1846,3,2,2,2,1,4,3,3,3,3,3,3,2,2.62,10,12,FALSE
Female,Loyal Customer,7,Business Travel,Business,2390,1,4,4,4,1,1,1,1,2,3,3,2,1,2.15,47,30,FALSE
Male,Loyal Customer,47,Personal Travel,Business,834,3,4,3,1,3,1,5,4,4,5,5,5,5,3.69,214,217,FALSE
Male,Loyal Customer,39,Business Travel,Business,581,1,1,1,1,3,4,5,4,4,4,4,5,3,3.08,38,33,TRUE
Male,Disloyal Customer,20,Business Travel,Eco,323,2,2,2,4,5,2,3,5,4,5,3,1,5,3.31,0,1,FALSE
Male,Loyal Customer,72,Business Travel,Eco,237,4,2,3,3,4,4,4,4,3,3,3,1,4,3.23,0,0,FALSE
Male,Loyal Customer,47,Business Travel,Business,2486,4,4,4,4,3,5,5,4,4,4,4,4,3,4,0,0,TRUE
Male,Disloyal Customer,26,Business Travel,Eco,594,2,0,2,5,2,2,2,2,1,3,3,1,2,2.08,6,5,FALSE
Male,Loyal Customer,42,Business Travel,Business,3242,3,3,3,3,4,4,5,4,4,4,4,5,5,3.92,21,8,TRUE
Male,Disloyal Customer,17,Business Travel,Business,328,0,0,0,5,1,0,1,1,5,3,4,4,1,1.92,0,0,TRUE
Female,Loyal Customer,25,Business Travel,Business,569,4,2,2,2,4,4,4,4,2,1,4,2,4,3,0,0,FALSE
Male,Disloyal Customer,39,Business Travel,Eco,301,2,3,2,2,1,2,1,1,3,4,5,4,1,2.38,0,0,FALSE
Female,Loyal Customer,52,Business Travel,Business,2673,3,3,3,3,1,3,5,5,5,5,5,2,4,3.62,0,0,TRUE
Male,Loyal Customer,13,Personal Travel,Eco Plus,986,2,5,2,3,4,2,5,4,5,5,4,3,4,3.69,0,0,FALSE
Male,Loyal Customer,17,Business Travel,Business,1303,2,2,2,2,5,5,5,5,3,3,5,5,5,3.77,0,0,TRUE
Male,Loyal Customer,22,Business Travel,Eco,416,5,3,1,3,5,5,5,5,3,3,2,1,5,3.54,0,0,TRUE
Female,Loyal Customer,30,Business Travel,Business,3822,4,5,2,5,4,4,4,2,5,4,3,4,4,3.85,242,223,FALSE
Female,Loyal Customer,25,Business Travel,Business,1648,1,2,2,2,1,1,1,1,1,3,4,1,1,1.62,70,62,FALSE
Male,Loyal Customer,26,Business Travel,Business,2419,1,1,1,1,5,5,5,5,4,3,5,3,5,3.38,10,2,TRUE
Female,Loyal Customer,41,Business Travel,Business,907,3,3,3,3,4,5,5,4,4,4,4,5,4,3.92,0,8,TRUE
Male,Loyal Customer,30,Business Travel,Business,1926,4,4,2,4,4,4,4,4,5,5,1,5,4,3.85,0,0,TRUE
Female,Loyal Customer,23,Business Travel,Business,1020,3,5,5,5,3,3,3,3,2,2,3,2,3,3.23,75,53,FALSE
Male,Loyal Customer,47,Business Travel,Business,590,1,4,4,4,1,2,2,1,1,1,1,1,1,1.85,75,72,FALSE
Male,Loyal Customer,51,Business Travel,Business,2449,1,1,5,1,5,5,4,4,4,4,4,4,3,3.46,0,0,TRUE
Female,Loyal Customer,47,Business Travel,Business,86,1,1,4,1,1,5,3,5,5,5,4,3,4,3.23,43,39,TRUE
Male,Loyal Customer,45,Business Travel,Business,1898,2,3,3,3,5,2,2,2,2,2,2,2,1,2.38,0,0,FALSE
Female,Loyal Customer,45,Business Travel,Eco,1024,2,1,1,1,2,4,3,2,2,2,2,1,3,2,0,13,FALSE
Male,Loyal Customer,59,Business Travel,Business,1411,3,3,3,3,5,4,4,4,4,4,4,3,4,3.69,7,0,TRUE
Male,Disloyal Customer,22,Business Travel,Eco,297,2,4,1,4,4,1,4,4,5,5,5,4,4,3.62,0,0,FALSE
Female,Loyal Customer,40,Business Travel,Business,297,3,3,3,3,4,4,4,5,5,5,5,3,5,4,21,20,TRUE
Male,Disloyal Customer,26,Business Travel,Eco,651,3,5,3,3,3,3,3,3,5,5,1,5,3,3.46,0,0,FALSE
Female,Loyal Customer,58,Business Travel,Business,3262,2,2,2,2,4,5,5,3,3,3,3,5,3,3.23,0,0,TRUE
Female,Loyal Customer,36,Business Travel,Business,2873,4,4,3,4,4,1,5,5,5,5,5,2,2,3.77,0,0,TRUE
Male,Loyal Customer,40,Business Travel,Business,3230,4,4,4,4,5,4,5,4,4,4,4,3,5,4.15,0,0,TRUE
Male,Disloyal Customer,38,Business Travel,Business,1235,5,5,5,4,5,5,5,5,3,2,4,5,5,4.46,0,0,TRUE
Male,Loyal Customer,66,Personal Travel,Eco,450,2,5,5,3,4,5,4,4,3,5,5,4,4,4.08,0,0,FALSE
Male,Loyal Customer,70,Personal Travel,Eco,928,3,5,3,3,2,3,2,2,1,4,3,4,2,2.85,37,30,FALSE
Female,Loyal Customer,32,Personal Travel,Eco,96,3,5,0,2,5,0,2,5,4,2,4,5,5,3.23,0,9,FALSE
Female,Loyal Customer,68,Personal Travel,Eco Plus,224,3,4,3,3,3,4,4,3,3,3,3,3,4,3.31,0,0,FALSE
Female,Loyal Customer,28,Business Travel,Business,3965,5,5,5,5,4,4,4,4,3,4,4,3,4,4.15,0,0,TRUE
Female,Loyal Customer,34,Personal Travel,Eco Plus,370,4,2,4,3,3,4,2,3,3,3,4,4,3,3.23,0,0,FALSE
Male,Loyal Customer,35,Personal Travel,Eco,366,1,2,1,3,3,1,1,3,1,4,2,2,3,2.08,0,0,FALSE
Female,Loyal Customer,65,Personal Travel,Eco,598,0,2,0,3,4,5,5,2,2,0,2,4,3,2.46,90,80,TRUE
Female,Disloyal Customer,36,Business Travel,Eco,374,2,1,2,1,2,2,2,2,4,3,2,4,2,2.23,49,57,FALSE
Female,Loyal Customer,60,Business Travel,Business,1844,1,1,1,1,5,3,5,3,3,4,3,4,4,2.92,42,38,TRUE
Male,Disloyal Customer,39,Business Travel,Eco,147,4,0,4,1,4,4,4,4,2,1,4,2,4,2.92,0,0,FALSE
Male,Loyal Customer,19,Personal Travel,Eco,304,4,4,4,3,1,4,1,1,3,5,5,3,1,3,14,9,FALSE
Female,Loyal Customer,60,Personal Travel,Eco Plus,226,2,2,2,4,4,3,4,2,2,2,2,3,4,2.77,0,0,FALSE
Male,Loyal Customer,15,Personal Travel,Eco,67,4,4,4,3,2,4,2,2,1,5,3,2,2,2.92,0,12,TRUE
Female,Loyal Customer,39,Business Travel,Business,680,5,5,5,5,2,4,4,4,4,4,4,4,5,4.23,0,0,TRUE
Female,Loyal Customer,69,Personal Travel,Eco,248,3,4,3,2,5,4,4,4,4,3,4,5,3,3.69,9,10,FALSE
Female,Loyal Customer,48,Business Travel,Eco,689,4,2,2,2,4,2,3,4,4,4,4,1,3,3,27,11,TRUE
Male,Loyal Customer,44,Business Travel,Business,1188,5,2,5,5,2,4,4,2,2,2,2,3,5,3.31,9,0,TRUE
Female,Loyal Customer,44,Personal Travel,Eco,646,2,2,2,3,3,3,3,4,4,2,4,2,1,2.69,0,0,FALSE
Male,Loyal Customer,32,Business Travel,Eco,315,5,5,5,5,5,5,5,5,3,5,3,4,5,4.62,0,0,TRUE
Male,Loyal Customer,55,Business Travel,Eco,391,4,3,3,3,4,4,4,4,1,4,4,2,4,3.38,0,10,TRUE
Male,Loyal Customer,66,Business Travel,Business,130,3,3,3,3,4,4,4,3,3,4,4,3,4,3.46,0,0,TRUE
Male,Loyal Customer,54,Business Travel,Eco,2419,2,4,4,4,2,2,2,2,1,2,3,3,2,2.54,4,0,FALSE
Male,Loyal Customer,42,Business Travel,Business,569,4,4,4,4,5,4,5,4,4,4,4,4,4,4.15,0,0,TRUE
Female,Loyal Customer,39,Business Travel,Eco,545,1,5,5,5,1,1,1,1,2,1,3,4,1,2.38,15,15,FALSE
Male,Loyal Customer,48,Business Travel,Business,2758,2,3,3,3,3,4,3,2,2,2,2,1,3,2.54,0,0,FALSE
Female,Loyal Customer,36,Business Travel,Eco,177,1,5,5,5,1,1,1,1,4,4,3,3,1,2.69,17,8,FALSE
Female,Loyal Customer,38,Business Travel,Eco,771,3,3,5,5,3,3,3,3,1,1,3,2,3,2.92,83,89,FALSE
Female,Disloyal Customer,23,Business Travel,Business,1590,4,3,4,1,4,1,1,4,4,4,5,1,1,2.85,290,279,TRUE
Male,Loyal Customer,45,Business Travel,Eco,299,2,3,5,3,3,2,3,3,3,3,3,3,3,3,20,26,FALSE
Female,Loyal Customer,51,Business Travel,Eco,991,3,5,4,5,3,2,2,3,3,3,3,2,4,3.23,0,32,TRUE
Female,Loyal Customer,43,Personal Travel,Eco,689,2,5,2,3,3,4,4,5,5,2,5,5,4,3.77,10,16,FALSE
Male,Loyal Customer,49,Business Travel,Business,1699,5,5,5,5,3,5,4,4,4,4,4,5,3,4.31,0,0,TRUE
Male,Loyal Customer,30,Business Travel,Business,3683,3,3,1,3,4,4,4,4,2,2,1,4,4,3,86,77,TRUE
Female,Loyal Customer,50,Business Travel,Eco,432,2,1,3,1,3,4,3,2,2,2,2,2,4,2.38,0,0,FALSE
Female,Loyal Customer,44,Business Travel,Eco Plus,838,1,3,3,3,5,4,4,1,1,1,1,1,2,2.31,0,0,FALSE
Female,Loyal Customer,32,Personal Travel,Eco,1080,4,4,4,3,2,4,2,2,5,3,4,4,2,3.31,0,0,FALSE
Female,Loyal Customer,52,Personal Travel,Eco,711,3,4,3,1,2,5,4,5,5,3,5,2,1,3.31,0,0,FALSE
Female,Loyal Customer,66,Business Travel,Business,1744,4,1,3,1,1,1,2,4,4,4,4,3,1,2.54,0,1,FALSE
Male,Loyal Customer,37,Business Travel,Eco Plus,170,5,2,5,2,5,5,5,5,5,5,1,4,5,4.15,0,0,TRUE
Female,Loyal Customer,46,Personal Travel,Eco,1013,2,2,2,3,5,3,3,2,2,2,2,4,1,2.54,3,0,FALSE
Male,Disloyal Customer,33,Business Travel,Eco,403,3,0,3,5,3,3,3,3,3,5,5,5,3,3.38,0,0,FALSE
Female,Loyal Customer,37,Personal Travel,Eco,862,2,4,2,4,1,2,1,1,5,5,4,3,1,2.69,4,0,FALSE
Female,Loyal Customer,36,Personal Travel,Eco,502,2,4,2,4,3,2,3,3,3,5,5,4,3,3.31,0,0,FALSE
Male,Loyal Customer,49,Personal Travel,Eco Plus,113,3,3,3,3,4,3,4,4,2,5,4,1,4,3.31,0,5,FALSE
Female,Loyal Customer,63,Personal Travel,Business,1312,2,4,2,1,3,4,4,4,4,2,4,3,4,3.15,5,0,FALSE
Female,Loyal Customer,53,Business Travel,Business,1505,2,3,3,3,3,2,3,3,3,3,2,1,4,2.69,0,0,FALSE
Female,Loyal Customer,34,Personal Travel,Eco,948,1,3,1,3,1,1,1,1,2,1,4,4,1,1.85,0,0,FALSE
Male,Loyal Customer,34,Business Travel,Business,1428,2,2,2,2,4,4,5,4,4,4,4,4,4,3.46,17,26,TRUE
Male,Disloyal Customer,23,Business Travel,Eco,986,1,1,1,3,2,1,2,2,2,4,4,1,2,2,15,4,FALSE
Male,Disloyal Customer,28,Business Travel,Eco Plus,829,2,2,2,2,1,2,1,1,1,4,2,1,1,1.69,0,8,FALSE
Male,Loyal Customer,60,Business Travel,Eco,2615,4,1,1,1,4,4,4,4,1,2,4,2,4,2.77,0,0,FALSE
Female,Loyal Customer,57,Personal Travel,Eco,125,4,1,4,2,5,3,3,4,4,4,4,3,2,3.31,0,0,FALSE
Male,Loyal Customer,49,Business Travel,Eco,337,1,2,2,2,2,1,2,2,2,4,1,1,2,1.85,0,6,FALSE
Female,Loyal Customer,39,Business Travel,Business,2840,3,3,3,3,3,5,4,4,4,4,4,5,5,3.85,5,2,TRUE
Female,Loyal Customer,58,Business Travel,Business,2759,2,2,2,2,2,5,4,4,4,4,4,3,4,3.23,59,51,TRUE
Female,Loyal Customer,16,Business Travel,Business,200,0,4,0,4,3,3,4,3,5,4,4,5,3,3.23,0,0,TRUE
Male,Loyal Customer,69,Personal Travel,Eco,853,5,1,5,2,3,5,3,3,4,1,2,4,3,3.15,0,0,TRUE
Female,Disloyal Customer,22,Business Travel,Business,1546,5,0,5,4,1,0,5,1,5,2,5,4,1,2.92,18,13,TRUE
Male,Loyal Customer,15,Personal Travel,Eco,488,2,4,5,1,3,5,3,3,5,2,4,5,3,3.46,0,0,FALSE
Male,Loyal Customer,22,Personal Travel,Eco,235,2,5,2,4,4,2,4,4,4,5,5,4,4,3.77,22,2,FALSE
Female,Loyal Customer,41,Business Travel,Business,3646,5,5,5,5,5,5,4,2,2,2,2,4,3,3.77,0,0,TRUE
Female,Disloyal Customer,24,Business Travel,Eco,651,4,0,4,1,2,4,2,2,4,2,4,5,2,2.77,0,0,TRUE
Male,Disloyal Customer,64,Business Travel,Business,345,2,2,2,3,5,2,5,5,5,2,5,5,5,3.69,0,0,FALSE
Female,Loyal Customer,12,Personal Travel,Eco,737,1,5,1,2,2,1,2,2,4,5,5,4,2,2.77,3,1,FALSE
Female,Loyal Customer,58,Business Travel,Eco,190,3,4,4,4,5,4,4,3,3,3,3,2,1,3.31,28,9,FALSE
Female,Loyal Customer,39,Business Travel,Business,1276,5,5,5,5,5,4,5,5,5,5,5,5,4,4.85,0,0,TRUE
Female,Loyal Customer,15,Personal Travel,Eco,646,2,3,2,2,4,2,4,4,5,1,1,3,4,2.85,0,0,FALSE
Female,Loyal Customer,22,Personal Travel,Eco,967,1,5,2,4,3,2,1,3,4,3,4,4,3,3,66,57,FALSE
Female,Loyal Customer,59,Business Travel,Business,1444,1,1,1,1,4,5,5,3,3,4,3,3,4,2.92,15,24,TRUE
Male,Loyal Customer,61,Personal Travel,Eco,255,1,5,1,1,5,1,5,5,2,2,1,3,5,2.85,0,0,FALSE
Female,Loyal Customer,30,Business Travel,Business,1069,5,5,5,5,4,4,4,4,2,5,3,2,4,4,0,0,TRUE
Female,Disloyal Customer,25,Business Travel,Eco,761,2,3,3,1,3,3,1,3,3,2,2,2,3,2.38,0,0,FALSE
Female,Loyal Customer,23,Business Travel,Business,681,5,5,5,5,5,5,5,5,1,2,1,3,5,4,0,0,TRUE
Male,Loyal Customer,18,Personal Travel,Eco,667,2,5,2,4,4,2,3,4,4,5,4,4,4,3.62,0,0,FALSE
Male,Loyal Customer,50,Personal Travel,Eco,813,1,1,1,3,3,1,3,3,3,3,4,3,3,2.46,0,0,FALSE
Male,Loyal Customer,56,Business Travel,Business,429,2,4,4,4,2,4,4,2,2,2,2,4,3,3,1,0,FALSE
Male,Loyal Customer,43,Business Travel,Business,733,5,5,1,5,4,4,4,4,4,4,4,4,3,3.92,0,0,TRUE
Female,Loyal Customer,18,Personal Travel,Eco,156,3,5,3,5,3,3,3,3,3,2,4,5,3,3.46,1,0,FALSE
Male,Disloyal Customer,25,Business Travel,Business,247,2,4,2,4,3,2,3,3,5,3,5,4,3,3.31,6,0,FALSE
Female,Loyal Customer,59,Personal Travel,Eco,930,1,5,1,4,5,3,2,1,1,1,1,2,4,2.38,0,0,FALSE
Male,Disloyal Customer,22,Business Travel,Eco,141,5,5,5,1,4,5,1,4,1,4,2,4,4,3.46,0,0,TRUE
Male,Loyal Customer,16,Personal Travel,Eco,331,4,4,2,5,3,2,3,3,4,2,5,3,3,3.31,0,2,FALSE
Female,Loyal Customer,60,Business Travel,Business,296,2,2,2,2,3,5,5,4,4,4,4,4,5,3.54,0,0,TRUE
Female,Disloyal Customer,25,Business Travel,Business,334,2,4,2,3,3,2,3,3,5,5,5,5,3,3.46,0,0,FALSE
Male,Disloyal Customer,37,Business Travel,Eco,190,3,0,3,3,5,3,5,5,3,4,4,5,5,3.69,4,13,FALSE
Male,Loyal Customer,45,Business Travel,Business,1612,1,1,4,1,4,4,5,5,5,5,5,4,5,3.77,0,0,TRUE
Female,Loyal Customer,51,Personal Travel,Eco Plus,547,3,3,3,3,2,2,3,4,4,3,4,3,3,3.08,0,10,FALSE
Male,Loyal Customer,39,Business Travel,Business,2890,4,4,4,4,5,5,5,5,5,5,5,4,5,4.62,0,0,TRUE
Male,Loyal Customer,24,Business Travel,Eco,1546,4,3,3,3,4,4,5,4,2,4,2,3,4,3.46,0,0,TRUE
Male,Loyal Customer,22,Personal Travel,Business,431,1,3,1,4,3,1,3,3,3,2,4,4,3,2.69,71,57,FALSE
Male,Disloyal Customer,18,Business Travel,Eco,577,4,3,4,4,5,4,5,5,4,5,4,3,5,4.23,13,12,FALSE
Male,Loyal Customer,79,Business Travel,Business,1889,2,2,2,2,1,1,2,5,5,5,5,4,1,2.85,0,0,TRUE
Female,Loyal Customer,35,Personal Travel,Eco,129,1,1,1,3,4,1,4,4,2,3,3,1,4,2.46,0,6,FALSE
Male,Loyal Customer,48,Business Travel,Business,2844,1,1,1,1,4,5,5,4,4,4,4,3,3,3.08,18,111,TRUE
Male,Disloyal Customer,37,Business Travel,Business,647,3,3,3,3,3,3,3,3,4,3,4,4,3,3.23,0,1,FALSE
Female,Loyal Customer,42,Business Travel,Business,3682,3,3,3,3,4,5,4,5,5,5,5,3,5,4.08,18,11,TRUE
Male,Disloyal Customer,22,Business Travel,Eco,1282,5,5,5,4,4,5,4,4,4,3,4,3,4,4.15,0,0,TRUE
Female,Loyal Customer,43,Business Travel,Business,351,2,2,2,2,3,5,4,4,4,4,4,5,3,3.38,2,0,TRUE
Female,Disloyal Customer,46,Business Travel,Business,395,2,2,2,3,3,2,3,3,5,3,5,3,3,3,0,0,FALSE
Female,Loyal Customer,77,Business Travel,Eco,356,4,4,4,4,4,3,5,3,3,4,3,4,1,3.54,8,9,TRUE
Female,Disloyal Customer,27,Business Travel,Business,429,4,4,4,3,3,4,3,3,5,3,5,5,3,3.77,4,9,TRUE
Male,Loyal Customer,45,Business Travel,Business,448,4,4,4,4,5,4,4,3,3,3,3,3,4,3.69,5,1,TRUE
Female,Loyal Customer,27,Personal Travel,Eco,1620,3,4,3,2,1,3,1,1,4,4,5,3,1,2.69,0,0,FALSE
Female,Loyal Customer,66,Personal Travel,Eco,612,2,4,2,3,2,5,4,3,3,2,3,5,3,3.15,0,0,FALSE
Male,Loyal Customer,12,Personal Travel,Eco,721,1,4,1,4,1,1,1,1,3,4,4,2,1,2.15,0,0,FALSE
Male,Disloyal Customer,22,Business Travel,Eco,250,0,4,0,4,2,0,2,2,5,3,4,3,2,2.38,0,0,TRUE
Female,Loyal Customer,31,Personal Travel,Business,626,3,5,3,4,2,3,2,2,3,3,5,5,2,3.23,0,0,FALSE
Male,Disloyal Customer,22,Business Travel,Eco,784,4,4,4,1,2,4,2,2,4,5,4,4,2,3.23,0,0,FALSE
Male,Loyal Customer,47,Business Travel,Business,2939,1,1,1,1,2,4,4,3,3,3,3,5,4,2.69,17,6,TRUE
Male,Loyal Customer,36,Personal Travel,Eco Plus,305,3,5,4,3,3,4,3,3,5,2,4,4,3,3.54,0,0,FALSE
Male,Loyal Customer,52,Business Travel,Business,1846,3,3,3,3,5,4,4,4,4,4,4,4,3,3.69,35,37,TRUE
Male,Disloyal Customer,27,Business Travel,Business,1199,1,1,1,3,3,1,3,3,4,5,5,3,3,2.77,0,2,FALSE
Female,Loyal Customer,32,Business Travel,Business,551,4,4,4,4,4,4,4,4,5,5,3,4,4,4.08,0,0,TRUE
Male,Loyal Customer,44,Business Travel,Business,2053,4,4,4,4,3,5,5,4,4,4,4,3,3,3.92,45,37,TRUE
Male,Loyal Customer,40,Business Travel,Business,3904,5,5,5,5,1,2,1,4,4,4,4,4,4,3.69,0,0,TRUE
Male,Loyal Customer,32,Business Travel,Eco,954,5,2,2,2,5,5,5,5,5,2,4,5,5,4,0,0,TRUE
Female,Loyal Customer,64,Personal Travel,Eco,1205,2,1,2,4,2,3,4,4,4,2,4,2,4,2.92,6,0,FALSE
Female,Loyal Customer,23,Business Travel,Business,2579,4,4,4,4,4,4,4,4,4,3,4,5,4,4,0,0,TRUE
Male,Loyal Customer,35,Business Travel,Business,1624,2,2,2,2,5,3,5,5,5,5,5,3,5,3.77,0,0,TRUE
Male,Disloyal Customer,29,Business Travel,Business,745,0,0,0,1,2,0,2,2,5,2,5,4,2,1.92,1,5,TRUE
Male,Loyal Customer,42,Business Travel,Eco,134,4,5,5,5,4,4,4,4,3,3,4,2,4,3.92,0,0,TRUE
Male,Loyal Customer,37,Business Travel,Business,2599,4,4,4,4,4,4,2,4,4,4,4,3,4,3.77,0,0,TRUE
Female,Loyal Customer,38,Personal Travel,Eco,602,4,5,4,1,5,4,1,5,5,2,5,3,5,3.77,0,0,TRUE
Female,Disloyal Customer,24,Business Travel,Business,1473,4,0,4,3,4,5,4,5,3,4,5,4,4,3.77,133,114,TRUE
Male,Disloyal Customer,25,Business Travel,Eco,590,2,2,2,4,2,2,2,2,2,1,3,1,2,2.08,36,26,FALSE
Male,Loyal Customer,23,Personal Travel,Eco,862,3,4,3,3,2,3,2,2,3,4,4,3,2,2.92,26,28,FALSE
Female,Loyal Customer,59,Personal Travel,Eco,192,5,4,5,3,5,4,5,1,1,5,1,5,4,3.69,0,0,TRUE
Female,Loyal Customer,35,Business Travel,Business,761,2,3,3,3,2,2,2,1,3,1,2,2,2,2.15,131,118,FALSE
Male,Loyal Customer,66,Business Travel,Eco Plus,495,1,4,2,4,1,1,1,1,4,5,3,4,1,2.46,46,38,FALSE
Female,Loyal Customer,52,Business Travel,Eco,411,4,4,4,4,1,1,1,4,4,4,4,5,5,3.46,7,0,TRUE
Female,Loyal Customer,28,Personal Travel,Eco,129,1,3,1,3,3,1,5,3,3,1,3,1,3,2.38,0,18,FALSE
Female,Loyal Customer,49,Personal Travel,Eco Plus,2139,3,4,3,3,5,5,5,3,3,3,3,3,3,3.54,56,34,FALSE
Female,Loyal Customer,45,Business Travel,Business,483,2,2,2,2,4,4,2,4,4,4,4,1,5,3.08,92,84,TRUE
Female,Loyal Customer,53,Business Travel,Business,2446,1,1,1,1,4,4,5,3,3,3,3,5,3,2.85,0,36,TRUE
Female,Disloyal Customer,34,Business Travel,Eco,738,4,4,4,3,5,4,5,5,3,1,3,4,5,3.85,0,0,FALSE
Female,Loyal Customer,54,Personal Travel,Eco,31,2,1,2,3,4,4,4,5,5,2,5,3,2,3.23,18,22,FALSE
Female,Disloyal Customer,34,Business Travel,Business,280,3,3,3,3,2,3,2,2,5,5,4,3,2,3.08,0,0,FALSE
Male,Disloyal Customer,44,Business Travel,Business,130,5,5,5,1,4,5,5,4,5,4,4,3,4,4.15,0,0,TRUE
Female,Loyal Customer,38,Business Travel,Eco,545,2,3,3,3,2,2,2,2,4,1,3,1,2,2.31,52,48,FALSE
Female,Disloyal Customer,17,Business Travel,Eco,399,2,4,1,3,5,1,5,5,1,1,3,1,5,2.85,0,0,FALSE
Male,Disloyal Customer,34,Business Travel,Business,2139,3,3,3,1,5,3,5,5,4,2,5,4,5,3.69,0,0,FALSE
Male,Loyal Customer,47,Personal Travel,Eco,954,2,1,2,3,1,2,1,1,3,3,4,3,1,2.08,0,0,FALSE
Female,Loyal Customer,13,Personal Travel,Eco,226,3,5,3,1,4,3,4,4,4,3,5,5,4,3.69,11,9,FALSE
Male,Loyal Customer,38,Business Travel,Business,3655,2,2,2,2,2,2,3,5,5,5,5,2,1,2.92,0,0,TRUE
Male,Loyal Customer,22,Personal Travel,Eco,427,1,4,1,1,4,1,1,4,3,1,3,2,4,2.31,16,5,FALSE
Male,Loyal Customer,51,Business Travel,Business,1028,3,3,3,3,2,2,4,5,5,5,5,4,5,3.77,37,17,TRUE
Male,Loyal Customer,31,Business Travel,Business,3360,3,3,3,3,4,4,4,4,3,2,4,3,4,3.38,0,7,TRUE
Female,Loyal Customer,48,Personal Travel,Eco,746,3,2,3,3,2,4,4,4,4,3,4,2,1,3,0,0,FALSE
Male,Loyal Customer,19,Personal Travel,Eco,305,3,5,3,3,2,3,2,2,4,2,4,5,2,3.08,107,110,FALSE
Female,Loyal Customer,29,Business Travel,Business,3973,2,2,3,2,4,4,4,4,5,5,4,4,4,3.62,2,0,TRUE
Male,Disloyal Customer,21,Business Travel,Business,1120,1,4,1,3,3,1,5,3,3,3,3,4,3,2.85,0,0,FALSE
Female,Disloyal Customer,25,Business Travel,Business,226,2,4,3,3,3,3,3,3,3,3,5,3,3,3.15,0,8,FALSE
Male,Loyal Customer,43,Personal Travel,Eco,763,2,5,3,1,4,3,4,4,1,3,2,4,4,3.08,0,0,FALSE
Female,Loyal Customer,47,Business Travel,Business,308,0,0,0,3,5,4,4,4,4,4,4,4,5,3.15,2,0,TRUE
Female,Loyal Customer,37,Business Travel,Business,3674,4,4,5,4,5,5,5,5,5,5,5,3,5,4.62,38,21,TRUE
Female,Loyal Customer,17,Personal Travel,Eco,1192,2,5,2,1,2,2,2,2,5,5,3,4,2,2.85,0,12,FALSE
Male,Disloyal Customer,37,Business Travel,Eco,192,3,0,3,4,3,3,3,3,2,4,2,3,3,2.77,0,0,FALSE
Male,Loyal Customer,36,Business Travel,Eco Plus,143,4,5,5,5,4,4,4,4,4,5,5,5,4,4.46,0,0,TRUE
Male,Loyal Customer,53,Business Travel,Business,2180,4,4,4,4,3,5,5,5,5,5,5,3,3,4.23,0,11,TRUE
Male,Loyal Customer,25,Personal Travel,Eco,1014,1,1,1,3,5,1,5,5,3,2,3,4,5,3,0,0,FALSE
Female,Loyal Customer,50,Business Travel,Business,2993,4,4,4,4,4,4,4,4,4,4,4,5,5,4.15,3,0,TRUE
Female,Disloyal Customer,21,Business Travel,Business,2504,3,4,3,4,3,3,3,3,4,4,4,3,3,3.38,21,26,FALSE
Female,Loyal Customer,27,Business Travel,Eco,1099,3,4,4,4,3,3,3,3,4,1,4,4,3,3.31,0,0,FALSE
Female,Loyal Customer,30,Personal Travel,Business,636,1,4,1,3,3,1,3,3,3,4,5,4,3,2.92,7,6,FALSE
Male,Disloyal Customer,39,Business Travel,Business,331,2,2,2,3,4,2,3,4,5,4,4,3,4,3.23,0,0,FALSE
Female,Disloyal Customer,59,Business Travel,Eco,160,1,4,1,4,1,1,1,1,3,1,4,2,1,1.92,0,0,FALSE
Female,Loyal Customer,66,Business Travel,Business,223,2,2,4,2,4,5,5,4,4,4,5,4,4,3.77,0,0,TRUE
Male,Loyal Customer,50,Personal Travel,Business,1069,2,2,2,3,2,1,1,2,3,3,4,1,1,2.08,79,135,FALSE
Female,Disloyal Customer,19,Business Travel,Eco,580,1,1,1,3,3,1,3,3,4,2,3,2,3,2.31,0,4,FALSE
Male,Disloyal Customer,14,Business Travel,Business,1172,5,0,5,2,3,5,3,3,3,3,4,3,3,3.23,0,0,TRUE
Female,Loyal Customer,35,Personal Travel,Eco,416,2,3,2,4,1,2,1,1,3,2,4,2,1,2.15,0,0,FALSE
Male,Loyal Customer,7,Personal Travel,Eco,1047,1,5,1,1,1,1,1,1,5,2,5,4,1,2.23,0,13,FALSE
Female,Disloyal Customer,44,Business Travel,Business,667,2,2,2,3,5,2,5,5,3,2,5,4,5,3.46,83,74,FALSE
Female,Disloyal Customer,27,Business Travel,Eco,836,4,4,4,3,4,4,3,5,2,2,3,3,3,3.38,170,161,TRUE
Male,Loyal Customer,48,Business Travel,Business,3791,1,1,2,1,3,4,5,5,5,5,5,4,4,3.46,0,0,TRUE
Female,Loyal Customer,48,Business Travel,Business,447,2,2,2,2,2,4,5,5,5,5,5,4,3,3.54,0,0,TRUE
Male,Loyal Customer,43,Personal Travel,Eco,589,2,5,2,1,3,2,3,3,3,4,5,5,3,3.15,10,16,FALSE
Male,Loyal Customer,26,Personal Travel,Eco,922,1,4,1,2,4,1,4,4,4,1,5,5,4,3.08,63,67,FALSE
Male,Loyal Customer,30,Business Travel,Business,2462,2,2,2,2,4,4,4,4,3,3,5,2,4,3.15,0,0,TRUE
Male,Disloyal Customer,34,Business Travel,Business,2565,4,4,4,1,4,3,3,4,3,3,4,3,3,3.31,0,45,FALSE
Male,Loyal Customer,50,Business Travel,Business,925,1,1,1,1,5,4,4,5,5,5,5,3,4,3.38,0,0,TRUE
Female,Disloyal Customer,30,Business Travel,Eco,100,1,2,2,3,1,2,1,1,1,2,4,1,1,1.69,13,38,FALSE
Male,Loyal Customer,50,Business Travel,Business,3587,2,2,2,2,2,5,4,5,5,5,5,4,4,3.62,7,1,TRUE
Male,Loyal Customer,28,Business Travel,Business,2226,1,1,1,1,5,5,5,5,1,5,1,5,5,3.15,1,0,TRUE
Female,Loyal Customer,69,Personal Travel,Eco,377,5,5,5,2,4,5,4,1,1,5,1,4,5,3.62,0,0,TRUE
Male,Loyal Customer,59,Business Travel,Business,3601,3,3,3,3,3,4,5,4,4,5,4,4,3,3.69,0,0,TRUE
Female,Loyal Customer,53,Business Travel,Business,151,2,2,2,2,4,5,5,5,5,5,4,4,4,3.77,0,6,TRUE
Male,Loyal Customer,51,Personal Travel,Eco,1136,3,5,3,1,2,3,2,2,3,3,4,4,2,2.85,2,0,FALSE
Male,Loyal Customer,57,Business Travel,Business,2619,1,1,1,1,4,5,4,4,4,4,4,3,4,3.08,0,0,TRUE
Female,Loyal Customer,57,Business Travel,Business,3501,4,4,2,4,5,4,4,5,5,5,5,5,5,4.38,0,0,TRUE
Female,Loyal Customer,32,Business Travel,Eco,236,1,3,3,3,1,1,1,1,3,3,3,3,1,2.08,10,14,FALSE
Female,Disloyal Customer,21,Business Travel,Business,373,3,2,3,4,2,3,2,2,1,3,3,2,2,2.46,0,0,FALSE
Female,Disloyal Customer,36,Business Travel,Business,631,1,1,1,4,1,1,1,1,4,3,4,5,1,2.15,0,4,FALSE
Male,Loyal Customer,58,Business Travel,Business,3334,5,5,5,5,2,5,4,5,5,5,5,4,5,4.62,0,0,TRUE
Male,Loyal Customer,40,Business Travel,Eco,199,4,3,3,3,4,5,4,4,5,5,4,3,4,3.92,0,0,TRUE
Female,Loyal Customer,44,Business Travel,Business,2572,4,4,4,4,2,4,5,4,4,4,4,3,3,3.77,0,0,TRUE
Female,Loyal Customer,23,Personal Travel,Eco,762,3,2,3,4,5,3,2,5,4,5,3,4,5,3.69,8,0,FALSE
Male,Disloyal Customer,36,Business Travel,Business,547,3,3,3,5,2,3,5,2,5,4,5,5,2,3.62,0,0,FALSE
Male,Loyal Customer,39,Business Travel,Business,1640,0,0,0,3,5,4,5,1,1,1,1,3,4,2.15,0,0,TRUE
Male,Loyal Customer,39,Personal Travel,Eco,552,1,5,1,3,5,1,3,5,2,2,4,3,5,3.08,0,0,FALSE
Female,Loyal Customer,46,Business Travel,Business,3003,1,1,1,1,1,4,3,1,1,1,1,2,2,1.54,0,0,FALSE
Female,Loyal Customer,40,Business Travel,Business,2885,2,3,2,2,4,4,5,5,5,5,5,3,3,3.69,4,1,TRUE
Female,Loyal Customer,60,Business Travel,Eco,328,5,3,4,4,1,1,3,5,5,5,5,3,5,3.77,0,0,TRUE
Male,Loyal Customer,44,Business Travel,Eco Plus,1874,5,5,5,5,4,5,4,4,2,1,4,2,4,3.85,0,20,TRUE
Female,Loyal Customer,52,Personal Travel,Eco,861,1,5,1,4,4,4,4,5,5,1,5,5,4,3.69,5,0,FALSE
Male,Disloyal Customer,22,Business Travel,Eco,190,3,5,3,3,1,3,1,1,5,1,3,1,1,2.38,0,0,FALSE
Male,Disloyal Customer,22,Business Travel,Eco,522,2,5,3,5,2,3,2,2,5,5,2,2,2,3.08,0,0,FALSE
Male,Loyal Customer,26,Business Travel,Business,3267,3,1,1,1,3,3,3,3,3,2,2,1,3,2.23,30,32,FALSE
Female,Loyal Customer,17,Business Travel,Business,3808,3,3,2,3,5,4,5,5,4,5,4,3,5,3.92,0,11,TRUE
Female,Loyal Customer,59,Business Travel,Business,1675,3,3,3,3,5,4,5,3,3,2,3,5,3,3.46,2,0,TRUE
Male,Disloyal Customer,26,Business Travel,Eco,447,4,0,4,1,5,4,5,5,1,3,3,1,5,3.15,0,11,FALSE
Female,Loyal Customer,49,Business Travel,Business,1068,5,5,5,5,3,4,5,5,5,5,5,3,5,4.62,42,61,TRUE
Male,Loyal Customer,57,Business Travel,Business,2747,3,2,2,2,3,3,2,3,3,3,3,3,2,2.62,0,0,FALSE
Female,Loyal Customer,53,Personal Travel,Eco Plus,280,4,4,4,4,3,4,4,2,2,4,2,3,4,3.38,0,0,FALSE
Male,Loyal Customer,63,Business Travel,Business,820,3,1,1,1,1,3,4,3,3,3,3,4,3,2.54,0,0,FALSE
Male,Loyal Customer,54,Business Travel,Eco,1235,3,3,4,3,3,3,3,3,4,4,1,1,3,2.92,0,0,FALSE
Male,Loyal Customer,14,Personal Travel,Business,591,2,3,3,2,3,3,3,3,2,3,1,4,3,2.69,0,0,FALSE
Male,Loyal Customer,65,Personal Travel,Eco,109,2,3,2,5,3,2,2,3,3,4,1,4,3,2.85,0,0,FALSE
Male,Loyal Customer,43,Business Travel,Business,213,3,5,5,5,1,4,4,4,4,4,3,4,3,3.77,0,0,FALSE
Male,Loyal Customer,39,Business Travel,Business,1064,3,2,2,2,2,3,4,3,3,3,3,3,2,2.69,0,0,FALSE
Male,Loyal Customer,65,Personal Travel,Eco,1400,3,4,3,1,3,3,3,3,5,4,3,5,3,3.31,8,24,FALSE
Male,Loyal Customer,20,Personal Travel,Eco,909,4,5,5,4,1,5,1,1,5,4,5,4,1,3.46,41,32,FALSE
Female,Loyal Customer,47,Business Travel,Business,2854,2,2,2,2,5,5,4,5,5,5,5,4,4,3.85,10,1,TRUE
Male,Disloyal Customer,36,Business Travel,Eco,413,3,4,2,3,5,2,4,5,4,3,3,4,5,3.62,48,42,FALSE
Male,Loyal Customer,41,Business Travel,Business,1601,1,1,1,1,3,5,5,4,4,4,4,5,3,3.15,0,0,TRUE
Female,Loyal Customer,54,Business Travel,Business,1739,3,3,2,3,3,5,4,4,4,5,4,4,4,3.69,56,77,TRUE
Male,Loyal Customer,41,Business Travel,Business,1626,1,1,1,1,5,4,4,5,5,5,5,4,3,3.38,0,0,TRUE
Female,Loyal Customer,43,Personal Travel,Eco,687,3,5,3,3,4,4,5,4,4,3,4,4,4,3.85,0,0,FALSE
Male,Loyal Customer,51,Personal Travel,Eco,516,2,4,2,4,5,2,5,5,3,4,5,5,5,3.92,0,0,FALSE
Female,Loyal Customer,23,Personal Travel,Business,484,3,0,3,3,2,3,2,2,5,5,4,3,2,2.85,0,0,FALSE
Male,Loyal Customer,40,Business Travel,Eco,1598,2,1,1,1,2,2,2,2,2,2,4,4,2,2.08,0,0,FALSE
Female,Loyal Customer,42,Personal Travel,Eco,280,2,5,2,2,5,5,5,3,3,2,1,2,2,3,0,0,FALSE
Female,Loyal Customer,38,Business Travel,Eco,1674,3,1,1,1,3,3,3,3,1,3,2,2,3,2.23,3,0,FALSE
Male,Loyal Customer,26,Personal Travel,Eco,1235,3,5,3,4,3,3,3,3,5,3,4,5,3,3.62,0,0,FALSE
Female,Disloyal Customer,37,Business Travel,Eco,462,2,2,2,4,5,2,5,5,1,4,4,3,5,3.38,3,8,FALSE
Female,Loyal Customer,54,Business Travel,Business,3879,4,4,4,4,3,5,5,4,4,4,4,4,5,4.15,0,0,TRUE
Male,Disloyal Customer,18,Business Travel,Eco,429,2,3,2,2,4,2,3,4,2,1,5,4,4,2.92,0,0,FALSE
Female,Loyal Customer,48,Business Travel,Eco,1069,3,5,5,5,3,3,4,3,3,3,3,3,2,3.46,56,47,FALSE
Male,Loyal Customer,44,Business Travel,Eco,867,4,4,4,4,4,4,4,4,4,2,3,4,4,3.77,2,21,TRUE
Male,Loyal Customer,37,Business Travel,Eco,134,1,3,3,3,1,1,1,1,1,4,4,1,1,1.92,0,0,FALSE
Female,Loyal Customer,25,Personal Travel,Eco,589,3,4,3,3,2,3,1,2,4,3,5,5,2,3.08,88,88,FALSE
Female,Loyal Customer,68,Personal Travel,Business,626,4,5,4,4,5,5,4,1,1,4,1,5,4,3.62,22,23,FALSE
Female,Loyal Customer,40,Business Travel,Business,3393,1,1,1,1,5,5,4,2,2,2,2,5,4,2.69,15,5,TRUE
Male,Loyal Customer,53,Business Travel,Business,813,3,3,3,3,2,5,5,4,4,4,4,3,3,3.54,18,2,TRUE
Female,Loyal Customer,17,Personal Travel,Eco,402,2,3,2,4,5,2,5,5,4,2,3,2,5,3.38,16,21,FALSE
Female,Loyal Customer,49,Business Travel,Business,2749,2,5,5,5,2,2,2,4,4,3,2,4,1,3.15,0,0,FALSE
Male,Loyal Customer,44,Personal Travel,Eco,829,2,3,2,3,5,2,5,5,3,3,2,4,5,3.38,16,1,FALSE
Female,Disloyal Customer,30,Business Travel,Business,312,4,4,4,3,2,4,2,2,2,4,4,4,2,3.15,0,0,FALSE
Female,Loyal Customer,50,Business Travel,Business,397,4,4,4,4,5,4,5,4,4,4,4,5,4,4.23,29,29,TRUE
Female,Loyal Customer,37,Business Travel,Eco Plus,406,3,3,3,3,3,3,3,3,4,3,3,1,3,2.92,0,5,FALSE
Female,Loyal Customer,23,Personal Travel,Eco,446,1,5,1,3,2,1,2,2,3,4,4,4,2,2.62,0,0,FALSE
Female,Disloyal Customer,38,Business Travel,Eco,102,3,0,3,1,3,3,3,3,4,1,2,3,3,2.46,0,0,FALSE
Male,Loyal Customer,41,Personal Travel,Business,2342,2,2,2,3,3,4,4,5,5,2,5,2,1,3.08,0,0,FALSE
Female,Disloyal Customer,22,Business Travel,Eco,315,4,5,4,4,3,4,3,3,4,5,4,4,3,3.85,0,0,FALSE
Male,Loyal Customer,57,Business Travel,Business,870,3,5,5,5,2,3,4,3,3,4,3,2,1,3.31,0,0,FALSE
Male,Loyal Customer,40,Business Travel,Business,3784,2,2,2,2,4,4,4,5,3,4,5,4,4,3.46,4,0,TRUE
Male,Disloyal Customer,25,Business Travel,Eco,1053,3,4,4,3,3,4,3,3,5,2,5,5,3,3.62,0,0,FALSE
Male,Loyal Customer,55,Personal Travel,Eco,422,3,0,3,1,2,3,2,2,4,5,5,4,2,2.77,0,9,FALSE
Female,Disloyal Customer,24,Business Travel,Eco,484,5,4,5,2,1,5,1,1,1,4,3,1,1,2.62,0,0,TRUE
Male,Disloyal Customer,44,Business Travel,Business,395,2,2,2,4,4,2,4,4,4,3,4,4,4,3.31,0,0,FALSE
Female,Loyal Customer,26,Business Travel,Eco,488,3,3,3,3,3,3,1,3,1,1,2,2,3,2.38,0,0,FALSE
Male,Loyal Customer,70,Personal Travel,Eco,306,4,4,4,5,5,4,5,5,5,4,5,4,5,4.54,0,0,FALSE
Female,Loyal Customer,41,Business Travel,Business,3928,2,2,2,2,4,4,3,2,2,2,2,2,3,2.46,0,0,FALSE
Male,Loyal Customer,18,Personal Travel,Business,323,2,2,2,3,1,2,1,1,3,3,3,3,1,2.08,101,112,FALSE
Female,Loyal Customer,39,Personal Travel,Eco,1797,3,5,3,1,3,3,3,3,4,2,4,5,3,3.23,10,15,FALSE
Female,Loyal Customer,37,Business Travel,Eco,431,3,4,4,4,3,2,3,3,1,3,4,1,3,2.92,0,0,FALSE
Male,Loyal Customer,21,Personal Travel,Eco,838,2,4,2,1,5,2,5,5,5,4,4,3,5,3.62,9,0,FALSE
Male,Disloyal Customer,37,Business Travel,Business,372,4,4,4,1,4,4,4,4,3,2,5,3,4,3.54,0,0,TRUE
Male,Loyal Customer,40,Business Travel,Business,3896,3,3,3,3,4,4,4,5,5,5,5,5,5,4.15,0,0,TRUE
Male,Disloyal Customer,38,Business Travel,Business,936,3,3,3,3,3,3,3,3,5,5,5,3,3,3.46,0,0,FALSE
Male,Disloyal Customer,16,Business Travel,Eco,1011,5,5,5,1,2,5,2,2,4,5,4,4,2,3.54,0,0,TRUE
Male,Loyal Customer,40,Business Travel,Business,1916,4,4,4,4,3,4,5,5,5,5,5,4,3,4.23,46,44,TRUE
Female,Loyal Customer,39,Personal Travel,Eco,447,1,5,5,3,2,5,2,2,5,2,5,3,2,3.23,26,16,FALSE
Female,Disloyal Customer,38,Business Travel,Eco,456,2,1,1,2,3,1,4,3,2,4,3,3,3,2.46,103,120,FALSE
Male,Disloyal Customer,62,Business Travel,Business,1065,2,2,2,4,3,2,3,3,3,5,5,4,3,3.15,0,0,FALSE
Female,Loyal Customer,40,Business Travel,Business,390,1,1,5,1,5,4,5,3,3,3,3,3,5,3.23,0,0,TRUE
Male,Loyal Customer,23,Business Travel,Eco Plus,692,5,4,2,2,5,5,3,5,5,5,4,3,5,4.08,0,0,TRUE
Female,Loyal Customer,37,Business Travel,Business,2788,3,3,3,3,2,1,3,5,5,5,5,4,3,3.46,37,50,TRUE
Male,Loyal Customer,27,Personal Travel,Eco,621,3,5,3,5,1,3,1,1,4,5,4,3,1,3,10,6,FALSE
Male,Loyal Customer,38,Personal Travel,Business,1721,5,4,5,2,5,5,5,2,2,5,2,3,3,3.69,6,0,TRUE
Male,Loyal Customer,48,Business Travel,Business,3465,2,2,2,2,3,5,5,5,5,5,4,4,3,3.62,10,0,TRUE
Male,Loyal Customer,49,Personal Travel,Eco Plus,628,1,4,1,3,5,1,5,5,5,3,4,3,5,3.46,0,0,FALSE
Female,Loyal Customer,37,Personal Travel,Business,184,3,5,3,1,1,1,2,3,3,3,3,5,2,2.69,13,14,FALSE
Male,Disloyal Customer,23,Business Travel,Eco,259,3,4,3,4,3,3,3,3,1,2,3,3,3,2.92,0,0,FALSE
Male,Loyal Customer,30,Business Travel,Business,1689,4,4,4,4,5,4,5,5,4,5,5,5,5,4.54,29,15,TRUE
Female,Disloyal Customer,20,Business Travel,Eco,130,4,5,4,1,5,4,5,5,5,2,5,4,5,4.15,0,0,TRUE
Female,Disloyal Customer,26,Business Travel,Business,631,3,0,4,3,1,4,1,1,4,2,5,4,1,2.54,0,0,FALSE
Male,Loyal Customer,45,Business Travel,Business,2614,4,4,4,4,3,3,2,5,5,5,5,1,5,3.85,12,0,TRUE
Female,Loyal Customer,53,Business Travel,Business,2865,3,3,3,3,5,4,5,5,5,5,5,4,5,4.23,0,0,TRUE
Female,Loyal Customer,43,Business Travel,Eco,459,3,4,5,4,3,4,4,3,3,3,3,4,2,3.46,0,4,FALSE
Female,Loyal Customer,47,Business Travel,Business,2509,2,2,2,2,3,5,5,4,4,4,4,3,5,3.46,0,25,TRUE
Female,Loyal Customer,48,Personal Travel,Eco,1605,2,2,1,4,5,2,4,1,1,1,1,4,4,2.46,0,0,FALSE
Male,Loyal Customer,14,Personal Travel,Eco,1605,5,5,5,3,4,5,1,4,4,3,3,5,4,3.92,6,13,TRUE
Male,Loyal Customer,33,Personal Travel,Eco Plus,493,1,5,1,3,2,1,2,2,3,2,5,5,2,2.62,49,38,FALSE
Female,Loyal Customer,53,Business Travel,Business,794,4,4,4,4,4,4,5,5,5,5,5,3,4,4.31,20,0,TRUE
Female,Loyal Customer,8,Personal Travel,Eco Plus,175,2,5,2,4,2,2,2,2,4,2,4,3,2,2.77,0,0,FALSE
Female,Disloyal Customer,36,Business Travel,Eco Plus,337,1,2,2,3,4,2,4,4,2,5,4,2,4,3,15,24,FALSE
Male,Loyal Customer,59,Business Travel,Business,1795,4,4,4,4,2,5,4,4,4,4,4,3,3,3.77,0,0,TRUE
Male,Disloyal Customer,22,Business Travel,Eco,912,4,4,4,5,4,4,4,4,5,5,5,5,4,4.38,0,0,FALSE
Female,Disloyal Customer,24,Business Travel,Eco,421,3,1,3,4,3,3,3,3,3,1,4,3,3,2.85,11,14,FALSE
Female,Disloyal Customer,25,Business Travel,Business,2248,2,5,2,1,3,2,3,3,5,3,3,3,3,2.92,0,0,FALSE
Female,Loyal Customer,22,Personal Travel,Eco,731,2,5,2,4,1,2,1,1,5,1,5,2,1,2.46,0,0,FALSE
Male,Loyal Customer,64,Business Travel,Eco,1475,4,1,1,1,4,4,4,4,4,4,4,4,4,3.31,0,2,FALSE
Male,Loyal Customer,22,Personal Travel,Eco,399,3,5,3,3,4,3,4,4,3,4,5,4,4,3.77,47,36,FALSE
Male,Loyal Customer,47,Business Travel,Business,3431,3,3,2,3,5,5,4,5,5,5,5,4,4,4.08,27,23,TRUE
Male,Loyal Customer,7,Personal Travel,Eco Plus,1846,4,1,4,3,2,4,4,2,4,1,3,4,2,2.92,0,0,FALSE
Female,Loyal Customer,63,Business Travel,Business,337,1,1,1,1,3,5,4,4,4,4,4,4,5,3.15,0,16,TRUE
Female,Loyal Customer,35,Personal Travel,Eco,550,2,2,2,4,2,2,2,2,3,5,3,2,2,2.54,0,0,FALSE
Male,Loyal Customer,67,Personal Travel,Eco,495,3,3,4,4,4,4,4,4,4,5,2,4,4,3.77,0,0,FALSE
Male,Loyal Customer,49,Business Travel,Business,2951,4,5,5,5,1,2,2,4,4,4,4,3,2,3.46,2,0,FALSE
Female,Loyal Customer,40,Business Travel,Business,2600,5,5,5,5,4,4,4,5,5,5,5,5,5,4.77,26,9,TRUE
Female,Disloyal Customer,23,Business Travel,Business,854,4,0,4,4,3,4,3,3,5,3,4,5,3,3.46,8,0,TRUE
Female,Loyal Customer,43,Personal Travel,Eco,429,3,3,3,2,5,1,4,1,1,3,1,5,5,2.85,39,29,FALSE
Male,Disloyal Customer,24,Business Travel,Eco,925,2,2,2,4,4,2,4,4,4,2,4,1,4,3,9,0,FALSE
Male,Loyal Customer,15,Personal Travel,Eco,814,3,4,2,4,3,2,3,3,4,3,3,1,3,2.92,0,0,FALSE
Male,Disloyal Customer,25,Business Travel,Eco,760,2,2,2,3,3,2,3,3,5,5,4,4,3,3.15,0,0,FALSE
Female,Loyal Customer,55,Business Travel,Business,2265,4,4,4,4,5,4,5,5,5,5,5,5,5,4.62,0,0,TRUE
Male,Loyal Customer,60,Business Travel,Business,684,2,2,2,2,4,5,4,4,4,4,4,5,4,3.54,0,25,TRUE
Female,Loyal Customer,35,Business Travel,Business,122,4,4,4,4,2,5,5,4,4,4,5,3,4,4,84,83,TRUE
Male,Disloyal Customer,24,Business Travel,Eco,566,4,4,4,5,2,4,2,2,2,5,3,5,2,3.38,5,10,TRUE
Male,Loyal Customer,32,Business Travel,Business,3324,2,4,3,4,2,2,2,2,3,4,3,4,2,2.85,0,0,FALSE
Male,Loyal Customer,47,Business Travel,Business,738,4,3,3,3,2,4,3,4,4,4,4,2,2,3.23,0,13,FALSE
Female,Loyal Customer,50,Business Travel,Business,3809,1,1,1,1,5,4,4,5,5,5,5,5,5,3.62,39,37,TRUE
Female,Disloyal Customer,23,Business Travel,Eco,302,5,5,5,1,1,5,1,1,3,3,4,3,1,2.92,28,22,TRUE
Female,Loyal Customer,39,Business Travel,Business,3811,1,1,1,1,4,4,4,4,3,4,5,4,4,3.08,310,300,TRUE
Male,Loyal Customer,47,Business Travel,Business,1187,4,4,4,4,4,4,5,5,5,5,5,4,4,4.38,0,0,TRUE
Male,Loyal Customer,67,Personal Travel,Eco Plus,610,4,5,4,2,1,4,1,1,5,3,4,3,1,2.92,103,106,FALSE
Female,Loyal Customer,56,Personal Travel,Eco,370,3,4,3,4,4,4,3,3,3,3,3,2,1,3.08,0,9,FALSE
Male,Loyal Customer,22,Business Travel,Eco Plus,605,0,4,0,3,2,0,3,2,5,3,3,2,2,2.23,35,25,TRUE
Female,Loyal Customer,49,Personal Travel,Eco,544,3,3,3,4,3,2,2,4,5,4,4,2,2,3.15,128,161,FALSE
Female,Loyal Customer,46,Business Travel,Business,731,5,5,5,5,2,4,4,5,5,5,5,4,4,4.46,0,0,TRUE
Male,Loyal Customer,41,Business Travel,Business,845,2,3,3,3,2,2,3,2,2,2,2,1,1,2.15,31,13,FALSE
Female,Disloyal Customer,35,Business Travel,Business,495,3,3,3,2,5,3,5,5,5,3,5,4,5,3.92,16,12,FALSE
Female,Disloyal Customer,25,Business Travel,Business,696,3,5,3,3,1,3,1,1,5,5,4,4,1,3,0,0,FALSE
Male,Loyal Customer,42,Business Travel,Business,575,2,2,2,2,5,5,5,3,3,4,3,5,5,3.54,0,0,TRUE
Female,Loyal Customer,43,Personal Travel,Eco,1235,2,2,2,4,3,3,3,2,2,2,2,3,1,2.38,0,0,FALSE
Male,Loyal Customer,13,Personal Travel,Eco,1009,3,3,3,2,5,3,5,5,2,3,3,3,5,3.46,9,12,FALSE
Male,Loyal Customer,23,Personal Travel,Eco,2227,2,3,2,4,1,2,2,1,3,3,4,4,1,2.46,0,0,FALSE
Female,Disloyal Customer,20,Business Travel,Eco Plus,637,3,0,3,3,2,3,2,2,4,1,1,1,2,2.08,3,5,FALSE
Male,Disloyal Customer,12,Business Travel,Eco,1188,3,3,3,3,3,3,3,3,1,5,3,1,3,2.85,22,29,FALSE
Male,Loyal Customer,59,Business Travel,Business,302,4,4,4,4,5,5,4,4,4,5,4,3,4,4.15,15,8,TRUE
Male,Loyal Customer,35,Business Travel,Business,3786,1,1,3,1,5,4,4,3,3,3,3,1,2,2.62,0,12,TRUE
Male,Loyal Customer,35,Business Travel,Business,483,1,1,1,1,4,2,2,3,3,3,3,4,1,2.23,37,45,TRUE
Male,Disloyal Customer,48,Business Travel,Business,954,3,3,3,2,1,3,1,1,4,5,5,4,1,2.77,0,0,FALSE
Male,Loyal Customer,59,Business Travel,Business,3027,4,4,4,4,2,5,4,5,5,5,5,4,5,4.31,7,0,TRUE
Female,Loyal Customer,29,Personal Travel,Eco,1023,2,3,2,3,4,2,4,4,3,5,4,3,4,3.31,0,73,FALSE
Female,Loyal Customer,38,Personal Travel,Eco,1825,1,5,1,1,2,1,2,2,3,3,5,3,2,2.38,1,0,FALSE
Male,Loyal Customer,36,Business Travel,Business,3996,1,1,3,1,2,3,3,3,3,3,3,2,1,2.23,0,0,TRUE
Female,Loyal Customer,70,Personal Travel,Eco,814,3,0,4,3,5,4,4,2,2,4,1,3,4,3,0,0,FALSE
Male,Loyal Customer,54,Business Travel,Business,3861,2,2,2,2,5,5,4,5,5,5,5,4,5,3.92,0,8,TRUE
Male,Loyal Customer,33,Business Travel,Business,386,5,5,5,5,4,4,4,4,5,3,4,5,4,4.38,3,0,TRUE
Female,Loyal Customer,44,Personal Travel,Eco,1797,3,5,3,2,2,5,2,3,3,3,3,3,5,3.23,21,2,FALSE
Male,Loyal Customer,21,Personal Travel,Eco,1947,2,5,2,3,1,2,1,1,4,4,5,5,1,2.77,18,13,FALSE
Male,Loyal Customer,14,Personal Travel,Eco,164,3,4,3,4,2,3,4,2,3,1,4,2,2,2.85,0,0,FALSE
Female,Loyal Customer,28,Personal Travel,Eco,762,5,4,5,3,3,5,3,3,3,4,3,2,3,3.54,0,0,TRUE
Female,Loyal Customer,31,Business Travel,Eco,101,5,3,3,3,5,5,5,5,2,2,1,4,5,3.69,6,12,TRUE
Male,Loyal Customer,14,Personal Travel,Eco,119,4,3,4,5,5,4,5,5,4,1,4,5,5,4.15,123,123,FALSE
Female,Loyal Customer,60,Business Travel,Business,337,4,4,2,4,2,4,4,4,4,4,4,4,5,3.77,0,0,TRUE
Female,Loyal Customer,23,Business Travel,Business,1513,4,4,4,4,4,4,4,4,1,3,3,2,4,3.46,3,0,TRUE
Female,Loyal Customer,18,Business Travel,Business,2901,4,4,4,4,4,4,4,4,5,4,5,5,4,4.23,15,4,TRUE
Female,Disloyal Customer,27,Business Travel,Business,130,2,2,2,4,4,2,2,4,5,5,4,4,4,3.38,0,1,FALSE
Male,Loyal Customer,68,Personal Travel,Eco,575,0,5,0,1,2,0,2,2,4,5,4,3,2,2.31,0,0,TRUE
Male,Loyal Customer,50,Business Travel,Business,1589,4,4,2,4,5,4,4,3,3,3,3,5,5,3.77,0,0,TRUE
Female,Loyal Customer,32,Personal Travel,Eco,725,3,3,3,1,4,3,4,4,1,2,1,3,4,2.77,6,0,FALSE
Male,Loyal Customer,48,Business Travel,Business,3630,3,1,1,1,1,4,3,3,3,3,3,3,4,2.54,0,0,FALSE
Male,Loyal Customer,49,Business Travel,Business,3323,2,2,2,2,3,5,4,5,5,5,5,3,3,3.54,0,0,TRUE
Male,Loyal Customer,61,Personal Travel,Eco,2133,2,5,3,3,1,3,1,1,3,5,5,3,1,2.77,0,0,FALSE
Male,Loyal Customer,47,Personal Travel,Eco,547,2,4,2,1,3,2,4,3,4,3,5,3,3,3,0,0,FALSE
Male,Loyal Customer,42,Personal Travel,Eco,266,3,4,0,4,2,0,2,2,4,4,3,5,2,2.69,0,0,FALSE
Female,Loyal Customer,28,Business Travel,Business,2198,3,3,3,3,4,4,4,4,4,5,5,3,4,3.77,0,0,TRUE
Female,Loyal Customer,54,Business Travel,Eco,204,1,0,0,4,5,4,3,3,3,1,2,4,3,2.54,0,0,FALSE
Male,Loyal Customer,41,Business Travel,Eco,1416,3,2,2,2,3,3,3,3,3,5,3,3,3,2.92,0,0,FALSE
Male,Loyal Customer,24,Business Travel,Eco Plus,737,5,5,5,5,5,5,4,5,1,2,2,2,5,3.92,0,0,TRUE
Male,Loyal Customer,51,Business Travel,Business,3554,5,5,4,5,3,4,5,5,5,5,5,3,3,4.38,0,0,TRUE
Male,Loyal Customer,29,Business Travel,Business,2999,5,4,5,5,5,5,5,5,3,4,4,5,5,4.62,0,9,TRUE
Female,Disloyal Customer,45,Business Travel,Business,529,5,4,4,1,4,5,4,4,5,4,5,3,4,4,0,0,TRUE
Male,Loyal Customer,47,Business Travel,Business,1996,3,3,3,3,4,2,1,5,5,5,5,2,5,3.54,0,0,TRUE
Female,Loyal Customer,28,Business Travel,Eco Plus,253,3,5,4,5,3,3,3,3,1,5,4,2,3,3.38,14,7,FALSE
Male,Loyal Customer,43,Business Travel,Eco,569,3,3,3,3,3,3,3,3,1,5,4,2,3,3,0,1,FALSE
Female,Loyal Customer,41,Business Travel,Eco,270,4,5,5,5,4,4,4,4,1,5,2,2,4,3.77,0,0,TRUE
Female,Loyal Customer,19,Personal Travel,Eco,270,2,0,2,4,5,2,1,5,4,3,5,4,5,3.23,0,0,FALSE
Female,Loyal Customer,31,Business Travel,Business,585,5,5,5,5,4,4,4,4,1,5,1,4,4,3.92,0,8,TRUE
Female,Loyal Customer,41,Business Travel,Business,1896,1,4,4,4,1,3,3,1,1,1,1,2,4,2.31,0,9,FALSE
Male,Loyal Customer,13,Personal Travel,Eco Plus,145,1,5,1,4,1,1,1,1,5,2,3,2,1,2.15,0,0,FALSE
Female,Loyal Customer,56,Business Travel,Business,3309,4,4,4,4,4,5,4,4,4,4,4,5,4,4.15,0,2,TRUE
Male,Loyal Customer,42,Personal Travel,Eco Plus,1073,2,5,2,2,4,2,4,4,3,3,5,5,4,3.46,0,0,FALSE
Male,Loyal Customer,40,Personal Travel,Eco,589,5,5,5,2,3,5,3,3,5,3,3,4,3,3.77,0,0,TRUE
Female,Loyal Customer,58,Business Travel,Eco Plus,493,2,4,4,4,2,3,2,2,2,2,2,4,5,2.92,0,0,TRUE
Male,Loyal Customer,7,Personal Travel,Eco,611,1,1,1,4,1,2,2,2,5,3,4,2,2,2.31,132,131,FALSE
Male,Loyal Customer,44,Business Travel,Business,2299,3,3,3,3,4,4,4,2,4,1,1,4,4,3.08,163,181,TRUE
Male,Disloyal Customer,25,Business Travel,Eco,1121,2,3,3,3,4,3,4,4,3,2,4,5,4,3.38,0,0,FALSE
Female,Loyal Customer,31,Business Travel,Business,2330,2,2,2,2,4,4,4,4,5,4,5,4,4,3.54,0,0,TRUE
Male,Loyal Customer,41,Business Travel,Business,1157,2,2,2,2,2,5,4,5,5,5,5,3,5,3.62,0,0,TRUE
Female,Loyal Customer,67,Personal Travel,Eco,223,2,5,2,2,3,5,4,2,2,2,2,3,4,2.92,0,0,FALSE
Male,Loyal Customer,48,Business Travel,Business,2817,3,3,3,3,5,5,5,5,5,5,5,5,4,4.31,0,0,TRUE
Female,Loyal Customer,11,Personal Travel,Eco,440,4,5,5,4,1,5,1,1,3,2,5,3,1,3.08,12,4,FALSE
Male,Loyal Customer,27,Personal Travel,Eco,455,2,4,2,2,2,2,2,2,4,4,4,3,2,2.69,0,0,FALSE
Male,Loyal Customer,54,Business Travel,Business,937,5,5,5,5,2,5,5,4,4,4,4,3,4,4.23,11,0,TRUE
Female,Loyal Customer,69,Personal Travel,Eco,337,1,4,1,4,4,5,5,4,4,1,4,3,5,3.46,0,8,FALSE
Female,Disloyal Customer,30,Business Travel,Business,837,4,4,4,1,2,4,2,2,3,4,4,4,2,3.08,0,0,TRUE
Female,Disloyal Customer,25,Business Travel,Eco,363,3,2,3,2,5,3,5,5,4,3,3,2,5,3.46,0,0,FALSE
Female,Loyal Customer,66,Personal Travel,Eco,650,1,4,1,3,2,3,4,4,4,1,4,4,2,2.85,0,3,FALSE
Female,Loyal Customer,48,Personal Travel,Eco,948,3,2,3,3,2,4,4,4,4,3,4,2,1,3,0,0,FALSE
Female,Loyal Customer,49,Business Travel,Eco,414,1,1,1,1,3,3,3,1,1,1,1,2,3,1.69,0,0,FALSE
Male,Disloyal Customer,24,Business Travel,Eco,925,1,1,1,1,1,1,1,1,4,5,5,5,1,2.15,0,0,FALSE
Male,Loyal Customer,62,Business Travel,Business,2212,1,0,0,3,1,3,2,1,1,0,1,3,2,1.38,10,18,FALSE
Male,Loyal Customer,55,Business Travel,Business,3477,3,3,3,3,4,4,5,5,5,5,5,4,5,4.15,1,0,TRUE
Female,Loyal Customer,10,Personal Travel,Eco,693,4,4,4,3,4,4,4,4,4,2,4,4,4,3.77,66,57,FALSE
Female,Loyal Customer,22,Personal Travel,Eco,427,2,3,0,3,2,0,2,2,4,2,2,2,2,2,0,0,FALSE
Female,Disloyal Customer,24,Business Travel,Eco,1096,4,4,4,5,5,4,5,5,5,2,5,3,5,4.31,0,0,TRUE
Male,Disloyal Customer,22,Business Travel,Eco,1430,3,3,3,4,4,3,4,4,4,4,4,3,4,3.62,27,15,FALSE
Female,Loyal Customer,8,Personal Travel,Eco,373,1,3,1,2,4,1,4,4,1,1,2,5,4,2.54,0,0,FALSE
Female,Loyal Customer,28,Business Travel,Business,1824,3,3,3,3,3,3,3,3,2,2,3,3,3,2.85,0,6,FALSE
Male,Loyal Customer,21,Personal Travel,Eco Plus,2296,3,4,3,5,3,3,3,3,3,3,5,4,3,3.46,0,0,FALSE
Female,Loyal Customer,43,Personal Travel,Eco,640,3,5,4,4,5,4,5,1,1,4,1,4,3,3.38,0,0,FALSE
Male,Loyal Customer,41,Business Travel,Business,544,1,1,2,1,4,4,5,5,5,5,5,4,3,3.46,0,9,TRUE
Female,Disloyal Customer,25,Business Travel,Eco,1050,2,2,2,2,5,2,5,5,1,3,1,1,5,2.77,0,0,FALSE
Male,Loyal Customer,48,Business Travel,Business,337,1,1,2,1,5,5,4,5,5,5,5,5,3,3.62,0,0,TRUE
Female,Loyal Customer,52,Business Travel,Eco,909,2,5,5,5,5,4,3,3,3,2,3,4,3,3.62,0,0,FALSE
Female,Disloyal Customer,23,Business Travel,Eco,759,5,5,5,2,4,5,4,4,5,4,4,3,4,4.15,0,1,TRUE
Female,Disloyal Customer,22,Business Travel,Business,521,4,0,4,1,5,4,5,5,5,1,1,3,5,3.31,0,0,TRUE
Female,Loyal Customer,35,Business Travel,Eco,363,2,2,2,2,2,2,2,2,4,3,3,2,2,2.31,0,0,FALSE
Male,Loyal Customer,25,Business Travel,Eco Plus,370,4,4,4,4,4,3,2,4,2,4,3,1,4,3.31,0,13,FALSE
Male,Loyal Customer,59,Business Travel,Eco,908,3,1,1,1,3,3,3,3,1,5,3,1,3,2.38,0,0,FALSE
Male,Disloyal Customer,40,Business Travel,Business,436,3,3,3,5,3,4,4,4,3,5,5,4,4,3.85,244,240,FALSE
Male,Disloyal Customer,26,Business Travel,Business,862,2,2,2,3,3,2,3,3,4,5,4,5,3,3.15,0,2,FALSE
Female,Loyal Customer,45,Business Travel,Business,2666,3,3,3,3,5,5,5,4,4,4,4,5,4,4,0,0,TRUE
Female,Loyal Customer,38,Business Travel,Business,3668,5,5,5,5,1,4,2,4,4,4,4,1,4,3.69,7,0,TRUE
Male,Loyal Customer,53,Personal Travel,Eco,954,2,5,2,5,5,2,5,5,1,1,1,2,5,3.15,0,8,FALSE
Male,Loyal Customer,53,Personal Travel,Eco,1506,2,4,2,4,5,2,4,5,1,4,2,3,5,3.31,0,0,FALSE
Male,Loyal Customer,46,Business Travel,Business,3073,2,2,1,2,4,5,5,5,5,5,5,4,4,3.77,3,0,TRUE
Female,Loyal Customer,66,Personal Travel,Business,221,4,0,4,3,5,4,5,5,5,4,5,3,3,3.85,0,0,FALSE
Female,Loyal Customer,40,Business Travel,Business,1846,1,1,1,1,5,3,4,5,5,5,5,4,3,3.31,1,3,TRUE
Male,Loyal Customer,47,Personal Travel,Eco,867,4,4,4,4,2,4,2,2,2,2,3,5,2,3.08,0,0,FALSE
Male,Loyal Customer,55,Personal Travel,Eco,306,1,4,1,4,2,1,3,2,1,4,3,2,2,2.31,0,0,FALSE
Male,Loyal Customer,49,Business Travel,Business,84,4,4,3,4,1,2,5,5,5,5,3,4,3,3.69,0,0,TRUE
Male,Loyal Customer,47,Business Travel,Eco,750,4,1,4,1,4,4,4,4,4,3,1,1,4,3,0,0,TRUE
Male,Disloyal Customer,34,Business Travel,Business,270,1,0,0,3,5,0,5,5,3,5,4,5,5,3.15,56,57,FALSE
Male,Loyal Customer,66,Personal Travel,Eco,933,4,4,4,1,2,4,2,2,5,4,5,4,2,3.31,0,0,FALSE
Male,Loyal Customer,63,Personal Travel,Eco,452,3,2,3,3,3,3,1,3,2,1,4,1,3,2.46,6,0,FALSE
Male,Loyal Customer,51,Personal Travel,Eco Plus,862,2,5,2,1,3,2,3,3,3,3,4,5,3,3,78,70,FALSE
Male,Loyal Customer,48,Business Travel,Eco,1005,5,2,2,2,5,5,5,5,4,2,2,3,5,3.62,0,12,TRUE
Male,Loyal Customer,37,Business Travel,Eco,255,5,2,2,2,5,5,5,5,1,3,4,4,5,3.69,0,0,TRUE
Male,Loyal Customer,43,Business Travel,Business,2606,4,1,4,4,4,4,5,5,5,5,5,5,3,4.15,5,7,TRUE
Female,Disloyal Customer,34,Business Travel,Eco,1405,2,2,2,4,5,2,2,5,3,3,2,4,5,3.15,1,0,FALSE
Male,Loyal Customer,55,Business Travel,Eco,521,5,5,5,5,5,5,5,5,4,4,1,2,5,4.31,0,2,TRUE
Female,Loyal Customer,44,Business Travel,Business,2211,1,1,1,1,3,5,5,3,3,3,3,3,5,2.85,57,44,TRUE
Male,Loyal Customer,65,Personal Travel,Eco Plus,849,2,4,2,1,1,2,1,1,4,2,5,3,1,2.23,1,0,FALSE
Female,Loyal Customer,59,Personal Travel,Eco,1452,4,5,4,4,3,5,3,4,4,4,4,2,2,3.69,29,27,FALSE
Female,Loyal Customer,51,Business Travel,Business,1587,4,4,4,4,5,4,5,4,4,4,4,4,4,4.15,1,17,TRUE
Male,Loyal Customer,55,Business Travel,Business,545,3,3,1,3,3,4,4,5,5,5,5,5,3,3.77,3,0,TRUE
Female,Loyal Customer,29,Business Travel,Business,3487,2,2,3,2,5,5,5,5,5,4,5,4,5,4,93,81,TRUE
Female,Disloyal Customer,37,Business Travel,Business,312,4,4,4,1,2,4,2,2,5,2,5,5,2,3.23,0,0,TRUE
Male,Disloyal Customer,47,Business Travel,Business,1072,1,1,1,2,4,1,4,4,1,4,3,3,4,2.54,6,13,FALSE
Female,Loyal Customer,39,Business Travel,Business,2677,4,5,5,5,4,4,4,1,4,4,4,4,4,4,0,18,FALSE
Male,Loyal Customer,52,Business Travel,Business,3977,5,5,2,5,4,5,4,3,3,3,3,5,4,3.92,35,30,TRUE
Female,Disloyal Customer,45,Business Travel,Eco,457,3,0,3,5,4,3,4,4,2,5,4,1,4,3.23,1,0,FALSE
Male,Loyal Customer,33,Business Travel,Business,1541,3,3,3,3,4,4,4,4,4,4,5,3,4,3.69,2,0,TRUE
Male,Loyal Customer,47,Personal Travel,Eco Plus,569,4,4,3,1,1,3,1,1,5,2,5,5,1,2.77,0,0,TRUE
Female,Loyal Customer,58,Business Travel,Business,2052,4,1,5,1,2,3,3,4,4,4,4,2,3,3.08,20,51,FALSE
Female,Disloyal Customer,36,Business Travel,Business,602,3,3,3,2,3,3,5,3,5,3,5,4,3,3.46,0,0,FALSE
Male,Loyal Customer,16,Personal Travel,Eco,1431,0,5,0,1,1,0,1,1,5,2,4,4,1,1.92,0,0,TRUE
Male,Disloyal Customer,23,Business Travel,Eco,472,1,4,1,3,4,1,5,4,1,1,4,4,4,2.85,17,2,FALSE
Female,Loyal Customer,53,Business Travel,Business,1183,2,2,2,2,3,5,4,5,5,5,5,4,5,3.77,0,0,TRUE
Female,Loyal Customer,52,Business Travel,Business,1703,3,3,3,3,4,5,5,2,2,2,2,3,5,3.23,0,0,TRUE
Female,Loyal Customer,18,Personal Travel,Eco,895,2,3,2,4,5,2,5,5,3,2,4,2,5,3.38,0,0,FALSE
Male,Loyal Customer,56,Personal Travel,Eco Plus,655,2,3,2,2,2,2,2,2,4,2,4,4,2,2.54,46,37,FALSE
Male,Loyal Customer,49,Business Travel,Business,157,1,1,1,1,5,5,5,4,4,4,4,5,4,3.38,29,13,TRUE
Male,Loyal Customer,40,Personal Travel,Eco,1235,2,4,2,4,2,2,2,2,3,3,4,2,2,2.62,0,0,FALSE
Female,Disloyal Customer,24,Business Travel,Eco,177,3,2,3,4,3,3,3,3,1,1,4,4,3,2.85,0,17,FALSE
Male,Loyal Customer,49,Personal Travel,Eco,489,2,3,2,3,1,2,4,1,4,3,4,4,1,2.62,0,3,FALSE
Male,Loyal Customer,15,Personal Travel,Business,414,0,3,0,2,2,0,2,2,4,4,2,4,2,2.08,0,0,TRUE
Female,Loyal Customer,56,Personal Travel,Eco,1379,5,5,5,3,5,4,4,1,1,5,1,4,4,3.62,0,0,TRUE
Female,Loyal Customer,61,Personal Travel,Eco,991,1,2,1,4,2,3,3,5,5,1,5,4,1,2.85,4,0,FALSE
Female,Loyal Customer,51,Business Travel,Business,301,5,5,5,5,4,3,3,5,5,5,5,5,5,4.62,1,0,TRUE
Male,Loyal Customer,40,Business Travel,Business,1947,4,4,4,4,4,5,5,4,4,4,4,5,3,4.15,5,22,TRUE
Male,Loyal Customer,24,Personal Travel,Business,1846,3,0,3,2,3,3,3,3,5,3,4,5,3,3.08,0,0,FALSE
Male,Loyal Customer,42,Business Travel,Business,2921,2,2,2,2,3,4,3,4,4,4,4,5,4,3.31,0,0,TRUE
Male,Disloyal Customer,26,Business Travel,Business,602,3,3,3,1,4,3,4,4,3,5,5,3,4,3.46,0,0,FALSE
Male,Loyal Customer,37,Personal Travel,Eco,1235,4,5,4,1,4,4,4,4,3,2,3,5,4,3.62,0,0,FALSE
Female,Loyal Customer,52,Business Travel,Business,3442,3,2,2,2,4,3,4,3,3,3,3,2,2,2.77,0,0,FALSE
Female,Loyal Customer,8,Personal Travel,Eco,544,4,4,4,4,4,4,4,4,1,3,4,2,4,3.54,0,5,TRUE
Male,Loyal Customer,40,Personal Travel,Eco,600,2,5,2,3,1,2,1,1,2,5,2,4,1,2.38,0,0,FALSE
Female,Loyal Customer,56,Personal Travel,Eco,957,3,5,3,2,2,5,5,4,4,3,1,4,3,3.38,0,0,FALSE
Female,Loyal Customer,64,Personal Travel,Eco,576,2,4,2,2,2,1,1,3,2,5,4,1,1,2.31,248,270,FALSE
Female,Disloyal Customer,33,Business Travel,Business,594,2,2,2,2,2,2,2,2,3,3,5,3,2,2.46,0,0,FALSE
Female,Loyal Customer,44,Business Travel,Business,613,2,2,2,2,5,2,1,5,5,5,5,5,4,3.46,0,0,TRUE
Male,Loyal Customer,45,Business Travel,Business,2960,3,3,2,3,3,5,5,3,3,4,3,5,5,3.62,0,0,TRUE
Male,Loyal Customer,30,Business Travel,Business,2329,1,1,1,1,5,5,5,5,5,2,4,3,5,3.31,2,2,TRUE
Male,Loyal Customer,60,Business Travel,Eco,1464,4,3,3,3,4,4,4,4,4,1,4,3,4,3.46,58,87,TRUE
Male,Loyal Customer,11,Personal Travel,Eco Plus,2300,4,5,3,3,3,3,3,3,4,1,4,3,3,3.23,0,0,TRUE
Male,Loyal Customer,39,Personal Travel,Eco,293,3,4,3,3,5,3,5,5,5,5,4,5,5,4.23,0,10,FALSE
Male,Loyal Customer,47,Personal Travel,Eco,2475,1,3,1,4,2,1,2,2,2,1,4,2,2,2.08,0,0,FALSE
Female,Disloyal Customer,24,Business Travel,Eco,449,1,5,1,3,5,1,5,5,4,3,4,5,5,3.62,0,0,FALSE
Male,Disloyal Customer,20,Business Travel,Eco,239,5,0,5,3,4,5,4,4,3,4,5,5,4,3.92,0,0,TRUE
Female,Disloyal Customer,21,Business Travel,Eco,957,2,2,2,3,5,2,3,5,3,4,4,5,5,3.46,20,4,FALSE
Male,Loyal Customer,45,Business Travel,Eco,667,1,2,3,2,1,1,1,1,3,2,4,2,1,1.85,24,11,FALSE
Female,Loyal Customer,56,Personal Travel,Eco,599,5,3,5,3,2,2,3,3,3,5,3,5,1,3.31,0,0,TRUE
Female,Loyal Customer,55,Business Travel,Business,567,1,3,3,3,5,3,4,1,1,1,1,1,2,2.23,0,0,FALSE
Male,Disloyal Customer,54,Business Travel,Eco,152,4,0,4,5,3,4,3,3,1,2,1,4,3,2.85,0,0,FALSE
Female,Loyal Customer,31,Business Travel,Eco Plus,954,5,4,4,4,5,5,5,5,5,2,4,1,5,4.15,0,4,TRUE
Female,Loyal Customer,58,Business Travel,Business,1838,3,3,3,3,4,3,5,5,5,5,5,5,5,4.15,0,0,TRUE
Male,Loyal Customer,23,Business Travel,Eco,337,5,2,2,2,5,4,2,5,1,2,3,4,5,3.23,0,0,FALSE
Female,Loyal Customer,58,Personal Travel,Eco,677,3,4,3,2,5,4,4,2,2,3,2,4,3,3.15,11,6,FALSE
Female,Loyal Customer,30,Business Travel,Business,2405,5,5,5,5,5,5,5,5,5,2,2,1,5,4.23,0,0,TRUE
Female,Loyal Customer,43,Personal Travel,Business,332,2,4,3,2,4,5,5,5,5,3,3,4,5,3.85,3,0,FALSE
Female,Loyal Customer,27,Personal Travel,Eco,420,1,1,1,4,2,1,2,2,3,3,3,4,2,2.23,57,67,FALSE
Male,Loyal Customer,14,Personal Travel,Eco Plus,1303,1,5,1,1,4,1,4,4,3,5,3,3,4,3,0,0,FALSE
Female,Loyal Customer,28,Business Travel,Eco,780,3,2,2,2,3,3,3,3,2,2,4,4,3,2.77,0,0,FALSE
Male,Loyal Customer,27,Business Travel,Eco Plus,1448,0,0,0,4,1,4,1,1,1,2,4,4,1,1.77,5,0,TRUE
Female,Loyal Customer,67,Personal Travel,Eco,507,2,5,2,1,5,5,4,5,5,2,3,4,5,3.69,0,0,FALSE
Male,Loyal Customer,39,Business Travel,Eco,391,4,1,5,1,4,4,4,4,5,5,5,5,4,3.92,0,0,TRUE
Female,Loyal Customer,63,Business Travel,Business,2849,3,3,3,3,2,4,4,4,4,4,4,3,4,3.46,39,55,TRUE
Male,Loyal Customer,42,Business Travel,Business,3977,2,2,2,2,3,3,4,2,2,2,2,2,2,2.31,6,7,FALSE
Male,Loyal Customer,18,Personal Travel,Eco Plus,321,2,4,2,4,5,2,5,5,3,2,1,4,5,3.38,0,0,FALSE
Female,Loyal Customer,29,Business Travel,Eco Plus,1726,1,5,5,5,1,1,1,1,3,5,3,4,1,2.77,0,0,FALSE
Female,Loyal Customer,49,Business Travel,Business,102,4,4,4,4,5,4,5,3,3,4,5,4,4,4.08,0,0,TRUE
Female,Disloyal Customer,31,Business Travel,Eco Plus,1497,3,2,2,3,1,2,1,1,2,4,4,3,1,2.23,11,11,FALSE
Female,Loyal Customer,56,Business Travel,Business,1988,4,4,4,4,3,4,3,1,1,1,4,2,1,2.77,0,0,FALSE
Male,Loyal Customer,44,Business Travel,Business,606,3,3,3,3,4,4,5,4,4,4,4,5,4,3.85,0,1,TRUE
Female,Loyal Customer,59,Business Travel,Business,1892,2,1,3,1,3,3,2,2,2,2,2,4,4,2.38,0,0,FALSE
Male,Loyal Customer,40,Business Travel,Business,895,5,5,5,5,3,4,4,5,5,5,5,5,3,4.54,0,7,TRUE
Female,Loyal Customer,36,Business Travel,Business,2901,2,2,2,2,4,5,4,5,5,5,5,5,5,3.92,0,0,TRUE
Female,Disloyal Customer,26,Business Travel,Eco,152,3,4,3,4,5,3,5,5,3,3,3,2,5,3.69,0,0,FALSE
Male,Disloyal Customer,32,Business Travel,Eco,209,2,5,2,4,4,2,4,4,5,5,1,1,4,3.31,0,11,FALSE
Male,Loyal Customer,47,Personal Travel,Eco,229,1,4,1,4,1,1,1,1,4,5,4,3,1,2.38,2,6,FALSE
Female,Loyal Customer,11,Business Travel,Business,1694,3,3,3,3,4,4,4,4,4,4,4,4,4,3.69,0,0,TRUE
Female,Loyal Customer,28,Personal Travel,Eco,452,2,5,2,2,2,2,2,2,4,5,4,3,2,2.85,0,0,FALSE
Female,Loyal Customer,9,Personal Travel,Business,852,2,4,3,2,5,3,5,5,4,5,4,4,5,3.92,0,4,FALSE
Male,Loyal Customer,44,Business Travel,Business,2076,2,3,2,2,5,5,5,5,5,5,5,5,5,4.15,22,14,TRUE
Female,Loyal Customer,20,Business Travel,Business,1751,2,2,2,2,4,4,4,4,4,4,5,3,4,3.38,14,0,TRUE
Male,Loyal Customer,35,Personal Travel,Eco,264,2,3,2,1,5,2,5,5,1,5,2,3,5,3.15,27,27,FALSE
Male,Loyal Customer,38,Business Travel,Eco,95,5,2,2,2,5,5,5,5,4,4,3,1,5,3.69,0,0,TRUE
Female,Loyal Customer,68,Personal Travel,Eco,602,3,3,3,4,3,4,3,5,5,3,5,3,3,3.62,12,6,FALSE
Male,Loyal Customer,35,Business Travel,Eco,230,2,5,5,5,2,2,2,2,2,1,2,5,2,2.85,0,0,TRUE
Female,Disloyal Customer,44,Business Travel,Eco,1295,3,3,3,3,4,3,4,4,4,2,4,4,4,3.46,0,0,FALSE
Female,Loyal Customer,30,Personal Travel,Eco,678,2,4,2,3,3,2,3,3,3,3,5,5,3,3.15,100,98,FALSE
Male,Disloyal Customer,29,Business Travel,Eco,391,3,2,2,4,1,2,1,1,4,4,4,1,1,2.31,70,73,FALSE
Male,Loyal Customer,29,Personal Travel,Eco,414,1,4,4,2,3,4,3,3,2,2,3,1,3,2.69,0,0,FALSE
Male,Loyal Customer,49,Business Travel,Business,3053,1,1,1,1,2,4,4,5,5,5,5,5,5,3.38,7,0,TRUE
Male,Loyal Customer,59,Personal Travel,Eco,550,1,5,0,4,5,0,3,5,3,5,5,3,5,3.38,43,67,FALSE
Male,Disloyal Customer,30,Business Travel,Eco,577,4,1,4,4,5,4,5,5,4,2,4,2,5,3.77,0,3,FALSE
Male,Loyal Customer,37,Personal Travel,Eco Plus,529,3,5,3,3,5,3,5,5,4,3,4,4,5,4,0,0,FALSE
Female,Loyal Customer,53,Business Travel,Business,125,4,4,4,4,2,3,1,5,5,5,3,5,5,3.85,0,0,TRUE
Female,Loyal Customer,48,Business Travel,Business,2967,2,2,2,2,5,4,5,4,4,4,4,5,1,3.38,0,0,TRUE
Male,Loyal Customer,30,Personal Travel,Eco,369,3,5,3,2,3,3,3,3,2,2,5,3,3,3.08,0,0,FALSE
Female,Disloyal Customer,57,Business Travel,Eco,909,3,3,3,3,2,3,2,2,4,1,4,2,2,2.62,0,0,FALSE
Male,Loyal Customer,44,Business Travel,Business,1744,1,1,1,1,1,1,2,1,1,1,1,2,2,1.23,0,0,FALSE
Female,Loyal Customer,60,Business Travel,Business,67,4,2,2,2,5,4,3,3,3,3,4,3,3,3.15,9,6,FALSE
Female,Loyal Customer,39,Business Travel,Eco,356,2,3,3,3,2,2,2,2,1,2,3,4,2,2.38,0,0,FALSE
Female,Loyal Customer,45,Business Travel,Business,1444,5,5,5,5,4,4,4,1,1,2,1,5,4,3.54,0,0,TRUE
Male,Loyal Customer,47,Business Travel,Business,2138,3,3,3,3,3,1,5,5,5,5,5,3,2,3.54,33,9,TRUE
Male,Loyal Customer,57,Business Travel,Business,3136,5,5,4,5,3,5,5,3,3,4,3,4,3,4,3,2,TRUE
Male,Loyal Customer,38,Business Travel,Eco,328,4,4,4,4,4,4,4,4,2,1,3,2,4,3.38,53,63,FALSE
Male,Loyal Customer,57,Business Travel,Business,438,5,5,5,5,5,4,4,4,4,4,4,3,4,4.31,35,51,TRUE
Female,Loyal Customer,9,Personal Travel,Eco,577,1,5,1,5,1,3,3,4,2,4,5,3,3,3.08,150,144,FALSE
Female,Loyal Customer,46,Personal Travel,Eco,204,2,3,2,3,5,4,3,2,2,2,2,4,1,2.69,0,0,FALSE
Male,Loyal Customer,42,Business Travel,Eco,125,4,5,5,5,4,4,4,4,3,3,5,2,4,4,20,17,TRUE
Female,Loyal Customer,43,Business Travel,Business,1404,1,1,1,1,3,1,4,2,2,3,2,5,1,2.08,0,0,TRUE
Male,Loyal Customer,56,Business Travel,Eco,344,4,2,2,2,5,4,5,5,1,1,2,3,5,3.15,0,0,TRUE
Female,Loyal Customer,11,Personal Travel,Eco Plus,859,2,5,2,2,3,2,3,3,3,5,5,5,3,3.31,0,0,FALSE
Male,Disloyal Customer,55,Business Travel,Business,217,2,2,2,1,3,2,3,3,4,2,5,2,3,2.62,0,0,FALSE
Male,Loyal Customer,55,Personal Travel,Eco,581,2,2,2,3,4,2,4,4,2,2,2,2,4,2.69,0,8,FALSE
Male,Loyal Customer,62,Personal Travel,Eco,337,3,4,4,4,5,4,5,5,3,4,4,4,5,4.15,12,22,FALSE
Male,Loyal Customer,27,Business Travel,Business,1972,2,3,3,3,2,2,2,2,1,1,1,4,2,2.15,0,0,FALSE
Female,Loyal Customer,31,Personal Travel,Eco,1024,2,4,2,3,5,2,5,5,4,3,1,4,5,3.46,0,2,FALSE
Male,Disloyal Customer,34,Business Travel,Business,363,3,4,4,1,1,4,1,1,1,5,5,3,1,2.62,0,0,FALSE
Female,Loyal Customer,45,Business Travel,Business,2079,1,1,1,1,4,5,4,4,4,4,4,3,3,3,0,0,TRUE
Male,Disloyal Customer,45,Business Travel,Business,223,1,1,1,1,4,1,2,4,3,5,4,3,4,2.62,0,0,FALSE
Female,Disloyal Customer,19,Business Travel,Eco,1542,5,5,5,1,1,5,2,1,5,3,4,3,1,3.15,0,0,TRUE
Male,Loyal Customer,43,Personal Travel,Eco,452,1,5,3,1,5,3,3,5,5,5,5,3,5,3.77,32,13,FALSE
Female,Loyal Customer,67,Personal Travel,Eco,227,2,5,2,1,4,4,4,5,5,2,5,3,4,3.54,0,4,FALSE
Male,Loyal Customer,51,Personal Travel,Eco,432,2,1,2,2,4,2,4,4,1,2,2,3,4,2.54,16,9,FALSE
Female,Loyal Customer,54,Business Travel,Eco,737,2,4,4,4,3,3,3,2,2,2,2,1,1,2.54,0,26,FALSE
Female,Loyal Customer,68,Business Travel,Business,936,3,4,4,4,3,2,2,3,3,3,3,1,2,2.85,24,33,FALSE
Female,Loyal Customer,56,Business Travel,Business,2809,4,4,4,4,2,4,4,5,5,5,5,4,3,4.08,11,25,TRUE
Male,Loyal Customer,49,Business Travel,Business,2307,4,4,4,4,3,5,5,5,5,5,5,4,3,4.31,0,0,TRUE
Male,Loyal Customer,44,Business Travel,Business,447,3,3,3,3,2,4,4,2,2,2,2,4,3,2.85,2,0,TRUE
Female,Loyal Customer,47,Personal Travel,Eco,262,1,2,1,3,4,3,4,3,3,1,3,2,2,2.46,0,0,FALSE
Male,Loyal Customer,50,Business Travel,Business,980,1,1,1,1,3,4,4,4,4,4,4,3,3,2.85,0,0,TRUE
Female,Loyal Customer,12,Business Travel,Eco Plus,503,4,3,3,3,4,4,3,4,3,4,1,5,4,3.46,4,4,TRUE
Female,Loyal Customer,50,Personal Travel,Eco,402,5,4,5,3,4,4,5,5,5,5,5,5,5,4.62,91,90,TRUE
Female,Loyal Customer,53,Business Travel,Business,2455,1,0,0,3,2,3,3,2,2,0,2,1,1,1.54,17,7,FALSE
Male,Disloyal Customer,26,Business Travel,Eco,160,5,0,5,2,3,5,3,3,2,4,1,4,3,3.08,11,0,TRUE
Female,Loyal Customer,28,Personal Travel,Eco,358,1,5,1,5,2,1,2,2,3,3,4,3,2,2.62,0,0,FALSE
Female,Loyal Customer,42,Business Travel,Business,2296,2,2,2,2,2,3,5,3,3,3,3,3,4,2.85,0,0,TRUE
Male,Disloyal Customer,27,Business Travel,Business,1721,3,3,3,5,4,3,4,4,3,3,4,5,4,3.69,0,0,FALSE
Male,Loyal Customer,33,Business Travel,Business,3549,4,4,4,4,3,5,3,3,2,4,1,3,3,3.31,0,0,TRUE
Female,Loyal Customer,28,Business Travel,Business,2362,5,2,5,5,5,5,5,5,2,3,5,3,5,4.23,0,0,TRUE
Female,Loyal Customer,35,Personal Travel,Eco,289,3,4,3,2,4,3,4,4,5,5,5,5,4,3.92,0,0,FALSE
Male,Loyal Customer,50,Business Travel,Business,2345,1,1,1,1,5,4,5,4,4,4,5,3,3,3.15,1,0,TRUE
Female,Loyal Customer,40,Business Travel,Eco,1390,1,2,2,2,1,1,1,1,2,2,3,2,1,1.62,0,6,FALSE
Female,Loyal Customer,53,Business Travel,Business,395,3,3,3,3,3,2,3,3,3,3,3,5,3,3.08,63,93,TRUE
Female,Disloyal Customer,26,Business Travel,Eco,1250,1,1,1,2,3,1,4,3,2,2,3,4,3,2.31,5,0,FALSE
Female,Disloyal Customer,25,Business Travel,Eco,1111,2,2,2,3,1,2,1,1,5,3,3,4,1,2.31,1,0,FALSE
Female,Loyal Customer,26,Business Travel,Business,813,3,5,3,3,4,4,4,4,4,5,5,4,4,4,0,0,TRUE
Female,Loyal Customer,40,Business Travel,Business,302,4,4,4,4,3,4,5,5,5,5,5,5,4,4.38,22,11,TRUE
Female,Loyal Customer,28,Business Travel,Business,369,3,3,3,3,5,5,5,5,4,3,4,4,5,4,5,0,TRUE
Female,Loyal Customer,31,Business Travel,Business,2202,4,1,1,1,2,2,4,2,2,2,4,3,2,2.31,0,0,FALSE
Female,Loyal Customer,21,Personal Travel,Eco,451,4,4,4,1,3,4,3,3,3,5,1,3,3,3.15,0,0,TRUE
Female,Loyal Customer,59,Business Travel,Business,1379,2,2,2,2,2,5,5,5,5,5,5,5,5,3.85,10,2,TRUE
Male,Loyal Customer,33,Business Travel,Business,1796,2,2,5,2,5,4,5,5,3,5,5,5,5,4.08,31,37,TRUE
Male,Disloyal Customer,25,Business Travel,Eco,1026,3,3,3,4,3,3,3,3,5,4,4,3,3,3.38,0,0,FALSE
Male,Disloyal Customer,22,Business Travel,Business,447,4,0,4,2,4,4,4,4,5,2,4,3,4,3.38,0,0,TRUE
Female,Loyal Customer,52,Business Travel,Business,2315,5,5,5,5,3,5,4,4,4,4,5,3,4,4.31,0,0,TRUE
Male,Loyal Customer,49,Business Travel,Business,174,4,4,4,4,4,1,3,5,5,5,4,2,3,3.69,20,9,TRUE
Female,Disloyal Customer,21,Business Travel,Business,1142,0,0,0,5,1,0,1,1,5,5,5,4,1,2.15,57,46,TRUE
Female,Loyal Customer,24,Personal Travel,Eco,1015,3,1,3,3,2,3,2,2,1,4,2,3,2,2.38,0,0,FALSE
Female,Disloyal Customer,20,Business Travel,Business,213,3,3,3,3,4,3,4,4,1,5,2,2,4,3.15,10,11,FALSE
Female,Disloyal Customer,29,Business Travel,Business,624,2,2,2,3,5,2,3,5,3,2,5,4,5,3.31,5,0,FALSE
Male,Loyal Customer,55,Business Travel,Business,425,1,1,1,1,3,4,5,4,4,4,4,5,5,3.23,6,9,TRUE
Male,Loyal Customer,23,Personal Travel,Eco Plus,621,3,2,3,3,3,3,1,3,4,5,3,2,3,2.92,31,17,FALSE
Female,Loyal Customer,67,Personal Travel,Eco Plus,692,1,5,1,2,3,4,4,5,5,1,5,4,5,3.46,0,0,FALSE
Male,Loyal Customer,32,Personal Travel,Eco,1607,3,5,4,3,4,4,4,4,3,4,4,4,4,3.85,4,6,FALSE
Female,Loyal Customer,21,Personal Travel,Eco,377,3,5,3,3,4,3,3,4,4,3,5,4,4,3.69,0,0,FALSE
Female,Loyal Customer,48,Business Travel,Business,1437,3,3,3,3,5,5,5,5,3,5,5,5,5,4.23,156,146,TRUE
Male,Loyal Customer,57,Business Travel,Eco,223,1,5,5,5,1,1,1,1,4,3,2,2,1,2.46,22,17,FALSE
Female,Loyal Customer,25,Business Travel,Business,1471,5,5,5,5,4,4,4,4,5,2,5,4,4,4.31,0,0,TRUE
Female,Loyal Customer,60,Business Travel,Eco,270,2,1,1,1,2,3,4,2,2,2,2,4,3,2.23,38,34,FALSE
Female,Loyal Customer,43,Personal Travel,Eco,1576,2,5,2,4,2,5,5,1,1,2,1,5,5,3.08,0,0,FALSE
Female,Loyal Customer,44,Business Travel,Business,2238,4,4,5,4,4,5,5,4,4,5,4,5,5,4.46,13,13,TRUE
Female,Loyal Customer,37,Business Travel,Business,1069,1,2,2,2,3,4,3,1,1,1,1,4,1,2,2,26,FALSE
Female,Loyal Customer,40,Personal Travel,Eco,453,3,5,3,2,1,3,1,1,2,5,4,2,1,2.54,0,0,FALSE
Male,Loyal Customer,63,Personal Travel,Eco,1201,4,4,4,4,1,4,2,1,1,4,4,4,1,2.92,77,81,TRUE
Male,Loyal Customer,36,Business Travel,Eco,550,3,4,4,4,4,3,3,4,5,4,3,3,3,3.62,212,222,TRUE
Female,Loyal Customer,72,Business Travel,Business,853,1,1,1,1,5,5,4,5,5,5,5,5,5,3.69,2,3,TRUE
Male,Loyal Customer,33,Personal Travel,Eco,588,2,5,2,3,1,2,1,1,3,5,4,4,1,2.62,0,3,FALSE
Male,Loyal Customer,13,Personal Travel,Eco,1558,4,4,4,3,3,4,3,3,1,2,2,1,3,2.85,0,0,TRUE
Female,Loyal Customer,42,Business Travel,Business,1020,1,1,1,1,4,4,5,4,4,4,4,4,4,3.15,0,5,TRUE
Male,Loyal Customer,34,Business Travel,Business,3965,2,2,1,2,5,4,2,5,5,5,5,1,4,3.31,0,18,TRUE
Male,Loyal Customer,22,Business Travel,Eco,641,4,3,3,3,4,4,3,4,3,2,3,4,4,3.38,0,0,FALSE
Male,Loyal Customer,42,Business Travel,Business,3130,5,5,5,5,3,5,4,4,4,4,4,5,4,4.38,0,16,TRUE
Female,Loyal Customer,39,Business Travel,Business,448,2,2,2,2,4,5,4,5,5,5,5,4,5,3.85,0,0,TRUE
Female,Loyal Customer,42,Business Travel,Business,3388,5,5,5,5,4,5,5,4,4,4,4,3,4,4.38,0,0,TRUE
Female,Loyal Customer,45,Business Travel,Business,2747,3,3,3,3,3,5,4,5,5,5,5,3,4,3.92,0,0,TRUE
Female,Loyal Customer,25,Business Travel,Eco Plus,1892,2,2,2,2,2,2,2,2,3,4,3,1,2,2.23,26,0,FALSE
Male,Loyal Customer,46,Business Travel,Business,1846,1,1,3,1,4,3,4,3,3,4,3,4,4,2.92,25,0,TRUE
Male,Loyal Customer,44,Business Travel,Business,3054,5,5,5,5,3,5,4,4,4,4,4,4,5,4.38,0,0,TRUE
Male,Loyal Customer,34,Personal Travel,Eco,315,0,5,0,3,4,0,4,4,5,3,4,5,4,3.15,0,0,TRUE
Male,Loyal Customer,57,Personal Travel,Eco,1947,3,4,3,2,2,3,2,2,5,2,4,5,2,3,0,0,FALSE
Female,Disloyal Customer,37,Business Travel,Eco Plus,1162,1,1,1,3,2,1,5,2,4,4,5,4,2,2.69,9,13,FALSE
Male,Loyal Customer,47,Business Travel,Business,308,4,4,4,4,5,4,5,5,5,5,5,5,5,4.62,0,0,TRUE
Male,Loyal Customer,39,Business Travel,Eco,241,4,1,1,1,4,5,4,4,4,1,4,2,4,3,0,13,TRUE
Male,Disloyal Customer,38,Business Travel,Business,1074,4,4,4,5,2,4,1,2,3,4,2,3,2,3.08,5,16,TRUE
Female,Loyal Customer,28,Business Travel,Business,694,3,3,3,3,5,5,5,5,1,4,3,4,5,3.77,0,0,TRUE
Female,Loyal Customer,28,Business Travel,Business,898,2,2,5,2,4,4,4,4,4,1,5,3,4,3.38,5,0,TRUE
Female,Loyal Customer,10,Personal Travel,Eco,204,4,1,4,4,2,4,2,2,2,1,3,2,2,2.54,0,13,FALSE
Male,Loyal Customer,37,Business Travel,Business,1714,3,3,3,3,3,5,4,4,4,4,5,3,5,3.77,0,0,TRUE
Female,Loyal Customer,30,Personal Travel,Eco,438,2,5,2,4,1,2,1,1,3,3,5,4,1,2.62,0,0,FALSE
Male,Loyal Customer,57,Business Travel,Business,3232,3,3,3,3,2,5,5,5,5,5,5,3,3,3.85,13,7,TRUE
Male,Loyal Customer,52,Business Travel,Business,1389,3,2,3,2,4,1,1,3,3,3,3,2,2,2.46,0,0,FALSE
Male,Loyal Customer,26,Business Travel,Business,1497,4,4,2,4,5,5,5,5,3,4,4,5,5,4.23,52,32,TRUE
Female,Loyal Customer,63,Business Travel,Business,203,4,4,4,4,1,4,1,5,5,5,4,3,3,3.62,0,0,TRUE
Male,Loyal Customer,30,Business Travel,Business,2030,3,3,3,3,5,5,5,5,5,4,4,4,5,4.15,14,10,TRUE
Male,Loyal Customer,56,Business Travel,Business,2917,5,3,5,5,5,5,5,5,5,5,5,3,4,4.62,0,0,TRUE
Female,Loyal Customer,59,Business Travel,Business,3841,5,5,5,5,2,5,4,3,3,3,3,3,4,3.85,0,0,TRUE
Female,Disloyal Customer,38,Business Travel,Eco,200,2,4,2,4,5,2,5,5,1,4,4,1,5,3.38,39,25,FALSE
Male,Loyal Customer,52,Business Travel,Business,2273,2,1,2,2,5,5,5,5,5,5,5,5,5,4,0,0,TRUE
Male,Loyal Customer,38,Personal Travel,Eco,356,3,5,3,5,3,3,3,3,4,2,3,5,3,3.46,68,59,FALSE
Female,Loyal Customer,60,Business Travel,Business,337,3,3,3,3,2,5,5,5,5,5,5,4,5,4.08,10,4,TRUE
Male,Loyal Customer,40,Business Travel,Business,1548,2,2,2,2,2,4,4,2,2,2,2,4,2,2.46,0,0,FALSE
Female,Loyal Customer,28,Business Travel,Eco,950,3,4,4,4,3,4,3,3,2,1,1,3,3,2.92,0,0,TRUE
Female,Loyal Customer,58,Business Travel,Eco Plus,1224,5,2,2,2,4,5,1,4,4,5,4,2,4,3.38,52,56,TRUE
Female,Loyal Customer,37,Business Travel,Eco,1448,4,4,3,3,4,4,4,4,3,5,1,2,4,3.46,0,0,TRUE
Female,Loyal Customer,42,Personal Travel,Business,806,3,5,3,4,1,5,4,4,4,3,4,3,4,3.62,26,21,FALSE
Female,Loyal Customer,35,Business Travel,Business,1702,5,5,5,5,4,4,4,4,4,4,4,5,5,4.46,0,0,TRUE
Male,Loyal Customer,38,Personal Travel,Eco,678,3,2,3,3,4,3,4,4,2,4,4,4,4,3.38,1,15,FALSE
Male,Loyal Customer,29,Business Travel,Business,669,2,2,2,2,5,5,5,5,3,4,5,4,5,3.77,3,0,TRUE
Female,Loyal Customer,10,Personal Travel,Eco,187,0,3,0,3,2,0,2,2,4,5,3,1,2,2.08,13,7,TRUE
Female,Disloyal Customer,47,Business Travel,Eco,723,5,5,5,3,5,5,5,5,3,2,2,5,5,4.23,0,0,TRUE
Female,Loyal Customer,43,Personal Travel,Eco,1235,2,4,2,4,5,3,4,4,4,2,5,1,2,3.23,4,1,FALSE
Male,Loyal Customer,54,Business Travel,Business,609,2,2,2,2,4,5,3,5,5,5,5,5,3,3.69,0,0,TRUE
Female,Loyal Customer,39,Business Travel,Business,1967,5,5,5,5,3,1,2,5,5,5,5,5,1,4,71,57,TRUE
Female,Disloyal Customer,22,Business Travel,Eco,575,2,0,2,1,3,2,3,3,3,2,4,2,3,2.31,0,0,FALSE
Female,Disloyal Customer,36,Business Travel,Business,259,4,5,5,3,3,5,3,3,4,3,4,4,3,3.77,84,69,FALSE
Male,Loyal Customer,41,Business Travel,Business,1582,1,1,1,1,5,4,4,5,5,5,5,5,4,3.54,0,0,TRUE
Female,Loyal Customer,42,Business Travel,Business,405,1,1,1,1,3,5,4,4,4,4,4,5,3,3.08,6,0,TRUE
Female,Loyal Customer,45,Business Travel,Eco Plus,641,3,4,4,4,5,5,4,3,3,3,3,5,2,3.69,0,0,TRUE
Male,Loyal Customer,37,Business Travel,Eco,377,1,2,2,2,1,1,1,1,2,1,4,2,1,1.62,105,99,FALSE
Male,Loyal Customer,32,Business Travel,Eco,231,3,3,2,3,3,4,3,3,5,4,4,4,3,3.38,0,0,TRUE
Male,Loyal Customer,30,Business Travel,Business,1975,4,4,4,4,4,4,4,4,4,5,3,4,4,4,0,4,TRUE
Female,Loyal Customer,54,Business Travel,Eco,273,1,0,0,4,5,4,4,4,4,1,4,4,3,2.92,0,9,FALSE
Female,Loyal Customer,58,Business Travel,Business,1012,4,4,4,4,2,4,4,4,4,4,4,3,3,3.69,21,21,TRUE
Male,Loyal Customer,38,Business Travel,Eco Plus,120,5,5,5,5,5,5,5,5,5,5,3,1,5,4.54,0,0,TRUE
Female,Loyal Customer,49,Business Travel,Eco,873,4,2,2,2,3,3,3,4,4,4,4,3,2,3.08,11,1,FALSE
Male,Loyal Customer,44,Business Travel,Business,125,2,2,2,2,3,3,3,3,3,3,2,4,2,2.62,0,0,FALSE
Male,Loyal Customer,35,Personal Travel,Eco,488,2,0,3,2,5,3,4,5,5,4,5,5,5,3.69,21,35,FALSE
Male,Loyal Customer,39,Business Travel,Business,3437,3,3,3,3,1,4,4,3,3,3,3,2,3,2.92,0,0,FALSE
Male,Loyal Customer,36,Business Travel,Business,2474,3,3,3,3,1,3,3,3,3,3,3,2,4,2.85,21,23,FALSE
Male,Loyal Customer,52,Personal Travel,Eco,166,5,5,5,3,4,5,4,4,4,3,5,4,4,4.23,25,35,TRUE
Male,Loyal Customer,45,Business Travel,Business,3728,5,5,5,5,4,5,5,5,5,5,5,3,3,4.62,4,1,TRUE
Female,Disloyal Customer,26,Business Travel,Business,354,1,2,1,3,4,1,4,4,3,1,4,2,4,2.62,0,0,FALSE
Male,Loyal Customer,43,Business Travel,Eco,432,1,2,2,2,1,1,1,1,3,5,4,1,1,1.92,19,22,FALSE
Male,Loyal Customer,17,Personal Travel,Business,989,2,5,2,4,1,2,1,1,3,4,2,5,1,2.54,2,0,FALSE
Female,Disloyal Customer,23,Business Travel,Eco,341,3,0,3,3,4,3,4,4,2,5,3,3,4,3.15,0,0,FALSE
Male,Loyal Customer,26,Business Travel,Business,948,4,4,4,4,4,5,4,4,1,4,2,2,4,3.54,12,5,TRUE
Female,Loyal Customer,57,Business Travel,Business,408,5,5,5,5,2,4,5,4,4,4,4,3,3,4.08,0,0,TRUE
Female,Loyal Customer,27,Business Travel,Eco,977,1,2,2,2,1,1,1,1,4,3,4,1,1,1.85,56,48,FALSE
Male,Loyal Customer,13,Personal Travel,Eco,689,4,4,5,1,1,5,1,1,4,3,5,4,1,3,0,0,TRUE
Male,Loyal Customer,56,Personal Travel,Business,366,2,4,2,1,3,3,3,2,2,2,2,4,4,2.62,0,0,FALSE
Male,Loyal Customer,57,Business Travel,Business,272,1,1,1,1,5,5,5,3,2,4,4,5,5,3.23,184,180,TRUE
Male,Loyal Customer,51,Business Travel,Business,2542,1,1,1,1,2,4,5,5,5,5,5,5,3,3.31,7,0,TRUE
Male,Loyal Customer,45,Business Travel,Business,500,1,1,1,1,2,4,4,3,3,3,3,5,5,2.77,0,0,TRUE
Female,Loyal Customer,14,Personal Travel,Eco,936,2,4,2,3,4,2,5,4,1,4,4,4,4,3.31,45,41,FALSE
Male,Loyal Customer,43,Business Travel,Business,1024,2,2,2,2,3,4,3,2,2,2,2,4,3,2.54,9,0,FALSE
Female,Loyal Customer,57,Business Travel,Business,158,3,5,5,5,1,3,3,3,3,3,3,2,1,3.08,0,0,FALSE
Female,Loyal Customer,65,Business Travel,Business,2216,3,1,1,1,4,4,3,3,3,3,3,3,4,2.77,0,0,FALSE
Female,Disloyal Customer,13,Personal Travel,Eco,1562,1,5,1,2,4,1,4,4,5,2,3,4,4,3.08,0,0,FALSE
Female,Loyal Customer,63,Personal Travel,Eco,746,3,4,3,3,1,4,4,5,5,3,5,3,4,3.62,0,0,FALSE
Female,Loyal Customer,42,Business Travel,Eco Plus,744,1,2,2,2,1,3,4,1,1,1,1,3,3,1.92,3,14,FALSE
Male,Loyal Customer,44,Business Travel,Business,1964,1,1,1,1,4,4,5,4,4,4,4,3,5,3.15,0,0,TRUE
Male,Loyal Customer,54,Business Travel,Business,3171,5,5,5,5,3,4,5,3,3,3,3,3,5,4,0,4,TRUE
Female,Loyal Customer,12,Personal Travel,Eco,817,4,3,4,5,1,4,1,1,1,2,4,1,1,2.46,0,0,TRUE
Female,Loyal Customer,19,Personal Travel,Eco,215,2,3,2,3,1,2,1,1,5,2,2,5,1,2.31,0,0,FALSE
Male,Loyal Customer,44,Business Travel,Eco,666,3,3,2,3,3,3,3,3,4,5,3,4,3,3.23,17,1,FALSE
Female,Loyal Customer,53,Business Travel,Business,2852,5,5,5,5,5,5,4,5,5,5,5,4,5,4.85,0,0,TRUE
Female,Loyal Customer,54,Business Travel,Business,829,2,2,2,2,5,3,2,2,2,2,2,2,1,2.23,26,31,FALSE
Male,Loyal Customer,40,Business Travel,Business,1587,5,5,5,5,5,4,4,4,4,4,4,3,5,4.38,0,0,TRUE
Female,Loyal Customer,41,Business Travel,Eco,287,2,4,5,4,2,2,2,2,2,2,2,3,2,2.62,0,0,FALSE
Male,Disloyal Customer,40,Business Travel,Eco,261,1,0,1,4,5,1,5,5,3,5,4,5,5,3.38,0,0,FALSE
Male,Loyal Customer,28,Personal Travel,Eco,184,4,5,4,3,2,4,2,2,5,4,4,5,2,3.54,0,0,FALSE
Female,Loyal Customer,61,Personal Travel,Eco,888,3,5,4,4,2,5,5,5,5,4,4,3,3,4,0,0,FALSE
Male,Loyal Customer,11,Personal Travel,Eco,414,1,4,4,3,1,4,1,1,3,3,1,2,1,2.23,6,0,FALSE
Female,Loyal Customer,16,Personal Travel,Eco,447,2,5,2,1,3,2,4,3,3,3,5,3,3,3,0,0,FALSE
Male,Loyal Customer,56,Business Travel,Business,950,5,5,5,5,5,4,5,5,5,5,5,5,5,4.92,0,3,TRUE
Female,Loyal Customer,65,Business Travel,Business,2180,2,2,2,2,3,4,5,3,3,3,3,4,3,3,0,0,TRUE
Female,Loyal Customer,40,Personal Travel,Eco,317,2,3,2,3,5,2,1,5,5,3,4,2,5,3.23,0,0,FALSE
Male,Loyal Customer,59,Personal Travel,Business,369,2,4,2,2,2,5,1,4,4,2,4,4,5,3.15,0,0,FALSE
Female,Loyal Customer,27,Business Travel,Eco,589,3,5,5,5,3,3,3,3,2,4,1,2,3,3.23,0,8,FALSE
Male,Loyal Customer,48,Business Travel,Business,337,2,2,2,2,3,5,4,4,4,4,4,3,5,3.38,2,2,TRUE
Male,Loyal Customer,13,Personal Travel,Business,444,4,4,4,5,1,4,4,1,4,2,4,4,1,3.23,0,0,TRUE
Male,Loyal Customer,63,Personal Travel,Eco,516,4,4,4,2,4,4,4,4,5,3,5,5,4,4,46,52,FALSE
Male,Loyal Customer,41,Business Travel,Business,2434,4,4,4,4,5,5,5,4,2,4,5,5,5,4.31,17,0,TRUE
Male,Disloyal Customer,39,Business Travel,Business,700,5,4,4,2,1,4,1,1,5,4,5,3,1,3.08,15,0,TRUE
Male,Loyal Customer,58,Personal Travel,Eco,1023,3,3,2,3,5,2,5,5,1,3,5,2,5,3.38,0,0,FALSE
Female,Loyal Customer,16,Business Travel,Eco,793,3,4,4,4,3,3,1,3,2,4,4,4,3,3.23,0,0,FALSE
Female,Disloyal Customer,30,Business Travel,Business,1205,3,3,3,1,1,3,1,1,4,3,4,3,1,2.38,47,34,FALSE
Male,Loyal Customer,46,Personal Travel,Eco,284,1,4,1,1,5,1,5,5,3,5,5,5,5,3.54,0,0,FALSE
Female,Loyal Customer,55,Business Travel,Business,2313,5,5,5,5,2,4,4,4,4,4,4,5,3,4.15,0,0,TRUE
Female,Loyal Customer,57,Business Travel,Business,2190,5,5,5,5,4,4,5,4,4,4,4,3,4,4.31,5,0,TRUE
Female,Disloyal Customer,54,Business Travel,Eco,375,3,0,3,3,4,3,4,4,5,1,5,1,4,3.08,9,0,FALSE
Female,Loyal Customer,21,Personal Travel,Eco,248,3,5,3,2,3,3,3,3,5,4,5,3,3,3.46,0,0,FALSE
Male,Loyal Customer,37,Personal Travel,Eco,758,2,4,2,3,2,2,1,2,5,3,4,3,2,2.69,0,0,FALSE
Male,Loyal Customer,21,Personal Travel,Eco Plus,414,3,1,3,2,2,3,2,2,2,5,1,4,2,2.46,0,0,FALSE
Female,Loyal Customer,49,Business Travel,Business,369,3,2,2,2,1,3,3,3,3,3,3,1,1,2.31,22,16,FALSE
Male,Loyal Customer,24,Business Travel,Business,1325,5,2,2,2,5,4,5,5,2,3,4,3,5,3.62,0,0,FALSE
Female,Disloyal Customer,24,Business Travel,Business,414,4,4,4,2,5,4,5,5,3,2,5,5,5,4.08,0,0,TRUE
Female,Disloyal Customer,45,Business Travel,Business,307,4,4,4,4,1,4,1,1,4,3,4,5,1,3.08,69,62,TRUE
Male,Loyal Customer,46,Business Travel,Eco,214,2,1,1,1,2,2,2,2,4,3,3,4,2,2.23,0,0,FALSE
Male,Loyal Customer,18,Personal Travel,Eco Plus,2381,1,5,1,1,2,1,2,2,3,5,3,3,2,2.38,0,0,FALSE
Male,Loyal Customer,24,Business Travel,Business,3437,3,3,3,3,3,4,4,3,3,5,2,3,3,3.23,0,0,TRUE
Female,Disloyal Customer,20,Business Travel,Eco,1073,2,2,2,3,5,2,1,5,4,5,4,3,5,3.31,0,0,TRUE
Male,Loyal Customer,39,Business Travel,Eco,235,2,3,3,3,2,2,2,2,1,3,2,1,2,2.15,50,65,FALSE
Female,Loyal Customer,37,Personal Travel,Eco,272,2,4,2,4,4,2,4,4,4,3,4,3,4,3.38,0,0,FALSE
Female,Loyal Customer,36,Business Travel,Business,1166,2,2,2,2,3,4,4,4,4,4,4,5,3,3.31,7,4,TRUE
Female,Loyal Customer,56,Personal Travel,Eco,795,3,5,3,3,4,4,4,2,2,3,2,5,3,3.31,19,2,FALSE
Female,Disloyal Customer,13,Business Travel,Eco,762,3,3,3,4,2,3,2,2,2,1,3,4,2,2.62,0,0,FALSE
Male,Disloyal Customer,37,Business Travel,Business,328,4,4,4,3,3,4,3,3,5,5,4,5,3,3.85,0,0,FALSE
Male,Loyal Customer,31,Business Travel,Eco,1671,4,2,2,2,4,4,4,4,5,1,3,4,4,3.31,0,0,TRUE
Female,Loyal Customer,55,Personal Travel,Eco,416,4,2,4,4,2,3,3,5,5,4,3,3,3,3.46,0,0,FALSE
Male,Loyal Customer,43,Personal Travel,Eco,386,2,5,2,2,2,2,4,2,3,4,4,3,2,2.85,54,47,FALSE
Male,Disloyal Customer,22,Business Travel,Eco,631,4,0,4,5,2,4,2,2,5,4,5,5,2,3.38,0,6,TRUE
Female,Loyal Customer,33,Personal Travel,Eco,67,2,5,2,4,4,2,4,4,5,4,5,4,4,3.77,0,0,FALSE
Male,Loyal Customer,11,Personal Travel,Eco,261,3,1,3,3,2,3,2,2,4,3,3,2,2,2.54,51,53,FALSE
Male,Disloyal Customer,23,Business Travel,Eco,295,4,0,4,3,2,4,2,2,5,4,4,4,2,3.08,58,52,TRUE
Male,Loyal Customer,55,Business Travel,Business,2771,3,3,3,3,4,4,5,4,4,4,4,4,4,3.77,0,0,TRUE
Female,Loyal Customer,48,Personal Travel,Eco,401,2,1,2,1,1,2,1,2,2,2,2,2,2,1.69,0,0,FALSE
Male,Loyal Customer,52,Business Travel,Business,3646,1,1,1,1,5,5,5,4,3,4,4,5,5,3.38,186,183,TRUE
Male,Loyal Customer,52,Business Travel,Business,2016,1,1,2,1,5,4,5,4,4,4,4,3,4,3.23,0,0,TRUE
Female,Loyal Customer,55,Personal Travel,Eco,365,2,4,2,2,5,4,5,4,4,2,4,3,5,3.54,3,0,FALSE
Male,Loyal Customer,62,Personal Travel,Eco,647,3,4,4,4,4,5,3,2,1,2,3,3,3,3.15,140,127,FALSE
Male,Loyal Customer,23,Business Travel,Business,2475,4,4,4,4,2,2,2,5,2,3,5,2,2,3.15,0,0,TRUE
Female,Loyal Customer,15,Personal Travel,Eco,2588,3,5,3,1,3,5,4,5,4,4,5,4,4,3.85,0,31,FALSE
Male,Loyal Customer,50,Personal Travel,Eco,601,4,5,4,4,1,4,1,1,4,5,1,3,1,2.92,0,0,FALSE
Female,Loyal Customer,44,Business Travel,Business,1744,2,2,4,2,4,1,2,2,2,2,2,1,2,2.15,5,12,FALSE
Male,Disloyal Customer,36,Business Travel,Eco,565,3,0,3,3,4,3,1,4,3,5,3,2,4,2.92,0,0,FALSE
Male,Loyal Customer,44,Business Travel,Business,2899,3,2,4,2,5,4,4,3,3,2,3,3,4,3.23,60,30,FALSE
Male,Loyal Customer,29,Business Travel,Business,1628,4,4,5,4,5,5,5,5,3,5,3,1,5,4.15,0,0,TRUE
Female,Loyal Customer,56,Business Travel,Business,2196,1,2,2,2,2,1,2,1,1,1,1,4,3,1.77,0,0,FALSE
Male,Loyal Customer,54,Business Travel,Business,1840,4,4,5,4,2,4,4,5,5,5,5,5,5,4.38,69,81,TRUE
Male,Loyal Customer,33,Personal Travel,Eco,528,3,4,3,2,2,3,2,2,3,2,5,4,2,2.85,25,77,FALSE
Male,Disloyal Customer,27,Business Travel,Business,234,2,2,2,4,2,2,5,2,4,4,4,4,2,3,0,0,FALSE
Female,Loyal Customer,26,Personal Travel,Eco,192,3,4,3,3,5,3,5,5,4,3,5,5,5,4.08,17,30,FALSE
Female,Disloyal Customer,20,Business Travel,Eco,404,1,3,1,3,2,1,4,2,4,3,4,3,2,2.54,1,0,FALSE
Female,Disloyal Customer,27,Business Travel,Eco,1389,2,2,2,4,1,2,1,1,4,2,3,1,1,2,0,0,FALSE
Male,Loyal Customer,75,Business Travel,Business,2940,0,0,0,2,3,5,5,1,1,1,1,4,4,2.08,1,0,TRUE
Female,Loyal Customer,44,Business Travel,Eco Plus,936,3,5,5,5,4,5,1,3,3,3,3,5,4,3.77,13,37,TRUE
Female,Loyal Customer,23,Business Travel,Business,3164,2,5,2,2,4,4,4,4,5,4,5,5,4,3.85,16,15,TRUE
Female,Loyal Customer,68,Personal Travel,Eco Plus,1448,3,2,3,3,5,4,4,2,2,3,2,3,1,2.85,0,0,FALSE
Male,Loyal Customer,69,Personal Travel,Eco,612,4,4,4,2,4,4,4,4,2,1,3,3,4,3.31,0,0,TRUE
Male,Loyal Customer,13,Personal Travel,Eco,1107,2,4,2,1,3,2,1,3,4,2,4,4,3,2.69,45,26,FALSE
Female,Disloyal Customer,24,Business Travel,Business,587,4,0,4,3,3,4,3,3,4,2,4,3,3,3.08,28,29,TRUE
Male,Loyal Customer,7,Personal Travel,Eco,213,3,4,0,4,4,0,4,4,4,4,5,5,4,3.46,0,0,FALSE
Female,Disloyal Customer,37,Business Travel,Eco Plus,214,4,4,4,3,5,4,5,5,2,3,4,2,5,3.85,0,0,FALSE
Male,Disloyal Customer,42,Business Travel,Eco,331,3,4,3,4,1,3,4,1,4,1,3,5,1,2.85,91,83,FALSE
Male,Loyal Customer,58,Business Travel,Business,187,5,5,5,5,3,5,5,4,4,4,5,5,5,4.62,0,0,TRUE
Male,Loyal Customer,49,Business Travel,Business,3615,3,3,3,3,4,4,5,4,4,5,4,5,3,3.85,2,0,TRUE
Female,Loyal Customer,50,Business Travel,Business,2229,1,1,1,1,3,3,2,5,5,5,5,5,4,3.15,0,0,TRUE
Male,Loyal Customer,28,Personal Travel,Eco Plus,488,3,0,3,1,5,3,5,5,5,2,4,5,5,3.54,0,0,FALSE
Male,Loyal Customer,38,Business Travel,Business,3650,2,3,5,3,2,2,2,2,2,2,2,3,4,2.62,6,14,FALSE
Male,Loyal Customer,26,Personal Travel,Eco Plus,781,2,1,2,3,3,2,3,3,3,5,3,4,3,2.85,0,0,FALSE
Female,Loyal Customer,47,Business Travel,Business,2113,3,3,3,3,3,4,5,4,4,4,4,5,4,3.77,0,0,TRUE
Male,Loyal Customer,28,Business Travel,Business,1671,3,3,3,3,4,4,4,4,5,5,5,5,4,4,34,13,TRUE
Female,Loyal Customer,24,Business Travel,Business,1464,3,3,3,3,4,4,4,4,5,1,5,4,4,3.62,0,0,TRUE
Female,Loyal Customer,27,Personal Travel,Eco,829,3,4,3,1,2,3,2,2,4,5,4,5,2,3.08,4,19,FALSE
Female,Loyal Customer,54,Business Travel,Business,2726,4,4,4,4,5,4,4,4,4,4,4,4,5,4.15,9,5,TRUE
Male,Loyal Customer,14,Business Travel,Business,2786,5,5,5,5,5,5,5,5,5,3,4,5,5,4.77,0,0,TRUE
Female,Disloyal Customer,36,Business Travel,Business,423,3,3,3,3,1,3,1,1,4,4,5,5,1,2.85,0,0,FALSE
Female,Loyal Customer,34,Business Travel,Business,1892,3,5,3,5,3,2,4,3,3,3,3,4,4,3.46,0,0,FALSE
Female,Loyal Customer,15,Business Travel,Business,2669,0,3,0,4,4,4,3,4,1,1,3,2,4,2.54,0,0,TRUE
Female,Loyal Customer,32,Personal Travel,Eco,449,2,4,2,3,3,2,2,3,3,3,4,4,3,2.92,7,1,FALSE
Female,Loyal Customer,48,Personal Travel,Eco,510,1,4,1,4,4,3,4,5,5,1,5,1,1,3,0,0,FALSE
Female,Loyal Customer,39,Business Travel,Business,1368,4,2,2,2,1,3,3,4,4,4,4,4,4,3.15,0,0,FALSE
Female,Loyal Customer,22,Personal Travel,Eco,1189,3,5,3,1,1,3,1,1,5,4,5,3,1,2.77,0,1,FALSE
Male,Loyal Customer,30,Business Travel,Business,2456,2,2,2,2,4,4,4,4,4,2,2,2,4,2.92,110,104,TRUE
Male,Loyal Customer,56,Business Travel,Business,3178,1,1,1,1,3,3,4,1,1,1,1,2,1,1.62,0,0,FALSE
Female,Loyal Customer,38,Business Travel,Business,3144,0,0,0,2,2,2,2,3,3,3,2,5,4,2.15,2,0,TRUE
Male,Loyal Customer,27,Personal Travel,Eco,802,2,4,2,4,2,2,2,2,4,5,4,3,2,2.92,13,36,FALSE
Male,Loyal Customer,30,Business Travel,Business,2548,2,2,2,2,4,4,4,4,2,5,3,2,4,3.08,75,83,TRUE
Male,Loyal Customer,48,Business Travel,Business,3386,1,1,1,1,2,4,5,5,5,5,5,5,4,3.38,0,0,TRUE
Male,Loyal Customer,57,Business Travel,Business,1090,5,5,5,5,2,5,5,4,4,4,4,5,4,4.38,19,0,TRUE
Female,Loyal Customer,34,Personal Travel,Eco,546,4,5,4,4,1,4,5,1,5,3,1,1,1,3,0,0,FALSE
Female,Loyal Customer,59,Business Travel,Business,583,4,4,4,4,4,4,4,2,2,2,2,5,5,3.54,10,8,TRUE
Male,Loyal Customer,56,Business Travel,Business,950,1,1,1,1,2,5,5,4,4,3,4,4,3,2.92,0,0,TRUE
Male,Loyal Customer,14,Personal Travel,Eco,284,3,4,3,4,5,3,5,5,5,3,5,4,5,4.15,0,0,FALSE
Male,Loyal Customer,32,Business Travel,Business,153,2,2,2,2,5,5,5,5,3,3,4,5,5,3.69,14,1,TRUE
Male,Loyal Customer,24,Business Travel,Business,1444,2,2,5,2,3,4,3,3,4,4,4,4,3,3.31,46,64,TRUE
Female,Disloyal Customer,28,Business Travel,Business,414,5,5,5,4,5,5,2,5,4,5,4,3,5,4.38,0,0,TRUE
Female,Loyal Customer,59,Personal Travel,Eco,187,3,4,3,3,3,4,1,2,2,3,2,3,1,2.62,31,51,FALSE
Male,Loyal Customer,48,Personal Travel,Eco,1042,1,4,1,4,2,1,2,2,3,4,3,2,2,2.38,4,6,FALSE
Male,Loyal Customer,39,Personal Travel,Eco Plus,399,3,4,3,4,1,3,1,1,5,5,2,3,1,2.77,10,3,FALSE
Female,Loyal Customer,42,Personal Travel,Eco Plus,986,1,4,2,2,1,5,3,3,3,2,3,3,2,2.62,23,14,FALSE
Female,Loyal Customer,37,Business Travel,Business,1416,3,3,3,3,2,4,4,5,5,5,5,5,5,4,17,22,TRUE
Female,Loyal Customer,39,Business Travel,Business,2193,2,2,2,2,2,4,5,4,4,4,4,3,5,3.31,0,0,TRUE
Male,Loyal Customer,68,Personal Travel,Eco Plus,651,2,5,2,3,1,2,1,1,3,1,2,4,1,2.15,89,92,FALSE
Female,Loyal Customer,46,Business Travel,Business,3892,2,2,2,2,2,5,3,4,4,4,4,4,2,3.08,0,0,TRUE
Female,Disloyal Customer,46,Business Travel,Eco Plus,371,4,4,4,3,2,4,2,2,3,2,3,3,2,2.92,0,0,TRUE
Male,Loyal Customer,40,Business Travel,Business,3788,2,2,2,2,2,1,1,4,4,4,4,4,3,2.69,0,0,TRUE
Female,Loyal Customer,23,Business Travel,Business,3758,2,3,3,3,2,2,2,2,4,3,4,3,2,2.69,0,3,FALSE
Female,Loyal Customer,60,Business Travel,Business,2051,5,5,2,5,3,4,5,4,4,4,4,4,5,4.15,33,61,TRUE
Male,Loyal Customer,58,Business Travel,Business,259,3,3,3,3,1,3,3,3,3,3,3,2,4,2.85,0,0,FALSE
Female,Loyal Customer,70,Personal Travel,Eco Plus,214,3,0,3,3,4,5,5,4,4,3,4,3,5,3.54,0,17,FALSE
Male,Disloyal Customer,36,Business Travel,Eco,599,2,4,2,3,5,2,5,5,5,3,5,1,5,3.62,127,121,FALSE
Female,Loyal Customer,50,Business Travel,Business,295,0,0,0,3,2,4,5,4,4,4,4,3,4,2.85,0,0,TRUE
Female,Loyal Customer,49,Business Travel,Eco,925,4,2,2,2,5,4,4,4,4,4,4,2,1,3.23,0,0,FALSE
Male,Loyal Customer,70,Business Travel,Business,3615,2,2,2,2,3,5,4,5,5,5,5,3,4,3.62,0,0,TRUE
Female,Disloyal Customer,40,Business Travel,Business,197,2,2,2,3,5,2,5,5,1,3,4,4,5,3.31,11,10,FALSE
Male,Loyal Customer,37,Business Travel,Business,3570,4,5,4,4,4,5,4,5,5,5,5,3,5,4.46,0,0,TRUE
Male,Loyal Customer,39,Business Travel,Eco Plus,1390,1,1,1,1,1,1,1,1,1,1,4,1,1,1.23,0,0,FALSE
Female,Loyal Customer,54,Business Travel,Business,1744,1,1,1,1,5,5,5,4,4,4,4,3,4,3.23,0,0,TRUE
Male,Loyal Customer,27,Business Travel,Business,2902,5,5,5,5,4,4,4,4,3,5,4,5,4,4.38,11,27,TRUE
Female,Disloyal Customer,38,Business Travel,Eco Plus,1069,2,2,2,3,1,2,1,1,1,3,1,5,1,1.92,0,0,FALSE
Male,Loyal Customer,64,Business Travel,Business,1851,4,4,4,4,3,5,5,4,4,4,4,3,3,3.92,9,0,TRUE
Male,Loyal Customer,32,Personal Travel,Eco Plus,116,1,3,1,4,3,1,4,3,4,2,1,3,3,2.54,0,0,FALSE
Male,Loyal Customer,50,Business Travel,Business,3681,5,3,2,2,3,3,3,5,5,4,5,4,3,3.62,8,0,FALSE
Male,Loyal Customer,42,Business Travel,Business,862,4,4,4,4,4,5,4,4,4,4,4,5,3,4.08,0,0,TRUE
Male,Disloyal Customer,20,Personal Travel,Eco,746,4,4,4,4,1,4,1,1,4,3,4,2,1,2.85,0,0,TRUE
Male,Loyal Customer,9,Personal Travel,Eco,190,2,4,2,1,3,2,4,3,3,2,4,5,3,2.92,0,0,FALSE
Male,Loyal Customer,36,Business Travel,Business,3700,3,4,4,4,3,3,3,4,3,4,3,3,3,3.38,108,140,FALSE
Male,Loyal Customer,43,Business Travel,Business,265,0,0,0,5,4,5,4,5,5,3,3,4,3,3.15,11,0,TRUE
Male,Loyal Customer,52,Personal Travel,Eco,102,4,4,4,4,4,4,4,4,3,2,4,3,4,3.69,0,2,FALSE
Female,Loyal Customer,56,Business Travel,Business,689,4,4,4,4,3,4,5,4,4,4,4,5,5,4.15,0,0,TRUE
Male,Loyal Customer,35,Business Travel,Business,3237,3,3,3,3,1,1,5,5,5,5,5,3,1,3.31,0,0,TRUE
Female,Loyal Customer,63,Personal Travel,Eco,335,3,4,3,2,4,2,5,4,4,3,4,3,3,3.38,21,20,FALSE
Male,Loyal Customer,31,Business Travel,Business,2691,2,2,2,2,4,4,4,4,5,3,5,5,4,3.54,0,0,TRUE
Female,Loyal Customer,39,Business Travel,Eco Plus,461,4,1,2,1,4,4,4,4,5,4,5,1,4,3.31,0,0,TRUE
Male,Loyal Customer,67,Personal Travel,Eco,636,3,5,3,4,3,3,1,3,3,4,5,3,3,3.31,0,0,FALSE
Female,Loyal Customer,29,Business Travel,Business,2968,2,2,2,2,5,5,5,5,5,2,5,3,5,3.69,72,77,TRUE
Female,Disloyal Customer,27,Business Travel,Business,954,4,4,4,3,3,4,3,3,2,4,3,2,3,3.23,0,0,FALSE
Male,Loyal Customer,19,Personal Travel,Eco,771,4,3,4,2,3,4,3,3,1,4,2,4,3,3.08,0,0,FALSE
Female,Loyal Customer,14,Personal Travel,Eco,1173,2,5,2,3,3,2,3,3,5,2,4,4,3,3.15,88,106,FALSE
Male,Loyal Customer,65,Personal Travel,Eco,168,2,5,0,4,5,0,5,5,1,3,5,1,5,3.15,0,0,FALSE
Female,Loyal Customer,41,Business Travel,Business,3967,3,3,5,3,5,4,5,4,4,4,4,4,3,3.92,0,0,TRUE
Female,Loyal Customer,14,Personal Travel,Eco,944,2,3,3,5,1,3,1,1,5,2,1,5,1,2.54,0,0,FALSE
Male,Loyal Customer,58,Business Travel,Business,2279,2,2,2,2,2,5,4,4,4,4,4,4,4,3.31,0,0,TRUE
Female,Disloyal Customer,32,Business Travel,Eco,377,3,3,3,3,3,3,3,3,1,4,4,3,3,3,26,21,FALSE
Female,Loyal Customer,43,Personal Travel,Eco,331,2,3,2,2,1,2,2,3,3,2,3,1,3,2.23,5,60,FALSE
Female,Loyal Customer,43,Business Travel,Business,2278,3,4,4,4,1,2,1,3,3,3,3,3,2,2.77,13,8,FALSE
Female,Loyal Customer,38,Business Travel,Eco Plus,289,4,1,4,4,4,4,4,4,4,5,2,1,4,3.46,15,0,TRUE
Male,Disloyal Customer,64,Business Travel,Business,404,4,4,4,2,1,4,1,1,5,3,5,4,1,3,20,9,FALSE
Female,Loyal Customer,57,Business Travel,Business,1604,0,0,0,5,4,5,5,5,5,5,5,5,3,3.62,12,10,TRUE
Male,Loyal Customer,42,Business Travel,Business,2446,1,1,1,1,3,5,4,4,4,4,4,5,3,3.08,0,0,TRUE
Female,Loyal Customer,63,Personal Travel,Eco,1065,2,5,2,3,4,4,4,1,1,2,1,4,5,2.92,5,30,FALSE
Female,Disloyal Customer,18,Business Travel,Eco,861,4,4,4,3,5,4,5,5,3,2,4,2,5,3.85,0,0,FALSE
Male,Loyal Customer,13,Personal Travel,Business,399,2,5,2,4,5,2,5,5,1,5,4,2,5,3.62,0,2,FALSE
Female,Loyal Customer,25,Business Travel,Eco,403,0,3,0,4,3,0,3,3,2,5,5,3,3,2.62,0,0,TRUE
Female,Loyal Customer,22,Personal Travel,Eco,661,1,5,1,2,3,1,2,3,4,2,5,5,3,2.85,0,0,FALSE
Male,Loyal Customer,57,Business Travel,Business,3218,1,2,1,1,3,4,4,4,4,4,4,4,4,3.08,37,44,TRUE
Female,Disloyal Customer,27,Business Travel,Business,2475,3,3,3,1,1,3,1,1,4,5,5,4,1,2.69,0,0,FALSE
Male,Loyal Customer,30,Business Travel,Business,501,1,0,0,1,2,0,2,2,1,3,1,2,2,1.31,0,0,FALSE
Female,Loyal Customer,32,Business Travel,Eco Plus,227,4,4,4,4,4,4,4,4,1,3,4,5,4,3.77,0,0,TRUE
Male,Disloyal Customer,22,Business Travel,Business,2400,5,0,5,1,2,5,2,2,3,2,4,4,2,2.85,23,11,TRUE
Female,Disloyal Customer,45,Business Travel,Eco Plus,414,3,3,3,2,1,3,1,1,4,5,5,4,1,2.77,0,0,TRUE
Female,Loyal Customer,61,Personal Travel,Eco,1532,1,5,2,5,3,3,4,5,5,2,5,5,3,3.69,0,3,FALSE
Female,Loyal Customer,26,Business Travel,Business,1056,3,3,2,3,4,4,4,4,3,3,5,4,4,3.54,8,12,TRUE
Male,Loyal Customer,70,Personal Travel,Eco,332,4,4,4,3,1,4,1,1,4,5,4,5,1,3.15,0,0,FALSE
Male,Loyal Customer,31,Personal Travel,Eco,252,2,4,2,3,2,2,2,2,3,3,3,3,2,2.54,0,0,FALSE
Male,Loyal Customer,69,Personal Travel,Eco,2556,1,1,0,1,4,0,4,4,2,3,1,1,4,2,1,0,FALSE
Female,Loyal Customer,25,Business Travel,Business,1979,2,4,2,4,2,2,2,2,4,4,1,4,2,2.69,86,63,FALSE
Female,Loyal Customer,53,Personal Travel,Eco Plus,528,3,3,3,3,1,4,3,1,1,3,1,3,3,2.46,0,0,FALSE
Female,Loyal Customer,41,Business Travel,Business,1515,3,3,3,3,5,4,4,5,5,5,5,5,4,4.15,14,16,TRUE
Male,Loyal Customer,56,Business Travel,Eco,206,2,4,4,4,2,2,2,2,2,4,3,2,2,2.69,4,0,TRUE
Male,Disloyal Customer,41,Business Travel,Eco,577,5,3,5,3,3,5,5,3,2,5,4,3,3,3.77,9,21,TRUE
Male,Disloyal Customer,30,Business Travel,Business,696,1,1,1,2,4,1,4,4,3,2,5,3,4,2.69,0,0,FALSE
Female,Loyal Customer,58,Personal Travel,Eco,113,3,1,3,3,2,3,3,5,5,3,5,4,3,3.31,0,0,FALSE
Female,Loyal Customer,34,Personal Travel,Eco,1205,2,3,2,3,3,2,3,3,3,5,4,1,3,2.85,0,0,FALSE
Female,Disloyal Customer,61,Business Travel,Eco,270,5,0,5,4,3,5,3,3,2,4,3,5,3,3.46,43,74,TRUE
Male,Loyal Customer,26,Business Travel,Eco,1119,5,4,4,4,5,5,3,5,2,2,2,5,5,3.92,0,0,TRUE
Female,Loyal Customer,38,Personal Travel,Eco Plus,482,3,4,3,3,1,3,1,1,1,5,2,4,1,2.46,33,27,FALSE
Male,Loyal Customer,49,Business Travel,Eco,411,1,4,4,4,1,1,1,1,4,1,3,1,1,2.08,5,0,FALSE
Female,Disloyal Customer,19,Business Travel,Eco,1422,5,5,5,1,5,5,5,5,3,1,5,4,5,4.15,0,0,TRUE
Female,Loyal Customer,30,Business Travel,Business,3022,1,4,4,4,1,1,1,1,4,5,4,3,1,2.62,0,0,FALSE
Female,Loyal Customer,40,Personal Travel,Eco,507,2,5,2,5,2,2,2,2,4,3,4,5,2,3.08,0,0,FALSE
Male,Loyal Customer,50,Business Travel,Business,2586,4,5,4,4,1,4,3,4,4,3,4,4,4,3.69,0,0,FALSE
Female,Loyal Customer,35,Personal Travel,Business,859,1,5,1,4,2,4,5,4,4,1,4,5,5,3.46,0,11,FALSE
Male,Disloyal Customer,30,Business Travel,Eco,549,2,5,2,2,5,2,5,5,1,2,1,3,5,3.08,0,0,FALSE
Female,Loyal Customer,55,Business Travel,Eco,558,5,1,2,2,3,1,2,5,5,5,5,3,3,3.23,28,21,TRUE
Male,Loyal Customer,49,Business Travel,Business,2338,3,3,3,3,5,4,4,3,3,3,3,4,2,3.31,0,0,FALSE
Male,Loyal Customer,27,Business Travel,Business,528,2,2,2,2,5,5,5,5,3,4,1,1,5,3.23,0,0,TRUE
Female,Loyal Customer,44,Business Travel,Business,1690,5,5,5,5,4,4,5,5,5,4,5,4,3,4.54,28,28,TRUE
Female,Disloyal Customer,33,Business Travel,Eco,404,4,1,4,3,3,4,3,3,4,5,4,3,3,3.38,0,0,FALSE
Male,Loyal Customer,59,Personal Travel,Eco,862,3,4,3,3,5,3,5,5,5,3,5,5,5,4.15,13,0,FALSE
Female,Loyal Customer,65,Personal Travel,Eco,936,2,4,2,2,3,4,5,5,5,2,5,5,4,3.69,0,0,FALSE
Male,Loyal Customer,54,Business Travel,Business,321,3,4,4,4,2,2,2,3,3,3,3,2,4,3,2,0,FALSE
Male,Loyal Customer,51,Business Travel,Business,1200,4,4,4,4,4,4,5,3,3,3,3,4,4,3.77,0,0,TRUE
Female,Loyal Customer,30,Business Travel,Eco,223,4,1,1,1,4,3,4,4,1,3,4,1,4,2.69,8,7,FALSE
Male,Loyal Customer,20,Personal Travel,Eco,319,1,3,1,3,3,1,3,3,2,3,3,3,3,2.46,5,0,FALSE
Male,Loyal Customer,60,Business Travel,Business,1902,2,2,2,2,2,5,5,4,4,4,4,5,5,3.54,52,49,TRUE
Male,Loyal Customer,7,Personal Travel,Eco Plus,406,1,5,1,2,3,1,3,3,5,4,5,5,3,3.15,0,0,FALSE
Female,Loyal Customer,45,Business Travel,Business,2084,5,5,5,5,4,4,5,4,4,4,4,5,2,4.31,19,22,TRUE
Male,Loyal Customer,46,Business Travel,Eco,596,2,3,3,3,2,2,2,2,1,2,3,2,2,2.23,138,115,FALSE
Male,Loyal Customer,67,Business Travel,Business,642,3,5,4,5,3,3,3,2,3,2,2,3,3,3.15,146,154,FALSE
Female,Loyal Customer,58,Business Travel,Business,3274,5,5,5,5,5,4,5,4,4,4,4,4,5,4.54,37,44,TRUE
Male,Loyal Customer,51,Business Travel,Business,2573,5,5,5,5,2,5,5,4,4,4,4,3,4,4.23,24,3,TRUE
Male,Loyal Customer,59,Personal Travel,Business,271,1,0,1,3,5,4,4,5,5,1,5,4,3,3.15,0,0,FALSE
Male,Loyal Customer,53,Personal Travel,Eco Plus,359,2,3,2,4,5,2,2,5,3,2,3,4,5,3.23,23,27,FALSE
Male,Loyal Customer,29,Business Travel,Business,1747,3,5,5,5,3,3,3,3,1,2,3,3,3,3.23,0,0,FALSE
Male,Loyal Customer,58,Business Travel,Eco,231,4,5,5,5,4,4,4,4,1,1,3,5,4,3.77,0,0,TRUE
Male,Loyal Customer,29,Business Travel,Eco,1180,5,1,1,1,5,5,5,5,3,3,3,2,5,3.38,40,15,TRUE
Female,Disloyal Customer,72,Business Travel,Business,393,3,3,3,4,4,3,4,4,3,3,5,4,4,3.62,0,0,FALSE
Male,Disloyal Customer,25,Business Travel,Eco,261,3,0,3,1,2,3,5,2,3,4,1,2,2,2.38,0,0,FALSE
Male,Loyal Customer,64,Business Travel,Business,3308,4,4,4,4,4,4,5,4,4,4,4,4,5,4.15,0,0,TRUE
Male,Loyal Customer,52,Business Travel,Business,3644,0,1,1,4,3,4,1,3,3,3,3,2,2,2.31,0,0,TRUE
Male,Loyal Customer,42,Business Travel,Business,1887,3,3,3,3,5,4,5,5,5,5,5,4,3,4.08,0,0,TRUE
Male,Loyal Customer,47,Business Travel,Business,3003,4,4,4,4,5,4,4,4,4,4,4,5,3,4.08,3,0,TRUE
Female,Disloyal Customer,34,Business Travel,Business,297,1,1,1,1,2,1,2,2,3,2,5,4,2,2.08,13,3,FALSE
Female,Loyal Customer,53,Business Travel,Business,3105,2,2,2,2,2,4,4,3,3,3,3,5,5,3.08,8,15,TRUE
Male,Loyal Customer,33,Business Travel,Business,312,1,2,2,2,1,1,1,1,2,4,3,2,1,1.77,11,52,FALSE
Male,Loyal Customer,41,Business Travel,Business,3340,1,1,1,1,5,3,5,4,4,4,4,2,5,3.08,0,0,TRUE
Male,Loyal Customer,58,Business Travel,Eco,530,1,2,2,2,1,1,1,1,2,3,4,3,1,1.85,84,78,FALSE
Female,Loyal Customer,35,Personal Travel,Eco,584,2,5,2,3,3,2,3,3,3,4,5,4,3,3.23,0,0,FALSE
Male,Loyal Customer,36,Business Travel,Business,127,0,5,0,4,3,1,3,1,1,1,1,1,1,1.69,0,0,TRUE
Female,Loyal Customer,51,Business Travel,Business,140,4,1,1,1,4,4,3,1,1,1,4,4,1,2.31,46,40,FALSE
Male,Loyal Customer,12,Business Travel,Business,2012,1,1,1,1,1,2,1,1,2,5,4,3,1,1.85,0,0,FALSE
Male,Loyal Customer,16,Business Travel,Eco Plus,1437,5,5,5,5,5,5,3,5,5,2,1,5,5,4.31,7,0,TRUE
Female,Loyal Customer,31,Business Travel,Eco,214,3,4,5,4,3,3,3,3,1,3,2,1,3,2.92,8,13,FALSE
Female,Loyal Customer,39,Business Travel,Business,2251,3,1,1,1,4,3,3,3,3,3,3,4,2,2.62,0,0,FALSE
Female,Loyal Customer,33,Personal Travel,Eco,602,2,3,2,3,4,2,4,4,4,4,4,4,4,3.38,1,0,FALSE
Female,Loyal Customer,42,Business Travel,Eco,790,5,2,2,2,5,2,3,5,5,5,5,3,1,3.46,37,73,TRUE
Male,Loyal Customer,31,Business Travel,Eco Plus,374,1,5,2,2,1,1,1,1,4,3,4,1,1,2.08,109,109,FALSE
Male,Loyal Customer,63,Business Travel,Business,338,4,4,2,4,5,4,4,5,5,5,5,5,3,4.23,0,20,TRUE
Male,Loyal Customer,28,Business Travel,Business,3413,3,3,3,3,5,5,5,5,3,2,5,5,5,4,0,0,TRUE
Male,Loyal Customer,65,Personal Travel,Eco,795,3,4,3,3,3,3,3,3,3,3,4,5,3,3.31,0,13,FALSE
Male,Loyal Customer,54,Business Travel,Business,3764,5,5,5,5,1,5,4,4,4,4,5,4,1,4,0,0,TRUE
Male,Loyal Customer,10,Personal Travel,Eco,1346,2,5,2,1,5,2,5,5,3,4,5,3,5,3.62,4,0,FALSE
Male,Loyal Customer,56,Business Travel,Business,1738,5,5,5,5,2,4,4,4,4,4,4,3,5,4.15,23,10,TRUE
Female,Loyal Customer,22,Personal Travel,Eco,108,4,3,4,3,5,4,5,5,1,2,2,3,5,3.54,0,0,FALSE
Female,Disloyal Customer,47,Business Travel,Business,990,5,4,4,4,3,5,3,3,4,5,4,4,3,3.92,13,10,TRUE
Male,Loyal Customer,20,Personal Travel,Eco,1121,3,4,3,4,1,3,5,1,2,2,2,3,1,2.62,68,53,FALSE
Male,Loyal Customer,15,Personal Travel,Eco,157,3,4,0,1,4,0,4,4,5,5,5,4,4,3.31,55,71,FALSE
Female,Disloyal Customer,21,Business Travel,Eco,1013,4,4,4,4,1,4,1,1,1,4,5,2,1,2.77,12,64,TRUE
Female,Disloyal Customer,20,Business Travel,Business,404,4,0,4,5,5,4,5,5,3,2,5,5,5,4,0,0,TRUE
Female,Loyal Customer,49,Business Travel,Business,2265,0,4,0,5,5,4,4,3,3,3,3,3,4,3.15,0,0,TRUE
Female,Loyal Customer,50,Business Travel,Eco,469,2,4,4,4,5,4,4,2,2,2,2,2,3,3.08,0,0,FALSE
Female,Disloyal Customer,25,Business Travel,Business,1299,5,3,5,1,2,5,2,2,3,2,4,3,2,3,0,0,TRUE
Female,Loyal Customer,56,Business Travel,Business,1936,1,1,1,1,5,5,5,5,5,5,5,3,5,3.62,0,0,TRUE
Female,Loyal Customer,36,Business Travel,Eco,472,3,2,2,2,3,4,3,3,1,3,2,2,3,2.54,2,4,TRUE
Female,Loyal Customer,50,Business Travel,Business,2139,1,4,4,4,1,3,4,1,1,2,1,1,2,2.23,2,18,FALSE
Female,Loyal Customer,23,Personal Travel,Eco,468,3,2,3,2,5,3,5,5,1,4,2,1,5,3.15,4,0,FALSE
Female,Loyal Customer,36,Business Travel,Business,3199,2,2,2,2,2,3,1,5,5,5,5,3,4,3.15,0,0,TRUE
Male,Loyal Customer,32,Personal Travel,Eco Plus,748,1,4,1,1,3,1,3,3,1,5,1,3,3,2.31,0,0,FALSE
Female,Loyal Customer,32,Business Travel,Business,1502,2,2,2,2,4,4,4,4,4,1,5,1,4,3,1,0,TRUE
Female,Loyal Customer,53,Business Travel,Business,2953,2,4,4,4,1,3,3,2,2,2,2,2,4,2.69,2,2,FALSE
Male,Loyal Customer,54,Business Travel,Business,3569,1,1,1,1,4,4,4,4,4,5,4,3,3,3,9,0,TRUE
Male,Loyal Customer,43,Personal Travel,Eco,587,3,5,3,4,4,3,4,4,3,3,5,3,4,3.69,25,7,FALSE
Female,Disloyal Customer,23,Business Travel,Eco,479,3,0,3,2,1,3,1,1,4,4,5,3,1,2.38,0,1,FALSE
Female,Loyal Customer,22,Personal Travel,Eco,224,3,3,3,3,5,3,5,5,1,5,4,1,5,3.54,79,67,FALSE
Male,Loyal Customer,57,Business Travel,Business,3121,2,2,2,2,4,5,5,2,2,2,2,3,4,2.85,0,0,TRUE
Male,Loyal Customer,21,Personal Travel,Eco,606,1,5,1,2,4,1,4,4,4,2,4,5,4,3.15,9,5,FALSE
Male,Loyal Customer,39,Business Travel,Eco,845,5,4,1,4,5,5,5,5,1,5,5,5,5,4.23,0,0,TRUE
Female,Loyal Customer,28,Personal Travel,Eco,1005,2,5,1,2,1,1,1,1,3,2,4,5,1,2.23,53,46,FALSE
Male,Loyal Customer,35,Business Travel,Business,594,4,5,5,5,3,3,2,4,4,4,4,1,2,3.54,0,0,FALSE
Male,Loyal Customer,32,Business Travel,Eco,1851,1,5,5,5,1,1,1,1,4,5,3,2,1,2.69,0,0,FALSE
Male,Loyal Customer,44,Business Travel,Business,3557,3,3,3,3,2,4,5,4,4,4,4,3,3,3.46,0,21,TRUE
Male,Loyal Customer,17,Personal Travel,Eco,528,1,5,1,3,3,1,3,3,3,4,5,3,3,2.92,0,3,FALSE
Male,Loyal Customer,29,Business Travel,Business,2798,5,5,5,5,4,5,4,4,3,3,4,3,4,4.15,0,3,TRUE
Female,Loyal Customer,42,Business Travel,Eco,452,3,1,1,1,3,3,3,3,3,3,3,2,3,2.46,0,0,FALSE
Male,Loyal Customer,68,Personal Travel,Business,589,3,3,3,5,3,1,5,3,3,3,3,1,4,3.08,37,62,FALSE
Male,Loyal Customer,41,Business Travel,Business,3457,4,5,5,5,2,3,4,4,4,4,4,3,3,3.85,20,21,FALSE
Male,Loyal Customer,28,Business Travel,Business,862,5,5,5,5,4,4,4,4,4,4,5,3,4,4.31,7,0,TRUE
Male,Loyal Customer,41,Personal Travel,Eco,325,2,5,2,1,4,2,4,4,4,4,2,4,4,3.23,0,0,FALSE
Female,Loyal Customer,46,Business Travel,Eco,984,2,4,4,4,4,3,3,2,2,2,2,3,3,2.92,58,62,FALSE
Male,Loyal Customer,43,Business Travel,Business,3376,2,2,2,2,2,4,4,4,4,4,4,5,4,3.31,0,9,TRUE
Male,Loyal Customer,47,Business Travel,Business,190,0,4,0,3,5,5,4,2,2,2,2,4,3,2.77,0,0,TRUE
Female,Loyal Customer,44,Personal Travel,Eco,1024,1,4,1,1,5,5,4,4,4,1,4,4,5,3.31,14,6,FALSE
Female,Loyal Customer,58,Business Travel,Eco,589,3,3,3,3,1,5,1,4,4,3,4,3,1,2.92,0,4,TRUE
Male,Loyal Customer,48,Business Travel,Eco,1464,2,5,5,5,2,2,2,2,5,4,5,5,2,3.54,50,66,TRUE
Female,Disloyal Customer,26,Business Travel,Business,611,2,5,2,3,1,2,1,1,5,2,4,5,1,2.62,42,40,FALSE
Female,Loyal Customer,26,Business Travel,Business,533,3,3,4,3,3,2,3,3,1,1,2,1,3,2.46,42,43,TRUE
Male,Loyal Customer,52,Personal Travel,Eco,308,2,4,2,3,1,2,1,1,3,2,3,3,1,2.15,54,40,FALSE
Female,Loyal Customer,34,Business Travel,Business,2208,3,3,3,3,5,4,5,5,5,5,5,3,5,4.15,5,4,TRUE
Male,Loyal Customer,34,Personal Travel,Eco,174,1,4,1,3,1,1,1,1,3,3,1,2,1,1.77,0,0,FALSE
Male,Loyal Customer,47,Business Travel,Business,153,3,2,2,2,4,3,4,2,2,2,3,4,4,2.85,0,15,FALSE
Male,Disloyal Customer,26,Business Travel,Eco,296,2,2,2,3,3,2,3,3,3,1,4,3,3,2.62,2,0,FALSE
Female,Loyal Customer,9,Personal Travel,Eco,550,2,1,2,4,5,2,5,5,2,3,2,2,5,3.08,0,0,FALSE
Male,Loyal Customer,55,Business Travel,Business,1911,2,3,2,2,2,4,4,3,3,3,3,3,4,2.92,0,4,TRUE
Male,Loyal Customer,40,Business Travel,Eco,368,3,3,3,3,3,3,3,3,3,2,4,4,3,3.08,22,11,FALSE
Female,Loyal Customer,59,Personal Travel,Eco,612,2,5,2,3,2,5,2,4,4,2,4,3,5,3.31,0,0,FALSE
Female,Disloyal Customer,28,Business Travel,Eco,156,4,3,4,1,3,4,3,3,4,1,3,2,3,2.92,0,2,TRUE
Female,Loyal Customer,31,Business Travel,Business,1739,4,5,4,4,3,3,3,3,4,3,3,3,3,3.46,0,6,TRUE
Male,Loyal Customer,22,Personal Travel,Eco,1620,2,5,2,4,3,2,3,3,3,2,3,4,3,3,6,41,FALSE
Female,Loyal Customer,36,Business Travel,Business,3832,0,4,0,3,5,4,5,2,2,5,5,5,3,3.31,0,0,TRUE
Male,Loyal Customer,34,Business Travel,Eco,937,2,4,4,4,2,2,2,2,2,5,3,2,2,2.77,0,0,FALSE
Male,Loyal Customer,27,Business Travel,Eco,594,3,3,3,3,3,3,3,3,3,2,3,3,3,2.92,35,36,FALSE
Male,Disloyal Customer,24,Business Travel,Business,620,5,4,5,1,4,5,1,4,4,4,5,5,4,3.92,0,0,TRUE
Male,Loyal Customer,30,Business Travel,Business,305,0,0,0,1,5,5,5,5,3,5,5,5,5,3.38,17,17,TRUE
Male,Loyal Customer,35,Personal Travel,Eco,2521,2,1,2,2,2,4,4,3,3,1,3,4,4,2.69,32,27,FALSE
Male,Loyal Customer,35,Personal Travel,Business,328,1,1,1,4,5,5,5,3,3,1,3,5,4,3.15,17,17,FALSE
Male,Loyal Customer,27,Personal Travel,Eco,985,2,4,2,4,2,4,4,5,3,4,4,4,4,3.54,135,135,FALSE
Female,Disloyal Customer,25,Business Travel,Eco,1432,4,4,4,3,3,4,3,3,3,1,2,4,3,3.15,19,31,FALSE
Female,Loyal Customer,36,Business Travel,Business,1607,2,2,2,2,3,2,2,5,5,5,5,5,5,3.46,5,0,TRUE
Female,Loyal Customer,33,Personal Travel,Eco,331,1,4,1,1,2,1,2,2,3,5,5,2,2,2.38,21,21,FALSE
Male,Loyal Customer,46,Business Travel,Business,2562,1,1,1,1,2,3,4,4,4,4,4,4,4,2.85,0,0,TRUE
Male,Loyal Customer,53,Business Travel,Business,541,2,2,2,2,4,5,4,4,4,4,4,5,4,3.54,24,20,TRUE
Male,Loyal Customer,45,Business Travel,Business,3783,2,2,2,2,4,4,4,2,2,2,2,4,5,2.85,0,0,TRUE
Male,Loyal Customer,43,Business Travel,Business,404,4,4,4,4,3,4,5,5,5,5,5,5,4,4.38,3,0,TRUE
Female,Loyal Customer,68,Personal Travel,Eco,2182,1,4,1,4,5,3,3,4,4,1,4,2,2,2.92,15,0,FALSE
Male,Loyal Customer,34,Business Travel,Business,3636,3,3,4,3,4,4,5,4,4,4,4,3,5,3.85,0,0,TRUE
Male,Loyal Customer,28,Personal Travel,Eco,929,3,4,3,4,3,3,3,3,2,5,4,1,3,3.15,0,0,FALSE
Female,Loyal Customer,53,Business Travel,Eco,900,1,2,2,2,1,1,1,1,1,4,3,1,1,1.62,1,7,FALSE
Male,Loyal Customer,29,Personal Travel,Eco Plus,802,1,5,1,2,4,1,4,4,5,2,4,3,4,3.08,0,0,FALSE
Female,Loyal Customer,48,Business Travel,Business,1790,2,2,2,2,2,4,4,4,4,5,4,5,5,3.46,11,4,TRUE
Female,Loyal Customer,55,Business Travel,Business,954,2,2,2,2,2,5,4,4,4,4,4,3,3,3.15,0,2,TRUE
Male,Disloyal Customer,25,Business Travel,Business,404,2,4,2,2,1,2,1,1,4,2,5,5,1,2.46,0,0,FALSE
Female,Loyal Customer,33,Personal Travel,Eco,476,1,3,1,5,4,1,4,4,2,2,4,3,4,2.92,91,82,FALSE
Female,Loyal Customer,44,Business Travel,Business,2241,2,2,2,2,2,4,5,5,5,5,5,5,5,3.77,2,0,TRUE
Male,Loyal Customer,15,Personal Travel,Eco,735,2,5,2,2,2,2,2,2,5,3,1,4,2,2.62,0,8,FALSE
Male,Loyal Customer,16,Personal Travel,Eco,370,1,5,1,4,5,1,5,5,4,3,4,5,5,3.69,10,0,FALSE
Female,Loyal Customer,45,Personal Travel,Eco,2475,2,5,2,3,1,4,2,5,5,2,5,5,5,3.54,0,0,FALSE
Female,Loyal Customer,48,Personal Travel,Eco,280,2,3,2,1,4,2,4,3,3,2,3,4,3,2.77,0,5,FALSE
Male,Loyal Customer,8,Personal Travel,Eco,985,3,5,3,5,5,3,1,5,3,4,4,4,5,3.85,0,0,FALSE
Male,Loyal Customer,43,Business Travel,Business,1426,1,1,2,1,4,4,5,4,4,4,4,3,5,3.23,0,0,TRUE
Male,Loyal Customer,29,Business Travel,Business,3391,1,4,1,1,3,2,3,3,4,5,4,3,3,2.85,0,0,TRUE
Female,Loyal Customer,45,Personal Travel,Eco,1073,5,5,5,4,3,4,4,2,2,5,2,5,4,3.85,1,0,TRUE
Female,Loyal Customer,35,Business Travel,Business,1956,1,1,1,1,2,3,5,5,5,5,5,3,5,3.23,0,0,TRUE
Male,Loyal Customer,62,Business Travel,Eco,204,4,2,2,2,4,4,4,4,3,1,3,4,4,3.15,8,0,FALSE
Female,Loyal Customer,44,Personal Travel,Eco,551,1,2,1,3,3,4,4,3,3,1,3,2,2,2.46,30,53,FALSE
Female,Loyal Customer,52,Business Travel,Business,2067,2,1,1,1,3,3,3,2,2,2,2,1,1,1.85,19,17,FALSE
Female,Loyal Customer,44,Business Travel,Business,1723,1,1,1,1,2,5,5,4,4,4,4,4,3,3,0,0,TRUE
Female,Loyal Customer,52,Business Travel,Eco,438,4,3,3,3,2,1,3,4,4,4,4,3,1,3,0,0,TRUE
Male,Disloyal Customer,23,Business Travel,Eco,2329,3,3,3,1,1,3,4,1,4,1,4,1,1,2.31,0,16,FALSE
Male,Loyal Customer,34,Business Travel,Business,2681,3,1,1,1,1,4,3,3,3,3,3,2,3,2.38,0,0,FALSE
Female,Loyal Customer,10,Personal Travel,Eco,628,3,3,3,4,3,3,2,3,4,1,3,4,3,3,10,1,FALSE
Male,Loyal Customer,19,Personal Travel,Eco,2475,2,5,2,4,2,5,5,2,5,3,3,5,5,3.69,139,151,FALSE
Female,Loyal Customer,65,Personal Travel,Eco,1607,2,4,3,3,2,5,4,5,5,3,5,4,5,3.85,37,18,FALSE
Male,Disloyal Customer,24,Business Travel,Eco,268,3,5,3,4,3,3,4,3,5,2,2,2,3,3.23,0,1,FALSE
Male,Loyal Customer,26,Personal Travel,Eco,738,4,5,4,1,1,4,1,1,4,4,5,5,1,3.08,0,5,FALSE
Male,Disloyal Customer,25,Business Travel,Business,414,0,2,0,1,3,0,3,3,4,2,5,5,3,2.38,0,0,TRUE
Female,Loyal Customer,77,Business Travel,Business,2342,0,0,0,4,5,2,1,1,1,1,1,3,2,1.62,2,0,TRUE
Male,Loyal Customer,46,Business Travel,Business,592,2,4,4,4,1,3,4,2,2,3,2,2,4,2.85,0,0,FALSE
Female,Loyal Customer,49,Business Travel,Business,1649,1,1,1,1,2,2,1,4,4,4,4,4,3,2.46,0,0,TRUE
Male,Loyal Customer,32,Business Travel,Eco,2288,2,4,4,4,2,2,2,2,2,3,1,4,2,2.62,0,0,FALSE
Female,Disloyal Customer,24,Business Travel,Eco,356,3,0,3,3,3,3,3,3,1,2,2,4,3,2.54,0,0,FALSE
Male,Loyal Customer,32,Personal Travel,Eco,110,1,5,1,5,3,1,3,3,3,4,5,3,3,3.08,0,0,FALSE
Male,Loyal Customer,26,Personal Travel,Eco,1055,2,4,3,1,3,3,3,3,3,3,5,3,3,3,0,0,FALSE
Female,Loyal Customer,55,Personal Travel,Eco,503,2,5,2,3,2,4,4,3,3,2,3,5,4,3.23,0,0,FALSE
Female,Loyal Customer,44,Personal Travel,Eco,2446,2,4,1,4,2,4,4,2,2,1,1,4,4,2.69,6,0,FALSE
Female,Disloyal Customer,36,Business Travel,Eco,537,3,2,3,3,3,3,3,3,2,2,4,3,3,2.85,29,18,FALSE
Female,Loyal Customer,35,Business Travel,Business,530,3,5,2,2,1,4,3,3,3,4,3,3,1,2.85,0,1,FALSE
Female,Loyal Customer,46,Business Travel,Business,2485,2,2,2,2,4,5,5,5,5,5,5,5,5,4,0,0,TRUE
Male,Disloyal Customer,25,Business Travel,Eco,1067,3,3,3,3,3,3,3,3,3,2,5,3,3,3.08,6,0,FALSE
Male,Loyal Customer,25,Business Travel,Eco,158,4,5,5,5,4,4,1,4,2,2,3,3,4,3.54,59,65,FALSE
Male,Disloyal Customer,25,Business Travel,Business,590,4,0,4,3,4,3,3,4,2,4,5,3,3,3.23,184,173,TRUE
Male,Loyal Customer,36,Personal Travel,Eco Plus,458,1,5,1,1,2,1,5,2,3,5,5,5,2,2.92,2,5,FALSE
Male,Loyal Customer,23,Personal Travel,Eco,501,4,4,5,3,5,5,4,5,5,4,5,3,5,4.38,11,0,FALSE
Female,Disloyal Customer,34,Business Travel,Eco,781,3,3,3,1,1,3,1,1,4,4,5,1,1,2.38,0,0,FALSE
Female,Loyal Customer,54,Business Travel,Business,2378,2,2,2,2,1,5,5,4,4,4,4,4,4,3.31,0,0,TRUE
Male,Loyal Customer,53,Business Travel,Business,3530,3,3,2,3,2,5,4,5,5,5,5,3,3,3.69,0,7,TRUE
Male,Disloyal Customer,38,Business Travel,Eco,153,2,0,1,4,4,1,4,4,5,2,5,2,4,2.92,12,24,FALSE
Male,Loyal Customer,46,Business Travel,Business,1929,3,3,3,3,3,4,4,3,3,3,3,5,3,3.31,26,26,TRUE
Female,Loyal Customer,58,Personal Travel,Eco,950,3,0,3,4,3,5,5,5,5,3,5,4,3,3.69,2,0,FALSE
Male,Loyal Customer,41,Business Travel,Business,829,2,2,2,2,2,4,5,5,5,5,5,5,3,3.62,0,0,TRUE
Female,Loyal Customer,19,Personal Travel,Eco,550,2,3,2,4,1,2,1,1,4,4,4,1,1,2.31,35,34,FALSE
Female,Loyal Customer,23,Personal Travel,Business,315,1,4,1,1,5,1,5,5,5,5,2,4,5,3.38,9,0,FALSE
Female,Loyal Customer,25,Business Travel,Business,2391,2,2,2,2,5,4,5,5,3,2,5,5,5,3.62,0,0,TRUE
Female,Loyal Customer,23,Business Travel,Business,1430,3,5,5,5,3,3,3,3,3,1,3,1,3,3.15,0,0,FALSE
Female,Loyal Customer,32,Business Travel,Business,1613,1,1,4,1,3,4,3,3,5,3,4,4,3,3,0,0,TRUE
Male,Disloyal Customer,22,Business Travel,Eco,842,3,3,3,4,4,3,2,4,4,4,4,2,4,3.38,0,0,FALSE
Male,Loyal Customer,26,Business Travel,Business,986,2,3,4,4,2,2,2,2,4,2,3,4,2,2.77,17,30,FALSE
Female,Disloyal Customer,44,Business Travel,Business,255,3,3,3,1,5,3,4,5,5,3,5,4,5,3.77,0,0,FALSE
Male,Loyal Customer,54,Business Travel,Business,479,3,5,4,4,4,4,3,3,3,3,3,4,1,3.38,9,17,FALSE
Female,Disloyal Customer,23,Business Travel,Eco,907,4,4,4,3,3,4,3,3,1,1,4,2,3,3,0,2,FALSE
Male,Loyal Customer,70,Personal Travel,Eco,1258,2,1,2,2,1,2,1,1,2,1,1,2,1,1.46,0,0,FALSE
Male,Loyal Customer,51,Business Travel,Business,2799,2,2,2,2,3,4,5,5,5,5,5,5,4,3.77,0,0,TRUE
Female,Disloyal Customer,23,Business Travel,Eco,1109,2,2,2,1,2,1,4,3,2,5,4,4,4,2.77,71,73,FALSE
Male,Loyal Customer,45,Business Travel,Eco,447,2,4,4,4,2,2,2,2,2,3,3,2,2,2.62,31,35,FALSE
Male,Loyal Customer,16,Personal Travel,Eco,853,3,5,3,1,2,3,2,2,5,3,4,5,2,3.08,0,0,FALSE
Female,Disloyal Customer,23,Business Travel,Eco,337,2,2,2,3,4,2,4,4,1,4,4,2,4,2.92,0,0,FALSE
Female,Loyal Customer,7,Personal Travel,Eco,628,4,3,3,1,2,3,2,2,5,4,2,2,2,2.69,0,0,FALSE
Female,Loyal Customer,17,Business Travel,Business,1681,2,2,2,2,4,4,4,4,3,3,4,5,4,3.31,37,46,TRUE
Female,Loyal Customer,52,Personal Travel,Eco,646,1,5,1,3,4,3,1,3,3,1,4,1,1,2.38,0,0,FALSE
Female,Disloyal Customer,20,Business Travel,Eco,1046,3,2,2,3,5,2,5,5,2,2,2,2,5,3.08,0,0,FALSE
Male,Loyal Customer,55,Business Travel,Business,486,5,5,5,5,5,4,5,4,4,4,4,5,5,4.62,9,4,TRUE
Male,Loyal Customer,47,Business Travel,Business,2318,3,3,3,3,4,4,5,4,4,4,4,5,4,3.85,0,0,TRUE
Male,Loyal Customer,64,Personal Travel,Eco Plus,255,2,5,2,4,5,2,3,5,4,5,5,5,5,4,0,0,FALSE
Male,Loyal Customer,50,Personal Travel,Eco,2106,2,2,2,4,5,2,5,5,1,1,3,1,5,2.92,9,0,FALSE
Female,Loyal Customer,20,Personal Travel,Eco,844,3,4,3,5,3,3,3,3,4,4,5,5,3,3.69,0,0,FALSE
Male,Loyal Customer,54,Business Travel,Business,644,1,1,1,1,4,4,4,3,3,3,3,5,5,2.92,0,0,TRUE
Female,Loyal Customer,51,Business Travel,Business,3664,4,4,4,4,3,1,2,5,5,5,5,2,1,3.46,0,10,TRUE
Male,Loyal Customer,49,Personal Travel,Eco,227,2,2,2,4,5,2,5,5,1,1,3,3,5,3.08,0,0,FALSE
Female,Disloyal Customer,50,Business Travel,Business,1733,2,3,3,1,3,2,3,3,3,5,4,3,3,2.92,80,71,FALSE
Female,Disloyal Customer,39,Business Travel,Business,312,3,3,3,3,3,3,3,3,3,4,4,3,3,3.15,9,3,FALSE
Female,Disloyal Customer,32,Business Travel,Eco,674,2,3,3,3,1,3,1,1,3,3,1,2,1,2.08,0,0,FALSE
Female,Loyal Customer,19,Business Travel,Business,1566,1,1,1,1,4,4,4,4,3,4,5,5,4,3.15,0,0,TRUE
Male,Loyal Customer,15,Personal Travel,Eco,896,4,4,4,4,5,4,5,5,5,4,5,3,5,4.38,6,0,FALSE
Male,Loyal Customer,45,Personal Travel,Business,306,3,4,3,3,3,5,4,2,2,3,2,4,5,3.31,0,0,FALSE
Female,Loyal Customer,22,Business Travel,Eco Plus,1618,2,5,5,5,2,2,2,2,1,2,3,3,2,2.77,25,18,FALSE
Male,Loyal Customer,30,Business Travel,Eco,1310,2,4,4,4,2,2,2,2,4,2,3,4,2,2.85,0,0,FALSE
Female,Loyal Customer,24,Business Travel,Business,1660,2,2,2,2,2,2,2,2,1,2,3,1,2,1.92,1,7,FALSE
Female,Loyal Customer,10,Personal Travel,Eco Plus,1900,1,5,1,1,5,1,2,5,3,4,4,3,5,3.08,0,11,FALSE
Female,Loyal Customer,59,Personal Travel,Eco Plus,605,2,3,2,1,5,3,4,2,2,2,2,2,5,2.69,0,0,FALSE
Male,Disloyal Customer,60,Business Travel,Eco,986,1,1,1,3,1,1,1,1,1,1,3,4,1,1.54,0,0,FALSE
Female,Loyal Customer,49,Business Travel,Business,2854,5,5,5,5,1,4,5,5,5,5,5,5,1,4.31,0,0,TRUE
Male,Loyal Customer,40,Business Travel,Business,2845,1,5,3,5,4,4,4,3,3,3,1,3,3,3.23,3,8,FALSE
Female,Disloyal Customer,45,Business Travel,Business,679,4,5,5,5,4,4,4,4,4,4,4,3,4,4.15,1,0,TRUE
Female,Loyal Customer,52,Business Travel,Eco,305,4,2,2,2,4,3,4,4,4,4,4,4,3,3.38,0,0,FALSE
Male,Loyal Customer,43,Business Travel,Business,2539,1,1,3,1,5,5,4,4,4,4,4,4,5,3.46,0,0,TRUE
Male,Loyal Customer,29,Business Travel,Business,2162,2,4,4,4,2,2,2,2,2,1,3,3,2,2.54,18,8,FALSE
Female,Disloyal Customer,21,Business Travel,Eco,369,3,5,3,1,4,3,4,4,2,2,1,3,4,3,0,0,FALSE
Female,Loyal Customer,44,Business Travel,Business,507,5,5,5,5,4,2,4,4,4,4,4,4,5,4.23,2,0,TRUE
Male,Loyal Customer,34,Personal Travel,Eco,646,2,4,2,3,2,2,2,2,2,5,2,1,2,2.38,3,0,FALSE
Male,Loyal Customer,53,Personal Travel,Eco,173,3,1,3,1,2,3,2,2,3,1,1,4,2,2.15,0,0,FALSE
Female,Loyal Customer,39,Personal Travel,Eco Plus,872,4,3,4,3,2,4,2,2,2,2,2,2,2,2.62,0,0,FALSE
Male,Loyal Customer,42,Business Travel,Business,1664,5,5,5,5,4,4,4,5,5,5,5,4,4,4.62,0,0,TRUE
Female,Loyal Customer,28,Personal Travel,Eco,1258,1,4,1,3,4,1,4,4,4,1,4,1,4,2.77,0,0,FALSE
Female,Loyal Customer,51,Business Travel,Business,135,1,1,1,1,2,4,2,4,4,4,5,1,1,2.38,0,0,TRUE
Female,Loyal Customer,65,Personal Travel,Eco,542,2,4,3,3,5,5,5,1,1,3,1,4,5,3.23,0,1,FALSE
Female,Disloyal Customer,38,Business Travel,Eco,214,2,4,2,4,2,2,2,2,3,2,4,3,2,2.62,4,6,FALSE
Female,Loyal Customer,34,Business Travel,Business,1598,5,5,3,5,5,5,3,3,3,3,3,4,5,4,0,0,TRUE
Male,Loyal Customer,50,Personal Travel,Eco,581,0,3,0,4,4,0,4,4,4,1,3,3,4,2.62,0,5,TRUE
Female,Disloyal Customer,42,Business Travel,Eco,1618,1,1,1,4,2,1,2,2,3,1,4,3,2,2.08,9,3,FALSE
Female,Loyal Customer,40,Personal Travel,Eco,1222,2,2,2,3,1,2,1,1,3,1,4,4,1,2.08,56,28,FALSE
Female,Disloyal Customer,26,Business Travel,Eco,563,0,0,0,3,3,0,3,3,5,2,4,4,3,2.31,2,0,TRUE
Female,Disloyal Customer,25,Business Travel,Business,304,4,0,4,2,5,4,5,5,3,5,4,5,5,3.92,10,0,FALSE
Female,Loyal Customer,47,Business Travel,Eco,125,3,1,1,1,1,3,1,3,3,3,3,3,5,2.38,26,35,TRUE
Female,Loyal Customer,14,Personal Travel,Eco,369,4,4,4,4,2,4,2,2,1,2,4,1,2,2.77,4,7,FALSE
Female,Disloyal Customer,43,Business Travel,Business,122,4,4,4,3,2,4,2,2,3,5,4,4,2,3.31,0,0,TRUE
Male,Loyal Customer,52,Business Travel,Business,1718,2,2,2,2,3,5,4,4,4,4,4,5,5,3.54,0,0,TRUE
Male,Loyal Customer,61,Personal Travel,Business,737,2,4,2,2,3,5,4,4,4,2,4,5,4,3.46,44,53,FALSE
Female,Loyal Customer,40,Business Travel,Business,163,5,5,5,5,3,5,4,5,5,5,3,4,1,4.23,0,0,TRUE
Female,Disloyal Customer,26,Business Travel,Business,345,4,4,4,2,1,4,1,1,4,4,5,3,1,2.92,0,0,FALSE
Male,Loyal Customer,18,Personal Travel,Eco Plus,577,3,5,4,2,4,4,4,4,3,3,4,4,4,3.69,28,51,FALSE
Female,Loyal Customer,17,Personal Travel,Eco,1660,1,4,1,4,3,1,4,3,4,3,5,4,3,3.08,2,6,FALSE
Female,Loyal Customer,51,Personal Travel,Eco Plus,351,2,4,2,3,4,4,4,4,4,2,4,5,3,3.46,4,9,FALSE
Female,Loyal Customer,23,Business Travel,Business,728,2,2,2,2,3,3,3,3,3,2,5,3,3,2.77,0,0,TRUE
Male,Loyal Customer,55,Business Travel,Business,762,2,4,4,4,2,4,3,2,2,2,2,3,2,2.77,0,0,FALSE
Male,Loyal Customer,39,Personal Travel,Eco Plus,937,1,4,1,3,1,1,1,1,3,3,3,1,1,1.85,186,163,FALSE
Female,Loyal Customer,24,Business Travel,Business,743,4,4,4,4,5,5,5,5,3,3,5,5,5,4.38,0,0,TRUE
Female,Disloyal Customer,46,Business Travel,Business,390,5,5,5,3,5,5,5,5,5,5,5,4,5,4.77,6,0,TRUE
Female,Disloyal Customer,47,Business Travel,Eco Plus,334,4,5,5,3,5,4,5,5,3,2,5,3,5,4.15,12,18,TRUE
Female,Loyal Customer,49,Personal Travel,Eco,435,2,5,4,1,4,4,4,1,1,4,1,3,4,2.92,5,0,FALSE
Female,Disloyal Customer,21,Business Travel,Eco,1010,4,4,4,3,2,4,2,2,1,1,5,4,2,2.92,32,24,TRUE
Female,Loyal Customer,39,Personal Travel,Eco,557,2,4,2,3,2,2,2,2,3,4,5,3,2,2.77,0,16,FALSE
Female,Loyal Customer,60,Business Travel,Business,2310,3,3,3,3,4,5,4,2,2,2,2,5,5,3.31,0,0,TRUE
Male,Loyal Customer,7,Personal Travel,Eco,990,1,4,1,2,3,1,3,3,4,2,5,4,3,2.77,0,0,FALSE
Male,Loyal Customer,29,Business Travel,Business,1440,5,2,5,5,5,4,5,5,3,2,4,5,5,4.23,0,0,TRUE
Female,Loyal Customer,56,Personal Travel,Business,1310,4,4,4,3,4,5,5,3,3,4,3,5,5,4,0,0,TRUE
Female,Loyal Customer,33,Personal Travel,Eco Plus,692,2,4,2,3,2,2,2,2,4,3,5,4,2,2.85,23,22,FALSE
Male,Loyal Customer,45,Personal Travel,Eco,1371,2,5,2,1,2,2,2,2,5,3,5,5,2,2.92,19,21,FALSE
Male,Loyal Customer,52,Personal Travel,Eco,192,3,4,3,3,1,3,1,1,5,2,4,4,1,2.69,1,0,FALSE
Female,Loyal Customer,33,Personal Travel,Eco,862,4,5,4,3,1,4,2,1,4,3,5,5,1,3.23,0,39,FALSE
Male,Loyal Customer,26,Business Travel,Business,3134,4,4,4,4,4,4,4,4,3,3,1,5,4,3.69,0,0,TRUE
Male,Disloyal Customer,36,Business Travel,Eco,427,2,3,2,3,1,2,1,1,1,5,3,2,1,2.08,0,0,FALSE
Female,Loyal Customer,36,Personal Travel,Eco,101,4,3,4,5,5,4,5,5,4,1,2,2,5,3.77,0,0,FALSE
Male,Loyal Customer,50,Personal Travel,Eco,641,1,5,1,1,5,1,5,5,5,5,4,3,5,3.54,0,0,FALSE
Female,Loyal Customer,57,Personal Travel,Business,529,1,3,1,3,5,2,5,5,5,1,5,2,5,3.31,0,0,FALSE
Male,Loyal Customer,52,Personal Travel,Eco,551,1,4,1,4,2,1,4,2,1,3,1,1,2,2.08,17,7,FALSE
Male,Loyal Customer,58,Business Travel,Eco,421,5,3,1,3,5,5,5,5,2,1,4,2,5,3.54,0,0,TRUE
Female,Loyal Customer,45,Business Travel,Business,1559,2,2,2,2,3,2,2,4,4,4,4,2,1,2.62,0,0,TRUE
Female,Loyal Customer,32,Business Travel,Business,2306,3,2,1,2,3,3,3,3,1,3,2,1,3,2.31,0,0,FALSE
Female,Loyal Customer,22,Business Travel,Business,1542,3,5,3,3,4,4,4,4,3,1,2,4,4,3.38,0,0,TRUE
Male,Disloyal Customer,22,Business Travel,Eco,916,2,2,2,2,2,2,2,2,1,5,3,1,2,2.15,0,0,FALSE
Female,Loyal Customer,70,Personal Travel,Eco,421,1,3,1,5,2,5,3,3,3,1,3,1,5,2.77,7,3,FALSE
Female,Loyal Customer,55,Business Travel,Business,1608,4,4,4,4,4,4,5,2,2,2,2,5,5,3.62,13,17,TRUE
Male,Loyal Customer,39,Business Travel,Business,3085,4,4,4,4,3,5,5,4,4,4,4,5,4,4.15,6,1,TRUE
Female,Loyal Customer,9,Personal Travel,Eco,507,2,5,2,3,1,2,1,1,3,2,5,4,1,2.46,0,0,FALSE
Male,Loyal Customer,39,Business Travel,Business,2374,2,2,2,2,4,2,4,4,4,4,4,3,5,3.23,0,0,TRUE
Female,Loyal Customer,26,Personal Travel,Eco,867,2,5,2,4,1,2,1,1,5,4,4,4,1,2.77,7,0,FALSE
Male,Loyal Customer,29,Personal Travel,Eco,95,4,1,4,4,1,4,2,1,3,1,4,2,1,2.46,0,8,FALSE
Female,Loyal Customer,25,Personal Travel,Eco,1199,4,3,4,3,2,4,4,2,1,1,3,3,2,2.77,7,2,FALSE
Female,Loyal Customer,13,Personal Travel,Eco,1075,2,5,3,2,5,3,5,5,4,4,5,3,5,3.92,18,13,FALSE
Female,Loyal Customer,28,Business Travel,Eco,1096,1,0,0,4,5,0,5,5,4,3,4,1,5,2.85,23,35,FALSE
Male,Loyal Customer,9,Personal Travel,Eco,2917,2,3,2,4,1,2,1,1,1,5,4,2,1,2.23,9,2,FALSE
Female,Loyal Customer,61,Business Travel,Business,584,1,1,1,1,2,2,1,1,1,1,1,4,2,1.46,0,0,FALSE
Male,Disloyal Customer,34,Business Travel,Business,3784,3,3,3,3,3,1,1,3,5,3,4,1,1,2.62,239,226,FALSE
Male,Disloyal Customer,23,Business Travel,Eco,308,0,0,1,3,1,1,1,1,4,4,5,5,1,2.08,0,0,TRUE
Male,Disloyal Customer,38,Business Travel,Business,265,1,1,1,3,1,1,1,1,3,5,4,3,1,2,0,0,FALSE
Male,Disloyal Customer,45,Business Travel,Eco,612,4,1,4,3,3,4,3,3,2,2,4,3,3,3,0,0,FALSE
Female,Disloyal Customer,25,Business Travel,Eco,965,1,1,1,1,3,1,3,3,2,3,2,4,3,2.15,4,0,FALSE
Female,Loyal Customer,41,Business Travel,Business,435,1,1,5,1,4,4,5,4,4,4,4,3,3,3.31,0,3,TRUE
Male,Disloyal Customer,26,Business Travel,Business,419,4,4,4,5,3,4,3,3,4,4,4,4,3,3.77,102,101,TRUE
Male,Disloyal Customer,38,Business Travel,Eco,413,2,3,2,1,1,2,1,1,2,4,5,5,1,2.31,17,31,FALSE
Male,Loyal Customer,34,Business Travel,Business,522,3,5,3,3,3,5,5,5,5,5,5,5,5,4.38,0,2,TRUE
Male,Loyal Customer,65,Personal Travel,Business,1874,4,4,4,3,2,3,2,3,3,4,3,1,3,3,0,11,FALSE
Female,Loyal Customer,42,Business Travel,Business,547,1,4,4,4,2,4,3,1,1,1,1,3,1,2.31,14,1,FALSE
Male,Loyal Customer,21,Personal Travel,Eco,759,3,4,2,2,3,2,3,3,5,3,4,5,3,3.23,0,0,FALSE
Male,Disloyal Customer,29,Business Travel,Eco,1208,4,5,5,2,2,5,2,2,5,1,2,2,2,3,0,0,TRUE
Female,Disloyal Customer,18,Business Travel,Eco,672,1,1,1,3,2,1,3,2,4,5,5,5,2,2.69,0,0,FALSE
Female,Disloyal Customer,37,Business Travel,Eco,480,4,0,4,5,3,4,3,3,2,2,5,2,3,3.08,0,0,FALSE
Female,Disloyal Customer,22,Business Travel,Business,985,5,0,5,5,5,5,5,5,3,4,5,4,5,4.31,0,0,TRUE
Female,Loyal Customer,38,Business Travel,Business,1999,3,3,5,3,5,4,4,4,4,4,4,3,5,3.92,0,0,TRUE
Male,Loyal Customer,42,Personal Travel,Eco,862,3,4,3,5,3,3,3,3,4,2,5,4,3,3.46,8,0,FALSE
Male,Loyal Customer,59,Business Travel,Business,447,2,2,2,2,5,1,2,5,5,5,5,3,5,3.38,13,4,TRUE
Female,Loyal Customer,52,Business Travel,Business,241,2,1,1,1,3,3,2,2,2,2,2,4,4,2.23,0,2,FALSE
Male,Loyal Customer,44,Business Travel,Business,337,3,3,3,3,2,4,5,4,4,5,4,3,5,3.69,8,0,TRUE
Male,Loyal Customer,43,Business Travel,Business,2720,4,4,4,4,4,4,4,3,4,4,5,4,4,4,138,137,TRUE
Male,Disloyal Customer,39,Business Travel,Eco,181,0,0,0,1,4,0,4,4,2,4,2,3,4,2.15,0,0,TRUE
Female,Loyal Customer,44,Business Travel,Business,2824,1,1,1,1,2,4,4,5,5,5,5,4,4,3.23,0,0,TRUE
Female,Loyal Customer,8,Personal Travel,Eco,237,2,4,2,3,2,5,5,3,5,5,5,5,5,3.92,97,178,FALSE
Female,Disloyal Customer,22,Business Travel,Eco,802,3,3,3,2,3,3,3,3,5,5,5,3,3,3.38,0,0,FALSE
Male,Loyal Customer,25,Personal Travel,Eco,846,4,5,4,1,3,4,3,3,5,2,5,4,3,3.54,0,0,FALSE
Male,Disloyal Customer,68,Personal Travel,Eco,396,1,4,1,3,2,1,5,2,4,4,5,5,2,3,0,0,FALSE
Female,Loyal Customer,44,Business Travel,Business,3866,3,3,3,3,2,4,4,4,4,5,4,4,4,3.62,0,0,TRUE
Female,Loyal Customer,50,Business Travel,Business,414,5,5,5,5,4,4,4,5,5,5,5,3,5,4.62,10,33,TRUE
Male,Loyal Customer,49,Business Travel,Business,2269,3,3,1,3,3,4,5,4,4,4,4,4,3,3.46,48,40,TRUE
Male,Loyal Customer,25,Personal Travel,Eco,1107,3,5,3,4,5,3,5,5,4,3,4,4,5,4.08,10,0,FALSE
Male,Loyal Customer,43,Business Travel,Business,2718,1,1,1,1,4,4,4,1,1,2,1,3,3,2.08,6,0,FALSE
Female,Loyal Customer,55,Business Travel,Business,2133,1,1,1,1,2,3,3,3,3,3,1,3,2,2.08,0,0,FALSE
Female,Loyal Customer,44,Business Travel,Business,532,1,1,1,1,5,4,4,5,5,5,5,4,4,3.46,0,0,TRUE
Male,Loyal Customer,57,Personal Travel,Eco,1009,3,4,3,2,3,3,3,3,4,3,4,5,3,3.31,0,0,FALSE
Female,Loyal Customer,25,Personal Travel,Eco,630,3,3,3,3,1,3,5,1,2,5,1,4,1,2.69,54,53,FALSE
Male,Loyal Customer,58,Business Travel,Business,2475,3,3,3,3,5,4,5,5,5,5,5,4,3,4.08,0,0,TRUE
Female,Loyal Customer,42,Personal Travel,Eco,954,3,2,3,4,3,2,4,1,1,3,1,3,1,2.38,21,13,FALSE
Male,Loyal Customer,38,Business Travel,Eco,1342,1,5,5,5,1,1,1,1,4,3,4,4,1,2.77,0,0,FALSE
Female,Loyal Customer,30,Personal Travel,Eco,526,3,4,3,4,4,3,4,4,3,4,4,5,4,3.77,0,0,FALSE
Female,Loyal Customer,40,Business Travel,Business,1918,4,5,4,4,5,5,4,5,5,5,5,5,4,4.62,23,28,TRUE
Male,Loyal Customer,33,Business Travel,Business,3714,2,2,2,2,5,5,5,5,2,1,1,5,5,3.23,0,0,TRUE
Female,Loyal Customer,29,Personal Travel,Eco,277,1,3,1,3,5,1,3,5,5,1,1,5,5,3,0,0,FALSE
Male,Loyal Customer,31,Business Travel,Business,125,1,5,5,5,3,3,1,3,4,1,3,2,3,3,0,0,FALSE
Female,Loyal Customer,35,Personal Travel,Eco,1235,4,4,4,4,3,4,3,3,3,5,4,5,3,3.77,1,1,FALSE
Male,Loyal Customer,47,Business Travel,Business,2521,2,3,3,3,5,2,3,2,2,2,2,3,2,2.62,72,46,FALSE
Male,Loyal Customer,26,Personal Travel,Eco,158,3,5,3,1,2,3,1,2,3,2,4,4,2,2.69,8,1,FALSE
Female,Loyal Customer,42,Business Travel,Business,2090,4,4,4,4,3,5,4,4,4,4,5,3,3,3.92,0,0,TRUE
Male,Loyal Customer,69,Business Travel,Business,2206,1,1,1,1,4,3,4,1,1,1,1,4,4,2.08,1,11,FALSE
Male,Loyal Customer,55,Business Travel,Eco,738,4,1,1,1,4,4,4,4,3,3,4,2,4,3,0,0,TRUE
Female,Loyal Customer,38,Business Travel,Business,1005,2,2,2,2,5,4,2,4,4,4,4,5,1,3.15,0,0,TRUE
Female,Loyal Customer,7,Personal Travel,Eco,925,2,5,3,4,3,3,3,3,1,2,1,5,3,2.92,9,1,FALSE
Male,Disloyal Customer,23,Business Travel,Eco,929,1,1,1,1,2,1,2,2,5,4,4,3,2,2.23,0,0,FALSE
Female,Loyal Customer,51,Business Travel,Business,550,3,3,3,3,3,5,4,5,5,5,5,5,5,4.15,0,0,TRUE
Male,Loyal Customer,29,Business Travel,Business,1619,3,3,3,3,5,5,5,5,4,2,3,3,5,3.77,0,0,TRUE
Male,Loyal Customer,52,Personal Travel,Business,1727,2,4,2,3,3,2,3,2,2,2,2,1,1,2.23,0,0,FALSE
Female,Loyal Customer,49,Business Travel,Eco,2677,4,1,1,1,4,4,4,4,4,5,3,4,4,3.31,0,0,TRUE
Female,Loyal Customer,43,Personal Travel,Eco Plus,2237,2,4,2,3,5,4,5,1,1,2,5,5,5,3.38,0,0,FALSE
Male,Disloyal Customer,16,Business Travel,Eco,1096,5,5,5,5,2,5,2,2,3,5,5,3,2,3.77,9,1,TRUE
Male,Loyal Customer,35,Personal Travel,Eco,230,2,3,2,4,3,2,2,3,1,4,3,1,3,2.54,0,23,FALSE
Female,Disloyal Customer,25,Business Travel,Business,1276,3,0,3,3,3,3,3,3,5,4,5,5,3,3.31,0,4,FALSE
Female,Loyal Customer,34,Personal Travel,Eco,1310,2,1,2,2,1,2,1,1,4,4,2,2,1,1.92,18,31,FALSE
Male,Loyal Customer,23,Business Travel,Business,1127,4,4,4,4,4,4,4,4,5,2,5,4,4,4,0,0,TRUE
Female,Loyal Customer,35,Business Travel,Business,1014,3,3,3,3,1,4,1,4,4,4,4,5,1,3.08,0,0,TRUE
Male,Disloyal Customer,20,Business Travel,Eco,265,2,4,2,4,2,2,2,2,1,4,4,1,2,2.46,25,72,FALSE
Male,Loyal Customer,12,Personal Travel,Eco,224,1,3,1,3,5,1,4,5,3,4,2,4,5,3.15,78,110,FALSE
Male,Disloyal Customer,25,Business Travel,Eco,748,0,0,0,1,2,0,2,2,5,5,3,5,2,2.08,5,2,TRUE
Female,Disloyal Customer,26,Business Travel,Eco,1135,3,3,3,1,4,3,2,4,3,1,1,1,4,2.54,0,0,FALSE
Female,Disloyal Customer,37,Business Travel,Eco,263,1,5,1,3,1,1,1,4,1,3,3,1,1,2,228,237,FALSE
Female,Loyal Customer,53,Business Travel,Business,1504,5,5,5,5,2,4,4,5,5,5,5,3,3,4.31,82,100,TRUE
Male,Loyal Customer,24,Personal Travel,Eco,1389,5,4,5,5,2,5,2,2,1,5,1,3,2,3.23,0,0,TRUE
Male,Loyal Customer,61,Business Travel,Business,2868,2,5,5,5,4,3,4,2,2,2,2,1,4,3.15,0,0,FALSE
Male,Disloyal Customer,26,Business Travel,Business,602,4,4,4,4,5,4,5,5,5,5,4,5,5,4.54,0,0,FALSE
Male,Loyal Customer,39,Business Travel,Eco,293,5,1,1,1,5,5,5,5,3,3,5,1,5,3.46,0,1,TRUE
Male,Loyal Customer,30,Business Travel,Business,1797,4,4,4,4,3,4,3,3,3,2,2,5,3,3.38,0,0,TRUE
Female,Loyal Customer,51,Business Travel,Eco,453,3,5,5,5,4,3,2,3,3,3,3,2,3,3.38,9,0,FALSE
Male,Loyal Customer,30,Business Travel,Business,3893,3,1,1,1,3,3,3,3,1,4,3,2,3,2.38,38,20,FALSE
Male,Loyal Customer,44,Business Travel,Business,3341,3,3,3,3,4,4,5,4,4,4,4,5,3,3.77,0,0,TRUE
Male,Loyal Customer,44,Business Travel,Business,1856,3,5,5,5,2,4,4,3,3,3,3,3,3,3.54,0,0,FALSE
Male,Loyal Customer,51,Personal Travel,Eco,209,4,4,4,1,1,4,1,1,4,4,3,5,1,2.85,0,0,FALSE
Female,Loyal Customer,65,Personal Travel,Eco,1660,2,0,2,5,4,4,4,1,1,2,1,3,5,2.62,10,6,FALSE
Male,Loyal Customer,34,Personal Travel,Eco,1874,4,5,4,4,2,4,2,2,5,2,1,5,2,3.23,0,0,FALSE
Male,Loyal Customer,38,Business Travel,Business,1998,5,5,5,5,4,3,1,5,5,5,5,3,1,4,0,0,TRUE
Female,Disloyal Customer,39,Business Travel,Business,1522,2,2,2,4,2,2,2,2,4,4,5,3,2,2.77,0,0,FALSE
Male,Loyal Customer,62,Personal Travel,Eco,1846,3,3,4,4,2,4,2,2,3,1,4,4,2,2.92,0,0,FALSE
Female,Loyal Customer,36,Personal Travel,Eco,373,3,1,3,2,4,3,4,4,2,1,2,3,4,2.77,0,0,FALSE
Female,Loyal Customer,52,Business Travel,Business,2759,1,2,2,2,5,2,3,1,1,1,1,1,3,1.92,5,6,FALSE
Female,Loyal Customer,25,Business Travel,Business,3506,2,5,5,5,2,2,2,2,4,5,2,1,2,3,44,46,FALSE
Male,Loyal Customer,50,Business Travel,Business,1346,5,5,2,5,5,5,4,4,4,5,4,5,3,4.31,3,0,TRUE
Female,Loyal Customer,75,Business Travel,Business,1504,3,4,4,4,3,3,3,1,2,4,4,3,3,3.15,255,246,FALSE
Female,Loyal Customer,31,Personal Travel,Eco,1501,2,5,2,1,3,2,2,3,5,5,5,1,3,3,7,0,FALSE
Male,Loyal Customer,18,Personal Travel,Eco,2419,4,2,4,3,4,4,4,1,3,3,4,4,4,3.38,0,0,FALSE
Female,Disloyal Customer,29,Business Travel,Eco Plus,892,2,2,2,4,2,1,1,3,1,3,4,1,1,2.08,148,131,FALSE
Female,Disloyal Customer,32,Business Travel,Eco,908,4,4,4,2,2,4,2,2,2,5,3,3,2,3,0,0,FALSE
Male,Loyal Customer,49,Business Travel,Business,272,4,4,4,4,3,3,4,4,4,4,4,2,3,3.62,0,0,FALSE
Male,Loyal Customer,55,Business Travel,Business,277,5,5,4,5,3,5,4,5,5,5,5,4,4,4.54,0,0,TRUE
Male,Loyal Customer,39,Business Travel,Business,325,1,1,1,1,2,4,4,4,4,4,4,5,4,3,0,0,TRUE
Male,Loyal Customer,34,Business Travel,Business,3694,3,3,3,3,2,4,5,4,4,4,4,4,3,3.54,5,0,TRUE
Male,Loyal Customer,34,Business Travel,Business,834,4,4,4,4,4,3,5,3,3,3,3,2,3,3.46,0,0,TRUE
Female,Loyal Customer,38,Business Travel,Business,501,4,4,4,4,5,5,4,4,4,4,4,3,2,3.92,0,0,TRUE
Female,Loyal Customer,70,Personal Travel,Eco,569,2,5,2,1,4,4,4,3,3,2,3,3,4,3.08,0,0,FALSE
Female,Loyal Customer,48,Personal Travel,Eco,306,1,4,1,3,5,4,4,2,2,1,2,4,4,2.85,0,2,FALSE
Female,Disloyal Customer,26,Business Travel,Eco,376,4,2,4,4,3,4,3,3,3,3,4,1,3,3.15,12,2,TRUE
Female,Loyal Customer,10,Personal Travel,Eco,883,2,4,2,5,2,2,2,2,5,1,1,2,2,2.46,3,4,FALSE
Female,Loyal Customer,39,Business Travel,Business,3177,3,3,3,3,2,3,5,5,5,4,5,3,4,3.69,0,0,TRUE
Female,Loyal Customer,62,Business Travel,Eco,404,4,5,5,5,1,2,4,4,4,4,4,1,1,3.38,0,0,TRUE
Female,Loyal Customer,77,Business Travel,Business,308,2,5,5,5,5,4,4,2,2,2,2,3,3,3.38,0,0,FALSE
Male,Loyal Customer,45,Business Travel,Business,1705,5,5,5,5,4,5,4,4,4,5,4,5,4,4.54,3,0,TRUE
Male,Loyal Customer,70,Personal Travel,Eco Plus,1205,1,4,1,4,1,1,1,1,2,4,3,1,1,1.92,0,0,FALSE
Male,Loyal Customer,32,Personal Travel,Eco,760,3,4,3,4,2,3,2,2,3,4,5,5,2,3.23,0,0,FALSE
Female,Disloyal Customer,39,Business Travel,Business,3784,2,2,2,2,2,4,4,3,2,4,5,4,4,3.08,0,0,FALSE
Female,Loyal Customer,18,Personal Travel,Eco,630,2,5,2,1,4,2,5,4,1,3,4,1,4,2.92,0,4,FALSE
Male,Loyal Customer,72,Business Travel,Eco,393,3,4,4,4,3,3,3,3,2,3,2,3,3,3.08,0,0,FALSE
Female,Loyal Customer,41,Business Travel,Eco,536,2,3,3,3,2,2,2,2,2,2,3,4,2,2.46,0,0,FALSE
Male,Loyal Customer,45,Business Travel,Business,315,2,2,2,2,2,4,5,5,5,5,5,3,5,3.62,0,28,TRUE
Male,Disloyal Customer,28,Business Travel,Business,516,4,4,4,2,4,4,4,4,4,3,4,3,4,3.69,0,0,TRUE
Female,Disloyal Customer,21,Business Travel,Business,237,4,3,4,3,5,4,5,5,4,2,5,5,5,4.15,0,0,TRUE
Male,Disloyal Customer,25,Business Travel,Business,526,5,2,5,3,3,5,3,3,5,5,5,5,3,4,1,14,TRUE
Male,Loyal Customer,52,Business Travel,Business,2202,2,2,2,2,2,5,5,4,4,4,4,3,4,3.31,0,0,TRUE
Female,Loyal Customer,48,Business Travel,Business,630,5,5,5,5,4,4,5,4,4,4,4,3,3,4.23,0,0,TRUE
Female,Loyal Customer,48,Business Travel,Business,3489,5,5,5,5,2,5,5,4,4,4,4,5,5,4.46,0,0,TRUE
Female,Loyal Customer,31,Personal Travel,Business,296,1,1,1,3,2,1,2,2,1,2,4,4,2,2,38,42,FALSE
Male,Loyal Customer,49,Business Travel,Business,2419,2,2,2,2,5,4,5,5,5,5,5,4,3,3.77,0,2,TRUE
Female,Loyal Customer,14,Personal Travel,Eco,670,2,4,2,4,4,2,4,4,5,3,5,3,4,3.54,0,0,FALSE
Male,Loyal Customer,52,Business Travel,Eco,323,2,1,1,1,2,2,2,2,1,4,3,4,2,2.08,35,33,FALSE
Female,Loyal Customer,57,Business Travel,Business,2438,4,4,4,4,2,5,5,4,4,4,4,3,4,3.92,0,0,TRUE
Male,Loyal Customer,63,Business Travel,Eco,173,3,2,2,2,3,3,3,3,2,2,1,3,3,2.46,3,10,FALSE
Female,Loyal Customer,14,Personal Travel,Eco,541,3,4,3,4,3,3,3,3,3,2,4,3,3,3.15,74,66,FALSE
Male,Loyal Customer,29,Business Travel,Business,1389,2,2,2,2,4,4,4,4,3,2,4,4,4,3.15,0,0,TRUE
Male,Loyal Customer,37,Personal Travel,Eco,929,3,5,2,4,4,2,4,4,5,5,4,3,4,3.77,0,0,FALSE
Male,Loyal Customer,48,Business Travel,Eco,2417,4,3,3,3,4,4,4,4,5,1,4,2,4,3.46,0,0,TRUE
Female,Loyal Customer,49,Business Travel,Business,3837,2,2,2,2,3,4,4,4,4,4,4,3,3,3.15,8,0,TRUE
Female,Loyal Customer,9,Business Travel,Business,516,1,3,3,3,1,1,1,1,4,5,4,4,1,2.46,0,0,FALSE
Female,Loyal Customer,30,Personal Travel,Eco,1023,3,3,3,5,2,3,5,2,1,4,1,5,2,3,1,0,FALSE
Female,Loyal Customer,46,Business Travel,Eco,834,4,2,2,2,3,2,4,4,4,4,4,3,1,3,0,1,TRUE
Female,Loyal Customer,67,Business Travel,Eco Plus,236,2,4,4,4,5,3,3,2,2,2,2,3,1,2.85,1,17,FALSE
Male,Loyal Customer,35,Personal Travel,Eco,370,4,4,4,3,5,4,5,5,1,3,4,2,5,3.77,0,0,FALSE
Male,Loyal Customer,51,Personal Travel,Eco,541,1,3,3,4,5,3,5,5,1,3,3,3,5,3.38,36,92,FALSE
Male,Loyal Customer,67,Personal Travel,Eco Plus,192,1,4,0,3,1,0,1,1,4,3,5,5,1,2.23,28,21,FALSE
Male,Loyal Customer,42,Business Travel,Eco,1506,4,3,3,3,4,4,4,4,3,1,3,1,4,3.15,0,0,FALSE
Female,Loyal Customer,44,Business Travel,Business,436,2,2,2,2,3,4,4,2,2,2,2,3,3,2.54,7,11,TRUE
Male,Loyal Customer,44,Personal Travel,Eco,220,1,4,1,3,2,1,2,2,4,5,3,1,2,2.38,63,46,FALSE
Male,Loyal Customer,43,Business Travel,Eco,500,3,2,2,2,3,3,3,3,2,3,3,2,3,2.62,0,3,FALSE
Female,Loyal Customer,31,Personal Travel,Eco,1044,4,3,4,5,3,4,4,3,1,5,2,5,3,3.54,31,32,TRUE
Female,Loyal Customer,39,Business Travel,Eco,223,3,5,5,5,3,3,3,3,4,4,3,2,3,3.54,0,0,FALSE
Female,Loyal Customer,11,Personal Travel,Eco,1598,2,3,2,3,2,2,2,2,3,2,3,3,2,2.38,3,0,FALSE
Female,Disloyal Customer,45,Business Travel,Business,990,5,4,4,2,3,5,3,3,4,5,5,4,3,3.85,32,125,TRUE
Male,Loyal Customer,50,Business Travel,Business,2177,1,1,1,1,5,5,4,5,5,5,5,5,5,3.69,0,0,TRUE
Male,Loyal Customer,30,Business Travel,Business,480,1,1,1,1,3,4,3,3,4,3,4,3,3,2.62,19,17,TRUE
Female,Disloyal Customer,35,Business Travel,Eco,888,2,2,2,3,2,2,2,2,1,3,3,1,2,2.08,87,99,FALSE
Female,Disloyal Customer,20,Business Travel,Business,125,0,5,0,1,1,0,1,1,4,5,4,5,1,2.15,0,0,TRUE
Female,Loyal Customer,46,Business Travel,Business,909,4,4,1,4,2,4,5,4,4,4,4,5,3,3.69,0,0,TRUE
Female,Loyal Customer,17,Personal Travel,Eco,1825,3,5,3,2,5,3,5,5,4,5,4,3,5,4,0,1,FALSE
Female,Loyal Customer,39,Personal Travel,Eco,1947,3,4,3,5,1,3,1,1,4,3,5,3,1,2.85,0,0,FALSE
Male,Loyal Customer,16,Business Travel,Business,3835,2,3,3,3,2,2,2,2,2,4,3,2,2,2.46,140,149,FALSE
Male,Loyal Customer,51,Personal Travel,Eco,1117,2,5,3,1,4,3,4,4,4,3,5,4,4,3.54,26,2,FALSE
Female,Loyal Customer,56,Business Travel,Business,967,4,4,4,4,3,3,3,5,5,5,5,1,4,3.85,80,67,TRUE
Female,Disloyal Customer,24,Business Travel,Eco,1092,4,5,5,4,2,5,2,2,5,5,1,5,2,3.62,0,0,FALSE
Female,Loyal Customer,33,Personal Travel,Eco,235,2,5,2,1,4,2,4,4,4,5,5,3,4,3.46,0,0,FALSE
Male,Loyal Customer,39,Business Travel,Business,1719,2,2,2,2,2,4,4,5,5,5,5,4,5,3.62,0,0,TRUE
Female,Loyal Customer,42,Personal Travel,Eco,86,2,5,2,5,5,1,1,5,5,2,1,1,4,3,6,3,FALSE
Female,Loyal Customer,47,Business Travel,Business,2552,2,2,2,2,2,4,5,4,4,4,4,5,4,3.38,1,1,TRUE
Female,Disloyal Customer,29,Business Travel,Business,1416,3,3,3,1,3,3,3,3,5,5,5,4,3,3.38,0,0,FALSE
Female,Loyal Customer,52,Business Travel,Business,2013,3,3,3,3,1,4,5,5,5,5,5,3,5,3.85,0,0,TRUE
Male,Loyal Customer,40,Business Travel,Eco,1050,4,3,3,3,4,4,4,4,1,2,5,2,4,3.31,0,0,TRUE
Female,Loyal Customer,50,Business Travel,Business,1199,5,5,5,5,5,4,5,4,4,4,4,4,3,4.38,20,19,TRUE
Female,Loyal Customer,41,Business Travel,Business,3336,3,3,3,3,2,5,5,4,4,4,4,3,4,3.62,0,0,TRUE
Male,Loyal Customer,25,Business Travel,Business,2202,4,4,4,4,5,5,5,5,3,4,2,2,5,4,0,0,TRUE
Male,Loyal Customer,41,Business Travel,Business,895,2,2,2,2,3,4,4,4,4,4,4,4,3,3.23,0,0,TRUE
Male,Loyal Customer,40,Business Travel,Business,3613,4,4,4,4,5,4,5,4,4,4,4,4,3,4.08,0,0,TRUE
Female,Loyal Customer,25,Business Travel,Eco,1671,2,5,5,5,2,1,4,2,3,3,2,4,2,3.08,0,21,FALSE
Female,Loyal Customer,29,Business Travel,Business,1757,3,3,3,3,3,3,3,3,1,4,2,3,3,2.85,0,0,FALSE
Female,Disloyal Customer,36,Business Travel,Eco,192,4,1,4,3,4,4,4,4,2,5,3,1,4,3.31,95,82,FALSE
Male,Loyal Customer,28,Business Travel,Business,3558,5,5,5,5,5,5,3,5,1,1,4,4,5,4.08,0,0,TRUE
Male,Loyal Customer,39,Business Travel,Business,1549,3,3,3,3,4,5,5,4,4,4,4,4,4,3.85,11,13,TRUE
Male,Loyal Customer,27,Personal Travel,Eco,363,1,5,1,4,1,1,1,1,4,5,4,5,1,2.62,36,25,FALSE
Female,Loyal Customer,29,Personal Travel,Eco,622,2,5,2,2,2,2,2,2,4,3,5,4,2,2.85,0,0,FALSE
Female,Loyal Customer,8,Personal Travel,Eco,337,4,5,4,5,5,4,1,5,4,2,3,3,5,3.85,0,0,FALSE
Female,Loyal Customer,39,Personal Travel,Eco,557,4,4,4,3,4,4,4,4,1,4,4,1,4,3.46,1,5,FALSE
Male,Loyal Customer,58,Business Travel,Business,541,5,5,5,5,3,5,5,5,5,5,5,3,4,4.62,0,0,TRUE
Male,Loyal Customer,36,Business Travel,Business,2486,4,1,2,1,3,3,3,4,4,4,4,4,2,3,0,0,FALSE
Female,Loyal Customer,49,Personal Travel,Eco,354,3,5,3,1,3,5,1,4,4,3,4,2,1,3,41,50,FALSE
Female,Loyal Customer,42,Business Travel,Business,86,0,5,0,3,3,2,5,2,2,2,2,3,5,2.62,0,0,TRUE
Male,Loyal Customer,40,Business Travel,Business,3467,1,1,1,1,5,4,5,5,5,5,5,4,5,3.62,29,30,TRUE
Female,Loyal Customer,58,Business Travel,Business,2475,2,3,3,3,2,2,2,1,2,4,3,2,2,2.38,0,0,FALSE
Female,Loyal Customer,42,Personal Travel,Eco,213,3,0,3,2,5,4,4,5,5,3,5,4,4,3.62,0,0,FALSE
Male,Disloyal Customer,11,Business Travel,Business,2611,4,4,4,4,4,1,1,2,4,3,4,1,1,2.85,4,32,FALSE
Male,Loyal Customer,64,Personal Travel,Eco,782,3,4,3,2,4,3,4,4,4,2,5,5,4,3.62,0,0,FALSE
Female,Loyal Customer,70,Personal Travel,Eco,163,1,5,1,1,3,3,5,4,4,1,2,4,2,2.77,0,0,FALSE
Female,Loyal Customer,59,Personal Travel,Eco Plus,300,3,5,3,4,5,4,5,1,1,3,1,4,4,3.31,0,0,FALSE
Male,Loyal Customer,17,Business Travel,Business,1390,2,2,2,2,4,4,4,4,5,5,5,5,4,3.69,7,0,TRUE
Female,Loyal Customer,15,Personal Travel,Eco,588,1,4,1,1,4,1,4,4,3,3,5,4,4,3,0,42,FALSE
Male,Loyal Customer,49,Business Travel,Business,1728,1,1,4,1,2,5,4,5,5,5,5,4,5,3.62,51,33,TRUE
Female,Loyal Customer,11,Personal Travel,Eco,347,2,5,3,4,4,3,4,4,5,4,5,3,4,3.85,0,0,FALSE
Male,Loyal Customer,36,Business Travel,Business,1136,3,3,3,3,3,4,4,4,4,4,4,4,5,3.69,0,10,TRUE
Male,Loyal Customer,56,Personal Travel,Eco,787,1,3,1,2,1,1,1,1,3,1,3,3,1,1.69,77,93,FALSE
Female,Loyal Customer,57,Business Travel,Eco Plus,227,2,3,3,3,1,4,3,2,2,2,2,1,4,2.46,3,27,FALSE
Male,Disloyal Customer,23,Business Travel,Business,349,5,0,5,3,1,5,1,1,5,2,3,5,1,2.85,86,73,TRUE
Male,Loyal Customer,34,Business Travel,Business,308,4,4,4,4,5,4,4,5,5,5,5,3,3,4.23,0,0,TRUE
Male,Loyal Customer,51,Business Travel,Business,3805,0,0,0,1,4,5,5,1,1,1,1,5,4,2.15,13,1,TRUE
Male,Loyal Customer,10,Business Travel,Business,1590,1,2,2,2,1,1,1,1,1,3,2,3,1,1.62,20,26,FALSE
Male,Loyal Customer,45,Business Travel,Eco,508,3,1,1,1,3,3,3,3,1,1,3,4,3,2.31,0,0,FALSE
Male,Loyal Customer,33,Business Travel,Business,2404,5,5,5,5,4,4,4,4,3,3,1,2,4,3.77,0,0,TRUE
Female,Loyal Customer,23,Personal Travel,Eco,569,2,3,2,4,3,2,3,3,1,3,4,2,3,2.69,2,8,FALSE
Female,Loyal Customer,30,Personal Travel,Eco,239,4,4,4,1,2,4,2,2,5,3,4,5,2,3.23,14,0,FALSE
Male,Loyal Customer,25,Personal Travel,Eco,1183,3,4,3,4,2,3,3,2,3,5,3,5,2,3.23,11,21,FALSE
Male,Disloyal Customer,16,Business Travel,Eco,663,4,3,3,4,3,3,3,3,1,3,1,5,3,3,6,3,TRUE
Female,Disloyal Customer,22,Business Travel,Business,554,4,0,4,2,5,4,5,5,4,3,5,4,5,3.85,0,0,TRUE
Female,Loyal Customer,31,Business Travel,Business,3368,3,3,3,3,4,4,4,4,5,5,5,3,4,3.85,1,0,TRUE
Male,Loyal Customer,53,Business Travel,Eco,1127,1,4,4,4,1,1,1,1,1,3,4,1,1,2.08,0,0,FALSE
Male,Loyal Customer,42,Personal Travel,Eco,631,3,3,2,2,3,2,3,3,4,3,2,4,3,2.85,26,26,FALSE
Female,Loyal Customer,29,Business Travel,Business,3682,4,4,4,4,4,4,4,4,5,1,1,2,4,3.46,0,0,TRUE
Male,Loyal Customer,34,Business Travel,Business,2813,0,0,0,3,2,4,5,2,2,4,4,4,4,2.62,0,0,TRUE
Male,Loyal Customer,57,Personal Travel,Eco,1144,3,5,3,4,4,3,4,4,5,3,3,4,4,3.77,0,13,FALSE
Female,Disloyal Customer,44,Business Travel,Eco,674,1,1,1,1,2,1,2,2,4,1,3,4,2,1.92,55,62,FALSE
Female,Disloyal Customer,37,Business Travel,Business,306,5,4,4,4,3,4,2,3,3,3,5,3,3,3.54,0,0,TRUE
Female,Loyal Customer,61,Business Travel,Business,1724,4,4,4,4,4,5,4,5,5,5,5,4,3,4.31,84,80,TRUE
Female,Disloyal Customer,33,Business Travel,Eco,1919,3,3,3,4,4,3,4,4,5,4,4,4,4,3.77,13,2,FALSE
Male,Loyal Customer,38,Business Travel,Business,3273,5,5,3,5,2,1,4,2,2,2,2,5,3,3.15,0,0,TRUE
Male,Loyal Customer,7,Business Travel,Business,1927,2,4,2,2,4,4,4,4,4,3,4,5,4,3.54,0,0,TRUE
Female,Disloyal Customer,38,Business Travel,Eco,667,3,3,3,2,3,3,3,3,3,3,2,2,3,2.77,0,0,FALSE
Female,Loyal Customer,17,Personal Travel,Eco,2611,2,4,1,3,1,1,1,2,2,4,4,1,1,2.08,0,0,FALSE
Female,Loyal Customer,44,Business Travel,Eco,1337,3,1,5,1,1,4,4,3,3,3,3,4,2,2.85,0,0,FALSE
Female,Loyal Customer,28,Business Travel,Business,1678,4,4,4,4,5,5,5,5,1,3,1,1,5,3.62,2,21,TRUE
Female,Loyal Customer,48,Business Travel,Business,1571,2,2,5,5,4,3,2,2,2,2,2,2,1,2.62,56,59,FALSE
Female,Loyal Customer,45,Business Travel,Business,2610,1,1,4,1,2,4,5,5,5,5,5,3,4,3.46,9,0,TRUE
Male,Loyal Customer,72,Business Travel,Business,500,3,1,2,1,1,3,4,3,3,3,3,1,1,2.23,4,0,FALSE
Male,Loyal Customer,65,Business Travel,Business,1843,3,3,3,3,3,3,3,2,2,2,3,3,3,2.77,168,191,FALSE
Female,Loyal Customer,26,Personal Travel,Eco,841,2,4,2,4,4,2,4,4,1,2,4,3,4,3.08,25,30,FALSE
Male,Loyal Customer,60,Personal Travel,Eco,239,4,5,4,2,1,4,1,1,4,1,1,2,1,2.38,0,0,FALSE
Female,Disloyal Customer,38,Business Travel,Eco,199,2,2,2,4,1,2,1,1,2,4,3,3,1,2.15,0,0,FALSE
Male,Loyal Customer,13,Business Travel,Business,576,3,3,3,3,4,4,4,4,4,1,2,3,4,3.23,10,0,TRUE
Female,Loyal Customer,42,Business Travel,Business,2867,4,2,2,2,5,1,1,4,4,4,4,4,2,3,0,0,FALSE
Male,Loyal Customer,33,Personal Travel,Eco Plus,585,3,4,3,2,2,3,2,2,5,5,5,3,2,3.15,5,5,FALSE
Male,Loyal Customer,59,Business Travel,Business,1046,1,1,1,1,5,4,5,4,4,5,4,4,5,3.38,0,0,TRUE
Female,Loyal Customer,36,Personal Travel,Eco,2079,5,2,5,3,5,5,5,5,3,4,3,2,5,4,2,0,TRUE
Female,Loyal Customer,47,Business Travel,Eco,1089,3,4,4,4,1,4,3,3,3,3,3,2,2,3,55,24,FALSE
Female,Loyal Customer,58,Personal Travel,Eco,712,2,5,2,4,3,4,5,1,1,2,4,3,4,3.08,0,7,FALSE
Female,Loyal Customer,41,Business Travel,Business,120,0,4,0,1,5,4,5,1,1,1,1,5,3,2.38,50,41,TRUE
Male,Loyal Customer,34,Personal Travel,Eco,328,3,3,3,4,4,3,3,4,2,5,4,3,4,3.46,0,0,FALSE
Male,Loyal Customer,56,Business Travel,Business,1845,4,3,3,3,5,4,3,4,4,4,4,1,2,3.38,3,0,FALSE
Female,Loyal Customer,44,Business Travel,Business,550,3,3,3,3,5,4,4,5,5,5,5,4,3,4,2,0,TRUE
Male,Loyal Customer,20,Business Travel,Business,1464,4,4,4,4,2,2,2,2,4,5,3,1,2,3,3,0,TRUE
Female,Loyal Customer,44,Business Travel,Business,123,2,2,2,2,1,4,1,4,4,5,5,3,4,3,0,0,TRUE
Male,Loyal Customer,51,Business Travel,Business,1846,4,4,3,4,4,3,4,4,4,4,4,3,3,3.69,1,1,TRUE
Male,Loyal Customer,7,Personal Travel,Eco,1464,3,5,3,1,3,3,3,3,5,3,4,3,3,3.23,142,118,FALSE
Male,Loyal Customer,37,Business Travel,Eco,2704,5,4,4,4,5,5,5,5,3,3,5,1,5,4.15,4,17,TRUE
Female,Loyal Customer,21,Personal Travel,Eco,192,2,4,2,3,5,2,5,5,3,5,4,5,5,3.85,8,6,FALSE
Female,Disloyal Customer,17,Business Travel,Eco,300,1,2,1,4,5,1,1,5,1,5,3,1,5,2.69,50,44,FALSE
Female,Loyal Customer,67,Personal Travel,Eco Plus,447,2,4,2,3,2,5,2,4,4,2,4,3,3,3.08,0,22,FALSE
Male,Loyal Customer,59,Business Travel,Business,1107,3,4,4,4,4,4,4,3,3,3,3,1,2,3.23,0,1,FALSE
Female,Disloyal Customer,22,Business Travel,Eco,604,4,3,4,5,4,4,4,4,3,4,4,4,4,3.92,0,0,FALSE
Male,Loyal Customer,29,Business Travel,Business,1188,5,5,5,5,5,5,5,5,3,4,5,3,5,4.62,7,11,TRUE
Male,Loyal Customer,69,Business Travel,Eco,528,4,2,2,2,4,4,4,4,4,5,4,5,4,3.69,10,,TRUE
Male,Loyal Customer,36,Business Travel,Eco Plus,446,4,3,3,3,4,4,4,4,4,3,4,4,4,3.69,0,0,FALSE
Female,Loyal Customer,43,Business Travel,Business,2477,5,5,2,5,3,4,4,5,5,5,5,4,4,4.31,0,0,TRUE
Female,Loyal Customer,40,Business Travel,Business,447,1,1,1,1,3,4,5,5,5,5,5,4,5,3.46,50,50,TRUE
Male,Loyal Customer,58,Business Travel,Business,1431,4,4,5,4,5,4,4,4,4,4,4,3,3,4,7,11,TRUE
Female,Disloyal Customer,14,Business Travel,Eco,533,4,0,4,5,1,4,1,1,3,1,2,4,1,2.38,0,0,FALSE
Male,Disloyal Customer,40,Business Travel,Eco,250,3,1,3,1,3,2,2,3,3,1,2,2,2,2.15,152,144,FALSE
Male,Loyal Customer,57,Business Travel,Eco Plus,404,3,1,1,1,3,3,3,3,3,1,2,3,3,2.31,0,7,FALSE
Female,Loyal Customer,68,Personal Travel,Eco,1788,3,4,3,4,4,5,5,4,4,3,2,5,3,3.77,0,0,FALSE
Female,Loyal Customer,41,Business Travel,Business,684,4,4,4,4,5,5,4,4,4,4,4,5,4,4.23,0,0,TRUE
Male,Loyal Customer,14,Personal Travel,Eco Plus,592,3,5,3,4,2,3,2,2,2,3,4,2,2,2.85,0,0,FALSE
Female,Loyal Customer,35,Business Travel,Business,2592,5,5,5,5,4,2,4,5,5,5,5,5,4,4.54,0,0,TRUE
Male,Loyal Customer,46,Personal Travel,Eco,163,4,3,4,2,5,4,5,5,5,4,3,2,5,3.92,0,0,FALSE
Female,Disloyal Customer,41,Business Travel,Business,641,4,4,4,3,4,4,4,4,2,5,3,3,4,3.69,4,0,FALSE
Male,Loyal Customer,23,Business Travel,Business,1716,2,2,2,2,4,4,4,4,4,5,5,5,4,3.62,0,0,TRUE
Male,Loyal Customer,46,Personal Travel,Eco,991,3,4,3,4,1,3,1,1,3,3,5,4,1,2.77,0,0,FALSE
Male,Loyal Customer,38,Personal Travel,Eco,304,1,5,1,4,1,1,1,1,3,5,5,5,1,2.62,0,0,FALSE
Male,Loyal Customer,22,Personal Travel,Eco,1258,4,4,4,4,2,4,2,2,3,5,5,3,2,3.38,0,0,FALSE
Male,Loyal Customer,28,Personal Travel,Eco,2276,2,5,2,3,1,2,2,1,4,5,4,4,1,2.77,0,0,FALSE
Female,Loyal Customer,53,Personal Travel,Eco,1721,3,5,3,3,5,4,4,5,5,3,5,4,4,4.08,20,5,FALSE
Male,Loyal Customer,34,Business Travel,Eco Plus,406,2,1,1,1,2,2,2,2,4,3,4,4,2,2.31,34,26,FALSE
Female,Disloyal Customer,21,Business Travel,Business,763,1,4,1,4,5,1,5,5,4,3,3,4,5,3.46,25,33,FALSE
Female,Loyal Customer,33,Business Travel,Business,241,4,4,4,4,1,1,5,5,5,5,5,4,3,3.85,0,13,TRUE
Male,Loyal Customer,42,Business Travel,Business,458,3,3,3,3,4,4,5,5,5,5,5,3,3,3.92,1,8,TRUE
Male,Loyal Customer,46,Personal Travel,Eco Plus,2404,4,1,4,4,3,4,3,3,3,2,3,2,3,3,16,0,FALSE
Female,Loyal Customer,57,Business Travel,Business,331,1,1,5,1,5,4,4,5,5,5,5,5,4,3.85,0,0,TRUE
Female,Loyal Customer,47,Business Travel,Business,1559,5,5,5,5,1,1,3,4,4,4,4,5,4,3.85,13,6,TRUE
Female,Disloyal Customer,22,Business Travel,Eco,181,5,2,5,3,5,5,4,5,3,4,4,4,5,4.15,0,0,TRUE
Female,Loyal Customer,45,Business Travel,Eco,229,5,5,5,5,3,2,3,5,5,5,5,3,1,4,0,0,TRUE
Male,Loyal Customer,59,Business Travel,Business,1754,3,3,3,3,5,4,4,4,4,5,4,4,3,3.77,12,0,TRUE
Female,Disloyal Customer,25,Business Travel,Eco Plus,101,1,0,1,3,3,1,3,3,1,2,5,3,3,2.23,0,1,FALSE
Male,Loyal Customer,53,Business Travel,Business,1340,5,1,5,5,2,5,4,5,5,5,5,3,4,4.15,0,0,TRUE
Male,Loyal Customer,59,Business Travel,Business,2552,1,1,1,1,4,5,4,5,5,5,5,4,3,3.38,10,8,TRUE
Male,Loyal Customer,44,Business Travel,Business,1939,1,1,3,1,5,4,5,5,5,5,5,5,5,3.85,32,19,TRUE
Male,Disloyal Customer,27,Business Travel,Business,272,2,2,2,1,1,0,1,1,5,4,4,4,1,2.15,0,0,FALSE
Female,Loyal Customer,31,Business Travel,Business,2964,5,5,5,5,4,4,4,4,5,3,5,4,4,4.38,12,0,TRUE
Female,Loyal Customer,46,Business Travel,Business,359,4,4,4,4,5,1,5,5,5,5,5,4,4,4.23,0,0,TRUE
Male,Loyal Customer,28,Personal Travel,Eco,738,3,5,2,3,2,4,4,5,3,4,5,4,4,3.69,214,207,FALSE
Male,Loyal Customer,15,Personal Travel,Eco,973,5,4,5,3,2,4,2,2,4,3,3,1,2,3.08,0,0,TRUE
Female,Loyal Customer,33,Personal Travel,Eco,239,1,4,1,3,2,1,2,2,2,5,4,4,2,2.54,0,0,FALSE
Male,Loyal Customer,14,Personal Travel,Eco,860,3,3,3,4,3,3,3,3,4,3,4,3,3,3.23,0,0,FALSE
Female,Loyal Customer,51,Business Travel,Business,1781,5,4,5,5,5,5,5,5,5,4,5,5,5,4.85,0,0,TRUE
Male,Loyal Customer,37,Personal Travel,Eco,332,4,5,4,3,2,4,5,2,3,4,5,4,2,3.62,0,0,FALSE
Female,Loyal Customer,40,Business Travel,Eco,464,1,0,0,4,5,0,5,5,1,3,4,4,5,2.85,0,19,FALSE
Female,Loyal Customer,42,Personal Travel,Eco,341,1,4,1,3,3,5,4,3,3,1,3,5,3,3,0,0,FALSE
Male,Loyal Customer,46,Business Travel,Business,3963,4,4,4,4,4,4,5,5,5,5,5,4,3,4.31,0,0,TRUE
Female,Loyal Customer,26,Business Travel,Business,1589,3,3,3,3,5,4,5,5,3,5,5,3,5,4,0,0,TRUE
Female,Loyal Customer,38,Business Travel,Eco Plus,488,4,4,4,4,4,4,4,4,1,2,5,4,4,3.69,12,19,TRUE
Female,Disloyal Customer,25,Business Travel,Eco,846,3,3,3,3,5,3,5,5,5,2,2,3,5,3.62,4,0,FALSE
Male,Loyal Customer,53,Business Travel,Business,281,1,1,1,1,5,4,5,4,4,4,4,4,3,3.15,47,44,TRUE
Female,Disloyal Customer,48,Business Travel,Business,936,1,1,1,5,2,1,2,2,4,3,5,3,2,2.46,0,0,FALSE
Female,Loyal Customer,48,Personal Travel,Eco,1448,0,1,0,3,3,3,2,2,2,1,2,4,2,1.92,0,2,TRUE
Female,Loyal Customer,36,Business Travel,Business,2351,0,4,0,4,1,2,1,2,2,2,2,2,1,1.77,13,2,TRUE
Male,Disloyal Customer,26,Business Travel,Eco,265,4,3,4,3,2,4,2,2,2,4,3,2,2,2.85,0,12,FALSE
Female,Loyal Customer,56,Personal Travel,Business,1670,1,4,1,2,2,2,5,1,1,1,1,3,3,2.08,0,0,FALSE
Male,Loyal Customer,31,Business Travel,Eco,1190,1,5,5,5,1,1,1,1,4,1,3,2,1,2.38,19,26,FALSE
Female,Loyal Customer,44,Business Travel,Business,3625,4,4,4,4,2,3,2,4,4,4,4,4,4,3.62,0,0,TRUE
Female,Disloyal Customer,44,Business Travel,Business,308,1,1,1,4,3,1,1,3,4,4,4,5,3,2.69,100,92,FALSE
Female,Disloyal Customer,38,Business Travel,Business,414,5,4,4,3,4,4,4,4,5,2,4,3,4,3.85,2,0,TRUE
Male,Loyal Customer,51,Personal Travel,Eco,481,1,5,2,4,4,2,4,4,5,4,2,1,4,3.23,31,33,FALSE
Male,Loyal Customer,56,Business Travel,Business,1009,1,1,1,1,4,4,5,4,4,4,4,3,3,3,0,0,TRUE
Female,Loyal Customer,53,Personal Travel,Eco,526,2,4,2,5,2,5,4,3,3,2,1,5,3,3.15,0,11,FALSE
Female,Loyal Customer,43,Business Travel,Eco,419,5,4,4,4,2,3,4,5,5,5,5,3,1,3.85,0,0,TRUE
Male,Loyal Customer,56,Business Travel,Business,3243,2,2,3,2,4,4,5,5,5,5,5,3,3,3.69,0,0,TRUE
Female,Disloyal Customer,21,Business Travel,Eco,907,2,2,2,5,2,2,2,2,5,4,4,3,2,2.85,0,0,FALSE
Male,Disloyal Customer,24,Business Travel,Eco,735,2,2,2,1,3,2,3,3,5,4,5,5,3,3.08,0,11,FALSE
Female,Loyal Customer,38,Business Travel,Business,925,3,5,5,5,1,2,1,3,3,3,3,4,4,3.23,10,8,FALSE
Male,Loyal Customer,39,Business Travel,Eco,448,5,4,4,4,5,5,5,5,1,2,4,4,5,4.08,0,0,TRUE
Female,Disloyal Customer,25,Business Travel,Eco,1014,4,4,4,2,5,4,5,5,4,3,2,2,5,3.77,0,0,FALSE
Female,Loyal Customer,29,Personal Travel,Eco,935,1,4,1,2,1,1,4,1,5,3,4,4,1,2.46,34,23,FALSE
Male,Loyal Customer,22,Business Travel,Business,349,2,3,3,3,2,3,2,2,3,3,3,4,2,2.69,0,0,FALSE
Female,Loyal Customer,46,Business Travel,Business,267,5,5,5,5,5,2,4,5,5,5,5,3,4,4.46,0,4,TRUE
Female,Disloyal Customer,48,Business Travel,Business,762,3,3,3,5,3,3,3,3,4,4,5,5,3,3.62,9,0,FALSE
Female,Loyal Customer,24,Business Travel,Business,1601,2,5,5,5,2,3,2,2,2,5,4,4,2,3.31,0,0,FALSE
Female,Loyal Customer,33,Business Travel,Business,1589,1,1,1,1,5,5,5,5,5,4,5,3,3,3.38,0,0,TRUE
Male,Loyal Customer,56,Business Travel,Business,683,5,5,5,5,2,4,5,3,3,3,3,5,5,4.08,0,0,TRUE
Male,Loyal Customer,44,Business Travel,Business,1644,2,4,4,4,5,3,4,2,2,2,2,4,3,3.15,0,0,FALSE
Male,Loyal Customer,33,Personal Travel,Eco,370,1,2,1,4,1,5,5,1,2,4,3,5,5,3,161,177,FALSE
Male,Disloyal Customer,26,Business Travel,Eco,545,2,3,2,4,3,2,3,3,2,3,2,2,3,2.62,53,44,FALSE
Female,Disloyal Customer,40,Business Travel,Business,589,3,3,3,3,3,3,3,4,5,1,5,3,3,3.23,93,142,FALSE
Male,Loyal Customer,67,Personal Travel,Eco,1426,2,4,2,2,5,2,5,5,3,1,1,3,5,3.08,6,0,FALSE
Female,Disloyal Customer,30,Business Travel,Eco Plus,991,1,1,1,3,4,1,2,4,4,2,3,3,4,2.54,13,12,FALSE
Male,Loyal Customer,28,Personal Travel,Eco Plus,925,4,4,4,3,5,4,2,5,4,1,4,2,5,3.62,5,5,TRUE
Female,Loyal Customer,67,Personal Travel,Eco,446,2,3,2,4,4,3,4,3,3,2,3,4,3,3.08,13,0,FALSE
Female,Loyal Customer,54,Personal Travel,Eco,731,1,3,1,4,3,4,3,5,5,1,5,1,2,2.92,18,1,FALSE
Female,Loyal Customer,25,Business Travel,Business,692,3,1,5,1,3,3,3,3,2,3,3,3,3,2.77,3,8,FALSE
Female,Disloyal Customer,38,Business Travel,Business,309,3,3,3,4,5,3,1,5,3,5,4,5,5,3.77,0,0,FALSE
Male,Loyal Customer,24,Personal Travel,Eco,366,1,3,2,4,4,2,4,4,1,4,2,1,4,2.77,0,0,FALSE
Male,Loyal Customer,23,Personal Travel,Eco,296,2,2,2,4,2,2,2,2,4,2,3,4,2,2.54,26,22,FALSE
Male,Loyal Customer,65,Business Travel,Eco Plus,1010,3,5,5,5,3,3,3,3,3,2,3,3,3,3.38,0,11,FALSE
Female,Loyal Customer,37,Business Travel,Business,1973,4,4,4,4,2,4,5,5,5,5,5,3,3,4.08,8,0,TRUE
Male,Disloyal Customer,36,Business Travel,Eco,391,3,0,3,4,5,3,5,5,3,5,4,5,5,3.85,0,0,FALSE
Male,Loyal Customer,54,Business Travel,Business,370,4,1,4,4,4,3,3,5,5,4,5,4,1,3.62,70,58,TRUE
Female,Loyal Customer,49,Business Travel,Business,3534,2,2,2,2,4,4,4,4,4,4,5,3,4,3.38,0,0,TRUE
Male,Loyal Customer,54,Business Travel,Business,1698,3,3,3,3,3,4,4,4,4,4,4,3,3,3.46,0,0,TRUE
Male,Loyal Customer,47,Business Travel,Business,2222,1,3,3,3,1,3,3,1,1,1,1,1,1,1.77,0,0,FALSE
Male,Loyal Customer,27,Personal Travel,Eco,679,4,4,5,1,4,5,4,4,3,4,4,5,4,3.92,0,0,FALSE
Female,Loyal Customer,43,Business Travel,Eco,558,3,5,5,5,5,2,2,3,3,3,3,1,4,3.38,0,0,FALSE
Male,Loyal Customer,62,Business Travel,Business,2483,0,4,0,4,1,2,4,4,4,4,4,1,3,2.69,0,0,TRUE
Male,Loyal Customer,28,Business Travel,Business,481,4,1,4,4,2,2,2,2,4,4,5,4,2,3.08,0,0,TRUE
Female,Loyal Customer,17,Personal Travel,Business,507,2,2,2,3,2,2,2,2,4,2,3,1,2,2.23,1,0,FALSE
Male,Loyal Customer,40,Personal Travel,Eco,235,2,5,0,4,3,0,1,3,4,3,5,4,3,2.85,0,2,FALSE
Male,Loyal Customer,39,Personal Travel,Eco,438,2,4,2,3,1,2,1,1,3,2,3,3,1,2.15,35,45,FALSE
Male,Loyal Customer,30,Business Travel,Business,2628,3,5,5,5,2,2,3,2,2,2,3,2,2,2.92,41,40,FALSE
Female,Loyal Customer,54,Business Travel,Business,2586,3,3,3,3,4,4,4,4,5,5,4,4,4,3.85,25,6,TRUE
Female,Loyal Customer,31,Business Travel,Business,980,4,1,1,1,4,3,4,4,4,4,3,2,4,3,0,0,FALSE
Male,Loyal Customer,19,Business Travel,Business,3596,3,3,3,3,2,2,2,2,3,5,4,4,2,2.92,19,16,TRUE
Female,Loyal Customer,61,Personal Travel,Eco,762,2,1,2,3,4,4,3,1,1,2,1,4,3,2.38,0,0,FALSE
Male,Loyal Customer,48,Business Travel,Business,711,4,4,4,4,2,5,4,5,5,5,5,4,5,4.31,11,0,TRUE
Female,Loyal Customer,43,Business Travel,Business,1797,1,1,1,1,2,3,5,5,5,5,5,5,3,3.23,36,42,TRUE
Male,Disloyal Customer,40,Business Travel,Business,1476,4,4,4,3,5,4,5,5,3,4,4,4,5,4.15,0,1,TRUE
Female,Loyal Customer,19,Personal Travel,Eco,2116,4,1,3,2,1,3,1,1,4,2,2,3,1,2.15,3,0,TRUE
Male,Disloyal Customer,15,Business Travel,Eco,1674,2,2,2,4,1,2,1,1,3,2,3,3,1,2.08,18,8,FALSE
Female,Loyal Customer,53,Business Travel,Business,2248,2,2,2,2,2,4,1,3,3,3,3,1,2,2.31,0,2,TRUE
Female,Loyal Customer,57,Personal Travel,Eco,220,4,1,4,1,2,2,2,2,2,4,2,4,2,2.46,9,0,TRUE
Male,Loyal Customer,56,Business Travel,Business,2704,3,3,3,3,5,5,4,2,2,2,2,5,3,3.23,0,3,TRUE
Male,Loyal Customer,66,Personal Travel,Business,588,3,5,4,4,5,2,5,5,5,4,2,1,2,3.62,0,0,FALSE
Female,Loyal Customer,54,Personal Travel,Eco,762,2,5,3,5,3,4,5,4,5,4,5,5,5,4.23,131,122,FALSE
Female,Loyal Customer,60,Business Travel,Business,3821,3,1,1,1,1,4,4,3,3,3,3,1,1,2.23,3,4,FALSE
Female,Loyal Customer,49,Business Travel,Business,552,5,5,5,5,2,4,4,3,3,3,3,3,5,3.85,8,1,TRUE
Male,Loyal Customer,42,Personal Travel,Eco,1035,1,2,1,4,5,1,5,5,4,2,3,1,5,3,0,0,FALSE
Female,Loyal Customer,12,Personal Travel,Eco Plus,1598,1,5,1,3,5,1,5,5,4,5,3,3,5,3.54,21,7,FALSE
Female,Disloyal Customer,55,Business Travel,Eco,391,1,0,1,5,1,1,1,1,3,4,1,4,1,1.85,0,0,FALSE
Male,Disloyal Customer,37,Business Travel,Eco,464,2,2,2,2,2,2,2,2,3,5,3,4,2,2.54,41,32,FALSE
Male,Disloyal Customer,29,Business Travel,Business,642,2,2,2,1,5,2,2,5,5,4,4,4,5,3.31,19,13,FALSE
Male,Loyal Customer,34,Business Travel,Business,2257,4,4,5,4,2,1,2,4,4,4,4,1,5,3.38,16,15,TRUE
Female,Loyal Customer,53,Personal Travel,Eco,425,2,0,2,4,4,5,4,1,1,2,1,5,3,2.62,3,0,FALSE
Female,Loyal Customer,52,Business Travel,Business,2596,3,3,3,3,5,5,5,5,5,5,4,5,3,4.15,50,46,TRUE
Male,Loyal Customer,26,Personal Travel,Eco,305,3,5,3,4,1,3,1,1,5,3,4,3,1,2.85,0,0,FALSE
Female,Disloyal Customer,25,Business Travel,Eco,651,5,0,5,2,2,5,2,2,1,1,2,3,2,2.46,0,0,TRUE
Female,Loyal Customer,14,Personal Travel,Eco,212,4,3,4,2,2,4,2,2,4,3,2,3,2,2.85,0,0,TRUE
Male,Loyal Customer,57,Personal Travel,Eco,1995,5,3,5,2,2,5,2,2,4,3,4,5,2,3.38,0,0,TRUE
Female,Loyal Customer,36,Business Travel,Business,802,2,5,5,5,5,4,3,2,2,2,2,4,2,3.31,36,30,FALSE
Female,Loyal Customer,33,Business Travel,Business,1487,1,5,1,1,4,5,5,4,4,4,4,5,3,3.54,16,1,TRUE
Male,Loyal Customer,44,Business Travel,Business,481,4,4,4,4,5,3,4,4,4,4,4,1,2,3.62,18,13,FALSE
Male,Loyal Customer,44,Business Travel,Business,327,5,5,2,5,5,4,5,5,5,5,5,3,4,4.46,0,12,TRUE
Male,Loyal Customer,46,Personal Travel,Eco,964,2,4,2,1,1,2,1,1,3,2,4,3,1,2.08,0,0,FALSE
Female,Loyal Customer,28,Business Travel,Business,1849,1,1,1,1,2,2,2,2,5,4,4,5,2,2.46,6,4,TRUE
Female,Loyal Customer,48,Business Travel,Business,1313,4,4,4,4,2,5,5,3,3,2,3,4,3,3.54,48,31,TRUE
Female,Loyal Customer,60,Personal Travel,Eco,1171,2,4,2,1,5,5,4,5,5,2,5,3,4,3.62,0,9,FALSE
Female,Loyal Customer,40,Business Travel,Business,1009,5,5,5,5,4,5,5,2,2,2,2,4,5,3.92,0,0,TRUE
Female,Loyal Customer,45,Business Travel,Eco,900,4,3,4,3,2,1,1,4,4,4,4,4,4,3.23,0,0,TRUE
Female,Loyal Customer,47,Business Travel,Eco,954,4,3,3,3,2,3,4,4,4,4,4,3,1,3.23,0,0,TRUE
Female,Loyal Customer,25,Business Travel,Business,992,3,4,4,4,3,3,3,3,1,2,3,1,3,2.85,86,72,FALSE
Female,Disloyal Customer,22,Business Travel,Eco,468,3,0,3,4,3,3,3,3,3,5,4,4,3,3.15,0,0,FALSE
Male,Loyal Customer,30,Personal Travel,Eco Plus,198,2,5,2,2,3,2,3,3,3,3,4,3,3,2.92,16,0,FALSE
Male,Loyal Customer,29,Business Travel,Business,575,4,4,4,4,4,4,4,4,3,5,2,4,4,3.85,0,0,TRUE
Male,Loyal Customer,45,Business Travel,Business,1235,2,2,2,2,4,5,4,5,5,4,5,5,4,3.77,4,0,TRUE
Male,Loyal Customer,41,Business Travel,Business,1733,2,2,2,2,2,4,5,4,4,4,4,4,3,3.23,2,0,TRUE
Male,Loyal Customer,34,Business Travel,Business,164,2,2,2,2,4,5,3,4,4,4,3,5,5,3.46,0,0,TRUE
Male,Disloyal Customer,45,Business Travel,Business,849,1,1,1,3,3,1,3,3,4,5,5,3,3,2.77,19,18,FALSE
Male,Loyal Customer,25,Business Travel,Business,1673,3,3,3,3,4,4,4,4,5,5,4,5,4,3.92,0,0,TRUE
Male,Loyal Customer,27,Personal Travel,Eco,944,2,3,2,3,2,2,2,2,1,4,3,2,2,2.31,29,17,FALSE
Male,Loyal Customer,9,Personal Travel,Eco,212,2,1,2,3,1,2,1,1,3,2,3,2,1,1.85,41,49,FALSE
Female,Disloyal Customer,32,Business Travel,Eco,895,2,3,3,3,3,3,3,3,2,5,2,1,3,2.77,3,0,FALSE
Male,Loyal Customer,32,Business Travel,Eco,1438,5,3,4,4,5,4,5,5,3,2,3,1,5,3.77,38,56,FALSE
Male,Loyal Customer,18,Personal Travel,Eco,869,1,1,1,4,1,1,1,1,2,3,4,2,1,1.77,8,0,FALSE
Female,Loyal Customer,61,Personal Travel,Eco,1235,3,5,3,3,2,3,4,3,3,3,3,4,5,3.38,0,0,FALSE
Male,Loyal Customer,51,Business Travel,Business,158,0,5,0,1,5,5,5,3,3,3,3,4,5,3.23,0,0,TRUE
Female,Loyal Customer,44,Personal Travel,Eco,429,5,4,5,1,3,3,1,3,3,5,3,3,1,3.08,15,25,TRUE
Female,Loyal Customer,58,Business Travel,Business,479,2,2,4,2,4,4,3,2,2,2,2,2,4,2.69,0,0,FALSE
Female,Disloyal Customer,23,Business Travel,Eco,358,4,4,4,4,1,4,1,1,2,4,3,3,1,2.77,0,0,TRUE
Male,Loyal Customer,48,Personal Travel,Eco Plus,174,3,5,3,3,4,3,4,4,4,3,5,3,4,3.69,0,0,FALSE
Female,Loyal Customer,42,Business Travel,Business,1609,4,4,4,4,3,3,5,4,4,4,4,5,5,4.08,0,0,TRUE
Male,Disloyal Customer,28,Business Travel,Eco,1242,1,1,1,3,4,1,4,4,4,1,4,1,4,2.54,0,20,FALSE
Male,Loyal Customer,59,Business Travel,Business,2296,1,1,5,1,4,4,4,4,4,4,4,5,4,3.46,8,0,TRUE
Male,Loyal Customer,52,Business Travel,Business,3774,1,1,1,1,5,3,3,3,3,3,1,2,3,2.31,10,40,FALSE
Female,Loyal Customer,22,Personal Travel,Eco,447,4,3,4,3,2,4,2,2,1,4,3,1,2,2.69,2,0,FALSE
Male,Loyal Customer,10,Personal Travel,Eco,270,2,0,2,1,3,2,3,3,3,5,1,1,3,2.23,24,26,FALSE
Male,Loyal Customer,40,Business Travel,Business,259,0,0,0,2,3,5,5,3,3,3,3,4,4,2.69,0,0,TRUE
Male,Loyal Customer,11,Personal Travel,Eco,2174,2,1,2,3,1,2,1,1,3,2,4,2,1,1.92,0,0,FALSE
Female,Loyal Customer,60,Business Travel,Business,2014,2,2,2,2,2,4,5,4,4,4,4,4,3,3.23,0,0,TRUE
Female,Loyal Customer,29,Business Travel,Business,3217,3,3,3,3,3,4,3,3,4,5,3,1,3,3.15,11,2,FALSE
Female,Disloyal Customer,9,Business Travel,Eco,1005,3,3,3,2,2,3,2,2,2,2,2,4,2,2.46,2,0,FALSE
Male,Loyal Customer,42,Business Travel,Business,1773,2,5,2,2,5,4,4,4,4,4,4,4,5,3.77,79,80,TRUE
Female,Disloyal Customer,19,Business Travel,Eco,502,1,5,1,2,3,1,3,3,5,3,4,3,3,2.85,0,0,FALSE
Female,Loyal Customer,52,Business Travel,Business,853,4,4,2,4,2,4,5,4,4,4,4,5,5,3.92,12,7,TRUE
Male,Loyal Customer,39,Business Travel,Business,3057,2,2,2,2,4,5,5,3,3,3,3,4,5,3.31,0,0,TRUE
Male,Loyal Customer,70,Personal Travel,Eco Plus,808,3,1,3,2,3,3,3,3,1,4,2,2,3,2.54,20,43,FALSE
Male,Loyal Customer,31,Personal Travel,Eco,2541,3,2,3,3,3,3,3,3,1,3,2,2,3,2.62,0,,FALSE
Male,Loyal Customer,66,Personal Travel,Eco,337,2,4,2,2,5,2,4,5,3,5,5,5,5,3.77,5,0,FALSE
Male,Loyal Customer,66,Personal Travel,Eco,427,4,5,4,3,5,4,5,5,5,4,1,1,5,3.92,0,0,FALSE
Female,Loyal Customer,31,Business Travel,Business,2881,3,4,4,4,3,3,3,3,3,2,4,3,3,3.23,0,0,FALSE
Male,Disloyal Customer,24,Business Travel,Eco,295,1,2,1,2,2,1,4,2,4,4,2,4,2,2.38,0,0,FALSE
Male,Loyal Customer,52,Business Travel,Business,2310,4,4,4,4,4,5,4,4,4,4,4,4,5,4.15,10,10,TRUE
Male,Loyal Customer,57,Business Travel,Business,589,2,2,4,2,4,4,4,4,4,4,4,5,5,3.69,4,0,TRUE
Female,Loyal Customer,46,Business Travel,Business,3130,0,0,0,3,4,5,4,2,2,2,2,4,5,2.54,0,0,TRUE
Male,Loyal Customer,57,Personal Travel,Eco,349,3,4,3,4,3,2,5,4,3,4,3,5,5,3.69,129,134,FALSE
Male,Disloyal Customer,26,Business Travel,Business,268,2,0,2,4,2,2,2,2,3,4,4,4,2,2.54,0,0,FALSE
Male,Disloyal Customer,27,Business Travel,Eco,1464,4,4,4,4,5,4,5,5,5,2,3,2,5,4,12,12,FALSE
Female,Loyal Customer,24,Business Travel,Eco,763,0,3,0,4,5,0,5,5,2,1,4,2,5,2.77,0,16,TRUE
Male,Loyal Customer,53,Business Travel,Business,605,4,3,4,4,4,4,5,4,4,4,4,4,3,3.92,51,38,TRUE
Male,Loyal Customer,8,Personal Travel,Eco,366,2,4,2,3,3,2,3,3,1,4,3,4,3,2.85,0,0,FALSE
Female,Loyal Customer,48,Personal Travel,Eco,411,3,5,3,1,3,5,4,3,3,3,3,4,4,3.38,0,0,FALSE
Male,Disloyal Customer,42,Business Travel,Eco,299,4,5,4,2,3,4,3,3,2,2,2,2,3,3,92,98,FALSE
Male,Disloyal Customer,38,Business Travel,Business,544,5,5,5,2,4,5,4,4,3,4,5,5,4,4.23,0,0,TRUE
Male,Loyal Customer,41,Business Travel,Business,1009,2,2,2,2,3,1,3,4,4,4,4,1,5,2.85,0,0,TRUE
Female,Loyal Customer,28,Business Travel,Business,221,1,1,1,1,5,5,5,5,2,4,5,3,5,3.31,0,0,TRUE
Male,Loyal Customer,7,Personal Travel,Eco Plus,733,1,2,1,4,4,1,4,4,3,4,3,3,4,2.92,0,0,FALSE
Female,Loyal Customer,58,Business Travel,Business,2586,3,3,3,3,3,4,5,4,4,4,4,4,3,3.62,0,0,TRUE
Female,Loyal Customer,52,Personal Travel,Eco,956,3,2,3,3,3,3,4,4,4,3,4,4,2,3.23,0,0,FALSE
Male,Loyal Customer,35,Business Travel,Business,441,2,2,2,2,4,3,5,4,4,4,4,4,3,3.31,0,0,TRUE
Male,Loyal Customer,42,Business Travel,Business,1416,2,2,2,2,4,5,4,3,3,4,3,5,4,3.31,23,39,TRUE
Male,Loyal Customer,51,Business Travel,Business,442,3,3,3,3,5,4,5,3,3,3,3,4,3,3.46,0,0,TRUE
Male,Loyal Customer,40,Business Travel,Business,2842,3,3,3,3,5,4,5,5,5,5,5,3,5,4.15,4,0,TRUE
Male,Loyal Customer,23,Personal Travel,Eco,2367,1,5,1,4,2,1,2,2,4,5,4,5,2,2.92,0,0,FALSE
Female,Loyal Customer,10,Personal Travel,Eco,1749,2,5,2,5,4,2,5,4,4,1,3,4,4,3.46,8,6,FALSE
Male,Loyal Customer,34,Personal Travel,Eco,213,2,4,2,4,3,2,3,3,5,4,5,4,3,3.38,0,,FALSE
Male,Loyal Customer,34,Personal Travel,Eco,449,3,4,3,4,1,3,1,1,2,2,4,2,1,2.38,3,1,FALSE
Female,Loyal Customer,10,Personal Travel,Business,1576,4,4,4,3,2,4,2,2,4,3,3,5,2,3.23,18,3,FALSE
Female,Loyal Customer,42,Business Travel,Business,1947,4,4,4,4,2,5,4,4,4,4,4,4,3,3.85,0,0,TRUE
Male,Disloyal Customer,57,Business Travel,Business,134,1,2,2,4,1,1,1,1,3,5,4,5,1,2.38,0,0,FALSE
Male,Loyal Customer,45,Business Travel,Business,1919,3,5,5,5,3,3,4,3,3,3,3,3,3,3.54,10,0,FALSE
Male,Loyal Customer,36,Business Travel,Business,562,5,5,5,5,3,3,2,5,5,4,5,4,4,4.23,0,0,TRUE
Male,Loyal Customer,38,Business Travel,Business,1747,2,4,4,4,4,2,2,2,2,3,2,4,1,2.77,0,0,FALSE
Female,Disloyal Customer,22,Personal Travel,Eco,393,1,2,1,3,2,1,2,2,4,2,3,4,2,2.23,0,0,FALSE
Male,Loyal Customer,38,Business Travel,Business,1774,3,3,3,3,3,5,5,2,2,2,2,5,3,3.15,0,0,TRUE
Female,Loyal Customer,17,Business Travel,Business,2515,4,4,4,4,4,4,4,4,3,2,4,2,4,3.62,12,14,FALSE
Female,Loyal Customer,15,Business Travel,Business,888,2,3,3,3,2,2,2,2,2,1,3,4,2,2.38,3,0,FALSE
Male,Loyal Customer,44,Business Travel,Eco,631,1,1,1,1,1,1,1,1,1,2,3,1,1,1.23,0,0,FALSE
Male,Loyal Customer,32,Business Travel,Business,2585,4,4,4,4,4,5,5,2,1,3,1,5,5,3.62,64,58,TRUE
Female,Disloyal Customer,70,Personal Travel,Eco,1562,2,1,2,2,4,2,4,4,2,2,1,3,4,2.54,0,0,FALSE
Male,Loyal Customer,69,Personal Travel,Eco,868,3,1,3,3,2,3,2,2,4,5,3,4,2,2.85,0,0,FALSE
Male,Loyal Customer,59,Business Travel,Eco,728,3,3,3,3,3,3,3,3,1,4,3,4,3,3,1,9,FALSE
Male,Loyal Customer,42,Business Travel,Business,571,3,3,2,3,3,4,5,2,2,2,2,5,5,3.15,54,52,TRUE
Female,Disloyal Customer,30,Business Travel,Business,842,3,3,3,4,4,3,4,4,3,4,5,5,4,3.77,14,3,FALSE
Female,Loyal Customer,38,Business Travel,Business,342,5,5,5,5,4,4,5,4,4,4,4,3,5,4.38,13,4,TRUE
Female,Disloyal Customer,21,Business Travel,Eco,305,4,0,4,1,4,5,5,3,4,5,5,5,5,3.85,239,219,FALSE
Female,Loyal Customer,14,Personal Travel,Eco,270,3,2,3,3,3,3,2,3,1,1,3,1,3,2.38,51,50,FALSE
Male,Loyal Customer,53,Business Travel,Business,1723,2,2,2,2,3,4,4,4,4,4,4,5,4,3.38,5,0,TRUE
Male,Disloyal Customer,61,Business Travel,Business,390,2,2,2,3,5,2,5,5,4,3,5,5,5,3.69,56,51,FALSE
Female,Loyal Customer,14,Personal Travel,Eco,588,2,4,3,5,3,3,3,3,3,3,5,3,3,3.31,0,0,FALSE
Female,Loyal Customer,56,Business Travel,Eco,101,4,5,5,5,2,3,4,4,4,4,4,3,3,3.85,0,0,TRUE
Female,Loyal Customer,53,Business Travel,Business,802,5,5,3,5,5,4,5,3,3,3,3,3,3,3.85,86,78,TRUE
Male,Loyal Customer,39,Business Travel,Business,842,2,2,3,2,3,3,3,3,5,4,4,3,3,3.08,77,139,TRUE
Female,Disloyal Customer,20,Business Travel,Eco,894,4,4,4,5,3,4,3,3,5,5,2,3,3,3.69,1,0,TRUE
Male,Loyal Customer,48,Business Travel,Business,2342,4,4,4,4,2,4,5,5,5,5,5,3,3,4.08,0,0,TRUE
Male,Loyal Customer,46,Personal Travel,Eco,315,4,1,4,3,4,4,4,4,2,4,3,1,4,3.23,0,0,FALSE
Female,Disloyal Customer,32,Business Travel,Business,689,2,2,2,2,3,2,3,3,3,3,4,3,3,2.69,0,0,FALSE
Female,Loyal Customer,23,Personal Travel,Eco,483,2,4,2,4,1,2,1,1,2,2,4,3,1,2.23,0,0,FALSE
Female,Loyal Customer,44,Personal Travel,Eco,337,3,4,4,1,3,5,4,5,5,4,3,3,5,3.77,0,0,FALSE
Female,Loyal Customer,58,Personal Travel,Eco,599,4,3,4,2,4,3,2,3,3,4,5,5,5,3.62,7,0,FALSE
Male,Loyal Customer,33,Business Travel,Business,1745,3,3,3,3,4,4,4,4,2,4,5,2,4,3.46,0,0,TRUE
Female,Loyal Customer,47,Business Travel,Eco,283,1,2,2,2,5,3,3,1,1,1,1,2,1,1.92,8,0,FALSE
Female,Loyal Customer,11,Personal Travel,Eco,1076,2,5,2,1,1,2,1,1,5,5,4,4,1,2.62,46,73,FALSE
Female,Loyal Customer,42,Personal Travel,Eco,118,2,3,2,2,3,4,4,1,1,2,1,1,1,2.08,91,84,FALSE
Male,Disloyal Customer,34,Business Travel,Eco,427,3,2,3,3,4,3,4,4,4,4,3,4,4,3.46,68,39,FALSE
Male,Loyal Customer,48,Business Travel,Eco Plus,1597,5,1,1,1,5,5,5,5,4,4,4,4,5,3.77,3,0,TRUE
Female,Loyal Customer,17,Personal Travel,Eco,1182,3,1,3,2,2,3,2,2,4,1,1,3,2,2.23,31,18,FALSE
Female,Loyal Customer,28,Business Travel,Eco,2419,1,2,2,2,1,1,1,1,3,1,2,4,1,1.69,0,7,FALSE
Male,Loyal Customer,37,Business Travel,Business,2556,5,5,5,5,4,4,4,4,4,4,4,2,5,4.23,0,0,TRUE
Male,Loyal Customer,42,Business Travel,Business,3109,2,1,1,1,2,3,4,2,2,2,2,1,3,2,0,8,FALSE
Female,Disloyal Customer,21,Business Travel,Eco,1096,3,3,3,4,5,3,5,5,3,2,3,4,5,3.69,54,67,FALSE
Male,Loyal Customer,50,Business Travel,Eco,187,4,1,1,1,4,4,4,3,2,2,3,4,4,2.85,218,229,TRUE
Male,Loyal Customer,25,Business Travel,Business,692,1,3,3,3,1,1,1,1,1,2,3,2,1,1.77,24,29,FALSE
Female,Loyal Customer,55,Business Travel,Eco,397,4,2,2,2,1,2,2,5,5,4,5,2,3,3,0,12,FALSE
Male,Loyal Customer,10,Business Travel,Eco,542,3,2,3,2,3,3,4,3,3,1,3,4,3,2.85,2,5,FALSE
Male,Loyal Customer,30,Personal Travel,Eco,630,3,5,3,5,2,3,2,2,1,5,4,4,2,3.15,0,0,FALSE
Male,Loyal Customer,41,Business Travel,Eco,411,4,1,1,1,4,4,4,4,1,2,3,4,4,2.85,78,66,FALSE
Female,Loyal Customer,60,Business Travel,Business,1721,4,4,4,4,5,4,5,4,4,4,4,4,3,4.08,0,0,TRUE
Female,Loyal Customer,45,Business Travel,Eco,413,3,2,2,2,5,1,5,3,3,3,3,4,4,3.08,7,6,TRUE
Male,Loyal Customer,61,Business Travel,Business,3403,2,2,2,2,5,5,4,5,5,5,5,3,5,3.85,10,5,TRUE
Female,Disloyal Customer,23,Business Travel,Eco,153,4,0,4,4,4,4,4,4,1,4,5,1,4,3.31,0,0,TRUE
Female,Loyal Customer,56,Personal Travel,Eco,216,1,0,1,5,4,2,5,4,4,1,5,4,2,2.92,0,3,FALSE
Male,Loyal Customer,42,Business Travel,Business,1448,5,5,5,5,3,4,3,5,5,5,5,2,3,4.23,0,28,TRUE
Female,Loyal Customer,72,Business Travel,Eco Plus,192,4,5,4,5,1,4,3,4,4,4,4,3,1,3.54,0,0,FALSE
Female,Loyal Customer,9,Personal Travel,Business,594,3,4,3,3,1,3,1,1,4,1,3,3,1,2.38,0,0,FALSE
Male,Loyal Customer,26,Business Travel,Business,1235,1,4,4,4,1,1,1,1,3,2,3,1,1,2.08,105,111,FALSE
Male,Loyal Customer,49,Business Travel,Business,247,2,2,2,2,3,4,4,5,5,5,5,4,3,3.54,0,0,TRUE
Male,Loyal Customer,17,Personal Travel,Eco Plus,599,2,2,2,3,1,2,1,1,1,4,4,4,1,2.15,0,0,FALSE
Female,Disloyal Customer,22,Business Travel,Eco,1235,1,1,1,3,2,1,5,2,4,5,4,2,2,2.54,25,38,FALSE
Female,Loyal Customer,23,Business Travel,Business,3541,4,4,4,4,5,5,5,5,3,3,5,4,5,4.31,0,0,TRUE
Female,Loyal Customer,18,Personal Travel,Eco,391,3,5,3,2,4,3,3,4,5,2,5,2,4,3.46,0,0,FALSE
Male,Loyal Customer,56,Personal Travel,Eco,335,2,4,3,1,1,3,1,1,2,1,2,4,1,2,0,0,FALSE
Female,Disloyal Customer,62,Business Travel,Eco,366,2,2,2,3,3,2,3,3,2,3,3,1,3,2.46,0,0,FALSE
Female,Loyal Customer,65,Personal Travel,Eco,1846,1,3,1,1,2,3,3,3,3,1,5,2,4,2.46,11,34,FALSE
Male,Loyal Customer,55,Personal Travel,Eco Plus,1084,4,4,4,3,5,4,5,5,3,3,4,3,5,4,0,0,FALSE
Male,Loyal Customer,57,Business Travel,Business,2050,3,3,3,3,4,4,5,4,4,4,4,5,5,3.92,0,34,TRUE
Female,Loyal Customer,32,Business Travel,Eco,373,5,2,4,4,5,5,5,5,3,2,5,3,5,4.08,0,0,TRUE
Female,Loyal Customer,47,Personal Travel,Eco,416,3,3,3,4,3,3,3,5,5,3,5,2,3,3.46,11,10,FALSE
Female,Loyal Customer,69,Business Travel,Business,2395,1,1,1,1,5,1,2,5,5,5,5,4,1,2.85,0,0,TRUE
Male,Loyal Customer,34,Personal Travel,Eco Plus,1310,1,4,1,3,2,1,2,2,2,2,3,4,2,2.23,1,6,FALSE
Female,Loyal Customer,52,Business Travel,Eco,989,4,3,3,3,1,5,1,4,4,4,4,4,4,3.38,0,15,TRUE
Male,Loyal Customer,7,Personal Travel,Eco,973,1,4,0,4,5,0,2,5,3,4,4,3,5,3.08,1,0,FALSE
Female,Loyal Customer,57,Personal Travel,Eco,223,2,4,2,1,3,5,4,5,5,2,5,3,5,3.54,0,0,FALSE
Male,Loyal Customer,60,Business Travel,Business,248,0,0,0,1,5,4,5,1,1,1,1,3,4,2,0,5,TRUE
Female,Loyal Customer,48,Personal Travel,Eco Plus,333,2,4,2,3,5,4,4,1,1,2,1,5,4,2.92,20,14,FALSE
Male,Loyal Customer,48,Business Travel,Business,2676,3,4,4,4,4,4,3,3,3,3,3,3,2,3.31,0,0,FALSE
Male,Loyal Customer,38,Business Travel,Business,451,2,2,2,2,2,2,2,3,4,4,4,2,2,2.54,130,135,FALSE
Male,Loyal Customer,55,Business Travel,Eco,1188,1,4,2,4,1,1,1,4,5,2,3,1,1,2.31,281,284,FALSE
Female,Loyal Customer,64,Personal Travel,Eco,944,1,2,1,4,1,2,2,2,5,3,4,2,2,2.38,111,133,FALSE
Female,Loyal Customer,42,Business Travel,Eco Plus,773,4,1,3,1,2,3,5,4,4,4,4,1,4,3.08,16,9,TRUE
Female,Loyal Customer,24,Business Travel,Business,1919,1,1,4,1,5,5,5,5,5,5,4,3,5,3.77,0,0,TRUE
Male,Loyal Customer,39,Business Travel,Business,944,3,3,3,3,4,4,4,2,2,5,5,4,4,3.54,123,171,TRUE
Female,Loyal Customer,50,Business Travel,Eco,120,5,1,1,1,1,5,2,5,5,5,5,3,2,3.15,0,31,TRUE
Male,Disloyal Customer,30,Business Travel,Eco,373,1,2,1,3,1,1,1,1,1,3,4,4,1,1.85,0,0,FALSE
Male,Loyal Customer,46,Business Travel,Business,2917,2,2,2,2,4,4,4,4,1,3,3,4,4,3,0,25,TRUE
Male,Loyal Customer,50,Business Travel,Eco Plus,1694,3,3,3,3,3,3,3,3,1,2,4,1,3,2.69,10,0,FALSE
Male,Loyal Customer,57,Business Travel,Eco,647,2,5,5,5,2,2,2,2,4,1,3,2,2,2.85,0,0,FALSE
Female,Disloyal Customer,24,Business Travel,Business,1481,4,0,3,3,3,3,5,3,5,5,3,4,3,3.38,0,0,TRUE
Female,Loyal Customer,66,Personal Travel,Eco,971,2,5,2,3,4,4,5,3,3,2,3,4,4,3.38,0,0,FALSE
Female,Loyal Customer,26,Business Travel,Eco,1011,4,5,5,5,4,4,3,4,5,3,4,3,4,4.08,0,0,TRUE
Female,Loyal Customer,50,Business Travel,Business,2153,3,3,3,3,4,4,5,5,5,5,5,3,3,3.92,0,0,TRUE
Male,Loyal Customer,47,Business Travel,Business,2288,4,4,2,4,5,5,4,4,4,4,4,3,4,3.92,0,0,TRUE
Male,Loyal Customer,57,Personal Travel,Eco,721,2,4,2,4,3,2,3,3,2,3,2,5,3,2.92,0,0,FALSE
Male,Loyal Customer,58,Business Travel,Business,1182,3,4,4,4,3,3,4,3,3,3,3,3,4,3.38,5,0,FALSE
Male,Loyal Customer,16,Personal Travel,Eco,937,1,4,1,3,1,1,1,1,5,4,5,4,1,2.46,0,0,FALSE
Female,Loyal Customer,47,Business Travel,Business,1797,1,1,5,1,2,5,4,3,3,4,3,5,4,3.15,7,16,TRUE
Female,Loyal Customer,33,Personal Travel,Eco,271,4,0,4,3,2,4,2,2,3,5,4,4,2,3,17,10,FALSE
Female,Loyal Customer,65,Business Travel,Eco Plus,280,2,5,5,5,5,4,1,2,2,2,2,4,5,3.38,13,0,TRUE
Male,Disloyal Customer,34,Business Travel,Eco,777,1,1,1,4,3,1,3,3,2,3,3,4,3,2.46,12,9,FALSE
Female,Disloyal Customer,20,Business Travel,Eco,878,3,3,3,3,3,3,3,3,5,4,2,1,3,3,0,0,FALSE
Female,Loyal Customer,15,Personal Travel,Eco,965,2,5,2,4,2,2,2,2,4,4,5,4,2,3.08,0,0,FALSE
Male,Loyal Customer,56,Business Travel,Business,2619,1,1,1,1,5,4,3,1,1,1,1,1,4,1.92,0,1,FALSE
Male,Loyal Customer,43,Business Travel,Business,3653,5,5,5,5,5,4,4,4,4,5,4,4,3,4.38,14,20,TRUE
Male,Loyal Customer,48,Business Travel,Eco,1118,4,1,1,1,4,4,4,4,1,4,2,4,4,2.92,104,102,TRUE
Female,Loyal Customer,38,Personal Travel,Eco,250,1,5,1,5,5,1,1,5,4,2,4,5,5,3.38,36,44,FALSE
Female,Disloyal Customer,20,Business Travel,Eco,299,2,0,2,4,1,2,1,1,1,2,4,1,1,1.69,13,3,FALSE
Female,Loyal Customer,52,Business Travel,Eco,1670,2,2,2,2,1,3,4,2,2,2,2,2,4,2.31,0,0,FALSE
Female,Loyal Customer,58,Personal Travel,Eco,448,5,5,5,1,3,4,5,1,1,5,1,3,3,3.23,0,0,TRUE
Female,Loyal Customer,59,Business Travel,Eco Plus,196,5,2,2,2,2,1,1,5,5,5,5,5,1,3.15,78,80,TRUE
Female,Disloyal Customer,25,Business Travel,Eco,383,3,2,3,4,4,3,4,4,1,4,4,1,4,3.15,24,9,FALSE
Male,Loyal Customer,54,Business Travel,Business,1900,1,1,1,1,3,5,4,4,4,4,4,4,5,3.15,0,0,TRUE
Female,Loyal Customer,45,Personal Travel,Eco,577,1,4,1,2,3,5,5,4,4,1,4,4,5,3.31,0,0,FALSE
Female,Loyal Customer,45,Personal Travel,Eco,2475,2,2,2,3,5,4,3,4,4,2,3,2,3,3,23,2,FALSE
Male,Loyal Customer,45,Business Travel,Business,3059,5,5,5,5,5,4,5,4,4,4,4,4,5,4.54,0,0,TRUE
Male,Loyal Customer,39,Business Travel,Eco Plus,304,1,1,5,1,1,1,1,1,1,5,3,4,1,2,29,26,FALSE
Male,Disloyal Customer,24,Business Travel,Business,1144,4,0,4,2,5,4,5,5,4,4,5,3,5,3.85,0,0,TRUE
Female,Disloyal Customer,25,Business Travel,Eco,264,2,4,2,2,3,2,3,3,4,2,4,2,3,2.77,0,0,FALSE
Female,Loyal Customer,28,Personal Travel,Eco Plus,733,1,5,1,4,1,3,4,4,1,2,3,4,4,2.85,205,198,FALSE
Male,Loyal Customer,32,Business Travel,Business,3020,2,3,3,3,2,2,2,2,2,1,4,4,2,2.46,20,22,FALSE
Female,Loyal Customer,48,Business Travel,Business,239,1,2,4,4,2,3,3,1,1,1,1,4,2,2.23,0,7,FALSE
Male,Loyal Customer,33,Business Travel,Eco Plus,395,3,4,3,4,3,2,3,3,2,4,3,1,3,2.92,0,0,FALSE
Female,Loyal Customer,55,Business Travel,Business,1635,1,1,1,1,3,3,4,4,4,5,4,4,5,3.08,0,0,TRUE
Male,Disloyal Customer,20,Business Travel,Business,440,0,5,0,1,5,0,5,5,4,4,4,5,5,3.31,0,5,TRUE
Male,Disloyal Customer,38,Business Travel,Business,337,5,5,5,4,1,5,1,1,3,3,5,4,1,3.31,0,0,TRUE
Male,Disloyal Customer,25,Business Travel,Business,273,1,5,1,3,5,1,5,5,4,4,4,3,5,3.54,0,0,FALSE
Male,Loyal Customer,37,Business Travel,Eco Plus,363,5,5,5,5,5,5,5,5,4,4,2,3,5,4.46,0,0,TRUE
Female,Loyal Customer,45,Personal Travel,Eco,197,1,5,1,1,5,2,1,5,5,1,5,2,4,2.92,0,0,FALSE
Female,Loyal Customer,46,Business Travel,Business,3261,4,4,4,4,4,4,4,4,4,4,5,4,5,4.15,0,0,TRUE
Male,Disloyal Customer,45,Business Travel,Business,1013,5,0,0,3,2,5,2,2,3,3,4,3,2,2.62,0,0,TRUE
Female,Loyal Customer,53,Business Travel,Business,1815,5,5,5,5,3,5,5,2,2,2,2,5,4,3.85,10,0,TRUE
Female,Loyal Customer,53,Business Travel,Business,1654,5,5,5,5,4,4,5,5,5,5,5,5,3,4.69,0,0,TRUE
Female,Loyal Customer,69,Personal Travel,Eco,1012,1,3,1,4,2,4,3,2,2,1,2,1,4,2.31,36,22,FALSE
Male,Loyal Customer,56,Personal Travel,Eco,383,0,4,0,3,5,0,5,5,5,4,4,4,5,3.38,0,0,TRUE
Female,Disloyal Customer,30,Business Travel,Eco,190,2,1,2,4,4,2,4,4,1,4,4,2,4,2.92,0,0,FALSE
Male,Loyal Customer,11,Personal Travel,Business,157,1,4,0,4,2,0,1,2,5,2,4,3,2,2.31,72,73,FALSE
Male,Loyal Customer,39,Business Travel,Eco Plus,533,5,1,1,1,5,5,5,5,4,1,4,3,5,3.46,39,41,TRUE
Male,Loyal Customer,54,Business Travel,Business,304,2,2,2,2,2,5,5,5,5,5,5,5,5,3.85,15,0,TRUE
Female,Loyal Customer,43,Business Travel,Business,1635,3,3,3,3,2,4,5,4,4,4,4,5,4,3.69,31,32,TRUE
Female,Loyal Customer,59,Business Travel,Business,3133,1,5,5,5,4,4,4,1,1,1,1,1,3,2.77,14,9,FALSE
Female,Loyal Customer,34,Personal Travel,Eco,859,3,5,3,5,5,3,5,5,3,3,5,5,5,4.23,0,0,FALSE
Female,Loyal Customer,28,Personal Travel,Eco,994,4,4,4,2,2,4,2,2,5,5,5,4,2,3.46,55,42,FALSE
Female,Disloyal Customer,23,Business Travel,Eco,302,4,4,4,1,4,4,4,4,3,5,1,5,4,3.62,87,81,FALSE
Male,Loyal Customer,32,Business Travel,Business,2682,5,5,5,5,5,5,5,5,3,5,4,4,5,4.69,0,0,TRUE
Female,Loyal Customer,46,Personal Travel,Eco,677,2,5,3,4,4,4,3,5,5,3,5,3,3,3.77,0,0,FALSE
Female,Disloyal Customer,24,Business Travel,Eco,1076,4,5,5,3,3,5,3,3,3,3,5,5,3,3.85,0,0,FALSE
Male,Disloyal Customer,21,Business Travel,Eco,1111,2,2,2,4,2,2,2,2,1,3,4,1,2,2.23,0,0,FALSE
Male,Loyal Customer,50,Business Travel,Eco,216,5,2,2,2,5,5,5,5,3,2,3,4,5,3.69,0,0,TRUE
Female,Loyal Customer,47,Business Travel,Business,3524,2,2,2,2,3,2,2,3,5,4,3,2,2,2.62,175,160,FALSE
Male,Disloyal Customer,21,Business Travel,Eco,314,3,1,3,4,3,3,3,3,1,2,4,3,3,2.77,0,0,FALSE
Female,Disloyal Customer,66,Business Travel,Business,1123,2,2,2,3,2,2,2,2,3,2,2,2,2,2.15,89,60,FALSE
Female,Loyal Customer,29,Business Travel,Business,978,1,3,3,3,1,1,1,1,4,3,2,4,1,2.15,0,0,FALSE
Male,Loyal Customer,33,Personal Travel,Business,213,4,1,4,5,4,4,4,4,5,3,4,3,4,3.77,10,15,TRUE
Male,Loyal Customer,51,Business Travel,Business,312,0,0,0,2,2,5,4,1,1,1,1,3,3,1.77,0,0,TRUE
Female,Disloyal Customer,32,Business Travel,Business,957,2,2,2,1,1,2,1,1,4,2,4,5,1,2.15,76,83,FALSE
Female,Loyal Customer,41,Business Travel,Eco,313,5,4,4,4,5,5,5,5,2,1,2,4,5,3.92,0,0,TRUE
Male,Loyal Customer,40,Business Travel,Business,3954,3,3,3,3,2,2,2,4,4,4,4,1,3,2.92,0,7,TRUE
Male,Disloyal Customer,24,Business Travel,Business,236,4,0,4,1,1,4,1,1,3,5,5,5,1,2.69,0,0,TRUE
Male,Loyal Customer,49,Business Travel,Business,2906,0,0,0,3,2,4,4,4,4,4,4,5,4,2.92,0,0,TRUE
Male,Loyal Customer,22,Business Travel,Business,1440,2,2,2,2,2,2,2,2,4,2,5,3,2,2.46,8,0,TRUE
Female,Loyal Customer,58,Business Travel,Business,125,4,4,4,4,3,4,5,4,4,4,4,3,4,3.92,0,0,TRUE
Male,Disloyal Customer,25,Business Travel,Business,1182,4,4,4,2,4,5,5,5,3,5,4,5,5,4.23,155,150,TRUE
Female,Disloyal Customer,39,Business Travel,Business,482,2,2,2,4,1,2,1,1,4,2,5,3,1,2.31,11,7,FALSE
Male,Loyal Customer,50,Business Travel,Business,2224,2,2,2,2,3,3,3,4,4,5,3,4,4,3.15,0,0,TRUE
Male,Loyal Customer,32,Personal Travel,Eco,1184,1,5,1,2,1,1,1,1,3,2,3,5,1,2.08,0,0,FALSE
Male,Disloyal Customer,33,Business Travel,Eco,386,2,4,2,4,1,2,1,1,2,3,4,4,1,2.38,16,9,FALSE
Female,Disloyal Customer,18,Business Travel,Eco,1072,5,5,5,1,5,5,4,5,3,4,5,3,5,4.23,0,2,TRUE
Male,Disloyal Customer,40,Personal Travel,Eco,612,2,3,2,3,1,2,1,1,2,1,1,1,1,1.62,4,0,FALSE
Female,Loyal Customer,40,Business Travel,Eco,599,3,3,5,3,3,3,3,3,3,2,3,3,3,3.08,0,0,FALSE
Female,Loyal Customer,24,Personal Travel,Eco,1158,1,3,1,3,2,1,2,2,1,3,3,4,2,2.15,0,0,FALSE
Male,Disloyal Customer,18,Business Travel,Business,1440,0,2,1,1,4,1,4,4,5,2,4,3,4,2.69,11,3,TRUE
Male,Loyal Customer,52,Business Travel,Business,3528,4,4,2,4,4,5,5,4,4,4,4,5,4,4.08,0,0,TRUE
Female,Loyal Customer,61,Personal Travel,Business,679,3,4,3,3,3,4,5,2,2,3,2,1,2,2.85,0,0,FALSE
Female,Loyal Customer,20,Personal Travel,Eco Plus,1107,4,4,4,4,3,4,1,3,2,4,3,2,3,3.15,0,14,FALSE
Female,Disloyal Customer,37,Business Travel,Eco,495,2,0,2,1,5,2,5,5,4,5,1,2,5,3,0,0,FALSE
Male,Disloyal Customer,43,Business Travel,Business,984,2,2,2,2,2,2,2,2,4,5,5,5,2,2.85,10,0,FALSE
Male,Loyal Customer,26,Personal Travel,Eco,151,2,5,2,3,2,2,2,2,5,3,4,3,2,2.85,0,0,FALSE
Male,Loyal Customer,42,Business Travel,Business,1744,4,4,4,4,1,4,4,4,4,4,4,4,1,3.54,0,10,FALSE
Female,Loyal Customer,44,Personal Travel,Eco,122,1,5,1,1,4,5,2,2,2,1,2,3,2,2.38,0,0,FALSE
Female,Loyal Customer,61,Business Travel,Business,3355,0,5,0,2,1,1,5,3,3,3,3,2,4,2.46,7,0,TRUE
Male,Loyal Customer,58,Business Travel,Business,369,5,5,5,5,5,5,4,4,4,5,4,3,5,4.54,19,11,TRUE
Male,Disloyal Customer,59,Business Travel,Business,273,2,2,2,1,1,2,1,1,5,4,5,5,1,2.46,0,6,FALSE
Female,Loyal Customer,15,Personal Travel,Eco,711,3,5,3,4,2,3,2,2,1,1,3,4,2,2.69,0,2,FALSE
Female,Loyal Customer,39,Business Travel,Business,3701,4,5,5,5,3,2,2,4,4,4,4,4,1,3.62,42,41,FALSE
Female,Loyal Customer,51,Business Travel,Business,1773,5,5,5,5,3,5,4,4,4,4,4,4,4,4.31,0,0,TRUE
Female,Loyal Customer,47,Business Travel,Business,912,1,1,1,1,5,5,4,4,4,4,4,3,3,3.08,0,0,TRUE
Male,Disloyal Customer,15,Business Travel,Eco,838,1,1,1,5,1,1,1,1,2,5,2,3,1,1.92,0,0,FALSE
Male,Disloyal Customer,21,Business Travel,Business,248,4,4,3,4,5,3,5,5,5,3,5,5,5,4.31,65,61,TRUE
Male,Loyal Customer,68,Business Travel,Business,697,1,2,1,2,3,4,3,1,1,1,1,3,4,2.08,0,2,FALSE
Male,Loyal Customer,50,Business Travel,Business,1872,2,2,2,2,3,5,5,5,5,5,5,5,3,3.77,0,0,TRUE
Male,Loyal Customer,56,Business Travel,Business,2740,2,2,2,2,4,3,5,5,5,5,5,5,1,3.54,0,0,TRUE
Female,Loyal Customer,47,Business Travel,Business,337,4,2,2,2,2,3,4,4,4,3,4,4,4,3.23,0,0,FALSE
Male,Loyal Customer,21,Personal Travel,Eco,589,2,5,3,3,1,3,1,1,5,3,5,3,1,2.77,0,33,FALSE
Male,Disloyal Customer,23,Business Travel,Eco,349,1,4,1,2,1,1,4,1,3,2,4,5,1,2.31,7,0,FALSE
Female,Disloyal Customer,20,Business Travel,Eco,432,2,0,2,4,3,2,3,3,3,5,4,3,3,2.85,0,0,FALSE
Male,Loyal Customer,43,Business Travel,Eco,331,5,4,4,4,5,5,5,5,1,3,4,4,5,4.15,0,2,TRUE
Female,Loyal Customer,63,Business Travel,Business,3795,1,5,5,5,3,4,3,2,2,2,1,3,2,2.92,0,0,FALSE
Male,Loyal Customer,46,Business Travel,Business,366,2,2,2,2,2,5,5,4,4,4,4,3,3,3.23,0,4,TRUE
Female,Loyal Customer,20,Business Travel,Business,1929,4,4,3,4,3,4,3,3,4,5,5,5,3,3.85,0,0,TRUE
Male,Loyal Customer,55,Business Travel,Business,3768,3,3,5,3,4,4,4,4,4,4,4,4,3,3.77,18,2,TRUE
Female,Loyal Customer,62,Business Travel,Business,431,3,2,2,2,4,4,3,3,3,3,3,4,2,2.92,0,16,FALSE
Male,Loyal Customer,39,Personal Travel,Eco,258,2,3,2,1,4,2,4,4,2,5,2,2,4,2.85,0,0,FALSE
Female,Loyal Customer,59,Personal Travel,Eco,580,2,4,2,3,5,5,4,3,3,2,3,4,3,3.31,3,0,FALSE
Female,Loyal Customer,43,Business Travel,Eco,680,1,3,3,3,4,2,3,1,1,1,1,4,4,2.38,0,13,FALSE
Female,Loyal Customer,41,Business Travel,Business,308,1,5,5,5,4,2,3,1,1,1,1,3,3,2.69,0,0,FALSE
Male,Loyal Customer,56,Personal Travel,Eco,184,3,5,3,4,3,3,3,3,5,4,1,2,3,3.23,0,0,FALSE
Female,Loyal Customer,29,Personal Travel,Eco,1874,3,4,3,5,2,3,2,2,1,3,5,1,2,2.77,6,0,FALSE
Female,Disloyal Customer,48,Business Travel,Business,622,5,4,4,2,5,5,2,5,4,3,5,3,5,4,0,0,TRUE
Female,Loyal Customer,56,Business Travel,Business,1865,2,2,2,2,2,5,4,5,5,5,5,3,5,3.62,87,85,TRUE
Female,Loyal Customer,52,Business Travel,Business,1635,2,2,2,2,5,5,5,5,5,5,5,4,5,4,45,50,TRUE
Male,Disloyal Customer,47,Business Travel,Business,479,1,1,1,4,1,1,1,1,5,4,4,5,1,2.31,0,0,FALSE
Male,Loyal Customer,23,Business Travel,Business,199,4,5,5,5,3,3,4,3,2,5,3,4,3,3.77,32,32,FALSE
Male,Disloyal Customer,30,Business Travel,Eco,866,1,1,1,1,1,1,1,1,5,4,2,3,1,1.77,0,0,FALSE
Female,Loyal Customer,65,Personal Travel,Business,643,3,5,2,3,5,4,4,3,3,2,3,5,4,3.54,81,90,FALSE
Female,Loyal Customer,8,Personal Travel,Eco,438,2,4,2,1,2,5,5,4,3,5,5,5,5,3.69,328,404,FALSE
Male,Loyal Customer,41,Business Travel,Business,3940,5,5,5,5,3,5,4,5,5,5,5,4,5,4.69,0,0,TRUE
Male,Disloyal Customer,21,Business Travel,Business,235,4,0,4,5,3,4,2,3,4,5,4,3,3,3.38,2,0,TRUE
Female,Loyal Customer,26,Personal Travel,Eco,786,2,4,2,2,1,2,1,1,5,3,4,4,1,2.46,0,0,FALSE
Female,Loyal Customer,27,Personal Travel,Eco,1947,4,2,4,1,1,4,1,1,1,4,1,4,1,2.23,3,0,FALSE
Male,Loyal Customer,55,Business Travel,Business,460,3,3,3,3,3,5,5,5,5,5,5,5,3,4.08,21,21,TRUE
Female,Loyal Customer,45,Business Travel,Eco Plus,944,2,4,4,4,3,3,3,2,2,2,2,1,3,2.69,1,7,FALSE
Female,Loyal Customer,49,Business Travel,Business,1873,1,1,1,1,3,4,5,4,4,4,4,3,5,3.08,4,0,TRUE
Female,Loyal Customer,39,Personal Travel,Eco,287,4,4,4,1,5,4,5,5,5,4,4,5,5,4.23,46,81,FALSE
Male,Loyal Customer,43,Business Travel,Business,3610,4,4,4,4,3,5,4,3,3,3,3,3,5,3.69,0,1,TRUE
Male,Loyal Customer,41,Business Travel,Business,2189,4,2,4,4,5,4,5,4,4,5,4,5,3,4.08,4,28,TRUE
Female,Loyal Customer,31,Business Travel,Business,2068,3,4,4,4,3,3,3,3,4,4,3,1,3,3.23,19,12,FALSE
Female,Loyal Customer,52,Business Travel,Business,2427,3,3,3,3,3,5,5,4,4,5,4,3,5,3.85,0,0,TRUE
Female,Loyal Customer,24,Business Travel,Business,862,1,3,3,3,2,1,1,4,1,3,4,1,1,2.15,129,140,FALSE
Female,Loyal Customer,17,Personal Travel,Business,804,1,1,1,4,5,1,5,5,1,1,3,2,5,2.69,27,19,FALSE
Female,Loyal Customer,69,Business Travel,Eco,432,4,3,3,3,3,2,3,4,4,4,4,4,4,3.46,21,27,FALSE
Male,Loyal Customer,35,Personal Travel,Eco,566,1,3,1,4,5,1,5,5,3,1,3,4,5,3.15,0,0,FALSE
Female,Loyal Customer,34,Business Travel,Eco,1721,4,1,1,1,4,4,4,4,2,1,2,4,4,2.77,0,0,FALSE
Female,Loyal Customer,46,Business Travel,Business,3536,3,3,3,3,4,5,5,4,4,4,4,3,5,3.85,0,0,TRUE
Male,Loyal Customer,52,Business Travel,Eco,358,5,3,3,3,5,5,5,5,5,4,1,5,5,4.15,0,0,TRUE
Female,Loyal Customer,53,Business Travel,Business,2759,3,3,3,3,2,5,5,5,5,5,5,4,5,4.08,0,0,TRUE
Male,Loyal Customer,50,Personal Travel,Eco,912,2,5,2,2,5,2,5,5,3,1,1,3,5,3.15,2,0,FALSE
Male,Disloyal Customer,24,Business Travel,Eco,1201,5,5,5,3,1,5,2,1,2,3,3,5,1,3.15,0,0,TRUE
Male,Loyal Customer,43,Business Travel,Business,2493,2,4,4,4,1,4,4,2,2,2,2,3,4,2.92,70,72,FALSE
Female,Disloyal Customer,49,Business Travel,Eco,1105,4,4,4,3,5,4,1,5,4,3,3,4,5,3.77,0,0,FALSE
Female,Loyal Customer,28,Personal Travel,Eco,96,2,5,0,2,1,0,1,1,3,5,4,5,1,2.31,0,0,FALSE
Female,Disloyal Customer,27,Business Travel,Eco,1250,3,3,3,4,5,3,5,5,2,3,4,2,5,3.62,42,70,FALSE
Female,Loyal Customer,47,Business Travel,Business,163,2,2,2,2,3,5,2,5,5,5,4,2,5,3.38,18,16,TRUE
Female,Loyal Customer,59,Business Travel,Eco,432,5,1,5,1,5,1,1,5,5,5,5,5,2,3.54,0,0,TRUE
Male,Loyal Customer,51,Personal Travel,Eco,405,3,3,3,3,4,3,4,4,5,5,2,1,4,3.38,0,0,FALSE
Female,Loyal Customer,33,Business Travel,Business,2471,4,4,4,4,3,5,5,5,5,5,5,4,5,4.46,0,0,TRUE
Female,Loyal Customer,18,Personal Travel,Eco Plus,1154,2,4,3,3,1,3,1,1,4,3,5,4,1,2.69,18,41,FALSE
Male,Loyal Customer,39,Business Travel,Business,1781,5,5,5,5,3,1,4,3,3,3,3,4,2,3.54,0,0,TRUE
Female,Loyal Customer,32,Business Travel,Eco Plus,460,3,3,3,3,3,3,3,3,2,2,4,1,3,2.77,0,0,FALSE
Male,Loyal Customer,9,Business Travel,Business,618,3,4,3,4,3,3,3,3,1,2,4,4,3,3.08,27,50,FALSE
Male,Loyal Customer,47,Business Travel,Business,377,4,4,4,4,4,4,5,5,5,5,5,4,5,4.46,4,0,TRUE
Female,Loyal Customer,30,Business Travel,Business,3481,4,4,4,4,4,4,4,4,3,2,4,2,4,3.62,0,0,FALSE
Female,Loyal Customer,21,Personal Travel,Eco,1119,1,3,0,4,4,0,4,4,2,5,3,2,4,2.77,0,2,FALSE
Male,Loyal Customer,33,Business Travel,Business,3781,5,5,2,5,4,4,4,4,3,4,5,3,4,4,12,0,TRUE
Female,Loyal Customer,23,Personal Travel,Eco,508,5,5,5,2,2,5,2,2,4,2,4,4,2,3.38,0,0,TRUE
Male,Disloyal Customer,25,Business Travel,Eco,977,3,3,3,4,3,3,3,3,4,2,5,3,3,3.23,0,0,FALSE
Female,Loyal Customer,36,Business Travel,Business,2572,4,4,4,4,2,4,5,5,5,5,5,3,4,4.15,15,11,TRUE
Male,Loyal Customer,44,Business Travel,Eco,284,5,5,5,5,5,5,5,5,4,4,1,4,5,4.46,0,11,TRUE
Female,Loyal Customer,10,Personal Travel,Eco,1121,2,5,1,4,2,1,2,2,3,5,3,4,2,2.77,104,90,FALSE
Female,Loyal Customer,31,Business Travel,Business,163,1,1,1,1,5,5,4,5,2,2,2,5,5,3,0,0,TRUE
Female,Loyal Customer,15,Personal Travel,Eco,129,3,5,3,2,2,3,3,2,4,3,4,3,2,3,0,7,FALSE
Female,Loyal Customer,29,Business Travel,Business,2206,2,2,2,2,4,4,4,4,3,5,4,5,4,3.46,0,8,TRUE
Male,Loyal Customer,49,Business Travel,Business,1514,2,2,2,2,1,3,4,2,2,2,2,3,3,2.31,0,7,FALSE
Male,Loyal Customer,51,Personal Travel,Eco Plus,299,2,4,2,3,2,2,2,2,3,5,4,5,2,2.92,0,0,FALSE
Female,Loyal Customer,66,Personal Travel,Eco,479,4,1,4,4,5,4,4,4,4,4,4,3,3,3.69,6,,TRUE
Female,Loyal Customer,56,Business Travel,Business,134,5,5,5,5,5,4,4,5,5,5,4,5,4,4.69,0,2,TRUE
Female,Loyal Customer,17,Business Travel,Business,954,1,3,3,3,1,1,1,4,2,4,4,1,1,2.23,136,155,FALSE
Female,Loyal Customer,68,Personal Travel,Eco,523,3,5,3,2,2,3,5,2,2,3,3,5,5,3.31,10,0,FALSE
Female,Loyal Customer,27,Personal Travel,Eco,259,1,5,0,3,3,0,3,3,2,2,1,5,3,2.38,2,0,FALSE
Female,Loyal Customer,59,Business Travel,Business,1524,3,5,5,5,5,4,4,3,3,3,3,1,1,3.46,0,0,FALSE
Male,Disloyal Customer,23,Business Travel,Eco,448,4,4,4,4,3,4,3,3,5,1,4,4,3,3.54,1,0,TRUE
Female,Loyal Customer,61,Business Travel,Eco,216,5,2,2,2,2,1,2,5,5,5,5,2,1,3,0,0,TRUE
Male,Loyal Customer,50,Business Travel,Business,337,4,4,4,4,3,5,4,5,5,5,5,5,4,4.38,3,8,TRUE
Female,Loyal Customer,70,Personal Travel,Eco,102,2,3,2,1,1,2,1,5,5,2,5,2,5,2.77,0,0,FALSE
Female,Loyal Customer,31,Business Travel,Business,3765,3,3,3,3,4,4,4,4,4,3,5,3,4,3.62,0,0,TRUE
Male,Loyal Customer,43,Business Travel,Business,1849,1,1,1,1,2,4,4,4,4,4,4,3,3,2.77,3,2,TRUE
Male,Loyal Customer,63,Personal Travel,Eco,957,4,4,4,4,3,4,3,3,4,4,5,5,3,3.85,0,24,FALSE
Male,Loyal Customer,61,Personal Travel,Eco,674,1,4,1,1,3,1,3,3,5,3,4,5,3,2.85,12,0,FALSE
Male,Loyal Customer,25,Personal Travel,Eco Plus,347,1,4,2,3,5,2,5,5,4,4,5,3,5,3.69,62,57,FALSE
Male,Loyal Customer,44,Business Travel,Business,1587,1,1,1,1,3,5,4,4,4,5,4,4,4,3.15,5,1,TRUE
Female,Disloyal Customer,32,Business Travel,Business,405,2,2,2,5,4,2,4,4,3,3,5,3,4,3.31,0,0,FALSE
Female,Loyal Customer,43,Personal Travel,Eco,1660,4,5,4,2,2,3,1,2,2,4,2,3,5,3,7,11,FALSE
Female,Loyal Customer,55,Personal Travel,Eco,1372,3,5,3,2,3,3,3,3,5,5,5,3,3,3.54,127,136,FALSE
Male,Loyal Customer,45,Business Travel,Eco,1195,1,2,2,2,1,1,1,1,1,1,3,2,1,1.46,0,10,FALSE
Female,Disloyal Customer,46,Business Travel,Business,868,3,3,3,2,2,3,2,2,4,3,4,3,2,2.77,0,0,FALSE
Female,Loyal Customer,22,Business Travel,Business,3361,2,4,4,4,2,2,2,2,4,1,4,4,2,2.85,51,59,FALSE
Female,Disloyal Customer,20,Business Travel,Eco,502,1,0,1,3,2,1,2,2,5,4,4,5,2,2.46,1,0,FALSE
Female,Loyal Customer,26,Personal Travel,Eco,447,1,4,5,4,4,5,4,4,5,4,5,5,4,4.15,18,14,FALSE
Male,Loyal Customer,63,Business Travel,Eco,255,3,1,2,2,3,3,3,3,3,5,4,1,3,2.77,14,7,FALSE
Male,Loyal Customer,53,Business Travel,Eco,1325,4,2,2,2,4,4,4,4,2,5,2,1,4,3.08,0,0,TRUE
Female,Loyal Customer,22,Business Travel,Business,1726,2,2,2,2,4,4,4,4,5,2,4,4,4,3.31,0,0,TRUE
Male,Loyal Customer,63,Business Travel,Eco,293,4,5,2,5,4,4,4,4,4,3,4,1,4,3.69,0,0,FALSE
Male,Loyal Customer,46,Business Travel,Business,1689,3,3,3,3,4,5,5,4,4,4,4,4,5,3.92,37,32,TRUE
Female,Loyal Customer,51,Business Travel,Business,337,0,0,0,3,3,4,4,4,4,5,5,5,3,3.08,0,0,TRUE
Male,Loyal Customer,9,Personal Travel,Business,2300,5,4,5,4,2,5,4,2,3,5,3,3,2,3.62,0,0,TRUE
Male,Loyal Customer,13,Personal Travel,Business,500,1,3,1,3,4,1,4,4,3,3,3,1,4,2.69,0,0,FALSE
Female,Disloyal Customer,26,Business Travel,Business,888,4,4,4,4,5,4,5,5,3,3,4,5,5,4.23,40,56,TRUE
Male,Loyal Customer,33,Personal Travel,Eco,936,3,5,4,4,3,4,3,3,4,1,5,4,3,3.54,52,30,FALSE
Female,Loyal Customer,17,Personal Travel,Eco,419,1,4,1,4,5,1,5,5,4,3,4,2,5,3.38,0,0,FALSE
Female,Loyal Customer,60,Personal Travel,Eco,965,5,5,5,3,3,4,5,1,1,5,1,3,3,3.38,0,0,TRUE
Female,Loyal Customer,27,Business Travel,Eco Plus,696,4,4,4,4,4,4,4,4,3,5,1,4,4,3.77,0,0,TRUE
Female,Disloyal Customer,33,Business Travel,Business,362,1,2,2,5,1,2,1,1,4,5,4,5,1,2.62,13,8,FALSE
Female,Loyal Customer,59,Personal Travel,Eco,296,5,4,5,3,2,4,4,3,3,5,3,4,3,3.69,0,0,TRUE
Male,Loyal Customer,47,Business Travel,Business,1992,1,1,1,1,5,5,4,2,2,2,2,4,3,2.54,42,31,TRUE
Male,Loyal Customer,37,Personal Travel,Eco,1607,3,2,3,3,4,3,4,4,4,2,3,1,4,3.08,12,19,FALSE
Female,Loyal Customer,24,Business Travel,Eco,272,0,5,0,5,2,5,2,2,4,4,4,1,2,2.77,0,0,TRUE
Male,Loyal Customer,8,Personal Travel,Eco,516,1,5,1,1,1,1,1,1,4,4,5,5,1,2.38,0,0,FALSE
Male,Loyal Customer,46,Business Travel,Business,2871,3,4,1,4,2,4,3,3,3,3,3,2,2,2.85,9,0,FALSE
Female,Disloyal Customer,37,Business Travel,Business,89,4,4,4,3,3,4,3,3,5,5,4,3,3,3.69,0,0,FALSE
Female,Loyal Customer,44,Business Travel,Business,921,2,2,2,2,3,5,5,3,3,4,3,5,5,3.38,1,0,TRUE
Male,Loyal Customer,66,Personal Travel,Eco,328,3,1,3,3,2,3,2,2,4,3,4,3,2,2.69,11,20,FALSE
Male,Disloyal Customer,28,Business Travel,Business,1072,4,4,4,3,4,4,4,4,5,3,5,4,4,4,0,0,TRUE
Female,Disloyal Customer,41,Business Travel,Business,304,2,3,3,4,4,2,4,4,2,1,3,3,4,3,0,0,FALSE
Female,Loyal Customer,54,Personal Travel,Eco,214,2,1,2,3,4,3,3,1,1,2,1,3,4,2.31,52,46,FALSE
Female,Loyal Customer,39,Business Travel,Business,2139,1,1,5,1,4,5,5,3,3,3,3,5,3,3.23,0,0,TRUE
Male,Loyal Customer,53,Business Travel,Business,2233,1,1,1,1,3,4,5,5,5,5,5,5,4,3.46,39,35,TRUE
Male,Loyal Customer,39,Business Travel,Business,2185,3,1,1,1,2,3,4,3,3,3,3,2,2,2.38,2,6,FALSE
Female,Loyal Customer,23,Personal Travel,Eco Plus,616,2,5,2,4,2,2,2,2,5,5,4,3,2,3.08,0,0,FALSE
Male,Loyal Customer,43,Personal Travel,Eco,363,1,5,1,5,2,1,2,2,5,3,4,3,2,2.77,0,0,FALSE
Male,Loyal Customer,33,Business Travel,Business,965,5,4,5,5,4,4,4,4,5,2,5,4,4,4.23,5,15,TRUE
Female,Loyal Customer,53,Business Travel,Business,2478,4,4,4,4,5,5,5,3,3,2,3,5,3,3.85,44,55,TRUE
Male,Loyal Customer,41,Business Travel,Business,581,4,4,4,4,3,4,4,5,5,5,5,3,5,4.23,0,0,TRUE
Male,Loyal Customer,35,Personal Travel,Eco,347,2,4,2,3,1,2,1,1,3,2,4,5,1,2.38,18,19,FALSE
Male,Loyal Customer,42,Business Travel,Business,3478,0,1,1,2,5,4,4,5,5,5,5,3,3,3.31,55,56,TRUE
Male,Loyal Customer,24,Personal Travel,Eco,100,3,5,3,3,5,3,5,5,5,4,5,3,5,4.15,0,0,FALSE
Male,Loyal Customer,57,Business Travel,Business,366,1,1,1,1,2,4,5,4,4,4,4,3,3,2.85,0,0,TRUE
Female,Disloyal Customer,40,Business Travel,Business,1590,5,0,0,1,0,3,3,3,5,4,4,3,3,2.62,150,134,TRUE
Male,Loyal Customer,65,Personal Travel,Business,1400,3,4,2,3,2,1,2,1,1,2,1,4,2,2.15,41,27,FALSE
Male,Loyal Customer,41,Personal Travel,Eco,502,2,5,2,3,3,2,3,3,4,5,5,4,3,3.38,34,14,FALSE
Female,Disloyal Customer,22,Business Travel,Eco,546,0,4,0,4,5,0,5,5,4,3,4,4,5,3.31,0,0,TRUE
Male,Loyal Customer,48,Business Travel,Business,2176,2,4,2,2,2,4,4,5,5,5,5,4,4,3.69,65,54,TRUE
Female,Loyal Customer,45,Personal Travel,Eco,444,3,4,5,2,5,4,4,5,4,5,4,4,4,4.08,212,213,FALSE
Male,Loyal Customer,44,Business Travel,Business,3887,5,5,5,5,3,5,4,4,4,4,4,3,3,4.15,43,21,TRUE
Female,Loyal Customer,48,Business Travel,Eco,214,2,5,5,5,1,3,3,2,2,2,2,3,2,2.85,33,26,FALSE
Male,Loyal Customer,17,Personal Travel,Eco,455,1,5,1,4,1,1,1,1,3,4,5,5,1,2.54,0,5,FALSE
Female,Loyal Customer,50,Business Travel,Business,1822,1,1,1,1,4,4,4,5,5,4,5,5,4,3.38,7,3,TRUE
Female,Loyal Customer,35,Personal Travel,Eco,445,4,4,4,4,1,4,4,1,3,4,5,3,1,3.23,0,0,TRUE
Male,Loyal Customer,49,Business Travel,Business,888,4,4,4,4,2,4,5,5,5,5,5,3,5,4.23,14,8,TRUE
Female,Disloyal Customer,42,Business Travel,Business,407,4,4,4,3,3,4,3,3,4,2,4,4,3,3.46,6,0,FALSE
Male,Loyal Customer,57,Business Travel,Business,971,4,4,4,4,4,4,5,3,3,4,3,4,3,3.77,8,0,TRUE
Male,Loyal Customer,12,Personal Travel,Eco,308,4,5,5,2,5,5,5,5,5,5,4,3,5,4.46,0,0,TRUE
Male,Loyal Customer,36,Personal Travel,Eco,361,1,5,4,3,2,4,2,2,4,2,5,4,2,3.08,0,3,FALSE
Male,Loyal Customer,26,Personal Travel,Business,2065,3,5,3,5,1,3,1,1,5,5,5,5,1,3.31,0,0,FALSE
Female,Loyal Customer,40,Business Travel,Business,3276,0,4,0,2,5,4,4,4,4,4,2,4,3,3.08,3,1,TRUE
Female,Loyal Customer,51,Business Travel,Business,3058,3,3,3,3,2,4,2,4,4,4,4,3,5,3.38,0,0,TRUE
Male,Loyal Customer,56,Personal Travel,Eco,488,4,0,4,5,4,4,4,4,3,4,5,5,4,3.85,0,0,TRUE
Female,Loyal Customer,32,Business Travel,Business,919,4,4,4,4,5,5,5,5,3,4,4,4,5,4.31,0,0,TRUE
Male,Loyal Customer,40,Business Travel,Eco,632,4,2,3,2,4,4,4,4,5,4,1,3,4,3.38,0,7,TRUE
Male,Loyal Customer,44,Business Travel,Business,631,5,5,5,5,2,5,4,5,5,5,5,4,5,4.62,0,3,TRUE
Female,Loyal Customer,53,Business Travel,Business,2753,3,3,3,3,3,5,4,4,4,4,4,5,4,3.77,38,50,TRUE
Female,Loyal Customer,44,Business Travel,Business,926,3,3,3,3,2,4,5,5,5,5,5,4,3,3.85,8,4,TRUE
Female,Loyal Customer,42,Business Travel,Business,2055,3,3,3,3,5,5,4,4,4,4,4,5,4,3.92,0,1,TRUE
Male,Loyal Customer,49,Business Travel,Business,544,5,5,2,5,2,4,5,4,4,5,4,3,3,3.92,0,0,TRUE
Female,Disloyal Customer,22,Business Travel,Eco,554,4,4,4,4,5,4,5,5,5,4,5,4,5,4.46,0,0,TRUE
Male,Loyal Customer,58,Business Travel,Business,3306,0,0,0,2,2,5,5,4,4,4,4,3,3,2.77,0,0,TRUE
Female,Loyal Customer,34,Business Travel,Business,3676,2,1,1,1,3,4,3,2,2,2,2,3,1,2.08,5,0,FALSE
Female,Loyal Customer,40,Business Travel,Business,868,1,1,1,1,3,5,4,4,4,4,4,5,3,3.08,2,4,TRUE
Female,Loyal Customer,46,Business Travel,Eco,1735,4,4,4,4,3,1,3,4,4,4,4,4,3,3.54,0,0,FALSE
Female,Loyal Customer,44,Business Travel,Eco,516,1,5,5,5,4,3,4,2,2,1,2,4,1,3,0,26,FALSE
Female,Loyal Customer,48,Business Travel,Business,2258,3,3,3,3,4,1,2,5,5,5,5,5,5,3.77,0,0,TRUE
Female,Disloyal Customer,35,Business Travel,Business,304,1,0,0,2,1,0,1,1,3,3,5,3,1,1.62,0,18,FALSE
Female,Loyal Customer,45,Business Travel,Business,3312,3,3,3,3,4,5,4,5,5,5,5,4,5,4.15,28,34,TRUE
Female,Loyal Customer,39,Business Travel,Eco,170,4,2,2,2,4,4,4,4,4,3,4,3,4,3.38,0,0,TRUE
Male,Loyal Customer,57,Business Travel,Business,2238,4,4,4,4,4,5,5,5,5,5,5,3,3,4.31,2,1,TRUE
Male,Loyal Customer,31,Personal Travel,Eco,192,2,5,0,5,4,0,4,4,4,2,5,3,4,3.23,8,4,FALSE
Female,Loyal Customer,42,Personal Travel,Eco,850,2,5,2,5,4,4,5,3,3,2,3,3,4,3.46,1,0,FALSE
Female,Loyal Customer,51,Business Travel,Business,1598,4,4,4,4,2,5,5,3,3,4,3,5,3,3.77,0,0,TRUE
Male,Loyal Customer,37,Business Travel,Eco,102,5,1,1,1,5,5,5,5,3,3,1,1,5,3.15,0,0,TRUE
Female,Loyal Customer,66,Personal Travel,Eco,547,3,5,3,2,5,5,5,5,5,3,5,3,5,4.15,37,40,FALSE
Female,Loyal Customer,58,Business Travel,Business,3273,2,2,2,2,5,5,4,5,5,5,5,5,5,4,0,0,TRUE
Female,Disloyal Customer,46,Business Travel,Business,1276,4,4,4,1,4,1,1,5,4,4,5,1,1,3,348,329,TRUE
Female,Loyal Customer,67,Personal Travel,Eco Plus,338,3,5,3,3,3,5,5,4,4,3,4,3,4,3.77,42,54,FALSE
Female,Loyal Customer,36,Business Travel,Eco,261,4,3,3,3,4,4,4,4,2,3,5,1,4,3.38,0,2,TRUE
Male,Loyal Customer,56,Business Travel,Business,1426,4,4,4,4,2,4,5,4,4,3,4,4,3,3.77,0,11,TRUE
Male,Loyal Customer,21,Business Travel,Business,2688,2,2,2,2,2,2,2,2,5,4,1,2,2,2.31,0,11,TRUE
Male,Loyal Customer,47,Business Travel,Business,1276,4,4,4,4,3,5,4,5,5,5,5,3,3,4.15,0,0,TRUE
Male,Loyal Customer,55,Business Travel,Eco,109,5,1,1,1,5,5,5,5,4,4,4,3,5,3.69,8,14,TRUE
Female,Loyal Customer,56,Business Travel,Business,2692,4,5,5,5,2,4,3,3,3,3,4,4,1,3.54,0,0,FALSE
Male,Loyal Customer,38,Business Travel,Business,368,4,4,4,4,3,5,5,4,4,4,4,5,4,4.15,12,1,TRUE
Male,Disloyal Customer,74,Business Travel,Eco,449,4,0,4,3,3,4,3,3,2,1,4,1,3,2.69,2,68,FALSE
Female,Loyal Customer,27,Business Travel,Eco,1546,1,4,4,4,1,1,1,1,3,1,4,3,1,2.23,6,14,FALSE
Male,Disloyal Customer,22,Business Travel,Eco,408,1,0,1,2,4,1,3,4,4,4,4,3,4,2.69,0,0,FALSE
Female,Loyal Customer,55,Business Travel,Business,3390,2,4,4,4,5,4,3,2,2,2,2,3,2,3,0,4,FALSE
Male,Loyal Customer,63,Business Travel,Business,472,4,4,4,4,4,3,5,4,4,4,4,3,3,3.85,0,0,TRUE
Female,Loyal Customer,48,Business Travel,Business,523,4,4,4,4,2,5,4,2,2,2,2,4,3,3.23,0,31,TRUE
Female,Loyal Customer,67,Personal Travel,Eco,129,4,5,4,3,3,5,3,4,4,4,3,1,3,3.54,0,0,FALSE
Male,Loyal Customer,64,Personal Travel,Eco,1306,3,5,4,2,3,4,3,3,4,5,5,3,3,3.62,68,47,FALSE
Female,Disloyal Customer,27,Business Travel,Eco,1162,2,2,2,3,4,2,4,4,2,3,3,1,4,2.77,43,22,FALSE
Male,Disloyal Customer,27,Business Travel,Business,991,2,2,2,5,3,2,3,3,4,5,5,3,3,3.23,1,0,FALSE
Female,Loyal Customer,20,Business Travel,Business,630,3,1,1,1,3,3,3,3,2,4,4,2,3,2.54,11,3,FALSE
Female,Disloyal Customer,9,Business Travel,Eco,867,2,2,2,4,1,2,1,1,1,2,4,2,1,1.92,9,4,FALSE
Female,Loyal Customer,49,Business Travel,Eco,1237,5,2,2,2,4,5,4,5,5,5,5,3,2,3.77,0,0,TRUE
Male,Loyal Customer,52,Business Travel,Business,2434,4,4,4,4,4,4,4,4,4,4,4,4,4,4,7,0,TRUE
Female,Loyal Customer,43,Business Travel,Eco,2586,2,5,5,5,5,3,3,2,2,2,2,4,1,3.15,0,21,FALSE
Male,Disloyal Customer,23,Business Travel,Eco,355,1,5,1,1,2,1,2,2,4,5,5,3,2,2.62,0,0,FALSE
Male,Disloyal Customer,23,Business Travel,Eco,416,0,1,0,2,3,0,3,3,1,2,2,4,3,1.85,0,0,TRUE
Male,Disloyal Customer,41,Business Travel,Business,325,5,5,5,3,4,5,4,4,4,4,4,5,4,4.31,0,11,TRUE
Male,Loyal Customer,18,Personal Travel,Eco,782,2,4,2,4,3,2,3,3,4,3,5,3,3,3.15,7,0,FALSE
Female,Loyal Customer,59,Business Travel,Eco,551,3,1,1,1,5,4,3,3,3,3,3,1,4,2.69,52,41,FALSE
Male,Loyal Customer,37,Business Travel,Business,2400,5,5,5,5,4,4,4,5,4,4,5,4,4,4.46,0,0,TRUE
Male,Loyal Customer,39,Business Travel,Business,204,1,1,1,1,3,5,5,4,4,4,5,4,4,3.23,9,2,TRUE
Male,Loyal Customer,30,Business Travel,Eco,993,4,4,4,4,4,4,4,4,4,3,3,4,4,3.85,0,0,FALSE
Male,Loyal Customer,65,Personal Travel,Eco,749,1,4,0,5,2,0,2,2,4,2,4,5,2,2.54,1,0,FALSE
Male,Loyal Customer,68,Personal Travel,Eco,409,1,2,1,3,3,1,3,3,4,2,4,1,3,2.38,0,0,FALSE
Female,Disloyal Customer,30,Business Travel,Eco,546,1,3,1,3,1,1,1,1,1,5,3,4,1,2,2,6,FALSE
Male,Disloyal Customer,24,Business Travel,Eco,692,2,2,2,3,4,2,4,4,4,2,3,2,4,2.92,0,0,FALSE
Male,Loyal Customer,17,Business Travel,Business,1939,1,1,1,1,4,4,4,4,3,4,5,4,4,3.08,43,52,TRUE
Female,Loyal Customer,56,Business Travel,Eco,109,5,1,1,1,5,4,3,5,5,5,5,5,1,3.54,47,46,TRUE
Female,Loyal Customer,33,Business Travel,Eco Plus,601,5,1,4,4,5,5,5,5,4,2,1,1,5,3.62,0,0,TRUE
Male,Loyal Customer,37,Business Travel,Business,3034,1,1,1,1,5,4,5,5,5,5,5,3,4,3.46,127,129,TRUE
Male,Loyal Customer,52,Business Travel,Eco,277,4,5,5,5,4,4,4,4,4,4,4,3,4,4.15,68,42,FALSE
Female,Disloyal Customer,19,Business Travel,Business,1447,4,4,4,1,2,4,2,2,3,3,5,4,2,3.08,39,13,TRUE
Male,Loyal Customer,74,Business Travel,Business,1940,4,4,4,4,5,5,5,4,4,4,4,3,4,4.15,0,1,TRUE
Female,Loyal Customer,69,Personal Travel,Eco,611,3,5,3,3,2,3,2,5,5,3,5,4,1,3.38,2,11,FALSE
Male,Loyal Customer,55,Business Travel,Business,235,1,1,1,1,3,5,4,5,5,5,5,4,4,3.38,0,0,TRUE
Female,Loyal Customer,39,Business Travel,Eco,399,5,3,3,3,5,5,5,5,3,4,2,1,5,3.77,0,0,TRUE
Male,Loyal Customer,16,Business Travel,Eco Plus,175,5,4,4,4,5,5,5,5,4,1,2,1,5,3.85,0,0,TRUE
Female,Loyal Customer,49,Business Travel,Business,834,2,1,1,1,2,3,3,2,2,2,2,1,3,1.92,0,0,FALSE
Female,Loyal Customer,53,Personal Travel,Eco,187,4,4,0,3,3,4,4,4,4,0,4,3,4,3.15,6,3,FALSE
Female,Loyal Customer,41,Business Travel,Business,1516,2,2,2,2,3,4,5,5,5,5,5,3,5,3.69,0,0,TRUE
Female,Loyal Customer,59,Business Travel,Business,448,4,4,4,4,2,1,3,4,4,4,4,4,4,3.54,0,0,TRUE
Female,Disloyal Customer,36,Business Travel,Business,159,1,0,0,5,5,0,5,5,4,4,5,5,5,3.38,0,0,FALSE
Male,Loyal Customer,66,Personal Travel,Eco,2402,3,4,2,3,5,2,5,5,1,4,3,2,5,3.38,0,0,FALSE
Female,Loyal Customer,34,Business Travel,Business,2588,5,5,5,5,5,5,5,4,3,4,5,5,5,4.69,160,146,TRUE
Male,Loyal Customer,60,Business Travel,Business,237,5,5,5,5,2,2,4,5,5,5,5,5,4,4.38,27,24,TRUE
Female,Loyal Customer,34,Personal Travel,Eco,1068,4,5,4,4,5,4,5,5,5,2,5,4,5,4.38,0,9,FALSE
Female,Loyal Customer,55,Business Travel,Business,2669,1,1,1,1,4,5,5,4,4,4,4,3,5,3.23,0,0,TRUE
Male,Disloyal Customer,59,Business Travel,Eco,623,3,0,3,1,1,3,1,1,4,4,3,1,1,2,54,46,FALSE
Male,Loyal Customer,46,Personal Travel,Eco,588,5,5,5,2,1,5,1,1,5,4,5,5,1,3.46,10,0,TRUE
Female,Loyal Customer,54,Business Travel,Business,3325,5,5,5,5,4,5,5,5,5,5,5,4,5,4.85,0,0,TRUE
Male,Loyal Customer,25,Business Travel,Business,356,1,5,5,5,1,2,1,1,2,4,4,2,1,2.62,0,0,FALSE
Female,Loyal Customer,48,Personal Travel,Eco,561,2,4,2,2,2,5,4,1,1,2,1,4,4,2.62,17,3,FALSE
Male,Loyal Customer,65,Business Travel,Business,1379,1,4,4,4,3,2,3,1,1,1,1,2,4,2.38,14,17,FALSE
Female,Disloyal Customer,23,Business Travel,Eco Plus,728,2,1,3,3,3,5,5,3,2,4,4,5,5,3.46,133,127,FALSE
Male,Loyal Customer,70,Personal Travel,Eco,67,3,5,3,2,1,3,1,1,3,3,4,5,1,2.69,0,0,FALSE
Female,Loyal Customer,56,Business Travel,Business,170,0,4,0,4,2,1,2,4,4,5,5,4,4,3,0,5,TRUE
Male,Loyal Customer,47,Personal Travel,Eco,627,2,5,2,3,1,2,1,1,3,3,5,3,1,2.46,0,7,FALSE
Female,Loyal Customer,37,Business Travel,Business,337,4,2,2,2,5,3,3,4,4,3,4,2,4,3.23,30,21,FALSE
Male,Loyal Customer,14,Personal Travel,Eco,546,3,3,3,1,4,3,1,4,3,1,5,4,4,3,24,8,FALSE
Female,Disloyal Customer,25,Business Travel,Business,1023,4,0,4,5,3,4,5,3,4,2,5,5,3,3.62,5,0,TRUE
Female,Loyal Customer,29,Business Travel,Business,846,3,3,3,3,4,4,4,4,4,2,4,5,4,3.62,0,4,TRUE
Male,Loyal Customer,41,Business Travel,Business,1299,3,3,3,3,2,5,5,5,5,5,5,4,4,4,0,0,TRUE
Female,Loyal Customer,28,Business Travel,Business,964,3,3,3,3,4,4,4,4,5,4,5,3,4,3.77,4,0,TRUE
Female,Disloyal Customer,29,Business Travel,Eco,255,2,1,2,2,5,2,5,5,3,3,1,3,5,3,33,19,FALSE
Female,Loyal Customer,16,Business Travel,Business,2150,1,1,1,1,5,5,5,5,2,1,1,2,5,2.69,0,0,TRUE
Male,Loyal Customer,27,Business Travel,Eco,347,2,1,2,1,2,2,2,2,2,5,3,1,2,2.08,8,0,FALSE
Female,Loyal Customer,50,Business Travel,Eco,584,4,4,2,2,3,1,2,4,4,4,4,1,2,2.85,0,0,TRUE
Male,Loyal Customer,29,Business Travel,Business,3265,4,4,2,4,5,4,5,5,5,3,5,3,5,4.15,4,1,TRUE
Female,Loyal Customer,39,Business Travel,Business,711,5,5,5,5,2,4,4,5,5,4,5,3,3,4.23,7,0,TRUE
Male,Loyal Customer,38,Personal Travel,Business,409,3,4,2,1,2,5,4,5,5,2,4,4,4,3.46,1,13,FALSE
Male,Loyal Customer,52,Business Travel,Business,2014,3,1,1,1,5,4,3,3,3,3,3,1,3,2.62,56,55,FALSE
Male,Loyal Customer,45,Business Travel,Business,1744,1,4,4,4,5,1,3,1,1,1,1,3,1,2.31,5,16,FALSE
Female,Loyal Customer,29,Business Travel,Eco,1535,2,1,1,1,2,2,2,2,2,2,3,3,2,1.92,0,0,FALSE
Male,Loyal Customer,49,Business Travel,Business,2508,5,5,5,5,4,5,5,4,4,4,4,5,3,4.46,55,38,TRUE
Female,Loyal Customer,67,Personal Travel,Eco,488,2,3,2,4,3,4,4,5,5,2,5,3,4,3.54,0,33,FALSE
Female,Loyal Customer,33,Business Travel,Business,2232,3,3,2,3,5,5,5,5,5,5,5,5,5,4.31,7,0,TRUE
Male,Loyal Customer,59,Personal Travel,Eco,645,2,3,2,4,4,2,4,4,4,3,5,2,4,3.31,6,9,FALSE
Female,Loyal Customer,56,Business Travel,Eco,882,1,5,4,5,5,4,3,1,1,1,1,3,1,2.69,40,25,FALSE
Female,Loyal Customer,31,Business Travel,Business,3389,3,1,1,1,3,3,3,3,3,3,3,3,3,2.54,0,0,FALSE
Female,Loyal Customer,56,Business Travel,Business,2689,4,2,2,2,2,2,2,4,4,4,4,3,1,2.77,0,0,FALSE
Male,Loyal Customer,40,Personal Travel,Eco,626,4,5,4,2,5,4,4,5,5,4,4,3,5,4.15,0,0,TRUE
Male,Loyal Customer,52,Personal Travel,Eco,308,3,5,3,3,1,3,1,1,3,2,4,4,1,2.62,93,83,FALSE
Female,Disloyal Customer,16,Business Travel,Eco,925,2,2,2,4,4,2,4,4,5,5,5,4,4,3.62,4,0,FALSE
Female,Loyal Customer,39,Business Travel,Eco,2419,2,2,2,2,2,2,2,2,2,4,2,2,2,2.15,4,0,FALSE
Female,Disloyal Customer,54,Business Travel,Eco,212,2,5,2,3,3,2,3,3,4,5,2,2,3,3,0,0,FALSE
Male,Loyal Customer,32,Personal Travel,Eco,459,1,4,1,3,4,1,4,4,2,5,1,4,4,2.92,0,0,FALSE
Female,Loyal Customer,20,Business Travel,Business,483,2,4,1,4,2,2,2,2,2,1,4,3,2,2.38,79,88,FALSE
Female,Loyal Customer,11,Business Travel,Eco,1797,2,1,1,1,2,2,2,2,2,5,4,4,2,2.31,0,0,FALSE
Male,Loyal Customer,49,Business Travel,Business,204,4,4,4,4,2,4,5,3,3,4,4,3,3,3.62,0,0,TRUE
Female,Loyal Customer,50,Personal Travel,Eco,946,3,1,3,4,2,2,3,2,2,3,2,4,1,2.46,0,0,FALSE
Male,Loyal Customer,47,Business Travel,Eco,451,2,4,4,4,2,2,2,2,1,5,3,1,2,2.62,0,0,FALSE
Male,Loyal Customer,49,Business Travel,Business,3629,1,1,3,1,4,5,4,5,5,5,5,3,5,3.62,0,0,TRUE
Female,Loyal Customer,25,Business Travel,Business,861,2,2,2,2,2,2,2,2,5,4,4,5,2,2.77,0,0,TRUE
Male,Loyal Customer,27,Business Travel,Business,3891,1,1,1,1,5,5,4,5,4,5,4,5,5,3.54,3,0,TRUE
Female,Loyal Customer,20,Personal Travel,Eco,1187,2,4,2,2,1,2,1,1,5,2,5,5,1,2.54,0,0,FALSE
Female,Loyal Customer,33,Business Travel,Business,3101,3,1,3,3,4,3,4,3,3,3,3,3,3,3,27,27,FALSE
Male,Loyal Customer,58,Business Travel,Business,3033,4,4,4,4,2,4,5,4,4,5,4,5,5,4.15,19,27,TRUE
Female,Loyal Customer,59,Personal Travel,Eco,954,2,5,2,4,3,4,5,1,1,2,1,5,5,3.08,23,13,FALSE
Male,Loyal Customer,65,Business Travel,Eco Plus,374,4,2,2,2,4,4,4,4,4,2,3,3,4,3.23,0,0,TRUE
Female,Disloyal Customer,49,Business Travel,Business,308,4,4,4,4,5,4,5,5,3,2,4,4,5,4.08,0,6,TRUE
Female,Loyal Customer,50,Business Travel,Business,3001,5,5,3,5,3,5,4,5,5,5,5,3,5,4.46,0,0,TRUE
Male,Loyal Customer,57,Business Travel,Business,2815,5,5,5,5,4,4,4,4,4,4,4,4,4,4.31,0,0,TRUE
Male,Disloyal Customer,54,Business Travel,Eco,869,1,1,1,3,1,1,1,1,5,1,3,2,1,1.69,0,0,FALSE
Male,Disloyal Customer,22,Business Travel,Business,1162,0,0,0,2,5,0,4,5,5,4,5,5,5,3.08,1,0,TRUE
Female,Loyal Customer,33,Business Travel,Eco Plus,108,4,4,5,5,4,4,4,4,2,5,1,4,4,3.85,21,17,TRUE
Male,Loyal Customer,13,Personal Travel,Eco,486,2,4,2,3,1,2,1,1,4,3,4,5,1,2.54,0,0,FALSE
Male,Loyal Customer,23,Business Travel,Business,2475,5,5,5,5,4,4,4,3,2,4,5,4,4,4.15,0,31,TRUE
Male,Loyal Customer,38,Business Travel,Business,2173,5,5,5,5,4,4,4,4,4,4,4,4,5,4.38,0,0,TRUE
Male,Loyal Customer,39,Personal Travel,Eco,311,4,4,4,4,1,4,1,1,3,2,4,4,1,2.85,0,0,TRUE
Male,Loyal Customer,65,Business Travel,Eco,1187,3,2,2,2,3,3,3,3,3,1,4,1,3,2.54,25,18,FALSE
Male,Loyal Customer,11,Personal Travel,Business,1123,3,4,2,1,1,2,2,1,5,4,4,5,1,2.69,3,1,FALSE
Female,Loyal Customer,13,Personal Travel,Eco,630,5,4,5,5,4,5,4,4,1,5,4,3,4,4.08,0,0,TRUE
Female,Loyal Customer,25,Business Travel,Eco Plus,302,5,4,4,4,5,4,4,5,3,5,4,3,5,4.23,0,0,TRUE
Male,Loyal Customer,45,Business Travel,Business,2042,4,4,4,4,2,5,5,5,5,5,5,3,3,4.15,23,16,TRUE
Female,Loyal Customer,46,Business Travel,Business,3975,1,1,1,1,3,4,5,4,4,4,4,4,4,3.08,0,11,TRUE
Female,Loyal Customer,34,Business Travel,Business,315,5,5,5,5,2,5,1,5,5,5,5,1,5,4.15,39,26,TRUE
Female,Disloyal Customer,26,Business Travel,Eco,77,1,1,1,3,2,1,2,2,3,4,3,3,2,2.15,111,117,FALSE
Female,Loyal Customer,34,Personal Travel,Eco,462,3,2,3,3,4,3,4,4,3,2,3,4,4,3.23,0,0,FALSE
Female,Disloyal Customer,22,Business Travel,Eco,912,1,1,1,1,5,1,5,5,2,3,3,3,5,2.77,0,0,FALSE
Female,Disloyal Customer,37,Business Travel,Eco,1046,3,3,3,3,3,3,3,3,3,1,4,5,3,3.08,0,0,TRUE
Male,Loyal Customer,21,Business Travel,Business,1041,1,1,1,1,4,4,4,4,2,5,4,4,4,3,0,12,TRUE
Male,Disloyal Customer,43,Business Travel,Business,584,5,5,5,4,5,5,5,5,5,2,5,4,5,4.62,13,3,TRUE
Female,Loyal Customer,39,Business Travel,Eco Plus,404,2,3,3,3,2,2,2,2,3,3,3,1,2,2.38,0,0,FALSE
Female,Loyal Customer,16,Personal Travel,Eco,1306,2,5,2,4,1,2,1,1,5,5,5,4,1,2.92,1,0,FALSE
Female,Loyal Customer,38,Business Travel,Eco,481,3,4,4,4,3,4,3,3,3,2,3,1,3,3.08,0,19,FALSE
Male,Loyal Customer,15,Personal Travel,Eco,481,3,4,3,3,1,3,1,1,3,2,3,3,1,2.38,6,7,FALSE
Male,Loyal Customer,23,Personal Travel,Eco,752,3,4,2,4,2,2,2,2,5,3,5,5,2,3.15,0,0,FALSE
Female,Disloyal Customer,9,Business Travel,Eco,1368,2,2,2,4,5,2,3,5,2,1,4,1,5,2.92,0,4,FALSE
Female,Loyal Customer,33,Business Travel,Business,819,4,4,4,4,4,4,3,2,2,2,2,2,2,3,0,18,TRUE
Female,Loyal Customer,23,Business Travel,Business,2848,1,1,1,1,4,4,4,4,4,2,5,3,4,2.92,0,0,TRUE
Male,Loyal Customer,64,Personal Travel,Eco,184,4,4,4,2,5,4,5,5,4,5,5,5,5,4.38,3,0,FALSE
Male,Loyal Customer,59,Business Travel,Business,2454,4,4,3,4,5,5,5,4,3,5,4,5,5,4.31,0,0,TRUE
Female,Loyal Customer,50,Personal Travel,Eco,224,1,5,1,2,2,4,5,4,4,1,4,5,3,3.15,0,0,FALSE
Male,Loyal Customer,55,Personal Travel,Eco,1065,4,4,4,1,5,4,2,5,4,2,4,5,5,3.77,30,0,FALSE
Female,Disloyal Customer,30,Business Travel,Eco Plus,672,4,3,3,4,4,3,4,4,2,3,4,3,4,3.46,0,0,FALSE
Female,Loyal Customer,60,Personal Travel,Business,308,2,3,2,1,1,3,5,5,5,2,5,2,2,2.92,30,16,FALSE
Male,Loyal Customer,33,Business Travel,Business,2967,2,2,2,2,5,5,5,5,3,5,4,5,5,3.85,0,11,TRUE
Female,Loyal Customer,22,Business Travel,Business,322,3,3,3,3,4,4,4,4,2,4,2,3,4,3.31,2,0,TRUE
Female,Loyal Customer,27,Business Travel,Business,2172,2,2,2,2,2,2,2,2,4,2,4,3,2,2.38,0,0,FALSE
Female,Disloyal Customer,27,Business Travel,Business,479,2,2,2,2,2,2,2,2,3,3,5,3,2,2.46,0,0,FALSE
Female,Loyal Customer,56,Business Travel,Business,1121,1,1,1,1,4,4,5,4,4,4,4,3,3,3,0,0,TRUE
Female,Loyal Customer,29,Business Travel,Eco,488,4,2,2,2,4,4,4,4,2,4,3,3,4,3.23,2,34,TRUE
Male,Loyal Customer,42,Personal Travel,Eco,1050,2,5,3,2,5,3,5,5,4,5,5,3,5,4,2,21,FALSE
Female,Loyal Customer,31,Personal Travel,Eco,1183,3,4,3,5,3,3,3,3,5,5,5,4,3,3.77,120,88,FALSE
Female,Disloyal Customer,72,Business Travel,Eco,297,2,4,2,3,3,2,5,3,4,5,4,4,3,3.38,0,0,FALSE
Male,Loyal Customer,23,Business Travel,Business,1654,4,4,4,4,2,2,2,2,3,3,5,4,2,3.15,0,0,TRUE
Male,Loyal Customer,11,Personal Travel,Eco,2075,3,4,3,2,3,3,3,3,1,4,4,4,3,3.08,4,65,FALSE
Female,Loyal Customer,39,Business Travel,Business,3361,3,3,5,3,5,5,5,4,2,4,5,5,5,4.15,133,124,TRUE
Female,Loyal Customer,65,Personal Travel,Eco,1635,1,5,1,3,3,5,5,3,3,1,3,4,4,3.15,1,27,FALSE
Female,Loyal Customer,15,Personal Travel,Eco Plus,581,3,4,3,5,5,3,5,5,5,4,2,3,5,4,36,60,FALSE
Male,Loyal Customer,54,Business Travel,Business,347,5,5,5,5,5,5,5,4,4,4,4,3,4,4.46,0,0,TRUE
Male,Loyal Customer,60,Business Travel,Business,2360,3,3,3,3,5,4,5,4,4,4,4,4,5,3.92,0,0,TRUE
Male,Loyal Customer,43,Business Travel,Business,3288,5,5,5,5,2,4,2,4,4,4,4,3,4,3.92,11,0,TRUE
Female,Loyal Customer,26,Personal Travel,Eco Plus,539,3,4,3,4,3,3,3,3,4,3,4,4,3,3.38,0,0,FALSE
Female,Loyal Customer,26,Personal Travel,Eco,1013,2,2,2,2,3,2,1,3,1,5,2,2,3,2.31,0,0,FALSE
Female,Loyal Customer,17,Personal Travel,Eco,382,1,5,3,4,2,3,2,2,5,5,4,4,2,3.23,17,13,FALSE
Female,Loyal Customer,36,Personal Travel,Eco,125,2,3,2,2,1,2,1,1,1,5,2,1,1,1.85,71,78,FALSE
Female,Loyal Customer,10,Personal Travel,Eco,247,2,1,2,3,5,2,5,5,4,4,2,3,5,3.31,1,2,FALSE
Male,Loyal Customer,65,Personal Travel,Eco,446,2,5,2,4,4,2,4,4,5,3,4,5,4,3.69,0,0,FALSE
Male,Loyal Customer,60,Business Travel,Business,2016,3,3,3,3,2,5,4,5,5,5,5,5,4,4,0,0,TRUE
Female,Loyal Customer,57,Business Travel,Business,86,1,1,1,1,1,1,2,5,5,5,3,3,5,2.62,0,0,TRUE
Female,Loyal Customer,62,Personal Travel,Eco,874,1,5,2,4,3,5,4,4,4,2,4,5,5,3.69,19,13,FALSE
Female,Loyal Customer,52,Business Travel,Business,3740,5,5,5,5,1,5,2,4,4,4,4,2,5,3.92,0,0,TRUE
Female,Loyal Customer,67,Personal Travel,Eco,2556,2,3,2,3,5,3,2,2,2,2,3,1,2,2.46,0,0,FALSE
Female,Disloyal Customer,25,Business Travel,Business,822,3,5,3,3,3,3,3,3,5,4,5,5,3,3.69,0,0,FALSE
Male,Disloyal Customer,21,Business Travel,Business,1044,4,0,5,2,3,5,3,3,4,5,5,3,3,3.46,0,0,TRUE
Male,Loyal Customer,30,Personal Travel,Eco,912,3,5,3,3,1,3,1,1,5,3,4,3,1,2.77,0,0,FALSE
Male,Loyal Customer,40,Business Travel,Business,1547,5,5,5,5,5,4,5,5,5,5,5,4,4,4.77,7,0,TRUE
Female,Loyal Customer,52,Business Travel,Business,1739,5,5,5,5,2,3,4,5,5,5,5,5,4,4.46,1,26,TRUE
Female,Loyal Customer,23,Business Travel,Business,484,3,5,2,5,3,2,3,3,1,5,3,1,3,3,0,0,FALSE
Male,Loyal Customer,25,Personal Travel,Business,1005,1,4,2,4,2,2,4,2,5,4,4,3,2,3,36,24,FALSE
Female,Loyal Customer,18,Business Travel,Business,3648,5,5,5,5,3,3,3,3,4,5,4,4,3,4,0,0,TRUE
Male,Disloyal Customer,55,Business Travel,Eco,73,5,0,5,4,5,2,2,4,4,3,2,2,2,3.08,151,136,TRUE
Female,Loyal Customer,26,Business Travel,Business,255,5,5,5,5,4,4,4,4,5,4,5,4,4,4.46,16,11,TRUE
Female,Loyal Customer,49,Personal Travel,Eco,1524,2,4,2,4,4,3,4,3,3,2,5,4,5,3.46,12,0,FALSE
Male,Loyal Customer,56,Business Travel,Business,2590,1,1,1,1,3,4,4,5,5,5,5,3,5,3.31,0,0,TRUE
Male,Loyal Customer,52,Business Travel,Business,2979,5,5,5,5,2,2,2,4,5,4,4,2,2,3.62,0,0,TRUE
Female,Disloyal Customer,37,Business Travel,Eco,986,2,3,3,3,2,3,2,2,4,4,3,2,2,2.69,0,0,FALSE
Female,Loyal Customer,53,Business Travel,Business,788,5,5,5,5,2,5,5,5,5,5,5,4,3,4.54,0,0,TRUE
Male,Disloyal Customer,26,Business Travel,Business,583,1,1,1,3,2,1,2,2,5,4,4,3,2,2.38,0,0,FALSE
Male,Disloyal Customer,27,Business Travel,Business,680,4,4,4,3,4,4,4,4,4,5,4,4,4,4,2,7,TRUE
Male,Loyal Customer,29,Business Travel,Eco Plus,541,2,4,4,4,2,2,2,2,3,5,2,3,2,2.85,12,44,FALSE
Male,Loyal Customer,34,Personal Travel,Eco,646,3,3,3,3,2,3,2,2,1,2,3,2,2,2.38,0,0,FALSE
Female,Loyal Customer,41,Business Travel,Business,550,3,2,2,2,3,3,3,3,3,3,3,2,3,2.69,0,25,FALSE
Female,Disloyal Customer,20,Business Travel,Eco Plus,471,3,4,3,3,4,3,4,4,1,3,3,4,4,3.31,36,28,FALSE
Female,Loyal Customer,47,Business Travel,Business,1464,2,1,1,1,4,4,3,2,2,3,2,4,4,2.54,2,21,FALSE
Male,Loyal Customer,21,Personal Travel,Eco,1814,1,4,1,3,4,1,3,4,4,5,4,4,4,3.23,10,0,FALSE
Female,Loyal Customer,32,Business Travel,Eco,113,4,1,1,1,4,5,4,4,1,1,1,5,4,2.77,0,0,TRUE
Female,Disloyal Customer,43,Business Travel,Eco,101,3,4,3,2,5,3,5,5,2,3,2,4,5,3.54,0,4,FALSE
Female,Loyal Customer,26,Business Travel,Eco Plus,1501,1,2,2,2,1,1,1,1,1,2,4,1,1,1.54,0,0,FALSE
Female,Loyal Customer,27,Business Travel,Eco,468,2,4,4,4,2,2,2,2,2,1,2,4,2,2.54,0,0,FALSE
Male,Disloyal Customer,22,Business Travel,Eco,304,2,3,2,3,2,2,2,2,1,3,4,1,2,2.23,0,0,FALSE
Female,Loyal Customer,30,Personal Travel,Eco,1411,2,3,3,1,3,3,3,4,2,4,5,3,3,3,183,,FALSE
Female,Loyal Customer,39,Personal Travel,Business,1488,2,3,2,3,3,3,4,4,4,2,5,3,1,3,0,11,FALSE
Male,Disloyal Customer,24,Business Travel,Eco,936,4,4,4,3,2,4,2,2,4,2,3,3,2,3,0,13,FALSE
Female,Loyal Customer,49,Business Travel,Eco,472,2,1,1,1,3,4,4,2,2,2,2,1,4,2.23,28,48,FALSE
Female,Loyal Customer,52,Business Travel,Business,3484,1,1,1,1,2,5,5,5,5,5,5,5,3,3.38,0,0,TRUE
Male,Loyal Customer,33,Personal Travel,Eco,2475,4,5,4,1,4,2,2,1,3,4,2,2,2,2.77,0,0,FALSE
Male,Disloyal Customer,17,Business Travel,Eco,403,2,3,2,3,3,2,3,3,3,5,4,2,3,2.92,0,0,FALSE
Female,Loyal Customer,40,Business Travel,Eco,852,5,4,4,4,5,4,5,5,5,4,2,3,5,4.23,0,0,TRUE
Female,Loyal Customer,10,Personal Travel,Eco,425,1,2,1,4,4,1,4,4,1,3,3,2,4,2.62,0,0,FALSE
Male,Loyal Customer,62,Personal Travel,Eco,255,3,3,3,3,2,3,2,2,4,5,4,2,2,2.92,7,0,FALSE
Female,Loyal Customer,49,Personal Travel,Eco,368,1,3,1,4,4,2,5,5,5,1,5,2,2,3.08,1,0,FALSE
Male,Loyal Customer,58,Personal Travel,Eco,406,0,4,0,4,3,0,3,3,5,5,4,4,3,2.92,0,0,TRUE
Male,Loyal Customer,63,Personal Travel,Eco,280,2,5,2,2,5,2,5,5,4,5,4,3,5,3.77,1,7,FALSE
Male,Disloyal Customer,40,Business Travel,Eco,109,2,0,2,4,4,2,4,4,3,4,5,3,4,3.15,0,0,FALSE
Male,Loyal Customer,25,Business Travel,Business,2674,2,2,2,2,5,5,5,5,1,2,5,3,5,3.38,0,0,TRUE
Female,Loyal Customer,54,Business Travel,Business,214,0,3,0,2,5,1,5,5,5,5,5,3,2,3.15,0,0,TRUE
Female,Loyal Customer,56,Business Travel,Eco Plus,789,4,4,4,4,1,1,5,4,4,4,4,4,2,3.46,0,0,TRUE
Female,Disloyal Customer,41,Business Travel,Eco Plus,1389,3,3,3,3,4,3,4,4,3,1,3,3,4,3.15,0,11,FALSE
Male,Loyal Customer,19,Business Travel,Business,3436,4,4,4,4,3,3,3,3,3,1,2,2,3,3,0,0,TRUE
Female,Loyal Customer,54,Personal Travel,Business,1235,1,5,1,4,2,1,5,4,4,1,4,1,1,2.62,1,0,FALSE
Female,Loyal Customer,22,Personal Travel,Eco,1589,3,4,3,4,3,3,3,3,4,2,3,4,3,3.23,0,0,FALSE
Female,Loyal Customer,61,Personal Travel,Eco,1068,2,4,2,1,3,1,2,4,4,2,4,2,1,2.46,0,0,FALSE
Female,Loyal Customer,40,Business Travel,Business,1700,0,3,0,3,4,2,5,3,3,5,5,3,2,2.92,0,0,TRUE
Male,Disloyal Customer,25,Business Travel,Eco,464,1,2,1,3,1,4,4,2,5,3,2,4,4,2.77,245,243,FALSE
Female,Loyal Customer,42,Business Travel,Business,448,1,1,4,1,3,5,5,2,2,2,2,5,5,2.92,2,0,TRUE
Male,Loyal Customer,66,Personal Travel,Eco,1464,2,4,2,4,4,2,4,4,5,4,5,3,4,3.62,0,0,FALSE
Female,Loyal Customer,75,Business Travel,Business,1892,1,1,5,1,3,2,4,5,5,5,5,4,1,3.23,4,0,TRUE
Male,Disloyal Customer,22,Business Travel,Eco,359,2,1,2,4,3,2,3,3,4,1,3,1,3,2.46,3,0,FALSE
Male,Loyal Customer,35,Business Travel,Eco Plus,563,4,1,1,1,4,4,4,4,2,4,2,4,4,3,0,24,TRUE
Male,Loyal Customer,46,Business Travel,Business,386,5,5,5,5,4,4,4,5,5,5,5,3,4,4.54,13,7,TRUE
Male,Disloyal Customer,44,Business Travel,Eco,306,2,4,2,3,1,2,1,1,2,3,4,2,1,2.15,0,0,FALSE
Female,Loyal Customer,49,Business Travel,Business,2976,3,3,3,3,3,4,2,4,4,4,4,4,3,3.38,1,37,TRUE
Female,Loyal Customer,48,Business Travel,Business,2338,5,5,5,5,3,2,5,4,4,4,4,3,4,4.08,0,0,TRUE
Male,Loyal Customer,28,Personal Travel,Eco,1609,3,5,3,3,3,3,2,3,3,4,4,4,3,3.31,0,0,FALSE
Female,Loyal Customer,30,Personal Travel,Eco,369,2,2,2,3,5,2,5,5,3,1,3,4,5,3.23,76,81,FALSE
Male,Loyal Customer,25,Business Travel,Eco,2349,1,5,5,5,1,1,3,1,2,5,2,2,1,2.62,0,0,FALSE
Female,Disloyal Customer,45,Business Travel,Eco,852,2,2,2,3,5,2,5,5,5,2,1,3,5,3.23,0,2,FALSE
Female,Loyal Customer,46,Business Travel,Business,404,3,3,3,3,3,5,4,3,3,4,3,5,4,3.54,7,2,TRUE
Female,Loyal Customer,30,Business Travel,Business,399,5,5,5,5,4,4,4,4,5,2,4,4,4,4.23,0,0,TRUE
Female,Loyal Customer,53,Personal Travel,Eco,655,3,2,3,2,4,3,2,4,4,3,4,1,1,2.77,0,0,FALSE
Male,Loyal Customer,35,Personal Travel,Business,1608,4,5,4,2,2,3,4,2,2,4,2,4,3,3.15,3,2,FALSE
Female,Loyal Customer,62,Personal Travel,Eco Plus,351,3,5,3,3,5,5,4,1,1,3,3,3,4,3.31,1,5,FALSE
Male,Loyal Customer,10,Personal Travel,Eco,1013,1,2,1,3,3,1,3,3,1,3,3,1,3,2.15,0,0,FALSE
Female,Disloyal Customer,24,Business Travel,Eco,522,3,0,3,1,4,3,5,4,5,2,4,5,4,3.31,2,0,FALSE
Female,Loyal Customer,25,Business Travel,Business,1723,3,3,3,3,3,2,3,3,1,5,2,2,3,2.77,59,47,FALSE
Female,Loyal Customer,24,Business Travel,Business,3521,3,3,3,3,3,4,3,3,5,2,4,3,3,3.23,0,0,TRUE
Female,Loyal Customer,46,Business Travel,Business,1346,4,4,4,4,3,5,5,3,3,2,3,5,3,3.69,0,0,TRUE
Male,Loyal Customer,49,Business Travel,Business,2017,3,3,3,3,5,4,4,5,5,5,5,4,3,4,0,0,TRUE
Female,Loyal Customer,11,Personal Travel,Business,416,3,5,5,2,5,5,5,5,2,2,4,1,5,3.77,0,0,FALSE
Female,Loyal Customer,16,Personal Travel,Eco,1126,3,4,3,1,4,3,2,4,4,3,4,4,4,3.31,0,0,FALSE
Male,Loyal Customer,30,Business Travel,Business,612,4,4,4,4,4,4,4,4,4,4,5,5,4,4.15,0,0,TRUE
Male,Loyal Customer,53,Personal Travel,Eco,190,3,3,3,3,4,3,4,4,2,1,3,4,4,3.15,0,0,FALSE
Female,Disloyal Customer,32,Business Travel,Eco,711,3,3,3,4,3,3,3,3,3,5,4,1,3,3.15,0,0,FALSE
Female,Loyal Customer,61,Personal Travel,Eco,509,3,4,4,1,2,4,4,1,1,4,1,4,4,2.85,35,19,FALSE
Male,Loyal Customer,54,Business Travel,Business,2238,2,2,2,2,5,4,4,4,4,4,4,5,5,3.62,8,0,TRUE
Male,Disloyal Customer,25,Business Travel,Business,223,5,0,5,1,4,5,4,4,3,3,4,4,4,3.54,8,14,TRUE
Male,Loyal Customer,38,Personal Travel,Eco,356,1,5,1,2,5,1,5,5,4,3,4,3,5,3.38,0,1,FALSE
Male,Loyal Customer,39,Business Travel,Business,3308,3,3,3,3,5,5,4,4,4,5,5,4,3,3.92,0,0,TRUE
Male,Loyal Customer,26,Personal Travel,Eco,1174,5,5,5,5,2,5,2,2,3,5,5,5,2,3.92,0,0,TRUE
Female,Loyal Customer,30,Personal Travel,Eco,451,3,4,3,3,2,3,2,2,5,4,5,5,2,3.31,0,0,FALSE
Female,Loyal Customer,26,Personal Travel,Eco Plus,731,2,2,2,4,4,2,4,4,4,3,3,3,4,3.15,0,0,FALSE
Female,Loyal Customer,34,Personal Travel,Eco,645,2,5,2,3,3,2,3,3,3,4,4,4,3,3.15,122,118,FALSE
Female,Loyal Customer,48,Business Travel,Business,2537,3,1,2,1,5,3,4,3,3,3,3,4,4,3,0,0,FALSE
Male,Loyal Customer,26,Business Travel,Business,1972,1,1,1,1,5,5,5,5,3,5,4,3,5,3.38,20,0,TRUE
Female,Loyal Customer,7,Personal Travel,Eco,247,1,4,1,1,3,1,3,3,5,3,5,4,3,2.85,0,0,FALSE
Female,Loyal Customer,65,Personal Travel,Eco,406,3,4,3,2,2,4,5,2,2,3,2,5,4,3.15,6,0,FALSE
Female,Loyal Customer,20,Personal Travel,Eco,361,5,5,1,3,1,1,1,1,4,1,4,1,1,2.23,0,0,TRUE
Female,Loyal Customer,47,Business Travel,Business,3285,4,4,4,4,4,5,5,4,4,4,4,4,4,4.15,0,1,TRUE
Male,Disloyal Customer,47,Business Travel,Business,480,3,3,3,5,3,3,3,3,5,2,5,3,3,3.38,34,27,FALSE
Female,Loyal Customer,42,Business Travel,Business,296,2,2,2,2,2,5,4,5,5,5,5,4,4,3.62,4,1,TRUE
Female,Loyal Customer,22,Personal Travel,Eco,337,2,5,2,5,2,1,1,5,5,1,1,1,1,2.46,148,229,FALSE
Male,Loyal Customer,58,Personal Travel,Eco,1450,5,4,5,1,3,5,3,3,4,1,4,3,3,3.38,0,0,TRUE
Female,Loyal Customer,60,Business Travel,Business,657,2,2,2,2,5,4,5,4,4,4,4,4,4,3.54,0,0,TRUE
Male,Loyal Customer,49,Personal Travel,Eco,2116,2,4,2,3,5,2,5,5,4,5,4,5,5,3.92,0,0,FALSE
Female,Loyal Customer,69,Personal Travel,Eco,307,5,5,5,2,5,4,5,4,4,5,4,5,3,4.31,13,16,TRUE
Male,Loyal Customer,43,Personal Travel,Eco Plus,270,4,4,4,1,5,4,5,5,3,5,5,5,5,4.23,0,0,FALSE
Female,Loyal Customer,46,Business Travel,Eco Plus,386,4,2,1,2,2,5,5,4,4,4,4,3,1,3.15,3,0,TRUE
Female,Loyal Customer,18,Personal Travel,Eco,533,0,5,0,2,1,0,1,1,4,2,4,4,1,1.92,106,90,TRUE
Female,Loyal Customer,22,Business Travel,Eco Plus,268,3,2,2,2,3,3,4,3,4,2,3,2,3,2.77,0,0,FALSE
Female,Loyal Customer,73,Business Travel,Business,1567,4,4,4,4,5,4,1,4,4,4,5,4,5,4,0,0,TRUE
Female,Disloyal Customer,38,Business Travel,Eco Plus,456,4,4,4,4,3,4,3,3,5,1,5,3,3,3.54,28,22,FALSE
Male,Loyal Customer,28,Personal Travel,Eco,239,3,4,0,3,3,0,3,3,1,5,5,1,3,2.62,0,0,FALSE
Male,Loyal Customer,39,Business Travel,Business,3070,3,3,2,3,4,3,2,5,5,5,5,2,3,3.46,0,0,TRUE
Female,Loyal Customer,17,Personal Travel,Eco,1079,2,4,2,1,3,2,3,3,4,2,4,5,3,2.92,0,0,FALSE
Female,Loyal Customer,37,Business Travel,Eco Plus,451,3,2,2,2,3,3,3,3,4,2,3,4,3,2.85,84,78,FALSE
Male,Loyal Customer,37,Business Travel,Business,347,2,2,2,2,1,4,4,2,2,2,2,1,1,2.08,0,0,FALSE
Female,Loyal Customer,49,Personal Travel,Eco,814,2,0,2,1,5,4,4,2,2,2,2,4,5,2.69,0,0,FALSE
Female,Loyal Customer,22,Business Travel,Business,888,5,5,5,5,4,4,4,4,5,5,5,5,4,4.62,88,98,TRUE
Male,Loyal Customer,35,Business Travel,Business,1703,1,1,1,1,3,4,5,5,5,5,5,5,5,3.54,0,0,TRUE
Female,Loyal Customer,22,Business Travel,Business,2454,2,3,3,3,2,2,2,2,3,3,1,2,2,2.31,2,0,FALSE
Male,Loyal Customer,59,Business Travel,Business,1939,4,4,4,4,2,4,4,4,4,4,4,3,3,3.69,0,0,TRUE
Female,Loyal Customer,41,Business Travel,Business,2342,5,2,5,5,4,5,5,4,4,4,4,5,3,4.23,5,4,TRUE
Male,Loyal Customer,20,Personal Travel,Eco,733,2,4,2,4,1,2,1,1,3,5,4,4,1,2.62,0,0,FALSE
Male,Disloyal Customer,37,Business Travel,Business,2586,3,3,3,3,3,3,3,3,3,4,4,3,3,3.15,0,0,FALSE
Male,Disloyal Customer,28,Business Travel,Eco,700,1,1,1,2,4,1,4,4,2,2,3,3,4,2.46,95,90,FALSE
Male,Disloyal Customer,25,Business Travel,Business,502,3,0,3,5,2,3,2,2,3,3,4,5,2,2.85,0,0,FALSE
Male,Loyal Customer,45,Business Travel,Business,3565,4,4,4,4,4,5,5,4,4,4,4,3,5,4.15,0,4,TRUE
Female,Loyal Customer,54,Business Travel,Business,236,1,3,3,3,4,2,2,1,1,1,1,2,4,2.15,16,15,FALSE
Male,Loyal Customer,55,Business Travel,Business,2939,5,5,5,5,3,4,4,4,4,4,4,1,1,3.77,0,0,TRUE
Female,Loyal Customer,42,Business Travel,Business,2206,4,4,4,4,3,5,4,5,5,5,5,3,5,4.31,0,0,TRUE
Male,Loyal Customer,48,Business Travel,Business,2692,3,3,3,3,5,4,4,4,4,4,4,3,5,3.77,0,0,TRUE
Male,Loyal Customer,30,Business Travel,Business,1438,2,2,5,2,5,5,5,5,5,5,4,4,5,4.15,1,7,TRUE
Male,Loyal Customer,16,Personal Travel,Eco,2176,4,2,5,3,2,5,2,2,3,1,3,1,2,2.69,34,25,FALSE
Female,Loyal Customer,65,Personal Travel,Eco,1979,4,4,4,4,3,1,4,4,4,4,4,1,3,3.38,0,5,TRUE
Male,Loyal Customer,43,Personal Travel,Eco,1062,3,1,3,2,2,3,2,2,2,4,2,2,2,2.31,14,9,FALSE
Female,Loyal Customer,37,Business Travel,Business,522,1,1,1,1,2,1,5,2,2,2,2,2,3,1.92,0,0,TRUE
Male,Loyal Customer,32,Business Travel,Eco,998,4,4,4,4,4,4,4,4,2,2,4,1,4,3.46,7,18,FALSE
Male,Disloyal Customer,39,Business Travel,Eco,191,2,0,2,4,4,2,4,4,2,3,4,1,4,2.77,0,0,FALSE
Male,Loyal Customer,29,Personal Travel,Eco,762,2,5,2,4,4,2,4,4,3,4,4,4,4,3.54,6,0,FALSE
Male,Loyal Customer,39,Personal Travel,Eco Plus,1947,5,4,5,3,5,5,5,5,5,2,4,4,5,4.38,0,0,TRUE
Female,Loyal Customer,70,Personal Travel,Eco,73,2,5,2,2,1,5,3,2,2,2,1,5,2,2.62,113,124,FALSE
Male,Loyal Customer,53,Business Travel,Eco,856,2,2,2,2,2,2,2,2,2,1,3,1,2,1.92,13,12,FALSE
Female,Loyal Customer,60,Personal Travel,Eco,1674,3,4,3,4,4,4,3,5,5,3,5,2,4,3.77,66,43,FALSE
Male,Loyal Customer,36,Personal Travel,Eco,199,2,5,0,1,1,0,1,1,5,4,4,5,1,2.31,0,0,FALSE
Male,Disloyal Customer,40,Business Travel,Business,236,3,3,3,3,3,3,3,3,4,2,3,1,3,2.85,4,20,FALSE
Male,Loyal Customer,56,Business Travel,Business,3611,2,4,2,2,3,5,3,5,5,5,5,1,5,3.62,16,7,TRUE
Male,Disloyal Customer,22,Business Travel,Eco,589,1,0,1,3,5,1,5,5,3,5,5,4,5,3.31,14,12,FALSE
Male,Loyal Customer,32,Personal Travel,Eco,2422,2,4,2,2,2,1,2,4,3,4,5,2,2,2.69,1,0,FALSE
Male,Loyal Customer,56,Business Travel,Business,3090,0,5,0,4,2,4,5,4,4,3,3,5,4,3.31,0,0,TRUE
Male,Loyal Customer,29,Business Travel,Business,2435,1,1,1,1,5,5,5,5,3,3,5,3,5,3.31,8,0,TRUE
Male,Loyal Customer,40,Personal Travel,Eco,677,3,4,3,4,3,3,3,3,4,3,5,5,3,3.54,49,26,FALSE
Female,Loyal Customer,33,Business Travel,Business,2097,0,4,0,1,5,5,5,5,5,5,5,5,5,3.85,0,0,TRUE
Male,Loyal Customer,48,Business Travel,Business,2191,5,5,5,5,2,4,5,5,5,5,4,4,3,4.38,12,12,TRUE
Male,Loyal Customer,48,Business Travel,Business,989,3,3,3,3,4,5,5,5,5,5,5,3,3,4,0,10,TRUE
Male,Disloyal Customer,24,Business Travel,Business,926,4,0,4,4,2,4,2,2,4,5,4,3,2,3.08,0,0,TRUE
Male,Loyal Customer,54,Business Travel,Business,1960,4,4,4,4,4,5,5,4,4,4,4,5,4,4.23,0,0,TRUE
Female,Loyal Customer,52,Business Travel,Business,1440,2,1,1,1,2,3,3,2,2,2,2,4,4,2.23,4,1,FALSE
Female,Loyal Customer,39,Business Travel,Business,1747,3,3,3,3,3,5,5,4,4,5,4,3,5,3.85,23,15,TRUE
Male,Loyal Customer,44,Business Travel,Business,2600,5,5,5,5,2,5,5,5,5,5,5,3,4,4.54,0,0,TRUE
Female,Disloyal Customer,16,Business Travel,Eco,620,1,3,1,3,2,1,2,2,3,4,3,4,2,2.38,0,4,FALSE
Male,Loyal Customer,52,Personal Travel,Eco Plus,246,1,4,1,3,5,1,5,5,3,3,4,4,5,3.38,0,0,FALSE
Male,Loyal Customer,39,Business Travel,Eco,1208,5,3,4,3,5,5,5,5,5,4,3,2,5,4.15,14,0,TRUE
Male,Loyal Customer,64,Personal Travel,Eco,728,2,3,2,3,3,2,3,3,1,1,1,5,3,2.46,19,5,FALSE
Female,Disloyal Customer,37,Business Travel,Eco,224,4,1,4,4,5,4,5,5,4,4,4,1,5,3.85,22,11,FALSE
Male,Loyal Customer,16,Personal Travel,Eco Plus,528,2,5,2,2,3,2,3,3,5,3,5,4,3,3.23,3,0,FALSE
Male,Disloyal Customer,24,Business Travel,Eco,589,4,5,4,5,4,4,4,4,3,4,5,5,4,4.23,0,0,FALSE
Male,Loyal Customer,15,Personal Travel,Eco Plus,227,3,4,3,2,2,3,2,2,4,5,4,5,2,3.15,0,0,FALSE
Male,Loyal Customer,52,Business Travel,Business,365,2,2,2,2,5,4,5,4,4,3,4,4,5,3.54,0,0,TRUE
Male,Loyal Customer,48,Business Travel,Business,1017,4,4,4,4,5,5,4,4,4,4,4,5,3,4.15,68,67,TRUE
Female,Disloyal Customer,37,Business Travel,Eco,1100,1,1,1,1,4,1,4,4,4,1,2,2,4,2.31,0,0,FALSE
Male,Disloyal Customer,38,Business Travel,Eco,1242,4,4,4,2,2,4,2,2,4,1,2,4,2,2.85,0,0,FALSE
Male,Loyal Customer,9,Personal Travel,Eco Plus,925,3,2,3,3,5,3,5,5,4,3,2,4,5,3.62,15,0,FALSE
Male,Loyal Customer,16,Personal Travel,Eco,493,3,4,3,4,5,3,5,5,5,4,5,4,5,4.23,0,0,FALSE
Male,Loyal Customer,32,Business Travel,Business,2278,1,3,3,3,1,1,1,1,3,5,3,2,1,2.15,0,0,FALSE
Female,Loyal Customer,34,Business Travel,Business,666,1,1,1,1,3,2,1,5,5,5,5,4,5,3,0,0,TRUE
Male,Disloyal Customer,15,Business Travel,Eco,765,4,4,4,5,2,4,2,2,4,1,4,1,2,3,0,0,TRUE
Male,Loyal Customer,55,Business Travel,Business,2929,3,3,3,3,5,1,4,4,4,4,4,4,3,3.46,0,0,TRUE
Female,Loyal Customer,55,Personal Travel,Eco Plus,591,2,4,2,2,2,5,4,3,3,2,4,4,4,3.15,0,0,FALSE
Female,Loyal Customer,17,Personal Travel,Eco Plus,2295,2,1,2,3,5,2,5,5,2,2,3,4,5,3.15,31,21,FALSE
Male,Disloyal Customer,24,Business Travel,Eco,353,4,5,4,1,1,4,1,1,2,4,4,1,1,2.54,0,0,TRUE
Male,Loyal Customer,28,Personal Travel,Eco,192,1,4,1,4,1,5,5,5,3,4,5,5,5,3.69,152,149,FALSE
Female,Loyal Customer,37,Business Travel,Eco,925,4,4,4,4,4,5,4,4,2,2,2,4,4,3.62,0,0,TRUE
Male,Loyal Customer,50,Personal Travel,Eco,356,5,5,5,2,4,5,4,4,3,5,5,4,4,4.23,10,9,TRUE
Female,Loyal Customer,16,Personal Travel,Eco,468,4,2,4,2,4,4,5,4,1,5,2,4,4,3.46,35,34,FALSE
Female,Loyal Customer,46,Business Travel,Eco,544,4,3,3,3,4,4,3,4,4,4,4,1,2,3.31,0,0,TRUE
Female,Loyal Customer,61,Personal Travel,Eco,541,3,5,3,2,2,4,4,3,3,3,3,3,3,3.15,2,0,FALSE
Male,Loyal Customer,28,Personal Travel,Eco Plus,1025,4,4,4,2,4,4,5,4,5,2,4,3,4,3.77,0,0,TRUE
Male,Disloyal Customer,26,Business Travel,Business,296,2,5,1,1,1,1,1,1,5,4,5,5,1,2.54,2,2,FALSE
Male,Loyal Customer,40,Business Travel,Eco,984,5,2,2,2,5,5,5,5,1,4,4,5,5,3.85,0,18,TRUE
Female,Loyal Customer,40,Business Travel,Eco Plus,404,3,1,1,1,3,4,3,3,2,5,3,5,3,2.85,0,0,TRUE
Male,Disloyal Customer,39,Business Travel,Business,1009,3,4,4,4,5,4,5,5,5,2,4,3,5,4.08,0,4,FALSE
Female,Disloyal Customer,44,Business Travel,Eco Plus,280,2,2,2,3,1,2,1,1,4,1,3,4,1,2.08,36,34,FALSE
Male,Loyal Customer,44,Personal Travel,Eco,954,3,4,4,2,5,4,5,5,3,2,4,3,5,3.77,0,7,FALSE
Female,Loyal Customer,50,Personal Travel,Eco Plus,1211,4,0,4,1,2,5,4,4,4,4,4,4,5,3.46,0,0,FALSE
Female,Loyal Customer,59,Business Travel,Business,347,5,5,5,5,3,4,5,4,4,4,4,3,3,4.15,7,6,TRUE
Female,Loyal Customer,42,Business Travel,Business,332,3,3,5,3,2,5,5,5,5,5,5,3,3,4,0,0,TRUE
Male,Loyal Customer,42,Personal Travel,Eco,1068,3,2,3,2,1,3,1,1,4,4,3,3,1,2.38,0,6,FALSE
Female,Loyal Customer,53,Personal Travel,Eco,335,5,5,5,2,5,4,5,2,2,5,2,4,4,3.85,0,0,TRUE
Female,Loyal Customer,20,Personal Travel,Eco,1438,2,4,2,4,1,2,1,1,4,1,4,2,1,2.23,15,11,FALSE
Male,Disloyal Customer,24,Business Travel,Business,965,5,0,5,2,3,5,3,3,3,5,5,4,3,3.54,27,30,TRUE
Female,Loyal Customer,29,Business Travel,Business,3513,3,3,3,3,5,5,5,5,3,5,5,5,5,4.23,0,0,TRUE
Female,Loyal Customer,41,Business Travel,Business,406,3,1,3,1,3,4,4,3,3,3,3,1,2,2.62,0,0,FALSE
Female,Loyal Customer,31,Business Travel,Business,1592,3,3,3,3,3,3,3,3,3,5,3,3,3,3.15,0,0,TRUE
Male,Loyal Customer,42,Personal Travel,Eco,273,3,3,3,3,4,3,4,4,4,5,4,3,4,3.62,0,4,FALSE
Male,Loyal Customer,33,Business Travel,Eco Plus,1066,2,2,2,2,2,2,2,2,2,3,3,2,2,2.15,51,125,FALSE
Male,Loyal Customer,23,Personal Travel,Eco,712,3,5,3,2,4,3,4,4,3,2,5,4,4,3.54,4,3,FALSE
Female,Loyal Customer,32,Personal Travel,Eco,153,2,5,0,4,1,0,1,1,3,5,4,5,1,2.46,0,10,FALSE
Female,Loyal Customer,59,Personal Travel,Eco Plus,557,2,2,2,4,3,3,3,2,2,2,2,2,3,2.46,0,9,FALSE
Male,Loyal Customer,56,Business Travel,Eco,370,2,2,3,2,2,2,2,2,3,4,3,4,2,2.54,0,0,FALSE
Male,Loyal Customer,24,Business Travel,Business,1496,4,4,4,4,4,4,4,4,5,2,4,5,4,4,0,0,TRUE
Female,Loyal Customer,39,Business Travel,Business,2442,4,4,4,4,4,3,4,2,2,2,2,5,5,3.46,6,0,TRUE
Female,Loyal Customer,51,Business Travel,Business,3921,4,4,4,4,4,4,4,4,4,4,4,3,5,4,0,5,TRUE
Female,Loyal Customer,14,Business Travel,Business,972,2,2,2,2,4,4,4,4,3,4,4,4,4,3.31,0,0,TRUE
Male,Loyal Customer,52,Business Travel,Business,1764,3,3,3,3,5,4,5,5,5,5,5,5,5,4.31,14,12,TRUE
Female,Disloyal Customer,32,Business Travel,Eco,491,2,0,3,4,2,3,2,2,1,4,4,2,2,2.38,0,0,FALSE
Female,Loyal Customer,18,Business Travel,Business,3640,0,3,1,2,2,2,2,2,4,5,4,2,2,2.38,3,2,TRUE
Female,Loyal Customer,56,Business Travel,Business,3177,1,1,1,1,4,5,5,5,5,5,5,3,3,3.38,11,2,TRUE
Male,Loyal Customer,63,Personal Travel,Eco Plus,650,2,5,3,2,5,3,5,5,2,3,2,4,5,3.54,0,0,FALSE
Male,Disloyal Customer,54,Business Travel,Business,1087,4,4,4,4,5,4,5,5,4,4,5,4,5,4.38,0,0,TRUE
Male,Loyal Customer,26,Business Travel,Business,2434,2,2,2,2,5,5,5,5,5,4,4,3,5,3.77,2,0,TRUE
Male,Loyal Customer,58,Business Travel,Eco,639,4,5,2,5,4,4,4,4,2,1,2,5,4,3.54,89,68,TRUE
Male,Loyal Customer,52,Business Travel,Business,308,1,1,1,1,4,4,4,5,5,5,5,2,1,3,22,17,TRUE
Male,Disloyal Customer,35,Business Travel,Business,888,3,3,3,1,5,3,5,5,4,3,4,4,5,3.69,27,0,FALSE
Female,Loyal Customer,59,Business Travel,Business,781,3,3,3,3,2,4,4,4,4,4,4,4,5,3.62,20,0,TRUE
Female,Loyal Customer,59,Personal Travel,Eco,1025,4,4,4,3,3,5,4,4,4,4,1,3,3,3.54,0,0,FALSE
Female,Loyal Customer,21,Personal Travel,Eco,456,3,4,3,3,3,3,1,3,5,4,5,5,3,3.46,1,0,FALSE
Female,Disloyal Customer,39,Business Travel,Business,366,2,2,2,3,2,2,2,2,2,5,3,2,2,2.38,90,89,FALSE
Female,Loyal Customer,28,Personal Travel,Eco,1476,4,5,4,1,5,4,5,5,4,3,2,4,5,3.92,0,0,FALSE
Male,Loyal Customer,57,Personal Travel,Eco,903,3,4,3,2,5,3,5,5,4,5,4,4,5,4,60,51,FALSE
Female,Loyal Customer,55,Business Travel,Business,3111,1,1,1,1,4,5,4,2,2,2,2,4,5,2.62,30,28,TRUE
Female,Disloyal Customer,50,Personal Travel,Eco,1726,2,5,2,2,3,2,3,3,2,5,2,4,3,2.92,0,0,FALSE
Female,Loyal Customer,45,Business Travel,Business,1757,2,2,2,2,2,2,2,4,5,4,5,2,2,2.77,193,194,TRUE
Male,Disloyal Customer,41,Business Travel,Business,612,4,4,4,4,2,4,4,2,3,2,5,4,2,3.38,78,127,TRUE
Male,Loyal Customer,59,Personal Travel,Eco,544,4,1,3,4,2,3,5,2,2,5,3,2,2,2.92,0,3,FALSE
Male,Loyal Customer,69,Personal Travel,Eco,1562,4,4,4,5,1,4,1,1,3,2,5,3,1,2.92,0,0,FALSE
Male,Disloyal Customer,37,Business Travel,Business,1090,3,3,3,3,3,3,3,3,4,3,5,4,3,3.31,19,0,FALSE
Male,Disloyal Customer,11,Business Travel,Eco,480,1,1,1,4,3,1,3,3,4,4,4,1,3,2.54,32,34,FALSE
Female,Loyal Customer,17,Personal Travel,Eco,192,4,5,4,1,3,4,3,3,5,3,4,4,3,3.54,0,3,TRUE
Female,Loyal Customer,26,Business Travel,Business,2218,1,1,1,1,5,5,5,5,5,3,4,4,5,3.46,3,19,TRUE
Male,Disloyal Customer,30,Business Travel,Business,862,3,3,3,4,1,3,1,1,4,2,4,4,1,2.62,0,0,FALSE
Female,Loyal Customer,39,Business Travel,Business,3829,3,3,3,3,2,5,5,4,4,4,4,5,3,3.69,0,0,TRUE
Male,Disloyal Customer,40,Business Travel,Business,427,2,3,3,3,4,3,4,4,4,5,4,3,4,3.54,26,41,FALSE
Female,Disloyal Customer,22,Business Travel,Eco,468,3,1,3,3,4,3,4,4,2,4,3,1,4,3,1,0,FALSE
Male,Loyal Customer,39,Business Travel,Eco,257,5,3,4,4,5,5,5,5,3,5,5,2,5,4.31,83,70,TRUE
Female,Loyal Customer,63,Personal Travel,Eco,453,2,4,2,5,3,5,5,3,3,2,3,3,5,3.46,50,54,FALSE
Female,Loyal Customer,47,Business Travel,Eco,585,5,5,5,5,3,4,2,4,4,5,4,4,2,4,0,0,TRUE
Female,Loyal Customer,37,Personal Travel,Eco,936,2,5,2,1,5,2,3,5,5,1,4,3,5,3.31,1,0,FALSE
Male,Loyal Customer,56,Business Travel,Business,550,3,3,3,3,3,4,4,2,2,2,2,3,3,2.85,18,2,TRUE
Female,Loyal Customer,42,Business Travel,Business,3908,5,5,5,5,5,5,5,4,4,4,4,4,3,4.46,0,2,TRUE
Male,Loyal Customer,57,Business Travel,Business,2426,3,2,4,2,4,2,2,3,3,2,3,4,2,2.77,3,4,FALSE
Female,Disloyal Customer,22,Business Travel,Eco,781,5,5,5,2,1,5,1,1,5,4,4,4,1,3.31,0,0,TRUE
Male,Loyal Customer,41,Business Travel,Business,2995,1,1,1,1,5,4,5,2,2,2,2,5,5,2.77,0,0,TRUE
Male,Loyal Customer,32,Business Travel,Business,1737,3,2,2,2,3,3,3,3,1,4,4,1,3,2.62,42,,FALSE
Female,Loyal Customer,67,Personal Travel,Eco,551,4,4,5,3,2,4,4,2,2,5,2,1,3,3.15,0,0,FALSE
Female,Loyal Customer,46,Business Travel,Eco,776,4,2,2,2,3,3,1,4,4,4,4,3,5,3.15,4,5,TRUE
Female,Loyal Customer,51,Business Travel,Eco Plus,1482,5,1,1,1,4,3,1,5,5,5,5,3,1,3.08,61,50,TRUE
Female,Loyal Customer,51,Personal Travel,Eco,1979,0,4,0,3,5,3,3,4,4,0,4,1,2,2.54,8,0,TRUE
Female,Loyal Customer,56,Business Travel,Business,3916,0,0,0,3,4,5,4,2,2,2,2,3,4,2.38,0,10,TRUE
Male,Loyal Customer,55,Business Travel,Business,1089,1,1,1,1,4,5,5,4,4,4,4,4,3,3.15,20,0,TRUE
Female,Loyal Customer,28,Personal Travel,Eco,528,2,4,2,1,5,2,5,5,5,5,5,3,5,3.77,0,0,FALSE
Male,Loyal Customer,7,Personal Travel,Eco,602,2,1,2,4,4,2,4,4,4,2,3,2,4,2.92,1,0,FALSE
Male,Loyal Customer,47,Business Travel,Eco,591,4,1,1,1,4,4,4,4,4,4,2,3,4,3.08,0,0,FALSE
Male,Loyal Customer,33,Business Travel,Business,237,3,3,3,3,4,4,4,4,3,4,4,3,4,3.54,0,3,TRUE
Female,Loyal Customer,17,Personal Travel,Eco,102,3,2,3,4,3,3,3,3,2,1,4,2,3,2.77,0,5,FALSE
Male,Loyal Customer,31,Business Travel,Eco,806,1,3,1,3,1,1,1,1,3,4,4,2,1,2,0,0,FALSE
Male,Disloyal Customer,23,Business Travel,Eco,2052,4,4,4,3,3,4,3,3,3,5,3,3,3,3.46,0,0,FALSE
Male,Disloyal Customer,18,Business Travel,Eco,551,2,4,2,4,4,2,4,4,1,1,4,3,4,3,71,79,FALSE
Male,Disloyal Customer,39,Business Travel,Eco,413,2,3,2,4,3,2,1,3,5,5,1,5,3,3,1,0,FALSE
Male,Disloyal Customer,21,Business Travel,Eco,731,2,2,2,3,5,2,4,5,5,5,4,4,5,3.69,2,0,FALSE
Female,Disloyal Customer,36,Business Travel,Eco Plus,1900,3,3,3,4,2,3,2,2,4,5,3,2,2,2.92,4,27,FALSE
Male,Disloyal Customer,27,Business Travel,Eco,503,1,2,1,4,2,1,2,2,4,4,3,3,2,2.38,0,0,FALSE
Male,Loyal Customer,34,Personal Travel,Eco,156,2,5,2,3,2,2,2,2,3,2,3,3,2,2.54,39,33,FALSE
Female,Loyal Customer,45,Business Travel,Business,3163,1,1,1,1,5,5,4,4,4,4,4,3,5,3.23,0,0,TRUE
Male,Loyal Customer,34,Personal Travel,Eco Plus,337,3,4,3,3,3,3,3,3,5,3,5,3,3,3.38,15,3,FALSE
Female,Loyal Customer,58,Personal Travel,Eco,110,3,1,3,3,2,3,4,5,5,3,5,3,2,3.23,0,2,FALSE
Female,Loyal Customer,32,Business Travel,Eco Plus,866,0,0,0,1,5,0,3,5,3,5,2,1,5,2.31,2,0,TRUE
Female,Loyal Customer,51,Personal Travel,Eco,1091,0,4,0,4,5,4,4,2,2,0,2,2,1,2.31,35,36,TRUE
Female,Loyal Customer,65,Personal Travel,Eco Plus,438,2,4,2,1,4,3,1,2,2,2,2,4,4,2.54,7,30,FALSE
Female,Loyal Customer,43,Business Travel,Eco Plus,583,3,5,5,5,1,4,4,3,3,3,3,2,2,3.31,0,0,FALSE
Male,Loyal Customer,50,Personal Travel,Eco,259,3,5,3,3,2,3,2,2,3,3,2,5,2,2.92,0,0,FALSE
Female,Loyal Customer,24,Personal Travel,Eco,337,4,1,4,3,1,4,5,1,3,2,3,4,1,2.77,0,0,FALSE
Male,Loyal Customer,46,Personal Travel,Eco,214,3,1,3,4,1,3,1,1,3,5,4,3,1,2.54,0,0,FALSE
Male,Loyal Customer,62,Personal Travel,Eco,1068,3,5,3,4,3,3,1,3,4,5,4,5,3,3.54,40,33,FALSE
Female,Loyal Customer,8,Business Travel,Business,2355,2,4,4,4,2,2,2,2,1,4,3,4,2,2.77,12,45,FALSE
Male,Disloyal Customer,25,Business Travel,Business,777,2,3,2,3,5,2,5,5,1,4,3,2,5,3.23,76,75,FALSE
Male,Loyal Customer,30,Business Travel,Eco,230,3,2,2,2,3,3,3,3,3,5,4,3,3,3,2,0,FALSE
Male,Loyal Customer,9,Personal Travel,Eco Plus,328,2,4,2,4,4,2,4,4,3,3,3,2,4,3.15,0,0,FALSE
Female,Loyal Customer,21,Business Travel,Business,748,1,1,2,1,4,4,4,4,1,4,4,5,4,3,29,17,TRUE
Female,Loyal Customer,61,Business Travel,Eco,373,1,5,5,5,4,4,3,1,1,1,1,2,4,2.85,0,0,FALSE
Male,Loyal Customer,25,Personal Travel,Business,925,2,4,2,1,5,2,2,5,3,3,4,4,5,3.23,25,14,FALSE
Male,Loyal Customer,38,Business Travel,Business,3918,1,1,1,1,5,4,3,4,4,4,4,2,2,2.77,0,0,TRUE
Female,Disloyal Customer,36,Business Travel,Eco,533,3,2,2,3,5,2,1,5,1,5,3,2,5,3,0,0,FALSE
Male,Loyal Customer,59,Business Travel,Eco,1249,4,3,3,3,4,4,4,4,4,5,3,1,4,3.54,59,51,TRUE
Male,Loyal Customer,54,Business Travel,Business,2477,2,2,1,2,3,4,4,4,4,4,4,5,4,3.31,0,0,TRUE
Male,Loyal Customer,46,Business Travel,Business,2548,4,4,4,4,2,5,5,4,4,4,4,3,5,4,0,0,TRUE
Male,Loyal Customer,33,Business Travel,Eco,671,0,0,0,2,1,3,1,1,1,2,2,2,1,1.23,0,0,TRUE
Female,Disloyal Customer,44,Business Travel,Business,266,2,2,2,4,1,2,1,1,3,2,4,5,1,2.31,0,0,FALSE
Female,Loyal Customer,40,Business Travel,Business,283,4,4,4,4,2,5,4,4,4,4,4,4,4,3.92,30,31,TRUE
Male,Loyal Customer,35,Business Travel,Business,2137,1,1,1,1,5,4,5,4,4,4,4,4,5,3.31,3,5,TRUE
Male,Loyal Customer,30,Personal Travel,Eco,1055,3,4,3,4,5,3,1,5,3,3,5,4,5,3.69,38,52,FALSE
Male,Loyal Customer,41,Business Travel,Business,493,5,5,5,5,3,5,4,4,4,4,4,5,3,4.31,47,42,TRUE
Male,Loyal Customer,57,Business Travel,Business,1464,1,1,1,1,3,5,5,5,5,5,5,3,4,3.38,0,0,TRUE
Female,Loyal Customer,23,Business Travel,Eco Plus,991,5,4,4,4,5,5,3,5,1,4,1,5,5,3.92,0,1,TRUE
Male,Disloyal Customer,37,Business Travel,Eco,160,4,0,3,2,3,3,3,3,5,4,3,2,3,2.92,55,51,FALSE
Female,Loyal Customer,51,Business Travel,Business,594,3,3,3,3,3,4,5,4,4,4,4,5,5,3.85,0,0,TRUE
Female,Loyal Customer,42,Personal Travel,Eco,541,2,3,2,1,1,5,4,4,4,2,4,2,4,2.92,0,0,FALSE
Female,Disloyal Customer,23,Business Travel,Eco,782,2,2,2,1,2,2,2,2,3,5,2,2,2,2.23,20,30,FALSE
Female,Loyal Customer,45,Business Travel,Business,3169,4,4,3,4,2,5,5,4,4,4,4,5,3,3.92,0,0,TRUE
Male,Loyal Customer,44,Business Travel,Business,1905,4,4,2,4,4,5,5,4,4,4,4,3,5,4,53,84,TRUE
Male,Disloyal Customer,23,Business Travel,Business,1117,2,3,3,4,1,3,1,1,3,3,3,4,1,2.46,5,7,FALSE
Female,Loyal Customer,53,Business Travel,Eco,2586,2,1,3,1,5,3,4,2,2,2,2,4,2,2.54,0,0,FALSE
Male,Loyal Customer,30,Personal Travel,Business,110,5,4,5,3,5,5,5,5,3,5,3,1,5,4.15,0,0,TRUE
Male,Loyal Customer,58,Business Travel,Business,1532,2,2,2,2,2,3,5,4,4,4,4,2,5,3.15,0,0,TRUE
Male,Loyal Customer,51,Business Travel,Business,1750,1,1,1,1,4,3,4,5,5,5,5,5,5,3.46,22,24,TRUE
Female,Loyal Customer,43,Business Travel,Business,1641,1,1,1,1,4,5,5,4,4,4,4,4,4,3.23,22,15,TRUE
Male,Loyal Customer,38,Business Travel,Business,1026,1,1,1,1,5,5,5,5,3,3,2,5,5,3.23,187,187,TRUE
Female,Loyal Customer,35,Personal Travel,Eco,964,1,4,1,4,3,1,3,3,5,3,5,5,3,3.15,0,1,FALSE
Male,Disloyal Customer,20,Business Travel,Eco,157,5,1,5,3,2,5,2,2,5,5,1,4,2,3.23,0,0,TRUE
Male,Loyal Customer,54,Business Travel,Eco,657,4,5,5,5,3,4,3,3,1,2,3,4,3,3.46,39,27,FALSE
Female,Loyal Customer,51,Business Travel,Business,1635,2,2,4,2,3,4,5,4,4,4,4,4,5,3.62,0,0,TRUE
Female,Loyal Customer,10,Personal Travel,Eco,967,3,4,3,3,1,3,4,1,5,5,4,3,1,3.08,2,0,FALSE
Female,Loyal Customer,33,Business Travel,Business,3613,2,3,3,3,4,4,3,2,2,2,2,4,2,2.77,0,1,FALSE
Female,Loyal Customer,46,Business Travel,Business,1212,1,1,3,1,5,4,4,5,5,5,5,5,4,3.69,0,5,TRUE
Male,Loyal Customer,55,Personal Travel,Eco,1129,4,4,4,5,3,4,3,3,4,2,5,5,3,3.77,11,7,FALSE
Female,Loyal Customer,40,Business Travel,Business,2634,1,5,4,5,5,2,1,1,1,1,1,3,4,2.62,0,0,FALSE
Female,Loyal Customer,24,Personal Travel,Eco,325,3,2,3,3,1,3,1,1,3,5,4,4,1,2.62,0,0,FALSE
Female,Loyal Customer,50,Personal Travel,Eco,594,2,4,2,3,5,4,2,5,5,2,4,4,2,3.38,5,0,FALSE
Male,Disloyal Customer,35,Business Travel,Eco,807,2,2,2,3,5,2,1,5,4,1,4,4,5,3.08,80,57,FALSE
Male,Loyal Customer,40,Business Travel,Business,2596,2,2,2,2,2,5,4,4,4,4,4,5,5,3.46,0,0,TRUE
Female,Loyal Customer,51,Personal Travel,Eco,338,3,5,3,1,5,4,4,1,1,3,1,4,3,2.92,0,0,FALSE
Female,Loyal Customer,56,Business Travel,Business,533,3,3,3,3,4,4,4,4,4,4,4,4,5,3.77,43,46,TRUE
Male,Loyal Customer,44,Business Travel,Business,1444,2,2,2,2,2,4,5,4,4,4,4,5,4,3.38,5,17,TRUE
Female,Loyal Customer,59,Business Travel,Business,1846,1,1,1,1,5,3,4,4,4,4,4,4,4,3.08,3,0,TRUE
Male,Loyal Customer,33,Business Travel,Business,3698,1,1,1,1,4,4,4,4,4,4,5,5,4,3.23,1,0,TRUE
Male,Loyal Customer,59,Business Travel,Eco,972,3,4,4,4,3,3,3,3,5,5,5,5,3,3.85,10,0,TRUE
Male,Loyal Customer,31,Business Travel,Eco,802,3,1,2,1,4,3,3,2,3,4,3,3,3,2.69,144,144,FALSE
Female,Loyal Customer,52,Business Travel,Business,1506,3,1,1,1,1,3,3,3,3,3,3,4,1,2.31,0,0,FALSE
Female,Loyal Customer,41,Business Travel,Business,1773,4,4,4,4,3,3,4,4,4,5,4,4,3,3.85,0,0,TRUE
Male,Disloyal Customer,37,Business Travel,Eco,244,4,1,4,3,3,4,3,3,3,3,3,4,3,3.15,2,0,FALSE
Male,Loyal Customer,52,Business Travel,Business,447,3,3,3,3,4,4,4,5,5,5,5,3,3,3.85,1,0,TRUE
Female,Loyal Customer,24,Business Travel,Eco,319,3,2,2,2,3,4,4,3,1,5,2,1,3,2.69,0,0,TRUE
Female,Loyal Customer,44,Personal Travel,Eco,409,3,5,5,4,1,3,1,5,5,5,5,5,4,3.92,10,33,FALSE
Male,Loyal Customer,67,Personal Travel,Eco,1282,3,5,3,1,3,3,2,3,5,3,3,4,3,3.15,0,0,FALSE
Male,Loyal Customer,12,Business Travel,Business,1846,4,4,4,4,5,4,5,5,4,3,3,4,5,4.15,0,28,TRUE
Male,Loyal Customer,59,Personal Travel,Eco Plus,588,4,4,3,2,3,3,4,3,5,5,5,5,3,3.77,0,26,FALSE
Male,Loyal Customer,26,Personal Travel,Eco,829,2,4,2,4,5,2,3,5,3,2,5,3,5,3.46,9,4,FALSE
Female,Loyal Customer,50,Personal Travel,Eco Plus,2979,3,4,3,1,3,1,1,2,3,5,1,1,1,2.23,0,0,FALSE
Male,Loyal Customer,43,Business Travel,Eco Plus,562,3,2,2,2,4,3,4,4,3,3,4,3,4,3.15,0,0,FALSE
Female,Loyal Customer,49,Personal Travel,Eco,1916,1,5,1,5,3,4,5,1,1,1,1,3,3,2.62,0,0,FALSE
Male,Loyal Customer,22,Business Travel,Business,190,2,1,1,1,2,2,2,2,3,4,3,2,2,2.08,0,13,FALSE
Male,Loyal Customer,54,Business Travel,Business,2569,4,2,2,2,3,3,4,3,3,3,4,1,1,2.69,0,0,FALSE
Male,Loyal Customer,46,Business Travel,Business,1620,5,5,5,5,5,4,5,4,4,4,4,3,3,4.31,13,24,TRUE
Female,Loyal Customer,23,Personal Travel,Eco,425,2,0,5,3,5,5,5,5,3,2,5,4,5,3.77,57,49,FALSE
Female,Loyal Customer,56,Personal Travel,Eco Plus,222,2,1,0,2,1,3,2,4,4,0,4,3,2,2.15,0,6,FALSE
Male,Loyal Customer,51,Business Travel,Business,407,5,5,5,5,5,4,5,4,4,4,4,3,5,4.46,10,2,TRUE
Male,Loyal Customer,8,Business Travel,Business,575,2,1,1,1,2,2,2,2,1,2,3,1,2,1.69,0,,FALSE
Male,Loyal Customer,44,Business Travel,Business,1797,2,2,2,2,2,5,4,4,4,4,4,5,5,3.46,0,0,TRUE
Male,Loyal Customer,80,Business Travel,Eco,617,4,2,2,2,4,4,4,4,2,1,4,3,4,3.08,0,0,FALSE
Male,Loyal Customer,34,Business Travel,Business,273,4,4,3,4,4,4,4,4,4,4,4,5,3,3.92,36,58,TRUE
Female,Loyal Customer,29,Business Travel,Business,1475,1,5,5,5,1,1,1,1,1,3,3,3,1,2.38,0,0,FALSE
Male,Disloyal Customer,49,Business Travel,Eco,204,3,0,3,5,1,3,1,1,4,3,1,1,1,2.08,29,23,FALSE
Male,Loyal Customer,37,Personal Travel,Eco,475,1,2,1,4,4,1,2,4,2,3,4,4,4,2.77,0,0,FALSE
Male,Loyal Customer,64,Personal Travel,Eco,1521,2,5,2,4,5,2,5,5,4,4,4,3,5,3.85,68,57,FALSE
Female,Loyal Customer,24,Business Travel,Business,1952,5,5,5,5,4,4,4,4,4,3,5,4,4,4.31,2,0,TRUE
Male,Loyal Customer,23,Business Travel,Business,1608,3,2,2,2,3,3,3,3,1,3,3,4,3,2.69,4,26,FALSE
Female,Disloyal Customer,34,Business Travel,Eco Plus,816,1,1,1,3,5,1,5,5,3,1,4,3,5,2.92,119,121,FALSE
Female,Loyal Customer,41,Business Travel,Business,3732,2,2,2,2,4,5,4,5,5,5,5,3,4,3.69,20,13,TRUE
Male,Loyal Customer,35,Business Travel,Business,2049,4,5,5,5,2,3,4,4,4,4,4,2,1,3.62,0,6,FALSE
Female,Loyal Customer,13,Personal Travel,Eco,321,5,4,5,4,3,5,3,3,5,4,4,4,3,4,0,0,TRUE
Female,Loyal Customer,57,Personal Travel,Eco,977,4,4,4,5,3,4,4,5,5,4,5,3,4,4.15,2,5,FALSE
Male,Loyal Customer,40,Business Travel,Business,2484,2,2,3,2,1,2,1,4,4,4,4,3,5,2.85,3,3,TRUE
Female,Loyal Customer,56,Personal Travel,Eco,2486,2,2,2,2,2,3,3,4,1,1,3,3,3,2.38,4,28,FALSE
Male,Disloyal Customer,25,Business Travel,Business,338,4,0,4,3,4,4,4,4,5,3,5,3,4,3.62,0,3,TRUE
Male,Loyal Customer,30,Personal Travel,Business,1371,3,4,3,3,4,3,4,4,4,5,4,5,4,3.85,20,12,FALSE
Female,Loyal Customer,44,Business Travel,Business,2219,5,5,5,5,4,4,5,5,5,4,5,3,5,4.62,0,0,TRUE
Female,Loyal Customer,12,Personal Travel,Eco,179,1,4,1,4,3,1,3,3,3,2,3,3,3,2.62,10,7,FALSE
Female,Loyal Customer,64,Personal Travel,Eco,873,1,0,1,3,4,5,4,2,2,1,1,1,5,2.31,95,93,FALSE
Male,Loyal Customer,52,Business Travel,Business,1901,5,5,5,5,4,4,2,4,4,4,5,3,5,4.23,0,0,TRUE
Female,Loyal Customer,45,Business Travel,Business,738,5,5,5,5,5,4,4,4,4,4,4,3,5,4.38,2,,TRUE
Male,Loyal Customer,49,Personal Travel,Eco,229,4,4,4,3,4,4,5,4,3,5,4,3,4,3.92,72,75,FALSE
Female,Loyal Customer,31,Personal Travel,Eco,1068,2,3,2,2,4,2,4,4,3,5,2,3,4,3.08,0,0,FALSE
Female,Loyal Customer,55,Business Travel,Business,1694,3,3,3,3,2,5,4,4,4,4,4,3,5,3.62,9,15,TRUE
Male,Disloyal Customer,38,Business Travel,Eco,190,4,2,4,3,4,4,4,4,1,3,3,1,4,3.15,7,0,FALSE
Female,Loyal Customer,54,Business Travel,Business,414,4,4,5,4,5,4,4,5,5,5,5,5,4,4.54,0,0,TRUE
Female,Loyal Customer,52,Business Travel,Business,1562,1,1,2,1,4,5,4,4,4,4,4,3,5,3.23,2,0,TRUE
Male,Loyal Customer,24,Personal Travel,Eco,1179,2,5,2,1,5,2,5,5,5,2,4,4,5,3.62,0,0,FALSE
Male,Loyal Customer,43,Personal Travel,Eco,345,1,4,1,3,4,1,4,4,1,4,2,2,4,2.69,5,9,FALSE
Male,Loyal Customer,47,Business Travel,Business,1885,4,4,4,4,5,5,5,5,5,5,5,5,4,4.62,15,11,TRUE
Female,Disloyal Customer,32,Business Travel,Eco,767,3,3,3,3,4,3,4,4,3,4,3,2,4,3.31,124,108,FALSE
Female,Loyal Customer,62,Personal Travel,Eco,590,3,3,3,3,4,4,4,1,1,3,1,2,4,2.77,0,0,FALSE
Male,Loyal Customer,32,Business Travel,Business,588,5,5,1,5,5,4,5,5,1,3,3,2,5,3.77,6,8,TRUE
Male,Loyal Customer,18,Personal Travel,Eco,814,5,1,5,3,1,5,5,1,4,1,3,1,1,2.77,0,1,TRUE
Female,Disloyal Customer,59,Personal Travel,Eco,1749,4,5,4,3,2,4,2,2,1,5,2,3,2,3,5,0,TRUE
Female,Loyal Customer,59,Business Travel,Business,2176,3,3,4,3,5,5,5,3,3,3,3,5,5,3.85,0,0,TRUE
Male,Loyal Customer,39,Business Travel,Eco,404,4,5,5,5,4,4,4,4,3,2,1,4,4,3.77,0,0,TRUE
Male,Loyal Customer,61,Business Travel,Business,1871,2,5,5,5,4,4,4,2,2,2,2,4,2,3.31,64,56,FALSE
Female,Disloyal Customer,22,Business Travel,Eco,878,2,2,2,2,1,2,1,1,2,3,5,2,1,2,4,,FALSE
Female,Loyal Customer,19,Personal Travel,Eco,372,2,5,2,1,3,2,3,3,3,2,5,3,3,2.85,3,17,FALSE
Female,Loyal Customer,56,Business Travel,Business,682,3,3,3,3,2,4,5,4,4,4,4,3,3,3.46,48,57,TRUE
Female,Loyal Customer,44,Business Travel,Business,1973,3,3,3,3,5,4,5,4,4,4,4,3,4,3.77,0,0,TRUE
Female,Loyal Customer,13,Personal Travel,Eco,383,1,4,1,5,1,1,1,1,4,3,4,5,1,2.46,25,18,FALSE
Male,Loyal Customer,52,Personal Travel,Eco,359,3,4,3,3,3,3,3,3,5,4,5,3,3,3.46,7,0,FALSE
Male,Loyal Customer,53,Business Travel,Business,2565,2,2,2,2,4,4,4,3,5,4,5,4,4,3.46,0,0,TRUE
Male,Loyal Customer,59,Personal Travel,Eco,190,1,4,0,4,5,0,5,5,1,4,4,4,5,3.23,1,0,FALSE
Female,Loyal Customer,37,Business Travel,Business,966,2,2,2,2,3,4,4,5,5,5,5,4,4,3.62,6,0,TRUE
Female,Loyal Customer,41,Business Travel,Business,2714,3,4,3,3,2,4,4,3,3,3,3,5,4,3.38,0,0,TRUE
Female,Loyal Customer,25,Business Travel,Eco,689,4,1,1,1,4,4,5,4,5,1,2,2,4,2.92,0,0,TRUE
Male,Disloyal Customer,50,Business Travel,Eco,1466,3,3,3,4,5,3,5,5,2,5,4,3,5,3.85,0,0,FALSE
Male,Loyal Customer,46,Business Travel,Business,1759,2,2,2,2,3,4,4,5,5,5,5,4,3,3.54,6,3,TRUE
Female,Loyal Customer,55,Personal Travel,Eco Plus,337,2,3,3,3,5,1,4,3,3,3,3,1,4,2.92,7,3,FALSE
Female,Loyal Customer,31,Business Travel,Business,2288,1,1,1,1,1,1,1,1,2,3,4,4,1,1.69,1,10,FALSE
Male,Loyal Customer,21,Personal Travel,Business,637,4,4,4,4,3,4,3,3,3,4,4,4,3,3.62,5,0,FALSE
Male,Loyal Customer,61,Personal Travel,Eco,546,3,4,3,1,4,3,4,4,2,1,4,1,4,2.92,37,29,FALSE
Male,Loyal Customer,55,Personal Travel,Eco,549,2,3,1,3,2,1,2,2,4,4,4,5,2,2.69,0,0,FALSE
Male,Loyal Customer,20,Personal Travel,Business,109,4,4,4,4,4,4,4,4,5,3,1,5,4,3.85,0,0,FALSE
Female,Loyal Customer,16,Business Travel,Business,1504,1,1,1,1,4,4,4,4,5,1,2,2,4,2.62,0,0,TRUE
Female,Disloyal Customer,25,Business Travel,Business,937,4,0,4,3,3,4,4,3,3,3,5,4,3,3.31,0,0,TRUE
Female,Loyal Customer,42,Business Travel,Eco,1147,4,5,5,5,2,5,3,4,4,4,4,4,2,3.92,0,0,TRUE
Male,Loyal Customer,48,Business Travel,Business,3254,2,1,1,1,3,4,4,2,2,2,2,2,1,2.08,0,0,FALSE
Female,Loyal Customer,56,Business Travel,Business,1476,5,5,5,5,5,4,5,5,5,5,5,5,4,4.85,0,0,TRUE
Female,Loyal Customer,39,Business Travel,Business,3968,5,5,3,5,3,5,5,5,5,5,5,3,4,4.46,0,0,TRUE
Male,Disloyal Customer,23,Business Travel,Business,616,0,3,0,1,3,0,3,3,3,5,5,5,3,2.62,5,0,TRUE
Female,Loyal Customer,60,Business Travel,Business,2486,5,5,5,5,5,3,5,3,3,3,3,3,3,3.92,1,0,TRUE
Male,Disloyal Customer,45,Business Travel,Business,997,5,5,5,4,2,5,2,2,5,5,5,3,2,3.85,18,36,TRUE
Female,Loyal Customer,18,Personal Travel,Eco,405,3,1,3,3,2,3,2,2,2,3,3,4,2,2.54,25,10,FALSE
Male,Loyal Customer,41,Business Travel,Business,2227,3,3,3,3,5,5,5,4,4,4,4,4,4,3.92,0,0,TRUE
Male,Loyal Customer,31,Business Travel,Business,1962,3,4,1,4,3,3,3,3,2,1,3,4,3,2.85,19,7,FALSE
Female,Loyal Customer,52,Personal Travel,Eco,1788,4,5,5,4,5,5,5,2,2,5,2,3,3,3.85,2,0,TRUE
Male,Loyal Customer,60,Personal Travel,Eco,236,4,4,4,3,1,4,1,1,3,5,5,5,1,3.15,21,17,FALSE
Male,Loyal Customer,53,Business Travel,Business,2556,2,1,3,1,1,3,4,2,2,2,2,2,1,2,1,0,FALSE
Male,Disloyal Customer,25,Business Travel,Eco,594,2,1,2,3,1,2,1,1,3,4,4,2,1,2.08,0,9,FALSE
Female,Loyal Customer,56,Personal Travel,Eco Plus,500,3,4,3,3,3,5,4,3,3,3,3,5,4,3.54,0,0,FALSE
Female,Disloyal Customer,23,Business Travel,Eco,696,2,2,2,2,5,2,5,5,3,3,2,2,5,3.08,18,2,FALSE
Female,Disloyal Customer,35,Business Travel,Eco,1107,1,1,1,2,3,1,3,3,1,5,2,1,3,2.08,4,6,FALSE
Female,Disloyal Customer,21,Business Travel,Eco,567,2,3,2,4,3,2,1,3,4,5,3,4,3,3,0,0,FALSE
Female,Loyal Customer,56,Business Travel,Business,308,1,4,4,4,5,4,3,1,1,1,1,2,1,2.46,13,31,FALSE
Female,Disloyal Customer,25,Business Travel,Business,2475,3,0,3,1,3,5,4,4,4,5,4,4,4,3.38,23,0,FALSE
Male,Loyal Customer,53,Business Travel,Business,2930,3,3,3,3,4,5,5,4,4,4,4,4,5,3.92,0,0,TRUE
Male,Loyal Customer,41,Personal Travel,Eco Plus,337,3,2,3,3,1,3,1,1,3,3,4,4,1,2.46,9,7,FALSE
Female,Loyal Customer,43,Business Travel,Business,602,3,4,4,4,1,3,2,3,3,3,3,4,3,3.08,0,2,FALSE
Female,Loyal Customer,55,Business Travel,Business,1971,2,3,3,3,2,4,4,2,2,2,2,4,3,2.77,18,7,FALSE
Male,Loyal Customer,35,Personal Travel,Eco,259,3,1,3,4,3,3,3,3,3,3,4,1,3,2.85,0,0,FALSE
Male,Disloyal Customer,38,Business Travel,Business,250,3,3,3,3,5,3,5,5,4,3,4,5,5,3.92,0,0,FALSE
Male,Loyal Customer,33,Personal Travel,Eco,356,2,4,2,1,3,2,3,3,5,5,4,4,3,3.15,36,21,FALSE
Male,Loyal Customer,14,Personal Travel,Eco,370,1,3,1,1,4,1,4,4,3,2,2,5,4,2.69,54,44,FALSE
Male,Loyal Customer,44,Personal Travel,Eco,954,4,4,4,3,2,4,2,2,5,5,5,5,2,3.62,0,0,FALSE
Female,Loyal Customer,48,Business Travel,Business,3778,4,2,2,2,4,2,3,4,4,4,4,1,4,3.08,0,12,FALSE
Male,Disloyal Customer,33,Business Travel,Eco,395,2,3,2,3,5,2,5,5,4,1,4,2,5,3.31,23,18,FALSE
Male,Loyal Customer,39,Business Travel,Business,689,2,2,2,2,3,5,4,4,4,4,4,5,4,3.46,0,0,TRUE
Male,Loyal Customer,35,Business Travel,Business,2907,4,4,4,4,1,2,2,4,4,4,4,4,2,3.31,0,0,TRUE
Female,Loyal Customer,60,Business Travel,Business,2467,3,3,3,3,3,5,4,4,4,4,4,5,5,3.85,0,0,TRUE
Male,Loyal Customer,8,Personal Travel,Eco,782,2,5,2,4,3,2,3,3,5,1,3,1,3,2.85,1,0,FALSE
Male,Loyal Customer,26,Business Travel,Eco Plus,1735,2,1,1,1,2,2,1,2,2,1,2,4,2,1.77,44,21,FALSE
Female,Disloyal Customer,30,Business Travel,Eco,342,1,4,1,3,2,1,2,2,2,5,4,4,2,2.54,0,0,FALSE
Male,Disloyal Customer,39,Business Travel,Eco,296,3,3,3,3,5,3,5,5,2,2,4,4,5,3.62,0,8,FALSE
Male,Loyal Customer,37,Personal Travel,Eco,696,5,4,5,4,2,5,2,2,3,2,4,3,2,3.31,0,0,TRUE
Male,Loyal Customer,58,Personal Travel,Eco Plus,127,3,3,3,1,4,3,4,4,1,3,3,1,4,2.85,40,36,FALSE
Male,Loyal Customer,65,Business Travel,Business,587,5,5,5,5,4,5,4,5,5,5,5,4,5,4.77,0,0,TRUE
Female,Disloyal Customer,36,Business Travel,Eco,742,2,3,3,4,5,2,5,5,3,1,3,4,5,3.46,0,0,FALSE
Male,Disloyal Customer,28,Business Travel,Eco,851,3,3,3,5,1,3,1,1,1,1,3,5,1,2.38,37,32,FALSE
Male,Loyal Customer,56,Business Travel,Business,3519,3,3,3,3,4,5,4,5,5,5,5,3,4,4,19,19,TRUE
Male,Loyal Customer,40,Business Travel,Business,444,5,5,5,5,3,5,5,5,5,5,5,4,3,4.62,14,3,TRUE
Male,Loyal Customer,50,Business Travel,Eco,817,4,2,2,2,4,4,4,4,4,2,4,4,4,3.38,1,0,TRUE
Male,Loyal Customer,57,Personal Travel,Eco,641,3,5,3,2,2,3,2,2,3,5,4,3,2,3,8,1,FALSE
Male,Loyal Customer,43,Business Travel,Eco,990,4,1,5,1,4,4,4,4,5,4,1,4,4,3.46,37,42,TRUE
Female,Loyal Customer,31,Business Travel,Business,3616,1,1,1,1,5,5,5,5,2,2,3,4,5,3.08,13,13,TRUE
Female,Loyal Customer,53,Business Travel,Business,248,5,5,5,5,3,4,4,4,4,4,4,3,3,4.08,54,42,TRUE
Female,Loyal Customer,45,Personal Travel,Eco,214,5,0,0,1,3,5,4,5,5,0,4,3,4,3,0,0,TRUE
Male,Loyal Customer,53,Business Travel,Business,1522,4,4,4,4,2,4,4,5,5,5,5,4,4,4.15,0,0,TRUE
Male,Loyal Customer,16,Personal Travel,Eco,1514,2,3,2,1,4,2,4,4,5,1,5,1,4,2.92,0,0,FALSE
Male,Loyal Customer,56,Business Travel,Business,3133,4,3,3,3,5,4,3,1,1,1,4,1,3,2.77,3,4,FALSE
Female,Loyal Customer,31,Business Travel,Business,3644,2,2,3,2,4,4,4,4,4,4,5,4,4,3.54,10,0,TRUE
Female,Disloyal Customer,29,Business Travel,Eco,610,4,5,3,2,5,3,5,5,3,5,2,2,5,3.77,0,0,FALSE
Female,Loyal Customer,50,Personal Travel,Eco,328,3,4,3,3,3,5,5,5,5,3,3,5,3,3.85,0,7,FALSE
Male,Loyal Customer,31,Business Travel,Business,602,3,3,3,3,4,4,4,4,4,4,5,3,4,3.69,41,44,TRUE
Male,Loyal Customer,59,Business Travel,Business,899,5,5,5,5,4,5,5,4,4,4,4,4,5,4.54,0,36,TRUE
Male,Loyal Customer,41,Business Travel,Business,1224,2,4,4,4,2,2,2,3,1,4,3,2,2,2.69,146,159,FALSE
Male,Loyal Customer,32,Personal Travel,Eco,692,1,3,1,3,3,1,3,3,2,5,2,4,3,2.62,27,9,FALSE
Female,Loyal Customer,7,Personal Travel,Eco Plus,590,4,2,4,3,3,4,1,3,3,5,4,3,3,3.23,0,0,FALSE
Female,Loyal Customer,30,Business Travel,Business,449,5,5,5,5,4,4,4,4,4,3,4,5,4,4.31,3,3,TRUE
Male,Loyal Customer,41,Business Travel,Eco,213,5,1,1,1,5,5,5,5,5,1,2,2,5,3.31,0,0,TRUE
Male,Loyal Customer,49,Business Travel,Business,541,4,4,4,4,4,5,5,4,4,4,4,2,3,3.92,0,0,TRUE
Male,Loyal Customer,41,Business Travel,Business,3390,3,3,2,3,5,4,5,4,4,4,4,4,4,3.77,0,0,TRUE
Female,Loyal Customer,51,Business Travel,Business,1797,1,1,3,1,2,3,4,4,4,4,4,3,4,2.92,1,0,TRUE
Female,Loyal Customer,52,Business Travel,Business,1847,5,5,2,5,5,5,5,4,4,4,4,3,4,4.23,4,0,TRUE
Male,Loyal Customer,47,Business Travel,Business,1587,5,5,5,5,5,5,4,3,3,4,3,3,3,4.08,0,10,TRUE
Female,Loyal Customer,46,Business Travel,Business,1585,2,2,2,2,4,5,4,4,4,4,4,4,5,3.54,24,1,TRUE
Female,Loyal Customer,70,Personal Travel,Business,283,3,1,5,3,2,4,4,4,4,5,4,4,3,3.54,20,31,FALSE
Female,Disloyal Customer,66,Business Travel,Business,429,4,4,4,4,3,4,5,3,5,3,5,4,3,3.92,60,59,TRUE
Female,Loyal Customer,45,Business Travel,Eco,680,3,3,3,3,1,4,4,3,3,3,3,2,4,3,13,16,FALSE
Female,Loyal Customer,59,Personal Travel,Eco,861,4,5,4,2,4,5,5,3,4,5,4,5,5,4.23,231,341,TRUE
Male,Loyal Customer,26,Personal Travel,Eco,236,3,3,0,2,2,0,2,2,4,3,5,3,2,2.38,0,3,FALSE
Female,Disloyal Customer,23,Business Travel,Business,1310,4,0,4,4,1,4,1,1,3,5,4,3,1,2.69,0,0,TRUE
Male,Loyal Customer,38,Business Travel,Eco,366,5,1,1,1,5,5,5,5,3,1,1,2,5,3.08,0,0,TRUE
Male,Loyal Customer,29,Business Travel,Business,3726,4,4,4,4,4,4,4,4,3,3,5,4,4,3.92,2,2,TRUE
Female,Loyal Customer,55,Personal Travel,Eco,1379,3,4,3,4,3,5,4,5,5,3,5,4,5,4.08,0,21,FALSE
Female,Loyal Customer,10,Personal Travel,Eco,1562,3,4,3,1,4,3,4,4,5,5,3,4,4,3.62,0,0,FALSE
Female,Loyal Customer,50,Business Travel,Business,549,4,4,4,4,3,4,5,2,2,2,2,4,3,3.31,0,0,TRUE
Male,Disloyal Customer,20,Business Travel,Eco,369,3,3,3,1,2,3,2,2,5,2,1,3,2,2.46,0,0,FALSE
Female,Loyal Customer,49,Business Travel,Business,3623,3,3,5,3,2,4,5,5,5,5,5,3,4,4,56,40,TRUE
Female,Loyal Customer,50,Business Travel,Business,1894,2,2,2,2,2,2,2,2,2,2,2,4,3,2.23,15,4,FALSE
Male,Disloyal Customer,36,Business Travel,Business,447,2,1,1,2,4,1,5,4,3,3,5,4,4,3,0,0,FALSE
Male,Loyal Customer,40,Personal Travel,Eco,546,3,1,3,3,3,3,3,3,1,2,4,2,3,2.62,0,2,FALSE
Female,Loyal Customer,33,Personal Travel,Eco,616,3,4,3,1,2,3,2,2,5,3,5,5,2,3.08,3,0,FALSE
Male,Loyal Customer,38,Business Travel,Business,3382,2,1,1,1,4,2,3,2,2,2,2,2,2,2,5,12,FALSE
Female,Disloyal Customer,15,Business Travel,Eco,1389,1,1,1,3,4,1,4,4,4,2,3,3,4,2.69,0,0,FALSE
Male,Loyal Customer,57,Business Travel,Eco,201,5,2,2,2,5,5,5,5,4,3,3,2,5,3.69,0,0,TRUE
Female,Loyal Customer,19,Personal Travel,Eco,239,1,5,1,2,5,1,4,5,3,4,5,5,5,3.54,18,7,FALSE
Male,Loyal Customer,49,Business Travel,Eco,1055,4,1,1,1,5,4,5,5,4,3,5,1,5,3.38,0,0,TRUE
Male,Loyal Customer,40,Personal Travel,Business,1090,3,4,3,2,1,1,3,2,2,3,2,2,2,2.31,102,114,FALSE
Female,Loyal Customer,49,Business Travel,Business,1671,1,1,5,1,5,3,4,5,5,4,5,3,3,3.46,0,6,TRUE
Male,Loyal Customer,50,Personal Travel,Business,695,2,4,2,3,2,4,4,1,1,2,1,3,5,2.62,11,0,FALSE
Female,Loyal Customer,19,Personal Travel,Eco,937,3,4,3,2,3,3,3,3,3,3,5,4,3,3.23,0,0,FALSE
Female,Loyal Customer,51,Business Travel,Eco,689,2,1,1,1,4,4,3,2,2,2,2,1,4,2.23,0,0,FALSE
Female,Loyal Customer,57,Personal Travel,Eco,373,3,5,3,2,2,2,5,4,4,3,3,1,3,3.08,0,0,FALSE
Male,Loyal Customer,38,Business Travel,Business,834,1,1,1,1,1,1,2,5,5,5,5,3,1,2.46,0,6,TRUE
Male,Loyal Customer,27,Business Travel,Eco,834,2,2,2,2,2,2,2,2,1,4,2,1,2,2,0,0,FALSE
Female,Loyal Customer,47,Business Travel,Business,3114,5,5,5,5,4,3,1,5,5,5,5,4,4,4.31,0,0,TRUE
Female,Loyal Customer,28,Business Travel,Business,2034,2,2,2,2,3,4,3,3,5,2,3,1,3,2.69,2,0,TRUE
Female,Loyal Customer,9,Business Travel,Business,2454,4,2,5,2,4,4,4,4,1,1,3,3,4,3.15,10,0,FALSE
Male,Loyal Customer,37,Personal Travel,Eco,700,2,4,2,4,4,2,4,4,3,4,4,4,4,3.46,10,0,FALSE
Male,Loyal Customer,65,Personal Travel,Eco,2079,5,3,5,4,4,5,4,4,1,2,4,4,4,3.77,0,0,TRUE
Female,Loyal Customer,36,Business Travel,Business,2570,3,3,3,3,5,2,2,4,4,4,4,4,2,3.31,0,17,TRUE
Female,Loyal Customer,26,Personal Travel,Eco,867,2,4,2,4,5,2,5,5,5,1,1,1,5,3.23,0,0,FALSE
Male,Disloyal Customer,22,Business Travel,Eco,1005,3,3,3,4,3,3,3,3,4,3,3,2,3,3.08,10,9,FALSE
Male,Loyal Customer,58,Business Travel,Eco Plus,552,1,2,2,2,1,1,1,1,4,1,3,2,1,1.69,8,14,FALSE
Male,Loyal Customer,21,Personal Travel,Eco,147,2,4,2,3,5,2,5,5,5,4,4,4,5,3.85,0,0,FALSE
Female,Loyal Customer,56,Business Travel,Business,2279,3,5,5,5,2,3,2,3,3,3,3,4,2,3.31,0,14,FALSE
Female,Loyal Customer,56,Business Travel,Business,2952,1,1,1,1,2,4,3,4,4,4,4,4,1,2.62,0,0,TRUE
Male,Loyal Customer,18,Business Travel,Business,3028,3,2,2,2,3,3,3,3,1,5,2,2,3,2.62,0,0,FALSE
Male,Loyal Customer,28,Business Travel,Business,296,2,2,3,2,4,5,4,4,1,5,5,2,4,3.31,0,0,TRUE
Female,Loyal Customer,51,Business Travel,Business,2672,5,5,5,5,3,5,1,4,4,4,4,5,3,4.08,0,0,TRUE
Male,Loyal Customer,48,Business Travel,Business,1868,2,3,3,3,4,4,3,2,2,2,2,2,4,2.77,0,0,FALSE
Female,Loyal Customer,57,Business Travel,Eco,801,4,1,1,1,2,2,3,4,4,4,4,1,2,2.54,11,2,TRUE
Female,Loyal Customer,61,Personal Travel,Business,147,4,5,4,4,2,5,3,4,4,4,4,2,2,3.62,0,0,TRUE
Female,Disloyal Customer,48,Business Travel,Eco,308,0,0,0,3,2,0,2,2,2,5,5,1,2,1.85,10,3,TRUE
Female,Disloyal Customer,19,Business Travel,Eco,1009,2,1,1,3,3,1,3,3,2,1,4,3,3,2.31,0,0,FALSE
Female,Loyal Customer,67,Personal Travel,Eco,1671,4,1,4,3,5,3,3,1,1,4,3,2,2,2.77,0,0,FALSE
Female,Loyal Customer,70,Personal Travel,Eco,517,2,5,2,1,2,5,4,2,2,2,2,5,3,2.85,0,0,FALSE
Female,Loyal Customer,25,Business Travel,Business,2704,1,1,1,1,4,4,4,5,2,5,3,4,4,3,0,1,TRUE
Female,Loyal Customer,46,Business Travel,Business,826,3,3,4,3,1,4,1,5,5,5,5,1,2,3.23,6,40,TRUE
Female,Loyal Customer,50,Personal Travel,Eco,77,3,5,3,3,3,4,4,4,4,3,2,5,5,3.69,0,0,FALSE
Male,Loyal Customer,34,Business Travel,Eco Plus,2565,0,1,1,1,1,4,4,3,1,4,2,4,4,2.31,278,278,TRUE
Female,Loyal Customer,31,Business Travel,Eco,1670,1,1,1,1,1,1,1,1,2,4,4,3,1,1.69,10,3,FALSE
Male,Loyal Customer,33,Business Travel,Business,2291,3,4,5,5,3,3,3,3,2,5,2,1,3,3.23,0,0,FALSE
Female,Loyal Customer,55,Business Travel,Eco,337,4,1,5,1,3,4,3,4,4,4,4,2,2,3.15,0,0,FALSE
Female,Loyal Customer,31,Personal Travel,Eco,616,3,5,3,3,4,3,4,4,2,2,4,1,4,3.23,3,0,FALSE
Male,Loyal Customer,63,Personal Travel,Eco,213,3,0,3,1,5,3,5,5,5,4,4,3,5,3.54,0,5,FALSE
Male,Disloyal Customer,19,Business Travel,Eco,364,1,4,0,1,3,0,2,3,5,3,5,4,3,2.62,0,3,FALSE
Female,Loyal Customer,22,Business Travel,Eco Plus,431,5,2,2,2,5,5,5,5,1,1,4,4,5,3.54,0,0,TRUE
Male,Disloyal Customer,24,Business Travel,Eco,903,0,0,0,1,2,0,2,2,2,1,2,4,2,1.38,0,0,TRUE
Female,Loyal Customer,41,Business Travel,Business,3600,5,5,5,5,4,5,4,4,4,4,4,5,4,4.46,50,48,TRUE
Female,Loyal Customer,49,Business Travel,Business,2322,3,3,3,3,2,4,4,4,4,3,4,3,3,3.31,0,0,TRUE
Female,Loyal Customer,63,Business Travel,Eco,748,2,4,4,4,3,3,3,2,2,2,2,5,1,2.85,0,0,TRUE
Female,Loyal Customer,62,Business Travel,Business,1616,2,2,2,2,5,4,5,4,4,4,4,5,3,3.54,0,0,TRUE
Male,Loyal Customer,37,Business Travel,Business,1506,3,3,5,3,4,5,4,4,4,4,4,4,5,4,47,43,TRUE
Female,Loyal Customer,44,Business Travel,Eco,221,5,5,5,5,5,2,5,5,5,5,5,5,3,4.62,7,27,TRUE
Male,Loyal Customer,46,Business Travel,Business,3234,3,3,3,3,5,4,4,4,4,4,4,3,5,3.77,16,15,TRUE
Female,Disloyal Customer,36,Business Travel,Business,140,2,2,2,1,1,2,1,1,5,2,5,3,1,2.15,0,0,FALSE
Male,Loyal Customer,30,Business Travel,Business,1970,5,5,5,5,5,5,5,5,4,4,5,3,5,4.69,0,0,TRUE
Male,Disloyal Customer,27,Business Travel,Business,581,4,4,4,2,2,4,2,2,4,4,5,3,2,3.23,2,0,TRUE
Male,Loyal Customer,23,Personal Travel,Eco,404,3,1,3,4,3,3,3,3,1,3,3,3,3,2.77,0,0,FALSE
Male,Loyal Customer,26,Personal Travel,Eco,740,2,4,2,2,4,2,4,4,4,4,5,3,4,3.38,43,29,FALSE
Male,Loyal Customer,52,Business Travel,Eco,524,5,1,4,1,5,5,5,5,4,5,4,1,5,3.85,86,100,TRUE
Female,Loyal Customer,57,Personal Travel,Eco,259,4,4,4,4,4,3,3,4,4,4,4,1,3,3.54,0,0,FALSE
Female,Loyal Customer,54,Business Travel,Business,404,2,2,2,2,4,4,5,4,4,4,4,3,4,3.38,77,76,TRUE
Female,Loyal Customer,50,Business Travel,Business,301,3,1,3,3,3,4,4,4,4,4,4,3,3,3.31,0,0,TRUE
Male,Loyal Customer,54,Business Travel,Business,2222,4,4,2,4,4,4,4,4,4,4,4,3,4,3.77,29,24,TRUE
Female,Loyal Customer,46,Business Travel,Business,3665,0,0,0,1,3,5,5,3,3,5,5,4,4,2.92,53,43,TRUE
Female,Loyal Customer,35,Business Travel,Business,3587,2,2,2,2,2,5,5,5,5,5,5,4,5,3.77,0,0,TRUE
Male,Loyal Customer,26,Personal Travel,Eco,1197,1,4,1,2,4,1,5,4,1,4,4,5,4,3.08,0,0,FALSE
Male,Loyal Customer,19,Personal Travel,Eco,632,2,4,2,3,2,2,2,2,3,2,5,3,2,2.62,0,0,FALSE
Female,Loyal Customer,66,Business Travel,Eco,326,2,5,5,5,4,4,4,2,2,2,2,3,2,3.23,39,46,FALSE
Female,Loyal Customer,22,Personal Travel,Eco,1011,3,5,3,1,4,3,4,4,1,1,4,3,4,3.08,18,31,FALSE
Female,Loyal Customer,25,Personal Travel,Eco,163,2,1,2,2,3,2,3,3,4,2,2,3,3,2.46,0,0,FALSE
Male,Loyal Customer,49,Business Travel,Eco,584,5,3,3,3,5,5,5,5,1,4,3,3,5,3.85,0,0,TRUE
Male,Disloyal Customer,21,Business Travel,Eco,364,3,0,3,2,4,3,4,4,5,3,5,4,4,3.38,0,1,FALSE
Male,Loyal Customer,27,Business Travel,Business,1149,3,3,3,3,4,4,4,4,5,3,5,4,4,3.77,0,0,TRUE
Female,Loyal Customer,42,Business Travel,Business,1988,1,1,1,1,2,4,4,4,4,4,4,5,4,3,0,0,TRUE
Female,Disloyal Customer,24,Business Travel,Eco,1039,2,2,2,4,2,2,2,2,2,1,4,1,2,2.15,112,97,FALSE
Female,Loyal Customer,35,Business Travel,Business,1065,5,5,5,5,4,4,5,5,5,5,5,5,5,4.85,65,59,TRUE
Male,Loyal Customer,33,Business Travel,Business,3961,1,1,5,1,4,4,4,4,5,3,5,4,4,3.46,0,11,TRUE
Female,Disloyal Customer,27,Business Travel,Business,936,1,1,1,3,3,1,3,3,5,4,5,5,3,2.92,7,8,FALSE
Female,Loyal Customer,51,Business Travel,Business,767,5,5,5,5,4,5,5,5,5,5,5,5,4,4.85,9,5,TRUE
Female,Loyal Customer,50,Business Travel,Eco,151,4,2,2,2,1,4,4,4,4,4,4,3,5,3.31,13,0,TRUE
Male,Loyal Customer,10,Personal Travel,Business,954,4,3,4,4,4,4,4,4,2,4,3,4,4,3.69,0,0,FALSE
Male,Loyal Customer,59,Business Travel,Business,3886,2,4,2,2,3,5,5,4,4,4,4,3,5,3.62,0,0,TRUE
Male,Disloyal Customer,21,Business Travel,Eco,721,3,3,3,3,4,3,4,4,2,5,2,4,4,3.38,1,2,FALSE
Male,Loyal Customer,22,Business Travel,Business,2275,2,2,2,2,4,4,4,4,5,3,5,4,4,3.46,0,5,TRUE
Female,Loyal Customer,69,Business Travel,Business,2638,2,1,1,1,1,1,2,2,2,3,2,4,4,2,0,0,FALSE
Male,Disloyal Customer,59,Business Travel,Business,500,1,2,2,3,2,1,2,2,1,1,2,4,2,1.92,4,0,FALSE
Female,Loyal Customer,36,Business Travel,Business,151,4,4,4,4,4,2,1,5,5,5,5,3,1,3.62,12,14,TRUE
Female,Loyal Customer,48,Personal Travel,Eco Plus,419,3,5,3,5,4,1,5,2,2,3,2,5,4,3.38,26,22,FALSE
Female,Loyal Customer,30,Business Travel,Eco Plus,1979,3,3,3,3,3,3,3,3,2,2,3,1,3,2.69,2,10,FALSE
Male,Loyal Customer,51,Personal Travel,Eco,496,1,2,1,3,1,1,1,1,2,4,4,1,1,1.77,9,10,FALSE
Female,Loyal Customer,36,Personal Travel,Eco,1303,3,4,3,5,4,3,4,4,4,3,3,4,4,3.69,0,0,FALSE
Female,Loyal Customer,60,Personal Travel,Eco,1660,1,5,1,3,3,5,4,5,5,1,5,4,5,3.62,0,0,FALSE
Female,Loyal Customer,16,Business Travel,Eco,222,4,5,5,5,4,4,3,4,2,4,4,2,4,3.85,21,15,FALSE
Male,Loyal Customer,48,Business Travel,Business,1750,5,5,5,5,5,3,4,5,5,5,5,4,3,4.54,0,2,TRUE
Female,Disloyal Customer,26,Business Travel,Business,432,0,0,0,4,3,0,3,3,4,5,4,4,3,2.54,0,0,TRUE
Male,Loyal Customer,62,Personal Travel,Eco,1404,4,3,3,5,1,3,1,1,5,4,1,3,1,2.69,0,0,TRUE
Female,Disloyal Customer,39,Business Travel,Business,1117,1,1,1,4,3,1,3,3,5,5,3,5,3,2.92,99,110,FALSE
Female,Disloyal Customer,23,Business Travel,Eco,836,4,4,4,3,4,4,1,4,1,4,4,2,4,3.31,35,24,FALSE
Female,Loyal Customer,41,Business Travel,Business,1636,1,1,1,1,4,5,5,5,5,5,5,3,5,3.54,0,0,TRUE
Male,Loyal Customer,45,Business Travel,Business,3906,1,1,1,1,2,4,5,2,2,2,2,3,4,2.31,0,0,TRUE
Female,Loyal Customer,61,Personal Travel,Eco,883,1,4,1,1,2,5,4,3,3,1,3,4,4,2.77,0,0,FALSE
Female,Loyal Customer,34,Business Travel,Business,1638,1,1,1,1,5,4,4,5,5,5,5,4,3,3.38,32,25,TRUE
Female,Loyal Customer,44,Business Travel,Eco Plus,1535,3,5,5,5,5,3,4,3,3,3,3,3,2,3.62,13,1,FALSE
Female,Loyal Customer,31,Personal Travel,Eco,909,5,3,5,3,5,5,5,5,1,1,2,1,5,3.54,4,4,TRUE
Female,Loyal Customer,56,Business Travel,Business,3627,4,2,3,2,4,4,4,4,4,4,4,4,1,3.38,20,39,FALSE
Female,Disloyal Customer,18,Business Travel,Eco,1797,1,1,1,4,1,1,1,1,4,2,2,1,1,1.62,10,29,FALSE
Female,Loyal Customer,9,Personal Travel,Eco,483,2,4,2,3,2,2,4,2,3,5,4,5,2,3.08,48,48,FALSE
Male,Loyal Customer,34,Personal Travel,Eco,2182,2,5,2,3,5,2,5,5,2,2,3,3,5,3.38,0,0,FALSE
Male,Loyal Customer,25,Business Travel,Business,2807,3,3,3,3,4,5,4,4,3,2,5,2,4,3.46,0,0,TRUE
Male,Disloyal Customer,48,Business Travel,Eco,239,2,1,2,1,2,2,5,2,3,3,1,2,2,2.15,14,6,FALSE
Female,Loyal Customer,29,Personal Travel,Eco,871,1,4,1,3,4,1,4,4,5,3,2,3,4,3,0,0,FALSE
Male,Loyal Customer,58,Personal Travel,Eco Plus,226,2,4,2,3,5,2,5,5,4,5,5,4,5,3.92,0,10,FALSE
Female,Loyal Customer,11,Personal Travel,Eco,944,3,4,3,3,3,3,3,3,2,4,3,2,3,3,0,2,FALSE
Male,Loyal Customer,42,Personal Travel,Eco,552,4,0,4,1,1,4,1,1,5,2,5,3,1,2.46,42,23,TRUE
Male,Loyal Customer,49,Business Travel,Business,3513,3,3,3,3,5,4,5,5,5,5,5,4,5,4.23,0,0,TRUE
Female,Disloyal Customer,44,Business Travel,Business,356,3,2,2,2,4,3,4,4,5,2,4,4,4,3.31,0,0,FALSE
Female,Loyal Customer,47,Business Travel,Eco,342,3,2,2,2,3,3,3,3,3,3,3,4,2,2.77,55,47,FALSE
Male,Loyal Customer,67,Personal Travel,Eco,255,2,5,0,1,4,0,4,4,2,5,2,1,4,2.62,13,11,FALSE
Male,Loyal Customer,10,Personal Travel,Eco,642,3,3,3,2,4,3,4,4,4,5,2,2,4,3.31,0,0,FALSE
Male,Loyal Customer,10,Personal Travel,Eco,680,2,5,2,3,1,2,1,1,4,3,5,3,1,2.54,0,0,FALSE
Male,Disloyal Customer,24,Business Travel,Eco,629,3,2,3,4,4,3,4,4,3,5,4,3,4,3.54,23,2,FALSE
Female,Loyal Customer,36,Business Travel,Business,1431,5,5,2,5,4,5,5,2,2,2,2,3,3,3.46,21,12,TRUE
Male,Loyal Customer,26,Business Travel,Business,2048,3,2,2,2,3,3,3,3,4,4,4,2,3,2.92,0,0,FALSE
Female,Loyal Customer,20,Business Travel,Business,507,2,2,2,2,2,2,2,2,5,3,4,5,2,2.69,0,7,TRUE
Female,Loyal Customer,27,Personal Travel,Eco,1009,2,5,2,1,3,2,3,3,3,5,4,4,3,3.08,0,0,FALSE
Male,Loyal Customer,39,Business Travel,Business,2640,2,2,2,2,4,5,1,3,3,3,3,5,4,3,0,0,TRUE
Male,Loyal Customer,73,Business Travel,Business,120,5,5,5,5,3,4,1,4,4,4,3,2,3,3.69,4,1,TRUE
Female,Loyal Customer,59,Business Travel,Business,1726,5,1,5,5,5,4,4,4,4,5,4,3,4,4.08,9,0,TRUE
Male,Loyal Customer,41,Business Travel,Business,2293,1,1,1,1,3,5,4,4,4,4,4,3,5,3.08,0,5,TRUE
Male,Loyal Customer,35,Business Travel,Business,2038,2,4,4,4,3,2,2,2,2,2,2,4,2,2.69,17,39,FALSE
Female,Loyal Customer,11,Personal Travel,Eco,326,4,2,4,2,5,4,1,5,2,5,2,4,5,3.46,0,0,TRUE
Male,Disloyal Customer,52,Business Travel,Business,528,1,1,1,2,4,1,4,4,4,3,4,5,4,2.92,1,0,FALSE
Male,Disloyal Customer,25,Business Travel,Eco,488,3,1,3,2,3,3,3,3,3,2,1,3,3,2.54,14,3,FALSE
Female,Disloyal Customer,39,Business Travel,Business,197,3,3,3,3,5,3,5,5,5,4,4,3,5,3.92,8,40,FALSE
Female,Loyal Customer,38,Business Travel,Business,1705,3,4,3,3,3,4,5,4,4,4,4,5,5,3.92,0,1,TRUE
Female,Loyal Customer,49,Business Travel,Business,1723,4,4,4,4,5,4,4,4,4,4,4,5,3,4.08,0,0,TRUE
Female,Loyal Customer,8,Personal Travel,Eco,199,2,5,2,4,3,2,3,3,1,4,5,4,3,3.15,45,29,FALSE
Male,Loyal Customer,17,Business Travel,Business,190,3,3,3,3,2,2,3,2,1,3,4,1,2,2.46,34,21,FALSE
Male,Loyal Customer,36,Business Travel,Business,3958,1,1,1,1,2,4,4,5,5,5,5,3,4,3.15,4,3,TRUE
Female,Loyal Customer,48,Business Travel,Business,3093,0,0,0,1,5,5,4,5,5,5,3,5,4,3.23,93,102,TRUE
Male,Disloyal Customer,34,Business Travel,Eco,430,1,4,1,4,5,1,5,5,4,5,4,3,5,3.62,0,0,FALSE
Female,Disloyal Customer,24,Business Travel,Eco,1092,2,2,2,4,1,2,1,1,4,1,4,3,1,2.15,17,7,FALSE
Female,Loyal Customer,50,Business Travel,Eco Plus,562,4,2,2,2,2,4,4,4,4,4,4,4,4,3.38,6,1,FALSE
Male,Loyal Customer,55,Personal Travel,Eco,468,2,2,2,4,1,2,1,1,4,1,3,1,1,1.92,0,0,FALSE
Male,Loyal Customer,41,Business Travel,Eco Plus,641,5,1,2,2,5,5,5,5,3,5,4,2,5,3.77,0,4,TRUE
Male,Disloyal Customer,22,Business Travel,Business,250,5,4,5,3,3,5,3,3,4,5,5,3,3,3.92,0,0,TRUE
Female,Loyal Customer,29,Personal Travel,Business,343,1,4,1,2,2,1,2,2,4,4,2,3,2,2.31,3,0,FALSE
Female,Disloyal Customer,55,Business Travel,Business,1133,4,4,4,4,3,4,3,3,5,4,5,5,3,3.92,0,0,TRUE
Male,Loyal Customer,34,Personal Travel,Eco Plus,227,4,5,4,4,3,4,3,3,5,2,4,5,3,3.77,0,3,FALSE
Male,Loyal Customer,14,Personal Travel,Eco,241,1,2,1,3,4,1,4,4,1,2,2,1,4,2.31,0,0,FALSE
Male,Loyal Customer,25,Business Travel,Eco Plus,862,4,3,5,3,4,4,4,4,4,5,3,2,4,3.77,2,0,TRUE
Female,Loyal Customer,53,Business Travel,Business,2077,4,4,4,4,4,4,5,3,3,4,3,3,5,3.85,19,13,TRUE
Male,Loyal Customer,43,Business Travel,Business,148,5,5,4,5,2,4,5,4,4,4,5,3,4,4.15,0,13,TRUE
Male,Loyal Customer,29,Personal Travel,Eco,347,3,5,3,2,3,3,3,3,3,4,5,4,3,3.38,0,0,FALSE
Male,Disloyal Customer,21,Business Travel,Eco,550,4,0,4,4,1,4,1,1,4,2,3,2,1,2.38,20,14,FALSE
Female,Loyal Customer,42,Business Travel,Business,2986,2,2,2,2,3,4,5,3,3,4,3,4,4,3.15,13,0,TRUE
Male,Disloyal Customer,29,Business Travel,Eco,531,4,4,4,3,1,4,3,1,4,3,4,4,1,3.08,0,0,FALSE
Male,Loyal Customer,22,Personal Travel,Eco,184,2,4,2,1,4,2,4,4,3,4,5,5,4,3.38,0,0,FALSE
Male,Loyal Customer,58,Personal Travel,Eco,697,3,4,4,3,5,4,5,5,4,2,5,5,5,4.15,0,7,FALSE
Female,Loyal Customer,42,Personal Travel,Eco Plus,965,3,5,3,4,5,5,5,1,1,3,1,5,3,3.38,0,0,FALSE
Male,Loyal Customer,64,Business Travel,Business,190,2,2,2,2,5,3,3,4,4,3,2,4,4,3.08,0,33,FALSE
Male,Loyal Customer,50,Personal Travel,Eco,1199,3,4,2,3,3,2,3,3,3,5,3,1,3,2.92,0,13,FALSE
Female,Loyal Customer,68,Business Travel,Business,226,5,5,5,5,2,4,4,4,4,4,4,5,5,4.31,0,4,TRUE
Female,Loyal Customer,38,Business Travel,Business,2395,5,5,5,5,1,4,3,4,4,4,4,4,5,4.08,0,0,TRUE
Female,Disloyal Customer,42,Business Travel,Business,776,2,2,2,4,5,2,5,5,2,3,3,4,5,3.38,0,1,FALSE
Female,Loyal Customer,43,Business Travel,Business,979,2,1,1,1,1,3,4,2,2,3,2,3,2,2.08,0,0,FALSE
Female,Disloyal Customer,43,Business Travel,Business,2173,2,2,2,5,1,2,1,1,4,4,4,4,1,2.54,19,0,FALSE
Female,Loyal Customer,59,Business Travel,Business,3757,1,1,4,1,5,4,5,4,4,4,4,5,5,3.62,18,26,TRUE
Male,Loyal Customer,8,Personal Travel,Eco,1013,1,5,1,3,1,1,4,1,2,4,1,2,1,2.08,0,0,FALSE
Female,Loyal Customer,45,Business Travel,Eco,736,4,2,2,2,1,4,4,4,4,4,4,1,3,3,0,6,FALSE
Female,Disloyal Customer,38,Business Travel,Eco,107,3,0,2,3,4,2,4,4,1,3,3,4,4,2.85,0,0,FALSE
Female,Disloyal Customer,28,Business Travel,Business,577,2,2,2,1,2,2,2,2,1,4,5,3,2,2.31,0,29,FALSE
Female,Disloyal Customer,34,Business Travel,Eco,655,1,1,1,4,5,1,5,5,4,1,3,2,5,2.92,0,0,FALSE
Female,Loyal Customer,39,Business Travel,Business,740,2,2,2,2,4,2,3,4,4,4,4,5,4,3.23,0,0,TRUE
Male,Loyal Customer,16,Personal Travel,Eco,73,3,5,3,1,3,3,3,3,3,5,4,3,3,3.23,0,0,FALSE
Female,Loyal Customer,39,Business Travel,Business,2380,5,5,5,5,5,4,4,4,4,4,4,3,5,4.38,0,0,TRUE
Female,Loyal Customer,70,Personal Travel,Eco,577,3,2,3,4,1,4,3,1,1,3,1,3,2,2.38,6,7,FALSE
Male,Disloyal Customer,29,Business Travel,Business,1376,4,4,4,1,3,4,3,3,3,4,4,5,3,3.46,0,0,TRUE
Male,Loyal Customer,13,Personal Travel,Eco,1121,4,5,4,1,1,4,1,1,4,4,5,5,1,3.08,10,0,FALSE
Female,Loyal Customer,39,Business Travel,Business,2736,5,5,5,5,2,5,4,5,5,5,5,5,3,4.54,38,36,TRUE
Female,Loyal Customer,25,Business Travel,Business,304,0,0,0,4,5,5,5,5,4,5,5,5,5,3.69,0,0,TRUE
Female,Loyal Customer,12,Business Travel,Business,2399,4,5,5,5,4,3,4,4,3,5,4,2,4,4,0,0,FALSE
Male,Disloyal Customer,26,Business Travel,Business,1235,5,5,5,3,5,5,5,5,3,2,4,3,5,4.23,0,0,TRUE
Male,Loyal Customer,36,Business Travel,Eco,293,4,5,5,5,4,4,4,4,1,5,3,3,4,3.92,2,0,FALSE
Male,Loyal Customer,38,Business Travel,Business,328,3,3,3,3,3,4,5,5,5,5,5,4,3,3.92,10,5,TRUE
Male,Loyal Customer,46,Business Travel,Business,240,2,2,2,2,3,1,4,5,5,5,5,2,4,3.23,0,3,TRUE
Female,Loyal Customer,17,Business Travel,Business,1846,3,3,3,3,3,2,3,3,3,5,2,4,3,3.08,90,90,FALSE
Female,Loyal Customer,15,Personal Travel,Eco,507,4,5,4,3,3,4,3,3,5,5,4,4,3,3.85,4,0,FALSE
Female,Disloyal Customer,50,Business Travel,Business,140,3,3,3,4,5,3,5,5,3,2,4,4,5,3.77,0,0,FALSE
Female,Loyal Customer,45,Personal Travel,Eco,366,1,4,1,2,3,5,4,3,3,1,3,4,5,3,1,2,FALSE
Female,Disloyal Customer,54,Business Travel,Business,655,1,1,1,3,1,1,1,1,4,3,5,3,1,2,0,2,FALSE
Male,Disloyal Customer,20,Business Travel,Eco Plus,192,0,0,1,4,3,1,1,3,1,1,4,4,3,2,123,117,TRUE
Female,Loyal Customer,25,Business Travel,Business,366,4,4,1,4,3,3,3,3,5,2,2,1,3,2.92,0,0,TRUE
Male,Loyal Customer,49,Business Travel,Business,3716,4,4,4,4,2,4,4,3,3,4,3,3,5,3.62,0,1,TRUE
Female,Loyal Customer,59,Business Travel,Business,2121,3,3,4,3,5,5,4,5,5,5,5,3,4,4.15,0,0,TRUE
Male,Loyal Customer,24,Personal Travel,Eco,1562,3,5,3,4,1,3,1,1,5,3,5,4,1,3,0,0,FALSE
Male,Loyal Customer,10,Personal Travel,Eco Plus,332,4,5,2,1,5,2,5,5,4,2,4,5,5,3.77,0,7,FALSE
Female,Loyal Customer,29,Business Travel,Business,2560,2,4,4,4,2,2,2,2,4,4,2,2,2,2.77,0,0,FALSE
Female,Loyal Customer,51,Business Travel,Business,214,3,3,3,3,4,4,5,4,4,4,4,3,3,3.62,0,14,TRUE
Male,Loyal Customer,64,Personal Travel,Eco,358,2,4,2,3,3,2,3,3,3,5,4,5,3,3.23,0,0,FALSE
Male,Loyal Customer,69,Business Travel,Business,164,3,3,1,3,5,4,1,4,4,4,5,5,5,3.62,0,0,TRUE
Male,Disloyal Customer,35,Business Travel,Eco,1721,4,4,4,4,4,4,4,4,1,5,4,3,4,3.77,0,0,FALSE
Male,Loyal Customer,53,Business Travel,Business,2748,2,2,2,2,3,5,5,4,4,5,4,5,4,3.62,31,12,TRUE
Male,Loyal Customer,51,Business Travel,Eco,542,5,3,3,3,5,5,5,5,5,2,2,4,5,4,8,8,TRUE
Female,Loyal Customer,41,Business Travel,Business,3307,4,4,4,4,4,4,5,5,5,5,5,5,4,4.46,0,0,TRUE
Male,Disloyal Customer,23,Business Travel,Eco,594,5,0,5,2,2,5,2,2,5,5,5,5,2,3.46,9,1,TRUE
Male,Loyal Customer,54,Business Travel,Business,2394,4,4,4,4,3,4,4,5,5,5,5,5,5,4.38,61,50,TRUE
Male,Disloyal Customer,27,Business Travel,Business,551,5,5,5,3,1,5,1,1,3,3,4,4,1,3.15,0,0,TRUE
Female,Loyal Customer,16,Personal Travel,Eco,2402,2,1,1,2,1,1,1,1,2,4,2,1,1,1.54,0,0,FALSE
Male,Loyal Customer,48,Business Travel,Eco,212,3,4,4,4,3,3,3,3,1,4,4,1,3,3.08,107,104,FALSE
Female,Loyal Customer,33,Business Travel,Business,1587,4,4,4,4,3,4,5,5,5,5,5,5,5,4.46,0,1,TRUE
Female,Disloyal Customer,24,Business Travel,Business,110,4,5,4,4,2,4,2,2,5,4,5,4,2,3.62,4,14,TRUE
Female,Disloyal Customer,44,Business Travel,Eco,137,1,1,1,3,2,1,2,2,4,1,3,1,2,1.85,0,0,FALSE
Female,Disloyal Customer,25,Business Travel,Business,604,3,0,3,4,5,3,5,5,3,5,5,5,5,3.92,0,0,FALSE
Female,Loyal Customer,43,Personal Travel,Eco,1276,1,2,1,2,1,4,4,4,3,3,2,4,4,2.69,138,105,FALSE
Female,Loyal Customer,68,Personal Travel,Eco Plus,1107,1,0,0,4,3,4,4,5,5,0,5,4,3,2.92,0,0,FALSE
Female,Loyal Customer,54,Personal Travel,Eco,368,1,2,1,4,1,4,4,2,2,1,2,3,3,2.31,4,3,FALSE
Male,Loyal Customer,53,Personal Travel,Eco,356,2,4,2,2,5,2,5,5,4,2,5,4,5,3.62,0,0,FALSE
Male,Loyal Customer,37,Business Travel,Eco,1407,1,1,1,1,1,1,1,1,3,5,4,1,1,1.69,49,71,FALSE
Female,Loyal Customer,55,Business Travel,Eco,190,3,3,5,5,1,3,3,3,3,3,3,4,3,3.23,0,0,FALSE
Female,Loyal Customer,25,Business Travel,Eco,189,3,2,2,2,3,3,2,3,1,3,2,1,3,2.31,0,0,FALSE
Female,Loyal Customer,45,Business Travel,Business,1444,4,4,3,4,2,5,5,4,4,5,4,5,4,4.08,0,0,TRUE
Male,Loyal Customer,54,Business Travel,Business,151,5,5,5,5,2,4,5,5,5,5,5,4,4,4.54,0,3,TRUE
Female,Loyal Customer,46,Business Travel,Business,3868,4,4,4,4,4,5,5,3,3,4,3,4,4,3.92,0,0,TRUE
Male,Loyal Customer,13,Personal Travel,Eco,1235,3,4,3,2,3,3,4,3,5,5,4,3,3,3.46,0,0,FALSE
Male,Loyal Customer,32,Business Travel,Eco,1222,5,2,2,2,5,5,5,5,3,1,5,1,5,3.54,0,0,TRUE
Male,Loyal Customer,28,Business Travel,Eco,1021,3,2,2,2,3,3,3,3,2,5,4,2,3,2.85,6,0,FALSE
Female,Loyal Customer,52,Personal Travel,Eco,669,4,4,4,4,5,4,5,1,1,4,1,4,3,3.38,9,8,FALSE
Male,Disloyal Customer,27,Business Travel,Business,895,5,5,5,4,4,5,4,4,3,3,5,5,4,4.31,5,2,TRUE
Female,Loyal Customer,13,Personal Travel,Eco,937,0,5,0,1,1,0,1,1,5,3,5,5,1,2.15,0,4,TRUE
Female,Loyal Customer,49,Business Travel,Business,1371,1,1,1,1,5,4,5,4,4,4,4,5,5,3.38,40,,TRUE
Male,Disloyal Customer,36,Business Travel,Business,1315,3,3,3,3,2,3,2,2,5,2,4,3,2,2.85,3,0,FALSE
Female,Disloyal Customer,32,Business Travel,Eco,484,3,0,3,5,5,3,5,5,5,4,1,5,5,3.77,21,16,FALSE
Female,Loyal Customer,43,Business Travel,Business,406,5,5,5,5,5,4,4,5,5,4,5,5,5,4.77,0,18,TRUE
Male,Loyal Customer,51,Business Travel,Business,3749,2,2,2,2,5,5,4,4,4,4,4,3,5,3.54,0,15,TRUE
Male,Loyal Customer,36,Business Travel,Eco,2537,3,5,5,5,3,3,3,4,1,3,3,3,3,3.38,0,0,FALSE
Female,Loyal Customer,21,Personal Travel,Eco,853,2,3,2,5,2,2,2,2,2,2,1,3,2,2.31,16,15,FALSE
Male,Disloyal Customer,30,Business Travel,Eco,532,3,5,3,5,3,3,5,3,5,1,1,3,3,3.31,0,0,FALSE
Female,Disloyal Customer,26,Business Travel,Eco,2422,1,1,1,4,3,1,3,3,4,5,3,3,3,2.69,0,0,FALSE
Male,Loyal Customer,44,Personal Travel,Eco,255,3,2,3,3,2,3,2,2,3,2,3,3,2,2.54,5,8,FALSE
Female,Disloyal Customer,28,Business Travel,Business,1171,3,3,3,4,2,3,2,2,3,2,4,3,2,2.77,10,16,FALSE
Male,Loyal Customer,41,Business Travel,Business,3931,5,5,5,5,4,4,4,5,5,5,5,4,5,4.69,0,0,TRUE
Female,Loyal Customer,50,Business Travel,Business,1337,4,4,4,4,2,4,4,5,5,5,5,5,5,4.31,0,0,TRUE
Female,Loyal Customer,22,Personal Travel,Eco Plus,1072,2,4,2,3,4,2,4,4,5,5,4,3,4,3.54,0,0,FALSE
Male,Loyal Customer,26,Personal Travel,Eco,1744,3,0,3,2,1,3,1,1,4,5,4,5,1,2.54,0,0,FALSE
Female,Loyal Customer,60,Business Travel,Business,737,1,1,1,1,4,5,5,4,4,4,4,4,4,3.23,0,0,TRUE
Male,Loyal Customer,59,Business Travel,Business,2475,1,1,2,1,4,4,4,4,5,5,4,4,4,3.31,0,0,TRUE
Male,Disloyal Customer,35,Business Travel,Eco,496,3,5,3,1,2,3,4,2,2,2,4,3,2,2.77,0,7,FALSE
Female,Loyal Customer,18,Personal Travel,Eco,908,3,5,4,4,3,4,3,3,4,3,5,3,3,3.62,0,0,FALSE
Male,Loyal Customer,45,Business Travel,Business,2257,5,5,1,5,4,5,5,5,5,5,5,3,5,4.46,0,0,TRUE
Female,Loyal Customer,36,Personal Travel,Eco Plus,393,1,4,1,3,2,1,2,2,3,2,5,4,2,2.46,0,0,FALSE
Female,Loyal Customer,40,Business Travel,Business,1709,3,5,3,3,1,1,4,3,3,5,3,1,3,2.92,16,15,TRUE
Male,Loyal Customer,10,Personal Travel,Eco,1011,2,2,2,4,4,2,4,4,4,4,4,4,4,3.38,30,13,FALSE
Female,Loyal Customer,63,Personal Travel,Eco,460,2,4,2,4,3,5,2,5,5,2,5,3,2,3.38,0,0,FALSE
Female,Disloyal Customer,45,Business Travel,Business,569,3,3,3,3,5,3,5,5,5,5,5,3,5,4.08,7,0,FALSE
Male,Loyal Customer,51,Business Travel,Eco,674,4,3,3,3,4,4,4,4,5,5,1,4,4,3.69,3,4,TRUE
Female,Loyal Customer,48,Business Travel,Business,3111,5,5,4,5,4,5,4,4,4,4,4,4,3,4.23,2,1,TRUE
Female,Loyal Customer,51,Personal Travel,Eco,404,3,4,3,3,5,4,5,4,4,3,4,5,5,4,18,4,FALSE
Female,Loyal Customer,29,Personal Travel,Eco,1927,2,4,2,4,3,2,3,3,3,4,3,3,3,3,0,21,FALSE
Female,Disloyal Customer,38,Business Travel,Business,407,1,1,1,3,4,1,4,4,5,2,4,4,4,2.92,78,74,FALSE
Male,Loyal Customer,49,Business Travel,Eco,634,4,4,4,4,4,4,4,4,4,5,2,5,4,4,0,0,TRUE
Female,Loyal Customer,26,Business Travel,Business,696,4,4,4,4,5,5,5,5,3,3,5,4,5,4.31,9,0,TRUE
Female,Loyal Customer,24,Personal Travel,Business,690,1,1,1,3,1,1,1,1,2,2,2,3,1,1.54,0,0,FALSE
Male,Loyal Customer,58,Personal Travel,Eco,640,3,4,3,4,5,3,5,5,4,2,4,5,5,4,0,0,FALSE
Female,Loyal Customer,43,Business Travel,Eco,1075,3,1,1,1,5,5,3,2,2,3,2,1,2,2.38,0,0,TRUE
Female,Loyal Customer,31,Personal Travel,Eco,562,0,4,1,2,1,1,5,1,4,4,5,3,1,2.46,31,35,TRUE
Female,Loyal Customer,46,Personal Travel,Eco,936,3,2,2,3,1,4,3,3,3,2,3,4,4,2.85,0,0,FALSE
Male,Loyal Customer,69,Personal Travel,Eco,255,3,4,3,3,1,3,1,1,4,4,1,1,1,2.31,2,7,FALSE
Male,Loyal Customer,36,Business Travel,Business,2332,1,2,1,1,5,5,3,4,4,4,4,5,3,3.23,0,0,TRUE
Male,Loyal Customer,41,Business Travel,Business,1635,4,4,2,4,5,5,4,5,5,5,5,4,5,4.38,0,0,TRUE
Female,Disloyal Customer,23,Business Travel,Eco,229,5,4,5,4,3,5,3,3,3,5,5,3,3,3.92,0,0,TRUE
Female,Loyal Customer,49,Business Travel,Business,3796,2,2,1,2,5,4,5,5,5,5,5,5,5,3.92,43,60,TRUE
Female,Loyal Customer,57,Business Travel,Business,2403,2,3,3,3,1,4,3,2,2,2,2,1,4,2.46,0,0,FALSE
Female,Loyal Customer,8,Personal Travel,Eco,1009,2,5,2,1,5,2,5,5,3,2,3,3,5,3.31,0,0,FALSE
Male,Loyal Customer,61,Personal Travel,Eco,533,3,5,3,3,4,3,4,4,4,4,5,3,4,3.77,10,0,FALSE
Female,Loyal Customer,50,Business Travel,Business,1825,5,5,5,5,5,4,4,5,5,5,5,4,3,4.62,4,26,TRUE
Male,Loyal Customer,27,Personal Travel,Eco Plus,213,2,5,2,3,3,2,3,3,5,4,5,5,3,3.46,25,76,FALSE
Female,Loyal Customer,23,Business Travel,Business,2740,2,2,2,2,3,3,3,3,3,4,5,4,3,3,0,0,TRUE
Female,Loyal Customer,40,Personal Travel,Eco,175,2,4,0,1,0,4,4,3,3,5,4,4,4,2.92,167,169,FALSE
Male,Loyal Customer,49,Business Travel,Business,270,5,5,4,5,4,4,5,4,4,4,4,5,5,4.46,4,21,TRUE
Female,Loyal Customer,43,Personal Travel,Eco,1521,2,5,2,1,2,5,4,5,5,2,5,5,5,3.69,57,97,FALSE
Female,Loyal Customer,20,Personal Travel,Business,505,4,4,3,3,3,3,5,3,3,3,4,4,3,3.46,0,8,TRUE
Male,Loyal Customer,33,Personal Travel,Eco,1224,2,4,1,4,5,1,5,5,4,5,4,4,5,3.77,18,15,FALSE
Female,Loyal Customer,31,Personal Travel,Eco,472,1,0,1,5,1,1,1,1,5,3,5,3,1,2.15,12,21,FALSE
Female,Loyal Customer,28,Business Travel,Eco Plus,760,1,1,1,1,1,1,1,1,1,2,2,1,1,1.15,22,27,FALSE
Female,Loyal Customer,30,Business Travel,Business,1635,4,4,4,4,4,4,4,4,5,5,4,4,4,4.15,18,25,TRUE
Female,Loyal Customer,63,Personal Travel,Eco,2519,3,1,3,3,2,4,4,1,1,3,1,4,2,2.46,26,24,FALSE
Male,Loyal Customer,31,Personal Travel,Eco,406,4,5,4,3,1,4,1,1,4,2,4,3,1,2.85,27,27,FALSE
Female,Loyal Customer,34,Personal Travel,Eco,834,3,5,3,1,4,3,4,4,4,3,4,5,4,3.62,23,28,FALSE
Male,Loyal Customer,37,Business Travel,Business,1399,3,3,3,3,5,5,5,5,5,5,5,5,5,4.38,0,0,TRUE
Female,Loyal Customer,46,Business Travel,Eco,403,2,5,5,5,4,2,2,2,2,2,2,4,4,3.15,56,52,TRUE
Female,Disloyal Customer,24,Business Travel,Eco,190,2,2,2,3,1,2,1,1,4,5,3,4,1,2.38,35,41,FALSE
Male,Loyal Customer,51,Business Travel,Business,1346,3,3,3,3,5,5,4,4,4,4,4,3,3,3.69,0,0,TRUE
Female,Disloyal Customer,57,Business Travel,Business,1089,4,4,4,2,5,4,5,5,1,1,2,2,5,3.38,0,0,FALSE
Female,Loyal Customer,23,Personal Travel,Business,1182,3,2,3,3,4,3,3,4,1,3,4,3,4,3.08,4,1,FALSE
Female,Loyal Customer,40,Business Travel,Business,3505,0,0,0,4,2,4,4,1,1,1,1,4,3,1.92,0,0,TRUE
Female,Loyal Customer,43,Business Travel,Business,2969,0,4,0,5,2,5,5,1,1,1,1,5,4,2.62,0,9,TRUE
Female,Loyal Customer,20,Personal Travel,Eco,978,3,4,3,1,4,3,5,4,4,5,4,5,4,3.77,0,0,FALSE
Male,Loyal Customer,50,Business Travel,Eco,1426,2,4,4,4,2,2,2,2,2,1,3,4,2,2.62,18,24,FALSE
Male,Loyal Customer,37,Business Travel,Eco,201,4,4,4,4,4,4,4,4,1,1,3,2,4,3.31,0,1,TRUE
Female,Loyal Customer,49,Personal Travel,Eco,179,2,5,2,4,4,2,3,1,1,2,1,3,5,2.69,18,7,FALSE
Male,Loyal Customer,28,Personal Travel,Eco,1609,3,4,3,1,5,3,5,5,4,2,5,3,5,3.69,54,16,FALSE
Male,Loyal Customer,36,Business Travel,Eco,802,5,2,2,2,5,5,5,5,2,2,2,5,5,3.62,0,0,TRUE
Male,Loyal Customer,49,Business Travel,Business,1616,3,1,1,1,1,4,3,3,3,3,3,1,1,2.15,0,0,FALSE
Female,Disloyal Customer,62,Business Travel,Business,446,5,5,5,4,5,5,5,5,3,4,4,4,5,4.54,0,4,TRUE
Male,Loyal Customer,30,Personal Travel,Eco,978,2,4,1,2,3,1,3,3,3,5,5,3,3,2.92,0,0,FALSE
Female,Loyal Customer,45,Business Travel,Business,1649,1,1,1,1,5,5,4,4,4,4,4,5,3,3.23,0,0,TRUE
Female,Disloyal Customer,22,Business Travel,Eco,1325,4,4,4,3,1,4,1,1,1,4,2,2,1,2.46,0,0,FALSE
Male,Loyal Customer,23,Personal Travel,Eco,576,2,5,2,3,1,2,1,1,3,3,5,4,1,2.54,5,18,FALSE
Male,Loyal Customer,18,Business Travel,Eco,102,5,1,4,1,5,5,5,5,4,2,1,4,5,3.62,0,0,TRUE
Male,Loyal Customer,41,Business Travel,Business,3474,2,2,2,2,2,4,4,5,5,5,5,5,5,3.69,0,0,TRUE
Female,Loyal Customer,37,Business Travel,Eco Plus,443,3,4,4,4,3,3,3,3,2,5,3,4,3,3.38,0,0,FALSE
Male,Loyal Customer,45,Business Travel,Business,1632,4,4,4,4,2,4,5,4,4,4,4,5,3,3.92,25,25,TRUE
Female,Loyal Customer,58,Business Travel,Business,606,4,1,1,1,4,2,3,4,4,4,4,1,3,2.77,3,0,FALSE
Female,Loyal Customer,25,Business Travel,Business,1119,4,4,4,4,5,5,5,5,5,3,5,5,5,4.54,29,11,TRUE
Male,Loyal Customer,33,Business Travel,Business,1544,3,3,3,3,5,5,5,5,3,4,5,5,5,4.15,0,0,TRUE
Male,Loyal Customer,49,Business Travel,Business,1671,2,4,4,4,1,4,4,2,2,2,2,1,2,2.62,0,6,FALSE
Female,Loyal Customer,68,Personal Travel,Eco,1067,2,4,2,4,2,4,5,3,3,2,3,5,3,3.23,120,110,FALSE
Female,Disloyal Customer,55,Business Travel,Business,1462,5,5,5,3,5,3,3,4,4,3,5,3,3,3.92,0,0,TRUE
Male,Loyal Customer,57,Business Travel,Business,951,4,4,4,4,2,5,5,5,5,5,5,5,5,4.46,0,12,TRUE
Male,Disloyal Customer,24,Business Travel,Eco,1275,2,3,3,4,3,2,3,3,2,2,4,4,3,2.92,25,35,FALSE
Female,Disloyal Customer,15,Business Travel,Eco,1205,1,1,1,3,3,1,2,3,1,5,4,3,3,2.38,0,0,FALSE
Female,Loyal Customer,59,Business Travel,Business,3533,3,4,3,3,5,5,5,5,5,5,5,5,4,4.38,0,3,TRUE
Male,Loyal Customer,39,Business Travel,Business,650,3,3,3,3,2,4,5,5,5,5,5,3,5,3.92,3,35,TRUE
Female,Loyal Customer,46,Business Travel,Business,2679,3,3,3,3,3,4,4,4,4,4,4,5,3,3.62,2,4,TRUE
Female,Disloyal Customer,32,Personal Travel,Eco,157,3,4,3,4,4,3,4,4,3,4,5,5,4,3.85,0,0,FALSE
Male,Disloyal Customer,20,Business Travel,Eco,150,0,4,1,2,1,1,1,1,2,4,5,4,1,2.08,0,0,TRUE
Female,Loyal Customer,45,Business Travel,Business,2334,1,1,3,1,2,5,5,4,4,4,4,3,3,3.08,2,0,TRUE
Female,Loyal Customer,38,Personal Travel,Eco Plus,1674,3,1,4,3,2,4,2,2,2,5,2,3,2,2.69,39,17,FALSE
Female,Disloyal Customer,26,Business Travel,Eco Plus,867,2,2,2,4,4,2,4,4,3,3,4,4,4,3.23,1,0,FALSE
Male,Loyal Customer,47,Personal Travel,Business,883,0,0,0,3,0,2,2,3,4,4,4,2,2,2,310,305,TRUE
Female,Loyal Customer,24,Personal Travel,Eco,667,1,4,1,1,4,1,5,4,3,3,4,4,4,3,0,0,FALSE
Female,Loyal Customer,30,Business Travel,Business,3425,3,3,3,3,4,5,4,4,4,2,2,4,4,3.46,1,5,TRUE
Female,Loyal Customer,55,Business Travel,Business,591,2,2,2,2,3,5,5,4,4,5,4,3,5,3.54,0,0,TRUE
Female,Disloyal Customer,40,Business Travel,Business,397,5,5,5,5,3,5,3,3,1,1,1,4,3,3.38,0,0,TRUE
Male,Loyal Customer,66,Personal Travel,Eco,235,2,5,2,3,3,2,3,3,3,5,4,5,3,3.31,4,15,FALSE
Male,Loyal Customer,41,Business Travel,Business,2858,1,1,1,1,4,5,4,2,2,2,2,3,5,2.54,3,2,TRUE
Female,Disloyal Customer,23,Business Travel,Eco,605,3,2,3,3,3,3,3,3,1,4,4,2,3,2.85,25,19,FALSE
Female,Disloyal Customer,25,Business Travel,Eco,802,3,3,3,3,5,3,5,5,4,2,1,1,5,3.31,17,0,FALSE
Female,Loyal Customer,12,Personal Travel,Eco,1235,2,5,2,2,5,2,4,5,3,5,4,3,5,3.62,0,0,FALSE
Female,Loyal Customer,46,Business Travel,Business,645,1,1,1,1,2,5,5,4,4,4,4,3,3,2.92,0,0,TRUE
Male,Disloyal Customer,20,Business Travel,Eco,1379,3,4,4,1,2,3,2,2,3,5,4,3,2,2.92,0,9,FALSE
Male,Loyal Customer,24,Business Travel,Eco,679,5,2,2,2,5,5,4,5,4,5,2,4,5,3.85,0,12,TRUE
Female,Loyal Customer,8,Personal Travel,Business,762,1,5,1,5,3,1,3,3,5,5,4,4,3,3.31,4,22,FALSE
Male,Loyal Customer,27,Business Travel,Business,1746,1,1,4,1,4,5,5,4,3,5,4,5,5,3.62,859,860,TRUE
Female,Disloyal Customer,27,Business Travel,Eco,711,1,1,1,4,1,1,2,1,4,1,3,2,1,1.77,0,0,FALSE
Male,Loyal Customer,39,Business Travel,Business,3402,3,1,1,1,1,4,3,3,3,3,3,3,3,2.46,0,0,FALSE
Female,Loyal Customer,43,Business Travel,Business,211,4,5,5,5,2,3,3,3,3,3,4,3,3,3.54,39,30,FALSE
Female,Loyal Customer,64,Business Travel,Business,1602,3,3,3,3,3,2,5,5,5,5,5,5,3,3.85,0,0,TRUE
Female,Loyal Customer,60,Business Travel,Business,1085,2,1,4,1,1,3,3,2,2,2,2,3,3,2.23,4,9,FALSE
Female,Loyal Customer,56,Business Travel,Business,332,5,5,5,5,4,4,5,4,4,4,4,4,4,4.38,0,0,TRUE
Male,Loyal Customer,44,Business Travel,Business,1047,4,4,4,4,3,4,5,5,5,5,5,5,4,4.38,56,81,TRUE
Female,Loyal Customer,47,Personal Travel,Eco,868,1,5,1,2,1,1,4,5,5,1,5,2,5,2.92,0,0,FALSE
Female,Loyal Customer,47,Business Travel,Business,1643,2,4,3,4,4,3,3,3,3,3,2,4,2,3.08,0,0,FALSE
Female,Loyal Customer,47,Business Travel,Business,2556,3,3,3,3,5,4,3,3,3,3,3,2,2,3.08,0,0,FALSE
Female,Disloyal Customer,28,Business Travel,Business,408,1,0,0,1,1,0,1,1,3,5,1,2,1,1.31,0,0,FALSE
Female,Loyal Customer,33,Personal Travel,Eco,2504,3,4,3,2,3,3,3,3,3,4,4,3,3,3.15,0,11,FALSE
Male,Loyal Customer,19,Personal Travel,Eco,260,4,5,0,2,3,0,3,3,1,1,4,2,3,2.38,0,0,FALSE
Female,Loyal Customer,27,Personal Travel,Eco Plus,1024,3,1,3,2,5,3,5,5,3,1,2,4,5,3.23,0,0,FALSE
Female,Loyal Customer,13,Personal Travel,Eco,1205,2,1,2,4,1,2,1,1,1,1,3,1,1,1.62,1,0,FALSE
Male,Loyal Customer,49,Business Travel,Business,1984,2,2,2,2,4,4,4,2,2,2,2,4,4,2.77,29,6,TRUE
Female,Loyal Customer,43,Business Travel,Business,1524,2,2,2,2,4,5,5,2,2,2,2,4,4,2.92,0,0,TRUE
Female,Loyal Customer,28,Personal Travel,Eco,1774,4,4,3,5,3,3,3,3,3,4,4,4,3,3.54,0,0,TRUE
Female,Loyal Customer,19,Personal Travel,Eco Plus,641,1,4,0,4,4,0,4,4,2,1,3,1,4,2.46,0,2,FALSE
Female,Disloyal Customer,59,Business Travel,Eco,408,3,1,2,4,4,2,4,4,2,4,3,4,4,3.15,18,20,FALSE
Male,Loyal Customer,44,Business Travel,Eco,119,4,3,4,3,4,4,4,4,3,4,3,5,4,3.77,32,40,TRUE
Male,Loyal Customer,70,Personal Travel,Eco Plus,763,3,5,3,5,1,3,1,1,4,2,4,4,1,2.85,0,0,FALSE
Female,Loyal Customer,60,Business Travel,Business,1772,2,5,5,5,5,4,3,2,2,2,2,3,4,3.38,0,0,FALSE
Female,Loyal Customer,53,Personal Travel,Eco Plus,1121,3,5,3,3,4,5,5,3,3,3,3,4,3,3.62,0,0,FALSE
Female,Loyal Customer,42,Personal Travel,Eco Plus,584,0,4,0,4,2,5,5,2,2,0,2,5,5,2.77,0,0,TRUE
Male,Loyal Customer,31,Business Travel,Eco,991,0,0,0,3,4,0,4,4,1,3,3,4,4,2.31,0,0,TRUE
Male,Loyal Customer,53,Personal Travel,Eco,1504,1,3,1,4,4,1,3,4,4,3,4,2,4,2.92,0,0,FALSE
Female,Loyal Customer,29,Business Travel,Business,873,3,3,3,3,5,5,5,5,5,4,3,2,5,3.92,0,0,TRUE
Female,Loyal Customer,79,Business Travel,Business,325,3,3,3,3,1,2,2,3,3,3,3,4,1,2.62,16,13,FALSE
Female,Loyal Customer,59,Business Travel,Business,802,2,2,2,2,2,5,5,4,4,4,4,5,4,3.46,0,14,TRUE
Male,Disloyal Customer,29,Business Travel,Business,854,4,5,5,3,1,5,1,1,5,2,5,5,1,3.31,0,0,FALSE
Male,Loyal Customer,41,Personal Travel,Eco Plus,1117,2,4,2,3,1,2,1,1,4,2,4,1,1,2.15,24,0,FALSE
Male,Loyal Customer,29,Personal Travel,Eco,481,1,3,1,4,5,1,5,5,1,5,3,4,5,3.31,0,0,FALSE
Female,Loyal Customer,40,Business Travel,Eco,899,3,1,1,1,3,3,3,3,4,5,3,1,3,2.62,0,8,FALSE
Male,Loyal Customer,52,Business Travel,Business,922,3,3,3,3,2,4,4,5,5,5,5,4,3,3.77,34,48,TRUE
Female,Loyal Customer,45,Business Travel,Eco Plus,2562,4,5,5,5,4,4,4,5,5,3,5,4,4,4.38,0,0,TRUE
Male,Disloyal Customer,24,Business Travel,Eco,108,0,0,0,1,5,0,5,5,5,5,4,3,5,2.92,0,0,TRUE
Male,Loyal Customer,30,Business Travel,Eco,337,4,3,3,3,4,4,4,4,1,2,2,2,4,3.08,0,1,FALSE
Female,Loyal Customer,40,Business Travel,Business,954,3,3,3,3,5,5,5,5,5,5,5,5,3,4.23,0,10,TRUE
Male,Loyal Customer,43,Business Travel,Business,2334,4,4,4,4,3,5,4,4,4,4,4,3,3,3.85,0,0,TRUE
Female,Loyal Customer,57,Business Travel,Business,449,4,4,4,4,3,5,5,4,4,4,4,4,3,4,0,0,TRUE
Male,Loyal Customer,69,Personal Travel,Eco,2399,1,4,1,3,3,1,3,3,4,3,3,4,3,2.77,7,0,FALSE
Female,Disloyal Customer,23,Business Travel,Eco,1014,4,3,3,3,5,3,5,5,4,4,3,3,5,3.85,15,43,FALSE
Female,Disloyal Customer,22,Business Travel,Eco,745,3,3,3,2,4,3,4,4,4,4,3,2,4,3.31,118,113,FALSE
Female,Loyal Customer,23,Personal Travel,Eco,802,3,4,3,5,4,3,4,4,4,3,2,5,4,3.69,7,0,FALSE
Male,Loyal Customer,48,Personal Travel,Eco,406,3,4,3,5,5,3,5,5,4,5,4,5,5,4.31,0,0,FALSE
Male,Loyal Customer,49,Business Travel,Business,2765,3,3,3,3,2,5,4,4,4,4,4,5,3,3.62,24,17,TRUE
Male,Disloyal Customer,26,Business Travel,Eco,173,0,0,0,5,4,0,4,4,2,4,3,3,4,2.54,0,0,TRUE
Female,Disloyal Customer,39,Business Travel,Business,1814,1,1,1,5,5,1,5,5,3,5,3,3,5,3.31,33,30,FALSE
Male,Loyal Customer,69,Business Travel,Business,1822,1,3,3,3,3,2,2,1,1,1,1,4,4,2.23,0,3,FALSE
Male,Disloyal Customer,21,Business Travel,Eco,1145,4,5,5,1,2,5,2,2,3,2,4,5,2,3.23,5,15,TRUE
Male,Loyal Customer,23,Personal Travel,Eco,2704,2,4,2,4,3,2,3,3,4,5,4,5,3,3.38,5,0,FALSE
Male,Loyal Customer,56,Business Travel,Business,2079,5,5,5,5,2,4,5,3,3,2,3,3,3,3.69,0,0,TRUE
Male,Loyal Customer,8,Personal Travel,Eco,954,3,3,3,3,3,3,3,3,3,2,4,3,3,3,4,0,FALSE
Male,Loyal Customer,54,Business Travel,Business,3252,5,5,2,5,3,4,5,4,4,4,4,3,3,3.92,0,0,TRUE
Male,Loyal Customer,39,Business Travel,Eco Plus,404,5,2,2,2,5,5,5,5,3,5,3,3,5,3.85,0,0,TRUE
Female,Loyal Customer,75,Business Travel,Eco,74,2,4,4,4,5,3,4,2,2,2,2,3,3,3.08,0,0,FALSE
Female,Loyal Customer,25,Personal Travel,Eco,667,2,4,1,2,1,1,1,1,3,4,4,4,1,2.23,4,6,FALSE
Male,Disloyal Customer,41,Business Travel,Business,1389,4,4,4,5,5,4,5,5,5,5,5,3,5,4.54,0,0,TRUE
Male,Loyal Customer,42,Business Travel,Business,473,1,1,3,1,2,5,5,5,5,5,5,3,3,3.38,3,0,TRUE
Male,Loyal Customer,59,Business Travel,Business,214,4,4,2,4,3,5,5,3,3,4,4,3,5,3.77,9,0,TRUE
Male,Loyal Customer,68,Personal Travel,Eco,950,4,3,4,4,4,4,4,4,3,4,2,2,4,3.54,0,0,FALSE
Female,Loyal Customer,57,Business Travel,Business,672,2,2,2,2,3,4,4,5,5,5,5,3,5,3.62,18,0,TRUE
Male,Loyal Customer,40,Personal Travel,Eco,160,2,5,0,1,4,0,4,4,5,5,5,3,4,3.23,0,0,FALSE
Male,Loyal Customer,52,Business Travel,Eco,308,5,3,3,3,4,5,4,4,3,5,2,2,4,3.62,0,0,TRUE
Female,Loyal Customer,13,Business Travel,Business,946,1,4,4,4,1,1,1,1,4,3,4,4,1,2.54,49,35,FALSE
Female,Loyal Customer,52,Personal Travel,Eco,748,2,3,2,3,5,3,4,5,5,2,5,2,4,3.46,0,0,FALSE
Female,Disloyal Customer,37,Business Travel,Eco Plus,554,1,1,1,4,3,1,3,3,1,5,4,3,3,2.54,0,6,FALSE
Male,Loyal Customer,7,Personal Travel,Eco,212,3,3,0,4,2,0,2,2,1,3,4,3,2,2.23,0,0,FALSE
Female,Loyal Customer,70,Personal Travel,Eco,1091,2,1,2,3,5,4,3,5,5,2,5,2,1,3.08,72,53,FALSE
Male,Loyal Customer,15,Personal Travel,Eco,372,2,3,2,2,1,2,1,1,3,3,2,3,1,2,4,6,FALSE
Male,Loyal Customer,37,Business Travel,Business,2310,1,1,1,1,2,4,4,5,5,5,5,4,4,3.23,0,0,TRUE
Female,Disloyal Customer,38,Business Travel,Eco Plus,1754,2,1,1,4,2,1,2,2,3,2,3,2,2,2.08,0,0,FALSE
Female,Loyal Customer,41,Personal Travel,Eco,223,2,2,2,3,4,2,4,4,1,2,3,2,4,2.69,2,0,FALSE
Female,Loyal Customer,51,Business Travel,Business,2422,5,5,5,5,2,5,5,2,2,2,2,5,5,3.85,0,8,TRUE
Male,Loyal Customer,33,Business Travel,Eco Plus,191,4,1,1,1,4,4,4,4,1,1,5,4,4,2.92,12,0,TRUE
Male,Loyal Customer,23,Personal Travel,Eco,268,4,4,4,2,3,4,3,3,4,5,2,5,3,3.54,0,0,FALSE
Female,Loyal Customer,16,Business Travel,Eco,407,2,1,1,1,2,2,1,2,4,1,4,1,2,1.85,16,9,FALSE
Male,Disloyal Customer,25,Business Travel,Business,447,1,4,1,3,2,1,2,2,5,3,5,3,2,2.62,11,2,FALSE
Female,Loyal Customer,63,Business Travel,Business,1733,0,0,0,3,3,5,5,5,5,2,2,4,4,2.92,0,0,TRUE
Female,Disloyal Customer,29,Business Travel,Business,1211,1,2,2,2,4,2,2,4,5,2,4,3,4,2.85,41,38,FALSE
Male,Loyal Customer,41,Personal Travel,Eco,192,2,5,2,3,4,2,3,4,5,5,5,3,4,3.62,2,0,FALSE
Female,Loyal Customer,19,Business Travel,Business,109,3,1,1,1,3,3,3,3,3,2,4,3,3,2.54,0,13,FALSE
Female,Loyal Customer,20,Personal Travel,Eco,349,3,3,3,4,4,3,4,4,4,5,3,3,4,3.62,34,17,FALSE
Male,Loyal Customer,10,Business Travel,Business,2544,2,2,2,2,4,4,4,4,3,5,5,4,4,3.46,0,0,TRUE
Female,Loyal Customer,21,Personal Travel,Eco,850,4,5,4,4,5,4,5,5,3,5,5,3,5,4.38,61,44,FALSE
Male,Loyal Customer,28,Personal Travel,Eco,222,0,3,0,4,2,0,4,2,1,1,3,4,2,2,0,,TRUE
Female,Loyal Customer,52,Business Travel,Business,554,1,1,1,1,2,5,4,4,4,4,4,5,4,3.08,0,16,TRUE
Female,Loyal Customer,60,Business Travel,Business,496,4,4,4,4,2,5,5,5,5,5,5,3,3,4.15,12,2,TRUE
Male,Loyal Customer,46,Business Travel,Business,2853,4,4,4,4,3,5,4,2,2,2,2,4,3,3.31,0,0,TRUE
Female,Loyal Customer,22,Business Travel,Business,2230,3,1,1,1,3,3,3,1,4,3,3,3,3,2.46,140,135,FALSE
Male,Loyal Customer,35,Personal Travel,Eco,287,3,5,3,3,5,3,5,5,4,3,5,3,5,4,0,0,FALSE
Female,Loyal Customer,56,Personal Travel,Eco,859,2,3,2,1,5,2,1,2,2,2,2,2,1,2.08,0,0,FALSE
Male,Disloyal Customer,61,Business Travel,Business,237,5,5,5,5,3,5,3,3,3,5,5,3,3,4.08,0,0,TRUE
Male,Disloyal Customer,25,Business Travel,Business,173,5,5,5,2,4,5,3,4,4,3,4,5,4,4.08,0,0,TRUE
Male,Loyal Customer,42,Personal Travel,Business,547,4,2,4,3,1,3,4,2,2,4,5,2,2,2.92,35,49,FALSE
Male,Loyal Customer,12,Personal Travel,Eco,1416,2,5,2,2,2,2,2,2,5,3,5,5,2,3,0,0,FALSE
Female,Loyal Customer,28,Personal Travel,Eco,545,1,5,1,1,4,1,4,4,1,1,5,4,4,2.77,0,2,FALSE
Female,Loyal Customer,50,Personal Travel,Eco,481,2,5,2,3,1,1,2,2,2,2,2,4,4,2.46,3,0,FALSE
Male,Loyal Customer,58,Business Travel,Business,944,1,1,1,1,4,4,5,3,3,4,3,5,4,3,0,0,TRUE
Female,Disloyal Customer,9,Business Travel,Eco,802,1,1,1,3,1,1,1,1,2,1,4,2,1,1.54,0,0,FALSE
Female,Loyal Customer,67,Personal Travel,Eco,334,3,4,3,1,4,5,5,2,2,3,5,5,5,3.62,11,9,FALSE
Female,Disloyal Customer,17,Business Travel,Eco,447,3,4,2,3,4,2,4,4,2,2,4,2,4,3.08,0,6,FALSE
Male,Loyal Customer,34,Business Travel,Business,3392,2,2,4,2,4,2,2,2,2,2,2,3,1,2.31,9,9,FALSE
Female,Loyal Customer,33,Business Travel,Business,2364,3,2,2,2,2,3,3,3,3,3,3,1,3,2.54,89,111,FALSE
Female,Loyal Customer,33,Business Travel,Eco,226,3,2,2,2,3,3,3,3,3,4,3,3,3,2.85,0,0,FALSE
Female,Loyal Customer,24,Business Travel,Business,2630,4,4,4,4,5,5,5,5,3,4,5,5,5,4.46,0,0,TRUE
Female,Loyal Customer,34,Personal Travel,Eco,200,3,1,3,3,3,3,3,3,5,4,4,4,3,3.23,0,0,FALSE
Female,Loyal Customer,30,Business Travel,Eco,228,3,1,3,3,3,3,3,3,3,1,4,3,3,2.77,9,7,FALSE
Female,Disloyal Customer,38,Business Travel,Business,2342,4,4,4,2,1,4,5,1,3,5,4,4,1,3.23,0,14,FALSE
Male,Loyal Customer,62,Business Travel,Eco Plus,327,3,4,4,4,3,3,3,3,1,4,3,4,3,3.23,0,0,FALSE
Female,Disloyal Customer,33,Business Travel,Eco,373,4,5,4,4,2,4,2,2,5,2,4,4,2,3.38,0,0,FALSE
Female,Disloyal Customer,39,Business Travel,Business,515,4,4,4,4,5,4,5,5,4,4,5,3,5,4.31,52,43,TRUE
Female,Loyal Customer,40,Business Travel,Business,1671,4,4,4,4,4,4,5,4,4,4,4,4,5,4.15,0,0,TRUE
Female,Disloyal Customer,27,Business Travel,Eco Plus,2052,1,1,1,3,4,1,4,4,3,5,2,1,4,2.62,3,23,FALSE
Female,Loyal Customer,50,Business Travel,Business,1874,2,1,5,1,1,2,4,2,2,2,2,2,3,2.23,105,105,FALSE
Male,Loyal Customer,31,Business Travel,Business,2463,4,4,4,4,4,4,4,4,4,3,4,5,4,4,0,0,TRUE
Female,Loyal Customer,31,Business Travel,Business,3786,1,1,1,1,4,4,4,4,5,3,5,4,4,3.15,0,0,TRUE
Male,Loyal Customer,59,Business Travel,Business,545,2,1,1,1,4,4,4,2,2,2,2,3,1,2.23,0,0,FALSE
Female,Loyal Customer,55,Business Travel,Business,438,5,5,5,5,3,4,5,5,5,5,5,4,3,4.54,0,0,TRUE
Male,Loyal Customer,20,Personal Travel,Eco Plus,1428,2,1,2,2,4,2,4,4,4,4,2,4,4,3,0,0,FALSE
Female,Loyal Customer,21,Personal Travel,Business,728,1,5,0,1,2,0,2,2,5,2,2,5,2,2.23,0,0,FALSE
Female,Loyal Customer,33,Personal Travel,Eco,449,2,4,2,3,2,2,2,2,3,2,4,3,2,2.54,64,84,FALSE
Female,Loyal Customer,32,Business Travel,Business,841,2,2,2,2,4,4,4,4,1,2,2,4,4,2.85,0,2,TRUE
Female,Loyal Customer,38,Business Travel,Business,3059,0,4,0,1,1,4,4,3,3,2,2,1,1,2,0,2,TRUE
Female,Disloyal Customer,18,Business Travel,Eco,913,2,2,2,3,2,3,3,2,4,2,3,3,3,2.62,41,87,FALSE
Female,Loyal Customer,42,Business Travel,Business,1055,1,1,1,1,2,5,4,3,3,4,3,5,5,2.92,0,1,TRUE
Male,Loyal Customer,33,Business Travel,Business,929,3,2,2,2,3,3,3,3,1,4,4,3,3,2.77,0,0,FALSE
Male,Disloyal Customer,24,Business Travel,Eco,710,4,4,4,1,3,4,3,3,4,5,4,3,3,3.46,0,0,TRUE
Female,Loyal Customer,35,Business Travel,Business,347,4,4,4,4,5,3,2,4,4,4,4,2,5,3.77,0,0,TRUE
Male,Disloyal Customer,26,Business Travel,Eco,341,1,5,1,3,2,1,2,2,4,2,5,1,2,2.38,0,0,FALSE
Female,Loyal Customer,57,Business Travel,Business,696,4,4,4,4,3,5,4,4,4,4,4,4,3,3.92,26,24,TRUE
Female,Disloyal Customer,47,Business Travel,Eco,391,1,0,1,4,3,1,3,3,1,1,1,4,3,2,0,0,FALSE
Female,Disloyal Customer,20,Business Travel,Eco,1442,3,3,3,3,2,3,2,2,4,4,4,3,2,2.92,0,0,FALSE
Male,Loyal Customer,27,Personal Travel,Eco Plus,236,1,1,1,3,1,1,1,1,2,3,3,2,1,1.62,2,2,FALSE
Male,Loyal Customer,49,Personal Travel,Eco,1855,3,4,3,4,3,4,4,3,5,3,3,4,4,3.62,165,224,FALSE
Female,Loyal Customer,11,Personal Travel,Eco,319,3,2,3,4,2,3,2,2,3,4,4,1,2,2.69,30,4,FALSE
Female,Loyal Customer,51,Business Travel,Business,2272,1,1,1,1,4,2,2,1,1,2,1,3,4,1.85,34,27,FALSE
Female,Disloyal Customer,17,Business Travel,Eco,764,2,2,2,4,5,2,5,5,4,4,3,2,5,3.46,0,0,FALSE
Male,Disloyal Customer,23,Business Travel,Eco,423,3,4,3,2,4,3,4,4,5,5,4,3,4,3.69,38,32,FALSE
Female,Disloyal Customer,18,Business Travel,Eco,125,1,3,1,3,4,1,4,4,4,5,3,3,4,3.08,2,2,FALSE
Male,Loyal Customer,20,Personal Travel,Eco,436,2,4,2,3,5,2,5,5,5,2,5,5,5,3.85,31,25,FALSE
Male,Loyal Customer,40,Business Travel,Business,3292,5,5,5,5,2,5,5,4,4,4,4,4,3,4.23,0,0,TRUE
Female,Loyal Customer,47,Business Travel,Business,1660,1,1,1,1,5,4,5,4,4,4,4,3,4,3.15,0,0,TRUE
Male,Loyal Customer,13,Personal Travel,Eco,844,2,4,2,1,1,2,5,1,5,3,5,5,1,2.85,0,0,FALSE
Male,Loyal Customer,53,Personal Travel,Eco,678,2,4,2,5,5,2,5,5,5,2,4,4,5,3.85,16,0,FALSE
Female,Loyal Customer,61,Business Travel,Business,116,0,4,0,4,4,3,2,2,2,2,2,4,4,2.54,14,10,TRUE
Female,Loyal Customer,45,Business Travel,Business,2060,2,2,2,2,5,4,4,2,2,2,2,2,1,2.46,1,0,FALSE
Male,Loyal Customer,38,Business Travel,Business,3282,4,5,5,5,3,3,3,4,4,4,4,1,3,3.69,2,0,FALSE
Male,Disloyal Customer,27,Business Travel,Eco Plus,715,3,2,2,4,3,2,3,3,1,1,4,3,3,2.62,7,0,FALSE
Male,Loyal Customer,8,Personal Travel,Business,160,2,4,2,4,3,2,3,3,4,3,5,3,3,3.15,0,2,FALSE
Female,Loyal Customer,58,Business Travel,Business,628,5,5,5,5,4,5,4,4,4,4,4,5,5,4.54,0,10,TRUE
Female,Disloyal Customer,24,Business Travel,Business,280,4,2,4,3,2,4,4,2,3,3,4,4,2,3.15,0,7,FALSE
Male,Loyal Customer,54,Business Travel,Business,187,5,5,5,5,2,5,5,5,5,5,5,5,4,4.69,0,0,TRUE
Male,Loyal Customer,47,Personal Travel,Business,1751,3,1,3,3,3,4,3,4,4,3,4,3,1,3,9,2,FALSE
Male,Disloyal Customer,17,Business Travel,Eco Plus,928,3,2,3,4,2,3,2,2,4,5,3,3,2,2.92,7,14,FALSE
Male,Loyal Customer,66,Business Travel,Eco Plus,231,4,1,1,1,4,4,4,4,4,4,3,4,4,3.23,0,0,TRUE
Female,Loyal Customer,68,Personal Travel,Eco,550,1,0,2,2,4,4,5,4,4,2,4,3,4,3,0,3,FALSE
Female,Loyal Customer,37,Business Travel,Business,1797,3,3,3,3,5,5,5,4,4,4,4,3,4,3.85,16,4,TRUE
Male,Loyal Customer,15,Personal Travel,Eco,992,1,4,1,1,4,1,4,4,5,3,4,4,4,3.08,0,0,FALSE
Female,Disloyal Customer,25,Business Travel,Business,1262,5,4,5,3,2,5,2,2,5,2,4,5,2,3.54,0,1,TRUE
Female,Loyal Customer,70,Personal Travel,Eco,405,4,4,4,4,3,4,4,2,2,4,3,3,4,3.46,6,0,TRUE
Male,Loyal Customer,68,Personal Travel,Business,292,4,4,5,4,5,4,5,4,4,5,4,5,3,4.31,0,0,FALSE
Female,Disloyal Customer,26,Business Travel,Eco,429,2,2,2,4,4,2,4,4,4,4,3,1,4,3.08,16,7,FALSE
Male,Loyal Customer,40,Business Travel,Business,266,4,4,4,4,3,4,4,5,5,5,5,3,3,4.08,2,7,TRUE
Female,Loyal Customer,10,Personal Travel,Eco,1188,4,4,4,1,4,4,4,4,5,3,5,3,4,3.77,0,0,TRUE
Female,Loyal Customer,56,Business Travel,Business,224,4,4,4,4,5,4,5,4,4,4,4,4,3,4.08,0,0,TRUE
Female,Loyal Customer,23,Personal Travel,Eco,221,2,5,2,3,1,2,1,1,4,4,3,2,1,2.38,0,1,FALSE
Female,Loyal Customer,67,Personal Travel,Eco Plus,2442,3,5,3,3,3,3,3,5,4,5,5,3,3,3.69,0,0,FALSE
Female,Loyal Customer,24,Business Travel,Business,1605,5,5,5,5,5,4,5,5,5,2,5,5,5,4.69,4,0,TRUE
Female,Loyal Customer,36,Personal Travel,Eco,399,2,5,2,4,3,2,3,3,5,3,4,4,3,3.31,0,0,FALSE
Female,Loyal Customer,50,Business Travel,Business,1147,2,2,2,2,2,5,4,5,5,5,5,4,4,3.62,0,,TRUE
Male,Loyal Customer,44,Business Travel,Eco,236,3,2,2,2,4,3,4,4,2,2,3,4,4,3,0,0,FALSE
Male,Loyal Customer,52,Business Travel,Business,369,1,1,1,1,2,4,4,4,4,4,4,5,4,3,0,0,TRUE
Male,Loyal Customer,8,Business Travel,Business,2296,2,2,2,2,4,4,4,4,4,4,4,3,4,3.31,0,0,TRUE
Female,Loyal Customer,40,Business Travel,Business,2519,5,5,5,5,3,4,5,5,5,4,5,3,3,4.38,28,36,TRUE
Female,Loyal Customer,49,Personal Travel,Eco,488,3,4,3,3,1,3,4,5,5,3,5,3,3,3.46,34,24,FALSE
Female,Loyal Customer,41,Business Travel,Business,788,3,3,3,3,5,4,4,4,4,4,4,4,5,3.85,0,0,TRUE
Male,Loyal Customer,40,Business Travel,Business,1739,1,1,1,1,2,4,4,4,4,4,4,5,5,3.08,12,18,TRUE
Male,Loyal Customer,26,Business Travel,Business,3322,1,2,2,2,1,1,1,1,3,5,3,4,1,2.08,0,0,FALSE
Male,Disloyal Customer,29,Business Travel,Business,2133,1,2,2,5,2,2,2,2,4,3,4,4,2,2.69,15,0,FALSE
Male,Loyal Customer,37,Business Travel,Eco,432,5,3,3,3,5,5,5,5,1,3,1,3,5,3.62,36,28,TRUE
Male,Loyal Customer,46,Business Travel,Business,3422,1,1,1,1,2,5,5,5,5,5,5,3,4,3.31,0,0,TRUE
Female,Loyal Customer,34,Business Travel,Business,270,1,0,0,4,5,4,4,5,5,0,5,1,4,2.92,4,,FALSE
Female,Loyal Customer,38,Business Travel,Business,2542,2,1,3,1,5,3,4,2,2,2,2,3,2,2.46,17,13,FALSE
Male,Disloyal Customer,23,Business Travel,Eco,967,4,5,5,3,4,5,4,4,4,1,4,2,4,3.77,17,8,FALSE
Female,Loyal Customer,55,Business Travel,Business,3457,4,4,4,4,1,4,3,4,4,4,4,4,2,3.54,0,0,TRUE
Female,Disloyal Customer,42,Business Travel,Eco,299,4,0,4,1,3,4,4,3,4,5,4,4,3,3.31,0,0,FALSE
Female,Loyal Customer,58,Business Travel,Business,3068,1,1,1,1,2,5,5,4,4,5,4,4,5,3.23,2,1,TRUE
Male,Loyal Customer,57,Business Travel,Business,534,2,2,2,2,4,5,4,5,5,4,5,4,5,3.77,4,6,TRUE
Female,Loyal Customer,36,Personal Travel,Eco,304,5,5,5,4,4,5,4,4,3,4,4,4,4,4.23,0,0,TRUE
Female,Disloyal Customer,21,Business Travel,Business,787,4,0,5,1,2,5,2,2,4,3,5,4,2,3,14,7,TRUE
Female,Loyal Customer,47,Business Travel,Business,413,4,4,4,4,2,3,1,3,3,4,3,3,3,3.15,0,0,TRUE
Male,Loyal Customer,44,Personal Travel,Eco,819,3,0,3,2,3,3,3,3,3,3,5,5,3,3,28,22,FALSE
Female,Loyal Customer,38,Personal Travel,Eco,631,2,4,2,1,1,2,1,1,4,5,5,3,1,2.46,0,0,FALSE
Female,Loyal Customer,39,Personal Travel,Business,2475,4,5,4,3,3,2,4,3,3,4,3,3,4,3.46,0,14,FALSE
Female,Loyal Customer,35,Business Travel,Eco,1010,5,5,5,5,5,5,5,5,2,3,2,1,5,4.08,2,0,TRUE
Male,Loyal Customer,46,Personal Travel,Eco,317,3,2,3,3,2,3,2,2,3,5,3,2,2,2.69,110,118,FALSE
Female,Loyal Customer,44,Personal Travel,Eco,448,4,4,4,1,4,5,4,5,5,4,5,3,3,3.92,0,0,FALSE
Male,Loyal Customer,31,Personal Travel,Eco Plus,1117,1,5,1,3,4,1,4,4,5,3,5,3,4,3.31,0,0,FALSE
Female,Loyal Customer,33,Business Travel,Business,2275,2,3,3,3,4,3,4,2,2,2,2,1,1,2.46,14,7,FALSE
Male,Disloyal Customer,36,Business Travel,Eco,463,3,0,3,1,3,3,3,3,2,1,4,5,3,2.62,4,16,FALSE
Female,Loyal Customer,46,Business Travel,Business,1815,5,5,5,5,5,5,4,4,4,4,4,4,4,4.46,0,0,TRUE
Female,Loyal Customer,20,Business Travel,Business,3274,4,5,3,5,4,4,4,4,1,3,3,1,4,3.46,0,0,FALSE
Female,Loyal Customer,48,Business Travel,Business,153,5,5,5,5,5,5,5,5,5,5,4,4,5,4.85,0,0,TRUE
Female,Loyal Customer,39,Personal Travel,Eco,650,3,1,3,3,2,3,3,2,2,3,3,3,2,2.54,0,16,FALSE
Male,Loyal Customer,57,Personal Travel,Business,1126,0,2,0,3,5,4,4,2,2,0,3,2,3,2.31,0,0,TRUE
Male,Loyal Customer,27,Personal Travel,Eco,1107,1,5,2,4,1,2,1,1,5,2,5,3,1,2.54,0,0,FALSE
Female,Disloyal Customer,23,Business Travel,Eco,1041,2,2,2,3,2,2,2,2,3,5,4,2,2,2.54,61,65,FALSE
Female,Loyal Customer,56,Business Travel,Business,2704,3,3,3,3,2,5,4,1,1,2,1,4,4,2.77,0,0,TRUE
Male,Loyal Customer,57,Personal Travel,Eco,544,4,5,4,4,2,4,2,2,2,1,3,3,2,2.92,0,0,TRUE
Female,Loyal Customer,66,Personal Travel,Eco,1846,3,2,3,3,3,2,3,1,1,3,1,1,1,2.08,0,0,FALSE
Female,Loyal Customer,28,Personal Travel,Eco,236,1,5,1,2,2,1,3,2,5,5,4,5,2,2.92,8,17,FALSE
Male,Loyal Customer,17,Personal Travel,Business,669,2,2,2,4,2,2,2,2,1,3,4,1,2,2.23,16,15,FALSE
Male,Loyal Customer,60,Business Travel,Business,3235,4,4,4,4,2,5,4,5,5,5,5,3,5,4.23,10,1,TRUE
Male,Loyal Customer,67,Personal Travel,Eco,621,2,4,2,3,2,2,2,2,5,5,4,5,2,3.08,0,0,FALSE
Female,Loyal Customer,34,Business Travel,Business,2355,2,2,2,2,4,2,4,2,2,2,2,1,3,2.31,0,0,FALSE
Male,Loyal Customer,49,Business Travel,Business,1744,1,5,5,5,1,4,3,1,1,1,1,4,1,2.54,67,62,FALSE
Female,Loyal Customer,45,Personal Travel,Eco,369,3,4,1,1,2,4,1,2,2,1,2,4,5,2.46,25,10,FALSE
Male,Loyal Customer,46,Business Travel,Business,2664,2,2,2,2,5,4,4,5,5,5,5,3,3,3.62,6,0,TRUE
Female,Loyal Customer,16,Personal Travel,Eco,1810,1,5,1,3,4,1,4,4,4,4,4,4,4,3.31,22,10,FALSE
Male,Loyal Customer,25,Business Travel,Eco,641,5,4,4,4,5,5,4,5,2,1,4,1,5,3.77,5,24,TRUE
Male,Loyal Customer,29,Business Travel,Business,3324,5,5,5,5,4,4,4,4,4,3,4,3,4,4.15,22,0,TRUE
Male,Loyal Customer,43,Personal Travel,Eco,490,1,2,1,2,1,1,1,1,2,2,2,3,1,1.54,0,0,FALSE
Male,Loyal Customer,15,Business Travel,Business,577,4,4,4,4,4,3,4,4,2,3,3,1,4,3.38,0,12,FALSE
Male,Loyal Customer,19,Personal Travel,Eco,302,2,5,2,2,1,2,1,1,5,2,4,4,1,2.46,0,0,FALSE
Male,Loyal Customer,23,Business Travel,Business,759,3,2,2,2,3,3,3,3,4,5,3,3,3,3,2,0,FALSE
Male,Loyal Customer,66,Business Travel,Business,1620,5,5,5,5,2,3,5,4,4,4,4,3,5,4.15,0,5,TRUE
Female,Disloyal Customer,24,Business Travel,Eco,96,2,0,1,1,1,1,1,1,3,4,1,1,1,1.38,0,0,FALSE
Female,Loyal Customer,46,Personal Travel,Eco Plus,643,4,4,4,3,2,5,4,1,1,4,1,5,3,3.15,86,85,FALSE
Male,Loyal Customer,32,Business Travel,Business,2172,2,3,3,3,3,3,2,3,3,1,3,4,3,2.77,0,0,FALSE
Male,Loyal Customer,33,Business Travel,Business,409,3,3,3,3,4,4,4,4,3,5,5,3,4,3.69,41,29,TRUE
Male,Disloyal Customer,30,Business Travel,Business,678,4,4,4,2,5,4,1,5,4,4,4,5,5,3.92,0,0,TRUE
Female,Loyal Customer,9,Personal Travel,Eco,446,2,5,2,4,5,2,5,5,5,5,5,5,5,4.23,8,9,FALSE
Female,Loyal Customer,24,Business Travel,Eco,1197,4,5,5,5,4,4,2,4,3,3,3,1,4,3.62,16,9,FALSE
Female,Loyal Customer,42,Business Travel,Eco,2677,2,3,4,3,3,5,3,2,2,2,2,1,3,2.69,7,0,TRUE
Male,Loyal Customer,58,Business Travel,Business,414,2,5,5,5,3,3,4,2,2,2,2,2,3,3.08,0,0,FALSE
Female,Loyal Customer,54,Business Travel,Business,3743,3,5,2,5,2,3,3,3,3,3,3,4,2,3.15,51,36,FALSE
Female,Loyal Customer,32,Business Travel,Business,3457,3,3,4,3,3,3,3,3,2,4,4,3,3,3.15,266,258,FALSE
Male,Loyal Customer,39,Personal Travel,Eco,544,4,5,4,4,2,4,2,2,5,3,2,1,2,3.08,2,15,FALSE
Female,Loyal Customer,49,Business Travel,Business,3992,5,5,5,5,2,4,5,4,4,4,5,4,3,4.23,0,0,TRUE
Female,Loyal Customer,34,Personal Travel,Eco,102,2,5,0,5,5,0,5,5,5,4,5,3,5,3.77,0,0,FALSE
Male,Disloyal Customer,21,Business Travel,Eco,1207,4,4,4,2,3,4,3,3,3,3,5,5,3,3.54,6,15,FALSE
Female,Loyal Customer,44,Business Travel,Business,1491,5,5,5,5,2,5,4,4,4,4,4,5,3,4.23,41,22,TRUE
Female,Loyal Customer,53,Personal Travel,Eco,944,1,2,1,4,1,3,4,3,3,1,5,4,2,2.62,0,0,FALSE
Female,Loyal Customer,63,Personal Travel,Eco,288,2,4,2,3,4,5,5,1,1,2,1,5,3,2.92,0,0,FALSE
Female,Loyal Customer,62,Personal Travel,Eco,1235,2,4,2,3,5,3,4,4,4,2,4,2,3,3.23,26,4,FALSE
Female,Loyal Customer,28,Personal Travel,Eco,1771,0,1,0,2,3,0,3,3,2,5,2,3,3,2.08,0,0,TRUE
Female,Loyal Customer,24,Personal Travel,Eco,448,2,5,2,3,3,2,3,3,4,5,4,4,3,3.31,0,0,FALSE
Female,Loyal Customer,34,Business Travel,Business,1813,3,3,3,3,4,4,4,4,4,4,4,5,4,3.77,0,0,TRUE
Male,Loyal Customer,48,Business Travel,Business,3921,4,4,4,4,4,5,4,5,5,5,5,5,5,4.54,0,0,TRUE
Male,Loyal Customer,51,Business Travel,Business,1916,4,4,4,4,3,5,4,5,5,5,5,3,5,4.31,11,0,TRUE
Female,Loyal Customer,45,Business Travel,Business,491,4,4,4,4,2,4,5,5,5,5,5,3,3,4.08,3,17,TRUE
Male,Loyal Customer,41,Business Travel,Business,528,4,4,4,4,4,5,4,3,3,3,3,3,4,3.69,15,2,TRUE
Female,Loyal Customer,41,Business Travel,Business,1506,1,1,1,1,4,4,4,4,4,4,4,4,4,3.08,7,0,TRUE
Male,Loyal Customer,62,Personal Travel,Eco,737,4,4,4,4,5,4,5,5,5,3,4,4,5,4.31,74,87,FALSE
Female,Loyal Customer,14,Personal Travel,Eco,1431,2,1,2,2,4,2,5,4,3,2,2,1,4,2.62,32,23,FALSE
Female,Loyal Customer,37,Business Travel,Eco,129,3,3,5,3,3,3,3,3,1,3,1,5,3,3,0,1,TRUE
Female,Loyal Customer,30,Business Travel,Business,3178,4,4,5,4,3,3,3,3,3,2,5,5,3,3.62,13,0,TRUE
Male,Loyal Customer,45,Business Travel,Business,1172,4,4,4,4,5,4,5,4,4,4,4,5,5,4.31,17,,TRUE
Male,Loyal Customer,48,Personal Travel,Eco,236,1,4,0,2,3,0,2,3,5,5,4,4,3,2.77,19,38,FALSE
Female,Loyal Customer,57,Business Travel,Business,2603,1,1,3,1,5,5,5,4,4,5,4,5,5,3.69,0,0,TRUE
Female,Loyal Customer,69,Personal Travel,Business,442,4,2,4,4,5,4,3,2,2,4,2,2,4,3.23,9,9,FALSE
Male,Disloyal Customer,27,Business Travel,Business,134,1,1,1,4,4,1,4,4,5,3,4,4,4,3.08,74,81,FALSE
Female,Loyal Customer,40,Business Travel,Business,2276,4,4,4,4,4,4,4,4,4,4,4,4,3,3.92,0,0,TRUE
Female,Loyal Customer,68,Personal Travel,Eco,247,2,5,2,1,3,4,4,1,1,2,1,5,3,2.62,87,78,FALSE
Female,Loyal Customer,48,Personal Travel,Eco,1747,3,4,3,3,3,4,4,4,2,3,4,4,4,3.46,178,149,FALSE
Female,Loyal Customer,42,Business Travel,Business,2221,3,4,4,4,5,2,3,4,4,4,3,2,4,3.54,0,0,FALSE
Female,Loyal Customer,25,Business Travel,Eco,1008,2,5,2,2,2,2,2,2,4,2,3,2,2,2.46,20,14,FALSE
Female,Disloyal Customer,29,Business Travel,Eco,702,1,1,1,3,1,1,1,1,2,5,4,4,1,2,0,15,FALSE
Female,Loyal Customer,39,Business Travel,Business,1681,4,4,4,4,5,4,5,5,5,5,5,4,5,4.54,0,0,TRUE
Male,Loyal Customer,29,Personal Travel,Eco,569,1,5,2,2,4,2,4,4,5,5,4,5,4,3.62,0,0,FALSE
Male,Disloyal Customer,22,Business Travel,Eco,157,5,4,5,2,4,5,4,4,5,5,5,3,4,4.23,0,2,TRUE
Male,Loyal Customer,29,Business Travel,Eco,1547,4,3,3,3,4,4,4,4,1,4,4,4,4,3.54,5,6,FALSE
Male,Loyal Customer,17,Personal Travel,Eco,489,4,4,4,4,4,4,4,3,4,5,5,4,4,4.08,187,194,FALSE
Male,Loyal Customer,29,Business Travel,Eco,241,4,2,2,2,4,4,4,4,2,2,1,4,4,3,0,0,TRUE
Female,Loyal Customer,7,Personal Travel,Eco,1121,1,4,1,2,5,1,5,5,5,2,4,3,5,3.31,56,86,FALSE
Female,Loyal Customer,55,Business Travel,Business,3660,4,4,4,4,2,5,4,4,4,4,4,5,5,4.08,9,0,TRUE
Male,Loyal Customer,53,Personal Travel,Eco,1620,4,4,4,2,2,4,3,2,3,2,4,4,2,3.08,0,0,TRUE
Female,Disloyal Customer,32,Business Travel,Business,192,4,4,4,2,3,4,3,3,4,4,4,4,3,3.54,0,0,FALSE
Male,Loyal Customer,21,Business Travel,Business,2193,2,2,2,2,4,4,4,4,3,5,5,3,4,3.38,0,0,TRUE
Male,Loyal Customer,55,Personal Travel,Eco,1032,2,5,2,1,2,2,5,2,4,2,5,3,2,2.85,0,0,FALSE
Female,Loyal Customer,53,Business Travel,Business,399,3,3,3,3,5,5,5,5,5,4,5,3,3,4,0,0,TRUE
Female,Loyal Customer,52,Business Travel,Business,414,2,2,2,2,3,4,4,5,5,5,5,3,3,3.46,9,5,TRUE
Male,Loyal Customer,46,Business Travel,Business,2304,4,4,4,4,3,5,4,4,4,4,4,3,3,3.85,0,9,TRUE
Male,Loyal Customer,70,Personal Travel,Eco,1416,2,3,1,4,4,1,2,4,1,5,3,3,4,2.85,0,0,FALSE
Male,Loyal Customer,25,Business Travel,Business,689,5,5,5,5,4,4,4,4,3,5,5,3,4,4.31,17,13,TRUE
Female,Loyal Customer,11,Personal Travel,Eco Plus,503,1,3,1,3,2,1,2,2,4,4,2,2,2,2.23,0,0,FALSE
Female,Disloyal Customer,27,Business Travel,Business,338,3,3,3,5,2,3,2,2,4,2,5,3,2,3,10,0,FALSE
Male,Loyal Customer,31,Business Travel,Business,1121,3,3,3,3,4,4,4,4,5,4,5,4,4,3.85,1,12,TRUE
Male,Loyal Customer,28,Personal Travel,Eco Plus,1189,1,4,1,3,4,1,4,4,4,5,4,5,4,3.38,0,0,FALSE
Male,Loyal Customer,19,Business Travel,Business,3757,4,1,1,1,4,4,4,4,2,3,4,3,4,3,0,0,FALSE
Male,Loyal Customer,58,Business Travel,Business,2286,3,1,1,1,4,3,3,3,3,3,3,4,1,2.54,36,25,FALSE
Female,Disloyal Customer,33,Business Travel,Business,223,3,3,3,1,2,3,2,2,3,4,4,4,2,2.77,1,0,FALSE
Female,Loyal Customer,30,Personal Travel,Eco,1056,2,5,2,2,4,2,4,4,4,4,5,4,4,3.54,9,0,FALSE
Male,Loyal Customer,51,Personal Travel,Eco,1111,4,4,4,1,4,4,4,4,3,2,4,5,4,3.62,0,0,FALSE
Male,Loyal Customer,42,Personal Travel,Eco,1607,1,2,1,2,1,1,1,1,3,3,1,1,1,1.46,0,0,FALSE
Female,Loyal Customer,42,Business Travel,Business,813,4,4,4,4,4,2,2,3,3,3,3,4,5,3.46,50,35,TRUE
Female,Loyal Customer,37,Business Travel,Eco,347,5,3,3,3,5,5,5,5,3,1,5,5,5,4.08,0,0,TRUE
Male,Loyal Customer,45,Business Travel,Business,469,3,3,3,3,3,4,5,5,5,5,5,4,5,4.08,4,4,TRUE
Female,Loyal Customer,55,Personal Travel,Eco,1010,2,4,2,4,3,4,3,4,4,2,4,4,3,3.31,41,12,FALSE
Female,Loyal Customer,68,Personal Travel,Eco,1085,4,2,4,3,3,4,4,3,3,4,3,1,1,3,0,0,FALSE
Male,Loyal Customer,25,Business Travel,Eco,363,4,5,3,5,4,4,4,4,5,2,1,2,4,3.62,43,36,TRUE
Male,Loyal Customer,59,Business Travel,Business,3619,4,4,4,4,5,5,4,5,5,5,5,5,5,4.62,0,0,TRUE
Male,Disloyal Customer,26,Business Travel,Business,1075,4,4,4,2,2,4,3,2,5,5,4,1,2,3.23,25,7,TRUE
Female,Loyal Customer,38,Personal Travel,Eco Plus,888,0,1,0,3,5,0,5,5,3,5,3,3,5,2.92,0,0,TRUE
Male,Loyal Customer,26,Personal Travel,Eco,1109,2,4,2,3,2,2,2,2,4,3,4,3,2,2.69,4,0,FALSE
Female,Loyal Customer,44,Personal Travel,Eco Plus,325,3,4,3,4,5,3,4,5,5,3,5,2,4,3.85,0,0,FALSE
Female,Loyal Customer,24,Personal Travel,Eco,190,2,5,2,5,3,2,5,3,4,4,1,5,3,3.38,27,24,FALSE
Male,Loyal Customer,50,Business Travel,Business,1895,5,5,5,5,2,5,5,5,5,5,5,4,4,4.62,62,81,TRUE
Female,Loyal Customer,47,Business Travel,Business,874,3,3,3,3,3,3,2,3,3,3,3,4,2,2.92,0,0,FALSE
Male,Loyal Customer,26,Personal Travel,Eco,214,3,0,3,3,5,3,5,5,4,4,1,3,5,3.38,0,5,FALSE
Female,Loyal Customer,48,Business Travel,Business,3090,3,3,2,3,2,4,4,4,4,4,4,3,3,3.31,1,0,TRUE
Male,Disloyal Customer,21,Business Travel,Eco,1117,3,3,3,1,3,3,3,3,3,4,4,3,3,3,9,28,FALSE
Female,Disloyal Customer,39,Business Travel,Business,425,2,2,2,2,2,2,2,2,5,5,1,5,2,2.62,0,0,FALSE
Female,Disloyal Customer,24,Business Travel,Business,1334,4,0,4,3,3,4,3,3,4,3,4,2,3,3.08,0,0,FALSE
Female,Loyal Customer,70,Business Travel,Eco,101,4,4,5,4,3,2,1,3,3,4,3,5,2,3.31,0,0,TRUE
Male,Loyal Customer,27,Business Travel,Business,3754,3,4,4,4,3,3,3,3,2,4,4,1,3,3.15,0,0,FALSE
Female,Disloyal Customer,50,Business Travel,Eco,199,2,0,2,1,3,2,3,3,5,5,1,2,3,2.46,0,0,FALSE
Female,Loyal Customer,56,Business Travel,Business,3280,4,4,4,4,2,4,5,3,3,3,3,3,3,3.46,55,74,TRUE
Female,Loyal Customer,33,Business Travel,Business,2225,1,1,1,1,1,4,5,4,4,4,3,1,5,2.69,0,0,TRUE
Male,Loyal Customer,36,Personal Travel,Eco,577,2,5,3,3,1,3,2,1,3,2,4,4,1,2.62,0,0,FALSE
Male,Loyal Customer,53,Personal Travel,Eco,744,2,5,2,3,4,2,4,4,5,5,2,4,4,3.54,102,101,FALSE
Male,Loyal Customer,34,Business Travel,Business,1091,2,2,2,2,4,3,3,5,1,4,5,3,3,3,191,258,TRUE
Male,Loyal Customer,50,Business Travel,Eco Plus,2496,5,5,5,5,5,5,5,5,1,5,5,5,5,4.69,0,0,TRUE
Female,Loyal Customer,53,Personal Travel,Eco Plus,787,1,4,1,2,5,5,5,4,4,1,4,4,4,3.38,4,21,FALSE
Female,Loyal Customer,42,Personal Travel,Business,448,3,4,3,3,1,4,1,3,3,3,3,1,2,2.62,25,8,FALSE
Female,Disloyal Customer,42,Business Travel,Eco Plus,421,2,2,2,3,5,2,5,5,1,5,3,4,5,3.38,43,32,FALSE
Female,Loyal Customer,48,Personal Travel,Eco,1947,1,4,1,3,5,2,4,3,3,1,3,1,2,2.54,11,0,FALSE
Female,Loyal Customer,48,Business Travel,Business,2546,4,4,4,4,4,5,5,5,5,5,3,3,1,4,0,0,TRUE
Female,Loyal Customer,39,Business Travel,Business,868,3,5,5,5,2,2,3,3,3,3,3,4,3,3.38,11,8,FALSE
Male,Loyal Customer,51,Business Travel,Eco Plus,308,3,3,3,3,3,3,3,3,2,1,4,3,3,2.85,0,0,FALSE
Female,Loyal Customer,46,Business Travel,Eco Plus,531,4,3,3,3,3,5,5,4,4,4,4,4,5,3.92,3,0,TRUE
Female,Disloyal Customer,22,Business Travel,Eco,417,2,3,2,3,5,2,5,5,1,5,2,3,5,3.31,5,7,FALSE
Male,Disloyal Customer,40,Business Travel,Eco,495,4,5,4,5,4,4,4,4,3,3,2,1,4,3.62,0,0,FALSE
Male,Loyal Customer,33,Business Travel,Business,352,2,2,2,2,5,5,5,5,4,2,2,5,5,3.54,0,0,TRUE
Male,Loyal Customer,60,Business Travel,Business,363,2,2,2,2,3,5,5,4,4,4,4,5,4,3.54,1,4,TRUE
Female,Loyal Customer,49,Business Travel,Business,2434,5,5,5,5,3,5,5,4,4,4,4,4,5,4.46,8,0,TRUE
Female,Loyal Customer,54,Business Travel,Business,919,1,1,1,1,3,5,4,4,4,4,4,3,4,3,0,0,TRUE
Female,Loyal Customer,53,Business Travel,Business,2457,2,2,2,2,3,5,4,4,4,4,4,5,5,3.54,0,0,TRUE
Male,Loyal Customer,50,Business Travel,Eco,834,5,2,2,2,5,5,5,5,3,1,1,2,5,3.31,0,0,TRUE
Female,Loyal Customer,55,Business Travel,Business,3640,4,4,4,4,4,5,4,4,4,4,4,5,4,4.15,0,0,TRUE
Female,Disloyal Customer,28,Business Travel,Business,925,3,3,3,2,5,3,5,5,5,3,4,3,5,3.77,31,6,FALSE
Male,Loyal Customer,34,Business Travel,Business,821,5,5,5,5,2,4,4,4,4,4,4,5,4,4.23,0,0,TRUE
Female,Loyal Customer,42,Personal Travel,Business,351,2,3,2,2,2,3,3,1,3,3,2,3,3,2.46,692,702,FALSE
Female,Loyal Customer,36,Business Travel,Eco,192,4,4,4,4,4,4,4,4,2,1,3,1,4,3.31,30,25,FALSE
Female,Loyal Customer,21,Personal Travel,Eco,628,2,5,1,4,1,1,1,1,4,3,5,5,1,2.62,0,0,FALSE
Female,Loyal Customer,59,Personal Travel,Eco,196,3,5,3,2,4,5,5,5,5,3,5,5,4,4.15,2,0,FALSE
Female,Loyal Customer,66,Personal Travel,Business,328,2,4,5,3,5,5,4,2,2,5,3,4,3,3.62,0,0,FALSE
Male,Loyal Customer,29,Business Travel,Business,2543,4,4,4,4,5,5,5,5,4,2,5,3,5,4.23,0,0,TRUE
Male,Loyal Customer,52,Business Travel,Business,1568,4,4,4,4,5,5,5,5,5,4,5,3,5,4.46,2,0,TRUE
Male,Loyal Customer,34,Personal Travel,Eco,2475,2,3,2,4,1,2,1,1,5,3,4,1,1,2.31,0,0,FALSE
Male,Loyal Customer,49,Business Travel,Eco,771,5,4,2,2,4,5,4,4,2,1,4,1,4,3.23,0,0,TRUE
Female,Loyal Customer,45,Business Travel,Eco Plus,290,2,4,4,4,3,4,3,2,2,2,2,2,3,2.85,3,21,FALSE
Male,Disloyal Customer,32,Business Travel,Business,222,1,1,1,4,5,1,5,5,5,5,3,1,5,3.23,0,5,FALSE
Female,Loyal Customer,48,Business Travel,Eco,370,4,3,3,3,2,4,4,4,4,4,4,4,2,3.46,0,0,FALSE
Female,Loyal Customer,32,Business Travel,Business,3391,3,3,3,3,4,4,4,4,3,4,4,4,4,3.62,0,0,TRUE
Male,Loyal Customer,8,Personal Travel,Eco,517,1,5,1,2,5,1,5,5,3,4,5,3,5,3.46,30,27,FALSE
Female,Disloyal Customer,26,Business Travel,Business,1061,0,0,0,4,3,0,1,3,5,2,4,4,3,2.23,0,3,TRUE
Male,Loyal Customer,35,Personal Travel,Eco,937,3,5,2,5,1,2,1,1,3,4,5,5,1,2.92,22,24,FALSE
Female,Disloyal Customer,24,Business Travel,Business,931,5,2,5,3,5,1,1,4,3,5,4,1,1,3.08,0,0,TRUE
Male,Loyal Customer,23,Personal Travel,Eco,187,2,5,2,3,2,2,2,2,5,3,5,3,2,2.92,23,14,FALSE
Male,Loyal Customer,67,Personal Travel,Eco Plus,370,3,0,3,5,4,3,4,4,4,4,3,3,4,3.38,0,0,FALSE
Female,Loyal Customer,30,Personal Travel,Eco Plus,409,2,5,2,1,2,2,2,2,5,3,5,4,2,2.85,0,0,FALSE
Male,Loyal Customer,58,Personal Travel,Eco,634,2,3,2,3,5,2,3,5,2,1,3,4,5,3.08,0,0,FALSE
Female,Loyal Customer,38,Business Travel,Business,2432,4,5,5,5,4,3,3,1,1,1,4,2,1,3,0,38,FALSE
Male,Loyal Customer,37,Business Travel,Business,3508,1,1,2,1,5,1,2,5,5,5,5,4,4,3.15,0,0,TRUE
Female,Disloyal Customer,39,Business Travel,Business,1437,5,5,5,3,4,5,4,4,4,5,2,4,4,4.15,40,64,TRUE
Male,Disloyal Customer,36,Business Travel,Business,928,2,2,2,5,1,2,3,1,5,3,5,5,1,2.85,12,9,FALSE
Male,Loyal Customer,39,Business Travel,Business,1235,5,1,5,5,4,4,5,4,4,4,4,3,5,4.08,73,60,TRUE
Female,Loyal Customer,37,Business Travel,Business,2401,2,2,2,2,4,1,3,5,5,5,5,3,2,3.15,0,0,TRUE
Male,Loyal Customer,29,Personal Travel,Eco,717,3,5,3,2,4,3,1,4,4,2,4,5,4,3.38,97,86,FALSE
Male,Disloyal Customer,29,Business Travel,Eco,886,2,2,2,2,2,2,5,2,1,4,3,4,2,2.54,0,3,FALSE
Female,Loyal Customer,24,Business Travel,Business,628,5,5,5,5,4,4,4,4,1,1,2,5,4,3.77,49,60,TRUE
Male,Loyal Customer,8,Business Travel,Business,998,4,2,2,2,4,4,4,4,2,3,4,3,4,3.23,4,11,FALSE
Female,Loyal Customer,55,Business Travel,Business,3810,2,2,2,2,4,5,4,4,4,4,4,5,5,3.62,0,2,TRUE
Male,Loyal Customer,45,Business Travel,Business,2300,3,3,3,3,4,5,5,3,3,3,3,3,5,3.54,0,0,TRUE
Female,Disloyal Customer,13,Business Travel,Eco,1117,5,5,5,1,3,5,1,3,2,3,2,2,3,3.08,0,3,TRUE
Male,Loyal Customer,63,Business Travel,Eco,2182,3,5,5,5,3,3,3,3,4,3,2,3,3,3.46,1,0,FALSE
Female,Loyal Customer,20,Business Travel,Eco,373,3,2,3,2,3,3,1,3,1,3,3,3,3,2.54,59,62,FALSE
Female,Loyal Customer,17,Personal Travel,Eco,328,2,4,2,3,5,2,5,5,3,1,2,4,5,3.31,3,11,FALSE
Female,Loyal Customer,44,Business Travel,Business,616,2,2,2,2,5,4,4,4,4,4,4,4,4,3.46,3,5,TRUE
Male,Loyal Customer,70,Personal Travel,Eco,719,1,4,1,3,5,1,5,5,4,5,5,5,5,3.77,0,0,FALSE
Male,Disloyal Customer,33,Business Travel,Business,373,4,4,4,4,5,4,5,5,1,3,3,3,5,3.85,0,3,FALSE
Female,Loyal Customer,43,Business Travel,Business,2079,5,5,4,5,3,4,4,5,5,5,5,3,5,4.46,2,0,TRUE
Male,Loyal Customer,38,Business Travel,Eco Plus,288,2,4,3,4,2,2,2,2,1,4,4,1,2,2.54,0,0,FALSE
Female,Loyal Customer,16,Personal Travel,Eco,536,1,5,1,2,5,1,5,5,3,2,4,3,5,3.23,0,0,FALSE
Female,Loyal Customer,30,Personal Travel,Eco Plus,239,5,5,5,3,4,5,4,4,4,3,4,3,4,4.08,2,0,TRUE
Female,Loyal Customer,50,Business Travel,Business,2461,3,4,3,3,4,5,4,5,5,5,5,3,5,4.15,24,52,TRUE
Male,Loyal Customer,35,Personal Travel,Eco Plus,507,3,5,3,1,2,3,4,2,3,2,4,4,2,2.92,0,0,FALSE
Female,Loyal Customer,64,Personal Travel,Eco,744,2,4,2,1,3,4,5,4,4,2,1,2,4,2.92,0,6,FALSE
Male,Loyal Customer,38,Business Travel,Business,2182,2,2,2,2,2,4,4,5,5,5,5,3,4,3.46,0,0,TRUE
Female,Loyal Customer,61,Personal Travel,Eco,153,3,5,3,2,3,5,4,4,4,3,4,5,4,3.77,66,65,FALSE
Male,Loyal Customer,28,Business Travel,Business,3267,1,1,1,1,4,4,4,4,3,2,4,3,4,2.77,0,0,TRUE
Male,Loyal Customer,59,Personal Travel,Eco,1874,2,1,2,1,3,2,3,3,1,4,2,1,3,2.15,0,0,FALSE
Male,Disloyal Customer,24,Business Travel,Business,391,5,0,5,4,1,5,1,1,5,4,4,5,1,3.15,0,0,TRUE
Male,Loyal Customer,53,Personal Travel,Eco,192,1,4,0,3,4,0,4,4,4,4,5,3,4,3.08,71,72,FALSE
Male,Loyal Customer,35,Personal Travel,Eco,600,2,3,2,3,2,2,2,2,4,4,2,5,2,2.69,9,5,FALSE
Male,Loyal Customer,42,Business Travel,Eco,1243,2,5,5,5,1,2,1,1,4,5,3,1,1,2.77,57,33,FALSE
Female,Loyal Customer,52,Personal Travel,Eco,944,3,4,3,3,4,3,3,2,2,3,2,2,4,2.92,7,3,FALSE
Female,Loyal Customer,46,Business Travel,Eco,1428,4,4,3,4,4,4,2,5,5,4,5,3,3,3.85,0,4,TRUE
Male,Loyal Customer,18,Personal Travel,Eco,1199,2,3,2,1,3,2,3,3,3,3,3,2,3,2.54,5,0,FALSE
Male,Loyal Customer,31,Business Travel,Business,1810,5,5,5,5,3,4,3,3,4,2,4,4,3,3.85,98,95,TRUE
Male,Loyal Customer,35,Personal Travel,Eco,373,3,1,1,2,2,1,2,2,2,4,1,4,2,2.08,0,4,FALSE
Male,Loyal Customer,8,Personal Travel,Eco,2615,2,4,2,2,2,5,3,5,3,3,5,3,3,3.23,0,0,FALSE
Female,Loyal Customer,38,Business Travel,Business,2259,3,4,3,3,4,5,4,5,5,5,5,5,5,4.31,0,0,TRUE
Male,Loyal Customer,15,Personal Travel,Eco Plus,735,4,2,4,3,1,4,1,1,2,4,3,4,1,2.62,0,0,FALSE
Female,Loyal Customer,65,Personal Travel,Eco,1390,2,2,2,4,3,4,3,3,3,2,1,1,4,2.62,55,47,FALSE
Male,Loyal Customer,47,Business Travel,Eco,920,4,2,2,2,4,4,4,4,2,1,3,3,4,3,0,0,TRUE
Female,Disloyal Customer,27,Business Travel,Eco,959,4,3,3,4,4,5,5,4,4,4,4,5,5,4.15,6,40,FALSE
Male,Loyal Customer,12,Personal Travel,Eco,630,2,1,2,3,3,2,3,3,3,5,4,2,3,2.77,0,0,FALSE
Male,Loyal Customer,11,Business Travel,Eco Plus,1754,4,1,1,1,4,3,2,4,1,2,2,4,4,2.54,10,0,FALSE
Male,Disloyal Customer,33,Business Travel,Business,370,3,4,4,2,3,4,3,3,4,3,5,3,3,3.38,41,76,FALSE
Male,Loyal Customer,59,Personal Travel,Eco,1192,3,4,3,3,5,3,5,5,2,1,4,4,5,3.62,0,0,FALSE
Female,Loyal Customer,57,Personal Travel,Eco,1416,2,2,1,4,3,4,4,4,4,1,4,2,4,3,0,0,FALSE
Female,Disloyal Customer,29,Business Travel,Business,2075,5,5,5,1,3,5,3,3,3,4,5,5,3,3.85,0,18,TRUE
Male,Loyal Customer,31,Business Travel,Eco Plus,589,4,4,4,4,4,4,4,4,5,1,4,1,4,3.62,0,0,TRUE
Female,Loyal Customer,38,Business Travel,Business,1460,2,2,2,2,3,4,5,3,3,3,3,5,4,3.15,6,0,TRUE
Male,Disloyal Customer,30,Business Travel,Eco,944,2,1,1,3,1,1,1,1,1,2,4,2,1,1.62,0,0,FALSE
Female,Loyal Customer,47,Business Travel,Business,409,5,5,1,5,4,5,4,4,4,4,4,3,3,3.92,0,28,TRUE
Male,Loyal Customer,47,Business Travel,Business,421,2,4,2,2,4,3,3,2,2,2,2,3,1,2.46,60,50,FALSE
Female,Loyal Customer,57,Business Travel,Business,762,2,2,2,2,2,4,4,4,4,4,4,4,3,3.15,11,1,TRUE
Male,Loyal Customer,56,Business Travel,Business,2475,3,3,3,3,5,5,5,4,5,4,5,5,5,4.23,24,29,TRUE
Female,Loyal Customer,21,Personal Travel,Eco,191,1,5,1,2,3,1,3,3,4,4,4,4,3,2.92,0,0,FALSE
Female,Loyal Customer,16,Business Travel,Eco,1504,4,2,2,2,4,4,3,4,4,2,5,4,4,3.38,2,14,TRUE
Male,Loyal Customer,26,Personal Travel,Eco,134,2,4,2,1,5,2,5,5,3,2,5,4,5,3.46,0,0,FALSE
Male,Loyal Customer,24,Personal Travel,Eco,920,5,5,5,1,4,5,1,4,3,2,5,4,4,3.69,9,1,TRUE
Female,Disloyal Customer,14,Business Travel,Eco,763,4,4,4,2,4,4,4,4,3,5,1,4,4,3.62,0,0,TRUE
Male,Disloyal Customer,12,Business Travel,Eco,1119,3,3,3,3,4,3,4,4,4,2,4,3,4,3.38,0,17,FALSE
Male,Loyal Customer,27,Business Travel,Business,3455,4,4,2,4,4,4,4,4,4,3,5,5,4,3.92,9,0,TRUE
Female,Disloyal Customer,45,Business Travel,Business,1020,5,5,5,1,1,5,1,1,4,5,5,5,1,3.38,10,14,TRUE
Female,Loyal Customer,47,Personal Travel,Eco,1744,1,2,1,4,2,4,3,3,3,1,3,1,4,2.46,8,6,FALSE
Female,Loyal Customer,51,Personal Travel,Eco,1005,2,4,2,3,5,4,4,2,2,2,2,3,4,3,6,21,FALSE
Female,Loyal Customer,42,Business Travel,Business,1379,4,4,4,4,3,5,4,4,4,4,4,3,5,4,37,22,TRUE
Female,Loyal Customer,52,Business Travel,Business,2454,4,4,5,4,4,4,4,4,3,3,4,4,4,3.92,0,0,TRUE
Female,Loyal Customer,43,Business Travel,Business,468,5,5,5,5,5,5,5,4,5,4,4,5,5,4.77,321,360,TRUE
Female,Loyal Customer,46,Personal Travel,Eco,712,4,3,4,1,2,5,4,1,1,4,1,5,3,2.92,0,14,FALSE
Female,Disloyal Customer,77,Business Travel,Eco,159,2,1,2,2,3,2,3,3,1,5,3,2,3,2.46,3,0,FALSE
Female,Loyal Customer,58,Personal Travel,Eco,837,3,5,3,2,4,5,5,1,1,3,1,5,2,3.08,0,0,FALSE
Male,Loyal Customer,59,Personal Travel,Business,605,1,5,1,5,4,4,5,3,3,1,3,3,5,3.31,0,7,FALSE
Female,Loyal Customer,41,Business Travel,Business,2010,2,2,2,2,4,4,5,4,4,4,4,3,4,3.38,41,29,TRUE
Male,Disloyal Customer,24,Business Travel,Business,325,4,2,4,3,2,4,4,2,4,3,5,3,2,3.23,1,3,TRUE
Male,Loyal Customer,30,Business Travel,Business,2115,1,1,5,1,4,4,5,4,3,5,1,1,4,3,2,0,TRUE
Male,Loyal Customer,52,Business Travel,Business,2944,4,4,4,4,5,5,5,5,5,4,5,5,5,4.62,0,0,TRUE
Male,Loyal Customer,31,Business Travel,Business,406,1,1,1,1,4,4,4,4,1,1,3,4,4,2.54,0,0,TRUE
Female,Loyal Customer,46,Business Travel,Business,1565,3,3,3,3,3,5,5,5,5,5,5,3,4,4,4,0,TRUE
Male,Loyal Customer,32,Business Travel,Business,1922,2,2,2,2,5,5,5,5,4,3,5,4,5,3.77,0,0,TRUE
Male,Disloyal Customer,59,Business Travel,Eco,511,1,2,2,2,2,2,2,2,4,4,2,1,2,2.15,44,35,FALSE
Male,Loyal Customer,44,Business Travel,Business,315,5,5,3,5,5,4,4,4,4,4,4,5,4,4.31,69,72,TRUE
Male,Loyal Customer,22,Business Travel,Business,1046,1,1,1,1,5,5,5,5,5,3,3,5,5,3.46,0,0,TRUE
Male,Loyal Customer,45,Business Travel,Business,2414,5,5,5,5,3,4,4,4,4,4,4,5,5,4.38,15,13,TRUE
Male,Loyal Customer,36,Personal Travel,Eco,589,4,4,4,2,2,4,2,2,5,5,5,4,2,3.46,0,0,FALSE
Male,Disloyal Customer,36,Business Travel,Eco,130,1,1,1,3,2,1,2,2,4,3,4,1,2,2.08,0,0,FALSE
Male,Loyal Customer,34,Personal Travel,Eco,1276,1,5,1,5,4,1,2,4,3,4,5,5,4,3.38,0,0,FALSE
Female,Loyal Customer,19,Personal Travel,Eco,762,3,4,3,3,1,3,1,1,5,4,5,2,1,2.77,0,0,FALSE
Female,Loyal Customer,70,Personal Travel,Eco Plus,347,3,5,3,3,4,5,5,1,1,3,1,3,3,3.08,21,12,FALSE
Female,Loyal Customer,43,Business Travel,Business,3652,4,4,4,4,2,5,5,4,4,4,4,4,5,4.08,0,0,TRUE
Male,Loyal Customer,42,Business Travel,Business,3945,5,5,3,5,4,2,4,4,4,4,4,4,1,3.77,0,0,TRUE
Female,Loyal Customer,29,Personal Travel,Business,1947,4,5,4,1,2,4,4,2,5,2,4,4,2,3.31,0,0,FALSE
Female,Loyal Customer,12,Personal Travel,Eco,432,5,5,5,4,5,5,5,5,1,1,5,2,5,4.08,0,0,TRUE
Male,Loyal Customer,42,Business Travel,Business,2586,1,1,1,1,5,5,5,4,2,4,4,5,5,3.31,0,0,TRUE
Female,Loyal Customer,27,Business Travel,Eco,2079,1,5,5,5,1,1,1,1,3,5,1,4,1,2.62,7,53,FALSE
Female,Loyal Customer,11,Personal Travel,Business,543,2,5,2,1,1,2,1,1,4,3,5,4,1,2.46,7,0,FALSE
Male,Loyal Customer,56,Personal Travel,Eco,581,2,4,2,3,4,2,1,4,5,4,5,5,4,3.46,4,0,FALSE
Female,Loyal Customer,36,Business Travel,Business,312,4,2,2,2,4,3,3,4,4,4,4,4,3,3.31,71,67,FALSE
Female,Loyal Customer,31,Business Travel,Business,3252,4,4,3,3,4,4,4,4,1,2,3,1,4,3.15,0,0,FALSE
Male,Loyal Customer,25,Personal Travel,Eco,192,3,5,3,2,5,3,5,5,3,5,5,5,5,4.15,37,34,FALSE
Male,Loyal Customer,58,Personal Travel,Eco,236,2,5,2,2,4,2,4,4,5,2,5,5,4,3.54,5,0,FALSE
Male,Loyal Customer,16,Personal Travel,Eco,651,2,3,2,2,1,2,1,1,5,3,4,3,1,2.31,40,19,FALSE
Male,Loyal Customer,51,Business Travel,Eco,404,4,1,1,1,4,4,4,4,3,5,1,5,4,3.15,62,62,TRUE
Male,Loyal Customer,14,Personal Travel,Eco,640,1,4,1,3,4,1,4,4,5,3,5,4,4,3.31,4,1,FALSE
Female,Loyal Customer,25,Business Travel,Eco Plus,826,4,4,4,4,4,4,4,4,1,4,4,4,4,3.77,0,0,FALSE
Male,Loyal Customer,64,Personal Travel,Eco,1167,3,4,3,2,2,3,2,2,5,5,5,5,2,3.31,4,0,FALSE
Male,Loyal Customer,40,Business Travel,Business,501,3,1,3,3,5,4,3,3,3,3,3,3,5,3.23,0,0,TRUE
Female,Loyal Customer,49,Business Travel,Business,1961,4,4,3,4,5,4,5,4,4,4,4,4,5,4.15,0,0,TRUE
Male,Disloyal Customer,22,Business Travel,Eco,101,4,0,5,5,3,5,3,3,4,1,2,3,3,3.15,0,3,TRUE
Male,Disloyal Customer,23,Business Travel,Business,370,4,5,4,5,4,1,5,3,2,4,4,5,5,3.92,205,193,TRUE
Male,Loyal Customer,34,Personal Travel,Eco,651,2,2,2,4,5,2,5,5,2,5,3,3,5,3.46,24,28,FALSE
Female,Loyal Customer,43,Personal Travel,Eco,258,2,4,0,1,1,3,3,3,3,0,2,5,5,2.46,14,12,FALSE
Male,Loyal Customer,57,Personal Travel,Eco,528,2,4,2,2,4,2,4,4,3,4,5,3,4,3.31,5,0,FALSE
Female,Disloyal Customer,30,Business Travel,Eco,173,2,0,2,4,1,2,2,1,1,5,3,3,1,2.08,0,0,FALSE
Male,Loyal Customer,15,Business Travel,Business,2330,5,5,5,5,4,4,4,4,1,3,3,3,4,3.85,0,3,TRUE
Female,Loyal Customer,36,Personal Travel,Eco,134,3,3,0,3,3,0,3,3,1,4,3,3,3,2.46,0,0,FALSE
Male,Loyal Customer,33,Personal Travel,Eco,2994,3,4,3,3,4,3,5,4,2,2,4,4,4,3.46,0,0,FALSE
Female,Loyal Customer,51,Personal Travel,Eco,612,2,5,1,3,4,5,5,5,5,1,5,3,5,3.77,0,0,FALSE
Male,Loyal Customer,39,Business Travel,Eco,481,4,1,5,5,4,4,4,4,5,3,3,3,4,3.77,0,0,TRUE
Male,Loyal Customer,43,Business Travel,Business,1068,3,1,1,1,4,2,3,3,3,3,3,3,1,2.38,33,37,FALSE
Male,Loyal Customer,43,Personal Travel,Business,1440,4,4,5,1,5,4,5,4,4,5,4,5,5,4.23,0,0,TRUE
Female,Loyal Customer,40,Business Travel,Business,630,4,5,5,5,1,2,2,4,4,4,4,3,4,3.62,0,0,FALSE
Female,Disloyal Customer,35,Business Travel,Business,862,3,3,3,5,4,3,3,4,3,4,4,3,4,3.54,0,0,FALSE
Male,Loyal Customer,34,Business Travel,Business,2643,5,5,5,5,3,2,5,3,3,4,3,2,1,3.54,0,0,TRUE
Male,Disloyal Customer,26,Business Travel,Eco,1342,4,4,4,3,1,4,1,1,3,2,4,1,1,2.54,0,0,FALSE
Female,Loyal Customer,65,Personal Travel,Eco,834,2,4,2,4,2,3,3,4,4,2,4,3,1,2.92,0,0,FALSE
Male,Loyal Customer,17,Business Travel,Business,1953,3,4,3,3,3,4,3,3,2,2,5,2,3,3.08,0,0,TRUE
Male,Loyal Customer,43,Personal Travel,Eco,516,3,4,3,4,1,3,1,1,5,3,4,4,1,2.85,0,0,FALSE
Male,Loyal Customer,54,Business Travel,Business,1783,0,0,0,4,2,4,4,3,3,3,3,5,5,2.77,0,4,TRUE
Male,Loyal Customer,33,Business Travel,Business,2640,2,2,2,2,2,2,2,2,1,4,4,4,2,2.38,66,87,FALSE
Male,Loyal Customer,47,Business Travel,Eco,1773,2,2,2,2,2,2,2,2,1,3,4,4,2,2.31,0,0,FALSE
Male,Loyal Customer,53,Business Travel,Eco,613,4,5,5,5,4,4,4,4,2,2,3,1,4,3.62,0,0,FALSE
Male,Loyal Customer,48,Business Travel,Business,2157,4,4,4,4,3,2,4,5,5,5,4,5,2,3.92,35,35,TRUE
Female,Loyal Customer,56,Business Travel,Business,3534,1,1,1,1,5,5,4,4,4,4,4,5,5,3.38,0,0,TRUE
Male,Loyal Customer,31,Personal Travel,Eco,196,3,2,3,4,5,3,5,5,4,4,3,2,5,3.69,0,11,FALSE
Male,Loyal Customer,57,Personal Travel,Eco,862,3,4,4,2,5,4,5,5,4,4,5,5,5,4.23,0,0,FALSE
Female,Loyal Customer,57,Business Travel,Business,594,2,2,3,2,4,5,5,4,4,4,4,5,5,3.77,3,10,TRUE
Female,Disloyal Customer,24,Business Travel,Eco,247,5,0,5,2,2,5,2,2,5,5,4,5,2,3.38,3,0,TRUE
Male,Loyal Customer,39,Business Travel,Business,2415,2,2,2,2,2,2,5,5,5,5,5,1,5,3.31,0,6,TRUE
Female,Loyal Customer,35,Personal Travel,Eco,1587,4,4,4,4,5,4,5,5,5,4,3,4,5,4.31,21,25,FALSE
Female,Loyal Customer,7,Personal Travel,Eco,373,4,0,4,4,5,4,5,5,5,2,4,4,5,3.92,0,0,TRUE
Male,Loyal Customer,50,Business Travel,Eco,966,5,2,2,2,5,5,5,5,4,3,4,2,5,3.77,0,0,TRUE
Female,Loyal Customer,49,Personal Travel,Eco,798,3,5,3,1,4,1,3,4,4,3,4,5,4,3.38,0,0,FALSE
Female,Disloyal Customer,36,Business Travel,Eco,349,3,3,4,4,2,4,2,2,3,3,1,1,2,2.62,0,0,FALSE
Female,Disloyal Customer,25,Business Travel,Eco,986,3,3,3,3,3,4,4,2,4,4,4,4,4,3.46,156,152,FALSE
Female,Loyal Customer,49,Business Travel,Business,1818,1,1,1,1,4,5,5,3,3,3,3,3,4,2.85,11,8,TRUE
Female,Loyal Customer,42,Personal Travel,Eco,404,3,5,3,4,2,5,4,4,4,3,4,4,5,3.85,39,35,FALSE
Female,Loyal Customer,59,Business Travel,Business,951,4,4,4,4,2,2,2,5,3,5,4,2,2,3.31,143,128,TRUE
Female,Disloyal Customer,25,Business Travel,Business,395,0,4,0,4,1,0,1,1,4,2,2,1,1,1.62,0,0,TRUE
Male,Loyal Customer,45,Business Travel,Business,1683,2,3,2,2,4,4,5,4,4,4,4,4,4,3.54,0,0,TRUE
Male,Disloyal Customer,26,Business Travel,Eco Plus,787,3,3,3,3,3,3,5,3,3,5,4,2,3,3.31,0,0,FALSE
Female,Loyal Customer,56,Personal Travel,Eco Plus,1073,3,4,3,1,3,4,5,2,2,3,2,4,5,3.15,1,11,FALSE
Female,Loyal Customer,32,Personal Travel,Eco,1984,3,4,3,3,4,3,5,4,3,5,4,3,4,3.69,46,43,FALSE
Female,Disloyal Customer,21,Business Travel,Eco,356,1,0,1,3,5,1,5,5,4,3,4,3,5,3.08,2,20,FALSE
Male,Disloyal Customer,11,Business Travel,Eco,1352,1,1,1,4,5,1,5,5,3,1,4,4,5,3.08,0,0,FALSE
Female,Loyal Customer,56,Business Travel,Business,1576,2,2,2,2,3,5,4,4,4,4,4,4,4,3.38,0,8,TRUE
Male,Loyal Customer,53,Business Travel,Business,2142,2,2,2,2,4,5,5,3,3,4,3,4,5,3.38,0,0,TRUE
Female,Loyal Customer,23,Business Travel,Business,1802,4,1,1,1,4,4,4,4,4,1,3,2,4,2.85,0,0,FALSE
Male,Loyal Customer,25,Business Travel,Eco,1616,2,4,4,4,2,2,1,2,1,1,4,2,2,2.38,10,15,FALSE
Female,Loyal Customer,32,Business Travel,Business,3140,4,4,5,4,4,4,4,4,4,4,1,2,4,3.69,0,0,TRUE
Female,Loyal Customer,60,Business Travel,Business,3117,1,1,1,1,4,5,4,4,4,4,4,3,5,3.15,0,0,TRUE
Male,Disloyal Customer,29,Business Travel,Business,909,1,1,1,5,5,1,5,5,3,4,5,5,5,3.54,42,40,FALSE
Male,Loyal Customer,32,Business Travel,Business,2639,3,5,5,5,3,3,3,3,3,5,4,3,3,3.69,9,7,FALSE
Male,Loyal Customer,32,Business Travel,Eco,1154,4,4,4,4,4,4,4,4,3,4,3,4,4,3.85,0,0,TRUE
Female,Loyal Customer,53,Business Travel,Business,2054,2,2,1,2,2,5,5,5,5,5,5,3,4,3.54,0,0,TRUE
Male,Loyal Customer,58,Business Travel,Business,1826,3,5,5,5,2,4,3,3,3,3,3,2,3,3.38,22,8,FALSE
Male,Disloyal Customer,26,Business Travel,Eco,862,2,2,2,3,4,2,4,4,4,4,3,1,4,3,29,13,FALSE
Male,Disloyal Customer,22,Business Travel,Eco,403,2,5,2,5,5,2,1,5,3,2,4,3,5,3.38,1,57,FALSE
Male,Loyal Customer,37,Personal Travel,Eco,738,3,2,3,4,3,3,3,3,2,4,4,1,3,2.92,34,25,FALSE
Female,Loyal Customer,18,Personal Travel,Eco,1086,0,4,0,3,1,0,1,1,2,1,4,5,1,1.77,0,0,TRUE
Female,Loyal Customer,59,Personal Travel,Eco,1195,2,5,2,4,3,4,4,4,4,2,4,5,4,3.62,9,9,FALSE
Male,Disloyal Customer,25,Business Travel,Business,399,1,4,1,1,4,1,4,4,5,3,4,5,4,3.15,0,0,FALSE
Male,Loyal Customer,43,Business Travel,Business,1842,3,5,5,5,1,2,2,3,3,3,3,2,1,2.92,103,93,FALSE
Female,Loyal Customer,44,Business Travel,Business,1337,4,4,4,4,2,5,5,4,4,4,4,3,5,4,0,0,TRUE
Female,Disloyal Customer,65,Business Travel,Business,444,2,2,2,1,3,2,3,3,4,2,5,3,3,2.69,0,0,FALSE
Male,Loyal Customer,60,Personal Travel,Eco,1096,1,1,1,3,1,1,1,1,2,5,4,4,1,2,0,0,FALSE
Male,Loyal Customer,64,Personal Travel,Eco,650,2,4,2,4,1,2,1,1,4,2,4,1,1,2.23,0,5,FALSE
Female,Loyal Customer,69,Personal Travel,Eco,964,3,2,3,3,4,3,2,5,5,3,5,1,3,3.23,0,0,FALSE
Female,Loyal Customer,56,Business Travel,Business,1012,2,2,2,2,2,4,5,5,5,5,5,3,3,3.46,1,0,TRUE
Female,Loyal Customer,46,Business Travel,Business,3068,0,4,0,4,5,1,3,2,2,2,2,1,2,2.15,0,0,TRUE
Male,Loyal Customer,13,Personal Travel,Eco,628,2,5,2,3,2,5,5,3,3,5,4,5,5,3.77,204,193,FALSE
Female,Loyal Customer,53,Business Travel,Business,1597,1,1,1,1,2,5,5,3,3,4,3,4,4,2.85,7,5,TRUE
Female,Loyal Customer,37,Business Travel,Business,936,3,2,3,2,5,3,3,3,3,3,3,4,4,3.15,0,0,FALSE
Female,Disloyal Customer,31,Business Travel,Eco,911,1,1,1,3,2,1,2,2,4,5,4,2,2,2.31,0,0,FALSE
Female,Loyal Customer,16,Personal Travel,Business,964,4,5,4,2,1,4,1,1,4,2,5,3,1,2.85,0,0,FALSE
Female,Loyal Customer,47,Business Travel,Business,184,5,5,5,5,3,5,4,3,3,4,4,3,3,4,0,0,TRUE
Female,Loyal Customer,11,Personal Travel,Eco,895,1,1,1,1,3,1,4,3,3,1,2,3,3,2.08,16,3,FALSE
Male,Loyal Customer,65,Personal Travel,Eco,781,2,2,2,4,5,2,5,5,1,5,4,3,5,3.46,0,0,FALSE
Male,Loyal Customer,56,Business Travel,Business,1504,5,1,4,4,4,5,5,4,3,3,3,5,5,3.92,0,17,FALSE
Female,Disloyal Customer,27,Business Travel,Business,868,3,3,3,4,2,3,2,2,5,5,4,4,2,3.23,1,6,FALSE
Female,Loyal Customer,60,Business Travel,Business,466,1,1,1,1,2,1,2,5,5,5,5,5,5,3,4,0,TRUE
Male,Disloyal Customer,27,Business Travel,Eco,164,1,3,1,3,4,1,4,4,3,3,3,2,4,2.77,0,0,FALSE
Male,Loyal Customer,52,Business Travel,Business,532,1,1,1,1,2,5,4,3,3,4,3,5,4,2.85,0,0,TRUE
Male,Loyal Customer,32,Personal Travel,Eco,226,4,1,4,3,3,4,3,3,2,2,3,2,3,2.85,23,9,FALSE
Female,Loyal Customer,19,Business Travel,Business,2271,4,4,4,4,5,4,5,5,4,4,4,3,5,4.23,18,28,TRUE
Female,Loyal Customer,32,Personal Travel,Eco,678,3,5,3,2,1,3,3,1,4,5,5,3,1,3,0,0,FALSE
Male,Loyal Customer,58,Business Travel,Business,2507,3,5,3,3,5,5,4,5,5,4,5,5,5,4.38,0,0,TRUE
Female,Loyal Customer,57,Business Travel,Business,1096,2,2,2,2,3,5,4,3,3,3,3,3,3,2.92,0,0,TRUE
Male,Loyal Customer,15,Business Travel,Business,1448,3,3,3,3,5,5,5,5,4,1,4,2,5,3.69,0,0,TRUE
Female,Loyal Customer,12,Personal Travel,Eco,190,2,5,0,5,3,0,5,3,4,5,1,1,3,2.85,0,0,FALSE
Female,Loyal Customer,53,Business Travel,Business,1362,3,5,5,5,2,3,4,3,3,3,3,4,4,3.62,0,0,FALSE
Female,Loyal Customer,34,Personal Travel,Eco,1009,1,4,1,2,1,1,1,1,5,5,4,1,1,2.15,0,0,FALSE
Male,Loyal Customer,10,Personal Travel,Eco,1179,4,5,4,4,2,4,2,2,4,5,3,4,2,3.46,4,6,TRUE
Female,Disloyal Customer,44,Business Travel,Eco,323,2,0,2,1,3,2,3,3,2,5,1,1,3,2.15,0,1,FALSE
Male,Loyal Customer,27,Business Travel,Business,748,5,5,5,5,2,2,2,2,5,3,4,5,2,3.62,0,10,TRUE
Male,Disloyal Customer,33,Business Travel,Business,404,3,3,3,4,5,3,5,5,4,3,4,4,5,3.92,46,94,FALSE
Male,Loyal Customer,20,Business Travel,Business,522,4,2,2,2,4,4,4,4,4,5,4,3,4,3.54,22,17,FALSE
Male,Loyal Customer,38,Business Travel,Eco,588,3,1,1,1,3,3,3,3,4,3,3,4,3,2.69,1,0,FALSE
Male,Loyal Customer,26,Personal Travel,Eco,515,3,4,4,4,5,4,5,5,2,4,1,3,5,3.77,2,12,FALSE
Male,Loyal Customer,55,Business Travel,Business,628,1,1,1,1,3,4,1,3,3,3,3,5,1,2.31,0,0,TRUE
Female,Loyal Customer,47,Business Travel,Eco,109,5,3,3,3,5,4,5,5,5,5,5,2,5,4.23,0,0,TRUE
Female,Loyal Customer,22,Business Travel,Business,692,2,1,1,1,2,2,2,2,1,5,3,3,2,2.08,0,0,FALSE
Male,Loyal Customer,53,Business Travel,Eco,129,5,1,1,1,4,5,4,4,4,3,4,2,4,3.23,0,0,TRUE
Female,Disloyal Customer,27,Business Travel,Business,102,2,2,2,3,1,2,1,1,5,4,5,3,1,2.46,0,0,FALSE
Female,Disloyal Customer,20,Business Travel,Eco,2475,2,2,2,3,3,2,3,3,2,2,3,1,3,2.38,0,0,FALSE
Male,Loyal Customer,49,Business Travel,Business,226,1,3,3,3,5,3,3,1,1,1,1,1,1,2.08,0,0,FALSE
Male,Loyal Customer,37,Business Travel,Business,266,3,1,1,1,2,4,4,3,3,3,3,3,1,2.46,90,85,FALSE
Male,Loyal Customer,35,Business Travel,Eco Plus,190,4,1,1,1,4,4,4,4,3,2,3,2,4,2.85,0,0,TRUE
Female,Loyal Customer,7,Personal Travel,Eco,302,1,5,5,1,4,5,3,4,4,4,5,5,4,3.85,0,0,FALSE
Female,Loyal Customer,45,Business Travel,Business,2815,5,5,5,5,4,5,4,4,4,4,4,5,5,4.54,54,102,TRUE
Female,Loyal Customer,32,Business Travel,Eco Plus,773,4,5,5,5,4,4,4,4,5,1,3,4,4,4,12,14,TRUE
Male,Loyal Customer,48,Business Travel,Business,2734,5,5,5,5,2,4,5,5,5,5,5,5,3,4.54,8,43,TRUE
Male,Disloyal Customer,20,Business Travel,Eco,495,4,3,4,2,5,4,4,5,1,2,3,3,5,3.46,0,0,TRUE
Female,Loyal Customer,65,Personal Travel,Eco,404,0,4,0,2,5,4,4,4,4,0,4,5,3,3,1,0,TRUE
Female,Loyal Customer,49,Business Travel,Eco,714,2,5,5,5,4,4,4,2,2,2,2,2,3,3.23,0,0,FALSE
Female,Disloyal Customer,20,Business Travel,Business,335,5,2,5,4,3,5,3,3,4,3,5,3,3,3.69,6,0,TRUE
Female,Loyal Customer,16,Personal Travel,Eco,746,2,3,1,3,3,1,3,3,3,3,4,3,3,2.69,1,4,FALSE
Female,Loyal Customer,54,Business Travel,Eco,373,5,5,4,5,4,1,5,5,5,5,5,5,1,4.23,20,25,TRUE
Female,Loyal Customer,44,Business Travel,Business,230,2,2,3,2,3,4,4,5,5,5,5,3,4,3.62,0,0,TRUE
Female,Loyal Customer,51,Business Travel,Business,2334,3,3,3,3,2,5,4,5,5,5,5,3,4,3.85,28,12,TRUE
Male,Disloyal Customer,39,Business Travel,Eco,896,2,2,2,2,5,2,5,5,4,4,3,1,5,3.23,0,0,FALSE
Male,Loyal Customer,22,Personal Travel,Eco,451,1,4,1,1,1,1,1,1,5,4,4,3,1,2.15,0,1,FALSE
Male,Loyal Customer,52,Personal Travel,Eco,354,3,4,3,1,2,3,1,2,4,3,4,5,2,2.85,0,0,FALSE
Male,Loyal Customer,49,Business Travel,Eco,967,2,2,2,2,2,2,2,2,4,2,3,2,2,2.23,0,0,TRUE
Female,Loyal Customer,53,Business Travel,Business,1055,1,1,5,1,5,4,4,5,5,5,5,5,3,3.77,0,0,TRUE
Male,Loyal Customer,52,Business Travel,Business,298,0,0,0,3,2,2,5,4,4,4,4,1,5,2.62,0,0,TRUE
Male,Loyal Customer,46,Business Travel,Business,1416,1,1,1,1,4,5,5,5,5,5,5,5,3,3.54,59,30,TRUE
Female,Loyal Customer,72,Business Travel,Eco,164,1,5,5,5,2,3,3,1,1,1,1,3,3,2.62,31,17,FALSE
Female,Loyal Customer,13,Personal Travel,Eco Plus,1797,3,4,3,4,5,3,5,5,2,4,4,2,5,3.77,0,0,FALSE
Male,Disloyal Customer,24,Business Travel,Business,1313,5,2,5,3,4,5,4,4,5,4,4,4,4,4.08,24,22,TRUE
Female,Disloyal Customer,18,Business Travel,Business,621,5,0,5,3,3,0,2,3,3,4,5,4,3,3.08,0,0,TRUE
Male,Disloyal Customer,25,Business Travel,Eco,596,2,3,2,2,2,2,2,2,3,2,2,1,2,2.08,0,0,FALSE
Male,Loyal Customer,39,Business Travel,Business,647,4,4,4,4,2,5,4,3,3,3,3,4,3,3.54,3,2,TRUE
Male,Loyal Customer,37,Business Travel,Business,2222,1,1,1,1,5,5,4,5,5,5,5,5,4,3.62,59,62,TRUE
Male,Loyal Customer,23,Personal Travel,Eco,240,4,1,4,2,4,4,2,4,1,3,3,3,4,3,0,0,FALSE
Male,Loyal Customer,59,Business Travel,Business,1671,2,2,2,2,5,4,4,5,5,5,5,4,3,3.69,0,0,TRUE
Female,Loyal Customer,37,Business Travel,Business,973,4,4,4,4,2,5,4,5,5,5,5,4,5,4.31,7,0,TRUE
Male,Loyal Customer,59,Business Travel,Business,2407,5,5,5,5,3,5,5,3,3,4,3,4,3,4.08,26,30,TRUE
Female,Loyal Customer,56,Personal Travel,Eco,1121,2,2,3,4,1,4,3,5,5,3,5,4,4,3.46,20,12,FALSE
Male,Loyal Customer,16,Personal Travel,Eco Plus,332,2,5,2,2,5,2,5,5,4,2,4,3,5,3.54,0,0,FALSE
Female,Loyal Customer,40,Business Travel,Business,101,2,5,5,5,1,3,3,3,3,3,2,2,1,2.92,0,0,FALSE
Male,Loyal Customer,25,Business Travel,Business,3397,4,4,4,4,5,5,5,5,5,2,1,2,5,3.92,14,5,TRUE
Male,Loyal Customer,54,Personal Travel,Eco Plus,1750,1,3,0,4,3,0,3,3,5,1,5,4,3,2.69,1,,FALSE
Female,Disloyal Customer,25,Business Travel,Eco,170,4,4,5,4,5,5,5,5,1,2,2,3,5,3.85,0,0,TRUE
Female,Loyal Customer,56,Business Travel,Business,612,2,1,1,1,2,2,2,2,2,2,2,2,1,1.69,30,20,FALSE
Male,Loyal Customer,46,Business Travel,Eco,223,3,4,4,4,3,3,3,4,4,3,4,3,3,3.46,202,177,FALSE
Female,Loyal Customer,39,Personal Travel,Business,574,1,4,0,1,5,4,4,3,3,0,3,4,5,2.85,0,0,FALSE
Female,Disloyal Customer,23,Business Travel,Eco,125,3,4,3,3,4,3,3,4,4,3,4,3,4,3.46,73,91,FALSE
Female,Loyal Customer,53,Business Travel,Business,1189,3,3,5,3,3,4,5,5,5,5,5,3,4,4.08,0,7,TRUE
Female,Loyal Customer,62,Personal Travel,Eco,1590,2,4,3,1,1,4,3,4,4,3,4,3,2,2.92,0,0,FALSE
Female,Loyal Customer,19,Business Travel,Eco Plus,250,2,4,3,4,2,2,3,2,3,2,3,2,2,2.62,0,0,FALSE
Male,Loyal Customer,38,Business Travel,Business,2661,3,3,3,3,2,1,2,5,5,5,5,4,3,3.38,22,13,TRUE
Female,Loyal Customer,65,Personal Travel,Eco,160,4,5,4,5,4,4,4,4,4,4,1,4,5,4,0,0,FALSE
Female,Disloyal Customer,39,Business Travel,Business,272,3,3,3,2,1,3,1,1,5,5,3,1,1,2.46,2,0,FALSE
Male,Disloyal Customer,24,Business Travel,Eco,134,3,3,3,3,3,3,3,3,3,3,2,1,3,2.77,71,65,FALSE
Female,Loyal Customer,8,Personal Travel,Eco,351,2,5,2,1,3,2,3,3,4,5,5,3,3,3.15,0,0,FALSE
Female,Loyal Customer,9,Business Travel,Business,3302,4,4,4,4,4,4,4,4,3,5,4,3,4,3.92,0,0,TRUE
Male,Loyal Customer,45,Personal Travel,Eco,406,4,5,4,2,4,4,4,4,5,5,5,5,4,4.23,0,0,FALSE
Female,Loyal Customer,31,Personal Travel,Eco,964,1,1,0,4,3,0,3,3,1,1,3,2,3,1.92,0,0,FALSE
Female,Loyal Customer,14,Personal Travel,Eco,328,4,3,4,2,3,4,2,3,4,3,5,4,3,3.38,20,23,FALSE
Female,Loyal Customer,34,Personal Travel,Eco,862,2,5,2,4,5,2,5,5,3,5,4,3,5,3.85,33,18,FALSE
Female,Loyal Customer,47,Business Travel,Eco,1211,5,3,3,3,3,2,1,5,5,5,5,3,2,3.46,0,0,TRUE
Male,Loyal Customer,52,Business Travel,Business,1947,3,3,3,3,4,4,4,4,4,4,4,4,4,3.69,3,0,TRUE
Male,Loyal Customer,47,Business Travel,Business,2756,3,1,4,4,4,4,4,3,3,2,3,1,1,2.85,93,88,FALSE
Female,Loyal Customer,40,Business Travel,Business,954,2,3,3,3,5,3,4,2,2,2,2,2,2,2.69,0,0,FALSE
Male,Loyal Customer,46,Personal Travel,Eco,844,3,5,2,2,2,2,2,2,4,3,5,4,2,2.92,10,10,FALSE
Female,Loyal Customer,48,Business Travel,Business,1814,5,5,5,5,2,4,4,4,4,5,4,5,5,4.38,36,52,TRUE
Male,Disloyal Customer,30,Business Travel,Business,816,4,4,4,2,2,4,2,2,4,3,4,3,2,3.08,0,0,TRUE
Male,Loyal Customer,40,Business Travel,Business,1874,2,2,2,2,2,5,4,4,4,4,4,2,4,3.15,20,10,TRUE
Male,Loyal Customer,10,Personal Travel,Eco,985,2,5,2,5,2,2,2,2,3,2,4,5,2,2.92,0,0,FALSE
Male,Loyal Customer,40,Business Travel,Business,307,0,0,0,4,3,5,5,3,3,3,3,3,5,2.85,0,0,TRUE
Female,Loyal Customer,38,Business Travel,Business,2716,1,1,1,1,4,4,5,3,3,4,3,3,4,2.85,0,4,TRUE
Male,Loyal Customer,52,Business Travel,Business,2523,2,2,2,2,4,4,4,4,4,4,4,3,5,3.38,0,0,TRUE
Female,Loyal Customer,29,Business Travel,Eco,946,5,4,4,4,5,5,5,5,5,3,1,4,5,4.23,1,0,TRUE
Male,Loyal Customer,31,Personal Travel,Eco,867,1,5,1,3,4,1,4,4,4,4,4,5,4,3.38,0,6,FALSE
Male,Loyal Customer,25,Business Travel,Business,1786,1,1,2,1,4,4,4,4,4,2,4,2,4,2.85,31,30,TRUE
Female,Loyal Customer,59,Personal Travel,Eco,1276,4,4,4,3,4,5,4,3,3,4,3,3,4,3.69,0,0,FALSE
Female,Loyal Customer,52,Business Travel,Eco,1046,2,1,4,4,4,3,3,1,1,2,1,1,4,2.38,0,12,FALSE
Male,Loyal Customer,43,Business Travel,Business,3945,1,1,1,1,2,4,4,5,5,5,5,3,3,3.08,44,41,TRUE
Female,Loyal Customer,17,Personal Travel,Eco,1235,3,4,3,4,4,3,4,4,3,5,5,3,4,3.77,3,0,FALSE
Male,Loyal Customer,42,Business Travel,Eco,646,2,1,1,1,3,2,3,3,3,3,3,1,3,2.23,0,0,FALSE
Male,Loyal Customer,55,Personal Travel,Eco,110,3,3,3,3,2,3,2,2,1,3,3,1,2,2.38,11,19,FALSE
Male,Loyal Customer,9,Personal Travel,Eco,1744,1,5,1,2,2,1,2,2,3,4,3,5,2,2.54,0,0,FALSE
Male,Loyal Customer,62,Personal Travel,Eco,1747,2,0,2,5,4,2,4,4,4,4,4,4,4,3.31,0,0,FALSE
Male,Disloyal Customer,24,Business Travel,Eco,386,2,3,1,4,3,1,4,3,3,4,3,2,3,2.77,0,0,FALSE
Female,Loyal Customer,40,Business Travel,Business,1746,0,5,0,2,3,2,4,3,3,5,5,5,2,3,0,0,TRUE
Female,Loyal Customer,43,Personal Travel,Eco Plus,834,1,5,1,2,5,1,5,5,5,1,5,3,3,3.23,0,0,FALSE
Male,Loyal Customer,36,Business Travel,Business,3003,4,4,4,4,2,3,2,4,4,4,4,3,2,3.38,8,9,FALSE
Male,Disloyal Customer,20,Business Travel,Eco,328,1,2,1,2,5,1,5,5,2,4,2,4,5,3,21,9,FALSE
Male,Loyal Customer,41,Business Travel,Business,888,2,2,2,2,3,5,4,4,4,4,4,4,4,3.38,14,0,TRUE
Male,Loyal Customer,53,Business Travel,Business,643,1,1,3,1,4,5,5,5,5,5,5,5,3,3.69,0,0,TRUE
Female,Loyal Customer,33,Business Travel,Business,224,5,5,5,5,3,4,4,4,4,4,5,3,5,4.31,16,14,TRUE
Female,Loyal Customer,46,Business Travel,Business,3123,2,2,2,2,2,4,4,4,4,4,4,3,4,3.15,2,0,TRUE
Female,Loyal Customer,51,Business Travel,Business,3947,5,5,5,5,4,5,4,4,4,4,4,5,3,4.38,0,0,TRUE
Female,Loyal Customer,43,Business Travel,Business,2421,1,1,5,1,5,4,5,5,5,5,5,5,4,3.92,0,0,TRUE
Female,Loyal Customer,51,Business Travel,Eco,255,3,3,3,3,5,2,3,3,3,3,3,4,2,3.08,10,10,FALSE
Female,Loyal Customer,16,Business Travel,Business,3081,3,5,1,1,3,3,3,3,1,2,4,4,3,2.77,8,0,FALSE
Female,Disloyal Customer,42,Business Travel,Eco,802,1,1,1,3,1,5,5,1,3,4,2,5,5,2.85,0,17,FALSE
Female,Loyal Customer,57,Business Travel,Eco Plus,140,3,5,5,5,2,4,3,3,3,3,3,4,4,3.62,0,0,FALSE
Male,Loyal Customer,36,Business Travel,Business,3810,0,4,0,3,1,5,3,2,2,2,2,2,1,2.08,0,0,TRUE
Female,Disloyal Customer,56,Personal Travel,Eco,1047,3,4,3,4,2,3,2,2,3,3,4,4,2,3,42,27,FALSE
Female,Loyal Customer,68,Business Travel,Business,3623,4,5,4,5,2,3,4,3,3,2,4,1,2,3.23,0,0,FALSE
Female,Loyal Customer,22,Business Travel,Business,3422,5,5,5,5,5,5,5,5,5,2,4,4,5,4.62,0,0,TRUE
Female,Loyal Customer,43,Business Travel,Business,669,3,4,4,4,4,3,2,3,3,3,3,3,3,3.23,52,56,FALSE
Female,Loyal Customer,26,Personal Travel,Eco,601,2,4,3,2,3,3,3,3,4,3,3,3,3,3,0,0,FALSE
Male,Loyal Customer,20,Personal Travel,Eco,711,2,4,2,3,4,2,4,4,3,4,4,5,4,3.46,0,0,FALSE
Male,Loyal Customer,43,Business Travel,Eco,748,5,2,2,2,5,5,5,5,4,1,4,5,5,3.85,0,0,TRUE
Male,Loyal Customer,40,Business Travel,Eco,694,4,5,5,5,4,4,4,4,3,4,2,1,4,3.77,0,0,TRUE
Female,Loyal Customer,32,Business Travel,Business,1812,2,3,3,3,2,2,2,2,1,4,3,3,2,2.46,78,75,FALSE
Male,Loyal Customer,8,Business Travel,Business,606,2,2,2,2,2,2,2,2,4,2,2,2,2,2.15,4,0,FALSE
Female,Loyal Customer,51,Business Travel,Eco,365,3,4,3,4,2,3,4,4,4,3,4,1,4,3.31,0,0,FALSE
Female,Loyal Customer,48,Business Travel,Business,460,2,2,2,2,3,5,5,4,4,4,4,3,4,3.38,19,2,TRUE
Male,Loyal Customer,25,Business Travel,Business,2421,1,1,1,1,5,4,5,5,2,3,2,4,5,3,13,17,TRUE
Female,Loyal Customer,20,Personal Travel,Eco,1342,4,5,4,3,5,4,5,5,3,3,5,4,5,4.23,7,0,TRUE
Female,Loyal Customer,21,Personal Travel,Eco,301,3,4,4,4,2,4,4,2,4,2,4,5,2,3.38,0,0,FALSE
Male,Disloyal Customer,24,Business Travel,Business,157,0,3,0,1,5,3,5,5,4,2,5,5,5,3.31,14,44,TRUE
Male,Disloyal Customer,19,Business Travel,Eco,1068,4,3,3,2,3,3,3,3,1,1,5,2,3,2.77,0,0,TRUE
Female,Loyal Customer,55,Personal Travel,Eco,484,1,4,1,1,5,5,5,2,2,1,2,5,3,2.85,1,44,FALSE
Female,Disloyal Customer,24,Personal Travel,Eco,151,4,5,4,2,2,4,2,2,4,5,5,5,2,3.54,0,0,TRUE
Female,Disloyal Customer,40,Business Travel,Business,189,2,1,1,4,2,1,2,2,2,2,4,1,2,2,0,1,FALSE
Male,Disloyal Customer,40,Business Travel,Eco,129,4,0,3,4,1,3,1,1,1,3,1,2,1,1.92,0,3,FALSE
Male,Loyal Customer,59,Business Travel,Business,588,4,4,4,4,5,5,5,4,4,4,4,5,3,4.23,0,0,TRUE
Male,Loyal Customer,51,Business Travel,Eco,639,3,3,3,3,2,3,2,2,4,4,1,2,2,2.62,0,0,TRUE
Male,Loyal Customer,55,Business Travel,Eco,391,5,1,4,1,5,5,5,5,1,3,4,2,5,3.54,0,0,TRUE
Female,Loyal Customer,62,Personal Travel,Eco,370,3,4,3,4,1,3,4,1,1,3,1,3,1,2.46,15,10,FALSE
Female,Loyal Customer,34,Business Travel,Business,3032,1,1,1,1,4,5,4,3,5,2,1,4,4,2.77,117,149,TRUE
Female,Loyal Customer,21,Business Travel,Eco,1721,2,5,5,5,2,2,4,2,2,1,2,1,2,2.69,0,0,FALSE
Female,Loyal Customer,58,Business Travel,Business,3760,2,2,2,2,5,5,4,5,5,5,5,4,3,3.77,0,0,TRUE
Male,Loyal Customer,64,Personal Travel,Eco,1201,2,1,2,2,4,2,4,4,3,4,2,1,4,2.69,19,18,FALSE
Female,Loyal Customer,49,Business Travel,Business,3477,5,5,5,5,2,5,5,5,5,5,5,3,5,4.62,7,26,TRUE
Female,Loyal Customer,28,Business Travel,Business,1698,3,3,3,3,1,2,1,1,4,3,4,4,1,2.54,2,0,TRUE
Male,Loyal Customer,57,Business Travel,Business,1107,3,3,3,3,3,4,4,5,5,4,5,3,4,3.77,1,0,TRUE
Male,Loyal Customer,33,Business Travel,Business,1971,3,3,3,3,5,5,5,4,3,2,2,5,5,3.69,465,493,TRUE
Female,Loyal Customer,13,Personal Travel,Eco,991,1,4,1,4,3,1,3,3,5,2,4,5,3,3,1,0,FALSE
Male,Disloyal Customer,42,Business Travel,Business,414,1,1,1,3,4,1,4,4,1,3,4,4,4,2.69,12,14,FALSE
Male,Loyal Customer,50,Business Travel,Business,2568,4,4,4,4,2,4,4,4,4,4,4,4,5,3.92,24,12,TRUE
Female,Loyal Customer,64,Personal Travel,Eco,1471,5,4,5,3,5,4,5,5,5,5,5,4,4,4.54,0,0,TRUE
Female,Loyal Customer,51,Personal Travel,Eco,214,3,0,3,2,4,4,5,1,1,3,1,1,3,2.38,0,3,FALSE
Female,Loyal Customer,50,Business Travel,Business,742,1,1,1,1,4,5,5,4,4,4,4,4,4,3.23,6,3,TRUE
Male,Loyal Customer,39,Personal Travel,Eco,1157,3,5,3,3,5,3,2,5,3,5,5,5,5,4,0,0,FALSE
Male,Disloyal Customer,16,Business Travel,Business,1440,5,4,5,1,5,5,3,5,5,5,4,4,5,4.31,26,27,TRUE
Male,Loyal Customer,60,Business Travel,Business,1809,2,2,4,2,3,4,4,2,2,2,2,4,4,2.85,12,7,TRUE
Male,Loyal Customer,30,Business Travel,Eco Plus,164,3,5,5,5,3,3,3,3,2,3,3,2,3,3.31,0,0,FALSE
Male,Loyal Customer,30,Business Travel,Business,3448,3,3,4,3,5,5,5,2,5,1,5,5,5,3.92,219,237,TRUE
Female,Disloyal Customer,20,Business Travel,Eco,716,1,1,1,1,5,1,5,5,2,3,1,3,5,2.62,2,10,FALSE
Female,Loyal Customer,11,Personal Travel,Eco,1194,4,5,4,1,4,4,4,4,5,4,3,5,4,3.92,2,0,TRUE
Male,Loyal Customer,47,Business Travel,Business,3268,4,1,4,4,3,5,5,4,4,5,4,1,5,3.77,37,31,TRUE
Female,Loyal Customer,23,Business Travel,Business,3639,5,5,4,5,5,5,5,5,5,3,1,4,5,4.38,0,0,TRUE
Female,Loyal Customer,38,Business Travel,Business,1927,1,1,1,1,1,1,1,1,4,3,3,1,1,1.54,167,170,FALSE
Male,Loyal Customer,31,Personal Travel,Eco,129,1,0,0,4,4,0,4,4,3,3,4,3,4,2.62,0,0,FALSE
Female,Disloyal Customer,50,Business Travel,Eco Plus,876,1,1,1,3,5,1,5,5,4,4,4,3,5,3.23,0,10,FALSE
Female,Loyal Customer,35,Business Travel,Eco,223,3,3,3,3,3,5,3,3,3,2,3,1,3,2.92,19,16,TRUE
Female,Loyal Customer,52,Business Travel,Business,1889,1,1,1,1,3,4,4,4,4,4,5,3,4,3,1,12,TRUE
Male,Loyal Customer,47,Business Travel,Business,2878,2,2,2,2,3,5,5,4,4,4,4,4,5,3.54,0,0,TRUE
Male,Loyal Customer,71,Business Travel,Eco,325,3,1,1,1,4,3,4,4,2,5,3,2,4,2.85,0,0,FALSE
Female,Loyal Customer,54,Business Travel,Business,825,5,5,4,5,5,4,4,5,5,5,5,3,4,4.54,0,0,TRUE
Male,Disloyal Customer,24,Business Travel,Eco,239,3,2,3,3,3,3,3,3,3,1,4,1,3,2.69,0,0,FALSE
Female,Loyal Customer,41,Business Travel,Business,373,4,4,4,4,3,5,4,3,3,4,3,4,4,3.77,5,0,TRUE
Female,Loyal Customer,28,Business Travel,Eco,1034,4,5,5,5,4,4,4,4,1,5,1,3,4,3.77,10,0,TRUE
Male,Disloyal Customer,18,Business Travel,Eco,1491,4,4,4,1,2,4,2,2,4,3,4,3,2,3,0,0,FALSE
Female,Disloyal Customer,26,Business Travel,Eco,2422,3,4,4,3,1,3,1,1,4,4,3,1,1,2.54,0,1,FALSE
Female,Loyal Customer,50,Business Travel,Business,2475,3,3,3,3,5,3,5,5,5,5,5,4,3,4,0,0,TRUE
Male,Loyal Customer,41,Personal Travel,Eco,1081,1,5,1,5,1,4,4,1,2,4,4,4,4,3.08,150,171,FALSE
Male,Loyal Customer,47,Business Travel,Business,488,2,4,4,4,2,3,3,2,2,2,2,2,2,2.62,17,4,FALSE
Female,Loyal Customer,38,Business Travel,Eco,251,3,4,4,4,3,3,3,3,1,2,4,4,3,3.15,0,0,FALSE
Male,Loyal Customer,39,Business Travel,Eco,209,5,3,3,3,5,5,5,5,3,3,3,3,5,3.92,0,0,TRUE
Female,Disloyal Customer,22,Business Travel,Eco,542,2,2,2,4,5,2,5,5,4,4,4,4,5,3.69,0,1,FALSE
Female,Loyal Customer,50,Business Travel,Business,3128,2,5,2,2,2,5,5,5,5,5,5,3,4,3.85,3,0,TRUE
Female,Loyal Customer,44,Personal Travel,Eco,414,2,4,2,1,1,4,2,5,5,2,5,3,3,3,0,0,FALSE
Male,Disloyal Customer,24,Business Travel,Eco,820,4,4,4,4,4,4,4,4,5,3,3,4,4,3.92,0,0,FALSE
Female,Loyal Customer,52,Business Travel,Business,515,1,1,1,1,5,5,5,4,4,4,4,3,4,3.23,0,0,TRUE
Male,Loyal Customer,63,Business Travel,Eco,374,4,2,2,2,4,4,4,4,4,1,1,1,4,2.85,0,0,TRUE
Female,Loyal Customer,45,Personal Travel,Eco,429,2,1,2,2,2,2,2,5,5,2,5,4,2,2.77,21,7,FALSE
Male,Loyal Customer,27,Business Travel,Business,3127,2,4,5,4,2,2,2,4,3,2,3,2,2,2.85,131,122,FALSE
Male,Loyal Customer,52,Personal Travel,Eco,759,2,4,3,4,3,3,3,3,4,4,5,5,3,3.54,83,79,FALSE
Female,Loyal Customer,37,Business Travel,Eco,399,2,1,1,1,2,3,2,2,5,1,2,5,2,2.23,0,0,TRUE
Female,Disloyal Customer,38,Business Travel,Eco,925,3,3,3,4,2,3,4,2,1,1,4,1,2,2.54,56,42,FALSE
Male,Loyal Customer,34,Personal Travel,Eco,639,2,5,1,1,5,1,5,5,3,5,5,4,5,3.62,7,5,FALSE
Female,Loyal Customer,46,Personal Travel,Eco,213,3,4,3,3,4,5,5,2,2,3,3,5,5,3.62,0,0,FALSE
Male,Loyal Customer,42,Personal Travel,Eco,954,3,4,2,3,3,2,3,3,3,1,1,1,3,2.46,3,12,FALSE
Female,Loyal Customer,41,Business Travel,Business,419,3,5,3,3,1,4,1,4,4,4,4,2,2,3.08,0,0,TRUE
Male,Loyal Customer,21,Business Travel,Business,861,3,3,3,3,5,5,5,5,4,1,3,3,5,3.69,0,0,TRUE
Male,Disloyal Customer,50,Business Travel,Eco,202,3,1,3,3,1,3,1,1,4,5,3,3,1,2.46,30,45,FALSE
Male,Loyal Customer,58,Personal Travel,Eco,287,2,5,2,1,2,2,2,2,3,5,4,3,2,2.69,0,11,FALSE
Female,Loyal Customer,68,Personal Travel,Eco Plus,748,5,4,5,3,3,5,4,3,3,5,3,4,5,4,0,,TRUE
Female,Loyal Customer,15,Business Travel,Business,3709,5,5,5,5,5,5,5,5,4,3,4,5,5,4.69,0,22,TRUE
Male,Disloyal Customer,46,Business Travel,Eco,1050,2,2,2,3,3,2,3,3,1,5,4,3,3,2.77,43,28,FALSE
Female,Loyal Customer,44,Business Travel,Business,345,3,3,3,3,3,3,4,3,3,3,3,2,2,2.92,15,3,FALSE
Male,Loyal Customer,25,Business Travel,Business,599,2,2,3,3,2,2,2,2,3,4,4,1,2,2.46,0,28,FALSE
Male,Loyal Customer,54,Business Travel,Business,1671,5,5,5,5,3,5,4,5,5,5,5,3,3,4.46,12,7,TRUE
Male,Loyal Customer,22,Personal Travel,Eco,484,2,0,4,3,3,4,3,3,5,2,4,3,3,3,0,0,FALSE
Male,Loyal Customer,18,Personal Travel,Eco Plus,965,5,5,4,1,4,4,1,4,3,5,5,4,4,3.77,15,1,TRUE
Male,Loyal Customer,40,Business Travel,Eco,240,2,5,5,5,2,2,2,2,1,4,3,3,2,2.92,0,8,FALSE
Male,Loyal Customer,52,Business Travel,Eco,1182,4,3,3,3,4,4,4,4,2,5,3,3,4,3.54,0,19,FALSE
Male,Loyal Customer,44,Business Travel,Business,2602,5,5,5,5,5,4,4,5,5,5,5,3,3,4.54,0,0,TRUE
Female,Loyal Customer,48,Business Travel,Business,3745,3,1,2,2,2,4,4,3,3,3,3,2,3,2.69,60,47,FALSE
Female,Loyal Customer,69,Business Travel,Eco,109,4,4,4,4,1,3,4,4,4,4,4,3,2,3.46,14,36,FALSE
Female,Loyal Customer,31,Personal Travel,Eco,254,5,3,5,1,1,5,1,1,4,1,3,4,1,2.69,0,0,TRUE
Female,Loyal Customer,33,Personal Travel,Eco Plus,273,2,4,2,2,3,2,3,3,4,2,1,4,3,2.69,0,6,FALSE
Female,Loyal Customer,41,Personal Travel,Eco,1849,3,3,3,3,2,3,2,2,3,5,1,2,2,2.62,5,0,FALSE
Female,Disloyal Customer,26,Business Travel,Eco,1313,2,3,3,3,4,2,1,4,3,2,3,4,4,2.92,0,0,FALSE
Female,Loyal Customer,49,Business Travel,Eco Plus,850,2,1,1,1,5,2,2,2,2,2,2,3,3,2.15,0,0,FALSE
Female,Loyal Customer,59,Personal Travel,Eco,156,3,4,3,3,3,4,4,3,3,3,3,3,5,3.38,0,0,FALSE
Male,Loyal Customer,55,Business Travel,Business,3375,2,1,1,1,2,2,2,4,4,3,2,4,1,2.23,11,8,FALSE
Female,Loyal Customer,12,Personal Travel,Eco,347,1,4,1,3,1,1,5,1,4,1,2,3,1,2.15,0,0,FALSE
Female,Loyal Customer,49,Personal Travel,Eco,785,5,5,5,5,3,5,4,1,1,5,1,4,5,3.77,6,13,TRUE
Male,Loyal Customer,64,Personal Travel,Eco,933,2,4,2,2,1,2,1,1,3,4,4,5,1,2.46,0,0,FALSE
Female,Loyal Customer,53,Personal Travel,Eco,1744,5,4,5,4,4,4,5,5,5,5,5,3,5,4.54,18,31,TRUE
Male,Loyal Customer,42,Business Travel,Eco,257,5,3,3,3,5,5,5,5,2,3,3,2,5,3.77,0,0,TRUE
Male,Disloyal Customer,63,Business Travel,Eco,998,2,2,2,3,2,2,2,2,1,5,3,3,2,2.38,22,0,FALSE
Female,Loyal Customer,33,Personal Travel,Eco,1174,4,5,4,1,1,4,1,1,3,3,5,5,1,2.92,0,32,FALSE
Female,Loyal Customer,59,Business Travel,Business,761,4,4,4,4,4,4,5,5,5,5,5,3,3,4.23,22,15,TRUE
Male,Loyal Customer,39,Business Travel,Eco,110,4,2,2,2,4,4,4,4,4,5,1,4,4,3.38,22,18,TRUE
Male,Disloyal Customer,17,Business Travel,Eco,912,4,4,4,4,4,2,2,3,2,3,4,2,2,3.08,139,117,FALSE
Male,Loyal Customer,66,Personal Travel,Eco,216,2,3,2,1,3,2,3,3,2,5,3,3,3,2.69,0,0,FALSE
Female,Loyal Customer,44,Business Travel,Business,2588,3,3,3,3,2,5,5,5,5,5,5,4,3,3.92,0,7,TRUE
Male,Loyal Customer,26,Personal Travel,Eco,1235,4,4,4,1,5,4,5,5,3,3,4,4,5,3.92,0,0,FALSE
Male,Loyal Customer,38,Personal Travel,Eco,987,2,4,2,1,4,2,4,4,2,3,3,2,4,2.85,0,0,FALSE
Female,Loyal Customer,65,Personal Travel,Eco,630,4,1,5,4,5,3,4,3,3,5,1,3,3,3.38,0,0,FALSE
Male,Disloyal Customer,47,Business Travel,Eco,862,3,3,3,3,3,3,3,3,4,4,2,4,3,3.15,0,0,FALSE
Male,Loyal Customer,27,Personal Travel,Eco Plus,631,2,5,2,2,5,2,5,5,4,4,5,3,5,3.77,0,0,FALSE
Female,Loyal Customer,53,Business Travel,Eco,391,4,2,2,2,2,3,5,3,3,4,3,5,1,3,0,0,TRUE
Male,Loyal Customer,61,Business Travel,Eco,503,3,2,2,2,3,3,3,3,5,1,3,2,3,2.69,0,4,TRUE
Female,Disloyal Customer,23,Business Travel,Eco,280,2,0,2,1,1,2,1,1,5,5,4,5,1,2.31,0,0,FALSE
Female,Loyal Customer,42,Business Travel,Business,526,1,1,1,1,3,4,1,5,5,5,5,3,1,2.77,0,15,TRUE
Male,Loyal Customer,48,Business Travel,Business,2928,1,1,2,1,3,4,4,4,4,4,4,3,5,3.08,0,0,TRUE
Female,Disloyal Customer,28,Business Travel,Business,2504,1,2,2,3,4,2,4,4,4,2,4,3,4,3,0,0,FALSE
Male,Loyal Customer,51,Business Travel,Business,2199,1,1,1,1,2,5,5,5,5,5,5,4,4,3.38,0,0,TRUE
Female,Loyal Customer,72,Business Travel,Business,361,3,3,3,3,4,4,4,2,2,2,2,3,4,3,0,0,TRUE
Female,Loyal Customer,8,Personal Travel,Eco Plus,486,2,5,5,5,3,5,3,3,4,4,4,5,3,3.92,19,1,FALSE
Male,Disloyal Customer,29,Business Travel,Eco,541,4,4,4,4,5,4,2,5,3,3,4,4,5,3.92,14,31,FALSE
Female,Disloyal Customer,25,Business Travel,Business,669,0,4,0,2,4,0,4,4,4,4,5,5,4,3.08,0,0,TRUE
Female,Disloyal Customer,17,Business Travel,Eco,954,4,4,4,4,1,4,1,1,2,4,2,1,1,2.54,1,0,FALSE
Male,Loyal Customer,31,Business Travel,Business,1558,5,5,5,5,5,5,5,5,5,2,4,4,5,4.62,1,0,TRUE
Male,Loyal Customer,58,Personal Travel,Eco,266,1,2,1,4,1,1,1,1,1,3,3,2,1,1.69,65,53,FALSE
Male,Loyal Customer,54,Business Travel,Business,184,1,1,1,1,3,5,4,3,3,4,5,4,5,3.08,7,0,TRUE
Male,Loyal Customer,35,Business Travel,Eco,1144,1,1,1,1,1,1,1,1,3,4,4,2,1,1.69,0,15,FALSE
Female,Loyal Customer,25,Personal Travel,Eco,701,2,4,2,3,4,2,2,4,5,4,4,3,4,3.31,63,71,FALSE
Female,Loyal Customer,45,Business Travel,Business,4243,1,1,1,1,4,4,4,5,5,4,4,4,4,3.23,103,111,TRUE
Female,Loyal Customer,60,Business Travel,Eco,551,4,3,3,3,5,5,4,4,4,4,4,3,1,3.62,65,47,TRUE
Male,Loyal Customer,58,Personal Travel,Eco,458,3,3,3,4,5,3,1,5,4,2,2,5,5,3.46,0,0,FALSE
Female,Loyal Customer,15,Personal Travel,Eco,1086,1,4,1,4,1,1,1,1,3,2,5,5,1,2.31,3,4,FALSE
Male,Loyal Customer,43,Personal Travel,Eco,994,1,5,1,4,5,1,4,5,5,5,5,4,5,3.85,52,40,FALSE
Female,Loyal Customer,41,Business Travel,Business,1555,1,1,1,1,2,4,4,4,4,4,4,3,5,2.92,0,21,TRUE
Female,Loyal Customer,57,Personal Travel,Eco,606,3,1,3,4,4,4,4,5,5,3,3,4,2,3.46,9,0,FALSE
Female,Disloyal Customer,27,Business Travel,Business,1199,2,2,2,3,3,2,3,3,5,3,4,5,3,3.08,0,0,FALSE
Male,Loyal Customer,40,Personal Travel,Eco Plus,196,3,5,3,1,2,3,2,2,5,5,5,4,2,3.23,0,0,FALSE
Female,Loyal Customer,35,Business Travel,Business,2449,5,5,5,5,3,3,3,5,1,2,5,3,3,3.69,139,113,TRUE
Male,Loyal Customer,39,Personal Travel,Eco,299,1,4,1,4,5,1,2,5,5,2,5,5,5,3.46,55,42,FALSE
Male,Loyal Customer,45,Business Travel,Business,2248,1,1,1,1,5,5,5,4,4,3,4,5,5,3.38,223,237,TRUE
Female,Disloyal Customer,24,Business Travel,Business,192,4,0,4,4,5,4,5,5,3,3,5,3,5,3.85,0,0,TRUE
Female,Loyal Customer,14,Business Travel,Eco,1476,2,4,4,4,2,2,3,2,4,5,4,1,2,3,5,7,FALSE
Female,Disloyal Customer,22,Business Travel,Eco,594,2,0,2,2,4,2,4,4,3,4,5,3,4,3,0,0,FALSE
Male,Loyal Customer,56,Personal Travel,Eco,1723,2,4,2,2,1,2,1,1,3,2,3,4,1,2.15,4,0,FALSE
Male,Loyal Customer,40,Personal Travel,Eco,173,3,3,3,1,2,3,2,2,4,1,4,3,2,2.54,4,0,FALSE
Female,Loyal Customer,19,Personal Travel,Business,1670,3,3,3,4,3,3,3,3,3,5,3,2,3,3.15,42,7,FALSE
Male,Loyal Customer,69,Personal Travel,Eco,979,1,4,1,1,5,1,3,5,5,5,4,3,5,3.31,20,18,FALSE
Female,Loyal Customer,12,Business Travel,Eco,930,2,1,1,1,2,3,1,2,4,3,3,3,2,2.15,14,10,FALSE
Female,Loyal Customer,26,Personal Travel,Eco,604,2,5,2,5,2,2,5,3,5,4,5,5,5,3.85,426,427,FALSE
Female,Loyal Customer,63,Business Travel,Business,2248,3,5,4,5,3,3,3,3,3,3,3,1,1,3.08,0,0,FALSE
Female,Loyal Customer,35,Business Travel,Business,3416,1,1,1,1,3,1,1,4,4,4,4,5,4,2.62,0,0,TRUE
Male,Loyal Customer,41,Business Travel,Business,1520,3,5,2,2,3,4,3,3,3,3,3,1,2,2.85,77,70,FALSE
Female,Disloyal Customer,43,Business Travel,Eco,551,2,3,2,2,4,2,5,4,4,2,1,2,4,2.85,0,0,FALSE
Female,Loyal Customer,54,Business Travel,Business,409,5,5,5,5,5,4,5,5,5,5,5,3,5,4.77,0,0,TRUE
Female,Loyal Customer,50,Business Travel,Business,1617,2,2,2,2,4,5,4,5,5,5,5,4,4,3.77,6,14,TRUE
Male,Loyal Customer,61,Business Travel,Business,3305,3,5,5,5,5,3,3,3,3,3,3,1,2,3.38,0,0,FALSE
Male,Loyal Customer,45,Business Travel,Eco,1721,2,3,3,3,2,2,2,2,3,4,1,3,2,2.46,0,0,FALSE
Female,Disloyal Customer,33,Business Travel,Eco Plus,77,3,3,3,5,5,3,5,5,2,4,3,2,5,3.69,0,0,FALSE
Male,Disloyal Customer,26,Business Travel,Eco,1017,3,2,2,4,5,2,5,5,2,4,3,2,5,3.38,0,0,FALSE
Female,Loyal Customer,10,Personal Travel,Eco,436,4,5,4,3,4,4,4,4,5,2,5,5,4,4.08,31,26,FALSE
Male,Disloyal Customer,40,Business Travel,Business,612,5,4,4,4,2,4,2,2,4,5,5,4,2,3.62,0,0,TRUE
Male,Loyal Customer,37,Business Travel,Business,3425,3,3,3,3,1,2,5,4,4,4,4,1,2,3,8,0,TRUE
Female,Disloyal Customer,55,Business Travel,Eco,2355,2,2,2,4,2,2,2,2,2,4,3,2,2,2.38,0,0,FALSE
Male,Loyal Customer,56,Business Travel,Business,2921,2,2,2,2,5,4,5,4,4,4,4,3,4,3.46,0,0,TRUE
Male,Loyal Customer,39,Business Travel,Business,334,5,5,3,5,3,4,4,3,3,4,3,4,5,3.92,0,0,TRUE
Male,Loyal Customer,27,Personal Travel,Eco,758,1,4,1,5,4,1,4,4,3,2,5,3,4,3.15,1,1,FALSE
Female,Loyal Customer,63,Personal Travel,Business,992,1,4,1,3,3,5,4,5,5,1,5,3,3,3.31,99,71,FALSE
Female,Loyal Customer,50,Business Travel,Business,1087,2,2,2,2,2,4,4,4,4,4,4,5,5,3.38,0,0,TRUE
Male,Loyal Customer,21,Personal Travel,Eco,1597,3,2,3,4,3,3,1,3,4,3,4,4,3,3.08,3,0,FALSE
Female,Loyal Customer,61,Personal Travel,Eco,306,2,4,2,5,3,5,5,1,1,2,1,3,4,2.92,0,0,FALSE
Female,Loyal Customer,64,Personal Travel,Eco,404,3,5,3,4,5,2,3,3,3,3,3,4,1,3.23,0,0,FALSE
Male,Loyal Customer,54,Personal Travel,Eco,528,2,3,2,4,3,2,3,3,2,4,4,1,3,2.77,27,35,FALSE
Male,Loyal Customer,39,Personal Travel,Eco,1072,1,5,2,3,3,2,3,3,3,4,4,3,3,3,24,25,FALSE
Male,Loyal Customer,57,Business Travel,Business,315,0,0,0,1,2,2,1,5,5,5,5,2,2,2.31,73,65,TRUE
Male,Loyal Customer,35,Personal Travel,Eco,1065,1,3,1,4,2,1,2,2,2,2,3,4,2,2.23,6,0,FALSE
Male,Loyal Customer,29,Personal Travel,Eco Plus,980,4,5,4,3,1,4,1,1,5,5,4,5,1,3.31,0,0,TRUE
Male,Disloyal Customer,23,Business Travel,Eco,462,5,0,5,1,3,5,3,3,2,4,5,4,3,3.31,30,16,TRUE
Male,Disloyal Customer,38,Business Travel,Business,361,5,5,5,1,2,5,1,2,3,3,5,5,2,3.38,28,10,TRUE
Female,Disloyal Customer,37,Business Travel,Eco,448,3,5,3,2,4,3,1,4,3,1,1,2,4,2.77,31,25,FALSE
Female,Loyal Customer,38,Business Travel,Eco,696,4,3,4,3,4,4,4,4,2,3,4,1,4,3.38,6,16,FALSE
Female,Loyal Customer,53,Business Travel,Business,3137,4,4,4,4,4,5,1,4,4,4,4,2,5,3.77,0,0,TRUE
Male,Disloyal Customer,44,Business Travel,Business,190,5,5,5,2,3,5,3,3,3,3,4,4,3,3.69,0,0,TRUE
Female,Loyal Customer,44,Personal Travel,Business,508,3,4,3,3,5,4,5,2,2,3,5,4,5,3.69,25,12,FALSE
Female,Loyal Customer,47,Business Travel,Business,200,3,5,5,5,4,3,4,2,2,2,3,2,4,3.38,0,0,FALSE
Female,Loyal Customer,59,Business Travel,Eco Plus,483,5,4,4,4,1,5,2,5,5,5,5,1,4,3.85,0,4,TRUE
Female,Loyal Customer,53,Personal Travel,Eco,984,2,4,2,3,5,3,3,5,5,2,5,4,3,3.54,1,0,FALSE
Female,Disloyal Customer,36,Business Travel,Business,273,2,1,1,4,5,1,5,5,5,5,4,4,5,3.62,0,0,FALSE
Male,Loyal Customer,33,Business Travel,Business,2454,2,2,2,2,4,4,4,5,5,4,4,4,4,3.54,0,0,TRUE
Male,Loyal Customer,42,Personal Travel,Eco Plus,822,4,4,4,2,1,4,2,1,3,4,5,4,1,3,66,51,FALSE
Female,Loyal Customer,37,Personal Travel,Eco,262,4,3,0,3,3,0,3,3,1,1,4,1,3,2.23,0,3,FALSE
Male,Loyal Customer,18,Personal Travel,Eco,631,2,3,2,3,4,2,4,4,3,4,3,1,4,3,52,46,FALSE
Male,Loyal Customer,50,Personal Travel,Eco,507,1,4,1,4,4,1,4,4,4,3,4,5,4,3.31,0,0,FALSE
Female,Loyal Customer,37,Business Travel,Eco,325,2,2,2,2,2,2,2,2,2,4,3,4,2,2.38,0,0,FALSE
Female,Loyal Customer,41,Business Travel,Business,2960,2,4,4,4,2,3,2,2,2,2,2,2,4,2.69,0,3,FALSE
Female,Loyal Customer,60,Business Travel,Business,3679,1,1,1,1,3,5,4,4,4,4,4,3,4,3,9,2,TRUE
Female,Loyal Customer,33,Business Travel,Business,2227,2,2,5,2,5,5,5,4,5,4,4,5,5,4.08,7,6,TRUE
Female,Loyal Customer,37,Personal Travel,Eco Plus,192,0,4,0,4,3,0,3,3,5,3,5,4,3,2.85,0,0,TRUE
Female,Loyal Customer,13,Business Travel,Business,3397,2,3,3,3,2,2,2,2,1,3,3,1,2,2.23,17,7,FALSE
Female,Loyal Customer,72,Business Travel,Business,629,2,2,2,2,3,2,4,5,5,5,5,5,1,3.31,0,0,TRUE
Male,Loyal Customer,27,Business Travel,Business,1565,4,4,3,4,5,5,5,5,5,4,5,4,5,4.46,29,20,TRUE
Male,Loyal Customer,55,Business Travel,Business,429,2,2,2,2,4,4,4,4,4,4,4,4,3,3.31,0,0,TRUE
Female,Loyal Customer,42,Business Travel,Business,419,3,3,4,3,1,4,4,2,2,2,2,1,1,2.46,18,59,TRUE
Male,Loyal Customer,22,Business Travel,Business,247,1,1,1,1,5,5,5,5,5,5,4,3,5,3.54,0,0,TRUE
Male,Loyal Customer,37,Personal Travel,Business,213,2,3,2,2,3,3,2,1,1,2,1,2,5,2.23,128,131,FALSE
Female,Loyal Customer,50,Business Travel,Eco Plus,201,1,2,2,2,3,3,4,1,1,1,1,4,2,2.08,0,0,FALSE
Female,Loyal Customer,47,Personal Travel,Eco,346,3,5,3,1,5,5,5,3,3,3,3,5,5,3.77,0,0,FALSE
Male,Disloyal Customer,22,Business Travel,Eco,403,4,2,4,3,3,4,3,3,1,1,4,1,3,2.77,0,14,FALSE
Female,Loyal Customer,20,Business Travel,Business,3376,4,4,4,4,5,5,5,5,1,4,5,5,5,4.31,18,16,TRUE
Female,Loyal Customer,40,Business Travel,Eco,254,3,5,5,5,3,3,3,3,3,4,2,1,3,3.31,29,32,FALSE
Male,Loyal Customer,14,Personal Travel,Eco,299,3,5,3,4,4,3,4,4,4,2,5,3,4,3.69,1,27,FALSE
Female,Loyal Customer,19,Personal Travel,Eco,338,3,2,3,4,3,3,3,3,2,3,3,4,3,3,0,0,FALSE
Female,Loyal Customer,36,Business Travel,Eco Plus,458,4,3,1,3,4,4,4,4,5,4,3,5,4,3.69,9,13,TRUE
Male,Loyal Customer,11,Business Travel,Eco,2475,1,2,2,2,1,2,1,4,5,3,4,1,1,2.23,0,0,FALSE
Female,Disloyal Customer,58,Business Travel,Eco,399,3,2,3,4,5,3,5,5,1,2,3,4,5,3.46,0,0,FALSE
Female,Loyal Customer,58,Business Travel,Business,3137,4,4,5,4,3,4,5,5,5,5,5,4,3,4.31,85,76,TRUE
Male,Loyal Customer,70,Business Travel,Business,488,1,3,1,1,5,4,5,4,4,4,4,4,4,3.38,2,17,TRUE
Male,Disloyal Customer,44,Business Travel,Business,435,4,4,4,4,4,4,4,4,5,4,4,3,4,4,0,0,FALSE
Male,Loyal Customer,58,Business Travel,Business,1946,3,3,3,3,5,3,2,4,4,4,4,5,4,3.62,0,0,TRUE
Male,Disloyal Customer,48,Business Travel,Business,1298,3,3,3,1,2,3,1,2,5,3,5,3,2,2.77,0,0,FALSE
Female,Loyal Customer,45,Business Travel,Business,2241,3,3,3,3,3,3,3,2,1,3,3,3,3,2.77,141,136,FALSE
Female,Loyal Customer,62,Business Travel,Eco,147,4,5,5,5,3,3,3,4,4,4,4,4,3,3.92,0,0,FALSE
Male,Loyal Customer,58,Business Travel,Business,238,5,5,5,5,2,3,2,5,5,5,5,4,3,4.15,37,30,TRUE
Female,Loyal Customer,31,Personal Travel,Eco,2541,3,4,3,3,3,4,1,4,3,4,5,1,1,3,1,0,FALSE
Male,Loyal Customer,67,Personal Travel,Eco,1635,2,4,2,1,4,2,4,4,3,5,5,5,4,3.46,1,0,FALSE
Male,Loyal Customer,53,Business Travel,Business,1635,2,2,2,2,5,2,3,2,2,2,2,1,3,2.31,0,16,FALSE
Female,Loyal Customer,24,Business Travel,Eco,577,4,5,5,5,4,5,4,4,4,4,3,3,4,4.15,0,0,TRUE
Male,Loyal Customer,46,Business Travel,Business,2286,3,3,3,3,3,5,4,4,4,4,4,4,3,3.62,28,11,TRUE
Female,Loyal Customer,46,Personal Travel,Eco,143,2,2,2,4,1,4,3,1,1,2,1,1,4,2.15,0,4,FALSE
Male,Loyal Customer,24,Personal Travel,Eco,347,2,5,2,4,2,2,2,2,5,4,4,5,2,3.15,0,1,FALSE
Female,Loyal Customer,25,Personal Travel,Eco,347,1,4,1,2,2,1,2,2,5,5,4,5,2,2.77,20,13,FALSE
Male,Loyal Customer,45,Personal Travel,Eco,993,2,4,2,4,2,2,2,2,4,3,4,4,2,2.85,0,0,FALSE
Female,Disloyal Customer,22,Business Travel,Eco,1249,2,2,2,3,4,2,4,4,3,3,3,3,4,3,0,15,FALSE
Male,Loyal Customer,57,Business Travel,Eco,373,2,2,2,2,2,2,2,2,3,2,3,4,2,2.31,24,33,FALSE
Male,Disloyal Customer,22,Business Travel,Eco,919,3,3,3,3,3,3,3,3,4,2,4,3,3,3.08,0,0,FALSE
Female,Loyal Customer,66,Personal Travel,Eco,383,2,5,2,3,4,5,5,5,5,2,3,3,3,3.62,0,17,FALSE
Male,Disloyal Customer,24,Business Travel,Eco,558,3,0,3,3,1,3,1,1,5,4,4,5,1,2.62,0,4,FALSE
Male,Disloyal Customer,14,Business Travel,Business,1072,5,0,5,5,5,5,1,5,4,2,4,3,5,3.77,12,10,TRUE
Male,Loyal Customer,21,Personal Travel,Eco,596,3,3,3,3,1,3,1,1,4,3,2,4,1,2.46,0,0,FALSE
Male,Loyal Customer,55,Business Travel,Business,333,2,2,2,2,5,5,5,5,5,5,5,4,3,3.85,0,0,TRUE
Female,Loyal Customer,15,Personal Travel,Eco,867,1,3,1,1,3,1,3,3,2,3,4,2,3,2.31,0,0,FALSE
Male,Loyal Customer,45,Business Travel,Business,1590,3,3,3,3,5,5,5,4,4,4,4,5,3,3.92,0,0,TRUE
Female,Loyal Customer,50,Business Travel,Eco Plus,728,4,5,3,5,1,3,2,4,4,4,4,1,3,3.31,6,0,FALSE
Male,Loyal Customer,49,Business Travel,Business,371,2,2,2,2,2,4,4,4,4,4,4,4,4,3.23,0,3,TRUE
Male,Loyal Customer,36,Business Travel,Business,2113,2,4,4,4,2,3,4,2,2,2,2,3,1,2.69,0,15,FALSE
Female,Loyal Customer,25,Personal Travel,Eco,140,2,5,2,1,4,2,4,4,4,3,5,5,4,3.46,41,42,FALSE
Male,Loyal Customer,59,Personal Travel,Eco,541,4,5,2,1,2,2,2,2,4,3,4,5,2,2.92,0,0,FALSE
Male,Loyal Customer,34,Business Travel,Business,3655,1,1,1,1,5,2,2,5,5,5,5,5,2,3.08,44,61,TRUE
Female,Loyal Customer,42,Business Travel,Business,2287,4,5,5,5,3,3,2,4,4,4,4,3,3,3.77,0,10,FALSE
Female,Loyal Customer,49,Business Travel,Business,2556,2,2,2,2,4,4,4,2,2,2,2,5,5,2.92,0,0,TRUE
Male,Disloyal Customer,18,Business Travel,Eco,272,2,2,3,4,3,3,3,3,4,1,3,1,3,2.69,0,3,FALSE
Female,Loyal Customer,45,Business Travel,Eco,323,4,2,2,2,1,5,2,3,3,4,3,2,5,2.92,0,0,TRUE
Female,Loyal Customer,40,Personal Travel,Eco,147,3,5,3,2,5,3,5,5,5,5,5,4,5,4.23,65,60,FALSE
Male,Loyal Customer,35,Personal Travel,Eco,1020,3,3,2,3,5,2,5,5,2,3,3,4,5,3.46,31,11,FALSE
Female,Loyal Customer,34,Business Travel,Business,187,1,1,1,1,2,5,5,4,4,4,4,5,3,3.08,0,0,TRUE
Male,Loyal Customer,35,Business Travel,Business,1299,3,3,3,3,2,5,5,4,4,4,4,3,4,3.62,0,0,TRUE
Male,Loyal Customer,29,Personal Travel,Eco,2350,1,3,1,4,1,3,3,3,2,3,4,3,3,2.62,0,0,FALSE
Female,Loyal Customer,30,Business Travel,Business,509,3,1,1,1,3,3,3,3,1,4,3,1,3,2.31,0,0,FALSE
Male,Loyal Customer,29,Business Travel,Business,1616,2,2,2,2,5,5,5,5,4,3,5,5,5,3.85,0,0,TRUE
Male,Disloyal Customer,23,Business Travel,Eco,158,2,4,2,3,2,2,2,2,2,4,4,4,2,2.69,93,102,FALSE
Male,Loyal Customer,60,Business Travel,Business,3198,5,5,5,5,4,4,4,3,3,3,3,4,5,4.08,0,0,TRUE
Male,Loyal Customer,50,Personal Travel,Eco,1235,2,4,2,5,4,2,4,4,3,2,3,5,4,3.38,6,4,FALSE
Female,Disloyal Customer,20,Business Travel,Eco,240,1,5,1,1,1,3,3,3,4,5,1,3,3,2.62,340,335,FALSE
Male,Loyal Customer,24,Business Travel,Business,1179,4,3,4,4,2,2,2,2,2,5,5,1,2,2.92,0,0,TRUE
Female,Loyal Customer,40,Personal Travel,Eco,139,1,4,1,3,4,1,4,4,4,5,3,4,4,3.23,0,0,FALSE
Male,Loyal Customer,40,Business Travel,Business,649,2,2,2,2,3,4,5,5,5,5,5,3,5,3.69,0,0,TRUE
Female,Loyal Customer,55,Business Travel,Business,342,2,2,2,2,5,4,5,5,5,5,5,3,5,3.85,36,18,TRUE
Male,Loyal Customer,70,Business Travel,Business,2813,0,0,0,2,3,4,4,5,5,5,5,3,5,3.15,0,0,TRUE
Female,Loyal Customer,59,Personal Travel,Eco,369,3,4,3,3,3,4,4,4,4,3,4,4,4,3.62,0,0,FALSE
Male,Disloyal Customer,24,Business Travel,Eco,253,5,4,5,3,2,5,2,2,5,3,4,5,2,3.62,2,0,TRUE
Female,Loyal Customer,57,Business Travel,Business,1784,4,3,3,3,2,3,2,4,4,4,4,3,1,3.08,0,0,FALSE
Female,Loyal Customer,39,Personal Travel,Eco,862,5,4,5,3,3,5,5,3,2,3,4,2,3,3.62,3,0,TRUE
Female,Loyal Customer,68,Personal Travel,Eco,125,2,4,0,2,2,1,5,1,1,0,1,2,2,1.77,2,6,FALSE
Female,Loyal Customer,51,Business Travel,Business,3895,1,1,1,1,5,5,5,5,5,5,5,5,5,3.77,2,0,TRUE
Female,Disloyal Customer,21,Business Travel,Eco,448,3,0,3,4,1,3,1,1,4,4,4,5,1,2.62,7,2,FALSE
Female,Loyal Customer,56,Personal Travel,Eco,507,3,5,3,1,5,5,4,4,4,3,4,5,3,3.77,3,1,FALSE
Male,Loyal Customer,53,Business Travel,Business,1200,2,1,1,1,3,3,4,2,2,2,2,3,2,2.15,0,9,FALSE
Female,Loyal Customer,36,Business Travel,Business,402,1,1,1,1,2,4,5,4,4,4,4,2,4,2.85,0,0,TRUE
Female,Loyal Customer,33,Business Travel,Business,3195,1,1,1,1,2,5,5,3,3,4,3,4,4,2.85,0,0,TRUE
Male,Loyal Customer,52,Business Travel,Business,1084,5,5,5,5,5,4,4,2,2,2,2,3,5,3.77,0,0,TRUE
Male,Disloyal Customer,32,Business Travel,Business,216,2,2,2,1,4,2,4,4,3,2,4,4,4,2.92,0,6,FALSE
Female,Loyal Customer,57,Business Travel,Business,110,5,5,5,5,4,3,2,5,5,5,5,5,3,4.38,1,0,TRUE
Male,Loyal Customer,19,Business Travel,Business,3634,5,5,2,5,4,4,4,4,5,3,5,3,4,4.08,3,9,TRUE
Male,Loyal Customer,70,Business Travel,Business,413,4,4,4,4,4,3,5,5,5,5,5,1,5,4.15,0,0,TRUE
Male,Loyal Customer,41,Business Travel,Business,2129,2,2,4,2,4,4,5,4,4,4,4,4,5,3.69,0,5,TRUE
Male,Disloyal Customer,47,Business Travel,Eco,399,3,4,3,1,4,3,3,4,4,4,1,3,4,3.15,28,13,FALSE
Male,Loyal Customer,43,Business Travel,Business,2536,4,4,4,4,2,3,3,4,4,4,4,2,5,3.62,102,99,TRUE
Female,Loyal Customer,28,Business Travel,Business,236,3,3,3,3,4,5,4,4,4,4,5,3,4,3.77,0,0,TRUE
Male,Loyal Customer,52,Business Travel,Business,2105,5,5,5,5,5,4,5,5,5,5,5,4,3,4.69,0,4,TRUE
Female,Loyal Customer,40,Personal Travel,Eco,2446,4,5,4,1,5,4,2,5,3,2,3,3,5,3.54,42,7,FALSE
Male,Loyal Customer,32,Business Travel,Business,563,1,1,1,1,4,4,4,4,1,3,4,1,4,2.54,0,0,TRUE
Female,Loyal Customer,49,Personal Travel,Eco,787,2,5,2,3,2,5,5,4,4,2,4,5,3,3.54,88,94,FALSE
Male,Loyal Customer,63,Personal Travel,Business,511,0,5,0,4,3,5,5,5,5,0,5,4,5,3.54,4,3,TRUE
Male,Loyal Customer,26,Business Travel,Business,1743,2,2,2,2,5,5,5,5,1,5,2,2,5,3.31,0,4,TRUE
Female,Loyal Customer,46,Business Travel,Business,1547,1,1,1,1,4,5,5,4,4,4,4,5,3,3.23,3,6,TRUE
Male,Disloyal Customer,27,Business Travel,Business,727,3,3,3,4,4,3,3,4,5,3,5,3,4,3.62,17,2,FALSE
Female,Loyal Customer,51,Business Travel,Eco,200,3,3,3,3,4,4,5,3,3,3,3,2,1,3.08,0,0,TRUE
Male,Loyal Customer,52,Business Travel,Business,3482,3,3,2,3,3,5,4,4,4,4,4,3,5,3.62,0,0,TRUE
Male,Loyal Customer,17,Personal Travel,Eco,955,3,4,3,3,5,3,5,5,3,5,4,4,5,4,0,0,FALSE
Male,Loyal Customer,77,Business Travel,Business,2506,3,3,3,3,5,1,2,4,4,4,4,1,5,3.23,0,0,TRUE
Female,Loyal Customer,58,Personal Travel,Eco,237,3,4,3,3,2,5,4,5,5,3,5,4,3,3.77,0,0,FALSE
Female,Loyal Customer,55,Business Travel,Business,3049,2,2,2,2,2,4,4,4,4,4,4,3,4,3.15,0,0,TRUE
Female,Loyal Customer,44,Business Travel,Business,223,5,5,5,5,4,4,4,3,3,4,4,3,4,4.08,14,22,TRUE
Female,Loyal Customer,42,Business Travel,Eco,1041,5,4,4,4,3,4,2,5,5,5,5,1,1,3.69,0,0,TRUE
Female,Loyal Customer,58,Business Travel,Business,2280,4,2,2,2,3,4,4,4,4,4,4,1,2,3.08,0,0,FALSE
Male,Loyal Customer,21,Personal Travel,Eco,2349,1,2,1,3,1,4,4,4,3,3,2,4,4,2.77,0,19,FALSE
Female,Disloyal Customer,35,Business Travel,Business,1744,2,2,2,4,4,2,4,4,3,3,4,4,4,3.23,0,4,FALSE
Male,Disloyal Customer,24,Business Travel,Eco,1033,2,2,2,3,3,2,3,3,5,5,4,5,3,3.23,0,0,FALSE
Female,Loyal Customer,53,Business Travel,Business,3993,1,1,1,1,5,1,1,5,5,5,4,5,5,3.08,0,0,TRUE
Male,Loyal Customer,52,Personal Travel,Eco,1514,1,4,1,4,2,1,4,2,1,2,4,3,2,2.38,100,64,FALSE
Female,Disloyal Customer,36,Business Travel,Business,1773,1,1,1,3,3,1,3,3,5,2,3,5,3,2.62,0,2,FALSE
Female,Loyal Customer,46,Business Travel,Business,2422,5,5,5,5,4,4,4,4,5,5,5,4,4,4.54,0,12,TRUE
Male,Loyal Customer,51,Business Travel,Eco Plus,2329,3,4,4,4,3,3,3,3,4,2,4,2,3,3.23,0,0,TRUE
Male,Loyal Customer,53,Business Travel,Business,723,1,1,3,1,2,5,4,4,4,4,4,3,3,3,17,9,TRUE
Female,Loyal Customer,40,Business Travel,Business,2276,4,4,4,4,2,5,5,3,3,3,3,3,5,3.69,0,0,TRUE
Male,Loyal Customer,63,Personal Travel,Eco,650,4,4,3,4,2,3,2,2,4,4,3,1,2,2.92,0,0,TRUE
Male,Disloyal Customer,45,Business Travel,Business,502,5,5,5,4,2,5,2,2,5,5,4,4,2,3.85,0,0,TRUE
Male,Loyal Customer,44,Business Travel,Business,2234,5,3,5,5,4,5,4,5,5,5,5,3,4,4.46,37,31,TRUE
Female,Loyal Customer,28,Business Travel,Eco,636,3,5,5,5,3,3,3,3,4,2,4,4,3,3.62,15,56,FALSE
Female,Loyal Customer,35,Personal Travel,Eco,867,3,4,3,1,4,3,3,4,4,5,4,3,4,3.46,70,90,FALSE
Male,Disloyal Customer,27,Business Travel,Business,2845,4,4,4,3,1,4,1,1,4,4,2,2,1,2.69,0,0,FALSE
Female,Loyal Customer,7,Personal Travel,Eco,672,4,2,4,4,1,4,1,1,3,2,4,1,1,2.46,0,0,TRUE
Male,Loyal Customer,9,Personal Travel,Eco,1035,2,4,2,3,5,2,5,5,3,3,4,5,5,3.69,12,0,FALSE
Female,Loyal Customer,59,Personal Travel,Eco Plus,341,3,5,3,1,4,4,5,3,3,3,3,5,5,3.62,115,106,FALSE
Male,Loyal Customer,28,Personal Travel,Eco,395,3,4,3,3,5,3,5,5,5,4,5,3,5,4.08,42,34,FALSE
Female,Loyal Customer,57,Business Travel,Business,1512,5,5,5,5,5,5,4,5,5,5,5,4,3,4.69,0,0,TRUE
Male,Loyal Customer,21,Personal Travel,Business,903,4,5,4,2,3,4,1,3,3,2,4,5,3,3.31,0,9,FALSE
Male,Loyal Customer,12,Personal Travel,Eco,212,2,1,2,3,5,2,5,5,2,2,4,2,5,3.08,0,0,FALSE
Female,Loyal Customer,55,Business Travel,Business,1576,3,3,3,3,5,5,4,4,4,4,4,3,3,3.69,3,0,TRUE
Female,Loyal Customer,54,Personal Travel,Eco,337,0,4,0,5,3,4,4,5,5,0,5,4,4,3.31,0,3,TRUE
Female,Loyal Customer,46,Personal Travel,Eco,515,3,5,3,5,5,5,4,2,2,3,2,5,3,3.62,14,20,FALSE
Male,Disloyal Customer,29,Business Travel,Business,770,5,4,4,3,2,4,1,2,5,5,5,3,2,3.46,10,14,TRUE
Male,Loyal Customer,46,Business Travel,Eco,216,4,4,5,5,4,4,4,4,5,5,3,2,4,4.08,0,0,TRUE
Male,Loyal Customer,41,Personal Travel,Eco,216,3,2,3,3,3,3,2,3,4,5,3,3,3,3.08,0,0,FALSE
Female,Loyal Customer,39,Personal Travel,Business,1188,1,4,1,3,3,3,5,2,2,1,2,4,5,2.77,0,9,FALSE
Male,Loyal Customer,28,Personal Travel,Eco,1069,1,5,1,1,3,1,3,3,3,4,4,4,3,2.77,6,0,FALSE
Male,Loyal Customer,52,Personal Travel,Eco,162,2,5,0,1,2,0,2,2,5,5,5,3,2,2.62,0,13,FALSE
Male,Loyal Customer,59,Business Travel,Business,2340,5,5,5,5,2,1,4,5,5,5,3,4,3,4,2,3,TRUE
Male,Loyal Customer,27,Personal Travel,Eco,762,3,4,2,1,1,2,1,1,4,2,4,4,1,2.31,51,57,FALSE
Female,Loyal Customer,43,Business Travel,Business,1947,5,5,5,5,5,5,5,4,4,4,4,3,5,4.54,0,0,TRUE
Female,Disloyal Customer,29,Business Travel,Eco,941,1,1,1,4,3,1,3,3,2,1,2,1,3,2,39,24,FALSE
Female,Loyal Customer,56,Personal Travel,Eco,1910,3,5,3,3,3,4,4,3,5,4,5,4,4,3.85,132,116,FALSE
Female,Loyal Customer,49,Business Travel,Business,588,2,2,2,2,2,5,5,3,3,3,3,4,3,3,0,0,TRUE
Male,Loyal Customer,11,Personal Travel,Eco,337,4,5,2,5,2,2,2,2,3,4,4,5,2,3.23,0,0,FALSE
Female,Loyal Customer,56,Business Travel,Business,1372,3,3,3,3,4,5,4,5,5,5,5,3,4,4,0,12,TRUE
Female,Loyal Customer,41,Business Travel,Business,414,2,2,2,2,5,5,5,2,2,2,2,5,5,3.15,0,0,TRUE
Male,Loyal Customer,68,Business Travel,Eco,443,4,2,5,2,4,4,4,4,2,4,4,5,4,3.69,0,6,TRUE
Female,Loyal Customer,41,Business Travel,Business,3423,4,4,4,4,4,4,5,5,5,5,5,4,3,4.31,0,0,TRUE
Male,Loyal Customer,54,Business Travel,Business,460,5,5,2,5,5,4,5,4,4,4,4,3,5,4.23,9,0,TRUE
Female,Loyal Customer,11,Business Travel,Business,2288,4,4,4,4,3,4,3,3,5,5,5,3,3,3.85,0,0,TRUE
Female,Loyal Customer,36,Business Travel,Eco,945,3,2,2,2,3,3,3,3,2,2,2,2,3,2.46,6,13,FALSE
Female,Disloyal Customer,21,Business Travel,Business,296,0,0,0,3,3,0,3,3,3,5,5,3,3,2.38,40,34,TRUE
Female,Loyal Customer,47,Business Travel,Business,1953,1,1,1,1,4,4,5,5,5,5,5,4,4,3.46,14,5,TRUE
Male,Loyal Customer,28,Personal Travel,Eco,296,4,4,4,4,3,4,3,3,2,2,3,2,3,3.15,0,0,FALSE
Male,Loyal Customer,53,Personal Travel,Eco,297,2,2,2,2,5,2,5,5,3,4,2,2,5,3.15,2,0,FALSE
Male,Loyal Customer,53,Personal Travel,Eco,361,2,4,2,3,2,2,2,2,4,2,4,5,2,2.77,60,39,FALSE
Female,Loyal Customer,12,Personal Travel,Eco,620,3,1,3,4,4,3,4,4,2,1,3,2,4,2.92,25,18,FALSE
Male,Loyal Customer,57,Business Travel,Business,587,3,4,4,4,4,4,4,3,3,3,3,4,4,3.62,60,51,FALSE
Female,Loyal Customer,46,Business Travel,Eco,957,3,1,1,1,3,4,4,3,3,3,3,4,1,2.62,16,14,FALSE
Male,Loyal Customer,17,Business Travel,Eco,762,2,5,5,5,2,2,3,2,4,5,3,4,2,3.38,5,36,FALSE
Female,Loyal Customer,28,Personal Travel,Eco,1211,2,5,2,4,2,2,2,2,3,4,4,3,2,2.85,13,16,FALSE
Male,Loyal Customer,30,Business Travel,Business,2901,3,3,3,3,5,5,5,5,5,4,5,3,5,4.15,0,20,TRUE
Female,Loyal Customer,17,Personal Travel,Eco,175,1,4,1,4,1,1,1,1,5,2,4,2,1,2.15,0,0,FALSE
Male,Loyal Customer,9,Personal Travel,Eco,456,3,5,3,4,1,3,1,1,5,4,4,3,1,2.92,9,0,FALSE
Female,Disloyal Customer,44,Business Travel,Eco,369,2,3,2,1,3,2,3,3,5,4,2,1,3,2.62,0,0,FALSE
Female,Loyal Customer,18,Personal Travel,Eco,2475,2,1,2,4,5,2,5,5,2,3,3,4,5,3.31,0,0,FALSE
Male,Loyal Customer,63,Personal Travel,Eco,937,1,1,1,1,5,1,5,5,1,5,2,1,5,2.62,25,25,FALSE
Female,Loyal Customer,49,Business Travel,Eco Plus,991,4,3,3,3,2,5,4,4,4,4,4,3,4,3.62,0,0,TRUE
Male,Loyal Customer,52,Business Travel,Business,1868,2,2,2,2,3,4,5,3,3,4,5,5,4,3.38,16,5,TRUE
Male,Loyal Customer,53,Business Travel,Eco,89,4,4,4,4,4,4,4,4,4,3,3,2,4,3.69,0,0,FALSE
Male,Loyal Customer,51,Personal Travel,Eco,1172,1,2,1,3,4,1,4,4,1,2,3,2,4,2.46,13,2,FALSE
Female,Loyal Customer,56,Personal Travel,Eco,834,1,2,1,3,3,3,4,3,3,1,3,1,2,2.31,0,0,FALSE
Male,Loyal Customer,69,Personal Travel,Eco Plus,817,2,4,1,3,1,1,1,1,1,2,4,4,1,2,0,0,FALSE
Male,Loyal Customer,50,Business Travel,Business,333,5,5,5,5,2,5,5,5,5,5,5,4,3,4.54,2,0,TRUE
Male,Loyal Customer,49,Business Travel,Eco,2077,1,4,4,4,1,1,1,1,2,3,3,4,1,2.31,0,38,FALSE
Female,Disloyal Customer,36,Business Travel,Eco,308,1,3,1,3,5,1,5,5,1,5,3,4,5,3.23,0,3,FALSE
Male,Loyal Customer,59,Business Travel,Business,3640,3,3,3,3,2,3,2,3,3,3,3,2,1,2.62,0,19,FALSE
Female,Loyal Customer,45,Business Travel,Eco,852,4,5,1,1,1,2,2,4,4,4,4,2,2,2.77,0,42,FALSE
Female,Loyal Customer,37,Business Travel,Business,1749,5,5,5,5,4,4,5,5,5,5,4,5,4,4.69,15,11,TRUE
Female,Loyal Customer,61,Business Travel,Business,240,1,1,1,1,4,5,5,5,5,5,5,5,3,3.54,0,0,TRUE
Female,Loyal Customer,56,Business Travel,Eco,507,3,4,3,3,4,4,3,3,3,3,3,4,1,3.15,1,0,FALSE
Female,Loyal Customer,44,Business Travel,Business,2879,5,5,5,5,4,3,4,4,4,4,4,5,1,4.08,0,3,TRUE
Male,Loyal Customer,50,Business Travel,Eco,451,1,2,2,2,1,1,1,1,2,5,1,3,1,1.77,0,0,FALSE
Male,Loyal Customer,20,Personal Travel,Eco,2399,5,5,5,4,2,5,2,2,3,5,5,3,2,3.69,14,14,TRUE
Male,Loyal Customer,52,Business Travel,Business,2277,1,1,1,1,1,4,1,5,5,5,5,4,4,2.92,12,11,TRUE
Female,Loyal Customer,35,Business Travel,Business,2978,3,3,3,3,1,4,3,4,4,4,4,5,3,3.38,0,0,TRUE
Female,Loyal Customer,60,Business Travel,Eco,532,5,4,4,4,1,5,4,5,5,5,5,5,4,4.31,0,4,TRUE
Male,Loyal Customer,27,Personal Travel,Eco,692,4,5,4,5,5,4,1,5,4,4,4,5,5,4.23,4,42,FALSE
Female,Loyal Customer,41,Business Travel,Business,2683,3,3,1,3,5,5,4,4,4,4,4,5,4,3.77,31,39,TRUE
Female,Loyal Customer,36,Personal Travel,Eco,749,4,5,4,3,5,4,5,5,2,3,5,3,5,4.08,0,8,FALSE
Female,Loyal Customer,33,Business Travel,Eco,257,5,2,3,2,5,5,5,5,5,5,2,2,5,3.92,0,0,TRUE
Male,Loyal Customer,49,Business Travel,Business,2552,3,1,3,3,5,4,5,5,5,5,5,3,5,4,0,0,TRUE
Female,Loyal Customer,47,Business Travel,Business,3150,2,2,2,2,4,5,5,5,5,5,5,4,4,3.85,109,109,TRUE
Female,Loyal Customer,38,Personal Travel,Eco,950,4,0,4,3,2,4,2,2,4,2,4,3,2,2.77,0,0,FALSE
Male,Disloyal Customer,25,Business Travel,Business,1145,5,0,5,1,2,5,2,2,3,3,5,5,2,3.08,0,0,TRUE
Female,Loyal Customer,54,Business Travel,Eco,744,3,1,1,1,2,1,4,3,3,3,3,4,4,2.54,20,5,TRUE
Male,Loyal Customer,27,Business Travel,Eco,423,5,3,3,3,5,5,5,5,1,1,2,3,5,3.54,0,0,TRUE
Female,Loyal Customer,46,Business Travel,Business,402,1,1,1,1,5,4,4,5,5,5,5,3,3,3.31,0,1,TRUE
Male,Disloyal Customer,31,Business Travel,Business,1892,3,4,4,1,3,4,2,3,3,5,4,5,3,3.38,0,0,FALSE
Male,Loyal Customer,72,Business Travel,Business,1481,2,4,1,4,3,3,4,2,2,2,2,3,1,2.54,85,61,FALSE
Female,Loyal Customer,51,Business Travel,Business,2962,1,1,1,1,2,4,5,4,4,4,4,5,3,3,0,0,TRUE
Female,Loyal Customer,47,Business Travel,Business,1355,1,1,1,1,4,5,5,4,4,4,4,4,4,3.23,20,39,TRUE
Male,Loyal Customer,56,Business Travel,Eco Plus,569,2,2,3,2,2,2,2,2,3,4,4,1,2,2.38,14,34,FALSE
Male,Loyal Customer,53,Business Travel,Business,2256,5,5,5,5,4,4,4,4,4,4,4,3,3,4.15,0,1,TRUE
Female,Disloyal Customer,38,Business Travel,Business,184,4,4,4,2,4,4,3,4,3,5,5,4,4,3.85,0,0,TRUE
Female,Disloyal Customer,46,Business Travel,Eco,414,1,4,1,3,2,1,2,2,1,4,4,4,2,2.38,0,0,FALSE
Female,Loyal Customer,21,Personal Travel,Eco,372,3,4,3,4,1,3,1,1,3,2,5,2,1,2.54,40,23,FALSE
Female,Loyal Customer,56,Personal Travel,Eco,361,2,5,2,3,4,5,4,1,1,2,1,5,3,2.92,0,3,FALSE
Male,Loyal Customer,52,Personal Travel,Eco,356,2,5,2,4,1,2,1,1,3,5,5,4,1,2.77,8,7,FALSE
Female,Loyal Customer,59,Business Travel,Business,3127,3,3,3,3,3,3,3,3,3,3,3,4,1,2.92,0,0,FALSE
Female,Loyal Customer,25,Business Travel,Business,1717,4,4,3,4,3,3,3,3,3,2,5,4,3,3.38,0,0,TRUE
Female,Loyal Customer,33,Business Travel,Business,1920,4,4,4,4,3,5,5,5,5,5,5,1,3,4.08,95,99,TRUE
Female,Disloyal Customer,44,Business Travel,Eco,775,3,2,2,1,1,2,4,1,1,1,5,3,1,2.08,0,0,FALSE
Male,Loyal Customer,77,Business Travel,Eco Plus,802,2,2,2,2,3,2,3,3,3,2,2,1,3,2.31,0,0,FALSE
Female,Loyal Customer,12,Personal Travel,Eco,526,2,4,2,1,1,2,1,1,5,4,5,3,1,2.46,10,0,FALSE
Female,Loyal Customer,24,Personal Travel,Eco,622,2,4,2,4,3,2,3,3,4,2,5,4,3,3.15,1,2,FALSE
Male,Loyal Customer,12,Personal Travel,Eco,1211,3,1,3,2,3,3,3,3,2,5,3,2,3,2.77,0,0,FALSE
Female,Disloyal Customer,21,Business Travel,Eco,1037,4,4,4,4,1,4,1,1,5,3,4,4,1,3.08,10,18,FALSE
Female,Loyal Customer,30,Business Travel,Business,3255,3,3,3,3,3,3,3,3,1,3,4,3,3,2.92,8,1,FALSE
Male,Disloyal Customer,26,Business Travel,Business,351,2,4,2,4,4,2,4,4,4,4,5,5,4,3.69,0,0,FALSE
Male,Loyal Customer,60,Business Travel,Business,337,3,3,3,3,4,5,5,5,5,4,5,4,3,4,0,0,TRUE
Female,Loyal Customer,38,Personal Travel,Eco,395,2,4,2,5,5,2,5,5,4,3,5,3,5,3.85,0,0,FALSE
Male,Loyal Customer,38,Business Travel,Business,1400,1,1,1,1,4,5,4,5,5,5,5,4,3,3.38,0,21,TRUE
Female,Loyal Customer,47,Business Travel,Business,108,5,3,5,5,3,4,5,4,4,4,4,3,5,4.15,20,20,TRUE
Male,Loyal Customer,42,Business Travel,Business,448,4,4,4,4,5,4,5,5,5,5,5,4,3,4.38,0,0,TRUE
Male,Loyal Customer,47,Business Travel,Eco,577,3,3,3,3,3,3,3,3,1,2,3,1,3,2.62,103,110,FALSE
Female,Disloyal Customer,23,Business Travel,Eco,335,2,3,2,4,5,2,5,5,1,1,4,2,5,3.15,0,0,FALSE
Female,Loyal Customer,26,Personal Travel,Eco,214,1,5,1,5,3,1,5,3,3,3,5,4,3,3.23,0,2,FALSE
Male,Loyal Customer,50,Business Travel,Business,1618,4,1,4,4,5,4,5,4,4,4,4,5,5,4.08,19,12,TRUE
Male,Disloyal Customer,23,Business Travel,Eco,149,2,2,2,3,4,2,4,4,1,4,4,4,4,3.08,0,0,FALSE
Female,Loyal Customer,12,Business Travel,Business,3024,1,1,2,1,3,4,3,3,3,1,1,3,3,2.23,0,0,TRUE
Male,Loyal Customer,37,Business Travel,Eco,337,3,5,5,5,3,2,3,3,3,3,3,4,3,3.46,28,19,FALSE
Male,Loyal Customer,30,Business Travel,Eco,1304,5,2,2,2,5,5,5,5,3,3,1,3,5,3.54,25,27,TRUE
Male,Loyal Customer,74,Business Travel,Business,1561,4,5,5,5,4,3,3,4,4,4,4,2,1,3.69,0,0,FALSE
Male,Loyal Customer,34,Business Travel,Eco,157,4,4,4,4,4,4,4,4,3,3,3,3,4,3.69,0,19,FALSE
Male,Loyal Customer,23,Business Travel,Business,1596,4,4,4,4,5,5,5,5,3,4,5,4,5,4.38,16,0,TRUE
Female,Loyal Customer,58,Business Travel,Business,2441,1,1,5,1,3,4,5,5,5,5,5,3,4,3.62,5,0,TRUE
Female,Loyal Customer,62,Personal Travel,Eco,1024,4,5,4,4,5,4,5,5,5,4,5,5,3,4.46,0,0,TRUE
Female,Loyal Customer,60,Business Travel,Business,2171,1,4,1,1,4,5,5,5,5,5,5,4,4,3.77,0,1,TRUE
Male,Loyal Customer,31,Business Travel,Business,544,3,3,3,3,5,5,5,5,1,4,1,1,5,3.38,118,109,TRUE
Female,Loyal Customer,36,Business Travel,Business,2640,2,2,2,2,2,4,3,4,4,4,4,3,4,3.08,0,9,TRUE
Male,Loyal Customer,37,Business Travel,Business,964,2,2,2,2,2,5,5,5,5,4,5,1,3,3.31,0,16,TRUE
Male,Loyal Customer,40,Business Travel,Eco,651,3,2,2,2,3,3,3,3,2,5,3,1,3,2.69,0,0,FALSE
Male,Loyal Customer,33,Business Travel,Eco,1023,4,1,1,1,4,4,4,4,1,5,3,1,4,2.85,0,0,FALSE
Male,Loyal Customer,85,Business Travel,Business,2078,1,1,5,1,5,4,4,3,4,5,5,4,4,3.54,82,76,TRUE
Female,Loyal Customer,23,Business Travel,Eco,338,2,3,3,3,2,2,3,2,2,1,3,3,2,2.38,0,0,FALSE
Male,Disloyal Customer,26,Business Travel,Eco,109,4,0,4,4,3,4,3,3,2,5,3,5,3,3.31,0,0,FALSE
Female,Loyal Customer,30,Business Travel,Business,481,1,4,5,4,1,2,1,1,1,1,4,2,1,2.15,0,0,FALSE
Female,Loyal Customer,26,Business Travel,Eco Plus,854,3,5,5,5,3,4,3,3,3,3,2,5,3,3.62,10,3,TRUE
Female,Loyal Customer,25,Personal Travel,Eco,1524,3,2,3,3,5,3,5,5,1,1,2,2,5,3.08,4,0,FALSE
Male,Loyal Customer,58,Business Travel,Business,2744,2,2,2,2,5,4,4,4,4,4,4,3,3,3.31,0,0,TRUE
Female,Loyal Customer,30,Business Travel,Business,1560,2,4,3,4,2,2,2,2,2,2,4,3,2,2.62,18,9,FALSE
Female,Loyal Customer,36,Business Travel,Business,1065,2,2,2,2,3,3,4,2,2,2,2,1,2,2.23,0,0,FALSE
Female,Loyal Customer,48,Personal Travel,Business,682,1,1,1,4,5,3,4,3,3,1,3,2,4,2.69,0,0,FALSE
Male,Loyal Customer,55,Business Travel,Business,2744,0,5,0,1,4,5,5,2,2,2,2,5,3,2.77,10,4,TRUE
Female,Loyal Customer,22,Business Travel,Business,3081,2,3,3,3,2,2,2,2,1,5,4,3,2,2.62,129,122,FALSE
Male,Disloyal Customer,23,Business Travel,Business,363,3,2,3,4,2,3,2,2,1,3,3,3,2,2.54,0,0,FALSE
Male,Loyal Customer,65,Business Travel,Business,2865,1,1,1,1,3,1,2,4,4,4,4,3,4,2.54,0,0,TRUE
Female,Loyal Customer,18,Personal Travel,Eco,160,5,5,5,2,3,5,3,3,4,4,5,3,3,3.85,0,0,TRUE
Male,Loyal Customer,27,Business Travel,Business,507,3,5,5,5,3,3,3,3,3,1,4,1,3,3.23,25,20,FALSE
Male,Loyal Customer,60,Personal Travel,Eco,624,4,4,4,3,3,4,3,3,4,4,3,2,3,3.38,0,0,FALSE
Female,Loyal Customer,55,Business Travel,Business,2360,1,1,1,1,3,4,5,5,5,5,5,4,3,3.31,0,0,TRUE
Male,Loyal Customer,48,Business Travel,Eco,304,4,1,1,1,4,4,4,4,5,1,5,5,4,3.31,3,0,TRUE
Male,Loyal Customer,51,Business Travel,Business,3472,3,3,3,3,5,5,4,3,3,3,3,4,5,3.62,0,0,TRUE
Male,Disloyal Customer,25,Business Travel,Eco,777,3,3,3,1,3,3,3,4,2,5,2,3,3,2.92,5,0,FALSE
Female,Loyal Customer,40,Business Travel,Business,374,2,2,2,2,2,1,4,5,5,5,5,3,4,3.23,0,0,TRUE
Male,Loyal Customer,38,Business Travel,Eco Plus,89,4,1,1,1,4,4,4,4,3,3,5,3,4,3.15,0,31,TRUE
Female,Loyal Customer,40,Personal Travel,Eco,2133,2,4,2,4,2,2,2,2,1,4,4,3,2,2.62,0,0,FALSE
Male,Loyal Customer,45,Business Travel,Business,711,3,3,3,3,3,4,4,4,4,4,4,5,5,3.77,0,0,TRUE
Female,Loyal Customer,32,Business Travel,Business,1905,3,3,3,3,5,5,5,5,1,5,4,2,5,3.77,0,0,TRUE
Female,Disloyal Customer,25,Business Travel,Eco,1352,2,2,2,4,2,5,5,3,2,2,4,5,5,3.31,214,258,FALSE
Female,Disloyal Customer,49,Business Travel,Business,937,1,0,0,3,3,1,3,3,4,3,5,3,3,2.46,10,32,FALSE
Male,Loyal Customer,48,Business Travel,Business,2503,3,5,5,5,2,3,3,4,4,4,3,4,1,3.54,114,111,FALSE
Male,Loyal Customer,34,Business Travel,Business,3808,4,4,4,4,1,3,3,4,4,4,4,3,5,3.62,46,41,TRUE
Male,Loyal Customer,62,Business Travel,Business,612,2,5,5,5,2,4,3,2,2,2,2,2,2,2.92,29,22,FALSE
Female,Loyal Customer,52,Business Travel,Eco Plus,190,5,2,2,2,4,5,4,5,5,5,5,3,2,3.77,27,23,TRUE
Male,Loyal Customer,51,Business Travel,Business,2917,3,3,5,3,5,4,5,5,5,5,5,5,5,4.46,4,2,TRUE
Male,Loyal Customer,16,Personal Travel,Eco,488,4,4,4,4,1,4,1,1,4,5,3,4,1,3.08,0,0,FALSE
Female,Loyal Customer,46,Business Travel,Business,2148,3,3,3,3,2,4,4,5,5,5,5,3,3,3.69,0,0,TRUE
Female,Loyal Customer,49,Business Travel,Eco,451,5,5,5,5,1,4,4,5,5,5,5,2,1,4,0,0,TRUE
Male,Loyal Customer,48,Business Travel,Business,3331,1,1,1,1,4,4,4,4,4,4,4,3,5,3.08,0,0,TRUE
Male,Loyal Customer,39,Business Travel,Eco Plus,973,1,4,4,4,1,1,1,1,1,5,3,1,1,2.15,13,1,FALSE
Female,Loyal Customer,36,Business Travel,Eco,307,2,4,5,4,2,2,2,2,4,1,4,2,2,2.77,31,27,FALSE
Male,Disloyal Customer,24,Business Travel,Eco,1068,2,2,2,4,1,2,1,1,1,5,1,3,1,2,98,74,FALSE
Female,Loyal Customer,16,Personal Travel,Business,634,3,1,3,4,4,3,3,4,4,5,4,2,4,3.38,0,0,FALSE
Male,Loyal Customer,52,Business Travel,Eco Plus,631,1,5,5,5,1,1,1,1,3,3,3,3,1,2.54,11,18,FALSE
Male,Loyal Customer,31,Business Travel,Business,1491,3,4,3,3,3,4,3,3,5,3,4,3,3,3.38,24,10,TRUE
Male,Loyal Customer,58,Business Travel,Business,689,5,5,5,5,4,4,4,4,4,4,4,3,4,4.23,2,0,TRUE
Male,Disloyal Customer,37,Business Travel,Eco,196,3,1,3,1,2,3,2,2,3,3,1,2,2,2.15,0,0,FALSE
Male,Loyal Customer,62,Personal Travel,Eco,1947,0,5,0,4,2,0,2,2,5,5,5,3,2,2.69,5,4,TRUE
Female,Loyal Customer,68,Personal Travel,Eco,2267,4,5,4,1,4,3,4,2,2,4,2,5,3,3.31,0,0,FALSE
Female,Loyal Customer,42,Business Travel,Business,986,1,4,4,4,1,3,3,1,1,2,1,2,1,2.15,102,101,FALSE
Female,Disloyal Customer,50,Business Travel,Business,1585,4,4,4,2,4,4,4,4,4,3,4,3,4,3.69,67,51,TRUE
Female,Disloyal Customer,23,Business Travel,Eco,391,2,4,2,4,2,4,4,2,4,4,4,4,4,3.38,274,273,FALSE
Male,Loyal Customer,34,Business Travel,Business,3789,3,5,5,5,2,3,4,3,3,3,3,4,4,3.62,114,119,FALSE
Male,Loyal Customer,51,Business Travel,Business,3006,4,4,4,4,5,5,5,4,4,4,4,4,3,4.15,22,20,TRUE
Male,Loyal Customer,49,Business Travel,Business,1407,1,1,1,1,3,4,5,4,4,4,4,5,5,3.23,87,91,TRUE
Male,Loyal Customer,48,Business Travel,Business,293,2,2,2,2,3,4,5,5,5,5,5,4,3,3.62,52,59,TRUE
Female,Loyal Customer,61,Personal Travel,Business,2556,2,2,2,3,1,2,4,1,1,2,1,2,1,1.85,0,0,FALSE
Male,Disloyal Customer,22,Business Travel,Eco,247,0,0,0,3,3,0,2,3,3,4,4,3,3,2.15,21,11,TRUE
Male,Loyal Customer,47,Personal Travel,Eco,853,3,1,2,3,1,2,1,1,1,4,3,4,1,2.08,3,0,FALSE
Female,Loyal Customer,18,Personal Travel,Eco,1814,3,5,3,4,5,3,5,5,4,5,3,5,5,4.23,3,0,FALSE
Female,Loyal Customer,57,Business Travel,Business,2004,1,1,1,1,4,4,4,4,4,4,4,4,4,3.08,0,0,TRUE
Male,Loyal Customer,11,Personal Travel,Eco,308,0,5,0,1,5,0,5,5,5,3,5,4,5,3.31,0,0,TRUE
Male,Loyal Customer,52,Personal Travel,Eco,2075,3,5,3,2,2,3,2,2,3,4,3,4,2,2.92,0,0,FALSE
Female,Disloyal Customer,18,Business Travel,Eco,632,0,0,0,2,3,0,3,3,5,3,5,5,3,2.46,0,0,TRUE
Male,Loyal Customer,39,Business Travel,Business,759,4,4,4,4,4,5,5,4,4,4,4,4,3,4.08,0,0,TRUE
Male,Loyal Customer,50,Business Travel,Business,2048,1,1,1,1,4,4,4,2,2,2,2,4,3,2.38,18,36,TRUE
Female,Loyal Customer,39,Business Travel,Business,861,2,2,2,2,2,4,4,5,5,5,5,5,3,3.54,16,21,TRUE
Male,Loyal Customer,44,Business Travel,Business,563,1,1,1,1,3,5,2,3,3,4,3,1,2,2.31,0,0,TRUE
Female,Loyal Customer,58,Business Travel,Business,270,4,1,4,4,2,4,2,5,5,4,5,2,4,3.54,65,71,TRUE
Male,Loyal Customer,50,Business Travel,Business,459,2,2,2,2,5,3,4,2,2,2,2,4,4,2.77,28,28,FALSE
Male,Loyal Customer,25,Business Travel,Business,808,3,3,3,3,3,3,3,3,2,1,4,2,3,2.77,0,0,FALSE
Female,Loyal Customer,52,Business Travel,Business,1721,2,2,2,2,2,5,4,5,5,5,5,4,4,3.62,0,33,TRUE
Female,Loyal Customer,25,Business Travel,Eco Plus,1021,4,2,2,2,4,4,4,4,1,4,4,4,4,3.31,8,79,FALSE
Male,Loyal Customer,43,Business Travel,Business,2992,3,3,2,3,3,1,4,4,4,4,4,4,4,3.31,0,0,TRUE
Male,Loyal Customer,46,Business Travel,Business,1828,3,2,3,3,3,4,5,4,4,4,4,3,4,3.54,0,0,TRUE
Female,Disloyal Customer,37,Business Travel,Business,370,2,2,2,1,5,2,5,5,4,4,5,3,5,3.46,111,102,FALSE
Male,Loyal Customer,54,Business Travel,Eco,1587,3,5,5,5,3,3,3,3,2,4,2,4,3,3.46,44,50,FALSE
Female,Loyal Customer,33,Business Travel,Business,3875,1,1,1,1,2,4,5,5,5,4,5,4,3,3.15,0,6,TRUE
Male,Loyal Customer,66,Personal Travel,Eco,337,3,4,3,3,4,3,4,4,2,2,3,1,4,3.08,3,0,FALSE
Male,Loyal Customer,25,Personal Travel,Eco,862,2,3,2,4,4,2,4,4,1,1,3,3,4,2.85,0,0,FALSE
Female,Loyal Customer,9,Personal Travel,Eco,1400,2,4,2,1,4,2,5,4,4,3,2,2,4,3,41,6,FALSE
Male,Loyal Customer,54,Business Travel,Eco,86,3,1,5,1,3,3,3,3,1,3,4,3,3,2.77,94,118,FALSE
Female,Loyal Customer,33,Personal Travel,Eco,1440,4,4,5,3,3,5,3,3,3,5,5,5,3,3.92,27,22,FALSE
Female,Loyal Customer,64,Business Travel,Business,1904,1,2,2,2,2,3,3,1,1,1,1,3,2,1.85,6,1,FALSE
Female,Loyal Customer,43,Business Travel,Business,200,5,5,5,5,5,3,1,4,4,4,5,2,1,3.77,0,0,TRUE
Male,Loyal Customer,38,Business Travel,Eco,306,2,1,5,5,2,2,2,2,3,1,3,3,2,2.54,14,26,FALSE
Female,Loyal Customer,56,Business Travel,Business,3334,4,4,4,4,5,5,4,5,5,5,5,5,3,4.46,0,0,TRUE
Male,Loyal Customer,65,Personal Travel,Eco,1589,2,4,2,3,4,2,4,4,3,2,5,4,4,3.31,0,0,FALSE
Female,Loyal Customer,36,Personal Travel,Eco Plus,835,4,5,4,3,3,4,4,3,4,4,4,5,3,3.85,50,62,FALSE
Male,Loyal Customer,16,Personal Travel,Eco,862,2,3,2,4,3,2,3,3,3,3,3,2,3,2.77,50,37,FALSE
Male,Loyal Customer,77,Business Travel,Business,2435,4,4,4,4,1,5,4,5,5,4,5,4,3,4,0,0,TRUE
Female,Loyal Customer,47,Business Travel,Eco,447,1,4,4,4,1,2,2,1,1,1,1,2,3,2.08,0,0,FALSE
Female,Disloyal Customer,23,Business Travel,Business,1726,4,0,4,5,2,4,2,2,3,3,3,3,2,2.85,7,7,TRUE
Female,Loyal Customer,43,Personal Travel,Eco,300,2,4,2,2,3,5,4,4,4,2,4,4,3,3.31,0,0,FALSE
Male,Disloyal Customer,20,Business Travel,Eco,2139,3,3,3,2,2,3,5,2,1,5,2,3,2,2.77,21,1,FALSE
Female,Disloyal Customer,25,Business Travel,Eco,1173,2,2,2,3,3,2,3,3,4,2,3,3,3,2.69,0,0,FALSE
Male,Loyal Customer,56,Personal Travel,Eco,209,2,3,2,3,3,2,3,3,4,1,3,3,3,2.69,0,6,FALSE
Female,Loyal Customer,47,Business Travel,Business,1916,4,4,2,4,2,3,4,4,4,4,4,3,4,3.54,4,0,TRUE
Male,Loyal Customer,60,Personal Travel,Eco,937,3,5,3,2,1,3,1,1,5,2,5,3,1,2.69,0,,FALSE
Female,Loyal Customer,43,Business Travel,Business,2446,5,5,5,5,4,4,4,4,4,3,5,4,4,4.31,0,0,TRUE
Male,Loyal Customer,61,Personal Travel,Eco,1242,3,5,3,1,2,3,2,2,5,3,4,5,2,3.08,20,29,FALSE
Male,Loyal Customer,55,Business Travel,Business,475,1,1,1,1,2,2,3,1,1,1,1,2,4,1.62,0,7,FALSE
Male,Disloyal Customer,18,Business Travel,Eco Plus,130,1,4,1,3,1,1,1,1,1,5,4,3,1,2.08,0,0,FALSE
Male,Loyal Customer,43,Business Travel,Business,3346,3,3,3,3,4,4,4,5,5,5,5,3,5,4,12,22,TRUE
Female,Disloyal Customer,60,Business Travel,Business,1546,3,3,3,2,5,3,3,5,5,5,5,4,5,3.92,0,0,FALSE
Male,Loyal Customer,25,Personal Travel,Eco,113,2,1,2,4,3,2,3,3,4,4,3,3,3,2.85,0,0,FALSE
Male,Loyal Customer,57,Business Travel,Eco,308,4,2,2,2,4,4,4,4,1,1,3,3,4,2.92,0,0,TRUE
Female,Loyal Customer,63,Personal Travel,Eco,308,2,4,2,2,2,4,4,5,5,5,5,4,4,3.69,141,128,FALSE
Female,Loyal Customer,37,Personal Travel,Eco,787,1,5,1,2,1,1,2,1,5,3,4,3,1,2.31,0,0,FALSE
Male,Loyal Customer,36,Business Travel,Eco,1046,2,4,5,4,2,2,2,2,2,1,2,3,2,2.54,0,0,TRUE
Female,Disloyal Customer,54,Business Travel,Eco,1028,2,2,2,4,5,2,5,5,3,1,3,1,5,3.08,76,62,FALSE
Male,Loyal Customer,42,Business Travel,Business,3992,4,4,4,4,2,4,4,4,4,5,4,5,3,3.92,35,18,TRUE
Male,Loyal Customer,32,Personal Travel,Eco,867,1,4,1,3,5,1,5,5,4,1,4,4,5,3.31,35,19,FALSE
Female,Loyal Customer,65,Business Travel,Business,2282,2,3,3,3,3,3,3,2,2,2,2,4,3,2.69,0,0,FALSE
Female,Loyal Customer,48,Personal Travel,Eco,603,3,4,3,3,5,5,4,1,1,3,1,3,3,3,0,0,FALSE
Male,Loyal Customer,46,Business Travel,Business,1956,1,1,1,1,5,5,4,4,4,4,4,4,4,3.23,82,57,TRUE
Male,Loyal Customer,39,Personal Travel,Eco,1162,1,5,1,2,5,1,5,5,3,3,4,4,5,3.38,0,0,FALSE
Female,Disloyal Customer,10,Business Travel,Eco,711,2,1,1,3,1,1,1,1,3,2,4,2,1,1.77,76,77,FALSE
Male,Loyal Customer,45,Business Travel,Business,2556,4,4,4,4,4,5,4,4,4,4,4,3,4,4,26,0,TRUE
Female,Loyal Customer,9,Personal Travel,Eco,1773,2,5,2,5,2,2,2,2,1,3,4,3,2,2.69,1,28,FALSE
Male,Loyal Customer,8,Personal Travel,Eco,1431,3,1,3,2,5,3,5,5,2,5,2,2,5,3.31,0,0,FALSE
Female,Loyal Customer,50,Business Travel,Business,2475,2,2,2,2,2,2,2,2,2,3,4,2,2,2.23,41,35,FALSE
Male,Loyal Customer,47,Business Travel,Business,1647,0,0,0,2,3,5,4,3,3,3,3,3,5,2.62,0,0,TRUE
Female,Loyal Customer,28,Personal Travel,Eco,2446,3,4,3,3,4,3,4,4,4,4,3,4,4,3.62,0,0,FALSE
Female,Loyal Customer,63,Personal Travel,Eco,329,1,1,1,3,3,3,3,1,1,1,1,4,2,1.92,0,0,FALSE
Female,Loyal Customer,44,Personal Travel,Business,1197,5,3,5,3,2,4,2,5,5,5,5,3,2,3.77,0,0,TRUE
Male,Disloyal Customer,37,Business Travel,Business,1726,1,1,1,4,1,1,1,1,3,3,3,4,1,1.92,4,6,FALSE
Female,Loyal Customer,42,Business Travel,Business,3916,4,4,4,4,2,4,5,5,5,5,5,4,5,4.31,1,0,TRUE
Female,Loyal Customer,40,Business Travel,Business,3424,1,1,1,1,3,5,4,5,5,5,5,3,4,3.31,36,37,TRUE
Male,Loyal Customer,48,Personal Travel,Eco,436,3,2,3,4,4,3,4,4,1,5,3,4,4,3.38,0,0,FALSE
Female,Loyal Customer,33,Business Travel,Business,1062,2,2,2,2,4,5,4,4,4,4,4,3,5,3.46,40,31,TRUE
Male,Loyal Customer,30,Business Travel,Business,1535,2,2,2,2,2,2,2,2,4,5,3,3,2,2.54,0,0,FALSE
Female,Loyal Customer,43,Personal Travel,Eco,883,2,2,2,4,2,4,4,1,1,2,1,3,2,2.31,1,0,FALSE
Female,Loyal Customer,45,Business Travel,Business,3136,3,3,3,3,3,5,4,4,4,4,4,5,3,3.69,16,0,TRUE
Female,Loyal Customer,27,Business Travel,Eco Plus,1020,4,2,2,2,4,3,4,4,1,3,3,4,4,3.08,0,0,FALSE
Male,Loyal Customer,48,Personal Travel,Eco Plus,272,2,4,2,3,1,2,1,1,4,5,4,4,1,2.62,0,0,FALSE
Female,Loyal Customer,58,Business Travel,Business,1651,3,3,3,3,5,4,4,4,4,4,4,4,3,3.69,32,25,TRUE
Male,Loyal Customer,60,Business Travel,Eco,173,5,3,1,1,5,5,5,5,1,4,5,3,5,3.69,0,4,TRUE
Male,Loyal Customer,20,Business Travel,Business,2007,2,3,3,3,2,2,2,2,3,3,4,1,2,2.46,0,32,FALSE
Female,Loyal Customer,40,Business Travel,Business,1660,1,1,1,1,2,4,4,5,5,5,5,5,3,3.23,1,0,TRUE
Female,Loyal Customer,43,Business Travel,Eco,2253,2,5,5,5,1,2,3,2,2,2,2,1,2,2.62,4,4,FALSE
Male,Disloyal Customer,39,Business Travel,Eco,463,5,0,5,4,4,5,4,4,5,5,3,4,4,4,0,0,TRUE
Female,Loyal Customer,34,Business Travel,Business,2871,3,3,3,3,3,4,4,3,3,3,3,3,3,3.15,1,23,FALSE
Female,Loyal Customer,45,Business Travel,Eco,1542,4,2,2,2,1,3,5,4,4,4,4,5,3,3.31,0,3,TRUE
Male,Loyal Customer,67,Personal Travel,Eco,1709,2,2,2,4,3,2,3,3,1,2,4,2,3,2.54,0,0,FALSE
Female,Disloyal Customer,24,Business Travel,Eco,952,3,3,3,2,2,3,2,2,4,1,2,5,2,2.62,7,0,FALSE
Male,Loyal Customer,25,Business Travel,Business,692,4,4,1,4,5,5,5,5,3,1,1,1,5,3.38,8,3,TRUE
Female,Loyal Customer,34,Personal Travel,Eco,840,3,5,3,3,5,3,5,5,3,4,4,5,5,4.08,0,0,FALSE
Female,Loyal Customer,46,Business Travel,Eco,1065,5,3,3,3,5,5,5,4,1,3,2,5,5,3.77,0,0,TRUE
Female,Loyal Customer,22,Business Travel,Business,2426,1,1,1,1,3,4,1,3,3,4,3,3,3,2.38,6,26,FALSE
Female,Loyal Customer,62,Personal Travel,Eco,1514,3,3,3,3,5,3,3,5,5,3,5,1,3,3.46,0,0,FALSE
Female,Disloyal Customer,25,Business Travel,Eco,598,4,3,4,2,3,4,3,3,2,2,3,4,3,3.08,0,0,FALSE
Female,Disloyal Customer,24,Business Travel,Eco,712,3,3,3,2,1,3,1,1,2,2,2,4,1,2.15,2,1,FALSE
Female,Disloyal Customer,25,Business Travel,Eco,323,3,2,4,3,5,4,4,5,3,4,3,3,5,3.69,0,0,FALSE
Male,Loyal Customer,40,Business Travel,Eco,842,4,1,1,1,4,4,4,4,3,4,3,2,4,3,0,9,TRUE
Male,Loyal Customer,20,Business Travel,Business,2253,2,3,3,3,2,2,2,2,2,1,3,2,2,2.23,0,2,FALSE
Female,Disloyal Customer,35,Business Travel,Eco,109,3,0,3,3,4,3,4,4,4,5,1,4,4,3.23,75,85,FALSE
Male,Loyal Customer,36,Business Travel,Business,1023,1,1,1,1,2,5,5,4,4,5,4,5,3,3.15,17,0,TRUE
Male,Disloyal Customer,23,Business Travel,Business,1096,5,0,5,4,1,5,1,1,4,3,4,4,1,2.92,3,0,TRUE
Male,Loyal Customer,53,Business Travel,Business,3767,4,4,1,4,5,5,5,4,4,4,4,3,3,3.85,0,0,TRUE
Female,Disloyal Customer,14,Business Travel,Eco,2295,4,4,4,4,3,4,3,3,3,3,2,4,3,3.38,5,0,FALSE
Female,Loyal Customer,45,Business Travel,Business,2964,4,4,4,4,5,4,5,5,5,5,5,4,3,4.38,0,0,TRUE
Female,Loyal Customer,61,Business Travel,Business,3711,0,4,0,2,5,3,2,4,4,4,4,5,1,2.92,0,0,TRUE
Female,Disloyal Customer,29,Business Travel,Business,1035,0,0,0,3,2,0,2,2,5,3,4,5,2,2.15,25,0,TRUE
Male,Disloyal Customer,62,Business Travel,Eco,1325,4,4,4,3,5,4,5,5,2,5,5,2,5,4.08,0,0,FALSE
Female,Loyal Customer,49,Business Travel,Business,282,0,0,0,1,3,5,4,3,3,2,2,5,3,2.38,67,64,TRUE
Female,Loyal Customer,50,Business Travel,Eco,986,4,2,1,1,5,4,2,4,4,4,4,5,2,3.23,0,0,TRUE
Male,Loyal Customer,22,Business Travel,Business,2086,3,3,2,3,3,3,3,3,1,2,4,1,3,2.62,14,10,FALSE
Female,Disloyal Customer,34,Business Travel,Eco Plus,370,4,4,4,3,5,4,5,5,1,2,5,5,5,4,12,1,FALSE
Male,Loyal Customer,52,Business Travel,Business,2521,3,3,3,3,2,2,3,3,3,3,3,1,1,2.54,77,62,FALSE
Female,Loyal Customer,17,Personal Travel,Eco,589,1,4,1,2,4,1,3,4,3,4,3,3,4,2.85,19,7,FALSE
Male,Loyal Customer,16,Personal Travel,Eco,369,4,1,4,3,3,4,3,3,2,2,3,3,3,2.92,0,0,FALSE
Male,Loyal Customer,18,Personal Travel,Eco,589,2,5,2,3,3,2,3,3,4,5,5,5,3,3.46,54,64,FALSE
Female,Loyal Customer,17,Personal Travel,Eco Plus,306,4,4,4,1,5,4,5,5,4,3,4,4,5,4,26,102,FALSE
Male,Loyal Customer,68,Business Travel,Business,2328,3,2,2,2,1,3,4,3,3,3,3,3,4,2.77,45,38,FALSE
Female,Disloyal Customer,34,Business Travel,Eco,515,2,3,2,2,3,2,3,3,4,4,2,1,3,2.62,28,14,FALSE
Female,Loyal Customer,54,Personal Travel,Eco,297,3,4,3,2,5,5,5,4,4,3,4,5,3,3.85,0,0,FALSE
Female,Loyal Customer,25,Business Travel,Business,1670,5,5,5,5,5,5,5,5,3,2,4,4,5,4.46,0,0,TRUE
Female,Loyal Customer,12,Business Travel,Business,583,3,3,3,3,4,4,4,4,4,3,5,3,4,3.62,0,0,TRUE
Male,Loyal Customer,8,Personal Travel,Eco,899,2,5,2,2,2,2,2,2,4,2,5,4,2,2.77,0,10,FALSE
Female,Loyal Customer,42,Business Travel,Eco,965,4,1,1,1,2,2,5,3,3,4,3,2,3,2.62,0,0,TRUE
Female,Loyal Customer,61,Business Travel,Business,2045,3,3,3,3,5,3,4,3,3,3,3,3,4,3.31,3,0,FALSE
Female,Loyal Customer,78,Business Travel,Business,2963,4,4,4,4,4,4,5,3,3,3,3,3,4,3.69,34,17,TRUE
Male,Loyal Customer,53,Business Travel,Eco,1201,2,2,2,2,1,2,1,1,1,5,3,1,1,1.85,3,0,FALSE
Male,Loyal Customer,35,Personal Travel,Eco,199,4,5,4,3,3,4,3,3,3,5,5,3,3,3.69,0,0,TRUE
Female,Loyal Customer,57,Business Travel,Business,134,0,4,0,3,3,4,4,5,5,5,5,5,5,3.69,0,0,TRUE
Male,Loyal Customer,34,Personal Travel,Eco Plus,601,4,4,4,3,4,4,4,4,4,2,1,1,4,3.31,0,0,FALSE
Male,Loyal Customer,56,Personal Travel,Eco,309,3,4,4,1,5,4,5,5,5,3,5,4,5,4.08,34,29,FALSE
Male,Disloyal Customer,29,Business Travel,Eco,1199,3,3,3,4,2,3,5,2,1,1,3,3,2,2.69,31,58,FALSE
Male,Loyal Customer,69,Personal Travel,Eco Plus,1562,1,3,1,2,4,1,5,4,1,1,2,4,4,2.54,0,0,FALSE
Female,Loyal Customer,56,Personal Travel,Eco,813,3,2,3,4,1,2,4,3,3,3,4,2,3,2.85,14,6,FALSE
Female,Loyal Customer,19,Personal Travel,Eco,480,1,4,1,3,2,1,3,2,3,2,4,1,2,2.23,0,0,FALSE
Male,Disloyal Customer,23,Business Travel,Business,689,5,0,5,2,2,5,3,2,4,4,4,4,2,3.23,1,0,TRUE
Male,Loyal Customer,46,Business Travel,Business,120,5,5,5,5,4,5,5,4,4,4,4,5,5,4.62,9,1,TRUE
Female,Loyal Customer,31,Business Travel,Business,3863,2,2,2,2,5,4,5,5,5,5,5,4,5,3.92,0,0,TRUE
Male,Loyal Customer,52,Business Travel,Business,484,5,5,5,5,5,5,5,3,3,3,3,4,3,4.15,1,0,TRUE
Male,Disloyal Customer,45,Business Travel,Eco,300,2,0,2,2,4,2,5,4,5,3,1,4,4,2.92,4,2,FALSE
Male,Disloyal Customer,33,Business Travel,Business,216,3,2,2,4,5,2,3,5,3,5,3,3,5,3.46,0,7,FALSE
Female,Loyal Customer,53,Business Travel,Business,1662,2,5,1,5,1,3,3,2,2,2,2,4,4,2.77,13,8,FALSE
Female,Loyal Customer,40,Business Travel,Eco,521,2,2,5,5,2,2,2,2,1,3,4,3,2,2.69,0,0,FALSE
Male,Loyal Customer,58,Business Travel,Business,3361,3,3,3,3,5,4,5,5,5,5,5,3,4,4.08,0,0,TRUE
Male,Loyal Customer,50,Business Travel,Business,2719,1,2,1,1,3,5,4,5,5,4,5,3,5,3.38,3,0,TRUE
Female,Loyal Customer,56,Business Travel,Business,1791,2,2,2,2,2,4,5,5,5,5,5,5,3,3.62,0,0,TRUE
Female,Loyal Customer,45,Personal Travel,Eco Plus,353,1,1,1,4,3,4,3,4,4,1,4,1,1,2.46,80,96,FALSE
Male,Loyal Customer,39,Business Travel,Business,248,5,5,5,5,2,5,4,5,5,5,5,5,5,4.69,18,34,TRUE
Female,Loyal Customer,45,Business Travel,Eco,696,5,3,3,3,1,4,1,5,5,5,5,4,5,3.77,8,0,TRUE
Female,Loyal Customer,13,Personal Travel,Eco,408,2,5,4,1,2,4,2,2,5,5,5,5,2,3.38,0,1,FALSE
Male,Loyal Customer,61,Business Travel,Eco Plus,109,3,3,3,3,3,3,3,3,4,1,3,2,3,2.85,0,0,FALSE
Female,Loyal Customer,52,Business Travel,Business,679,2,2,2,2,4,5,5,4,4,4,4,3,5,3.54,0,0,TRUE
Male,Loyal Customer,49,Business Travel,Business,328,0,0,0,3,4,5,4,2,2,2,2,3,4,2.38,0,0,TRUE
Female,Disloyal Customer,9,Business Travel,Eco,584,4,4,4,3,5,4,5,5,2,3,5,3,5,4,0,0,TRUE
Male,Loyal Customer,45,Business Travel,Business,689,2,2,2,2,5,5,5,4,4,4,4,5,3,3.62,0,0,TRUE
Female,Loyal Customer,30,Business Travel,Eco Plus,1598,2,2,2,2,2,2,2,2,4,5,3,3,2,2.54,9,28,FALSE
Male,Loyal Customer,36,Business Travel,Business,2054,2,5,4,5,1,3,3,1,1,1,2,2,4,2.62,0,0,FALSE
Male,Loyal Customer,58,Business Travel,Business,2437,1,1,1,1,2,4,4,4,4,4,4,3,5,2.92,3,45,TRUE
Male,Loyal Customer,30,Business Travel,Business,3050,1,1,1,1,1,1,1,1,4,2,2,4,1,1.62,9,10,FALSE
Male,Loyal Customer,50,Business Travel,Business,3829,4,4,4,4,4,4,5,5,5,5,5,3,3,4.23,0,0,TRUE
Female,Loyal Customer,34,Personal Travel,Eco,834,1,5,1,4,2,1,2,2,3,4,4,4,2,2.69,37,42,FALSE
Male,Loyal Customer,56,Business Travel,Business,2595,0,4,0,5,5,5,5,5,5,1,1,4,3,3.31,0,0,TRUE
Female,Loyal Customer,47,Personal Travel,Business,1084,4,4,4,3,2,4,5,4,4,4,4,4,5,3.92,0,0,TRUE
Female,Disloyal Customer,28,Business Travel,Business,402,1,1,1,5,1,1,1,1,5,4,4,4,1,2.31,0,0,FALSE
Female,Loyal Customer,69,Personal Travel,Eco,933,4,4,5,4,3,4,4,4,4,5,5,4,3,4.08,0,20,FALSE
Female,Loyal Customer,35,Business Travel,Eco,508,5,4,2,4,5,5,5,5,3,4,4,1,5,4,0,0,TRUE
Male,Loyal Customer,8,Personal Travel,Eco,828,2,5,2,1,1,2,1,1,3,5,4,3,1,2.38,24,16,FALSE
Male,Loyal Customer,11,Personal Travel,Eco,160,1,4,1,2,2,1,1,2,3,5,4,3,2,2.38,20,4,FALSE
Female,Loyal Customer,31,Business Travel,Business,814,4,4,2,4,5,5,5,5,3,5,4,3,5,4.15,0,0,TRUE
Male,Disloyal Customer,23,Business Travel,Business,1524,0,0,0,4,4,0,4,4,4,4,5,5,4,2.92,0,0,TRUE
Female,Loyal Customer,49,Business Travel,Business,602,3,3,3,3,3,5,4,4,4,4,4,4,3,3.62,0,7,TRUE
Female,Loyal Customer,27,Personal Travel,Eco,781,1,4,2,5,5,2,1,5,4,1,4,1,5,3.08,23,21,FALSE
Male,Disloyal Customer,29,Business Travel,Eco,373,3,2,4,4,2,4,2,2,1,1,3,4,2,2.62,27,34,FALSE
Male,Loyal Customer,60,Business Travel,Business,106,4,1,2,1,5,3,3,2,2,2,4,4,3,2.77,0,0,FALSE
Female,Loyal Customer,29,Business Travel,Eco,867,5,2,2,2,5,5,5,5,1,4,5,1,5,3.62,0,0,TRUE
Male,Loyal Customer,44,Business Travel,Eco Plus,328,2,1,1,1,2,2,2,2,2,3,3,2,2,1.92,0,0,FALSE
Male,Loyal Customer,57,Business Travel,Business,2173,2,2,2,2,2,3,3,2,2,2,2,3,3,2.31,0,0,FALSE
Female,Loyal Customer,57,Business Travel,Business,2047,2,2,2,2,5,5,5,4,4,4,4,5,5,3.77,0,12,TRUE
Female,Loyal Customer,39,Personal Travel,Eco,386,3,2,3,3,3,3,3,3,1,2,4,4,3,2.85,0,0,FALSE
Female,Disloyal Customer,42,Business Travel,Eco,1163,4,4,4,4,4,4,4,4,4,4,4,4,4,4,12,1,FALSE
Male,Loyal Customer,10,Business Travel,Business,1431,3,1,1,1,3,3,3,3,2,1,4,2,3,2.31,0,0,FALSE
Female,Loyal Customer,28,Business Travel,Eco,2583,5,2,2,2,5,5,5,5,1,5,4,4,5,3.85,8,0,TRUE
Female,Loyal Customer,26,Business Travel,Business,236,2,4,4,4,2,3,2,2,2,1,3,3,2,2.62,0,0,FALSE
Female,Loyal Customer,47,Business Travel,Eco,488,4,2,2,2,5,4,3,4,4,4,4,1,1,3.08,0,9,FALSE
Female,Loyal Customer,41,Personal Travel,Eco,762,1,5,1,1,3,1,4,3,5,3,5,3,3,2.92,0,0,FALSE
Female,Loyal Customer,44,Business Travel,Business,3339,3,5,5,5,3,4,3,3,3,2,3,1,2,3.23,28,22,FALSE
Female,Loyal Customer,50,Business Travel,Eco,861,4,5,5,5,2,3,4,4,4,4,4,1,1,3.54,0,0,FALSE
Female,Loyal Customer,51,Business Travel,Business,1857,1,1,1,1,2,4,5,5,5,5,5,3,5,3.31,0,0,TRUE
Male,Loyal Customer,41,Personal Travel,Eco,534,3,5,3,3,5,3,5,5,5,3,5,3,5,4.08,6,0,FALSE
Female,Disloyal Customer,25,Business Travel,Eco,343,3,1,3,4,2,3,2,2,2,5,3,2,2,2.62,0,0,FALSE
Female,Loyal Customer,61,Personal Travel,Eco Plus,864,2,4,2,5,2,4,4,1,1,2,1,4,5,2.85,0,10,FALSE
Female,Loyal Customer,54,Personal Travel,Eco,544,2,4,2,3,2,4,3,3,3,2,3,2,2,2.69,0,0,FALSE
Female,Loyal Customer,60,Personal Travel,Eco,239,3,3,3,3,2,2,3,4,4,3,4,3,2,3,39,36,FALSE
Female,Loyal Customer,44,Business Travel,Business,864,4,4,4,4,5,3,4,4,4,4,4,4,2,3.85,1,0,TRUE
Male,Loyal Customer,41,Business Travel,Business,248,1,1,1,1,3,4,5,5,5,5,5,3,3,3.23,12,12,TRUE
Female,Loyal Customer,28,Business Travel,Business,1842,2,2,5,2,5,5,5,5,5,3,4,5,5,4.08,2,0,TRUE
Female,Loyal Customer,22,Personal Travel,Eco,84,3,4,3,3,2,3,2,2,4,4,4,4,2,3.08,0,2,FALSE
Male,Loyal Customer,35,Personal Travel,Eco,814,4,0,4,1,3,4,3,3,1,3,1,3,3,2.54,0,0,FALSE
Female,Loyal Customer,50,Business Travel,Business,296,1,1,1,1,4,4,4,5,5,5,5,5,3,3.38,7,0,TRUE
Female,Loyal Customer,57,Business Travel,Business,3811,4,2,2,2,4,3,3,4,4,4,4,1,1,2.92,19,6,FALSE
Male,Loyal Customer,55,Business Travel,Business,946,3,3,3,3,4,5,4,2,2,2,2,5,3,3.15,0,0,TRUE
Male,Loyal Customer,48,Personal Travel,Eco,738,1,5,1,4,2,1,2,2,5,5,5,3,2,2.92,0,0,FALSE
Male,Loyal Customer,53,Business Travel,Eco,811,4,5,5,5,4,4,4,4,2,3,5,2,4,3.92,9,0,TRUE
Female,Loyal Customer,32,Business Travel,Eco,1046,4,5,5,5,4,4,4,4,3,4,4,3,4,4.08,0,0,TRUE
Female,Loyal Customer,37,Business Travel,Eco,500,4,1,1,1,4,4,4,4,2,2,5,4,4,3.08,52,47,TRUE
Female,Loyal Customer,44,Business Travel,Eco,419,5,3,2,3,1,1,4,5,5,5,5,4,2,3.46,0,0,TRUE
Male,Disloyal Customer,33,Business Travel,Eco,370,3,0,3,4,3,3,3,3,4,1,2,2,3,2.62,0,0,FALSE
Female,Loyal Customer,21,Business Travel,Business,332,0,0,0,1,5,2,2,5,1,1,5,4,5,2.38,0,4,TRUE
Female,Loyal Customer,49,Personal Travel,Eco,201,1,2,1,2,1,3,3,2,2,1,2,2,4,2,0,0,FALSE
Female,Loyal Customer,41,Business Travel,Business,3607,5,5,1,5,2,4,5,5,5,5,5,5,5,4.38,0,0,TRUE
Female,Loyal Customer,52,Business Travel,Business,416,5,5,5,5,5,5,5,4,4,4,4,5,4,4.62,0,0,TRUE
Female,Loyal Customer,52,Business Travel,Eco Plus,335,3,5,5,5,3,3,3,3,3,3,3,4,1,3.38,0,0,FALSE
Male,Loyal Customer,22,Business Travel,Business,3042,3,3,3,3,4,4,4,4,5,4,5,5,4,3.92,0,0,TRUE
Male,Loyal Customer,53,Business Travel,Business,843,2,2,2,2,5,1,5,5,5,5,5,4,2,3.46,0,29,TRUE
Female,Loyal Customer,19,Personal Travel,Eco,674,3,5,2,1,4,2,3,4,4,3,4,3,4,3.23,0,0,FALSE
Female,Loyal Customer,68,Personal Travel,Eco,667,3,5,3,3,3,4,5,1,1,3,1,3,4,3,0,0,FALSE
Female,Loyal Customer,58,Personal Travel,Eco,507,5,5,5,3,3,5,4,4,4,5,4,5,3,4.23,4,0,TRUE
Male,Loyal Customer,54,Personal Travel,Eco,280,1,2,1,2,1,1,4,1,4,5,1,2,1,2,0,0,FALSE
Female,Loyal Customer,25,Personal Travel,Eco Plus,1521,2,2,2,3,5,2,5,5,2,2,3,4,5,3.23,47,41,FALSE
Male,Loyal Customer,58,Business Travel,Eco,671,3,1,1,1,3,3,3,3,3,1,2,1,3,2.15,0,0,FALSE
Male,Loyal Customer,51,Personal Travel,Eco,596,3,2,3,4,2,3,2,2,4,2,4,4,2,2.85,0,38,FALSE
Female,Loyal Customer,38,Business Travel,Business,192,3,3,3,3,3,2,2,1,1,1,3,3,1,2.23,0,0,FALSE
Female,Loyal Customer,43,Business Travel,Eco,836,4,4,4,4,4,4,4,4,4,1,5,4,4,3.85,115,167,TRUE
Male,Disloyal Customer,33,Business Travel,Business,630,1,1,1,4,1,3,3,3,4,5,5,3,3,2.85,145,152,FALSE
Male,Loyal Customer,53,Personal Travel,Eco,414,1,0,2,5,1,2,1,1,4,4,4,4,1,2.31,10,0,FALSE
Female,Loyal Customer,28,Business Travel,Eco Plus,692,2,3,3,3,2,2,2,2,1,2,2,4,2,2.31,0,0,FALSE
Male,Loyal Customer,32,Personal Travel,Eco Plus,419,1,4,1,3,5,1,5,5,5,2,4,4,5,3.46,0,0,FALSE
Male,Loyal Customer,48,Business Travel,Business,337,3,3,3,3,2,4,5,4,4,4,4,3,5,3.62,0,0,TRUE
Female,Loyal Customer,22,Personal Travel,Eco,1246,4,5,4,2,4,4,5,4,4,5,4,4,4,4.08,77,83,FALSE
Male,Loyal Customer,52,Business Travel,Business,3477,5,5,5,5,5,5,4,4,4,4,4,4,4,4.46,0,0,TRUE
Female,Loyal Customer,61,Personal Travel,Eco Plus,842,0,5,0,3,5,5,5,5,5,0,5,3,5,3.54,13,17,TRUE
Male,Loyal Customer,47,Business Travel,Business,396,3,3,3,3,4,5,4,5,5,5,5,3,4,4,0,0,TRUE
Female,Disloyal Customer,8,Business Travel,Eco,812,3,4,4,3,4,4,5,4,4,2,4,3,4,3.69,0,0,FALSE
Male,Loyal Customer,41,Business Travel,Business,545,4,4,4,4,2,5,5,5,5,5,5,3,5,4.31,0,1,TRUE
Male,Loyal Customer,16,Personal Travel,Eco,147,2,5,0,4,5,0,5,5,5,5,5,5,5,3.92,18,19,FALSE
Female,Loyal Customer,51,Business Travel,Business,919,1,1,1,1,2,4,5,4,4,4,4,5,4,3.08,0,15,TRUE
Male,Loyal Customer,28,Personal Travel,Eco Plus,744,2,5,2,4,4,2,4,4,5,5,3,2,4,3.54,0,0,FALSE
Male,Loyal Customer,33,Business Travel,Business,2486,3,3,3,3,2,2,2,2,5,5,3,3,2,2.92,9,0,TRUE
Male,Loyal Customer,44,Business Travel,Eco,876,3,1,1,1,3,3,3,3,1,2,2,3,3,2.23,67,56,FALSE
Female,Loyal Customer,49,Business Travel,Business,2240,4,4,4,4,3,4,5,5,5,5,5,3,3,4.15,0,13,TRUE
Male,Loyal Customer,52,Business Travel,Eco Plus,453,4,4,4,4,4,4,4,4,3,1,3,4,4,3.62,0,0,FALSE
Male,Loyal Customer,61,Personal Travel,Business,228,3,5,3,3,2,5,4,4,4,3,4,4,4,3.69,0,0,FALSE
Female,Disloyal Customer,25,Business Travel,Eco,175,4,3,4,4,2,4,2,2,1,2,2,4,2,2.77,0,0,TRUE
Male,Loyal Customer,49,Business Travel,Business,678,3,4,4,4,4,3,3,3,3,3,3,1,4,3.23,0,0,FALSE
Male,Loyal Customer,35,Personal Travel,Eco,366,2,5,2,2,5,2,1,5,4,4,2,4,5,3.31,5,18,FALSE
Male,Loyal Customer,63,Business Travel,Eco,937,3,3,3,3,3,3,3,3,3,4,3,4,3,3.15,0,0,FALSE
Male,Loyal Customer,12,Personal Travel,Eco,451,1,3,1,2,5,1,5,5,2,2,5,4,5,3.15,0,7,FALSE
Male,Loyal Customer,65,Business Travel,Eco,746,2,4,1,4,2,2,2,2,4,5,3,1,2,2.62,0,8,FALSE
Female,Loyal Customer,41,Business Travel,Business,1927,3,3,3,3,2,4,4,4,4,4,4,5,4,3.62,0,30,TRUE
Male,Loyal Customer,27,Personal Travel,Eco,808,4,1,4,3,5,4,5,5,1,5,3,3,5,3.69,0,0,TRUE
Male,Loyal Customer,38,Personal Travel,Business,240,2,4,2,4,2,4,4,4,4,2,1,3,3,3,0,0,FALSE
Male,Loyal Customer,47,Personal Travel,Eco,2300,2,4,2,2,5,2,5,5,3,4,3,4,5,3.54,0,0,FALSE
Male,Loyal Customer,44,Business Travel,Business,1790,2,4,4,4,2,2,2,1,4,4,4,2,2,2.85,267,255,FALSE
Male,Disloyal Customer,26,Business Travel,Business,895,4,3,3,4,4,3,4,4,3,3,4,5,4,3.69,0,0,TRUE
Male,Loyal Customer,39,Business Travel,Business,1222,2,2,2,2,3,5,4,3,3,3,3,4,5,3.15,0,0,TRUE
Female,Loyal Customer,40,Personal Travel,Eco,666,2,4,2,3,3,2,5,3,2,5,4,4,3,3.23,41,40,FALSE
Female,Loyal Customer,50,Business Travel,Business,2938,4,4,4,4,2,5,4,5,5,5,5,3,4,4.15,0,0,TRUE
Male,Loyal Customer,43,Business Travel,Business,2603,1,1,2,1,5,5,5,2,1,5,3,5,5,3.15,0,0,TRUE
Male,Loyal Customer,52,Personal Travel,Eco,238,1,4,1,4,4,1,4,4,3,2,5,5,4,3.23,0,0,FALSE
Female,Loyal Customer,45,Personal Travel,Eco Plus,295,3,4,3,3,2,4,4,3,3,3,3,5,3,3.31,31,39,FALSE
Female,Loyal Customer,35,Business Travel,Business,852,4,5,4,4,3,5,4,4,4,4,4,4,5,4.15,5,3,TRUE
Male,Disloyal Customer,21,Business Travel,Business,270,4,3,4,1,3,4,4,3,5,4,1,4,3,3.31,0,22,TRUE
Female,Loyal Customer,33,Business Travel,Business,3413,2,2,2,2,1,4,5,4,4,4,4,1,4,3,57,65,TRUE
Male,Disloyal Customer,33,Business Travel,Business,356,2,2,2,1,1,2,1,1,5,4,5,5,1,2.46,3,5,FALSE
Female,Loyal Customer,25,Business Travel,Eco Plus,562,0,4,0,3,4,0,5,4,1,4,3,3,4,2.69,0,3,TRUE
Male,Loyal Customer,21,Personal Travel,Eco Plus,954,3,4,3,1,1,3,1,1,2,5,3,2,1,2.31,0,0,FALSE
Male,Loyal Customer,51,Personal Travel,Eco,1121,2,5,2,3,2,2,2,2,3,4,4,3,2,2.77,7,0,FALSE
Male,Loyal Customer,37,Personal Travel,Eco,192,3,4,3,3,1,3,1,1,4,4,4,3,1,2.69,0,0,FALSE
Male,Loyal Customer,47,Business Travel,Business,1745,5,5,5,5,3,5,5,5,5,5,5,5,4,4.77,11,15,TRUE
Female,Loyal Customer,17,Business Travel,Business,3567,4,4,4,4,4,4,4,4,4,4,4,4,4,4,21,17,FALSE
Male,Loyal Customer,38,Business Travel,Eco,1426,3,3,3,3,3,4,3,3,1,4,3,2,3,2.92,54,32,FALSE
Male,Loyal Customer,51,Business Travel,Eco,328,3,1,1,1,3,3,3,3,4,5,4,2,3,2.77,0,0,FALSE
Female,Disloyal Customer,30,Business Travel,Business,1521,2,2,2,3,4,2,4,4,4,2,4,5,4,3.23,10,0,FALSE
Female,Loyal Customer,36,Personal Travel,Eco,235,1,4,0,1,5,0,5,5,3,5,4,5,5,3.31,0,7,FALSE
Female,Loyal Customer,42,Personal Travel,Eco,1723,2,4,2,3,5,5,5,3,3,2,3,3,4,3.38,32,21,FALSE
Female,Loyal Customer,29,Business Travel,Business,2537,3,3,3,3,4,3,4,4,1,2,5,5,4,3.38,2,0,TRUE
Female,Disloyal Customer,14,Business Travel,Eco Plus,2165,3,2,3,4,5,3,5,5,4,2,2,3,5,3.54,0,0,FALSE
Male,Loyal Customer,53,Business Travel,Business,2368,4,4,4,4,3,4,4,4,4,4,4,5,3,3.92,0,0,TRUE
Female,Loyal Customer,39,Business Travel,Business,3284,1,1,1,1,4,4,4,5,5,5,5,5,5,3.54,0,19,TRUE
Female,Disloyal Customer,21,Business Travel,Eco,972,3,3,3,3,2,3,2,2,5,2,5,4,2,3,6,0,FALSE
Female,Loyal Customer,36,Business Travel,Eco,692,3,2,2,2,3,3,3,3,2,1,4,4,3,2.69,0,0,FALSE
Male,Loyal Customer,25,Personal Travel,Eco,834,3,4,3,4,5,3,5,5,3,4,4,4,5,4,49,39,FALSE
Female,Loyal Customer,41,Business Travel,Business,1799,5,5,5,5,4,2,1,5,5,5,5,4,4,4.23,95,88,TRUE
Female,Loyal Customer,29,Personal Travel,Eco,761,3,5,3,3,4,3,4,4,4,4,5,4,4,3.85,0,0,FALSE
Female,Disloyal Customer,34,Business Travel,Eco,425,4,1,3,1,4,3,4,4,2,2,2,3,4,2.85,0,0,FALSE
Male,Disloyal Customer,25,Business Travel,Eco,171,3,1,3,2,4,3,4,4,3,4,1,3,4,3,0,0,FALSE
Male,Loyal Customer,23,Business Travel,Business,3573,5,5,5,5,4,4,4,4,3,1,2,3,4,3.77,3,0,TRUE
Male,Loyal Customer,54,Business Travel,Business,2940,3,3,3,3,5,4,4,4,4,4,4,3,3,3.62,0,0,TRUE
Female,Loyal Customer,38,Business Travel,Business,2367,2,3,3,3,2,3,3,2,2,3,2,2,3,2.54,22,12,FALSE
Male,Loyal Customer,44,Business Travel,Business,507,4,4,4,4,4,5,5,5,5,5,5,5,4,4.54,22,41,TRUE
Male,Loyal Customer,64,Personal Travel,Eco,484,0,3,0,4,4,0,4,4,4,3,2,4,4,2.77,0,0,TRUE
Female,Loyal Customer,60,Personal Travel,Eco,1372,4,5,5,2,3,4,4,3,3,5,3,3,3,3.62,0,0,FALSE
Male,Loyal Customer,25,Personal Travel,Business,1491,4,4,4,4,3,4,1,3,4,2,4,4,3,3.38,22,21,FALSE
Male,Loyal Customer,42,Business Travel,Eco,259,1,1,3,1,1,1,1,1,4,5,2,3,1,1.92,0,0,FALSE
Female,Loyal Customer,31,Business Travel,Business,624,2,2,2,2,2,2,2,2,2,5,3,1,2,2.23,0,0,FALSE
Female,Loyal Customer,32,Personal Travel,Eco,752,4,4,4,3,1,4,1,1,5,3,5,4,1,3.08,0,0,TRUE
Female,Loyal Customer,44,Personal Travel,Eco,1235,1,2,1,2,2,2,3,1,1,1,1,1,3,1.62,0,0,FALSE
Female,Loyal Customer,52,Business Travel,Business,533,3,3,3,3,5,5,4,5,5,5,5,3,4,4.08,7,3,TRUE
Female,Loyal Customer,33,Personal Travel,Eco Plus,667,3,5,3,1,1,3,1,1,5,4,4,3,1,2.69,47,53,FALSE
Male,Loyal Customer,32,Personal Travel,Eco,1608,3,5,4,3,3,4,3,3,5,4,5,3,3,3.69,8,4,FALSE
Male,Loyal Customer,15,Personal Travel,Eco,2724,4,4,4,2,4,4,4,4,5,3,4,4,4,3.85,0,0,TRUE
Male,Disloyal Customer,20,Business Travel,Eco,304,3,2,3,3,2,3,2,2,2,3,3,4,2,2.62,91,119,FALSE
Male,Loyal Customer,39,Business Travel,Business,1411,1,1,1,1,4,5,4,4,4,4,4,5,5,3.31,0,0,TRUE
Female,Loyal Customer,61,Business Travel,Business,403,4,4,4,4,3,5,4,5,5,4,5,5,3,4.23,0,16,TRUE
Male,Loyal Customer,25,Business Travel,Business,2307,3,3,3,3,5,5,5,5,3,5,4,4,5,4.08,27,26,TRUE
Male,Loyal Customer,34,Business Travel,Eco Plus,484,4,2,2,2,4,4,4,4,5,4,5,1,4,3.46,0,0,TRUE
Female,Loyal Customer,29,Business Travel,Business,2118,3,3,2,3,5,5,5,1,2,2,5,5,5,3.54,158,164,TRUE
Male,Disloyal Customer,80,Business Travel,Eco,157,1,1,1,2,1,4,4,3,1,2,2,4,4,2.31,144,130,FALSE
Male,Loyal Customer,22,Business Travel,Business,551,1,3,3,3,1,1,1,1,3,5,4,2,1,2.23,6,5,FALSE
Female,Disloyal Customer,25,Business Travel,Business,813,3,0,3,1,1,3,1,1,5,5,5,4,1,2.54,0,0,FALSE
Female,Loyal Customer,20,Personal Travel,Eco,255,4,3,0,3,3,0,3,3,5,4,4,2,3,2.85,0,0,FALSE
Male,Loyal Customer,52,Business Travel,Business,849,2,2,2,2,4,4,4,4,4,4,4,5,5,3.54,0,6,TRUE
Male,Loyal Customer,48,Personal Travel,Eco,864,2,5,2,1,1,2,2,1,4,4,4,4,1,2.54,40,62,FALSE
Male,Loyal Customer,10,Personal Travel,Eco,577,2,4,2,4,4,2,4,4,5,3,5,4,4,3.62,43,34,FALSE
Male,Loyal Customer,23,Personal Travel,Eco,544,3,1,3,4,5,3,5,5,3,4,3,4,5,3.69,0,0,FALSE
Male,Disloyal Customer,45,Business Travel,Eco,449,3,2,3,2,2,3,2,2,4,3,2,3,2,2.54,64,52,FALSE
Male,Disloyal Customer,17,Business Travel,Eco,457,2,3,2,3,4,2,4,4,1,5,3,2,4,3,112,113,FALSE
Female,Loyal Customer,59,Business Travel,Business,404,3,3,3,3,4,4,4,3,3,4,3,5,4,3.54,0,0,TRUE
Female,Loyal Customer,42,Business Travel,Business,106,4,4,4,4,4,2,5,5,5,5,4,1,4,3.92,0,0,TRUE
Female,Loyal Customer,29,Business Travel,Business,2446,2,3,2,2,4,4,4,4,5,5,5,4,4,3.69,0,0,TRUE
Female,Loyal Customer,45,Business Travel,Business,1056,5,5,5,5,2,5,4,5,5,5,5,4,5,4.62,38,37,TRUE
Male,Disloyal Customer,29,Business Travel,Eco,516,3,1,3,4,1,3,1,1,1,5,3,3,1,2.31,0,0,FALSE
Female,Loyal Customer,29,Personal Travel,Eco,1208,2,1,2,2,2,2,2,2,4,1,2,4,2,2.15,7,3,FALSE
Female,Disloyal Customer,16,Business Travel,Eco,604,4,3,3,4,2,3,2,2,1,1,3,4,2,2.62,0,0,FALSE
Female,Disloyal Customer,29,Business Travel,Business,1020,3,3,3,3,4,3,4,4,5,5,5,4,4,3.85,0,0,FALSE
Female,Loyal Customer,28,Personal Travel,Eco,468,4,5,4,4,4,4,5,4,5,4,2,3,4,4,0,0,TRUE
Female,Loyal Customer,37,Business Travel,Business,1500,2,2,2,2,3,4,4,2,2,2,2,3,5,2.69,6,0,TRUE
Female,Loyal Customer,43,Business Travel,Business,2940,1,1,1,1,3,5,5,5,5,5,5,5,5,3.62,13,3,TRUE
Female,Loyal Customer,39,Business Travel,Business,3879,1,1,2,1,2,5,5,5,5,5,5,2,2,3.15,0,0,TRUE
Male,Loyal Customer,49,Business Travel,Business,2600,5,5,5,5,2,5,5,2,2,2,2,4,5,3.77,9,1,TRUE
Male,Loyal Customer,59,Personal Travel,Eco,1172,3,4,3,2,2,3,2,2,4,5,5,3,2,3.08,0,8,FALSE
Male,Loyal Customer,43,Business Travel,Business,2732,2,2,2,2,5,2,1,4,4,4,4,5,2,3,12,2,TRUE
Male,Disloyal Customer,11,Business Travel,Eco,1210,2,2,2,4,4,2,4,4,3,3,2,3,4,3,91,61,FALSE
Female,Loyal Customer,56,Business Travel,Business,1995,2,2,2,2,5,4,4,5,5,5,5,4,5,3.85,0,14,TRUE
Female,Loyal Customer,8,Personal Travel,Eco,925,4,4,4,3,3,4,4,3,5,5,5,3,3,3.85,0,0,FALSE
Female,Loyal Customer,17,Business Travel,Eco Plus,646,2,3,3,3,2,2,4,2,4,1,3,4,2,2.69,0,2,FALSE
Female,Loyal Customer,59,Personal Travel,Eco,944,2,4,3,2,5,5,4,4,4,3,4,2,1,3.31,3,0,FALSE
Male,Disloyal Customer,36,Business Travel,Eco,868,2,2,2,3,2,2,1,2,2,3,4,3,2,2.31,0,2,FALSE
Female,Loyal Customer,48,Business Travel,Business,853,3,3,3,3,2,4,5,1,1,2,1,3,3,2.62,0,0,TRUE
Female,Loyal Customer,41,Personal Travel,Eco,425,4,1,4,4,2,4,3,2,2,4,3,1,2,2.77,0,0,FALSE
Male,Loyal Customer,55,Personal Travel,Eco,468,1,4,1,3,4,1,3,4,5,4,4,5,4,3.31,9,14,FALSE
Female,Loyal Customer,43,Business Travel,Business,2150,3,5,3,3,3,2,1,5,5,5,5,1,5,3.54,25,15,TRUE
Female,Disloyal Customer,29,Business Travel,Business,918,4,4,4,3,4,4,4,4,4,1,2,2,4,3.38,0,0,FALSE
Male,Loyal Customer,52,Business Travel,Business,1242,1,1,1,1,3,5,4,5,5,5,5,5,5,3.54,5,0,TRUE
Female,Loyal Customer,29,Personal Travel,Eco,1068,4,5,4,1,5,4,5,5,3,2,4,4,5,3.92,40,44,FALSE
Male,Loyal Customer,7,Personal Travel,Business,342,4,4,4,3,4,4,4,4,5,5,5,3,4,4.08,3,0,FALSE
Female,Disloyal Customer,42,Business Travel,Business,408,5,5,5,2,5,1,1,3,5,4,4,1,1,3.23,184,217,TRUE
Female,Loyal Customer,32,Personal Travel,Eco,1069,4,5,4,1,2,4,2,2,3,5,4,3,2,3.15,0,0,FALSE
Female,Loyal Customer,34,Personal Travel,Eco Plus,600,2,3,2,2,5,2,4,5,3,4,2,4,5,3.31,0,0,FALSE
Male,Loyal Customer,48,Business Travel,Business,1845,4,4,4,4,4,5,5,5,5,4,5,5,3,4.38,0,0,TRUE
Female,Loyal Customer,76,Business Travel,Eco,346,5,3,3,3,1,2,2,5,5,5,5,3,1,3.31,0,0,TRUE
Female,Loyal Customer,71,Business Travel,Business,2939,1,1,1,1,5,3,4,1,1,1,1,3,1,1.85,0,0,FALSE
Male,Loyal Customer,46,Business Travel,Business,3053,1,1,1,1,3,5,5,4,4,4,4,4,3,3.08,0,0,TRUE
Male,Loyal Customer,37,Business Travel,Business,2282,5,5,5,5,3,4,4,2,2,2,2,5,5,3.77,20,8,TRUE
Female,Disloyal Customer,61,Business Travel,Business,226,4,4,4,2,1,4,1,1,3,2,5,5,1,2.85,0,0,TRUE
Female,Disloyal Customer,29,Business Travel,Business,781,4,4,4,5,4,4,4,4,5,5,5,4,4,4.31,0,0,TRUE
Female,Loyal Customer,27,Personal Travel,Eco,2556,4,4,4,3,5,4,5,5,4,5,5,4,5,4.38,3,0,FALSE
Female,Loyal Customer,51,Personal Travel,Eco,632,4,3,4,3,5,3,3,5,5,4,5,2,1,3.62,0,0,FALSE
Female,Disloyal Customer,45,Personal Travel,Eco,737,5,2,5,3,2,5,2,2,2,5,4,3,2,3.23,0,0,TRUE
Female,Loyal Customer,43,Business Travel,Eco,334,1,5,5,5,5,3,4,1,1,1,1,4,4,3.08,46,40,FALSE
Female,Disloyal Customer,33,Business Travel,Business,342,2,2,2,3,5,2,5,5,5,3,5,4,5,3.69,0,0,FALSE
Female,Loyal Customer,40,Business Travel,Eco,512,4,3,3,3,4,4,4,4,4,3,1,5,4,3.54,0,0,TRUE
Female,Loyal Customer,38,Business Travel,Business,2281,3,3,3,3,5,4,5,5,5,5,5,3,3,4,0,0,TRUE
Female,Loyal Customer,61,Business Travel,Eco,327,2,2,5,5,2,4,4,2,2,2,2,2,2,2.77,37,30,FALSE
Male,Loyal Customer,60,Business Travel,Business,1703,4,5,5,5,5,4,3,4,4,4,4,2,4,4.08,0,0,FALSE
Male,Loyal Customer,48,Personal Travel,Eco Plus,937,0,2,0,4,1,0,1,1,3,1,3,3,1,1.54,0,0,TRUE
Male,Loyal Customer,69,Personal Travel,Eco,458,1,4,1,1,5,1,5,5,5,4,5,4,5,3.54,0,0,FALSE
Male,Loyal Customer,11,Personal Travel,Eco,404,2,5,2,3,2,2,2,2,5,5,5,4,2,3.15,0,0,FALSE
Male,Loyal Customer,11,Business Travel,Business,3338,5,5,5,5,4,4,4,4,5,3,5,3,4,4.31,0,0,TRUE
Male,Disloyal Customer,58,Business Travel,Business,372,4,4,4,4,5,4,5,5,4,3,4,3,5,4.15,0,0,TRUE
Female,Loyal Customer,56,Business Travel,Business,1581,1,1,1,1,3,5,4,5,5,5,5,4,5,3.46,0,0,TRUE
Female,Loyal Customer,43,Business Travel,Business,451,3,3,3,3,5,4,3,3,3,3,3,1,2,3,109,99,FALSE
Male,Loyal Customer,17,Business Travel,Eco Plus,1306,1,3,3,3,1,1,2,1,1,3,4,1,1,1.92,0,0,FALSE
Female,Loyal Customer,29,Business Travel,Business,1855,2,5,5,5,2,2,2,2,3,3,4,1,2,2.92,7,1,FALSE
Male,Loyal Customer,36,Business Travel,Business,255,5,1,5,5,2,4,4,4,4,4,4,4,4,3.85,12,0,TRUE
Male,Disloyal Customer,12,Business Travel,Business,1310,4,4,4,5,3,4,3,3,4,4,4,5,3,3.85,0,0,TRUE
Female,Disloyal Customer,25,Business Travel,Eco,481,3,3,3,4,1,3,3,1,1,3,3,2,1,2.38,71,62,FALSE
Male,Loyal Customer,33,Business Travel,Business,1824,1,2,2,2,1,1,1,1,4,2,1,1,1,1.54,0,0,FALSE
Male,Loyal Customer,32,Personal Travel,Eco,541,2,4,2,3,2,2,5,2,4,4,3,3,2,2.92,0,0,FALSE
Male,Disloyal Customer,21,Business Travel,Eco,500,4,0,4,2,2,4,2,2,4,3,3,2,2,2.62,0,0,TRUE
Male,Loyal Customer,44,Business Travel,Business,312,5,5,5,5,5,4,5,5,5,5,5,4,4,4.77,0,0,TRUE
Female,Loyal Customer,48,Personal Travel,Business,404,1,5,1,3,5,5,4,4,4,1,4,3,4,3.38,1,0,FALSE
Male,Loyal Customer,47,Personal Travel,Eco,446,2,5,2,2,2,2,2,2,4,3,5,4,2,2.85,40,34,FALSE
Male,Loyal Customer,10,Personal Travel,Eco,1050,4,5,3,2,3,3,4,3,5,5,4,3,3,3.62,0,0,TRUE
Male,Loyal Customer,56,Business Travel,Business,1379,5,5,4,5,3,4,4,4,4,4,4,5,4,4.23,0,13,TRUE
Female,Loyal Customer,60,Personal Travel,Eco Plus,592,3,5,3,4,3,5,3,2,2,3,4,3,1,3.15,0,0,FALSE
Female,Loyal Customer,54,Business Travel,Eco,297,2,5,5,5,1,4,3,1,1,2,1,1,4,2.69,0,0,FALSE
Male,Loyal Customer,42,Business Travel,Business,3499,1,1,1,1,5,4,5,5,5,5,5,4,3,3.46,0,0,TRUE
Male,Loyal Customer,61,Personal Travel,Eco,1620,4,4,4,3,2,4,2,2,5,5,5,5,2,3.62,2,5,TRUE
Female,Loyal Customer,63,Personal Travel,Eco Plus,402,1,5,1,3,5,4,4,4,4,1,4,5,3,3.38,0,0,FALSE
Male,Disloyal Customer,20,Business Travel,Eco,507,3,4,3,4,4,3,3,4,4,5,4,3,4,3.69,0,0,FALSE
Male,Loyal Customer,54,Personal Travel,Eco,1721,3,1,3,3,2,3,2,2,2,4,1,1,2,2.23,6,9,FALSE
Female,Disloyal Customer,39,Business Travel,Business,384,5,5,5,3,3,5,1,3,5,3,4,4,3,3.77,14,2,TRUE
Female,Loyal Customer,51,Business Travel,Business,270,2,4,4,4,1,4,4,2,2,2,2,3,4,2.92,0,0,FALSE
Female,Loyal Customer,30,Business Travel,Business,1761,3,1,1,1,3,3,3,3,4,4,4,2,3,2.69,0,0,FALSE
Female,Loyal Customer,59,Personal Travel,Eco Plus,2447,2,0,2,4,3,5,5,5,5,2,5,5,5,3.69,8,0,FALSE
Male,Loyal Customer,44,Business Travel,Business,1609,3,2,2,2,5,2,3,3,3,2,3,1,4,2.69,22,19,FALSE
Male,Loyal Customer,36,Business Travel,Business,789,4,3,3,3,4,3,2,4,4,3,4,1,3,3.15,0,13,FALSE
Female,Loyal Customer,46,Business Travel,Business,2154,5,5,5,5,4,4,4,3,3,4,3,4,4,4.08,2,0,TRUE
Female,Loyal Customer,41,Personal Travel,Eco,1188,4,1,5,3,1,5,1,1,4,4,4,2,1,2.77,1,0,TRUE
Female,Loyal Customer,26,Business Travel,Business,605,1,1,2,1,5,5,5,5,4,2,1,2,5,3,0,0,TRUE
Female,Loyal Customer,28,Personal Travel,Eco,2447,3,5,3,2,2,3,2,2,3,5,4,1,2,2.85,0,0,FALSE
Male,Disloyal Customer,23,Business Travel,Eco,987,3,3,3,3,5,3,5,5,2,5,4,2,5,3.69,24,14,FALSE
Male,Disloyal Customer,25,Business Travel,Eco,651,3,2,3,3,5,3,5,5,3,2,3,2,5,3.38,0,3,FALSE
Female,Disloyal Customer,36,Business Travel,Business,194,2,3,3,4,2,3,2,2,3,4,3,2,2,2.69,57,48,FALSE
Female,Disloyal Customer,20,Business Travel,Eco,925,4,4,4,3,5,4,5,5,4,1,4,4,5,4,38,62,FALSE
Male,Loyal Customer,18,Personal Travel,Eco,1243,4,1,4,3,2,4,4,2,2,5,1,3,2,2.85,2,0,FALSE
Male,Loyal Customer,21,Personal Travel,Eco,2454,1,3,1,3,1,1,1,1,2,3,3,2,1,1.77,30,23,FALSE
Female,Disloyal Customer,24,Business Travel,Eco,300,4,3,4,3,4,4,4,4,3,4,3,1,4,3.46,0,0,FALSE
Female,Disloyal Customer,20,Business Travel,Eco,641,1,3,0,2,2,0,2,2,2,4,1,3,2,1.85,17,16,FALSE
Female,Disloyal Customer,42,Business Travel,Eco,214,3,2,3,3,4,3,1,4,3,3,4,1,4,2.92,0,0,FALSE
Female,Loyal Customer,28,Business Travel,Business,1706,0,4,0,3,5,5,5,5,1,5,4,1,5,3.31,0,0,TRUE
Female,Loyal Customer,70,Personal Travel,Eco,368,2,4,2,4,3,2,3,4,4,2,2,2,4,2.92,19,21,FALSE
Male,Loyal Customer,53,Business Travel,Business,3146,4,4,4,4,2,5,4,4,4,4,4,5,3,3.92,55,50,TRUE
Female,Loyal Customer,70,Personal Travel,Eco,817,2,5,2,4,4,5,4,4,4,2,2,3,3,3.38,0,0,FALSE
Female,Loyal Customer,45,Business Travel,Business,2326,5,5,5,5,5,4,3,5,5,4,5,1,2,4.15,0,0,FALSE
Male,Loyal Customer,59,Business Travel,Business,1722,3,3,3,3,3,5,4,5,5,5,5,3,3,3.85,0,0,TRUE
Female,Loyal Customer,58,Business Travel,Business,3677,1,1,1,1,4,4,5,5,5,5,5,4,4,3.46,0,4,TRUE
Male,Disloyal Customer,45,Personal Travel,Eco,1052,3,5,3,2,2,3,2,2,4,4,4,5,2,3.15,16,4,FALSE
Male,Loyal Customer,46,Business Travel,Business,2989,0,0,0,2,3,4,4,3,3,3,3,5,5,2.69,31,34,TRUE
Female,Loyal Customer,23,Personal Travel,Eco,641,4,5,4,2,2,4,2,2,3,3,4,4,2,3.15,0,1,FALSE
Male,Disloyal Customer,21,Business Travel,Eco,601,3,0,3,2,3,3,3,3,5,3,5,3,3,3,0,0,FALSE
Female,Loyal Customer,16,Personal Travel,Eco,1089,2,2,2,3,5,2,5,5,2,4,4,2,5,3.31,0,0,FALSE
Male,Loyal Customer,41,Business Travel,Business,1142,2,2,2,2,4,5,5,5,5,5,5,5,4,3.92,13,19,TRUE
Female,Disloyal Customer,36,Business Travel,Eco,308,2,2,1,4,3,1,5,3,4,5,4,2,3,3,51,44,FALSE
Female,Loyal Customer,58,Business Travel,Business,2248,4,4,4,4,2,4,1,4,4,4,4,4,4,3.62,0,0,TRUE
Male,Disloyal Customer,26,Business Travel,Business,521,4,4,4,1,5,4,5,5,5,3,5,5,5,4.23,0,0,TRUE
Male,Disloyal Customer,29,Business Travel,Business,1072,3,3,3,3,3,3,3,3,4,5,4,5,3,3.46,8,0,FALSE
Male,Disloyal Customer,38,Business Travel,Eco,925,1,1,1,4,1,5,5,1,4,4,4,5,5,3.15,203,152,FALSE
Male,Loyal Customer,39,Business Travel,Business,599,5,5,3,5,3,5,5,3,3,3,3,3,5,3.92,0,0,TRUE
Female,Disloyal Customer,44,Business Travel,Eco Plus,272,1,0,0,2,3,1,3,3,5,1,4,2,3,2.15,4,3,FALSE
Male,Loyal Customer,44,Business Travel,Business,2311,2,2,2,2,4,4,3,5,5,5,5,4,5,3.69,14,0,TRUE
Female,Loyal Customer,47,Business Travel,Business,2801,4,4,4,4,2,5,5,4,4,5,4,3,3,3.92,0,0,TRUE
Female,Disloyal Customer,39,Business Travel,Business,1195,4,5,5,5,1,5,1,1,1,4,3,3,1,3,10,6,FALSE
Male,Loyal Customer,29,Personal Travel,Eco,74,3,4,3,4,2,3,2,2,4,3,3,2,2,2.85,0,0,FALSE
Male,Loyal Customer,53,Business Travel,Business,2528,5,5,5,5,2,5,4,3,3,4,3,3,5,4,0,0,TRUE
Female,Loyal Customer,49,Personal Travel,Eco,345,2,4,2,3,3,4,4,5,5,2,3,3,3,3.31,6,0,FALSE
Female,Loyal Customer,28,Personal Travel,Eco,954,2,4,2,3,3,2,3,3,5,2,5,5,3,3.23,0,1,FALSE
Male,Loyal Customer,9,Personal Travel,Eco,296,2,1,2,4,4,2,5,4,2,5,4,1,4,3.08,0,0,FALSE
Male,Loyal Customer,25,Business Travel,Business,1056,1,1,1,1,4,4,4,4,2,2,2,3,4,2.54,14,11,TRUE
Female,Loyal Customer,13,Personal Travel,Eco,403,2,3,2,2,1,2,1,1,5,2,1,2,1,1.92,0,4,FALSE
Female,Loyal Customer,29,Business Travel,Business,2410,5,1,5,5,3,4,3,3,5,3,5,4,3,3.77,30,56,TRUE
Male,Loyal Customer,53,Business Travel,Business,1096,5,5,5,5,4,5,4,5,5,5,5,5,4,4.77,1,0,TRUE
Male,Loyal Customer,24,Personal Travel,Eco,694,3,5,2,1,3,2,3,3,5,2,5,5,3,3.23,0,0,FALSE
Male,Loyal Customer,28,Business Travel,Business,1609,2,2,2,2,2,2,2,2,5,5,5,5,2,2.92,11,0,TRUE
Female,Loyal Customer,32,Business Travel,Eco Plus,842,3,1,1,1,3,3,3,3,3,4,3,3,3,2.62,25,10,FALSE
Female,Loyal Customer,55,Business Travel,Business,2861,1,1,1,1,2,5,4,5,5,5,5,3,3,3.15,0,0,TRUE
Male,Loyal Customer,22,Business Travel,Business,2891,4,4,4,4,5,5,5,5,4,1,1,4,5,3.92,38,20,TRUE
Male,Loyal Customer,24,Personal Travel,Eco,1947,2,4,2,4,1,2,1,1,3,5,5,3,1,2.62,0,0,FALSE
Male,Loyal Customer,13,Personal Travel,Eco,912,2,5,2,3,1,2,1,1,5,5,5,4,1,2.85,0,0,FALSE
Female,Loyal Customer,49,Personal Travel,Eco,1337,1,5,2,3,3,5,4,4,4,2,1,5,5,3.38,0,15,FALSE
Male,Loyal Customer,28,Personal Travel,Eco Plus,227,2,1,2,4,4,2,4,4,3,3,4,3,4,3.08,0,0,FALSE
Female,Loyal Customer,69,Personal Travel,Eco,1017,4,4,5,4,4,4,4,1,1,5,2,1,2,3.15,0,0,FALSE
Male,Loyal Customer,37,Business Travel,Business,561,3,3,3,3,3,4,4,4,4,4,4,4,4,3.62,7,0,TRUE
Female,Loyal Customer,40,Business Travel,Eco,1773,3,3,3,3,3,3,3,3,2,1,1,2,3,2.54,0,0,FALSE
Male,Loyal Customer,52,Business Travel,Business,2457,4,4,4,4,3,4,4,4,4,4,4,5,4,4,0,0,TRUE
Male,Loyal Customer,62,Personal Travel,Eco Plus,213,2,4,2,4,3,2,3,3,2,5,3,2,3,2.92,0,0,FALSE
Female,Loyal Customer,26,Personal Travel,Eco,2026,3,4,3,5,2,3,4,2,4,4,4,5,2,3.46,5,0,FALSE
Female,Loyal Customer,52,Business Travel,Business,2655,4,4,4,4,4,4,5,5,5,5,5,4,4,4.38,0,0,TRUE
Male,Loyal Customer,68,Business Travel,Eco,134,1,1,1,1,1,1,1,1,2,4,3,4,1,1.69,0,20,FALSE
Male,Loyal Customer,37,Personal Travel,Eco,1416,3,4,3,5,4,3,4,4,4,3,4,5,4,3.85,0,6,FALSE
Male,Loyal Customer,23,Business Travel,Business,1488,3,4,4,4,3,3,3,3,1,2,3,4,3,3.08,7,14,FALSE
Female,Loyal Customer,51,Personal Travel,Eco,427,4,4,4,2,5,4,5,1,1,4,1,4,3,3.23,0,0,FALSE
Female,Loyal Customer,40,Business Travel,Business,1710,1,1,5,1,4,5,5,3,3,3,3,4,3,3.15,7,49,TRUE
Male,Loyal Customer,34,Personal Travel,Eco Plus,604,5,5,5,2,3,5,2,3,3,3,4,3,3,3.54,0,0,TRUE
Male,Loyal Customer,27,Business Travel,Business,67,0,5,0,3,3,1,1,3,2,2,1,2,3,2,0,8,TRUE
Male,Loyal Customer,41,Business Travel,Business,135,2,2,4,2,3,5,4,4,4,4,4,3,3,3.38,0,0,TRUE
Male,Loyal Customer,21,Business Travel,Business,3379,1,2,3,3,1,1,1,1,1,3,4,1,1,1.77,0,0,FALSE
Male,Loyal Customer,43,Business Travel,Eco,834,4,5,5,5,4,4,4,4,1,1,2,3,4,3.54,5,33,TRUE
Female,Loyal Customer,33,Business Travel,Business,1851,3,3,3,3,4,1,1,3,3,3,3,2,3,2.69,10,19,FALSE
Male,Loyal Customer,24,Personal Travel,Eco,431,1,5,1,4,5,1,3,5,5,3,4,3,5,3.46,0,0,FALSE
Female,Loyal Customer,22,Personal Travel,Eco,965,1,4,2,5,3,2,3,3,5,5,4,4,3,3.38,26,8,FALSE
Male,Loyal Customer,59,Business Travel,Business,2270,5,5,5,5,2,5,4,2,2,2,2,3,3,3.46,0,0,TRUE
Female,Loyal Customer,52,Business Travel,Business,2978,4,5,5,5,3,4,4,2,2,2,4,2,3,3.46,12,11,FALSE
Female,Loyal Customer,12,Business Travel,Business,2199,3,2,4,2,3,3,3,3,4,4,4,1,3,3,12,27,FALSE
Male,Loyal Customer,30,Business Travel,Business,2474,4,4,4,4,4,4,4,4,4,4,5,5,4,4.15,0,0,TRUE
Female,Disloyal Customer,26,Business Travel,Eco,414,3,2,3,1,1,3,1,1,2,5,2,3,1,2.15,3,0,FALSE
Male,Loyal Customer,48,Business Travel,Business,1464,5,5,3,5,3,3,1,5,5,5,5,3,4,4,59,44,TRUE
Male,Loyal Customer,26,Business Travel,Business,2408,1,1,1,1,1,1,1,1,4,1,4,2,1,1.54,88,82,FALSE
Male,Loyal Customer,34,Business Travel,Eco Plus,2537,5,4,4,4,5,5,5,5,2,1,5,2,5,4,0,0,TRUE
Female,Disloyal Customer,23,Business Travel,Eco,551,2,0,2,3,2,2,2,2,5,5,5,5,2,2.85,0,0,FALSE
Male,Loyal Customer,30,Personal Travel,Eco Plus,1345,2,2,3,2,5,3,5,5,3,3,3,4,5,3.46,3,0,FALSE
Female,Loyal Customer,48,Business Travel,Business,3409,3,2,3,3,4,5,4,5,5,5,5,5,3,4,0,0,TRUE
Male,Loyal Customer,54,Personal Travel,Eco Plus,119,1,3,1,4,2,1,2,2,1,2,4,2,2,2.08,0,0,FALSE
Female,Loyal Customer,47,Personal Travel,Eco,787,2,1,2,3,2,4,4,1,1,2,1,1,3,2.08,0,0,FALSE
Male,Loyal Customer,27,Personal Travel,Eco,425,1,3,1,2,5,1,5,5,3,3,3,1,5,2.92,0,0,FALSE
Male,Loyal Customer,57,Business Travel,Business,204,1,1,1,1,4,5,5,4,4,4,4,5,3,3.23,0,0,TRUE
Male,Loyal Customer,45,Business Travel,Eco,1774,4,5,5,5,4,4,4,4,2,4,4,2,4,3.92,0,0,TRUE
Female,Disloyal Customer,28,Business Travel,Eco,991,3,3,3,3,4,3,5,4,1,1,3,4,4,3.15,6,0,FALSE
Female,Loyal Customer,19,Personal Travel,Eco,874,4,1,4,3,2,4,2,2,2,1,2,1,2,2.31,0,0,FALSE
Male,Disloyal Customer,46,Business Travel,Business,1589,2,2,2,4,4,2,4,4,5,4,5,4,4,3.54,0,0,FALSE
Female,Loyal Customer,48,Business Travel,Business,1754,5,3,5,5,5,5,4,2,2,2,2,5,5,3.85,0,0,TRUE
Male,Loyal Customer,48,Personal Travel,Eco,1437,3,4,4,3,2,4,3,2,3,5,3,5,2,3.31,53,50,FALSE
Female,Loyal Customer,30,Personal Travel,Eco,460,3,2,1,3,2,1,2,2,4,5,3,4,2,2.62,0,1,FALSE
Female,Loyal Customer,67,Personal Travel,Business,931,2,5,2,2,2,4,5,2,2,2,2,5,4,3,47,52,FALSE
Male,Loyal Customer,35,Personal Travel,Eco,546,1,4,1,5,3,1,3,3,2,5,3,3,3,2.85,10,0,FALSE
Male,Loyal Customer,55,Personal Travel,Eco,328,4,1,3,4,4,3,4,4,1,4,2,4,4,3.23,0,0,FALSE
Female,Loyal Customer,32,Business Travel,Business,2643,2,3,1,3,2,2,2,2,1,2,2,3,2,2.08,0,26,FALSE
Male,Loyal Customer,39,Business Travel,Business,2481,2,2,2,2,4,5,5,5,5,5,5,3,4,3.77,15,0,TRUE
Female,Loyal Customer,28,Personal Travel,Eco,967,3,5,3,1,3,3,3,3,4,4,4,4,3,3.31,13,20,FALSE
Female,Loyal Customer,53,Business Travel,Business,2475,3,3,5,3,2,3,3,4,4,4,5,3,3,3.46,0,3,TRUE
Male,Loyal Customer,25,Personal Travel,Eco,391,2,2,2,4,1,2,1,1,4,4,4,3,1,2.38,0,0,FALSE
Female,Loyal Customer,19,Personal Travel,Eco,101,1,5,1,3,1,1,1,1,1,2,4,3,1,1.92,0,0,FALSE
Female,Loyal Customer,45,Business Travel,Business,1886,3,5,5,5,5,3,2,3,3,3,3,1,2,3.31,9,14,FALSE
Female,Loyal Customer,58,Business Travel,Business,3085,5,5,5,5,2,5,4,4,4,4,4,3,3,4.08,0,0,TRUE
Female,Loyal Customer,57,Business Travel,Business,3282,1,1,1,1,2,4,4,4,4,4,4,3,4,2.85,1,2,TRUE
Female,Loyal Customer,60,Business Travel,Business,409,1,1,4,1,4,4,4,5,4,5,4,4,4,3.46,105,136,TRUE
Male,Loyal Customer,40,Business Travel,Business,1990,4,4,4,4,1,5,3,5,5,5,5,5,1,3.92,11,5,TRUE
Male,Loyal Customer,24,Business Travel,Eco,695,4,4,4,4,4,4,3,4,1,2,5,1,4,3.38,0,1,TRUE
Male,Disloyal Customer,39,Business Travel,Business,920,4,3,3,1,3,1,5,3,2,4,4,5,5,3.31,113,171,FALSE
Female,Disloyal Customer,23,Business Travel,Eco,647,1,4,1,3,4,1,4,4,3,2,4,1,4,2.77,0,0,FALSE
Female,Loyal Customer,42,Business Travel,Business,89,0,4,0,1,4,4,5,3,3,3,3,5,1,2.77,0,0,TRUE
Male,Loyal Customer,46,Business Travel,Business,675,3,3,3,3,2,5,5,4,4,4,4,5,3,3.69,18,20,TRUE
Male,Loyal Customer,17,Personal Travel,Eco,403,2,4,2,4,1,2,1,1,4,2,4,3,1,2.38,7,3,FALSE
Male,Loyal Customer,36,Personal Travel,Business,588,2,4,3,1,5,1,3,3,3,3,3,4,2,2.85,2,0,FALSE
Female,Loyal Customer,54,Business Travel,Business,2833,3,3,3,3,1,2,3,5,5,5,5,5,4,3.62,0,0,TRUE
Female,Loyal Customer,49,Personal Travel,Eco,838,2,4,2,3,2,5,5,5,5,2,5,3,3,3.54,0,0,FALSE
Female,Loyal Customer,23,Business Travel,Business,697,3,2,3,3,5,5,5,5,3,3,3,2,5,3.62,0,0,TRUE
Male,Loyal Customer,37,Business Travel,Business,1706,3,3,3,3,3,3,5,4,4,4,3,1,4,3.31,0,0,TRUE
Female,Loyal Customer,48,Business Travel,Eco Plus,511,1,1,1,1,2,4,3,1,1,1,1,2,3,1.69,0,0,FALSE
Female,Loyal Customer,43,Business Travel,Eco,1444,2,1,3,1,5,3,4,2,2,2,2,2,1,2.31,1,6,FALSE
Male,Loyal Customer,32,Business Travel,Business,347,2,2,2,2,4,4,4,4,3,1,4,3,4,3,0,0,TRUE
Female,Loyal Customer,60,Personal Travel,Eco,842,3,5,3,5,2,1,5,1,1,3,1,4,4,2.92,89,94,FALSE
Female,Loyal Customer,42,Personal Travel,Eco,1499,3,3,3,2,4,1,1,5,5,3,5,1,1,2.85,2,0,FALSE
Male,Loyal Customer,38,Personal Travel,Eco Plus,372,2,0,2,2,2,2,2,2,3,3,3,3,2,2.15,7,0,FALSE
Male,Loyal Customer,45,Personal Travel,Eco Plus,733,3,4,3,1,2,3,2,2,4,3,3,1,2,2.54,43,43,FALSE
Male,Loyal Customer,21,Personal Travel,Eco,1235,2,5,2,5,1,2,1,1,4,5,5,5,1,3,6,0,FALSE
Male,Loyal Customer,33,Personal Travel,Eco,689,2,2,2,3,3,2,3,3,4,1,2,2,3,2.46,0,0,FALSE
Male,Loyal Customer,59,Personal Travel,Eco,293,3,3,3,4,3,3,3,3,3,5,4,3,3,3.31,0,0,FALSE
Male,Disloyal Customer,26,Business Travel,Eco,421,3,5,3,2,1,3,1,1,4,4,1,1,1,2.31,0,0,FALSE
Female,Loyal Customer,52,Personal Travel,Eco,1773,3,4,3,4,4,3,4,4,4,3,4,3,2,3.46,0,0,FALSE
Male,Loyal Customer,44,Business Travel,Business,1587,4,4,4,4,2,3,5,1,1,2,1,4,3,2.92,0,0,TRUE
Male,Loyal Customer,34,Business Travel,Business,158,4,4,4,4,5,4,4,5,5,5,5,3,3,4.23,0,0,TRUE
Female,Disloyal Customer,7,Business Travel,Eco,646,2,5,2,3,2,2,2,2,4,5,5,5,2,3.15,0,0,FALSE
Female,Disloyal Customer,27,Business Travel,Business,805,0,0,0,2,1,0,1,1,5,3,3,4,1,1.62,0,5,TRUE
Female,Disloyal Customer,35,Business Travel,Business,1751,4,3,3,4,2,3,2,2,3,2,3,4,2,2.85,10,0,FALSE
Female,Disloyal Customer,22,Business Travel,Eco,221,2,0,2,4,4,2,5,4,1,3,5,3,4,3,0,11,FALSE
Female,Loyal Customer,20,Personal Travel,Eco,239,1,5,1,5,5,1,3,5,3,3,5,4,5,3.54,30,31,FALSE
Male,Loyal Customer,26,Business Travel,Eco,590,1,5,5,5,1,1,3,1,3,1,4,3,1,2.62,0,0,FALSE
Male,Loyal Customer,26,Business Travel,Eco Plus,1678,3,1,1,1,3,3,1,3,4,2,3,4,3,2.46,24,13,FALSE
Male,Disloyal Customer,25,Business Travel,Business,414,2,5,2,3,1,2,1,1,4,4,5,3,1,2.62,5,4,FALSE
Male,Loyal Customer,42,Business Travel,Business,3267,2,2,2,2,2,4,4,4,4,4,4,3,5,3.23,0,0,TRUE
Female,Loyal Customer,42,Business Travel,Eco,308,5,3,3,3,3,2,3,5,5,5,5,1,1,3.38,0,0,TRUE
Male,Loyal Customer,52,Business Travel,Business,3826,2,2,2,2,4,5,4,4,4,4,4,5,3,3.46,25,28,TRUE
Male,Loyal Customer,44,Business Travel,Business,1613,4,1,1,1,4,4,3,4,4,4,4,3,3,3.08,8,15,FALSE
Male,Loyal Customer,50,Business Travel,Business,192,3,5,5,5,1,3,3,2,2,2,3,2,3,3,0,17,FALSE
Female,Loyal Customer,31,Business Travel,Business,416,1,2,2,2,1,1,1,1,1,2,3,4,1,1.69,0,4,FALSE
Female,Loyal Customer,53,Personal Travel,Eco,683,2,4,2,1,2,5,5,4,4,2,4,3,5,3.31,0,9,FALSE
Male,Loyal Customer,58,Business Travel,Business,1021,2,1,1,1,1,1,2,2,2,2,2,3,3,1.77,0,2,FALSE
Female,Disloyal Customer,37,Business Travel,Eco,280,2,5,2,2,1,2,1,1,2,5,1,5,1,2.31,0,0,FALSE
Male,Loyal Customer,60,Personal Travel,Business,1195,2,5,2,4,4,5,5,5,5,2,5,4,4,4,6,0,FALSE
Female,Loyal Customer,56,Business Travel,Business,1580,2,5,4,5,2,3,3,2,2,3,2,1,1,2.69,34,25,FALSE
Male,Loyal Customer,58,Business Travel,Business,3587,2,3,2,2,4,5,4,4,4,4,4,5,5,3.69,5,8,TRUE
Male,Loyal Customer,10,Personal Travel,Eco,153,2,2,2,3,4,2,4,4,4,1,3,4,4,3,1,20,FALSE
Male,Loyal Customer,40,Business Travel,Business,3105,2,2,2,2,5,5,5,3,3,4,3,4,5,3.46,0,0,TRUE
Female,Disloyal Customer,26,Business Travel,Business,342,3,5,2,2,5,2,5,5,5,4,4,4,5,3.92,0,0,FALSE
Female,Loyal Customer,34,Business Travel,Business,1325,4,4,4,4,3,5,4,2,2,2,2,5,5,3.54,0,0,TRUE
Female,Disloyal Customer,37,Business Travel,Eco Plus,462,4,4,4,2,3,4,3,3,5,5,1,4,3,3.46,0,0,FALSE
Male,Loyal Customer,49,Personal Travel,Eco,1010,2,5,2,3,2,2,2,2,3,3,5,5,2,2.92,17,8,FALSE
Female,Loyal Customer,21,Personal Travel,Eco,1521,1,2,1,3,4,1,1,4,3,5,3,2,4,2.62,10,25,FALSE
Female,Disloyal Customer,19,Business Travel,Eco,1102,3,3,3,3,2,3,5,2,1,5,4,1,2,2.85,25,15,FALSE
Female,Loyal Customer,34,Business Travel,Business,2429,5,5,5,5,1,1,4,4,4,5,4,5,3,3.92,0,2,TRUE
Male,Loyal Customer,51,Business Travel,Eco,957,2,2,2,2,2,2,2,2,2,2,3,1,2,2,5,0,FALSE
Female,Loyal Customer,47,Personal Travel,Eco,640,1,4,2,5,2,4,4,3,5,4,5,4,4,3.62,7,137,FALSE
Male,Loyal Customer,45,Business Travel,Eco Plus,697,2,3,3,3,2,2,2,2,5,1,2,4,2,2.54,0,0,TRUE
Female,Disloyal Customer,22,Business Travel,Business,427,2,2,2,3,2,2,2,2,1,5,3,2,2,2.31,88,91,FALSE
Female,Disloyal Customer,44,Business Travel,Eco,1721,2,2,2,4,4,2,4,4,3,2,3,2,4,2.92,0,0,FALSE
Female,Loyal Customer,41,Business Travel,Business,3060,4,4,4,4,4,4,5,5,5,5,5,4,4,4.38,0,0,TRUE
Male,Loyal Customer,46,Personal Travel,Eco,181,2,4,2,3,5,2,5,5,4,4,4,4,5,3.77,0,,FALSE
Female,Disloyal Customer,25,Business Travel,Eco,595,3,0,3,1,4,3,4,4,2,1,5,4,4,2.92,0,0,FALSE
Male,Loyal Customer,59,Business Travel,Eco Plus,205,4,2,2,2,4,4,4,4,1,5,1,3,4,3.08,0,0,TRUE
Female,Loyal Customer,34,Business Travel,Business,468,1,2,2,2,5,2,2,1,1,1,1,3,1,1.85,7,5,FALSE
Male,Disloyal Customer,20,Business Travel,Eco,872,3,3,3,4,5,3,5,5,3,3,4,2,5,3.69,0,4,FALSE
Female,Loyal Customer,58,Personal Travel,Eco,2556,4,5,4,1,3,3,5,3,3,4,3,3,4,3.46,0,1,FALSE
Male,Loyal Customer,36,Business Travel,Eco,1177,5,5,5,5,5,5,5,1,2,3,4,5,5,4.23,0,0,TRUE
Male,Loyal Customer,49,Personal Travel,Eco,1235,1,4,1,5,2,1,2,2,5,2,3,3,2,2.54,0,0,FALSE
Female,Disloyal Customer,32,Business Travel,Business,912,3,3,3,2,4,3,4,4,4,2,4,5,4,3.46,0,0,FALSE
Male,Loyal Customer,59,Business Travel,Business,1440,5,5,5,5,2,5,5,5,5,5,5,5,5,4.77,24,29,TRUE
Female,Loyal Customer,42,Personal Travel,Eco,643,4,5,4,1,2,5,5,4,4,4,4,4,4,3.85,0,0,FALSE
Female,Loyal Customer,43,Business Travel,Business,1011,3,3,3,3,2,4,5,4,4,4,4,4,4,3.62,8,8,TRUE
Female,Disloyal Customer,49,Business Travel,Eco,964,4,4,4,4,3,4,3,3,1,2,3,4,3,3.23,0,7,FALSE
Male,Loyal Customer,25,Business Travel,Business,1123,1,1,1,1,3,3,3,3,4,3,5,4,3,2.69,0,4,TRUE
Female,Loyal Customer,57,Business Travel,Business,3190,1,1,1,1,3,4,5,4,4,4,4,3,5,3.08,0,0,TRUE
Female,Disloyal Customer,32,Business Travel,Business,153,1,1,1,2,5,1,5,5,5,5,5,4,5,3.46,43,37,FALSE
Male,Loyal Customer,48,Business Travel,Business,3403,2,2,5,2,3,4,5,5,5,5,5,5,4,4,13,39,TRUE
Female,Loyal Customer,29,Personal Travel,Eco,429,1,5,1,2,2,1,3,2,3,4,5,3,2,2.62,0,0,FALSE
Female,Loyal Customer,59,Business Travel,Business,550,2,5,4,5,2,3,3,2,2,2,2,3,4,3,29,28,FALSE
Male,Loyal Customer,28,Personal Travel,Business,2182,3,5,3,5,3,3,3,3,5,2,3,1,3,3.23,0,0,FALSE
Female,Loyal Customer,51,Personal Travel,Eco,697,1,4,1,3,2,4,3,3,3,1,3,2,2,2.46,0,0,FALSE
Female,Loyal Customer,30,Personal Travel,Eco,224,1,4,0,3,5,0,5,5,2,5,3,4,5,3.23,0,0,FALSE
Female,Loyal Customer,40,Business Travel,Business,1585,2,2,2,2,3,2,3,5,5,4,5,1,4,3.08,0,0,TRUE
Female,Loyal Customer,27,Business Travel,Business,2815,4,1,1,1,4,4,4,4,2,5,3,2,4,3,59,57,FALSE
Female,Loyal Customer,41,Business Travel,Business,147,5,5,5,5,3,2,4,4,4,5,3,4,2,3.92,0,0,TRUE
Female,Loyal Customer,58,Business Travel,Business,2470,5,5,5,5,4,5,5,5,5,5,5,4,5,4.85,0,0,TRUE
Male,Disloyal Customer,38,Business Travel,Eco,1342,3,3,3,3,2,3,2,2,3,1,3,3,2,2.54,1,0,FALSE
Male,Disloyal Customer,25,Business Travel,Business,271,5,0,5,4,2,5,2,2,3,2,4,4,2,3.08,0,5,TRUE
Male,Disloyal Customer,22,Business Travel,Eco,1452,3,3,3,4,3,3,3,3,1,4,4,1,3,2.92,0,0,FALSE
Male,Loyal Customer,43,Business Travel,Eco Plus,629,1,4,3,4,1,1,1,1,1,1,3,1,1,1.77,4,0,FALSE
Female,Loyal Customer,41,Personal Travel,Eco,507,4,4,5,4,5,5,5,5,4,3,4,1,5,4.15,0,0,TRUE
Female,Loyal Customer,35,Business Travel,Business,2947,1,1,1,1,5,4,5,3,3,4,3,3,4,2.92,0,0,TRUE
Female,Loyal Customer,50,Business Travel,Business,1723,1,1,4,1,5,5,5,5,2,4,4,5,5,3.62,159,168,TRUE
Female,Loyal Customer,68,Personal Travel,Eco,679,5,4,5,2,2,2,3,2,2,5,2,1,5,3.08,11,10,TRUE
Female,Loyal Customer,12,Business Travel,Eco Plus,719,3,3,3,3,3,3,2,3,3,1,4,2,3,2.77,40,43,FALSE
Male,Loyal Customer,56,Business Travel,Business,150,1,1,1,1,5,5,5,4,4,4,4,2,3,3.08,0,0,TRUE
Female,Disloyal Customer,58,Business Travel,Business,262,4,5,5,4,4,2,2,3,5,5,5,2,2,3.69,180,174,TRUE
Male,Disloyal Customer,25,Business Travel,Eco,175,3,0,3,2,2,3,2,2,3,3,3,4,2,2.46,0,0,FALSE
Female,Loyal Customer,23,Personal Travel,Eco,1010,3,4,3,4,5,3,5,5,4,1,4,4,5,3.85,0,8,FALSE
Male,Disloyal Customer,23,Business Travel,Business,1598,3,2,3,1,1,3,1,1,1,1,1,3,1,1.69,0,0,FALSE
Male,Loyal Customer,17,Business Travel,Eco,1066,2,4,4,4,2,2,2,2,1,2,4,1,2,2.46,0,0,FALSE
Female,Disloyal Customer,8,Business Travel,Eco,759,2,2,2,2,2,2,2,2,2,4,3,4,2,2.38,65,72,FALSE
Male,Loyal Customer,34,Business Travel,Business,3335,3,3,2,3,4,4,4,1,3,2,4,4,4,3.15,177,179,TRUE
Female,Loyal Customer,67,Personal Travel,Eco,134,2,2,2,3,3,4,4,4,4,2,4,3,3,3.08,7,8,FALSE
Male,Disloyal Customer,20,Business Travel,Eco,469,3,3,3,3,4,3,4,4,3,3,2,1,4,3.08,29,13,FALSE
Male,Loyal Customer,54,Business Travel,Business,3583,4,4,4,4,3,5,5,2,2,2,2,4,4,3.46,0,0,TRUE
Male,Loyal Customer,54,Business Travel,Business,2586,1,1,1,1,4,4,4,3,3,5,5,4,4,3.08,0,5,TRUE
Male,Loyal Customer,45,Business Travel,Business,2730,1,1,1,1,2,4,5,5,5,5,5,4,4,3.31,0,0,TRUE
Male,Loyal Customer,36,Personal Travel,Eco,334,3,1,3,3,5,3,5,5,2,1,3,2,5,3.15,61,35,FALSE
Male,Loyal Customer,39,Business Travel,Eco,965,5,1,3,1,5,5,5,5,3,3,1,1,5,3.31,8,0,TRUE
Female,Loyal Customer,31,Business Travel,Eco,405,4,1,1,1,4,4,4,4,4,1,5,4,4,3.15,2,1,TRUE
Female,Loyal Customer,43,Business Travel,Business,1506,5,5,5,5,3,2,2,4,4,4,4,5,3,3.92,1,0,TRUE
Female,Loyal Customer,36,Personal Travel,Eco,817,1,0,1,4,4,1,4,4,5,3,5,5,4,3.15,0,3,FALSE
Female,Loyal Customer,8,Personal Travel,Eco,808,3,2,4,4,3,4,3,3,2,1,4,3,3,3,0,16,FALSE
Female,Loyal Customer,49,Business Travel,Eco,2565,3,2,2,2,3,3,3,3,5,2,3,3,3,2.85,9,22,FALSE
Female,Loyal Customer,10,Personal Travel,Eco,787,3,4,3,3,5,3,5,5,5,5,4,3,5,4.08,18,28,FALSE
Female,Loyal Customer,11,Personal Travel,Eco,987,4,4,4,3,5,4,5,5,3,2,5,5,5,4.15,23,25,FALSE
Female,Loyal Customer,7,Personal Travel,Eco,361,1,5,4,2,4,4,4,4,3,3,4,3,4,3.46,17,13,FALSE
Male,Disloyal Customer,47,Business Travel,Business,429,4,4,4,2,3,4,3,3,3,2,4,5,3,3.38,6,12,TRUE
Male,Loyal Customer,49,Personal Travel,Eco,397,3,1,3,1,5,3,5,5,2,2,2,2,5,3,46,32,FALSE
Female,Loyal Customer,50,Business Travel,Business,2496,1,1,1,1,4,4,3,2,2,2,2,4,3,2.31,0,0,TRUE
Female,Loyal Customer,39,Business Travel,Business,2125,5,5,5,5,5,4,4,4,4,4,4,3,5,4.38,0,18,TRUE
Female,Loyal Customer,39,Business Travel,Business,345,2,2,2,2,2,5,5,5,5,5,5,5,4,3.77,21,18,TRUE
Male,Loyal Customer,52,Personal Travel,Eco,102,3,5,3,5,2,3,3,2,4,3,5,5,2,3.46,0,0,FALSE
Male,Loyal Customer,45,Business Travel,Business,1684,0,5,0,4,3,5,5,5,5,5,5,4,5,3.92,0,8,TRUE
Male,Loyal Customer,53,Business Travel,Business,849,2,2,2,2,5,4,4,5,5,5,5,4,4,3.77,16,19,TRUE
Male,Disloyal Customer,22,Business Travel,Eco,545,2,3,2,4,4,2,4,4,4,4,3,2,4,3.23,2,0,FALSE
Male,Loyal Customer,54,Personal Travel,Eco,216,3,3,3,4,3,3,3,3,3,4,4,4,3,3.31,0,0,FALSE
Female,Loyal Customer,41,Business Travel,Eco,1211,5,2,2,2,5,5,5,5,2,3,3,4,5,3.69,0,9,TRUE
Male,Loyal Customer,50,Business Travel,Eco,1114,5,2,2,2,5,5,5,5,4,1,2,3,5,3.54,5,28,TRUE
Male,Disloyal Customer,25,Business Travel,Eco,315,2,0,2,5,5,2,5,5,4,3,3,1,5,3.23,0,15,FALSE
Female,Loyal Customer,39,Business Travel,Business,113,5,5,5,5,4,5,5,5,5,5,5,4,5,4.85,0,0,TRUE
Male,Loyal Customer,45,Business Travel,Eco,721,5,2,4,4,5,5,5,5,5,1,2,1,5,3.77,39,32,TRUE
Male,Loyal Customer,40,Business Travel,Business,2741,1,1,1,1,3,4,4,2,2,2,2,3,3,2.23,0,0,TRUE
Female,Loyal Customer,57,Personal Travel,Eco,308,2,4,2,3,5,5,5,4,4,2,1,4,4,3.46,0,0,FALSE
Male,Loyal Customer,37,Personal Travel,Eco Plus,2381,3,1,3,3,3,5,5,4,2,3,3,5,5,3.46,0,0,FALSE
Male,Loyal Customer,47,Business Travel,Business,1846,3,3,3,3,5,4,5,4,4,4,4,4,3,3.77,0,0,TRUE
Female,Loyal Customer,56,Personal Travel,Eco,1117,2,3,2,4,3,3,4,1,1,2,2,3,4,2.62,0,14,FALSE
Female,Disloyal Customer,54,Business Travel,Eco,156,5,0,5,5,4,5,4,4,3,3,1,4,4,3.62,0,0,TRUE
Male,Disloyal Customer,26,Business Travel,Business,1340,3,3,3,2,4,3,3,4,4,5,4,3,4,3.46,0,0,FALSE
Male,Loyal Customer,27,Personal Travel,Eco Plus,326,1,3,1,5,4,1,2,4,3,3,1,4,4,2.77,0,37,FALSE
Female,Loyal Customer,60,Business Travel,Eco,372,4,3,3,3,4,4,4,4,4,4,4,1,4,3.54,0,0,FALSE
Female,Loyal Customer,45,Business Travel,Eco,101,2,1,1,1,2,4,4,2,2,2,2,1,3,2.08,2,5,FALSE
Male,Loyal Customer,37,Personal Travel,Business,1346,3,4,3,2,4,5,4,2,2,3,2,4,5,3.31,0,0,FALSE
Female,Loyal Customer,68,Personal Travel,Eco,337,3,4,3,2,2,4,1,3,3,3,1,1,1,2.38,0,4,FALSE
Female,Loyal Customer,48,Business Travel,Business,157,5,5,4,5,1,4,5,4,4,4,3,4,2,3.85,0,0,TRUE
Female,Loyal Customer,21,Business Travel,Business,588,3,3,3,3,2,2,2,2,1,3,4,1,2,2.38,0,0,TRUE
Male,Loyal Customer,34,Business Travel,Eco,759,5,2,2,2,5,5,5,5,4,5,4,2,5,3.92,16,24,TRUE
Male,Loyal Customer,42,Business Travel,Business,1053,5,5,5,5,5,5,4,4,4,4,4,5,4,4.54,29,8,TRUE
Male,Loyal Customer,41,Business Travel,Business,2850,5,5,5,5,5,4,5,4,4,4,4,4,4,4.46,19,18,TRUE
Male,Loyal Customer,43,Business Travel,Business,2475,4,4,4,4,3,5,4,4,4,4,4,4,5,4.08,0,0,TRUE
Male,Disloyal Customer,18,Business Travel,Eco,1024,3,3,3,4,2,3,2,2,4,5,4,1,2,2.92,5,0,FALSE
Female,Loyal Customer,60,Business Travel,Business,2751,5,5,1,5,2,4,4,4,4,4,4,5,4,3.92,0,0,TRUE
Male,Disloyal Customer,23,Business Travel,Eco,2288,1,1,1,1,1,5,5,4,2,3,4,5,5,2.92,3,0,FALSE
Male,Loyal Customer,66,Personal Travel,Eco,204,4,3,0,1,2,0,2,2,5,3,1,5,2,2.31,0,3,FALSE
Male,Loyal Customer,17,Business Travel,Eco,175,4,2,2,2,4,4,2,4,1,4,3,2,4,2.92,0,0,FALSE
Female,Loyal Customer,55,Business Travel,Eco,533,2,1,1,1,4,3,2,2,2,2,2,3,4,2.23,0,0,FALSE
Female,Loyal Customer,43,Personal Travel,Eco,423,2,0,2,1,5,4,5,2,2,2,2,5,4,2.77,34,29,FALSE
Male,Loyal Customer,53,Business Travel,Business,1744,5,5,5,5,3,4,4,5,5,5,5,3,4,4.46,0,0,TRUE
Male,Loyal Customer,14,Personal Travel,Eco,395,1,5,2,1,2,2,2,4,4,5,4,2,2,2.77,519,516,FALSE
Female,Loyal Customer,64,Personal Travel,Eco,304,2,5,2,4,3,5,4,2,2,2,2,4,4,3.15,0,0,FALSE
Female,Loyal Customer,11,Personal Travel,Eco Plus,325,3,4,3,1,5,3,5,5,5,3,2,1,5,3.46,0,0,FALSE
Male,Loyal Customer,34,Business Travel,Business,2586,1,5,3,5,4,1,1,1,1,1,1,2,1,2.08,0,0,FALSE
Female,Loyal Customer,30,Personal Travel,Eco,787,3,4,3,1,4,3,4,4,4,2,5,4,4,3.46,6,0,FALSE
Male,Loyal Customer,67,Business Travel,Business,3732,0,5,0,3,2,2,3,1,1,4,4,2,5,2.46,0,0,TRUE
Female,Loyal Customer,9,Personal Travel,Eco,1118,2,5,3,2,4,3,4,4,3,5,5,3,4,3.62,0,0,FALSE
Male,Disloyal Customer,37,Business Travel,Business,612,5,4,4,2,2,4,2,2,3,2,4,5,2,3.15,0,0,TRUE
Male,Loyal Customer,13,Business Travel,Business,689,3,3,3,3,4,4,4,4,2,5,5,4,4,3.69,0,0,TRUE
Male,Loyal Customer,48,Personal Travel,Eco Plus,444,3,4,3,2,3,3,3,3,5,4,4,5,3,3.46,12,7,FALSE
Male,Loyal Customer,31,Personal Travel,Eco,666,3,4,3,3,1,3,4,1,4,2,5,4,1,2.92,0,0,FALSE
Male,Loyal Customer,16,Business Travel,Business,731,3,2,4,4,3,3,3,3,1,1,3,3,3,2.77,7,0,FALSE
Male,Loyal Customer,48,Business Travel,Business,3201,0,0,0,1,2,4,5,2,2,2,2,4,3,2.08,0,2,TRUE
Male,Loyal Customer,54,Personal Travel,Eco,446,3,5,3,2,2,3,2,2,5,2,4,5,2,3.08,0,0,FALSE
Male,Loyal Customer,40,Business Travel,Business,262,4,1,1,1,3,3,2,4,4,4,4,2,3,2.77,0,2,FALSE
Female,Loyal Customer,54,Business Travel,Business,2370,1,1,1,1,5,5,4,4,4,4,4,5,5,3.38,0,0,TRUE
Female,Disloyal Customer,37,Business Travel,Eco,199,2,4,2,4,3,2,3,3,2,2,4,4,3,2.92,4,2,FALSE
Female,Loyal Customer,46,Business Travel,Business,1476,5,5,5,5,5,5,5,3,3,3,3,5,3,4.23,54,59,TRUE
Female,Loyal Customer,30,Business Travel,Business,1342,2,2,2,2,5,5,5,5,3,5,5,3,5,3.77,41,31,TRUE
Female,Disloyal Customer,22,Business Travel,Business,479,1,2,2,3,2,2,2,2,4,5,3,2,2,2.46,122,106,FALSE
Male,Loyal Customer,33,Business Travel,Eco,229,5,5,5,5,5,5,5,5,4,1,3,2,5,4.23,4,0,TRUE
Female,Loyal Customer,44,Personal Travel,Eco,1028,1,4,2,3,3,4,4,5,5,2,5,3,4,3.46,61,51,FALSE
Female,Loyal Customer,35,Business Travel,Eco,762,4,3,3,3,4,4,4,4,4,3,4,1,4,3.46,0,7,FALSE
Male,Loyal Customer,50,Business Travel,Business,77,3,3,5,3,1,4,4,4,4,4,3,2,2,3.23,15,9,FALSE
Female,Loyal Customer,12,Personal Travel,Eco,550,3,2,3,3,2,3,4,2,2,1,3,2,2,2.46,0,0,FALSE
Male,Loyal Customer,17,Personal Travel,Eco,950,3,2,3,4,3,5,5,3,1,3,3,5,5,3.46,118,134,FALSE
Female,Loyal Customer,36,Business Travel,Business,3783,3,5,5,5,2,4,3,3,3,3,3,3,3,3.46,0,0,FALSE
Male,Loyal Customer,27,Personal Travel,Eco,719,2,5,2,4,4,2,4,4,4,3,5,4,4,3.62,0,0,FALSE
Male,Loyal Customer,56,Personal Travel,Eco,370,1,4,4,2,1,4,1,1,1,1,3,4,1,2.15,0,0,FALSE
Male,Loyal Customer,44,Business Travel,Business,2965,4,4,4,4,5,4,5,5,5,5,5,3,2,4.23,0,0,TRUE
Male,Loyal Customer,54,Business Travel,Business,3432,2,2,2,2,3,4,4,2,2,2,2,3,5,2.69,5,0,TRUE
Female,Loyal Customer,32,Personal Travel,Eco,337,2,3,2,2,2,2,2,2,2,2,1,3,2,2.08,11,8,FALSE
Female,Loyal Customer,33,Business Travel,Eco Plus,547,3,3,3,3,3,3,3,3,4,4,3,4,3,3.23,0,0,FALSE
Male,Loyal Customer,14,Personal Travel,Eco,682,3,2,3,3,3,3,3,3,2,1,4,4,3,2.85,23,22,FALSE
Female,Loyal Customer,57,Business Travel,Eco,1211,4,1,1,1,2,4,3,4,4,4,4,3,3,2.92,0,0,FALSE
Female,Loyal Customer,50,Personal Travel,Eco,1399,2,4,2,3,3,4,4,1,1,2,1,4,1,2.46,5,0,FALSE
Male,Loyal Customer,53,Personal Travel,Eco,529,3,1,3,4,3,2,2,2,5,4,3,2,2,2.77,218,220,FALSE
Female,Loyal Customer,31,Business Travel,Business,280,3,4,5,5,3,3,3,3,2,3,4,1,3,3.23,0,0,FALSE
Male,Loyal Customer,15,Personal Travel,Eco,335,1,4,1,4,4,1,4,4,3,2,5,4,4,3.15,5,5,FALSE
Male,Disloyal Customer,27,Business Travel,Business,1177,4,4,4,3,3,4,3,3,4,5,4,5,3,3.77,31,44,TRUE
Male,Disloyal Customer,35,Business Travel,Business,342,3,3,3,3,1,3,1,1,4,5,4,3,1,2.69,2,5,FALSE
Female,Loyal Customer,35,Business Travel,Eco Plus,325,5,4,4,4,5,5,5,5,5,2,5,1,5,4.23,0,0,TRUE
Female,Loyal Customer,59,Business Travel,Business,1525,1,1,1,1,4,4,5,4,4,4,4,5,3,3.15,0,0,TRUE
Female,Loyal Customer,49,Business Travel,Business,1379,2,4,5,4,1,3,3,2,2,2,2,3,4,2.85,0,0,FALSE
Male,Loyal Customer,37,Personal Travel,Eco,109,4,0,4,2,1,4,1,1,3,5,4,3,1,2.54,13,14,FALSE
Female,Loyal Customer,47,Business Travel,Business,2970,2,2,2,2,2,4,5,5,5,4,5,4,4,3.54,0,0,TRUE
Female,Loyal Customer,10,Personal Travel,Eco,240,2,5,2,1,5,2,5,5,3,5,5,5,5,3.85,17,9,FALSE
Male,Loyal Customer,51,Personal Travel,Eco,507,3,4,2,3,5,2,2,5,5,2,3,2,5,3.31,2,0,FALSE
Male,Loyal Customer,53,Business Travel,Business,1106,3,3,3,3,1,3,3,4,4,4,4,1,5,3.15,0,0,TRUE
Male,Loyal Customer,16,Personal Travel,Eco,967,2,4,2,4,4,2,4,4,3,4,4,4,4,3.46,0,0,FALSE
Female,Loyal Customer,63,Personal Travel,Eco,502,4,4,4,1,4,4,4,1,1,4,1,5,5,3.23,0,0,TRUE
Female,Loyal Customer,33,Personal Travel,Eco Plus,1590,4,4,4,1,2,4,2,2,4,3,4,3,2,3,0,0,TRUE
Male,Loyal Customer,65,Personal Travel,Eco,859,5,5,5,4,2,5,2,2,5,4,2,1,2,3.38,2,0,TRUE
Female,Loyal Customer,49,Business Travel,Business,3879,3,3,3,3,5,5,5,4,4,4,4,5,4,4,8,0,TRUE
Female,Loyal Customer,44,Personal Travel,Eco Plus,349,2,2,2,2,5,2,3,3,3,2,4,3,3,2.77,71,68,FALSE
Female,Loyal Customer,22,Personal Travel,Business,925,2,5,2,4,1,2,1,1,5,3,4,2,1,2.54,0,3,FALSE
Male,Loyal Customer,8,Personal Travel,Eco,192,1,5,1,2,3,1,3,3,5,3,4,3,3,2.85,0,0,FALSE
Female,Loyal Customer,11,Personal Travel,Eco Plus,406,2,4,2,4,2,2,2,2,3,4,5,3,2,2.85,24,16,FALSE
Male,Loyal Customer,31,Business Travel,Business,3531,1,3,3,3,1,1,1,1,3,4,3,2,1,2.08,27,26,FALSE
Male,Loyal Customer,31,Business Travel,Business,2609,3,5,3,3,5,5,5,5,3,4,3,2,5,3.92,18,12,TRUE
Female,Loyal Customer,60,Business Travel,Business,2574,2,2,2,2,3,4,5,4,4,4,4,5,3,3.38,0,0,TRUE
Female,Loyal Customer,55,Business Travel,Business,759,2,2,2,2,5,4,5,3,3,3,3,4,3,3.15,0,0,TRUE
Female,Loyal Customer,29,Personal Travel,Eco,599,5,4,5,4,3,5,3,3,3,5,5,5,3,4.08,0,0,TRUE
Male,Loyal Customer,9,Personal Travel,Eco,164,1,4,1,1,2,1,2,2,1,4,3,1,2,1.92,0,0,FALSE
Female,Loyal Customer,35,Personal Travel,Eco,1208,2,3,2,3,5,2,2,5,1,1,3,1,5,2.69,0,0,FALSE
Female,Loyal Customer,56,Business Travel,Business,1608,3,3,3,3,3,4,4,4,4,4,4,3,4,3.54,0,0,TRUE
Female,Loyal Customer,19,Business Travel,Business,1438,2,2,2,2,4,4,4,4,5,2,5,3,4,3.31,2,0,TRUE
Female,Loyal Customer,70,Personal Travel,Eco Plus,323,4,4,4,3,4,5,2,3,3,4,4,2,3,3.46,0,0,FALSE
Female,Loyal Customer,52,Business Travel,Business,3979,1,1,1,1,4,1,2,4,4,4,4,2,4,2.54,21,7,TRUE
Female,Disloyal Customer,25,Business Travel,Business,277,3,0,3,5,5,3,5,5,3,3,5,5,5,3.85,47,51,FALSE
Female,Loyal Customer,55,Personal Travel,Eco,521,4,5,4,4,2,5,4,3,3,4,3,5,3,3.77,0,0,FALSE
Female,Loyal Customer,8,Personal Travel,Eco,516,3,5,3,4,4,3,4,4,4,5,3,2,4,3.69,0,13,FALSE
Male,Loyal Customer,45,Business Travel,Business,1562,2,2,2,2,3,5,4,4,4,4,4,3,5,3.38,0,0,TRUE
Female,Loyal Customer,44,Business Travel,Business,2544,3,1,1,1,5,3,4,3,3,3,3,4,1,2.69,25,21,FALSE
Female,Loyal Customer,30,Personal Travel,Business,1389,3,5,2,1,3,2,2,3,5,5,4,3,3,3.15,17,0,FALSE
Male,Loyal Customer,39,Business Travel,Business,813,3,3,3,3,4,4,4,5,5,5,5,3,5,4,0,0,TRUE
Female,Loyal Customer,59,Business Travel,Business,1544,1,1,1,1,2,4,5,5,5,5,5,4,3,3.23,0,0,TRUE
Female,Loyal Customer,35,Business Travel,Business,588,3,3,3,3,2,3,3,3,3,4,3,4,1,2.92,0,0,FALSE
Male,Loyal Customer,53,Business Travel,Eco Plus,101,1,4,4,4,2,1,2,2,3,2,3,1,2,2.38,7,7,FALSE
Male,Loyal Customer,60,Business Travel,Business,1745,4,4,4,4,5,5,5,5,5,5,5,4,3,4.46,0,0,TRUE
Female,Loyal Customer,8,Personal Travel,Eco,214,3,0,3,3,2,3,2,2,4,4,4,3,2,2.69,0,0,FALSE
Male,Loyal Customer,41,Business Travel,Business,2079,4,1,4,4,1,3,3,4,4,4,4,2,4,3.23,69,53,FALSE
Female,Disloyal Customer,80,Business Travel,Business,361,4,4,4,4,1,4,4,5,5,4,5,1,2,3.62,63,47,FALSE
Female,Loyal Customer,30,Business Travel,Business,1399,1,1,1,1,4,4,4,4,4,1,5,2,4,2.77,0,3,TRUE
Male,Loyal Customer,61,Personal Travel,Eco Plus,2475,4,4,3,4,5,3,5,5,2,4,5,4,5,4.08,0,0,FALSE
Male,Loyal Customer,41,Business Travel,Business,3146,3,3,3,3,4,4,4,5,5,5,5,5,5,4.15,33,33,TRUE
Female,Loyal Customer,12,Personal Travel,Eco,861,2,5,2,5,1,2,1,1,5,5,4,4,1,2.92,34,60,FALSE
Female,Loyal Customer,12,Business Travel,Business,2629,3,3,4,3,2,2,2,2,3,4,5,1,2,2.77,0,0,TRUE
Male,Loyal Customer,54,Business Travel,Business,3023,5,5,4,5,3,4,5,4,4,4,4,5,3,4.23,2,0,TRUE
Male,Disloyal Customer,26,Business Travel,Eco,374,3,2,3,3,5,3,5,5,4,4,3,4,5,3.77,0,30,FALSE
Male,Loyal Customer,32,Business Travel,Business,2031,4,4,4,4,4,5,4,4,4,3,2,1,4,3.62,0,4,TRUE
Female,Loyal Customer,57,Business Travel,Eco,238,3,3,3,3,4,3,4,3,3,3,3,1,1,2.85,0,0,FALSE
Male,Disloyal Customer,28,Business Travel,Business,413,3,3,3,1,3,3,2,3,4,4,4,4,3,3.08,0,0,FALSE
Male,Loyal Customer,58,Personal Travel,Eco Plus,305,1,5,1,3,1,1,1,1,3,2,2,3,1,1.92,0,0,FALSE
Male,Loyal Customer,46,Business Travel,Business,347,4,4,4,4,4,4,5,5,5,5,5,3,3,4.23,0,0,TRUE
Female,Loyal Customer,21,Personal Travel,Eco,1598,4,5,4,5,4,4,3,4,4,5,5,3,4,4.15,2,0,FALSE
Male,Loyal Customer,8,Personal Travel,Eco,909,2,4,2,3,5,2,5,5,3,3,4,4,5,3.62,0,0,FALSE
Male,Loyal Customer,58,Business Travel,Business,1642,1,1,1,1,2,5,5,5,5,5,5,5,4,3.46,18,14,TRUE
Female,Loyal Customer,25,Business Travel,Eco,1521,0,4,0,3,2,0,2,2,3,5,5,3,2,2.38,0,6,TRUE
Female,Disloyal Customer,37,Business Travel,Business,309,1,1,1,3,2,1,2,2,5,2,4,5,2,2.38,71,61,FALSE
Female,Loyal Customer,21,Business Travel,Business,2319,5,5,5,5,4,4,4,4,4,2,5,4,4,4.23,0,0,TRUE
Female,Loyal Customer,40,Personal Travel,Eco,844,1,5,2,3,3,2,3,3,3,2,5,4,3,3,0,0,FALSE
Female,Loyal Customer,47,Personal Travel,Eco,861,3,5,3,2,2,1,1,1,1,3,1,4,5,2.46,7,0,FALSE
Male,Loyal Customer,51,Personal Travel,Eco,475,4,2,4,3,3,4,3,3,2,4,3,1,3,3,3,22,TRUE
Female,Loyal Customer,32,Personal Travel,Eco,550,1,1,1,2,3,1,3,3,2,2,1,1,3,1.85,4,0,FALSE
Female,Loyal Customer,15,Personal Travel,Eco Plus,507,5,4,5,3,2,5,2,2,5,2,5,5,2,3.62,0,0,TRUE
Female,Disloyal Customer,26,Business Travel,Business,812,2,2,2,4,4,2,4,4,3,4,5,4,4,3.38,0,0,FALSE
Male,Loyal Customer,43,Business Travel,Business,2244,5,5,5,5,5,5,4,5,5,5,5,5,3,4.77,0,0,TRUE
Male,Loyal Customer,19,Personal Travel,Eco,867,2,5,2,3,3,2,3,3,2,5,5,1,3,3,3,0,FALSE
Male,Loyal Customer,44,Business Travel,Eco,184,2,1,1,1,2,2,2,2,4,2,3,4,2,2.15,0,0,FALSE
Male,Disloyal Customer,38,Business Travel,Business,152,4,4,4,4,5,4,5,5,5,5,4,4,5,4.46,0,0,TRUE
Female,Disloyal Customer,28,Business Travel,Business,677,4,4,4,3,4,4,4,4,3,5,5,3,4,3.92,0,0,TRUE
Female,Disloyal Customer,39,Business Travel,Business,399,5,5,5,4,2,5,2,2,5,2,4,5,2,3.69,0,0,TRUE
Female,Loyal Customer,12,Personal Travel,Eco,1008,3,4,3,1,4,3,4,4,3,4,4,5,4,3.54,3,8,FALSE
Female,Disloyal Customer,27,Business Travel,Eco,1158,1,1,1,3,5,1,4,5,4,3,3,3,5,3,8,4,FALSE
Female,Loyal Customer,56,Business Travel,Business,3308,1,1,1,1,2,4,4,4,4,4,4,5,4,3,1,0,TRUE
Male,Loyal Customer,34,Personal Travel,Eco Plus,413,3,5,3,5,2,3,1,2,4,2,4,4,2,3.08,0,0,FALSE
Female,Loyal Customer,31,Business Travel,Business,1562,1,1,1,1,4,4,4,4,1,3,5,1,4,2.62,3,0,TRUE
Female,Loyal Customer,69,Business Travel,Eco,198,4,2,2,2,4,1,3,3,3,4,3,2,2,2.69,0,0,TRUE
Male,Loyal Customer,7,Personal Travel,Eco,184,3,4,3,1,1,3,1,1,4,5,5,3,1,2.69,0,0,FALSE
Female,Loyal Customer,69,Personal Travel,Eco,808,2,3,2,3,1,3,4,4,4,2,2,3,1,2.62,23,17,FALSE
Female,Disloyal Customer,24,Business Travel,Eco,269,4,4,4,2,4,4,3,4,3,5,5,4,4,3.85,102,85,FALSE
Female,Loyal Customer,65,Personal Travel,Eco,552,1,0,1,4,2,5,4,5,5,1,5,3,3,3,14,18,FALSE
Female,Loyal Customer,56,Business Travel,Business,252,3,3,3,3,5,4,5,5,5,5,5,3,4,4.08,0,0,TRUE
Male,Loyal Customer,58,Business Travel,Business,2713,3,3,3,3,4,5,5,3,3,3,3,5,3,3.54,0,0,TRUE
Male,Disloyal Customer,39,Business Travel,Business,666,2,2,2,4,2,2,2,2,5,5,5,3,2,2.92,30,31,FALSE
Male,Loyal Customer,48,Business Travel,Business,2488,1,1,1,1,3,4,4,5,5,5,5,4,5,3.38,6,3,TRUE
Female,Loyal Customer,60,Business Travel,Business,2255,2,2,2,2,4,4,4,5,5,5,5,3,4,3.62,11,0,TRUE
Male,Loyal Customer,49,Personal Travel,Eco,641,2,4,3,5,5,3,5,5,3,5,4,5,5,4.15,1,12,FALSE
Female,Loyal Customer,59,Personal Travel,Eco,447,2,5,2,4,5,4,5,5,5,2,5,3,5,4,0,0,FALSE
Male,Loyal Customer,41,Personal Travel,Eco,1598,3,5,3,1,3,3,3,3,5,4,4,3,3,3.31,31,13,FALSE
Male,Loyal Customer,31,Business Travel,Business,895,3,3,5,3,4,4,4,4,3,3,5,5,4,3.85,10,0,TRUE
Female,Loyal Customer,36,Business Travel,Eco Plus,196,4,5,5,5,4,4,4,4,1,1,3,2,4,3.54,0,0,TRUE
Female,Loyal Customer,56,Business Travel,Eco,782,4,1,1,1,5,5,5,4,4,4,4,5,3,3.54,0,0,TRUE
Female,Loyal Customer,42,Business Travel,Business,240,4,4,4,4,4,5,5,5,5,5,5,4,3,4.38,0,0,TRUE
Female,Loyal Customer,51,Business Travel,Business,1162,1,1,1,1,5,5,5,2,5,1,2,5,5,3,113,146,TRUE
Male,Loyal Customer,51,Personal Travel,Business,1044,1,5,1,3,5,1,5,2,2,1,2,2,1,2.38,0,0,FALSE
Male,Disloyal Customer,20,Business Travel,Eco,436,2,1,2,3,5,2,5,5,1,1,4,3,5,3,2,0,FALSE
Male,Loyal Customer,24,Business Travel,Business,723,2,4,4,4,2,2,2,2,1,3,4,1,2,2.54,0,6,FALSE
Male,Loyal Customer,20,Personal Travel,Business,1086,4,5,4,3,5,4,5,5,3,3,5,3,5,4.15,0,3,FALSE
Male,Loyal Customer,40,Business Travel,Business,580,1,1,1,1,3,4,4,4,4,4,4,3,3,2.85,6,0,TRUE
Female,Loyal Customer,51,Personal Travel,Eco,550,2,0,2,4,4,5,4,5,5,2,5,3,4,3.46,0,0,FALSE
Female,Loyal Customer,51,Business Travel,Business,3664,2,2,2,2,5,4,5,2,2,2,2,4,3,2.85,0,0,TRUE
Male,Disloyal Customer,35,Business Travel,Business,280,4,4,4,3,1,4,1,1,2,4,3,1,1,2.54,0,0,FALSE
Female,Loyal Customer,44,Personal Travel,Eco,761,2,1,2,2,1,2,2,5,5,2,5,3,4,2.77,0,0,FALSE
Female,Loyal Customer,47,Business Travel,Eco,1521,3,1,1,1,1,3,4,3,3,3,3,2,2,2.31,0,25,FALSE
Male,Loyal Customer,38,Business Travel,Business,2549,3,3,3,3,3,4,4,5,5,5,5,1,1,3.46,0,3,TRUE
Male,Loyal Customer,12,Business Travel,Eco,990,1,5,5,5,1,1,3,1,2,3,4,2,1,2.62,10,11,FALSE
Male,Loyal Customer,33,Business Travel,Eco,319,2,2,2,2,2,2,2,2,1,3,4,3,2,2.23,0,0,FALSE
Male,Disloyal Customer,37,Business Travel,Eco,432,1,2,2,2,1,2,1,1,4,3,3,4,1,2.08,0,16,FALSE
Female,Loyal Customer,55,Personal Travel,Eco,1042,2,3,2,3,3,3,2,1,1,2,1,5,1,2.23,0,9,FALSE
Male,Loyal Customer,32,Business Travel,Business,3456,4,3,4,4,3,3,3,3,4,4,5,3,3,3.54,1,0,TRUE
Male,Disloyal Customer,20,Business Travel,Business,1487,5,0,5,3,1,5,1,1,4,2,5,4,1,2.85,0,0,TRUE
Female,Loyal Customer,49,Business Travel,Business,3910,1,1,1,1,2,5,4,4,4,4,4,4,4,3,0,0,TRUE
Male,Loyal Customer,43,Personal Travel,Eco,258,3,5,0,4,3,0,3,3,2,4,3,4,3,2.85,0,0,FALSE
Male,Loyal Customer,22,Personal Travel,Eco,444,1,4,5,4,1,5,1,1,3,5,5,5,1,3.15,55,43,FALSE
Male,Loyal Customer,27,Personal Travel,Eco Plus,862,2,5,2,2,4,2,4,4,3,2,5,5,4,3.38,0,0,FALSE
Male,Loyal Customer,54,Business Travel,Business,2432,1,3,3,3,5,3,3,1,1,1,1,1,4,2.31,0,0,FALSE
Male,Loyal Customer,70,Personal Travel,Eco,493,3,2,3,4,5,3,5,5,3,5,4,4,5,3.92,0,0,FALSE
Female,Loyal Customer,39,Business Travel,Business,2153,2,2,2,2,2,5,5,5,5,5,5,3,4,3.62,21,5,TRUE
Male,Disloyal Customer,23,Business Travel,Eco,522,2,3,2,4,5,2,5,5,2,4,3,3,5,3.46,23,13,FALSE
Male,Loyal Customer,13,Personal Travel,Eco,228,4,5,4,4,2,4,2,2,4,2,5,5,2,3.46,0,0,FALSE
Male,Loyal Customer,55,Business Travel,Business,2257,3,1,3,3,4,4,5,4,4,4,4,4,4,3.62,130,127,TRUE
Male,Loyal Customer,44,Personal Travel,Business,362,1,5,1,4,3,5,5,3,3,1,3,3,5,3.23,22,29,FALSE
Female,Loyal Customer,25,Personal Travel,Eco,1145,1,5,1,3,4,1,4,4,4,3,3,3,4,3.08,0,0,FALSE
Female,Disloyal Customer,33,Business Travel,Eco,347,2,0,2,1,4,2,4,4,3,4,1,4,4,2.69,0,0,FALSE
Female,Loyal Customer,24,Business Travel,Business,2719,2,4,2,4,2,2,2,2,1,4,4,3,2,2.62,30,33,FALSE
Male,Loyal Customer,57,Personal Travel,Eco,1075,1,5,1,1,1,1,1,1,5,2,4,5,1,2.23,0,0,FALSE
Male,Disloyal Customer,25,Business Travel,Business,2133,5,4,5,3,5,5,5,4,5,3,5,5,5,4.54,286,272,TRUE
Male,Loyal Customer,51,Business Travel,Business,3196,3,3,3,3,4,4,2,4,4,4,4,2,2,3.23,0,0,TRUE
Male,Loyal Customer,42,Business Travel,Eco,679,4,1,2,1,3,4,3,3,1,3,1,1,3,2.31,0,0,TRUE
Male,Loyal Customer,20,Personal Travel,Business,911,4,4,4,4,5,4,1,5,3,4,3,3,5,3.77,0,3,TRUE
Female,Loyal Customer,58,Business Travel,Eco,279,5,1,1,1,4,5,2,5,5,5,5,3,3,3.46,1,0,TRUE
Male,Disloyal Customer,20,Business Travel,Eco,429,1,4,1,3,1,1,1,3,3,4,4,1,1,2.15,184,193,FALSE
Female,Loyal Customer,36,Business Travel,Eco,512,4,1,1,1,4,5,4,4,5,1,3,5,4,3.23,4,0,TRUE
Male,Disloyal Customer,25,Business Travel,Business,1188,4,4,4,2,3,4,3,3,1,1,2,3,3,2.85,0,0,TRUE
Female,Disloyal Customer,45,Business Travel,Eco,760,1,1,1,1,3,1,4,3,2,5,1,4,3,2.31,0,0,FALSE
Female,Loyal Customer,17,Personal Travel,Eco,1744,3,0,3,1,4,3,1,4,4,2,5,4,4,2.92,7,39,FALSE
Male,Loyal Customer,12,Personal Travel,Eco,304,3,4,3,4,4,3,4,4,3,2,4,3,4,3.46,0,0,FALSE
Male,Loyal Customer,22,Personal Travel,Eco,503,3,1,2,2,4,2,1,4,3,5,3,3,4,2.85,67,65,FALSE
Male,Loyal Customer,50,Business Travel,Business,667,1,1,1,1,3,5,5,4,4,4,4,5,4,3.23,0,0,TRUE
Male,Loyal Customer,67,Personal Travel,Eco,216,3,0,3,4,5,3,5,5,3,2,4,5,5,3.62,0,0,FALSE
Male,Loyal Customer,37,Business Travel,Eco,1400,4,2,2,2,4,4,4,4,5,5,1,3,4,3.38,14,0,TRUE
Female,Disloyal Customer,41,Business Travel,Business,1014,5,5,5,3,2,5,2,2,3,5,3,4,2,3.54,0,0,TRUE
Female,Loyal Customer,34,Business Travel,Business,2950,5,5,5,5,5,1,5,4,4,4,5,2,1,3.92,0,0,TRUE
Male,Disloyal Customer,20,Business Travel,Business,762,4,0,4,3,2,4,2,2,3,4,4,3,2,2.85,0,0,TRUE
Female,Loyal Customer,25,Business Travel,Eco,1045,2,4,4,4,2,2,2,1,1,2,3,2,2,2.38,148,149,FALSE
Male,Disloyal Customer,25,Business Travel,Eco,1276,1,1,1,4,5,1,5,5,4,4,5,5,5,3.54,0,0,FALSE
Female,Disloyal Customer,25,Business Travel,Eco,147,2,3,2,1,5,2,5,5,1,1,2,5,5,3,0,0,FALSE
Male,Loyal Customer,36,Business Travel,Eco Plus,198,2,4,4,4,2,2,2,2,1,3,3,3,2,2.62,0,0,FALSE
Male,Loyal Customer,25,Business Travel,Business,1166,1,5,5,5,1,2,1,1,4,1,3,3,1,2.54,0,0,FALSE
Female,Loyal Customer,42,Business Travel,Business,226,1,1,1,1,3,4,5,5,5,5,5,5,5,3.54,0,0,TRUE
Male,Loyal Customer,49,Business Travel,Business,3121,5,5,5,5,3,1,3,4,4,4,4,3,4,3.85,0,0,TRUE
Male,Loyal Customer,58,Business Travel,Eco,457,1,1,2,2,1,1,1,1,2,1,4,3,1,1.62,20,3,FALSE
Male,Loyal Customer,58,Business Travel,Eco,447,4,5,5,5,5,4,5,5,3,5,1,5,5,4.38,0,0,TRUE
Male,Loyal Customer,50,Business Travel,Eco,2475,2,4,4,4,2,2,2,4,3,3,3,2,2,2.85,0,0,FALSE
Female,Loyal Customer,32,Personal Travel,Eco,247,2,4,0,1,0,2,2,5,4,5,4,2,2,2.54,143,141,FALSE
Female,Disloyal Customer,20,Business Travel,Eco,302,2,4,2,3,2,2,2,2,2,1,3,1,2,2.15,0,0,FALSE
Female,Loyal Customer,48,Business Travel,Business,425,1,1,1,1,5,2,1,4,4,4,4,5,4,2.85,4,0,TRUE
Male,Disloyal Customer,24,Business Travel,Eco,813,2,2,2,3,1,2,1,1,3,4,4,3,1,2.23,0,0,FALSE
Female,Loyal Customer,48,Business Travel,Eco,993,2,4,4,4,3,2,2,2,2,2,2,1,1,2.38,0,21,FALSE
Male,Loyal Customer,49,Business Travel,Business,1807,4,4,4,4,4,4,4,4,4,4,4,4,5,4.08,0,0,TRUE
Female,Loyal Customer,23,Business Travel,Business,731,2,2,2,2,4,4,4,4,3,5,5,3,4,3.38,0,0,TRUE
Female,Loyal Customer,72,Business Travel,Eco,357,3,3,3,3,1,4,3,3,3,3,3,1,4,2.85,0,0,FALSE
Male,Loyal Customer,23,Personal Travel,Eco,302,1,5,4,4,3,4,3,3,3,3,5,3,3,3.38,12,8,FALSE
Male,Loyal Customer,57,Business Travel,Business,2727,4,4,4,4,2,5,4,5,5,5,5,3,3,4.08,14,7,TRUE
Female,Loyal Customer,37,Business Travel,Business,3711,4,4,4,4,5,4,4,5,5,5,5,5,4,4.46,0,0,TRUE
Female,Loyal Customer,56,Personal Travel,Business,546,2,2,2,3,5,3,3,2,2,2,2,2,2,2.46,0,0,FALSE
Male,Loyal Customer,63,Business Travel,Eco Plus,284,3,2,2,2,3,3,3,3,1,4,3,4,3,2.77,96,97,FALSE
Male,Disloyal Customer,20,Business Travel,Eco,456,1,0,1,4,4,1,4,4,2,5,4,4,4,2.92,14,6,FALSE
Male,Loyal Customer,47,Personal Travel,Eco,733,2,1,2,2,3,2,3,3,2,3,2,3,3,2.38,61,72,FALSE
Male,Loyal Customer,56,Personal Travel,Business,101,3,3,3,1,2,1,1,4,4,3,4,4,3,2.77,0,0,FALSE
Female,Loyal Customer,51,Business Travel,Business,2208,4,4,4,4,1,3,1,5,5,5,5,3,4,3.69,0,1,TRUE
Male,Loyal Customer,53,Business Travel,Business,2072,1,1,5,1,3,3,5,4,4,4,4,4,3,3.23,66,53,TRUE
Male,Loyal Customer,33,Business Travel,Business,2288,2,2,5,2,5,5,5,5,5,3,5,5,5,4.15,18,1,TRUE
Female,Loyal Customer,39,Business Travel,Business,147,1,1,1,1,1,4,3,4,4,4,3,1,5,2.54,0,0,TRUE
Male,Loyal Customer,50,Personal Travel,Eco,406,4,5,4,3,1,4,1,1,2,3,1,3,1,2.54,0,0,FALSE
Female,Disloyal Customer,23,Business Travel,Eco,954,2,2,2,3,4,2,4,4,2,1,1,3,4,2.62,0,0,FALSE
Female,Loyal Customer,18,Personal Travel,Eco,1919,1,4,1,1,5,1,5,5,4,4,5,5,5,3.54,0,0,FALSE
Female,Loyal Customer,43,Business Travel,Business,1846,5,5,5,5,5,3,4,5,5,5,5,4,3,4.54,2,5,TRUE
Male,Loyal Customer,51,Business Travel,Business,1426,2,1,2,2,5,5,4,5,5,5,5,4,3,3.69,0,0,TRUE
Female,Loyal Customer,50,Business Travel,Eco Plus,680,2,2,2,2,3,5,1,2,2,2,2,4,5,2.62,0,0,TRUE
Male,Disloyal Customer,36,Business Travel,Eco,862,4,4,4,3,4,4,3,4,4,1,4,3,4,3.54,11,9,FALSE
Female,Disloyal Customer,27,Business Travel,Eco,1189,3,3,3,4,4,3,4,4,1,4,3,1,4,3.15,108,103,FALSE
Male,Loyal Customer,66,Business Travel,Business,3672,2,2,2,2,5,4,5,5,5,5,5,4,3,3.77,0,0,TRUE
Female,Loyal Customer,33,Personal Travel,Eco,173,2,5,2,3,2,2,2,2,5,5,4,4,2,3.08,0,0,FALSE
Female,Disloyal Customer,22,Business Travel,Business,1096,5,5,4,4,2,4,2,2,4,4,4,5,2,3.62,0,0,TRUE
Female,Loyal Customer,42,Business Travel,Business,989,1,1,1,1,5,4,5,5,5,5,5,4,3,3.46,4,0,TRUE
Male,Disloyal Customer,28,Business Travel,Business,689,4,5,5,1,3,5,3,3,3,5,5,5,3,3.85,4,2,TRUE
Male,Loyal Customer,47,Business Travel,Eco,521,5,5,5,5,5,5,5,5,5,5,2,4,5,4.69,6,0,TRUE
Male,Loyal Customer,43,Business Travel,Business,1604,4,4,3,4,3,4,3,5,5,5,5,4,3,4,10,14,TRUE
Male,Loyal Customer,36,Personal Travel,Eco,2454,3,4,3,3,5,3,5,5,4,5,5,4,5,4.15,0,0,FALSE
Female,Loyal Customer,38,Business Travel,Business,1582,2,1,1,1,3,3,4,2,2,2,2,4,3,2.31,0,0,FALSE
Female,Loyal Customer,62,Personal Travel,Eco,468,3,4,3,3,5,4,5,3,3,3,3,3,3,3.46,0,6,FALSE
Male,Loyal Customer,25,Business Travel,Business,2585,3,5,5,5,3,3,3,3,3,4,4,4,3,3.69,0,0,FALSE
Male,Loyal Customer,30,Personal Travel,Eco,258,4,3,4,4,2,4,3,2,2,3,4,3,2,3.08,0,0,TRUE
Male,Disloyal Customer,37,Business Travel,Eco,335,4,3,4,1,1,4,1,1,3,2,5,1,1,2.38,1,2,TRUE
Female,Loyal Customer,51,Personal Travel,Eco,163,3,4,3,3,3,3,4,4,4,3,4,2,2,3.23,0,0,FALSE
Male,Disloyal Customer,27,Business Travel,Business,2586,5,5,5,1,0,5,1,3,3,4,5,1,1,3,0,0,TRUE
Female,Disloyal Customer,25,Business Travel,Eco,562,3,4,3,3,5,3,2,5,2,3,2,2,5,3.23,2,0,FALSE
Male,Loyal Customer,64,Personal Travel,Eco,397,2,4,2,3,3,2,4,3,5,2,4,5,3,3.23,3,0,FALSE
Male,Loyal Customer,43,Personal Travel,Eco,187,3,4,3,3,2,3,3,2,5,5,5,3,2,3.31,74,79,FALSE
Female,Loyal Customer,24,Business Travel,Eco,1237,5,2,2,2,5,5,5,5,5,3,2,3,5,3.77,6,0,TRUE
Male,Loyal Customer,34,Personal Travel,Eco,1747,4,1,4,3,1,4,1,1,4,2,4,4,1,2.62,0,0,FALSE
Female,Disloyal Customer,38,Business Travel,Eco,452,2,3,2,3,3,2,3,3,3,3,3,3,3,2.77,0,0,FALSE
Female,Loyal Customer,57,Business Travel,Eco,2176,4,1,1,1,2,4,4,4,4,4,4,4,1,2.92,17,12,FALSE
Female,Loyal Customer,47,Business Travel,Eco Plus,489,4,2,4,4,4,4,3,4,4,4,4,3,4,3.69,0,0,TRUE
Male,Loyal Customer,46,Business Travel,Eco,201,4,1,1,1,4,4,4,4,4,5,3,2,4,3.15,30,32,FALSE
Male,Loyal Customer,31,Personal Travel,Eco,2075,3,3,3,4,1,3,1,1,4,3,5,4,1,2.77,0,0,FALSE
Female,Loyal Customer,49,Personal Travel,Eco,594,2,2,2,4,2,3,3,4,4,2,4,3,1,2.77,88,82,FALSE
Male,Loyal Customer,45,Business Travel,Business,1972,3,3,3,3,2,4,4,4,4,4,4,3,4,3.46,46,59,TRUE
Female,Loyal Customer,28,Personal Travel,Eco,293,4,5,4,1,2,4,2,2,3,3,5,4,2,3.15,14,11,FALSE
Male,Loyal Customer,28,Personal Travel,Eco,802,4,4,4,4,2,4,2,2,1,4,2,4,2,3,0,0,FALSE
Female,Loyal Customer,37,Business Travel,Eco,610,2,3,3,3,2,2,2,4,2,3,3,2,2,2.54,161,155,FALSE
Male,Loyal Customer,12,Personal Travel,Eco Plus,588,4,1,4,3,2,4,2,2,2,2,3,2,2,2.54,0,0,FALSE
Female,Loyal Customer,24,Business Travel,Business,2124,4,2,3,3,4,4,4,4,3,2,3,3,4,3.31,0,0,FALSE
Female,Loyal Customer,41,Personal Travel,Eco Plus,2614,2,5,2,2,4,5,4,5,5,2,5,4,5,3.85,9,0,FALSE
Male,Loyal Customer,39,Business Travel,Business,429,2,2,2,2,2,5,5,4,4,4,4,3,5,3.38,0,0,TRUE
Female,Loyal Customer,50,Business Travel,Business,3988,3,2,4,2,4,1,1,3,3,3,3,3,4,2.77,0,0,FALSE
Female,Disloyal Customer,44,Business Travel,Eco,1104,3,3,3,4,4,3,4,4,3,5,1,1,4,3.23,16,6,FALSE
Female,Loyal Customer,38,Business Travel,Business,1960,4,4,5,4,1,4,3,4,4,4,4,2,2,3.46,0,0,TRUE
Male,Loyal Customer,58,Personal Travel,Eco,482,4,3,4,4,2,4,4,2,3,5,5,1,2,3.31,0,0,FALSE
Female,Loyal Customer,8,Personal Travel,Eco,429,1,1,1,3,2,1,4,2,3,4,3,3,2,2.31,0,4,FALSE
Female,Disloyal Customer,30,Business Travel,Business,861,2,2,2,3,1,2,1,1,3,2,5,5,1,2.31,0,0,FALSE
Male,Disloyal Customer,33,Business Travel,Eco,731,3,3,3,2,1,3,2,1,1,2,2,1,1,1.92,11,16,FALSE
Female,Loyal Customer,7,Personal Travel,Eco,429,3,3,3,1,3,3,3,3,2,5,4,4,3,3.08,0,0,FALSE
Male,Loyal Customer,46,Business Travel,Business,622,1,1,1,1,4,4,3,4,4,4,4,2,5,2.92,0,0,TRUE
Female,Loyal Customer,48,Business Travel,Eco Plus,240,5,4,4,4,1,2,2,5,5,5,5,2,1,3.46,0,0,TRUE
Female,Loyal Customer,17,Personal Travel,Eco Plus,289,3,5,3,3,4,3,4,4,5,3,4,3,4,3.69,9,3,FALSE
Male,Loyal Customer,47,Business Travel,Business,395,5,5,5,5,3,5,5,5,5,5,5,4,4,4.69,69,52,TRUE
Male,Loyal Customer,55,Personal Travel,Eco,1475,3,5,3,2,4,3,4,4,3,5,3,3,4,3.54,0,0,FALSE
Female,Loyal Customer,60,Business Travel,Business,125,4,1,4,4,3,5,4,4,4,4,4,4,5,3.85,0,2,TRUE
Male,Loyal Customer,42,Business Travel,Business,3227,3,3,1,3,3,4,4,4,4,4,4,3,5,3.46,0,0,TRUE
Male,Loyal Customer,39,Business Travel,Business,776,1,1,1,1,4,5,4,4,4,4,4,5,5,3.31,0,0,TRUE
Male,Loyal Customer,21,Business Travel,Business,1660,3,2,2,2,3,3,3,3,4,3,4,4,3,3,0,0,FALSE
Female,Loyal Customer,25,Business Travel,Business,1363,1,5,3,5,1,1,1,1,3,4,3,2,1,2.38,39,44,FALSE
Female,Loyal Customer,42,Business Travel,Business,577,1,1,1,1,3,4,5,5,5,5,5,5,3,3.38,0,0,TRUE
Male,Loyal Customer,43,Business Travel,Business,3054,2,2,2,2,3,1,3,5,5,5,4,2,4,3.08,0,7,TRUE
Female,Loyal Customer,51,Business Travel,Business,1167,4,4,3,4,5,5,5,5,5,5,5,5,5,4.62,12,0,TRUE
Female,Disloyal Customer,21,Business Travel,Business,296,4,2,4,2,1,4,1,1,5,3,5,3,1,2.77,0,0,TRUE
Female,Loyal Customer,57,Personal Travel,Eco Plus,337,2,5,2,4,5,4,4,2,2,2,2,3,4,3.15,0,0,FALSE
Male,Loyal Customer,9,Personal Travel,Business,109,4,5,4,2,5,4,5,5,3,4,5,4,5,4.23,7,4,FALSE
Male,Loyal Customer,53,Personal Travel,Eco,679,4,4,4,1,4,4,4,4,4,3,5,4,4,3.77,72,74,TRUE
Female,Loyal Customer,69,Personal Travel,Eco Plus,429,3,3,3,4,2,2,4,5,5,3,5,3,3,3.46,0,0,FALSE
Male,Loyal Customer,25,Personal Travel,Eco,235,3,4,0,3,4,0,4,4,4,4,5,5,4,3.38,0,0,FALSE
Female,Loyal Customer,50,Business Travel,Eco,451,4,1,1,1,1,4,3,4,4,4,4,3,2,2.77,23,11,FALSE
Female,Loyal Customer,46,Business Travel,Business,2350,4,4,4,4,1,3,4,4,4,4,4,2,3,3.46,0,0,FALSE
Male,Loyal Customer,37,Business Travel,Eco,1237,5,1,1,1,5,5,5,5,3,1,5,1,5,3.31,0,0,TRUE
Male,Loyal Customer,64,Personal Travel,Eco,317,2,2,2,4,4,2,5,4,1,3,4,3,4,3.08,0,0,FALSE
Male,Loyal Customer,40,Business Travel,Eco Plus,125,5,5,5,5,5,5,5,5,5,5,2,3,5,4.62,0,0,TRUE
Male,Loyal Customer,34,Business Travel,Business,3890,5,5,5,5,5,3,2,5,5,5,5,4,1,4.23,5,33,TRUE
Male,Loyal Customer,15,Personal Travel,Eco,192,1,4,1,4,1,1,1,1,3,4,5,4,1,2.38,0,3,FALSE
Female,Loyal Customer,11,Personal Travel,Eco,337,2,5,2,5,4,2,4,4,3,4,4,3,4,3.54,35,24,FALSE
Female,Loyal Customer,44,Business Travel,Business,1621,2,4,4,4,4,4,4,2,2,2,2,2,1,2.85,0,5,FALSE
Male,Loyal Customer,61,Personal Travel,Eco,1635,1,1,1,2,5,1,3,5,2,1,1,3,5,2.38,0,7,FALSE
Female,Loyal Customer,61,Personal Travel,Business,980,2,3,1,1,1,3,2,1,1,1,3,3,5,2.08,0,0,FALSE
Male,Loyal Customer,31,Personal Travel,Eco,980,4,5,4,3,4,4,4,4,5,3,5,3,4,4,0,0,FALSE
Male,Loyal Customer,50,Business Travel,Eco,109,4,3,3,3,5,4,5,5,4,5,2,3,5,3.92,0,0,TRUE
Male,Disloyal Customer,34,Business Travel,Eco,721,3,3,3,4,4,3,4,4,2,2,4,3,4,3.31,0,6,FALSE
Female,Loyal Customer,40,Personal Travel,Eco,95,5,3,0,4,1,0,1,1,5,2,3,2,1,2.15,0,0,TRUE
Female,Loyal Customer,12,Personal Travel,Eco,1892,2,3,2,2,1,2,1,1,3,1,2,3,1,1.85,0,0,FALSE
Male,Loyal Customer,26,Business Travel,Business,2586,4,4,4,4,5,5,5,5,4,5,4,5,5,4.54,35,9,TRUE
Male,Loyal Customer,8,Business Travel,Eco Plus,770,2,1,1,1,2,2,2,2,3,1,3,2,2,1.85,103,120,FALSE
Female,Loyal Customer,13,Personal Travel,Eco,532,1,5,1,4,1,1,1,1,5,4,4,3,1,2.46,0,7,FALSE
Male,Disloyal Customer,49,Personal Travel,Eco,2486,0,2,1,4,2,1,3,2,1,1,4,4,2,2.08,0,0,TRUE
Female,Disloyal Customer,26,Business Travel,Business,1012,3,2,2,4,3,2,1,3,4,3,4,3,3,2.85,0,0,FALSE
Female,Loyal Customer,12,Personal Travel,Eco Plus,354,1,5,1,2,3,1,3,3,4,2,4,3,3,2.69,0,0,FALSE
Female,Loyal Customer,49,Personal Travel,Eco,641,2,4,2,2,2,5,5,3,3,2,3,3,4,3.08,0,0,FALSE
Female,Loyal Customer,41,Business Travel,Business,371,5,5,5,5,5,5,5,5,5,4,5,3,4,4.69,0,0,TRUE
Male,Loyal Customer,47,Business Travel,Eco,429,5,2,2,2,5,5,5,5,3,4,2,3,5,3.69,0,0,TRUE
Male,Loyal Customer,47,Business Travel,Eco Plus,190,2,4,4,4,2,2,2,4,4,3,2,2,2,2.85,414,410,TRUE
Male,Loyal Customer,26,Business Travel,Business,3484,2,2,2,2,5,5,5,5,3,5,4,4,5,3.77,0,0,TRUE
Male,Loyal Customer,57,Business Travel,Business,3482,5,5,2,5,3,4,4,4,4,4,5,4,5,4.15,21,12,TRUE
Male,Disloyal Customer,40,Business Travel,Business,448,3,3,3,5,4,3,5,4,3,2,4,4,4,3.62,14,7,FALSE
Female,Loyal Customer,49,Personal Travel,Eco,86,2,2,2,3,5,3,4,2,2,2,2,3,4,2.77,0,0,FALSE
Female,Loyal Customer,68,Business Travel,Business,352,3,5,5,5,3,3,3,3,3,3,3,4,2,3.46,0,0,FALSE
Female,Loyal Customer,39,Personal Travel,Eco,689,2,4,3,5,3,3,3,3,5,5,5,3,3,3.62,3,0,FALSE
Female,Loyal Customer,29,Business Travel,Eco,222,0,1,1,3,1,1,1,1,3,5,3,1,1,1.69,0,0,TRUE
Male,Loyal Customer,53,Business Travel,Eco,233,3,3,3,3,3,3,3,3,2,1,3,2,3,2.69,40,44,FALSE
Male,Loyal Customer,27,Personal Travel,Eco,366,2,4,2,4,1,2,1,1,1,2,1,4,1,2,0,0,FALSE
Female,Loyal Customer,31,Personal Travel,Eco,1558,4,5,4,5,3,4,3,3,4,4,5,3,3,3.85,0,14,TRUE
Female,Loyal Customer,34,Personal Travel,Eco,583,4,4,4,3,4,4,4,4,4,3,5,5,4,4,6,13,FALSE
Female,Disloyal Customer,38,Business Travel,Business,223,4,4,4,3,2,4,2,2,3,5,4,3,2,3.23,0,0,FALSE
Female,Loyal Customer,52,Business Travel,Business,927,5,5,5,5,2,5,5,4,4,4,4,5,5,4.46,5,0,TRUE
Female,Loyal Customer,40,Personal Travel,Eco,584,2,4,2,4,4,2,2,4,2,3,4,4,4,3.15,5,0,FALSE
Male,Loyal Customer,56,Business Travel,Business,2418,1,1,1,1,2,5,4,4,4,4,4,3,5,3,14,5,TRUE
Male,Loyal Customer,38,Business Travel,Business,1728,1,1,1,1,3,3,5,5,5,5,5,4,4,3.31,2,0,TRUE
Female,Loyal Customer,14,Personal Travel,Eco,869,3,1,3,2,2,3,2,2,1,3,2,4,2,2.31,79,78,FALSE
Male,Loyal Customer,62,Personal Travel,Eco,1635,3,5,3,1,5,3,5,5,5,5,3,4,5,4,3,0,FALSE
Male,Loyal Customer,52,Personal Travel,Eco,780,2,4,2,5,3,2,3,3,1,1,3,5,3,2.85,15,22,FALSE
Female,Loyal Customer,39,Business Travel,Business,1952,4,4,4,4,2,5,4,4,4,4,4,5,4,4,0,0,TRUE
Female,Loyal Customer,41,Business Travel,Business,3556,1,1,1,1,5,5,5,5,5,5,5,4,3,3.54,19,17,TRUE
Female,Loyal Customer,49,Personal Travel,Eco Plus,563,2,1,2,3,4,3,4,1,1,2,1,4,2,2.31,6,0,FALSE
Male,Loyal Customer,58,Personal Travel,Eco,833,2,5,2,4,2,2,2,2,5,4,4,3,2,3,119,,FALSE
Female,Loyal Customer,58,Personal Travel,Eco,510,4,1,4,2,5,3,2,2,2,4,2,4,1,2.77,12,14,FALSE
Female,Loyal Customer,36,Business Travel,Eco,519,1,5,5,5,1,1,1,1,2,4,1,3,1,2.38,104,97,FALSE
Male,Disloyal Customer,25,Business Travel,Eco,241,3,2,3,3,2,3,2,2,2,2,3,1,2,2.31,0,0,FALSE
Female,Disloyal Customer,26,Business Travel,Business,926,4,0,3,3,2,3,2,2,4,3,4,5,2,2.85,8,3,FALSE
Female,Loyal Customer,33,Personal Travel,Eco,773,4,5,4,4,2,4,2,2,3,4,4,5,2,3.46,0,0,FALSE
Female,Loyal Customer,19,Business Travel,Business,2756,2,5,5,5,2,2,2,2,3,3,4,3,2,3.08,12,19,FALSE
Female,Loyal Customer,44,Business Travel,Business,1608,2,2,2,2,5,5,5,4,4,4,4,4,4,3.62,2,0,TRUE
Female,Loyal Customer,62,Personal Travel,Eco Plus,409,3,4,3,5,3,3,3,5,2,5,5,3,3,3.62,178,172,FALSE
Male,Loyal Customer,52,Personal Travel,Eco,175,2,4,2,5,3,2,3,3,3,4,5,3,3,3.23,4,0,FALSE
Male,Loyal Customer,40,Business Travel,Business,2422,4,2,2,2,5,2,4,4,4,3,4,1,2,3,11,3,FALSE
Female,Loyal Customer,40,Business Travel,Business,2724,1,1,1,1,3,5,5,4,4,4,4,4,5,3.23,17,10,TRUE
Female,Loyal Customer,33,Business Travel,Business,2747,1,4,1,1,4,4,5,2,2,2,2,4,5,2.85,0,0,TRUE
Female,Disloyal Customer,48,Business Travel,Eco,237,1,3,1,3,2,1,2,2,2,1,4,2,2,2,24,20,FALSE
Male,Loyal Customer,65,Personal Travel,Eco,544,2,2,2,3,2,2,2,2,3,4,3,2,2,2.38,10,0,FALSE
Female,Loyal Customer,25,Business Travel,Eco Plus,277,5,3,2,2,5,5,5,5,4,1,4,1,5,3.62,0,0,TRUE
Female,Loyal Customer,15,Personal Travel,Eco,2253,3,4,3,5,3,3,3,3,5,2,5,5,3,3.62,72,57,FALSE
Female,Loyal Customer,41,Business Travel,Business,3257,5,5,2,5,5,4,4,3,3,3,3,5,4,3.92,15,22,TRUE
Male,Loyal Customer,55,Business Travel,Business,189,0,5,0,1,5,5,5,4,4,4,4,4,5,3.54,14,12,TRUE
Male,Disloyal Customer,27,Business Travel,Business,912,2,2,2,1,1,2,1,1,4,4,4,4,1,2.23,0,4,FALSE
Male,Loyal Customer,44,Business Travel,Eco,345,2,2,4,2,1,2,1,1,1,1,3,1,1,1.69,56,48,FALSE
Female,Loyal Customer,17,Personal Travel,Eco,708,1,5,1,4,5,1,3,5,3,2,5,5,5,3.46,0,0,FALSE
Male,Loyal Customer,32,Business Travel,Business,3713,0,3,0,4,5,4,4,5,4,1,4,3,5,3.23,0,0,TRUE
Female,Loyal Customer,61,Business Travel,Business,3093,3,1,1,1,4,4,4,3,3,3,3,4,4,2.92,0,0,FALSE
Female,Loyal Customer,55,Personal Travel,Eco,429,2,5,2,1,2,4,4,4,4,2,2,4,4,3.08,0,6,FALSE
Male,Loyal Customer,44,Business Travel,Business,2738,4,4,3,4,5,5,4,4,4,4,4,3,5,4.08,0,0,TRUE
Male,Loyal Customer,35,Business Travel,Business,2330,5,5,5,5,2,3,5,5,5,5,5,4,3,4.38,0,0,TRUE
Male,Loyal Customer,42,Business Travel,Business,1426,4,4,4,4,4,5,5,4,4,4,4,5,4,4.23,0,0,TRUE
Male,Loyal Customer,66,Business Travel,Business,3705,4,2,4,2,4,2,3,4,4,4,4,4,2,3.31,12,8,FALSE
Male,Loyal Customer,38,Business Travel,Business,1124,2,2,5,2,2,5,4,4,4,4,4,3,3,3.38,10,14,TRUE
Female,Loyal Customer,50,Business Travel,Eco,541,5,3,5,5,2,5,4,5,5,5,5,4,4,4.38,1,0,TRUE
Female,Loyal Customer,70,Personal Travel,Eco,67,5,4,5,1,3,5,4,1,1,5,1,4,5,3.38,0,0,TRUE
Female,Loyal Customer,47,Business Travel,Business,516,5,4,5,5,2,4,4,5,5,5,5,5,3,4.38,17,9,TRUE
Male,Loyal Customer,8,Personal Travel,Eco,821,2,1,2,4,1,2,1,1,2,5,4,4,1,2.31,18,13,FALSE
Female,Loyal Customer,48,Business Travel,Eco,224,3,2,2,2,3,3,2,3,3,3,3,4,1,2.62,87,84,FALSE
Male,Loyal Customer,20,Business Travel,Business,1850,4,3,4,4,4,4,4,4,3,3,4,3,4,3.69,4,11,TRUE
Female,Loyal Customer,38,Business Travel,Business,3806,5,5,5,5,3,4,4,4,4,4,4,4,3,4.15,8,0,TRUE
Male,Loyal Customer,42,Personal Travel,Eco,2282,1,3,1,4,5,1,5,5,4,5,4,3,5,3.54,0,0,FALSE
Female,Loyal Customer,39,Business Travel,Eco Plus,967,4,2,2,2,4,4,4,4,4,3,2,2,4,3.15,0,0,TRUE
Male,Loyal Customer,53,Personal Travel,Eco,404,2,3,2,3,2,2,3,2,1,2,3,4,2,2.38,88,95,FALSE
Female,Disloyal Customer,22,Business Travel,Eco,223,5,0,5,1,1,5,1,1,4,3,4,4,1,2.69,0,2,TRUE
Female,Loyal Customer,19,Personal Travel,Eco Plus,483,2,1,4,3,2,4,2,2,2,1,3,3,2,2.38,0,0,FALSE
Male,Loyal Customer,24,Business Travel,Eco,1892,2,1,1,1,2,4,2,2,1,3,4,2,2,2.08,141,135,FALSE
Male,Disloyal Customer,50,Business Travel,Eco,1217,2,2,2,3,3,2,4,3,4,3,3,4,3,2.92,107,96,FALSE
Female,Loyal Customer,35,Business Travel,Eco Plus,298,3,5,4,4,3,3,3,3,4,5,4,2,3,3.54,25,23,FALSE
Female,Loyal Customer,37,Business Travel,Business,799,2,2,2,2,5,5,4,4,4,4,4,5,4,3.62,16,0,TRUE
Female,Loyal Customer,39,Business Travel,Business,317,5,5,5,5,2,5,5,3,3,4,3,4,5,4.15,0,0,TRUE
Female,Loyal Customer,41,Business Travel,Business,221,2,2,2,2,2,5,5,4,4,4,4,3,5,3.38,0,2,TRUE
Male,Loyal Customer,57,Business Travel,Eco,602,4,2,2,2,5,4,5,5,4,5,2,3,5,3.69,0,0,FALSE
Male,Loyal Customer,38,Business Travel,Business,89,5,5,3,5,3,5,4,5,5,5,4,2,3,4.15,0,0,TRUE
Female,Loyal Customer,31,Business Travel,Business,2737,5,5,5,5,5,5,5,5,4,5,4,3,5,4.69,0,0,TRUE
Male,Loyal Customer,41,Personal Travel,Eco,372,4,0,4,1,4,4,4,4,3,4,4,5,4,3.46,0,0,FALSE
Female,Disloyal Customer,44,Business Travel,Business,223,2,2,2,1,3,2,3,3,5,4,4,5,3,3,0,13,FALSE
Male,Loyal Customer,27,Business Travel,Business,936,4,4,4,4,5,5,5,5,1,4,4,3,5,4.08,16,6,TRUE
Male,Loyal Customer,58,Business Travel,Business,1998,2,4,4,4,5,3,3,2,2,2,2,1,4,2.92,3,0,FALSE
Male,Loyal Customer,54,Business Travel,Business,1749,5,5,5,5,2,4,4,3,3,3,3,3,4,3.77,11,3,TRUE
Male,Loyal Customer,33,Business Travel,Eco,1735,2,1,4,4,2,2,2,2,2,2,3,3,2,2.38,12,0,FALSE
Male,Loyal Customer,15,Personal Travel,Business,726,3,2,3,3,1,3,1,1,2,2,4,3,1,2.23,0,0,FALSE
Female,Loyal Customer,18,Personal Travel,Eco,175,3,3,3,4,1,3,1,1,4,2,4,1,1,2.38,29,24,FALSE
Male,Loyal Customer,11,Business Travel,Business,3230,2,2,2,2,2,3,2,2,4,5,4,4,2,2.77,0,0,TRUE
Male,Loyal Customer,58,Personal Travel,Eco Plus,787,3,4,3,2,4,3,3,4,3,5,5,5,4,3.69,0,0,FALSE
Female,Loyal Customer,47,Business Travel,Business,3232,0,4,0,3,4,4,4,1,1,5,5,3,4,2.92,0,0,TRUE
Female,Loyal Customer,61,Personal Travel,Eco,950,1,4,1,4,3,4,4,5,5,1,5,5,3,3.46,0,0,FALSE
Female,Loyal Customer,40,Personal Travel,Eco,911,2,4,2,1,5,2,5,5,4,2,5,4,5,3.54,0,0,FALSE
Male,Disloyal Customer,34,Business Travel,Business,331,3,3,3,3,2,3,2,2,4,5,4,3,2,3,20,25,FALSE
Female,Disloyal Customer,24,Business Travel,Eco,1178,4,4,4,1,4,1,2,5,3,5,5,2,2,3.23,0,0,TRUE
Male,Disloyal Customer,25,Business Travel,Business,140,3,5,4,2,2,4,2,2,4,5,5,4,2,3.38,0,0,FALSE
Male,Loyal Customer,50,Business Travel,Business,436,3,3,3,3,4,4,5,4,4,4,4,3,3,3.62,68,72,TRUE
Male,Loyal Customer,23,Business Travel,Eco,462,3,5,3,5,3,3,2,3,4,3,2,2,3,3.15,0,0,FALSE
Female,Loyal Customer,52,Personal Travel,Eco,740,3,5,3,5,4,4,5,5,5,3,5,3,5,4.23,11,40,FALSE
Male,Loyal Customer,61,Business Travel,Business,2683,4,3,4,4,2,2,3,4,4,4,3,2,3,3.23,0,3,TRUE
Female,Loyal Customer,57,Business Travel,Business,1937,5,5,5,5,5,5,5,5,5,4,5,4,4,4.77,0,0,TRUE
Female,Disloyal Customer,20,Business Travel,Eco,806,3,3,3,4,5,3,5,5,4,5,4,2,5,3.92,0,0,FALSE
Female,Loyal Customer,59,Business Travel,Business,1379,3,3,4,4,4,3,4,3,3,3,3,1,2,3.08,0,0,FALSE
Male,Loyal Customer,45,Personal Travel,Eco,438,3,2,3,2,2,3,2,2,3,3,2,1,2,2.31,0,0,FALSE
Female,Loyal Customer,37,Business Travel,Business,414,4,4,4,4,5,5,4,5,5,4,5,3,5,4.38,0,0,TRUE
Female,Loyal Customer,39,Business Travel,Business,500,2,2,2,2,5,5,4,4,4,4,4,3,4,3.46,0,0,TRUE
Male,Loyal Customer,29,Business Travel,Business,1517,4,5,5,5,4,4,4,4,3,3,3,1,4,3.77,0,2,FALSE
Female,Loyal Customer,51,Business Travel,Eco,674,3,2,2,2,1,3,3,3,3,3,3,4,3,2.69,14,17,FALSE
Female,Disloyal Customer,66,Business Travel,Eco,563,3,1,4,2,2,4,2,2,3,3,3,2,2,2.54,18,0,FALSE
Female,Loyal Customer,33,Personal Travel,Eco,328,3,3,3,3,5,3,5,5,1,1,4,2,5,3.31,13,10,FALSE
Female,Loyal Customer,51,Business Travel,Eco,569,4,4,4,4,3,5,1,4,4,4,4,1,3,3.46,0,0,TRUE
Female,Disloyal Customer,24,Business Travel,Business,1080,5,0,5,1,1,5,5,1,5,3,4,5,1,3.15,2,8,TRUE
Male,Loyal Customer,43,Personal Travel,Eco,632,2,5,2,2,3,2,5,3,4,3,5,4,3,3.31,0,0,FALSE
Female,Loyal Customer,52,Business Travel,Business,239,5,5,5,5,2,5,5,4,4,4,4,3,5,4.31,0,0,TRUE
Female,Loyal Customer,40,Business Travel,Business,3051,1,1,1,1,1,4,2,4,4,4,4,2,1,2.31,31,61,TRUE
Female,Loyal Customer,53,Business Travel,Business,2049,5,5,5,5,5,5,5,5,2,5,4,5,5,4.69,137,113,TRUE
Male,Loyal Customer,40,Business Travel,Business,2011,5,5,3,5,3,4,5,3,3,4,3,5,4,4,0,4,TRUE
Male,Disloyal Customer,26,Business Travel,Eco,250,2,0,2,4,2,4,4,2,3,2,2,4,4,2.69,173,177,FALSE
Female,Loyal Customer,16,Business Travel,Business,2454,2,2,2,2,2,2,2,2,2,5,3,3,2,2.38,4,7,FALSE
Female,Loyal Customer,65,Personal Travel,Eco,365,2,5,2,2,5,5,4,5,5,2,5,4,3,3.77,1,1,FALSE
Male,Loyal Customer,40,Personal Travel,Eco,337,0,4,0,3,5,0,5,5,4,4,5,3,5,3.31,0,0,TRUE
Male,Disloyal Customer,45,Business Travel,Eco,992,2,2,2,3,3,2,3,3,2,5,3,1,3,2.62,1,19,FALSE
Female,Loyal Customer,36,Business Travel,Business,1521,3,4,2,4,3,3,3,3,3,3,3,4,4,3.23,2,22,FALSE
Male,Loyal Customer,42,Business Travel,Business,1562,2,4,4,4,2,3,4,2,2,2,2,3,2,2.77,19,6,FALSE
Female,Loyal Customer,19,Personal Travel,Eco,1747,4,1,4,4,2,4,2,2,3,1,3,4,2,2.77,0,0,TRUE
Male,Loyal Customer,36,Personal Travel,Business,605,2,2,1,3,4,3,3,3,3,1,3,1,1,2.31,1,13,FALSE
Female,Loyal Customer,61,Business Travel,Business,1521,2,1,1,1,1,2,3,2,2,2,2,3,2,1.85,0,31,FALSE
Female,Loyal Customer,25,Business Travel,Business,297,1,5,1,5,1,1,1,1,1,2,2,3,1,1.92,0,0,FALSE
Male,Loyal Customer,31,Business Travel,Business,3119,3,3,3,3,5,5,5,5,3,5,3,5,5,4.08,3,0,TRUE
Female,Loyal Customer,60,Business Travel,Business,209,0,3,0,2,4,2,5,3,3,3,3,5,5,2.92,25,18,TRUE
Female,Loyal Customer,59,Personal Travel,Eco,1046,5,5,5,3,5,4,4,5,5,5,5,4,3,4.46,10,4,TRUE
Female,Loyal Customer,28,Personal Travel,Eco,1452,2,5,2,2,4,2,4,4,2,5,4,1,4,3.15,97,93,FALSE
Male,Loyal Customer,54,Business Travel,Business,3280,1,1,1,1,1,4,5,5,5,5,5,2,1,2.85,0,3,TRUE
Female,Loyal Customer,68,Business Travel,Business,1723,1,1,1,1,3,2,4,1,1,1,1,3,3,1.77,1,0,FALSE
Male,Loyal Customer,54,Business Travel,Eco,1829,2,3,4,3,2,2,2,2,2,5,2,1,2,2.46,0,0,FALSE
Male,Loyal Customer,19,Business Travel,Business,3800,5,5,5,5,3,3,3,3,3,4,4,4,3,3.85,0,0,TRUE
Female,Loyal Customer,51,Business Travel,Business,849,2,3,3,3,1,4,3,2,2,2,2,3,1,2.38,0,0,FALSE
Female,Loyal Customer,55,Personal Travel,Eco,223,1,4,1,2,5,1,3,1,1,1,1,5,1,2.08,0,0,FALSE
Female,Loyal Customer,53,Business Travel,Business,1121,2,2,3,2,5,5,4,5,5,5,5,5,4,4,0,42,TRUE
Male,Loyal Customer,18,Personal Travel,Eco,862,3,4,3,3,5,3,5,5,4,1,3,3,5,3.62,43,36,FALSE
Male,Loyal Customer,70,Personal Travel,Eco Plus,471,5,3,5,4,4,5,4,4,4,1,3,1,4,3.62,0,0,TRUE
Female,Loyal Customer,38,Business Travel,Eco,444,5,5,5,5,5,5,5,5,3,4,4,4,5,4.62,0,0,TRUE
Male,Loyal Customer,50,Personal Travel,Eco,425,1,1,2,3,3,2,3,3,4,1,3,2,3,2.38,22,31,FALSE
Male,Loyal Customer,43,Business Travel,Business,844,2,2,2,2,5,3,4,2,2,3,2,4,4,2.85,5,0,FALSE
Male,Loyal Customer,68,Business Travel,Business,2992,5,5,5,5,5,4,4,5,5,5,5,5,5,4.85,3,0,TRUE
Male,Loyal Customer,60,Business Travel,Business,589,4,3,3,3,1,2,3,4,4,4,4,4,2,3.15,19,44,FALSE
Female,Loyal Customer,47,Business Travel,Business,2586,1,1,1,1,3,3,5,5,5,5,5,4,3,3.23,2,0,TRUE
Male,Loyal Customer,48,Business Travel,Business,463,2,2,2,2,3,4,3,2,2,2,2,4,1,2.38,2,8,FALSE
Male,Loyal Customer,32,Business Travel,Business,2111,2,1,1,1,2,2,2,2,1,2,3,4,2,1.92,0,0,FALSE
Female,Loyal Customer,11,Personal Travel,Eco Plus,427,1,0,1,4,3,1,3,3,4,2,5,5,3,2.69,0,0,FALSE
Female,Loyal Customer,36,Business Travel,Eco Plus,397,5,3,3,3,5,5,5,5,2,2,3,1,5,3.62,0,0,TRUE
Male,Loyal Customer,36,Business Travel,Business,1587,1,1,1,1,4,3,4,5,5,5,5,4,3,3.23,0,21,TRUE
Male,Loyal Customer,44,Business Travel,Business,451,2,2,2,2,3,5,5,4,4,4,4,4,5,3.54,0,0,TRUE
Male,Loyal Customer,34,Personal Travel,Eco,1671,3,5,3,4,3,3,3,3,4,1,3,5,3,3.31,22,14,FALSE
Female,Loyal Customer,54,Business Travel,Business,315,1,1,1,1,3,5,2,4,4,4,4,3,2,2.69,0,0,TRUE
Female,Disloyal Customer,21,Business Travel,Eco,327,2,0,2,3,5,2,5,5,2,5,4,2,5,3.23,26,35,FALSE
Female,Loyal Customer,51,Personal Travel,Eco,226,3,5,3,1,3,1,1,5,5,5,5,1,1,3,165,167,FALSE
Female,Loyal Customer,12,Personal Travel,Eco,1068,2,4,2,3,2,2,5,2,5,4,5,3,2,3.15,0,3,FALSE
Male,Loyal Customer,45,Business Travel,Eco,1005,5,3,5,3,5,5,5,5,2,5,2,5,5,4.23,0,24,TRUE
Female,Loyal Customer,25,Business Travel,Business,1744,5,5,5,5,4,4,4,4,4,3,4,4,4,4.23,0,0,TRUE
Female,Loyal Customer,48,Business Travel,Business,3740,2,2,5,2,2,4,5,5,5,5,4,5,4,3.85,0,9,TRUE
Male,Loyal Customer,60,Personal Travel,Eco,419,3,5,3,1,3,3,2,3,1,5,4,5,3,3.15,0,1,FALSE
Male,Loyal Customer,55,Personal Travel,Business,409,4,5,4,2,5,5,4,5,5,4,5,5,4,4.38,0,0,TRUE
Female,Disloyal Customer,8,Business Travel,Business,541,2,2,2,3,4,2,4,4,3,4,4,1,4,3,0,9,FALSE
Male,Loyal Customer,50,Business Travel,Eco,544,5,2,2,2,5,5,5,5,5,3,3,1,5,3.69,0,0,TRUE
Female,Loyal Customer,46,Business Travel,Business,2608,3,3,3,3,5,3,3,4,4,4,3,1,3,3.23,0,0,FALSE
Male,Loyal Customer,51,Business Travel,Business,3892,4,3,3,3,3,3,3,3,3,3,4,4,2,3.15,74,101,FALSE
Male,Loyal Customer,37,Business Travel,Business,1626,2,2,2,2,2,4,5,4,4,4,4,4,5,3.38,0,0,TRUE
Male,Loyal Customer,52,Personal Travel,Eco,587,4,4,4,4,5,4,5,5,4,4,3,4,5,4.23,10,0,FALSE
Male,Disloyal Customer,26,Business Travel,Eco,403,3,4,3,3,3,3,3,3,2,5,3,4,3,3.23,0,0,FALSE
Male,Loyal Customer,27,Business Travel,Business,2174,2,2,2,2,3,3,3,3,5,5,4,5,3,3.23,1,0,TRUE
Male,Loyal Customer,22,Personal Travel,Eco,1174,2,4,2,5,4,2,4,4,4,2,3,3,4,3.31,0,7,FALSE
Female,Loyal Customer,41,Business Travel,Eco,708,3,3,2,3,3,3,3,3,4,4,3,3,3,3.08,0,0,FALSE
Female,Disloyal Customer,36,Business Travel,Business,526,2,2,2,2,5,2,5,5,3,4,4,3,5,3.38,0,12,FALSE
Male,Loyal Customer,33,Business Travel,Business,493,1,1,1,1,2,2,2,2,5,5,4,4,2,2.46,0,5,TRUE
Male,Loyal Customer,29,Business Travel,Business,295,1,1,1,1,4,4,4,4,5,3,4,3,4,3,3,2,TRUE
Male,Loyal Customer,55,Business Travel,Business,621,2,2,2,2,3,4,4,5,5,5,5,3,3,3.46,23,17,TRUE
Male,Disloyal Customer,46,Business Travel,Eco,1312,3,3,3,3,4,3,4,4,4,2,5,3,4,3.46,1,0,FALSE
Female,Loyal Customer,50,Personal Travel,Eco,182,1,3,0,3,2,2,3,5,5,0,3,3,2,2.46,0,0,FALSE
Female,Loyal Customer,64,Personal Travel,Eco,867,3,5,3,2,3,2,3,1,1,3,1,3,5,2.69,0,0,FALSE
Male,Disloyal Customer,37,Business Travel,Business,345,2,2,2,5,5,2,5,5,5,4,4,3,5,3.77,0,0,FALSE
Female,Disloyal Customer,23,Business Travel,Eco,1046,4,4,4,4,3,4,3,3,1,3,5,4,3,3.46,2,0,TRUE
Male,Disloyal Customer,44,Business Travel,Business,1121,1,1,1,2,3,1,3,3,2,3,1,1,3,1.92,0,0,FALSE
Male,Disloyal Customer,36,Business Travel,Eco,611,4,1,4,3,1,4,1,1,3,5,2,3,1,2.54,0,0,FALSE
Male,Loyal Customer,37,Business Travel,Eco,166,5,1,1,1,5,5,5,5,4,3,1,4,5,3.46,0,0,TRUE
Female,Loyal Customer,52,Business Travel,Business,2218,3,3,3,3,5,4,4,3,3,4,3,4,5,3.62,0,0,TRUE
Female,Loyal Customer,29,Personal Travel,Eco Plus,482,2,5,2,3,2,2,2,2,3,1,2,5,2,2.54,0,0,FALSE
Male,Loyal Customer,33,Personal Travel,Eco Plus,1121,0,4,0,2,4,0,5,4,5,3,3,4,4,2.92,2,0,TRUE
Female,Loyal Customer,37,Business Travel,Business,372,4,4,1,4,2,5,4,5,5,5,5,5,3,4,0,0,TRUE
Male,Loyal Customer,47,Business Travel,Business,3732,1,1,1,1,3,5,5,5,5,5,5,3,5,3.46,0,3,TRUE
Male,Loyal Customer,49,Business Travel,Business,2909,2,2,2,2,5,4,4,2,2,2,2,2,2,2.54,0,0,FALSE
Male,Loyal Customer,38,Personal Travel,Eco,846,1,4,1,1,1,1,1,1,4,4,4,3,1,2.08,0,0,FALSE
Female,Loyal Customer,25,Business Travel,Eco,1384,0,4,0,1,3,0,1,3,5,4,2,5,3,2.38,51,33,TRUE
Male,Loyal Customer,60,Business Travel,Eco,368,1,1,2,1,1,1,1,1,3,4,4,2,1,1.77,0,0,FALSE
Female,Loyal Customer,62,Personal Travel,Business,399,2,4,2,3,2,5,4,1,1,2,1,3,3,2.54,0,0,FALSE
Male,Loyal Customer,42,Business Travel,Eco Plus,1065,2,1,5,1,2,2,2,2,2,5,4,2,2,2.46,45,50,FALSE
Female,Loyal Customer,46,Business Travel,Business,2995,2,2,2,2,3,4,5,5,5,5,4,5,4,3.69,18,34,TRUE
Male,Loyal Customer,66,Business Travel,Business,575,2,3,5,5,3,4,3,2,2,3,2,2,4,3.08,0,0,FALSE
Female,Loyal Customer,47,Business Travel,Business,1464,1,2,2,2,5,1,1,1,1,1,1,3,1,1.69,13,11,FALSE
Female,Loyal Customer,48,Business Travel,Business,102,3,3,3,3,5,4,4,4,4,5,4,5,3,3.85,0,0,TRUE
Female,Loyal Customer,35,Business Travel,Business,1014,3,3,3,3,1,3,3,3,3,3,3,4,1,2.77,13,11,FALSE
Female,Loyal Customer,52,Personal Travel,Eco,2311,1,5,1,3,3,4,5,2,2,1,2,1,1,2.38,0,0,FALSE
Female,Loyal Customer,49,Personal Travel,Eco,239,4,4,4,3,3,4,4,2,2,4,2,4,3,3.31,22,32,FALSE
Male,Loyal Customer,48,Business Travel,Eco Plus,725,4,4,4,4,4,4,4,4,2,2,3,3,4,3.54,0,0,TRUE
Female,Loyal Customer,11,Personal Travel,Business,341,2,3,2,3,2,2,2,2,3,1,4,1,2,2.23,3,3,FALSE
Female,Disloyal Customer,25,Business Travel,Business,813,0,0,0,1,2,0,2,2,3,3,4,4,2,1.77,0,0,TRUE
Male,Loyal Customer,46,Business Travel,Business,236,0,0,0,2,2,1,4,3,3,3,3,2,4,2.08,0,0,TRUE
Female,Loyal Customer,48,Business Travel,Business,550,3,3,3,3,4,5,5,5,5,5,5,1,4,3.92,3,0,TRUE
Female,Loyal Customer,58,Business Travel,Business,422,5,1,1,1,5,3,3,5,5,4,5,2,2,3.23,0,0,FALSE
Female,Loyal Customer,13,Personal Travel,Eco,308,0,4,0,3,4,0,4,4,2,1,2,3,4,2.38,0,0,TRUE
Male,Loyal Customer,52,Personal Travel,Eco,255,2,0,2,1,1,2,1,1,5,4,4,4,1,2.15,0,0,FALSE
Male,Loyal Customer,56,Personal Travel,Eco,2136,2,3,2,3,2,2,3,2,3,1,4,1,2,2.31,0,0,FALSE
Male,Loyal Customer,26,Business Travel,Business,430,5,5,5,5,4,5,4,4,2,2,3,2,4,3.85,0,0,TRUE
Female,Disloyal Customer,26,Business Travel,Eco,1166,3,4,4,4,5,4,5,5,1,5,4,1,5,3.85,2,33,FALSE
Male,Loyal Customer,38,Personal Travel,Eco,632,1,1,1,3,4,1,4,4,4,4,3,4,4,2.92,0,0,FALSE
Female,Loyal Customer,24,Business Travel,Business,3706,3,3,4,3,3,4,3,3,5,4,4,5,3,3.62,4,0,TRUE
Female,Loyal Customer,44,Business Travel,Business,929,4,4,4,4,4,4,5,4,4,5,4,3,3,4,1,18,TRUE
Female,Loyal Customer,60,Business Travel,Business,1598,3,3,5,3,4,5,4,4,4,4,4,5,5,4.08,0,0,TRUE
Male,Loyal Customer,45,Personal Travel,Eco,417,3,2,3,3,5,3,5,5,2,1,2,3,5,3.23,0,8,FALSE
Male,Loyal Customer,68,Business Travel,Business,2177,2,2,2,2,4,4,5,4,4,4,4,4,5,3.54,25,15,TRUE
Female,Disloyal Customer,26,Business Travel,Eco,1167,4,3,3,1,3,1,1,4,2,3,1,1,1,2.15,174,164,FALSE
Female,Disloyal Customer,34,Business Travel,Eco,473,1,2,1,4,1,1,5,1,2,1,3,3,1,2,100,96,FALSE
Female,Loyal Customer,42,Business Travel,Business,1589,4,4,4,4,3,5,4,4,4,4,4,4,4,4,0,0,TRUE
Female,Loyal Customer,42,Business Travel,Business,368,5,5,5,5,4,4,4,5,5,5,5,3,5,4.62,17,9,TRUE
Female,Loyal Customer,41,Business Travel,Business,2737,4,5,4,4,4,4,4,5,5,4,5,3,3,4.15,0,0,TRUE
Female,Loyal Customer,24,Business Travel,Business,762,4,4,1,4,5,4,5,5,4,4,4,4,5,4.08,0,0,TRUE
Male,Loyal Customer,46,Personal Travel,Eco,757,3,5,3,2,5,3,5,5,3,2,5,3,5,3.77,0,0,FALSE
Male,Loyal Customer,51,Business Travel,Business,2859,4,4,4,4,2,5,5,5,5,5,5,4,3,4.23,3,27,TRUE
Male,Loyal Customer,40,Business Travel,Business,954,3,3,3,3,4,5,4,3,3,3,3,3,3,3.31,0,0,TRUE
Male,Loyal Customer,43,Business Travel,Business,2753,1,2,2,2,2,2,2,1,1,1,1,2,4,1.77,53,38,FALSE
Male,Loyal Customer,55,Personal Travel,Eco,432,3,4,3,3,1,3,1,1,3,4,4,3,1,2.62,0,0,FALSE
Female,Loyal Customer,31,Personal Travel,Eco,931,2,4,2,2,1,2,1,1,4,4,4,4,1,2.46,0,0,FALSE
Male,Loyal Customer,38,Business Travel,Business,1639,2,2,2,2,4,4,5,3,3,4,3,3,3,3.08,11,7,TRUE
Female,Loyal Customer,32,Business Travel,Eco Plus,404,2,1,1,1,2,1,2,2,1,3,3,2,2,1.77,0,0,FALSE
Female,Loyal Customer,26,Personal Travel,Eco,199,3,4,3,1,1,3,1,1,5,5,5,3,1,2.77,15,16,FALSE
Male,Loyal Customer,24,Business Travel,Eco Plus,1452,2,3,3,3,2,3,3,2,2,1,4,1,2,2.38,18,10,FALSE
Male,Loyal Customer,49,Personal Travel,Eco,409,2,2,1,4,2,1,2,2,3,4,4,4,2,2.54,0,0,FALSE
Female,Loyal Customer,53,Personal Travel,Eco,321,4,5,3,4,5,1,5,2,2,3,2,4,4,3.38,0,0,FALSE
Female,Loyal Customer,47,Business Travel,Business,1865,3,3,3,3,2,5,5,5,5,5,5,3,4,3.92,0,0,TRUE
Female,Loyal Customer,41,Personal Travel,Business,594,3,5,3,1,5,5,4,3,3,3,3,3,3,3.38,0,0,FALSE
Female,Loyal Customer,35,Business Travel,Eco,763,5,3,3,3,5,5,5,5,2,2,2,1,5,3.54,59,66,TRUE
Female,Loyal Customer,46,Business Travel,Eco,471,3,4,4,4,4,3,4,3,3,3,3,2,4,3.38,38,30,FALSE
Male,Loyal Customer,73,Business Travel,Business,3532,3,1,1,1,4,3,4,3,3,3,3,1,2,2.46,0,0,FALSE
Male,Loyal Customer,47,Business Travel,Business,669,5,5,2,5,3,4,5,4,4,4,4,4,4,4.08,0,0,TRUE
Female,Loyal Customer,37,Personal Travel,Eco Plus,821,4,5,3,3,5,3,4,5,3,4,1,2,5,3.62,0,15,FALSE
Male,Loyal Customer,29,Personal Travel,Eco,793,2,5,2,3,3,2,4,3,3,5,5,5,3,3.46,7,8,FALSE
Female,Loyal Customer,67,Personal Travel,Business,390,3,4,3,3,4,3,4,4,4,3,4,2,3,3.38,0,0,FALSE
Female,Disloyal Customer,25,Business Travel,Business,408,5,3,4,5,1,4,4,1,5,2,5,3,1,3.31,0,0,TRUE
Female,Loyal Customer,32,Business Travel,Eco,204,2,2,2,2,2,2,2,2,4,2,4,3,2,2.38,0,0,FALSE
Male,Disloyal Customer,28,Business Travel,Business,1205,0,0,0,1,5,0,5,5,3,3,4,3,5,2.62,49,41,TRUE
Female,Loyal Customer,37,Business Travel,Business,2475,4,4,4,4,3,4,4,4,4,4,4,4,5,4,17,0,TRUE
Male,Loyal Customer,24,Business Travel,Business,2745,1,1,1,1,5,5,5,5,3,3,2,1,5,2.92,39,38,TRUE
Female,Loyal Customer,58,Business Travel,Business,3155,2,2,2,2,4,5,5,5,5,5,5,4,4,3.85,0,0,TRUE
Female,Loyal Customer,28,Business Travel,Business,3306,5,5,5,5,5,5,5,5,5,3,4,5,5,4.77,13,5,TRUE
Male,Loyal Customer,65,Personal Travel,Eco,209,3,4,3,2,1,3,1,1,1,5,3,2,1,2.31,12,15,FALSE
Female,Loyal Customer,64,Personal Travel,Eco Plus,844,3,4,3,3,3,5,4,4,4,3,4,3,5,3.69,17,10,FALSE
Male,Loyal Customer,42,Business Travel,Business,404,4,4,4,4,2,4,4,5,5,5,5,4,3,4.08,79,79,TRUE
Female,Disloyal Customer,23,Business Travel,Eco,639,3,0,3,1,1,3,1,1,4,1,3,2,1,1.85,4,10,FALSE
Male,Loyal Customer,33,Business Travel,Business,3605,5,1,5,5,3,3,3,3,3,4,1,2,3,3.15,0,6,TRUE
Male,Loyal Customer,37,Business Travel,Business,967,2,5,5,5,4,2,2,2,2,2,2,3,3,3,42,37,FALSE
Female,Loyal Customer,45,Personal Travel,Eco,192,2,5,2,3,4,5,4,3,3,2,3,3,3,3.23,99,104,FALSE
Female,Loyal Customer,37,Personal Travel,Eco,1608,4,1,4,4,5,4,5,5,4,2,3,2,5,3.69,5,24,FALSE
Male,Loyal Customer,46,Business Travel,Business,2105,3,3,3,3,2,4,4,3,3,2,3,3,4,3.08,0,6,TRUE
Male,Loyal Customer,18,Personal Travel,Eco,1999,3,5,3,4,2,3,2,2,4,2,5,3,2,3.08,0,0,FALSE
Female,Loyal Customer,45,Business Travel,Business,3826,3,1,1,1,1,3,4,3,3,3,3,3,3,2.46,39,24,FALSE
Female,Loyal Customer,35,Personal Travel,Eco,368,3,1,2,3,2,2,2,2,4,2,2,3,2,2.31,111,117,FALSE
Male,Loyal Customer,29,Business Travel,Business,2507,2,1,1,1,2,2,2,2,2,2,2,1,2,1.69,0,0,FALSE
Male,Loyal Customer,50,Business Travel,Business,1521,3,3,3,3,2,4,4,4,4,5,4,3,5,3.62,35,42,TRUE
Male,Loyal Customer,67,Personal Travel,Eco,838,3,5,3,5,2,3,2,2,4,2,5,5,2,3.31,0,5,FALSE
Female,Loyal Customer,8,Personal Travel,Business,651,3,3,3,3,1,3,1,1,3,3,5,2,1,2.46,0,7,FALSE
Female,Loyal Customer,51,Business Travel,Business,3542,4,4,4,4,3,4,5,3,3,3,3,4,4,3.69,7,5,TRUE
Female,Disloyal Customer,26,Business Travel,Business,610,1,0,1,4,3,1,3,3,5,3,5,4,3,2.77,0,0,FALSE
Female,Loyal Customer,14,Personal Travel,Business,315,3,4,3,3,5,3,1,5,3,5,4,5,5,3.77,11,7,FALSE
Female,Loyal Customer,22,Personal Travel,Business,3302,3,3,3,3,3,3,3,3,1,4,3,3,3,2.92,1,0,FALSE
Male,Loyal Customer,70,Personal Travel,Eco,819,3,0,3,3,4,3,1,4,3,4,5,4,4,3.15,2,0,FALSE
Male,Loyal Customer,69,Business Travel,Business,163,0,5,0,3,5,3,4,5,5,5,5,4,4,3.69,47,57,TRUE
Female,Disloyal Customer,49,Business Travel,Eco,907,4,4,4,3,4,4,4,4,4,1,3,1,4,3.38,15,0,FALSE
Male,Loyal Customer,39,Business Travel,Business,226,1,1,1,1,4,4,4,4,4,4,4,3,3,2.92,0,0,TRUE
Female,Disloyal Customer,26,Business Travel,Eco,551,3,4,3,5,2,3,2,2,4,1,2,5,2,2.92,0,0,FALSE
Male,Loyal Customer,37,Business Travel,Business,2640,2,4,4,4,3,1,2,2,2,2,2,2,1,2.38,5,0,FALSE
Female,Loyal Customer,20,Personal Travel,Eco Plus,255,1,5,1,1,2,1,2,2,4,1,1,4,2,2.08,0,3,FALSE
Male,Loyal Customer,27,Business Travel,Business,576,2,2,2,2,5,5,5,5,2,4,5,1,5,3.46,14,32,TRUE
Male,Disloyal Customer,33,Business Travel,Business,362,1,1,1,3,2,1,3,2,3,4,3,1,2,2.08,82,86,FALSE
Male,Loyal Customer,52,Business Travel,Business,277,4,4,4,4,3,4,4,4,4,4,4,2,4,3.77,0,0,FALSE
Female,Loyal Customer,24,Personal Travel,Business,515,1,2,2,4,1,2,1,1,2,4,4,3,1,2.15,69,57,FALSE
Male,Loyal Customer,32,Business Travel,Business,1620,1,1,1,1,4,5,4,4,5,2,3,3,4,2.92,0,0,TRUE
Female,Loyal Customer,50,Business Travel,Eco,589,1,2,2,2,5,3,4,1,1,1,1,4,4,2.38,0,0,FALSE
Male,Loyal Customer,28,Business Travel,Eco,780,4,1,1,1,4,4,4,4,5,1,5,1,4,3,0,0,TRUE
Male,Loyal Customer,54,Business Travel,Eco,343,1,4,4,4,1,1,1,1,1,5,3,4,1,2.38,78,70,FALSE
Female,Loyal Customer,44,Business Travel,Business,937,5,5,5,5,4,4,4,5,5,5,5,5,3,4.62,0,13,TRUE
Male,Loyal Customer,66,Personal Travel,Eco,997,1,3,1,2,3,1,5,3,2,4,3,3,3,2.62,7,0,FALSE
Female,Disloyal Customer,25,Business Travel,Eco,722,3,3,3,4,2,3,2,2,1,5,4,1,2,2.69,31,18,FALSE
Male,Loyal Customer,38,Business Travel,Eco,1104,4,5,5,5,4,4,4,4,5,5,3,3,4,4.23,4,2,TRUE
Male,Loyal Customer,20,Personal Travel,Eco,479,3,2,3,3,4,3,4,4,4,2,2,4,4,3.23,18,10,FALSE
Male,Loyal Customer,32,Business Travel,Business,125,0,4,0,4,1,1,1,1,1,3,3,1,1,1.62,0,0,TRUE
Female,Disloyal Customer,40,Business Travel,Business,695,4,4,4,3,2,4,1,2,1,4,5,5,2,3.15,0,4,FALSE
Female,Loyal Customer,45,Business Travel,Business,469,2,1,1,1,1,4,3,2,2,2,2,3,1,1.92,0,0,FALSE
Female,Loyal Customer,43,Business Travel,Business,1055,2,2,2,2,4,4,4,3,3,3,3,5,4,3.15,2,0,TRUE
Male,Loyal Customer,45,Business Travel,Eco,447,5,2,2,2,5,3,3,3,2,4,3,3,3,3.08,559,555,TRUE
Female,Loyal Customer,27,Personal Travel,Business,495,2,4,2,4,5,2,5,5,2,4,4,2,5,3.54,3,6,FALSE
Female,Loyal Customer,28,Business Travel,Business,1053,1,2,2,2,1,1,1,1,4,2,3,1,1,1.69,0,0,FALSE
Male,Loyal Customer,38,Business Travel,Business,666,2,2,2,2,3,5,4,4,4,4,4,4,4,3.38,83,81,TRUE
Female,Disloyal Customer,37,Business Travel,Business,1846,1,1,1,4,4,1,2,4,5,5,5,4,4,3.15,0,16,FALSE
Male,Disloyal Customer,45,Business Travel,Eco,115,2,5,2,1,4,2,4,4,3,2,5,2,4,3.08,0,0,FALSE
Female,Disloyal Customer,21,Business Travel,Eco,838,3,3,3,3,5,3,5,5,3,3,5,5,5,3.92,0,0,FALSE
Female,Loyal Customer,65,Business Travel,Eco,386,4,4,4,4,3,1,1,4,4,4,4,2,2,3.15,55,22,TRUE
Male,Loyal Customer,45,Business Travel,Business,334,1,1,1,1,5,5,5,5,5,5,5,4,5,3.69,0,2,TRUE
Female,Loyal Customer,23,Business Travel,Business,964,2,2,2,2,5,5,5,5,2,2,1,3,5,3.15,12,10,TRUE
Female,Loyal Customer,43,Business Travel,Business,867,4,4,4,4,4,5,5,5,5,5,5,5,4,4.54,7,6,TRUE
Female,Loyal Customer,55,Business Travel,Business,3021,5,5,5,5,4,4,4,4,4,4,4,5,4,4.38,15,0,TRUE
Female,Loyal Customer,30,Business Travel,Business,1046,1,1,1,1,3,3,3,3,5,2,5,5,3,2.77,3,0,TRUE
Female,Loyal Customer,45,Business Travel,Business,2539,3,3,3,3,2,5,4,5,5,5,5,3,4,3.85,0,4,TRUE
Male,Loyal Customer,26,Personal Travel,Eco,3784,2,5,2,1,2,2,2,5,3,4,5,2,2,2.85,75,84,FALSE
Female,Disloyal Customer,23,Business Travel,Eco,173,3,0,3,1,4,3,4,4,3,2,5,3,4,3,16,13,FALSE
Male,Disloyal Customer,49,Business Travel,Eco,240,3,4,3,1,3,3,1,3,3,1,1,4,3,2.54,0,0,FALSE
Male,Loyal Customer,16,Business Travel,Business,1900,1,1,1,1,5,4,5,5,4,3,5,5,5,3.46,0,1,TRUE
Female,Loyal Customer,37,Personal Travel,Eco,632,1,4,2,1,1,2,1,1,4,2,4,5,1,2.23,0,0,FALSE
Female,Loyal Customer,24,Business Travel,Business,978,3,1,2,1,3,3,3,3,1,1,3,4,3,2.38,22,17,FALSE
Female,Loyal Customer,54,Personal Travel,Eco,404,3,4,3,2,5,4,4,5,5,3,5,4,5,4,20,15,FALSE
Male,Loyal Customer,62,Personal Travel,Eco,641,3,5,3,3,3,3,3,3,4,4,4,3,3,3.38,2,5,FALSE
Female,Loyal Customer,52,Personal Travel,Eco,602,4,1,4,2,3,2,3,1,1,4,1,3,1,2.31,26,25,FALSE
Male,Disloyal Customer,24,Business Travel,Business,351,5,0,5,1,2,5,2,2,5,2,5,3,2,3,0,0,TRUE
Female,Loyal Customer,28,Personal Travel,Eco,595,1,4,1,2,5,1,1,5,2,2,2,5,5,2.77,0,9,FALSE
Female,Loyal Customer,60,Personal Travel,Eco,1121,3,5,3,4,5,4,5,2,2,3,2,5,3,3.54,0,0,FALSE
Male,Loyal Customer,40,Business Travel,Business,2300,1,1,1,1,4,5,5,4,4,4,4,5,4,3.31,0,0,TRUE
Male,Loyal Customer,52,Personal Travel,Eco,239,1,4,1,3,1,1,1,1,1,5,4,3,1,2.08,0,6,FALSE
Female,Loyal Customer,58,Business Travel,Business,413,1,1,1,1,3,4,5,4,4,4,4,3,5,3.08,0,0,TRUE
Male,Loyal Customer,43,Business Travel,Business,2907,1,1,1,1,3,5,5,4,4,4,4,5,3,3.15,0,0,TRUE
Female,Loyal Customer,38,Business Travel,Eco Plus,1947,2,1,1,1,2,2,2,2,3,1,1,1,2,1.62,0,0,FALSE
Female,Loyal Customer,45,Personal Travel,Eco,1390,1,5,1,4,5,3,5,5,5,1,5,4,4,3.69,23,13,FALSE
Female,Disloyal Customer,25,Business Travel,Eco,195,3,4,3,3,3,4,4,3,1,3,4,4,4,3.31,382,392,FALSE
Female,Loyal Customer,35,Business Travel,Business,309,2,2,2,2,3,4,4,5,5,4,5,5,3,3.54,0,0,TRUE
Male,Loyal Customer,40,Business Travel,Business,821,3,3,3,3,2,5,5,2,2,2,2,3,4,3,3,0,TRUE
Female,Loyal Customer,26,Business Travel,Business,1136,1,1,1,1,4,4,4,4,4,2,5,4,4,3,3,16,TRUE
Female,Loyal Customer,37,Business Travel,Business,483,2,2,1,2,3,4,5,2,2,2,2,5,3,2.69,17,5,TRUE
Male,Loyal Customer,35,Business Travel,Business,1464,3,3,3,3,2,5,5,4,4,4,4,4,3,3.62,4,0,TRUE
Male,Loyal Customer,32,Business Travel,Business,2262,2,2,2,2,4,4,4,4,2,4,5,1,4,3.08,42,33,TRUE
Male,Disloyal Customer,49,Business Travel,Eco,200,3,0,3,5,5,3,5,5,2,5,2,1,5,3.38,0,0,FALSE
Female,Disloyal Customer,24,Business Travel,Eco,403,3,1,3,3,4,3,4,4,2,2,4,4,4,3.15,23,36,FALSE
Male,Loyal Customer,58,Personal Travel,Eco,147,2,4,2,1,5,2,5,5,5,3,4,3,5,3.54,13,16,FALSE
Male,Loyal Customer,15,Personal Travel,Eco,253,1,5,1,3,3,1,3,3,1,4,2,3,3,2.54,0,0,FALSE
Male,Loyal Customer,41,Business Travel,Business,1990,3,3,3,3,3,3,4,5,5,5,5,5,5,4,0,0,TRUE
Male,Loyal Customer,35,Business Travel,Business,3259,1,5,1,1,3,5,1,4,4,4,4,4,5,3.23,0,0,TRUE
Male,Loyal Customer,32,Business Travel,Business,265,2,2,3,2,5,5,5,5,5,3,4,1,5,3.62,0,0,TRUE
Male,Disloyal Customer,22,Business Travel,Eco,262,2,2,2,3,3,2,4,3,1,2,3,3,3,2.54,0,0,FALSE
Female,Loyal Customer,39,Personal Travel,Eco,2402,2,2,2,3,2,2,5,2,3,3,3,4,2,2.69,0,0,FALSE
Female,Loyal Customer,58,Business Travel,Business,2585,3,3,2,3,3,3,4,5,5,5,5,3,4,3.69,10,0,TRUE
Male,Loyal Customer,36,Business Travel,Business,321,3,2,2,2,4,4,3,3,3,3,3,4,2,2.92,54,29,FALSE
Male,Loyal Customer,50,Personal Travel,Eco,967,4,1,4,3,4,4,4,4,3,1,4,4,4,3.38,4,0,FALSE
Female,Loyal Customer,39,Business Travel,Business,3084,2,2,2,2,1,4,3,3,3,5,3,1,4,2.69,44,42,TRUE
Male,Loyal Customer,25,Business Travel,Business,463,1,1,1,1,3,4,3,3,1,2,3,1,3,2.08,0,0,TRUE
Male,Disloyal Customer,25,Business Travel,Eco,902,3,3,3,3,4,3,4,4,2,1,3,2,4,3,0,0,FALSE
Female,Loyal Customer,31,Personal Travel,Eco,2447,3,4,3,1,4,3,4,4,4,3,4,3,4,3.38,0,0,FALSE
Female,Disloyal Customer,48,Business Travel,Business,226,3,2,2,3,5,3,5,5,5,3,4,5,5,3.85,19,5,FALSE
Female,Loyal Customer,33,Business Travel,Business,362,4,4,4,4,3,5,4,3,3,3,3,4,3,3.62,0,0,TRUE
Female,Loyal Customer,30,Business Travel,Business,2366,1,1,3,1,5,5,5,5,5,5,5,5,5,3.92,0,0,TRUE
Male,Disloyal Customer,26,Business Travel,Business,541,3,3,3,4,1,3,1,1,3,4,4,4,1,2.69,0,0,FALSE
Female,Loyal Customer,58,Business Travel,Business,679,3,3,5,3,5,5,4,5,5,4,5,3,3,4.08,0,0,TRUE
Male,Loyal Customer,17,Personal Travel,Eco,1671,4,2,3,4,2,3,2,2,1,3,4,4,2,2.77,6,0,FALSE
Female,Loyal Customer,47,Business Travel,Business,591,3,3,4,3,3,5,5,4,4,4,4,3,3,3.69,0,0,TRUE
Female,Loyal Customer,47,Business Travel,Business,277,3,3,3,3,4,4,4,4,4,5,5,4,4,3.85,157,143,TRUE
Female,Loyal Customer,43,Personal Travel,Eco,550,4,2,3,4,5,3,3,1,1,3,1,1,3,2.62,0,0,FALSE
Female,Loyal Customer,26,Business Travel,Eco Plus,1197,2,5,5,5,2,1,1,2,3,4,3,3,2,2.92,0,4,FALSE
Female,Loyal Customer,17,Business Travel,Eco,957,3,5,5,5,3,3,3,3,4,3,4,3,3,3.62,0,4,FALSE
Male,Disloyal Customer,20,Business Travel,Eco,462,4,0,4,3,3,4,1,3,2,2,3,2,3,2.62,0,0,TRUE
Male,Loyal Customer,39,Business Travel,Business,1865,2,3,3,3,2,2,2,4,5,3,4,2,2,2.85,0,3,FALSE
Male,Loyal Customer,58,Business Travel,Business,1889,4,4,4,4,4,4,4,5,5,5,5,4,4,4.31,0,0,TRUE
Female,Loyal Customer,23,Personal Travel,Eco,419,3,1,3,3,2,3,2,2,1,3,3,4,2,2.46,6,0,FALSE
Male,Loyal Customer,51,Business Travel,Eco,212,3,5,5,5,3,3,3,3,1,3,3,4,3,3.38,25,25,FALSE
Male,Loyal Customer,46,Business Travel,Business,3712,2,2,2,2,4,4,3,4,4,4,5,2,1,3,22,24,TRUE
Male,Loyal Customer,55,Business Travel,Business,1390,4,4,5,4,3,5,5,2,2,2,2,3,5,3.54,5,0,TRUE
Female,Loyal Customer,38,Business Travel,Business,1756,4,4,4,4,2,4,5,4,4,4,4,5,4,4,0,0,TRUE
Female,Disloyal Customer,40,Business Travel,Business,250,3,3,3,4,1,3,1,1,1,1,3,4,1,2.23,0,0,FALSE
Female,Disloyal Customer,22,Business Travel,Business,996,4,0,4,4,2,4,2,2,2,3,4,5,2,2.92,37,31,TRUE
Female,Loyal Customer,15,Personal Travel,Eco Plus,435,5,5,5,3,3,5,3,3,5,2,5,4,3,3.92,0,0,TRUE
Female,Disloyal Customer,22,Business Travel,Eco,529,1,0,1,3,2,1,2,2,5,3,4,5,2,2.38,0,0,FALSE
Male,Loyal Customer,33,Business Travel,Business,1440,5,5,1,5,5,5,5,5,4,5,5,4,5,4.54,0,1,TRUE
Female,Loyal Customer,13,Personal Travel,Eco,453,4,5,4,2,3,4,3,3,3,5,5,5,3,3.77,3,0,FALSE
Male,Loyal Customer,47,Personal Travel,Eco Plus,594,2,1,2,3,1,2,1,1,3,1,4,4,1,2,45,46,FALSE
Female,Disloyal Customer,16,Business Travel,Eco,235,3,4,3,4,3,3,3,3,3,5,3,3,3,3.31,0,0,FALSE
Male,Loyal Customer,52,Business Travel,Business,3374,5,5,5,5,2,5,4,5,5,5,5,3,3,4.38,0,0,TRUE
Male,Loyal Customer,23,Personal Travel,Eco,1517,3,2,3,4,1,3,1,1,4,1,4,1,1,2.23,0,0,FALSE
Male,Loyal Customer,22,Personal Travel,Eco,752,2,5,2,1,1,2,1,1,5,4,4,4,1,2.54,0,0,FALSE
Female,Loyal Customer,59,Personal Travel,Business,236,4,5,4,2,3,4,5,3,3,4,3,3,3,3.54,16,22,TRUE
Female,Loyal Customer,38,Business Travel,Business,3085,2,2,2,2,5,5,5,5,5,5,5,3,5,3.92,17,27,TRUE
Female,Disloyal Customer,29,Business Travel,Business,1120,2,2,2,1,5,2,5,5,5,3,5,5,5,3.62,62,73,FALSE
Male,Loyal Customer,56,Business Travel,Business,782,3,2,4,4,1,3,3,3,3,3,3,1,4,2.85,0,17,FALSE
Female,Loyal Customer,52,Business Travel,Eco,125,1,0,0,3,1,4,3,5,5,1,5,3,3,2.62,18,13,FALSE
Male,Loyal Customer,8,Personal Travel,Eco,590,1,3,1,3,4,1,4,4,2,3,2,3,4,2.69,30,16,FALSE
Male,Loyal Customer,24,Personal Travel,Eco,728,2,4,2,4,4,2,4,4,3,3,4,2,4,3.23,9,9,FALSE
Female,Loyal Customer,12,Personal Travel,Eco,1721,1,3,2,4,5,2,5,5,1,3,4,2,5,3.23,0,4,FALSE
Female,Loyal Customer,42,Personal Travel,Eco,397,4,4,4,5,5,4,4,4,4,4,4,4,3,4.08,0,0,TRUE
Male,Loyal Customer,29,Personal Travel,Eco,666,2,5,2,1,2,2,1,2,5,3,1,1,2,2.23,0,0,FALSE
Male,Loyal Customer,72,Business Travel,Eco,1208,3,3,3,3,3,3,3,3,2,2,4,4,3,3,0,0,FALSE
Female,Disloyal Customer,26,Business Travel,Business,2556,1,1,1,3,4,1,4,4,4,4,4,4,4,3,0,0,FALSE
Female,Loyal Customer,48,Business Travel,Business,337,2,2,2,2,3,4,4,4,4,4,4,1,2,2.92,0,0,TRUE
Male,Loyal Customer,55,Business Travel,Business,1743,4,4,4,4,2,4,4,2,2,2,2,4,4,3.23,0,0,TRUE
Female,Loyal Customer,42,Business Travel,Business,1609,1,1,5,1,3,5,4,4,4,4,4,4,5,3.46,14,14,TRUE
Female,Loyal Customer,58,Business Travel,Business,3436,5,5,4,5,2,5,4,4,4,4,4,4,4,4.15,81,67,TRUE
Female,Loyal Customer,9,Personal Travel,Eco,302,2,3,2,2,5,2,5,5,2,4,3,1,5,3.15,20,29,FALSE
Male,Loyal Customer,45,Personal Travel,Eco,588,1,5,1,4,4,1,3,4,5,3,4,5,4,3.38,0,0,FALSE
Male,Loyal Customer,69,Personal Travel,Eco,451,2,4,2,1,4,2,4,4,2,4,3,3,4,3,50,34,FALSE
Male,Disloyal Customer,21,Business Travel,Eco,632,4,4,4,4,5,4,4,5,4,5,4,1,5,4.08,0,14,FALSE
Female,Loyal Customer,59,Business Travel,Business,296,1,1,3,1,4,5,4,5,5,5,5,3,4,3.54,0,0,TRUE
Male,Loyal Customer,49,Business Travel,Eco,594,3,1,1,1,3,3,3,3,1,5,5,3,3,2.69,0,0,TRUE
Male,Loyal Customer,26,Business Travel,Business,1020,3,3,3,3,4,4,4,4,3,4,5,4,4,3.69,0,0,TRUE
Male,Disloyal Customer,41,Business Travel,Business,714,4,3,3,3,5,4,5,5,4,3,4,4,5,4,10,5,TRUE
Female,Loyal Customer,42,Personal Travel,Eco,319,2,5,2,1,3,1,3,5,5,2,5,5,5,3.38,0,0,FALSE
Male,Disloyal Customer,11,Business Travel,Eco,944,3,3,3,4,2,3,2,2,3,3,4,2,2,2.77,0,2,FALSE
Male,Loyal Customer,69,Personal Travel,Business,892,3,3,4,3,4,3,4,2,2,4,2,1,4,3,31,37,FALSE
Male,Loyal Customer,59,Business Travel,Business,1892,4,4,3,4,3,4,4,5,5,5,5,3,3,4,0,0,TRUE
Female,Loyal Customer,27,Business Travel,Business,1072,3,3,3,3,3,4,3,3,3,4,5,5,3,3.46,0,0,TRUE
Male,Loyal Customer,55,Business Travel,Business,2475,5,5,5,5,4,5,5,3,3,3,3,4,3,4.08,0,2,TRUE
Male,Loyal Customer,56,Personal Travel,Eco,918,3,1,3,3,5,3,5,5,1,2,4,3,5,3.31,0,0,FALSE
Male,Loyal Customer,30,Business Travel,Business,3400,2,5,2,2,5,5,5,5,4,4,4,3,5,3.92,54,48,TRUE
Female,Disloyal Customer,64,Business Travel,Business,227,4,4,4,3,2,4,2,2,5,5,5,3,2,3.46,0,0,TRUE
Male,Loyal Customer,27,Business Travel,Eco,1237,2,1,1,1,2,2,2,2,3,1,2,4,2,1.92,17,41,FALSE
Male,Disloyal Customer,24,Business Travel,Eco,258,2,5,2,1,4,2,4,4,4,2,5,3,4,3.23,68,60,FALSE
Female,Loyal Customer,37,Business Travel,Eco,164,5,2,2,2,5,5,5,5,5,4,4,4,5,4.08,0,0,TRUE
Male,Disloyal Customer,21,Business Travel,Eco,853,3,3,3,4,2,3,3,2,5,4,1,1,2,2.77,0,0,FALSE
Male,Loyal Customer,44,Business Travel,Business,3055,1,1,2,1,2,5,5,4,4,4,4,5,5,3.31,25,22,TRUE
Male,Loyal Customer,28,Business Travel,Business,2586,2,2,2,2,5,5,5,4,2,4,4,5,5,3.62,10,0,TRUE
Female,Loyal Customer,27,Business Travel,Business,2420,1,1,1,1,5,5,5,5,4,3,4,4,5,3.38,5,0,TRUE
Male,Loyal Customer,29,Business Travel,Business,2182,3,5,5,5,3,3,3,3,3,5,3,4,3,3.69,0,0,FALSE
Female,Loyal Customer,42,Business Travel,Business,1444,2,2,2,2,2,4,4,5,5,5,5,5,5,3.69,11,0,TRUE
Male,Loyal Customer,25,Business Travel,Eco,308,2,2,2,2,2,2,4,2,3,4,4,3,2,2.62,0,0,FALSE
Female,Loyal Customer,25,Business Travel,Business,1982,3,3,3,3,2,2,2,2,4,2,5,3,2,2.77,0,0,TRUE
Female,Loyal Customer,38,Business Travel,Business,3113,2,5,1,5,5,2,3,2,2,2,2,2,2,2.69,2,0,FALSE
Male,Loyal Customer,33,Business Travel,Eco,188,3,3,3,3,3,2,3,3,4,1,3,1,3,2.69,0,4,FALSE
Male,Loyal Customer,62,Business Travel,Eco,458,3,1,1,1,2,3,2,2,3,4,3,1,2,2.15,5,3,FALSE
Female,Loyal Customer,45,Business Travel,Eco,101,5,4,4,4,2,2,1,4,4,5,4,5,3,3.62,0,0,TRUE
Male,Loyal Customer,32,Business Travel,Business,735,1,1,1,1,5,5,5,5,4,4,5,5,5,3.62,0,0,TRUE
Male,Loyal Customer,42,Business Travel,Eco,493,2,3,3,3,2,2,2,2,3,2,5,3,2,2.62,75,68,TRUE
Male,Loyal Customer,37,Business Travel,Eco Plus,188,4,1,1,1,4,4,4,4,1,1,2,5,4,2.77,1,4,TRUE
Male,Loyal Customer,44,Personal Travel,Eco,733,3,3,2,3,3,2,3,3,5,2,2,1,3,2.69,113,94,FALSE
Female,Loyal Customer,57,Business Travel,Business,340,3,3,3,3,3,4,5,3,3,4,3,5,4,3.54,0,0,TRUE
Female,Loyal Customer,68,Personal Travel,Eco Plus,672,3,1,3,4,2,3,4,5,5,3,5,1,1,3.08,0,0,FALSE
Male,Loyal Customer,70,Personal Travel,Eco Plus,2279,1,4,0,3,3,0,3,3,3,4,3,5,3,2.69,95,57,FALSE
Female,Loyal Customer,45,Business Travel,Business,666,4,4,4,4,2,4,5,2,2,2,2,5,5,3.46,0,0,TRUE
Male,Disloyal Customer,38,Business Travel,Business,214,1,2,2,3,4,2,4,4,1,4,4,2,4,2.85,0,15,FALSE
Female,Loyal Customer,61,Business Travel,Business,421,4,4,4,4,3,5,2,3,3,3,3,5,5,3.69,0,0,TRUE
Female,Loyal Customer,54,Business Travel,Business,3894,0,5,1,3,1,1,1,5,5,4,4,1,1,2.46,237,228,TRUE
Female,Disloyal Customer,25,Business Travel,Business,226,5,0,5,2,2,5,2,2,4,2,5,5,2,3.15,30,61,TRUE
Male,Loyal Customer,58,Business Travel,Business,163,4,4,4,4,5,3,5,4,4,4,5,1,3,3.85,0,0,TRUE
Female,Loyal Customer,48,Business Travel,Business,2047,3,3,3,3,2,4,4,4,4,4,4,3,3,3.38,2,0,TRUE
Male,Loyal Customer,30,Business Travel,Business,3773,1,1,1,1,4,4,4,4,5,3,5,4,4,3.15,28,19,TRUE
Male,Disloyal Customer,19,Business Travel,Eco,925,4,3,3,2,5,3,5,5,5,4,5,3,5,4,4,0,TRUE
Female,Loyal Customer,36,Personal Travel,Eco,979,2,5,2,1,5,2,5,5,4,3,4,3,5,3.54,0,0,FALSE
Female,Loyal Customer,39,Business Travel,Business,3261,3,4,3,3,2,2,2,5,5,5,5,4,4,3.62,88,78,TRUE
Male,Loyal Customer,26,Business Travel,Business,3556,5,5,5,5,5,5,5,5,3,4,5,5,5,4.77,2,0,TRUE
Male,Loyal Customer,65,Personal Travel,Eco,1005,3,4,3,2,3,3,3,3,3,2,5,5,3,3.23,0,8,FALSE
Female,Loyal Customer,43,Personal Travel,Eco,1035,2,5,2,3,3,4,4,1,1,2,1,4,5,2.85,1,0,FALSE
Male,Loyal Customer,44,Business Travel,Eco,680,2,3,3,3,2,2,2,2,1,1,4,1,2,2.15,0,0,FALSE
Male,Loyal Customer,50,Business Travel,Business,3210,5,5,5,5,5,5,4,4,4,5,4,4,3,4.46,0,0,TRUE
Female,Loyal Customer,39,Personal Travel,Eco,679,1,4,2,4,4,2,1,4,5,5,4,4,4,3.38,0,0,FALSE
Male,Loyal Customer,23,Business Travel,Business,1389,2,2,2,2,5,5,5,5,4,5,5,4,5,3.92,0,0,TRUE
Female,Loyal Customer,53,Business Travel,Business,442,2,2,2,2,3,4,4,5,5,5,5,5,3,3.62,0,3,TRUE
Female,Loyal Customer,49,Business Travel,Business,2027,3,3,3,3,4,5,4,5,5,5,5,4,4,4.08,0,0,TRUE
Male,Disloyal Customer,36,Business Travel,Eco,676,2,1,1,3,1,1,1,1,3,3,3,1,1,1.69,199,192,FALSE
Male,Loyal Customer,25,Business Travel,Business,2110,1,1,1,1,1,1,1,1,3,5,4,3,1,1.85,8,2,FALSE
Female,Loyal Customer,64,Personal Travel,Eco,1085,2,5,2,3,2,5,4,3,3,2,3,4,5,3.31,0,0,FALSE
Male,Loyal Customer,30,Personal Travel,Eco,692,1,5,1,2,3,1,3,3,3,4,5,5,3,3,0,0,FALSE
Female,Disloyal Customer,35,Business Travel,Business,1547,2,2,2,2,1,2,1,1,3,3,4,3,1,2.08,0,0,FALSE
Male,Loyal Customer,47,Personal Travel,Eco,351,2,4,4,4,4,4,4,4,4,2,5,3,4,3.69,0,0,FALSE
Female,Disloyal Customer,30,Business Travel,Eco,1211,2,2,2,1,2,2,2,2,3,5,5,4,2,2.62,0,0,FALSE
Female,Disloyal Customer,15,Business Travel,Eco,641,2,3,2,4,5,2,3,5,2,1,3,4,5,3.15,0,0,FALSE
Female,Loyal Customer,57,Business Travel,Business,1416,3,3,3,3,5,4,4,4,4,4,4,5,5,3.92,0,0,TRUE
Female,Loyal Customer,34,Business Travel,Business,3149,2,2,2,2,4,4,5,5,5,5,5,2,1,3.38,0,3,TRUE
Male,Loyal Customer,11,Personal Travel,Eco,162,2,3,2,3,1,2,1,1,5,1,2,3,1,2.08,0,0,FALSE
Male,Loyal Customer,36,Business Travel,Eco,1874,2,4,4,4,2,2,2,2,2,1,4,4,2,2.69,4,2,FALSE
Male,Loyal Customer,29,Personal Travel,Eco,1448,1,3,1,4,1,1,1,1,1,3,5,5,1,2.15,0,0,FALSE
Male,Loyal Customer,60,Business Travel,Business,764,4,4,4,4,2,5,4,4,4,4,4,4,5,4,0,0,TRUE
Female,Loyal Customer,35,Business Travel,Eco Plus,462,2,5,5,5,2,2,2,2,3,1,3,3,2,2.85,53,70,FALSE
Female,Loyal Customer,11,Personal Travel,Eco,287,2,5,2,2,3,2,3,3,3,4,4,3,3,3,0,0,FALSE
Male,Disloyal Customer,25,Business Travel,Eco,1012,1,1,1,4,3,1,3,3,3,5,4,2,3,2.62,9,0,FALSE
Female,Loyal Customer,30,Personal Travel,Eco,507,3,4,2,3,1,2,1,1,1,1,1,1,1,1.69,0,1,FALSE
Male,Loyal Customer,46,Business Travel,Business,1476,3,3,3,3,1,2,3,4,4,4,4,1,1,2.77,1,0,TRUE
Male,Loyal Customer,50,Personal Travel,Eco Plus,1046,1,5,2,2,2,2,2,2,4,5,5,5,2,3,36,28,FALSE
Female,Loyal Customer,52,Business Travel,Business,2499,4,4,4,4,4,5,5,5,5,5,4,5,5,4.54,107,126,TRUE
Male,Loyal Customer,54,Personal Travel,Eco,1524,2,5,3,3,3,3,3,3,5,2,5,5,3,3.46,0,0,FALSE
Male,Loyal Customer,23,Personal Travel,Eco,991,2,2,2,3,5,2,1,5,3,1,4,2,5,2.85,0,0,FALSE
Female,Loyal Customer,30,Personal Travel,Eco,301,2,5,2,3,4,2,4,4,5,4,4,3,4,3.54,0,18,FALSE
Male,Loyal Customer,48,Business Travel,Business,1827,5,5,5,5,2,5,4,3,3,3,3,3,5,3.92,5,0,TRUE
Male,Loyal Customer,9,Personal Travel,Eco,2116,3,4,3,3,1,3,1,1,2,2,1,2,1,2.08,42,46,FALSE
Female,Loyal Customer,53,Business Travel,Eco,416,2,4,4,4,2,3,3,2,2,2,2,4,2,2.77,0,0,FALSE
Female,Disloyal Customer,21,Business Travel,Eco,840,1,1,1,5,5,1,5,5,4,2,4,4,5,3.31,0,0,FALSE
Male,Loyal Customer,38,Business Travel,Eco,362,3,1,1,1,3,3,3,3,2,4,3,2,3,2.46,0,7,FALSE
Male,Loyal Customer,43,Business Travel,Business,944,1,1,1,1,2,1,2,4,4,4,4,4,1,2.31,0,5,TRUE
Female,Loyal Customer,61,Business Travel,Business,109,4,5,5,5,2,3,4,4,4,4,4,4,1,3.77,0,0,FALSE
Female,Loyal Customer,40,Personal Travel,Eco,948,1,0,1,3,4,1,2,4,4,3,5,4,4,2.77,0,0,FALSE
Male,Loyal Customer,32,Business Travel,Business,255,2,3,4,4,2,3,2,2,2,3,2,1,2,2.46,0,0,FALSE
Female,Loyal Customer,58,Personal Travel,Eco,646,4,3,4,3,4,3,3,2,2,4,2,1,3,2.92,0,2,FALSE
Female,Loyal Customer,30,Business Travel,Business,409,1,5,1,1,4,4,4,4,3,3,1,5,4,3.08,0,2,TRUE
Male,Loyal Customer,28,Business Travel,Business,1846,3,3,3,3,3,3,3,3,5,2,5,5,3,3.38,0,0,TRUE
Male,Loyal Customer,61,Personal Travel,Eco,308,0,5,0,3,3,0,3,3,4,4,5,5,3,2.92,0,0,TRUE
Female,Loyal Customer,52,Business Travel,Eco,1589,2,3,2,3,4,1,3,2,2,2,2,3,4,2.54,0,0,FALSE
Male,Loyal Customer,21,Business Travel,Business,1720,4,4,2,4,5,5,5,5,2,2,2,4,5,3.77,0,0,TRUE
Female,Disloyal Customer,16,Business Travel,Eco,277,3,1,3,4,4,3,4,4,1,3,4,3,4,3.15,0,0,FALSE
Female,Loyal Customer,62,Business Travel,Eco,954,3,2,2,2,4,2,1,3,3,3,3,1,3,2.46,5,19,FALSE
Female,Disloyal Customer,32,Business Travel,Business,522,3,3,3,1,3,3,3,3,3,5,4,3,3,3.08,6,18,FALSE
Male,Disloyal Customer,43,Business Travel,Eco,328,4,0,4,5,3,4,3,3,5,2,4,2,3,3.23,1,0,TRUE
Female,Loyal Customer,72,Business Travel,Business,888,4,2,2,2,3,3,3,4,4,4,4,1,2,2.92,0,0,FALSE
Male,Loyal Customer,22,Business Travel,Business,2883,3,3,3,3,5,5,5,5,4,3,4,4,5,4,22,21,TRUE
Male,Disloyal Customer,18,Business Travel,Eco,646,4,1,4,4,5,4,5,5,2,1,4,2,5,3.54,6,12,FALSE
Male,Loyal Customer,52,Business Travel,Business,1506,2,2,2,2,5,5,5,5,5,5,5,3,5,3.92,125,119,TRUE
Female,Loyal Customer,21,Business Travel,Business,3362,1,1,4,1,5,5,5,5,5,3,1,2,5,3.31,0,0,TRUE
Female,Loyal Customer,42,Personal Travel,Eco,201,3,5,0,2,4,2,3,5,5,0,5,5,1,3.08,17,8,FALSE
Female,Loyal Customer,35,Business Travel,Business,1918,5,5,5,5,4,4,5,4,4,4,4,4,5,4.46,45,62,TRUE
Female,Loyal Customer,46,Business Travel,Business,2475,3,3,3,3,2,5,4,5,5,5,5,3,3,3.77,54,31,TRUE
Male,Loyal Customer,58,Business Travel,Business,2450,3,1,3,3,2,5,4,4,4,4,4,4,5,3.54,9,36,TRUE
Male,Loyal Customer,35,Business Travel,Business,407,2,2,2,2,3,4,4,4,4,4,4,5,5,3.46,4,3,TRUE
Male,Loyal Customer,46,Business Travel,Business,997,2,2,2,2,5,4,4,5,5,5,5,5,3,3.77,3,48,TRUE
Male,Loyal Customer,51,Business Travel,Eco,1824,2,5,2,5,2,2,2,2,4,1,1,1,2,2.38,8,0,FALSE
Male,Loyal Customer,66,Personal Travel,Business,2588,1,4,1,3,1,4,4,5,4,4,4,4,4,3.31,0,0,FALSE
Female,Loyal Customer,10,Personal Travel,Eco,1072,3,2,3,4,1,3,4,1,3,3,3,1,1,2.46,0,0,FALSE
Male,Loyal Customer,55,Business Travel,Business,314,4,4,4,4,5,4,4,5,5,5,5,4,4,4.38,55,48,TRUE
Female,Disloyal Customer,14,Business Travel,Business,1431,4,0,4,3,4,4,4,4,3,4,4,4,4,3.54,44,18,TRUE
Male,Loyal Customer,51,Business Travel,Business,2693,1,1,1,1,5,4,5,4,4,4,4,3,3,3.08,39,35,TRUE
Male,Loyal Customer,44,Personal Travel,Eco Plus,651,1,2,1,3,5,1,1,5,2,3,3,4,5,2.77,0,0,FALSE
Female,Disloyal Customer,38,Business Travel,Business,229,5,4,4,3,4,1,5,4,2,5,4,5,5,3.92,206,209,TRUE
Female,Loyal Customer,37,Business Travel,Business,3730,2,4,1,4,5,3,3,2,2,2,2,2,4,2.77,60,50,FALSE
Male,Disloyal Customer,21,Business Travel,Eco,431,3,4,3,4,3,3,3,3,1,5,4,3,3,3.23,0,0,FALSE
Male,Disloyal Customer,15,Business Travel,Business,483,4,4,4,5,5,4,5,5,4,3,5,3,5,4.31,40,45,TRUE
Male,Loyal Customer,32,Business Travel,Eco,239,5,5,5,5,5,4,5,5,4,1,3,3,5,4.23,31,23,FALSE
Female,Loyal Customer,31,Business Travel,Business,770,4,4,4,4,4,4,4,4,3,3,5,3,4,3.85,15,6,TRUE
Female,Loyal Customer,38,Personal Travel,Eco,817,1,1,1,1,3,1,3,3,1,2,1,4,3,1.92,70,54,FALSE
Male,Disloyal Customer,66,Business Travel,Business,407,1,2,2,5,2,1,2,2,4,3,4,5,2,2.69,0,0,FALSE
Male,Loyal Customer,26,Personal Travel,Eco,429,3,4,3,4,3,3,3,3,3,4,4,3,3,3.31,22,42,FALSE
Male,Loyal Customer,32,Personal Travel,Eco,190,3,5,3,3,5,3,1,5,3,5,5,4,5,3.85,10,13,FALSE
Male,Loyal Customer,50,Business Travel,Business,1428,1,3,3,3,3,2,2,1,1,1,1,3,3,2.08,0,0,FALSE
Female,Disloyal Customer,8,Business Travel,Business,1313,4,4,4,1,5,4,5,5,4,5,4,5,5,4.23,3,0,FALSE
Male,Loyal Customer,15,Personal Travel,Eco,534,3,4,3,4,2,3,3,2,3,5,5,3,2,3.23,18,47,FALSE
Female,Disloyal Customer,36,Business Travel,Eco,926,3,3,3,4,1,3,1,1,1,5,3,2,1,2.38,3,16,FALSE
Male,Disloyal Customer,43,Business Travel,Eco,575,2,4,2,4,1,2,1,1,1,3,4,3,1,2.23,0,13,FALSE
Female,Loyal Customer,52,Business Travel,Business,2703,4,4,4,4,3,3,2,5,5,5,5,1,3,3.69,9,8,TRUE
Female,Disloyal Customer,15,Business Travel,Eco,1299,1,1,1,3,3,1,3,3,4,3,2,3,3,2.38,7,14,FALSE
Male,Disloyal Customer,37,Business Travel,Business,1389,2,1,1,1,1,1,1,1,5,3,4,4,1,2,2,5,FALSE
Male,Loyal Customer,22,Personal Travel,Eco,621,4,5,4,5,2,4,2,2,5,3,4,4,2,3.54,0,0,FALSE
Male,Loyal Customer,37,Business Travel,Business,3709,2,2,2,2,5,5,5,5,5,5,5,5,3,3.92,0,0,TRUE
Female,Loyal Customer,34,Business Travel,Eco Plus,429,4,5,5,5,4,4,4,4,4,5,4,4,4,4.31,0,0,TRUE
Male,Loyal Customer,60,Business Travel,Business,3873,3,3,3,3,2,4,4,5,5,5,5,5,3,3.85,0,0,TRUE
Male,Loyal Customer,66,Personal Travel,Eco Plus,100,3,1,3,1,3,3,2,3,4,3,2,2,3,2.54,0,0,FALSE
Male,Loyal Customer,41,Personal Travel,Eco,861,3,5,3,4,3,3,3,3,4,5,5,5,3,3.77,0,1,FALSE
Male,Loyal Customer,59,Business Travel,Business,787,4,4,4,4,2,4,4,1,1,2,1,4,3,2.92,0,0,TRUE
Male,Loyal Customer,60,Business Travel,Business,160,1,1,1,1,4,1,2,4,4,5,4,2,3,2.54,15,26,TRUE
Female,Loyal Customer,32,Business Travel,Business,1798,2,4,5,5,2,2,2,2,4,1,3,4,2,2.92,0,0,FALSE
Female,Loyal Customer,53,Business Travel,Business,2475,1,1,5,1,5,5,5,3,2,5,5,5,5,3.69,8,0,TRUE
Male,Loyal Customer,49,Business Travel,Eco Plus,896,4,2,5,2,3,4,3,3,1,4,1,1,3,2.77,6,0,TRUE
Female,Loyal Customer,59,Business Travel,Business,2363,2,2,2,2,2,4,4,4,4,4,4,4,4,3.23,14,22,TRUE
Male,Loyal Customer,24,Personal Travel,Eco,1262,0,4,0,1,4,0,4,4,4,4,3,5,4,2.85,8,0,TRUE
Female,Loyal Customer,25,Business Travel,Business,3806,3,3,4,3,4,4,4,4,5,3,5,4,4,3.85,2,0,TRUE
Female,Disloyal Customer,16,Business Travel,Eco,289,0,0,0,3,2,0,2,2,3,5,4,5,2,2.15,0,0,TRUE
Female,Loyal Customer,53,Business Travel,Business,3426,4,4,4,4,5,1,5,5,5,5,5,1,4,4,1,2,TRUE
Male,Disloyal Customer,39,Business Travel,Eco,650,2,3,2,3,3,2,3,3,3,3,3,4,3,2.85,0,0,FALSE
Male,Loyal Customer,7,Personal Travel,Eco,140,3,3,0,3,3,0,3,3,2,4,3,1,3,2.38,45,46,FALSE
Male,Loyal Customer,39,Business Travel,Business,2074,1,1,1,1,2,4,5,1,1,2,1,4,4,2.15,0,0,TRUE
Female,Disloyal Customer,29,Business Travel,Business,192,5,5,5,4,4,5,4,4,5,4,5,3,4,4.38,0,6,TRUE
Female,Loyal Customer,31,Business Travel,Business,1560,2,2,2,2,5,5,4,5,3,4,4,4,5,3.62,0,0,TRUE
Male,Disloyal Customer,47,Business Travel,Eco,474,2,0,3,4,3,3,4,3,3,2,4,4,3,2.92,113,105,FALSE
Male,Loyal Customer,70,Personal Travel,Business,1379,4,5,4,4,3,3,4,5,5,4,5,5,3,4.15,0,14,FALSE
Male,Loyal Customer,45,Business Travel,Business,642,5,5,5,5,3,4,5,4,4,4,4,3,3,4.15,41,35,TRUE
Male,Loyal Customer,10,Personal Travel,Eco,425,2,0,2,2,5,2,5,5,5,2,4,5,5,3.38,0,0,FALSE
Male,Loyal Customer,41,Business Travel,Business,373,3,3,3,3,1,3,3,3,3,3,3,4,2,2.85,1,0,FALSE
Male,Loyal Customer,41,Business Travel,Business,1635,3,3,3,3,4,5,5,5,5,5,5,3,3,4,0,0,TRUE
Female,Loyal Customer,57,Business Travel,Business,4963,1,1,1,1,4,4,4,3,4,5,5,4,4,3.15,12,0,TRUE
Male,Loyal Customer,59,Business Travel,Business,3466,4,4,5,4,4,5,4,2,2,2,2,5,5,3.69,3,0,TRUE
Female,Loyal Customer,59,Business Travel,Business,837,3,3,3,3,2,5,4,4,4,4,4,3,4,3.54,4,4,TRUE
Male,Loyal Customer,60,Personal Travel,Eco Plus,507,3,4,3,4,1,3,1,1,5,4,4,4,1,2.92,0,3,FALSE
Female,Disloyal Customer,35,Business Travel,Business,964,4,4,4,5,1,4,1,1,4,3,4,3,1,3,0,0,FALSE
Male,Loyal Customer,51,Business Travel,Business,1668,0,5,0,1,3,4,5,5,5,5,5,4,5,3.62,15,21,TRUE
Female,Loyal Customer,23,Personal Travel,Eco,371,3,2,3,2,5,3,5,5,4,5,1,2,5,3.46,9,6,FALSE
Male,Loyal Customer,25,Personal Travel,Eco,589,4,5,4,2,2,4,4,2,2,2,2,3,2,2.92,65,52,FALSE
Female,Loyal Customer,18,Business Travel,Business,1658,2,2,2,2,4,4,4,4,5,5,2,3,4,3.31,0,0,TRUE
Male,Loyal Customer,16,Personal Travel,Eco,589,3,5,3,1,2,3,2,2,5,3,5,4,2,3.08,58,50,FALSE
Male,Loyal Customer,68,Personal Travel,Eco,1123,3,5,3,1,1,3,1,1,5,2,4,4,1,2.62,0,0,FALSE
Male,Disloyal Customer,25,Business Travel,Business,255,4,0,5,1,4,5,4,4,4,4,5,5,4,3.77,24,17,FALSE
Male,Loyal Customer,70,Personal Travel,Business,337,2,4,2,2,5,5,4,1,1,2,3,3,4,2.92,34,21,FALSE
Male,Loyal Customer,43,Personal Travel,Eco,1660,4,5,4,2,3,4,3,3,5,5,4,4,3,3.77,0,0,FALSE
Male,Loyal Customer,46,Business Travel,Business,692,3,3,3,3,4,3,5,5,5,5,5,4,1,3.77,2,1,TRUE
Male,Disloyal Customer,21,Business Travel,Business,1608,0,0,1,3,3,1,3,3,4,3,4,4,3,2.46,4,2,TRUE
Female,Loyal Customer,23,Business Travel,Business,2186,3,3,3,3,3,3,3,3,2,3,3,1,3,2.77,5,12,FALSE
Male,Loyal Customer,18,Personal Travel,Eco,719,3,5,3,1,5,3,5,5,4,4,5,5,5,4.08,39,28,FALSE
Male,Disloyal Customer,35,Business Travel,Eco,946,2,1,1,3,5,1,5,5,1,5,1,4,5,3,6,1,FALSE
Male,Loyal Customer,62,Personal Travel,Eco,591,1,4,1,4,4,1,4,4,5,4,5,4,4,3.46,0,0,FALSE
Male,Loyal Customer,42,Personal Travel,Eco,785,1,5,2,2,1,2,1,1,4,3,4,5,1,2.46,22,23,FALSE
Male,Loyal Customer,46,Business Travel,Business,3402,4,4,3,4,3,5,5,5,5,5,5,4,4,4.31,5,0,TRUE
Female,Disloyal Customer,30,Business Travel,Business,993,2,2,2,2,3,2,3,3,5,3,5,4,3,3,10,13,FALSE
Female,Loyal Customer,29,Personal Travel,Eco,733,5,4,5,4,5,5,5,5,5,1,2,2,5,4.08,3,0,TRUE
Male,Loyal Customer,51,Business Travel,Business,2468,1,1,1,1,1,1,3,5,5,5,5,3,2,2.62,32,29,TRUE
Male,Loyal Customer,45,Personal Travel,Eco,991,4,4,4,1,5,4,4,5,4,3,4,4,5,3.92,0,0,TRUE
Male,Loyal Customer,42,Business Travel,Business,444,2,2,2,2,3,4,4,4,4,4,4,5,5,3.46,111,115,TRUE
Male,Loyal Customer,7,Personal Travel,Eco,86,2,5,2,3,3,2,3,3,4,4,1,1,3,2.77,0,0,FALSE
Male,Loyal Customer,59,Business Travel,Eco,862,3,5,5,5,3,3,3,3,3,3,4,4,3,3.62,0,0,FALSE
Female,Loyal Customer,56,Business Travel,Eco,621,2,4,4,4,4,3,3,2,2,2,2,4,1,2.85,0,0,FALSE
Male,Loyal Customer,27,Business Travel,Business,1371,5,5,5,5,5,5,5,5,3,2,5,3,5,4.46,70,38,TRUE
Female,Loyal Customer,56,Business Travel,Eco,209,4,1,1,1,2,5,1,4,4,4,4,4,2,2.85,0,0,TRUE
Female,Disloyal Customer,35,Business Travel,Business,484,3,2,2,1,3,2,3,3,3,3,5,3,3,2.77,0,4,FALSE
Female,Loyal Customer,49,Business Travel,Business,2809,4,2,2,2,2,4,4,4,4,3,4,1,1,2.85,0,0,FALSE
Female,Loyal Customer,26,Business Travel,Business,1005,2,1,1,1,2,2,2,2,3,5,4,1,2,2.15,10,10,FALSE
Female,Loyal Customer,21,Personal Travel,Eco,521,3,4,3,4,5,3,5,5,2,2,4,3,5,3.69,0,3,FALSE
Female,Loyal Customer,37,Business Travel,Eco Plus,588,4,5,5,5,4,4,4,4,4,5,4,4,4,4.31,0,0,TRUE
Female,Loyal Customer,13,Personal Travel,Eco,338,3,4,3,5,4,3,4,4,5,5,4,4,4,4,0,0,FALSE
Male,Loyal Customer,40,Business Travel,Eco,209,4,5,5,5,4,4,4,4,5,5,3,1,4,4.08,0,0,TRUE
Male,Loyal Customer,20,Business Travel,Eco Plus,109,3,4,4,4,3,3,2,3,1,1,3,4,3,2.92,0,0,FALSE
Female,Loyal Customer,40,Business Travel,Eco,1165,4,2,2,2,4,4,4,4,2,5,4,5,4,3.54,0,0,TRUE
Female,Disloyal Customer,22,Business Travel,Eco,679,2,2,2,3,4,2,4,4,5,1,5,4,4,3.23,0,0,FALSE
Female,Loyal Customer,48,Business Travel,Business,1400,4,4,4,4,5,3,2,4,4,5,4,3,2,3.69,0,0,TRUE
Female,Loyal Customer,45,Business Travel,Business,338,5,5,5,5,3,4,4,5,5,5,5,4,3,4.46,7,0,TRUE
Female,Loyal Customer,44,Business Travel,Business,1914,1,1,1,1,4,4,4,4,4,4,4,4,5,3.15,0,4,TRUE
Male,Loyal Customer,48,Personal Travel,Eco,334,2,4,2,2,5,2,5,5,4,3,4,3,5,3.54,0,0,FALSE
Female,Loyal Customer,66,Personal Travel,Eco,677,4,3,4,1,1,5,2,1,1,4,1,1,1,2.23,61,48,FALSE
Male,Disloyal Customer,44,Business Travel,Eco,1440,3,3,3,4,4,3,4,4,3,3,4,3,4,3.46,0,0,FALSE
Female,Loyal Customer,26,Personal Travel,Eco,668,2,4,2,3,1,2,1,1,2,2,4,2,1,2.08,8,10,FALSE
Male,Loyal Customer,31,Business Travel,Eco Plus,580,3,3,3,3,3,3,3,3,3,4,3,3,3,3.08,2,1,FALSE
Female,Loyal Customer,22,Business Travel,Eco,717,1,1,0,3,4,0,4,4,4,5,3,1,4,2.62,0,0,FALSE
Male,Loyal Customer,57,Business Travel,Business,737,4,4,4,4,3,4,5,4,4,4,4,3,5,4,12,,TRUE
Male,Loyal Customer,27,Personal Travel,Eco,814,4,5,4,3,3,4,3,3,3,5,4,3,3,3.62,18,2,TRUE
Female,Loyal Customer,39,Business Travel,Business,1590,5,1,5,5,2,3,5,2,2,2,2,5,3,3.23,7,0,TRUE
Female,Disloyal Customer,33,Business Travel,Business,2611,2,2,2,3,3,2,3,3,4,4,5,5,3,3.15,1,0,FALSE
Female,Loyal Customer,25,Personal Travel,Eco,309,3,3,3,5,5,3,5,5,1,4,2,3,5,3.62,48,49,FALSE
Female,Disloyal Customer,25,Business Travel,Eco,402,2,0,2,3,1,2,1,1,4,3,1,2,1,1.77,0,0,FALSE
Male,Disloyal Customer,38,Business Travel,Business,247,5,5,5,3,1,5,1,1,4,3,4,4,1,3.23,43,30,TRUE
Male,Disloyal Customer,45,Business Travel,Business,607,4,4,4,2,5,4,5,5,3,4,5,5,5,4.23,36,34,TRUE
Male,Disloyal Customer,24,Business Travel,Business,895,5,0,5,1,4,5,4,4,3,5,4,4,4,3.69,21,10,TRUE
Female,Disloyal Customer,22,Business Travel,Eco,813,1,1,1,4,3,1,3,3,1,3,3,2,3,2.23,0,83,FALSE
Male,Loyal Customer,8,Business Travel,Business,1524,4,4,5,4,4,5,4,4,5,3,5,4,4,4.23,12,3,TRUE
Male,Loyal Customer,39,Business Travel,Business,2275,1,1,1,1,2,5,4,2,2,2,2,4,3,2.31,7,9,TRUE
Male,Loyal Customer,23,Personal Travel,Eco,550,3,5,3,1,5,3,5,5,4,3,3,3,5,3.69,0,0,FALSE
Male,Disloyal Customer,28,Business Travel,Business,1235,3,3,3,3,2,3,2,2,5,2,5,4,2,3,0,0,FALSE
Female,Loyal Customer,27,Personal Travel,Eco,1097,2,0,2,4,5,2,5,5,3,3,4,5,5,3.46,0,0,FALSE
Male,Disloyal Customer,37,Business Travel,Eco,586,2,0,2,1,1,2,1,1,1,1,5,4,1,1.69,0,1,FALSE
Male,Loyal Customer,52,Business Travel,Business,2861,3,3,3,3,3,5,4,5,5,5,5,3,4,3.92,28,50,TRUE
Male,Loyal Customer,44,Business Travel,Business,1992,5,5,5,5,4,4,5,4,4,4,4,4,5,4.46,2,0,TRUE
Male,Loyal Customer,48,Business Travel,Business,2762,3,3,3,3,5,5,4,4,4,4,4,5,3,3.85,0,0,TRUE
Male,Loyal Customer,44,Business Travel,Business,1510,1,1,4,1,3,5,4,4,4,4,4,3,4,3.23,21,20,TRUE
Male,Loyal Customer,29,Business Travel,Business,2968,2,2,2,2,4,4,4,4,1,3,4,5,4,3.15,1,1,TRUE
Female,Disloyal Customer,35,Business Travel,Business,1212,2,2,2,5,2,2,2,2,3,3,4,3,2,2.62,0,0,FALSE
Male,Disloyal Customer,23,Business Travel,Eco,1121,3,4,4,3,2,4,2,2,3,4,4,2,2,3,25,0,FALSE
Male,Loyal Customer,44,Business Travel,Business,2959,4,4,5,4,2,4,5,4,4,4,4,5,3,4,34,20,TRUE
Female,Disloyal Customer,39,Business Travel,Business,1283,5,5,5,5,2,5,2,2,4,3,5,5,2,3.85,9,4,TRUE
Female,Loyal Customer,23,Personal Travel,Eco,562,2,4,3,2,2,3,1,2,3,4,4,3,2,2.69,2,,FALSE
Male,Loyal Customer,8,Personal Travel,Eco,236,3,4,3,5,4,3,4,4,5,3,1,1,4,3.38,22,3,FALSE
Female,Loyal Customer,49,Personal Travel,Eco Plus,148,2,2,2,4,2,3,4,1,1,2,1,4,2,2.31,0,0,FALSE
Male,Disloyal Customer,29,Business Travel,Eco,534,3,2,3,3,5,3,5,5,2,3,4,4,5,3.62,0,0,FALSE
Male,Loyal Customer,39,Business Travel,Eco,607,1,2,2,2,1,1,1,1,4,1,3,2,1,1.69,0,0,FALSE
Male,Loyal Customer,32,Business Travel,Business,2522,1,0,0,3,4,0,4,4,1,5,4,3,4,2.54,8,6,FALSE
Male,Loyal Customer,27,Business Travel,Business,3344,3,5,5,5,3,3,3,3,2,5,4,3,3,3.62,10,0,FALSE
Female,Loyal Customer,43,Business Travel,Eco,1028,4,1,1,1,2,2,4,4,4,4,4,1,3,2.69,75,105,TRUE
Female,Loyal Customer,41,Business Travel,Business,733,2,2,2,2,5,5,5,2,2,2,2,4,5,3.08,0,3,TRUE
Male,Loyal Customer,31,Personal Travel,Eco,1598,3,5,3,5,1,3,5,1,3,3,4,3,1,3.08,3,17,FALSE
Female,Disloyal Customer,50,Business Travel,Eco,296,2,3,2,3,2,1,1,2,2,3,3,1,1,2,155,237,FALSE
Male,Loyal Customer,42,Business Travel,Business,337,5,5,5,5,2,5,5,5,5,5,5,4,3,4.54,0,0,TRUE
Female,Loyal Customer,52,Business Travel,Business,2844,3,4,4,4,5,3,2,3,3,3,3,3,1,3.15,0,0,FALSE
Male,Loyal Customer,34,Business Travel,Eco Plus,944,4,5,5,5,4,4,4,4,2,5,2,3,4,3.92,14,0,FALSE
Female,Loyal Customer,22,Business Travel,Business,432,3,3,3,3,3,3,3,3,2,2,3,1,3,2.69,0,6,FALSE
Male,Disloyal Customer,44,Business Travel,Eco,77,0,0,0,2,5,0,5,5,1,5,1,3,5,2.46,13,14,TRUE
Male,Loyal Customer,34,Business Travel,Business,1678,4,4,4,4,4,5,5,4,4,4,4,4,4,4.15,0,0,TRUE
Female,Loyal Customer,74,Business Travel,Business,399,1,1,1,1,3,5,5,3,3,4,3,5,5,3.08,0,0,TRUE
Female,Loyal Customer,46,Business Travel,Business,371,2,2,2,2,2,5,4,4,4,4,4,1,4,3.08,0,3,TRUE
Male,Loyal Customer,48,Business Travel,Business,351,0,0,0,3,5,5,4,3,3,3,3,5,3,2.85,80,76,TRUE
Female,Loyal Customer,56,Business Travel,Business,632,2,2,2,2,2,4,4,4,4,5,4,5,3,3.31,0,0,TRUE
Male,Loyal Customer,51,Business Travel,Business,3720,1,3,3,3,2,3,3,2,2,2,1,1,4,2.31,0,0,FALSE
Female,Loyal Customer,46,Business Travel,Business,170,0,4,0,4,4,4,4,4,4,4,4,3,3,3.23,0,15,TRUE
Male,Loyal Customer,46,Business Travel,Business,129,0,5,0,3,2,5,3,2,2,2,2,2,4,2.46,0,3,TRUE
Male,Loyal Customer,54,Business Travel,Business,3995,2,2,5,2,5,4,5,3,3,3,3,4,3,3.38,0,4,TRUE
Female,Loyal Customer,31,Business Travel,Eco,347,3,5,5,5,3,3,3,3,1,1,2,4,3,3.15,0,8,FALSE
Female,Loyal Customer,29,Business Travel,Eco,844,5,1,1,1,5,4,5,5,4,4,2,2,5,3.38,0,0,FALSE
Male,Loyal Customer,30,Business Travel,Eco,199,5,4,3,4,5,5,5,5,3,4,3,1,5,4,14,1,TRUE
Female,Loyal Customer,22,Business Travel,Eco Plus,811,4,3,3,3,4,4,2,4,1,4,4,2,4,3.23,0,0,FALSE
Male,Disloyal Customer,24,Business Travel,Eco,1258,2,2,2,2,2,2,2,2,5,3,4,3,2,2.54,0,0,FALSE
Female,Loyal Customer,53,Personal Travel,Business,414,3,2,3,3,3,3,3,1,1,3,1,4,2,2.46,0,0,FALSE
Female,Loyal Customer,53,Personal Travel,Eco,647,1,4,1,3,3,2,1,3,3,1,3,1,2,2.15,0,0,FALSE
Female,Disloyal Customer,26,Business Travel,Business,781,0,0,0,2,3,0,3,3,5,5,5,3,3,2.46,15,15,TRUE
Male,Loyal Customer,33,Personal Travel,Eco,255,0,5,0,5,3,0,3,3,3,4,4,4,3,2.85,0,0,TRUE
Male,Loyal Customer,42,Personal Travel,Eco,451,3,1,3,3,2,3,2,2,4,5,2,4,2,2.77,2,0,FALSE
Female,Loyal Customer,43,Business Travel,Business,1337,1,1,1,1,2,4,5,4,4,4,4,4,4,3,38,30,TRUE
Male,Disloyal Customer,15,Business Travel,Eco,679,2,2,2,2,3,2,3,3,1,5,1,1,3,2.31,43,87,FALSE
Male,Loyal Customer,37,Personal Travel,Eco,481,1,2,1,3,3,1,3,3,3,5,4,3,3,2.69,110,112,FALSE
Male,Loyal Customer,18,Business Travel,Business,584,5,5,5,5,4,4,4,4,2,1,2,5,4,3.85,0,0,TRUE
Male,Loyal Customer,44,Personal Travel,Eco,300,0,4,0,1,1,0,5,1,5,3,5,3,1,2.23,0,0,TRUE
Male,Loyal Customer,65,Personal Travel,Eco,508,3,4,3,4,3,3,4,3,4,4,5,4,3,3.62,13,12,FALSE
Male,Loyal Customer,56,Business Travel,Business,1726,3,3,3,3,3,4,4,4,4,4,4,5,4,3.69,6,0,TRUE
Female,Loyal Customer,49,Business Travel,Business,3375,3,1,3,3,4,5,5,4,4,4,4,5,4,3.77,0,0,TRUE
Female,Loyal Customer,54,Personal Travel,Eco Plus,192,2,5,2,2,3,4,4,3,3,2,3,4,3,3.08,0,0,FALSE
Male,Loyal Customer,35,Business Travel,Business,2586,4,4,4,4,2,5,5,4,4,4,4,3,3,3.85,0,5,TRUE
Male,Loyal Customer,56,Personal Travel,Business,1325,1,5,1,4,2,4,5,5,5,1,5,4,3,3.46,0,0,FALSE
Male,Loyal Customer,45,Business Travel,Business,321,3,3,3,3,5,5,5,5,5,5,5,4,4,4.23,0,1,TRUE
Female,Loyal Customer,52,Business Travel,Business,2125,1,1,1,1,3,3,4,5,5,5,5,3,4,3.15,0,0,TRUE
Female,Loyal Customer,49,Business Travel,Business,1926,2,2,2,2,5,1,3,4,4,4,4,5,4,3.23,0,0,TRUE
Female,Loyal Customer,44,Business Travel,Business,2886,1,2,2,2,1,4,4,1,1,1,1,4,1,1.92,0,3,FALSE
Male,Loyal Customer,36,Business Travel,Eco,257,5,2,3,2,5,5,5,5,4,2,1,4,5,3.69,0,0,TRUE
Male,Loyal Customer,59,Business Travel,Business,2664,2,5,5,5,3,3,4,2,2,3,2,1,3,3.08,21,18,FALSE
Female,Loyal Customer,30,Business Travel,Business,268,3,3,3,3,3,3,3,3,1,2,3,2,3,2.69,13,10,FALSE
Female,Loyal Customer,45,Business Travel,Eco,461,2,3,3,3,1,3,3,2,2,2,2,2,2,2.31,1,7,FALSE
Female,Disloyal Customer,37,Business Travel,Business,612,4,4,4,4,1,4,1,1,3,5,4,4,1,3.08,0,0,TRUE
Female,Loyal Customer,7,Business Travel,Business,3651,2,1,1,1,2,2,2,2,4,2,4,2,2,2.08,97,85,FALSE
Female,Loyal Customer,34,Business Travel,Business,3686,5,5,5,5,3,4,5,5,5,5,5,3,1,4.31,0,0,TRUE
Female,Loyal Customer,39,Business Travel,Business,745,1,1,1,1,2,5,4,5,5,4,5,3,5,3.23,0,0,TRUE
Male,Loyal Customer,47,Business Travel,Business,2307,0,0,0,4,5,3,3,4,4,4,4,3,4,2.92,0,0,TRUE
Female,Loyal Customer,34,Personal Travel,Eco,552,3,3,3,5,2,3,2,2,1,3,4,4,2,2.85,0,1,FALSE
Male,Loyal Customer,69,Personal Travel,Eco,1346,4,4,4,1,3,4,3,3,4,4,4,4,3,3.46,0,0,FALSE
Female,Loyal Customer,68,Personal Travel,Eco,328,3,5,3,3,3,2,4,2,2,3,2,3,1,2.77,19,12,FALSE
Male,Loyal Customer,51,Business Travel,Business,2861,4,4,4,4,5,5,4,4,4,4,4,3,5,4.15,0,0,TRUE
Female,Loyal Customer,36,Business Travel,Eco Plus,861,5,4,4,4,5,5,5,5,4,5,4,3,5,4.46,0,0,TRUE
Male,Loyal Customer,31,Personal Travel,Business,1440,3,4,3,1,3,3,3,3,5,3,5,3,3,3.23,0,0,FALSE
Female,Loyal Customer,53,Business Travel,Business,366,5,5,2,5,5,5,4,5,5,5,5,3,4,4.46,15,24,TRUE
Female,Loyal Customer,9,Personal Travel,Eco,483,2,3,2,4,5,2,5,5,3,1,3,5,5,3.46,0,0,FALSE
Male,Loyal Customer,41,Personal Travel,Eco,1005,3,4,3,2,3,3,3,3,4,2,5,4,3,3.23,76,116,FALSE
Male,Disloyal Customer,20,Business Travel,Business,2611,3,2,3,4,3,3,2,2,2,4,3,2,2,2.69,193,185,FALSE
Male,Loyal Customer,57,Business Travel,Business,562,4,4,4,4,4,4,4,4,4,4,4,3,3,3.85,12,0,TRUE
Male,Disloyal Customer,38,Business Travel,Business,1670,3,3,3,4,2,3,2,2,3,2,4,4,2,2.85,10,32,FALSE
Female,Disloyal Customer,23,Business Travel,Eco,1085,5,5,5,3,2,5,2,2,3,5,5,3,2,3.62,12,3,TRUE
Female,Loyal Customer,14,Personal Travel,Eco Plus,522,1,4,1,4,5,1,5,5,4,2,4,3,5,3.38,0,5,FALSE
Male,Loyal Customer,54,Personal Travel,Eco,957,2,5,2,1,2,2,5,2,4,3,5,4,2,3,1,4,FALSE
Male,Loyal Customer,50,Business Travel,Eco,679,4,3,3,3,4,4,4,4,2,2,4,2,4,3.31,0,0,TRUE
Female,Disloyal Customer,36,Business Travel,Business,240,4,4,4,2,4,4,4,4,4,5,4,3,4,3.85,6,0,FALSE
Male,Disloyal Customer,47,Business Travel,Business,1017,3,3,3,1,4,3,4,4,3,2,4,3,4,3.15,18,7,FALSE
Female,Loyal Customer,18,Personal Travel,Eco,402,3,1,3,3,5,3,5,5,4,3,4,1,5,3.46,1,0,FALSE
Female,Loyal Customer,38,Business Travel,Business,3949,5,5,1,5,1,1,4,4,4,4,4,1,2,3.15,0,0,TRUE
Female,Disloyal Customer,20,Business Travel,Business,1474,4,0,3,1,2,3,2,2,4,3,5,5,2,2.77,0,0,TRUE
Male,Loyal Customer,35,Business Travel,Business,3158,3,3,4,3,1,2,2,5,5,5,5,5,1,3.38,0,0,TRUE
Male,Loyal Customer,41,Personal Travel,Eco,302,4,4,5,1,4,5,4,4,4,3,4,4,4,3.85,0,0,FALSE
Female,Disloyal Customer,30,Business Travel,Business,408,2,2,2,4,4,2,4,4,4,1,3,4,4,3.08,0,0,FALSE
Female,Loyal Customer,33,Personal Travel,Eco Plus,431,1,5,1,3,5,1,1,5,4,3,4,4,5,3.23,0,0,FALSE
Male,Loyal Customer,32,Personal Travel,Eco,507,2,1,2,3,4,2,4,4,4,3,3,3,4,3,5,10,FALSE
Female,Disloyal Customer,8,Business Travel,Eco,545,3,1,3,4,1,3,1,1,1,5,4,3,1,2.38,0,0,FALSE
Male,Loyal Customer,48,Business Travel,Business,991,4,5,5,5,4,3,3,4,4,4,4,4,4,4.08,0,0,FALSE
Male,Disloyal Customer,26,Business Travel,Eco,861,2,2,2,1,5,2,5,5,1,4,3,5,5,3.23,0,0,FALSE
Male,Loyal Customer,61,Personal Travel,Eco Plus,1844,3,5,3,5,4,3,4,4,4,3,5,5,4,4,25,40,FALSE
Male,Loyal Customer,34,Personal Travel,Eco,1504,3,5,3,2,3,2,2,5,5,2,4,2,2,3.08,146,148,FALSE
Male,Loyal Customer,19,Business Travel,Eco,577,3,4,4,4,3,3,3,3,4,1,4,3,3,3.23,0,0,FALSE
Male,Disloyal Customer,57,Business Travel,Business,119,1,1,1,4,2,1,2,2,5,5,5,4,2,2.69,0,13,FALSE
Female,Loyal Customer,51,Business Travel,Business,3807,0,0,0,2,5,5,5,2,2,4,4,5,3,2.85,1,0,TRUE
Male,Loyal Customer,16,Personal Travel,Eco,226,1,4,1,3,2,1,2,2,5,2,5,3,2,2.54,0,0,FALSE
Male,Loyal Customer,51,Business Travel,Business,3563,2,2,2,2,2,3,4,2,2,2,2,3,1,2.23,0,19,FALSE
Female,Disloyal Customer,20,Business Travel,Eco,433,4,1,4,2,2,4,2,2,3,4,2,1,2,2.54,0,11,TRUE
Male,Loyal Customer,49,Business Travel,Eco,145,3,4,4,4,2,3,2,2,4,2,4,2,2,2.92,19,7,FALSE
Female,Disloyal Customer,34,Business Travel,Eco,775,2,1,1,5,2,1,3,2,1,4,4,4,2,2.46,0,0,FALSE
Male,Loyal Customer,57,Business Travel,Eco Plus,113,2,4,5,4,2,2,2,2,4,1,2,5,2,2.85,0,4,TRUE
Male,Loyal Customer,47,Business Travel,Business,3110,1,1,1,1,4,5,5,5,5,5,5,5,5,3.69,0,0,TRUE
Male,Loyal Customer,78,Business Travel,Eco,323,2,3,3,3,2,2,2,2,2,3,3,1,2,2.31,50,61,FALSE
Male,Loyal Customer,69,Personal Travel,Eco Plus,86,3,2,3,3,4,3,4,4,2,3,4,2,4,3.15,1,3,FALSE
Female,Disloyal Customer,34,Business Travel,Eco,390,1,3,2,3,4,2,4,4,4,2,4,3,4,3.08,12,10,FALSE
Female,Loyal Customer,41,Business Travel,Business,192,3,3,3,3,1,3,3,3,3,2,3,1,2,2.54,0,0,FALSE
Female,Loyal Customer,47,Business Travel,Business,1521,3,3,3,3,5,4,5,4,4,4,4,4,3,3.77,0,0,TRUE
Female,Disloyal Customer,39,Business Travel,Business,697,3,3,3,4,1,3,1,1,3,5,3,1,1,2.46,0,0,FALSE
Female,Loyal Customer,51,Business Travel,Business,2784,2,2,2,2,2,5,5,4,4,4,4,5,5,3.54,0,0,TRUE
Male,Loyal Customer,63,Business Travel,Business,557,3,2,2,2,1,3,4,3,3,3,3,1,1,2.38,66,70,FALSE
Female,Loyal Customer,41,Business Travel,Business,1481,5,3,5,5,5,5,5,4,4,4,4,5,3,4.38,0,0,TRUE
Female,Disloyal Customer,37,Business Travel,Eco,306,3,1,3,4,3,3,3,3,4,4,3,3,3,3.08,0,13,FALSE
Male,Loyal Customer,58,Business Travel,Business,453,5,5,5,5,5,4,5,4,4,5,4,3,4,4.46,0,9,TRUE
Male,Loyal Customer,44,Business Travel,Eco Plus,1855,3,2,2,2,3,3,3,3,3,2,3,1,3,2.54,12,18,FALSE
Male,Loyal Customer,51,Personal Travel,Eco,446,3,5,4,3,3,4,3,3,3,2,5,3,3,3.38,23,50,FALSE
Female,Loyal Customer,64,Personal Travel,Eco,226,4,1,4,4,2,3,3,5,5,4,2,4,2,3.31,0,0,FALSE
Female,Loyal Customer,29,Personal Travel,Eco,965,1,1,1,2,2,1,2,2,3,4,3,1,2,1.92,0,0,FALSE
Male,Loyal Customer,37,Personal Travel,Eco,594,3,4,3,3,1,3,5,1,1,4,3,5,1,2.85,0,0,FALSE
Male,Loyal Customer,42,Business Travel,Business,1379,1,4,4,4,2,4,3,1,1,1,1,2,3,2.38,0,0,FALSE
Male,Loyal Customer,79,Business Travel,Eco,447,4,2,3,2,3,4,3,3,3,2,4,2,3,2.92,15,12,FALSE
Male,Loyal Customer,30,Personal Travel,Eco,2125,4,2,5,4,1,5,1,1,3,5,3,4,1,3,69,48,TRUE
Male,Disloyal Customer,39,Business Travel,Eco,867,1,1,1,2,5,1,2,5,4,1,2,1,5,2.38,1,0,FALSE
Female,Loyal Customer,32,Business Travel,Business,1787,3,3,3,3,5,5,5,5,1,5,3,2,5,3.69,0,0,TRUE
Male,Loyal Customer,51,Business Travel,Business,1870,2,2,2,2,5,5,5,2,2,2,2,5,3,3,0,0,TRUE
Female,Disloyal Customer,29,Business Travel,Business,2402,4,4,4,1,1,4,2,1,3,3,5,3,1,2.77,0,0,FALSE
Female,Loyal Customer,13,Personal Travel,Eco,1303,5,4,5,4,5,5,3,5,5,5,5,5,5,4.69,0,0,TRUE
Female,Loyal Customer,30,Business Travel,Business,2946,3,3,3,3,4,4,4,4,1,4,2,5,4,3.38,0,0,TRUE
Male,Loyal Customer,38,Business Travel,Business,1605,5,5,5,5,4,5,5,4,4,4,4,3,4,4.38,33,42,TRUE
Female,Loyal Customer,36,Personal Travel,Eco,1183,5,4,5,3,3,5,3,3,5,5,4,4,3,4,0,0,TRUE
Female,Loyal Customer,36,Business Travel,Business,213,0,4,0,3,3,4,4,1,1,1,1,5,5,2.46,0,0,TRUE
Female,Loyal Customer,66,Business Travel,Business,2727,3,1,1,1,3,3,3,3,3,3,3,1,2,2.31,0,0,FALSE
Male,Loyal Customer,46,Business Travel,Business,237,3,3,3,3,4,3,3,3,3,3,3,4,4,3.23,13,6,FALSE
Female,Loyal Customer,7,Personal Travel,Eco,334,3,5,3,2,5,3,5,5,5,2,4,3,5,3.85,0,8,FALSE
Male,Loyal Customer,41,Business Travel,Business,1590,4,4,4,4,3,4,4,4,4,4,4,4,5,4,0,0,TRUE
Male,Loyal Customer,15,Personal Travel,Eco,985,3,4,2,3,3,2,3,3,5,2,4,4,3,3.15,130,125,FALSE
Male,Loyal Customer,33,Personal Travel,Eco Plus,821,2,4,2,3,1,2,1,1,1,5,4,3,1,2.31,25,23,FALSE
Female,Loyal Customer,47,Personal Travel,Eco,562,4,5,4,1,2,4,5,4,4,4,2,3,3,3.46,2,2,FALSE
Male,Loyal Customer,57,Business Travel,Business,3380,5,5,5,5,2,5,4,5,5,5,5,5,5,4.69,0,0,TRUE
Female,Loyal Customer,27,Business Travel,Business,2372,1,1,1,1,5,5,5,5,4,4,1,4,5,3.23,0,4,TRUE
Female,Loyal Customer,67,Business Travel,Business,405,2,2,2,2,3,2,2,2,2,2,2,3,1,2.08,56,30,FALSE
Female,Loyal Customer,23,Personal Travel,Business,1703,4,1,5,2,3,5,3,3,4,1,2,2,3,2.92,10,0,TRUE
Female,Loyal Customer,22,Personal Travel,Eco Plus,414,3,3,3,1,5,3,5,5,4,4,1,5,5,3.62,27,20,FALSE
Female,Disloyal Customer,25,Business Travel,Eco Plus,227,1,4,2,3,1,2,2,1,2,5,3,4,1,2.38,0,0,FALSE
Male,Loyal Customer,46,Business Travel,Business,1832,3,4,1,1,4,4,3,3,3,3,3,1,1,2.62,0,0,FALSE
Male,Loyal Customer,12,Personal Travel,Eco,1874,5,1,5,3,4,5,4,4,1,3,2,4,4,3.46,18,2,TRUE
Male,Loyal Customer,42,Personal Travel,Eco,606,3,3,3,1,5,3,5,5,5,1,1,5,5,3.46,26,11,FALSE
Female,Loyal Customer,55,Business Travel,Business,3744,2,2,2,2,2,4,4,3,3,4,3,4,4,3,7,1,TRUE
Female,Loyal Customer,26,Personal Travel,Eco Plus,2475,4,3,5,4,5,1,1,3,3,3,5,1,1,3,119,99,FALSE
Male,Loyal Customer,43,Business Travel,Business,533,2,2,2,2,2,5,4,5,5,4,5,4,4,3.54,36,27,TRUE
Male,Disloyal Customer,22,Business Travel,Eco,102,3,3,4,1,2,4,2,2,4,3,4,2,2,2.77,0,0,FALSE
Female,Disloyal Customer,34,Business Travel,Eco,689,3,3,3,3,3,3,1,3,2,2,3,2,3,2.62,0,0,FALSE
Female,Loyal Customer,43,Business Travel,Business,1788,1,1,5,1,4,2,2,1,1,1,1,4,2,2,18,16,FALSE
Male,Loyal Customer,40,Business Travel,Eco,200,3,2,2,2,3,3,3,3,2,2,3,3,3,2.62,69,64,FALSE
Female,Disloyal Customer,45,Business Travel,Business,1400,1,1,1,2,1,1,1,1,4,4,4,5,1,2.08,2,15,FALSE
Female,Loyal Customer,42,Personal Travel,Eco,610,3,2,3,3,1,2,3,2,2,3,3,2,4,2.54,0,0,FALSE
Female,Loyal Customer,60,Personal Travel,Eco,447,1,5,1,3,5,4,5,3,3,1,3,3,5,3.23,0,5,FALSE
Female,Disloyal Customer,20,Business Travel,Business,1144,4,0,4,2,2,4,2,2,5,5,5,5,2,3.23,75,129,TRUE
Female,Loyal Customer,51,Business Travel,Business,944,4,5,5,5,2,4,4,4,4,4,4,3,1,3.77,0,0,FALSE
Female,Loyal Customer,80,Business Travel,Business,3825,4,1,1,1,5,3,3,4,4,4,4,1,4,3,1,0,FALSE
Male,Loyal Customer,27,Business Travel,Business,2839,4,5,4,4,5,5,5,5,3,3,5,5,5,4.46,78,56,TRUE
Female,Loyal Customer,30,Business Travel,Business,223,2,2,3,2,4,4,4,4,5,4,2,3,4,3.31,0,0,TRUE
Male,Loyal Customer,60,Business Travel,Business,2725,2,2,4,2,3,5,4,4,4,4,4,4,4,3.54,79,54,TRUE
Male,Disloyal Customer,21,Business Travel,Business,337,4,4,4,1,5,4,5,5,5,2,4,5,5,4.08,46,43,TRUE
Female,Loyal Customer,58,Business Travel,Business,3554,2,1,1,1,4,4,3,2,2,2,2,4,3,2.38,0,6,FALSE
Male,Loyal Customer,57,Business Travel,Business,201,4,3,4,4,2,5,5,5,5,5,4,4,3,4.08,0,0,TRUE
Male,Loyal Customer,50,Personal Travel,Eco,405,3,5,3,1,4,3,5,4,5,4,4,5,4,3.85,15,7,FALSE
Male,Loyal Customer,28,Personal Travel,Eco,1166,3,4,3,3,3,3,5,3,3,2,4,4,3,3.31,28,25,FALSE
Female,Loyal Customer,16,Business Travel,Eco Plus,690,4,4,4,4,4,4,3,4,3,1,4,4,4,3.62,38,46,FALSE
Male,Loyal Customer,63,Business Travel,Business,3947,0,0,0,3,4,1,2,2,2,2,2,4,4,2,0,0,TRUE
Male,Loyal Customer,24,Business Travel,Eco Plus,1616,3,1,1,1,3,3,2,3,3,3,2,3,3,2.38,38,79,FALSE
Male,Loyal Customer,53,Business Travel,Business,3552,3,3,2,3,2,2,3,4,4,4,4,1,2,2.85,0,5,TRUE
Female,Loyal Customer,62,Business Travel,Business,3689,3,3,3,3,2,2,2,3,3,3,3,3,4,2.85,37,23,FALSE
Male,Loyal Customer,40,Business Travel,Eco,1956,5,2,4,2,5,5,5,5,3,2,4,5,5,4,0,0,TRUE
Female,Loyal Customer,45,Personal Travel,Eco Plus,816,5,0,5,4,2,5,5,3,3,5,3,5,5,3.85,0,0,TRUE
Male,Loyal Customer,46,Business Travel,Eco,516,5,2,2,2,5,5,5,5,5,1,1,2,5,3.46,6,29,TRUE
Male,Disloyal Customer,8,Business Travel,Eco,756,2,1,1,4,4,2,4,4,1,3,3,3,4,2.77,40,30,FALSE
Female,Loyal Customer,43,Personal Travel,Eco,483,1,3,1,5,4,5,2,5,5,1,5,5,5,3.62,0,0,FALSE
Female,Disloyal Customer,27,Business Travel,Eco,1085,2,2,2,4,2,2,2,2,3,1,3,1,2,2.15,21,10,FALSE
Female,Disloyal Customer,24,Business Travel,Business,599,2,1,1,2,3,1,3,3,2,5,2,4,3,2.46,23,9,FALSE
Female,Loyal Customer,48,Business Travel,Business,2402,1,1,5,1,4,4,4,4,3,3,4,4,4,3.23,0,0,TRUE
Female,Loyal Customer,42,Business Travel,Eco,1024,4,3,3,3,5,3,4,4,4,4,4,3,5,3.77,0,0,TRUE
Female,Loyal Customer,40,Business Travel,Business,406,1,1,1,1,4,4,4,5,5,5,5,5,4,3.46,13,20,TRUE
Male,Loyal Customer,39,Business Travel,Business,581,4,4,4,4,2,4,4,4,4,4,4,3,4,3.77,3,0,TRUE
Male,Loyal Customer,37,Business Travel,Eco,612,2,1,1,1,2,2,2,2,3,2,4,4,2,2.15,0,0,FALSE
Male,Loyal Customer,29,Personal Travel,Eco,255,2,4,2,4,4,2,4,4,3,3,3,2,4,3.15,0,0,FALSE
Female,Loyal Customer,51,Personal Travel,Eco,679,4,4,4,1,2,5,4,1,1,4,1,5,5,3.15,0,0,FALSE
Male,Loyal Customer,30,Business Travel,Business,1912,1,5,5,5,1,1,1,1,3,5,4,4,1,2.85,91,123,FALSE
Male,Loyal Customer,62,Personal Travel,Eco,406,2,5,2,1,1,2,1,1,5,4,5,5,1,2.69,0,0,FALSE
Female,Disloyal Customer,25,Business Travel,Eco,271,2,2,3,3,5,3,5,5,4,3,3,2,5,3.46,0,0,FALSE
Female,Loyal Customer,10,Personal Travel,Eco,402,1,5,1,1,2,1,2,2,2,4,5,2,2,2.31,0,0,FALSE
Female,Loyal Customer,32,Business Travel,Eco,1999,4,2,2,2,4,4,4,4,3,1,2,3,4,3,0,19,FALSE
Male,Loyal Customer,49,Business Travel,Business,3183,2,2,2,2,3,4,4,5,5,5,5,3,4,3.54,7,7,TRUE
Female,Loyal Customer,47,Business Travel,Business,2098,3,3,3,3,2,2,5,4,4,4,4,3,5,3.46,5,0,TRUE
Female,Disloyal Customer,24,Business Travel,Eco,357,4,0,4,2,4,4,4,4,3,3,1,3,4,3.08,12,2,TRUE
Male,Loyal Customer,54,Business Travel,Business,1916,4,4,4,4,3,3,5,4,4,4,4,5,5,4.08,0,0,TRUE
Female,Loyal Customer,55,Personal Travel,Eco,1020,1,1,2,4,3,3,4,3,3,2,3,4,2,2.69,0,0,FALSE
Female,Disloyal Customer,85,Business Travel,Business,617,3,3,3,4,3,1,1,3,1,3,3,1,1,2.31,58,59,FALSE
Female,Loyal Customer,8,Personal Travel,Eco,529,2,5,2,2,2,2,2,2,3,5,4,3,2,2.77,0,0,FALSE
Male,Loyal Customer,40,Business Travel,Business,1444,2,4,3,3,1,3,4,2,2,2,2,1,3,2.46,0,0,FALSE
Male,Disloyal Customer,17,Business Travel,Eco,1535,1,1,1,4,3,1,3,3,4,2,3,4,3,2.54,0,16,FALSE
Female,Loyal Customer,55,Personal Travel,Eco,787,2,1,2,3,1,2,2,2,2,2,2,1,2,1.85,51,68,FALSE
Female,Loyal Customer,11,Personal Travel,Eco,1017,2,4,2,4,5,2,5,5,3,2,4,3,5,3.54,0,0,FALSE
Female,Loyal Customer,49,Business Travel,Business,2866,3,4,3,3,1,1,5,3,3,3,3,4,5,3.15,0,13,TRUE
Female,Disloyal Customer,23,Business Travel,Eco,1360,2,2,2,1,1,2,1,1,4,2,4,3,1,2,0,0,FALSE
Female,Loyal Customer,77,Business Travel,Business,1844,3,5,5,5,4,4,4,3,3,2,3,1,1,3.31,11,25,FALSE
Male,Loyal Customer,50,Business Travel,Business,3706,5,5,5,5,4,4,4,4,4,5,4,5,3,4.38,0,0,TRUE
Female,Loyal Customer,60,Personal Travel,Business,1927,1,4,1,3,2,4,5,4,4,1,4,4,5,3.23,18,0,FALSE
Female,Disloyal Customer,27,Business Travel,Eco,1013,1,1,1,3,1,1,1,1,3,3,2,4,1,1.77,53,47,FALSE
Female,Loyal Customer,31,Business Travel,Business,2146,3,1,1,1,3,3,3,3,1,2,4,3,3,2.38,3,0,FALSE
Female,Loyal Customer,40,Personal Travel,Eco,213,3,0,3,3,2,3,2,2,3,3,5,4,2,2.69,0,0,FALSE
Female,Loyal Customer,30,Business Travel,Business,899,3,3,4,3,5,5,5,5,3,2,2,3,5,3.69,0,0,TRUE
Male,Loyal Customer,37,Business Travel,Business,331,5,5,5,5,3,5,4,5,5,5,5,3,4,4.54,0,0,TRUE
Male,Loyal Customer,24,Business Travel,Business,3742,3,4,4,4,3,3,3,3,2,4,4,4,3,3.38,0,0,FALSE
Female,Loyal Customer,52,Personal Travel,Eco,120,4,2,0,3,2,3,3,5,5,0,5,4,4,3.08,0,0,TRUE
Female,Loyal Customer,58,Personal Travel,Eco,188,3,4,3,4,4,4,4,1,1,3,5,3,3,3.23,0,0,FALSE
Male,Loyal Customer,27,Personal Travel,Eco,331,4,2,4,4,1,4,1,1,4,1,4,2,1,2.54,0,0,FALSE
Female,Loyal Customer,50,Business Travel,Eco,859,3,2,2,2,5,5,5,3,3,3,3,2,5,3.31,0,0,TRUE
Male,Loyal Customer,30,Business Travel,Business,306,3,3,3,3,5,5,5,5,4,2,5,5,5,4.08,0,0,TRUE
Female,Loyal Customer,45,Business Travel,Business,883,1,1,1,1,5,4,5,4,4,5,4,3,5,3.31,18,2,TRUE
Female,Loyal Customer,23,Business Travel,Business,2982,3,3,3,3,5,5,5,5,1,1,2,3,5,3.38,0,0,TRUE
Female,Loyal Customer,28,Business Travel,Business,3094,3,3,3,3,4,4,4,4,1,5,1,3,4,3.23,0,0,TRUE
Male,Loyal Customer,42,Business Travel,Eco,211,3,4,4,4,4,3,4,4,3,5,4,4,4,3.85,0,0,FALSE
Male,Disloyal Customer,21,Business Travel,Eco,689,1,1,1,4,4,1,4,4,4,1,3,2,4,2.62,11,18,FALSE
Female,Loyal Customer,38,Business Travel,Eco,300,1,1,1,1,1,1,1,1,1,4,3,3,1,1.54,40,30,FALSE
Female,Loyal Customer,21,Personal Travel,Eco,460,2,3,2,1,2,2,2,2,3,2,1,4,2,2.15,0,0,FALSE
Female,Loyal Customer,57,Personal Travel,Eco,272,4,0,4,1,3,4,5,3,3,4,3,4,3,3.15,0,0,TRUE
Female,Loyal Customer,22,Personal Travel,Eco,102,0,3,0,3,5,0,5,5,1,3,4,3,5,2.85,0,0,TRUE
Female,Loyal Customer,59,Business Travel,Business,2990,2,5,5,5,5,4,3,2,2,2,2,4,3,3.38,0,0,FALSE
Male,Loyal Customer,56,Business Travel,Business,733,5,5,5,5,5,5,5,4,4,4,4,3,5,4.54,21,9,TRUE
Female,Disloyal Customer,38,Business Travel,Eco,667,3,4,3,3,2,3,2,2,1,4,3,1,2,2.54,0,0,FALSE
Female,Loyal Customer,53,Business Travel,Eco,1203,4,3,3,3,1,3,3,4,4,4,4,1,1,2.92,0,0,FALSE
Female,Loyal Customer,54,Personal Travel,Eco,758,3,4,3,1,2,5,5,3,3,3,3,4,4,3.31,0,3,FALSE
Female,Loyal Customer,43,Personal Travel,Eco,913,3,4,3,4,3,5,4,1,1,3,1,3,5,3.08,0,13,FALSE
Female,Loyal Customer,43,Business Travel,Business,264,1,2,2,2,3,4,4,1,1,1,1,3,3,2.15,0,0,FALSE
Male,Loyal Customer,55,Business Travel,Eco,1224,2,3,3,3,2,2,2,2,2,2,2,1,2,2.15,0,2,FALSE
Male,Loyal Customer,42,Business Travel,Business,2363,2,2,3,2,4,4,4,4,4,4,4,4,3,3.38,0,0,TRUE
Female,Loyal Customer,30,Personal Travel,Eco,1990,2,3,2,2,1,2,1,1,1,3,3,4,1,2,0,0,FALSE
Male,Loyal Customer,56,Business Travel,Business,2530,5,5,5,5,5,5,5,5,5,5,5,4,3,4.77,0,0,TRUE
Male,Disloyal Customer,36,Business Travel,Business,468,4,4,4,4,2,4,2,2,5,2,5,5,2,3.46,0,0,FALSE
Male,Disloyal Customer,34,Business Travel,Eco,262,2,4,2,2,2,2,4,2,1,2,3,5,2,2.54,0,0,FALSE
Female,Loyal Customer,34,Business Travel,Business,1981,3,5,1,5,3,3,3,3,3,3,3,2,4,3.15,0,0,FALSE
Female,Loyal Customer,50,Business Travel,Business,1598,1,1,1,1,2,3,2,4,4,4,4,3,5,2.69,0,0,TRUE
Female,Disloyal Customer,38,Business Travel,Eco,337,5,4,5,3,2,5,2,2,4,3,4,2,2,3.31,0,8,TRUE
Male,Loyal Customer,68,Personal Travel,Eco,850,3,3,3,3,5,3,5,5,4,2,3,3,5,3.62,0,0,FALSE
Male,Loyal Customer,51,Business Travel,Eco,122,2,5,3,5,2,2,2,2,5,2,5,2,2,3,0,0,TRUE
Female,Loyal Customer,44,Business Travel,Business,2704,4,4,4,4,5,5,5,4,4,4,5,5,5,4.46,0,0,TRUE
Female,Disloyal Customer,25,Business Travel,Business,251,3,0,3,2,4,3,1,4,5,4,4,5,4,3.23,16,15,FALSE
Female,Loyal Customer,51,Business Travel,Business,2049,1,1,1,1,4,4,5,4,4,4,4,5,4,3.23,0,0,TRUE
Female,Loyal Customer,19,Personal Travel,Eco,907,4,4,4,4,5,4,4,5,3,3,5,5,5,4.23,0,0,TRUE
Female,Disloyal Customer,27,Business Travel,Business,425,0,0,0,2,3,0,3,3,4,4,5,4,3,2.38,21,15,TRUE
Female,Loyal Customer,33,Business Travel,Eco Plus,1235,4,2,2,2,4,4,4,4,2,2,3,2,4,3,0,0,TRUE
Male,Loyal Customer,28,Personal Travel,Eco,158,3,5,3,5,4,3,4,4,3,3,4,4,4,3.77,0,0,FALSE
Male,Loyal Customer,10,Personal Travel,Business,259,4,5,4,2,5,4,5,5,3,3,1,5,5,3.92,0,0,TRUE
Male,Loyal Customer,52,Business Travel,Business,1959,4,4,4,4,3,5,4,4,4,4,4,4,3,3.92,0,0,TRUE
Female,Disloyal Customer,22,Business Travel,Eco,456,4,0,4,5,1,4,1,1,1,5,4,2,1,2.54,0,0,TRUE
Male,Disloyal Customer,38,Business Travel,Business,407,4,4,4,3,5,4,5,5,2,1,4,1,5,3.62,0,0,FALSE
Female,Loyal Customer,10,Personal Travel,Eco,296,1,5,1,3,1,2,2,3,5,4,4,2,2,2.69,252,255,FALSE
Male,Loyal Customer,61,Personal Travel,Eco,2475,1,1,1,3,4,1,4,4,2,4,3,3,4,2.69,4,0,FALSE
Male,Loyal Customer,56,Business Travel,Business,1717,2,2,2,2,2,5,4,5,5,5,5,5,3,3.62,11,0,TRUE
Male,Loyal Customer,36,Personal Travel,Eco,363,3,4,3,4,5,3,5,5,4,5,5,5,5,4.31,0,0,FALSE
Male,Loyal Customer,14,Personal Travel,Eco,500,2,4,2,4,2,3,3,3,3,4,4,3,3,3.08,131,114,FALSE
Female,Loyal Customer,62,Business Travel,Business,3784,2,2,2,2,5,5,5,4,2,5,4,5,5,3.69,260,279,TRUE
Female,Loyal Customer,48,Business Travel,Business,3230,4,4,4,4,4,5,5,3,3,3,3,3,4,3.77,14,16,TRUE
Female,Loyal Customer,42,Personal Travel,Eco Plus,919,4,5,4,4,4,2,1,3,3,4,3,3,2,3.23,12,0,FALSE
Female,Loyal Customer,35,Personal Travel,Eco,134,3,0,3,4,4,3,4,4,4,5,5,3,4,3.54,58,59,FALSE
Male,Loyal Customer,60,Business Travel,Eco Plus,399,5,4,4,4,5,5,5,5,2,4,3,2,5,4.08,0,0,TRUE
Female,Disloyal Customer,22,Business Travel,Eco,1052,4,4,4,1,1,4,1,1,5,3,5,4,1,2.92,0,0,FALSE
Male,Loyal Customer,67,Personal Travel,Eco,147,5,5,0,4,4,0,4,4,3,5,5,4,4,3.62,0,0,TRUE
Male,Loyal Customer,44,Business Travel,Business,2035,3,3,5,3,1,2,3,4,4,5,5,4,3,3.46,3,0,TRUE
Female,Loyal Customer,55,Business Travel,Business,2034,2,3,3,3,3,4,4,2,2,2,2,4,4,2.92,0,6,FALSE
Female,Disloyal Customer,44,Business Travel,Eco Plus,328,2,3,3,3,5,2,5,5,1,2,4,4,5,3.38,49,44,FALSE
Female,Loyal Customer,25,Personal Travel,Eco,432,2,2,2,4,1,2,1,1,2,5,4,4,1,2.38,3,0,FALSE
Female,Loyal Customer,50,Business Travel,Business,2798,4,4,5,4,2,4,5,4,4,5,4,4,3,4,0,0,TRUE
Male,Loyal Customer,53,Business Travel,Business,1691,5,5,3,5,2,4,5,4,4,4,4,5,4,4.15,0,0,TRUE
Female,Loyal Customer,8,Business Travel,Eco Plus,817,4,5,5,5,4,4,4,4,5,1,2,5,4,4,0,0,TRUE
Female,Loyal Customer,31,Personal Travel,Business,802,2,3,2,2,3,2,1,3,5,5,5,4,3,3.08,14,0,FALSE
Male,Loyal Customer,25,Business Travel,Eco,373,1,2,2,2,1,1,2,1,4,1,4,3,1,1.92,1,9,FALSE
Female,Disloyal Customer,39,Business Travel,Business,580,4,4,4,4,5,4,1,5,3,4,4,3,5,3.85,44,38,TRUE
Male,Loyal Customer,18,Personal Travel,Eco,1249,1,1,1,3,3,1,5,3,2,3,2,4,3,2.46,0,0,FALSE
Female,Loyal Customer,44,Business Travel,Eco,829,2,2,2,2,1,2,3,2,2,2,2,1,2,1.92,50,61,FALSE
Female,Loyal Customer,16,Business Travel,Eco,643,1,1,1,1,1,1,4,1,1,5,3,3,1,1.85,0,6,FALSE
Female,Loyal Customer,14,Personal Travel,Eco,972,2,5,2,2,5,2,5,5,5,4,5,3,5,3.85,0,0,FALSE
Female,Disloyal Customer,33,Business Travel,Business,607,3,3,3,4,2,3,2,2,5,2,5,4,2,3.08,73,125,FALSE
Male,Disloyal Customer,15,Business Travel,Eco,456,4,2,4,4,5,4,5,5,1,2,4,4,5,3.77,4,66,FALSE
Male,Loyal Customer,32,Personal Travel,Eco,119,2,1,2,3,3,2,3,3,3,1,3,4,3,2.54,0,0,FALSE
Female,Disloyal Customer,37,Business Travel,Eco,675,2,2,2,3,2,2,2,2,1,2,3,2,2,2.08,0,0,FALSE
Female,Loyal Customer,61,Personal Travel,Eco Plus,719,3,4,3,1,5,4,5,3,3,3,3,5,3,3.46,56,58,FALSE
Male,Loyal Customer,53,Business Travel,Business,3919,2,3,3,3,1,2,3,2,2,2,2,2,4,2.38,0,6,FALSE
Male,Loyal Customer,25,Business Travel,Business,3142,5,5,5,5,5,5,5,5,3,2,4,5,5,4.54,6,0,TRUE
Female,Loyal Customer,56,Business Travel,Business,1504,2,4,4,4,1,3,3,2,2,2,2,3,2,2.62,0,5,FALSE
Female,Loyal Customer,37,Personal Travel,Eco,1747,1,2,1,4,4,1,1,4,3,3,4,1,4,2.54,0,0,FALSE
Female,Loyal Customer,47,Business Travel,Business,2836,5,5,5,5,3,5,5,5,5,5,5,5,5,4.85,0,0,TRUE
Male,Loyal Customer,62,Business Travel,Business,3005,3,4,3,3,2,5,5,4,4,4,4,4,4,3.77,0,0,TRUE
Male,Loyal Customer,20,Personal Travel,Eco Plus,1521,2,2,2,4,3,2,3,3,2,1,4,4,3,2.69,0,0,FALSE
Female,Loyal Customer,35,Business Travel,Eco,533,5,1,2,1,5,5,5,5,1,1,5,5,5,3.54,69,71,TRUE
Male,Loyal Customer,61,Personal Travel,Eco,304,4,1,4,3,2,4,2,2,3,4,3,2,2,2.77,0,0,TRUE
Female,Loyal Customer,59,Business Travel,Business,1158,3,3,3,3,3,5,2,5,5,5,5,3,4,3.77,0,0,TRUE
Female,Loyal Customer,45,Personal Travel,Eco,547,3,2,3,4,1,4,4,3,3,3,3,2,1,2.77,0,0,FALSE
Male,Loyal Customer,33,Business Travel,Business,3801,1,0,0,4,5,0,5,5,2,2,3,4,5,2.77,19,10,FALSE
Male,Loyal Customer,59,Business Travel,Business,73,3,5,3,3,5,4,4,3,3,4,5,4,4,3.85,13,18,TRUE
Female,Disloyal Customer,23,Business Travel,Eco,302,1,5,1,3,2,1,5,2,4,1,2,3,2,2.46,3,0,FALSE
Female,Loyal Customer,8,Business Travel,Business,3183,2,5,5,5,2,2,2,2,4,2,3,2,2,2.92,0,0,FALSE
Female,Loyal Customer,35,Business Travel,Business,3203,3,3,3,3,3,5,4,5,5,5,5,5,3,4,0,0,TRUE
Female,Loyal Customer,52,Business Travel,Business,370,1,1,2,1,4,5,4,2,2,2,2,4,4,2.62,23,22,TRUE
Male,Loyal Customer,49,Personal Travel,Eco,113,3,1,3,4,2,3,2,2,1,2,3,1,2,2.23,3,5,FALSE
Female,Loyal Customer,62,Personal Travel,Eco,1020,2,4,2,1,2,3,1,1,1,2,1,4,4,2.15,0,2,FALSE
Female,Loyal Customer,26,Personal Travel,Eco,930,2,4,3,1,2,3,1,2,3,4,5,3,2,2.69,23,22,FALSE
Male,Loyal Customer,38,Personal Travel,Eco Plus,1846,3,0,3,2,2,3,2,2,5,3,3,4,2,2.62,25,27,FALSE
Male,Disloyal Customer,22,Business Travel,Business,808,0,5,0,1,3,0,3,3,3,4,4,3,3,2.46,0,7,TRUE
Female,Loyal Customer,58,Business Travel,Business,2070,2,2,2,2,3,1,5,5,5,5,4,5,4,3.46,0,0,TRUE
Male,Loyal Customer,38,Business Travel,Business,986,1,1,1,1,1,1,4,2,2,2,2,2,2,1.69,0,0,TRUE
Female,Loyal Customer,66,Personal Travel,Eco,337,3,3,3,2,3,5,5,1,2,3,1,5,5,3.15,132,140,FALSE
Female,Loyal Customer,30,Personal Travel,Eco,813,3,0,3,2,1,3,1,1,5,2,4,4,1,2.31,0,0,FALSE
Male,Loyal Customer,30,Business Travel,Business,2439,2,2,3,2,4,4,4,4,3,5,5,4,4,3.54,0,0,TRUE
Male,Loyal Customer,40,Business Travel,Business,3620,4,4,4,4,2,4,3,5,5,5,5,5,5,4.23,0,0,TRUE
Female,Loyal Customer,41,Business Travel,Business,2217,0,5,0,1,4,4,5,5,5,5,5,3,4,3.54,0,0,TRUE
Male,Loyal Customer,33,Personal Travel,Eco,156,4,4,4,2,5,4,5,5,5,1,2,2,5,3.69,6,7,FALSE
Female,Disloyal Customer,25,Business Travel,Eco,414,1,1,1,3,5,1,5,5,4,3,3,1,5,2.92,0,0,FALSE
Male,Loyal Customer,44,Business Travel,Business,3819,3,3,3,3,3,4,4,5,5,4,5,3,3,3.69,0,0,TRUE
Male,Loyal Customer,56,Business Travel,Business,2836,4,5,4,4,4,4,4,4,4,5,4,4,4,4.15,1,0,TRUE
Female,Loyal Customer,64,Personal Travel,Eco Plus,1142,1,3,1,3,3,2,3,3,3,1,3,1,3,2.31,31,32,FALSE
Female,Loyal Customer,45,Business Travel,Eco Plus,908,4,4,4,4,3,3,1,4,4,4,4,2,2,3.31,0,0,TRUE
Female,Loyal Customer,32,Personal Travel,Eco,528,2,4,2,1,1,2,1,1,3,3,4,3,1,2.15,0,19,FALSE
Female,Loyal Customer,18,Personal Travel,Eco,2400,3,5,3,2,3,2,2,3,4,4,5,2,2,3.08,0,0,FALSE
Male,Loyal Customer,66,Business Travel,Eco Plus,707,4,3,3,3,4,4,4,4,2,4,4,5,4,3.69,0,0,TRUE
Female,Loyal Customer,25,Personal Travel,Eco,468,2,4,2,4,3,2,3,3,2,5,4,2,3,3,0,0,FALSE
Male,Loyal Customer,67,Business Travel,Business,3069,3,3,4,3,2,3,4,3,3,3,3,1,4,3,1,7,FALSE
Male,Loyal Customer,27,Business Travel,Eco,308,5,4,4,4,5,5,5,5,5,5,1,5,5,4.46,0,0,TRUE
Male,Disloyal Customer,26,Business Travel,Business,1067,3,3,3,1,2,3,2,2,3,4,5,5,2,2.92,0,0,FALSE
Male,Loyal Customer,42,Business Travel,Business,2630,3,3,3,3,2,5,4,4,4,4,4,4,3,3.54,5,0,TRUE
Female,Loyal Customer,13,Personal Travel,Eco,302,2,2,2,4,5,2,5,5,1,3,3,3,5,3.23,0,0,FALSE
Female,Loyal Customer,40,Business Travel,Eco,674,3,5,5,5,3,4,3,3,4,3,5,1,3,3.62,4,7,TRUE
Female,Loyal Customer,31,Business Travel,Business,1747,2,2,2,2,2,2,2,2,4,2,3,4,2,2.38,24,17,FALSE
Female,Loyal Customer,55,Business Travel,Eco Plus,1416,2,4,5,4,4,4,4,2,2,2,2,1,2,2.92,0,0,FALSE
Female,Loyal Customer,30,Business Travel,Business,674,3,4,4,4,3,3,3,3,2,2,4,3,3,3.15,15,11,FALSE
Female,Loyal Customer,11,Personal Travel,Eco,547,4,2,4,3,5,4,5,5,1,3,4,4,5,3.77,4,0,FALSE
Male,Disloyal Customer,35,Business Travel,Business,1501,3,3,3,3,4,3,4,4,3,3,4,3,4,3.38,13,19,FALSE
Female,Loyal Customer,67,Personal Travel,Eco,1773,3,5,3,2,5,5,4,5,5,3,5,3,5,4.08,0,13,FALSE
Female,Loyal Customer,47,Business Travel,Business,2133,3,3,3,3,4,5,5,4,4,4,4,3,3,3.69,0,1,TRUE
Male,Disloyal Customer,38,Business Travel,Eco,288,3,3,3,4,5,3,5,5,4,4,4,1,5,3.77,7,6,FALSE
Male,Disloyal Customer,25,Business Travel,Eco,1012,2,2,2,4,2,2,2,2,4,3,3,4,2,2.62,10,13,FALSE
Male,Loyal Customer,60,Business Travel,Eco,2399,4,3,3,3,4,3,3,3,5,1,2,3,3,3.08,0,19,FALSE
Female,Loyal Customer,59,Personal Travel,Eco,950,4,3,4,5,4,1,1,5,5,4,5,2,1,3.38,0,0,FALSE
Male,Loyal Customer,43,Personal Travel,Eco,1452,4,4,4,4,4,4,2,4,3,3,4,3,4,3.62,0,2,TRUE
Male,Loyal Customer,42,Business Travel,Business,533,4,4,4,4,3,5,4,4,4,4,4,5,4,4.08,2,0,TRUE
Male,Loyal Customer,37,Personal Travel,Eco,422,2,5,3,1,2,3,4,2,3,2,3,2,2,2.62,0,0,FALSE
Female,Loyal Customer,66,Personal Travel,Eco,238,2,2,2,3,5,3,4,2,2,2,2,2,1,2.46,0,10,FALSE
Female,Loyal Customer,55,Business Travel,Business,2517,4,3,3,3,3,4,3,4,4,4,4,2,4,3.46,0,0,FALSE
Male,Loyal Customer,51,Personal Travel,Eco,358,1,5,1,2,2,1,2,2,3,2,4,4,2,2.38,0,0,FALSE
Female,Disloyal Customer,39,Business Travel,Eco,134,1,4,1,4,5,1,1,5,1,2,4,1,5,2.69,23,29,FALSE
Female,Disloyal Customer,24,Business Travel,Business,1390,5,0,5,1,4,5,4,4,4,4,5,4,4,3.77,34,19,TRUE
Female,Loyal Customer,29,Business Travel,Business,3355,3,3,3,3,4,3,4,4,3,3,4,3,4,3.38,3,0,TRUE
Female,Disloyal Customer,43,Business Travel,Business,1642,2,2,2,1,4,2,4,4,5,3,5,5,4,3.31,10,21,FALSE
Female,Loyal Customer,49,Business Travel,Business,1873,4,4,4,4,3,4,4,5,5,5,5,5,3,4.23,8,6,TRUE
Male,Loyal Customer,29,Business Travel,Business,3775,2,2,2,2,4,4,4,4,4,1,3,1,4,2.85,9,0,TRUE
Female,Loyal Customer,41,Business Travel,Business,2189,1,1,1,1,5,5,5,3,3,4,3,4,4,3.08,0,1,TRUE
Male,Disloyal Customer,43,Business Travel,Eco Plus,122,4,3,3,4,3,4,3,3,2,2,3,2,3,3,0,0,FALSE
Female,Loyal Customer,66,Personal Travel,Eco,2681,1,4,1,3,1,2,2,3,1,3,5,2,2,2.31,0,0,FALSE
Male,Loyal Customer,49,Business Travel,Eco,590,2,2,2,2,2,2,2,2,4,1,3,2,2,2.15,0,0,FALSE
Female,Loyal Customer,27,Business Travel,Business,3658,2,4,5,4,2,2,2,2,1,3,4,4,2,2.85,0,0,FALSE
Female,Loyal Customer,49,Business Travel,Business,2139,1,1,1,1,2,5,5,3,3,4,3,5,4,2.92,0,0,TRUE
Female,Disloyal Customer,24,Business Travel,Eco,874,2,2,2,3,5,2,5,5,1,2,4,3,5,3.15,0,0,FALSE
Female,Loyal Customer,25,Personal Travel,Eco,1195,2,2,2,2,5,2,5,5,2,2,2,3,5,3,0,0,FALSE
Male,Loyal Customer,25,Business Travel,Business,1062,2,2,2,2,4,5,4,4,3,4,4,4,4,3.38,84,78,TRUE
Male,Loyal Customer,48,Business Travel,Business,1592,4,1,1,1,4,2,3,4,4,4,4,1,3,2.77,10,0,FALSE
Female,Loyal Customer,21,Business Travel,Business,628,4,4,4,4,5,5,5,5,3,4,5,5,5,4.46,0,5,TRUE
Female,Loyal Customer,58,Personal Travel,Eco Plus,907,1,2,1,4,5,3,4,5,5,1,5,1,4,3.15,0,1,FALSE
Female,Loyal Customer,31,Business Travel,Business,1617,1,2,2,2,2,2,1,2,2,4,3,2,2,2.08,15,19,FALSE
Male,Loyal Customer,48,Business Travel,Eco Plus,289,5,3,3,3,5,5,5,5,4,1,5,5,5,4.15,0,0,TRUE
Female,Loyal Customer,45,Business Travel,Eco,109,4,2,2,2,2,2,5,4,4,4,4,4,1,3.08,3,1,TRUE
Female,Loyal Customer,22,Business Travel,Eco,399,4,1,1,1,4,4,4,4,2,5,2,5,4,3.15,0,0,TRUE
Female,Disloyal Customer,24,Business Travel,Eco,316,2,4,2,2,5,2,5,5,5,3,5,5,5,3.85,0,0,FALSE
Male,Loyal Customer,26,Business Travel,Business,1777,3,3,3,3,4,5,4,4,4,5,5,2,4,3.77,0,0,TRUE
Male,Loyal Customer,49,Personal Travel,Eco Plus,942,2,5,2,2,4,2,1,4,3,5,3,3,4,3.08,0,0,FALSE
Female,Loyal Customer,28,Business Travel,Eco,1107,0,0,0,4,5,0,4,5,1,4,5,5,5,2.92,0,0,TRUE
Male,Loyal Customer,45,Personal Travel,Eco,270,3,0,3,4,2,3,2,2,5,2,4,5,2,2.85,10,7,FALSE
Female,Loyal Customer,45,Business Travel,Business,3979,2,2,2,2,5,4,4,3,3,3,3,5,3,3.15,0,0,TRUE
Female,Disloyal Customer,17,Business Travel,Eco,95,4,3,4,4,2,4,2,2,3,5,3,2,2,3.08,0,0,FALSE
Female,Disloyal Customer,52,Personal Travel,Eco,257,4,5,4,2,4,4,3,4,3,2,2,2,4,3.31,0,0,TRUE
Male,Loyal Customer,48,Business Travel,Business,1564,5,5,5,5,4,5,5,5,5,5,5,3,5,4.77,0,0,TRUE
Male,Loyal Customer,56,Business Travel,Business,1744,1,1,1,1,2,3,5,4,4,4,4,4,3,2.85,0,0,TRUE
Female,Loyal Customer,31,Business Travel,Business,1670,3,3,3,3,5,4,5,5,3,3,4,3,5,3.77,0,0,TRUE
Female,Loyal Customer,33,Business Travel,Business,2691,3,1,1,1,3,3,3,1,1,3,4,3,3,2.31,135,128,FALSE
Male,Loyal Customer,11,Personal Travel,Eco,634,4,4,4,4,1,4,1,1,3,2,4,3,1,2.77,0,4,TRUE
Male,Loyal Customer,18,Personal Travel,Eco,308,1,5,1,1,2,1,2,2,3,2,5,3,2,2.31,0,0,FALSE
Male,Loyal Customer,38,Personal Travel,Eco,1121,4,4,4,1,3,4,3,3,5,3,5,5,3,3.62,0,0,FALSE
Male,Loyal Customer,53,Business Travel,Business,1005,3,2,2,2,3,2,2,3,3,2,3,2,3,2.46,0,0,FALSE
Male,Loyal Customer,51,Business Travel,Business,2556,2,2,2,2,1,5,1,5,5,5,5,3,1,3,1,0,TRUE
Male,Loyal Customer,58,Personal Travel,Eco,230,1,4,0,3,3,0,3,3,1,3,4,2,3,2.31,0,0,FALSE
Female,Loyal Customer,63,Business Travel,Business,119,1,1,1,1,2,2,2,5,5,5,5,5,5,3.08,61,55,TRUE
Female,Loyal Customer,31,Business Travel,Business,1721,5,5,2,5,5,5,5,5,4,4,3,3,5,4.31,0,4,TRUE
Female,Disloyal Customer,25,Business Travel,Business,1521,5,5,5,3,5,4,4,5,4,5,4,4,4,4.38,315,302,TRUE
Male,Loyal Customer,46,Personal Travel,Eco,2496,1,3,1,5,5,1,1,5,2,5,3,2,5,3,0,0,FALSE
Male,Loyal Customer,56,Personal Travel,Eco Plus,480,4,2,4,3,3,4,5,3,1,4,3,1,3,3.08,0,0,FALSE
Male,Disloyal Customer,22,Business Travel,Eco,271,4,0,4,3,2,4,3,2,5,2,4,3,2,2.92,10,3,FALSE
Female,Loyal Customer,15,Personal Travel,Eco,406,3,1,3,3,2,3,2,2,3,2,3,4,2,2.54,0,0,FALSE
Female,Disloyal Customer,31,Business Travel,Eco,1105,3,4,4,4,3,4,2,3,1,5,3,1,3,3.08,6,16,FALSE
Female,Loyal Customer,56,Business Travel,Business,341,2,2,2,2,5,5,5,4,4,4,4,5,3,3.62,7,15,TRUE
Female,Loyal Customer,25,Personal Travel,Eco,2607,0,2,0,3,2,0,2,2,4,3,3,1,2,1.85,0,0,TRUE
Male,Loyal Customer,32,Business Travel,Business,282,3,3,5,3,4,4,4,4,5,3,4,4,4,3.85,0,0,TRUE
Female,Loyal Customer,54,Personal Travel,Eco,1504,4,5,4,5,2,3,5,1,1,4,1,4,5,3.38,0,0,FALSE
Male,Loyal Customer,55,Business Travel,Eco,853,2,5,5,5,2,2,2,2,4,4,3,1,2,3,0,0,FALSE
Male,Disloyal Customer,42,Business Travel,Business,432,1,1,1,4,3,1,3,3,5,4,5,5,3,3,0,0,FALSE
Female,Loyal Customer,36,Personal Travel,Eco,366,4,4,4,3,3,4,3,3,4,2,3,1,3,3.15,0,15,FALSE
Male,Loyal Customer,24,Business Travel,Business,1299,3,1,1,1,3,3,3,3,3,5,3,2,3,2.62,32,9,FALSE
Female,Loyal Customer,46,Business Travel,Eco,563,5,4,4,4,5,3,5,5,5,5,5,4,3,4.38,0,0,TRUE
Male,Disloyal Customer,40,Business Travel,Business,236,5,5,5,2,4,5,4,4,4,4,4,5,4,4.23,0,5,TRUE
Male,Loyal Customer,30,Business Travel,Business,337,5,5,5,5,4,4,4,4,5,1,5,1,4,4,0,0,TRUE
Female,Disloyal Customer,32,Business Travel,Business,190,3,3,3,4,5,3,5,5,5,2,5,3,5,3.92,0,0,FALSE
Female,Loyal Customer,34,Personal Travel,Eco,733,1,2,2,3,5,2,5,5,2,2,4,3,5,3.15,14,10,FALSE
Male,Loyal Customer,61,Business Travel,Eco,251,1,1,1,1,1,1,1,1,2,1,3,4,1,1.46,32,32,FALSE
Female,Loyal Customer,37,Business Travel,Business,2388,4,4,4,4,5,2,3,3,3,3,3,5,2,3.46,0,0,TRUE
Male,Loyal Customer,51,Business Travel,Business,551,3,3,3,3,1,1,1,4,4,4,4,5,2,2.92,0,0,TRUE
Female,Loyal Customer,53,Business Travel,Business,896,3,3,3,3,1,4,1,4,4,4,4,1,2,2.85,6,5,TRUE
Female,Loyal Customer,46,Personal Travel,Eco,751,1,2,2,2,5,2,2,2,2,2,2,1,2,2.08,0,0,FALSE
Female,Disloyal Customer,37,Business Travel,Business,1754,3,3,3,2,2,3,1,2,3,2,3,3,2,2.46,67,62,FALSE
Male,Loyal Customer,35,Personal Travel,Eco,1047,3,5,3,1,5,3,5,5,4,3,4,4,5,3.85,0,2,FALSE
Female,Loyal Customer,44,Business Travel,Eco,304,2,2,2,2,4,3,3,2,2,2,2,4,4,2.62,82,60,FALSE
Female,Loyal Customer,30,Business Travel,Business,407,1,1,1,1,5,5,5,5,3,5,5,3,5,3.46,13,23,TRUE
Male,Loyal Customer,56,Personal Travel,Eco,1195,3,5,3,2,2,3,2,2,5,5,3,5,2,3.23,0,0,FALSE
Male,Disloyal Customer,34,Business Travel,Eco,200,1,4,1,3,3,1,3,3,4,5,3,3,3,2.85,0,0,FALSE
Female,Loyal Customer,63,Personal Travel,Eco,1346,3,5,3,1,4,4,4,5,5,3,5,4,5,3.92,0,0,FALSE
Female,Loyal Customer,61,Personal Travel,Eco Plus,546,1,5,4,3,4,1,3,2,2,4,2,1,1,2.54,24,13,FALSE
Female,Loyal Customer,47,Business Travel,Eco,170,4,1,1,1,3,1,3,4,4,4,4,4,3,2.85,0,0,TRUE
Male,Loyal Customer,44,Business Travel,Business,2466,4,4,4,4,5,5,4,4,4,4,4,5,3,4.15,0,0,TRUE
Male,Loyal Customer,69,Personal Travel,Eco Plus,930,1,2,1,4,2,1,2,2,2,3,3,3,2,2.15,9,11,FALSE
Male,Disloyal Customer,35,Business Travel,Eco,569,3,3,3,4,4,3,4,4,1,3,4,1,4,3.15,0,0,FALSE
Female,Loyal Customer,53,Business Travel,Business,3882,3,3,3,3,2,5,5,4,4,4,4,5,5,3.85,40,36,TRUE
Female,Disloyal Customer,18,Business Travel,Eco,304,5,3,5,4,4,5,4,4,5,1,5,4,4,4.08,0,0,TRUE
Male,Loyal Customer,65,Personal Travel,Eco Plus,468,1,1,4,3,2,4,4,2,4,3,3,2,2,2.69,0,0,FALSE
Male,Loyal Customer,46,Business Travel,Business,3173,3,3,3,3,4,4,5,5,5,5,5,5,3,4.08,35,38,TRUE
Female,Loyal Customer,28,Personal Travel,Eco,723,1,2,1,4,4,1,1,4,2,1,3,3,4,2.38,0,0,FALSE
Female,Disloyal Customer,26,Business Travel,Eco,181,3,1,3,4,5,3,5,5,1,5,4,4,5,3.69,64,51,FALSE
Female,Loyal Customer,43,Personal Travel,Eco,603,3,5,3,3,4,5,4,1,1,3,1,5,4,3.23,43,34,FALSE
Male,Loyal Customer,17,Personal Travel,Eco,325,4,5,4,1,4,4,4,4,5,1,4,3,4,3.62,5,6,FALSE
Male,Disloyal Customer,21,Business Travel,Eco,1788,3,2,2,2,4,3,4,4,2,1,3,2,4,2.77,23,20,FALSE
Male,Loyal Customer,50,Personal Travel,Business,1334,4,4,3,1,4,5,5,1,1,3,1,3,4,3,5,0,TRUE
Female,Disloyal Customer,22,Business Travel,Eco Plus,907,5,0,5,3,5,5,5,5,2,2,3,4,5,3.77,1,7,TRUE
Female,Disloyal Customer,30,Business Travel,Eco Plus,675,1,1,1,4,4,1,4,4,1,1,3,2,4,2.38,24,22,FALSE
Male,Loyal Customer,41,Business Travel,Business,2410,4,4,4,4,3,4,4,5,5,5,4,5,3,4.15,0,0,TRUE
Female,Disloyal Customer,22,Business Travel,Business,315,0,0,0,1,4,0,3,4,5,2,5,3,4,2.38,0,12,TRUE
Female,Loyal Customer,54,Business Travel,Eco,337,1,2,2,2,5,4,4,1,1,1,1,3,1,2.15,0,0,FALSE
Female,Loyal Customer,71,Business Travel,Eco,760,4,4,4,4,2,4,3,4,4,4,4,4,1,3.54,16,4,FALSE
Male,Disloyal Customer,59,Business Travel,Eco,404,2,2,2,3,2,2,2,2,3,2,4,2,2,2.31,0,0,FALSE
Male,Disloyal Customer,19,Business Travel,Eco,695,4,4,4,1,4,4,3,4,3,3,2,4,4,3.38,0,0,FALSE
Male,Loyal Customer,59,Personal Travel,Eco Plus,247,3,4,0,4,3,0,3,3,5,5,4,3,3,3.08,13,11,FALSE
Male,Loyal Customer,30,Personal Travel,Eco,362,0,5,0,1,2,0,3,2,3,5,4,5,2,2.46,0,0,TRUE
Male,Loyal Customer,26,Business Travel,Business,383,4,4,4,4,4,5,4,4,5,4,5,5,4,4.31,0,0,TRUE
Female,Loyal Customer,31,Personal Travel,Eco,926,1,2,1,4,1,1,1,1,1,2,3,3,1,1.69,0,11,FALSE
Female,Loyal Customer,53,Personal Travel,Eco,599,4,5,4,2,2,2,4,4,4,4,1,5,2,3.31,0,19,FALSE
Male,Disloyal Customer,35,Business Travel,Business,212,2,2,2,1,2,2,2,2,4,5,5,5,2,2.77,0,0,FALSE
Male,Loyal Customer,55,Personal Travel,Eco,1009,3,4,3,4,1,3,1,1,4,2,4,4,1,2.69,0,0,FALSE
Female,Loyal Customer,45,Business Travel,Business,776,1,1,1,1,3,1,2,4,4,4,4,2,3,2.38,0,0,TRUE
Male,Loyal Customer,39,Business Travel,Business,1713,2,2,2,2,5,4,5,4,4,4,4,4,5,3.62,7,0,TRUE
Female,Loyal Customer,50,Business Travel,Eco,1121,2,2,2,2,2,4,3,1,1,2,1,2,3,2.08,0,7,FALSE
Female,Loyal Customer,72,Business Travel,Eco,251,2,2,2,2,2,2,3,2,2,2,2,2,3,2.15,0,0,FALSE
Male,Loyal Customer,28,Personal Travel,Eco,1124,3,5,3,2,2,3,4,2,3,5,3,5,2,3.23,6,0,FALSE
Female,Disloyal Customer,39,Business Travel,Business,316,4,4,4,2,4,4,4,4,4,5,4,4,4,3.92,0,2,TRUE
Female,Disloyal Customer,29,Business Travel,Eco,2704,1,1,1,4,1,1,1,1,4,5,2,2,1,1.92,15,7,FALSE
Female,Loyal Customer,33,Personal Travel,Eco,589,2,4,2,2,2,2,2,2,5,4,5,4,2,2.92,10,3,FALSE
Female,Loyal Customer,45,Business Travel,Eco,866,4,5,5,5,1,5,3,4,4,4,4,1,1,3.54,32,36,TRUE
Female,Loyal Customer,23,Business Travel,Business,526,5,5,5,5,4,4,4,4,5,2,4,5,4,4.31,4,6,TRUE
Male,Loyal Customer,56,Personal Travel,Eco Plus,1476,2,5,2,3,4,2,4,4,3,2,3,3,4,3.15,22,20,FALSE
Female,Loyal Customer,41,Business Travel,Eco,862,4,2,2,2,4,4,4,4,4,5,1,2,4,3.23,4,0,TRUE
Female,Loyal Customer,22,Personal Travel,Eco,596,2,3,2,2,3,2,3,3,4,4,3,2,3,2.77,0,0,FALSE
Female,Disloyal Customer,9,Business Travel,Eco,762,2,2,2,2,3,2,3,3,4,4,5,4,3,3,0,0,FALSE
Female,Loyal Customer,27,Business Travel,Eco Plus,2454,0,0,0,3,5,0,5,5,5,2,2,4,5,2.77,5,0,TRUE
Female,Loyal Customer,22,Business Travel,Business,3076,2,2,3,2,4,4,4,4,3,1,4,4,4,3.15,14,6,TRUE
Female,Disloyal Customer,26,Business Travel,Eco,1276,2,1,1,4,5,1,5,5,1,2,4,4,5,3.08,5,0,FALSE
Female,Disloyal Customer,36,Business Travel,Business,425,1,1,1,3,3,1,3,3,5,5,4,3,3,2.77,0,0,FALSE
Female,Loyal Customer,62,Business Travel,Business,1608,4,4,4,4,5,2,5,4,4,4,5,1,2,3.69,0,0,TRUE
Female,Disloyal Customer,29,Business Travel,Eco,852,3,3,3,3,4,3,4,4,4,4,3,4,4,3.54,0,0,FALSE
Male,Loyal Customer,72,Business Travel,Eco,936,2,3,3,3,2,2,2,3,3,3,3,2,2,2.54,81,135,FALSE
Male,Loyal Customer,13,Personal Travel,Business,820,1,4,1,5,5,1,5,5,3,5,2,2,5,3.38,0,0,FALSE
Male,Loyal Customer,48,Personal Travel,Eco,190,2,4,2,3,5,2,5,5,3,3,4,2,5,3.46,0,0,FALSE
Male,Disloyal Customer,29,Business Travel,Business,997,3,3,3,3,4,3,4,4,4,3,5,4,4,3.62,10,0,FALSE
Male,Loyal Customer,28,Business Travel,Business,2968,2,2,2,2,5,5,5,5,5,3,4,4,5,3.77,0,0,TRUE
Female,Loyal Customer,48,Business Travel,Business,3790,3,5,5,5,4,2,3,3,3,3,3,2,1,3.23,25,25,FALSE
Female,Loyal Customer,22,Business Travel,Business,1746,1,2,2,2,1,1,1,1,4,3,3,2,1,1.85,9,0,FALSE
Female,Loyal Customer,23,Personal Travel,Eco,1797,3,4,3,2,3,3,1,3,5,2,5,3,3,3.08,0,0,FALSE
Male,Loyal Customer,39,Business Travel,Business,1460,2,2,2,2,2,4,4,2,2,2,2,4,2,2.46,19,13,FALSE
Female,Loyal Customer,16,Personal Travel,Eco,67,3,5,3,1,5,3,5,5,4,5,5,5,5,4.15,18,14,FALSE
Female,Loyal Customer,43,Personal Travel,Eco,345,3,5,3,2,3,2,2,4,2,5,3,2,2,2.92,136,154,FALSE
Male,Loyal Customer,52,Business Travel,Eco,978,3,2,2,2,3,3,3,3,2,5,3,3,3,2.85,0,0,FALSE
Female,Loyal Customer,38,Business Travel,Business,3033,3,4,4,4,2,3,4,3,3,3,3,3,4,3.31,0,2,FALSE
Female,Loyal Customer,56,Personal Travel,Eco,235,3,5,3,4,5,4,3,1,1,3,1,5,5,3.31,105,96,FALSE
Female,Disloyal Customer,24,Business Travel,Eco,348,3,1,3,3,3,3,3,3,3,5,3,1,3,2.85,11,27,FALSE
Female,Loyal Customer,58,Business Travel,Business,723,5,5,5,5,4,4,4,4,2,5,4,4,4,4.23,401,404,TRUE
Female,Loyal Customer,54,Business Travel,Eco,780,3,3,3,3,2,3,3,3,3,3,3,3,4,3,16,33,FALSE
Female,Disloyal Customer,38,Business Travel,Business,602,2,2,2,1,1,2,1,1,3,3,4,4,1,2.08,0,0,FALSE
Male,Loyal Customer,56,Business Travel,Business,414,2,2,2,2,5,4,4,5,5,5,5,4,3,3.69,1,0,TRUE
Male,Loyal Customer,47,Business Travel,Eco Plus,457,4,5,4,5,4,4,4,4,4,4,5,5,4,4.31,0,0,TRUE
Male,Loyal Customer,48,Business Travel,Business,1671,1,5,5,5,4,3,3,1,1,1,1,1,2,2.54,0,10,FALSE
Male,Loyal Customer,49,Business Travel,Business,140,0,4,0,2,5,5,4,2,2,2,2,4,3,2.69,0,0,TRUE
Female,Loyal Customer,39,Business Travel,Business,1756,2,2,2,2,2,3,4,4,4,4,4,3,4,3.08,0,0,TRUE
Male,Loyal Customer,56,Business Travel,Business,2899,5,5,5,5,3,5,4,5,5,5,5,4,4,4.62,3,0,TRUE
Male,Disloyal Customer,22,Business Travel,Eco,920,3,3,3,3,3,3,3,3,3,4,3,4,3,3.15,50,51,FALSE
Female,Loyal Customer,49,Business Travel,Business,2986,4,1,4,4,3,5,5,5,5,5,5,3,3,4,37,39,TRUE
Male,Loyal Customer,55,Business Travel,Business,2795,4,4,4,4,2,4,4,5,5,5,5,5,3,4.15,9,0,TRUE
Female,Loyal Customer,16,Personal Travel,Eco,184,1,5,1,2,4,1,4,4,5,4,5,4,4,3.38,0,0,FALSE
Female,Loyal Customer,43,Business Travel,Business,2043,3,3,3,3,3,5,5,5,5,5,5,3,4,4,0,0,TRUE
Male,Loyal Customer,23,Personal Travel,Eco,1023,3,3,3,2,4,3,4,4,3,3,3,3,4,3.23,1,0,FALSE
Female,Loyal Customer,9,Personal Travel,Eco,473,1,5,1,4,5,1,5,5,4,3,1,4,5,3.38,16,12,FALSE
Male,Loyal Customer,28,Personal Travel,Eco,1626,2,2,2,4,5,2,5,5,4,2,3,2,5,3.31,120,125,FALSE
Female,Loyal Customer,59,Business Travel,Eco Plus,253,2,3,3,3,1,5,4,2,2,2,2,3,3,2.69,0,10,TRUE
Male,Loyal Customer,36,Business Travel,Business,1399,3,3,3,3,4,5,4,3,3,2,3,3,4,3.31,0,0,TRUE
Female,Loyal Customer,30,Business Travel,Business,2584,2,2,5,2,2,2,2,2,3,4,3,4,2,2.69,76,87,FALSE
Female,Loyal Customer,44,Business Travel,Business,2133,3,3,3,3,3,4,5,5,5,5,5,3,4,3.92,0,0,TRUE
Female,Loyal Customer,26,Personal Travel,Eco,1020,3,5,3,5,4,3,4,4,2,2,1,1,4,3.15,0,8,FALSE
Male,Loyal Customer,47,Personal Travel,Eco Plus,957,1,5,2,3,3,2,2,3,3,4,4,5,3,3.08,0,0,FALSE
Male,Disloyal Customer,49,Business Travel,Business,632,1,0,0,5,4,1,4,4,5,3,5,4,4,3.08,0,1,FALSE
Male,Loyal Customer,42,Business Travel,Eco,799,5,1,1,1,5,5,5,5,2,1,3,5,5,3.38,11,26,TRUE
Male,Disloyal Customer,26,Business Travel,Business,528,0,0,0,4,4,0,4,4,5,3,4,3,4,2.69,0,0,TRUE
Female,Loyal Customer,42,Business Travel,Business,2248,3,3,3,3,1,3,4,3,3,3,3,4,1,2.85,0,0,FALSE
Female,Loyal Customer,63,Business Travel,Eco,119,4,4,4,4,3,5,5,4,4,4,4,2,1,3.69,0,0,TRUE
Male,Loyal Customer,72,Business Travel,Business,272,2,2,2,2,5,5,4,4,4,4,4,3,5,3.54,3,7,TRUE
Male,Loyal Customer,29,Business Travel,Business,1857,1,1,1,1,4,4,4,4,3,4,4,4,4,3,0,0,TRUE
Male,Loyal Customer,32,Personal Travel,Eco,247,2,5,2,4,2,2,2,2,4,3,4,4,2,2.92,0,0,FALSE
Male,Loyal Customer,45,Business Travel,Business,2989,3,3,3,3,4,4,4,3,3,2,3,2,3,3.08,0,0,FALSE
Male,Disloyal Customer,44,Business Travel,Eco Plus,140,4,4,4,4,5,4,5,5,1,5,3,4,5,4.08,36,25,FALSE
Male,Loyal Customer,24,Personal Travel,Eco,746,1,5,2,4,4,2,4,4,5,3,4,4,4,3.54,4,0,FALSE
Male,Loyal Customer,9,Personal Travel,Eco,236,3,1,3,2,3,3,3,3,3,3,3,2,3,2.69,0,0,FALSE
Male,Loyal Customer,55,Business Travel,Business,452,3,3,2,3,3,5,5,4,4,4,4,4,5,3.77,12,7,TRUE
Male,Loyal Customer,40,Personal Travel,Eco,546,1,5,1,5,3,1,2,3,5,1,5,1,3,2.77,7,5,FALSE
Male,Disloyal Customer,21,Business Travel,Eco,425,2,5,2,3,5,2,5,5,5,4,5,5,5,4.08,0,2,FALSE
Male,Loyal Customer,16,Personal Travel,Eco,166,1,5,0,2,3,0,4,3,4,3,5,3,3,2.77,0,0,FALSE
Female,Loyal Customer,49,Personal Travel,Eco,2218,3,4,4,4,5,4,3,3,3,4,2,1,4,3.38,0,0,FALSE
Male,Loyal Customer,62,Personal Travel,Eco Plus,235,2,4,2,5,1,2,1,1,5,3,4,3,1,2.62,0,0,FALSE
Male,Loyal Customer,40,Business Travel,Business,270,1,0,0,3,4,4,4,5,5,0,1,1,1,2.23,0,0,FALSE
Female,Loyal Customer,56,Business Travel,Business,1846,3,3,3,3,2,4,5,3,3,3,3,3,4,3.23,28,3,TRUE
Male,Loyal Customer,40,Business Travel,Business,2128,2,2,2,2,4,4,5,4,4,4,4,3,4,3.38,0,20,TRUE
Male,Loyal Customer,54,Business Travel,Business,2872,3,3,3,3,5,5,4,4,4,4,4,5,5,4,0,53,TRUE
Female,Loyal Customer,49,Personal Travel,Business,101,4,5,4,2,5,4,4,3,3,4,3,5,4,3.85,0,0,TRUE
Female,Loyal Customer,62,Personal Travel,Eco,406,3,5,3,3,2,4,5,3,3,3,3,4,4,3.46,0,0,FALSE
Male,Loyal Customer,29,Business Travel,Business,2085,3,1,1,1,3,3,3,3,4,3,4,4,3,2.77,0,0,FALSE
Female,Loyal Customer,38,Business Travel,Business,1565,4,4,2,4,5,4,4,5,5,5,5,5,3,4.23,14,14,TRUE
Female,Loyal Customer,30,Business Travel,Business,1448,4,4,4,4,4,4,4,4,1,5,4,2,4,3.69,0,0,TRUE
Female,Loyal Customer,49,Personal Travel,Eco,1558,3,2,3,2,1,3,3,1,1,3,1,3,2,2.15,0,0,FALSE
Female,Loyal Customer,51,Business Travel,Business,3353,3,3,3,3,2,5,4,4,4,4,4,4,4,3.62,57,62,TRUE
Male,Loyal Customer,25,Business Travel,Eco,1874,5,1,1,1,5,5,5,5,4,2,4,5,5,3.69,1,0,TRUE
Female,Loyal Customer,47,Business Travel,Business,1598,4,4,4,4,4,4,5,5,5,5,5,3,4,4.31,5,0,TRUE
Female,Loyal Customer,63,Personal Travel,Eco,1242,4,3,3,4,3,3,4,5,5,3,5,1,4,3.62,35,32,FALSE
Female,Loyal Customer,47,Business Travel,Business,2783,2,2,2,2,3,4,4,4,4,4,4,5,3,3.31,15,1,TRUE
Female,Loyal Customer,11,Business Travel,Business,2666,2,3,3,3,2,2,2,2,3,2,3,4,2,2.54,50,52,FALSE
Female,Loyal Customer,38,Business Travel,Business,3470,1,1,1,1,1,3,1,5,5,5,5,2,2,2.54,0,0,TRUE
Male,Loyal Customer,47,Personal Travel,Eco,1056,3,4,3,3,4,3,4,4,4,1,4,4,4,3.46,0,0,FALSE
Male,Loyal Customer,49,Personal Travel,Eco,423,2,2,2,3,5,2,5,5,1,1,4,1,5,2.92,0,2,FALSE
Male,Loyal Customer,40,Business Travel,Business,1993,3,3,3,3,2,4,5,1,1,2,1,3,5,2.77,0,5,TRUE
Female,Loyal Customer,58,Business Travel,Business,1927,3,3,3,3,4,3,4,5,5,5,5,5,4,4,0,0,TRUE
Male,Loyal Customer,59,Personal Travel,Eco,1379,1,4,1,1,3,1,3,3,4,4,5,4,3,2.85,0,0,FALSE
Male,Disloyal Customer,39,Business Travel,Eco,799,1,1,1,4,5,1,5,5,5,2,2,1,5,2.92,7,5,FALSE
Female,Loyal Customer,50,Business Travel,Business,1509,2,2,2,2,4,5,5,5,5,5,5,4,5,3.92,0,0,TRUE
Male,Loyal Customer,40,Business Travel,Eco,2288,2,1,3,3,2,2,2,2,2,2,2,3,2,2.15,2,0,FALSE
Female,Loyal Customer,24,Personal Travel,Eco,349,3,4,3,3,3,3,3,3,5,2,5,4,3,3.38,8,2,FALSE
Female,Loyal Customer,52,Business Travel,Eco,933,5,2,2,2,4,2,5,5,5,5,5,4,1,3.62,0,0,TRUE
Male,Loyal Customer,63,Personal Travel,Eco,416,2,2,2,4,1,2,1,1,1,5,4,2,1,2.15,125,121,FALSE
Female,Loyal Customer,31,Business Travel,Business,3965,2,2,2,2,4,4,3,4,4,5,3,3,4,3.23,0,0,TRUE
Male,Loyal Customer,44,Business Travel,Eco,507,1,0,0,4,1,1,1,1,3,2,4,1,1,1.54,0,0,FALSE
Male,Loyal Customer,53,Business Travel,Business,577,3,3,3,3,2,4,5,3,3,3,3,5,4,3.38,13,8,TRUE
Female,Loyal Customer,35,Personal Travel,Eco,395,5,5,2,2,2,2,2,2,3,5,4,3,2,3,0,4,TRUE
Female,Loyal Customer,43,Business Travel,Business,1651,4,4,4,4,5,4,5,4,4,4,4,4,4,4.15,9,16,TRUE
Male,Loyal Customer,30,Business Travel,Business,607,2,4,4,4,2,2,2,2,2,5,3,4,2,2.92,0,29,FALSE
Male,Loyal Customer,25,Personal Travel,Eco,991,2,4,2,4,3,2,3,3,4,2,4,3,3,3,25,17,FALSE
Male,Loyal Customer,75,Business Travel,Eco Plus,262,4,1,5,1,4,4,4,4,4,1,3,1,4,3.08,0,0,TRUE
Female,Loyal Customer,26,Personal Travel,Eco,2419,3,2,3,3,3,3,3,3,4,1,4,4,3,3,0,0,FALSE
Female,Disloyal Customer,20,Business Travel,Eco,965,1,0,0,2,2,0,2,2,4,4,5,5,2,2.23,35,34,FALSE
Male,Loyal Customer,14,Personal Travel,Eco,795,3,5,3,3,2,3,2,2,5,5,5,5,2,3.46,0,0,FALSE
Male,Loyal Customer,48,Business Travel,Business,323,4,4,4,4,2,5,5,4,4,4,4,4,5,4.08,4,3,TRUE
Male,Loyal Customer,61,Personal Travel,Eco Plus,528,3,4,3,1,4,3,4,4,3,5,4,4,4,3.54,0,0,FALSE
Female,Disloyal Customer,28,Business Travel,Business,1182,4,4,4,3,1,4,1,1,5,4,4,5,1,3.15,11,6,FALSE
Female,Loyal Customer,22,Personal Travel,Eco,1216,3,0,3,4,4,3,4,4,5,1,1,2,4,2.92,0,0,FALSE
Female,Loyal Customer,57,Personal Travel,Eco,762,3,5,3,4,5,4,4,5,5,3,5,3,4,4.08,0,0,FALSE
Female,Loyal Customer,26,Business Travel,Business,1903,4,5,4,4,5,5,5,5,5,2,4,5,5,4.46,0,0,TRUE
Male,Loyal Customer,57,Personal Travel,Eco,1846,3,2,3,3,2,3,2,2,3,2,3,3,2,2.54,0,11,FALSE
Female,Loyal Customer,12,Personal Travel,Eco Plus,733,2,4,2,4,4,2,3,4,3,5,4,4,4,3.46,0,0,FALSE
Female,Loyal Customer,60,Business Travel,Business,2214,4,4,4,4,3,4,5,5,5,5,5,4,5,4.38,5,0,TRUE
Female,Loyal Customer,42,Business Travel,Eco,387,4,1,1,1,5,5,1,4,4,4,4,3,3,3.08,0,4,TRUE
Male,Loyal Customer,47,Personal Travel,Business,347,3,5,3,1,4,4,4,4,4,3,4,3,4,3.54,15,12,FALSE
Female,Loyal Customer,33,Personal Travel,Eco,501,3,5,3,4,2,3,2,2,5,4,5,4,2,3.38,4,0,FALSE
Male,Disloyal Customer,23,Business Travel,Eco,416,5,3,5,3,2,5,2,2,1,2,4,1,2,2.85,0,0,TRUE
Male,Loyal Customer,26,Personal Travel,Eco,1744,3,3,3,3,2,3,2,2,4,3,2,4,2,2.77,5,0,FALSE
Male,Loyal Customer,45,Business Travel,Business,1752,3,3,4,3,1,1,4,4,4,4,4,2,3,3.08,0,0,TRUE
Male,Disloyal Customer,22,Business Travel,Eco,190,4,0,3,1,5,3,5,5,1,2,1,3,5,2.92,0,0,TRUE
Female,Loyal Customer,52,Business Travel,Business,223,1,1,1,1,5,5,5,4,4,4,5,4,3,3.31,4,0,TRUE
Male,Loyal Customer,30,Business Travel,Business,427,1,1,1,1,5,5,5,5,1,1,2,1,5,2.62,0,0,TRUE
Male,Loyal Customer,24,Personal Travel,Eco,370,3,0,3,3,5,3,5,5,5,2,5,5,5,3.77,72,57,FALSE
Male,Loyal Customer,24,Personal Travel,Eco,370,1,2,1,3,5,1,5,5,3,3,3,4,5,3.15,40,37,FALSE
Female,Loyal Customer,45,Business Travel,Business,2898,4,1,1,1,5,4,4,4,4,4,4,2,2,3.08,47,34,FALSE
Female,Loyal Customer,31,Personal Travel,Eco,1201,3,2,3,1,2,3,1,2,2,4,2,2,2,2.23,99,92,FALSE
Female,Loyal Customer,26,Business Travel,Business,1788,2,2,1,2,5,5,5,5,5,4,4,5,5,3.85,0,0,TRUE
Male,Disloyal Customer,24,Business Travel,Business,895,0,5,0,4,3,0,3,3,5,2,4,5,3,2.85,0,0,TRUE
Male,Loyal Customer,35,Business Travel,Eco Plus,937,4,4,4,4,4,4,4,4,1,3,4,1,4,3.46,0,0,TRUE
Male,Loyal Customer,42,Personal Travel,Eco,236,2,5,2,3,3,2,4,3,1,3,2,2,3,2.69,47,56,FALSE
Male,Loyal Customer,11,Personal Travel,Business,102,1,4,1,1,5,1,5,5,3,1,5,1,5,2.92,0,0,FALSE
Male,Loyal Customer,58,Business Travel,Eco,266,5,3,5,3,5,5,5,5,3,1,1,4,5,3.85,0,0,TRUE
Female,Disloyal Customer,23,Business Travel,Business,622,5,0,5,3,2,5,4,2,3,4,5,3,2,3.31,56,72,TRUE
Female,Loyal Customer,52,Business Travel,Eco,515,5,2,2,2,4,2,3,5,5,5,5,3,5,3.69,4,6,TRUE
Male,Loyal Customer,41,Business Travel,Business,1773,1,1,1,1,3,5,5,5,5,5,5,5,5,3.62,0,8,TRUE
Female,Loyal Customer,40,Business Travel,Business,3312,5,5,2,5,2,5,4,4,4,4,4,5,4,4.08,0,0,TRUE
Female,Loyal Customer,57,Business Travel,Business,1942,1,1,1,1,3,4,4,4,4,4,4,5,4,3.08,22,5,TRUE
Male,Loyal Customer,51,Business Travel,Business,1372,5,5,5,5,4,4,4,4,4,4,4,3,5,4.31,0,0,TRUE
Male,Disloyal Customer,23,Business Travel,Eco,1012,5,5,5,4,4,5,4,4,5,3,5,3,4,4.31,0,0,TRUE
Female,Loyal Customer,31,Personal Travel,Eco,719,1,5,1,1,5,1,5,5,4,5,5,4,5,3.62,3,0,FALSE
Female,Loyal Customer,49,Business Travel,Business,1791,3,3,3,3,5,4,5,5,5,5,5,5,4,4.23,1,0,TRUE
Female,Loyal Customer,15,Personal Travel,Eco,248,1,4,1,1,5,1,5,5,4,2,5,4,5,3.31,18,12,FALSE
Male,Loyal Customer,39,Business Travel,Eco Plus,964,4,5,5,5,4,4,4,4,3,3,3,2,4,3.85,96,95,TRUE
Female,Loyal Customer,21,Personal Travel,Eco,369,3,1,3,3,4,3,4,4,2,5,3,1,4,3.08,48,45,FALSE
Female,Loyal Customer,9,Personal Travel,Eco,919,1,2,1,3,2,1,2,2,3,5,4,1,2,2.23,42,46,FALSE
Female,Loyal Customer,35,Business Travel,Business,3725,1,2,2,2,1,2,3,1,1,1,1,3,1,1.62,0,0,FALSE
Male,Loyal Customer,39,Business Travel,Business,697,1,1,1,1,3,5,4,5,5,5,5,5,5,3.54,0,0,TRUE
Female,Disloyal Customer,24,Business Travel,Eco,1195,3,3,3,4,1,3,1,1,3,4,4,1,1,2.46,10,0,FALSE
Male,Loyal Customer,31,Business Travel,Business,2690,4,4,4,4,3,3,3,3,5,3,5,5,3,3.77,11,2,TRUE
Female,Loyal Customer,39,Business Travel,Business,2541,5,5,5,5,5,4,5,4,4,4,4,3,5,4.46,0,0,TRUE
Male,Loyal Customer,49,Personal Travel,Eco,197,2,1,2,3,5,2,5,5,2,2,3,4,5,3.15,25,30,FALSE
Female,Loyal Customer,58,Business Travel,Business,102,2,2,2,2,4,3,4,5,5,5,4,5,4,3.62,0,0,TRUE
Female,Loyal Customer,51,Personal Travel,Eco,646,3,1,3,3,1,3,2,1,1,3,1,2,2,2,0,0,FALSE
Female,Loyal Customer,55,Business Travel,Business,1095,4,4,4,4,5,5,5,5,5,5,5,5,3,4.54,0,5,TRUE
Male,Loyal Customer,29,Business Travel,Business,3334,3,3,3,3,3,3,3,3,3,2,3,4,3,3,21,25,FALSE
Male,Loyal Customer,18,Personal Travel,Eco,1624,3,2,3,4,4,3,5,4,1,3,3,3,4,3.23,5,0,FALSE
Male,Loyal Customer,52,Personal Travel,Eco,1009,5,5,5,5,4,5,4,4,4,2,4,5,4,4.31,0,0,TRUE
Male,Loyal Customer,59,Personal Travel,Eco,950,3,3,3,3,3,4,4,2,4,4,4,4,4,3.46,134,129,FALSE
Male,Loyal Customer,28,Personal Travel,Eco,237,2,5,2,4,1,2,1,1,3,2,4,5,1,2.54,0,0,FALSE
Male,Loyal Customer,16,Personal Travel,Eco,957,5,3,4,3,4,4,4,4,1,2,3,2,4,3.31,4,0,TRUE
Male,Loyal Customer,58,Personal Travel,Eco Plus,2139,2,5,2,3,4,2,4,4,4,3,5,5,4,3.62,17,3,FALSE
Male,Loyal Customer,9,Personal Travel,Eco Plus,888,3,2,4,4,1,4,1,1,3,1,3,1,1,2.23,0,0,FALSE
Female,Disloyal Customer,28,Business Travel,Business,749,3,2,2,3,2,2,2,2,4,4,4,2,2,2.62,0,11,FALSE
Female,Disloyal Customer,39,Business Travel,Eco,468,2,1,2,4,5,2,5,5,2,5,3,1,5,3.23,1,4,FALSE
Male,Loyal Customer,23,Business Travel,Business,357,1,5,5,5,1,1,1,1,1,3,3,2,1,2.31,27,23,FALSE
Female,Disloyal Customer,25,Business Travel,Eco,895,1,1,1,4,3,1,3,3,2,4,4,1,3,2.38,0,2,FALSE
Male,Loyal Customer,49,Business Travel,Business,834,2,2,2,2,4,4,5,4,4,4,4,4,3,3.38,23,5,TRUE
Male,Disloyal Customer,38,Business Travel,Business,719,4,4,4,5,1,4,1,1,5,5,4,4,1,3.31,0,0,FALSE
Female,Loyal Customer,32,Business Travel,Business,3276,0,5,0,2,2,2,2,2,1,4,1,5,2,2.15,0,0,TRUE
Female,Loyal Customer,37,Business Travel,Business,2894,3,3,3,3,4,4,5,4,4,4,4,4,3,3.69,21,28,TRUE
Male,Loyal Customer,32,Business Travel,Business,1700,5,5,5,5,4,4,4,4,4,4,5,3,4,4.31,0,0,TRUE
Male,Loyal Customer,8,Personal Travel,Eco,1355,0,1,0,4,3,0,3,3,3,5,2,4,3,2.38,0,0,TRUE
Male,Disloyal Customer,40,Business Travel,Eco,300,4,4,3,4,4,3,4,4,3,2,2,2,4,3.31,0,7,FALSE
Male,Loyal Customer,33,Business Travel,Business,1542,1,1,1,1,4,4,4,4,3,5,1,2,4,2.69,0,0,TRUE
Male,Loyal Customer,48,Personal Travel,Eco Plus,1303,2,2,2,4,5,2,5,5,4,3,3,2,5,3.38,0,1,FALSE
Female,Loyal Customer,27,Business Travel,Business,3209,2,3,5,3,2,2,2,2,4,5,4,4,2,3.08,0,0,FALSE
Male,Loyal Customer,21,Business Travel,Business,545,1,1,3,1,5,5,5,5,2,2,2,4,5,3.15,0,0,TRUE
Female,Loyal Customer,17,Personal Travel,Eco,214,1,3,1,3,4,1,4,4,4,4,3,3,4,3,0,0,FALSE
Female,Loyal Customer,8,Personal Travel,Eco Plus,622,2,4,2,3,1,2,2,1,5,4,4,3,1,2.62,7,0,FALSE
Female,Loyal Customer,68,Personal Travel,Eco,226,4,4,4,1,5,4,5,4,4,4,4,4,4,3.92,0,0,TRUE
Female,Loyal Customer,47,Personal Travel,Eco Plus,453,3,4,3,3,2,5,5,3,3,3,3,5,4,3.54,0,0,FALSE
Male,Loyal Customer,44,Business Travel,Business,760,3,3,3,3,5,5,4,4,4,4,4,4,5,3.92,8,0,TRUE
Female,Loyal Customer,23,Personal Travel,Eco,2133,1,2,1,3,3,1,3,3,2,3,1,4,3,2.31,0,0,FALSE
Female,Loyal Customer,28,Business Travel,Business,1581,4,4,4,4,4,4,4,4,4,4,1,1,4,3.54,0,0,TRUE
Female,Loyal Customer,67,Personal Travel,Eco,798,1,2,1,4,4,3,3,2,2,1,2,1,2,2.15,0,0,FALSE
Female,Loyal Customer,58,Personal Travel,Eco,86,2,4,2,1,5,4,4,3,3,2,4,3,5,3.23,0,4,FALSE
Male,Disloyal Customer,26,Business Travel,Business,160,1,4,1,2,1,1,1,1,5,5,4,4,1,2.38,0,0,FALSE
Male,Loyal Customer,78,Business Travel,Business,1775,5,5,5,5,3,1,2,5,5,5,5,3,5,4.15,0,19,TRUE
Female,Loyal Customer,46,Business Travel,Business,3281,3,3,5,3,4,5,5,5,5,5,5,4,4,4.31,0,0,TRUE
Male,Loyal Customer,49,Business Travel,Business,1691,5,5,5,5,1,1,4,5,5,5,5,4,3,4.08,0,0,TRUE
Male,Loyal Customer,54,Business Travel,Business,1896,5,5,5,5,2,5,4,3,3,4,3,4,4,4,29,25,TRUE
Male,Loyal Customer,49,Business Travel,Business,359,3,3,3,3,4,5,5,5,5,5,5,4,3,4.08,16,0,TRUE
Male,Loyal Customer,44,Business Travel,Business,214,3,3,3,3,4,4,5,4,4,4,4,3,4,3.69,0,0,TRUE
Female,Loyal Customer,46,Business Travel,Business,2749,3,3,4,3,5,5,5,4,4,4,5,3,3,3.92,0,0,TRUE
Female,Loyal Customer,12,Personal Travel,Eco,971,1,2,1,4,3,1,5,3,1,5,4,4,3,2.85,11,0,FALSE
Male,Disloyal Customer,44,Business Travel,Business,692,4,4,4,2,1,4,1,1,4,3,5,4,1,2.92,0,0,FALSE
Male,Loyal Customer,36,Personal Travel,Eco,589,3,3,3,3,3,3,2,3,4,5,3,4,3,3.23,19,25,FALSE
Male,Loyal Customer,52,Personal Travel,Eco,173,3,2,3,4,5,3,5,5,1,2,3,1,5,3.23,0,0,FALSE
Male,Loyal Customer,51,Business Travel,Business,481,5,5,5,5,3,5,5,4,4,4,4,4,3,4.31,0,0,TRUE
Male,Loyal Customer,46,Business Travel,Business,2583,1,1,1,1,4,5,5,4,4,4,4,5,3,3.23,0,0,TRUE
Female,Loyal Customer,41,Business Travel,Business,1731,0,0,0,5,5,5,4,2,2,2,2,4,5,2.77,24,6,TRUE
Female,Loyal Customer,61,Business Travel,Eco,500,4,2,2,2,2,2,5,4,4,4,4,1,3,3,28,13,TRUE
Male,Loyal Customer,46,Business Travel,Eco,134,1,3,3,3,1,1,1,1,4,2,3,3,1,2.08,0,0,FALSE
Female,Loyal Customer,40,Business Travel,Business,925,5,5,5,5,3,4,4,4,4,4,4,3,4,4.15,0,0,TRUE
Female,Loyal Customer,60,Business Travel,Business,602,1,2,2,2,4,3,4,1,1,1,1,4,2,2.15,0,18,FALSE
Male,Loyal Customer,16,Personal Travel,Business,862,2,4,2,4,3,2,1,3,4,5,5,5,3,3.31,100,82,FALSE
Female,Loyal Customer,66,Personal Travel,Eco,191,1,4,0,3,2,2,1,4,4,0,5,3,2,2.38,4,8,FALSE
Male,Loyal Customer,53,Personal Travel,Eco,1203,4,4,4,2,1,4,1,1,4,5,1,4,1,2.77,50,39,FALSE
Female,Loyal Customer,54,Personal Travel,Eco,1452,1,2,1,4,1,4,4,4,5,3,3,4,4,3.08,162,156,FALSE
Female,Loyal Customer,33,Business Travel,Business,1488,2,1,4,1,3,1,2,2,2,2,2,2,3,2.08,0,6,FALSE
Female,Loyal Customer,59,Business Travel,Business,631,5,5,3,5,5,5,5,4,4,4,4,5,4,4.46,22,26,TRUE
Female,Loyal Customer,56,Personal Travel,Eco,585,2,4,1,1,3,4,4,1,1,1,1,4,5,2.46,86,109,FALSE
Female,Disloyal Customer,23,Business Travel,Eco,1147,4,4,4,4,5,4,5,5,5,5,4,3,5,4.38,0,0,TRUE
Male,Loyal Customer,7,Personal Travel,Eco,1464,4,4,4,3,1,4,1,1,4,5,4,1,1,2.85,8,0,FALSE
Male,Loyal Customer,35,Business Travel,Business,209,2,2,2,2,1,1,2,5,5,5,5,5,4,3.15,1,1,TRUE
Female,Loyal Customer,32,Personal Travel,Eco,399,1,4,1,4,1,1,1,1,4,4,4,5,1,2.46,0,0,FALSE
Female,Loyal Customer,56,Personal Travel,Eco,337,2,5,2,4,2,4,4,4,5,4,4,4,4,3.69,236,255,FALSE
Male,Loyal Customer,21,Business Travel,Business,1834,5,5,5,5,3,3,3,3,4,4,5,4,3,4,0,2,TRUE
Female,Loyal Customer,23,Business Travel,Business,907,1,4,4,4,1,1,1,4,2,4,4,1,1,2.46,187,177,FALSE
Female,Loyal Customer,63,Business Travel,Eco,319,3,4,4,4,1,2,2,3,3,3,3,4,4,3.08,0,0,FALSE
Male,Loyal Customer,39,Business Travel,Business,2734,3,3,3,3,2,4,4,5,5,5,5,5,3,3.85,4,0,TRUE
Male,Loyal Customer,66,Personal Travel,Eco,358,2,1,2,3,4,2,4,4,3,1,2,1,4,2.54,0,0,FALSE
Female,Loyal Customer,18,Personal Travel,Business,680,4,5,4,3,2,4,2,2,4,5,5,5,2,3.62,11,5,TRUE
Male,Loyal Customer,40,Business Travel,Eco,488,2,3,3,3,2,3,2,2,1,5,2,3,2,2.54,0,0,FALSE
Female,Disloyal Customer,41,Business Travel,Eco,605,2,5,2,3,1,2,1,1,5,2,1,4,1,2.31,0,8,FALSE
Male,Loyal Customer,60,Business Travel,Business,2610,0,0,0,3,5,5,4,2,2,2,2,3,4,2.46,0,1,TRUE
Male,Loyal Customer,25,Personal Travel,Eco,300,3,4,3,1,5,3,5,5,5,4,4,5,5,4,0,0,FALSE
Female,Loyal Customer,28,Business Travel,Business,526,3,3,3,3,4,4,4,4,2,5,4,4,4,3.62,0,0,TRUE
Male,Disloyal Customer,22,Business Travel,Eco Plus,143,4,1,3,4,3,3,3,3,4,2,3,3,3,3,0,0,FALSE
Female,Loyal Customer,23,Business Travel,Business,2816,2,2,2,2,5,5,5,5,2,1,3,2,5,3.15,0,0,TRUE
Male,Loyal Customer,51,Business Travel,Business,1594,3,2,2,2,5,3,4,3,3,3,3,2,1,2.77,0,0,FALSE
Male,Loyal Customer,54,Business Travel,Eco,802,2,2,2,2,2,2,2,2,3,3,2,2,2,2.15,3,0,FALSE
Male,Disloyal Customer,30,Business Travel,Eco,693,3,3,3,4,4,3,5,4,2,5,4,3,4,3.62,0,0,FALSE
Female,Loyal Customer,13,Personal Travel,Eco,862,2,4,2,3,2,2,2,2,3,4,4,4,2,2.77,0,0,FALSE
Female,Loyal Customer,13,Personal Travel,Eco,1576,3,5,3,5,2,3,2,2,5,2,5,3,2,3.23,33,27,FALSE
Male,Disloyal Customer,28,Business Travel,Business,1121,4,4,4,3,2,4,2,2,5,4,4,5,2,3.46,3,0,TRUE
Female,Disloyal Customer,10,Personal Travel,Eco,359,2,5,2,2,1,2,1,1,5,1,4,1,1,2.15,13,5,FALSE
Female,Loyal Customer,75,Business Travel,Business,519,5,4,5,5,5,5,1,5,5,5,5,1,5,4.31,0,0,TRUE
Female,Loyal Customer,43,Business Travel,Business,416,4,4,4,4,5,5,2,5,5,5,5,5,2,4.23,52,40,TRUE
Female,Loyal Customer,40,Business Travel,Eco,637,5,5,4,5,5,5,5,5,3,1,2,1,5,3.92,7,1,TRUE
Male,Disloyal Customer,32,Business Travel,Eco,489,1,4,1,1,1,1,4,3,4,5,1,4,4,2.62,157,154,FALSE
Female,Disloyal Customer,72,Business Travel,Eco,181,2,2,2,1,3,2,3,3,2,5,1,3,3,2.46,4,2,FALSE
Female,Loyal Customer,10,Personal Travel,Eco,1464,2,4,1,3,1,1,1,1,4,5,3,2,1,2.23,3,0,FALSE
Female,Loyal Customer,12,Business Travel,Business,3322,5,4,4,4,5,4,5,5,4,3,3,1,5,4,38,39,FALSE
Female,Loyal Customer,48,Business Travel,Business,2401,1,2,1,1,1,3,3,1,1,2,1,2,3,1.69,12,0,FALSE
Female,Loyal Customer,57,Business Travel,Business,1678,2,2,2,2,3,5,5,4,4,4,4,5,3,3.46,0,0,TRUE
Female,Disloyal Customer,8,Business Travel,Business,569,1,2,1,4,3,1,3,3,4,5,3,4,3,2.85,87,95,FALSE
Male,Loyal Customer,10,Personal Travel,Eco,802,1,4,1,3,5,1,5,5,3,4,4,3,5,3.38,7,10,FALSE
Male,Disloyal Customer,50,Business Travel,Business,190,3,3,3,4,2,3,2,2,5,2,4,4,2,3,0,0,FALSE
Female,Loyal Customer,56,Business Travel,Eco Plus,102,4,3,5,3,5,3,3,4,4,4,4,2,1,3.46,10,8,TRUE
Male,Loyal Customer,57,Personal Travel,Eco,300,1,4,1,1,2,1,2,2,5,5,4,5,2,2.69,9,5,FALSE
Male,Loyal Customer,58,Business Travel,Business,1023,4,4,4,4,5,4,5,5,5,5,5,3,3,4.31,18,0,TRUE
Female,Disloyal Customer,24,Business Travel,Eco,625,2,1,2,3,5,2,3,5,2,4,3,2,5,3,36,35,FALSE
Female,Loyal Customer,36,Business Travel,Eco,900,5,4,4,4,5,5,5,5,2,5,4,4,5,4.38,88,62,TRUE
Female,Loyal Customer,64,Personal Travel,Eco,931,2,5,2,3,3,4,4,3,3,2,3,5,4,3.31,0,0,FALSE
Male,Loyal Customer,41,Business Travel,Business,3892,4,4,4,4,5,4,5,5,5,5,5,3,3,4.31,0,0,TRUE
Female,Loyal Customer,55,Business Travel,Business,3504,3,3,3,3,5,4,4,4,4,4,4,3,5,3.77,0,0,TRUE
Female,Loyal Customer,55,Business Travel,Business,137,0,5,1,1,3,4,5,2,2,2,2,4,5,2.77,0,0,TRUE
Male,Loyal Customer,25,Personal Travel,Eco,190,2,5,2,3,5,2,1,5,5,4,4,3,5,3.54,4,0,FALSE
Male,Loyal Customer,41,Business Travel,Business,2003,4,4,4,4,3,5,4,2,2,2,2,5,4,3.46,0,0,TRUE
Female,Loyal Customer,49,Business Travel,Business,590,3,5,3,3,5,4,4,5,5,5,5,3,5,4.23,0,1,TRUE
Male,Loyal Customer,14,Personal Travel,Eco,1670,1,5,1,3,2,1,2,2,5,1,5,1,2,2.38,0,3,FALSE
Female,Disloyal Customer,37,Business Travel,Business,1440,3,4,4,2,1,4,1,1,3,2,5,5,1,2.77,0,2,FALSE
Male,Loyal Customer,48,Business Travel,Business,3481,2,2,2,2,3,5,4,5,5,5,5,5,5,3.85,44,35,TRUE
Male,Loyal Customer,51,Business Travel,Business,3913,2,1,1,1,3,4,3,2,2,2,2,2,4,2.23,0,0,FALSE
Male,Loyal Customer,50,Business Travel,Business,2353,1,1,1,1,5,5,5,4,4,4,4,5,3,3.31,2,50,TRUE
Male,Loyal Customer,30,Business Travel,Business,2248,3,3,3,3,5,5,5,5,3,5,4,3,5,4,29,11,TRUE
Male,Loyal Customer,45,Business Travel,Business,271,2,2,4,2,2,5,5,4,4,4,4,5,5,3.69,0,0,TRUE
Male,Loyal Customer,9,Personal Travel,Eco,983,1,5,2,2,1,2,1,1,3,2,5,4,1,2.31,60,51,FALSE
Female,Loyal Customer,35,Personal Travel,Eco,158,1,4,0,4,5,0,5,5,5,3,5,4,5,3.54,0,0,FALSE
Male,Loyal Customer,59,Business Travel,Business,1805,2,2,2,2,5,4,5,5,5,5,5,4,5,3.92,0,0,TRUE
Male,Loyal Customer,30,Business Travel,Business,2212,4,4,4,4,5,5,5,5,5,4,5,3,5,4.46,0,0,TRUE
Female,Loyal Customer,57,Business Travel,Business,2940,2,1,4,4,1,4,3,2,2,2,2,4,1,2.46,0,0,FALSE
Male,Loyal Customer,31,Business Travel,Business,1844,5,5,5,5,5,5,5,5,5,2,3,4,5,4.54,1,0,TRUE
Male,Loyal Customer,49,Personal Travel,Eco Plus,1061,3,5,2,3,5,2,5,5,4,4,5,3,5,3.92,0,0,FALSE
Male,Loyal Customer,56,Business Travel,Eco,803,4,5,5,5,4,4,4,4,1,5,4,2,4,3.92,0,0,TRUE
Male,Loyal Customer,39,Business Travel,Business,1679,4,1,4,4,1,5,4,5,5,5,4,2,1,3.46,0,0,TRUE
Male,Loyal Customer,36,Personal Travel,Eco,451,2,4,2,5,4,2,4,4,3,2,4,3,4,3.31,57,52,FALSE
Female,Loyal Customer,15,Personal Travel,Eco,762,3,5,3,3,1,3,1,1,5,2,5,3,1,2.77,0,0,FALSE
Male,Loyal Customer,29,Business Travel,Business,3309,3,2,2,2,3,3,3,1,5,4,3,3,3,2.85,294,278,FALSE
Male,Loyal Customer,29,Business Travel,Eco Plus,701,0,0,0,2,5,0,5,5,1,2,1,2,5,2.15,0,0,TRUE
Female,Loyal Customer,23,Business Travel,Business,1646,2,2,2,2,5,5,5,5,1,4,1,1,5,3.08,0,0,TRUE
Male,Loyal Customer,28,Business Travel,Eco Plus,2153,2,2,2,2,2,2,2,2,3,4,2,4,2,2.38,0,0,FALSE
Female,Loyal Customer,35,Personal Travel,Eco,1315,0,5,0,1,4,0,4,4,5,4,4,5,4,3.08,0,19,TRUE
Female,Loyal Customer,33,Personal Travel,Eco,1061,2,5,2,3,2,2,2,2,4,4,5,4,2,3,7,0,FALSE
Male,Disloyal Customer,24,Business Travel,Eco,1009,2,2,2,2,5,2,5,5,5,3,4,3,5,3.46,34,43,FALSE
Female,Loyal Customer,51,Personal Travel,Eco,308,2,1,4,2,2,2,2,5,5,4,5,3,2,3,0,0,FALSE
Female,Loyal Customer,38,Business Travel,Business,516,5,5,3,5,5,4,4,4,4,4,4,3,5,4.23,0,0,TRUE
Male,Disloyal Customer,80,Business Travel,Eco,163,3,1,3,3,4,3,4,4,2,1,3,1,4,2.77,2,3,FALSE
Female,Loyal Customer,43,Business Travel,Business,1614,3,3,3,3,2,3,3,4,4,4,4,3,4,3.31,0,48,TRUE
Female,Loyal Customer,39,Personal Travel,Eco,342,2,2,2,2,4,2,1,4,3,4,2,3,4,2.69,0,0,FALSE
Male,Loyal Customer,49,Business Travel,Business,2055,4,4,4,4,3,4,5,4,4,4,4,4,4,4,112,102,TRUE
Female,Loyal Customer,43,Business Travel,Business,2949,3,2,2,2,3,3,2,3,3,3,3,3,2,2.62,28,13,FALSE
Female,Loyal Customer,39,Personal Travel,Eco,328,0,4,0,4,1,0,5,1,4,4,2,3,1,2.23,12,0,TRUE
Female,Loyal Customer,57,Business Travel,Business,781,2,2,2,2,3,5,5,5,5,5,5,5,5,3.92,0,0,TRUE
Male,Loyal Customer,62,Business Travel,Eco Plus,674,2,5,5,5,2,2,2,2,1,3,3,2,2,2.77,0,0,FALSE
Female,Disloyal Customer,40,Business Travel,Business,964,2,2,2,4,4,2,4,4,1,4,4,4,4,3.15,0,0,FALSE
Female,Loyal Customer,62,Personal Travel,Business,1290,4,1,3,2,5,1,3,3,3,3,3,3,2,2.77,0,0,TRUE
Female,Loyal Customer,33,Business Travel,Eco,86,5,2,4,2,5,5,5,5,4,1,1,3,5,3.62,0,0,TRUE
Male,Loyal Customer,67,Personal Travel,Eco,592,1,3,1,5,1,1,1,1,4,5,2,4,1,2.31,18,4,FALSE
Male,Loyal Customer,48,Business Travel,Business,2636,2,2,2,2,4,4,4,4,4,4,4,4,5,3.46,0,0,TRUE
Male,Loyal Customer,51,Business Travel,Eco,433,5,2,2,2,5,5,5,5,2,4,3,1,5,3.54,11,10,TRUE
Female,Loyal Customer,58,Business Travel,Business,447,3,3,3,3,3,4,4,5,5,5,5,4,3,3.85,0,0,TRUE
Female,Loyal Customer,35,Business Travel,Business,2063,2,2,2,2,4,4,4,5,5,4,5,5,4,3.69,0,0,TRUE
Male,Loyal Customer,24,Personal Travel,Eco,1576,4,4,4,1,2,4,5,2,3,3,3,3,2,3.08,0,12,FALSE
Male,Loyal Customer,28,Personal Travel,Eco,580,3,1,2,4,2,2,2,2,4,2,4,2,2,2.46,7,12,FALSE
Female,Disloyal Customer,24,Business Travel,Eco,562,1,0,1,1,4,1,4,4,3,5,5,4,4,2.85,12,10,FALSE
Male,Loyal Customer,52,Business Travel,Eco,144,4,3,3,3,4,4,4,4,5,4,4,4,4,3.85,0,42,TRUE
Female,Loyal Customer,40,Business Travel,Eco,696,1,4,4,4,1,1,1,1,1,1,3,3,1,2,0,15,FALSE
Male,Loyal Customer,35,Personal Travel,Eco Plus,1121,1,4,1,4,2,1,2,2,4,2,5,5,2,2.69,0,0,FALSE
Male,Loyal Customer,50,Personal Travel,Eco,1205,5,3,5,4,2,5,3,2,2,3,4,1,2,3.15,21,4,TRUE
Female,Loyal Customer,49,Business Travel,Eco Plus,599,2,2,2,2,3,4,4,2,2,2,2,1,3,2.38,18,77,FALSE
Female,Disloyal Customer,40,Business Travel,Business,427,2,2,2,3,2,2,2,2,4,2,4,5,2,2.62,0,0,FALSE
Female,Loyal Customer,39,Business Travel,Business,1464,4,4,5,4,5,4,4,5,5,5,5,5,4,4.54,0,0,TRUE
Female,Loyal Customer,50,Personal Travel,Eco,345,3,4,3,3,5,3,3,4,4,3,4,3,3,3.46,0,0,FALSE
Female,Loyal Customer,53,Business Travel,Business,2092,4,4,4,4,5,5,5,5,5,5,5,3,5,4.54,0,9,TRUE
Male,Loyal Customer,30,Business Travel,Eco Plus,882,4,1,1,1,4,4,4,4,3,5,3,2,4,3.08,48,52,FALSE
Female,Loyal Customer,41,Business Travel,Business,2688,3,3,5,3,5,4,5,4,4,4,4,5,3,4,4,0,TRUE
Male,Loyal Customer,17,Personal Travel,Eco,937,2,5,2,3,2,2,2,2,4,4,2,4,2,2.77,0,0,FALSE
Female,Loyal Customer,59,Business Travel,Business,2556,1,1,1,1,2,5,5,4,4,4,4,3,4,3,0,0,TRUE
Female,Loyal Customer,47,Business Travel,Business,2339,2,2,2,2,4,5,4,5,5,5,5,5,5,3.92,0,0,TRUE
Female,Loyal Customer,42,Business Travel,Eco Plus,265,2,3,3,3,2,2,2,2,3,3,3,2,2,2.46,215,189,FALSE
Male,Loyal Customer,43,Business Travel,Eco,481,4,1,1,1,4,4,4,4,2,3,1,1,4,2.62,0,0,TRUE
Female,Loyal Customer,38,Business Travel,Business,446,3,3,5,3,3,4,5,4,4,4,4,3,4,3.77,4,5,TRUE
Female,Disloyal Customer,25,Business Travel,Eco,248,2,0,2,3,4,2,4,4,1,1,4,3,4,2.62,0,0,FALSE
Male,Loyal Customer,44,Business Travel,Business,2288,2,2,2,2,4,3,3,5,5,4,5,2,4,3.31,0,0,TRUE
Male,Loyal Customer,41,Business Travel,Business,2923,3,3,3,3,4,5,4,4,4,4,4,5,5,3.92,0,0,TRUE
Male,Loyal Customer,55,Business Travel,Business,1539,4,4,4,4,2,5,4,5,5,5,5,3,5,4.23,0,0,TRUE
Female,Loyal Customer,46,Business Travel,Business,631,5,5,5,5,2,5,4,5,5,5,5,4,4,4.54,6,0,TRUE
Male,Loyal Customer,54,Business Travel,Business,333,4,4,4,4,2,4,5,5,5,5,5,5,5,4.38,0,0,TRUE
Male,Disloyal Customer,21,Business Travel,Eco,1197,5,5,5,1,5,5,5,5,5,4,4,4,5,4.46,0,0,TRUE
Female,Loyal Customer,22,Personal Travel,Eco,234,1,5,1,4,4,1,4,4,5,4,4,3,4,3.38,0,0,FALSE
Male,Disloyal Customer,21,Business Travel,Eco,931,3,3,3,3,1,3,1,1,3,2,4,3,1,2.38,0,0,FALSE
Female,Loyal Customer,54,Business Travel,Eco Plus,1399,4,1,1,1,2,3,3,4,4,4,4,1,4,2.77,34,21,FALSE
Female,Loyal Customer,50,Business Travel,Business,248,3,3,3,3,4,5,5,5,5,5,5,5,3,4.15,57,48,TRUE
Male,Loyal Customer,55,Business Travel,Business,488,3,4,3,3,4,5,4,4,4,4,4,3,5,3.85,11,15,TRUE
Female,Loyal Customer,19,Business Travel,Eco Plus,985,3,3,3,3,3,3,2,3,3,3,3,3,3,2.92,0,0,FALSE
Female,Disloyal Customer,14,Business Travel,Eco,702,4,4,4,3,1,4,1,1,3,5,3,4,1,2.92,0,0,FALSE
Female,Loyal Customer,46,Business Travel,Business,372,1,1,1,1,5,5,5,4,4,4,4,5,5,3.46,0,1,TRUE
Male,Loyal Customer,56,Personal Travel,Eco,191,1,5,1,3,2,1,2,2,5,2,5,5,2,2.77,16,6,FALSE
Female,Loyal Customer,53,Personal Travel,Eco,2072,2,2,3,3,1,2,2,4,4,3,4,3,1,2.62,0,0,FALSE
Female,Loyal Customer,43,Business Travel,Business,811,3,3,2,3,2,5,4,5,5,5,5,3,5,3.85,0,0,TRUE
Female,Loyal Customer,74,Business Travel,Eco,557,5,5,5,5,1,1,4,5,5,5,5,3,1,3.85,0,0,TRUE
Female,Loyal Customer,56,Business Travel,Business,373,2,2,2,2,2,5,2,2,2,2,2,3,2,2.31,0,0,TRUE
Male,Loyal Customer,53,Personal Travel,Eco,371,2,4,2,3,3,2,3,3,3,2,3,3,3,2.77,20,8,FALSE
Female,Loyal Customer,70,Personal Travel,Eco,1751,3,2,3,1,5,1,1,3,3,3,1,2,4,2.46,0,15,FALSE
Female,Disloyal Customer,33,Business Travel,Business,684,3,3,3,3,1,3,1,1,4,4,4,4,1,2.69,0,0,FALSE
Male,Disloyal Customer,30,Business Travel,Eco,188,1,3,1,3,3,1,3,3,1,4,4,1,3,2.38,0,0,FALSE
Male,Loyal Customer,63,Business Travel,Eco,1069,4,1,1,1,4,4,4,4,5,1,2,4,4,3,0,0,TRUE
Female,Loyal Customer,29,Personal Travel,Eco,1117,2,5,2,3,3,2,3,3,4,3,4,3,3,3.08,0,0,FALSE
Male,Loyal Customer,66,Personal Travel,Eco Plus,351,2,5,2,2,1,2,1,1,4,4,4,5,1,2.62,0,1,FALSE
Female,Loyal Customer,54,Business Travel,Eco,370,5,5,5,5,1,4,4,5,5,5,5,1,1,3.92,0,0,TRUE
Female,Loyal Customer,27,Business Travel,Business,2903,4,4,4,4,4,4,4,4,4,4,4,5,4,4.08,0,0,TRUE
Male,Loyal Customer,59,Personal Travel,Eco,1572,2,4,2,1,4,2,1,4,4,2,3,5,4,2.92,11,23,FALSE
Male,Loyal Customer,15,Personal Travel,Eco,429,3,1,4,2,4,4,4,4,3,2,3,3,4,3.15,0,0,FALSE
Male,Loyal Customer,9,Personal Travel,Business,248,2,4,0,4,5,0,5,5,5,2,4,4,5,3.46,25,27,FALSE
Female,Disloyal Customer,38,Business Travel,Business,862,3,3,3,4,4,3,4,4,5,2,4,4,4,3.62,0,0,FALSE
Female,Disloyal Customer,22,Business Travel,Business,140,4,3,4,2,5,4,5,5,1,5,3,2,5,3.69,0,0,FALSE
Female,Loyal Customer,30,Personal Travel,Eco,630,2,3,2,5,1,2,1,1,3,2,4,1,1,2.15,3,1,FALSE
Male,Loyal Customer,59,Business Travel,Business,436,2,2,2,2,3,5,4,5,5,5,5,4,5,3.77,47,37,TRUE
Female,Loyal Customer,55,Personal Travel,Eco,571,2,5,2,2,4,4,5,4,4,2,4,3,4,3.46,7,5,FALSE
Male,Loyal Customer,55,Business Travel,Business,1460,4,4,4,4,4,4,5,4,4,4,4,4,4,4.08,18,4,TRUE
Female,Loyal Customer,63,Personal Travel,Eco,590,1,4,1,4,5,5,4,4,4,1,4,3,5,3.46,47,29,FALSE
Male,Loyal Customer,44,Business Travel,Eco Plus,458,3,1,1,1,3,3,3,3,4,2,2,1,3,2.31,106,98,FALSE
Female,Disloyal Customer,48,Business Travel,Business,236,1,1,1,4,4,1,4,4,2,2,3,2,4,2.54,0,0,FALSE
Female,Loyal Customer,36,Business Travel,Business,200,2,2,2,2,4,5,5,4,4,4,4,4,3,3.46,0,0,TRUE
Male,Loyal Customer,48,Business Travel,Business,2384,4,4,4,4,3,5,5,4,4,4,4,3,4,4,0,0,TRUE
Female,Loyal Customer,71,Business Travel,Business,2289,3,2,2,2,5,3,4,3,3,3,3,3,4,3.08,0,0,FALSE
Male,Loyal Customer,24,Business Travel,Eco Plus,1670,2,1,1,1,2,2,4,2,3,5,3,3,2,2.38,0,3,FALSE
Female,Disloyal Customer,33,Business Travel,Business,328,4,4,4,1,4,4,4,4,5,5,4,5,4,4,2,1,FALSE
Male,Loyal Customer,51,Business Travel,Business,134,4,4,4,4,5,5,4,5,5,5,4,4,4,4.38,0,4,TRUE
Male,Disloyal Customer,21,Business Travel,Eco,289,3,4,2,1,3,2,3,3,3,4,4,5,3,3.08,44,76,FALSE
Male,Loyal Customer,56,Business Travel,Business,1737,1,1,1,1,4,3,5,5,5,5,5,5,4,3.46,17,20,TRUE
Female,Loyal Customer,38,Business Travel,Business,1217,5,5,5,5,5,5,5,4,4,4,4,5,4,4.62,30,17,TRUE
Male,Loyal Customer,11,Business Travel,Business,3427,3,1,1,1,3,2,3,3,2,4,4,2,3,2.46,0,0,FALSE
Female,Loyal Customer,41,Business Travel,Business,1509,2,2,2,2,4,5,4,5,5,5,5,3,4,3.69,107,104,TRUE
Male,Disloyal Customer,28,Business Travel,Eco,666,4,2,4,2,3,4,3,3,3,5,3,2,3,3.15,0,45,FALSE
Female,Disloyal Customer,60,Business Travel,Eco,1061,2,2,2,3,5,2,1,5,3,3,4,3,5,3.08,10,5,FALSE
Male,Loyal Customer,41,Business Travel,Business,2257,5,5,5,5,2,1,1,2,2,2,2,1,3,2.77,0,0,TRUE
Female,Loyal Customer,41,Business Travel,Business,3877,4,4,4,4,5,5,5,3,3,5,5,5,5,4.38,222,243,TRUE
Male,Loyal Customer,25,Business Travel,Eco Plus,787,1,1,1,1,1,2,2,1,4,1,3,4,1,1.77,0,0,FALSE
Female,Loyal Customer,53,Business Travel,Business,2532,1,3,3,3,2,2,2,1,1,2,1,3,1,1.92,91,79,FALSE
Female,Loyal Customer,52,Business Travel,Business,1797,1,1,1,1,2,5,4,4,4,4,4,3,5,3,3,0,TRUE
Male,Loyal Customer,37,Personal Travel,Eco,1179,2,4,2,4,2,2,2,2,4,3,4,5,2,2.92,0,0,FALSE
Male,Loyal Customer,40,Business Travel,Business,189,1,1,1,1,4,5,5,3,3,4,4,5,3,3.08,12,7,TRUE
Male,Loyal Customer,35,Business Travel,Eco,853,2,2,2,2,2,1,2,2,3,2,3,4,2,2.23,0,15,FALSE
Female,Disloyal Customer,45,Business Travel,Business,1452,2,2,2,4,4,2,4,4,4,3,4,3,4,3.23,13,0,FALSE
Female,Loyal Customer,68,Personal Travel,Eco,554,3,5,3,2,3,5,4,4,4,3,4,3,4,3.62,1,0,FALSE
Female,Loyal Customer,31,Personal Travel,Eco,264,3,4,3,3,5,3,4,5,4,3,2,2,5,3.54,0,0,FALSE
Female,Loyal Customer,70,Personal Travel,Eco,296,3,5,3,2,3,4,5,4,4,3,4,3,5,3.69,47,47,FALSE
Female,Disloyal Customer,20,Business Travel,Business,1063,5,5,4,5,2,4,2,2,5,2,3,4,2,3.46,0,0,TRUE
Female,Loyal Customer,17,Business Travel,Business,1866,1,1,1,1,5,5,5,5,1,5,2,4,5,3.15,0,0,TRUE
Male,Loyal Customer,30,Personal Travel,Eco,491,3,1,3,3,4,3,4,4,4,1,3,3,4,3.08,6,8,FALSE
Female,Disloyal Customer,25,Business Travel,Business,1059,0,1,0,3,3,1,4,3,5,5,5,5,3,2.92,0,0,TRUE
Male,Loyal Customer,62,Business Travel,Eco,361,4,2,2,2,4,4,4,4,3,4,5,1,4,3.31,2,0,TRUE
Male,Disloyal Customer,32,Business Travel,Business,746,3,3,3,5,4,3,5,4,4,2,4,3,4,3.62,0,0,FALSE
Female,Loyal Customer,10,Personal Travel,Eco,643,4,5,4,2,2,4,1,2,4,2,4,3,2,3,0,0,TRUE
Male,Loyal Customer,64,Personal Travel,Eco Plus,533,5,2,5,2,3,5,3,3,3,4,3,4,3,3.46,0,0,TRUE
Female,Loyal Customer,39,Business Travel,Business,3937,1,1,1,1,5,2,5,4,4,4,3,5,2,2.92,68,105,TRUE
Female,Loyal Customer,36,Business Travel,Business,2381,2,2,3,2,4,4,4,3,3,5,5,4,4,3.46,4,3,TRUE
Female,Loyal Customer,36,Business Travel,Business,399,5,5,5,5,3,4,5,5,5,5,5,3,5,4.62,0,46,TRUE
Female,Disloyal Customer,26,Business Travel,Eco,404,2,2,2,4,2,2,2,2,3,5,3,2,2,2.54,0,0,FALSE
Male,Loyal Customer,28,Business Travel,Business,3482,2,2,1,2,4,4,4,4,5,2,5,3,4,3.23,0,56,TRUE
Female,Loyal Customer,55,Business Travel,Business,179,0,4,0,4,5,4,5,1,1,1,1,4,4,2.62,0,0,TRUE
Male,Loyal Customer,46,Business Travel,Eco,588,4,1,5,5,4,4,4,4,4,4,1,5,4,3.77,0,0,TRUE
Female,Loyal Customer,20,Business Travel,Eco Plus,151,1,3,3,3,1,1,4,1,2,1,4,2,1,2.08,0,17,FALSE
Male,Loyal Customer,70,Personal Travel,Eco,356,4,5,4,3,1,4,1,1,4,2,5,5,1,3.08,0,0,TRUE
Female,Loyal Customer,14,Personal Travel,Eco,1562,3,4,3,4,2,3,2,2,3,5,3,5,2,3.15,11,5,FALSE
Female,Loyal Customer,34,Business Travel,Business,781,1,1,1,1,1,1,4,4,4,4,4,2,1,2.23,0,0,TRUE
Female,Loyal Customer,31,Business Travel,Business,141,1,1,4,1,4,4,4,4,4,1,1,5,4,2.92,0,0,TRUE
Female,Loyal Customer,50,Personal Travel,Eco,2845,3,0,3,4,1,3,2,3,3,3,5,3,3,2.77,110,75,FALSE
Male,Loyal Customer,36,Business Travel,Business,746,3,3,3,3,4,5,5,2,2,2,2,1,5,3.08,20,56,TRUE
Female,Disloyal Customer,17,Business Travel,Eco,1276,3,3,3,3,2,3,2,2,1,2,4,4,2,2.62,0,0,FALSE
Female,Loyal Customer,41,Business Travel,Business,328,2,2,2,2,2,5,5,4,4,4,4,5,4,3.46,2,0,TRUE
Male,Loyal Customer,33,Business Travel,Business,3581,2,2,2,2,2,2,2,2,2,5,2,1,2,2.15,11,11,FALSE
Female,Loyal Customer,36,Business Travel,Business,2504,3,2,3,3,2,1,1,3,3,3,3,2,4,2.54,68,61,FALSE
Female,Loyal Customer,51,Personal Travel,Business,397,3,5,3,3,2,2,1,2,2,3,2,1,4,2.54,9,0,FALSE
Male,Loyal Customer,70,Personal Travel,Eco,971,5,4,5,4,4,5,4,4,5,4,5,5,4,4.46,4,0,TRUE
Female,Loyal Customer,23,Personal Travel,Eco,1642,4,5,4,3,5,4,2,5,3,2,5,4,5,3.92,6,14,FALSE
Male,Loyal Customer,30,Business Travel,Business,239,5,5,5,5,4,4,4,4,3,3,5,5,4,4.31,5,10,TRUE
Male,Loyal Customer,22,Business Travel,Business,2552,1,1,1,1,5,5,5,5,1,2,4,2,5,2.92,0,0,TRUE
Female,Loyal Customer,50,Business Travel,Eco,442,2,4,4,4,1,3,3,2,2,2,2,2,3,2.62,0,0,FALSE
Male,Disloyal Customer,35,Business Travel,Business,1389,3,3,3,3,2,3,2,2,3,4,5,5,2,3.08,32,31,FALSE
Female,Disloyal Customer,25,Business Travel,Business,544,3,4,3,4,3,3,3,3,4,2,5,5,3,3.46,0,0,FALSE
Female,Loyal Customer,56,Business Travel,Business,3517,3,3,3,3,4,5,5,4,4,4,4,4,5,3.92,0,0,TRUE
Male,Loyal Customer,27,Business Travel,Business,515,1,1,1,1,4,4,4,4,3,4,4,3,4,2.92,0,8,TRUE
Female,Loyal Customer,32,Business Travel,Business,597,3,1,1,1,3,3,3,3,4,4,3,1,3,2.54,0,0,FALSE
Female,Disloyal Customer,39,Business Travel,Business,628,2,2,2,4,4,2,4,4,1,1,4,1,4,2.69,0,0,FALSE
Female,Loyal Customer,32,Personal Travel,Eco,397,1,5,4,2,2,4,2,2,3,2,5,5,2,3,0,0,FALSE
Male,Disloyal Customer,63,Business Travel,Eco Plus,1297,4,4,4,2,4,2,2,1,1,4,4,2,2,2.77,0,19,TRUE
Male,Loyal Customer,13,Personal Travel,Business,106,3,1,3,3,2,3,2,2,3,3,3,4,2,2.62,0,0,FALSE
Female,Loyal Customer,11,Personal Travel,Eco,404,2,5,2,2,2,2,2,2,5,2,4,4,2,2.77,10,8,FALSE
Male,Loyal Customer,50,Business Travel,Business,1506,3,3,5,3,4,5,5,4,4,4,4,3,3,3.85,3,3,TRUE
Male,Loyal Customer,57,Business Travel,Business,1763,1,1,1,1,3,5,4,3,3,3,3,5,3,2.77,0,0,TRUE
Female,Disloyal Customer,20,Business Travel,Eco,874,1,1,1,4,5,1,5,5,4,5,4,3,5,3.38,0,0,FALSE
Female,Loyal Customer,60,Business Travel,Eco,332,4,3,3,3,1,4,4,4,4,4,4,1,2,3.15,54,53,FALSE
Female,Disloyal Customer,20,Business Travel,Eco,338,1,3,1,3,3,1,3,3,2,1,4,4,3,2.46,1,0,FALSE
Male,Loyal Customer,41,Business Travel,Business,2358,3,3,3,3,5,5,5,4,4,4,4,3,5,3.92,14,0,TRUE
Male,Loyal Customer,46,Business Travel,Eco,319,2,3,3,3,2,2,2,2,3,5,4,2,2,2.69,9,14,FALSE
Male,Loyal Customer,48,Personal Travel,Eco,447,2,4,2,4,5,2,5,5,5,3,2,3,5,3.62,0,0,FALSE
Female,Loyal Customer,48,Business Travel,Business,2927,4,4,4,4,2,5,5,5,5,5,5,4,5,4.38,17,1,TRUE
Male,Loyal Customer,14,Personal Travel,Eco,1379,1,4,1,3,5,1,5,5,5,4,4,4,5,3.62,2,0,FALSE
Female,Loyal Customer,61,Business Travel,Business,2787,2,2,4,2,5,4,5,4,4,4,4,3,4,3.62,81,73,TRUE
Male,Loyal Customer,42,Business Travel,Eco,187,3,2,2,2,3,3,3,3,1,4,2,2,3,2.54,0,14,FALSE
Male,Loyal Customer,51,Business Travel,Eco,978,4,3,3,3,4,4,4,4,5,2,2,1,4,3.31,0,0,TRUE
Female,Loyal Customer,56,Personal Travel,Eco,427,1,0,1,4,5,4,5,3,3,1,3,4,3,2.85,98,104,FALSE
Male,Disloyal Customer,51,Business Travel,Business,585,3,3,3,5,3,3,3,3,3,2,4,3,3,3.15,21,49,FALSE
Female,Loyal Customer,56,Business Travel,Eco,329,3,2,2,2,4,3,4,3,3,3,3,4,4,3.08,0,0,FALSE
Male,Loyal Customer,52,Personal Travel,Eco,1014,4,4,4,3,4,4,4,4,4,5,5,4,4,4.08,0,0,FALSE
Male,Loyal Customer,40,Business Travel,Business,3595,5,5,5,5,3,5,5,5,5,5,4,4,3,4.54,1,0,TRUE
Male,Loyal Customer,29,Business Travel,Business,1211,2,2,2,2,2,2,2,2,2,3,4,1,2,2.15,27,23,FALSE
Female,Loyal Customer,33,Personal Travel,Eco,1080,4,4,4,3,3,4,3,3,3,3,5,5,3,3.62,1,0,TRUE
Female,Disloyal Customer,22,Business Travel,Business,1235,5,0,5,2,4,0,4,4,3,3,4,5,4,3.31,0,0,TRUE
Female,Loyal Customer,44,Personal Travel,Eco,680,1,5,1,1,4,5,5,3,3,1,3,4,3,3,6,0,FALSE
Female,Loyal Customer,40,Business Travel,Business,1851,5,5,5,5,4,4,5,4,4,5,4,4,5,4.54,0,0,TRUE
Female,Loyal Customer,60,Business Travel,Business,1883,1,1,2,1,2,4,4,4,4,4,4,3,5,3,0,0,TRUE
Female,Disloyal Customer,24,Business Travel,Business,214,5,5,5,1,4,5,4,4,5,3,5,4,4,4.15,10,0,TRUE
Female,Disloyal Customer,50,Business Travel,Business,1846,3,3,3,4,4,3,4,4,4,4,3,4,4,3.62,15,11,FALSE
Male,Loyal Customer,59,Personal Travel,Eco,948,3,2,3,3,4,3,4,4,4,4,1,1,4,3.08,25,15,FALSE
Male,Loyal Customer,25,Business Travel,Eco Plus,1660,3,5,5,5,3,2,1,3,3,3,3,1,3,3.08,0,0,FALSE
Female,Loyal Customer,36,Business Travel,Business,3155,2,2,2,2,1,5,2,5,5,5,5,5,2,3.31,0,0,TRUE
Male,Loyal Customer,53,Business Travel,Business,2455,5,5,3,5,4,4,4,4,3,4,3,4,4,4,170,175,TRUE
Female,Loyal Customer,31,Personal Travel,Eco,405,0,4,0,3,1,0,1,1,4,3,5,3,1,2,1,0,TRUE
Male,Loyal Customer,53,Personal Travel,Eco,643,2,5,3,3,2,3,2,2,3,2,4,4,2,2.85,0,0,FALSE
Male,Disloyal Customer,48,Business Travel,Eco,722,3,3,3,4,3,3,1,3,5,2,4,2,3,3,0,0,FALSE
Male,Loyal Customer,57,Business Travel,Business,2030,2,2,2,2,4,4,5,3,3,4,3,4,4,3.23,0,3,TRUE
Female,Loyal Customer,12,Personal Travel,Eco,1072,2,4,2,4,4,2,2,4,1,5,1,5,4,3.08,0,0,FALSE
Male,Loyal Customer,60,Business Travel,Business,140,3,3,3,3,3,4,4,5,5,5,5,4,3,3.85,0,0,TRUE
Female,Disloyal Customer,39,Business Travel,Eco,188,3,2,3,3,5,3,2,5,1,5,3,1,5,3.15,0,0,FALSE
Female,Loyal Customer,35,Business Travel,Business,2714,3,3,3,3,1,4,4,3,3,3,3,1,4,2.92,0,0,FALSE
Male,Loyal Customer,46,Business Travel,Eco,129,2,3,3,3,2,2,2,2,1,5,3,3,2,2.54,8,15,FALSE
Female,Loyal Customer,60,Business Travel,Eco,501,3,2,2,2,2,3,3,3,3,3,3,1,4,2.62,12,7,FALSE
Male,Loyal Customer,43,Business Travel,Business,3120,3,3,3,3,5,4,4,5,5,5,5,3,4,4,4,0,TRUE
Male,Loyal Customer,41,Personal Travel,Eco Plus,1171,5,5,5,5,1,5,2,1,1,5,4,1,1,3.15,11,3,TRUE
Female,Loyal Customer,67,Business Travel,Eco,463,4,1,5,5,1,5,3,4,4,4,4,4,1,3.46,0,0,TRUE
Male,Loyal Customer,33,Business Travel,Business,2791,4,2,4,4,4,4,4,4,5,2,4,2,4,3.62,0,0,TRUE
Male,Loyal Customer,58,Business Travel,Business,370,5,5,5,5,5,5,4,4,4,4,4,3,5,4.46,16,7,TRUE
Female,Disloyal Customer,54,Business Travel,Business,1111,2,2,2,3,2,2,2,2,4,5,5,5,2,2.92,38,36,FALSE
Female,Loyal Customer,26,Personal Travel,Eco,862,3,4,3,4,4,3,1,4,5,5,4,4,4,3.69,106,85,FALSE
Female,Loyal Customer,51,Business Travel,Business,2464,1,1,1,1,4,5,5,4,4,4,4,5,5,3.38,0,5,TRUE
Male,Loyal Customer,57,Business Travel,Business,842,4,4,2,4,5,5,5,2,2,2,2,3,5,3.46,6,0,TRUE
Male,Loyal Customer,32,Business Travel,Business,2000,3,3,3,3,2,2,2,2,5,5,5,3,2,3.08,0,0,TRUE
Male,Loyal Customer,62,Personal Travel,Eco,682,2,2,2,4,4,2,4,4,3,3,4,2,4,3.08,3,5,FALSE
Male,Loyal Customer,61,Personal Travel,Eco,227,1,5,1,2,5,1,4,5,2,2,2,1,5,2.77,0,2,FALSE
Male,Loyal Customer,53,Business Travel,Business,419,1,1,1,1,2,4,5,4,4,4,4,4,4,3,0,0,TRUE
Male,Loyal Customer,51,Business Travel,Business,2367,4,4,4,4,2,4,5,2,2,2,2,5,4,3.38,0,0,TRUE
Male,Loyal Customer,54,Business Travel,Eco,529,4,3,3,3,4,4,4,4,3,5,3,4,4,3.69,0,0,TRUE
Male,Disloyal Customer,37,Business Travel,Business,509,1,1,1,3,3,1,3,3,3,3,4,4,3,2.54,4,0,FALSE
Male,Disloyal Customer,28,Business Travel,Eco,1050,3,3,3,2,4,3,4,4,1,2,2,3,4,2.92,22,32,FALSE
Male,Disloyal Customer,36,Business Travel,Business,280,2,2,2,4,1,2,1,1,1,1,2,3,1,1.77,0,0,FALSE
Female,Loyal Customer,24,Personal Travel,Eco,236,3,3,3,3,3,3,3,3,5,1,4,2,3,3,42,20,FALSE
Male,Loyal Customer,44,Business Travel,Business,3913,4,4,4,4,4,5,5,5,5,5,5,5,3,4.46,0,34,TRUE
Female,Loyal Customer,57,Business Travel,Business,2174,1,1,1,1,2,4,5,4,4,4,4,3,4,2.92,4,0,TRUE
Male,Loyal Customer,15,Personal Travel,Eco,918,3,5,3,4,5,3,5,5,5,5,5,3,5,4.31,13,12,FALSE
Male,Loyal Customer,60,Business Travel,Business,669,3,3,3,3,5,4,5,3,3,4,3,3,3,3.46,0,0,TRUE
Male,Loyal Customer,38,Business Travel,Eco,335,3,4,4,4,3,3,3,3,4,1,4,3,3,3.23,43,45,FALSE
Female,Loyal Customer,48,Business Travel,Business,301,5,5,5,5,2,5,4,4,4,5,4,3,3,4.15,0,0,TRUE
Male,Loyal Customer,44,Business Travel,Business,1773,1,3,3,3,3,2,3,1,1,2,1,4,2,2.23,0,0,FALSE
Female,Loyal Customer,9,Business Travel,Business,2537,2,3,3,3,2,2,2,2,2,2,3,1,2,2.23,5,14,FALSE
Female,Loyal Customer,46,Personal Travel,Eco,214,2,0,2,3,4,5,5,3,3,2,3,5,2,3,15,13,FALSE
Male,Disloyal Customer,37,Business Travel,Eco,134,3,1,3,3,4,3,4,4,1,2,3,2,4,2.85,93,98,FALSE
Female,Loyal Customer,61,Personal Travel,Eco,666,3,2,3,3,5,4,4,1,1,3,1,3,1,2.62,0,13,FALSE
Female,Disloyal Customer,18,Business Travel,Eco,606,1,4,1,4,1,4,4,4,1,3,4,4,4,3,127,165,FALSE
Male,Loyal Customer,31,Business Travel,Business,2475,1,1,1,1,5,5,5,3,2,3,5,5,5,3.23,0,0,TRUE
Male,Loyal Customer,52,Business Travel,Business,761,3,3,2,3,4,5,5,4,4,4,4,4,4,3.77,0,0,TRUE
Female,Loyal Customer,25,Business Travel,Business,328,3,4,4,4,3,3,3,3,1,5,2,3,3,3.15,15,15,FALSE
Female,Disloyal Customer,38,Business Travel,Business,386,3,3,3,3,4,3,4,4,4,4,5,4,4,3.69,0,5,FALSE
Female,Loyal Customer,43,Personal Travel,Eco Plus,200,5,0,0,1,4,4,4,2,2,0,2,3,5,2.46,2,1,TRUE
Male,Loyal Customer,63,Personal Travel,Eco,629,3,4,3,2,3,3,3,3,3,5,5,3,3,3.31,183,181,FALSE
Female,Loyal Customer,25,Personal Travel,Business,214,4,4,4,2,1,4,1,1,3,2,5,3,1,2.69,0,0,FALSE
Female,Loyal Customer,62,Personal Travel,Eco,1514,3,4,3,2,1,1,1,3,3,3,2,5,3,2.62,6,9,FALSE
Female,Loyal Customer,30,Business Travel,Business,2281,2,2,2,2,2,3,2,2,5,4,2,1,2,2.38,93,112,TRUE
Female,Loyal Customer,52,Business Travel,Business,2486,1,1,5,1,2,3,4,4,4,4,4,4,4,3.15,0,0,TRUE
Female,Loyal Customer,70,Personal Travel,Eco,495,2,5,2,1,5,2,3,2,2,2,2,2,1,2.38,60,61,FALSE
Female,Disloyal Customer,35,Business Travel,Eco,101,2,0,2,4,2,2,2,2,3,5,1,1,2,2.15,0,0,FALSE
Female,Loyal Customer,32,Personal Travel,Eco,237,3,5,3,4,2,3,2,2,5,2,4,4,2,3.15,9,0,FALSE
Female,Loyal Customer,29,Personal Travel,Eco,432,3,5,3,4,5,3,5,5,4,4,5,5,5,4.31,38,20,FALSE
Female,Loyal Customer,61,Business Travel,Business,1679,1,1,1,1,2,5,4,5,5,5,5,4,5,3.38,0,0,TRUE
Female,Loyal Customer,34,Business Travel,Business,2499,2,2,2,2,3,4,5,4,4,4,4,3,4,3.31,0,0,TRUE
Female,Disloyal Customer,33,Business Travel,Business,722,2,2,2,5,4,2,4,4,5,2,5,5,4,3.54,0,3,FALSE
Female,Disloyal Customer,27,Business Travel,Eco,1216,4,4,4,3,3,4,3,3,4,2,3,5,3,3.46,0,0,TRUE
Female,Loyal Customer,51,Business Travel,Business,295,2,4,4,4,2,3,4,2,2,2,2,4,1,2.77,0,0,FALSE
Female,Loyal Customer,42,Business Travel,Eco,573,2,3,3,3,2,3,3,2,2,2,2,1,2,2.31,0,0,FALSE
Female,Loyal Customer,40,Business Travel,Business,733,4,4,4,4,2,4,4,4,4,4,4,3,3,3.69,0,0,TRUE
Female,Loyal Customer,25,Business Travel,Business,1641,3,1,1,1,3,3,3,3,2,3,3,2,3,2.38,0,0,FALSE
Female,Loyal Customer,57,Business Travel,Business,1372,5,5,1,5,3,5,4,5,5,5,5,3,4,4.23,0,0,TRUE
Female,Disloyal Customer,23,Business Travel,Eco,1426,1,1,1,2,1,1,4,4,2,4,5,4,4,2.62,0,0,FALSE
Female,Loyal Customer,33,Personal Travel,Eco,1670,2,5,2,3,5,2,5,5,5,1,1,3,5,3.38,0,10,FALSE
Female,Loyal Customer,54,Personal Travel,Eco,1075,5,5,5,1,5,4,4,3,3,5,3,3,5,3.92,2,0,TRUE
Male,Loyal Customer,50,Business Travel,Business,570,5,5,5,5,5,4,5,2,2,2,2,3,5,3.85,10,0,TRUE
Male,Loyal Customer,18,Personal Travel,Eco,526,1,4,1,3,3,1,3,3,5,2,4,4,3,2.85,0,0,FALSE
Male,Loyal Customer,57,Personal Travel,Eco,238,4,4,0,3,5,0,5,5,5,4,4,3,5,3.62,0,0,TRUE
Male,Loyal Customer,55,Business Travel,Business,2860,1,1,1,1,1,1,1,4,5,2,4,1,1,1.85,10,13,FALSE
Female,Loyal Customer,41,Business Travel,Business,1799,2,2,2,2,3,4,4,3,3,3,3,3,5,3,0,0,TRUE
Male,Disloyal Customer,36,Business Travel,Business,224,4,4,4,1,4,4,4,4,2,1,4,2,4,3.23,0,4,FALSE
Male,Loyal Customer,58,Business Travel,Business,201,1,1,1,1,4,5,5,4,4,4,5,3,4,3.23,0,0,TRUE
Female,Loyal Customer,22,Business Travel,Business,2109,1,1,1,1,1,1,1,1,4,2,4,2,1,1.62,9,36,FALSE
Female,Loyal Customer,56,Business Travel,Business,3405,5,4,5,5,5,5,4,3,3,4,3,5,3,4.15,0,11,TRUE
Male,Disloyal Customer,32,Business Travel,Eco,192,3,0,2,4,5,2,5,5,5,4,2,2,5,3.38,40,32,FALSE
Male,Loyal Customer,54,Business Travel,Business,1620,3,3,3,3,3,5,4,4,4,4,4,4,4,3.69,15,2,TRUE
Female,Disloyal Customer,26,Business Travel,Business,502,4,4,4,4,2,4,2,2,4,3,4,3,2,3.23,0,0,FALSE
Male,Loyal Customer,50,Business Travel,Eco,787,3,4,4,4,3,3,3,3,2,3,3,3,3,3.15,0,8,FALSE
Male,Disloyal Customer,27,Business Travel,Business,543,4,4,4,1,1,4,1,1,5,5,4,3,1,2.92,0,0,FALSE
Female,Loyal Customer,42,Business Travel,Business,2139,3,3,2,3,2,3,4,3,3,4,3,1,2,2.77,0,0,FALSE
Male,Loyal Customer,25,Personal Travel,Eco,258,2,4,2,2,2,2,2,4,3,3,2,2,2,2.46,247,307,FALSE
Female,Loyal Customer,8,Personal Travel,Eco,361,1,4,1,1,3,1,3,3,5,4,5,3,3,2.85,1,10,FALSE
Male,Loyal Customer,59,Business Travel,Eco Plus,190,4,2,2,2,3,4,3,3,1,1,1,3,3,2.46,0,4,TRUE
Male,Loyal Customer,57,Business Travel,Business,3575,1,1,5,1,2,5,5,4,4,4,4,3,3,3.23,17,17,TRUE
Male,Loyal Customer,35,Business Travel,Business,1825,2,3,3,3,2,3,2,2,2,3,2,4,3,2.62,9,4,FALSE
Female,Loyal Customer,22,Personal Travel,Eco Plus,192,1,5,1,4,4,1,4,4,4,5,5,4,4,3.54,42,33,FALSE
Male,Loyal Customer,57,Business Travel,Business,1186,3,3,5,3,3,5,5,5,5,5,5,3,3,4.08,41,12,TRUE
Female,Loyal Customer,39,Business Travel,Business,89,1,1,1,1,4,5,4,4,4,4,4,3,4,3.08,0,0,TRUE
Male,Loyal Customer,10,Personal Travel,Eco,1014,1,2,1,4,1,1,1,1,2,3,4,2,1,1.85,0,0,FALSE
Male,Loyal Customer,22,Business Travel,Business,2806,4,1,1,1,4,4,4,4,2,4,3,2,4,2.92,0,0,FALSE
Male,Loyal Customer,49,Personal Travel,Eco Plus,312,4,4,4,2,3,4,3,3,4,2,4,4,3,3.38,0,0,FALSE
Male,Loyal Customer,29,Business Travel,Business,1037,1,1,1,1,4,5,4,4,5,5,4,4,4,3.31,30,33,TRUE
Female,Loyal Customer,14,Personal Travel,Eco,383,2,5,2,4,1,2,1,1,5,2,1,4,1,2.38,0,0,FALSE
Female,Loyal Customer,37,Business Travel,Business,224,1,3,3,3,2,4,4,4,4,4,1,3,3,3,22,27,FALSE
Male,Disloyal Customer,25,Business Travel,Eco,569,2,3,2,3,5,2,1,5,1,3,3,2,5,2.85,51,60,FALSE
Male,Loyal Customer,44,Business Travel,Business,160,3,3,3,3,5,1,3,4,4,5,5,2,1,3.23,0,0,TRUE
Male,Loyal Customer,31,Business Travel,Business,2984,1,1,1,1,4,4,4,4,3,4,2,5,4,2.92,72,100,TRUE
Male,Loyal Customer,12,Personal Travel,Eco,2007,2,5,2,2,1,2,1,1,5,3,3,4,1,2.46,0,0,FALSE
Male,Loyal Customer,53,Business Travel,Business,3606,1,1,1,1,4,5,5,5,5,5,5,3,5,3.54,0,0,TRUE
Female,Disloyal Customer,35,Business Travel,Eco Plus,999,3,3,3,3,3,3,1,3,1,4,4,2,3,2.77,0,0,FALSE
Male,Loyal Customer,25,Personal Travel,Eco,1262,1,4,1,2,2,1,2,2,3,2,4,5,2,2.38,6,19,FALSE
Male,Loyal Customer,66,Business Travel,Eco,224,4,4,4,4,4,4,4,4,3,4,2,4,4,3.77,0,0,TRUE
Female,Loyal Customer,51,Personal Travel,Eco,610,4,4,4,2,4,4,5,5,5,4,5,4,3,4.08,0,0,FALSE
Female,Loyal Customer,38,Business Travel,Business,2187,2,5,5,5,4,4,3,2,2,3,2,4,1,3.23,0,0,FALSE
Male,Disloyal Customer,43,Business Travel,Business,1587,2,2,2,3,2,2,3,2,3,4,4,4,2,2.69,0,0,FALSE
Female,Loyal Customer,60,Business Travel,Eco,1709,2,1,1,1,2,4,4,2,2,2,2,4,1,2.15,0,25,FALSE
Female,Loyal Customer,24,Business Travel,Business,357,3,4,4,4,3,3,3,3,4,2,3,4,3,3.31,43,32,FALSE
Female,Loyal Customer,43,Personal Travel,Eco,402,4,4,5,4,3,4,4,3,3,5,3,3,2,3.62,8,4,TRUE
Female,Loyal Customer,37,Business Travel,Business,2957,3,3,3,3,2,5,4,3,3,4,3,5,5,3.54,0,0,TRUE
Male,Loyal Customer,11,Personal Travel,Eco,2475,3,4,3,4,4,3,4,4,3,3,5,3,4,3.62,0,0,FALSE
Female,Loyal Customer,54,Personal Travel,Eco,273,4,0,4,3,5,4,4,5,5,4,2,4,4,3.69,2,5,TRUE
Male,Loyal Customer,45,Business Travel,Eco,237,3,3,3,3,3,3,3,3,4,3,3,3,3,3.08,0,0,FALSE
Male,Disloyal Customer,27,Business Travel,Business,1136,1,1,1,4,2,1,2,2,3,5,4,4,2,2.46,0,0,FALSE
Female,Loyal Customer,36,Business Travel,Business,1384,1,5,1,1,3,4,4,4,4,5,4,3,5,3.38,0,0,TRUE
Male,Loyal Customer,51,Personal Travel,Eco,417,2,5,1,4,2,1,2,2,1,4,1,4,2,2.38,0,0,FALSE
Male,Loyal Customer,53,Personal Travel,Eco,1079,1,5,1,5,2,1,2,2,5,3,5,5,2,3,21,17,FALSE
Female,Loyal Customer,54,Business Travel,Business,1208,2,2,2,2,2,5,4,4,4,4,4,3,3,3.15,0,0,TRUE
Female,Disloyal Customer,24,Business Travel,Eco,980,3,3,3,4,4,3,4,4,5,4,4,4,4,3.77,32,17,FALSE
Female,Loyal Customer,47,Business Travel,Business,447,2,2,2,2,5,4,4,4,4,4,4,4,4,3.46,112,102,TRUE
Male,Loyal Customer,55,Business Travel,Eco,1096,3,3,3,3,3,3,3,3,3,5,4,1,3,3.08,22,36,FALSE
Female,Loyal Customer,27,Personal Travel,Eco Plus,515,2,5,2,3,4,2,4,4,4,5,5,4,4,3.69,0,0,FALSE
Male,Loyal Customer,36,Business Travel,Business,3148,5,5,2,5,2,5,5,5,5,5,5,3,4,4.31,0,0,TRUE
Female,Disloyal Customer,34,Business Travel,Eco,262,1,0,1,1,3,1,3,3,2,1,4,2,3,1.92,6,0,FALSE
Male,Loyal Customer,47,Business Travel,Business,2615,3,3,3,3,5,5,5,4,3,3,5,5,5,4,0,0,TRUE
Female,Loyal Customer,10,Personal Travel,Eco,280,2,4,2,2,3,2,3,3,1,5,3,3,3,2.77,59,54,FALSE
Male,Loyal Customer,38,Business Travel,Business,332,0,0,0,4,4,4,5,1,1,1,1,4,3,2.15,0,7,TRUE
Male,Loyal Customer,59,Business Travel,Eco,408,2,1,1,1,3,2,3,3,3,1,3,3,3,2.23,28,28,FALSE
Female,Disloyal Customer,72,Business Travel,Eco,101,3,1,3,2,3,3,5,3,4,1,1,1,3,2.54,0,0,FALSE
Female,Loyal Customer,41,Business Travel,Business,214,4,4,4,4,4,4,4,4,4,4,5,3,5,4.08,2,10,TRUE
Male,Loyal Customer,51,Business Travel,Business,1452,4,4,4,4,2,4,5,4,4,4,4,4,5,4,0,0,TRUE
Female,Loyal Customer,11,Personal Travel,Eco Plus,187,2,5,2,3,5,2,5,5,3,4,5,5,5,3.92,1,0,FALSE
Female,Loyal Customer,41,Personal Travel,Eco,476,2,1,2,3,1,2,1,1,4,4,3,3,1,2.15,14,0,FALSE
Male,Loyal Customer,8,Business Travel,Business,2580,2,1,1,1,2,3,2,2,4,5,3,3,2,2.38,0,0,FALSE
Female,Disloyal Customer,20,Business Travel,Business,449,5,1,5,4,5,5,5,5,5,4,5,5,5,4.54,112,117,TRUE
Female,Loyal Customer,39,Personal Travel,Eco,1075,2,4,2,4,1,2,1,1,5,5,4,5,1,2.85,0,3,FALSE
Female,Loyal Customer,42,Business Travel,Business,1582,1,1,1,1,1,4,1,5,5,5,5,3,5,2.92,2,0,TRUE
Female,Loyal Customer,40,Business Travel,Eco,328,2,5,5,5,2,2,2,2,2,5,4,1,2,3,0,0,TRUE
Female,Loyal Customer,57,Business Travel,Business,2223,2,2,2,2,5,4,4,5,5,5,5,3,5,3.77,32,59,TRUE
Female,Disloyal Customer,27,Business Travel,Business,1192,1,2,2,3,5,2,5,5,5,2,4,4,5,3.46,0,0,FALSE
Female,Loyal Customer,41,Business Travel,Eco,273,4,2,2,2,4,4,4,4,2,2,1,2,4,2.85,0,0,TRUE
Male,Loyal Customer,35,Business Travel,Business,2162,3,3,3,3,3,4,1,2,2,3,2,4,1,2.62,0,0,TRUE
Male,Loyal Customer,25,Business Travel,Business,2814,5,5,5,5,4,4,4,4,4,5,4,4,4,4.38,0,0,TRUE
Male,Loyal Customer,31,Business Travel,Business,675,4,4,4,4,5,5,5,5,3,2,4,4,5,4.15,0,0,TRUE
Female,Loyal Customer,26,Business Travel,Eco Plus,1754,5,5,2,2,5,5,4,5,4,5,5,3,5,4.23,0,0,TRUE
Female,Loyal Customer,46,Business Travel,Business,3057,3,3,3,3,4,5,4,4,4,4,4,3,4,3.69,0,0,TRUE
Male,Disloyal Customer,38,Business Travel,Eco Plus,247,4,4,4,2,3,4,3,3,3,5,3,1,3,3.23,0,0,FALSE
Male,Loyal Customer,33,Business Travel,Eco Plus,1028,5,5,5,5,5,5,5,5,4,2,1,4,5,4.31,0,7,TRUE
Male,Loyal Customer,50,Business Travel,Business,370,5,5,5,5,4,5,5,4,4,4,4,4,5,4.54,28,4,TRUE
Male,Loyal Customer,26,Business Travel,Business,2462,4,4,4,4,4,4,4,4,2,5,4,2,4,3.77,6,19,TRUE
Female,Loyal Customer,7,Personal Travel,Eco,337,1,4,1,2,1,1,1,1,5,4,5,1,1,2.15,0,0,FALSE
Male,Disloyal Customer,24,Business Travel,Eco,522,3,4,3,2,4,3,4,4,3,3,5,1,4,3.31,69,66,FALSE
Male,Loyal Customer,28,Personal Travel,Eco,452,3,2,3,3,4,3,1,4,4,4,3,1,4,3,44,42,FALSE
Male,Disloyal Customer,27,Business Travel,Business,1187,3,3,3,3,3,3,5,3,2,4,4,1,3,3.08,0,1,FALSE
Female,Loyal Customer,22,Personal Travel,Eco,395,3,5,3,3,4,3,4,4,1,5,3,1,4,3.31,0,0,FALSE
Male,Loyal Customer,53,Business Travel,Business,341,2,4,4,4,1,2,3,2,2,2,2,1,2,2.38,68,73,FALSE
Female,Disloyal Customer,40,Business Travel,Business,986,4,4,4,2,1,4,2,1,2,2,2,3,1,2.46,0,0,FALSE
Female,Loyal Customer,23,Business Travel,Business,1537,3,4,4,4,3,3,3,3,3,5,3,1,3,3.23,0,0,FALSE
Female,Loyal Customer,65,Personal Travel,Eco,920,4,4,4,1,3,4,5,1,1,4,1,4,5,3.15,0,0,TRUE
Female,Loyal Customer,46,Business Travel,Business,3558,4,4,4,4,3,2,4,5,5,5,5,5,1,3.92,0,0,TRUE
Male,Loyal Customer,58,Business Travel,Business,1201,4,4,2,4,4,1,2,4,4,4,4,1,4,3.23,0,0,FALSE
Female,Loyal Customer,42,Business Travel,Business,1902,2,2,2,2,3,4,4,5,5,5,5,4,4,3.62,1,0,TRUE
Female,Loyal Customer,42,Personal Travel,Eco,325,2,5,2,3,5,5,2,3,3,2,3,5,3,3.31,0,0,FALSE
Female,Disloyal Customer,22,Business Travel,Eco,1050,2,2,2,1,1,2,1,1,2,5,3,3,1,2,0,0,FALSE
Female,Loyal Customer,12,Personal Travel,Eco,490,5,5,4,4,3,4,3,3,1,4,1,3,3,3.31,0,0,TRUE
Male,Disloyal Customer,27,Business Travel,Business,511,4,4,4,5,5,4,1,5,3,4,5,4,5,4.08,35,24,FALSE
Female,Loyal Customer,66,Business Travel,Business,479,2,2,2,2,3,3,2,2,2,2,2,3,4,2.38,0,0,FALSE
Female,Loyal Customer,47,Business Travel,Business,585,1,1,1,1,5,5,5,5,5,5,5,5,5,3.77,0,4,TRUE
Male,Loyal Customer,50,Business Travel,Eco Plus,408,5,4,4,4,5,5,5,5,2,3,5,4,5,4.31,43,37,TRUE
Male,Loyal Customer,38,Business Travel,Eco,707,5,5,5,5,5,5,5,5,2,3,1,5,5,4.31,0,0,TRUE
Male,Loyal Customer,47,Business Travel,Business,2718,2,2,2,2,2,4,5,4,4,4,4,3,3,3.15,0,0,TRUE
Male,Loyal Customer,64,Personal Travel,Eco,390,3,1,3,4,4,3,4,4,2,3,3,2,4,3.08,16,15,FALSE
Male,Loyal Customer,32,Business Travel,Eco Plus,305,5,2,5,2,5,5,5,5,2,1,3,5,5,3.85,0,0,TRUE
Male,Loyal Customer,50,Business Travel,Business,3973,3,2,2,2,3,1,1,3,3,3,3,2,5,2.54,5,4,FALSE
Female,Disloyal Customer,24,Business Travel,Business,1090,4,4,4,3,4,4,4,4,4,5,4,3,4,3.92,0,0,TRUE
Male,Loyal Customer,47,Business Travel,Eco Plus,468,3,2,4,2,3,3,3,3,4,1,3,3,3,2.85,1,0,FALSE
Female,Loyal Customer,41,Business Travel,Eco,757,3,3,3,3,3,3,3,3,4,1,3,4,3,3,0,0,FALSE
Female,Loyal Customer,44,Business Travel,Business,2865,5,5,5,5,2,4,5,5,5,4,5,3,3,4.31,0,0,TRUE
Female,Loyal Customer,42,Business Travel,Business,1216,4,4,4,4,3,4,5,4,4,4,4,3,3,3.85,15,0,TRUE
Male,Loyal Customer,50,Personal Travel,Eco,689,2,5,2,3,1,2,1,1,4,3,4,4,1,2.54,0,0,FALSE
Male,Loyal Customer,31,Personal Travel,Eco,842,3,5,3,1,1,3,1,1,4,3,5,5,1,2.77,35,16,FALSE
Male,Loyal Customer,17,Business Travel,Eco,468,2,4,4,4,2,1,2,4,1,3,3,2,2,2.62,141,156,FALSE
Female,Loyal Customer,24,Personal Travel,Eco,1199,3,5,2,4,1,2,1,1,5,1,5,4,1,2.69,0,18,FALSE
Female,Loyal Customer,25,Business Travel,Business,3619,2,2,2,2,2,2,2,2,3,5,2,2,2,2.31,0,0,FALSE
Female,Loyal Customer,44,Business Travel,Business,404,3,3,3,3,2,4,5,5,5,5,5,5,5,4.08,0,0,TRUE
Female,Loyal Customer,37,Business Travel,Business,3179,2,1,1,1,2,3,4,2,2,2,2,4,1,2.08,66,80,FALSE
Male,Loyal Customer,56,Business Travel,Eco,331,4,3,3,3,4,4,4,4,1,5,4,5,4,3.69,0,0,TRUE
Male,Loyal Customer,26,Personal Travel,Eco,601,2,2,2,3,5,2,5,5,4,1,3,3,5,3.23,0,0,FALSE
Male,Loyal Customer,46,Business Travel,Eco,632,1,3,3,3,2,1,2,2,4,5,2,3,2,2.54,0,8,FALSE
Male,Loyal Customer,25,Personal Travel,Eco Plus,374,3,5,3,5,4,3,4,4,4,3,5,5,4,4,20,33,FALSE
Female,Loyal Customer,27,Personal Travel,Eco Plus,268,1,1,1,4,1,1,1,1,2,4,4,4,1,2,0,0,FALSE
Male,Loyal Customer,60,Business Travel,Business,1598,1,1,1,1,2,3,4,5,5,5,5,5,4,3.23,0,6,TRUE
Female,Loyal Customer,8,Personal Travel,Eco,544,2,3,1,3,2,1,2,2,4,3,4,2,2,2.38,21,23,FALSE
Female,Loyal Customer,66,Personal Travel,Eco,563,3,5,3,1,3,5,5,2,2,3,1,4,3,3.08,0,0,FALSE
Male,Disloyal Customer,43,Business Travel,Business,1744,2,2,2,3,1,2,1,1,4,3,4,3,1,2.23,12,9,TRUE
Female,Loyal Customer,38,Personal Travel,Eco,109,4,3,4,4,5,4,5,5,1,1,4,5,5,3.85,0,2,TRUE
Male,Loyal Customer,40,Business Travel,Business,258,3,2,2,2,3,3,4,3,3,3,3,1,4,2.77,0,0,FALSE
Male,Loyal Customer,58,Business Travel,Business,1450,2,2,2,2,5,5,4,2,2,2,2,4,5,3,6,21,TRUE
Female,Loyal Customer,55,Personal Travel,Eco,395,3,3,3,3,5,4,4,2,2,3,2,4,3,3.15,126,127,FALSE
Male,Loyal Customer,10,Personal Travel,Eco,268,2,3,2,3,3,2,3,3,4,1,4,4,3,2.85,0,0,FALSE
Female,Disloyal Customer,23,Business Travel,Eco,280,4,4,4,5,2,4,2,2,3,4,5,3,2,3.38,3,2,TRUE
Male,Loyal Customer,32,Personal Travel,Eco,296,2,4,2,3,4,2,4,4,4,4,4,3,4,3.38,0,4,FALSE
Female,Loyal Customer,30,Business Travel,Business,2482,2,2,2,2,4,4,4,4,4,4,5,3,4,3.38,3,0,TRUE
Male,Loyal Customer,11,Personal Travel,Eco,528,4,4,4,5,3,4,3,3,4,5,5,5,3,4,0,0,FALSE
Female,Disloyal Customer,29,Business Travel,Business,883,3,3,3,5,2,3,2,2,3,5,4,5,2,3.23,0,0,FALSE
Male,Loyal Customer,28,Personal Travel,Eco Plus,1158,3,4,3,3,2,3,5,2,3,2,5,3,2,3.08,0,15,FALSE
Male,Loyal Customer,39,Business Travel,Business,1706,1,1,1,1,2,3,5,5,5,5,5,4,3,3.15,2,1,TRUE
Male,Disloyal Customer,20,Business Travel,Eco,120,1,0,1,2,5,1,5,5,3,2,3,1,5,2.62,46,36,FALSE
Female,Disloyal Customer,38,Business Travel,Eco Plus,86,4,4,4,2,2,4,2,2,5,2,3,2,2,2.92,0,0,TRUE
Male,Loyal Customer,40,Business Travel,Eco Plus,1721,2,4,4,4,2,2,2,2,1,5,3,1,2,2.62,0,0,TRUE
Female,Loyal Customer,57,Business Travel,Business,503,2,4,4,4,1,4,4,2,2,2,2,4,4,3,0,8,FALSE
Male,Loyal Customer,54,Business Travel,Eco,102,3,5,4,5,3,3,3,3,4,2,3,1,3,3.23,0,0,FALSE
Female,Loyal Customer,48,Business Travel,Business,3037,4,4,4,4,2,5,5,4,4,4,4,3,5,4,25,0,TRUE
Male,Loyal Customer,67,Personal Travel,Eco,1052,4,5,5,3,1,5,1,1,4,3,4,4,1,3.15,0,4,TRUE
Female,Loyal Customer,59,Business Travel,Business,1916,4,4,2,4,2,5,4,5,5,5,5,3,3,3.92,35,4,TRUE
Female,Loyal Customer,14,Business Travel,Business,2053,4,4,4,4,5,5,5,5,3,2,3,1,5,3.85,0,0,TRUE
Female,Loyal Customer,43,Business Travel,Business,371,1,1,1,1,2,4,5,4,4,4,4,3,3,2.85,0,0,TRUE
Male,Loyal Customer,18,Personal Travel,Eco,636,3,4,3,3,1,3,5,1,5,3,4,5,1,3.15,0,0,FALSE
Female,Loyal Customer,51,Business Travel,Business,1972,2,4,4,4,5,3,3,2,2,1,2,4,1,2.85,96,116,FALSE
Male,Loyal Customer,38,Business Travel,Business,3974,1,1,1,1,2,5,5,4,4,4,4,3,5,3.08,0,0,TRUE
Male,Loyal Customer,22,Personal Travel,Eco,1201,1,5,1,4,4,1,4,4,4,1,5,2,4,3.08,0,0,FALSE
Female,Loyal Customer,44,Business Travel,Business,237,2,2,2,2,1,3,3,2,2,2,2,2,1,2,0,0,FALSE
Female,Loyal Customer,59,Personal Travel,Eco,500,2,1,2,2,1,2,3,4,4,2,4,1,1,2.23,18,20,FALSE
Female,Disloyal Customer,12,Business Travel,Eco Plus,3904,3,2,3,3,3,4,4,1,4,3,4,4,4,3.23,12,0,FALSE
Male,Loyal Customer,13,Personal Travel,Eco,280,1,5,5,1,5,5,4,5,3,5,5,3,5,4,0,0,FALSE
Female,Disloyal Customer,39,Business Travel,Business,288,2,2,2,3,1,2,1,1,2,4,3,1,1,1.92,50,43,FALSE
Female,Loyal Customer,44,Business Travel,Business,405,1,1,1,1,5,4,4,5,5,5,5,5,3,3.46,0,0,TRUE
Male,Loyal Customer,18,Personal Travel,Eco,377,2,5,2,3,4,2,4,4,3,3,5,3,4,3.38,0,0,FALSE
Female,Loyal Customer,51,Business Travel,Business,247,1,1,1,1,5,4,5,4,4,4,4,4,3,3.15,0,0,TRUE
Male,Disloyal Customer,36,Business Travel,Eco,591,1,0,1,4,1,1,1,1,4,2,4,4,1,1.92,7,1,FALSE
Male,Loyal Customer,22,Business Travel,Business,3282,4,4,4,4,4,4,4,4,5,3,4,4,4,4,8,0,TRUE
Female,Disloyal Customer,36,Business Travel,Eco,252,3,0,3,4,2,3,2,2,1,3,1,1,2,2.08,0,5,FALSE
Male,Loyal Customer,70,Personal Travel,Eco,641,1,5,1,1,5,1,5,5,5,4,5,3,5,3.54,0,0,FALSE
Female,Loyal Customer,10,Personal Travel,Eco,417,3,2,3,2,5,3,5,5,4,5,2,3,5,3.62,0,0,FALSE
Male,Loyal Customer,45,Business Travel,Business,2848,3,3,3,3,3,5,4,4,4,4,3,1,4,3.38,0,0,TRUE
Female,Loyal Customer,44,Business Travel,Eco,2306,4,5,5,5,4,5,1,4,4,4,4,2,5,4,0,0,TRUE
Female,Loyal Customer,55,Business Travel,Eco,1044,4,2,2,2,5,2,3,4,4,4,4,2,3,3.15,0,15,FALSE
Female,Loyal Customer,28,Business Travel,Business,2295,5,5,5,5,4,4,4,4,4,5,4,4,4,4.38,1,0,TRUE
Male,Loyal Customer,62,Personal Travel,Eco,1587,4,5,4,1,2,4,2,2,4,3,4,4,2,3.15,0,0,FALSE
Male,Loyal Customer,54,Business Travel,Business,89,4,3,4,4,1,5,5,5,5,5,4,1,3,3.77,76,70,TRUE
Male,Disloyal Customer,37,Business Travel,Business,1744,1,1,1,4,1,1,1,1,3,2,4,5,1,2,45,16,FALSE
Female,Disloyal Customer,24,Business Travel,Eco,1009,2,2,2,2,1,2,1,1,4,2,4,4,1,2.15,0,2,FALSE
Female,Loyal Customer,38,Business Travel,Eco,644,2,3,3,3,2,2,2,2,2,4,2,1,2,2.31,6,37,FALSE
Male,Disloyal Customer,26,Business Travel,Business,581,1,1,1,1,5,1,5,5,4,4,5,5,5,3.31,0,0,FALSE
Male,Loyal Customer,50,Business Travel,Business,1604,5,5,5,5,4,5,4,5,5,5,4,3,3,4.46,0,4,TRUE
Female,Loyal Customer,52,Personal Travel,Eco,356,1,4,1,3,4,4,4,2,2,1,5,3,3,2.85,0,7,FALSE
Male,Loyal Customer,56,Business Travel,Eco Plus,1118,5,5,5,5,4,5,4,4,2,5,5,4,4,4.38,0,3,TRUE
Male,Loyal Customer,50,Business Travel,Business,1569,3,3,4,3,4,4,5,4,4,4,4,4,5,3.92,0,8,TRUE
Female,Disloyal Customer,25,Business Travel,Eco,153,2,0,2,1,3,2,3,3,2,4,5,1,3,2.38,0,0,FALSE
Male,Loyal Customer,60,Business Travel,Eco Plus,551,1,2,2,2,1,1,1,1,3,2,3,4,1,1.85,0,0,FALSE
Female,Loyal Customer,53,Personal Travel,Eco,210,3,5,3,5,3,5,4,4,4,3,4,1,5,3.77,14,12,FALSE
Male,Loyal Customer,17,Personal Travel,Eco,1400,2,4,2,1,4,2,4,4,5,2,2,5,4,3.15,0,0,FALSE
Female,Loyal Customer,47,Business Travel,Business,867,2,2,2,2,2,5,4,5,5,5,5,4,4,3.62,0,0,TRUE
Male,Loyal Customer,53,Personal Travel,Eco,1189,2,5,2,3,5,2,5,5,5,2,4,5,5,3.85,3,6,FALSE
Female,Loyal Customer,26,Personal Travel,Eco,257,2,2,2,4,5,2,2,5,1,5,4,3,5,3.23,0,0,FALSE
Female,Loyal Customer,27,Business Travel,Business,834,1,1,1,1,4,4,4,4,5,2,4,4,4,3,0,11,TRUE
Male,Loyal Customer,64,Business Travel,Eco Plus,143,1,4,3,4,1,1,1,1,2,1,4,3,1,2.08,13,14,FALSE
Male,Loyal Customer,60,Personal Travel,Eco,622,2,3,2,2,2,2,2,2,1,2,5,3,2,2.31,0,0,FALSE
Female,Loyal Customer,50,Business Travel,Business,761,2,2,2,2,5,4,5,3,3,4,3,4,3,3.23,0,0,TRUE
Male,Loyal Customer,31,Business Travel,Business,2950,1,2,2,2,1,1,1,1,2,3,4,4,1,1.92,13,3,FALSE
Male,Disloyal Customer,25,Business Travel,Eco,1028,5,5,5,1,5,5,5,5,5,3,4,5,5,4.46,0,0,TRUE
Female,Loyal Customer,48,Personal Travel,Eco,346,3,2,3,4,5,3,3,5,5,3,5,1,4,3.54,0,0,FALSE
Male,Loyal Customer,63,Personal Travel,Eco,302,2,4,2,1,5,2,5,5,3,5,5,5,5,3.77,0,0,FALSE
Male,Disloyal Customer,23,Business Travel,Business,978,5,0,5,1,3,5,1,3,5,3,5,4,3,3.31,0,0,TRUE
Male,Loyal Customer,69,Personal Travel,Eco Plus,304,2,4,1,3,3,1,2,3,3,5,4,3,3,2.85,1,0,FALSE
Male,Loyal Customer,57,Business Travel,Business,3252,4,4,4,4,3,5,4,4,4,4,4,5,3,4,7,0,TRUE
Female,Loyal Customer,53,Business Travel,Eco,1609,3,3,4,3,1,3,4,3,3,3,3,4,4,3.15,0,0,FALSE
Female,Loyal Customer,19,Personal Travel,Eco,2172,3,5,2,5,3,2,5,3,5,3,4,5,3,3.69,8,3,FALSE
Female,Loyal Customer,27,Business Travel,Business,3169,2,4,4,4,2,2,2,2,1,5,1,3,2,2.62,38,29,FALSE
Male,Loyal Customer,48,Business Travel,Business,1497,3,3,3,3,5,5,4,4,4,4,4,5,3,3.85,0,1,TRUE
Female,Disloyal Customer,27,Business Travel,Eco,197,3,3,3,4,3,3,1,3,1,3,4,2,3,2.77,0,0,FALSE
Female,Loyal Customer,26,Business Travel,Business,3503,4,1,1,1,4,4,4,4,2,3,4,4,4,3.08,111,103,FALSE
Female,Disloyal Customer,25,Business Travel,Eco,536,1,4,1,3,1,1,1,1,3,1,4,2,1,1.85,1,0,FALSE
Male,Loyal Customer,54,Personal Travel,Eco,867,1,4,1,3,4,1,4,4,5,2,4,4,4,3.15,0,0,FALSE
Female,Loyal Customer,17,Business Travel,Eco,307,2,1,1,1,2,2,1,2,2,3,3,2,2,1.85,39,28,FALSE
Male,Loyal Customer,38,Business Travel,Eco,314,1,3,3,3,1,1,1,1,4,3,4,1,1,2.08,0,9,FALSE
Male,Loyal Customer,52,Business Travel,Business,913,3,3,3,3,4,4,3,3,3,3,3,4,3,3.23,0,0,FALSE
Female,Disloyal Customer,26,Business Travel,Business,473,1,1,1,4,2,1,5,2,4,2,3,3,2,2.38,0,1,FALSE
Female,Disloyal Customer,22,Business Travel,Eco,484,5,0,5,1,1,5,1,1,3,2,4,5,1,2.62,0,0,TRUE
Female,Loyal Customer,7,Personal Travel,Eco,2173,2,5,2,2,3,2,3,3,4,5,4,3,3,3.15,1,0,FALSE
Male,Loyal Customer,78,Business Travel,Eco Plus,317,1,2,2,2,1,1,1,1,3,3,4,3,1,1.92,4,0,FALSE
Male,Loyal Customer,22,Personal Travel,Eco,495,4,4,4,4,5,4,5,5,2,4,3,4,5,4.08,15,6,FALSE
Male,Disloyal Customer,30,Business Travel,Eco,546,1,2,1,4,1,1,1,1,4,4,4,3,1,2.15,0,0,FALSE
Male,Disloyal Customer,21,Business Travel,Business,1107,4,0,4,1,1,4,1,1,3,3,4,3,1,2.31,0,0,TRUE
Female,Disloyal Customer,26,Business Travel,Business,471,2,2,2,1,4,2,4,4,4,4,5,3,4,3.15,35,18,FALSE
Female,Loyal Customer,63,Business Travel,Eco,370,3,3,5,3,3,3,4,3,3,3,3,1,4,3.15,0,0,FALSE
Female,Loyal Customer,46,Business Travel,Business,1525,1,1,1,1,3,5,4,4,4,4,4,4,4,3.08,20,17,TRUE
Male,Loyal Customer,39,Business Travel,Eco Plus,1119,3,2,2,2,3,4,3,3,1,3,2,1,3,2.46,1,2,FALSE
Male,Disloyal Customer,27,Business Travel,Eco,301,4,5,4,3,2,4,4,2,3,3,3,2,2,3.15,0,0,FALSE
Male,Loyal Customer,47,Business Travel,Eco,230,4,3,3,3,4,4,4,4,3,1,4,2,4,3.31,0,0,TRUE
Female,Loyal Customer,13,Personal Travel,Eco,337,1,5,1,4,3,1,3,3,3,2,4,3,3,2.77,25,26,FALSE
Male,Loyal Customer,46,Business Travel,Business,1464,2,5,4,5,2,4,3,2,2,2,2,3,4,3.08,0,0,FALSE
Male,Loyal Customer,55,Business Travel,Business,239,2,2,3,2,2,2,3,5,5,5,5,5,3,3.38,35,62,TRUE
Female,Loyal Customer,52,Personal Travel,Eco,1488,4,5,3,4,2,5,5,2,2,3,2,3,4,3.38,0,0,FALSE
Female,Disloyal Customer,25,Business Travel,Business,528,3,5,3,4,3,3,3,3,3,5,4,3,3,3.46,0,0,FALSE
Male,Loyal Customer,34,Business Travel,Business,3953,3,3,3,3,5,2,2,3,3,3,3,3,2,2.92,77,108,FALSE
Female,Disloyal Customer,25,Business Travel,Business,1084,2,0,2,5,2,2,1,2,3,4,4,5,2,2.62,81,86,FALSE
Female,Disloyal Customer,26,Business Travel,Eco,1014,1,1,1,4,3,1,3,3,2,4,3,3,3,2.46,8,36,FALSE
Male,Loyal Customer,29,Business Travel,Business,1024,4,4,4,4,5,5,5,5,3,4,4,4,5,4.31,83,65,TRUE
Female,Loyal Customer,53,Business Travel,Business,2859,5,5,5,5,4,5,5,4,4,4,4,4,5,4.54,0,0,TRUE
Male,Loyal Customer,46,Personal Travel,Eco Plus,528,3,1,3,3,5,3,3,5,2,2,2,1,5,2.92,0,0,FALSE
Female,Loyal Customer,58,Personal Travel,Eco Plus,1028,2,4,3,1,5,2,1,5,5,3,5,3,4,3.31,8,9,FALSE
Female,Loyal Customer,39,Personal Travel,Eco,352,2,3,2,4,5,2,3,5,4,2,4,2,5,3.31,0,0,FALSE
Female,Loyal Customer,47,Business Travel,Business,391,3,3,3,3,2,5,4,4,4,4,4,3,4,3.54,0,0,TRUE
Male,Loyal Customer,24,Business Travel,Eco,1521,5,2,2,2,5,5,5,5,1,1,5,3,5,3.54,14,0,TRUE
Male,Loyal Customer,38,Business Travel,Business,2030,4,4,4,4,4,4,5,5,5,5,5,5,3,4.38,0,0,TRUE
Male,Disloyal Customer,39,Business Travel,Business,1346,2,3,3,2,1,3,1,1,3,4,5,5,1,2.62,0,0,FALSE
Female,Loyal Customer,59,Business Travel,Business,1652,2,2,4,4,3,4,4,2,2,2,2,2,3,2.77,93,84,FALSE
Female,Loyal Customer,49,Business Travel,Business,1182,1,1,1,1,3,4,5,4,4,5,4,4,5,3.23,4,11,TRUE
Female,Loyal Customer,51,Personal Travel,Eco,594,2,2,2,1,1,1,2,2,2,2,2,3,4,2,0,0,FALSE
Male,Loyal Customer,20,Business Travel,Business,2184,5,5,4,5,4,4,4,4,3,1,3,2,4,3.69,5,0,TRUE
Male,Loyal Customer,47,Business Travel,Business,550,2,2,3,2,4,4,5,5,5,5,5,4,3,3.77,22,24,TRUE
Female,Loyal Customer,55,Business Travel,Business,2565,2,2,2,2,5,4,4,5,4,3,5,4,4,3.54,0,0,TRUE
Female,Disloyal Customer,27,Business Travel,Eco,1050,3,3,3,4,1,3,1,1,4,4,3,4,1,2.69,0,0,FALSE
Male,Loyal Customer,55,Business Travel,Business,2525,5,5,5,5,2,4,5,5,5,5,5,5,3,4.54,114,120,TRUE
Female,Loyal Customer,54,Business Travel,Business,236,3,3,3,3,3,4,5,4,4,4,4,3,3,3.54,0,0,TRUE
Female,Loyal Customer,11,Personal Travel,Eco,516,2,2,2,4,1,2,1,1,4,4,3,3,1,2.31,11,16,FALSE
Female,Loyal Customer,50,Personal Travel,Eco,1128,3,4,3,3,4,3,4,5,5,3,5,5,3,3.85,0,0,FALSE
Male,Loyal Customer,31,Business Travel,Business,3229,5,5,5,5,5,5,5,5,3,5,4,4,5,4.69,15,0,TRUE
Male,Loyal Customer,42,Business Travel,Business,413,5,5,5,5,3,5,4,4,4,4,4,3,3,4.15,0,0,TRUE
Female,Loyal Customer,59,Business Travel,Business,1550,5,1,1,1,4,4,4,5,5,4,5,3,4,3.54,51,36,FALSE
Female,Loyal Customer,12,Personal Travel,Eco,951,3,2,2,3,5,2,4,5,2,1,4,2,5,3.08,0,2,FALSE
Male,Loyal Customer,56,Business Travel,Business,1440,2,2,2,2,5,4,4,3,3,3,3,5,5,3.31,115,100,TRUE
Female,Loyal Customer,42,Personal Travel,Eco,164,2,4,2,2,3,4,4,4,4,2,4,5,4,3.38,0,0,FALSE
Female,Disloyal Customer,24,Business Travel,Eco,283,5,4,5,2,4,5,4,4,3,3,4,5,4,4,0,0,TRUE
Male,Loyal Customer,52,Personal Travel,Eco,214,1,4,0,4,4,0,4,4,3,5,3,3,4,3,14,18,FALSE
Female,Loyal Customer,41,Business Travel,Business,1660,2,2,2,2,2,3,3,5,5,4,5,4,2,3.15,0,0,TRUE
Female,Loyal Customer,55,Business Travel,Business,2102,5,5,5,5,4,5,5,4,4,4,4,5,3,4.46,0,0,TRUE
Male,Loyal Customer,41,Personal Travel,Business,843,5,5,5,3,2,5,5,5,5,5,5,5,5,4.62,0,0,TRUE
Female,Disloyal Customer,26,Business Travel,Business,1192,1,1,1,3,1,1,1,1,4,5,4,4,1,2.15,0,0,FALSE
Male,Loyal Customer,53,Personal Travel,Eco,991,1,5,1,3,2,1,2,2,4,5,5,4,2,2.85,60,60,FALSE
Male,Loyal Customer,25,Business Travel,Business,3277,2,2,2,2,5,5,5,5,4,2,4,3,5,3.54,124,113,TRUE
Female,Loyal Customer,41,Business Travel,Business,1426,3,3,3,3,5,5,4,4,4,4,4,3,5,3.85,7,0,TRUE
Female,Loyal Customer,12,Business Travel,Business,2667,3,2,2,2,3,3,3,3,4,1,4,1,3,2.62,0,0,FALSE
Female,Loyal Customer,19,Personal Travel,Eco,337,3,2,3,3,1,3,1,1,2,4,4,1,1,2.23,0,0,FALSE
Female,Loyal Customer,66,Personal Travel,Eco,1124,3,4,3,5,3,4,5,5,5,3,5,4,3,4,0,0,FALSE
Female,Disloyal Customer,16,Business Travel,Eco,395,1,2,1,3,1,1,1,1,1,5,3,1,1,1.69,4,12,FALSE
Female,Loyal Customer,46,Personal Travel,Eco,488,3,4,3,3,2,4,4,2,2,3,2,3,5,3.08,15,11,FALSE
Female,Loyal Customer,31,Business Travel,Eco Plus,399,0,1,1,5,4,1,4,4,2,1,4,5,4,2.77,19,7,TRUE
Male,Loyal Customer,41,Business Travel,Business,888,1,1,1,1,2,5,4,5,5,5,5,5,3,3.31,3,0,TRUE
Male,Loyal Customer,60,Business Travel,Business,2573,2,2,2,2,5,5,4,5,5,5,5,4,4,3.85,0,0,TRUE
Male,Loyal Customer,54,Business Travel,Business,3730,1,1,2,1,2,5,4,4,4,4,4,3,3,2.92,0,0,TRUE
Male,Loyal Customer,40,Personal Travel,Eco,1235,4,2,4,4,1,4,1,1,2,2,4,1,1,2.38,0,0,FALSE
Female,Loyal Customer,19,Business Travel,Business,3699,3,1,1,1,3,3,3,3,1,3,2,1,3,2.15,46,52,FALSE
Male,Loyal Customer,50,Business Travel,Business,337,0,0,0,1,4,5,5,3,3,3,3,3,5,2.69,4,0,TRUE
Male,Loyal Customer,37,Business Travel,Eco,101,3,3,3,3,3,3,3,3,3,1,5,3,3,3,0,0,TRUE
Male,Loyal Customer,49,Business Travel,Eco,383,3,2,2,2,3,3,3,3,1,1,1,3,3,2.31,0,37,FALSE
Male,Loyal Customer,56,Business Travel,Eco,678,2,5,3,5,2,2,2,2,1,4,3,1,2,2.62,0,0,FALSE
Male,Disloyal Customer,21,Business Travel,Eco,227,2,1,2,3,2,3,3,4,3,4,4,3,3,2.85,166,185,FALSE
Male,Loyal Customer,27,Personal Travel,Eco,399,3,5,3,2,5,3,5,5,3,5,4,5,5,4.08,0,0,FALSE
Female,Disloyal Customer,27,Business Travel,Business,1235,0,0,0,3,2,0,2,2,3,4,4,5,2,2.08,0,0,TRUE
Female,Loyal Customer,34,Business Travel,Business,3524,5,5,5,5,3,4,5,5,5,5,5,5,3,4.62,7,2,TRUE
Female,Loyal Customer,26,Business Travel,Business,627,2,2,2,2,5,5,5,5,1,5,3,1,5,3.31,0,0,TRUE
Female,Loyal Customer,21,Personal Travel,Eco,328,3,2,3,4,3,3,3,3,1,5,3,1,3,2.85,28,41,FALSE
Male,Loyal Customer,68,Personal Travel,Eco,1025,3,5,3,2,4,3,4,4,5,2,5,4,4,3.69,3,8,FALSE
Female,Loyal Customer,53,Business Travel,Business,3170,1,1,1,1,2,4,5,5,5,5,5,5,5,3.46,0,0,TRUE
Female,Loyal Customer,47,Business Travel,Business,2011,4,4,4,4,4,4,4,4,3,5,5,4,4,4.08,181,174,TRUE
Male,Loyal Customer,42,Business Travel,Eco,113,2,3,3,3,3,2,3,3,4,3,3,4,3,3,93,121,FALSE
Male,Loyal Customer,35,Business Travel,Eco,584,5,3,3,3,5,4,5,5,2,1,1,4,5,3.54,0,0,TRUE
Female,Loyal Customer,33,Business Travel,Business,163,1,1,3,1,4,1,1,4,4,4,4,4,4,2.77,0,6,TRUE
Male,Loyal Customer,18,Business Travel,Business,391,1,1,1,1,2,2,2,2,2,2,5,5,2,2.15,0,0,TRUE
Female,Loyal Customer,23,Personal Travel,Eco,1065,2,4,2,3,2,2,2,2,4,3,5,4,2,2.85,12,0,FALSE
Female,Loyal Customer,63,Business Travel,Eco Plus,163,4,2,2,2,5,1,5,4,4,4,4,3,2,3.23,0,0,TRUE
Male,Loyal Customer,11,Personal Travel,Eco,814,3,2,3,3,4,3,4,4,3,1,4,4,4,3.23,0,0,FALSE
Male,Disloyal Customer,9,Business Travel,Eco,1005,1,2,2,3,4,2,4,4,2,4,4,1,4,2.85,100,76,FALSE
Female,Loyal Customer,52,Business Travel,Business,2139,1,1,2,1,3,4,5,4,4,4,4,3,5,3.15,0,0,TRUE
Female,Loyal Customer,43,Business Travel,Business,451,1,1,1,1,2,1,2,5,5,5,5,4,4,2.85,0,2,TRUE
Male,Loyal Customer,53,Business Travel,Business,2349,3,3,3,3,5,3,4,3,3,3,3,1,4,3.15,0,0,FALSE
Male,Loyal Customer,48,Personal Travel,Business,247,5,5,5,1,3,5,4,3,3,5,3,4,4,3.85,27,32,TRUE
Female,Loyal Customer,39,Business Travel,Business,414,4,4,4,4,5,5,4,4,4,4,4,4,3,4.08,0,4,TRUE
Female,Loyal Customer,45,Business Travel,Business,3343,5,5,5,5,2,5,4,4,4,4,4,3,3,4.08,27,29,TRUE
Male,Loyal Customer,29,Personal Travel,Eco,683,2,1,2,3,4,2,4,4,3,3,3,4,4,3,0,0,FALSE
Male,Loyal Customer,35,Personal Travel,Eco,669,2,5,2,5,2,2,2,2,3,3,4,5,2,3,0,0,FALSE
Male,Disloyal Customer,20,Business Travel,Business,2454,4,4,5,4,3,5,3,3,3,5,3,2,3,3.62,0,0,FALSE
Male,Loyal Customer,49,Business Travel,Business,2778,2,2,2,2,3,5,4,5,5,5,5,5,3,3.69,5,0,TRUE
Female,Loyal Customer,14,Business Travel,Eco,846,3,5,2,2,3,3,1,3,4,2,3,4,3,2.92,16,10,FALSE
Female,Loyal Customer,52,Business Travel,Business,2794,0,0,0,3,3,5,5,5,5,5,5,5,3,3.38,0,8,TRUE
Male,Loyal Customer,60,Business Travel,Business,2131,5,5,5,5,5,4,5,5,5,5,5,3,5,4.77,0,0,TRUE
Female,Loyal Customer,31,Business Travel,Business,1956,1,2,2,2,1,1,1,1,3,1,3,3,1,1.69,22,27,FALSE
Male,Loyal Customer,34,Business Travel,Eco Plus,419,3,3,2,3,3,2,3,3,2,4,2,1,3,2.62,3,0,FALSE
Male,Loyal Customer,44,Business Travel,Business,1055,3,3,1,3,2,4,5,5,5,5,5,5,4,3.85,0,0,TRUE
Male,Loyal Customer,60,Business Travel,Business,3570,5,5,5,5,3,5,5,5,5,5,5,4,4,4.69,0,20,TRUE
Female,Loyal Customer,34,Personal Travel,Eco,429,2,4,2,2,4,2,4,4,3,3,5,2,4,3.15,0,18,FALSE
Male,Loyal Customer,60,Personal Travel,Eco,332,1,4,1,5,3,1,3,3,5,5,4,4,3,3.23,0,0,FALSE
Male,Loyal Customer,32,Personal Travel,Eco,763,3,4,3,2,2,3,2,2,5,3,4,4,2,3,0,0,FALSE
Female,Loyal Customer,25,Personal Travel,Eco,1727,2,1,2,3,1,2,1,1,2,1,2,4,1,1.77,2,11,FALSE
Female,Loyal Customer,43,Business Travel,Business,1870,0,0,0,4,3,4,4,3,3,3,3,5,5,2.85,0,0,TRUE
Female,Loyal Customer,57,Business Travel,Business,3131,1,1,1,1,2,5,5,5,5,5,5,3,4,3.31,24,0,TRUE
Male,Loyal Customer,36,Business Travel,Business,1739,3,4,4,4,1,3,3,3,3,2,3,3,2,2.92,126,92,FALSE
Male,Loyal Customer,34,Personal Travel,Eco,1065,3,4,2,3,4,2,4,4,4,2,4,3,4,3.31,0,0,FALSE
Male,Loyal Customer,44,Business Travel,Business,1846,4,2,4,4,3,4,4,5,5,5,5,4,5,4.15,0,0,TRUE
Female,Disloyal Customer,22,Business Travel,Eco Plus,1149,1,1,0,2,4,0,4,4,2,2,2,2,4,2.15,0,6,FALSE
Female,Loyal Customer,10,Personal Travel,Eco,929,3,5,3,4,5,3,5,5,3,2,5,5,5,4.08,6,0,FALSE
Female,Disloyal Customer,61,Business Travel,Eco Plus,259,3,3,3,4,5,3,5,5,2,1,4,2,5,3.46,0,0,FALSE
Male,Loyal Customer,56,Business Travel,Business,1750,3,3,3,3,4,5,4,4,4,4,4,5,4,3.85,44,26,TRUE
Male,Disloyal Customer,22,Business Travel,Eco,844,4,4,4,4,5,4,1,5,4,3,5,4,5,4,0,0,TRUE
Male,Loyal Customer,53,Personal Travel,Business,2105,3,1,2,1,3,1,2,5,5,2,5,2,3,2.69,21,33,FALSE
Male,Loyal Customer,40,Personal Travel,Eco Plus,590,3,5,3,3,4,3,4,4,3,5,4,4,4,3.77,1,12,FALSE
Female,Loyal Customer,34,Business Travel,Business,3803,5,5,5,5,3,4,4,5,5,5,4,4,5,4.54,9,8,TRUE
Female,Loyal Customer,36,Personal Travel,Eco,1814,2,4,2,1,2,2,2,2,5,5,3,5,2,2.85,0,5,FALSE
Female,Loyal Customer,52,Business Travel,Business,3841,5,5,5,5,2,5,4,5,5,5,5,3,3,4.38,39,42,TRUE
Female,Loyal Customer,29,Business Travel,Eco Plus,1399,5,4,4,4,5,5,5,5,5,4,1,1,5,4.08,0,0,TRUE
Male,Disloyal Customer,29,Business Travel,Eco,341,4,3,4,4,1,4,1,1,3,4,1,5,1,2.77,10,0,TRUE
Female,Loyal Customer,31,Personal Travel,Eco,896,4,1,4,2,2,4,2,2,4,4,3,4,2,2.92,0,0,TRUE
Male,Loyal Customer,27,Business Travel,Business,2677,2,2,2,2,5,5,5,5,5,3,4,5,5,3.85,33,0,TRUE
Female,Loyal Customer,55,Business Travel,Business,3860,5,5,5,5,1,3,2,4,4,5,4,1,2,3.54,0,0,TRUE
Female,Loyal Customer,43,Personal Travel,Eco,86,2,4,2,5,4,5,4,1,1,2,3,5,3,3.15,0,0,FALSE
Male,Loyal Customer,27,Business Travel,Business,3325,4,4,4,4,4,4,4,4,5,1,3,2,4,3.62,0,0,TRUE
Female,Loyal Customer,41,Business Travel,Business,247,1,1,1,1,2,4,4,5,5,5,5,5,5,3.38,0,0,TRUE
Male,Loyal Customer,31,Business Travel,Business,1858,2,2,5,2,3,4,3,3,2,2,1,3,3,2.69,0,0,TRUE
Female,Disloyal Customer,26,Business Travel,Eco,2615,3,3,3,3,3,5,5,1,1,2,2,5,5,3.15,0,7,FALSE
Male,Disloyal Customer,42,Business Travel,Business,426,3,3,3,2,4,3,5,4,4,4,2,4,4,3.46,2,0,FALSE
Male,Loyal Customer,22,Personal Travel,Eco,481,1,1,5,4,4,5,4,4,2,2,3,2,4,3.15,120,122,FALSE
Female,Loyal Customer,53,Personal Travel,Eco,427,3,4,3,4,3,2,3,4,4,3,4,1,4,3.23,0,11,FALSE
Male,Disloyal Customer,40,Business Travel,Business,460,1,2,2,3,5,2,5,5,4,1,4,4,5,3.31,0,0,FALSE
Female,Loyal Customer,85,Business Travel,Eco Plus,147,4,4,4,4,4,4,4,2,1,3,4,4,4,3.54,3,0,FALSE
Female,Loyal Customer,11,Personal Travel,Eco,101,3,5,3,2,2,3,2,2,5,3,1,3,2,2.77,0,0,FALSE
Male,Loyal Customer,53,Business Travel,Eco,819,2,1,1,1,2,2,2,2,3,4,3,1,2,2,0,0,FALSE
Female,Loyal Customer,22,Personal Travel,Eco,359,4,5,4,4,3,4,3,3,5,3,4,3,3,3.69,34,38,FALSE
Female,Loyal Customer,28,Business Travel,Business,3024,0,0,0,3,3,3,1,3,1,4,5,4,3,2.31,0,0,TRUE
Male,Loyal Customer,15,Personal Travel,Eco,326,3,3,3,1,3,3,3,3,2,3,4,3,3,2.85,0,24,FALSE
Male,Loyal Customer,49,Business Travel,Business,135,2,2,2,2,2,5,5,5,5,4,5,4,5,3.69,0,0,TRUE
Male,Loyal Customer,57,Business Travel,Business,583,1,1,1,1,2,5,5,4,4,4,4,4,4,3.08,0,9,TRUE
Female,Loyal Customer,53,Business Travel,Eco,188,2,4,4,4,1,3,3,2,2,2,2,2,1,2.46,0,16,FALSE
Female,Loyal Customer,36,Business Travel,Business,160,1,1,4,1,2,4,3,2,2,2,1,4,4,2.38,0,6,FALSE
Female,Loyal Customer,56,Personal Travel,Eco,468,3,5,3,3,3,4,5,3,3,3,3,3,5,3.54,0,0,FALSE
Female,Loyal Customer,49,Business Travel,Eco Plus,235,1,1,1,1,3,4,4,1,1,1,1,1,3,1.77,0,0,FALSE
Male,Loyal Customer,36,Business Travel,Business,162,1,1,1,1,1,1,1,3,5,3,4,1,1,1.85,232,232,FALSE
Female,Loyal Customer,47,Business Travel,Business,2504,2,5,2,2,4,4,5,4,4,4,4,3,3,3.54,0,0,TRUE
Female,Loyal Customer,57,Business Travel,Business,1801,3,3,3,3,2,4,5,2,2,2,2,3,5,3,0,0,TRUE
Female,Disloyal Customer,23,Business Travel,Business,717,5,0,5,1,4,5,4,4,4,5,5,3,4,3.77,5,0,TRUE
Female,Loyal Customer,18,Personal Travel,Eco,599,2,5,2,3,4,2,4,4,4,2,3,5,4,3.38,1,7,FALSE
Male,Loyal Customer,43,Business Travel,Business,265,5,5,5,5,4,4,4,3,3,5,4,4,4,4.23,209,224,TRUE
Male,Loyal Customer,43,Business Travel,Eco,541,3,5,5,5,3,3,3,3,1,4,4,4,3,3.54,0,0,FALSE
Male,Loyal Customer,30,Business Travel,Business,3980,3,3,1,3,3,3,3,3,3,2,4,1,3,2.69,15,17,TRUE
Female,Disloyal Customer,25,Business Travel,Business,1121,3,0,3,2,1,3,1,1,4,3,5,4,1,2.38,23,12,FALSE
Female,Loyal Customer,56,Business Travel,Eco,936,3,1,1,1,1,4,3,3,3,3,3,1,1,2.15,66,57,TRUE
Male,Disloyal Customer,34,Business Travel,Business,442,2,2,2,3,2,2,2,2,3,5,5,4,2,2.77,0,2,FALSE
Female,Loyal Customer,54,Business Travel,Business,2217,5,5,5,5,2,5,4,3,3,4,3,4,4,4,9,11,TRUE
Male,Loyal Customer,20,Business Travel,Business,235,4,2,2,2,4,4,4,4,1,5,4,3,4,3.31,26,16,FALSE
Female,Loyal Customer,15,Personal Travel,Eco,209,2,3,2,3,4,2,3,4,4,4,2,2,4,3,12,0,FALSE
Female,Loyal Customer,49,Business Travel,Eco Plus,280,4,2,2,2,5,4,5,4,4,4,4,2,1,3.31,22,3,TRUE
Female,Disloyal Customer,25,Business Travel,Eco,1260,2,2,2,4,2,1,1,3,1,4,3,1,1,2.08,0,0,FALSE
Female,Loyal Customer,52,Business Travel,Business,1549,1,1,1,1,2,5,4,5,5,5,5,4,3,3.23,22,22,TRUE
Male,Loyal Customer,39,Business Travel,Eco,395,4,2,2,2,4,4,4,4,1,4,3,1,4,3,1,0,TRUE
Female,Loyal Customer,28,Business Travel,Eco Plus,680,5,2,2,2,5,5,5,5,5,5,4,2,5,4,7,2,TRUE
Male,Disloyal Customer,24,Business Travel,Eco,277,4,2,4,1,2,4,2,2,1,3,2,3,2,2.46,0,0,FALSE
Male,Disloyal Customer,36,Business Travel,Eco,239,3,5,3,4,3,3,4,3,4,3,2,1,3,3.15,2,0,FALSE
Female,Disloyal Customer,26,Business Travel,Eco Plus,337,3,3,3,2,3,3,3,3,5,4,5,1,3,3.15,0,8,FALSE
Male,Disloyal Customer,27,Business Travel,Business,436,1,1,1,4,4,1,5,4,4,4,5,5,4,3.31,6,79,FALSE
Female,Loyal Customer,16,Business Travel,Business,1721,1,4,4,4,1,1,1,1,3,2,4,4,1,2.38,45,39,FALSE
Female,Loyal Customer,34,Business Travel,Business,236,2,2,2,2,2,4,5,4,4,4,4,5,3,3.31,0,0,TRUE
Male,Loyal Customer,41,Business Travel,Business,542,2,2,2,2,3,4,4,4,4,5,4,3,3,3.23,53,59,TRUE
Female,Loyal Customer,49,Personal Travel,Eco,453,3,3,1,4,2,1,2,2,2,1,4,2,5,2.46,0,3,FALSE
Male,Disloyal Customer,45,Business Travel,Business,909,5,5,5,1,3,5,3,3,3,4,5,5,3,3.85,0,6,TRUE
Male,Loyal Customer,56,Personal Travel,Eco,337,3,5,3,3,3,3,4,3,3,2,4,3,3,3.23,0,0,FALSE
Female,Loyal Customer,38,Personal Travel,Eco,335,5,5,5,3,1,5,1,1,4,3,4,4,1,3.23,0,0,TRUE
Male,Disloyal Customer,20,Business Travel,Eco,594,0,0,0,4,5,0,5,5,5,2,5,5,5,3.15,11,2,TRUE
Female,Loyal Customer,24,Business Travel,Business,3675,3,3,2,2,3,3,3,3,1,2,4,4,3,2.77,10,15,FALSE
Male,Loyal Customer,50,Business Travel,Eco Plus,689,1,0,0,3,3,1,1,3,2,3,4,1,3,1.92,24,13,FALSE
Female,Loyal Customer,33,Business Travel,Business,157,2,4,4,4,1,4,4,1,1,2,2,3,4,2.77,0,0,FALSE
Female,Loyal Customer,49,Business Travel,Eco Plus,1235,5,3,3,3,5,2,3,5,5,5,5,1,3,3.69,1,0,TRUE
Female,Loyal Customer,27,Business Travel,Eco,356,2,4,4,4,2,2,2,2,4,1,4,2,2,2.69,1,6,FALSE
Male,Disloyal Customer,47,Business Travel,Business,1072,2,2,2,5,5,2,2,5,3,3,5,2,5,3.31,0,0,FALSE
Female,Disloyal Customer,38,Business Travel,Eco,266,2,4,3,3,2,3,2,2,4,2,3,3,2,2.69,42,22,FALSE
Male,Loyal Customer,31,Business Travel,Business,2525,2,5,5,5,2,2,2,2,4,1,4,1,2,2.85,0,0,FALSE
Male,Disloyal Customer,36,Business Travel,Business,347,3,4,4,3,5,4,5,5,3,4,4,3,5,4,0,20,FALSE
Female,Loyal Customer,53,Business Travel,Eco,598,4,2,2,2,4,3,3,4,4,4,4,2,4,3.23,0,0,TRUE
Male,Loyal Customer,47,Business Travel,Eco,446,4,2,2,2,4,4,4,4,5,3,4,4,4,3.54,0,0,TRUE
Female,Loyal Customer,38,Business Travel,Business,812,1,1,5,1,3,5,5,5,5,5,5,3,5,3.77,0,0,TRUE
Male,Disloyal Customer,25,Business Travel,Eco,1605,1,1,1,4,2,1,1,2,4,2,3,3,2,2.08,9,0,FALSE
Female,Disloyal Customer,25,Business Travel,Eco,127,2,0,2,5,3,2,3,3,3,1,5,5,3,2.85,0,0,FALSE
Male,Loyal Customer,28,Personal Travel,Eco,1979,3,3,3,3,3,3,3,3,5,3,1,2,3,2.92,31,15,FALSE
Female,Loyal Customer,42,Business Travel,Business,3593,2,2,2,2,1,4,5,5,5,5,5,2,1,3.15,1,13,TRUE
Female,Disloyal Customer,27,Business Travel,Eco,143,3,5,3,4,3,3,3,3,5,1,1,4,3,3.15,8,0,FALSE
Female,Loyal Customer,70,Personal Travel,Eco,862,3,5,3,5,4,4,4,4,4,3,4,5,5,4.08,0,0,FALSE
Female,Loyal Customer,51,Business Travel,Business,687,3,3,3,3,4,5,4,4,4,4,4,5,5,3.92,0,0,TRUE
Female,Loyal Customer,33,Business Travel,Business,2603,5,5,5,5,4,4,5,5,5,5,5,3,4,4.62,0,0,TRUE
Female,Disloyal Customer,38,Business Travel,Eco Plus,2640,1,2,2,5,2,5,5,4,5,3,3,5,5,3.62,2,7,FALSE
Male,Loyal Customer,44,Business Travel,Business,3797,4,4,4,4,2,5,4,5,5,5,5,5,4,4.31,0,0,TRUE
Male,Disloyal Customer,32,Business Travel,Business,399,2,2,2,4,3,2,3,3,3,4,4,5,3,3.08,0,0,FALSE
Male,Loyal Customer,44,Personal Travel,Business,1587,3,4,4,3,5,3,4,5,5,4,5,3,4,4,0,0,FALSE
Male,Loyal Customer,48,Personal Travel,Eco,944,2,5,2,3,3,2,3,3,4,3,5,4,3,3.23,0,0,FALSE
Female,Loyal Customer,47,Business Travel,Eco,554,3,3,3,3,5,3,3,3,3,3,3,4,1,3.08,0,0,TRUE
Male,Loyal Customer,39,Business Travel,Business,2406,5,5,5,5,3,5,5,5,5,5,5,3,3,4.54,0,0,TRUE
Male,Loyal Customer,22,Personal Travel,Eco,342,2,5,2,4,4,2,1,4,3,3,4,3,4,3.15,0,2,FALSE
Male,Loyal Customer,44,Business Travel,Business,3031,3,3,3,3,4,3,3,5,5,5,5,3,4,3.77,0,2,TRUE
Male,Loyal Customer,57,Business Travel,Eco,686,4,1,1,1,4,4,4,4,5,4,4,3,4,3.31,0,9,TRUE
Female,Loyal Customer,48,Personal Travel,Eco,581,2,4,2,1,2,5,5,3,3,2,3,4,3,3,9,9,FALSE
Female,Loyal Customer,13,Personal Travel,Eco,261,3,2,0,3,3,0,3,3,4,5,3,4,3,2.77,0,0,FALSE
Male,Loyal Customer,59,Business Travel,Business,1572,1,1,1,1,5,4,5,3,3,3,3,5,5,3.08,0,0,TRUE
Female,Disloyal Customer,40,Business Travel,Business,2688,3,3,3,3,1,3,1,1,3,3,3,2,1,2.31,0,0,FALSE
Male,Disloyal Customer,28,Business Travel,Business,309,4,4,4,1,1,4,1,1,5,3,4,3,1,2.77,0,11,FALSE
Male,Loyal Customer,23,Business Travel,Eco,926,4,5,2,5,4,4,5,4,1,5,2,4,4,3.77,0,0,TRUE
Female,Loyal Customer,36,Personal Travel,Eco,846,1,4,1,2,5,1,5,5,1,4,1,1,5,2.77,0,0,FALSE
Female,Loyal Customer,9,Personal Travel,Eco,135,3,1,3,3,4,3,4,4,4,5,2,3,4,3.31,15,12,FALSE
Female,Disloyal Customer,25,Business Travel,Eco,646,2,3,2,4,4,2,4,4,1,4,4,2,4,3.08,0,0,FALSE
Female,Disloyal Customer,26,Business Travel,Business,577,2,4,2,3,5,2,4,5,5,3,4,5,5,3.77,0,0,FALSE
Male,Loyal Customer,44,Personal Travel,Eco,406,2,4,5,3,3,5,3,3,5,2,5,5,3,3.69,8,12,FALSE
Male,Loyal Customer,68,Personal Travel,Eco,2253,3,3,3,3,3,2,2,2,2,3,4,2,2,2.62,0,3,FALSE
Female,Loyal Customer,44,Business Travel,Business,2937,0,0,0,4,2,4,4,1,1,1,1,5,4,2.08,20,71,TRUE
Male,Disloyal Customer,23,Business Travel,Business,277,3,4,3,3,4,3,4,4,4,1,4,2,4,3.31,0,0,FALSE
Female,Loyal Customer,34,Business Travel,Business,1391,4,4,4,4,2,4,5,5,5,5,5,5,3,4.23,0,3,TRUE
Female,Loyal Customer,54,Business Travel,Business,1624,2,2,2,2,4,4,4,4,4,4,4,3,5,3.38,21,0,TRUE
Female,Loyal Customer,42,Business Travel,Business,3019,3,3,3,3,5,4,4,4,4,4,4,3,5,3.77,1,4,TRUE
Female,Disloyal Customer,36,Business Travel,Eco,451,1,0,2,1,2,2,2,2,5,5,5,4,2,2.54,7,0,FALSE
Female,Loyal Customer,14,Business Travel,Business,1558,3,3,3,3,4,4,4,4,3,4,5,3,4,3.62,0,0,TRUE
Male,Disloyal Customer,30,Business Travel,Eco,1590,3,3,3,4,1,3,1,1,4,3,1,1,1,2.23,5,0,FALSE
Male,Loyal Customer,44,Business Travel,Business,237,1,1,1,1,5,4,4,5,5,4,5,4,4,3.38,42,40,TRUE
Female,Loyal Customer,8,Personal Travel,Eco,821,1,5,1,3,1,1,1,1,4,5,4,5,1,2.54,5,5,FALSE
Female,Loyal Customer,50,Business Travel,Eco,581,4,3,5,5,4,2,1,4,4,4,4,3,1,3.38,22,19,TRUE
Female,Loyal Customer,36,Business Travel,Business,373,3,3,3,3,1,1,1,5,5,5,5,5,1,3.15,0,0,TRUE
Male,Disloyal Customer,30,Business Travel,Business,926,2,2,2,3,4,2,2,4,2,3,3,2,4,2.69,0,0,FALSE
Female,Loyal Customer,59,Business Travel,Business,1585,1,1,4,1,5,4,4,4,4,4,4,5,3,3.38,0,0,TRUE
Female,Loyal Customer,7,Personal Travel,Eco,583,2,1,2,2,3,2,3,3,4,5,3,4,3,2.85,0,0,FALSE
Female,Loyal Customer,26,Business Travel,Business,1089,2,5,5,5,2,2,2,2,2,4,4,3,2,3.08,0,0,FALSE
Male,Loyal Customer,44,Business Travel,Business,3346,2,2,2,2,4,5,5,5,5,5,5,3,3,3.69,10,26,TRUE
Male,Loyal Customer,42,Personal Travel,Eco,825,2,5,2,4,4,2,4,4,5,5,5,4,4,3.85,14,0,FALSE
Male,Loyal Customer,35,Personal Travel,Eco,151,3,5,3,4,4,3,1,4,4,3,5,3,4,3.54,0,7,FALSE
Female,Loyal Customer,56,Personal Travel,Eco,1728,3,5,3,2,1,4,5,5,5,3,5,1,2,3.38,18,14,FALSE
Female,Loyal Customer,36,Business Travel,Business,1509,2,1,1,1,3,3,4,2,2,2,2,1,3,2.08,7,0,FALSE
Female,Loyal Customer,31,Personal Travel,Eco,368,4,4,4,4,3,4,3,3,3,5,4,2,3,3.54,0,0,TRUE
Male,Disloyal Customer,35,Business Travel,Eco,794,1,1,1,3,1,1,3,1,3,2,2,4,1,1.85,59,62,FALSE
Female,Loyal Customer,32,Business Travel,Business,3301,5,5,5,5,4,4,4,4,4,3,4,3,4,4.15,0,0,TRUE
Male,Loyal Customer,51,Personal Travel,Eco,692,1,4,1,2,3,1,3,3,5,5,4,5,3,3.08,13,29,FALSE
Female,Loyal Customer,50,Personal Travel,Eco,838,2,5,1,4,3,5,4,2,2,1,2,5,3,3,35,26,FALSE
Female,Loyal Customer,12,Personal Travel,Eco,546,4,4,4,4,1,4,1,1,5,5,5,2,1,3.15,0,0,FALSE
Female,Disloyal Customer,21,Business Travel,Eco,153,1,3,1,4,2,1,2,2,4,4,3,2,2,2.38,0,0,FALSE
Male,Loyal Customer,19,Business Travel,Business,1400,2,4,4,4,2,2,2,2,1,4,3,4,2,2.77,83,83,FALSE
Female,Loyal Customer,22,Personal Travel,Eco,853,3,5,3,3,4,3,4,4,3,3,5,3,4,3.62,2,4,FALSE
Female,Disloyal Customer,49,Business Travel,Business,290,4,4,4,5,5,4,5,5,4,5,5,4,5,4.54,0,0,TRUE
Female,Disloyal Customer,22,Business Travel,Eco,651,4,0,4,1,2,4,2,2,3,4,5,3,2,2.77,0,0,TRUE
Female,Disloyal Customer,51,Business Travel,Eco,525,3,1,3,3,4,3,4,4,4,2,2,3,4,3.08,0,0,FALSE
Male,Loyal Customer,37,Personal Travel,Business,828,1,5,1,1,4,5,5,4,4,1,4,3,3,3.15,4,18,FALSE
Female,Loyal Customer,55,Personal Travel,Eco Plus,788,2,4,2,4,3,4,4,5,5,2,4,4,3,3.54,0,0,FALSE
Female,Loyal Customer,55,Business Travel,Business,409,3,3,3,3,4,5,5,4,4,4,4,5,4,3.92,7,13,TRUE
Male,Loyal Customer,46,Business Travel,Eco,102,4,4,4,4,4,4,4,4,2,1,4,2,4,3.46,0,1,TRUE
Male,Loyal Customer,41,Business Travel,Business,372,5,5,4,5,2,4,4,4,4,5,4,4,5,4.23,25,19,TRUE
Female,Loyal Customer,23,Business Travel,Business,3463,0,0,0,4,3,3,3,3,5,1,3,5,3,2.54,0,0,TRUE
Male,Loyal Customer,13,Personal Travel,Eco,951,3,4,3,4,3,4,1,1,3,3,1,1,1,2.46,255,252,FALSE
Male,Loyal Customer,65,Personal Travel,Eco,334,3,5,3,2,4,3,4,4,5,5,5,5,4,4,25,27,FALSE
Male,Loyal Customer,39,Personal Travel,Business,1091,4,2,4,3,2,3,2,1,1,4,1,1,1,2.23,0,0,FALSE
Female,Disloyal Customer,29,Business Travel,Eco,1085,3,3,3,4,5,3,5,5,2,1,4,4,5,3.62,0,4,FALSE
Female,Loyal Customer,28,Business Travel,Business,1575,2,1,1,1,2,1,2,2,4,5,4,2,2,2.23,27,28,FALSE
Female,Loyal Customer,23,Business Travel,Business,2438,1,5,4,5,1,1,1,1,4,1,3,2,1,2.31,1,0,FALSE
Female,Loyal Customer,51,Personal Travel,Eco,247,1,5,1,4,5,4,4,2,2,1,2,5,5,3.15,0,0,FALSE
Male,Loyal Customer,36,Business Travel,Eco,551,4,3,4,4,4,4,4,4,5,1,2,5,4,3.69,0,0,TRUE
Male,Loyal Customer,43,Business Travel,Business,787,5,5,5,5,5,5,5,4,4,4,4,3,5,4.54,0,0,TRUE
Male,Loyal Customer,20,Business Travel,Eco Plus,1091,3,1,1,1,3,3,2,3,4,1,4,1,3,2.31,0,0,FALSE
Male,Loyal Customer,59,Personal Travel,Eco,1008,2,5,2,3,5,2,5,5,3,4,5,3,5,3.77,27,17,FALSE
Female,Loyal Customer,37,Personal Travel,Eco,391,2,1,2,2,3,2,3,3,1,2,2,2,3,2.15,8,0,FALSE
Female,Loyal Customer,62,Business Travel,Business,1695,2,2,2,2,2,5,4,5,5,5,5,5,3,3.62,119,126,TRUE
Male,Loyal Customer,30,Business Travel,Eco,2521,0,0,0,3,3,0,3,3,2,4,5,5,3,2.38,2,0,TRUE
Male,Loyal Customer,50,Personal Travel,Eco,328,1,0,1,4,4,1,4,4,5,4,5,4,4,3.15,19,29,FALSE
Female,Disloyal Customer,27,Business Travel,Eco,717,3,3,3,4,4,3,4,4,1,3,4,2,4,3.23,0,0,FALSE
Male,Loyal Customer,67,Personal Travel,Eco,550,1,4,0,4,2,0,2,2,4,2,3,3,2,2.23,0,0,FALSE
Female,Disloyal Customer,22,Business Travel,Eco,1027,5,5,5,2,4,5,4,4,4,1,1,3,4,3.62,22,19,TRUE
Female,Loyal Customer,41,Personal Travel,Eco,190,4,5,4,3,2,4,2,2,4,5,5,5,2,3.62,4,0,FALSE
Female,Loyal Customer,60,Personal Travel,Eco Plus,250,3,4,3,4,4,4,4,5,5,3,5,3,3,3.85,0,0,FALSE
Female,Loyal Customer,41,Business Travel,Eco Plus,236,1,2,2,2,3,3,3,1,1,1,1,2,3,1.92,0,17,FALSE
Female,Loyal Customer,25,Business Travel,Business,3815,4,4,4,4,5,5,5,5,3,5,2,4,5,4.23,0,0,TRUE
Female,Loyal Customer,34,Business Travel,Business,1644,0,4,0,3,1,4,2,5,5,5,5,5,5,3.38,0,0,TRUE
Male,Loyal Customer,56,Business Travel,Business,3750,5,5,5,5,2,5,4,3,3,3,3,3,3,3.77,0,1,TRUE
Female,Loyal Customer,32,Business Travel,Eco,991,2,1,1,1,2,2,2,2,3,2,2,3,2,1.92,86,117,FALSE
Female,Loyal Customer,23,Personal Travel,Eco Plus,1754,3,4,4,2,3,4,4,3,4,2,4,4,3,3.38,7,1,FALSE
Female,Loyal Customer,51,Business Travel,Business,2199,5,5,5,5,4,2,1,5,5,5,5,1,1,3.77,0,0,TRUE
Male,Loyal Customer,54,Personal Travel,Eco,408,2,1,2,3,4,2,4,4,4,4,4,4,4,3.23,6,11,FALSE
Male,Loyal Customer,50,Business Travel,Business,1558,1,1,1,1,4,5,5,4,4,4,4,5,5,3.38,73,63,TRUE
Female,Loyal Customer,43,Business Travel,Business,1729,0,0,0,2,1,2,2,1,1,1,1,5,1,1.31,0,0,TRUE
Female,Loyal Customer,9,Personal Travel,Eco,580,2,4,2,4,2,2,2,2,4,4,4,5,2,3,0,0,FALSE
Male,Loyal Customer,61,Personal Travel,Eco,587,4,2,4,3,5,4,5,5,3,4,4,1,5,3.77,42,41,FALSE
Male,Loyal Customer,36,Business Travel,Business,515,1,1,1,1,2,3,5,5,5,4,5,4,2,3,0,0,TRUE
Female,Disloyal Customer,21,Business Travel,Eco,175,1,0,1,4,1,1,1,1,4,2,5,3,1,1.92,0,0,FALSE
Female,Loyal Customer,52,Business Travel,Business,3096,4,4,4,4,4,2,5,4,4,4,4,5,3,3.92,0,0,TRUE
Female,Loyal Customer,51,Business Travel,Business,2924,2,2,2,2,5,5,1,5,5,5,4,2,1,3.15,0,0,TRUE
Female,Loyal Customer,42,Business Travel,Business,1689,4,4,4,4,2,5,4,4,4,4,4,5,3,3.92,58,52,TRUE
Male,Disloyal Customer,26,Business Travel,Business,125,4,0,4,1,1,4,1,1,3,4,4,5,1,2.54,0,0,TRUE
Male,Loyal Customer,36,Personal Travel,Eco,1400,4,3,4,3,4,4,4,4,1,4,2,1,4,3.23,26,3,FALSE
Male,Loyal Customer,41,Business Travel,Business,846,1,1,1,1,3,5,5,4,4,4,4,5,5,3.31,0,0,TRUE
Female,Disloyal Customer,20,Business Travel,Eco,773,2,2,2,4,3,2,3,3,2,1,3,1,3,2.38,0,0,FALSE
Female,Loyal Customer,40,Business Travel,Business,1630,2,2,2,2,4,3,3,2,2,2,2,3,3,2.46,0,0,FALSE
Female,Loyal Customer,36,Business Travel,Business,1892,5,5,5,5,3,5,5,4,4,4,4,4,4,4.38,0,8,TRUE
Male,Disloyal Customer,19,Business Travel,Eco,1235,2,2,2,2,4,2,3,4,1,5,2,1,4,2.62,82,59,FALSE
Female,Disloyal Customer,25,Business Travel,Eco Plus,1107,2,3,2,3,5,2,5,5,2,2,3,4,5,3.31,32,32,FALSE
Female,Loyal Customer,15,Business Travel,Business,661,2,2,2,2,5,5,5,5,5,3,5,3,5,3.77,0,0,TRUE
Male,Loyal Customer,49,Personal Travel,Eco,584,2,5,2,3,4,2,4,4,3,5,4,4,4,3.54,2,2,FALSE
Female,Loyal Customer,45,Business Travel,Business,1546,1,1,1,1,3,5,5,5,5,5,5,2,2,3.15,38,30,TRUE
Male,Disloyal Customer,21,Business Travel,Eco,605,2,4,2,4,5,2,5,5,4,2,3,3,5,3.54,23,19,FALSE
Female,Loyal Customer,28,Business Travel,Business,3102,5,5,5,5,3,4,3,3,3,2,5,3,3,3.77,38,36,TRUE
Male,Loyal Customer,18,Business Travel,Business,3581,2,2,2,2,5,5,5,5,1,5,2,3,5,3.38,0,2,TRUE
Female,Loyal Customer,36,Personal Travel,Eco,110,3,1,3,2,2,3,2,2,3,4,3,1,2,2.38,0,0,FALSE
Male,Disloyal Customer,44,Business Travel,Business,273,2,2,2,4,5,2,5,5,3,3,4,3,5,3.46,11,11,FALSE
Female,Disloyal Customer,22,Business Travel,Business,255,0,0,0,1,5,0,5,5,5,3,4,3,5,2.77,0,0,TRUE
Female,Disloyal Customer,24,Business Travel,Business,364,5,0,5,5,4,5,4,4,3,3,5,3,4,3.85,64,76,TRUE
Female,Loyal Customer,55,Business Travel,Business,349,0,0,0,5,2,5,4,1,1,1,1,3,4,2.08,1,0,TRUE
Female,Loyal Customer,59,Business Travel,Business,2914,4,4,4,4,1,1,5,5,5,5,5,5,3,3.92,0,0,TRUE
Male,Loyal Customer,23,Personal Travel,Eco,1919,3,4,3,2,1,3,1,1,4,4,4,3,1,2.62,0,7,FALSE
Female,Disloyal Customer,23,Business Travel,Eco,354,2,4,2,4,5,2,5,5,4,2,4,4,5,3.69,0,0,FALSE
Female,Loyal Customer,59,Business Travel,Business,1192,2,2,2,2,2,4,3,2,2,2,2,1,1,2.08,1,0,FALSE
Male,Loyal Customer,30,Personal Travel,Eco,386,4,1,4,3,2,4,2,2,3,5,4,2,2,2.92,8,1,FALSE
Female,Disloyal Customer,19,Business Travel,Eco,937,4,4,4,3,1,4,1,1,3,3,3,3,1,2.69,0,30,FALSE
Male,Disloyal Customer,26,Business Travel,Business,1021,0,0,0,1,3,0,5,3,3,5,4,3,3,2.31,0,0,TRUE
Female,Loyal Customer,56,Business Travel,Business,3756,2,2,2,2,3,5,4,4,4,4,4,5,3,3.38,0,0,TRUE
Female,Loyal Customer,58,Business Travel,Business,300,4,4,3,4,3,4,4,5,5,5,5,4,5,4.23,0,0,TRUE
Female,Disloyal Customer,36,Business Travel,Eco,405,2,3,2,3,1,2,1,1,2,2,4,2,1,2,0,0,FALSE
Female,Loyal Customer,54,Business Travel,Business,1665,0,0,0,4,3,5,5,1,1,1,1,4,4,2.23,0,0,TRUE
Female,Disloyal Customer,21,Business Travel,Eco,1005,2,2,2,1,2,2,2,2,2,5,4,3,2,2.38,1,0,FALSE
Female,Loyal Customer,58,Personal Travel,Eco,628,1,4,1,3,2,3,5,2,2,1,2,5,5,2.77,95,88,FALSE
Male,Loyal Customer,53,Business Travel,Business,3852,1,5,5,5,1,3,3,2,2,2,1,4,4,2.92,0,0,FALSE
Female,Loyal Customer,68,Business Travel,Eco Plus,1044,3,2,5,2,2,4,3,3,3,3,3,3,4,3.08,0,0,FALSE
Male,Loyal Customer,66,Personal Travel,Eco,321,2,4,1,3,3,1,3,3,1,1,3,3,3,2.38,6,0,FALSE
Female,Loyal Customer,48,Business Travel,Eco,268,3,2,2,2,5,3,3,3,3,3,3,3,2,2.85,2,9,FALSE
Male,Loyal Customer,14,Personal Travel,Eco Plus,787,1,3,1,1,5,1,2,5,2,1,1,5,5,2.54,3,23,FALSE
Female,Loyal Customer,32,Personal Travel,Eco,304,1,4,1,2,2,1,2,2,5,5,4,5,2,2.77,0,0,FALSE
Female,Loyal Customer,58,Personal Travel,Eco,406,1,2,5,4,5,4,4,5,5,5,5,3,4,4,10,0,FALSE
Male,Loyal Customer,18,Personal Travel,Eco,546,1,4,1,3,5,1,5,5,2,2,3,3,5,3.08,44,16,FALSE
Male,Loyal Customer,41,Business Travel,Business,3455,2,2,2,2,4,4,5,5,5,5,5,4,5,3.85,18,7,TRUE
Female,Loyal Customer,44,Business Travel,Business,3464,5,5,4,5,2,5,4,5,5,5,5,4,3,4.38,8,0,TRUE
Female,Loyal Customer,28,Personal Travel,Eco,319,1,5,2,1,4,2,4,4,1,1,5,5,4,3,0,0,FALSE
Female,Loyal Customer,33,Personal Travel,Eco,852,5,4,5,3,3,5,3,3,4,2,4,4,3,3.69,0,0,TRUE
Female,Loyal Customer,38,Personal Travel,Eco Plus,1592,1,5,0,3,4,0,4,4,3,5,4,5,4,3.23,26,21,FALSE
Female,Loyal Customer,12,Personal Travel,Business,296,3,3,3,3,4,3,4,4,2,1,4,2,4,3.08,0,0,FALSE
Male,Loyal Customer,56,Personal Travel,Eco Plus,2504,2,2,2,4,1,2,1,1,2,3,4,1,1,2,10,0,FALSE
Female,Loyal Customer,22,Business Travel,Business,3685,2,2,3,2,4,4,4,4,4,2,5,3,4,3.31,0,0,TRUE
Male,Disloyal Customer,22,Business Travel,Eco,239,5,0,5,4,4,5,4,4,4,3,4,4,4,3.85,0,0,TRUE
Male,Loyal Customer,39,Business Travel,Business,1475,2,2,2,2,4,5,5,4,4,4,4,5,3,3.54,0,0,TRUE
Female,Loyal Customer,46,Personal Travel,Eco,852,4,1,4,2,5,2,2,4,4,4,4,3,1,3.08,0,0,TRUE
Male,Loyal Customer,12,Business Travel,Business,2807,3,3,3,3,4,4,4,4,4,3,5,4,4,3.69,0,0,TRUE
Female,Loyal Customer,50,Business Travel,Business,1337,4,4,4,4,5,5,4,4,4,4,4,5,5,4.31,0,0,TRUE
Female,Loyal Customer,45,Business Travel,Business,1014,2,2,2,2,5,2,2,5,5,5,5,1,1,3,16,25,TRUE
Female,Loyal Customer,44,Business Travel,Eco,441,3,1,1,1,5,2,3,3,3,3,3,2,4,2.62,0,0,FALSE
Male,Loyal Customer,23,Business Travel,Business,1564,2,3,3,3,2,2,2,2,4,4,4,4,2,2.85,19,7,FALSE
Male,Loyal Customer,37,Personal Travel,Eco Plus,1590,2,1,2,2,1,2,1,1,2,4,3,4,1,2,12,20,FALSE
Female,Loyal Customer,58,Personal Travel,Eco,190,2,5,2,3,5,5,5,3,3,2,3,4,5,3.62,13,9,FALSE
Female,Disloyal Customer,45,Business Travel,Business,626,3,3,3,1,1,3,1,1,3,5,5,3,1,2.54,0,0,FALSE
Female,Loyal Customer,32,Business Travel,Business,1994,3,3,3,3,5,5,5,5,4,2,5,3,5,3.92,0,0,TRUE
Female,Loyal Customer,51,Business Travel,Business,2475,4,4,4,4,5,3,5,4,4,5,4,4,5,4.23,14,0,TRUE
Female,Loyal Customer,19,Business Travel,Business,3945,4,1,1,1,4,4,4,4,2,4,4,3,4,3.08,7,5,FALSE
Female,Disloyal Customer,35,Business Travel,Business,867,2,1,1,1,3,1,3,3,3,2,1,3,3,2.08,6,17,FALSE
Male,Loyal Customer,25,Business Travel,Business,551,3,3,2,3,4,4,4,4,5,1,4,2,4,3.31,0,0,TRUE
Male,Loyal Customer,22,Business Travel,Business,404,5,5,5,5,3,4,3,3,3,5,4,4,3,4,1,0,TRUE
Female,Loyal Customer,19,Personal Travel,Eco,1371,3,5,3,3,2,3,2,2,5,5,5,4,2,3.38,0,0,FALSE
Male,Loyal Customer,64,Personal Travel,Eco,825,3,4,3,1,4,3,5,4,4,5,4,5,4,3.77,0,0,FALSE
Male,Disloyal Customer,36,Business Travel,Eco Plus,598,3,3,3,3,3,3,3,3,3,5,4,3,3,3.23,2,0,FALSE
Female,Loyal Customer,50,Business Travel,Business,3493,3,3,3,3,4,5,5,3,3,3,3,5,5,3.69,70,101,TRUE
Male,Loyal Customer,59,Business Travel,Business,2000,4,4,4,4,4,5,4,5,5,5,5,5,5,4.54,24,7,TRUE
Male,Disloyal Customer,25,Business Travel,Eco,383,1,2,1,3,3,1,3,3,3,4,3,4,3,2.62,6,1,FALSE
Male,Loyal Customer,47,Business Travel,Business,280,5,5,5,5,3,4,4,4,4,4,4,3,5,4.23,0,0,TRUE
Female,Loyal Customer,20,Personal Travel,Eco Plus,746,1,4,1,4,5,1,5,5,4,5,3,3,5,3.54,14,7,FALSE
Male,Loyal Customer,50,Personal Travel,Eco,1276,4,4,3,3,5,3,5,5,3,4,3,3,5,3.85,3,0,FALSE
Female,Loyal Customer,42,Business Travel,Eco,409,3,4,4,4,4,2,2,3,3,3,3,1,1,2.85,0,0,FALSE
Male,Disloyal Customer,23,Business Travel,Eco,296,0,2,0,3,3,0,3,3,5,2,1,4,3,2.23,0,0,TRUE
Male,Loyal Customer,35,Business Travel,Business,1242,4,4,1,4,5,5,5,5,5,5,5,3,3,4.15,0,1,TRUE
Male,Loyal Customer,36,Business Travel,Business,1444,4,4,4,4,3,4,4,2,2,2,2,5,5,3.46,0,0,TRUE
Female,Loyal Customer,56,Personal Travel,Eco,641,3,2,3,2,4,2,3,4,4,3,4,1,4,3,0,0,FALSE
Male,Disloyal Customer,39,Business Travel,Business,1235,2,2,2,1,1,2,3,1,5,4,4,5,1,2.54,0,0,FALSE
Male,Loyal Customer,41,Business Travel,Business,1560,5,5,5,5,5,4,4,5,5,5,5,5,5,4.85,0,0,TRUE
Female,Loyal Customer,8,Personal Travel,Eco,1249,2,5,2,2,2,2,2,2,3,5,4,3,2,2.77,0,0,FALSE
Female,Loyal Customer,45,Personal Travel,Eco,328,3,0,3,3,3,5,5,1,1,3,1,5,4,2.85,0,0,FALSE
Male,Loyal Customer,40,Business Travel,Business,391,4,4,4,4,2,5,4,4,4,4,4,5,3,3.92,0,0,TRUE
Male,Loyal Customer,38,Business Travel,Business,2163,3,2,4,2,3,4,4,3,3,3,3,1,2,2.85,0,0,FALSE
Female,Loyal Customer,46,Business Travel,Business,680,3,3,3,3,5,5,5,5,5,5,5,5,5,4.38,0,0,TRUE
Female,Disloyal Customer,26,Business Travel,Eco,834,1,0,0,3,1,0,1,1,4,5,2,1,1,1.54,0,0,FALSE
Female,Loyal Customer,54,Business Travel,Eco Plus,2677,1,3,5,5,1,1,1,4,4,2,3,1,1,2.46,0,15,FALSE
Female,Loyal Customer,63,Business Travel,Eco,478,2,5,5,5,2,4,3,1,1,2,1,4,1,2.77,0,9,FALSE
Male,Loyal Customer,42,Business Travel,Business,3445,3,3,3,3,3,2,2,3,3,3,3,3,2,2.77,3,8,FALSE
Male,Loyal Customer,26,Business Travel,Business,2631,3,3,3,3,4,4,4,4,1,2,3,3,4,3.15,2,0,TRUE
Male,Loyal Customer,43,Business Travel,Eco,489,2,2,2,2,2,2,2,2,3,5,3,5,2,2.62,36,32,TRUE
Female,Loyal Customer,25,Business Travel,Business,1597,4,3,3,3,4,3,4,4,1,5,3,2,4,3.31,23,23,FALSE
Male,Loyal Customer,48,Personal Travel,Eco,986,2,4,2,1,5,2,5,5,4,3,5,4,5,3.62,42,42,FALSE
Female,Disloyal Customer,39,Business Travel,Business,1440,5,5,5,2,1,5,3,1,5,2,4,4,1,3.31,0,0,TRUE
Female,Loyal Customer,49,Business Travel,Eco,2253,4,2,2,2,4,4,4,4,3,3,2,4,4,3.23,220,202,TRUE
Male,Disloyal Customer,25,Business Travel,Business,929,1,4,1,3,2,1,2,2,4,5,4,1,2,2.46,5,0,FALSE
Male,Loyal Customer,44,Business Travel,Business,1810,5,5,5,5,5,3,4,2,2,2,2,4,3,3.62,0,0,TRUE
Female,Loyal Customer,54,Personal Travel,Eco Plus,409,1,5,1,1,4,5,5,1,1,1,3,3,3,2.62,75,73,FALSE
Male,Loyal Customer,37,Business Travel,Business,347,5,5,5,5,2,2,2,5,5,5,5,3,1,3.85,0,0,TRUE
Male,Loyal Customer,44,Business Travel,Eco Plus,101,5,1,1,1,5,5,5,5,2,2,2,3,5,3.23,0,0,TRUE
Female,Disloyal Customer,25,Business Travel,Eco,1069,2,2,2,1,2,2,1,2,3,3,3,4,2,2.23,92,57,FALSE
Female,Loyal Customer,41,Business Travel,Business,483,4,5,5,5,1,4,4,4,4,4,4,3,3,3.85,0,22,FALSE
Male,Loyal Customer,53,Business Travel,Business,1416,4,5,5,5,1,4,4,4,4,4,4,4,3,3.92,0,0,FALSE
Female,Loyal Customer,56,Business Travel,Business,3391,5,5,5,5,4,3,3,4,4,4,4,5,1,4,31,15,TRUE
Male,Loyal Customer,57,Business Travel,Business,1521,4,4,3,4,4,5,4,2,2,3,2,3,5,3.46,0,0,TRUE
Female,Loyal Customer,31,Personal Travel,Eco,228,4,5,4,3,2,4,1,2,4,2,5,5,2,3.31,49,55,FALSE
Female,Loyal Customer,56,Business Travel,Eco,408,3,3,3,3,5,5,1,3,3,3,3,4,1,3.08,0,0,TRUE
Male,Loyal Customer,33,Business Travel,Eco,1027,5,1,1,1,5,4,5,5,4,4,3,3,5,3.54,0,8,FALSE
Male,Loyal Customer,56,Business Travel,Business,302,2,2,2,2,3,5,4,5,5,5,5,4,5,3.77,0,0,TRUE
Female,Loyal Customer,16,Personal Travel,Eco Plus,235,3,4,3,2,4,3,4,4,4,2,4,3,4,3.38,0,0,FALSE
Male,Disloyal Customer,25,Business Travel,Business,696,4,5,4,2,1,4,1,1,5,2,5,4,1,3,15,10,FALSE
Female,Loyal Customer,70,Personal Travel,Eco,972,2,4,2,1,5,5,4,3,3,2,3,4,4,3.23,0,0,FALSE
Female,Loyal Customer,52,Business Travel,Business,3252,2,2,2,2,3,4,4,3,3,3,3,3,4,2.92,0,0,TRUE
Male,Loyal Customer,50,Business Travel,Business,235,4,2,2,2,5,3,3,4,4,4,4,1,1,3,0,0,FALSE
Male,Loyal Customer,49,Business Travel,Business,862,1,1,1,1,5,5,4,5,5,5,5,4,4,3.54,0,0,TRUE
Female,Loyal Customer,38,Personal Travel,Eco,416,2,2,2,3,3,2,3,3,1,2,3,2,3,2.38,26,15,FALSE
Female,Loyal Customer,69,Business Travel,Business,1727,1,1,1,1,5,4,5,4,4,4,4,5,4,3.31,0,4,TRUE
Male,Loyal Customer,45,Business Travel,Business,354,4,4,2,4,2,4,5,5,5,5,5,5,4,4.15,0,9,TRUE
Male,Loyal Customer,60,Business Travel,Business,2919,5,5,5,5,4,2,2,4,4,4,4,5,5,4.15,0,1,TRUE
Male,Disloyal Customer,27,Business Travel,Business,1390,4,4,4,3,5,4,5,5,5,2,4,5,5,4.23,12,0,TRUE
Male,Loyal Customer,53,Personal Travel,Eco,627,1,4,2,2,5,2,5,5,4,5,4,4,5,3.69,33,32,FALSE
Female,Loyal Customer,33,Business Travel,Business,187,3,1,1,1,3,4,4,1,1,1,3,4,4,2.38,25,13,FALSE
Female,Disloyal Customer,37,Business Travel,Business,1389,3,3,3,4,5,3,5,5,5,5,5,5,5,4.31,21,26,FALSE
Male,Disloyal Customer,40,Business Travel,Business,259,2,2,2,4,2,2,2,2,4,5,5,4,2,2.92,1,0,FALSE
Female,Disloyal Customer,24,Business Travel,Business,407,4,0,5,2,2,5,2,2,5,3,4,3,2,3,29,22,TRUE
Female,Loyal Customer,33,Personal Travel,Eco,239,3,4,3,1,2,3,2,2,3,2,4,4,2,2.69,1,0,FALSE
Male,Disloyal Customer,38,Business Travel,Business,148,3,2,2,3,2,2,2,2,3,4,5,3,2,2.69,20,13,FALSE
Male,Loyal Customer,56,Personal Travel,Eco,853,4,4,4,3,5,4,5,5,4,4,4,3,5,4.15,1,0,TRUE
Female,Loyal Customer,65,Personal Travel,Eco,632,1,3,1,3,5,3,3,1,1,1,1,4,1,2.15,0,0,FALSE
Male,Loyal Customer,39,Business Travel,Business,1704,3,4,4,4,1,3,2,3,3,3,3,3,4,3.08,0,0,FALSE
Female,Loyal Customer,11,Personal Travel,Eco,353,2,5,2,2,4,2,2,4,5,4,3,4,4,3.31,20,88,FALSE
Male,Loyal Customer,35,Business Travel,Eco,468,3,1,1,1,3,2,3,3,2,4,3,3,3,2.46,12,8,FALSE
Female,Loyal Customer,21,Personal Travel,Eco,531,2,1,2,2,5,2,5,5,4,2,3,4,5,3.23,0,0,FALSE
Female,Disloyal Customer,36,Business Travel,Eco,787,1,1,1,4,2,1,2,2,1,2,4,4,2,2.08,60,51,FALSE
Male,Loyal Customer,8,Personal Travel,Eco Plus,197,1,5,1,5,5,1,5,5,5,1,2,1,5,3.23,0,0,FALSE
Female,Loyal Customer,9,Personal Travel,Eco,2586,1,3,1,2,1,1,1,1,1,3,2,3,1,1.62,0,0,FALSE
Male,Loyal Customer,23,Business Travel,Business,1521,3,2,2,2,3,3,3,3,2,2,4,4,3,2.77,0,0,FALSE
Female,Disloyal Customer,22,Business Travel,Business,370,5,5,5,3,4,5,3,4,4,2,4,3,4,3.92,0,0,TRUE
Male,Loyal Customer,48,Business Travel,Eco,101,5,4,4,4,3,5,3,3,3,1,2,2,3,3.23,0,0,TRUE
Female,Loyal Customer,49,Personal Travel,Eco,95,2,3,2,1,3,1,2,1,1,2,1,1,2,1.69,0,6,FALSE
Female,Loyal Customer,68,Personal Travel,Eco,937,2,2,2,3,3,3,3,2,2,2,3,4,3,2.62,0,0,FALSE
Male,Loyal Customer,55,Personal Travel,Eco,1340,0,4,1,4,4,1,4,4,1,2,4,2,4,2.69,0,0,TRUE
Male,Loyal Customer,39,Personal Travel,Eco,829,4,5,4,3,5,4,5,5,5,5,4,4,5,4.46,6,0,FALSE
Male,Loyal Customer,39,Business Travel,Eco Plus,290,3,1,2,2,3,3,3,3,2,4,3,3,3,2.69,0,0,FALSE
Male,Disloyal Customer,19,Business Travel,Eco,480,3,1,3,4,5,3,5,5,2,5,4,3,5,3.69,0,4,FALSE
Male,Disloyal Customer,25,Business Travel,Eco,1112,2,3,3,4,3,3,3,3,5,5,5,3,3,3.46,0,1,FALSE
Male,Loyal Customer,41,Personal Travel,Eco,73,3,5,3,4,2,3,2,2,5,3,5,5,2,3.38,0,0,FALSE
Male,Disloyal Customer,34,Business Travel,Business,473,4,4,4,1,3,4,3,3,5,4,3,1,3,3.23,0,0,FALSE
Female,Loyal Customer,62,Personal Travel,Eco,293,3,1,3,4,1,3,3,1,1,3,1,2,2,2.15,0,0,FALSE
Male,Disloyal Customer,41,Business Travel,Business,361,3,3,3,5,3,2,3,1,2,4,4,3,3,3,178,167,FALSE
Male,Loyal Customer,50,Business Travel,Business,737,3,3,3,3,4,4,4,5,5,4,5,3,4,3.85,4,13,TRUE
Female,Loyal Customer,60,Business Travel,Business,409,1,5,5,5,1,3,4,1,1,1,1,1,1,2.31,6,0,FALSE
Male,Disloyal Customer,10,Business Travel,Eco,594,1,2,1,3,5,1,5,5,2,5,4,2,5,3.15,21,12,FALSE
Male,Loyal Customer,46,Personal Travel,Eco Plus,370,2,2,2,4,2,2,2,2,3,1,4,1,2,2.23,60,47,FALSE
Male,Loyal Customer,50,Business Travel,Business,2577,1,1,1,1,4,5,4,5,5,5,5,3,3,3.31,0,0,TRUE
Female,Loyal Customer,37,Business Travel,Eco,102,4,3,3,3,4,5,4,4,1,5,3,2,4,3.46,6,5,TRUE
Male,Loyal Customer,41,Business Travel,Business,184,3,4,3,3,3,4,3,5,5,5,4,2,4,3.69,0,0,TRUE
Male,Loyal Customer,60,Business Travel,Eco Plus,157,2,3,3,3,2,2,2,2,3,3,2,2,2,2.38,0,0,TRUE
Female,Loyal Customer,18,Personal Travel,Eco,264,4,2,4,3,2,4,2,2,1,5,3,4,2,2.92,1,3,FALSE
Male,Disloyal Customer,36,Business Travel,Business,1535,4,4,4,1,5,4,2,5,5,4,4,4,5,3.92,0,0,FALSE
Male,Disloyal Customer,40,Business Travel,Business,174,4,4,4,4,2,4,2,2,3,5,4,2,2,3.23,6,0,FALSE
Male,Disloyal Customer,20,Business Travel,Eco,1367,4,4,4,4,4,4,4,4,3,2,3,3,4,3.62,0,0,FALSE
Female,Disloyal Customer,17,Business Travel,Eco,692,2,3,3,2,5,3,5,5,3,5,4,3,5,3.69,1,0,FALSE
Female,Loyal Customer,65,Personal Travel,Eco,1504,1,5,1,4,2,5,2,2,2,1,2,3,4,2.62,14,3,FALSE
Male,Loyal Customer,32,Business Travel,Business,2625,3,4,4,4,3,3,3,3,3,4,2,1,3,3.08,0,0,FALSE
Female,Disloyal Customer,48,Business Travel,Business,719,3,3,3,4,1,3,1,1,5,4,5,3,1,2.85,19,18,FALSE
Male,Loyal Customer,16,Personal Travel,Eco,2072,2,4,2,4,4,2,4,4,3,4,5,4,4,3.54,0,0,FALSE
Female,Loyal Customer,21,Personal Travel,Eco,3365,0,2,0,4,5,0,5,5,4,1,4,2,5,2.85,20,,TRUE
Female,Loyal Customer,52,Personal Travel,Eco,767,1,4,1,1,4,4,4,4,4,1,4,3,4,3,13,23,FALSE
Female,Disloyal Customer,37,Business Travel,Eco,796,4,4,4,3,5,4,5,5,1,4,4,4,5,4,0,0,TRUE
Female,Loyal Customer,60,Business Travel,Eco,794,3,4,4,4,2,5,2,3,3,3,3,3,3,3.23,0,11,TRUE
Male,Loyal Customer,54,Personal Travel,Eco Plus,522,2,5,2,3,2,2,2,2,4,4,4,3,2,2.85,38,52,FALSE
Male,Loyal Customer,34,Personal Travel,Eco,325,5,3,5,5,1,5,1,1,1,5,5,5,1,3.31,0,0,TRUE
Female,Loyal Customer,23,Business Travel,Business,3376,4,5,5,5,4,3,4,4,3,4,3,2,4,3.85,6,0,FALSE
Female,Loyal Customer,55,Business Travel,Business,1618,5,5,5,5,2,4,5,5,5,5,5,3,4,4.46,0,0,TRUE
Male,Loyal Customer,56,Personal Travel,Eco,675,2,4,2,3,2,2,2,2,3,2,5,5,2,2.77,0,0,FALSE
Male,Loyal Customer,56,Business Travel,Business,1086,3,5,5,5,4,3,3,3,3,3,3,2,4,3.54,0,104,FALSE
Male,Loyal Customer,49,Personal Travel,Eco,333,2,5,2,3,3,2,3,3,3,4,4,5,3,3.23,29,13,FALSE
Female,Loyal Customer,44,Business Travel,Business,2683,4,4,5,4,5,5,5,4,4,4,4,4,4,4.31,0,0,TRUE
Male,Loyal Customer,9,Business Travel,Business,2845,1,4,4,4,2,1,1,3,3,2,4,1,1,2.38,11,23,FALSE
Male,Loyal Customer,55,Business Travel,Business,1947,5,5,5,5,4,3,4,4,4,4,4,4,5,4.31,34,20,TRUE
Female,Loyal Customer,40,Personal Travel,Business,109,3,4,3,3,1,4,3,4,4,3,5,2,4,3.31,0,0,FALSE
Female,Loyal Customer,8,Personal Travel,Eco,1979,3,2,3,4,5,3,5,5,2,4,3,2,5,3.54,80,64,FALSE
Female,Loyal Customer,25,Business Travel,Eco,689,4,3,3,3,4,5,5,4,3,4,2,4,4,3.69,0,0,TRUE
Female,Loyal Customer,64,Business Travel,Business,895,1,1,1,1,5,5,5,5,5,5,5,5,5,3.77,5,2,TRUE
Male,Disloyal Customer,29,Business Travel,Eco,173,2,3,2,3,5,2,1,5,4,3,3,3,5,3.15,0,0,FALSE
Male,Disloyal Customer,30,Business Travel,Business,575,4,4,4,3,2,4,2,2,1,4,3,3,2,2.92,0,0,FALSE
Female,Loyal Customer,41,Business Travel,Business,1562,4,4,4,4,4,4,4,3,5,2,4,4,4,3.85,286,262,TRUE
Male,Loyal Customer,50,Personal Travel,Eco Plus,356,3,4,3,1,1,3,1,1,1,2,4,5,1,2.31,0,0,FALSE
Male,Loyal Customer,42,Business Travel,Business,1744,4,4,4,4,4,5,4,5,5,5,5,3,5,4.38,1,0,TRUE
Male,Disloyal Customer,20,Business Travel,Eco,692,2,2,2,3,5,2,5,5,5,3,5,3,5,3.62,0,0,FALSE
Female,Loyal Customer,34,Personal Travel,Eco,529,1,5,1,1,1,1,1,1,4,2,4,5,1,2.15,0,0,FALSE
Male,Disloyal Customer,55,Business Travel,Business,270,2,2,2,4,2,2,2,4,2,3,4,2,2,2.54,328,330,FALSE
Male,Loyal Customer,30,Personal Travel,Eco,990,3,5,3,5,4,3,4,4,4,5,5,4,4,4.08,2,4,FALSE
Female,Loyal Customer,68,Business Travel,Eco Plus,201,4,1,1,1,1,1,3,4,4,4,4,4,5,2.85,15,14,TRUE
Female,Loyal Customer,73,Business Travel,Business,3096,4,4,4,4,5,5,5,4,4,4,4,5,5,4.38,0,0,TRUE
Male,Loyal Customer,48,Personal Travel,Eco,419,2,5,2,1,3,2,3,3,3,2,3,2,3,2.62,0,0,FALSE
Male,Loyal Customer,40,Business Travel,Eco Plus,1514,5,1,1,1,5,4,5,5,4,2,4,2,5,3.38,5,0,FALSE
Male,Loyal Customer,48,Business Travel,Eco,328,3,1,1,1,3,3,3,3,4,4,3,3,3,2.69,0,0,FALSE
Male,Loyal Customer,32,Business Travel,Business,678,1,1,1,1,4,4,4,4,5,5,4,4,4,3.23,0,0,TRUE
Male,Disloyal Customer,39,Business Travel,Eco,153,4,3,4,4,2,4,2,2,4,2,2,3,2,2.92,0,0,FALSE
Male,Loyal Customer,39,Business Travel,Business,3752,4,4,4,4,5,4,4,4,4,5,5,5,3,4.23,0,0,TRUE
Male,Loyal Customer,52,Personal Travel,Eco,328,1,0,1,4,4,1,4,4,5,5,5,5,4,3.31,0,0,FALSE
Male,Loyal Customer,23,Business Travel,Business,2557,3,3,3,3,5,5,4,5,5,3,4,4,5,4,1,5,TRUE
Male,Loyal Customer,55,Personal Travel,Eco,1121,2,5,2,2,4,2,4,4,3,4,4,5,4,3.46,13,0,FALSE
Female,Loyal Customer,7,Personal Travel,Eco Plus,647,2,4,2,2,2,2,2,2,2,1,5,2,2,2.31,6,0,FALSE
Female,Loyal Customer,45,Business Travel,Business,2486,1,1,1,1,4,4,4,2,2,2,2,5,5,2.62,17,9,TRUE
Female,Loyal Customer,33,Personal Travel,Eco,802,2,2,2,4,2,2,2,2,2,1,3,4,2,2.31,0,0,FALSE
Male,Loyal Customer,22,Business Travel,Business,1986,2,2,2,2,5,5,5,5,3,5,4,3,5,3.69,0,0,TRUE
Male,Disloyal Customer,32,Business Travel,Business,326,3,4,4,3,2,4,2,2,3,2,4,3,2,2.92,0,0,FALSE
Male,Disloyal Customer,37,Business Travel,Business,361,5,5,5,1,3,5,3,3,3,3,5,3,3,3.62,0,0,TRUE
Male,Loyal Customer,66,Personal Travel,Eco,277,0,3,0,5,5,0,5,5,2,4,4,2,5,3.08,0,3,TRUE
Male,Disloyal Customer,27,Business Travel,Eco,956,4,4,4,3,3,4,3,3,4,3,3,1,3,3.23,0,0,FALSE
Male,Loyal Customer,70,Personal Travel,Eco,1020,1,0,1,1,4,1,4,4,4,2,5,5,4,2.77,38,32,FALSE
Male,Loyal Customer,70,Personal Travel,Eco,541,3,4,3,2,2,3,2,2,5,2,4,5,2,3,13,11,FALSE
Female,Loyal Customer,52,Business Travel,Business,1201,1,1,4,1,5,4,5,4,4,4,4,3,5,3.46,0,0,TRUE
Female,Loyal Customer,41,Business Travel,Eco,416,1,3,3,3,1,1,1,1,3,4,2,4,1,2.15,0,0,FALSE
Male,Loyal Customer,9,Personal Travel,Business,834,5,5,5,4,3,5,3,3,5,5,4,5,3,4.23,6,3,TRUE
Male,Loyal Customer,25,Business Travel,Business,228,1,2,4,4,1,1,1,1,4,3,1,3,1,2.08,0,0,FALSE
Female,Loyal Customer,36,Business Travel,Eco,370,4,3,5,5,4,4,4,4,3,3,3,3,4,3.77,8,6,TRUE
Male,Loyal Customer,23,Business Travel,Business,3285,1,1,1,1,5,5,5,5,5,4,4,5,5,3.62,0,0,TRUE
Female,Loyal Customer,10,Personal Travel,Eco,327,2,0,2,3,4,2,4,4,3,4,4,3,4,3,14,6,FALSE
Female,Loyal Customer,49,Business Travel,Business,2057,0,4,0,3,3,5,3,5,5,5,5,2,5,3.46,25,20,TRUE
Male,Loyal Customer,33,Personal Travel,Eco Plus,2248,1,4,1,5,2,1,2,2,4,4,4,5,2,2.85,23,21,FALSE
Female,Loyal Customer,41,Business Travel,Eco,896,2,2,2,2,2,2,2,2,1,2,4,4,2,2.23,44,45,FALSE
Female,Loyal Customer,38,Personal Travel,Eco,589,2,2,2,3,4,2,4,4,2,1,2,2,4,2.62,0,0,FALSE
Male,Disloyal Customer,30,Business Travel,Business,220,1,1,1,3,3,1,3,3,4,1,3,2,3,2.23,0,0,FALSE
Male,Loyal Customer,76,Business Travel,Eco,557,2,3,3,3,2,2,2,2,2,5,3,4,2,2.69,18,26,FALSE
Female,Loyal Customer,57,Business Travel,Business,402,5,5,5,5,4,4,5,5,5,5,5,3,3,4.54,0,0,TRUE
Female,Loyal Customer,55,Business Travel,Business,345,3,3,3,3,3,5,4,4,4,4,4,4,3,3.62,0,0,TRUE
Female,Loyal Customer,45,Business Travel,Business,1488,5,5,5,5,4,5,5,5,5,5,5,4,5,4.85,10,3,TRUE
Male,Loyal Customer,26,Personal Travel,Eco,255,2,5,0,4,4,0,4,4,3,5,3,3,4,3.15,54,54,FALSE
Female,Loyal Customer,62,Personal Travel,Eco,343,3,4,3,5,5,4,5,1,1,3,1,4,3,3.23,0,0,FALSE
Male,Loyal Customer,31,Business Travel,Business,2478,3,3,3,3,5,5,4,5,5,4,1,3,5,3.77,0,0,TRUE
Female,Loyal Customer,41,Personal Travel,Eco,153,3,4,3,1,4,3,4,4,3,5,5,4,4,3.62,0,5,FALSE
Male,Disloyal Customer,12,Business Travel,Eco,957,3,3,3,3,4,3,4,4,1,1,3,1,4,2.85,0,0,FALSE
Female,Loyal Customer,35,Personal Travel,Eco,862,4,3,4,3,5,4,5,5,3,3,4,4,5,4,12,2,FALSE
Male,Loyal Customer,56,Personal Travel,Eco,399,1,4,5,3,2,5,2,2,3,5,4,3,2,3.15,0,0,FALSE
Female,Loyal Customer,42,Personal Travel,Business,293,1,5,1,1,4,5,5,2,2,1,2,5,4,2.92,0,0,FALSE
Female,Loyal Customer,50,Business Travel,Eco Plus,134,5,1,2,1,1,3,1,5,5,5,5,4,1,3,0,0,TRUE
Male,Loyal Customer,37,Business Travel,Business,531,5,5,5,5,2,5,5,5,5,5,5,5,3,4.62,0,0,TRUE
Female,Loyal Customer,28,Business Travel,Business,1909,2,2,2,2,4,4,4,4,3,5,5,2,4,3.31,0,0,TRUE
Male,Loyal Customer,60,Business Travel,Eco,1199,3,2,2,2,4,3,4,4,2,3,3,3,4,3,128,111,FALSE
Female,Disloyal Customer,22,Business Travel,Eco Plus,944,3,2,3,4,3,3,1,3,3,4,4,1,3,2.85,0,0,FALSE
Male,Loyal Customer,18,Personal Travel,Eco,2454,3,4,3,4,3,4,4,5,4,3,5,4,4,3.85,0,0,FALSE
Male,Loyal Customer,46,Business Travel,Business,728,3,1,3,3,4,4,4,4,4,4,4,3,4,3.46,5,3,TRUE
Female,Loyal Customer,29,Business Travel,Business,589,3,3,5,3,4,4,4,4,3,4,2,2,4,3.46,0,0,TRUE
Female,Loyal Customer,69,Business Travel,Eco,132,3,4,4,4,5,4,3,3,3,3,3,4,1,3.38,0,0,FALSE
Male,Loyal Customer,30,Business Travel,Business,1589,2,2,2,2,4,5,4,4,4,4,4,5,4,3.54,56,32,TRUE
Female,Loyal Customer,51,Business Travel,Business,1947,1,2,2,2,1,1,1,1,5,2,1,1,1,1.62,168,141,FALSE
Female,Loyal Customer,22,Business Travel,Business,803,5,5,5,5,5,5,5,5,1,5,1,2,5,4.15,0,0,TRUE
Female,Disloyal Customer,22,Business Travel,Eco,599,4,0,4,3,4,4,4,4,4,4,5,4,4,3.69,4,42,TRUE
Female,Loyal Customer,48,Personal Travel,Eco,414,2,5,2,3,5,3,1,5,5,2,3,3,5,3.38,0,0,FALSE
Female,Loyal Customer,53,Business Travel,Business,1464,1,1,1,1,4,4,4,3,2,4,4,4,4,2.85,172,168,TRUE
Male,Loyal Customer,55,Business Travel,Business,500,1,5,5,5,1,2,3,1,1,1,1,4,4,2.62,0,27,FALSE
Female,Loyal Customer,46,Business Travel,Business,594,3,1,5,5,2,3,3,3,3,3,3,2,4,3.08,0,0,FALSE
Female,Loyal Customer,56,Personal Travel,Eco Plus,308,4,1,4,3,4,2,2,1,1,4,1,2,3,2.46,0,0,FALSE
Male,Loyal Customer,14,Personal Travel,Eco,757,3,5,3,3,3,5,3,5,4,5,4,3,3,3.77,134,139,FALSE
Male,Loyal Customer,28,Business Travel,Eco,834,2,5,2,5,2,2,2,2,4,1,2,3,2,2.62,0,0,FALSE
Male,Loyal Customer,68,Business Travel,Business,1197,2,2,2,2,2,4,4,5,5,5,5,5,4,3.62,4,1,TRUE
Female,Loyal Customer,22,Business Travel,Business,3408,1,1,1,1,5,5,5,5,3,3,5,4,5,3.38,0,0,TRUE
Male,Loyal Customer,55,Personal Travel,Eco,1411,4,2,4,3,2,4,2,2,1,3,2,4,2,2.69,0,0,TRUE
Female,Disloyal Customer,13,Business Travel,Eco,1097,1,1,1,1,5,1,5,5,4,3,5,4,5,3.15,0,0,FALSE
Female,Loyal Customer,47,Business Travel,Eco,809,4,2,2,2,4,5,5,5,5,4,5,4,3,3.85,0,0,TRUE
Female,Loyal Customer,58,Business Travel,Eco,337,1,4,4,4,4,2,2,1,1,1,1,3,1,2.23,0,18,FALSE
Female,Loyal Customer,45,Personal Travel,Eco,895,1,3,1,1,5,1,1,4,4,1,4,5,1,2.46,52,71,FALSE
Male,Disloyal Customer,23,Business Travel,Eco,230,4,3,4,1,4,4,4,4,4,4,1,3,4,3.38,0,0,FALSE
Female,Loyal Customer,18,Personal Travel,Eco,1069,2,5,1,3,3,1,3,3,5,5,5,5,3,3.38,0,52,FALSE
Female,Loyal Customer,68,Personal Travel,Eco Plus,888,1,5,1,3,4,4,5,1,1,1,1,4,5,2.77,4,0,FALSE
Male,Loyal Customer,46,Business Travel,Business,2912,3,3,3,3,4,4,5,3,3,4,3,3,4,3.46,0,0,TRUE
Male,Loyal Customer,59,Personal Travel,Eco,1089,2,5,2,4,1,2,1,1,2,2,2,5,1,2.31,59,30,FALSE
Male,Disloyal Customer,18,Business Travel,Eco,157,1,2,1,3,4,1,4,4,2,5,4,2,4,2.85,43,78,FALSE
Male,Disloyal Customer,27,Business Travel,Eco,844,1,1,1,5,2,1,4,2,4,3,2,4,2,2.46,3,0,FALSE
Female,Disloyal Customer,35,Business Travel,Business,1855,3,3,3,1,2,3,2,2,3,4,4,3,2,2.69,11,8,FALSE
Female,Loyal Customer,61,Business Travel,Eco Plus,331,2,2,3,2,5,4,4,3,3,2,3,4,1,2.92,0,0,FALSE
Male,Loyal Customer,10,Business Travel,Business,495,3,3,3,3,5,4,5,5,3,5,5,5,5,4.15,16,0,TRUE
Female,Loyal Customer,16,Personal Travel,Eco Plus,303,1,4,1,2,4,1,5,4,3,3,4,3,4,3,45,46,FALSE
Female,Loyal Customer,20,Personal Travel,Eco,414,2,4,2,4,1,2,1,1,4,4,3,1,1,2.31,112,103,FALSE
Male,Loyal Customer,28,Personal Travel,Eco,752,4,4,4,2,5,4,2,5,5,4,5,5,5,4.15,29,15,FALSE
Female,Loyal Customer,57,Business Travel,Eco,551,5,1,1,1,1,3,5,5,5,5,5,1,5,3.31,0,0,TRUE
Female,Disloyal Customer,22,Business Travel,Business,347,2,3,2,4,5,2,5,5,4,3,4,1,5,3.46,29,22,FALSE
Male,Loyal Customer,60,Business Travel,Eco,303,3,3,3,3,3,3,3,3,4,1,4,1,3,2.85,0,25,FALSE
Male,Loyal Customer,40,Business Travel,Business,370,4,4,1,4,4,5,4,5,5,5,5,5,5,4.31,6,1,TRUE
Male,Disloyal Customer,28,Business Travel,Business,306,4,5,5,4,4,5,4,4,5,2,5,3,4,4.15,1,1,TRUE
Male,Disloyal Customer,36,Personal Travel,Eco,143,1,5,1,2,1,1,1,1,4,1,5,4,1,2.15,0,0,FALSE
Female,Loyal Customer,44,Business Travel,Business,101,4,4,4,4,5,3,2,5,5,5,5,3,3,4,0,0,TRUE
Male,Loyal Customer,46,Personal Travel,Eco,1546,1,5,1,4,5,1,4,5,3,3,4,5,5,3.54,0,0,FALSE
Female,Loyal Customer,35,Business Travel,Business,2416,0,0,0,5,2,5,5,3,3,4,4,3,4,2.92,0,0,TRUE
Male,Loyal Customer,13,Personal Travel,Eco Plus,270,0,0,0,1,1,0,1,1,3,5,5,5,1,1.77,7,5,TRUE
Female,Loyal Customer,43,Business Travel,Business,3306,5,5,5,5,4,4,4,3,3,4,3,5,5,4.23,2,0,TRUE
Female,Loyal Customer,18,Personal Travel,Eco,2454,2,4,2,3,2,2,2,3,5,5,4,2,2,2.92,163,134,FALSE
Female,Loyal Customer,35,Business Travel,Business,140,1,1,1,1,2,4,4,3,3,4,4,4,5,2.85,3,5,TRUE
Female,Loyal Customer,44,Personal Travel,Eco,983,4,1,4,4,1,4,4,1,1,4,1,3,3,2.69,0,0,FALSE
Female,Loyal Customer,43,Business Travel,Business,2328,5,5,5,5,3,5,4,5,5,4,5,3,4,4.46,0,0,TRUE
Female,Loyal Customer,36,Business Travel,Business,1860,1,1,1,1,4,4,1,4,4,4,4,5,1,2.69,35,75,TRUE
Female,Loyal Customer,59,Business Travel,Eco,954,1,3,4,3,2,2,3,1,1,1,1,2,4,2.15,62,42,FALSE
Male,Disloyal Customer,35,Business Travel,Business,929,3,4,4,5,1,4,1,1,5,3,4,5,1,3.15,0,0,FALSE
Female,Disloyal Customer,25,Business Travel,Business,1127,0,0,0,4,4,0,5,4,3,3,4,4,4,2.69,13,1,TRUE
Female,Loyal Customer,28,Personal Travel,Eco,1072,1,2,1,3,5,1,5,5,2,3,2,3,5,2.92,13,0,FALSE
Male,Loyal Customer,39,Business Travel,Business,2796,5,4,5,5,3,5,5,3,3,3,3,5,4,4.08,101,104,TRUE
Female,Loyal Customer,53,Business Travel,Business,967,1,1,4,1,3,4,5,5,5,5,5,4,5,3.69,1,1,TRUE
Male,Loyal Customer,12,Business Travel,Eco,1558,2,4,5,4,2,2,3,2,4,3,4,1,2,2.92,11,7,FALSE
Male,Loyal Customer,20,Business Travel,Business,2565,1,1,1,1,5,5,5,4,3,3,5,5,5,3.38,30,32,TRUE
Male,Loyal Customer,40,Business Travel,Business,1639,5,5,5,5,5,5,4,4,4,4,4,3,4,4.38,5,14,TRUE
Female,Loyal Customer,22,Personal Travel,Eco,738,5,4,5,3,3,4,3,3,4,4,5,5,3,3.92,0,3,TRUE
Female,Loyal Customer,19,Personal Travel,Eco,680,2,4,2,1,2,2,3,2,5,4,5,4,2,2.92,0,2,FALSE
Female,Loyal Customer,23,Business Travel,Business,2454,3,3,3,3,5,5,5,5,3,2,3,5,5,3.85,9,0,TRUE
Female,Disloyal Customer,29,Business Travel,Eco,1045,3,4,4,3,2,4,2,2,1,1,4,2,2,2.62,0,0,FALSE
Male,Loyal Customer,36,Business Travel,Business,1950,2,2,2,2,3,4,4,4,4,4,4,1,1,2.85,0,0,TRUE
Female,Loyal Customer,49,Business Travel,Business,1937,3,3,3,3,1,4,5,5,5,5,5,3,3,3.69,0,2,TRUE
Female,Loyal Customer,45,Personal Travel,Eco,2586,2,2,2,3,3,3,4,1,1,2,1,2,3,2.23,0,0,FALSE
Female,Loyal Customer,27,Business Travel,Eco Plus,1087,3,2,2,2,3,3,3,3,4,4,3,1,3,2.77,0,0,FALSE
Male,Disloyal Customer,40,Business Travel,Eco,370,1,1,1,4,2,1,2,2,3,3,3,3,2,2.15,47,44,FALSE
Female,Loyal Customer,60,Business Travel,Eco,265,4,1,4,1,5,2,1,3,3,4,3,1,2,2.62,0,0,TRUE
Female,Disloyal Customer,43,Business Travel,Business,1609,3,3,3,3,5,3,5,5,4,5,3,4,5,3.92,0,0,FALSE
Male,Loyal Customer,72,Business Travel,Eco Plus,1129,1,1,1,1,1,1,1,1,4,2,4,2,1,1.62,0,15,FALSE
Male,Loyal Customer,36,Business Travel,Business,1660,3,1,1,1,2,3,3,3,3,3,3,3,1,2.31,29,40,FALSE
Male,Loyal Customer,20,Business Travel,Eco Plus,290,0,3,0,2,3,0,3,3,5,2,3,4,3,2.38,0,3,TRUE
Female,Loyal Customer,50,Personal Travel,Eco,852,1,5,1,3,1,5,5,3,4,4,4,5,5,3.54,162,149,FALSE
Female,Loyal Customer,51,Business Travel,Business,431,1,1,1,1,2,4,5,2,2,2,2,3,5,2.38,0,0,TRUE
Female,Loyal Customer,40,Business Travel,Business,159,1,3,3,3,3,3,4,3,3,3,1,4,4,2.92,11,8,FALSE
Female,Loyal Customer,37,Business Travel,Business,223,5,5,5,5,2,4,5,5,5,5,4,4,3,4.38,0,0,TRUE
Female,Loyal Customer,77,Business Travel,Business,3516,4,4,4,4,3,1,5,4,4,4,4,3,4,3.69,0,0,TRUE
Male,Disloyal Customer,44,Business Travel,Eco,627,1,0,1,3,2,1,2,2,3,1,3,4,2,1.92,6,0,FALSE
Female,Loyal Customer,34,Personal Travel,Eco,282,3,3,3,4,5,3,5,5,1,5,2,5,5,3.77,4,0,FALSE
Male,Loyal Customer,46,Personal Travel,Eco,867,3,4,3,2,1,3,1,1,4,4,5,5,1,2.85,42,30,FALSE
Male,Loyal Customer,17,Personal Travel,Eco,1184,2,4,2,1,3,2,3,3,5,3,5,4,3,3.08,0,0,FALSE
Female,Loyal Customer,55,Business Travel,Business,226,2,2,2,2,2,4,5,5,5,5,5,3,5,3.62,1,15,TRUE
Female,Loyal Customer,67,Personal Travel,Eco,1919,1,5,0,2,4,5,5,1,1,0,1,5,3,2.54,0,0,FALSE
Male,Loyal Customer,51,Personal Travel,Business,1814,2,3,2,4,2,3,4,3,3,2,3,2,4,2.85,0,0,FALSE
Female,Loyal Customer,58,Personal Travel,Eco Plus,4243,3,2,3,4,3,1,5,3,1,3,3,5,5,3.15,60,54,FALSE
Female,Loyal Customer,41,Business Travel,Business,2797,4,4,4,4,5,4,5,4,4,4,4,5,4,4.23,0,0,TRUE
Female,Disloyal Customer,21,Business Travel,Business,733,1,1,2,4,2,2,2,2,3,4,3,3,2,2.38,0,0,FALSE
Female,Loyal Customer,60,Business Travel,Business,564,1,1,4,1,3,5,5,4,4,5,4,4,5,3.54,0,0,TRUE
Female,Loyal Customer,63,Personal Travel,Eco,872,3,2,3,4,1,4,4,3,3,3,3,3,4,3.08,7,0,FALSE
Female,Loyal Customer,39,Personal Travel,Eco,2475,3,1,3,2,3,1,1,1,2,2,3,1,1,1.85,376,382,FALSE
Male,Loyal Customer,64,Business Travel,Business,3888,3,4,4,4,3,4,3,3,3,3,3,4,4,3.46,0,0,FALSE
Male,Loyal Customer,51,Business Travel,Business,3948,3,3,3,3,5,4,4,5,5,5,5,5,5,4.23,12,1,TRUE
Female,Loyal Customer,11,Personal Travel,Eco,946,1,3,1,2,1,1,1,1,3,4,4,5,1,2.15,0,0,FALSE
Female,Loyal Customer,16,Personal Travel,Eco,300,2,1,2,3,4,2,1,4,4,3,4,3,4,2.85,34,40,FALSE
Male,Loyal Customer,9,Personal Travel,Eco,666,2,2,2,2,4,2,4,4,4,4,2,3,4,3,39,27,FALSE
Male,Loyal Customer,47,Business Travel,Business,853,1,3,3,3,2,4,4,1,1,1,1,2,1,2.08,0,0,FALSE
Female,Loyal Customer,34,Business Travel,Eco,135,3,3,5,3,3,3,3,3,3,3,2,4,3,3.15,20,16,FALSE
Male,Loyal Customer,59,Business Travel,Eco,1119,4,3,3,3,4,4,4,4,5,3,1,2,4,3.38,0,9,TRUE
Female,Loyal Customer,39,Business Travel,Business,3409,0,4,0,4,4,5,5,1,1,1,1,4,3,2.54,0,0,TRUE
Male,Loyal Customer,33,Personal Travel,Eco,913,3,3,3,4,5,3,5,5,2,4,4,3,5,3.77,0,0,FALSE
Male,Loyal Customer,47,Business Travel,Business,473,2,2,2,2,3,5,3,4,4,4,4,5,1,3.15,0,0,TRUE
Male,Loyal Customer,27,Personal Travel,Eco,501,5,2,5,1,1,5,1,1,2,4,1,1,1,2.31,0,0,TRUE
Male,Loyal Customer,41,Business Travel,Business,3832,1,1,1,1,5,4,5,4,4,5,4,4,5,3.38,0,0,TRUE
Female,Loyal Customer,52,Personal Travel,Eco,448,2,5,2,2,2,1,1,3,5,5,5,1,1,2.69,176,180,FALSE
Male,Loyal Customer,58,Personal Travel,Business,1199,4,2,4,4,1,4,3,4,4,4,3,1,1,3,3,0,TRUE
Male,Loyal Customer,13,Personal Travel,Eco Plus,224,2,4,2,5,2,2,3,2,4,3,5,5,2,3.15,0,0,FALSE
Female,Loyal Customer,37,Personal Travel,Business,508,4,5,4,3,4,5,4,4,4,4,4,3,4,4,0,0,FALSE
Male,Loyal Customer,42,Business Travel,Business,1814,2,1,1,1,1,2,2,2,2,2,2,4,2,1.85,0,0,FALSE
Female,Loyal Customer,75,Business Travel,Business,2706,1,4,4,4,5,3,2,1,1,1,1,4,2,2.54,76,81,FALSE
Male,Loyal Customer,24,Personal Travel,Eco,580,4,3,4,4,2,4,2,2,4,3,3,5,2,3.23,11,7,TRUE
Male,Loyal Customer,64,Business Travel,Business,1701,2,1,1,1,2,4,4,2,2,2,2,4,3,2.31,0,0,FALSE
Female,Loyal Customer,28,Business Travel,Eco Plus,1096,4,5,5,5,4,4,4,4,1,2,4,2,4,3.69,36,3,FALSE
Male,Loyal Customer,9,Personal Travel,Eco,545,2,4,2,3,2,1,1,1,1,3,3,1,1,1.92,113,153,FALSE
Male,Loyal Customer,46,Business Travel,Business,813,2,2,2,2,3,5,5,3,3,3,3,4,4,3.15,0,0,TRUE
Female,Loyal Customer,45,Business Travel,Eco,919,4,4,4,4,4,2,3,3,3,4,3,4,4,3.54,10,0,TRUE
Male,Loyal Customer,39,Business Travel,Business,3570,0,0,0,4,4,4,4,2,2,2,5,5,5,2.85,0,19,TRUE
Male,Loyal Customer,33,Personal Travel,Eco,570,1,1,1,3,3,1,3,3,3,3,3,3,3,2.38,6,0,FALSE
Female,Loyal Customer,40,Business Travel,Eco,1008,3,2,2,2,3,3,3,3,3,1,4,1,3,2.54,0,0,TRUE
Male,Loyal Customer,28,Personal Travel,Eco Plus,604,3,4,3,3,1,3,1,1,2,5,4,2,1,2.54,0,0,FALSE
Female,Loyal Customer,56,Business Travel,Business,3662,2,2,2,2,2,4,4,4,4,4,4,5,5,3.38,0,0,TRUE
Female,Disloyal Customer,34,Business Travel,Eco Plus,1024,2,2,2,3,4,2,4,4,4,5,4,3,4,3.31,0,0,FALSE
Male,Loyal Customer,57,Business Travel,Business,1810,4,4,4,4,4,4,5,5,5,5,5,4,5,4.46,0,0,TRUE
Male,Loyal Customer,43,Business Travel,Business,3817,4,4,4,4,4,5,4,4,4,4,4,3,4,4,0,0,TRUE
Female,Loyal Customer,55,Business Travel,Business,980,4,4,4,4,4,5,4,3,3,4,3,3,3,3.69,0,4,TRUE
Male,Loyal Customer,25,Personal Travel,Eco,591,1,5,1,3,2,1,2,2,4,5,5,3,2,2.77,0,0,FALSE
Male,Loyal Customer,45,Personal Travel,Eco Plus,542,4,5,4,1,1,4,1,1,5,5,5,5,1,3.23,0,0,FALSE
Female,Loyal Customer,44,Business Travel,Eco,391,4,1,1,1,4,5,2,4,4,4,4,4,2,3.08,0,0,TRUE
Male,Loyal Customer,41,Business Travel,Business,1073,4,4,4,4,5,5,5,2,2,2,2,3,4,3.54,0,0,TRUE
Female,Loyal Customer,52,Business Travel,Business,1325,2,2,2,2,2,5,5,2,2,2,2,5,4,2.85,0,0,TRUE
Male,Loyal Customer,67,Personal Travel,Eco,2239,2,3,3,3,3,3,5,3,4,4,2,1,3,3,0,13,FALSE
Female,Loyal Customer,21,Personal Travel,Eco,604,4,1,4,4,2,4,2,2,2,1,4,1,2,2.54,0,0,FALSE
Female,Loyal Customer,55,Personal Travel,Eco,309,2,1,2,3,4,4,3,3,3,2,3,1,3,2.62,2,0,FALSE
Female,Loyal Customer,42,Personal Travel,Eco,139,1,0,1,1,5,4,5,3,3,1,3,4,4,2.69,3,0,FALSE
Female,Loyal Customer,46,Business Travel,Business,2372,4,4,4,4,2,5,4,3,3,3,3,4,4,3.62,0,0,TRUE
Male,Loyal Customer,57,Personal Travel,Eco,483,5,2,3,3,3,3,2,3,4,2,2,1,3,2.77,0,0,TRUE
Female,Loyal Customer,29,Business Travel,Business,773,2,2,2,2,2,2,2,2,3,2,4,3,2,2.31,0,12,FALSE
Female,Loyal Customer,42,Business Travel,Business,1607,3,3,2,3,3,2,3,3,3,3,3,1,3,2.69,0,0,FALSE
Male,Loyal Customer,38,Personal Travel,Eco,164,2,4,2,4,5,2,5,5,4,3,4,4,5,3.77,10,5,FALSE
Male,Disloyal Customer,23,Business Travel,Business,266,3,2,3,3,4,3,2,4,4,4,3,2,4,3.15,0,0,FALSE
Female,Disloyal Customer,25,Business Travel,Eco,2504,1,1,1,4,4,1,1,4,3,2,2,3,4,2.38,72,61,FALSE
Female,Loyal Customer,33,Personal Travel,Business,907,2,4,2,2,5,4,5,1,1,2,1,4,4,2.85,0,2,FALSE
Female,Loyal Customer,52,Business Travel,Business,201,3,2,5,2,3,3,3,3,3,3,3,2,3,2.92,0,0,FALSE
Male,Loyal Customer,59,Business Travel,Business,3390,4,4,4,4,2,5,4,5,5,5,5,4,5,4.31,0,0,TRUE
Female,Loyal Customer,13,Personal Travel,Eco,483,3,3,3,4,1,3,1,1,3,5,4,5,1,2.85,0,0,FALSE
Male,Loyal Customer,28,Business Travel,Business,2717,4,4,4,4,5,5,5,5,4,1,3,5,5,4.15,0,0,TRUE
Male,Loyal Customer,38,Business Travel,Eco,362,4,5,5,5,4,3,4,4,3,3,4,3,4,3.92,0,0,FALSE
Male,Loyal Customer,39,Business Travel,Eco,102,5,3,3,3,5,5,5,5,2,2,1,4,5,3.69,0,2,TRUE
Male,Loyal Customer,49,Business Travel,Eco,1533,5,2,2,2,5,5,5,5,3,4,5,5,5,4.08,0,0,TRUE
Male,Loyal Customer,36,Business Travel,Business,115,4,2,2,2,5,4,3,3,3,3,4,3,4,3.23,93,87,FALSE
Female,Loyal Customer,19,Business Travel,Business,3870,5,5,5,5,4,4,4,4,3,4,4,4,4,4.23,161,142,TRUE
Male,Loyal Customer,39,Personal Travel,Eco,147,1,1,1,3,1,1,2,1,4,5,3,3,1,2.08,0,6,FALSE
Female,Loyal Customer,35,Business Travel,Business,321,2,2,2,2,2,4,5,5,5,5,5,5,3,3.62,42,46,TRUE
Female,Loyal Customer,9,Personal Travel,Eco,1046,4,4,4,3,2,4,2,2,3,4,5,3,2,3.23,1,0,FALSE
Male,Loyal Customer,75,Business Travel,Eco,371,3,2,2,2,3,3,3,3,4,3,4,4,3,3,8,3,FALSE
Female,Disloyal Customer,38,Business Travel,Eco,696,1,1,1,4,2,1,2,2,3,1,4,3,2,2.08,15,25,FALSE
Female,Loyal Customer,39,Business Travel,Business,2018,1,3,3,3,5,2,2,2,2,2,1,3,1,2.31,27,17,FALSE
Male,Disloyal Customer,26,Business Travel,Business,102,0,0,0,1,4,0,4,4,3,3,5,5,4,2.54,0,0,TRUE
Male,Disloyal Customer,22,Business Travel,Eco,236,1,1,1,3,4,1,4,4,2,5,2,4,4,2.77,18,4,FALSE
Male,Loyal Customer,25,Personal Travel,Eco,764,3,4,3,4,4,3,4,4,4,2,5,4,4,3.69,17,23,FALSE
Female,Loyal Customer,8,Business Travel,Business,788,3,3,3,3,4,4,4,4,3,3,5,5,4,3.69,0,2,TRUE
Male,Loyal Customer,41,Business Travel,Eco,304,4,2,2,2,4,4,4,4,5,4,4,5,4,3.69,0,0,TRUE
Female,Loyal Customer,46,Business Travel,Business,1523,2,2,2,2,3,5,4,5,5,5,5,3,3,3.54,4,19,TRUE
Female,Loyal Customer,41,Business Travel,Business,438,2,4,2,2,2,2,2,4,4,4,4,3,1,2.77,38,52,TRUE
Male,Disloyal Customer,10,Business Travel,Eco,594,3,0,3,3,1,3,1,1,1,3,4,4,1,2.15,0,0,FALSE
Female,Loyal Customer,14,Personal Travel,Eco,247,2,4,2,4,1,2,1,1,3,3,5,5,1,2.62,58,57,FALSE
Male,Disloyal Customer,20,Business Travel,Eco,134,5,1,5,3,1,5,1,1,4,3,2,2,1,2.62,4,0,TRUE
Male,Loyal Customer,51,Personal Travel,Eco,393,3,3,1,2,3,1,3,3,3,1,2,4,3,2.46,0,0,FALSE
Male,Loyal Customer,58,Business Travel,Eco,621,3,3,3,3,3,3,3,3,3,1,4,3,3,2.92,26,37,FALSE
Female,Disloyal Customer,26,Business Travel,Business,227,3,4,3,2,3,3,3,3,5,5,4,4,3,3.46,0,0,FALSE
Female,Loyal Customer,46,Business Travel,Business,2641,5,5,5,5,4,4,4,4,4,4,4,5,3,4.31,0,0,TRUE
Male,Loyal Customer,58,Business Travel,Business,3622,3,3,3,3,5,4,4,4,4,4,4,4,5,3.85,17,11,TRUE
Male,Loyal Customer,65,Personal Travel,Eco,216,3,3,3,3,3,3,3,3,3,3,3,2,3,2.92,0,0,FALSE
Male,Loyal Customer,42,Business Travel,Eco Plus,689,5,5,5,5,5,5,5,5,4,4,4,3,5,4.62,0,0,TRUE
Female,Loyal Customer,49,Business Travel,Eco,764,4,3,1,1,1,3,4,4,4,4,4,1,2,2.77,45,32,TRUE
Male,Loyal Customer,39,Business Travel,Business,2063,2,5,2,2,2,5,5,5,5,5,5,4,4,3.92,0,3,TRUE
Female,Loyal Customer,60,Business Travel,Business,3971,5,5,5,5,5,5,4,5,5,5,4,5,4,4.77,11,8,TRUE
Female,Loyal Customer,38,Business Travel,Business,2067,4,5,4,5,3,3,3,4,4,4,4,1,4,3.69,0,21,FALSE
Female,Loyal Customer,39,Business Travel,Eco,783,5,4,4,4,5,5,5,5,3,3,3,3,5,4.15,0,0,TRUE
Male,Loyal Customer,23,Personal Travel,Eco Plus,304,2,4,2,2,4,2,4,4,4,2,5,5,4,3.38,0,0,FALSE
Male,Loyal Customer,29,Personal Travel,Eco,557,1,1,1,4,1,1,1,1,4,4,3,4,1,2.08,0,2,FALSE
Female,Loyal Customer,54,Business Travel,Business,2308,2,2,2,2,2,3,4,4,4,4,4,1,4,2.92,0,0,TRUE
Male,Loyal Customer,50,Personal Travel,Business,223,3,1,3,3,5,4,4,1,1,3,1,4,2,2.69,89,77,FALSE
Female,Disloyal Customer,9,Business Travel,Eco,569,1,0,1,4,3,1,1,3,1,1,4,1,3,1.85,0,0,FALSE
Female,Disloyal Customer,29,Business Travel,Eco,163,2,0,3,3,4,3,4,4,5,1,4,2,4,3,0,0,FALSE
Female,Loyal Customer,44,Business Travel,Business,2559,0,0,0,2,3,4,5,2,2,2,2,4,4,2.31,0,0,TRUE
Female,Loyal Customer,55,Business Travel,Business,2419,5,5,5,5,1,5,5,3,3,4,3,1,4,3.77,4,1,TRUE
Male,Loyal Customer,60,Business Travel,Business,3983,2,2,2,2,5,4,5,3,3,3,3,5,4,3.31,34,20,TRUE
Male,Loyal Customer,26,Personal Travel,Eco,552,4,0,4,4,1,4,1,1,4,4,5,4,1,2.85,3,4,TRUE
Male,Loyal Customer,54,Business Travel,Business,2038,1,1,1,1,2,5,4,4,4,4,4,5,3,3,0,5,TRUE
Female,Loyal Customer,51,Business Travel,Business,3697,2,2,2,2,4,4,4,4,4,4,4,3,3,3.23,0,0,TRUE
Male,Loyal Customer,40,Business Travel,Business,337,3,3,3,3,2,5,4,4,4,4,4,4,5,3.69,0,0,TRUE
Male,Loyal Customer,47,Business Travel,Business,993,1,1,1,1,3,5,5,5,5,5,5,4,4,3.46,0,0,TRUE
Male,Loyal Customer,25,Personal Travel,Eco,305,1,5,4,2,1,4,1,1,5,4,4,3,1,2.77,0,0,FALSE
Female,Loyal Customer,39,Personal Travel,Eco,821,3,4,3,1,1,3,1,1,3,1,1,5,1,2.15,10,27,FALSE
Female,Loyal Customer,32,Personal Travel,Eco,913,2,4,2,5,1,2,1,1,3,5,4,3,1,2.62,0,0,FALSE
Female,Loyal Customer,40,Business Travel,Business,285,5,5,5,5,3,5,4,4,4,4,4,3,5,4.31,5,0,TRUE
Male,Loyal Customer,33,Personal Travel,Eco,544,3,3,3,2,3,3,1,3,2,4,3,2,3,2.69,0,0,FALSE
Female,Loyal Customer,51,Personal Travel,Eco,781,4,5,5,4,4,5,4,2,2,5,2,3,4,3.77,2,0,FALSE
Male,Loyal Customer,47,Business Travel,Eco,228,1,1,1,1,1,1,1,1,2,4,4,3,1,1.69,101,97,FALSE
Female,Loyal Customer,20,Personal Travel,Eco,1635,2,5,2,3,2,2,2,2,4,3,3,4,2,2.77,9,15,FALSE
Female,Loyal Customer,16,Business Travel,Business,600,2,2,2,2,2,2,2,2,3,2,3,1,2,2.08,34,38,FALSE
Female,Loyal Customer,63,Personal Travel,Eco,237,3,3,3,2,5,3,2,5,5,3,5,1,3,3.31,10,0,FALSE
Male,Loyal Customer,34,Personal Travel,Eco,563,3,5,3,3,2,3,4,2,5,3,5,4,2,3.38,23,8,FALSE
Female,Loyal Customer,59,Business Travel,Business,2047,3,3,3,3,3,4,2,4,4,4,4,5,3,3.46,8,44,TRUE
Female,Loyal Customer,55,Business Travel,Business,883,2,4,4,4,3,3,4,2,2,2,2,1,3,2.77,0,0,FALSE
Male,Loyal Customer,55,Business Travel,Eco,1400,1,2,2,2,1,1,1,1,3,5,3,1,1,1.85,16,35,FALSE
Female,Loyal Customer,39,Personal Travel,Eco,606,3,1,3,2,2,3,2,2,3,2,2,2,2,2.23,16,21,FALSE
Male,Loyal Customer,60,Personal Travel,Eco,612,2,3,3,2,2,3,2,2,5,5,1,4,2,2.77,5,35,FALSE
Female,Loyal Customer,68,Personal Travel,Eco,143,1,5,1,2,5,4,4,2,2,1,2,3,2,2.62,0,0,FALSE
Male,Loyal Customer,33,Personal Travel,Business,985,2,3,2,4,3,2,3,3,2,2,3,2,3,2.62,0,0,FALSE
Female,Loyal Customer,36,Personal Travel,Eco,106,2,5,2,2,5,2,5,5,3,2,4,3,5,3.46,0,5,FALSE
Female,Disloyal Customer,25,Business Travel,Business,423,5,0,4,2,3,4,3,3,3,4,4,5,3,3.31,35,24,TRUE
Female,Disloyal Customer,24,Business Travel,Eco,174,3,1,3,4,1,3,1,1,2,4,3,2,1,2.23,8,3,FALSE
Male,Loyal Customer,57,Personal Travel,Eco,366,3,4,3,1,4,3,4,4,1,4,2,5,4,3.23,4,0,FALSE
Male,Loyal Customer,21,Personal Travel,Eco,594,5,4,5,2,5,2,2,2,5,1,3,2,2,3.08,153,179,TRUE
Male,Loyal Customer,72,Business Travel,Business,2122,3,4,4,4,5,3,4,3,3,3,3,3,1,3.31,3,5,FALSE
Female,Loyal Customer,78,Business Travel,Eco,273,2,3,3,3,2,2,2,1,4,2,2,2,2,2.31,233,233,FALSE
Female,Loyal Customer,42,Personal Travel,Eco,1023,2,4,2,4,3,3,4,2,2,2,2,2,4,2.77,7,11,FALSE
Female,Disloyal Customer,26,Business Travel,Business,214,4,0,4,3,5,4,5,5,4,5,5,3,5,4,0,0,FALSE
Male,Loyal Customer,38,Business Travel,Eco,169,5,2,2,2,5,5,5,5,4,2,4,1,5,3.62,0,0,TRUE
Female,Loyal Customer,35,Business Travel,Business,558,2,2,2,2,3,1,3,4,4,4,4,5,2,2.92,0,0,TRUE
Male,Loyal Customer,22,Business Travel,Business,3203,3,3,3,3,5,5,5,5,1,4,2,1,5,3.46,0,0,TRUE
Female,Loyal Customer,57,Business Travel,Business,466,3,3,3,3,3,3,2,3,3,3,3,3,5,3.08,0,4,TRUE
Male,Disloyal Customer,25,Business Travel,Business,495,2,0,2,1,5,2,3,5,4,2,4,5,5,3.08,2,1,FALSE
Female,Disloyal Customer,24,Business Travel,Eco,577,2,4,3,5,2,3,2,2,3,5,5,4,2,3.23,0,0,FALSE
Female,Loyal Customer,15,Personal Travel,Business,836,2,4,2,2,2,2,2,2,4,3,5,3,2,2.69,11,32,FALSE
Female,Loyal Customer,47,Business Travel,Business,1024,2,2,2,2,5,4,1,4,4,4,4,1,1,2.77,0,0,TRUE
Male,Loyal Customer,11,Personal Travel,Eco,782,1,5,1,3,3,1,3,3,5,3,4,3,3,2.92,0,0,FALSE
Male,Loyal Customer,37,Personal Travel,Eco,515,2,4,2,1,2,2,2,2,5,5,4,5,2,2.92,0,0,FALSE
Male,Loyal Customer,19,Personal Travel,Eco,109,4,5,4,3,2,4,2,2,5,2,2,5,2,3.23,5,10,FALSE
Female,Loyal Customer,47,Business Travel,Business,240,2,2,2,2,2,5,4,4,4,5,4,5,4,3.46,65,53,TRUE
Male,Loyal Customer,48,Personal Travel,Business,425,3,5,3,5,5,5,5,3,3,3,3,4,5,4,0,38,FALSE
Male,Disloyal Customer,19,Business Travel,Eco,78,3,4,3,3,1,3,1,1,2,2,3,4,1,2.38,28,25,FALSE
Male,Loyal Customer,28,Personal Travel,Eco,1590,4,4,4,4,1,4,1,1,2,2,4,4,1,2.77,16,23,FALSE
Female,Loyal Customer,53,Personal Travel,Eco,440,1,1,1,2,2,2,1,4,4,1,5,1,2,2.08,67,66,FALSE
Male,Loyal Customer,49,Business Travel,Business,594,4,3,4,4,3,4,4,4,4,4,4,5,4,3.92,0,0,TRUE
Female,Disloyal Customer,28,Business Travel,Business,1546,3,3,3,1,4,3,4,4,4,3,4,5,4,3.46,0,0,FALSE
Male,Loyal Customer,45,Business Travel,Business,1587,1,1,1,1,3,4,5,4,4,4,4,5,3,3.08,12,8,TRUE
Male,Loyal Customer,40,Business Travel,Business,2060,2,2,2,2,2,5,5,4,4,4,4,4,5,3.46,24,5,TRUE
Female,Disloyal Customer,20,Business Travel,Business,200,5,2,5,3,3,5,3,3,4,2,4,3,3,3.46,0,0,TRUE
Male,Loyal Customer,69,Personal Travel,Eco,786,1,4,1,1,2,1,2,2,3,3,5,4,2,2.38,3,0,FALSE
Female,Loyal Customer,58,Business Travel,Business,223,2,2,2,2,4,4,4,4,4,4,4,5,3,3.38,49,37,TRUE
Male,Loyal Customer,42,Business Travel,Business,2218,3,4,4,4,4,2,3,3,3,3,3,3,1,3.08,0,5,FALSE
Male,Loyal Customer,41,Business Travel,Business,1827,4,4,4,4,3,5,4,5,5,5,5,3,4,4.23,0,0,TRUE
Male,Loyal Customer,54,Business Travel,Business,903,4,4,4,4,4,4,4,4,4,4,4,5,3,4,0,0,TRUE
Female,Loyal Customer,22,Personal Travel,Eco Plus,1179,1,5,1,3,2,1,2,2,5,2,3,3,2,2.46,0,0,FALSE
Female,Loyal Customer,14,Personal Travel,Eco,125,4,2,4,2,1,4,1,1,1,2,2,3,1,2.15,50,55,FALSE
Female,Disloyal Customer,22,Business Travel,Eco,1457,1,1,1,4,3,1,3,3,4,2,5,5,3,2.77,4,1,FALSE
Male,Loyal Customer,40,Business Travel,Business,3234,4,4,4,4,4,4,4,5,5,4,5,5,4,4.31,2,0,TRUE
Female,Loyal Customer,46,Personal Travel,Eco,728,1,5,1,3,1,1,1,4,4,1,4,5,5,2.77,0,0,FALSE
Female,Loyal Customer,28,Business Travel,Business,480,3,4,4,4,3,3,3,3,3,5,3,4,3,3.46,3,0,FALSE
Female,Loyal Customer,38,Personal Travel,Eco,1325,3,4,2,3,4,2,4,4,5,5,4,5,4,3.77,0,0,FALSE
Male,Loyal Customer,38,Business Travel,Business,3364,1,1,1,1,2,4,4,3,3,3,3,4,4,2.62,7,21,TRUE
Female,Loyal Customer,47,Business Travel,Business,1504,4,4,4,4,5,5,4,4,4,4,4,4,5,4.23,0,0,TRUE
Female,Loyal Customer,24,Business Travel,Eco,1598,5,2,1,1,5,5,5,5,3,4,4,4,5,3.77,0,6,TRUE
Male,Disloyal Customer,66,Personal Travel,Eco,423,3,0,3,2,4,3,5,4,3,5,5,5,4,3.54,13,9,FALSE
Male,Loyal Customer,18,Personal Travel,Eco,1464,1,1,1,3,5,1,4,5,3,3,4,4,5,3.08,122,105,FALSE
Male,Disloyal Customer,46,Business Travel,Eco,1164,1,1,1,3,3,1,3,3,1,1,2,2,3,1.92,0,0,FALSE
Male,Loyal Customer,43,Personal Travel,Eco,163,4,5,0,5,1,0,3,1,4,3,3,2,1,2.46,0,4,FALSE
Female,Loyal Customer,12,Personal Travel,Business,141,1,4,1,4,4,1,3,4,3,5,4,1,4,3,0,0,FALSE
Female,Loyal Customer,47,Business Travel,Business,409,1,1,1,1,4,4,5,5,5,5,5,5,3,3.46,40,50,TRUE
Female,Loyal Customer,39,Business Travel,Business,3512,2,2,2,2,4,4,4,5,5,5,5,5,3,3.69,9,0,TRUE
Female,Disloyal Customer,50,Business Travel,Eco,77,1,4,1,5,4,1,4,4,4,2,4,3,4,3.15,0,0,FALSE
Male,Loyal Customer,52,Personal Travel,Eco,309,3,2,3,2,3,2,2,4,3,1,1,2,2,2.31,123,134,FALSE
Female,Disloyal Customer,22,Business Travel,Eco,126,1,4,1,2,5,1,5,5,4,2,3,1,5,3,44,38,FALSE
Female,Loyal Customer,39,Business Travel,Business,580,5,5,5,5,3,3,3,4,3,4,5,3,3,3.92,144,123,TRUE
Female,Disloyal Customer,44,Business Travel,Eco,328,1,2,1,4,4,1,3,4,4,3,3,3,4,2.85,0,6,FALSE
Female,Disloyal Customer,27,Business Travel,Business,332,5,5,5,3,5,5,5,5,5,4,4,3,5,4.54,0,0,TRUE
Male,Loyal Customer,36,Personal Travel,Eco,300,2,3,2,3,3,2,3,3,1,3,4,3,3,2.69,55,59,FALSE
Male,Loyal Customer,11,Business Travel,Business,1947,5,5,5,5,5,5,5,5,4,3,5,4,5,4.69,4,16,TRUE
Male,Loyal Customer,66,Business Travel,Business,468,4,4,4,4,4,4,5,4,4,5,4,4,4,4.15,0,0,TRUE
Male,Loyal Customer,18,Business Travel,Business,1605,3,3,3,3,5,5,5,5,3,2,4,1,5,3.62,8,0,TRUE
Female,Loyal Customer,35,Business Travel,Eco,373,2,1,1,1,2,2,2,2,1,5,5,3,2,2.23,0,0,TRUE
Male,Disloyal Customer,38,Business Travel,Business,335,2,2,2,2,1,2,1,1,3,3,4,4,1,2.15,0,0,FALSE
Male,Disloyal Customer,26,Business Travel,Business,1218,4,4,4,1,1,4,1,1,5,3,3,4,1,2.77,3,10,TRUE
Male,Loyal Customer,35,Business Travel,Business,1205,4,4,4,4,3,5,4,4,4,4,4,4,3,3.92,0,0,TRUE
Female,Loyal Customer,55,Business Travel,Business,102,4,4,4,4,5,3,3,5,5,5,4,3,3,4,7,7,TRUE
Male,Loyal Customer,32,Personal Travel,Eco,842,2,5,2,3,1,2,1,1,4,4,5,4,1,2.69,2,0,FALSE
Male,Loyal Customer,15,Personal Travel,Eco,993,1,4,1,3,4,1,4,4,4,2,4,4,4,3.08,0,0,FALSE
Male,Loyal Customer,25,Business Travel,Business,1846,2,2,2,2,3,3,3,3,3,4,3,3,3,2.77,0,0,TRUE
Female,Disloyal Customer,27,Business Travel,Business,377,4,4,4,5,4,4,4,4,4,4,5,4,4,4.15,0,0,TRUE
Male,Loyal Customer,39,Personal Travel,Eco,188,2,3,2,3,3,2,3,3,3,3,3,3,3,2.77,0,0,FALSE
Female,Loyal Customer,63,Business Travel,Business,3104,3,2,3,3,5,4,5,4,4,4,4,4,3,3.69,0,,TRUE
Male,Loyal Customer,61,Personal Travel,Eco,1134,3,2,3,4,1,3,1,1,1,4,2,3,1,2.23,0,0,FALSE
Male,Loyal Customer,48,Business Travel,Business,691,4,4,4,4,5,4,4,4,4,4,4,3,3,3.92,78,76,TRUE
Male,Loyal Customer,9,Personal Travel,Eco,447,3,4,3,1,5,3,5,5,3,5,5,4,5,3.92,27,33,FALSE
Female,Disloyal Customer,24,Business Travel,Eco,829,2,2,2,3,4,2,5,4,2,2,3,2,4,2.85,12,12,FALSE
Female,Loyal Customer,36,Business Travel,Business,2402,4,4,4,4,5,4,5,4,4,4,4,4,5,4.23,0,0,TRUE
Female,Disloyal Customer,21,Business Travel,Business,577,2,1,2,4,5,2,5,5,4,5,4,4,5,3.69,94,106,FALSE
Female,Disloyal Customer,40,Business Travel,Business,236,4,4,4,4,3,4,3,3,5,2,1,4,3,3.38,0,0,TRUE
Male,Loyal Customer,20,Personal Travel,Eco,173,3,4,0,1,5,0,5,5,2,4,2,2,5,2.92,0,0,FALSE
Female,Loyal Customer,19,Personal Travel,Eco,1027,4,5,4,3,1,4,1,1,2,1,1,2,1,2.31,69,61,FALSE
Male,Loyal Customer,13,Personal Travel,Eco,1183,3,4,3,1,3,3,1,3,5,5,5,4,3,3.31,0,4,FALSE
Male,Disloyal Customer,25,Business Travel,Business,502,4,5,4,1,4,4,4,4,4,3,5,4,4,3.85,7,9,FALSE
Female,Loyal Customer,17,Personal Travel,Eco,951,2,3,2,3,4,2,4,4,2,3,3,4,4,3.08,29,15,FALSE
Female,Loyal Customer,32,Business Travel,Business,2339,1,1,5,1,4,5,4,4,5,5,4,5,4,3.69,12,1,TRUE
Male,Disloyal Customer,45,Business Travel,Business,570,3,3,3,1,5,3,5,5,3,2,5,4,5,3.62,0,0,FALSE
Male,Loyal Customer,40,Business Travel,Business,2687,5,5,4,5,5,5,5,3,3,4,5,5,5,4.54,145,141,TRUE
Female,Loyal Customer,11,Personal Travel,Eco Plus,1448,3,2,3,4,3,3,2,3,3,5,4,4,3,3.23,13,14,FALSE
Male,Loyal Customer,31,Business Travel,Business,1488,2,2,2,2,5,5,5,5,5,3,4,3,5,3.69,7,0,TRUE
Female,Loyal Customer,63,Personal Travel,Eco,834,3,4,3,3,3,4,4,1,1,3,1,4,3,2.85,0,0,FALSE
Female,Disloyal Customer,39,Business Travel,Business,447,3,3,3,3,3,3,3,3,1,2,3,4,3,2.85,0,0,FALSE
Male,Disloyal Customer,30,Business Travel,Business,2295,4,5,5,1,5,5,5,5,2,4,4,5,5,4.23,7,0,FALSE
Male,Loyal Customer,65,Business Travel,Business,337,3,1,1,1,4,3,3,3,3,3,3,1,3,2.46,0,0,FALSE
Male,Loyal Customer,59,Personal Travel,Eco,1814,2,4,2,3,3,2,3,3,5,2,4,4,3,3.08,31,31,FALSE
Female,Loyal Customer,34,Business Travel,Business,1947,1,1,1,1,5,4,4,4,4,4,4,4,5,3.23,40,47,TRUE
Female,Disloyal Customer,33,Business Travel,Eco,546,2,1,2,1,3,2,3,3,2,1,1,4,3,2.15,14,0,FALSE
Male,Loyal Customer,23,Business Travel,Business,1848,3,3,3,3,4,4,4,4,5,5,4,1,4,3.62,0,3,TRUE
Male,Loyal Customer,17,Business Travel,Business,2088,4,1,1,1,3,3,4,3,4,3,4,4,3,2.92,0,0,FALSE
Female,Loyal Customer,27,Business Travel,Business,2400,2,2,2,2,2,2,2,2,4,5,3,3,2,2.54,64,48,FALSE
Male,Loyal Customer,48,Business Travel,Business,3325,2,2,2,2,1,4,4,2,2,2,2,1,2,2.15,0,16,FALSE
Male,Disloyal Customer,28,Business Travel,Business,1437,5,5,5,2,4,5,4,4,3,3,5,3,4,4,0,0,TRUE
Female,Loyal Customer,9,Personal Travel,Eco,528,3,3,3,4,3,1,1,4,4,4,3,1,1,2.69,196,191,FALSE
Male,Loyal Customer,42,Business Travel,Business,3755,1,4,3,4,4,2,2,1,1,1,1,4,1,2.23,32,23,FALSE
Male,Loyal Customer,48,Personal Travel,Eco,496,2,4,2,2,3,2,3,3,2,3,3,3,3,2.69,0,0,FALSE
Male,Loyal Customer,50,Business Travel,Business,283,1,1,3,1,4,5,5,5,5,5,5,3,4,3.62,0,2,TRUE
Male,Loyal Customer,46,Business Travel,Eco,528,1,4,4,4,1,1,1,1,4,2,3,1,1,2.15,8,68,FALSE
Male,Loyal Customer,15,Personal Travel,Eco,563,3,4,3,1,4,3,4,4,4,3,5,5,4,3.62,49,36,FALSE
Female,Loyal Customer,51,Business Travel,Business,2704,4,4,4,4,4,4,4,2,3,3,2,4,4,3.54,0,17,FALSE
Male,Loyal Customer,59,Business Travel,Business,715,3,3,4,3,2,4,4,4,4,4,4,4,4,3.62,20,0,TRUE
Female,Disloyal Customer,26,Business Travel,Eco Plus,1721,3,2,3,3,5,3,5,5,2,2,3,2,5,3.31,13,9,FALSE
Male,Disloyal Customer,11,Business Travel,Eco,992,2,3,3,3,2,3,3,2,5,3,5,5,2,3.15,0,0,FALSE
Female,Loyal Customer,12,Business Travel,Business,3882,2,1,1,1,2,3,2,2,4,1,4,4,2,2.23,0,0,FALSE
Male,Loyal Customer,56,Business Travel,Business,2519,5,5,5,5,2,5,4,4,4,4,4,3,5,4.23,0,0,TRUE
Female,Loyal Customer,45,Business Travel,Business,325,1,1,1,1,3,5,4,5,5,5,5,3,5,3.38,0,0,TRUE
Female,Loyal Customer,43,Business Travel,Business,2225,1,1,1,1,2,4,5,4,4,4,4,3,5,3,0,0,TRUE
Female,Disloyal Customer,25,Business Travel,Business,447,3,4,3,1,3,1,1,4,5,4,5,1,1,2.77,209,203,FALSE
Male,Loyal Customer,31,Business Travel,Business,2402,1,1,1,1,1,1,1,1,2,2,3,4,1,1.54,0,14,FALSE
Female,Loyal Customer,25,Business Travel,Business,1892,5,5,5,5,5,5,5,5,4,3,2,5,5,4.54,8,13,TRUE
Male,Disloyal Customer,42,Business Travel,Business,419,2,2,2,5,4,2,4,4,3,5,5,3,4,3.46,0,0,FALSE
Female,Loyal Customer,15,Personal Travel,Eco,1042,3,4,3,4,1,3,1,1,5,2,5,5,1,2.92,85,73,FALSE
Female,Loyal Customer,27,Business Travel,Business,3396,3,2,4,4,3,3,3,3,3,1,3,1,3,2.77,23,20,FALSE
Female,Loyal Customer,27,Personal Travel,Eco,551,2,2,2,3,4,2,4,4,1,3,4,4,4,3,1,4,FALSE
Male,Loyal Customer,54,Business Travel,Business,3790,4,4,4,4,2,5,5,4,4,4,4,3,5,4,0,0,TRUE
Male,Disloyal Customer,30,Business Travel,Business,2475,3,3,3,3,4,3,4,4,4,1,3,1,4,3.08,0,16,FALSE
Female,Loyal Customer,54,Business Travel,Business,2714,1,1,1,1,1,5,2,5,5,5,5,1,1,2.62,0,0,TRUE
Male,Loyal Customer,46,Business Travel,Business,2261,4,4,4,4,4,4,5,5,5,5,5,4,4,4.38,14,0,TRUE
Female,Disloyal Customer,22,Business Travel,Eco,227,3,2,3,3,5,3,5,5,3,1,3,1,5,3.23,13,9,FALSE
Male,Loyal Customer,59,Business Travel,Business,1642,1,1,1,1,3,3,4,1,1,1,1,3,4,1.92,8,0,FALSE
Male,Loyal Customer,35,Business Travel,Business,1892,1,1,1,1,4,5,5,4,4,4,4,4,3,3.15,3,0,TRUE
Female,Loyal Customer,47,Business Travel,Eco,86,4,1,1,1,4,5,3,4,4,4,4,5,5,3.46,93,119,TRUE
Male,Loyal Customer,21,Personal Travel,Business,1464,3,4,3,1,1,3,1,1,5,3,3,4,1,2.54,18,20,FALSE
Male,Loyal Customer,15,Personal Travel,Eco,453,2,4,2,3,3,2,3,3,3,3,5,4,3,3.08,0,0,FALSE
Female,Loyal Customer,70,Personal Travel,Eco,689,2,2,2,4,2,3,4,1,1,2,1,2,2,2.15,20,15,FALSE
Female,Loyal Customer,41,Business Travel,Business,3997,1,1,1,1,4,4,5,4,4,4,5,5,4,3.31,1,0,TRUE
Male,Loyal Customer,28,Personal Travel,Eco,1005,2,5,2,2,4,2,4,4,3,5,1,5,4,3.31,8,16,FALSE
Male,Loyal Customer,58,Business Travel,Eco,964,5,1,2,2,5,5,5,5,3,3,1,2,5,3.38,0,0,TRUE
Female,Loyal Customer,28,Business Travel,Business,577,2,4,4,4,2,2,2,2,1,4,3,3,2,2.69,6,14,FALSE
Male,Loyal Customer,37,Business Travel,Eco,1024,3,2,2,2,3,3,3,3,3,5,3,4,3,3,0,0,FALSE
Female,Loyal Customer,47,Business Travel,Business,3666,5,3,5,5,5,4,4,5,5,4,5,3,5,4.46,8,4,TRUE
Male,Loyal Customer,33,Business Travel,Business,3145,5,5,5,5,4,4,4,4,3,3,5,4,4,4.23,16,0,TRUE
Male,Loyal Customer,53,Personal Travel,Eco,1598,2,4,3,1,1,3,1,1,5,4,5,3,1,2.62,1,0,FALSE
Female,Loyal Customer,41,Business Travel,Business,1750,3,3,2,3,4,4,4,3,4,3,5,4,4,3.54,145,124,TRUE
Female,Loyal Customer,39,Business Travel,Business,1514,1,1,4,1,2,4,5,5,5,5,5,3,4,3.46,0,0,TRUE
Male,Loyal Customer,47,Personal Travel,Eco,604,1,4,1,5,1,1,1,1,3,5,5,5,1,2.62,98,99,FALSE
Female,Loyal Customer,43,Business Travel,Eco,179,2,4,4,4,2,1,2,2,2,2,2,2,4,2.54,0,0,FALSE
Male,Disloyal Customer,59,Business Travel,Eco,1016,2,2,2,3,4,2,2,4,4,5,3,3,4,3.08,0,0,FALSE
Male,Disloyal Customer,33,Business Travel,Eco,1585,2,2,2,3,1,2,5,1,4,4,3,3,1,2.54,26,30,FALSE
Male,Loyal Customer,50,Business Travel,Business,2080,4,4,4,4,4,4,4,3,3,4,3,5,3,3.77,0,0,TRUE
Female,Loyal Customer,63,Personal Travel,Eco,201,3,2,3,4,4,4,4,5,5,3,5,2,2,3.54,0,3,FALSE
Female,Disloyal Customer,34,Business Travel,Business,409,2,2,2,2,2,2,1,2,4,2,5,5,2,2.54,0,4,FALSE
Male,Loyal Customer,39,Business Travel,Business,740,4,4,4,4,3,3,3,4,4,4,4,4,2,3.62,7,46,FALSE
Female,Disloyal Customer,31,Business Travel,Eco,1158,1,2,2,4,4,2,4,4,1,2,4,4,4,2.92,20,9,FALSE
Male,Loyal Customer,41,Personal Travel,Eco Plus,2586,3,3,3,4,4,3,4,4,3,4,4,1,4,3.38,0,0,FALSE
Male,Loyal Customer,43,Business Travel,Business,2357,4,4,4,4,3,4,4,5,5,5,5,3,4,4.15,0,4,TRUE
Male,Loyal Customer,32,Business Travel,Business,2246,3,3,3,3,4,4,4,4,3,3,5,3,4,3.54,6,7,TRUE
Female,Disloyal Customer,48,Business Travel,Business,189,3,3,3,4,4,3,4,4,3,3,5,3,4,3.54,2,0,FALSE
Male,Loyal Customer,17,Business Travel,Business,1566,2,2,2,2,5,5,5,5,5,5,4,3,5,3.85,15,7,TRUE
Female,Loyal Customer,70,Business Travel,Business,1630,4,4,4,4,5,4,5,5,5,5,4,4,5,4.46,8,0,TRUE
Male,Loyal Customer,42,Business Travel,Business,1431,3,3,3,3,3,4,4,2,2,2,2,3,4,2.92,2,0,TRUE
Male,Loyal Customer,21,Business Travel,Eco Plus,534,0,4,1,1,2,1,2,2,2,1,2,3,2,1.77,9,2,TRUE
Male,Loyal Customer,37,Business Travel,Business,1901,5,3,3,3,2,2,2,1,1,1,5,1,1,2.31,0,0,FALSE
Male,Loyal Customer,46,Business Travel,Business,2335,3,3,3,3,2,5,4,5,5,5,5,4,4,3.92,121,83,TRUE
Male,Loyal Customer,43,Business Travel,Business,1105,3,2,3,3,5,5,4,5,5,5,5,3,3,3.92,25,2,TRUE
Female,Loyal Customer,42,Personal Travel,Eco,472,2,4,2,2,2,3,4,2,2,2,2,3,4,2.62,32,16,FALSE
Male,Loyal Customer,36,Business Travel,Business,1989,1,1,1,1,5,5,4,4,4,4,4,3,4,3.15,110,103,TRUE
Male,Loyal Customer,60,Business Travel,Business,1529,1,1,1,1,2,5,4,4,4,4,4,4,4,3,0,0,TRUE
Female,Loyal Customer,52,Business Travel,Business,3356,4,4,4,4,2,5,4,4,4,4,4,3,5,3.92,0,0,TRUE
Male,Disloyal Customer,34,Business Travel,Eco,867,2,2,2,1,5,2,3,5,2,1,5,5,5,3.08,4,0,FALSE
Male,Disloyal Customer,24,Business Travel,Eco,680,4,4,4,5,2,4,2,2,1,2,4,2,2,2.92,85,91,FALSE
Male,Disloyal Customer,26,Business Travel,Business,1182,3,3,3,1,3,4,4,3,3,5,5,4,4,3.46,205,193,FALSE
Male,Loyal Customer,33,Business Travel,Business,2415,2,1,1,1,1,1,2,1,2,3,3,2,1,1.62,0,0,FALSE
Female,Disloyal Customer,36,Business Travel,Business,296,3,3,3,3,3,3,3,3,4,5,5,3,3,3.38,33,25,FALSE
Male,Loyal Customer,49,Business Travel,Business,2445,5,5,5,5,3,5,4,4,4,4,4,3,5,4.31,0,0,TRUE
Male,Loyal Customer,23,Business Travel,Eco Plus,1303,5,1,1,1,5,4,4,5,3,2,2,1,5,3,0,0,TRUE
Male,Loyal Customer,53,Personal Travel,Eco,907,2,4,2,1,1,2,1,1,3,3,4,5,1,2.31,24,20,FALSE
Male,Loyal Customer,17,Business Travel,Business,1448,4,2,4,4,5,5,5,5,5,4,4,3,5,4.23,0,23,TRUE
Male,Loyal Customer,34,Business Travel,Business,3402,1,1,1,1,5,4,4,3,3,4,3,5,4,3,0,0,TRUE
Male,Loyal Customer,49,Personal Travel,Eco,971,3,4,4,3,1,4,1,1,3,5,4,3,1,2.85,31,16,FALSE
Male,Loyal Customer,39,Business Travel,Business,3209,3,4,5,4,3,4,4,3,3,3,3,1,3,3.31,13,33,FALSE
Female,Loyal Customer,13,Business Travel,Eco,599,1,3,3,3,1,1,4,1,3,3,3,4,1,2.38,1,0,FALSE
Male,Loyal Customer,49,Business Travel,Business,3249,3,5,5,5,5,4,3,3,3,3,3,4,3,3.77,31,24,FALSE
Female,Loyal Customer,21,Business Travel,Business,2736,2,4,4,4,2,2,2,2,4,1,3,1,2,2.54,0,0,FALSE
Male,Loyal Customer,53,Business Travel,Business,3826,1,1,5,1,3,5,4,5,5,5,5,3,3,3.54,18,0,TRUE
Male,Loyal Customer,47,Business Travel,Business,628,2,5,5,5,1,3,2,2,2,3,2,3,2,2.85,34,57,FALSE
Female,Loyal Customer,25,Business Travel,Business,1454,2,1,1,1,2,2,2,2,1,1,4,1,2,1.69,15,0,FALSE
Male,Loyal Customer,54,Business Travel,Business,1602,5,5,3,5,2,5,4,5,5,5,5,4,4,4.38,15,10,TRUE
Male,Loyal Customer,17,Business Travel,Eco Plus,541,3,5,5,5,3,3,3,3,2,1,3,4,3,3.31,0,19,FALSE
Male,Loyal Customer,30,Personal Travel,Eco,419,4,3,4,3,1,4,2,1,2,2,4,2,1,2.54,0,0,FALSE
Female,Loyal Customer,48,Business Travel,Business,2627,5,4,4,4,2,3,3,5,5,4,5,3,2,3.77,0,0,FALSE
Female,Loyal Customer,34,Personal Travel,Eco,304,2,4,2,2,3,2,3,3,3,5,4,3,3,3,3,0,FALSE
Female,Loyal Customer,50,Business Travel,Business,1605,3,3,3,3,5,4,4,5,5,4,5,3,5,4,0,26,TRUE
Female,Loyal Customer,9,Personal Travel,Eco,2446,4,4,4,4,3,4,3,3,1,5,2,2,3,3.23,0,0,FALSE
Female,Loyal Customer,14,Personal Travel,Eco,725,4,4,4,2,4,4,1,4,4,1,3,4,4,3.31,21,15,FALSE
Female,Loyal Customer,37,Business Travel,Business,2586,3,3,1,3,2,4,4,5,5,5,5,5,3,3.69,14,3,TRUE
Male,Loyal Customer,46,Business Travel,Business,2499,3,3,3,3,4,2,1,4,4,4,5,5,4,3.46,8,4,TRUE
Female,Loyal Customer,46,Personal Travel,Eco,786,2,5,2,5,3,5,4,1,1,2,1,4,3,2.92,0,0,FALSE
Male,Loyal Customer,56,Personal Travel,Eco,134,2,2,2,4,3,2,3,3,4,2,3,3,3,2.77,0,0,FALSE
Male,Loyal Customer,44,Business Travel,Business,602,3,3,3,3,3,5,4,4,4,4,4,4,4,3.69,38,15,TRUE
Female,Loyal Customer,65,Personal Travel,Eco,867,3,4,3,1,3,4,4,4,4,3,2,3,4,3.23,9,1,FALSE
Male,Loyal Customer,60,Business Travel,Eco,547,5,1,1,1,5,5,5,5,1,3,5,5,5,3.62,0,0,TRUE
Male,Loyal Customer,34,Business Travel,Eco,230,4,4,4,4,4,4,4,4,2,3,4,5,4,3.85,0,0,TRUE
Male,Loyal Customer,37,Business Travel,Business,285,4,4,2,4,3,5,4,5,5,5,5,4,3,4.08,44,44,TRUE
Male,Loyal Customer,42,Personal Travel,Eco,255,2,0,2,4,2,2,2,2,5,4,4,4,2,2.69,19,20,FALSE
Male,Loyal Customer,57,Personal Travel,Eco,883,3,2,3,4,3,3,3,3,2,2,4,2,3,2.85,2,10,FALSE
Female,Loyal Customer,34,Personal Travel,Eco,1045,3,4,3,4,5,3,5,5,4,2,5,4,5,4,101,86,FALSE
Male,Loyal Customer,49,Business Travel,Business,427,5,5,5,5,4,4,5,4,4,4,4,5,3,4.38,15,7,TRUE
Female,Loyal Customer,51,Personal Travel,Eco,377,3,2,3,3,2,3,3,5,5,3,1,1,1,2.69,0,8,FALSE
Male,Loyal Customer,40,Business Travel,Eco,1089,3,3,3,3,3,3,3,3,3,2,3,2,3,2.85,0,10,FALSE
Female,Loyal Customer,35,Business Travel,Business,697,2,2,2,2,4,5,5,3,3,3,3,4,3,3.15,0,0,TRUE
Female,Loyal Customer,54,Business Travel,Business,2763,1,1,4,1,3,4,5,5,5,5,5,4,5,3.69,0,0,TRUE
Male,Loyal Customer,35,Business Travel,Business,2904,3,3,3,3,2,5,4,4,4,4,4,4,4,3.62,0,0,TRUE
Male,Loyal Customer,28,Business Travel,Business,2404,2,2,2,2,2,2,2,2,3,1,4,4,2,2.31,0,0,FALSE
Male,Loyal Customer,20,Personal Travel,Eco Plus,534,2,5,2,3,4,2,3,4,5,3,4,3,4,3.38,21,18,FALSE
Female,Disloyal Customer,17,Business Travel,Eco,802,5,5,5,5,5,5,5,5,4,5,5,4,5,4.85,0,0,TRUE
Male,Loyal Customer,32,Business Travel,Eco Plus,251,5,5,5,5,5,5,5,5,4,3,3,4,5,4.54,7,11,TRUE
Female,Loyal Customer,27,Business Travel,Business,2963,3,3,3,3,5,5,5,5,5,4,1,5,5,4,38,29,TRUE
Female,Loyal Customer,69,Personal Travel,Eco,448,1,4,1,1,5,4,4,5,5,1,5,5,3,3.38,6,0,FALSE
Female,Loyal Customer,43,Business Travel,Business,593,1,1,1,1,1,1,1,5,5,5,5,4,5,2.77,0,0,TRUE
Male,Loyal Customer,47,Business Travel,Business,2158,5,5,5,5,3,5,5,4,4,5,4,4,3,4.38,0,0,TRUE
Female,Disloyal Customer,22,Business Travel,Business,522,0,1,0,5,1,1,1,1,3,3,5,4,1,2,0,0,TRUE
Male,Loyal Customer,65,Personal Travel,Eco Plus,2917,4,5,4,4,4,3,3,4,4,3,3,3,3,3.62,0,0,FALSE
Female,Disloyal Customer,22,Business Travel,Eco,537,2,4,2,4,3,2,3,3,2,1,4,3,3,2.77,33,24,FALSE
Female,Loyal Customer,49,Business Travel,Business,1052,1,4,4,4,1,3,4,1,1,1,1,2,1,2.15,19,0,FALSE
Female,Disloyal Customer,20,Business Travel,Eco,1721,3,3,3,4,3,3,2,3,3,1,2,3,3,2.77,41,35,FALSE
Male,Loyal Customer,62,Business Travel,Business,2384,2,2,2,2,2,2,2,2,2,2,2,1,1,1.85,0,0,FALSE
Female,Disloyal Customer,18,Business Travel,Eco,1008,4,4,4,3,1,4,1,1,1,2,4,1,1,2.38,0,0,FALSE
Female,Disloyal Customer,38,Business Travel,Business,746,2,1,1,4,5,1,5,5,4,2,4,3,5,3.23,25,17,FALSE
Female,Loyal Customer,10,Personal Travel,Eco,569,4,5,4,3,1,4,1,1,3,4,5,4,1,3.08,0,0,FALSE
Female,Loyal Customer,30,Business Travel,Business,3704,4,4,5,4,4,5,4,4,4,2,5,5,4,4.15,0,0,TRUE
Male,Disloyal Customer,29,Business Travel,Eco,331,3,4,3,4,3,3,3,3,1,1,5,4,3,3.08,0,0,FALSE
Male,Loyal Customer,57,Business Travel,Business,467,5,5,3,5,2,5,5,5,5,5,5,3,3,4.31,0,0,TRUE
Male,Loyal Customer,13,Personal Travel,Eco,695,2,1,2,3,1,2,1,1,3,5,3,2,1,2.08,4,0,FALSE
Male,Loyal Customer,51,Personal Travel,Eco,432,2,1,2,4,5,2,5,5,3,2,3,3,5,3.23,0,0,FALSE
Male,Loyal Customer,62,Personal Travel,Eco,563,1,5,1,3,4,1,4,4,5,2,4,3,4,3.15,2,0,FALSE
Male,Loyal Customer,58,Business Travel,Business,3217,1,5,5,5,1,4,4,3,3,2,1,3,4,3.15,1,0,FALSE
Female,Loyal Customer,31,Business Travel,Business,3845,1,1,1,1,5,5,5,5,5,4,4,4,5,3.54,0,0,TRUE
Male,Disloyal Customer,19,Business Travel,Business,1620,5,0,5,1,2,5,2,2,3,3,5,3,2,2.92,0,0,TRUE
Female,Loyal Customer,31,Business Travel,Business,1440,1,1,1,1,4,4,4,4,3,4,5,3,4,3,21,0,TRUE
Female,Loyal Customer,53,Business Travel,Business,670,5,5,3,5,4,5,4,4,4,5,4,5,4,4.38,0,0,TRUE
Female,Loyal Customer,34,Business Travel,Business,1590,2,5,5,5,2,3,4,2,2,1,2,2,1,2.77,19,20,FALSE
Male,Loyal Customer,25,Business Travel,Business,806,5,5,5,5,4,4,4,4,5,2,4,3,4,4.15,27,23,TRUE
Male,Loyal Customer,24,Business Travel,Eco,484,1,5,5,5,1,1,2,1,1,4,4,2,1,2.54,0,0,FALSE
Female,Loyal Customer,33,Business Travel,Business,1587,2,2,2,2,5,3,5,4,4,4,4,3,4,3.38,0,0,TRUE
Female,Loyal Customer,43,Personal Travel,Business,383,1,4,1,1,2,4,1,3,3,1,4,5,5,2.69,1,9,FALSE
Male,Loyal Customer,13,Business Travel,Eco Plus,602,2,1,1,1,2,2,3,2,1,1,4,1,2,1.77,10,10,FALSE
Male,Disloyal Customer,30,Business Travel,Eco,463,4,0,3,4,3,3,3,3,4,2,3,4,3,3,6,17,FALSE
Female,Loyal Customer,60,Personal Travel,Eco,1020,2,4,2,1,1,5,3,4,4,2,4,2,5,3,5,0,FALSE
Female,Loyal Customer,44,Business Travel,Eco Plus,349,2,1,1,1,4,3,4,1,1,2,1,2,3,2,18,9,FALSE
Male,Loyal Customer,30,Business Travel,Eco,247,3,2,3,2,3,3,3,3,1,3,4,3,3,2.77,0,0,FALSE
Female,Loyal Customer,57,Business Travel,Business,2427,4,4,4,4,5,4,4,4,4,4,4,3,4,4,39,36,TRUE
Female,Loyal Customer,35,Business Travel,Eco,280,3,3,3,3,3,3,3,3,2,3,5,2,3,3,0,0,TRUE
Female,Loyal Customer,11,Personal Travel,Eco,773,5,4,5,3,2,5,2,2,4,2,1,1,2,2.92,0,0,TRUE
Female,Loyal Customer,39,Business Travel,Business,1940,5,5,5,5,5,5,4,4,4,5,4,5,4,4.62,0,0,TRUE
Female,Disloyal Customer,54,Business Travel,Business,1535,4,4,4,1,1,4,1,1,3,4,4,4,1,2.77,6,0,TRUE
Male,Loyal Customer,23,Personal Travel,Eco,373,4,5,4,4,5,4,5,5,2,3,2,2,5,3.85,0,13,FALSE
Male,Loyal Customer,39,Personal Travel,Eco,1471,2,1,2,1,4,2,2,4,2,5,2,1,4,2.46,18,8,FALSE
Female,Loyal Customer,54,Personal Travel,Eco,363,1,1,0,4,5,4,3,1,1,0,1,2,4,2.08,5,5,FALSE
Female,Loyal Customer,42,Business Travel,Eco,787,3,2,3,2,1,3,2,3,3,3,3,1,2,2.38,123,99,FALSE
Male,Loyal Customer,28,Personal Travel,Eco,680,4,5,4,4,4,4,5,4,5,5,5,2,4,4.23,0,0,FALSE
Male,Loyal Customer,39,Business Travel,Business,3742,5,5,5,5,2,4,5,5,5,5,5,3,4,4.46,2,0,TRUE
Male,Loyal Customer,39,Personal Travel,Eco,819,2,2,2,4,5,2,5,5,4,5,3,2,5,3.54,2,0,FALSE
Male,Loyal Customer,23,Business Travel,Business,1819,3,2,2,2,3,3,3,3,1,4,4,4,3,2.85,19,19,FALSE
Male,Loyal Customer,20,Personal Travel,Eco,1013,4,5,4,4,1,4,1,1,3,5,5,5,1,3.31,0,0,FALSE
Female,Loyal Customer,14,Personal Travel,Eco,488,3,2,3,4,4,3,4,4,4,3,3,1,4,3.23,99,102,FALSE
Female,Loyal Customer,59,Personal Travel,Eco,196,1,3,1,3,2,3,3,4,4,1,4,3,4,2.77,37,34,FALSE
Male,Loyal Customer,36,Business Travel,Business,2939,0,0,0,4,3,4,5,5,5,5,5,5,4,3.46,0,3,TRUE
Female,Loyal Customer,38,Business Travel,Business,3338,2,3,3,3,4,4,3,1,1,1,2,1,1,2.23,0,0,FALSE
Female,Loyal Customer,17,Business Travel,Business,266,1,4,4,4,1,1,1,2,5,3,4,1,1,2.46,140,143,FALSE
Male,Disloyal Customer,36,Business Travel,Eco Plus,849,2,2,2,3,2,2,1,2,2,5,5,5,2,2.69,0,0,FALSE
Female,Loyal Customer,18,Personal Travel,Eco,954,4,2,4,3,4,4,4,4,2,4,1,3,4,3.31,0,3,TRUE
Male,Loyal Customer,43,Business Travel,Business,544,4,4,4,4,4,4,5,4,4,4,4,5,3,4.08,0,0,TRUE
Female,Disloyal Customer,43,Business Travel,Business,678,5,5,5,4,5,5,5,5,4,3,4,3,5,4.46,3,0,TRUE
Male,Disloyal Customer,57,Business Travel,Business,229,1,1,1,1,3,1,3,3,5,3,4,4,3,2.54,0,0,FALSE
Female,Disloyal Customer,39,Business Travel,Eco,143,1,0,1,4,4,1,4,4,1,3,3,2,4,2.46,0,0,FALSE
Male,Loyal Customer,34,Business Travel,Business,643,3,4,4,4,2,4,4,3,3,3,3,4,1,3.23,0,0,FALSE
Male,Loyal Customer,48,Personal Travel,Eco,109,1,5,1,1,3,1,3,3,4,2,1,5,3,2.54,40,45,FALSE
Female,Disloyal Customer,24,Business Travel,Eco,748,2,2,2,4,5,2,5,5,2,3,3,4,5,3.38,0,0,FALSE
Male,Disloyal Customer,25,Business Travel,Business,544,1,0,1,4,3,1,1,3,5,5,5,4,3,2.77,0,0,FALSE
Male,Loyal Customer,42,Business Travel,Eco,563,3,4,2,4,3,3,3,3,3,3,4,5,3,3.31,0,0,TRUE
Male,Loyal Customer,49,Personal Travel,Eco,2715,1,4,1,4,5,1,5,5,5,3,4,3,5,3.54,15,0,FALSE
Female,Loyal Customer,51,Business Travel,Eco Plus,370,2,3,3,3,2,1,1,3,5,2,3,1,1,2.31,159,150,FALSE
Male,Loyal Customer,38,Business Travel,Business,1691,2,2,2,2,3,1,3,5,5,5,5,3,5,3.31,0,0,TRUE
Female,Loyal Customer,40,Business Travel,Business,861,1,1,1,1,5,5,4,3,3,3,3,3,4,2.85,0,0,TRUE
Female,Loyal Customer,45,Business Travel,Business,402,1,1,1,1,4,4,4,4,4,4,4,5,5,3.23,62,58,TRUE
Male,Loyal Customer,20,Personal Travel,Eco,862,4,3,4,3,2,4,5,2,2,3,2,2,2,2.92,0,0,FALSE
Male,Loyal Customer,32,Personal Travel,Eco,862,2,5,2,3,4,2,4,4,4,4,4,5,4,3.62,72,89,FALSE
Female,Loyal Customer,54,Personal Travel,Eco,329,1,3,3,1,2,1,3,4,4,3,5,3,4,2.85,0,0,FALSE
Female,Loyal Customer,35,Business Travel,Business,942,5,5,5,5,5,5,4,5,5,5,5,4,4,4.77,25,16,TRUE
Female,Loyal Customer,45,Business Travel,Business,3866,1,2,1,1,5,4,5,4,4,4,4,4,4,3.31,0,0,TRUE
Male,Loyal Customer,31,Personal Travel,Eco,484,2,3,2,5,2,2,2,2,5,1,5,4,2,2.85,24,13,FALSE
Female,Disloyal Customer,30,Business Travel,Eco,601,1,2,1,4,1,1,1,1,1,5,3,1,1,1.77,7,5,FALSE
Female,Loyal Customer,39,Business Travel,Business,2585,2,2,2,2,2,4,4,5,5,5,5,4,4,3.54,0,0,TRUE
Male,Loyal Customer,19,Personal Travel,Eco,583,2,3,2,3,1,2,1,1,4,1,3,3,1,2.08,89,79,FALSE
Female,Loyal Customer,39,Business Travel,Business,3179,4,4,2,4,5,5,4,2,2,2,2,4,5,3.46,25,15,TRUE
Female,Loyal Customer,46,Business Travel,Business,1391,3,3,3,3,3,4,4,5,5,5,5,3,3,3.77,0,0,TRUE
Female,Disloyal Customer,40,Business Travel,Eco,580,3,2,3,1,5,3,5,5,2,3,1,4,5,3.23,52,39,FALSE
Female,Loyal Customer,24,Business Travel,Business,2626,3,2,2,2,3,3,3,3,1,1,4,2,3,2.46,0,0,FALSE
Female,Disloyal Customer,34,Business Travel,Eco,349,3,2,3,4,4,3,5,4,3,1,4,1,4,3.15,37,27,FALSE
Male,Loyal Customer,46,Business Travel,Eco Plus,472,2,2,2,2,2,2,2,2,2,3,3,2,2,2.15,4,7,FALSE
Male,Disloyal Customer,41,Business Travel,Eco,101,2,3,2,4,2,2,2,2,4,4,4,4,2,2.85,0,2,FALSE
Male,Loyal Customer,59,Business Travel,Business,1873,3,3,3,3,5,5,5,5,5,5,5,5,3,4.23,87,87,TRUE
Male,Loyal Customer,48,Personal Travel,Eco,2106,3,5,3,1,2,3,2,2,4,5,5,2,2,3,21,0,FALSE
Female,Loyal Customer,24,Personal Travel,Eco,483,2,4,3,1,5,3,5,5,1,1,5,2,5,3.23,0,0,FALSE
Male,Disloyal Customer,24,Business Travel,Eco,605,4,5,4,4,3,4,1,3,5,3,4,3,3,3.54,0,2,TRUE
Female,Disloyal Customer,23,Business Travel,Business,861,4,0,4,2,5,4,1,5,4,2,4,5,5,3.46,5,39,TRUE
Male,Loyal Customer,46,Business Travel,Business,3003,1,3,3,3,5,1,2,1,1,1,1,2,4,2.15,0,0,FALSE
Female,Disloyal Customer,26,Business Travel,Eco,550,0,1,0,4,5,0,4,5,2,4,1,1,5,2.46,0,0,TRUE
Male,Loyal Customer,55,Business Travel,Business,1587,1,1,4,1,2,4,4,5,5,5,5,5,4,3.54,0,0,TRUE
Female,Loyal Customer,56,Business Travel,Business,868,1,3,3,3,1,4,3,1,1,1,1,3,3,2.15,0,0,FALSE
Male,Loyal Customer,58,Personal Travel,Eco,577,3,2,3,4,1,3,1,1,3,3,4,2,1,2.38,57,79,FALSE
Female,Disloyal Customer,33,Business Travel,Eco,594,2,2,2,3,2,3,3,2,4,3,3,3,3,2.69,139,127,FALSE
Female,Loyal Customer,55,Business Travel,Business,2440,3,3,3,3,3,5,4,4,4,4,4,4,5,3.77,0,0,TRUE
Female,Loyal Customer,37,Business Travel,Eco Plus,425,4,1,1,1,4,4,4,4,4,5,4,1,4,3.15,0,0,TRUE
Female,Loyal Customer,49,Business Travel,Business,2790,5,5,5,5,4,4,4,4,4,4,4,5,5,4.46,21,15,TRUE
Female,Loyal Customer,46,Business Travel,Business,177,3,4,4,4,1,3,4,3,3,3,3,2,3,3.08,0,0,FALSE
Female,Loyal Customer,47,Business Travel,Business,1487,2,2,4,2,5,5,4,5,5,5,5,5,3,4,0,6,TRUE
Female,Loyal Customer,56,Business Travel,Business,2389,4,4,4,4,3,2,4,4,4,4,4,1,5,3.62,0,19,TRUE
Female,Loyal Customer,40,Business Travel,Eco,351,4,5,5,5,4,4,4,4,2,2,5,2,4,3.85,0,0,TRUE
Male,Loyal Customer,47,Business Travel,Eco Plus,325,2,3,3,3,2,2,2,2,4,1,2,3,2,2.38,19,2,FALSE
Male,Loyal Customer,35,Business Travel,Business,651,1,1,3,1,5,5,4,5,5,5,5,5,3,3.69,1,2,TRUE
Female,Loyal Customer,50,Business Travel,Eco,462,4,2,2,2,1,3,5,4,4,4,4,3,5,3.31,12,0,TRUE
Male,Disloyal Customer,24,Business Travel,Eco,630,4,0,4,4,5,4,5,5,4,1,3,4,5,3.69,0,0,TRUE
Female,Loyal Customer,41,Business Travel,Business,451,4,4,4,4,4,4,4,3,3,3,3,5,4,3.77,0,0,TRUE
Male,Loyal Customer,40,Business Travel,Business,2422,0,0,0,4,2,5,4,5,5,5,5,4,3,3.23,0,3,TRUE
Female,Loyal Customer,30,Personal Travel,Eco,101,3,4,3,4,3,3,4,3,4,3,4,3,3,3.38,1,2,FALSE
Male,Loyal Customer,58,Business Travel,Business,3120,4,4,4,4,5,5,4,5,5,5,5,4,5,4.54,0,0,TRUE
Male,Loyal Customer,34,Business Travel,Business,1518,4,1,1,1,1,2,2,4,4,4,4,4,3,2.69,0,0,FALSE
Male,Loyal Customer,36,Business Travel,Business,2984,3,3,3,3,4,2,3,5,5,5,5,3,4,3.69,5,41,TRUE
Male,Loyal Customer,44,Personal Travel,Business,305,1,5,1,2,3,4,5,1,1,1,1,4,3,2.46,0,0,FALSE
Female,Disloyal Customer,25,Business Travel,Eco,634,4,2,4,4,4,4,1,4,4,3,4,1,4,3.31,0,0,FALSE
Male,Loyal Customer,40,Business Travel,Business,3559,4,4,3,4,4,2,5,4,4,4,4,3,2,3.62,0,0,TRUE
Female,Disloyal Customer,21,Business Travel,Eco,399,3,5,3,2,4,3,4,4,3,2,5,5,4,3.62,0,0,FALSE
Male,Disloyal Customer,11,Business Travel,Eco,491,1,4,1,4,4,1,4,4,4,5,4,4,4,3.38,0,0,FALSE
Male,Disloyal Customer,23,Business Travel,Business,616,5,0,5,1,2,5,2,2,3,5,5,3,2,3.08,0,0,TRUE
Female,Loyal Customer,32,Business Travel,Eco,109,3,5,4,5,3,3,3,3,2,4,3,1,3,3.23,0,15,FALSE
Male,Loyal Customer,46,Personal Travel,Eco,1242,2,4,1,5,5,1,1,5,4,3,3,4,5,3.31,0,0,FALSE
Male,Loyal Customer,44,Business Travel,Business,2475,4,4,4,4,2,3,4,4,4,4,4,5,5,3.92,1,41,TRUE
Male,Disloyal Customer,23,Business Travel,Eco,577,3,3,3,4,5,3,5,5,1,4,4,3,5,3.69,1,0,FALSE
Male,Loyal Customer,42,Business Travel,Business,1598,4,4,4,4,3,5,4,5,5,5,5,3,5,4.31,19,0,TRUE
Male,Loyal Customer,39,Business Travel,Business,3045,2,2,2,2,4,4,5,5,5,5,5,5,4,3.85,15,12,TRUE
Female,Loyal Customer,37,Business Travel,Business,3169,5,5,5,5,1,5,1,2,2,2,2,3,1,3,13,4,TRUE
Female,Loyal Customer,38,Business Travel,Business,338,0,0,0,4,3,4,5,4,4,4,4,5,3,3.08,0,0,TRUE
Male,Loyal Customer,58,Personal Travel,Eco,2704,2,1,2,3,4,2,4,4,2,4,3,2,4,2.85,10,0,FALSE
Female,Loyal Customer,61,Business Travel,Business,3201,1,5,5,5,3,4,3,1,1,1,1,3,1,2.62,43,41,FALSE
Male,Loyal Customer,14,Business Travel,Business,3946,3,3,3,3,4,4,4,4,3,3,4,4,4,3.54,0,0,TRUE
Female,Disloyal Customer,37,Business Travel,Eco,296,2,0,2,3,1,2,1,1,3,2,1,1,1,1.54,49,41,FALSE
Male,Loyal Customer,51,Business Travel,Business,2696,3,4,4,4,1,3,3,3,3,3,3,3,1,2.92,0,0,FALSE
Female,Loyal Customer,65,Business Travel,Business,453,1,5,5,5,3,4,3,1,1,1,1,3,4,2.85,19,13,FALSE
Male,Loyal Customer,52,Business Travel,Business,1851,2,2,2,2,2,5,5,3,3,3,3,3,5,3.08,20,3,TRUE
Male,Loyal Customer,59,Business Travel,Business,451,5,5,5,5,5,5,5,2,2,2,2,5,3,3.92,1,0,TRUE
Male,Disloyal Customer,22,Business Travel,Eco,950,2,2,2,5,1,2,1,1,4,3,5,3,1,2.46,14,0,FALSE
Female,Loyal Customer,44,Business Travel,Business,2402,5,5,5,5,5,5,5,4,4,4,5,5,5,4.77,215,221,TRUE
Male,Disloyal Customer,36,Business Travel,Eco,141,2,0,2,3,3,2,3,3,2,2,4,5,3,2.62,0,0,FALSE
Male,Disloyal Customer,38,Business Travel,Eco Plus,290,1,1,1,4,5,1,3,5,2,3,2,3,5,2.77,0,0,FALSE
Female,Disloyal Customer,21,Business Travel,Eco,1166,2,2,2,3,2,2,2,2,5,5,5,5,2,3,0,2,TRUE
Female,Loyal Customer,38,Personal Travel,Eco,2454,2,4,2,3,2,2,2,2,3,5,3,2,2,2.62,7,0,FALSE
Male,Loyal Customer,43,Business Travel,Business,3700,3,3,3,3,5,4,4,4,4,4,4,5,4,3.85,0,0,TRUE
Female,Loyal Customer,50,Personal Travel,Eco,541,3,4,3,3,4,5,3,3,3,3,3,5,3,3.46,0,12,FALSE
Male,Loyal Customer,43,Business Travel,Business,1773,2,2,4,2,4,3,4,3,3,3,3,4,5,3.23,0,0,TRUE
Female,Disloyal Customer,28,Business Travel,Eco Plus,680,1,1,1,3,5,1,5,5,4,3,2,3,5,3,0,0,FALSE
Female,Loyal Customer,17,Personal Travel,Eco,184,2,4,0,4,2,0,2,2,4,3,4,4,2,2.54,0,0,FALSE
Female,Loyal Customer,29,Business Travel,Eco,1587,2,3,3,3,2,2,2,2,1,3,4,2,2,2.38,0,0,FALSE
Male,Loyal Customer,10,Personal Travel,Eco,1235,4,5,4,1,1,4,1,1,5,5,5,3,1,3.08,0,0,FALSE
Male,Loyal Customer,25,Personal Travel,Eco,335,2,4,2,5,4,2,4,4,4,2,4,4,4,3.46,0,0,FALSE
Male,Loyal Customer,25,Personal Travel,Business,181,3,3,3,3,5,3,5,5,4,3,5,3,5,3.85,57,75,FALSE
Male,Disloyal Customer,47,Business Travel,Eco,989,4,4,4,4,3,4,3,3,1,1,2,5,3,3.15,0,0,FALSE
Male,Loyal Customer,65,Personal Travel,Eco,1005,1,5,1,2,2,1,2,2,4,2,4,5,2,2.54,0,6,FALSE
Male,Loyal Customer,64,Personal Travel,Eco,208,2,5,2,5,2,2,2,2,3,4,4,4,2,3,74,91,FALSE
Female,Loyal Customer,16,Personal Travel,Eco,213,1,5,1,1,1,5,5,4,5,4,4,5,5,3.54,192,293,FALSE
Female,Loyal Customer,46,Business Travel,Business,395,3,3,3,3,5,4,4,5,5,5,5,3,3,3.92,4,8,TRUE
Male,Disloyal Customer,65,Business Travel,Business,466,3,3,3,2,1,3,1,1,3,2,4,5,1,2.46,0,0,FALSE
Male,Disloyal Customer,7,Business Travel,Eco,1306,1,1,1,3,5,1,5,5,2,4,3,3,5,3,9,45,FALSE
Female,Disloyal Customer,30,Business Travel,Eco,489,2,1,2,2,4,2,1,4,1,4,2,4,4,2.54,0,0,FALSE
Female,Disloyal Customer,9,Business Travel,Eco Plus,980,4,0,4,3,1,4,1,1,1,2,3,3,1,2.15,0,0,FALSE
Female,Loyal Customer,48,Business Travel,Business,1024,1,1,1,1,2,5,5,5,5,4,5,4,5,3.38,20,15,TRUE
Male,Loyal Customer,51,Personal Travel,Eco,896,3,1,3,2,4,3,4,4,2,1,2,1,4,2.62,0,0,FALSE
Female,Loyal Customer,16,Business Travel,Business,1990,3,3,3,3,2,2,2,2,5,2,5,4,2,2.92,0,0,TRUE
Female,Disloyal Customer,25,Business Travel,Eco,802,4,4,4,3,2,4,2,2,4,3,4,3,2,3.15,0,,FALSE
Male,Loyal Customer,64,Personal Travel,Eco,872,4,4,4,3,3,4,3,3,2,5,2,1,3,3.15,3,0,FALSE
Female,Disloyal Customer,39,Business Travel,Business,484,4,4,4,3,5,4,5,5,3,2,4,4,5,4,0,0,TRUE
Male,Loyal Customer,20,Business Travel,Business,2586,2,2,2,2,4,4,4,5,4,4,5,4,4,3.54,0,18,TRUE
Male,Disloyal Customer,27,Business Travel,Eco,414,3,3,3,3,5,3,5,5,1,1,3,3,5,3.31,68,78,FALSE
Male,Loyal Customer,67,Business Travel,Eco,240,4,1,1,1,4,4,4,4,1,2,4,2,4,2.77,0,2,FALSE
Female,Loyal Customer,47,Business Travel,Business,449,1,1,1,1,2,4,4,4,4,4,4,4,4,2.92,32,21,TRUE
Female,Loyal Customer,51,Business Travel,Business,1145,3,3,3,3,3,4,5,5,5,5,5,4,4,4,0,0,TRUE
Male,Disloyal Customer,39,Business Travel,Eco,404,2,5,2,1,5,2,5,5,3,4,2,2,5,3.31,4,5,FALSE
Female,Loyal Customer,38,Business Travel,Eco Plus,500,2,5,5,5,2,2,2,2,2,3,3,2,2,2.85,56,63,FALSE
Male,Loyal Customer,58,Business Travel,Business,1743,5,5,5,5,5,4,4,4,4,4,4,4,4,4.38,1,0,TRUE
Female,Loyal Customer,26,Business Travel,Eco Plus,479,3,3,3,3,3,3,2,3,4,4,1,2,3,2.85,10,18,FALSE
Female,Loyal Customer,41,Business Travel,Business,1533,2,5,2,2,5,4,3,5,5,5,5,1,4,3.69,0,7,TRUE
Female,Disloyal Customer,41,Business Travel,Business,353,4,4,4,4,1,4,1,1,2,1,4,1,1,2.46,0,0,FALSE
Female,Disloyal Customer,16,Business Travel,Eco,235,3,4,3,4,1,3,1,1,5,4,4,4,1,2.92,0,0,FALSE
Male,Disloyal Customer,37,Business Travel,Business,345,5,5,5,2,5,5,5,5,4,2,4,3,5,4.23,45,40,TRUE
Male,Loyal Customer,37,Personal Travel,Eco,680,2,4,2,3,5,2,5,5,3,3,5,3,5,3.62,0,0,FALSE
Male,Loyal Customer,37,Personal Travel,Business,991,1,5,0,3,5,4,4,3,3,0,3,4,4,3,0,0,FALSE
Male,Loyal Customer,42,Business Travel,Eco Plus,1506,3,1,3,1,3,3,3,3,4,2,4,3,3,2.77,2,0,FALSE
Male,Loyal Customer,45,Business Travel,Business,3198,3,3,3,3,3,5,5,5,5,5,5,5,5,4.23,0,13,TRUE
Female,Loyal Customer,54,Business Travel,Eco,453,3,1,1,1,2,2,2,3,3,3,3,3,1,2.15,0,6,FALSE
Female,Loyal Customer,47,Business Travel,Business,2422,3,3,3,3,5,5,4,4,4,4,4,3,4,3.77,0,0,TRUE
Female,Loyal Customer,10,Personal Travel,Eco,1091,2,5,2,1,2,2,5,2,3,5,4,3,2,2.92,0,0,FALSE
Female,Loyal Customer,62,Business Travel,Eco,399,5,1,1,1,2,2,4,5,5,5,5,3,5,3.38,0,9,TRUE
Female,Disloyal Customer,21,Business Travel,Eco,757,2,2,2,3,2,1,1,4,3,4,5,1,1,2.38,116,132,FALSE
Female,Loyal Customer,45,Business Travel,Business,3132,2,2,2,2,3,5,4,4,4,5,4,5,3,3.46,0,0,TRUE
Female,Loyal Customer,45,Personal Travel,Eco Plus,2182,3,2,3,3,4,4,3,2,2,3,2,3,2,2.77,0,0,FALSE
Male,Loyal Customer,43,Business Travel,Business,4243,5,5,5,5,4,4,4,5,2,4,5,4,4,4.31,8,6,TRUE
Male,Disloyal Customer,30,Business Travel,Eco,201,3,4,2,4,1,2,1,1,1,1,3,1,1,1.92,0,0,FALSE
Female,Loyal Customer,36,Business Travel,Business,233,3,2,2,2,3,4,3,3,3,3,3,1,2,2.62,0,0,FALSE
Male,Loyal Customer,59,Business Travel,Business,684,4,4,4,4,2,4,4,5,5,5,5,4,3,4.08,0,2,TRUE
Male,Loyal Customer,42,Business Travel,Eco,192,4,3,3,3,4,4,4,4,4,2,1,5,4,3.46,9,8,TRUE
Male,Loyal Customer,10,Business Travel,Business,1944,4,5,5,5,4,3,4,4,4,2,3,2,4,3.77,113,103,FALSE
Male,Disloyal Customer,16,Business Travel,Business,1182,5,5,5,3,5,5,5,5,4,2,5,5,5,4.54,2,0,TRUE
Female,Disloyal Customer,29,Business Travel,Business,1416,2,2,2,4,2,2,1,2,5,5,5,5,2,3,0,0,FALSE
Male,Loyal Customer,50,Business Travel,Business,594,1,1,1,1,2,4,5,5,5,5,5,5,4,3.38,0,0,TRUE
Female,Loyal Customer,21,Business Travel,Business,984,3,3,3,3,5,5,5,5,3,2,5,5,5,4,0,0,TRUE
Male,Disloyal Customer,25,Business Travel,Eco,1235,1,1,1,4,4,1,4,4,2,5,3,3,4,2.85,0,1,FALSE
Male,Loyal Customer,7,Personal Travel,Eco,341,3,5,3,3,4,3,4,4,3,4,4,5,4,3.77,4,0,FALSE
Female,Loyal Customer,38,Business Travel,Business,1399,1,4,4,4,2,2,2,1,1,1,1,3,1,2.08,15,44,FALSE
Male,Loyal Customer,47,Personal Travel,Eco,334,3,4,3,2,5,3,1,5,4,5,4,3,5,3.62,20,31,FALSE
Male,Loyal Customer,27,Business Travel,Eco,421,3,1,5,1,3,3,3,3,2,2,3,1,3,2.54,7,3,FALSE
Female,Loyal Customer,40,Business Travel,Business,3044,1,1,4,1,3,3,2,4,4,4,4,5,1,2.85,1,17,TRUE
Male,Loyal Customer,43,Business Travel,Business,2019,4,4,4,4,2,4,4,3,3,4,5,5,5,3.92,0,1,TRUE
Male,Loyal Customer,56,Business Travel,Business,373,3,3,3,3,5,3,3,3,3,3,3,3,1,3,18,14,FALSE
Female,Loyal Customer,49,Business Travel,Eco Plus,1608,1,3,3,3,3,2,4,1,1,1,1,2,2,2.08,0,0,FALSE
Female,Loyal Customer,38,Business Travel,Eco Plus,89,3,1,1,1,3,3,3,3,2,1,1,1,3,2,99,100,FALSE
Female,Loyal Customer,52,Business Travel,Business,1618,5,5,5,5,2,5,5,2,2,2,2,5,4,3.77,12,8,TRUE
Female,Loyal Customer,65,Personal Travel,Eco,1499,3,4,3,2,3,3,4,2,2,3,1,4,5,3,93,87,FALSE
Male,Loyal Customer,46,Business Travel,Business,1107,5,5,4,5,4,5,4,5,5,5,5,3,3,4.46,1,0,TRUE
Male,Loyal Customer,58,Business Travel,Business,2767,1,2,2,2,2,4,4,1,1,1,1,3,1,1.92,36,60,FALSE
Female,Loyal Customer,48,Personal Travel,Eco,1089,1,3,1,4,2,4,1,5,5,1,4,4,4,3,13,0,FALSE
Male,Loyal Customer,17,Business Travel,Eco,859,5,3,3,3,5,5,5,5,2,1,5,2,5,3.77,28,,TRUE
Female,Loyal Customer,12,Personal Travel,Eco,347,2,1,2,3,3,2,3,3,3,3,4,2,3,2.62,34,17,FALSE
Female,Disloyal Customer,24,Business Travel,Eco,189,0,5,0,2,5,0,5,5,4,3,5,4,5,3.31,0,0,TRUE
Female,Loyal Customer,39,Business Travel,Business,2307,3,3,3,3,3,4,4,4,4,4,4,3,4,3.54,41,41,TRUE
Female,Loyal Customer,51,Personal Travel,Eco,868,4,3,4,3,5,4,3,5,5,4,5,2,2,3.77,0,0,FALSE
Male,Loyal Customer,32,Business Travel,Business,3321,2,4,2,2,5,5,5,5,5,3,4,5,5,4,0,0,TRUE
Female,Loyal Customer,76,Business Travel,Eco Plus,130,2,4,4,4,4,4,3,3,3,2,3,1,2,3,0,0,FALSE
Female,Loyal Customer,19,Personal Travel,Eco,1521,3,5,3,4,2,3,2,2,4,2,4,4,2,3.08,0,0,FALSE
Female,Loyal Customer,39,Business Travel,Eco,461,3,5,5,5,3,3,3,3,2,5,4,1,3,3.46,11,24,FALSE
Female,Disloyal Customer,14,Business Travel,Eco,547,1,1,1,3,3,1,3,3,4,5,4,2,3,2.62,0,5,FALSE
Male,Loyal Customer,68,Personal Travel,Eco,2615,2,4,2,2,2,3,3,4,3,5,5,3,3,3.15,0,0,FALSE
Male,Disloyal Customer,69,Business Travel,Business,491,4,4,4,1,2,4,2,2,3,3,4,3,2,2.92,0,0,TRUE
Male,Loyal Customer,52,Personal Travel,Eco,335,3,5,3,1,3,3,3,3,3,2,4,4,3,3.08,8,9,FALSE
Female,Loyal Customer,28,Business Travel,Business,3812,3,5,3,3,4,4,4,4,5,2,5,5,4,3.92,0,0,TRUE
Female,Loyal Customer,58,Business Travel,Business,3160,2,2,2,2,3,5,4,4,4,4,4,5,3,3.38,14,4,TRUE
Male,Disloyal Customer,37,Business Travel,Business,1096,2,2,2,2,5,2,2,5,5,2,5,3,5,3.23,0,0,FALSE
Female,Disloyal Customer,21,Business Travel,Business,347,3,3,3,3,4,3,4,4,1,2,2,2,4,2.92,10,8,FALSE
Male,Disloyal Customer,48,Business Travel,Eco,990,3,2,2,3,4,2,4,4,2,1,5,4,4,3.08,3,0,FALSE
Female,Disloyal Customer,23,Business Travel,Eco,550,4,4,4,1,4,4,4,4,4,2,5,5,4,3.77,0,0,TRUE
Male,Loyal Customer,51,Personal Travel,Eco,1460,3,4,3,1,3,3,3,3,5,2,4,4,3,3.15,0,2,FALSE
Male,Disloyal Customer,23,Business Travel,Business,163,4,0,4,2,4,4,5,4,5,3,5,4,4,3.69,0,0,TRUE
Male,Disloyal Customer,24,Business Travel,Business,862,1,3,1,2,5,1,5,5,3,2,2,4,5,3,0,16,FALSE
Male,Loyal Customer,17,Personal Travel,Eco,1117,2,2,3,4,3,3,3,3,4,4,4,3,3,3.15,26,0,FALSE
Male,Loyal Customer,46,Business Travel,Business,511,2,2,2,2,4,4,2,5,5,5,5,4,5,3.62,0,0,TRUE
Female,Loyal Customer,67,Business Travel,Eco,2300,2,3,3,3,2,3,4,2,2,2,2,1,1,2.31,16,0,FALSE
Male,Disloyal Customer,78,Business Travel,Eco,450,2,4,2,3,3,2,4,3,4,3,4,2,3,3,0,0,FALSE
Male,Loyal Customer,31,Personal Travel,Eco Plus,280,2,4,2,3,3,2,4,3,3,2,4,5,3,3.08,0,0,FALSE
Female,Loyal Customer,8,Personal Travel,Eco Plus,700,2,4,2,3,5,2,2,5,4,2,5,5,5,3.54,0,0,FALSE
Female,Disloyal Customer,79,Business Travel,Eco Plus,325,4,4,4,2,5,3,5,4,4,4,4,1,1,3.46,4,0,FALSE
Male,Loyal Customer,24,Personal Travel,Eco,983,4,1,4,3,3,4,3,3,4,1,3,4,3,3.08,0,5,TRUE
Male,Loyal Customer,62,Business Travel,Eco,748,5,3,4,4,5,5,5,5,2,3,4,3,5,4.08,0,0,TRUE
Male,Loyal Customer,48,Business Travel,Eco Plus,591,2,4,4,4,2,2,2,2,4,1,3,2,2,2.62,0,0,FALSE
Male,Loyal Customer,29,Business Travel,Business,2139,2,2,2,2,4,4,4,4,4,3,3,4,4,3.23,9,20,TRUE
Male,Loyal Customer,45,Personal Travel,Eco,1005,4,5,5,3,5,5,5,5,1,5,1,1,5,3.85,0,0,FALSE
Female,Loyal Customer,69,Personal Travel,Eco,528,3,5,3,1,4,5,4,5,5,3,5,4,4,3.92,12,20,FALSE
Male,Loyal Customer,63,Business Travel,Business,2952,1,1,1,1,5,3,1,5,5,5,5,2,4,3,0,3,TRUE
Male,Loyal Customer,44,Personal Travel,Eco,337,2,4,2,4,4,2,4,4,3,3,5,4,4,3.46,4,0,FALSE
Male,Loyal Customer,25,Business Travel,Business,1709,2,2,2,2,4,4,4,4,5,5,3,5,4,3.54,42,22,TRUE
Female,Loyal Customer,62,Personal Travel,Eco,295,1,5,1,3,4,5,4,3,3,1,3,5,4,3.23,8,0,FALSE
Male,Loyal Customer,57,Business Travel,Business,1846,5,5,5,5,3,5,4,4,4,4,4,4,5,4.38,75,77,TRUE
Male,Loyal Customer,39,Personal Travel,Eco,689,1,4,2,1,1,2,1,1,5,5,4,3,1,2.38,10,2,FALSE
Male,Loyal Customer,19,Personal Travel,Eco,321,2,2,2,3,3,2,1,3,1,5,4,2,3,2.54,0,0,FALSE
Female,Loyal Customer,39,Business Travel,Business,2909,3,2,2,2,2,3,3,1,1,1,3,3,1,2.08,0,0,FALSE
Female,Loyal Customer,57,Business Travel,Business,2422,1,1,1,1,2,4,4,4,4,4,4,3,5,2.92,0,0,TRUE
Female,Loyal Customer,13,Personal Travel,Eco,356,1,5,1,1,2,1,2,2,5,4,5,5,2,2.77,0,0,FALSE
Female,Loyal Customer,52,Personal Travel,Eco,224,1,4,1,4,2,4,5,3,3,1,4,3,5,3.08,0,0,FALSE
Male,Loyal Customer,18,Business Travel,Business,2023,2,1,1,1,2,2,2,2,3,5,3,2,2,2.15,0,0,FALSE
Male,Disloyal Customer,24,Business Travel,Eco,748,2,2,2,3,1,2,1,1,3,5,4,1,1,2.15,0,0,FALSE
Female,Loyal Customer,32,Personal Travel,Eco,820,2,5,2,1,4,2,4,4,4,2,4,2,4,3.08,0,0,FALSE
Male,Loyal Customer,26,Business Travel,Eco,1448,4,4,4,4,4,4,3,4,2,1,5,5,4,3.69,0,0,TRUE
Female,Loyal Customer,36,Personal Travel,Eco,1105,3,5,3,1,2,3,2,2,5,3,2,4,2,2.85,20,23,FALSE
Female,Disloyal Customer,25,Business Travel,Business,1735,1,3,1,4,1,1,1,3,1,3,4,1,1,1.92,288,277,FALSE
Male,Loyal Customer,30,Business Travel,Business,473,5,5,5,5,2,2,2,2,3,2,5,3,2,3.31,0,0,TRUE
Male,Loyal Customer,53,Personal Travel,Eco,475,3,5,3,5,3,4,4,1,1,2,2,4,4,3.15,152,169,FALSE
Male,Loyal Customer,40,Business Travel,Business,2859,4,4,4,4,2,5,5,5,5,5,5,5,5,4.46,0,0,TRUE
Male,Loyal Customer,33,Business Travel,Business,853,1,4,4,4,1,1,1,1,3,1,4,3,1,2.23,0,0,FALSE
Male,Disloyal Customer,15,Business Travel,Eco,270,2,2,1,4,3,1,3,3,1,3,3,1,3,2.31,1,0,FALSE
Male,Loyal Customer,42,Personal Travel,Eco Plus,337,2,5,2,1,3,2,3,3,3,4,5,4,3,3.08,6,14,FALSE
Female,Loyal Customer,54,Business Travel,Eco,541,4,3,3,3,2,2,3,4,4,4,4,2,4,3.23,0,0,FALSE
Male,Loyal Customer,51,Business Travel,Business,1679,4,4,4,4,5,5,5,5,5,5,5,3,4,4.46,28,15,TRUE
Male,Loyal Customer,36,Business Travel,Eco Plus,994,5,4,4,4,5,5,5,5,1,4,2,5,5,4.15,148,140,TRUE
Female,Loyal Customer,41,Business Travel,Business,1973,2,2,2,2,5,5,5,2,2,3,2,3,3,2.92,15,0,TRUE
Male,Loyal Customer,39,Business Travel,Business,228,2,2,3,2,5,4,4,4,4,5,4,5,5,3.77,0,0,TRUE
Male,Disloyal Customer,21,Business Travel,Eco,325,3,0,3,1,1,3,1,1,4,5,5,5,1,2.54,0,6,FALSE
Female,Disloyal Customer,44,Business Travel,Eco,449,3,3,3,4,2,3,2,2,4,4,3,4,2,3,0,24,FALSE
Female,Loyal Customer,24,Personal Travel,Eco Plus,589,4,5,4,1,3,4,2,3,5,4,4,4,3,3.54,0,0,FALSE
Female,Disloyal Customer,38,Business Travel,Eco,335,3,3,3,1,2,3,2,2,4,3,5,1,2,2.62,0,0,FALSE
Male,Loyal Customer,16,Business Travel,Business,1715,5,5,5,5,5,5,5,5,5,2,4,2,5,4.46,0,0,TRUE
Male,Disloyal Customer,23,Business Travel,Eco,624,3,1,3,4,2,3,1,2,3,1,4,3,2,2.46,0,19,FALSE
Female,Loyal Customer,37,Personal Travel,Eco,160,1,5,0,1,5,0,5,5,4,5,5,3,5,3.38,40,46,FALSE
Male,Loyal Customer,31,Business Travel,Business,2327,4,4,4,4,5,5,5,5,4,3,4,4,5,4.31,0,0,TRUE
Male,Loyal Customer,45,Personal Travel,Eco Plus,663,1,3,2,3,1,2,1,1,2,4,3,1,1,1.92,6,7,FALSE
Male,Loyal Customer,50,Business Travel,Business,2172,3,3,4,3,2,1,3,4,4,4,4,5,4,3.38,32,31,TRUE
Male,Disloyal Customer,28,Business Travel,Business,488,4,4,4,2,3,4,3,3,4,2,5,5,3,3.54,15,9,FALSE
Male,Loyal Customer,67,Personal Travel,Eco,223,1,5,1,1,1,1,1,1,3,2,5,5,1,2.15,60,44,FALSE
Male,Loyal Customer,35,Business Travel,Business,2143,2,2,2,2,2,3,1,4,4,4,4,3,5,2.92,0,0,TRUE
Female,Loyal Customer,59,Business Travel,Business,2216,3,3,3,3,5,5,5,4,4,4,4,3,3,3.77,0,0,TRUE
Female,Loyal Customer,40,Personal Travel,Eco,236,0,4,0,3,4,0,4,4,2,3,3,3,4,2.62,0,0,TRUE
Female,Loyal Customer,45,Business Travel,Business,2129,2,2,5,2,4,3,2,2,2,2,2,1,1,2.31,0,0,FALSE
Female,Disloyal Customer,40,Business Travel,Business,342,1,1,1,3,4,1,4,4,1,3,3,1,4,2.38,0,0,FALSE
Female,Loyal Customer,23,Personal Travel,Eco,896,5,2,5,3,3,5,3,3,4,1,3,4,3,3.38,1,2,TRUE
Female,Loyal Customer,58,Business Travel,Business,667,3,3,3,3,2,5,5,3,3,4,3,4,4,3.46,0,0,TRUE
Male,Loyal Customer,70,Personal Travel,Eco,1121,3,5,3,1,1,3,2,1,5,4,4,5,1,2.92,12,24,FALSE
Male,Loyal Customer,30,Business Travel,Eco Plus,725,5,4,4,4,5,5,5,5,1,2,1,4,5,3.85,33,32,TRUE
Female,Disloyal Customer,9,Business Travel,Eco,804,2,2,2,5,3,2,3,3,3,4,5,3,3,3.08,5,0,FALSE
Male,Loyal Customer,57,Personal Travel,Eco,522,2,5,2,2,3,2,2,3,5,5,4,5,3,3.31,0,0,FALSE
Male,Loyal Customer,45,Business Travel,Business,1893,1,1,1,1,4,4,5,4,4,4,4,5,5,3.31,0,0,TRUE
Male,Loyal Customer,37,Business Travel,Business,361,2,2,5,2,2,4,5,2,2,2,2,3,3,2.77,52,42,TRUE
Male,Loyal Customer,49,Personal Travel,Eco,1069,3,4,3,1,3,3,3,3,4,5,5,3,3,3.31,12,7,FALSE
Male,Disloyal Customer,23,Business Travel,Eco,304,3,0,3,1,4,3,3,4,4,3,4,5,4,3.15,3,0,FALSE
Male,Disloyal Customer,39,Business Travel,Eco,895,3,3,3,4,1,3,1,1,2,1,1,2,1,2,57,67,FALSE
Male,Loyal Customer,62,Personal Travel,Eco Plus,573,1,4,1,3,1,1,1,1,3,3,4,3,1,2.08,5,1,FALSE
Male,Loyal Customer,46,Personal Travel,Eco,296,5,5,5,5,3,5,3,3,5,2,4,3,3,3.92,0,0,TRUE
Female,Loyal Customer,43,Business Travel,Business,2716,3,3,3,3,5,4,4,2,2,2,2,3,4,3.08,0,0,TRUE
Female,Loyal Customer,48,Business Travel,Business,678,1,1,1,1,2,5,4,4,4,4,4,4,5,3.08,0,0,TRUE
Female,Loyal Customer,62,Business Travel,Eco Plus,436,4,1,1,1,4,3,2,5,5,4,5,1,4,3.08,0,0,TRUE
Male,Loyal Customer,31,Business Travel,Business,869,3,3,3,3,3,3,3,3,2,4,4,1,3,2.92,22,34,FALSE
Female,Loyal Customer,48,Business Travel,Business,2392,2,3,2,3,1,3,4,2,2,2,2,3,2,2.38,0,0,FALSE
Male,Loyal Customer,34,Business Travel,Eco,2717,4,4,4,4,4,4,4,3,2,4,4,4,4,3.77,0,0,TRUE
Male,Loyal Customer,55,Business Travel,Business,3998,0,0,0,2,3,5,5,1,1,1,1,5,3,2.08,0,6,TRUE
Male,Loyal Customer,38,Business Travel,Business,3256,1,2,1,1,3,5,4,5,5,5,5,5,3,3.46,0,0,TRUE
Male,Loyal Customer,44,Business Travel,Business,1521,4,4,4,4,2,5,4,1,1,2,1,4,3,3,0,7,TRUE
Female,Disloyal Customer,27,Business Travel,Business,1126,3,3,3,3,3,3,3,3,3,3,5,3,3,3.15,0,2,FALSE
Male,Loyal Customer,60,Personal Travel,Eco,834,1,5,1,5,3,1,3,3,3,4,4,4,3,3.08,0,0,FALSE
Male,Disloyal Customer,26,Business Travel,Eco,817,5,5,5,3,1,5,4,1,3,3,1,2,1,3,0,0,TRUE
Male,Loyal Customer,46,Business Travel,Business,2214,2,3,3,3,4,3,3,2,2,2,2,1,2,2.46,0,0,FALSE
Female,Loyal Customer,66,Personal Travel,Eco,152,3,5,3,1,5,5,4,3,3,3,3,4,4,3.54,28,22,FALSE
Male,Loyal Customer,47,Personal Travel,Eco,719,1,5,2,1,2,2,2,2,3,3,4,4,2,2.54,23,12,FALSE
Female,Loyal Customer,54,Business Travel,Business,1598,4,4,4,4,4,4,3,5,5,5,5,5,4,4.31,0,0,TRUE
Male,Loyal Customer,39,Business Travel,Business,3913,5,5,5,5,5,4,5,3,3,4,3,3,3,4.08,0,0,TRUE
Male,Loyal Customer,41,Business Travel,Eco,290,4,3,3,3,4,4,4,4,3,2,1,1,4,3.08,0,0,TRUE
Female,Loyal Customer,33,Personal Travel,Eco,347,2,1,0,3,3,0,3,3,4,2,2,2,3,2.15,0,0,FALSE
Male,Loyal Customer,34,Business Travel,Eco,867,1,0,0,3,5,0,5,5,3,3,3,1,5,2.62,1,0,FALSE
Male,Loyal Customer,37,Business Travel,Eco,160,5,3,3,3,5,5,5,5,2,1,1,4,5,3.62,0,0,TRUE
Male,Disloyal Customer,27,Business Travel,Business,1464,2,2,2,4,2,2,2,2,3,5,4,4,2,2.77,0,0,FALSE
Female,Loyal Customer,15,Personal Travel,Eco,347,3,5,3,4,2,3,5,2,5,5,4,4,2,3.62,0,0,FALSE
Female,Disloyal Customer,28,Business Travel,Business,1846,2,2,2,5,1,2,1,1,4,5,4,5,1,2.69,6,0,FALSE
Female,Disloyal Customer,23,Business Travel,Business,429,4,0,4,1,4,4,4,4,5,3,5,3,4,3.46,0,0,TRUE
Male,Loyal Customer,29,Business Travel,Business,1504,1,1,1,1,4,4,4,4,3,1,1,4,4,2.54,0,5,TRUE
Male,Loyal Customer,39,Business Travel,Business,3333,2,2,2,2,3,5,4,4,4,4,4,5,3,3.38,66,71,TRUE
Female,Loyal Customer,48,Business Travel,Business,2560,3,3,4,3,5,4,5,4,4,4,4,4,4,3.92,0,0,TRUE
Male,Loyal Customer,40,Personal Travel,Eco,1927,1,3,1,2,5,1,3,5,1,2,3,1,5,2.54,0,0,FALSE
Male,Loyal Customer,15,Personal Travel,Eco,301,2,4,2,3,1,2,1,1,4,3,5,4,1,2.54,5,6,FALSE
Male,Loyal Customer,39,Business Travel,Eco,287,5,3,3,3,5,5,5,5,1,3,1,4,5,3.69,0,19,TRUE
Female,Loyal Customer,38,Business Travel,Business,752,1,1,1,1,4,4,5,4,4,4,4,4,3,3.08,0,0,TRUE
Male,Loyal Customer,31,Business Travel,Eco Plus,1189,0,0,0,1,4,0,4,4,3,5,1,2,4,2.15,8,2,TRUE
Male,Loyal Customer,43,Business Travel,Business,587,3,3,3,3,4,4,5,5,5,5,5,5,5,4.23,10,1,TRUE
Female,Loyal Customer,67,Personal Travel,Eco,179,3,5,3,3,5,4,5,1,1,3,1,3,3,3.08,0,0,FALSE
Male,Loyal Customer,48,Personal Travel,Eco,583,4,4,4,2,3,4,3,3,5,1,5,3,3,3.38,49,51,FALSE
Female,Loyal Customer,55,Business Travel,Business,594,5,5,5,5,5,5,4,5,5,5,5,4,3,4.69,0,0,TRUE
Male,Loyal Customer,11,Business Travel,Business,525,1,1,1,1,4,4,4,4,1,1,2,5,4,2.54,0,0,TRUE
Male,Loyal Customer,45,Business Travel,Business,2684,1,1,1,1,3,5,4,5,5,5,5,3,4,3.31,0,0,TRUE
Male,Disloyal Customer,21,Business Travel,Business,283,2,2,2,4,5,2,5,5,1,2,3,4,5,3.23,0,0,FALSE
Male,Loyal Customer,35,Business Travel,Business,1639,1,1,4,1,3,5,5,4,4,5,5,4,5,3.62,8,8,TRUE
Male,Loyal Customer,25,Business Travel,Eco,357,4,1,1,1,4,3,2,4,1,2,3,3,4,2.54,0,0,FALSE
Female,Loyal Customer,33,Personal Travel,Eco,77,3,4,3,3,3,3,3,3,5,2,5,4,3,3.38,0,0,FALSE
Male,Loyal Customer,49,Business Travel,Business,1715,4,4,4,4,3,2,4,5,5,5,5,3,2,3.85,0,0,TRUE
Female,Loyal Customer,9,Personal Travel,Eco,1089,5,4,5,5,2,5,2,2,3,5,4,2,2,3.54,0,0,TRUE
Male,Loyal Customer,49,Personal Travel,Business,1069,1,4,1,4,2,5,5,1,1,1,1,3,4,2.54,0,0,FALSE
Male,Disloyal Customer,19,Business Travel,Eco,145,5,0,5,4,5,5,5,5,4,5,1,1,5,3.85,0,0,TRUE
Male,Loyal Customer,54,Business Travel,Business,2355,4,4,4,4,3,2,3,4,4,4,4,2,4,3.54,0,,FALSE
Male,Loyal Customer,39,Business Travel,Business,1372,2,2,2,2,3,5,4,4,4,4,4,3,3,3.23,0,0,TRUE
Male,Disloyal Customer,26,Business Travel,Eco,548,2,0,2,3,4,2,4,4,4,4,3,4,4,3.08,0,0,FALSE
Male,Loyal Customer,9,Business Travel,Business,2681,2,3,4,4,2,3,2,2,3,5,3,3,2,2.92,0,,FALSE
Male,Loyal Customer,45,Business Travel,Eco Plus,787,4,1,1,1,4,4,4,4,4,3,2,5,4,3.15,0,0,TRUE
Female,Loyal Customer,51,Personal Travel,Eco,868,3,4,3,3,5,1,1,3,3,3,3,2,5,3,0,0,FALSE
Female,Loyal Customer,64,Personal Travel,Eco,587,0,5,0,3,4,5,4,2,2,0,2,3,5,2.69,0,0,TRUE
Female,Loyal Customer,40,Business Travel,Eco,377,2,3,3,3,2,2,2,2,2,2,4,2,2,2.38,0,0,FALSE
Male,Loyal Customer,39,Business Travel,Business,1764,5,5,5,5,2,5,4,3,3,3,3,3,5,3.92,71,70,TRUE
Female,Loyal Customer,41,Personal Travel,Eco Plus,326,3,5,3,3,4,3,1,2,2,3,2,1,2,2.62,19,5,FALSE
Male,Loyal Customer,13,Personal Travel,Eco,1005,2,5,2,4,2,2,3,2,4,4,5,3,2,3.08,1,0,FALSE
Female,Loyal Customer,52,Business Travel,Business,2817,4,4,4,4,3,4,5,4,4,4,4,5,3,4,28,27,TRUE
Male,Loyal Customer,8,Personal Travel,Eco,1124,0,4,0,2,4,0,3,4,3,2,4,5,4,2.69,0,0,TRUE
Male,Loyal Customer,43,Business Travel,Business,632,1,1,1,1,4,5,4,4,4,4,4,5,3,3.15,0,0,TRUE
Male,Loyal Customer,57,Business Travel,Business,1728,3,3,1,3,2,5,5,4,4,4,4,3,3,3.38,7,8,TRUE
Female,Loyal Customer,49,Business Travel,Business,1933,4,4,4,4,5,5,5,4,4,4,4,3,4,4.15,26,30,TRUE
Female,Loyal Customer,32,Personal Travel,Business,452,4,5,4,2,3,4,3,3,2,2,4,1,3,3.08,0,0,FALSE
Female,Loyal Customer,70,Personal Travel,Eco Plus,1491,4,4,4,3,3,4,4,5,5,4,5,5,3,4.08,0,6,TRUE
Male,Disloyal Customer,37,Business Travel,Eco,177,4,1,4,4,2,4,2,2,2,5,3,4,2,3,0,0,FALSE
Male,Loyal Customer,13,Personal Travel,Eco,1014,2,2,3,3,3,3,2,3,4,5,4,1,3,2.92,27,2,FALSE
Male,Disloyal Customer,23,Business Travel,Eco,255,4,0,4,3,2,4,2,2,5,4,4,4,2,3.08,0,0,TRUE
Female,Loyal Customer,60,Business Travel,Business,2279,1,1,1,1,2,5,4,4,4,4,4,4,5,3.08,26,0,TRUE
Female,Loyal Customer,53,Business Travel,Eco Plus,196,2,3,3,3,5,3,3,2,2,2,2,4,3,2.85,21,15,FALSE
Female,Loyal Customer,57,Personal Travel,Eco,1900,3,5,3,1,2,5,4,4,4,3,4,4,5,3.62,0,0,FALSE
Female,Loyal Customer,51,Business Travel,Business,1844,1,1,1,1,3,5,5,5,5,5,5,4,3,3.38,9,0,TRUE
Male,Loyal Customer,52,Business Travel,Business,337,4,4,4,4,4,4,4,4,4,4,4,5,4,4.08,2,0,TRUE
Male,Disloyal Customer,43,Business Travel,Eco,1005,5,5,5,3,1,5,1,1,5,5,4,3,1,3.38,0,0,TRUE
Male,Loyal Customer,41,Personal Travel,Eco,533,3,4,3,3,2,3,2,2,3,5,4,4,2,3.08,0,0,FALSE
Male,Loyal Customer,34,Personal Travel,Eco,341,2,4,2,1,4,2,4,4,5,4,5,4,4,3.46,18,9,FALSE
Female,Loyal Customer,59,Personal Travel,Eco,234,4,4,4,1,3,5,4,3,3,4,3,3,4,3.46,0,0,FALSE
Female,Loyal Customer,58,Business Travel,Business,2092,5,5,5,5,2,4,4,5,5,5,4,5,4,4.46,0,0,TRUE
Female,Loyal Customer,54,Business Travel,Business,2945,3,3,3,3,4,5,5,5,5,4,5,3,5,4.08,0,0,TRUE
Female,Loyal Customer,68,Personal Travel,Eco,861,1,5,1,2,3,4,4,5,5,1,5,4,3,3.31,0,0,FALSE
Male,Loyal Customer,54,Personal Travel,Eco,2176,2,3,2,4,2,4,4,4,2,3,3,4,4,3.15,133,123,FALSE
Female,Loyal Customer,18,Business Travel,Eco,214,2,1,4,1,2,2,4,2,2,4,4,1,2,2.38,0,0,FALSE
Female,Loyal Customer,52,Business Travel,Business,2412,3,3,2,3,5,4,5,5,5,5,5,5,4,4.15,7,0,TRUE
Male,Disloyal Customer,37,Business Travel,Business,277,1,1,1,4,4,1,4,4,3,1,4,1,4,2.54,0,0,FALSE
Male,Loyal Customer,52,Business Travel,Business,1814,2,5,2,2,4,3,5,5,5,5,5,5,4,4,0,0,TRUE
Female,Loyal Customer,29,Personal Travel,Eco,4983,2,4,2,5,2,4,4,2,2,4,4,4,4,3.31,6,0,FALSE
Male,Loyal Customer,54,Business Travel,Business,2843,1,1,1,1,3,5,4,4,4,4,4,5,3,3.08,0,0,TRUE
Male,Loyal Customer,54,Business Travel,Business,2316,2,2,2,2,5,3,1,5,5,5,5,5,4,3.54,0,0,TRUE
Male,Loyal Customer,60,Personal Travel,Eco,925,4,5,4,1,3,4,3,3,5,5,4,4,3,3.69,0,0,FALSE
Female,Loyal Customer,48,Business Travel,Business,1013,3,3,3,3,5,4,5,5,5,5,5,3,3,4,0,9,TRUE
Female,Loyal Customer,65,Business Travel,Eco,366,4,1,1,1,5,3,3,4,4,4,4,3,4,3.15,29,34,FALSE
Female,Loyal Customer,57,Business Travel,Business,3579,0,0,0,2,5,4,4,2,2,2,1,4,5,2.38,0,0,TRUE
Female,Loyal Customer,36,Personal Travel,Eco,562,3,4,3,3,1,3,1,1,4,2,5,3,1,2.62,0,2,FALSE
Male,Loyal Customer,44,Business Travel,Business,481,2,2,2,2,5,2,3,5,5,5,5,1,2,3.15,17,1,TRUE
Female,Loyal Customer,45,Business Travel,Business,3563,2,2,2,2,4,4,2,5,5,5,3,2,4,3.23,0,0,TRUE
Male,Disloyal Customer,27,Business Travel,Business,337,3,4,4,4,4,4,2,4,4,5,5,4,4,3.92,0,2,FALSE
Male,Disloyal Customer,27,Business Travel,Eco Plus,2454,2,2,2,4,2,2,2,2,4,1,2,2,2,2.23,5,0,FALSE
Female,Loyal Customer,58,Business Travel,Business,581,5,5,5,5,5,5,5,5,5,5,5,4,3,4.77,3,0,TRUE
Female,Loyal Customer,50,Business Travel,Business,1235,1,1,1,1,2,4,5,4,4,4,4,4,3,2.92,0,2,TRUE
Female,Disloyal Customer,46,Business Travel,Eco,872,2,2,2,3,1,2,1,1,1,5,3,2,1,2,19,7,FALSE
Male,Disloyal Customer,39,Business Travel,Eco,425,3,3,3,5,5,3,1,5,4,2,4,2,5,3.46,0,0,FALSE
Female,Loyal Customer,44,Personal Travel,Eco,984,1,5,1,4,5,4,5,5,5,1,5,4,3,3.69,0,1,FALSE
Male,Loyal Customer,52,Personal Travel,Eco,296,3,5,3,1,2,3,2,2,1,3,3,3,2,2.54,0,0,FALSE
Male,Loyal Customer,9,Personal Travel,Eco,432,3,1,3,4,1,3,1,1,2,4,3,4,1,2.38,0,5,FALSE
Male,Loyal Customer,39,Business Travel,Eco,457,4,2,2,2,4,4,4,4,5,5,2,5,4,3.62,1,0,TRUE
Male,Loyal Customer,51,Business Travel,Business,861,3,3,3,3,3,4,3,3,3,3,3,4,3,3.15,3,8,FALSE
Male,Loyal Customer,59,Business Travel,Eco Plus,377,5,1,1,1,5,5,5,5,4,2,1,2,5,3.23,97,82,TRUE
Male,Loyal Customer,63,Personal Travel,Eco,2342,2,2,2,4,1,2,1,1,1,4,4,3,1,2.15,4,0,FALSE
Male,Loyal Customer,35,Business Travel,Business,3454,1,1,1,1,5,4,3,5,5,5,5,5,3,3.38,0,0,TRUE
Female,Loyal Customer,25,Business Travel,Eco,731,2,3,5,5,2,2,2,2,1,4,3,4,2,2.85,0,0,FALSE
Male,Loyal Customer,11,Personal Travel,Eco,1050,4,4,4,4,3,4,3,3,4,3,4,4,3,3.62,0,0,FALSE
Male,Disloyal Customer,26,Business Travel,Eco,640,1,2,1,4,4,1,4,4,1,5,3,4,4,2.92,66,105,FALSE
Male,Loyal Customer,41,Business Travel,Business,3972,4,4,4,4,2,4,5,3,3,4,3,3,3,3.54,0,0,TRUE
Male,Loyal Customer,51,Business Travel,Business,1712,1,1,1,1,2,5,5,3,3,4,3,4,3,2.77,0,10,TRUE
Female,Loyal Customer,61,Business Travel,Business,3919,1,1,1,1,2,1,3,5,5,5,5,2,2,2.62,0,0,TRUE
Female,Loyal Customer,41,Business Travel,Business,3396,1,1,1,1,5,5,5,5,5,5,5,5,5,3.77,9,0,TRUE
Female,Loyal Customer,45,Business Travel,Business,775,3,5,3,3,4,5,4,2,2,2,2,3,5,3.31,0,9,TRUE
Female,Loyal Customer,23,Business Travel,Business,1504,4,4,4,4,3,3,3,3,1,5,3,1,3,3.15,41,65,TRUE
Female,Loyal Customer,31,Personal Travel,Eco,1754,3,4,3,4,5,3,5,5,1,1,2,1,5,3.23,90,90,FALSE
Male,Loyal Customer,59,Business Travel,Eco,565,4,1,1,1,4,4,4,4,2,4,4,1,4,2.92,1,15,FALSE
Male,Loyal Customer,18,Personal Travel,Eco,265,3,5,0,3,5,0,5,5,3,3,3,1,5,3.15,0,0,FALSE
Male,Disloyal Customer,37,Business Travel,Business,221,4,5,5,3,1,5,1,1,1,2,1,5,1,2.69,0,0,TRUE
Female,Loyal Customer,52,Business Travel,Business,525,5,5,5,5,4,5,5,4,4,4,4,3,4,4.38,0,0,TRUE
Female,Loyal Customer,40,Business Travel,Eco,1304,4,2,4,2,4,5,4,4,1,5,1,4,4,3.38,11,0,TRUE
Male,Loyal Customer,22,Business Travel,Business,2798,1,1,1,1,5,5,5,5,5,4,5,3,5,3.54,27,56,TRUE
Female,Loyal Customer,46,Business Travel,Business,2395,5,5,5,5,2,5,1,5,5,5,5,4,5,4.38,0,0,TRUE
Female,Loyal Customer,11,Business Travel,Business,2172,5,5,3,5,2,2,2,2,4,2,5,4,2,3.31,0,0,TRUE
Male,Disloyal Customer,24,Business Travel,Eco,391,2,2,2,4,2,2,2,2,4,1,3,3,2,2.38,0,13,FALSE
Male,Disloyal Customer,10,Business Travel,Business,1927,5,0,5,5,2,0,2,2,4,2,4,4,2,2.85,0,0,TRUE
Female,Loyal Customer,12,Personal Travel,Eco,163,3,5,3,3,4,3,2,4,3,5,5,3,4,3.62,0,0,FALSE
Male,Disloyal Customer,22,Business Travel,Eco,101,1,0,1,2,3,1,2,3,1,2,4,5,3,2.15,0,0,FALSE
Female,Loyal Customer,33,Business Travel,Business,717,2,1,1,1,5,2,3,2,2,1,2,1,1,1.85,16,12,FALSE
Male,Disloyal Customer,44,Business Travel,Business,316,1,2,2,4,2,1,2,2,3,2,5,3,2,2.38,22,16,FALSE
Male,Loyal Customer,20,Business Travel,Business,1608,4,4,4,4,4,4,4,4,4,4,5,3,4,4,0,0,TRUE
Female,Loyal Customer,36,Business Travel,Business,184,0,4,0,1,2,5,5,3,3,3,3,5,5,3,0,0,TRUE
Female,Loyal Customer,31,Business Travel,Business,600,3,3,4,3,5,5,5,5,4,3,4,5,5,4.15,16,4,TRUE
Female,Loyal Customer,33,Personal Travel,Eco,610,3,1,2,3,2,2,2,2,1,2,3,3,2,2.15,31,5,FALSE
Female,Loyal Customer,48,Business Travel,Business,405,4,4,4,4,2,4,4,5,5,4,5,5,4,4.15,0,0,TRUE
Male,Loyal Customer,52,Business Travel,Business,2767,1,1,3,1,2,3,3,1,1,2,1,4,2,1.92,14,6,FALSE
Female,Loyal Customer,23,Business Travel,Eco Plus,978,5,1,1,1,5,5,4,5,1,3,1,3,5,3.08,0,0,TRUE
Male,Loyal Customer,25,Personal Travel,Eco,1447,2,4,1,3,3,1,3,3,2,2,4,2,3,2.54,9,0,FALSE
Male,Loyal Customer,58,Personal Travel,Eco,119,1,4,0,3,3,0,5,3,3,3,4,4,3,2.77,10,17,FALSE
Male,Loyal Customer,58,Business Travel,Business,3949,5,5,5,5,4,2,4,5,5,4,5,2,4,4.23,0,0,TRUE
Female,Disloyal Customer,23,Business Travel,Eco,679,4,4,4,3,1,4,1,1,5,1,5,5,1,3,0,0,FALSE
Male,Loyal Customer,12,Personal Travel,Eco,999,4,5,4,2,4,4,4,4,5,5,3,2,4,3.85,0,0,FALSE
Female,Loyal Customer,37,Business Travel,Business,2681,5,5,2,5,4,4,5,4,4,4,4,4,4,4.15,0,0,TRUE
Male,Loyal Customer,45,Business Travel,Business,2356,3,3,3,3,4,4,4,4,4,4,4,4,4,3.69,0,0,TRUE
Female,Loyal Customer,35,Business Travel,Business,719,4,4,4,4,5,4,4,5,5,5,5,5,5,4.54,0,0,TRUE
Female,Loyal Customer,50,Business Travel,Business,1560,5,5,5,5,4,4,4,5,5,5,5,4,3,4.54,0,17,TRUE
Male,Loyal Customer,67,Personal Travel,Eco,459,1,3,1,3,3,1,3,3,2,4,2,1,3,2.31,48,46,FALSE
Male,Loyal Customer,25,Business Travel,Business,3808,5,5,5,5,2,2,2,2,4,3,4,5,2,3.54,0,0,TRUE
Female,Disloyal Customer,19,Business Travel,Eco,261,2,3,2,3,4,2,4,4,4,4,4,3,4,3.31,0,9,FALSE
Female,Loyal Customer,38,Business Travel,Business,1985,4,4,5,4,4,5,3,4,4,5,4,5,5,4.31,23,8,TRUE
Female,Disloyal Customer,55,Business Travel,Eco,1497,3,3,3,2,1,3,1,1,2,3,1,3,1,2.08,0,0,FALSE
Female,Loyal Customer,11,Personal Travel,Eco,86,3,4,3,1,3,3,3,3,3,5,4,1,3,3,0,0,FALSE
Female,Loyal Customer,42,Business Travel,Business,1804,5,5,5,5,3,5,4,5,5,5,5,5,5,4.77,21,2,TRUE
Female,Loyal Customer,40,Business Travel,Business,1494,4,4,4,4,4,4,4,2,4,3,1,4,4,3.54,0,0,TRUE
Female,Loyal Customer,51,Business Travel,Business,226,5,5,5,5,5,5,4,5,5,5,5,5,4,4.85,0,0,TRUE
Female,Loyal Customer,57,Personal Travel,Eco,1173,4,5,4,4,5,5,5,3,3,4,3,3,3,3.92,0,0,FALSE
Female,Loyal Customer,22,Business Travel,Business,746,3,4,4,4,3,3,3,2,5,4,3,3,3,3.38,303,302,FALSE
Male,Loyal Customer,46,Business Travel,Business,2719,2,3,4,3,4,3,3,2,2,3,2,2,2,2.69,0,0,FALSE
Male,Loyal Customer,37,Business Travel,Business,3307,3,3,3,3,4,5,4,3,3,4,3,3,5,3.54,8,1,TRUE
Male,Loyal Customer,47,Personal Travel,Eco Plus,238,3,3,3,3,1,3,1,1,2,5,3,2,1,2.38,0,0,FALSE
Male,Disloyal Customer,37,Business Travel,Eco,421,2,0,3,5,3,3,3,3,4,5,4,5,3,3.31,44,46,FALSE
Female,Loyal Customer,54,Personal Travel,Eco,813,2,1,2,4,5,3,4,3,3,2,3,3,4,3,0,0,FALSE
Female,Disloyal Customer,38,Business Travel,Business,175,1,1,1,2,3,1,3,3,3,4,5,5,3,2.69,24,15,FALSE
Male,Disloyal Customer,44,Business Travel,Business,190,5,5,5,1,4,5,4,4,3,3,5,4,4,4,9,2,TRUE
Male,Loyal Customer,58,Business Travel,Business,2774,4,4,4,4,4,5,3,4,4,4,4,4,1,3.77,0,0,TRUE
Female,Loyal Customer,56,Business Travel,Business,447,4,4,4,4,4,5,4,4,4,4,4,4,3,4,0,0,TRUE
Male,Loyal Customer,56,Personal Travel,Eco,627,1,5,1,5,4,1,1,4,5,3,4,5,4,3.31,55,70,FALSE
Male,Loyal Customer,49,Business Travel,Business,432,1,1,1,1,4,5,5,5,5,5,5,4,4,3.54,58,81,TRUE
Male,Loyal Customer,56,Personal Travel,Eco,728,4,3,4,3,4,4,4,4,5,2,2,2,4,3.46,2,7,FALSE
Female,Loyal Customer,67,Personal Travel,Eco,2611,3,5,2,3,2,3,3,4,3,5,4,3,3,3.31,49,43,FALSE
Female,Loyal Customer,36,Business Travel,Business,89,3,3,3,3,1,5,4,5,5,5,3,2,3,3.46,0,0,TRUE
Female,Loyal Customer,58,Business Travel,Business,1984,3,3,3,3,5,5,4,4,4,4,4,3,5,3.85,7,0,TRUE
Female,Loyal Customer,21,Personal Travel,Eco,2614,3,4,3,5,4,3,4,4,3,5,5,4,4,3.92,2,0,FALSE
Female,Loyal Customer,34,Business Travel,Business,2975,4,4,4,4,2,5,4,5,5,5,5,4,3,4.15,0,17,TRUE
Female,Disloyal Customer,38,Business Travel,Eco Plus,1133,3,3,3,4,4,3,4,4,3,3,4,3,4,3.46,2,0,FALSE
Male,Loyal Customer,41,Business Travel,Business,534,4,5,2,2,3,3,3,4,4,4,4,1,2,3.15,21,8,FALSE
Male,Loyal Customer,55,Business Travel,Business,516,3,3,3,3,5,5,5,3,5,4,4,5,5,4.08,211,231,TRUE
Male,Loyal Customer,35,Personal Travel,Eco,936,3,4,3,2,3,3,3,3,1,3,4,4,3,3,0,0,FALSE
Female,Loyal Customer,59,Business Travel,Business,3414,1,1,1,1,5,5,5,5,5,4,5,3,4,3.46,63,58,TRUE
Male,Loyal Customer,51,Personal Travel,Eco,333,2,5,4,5,2,4,2,2,3,3,5,3,2,3.23,20,19,FALSE
Male,Loyal Customer,35,Business Travel,Business,3604,2,2,2,2,5,4,4,4,4,4,4,3,5,3.46,0,0,TRUE
Female,Loyal Customer,56,Business Travel,Business,3677,1,1,1,1,4,5,4,4,4,4,4,5,4,3.23,0,0,TRUE
Female,Loyal Customer,60,Business Travel,Business,204,0,5,0,2,2,4,4,4,4,5,5,3,4,3.23,0,0,TRUE
Male,Loyal Customer,48,Business Travel,Eco,377,4,4,4,4,4,4,4,4,3,2,3,2,4,3.54,83,71,TRUE
Male,Loyal Customer,38,Personal Travel,Eco,296,0,2,0,2,2,0,2,2,4,5,3,3,2,2.08,0,6,TRUE
Male,Loyal Customer,79,Business Travel,Eco,479,4,1,5,1,4,4,4,4,1,5,3,2,4,3.23,0,0,TRUE
Female,Loyal Customer,48,Business Travel,Business,280,4,4,3,4,4,4,5,5,5,5,5,3,4,4.23,0,0,TRUE
Male,Loyal Customer,34,Business Travel,Business,2688,2,5,5,5,5,4,4,2,2,2,2,2,3,3.31,0,11,FALSE
Female,Loyal Customer,64,Personal Travel,Eco,469,2,4,2,3,3,5,5,5,5,2,5,4,4,3.77,0,0,FALSE
Female,Loyal Customer,50,Business Travel,Eco,1452,2,4,4,4,5,3,3,2,2,2,2,4,4,3.15,26,19,TRUE
Female,Loyal Customer,64,Personal Travel,Eco,237,2,4,2,4,3,5,4,3,3,2,3,4,4,3.31,12,3,FALSE
Female,Loyal Customer,62,Personal Travel,Business,1183,2,1,1,3,5,2,3,2,2,1,2,1,3,2.15,86,75,FALSE
Male,Loyal Customer,54,Personal Travel,Eco,1055,3,4,3,5,5,3,5,5,3,3,5,4,5,4.08,14,25,FALSE
Female,Loyal Customer,9,Personal Travel,Eco,515,1,4,5,3,1,5,1,1,4,2,4,5,1,2.85,0,0,FALSE
Female,Loyal Customer,37,Personal Travel,Eco,507,2,3,2,1,1,2,5,1,1,2,4,3,1,2.15,0,0,FALSE
Male,Loyal Customer,55,Business Travel,Eco,684,4,5,3,3,4,4,4,4,1,4,1,5,4,3.54,0,0,TRUE
Male,Loyal Customer,41,Business Travel,Business,2168,5,5,5,5,3,4,5,4,4,4,4,4,4,4.31,50,43,TRUE
Male,Loyal Customer,46,Personal Travel,Eco,675,3,5,3,3,5,3,5,5,1,5,3,2,5,3.69,32,27,FALSE
Female,Loyal Customer,37,Business Travel,Business,1587,2,2,2,2,4,4,4,4,4,4,4,5,5,3.54,1,1,TRUE
Male,Disloyal Customer,36,Business Travel,Eco,984,3,3,3,2,1,3,1,1,2,2,1,3,1,2,2,0,FALSE
Female,Loyal Customer,43,Personal Travel,Business,312,2,4,2,1,4,5,4,1,1,2,4,3,4,2.85,86,79,FALSE
Male,Loyal Customer,56,Personal Travel,Eco,544,2,5,2,4,3,2,3,3,2,1,3,2,3,2.69,0,0,FALSE
Male,Loyal Customer,43,Business Travel,Business,2215,4,4,4,4,5,5,4,5,5,4,5,5,3,4.38,0,0,TRUE
Female,Loyal Customer,44,Personal Travel,Eco,731,3,4,3,1,3,3,3,3,3,3,3,3,5,3.08,0,0,FALSE
Female,Loyal Customer,49,Business Travel,Business,1945,5,5,5,5,2,4,4,4,4,4,4,2,4,4,23,16,TRUE
Female,Loyal Customer,16,Personal Travel,Eco,723,2,5,2,4,2,2,2,2,3,4,5,2,2,2.85,41,38,FALSE
Female,Loyal Customer,7,Personal Travel,Eco Plus,650,2,4,2,5,2,2,2,2,4,2,1,4,2,2.62,30,19,FALSE
Female,Loyal Customer,47,Business Travel,Business,1379,2,1,5,1,3,4,4,2,2,2,2,3,1,2.46,0,0,FALSE
Female,Loyal Customer,60,Personal Travel,Eco,387,1,4,1,5,5,4,5,4,4,1,4,5,4,3.62,0,0,FALSE
Male,Loyal Customer,50,Personal Travel,Eco,1947,2,4,2,3,4,2,4,4,3,4,4,5,4,3.46,0,0,FALSE
Male,Loyal Customer,31,Business Travel,Business,1014,5,5,5,5,4,4,4,4,2,4,4,3,4,4.08,0,0,TRUE
Male,Loyal Customer,28,Business Travel,Business,895,4,2,4,4,3,3,3,3,5,2,4,5,3,3.46,0,0,TRUE
Female,Loyal Customer,20,Personal Travel,Eco,1009,3,3,2,3,2,2,2,2,2,2,4,1,2,2.31,0,0,FALSE
Female,Disloyal Customer,27,Business Travel,Business,895,3,3,3,4,1,3,1,1,3,5,5,3,1,2.77,0,0,FALSE
Male,Loyal Customer,47,Business Travel,Business,1880,4,4,4,4,5,4,5,5,5,5,5,5,4,4.54,8,3,TRUE
Female,Loyal Customer,65,Business Travel,Business,2026,3,4,4,4,3,1,2,3,3,3,3,3,2,2.92,8,8,FALSE
Male,Loyal Customer,39,Business Travel,Business,329,5,5,5,5,4,4,5,4,4,4,4,4,4,4.38,0,0,TRUE
Female,Disloyal Customer,24,Business Travel,Eco,227,2,0,2,5,2,2,2,2,5,5,5,5,2,3,0,0,FALSE
Female,Loyal Customer,39,Business Travel,Business,1718,3,3,3,3,5,5,5,5,5,5,5,5,5,4.38,0,0,TRUE
Male,Loyal Customer,48,Business Travel,Business,594,1,1,1,1,3,4,5,5,5,5,5,3,5,3.38,0,0,TRUE
Male,Loyal Customer,42,Business Travel,Business,2288,5,5,5,5,3,5,4,5,5,5,5,4,4,4.62,7,0,TRUE
Female,Loyal Customer,44,Personal Travel,Eco,2475,3,4,4,3,4,5,5,4,5,3,5,5,5,4.23,0,0,FALSE
Female,Loyal Customer,63,Personal Travel,Eco Plus,312,3,4,3,3,3,5,4,5,4,5,5,4,4,4,176,179,FALSE
Male,Loyal Customer,28,Business Travel,Business,1183,2,2,2,2,2,2,2,2,2,5,2,2,2,2.23,16,19,FALSE
Male,Disloyal Customer,27,Business Travel,Eco Plus,151,3,4,4,4,5,4,5,5,1,2,3,2,5,3.62,0,0,FALSE
Female,Loyal Customer,22,Business Travel,Eco,1276,4,4,4,4,4,4,2,4,1,2,3,3,4,3.31,29,5,FALSE
Male,Loyal Customer,67,Personal Travel,Eco,715,1,1,1,3,2,1,2,2,1,4,4,2,2,2,7,21,FALSE
Female,Loyal Customer,51,Business Travel,Eco,1464,2,3,3,3,1,2,3,2,2,2,2,2,3,2.31,5,0,FALSE
Male,Loyal Customer,35,Business Travel,Business,1529,2,2,2,2,4,5,5,4,4,4,4,3,3,3.38,17,16,TRUE
Female,Loyal Customer,34,Personal Travel,Eco,2565,2,1,2,4,2,2,2,3,1,4,3,2,2,2.31,0,0,FALSE
Female,Loyal Customer,53,Business Travel,Business,2410,5,5,5,5,3,4,4,5,5,5,5,3,4,4.46,0,0,TRUE
Male,Loyal Customer,35,Personal Travel,Eco,397,2,5,2,2,2,2,2,2,5,5,5,4,2,3.08,0,4,FALSE
Female,Loyal Customer,57,Business Travel,Business,2272,2,2,2,2,2,5,4,4,4,4,4,4,5,3.38,1,0,TRUE
Female,Loyal Customer,23,Personal Travel,Eco,314,3,5,3,2,5,3,5,5,4,2,4,5,5,3.92,120,111,FALSE
Male,Loyal Customer,55,Business Travel,Eco,425,4,5,5,5,4,4,4,4,5,1,4,2,4,3.92,0,0,TRUE
Male,Disloyal Customer,22,Business Travel,Eco,541,5,0,5,1,3,5,3,3,3,2,4,3,3,3.08,45,23,TRUE
Female,Disloyal Customer,24,Business Travel,Business,431,5,2,5,1,3,5,3,3,3,5,4,4,3,3.54,0,0,TRUE
Female,Disloyal Customer,33,Business Travel,Business,602,2,2,2,1,2,2,5,2,5,3,4,5,2,2.85,0,0,FALSE
Female,Loyal Customer,63,Personal Travel,Eco,950,5,3,5,3,1,4,4,2,2,5,2,4,2,3.23,31,38,TRUE
Male,Loyal Customer,42,Business Travel,Business,3031,4,4,5,4,4,4,4,4,4,4,4,4,4,4.08,6,32,TRUE
Female,Loyal Customer,32,Personal Travel,Eco,806,3,3,2,3,3,2,3,3,1,5,3,2,3,2.77,9,10,FALSE
Female,Loyal Customer,52,Personal Travel,Eco,419,1,5,1,2,5,1,5,2,2,1,2,3,3,2.54,0,0,FALSE
Female,Loyal Customer,64,Personal Travel,Eco,101,4,4,4,4,3,1,2,3,3,4,3,4,1,3.08,0,0,FALSE
Female,Loyal Customer,41,Business Travel,Business,406,4,4,4,4,5,5,4,5,5,5,5,3,3,4.31,0,4,TRUE
Female,Loyal Customer,28,Business Travel,Eco Plus,446,1,1,1,1,1,1,1,1,3,4,3,3,1,1.69,0,18,FALSE
Female,Loyal Customer,13,Personal Travel,Eco,594,4,2,4,3,2,4,2,2,2,4,3,3,2,2.85,0,0,TRUE
Female,Loyal Customer,27,Business Travel,Business,3430,2,2,2,2,5,5,5,5,3,2,5,5,5,3.69,9,11,TRUE
Female,Loyal Customer,57,Business Travel,Business,3529,1,1,1,1,5,5,5,4,4,4,4,3,3,3.15,38,41,TRUE
Female,Loyal Customer,60,Business Travel,Eco,247,2,5,5,5,1,5,1,2,2,2,2,5,5,3.23,7,3,TRUE
Male,Loyal Customer,49,Personal Travel,Business,507,1,5,3,3,3,4,5,3,3,3,3,5,4,3.46,12,0,FALSE
Female,Loyal Customer,27,Business Travel,Business,967,1,3,3,3,1,2,1,1,4,3,3,4,1,2.31,2,0,FALSE
Female,Loyal Customer,31,Business Travel,Business,937,2,2,2,2,5,5,5,5,1,2,3,4,5,3.31,0,0,TRUE
Female,Loyal Customer,32,Personal Travel,Eco Plus,980,1,2,1,2,1,1,1,1,3,5,2,2,1,1.77,0,0,FALSE
Male,Loyal Customer,57,Business Travel,Business,2471,1,1,1,1,3,5,5,4,4,4,4,5,5,3.31,6,0,TRUE
Male,Loyal Customer,49,Business Travel,Business,1716,5,5,5,5,2,5,5,4,4,4,4,5,4,4.38,33,17,TRUE
Female,Disloyal Customer,25,Business Travel,Business,1444,5,4,5,3,1,5,1,1,4,3,3,4,1,3.08,25,6,TRUE
Male,Loyal Customer,62,Personal Travel,Eco,201,3,2,3,3,4,3,4,4,4,5,2,3,4,3.38,0,0,FALSE
Male,Disloyal Customer,21,Business Travel,Eco,327,4,0,4,4,4,4,4,4,5,2,3,5,4,3.62,0,0,FALSE
Female,Loyal Customer,39,Business Travel,Business,2839,0,0,0,1,3,4,4,2,2,2,2,3,4,2.08,0,7,TRUE
Male,Loyal Customer,16,Business Travel,Business,3184,3,1,1,1,3,2,3,3,1,1,3,2,3,2.08,0,,FALSE
Female,Loyal Customer,53,Business Travel,Eco,1476,5,5,5,5,1,2,3,5,5,5,5,3,4,4.08,0,10,TRUE
Female,Loyal Customer,52,Business Travel,Business,1464,2,3,2,2,4,5,5,4,4,4,4,4,4,3.62,13,2,TRUE
Female,Loyal Customer,25,Business Travel,Business,1630,3,3,3,3,3,3,3,3,1,3,2,2,3,2.69,123,102,FALSE
Female,Loyal Customer,39,Business Travel,Business,3366,1,1,2,1,3,4,5,5,5,5,5,3,1,3.15,10,2,TRUE
Male,Loyal Customer,40,Business Travel,Business,1025,3,2,3,3,3,4,4,5,5,5,5,3,3,3.69,0,9,TRUE
Male,Loyal Customer,26,Business Travel,Business,223,1,1,4,1,5,5,5,5,4,4,5,5,5,3.85,0,2,TRUE
Female,Loyal Customer,31,Business Travel,Business,665,2,2,2,2,2,2,2,2,4,2,3,1,2,2.15,4,0,FALSE
Female,Loyal Customer,57,Personal Travel,Eco,691,2,5,2,4,3,5,4,2,2,2,2,5,3,3.15,0,0,FALSE
Female,Disloyal Customer,23,Business Travel,Eco,1180,4,4,4,1,2,4,1,2,3,5,4,2,2,2.92,0,0,FALSE
Female,Loyal Customer,49,Business Travel,Eco,605,2,3,3,3,4,3,4,2,2,2,2,4,3,2.85,0,0,FALSE
Male,Disloyal Customer,23,Business Travel,Eco,209,2,5,2,2,2,2,3,5,1,1,2,3,3,2.54,210,257,FALSE
Male,Disloyal Customer,25,Business Travel,Eco,809,1,1,1,4,1,1,1,1,2,1,3,2,1,1.54,10,0,FALSE
Female,Loyal Customer,52,Personal Travel,Eco,1306,3,5,3,4,3,5,5,4,3,5,4,5,5,4.15,271,275,FALSE
Male,Loyal Customer,64,Personal Travel,Eco,589,3,4,4,4,4,4,4,4,4,4,4,3,4,3.85,9,10,FALSE
Male,Disloyal Customer,24,Business Travel,Eco,495,1,3,1,4,2,1,2,2,3,2,4,2,2,2.23,0,56,FALSE
Female,Loyal Customer,22,Personal Travel,Eco,192,2,4,2,5,2,2,4,2,3,3,4,3,2,2.92,0,0,FALSE
Male,Disloyal Customer,26,Business Travel,Eco,950,2,2,2,1,4,2,4,4,3,5,2,4,4,3,0,0,FALSE
Female,Loyal Customer,60,Business Travel,Business,2034,2,2,2,2,5,5,4,3,3,4,3,3,4,3.23,8,0,TRUE
Male,Disloyal Customer,38,Business Travel,Eco,296,1,4,1,3,3,1,2,3,2,3,4,4,3,2.62,0,10,FALSE
Female,Loyal Customer,45,Business Travel,Business,1011,3,3,3,3,3,5,5,4,4,3,4,4,4,3.69,15,0,TRUE
Male,Loyal Customer,61,Personal Travel,Eco,2519,2,3,2,3,4,2,4,4,4,2,2,2,4,2.92,13,1,FALSE
Female,Loyal Customer,43,Personal Travel,Eco Plus,2330,2,4,2,4,2,3,3,5,5,3,5,3,3,3.38,0,0,FALSE
Male,Loyal Customer,30,Business Travel,Business,1182,3,3,5,3,5,4,5,5,5,4,5,5,5,4.38,84,100,TRUE
Male,Loyal Customer,49,Business Travel,Business,2435,1,1,1,1,5,3,2,1,1,1,1,3,3,1.85,3,1,FALSE
Female,Loyal Customer,25,Business Travel,Eco,677,5,1,1,1,5,5,5,5,5,5,3,3,5,3.77,56,48,TRUE
Male,Loyal Customer,40,Business Travel,Business,2502,2,3,3,3,3,4,4,2,2,2,2,4,2,2.77,0,0,FALSE
Female,Loyal Customer,44,Business Travel,Eco,484,3,1,2,1,1,1,1,3,3,3,3,3,3,2.15,59,66,FALSE
Female,Disloyal Customer,29,Business Travel,Eco,1069,2,3,3,1,4,3,4,4,1,2,5,3,4,3,4,17,FALSE
Male,Loyal Customer,51,Business Travel,Business,3993,3,3,3,3,3,4,5,4,4,4,4,3,5,3.69,24,11,TRUE
Female,Loyal Customer,48,Personal Travel,Eco Plus,483,3,3,3,3,2,2,3,3,3,3,3,2,2,2.69,14,1,FALSE
Male,Loyal Customer,42,Business Travel,Business,3536,1,4,4,4,4,3,4,1,1,1,1,4,2,2.62,0,0,FALSE
Male,Loyal Customer,60,Business Travel,Eco,684,3,4,4,4,3,3,3,3,2,3,4,1,3,3.08,0,0,FALSE
Female,Disloyal Customer,22,Business Travel,Eco,834,2,2,2,4,3,2,3,3,3,3,4,4,3,2.92,0,0,FALSE
Female,Loyal Customer,59,Business Travel,Business,2918,3,3,4,3,4,5,4,4,4,4,4,3,5,3.85,33,26,TRUE
Female,Loyal Customer,17,Business Travel,Business,3550,2,3,3,3,2,2,2,2,4,4,3,4,2,2.77,1,1,FALSE
Female,Loyal Customer,51,Business Travel,Eco,525,2,5,5,5,2,5,5,2,2,2,2,3,3,3.31,0,0,TRUE
Female,Disloyal Customer,46,Business Travel,Eco,1235,3,3,3,4,3,3,3,3,3,2,4,3,3,3.08,0,0,FALSE
Female,Loyal Customer,37,Business Travel,Business,2545,4,4,4,4,1,2,1,5,5,5,5,5,4,3.77,20,13,TRUE
Female,Loyal Customer,18,Personal Travel,Eco,237,2,5,2,2,3,2,3,3,3,5,5,5,3,3.31,0,0,FALSE
Male,Loyal Customer,57,Business Travel,Eco,610,2,4,4,4,2,2,2,2,2,4,5,5,2,3.08,9,20,TRUE
Male,Loyal Customer,32,Business Travel,Business,2142,5,5,5,5,4,5,4,4,5,2,4,4,4,4.31,0,0,TRUE
Female,Loyal Customer,41,Business Travel,Business,936,4,4,4,4,3,4,5,3,3,3,3,3,5,3.69,0,0,TRUE
Male,Loyal Customer,43,Business Travel,Eco Plus,1199,1,0,0,4,4,1,4,4,4,2,3,1,4,2.46,0,0,FALSE
Female,Loyal Customer,21,Business Travel,Business,650,1,1,1,1,4,5,4,4,3,4,5,3,4,3.08,0,0,TRUE
Female,Loyal Customer,43,Business Travel,Business,3930,5,5,5,5,5,5,4,4,4,4,4,3,3,4.31,3,4,TRUE
Male,Loyal Customer,23,Business Travel,Business,2174,4,4,4,4,4,4,4,4,5,5,5,3,4,4.15,27,17,TRUE
Male,Disloyal Customer,35,Business Travel,Eco,674,3,3,3,3,3,3,1,3,3,5,4,1,3,2.92,52,48,FALSE
Male,Loyal Customer,9,Personal Travel,Eco,1005,2,5,2,3,5,2,5,5,4,4,2,3,5,3.62,1,0,FALSE
Female,Loyal Customer,53,Business Travel,Business,602,3,3,3,3,5,4,5,4,4,4,4,4,4,3.85,1,6,TRUE
Male,Loyal Customer,43,Business Travel,Business,1426,3,3,3,3,5,5,4,4,4,4,4,3,3,3.69,0,0,TRUE
Female,Loyal Customer,33,Personal Travel,Eco,526,1,4,1,4,3,1,3,3,3,3,4,3,3,2.77,0,0,FALSE
Male,Loyal Customer,17,Business Travel,Business,3582,2,5,5,5,2,2,2,2,3,4,4,4,2,3.23,8,107,FALSE
Male,Loyal Customer,17,Business Travel,Business,2846,1,1,1,1,4,4,4,4,4,5,3,5,4,3.15,0,0,TRUE
Female,Loyal Customer,37,Business Travel,Eco,903,2,5,5,5,2,2,2,2,2,5,4,3,2,3.15,14,1,FALSE
Female,Loyal Customer,39,Business Travel,Business,551,5,5,5,5,3,4,5,5,5,5,5,5,4,4.69,0,0,TRUE
Male,Loyal Customer,56,Personal Travel,Eco,397,3,4,3,5,1,3,1,1,4,3,5,3,1,2.85,15,7,FALSE
Male,Disloyal Customer,36,Business Travel,Eco,898,2,2,2,2,2,2,2,2,3,2,1,5,2,2.23,0,0,FALSE
Female,Disloyal Customer,24,Business Travel,Eco,1205,4,4,4,2,4,1,1,5,5,5,4,1,1,3.15,9,0,FALSE
Male,Loyal Customer,36,Business Travel,Eco,2139,4,1,1,1,4,4,4,4,3,1,4,5,4,3.08,44,38,TRUE
Female,Loyal Customer,59,Business Travel,Eco Plus,236,2,3,3,3,1,3,4,2,2,2,2,3,1,2.38,0,0,FALSE
Male,Loyal Customer,47,Personal Travel,Eco,325,2,4,3,3,1,3,1,1,3,2,4,3,1,2.38,89,81,FALSE
Male,Loyal Customer,26,Personal Travel,Eco,192,3,3,3,3,2,3,2,2,3,1,2,4,2,2.54,17,15,FALSE
Female,Disloyal Customer,22,Business Travel,Eco,861,2,2,2,1,5,2,5,5,5,5,5,3,5,3.62,0,0,FALSE
Female,Loyal Customer,52,Business Travel,Eco Plus,429,2,2,2,2,4,2,5,2,2,2,2,1,3,2.38,0,2,TRUE
Male,Loyal Customer,33,Business Travel,Business,480,4,1,5,1,4,4,4,4,4,5,2,3,4,3.46,0,0,FALSE
Female,Loyal Customer,56,Business Travel,Business,1733,4,2,4,4,5,4,5,5,5,5,5,5,3,4.31,3,0,TRUE
Female,Loyal Customer,51,Business Travel,Eco Plus,102,4,3,5,5,5,4,1,4,4,4,4,4,3,3.85,0,0,TRUE
Female,Loyal Customer,25,Business Travel,Eco,2419,5,5,5,5,5,5,4,5,3,3,5,3,5,4.46,3,2,TRUE
Female,Loyal Customer,12,Personal Travel,Eco,356,2,5,2,1,4,2,4,4,5,5,4,3,4,3.46,0,0,FALSE
Female,Loyal Customer,60,Business Travel,Business,414,3,3,3,3,5,4,5,4,4,4,4,3,5,3.85,46,47,TRUE
Male,Loyal Customer,63,Personal Travel,Eco,992,3,5,4,1,3,4,3,3,5,4,4,3,3,3.46,28,18,FALSE
Female,Loyal Customer,26,Business Travel,Business,1738,5,5,5,5,2,2,2,2,4,5,4,5,2,3.69,1,0,TRUE
Male,Loyal Customer,43,Business Travel,Business,1627,4,4,3,4,3,4,5,4,4,4,4,5,3,3.92,109,128,TRUE
Female,Loyal Customer,27,Business Travel,Eco,1990,3,1,1,1,3,3,3,3,3,3,1,4,3,2.46,19,61,FALSE
Female,Loyal Customer,42,Business Travel,Eco,289,3,2,4,2,4,3,3,3,3,3,3,3,1,2.85,0,0,FALSE
Female,Disloyal Customer,46,Business Travel,Business,405,3,4,4,3,5,3,5,5,5,2,4,4,5,4,1,0,FALSE
Male,Loyal Customer,39,Business Travel,Eco,365,4,4,4,4,4,4,4,4,1,5,3,4,4,3.77,0,0,FALSE
Female,Loyal Customer,23,Personal Travel,Eco,2777,1,1,1,4,1,5,5,2,3,4,4,5,5,3.15,96,87,FALSE
Female,Loyal Customer,57,Business Travel,Business,1739,2,2,2,2,4,4,4,3,3,4,3,5,3,3.15,31,21,TRUE
Male,Loyal Customer,50,Personal Travel,Eco,936,4,5,3,2,5,3,1,5,5,3,4,2,5,3.62,22,29,FALSE
Male,Loyal Customer,39,Business Travel,Eco,740,4,2,2,2,4,4,4,4,1,1,4,2,4,2.92,3,0,TRUE
Male,Disloyal Customer,18,Business Travel,Eco Plus,883,3,2,3,3,5,3,5,5,1,5,3,1,5,3.38,9,0,FALSE
Female,Loyal Customer,32,Personal Travel,Eco,767,4,4,4,4,1,4,1,1,3,5,5,3,1,3.08,0,0,FALSE
Male,Loyal Customer,38,Business Travel,Business,3499,2,2,2,2,4,4,4,5,5,5,5,5,3,3.69,20,10,TRUE
Male,Loyal Customer,18,Personal Travel,Business,591,1,5,1,5,3,1,3,3,3,3,5,4,3,3.08,0,0,FALSE
Female,Loyal Customer,55,Business Travel,Business,248,3,3,3,3,3,5,5,5,5,5,5,4,3,4,0,3,TRUE
Female,Loyal Customer,52,Business Travel,Eco Plus,125,4,2,2,2,4,5,3,4,4,4,4,5,2,3.46,0,3,TRUE
Female,Loyal Customer,30,Business Travel,Business,2481,0,0,0,1,1,1,1,1,5,2,4,1,1,1.38,0,0,TRUE
Female,Loyal Customer,9,Personal Travel,Eco,299,3,3,3,3,3,3,3,3,4,4,1,1,3,2.85,0,0,FALSE
Female,Loyal Customer,26,Personal Travel,Eco,447,1,4,1,2,4,1,4,4,4,3,5,5,4,3.23,10,0,FALSE
Male,Loyal Customer,50,Personal Travel,Eco Plus,489,1,3,1,5,2,1,2,2,2,4,1,2,2,2.15,42,30,FALSE
Male,Loyal Customer,51,Personal Travel,Eco Plus,1605,3,4,2,3,5,2,5,5,5,2,5,5,5,3.92,48,69,FALSE
Female,Loyal Customer,23,Business Travel,Eco,370,4,4,4,4,4,4,5,4,3,2,5,4,4,3.92,84,86,TRUE
Male,Loyal Customer,63,Personal Travel,Eco Plus,935,2,1,2,4,1,2,1,1,2,4,4,1,1,2,0,19,FALSE
Male,Loyal Customer,63,Business Travel,Business,1843,5,5,4,5,2,5,5,3,3,5,3,4,2,3.92,21,35,TRUE
Female,Loyal Customer,57,Business Travel,Eco,426,4,5,5,5,1,5,3,4,4,4,4,3,2,3.77,15,14,TRUE
Male,Loyal Customer,32,Business Travel,Business,150,0,4,0,3,4,1,1,4,4,2,3,1,4,2.38,0,0,TRUE
Female,Disloyal Customer,52,Business Travel,Eco,814,3,3,3,4,1,3,1,1,3,2,3,1,1,2.23,0,0,FALSE
Male,Loyal Customer,40,Business Travel,Business,2096,2,2,2,2,3,4,4,2,2,2,2,3,4,2.62,0,0,TRUE
Male,Loyal Customer,39,Business Travel,Business,447,4,1,1,1,1,3,4,4,4,4,4,1,1,2.54,0,0,FALSE
Female,Loyal Customer,52,Business Travel,Business,2769,1,3,3,3,3,4,3,1,1,1,1,2,2,2.15,17,13,FALSE
Male,Loyal Customer,55,Business Travel,Business,2526,5,4,5,5,4,4,4,5,5,5,5,4,4,4.54,14,9,TRUE
Female,Loyal Customer,62,Business Travel,Business,2651,2,5,4,4,3,4,3,2,2,2,2,4,2,3,0,0,FALSE
Male,Disloyal Customer,20,Business Travel,Eco,337,3,1,3,3,4,3,4,4,2,4,2,4,4,3.15,4,1,FALSE
Female,Loyal Customer,29,Business Travel,Business,521,4,4,4,4,2,3,2,2,4,1,4,4,2,3.08,0,0,TRUE
Female,Disloyal Customer,20,Business Travel,Eco,881,1,1,1,3,3,1,1,3,2,1,2,3,3,1.92,44,41,FALSE
Female,Disloyal Customer,38,Business Travel,Eco Plus,209,4,4,4,3,4,4,4,4,5,4,2,5,4,3.92,0,0,FALSE
Male,Loyal Customer,56,Business Travel,Eco,1452,2,5,5,5,2,2,2,2,1,1,3,3,2,2.69,0,0,FALSE
Female,Loyal Customer,60,Business Travel,Business,3609,2,2,2,2,5,4,5,5,5,5,5,5,5,4,0,0,TRUE
Female,Disloyal Customer,52,Business Travel,Eco,773,5,5,5,4,3,5,5,3,5,2,3,5,3,4.08,0,0,TRUE
Male,Disloyal Customer,52,Business Travel,Eco,612,3,5,3,3,2,3,2,2,2,5,4,4,2,3.08,111,108,FALSE
Female,Loyal Customer,36,Personal Travel,Eco,691,4,2,4,4,5,4,5,5,3,3,4,2,5,3.85,0,1,TRUE
Male,Loyal Customer,37,Business Travel,Eco,140,4,1,2,1,4,5,4,4,4,3,4,2,4,3.23,0,0,TRUE
Male,Loyal Customer,43,Business Travel,Eco Plus,746,5,2,2,2,5,5,5,5,3,4,4,4,5,3.92,0,0,TRUE
Female,Disloyal Customer,38,Business Travel,Business,175,4,4,4,1,1,4,1,1,5,2,5,3,1,2.77,18,10,TRUE
Female,Disloyal Customer,23,Business Travel,Eco Plus,325,3,3,3,2,4,3,4,4,1,4,1,4,4,3.08,9,6,FALSE
Female,Disloyal Customer,23,Business Travel,Eco,612,2,0,2,3,5,2,1,5,5,5,4,3,5,3.23,25,10,FALSE
Male,Disloyal Customer,36,Business Travel,Business,2399,2,2,2,3,2,2,2,2,4,4,3,4,2,2.62,0,0,FALSE
Male,Loyal Customer,40,Business Travel,Business,821,2,2,2,2,5,5,4,3,3,2,3,5,4,3.23,18,19,TRUE
Female,Loyal Customer,42,Business Travel,Business,842,1,1,1,1,4,4,5,5,5,5,5,3,5,3.46,1,0,TRUE
Female,Loyal Customer,34,Business Travel,Business,3885,0,0,0,3,2,5,4,2,2,2,2,4,3,2.23,0,0,TRUE
Female,Loyal Customer,24,Business Travel,Eco,406,5,1,1,1,5,5,4,5,1,4,2,3,5,3.23,0,0,TRUE
Female,Loyal Customer,39,Business Travel,Eco,1065,4,1,1,1,4,4,4,4,2,1,4,3,4,2.85,0,0,TRUE
Female,Loyal Customer,35,Business Travel,Business,1587,3,3,3,3,4,5,4,5,5,5,5,3,5,4.08,12,6,TRUE
Female,Loyal Customer,16,Personal Travel,Eco,277,3,3,3,3,2,3,2,2,1,3,4,3,2,2.62,0,0,FALSE
Male,Disloyal Customer,24,Business Travel,Eco,1045,2,2,2,4,2,2,2,2,4,2,3,1,2,2.31,0,0,FALSE
Female,Loyal Customer,52,Business Travel,Business,1677,3,3,3,3,2,5,5,4,4,4,4,4,4,3.69,16,12,TRUE
Female,Loyal Customer,50,Business Travel,Business,2279,5,5,5,5,3,4,5,4,4,4,4,3,3,4.15,0,0,TRUE
Male,Loyal Customer,50,Personal Travel,Eco,451,2,4,2,3,5,2,5,5,3,2,4,5,5,3.62,0,0,FALSE
Female,Disloyal Customer,26,Business Travel,Business,293,0,5,0,2,5,0,5,5,3,3,4,5,5,3.23,50,51,TRUE
Male,Loyal Customer,33,Business Travel,Business,786,2,2,2,2,5,5,5,5,3,3,4,3,5,3.54,4,1,TRUE
Male,Loyal Customer,56,Business Travel,Business,1685,3,5,3,3,1,2,5,4,4,4,4,5,5,3.69,15,18,TRUE
Male,Loyal Customer,24,Business Travel,Eco Plus,370,4,4,4,4,4,4,5,4,4,3,4,5,4,4.08,0,4,TRUE
Male,Loyal Customer,53,Business Travel,Eco,399,3,4,4,4,3,3,3,3,1,1,3,4,3,3,3,6,FALSE
Male,Loyal Customer,38,Business Travel,Business,3266,1,1,1,1,1,2,2,5,5,5,5,1,2,2.46,0,0,TRUE
Male,Loyal Customer,69,Personal Travel,Eco,341,2,5,2,5,5,2,5,5,5,3,5,4,5,4.08,7,12,FALSE
Female,Loyal Customer,37,Personal Travel,Eco,581,2,4,2,3,4,2,5,4,4,4,5,5,4,3.69,0,0,FALSE
Male,Disloyal Customer,9,Business Travel,Eco,1399,3,2,2,3,5,3,5,5,2,4,4,3,5,3.54,101,90,FALSE
Male,Disloyal Customer,27,Business Travel,Business,229,2,1,1,3,5,1,5,5,4,2,5,2,5,3.15,84,78,FALSE
Male,Loyal Customer,57,Personal Travel,Eco,337,2,4,2,5,2,2,3,2,3,4,2,3,2,2.77,0,0,FALSE
Male,Loyal Customer,38,Business Travel,Business,3465,0,4,0,3,4,5,1,2,2,2,2,4,4,2.54,0,0,TRUE
Male,Loyal Customer,50,Business Travel,Eco,634,4,2,2,2,4,4,4,4,4,2,4,5,4,3.46,12,16,TRUE
Female,Disloyal Customer,35,Business Travel,Business,1431,3,3,3,3,2,3,2,2,5,5,4,3,2,3.08,17,24,FALSE
Female,Loyal Customer,42,Personal Travel,Eco Plus,1020,1,0,1,4,3,5,5,1,1,1,1,4,4,2.38,0,0,FALSE
Male,Loyal Customer,58,Personal Travel,Eco,347,1,5,5,3,5,5,5,5,4,5,5,3,5,4.31,2,2,FALSE
Male,Disloyal Customer,50,Business Travel,Business,280,2,2,2,4,4,2,4,4,1,3,3,3,4,2.92,59,73,FALSE
Male,Loyal Customer,39,Business Travel,Business,2072,3,3,3,3,2,4,5,5,5,5,5,3,4,3.85,0,5,TRUE
Female,Loyal Customer,21,Business Travel,Business,2364,5,5,5,5,4,4,4,4,4,3,5,4,4,4.31,0,0,TRUE
Female,Loyal Customer,44,Business Travel,Business,669,1,1,1,1,3,4,5,3,3,3,3,4,5,2.85,0,8,TRUE
Male,Loyal Customer,17,Business Travel,Business,2595,5,5,5,5,4,4,4,4,3,2,4,3,4,4,0,0,TRUE
Female,Loyal Customer,25,Personal Travel,Eco,1590,4,5,4,3,3,4,3,3,3,5,5,4,3,3.77,16,20,TRUE
Male,Loyal Customer,50,Business Travel,Business,3205,0,0,0,1,2,4,5,3,3,3,3,5,3,2.46,29,23,TRUE
Female,Disloyal Customer,37,Business Travel,Business,290,3,3,3,3,2,3,2,2,5,5,5,3,2,3.15,16,7,FALSE
Female,Loyal Customer,26,Business Travel,Eco Plus,2537,4,5,4,5,4,4,5,4,2,1,4,1,4,3.62,0,0,TRUE
Female,Disloyal Customer,23,Business Travel,Business,1046,0,4,0,4,1,0,1,1,5,4,4,4,1,2.23,0,0,TRUE
Male,Loyal Customer,51,Business Travel,Business,3269,1,1,4,1,4,4,5,4,4,5,4,2,2,3.15,0,0,TRUE
Female,Loyal Customer,52,Business Travel,Eco,895,4,4,4,4,5,4,3,4,4,4,4,3,3,3.85,0,0,FALSE
Female,Loyal Customer,32,Business Travel,Business,3054,5,5,3,5,3,4,3,3,3,3,4,3,3,3.62,1,1,TRUE
Female,Loyal Customer,48,Business Travel,Business,2251,1,1,1,1,3,4,3,2,2,2,2,5,2,2.23,0,0,TRUE
Female,Loyal Customer,34,Personal Travel,Business,1452,2,1,2,3,2,3,4,1,1,2,1,1,3,2,1,0,FALSE
Male,Loyal Customer,69,Personal Travel,Eco,2586,1,4,1,3,3,1,3,3,5,4,3,3,3,2.85,0,0,FALSE
Male,Loyal Customer,43,Business Travel,Business,2298,4,4,3,4,3,1,5,4,4,5,4,5,5,3.92,7,33,TRUE
Male,Loyal Customer,64,Personal Travel,Eco,354,3,4,3,3,5,3,5,5,3,3,4,5,5,3.92,0,0,FALSE
Female,Loyal Customer,44,Business Travel,Business,1995,4,4,5,4,5,5,5,4,4,4,4,4,3,4.23,0,0,TRUE
Female,Loyal Customer,26,Personal Travel,Eco,669,2,3,2,2,5,2,5,5,2,1,3,3,5,3.08,0,0,FALSE
Female,Disloyal Customer,20,Business Travel,Eco,201,2,5,2,4,2,2,2,2,5,3,4,3,2,2.92,0,0,FALSE
Male,Loyal Customer,64,Business Travel,Business,264,3,3,2,3,2,2,1,4,4,4,4,1,3,2.77,0,0,TRUE
Female,Loyal Customer,55,Personal Travel,Eco,500,2,3,2,3,5,3,3,1,1,2,1,2,3,2.38,20,10,FALSE
Male,Loyal Customer,56,Business Travel,Business,189,0,5,1,1,4,5,5,5,5,5,5,5,5,3.92,12,2,TRUE
Male,Loyal Customer,58,Personal Travel,Eco,404,1,5,1,2,3,1,5,3,4,3,5,4,3,3.08,0,0,FALSE
Male,Loyal Customer,79,Business Travel,Business,525,1,1,4,1,1,5,1,4,4,4,4,3,3,2.77,0,0,TRUE
Female,Loyal Customer,44,Business Travel,Business,2556,3,3,3,3,5,5,5,4,4,3,5,5,5,4.08,138,162,TRUE
Male,Loyal Customer,37,Business Travel,Business,300,5,5,5,5,4,1,3,5,5,4,5,4,3,4.15,6,0,TRUE
Female,Loyal Customer,63,Personal Travel,Eco,213,3,0,3,3,2,5,5,1,1,3,1,3,3,2.54,0,0,FALSE
Female,Loyal Customer,64,Personal Travel,Eco,2556,0,3,0,3,4,3,4,2,2,0,2,2,3,2.15,0,0,TRUE
Female,Disloyal Customer,29,Business Travel,Business,1605,2,2,2,3,4,2,5,4,4,3,3,3,4,3.15,8,4,FALSE
Female,Loyal Customer,50,Business Travel,Business,3962,4,4,1,4,3,5,5,4,4,4,4,4,4,3.85,0,0,TRUE
Female,Disloyal Customer,56,Business Travel,Business,175,3,3,3,4,4,3,5,4,4,2,5,3,4,3.62,0,0,FALSE
Male,Loyal Customer,16,Personal Travel,Eco,964,2,3,2,3,3,2,3,3,2,3,4,1,3,2.62,0,0,FALSE
Male,Disloyal Customer,42,Business Travel,Eco,1597,2,2,2,2,2,3,3,2,4,1,2,3,3,2.38,154,205,FALSE
Female,Loyal Customer,42,Personal Travel,Eco Plus,163,1,3,1,4,3,4,4,2,2,1,2,4,4,2.69,0,2,FALSE
Female,Loyal Customer,29,Personal Travel,Eco,328,5,3,5,2,1,5,1,1,2,1,3,2,1,2.46,9,8,TRUE
Male,Disloyal Customer,14,Business Travel,Business,707,5,4,5,5,1,5,1,1,4,4,4,3,1,3.31,0,0,TRUE
Female,Disloyal Customer,40,Business Travel,Business,179,2,2,2,4,1,2,1,1,1,3,3,1,1,1.85,11,2,FALSE
Male,Loyal Customer,69,Personal Travel,Eco,106,1,4,1,3,2,1,2,2,5,3,5,4,2,2.69,27,25,FALSE
Male,Loyal Customer,60,Business Travel,Business,3259,1,1,2,1,3,5,5,5,5,5,5,3,4,3.46,7,0,TRUE
Female,Loyal Customer,51,Personal Travel,Eco,2519,3,2,3,3,5,3,2,1,1,3,1,1,3,2.38,5,2,FALSE
Female,Loyal Customer,49,Business Travel,Business,453,2,2,2,2,2,4,4,4,4,5,4,4,4,3.31,0,0,TRUE
Male,Loyal Customer,14,Personal Travel,Eco,416,3,4,3,4,3,1,1,4,3,4,3,1,1,2.69,177,159,FALSE
Male,Disloyal Customer,38,Business Travel,Eco,971,3,3,3,4,5,3,5,5,2,5,5,5,5,4.08,0,0,FALSE
Female,Disloyal Customer,32,Business Travel,Business,231,4,4,4,3,4,4,2,4,4,2,5,3,4,3.62,0,0,FALSE
Male,Loyal Customer,48,Business Travel,Business,868,3,2,3,3,4,4,5,5,5,5,5,5,3,4,0,7,TRUE
Male,Loyal Customer,53,Personal Travel,Eco,1013,5,3,5,2,4,5,4,4,1,2,3,1,4,3.31,0,0,TRUE
Female,Loyal Customer,47,Business Travel,Business,2898,2,5,3,3,4,3,3,2,2,2,2,2,2,2.69,0,28,FALSE
Female,Disloyal Customer,23,Business Travel,Eco,588,5,5,5,2,3,5,3,3,4,3,4,4,3,3.77,0,2,TRUE
Female,Loyal Customer,29,Business Travel,Business,2811,2,3,3,3,2,2,2,2,2,1,3,2,2,2.23,0,7,FALSE
Male,Loyal Customer,27,Personal Travel,Eco Plus,236,3,3,3,2,2,3,2,2,2,1,3,2,2,2.31,0,18,FALSE
Male,Loyal Customer,39,Business Travel,Business,3729,0,4,1,1,3,5,4,4,4,4,4,4,3,3.15,0,0,TRUE
Male,Loyal Customer,68,Personal Travel,Eco,352,2,4,5,2,3,5,3,3,5,3,4,5,3,3.62,42,,FALSE
Female,Loyal Customer,67,Personal Travel,Eco,578,3,4,3,3,2,5,5,5,5,3,3,5,5,3.92,0,0,FALSE
Female,Loyal Customer,54,Personal Travel,Eco,1450,3,3,3,4,4,3,4,5,5,3,5,1,1,3.38,0,0,FALSE
Female,Disloyal Customer,54,Business Travel,Eco,1091,1,1,1,3,4,1,4,4,4,2,4,3,4,2.77,99,112,FALSE
Male,Loyal Customer,25,Personal Travel,Eco,793,3,4,2,4,5,2,5,5,4,2,5,3,5,3.77,7,23,FALSE
Female,Loyal Customer,22,Personal Travel,Eco,604,1,5,1,1,4,1,4,4,3,2,5,4,4,3,0,0,FALSE
Female,Disloyal Customer,27,Business Travel,Eco,146,3,4,3,4,3,3,3,3,4,5,5,2,3,3.46,0,2,FALSE
Female,Disloyal Customer,34,Business Travel,Business,668,2,2,2,3,2,5,5,4,2,5,4,5,5,3.54,150,160,FALSE
Female,Loyal Customer,43,Business Travel,Business,1798,5,5,5,5,3,4,3,4,4,4,4,5,2,4.08,5,0,TRUE
Male,Loyal Customer,57,Business Travel,Business,1849,4,2,2,2,1,2,3,4,4,4,4,3,4,3,0,6,FALSE
Male,Loyal Customer,70,Personal Travel,Eco,432,3,3,3,4,5,3,5,5,2,1,4,3,5,3.54,44,33,FALSE
Female,Loyal Customer,34,Business Travel,Business,3310,5,5,5,5,2,5,5,5,5,5,5,4,3,4.54,1,1,TRUE
Male,Loyal Customer,21,Personal Travel,Business,335,3,5,2,3,3,2,3,3,5,2,5,3,3,3.23,0,7,FALSE
Male,Disloyal Customer,20,Business Travel,Eco,270,4,1,4,2,1,4,1,1,1,1,2,3,1,2,4,0,FALSE
Male,Disloyal Customer,23,Business Travel,Business,250,0,5,0,1,4,0,4,4,4,5,4,5,4,3.08,0,9,TRUE
Female,Loyal Customer,45,Business Travel,Business,403,2,2,2,2,2,5,5,4,4,4,4,5,5,3.54,7,0,TRUE
Male,Loyal Customer,36,Business Travel,Eco,1075,2,5,5,5,2,2,2,2,4,5,3,3,2,3.23,9,6,FALSE
Female,Loyal Customer,67,Personal Travel,Eco,667,2,4,2,3,4,5,5,1,1,2,1,4,5,3,3,1,FALSE
Female,Loyal Customer,40,Business Travel,Business,363,4,4,4,4,5,4,5,5,5,4,5,5,4,4.46,0,1,TRUE
Female,Disloyal Customer,27,Business Travel,Eco,577,2,2,2,3,3,2,3,3,3,5,2,3,3,2.77,0,0,FALSE
Female,Loyal Customer,20,Business Travel,Business,848,5,5,5,5,4,4,4,4,1,5,2,3,4,3.92,0,0,TRUE
Female,Loyal Customer,61,Personal Travel,Eco,1158,4,4,4,5,2,3,5,5,5,4,5,4,4,4.15,3,11,FALSE
Female,Disloyal Customer,23,Business Travel,Eco,361,2,5,2,4,1,2,1,1,4,1,3,2,1,2.23,4,18,FALSE
Male,Loyal Customer,80,Business Travel,Eco Plus,411,2,3,4,3,3,2,3,3,2,1,3,4,3,2.77,71,58,FALSE
Male,Disloyal Customer,21,Business Travel,Business,345,4,3,4,3,4,4,4,4,2,1,3,4,4,3.38,24,21,FALSE
Female,Loyal Customer,28,Personal Travel,Eco,2036,3,5,3,2,1,3,1,1,3,2,5,4,1,2.62,0,0,FALSE
Female,Disloyal Customer,23,Business Travel,Eco,273,2,5,2,3,3,2,4,3,2,2,3,3,3,2.85,4,0,FALSE
Female,Loyal Customer,12,Business Travel,Business,3974,2,1,1,1,2,2,2,2,2,2,3,3,2,1.92,0,7,FALSE
Female,Loyal Customer,31,Business Travel,Eco,127,4,1,1,1,4,4,4,4,5,4,2,3,4,3.15,0,0,TRUE
Male,Loyal Customer,39,Business Travel,Business,2253,3,1,1,1,2,3,4,3,3,3,3,4,3,2.62,0,0,FALSE
Male,Loyal Customer,44,Business Travel,Eco Plus,237,1,2,2,2,1,1,1,1,4,2,3,1,1,1.69,0,0,FALSE
Male,Loyal Customer,28,Business Travel,Business,1811,1,1,1,1,4,4,4,4,5,2,4,5,4,3.08,0,0,TRUE
Male,Loyal Customer,37,Personal Travel,Eco Plus,680,3,4,3,4,5,3,5,5,1,3,4,2,5,3.62,0,0,FALSE
Male,Loyal Customer,47,Business Travel,Business,3612,3,2,2,2,3,4,4,3,3,3,3,1,1,2.62,1,0,FALSE
Male,Loyal Customer,51,Business Travel,Business,224,4,4,4,4,2,5,5,4,4,4,4,5,4,4.08,0,0,TRUE
Male,Loyal Customer,51,Business Travel,Business,550,4,4,4,4,5,5,4,4,4,4,4,3,4,4.08,0,0,TRUE
Female,Loyal Customer,68,Personal Travel,Eco,516,3,5,3,2,3,4,4,4,4,3,4,5,3,3.62,0,10,FALSE
Male,Loyal Customer,31,Personal Travel,Eco,447,4,5,4,1,1,4,1,1,2,5,5,4,1,2.92,6,0,FALSE
Female,Disloyal Customer,15,Business Travel,Eco Plus,1670,2,2,2,4,2,2,1,2,4,2,4,2,2,2.38,15,8,FALSE
Female,Loyal Customer,34,Business Travel,Business,2386,2,2,2,2,4,5,5,5,5,5,5,3,5,3.85,0,0,TRUE
Male,Loyal Customer,15,Personal Travel,Eco,841,2,3,2,3,3,2,3,3,4,3,3,1,3,2.69,0,0,FALSE
Female,Loyal Customer,52,Business Travel,Business,3089,2,2,2,2,4,5,5,4,4,4,4,3,4,3.46,20,22,TRUE
Female,Loyal Customer,50,Personal Travel,Eco,307,2,4,2,4,2,4,4,3,3,2,1,5,4,3.08,1,0,FALSE
Female,Loyal Customer,30,Business Travel,Business,409,5,5,5,5,2,2,2,2,3,5,5,3,2,3.54,0,14,TRUE
Male,Loyal Customer,31,Business Travel,Business,1539,2,2,2,2,2,2,2,2,4,2,2,4,2,2.31,26,22,FALSE
Female,Loyal Customer,34,Business Travel,Business,2418,4,4,4,4,5,5,3,4,4,4,4,3,4,4,0,0,TRUE
Female,Loyal Customer,29,Personal Travel,Eco,1607,3,1,3,3,5,3,5,5,3,5,3,4,5,3.69,0,0,FALSE
Female,Loyal Customer,23,Personal Travel,Eco,1084,1,4,1,2,3,1,3,3,5,5,4,5,3,3.08,32,15,FALSE
Female,Loyal Customer,18,Personal Travel,Eco,746,4,4,4,1,4,4,1,4,2,1,3,3,4,3,0,7,FALSE
Female,Disloyal Customer,24,Business Travel,Eco,502,5,0,5,4,3,0,3,3,5,5,5,4,3,3.46,0,0,TRUE
Female,Loyal Customer,51,Personal Travel,Eco,1310,1,4,1,2,4,3,5,1,1,1,1,5,5,2.62,0,0,FALSE
Male,Disloyal Customer,41,Business Travel,Eco,676,2,2,2,2,1,2,1,1,2,4,3,4,1,2.08,0,4,FALSE
Male,Loyal Customer,67,Business Travel,Business,1559,2,2,2,2,5,3,4,5,5,5,5,4,2,3.54,0,0,TRUE
Female,Loyal Customer,50,Personal Travel,Eco,1005,1,5,1,3,2,4,5,4,4,1,4,5,3,3.23,0,0,FALSE
Female,Loyal Customer,60,Business Travel,Business,2954,5,5,5,5,5,4,5,2,2,2,2,3,5,3.85,0,0,TRUE
Female,Loyal Customer,61,Personal Travel,Business,2475,4,0,4,3,4,4,1,5,3,5,4,1,1,3,156,152,FALSE
Female,Loyal Customer,68,Business Travel,Business,101,2,2,2,2,2,3,1,4,4,5,5,3,4,3,0,3,TRUE
Male,Loyal Customer,39,Business Travel,Eco,373,5,5,5,5,5,5,5,5,3,4,1,4,5,4.38,2,4,TRUE
Male,Disloyal Customer,38,Business Travel,Eco,565,1,0,1,2,2,1,2,2,3,1,4,1,2,1.69,0,0,FALSE
Male,Disloyal Customer,24,Business Travel,Eco,255,0,4,0,4,2,0,2,2,5,5,5,5,2,2.77,6,8,TRUE
Female,Loyal Customer,24,Business Travel,Business,2281,2,2,2,2,5,5,5,4,4,5,5,5,5,3.92,160,157,TRUE
Female,Loyal Customer,49,Business Travel,Business,3954,1,4,1,1,2,5,5,2,2,2,2,4,4,2.69,0,0,TRUE
Female,Loyal Customer,65,Business Travel,Business,158,3,3,3,3,2,2,4,5,5,5,4,4,4,3.62,0,0,TRUE
Male,Loyal Customer,27,Personal Travel,Eco,991,2,3,2,3,5,2,5,5,2,4,3,4,5,3.46,0,0,FALSE
Male,Loyal Customer,15,Personal Travel,Eco Plus,404,2,5,2,1,1,2,1,1,4,3,5,5,1,2.54,12,6,FALSE
Female,Loyal Customer,41,Business Travel,Eco,620,1,2,2,2,1,1,1,1,3,5,2,2,1,1.85,0,25,FALSE
Male,Loyal Customer,44,Business Travel,Business,2465,5,5,5,5,4,3,3,5,5,5,5,4,5,4.54,0,0,TRUE
Male,Loyal Customer,11,Business Travel,Business,3130,4,4,4,4,4,4,4,4,3,5,4,4,4,4,0,0,FALSE
Female,Loyal Customer,52,Personal Travel,Business,488,5,4,5,3,3,2,3,1,1,5,1,3,2,2.92,0,0,TRUE
Female,Disloyal Customer,44,Business Travel,Business,819,4,4,4,4,4,4,3,4,4,3,4,5,4,3.92,15,5,TRUE
Female,Loyal Customer,62,Personal Travel,Eco,534,2,5,2,3,2,4,5,3,3,2,2,4,5,3.23,0,11,FALSE
Female,Loyal Customer,25,Business Travel,Business,925,4,4,4,4,4,5,4,4,3,2,3,3,4,3.69,3,0,TRUE
Male,Loyal Customer,49,Business Travel,Business,721,4,2,4,4,3,5,4,5,5,4,5,5,5,4.23,9,0,TRUE
Female,Loyal Customer,26,Business Travel,Business,650,5,5,5,5,5,5,5,5,3,4,4,4,5,4.62,0,2,TRUE
Female,Loyal Customer,67,Personal Travel,Eco,666,1,4,1,5,2,4,2,5,5,1,5,5,2,3.23,9,94,FALSE
Male,Loyal Customer,25,Business Travel,Business,214,1,1,1,1,4,4,4,4,3,4,5,5,4,3.15,0,0,TRUE
Female,Disloyal Customer,35,Business Travel,Eco,328,4,3,4,2,2,4,2,2,5,4,5,1,2,3.08,0,0,FALSE
Male,Loyal Customer,30,Business Travel,Business,2403,4,4,4,4,4,4,4,4,3,2,4,5,4,3.85,0,0,TRUE
Female,Loyal Customer,37,Business Travel,Business,228,1,1,1,1,2,1,1,1,4,4,4,1,1,1.77,394,362,FALSE
Female,Loyal Customer,55,Business Travel,Eco Plus,190,3,3,3,3,5,4,4,3,3,3,3,1,1,3,0,0,FALSE
Male,Loyal Customer,55,Business Travel,Business,2587,2,2,2,2,4,4,5,5,5,5,5,4,3,3.69,0,0,TRUE
Female,Loyal Customer,42,Personal Travel,Eco,283,1,4,1,3,2,5,5,5,5,1,5,4,4,3.46,7,0,FALSE
Female,Disloyal Customer,50,Business Travel,Eco,1107,3,3,3,4,3,3,3,3,1,2,4,1,3,2.77,0,0,FALSE
Female,Loyal Customer,15,Business Travel,Business,1389,2,2,2,2,3,3,3,3,3,2,4,3,3,2.69,0,0,TRUE
Male,Loyal Customer,60,Business Travel,Business,2586,3,1,3,3,4,4,4,5,5,5,5,3,3,3.69,0,2,TRUE
Male,Loyal Customer,32,Personal Travel,Eco,761,3,5,4,5,4,4,4,4,2,5,5,1,4,3.85,0,12,FALSE
Female,Loyal Customer,53,Business Travel,Eco,2419,3,4,4,4,1,2,4,3,3,3,3,2,3,3,0,0,FALSE
Male,Loyal Customer,33,Business Travel,Business,1628,2,3,3,3,2,2,2,2,1,2,4,3,2,2.38,3,19,FALSE
Female,Loyal Customer,54,Business Travel,Business,719,3,3,3,3,2,5,5,5,5,5,5,4,5,4.08,60,71,TRUE
Female,Disloyal Customer,36,Business Travel,Business,370,1,1,1,4,4,1,4,4,5,5,4,5,4,3.31,12,16,FALSE
Female,Loyal Customer,22,Business Travel,Eco,1076,3,4,4,4,3,2,1,3,4,3,3,4,3,3.15,15,13,FALSE
Female,Loyal Customer,50,Business Travel,Business,628,3,3,3,3,2,4,4,4,4,4,4,3,3,3.38,0,0,TRUE
Female,Disloyal Customer,23,Business Travel,Eco,495,4,0,4,4,5,4,5,5,5,1,4,2,5,3.69,3,5,TRUE
Female,Loyal Customer,59,Personal Travel,Eco,944,4,2,3,3,4,4,3,2,2,3,4,2,1,2.85,29,2,TRUE
Female,Loyal Customer,37,Business Travel,Business,356,2,3,2,2,1,4,5,5,5,4,5,5,5,3.69,0,0,TRUE
Male,Loyal Customer,39,Business Travel,Business,1635,4,4,4,4,3,4,5,2,2,2,2,3,4,3.31,0,0,TRUE
Female,Disloyal Customer,44,Business Travel,Eco,452,2,5,2,4,1,2,1,1,5,1,1,5,1,2.38,0,0,FALSE
Female,Disloyal Customer,25,Business Travel,Eco Plus,238,2,0,2,3,4,2,4,4,1,4,3,4,4,2.85,0,15,FALSE
Male,Loyal Customer,50,Personal Travel,Eco,1041,3,4,3,1,4,3,3,4,4,5,5,3,4,3.54,30,25,FALSE
Male,Loyal Customer,30,Business Travel,Business,3646,2,4,5,4,2,2,2,2,3,1,3,1,2,2.54,19,64,FALSE
Male,Loyal Customer,15,Personal Travel,Eco,354,2,5,2,3,5,2,5,5,3,4,4,5,5,3.85,12,7,FALSE
Female,Loyal Customer,32,Personal Travel,Eco,1020,2,3,2,4,4,2,4,4,3,2,4,1,4,3,27,4,FALSE
Male,Loyal Customer,14,Personal Travel,Eco Plus,86,2,2,2,4,2,2,2,2,2,5,3,1,2,2.38,0,0,FALSE
Female,Loyal Customer,70,Personal Travel,Eco Plus,1448,4,3,4,2,1,5,4,4,4,4,4,5,4,3.69,0,5,FALSE
Female,Loyal Customer,43,Business Travel,Business,373,3,3,5,3,5,5,4,5,5,5,5,5,5,4.46,0,0,TRUE
Male,Disloyal Customer,28,Business Travel,Business,1475,3,3,3,4,5,3,3,5,5,3,4,3,5,3.77,0,11,FALSE
Female,Loyal Customer,43,Personal Travel,Eco,794,1,5,0,4,2,4,5,1,1,0,1,4,3,2.38,1,0,FALSE
Male,Disloyal Customer,22,Business Travel,Eco,944,4,4,4,1,5,4,5,5,3,4,5,5,5,4.15,0,16,FALSE
Female,Disloyal Customer,34,Business Travel,Business,306,2,2,2,2,4,2,3,4,5,2,5,4,4,3.15,0,4,FALSE
Female,Loyal Customer,47,Personal Travel,Eco,853,2,1,2,3,4,2,2,4,4,2,4,1,3,2.62,0,0,FALSE
Male,Disloyal Customer,19,Business Travel,Eco,501,4,3,4,4,5,4,5,5,4,3,3,1,5,3.85,30,43,FALSE
Female,Disloyal Customer,29,Business Travel,Eco,507,1,2,1,3,1,1,1,1,4,4,4,1,1,1.92,66,60,FALSE
Male,Loyal Customer,46,Business Travel,Business,113,5,5,5,5,5,1,5,4,4,4,5,1,1,3.85,25,21,TRUE
Male,Loyal Customer,42,Personal Travel,Eco Plus,192,2,4,0,4,5,0,3,5,3,3,4,5,5,3.31,54,67,FALSE
Female,Loyal Customer,67,Personal Travel,Eco,280,1,4,1,3,3,5,5,3,3,1,3,4,4,3.08,10,7,FALSE
Male,Loyal Customer,57,Business Travel,Eco,391,4,1,1,1,5,4,5,5,4,4,2,1,5,3.23,0,0,TRUE
Female,Loyal Customer,22,Business Travel,Eco Plus,1874,5,3,3,3,5,5,5,5,2,2,4,2,5,3.77,0,0,TRUE
Male,Loyal Customer,20,Personal Travel,Eco,944,3,1,3,4,1,3,3,1,2,1,3,2,1,2.15,13,31,FALSE
Male,Loyal Customer,41,Business Travel,Eco Plus,599,5,1,4,1,5,5,5,5,3,2,1,5,5,3.62,34,35,TRUE
Male,Loyal Customer,42,Business Travel,Business,1096,5,5,5,5,4,4,4,5,5,5,5,4,4,4.62,170,157,TRUE
Male,Loyal Customer,62,Business Travel,Business,1525,2,4,4,4,2,4,4,2,2,2,2,2,2,2.77,0,0,FALSE
Female,Loyal Customer,40,Business Travel,Eco,163,4,4,4,4,4,4,4,4,2,2,5,4,4,3.77,0,6,TRUE
Female,Loyal Customer,49,Business Travel,Eco,407,1,3,3,3,2,2,2,1,1,1,1,4,2,2,61,57,FALSE
Female,Loyal Customer,40,Business Travel,Business,190,2,2,2,2,3,5,4,5,5,5,4,5,3,3.62,0,0,TRUE
Female,Loyal Customer,27,Personal Travel,Eco,503,2,5,3,5,4,3,4,4,5,3,4,3,4,3.77,0,18,FALSE
Male,Loyal Customer,37,Personal Travel,Eco,1589,1,3,1,3,3,1,3,3,3,2,2,3,3,2.38,0,0,FALSE
Female,Loyal Customer,60,Business Travel,Eco Plus,1576,1,1,4,1,1,2,3,1,1,1,1,4,4,1.92,0,17,FALSE
Male,Disloyal Customer,32,Business Travel,Eco,304,3,0,3,2,1,3,1,1,3,1,1,1,1,1.62,0,0,FALSE
Female,Loyal Customer,65,Personal Travel,Eco Plus,1846,2,3,1,4,1,4,4,3,2,4,4,4,4,3.08,179,149,FALSE
Female,Loyal Customer,48,Business Travel,Eco,803,5,5,5,5,4,1,5,5,5,5,5,2,2,4.15,0,0,TRUE
Male,Loyal Customer,37,Business Travel,Eco Plus,521,4,5,5,5,4,4,4,4,5,3,1,5,4,4.08,0,0,TRUE
Male,Loyal Customer,25,Business Travel,Business,1020,2,2,2,2,2,2,2,2,4,5,2,2,2,2.38,26,26,FALSE
Male,Loyal Customer,53,Personal Travel,Eco,89,0,5,0,3,5,0,5,5,5,2,3,5,5,3.31,0,6,TRUE
Female,Loyal Customer,13,Personal Travel,Eco Plus,1506,3,2,3,4,1,3,1,1,4,1,4,3,1,2.38,0,5,FALSE
Male,Disloyal Customer,36,Business Travel,Eco,672,3,3,3,4,3,3,2,3,2,3,3,3,3,2.92,0,0,FALSE
Female,Loyal Customer,41,Business Travel,Business,447,2,1,1,1,5,3,4,2,2,2,2,2,2,2.23,22,10,FALSE
Male,Loyal Customer,33,Business Travel,Business,2594,0,0,0,5,5,5,5,5,4,3,5,4,5,3.54,18,1,TRUE
Male,Loyal Customer,51,Personal Travel,Eco,2475,3,0,3,3,2,3,2,2,4,1,5,1,2,2.38,0,0,FALSE
Male,Loyal Customer,32,Personal Travel,Business,612,1,5,1,2,5,1,2,5,3,2,5,5,5,3.23,0,0,FALSE
Male,Loyal Customer,42,Business Travel,Business,1537,3,3,3,3,1,2,3,5,5,5,5,3,3,3.38,1,5,TRUE
Female,Loyal Customer,64,Personal Travel,Business,374,3,0,3,3,5,5,4,5,5,3,5,5,4,3.85,0,0,FALSE
Female,Loyal Customer,69,Personal Travel,Eco,369,3,4,3,3,1,3,3,4,4,3,4,1,2,2.92,0,0,FALSE
Male,Loyal Customer,54,Personal Travel,Eco,683,3,5,3,3,2,3,4,2,3,4,5,5,2,3.38,0,0,FALSE
Male,Loyal Customer,43,Business Travel,Eco,626,4,4,4,4,5,4,5,5,2,5,1,3,5,3.92,13,9,TRUE
Male,Loyal Customer,56,Business Travel,Business,2556,1,1,1,1,5,4,5,5,5,5,5,3,3,3.38,3,3,TRUE
Male,Loyal Customer,49,Business Travel,Business,2795,4,4,4,4,5,5,5,5,5,5,5,5,3,4.54,58,95,TRUE
Male,Loyal Customer,27,Personal Travel,Eco,1846,2,5,1,4,2,1,2,2,1,3,3,4,2,2.46,0,0,FALSE
Female,Disloyal Customer,47,Business Travel,Eco,1171,2,2,2,3,3,2,3,3,1,4,3,1,3,2.46,25,8,FALSE
Male,Loyal Customer,59,Business Travel,Business,2442,4,4,4,4,3,5,4,3,3,3,3,3,5,3.69,42,52,TRUE
Female,Loyal Customer,53,Business Travel,Business,2122,1,1,1,1,2,4,5,4,4,4,4,4,3,2.92,0,0,TRUE
Male,Loyal Customer,60,Business Travel,Business,3747,4,4,4,4,2,1,2,4,4,3,4,5,3,3.38,0,0,TRUE
Male,Disloyal Customer,37,Business Travel,Business,508,2,2,2,5,4,2,4,4,3,3,5,3,4,3.31,0,0,TRUE
Female,Loyal Customer,29,Business Travel,Business,539,3,3,3,3,3,4,3,3,2,4,4,4,3,3.23,0,0,TRUE
Female,Loyal Customer,58,Business Travel,Business,1149,2,2,2,2,3,4,5,4,4,4,4,5,5,3.54,6,29,TRUE
Female,Loyal Customer,10,Personal Travel,Eco,204,2,4,2,4,1,2,1,1,2,4,3,1,1,2.15,0,0,FALSE
Female,Disloyal Customer,28,Business Travel,Business,821,4,3,3,3,1,3,1,1,3,2,5,4,1,2.62,32,21,FALSE
Female,Disloyal Customer,27,Business Travel,Business,247,3,4,4,5,3,4,3,3,3,4,5,4,3,3.69,0,0,FALSE
Male,Loyal Customer,60,Business Travel,Business,1578,3,2,2,2,5,3,3,3,3,3,3,4,2,2.92,29,22,FALSE
Female,Loyal Customer,42,Business Travel,Business,325,2,2,2,2,3,4,4,5,5,5,5,3,4,3.54,25,27,TRUE
Female,Loyal Customer,28,Business Travel,Eco,1024,5,3,3,3,5,5,5,5,2,4,2,3,5,3.85,0,0,TRUE
Male,Loyal Customer,36,Business Travel,Eco,674,5,4,4,4,5,5,5,5,1,5,4,1,5,4.08,64,57,TRUE
Female,Loyal Customer,17,Business Travel,Business,581,3,3,3,3,4,4,4,4,5,3,5,4,4,3.77,0,0,TRUE
Female,Loyal Customer,22,Business Travel,Business,862,2,2,2,2,5,4,5,5,5,4,5,4,5,3.85,91,89,TRUE
Male,Loyal Customer,36,Business Travel,Business,370,2,5,5,5,4,2,2,2,2,2,2,3,3,3,6,12,FALSE
Female,Disloyal Customer,26,Business Travel,Eco,198,3,3,3,3,4,3,4,4,4,3,3,3,4,3.38,0,0,FALSE
Female,Loyal Customer,46,Business Travel,Business,533,2,5,2,2,5,5,4,4,4,4,4,5,4,3.85,63,57,TRUE
Male,Loyal Customer,45,Business Travel,Eco,419,2,1,1,1,2,2,2,2,4,2,4,4,2,2.23,46,37,FALSE
Female,Disloyal Customer,25,Business Travel,Eco,399,2,0,1,5,4,1,4,4,1,4,3,2,4,2.69,0,0,FALSE
Male,Loyal Customer,11,Personal Travel,Business,1091,5,3,5,3,4,5,4,4,2,5,2,2,4,3.69,0,0,TRUE
Male,Loyal Customer,31,Business Travel,Business,2935,3,5,5,5,3,2,3,3,4,4,3,2,3,3.46,18,37,FALSE
Male,Loyal Customer,29,Business Travel,Business,746,2,2,5,2,5,5,5,5,5,2,4,4,5,3.92,0,0,TRUE
Male,Loyal Customer,49,Personal Travel,Business,694,1,4,1,1,5,5,5,2,2,1,2,4,5,2.92,0,0,FALSE
Female,Loyal Customer,51,Personal Travel,Eco,1463,3,5,4,3,4,3,4,3,3,4,3,5,4,3.69,10,0,FALSE
Female,Loyal Customer,40,Business Travel,Business,591,1,1,1,1,3,3,4,1,1,2,1,1,4,1.85,25,23,FALSE
Female,Loyal Customer,18,Business Travel,Eco,596,5,4,2,2,5,5,3,5,1,4,4,5,5,3.85,0,0,TRUE
Male,Loyal Customer,38,Personal Travel,Eco Plus,562,4,5,4,5,4,4,4,4,5,2,4,5,4,4.15,27,29,FALSE
Male,Loyal Customer,28,Personal Travel,Eco,575,1,4,1,4,4,1,1,4,5,3,5,5,4,3.23,0,0,FALSE
Female,Loyal Customer,30,Business Travel,Business,850,3,2,2,2,3,3,3,3,1,5,3,2,3,2.69,36,74,FALSE
Male,Loyal Customer,16,Personal Travel,Eco,184,3,4,3,4,2,3,2,2,2,1,4,2,2,2.62,0,0,FALSE
Male,Loyal Customer,8,Personal Travel,Eco,419,3,2,3,4,5,3,5,5,3,3,4,1,5,3.54,0,0,FALSE
Male,Loyal Customer,33,Business Travel,Business,2317,4,5,4,4,3,3,3,3,4,5,4,3,3,3.69,0,0,TRUE
Male,Loyal Customer,41,Personal Travel,Eco,483,2,0,2,1,3,2,3,3,4,5,5,5,3,2.92,16,13,FALSE
Male,Loyal Customer,13,Personal Travel,Eco Plus,584,3,5,3,3,4,3,5,4,3,2,4,3,4,3.54,11,3,FALSE
Male,Loyal Customer,31,Business Travel,Business,1097,2,2,2,2,4,4,4,4,5,5,5,4,4,3.62,4,15,TRUE
Male,Loyal Customer,60,Business Travel,Eco,366,3,5,4,5,3,3,3,3,3,5,2,1,3,3.31,0,0,TRUE
Female,Disloyal Customer,21,Business Travel,Eco,89,3,0,3,3,3,3,3,3,1,2,4,2,3,2.54,0,0,FALSE
Male,Disloyal Customer,22,Business Travel,Business,936,5,0,5,2,1,5,1,1,3,2,4,5,1,2.69,0,0,TRUE
Male,Loyal Customer,51,Business Travel,Business,2338,1,1,1,1,2,4,4,4,4,4,4,5,3,2.92,0,0,TRUE
Female,Disloyal Customer,49,Business Travel,Business,752,5,5,5,1,4,5,4,4,3,2,4,4,4,3.85,4,0,TRUE
Male,Disloyal Customer,38,Business Travel,Business,408,4,4,4,3,1,4,2,1,3,2,5,5,1,3,0,0,FALSE
Female,Loyal Customer,68,Personal Travel,Eco,272,2,2,2,3,2,4,3,5,5,2,5,2,1,2.92,0,0,FALSE
Male,Disloyal Customer,30,Business Travel,Eco,936,2,2,2,3,3,2,3,3,1,4,4,4,3,2.77,7,13,FALSE
Female,Disloyal Customer,48,Business Travel,Business,1258,5,5,5,4,5,5,5,5,4,5,4,5,5,4.77,24,26,TRUE
Male,Loyal Customer,29,Personal Travel,Eco Plus,1587,2,4,3,2,4,3,4,4,4,3,4,5,4,3.54,25,12,FALSE
Male,Loyal Customer,66,Personal Travel,Eco Plus,600,1,4,1,4,1,1,1,3,5,3,4,1,1,2.31,147,140,FALSE
Female,Disloyal Customer,25,Business Travel,Eco,349,4,0,4,3,4,4,4,4,4,5,3,3,4,3.54,0,0,FALSE
Male,Loyal Customer,42,Business Travel,Business,986,2,2,2,2,2,5,5,3,3,3,3,4,4,3.08,0,0,TRUE
Male,Disloyal Customer,25,Business Travel,Eco,1372,4,4,4,3,4,4,4,4,2,3,3,1,4,3.38,0,0,FALSE
Female,Loyal Customer,57,Business Travel,Eco,228,4,4,4,4,1,5,3,4,4,4,4,2,5,3.69,2,0,TRUE
Male,Loyal Customer,23,Business Travel,Business,694,2,2,2,2,5,5,5,5,5,3,2,4,5,3.62,0,0,TRUE
Female,Loyal Customer,61,Business Travel,Eco Plus,153,5,2,2,2,1,5,4,5,5,5,5,5,1,3.62,0,0,TRUE
Male,Loyal Customer,65,Personal Travel,Eco,651,2,2,2,3,3,2,5,3,3,4,2,3,3,2.85,0,0,FALSE
Male,Loyal Customer,24,Business Travel,Business,3010,2,4,4,4,2,2,2,2,1,3,2,2,2,2.46,29,10,FALSE
Female,Loyal Customer,36,Business Travel,Business,517,2,2,5,2,4,3,1,5,5,5,5,3,4,3.54,11,2,TRUE
Male,Loyal Customer,42,Personal Travel,Eco,1635,3,5,4,1,2,4,2,2,4,2,3,5,2,3,0,0,FALSE
Male,Disloyal Customer,39,Business Travel,Business,399,1,1,1,2,1,1,1,1,5,5,5,5,1,2.31,0,0,FALSE
Female,Disloyal Customer,35,Business Travel,Business,675,2,2,2,2,2,2,2,2,4,3,4,4,2,2.54,0,1,FALSE
Female,Disloyal Customer,27,Business Travel,Business,1045,5,5,5,1,3,5,3,3,4,3,5,4,3,3.77,0,0,TRUE
Female,Loyal Customer,60,Business Travel,Business,507,5,5,5,5,4,5,4,4,4,4,4,3,4,4.31,3,2,TRUE
Male,Disloyal Customer,36,Business Travel,Eco,431,3,2,3,3,3,3,3,3,2,3,4,1,3,2.77,0,0,FALSE
Female,Loyal Customer,7,Personal Travel,Eco,2182,4,5,4,1,1,4,1,1,3,1,3,2,1,2.38,14,36,TRUE
Male,Loyal Customer,60,Business Travel,Business,3255,5,5,5,5,5,4,4,5,5,5,5,4,4,4.69,58,41,TRUE
Male,Loyal Customer,46,Business Travel,Eco,1123,1,4,4,4,1,1,1,1,1,3,4,2,1,2.15,30,14,FALSE
Male,Loyal Customer,47,Business Travel,Business,2750,3,3,3,3,5,4,4,5,5,5,5,5,5,4.23,19,26,TRUE
Female,Disloyal Customer,23,Business Travel,Eco,605,1,1,1,3,2,1,2,2,2,2,4,2,2,1.92,0,0,FALSE
Female,Loyal Customer,51,Business Travel,Business,670,4,4,4,4,5,5,4,4,4,5,4,4,4,4.23,2,7,TRUE
Female,Loyal Customer,44,Business Travel,Business,2995,4,4,4,4,2,4,4,5,5,5,5,5,4,4.23,35,44,TRUE
Female,Loyal Customer,41,Business Travel,Business,2757,5,5,5,5,2,5,4,4,4,4,4,5,5,4.38,0,3,TRUE
Female,Disloyal Customer,19,Business Travel,Business,783,4,4,4,2,3,4,3,3,3,4,5,3,3,3.46,14,0,TRUE
Female,Loyal Customer,47,Personal Travel,Eco,358,1,4,1,3,4,5,4,5,5,1,2,3,3,3.15,0,0,FALSE
Male,Loyal Customer,43,Business Travel,Business,270,3,3,3,3,2,4,5,4,4,4,4,3,4,3.54,35,43,TRUE
Male,Disloyal Customer,32,Business Travel,Eco,399,3,0,3,2,1,3,1,1,1,4,1,5,1,2,0,2,FALSE
Male,Disloyal Customer,29,Business Travel,Business,1460,3,3,3,3,1,3,1,1,4,4,5,4,1,2.77,7,25,FALSE
Female,Loyal Customer,12,Business Travel,Business,3078,4,4,2,4,4,4,4,4,5,3,4,5,4,3.92,0,0,TRUE
Male,Loyal Customer,31,Personal Travel,Eco,2454,1,4,1,2,1,2,3,4,4,4,4,3,3,2.77,0,0,FALSE
Male,Loyal Customer,20,Business Travel,Business,3081,2,2,2,2,5,5,5,5,2,4,5,2,5,3.54,0,0,TRUE
Female,Loyal Customer,47,Personal Travel,Eco Plus,190,0,5,0,3,3,4,4,5,5,0,5,5,5,3.38,0,0,TRUE
Female,Disloyal Customer,22,Business Travel,Business,1205,4,4,4,4,5,4,5,5,3,2,4,3,5,4,0,0,TRUE
Female,Loyal Customer,45,Business Travel,Business,2633,1,1,1,1,5,5,5,4,5,4,4,5,5,3.54,142,124,TRUE
Female,Disloyal Customer,42,Business Travel,Business,282,2,2,2,4,3,2,3,3,3,3,5,4,3,3,12,0,FALSE
Female,Disloyal Customer,21,Business Travel,Eco,550,4,4,4,4,3,4,3,3,1,3,3,1,3,3.08,0,6,FALSE
Male,Disloyal Customer,54,Personal Travel,Eco Plus,925,3,4,3,3,3,3,3,3,5,5,5,5,3,3.69,54,51,FALSE
Male,Loyal Customer,12,Business Travel,Business,1047,2,2,2,2,4,4,4,4,5,4,5,3,4,3.46,0,0,TRUE
Female,Loyal Customer,26,Personal Travel,Eco,125,3,2,0,4,2,0,2,2,4,1,3,4,2,2.23,55,50,FALSE
Male,Loyal Customer,41,Business Travel,Business,370,2,2,2,2,5,4,5,4,4,4,4,3,5,3.54,61,49,TRUE
Female,Loyal Customer,50,Personal Travel,Eco,419,4,5,4,2,4,4,1,4,4,4,4,2,1,3.31,0,0,FALSE
Male,Disloyal Customer,39,Business Travel,Business,417,2,2,2,3,1,2,1,1,5,2,4,3,1,2.23,0,0,FALSE
Male,Loyal Customer,80,Business Travel,Business,3631,4,5,5,5,3,3,3,3,3,3,4,4,1,3.54,25,11,FALSE
Female,Loyal Customer,64,Personal Travel,Eco,590,2,3,3,3,4,2,3,4,4,3,4,1,4,3.08,10,7,FALSE
Female,Loyal Customer,59,Business Travel,Business,2549,1,1,1,1,2,3,1,4,4,5,5,4,1,2.54,0,0,TRUE
Male,Loyal Customer,60,Business Travel,Business,3287,0,0,0,3,5,5,5,5,5,5,5,3,4,3.46,0,0,TRUE
Male,Loyal Customer,37,Business Travel,Business,3719,4,4,4,4,4,4,4,5,5,5,5,5,5,4.46,0,0,TRUE
Male,Loyal Customer,63,Business Travel,Eco,86,5,2,2,2,5,5,5,5,4,5,4,5,5,4.15,0,0,TRUE
Male,Loyal Customer,35,Personal Travel,Eco,748,3,4,3,3,1,3,1,1,5,4,5,5,1,3,99,93,FALSE
Male,Disloyal Customer,25,Business Travel,Eco,1171,4,4,4,4,4,4,4,4,3,5,5,5,4,4.15,0,9,TRUE
Female,Loyal Customer,42,Business Travel,Eco,508,2,2,2,2,1,2,3,2,2,2,2,4,2,2.15,0,0,FALSE
Male,Disloyal Customer,27,Business Travel,Eco,1218,3,3,3,4,1,3,1,1,1,3,4,4,1,2.46,56,34,FALSE
Male,Disloyal Customer,50,Business Travel,Eco,102,1,5,1,5,5,1,5,5,4,4,2,5,5,3.69,4,3,FALSE
Male,Loyal Customer,18,Personal Travel,Eco,247,4,4,0,5,1,0,1,1,4,3,5,3,1,2.46,69,62,FALSE
Female,Disloyal Customer,42,Business Travel,Eco,954,5,5,5,2,2,5,2,2,2,3,2,3,2,3.08,4,0,TRUE
Male,Loyal Customer,61,Personal Travel,Eco,646,2,5,3,4,3,3,3,3,1,4,1,3,3,2.92,0,0,FALSE
Female,Loyal Customer,46,Business Travel,Business,1438,1,4,4,4,1,3,3,1,1,1,1,3,3,2.31,42,38,FALSE
Male,Loyal Customer,36,Personal Travel,Eco,460,3,3,3,3,3,3,2,3,1,2,3,1,3,2.54,0,13,FALSE
Female,Disloyal Customer,58,Business Travel,Eco,312,1,3,1,4,1,1,1,1,4,5,3,1,1,2.08,0,0,FALSE
Female,Loyal Customer,37,Personal Travel,Eco,834,3,3,4,1,2,4,2,2,2,1,4,1,2,2.38,0,0,FALSE
Male,Loyal Customer,30,Business Travel,Business,1372,2,1,1,1,2,2,2,2,2,3,4,4,2,2.15,22,0,FALSE
Female,Loyal Customer,54,Business Travel,Business,1440,2,5,5,5,4,2,3,2,2,2,2,1,3,2.92,1,8,FALSE
Male,Loyal Customer,47,Personal Travel,Eco,1192,1,2,1,3,4,1,4,4,4,1,2,4,4,2.69,0,0,FALSE
Male,Loyal Customer,48,Business Travel,Eco,337,4,2,4,2,3,4,3,3,1,2,3,1,3,2.69,0,0,FALSE
Female,Loyal Customer,20,Personal Travel,Eco,251,2,3,0,2,2,0,2,2,1,4,1,3,2,1.85,0,0,FALSE
Male,Loyal Customer,37,Business Travel,Business,2924,1,1,1,1,4,5,4,4,4,4,4,2,5,3.08,0,0,TRUE
Female,Disloyal Customer,43,Business Travel,Eco,188,2,1,2,3,2,5,5,2,1,4,4,5,5,3.15,196,187,FALSE
Male,Disloyal Customer,36,Business Travel,Eco,399,2,2,2,2,2,2,2,2,4,2,3,2,2,2.23,0,10,FALSE
Female,Loyal Customer,29,Personal Travel,Eco,600,2,5,2,4,2,2,2,2,4,5,3,1,2,2.77,12,15,FALSE
Female,Loyal Customer,18,Personal Travel,Eco,404,4,4,4,3,4,4,5,4,5,1,5,1,4,3.69,0,0,TRUE
Male,Loyal Customer,59,Personal Travel,Eco,2075,3,1,3,3,2,3,2,2,4,4,3,4,2,2.77,0,0,FALSE
Female,Loyal Customer,24,Personal Travel,Eco,1521,3,3,3,1,5,3,4,5,5,3,5,3,5,3.69,0,0,FALSE
Female,Loyal Customer,37,Business Travel,Business,3576,2,1,3,3,2,3,4,2,2,2,2,2,2,2.31,0,0,FALSE
Male,Loyal Customer,44,Business Travel,Business,1166,2,2,2,2,3,4,4,5,5,5,5,5,5,3.77,19,4,TRUE
Male,Loyal Customer,13,Personal Travel,Eco,261,3,2,3,3,4,3,5,4,1,4,3,3,4,3.23,0,0,FALSE
Female,Loyal Customer,23,Business Travel,Business,1747,1,0,0,3,2,0,3,2,2,2,2,2,2,1.62,59,26,FALSE
Male,Loyal Customer,54,Business Travel,Business,2740,3,3,3,3,3,1,2,3,3,3,3,3,4,2.85,4,15,FALSE
Female,Loyal Customer,49,Business Travel,Eco,695,4,4,4,4,4,4,2,4,4,4,4,4,5,3.92,0,9,TRUE
Female,Loyal Customer,45,Business Travel,Business,3449,4,2,4,4,5,4,5,5,5,5,5,3,4,4.23,9,9,TRUE
Female,Disloyal Customer,40,Personal Travel,Eco,590,2,3,2,3,4,2,4,4,3,1,3,2,4,2.85,37,35,FALSE
Male,Loyal Customer,27,Business Travel,Business,2281,1,1,1,1,4,4,4,4,3,2,3,1,4,2.54,0,0,TRUE
Female,Loyal Customer,25,Business Travel,Eco,1521,3,2,2,2,3,3,1,3,4,5,4,4,3,3,13,0,FALSE
Male,Loyal Customer,52,Business Travel,Eco Plus,862,5,3,3,3,5,5,5,5,2,1,4,2,5,3.69,29,25,TRUE
Female,Disloyal Customer,36,Business Travel,Business,1014,3,3,3,4,3,3,3,3,3,3,5,5,3,3.38,2,2,FALSE
Male,Loyal Customer,25,Business Travel,Business,693,2,2,2,2,2,2,2,2,1,4,3,3,2,2.23,0,0,FALSE
Female,Loyal Customer,35,Personal Travel,Eco,956,1,1,1,3,3,1,3,3,1,2,4,4,3,2.31,0,0,FALSE
Female,Loyal Customer,54,Business Travel,Business,1011,4,1,1,1,2,4,3,4,4,4,4,1,3,2.77,0,0,FALSE
Male,Loyal Customer,36,Personal Travel,Eco,2860,3,4,3,4,5,3,5,5,4,5,3,1,5,3.85,0,0,FALSE
Female,Loyal Customer,34,Business Travel,Business,1944,2,2,2,2,5,3,4,5,5,5,5,2,5,3.62,19,21,TRUE
Female,Loyal Customer,44,Business Travel,Eco,1874,5,5,2,2,4,4,3,5,5,5,5,2,2,3.77,116,112,TRUE
Female,Loyal Customer,21,Business Travel,Business,3043,1,1,1,1,5,3,4,4,1,4,5,4,4,2.92,450,470,TRUE
Male,Disloyal Customer,23,Business Travel,Eco,237,2,1,2,3,5,2,5,5,3,4,3,2,5,3.23,0,0,FALSE
Male,Loyal Customer,66,Personal Travel,Eco,1535,4,5,4,4,4,4,4,4,4,2,4,3,4,3.85,0,0,FALSE
Female,Disloyal Customer,41,Business Travel,Business,1598,2,2,2,2,4,2,4,4,5,3,4,3,4,3.15,0,0,FALSE
Male,Loyal Customer,42,Personal Travel,Eco,508,3,4,3,3,3,3,3,3,3,2,5,3,3,3.15,0,0,FALSE
Female,Loyal Customer,55,Business Travel,Business,1121,2,4,3,3,3,3,3,2,2,2,2,3,4,2.77,0,2,FALSE
Male,Disloyal Customer,25,Business Travel,Eco,867,0,0,0,1,2,0,2,2,5,5,4,4,2,2.08,27,10,TRUE
Female,Loyal Customer,40,Business Travel,Business,2158,5,5,5,5,2,4,4,5,5,5,5,3,3,4.31,70,79,TRUE
Female,Loyal Customer,41,Business Travel,Business,102,5,5,5,5,3,1,1,5,5,5,4,5,5,4.15,0,0,TRUE
Female,Loyal Customer,35,Business Travel,Eco,1028,4,1,1,1,4,4,4,4,4,2,5,4,4,3.23,19,30,TRUE
Male,Loyal Customer,32,Personal Travel,Eco,2465,1,4,1,1,4,1,4,4,4,3,4,2,4,2.85,0,10,FALSE
Female,Loyal Customer,40,Business Travel,Business,3850,1,1,1,1,2,1,5,5,5,5,5,2,3,2.85,0,0,TRUE
Female,Loyal Customer,62,Personal Travel,Eco,228,3,4,3,1,2,5,4,4,4,3,3,5,5,3.54,0,15,FALSE
Female,Loyal Customer,60,Business Travel,Business,2422,2,2,2,2,5,4,4,4,4,4,4,3,4,3.38,0,0,TRUE
Male,Loyal Customer,49,Business Travel,Eco,911,2,3,3,3,2,2,2,2,4,3,3,2,2,2.54,33,25,FALSE
Male,Loyal Customer,53,Business Travel,Business,594,3,3,3,3,3,5,4,4,4,4,4,5,3,3.69,0,0,TRUE
Female,Loyal Customer,60,Personal Travel,Eco,1199,2,4,2,3,2,4,3,4,4,2,4,2,2,2.92,0,0,FALSE
Female,Loyal Customer,36,Business Travel,Business,2675,2,2,2,2,2,2,3,2,2,2,2,3,3,2.23,0,0,FALSE
Female,Loyal Customer,45,Business Travel,Business,1616,4,4,4,4,4,5,4,5,5,5,5,5,3,4.38,0,0,TRUE
Female,Loyal Customer,59,Personal Travel,Business,650,4,3,4,4,1,3,3,2,2,4,2,4,3,3,0,0,FALSE
Male,Loyal Customer,52,Business Travel,Business,2382,2,2,2,2,2,4,4,5,5,5,5,4,5,3.62,16,7,TRUE
Female,Loyal Customer,55,Business Travel,Eco,607,3,3,3,3,2,4,4,3,3,3,3,2,2,2.92,0,9,FALSE
Male,Loyal Customer,59,Personal Travel,Eco,802,3,2,3,4,5,3,5,5,3,1,3,3,5,3.46,4,0,FALSE
Male,Disloyal Customer,23,Business Travel,Eco,1208,3,3,3,2,1,3,1,1,5,5,1,4,1,2.54,0,4,FALSE
Male,Loyal Customer,41,Personal Travel,Eco,447,3,5,3,1,5,3,3,5,3,4,4,4,5,3.69,0,0,FALSE
Male,Loyal Customer,39,Business Travel,Business,2585,5,5,5,5,5,4,4,4,4,3,4,3,3,4.15,0,0,TRUE
Female,Loyal Customer,26,Business Travel,Business,1732,3,4,3,3,4,4,4,4,5,5,5,4,4,4,0,2,TRUE
Male,Loyal Customer,49,Business Travel,Business,2311,1,1,1,1,2,3,5,5,5,5,5,3,5,3.23,0,0,TRUE
Male,Loyal Customer,45,Business Travel,Business,1546,2,4,2,2,5,5,4,4,4,4,4,3,4,3.62,116,114,TRUE
Female,Loyal Customer,38,Business Travel,Business,3633,3,3,4,3,2,4,1,3,3,3,3,3,1,2.77,0,0,TRUE
Female,Loyal Customer,47,Business Travel,Eco,329,2,2,2,2,2,5,1,2,2,2,2,5,1,2.31,0,0,TRUE
Female,Loyal Customer,21,Business Travel,Business,666,4,2,4,4,4,4,4,4,4,4,4,5,4,3.92,38,31,TRUE
Female,Loyal Customer,39,Business Travel,Business,2720,4,4,4,4,2,4,3,2,2,2,4,1,4,3.08,10,4,FALSE
Male,Loyal Customer,42,Business Travel,Business,3624,2,2,2,2,3,2,1,5,5,5,5,3,4,3.15,0,0,TRUE
Female,Loyal Customer,16,Business Travel,Business,476,4,2,2,2,4,4,4,4,1,3,4,3,4,3.15,0,0,FALSE
Male,Loyal Customer,38,Business Travel,Eco,1197,2,1,1,1,2,2,2,2,3,1,2,4,2,1.92,1,0,TRUE
Female,Loyal Customer,35,Personal Travel,Business,458,3,5,3,2,2,4,4,1,1,3,1,4,3,2.77,84,69,FALSE
Male,Disloyal Customer,22,Business Travel,Eco,130,1,2,1,1,2,1,2,2,1,2,1,3,2,1.62,66,56,FALSE
Female,Loyal Customer,14,Personal Travel,Business,328,2,0,2,4,5,2,5,5,3,2,5,3,5,3.31,5,7,FALSE
Male,Loyal Customer,39,Business Travel,Business,1090,1,1,1,1,5,4,4,4,4,4,4,5,5,3.31,23,14,TRUE
Female,Loyal Customer,30,Business Travel,Business,2553,2,2,2,2,5,5,5,5,3,5,4,4,5,3.77,0,0,TRUE
Female,Loyal Customer,39,Business Travel,Business,323,4,4,4,4,3,4,4,5,5,5,5,5,5,4.38,0,0,TRUE
Female,Loyal Customer,43,Business Travel,Business,3417,3,3,3,3,1,4,4,3,3,3,3,2,1,2.77,11,6,FALSE
Female,Disloyal Customer,42,Business Travel,Eco,1046,3,3,3,2,3,3,3,3,3,3,1,3,3,2.77,33,28,TRUE
Female,Loyal Customer,43,Business Travel,Eco,74,4,5,5,5,4,4,3,4,4,4,4,4,3,4.08,0,0,FALSE
Male,Loyal Customer,59,Business Travel,Business,526,1,1,1,1,2,4,5,4,4,4,4,4,4,3,0,0,TRUE
Female,Loyal Customer,58,Business Travel,Business,266,4,3,4,4,1,3,2,5,5,4,5,1,1,3.23,31,34,TRUE
Male,Loyal Customer,22,Personal Travel,Eco,404,1,5,3,3,5,3,5,5,3,5,5,5,5,4.08,16,4,FALSE
Male,Disloyal Customer,26,Business Travel,Business,337,4,0,4,1,4,4,4,4,5,4,4,5,4,3.62,0,0,TRUE
Female,Loyal Customer,48,Business Travel,Business,3058,3,3,3,3,4,5,5,4,4,5,4,5,3,3.92,3,3,TRUE
Female,Loyal Customer,31,Business Travel,Business,390,5,5,5,5,4,4,4,4,5,2,4,5,4,4.31,4,4,TRUE
Female,Loyal Customer,14,Personal Travel,Eco,2367,1,2,1,2,5,1,5,5,4,4,1,2,5,2.92,0,0,FALSE
Female,Loyal Customer,54,Business Travel,Business,3733,4,4,4,4,4,1,1,3,3,3,3,3,4,3.15,9,9,TRUE
Female,Disloyal Customer,23,Business Travel,Eco,196,5,0,5,3,2,5,2,2,4,4,4,3,2,3.15,28,34,TRUE
Male,Loyal Customer,25,Business Travel,Business,2248,4,4,4,4,5,5,5,5,3,4,4,4,5,4.31,28,41,TRUE
Female,Loyal Customer,55,Business Travel,Business,2911,5,5,5,5,4,5,4,5,5,5,5,5,4,4.77,0,0,TRUE
Female,Loyal Customer,44,Business Travel,Business,3631,3,3,3,3,3,5,5,5,5,5,5,5,4,4.15,0,0,TRUE
Male,Loyal Customer,55,Personal Travel,Eco,356,4,3,4,3,5,4,5,5,2,2,4,4,5,3.85,0,0,FALSE
Male,Loyal Customer,56,Business Travel,Business,3732,2,2,2,2,5,4,4,4,4,4,4,4,5,3.54,0,0,TRUE
Male,Loyal Customer,22,Business Travel,Eco,731,5,2,2,2,5,5,3,5,5,4,1,4,5,3.69,10,0,TRUE
Female,Loyal Customer,15,Personal Travel,Eco,500,3,5,2,2,4,2,4,4,4,3,4,5,4,3.54,0,0,FALSE
Male,Loyal Customer,62,Personal Travel,Eco,334,2,4,2,4,2,2,2,2,5,5,5,4,2,3.15,11,0,FALSE
Male,Loyal Customer,54,Business Travel,Business,2182,1,1,1,1,2,5,4,4,4,4,4,4,4,3,8,0,TRUE
Male,Loyal Customer,50,Business Travel,Business,3217,5,5,5,5,2,5,4,5,5,5,5,4,4,4.54,2,0,TRUE
Female,Loyal Customer,29,Personal Travel,Eco,2329,4,4,4,4,3,4,3,3,5,2,5,3,3,3.62,1,0,FALSE
Female,Loyal Customer,36,Business Travel,Business,456,5,5,5,5,5,4,3,4,4,4,4,3,4,4.23,0,0,TRUE
Male,Loyal Customer,56,Business Travel,Business,1747,4,4,4,4,5,5,5,3,3,3,5,5,5,4.23,148,128,TRUE
Female,Loyal Customer,61,Business Travel,Eco,1134,3,3,5,5,4,2,2,3,3,3,3,4,2,3.23,50,70,FALSE
Male,Loyal Customer,60,Business Travel,Business,3173,3,3,3,3,5,4,4,4,4,4,5,3,4,3.77,0,3,TRUE
Male,Loyal Customer,36,Business Travel,Eco,308,1,1,5,1,1,1,1,1,4,2,2,4,1,1.92,0,1,FALSE
Female,Loyal Customer,53,Business Travel,Business,1569,5,5,2,5,3,4,4,4,4,4,4,3,5,4,11,0,TRUE
Male,Disloyal Customer,28,Business Travel,Business,1167,4,4,4,3,5,4,5,5,4,2,5,4,5,4.15,7,0,TRUE
Female,Loyal Customer,33,Business Travel,Business,2956,1,1,1,1,5,4,5,4,4,4,4,3,5,3.23,11,4,TRUE
Male,Loyal Customer,44,Business Travel,Business,2137,5,5,5,5,2,4,5,4,4,4,4,5,4,4.31,0,0,TRUE
Male,Loyal Customer,7,Personal Travel,Eco,431,2,4,2,2,5,2,5,5,5,2,5,5,5,3.77,0,0,FALSE
Female,Loyal Customer,15,Business Travel,Business,723,5,5,5,5,3,3,3,3,3,1,3,5,3,3.62,0,0,TRUE
Male,Loyal Customer,22,Business Travel,Eco Plus,705,4,3,3,3,4,4,4,4,3,3,2,2,4,3.31,4,0,TRUE
Male,Loyal Customer,65,Personal Travel,Eco,1389,5,1,5,4,4,5,4,4,1,5,3,1,4,3.54,2,0,TRUE
Female,Loyal Customer,35,Business Travel,Business,1622,3,3,4,3,2,4,4,5,5,5,5,5,5,4.08,0,0,TRUE
Female,Loyal Customer,24,Business Travel,Business,3920,0,0,0,4,2,2,4,2,3,2,4,4,2,2.23,52,43,TRUE
Female,Loyal Customer,43,Business Travel,Business,3989,0,0,0,4,5,5,4,4,4,5,5,5,5,3.54,0,0,TRUE
Male,Disloyal Customer,62,Business Travel,Eco,208,1,1,1,2,1,1,1,1,3,4,2,1,1,1.54,0,6,FALSE
Male,Loyal Customer,13,Personal Travel,Eco,383,1,4,1,2,4,1,4,4,3,4,5,3,4,3.08,0,9,FALSE
Female,Loyal Customer,51,Business Travel,Business,3483,4,4,4,4,4,5,1,3,3,4,3,5,4,3.69,0,0,TRUE
Female,Disloyal Customer,54,Business Travel,Business,862,3,3,3,3,1,3,1,1,5,3,4,4,1,2.69,0,0,FALSE
Female,Loyal Customer,59,Business Travel,Eco,1236,4,3,3,3,2,1,4,4,4,4,4,3,1,3.08,41,93,TRUE
Male,Loyal Customer,51,Personal Travel,Eco Plus,438,3,5,3,2,2,3,2,2,5,2,5,4,2,3.08,0,0,FALSE
Male,Disloyal Customer,26,Business Travel,Business,526,4,4,4,4,5,4,5,5,3,3,4,3,5,4.08,51,65,TRUE
Male,Loyal Customer,32,Personal Travel,Eco,1005,2,4,2,2,5,2,4,5,3,5,5,4,5,3.69,0,10,FALSE
Female,Loyal Customer,59,Personal Travel,Eco,409,4,5,4,3,2,5,4,1,1,4,1,3,4,3.15,0,0,FALSE
Female,Loyal Customer,70,Business Travel,Business,1587,4,4,4,4,3,5,4,5,5,5,5,4,5,4.38,0,0,TRUE
Male,Loyal Customer,46,Personal Travel,Eco,1726,1,5,1,2,2,1,2,2,3,5,4,5,2,2.69,21,14,FALSE
Male,Loyal Customer,60,Business Travel,Eco Plus,273,4,5,5,5,4,4,4,4,3,2,4,4,4,4,0,0,TRUE
Female,Disloyal Customer,17,Business Travel,Eco,1011,2,2,2,4,3,2,3,3,2,3,4,3,3,2.77,0,0,FALSE
Male,Loyal Customer,41,Personal Travel,Eco,781,1,5,1,3,3,1,3,3,2,4,4,2,3,2.69,0,3,FALSE
Male,Disloyal Customer,22,Business Travel,Eco,325,5,5,5,4,3,5,3,3,2,4,4,4,3,3.85,0,0,TRUE
Female,Loyal Customer,23,Business Travel,Eco Plus,463,5,1,1,1,5,5,3,5,1,3,2,1,5,2.92,0,0,TRUE
Male,Disloyal Customer,24,Personal Travel,Eco,460,4,5,4,4,2,4,2,2,4,4,5,3,2,3.46,39,39,FALSE
Female,Loyal Customer,30,Personal Travel,Eco,544,3,1,1,1,4,1,4,4,4,5,2,3,4,2.85,24,62,FALSE
Male,Loyal Customer,60,Business Travel,Business,2084,5,5,5,5,2,5,5,5,5,5,5,5,3,4.62,12,0,TRUE
Male,Loyal Customer,36,Business Travel,Business,223,1,1,1,1,3,5,4,5,5,5,4,4,4,3.31,42,33,TRUE
Female,Loyal Customer,43,Business Travel,Business,151,0,4,1,3,4,4,4,3,3,3,3,5,4,3.15,0,0,TRUE
Female,Loyal Customer,43,Personal Travel,Eco,925,2,5,2,4,2,4,5,4,4,2,1,4,5,3.38,48,59,FALSE
Male,Loyal Customer,25,Personal Travel,Business,347,3,4,5,1,3,5,3,3,5,2,5,3,3,3.46,0,3,FALSE
Male,Loyal Customer,57,Business Travel,Business,301,4,4,4,4,2,4,5,4,4,4,4,3,5,3.92,0,0,TRUE
Male,Loyal Customer,51,Personal Travel,Eco,1235,5,2,5,4,5,5,5,5,4,2,4,2,5,4.08,0,0,TRUE
Female,Disloyal Customer,24,Business Travel,Eco,301,4,0,4,1,3,4,3,3,1,3,4,1,3,2.62,0,0,FALSE
Female,Disloyal Customer,20,Business Travel,Eco,319,2,4,2,3,3,2,5,3,2,1,4,3,3,2.85,19,10,FALSE
Male,Loyal Customer,37,Business Travel,Business,2448,1,4,4,4,4,1,2,3,3,3,1,2,2,2.62,75,63,FALSE
Female,Disloyal Customer,26,Business Travel,Business,562,2,2,2,3,3,2,4,3,1,1,3,1,3,2.31,0,8,FALSE
Female,Loyal Customer,12,Personal Travel,Eco,1670,2,0,2,1,1,2,1,1,4,4,5,4,1,2.15,41,18,FALSE
Female,Loyal Customer,42,Business Travel,Business,2292,4,4,4,4,5,5,4,4,4,4,4,3,4,4.08,1,0,TRUE
Male,Disloyal Customer,22,Business Travel,Eco,528,4,3,3,3,2,3,2,2,3,3,5,3,2,2.92,7,0,TRUE
Male,Disloyal Customer,49,Business Travel,Business,762,5,5,5,1,3,5,3,3,5,5,4,4,3,3.92,0,0,TRUE
Male,Loyal Customer,51,Business Travel,Business,2461,3,3,3,3,2,4,5,5,5,5,5,3,5,3.92,0,0,TRUE
Male,Loyal Customer,9,Personal Travel,Business,436,1,4,1,2,2,1,2,2,5,3,5,5,2,2.69,0,,FALSE
Male,Disloyal Customer,36,Business Travel,Eco,475,2,5,2,3,2,1,1,1,1,3,1,1,1,1.85,171,185,FALSE
Female,Loyal Customer,35,Business Travel,Eco,1674,5,2,1,2,5,5,5,5,4,5,4,1,5,3.77,0,4,TRUE
Female,Loyal Customer,34,Business Travel,Eco Plus,404,3,1,1,1,3,3,3,3,1,3,3,1,3,2.23,0,0,FALSE
Male,Loyal Customer,58,Personal Travel,Eco,338,2,1,1,4,1,1,1,1,1,2,3,1,1,1.54,0,0,FALSE
Male,Loyal Customer,70,Personal Travel,Eco,1747,1,1,1,3,2,1,2,2,1,4,3,3,2,2,0,0,FALSE
Female,Loyal Customer,8,Business Travel,Business,3149,3,3,3,3,4,4,4,4,5,5,5,1,4,3.69,0,0,TRUE
Male,Loyal Customer,43,Business Travel,Business,3065,0,0,0,4,3,5,1,2,2,3,3,5,2,2.31,0,0,TRUE
Male,Loyal Customer,56,Personal Travel,Eco,549,4,1,4,3,3,4,3,3,4,1,3,3,3,3,2,0,FALSE
Male,Disloyal Customer,59,Business Travel,Eco,992,2,2,2,4,3,2,2,3,4,2,3,1,3,2.54,13,25,FALSE
Male,Loyal Customer,45,Business Travel,Business,2217,1,1,1,1,1,1,1,4,5,4,3,1,1,1.92,0,6,FALSE
Female,Loyal Customer,46,Business Travel,Business,1068,3,3,3,3,5,4,5,4,4,5,4,5,4,4,0,0,TRUE
Male,Loyal Customer,52,Personal Travel,Eco,1044,2,2,2,3,5,2,5,5,2,2,2,4,5,3.15,0,0,FALSE
Female,Loyal Customer,66,Business Travel,Business,448,3,4,4,4,1,4,3,3,3,3,3,4,1,3.08,4,4,FALSE
Female,Disloyal Customer,25,Business Travel,Eco,672,2,2,2,4,1,2,1,1,1,3,4,1,1,1.92,44,40,FALSE
Male,Loyal Customer,51,Business Travel,Business,581,3,3,3,3,4,5,5,3,3,3,3,4,3,3.46,0,0,TRUE
Female,Loyal Customer,44,Business Travel,Business,2017,2,2,2,2,3,5,5,4,4,4,4,3,5,3.46,0,0,TRUE
Female,Loyal Customer,51,Personal Travel,Eco Plus,404,2,5,2,3,3,4,4,1,1,2,5,5,4,3.15,2,0,FALSE
Female,Disloyal Customer,33,Business Travel,Business,1626,3,3,3,3,3,3,1,3,3,3,5,5,3,3.15,0,0,FALSE
Female,Disloyal Customer,56,Business Travel,Eco,348,3,5,3,3,3,2,2,5,1,2,4,2,2,2.85,221,215,FALSE
Male,Loyal Customer,16,Personal Travel,Eco,846,3,4,3,5,5,3,5,5,5,3,5,5,5,4.31,0,5,FALSE
Male,Loyal Customer,31,Business Travel,Business,2812,3,3,3,3,4,4,4,2,5,3,5,4,4,3.62,250,281,TRUE
Female,Disloyal Customer,15,Business Travel,Business,1096,5,2,5,1,5,2,5,5,3,2,4,5,5,3.77,0,0,TRUE
Female,Loyal Customer,69,Personal Travel,Eco,307,4,4,4,2,1,5,4,5,5,4,5,4,3,3.85,0,0,FALSE
Male,Loyal Customer,27,Business Travel,Business,694,1,1,1,1,4,4,4,4,4,5,2,5,4,3.08,3,3,TRUE
Male,Disloyal Customer,39,Business Travel,Business,991,4,5,5,1,1,5,1,1,4,2,5,4,1,3,79,63,TRUE
Female,Loyal Customer,15,Personal Travel,Eco,145,5,4,5,1,4,5,4,4,3,3,5,5,4,4,0,0,TRUE
Female,Loyal Customer,45,Business Travel,Business,1805,1,1,1,1,5,5,4,5,5,5,5,5,5,3.69,0,0,TRUE
Female,Loyal Customer,59,Personal Travel,Eco,308,3,5,3,4,2,5,5,3,3,3,3,4,4,3.62,32,24,FALSE
Male,Loyal Customer,50,Business Travel,Business,690,2,1,2,2,5,4,5,4,4,4,4,3,5,3.46,0,0,TRUE
Male,Loyal Customer,10,Personal Travel,Eco,4817,2,4,2,2,2,4,4,5,3,4,4,4,4,3.38,4,26,FALSE
Male,Loyal Customer,62,Personal Travel,Eco,403,4,5,2,1,4,2,4,4,4,5,4,3,4,3.54,0,0,TRUE
Female,Disloyal Customer,22,Business Travel,Eco,972,3,3,3,1,3,3,3,3,1,2,2,3,3,2.54,0,4,FALSE
Female,Disloyal Customer,43,Business Travel,Eco,589,2,5,3,3,2,3,3,2,4,2,4,3,2,2.92,0,0,FALSE
Male,Disloyal Customer,23,Business Travel,Eco,641,5,1,5,1,4,5,1,4,3,2,4,3,4,3.23,0,5,TRUE
Male,Loyal Customer,28,Business Travel,Business,3212,2,2,2,2,5,5,5,5,5,4,2,2,5,3.54,2,0,TRUE
Female,Loyal Customer,65,Business Travel,Business,399,3,3,3,3,5,4,5,4,4,4,4,5,5,4,0,3,TRUE
Male,Disloyal Customer,24,Business Travel,Eco,136,1,4,1,3,4,1,4,4,1,4,3,3,4,2.85,0,7,FALSE
Female,Loyal Customer,44,Business Travel,Business,2921,0,0,0,1,3,5,4,4,4,3,3,4,5,2.77,0,0,TRUE
Male,Loyal Customer,69,Personal Travel,Eco,636,1,5,1,4,1,1,1,1,5,2,5,3,1,2.38,5,22,FALSE
Male,Loyal Customer,45,Personal Travel,Eco,528,1,1,1,1,2,1,2,2,1,5,1,1,2,1.62,6,3,FALSE
Male,Loyal Customer,46,Business Travel,Eco,308,1,0,0,4,1,4,4,3,4,4,3,4,4,2.77,179,166,FALSE
Female,Loyal Customer,48,Business Travel,Business,1290,3,2,4,2,4,3,2,3,3,3,3,3,1,2.77,0,0,FALSE
Female,Loyal Customer,40,Personal Travel,Eco,1120,2,5,2,4,2,2,2,2,3,3,4,4,2,2.85,0,34,FALSE
Female,Loyal Customer,56,Business Travel,Business,1735,4,4,4,4,4,5,5,4,4,4,4,5,4,4.23,11,10,TRUE
Male,Loyal Customer,49,Business Travel,Business,2041,3,3,3,3,3,4,5,5,5,5,4,4,4,3.92,0,38,TRUE
Female,Loyal Customer,53,Business Travel,Eco,722,4,1,1,1,5,3,4,4,4,4,4,2,4,3.15,20,0,TRUE
Female,Disloyal Customer,34,Business Travel,Business,502,4,4,4,4,5,4,4,5,5,2,4,4,5,4.15,0,0,FALSE
Female,Loyal Customer,61,Personal Travel,Eco,1416,1,3,1,3,3,4,2,5,5,1,1,1,1,2.38,0,0,FALSE
Male,Loyal Customer,54,Business Travel,Business,1824,3,1,1,1,1,4,3,3,3,3,3,3,1,2.31,0,0,FALSE
Female,Loyal Customer,53,Business Travel,Business,187,4,4,4,4,5,4,4,5,5,5,5,4,5,4.46,0,0,TRUE
Female,Disloyal Customer,17,Business Travel,Eco,1050,3,3,3,2,4,3,4,4,1,1,2,5,4,3,0,0,FALSE
Female,Disloyal Customer,17,Business Travel,Eco,160,2,4,2,5,4,2,4,4,4,3,3,4,4,3.46,0,0,FALSE
Male,Loyal Customer,41,Personal Travel,Eco,456,3,4,3,5,1,3,1,1,1,5,4,2,1,2.62,0,0,FALSE
Female,Loyal Customer,8,Personal Travel,Eco,425,2,2,2,4,5,2,5,5,3,1,4,1,5,3.15,0,4,FALSE
Female,Loyal Customer,8,Personal Travel,Eco,671,5,4,5,3,4,5,4,4,4,5,5,4,4,4.31,4,2,TRUE
Female,Loyal Customer,22,Personal Travel,Eco,414,1,0,1,5,2,1,2,2,4,2,3,4,2,2.23,5,0,FALSE
Female,Loyal Customer,45,Business Travel,Business,859,1,1,1,1,2,4,5,2,2,2,2,3,5,2.38,15,0,TRUE
Male,Loyal Customer,59,Business Travel,Business,3630,2,2,2,2,4,3,3,3,3,3,3,4,1,2.69,2,0,TRUE
Male,Loyal Customer,25,Personal Travel,Eco,848,4,4,4,3,2,4,2,2,4,1,3,3,2,2.92,1,0,FALSE
Male,Loyal Customer,12,Personal Travel,Eco,391,3,4,3,3,1,3,1,1,2,1,3,3,1,2.23,40,39,FALSE
Female,Disloyal Customer,25,Business Travel,Business,888,4,3,4,1,5,4,3,5,4,2,4,3,5,3.62,0,0,TRUE
Female,Disloyal Customer,45,Business Travel,Eco,526,2,0,2,2,2,2,3,2,1,5,4,3,2,2.31,0,0,FALSE
Male,Disloyal Customer,36,Business Travel,Business,184,1,1,1,4,4,1,4,4,3,4,5,4,4,3.08,0,0,FALSE
Female,Loyal Customer,52,Business Travel,Business,1749,2,2,2,2,3,4,4,3,3,4,3,3,3,2.92,0,0,TRUE
Male,Disloyal Customer,41,Business Travel,Business,316,3,3,3,5,1,3,1,1,3,2,4,4,1,2.62,0,20,FALSE
Female,Loyal Customer,29,Business Travel,Business,2652,1,1,1,1,1,1,1,1,4,3,3,3,1,1.69,0,12,FALSE
Female,Disloyal Customer,33,Business Travel,Eco,391,1,0,1,2,3,1,3,3,1,5,2,5,3,2.31,0,,FALSE
Female,Loyal Customer,51,Business Travel,Eco,346,2,1,1,1,1,3,4,2,2,2,2,4,4,2.23,4,27,FALSE
Female,Loyal Customer,35,Business Travel,Business,3026,1,1,4,1,5,4,5,3,3,3,3,3,4,3.08,5,26,TRUE
Female,Loyal Customer,26,Personal Travel,Eco,297,4,5,4,1,4,4,4,4,3,4,4,5,4,3.85,0,0,FALSE
Female,Loyal Customer,45,Business Travel,Eco,308,4,1,1,1,5,5,4,3,3,4,3,5,1,3.08,0,0,TRUE
Female,Loyal Customer,45,Business Travel,Business,646,2,2,5,2,3,5,4,5,5,5,5,4,4,3.92,0,0,TRUE
Female,Loyal Customer,27,Business Travel,Eco Plus,110,4,2,2,2,4,4,4,4,3,4,4,1,4,3.23,47,38,FALSE
Male,Loyal Customer,47,Business Travel,Business,3824,2,2,2,2,4,4,5,4,4,4,4,5,3,3.46,19,10,TRUE
Male,Loyal Customer,17,Business Travel,Eco,888,3,3,2,3,3,3,2,3,2,4,3,3,3,2.85,0,0,FALSE
Female,Disloyal Customer,40,Business Travel,Business,599,4,4,4,1,5,4,5,5,4,3,5,3,5,4,0,0,TRUE
Male,Loyal Customer,20,Personal Travel,Eco,925,4,4,4,2,2,4,2,2,5,4,3,5,2,3.31,18,5,FALSE
Male,Loyal Customer,46,Business Travel,Business,2556,2,2,2,2,4,5,4,5,5,5,5,5,3,3.77,0,0,TRUE
Female,Loyal Customer,29,Personal Travel,Business,761,2,1,2,4,2,2,2,2,2,4,4,3,2,2.46,61,44,FALSE
Male,Loyal Customer,32,Business Travel,Eco,109,4,1,4,1,4,4,4,4,4,5,5,4,4,3.69,0,0,TRUE
Female,Disloyal Customer,19,Business Travel,Eco Plus,1047,3,2,3,3,4,3,4,4,3,4,3,3,4,3.31,22,14,FALSE
Male,Loyal Customer,30,Personal Travel,Eco Plus,239,2,5,2,4,1,2,1,1,4,5,5,4,1,2.85,0,0,FALSE
Male,Disloyal Customer,32,Business Travel,Business,328,2,2,2,2,2,2,2,2,4,4,4,4,2,2.62,21,12,FALSE
Male,Loyal Customer,36,Business Travel,Business,308,0,0,0,3,5,4,5,5,5,5,5,5,3,3.46,52,49,TRUE
Female,Disloyal Customer,25,Business Travel,Eco,1107,1,1,1,4,5,1,5,5,3,3,3,3,5,3.08,29,9,FALSE
Female,Loyal Customer,11,Personal Travel,Eco,113,3,4,3,3,4,3,4,4,4,1,4,3,4,3.38,0,43,FALSE
Male,Loyal Customer,44,Personal Travel,Eco,654,1,0,1,3,2,1,1,2,3,1,3,3,2,1.77,0,0,FALSE
Female,Disloyal Customer,22,Business Travel,Eco,233,0,0,0,1,2,0,2,2,5,1,4,5,2,1.85,19,18,TRUE
Male,Loyal Customer,63,Personal Travel,Eco,231,3,5,3,1,1,3,1,1,4,4,4,5,1,2.77,0,0,FALSE
Male,Loyal Customer,40,Business Travel,Business,3082,3,1,1,1,1,2,1,3,3,3,3,2,4,2.15,0,0,FALSE
Female,Loyal Customer,53,Business Travel,Business,590,4,4,4,4,5,5,5,4,4,4,4,5,3,4.23,0,0,TRUE
Female,Loyal Customer,39,Personal Travel,Eco,337,1,2,1,3,2,1,1,2,1,2,4,1,2,1.77,0,0,FALSE
Female,Loyal Customer,56,Business Travel,Business,362,5,5,3,5,4,5,5,5,5,5,5,5,5,4.77,25,26,TRUE
Female,Loyal Customer,52,Business Travel,Eco,461,4,1,1,1,5,3,3,4,4,4,4,1,2,2.85,0,0,FALSE
Female,Loyal Customer,43,Business Travel,Business,255,0,0,0,4,3,5,4,2,2,2,2,5,4,2.54,0,0,TRUE
Male,Loyal Customer,59,Business Travel,Eco,337,3,5,5,5,3,3,3,3,4,2,4,1,3,3.38,0,0,FALSE
Female,Disloyal Customer,40,Business Travel,Business,409,5,4,4,4,4,4,4,4,5,4,3,2,4,3.92,0,0,TRUE
Male,Loyal Customer,58,Personal Travel,Eco,163,3,1,3,4,2,3,1,2,2,4,3,4,2,2.62,0,0,FALSE
Male,Disloyal Customer,26,Business Travel,Eco,533,3,3,3,1,3,3,3,3,5,3,1,3,3,2.85,5,4,FALSE
Male,Disloyal Customer,24,Business Travel,Eco,651,3,4,4,1,2,4,3,2,4,3,4,5,2,3.15,0,0,FALSE
Male,Disloyal Customer,26,Business Travel,Eco Plus,332,4,2,4,4,4,4,4,4,1,1,3,1,4,3.08,0,3,FALSE
Female,Loyal Customer,43,Business Travel,Eco,1931,2,2,2,2,2,2,2,2,2,2,2,1,2,1.92,0,0,FALSE
Female,Loyal Customer,50,Personal Travel,Eco Plus,1379,2,4,2,1,1,1,4,2,2,2,2,1,3,2.08,0,0,FALSE
Male,Loyal Customer,39,Business Travel,Eco Plus,489,4,3,3,3,4,4,4,4,4,3,3,3,4,3.54,28,34,FALSE
Female,Loyal Customer,18,Business Travel,Eco Plus,1111,3,3,3,3,3,3,2,3,3,2,4,4,3,3,0,0,FALSE
Female,Loyal Customer,32,Business Travel,Eco,175,4,2,4,2,4,4,4,4,5,3,2,4,4,3.54,0,2,TRUE
Female,Loyal Customer,51,Personal Travel,Eco,1023,4,1,4,4,2,4,3,1,1,4,1,3,3,2.69,2,9,FALSE
Female,Loyal Customer,52,Personal Travel,Business,1372,4,5,4,3,2,4,5,2,2,4,2,4,3,3.38,7,0,TRUE
Male,Loyal Customer,22,Personal Travel,Eco,907,3,5,3,3,3,3,2,3,5,3,4,4,3,3.38,67,58,FALSE
Female,Loyal Customer,42,Business Travel,Business,2475,1,1,1,1,2,5,4,4,4,4,4,5,3,3,7,0,TRUE
Male,Loyal Customer,37,Business Travel,Business,2924,5,5,3,5,3,5,5,4,4,4,4,5,5,4.38,0,0,TRUE
Male,Loyal Customer,51,Business Travel,Business,2704,4,2,4,4,3,3,3,5,3,4,5,3,3,3.54,287,272,TRUE
Male,Loyal Customer,61,Personal Travel,Eco,1674,3,5,3,2,5,3,5,5,1,4,4,5,5,3.85,16,0,FALSE
Male,Loyal Customer,54,Business Travel,Business,2221,5,4,5,5,3,4,4,5,5,5,5,4,3,4.38,50,47,TRUE
Female,Loyal Customer,24,Business Travel,Business,3986,4,5,5,5,4,4,4,4,3,1,3,3,4,3.77,33,26,FALSE
Female,Disloyal Customer,22,Business Travel,Eco,212,2,2,2,3,4,2,4,4,3,2,3,4,4,3,64,67,FALSE
Male,Loyal Customer,42,Business Travel,Business,1633,1,1,1,1,5,4,4,5,5,5,4,4,3,3.31,0,0,TRUE
Female,Disloyal Customer,27,Business Travel,Business,1310,0,0,0,1,1,0,1,1,5,4,4,5,1,1.77,2,0,TRUE
Male,Loyal Customer,55,Business Travel,Business,231,2,3,3,3,3,3,3,2,2,2,2,2,3,2.54,0,0,FALSE
Female,Loyal Customer,72,Business Travel,Business,240,1,1,1,1,2,3,3,1,1,1,1,2,1,1.46,0,16,FALSE
Female,Disloyal Customer,42,Business Travel,Business,947,5,0,0,2,1,5,1,1,4,4,5,3,1,2.46,0,1,TRUE
Male,Loyal Customer,49,Personal Travel,Eco,484,2,4,2,2,5,2,5,5,3,4,5,3,5,3.62,14,12,FALSE
Female,Loyal Customer,23,Business Travel,Business,1576,5,5,5,5,5,5,5,5,3,2,5,3,5,4.46,21,42,TRUE
Male,Loyal Customer,63,Personal Travel,Eco,425,3,5,3,2,3,3,3,3,4,3,4,3,3,3.23,1,0,FALSE
Female,Loyal Customer,41,Personal Travel,Eco,649,3,1,3,3,1,3,1,1,1,4,3,1,1,2,32,28,FALSE
Male,Disloyal Customer,38,Business Travel,Business,549,2,1,1,4,3,1,1,3,3,4,4,4,3,2.62,13,2,FALSE
Male,Loyal Customer,44,Business Travel,Business,2075,1,1,1,1,4,4,4,5,5,5,5,3,4,3.31,0,0,TRUE
Female,Loyal Customer,42,Business Travel,Business,1437,2,2,2,2,5,4,5,2,2,2,2,3,3,2.77,50,38,TRUE
Male,Loyal Customer,44,Business Travel,Business,3597,4,4,4,4,3,5,5,4,4,4,4,4,4,4.08,0,11,TRUE
Male,Loyal Customer,35,Business Travel,Business,314,4,4,4,4,4,5,5,5,5,5,5,4,4,4.46,10,26,TRUE
Female,Loyal Customer,27,Personal Travel,Eco,666,4,1,4,3,2,4,2,2,3,5,2,3,2,2.85,0,0,FALSE
Female,Loyal Customer,43,Business Travel,Business,3926,3,3,3,3,3,5,4,5,5,5,4,4,3,3.85,19,16,TRUE
Male,Loyal Customer,39,Business Travel,Business,621,2,2,2,2,4,5,4,5,5,5,5,5,5,3.92,74,77,TRUE
Female,Loyal Customer,78,Business Travel,Eco Plus,672,4,2,2,2,1,3,5,4,4,4,4,4,3,3.23,0,0,TRUE
Female,Loyal Customer,61,Business Travel,Business,2337,2,4,4,4,3,3,3,2,2,2,2,4,3,2.92,76,71,FALSE
Male,Loyal Customer,45,Business Travel,Business,1519,5,5,5,5,4,5,4,5,5,5,5,4,4,4.69,1,2,TRUE
Female,Loyal Customer,11,Personal Travel,Eco,393,2,4,2,3,3,2,3,3,1,3,3,2,3,2.62,5,0,FALSE
Male,Disloyal Customer,21,Business Travel,Business,1235,5,0,5,1,4,5,4,4,4,5,4,4,4,3.77,1,0,TRUE
Male,Loyal Customer,45,Business Travel,Eco Plus,1617,4,1,1,1,4,4,4,4,3,2,3,3,4,2.92,6,0,TRUE
Female,Disloyal Customer,22,Business Travel,Eco,526,3,5,4,4,5,4,5,5,1,3,5,2,5,3.92,44,48,FALSE
Female,Loyal Customer,51,Business Travel,Business,2591,1,1,1,1,1,1,2,2,2,2,1,1,2,1.38,103,101,FALSE
Female,Loyal Customer,18,Personal Travel,Eco,528,3,1,3,2,1,3,5,1,2,2,3,2,1,2.23,0,0,FALSE
Female,Loyal Customer,55,Business Travel,Eco,526,4,5,5,5,3,1,3,4,4,4,4,1,2,3.46,0,0,TRUE
Female,Loyal Customer,24,Business Travel,Business,501,1,1,1,1,4,4,4,4,5,4,5,3,4,3.15,59,70,TRUE
Female,Loyal Customer,28,Business Travel,Business,743,3,3,3,3,5,5,5,5,5,5,4,4,5,4.23,0,0,TRUE
Male,Loyal Customer,47,Business Travel,Business,1076,3,3,3,3,5,5,4,4,4,4,4,3,4,3.77,0,10,TRUE
Female,Loyal Customer,59,Personal Travel,Eco Plus,113,2,5,2,3,1,1,1,2,2,2,3,5,5,2.62,4,0,FALSE
Female,Disloyal Customer,50,Business Travel,Eco Plus,116,3,4,4,4,1,3,1,1,1,3,5,2,1,2.54,0,0,FALSE
Female,Loyal Customer,46,Business Travel,Business,3831,2,1,1,1,5,3,3,2,2,2,2,2,1,2.08,21,0,FALSE
Male,Loyal Customer,12,Personal Travel,Eco,763,2,2,2,3,1,2,2,1,1,2,3,2,1,1.85,57,35,FALSE
Male,Loyal Customer,18,Business Travel,Business,3485,4,5,5,5,4,4,4,4,1,4,3,1,4,3.69,1,0,FALSE
Female,Loyal Customer,13,Personal Travel,Business,849,0,5,0,3,2,0,2,2,3,2,4,4,2,2.23,6,5,TRUE
Male,Disloyal Customer,40,Business Travel,Business,235,3,3,3,3,3,3,4,3,2,2,2,3,3,2.85,5,0,TRUE
Female,Loyal Customer,15,Personal Travel,Eco Plus,284,3,5,2,4,5,2,5,5,4,3,4,4,5,3.92,11,0,FALSE
Male,Loyal Customer,17,Personal Travel,Eco,577,4,4,4,2,1,4,1,1,4,4,4,5,1,3,7,2,FALSE
Female,Disloyal Customer,24,Business Travel,Business,201,5,4,5,1,1,5,1,1,4,5,5,3,1,3.15,84,90,TRUE
Male,Loyal Customer,59,Business Travel,Eco,692,4,3,3,3,4,4,4,4,2,2,4,4,4,3.46,0,39,TRUE
Female,Loyal Customer,43,Business Travel,Business,1597,2,2,3,2,2,5,3,4,4,4,4,4,1,3.08,0,0,TRUE
Female,Loyal Customer,26,Business Travel,Eco,580,3,2,2,2,3,2,3,1,2,4,4,3,3,2.62,167,184,FALSE
Male,Disloyal Customer,22,Business Travel,Eco,1029,2,2,2,4,1,2,1,1,4,4,4,1,1,2.23,0,0,FALSE
Male,Loyal Customer,8,Personal Travel,Eco,1235,2,3,2,4,3,2,3,3,1,4,4,2,3,2.77,21,23,FALSE
Female,Loyal Customer,48,Business Travel,Business,370,5,5,5,5,5,4,5,5,5,4,5,4,5,4.77,26,18,TRUE
Male,Disloyal Customer,21,Business Travel,Business,719,5,0,4,1,5,4,2,5,3,2,5,4,5,3.46,9,16,TRUE
Male,Loyal Customer,47,Personal Travel,Eco,404,3,4,3,2,2,3,1,2,5,4,5,4,2,3.08,0,0,FALSE
Male,Loyal Customer,54,Business Travel,Eco,367,4,4,4,4,4,4,4,4,5,5,4,3,4,4.08,0,0,TRUE
Male,Loyal Customer,36,Business Travel,Business,1416,1,1,5,1,3,2,3,5,5,5,5,1,3,3.08,1,0,TRUE
Male,Loyal Customer,33,Personal Travel,Eco,1182,4,4,4,4,2,4,2,2,4,5,4,4,2,3.46,0,0,TRUE
Female,Loyal Customer,10,Personal Travel,Eco,794,3,4,3,4,5,3,5,5,5,5,5,4,5,4.31,15,24,FALSE
Female,Loyal Customer,50,Personal Travel,Business,2139,5,4,5,4,5,5,4,4,4,5,4,5,4,4.46,60,78,TRUE
Male,Disloyal Customer,24,Business Travel,Eco,1497,1,1,1,3,5,1,5,5,2,2,2,1,5,2.62,0,19,FALSE
Male,Loyal Customer,28,Business Travel,Business,1814,3,3,3,3,5,5,5,5,5,5,4,4,5,4.23,44,31,TRUE
Male,Loyal Customer,21,Personal Travel,Eco,1034,3,1,4,4,5,4,1,5,4,3,4,4,5,3.62,0,10,FALSE
Male,Loyal Customer,7,Business Travel,Business,2893,4,4,4,4,4,4,4,4,1,4,4,3,4,3.69,23,32,FALSE
Male,Disloyal Customer,47,Business Travel,Business,416,5,5,5,4,5,5,5,5,5,4,5,4,5,4.77,0,0,TRUE
Female,Loyal Customer,34,Business Travel,Business,1706,3,3,3,3,2,4,3,3,3,3,3,3,3,3,20,16,FALSE
Female,Loyal Customer,48,Personal Travel,Business,1404,2,4,2,2,1,2,4,1,1,2,1,1,5,2.15,0,0,FALSE
Male,Disloyal Customer,27,Business Travel,Eco,456,2,0,2,3,5,2,5,5,4,3,1,5,5,3.23,0,0,FALSE
Male,Loyal Customer,48,Business Travel,Business,587,4,4,2,4,2,4,5,4,4,4,4,4,4,3.77,10,23,TRUE
Male,Loyal Customer,50,Business Travel,Eco,631,4,3,3,3,4,4,4,4,4,5,1,4,4,3.62,0,0,TRUE
Female,Disloyal Customer,25,Business Travel,Business,759,4,2,4,4,2,4,2,2,1,1,4,3,2,2.69,0,22,FALSE
Female,Loyal Customer,22,Business Travel,Business,3006,2,2,2,2,2,2,2,2,1,3,4,3,2,2.23,13,36,FALSE
Female,Loyal Customer,7,Personal Travel,Eco,1723,2,5,2,4,1,2,1,1,5,5,5,4,1,2.92,67,44,FALSE
Female,Loyal Customer,67,Personal Travel,Eco,488,1,2,1,3,1,2,3,3,3,1,3,3,2,2.15,32,21,FALSE
Female,Loyal Customer,45,Business Travel,Business,666,5,5,5,5,3,4,5,4,4,4,4,5,5,4.46,0,0,TRUE
Male,Loyal Customer,23,Personal Travel,Eco,2475,2,4,2,1,5,2,5,5,5,3,4,5,5,3.69,0,28,FALSE
Female,Loyal Customer,54,Business Travel,Business,192,2,3,3,3,1,3,2,3,3,3,2,4,1,2.54,15,7,FALSE
Female,Loyal Customer,39,Business Travel,Business,3597,2,2,2,2,3,1,3,5,5,5,5,5,4,3.38,57,66,TRUE
Female,Disloyal Customer,18,Business Travel,Eco,212,5,0,5,2,1,5,1,1,2,3,4,5,1,2.69,0,0,TRUE
Male,Loyal Customer,52,Personal Travel,Business,1355,3,4,3,1,5,5,5,5,5,3,5,5,4,4.08,0,0,FALSE
Male,Loyal Customer,33,Business Travel,Business,1389,3,3,3,3,5,5,5,5,4,2,4,3,5,3.85,6,0,TRUE
Male,Loyal Customer,34,Personal Travel,Eco,965,3,5,3,2,1,3,1,1,4,3,5,3,1,2.69,1,0,FALSE
Female,Disloyal Customer,27,Business Travel,Eco,834,1,1,1,3,2,1,2,2,4,3,5,3,2,2.31,0,0,FALSE
Male,Loyal Customer,65,Personal Travel,Eco,337,1,4,1,3,2,1,2,2,5,5,5,3,2,2.77,28,24,FALSE
Female,Loyal Customer,56,Personal Travel,Eco,317,2,4,5,3,4,3,3,4,4,5,4,2,4,3.62,7,5,FALSE
Male,Disloyal Customer,23,Business Travel,Business,1005,0,4,0,1,5,0,5,5,3,3,4,4,5,3,31,27,TRUE
Female,Loyal Customer,42,Business Travel,Business,201,3,3,3,3,4,4,3,4,4,4,5,5,5,3.85,0,0,TRUE
Male,Loyal Customer,26,Personal Travel,Eco,599,1,2,1,2,1,1,1,1,2,1,3,1,1,1.38,0,0,FALSE
Male,Loyal Customer,56,Personal Travel,Eco,427,2,4,4,1,2,4,2,2,3,5,5,3,2,3,0,0,FALSE
Male,Disloyal Customer,24,Business Travel,Eco,270,2,0,2,5,2,2,2,2,3,2,4,3,2,2.38,8,1,FALSE
Male,Loyal Customer,27,Personal Travel,Eco,802,3,5,4,3,4,4,3,4,1,3,3,3,4,3.38,0,0,FALSE
Female,Loyal Customer,51,Business Travel,Business,2176,4,4,4,4,5,4,4,3,3,3,3,4,3,3.69,1,10,TRUE
Male,Loyal Customer,39,Business Travel,Business,1598,5,5,5,5,2,4,4,4,4,4,4,4,4,4.15,75,86,TRUE
Male,Loyal Customer,31,Business Travel,Eco,1262,2,2,2,2,2,2,2,2,4,5,4,3,2,2.62,5,0,FALSE
Female,Loyal Customer,40,Business Travel,Business,3193,3,3,3,3,1,3,1,5,5,5,5,4,1,3.23,3,0,TRUE
Male,Loyal Customer,20,Personal Travel,Eco,260,4,3,4,2,5,4,3,5,4,3,2,3,5,3.62,0,0,FALSE
Male,Loyal Customer,24,Business Travel,Business,2013,2,2,2,2,4,4,4,4,5,3,2,5,4,3.31,9,16,TRUE
Male,Loyal Customer,37,Business Travel,Business,290,0,0,0,3,5,5,4,2,2,2,2,4,5,2.62,3,0,TRUE
Male,Disloyal Customer,37,Business Travel,Eco,628,3,4,3,3,3,3,3,3,3,5,3,1,3,3.08,0,0,FALSE
Male,Loyal Customer,15,Personal Travel,Eco,2640,2,4,2,2,2,2,2,2,3,3,5,5,2,2.77,0,0,FALSE
Female,Loyal Customer,21,Business Travel,Eco,503,5,3,3,3,5,5,5,5,5,2,4,5,5,4.23,7,0,TRUE
Male,Loyal Customer,26,Business Travel,Business,644,1,1,1,1,2,2,2,2,3,4,4,5,2,2.31,0,4,TRUE
Female,Loyal Customer,39,Business Travel,Business,2431,4,1,1,1,5,4,4,4,4,4,4,4,3,3.31,0,0,FALSE
Male,Loyal Customer,67,Personal Travel,Eco,266,2,0,2,3,1,2,1,1,3,2,4,5,1,2.08,0,0,FALSE
Male,Loyal Customer,69,Personal Travel,Eco,431,2,5,2,2,1,2,1,1,4,3,5,4,1,2.54,0,0,FALSE
Female,Loyal Customer,54,Personal Travel,Eco Plus,1608,4,5,5,3,3,3,5,3,3,5,3,5,3,3.85,0,0,FALSE
Male,Loyal Customer,39,Business Travel,Business,1884,1,1,1,1,2,4,4,5,5,5,5,3,3,3.08,6,13,TRUE
Male,Loyal Customer,65,Personal Travel,Eco,1845,4,5,4,3,1,4,1,1,4,5,4,3,1,3.08,0,11,FALSE
Male,Loyal Customer,33,Business Travel,Business,861,3,3,3,3,3,3,3,3,1,3,3,1,3,2.69,15,4,FALSE
Female,Disloyal Customer,32,Business Travel,Eco,351,3,5,3,1,1,3,1,1,2,1,2,5,1,2.23,0,0,FALSE
Male,Loyal Customer,29,Business Travel,Business,1691,3,3,3,3,4,5,4,4,4,2,2,3,4,3.38,0,0,TRUE
Female,Loyal Customer,42,Personal Travel,Eco,2521,1,1,1,1,3,2,2,1,1,1,1,1,2,1.38,18,0,FALSE
Female,Disloyal Customer,24,Business Travel,Business,247,4,1,4,2,1,4,1,1,4,2,5,4,1,2.62,0,0,TRUE
Male,Loyal Customer,56,Personal Travel,Eco,1050,2,4,2,4,3,2,3,3,4,4,5,4,3,3.31,2,0,FALSE
Female,Loyal Customer,31,Personal Travel,Eco,304,4,4,4,1,1,4,5,1,5,3,5,4,1,3.23,21,12,FALSE
Male,Loyal Customer,20,Personal Travel,Eco,2342,1,2,1,2,3,1,3,3,2,2,2,1,3,2,15,6,FALSE
Female,Loyal Customer,39,Business Travel,Eco,1598,1,5,5,5,1,1,1,1,2,5,2,3,1,2.54,0,0,FALSE
Male,Disloyal Customer,26,Business Travel,Business,1119,3,3,3,1,1,3,1,1,1,4,2,4,1,2.15,64,57,FALSE
Female,Loyal Customer,52,Business Travel,Eco,163,2,5,5,5,1,4,4,2,2,2,2,3,2,3,0,0,TRUE
Female,Loyal Customer,32,Personal Travel,Eco,925,5,1,5,4,5,5,5,5,3,1,3,4,5,3.92,12,0,TRUE
Male,Loyal Customer,56,Business Travel,Business,1747,2,2,3,2,3,3,5,5,5,5,5,5,4,3.77,1,0,TRUE
Female,Disloyal Customer,37,Business Travel,Business,228,5,5,5,3,2,5,2,2,3,3,5,4,2,3.54,41,31,TRUE
Male,Loyal Customer,31,Business Travel,Business,2917,2,2,2,2,3,2,3,3,5,4,3,3,3,2.85,37,31,TRUE
Male,Loyal Customer,55,Business Travel,Business,239,5,5,5,5,5,4,5,5,5,5,5,3,5,4.77,0,10,TRUE
Male,Loyal Customer,55,Business Travel,Eco,612,3,1,1,1,3,3,3,3,2,5,3,4,3,2.69,0,0,FALSE
Female,Loyal Customer,45,Business Travel,Business,270,2,2,2,2,2,5,5,4,4,4,4,3,3,3.23,2,0,TRUE
Female,Disloyal Customer,24,Business Travel,Eco,522,5,0,5,4,4,5,4,4,2,2,3,2,4,3.38,0,0,TRUE
Female,Loyal Customer,46,Business Travel,Business,3579,5,5,5,5,5,4,5,4,4,4,4,3,3,4.31,3,0,TRUE
Female,Loyal Customer,45,Business Travel,Business,3518,3,3,3,3,4,4,5,5,5,5,5,5,5,4.23,0,0,TRUE
Male,Disloyal Customer,23,Business Travel,Eco,888,3,3,3,1,4,3,4,4,5,4,4,5,4,3.62,0,8,FALSE
Female,Loyal Customer,27,Personal Travel,Eco,1744,2,5,2,2,5,2,5,5,3,3,4,4,5,3.62,4,0,FALSE
Female,Disloyal Customer,30,Business Travel,Eco Plus,132,2,2,2,4,1,2,2,1,1,1,3,2,1,1.85,23,29,FALSE
Female,Loyal Customer,72,Business Travel,Eco,391,1,4,5,4,1,4,4,1,1,1,1,2,4,2.54,69,59,FALSE
Male,Loyal Customer,41,Business Travel,Business,1979,2,2,2,2,3,4,4,4,4,4,4,3,3,3.15,0,0,TRUE
Female,Loyal Customer,43,Business Travel,Business,3604,3,3,3,3,1,5,5,4,4,4,4,3,2,3.38,0,0,TRUE
Female,Loyal Customer,46,Personal Travel,Eco Plus,1303,4,5,4,4,4,4,4,5,5,4,5,3,5,4.31,0,0,FALSE
Male,Loyal Customer,39,Business Travel,Business,3850,1,1,1,1,3,5,5,5,5,5,5,4,5,3.54,0,0,TRUE
Female,Disloyal Customer,22,Business Travel,Eco,296,3,0,3,2,4,3,4,4,4,2,5,3,4,3.15,0,5,FALSE
Female,Loyal Customer,34,Personal Travel,Eco,308,1,4,2,5,3,2,3,3,5,3,5,3,3,3.23,11,14,FALSE
Female,Disloyal Customer,24,Business Travel,Eco Plus,994,4,0,4,4,3,4,1,3,2,1,5,3,3,2.85,8,6,TRUE
Female,Loyal Customer,57,Personal Travel,Eco,441,3,5,3,5,4,5,4,3,3,3,3,4,5,3.85,1,0,FALSE
Female,Disloyal Customer,26,Business Travel,Business,1020,5,5,5,4,5,5,5,5,5,3,5,5,5,4.77,24,18,TRUE
Female,Loyal Customer,63,Personal Travel,Eco,1013,2,3,2,1,5,5,5,2,2,2,4,2,5,3.08,39,31,FALSE
Male,Loyal Customer,34,Personal Travel,Eco,460,2,2,2,3,2,2,2,2,1,4,2,4,2,2.31,30,21,FALSE
Female,Disloyal Customer,42,Business Travel,Eco,776,3,3,3,3,2,3,2,2,4,2,4,1,2,2.62,0,0,FALSE
Male,Disloyal Customer,32,Business Travel,Eco,458,3,1,3,3,5,3,5,5,2,5,2,4,5,3.54,24,17,FALSE
Female,Disloyal Customer,44,Business Travel,Eco,678,2,2,2,4,1,2,1,1,4,5,4,3,1,2.46,0,0,FALSE
Female,Loyal Customer,38,Personal Travel,Eco,562,4,4,4,3,5,4,5,5,4,3,5,3,5,4.15,0,0,FALSE
Female,Loyal Customer,59,Personal Travel,Business,929,2,4,2,4,5,5,4,3,3,2,3,3,4,3.38,0,0,FALSE
Male,Loyal Customer,33,Business Travel,Business,1896,3,3,3,3,4,4,3,4,4,4,2,3,4,3.38,2,7,TRUE
Female,Disloyal Customer,40,Business Travel,Business,700,4,4,4,2,1,4,4,1,5,5,5,4,1,3.38,0,0,TRUE
Female,Loyal Customer,58,Business Travel,Business,1747,1,1,1,1,4,3,4,4,4,4,4,5,3,3,7,0,TRUE
Male,Loyal Customer,51,Personal Travel,Eco,408,0,5,0,1,4,0,1,4,2,1,1,1,4,1.85,10,38,TRUE
Female,Loyal Customer,35,Business Travel,Eco Plus,224,3,2,2,2,3,3,3,3,2,5,3,2,3,2.77,2,0,FALSE
Female,Loyal Customer,60,Business Travel,Business,2816,1,1,1,1,3,4,4,5,5,5,5,4,3,3.23,0,0,TRUE
Male,Loyal Customer,20,Business Travel,Business,1642,5,5,5,5,5,5,5,5,4,5,3,3,5,4.62,17,27,TRUE
Male,Loyal Customer,59,Personal Travel,Eco,463,4,4,4,4,3,4,3,3,4,2,5,5,3,3.69,0,0,FALSE
Female,Disloyal Customer,21,Business Travel,Business,230,5,3,5,4,2,5,2,2,4,1,1,5,2,3.15,0,0,TRUE
Male,Loyal Customer,41,Business Travel,Eco,834,5,5,3,3,5,5,5,5,1,2,3,4,5,3.92,0,1,TRUE
Female,Disloyal Customer,20,Business Travel,Eco,1121,4,4,4,4,5,4,5,5,2,2,4,3,5,3.92,0,6,FALSE
Male,Loyal Customer,31,Personal Travel,Eco,358,3,5,3,3,4,3,4,4,4,2,5,4,4,3.69,0,,FALSE
Male,Loyal Customer,60,Business Travel,Business,2704,1,1,1,1,2,4,3,3,3,4,3,2,1,2.23,0,0,TRUE
Female,Loyal Customer,32,Business Travel,Business,957,3,4,4,4,3,3,3,3,2,3,3,1,3,3,24,42,FALSE
Female,Loyal Customer,56,Business Travel,Business,2378,3,3,3,3,3,4,5,4,4,4,4,3,5,3.69,0,0,TRUE
Male,Loyal Customer,22,Business Travel,Eco Plus,731,4,2,2,2,4,4,4,4,5,4,2,4,4,3.46,0,3,TRUE
Female,Loyal Customer,41,Business Travel,Business,2281,1,1,1,1,4,4,5,5,5,5,5,5,4,3.54,53,54,TRUE
Female,Loyal Customer,41,Business Travel,Business,2227,1,1,1,1,2,5,5,2,2,2,2,4,4,2.46,21,0,TRUE
Male,Disloyal Customer,25,Business Travel,Eco,851,2,1,1,5,1,1,1,1,4,4,3,4,1,2.23,6,0,FALSE
Female,Loyal Customer,39,Business Travel,Business,1826,1,5,5,5,4,3,2,1,1,1,1,4,3,2.77,0,0,FALSE
Female,Disloyal Customer,21,Business Travel,Eco,89,1,2,1,3,1,1,1,1,3,2,4,2,1,1.77,0,0,FALSE
Male,Loyal Customer,55,Business Travel,Business,2152,5,5,5,5,2,4,5,4,4,4,4,5,5,4.38,19,26,TRUE
Female,Loyal Customer,38,Business Travel,Business,3982,5,5,5,5,2,2,3,4,4,4,4,5,1,3.77,0,0,TRUE
Male,Loyal Customer,29,Business Travel,Business,1782,1,1,1,1,5,5,5,5,4,3,1,1,5,2.92,0,0,TRUE
Male,Loyal Customer,56,Business Travel,Business,1389,5,5,5,5,4,4,5,5,5,5,5,4,4,4.69,0,0,TRUE
Male,Loyal Customer,50,Personal Travel,Eco,1448,3,1,3,4,4,3,5,4,1,1,3,4,4,3.08,0,0,FALSE
Male,Loyal Customer,46,Personal Travel,Eco,261,3,2,3,3,2,3,2,2,2,4,3,4,2,2.69,0,0,FALSE
Female,Loyal Customer,71,Business Travel,Business,3032,2,2,2,2,5,4,4,5,5,5,4,2,4,3.54,0,0,TRUE
Male,Loyal Customer,18,Business Travel,Eco,2402,5,2,2,2,5,5,5,5,3,1,3,2,5,3.46,15,0,TRUE
Male,Loyal Customer,35,Personal Travel,Eco,101,2,4,2,3,5,2,5,5,5,3,5,3,5,3.77,0,17,FALSE
Male,Loyal Customer,41,Business Travel,Business,460,3,3,3,3,4,2,3,3,3,3,3,1,1,2.69,32,27,FALSE
Female,Loyal Customer,29,Business Travel,Business,2740,5,5,5,5,4,4,4,4,3,5,5,4,4,4.38,0,0,TRUE
Male,Loyal Customer,50,Personal Travel,Eco,223,2,5,2,4,5,2,1,5,4,2,5,3,5,3.46,0,2,FALSE
Female,Loyal Customer,57,Business Travel,Business,3194,1,1,1,1,3,5,4,4,4,4,4,3,3,2.92,0,0,TRUE
Male,Disloyal Customer,39,Business Travel,Business,1052,2,2,2,4,2,2,2,2,4,2,4,5,2,2.69,52,32,FALSE
Female,Loyal Customer,65,Personal Travel,Eco,351,2,5,4,5,5,5,4,1,1,4,1,4,4,3.46,0,0,FALSE
Male,Disloyal Customer,21,Business Travel,Eco,309,1,5,0,2,3,0,3,3,5,4,4,3,3,2.77,0,0,FALSE
Female,Loyal Customer,57,Business Travel,Eco,987,4,4,4,4,2,2,5,4,4,4,4,4,5,3.85,0,0,TRUE
Male,Loyal Customer,48,Business Travel,Business,590,2,2,2,2,5,4,5,5,5,5,5,4,3,3.77,61,53,TRUE
Female,Loyal Customer,36,Business Travel,Eco,1838,3,1,1,1,3,3,3,3,3,5,3,2,3,2.62,9,33,FALSE
Male,Loyal Customer,44,Business Travel,Business,1635,1,1,1,1,4,5,5,4,4,4,4,5,5,3.38,9,0,TRUE
Male,Loyal Customer,12,Personal Travel,Eco,725,1,1,0,4,4,0,2,4,1,5,3,3,4,2.46,5,11,FALSE
Male,Disloyal Customer,32,Business Travel,Business,481,2,2,2,1,2,2,2,2,4,2,4,5,2,2.46,23,23,FALSE
Female,Loyal Customer,51,Business Travel,Business,3601,4,4,4,4,2,2,4,5,5,5,4,4,3,3.85,0,3,TRUE
Female,Loyal Customer,65,Personal Travel,Eco,302,3,5,3,2,2,5,4,1,1,3,1,3,4,2.85,0,4,FALSE
Male,Loyal Customer,40,Business Travel,Business,359,1,1,1,1,4,4,4,5,5,5,5,5,3,3.38,33,26,TRUE
Female,Disloyal Customer,23,Business Travel,Eco,143,2,2,2,3,5,2,5,5,3,5,3,3,5,3.46,0,5,FALSE
Male,Loyal Customer,48,Business Travel,Business,473,5,5,5,5,3,4,4,3,3,4,3,5,5,4.15,0,0,TRUE
Male,Disloyal Customer,9,Business Travel,Eco,606,2,3,2,3,2,2,2,4,3,3,4,2,2,2.62,132,108,FALSE
Male,Loyal Customer,50,Business Travel,Business,1547,5,5,5,5,4,5,5,4,4,4,4,4,5,4.54,0,0,TRUE
Male,Loyal Customer,46,Business Travel,Business,338,2,5,2,2,3,5,4,3,3,4,3,4,3,3.31,0,0,TRUE
Male,Disloyal Customer,55,Business Travel,Business,1126,5,5,5,4,1,5,1,1,5,3,4,5,1,3.46,0,0,TRUE
Male,Loyal Customer,52,Business Travel,Business,190,0,4,0,4,4,5,5,4,4,4,4,3,5,3.54,0,0,TRUE
Female,Loyal Customer,44,Business Travel,Business,472,3,3,3,3,2,4,5,5,5,5,5,5,3,3.92,10,0,TRUE
Female,Disloyal Customer,54,Business Travel,Business,139,4,5,5,1,3,4,3,3,3,4,5,4,3,3.62,0,0,TRUE
Male,Disloyal Customer,28,Business Travel,Business,868,2,2,2,2,1,2,1,1,4,5,5,3,1,2.38,23,21,FALSE
Male,Loyal Customer,40,Business Travel,Business,570,3,3,3,3,2,5,4,4,4,4,4,4,5,3.69,33,21,TRUE
Female,Loyal Customer,68,Personal Travel,Business,1999,3,3,3,3,4,3,3,5,5,3,5,3,2,3.46,55,54,FALSE
Male,Loyal Customer,35,Business Travel,Eco,86,4,1,1,1,4,5,4,4,2,2,4,5,4,3.15,0,0,TRUE
Male,Loyal Customer,42,Business Travel,Business,2477,1,1,1,1,4,4,5,4,4,4,4,4,5,3.23,0,0,TRUE
Male,Disloyal Customer,25,Business Travel,Eco,2475,2,2,2,4,2,2,2,4,1,4,4,2,2,2.54,0,0,FALSE
Male,Loyal Customer,46,Business Travel,Business,592,4,4,4,4,4,4,5,3,3,4,3,3,2,3.62,0,0,TRUE
Male,Disloyal Customer,29,Business Travel,Business,1009,4,4,4,2,4,4,4,4,5,3,5,5,4,4,0,0,TRUE
Male,Loyal Customer,32,Business Travel,Business,2118,2,2,2,2,2,2,2,2,3,5,3,3,2,2.46,42,34,FALSE
Male,Loyal Customer,50,Business Travel,Business,2664,1,1,1,1,3,5,5,5,5,5,5,3,4,3.38,72,49,TRUE
Male,Loyal Customer,52,Business Travel,Business,861,3,3,3,3,3,5,5,4,4,4,4,3,5,3.77,86,65,TRUE
Male,Loyal Customer,56,Personal Travel,Eco,214,3,3,0,4,1,0,1,1,1,5,3,1,1,1.85,0,0,FALSE
Female,Disloyal Customer,45,Business Travel,Eco,423,3,3,3,3,4,3,5,4,3,2,3,3,4,3.31,0,8,FALSE
Male,Loyal Customer,70,Personal Travel,Eco,867,5,4,5,2,5,5,5,5,3,5,4,5,5,4.46,0,0,TRUE
Male,Loyal Customer,40,Personal Travel,Eco,1390,1,2,1,4,3,1,3,3,2,2,4,3,3,2.46,0,0,FALSE
Female,Loyal Customer,17,Business Travel,Business,3554,4,4,4,4,4,4,4,4,4,3,4,4,4,3.92,2,7,TRUE
Female,Loyal Customer,60,Business Travel,Business,264,0,0,0,2,4,1,5,3,3,3,3,2,2,2.15,0,0,TRUE
Female,Loyal Customer,49,Personal Travel,Eco,834,4,5,4,4,4,5,5,4,4,4,4,4,4,4.23,42,37,FALSE
Female,Loyal Customer,31,Business Travel,Business,368,5,5,5,5,4,4,4,4,3,4,5,5,4,4.38,19,13,TRUE
Female,Loyal Customer,69,Personal Travel,Eco,594,1,5,1,2,4,4,2,2,2,1,4,2,2,2.46,10,6,FALSE
Female,Loyal Customer,54,Business Travel,Business,325,2,2,2,2,5,4,4,5,5,5,5,4,4,3.77,0,0,TRUE
Male,Disloyal Customer,20,Business Travel,Business,436,4,0,5,3,2,5,2,2,3,3,5,5,2,3.15,0,0,TRUE
Male,Loyal Customer,39,Business Travel,Business,862,5,5,5,5,4,5,5,5,5,5,5,5,5,4.92,14,15,TRUE
Female,Loyal Customer,58,Personal Travel,Eco,802,2,5,2,3,4,5,2,5,5,2,2,4,1,3.23,0,0,FALSE
Female,Loyal Customer,69,Personal Travel,Eco,1440,3,1,3,3,1,4,4,2,2,3,5,1,1,2.54,107,96,FALSE
Female,Loyal Customer,37,Business Travel,Business,1689,0,3,0,2,1,3,4,1,1,1,1,1,5,1.77,0,0,TRUE
Male,Loyal Customer,75,Business Travel,Eco Plus,67,3,3,3,3,3,3,3,3,3,3,4,1,3,2.92,0,0,FALSE
Male,Loyal Customer,42,Business Travel,Business,1438,1,1,5,1,4,4,4,4,4,4,4,5,5,3.54,8,26,TRUE
Female,Loyal Customer,11,Personal Travel,Eco,1029,4,4,4,3,3,4,3,3,4,2,3,4,3,3.38,0,0,TRUE
Male,Loyal Customer,47,Business Travel,Eco,536,3,4,4,4,3,3,3,3,2,3,3,1,3,3,8,0,FALSE
Male,Loyal Customer,48,Business Travel,Business,1744,3,3,3,3,3,3,4,4,4,4,4,5,5,3.69,23,18,TRUE
Female,Loyal Customer,13,Personal Travel,Eco Plus,305,3,4,3,1,5,3,5,5,3,3,5,5,5,3.85,14,7,FALSE
Male,Loyal Customer,33,Personal Travel,Eco,872,3,4,3,2,3,3,3,3,2,3,4,1,3,2.85,50,56,FALSE
Male,Disloyal Customer,47,Business Travel,Eco,944,2,2,2,3,5,2,5,5,1,1,3,4,5,3.08,0,0,FALSE
Male,Loyal Customer,58,Business Travel,Business,2364,2,2,2,2,4,4,4,4,4,4,4,3,4,3.31,2,0,TRUE
Female,Loyal Customer,39,Business Travel,Eco,226,4,2,2,2,4,4,4,4,4,1,5,4,4,3.38,0,0,TRUE
Female,Loyal Customer,52,Personal Travel,Eco,599,1,2,1,3,4,4,3,1,1,1,1,2,3,2.08,4,0,FALSE
Female,Loyal Customer,30,Business Travel,Business,1129,2,5,5,5,2,2,2,2,3,1,3,1,2,2.69,13,13,FALSE
Male,Loyal Customer,57,Business Travel,Business,3929,3,5,1,5,1,4,4,3,3,2,3,3,2,3,0,0,FALSE
Male,Loyal Customer,42,Business Travel,Business,1562,2,2,3,2,4,5,4,5,5,5,5,4,4,3.85,7,49,TRUE
Female,Loyal Customer,44,Business Travel,Business,1582,1,1,1,1,2,5,4,5,5,5,5,5,3,3.31,3,0,TRUE
Male,Loyal Customer,63,Business Travel,Eco,1979,3,4,4,4,4,3,4,4,4,2,2,1,4,3.31,55,28,FALSE
Male,Loyal Customer,54,Business Travel,Eco,784,3,3,3,3,3,3,3,3,3,2,5,1,3,2.92,0,0,TRUE
Female,Loyal Customer,31,Business Travel,Business,2342,3,5,5,5,3,3,3,3,4,3,2,3,3,3.46,23,9,FALSE
Female,Loyal Customer,54,Business Travel,Business,2775,1,1,1,1,4,4,5,2,2,2,2,4,3,2.46,0,0,TRUE
Female,Loyal Customer,25,Business Travel,Business,1744,3,4,4,4,3,3,3,3,2,4,3,2,3,3.15,1,15,FALSE
Female,Loyal Customer,14,Business Travel,Business,3588,1,2,2,2,1,1,1,1,4,1,3,3,1,1.77,32,9,FALSE
Male,Loyal Customer,60,Business Travel,Business,1966,1,4,4,4,4,3,3,1,1,1,1,1,2,2.31,20,10,FALSE
Female,Loyal Customer,60,Business Travel,Business,2773,4,4,4,4,3,5,4,5,5,5,4,5,4,4.31,0,4,TRUE
Male,Loyal Customer,20,Personal Travel,Eco,929,4,3,4,4,2,4,2,2,2,1,4,1,2,2.69,0,2,FALSE
Male,Loyal Customer,47,Business Travel,Business,1807,1,2,2,2,1,4,3,1,1,1,1,3,4,2,65,66,FALSE
Female,Loyal Customer,11,Personal Travel,Eco,558,2,5,2,3,2,2,2,2,4,3,5,4,2,2.92,0,0,FALSE
Male,Loyal Customer,60,Personal Travel,Eco,647,1,3,0,2,4,0,4,4,2,4,1,1,4,2.31,0,0,FALSE
Male,Disloyal Customer,38,Business Travel,Business,907,4,4,4,1,4,4,4,4,3,2,4,4,4,3.54,0,0,TRUE
Male,Loyal Customer,45,Personal Travel,Eco,288,1,5,1,1,5,1,1,5,3,2,5,3,5,2.92,0,0,FALSE
Female,Loyal Customer,67,Personal Travel,Eco,2845,1,0,1,3,5,2,1,1,1,1,4,1,5,2,0,0,FALSE
Male,Loyal Customer,49,Business Travel,Eco Plus,101,3,2,2,2,3,3,3,3,3,4,3,2,3,2.77,0,16,FALSE
Female,Loyal Customer,53,Business Travel,Business,2467,5,5,4,5,4,5,5,3,3,4,3,5,4,4.23,4,4,TRUE
Female,Loyal Customer,40,Personal Travel,Eco,674,2,2,2,3,2,2,2,2,1,4,3,2,2,2.23,0,21,FALSE
Male,Disloyal Customer,48,Business Travel,Eco,862,3,2,2,4,2,2,2,2,5,2,3,3,2,2.62,0,13,FALSE
Male,Loyal Customer,48,Business Travel,Eco,1587,2,2,2,2,2,2,2,2,4,2,2,1,2,2.08,12,23,FALSE
Male,Loyal Customer,25,Business Travel,Eco,109,3,3,3,3,3,4,5,3,1,1,1,1,3,2.62,0,11,TRUE
Female,Loyal Customer,53,Business Travel,Business,428,4,4,4,4,2,1,4,4,4,4,4,5,1,3.46,10,20,TRUE
Female,Loyal Customer,55,Personal Travel,Eco,522,1,4,3,1,5,4,5,4,4,3,4,5,4,3.62,26,70,FALSE
Female,Loyal Customer,61,Personal Travel,Eco Plus,950,3,0,3,2,4,5,4,3,3,3,3,3,5,3.15,0,0,FALSE
Female,Disloyal Customer,40,Business Travel,Business,672,4,4,4,5,5,4,1,5,5,5,5,3,5,4.23,0,0,FALSE
Male,Loyal Customer,61,Personal Travel,Eco,468,1,4,1,3,2,1,2,2,4,5,4,4,2,2.69,0,0,FALSE
Male,Loyal Customer,36,Business Travel,Business,3206,3,3,3,3,1,4,5,5,5,5,5,1,2,3.46,1,5,TRUE
Female,Loyal Customer,33,Personal Travel,Eco,444,4,2,4,3,4,4,4,4,1,3,3,1,4,3.15,2,15,FALSE
Male,Loyal Customer,52,Business Travel,Eco,1744,3,4,5,5,3,3,3,3,3,2,2,2,3,3.15,8,9,FALSE
Male,Loyal Customer,46,Personal Travel,Business,372,5,4,5,5,4,5,5,1,1,5,1,4,4,3.77,0,0,TRUE
Male,Disloyal Customer,16,Business Travel,Eco,737,2,2,2,1,4,2,4,4,4,4,3,4,4,3.08,11,0,FALSE
Female,Disloyal Customer,50,Business Travel,Eco,672,1,1,1,3,1,1,1,1,1,4,3,1,1,1.54,0,17,FALSE
Male,Loyal Customer,20,Personal Travel,Eco,1947,3,4,3,4,5,3,4,5,5,2,3,3,5,3.77,4,0,FALSE
Male,Loyal Customer,43,Business Travel,Business,2135,1,4,4,4,4,4,4,1,1,1,1,4,4,2.85,1,0,FALSE
Female,Loyal Customer,64,Personal Travel,Eco Plus,1916,4,4,4,2,5,5,4,5,5,4,5,4,5,4.31,0,0,FALSE
Male,Disloyal Customer,46,Business Travel,Business,1092,3,3,3,3,5,3,5,5,4,5,5,5,5,4.15,24,17,FALSE
Male,Loyal Customer,39,Business Travel,Business,1906,2,2,2,2,3,5,4,4,4,4,4,5,4,3.46,0,0,TRUE
Female,Loyal Customer,26,Personal Travel,Eco,918,3,4,4,1,5,4,5,5,3,5,5,3,5,4,0,0,FALSE
Male,Disloyal Customer,54,Business Travel,Eco,205,2,0,2,1,3,2,3,3,2,4,4,1,3,2.31,1,11,FALSE
Female,Loyal Customer,35,Personal Travel,Eco Plus,834,1,4,1,2,4,1,4,4,3,3,5,4,4,3.08,0,0,FALSE
Female,Loyal Customer,52,Business Travel,Business,1915,5,3,5,5,4,4,4,5,5,5,5,5,5,4.62,0,0,TRUE
Female,Disloyal Customer,30,Business Travel,Eco,342,3,0,3,5,3,3,3,3,2,5,2,4,3,3,0,5,FALSE
Female,Loyal Customer,30,Business Travel,Business,3942,4,4,4,4,4,4,4,4,3,4,5,3,4,3.92,0,0,TRUE
Female,Loyal Customer,51,Business Travel,Business,3513,5,5,5,5,2,5,4,4,4,4,4,4,5,4.31,0,0,TRUE
Female,Loyal Customer,55,Personal Travel,Eco,223,1,5,0,3,4,4,5,4,4,0,4,5,4,3.31,0,0,FALSE
Male,Loyal Customer,53,Business Travel,Business,3119,2,2,4,2,2,5,5,1,1,2,1,5,4,2.77,0,0,TRUE
Female,Loyal Customer,52,Business Travel,Business,3164,5,5,5,5,2,5,5,2,2,2,2,4,3,3.62,12,4,TRUE
Female,Loyal Customer,43,Business Travel,Business,3241,5,5,5,5,5,5,4,5,5,5,5,3,3,4.62,1,0,TRUE
Male,Loyal Customer,39,Business Travel,Business,1389,4,4,4,4,2,4,4,2,2,2,2,3,4,3.15,0,0,TRUE
Female,Loyal Customer,44,Personal Travel,Eco,805,4,2,4,4,1,4,3,1,1,4,1,3,1,2.54,15,16,FALSE
Female,Loyal Customer,44,Business Travel,Business,3665,3,5,3,3,1,2,3,3,3,2,3,4,4,3,0,0,TRUE
Female,Loyal Customer,35,Business Travel,Business,1670,4,4,4,4,5,4,4,4,4,4,4,5,5,4.23,7,7,TRUE
Male,Disloyal Customer,22,Business Travel,Eco,337,0,0,0,1,3,0,3,3,5,4,1,1,3,1.85,18,33,TRUE
Male,Loyal Customer,33,Personal Travel,Eco,1303,4,5,4,1,5,4,5,5,4,3,4,3,5,4,0,0,FALSE
Female,Loyal Customer,38,Business Travel,Business,2349,3,4,4,4,3,4,4,3,3,3,3,4,2,3.38,0,0,FALSE
Male,Loyal Customer,65,Personal Travel,Eco,473,5,5,5,3,1,5,1,1,4,4,5,3,1,3.31,0,0,TRUE
Male,Loyal Customer,54,Business Travel,Eco Plus,271,5,1,4,1,5,5,5,5,3,3,2,5,5,3.77,0,0,TRUE
Male,Loyal Customer,39,Personal Travel,Eco,1547,2,4,2,4,4,2,4,4,4,4,5,5,4,3.69,2,6,FALSE
Male,Loyal Customer,22,Business Travel,Business,1620,4,3,4,3,4,4,4,4,2,4,2,1,4,3.31,43,31,FALSE
Male,Loyal Customer,15,Personal Travel,Eco,4502,4,2,4,2,4,5,5,4,2,1,1,5,5,3.38,0,0,TRUE
Male,Loyal Customer,53,Business Travel,Business,365,2,2,2,2,4,2,1,4,4,5,4,2,2,2.77,44,29,TRUE
Female,Disloyal Customer,42,Business Travel,Eco,814,2,2,2,4,1,2,1,1,3,1,2,4,1,2,5,12,FALSE
Male,Loyal Customer,59,Business Travel,Business,3485,4,4,4,4,3,5,4,4,4,4,4,5,4,4.08,6,0,TRUE
Female,Loyal Customer,47,Business Travel,Business,1928,2,2,2,2,3,5,5,4,4,4,4,3,4,3.38,0,0,TRUE
Male,Loyal Customer,20,Personal Travel,Eco,369,3,5,3,4,3,3,3,3,4,3,5,5,3,3.62,0,0,FALSE
Female,Loyal Customer,52,Business Travel,Eco,205,5,2,2,2,3,3,2,5,5,5,5,4,5,3.69,86,92,TRUE
Female,Loyal Customer,46,Business Travel,Business,89,0,5,0,4,5,4,5,1,1,1,1,4,4,2.69,0,0,TRUE
Female,Loyal Customer,46,Personal Travel,Eco,455,2,4,2,1,2,4,5,3,3,2,3,5,4,3.08,5,2,FALSE
Male,Loyal Customer,39,Personal Travel,Eco,534,4,5,4,3,3,4,3,3,5,4,5,4,3,3.85,23,20,TRUE
Female,Loyal Customer,55,Business Travel,Eco Plus,102,2,2,5,2,5,4,2,2,2,2,2,2,3,2.69,0,0,TRUE
Female,Disloyal Customer,33,Business Travel,Business,337,2,2,2,3,1,2,1,1,3,3,4,4,1,2.23,0,0,FALSE
Male,Disloyal Customer,29,Business Travel,Eco,73,3,4,3,4,3,3,3,3,2,3,4,1,3,3,0,2,FALSE
Female,Loyal Customer,68,Personal Travel,Eco,405,4,2,4,3,5,2,2,1,1,4,1,1,4,2.62,0,0,FALSE
Female,Loyal Customer,48,Business Travel,Business,2410,2,1,1,1,2,4,4,2,2,2,2,2,2,2.08,4,11,FALSE
Male,Loyal Customer,50,Business Travel,Business,3758,1,1,1,1,4,4,4,5,5,5,4,5,3,3.31,23,14,TRUE
Male,Loyal Customer,60,Business Travel,Business,1047,5,5,5,5,5,4,5,4,4,5,4,4,4,4.54,0,0,TRUE
Female,Disloyal Customer,25,Business Travel,Eco,569,4,2,5,4,3,5,3,3,2,4,4,4,3,3.54,1,0,FALSE
Male,Loyal Customer,48,Business Travel,Business,134,3,3,2,3,2,5,5,5,5,5,4,3,4,3.77,0,0,TRUE
Male,Disloyal Customer,24,Business Travel,Eco,719,1,1,1,4,2,1,2,2,2,5,3,3,2,2.23,0,0,FALSE
Female,Disloyal Customer,36,Business Travel,Business,227,3,2,2,5,1,2,1,1,5,3,4,5,1,2.69,34,40,FALSE
Male,Loyal Customer,55,Business Travel,Business,2530,5,5,5,5,3,5,4,4,4,4,4,4,4,4.31,29,45,TRUE
Male,Loyal Customer,22,Business Travel,Business,338,4,4,4,4,4,3,4,4,3,2,3,3,4,3.54,3,3,FALSE
Male,Disloyal Customer,24,Business Travel,Business,948,4,4,4,2,2,4,2,2,5,3,4,4,2,3.23,23,13,TRUE
Female,Loyal Customer,12,Personal Travel,Eco,216,1,0,1,5,1,1,1,1,4,3,4,5,1,2.15,0,0,FALSE
Male,Disloyal Customer,26,Business Travel,Eco,397,1,1,1,3,5,1,3,5,2,3,2,2,5,2.62,30,23,FALSE
Male,Disloyal Customer,36,Business Travel,Eco Plus,453,1,1,1,3,2,1,2,2,1,1,3,4,2,1.85,13,11,FALSE
Female,Loyal Customer,21,Personal Travel,Eco,989,1,5,1,1,1,5,5,4,2,5,5,5,5,3.46,255,258,FALSE
Male,Disloyal Customer,20,Business Travel,Eco,102,2,0,2,1,4,2,1,4,4,2,1,4,4,2.38,3,5,FALSE
Female,Loyal Customer,60,Business Travel,Business,3231,3,5,5,5,4,4,4,3,3,3,3,3,1,3.54,29,23,FALSE
Male,Loyal Customer,10,Personal Travel,Eco,395,3,5,3,5,5,3,5,5,5,3,4,4,5,4.23,0,0,FALSE
Male,Loyal Customer,47,Business Travel,Business,2952,3,2,3,3,4,5,4,5,5,5,5,4,5,4.08,0,0,TRUE
Female,Loyal Customer,31,Business Travel,Business,913,4,1,1,1,4,4,4,4,2,2,3,2,4,2.77,128,114,FALSE
Male,Loyal Customer,7,Personal Travel,Eco,366,3,3,3,4,2,3,2,2,2,3,3,4,2,2.77,98,81,FALSE
Male,Loyal Customer,56,Personal Travel,Eco,110,3,1,3,3,5,3,5,5,3,3,4,2,5,3.46,0,0,FALSE
Male,Loyal Customer,46,Business Travel,Eco,299,1,5,5,5,1,1,1,1,2,2,2,4,1,2.38,0,0,FALSE
Female,Loyal Customer,68,Personal Travel,Eco,1440,2,5,2,4,4,4,4,4,4,2,2,5,3,3.46,0,0,FALSE
Male,Disloyal Customer,50,Business Travel,Business,214,4,4,4,4,3,4,3,3,4,2,4,4,3,3.54,0,0,FALSE
Male,Loyal Customer,21,Personal Travel,Eco,533,2,5,2,4,5,2,5,5,5,5,5,5,5,4.23,0,0,FALSE
Female,Loyal Customer,18,Business Travel,Business,1371,4,4,4,4,4,4,4,4,5,4,4,4,4,4.08,8,12,TRUE
Female,Loyal Customer,17,Personal Travel,Eco,290,2,5,2,4,5,2,5,5,4,2,5,4,5,3.85,0,0,FALSE
Female,Loyal Customer,23,Business Travel,Business,2576,2,5,2,2,4,4,4,4,4,2,4,3,4,3.38,0,0,TRUE
Male,Loyal Customer,50,Business Travel,Business,1444,3,3,3,3,2,4,5,4,4,4,4,5,4,3.69,25,8,TRUE
Male,Loyal Customer,42,Business Travel,Eco Plus,431,3,3,5,5,3,3,3,3,3,1,3,1,3,3,0,0,FALSE
Female,Loyal Customer,33,Personal Travel,Eco,895,3,5,3,3,1,3,1,1,3,2,5,4,1,2.69,0,0,FALSE
Male,Loyal Customer,80,Business Travel,Eco Plus,432,2,4,4,4,2,2,2,2,2,2,3,1,2,2.46,0,0,FALSE
Male,Loyal Customer,39,Business Travel,Business,612,5,5,5,5,4,1,3,5,5,5,5,3,4,4.23,0,3,TRUE
Female,Loyal Customer,49,Business Travel,Business,3391,4,2,2,2,4,1,2,4,4,4,4,2,1,2.77,24,23,FALSE
Female,Loyal Customer,40,Business Travel,Business,1941,3,2,2,2,2,3,4,3,3,3,3,4,1,2.69,21,3,FALSE
Male,Disloyal Customer,24,Business Travel,Business,585,5,5,5,4,5,5,5,5,4,4,5,3,5,4.62,61,64,TRUE
Male,Loyal Customer,41,Personal Travel,Eco,1979,3,1,3,4,5,3,5,5,3,5,3,1,5,3.54,0,4,FALSE
Female,Loyal Customer,50,Personal Travel,Eco,770,3,4,3,4,5,5,5,5,5,3,5,5,3,4.23,50,38,FALSE
Male,Loyal Customer,55,Business Travel,Business,1011,3,2,2,2,5,3,2,3,3,3,3,1,4,2.77,0,0,FALSE
Male,Loyal Customer,52,Business Travel,Business,3256,5,5,5,5,4,1,4,4,4,4,4,2,3,3.85,0,0,TRUE
Female,Loyal Customer,35,Personal Travel,Eco,302,1,4,5,3,4,5,4,4,3,5,5,4,4,3.92,0,0,FALSE
Male,Loyal Customer,27,Business Travel,Business,239,0,0,0,1,5,5,5,5,3,2,4,4,5,3,29,23,TRUE
Male,Loyal Customer,54,Business Travel,Business,2243,5,5,5,5,4,5,5,3,3,4,3,4,5,4.31,7,0,TRUE
Male,Loyal Customer,43,Business Travel,Business,2815,2,2,2,2,3,5,4,4,4,4,4,5,4,3.46,0,7,TRUE
Male,Loyal Customer,40,Business Travel,Business,471,5,5,5,5,3,4,4,5,5,5,5,4,4,4.54,16,6,TRUE
Female,Loyal Customer,66,Personal Travel,Eco,679,3,2,3,3,3,5,5,2,2,3,3,5,5,3.38,171,172,FALSE
Female,Loyal Customer,24,Business Travel,Business,1829,3,1,5,5,3,3,3,3,3,5,2,3,3,3.23,56,56,FALSE
Female,Loyal Customer,29,Business Travel,Business,2408,5,5,5,5,5,5,5,5,4,5,4,5,5,4.85,4,9,TRUE
Female,Disloyal Customer,23,Business Travel,Eco,216,1,0,1,3,1,1,1,1,1,2,2,4,1,1.46,0,2,FALSE
Female,Disloyal Customer,39,Business Travel,Business,550,3,3,3,3,2,3,2,2,5,4,4,3,2,3,6,1,FALSE
Female,Loyal Customer,44,Personal Travel,Eco,1773,4,3,4,4,1,3,3,4,4,4,4,4,1,3.31,14,0,FALSE
Male,Disloyal Customer,34,Business Travel,Business,1590,1,1,1,3,1,1,1,1,4,5,5,5,1,2.31,0,0,FALSE
Female,Loyal Customer,62,Personal Travel,Eco,187,3,5,3,2,4,5,4,3,3,3,2,5,3,3.46,0,0,FALSE
Male,Loyal Customer,56,Personal Travel,Eco,968,3,4,3,1,5,3,5,5,3,2,4,4,5,3.62,0,0,FALSE
Male,Loyal Customer,43,Business Travel,Business,3837,2,2,2,2,2,5,4,5,5,5,5,5,5,3.77,0,0,TRUE
Male,Loyal Customer,15,Personal Travel,Eco,192,2,4,2,2,3,2,3,3,4,5,4,3,3,3.08,0,0,FALSE
Male,Loyal Customer,28,Personal Travel,Eco Plus,690,4,5,4,2,4,4,3,4,3,2,4,5,4,3.69,13,14,FALSE
Female,Disloyal Customer,48,Business Travel,Eco,241,1,4,1,3,2,1,4,2,1,2,3,1,2,2.08,0,8,FALSE
Male,Loyal Customer,12,Personal Travel,Eco,1399,1,4,1,4,1,1,1,1,5,3,5,3,1,2.38,0,0,FALSE
Female,Loyal Customer,33,Personal Travel,Eco Plus,377,1,5,1,3,3,1,3,3,5,4,5,4,3,3.15,32,17,FALSE
Male,Loyal Customer,29,Personal Travel,Eco,463,2,4,2,5,2,2,2,2,4,5,4,3,2,3,0,0,FALSE
Female,Loyal Customer,65,Business Travel,Eco,356,3,3,3,3,1,4,4,3,3,3,3,4,4,3.15,0,0,FALSE
Male,Loyal Customer,27,Personal Travel,Eco,1050,3,4,3,2,3,3,1,3,3,2,4,3,3,2.85,122,93,FALSE
Female,Loyal Customer,16,Personal Travel,Eco Plus,483,3,3,2,4,4,2,4,4,3,3,3,4,4,3.31,0,0,FALSE
Male,Loyal Customer,65,Business Travel,Business,1578,2,2,2,2,4,4,4,2,2,2,2,1,4,2.54,41,43,FALSE
Male,Loyal Customer,57,Business Travel,Business,590,3,3,5,3,2,5,4,5,5,5,5,4,3,4,0,0,TRUE
Female,Loyal Customer,32,Business Travel,Business,1724,1,1,1,1,5,5,5,5,3,2,1,1,5,2.77,47,51,TRUE
Male,Loyal Customer,59,Personal Travel,Eco,674,3,4,3,3,5,3,5,5,5,5,5,3,5,4.15,25,26,FALSE
Male,Loyal Customer,61,Personal Travel,Eco,302,0,4,0,1,5,0,4,5,4,3,3,5,5,3,7,0,TRUE
Male,Loyal Customer,8,Personal Travel,Eco,2475,2,1,3,3,1,3,1,1,2,3,4,4,1,2.23,0,0,FALSE
Female,Disloyal Customer,25,Business Travel,Eco,775,2,2,2,3,2,2,2,2,1,1,3,3,2,2.08,0,0,FALSE
Male,Disloyal Customer,45,Business Travel,Business,808,4,4,4,4,1,4,1,1,5,5,4,5,1,3.31,0,0,FALSE
Female,Disloyal Customer,19,Business Travel,Business,1788,1,1,1,3,3,1,3,3,4,3,4,1,3,2.38,2,0,FALSE
Female,Loyal Customer,38,Business Travel,Business,1637,2,2,2,2,5,3,3,2,2,2,2,4,4,2.69,0,0,FALSE
Male,Disloyal Customer,37,Business Travel,Business,293,2,2,2,5,3,2,3,3,3,3,5,4,3,3.08,63,57,FALSE
Female,Disloyal Customer,22,Business Travel,Business,922,5,4,5,2,1,5,1,1,5,3,5,3,1,3.15,0,0,TRUE
Male,Loyal Customer,47,Business Travel,Business,2854,1,1,1,1,5,5,5,4,4,4,4,4,4,3.31,0,0,TRUE
Female,Disloyal Customer,22,Business Travel,Business,530,4,5,4,1,2,4,3,2,3,5,5,5,2,3.46,23,17,TRUE
Male,Loyal Customer,36,Personal Travel,Eco Plus,888,3,1,3,4,1,3,1,1,2,5,3,4,1,2.46,0,5,FALSE
Female,Loyal Customer,51,Business Travel,Business,250,2,2,2,2,3,5,4,4,4,4,4,4,5,3.46,0,0,TRUE
Female,Loyal Customer,24,Personal Travel,Eco,641,3,5,2,1,4,2,1,4,4,1,3,2,4,2.77,0,0,FALSE
Male,Loyal Customer,54,Business Travel,Business,3648,3,3,3,3,5,4,5,4,4,4,5,5,3,3.92,0,0,TRUE
Male,Loyal Customer,68,Personal Travel,Eco,89,4,5,0,3,2,0,2,2,3,3,5,5,2,2.77,0,0,FALSE
Female,Disloyal Customer,28,Business Travel,Eco,689,1,1,1,3,1,2,2,2,1,3,3,2,2,1.85,139,140,FALSE
Female,Loyal Customer,44,Business Travel,Eco,1249,5,1,1,1,5,5,1,5,5,5,5,1,2,3.23,0,0,TRUE
Male,Loyal Customer,60,Business Travel,Business,3592,2,3,3,3,5,3,4,2,2,2,2,1,2,2.62,0,0,FALSE
Female,Loyal Customer,13,Personal Travel,Eco,590,4,4,4,1,3,4,3,3,5,5,5,5,3,3.77,38,22,FALSE
Male,Loyal Customer,42,Business Travel,Business,3529,1,4,4,4,2,3,4,1,1,1,1,3,3,2.46,19,8,FALSE
Male,Loyal Customer,18,Personal Travel,Business,606,3,4,3,1,4,3,4,4,5,3,4,5,4,3.62,15,5,FALSE
Female,Loyal Customer,60,Business Travel,Business,1675,3,3,3,3,3,4,4,5,5,5,5,4,3,3.85,0,0,TRUE
Male,Loyal Customer,30,Business Travel,Eco Plus,695,4,3,3,3,4,4,4,4,3,1,1,2,4,3.08,80,65,TRUE
Male,Loyal Customer,39,Business Travel,Business,3184,1,1,1,1,2,4,5,5,5,5,5,5,4,3.38,0,0,TRUE
Male,Disloyal Customer,22,Business Travel,Eco,1353,3,3,3,4,3,1,1,4,2,4,3,1,1,2.54,114,86,FALSE
Female,Loyal Customer,39,Business Travel,Business,1846,1,1,1,1,3,5,4,5,5,4,5,5,4,3.38,3,20,TRUE
Female,Loyal Customer,48,Business Travel,Eco,224,5,1,1,1,4,1,1,5,5,5,5,2,4,3.08,94,92,TRUE
Female,Disloyal Customer,25,Business Travel,Business,2583,5,0,5,3,5,5,2,5,5,3,5,5,5,4.08,5,0,TRUE
Female,Loyal Customer,49,Personal Travel,Eco,651,3,4,3,3,2,5,5,2,2,3,2,3,5,3.23,0,0,FALSE
Male,Loyal Customer,38,Business Travel,Eco Plus,287,3,3,2,2,3,3,3,3,4,5,4,2,3,3.08,10,18,FALSE
Male,Loyal Customer,37,Business Travel,Eco,84,5,3,3,3,5,5,5,5,5,1,2,4,5,3.92,0,0,TRUE
Female,Loyal Customer,41,Business Travel,Business,2100,5,5,5,5,5,4,4,2,2,2,2,3,4,3.69,0,0,TRUE
Male,Loyal Customer,45,Business Travel,Business,2654,2,2,4,2,2,4,5,5,5,5,5,5,4,3.85,16,14,TRUE
Male,Loyal Customer,57,Personal Travel,Eco,642,3,4,3,3,5,3,5,5,4,5,5,5,5,4.23,0,0,FALSE
Female,Disloyal Customer,50,Business Travel,Business,472,3,3,3,4,5,3,5,5,3,4,5,4,5,4,0,0,FALSE
Female,Loyal Customer,13,Personal Travel,Eco,1171,3,5,3,4,3,3,3,3,4,3,4,3,3,3.38,18,15,FALSE
Female,Loyal Customer,39,Business Travel,Business,1035,2,2,2,2,4,4,5,4,4,4,4,3,4,3.38,0,0,TRUE
Female,Loyal Customer,41,Business Travel,Business,3623,5,5,5,5,2,5,4,3,3,3,3,3,3,3.77,0,0,TRUE
Male,Disloyal Customer,39,Business Travel,Eco,781,4,4,4,4,3,4,3,3,4,4,3,3,3,3.54,0,4,FALSE
Male,Loyal Customer,37,Business Travel,Eco Plus,212,5,4,4,4,5,5,5,5,1,1,4,5,5,4.08,0,0,TRUE
Female,Loyal Customer,38,Business Travel,Business,516,2,2,2,2,2,2,2,5,5,5,5,3,1,2.92,0,0,TRUE
Female,Loyal Customer,40,Personal Travel,Eco,1846,2,3,2,4,4,2,1,4,4,4,4,4,4,3.23,2,36,FALSE
Female,Loyal Customer,16,Business Travel,Business,2106,2,3,5,3,2,2,2,2,1,3,3,3,2,2.54,0,14,FALSE
Female,Loyal Customer,46,Business Travel,Business,2593,4,4,4,4,3,5,5,5,5,5,5,4,5,4.46,0,0,TRUE
Female,Loyal Customer,42,Business Travel,Business,3654,5,5,4,5,2,4,5,5,5,5,5,3,3,4.31,0,0,TRUE
Male,Loyal Customer,55,Business Travel,Business,1107,2,2,2,2,3,5,4,5,5,5,5,4,5,3.77,0,0,TRUE
Female,Disloyal Customer,23,Business Travel,Eco,1056,1,1,1,5,5,1,5,5,3,4,4,1,5,3.15,0,0,FALSE
Female,Loyal Customer,66,Personal Travel,Eco,845,3,2,3,4,4,4,4,5,5,3,5,3,4,3.77,34,42,FALSE
Female,Loyal Customer,52,Business Travel,Business,1547,4,4,4,4,5,4,4,5,5,5,5,3,5,4.38,9,0,TRUE
Female,Loyal Customer,47,Business Travel,Business,420,2,1,3,3,2,2,2,2,2,2,2,4,2,2.23,3,40,FALSE
Male,Disloyal Customer,28,Business Travel,Eco Plus,692,4,5,5,3,1,5,1,1,1,1,4,3,1,2.69,0,0,FALSE
Female,Loyal Customer,54,Business Travel,Business,3341,0,4,1,4,1,1,3,5,5,5,5,1,3,2.92,7,11,TRUE
Male,Disloyal Customer,20,Business Travel,Eco,395,2,4,2,3,3,2,3,3,1,4,4,4,3,2.92,0,0,FALSE
Female,Loyal Customer,36,Personal Travel,Eco,2475,2,4,2,3,5,2,5,5,3,1,4,1,5,3.23,0,9,FALSE
Male,Loyal Customer,59,Business Travel,Business,192,4,4,3,4,5,5,4,5,5,5,5,3,4,4.31,0,0,TRUE
Male,Loyal Customer,41,Business Travel,Business,2587,5,5,4,5,5,5,5,5,5,5,5,5,3,4.77,0,2,TRUE
Male,Loyal Customer,24,Business Travel,Business,2053,2,5,5,5,2,2,2,2,4,1,4,3,2,3,0,0,FALSE
Male,Loyal Customer,58,Business Travel,Business,1569,3,4,3,3,3,5,4,5,5,5,5,4,4,4.08,0,0,TRUE
Male,Loyal Customer,10,Business Travel,Business,3375,5,5,5,5,4,4,4,4,2,3,4,3,4,4,0,0,TRUE
Male,Loyal Customer,58,Business Travel,Business,2886,5,5,5,5,2,4,4,4,4,4,4,3,5,4.15,0,15,TRUE
Female,Loyal Customer,43,Business Travel,Eco,309,1,2,2,2,2,4,4,1,1,1,1,2,3,2,0,3,FALSE
Male,Loyal Customer,23,Personal Travel,Eco,1499,0,4,0,2,2,0,2,2,4,5,5,3,2,2.38,6,0,TRUE
Female,Loyal Customer,31,Personal Travel,Eco,679,1,5,1,4,3,1,3,3,5,5,4,5,3,3.31,0,0,FALSE
Female,Loyal Customer,42,Business Travel,Business,1768,3,1,1,1,1,3,3,3,3,3,3,4,2,2.38,8,7,FALSE
Female,Disloyal Customer,25,Business Travel,Business,140,4,4,4,3,4,4,3,4,5,3,5,5,4,4,0,0,TRUE
Male,Disloyal Customer,48,Business Travel,Business,1482,5,5,5,2,2,5,2,2,3,3,5,3,2,3.38,121,125,TRUE
Male,Loyal Customer,45,Business Travel,Business,270,5,5,5,5,4,4,5,5,5,5,5,5,5,4.85,0,0,TRUE
Female,Loyal Customer,23,Business Travel,Eco,639,3,5,5,5,3,3,1,3,2,1,3,4,3,3.15,0,0,FALSE
Female,Loyal Customer,56,Business Travel,Eco,101,4,3,3,3,1,1,1,4,4,4,4,4,3,3,0,0,TRUE
Female,Loyal Customer,26,Personal Travel,Eco,213,4,4,4,3,3,4,3,3,4,4,4,3,3,3.54,0,0,FALSE
Male,Loyal Customer,51,Business Travel,Business,796,3,2,2,2,5,1,1,3,3,3,3,4,3,2.69,0,6,FALSE
Female,Loyal Customer,55,Personal Travel,Eco Plus,583,2,5,2,3,3,4,5,5,5,2,3,4,4,3.62,0,0,FALSE
Male,Loyal Customer,42,Business Travel,Business,2090,0,0,0,3,3,4,4,5,5,5,5,3,3,3.08,0,0,TRUE
Female,Loyal Customer,14,Personal Travel,Eco,1171,3,4,4,3,4,4,4,5,4,5,5,4,4,4.08,230,229,FALSE
Male,Loyal Customer,7,Personal Travel,Eco,853,2,5,2,5,1,2,1,1,4,4,5,4,1,2.85,0,41,FALSE
Male,Loyal Customer,37,Personal Travel,Eco,748,3,4,3,3,4,3,4,4,1,1,4,4,4,3.23,100,90,FALSE
Male,Disloyal Customer,24,Business Travel,Eco,585,2,4,2,3,3,2,5,3,4,1,4,2,3,2.92,0,0,FALSE
Female,Loyal Customer,16,Personal Travel,Eco,646,3,5,3,3,5,3,4,5,4,1,1,3,5,3.46,0,0,FALSE
Female,Loyal Customer,31,Business Travel,Business,3876,2,2,2,2,4,4,5,4,1,2,5,2,4,3,0,0,TRUE
Female,Loyal Customer,46,Business Travel,Eco,89,5,1,1,1,2,2,2,5,5,5,5,1,2,2.85,0,0,TRUE
Male,Loyal Customer,28,Business Travel,Business,3178,2,1,1,1,2,2,2,2,4,2,3,2,2,2,0,11,FALSE
Female,Loyal Customer,68,Business Travel,Eco,126,4,3,3,3,3,5,5,3,3,4,3,3,1,3.31,0,0,TRUE
Female,Loyal Customer,60,Business Travel,Business,680,2,2,2,2,2,5,4,4,4,4,4,5,5,3.46,30,2,TRUE
Female,Loyal Customer,39,Business Travel,Business,226,3,3,3,3,2,4,5,5,5,5,5,4,3,3.85,0,0,TRUE
Male,Loyal Customer,35,Personal Travel,Eco,290,1,4,1,3,4,1,4,4,3,5,4,5,4,3.31,0,0,FALSE
Male,Loyal Customer,42,Business Travel,Business,761,3,3,3,3,5,5,5,5,5,4,5,3,5,4.15,0,0,TRUE
Female,Loyal Customer,65,Personal Travel,Eco,1671,1,1,2,2,3,2,2,3,3,2,3,3,2,2.23,0,0,FALSE
Male,Loyal Customer,26,Personal Travel,Eco,399,1,2,1,3,5,1,3,5,1,1,4,2,5,2.62,4,9,FALSE
Female,Loyal Customer,36,Business Travel,Business,3042,1,1,1,1,2,5,4,5,5,5,5,4,3,3.23,9,3,TRUE
Female,Loyal Customer,25,Personal Travel,Eco Plus,468,1,2,1,3,1,1,1,1,4,2,3,3,1,1.85,21,30,FALSE
Male,Loyal Customer,68,Personal Travel,Eco,250,3,3,3,4,3,3,5,3,2,4,4,3,3,3.31,2,0,FALSE
Female,Disloyal Customer,28,Business Travel,Business,1096,2,2,2,3,2,2,2,2,5,2,5,5,2,2.77,15,0,FALSE
Male,Loyal Customer,28,Business Travel,Business,2724,4,4,4,4,3,4,3,3,4,4,4,5,3,3.77,117,99,TRUE
Female,Loyal Customer,51,Business Travel,Eco,1728,3,4,4,4,2,3,2,3,3,3,3,4,1,3,4,22,TRUE
Male,Loyal Customer,51,Business Travel,Business,2025,3,5,5,5,3,2,2,3,3,3,3,3,1,3.15,0,0,FALSE
Male,Loyal Customer,57,Business Travel,Business,2227,2,2,2,2,4,3,4,5,5,5,5,4,5,3.69,2,0,TRUE
Male,Loyal Customer,53,Personal Travel,Eco,448,3,4,3,3,2,3,2,2,4,3,3,1,2,2.69,16,1,FALSE
Male,Loyal Customer,57,Business Travel,Business,2610,3,3,3,3,4,4,5,4,4,5,4,5,5,4,8,4,TRUE
Female,Loyal Customer,59,Business Travel,Business,1440,2,1,1,1,1,3,3,2,2,2,2,3,1,1.85,0,,FALSE
Female,Disloyal Customer,27,Business Travel,Business,283,0,0,0,3,3,0,2,3,4,4,5,3,3,2.31,0,5,TRUE
Female,Disloyal Customer,19,Business Travel,Eco,682,1,0,0,4,4,0,4,4,4,2,3,2,4,2.46,26,24,FALSE
Male,Disloyal Customer,27,Business Travel,Business,407,3,3,3,4,5,3,3,5,4,3,4,3,5,3.69,4,3,FALSE
Female,Loyal Customer,42,Business Travel,Business,2545,3,3,3,3,5,4,5,3,3,2,3,3,3,3.31,0,5,TRUE
Female,Loyal Customer,23,Business Travel,Business,1830,2,4,4,4,2,2,2,2,4,4,3,2,2,2.85,0,27,FALSE
Female,Loyal Customer,40,Personal Travel,Eco,480,1,5,1,2,3,1,3,3,3,5,5,4,3,3,17,12,FALSE
Male,Disloyal Customer,37,Business Travel,Eco,676,4,4,4,2,4,4,4,4,1,3,5,1,4,3.38,0,0,TRUE
Male,Loyal Customer,10,Personal Travel,Eco,894,4,1,4,4,2,4,2,2,1,2,3,3,2,2.62,0,13,FALSE
Male,Disloyal Customer,25,Business Travel,Eco,861,4,4,4,2,2,4,2,2,1,3,3,2,2,2.69,0,0,FALSE
Male,Loyal Customer,42,Business Travel,Business,3633,4,4,4,4,3,5,5,5,5,5,5,5,4,4.46,19,16,TRUE
Female,Loyal Customer,50,Business Travel,Business,2411,1,1,1,1,4,5,5,4,4,4,4,5,4,3.31,0,0,TRUE
Male,Loyal Customer,25,Personal Travel,Eco,944,3,5,3,3,4,3,4,4,3,5,2,3,4,3.54,4,0,FALSE
Female,Loyal Customer,9,Personal Travel,Eco,370,1,4,1,4,4,1,4,4,1,3,4,2,4,2.85,49,45,FALSE
Male,Disloyal Customer,25,Business Travel,Business,946,4,2,4,2,3,4,3,3,5,4,5,3,3,3.46,0,0,TRUE
Female,Loyal Customer,65,Personal Travel,Eco,345,2,2,2,3,2,3,3,5,5,2,3,4,4,3.08,0,0,FALSE
Female,Loyal Customer,19,Personal Travel,Eco,409,2,5,2,3,4,2,4,4,5,2,5,3,4,3.46,0,0,FALSE
Female,Loyal Customer,43,Business Travel,Eco,819,5,4,4,4,4,3,5,5,5,5,5,4,2,4.23,0,0,TRUE
Female,Disloyal Customer,20,Business Travel,Eco,221,4,1,4,4,4,4,4,4,3,1,3,2,4,3.23,0,0,FALSE
Male,Disloyal Customer,27,Business Travel,Eco,391,4,5,4,5,2,4,5,2,4,3,2,4,2,3.54,6,9,FALSE
Female,Loyal Customer,51,Personal Travel,Business,645,4,3,5,4,5,3,4,4,4,5,2,1,1,3.46,0,0,FALSE
Male,Disloyal Customer,23,Business Travel,Eco,1017,5,5,5,4,1,5,1,1,1,3,4,4,1,3.08,0,2,TRUE
Male,Disloyal Customer,15,Business Travel,Eco,980,5,5,5,5,4,5,4,4,4,2,4,3,4,4.15,0,0,TRUE
Female,Loyal Customer,61,Personal Travel,Eco,728,1,3,1,4,2,3,3,3,3,1,3,3,3,2.54,0,33,FALSE
Female,Disloyal Customer,27,Business Travel,Eco,908,2,2,2,3,2,2,2,2,4,2,2,3,2,2.31,49,31,FALSE
Male,Loyal Customer,68,Personal Travel,Eco,954,3,5,3,1,3,3,3,3,5,2,4,3,3,3.15,0,3,FALSE
Male,Loyal Customer,44,Personal Travel,Eco Plus,946,1,2,1,4,3,1,4,3,1,5,3,1,3,2.46,0,0,FALSE
Male,Disloyal Customer,23,Business Travel,Business,216,5,0,5,5,2,0,2,2,1,1,1,4,2,2.31,0,0,TRUE
Female,Disloyal Customer,27,Business Travel,Business,1040,5,5,5,2,3,5,3,3,5,3,3,3,3,3.69,16,0,TRUE
Male,Loyal Customer,29,Business Travel,Business,569,3,3,3,3,5,5,5,5,5,5,5,4,5,4.31,25,15,TRUE
Male,Disloyal Customer,39,Business Travel,Business,197,2,2,2,3,1,2,1,1,5,2,5,5,1,2.46,0,0,FALSE
Male,Loyal Customer,40,Business Travel,Business,2465,5,5,5,5,4,5,4,4,4,4,4,3,3,4.23,3,1,TRUE
Male,Loyal Customer,51,Business Travel,Business,1045,4,4,4,4,3,4,4,5,5,5,5,4,4,4.23,0,0,TRUE
Female,Loyal Customer,50,Business Travel,Eco,236,5,2,2,2,1,3,2,5,5,5,5,3,1,3.15,9,16,TRUE
Male,Loyal Customer,41,Business Travel,Business,1534,5,5,5,5,4,3,3,4,3,5,4,3,3,4,157,127,TRUE
Female,Loyal Customer,54,Business Travel,Business,2586,1,1,2,1,4,4,4,5,4,3,5,4,4,3.23,4,4,TRUE
Female,Loyal Customer,50,Personal Travel,Business,764,2,5,2,1,2,2,2,5,2,5,5,2,2,2.85,150,134,FALSE
Female,Loyal Customer,57,Business Travel,Eco,1389,3,3,2,3,1,4,3,3,3,3,3,2,1,2.62,0,4,FALSE
Male,Loyal Customer,13,Personal Travel,Eco,101,4,4,4,3,2,4,2,2,4,3,5,5,2,3.38,6,1,FALSE
Male,Loyal Customer,57,Business Travel,Business,666,4,4,4,4,2,5,4,4,4,4,4,4,5,4,25,0,TRUE
Female,Loyal Customer,23,Personal Travel,Eco,416,2,4,2,1,1,2,1,1,3,1,5,5,1,2.23,0,8,FALSE
Male,Loyal Customer,8,Personal Travel,Eco,585,1,4,1,2,5,1,1,5,5,3,5,5,5,3.31,21,12,FALSE
Female,Loyal Customer,25,Business Travel,Business,1931,1,1,1,1,1,1,1,1,4,5,4,1,1,1.77,2,0,FALSE
Female,Disloyal Customer,23,Business Travel,Eco,605,0,3,0,4,1,0,1,1,3,4,4,5,1,2.08,0,0,TRUE
Female,Loyal Customer,69,Personal Travel,Eco,604,2,4,2,3,2,4,4,5,5,2,5,3,5,3.54,23,64,FALSE
Male,Loyal Customer,43,Business Travel,Eco,1172,2,4,4,4,2,2,2,2,4,4,1,3,2,2.77,0,6,FALSE
Male,Loyal Customer,51,Business Travel,Business,925,3,3,3,3,4,4,4,4,4,5,4,4,4,3.77,157,182,TRUE
Female,Loyal Customer,11,Personal Travel,Eco,680,2,4,2,5,5,2,5,5,5,3,4,5,5,4,27,15,FALSE
Female,Loyal Customer,42,Business Travel,Business,425,2,2,5,2,5,5,5,4,4,4,4,5,4,3.92,0,0,TRUE
Male,Loyal Customer,38,Business Travel,Eco,304,2,2,2,2,2,2,2,2,1,2,3,3,2,2.08,0,0,FALSE
Male,Disloyal Customer,25,Business Travel,Eco,804,3,4,4,3,3,4,3,3,5,5,3,5,3,3.69,2,0,FALSE
Male,Loyal Customer,23,Personal Travel,Eco,480,4,5,4,4,3,4,3,3,1,1,1,4,3,3.08,43,17,FALSE
Male,Loyal Customer,49,Personal Travel,Business,802,3,2,3,4,3,4,4,3,3,3,3,1,3,3,0,0,FALSE
Female,Loyal Customer,47,Personal Travel,Business,448,3,5,3,1,3,3,2,5,5,3,5,1,2,3.15,0,0,FALSE
Male,Loyal Customer,58,Personal Travel,Eco,1276,2,5,2,1,5,2,2,5,4,2,3,4,5,3.23,0,0,FALSE
Female,Loyal Customer,22,Personal Travel,Eco,861,1,3,1,4,2,1,4,2,4,2,3,3,2,2.46,0,4,FALSE
Male,Loyal Customer,60,Business Travel,Business,3503,1,1,1,1,4,5,4,4,4,4,4,4,4,3.15,1,0,TRUE
Male,Loyal Customer,49,Business Travel,Business,3858,0,0,0,3,2,5,5,1,1,1,1,5,4,2.15,36,30,TRUE
Male,Loyal Customer,39,Business Travel,Business,3869,4,4,4,4,4,4,5,4,4,4,4,3,5,4.08,0,0,TRUE
Male,Disloyal Customer,26,Business Travel,Eco,936,2,2,2,4,4,2,4,4,2,1,4,2,4,2.85,88,82,FALSE
Male,Disloyal Customer,16,Business Travel,Eco,516,3,4,3,3,2,3,2,2,3,1,3,2,2,2.54,2,0,FALSE
Female,Loyal Customer,67,Business Travel,Business,1303,3,2,4,2,3,3,3,3,3,3,3,4,1,2.85,77,60,FALSE
Female,Loyal Customer,29,Business Travel,Business,1619,5,5,1,5,5,5,5,5,5,5,5,3,5,4.54,0,0,TRUE
Male,Loyal Customer,10,Personal Travel,Eco,964,1,4,1,3,1,1,1,1,4,4,5,3,1,2.31,22,21,FALSE
Male,Loyal Customer,7,Personal Travel,Eco,763,2,4,2,3,4,2,4,4,2,2,5,3,4,3.15,0,0,FALSE
Female,Loyal Customer,57,Business Travel,Business,874,4,4,5,4,4,5,5,4,4,4,4,4,5,4.31,0,0,TRUE
Male,Loyal Customer,34,Personal Travel,Eco,404,2,5,2,4,1,2,1,1,5,2,4,3,1,2.54,0,0,FALSE
Male,Loyal Customer,43,Personal Travel,Eco,819,2,2,3,2,5,3,5,5,1,5,2,3,5,3.31,0,0,FALSE
Female,Loyal Customer,50,Business Travel,Eco,1303,1,2,3,3,4,4,3,1,1,1,1,1,3,2.15,0,0,FALSE
Female,Loyal Customer,54,Business Travel,Business,2600,4,4,2,4,5,5,5,2,2,2,2,3,4,3.38,0,5,TRUE
Female,Loyal Customer,27,Business Travel,Business,1517,2,2,2,2,5,5,5,5,4,5,5,3,5,3.85,12,24,TRUE
Female,Loyal Customer,52,Business Travel,Business,1299,2,2,5,2,4,4,5,5,5,5,5,5,5,4.15,10,1,TRUE
Female,Loyal Customer,42,Business Travel,Business,151,3,3,5,3,5,4,4,4,4,4,5,3,5,4,43,48,TRUE
Female,Loyal Customer,47,Business Travel,Business,1846,1,1,2,1,2,3,5,4,4,4,4,3,4,2.92,0,7,TRUE
Female,Disloyal Customer,29,Business Travel,Eco,780,3,3,3,3,1,3,1,1,3,4,4,2,1,2.46,78,77,FALSE
Male,Disloyal Customer,30,Business Travel,Eco Plus,602,2,2,2,3,5,2,5,5,4,4,2,1,5,3.23,81,84,FALSE
Female,Loyal Customer,24,Business Travel,Eco,631,2,3,3,3,2,2,1,2,3,2,4,1,2,2.31,0,0,FALSE
Female,Loyal Customer,40,Business Travel,Eco,472,4,5,5,5,4,4,4,4,5,1,1,5,4,3.92,4,0,TRUE
Female,Loyal Customer,43,Business Travel,Business,3137,3,3,3,3,3,4,5,5,5,5,5,5,5,4.15,0,0,TRUE
Female,Loyal Customer,27,Business Travel,Business,1961,4,4,4,4,5,5,5,5,3,3,5,3,5,4.23,52,39,TRUE
Male,Loyal Customer,12,Personal Travel,Eco,546,1,1,1,2,2,1,2,2,4,3,3,1,2,1.92,0,18,FALSE
Male,Loyal Customer,12,Personal Travel,Eco,1379,3,4,3,1,5,3,4,5,3,3,1,1,5,3.15,22,24,FALSE
Male,Loyal Customer,41,Personal Travel,Eco,1723,2,4,2,1,2,2,2,2,3,3,4,5,2,2.62,6,2,FALSE
Female,Loyal Customer,7,Personal Travel,Eco Plus,589,2,5,2,3,5,2,5,5,4,3,4,3,5,3.69,15,3,FALSE
Male,Loyal Customer,54,Business Travel,Business,546,5,5,3,5,5,4,4,5,5,5,5,5,3,4.54,0,0,TRUE
Male,Loyal Customer,50,Personal Travel,Eco,1065,1,5,1,5,5,1,2,5,3,3,5,3,5,3.38,0,0,FALSE
Male,Disloyal Customer,23,Business Travel,Eco,119,2,4,2,4,3,2,3,3,5,5,1,1,3,2.92,0,0,FALSE
Female,Disloyal Customer,32,Business Travel,Eco,358,2,4,2,3,2,2,2,2,3,1,3,2,2,2.31,7,3,FALSE
Male,Loyal Customer,37,Business Travel,Eco Plus,277,4,5,5,5,4,5,4,4,4,2,3,1,4,3.85,0,0,TRUE
Female,Disloyal Customer,36,Business Travel,Business,404,2,2,2,1,4,2,4,4,4,2,5,4,4,3.08,19,28,FALSE
Male,Loyal Customer,25,Personal Travel,Eco,647,1,5,1,4,3,1,3,3,1,4,3,3,3,2.69,31,25,FALSE
Male,Loyal Customer,55,Business Travel,Eco,235,5,3,3,3,4,5,4,4,2,1,3,2,4,3.31,127,128,TRUE
Male,Loyal Customer,42,Personal Travel,Eco,2419,3,4,3,4,3,2,2,5,2,5,5,2,2,3.23,31,17,FALSE
Male,Loyal Customer,59,Business Travel,Business,337,3,2,2,2,2,2,3,3,3,3,3,1,4,2.54,20,14,FALSE
Female,Loyal Customer,7,Personal Travel,Eco,611,1,4,1,1,2,1,2,2,1,1,1,5,2,1.85,18,9,FALSE
Female,Loyal Customer,58,Business Travel,Business,2376,3,3,3,3,5,4,4,5,5,5,5,3,4,4,75,80,TRUE
Female,Loyal Customer,50,Personal Travel,Business,861,3,5,4,2,1,4,4,1,1,4,1,2,1,2.54,0,0,FALSE
Male,Loyal Customer,55,Business Travel,Business,3724,3,3,3,3,5,2,4,5,5,5,5,4,4,3.92,0,0,TRUE
Male,Loyal Customer,31,Business Travel,Eco,934,1,2,2,2,1,1,1,1,3,3,3,4,1,1.92,29,17,FALSE
Male,Loyal Customer,65,Business Travel,Business,237,2,1,4,4,5,4,4,2,2,2,2,2,3,2.85,31,28,FALSE
Female,Loyal Customer,45,Personal Travel,Eco,1546,3,5,3,1,4,4,4,1,1,3,1,3,4,2.85,12,43,FALSE
Male,Loyal Customer,28,Personal Travel,Eco,109,2,5,2,4,3,2,5,3,5,1,3,3,3,3.15,0,0,FALSE
Male,Disloyal Customer,39,Business Travel,Business,204,2,2,2,4,4,2,4,4,3,2,5,5,4,3.31,0,0,FALSE
Female,Loyal Customer,44,Business Travel,Business,347,5,5,5,5,5,5,4,4,4,4,4,3,4,4.38,82,85,TRUE
Female,Loyal Customer,23,Personal Travel,Eco,643,2,5,2,5,5,2,5,5,3,4,5,5,5,4.08,0,22,FALSE
Female,Loyal Customer,7,Personal Travel,Eco,1119,2,1,2,4,1,2,1,1,2,3,4,4,1,2.15,0,19,FALSE
Female,Loyal Customer,57,Business Travel,Business,2358,3,5,4,5,5,3,4,3,3,3,3,1,4,3.54,0,0,FALSE
Female,Loyal Customer,78,Business Travel,Business,2383,1,3,3,3,1,2,2,1,1,1,1,1,3,1.77,0,0,FALSE
Male,Loyal Customer,59,Business Travel,Business,1826,2,2,2,2,2,4,5,4,4,4,4,5,5,3.46,0,0,TRUE
Male,Loyal Customer,54,Business Travel,Business,2421,3,3,3,3,4,5,5,3,3,4,3,5,3,3.62,0,0,TRUE
Female,Loyal Customer,26,Business Travel,Business,2132,2,2,2,2,2,2,2,2,1,5,4,3,2,2.38,12,28,FALSE
Female,Loyal Customer,61,Business Travel,Business,1657,2,2,2,2,1,5,5,5,5,5,5,4,1,3.38,5,45,TRUE
Male,Loyal Customer,38,Business Travel,Eco,528,3,1,1,1,3,3,3,3,2,1,5,4,3,2.54,8,0,TRUE
Female,Disloyal Customer,54,Business Travel,Business,1947,3,4,4,4,3,3,3,3,5,2,5,5,3,3.62,0,0,FALSE
Female,Loyal Customer,41,Business Travel,Business,1482,1,1,5,1,4,5,5,5,5,5,5,4,5,3.92,44,29,TRUE
Male,Disloyal Customer,38,Business Travel,Eco,456,3,3,3,4,4,3,4,4,1,4,3,1,4,3.15,0,0,FALSE
Female,Loyal Customer,26,Business Travel,Business,1121,1,1,1,1,5,5,5,5,1,3,2,5,5,3.08,19,1,TRUE
Female,Loyal Customer,28,Personal Travel,Eco,874,3,4,3,3,1,3,1,1,1,3,2,3,1,2.23,25,36,FALSE
Female,Loyal Customer,43,Personal Travel,Eco,971,3,4,3,4,3,5,4,3,3,3,4,5,3,3.62,0,0,FALSE
Female,Loyal Customer,44,Business Travel,Business,2295,2,2,2,2,3,3,3,5,3,5,5,3,3,3.15,1,16,TRUE
Female,Loyal Customer,24,Personal Travel,Eco,1009,1,5,1,4,1,1,1,1,5,2,4,5,1,2.46,0,0,FALSE
Male,Loyal Customer,51,Business Travel,Business,419,4,4,4,4,4,4,4,3,2,4,4,4,4,3.77,203,268,TRUE
Female,Loyal Customer,35,Business Travel,Eco Plus,253,3,3,3,3,3,2,3,3,5,1,2,1,3,2.69,19,17,TRUE
Male,Loyal Customer,52,Business Travel,Eco Plus,594,1,5,5,5,1,1,1,1,1,1,3,3,1,2.23,35,23,FALSE
Male,Loyal Customer,40,Business Travel,Eco,566,2,5,5,5,2,2,2,2,4,1,4,1,2,2.85,0,0,FALSE
Male,Loyal Customer,58,Business Travel,Eco,289,2,3,3,3,2,2,2,2,3,1,3,2,2,2.31,39,24,FALSE
Female,Loyal Customer,24,Business Travel,Business,2206,2,2,2,2,4,4,4,4,4,4,5,4,4,3.46,1,0,TRUE
Male,Loyal Customer,10,Personal Travel,Eco,588,2,4,2,3,2,4,4,4,2,4,4,4,4,3.31,118,181,FALSE
Male,Loyal Customer,35,Personal Travel,Eco,101,4,5,0,3,5,0,5,5,4,3,3,4,5,3.54,0,0,FALSE
Female,Loyal Customer,18,Business Travel,Business,1605,4,4,4,4,4,4,4,4,5,3,4,5,4,4.08,1,4,TRUE
Male,Loyal Customer,47,Personal Travel,Eco,481,4,1,2,4,2,2,2,2,2,3,3,3,2,2.46,0,0,TRUE
Female,Loyal Customer,41,Personal Travel,Eco,590,3,5,3,5,4,3,4,4,3,2,4,5,4,3.77,0,6,FALSE
Male,Loyal Customer,38,Business Travel,Business,179,3,3,1,3,2,5,4,5,5,5,3,4,3,3.54,15,2,TRUE
Male,Loyal Customer,58,Business Travel,Eco,749,3,3,3,3,3,3,3,3,2,1,4,3,3,2.85,7,0,FALSE
Male,Loyal Customer,41,Business Travel,Business,2276,2,2,2,2,4,5,5,5,5,5,5,5,5,4,54,43,TRUE
Female,Loyal Customer,68,Personal Travel,Eco Plus,591,4,3,4,4,4,4,3,3,3,4,3,2,3,3.38,0,0,FALSE
Male,Disloyal Customer,25,Business Travel,Business,356,4,5,4,3,2,4,2,2,3,3,4,4,2,3.23,0,0,FALSE
Male,Loyal Customer,28,Business Travel,Business,351,1,1,1,1,5,5,5,5,3,2,4,3,5,3.15,0,0,TRUE
Male,Loyal Customer,42,Business Travel,Business,1744,3,3,3,3,4,5,4,4,4,4,4,5,5,3.92,0,0,TRUE
Male,Loyal Customer,68,Business Travel,Eco,805,2,4,4,4,2,2,2,2,3,4,4,2,2,2.85,0,0,FALSE
Female,Loyal Customer,51,Business Travel,Business,2312,4,4,4,4,2,4,5,4,4,5,5,5,5,4.23,4,0,TRUE
Female,Disloyal Customer,24,Business Travel,Eco,289,4,4,4,1,3,4,3,3,5,2,4,4,3,3.38,4,5,TRUE
Male,Loyal Customer,41,Business Travel,Business,2933,4,4,4,4,2,1,5,4,4,5,4,1,5,3.62,4,3,TRUE
Female,Loyal Customer,34,Business Travel,Business,1849,1,4,4,4,1,4,4,1,1,1,1,3,3,2.46,0,0,FALSE
Female,Loyal Customer,45,Business Travel,Business,666,1,1,1,1,2,5,5,4,4,5,4,4,5,3.23,114,128,TRUE
Male,Loyal Customer,53,Business Travel,Business,3545,2,2,4,2,3,4,5,5,5,5,5,3,3,3.69,0,0,TRUE
Male,Disloyal Customer,22,Business Travel,Eco,252,3,2,3,2,2,3,2,2,1,1,3,3,2,2.23,0,0,FALSE
Male,Loyal Customer,55,Personal Travel,Eco,440,2,3,2,3,1,2,1,1,4,3,1,1,1,1.92,0,0,FALSE
Male,Loyal Customer,62,Personal Travel,Eco,1464,2,5,2,3,3,2,3,3,5,4,3,3,3,3.15,0,0,FALSE
Female,Loyal Customer,50,Personal Travel,Eco,731,3,4,3,3,2,2,4,2,2,3,1,4,5,2.92,0,0,FALSE
Male,Loyal Customer,47,Business Travel,Eco,547,4,5,1,1,4,4,4,4,4,5,2,3,4,3.46,0,0,FALSE
Female,Loyal Customer,41,Personal Travel,Eco Plus,2475,3,4,3,2,3,4,5,3,3,3,3,4,3,3.31,0,16,FALSE
Female,Disloyal Customer,44,Business Travel,Business,404,4,4,4,1,4,4,4,4,3,4,4,3,4,3.62,0,5,TRUE
Female,Disloyal Customer,20,Business Travel,Eco,844,1,1,1,3,2,1,2,2,2,4,2,4,2,2.08,0,0,FALSE
Female,Loyal Customer,65,Personal Travel,Eco,2378,2,5,2,1,3,3,5,4,4,2,4,5,4,3.38,0,0,FALSE
Female,Loyal Customer,48,Business Travel,Business,475,1,1,1,1,4,4,4,5,5,5,5,5,4,3.46,71,63,TRUE
Female,Loyal Customer,60,Personal Travel,Eco Plus,451,2,4,2,3,4,5,4,3,3,2,5,3,4,3.38,8,9,FALSE
Male,Loyal Customer,42,Business Travel,Eco,1136,3,4,4,4,3,3,3,3,3,2,3,3,3,3.15,5,0,FALSE
Male,Loyal Customer,39,Business Travel,Eco Plus,448,4,5,5,5,4,4,4,4,2,3,1,2,4,3.62,8,8,TRUE
Male,Loyal Customer,55,Business Travel,Eco Plus,432,1,3,3,3,1,1,1,1,4,2,4,2,1,2.08,0,2,FALSE
Female,Loyal Customer,39,Personal Travel,Eco,516,2,4,2,1,2,2,2,2,4,2,5,5,2,2.69,0,0,FALSE
Male,Loyal Customer,8,Personal Travel,Eco,234,3,4,3,5,5,3,5,5,3,5,5,4,5,4.23,0,26,FALSE
Male,Loyal Customer,56,Business Travel,Business,3609,5,5,5,5,5,3,5,5,5,5,5,5,1,4.54,10,7,TRUE
Male,Loyal Customer,56,Business Travel,Business,1520,1,1,1,1,3,4,5,2,2,2,2,3,3,2.31,0,0,TRUE
Female,Loyal Customer,45,Business Travel,Eco,1046,3,2,2,2,4,3,2,3,3,3,3,3,4,2.85,4,0,FALSE
Male,Loyal Customer,63,Business Travel,Business,846,4,4,4,4,2,5,4,4,4,4,4,5,5,4.08,36,12,TRUE
Female,Loyal Customer,48,Personal Travel,Eco,718,1,4,1,5,3,4,4,2,2,1,2,4,3,2.77,10,5,FALSE
Female,Loyal Customer,40,Business Travel,Business,2177,3,1,3,3,5,5,5,5,5,5,5,5,3,4.08,24,20,TRUE
Male,Loyal Customer,34,Business Travel,Business,1771,3,5,5,5,3,3,4,3,3,3,3,4,2,3.54,27,13,FALSE
Female,Loyal Customer,37,Business Travel,Eco,447,5,3,3,3,5,4,5,5,4,4,3,1,5,3.85,0,0,FALSE
Male,Loyal Customer,46,Personal Travel,Eco,1061,3,4,3,4,4,3,4,4,5,3,5,4,4,3.85,0,0,FALSE
Female,Loyal Customer,24,Personal Travel,Eco,604,3,4,2,4,2,2,2,2,5,3,5,3,2,3,0,0,FALSE
Male,Loyal Customer,45,Business Travel,Business,425,3,3,3,3,4,5,4,4,4,4,4,5,4,3.85,2,0,TRUE
Male,Loyal Customer,48,Business Travel,Business,2215,4,4,4,4,2,5,5,5,5,5,5,4,5,4.38,4,2,TRUE
Male,Loyal Customer,36,Business Travel,Business,1836,3,3,3,3,2,2,3,3,3,3,3,1,2,2.62,0,11,FALSE
Male,Loyal Customer,68,Personal Travel,Eco,1237,2,5,1,4,4,1,4,4,5,2,5,4,4,3.46,0,0,FALSE
Female,Loyal Customer,34,Business Travel,Business,3865,4,4,4,4,2,2,2,5,5,5,5,2,2,3.54,0,0,TRUE
Male,Loyal Customer,58,Business Travel,Business,1173,2,2,2,2,1,5,4,5,5,5,5,1,5,3.38,0,0,TRUE
Female,Loyal Customer,32,Business Travel,Business,992,4,1,1,1,4,4,4,4,2,2,4,2,4,2.85,0,0,FALSE
Male,Loyal Customer,60,Business Travel,Business,226,1,1,1,1,3,5,5,4,4,4,4,5,4,3.23,0,4,TRUE
Male,Loyal Customer,34,Personal Travel,Eco,2434,1,4,0,4,0,1,3,5,4,4,5,3,3,2.85,31,9,FALSE
Male,Loyal Customer,47,Business Travel,Business,2479,0,0,0,3,5,5,5,1,1,1,1,3,4,2.23,30,34,TRUE
Female,Loyal Customer,34,Business Travel,Business,1069,2,2,2,2,4,5,4,5,5,5,5,3,4,3.69,0,3,TRUE
Male,Disloyal Customer,41,Business Travel,Business,279,1,1,1,2,3,1,3,3,3,2,3,5,3,2.38,14,1,FALSE
Male,Loyal Customer,17,Personal Travel,Eco,936,2,4,2,1,1,2,5,1,3,2,4,5,1,2.54,0,0,FALSE
Male,Loyal Customer,52,Business Travel,Business,2214,5,5,5,5,4,4,5,4,4,4,4,3,5,4.38,6,0,TRUE
Female,Loyal Customer,55,Business Travel,Eco,793,4,2,2,2,1,5,2,4,4,4,4,3,1,2.92,0,0,TRUE
Male,Disloyal Customer,25,Business Travel,Eco,569,4,5,4,1,3,4,5,3,4,2,3,3,3,3.38,62,68,TRUE
Male,Disloyal Customer,50,Business Travel,Eco Plus,1916,3,2,2,3,1,3,2,1,4,5,1,1,1,2.23,0,0,FALSE
Female,Loyal Customer,14,Personal Travel,Eco,1744,4,4,4,5,1,4,1,1,4,3,5,3,1,3.08,0,0,FALSE
Male,Loyal Customer,46,Business Travel,Business,3719,2,2,2,2,5,3,2,5,5,5,5,2,4,3.38,94,94,TRUE
Male,Loyal Customer,44,Business Travel,Business,3168,5,5,5,5,5,5,4,4,4,4,4,3,5,4.46,0,0,TRUE
Male,Loyal Customer,25,Business Travel,Business,1839,4,4,4,4,4,4,4,4,2,3,5,5,4,3.92,110,99,TRUE
Female,Loyal Customer,38,Personal Travel,Eco,909,5,4,5,3,2,5,2,2,1,1,4,4,2,3.08,0,0,TRUE
Female,Loyal Customer,45,Business Travel,Business,3326,2,2,2,2,3,4,5,5,5,4,5,5,4,3.69,15,8,TRUE
Female,Loyal Customer,50,Personal Travel,Eco,594,2,4,3,3,3,1,1,4,1,3,1,1,1,2.15,136,152,FALSE
Male,Disloyal Customer,62,Business Travel,Eco,177,3,5,3,3,3,3,5,3,4,4,4,3,3,3.54,18,29,FALSE
Male,Loyal Customer,41,Business Travel,Business,802,2,2,1,2,3,4,5,5,5,5,5,5,5,3.77,58,58,TRUE
Female,Loyal Customer,26,Personal Travel,Eco,985,4,4,4,2,3,4,3,3,5,4,4,5,3,3.69,58,55,FALSE
Female,Loyal Customer,51,Business Travel,Business,3941,4,4,4,4,3,4,4,4,4,4,4,4,5,4,46,30,TRUE
Female,Disloyal Customer,38,Business Travel,Business,1744,1,1,1,4,3,1,3,3,4,3,4,5,3,2.77,0,2,FALSE
Female,Loyal Customer,61,Business Travel,Business,2947,2,2,2,2,3,4,4,2,2,2,2,4,2,2.54,29,15,FALSE
Male,Loyal Customer,16,Personal Travel,Eco,501,4,5,5,1,1,5,1,1,4,5,5,3,1,3.15,0,0,FALSE
Male,Disloyal Customer,23,Business Travel,Business,408,5,0,5,5,5,5,5,5,3,2,5,4,5,4.15,0,0,TRUE
Female,Loyal Customer,17,Personal Travel,Eco,634,2,4,2,1,2,2,2,2,4,5,4,3,2,2.69,0,0,FALSE
Male,Loyal Customer,32,Personal Travel,Eco,764,2,5,2,1,5,2,5,5,4,4,4,3,5,3.62,0,0,FALSE
Female,Loyal Customer,18,Personal Travel,Eco,628,3,5,3,2,5,3,5,5,5,4,4,4,5,4.08,7,9,FALSE
Female,Loyal Customer,48,Business Travel,Eco,965,4,2,2,2,2,3,5,4,4,4,4,5,5,3.54,0,5,TRUE
Female,Disloyal Customer,26,Business Travel,Business,843,0,0,0,2,3,0,3,3,4,5,5,3,3,2.38,0,0,TRUE
Female,Loyal Customer,28,Business Travel,Business,861,2,5,5,5,2,2,2,2,3,2,4,1,2,2.85,0,8,FALSE
Male,Loyal Customer,31,Business Travel,Business,994,2,4,4,4,2,1,2,2,2,5,3,2,2,2.69,31,44,FALSE
Female,Loyal Customer,35,Business Travel,Business,3719,1,1,1,1,1,4,2,2,2,2,2,4,2,1.92,0,0,TRUE
Male,Loyal Customer,67,Personal Travel,Eco,319,2,5,2,4,1,2,1,1,5,4,1,3,1,2.46,0,0,FALSE
Female,Loyal Customer,27,Personal Travel,Eco,733,1,5,1,2,1,1,1,4,2,1,3,1,1,1.85,217,,FALSE
Male,Loyal Customer,55,Business Travel,Business,280,4,4,5,4,4,4,5,5,5,5,5,5,5,4.62,30,21,TRUE
Male,Disloyal Customer,44,Business Travel,Business,337,3,3,3,2,2,3,2,2,1,2,3,1,2,2.23,0,0,FALSE
Female,Loyal Customer,42,Business Travel,Business,319,0,0,0,5,2,2,5,5,5,4,4,5,5,3.23,209,181,TRUE
Male,Loyal Customer,64,Personal Travel,Eco,622,3,4,3,1,1,3,1,1,3,4,4,5,1,2.62,0,0,FALSE
Female,Loyal Customer,68,Personal Travel,Eco,1121,2,4,2,4,3,5,4,2,2,2,2,4,4,3.08,18,13,FALSE
Female,Loyal Customer,17,Personal Travel,Eco,216,5,4,0,4,2,0,2,2,4,2,2,3,2,2.46,0,2,TRUE
Female,Loyal Customer,57,Personal Travel,Eco,522,2,4,2,4,2,4,5,5,5,2,5,4,4,3.69,34,30,FALSE
Male,Loyal Customer,32,Business Travel,Business,2511,4,4,1,4,3,3,3,3,5,2,4,1,3,3.08,0,0,TRUE
Male,Loyal Customer,46,Business Travel,Business,669,4,3,3,3,2,3,4,4,4,4,4,4,3,3.46,60,44,FALSE
Female,Loyal Customer,22,Personal Travel,Eco,957,1,4,1,4,2,1,2,2,1,5,3,3,2,2.38,1,3,FALSE
Male,Loyal Customer,41,Business Travel,Business,2695,3,3,3,3,3,4,4,5,5,5,5,5,5,4.08,15,12,TRUE
Male,Loyal Customer,47,Personal Travel,Eco,1084,4,4,4,4,3,4,2,3,4,2,5,4,3,3.54,0,2,FALSE
Female,Loyal Customer,43,Business Travel,Business,3547,3,3,3,3,5,5,4,4,4,4,4,5,4,3.92,0,0,TRUE
Female,Loyal Customer,34,Business Travel,Business,3746,1,1,3,1,3,1,4,5,5,5,5,4,4,3.23,0,0,TRUE
Male,Loyal Customer,38,Business Travel,Eco,212,4,1,1,1,4,4,4,4,3,4,1,3,4,2.92,23,13,TRUE
Male,Loyal Customer,26,Business Travel,Business,1835,5,4,5,5,5,5,5,5,1,5,2,3,5,4.23,0,10,TRUE
Male,Disloyal Customer,24,Business Travel,Eco,733,2,2,2,1,2,2,5,2,1,5,2,3,2,2.38,0,13,FALSE
Female,Loyal Customer,48,Personal Travel,Eco,602,4,5,4,3,2,5,4,4,4,4,2,3,3,3.62,0,0,FALSE
Male,Loyal Customer,23,Personal Travel,Business,342,3,4,4,4,1,4,1,1,5,3,5,5,1,3.15,0,0,FALSE
Male,Loyal Customer,20,Business Travel,Business,1824,3,3,3,3,3,3,3,3,4,3,5,3,3,3.23,8,0,TRUE
Male,Loyal Customer,51,Business Travel,Business,3846,3,3,3,3,2,3,3,4,4,4,4,2,5,3.31,34,71,TRUE
Female,Disloyal Customer,23,Business Travel,Eco,852,5,5,5,4,3,5,5,3,3,3,4,5,3,4.08,0,0,TRUE
Male,Loyal Customer,27,Business Travel,Business,2783,2,5,5,5,2,2,2,2,2,3,3,2,2,2.85,0,7,FALSE
Male,Loyal Customer,26,Business Travel,Business,395,1,1,1,1,4,5,4,4,4,4,1,4,4,2.92,6,0,TRUE
Male,Loyal Customer,31,Business Travel,Business,973,5,5,5,5,3,3,3,3,2,4,3,3,3,3.62,36,26,TRUE
Male,Loyal Customer,39,Personal Travel,Eco Plus,67,2,1,2,3,2,2,2,2,3,5,3,3,2,2.46,0,0,FALSE
Female,Loyal Customer,56,Business Travel,Eco,657,2,3,3,3,5,2,2,2,2,2,2,4,2,2.62,0,0,FALSE
Male,Loyal Customer,31,Business Travel,Eco Plus,1166,4,4,4,4,4,4,4,4,2,3,4,4,4,3.77,3,0,FALSE
Male,Loyal Customer,62,Business Travel,Business,1574,3,3,3,3,4,5,1,5,5,5,3,1,3,3.38,22,10,TRUE
Female,Loyal Customer,22,Personal Travel,Eco,349,4,4,4,1,2,4,2,2,3,3,3,5,2,3,34,34,FALSE
Female,Loyal Customer,45,Business Travel,Business,728,5,5,5,5,4,4,4,2,2,3,2,3,5,3.77,0,0,TRUE
Female,Loyal Customer,58,Personal Travel,Eco,189,2,4,2,4,1,4,4,5,5,2,5,4,2,3.38,30,25,FALSE
Female,Loyal Customer,61,Personal Travel,Eco,631,1,3,1,3,1,4,5,1,1,1,1,4,3,2.23,0,0,FALSE
Male,Disloyal Customer,28,Business Travel,Business,717,4,4,4,1,5,4,5,5,5,3,5,4,5,4.15,0,0,FALSE
Male,Loyal Customer,16,Personal Travel,Eco,296,1,5,3,1,2,3,2,2,5,4,5,3,2,2.92,0,0,FALSE
Female,Loyal Customer,42,Business Travel,Business,1464,2,4,2,2,3,5,4,5,5,5,5,3,5,3.85,0,0,TRUE
Male,Loyal Customer,40,Business Travel,Business,1500,5,5,5,5,5,5,4,5,5,5,5,4,3,4.69,0,0,TRUE
Male,Disloyal Customer,34,Business Travel,Eco,862,2,2,2,3,3,2,3,3,3,3,5,4,3,2.92,0,0,FALSE
Female,Loyal Customer,48,Business Travel,Business,2047,2,4,2,2,2,4,4,3,3,4,3,5,4,3.23,36,18,TRUE
Male,Loyal Customer,26,Business Travel,Business,1825,3,3,3,3,4,4,4,4,4,3,4,4,4,3.62,0,12,TRUE
Female,Disloyal Customer,45,Business Travel,Business,284,3,3,3,5,5,3,3,5,4,3,5,4,5,3.92,6,19,FALSE
Male,Disloyal Customer,24,Business Travel,Eco,353,4,5,4,1,5,4,5,5,5,3,4,3,5,4.08,0,0,FALSE
Male,Loyal Customer,40,Business Travel,Business,853,2,2,2,2,4,5,4,4,4,5,4,4,3,3.46,7,3,TRUE
Female,Loyal Customer,35,Business Travel,Eco,406,3,5,5,5,3,3,3,3,2,4,3,4,3,3.54,16,13,FALSE
Female,Loyal Customer,33,Personal Travel,Eco Plus,500,3,5,3,5,5,3,5,5,5,4,5,4,5,4.38,0,0,FALSE
Male,Disloyal Customer,37,Business Travel,Business,280,3,3,3,3,5,3,5,5,3,2,4,5,5,3.77,0,1,FALSE
Female,Loyal Customer,58,Business Travel,Business,240,5,5,5,5,4,5,4,4,4,4,4,3,4,4.31,0,0,TRUE
Male,Loyal Customer,46,Business Travel,Business,2597,5,5,5,5,5,5,5,4,4,5,4,3,5,4.62,0,0,TRUE
Male,Loyal Customer,29,Business Travel,Business,2806,1,1,1,1,4,4,4,4,5,5,4,5,4,3.31,2,0,TRUE
Male,Loyal Customer,47,Business Travel,Business,337,0,0,0,2,3,4,5,3,3,3,3,3,4,2.54,0,,TRUE
Female,Loyal Customer,44,Personal Travel,Eco,354,3,4,3,1,2,5,5,4,4,3,4,3,5,3.54,32,25,FALSE
Female,Disloyal Customer,26,Business Travel,Business,2475,4,4,4,3,2,4,2,2,5,2,5,3,2,3.23,1,0,FALSE
Male,Loyal Customer,43,Business Travel,Business,1883,2,2,2,2,2,5,4,4,4,4,4,4,3,3.23,0,0,TRUE
Male,Loyal Customer,34,Business Travel,Business,1050,5,5,5,5,3,5,3,5,5,5,5,4,2,4.38,7,0,TRUE
Female,Loyal Customer,40,Business Travel,Eco Plus,1499,5,5,4,5,5,5,5,5,3,2,1,1,5,3.92,47,48,TRUE
Female,Loyal Customer,22,Business Travel,Business,2041,3,3,3,3,2,2,2,2,3,2,1,1,2,2.23,13,5,TRUE
Female,Loyal Customer,51,Business Travel,Business,2931,4,4,4,4,3,5,4,4,4,4,4,3,3,3.85,0,0,TRUE
Male,Loyal Customer,10,Personal Travel,Eco,1797,3,4,3,1,5,3,5,5,2,3,4,3,5,3.54,3,5,FALSE
Female,Loyal Customer,10,Business Travel,Business,874,3,3,3,3,5,5,5,5,1,2,4,5,5,3.77,4,0,TRUE
Female,Loyal Customer,49,Personal Travel,Eco,587,1,4,1,4,5,4,4,3,3,1,2,3,2,2.85,0,0,FALSE
Male,Disloyal Customer,40,Business Travel,Eco,67,0,0,0,2,5,0,5,5,3,4,1,3,5,2.54,0,0,TRUE
Male,Loyal Customer,55,Business Travel,Eco,196,2,5,5,5,2,2,2,2,2,4,4,2,2,3,0,0,FALSE
Male,Loyal Customer,40,Business Travel,Business,1028,2,5,2,2,1,5,4,4,4,4,4,5,2,3.38,123,117,TRUE
Female,Loyal Customer,49,Business Travel,Eco Plus,787,5,4,4,4,5,5,5,3,2,4,4,5,5,4.23,279,276,TRUE
Female,Loyal Customer,54,Personal Travel,Eco,319,4,3,4,1,3,2,2,2,2,4,2,3,4,2.77,3,0,FALSE
Female,Loyal Customer,39,Business Travel,Business,1481,2,2,2,2,4,5,4,3,3,3,3,4,4,3.15,7,7,TRUE
Female,Loyal Customer,51,Business Travel,Business,419,2,2,2,2,3,5,5,5,5,5,5,3,4,3.69,50,41,TRUE
Female,Loyal Customer,29,Business Travel,Business,2184,4,4,4,4,3,4,3,3,3,4,4,4,3,3.62,6,5,TRUE
Male,Loyal Customer,23,Business Travel,Eco,1041,2,3,3,3,2,2,1,2,3,2,4,3,2,2.46,0,0,FALSE
Female,Loyal Customer,65,Business Travel,Eco Plus,1099,3,1,1,1,4,4,3,2,2,3,2,1,2,2.23,0,2,FALSE
Female,Disloyal Customer,22,Business Travel,Eco,447,1,0,1,4,1,1,1,1,3,5,4,5,1,2.15,0,0,FALSE
Male,Loyal Customer,24,Personal Travel,Eco,1020,3,3,3,4,3,3,3,3,2,1,4,1,3,2.77,14,9,FALSE
Female,Disloyal Customer,22,Business Travel,Eco,227,0,4,0,1,3,0,3,3,3,4,4,5,3,2.54,0,0,TRUE
Female,Loyal Customer,17,Business Travel,Business,1737,3,3,3,3,3,3,3,3,3,4,3,4,3,3.15,26,21,FALSE
Male,Loyal Customer,37,Business Travel,Eco,214,4,1,1,1,4,3,4,4,1,2,4,2,4,2.69,0,0,FALSE
Male,Loyal Customer,41,Business Travel,Business,2179,5,5,4,5,3,4,4,5,5,5,5,5,3,4.46,50,39,TRUE
Male,Loyal Customer,31,Business Travel,Business,2583,1,1,1,1,3,3,3,3,4,2,5,5,3,2.69,3,0,TRUE
Male,Disloyal Customer,17,Business Travel,Eco,936,3,3,3,3,5,3,5,5,4,2,3,4,5,3.69,0,15,FALSE
Male,Loyal Customer,58,Business Travel,Business,2567,4,5,5,5,1,4,4,4,4,4,4,2,2,3.69,85,74,FALSE
Female,Loyal Customer,43,Business Travel,Business,2367,4,4,4,4,4,3,4,4,4,4,4,3,4,3.85,0,0,FALSE
Male,Loyal Customer,42,Business Travel,Business,1754,1,1,1,1,2,5,5,2,2,2,2,4,4,2.46,0,0,TRUE
Male,Loyal Customer,45,Business Travel,Eco,216,5,5,5,5,5,5,5,5,3,3,1,3,5,4.23,0,4,TRUE
Female,Loyal Customer,52,Business Travel,Business,3583,1,1,5,1,5,5,4,4,4,4,4,4,4,3.54,68,61,TRUE
Female,Loyal Customer,35,Personal Travel,Eco,2465,1,5,2,4,2,4,4,4,3,3,5,4,4,3.46,0,9,FALSE
Female,Loyal Customer,48,Personal Travel,Eco,1055,1,5,1,4,1,4,4,1,1,1,1,4,4,2.46,87,87,FALSE
Female,Loyal Customer,65,Business Travel,Business,3407,3,3,3,3,5,1,1,4,4,4,3,5,2,3.15,0,4,TRUE
Female,Loyal Customer,45,Business Travel,Eco,337,5,3,3,3,1,5,4,5,5,5,5,2,5,3.92,1,1,TRUE
Female,Loyal Customer,43,Business Travel,Eco,201,4,1,1,1,5,5,2,4,4,4,4,5,3,3.31,8,13,TRUE
Female,Loyal Customer,45,Business Travel,Business,3741,4,4,4,4,1,2,3,4,4,4,4,1,3,3.23,9,1,TRUE
Male,Loyal Customer,37,Personal Travel,Eco,679,4,1,5,3,2,5,2,2,4,5,3,3,2,3.15,11,0,TRUE
Male,Loyal Customer,47,Personal Travel,Eco,283,4,4,4,4,3,4,3,3,2,3,3,1,3,3.15,0,13,FALSE
Female,Disloyal Customer,47,Business Travel,Eco,56,3,3,3,3,1,3,1,1,3,4,3,1,1,2.31,36,26,FALSE
Male,Loyal Customer,49,Business Travel,Business,214,3,3,4,3,5,5,4,4,4,4,5,4,4,4,28,25,TRUE
Male,Loyal Customer,34,Business Travel,Business,3223,3,5,5,5,4,3,3,3,3,3,3,1,4,3.46,1,4,FALSE
Male,Loyal Customer,48,Business Travel,Eco,116,2,4,4,4,2,2,2,2,1,2,3,3,2,2.54,0,0,FALSE
Male,Loyal Customer,53,Personal Travel,Eco,1066,3,4,3,2,3,3,3,3,4,4,4,3,3,3.23,51,81,FALSE
Male,Loyal Customer,39,Business Travel,Business,3457,1,1,4,1,3,3,4,5,5,5,3,3,4,3.23,0,0,TRUE
Female,Loyal Customer,51,Business Travel,Business,1972,1,1,1,1,4,3,4,5,5,5,5,5,4,3.38,0,0,TRUE
Female,Loyal Customer,42,Business Travel,Business,1593,2,2,2,2,1,1,2,5,5,5,5,4,4,3.08,0,0,TRUE
Female,Loyal Customer,56,Personal Travel,Eco,1504,2,4,2,3,4,4,4,2,2,2,2,1,3,2.69,0,0,FALSE
Female,Loyal Customer,54,Business Travel,Eco,134,2,5,5,5,4,4,5,2,2,2,2,4,5,3.62,7,0,TRUE
Female,Loyal Customer,43,Business Travel,Eco,1172,4,5,5,5,1,3,3,4,4,4,4,2,4,3.69,11,23,FALSE
Female,Disloyal Customer,26,Business Travel,Business,666,5,5,5,3,4,5,4,4,4,3,4,3,4,4.08,8,17,TRUE
Male,Loyal Customer,60,Personal Travel,Eco,335,2,5,2,4,3,2,3,3,5,2,5,5,3,3.38,0,0,FALSE
Male,Disloyal Customer,27,Business Travel,Business,453,3,3,3,4,2,3,2,2,4,2,4,5,2,3,25,44,FALSE
Female,Disloyal Customer,37,Business Travel,Eco,343,1,0,1,4,1,1,1,1,2,1,3,2,1,1.46,0,0,FALSE
Male,Loyal Customer,35,Business Travel,Eco,927,4,5,5,5,4,4,4,4,1,2,5,2,4,3.77,22,19,TRUE
Female,Loyal Customer,20,Business Travel,Eco Plus,950,0,5,0,1,1,0,1,1,2,1,1,3,1,1.31,0,63,TRUE
Male,Loyal Customer,59,Business Travel,Eco,174,1,4,4,4,1,1,1,2,3,3,3,1,1,2.23,139,135,FALSE
Male,Disloyal Customer,19,Business Travel,Eco,1075,4,4,4,3,4,4,4,4,4,4,4,5,4,4,2,0,TRUE
Male,Disloyal Customer,26,Business Travel,Business,2267,5,5,5,2,4,5,4,4,5,3,5,3,4,4.15,0,0,TRUE
Male,Loyal Customer,52,Business Travel,Business,3023,1,1,1,1,5,4,4,5,5,5,5,3,3,3.31,0,0,TRUE
Female,Loyal Customer,50,Business Travel,Business,3053,2,2,2,2,5,1,1,5,5,5,5,1,5,3.15,27,27,TRUE
Male,Loyal Customer,70,Business Travel,Eco,397,2,3,3,3,2,2,2,2,4,2,3,1,2,2.38,0,0,FALSE
Male,Loyal Customer,53,Business Travel,Business,1598,2,5,5,5,1,3,2,2,2,2,2,4,1,2.77,37,26,FALSE
Male,Loyal Customer,77,Business Travel,Business,3587,4,4,4,4,4,4,3,3,3,3,4,4,4,3.69,15,17,FALSE
Female,Loyal Customer,25,Personal Travel,Eco,425,2,0,5,3,3,5,3,3,3,5,5,5,3,3.46,0,0,FALSE
Female,Loyal Customer,41,Personal Travel,Eco,1299,2,4,2,5,3,2,3,3,5,4,5,4,3,3.46,0,0,FALSE
Female,Disloyal Customer,41,Business Travel,Business,2454,3,3,3,2,3,5,5,4,4,5,5,5,5,4,7,10,FALSE
Male,Disloyal Customer,24,Business Travel,Eco,220,1,0,1,1,5,1,5,5,3,2,5,4,5,2.92,20,19,FALSE
Female,Loyal Customer,57,Business Travel,Business,692,3,1,1,1,5,4,4,3,3,3,3,4,3,2.92,1,0,FALSE
Male,Loyal Customer,25,Business Travel,Business,3433,3,3,3,3,5,5,5,5,4,4,4,5,5,4.15,0,0,TRUE
Female,Loyal Customer,48,Business Travel,Business,3291,1,1,2,1,4,4,5,4,4,5,4,5,5,3.46,0,0,TRUE
Female,Loyal Customer,50,Personal Travel,Eco,1182,1,4,1,3,5,4,4,1,1,1,1,4,3,2.54,0,0,FALSE
Male,Loyal Customer,46,Personal Travel,Eco,395,4,4,4,5,5,4,5,5,4,2,3,3,5,4.08,0,0,FALSE
Male,Loyal Customer,63,Business Travel,Eco,1085,3,5,5,5,3,3,3,3,4,1,2,1,3,3.15,1,0,FALSE
Female,Disloyal Customer,23,Business Travel,Business,370,4,1,4,3,5,4,5,5,2,3,4,1,5,3.54,63,52,FALSE
Male,Loyal Customer,26,Business Travel,Business,3786,3,3,3,3,5,5,5,5,4,3,5,3,5,4,0,4,TRUE
Female,Loyal Customer,14,Personal Travel,Eco,762,2,2,2,4,3,2,3,3,2,5,3,1,3,2.69,0,0,FALSE
Female,Loyal Customer,52,Personal Travel,Eco,305,0,1,0,4,4,3,4,5,5,0,5,3,4,2.92,0,0,TRUE
Female,Loyal Customer,11,Business Travel,Business,1765,2,1,2,1,2,2,2,2,3,4,2,3,2,2.15,0,0,FALSE
Male,Disloyal Customer,47,Business Travel,Eco,425,3,0,3,2,1,3,2,1,4,5,2,1,1,2.15,0,0,FALSE
Male,Loyal Customer,43,Business Travel,Business,2973,5,5,5,5,4,4,5,5,5,5,5,5,5,4.85,0,1,TRUE
Male,Loyal Customer,36,Business Travel,Business,224,2,2,2,2,1,5,3,3,3,4,3,3,1,2.62,0,2,TRUE
Male,Loyal Customer,60,Business Travel,Business,1346,3,3,3,3,5,4,4,5,5,5,5,4,3,4,0,4,TRUE
Male,Loyal Customer,37,Business Travel,Business,2556,3,3,3,3,5,4,4,4,4,4,4,5,5,3.92,0,0,TRUE
Female,Loyal Customer,44,Business Travel,Eco,2446,4,5,5,5,4,4,4,3,5,4,1,4,4,4,0,0,TRUE
Male,Loyal Customer,57,Personal Travel,Eco,1127,2,4,2,1,3,2,3,3,3,2,5,3,3,2.77,1,0,FALSE
Male,Loyal Customer,13,Personal Travel,Eco,173,5,3,5,1,3,5,3,3,2,2,3,3,3,3.15,0,0,TRUE
Female,Loyal Customer,38,Business Travel,Business,373,2,3,2,2,2,4,5,4,4,4,4,5,3,3.38,12,0,TRUE
Female,Disloyal Customer,29,Business Travel,Business,1119,5,5,5,1,5,5,5,5,3,2,5,4,5,4.23,2,4,TRUE
Male,Loyal Customer,21,Business Travel,Business,2804,2,3,2,2,4,4,4,4,2,4,5,5,4,3.46,19,0,TRUE
Female,Loyal Customer,42,Business Travel,Business,1825,5,5,5,5,5,4,4,5,5,5,5,3,4,4.62,0,0,TRUE
Female,Loyal Customer,44,Business Travel,Business,2055,2,2,2,2,4,4,5,4,4,4,5,4,3,3.46,13,8,TRUE
Male,Loyal Customer,39,Personal Travel,Eco,1589,1,4,1,2,5,1,5,5,4,4,5,3,5,3.46,0,0,FALSE
Male,Loyal Customer,55,Business Travel,Eco,569,1,1,1,1,1,1,1,1,2,2,3,4,1,1.54,37,27,FALSE
Male,Loyal Customer,46,Personal Travel,Eco,868,3,4,3,3,4,3,4,4,4,3,4,2,4,3.46,0,0,FALSE
Female,Loyal Customer,23,Business Travel,Business,577,3,2,2,2,3,3,3,3,1,4,3,4,3,2.77,72,80,FALSE
Female,Loyal Customer,23,Business Travel,Eco,1400,0,4,0,2,4,0,4,4,2,5,5,4,4,2.92,0,0,TRUE
Male,Loyal Customer,55,Personal Travel,Eco,265,1,4,1,3,5,1,5,5,3,1,4,5,5,3.31,0,0,FALSE
Male,Loyal Customer,43,Business Travel,Business,489,4,4,4,4,2,4,2,4,4,4,4,2,5,3.62,37,47,TRUE
Male,Loyal Customer,43,Business Travel,Business,189,1,1,1,1,4,5,4,4,4,4,5,4,3,3.15,68,66,TRUE
Female,Loyal Customer,30,Business Travel,Business,2660,3,3,3,3,4,4,4,4,3,3,4,5,4,3.62,0,0,TRUE
Female,Loyal Customer,58,Business Travel,Business,2525,2,2,2,2,2,4,4,4,4,4,4,3,3,3.08,0,0,TRUE
Male,Loyal Customer,27,Personal Travel,Eco Plus,402,2,4,2,4,2,2,5,2,4,5,4,4,2,3.23,9,0,FALSE
Female,Loyal Customer,31,Business Travel,Business,271,0,0,0,3,1,1,1,1,3,5,4,2,1,1.69,0,0,TRUE
Male,Loyal Customer,53,Business Travel,Eco,101,5,4,4,4,4,5,4,4,3,2,2,2,4,3.62,0,0,TRUE
Female,Loyal Customer,54,Personal Travel,Eco,2486,1,1,1,4,3,4,4,4,4,1,2,2,2,2.54,5,2,FALSE
Female,Loyal Customer,41,Business Travel,Business,991,5,5,5,5,3,2,4,4,4,4,4,3,5,4.08,0,0,TRUE
Male,Loyal Customer,11,Personal Travel,Eco Plus,2565,2,5,2,2,5,2,5,5,5,2,3,5,5,3.69,27,,FALSE
Female,Loyal Customer,8,Business Travel,Business,972,5,5,5,5,5,5,5,5,3,4,5,5,5,4.77,0,0,TRUE
Male,Loyal Customer,54,Personal Travel,Eco,2174,1,4,1,3,5,1,5,5,3,4,3,2,5,3.23,22,5,FALSE
Male,Disloyal Customer,77,Business Travel,Business,404,1,1,1,1,4,4,4,3,3,1,3,4,4,2.62,0,0,FALSE
Female,Loyal Customer,30,Business Travel,Business,3719,5,5,5,5,5,5,5,5,5,5,4,4,5,4.85,29,,TRUE
Female,Loyal Customer,41,Business Travel,Business,3625,5,5,5,5,5,4,5,4,4,4,4,4,4,4.46,0,0,TRUE
Male,Disloyal Customer,44,Business Travel,Business,728,5,5,5,1,5,2,2,5,3,5,4,2,2,3.54,194,183,TRUE
Male,Loyal Customer,42,Business Travel,Business,3736,3,2,2,2,3,3,3,3,3,3,3,1,1,2.46,16,13,FALSE
Female,Loyal Customer,59,Business Travel,Business,1663,1,1,1,1,2,5,4,5,5,5,5,4,5,3.38,47,78,TRUE
Female,Disloyal Customer,37,Business Travel,Eco,469,2,1,2,4,3,2,3,3,4,1,3,4,3,2.69,0,0,FALSE
Male,Loyal Customer,34,Business Travel,Eco Plus,456,2,3,3,3,2,2,2,2,1,2,4,3,2,2.38,1,0,FALSE
Male,Loyal Customer,32,Business Travel,Business,1452,2,2,2,2,4,4,4,4,4,2,5,5,4,3.38,29,6,TRUE
Female,Disloyal Customer,15,Business Travel,Business,986,4,2,4,2,4,4,4,4,4,5,5,3,4,3.77,1,8,TRUE
Male,Loyal Customer,50,Business Travel,Business,3362,2,2,2,2,5,4,1,4,4,4,3,4,1,2.92,0,0,TRUE
Male,Loyal Customer,25,Business Travel,Business,1972,5,5,5,5,4,5,4,4,4,4,3,3,4,4.23,17,1,TRUE
Female,Loyal Customer,20,Personal Travel,Eco,296,4,4,4,5,4,4,4,4,3,2,5,3,4,3.85,0,0,FALSE
Male,Loyal Customer,67,Business Travel,Eco Plus,499,2,1,1,1,2,2,2,2,4,5,4,3,2,2.38,26,17,FALSE
Female,Loyal Customer,42,Business Travel,Business,3354,5,5,5,5,3,5,5,4,4,4,4,3,3,4.23,0,0,TRUE
Female,Loyal Customer,46,Business Travel,Business,158,2,5,5,5,1,3,2,1,1,2,2,1,3,2.54,0,0,FALSE
Male,Loyal Customer,48,Business Travel,Business,1685,2,2,2,2,4,4,4,4,5,4,4,4,4,3.46,147,200,TRUE
Female,Disloyal Customer,21,Business Travel,Eco,321,2,3,2,2,5,2,5,5,3,2,4,2,5,3.23,1,0,FALSE
Female,Loyal Customer,48,Business Travel,Business,2935,1,1,1,1,3,5,4,4,4,4,4,5,4,3.15,0,0,TRUE
Male,Disloyal Customer,27,Business Travel,Eco,191,3,2,3,3,4,3,4,4,1,2,3,4,4,3.08,0,0,FALSE
Female,Loyal Customer,46,Personal Travel,Eco,1262,4,5,4,3,5,3,5,2,2,4,2,3,3,3.46,0,15,FALSE
Male,Loyal Customer,60,Business Travel,Business,1713,1,1,1,1,3,4,5,5,5,5,4,3,3,3.15,0,0,TRUE
Male,Loyal Customer,18,Business Travel,Eco Plus,510,0,4,0,1,2,0,2,2,1,2,4,5,2,1.92,0,15,TRUE
Female,Loyal Customer,54,Business Travel,Business,1972,5,5,5,5,5,5,4,4,4,4,4,3,3,4.31,0,0,TRUE
Female,Disloyal Customer,36,Business Travel,Eco,1773,3,3,3,3,2,3,2,2,1,1,4,4,2,2.54,0,0,FALSE
Female,Loyal Customer,70,Personal Travel,Eco,109,1,4,0,3,3,3,4,1,1,0,1,5,2,2.15,0,2,FALSE
Female,Disloyal Customer,39,Business Travel,Business,140,1,1,1,2,4,1,4,4,4,4,5,5,4,3.08,0,0,FALSE
Female,Loyal Customer,47,Personal Travel,Eco,391,3,5,3,3,2,5,5,4,4,3,3,3,5,3.69,9,46,FALSE
Male,Loyal Customer,60,Business Travel,Business,2205,2,4,4,4,3,4,4,2,2,2,2,4,3,3.08,1,10,FALSE
Female,Loyal Customer,39,Business Travel,Business,2607,2,2,2,2,4,4,4,5,5,5,5,4,4,3.69,0,0,TRUE
Male,Loyal Customer,70,Personal Travel,Eco,954,4,3,4,3,4,4,4,4,2,4,2,2,4,3.38,13,0,TRUE
Female,Loyal Customer,27,Personal Travel,Eco,548,3,0,3,4,2,3,2,2,5,2,4,4,2,2.77,0,0,FALSE
Female,Loyal Customer,42,Business Travel,Business,767,4,4,4,4,3,2,2,4,4,4,4,4,2,3.46,12,15,FALSE
Male,Disloyal Customer,28,Business Travel,Eco,828,2,2,2,4,3,2,3,3,3,4,4,2,3,2.85,4,0,FALSE
Male,Loyal Customer,36,Business Travel,Business,429,3,3,3,3,5,4,5,4,4,4,4,5,1,3.69,23,19,TRUE
Male,Loyal Customer,56,Business Travel,Business,2465,4,4,1,4,2,5,4,4,4,4,4,3,3,3.54,0,0,TRUE
Female,Disloyal Customer,37,Business Travel,Eco,1598,2,2,2,1,2,2,2,2,4,2,5,2,2,2.31,0,0,FALSE
Male,Disloyal Customer,33,Business Travel,Eco,119,2,2,2,3,5,2,5,5,1,4,3,1,5,3.08,0,0,FALSE
Female,Loyal Customer,40,Business Travel,Eco,674,3,4,4,4,3,3,3,3,4,4,2,1,3,3.15,0,0,FALSE
Female,Loyal Customer,51,Business Travel,Business,622,2,2,1,2,5,5,5,4,4,4,4,3,4,3.46,51,81,TRUE
Female,Loyal Customer,66,Personal Travel,Eco,73,3,5,3,3,2,4,5,2,2,3,2,4,4,3.23,0,0,FALSE
Female,Loyal Customer,37,Business Travel,Business,2432,4,4,4,4,5,5,5,5,5,5,5,5,4,4.62,0,0,TRUE
Male,Loyal Customer,50,Business Travel,Business,954,1,1,1,1,2,5,5,3,3,3,3,5,3,2.77,0,0,TRUE
Male,Loyal Customer,34,Business Travel,Business,2125,3,2,2,2,2,3,4,3,3,3,3,2,3,2.69,0,0,FALSE
Female,Loyal Customer,39,Business Travel,Eco,427,2,2,2,2,2,2,2,2,4,3,3,2,2,2.31,0,0,FALSE
Male,Loyal Customer,53,Business Travel,Business,862,2,1,5,1,5,3,3,2,2,2,2,4,3,2.69,31,26,FALSE
Male,Loyal Customer,40,Business Travel,Business,413,1,1,1,1,2,4,5,5,5,5,5,5,5,3.46,60,71,TRUE
Female,Loyal Customer,43,Business Travel,Eco,503,2,2,2,2,1,3,3,2,2,2,2,2,2,2.08,21,23,FALSE
Male,Disloyal Customer,26,Business Travel,Business,1012,5,5,5,3,4,5,4,4,3,3,5,3,4,4.08,8,0,TRUE
Male,Loyal Customer,41,Business Travel,Business,2607,2,2,2,2,4,5,5,4,4,4,4,3,4,3.46,6,0,TRUE
Female,Loyal Customer,35,Business Travel,Eco Plus,440,1,2,2,2,1,1,1,1,4,4,4,1,1,1.92,134,131,FALSE
Female,Loyal Customer,50,Business Travel,Eco,896,3,4,4,4,3,1,3,3,3,3,3,1,1,2.77,35,31,TRUE
Female,Disloyal Customer,46,Business Travel,Eco,1334,3,2,2,3,1,3,1,1,4,4,3,4,1,2.46,0,8,FALSE
Female,Disloyal Customer,26,Business Travel,Eco,239,2,3,3,3,5,3,5,5,2,3,4,4,5,3.62,0,0,FALSE
Male,Loyal Customer,49,Business Travel,Business,2422,4,1,1,1,1,4,4,4,4,4,4,4,2,2.92,1,0,FALSE
Female,Disloyal Customer,27,Business Travel,Eco,1411,3,4,4,4,3,3,3,3,2,3,4,2,3,3.15,6,8,FALSE
Female,Loyal Customer,51,Personal Travel,Eco,147,3,5,3,5,5,4,4,3,3,3,3,5,5,3.92,0,0,FALSE
Female,Loyal Customer,69,Personal Travel,Business,806,2,1,2,2,4,3,3,2,2,2,2,1,3,2.23,0,0,FALSE
Female,Loyal Customer,51,Business Travel,Business,2425,1,1,1,1,2,5,4,5,5,5,5,5,4,3.38,0,0,TRUE
Female,Loyal Customer,41,Business Travel,Business,1464,3,3,3,3,3,4,4,5,5,5,5,4,5,4,0,54,TRUE
Male,Loyal Customer,33,Business Travel,Business,151,4,4,5,4,5,5,5,5,3,2,5,5,5,4.38,0,0,TRUE
Female,Loyal Customer,31,Business Travel,Business,2958,4,4,4,4,4,4,4,4,5,2,5,5,4,4.08,51,36,TRUE
Female,Loyal Customer,54,Business Travel,Business,2586,5,5,5,5,4,4,4,4,2,3,4,4,4,4.08,1,0,TRUE
Male,Disloyal Customer,24,Business Travel,Business,453,5,1,5,4,4,5,5,4,4,3,4,3,4,3.92,67,74,TRUE
Male,Loyal Customer,57,Business Travel,Eco,589,3,2,2,2,3,3,3,3,1,4,3,1,3,2.54,0,1,FALSE
Female,Disloyal Customer,26,Business Travel,Eco,571,1,4,1,3,1,1,1,1,2,4,3,2,1,1.92,41,35,FALSE
Male,Disloyal Customer,36,Business Travel,Eco,1788,2,2,2,4,2,2,2,2,3,5,3,2,2,2.54,0,0,FALSE
Female,Loyal Customer,57,Business Travel,Business,3829,3,3,5,3,3,5,5,5,5,5,5,4,5,4.31,70,73,TRUE
Female,Loyal Customer,47,Business Travel,Business,342,2,2,2,2,5,4,4,5,5,5,5,3,5,3.77,51,50,TRUE
Male,Loyal Customer,43,Business Travel,Business,2567,5,5,5,5,2,4,5,4,4,5,4,5,5,4.46,0,0,TRUE
Male,Loyal Customer,20,Personal Travel,Eco,377,1,2,1,3,3,1,3,3,2,3,3,3,3,2.38,85,75,FALSE
Female,Disloyal Customer,49,Business Travel,Business,295,2,2,2,3,2,2,2,2,3,2,4,5,2,2.54,0,0,FALSE
Male,Loyal Customer,15,Personal Travel,Eco Plus,119,4,4,4,2,3,4,1,3,5,3,1,2,3,3,0,0,FALSE
Female,Loyal Customer,18,Personal Travel,Eco,1892,5,1,5,2,2,5,5,2,3,3,1,1,2,2.85,0,0,TRUE
Male,Loyal Customer,42,Business Travel,Eco,594,2,2,2,2,2,2,2,2,4,5,3,2,2,2.46,38,39,FALSE
Male,Loyal Customer,51,Business Travel,Business,2982,2,2,2,2,5,5,5,5,5,5,5,5,4,4,54,61,TRUE
Female,Loyal Customer,45,Business Travel,Business,1943,4,4,2,4,4,5,2,5,5,5,5,3,3,3.92,0,6,TRUE
Female,Loyal Customer,62,Personal Travel,Eco,802,5,1,5,4,1,3,4,4,4,5,2,4,3,3.46,0,0,TRUE
Female,Loyal Customer,47,Business Travel,Business,1773,3,1,1,1,3,3,3,3,3,3,3,3,3,2.54,0,0,FALSE
Female,Loyal Customer,27,Business Travel,Business,3225,2,4,4,4,2,2,2,2,4,4,4,4,2,3.08,0,0,FALSE
Female,Loyal Customer,48,Business Travel,Business,835,4,4,4,4,3,5,4,4,4,4,4,4,3,3.92,0,0,TRUE
Female,Loyal Customer,12,Personal Travel,Eco,1180,3,4,3,3,3,3,3,3,4,3,5,4,3,3.38,0,0,FALSE
Male,Loyal Customer,53,Business Travel,Eco,331,4,3,2,3,4,4,4,4,2,3,4,2,4,3.31,4,1,FALSE
Male,Loyal Customer,48,Business Travel,Business,175,0,5,0,4,2,4,4,3,3,3,3,5,5,3.15,5,2,TRUE
Female,Loyal Customer,14,Personal Travel,Eco,584,4,5,4,3,5,4,5,5,2,1,1,4,5,3.69,0,0,FALSE
Male,Loyal Customer,65,Personal Travel,Eco,691,3,4,3,4,2,3,5,2,3,2,4,3,2,3.08,0,0,FALSE
Male,Loyal Customer,16,Personal Travel,Eco,2586,3,2,3,3,3,3,5,2,4,2,4,5,5,3.38,1,0,FALSE
Male,Disloyal Customer,30,Business Travel,Business,846,4,4,4,4,4,4,4,4,3,4,5,3,4,3.92,1,7,TRUE
Male,Loyal Customer,39,Business Travel,Eco,305,5,2,2,2,5,5,5,5,4,3,4,2,5,3.77,0,0,TRUE
Male,Loyal Customer,52,Personal Travel,Eco,922,3,5,3,2,4,3,4,4,3,4,4,3,4,3.54,0,0,FALSE
Female,Loyal Customer,42,Business Travel,Business,1844,3,3,3,3,2,3,5,5,5,5,5,3,4,3.77,12,40,TRUE
Male,Loyal Customer,34,Personal Travel,Eco,489,2,0,2,4,1,2,1,1,5,3,5,5,1,2.46,0,0,FALSE
Male,Loyal Customer,40,Business Travel,Business,1685,3,1,1,1,1,4,4,3,3,3,3,2,3,2.46,0,0,FALSE
Male,Loyal Customer,41,Business Travel,Business,552,2,2,2,2,5,5,5,4,4,4,4,3,4,3.54,0,0,TRUE
Female,Loyal Customer,22,Personal Travel,Eco,731,1,5,1,1,4,1,4,4,1,5,5,2,4,2.92,0,3,FALSE
Female,Disloyal Customer,27,Business Travel,Business,1165,5,5,5,3,2,5,3,2,4,2,5,3,2,3.54,22,3,TRUE
Female,Loyal Customer,42,Personal Travel,Eco,1246,4,5,5,3,2,4,5,3,3,5,3,4,4,3.85,24,12,FALSE
Male,Loyal Customer,53,Business Travel,Business,2517,1,1,1,1,5,1,1,4,4,4,4,3,5,2.69,1,0,TRUE
Female,Loyal Customer,44,Business Travel,Eco,338,1,0,0,4,5,4,4,2,2,1,2,3,1,2.23,57,54,FALSE
Male,Disloyal Customer,36,Business Travel,Eco,293,2,0,2,4,1,2,5,1,5,1,1,3,1,2.15,0,0,FALSE
Female,Disloyal Customer,31,Business Travel,Eco,913,1,1,1,1,4,1,4,4,4,3,2,5,4,2.69,0,0,FALSE
Female,Loyal Customer,25,Personal Travel,Business,129,2,4,2,3,5,2,2,5,2,5,4,1,5,3.23,116,118,FALSE
Male,Loyal Customer,49,Business Travel,Business,3104,4,4,4,4,3,5,5,2,2,2,2,4,4,3.46,0,0,TRUE
Female,Loyal Customer,11,Personal Travel,Eco,795,1,5,1,4,3,1,3,3,5,2,5,3,3,3,0,0,FALSE
Male,Loyal Customer,54,Business Travel,Business,1972,3,1,3,3,4,5,5,4,4,4,4,5,4,3.77,9,0,TRUE
Male,Loyal Customer,45,Business Travel,Eco,909,5,5,5,5,5,5,5,5,2,3,4,2,5,4.31,38,28,TRUE
Male,Loyal Customer,36,Personal Travel,Eco,591,3,4,3,3,2,3,2,2,3,4,4,3,2,2.92,18,5,FALSE
Male,Loyal Customer,70,Personal Travel,Eco,528,3,5,3,2,3,3,3,3,5,2,5,4,3,3.38,46,71,FALSE
Male,Loyal Customer,57,Business Travel,Business,1827,5,5,2,5,4,4,5,5,5,5,5,3,3,4.31,4,0,TRUE
Male,Loyal Customer,50,Business Travel,Business,1746,5,5,5,5,3,4,5,4,4,4,4,4,4,4.31,0,0,TRUE
Female,Loyal Customer,17,Personal Travel,Eco,114,3,5,0,3,5,0,5,5,1,3,4,4,5,3.31,0,0,FALSE
Male,Loyal Customer,55,Personal Travel,Eco,374,4,4,4,1,3,4,3,3,5,4,4,3,3,3.46,0,0,FALSE
Male,Loyal Customer,58,Personal Travel,Eco,1400,3,4,3,4,4,3,4,4,4,1,4,2,4,3.38,0,0,FALSE
Male,Loyal Customer,56,Personal Travel,Eco,236,2,4,2,3,5,2,5,5,5,3,5,3,5,3.77,47,40,FALSE
Male,Loyal Customer,32,Personal Travel,Business,397,3,4,3,1,4,3,4,4,4,2,5,4,4,3.46,11,9,FALSE
Male,Disloyal Customer,29,Business Travel,Eco,701,3,3,3,4,5,3,4,5,1,1,4,1,5,3.23,25,35,FALSE
Female,Loyal Customer,45,Personal Travel,Eco,507,2,5,2,4,3,4,5,2,2,2,2,3,4,3.08,0,0,FALSE
Female,Loyal Customer,51,Business Travel,Eco,354,4,1,1,1,2,1,5,4,4,4,4,2,4,2.85,9,7,TRUE
Female,Loyal Customer,54,Business Travel,Business,957,1,1,1,1,4,5,4,4,4,4,4,3,5,3.15,1,0,TRUE
Female,Loyal Customer,22,Business Travel,Business,3205,2,5,1,5,2,2,2,2,4,3,3,1,2,2.62,47,41,FALSE
Female,Loyal Customer,16,Business Travel,Eco Plus,1027,5,3,3,3,5,4,1,5,4,2,3,2,5,3.46,34,46,FALSE
Male,Loyal Customer,37,Personal Travel,Eco,547,1,4,1,4,3,1,3,3,4,3,3,1,3,2.62,12,5,FALSE
Male,Loyal Customer,62,Business Travel,Business,2185,2,5,5,5,4,4,4,2,2,2,2,1,3,3.15,99,85,FALSE
Male,Loyal Customer,40,Business Travel,Business,226,4,4,4,4,5,5,4,5,5,5,5,4,3,4.38,66,35,TRUE
Male,Loyal Customer,47,Business Travel,Business,430,5,5,5,5,5,5,5,4,4,4,4,3,3,4.38,14,24,TRUE
Male,Disloyal Customer,58,Business Travel,Business,425,2,2,2,2,1,2,1,1,3,5,5,4,1,2.38,7,4,FALSE
Female,Loyal Customer,27,Business Travel,Business,1521,1,4,4,4,1,1,1,1,3,5,3,2,1,2.38,11,0,FALSE
Female,Loyal Customer,67,Personal Travel,Eco Plus,220,2,4,0,1,1,1,2,5,5,0,5,5,5,2.77,5,0,FALSE
Female,Loyal Customer,45,Business Travel,Business,846,5,5,5,5,5,4,4,5,5,5,5,4,5,4.77,37,18,TRUE
Female,Loyal Customer,45,Business Travel,Business,1885,2,2,2,2,2,4,4,4,4,4,4,5,3,3.23,9,17,TRUE
Female,Loyal Customer,33,Business Travel,Eco Plus,605,2,4,4,4,2,2,2,2,2,4,4,2,2,2.77,55,48,FALSE
Female,Loyal Customer,25,Business Travel,Business,2486,5,5,5,5,5,5,5,5,3,5,4,5,5,4.77,0,8,TRUE
Male,Loyal Customer,63,Business Travel,Eco,679,2,1,1,1,2,2,2,2,1,3,2,4,2,1.92,0,0,FALSE
Male,Loyal Customer,22,Personal Travel,Eco,563,3,4,3,4,2,3,2,2,3,3,4,5,2,3.08,0,0,FALSE
Male,Loyal Customer,45,Business Travel,Business,2056,5,5,5,5,5,4,5,4,4,4,4,3,5,4.46,0,74,TRUE
Male,Loyal Customer,47,Personal Travel,Eco,589,4,4,4,1,1,4,1,1,5,2,5,4,1,2.85,0,0,TRUE
Male,Disloyal Customer,37,Business Travel,Business,606,1,1,1,2,2,1,2,2,5,5,5,4,2,2.54,0,0,FALSE
Male,Disloyal Customer,28,Business Travel,Eco,912,2,2,2,3,2,2,2,2,1,1,3,1,2,1.92,1,22,FALSE
Male,Loyal Customer,36,Business Travel,Business,850,1,4,4,4,4,3,4,1,1,1,1,4,1,2.54,7,6,FALSE
Male,Loyal Customer,39,Business Travel,Business,2626,4,4,4,4,3,5,5,3,3,3,3,4,3,3.69,0,0,TRUE
Female,Loyal Customer,51,Business Travel,Business,162,1,1,1,1,2,2,1,2,2,1,1,1,4,1.54,0,0,FALSE
Male,Loyal Customer,10,Personal Travel,Eco,1055,2,4,2,1,1,2,1,1,5,4,4,3,1,2.38,0,0,FALSE
Male,Disloyal Customer,18,Business Travel,Eco,177,3,4,4,4,5,4,5,5,3,5,3,3,5,4.08,34,32,FALSE
Female,Loyal Customer,49,Business Travel,Business,3726,4,4,4,4,3,4,5,2,2,2,2,5,5,3.54,0,0,TRUE
Female,Loyal Customer,58,Business Travel,Business,731,3,3,3,3,5,5,5,4,4,4,4,5,3,3.92,0,0,TRUE
Female,Loyal Customer,36,Business Travel,Business,223,4,4,4,4,5,5,4,5,5,5,5,3,5,4.46,3,4,TRUE
Male,Loyal Customer,23,Personal Travel,Eco,522,3,5,3,2,5,3,5,5,5,3,4,5,5,4.08,0,0,FALSE
Female,Disloyal Customer,45,Business Travel,Business,456,2,2,2,2,5,2,5,5,4,2,5,5,5,3.54,0,0,FALSE
Female,Loyal Customer,47,Personal Travel,Eco,925,3,4,4,1,3,5,4,5,5,4,3,3,3,3.62,2,1,FALSE
Male,Loyal Customer,55,Business Travel,Business,370,1,1,1,1,2,4,4,4,4,4,4,5,4,3,12,14,TRUE
Female,Loyal Customer,25,Personal Travel,Eco,299,2,4,2,2,3,2,4,3,5,5,4,5,3,3.38,2,0,FALSE
Male,Loyal Customer,48,Personal Travel,Eco,787,1,4,1,2,3,1,3,3,5,2,5,5,3,2.92,0,0,FALSE
Male,Loyal Customer,41,Business Travel,Eco,328,4,3,3,3,4,4,4,4,5,5,5,2,4,3.85,0,0,TRUE
Female,Loyal Customer,43,Business Travel,Business,223,0,4,0,3,2,4,4,5,5,5,5,3,4,3.38,0,22,TRUE
Female,Disloyal Customer,34,Business Travel,Business,369,3,3,3,4,3,3,2,3,4,2,5,5,3,3.31,4,0,FALSE
Female,Disloyal Customer,8,Business Travel,Eco,1014,3,3,3,4,5,3,5,5,3,2,4,3,5,3.69,57,43,FALSE
Female,Disloyal Customer,37,Business Travel,Eco,446,2,1,2,4,1,2,1,1,1,3,3,3,1,1.92,48,33,FALSE
Female,Loyal Customer,26,Personal Travel,Eco,631,2,3,2,2,3,2,3,3,3,4,3,4,3,2.85,0,0,FALSE
Female,Loyal Customer,41,Business Travel,Eco,1197,5,5,5,5,5,5,5,5,4,1,4,2,5,4.31,0,0,TRUE
Female,Loyal Customer,32,Personal Travel,Eco Plus,594,2,3,2,2,1,2,1,1,2,5,2,1,1,1.92,0,0,FALSE
Female,Loyal Customer,40,Business Travel,Business,1222,4,4,4,4,4,4,4,4,4,4,4,4,3,3.92,34,15,TRUE
Female,Loyal Customer,13,Personal Travel,Eco,323,3,5,3,4,3,3,3,3,3,1,5,2,3,3.15,14,19,FALSE
Male,Loyal Customer,55,Business Travel,Business,328,3,3,3,3,3,5,4,5,5,5,5,5,5,4.15,2,0,TRUE
Male,Loyal Customer,43,Business Travel,Business,2186,5,5,2,5,4,4,4,4,4,4,4,4,4,4.08,39,39,TRUE
Male,Loyal Customer,68,Personal Travel,Eco,224,4,3,4,2,1,4,1,1,2,2,3,4,1,2.46,0,0,TRUE
Male,Disloyal Customer,32,Business Travel,Eco,896,1,1,1,4,2,1,3,2,3,3,1,4,2,2.15,15,85,FALSE
Female,Loyal Customer,41,Business Travel,Business,2586,3,3,3,3,5,5,5,4,4,4,4,5,3,3.92,0,0,TRUE
Male,Loyal Customer,50,Business Travel,Business,2543,2,2,2,2,4,3,2,4,4,4,4,2,3,2.92,0,0,TRUE
Female,Disloyal Customer,25,Business Travel,Business,429,0,0,0,5,1,0,1,1,4,3,5,5,1,2,0,0,TRUE
Female,Loyal Customer,68,Business Travel,Business,2812,1,5,5,5,2,4,3,1,1,1,1,3,1,2.54,9,0,FALSE
Female,Loyal Customer,60,Personal Travel,Eco,2330,3,5,3,1,3,4,4,3,3,3,3,3,3,3.15,0,0,FALSE
Male,Loyal Customer,31,Business Travel,Business,3374,4,1,4,4,2,2,2,2,3,2,5,3,2,2.77,0,0,TRUE
Female,Disloyal Customer,65,Business Travel,Eco Plus,373,1,1,1,4,1,1,1,1,2,1,4,2,1,1.62,54,39,FALSE
Male,Loyal Customer,31,Business Travel,Business,1416,3,3,4,3,5,5,5,5,3,2,5,5,5,4.08,0,0,TRUE
Female,Disloyal Customer,40,Business Travel,Business,572,3,3,3,3,1,3,1,1,1,1,3,4,1,2.15,0,0,FALSE
Male,Disloyal Customer,22,Business Travel,Eco,331,4,1,4,2,3,4,3,3,5,3,4,5,3,3.38,14,34,TRUE
Female,Loyal Customer,49,Personal Travel,Business,496,4,4,4,2,3,4,4,2,2,4,2,5,5,3.46,0,0,FALSE
Female,Loyal Customer,50,Business Travel,Business,612,3,3,3,3,3,5,4,4,4,4,4,5,4,3.77,1,0,TRUE
Female,Loyal Customer,30,Personal Travel,Eco,967,2,5,2,4,4,2,4,4,4,2,4,3,4,3.38,0,0,FALSE
Male,Loyal Customer,41,Business Travel,Business,1440,2,2,2,2,5,5,4,5,5,5,5,3,3,3.69,3,0,TRUE
Male,Loyal Customer,25,Business Travel,Business,2323,3,5,5,5,3,3,3,3,2,1,3,4,3,3.31,1,34,FALSE
Male,Loyal Customer,14,Personal Travel,Eco,338,3,4,3,5,4,3,4,4,5,4,4,5,4,4,14,23,FALSE
Female,Loyal Customer,34,Personal Travel,Eco,363,3,5,2,2,5,2,5,5,5,4,4,5,5,4,18,9,FALSE
Male,Disloyal Customer,25,Business Travel,Eco,481,4,5,3,4,3,3,3,3,5,5,5,1,3,3.62,0,0,TRUE
Female,Disloyal Customer,64,Business Travel,Business,1379,4,3,3,3,1,4,1,1,3,5,4,5,1,2.92,3,0,TRUE
Female,Loyal Customer,24,Personal Travel,Eco,794,3,4,3,4,1,3,1,1,5,5,5,5,1,3.15,107,99,FALSE
Female,Disloyal Customer,26,Business Travel,Business,262,2,2,2,3,2,2,2,2,4,5,5,3,2,2.77,0,0,FALSE
Male,Loyal Customer,28,Business Travel,Business,748,3,3,3,3,5,5,5,5,3,3,5,3,5,3.92,0,0,TRUE
Male,Loyal Customer,19,Personal Travel,Eco,852,4,4,4,4,5,4,1,5,4,2,5,4,5,3.92,0,0,FALSE
Female,Loyal Customer,52,Business Travel,Business,409,2,2,5,2,3,5,4,4,4,4,4,5,4,3.69,36,103,TRUE
Male,Loyal Customer,63,Personal Travel,Eco,127,1,2,1,4,1,1,1,1,4,2,4,3,1,2,0,0,FALSE
Female,Loyal Customer,9,Personal Travel,Eco,1598,1,5,1,3,2,1,3,2,4,2,5,4,2,2.69,27,7,FALSE
Female,Loyal Customer,54,Business Travel,Business,406,5,5,5,5,3,4,4,4,4,4,4,5,5,4.38,3,5,TRUE
Female,Loyal Customer,47,Business Travel,Business,1822,5,5,5,5,4,5,5,4,4,4,4,3,4,4.38,0,0,TRUE
Female,Loyal Customer,51,Business Travel,Eco,808,2,5,5,5,2,3,3,2,2,2,2,4,4,3.15,5,0,FALSE
Male,Loyal Customer,45,Business Travel,Business,2101,4,4,4,4,3,5,4,4,4,4,5,3,5,4.08,0,0,TRUE
Female,Disloyal Customer,35,Business Travel,Eco,1013,1,1,1,4,3,1,3,3,2,4,3,4,3,2.54,99,83,FALSE
Male,Disloyal Customer,27,Business Travel,Eco,101,2,0,2,4,1,2,1,1,3,4,2,3,1,2,0,0,FALSE
Male,Loyal Customer,44,Business Travel,Business,2779,2,2,1,2,3,4,5,4,4,4,4,3,5,3.31,0,0,TRUE
Female,Disloyal Customer,22,Business Travel,Eco,1089,4,4,4,3,2,4,2,2,4,4,4,4,2,3.31,0,4,TRUE
Male,Disloyal Customer,10,Business Travel,Eco,1240,1,1,1,1,3,1,3,3,4,3,3,3,3,2.31,0,0,FALSE
Male,Loyal Customer,37,Personal Travel,Eco,1814,1,5,1,3,3,1,3,3,4,5,4,4,3,3.08,0,0,FALSE
Female,Loyal Customer,73,Business Travel,Business,2135,3,1,2,1,4,3,2,3,3,4,3,3,4,2.77,0,0,FALSE
Female,Loyal Customer,52,Business Travel,Business,1023,4,4,4,4,3,4,5,4,4,4,4,4,4,4,0,0,TRUE
Female,Loyal Customer,40,Business Travel,Business,2141,2,1,1,1,3,4,4,2,2,2,2,4,1,2.23,14,25,FALSE
Male,Loyal Customer,34,Business Travel,Eco Plus,861,5,2,2,2,5,5,5,5,2,5,3,3,5,3.77,89,73,TRUE
Male,Loyal Customer,30,Business Travel,Eco,235,0,0,0,2,5,0,5,5,5,3,2,4,5,2.77,0,0,TRUE
Female,Loyal Customer,42,Business Travel,Business,2629,1,1,1,1,5,4,4,1,1,1,1,3,2,2,0,0,FALSE
Female,Disloyal Customer,22,Business Travel,Business,190,0,4,1,1,4,1,2,4,3,2,4,4,4,2.62,0,0,TRUE
Female,Loyal Customer,51,Business Travel,Business,1076,2,1,2,2,4,5,4,4,4,4,4,3,4,3.31,0,0,TRUE
Female,Loyal Customer,43,Business Travel,Business,3164,2,2,2,2,4,4,5,4,4,4,5,1,3,3.23,0,0,TRUE
Male,Loyal Customer,49,Business Travel,Business,3337,3,2,2,2,4,3,4,3,3,3,3,4,2,2.92,0,0,FALSE
Female,Loyal Customer,51,Business Travel,Eco,383,4,4,4,4,2,2,4,4,4,4,4,1,1,3.23,0,0,TRUE
Female,Loyal Customer,67,Personal Travel,Eco,2174,3,1,3,3,2,3,3,5,5,3,4,4,1,3.08,0,0,FALSE
Female,Loyal Customer,32,Personal Travel,Eco,1197,2,4,2,5,2,2,2,2,3,5,3,3,2,2.85,8,0,FALSE
Male,Disloyal Customer,21,Business Travel,Eco,859,3,2,2,2,5,2,5,5,5,5,2,3,5,3.54,5,0,FALSE
Female,Loyal Customer,47,Business Travel,Business,2554,3,5,5,5,3,3,3,3,1,4,4,3,3,3.46,8,19,FALSE
Male,Loyal Customer,29,Business Travel,Business,1069,3,2,2,2,3,3,3,3,2,2,4,2,3,2.62,0,10,FALSE
Male,Loyal Customer,35,Personal Travel,Eco,674,4,4,4,2,3,4,3,3,5,4,5,5,3,3.77,0,0,FALSE
Male,Loyal Customer,35,Business Travel,Business,2786,4,4,5,4,5,4,3,4,4,4,4,1,2,3.69,0,0,FALSE
Male,Loyal Customer,41,Business Travel,Business,1024,2,4,2,2,3,5,5,4,4,4,4,4,4,3.62,2,0,TRUE
Female,Loyal Customer,12,Personal Travel,Eco,201,2,2,2,3,4,2,1,4,3,3,3,2,4,2.69,0,0,FALSE
Male,Loyal Customer,49,Business Travel,Business,3166,0,0,0,3,3,3,5,2,2,2,4,5,3,2.46,17,33,TRUE
Male,Disloyal Customer,25,Business Travel,Eco,715,3,3,3,5,3,3,3,3,3,3,4,1,3,3.08,120,119,FALSE
Male,Loyal Customer,52,Business Travel,Eco,113,5,3,3,3,4,5,4,4,2,3,2,3,4,3.46,71,96,TRUE
Female,Loyal Customer,13,Business Travel,Business,728,1,4,4,4,1,1,1,1,4,1,3,2,1,2.15,0,0,FALSE
Male,Loyal Customer,10,Personal Travel,Eco Plus,563,2,5,2,2,1,2,1,1,5,5,5,3,1,2.69,0,0,FALSE
Female,Loyal Customer,59,Personal Travel,Eco,1190,2,4,2,3,2,4,4,3,3,2,3,3,5,3.08,0,0,FALSE
Male,Loyal Customer,34,Business Travel,Business,248,5,5,5,5,4,5,4,4,4,4,4,4,4,4.38,0,5,TRUE
Female,Loyal Customer,52,Business Travel,Business,255,0,0,0,3,4,4,5,3,3,3,3,5,5,2.92,0,0,TRUE
Female,Disloyal Customer,24,Business Travel,Eco,626,5,0,5,3,3,0,3,3,3,3,5,4,3,3.08,3,0,TRUE
Male,Loyal Customer,27,Business Travel,Eco Plus,391,5,4,4,4,5,5,5,5,4,4,5,4,5,4.54,0,1,TRUE
Female,Loyal Customer,29,Business Travel,Eco,1069,1,3,3,3,1,1,1,1,4,2,3,2,1,2,0,0,FALSE
Female,Loyal Customer,46,Business Travel,Business,696,2,2,2,2,5,5,4,5,5,4,5,4,3,3.69,5,0,TRUE
Male,Loyal Customer,70,Personal Travel,Eco,417,1,3,1,4,2,1,2,2,1,5,4,1,2,2.23,6,1,FALSE
Female,Disloyal Customer,44,Business Travel,Eco Plus,550,1,1,1,3,3,1,3,3,1,1,3,1,3,1.92,0,0,FALSE
Male,Disloyal Customer,23,Business Travel,Eco,502,3,4,4,4,4,4,4,4,4,5,4,5,4,4.08,20,32,FALSE
Female,Loyal Customer,60,Business Travel,Business,399,3,3,3,3,4,4,4,4,4,4,4,5,4,3.77,22,27,TRUE
Female,Loyal Customer,12,Personal Travel,Eco Plus,436,3,1,3,2,5,3,5,5,3,3,2,1,5,3.15,0,0,FALSE
Male,Loyal Customer,58,Business Travel,Business,447,5,5,5,5,3,4,4,4,4,4,4,4,4,4.23,0,0,TRUE
Female,Loyal Customer,39,Business Travel,Eco,838,2,2,2,2,2,2,2,2,5,2,3,4,2,2.46,0,0,TRUE
Male,Loyal Customer,47,Business Travel,Eco Plus,1276,2,5,5,5,1,2,1,1,1,4,3,4,1,2.69,1,0,FALSE
Female,Loyal Customer,10,Personal Travel,Business,2176,0,3,0,5,3,0,3,3,3,3,1,4,3,2.38,1,0,TRUE
Male,Disloyal Customer,24,Business Travel,Business,204,4,4,4,4,5,4,5,5,3,4,4,3,5,4.15,10,6,TRUE
Female,Loyal Customer,33,Business Travel,Eco Plus,2338,2,4,5,4,2,3,2,2,1,4,3,4,2,2.92,33,32,FALSE
Male,Disloyal Customer,25,Business Travel,Eco,140,3,3,3,4,3,3,3,3,3,5,1,2,3,3,79,71,FALSE
Male,Disloyal Customer,20,Business Travel,Eco,479,4,0,3,4,2,3,2,2,4,5,5,4,2,3.08,18,9,TRUE
Female,Loyal Customer,51,Personal Travel,Eco,1345,1,3,1,3,3,3,3,1,1,1,1,1,1,1.77,0,0,FALSE
Female,Loyal Customer,43,Business Travel,Business,3269,2,2,2,2,5,5,5,5,5,5,5,5,4,4,0,0,TRUE
Male,Loyal Customer,13,Personal Travel,Eco,2419,4,4,4,3,4,1,1,5,3,5,5,1,1,3.15,18,0,FALSE
Female,Loyal Customer,42,Business Travel,Business,2217,4,4,4,4,3,3,5,4,4,4,4,4,5,4,0,0,TRUE
Male,Disloyal Customer,37,Business Travel,Eco,764,3,2,2,5,5,2,5,5,4,2,4,3,5,3.62,20,3,FALSE
Male,Loyal Customer,18,Personal Travel,Eco,1005,2,4,2,1,5,2,1,5,5,5,4,3,5,3.38,0,14,FALSE
Female,Loyal Customer,35,Business Travel,Eco,200,4,2,2,2,4,4,4,4,2,5,5,4,4,3.54,0,0,TRUE
Female,Loyal Customer,55,Business Travel,Business,2914,1,1,1,1,2,5,4,4,4,5,4,3,5,3.08,0,0,TRUE
Male,Loyal Customer,51,Business Travel,Eco,602,4,4,4,4,4,4,4,4,3,4,1,3,4,3.62,0,0,TRUE
Female,Loyal Customer,26,Personal Travel,Eco,200,4,4,4,2,3,4,3,3,5,5,2,5,3,3.62,0,0,FALSE
Female,Loyal Customer,26,Personal Travel,Eco,595,3,1,3,4,2,3,2,2,1,4,4,3,2,2.62,0,0,FALSE
Male,Loyal Customer,60,Business Travel,Eco Plus,235,4,1,1,1,4,4,4,4,4,2,3,1,4,2.85,32,23,TRUE
Female,Loyal Customer,53,Personal Travel,Eco Plus,2288,1,2,1,4,4,3,3,5,5,1,5,3,3,3.08,3,0,FALSE
Female,Loyal Customer,23,Personal Travel,Eco Plus,2133,3,4,3,4,5,3,5,5,2,5,4,1,5,3.77,0,0,FALSE
Male,Loyal Customer,10,Personal Travel,Eco,651,4,1,4,3,3,4,3,3,4,1,2,3,3,2.92,0,1,TRUE
Female,Loyal Customer,35,Personal Travel,Eco Plus,373,1,3,1,3,1,1,3,1,3,3,4,2,1,2.08,0,0,FALSE
Female,Loyal Customer,29,Business Travel,Business,1750,5,5,5,5,5,5,5,5,5,5,4,4,5,4.85,0,0,TRUE
Female,Disloyal Customer,22,Business Travel,Business,919,5,0,5,3,2,5,2,2,3,3,4,5,2,3.15,4,8,TRUE
Male,Loyal Customer,57,Business Travel,Business,2869,5,5,5,5,2,5,5,4,4,4,4,4,3,4.23,0,0,TRUE
Male,Disloyal Customer,26,Business Travel,Business,577,1,1,1,2,3,1,3,3,3,2,4,5,3,2.46,0,2,FALSE
Female,Loyal Customer,41,Business Travel,Business,1337,3,3,3,3,3,5,4,5,5,5,5,5,5,4.15,0,0,TRUE
Male,Loyal Customer,29,Business Travel,Business,585,1,1,1,1,4,4,4,4,4,2,4,5,4,3,25,26,TRUE
Male,Loyal Customer,46,Business Travel,Business,1440,3,3,2,3,3,4,5,4,4,4,4,3,3,3.46,37,38,TRUE
Male,Loyal Customer,49,Personal Travel,Eco,1005,5,4,5,5,3,5,3,3,3,3,4,5,3,3.92,0,3,TRUE
Male,Loyal Customer,43,Business Travel,Eco,266,4,3,3,3,4,4,4,4,3,5,1,5,4,3.62,0,0,TRUE
Male,Loyal Customer,51,Business Travel,Business,2026,5,5,5,5,3,5,4,4,4,4,4,4,3,4.23,8,5,TRUE
Male,Loyal Customer,68,Business Travel,Business,3919,1,1,1,1,3,4,4,4,4,4,4,4,4,3,0,0,TRUE
Female,Loyal Customer,42,Business Travel,Business,2246,1,1,5,1,2,5,4,5,5,5,5,5,2,3.54,0,0,TRUE
Male,Loyal Customer,55,Personal Travel,Eco,550,3,0,3,4,4,3,4,4,4,2,1,5,4,3.15,0,0,FALSE
Female,Disloyal Customer,34,Business Travel,Eco,368,2,1,3,3,1,3,1,1,4,3,3,4,1,2.31,0,0,FALSE
Male,Loyal Customer,20,Personal Travel,Eco,1173,2,5,2,1,2,2,2,2,5,5,4,3,2,2.85,12,7,FALSE
Male,Loyal Customer,54,Business Travel,Business,488,3,3,3,3,4,4,4,4,4,4,4,4,4,3.69,40,24,TRUE
Female,Loyal Customer,10,Personal Travel,Eco,163,3,1,3,2,2,3,2,2,4,4,3,4,2,2.69,32,35,FALSE
Male,Loyal Customer,58,Business Travel,Business,1744,3,3,3,3,5,3,4,5,5,5,5,3,5,4,0,0,TRUE
Male,Loyal Customer,33,Business Travel,Eco,265,5,5,5,5,5,5,5,5,1,1,4,3,5,4.15,0,0,TRUE
Male,Loyal Customer,49,Personal Travel,Eco Plus,491,3,1,4,3,1,4,1,1,2,5,2,1,1,2.23,0,0,FALSE
Female,Loyal Customer,65,Business Travel,Business,1069,3,2,2,2,3,3,2,3,3,3,3,3,4,2.77,10,36,FALSE
Male,Loyal Customer,58,Personal Travel,Eco,650,4,3,4,4,2,4,2,2,2,2,3,1,2,2.69,0,0,FALSE
Male,Loyal Customer,60,Business Travel,Business,919,3,3,3,3,3,5,5,5,5,5,5,4,4,4.08,12,6,TRUE
Male,Loyal Customer,42,Personal Travel,Eco,449,1,4,1,2,3,1,3,3,5,5,4,4,3,3,6,0,FALSE
Female,Loyal Customer,39,Business Travel,Eco,325,3,4,4,4,3,3,3,3,2,5,3,3,3,3.31,0,8,FALSE
Female,Loyal Customer,61,Business Travel,Eco Plus,409,2,2,2,2,2,2,1,2,2,2,2,3,4,2.15,35,39,FALSE
Male,Loyal Customer,36,Personal Travel,Eco,691,2,4,2,2,1,2,1,1,4,3,4,3,1,2.31,0,0,FALSE
Male,Loyal Customer,40,Business Travel,Business,2762,5,5,5,5,3,3,1,2,2,2,2,4,2,3.15,0,0,TRUE
Female,Loyal Customer,58,Personal Travel,Eco,602,1,2,1,3,4,3,4,3,3,1,1,2,1,2.23,0,0,FALSE
Male,Loyal Customer,32,Personal Travel,Eco,1012,3,4,3,4,1,3,1,1,2,1,4,5,1,2.54,21,0,FALSE
Female,Loyal Customer,41,Personal Travel,Eco,214,5,0,5,1,4,5,4,4,3,2,4,5,4,3.54,0,9,TRUE
Female,Loyal Customer,52,Business Travel,Business,2381,3,3,3,3,4,2,1,5,5,5,3,1,1,3,0,0,TRUE
Female,Disloyal Customer,21,Business Travel,Eco,406,2,2,1,3,2,1,2,2,4,1,3,1,2,2,41,35,FALSE
Male,Loyal Customer,39,Personal Travel,Eco,581,3,5,3,4,3,3,3,3,5,5,4,5,3,3.77,8,13,FALSE
Male,Loyal Customer,42,Business Travel,Business,1629,5,5,5,5,4,4,4,4,4,4,4,4,5,4.38,4,8,TRUE
Female,Disloyal Customer,47,Business Travel,Business,444,3,3,3,5,2,3,2,2,4,4,5,5,2,3.31,79,77,FALSE
Female,Loyal Customer,48,Business Travel,Eco,528,4,1,1,1,4,4,3,4,4,4,4,4,3,3.15,0,0,FALSE
Male,Loyal Customer,34,Business Travel,Business,1767,4,4,4,4,5,3,3,4,4,4,4,4,3,3.85,1,0,FALSE
Male,Loyal Customer,38,Business Travel,Business,3541,4,4,4,4,2,5,2,4,4,4,4,3,5,3.77,5,0,TRUE
Male,Loyal Customer,25,Business Travel,Business,1536,3,1,1,1,3,3,3,3,3,4,4,1,3,2.54,0,0,FALSE
Male,Loyal Customer,53,Business Travel,Business,3472,2,2,2,2,5,4,4,4,4,4,4,4,2,3.31,1,0,TRUE
Female,Loyal Customer,42,Business Travel,Business,3912,2,2,2,2,4,4,4,5,5,5,5,3,4,3.62,0,0,TRUE
Female,Disloyal Customer,21,Business Travel,Eco,404,2,4,2,4,1,2,4,1,4,5,3,1,1,2.62,24,22,FALSE
Male,Disloyal Customer,29,Business Travel,Eco,1524,3,3,3,3,5,3,5,5,2,3,3,3,5,3.54,0,0,FALSE
Female,Loyal Customer,63,Personal Travel,Eco,594,3,5,3,2,2,3,4,5,5,3,5,4,4,3.69,26,27,FALSE
Female,Loyal Customer,67,Personal Travel,Eco,679,1,4,1,4,3,4,4,5,5,1,5,3,4,3.38,6,0,FALSE
Male,Loyal Customer,50,Personal Travel,Eco,2402,3,5,3,1,3,1,3,3,4,5,5,3,3,3.23,13,56,FALSE
Female,Loyal Customer,23,Business Travel,Business,992,3,3,3,3,3,3,3,3,5,2,4,3,3,3.15,60,40,TRUE
Female,Disloyal Customer,46,Business Travel,Business,1044,3,3,3,1,5,3,5,5,3,3,5,5,5,3.77,53,41,FALSE
Male,Loyal Customer,19,Personal Travel,Eco Plus,625,2,5,3,3,3,3,3,3,5,4,4,5,3,3.54,47,49,FALSE
Female,Loyal Customer,30,Personal Travel,Eco,363,4,4,5,3,5,5,5,5,3,4,5,4,5,4.38,0,1,TRUE
Male,Disloyal Customer,25,Business Travel,Business,802,5,0,5,2,2,5,2,2,4,2,5,5,2,3.15,7,0,TRUE
Female,Loyal Customer,25,Business Travel,Business,2556,3,3,3,3,4,4,4,4,2,4,5,4,4,3.62,18,4,TRUE
Male,Loyal Customer,35,Business Travel,Eco,361,2,5,5,5,2,2,2,2,1,1,4,3,2,2.77,11,11,FALSE
Female,Loyal Customer,26,Business Travel,Business,589,4,1,1,1,4,4,4,4,3,3,4,2,4,3,30,17,FALSE
Male,Disloyal Customer,27,Business Travel,Eco,445,3,4,3,3,2,3,2,2,1,4,3,3,2,2.69,0,1,FALSE
Male,Loyal Customer,33,Personal Travel,Eco,763,1,3,1,2,5,1,5,5,2,5,3,2,5,3.08,16,13,FALSE
Female,Loyal Customer,9,Personal Travel,Eco,223,2,4,0,1,3,0,3,3,5,3,5,5,3,2.85,0,8,FALSE
Female,Loyal Customer,37,Business Travel,Eco,397,1,2,2,2,1,1,1,1,2,3,3,2,1,1.69,19,14,FALSE
Male,Loyal Customer,49,Business Travel,Eco Plus,589,5,2,5,5,5,5,5,5,1,5,2,4,5,4.15,17,7,TRUE
Female,Disloyal Customer,21,Business Travel,Business,1009,3,2,3,3,1,3,4,1,1,4,3,2,1,2.38,0,4,FALSE
Female,Loyal Customer,7,Personal Travel,Eco,1208,2,2,2,4,4,2,4,4,4,2,4,1,4,3,3,4,FALSE
Female,Disloyal Customer,26,Business Travel,Eco Plus,611,3,2,3,3,5,3,5,5,1,2,3,3,5,3.31,0,0,FALSE
Female,Loyal Customer,51,Personal Travel,Eco,224,3,4,3,4,5,4,4,2,2,3,2,5,3,3.38,0,0,FALSE
Female,Disloyal Customer,44,Business Travel,Eco,1487,4,4,4,4,4,4,4,4,1,3,4,3,4,3.62,0,0,FALSE
Male,Loyal Customer,60,Personal Travel,Eco,201,3,4,3,4,4,3,4,4,1,3,4,4,4,3.46,42,26,FALSE
Female,Loyal Customer,42,Business Travel,Business,197,5,5,5,5,5,5,4,5,5,5,4,4,3,4.62,19,15,TRUE
Female,Loyal Customer,12,Personal Travel,Eco,1134,3,4,3,3,5,3,5,5,3,4,4,5,5,4,9,11,FALSE
Male,Loyal Customer,35,Business Travel,Business,2327,0,5,1,4,4,1,5,4,4,4,4,2,2,3.08,4,0,TRUE
Female,Loyal Customer,40,Business Travel,Business,236,5,5,5,5,2,4,4,4,4,4,4,4,5,4.23,20,29,TRUE
Female,Loyal Customer,36,Personal Travel,Eco,577,2,4,2,4,1,2,1,1,5,3,5,3,1,2.62,64,74,FALSE
Female,Loyal Customer,11,Personal Travel,Eco,116,5,4,5,3,5,5,2,5,3,3,3,2,5,3.85,0,0,TRUE
Female,Loyal Customer,41,Business Travel,Business,804,4,2,2,2,5,4,4,4,4,4,4,3,2,3.38,0,0,FALSE
Female,Loyal Customer,66,Personal Travel,Business,1121,2,1,2,3,1,2,2,4,4,2,4,2,3,2.46,0,0,FALSE
Male,Loyal Customer,36,Business Travel,Eco,315,3,2,5,2,3,3,3,3,3,5,3,2,3,3.08,0,0,FALSE
Female,Loyal Customer,28,Business Travel,Business,1687,5,5,5,5,4,5,4,4,4,3,4,4,4,4.31,0,0,TRUE
Female,Loyal Customer,18,Personal Travel,Eco,157,3,5,0,2,2,0,2,2,5,4,5,3,2,2.69,0,2,FALSE
Female,Loyal Customer,41,Business Travel,Business,738,3,5,5,5,3,3,3,3,3,3,3,1,4,3.38,7,0,FALSE
Male,Disloyal Customer,17,Business Travel,Eco,261,2,1,2,4,1,2,1,1,3,2,4,3,1,2.08,0,0,FALSE
Male,Loyal Customer,43,Business Travel,Business,761,1,1,1,1,2,4,4,4,4,4,4,3,3,2.77,0,0,TRUE
Female,Loyal Customer,51,Business Travel,Business,328,2,2,2,2,2,5,4,5,5,5,5,3,3,3.46,0,0,TRUE
Female,Loyal Customer,56,Business Travel,Business,2288,2,3,3,3,2,2,2,4,2,2,2,2,2,2.38,3,8,FALSE
Male,Loyal Customer,53,Business Travel,Business,2504,5,5,5,5,2,4,4,4,4,4,4,3,5,4.15,0,0,TRUE
Female,Loyal Customer,51,Business Travel,Eco,639,5,3,3,3,2,1,5,5,5,5,5,2,3,3.62,75,88,TRUE
Male,Loyal Customer,51,Personal Travel,Eco Plus,802,4,1,4,4,1,4,1,1,1,4,3,4,1,2.54,1,0,TRUE
Female,Loyal Customer,36,Business Travel,Eco,234,4,3,1,3,4,4,4,4,2,5,4,1,4,3.31,56,100,FALSE
Female,Loyal Customer,50,Business Travel,Business,2153,4,4,4,4,4,1,2,4,4,4,4,4,2,3.46,7,16,FALSE
Female,Disloyal Customer,26,Business Travel,Business,2586,2,0,2,3,2,2,2,4,5,4,4,2,2,2.62,0,0,FALSE
Female,Loyal Customer,37,Business Travel,Eco Plus,328,2,4,4,4,2,2,2,2,4,4,4,3,2,3,11,12,FALSE
Female,Loyal Customer,22,Business Travel,Business,1838,1,3,3,3,1,1,1,1,4,2,2,3,1,2,4,0,FALSE
Male,Disloyal Customer,38,Business Travel,Eco,986,3,3,3,4,4,3,3,4,1,2,5,4,4,3.31,0,0,FALSE
Female,Loyal Customer,33,Business Travel,Eco,272,0,0,0,3,1,0,1,1,4,4,3,1,1,1.46,0,0,TRUE
Male,Loyal Customer,59,Personal Travel,Eco,828,3,4,3,3,4,3,3,4,5,3,5,3,4,3.62,23,18,FALSE
Female,Disloyal Customer,37,Business Travel,Business,1773,3,3,3,4,4,3,4,4,5,2,4,3,4,3.54,0,0,FALSE
Female,Loyal Customer,24,Business Travel,Business,1844,4,4,4,4,4,4,4,4,4,5,1,3,4,3.77,0,0,TRUE
Male,Loyal Customer,38,Personal Travel,Business,436,4,4,4,2,4,5,4,4,4,4,4,4,5,4,46,47,FALSE
Female,Loyal Customer,57,Business Travel,Business,2288,3,3,3,3,4,5,5,5,5,3,5,5,5,4.15,156,133,TRUE
Female,Disloyal Customer,25,Business Travel,Eco,594,3,1,3,3,3,3,3,3,2,1,4,4,3,2.77,8,16,FALSE
Male,Loyal Customer,57,Business Travel,Business,1659,2,3,3,3,1,3,3,2,2,2,2,3,3,2.46,12,12,FALSE
Female,Loyal Customer,29,Business Travel,Eco Plus,251,1,5,5,5,1,2,1,1,2,5,4,1,1,2.62,0,0,FALSE
Female,Loyal Customer,45,Business Travel,Business,1624,3,3,3,3,3,4,5,4,4,4,4,3,4,3.62,25,13,TRUE
Female,Loyal Customer,9,Personal Travel,Eco,346,3,4,3,4,5,3,5,5,3,3,4,3,5,3.85,0,1,FALSE
Female,Disloyal Customer,55,Business Travel,Eco,109,1,0,1,2,5,1,5,5,3,3,1,2,5,2.62,0,0,FALSE
Female,Loyal Customer,41,Business Travel,Business,2574,5,5,5,5,5,5,4,4,4,4,4,5,5,4.62,0,0,TRUE
Female,Loyal Customer,32,Business Travel,Business,1242,3,2,5,2,3,3,3,3,2,3,4,4,3,3.08,4,0,FALSE
Female,Loyal Customer,39,Business Travel,Business,2165,2,2,2,2,4,4,5,3,3,3,3,4,3,3.08,3,0,TRUE
Male,Loyal Customer,54,Personal Travel,Eco,589,3,5,2,2,5,2,1,5,5,2,5,4,5,3.54,0,0,FALSE
Male,Loyal Customer,53,Business Travel,Eco Plus,840,4,1,3,1,4,4,4,4,4,3,1,5,4,3.23,0,0,TRUE
Male,Disloyal Customer,22,Business Travel,Eco,333,3,2,3,4,3,3,3,3,1,3,3,2,3,2.77,0,0,FALSE
Male,Loyal Customer,34,Business Travel,Business,2686,1,1,1,1,2,1,3,5,5,5,5,4,4,2.92,0,0,TRUE
Female,Loyal Customer,55,Business Travel,Business,2409,2,2,2,2,3,4,5,4,4,4,4,5,5,3.54,2,0,TRUE
Female,Loyal Customer,43,Business Travel,Business,1853,2,2,2,2,3,1,2,5,5,5,5,5,5,3.38,5,14,TRUE
Male,Loyal Customer,32,Business Travel,Eco,1546,4,5,5,5,4,4,4,4,4,5,4,3,4,4.23,0,0,FALSE
Male,Loyal Customer,43,Business Travel,Business,1438,2,5,5,5,2,4,4,2,2,2,2,4,3,3.23,0,0,FALSE
Female,Loyal Customer,55,Business Travel,Business,1061,1,1,1,1,5,4,4,5,5,5,5,3,4,3.38,0,1,TRUE
Male,Loyal Customer,21,Business Travel,Business,602,2,2,4,2,5,5,5,5,4,3,4,3,5,3.77,0,0,TRUE
Male,Loyal Customer,48,Business Travel,Eco,224,2,2,2,2,2,2,2,2,4,4,4,4,2,2.62,0,15,FALSE
Male,Loyal Customer,45,Business Travel,Business,163,3,4,4,4,2,3,3,3,3,3,3,4,4,3.31,0,0,FALSE
Male,Loyal Customer,27,Business Travel,Business,445,2,3,4,4,2,2,2,2,4,5,4,3,2,3,0,0,FALSE
Male,Loyal Customer,51,Business Travel,Eco,447,5,2,2,2,5,5,5,5,2,4,5,4,5,3.92,2,0,TRUE
Male,Loyal Customer,45,Business Travel,Business,2822,3,3,3,3,5,5,5,5,5,5,5,4,5,4.31,0,0,TRUE
Male,Loyal Customer,64,Business Travel,Eco Plus,333,2,2,2,2,2,2,2,2,3,2,4,1,2,2.15,0,29,FALSE
Female,Loyal Customer,26,Business Travel,Eco,1050,0,4,0,4,5,4,5,5,3,4,5,5,5,3.77,0,0,TRUE
Male,Loyal Customer,56,Business Travel,Business,2533,0,0,0,3,2,4,4,2,2,2,2,3,3,2.08,9,7,TRUE
Male,Loyal Customer,35,Personal Travel,Eco,577,3,5,3,3,3,3,3,3,5,5,4,3,3,3.54,0,0,FALSE
Female,Disloyal Customer,41,Business Travel,Business,2454,1,1,1,2,5,1,5,5,4,5,3,5,5,3.31,0,0,FALSE
Male,Loyal Customer,47,Business Travel,Eco,432,4,5,2,5,4,4,4,4,3,4,2,5,4,3.85,0,0,TRUE
Female,Loyal Customer,36,Business Travel,Eco,391,5,4,4,4,5,5,5,5,4,2,2,2,5,4,14,11,TRUE
Male,Loyal Customer,46,Business Travel,Business,2141,2,4,4,4,3,3,4,2,2,3,2,4,2,3,11,51,FALSE
Female,Disloyal Customer,28,Business Travel,Business,852,4,4,4,4,4,4,4,4,3,2,4,3,4,3.69,0,5,TRUE
Female,Loyal Customer,56,Business Travel,Business,247,3,5,5,5,4,4,4,3,3,4,3,3,2,3.69,9,5,FALSE
Male,Loyal Customer,29,Business Travel,Business,3191,3,3,3,3,4,4,4,4,2,5,5,4,4,3.69,0,0,TRUE
Female,Loyal Customer,39,Business Travel,Business,1194,1,1,1,1,3,5,4,5,5,5,5,5,4,3.46,1,0,TRUE
Male,Loyal Customer,29,Personal Travel,Eco,1325,1,4,1,1,1,1,2,1,5,4,4,4,1,2.31,29,35,FALSE
Male,Loyal Customer,23,Business Travel,Eco,1249,0,5,0,3,1,0,1,1,5,3,5,4,1,2.23,36,27,TRUE
Male,Loyal Customer,47,Business Travel,Business,522,1,4,4,4,3,4,4,1,1,1,1,3,4,2.69,46,36,FALSE
Female,Loyal Customer,33,Personal Travel,Eco,236,2,1,2,3,1,2,1,1,1,2,3,3,1,1.77,0,0,FALSE
Female,Disloyal Customer,16,Business Travel,Eco,1077,1,1,1,4,1,1,2,1,1,5,4,4,1,2.08,6,0,FALSE
Female,Loyal Customer,44,Personal Travel,Eco,351,1,4,1,2,3,4,5,5,5,1,5,4,5,3.46,91,82,FALSE
Female,Loyal Customer,24,Business Travel,Business,3644,3,5,5,5,3,2,3,3,2,4,3,1,3,3.23,0,0,FALSE
Female,Loyal Customer,40,Business Travel,Business,1276,4,4,4,4,4,4,5,5,5,5,5,5,4,4.46,0,24,TRUE
Male,Loyal Customer,20,Personal Travel,Eco,562,1,4,1,4,2,1,5,2,3,3,3,1,2,2.46,0,0,FALSE
Female,Loyal Customer,19,Personal Travel,Eco,495,1,4,1,1,3,1,3,3,3,5,4,3,3,2.69,7,17,FALSE
Male,Loyal Customer,57,Business Travel,Business,1635,1,1,2,1,5,4,5,4,4,4,4,3,4,3.23,0,0,TRUE
Male,Loyal Customer,58,Business Travel,Eco,438,4,4,4,4,4,4,4,4,2,1,5,4,4,3.69,0,0,TRUE
Female,Loyal Customer,20,Business Travel,Business,2370,2,2,2,2,3,3,3,3,5,4,5,3,3,3.08,60,,TRUE
Male,Loyal Customer,20,Personal Travel,Eco,300,4,4,4,3,1,4,1,1,3,4,4,5,1,3,0,0,TRUE
Male,Disloyal Customer,17,Business Travel,Eco,950,4,4,4,1,4,4,5,4,1,1,1,4,4,3.15,0,0,TRUE
Female,Loyal Customer,31,Business Travel,Business,3347,4,4,4,4,5,5,5,5,4,4,3,5,5,4.38,21,5,TRUE
Male,Loyal Customer,48,Business Travel,Business,3724,2,5,5,5,1,4,4,2,2,2,2,1,2,2.85,69,76,FALSE
Female,Loyal Customer,31,Business Travel,Eco,481,3,1,5,5,3,3,3,3,4,4,2,1,3,3.08,75,64,FALSE
Male,Loyal Customer,44,Business Travel,Business,248,1,1,1,1,2,4,5,3,3,4,3,5,4,2.85,1,0,TRUE
Male,Loyal Customer,62,Personal Travel,Eco,701,3,5,3,3,1,3,1,1,2,5,2,5,1,2.69,23,23,FALSE
Female,Loyal Customer,57,Personal Travel,Eco,1062,2,4,2,2,3,5,4,5,5,2,5,4,3,3.54,30,30,FALSE
Female,Loyal Customer,48,Business Travel,Business,173,0,5,0,4,3,5,4,5,5,5,5,5,4,3.85,0,0,TRUE
Male,Loyal Customer,55,Business Travel,Business,228,4,4,4,4,4,5,5,5,5,5,5,4,3,4.38,0,0,TRUE
Male,Loyal Customer,36,Business Travel,Eco,243,4,2,2,2,4,4,4,4,3,1,2,3,4,3,0,0,TRUE
Male,Disloyal Customer,32,Business Travel,Business,399,1,1,1,4,5,1,5,5,5,4,5,4,5,3.54,3,0,FALSE
Female,Loyal Customer,31,Business Travel,Business,2522,1,0,0,4,0,2,2,1,4,3,3,2,2,1.85,219,189,FALSE
Female,Loyal Customer,38,Personal Travel,Eco,618,4,5,4,3,1,4,5,1,4,3,5,3,1,3.31,0,0,FALSE
Female,Loyal Customer,48,Personal Travel,Eco,993,5,5,5,2,5,5,4,1,1,5,1,3,5,3.62,0,0,TRUE
Female,Loyal Customer,58,Business Travel,Business,1849,3,3,4,3,2,4,5,4,4,4,4,4,5,3.77,0,0,TRUE
Male,Disloyal Customer,28,Business Travel,Eco,1605,3,3,3,4,5,3,5,5,2,1,2,4,5,3.46,38,25,FALSE
Male,Loyal Customer,49,Personal Travel,Eco,301,3,4,3,4,5,3,4,5,5,4,5,3,5,4.08,1,1,FALSE
Male,Loyal Customer,39,Business Travel,Business,3267,1,1,1,1,5,5,4,5,5,5,5,5,4,3.62,0,,TRUE
Female,Loyal Customer,55,Business Travel,Business,3389,3,3,3,3,4,5,4,5,5,5,5,5,5,4.23,7,0,TRUE
Male,Loyal Customer,68,Business Travel,Eco,431,1,2,2,2,1,1,1,1,4,5,3,4,1,2.15,2,0,FALSE
Male,Loyal Customer,64,Personal Travel,Business,1751,1,3,2,3,1,3,4,1,1,2,1,4,2,2.15,0,0,FALSE
Male,Loyal Customer,55,Personal Travel,Eco,466,1,4,1,2,1,4,4,3,3,4,4,4,4,3,136,,FALSE
Male,Loyal Customer,46,Business Travel,Business,862,1,5,1,1,5,5,5,5,5,5,5,4,3,3.85,53,50,TRUE
Female,Loyal Customer,62,Personal Travel,Eco,850,5,3,5,4,2,5,2,5,5,3,5,4,3,3.92,0,0,TRUE
Female,Disloyal Customer,22,Business Travel,Business,140,5,0,5,1,5,5,4,5,4,2,5,4,5,3.85,0,5,TRUE
Male,Loyal Customer,40,Business Travel,Business,644,5,5,5,5,4,4,4,4,4,5,4,5,4,4.46,0,0,TRUE
Female,Loyal Customer,56,Personal Travel,Eco,480,2,3,2,3,5,3,4,3,3,2,4,1,2,2.85,10,0,FALSE
Male,Loyal Customer,31,Business Travel,Business,628,1,1,5,1,5,5,5,5,4,5,5,4,5,3.92,1,0,TRUE
Male,Loyal Customer,27,Business Travel,Business,1563,3,3,3,3,4,4,4,4,1,1,1,5,4,3.08,0,0,TRUE
Male,Loyal Customer,56,Personal Travel,Eco,1590,3,5,3,2,1,3,1,1,3,3,4,5,1,2.69,6,0,FALSE
Male,Loyal Customer,40,Business Travel,Eco,859,5,1,1,1,5,5,5,5,2,3,5,1,5,3.38,0,0,TRUE
Male,Loyal Customer,43,Business Travel,Business,3784,2,2,4,2,4,4,4,3,4,3,4,4,4,3.38,0,0,TRUE
Female,Loyal Customer,46,Business Travel,Business,748,1,1,1,1,4,4,5,5,5,5,5,3,5,3.46,0,0,TRUE
Male,Loyal Customer,54,Business Travel,Eco,476,4,1,1,1,3,4,3,3,1,4,3,2,3,2.54,117,118,TRUE
Female,Loyal Customer,56,Business Travel,Business,3078,3,2,3,3,5,4,5,5,5,5,5,4,4,4.08,13,0,TRUE
Male,Loyal Customer,14,Personal Travel,Eco,719,4,4,4,3,4,4,4,4,4,3,5,3,4,3.85,21,23,FALSE
Female,Loyal Customer,43,Personal Travel,Eco Plus,1262,2,4,2,2,2,4,4,4,4,2,4,3,3,3.08,0,0,FALSE
Male,Loyal Customer,14,Personal Travel,Eco Plus,757,4,4,4,3,4,4,3,4,4,5,4,4,4,3.92,3,0,FALSE
Female,Loyal Customer,51,Business Travel,Eco,586,2,4,4,4,1,4,4,2,2,2,2,2,2,2.69,7,43,FALSE
Male,Loyal Customer,55,Personal Travel,Eco,2342,3,2,3,3,2,3,2,2,2,4,2,3,2,2.54,0,110,FALSE
Male,Disloyal Customer,34,Business Travel,Eco,406,2,1,2,2,3,2,3,3,3,5,3,2,3,2.62,3,8,FALSE
Female,Loyal Customer,47,Business Travel,Business,2758,4,5,5,5,5,3,2,4,4,4,4,4,3,4,0,7,FALSE
Female,Loyal Customer,59,Personal Travel,Eco,1073,4,4,4,3,4,4,4,3,3,4,3,3,4,3.62,21,8,FALSE
Female,Loyal Customer,22,Business Travel,Eco Plus,950,3,4,4,4,3,4,4,3,3,2,5,1,3,3.31,42,45,TRUE
Female,Disloyal Customer,30,Business Travel,Eco,2586,2,2,2,3,2,1,1,2,2,4,3,1,1,2,0,6,FALSE
Female,Loyal Customer,22,Business Travel,Eco,896,4,4,4,4,4,4,3,4,2,5,3,4,4,3.77,0,0,FALSE
Female,Loyal Customer,57,Business Travel,Business,631,4,4,4,4,5,4,5,4,4,4,4,3,3,4,0,6,TRUE
Male,Loyal Customer,53,Business Travel,Eco,100,2,4,3,4,2,2,2,2,1,2,3,2,2,2.38,89,88,FALSE
Male,Loyal Customer,47,Business Travel,Business,972,2,2,2,2,3,5,5,5,5,5,5,4,4,3.77,1,0,TRUE
Female,Loyal Customer,45,Business Travel,Business,1371,3,3,3,3,5,4,4,4,4,4,4,4,3,3.69,0,0,TRUE
Female,Loyal Customer,29,Business Travel,Business,2425,2,2,2,2,2,2,2,3,4,4,5,2,2,2.62,25,25,TRUE
Female,Loyal Customer,46,Business Travel,Business,967,1,1,1,1,5,4,4,4,4,4,4,5,5,3.31,0,0,TRUE
Female,Loyal Customer,28,Business Travel,Eco,700,4,1,5,5,4,4,4,4,4,4,5,1,4,3.77,0,0,TRUE
Male,Loyal Customer,53,Personal Travel,Eco,1009,2,3,2,1,1,2,1,1,4,2,3,2,1,1.92,29,13,FALSE
Female,Loyal Customer,13,Personal Travel,Eco,188,3,4,3,4,1,3,1,1,4,5,5,5,1,3.08,0,0,FALSE
Male,Loyal Customer,43,Personal Travel,Eco,368,3,5,3,3,5,3,5,5,5,5,4,2,5,4.08,0,0,FALSE
Female,Loyal Customer,61,Personal Travel,Eco,1379,4,4,4,2,5,4,4,3,3,4,3,4,3,3.62,71,58,FALSE
Male,Loyal Customer,42,Business Travel,Business,2965,1,1,1,1,3,5,5,5,5,5,5,4,5,3.54,2,0,TRUE
Female,Loyal Customer,29,Personal Travel,Eco,222,1,2,1,3,1,1,1,1,2,3,3,3,1,1.77,0,0,FALSE
Male,Loyal Customer,11,Business Travel,Business,719,4,1,1,1,4,4,4,4,4,3,4,4,4,3.23,38,,FALSE
Female,Loyal Customer,63,Business Travel,Business,370,5,5,5,5,1,4,2,5,5,5,5,3,3,4.08,2,0,TRUE
Female,Disloyal Customer,27,Business Travel,Business,359,3,3,3,1,1,3,1,1,3,2,4,3,1,2.23,0,0,FALSE
Female,Loyal Customer,53,Business Travel,Business,2583,3,3,3,3,2,2,2,4,4,4,5,2,2,3,91,108,TRUE
Female,Loyal Customer,56,Business Travel,Business,2778,4,4,4,4,2,5,4,4,4,4,4,5,3,3.92,25,30,TRUE
Female,Loyal Customer,19,Personal Travel,Eco Plus,342,4,3,4,3,2,4,2,2,3,1,3,2,2,2.69,0,0,TRUE
Male,Disloyal Customer,35,Business Travel,Eco,697,2,2,2,3,3,2,3,3,3,3,1,5,3,2.69,76,82,FALSE
Female,Loyal Customer,59,Personal Travel,Eco,1670,2,4,2,3,4,3,4,3,3,2,4,2,3,3,4,0,FALSE
Male,Loyal Customer,59,Business Travel,Eco,1851,1,5,5,5,1,1,1,1,1,3,1,3,1,2.23,0,5,FALSE
Male,Loyal Customer,30,Business Travel,Business,731,3,3,3,3,5,5,5,5,3,4,5,3,5,4,0,0,TRUE
Male,Disloyal Customer,24,Business Travel,Eco,228,2,2,2,3,2,2,2,2,3,4,3,4,2,2.54,116,118,FALSE
Male,Loyal Customer,41,Business Travel,Business,1119,3,3,3,3,3,4,5,4,4,5,4,3,4,3.69,34,26,TRUE
Male,Loyal Customer,59,Business Travel,Eco,669,4,1,1,1,3,4,3,3,2,2,4,1,3,2.46,0,16,FALSE
Female,Loyal Customer,54,Personal Travel,Eco,980,2,4,2,1,2,4,5,3,3,2,1,4,4,2.85,0,0,FALSE
Female,Loyal Customer,46,Business Travel,Eco,279,4,1,1,1,3,4,3,4,4,4,4,1,1,2.69,27,10,FALSE
Female,Loyal Customer,61,Personal Travel,Eco,145,3,5,3,4,3,2,3,2,2,3,2,4,5,3.15,0,0,FALSE
Female,Loyal Customer,51,Personal Travel,Eco,2355,1,4,1,4,5,4,4,4,4,1,4,1,2,3,13,0,FALSE
Female,Loyal Customer,66,Personal Travel,Eco,1158,2,5,2,3,2,3,5,3,3,2,3,4,5,3.23,23,11,FALSE
Male,Disloyal Customer,23,Business Travel,Eco,708,2,2,2,3,5,2,5,5,1,3,3,4,5,3.23,67,60,FALSE
Male,Loyal Customer,29,Business Travel,Eco,2586,4,2,5,2,4,4,4,4,4,5,2,4,4,3.69,0,0,TRUE
Male,Loyal Customer,33,Business Travel,Business,471,1,3,1,1,4,4,4,4,3,3,4,5,4,3.15,0,0,TRUE
Male,Loyal Customer,25,Personal Travel,Eco,229,2,2,0,3,4,0,4,4,2,3,3,3,4,2.62,0,0,FALSE
Male,Loyal Customer,53,Personal Travel,Eco,575,4,5,4,3,3,4,3,3,5,4,4,3,3,3.69,0,3,FALSE
Female,Loyal Customer,26,Personal Travel,Eco,416,3,5,1,3,1,1,5,1,3,1,3,2,1,2.31,0,6,FALSE
Female,Loyal Customer,58,Business Travel,Business,1987,1,1,1,1,4,4,5,5,5,4,5,4,3,3.31,1,0,TRUE
Female,Loyal Customer,48,Business Travel,Business,3893,4,4,1,4,4,4,4,4,4,4,5,4,4,3.85,122,139,TRUE
Male,Loyal Customer,47,Personal Travel,Eco,1121,1,5,1,1,1,4,5,4,3,4,5,5,5,3.38,141,123,FALSE
Male,Loyal Customer,28,Business Travel,Eco,956,4,4,4,4,4,4,4,4,1,5,3,4,4,3.77,0,0,FALSE
Female,Disloyal Customer,29,Business Travel,Eco,159,4,2,4,4,5,4,5,5,1,5,3,3,5,3.85,67,83,FALSE
Female,Loyal Customer,64,Business Travel,Business,2724,3,3,4,3,4,5,4,5,5,5,5,5,4,4.23,20,17,TRUE
Male,Loyal Customer,46,Personal Travel,Eco,957,3,5,3,3,4,3,4,4,5,2,5,5,4,3.85,2,8,FALSE
Female,Loyal Customer,47,Personal Travel,Eco,1085,1,4,1,3,2,5,4,3,3,1,4,3,4,2.92,0,,FALSE
Male,Loyal Customer,41,Personal Travel,Eco,817,1,1,1,1,5,1,5,5,2,1,2,3,5,2.54,0,0,FALSE
Male,Loyal Customer,28,Business Travel,Business,1062,3,5,5,5,3,3,3,3,1,3,3,3,3,3.31,23,7,FALSE
Female,Loyal Customer,61,Personal Travel,Eco,689,1,4,0,2,2,5,4,4,4,0,4,1,3,2.62,32,41,FALSE
Male,Loyal Customer,60,Personal Travel,Eco,1172,3,5,3,4,3,3,3,3,5,3,4,3,3,3.46,12,6,FALSE
Female,Loyal Customer,45,Business Travel,Business,624,5,5,5,5,4,4,5,3,3,3,3,5,3,4.08,75,75,TRUE
Male,Loyal Customer,39,Business Travel,Business,342,5,5,4,5,3,4,5,4,4,4,4,5,3,4.23,0,0,TRUE
Male,Loyal Customer,65,Personal Travel,Eco,328,2,5,4,3,3,4,1,3,3,4,3,5,3,3.31,0,9,FALSE
Female,Loyal Customer,40,Business Travel,Business,3718,4,3,3,3,5,4,3,4,4,4,4,4,4,3.77,4,10,FALSE
Female,Loyal Customer,29,Personal Travel,Eco,1075,3,3,3,4,1,3,1,1,5,4,3,5,1,2.85,6,0,FALSE
Female,Loyal Customer,40,Business Travel,Business,2704,3,3,2,3,5,5,5,3,2,5,4,5,5,3.85,7,0,TRUE
Female,Loyal Customer,13,Personal Travel,Business,895,2,2,2,4,1,2,1,1,3,1,3,2,1,1.92,0,0,FALSE
Female,Loyal Customer,43,Personal Travel,Eco,293,1,3,1,3,2,4,4,1,1,1,1,1,1,1.85,0,0,FALSE
Male,Loyal Customer,76,Business Travel,Eco,84,4,5,5,5,4,4,4,4,2,5,4,1,4,3.92,0,0,TRUE
Female,Loyal Customer,38,Personal Travel,Eco,145,3,4,3,4,4,3,4,4,3,3,4,3,4,3.54,0,0,FALSE
Male,Loyal Customer,60,Business Travel,Business,346,0,0,0,4,2,1,5,2,2,2,1,1,1,1.62,0,0,TRUE
Male,Loyal Customer,58,Business Travel,Business,2585,5,5,5,5,3,4,4,4,4,4,4,4,5,4.31,0,0,TRUE
Male,Disloyal Customer,39,Business Travel,Business,368,2,2,2,1,3,2,3,3,3,5,4,5,3,2.92,0,0,FALSE
Female,Loyal Customer,48,Personal Travel,Business,1246,1,5,1,1,4,3,5,1,1,1,1,5,4,2.54,15,19,FALSE
Female,Loyal Customer,16,Personal Travel,Eco,1671,2,2,1,3,4,1,4,4,3,3,4,2,4,2.85,0,0,FALSE
Male,Loyal Customer,47,Business Travel,Business,1771,1,1,1,1,5,4,5,4,4,5,4,4,5,3.38,0,17,TRUE
Female,Loyal Customer,14,Personal Travel,Eco,794,3,5,3,3,3,3,3,3,4,3,4,5,3,3.46,0,0,FALSE
Female,Loyal Customer,37,Business Travel,Eco Plus,237,4,4,4,4,4,4,4,4,1,5,1,4,4,3.62,4,0,TRUE
Female,Loyal Customer,42,Personal Travel,Eco,569,3,4,3,4,4,4,3,3,3,3,2,4,1,3.15,9,0,FALSE
Female,Loyal Customer,33,Personal Travel,Eco,328,2,2,5,4,3,5,3,3,1,1,4,4,3,3.08,0,10,FALSE
Female,Disloyal Customer,38,Business Travel,Business,449,4,4,4,4,3,4,3,3,4,2,5,5,3,3.69,0,0,FALSE
Male,Loyal Customer,18,Personal Travel,Eco,175,3,4,0,3,5,0,2,5,3,3,4,2,5,3,0,0,FALSE
Female,Loyal Customer,47,Business Travel,Business,1276,1,4,3,4,1,4,4,1,1,2,1,2,4,2.46,0,0,FALSE
Female,Loyal Customer,51,Personal Travel,Eco,944,0,3,0,4,1,3,2,3,3,0,3,2,2,2,0,0,TRUE
Female,Loyal Customer,25,Business Travel,Business,2857,5,5,4,5,5,5,5,5,1,4,4,5,5,4.46,36,61,TRUE
Male,Disloyal Customer,32,Business Travel,Business,283,2,2,2,3,2,2,1,2,4,2,3,4,2,2.38,0,0,FALSE
Male,Loyal Customer,33,Business Travel,Business,285,1,1,1,1,5,5,5,5,4,2,4,5,5,3.38,1,0,TRUE
Male,Loyal Customer,39,Business Travel,Business,2565,2,1,2,2,5,4,4,4,4,4,4,5,3,3.38,0,0,TRUE
Female,Loyal Customer,50,Business Travel,Business,500,2,2,2,2,5,5,5,4,4,4,4,3,5,3.62,0,0,TRUE
Female,Loyal Customer,41,Business Travel,Business,3580,1,1,1,1,5,5,5,5,5,5,5,3,4,3.54,6,0,TRUE
Male,Loyal Customer,27,Business Travel,Business,1430,2,2,4,2,4,4,4,4,4,2,4,5,4,3.46,0,4,TRUE
Female,Disloyal Customer,22,Business Travel,Eco,1102,4,4,4,4,3,4,3,3,4,2,1,2,3,3.15,0,0,TRUE
Female,Loyal Customer,69,Personal Travel,Eco,406,4,5,4,4,2,4,5,2,2,4,2,5,3,3.54,0,0,FALSE
Female,Loyal Customer,45,Business Travel,Eco,872,2,5,5,5,5,3,4,2,2,2,2,1,2,3.08,0,0,FALSE
Female,Loyal Customer,44,Business Travel,Eco,989,4,2,2,2,1,4,5,3,3,4,3,5,1,3,0,0,TRUE
Male,Loyal Customer,70,Personal Travel,Eco,912,2,5,2,5,5,2,4,5,3,5,4,4,5,3.92,0,0,FALSE
Female,Disloyal Customer,46,Business Travel,Business,1124,3,3,3,4,4,3,4,4,5,5,5,5,4,4,0,54,FALSE
Male,Loyal Customer,57,Business Travel,Business,427,5,5,5,5,4,5,4,4,4,4,4,5,4,4.46,0,0,TRUE
Male,Loyal Customer,35,Personal Travel,Eco,2288,1,1,0,4,2,0,2,2,2,3,3,4,2,2,0,0,FALSE
Female,Loyal Customer,39,Personal Travel,Eco,253,2,3,2,1,1,2,1,1,2,4,4,1,1,1.92,0,34,FALSE
Female,Loyal Customer,57,Business Travel,Business,157,2,2,2,2,2,4,4,1,1,1,2,2,3,2.15,0,0,FALSE
Male,Loyal Customer,37,Business Travel,Business,140,3,4,4,4,3,3,4,1,1,1,3,3,4,2.92,95,89,FALSE
Male,Loyal Customer,9,Personal Travel,Eco,671,1,5,1,1,3,1,3,3,2,2,3,1,3,2.23,19,17,FALSE
Female,Loyal Customer,53,Personal Travel,Eco,1674,4,1,4,1,5,2,1,1,1,4,1,1,3,2.23,9,8,FALSE
Female,Loyal Customer,46,Personal Travel,Eco,449,5,5,5,2,2,4,5,2,2,5,2,5,3,3.62,0,0,TRUE
Female,Loyal Customer,60,Business Travel,Business,2096,5,5,5,5,5,4,4,4,4,4,4,5,4,4.46,0,0,TRUE
Female,Loyal Customer,43,Business Travel,Business,1597,4,4,4,4,2,3,5,4,4,4,4,3,4,3.77,29,9,TRUE
Female,Disloyal Customer,23,Business Travel,Business,1005,4,5,4,3,3,4,3,3,5,2,5,5,3,3.77,0,0,TRUE
Female,Disloyal Customer,46,Business Travel,Business,1011,5,5,5,3,4,5,4,4,4,5,5,4,4,4.38,14,19,TRUE
Male,Loyal Customer,44,Business Travel,Eco,227,5,3,3,3,5,5,5,5,3,1,1,5,5,3.77,0,0,TRUE
Female,Disloyal Customer,39,Business Travel,Business,328,2,2,2,3,2,2,2,2,3,3,4,3,2,2.46,16,21,FALSE
Female,Loyal Customer,43,Business Travel,Eco Plus,356,2,2,2,2,2,4,4,2,2,2,2,3,2,2.38,6,0,FALSE
Female,Disloyal Customer,25,Business Travel,Eco,491,2,0,1,4,4,1,4,4,5,1,3,5,4,2.92,4,17,FALSE
Male,Loyal Customer,15,Business Travel,Business,361,1,1,1,1,1,1,1,1,3,3,4,3,1,1.69,0,0,FALSE
Male,Loyal Customer,43,Business Travel,Business,1721,2,2,5,2,2,4,5,4,4,4,4,4,5,3.62,0,0,TRUE
Female,Loyal Customer,61,Personal Travel,Business,867,4,3,4,3,2,4,4,4,4,4,5,3,3,3.62,0,5,TRUE
Male,Loyal Customer,50,Business Travel,Business,2000,3,3,3,3,4,5,4,4,4,4,4,3,3,3.62,0,0,TRUE
Female,Loyal Customer,50,Business Travel,Business,1856,5,2,5,5,4,5,4,4,4,4,5,4,4,4.23,0,17,TRUE
Male,Loyal Customer,60,Personal Travel,Eco,295,2,3,2,2,3,2,3,3,4,1,2,3,3,2.54,11,15,FALSE
Female,Loyal Customer,39,Business Travel,Business,333,5,5,5,5,2,5,5,5,5,5,5,4,5,4.69,0,9,TRUE
Male,Loyal Customer,16,Business Travel,Business,3939,3,4,4,4,5,4,3,5,4,1,3,3,5,3.69,0,0,FALSE
Male,Loyal Customer,60,Business Travel,Business,2586,2,1,1,1,2,2,2,1,2,2,3,2,2,1.77,0,0,FALSE
Male,Loyal Customer,65,Personal Travel,Eco,545,1,3,1,2,4,1,4,4,4,1,2,3,4,2.62,0,0,FALSE
Male,Loyal Customer,24,Business Travel,Eco,534,3,4,4,4,3,3,1,3,2,1,3,4,3,2.92,0,0,FALSE
Male,Loyal Customer,24,Personal Travel,Eco,191,4,4,4,1,2,4,2,2,4,4,5,5,2,3.31,0,0,FALSE
Female,Loyal Customer,22,Personal Travel,Eco,447,3,5,3,3,3,3,3,3,5,4,4,3,3,3.46,0,0,FALSE
Male,Loyal Customer,49,Business Travel,Eco Plus,585,4,4,4,4,4,4,4,4,2,5,2,4,4,3.77,0,0,TRUE
Female,Loyal Customer,16,Personal Travel,Eco,2496,4,5,4,2,4,5,5,3,4,5,5,5,5,4.31,1,1,FALSE
Female,Loyal Customer,40,Business Travel,Eco,212,2,4,4,4,2,2,2,2,3,5,5,1,2,2.92,0,6,TRUE
Female,Loyal Customer,53,Business Travel,Business,1530,1,1,1,1,4,5,5,4,4,4,4,4,5,3.31,16,0,TRUE
Male,Loyal Customer,48,Business Travel,Business,2704,5,5,5,5,5,5,4,5,5,5,5,3,3,4.62,0,0,TRUE
Female,Loyal Customer,35,Business Travel,Business,3809,4,4,2,4,3,5,3,5,5,5,5,2,1,3.69,13,5,TRUE
Female,Disloyal Customer,37,Business Travel,Eco,248,4,3,4,3,2,4,2,2,4,1,3,2,2,2.77,17,18,FALSE
Female,Disloyal Customer,40,Business Travel,Business,1972,1,1,1,4,3,1,3,3,1,5,3,2,3,2.38,2,9,FALSE
Male,Loyal Customer,42,Business Travel,Business,110,1,1,1,1,2,3,2,5,5,5,4,1,2,2.54,0,0,TRUE
Male,Loyal Customer,24,Business Travel,Business,1187,3,1,1,1,3,3,3,3,1,5,4,2,3,2.54,0,0,FALSE
Male,Loyal Customer,45,Business Travel,Business,134,0,3,0,1,1,2,2,4,4,2,2,1,3,1.92,0,0,TRUE
Male,Loyal Customer,68,Personal Travel,Eco,2521,2,2,2,2,2,2,2,2,5,3,2,2,2,2.31,0,0,FALSE
Male,Disloyal Customer,49,Business Travel,Business,190,5,5,5,4,1,5,1,1,5,3,5,5,1,3.54,0,0,TRUE
Female,Loyal Customer,49,Business Travel,Business,2816,1,1,1,1,3,4,4,5,5,5,5,4,4,3.31,7,0,TRUE
Male,Loyal Customer,25,Business Travel,Eco Plus,628,5,2,2,2,5,5,4,5,2,2,1,4,5,3.38,0,2,TRUE
Male,Loyal Customer,67,Personal Travel,Eco Plus,1097,1,4,1,4,5,1,3,5,4,5,5,5,5,3.69,0,1,FALSE
Female,Disloyal Customer,22,Business Travel,Eco,629,5,0,5,5,2,5,2,2,3,1,5,4,2,3.15,0,0,TRUE
Male,Loyal Customer,36,Business Travel,Eco,1016,2,5,5,5,2,1,2,2,4,4,4,3,2,3.15,10,0,FALSE
Male,Loyal Customer,40,Personal Travel,Eco Plus,337,3,5,3,3,1,3,2,1,3,5,4,3,1,2.85,0,0,FALSE
Male,Loyal Customer,59,Business Travel,Business,3762,4,4,4,4,2,5,4,4,4,4,4,3,4,3.85,0,0,TRUE
Male,Loyal Customer,19,Personal Travel,Eco,236,3,5,0,3,4,0,4,4,3,3,4,2,4,3,6,9,FALSE
Male,Loyal Customer,52,Personal Travel,Eco,874,3,1,2,2,2,5,5,4,5,3,2,5,5,3.38,264,288,FALSE
Female,Loyal Customer,25,Business Travel,Business,3787,1,1,1,1,4,4,4,4,4,5,5,5,4,3.31,0,1,TRUE
Female,Loyal Customer,52,Personal Travel,Eco,1721,2,5,2,4,2,4,4,3,3,4,4,4,4,3.46,302,314,FALSE
Male,Loyal Customer,52,Personal Travel,Eco,842,2,5,3,3,4,3,4,4,5,5,4,4,4,3.85,7,0,FALSE
Male,Disloyal Customer,46,Business Travel,Business,1488,2,2,2,5,1,2,3,1,5,3,4,5,1,2.77,2,0,TRUE
Female,Loyal Customer,36,Business Travel,Business,266,0,0,0,3,3,3,3,5,5,5,5,2,4,2.92,0,0,TRUE
Female,Loyal Customer,44,Business Travel,Eco,558,2,4,4,4,2,4,3,2,2,2,2,3,2,2.77,0,0,FALSE
Female,Loyal Customer,37,Personal Travel,Eco,1262,3,5,3,2,1,3,1,1,3,2,3,5,1,2.54,0,23,FALSE
Female,Loyal Customer,33,Business Travel,Business,338,3,3,3,3,2,5,5,4,4,4,4,4,4,3.69,0,0,TRUE
Female,Loyal Customer,12,Personal Travel,Eco,761,2,4,2,4,1,2,1,1,3,3,4,4,1,2.46,0,0,FALSE
Female,Disloyal Customer,26,Business Travel,Eco Plus,697,3,3,3,4,3,3,3,3,5,1,3,5,3,3.23,48,45,FALSE
Male,Loyal Customer,15,Personal Travel,Eco,208,5,3,5,2,1,5,1,1,3,3,2,4,1,2.77,0,0,TRUE
Male,Loyal Customer,52,Business Travel,Business,197,2,2,2,2,1,4,3,2,2,2,2,1,2,2.08,23,14,FALSE
Female,Loyal Customer,58,Business Travel,Eco Plus,496,4,2,4,2,2,2,2,4,4,4,4,3,1,2.92,0,43,TRUE
Female,Loyal Customer,41,Business Travel,Business,3950,3,3,3,3,3,4,5,4,4,4,4,4,4,3.69,4,2,TRUE
Female,Loyal Customer,19,Personal Travel,Eco,862,3,5,4,3,5,4,5,5,4,2,5,4,5,4.15,15,0,FALSE
Female,Disloyal Customer,30,Business Travel,Business,2845,3,3,3,1,3,3,3,3,3,2,4,3,3,2.85,22,1,FALSE
Male,Loyal Customer,36,Business Travel,Business,3616,3,3,3,3,4,4,4,5,5,5,5,4,1,3.77,1,0,TRUE
Male,Loyal Customer,39,Business Travel,Business,2608,3,3,3,3,3,5,4,2,2,2,2,5,5,3.23,0,0,TRUE
Female,Loyal Customer,23,Personal Travel,Eco,363,2,5,2,4,5,2,5,5,3,2,4,5,5,3.77,0,0,FALSE
Female,Disloyal Customer,29,Business Travel,Eco,1290,3,3,3,3,1,3,1,1,1,5,4,2,1,2.38,12,14,FALSE
Male,Loyal Customer,24,Business Travel,Eco,1126,3,1,1,1,3,3,1,3,2,3,4,3,3,2.38,0,0,FALSE
Female,Loyal Customer,37,Business Travel,Business,1524,5,5,5,5,4,5,5,5,5,5,5,4,5,4.85,11,21,TRUE
Male,Loyal Customer,47,Personal Travel,Eco,624,1,5,2,3,4,2,4,4,5,3,4,5,4,3.54,0,0,FALSE
Male,Loyal Customer,51,Business Travel,Business,1945,3,3,3,3,2,4,5,4,4,4,4,3,3,3.46,0,15,TRUE
Female,Loyal Customer,59,Business Travel,Business,215,1,5,5,5,4,3,3,3,3,3,1,3,1,3.08,18,13,FALSE
Female,Loyal Customer,33,Personal Travel,Eco,804,4,4,4,4,3,4,3,3,2,2,3,2,3,3.15,10,0,FALSE
Female,Disloyal Customer,61,Business Travel,Business,271,3,3,3,4,2,3,2,2,4,5,4,1,2,2.92,0,0,FALSE
Male,Loyal Customer,42,Personal Travel,Eco,926,2,2,2,4,1,2,1,1,4,5,3,4,1,2.46,50,54,FALSE
Male,Loyal Customer,70,Personal Travel,Eco,721,1,3,1,3,1,1,1,1,3,3,1,4,1,1.85,0,0,FALSE
Male,Disloyal Customer,26,Business Travel,Eco,251,1,1,1,3,1,1,1,1,1,3,3,2,1,1.54,3,13,FALSE
Male,Loyal Customer,33,Personal Travel,Eco,296,2,5,2,3,5,2,5,5,4,4,4,5,5,3.92,6,0,FALSE
Female,Loyal Customer,53,Personal Travel,Eco,409,3,4,3,2,2,4,4,3,3,3,3,3,5,3.23,0,0,FALSE
Male,Loyal Customer,29,Personal Travel,Eco,315,1,5,1,1,3,1,3,3,4,5,4,5,3,3,39,40,FALSE
Male,Loyal Customer,28,Business Travel,Business,2425,3,3,3,3,5,4,5,5,4,3,5,5,5,4.08,0,0,TRUE
Male,Disloyal Customer,24,Business Travel,Eco,432,4,0,3,4,4,3,3,4,4,1,4,3,4,3.15,4,0,FALSE
Female,Loyal Customer,66,Business Travel,Eco,594,3,1,5,5,4,3,3,3,3,3,3,3,1,3.08,61,50,FALSE
Female,Loyal Customer,38,Business Travel,Business,1249,3,4,5,5,4,3,4,3,3,3,3,2,2,3.38,0,0,FALSE
Male,Disloyal Customer,27,Business Travel,Eco,928,1,1,1,4,4,1,4,4,3,3,4,4,4,2.92,127,116,FALSE
Female,Loyal Customer,62,Personal Travel,Eco Plus,541,2,5,2,1,3,4,4,4,4,2,2,5,4,3.23,0,6,FALSE
Female,Disloyal Customer,22,Business Travel,Eco,761,1,1,1,4,2,1,2,2,4,2,4,2,2,2.15,0,0,FALSE
Male,Loyal Customer,58,Personal Travel,Eco,964,2,4,2,3,4,2,3,4,3,2,4,5,4,3.23,113,112,FALSE
Female,Loyal Customer,49,Personal Travel,Eco,1547,2,5,2,5,4,3,4,5,5,2,5,3,4,3.77,0,23,FALSE
Male,Loyal Customer,31,Business Travel,Eco,283,5,2,2,2,5,5,5,5,3,3,4,3,5,3.77,34,38,TRUE
Male,Loyal Customer,50,Personal Travel,Eco,563,2,4,2,4,2,2,1,2,4,5,5,4,2,3,0,0,FALSE
Male,Loyal Customer,59,Personal Travel,Eco Plus,646,2,3,2,3,4,2,4,4,5,4,2,3,4,3.23,0,0,FALSE
Female,Disloyal Customer,39,Business Travel,Business,177,3,3,3,3,3,3,1,3,5,3,2,4,3,3,0,0,FALSE
Female,Disloyal Customer,24,Business Travel,Eco,1235,4,4,4,4,4,3,3,1,4,3,4,3,3,3.38,167,139,FALSE
Female,Loyal Customer,30,Personal Travel,Eco,2116,1,1,1,4,2,1,3,2,1,3,4,1,2,2,0,0,FALSE
Female,Loyal Customer,45,Business Travel,Eco,1607,3,5,3,5,4,4,4,3,3,3,3,1,2,3.31,0,2,FALSE
Male,Disloyal Customer,23,Business Travel,Eco,449,3,0,3,1,1,3,1,1,3,3,5,5,1,2.31,0,0,FALSE
Male,Loyal Customer,45,Business Travel,Business,3576,4,4,4,4,5,5,4,4,4,4,5,5,4,4.31,0,0,TRUE
Female,Loyal Customer,53,Business Travel,Business,1916,5,5,5,5,5,4,4,4,4,4,4,5,4,4.46,0,0,TRUE
Male,Disloyal Customer,22,Business Travel,Eco,416,5,0,4,2,1,4,1,1,1,2,2,2,1,2,0,0,TRUE
Male,Disloyal Customer,25,Business Travel,Business,1990,5,0,5,4,4,5,5,4,3,4,5,3,4,3.92,13,20,TRUE
Female,Loyal Customer,57,Personal Travel,Business,584,3,4,4,4,4,5,4,4,4,4,4,3,4,3.92,38,17,FALSE
Male,Disloyal Customer,30,Business Travel,Business,1117,4,4,4,3,1,4,1,1,5,2,4,3,1,2.85,0,0,TRUE
Male,Loyal Customer,45,Personal Travel,Eco,809,1,5,1,3,1,1,1,1,2,5,4,3,1,2.23,0,0,FALSE
Male,Loyal Customer,8,Personal Travel,Eco,1874,3,2,3,3,3,3,3,3,3,4,3,2,3,2.92,22,28,FALSE
Female,Disloyal Customer,44,Business Travel,Business,370,5,5,5,5,5,5,5,5,4,5,5,3,5,4.77,14,8,TRUE
Female,Loyal Customer,35,Business Travel,Eco,581,3,4,4,4,3,3,3,3,4,5,4,3,3,3.54,11,8,FALSE
Male,Loyal Customer,52,Business Travel,Business,770,4,4,4,4,5,4,4,5,5,5,5,3,4,4.31,17,19,TRUE
Male,Disloyal Customer,56,Personal Travel,Eco,369,0,2,0,4,3,0,3,3,1,5,3,3,3,2.31,0,0,TRUE
Female,Loyal Customer,30,Business Travel,Business,2813,5,5,5,5,4,4,5,4,3,5,1,2,4,4,0,3,TRUE
Female,Loyal Customer,22,Personal Travel,Eco,528,2,4,2,2,3,2,3,3,2,2,3,4,3,2.69,0,0,FALSE
Male,Loyal Customer,65,Personal Travel,Eco Plus,618,4,4,4,3,5,4,5,5,4,2,5,5,5,4.23,0,0,TRUE
Male,Loyal Customer,31,Business Travel,Business,1947,4,4,3,4,5,5,5,5,4,2,4,3,5,4.08,0,17,TRUE
Female,Loyal Customer,30,Business Travel,Eco Plus,284,3,4,4,4,3,3,3,3,1,5,3,1,3,3.08,0,0,FALSE
Male,Loyal Customer,67,Personal Travel,Eco,2165,3,4,4,3,1,4,1,1,4,1,3,1,1,2.38,0,0,FALSE
Male,Loyal Customer,46,Business Travel,Eco Plus,714,4,4,4,4,4,4,4,4,5,1,2,4,4,3.69,8,,TRUE
Female,Loyal Customer,58,Business Travel,Business,3749,0,0,0,3,4,4,4,3,3,1,2,4,4,2.46,212,217,TRUE
Male,Loyal Customer,19,Personal Travel,Eco,862,1,4,1,3,4,1,4,4,3,2,5,5,4,3.15,26,9,FALSE
Female,Loyal Customer,52,Business Travel,Eco,163,1,0,0,4,1,3,4,1,1,1,1,2,3,1.69,1,6,FALSE
Female,Disloyal Customer,27,Business Travel,Eco,1341,1,1,1,4,1,2,2,5,1,4,5,2,2,2.38,0,3,FALSE
Female,Loyal Customer,46,Business Travel,Business,302,3,3,3,3,4,4,5,5,5,5,5,2,2,3.77,0,4,TRUE
Male,Loyal Customer,30,Business Travel,Business,2360,3,3,3,3,3,5,3,3,3,3,2,4,3,3.15,0,0,TRUE
Female,Loyal Customer,39,Business Travel,Business,2162,2,4,4,4,2,3,4,2,2,2,2,1,3,2.69,78,61,FALSE
Male,Disloyal Customer,22,Business Travel,Eco,842,2,2,2,3,1,2,1,1,5,2,5,3,1,2.31,24,13,FALSE
Male,Loyal Customer,54,Personal Travel,Eco,503,2,4,2,1,5,2,5,5,3,5,5,4,5,3.69,0,0,FALSE
Female,Loyal Customer,46,Business Travel,Business,2713,5,5,5,5,5,5,5,4,4,4,4,5,4,4.62,0,0,TRUE
Female,Loyal Customer,51,Business Travel,Eco,102,5,3,3,3,5,1,2,4,4,5,4,1,3,3.31,0,0,TRUE
Female,Disloyal Customer,33,Business Travel,Eco,547,1,4,1,3,2,1,2,2,1,5,4,4,2,2.46,0,0,FALSE
Male,Disloyal Customer,24,Business Travel,Eco,444,2,5,3,3,5,3,5,5,2,2,3,2,5,3.46,9,0,FALSE
Female,Loyal Customer,53,Business Travel,Business,2486,3,3,3,3,5,5,5,5,5,5,5,4,3,4.15,2,0,TRUE
Female,Loyal Customer,15,Personal Travel,Eco Plus,323,4,3,4,4,4,4,4,4,2,4,3,1,4,3.46,0,0,FALSE
Female,Loyal Customer,54,Business Travel,Business,190,3,3,3,3,2,4,5,4,4,4,4,3,5,3.62,0,0,TRUE
Male,Disloyal Customer,24,Business Travel,Eco,640,2,5,2,1,1,2,1,1,3,3,3,4,1,2.23,8,0,FALSE
Female,Disloyal Customer,26,Business Travel,Business,447,2,2,2,4,2,2,1,2,2,1,3,1,2,2,0,0,FALSE
Male,Loyal Customer,50,Business Travel,Business,1794,1,1,1,1,4,5,2,5,5,5,3,5,2,3.08,12,11,TRUE
Female,Disloyal Customer,38,Business Travel,Eco Plus,595,3,3,3,3,4,3,2,4,3,4,4,2,4,3.23,14,6,FALSE
Male,Disloyal Customer,18,Business Travel,Eco,1431,3,3,3,4,4,3,4,4,1,2,4,4,4,3.31,0,0,FALSE
Male,Loyal Customer,70,Personal Travel,Eco,1235,4,3,4,3,1,4,5,1,2,5,3,1,1,2.85,17,0,FALSE
Female,Loyal Customer,56,Business Travel,Business,1744,2,4,4,4,3,2,4,2,2,2,2,4,3,2.92,0,0,FALSE
Female,Loyal Customer,40,Personal Travel,Eco,1995,2,1,2,3,2,2,2,2,3,3,3,3,2,2.31,13,0,FALSE
Male,Disloyal Customer,43,Business Travel,Eco,101,4,0,4,2,3,4,3,3,1,3,3,2,3,2.69,0,0,FALSE
Male,Loyal Customer,43,Business Travel,Business,1379,2,2,2,2,4,5,5,5,5,5,5,3,5,3.85,31,17,TRUE
Female,Loyal Customer,36,Business Travel,Business,1372,1,1,1,1,2,5,5,2,2,2,2,4,3,2.38,0,0,TRUE
Female,Loyal Customer,37,Business Travel,Business,2855,5,5,5,5,3,5,5,3,3,4,3,4,5,4.23,0,0,TRUE
Male,Loyal Customer,48,Business Travel,Business,2809,1,1,1,1,2,4,3,1,1,2,1,4,4,2,0,0,FALSE
Female,Loyal Customer,62,Personal Travel,Business,588,4,5,4,3,4,4,4,5,5,4,4,5,3,4.15,23,46,FALSE
Male,Loyal Customer,36,Business Travel,Business,2798,4,4,4,4,2,3,3,4,4,4,4,4,3,3.62,2,0,FALSE
Male,Loyal Customer,26,Personal Travel,Eco,851,4,4,4,5,5,4,5,5,4,4,4,5,5,4.46,0,3,FALSE
Female,Loyal Customer,41,Business Travel,Business,429,1,3,3,3,1,3,3,1,1,1,1,1,2,1.85,42,39,FALSE
Male,Disloyal Customer,23,Business Travel,Eco,362,4,0,4,3,1,4,1,1,5,4,4,4,1,2.77,14,10,FALSE
Male,Loyal Customer,61,Business Travel,Eco,4502,2,3,3,3,2,2,2,1,1,3,2,2,2,2.15,0,0,FALSE
Male,Disloyal Customer,9,Business Travel,Eco,1449,2,2,2,3,2,2,2,2,1,2,1,3,2,2,0,0,FALSE
Male,Disloyal Customer,45,Business Travel,Eco,967,4,4,4,4,5,4,5,5,2,2,4,1,5,3.77,0,0,FALSE
Male,Loyal Customer,55,Business Travel,Business,166,1,1,1,1,3,5,5,4,4,4,5,3,5,3.23,0,0,TRUE
Female,Disloyal Customer,23,Business Travel,Eco,337,1,0,1,4,3,1,4,3,4,2,5,5,3,2.77,0,0,FALSE
Female,Loyal Customer,45,Business Travel,Business,641,4,4,5,4,2,4,4,5,5,5,5,4,4,4.23,9,24,TRUE
Female,Disloyal Customer,20,Business Travel,Eco,164,2,4,2,4,4,2,4,4,3,2,4,2,4,3.15,0,0,FALSE
Male,Loyal Customer,46,Business Travel,Eco,421,3,5,5,5,3,3,3,3,4,3,4,2,3,3.54,0,0,FALSE
Male,Loyal Customer,22,Business Travel,Business,3629,5,5,5,5,4,4,4,4,5,4,5,3,4,4.38,0,0,TRUE
Male,Loyal Customer,46,Business Travel,Business,436,1,1,1,1,3,5,4,5,5,5,5,3,5,3.38,0,0,TRUE
Male,Loyal Customer,58,Personal Travel,Eco,1671,3,3,3,1,5,3,5,5,5,2,5,1,5,3.54,0,0,FALSE
Male,Loyal Customer,69,Business Travel,Business,102,1,1,4,1,1,1,3,5,5,5,4,5,1,2.85,7,2,TRUE
Male,Loyal Customer,42,Business Travel,Business,2174,1,1,1,1,3,5,4,4,4,4,4,5,3,3.08,0,11,TRUE
Female,Loyal Customer,43,Business Travel,Business,199,1,4,1,1,5,5,4,4,4,4,5,5,3,3.54,0,0,TRUE
Female,Loyal Customer,26,Business Travel,Business,515,4,4,4,4,5,5,5,5,4,4,5,3,5,4.38,0,0,TRUE
Female,Loyal Customer,56,Business Travel,Business,3859,2,2,2,2,1,3,5,3,3,5,3,5,2,2.92,0,0,TRUE
Female,Loyal Customer,49,Business Travel,Business,3766,5,5,5,5,2,4,4,4,4,4,4,4,3,4.08,0,4,TRUE
Male,Loyal Customer,57,Business Travel,Eco,421,4,5,5,5,4,4,4,4,1,3,5,2,4,3.85,51,42,TRUE
Male,Loyal Customer,8,Personal Travel,Eco,416,1,2,1,4,1,1,1,1,3,1,4,1,1,1.69,8,23,FALSE
Male,Loyal Customer,35,Personal Travel,Eco,1635,3,4,3,4,5,3,5,5,1,4,2,3,5,3.62,40,17,FALSE
Female,Loyal Customer,19,Personal Travel,Business,547,3,2,3,3,5,3,5,5,3,2,3,1,5,3.31,59,53,FALSE
Male,Loyal Customer,48,Business Travel,Business,1129,3,2,3,2,2,2,2,3,3,3,3,4,3,2.69,0,7,FALSE
Male,Disloyal Customer,21,Business Travel,Business,611,4,0,4,3,5,4,5,5,4,3,5,4,5,3.92,32,39,TRUE
Male,Loyal Customer,32,Personal Travel,Eco,237,2,5,2,3,2,2,2,2,4,3,5,3,2,2.85,0,0,FALSE
Male,Loyal Customer,36,Business Travel,Eco,163,5,5,5,5,5,5,5,5,4,1,5,2,5,4.38,0,0,TRUE
Female,Loyal Customer,46,Business Travel,Business,581,3,3,3,3,3,5,5,4,4,4,4,5,3,3.77,0,0,TRUE
Male,Loyal Customer,41,Business Travel,Business,2586,4,4,4,4,2,5,5,5,5,5,5,3,3,4.15,0,0,TRUE
Female,Disloyal Customer,42,Business Travel,Business,1771,4,4,4,3,5,4,5,5,5,4,3,3,5,4.15,19,24,FALSE
Male,Loyal Customer,39,Business Travel,Business,1652,1,1,3,1,2,3,5,4,4,4,4,3,5,3.08,0,0,TRUE
Male,Loyal Customer,52,Business Travel,Business,1590,4,4,4,4,5,4,4,3,3,3,3,5,3,3.77,0,0,TRUE
Female,Loyal Customer,60,Business Travel,Business,1024,3,3,3,3,3,4,4,5,5,5,5,5,5,4.08,0,16,TRUE
Female,Loyal Customer,42,Business Travel,Business,1532,5,4,5,5,3,4,5,4,4,4,4,4,5,4.31,0,0,TRUE
Female,Loyal Customer,57,Personal Travel,Eco,1091,3,3,3,3,4,5,1,4,4,3,4,4,1,3.23,0,15,FALSE
Male,Loyal Customer,8,Personal Travel,Eco,842,2,4,2,3,1,2,1,1,3,3,3,4,1,2.31,0,0,FALSE
Female,Disloyal Customer,39,Business Travel,Business,2065,4,4,4,4,2,4,2,2,4,4,4,2,2,3.23,15,10,FALSE
Male,Loyal Customer,47,Business Travel,Eco Plus,467,4,4,4,4,4,4,4,4,5,3,4,4,4,4,20,8,TRUE
Female,Loyal Customer,43,Business Travel,Business,2082,2,2,2,2,3,4,3,2,2,2,2,1,3,2.31,16,10,FALSE
Female,Loyal Customer,13,Personal Travel,Eco,169,3,4,3,3,4,3,4,4,4,4,4,4,4,3.69,71,60,FALSE
Female,Loyal Customer,38,Business Travel,Business,3844,2,2,2,2,4,3,3,2,2,2,2,1,1,2.15,108,93,FALSE
Female,Loyal Customer,44,Business Travel,Business,366,4,4,4,4,4,5,4,4,4,4,4,5,4,4.15,0,0,TRUE
Male,Disloyal Customer,32,Business Travel,Eco,188,3,3,2,2,2,2,2,2,1,4,3,3,2,2.38,0,0,FALSE
Male,Loyal Customer,47,Personal Travel,Eco,228,2,5,0,3,5,0,5,5,5,2,4,4,5,3.46,66,42,FALSE
Male,Disloyal Customer,27,Business Travel,Eco,689,2,2,2,4,3,2,3,3,1,1,3,1,3,2.31,0,0,FALSE
Female,Loyal Customer,53,Business Travel,Business,1686,1,1,1,1,4,4,5,5,5,5,5,3,3,3.31,6,0,TRUE
Female,Loyal Customer,46,Business Travel,Business,528,2,2,2,2,4,4,4,3,3,5,5,4,4,3.38,181,176,TRUE
Male,Loyal Customer,35,Business Travel,Business,1721,2,5,5,5,2,4,3,2,2,2,2,2,1,2.85,0,0,FALSE
Male,Loyal Customer,32,Personal Travel,Eco,679,3,4,3,3,3,3,3,3,5,4,5,5,3,3.62,0,0,FALSE
Male,Loyal Customer,41,Business Travel,Business,2899,3,3,4,3,2,5,4,4,4,4,4,5,5,3.85,0,0,TRUE
Female,Loyal Customer,11,Personal Travel,Eco,386,2,5,5,3,5,5,5,5,4,5,4,3,5,4.31,58,55,FALSE
Male,Disloyal Customer,22,Business Travel,Eco,368,2,2,1,3,4,1,4,4,3,4,4,2,4,2.92,5,1,FALSE
Male,Loyal Customer,67,Personal Travel,Eco,258,2,4,2,5,3,2,3,3,1,3,3,5,3,3,0,0,FALSE
Female,Loyal Customer,47,Business Travel,Eco,371,2,1,1,1,5,4,4,2,2,2,2,1,2,2.23,13,6,FALSE
Male,Loyal Customer,58,Personal Travel,Eco,2227,2,5,2,1,3,2,3,3,3,3,5,4,3,3,0,0,FALSE
Male,Loyal Customer,38,Business Travel,Eco Plus,788,5,1,1,1,4,5,5,5,1,3,3,5,5,3.38,0,10,TRUE
Male,Loyal Customer,19,Personal Travel,Eco,307,4,4,4,4,3,4,3,3,5,2,5,5,3,3.77,1,0,FALSE
Male,Disloyal Customer,43,Business Travel,Business,356,3,3,3,1,5,3,5,5,3,2,5,4,5,3.62,0,0,FALSE
Female,Disloyal Customer,23,Business Travel,Eco,507,2,5,2,2,2,2,2,2,4,1,2,5,2,2.54,4,0,FALSE
Female,Disloyal Customer,28,Business Travel,Business,247,2,2,2,4,4,2,1,4,5,4,4,3,4,3.15,5,0,FALSE
Female,Loyal Customer,40,Business Travel,Business,425,3,3,3,3,3,4,4,4,4,4,4,3,5,3.62,0,0,TRUE
Female,Disloyal Customer,39,Business Travel,Business,460,4,4,4,2,2,4,2,2,2,1,1,1,2,2.38,0,0,FALSE
Female,Disloyal Customer,17,Business Travel,Business,1383,4,2,4,5,2,4,2,2,4,4,3,4,2,3.23,5,0,TRUE
Male,Loyal Customer,23,Business Travel,Eco Plus,1246,1,3,3,3,1,1,1,1,4,3,2,2,1,2,9,5,FALSE
Male,Disloyal Customer,33,Business Travel,Business,2586,4,4,4,5,4,3,3,5,4,5,5,3,3,4,0,0,FALSE
Male,Loyal Customer,61,Personal Travel,Eco,812,2,1,2,4,5,2,5,5,2,5,3,2,5,3.31,0,0,FALSE
Male,Disloyal Customer,22,Business Travel,Eco,1149,3,4,4,1,1,4,2,1,5,2,4,3,1,2.69,0,0,TRUE
Female,Loyal Customer,17,Personal Travel,Eco,370,1,3,1,3,5,1,1,5,4,2,5,2,5,2.92,0,22,FALSE
Male,Loyal Customer,48,Personal Travel,Eco,1188,3,5,3,3,3,3,3,3,3,2,5,5,3,3.38,0,3,FALSE
Male,Loyal Customer,47,Business Travel,Business,837,4,1,4,4,4,5,5,4,4,4,4,4,4,3.92,0,2,TRUE
Female,Loyal Customer,48,Business Travel,Eco Plus,641,2,5,5,5,4,3,4,2,2,2,2,1,1,2.92,10,6,FALSE
Male,Loyal Customer,52,Personal Travel,Eco,853,2,4,2,1,5,2,5,5,5,5,4,4,5,3.77,13,7,FALSE
Male,Disloyal Customer,23,Business Travel,Eco,507,4,5,4,4,1,4,1,1,5,2,5,5,1,3.23,5,0,TRUE
Female,Loyal Customer,30,Business Travel,Business,2402,4,4,4,4,5,5,5,5,2,4,5,2,5,4.15,8,0,TRUE
Female,Loyal Customer,36,Business Travel,Business,1587,2,2,2,2,3,5,1,5,5,5,5,3,3,3.31,1,0,TRUE
Male,Loyal Customer,22,Business Travel,Eco,864,5,1,1,1,5,4,4,5,4,2,1,1,5,3,0,0,TRUE
Male,Loyal Customer,42,Personal Travel,Eco,936,3,1,4,2,4,4,3,4,2,2,2,1,4,2.77,0,2,FALSE
Male,Disloyal Customer,42,Business Travel,Eco,1747,1,1,1,2,5,1,5,5,4,2,3,3,5,2.92,6,0,FALSE
Female,Loyal Customer,8,Personal Travel,Eco,370,3,2,3,3,2,3,2,2,1,3,3,4,2,2.54,9,7,FALSE
Male,Loyal Customer,31,Business Travel,Business,1521,1,1,1,1,4,4,4,4,3,2,3,4,4,2.77,2,0,TRUE
Female,Loyal Customer,16,Business Travel,Business,946,1,1,1,1,5,5,5,5,5,5,5,5,5,3.77,20,0,TRUE
Male,Disloyal Customer,52,Business Travel,Eco,872,2,2,2,2,3,2,3,3,2,5,1,2,3,2.46,41,25,FALSE
Male,Loyal Customer,54,Business Travel,Business,3292,3,3,1,3,2,4,4,5,5,5,5,4,5,3.77,0,0,TRUE
Female,Loyal Customer,65,Personal Travel,Eco,507,4,3,4,3,1,4,3,4,4,4,4,4,4,3.54,0,0,FALSE
Male,Loyal Customer,35,Business Travel,Eco,305,3,4,4,4,3,3,3,3,1,3,3,2,3,3,5,0,TRUE
Female,Loyal Customer,7,Personal Travel,Eco,697,3,4,3,4,4,3,4,4,4,5,4,4,4,3.85,0,0,FALSE
Male,Loyal Customer,51,Business Travel,Business,2866,1,1,1,1,4,4,5,4,4,4,4,3,4,3.08,0,0,TRUE
Female,Disloyal Customer,24,Business Travel,Eco,516,4,5,5,3,4,5,4,4,1,4,1,2,4,3.54,0,0,TRUE
Female,Loyal Customer,59,Personal Travel,Eco,689,2,5,2,1,3,4,4,2,2,2,4,3,3,2.85,9,9,FALSE
Male,Loyal Customer,35,Business Travel,Business,1501,3,3,2,3,2,4,4,5,5,5,5,3,4,3.69,3,0,TRUE
Male,Loyal Customer,28,Personal Travel,Eco,431,0,4,0,2,2,0,3,2,3,2,4,3,2,2.08,0,0,TRUE
Female,Loyal Customer,53,Business Travel,Business,1602,1,5,5,5,1,4,3,2,2,2,1,4,4,3,0,0,FALSE
Male,Loyal Customer,59,Business Travel,Business,386,4,4,4,4,3,5,5,4,4,4,4,5,4,4.15,82,88,TRUE
Female,Disloyal Customer,52,Business Travel,Eco,967,3,3,3,2,2,3,1,2,5,2,3,3,2,2.62,108,103,FALSE
Male,Loyal Customer,56,Business Travel,Business,1444,2,2,3,2,3,5,5,4,4,4,4,5,5,3.69,6,4,TRUE
Female,Disloyal Customer,22,Business Travel,Eco,305,2,3,2,3,5,2,5,5,1,1,3,2,5,3,0,0,FALSE
Male,Loyal Customer,27,Business Travel,Eco,2475,4,3,3,3,4,4,4,4,1,4,3,4,4,3.46,0,0,FALSE
Male,Loyal Customer,49,Business Travel,Business,214,5,5,5,5,2,5,5,5,5,5,4,4,4,4.54,0,0,TRUE
Male,Disloyal Customer,24,Business Travel,Eco,936,4,4,4,4,3,4,3,3,2,5,4,3,3,3.54,4,4,FALSE
Female,Loyal Customer,30,Business Travel,Business,2399,4,4,4,4,4,4,4,4,4,5,4,3,4,4,7,10,TRUE
Female,Loyal Customer,47,Business Travel,Business,373,5,5,5,5,4,4,5,2,2,2,2,3,4,3.69,0,0,TRUE
Male,Loyal Customer,62,Personal Travel,Eco,438,2,4,2,1,5,2,5,5,5,2,4,5,5,3.62,0,14,FALSE
Male,Disloyal Customer,36,Business Travel,Eco,192,2,0,2,5,3,2,3,3,1,4,5,3,3,2.77,109,108,FALSE
Male,Loyal Customer,17,Personal Travel,Eco,190,5,5,5,1,3,5,3,3,3,3,4,5,3,3.69,0,2,TRUE
Male,Disloyal Customer,20,Business Travel,Eco,337,2,0,2,5,3,2,3,3,4,4,4,3,3,2.92,12,0,FALSE
Male,Loyal Customer,50,Business Travel,Eco,721,5,1,1,1,5,5,5,5,3,3,5,5,5,3.77,0,0,TRUE
Male,Loyal Customer,52,Personal Travel,Eco,447,4,4,4,4,1,4,1,1,4,1,3,3,1,2.69,27,17,FALSE
Male,Loyal Customer,31,Business Travel,Business,3130,3,5,5,5,3,3,3,3,1,1,3,3,3,3.15,0,5,FALSE
Male,Loyal Customer,56,Business Travel,Business,472,3,5,2,5,2,3,3,3,3,3,3,4,4,3.31,33,25,FALSE
Male,Loyal Customer,26,Business Travel,Business,872,1,1,1,1,4,4,4,4,2,1,5,5,4,2.85,101,110,TRUE
Male,Loyal Customer,54,Personal Travel,Eco,1005,4,4,4,3,1,4,1,1,4,5,5,5,1,3.23,0,0,TRUE
Female,Loyal Customer,44,Business Travel,Business,1813,1,5,5,5,1,2,3,1,1,1,1,2,3,2.38,3,16,FALSE
Male,Loyal Customer,61,Personal Travel,Business,2133,3,3,3,3,4,4,4,1,1,3,1,2,1,2.54,24,13,FALSE
Female,Loyal Customer,15,Personal Travel,Eco,1185,3,3,3,3,2,3,2,2,4,1,2,3,2,2.54,0,0,FALSE
Female,Disloyal Customer,27,Business Travel,Business,2300,4,5,5,3,5,2,2,4,5,5,4,2,2,3.69,0,17,FALSE
Male,Loyal Customer,9,Personal Travel,Eco Plus,612,2,3,2,2,1,2,1,1,3,1,4,4,1,2.08,0,0,FALSE
Male,Loyal Customer,45,Personal Travel,Eco,756,5,5,5,4,4,5,4,4,4,2,5,5,4,4.31,2,5,TRUE
Female,Loyal Customer,46,Business Travel,Eco,846,5,1,1,1,4,5,3,5,5,5,5,2,4,3.54,18,15,TRUE
Male,Loyal Customer,26,Business Travel,Business,2253,5,2,5,5,5,5,5,5,4,3,4,5,5,4.46,0,0,TRUE
Male,Loyal Customer,29,Personal Travel,Eco,600,1,4,0,2,3,0,3,3,2,4,5,5,3,2.69,7,32,FALSE
Female,Loyal Customer,25,Business Travel,Business,646,5,5,5,5,5,5,5,5,5,4,4,5,5,4.85,0,0,TRUE
Female,Disloyal Customer,23,Business Travel,Eco,1365,1,0,0,3,5,1,5,5,4,2,3,4,5,2.92,75,64,FALSE
Female,Loyal Customer,58,Business Travel,Eco Plus,462,4,4,1,4,2,3,3,4,4,4,4,4,4,3.46,0,0,TRUE
Male,Loyal Customer,59,Personal Travel,Eco,459,1,4,1,3,4,1,4,4,3,3,5,4,4,3.15,2,1,FALSE
Female,Loyal Customer,27,Business Travel,Business,1884,4,4,4,4,5,5,5,5,3,3,5,5,5,4.38,18,6,TRUE
Male,Disloyal Customer,27,Business Travel,Eco,2554,3,3,3,3,2,3,2,2,1,1,3,1,2,2.23,0,0,FALSE
Female,Loyal Customer,57,Personal Travel,Eco,475,3,2,3,3,5,3,3,2,2,3,2,3,2,2.77,97,93,FALSE
Male,Loyal Customer,58,Personal Travel,Eco,319,3,3,3,3,1,3,5,1,2,3,5,1,1,2.62,0,0,FALSE
Female,Loyal Customer,57,Business Travel,Business,3474,0,1,1,2,2,2,5,5,5,5,5,1,4,2.92,0,0,TRUE
Male,Disloyal Customer,17,Business Travel,Eco,402,2,0,2,3,4,2,4,4,4,3,5,5,4,3.23,0,0,FALSE
Female,Disloyal Customer,25,Business Travel,Eco,169,1,5,1,4,1,1,5,1,5,1,2,5,1,2.54,59,54,FALSE
Male,Loyal Customer,51,Business Travel,Business,581,2,2,2,2,5,5,5,4,4,4,4,5,3,3.62,14,92,TRUE
Female,Loyal Customer,50,Business Travel,Business,460,5,5,5,5,2,5,5,4,4,4,4,5,5,4.46,0,0,TRUE
Female,Disloyal Customer,39,Business Travel,Business,853,5,5,5,4,2,5,2,2,4,5,4,3,2,3.69,9,0,TRUE
Male,Loyal Customer,44,Business Travel,Business,985,1,1,1,1,5,4,5,5,5,5,5,4,3,3.46,0,0,TRUE
Male,Disloyal Customer,28,Business Travel,Business,1501,1,0,0,3,3,0,3,3,4,2,5,4,3,2.38,0,4,FALSE
Female,Disloyal Customer,42,Business Travel,Business,1069,5,5,5,3,2,5,2,2,5,4,4,3,2,3.62,9,0,TRUE
Male,Loyal Customer,50,Business Travel,Business,1767,4,4,4,4,4,4,4,4,4,4,4,4,3,3.92,24,48,TRUE
Male,Loyal Customer,44,Business Travel,Business,1515,0,0,0,2,2,3,1,1,1,1,3,5,5,1.85,0,0,TRUE
Female,Loyal Customer,60,Business Travel,Business,1520,2,2,3,3,3,4,4,2,2,2,2,1,3,2.54,46,29,FALSE
Male,Loyal Customer,42,Personal Travel,Eco,1069,4,4,4,2,4,4,4,4,4,5,5,5,4,4.08,1,0,FALSE
Male,Loyal Customer,27,Business Travel,Business,2923,3,4,3,3,2,2,2,2,1,1,2,1,2,2.15,0,0,TRUE
Male,Loyal Customer,26,Personal Travel,Eco,1235,2,5,2,2,1,2,1,1,5,4,5,4,1,2.69,28,17,FALSE
Female,Loyal Customer,37,Business Travel,Business,3277,3,5,3,3,3,4,4,3,3,3,3,4,2,3.31,1,0,FALSE
Male,Disloyal Customer,61,Business Travel,Business,321,1,1,1,5,5,1,1,5,3,4,4,5,5,3.15,0,0,FALSE
Male,Loyal Customer,60,Personal Travel,Eco,1136,3,4,3,3,1,3,1,1,4,4,5,4,1,2.85,0,0,FALSE
Female,Loyal Customer,56,Business Travel,Business,3171,4,4,4,4,3,5,4,4,4,5,4,5,4,4.15,1,7,TRUE
Female,Loyal Customer,41,Business Travel,Business,689,4,4,4,4,2,4,5,5,5,5,5,4,4,4.23,4,13,TRUE
Female,Loyal Customer,55,Personal Travel,Business,432,1,4,1,1,1,4,5,1,1,1,5,3,5,2.54,0,0,FALSE
Male,Disloyal Customer,22,Business Travel,Business,1358,0,0,0,5,2,0,2,2,5,4,5,4,2,2.38,11,7,TRUE
Male,Loyal Customer,9,Personal Travel,Eco,632,3,5,3,4,3,3,2,3,4,2,5,3,3,3.31,80,88,FALSE
Female,Loyal Customer,31,Business Travel,Business,1739,2,2,2,2,5,5,5,5,5,4,5,4,5,3.92,0,6,TRUE
Female,Loyal Customer,47,Business Travel,Eco,342,4,2,2,2,5,1,4,4,4,4,4,4,3,3.31,0,0,TRUE
Male,Disloyal Customer,27,Business Travel,Business,854,2,2,2,3,5,2,5,5,4,3,5,4,5,3.62,5,0,FALSE
Male,Loyal Customer,58,Business Travel,Business,2985,4,4,5,4,5,5,4,5,5,5,5,5,4,4.62,5,4,TRUE
Male,Loyal Customer,70,Personal Travel,Eco,493,3,2,3,4,3,3,3,3,2,2,4,1,3,2.77,0,0,FALSE
Female,Disloyal Customer,44,Business Travel,Eco,272,1,1,1,3,3,1,3,3,1,2,3,3,3,2.15,0,0,FALSE
Male,Loyal Customer,51,Business Travel,Business,447,3,3,3,3,5,4,4,5,5,5,5,3,5,4.08,0,0,TRUE
Female,Loyal Customer,46,Business Travel,Business,2311,1,1,1,1,3,5,4,5,5,5,5,4,5,3.46,0,0,TRUE
Male,Loyal Customer,19,Personal Travel,Eco,236,3,5,0,2,4,0,4,4,5,3,5,5,4,3.38,0,0,FALSE
Male,Loyal Customer,37,Business Travel,Business,451,2,5,5,5,3,4,3,2,2,2,2,2,1,2.92,64,63,FALSE
Female,Loyal Customer,42,Business Travel,Eco,166,2,5,5,5,1,2,1,2,2,2,2,5,1,2.69,0,0,TRUE
Female,Loyal Customer,10,Personal Travel,Eco,2586,3,4,3,3,3,4,4,5,5,1,3,4,4,3.54,6,15,FALSE
Female,Loyal Customer,23,Personal Travel,Eco,214,3,3,3,2,3,3,3,3,3,3,4,4,3,3.08,10,0,FALSE
Female,Loyal Customer,43,Business Travel,Business,2702,0,0,0,1,3,4,4,4,4,4,4,5,5,2.92,49,37,TRUE
Male,Loyal Customer,22,Business Travel,Business,1744,2,2,5,2,4,5,4,4,5,5,4,4,4,3.85,3,0,TRUE
Female,Loyal Customer,51,Personal Travel,Eco,270,3,0,3,2,2,3,4,1,1,3,1,4,4,2.38,13,12,FALSE
Female,Loyal Customer,17,Personal Travel,Eco,680,3,4,3,4,4,3,4,4,5,2,4,5,4,3.77,0,0,FALSE
Female,Loyal Customer,52,Personal Travel,Eco,1111,4,4,4,2,5,4,4,1,1,4,5,4,4,3.54,0,0,TRUE
Male,Loyal Customer,60,Business Travel,Eco Plus,427,4,1,1,1,4,4,4,4,3,1,2,4,4,2.85,6,14,TRUE
Male,Loyal Customer,42,Business Travel,Business,580,3,4,4,4,2,4,3,3,3,3,3,3,1,3.08,18,9,FALSE
Male,Disloyal Customer,34,Business Travel,Business,251,4,5,5,1,3,5,3,3,4,2,4,5,3,3.62,0,0,FALSE
Female,Loyal Customer,15,Personal Travel,Eco,246,3,4,3,4,1,3,1,1,5,4,5,5,1,3.08,0,0,FALSE
Female,Loyal Customer,11,Personal Travel,Eco Plus,1050,3,4,3,2,3,3,3,3,5,2,4,5,3,3.31,0,0,FALSE
Female,Loyal Customer,24,Business Travel,Eco Plus,654,3,5,5,5,3,3,1,3,1,1,4,2,3,3,20,16,FALSE
Female,Disloyal Customer,23,Business Travel,Eco,255,4,5,4,1,1,4,1,1,3,3,4,4,1,2.77,0,0,FALSE
Female,Loyal Customer,67,Personal Travel,Eco,867,2,5,2,3,4,4,5,2,2,2,4,3,4,3.23,0,0,FALSE
Female,Loyal Customer,49,Business Travel,Business,2793,4,4,4,4,3,5,5,4,4,4,4,5,5,4.23,13,23,TRUE
Female,Loyal Customer,40,Business Travel,Business,226,0,0,0,3,5,5,5,5,5,5,5,5,4,3.62,4,0,TRUE
Female,Loyal Customer,17,Personal Travel,Eco,944,4,5,4,4,1,4,1,1,5,3,4,5,1,3.23,0,0,FALSE
Male,Loyal Customer,26,Business Travel,Eco,643,0,5,0,5,3,0,3,3,5,3,5,2,3,2.85,0,0,TRUE
Male,Disloyal Customer,24,Business Travel,Business,227,2,3,2,3,1,2,1,1,4,3,4,3,1,2.31,3,0,FALSE
Male,Disloyal Customer,36,Business Travel,Eco,247,3,2,3,3,4,3,4,4,2,1,4,3,4,3.08,7,0,FALSE
Female,Loyal Customer,40,Business Travel,Business,3340,5,5,5,5,3,4,5,1,1,2,1,4,4,3.46,0,0,TRUE
Female,Loyal Customer,41,Personal Travel,Eco,401,3,4,3,4,2,3,2,2,2,2,4,5,2,2.92,31,10,FALSE
Female,Disloyal Customer,35,Business Travel,Business,113,1,1,1,4,3,1,3,3,2,4,4,1,3,2.38,0,0,FALSE
Male,Loyal Customer,44,Business Travel,Business,1951,3,3,3,3,5,4,5,3,3,2,3,4,5,3.54,0,0,TRUE
Male,Disloyal Customer,37,Business Travel,Eco,374,3,5,3,1,2,3,2,2,5,4,4,1,2,2.85,13,26,FALSE
Male,Loyal Customer,43,Business Travel,Business,644,2,2,5,5,1,4,4,2,2,2,2,4,3,2.92,0,0,FALSE
Male,Loyal Customer,53,Business Travel,Business,2518,3,3,3,3,2,5,5,4,4,4,4,3,5,3.69,0,0,TRUE
Female,Loyal Customer,55,Business Travel,Eco,146,5,3,5,3,1,1,3,4,4,5,4,1,5,3.38,45,41,TRUE
Male,Loyal Customer,53,Business Travel,Business,1464,3,3,3,3,4,5,5,3,3,4,3,5,5,3.77,0,3,TRUE
Female,Loyal Customer,21,Personal Travel,Eco,220,3,0,3,1,3,3,5,3,3,4,3,4,3,2.92,0,0,FALSE
Female,Loyal Customer,34,Personal Travel,Eco,516,4,4,4,3,3,4,3,3,5,3,2,4,3,3.46,14,10,FALSE
Male,Loyal Customer,22,Business Travel,Business,3320,4,4,4,4,5,5,5,5,5,5,4,5,5,4.62,5,0,TRUE
Female,Loyal Customer,53,Business Travel,Business,811,5,5,5,5,2,5,4,5,5,5,5,3,4,4.46,0,16,TRUE
Female,Loyal Customer,72,Business Travel,Business,2198,0,1,1,4,2,5,4,4,4,4,4,3,4,3.08,0,0,TRUE
Male,Loyal Customer,53,Business Travel,Business,2475,2,2,2,2,5,5,5,4,3,4,4,5,5,3.69,5,0,TRUE
Female,Loyal Customer,23,Personal Travel,Eco Plus,484,2,5,2,4,4,2,4,4,4,5,4,3,4,3.62,0,0,FALSE
Female,Loyal Customer,68,Personal Travel,Eco,883,3,4,3,3,4,3,4,2,2,3,2,1,4,2.92,35,13,FALSE
Male,Loyal Customer,48,Business Travel,Business,2419,5,5,5,5,2,5,4,5,5,5,5,4,4,4.54,0,0,TRUE
Male,Loyal Customer,60,Business Travel,Business,3710,3,3,3,3,5,5,4,5,5,5,5,4,5,4.23,81,97,TRUE
Male,Loyal Customer,41,Business Travel,Business,1759,3,3,2,3,2,4,4,5,5,5,5,5,5,3.92,0,0,TRUE
Female,Disloyal Customer,35,Business Travel,Business,985,3,2,2,5,3,2,3,3,5,3,4,3,3,3.15,0,0,FALSE
Female,Disloyal Customer,44,Business Travel,Eco,255,3,1,3,4,4,3,4,4,2,2,3,1,4,2.92,5,11,FALSE
Female,Loyal Customer,54,Business Travel,Business,1065,1,1,1,1,3,3,4,5,5,5,5,3,2,3,4,28,TRUE
Female,Loyal Customer,32,Business Travel,Business,3326,2,2,5,2,5,5,5,5,5,2,4,5,5,4,0,0,TRUE
Male,Loyal Customer,28,Personal Travel,Eco,580,3,4,3,3,2,3,2,2,4,4,3,3,2,2.92,0,2,FALSE
Male,Loyal Customer,37,Business Travel,Eco,436,4,1,1,1,4,4,4,4,5,1,4,1,4,2.92,0,12,TRUE
Female,Loyal Customer,49,Business Travel,Business,2497,5,5,5,5,5,4,5,5,5,5,5,3,3,4.62,0,0,TRUE
Female,Loyal Customer,63,Personal Travel,Eco,302,3,5,2,1,5,4,5,4,4,2,5,3,5,3.69,41,32,FALSE
Male,Loyal Customer,55,Business Travel,Business,1609,3,3,3,3,3,5,5,5,5,4,5,4,4,4,0,0,TRUE
Male,Loyal Customer,70,Business Travel,Business,3152,5,4,5,5,3,5,5,3,3,3,3,4,4,4,0,0,TRUE
Female,Loyal Customer,42,Personal Travel,Eco,764,1,3,1,2,2,1,1,4,4,1,4,5,5,2.62,0,0,FALSE
Female,Disloyal Customer,26,Business Travel,Eco,451,1,5,1,1,1,1,1,1,4,4,1,5,1,2.08,0,0,FALSE
Male,Loyal Customer,44,Personal Travel,Eco,391,2,3,2,3,1,2,1,1,4,2,3,1,1,2,18,12,FALSE
Female,Loyal Customer,57,Business Travel,Eco,73,5,1,4,1,3,3,4,5,5,5,5,3,3,3.62,0,0,TRUE
Male,Loyal Customer,19,Personal Travel,Eco,2475,4,5,4,3,3,4,3,3,4,5,5,4,3,3.85,4,0,TRUE
Male,Loyal Customer,48,Personal Travel,Eco,2554,2,5,2,3,2,2,2,2,2,3,5,1,2,2.54,0,4,FALSE
Male,Loyal Customer,39,Business Travel,Business,2090,2,3,3,3,3,4,4,2,2,2,2,3,2,2.69,0,0,FALSE
Female,Loyal Customer,55,Personal Travel,Eco,719,2,4,2,2,3,5,4,2,2,2,2,4,4,2.92,0,0,FALSE
Female,Disloyal Customer,29,Business Travel,Eco,235,3,3,3,4,2,3,2,2,3,3,4,3,2,2.85,7,30,FALSE
Female,Loyal Customer,23,Business Travel,Business,1716,2,3,3,3,2,2,2,2,3,5,3,2,2,2.62,0,0,FALSE
Male,Disloyal Customer,20,Business Travel,Eco,325,2,4,2,1,2,2,2,2,4,3,4,5,2,2.69,5,0,FALSE
Female,Loyal Customer,47,Business Travel,Business,2475,4,4,3,4,5,5,4,5,5,5,5,2,4,4.23,8,0,TRUE
Female,Loyal Customer,19,Personal Travel,Eco,1927,3,4,3,5,2,3,2,2,3,3,4,4,2,3.08,8,0,FALSE
Female,Disloyal Customer,27,Business Travel,Eco Plus,479,2,2,2,4,3,2,3,3,3,5,3,4,3,3,11,6,FALSE
Male,Loyal Customer,72,Business Travel,Eco,533,2,2,2,2,2,2,2,2,3,3,4,1,2,2.23,17,0,FALSE
Female,Disloyal Customer,37,Business Travel,Eco,462,3,0,3,3,4,3,4,4,4,5,5,2,4,3.38,4,10,FALSE
Male,Loyal Customer,41,Personal Travel,Eco,507,2,5,2,2,2,2,2,2,5,4,5,3,2,2.92,34,29,FALSE
Male,Loyal Customer,58,Business Travel,Business,3433,4,4,4,4,2,4,4,3,3,4,3,5,4,3.69,59,60,TRUE
Female,Loyal Customer,49,Personal Travel,Eco Plus,2607,3,4,3,4,3,3,4,2,2,3,2,3,3,3,0,0,FALSE
Female,Loyal Customer,57,Business Travel,Business,354,0,0,0,3,3,5,5,4,4,3,3,3,3,2.77,0,0,TRUE
Female,Loyal Customer,49,Personal Travel,Eco,737,3,2,3,3,4,3,4,2,2,3,2,4,2,2.85,0,2,FALSE
Female,Loyal Customer,51,Business Travel,Business,781,3,3,2,3,5,4,5,5,5,5,5,4,3,4,17,8,TRUE
Female,Loyal Customer,68,Personal Travel,Eco,933,2,5,2,2,2,4,4,5,5,2,5,5,5,3.69,2,1,FALSE
Female,Loyal Customer,14,Personal Travel,Business,226,1,4,1,3,3,1,3,3,4,5,4,4,3,3,0,0,FALSE
Male,Loyal Customer,50,Business Travel,Business,2475,1,1,1,1,2,4,4,3,3,4,3,5,5,2.85,0,6,TRUE
Female,Loyal Customer,21,Personal Travel,Eco,483,3,0,3,3,3,3,1,3,3,5,5,4,3,3,0,0,FALSE
Male,Disloyal Customer,23,Business Travel,Eco,152,1,3,1,3,5,1,5,5,2,2,4,4,5,3.15,84,84,FALSE
Male,Loyal Customer,40,Personal Travel,Eco,605,3,4,3,3,3,3,3,3,4,2,4,4,3,3.23,0,15,FALSE
Male,Loyal Customer,51,Personal Travel,Eco Plus,1558,3,5,3,2,3,4,4,5,5,5,5,4,4,4,67,143,FALSE
Female,Loyal Customer,15,Business Travel,Business,1448,2,2,2,2,5,5,5,5,2,1,3,2,5,3.15,0,0,TRUE
Female,Loyal Customer,60,Business Travel,Business,3931,2,4,2,2,3,4,5,5,5,5,5,3,3,3.69,11,20,TRUE
Male,Loyal Customer,53,Personal Travel,Eco,1084,2,4,2,4,2,2,2,2,4,4,4,5,2,3,0,0,FALSE
Male,Loyal Customer,62,Personal Travel,Eco Plus,2475,4,4,4,5,2,4,2,2,5,3,5,1,2,3.31,39,37,FALSE
Male,Loyal Customer,38,Business Travel,Eco,414,4,3,3,3,4,4,4,4,2,3,5,1,4,3.38,0,0,TRUE
Female,Loyal Customer,51,Business Travel,Business,874,4,4,4,4,4,5,4,4,4,4,4,3,4,4,0,0,TRUE
Male,Loyal Customer,23,Business Travel,Business,3035,1,1,1,1,5,5,5,5,2,1,3,3,5,2.92,0,0,TRUE
Male,Loyal Customer,35,Business Travel,Business,3642,3,3,3,3,3,5,4,4,4,4,4,3,5,3.69,73,71,TRUE
Male,Loyal Customer,50,Business Travel,Eco,341,4,1,1,1,4,4,4,4,4,1,4,2,4,2.92,31,27,FALSE
Male,Loyal Customer,47,Business Travel,Business,1846,3,3,3,3,5,5,5,5,5,5,5,4,3,4.15,64,70,TRUE
Male,Loyal Customer,53,Business Travel,Business,471,3,3,3,3,3,4,5,5,5,5,5,3,5,4,0,0,TRUE
Male,Loyal Customer,35,Personal Travel,Eco,692,3,5,3,1,1,3,1,1,4,4,5,4,1,2.77,0,0,FALSE
Male,Loyal Customer,77,Business Travel,Business,426,3,3,3,3,1,2,1,3,3,3,3,1,4,2.54,34,55,FALSE
Female,Loyal Customer,35,Business Travel,Eco,293,2,4,4,4,2,2,2,2,1,5,4,2,2,2.77,109,115,FALSE
Male,Loyal Customer,23,Personal Travel,Eco,901,3,5,3,2,2,3,2,2,5,4,2,4,2,3,29,7,FALSE
Female,Loyal Customer,16,Business Travel,Business,1728,5,5,5,5,5,5,5,5,2,2,3,1,5,4.08,0,0,TRUE
Female,Disloyal Customer,23,Business Travel,Business,247,5,5,5,1,2,5,2,2,3,2,4,4,2,3.23,0,0,TRUE
Female,Disloyal Customer,30,Business Travel,Business,874,4,4,4,3,3,4,3,3,5,3,4,4,3,3.62,0,0,TRUE
Female,Loyal Customer,45,Business Travel,Business,2327,2,2,2,2,2,4,5,4,4,4,4,5,5,3.46,8,9,TRUE
Female,Loyal Customer,26,Personal Travel,Business,109,1,2,1,3,5,1,5,5,1,3,4,2,5,2.92,0,0,FALSE
Female,Disloyal Customer,28,Business Travel,Eco,1289,2,2,2,3,2,2,2,2,4,4,4,2,2,2.54,0,0,FALSE
Female,Loyal Customer,24,Business Travel,Business,2305,5,5,5,5,5,5,5,5,1,3,5,5,5,4.54,1,3,TRUE
Male,Loyal Customer,9,Business Travel,Business,3740,4,3,5,3,4,4,4,4,1,1,4,4,4,3.46,112,97,FALSE
Male,Loyal Customer,9,Personal Travel,Eco,581,1,5,1,4,3,1,3,3,4,2,5,4,3,3,26,27,FALSE
Male,Disloyal Customer,46,Business Travel,Business,1321,2,2,2,3,3,2,3,3,5,2,5,4,3,3,23,8,TRUE
Female,Loyal Customer,40,Personal Travel,Eco,192,3,5,3,1,3,3,3,3,4,3,5,4,3,3.31,0,0,FALSE
Female,Disloyal Customer,39,Business Travel,Business,964,2,2,2,1,3,2,3,3,3,3,4,3,3,2.62,21,0,TRUE
Female,Loyal Customer,41,Personal Travel,Eco,2504,3,1,3,4,4,3,4,4,3,2,3,4,4,3.23,0,0,FALSE
Female,Loyal Customer,31,Personal Travel,Eco,874,1,0,1,3,4,1,4,4,5,5,3,4,4,3,5,0,FALSE
Male,Loyal Customer,11,Personal Travel,Eco,229,3,5,3,1,4,3,4,4,4,2,4,5,4,3.54,0,0,FALSE
Male,Loyal Customer,31,Personal Travel,Eco,1288,4,4,4,4,1,4,1,1,3,5,4,4,1,3.08,0,0,FALSE
Male,Loyal Customer,58,Business Travel,Eco,957,3,2,2,2,3,3,3,3,1,1,4,4,3,2.62,0,39,FALSE
Male,Loyal Customer,30,Personal Travel,Eco,1464,1,5,1,1,1,1,1,1,5,2,4,4,1,2.15,6,0,FALSE
Female,Loyal Customer,38,Business Travel,Business,332,3,3,3,3,2,5,1,4,4,4,4,4,2,3.23,4,22,TRUE
Female,Loyal Customer,45,Business Travel,Business,2720,3,3,5,3,4,4,5,4,4,4,4,3,4,3.85,14,0,TRUE
Male,Loyal Customer,38,Business Travel,Business,3828,5,5,5,5,4,1,5,4,4,4,4,3,4,4.08,20,35,TRUE
Male,Loyal Customer,27,Personal Travel,Eco,326,3,5,3,4,2,3,2,2,5,1,3,3,2,2.92,1,0,FALSE
Male,Loyal Customer,41,Business Travel,Business,3723,3,2,2,2,5,2,1,3,3,3,3,1,1,2.38,13,11,FALSE
Male,Loyal Customer,44,Business Travel,Eco,567,5,4,4,4,5,5,5,5,3,1,2,1,5,3.77,0,0,TRUE
Female,Loyal Customer,37,Business Travel,Eco Plus,989,5,3,4,3,5,5,5,5,5,2,3,4,5,4.15,0,0,TRUE
Male,Disloyal Customer,20,Business Travel,Eco,226,1,3,1,3,1,1,1,1,4,2,4,1,1,1.85,0,0,FALSE
Female,Loyal Customer,54,Business Travel,Eco,86,3,4,4,4,5,4,4,3,3,3,3,4,3,3.62,0,0,FALSE
Female,Loyal Customer,44,Personal Travel,Business,475,3,2,3,3,1,4,4,1,1,3,1,2,3,2.38,0,0,FALSE
Male,Disloyal Customer,11,Business Travel,Eco,787,3,4,4,3,4,4,5,4,1,3,2,1,4,3.23,9,0,FALSE
Male,Loyal Customer,34,Business Travel,Business,1080,5,5,5,5,3,4,5,5,5,5,5,5,4,4.69,0,0,TRUE
Female,Loyal Customer,31,Business Travel,Eco,581,3,5,5,5,3,3,3,3,4,5,3,3,3,3.69,4,0,FALSE
Male,Loyal Customer,51,Business Travel,Business,1798,1,1,1,1,5,5,4,5,5,5,5,3,4,3.46,9,2,TRUE
Female,Loyal Customer,61,Personal Travel,Eco,160,3,5,3,3,2,4,5,5,5,3,4,5,5,4,0,5,FALSE
Female,Disloyal Customer,23,Business Travel,Eco,187,5,0,5,5,1,5,1,1,4,1,4,4,1,2.85,9,0,TRUE
Male,Loyal Customer,52,Business Travel,Business,451,1,4,4,4,2,3,3,1,1,1,1,3,4,2.46,0,0,FALSE
Female,Loyal Customer,39,Business Travel,Eco,391,4,5,5,5,4,4,4,4,5,1,2,4,4,3.92,0,0,TRUE
Female,Loyal Customer,38,Business Travel,Business,1357,5,5,5,5,2,5,4,5,5,5,5,5,3,4.54,1,0,TRUE
Female,Loyal Customer,39,Business Travel,Business,1634,3,1,1,1,2,3,4,3,3,2,3,2,3,2.38,0,0,FALSE
Female,Loyal Customer,48,Personal Travel,Eco,1411,2,3,2,3,4,4,1,5,5,2,5,1,1,2.92,15,0,FALSE
Male,Loyal Customer,46,Business Travel,Business,1738,1,1,1,1,4,5,4,5,5,5,5,3,5,3.46,18,15,TRUE
Male,Loyal Customer,54,Business Travel,Business,352,2,2,2,2,1,3,1,5,5,5,5,4,2,3,0,0,TRUE
Male,Loyal Customer,72,Business Travel,Business,569,5,5,5,5,3,4,5,5,5,5,5,4,4,4.62,41,34,TRUE
Male,Loyal Customer,42,Business Travel,Eco Plus,125,4,5,5,5,5,4,5,5,5,1,3,3,5,4.23,16,22,TRUE
Female,Loyal Customer,53,Business Travel,Business,187,3,3,3,3,4,5,5,5,5,5,5,5,4,4.23,0,0,TRUE
Female,Loyal Customer,27,Business Travel,Business,3904,1,1,1,1,5,5,5,5,5,5,4,3,5,3.54,59,44,TRUE
Male,Loyal Customer,31,Business Travel,Business,612,1,1,1,1,3,4,3,3,5,2,4,2,3,2.54,15,6,TRUE
Female,Loyal Customer,17,Business Travel,Business,357,2,1,2,1,2,2,2,2,2,3,3,1,2,1.92,91,86,FALSE
Male,Loyal Customer,14,Personal Travel,Eco,308,4,5,4,4,2,4,1,2,4,3,5,4,2,3.38,0,0,FALSE
Female,Loyal Customer,38,Business Travel,Business,991,1,1,2,1,3,1,2,5,5,5,5,5,1,2.85,0,0,TRUE
Male,Loyal Customer,31,Business Travel,Business,2513,1,1,3,1,4,5,5,4,5,4,1,5,4,3.31,0,0,TRUE
Male,Loyal Customer,52,Personal Travel,Eco,2446,2,4,2,1,4,2,4,4,3,3,5,4,4,3.23,7,0,FALSE
Male,Loyal Customer,29,Personal Travel,Business,341,1,1,4,3,1,4,1,1,3,1,4,2,1,2.08,0,0,FALSE
Female,Loyal Customer,56,Business Travel,Business,297,1,1,1,1,3,5,5,3,3,4,3,4,5,3,0,0,TRUE
Male,Loyal Customer,49,Business Travel,Business,2985,2,2,2,2,1,1,5,5,5,5,5,2,3,3.08,0,0,TRUE
Female,Loyal Customer,61,Personal Travel,Eco,240,1,1,1,4,3,3,4,3,3,1,3,4,3,2.62,0,0,FALSE
Female,Loyal Customer,31,Business Travel,Eco Plus,2446,4,2,2,2,4,3,4,4,2,1,2,1,4,2.69,4,0,FALSE
Female,Loyal Customer,52,Business Travel,Eco,772,3,4,4,4,3,4,4,3,3,3,3,3,3,3.38,0,0,FALSE
Female,Loyal Customer,55,Business Travel,Eco,337,3,1,4,1,3,4,3,3,3,3,3,4,2,2.85,4,14,FALSE
Male,Loyal Customer,47,Personal Travel,Eco,358,3,5,3,2,2,3,2,2,3,5,5,3,2,3.08,4,1,FALSE
Female,Disloyal Customer,35,Business Travel,Eco,872,3,2,2,1,2,2,2,2,2,5,4,4,2,2.54,0,0,FALSE
Male,Loyal Customer,49,Business Travel,Business,3784,4,4,4,4,4,4,4,4,5,3,4,4,4,4,19,0,TRUE
Female,Loyal Customer,26,Personal Travel,Eco,447,3,5,3,1,1,3,1,1,4,3,5,5,1,2.77,0,0,FALSE
Female,Loyal Customer,53,Personal Travel,Eco,1810,1,3,1,3,3,3,4,1,1,1,1,4,2,2.15,1,16,FALSE
Female,Disloyal Customer,25,Business Travel,Eco,308,2,4,2,3,2,2,2,2,2,5,3,3,2,2.62,0,0,FALSE
Male,Disloyal Customer,37,Business Travel,Eco,562,1,1,1,4,2,1,2,2,2,4,4,4,2,2.31,42,65,FALSE
Male,Disloyal Customer,24,Business Travel,Eco,493,0,0,0,2,3,0,3,3,2,4,2,2,3,1.85,0,0,TRUE
Male,Loyal Customer,44,Business Travel,Eco,404,5,1,1,1,5,5,5,5,5,5,1,5,5,3.77,19,63,TRUE
Female,Disloyal Customer,47,Business Travel,Eco,391,4,1,3,4,5,3,1,5,4,4,4,3,5,3.54,0,1,FALSE
Male,Loyal Customer,54,Business Travel,Business,2565,5,5,5,5,3,5,5,5,5,5,5,3,3,4.54,0,0,TRUE
Male,Loyal Customer,27,Personal Travel,Eco,2342,5,5,5,3,5,2,2,3,1,2,3,2,2,3.08,0,0,TRUE
Male,Loyal Customer,47,Business Travel,Business,1644,5,5,5,5,4,5,5,4,4,5,4,4,4,4.54,0,0,TRUE
Female,Loyal Customer,10,Personal Travel,Eco,728,2,3,3,3,4,3,2,4,2,4,3,1,4,2.92,6,14,FALSE
Male,Loyal Customer,51,Business Travel,Business,3912,5,5,5,5,4,5,4,4,4,4,4,3,5,4.38,0,0,TRUE
Female,Disloyal Customer,23,Business Travel,Eco,183,3,4,3,3,4,3,4,4,1,3,2,4,4,3.23,0,0,FALSE
Female,Disloyal Customer,16,Business Travel,Eco,240,5,0,5,2,2,5,2,2,2,1,4,5,2,2.85,0,0,TRUE
Female,Loyal Customer,50,Personal Travel,Eco,728,1,4,2,2,4,4,5,1,1,2,1,3,1,2.38,0,0,FALSE
Female,Loyal Customer,57,Business Travel,Business,507,5,5,5,5,4,5,5,5,5,5,5,5,5,4.92,0,0,TRUE
Female,Loyal Customer,32,Business Travel,Business,468,1,1,1,1,4,4,4,4,5,5,5,5,4,3.38,0,0,TRUE
Male,Loyal Customer,46,Personal Travel,Eco,216,3,1,3,3,2,3,5,2,2,4,2,1,2,2.54,0,2,FALSE
Male,Loyal Customer,13,Business Travel,Business,954,3,3,3,3,4,4,4,4,4,2,4,3,4,3.46,0,0,TRUE
Male,Loyal Customer,56,Business Travel,Business,3805,2,2,2,2,3,4,3,2,2,2,2,1,4,2.38,12,12,FALSE
Female,Disloyal Customer,44,Business Travel,Business,152,1,0,0,4,3,1,3,3,3,3,5,4,3,2.54,0,0,FALSE
Female,Loyal Customer,48,Business Travel,Business,3129,3,3,3,3,2,5,4,5,5,5,5,5,5,4.08,0,0,TRUE
Female,Loyal Customer,36,Business Travel,Eco,1400,5,5,5,5,5,5,5,5,3,4,1,4,5,4.38,2,0,TRUE
Female,Loyal Customer,49,Business Travel,Business,372,2,2,2,2,4,4,5,4,4,4,4,3,5,3.46,0,0,TRUE
Male,Loyal Customer,19,Personal Travel,Eco,2475,2,5,3,3,2,3,2,2,3,3,5,3,2,2.92,41,87,FALSE
Female,Disloyal Customer,26,Business Travel,Eco,287,2,4,2,2,4,2,4,4,4,3,1,4,4,3.08,0,0,FALSE
Female,Disloyal Customer,19,Business Travel,Eco,198,1,1,0,4,4,0,4,4,3,1,3,2,4,2.38,40,40,FALSE
Male,Loyal Customer,58,Personal Travel,Eco,675,4,5,4,1,4,4,4,4,3,2,4,4,4,3.62,19,7,TRUE
Male,Disloyal Customer,21,Business Travel,Eco,2218,3,3,3,3,3,3,3,3,3,1,2,4,3,2.85,0,0,FALSE
Male,Loyal Customer,58,Business Travel,Eco,991,5,1,1,1,4,5,4,4,2,2,2,1,4,2.77,0,1,TRUE
Female,Loyal Customer,28,Personal Travel,Eco,325,0,2,0,3,4,0,4,4,2,5,4,3,4,2.69,1,0,TRUE
Male,Loyal Customer,50,Business Travel,Business,3562,4,4,4,4,2,4,5,5,5,5,5,5,3,4.23,45,26,TRUE
Female,Loyal Customer,20,Personal Travel,Business,712,4,5,4,2,2,4,2,2,1,5,3,3,2,3,0,17,FALSE
Female,Loyal Customer,35,Business Travel,Business,3714,1,1,5,1,5,5,4,2,2,3,2,5,5,3.15,0,0,TRUE
Male,Disloyal Customer,22,Business Travel,Business,997,4,4,4,2,3,4,3,3,3,4,5,5,3,3.62,0,0,TRUE
Male,Loyal Customer,32,Personal Travel,Eco,721,2,5,2,3,5,2,5,5,4,5,4,3,5,3.85,25,14,FALSE
Female,Loyal Customer,37,Business Travel,Eco,162,2,1,1,1,2,2,2,2,3,4,3,3,2,2.15,0,21,FALSE
Female,Loyal Customer,46,Business Travel,Eco,306,2,4,4,4,5,4,3,2,2,2,2,2,2,2.92,9,6,FALSE
Male,Loyal Customer,72,Business Travel,Business,922,3,3,4,3,2,4,4,5,5,4,5,3,4,3.77,4,0,TRUE
Female,Loyal Customer,46,Business Travel,Business,2340,1,1,1,1,2,4,5,5,5,5,4,3,3,3.08,0,0,TRUE
Female,Loyal Customer,26,Business Travel,Business,2351,1,1,5,1,4,4,4,4,1,1,4,3,4,2.85,30,,TRUE
Male,Disloyal Customer,28,Business Travel,Business,1121,5,5,5,5,3,5,4,3,3,2,4,5,3,4,6,31,TRUE
Female,Loyal Customer,60,Personal Travel,Eco Plus,272,3,0,3,1,3,5,4,1,1,3,1,4,4,2.54,0,0,FALSE
Female,Loyal Customer,42,Personal Travel,Eco,985,3,4,4,5,4,4,4,3,3,4,3,3,3,3.62,0,0,FALSE
Male,Loyal Customer,19,Personal Travel,Eco Plus,214,2,0,2,3,3,2,3,3,5,5,4,4,3,3,0,2,FALSE
Female,Loyal Customer,43,Personal Travel,Eco,425,3,0,3,3,3,4,5,3,3,3,3,4,4,3.15,14,0,FALSE
Female,Loyal Customer,46,Business Travel,Eco,130,4,2,2,2,5,3,3,4,4,4,4,1,4,3.23,10,7,TRUE
Female,Loyal Customer,21,Personal Travel,Eco,337,2,1,2,3,5,2,5,5,3,1,2,1,5,2.85,0,0,FALSE
Female,Loyal Customer,45,Personal Travel,Eco,1504,2,5,3,3,5,4,5,1,1,3,1,5,4,3.23,0,0,FALSE
Male,Disloyal Customer,18,Business Travel,Eco,651,4,0,4,5,4,4,4,4,3,5,4,4,4,3.77,1,0,FALSE
Female,Loyal Customer,40,Personal Travel,Eco Plus,261,2,4,0,3,4,0,4,4,5,3,3,4,4,3.08,0,0,FALSE
Male,Loyal Customer,44,Personal Travel,Eco,789,1,5,1,3,1,1,1,1,4,5,5,3,1,2.46,43,19,FALSE
Male,Loyal Customer,39,Business Travel,Business,2588,2,2,4,2,4,4,4,5,5,5,4,4,4,3.77,0,0,TRUE
Female,Loyal Customer,40,Business Travel,Business,671,2,2,2,2,5,4,5,5,5,5,5,3,5,3.85,0,0,TRUE
Female,Loyal Customer,38,Business Travel,Eco,352,1,4,1,4,1,1,1,1,1,1,4,3,1,1.85,0,0,FALSE
Female,Loyal Customer,59,Personal Travel,Eco,563,2,1,1,3,4,3,3,5,5,1,1,1,1,2.38,0,0,FALSE
Female,Disloyal Customer,24,Business Travel,Business,598,3,3,3,4,3,3,3,3,2,1,3,1,3,2.69,0,0,FALSE
Female,Loyal Customer,36,Business Travel,Business,2149,3,3,3,3,4,4,5,5,5,5,5,3,3,3.92,0,2,TRUE
Male,Loyal Customer,41,Business Travel,Business,1889,0,0,0,4,5,4,4,1,1,1,1,4,4,2.23,6,5,TRUE
Male,Loyal Customer,24,Personal Travel,Eco,212,2,4,2,3,5,2,5,5,4,5,3,1,5,3.54,0,7,FALSE
Female,Disloyal Customer,30,Business Travel,Business,188,2,2,2,3,2,2,2,2,3,2,4,3,2,2.38,0,0,FALSE
Female,Loyal Customer,46,Business Travel,Business,2368,4,4,4,4,1,1,3,5,5,5,5,1,3,3.46,0,0,TRUE
Male,Loyal Customer,28,Business Travel,Business,2464,1,1,1,1,4,4,4,4,4,3,4,5,4,3.08,0,0,TRUE
Female,Loyal Customer,28,Business Travel,Business,2253,5,5,5,5,5,5,5,5,3,5,4,4,5,4.69,4,0,TRUE
Male,Loyal Customer,42,Personal Travel,Eco,861,1,2,0,4,3,0,3,3,3,2,4,2,3,2.31,40,33,FALSE
Male,Loyal Customer,56,Personal Travel,Eco,224,1,3,1,3,5,1,5,5,2,4,4,1,5,3.08,48,44,FALSE
Male,Loyal Customer,38,Business Travel,Business,1090,2,4,4,4,5,3,4,2,2,2,2,2,1,2.85,0,0,FALSE
Female,Loyal Customer,85,Business Travel,Business,3156,3,5,5,5,4,3,3,3,1,4,4,3,3,3.54,0,0,FALSE
Female,Loyal Customer,47,Business Travel,Business,2975,5,5,5,5,3,4,5,3,3,4,3,5,5,4.23,0,0,TRUE
Female,Loyal Customer,61,Personal Travel,Eco,462,2,3,2,3,3,4,4,2,2,2,4,4,2,2.85,0,0,FALSE
Female,Disloyal Customer,59,Business Travel,Business,212,5,5,5,4,5,5,5,5,5,3,5,3,5,4.62,8,7,TRUE
Female,Loyal Customer,37,Business Travel,Business,3577,2,2,2,2,2,4,3,2,2,2,2,4,4,2.54,23,26,FALSE
Female,Disloyal Customer,25,Business Travel,Business,577,4,0,4,2,2,4,2,2,5,2,5,4,2,2.92,0,0,TRUE
Male,Loyal Customer,42,Business Travel,Business,3293,1,1,1,1,3,4,3,5,5,5,5,4,4,3.23,0,2,TRUE
Female,Loyal Customer,32,Personal Travel,Eco,533,4,4,4,4,1,4,1,1,3,3,4,5,1,3,10,11,FALSE
Female,Loyal Customer,32,Personal Travel,Eco Plus,1127,3,5,3,4,5,3,4,5,5,3,4,4,5,4.08,0,0,FALSE
Male,Loyal Customer,62,Business Travel,Eco Plus,420,4,1,1,1,4,4,4,4,1,5,2,2,4,2.85,5,0,TRUE
Female,Disloyal Customer,40,Business Travel,Business,445,1,1,1,3,4,1,4,4,1,4,4,4,4,2.77,61,49,FALSE
Female,Loyal Customer,39,Business Travel,Business,1979,2,2,2,2,2,4,5,4,4,4,4,4,3,3.23,40,35,TRUE
Male,Loyal Customer,43,Business Travel,Business,587,5,5,5,5,3,5,5,2,2,2,2,4,3,3.69,8,4,TRUE
Female,Loyal Customer,38,Business Travel,Business,3731,1,1,4,1,2,5,5,5,5,5,5,3,4,3.54,0,0,TRUE
Male,Loyal Customer,61,Personal Travel,Eco,391,2,5,2,2,2,3,3,5,4,5,5,3,3,3.38,133,118,FALSE
Female,Loyal Customer,24,Business Travel,Business,1742,2,3,3,3,1,1,2,1,4,5,3,3,1,2.46,0,0,FALSE
Male,Loyal Customer,21,Personal Travel,Eco,965,4,5,4,1,1,4,1,1,5,4,4,4,1,3,0,0,TRUE
Male,Loyal Customer,38,Business Travel,Eco,156,5,2,2,2,5,5,5,5,5,4,4,5,5,4.15,0,0,TRUE
Female,Loyal Customer,50,Business Travel,Business,1581,5,5,5,5,4,4,5,4,4,4,4,3,4,4.31,0,0,TRUE
Female,Disloyal Customer,43,Business Travel,Business,157,3,3,3,4,5,3,5,5,3,2,4,4,5,3.77,1,0,FALSE
Female,Disloyal Customer,24,Business Travel,Business,391,3,3,3,3,3,3,4,3,2,5,4,3,3,3.23,71,59,FALSE
Female,Loyal Customer,63,Business Travel,Business,651,3,3,3,3,3,4,3,3,3,3,3,1,3,2.92,0,0,FALSE
Male,Loyal Customer,58,Business Travel,Eco,814,3,3,3,3,2,3,2,2,3,5,4,4,2,3,0,0,FALSE
Male,Loyal Customer,49,Personal Travel,Eco,201,3,5,3,4,2,3,2,2,4,3,1,1,2,2.69,0,0,FALSE
Female,Loyal Customer,55,Business Travel,Eco Plus,180,3,5,5,5,5,4,1,3,3,3,3,2,3,3.46,10,1,TRUE
Female,Loyal Customer,42,Business Travel,Business,3711,5,5,5,5,3,5,4,5,5,5,5,3,4,4.54,18,20,TRUE
Female,Loyal Customer,30,Business Travel,Business,2662,1,1,1,1,5,5,5,5,4,4,5,1,5,3.31,71,72,TRUE
Female,Loyal Customer,60,Personal Travel,Business,1010,1,4,1,1,4,5,3,2,2,1,2,2,5,2.54,0,0,FALSE
Male,Loyal Customer,60,Business Travel,Business,515,2,2,2,2,2,5,4,4,4,4,4,5,5,3.46,0,0,TRUE
Male,Disloyal Customer,23,Business Travel,Eco,1256,4,4,4,4,4,4,4,4,3,4,4,3,4,3.85,0,0,TRUE
Female,Loyal Customer,26,Business Travel,Eco,413,1,3,3,3,1,1,3,1,3,2,3,4,1,2.23,44,38,FALSE
Male,Loyal Customer,30,Business Travel,Eco,1195,4,3,3,3,4,4,4,4,4,1,3,2,4,3.31,19,21,FALSE
Male,Loyal Customer,36,Business Travel,Business,2864,3,3,3,3,2,4,4,4,4,4,4,4,5,3.62,3,0,TRUE
Female,Disloyal Customer,25,Business Travel,Business,1547,3,5,4,4,5,4,5,5,3,4,4,3,5,4.15,0,0,FALSE
Male,Disloyal Customer,28,Business Travel,Eco,804,3,3,3,4,5,3,1,5,3,2,4,4,5,3.46,41,22,FALSE
Female,Loyal Customer,44,Personal Travel,Business,2065,3,5,3,1,3,3,4,4,4,3,4,3,4,3.38,1,0,FALSE
Male,Loyal Customer,23,Business Travel,Business,1689,4,4,4,4,4,4,4,4,5,2,5,4,4,4,0,0,TRUE
Female,Loyal Customer,17,Business Travel,Business,794,2,5,5,5,2,2,2,2,1,5,4,1,2,2.92,11,0,FALSE
Female,Loyal Customer,53,Business Travel,Business,3696,1,3,3,3,4,3,4,2,2,2,1,2,2,2.46,90,87,FALSE
Male,Loyal Customer,64,Business Travel,Eco,337,2,2,2,2,2,2,2,2,1,3,3,3,2,2.15,0,0,FALSE
Male,Loyal Customer,47,Business Travel,Business,3722,4,4,4,4,5,5,4,5,5,5,5,3,4,4.38,123,,TRUE
Male,Loyal Customer,25,Personal Travel,Eco,226,1,5,1,5,5,1,5,5,4,4,4,3,5,3.69,73,68,FALSE
Male,Disloyal Customer,26,Business Travel,Business,888,4,5,5,1,5,5,5,5,5,3,5,4,5,4.38,70,72,TRUE
Male,Disloyal Customer,30,Business Travel,Eco,1814,2,2,2,3,2,2,1,2,3,1,4,3,2,2.23,0,8,FALSE
Female,Loyal Customer,59,Business Travel,Eco,397,4,4,3,3,5,4,3,4,4,4,4,4,3,3.77,21,27,FALSE
Male,Loyal Customer,50,Personal Travel,Eco,519,2,5,2,5,4,2,4,4,5,4,5,5,4,3.92,0,0,FALSE
Male,Loyal Customer,31,Business Travel,Business,2755,2,3,3,3,2,2,2,2,3,5,4,4,2,2.85,7,4,FALSE
Male,Disloyal Customer,24,Business Travel,Eco,1310,4,5,5,1,4,4,2,4,3,3,5,3,4,3.62,0,0,TRUE
Male,Loyal Customer,48,Personal Travel,Eco,991,3,5,3,5,4,3,4,4,3,2,5,4,4,3.77,19,29,FALSE
Male,Disloyal Customer,27,Business Travel,Business,359,5,5,5,4,1,5,1,1,5,5,5,3,1,3.54,0,0,TRUE
Female,Loyal Customer,53,Business Travel,Business,3997,2,2,4,2,2,5,5,4,4,4,4,5,5,3.69,0,0,TRUE
Male,Loyal Customer,60,Business Travel,Eco,680,4,2,1,2,4,4,4,4,2,4,2,4,4,3.15,0,0,TRUE
Female,Loyal Customer,39,Personal Travel,Eco,590,2,4,2,3,3,2,2,3,3,3,5,4,3,3,7,0,FALSE
Female,Disloyal Customer,38,Business Travel,Eco Plus,229,4,3,3,2,5,3,5,5,2,3,4,4,5,3.69,0,5,TRUE
Female,Loyal Customer,27,Business Travel,Business,3159,1,1,1,1,4,4,4,4,1,1,5,4,4,2.69,22,6,TRUE
Female,Loyal Customer,55,Business Travel,Business,759,4,4,4,4,5,4,5,3,3,3,3,3,5,3.85,0,0,TRUE
Female,Loyal Customer,27,Personal Travel,Eco,305,3,5,3,1,3,3,3,3,5,2,5,5,3,3.38,0,0,FALSE
Male,Loyal Customer,38,Business Travel,Business,534,3,4,4,4,4,4,4,3,3,3,3,3,2,3.38,26,11,FALSE
Male,Disloyal Customer,49,Business Travel,Business,1379,4,4,4,3,2,4,4,2,3,3,5,5,2,3.46,7,7,TRUE
Female,Loyal Customer,51,Business Travel,Business,2585,2,2,2,2,3,5,4,4,4,4,4,3,3,3.23,0,0,TRUE
Male,Disloyal Customer,26,Business Travel,Business,1411,2,2,2,1,1,2,1,1,5,2,5,4,1,2.23,19,6,FALSE
Male,Loyal Customer,9,Personal Travel,Eco,1750,3,4,3,3,3,1,1,1,3,4,4,1,1,2.46,448,445,FALSE
Male,Loyal Customer,51,Personal Travel,Eco,1464,3,5,3,5,3,3,4,3,5,3,4,5,3,3.77,63,60,FALSE
Male,Disloyal Customer,24,Business Travel,Eco,948,3,3,3,4,2,3,2,2,4,3,3,4,2,2.92,0,0,FALSE
Female,Loyal Customer,57,Business Travel,Business,2583,5,1,5,5,3,5,5,5,5,5,5,4,5,4.46,0,0,TRUE
Male,Loyal Customer,48,Business Travel,Business,3081,1,1,1,1,3,1,2,4,4,4,4,4,1,2.38,0,0,TRUE
Male,Loyal Customer,42,Business Travel,Business,1976,5,5,2,5,5,4,4,4,4,4,4,5,3,4.15,0,0,TRUE
Female,Loyal Customer,34,Business Travel,Business,109,1,1,1,1,4,4,4,5,5,5,5,4,5,3.46,0,3,TRUE
Female,Disloyal Customer,25,Business Travel,Eco,110,2,1,2,3,1,2,1,1,1,5,3,4,1,2.08,0,0,FALSE
Female,Loyal Customer,41,Personal Travel,Eco,2182,3,2,3,3,1,3,1,1,3,3,3,4,1,2.38,0,0,FALSE
Male,Loyal Customer,33,Business Travel,Business,1630,2,2,2,2,2,2,2,2,3,3,3,1,2,2.15,0,2,FALSE
Female,Loyal Customer,39,Personal Travel,Eco,1521,3,4,3,3,5,3,5,5,1,2,4,4,5,3.62,3,8,FALSE
Female,Loyal Customer,51,Business Travel,Eco Plus,965,3,2,2,2,5,5,3,3,3,3,3,4,3,3.15,0,0,TRUE
Female,Loyal Customer,27,Personal Travel,Eco,1781,4,5,4,3,1,4,3,1,4,5,4,5,1,3.38,12,37,FALSE
Male,Loyal Customer,19,Personal Travel,Eco Plus,308,4,2,1,4,5,1,1,5,2,3,4,4,5,3.15,0,0,TRUE
Female,Loyal Customer,48,Personal Travel,Eco,156,1,2,1,3,4,4,4,3,3,1,3,1,3,2.54,0,3,FALSE
Male,Disloyal Customer,25,Business Travel,Business,588,1,4,1,3,4,1,2,4,4,4,4,5,4,3.15,17,0,FALSE
Male,Loyal Customer,51,Business Travel,Business,2462,5,5,5,5,4,4,5,5,5,5,5,4,5,4.77,0,0,TRUE
Male,Loyal Customer,39,Personal Travel,Eco,872,2,4,2,4,5,2,5,5,3,1,4,3,5,3.46,43,21,FALSE
Male,Loyal Customer,53,Business Travel,Eco,1020,4,2,2,2,5,4,5,5,3,1,4,4,5,3.54,108,89,FALSE
Female,Disloyal Customer,36,Business Travel,Eco,236,1,1,2,3,2,2,2,2,4,4,3,4,2,2.46,18,15,FALSE
Male,Disloyal Customer,31,Business Travel,Eco,994,4,4,4,3,5,4,5,5,1,5,3,1,5,3.77,36,41,FALSE
Female,Loyal Customer,42,Business Travel,Business,1560,4,4,4,4,3,5,4,5,5,5,5,3,4,4.23,9,0,TRUE
Female,Loyal Customer,41,Business Travel,Eco,645,2,3,3,3,2,2,2,2,5,2,4,2,2,2.62,0,0,TRUE
Male,Disloyal Customer,18,Business Travel,Eco,295,4,2,4,3,1,4,1,1,2,3,4,1,1,2.38,0,0,FALSE
Male,Disloyal Customer,26,Business Travel,Eco,119,5,0,5,3,2,5,2,2,5,2,5,5,2,3.31,0,0,TRUE
Female,Loyal Customer,20,Personal Travel,Eco Plus,994,3,5,3,3,5,3,5,5,3,5,5,5,5,4.23,19,17,FALSE
Male,Loyal Customer,22,Business Travel,Eco Plus,500,0,5,0,4,3,0,3,3,5,3,2,4,3,2.69,1,0,TRUE
Female,Loyal Customer,20,Personal Travel,Eco Plus,101,3,2,3,3,1,3,1,1,4,5,3,4,1,2.62,6,18,FALSE
Male,Loyal Customer,44,Business Travel,Business,3577,3,3,1,3,3,4,4,2,2,2,2,5,3,2.85,0,0,TRUE
Female,Loyal Customer,59,Business Travel,Business,588,5,5,5,5,4,5,4,4,4,4,4,5,5,4.54,0,0,TRUE
Male,Loyal Customer,43,Business Travel,Eco,862,4,4,4,4,4,4,4,4,3,5,1,4,4,3.77,0,0,TRUE
Female,Loyal Customer,44,Business Travel,Business,429,5,5,5,5,1,5,3,5,5,5,5,5,5,4.54,0,0,TRUE
Female,Loyal Customer,44,Business Travel,Business,2568,1,1,5,1,4,3,4,1,1,1,1,1,4,2.15,0,0,FALSE
Female,Loyal Customer,46,Business Travel,Business,1655,0,0,0,2,5,5,4,3,3,3,3,5,3,2.77,0,0,TRUE
Female,Loyal Customer,47,Business Travel,Business,1609,1,1,1,1,3,3,3,1,1,1,1,1,3,1.62,47,49,FALSE
Male,Loyal Customer,46,Business Travel,Eco,669,2,4,4,4,2,2,2,2,4,3,4,4,2,3,0,6,FALSE
Female,Disloyal Customer,22,Business Travel,Eco,488,2,2,1,4,1,1,1,1,1,1,3,4,1,1.77,21,18,FALSE
Male,Loyal Customer,29,Business Travel,Eco,196,0,0,0,1,2,0,2,2,3,5,1,3,2,1.62,32,22,TRUE
Female,Loyal Customer,59,Business Travel,Business,258,4,4,4,4,4,4,5,4,4,4,4,3,3,3.92,0,0,TRUE
Female,Disloyal Customer,38,Business Travel,Business,808,4,4,4,4,2,4,2,2,3,2,5,4,2,3.23,0,0,FALSE
Female,Loyal Customer,46,Business Travel,Business,992,4,4,4,4,2,4,4,3,3,2,3,4,3,3.38,0,0,TRUE
Male,Loyal Customer,44,Business Travel,Business,1703,3,2,2,2,2,4,3,3,3,3,3,2,4,2.77,0,0,FALSE
Female,Loyal Customer,63,Business Travel,Business,190,1,1,1,1,3,5,4,4,4,4,5,5,4,3.23,8,6,TRUE
Female,Loyal Customer,34,Personal Travel,Eco,1242,4,5,4,5,2,4,2,2,5,3,3,4,2,3.46,93,89,FALSE
Female,Loyal Customer,47,Business Travel,Eco Plus,854,5,3,3,3,5,5,5,5,5,5,5,2,2,4.08,17,28,TRUE
Male,Loyal Customer,46,Personal Travel,Eco,674,4,5,4,1,3,4,3,3,4,4,5,3,3,3.54,70,59,FALSE
Female,Loyal Customer,43,Business Travel,Business,1481,5,5,2,5,4,5,4,5,5,5,5,4,3,4.38,3,9,TRUE
Male,Loyal Customer,47,Business Travel,Business,2015,4,4,4,4,3,5,4,5,5,5,5,3,3,4.15,0,0,TRUE
Female,Loyal Customer,39,Business Travel,Business,1061,5,5,5,5,5,5,5,1,1,2,1,3,4,3.62,0,0,TRUE
Male,Loyal Customer,57,Business Travel,Business,1400,4,4,4,4,4,4,4,3,3,3,3,3,3,3.54,51,28,TRUE
Male,Loyal Customer,24,Business Travel,Business,733,5,5,5,5,5,5,5,5,5,3,5,5,5,4.85,0,0,TRUE
Male,Loyal Customer,17,Personal Travel,Eco,1744,3,0,3,1,5,3,5,5,3,2,5,4,5,3.38,3,0,FALSE
Female,Disloyal Customer,18,Business Travel,Eco,896,3,4,4,3,4,1,1,1,5,5,3,1,1,2.77,0,21,FALSE
Female,Loyal Customer,56,Business Travel,Business,356,4,4,4,4,2,4,5,3,3,4,3,5,3,3.69,9,20,TRUE
Male,Loyal Customer,32,Personal Travel,Eco,259,1,5,1,4,1,3,3,2,4,1,4,3,3,2.69,148,144,FALSE
Male,Loyal Customer,46,Personal Travel,Eco Plus,1097,2,3,3,4,5,3,5,5,3,1,4,3,5,3.54,2,29,FALSE
Female,Disloyal Customer,30,Business Travel,Eco,701,3,3,3,4,4,3,4,4,4,4,4,3,4,3.62,23,47,FALSE
Male,Loyal Customer,42,Business Travel,Eco,480,3,4,4,4,4,3,4,4,3,3,3,1,4,3.38,0,2,FALSE
Female,Loyal Customer,34,Business Travel,Eco,1194,2,1,1,1,2,2,2,2,4,2,4,2,2,2.08,0,0,FALSE
Female,Loyal Customer,28,Business Travel,Business,2070,3,3,2,3,3,3,3,3,3,4,5,3,3,3.15,0,0,TRUE
Male,Loyal Customer,41,Business Travel,Business,1476,3,3,3,3,3,2,4,4,4,4,4,2,2,3.15,0,0,TRUE
Male,Loyal Customer,35,Personal Travel,Eco,1069,2,5,2,1,4,2,4,4,2,1,1,5,4,2.85,58,41,FALSE
Male,Loyal Customer,44,Personal Travel,Business,226,1,1,1,3,3,2,2,5,5,1,1,2,4,2.38,0,0,FALSE
Male,Disloyal Customer,22,Business Travel,Eco,257,2,3,2,2,5,2,2,5,1,2,2,4,5,2.85,55,38,FALSE
Female,Loyal Customer,31,Business Travel,Business,787,5,5,5,5,3,3,3,3,1,1,4,5,3,3.54,1,0,TRUE
Female,Loyal Customer,55,Business Travel,Business,2996,3,1,1,1,4,3,3,3,3,3,3,4,2,2.62,1,0,FALSE
Female,Disloyal Customer,38,Business Travel,Business,419,1,1,1,4,5,1,5,5,3,5,5,4,5,3.46,0,0,FALSE
Male,Loyal Customer,30,Business Travel,Eco Plus,965,5,1,1,1,5,5,5,5,4,1,4,1,5,3.31,87,117,TRUE
Male,Disloyal Customer,20,Business Travel,Business,762,2,3,2,3,3,2,3,3,4,4,4,2,3,2.92,18,9,FALSE
Female,Loyal Customer,30,Business Travel,Business,552,4,4,4,4,4,4,4,4,4,3,4,4,4,3.92,16,14,TRUE
Female,Disloyal Customer,49,Business Travel,Business,1107,5,5,5,3,2,5,2,2,3,2,5,4,2,3.46,1,0,TRUE
Male,Loyal Customer,49,Business Travel,Business,1777,4,4,4,4,5,5,5,4,4,4,4,4,4,4.23,1,1,TRUE
Female,Loyal Customer,50,Business Travel,Eco Plus,826,4,1,1,1,2,2,2,5,5,4,5,2,3,2.85,0,0,TRUE
Female,Disloyal Customer,50,Business Travel,Business,554,3,3,3,1,3,3,3,3,3,5,5,4,3,3.23,21,0,FALSE
Female,Loyal Customer,45,Business Travel,Business,1635,2,2,2,2,3,4,5,5,5,5,5,5,3,3.69,0,0,TRUE
Male,Loyal Customer,44,Business Travel,Business,2647,3,3,3,3,3,5,5,5,5,5,5,5,4,4.15,0,8,TRUE
Male,Loyal Customer,31,Business Travel,Eco,240,3,5,5,5,3,3,3,3,1,4,4,1,3,3.31,0,9,FALSE
Male,Loyal Customer,47,Business Travel,Eco,781,2,5,5,5,1,2,1,1,4,1,3,4,1,2.69,38,27,FALSE
Female,Loyal Customer,40,Personal Travel,Eco,156,4,3,4,4,2,4,2,2,4,1,3,3,2,2.92,0,0,FALSE
Male,Loyal Customer,53,Business Travel,Business,2091,5,5,4,5,4,4,4,2,2,2,2,4,4,3.62,0,0,TRUE
Female,Loyal Customer,36,Personal Travel,Eco,1013,4,1,4,4,5,4,4,5,4,4,4,4,5,4,2,27,FALSE
Male,Disloyal Customer,35,Business Travel,Business,630,2,2,2,3,5,2,5,5,3,3,3,3,5,3.31,2,1,FALSE
Female,Loyal Customer,22,Personal Travel,Eco,1773,2,1,2,2,3,2,3,3,1,3,2,3,3,2.31,0,0,FALSE
Female,Loyal Customer,29,Personal Travel,Eco,192,1,5,1,5,5,1,5,5,4,5,4,5,5,3.92,1,22,FALSE
Female,Loyal Customer,56,Business Travel,Business,1576,4,4,4,4,4,4,4,5,5,5,5,5,3,4.31,115,,TRUE
Male,Loyal Customer,45,Business Travel,Business,224,4,4,4,4,5,5,4,5,5,5,5,3,2,4.23,37,26,TRUE
Female,Disloyal Customer,43,Business Travel,Eco,639,5,0,5,1,1,5,1,1,3,2,2,5,1,2.46,0,2,TRUE
Female,Disloyal Customer,26,Business Travel,Business,674,4,4,4,2,3,4,3,3,3,4,4,3,3,3.38,0,0,TRUE
Male,Loyal Customer,55,Business Travel,Eco Plus,402,5,4,4,4,4,5,4,4,2,4,5,3,4,4,0,6,TRUE
Male,Loyal Customer,42,Personal Travel,Eco,1061,2,4,2,5,4,2,4,4,3,3,4,5,4,3.54,0,0,FALSE
Female,Loyal Customer,31,Business Travel,Eco Plus,692,4,5,5,5,4,4,4,4,5,1,2,4,4,3.92,111,103,TRUE
Male,Loyal Customer,21,Personal Travel,Eco,247,4,4,4,1,2,4,2,2,3,2,4,5,2,3,0,0,FALSE
Male,Loyal Customer,39,Business Travel,Business,2015,1,3,3,3,4,4,3,1,1,1,1,4,3,2.46,5,0,FALSE
Male,Loyal Customer,55,Business Travel,Business,3808,4,4,4,4,4,4,5,5,5,5,5,5,3,4.38,0,12,TRUE
Male,Loyal Customer,57,Business Travel,Eco,261,5,1,1,1,4,5,4,4,5,5,4,4,4,3.62,0,0,TRUE
Female,Disloyal Customer,22,Business Travel,Eco,1055,4,4,4,2,5,4,4,5,5,3,4,5,5,4.15,0,0,FALSE
Female,Loyal Customer,44,Business Travel,Business,417,1,1,4,1,5,4,4,4,4,4,4,3,4,3.31,0,0,TRUE
Male,Loyal Customer,46,Personal Travel,Eco,1428,3,4,3,3,5,3,5,5,3,3,3,4,5,3.77,0,0,FALSE
Male,Loyal Customer,43,Personal Travel,Eco Plus,1635,2,4,2,2,2,2,2,2,4,2,5,4,2,2.69,17,0,FALSE
Female,Loyal Customer,51,Business Travel,Business,2892,4,4,4,4,4,5,5,5,5,5,5,5,5,4.62,0,0,TRUE
Female,Loyal Customer,34,Personal Travel,Business,405,1,4,1,5,4,5,4,2,2,1,2,5,4,3.08,4,0,FALSE
Female,Loyal Customer,19,Personal Travel,Eco,1024,3,3,3,3,4,3,4,4,2,5,4,2,4,3.38,6,13,FALSE
Female,Loyal Customer,51,Business Travel,Business,591,4,3,3,3,4,3,3,4,4,4,4,4,4,3.62,0,0,FALSE
Male,Loyal Customer,57,Business Travel,Business,1922,5,5,4,5,5,4,4,4,4,4,4,4,4,4.31,9,9,TRUE
Female,Loyal Customer,18,Business Travel,Business,874,3,2,2,2,3,3,3,3,1,4,4,2,3,2.69,13,0,FALSE
Male,Loyal Customer,51,Business Travel,Business,255,4,4,4,4,4,4,5,4,4,4,4,3,4,4,99,110,TRUE
Male,Loyal Customer,35,Business Travel,Eco,533,1,4,5,4,1,1,1,1,1,1,2,2,1,1.92,0,0,FALSE
Female,Disloyal Customer,24,Business Travel,Eco,562,2,1,2,3,2,2,4,2,4,5,3,2,2,2.62,0,0,FALSE
Female,Loyal Customer,52,Personal Travel,Eco,528,4,5,4,2,4,4,5,5,5,4,5,4,3,4.15,0,0,TRUE
Female,Loyal Customer,68,Personal Travel,Eco,164,2,4,2,4,3,4,5,3,3,2,3,4,3,3.23,0,0,FALSE
Female,Loyal Customer,50,Personal Travel,Eco,471,2,5,3,2,1,1,1,1,1,3,1,4,4,2.23,0,0,FALSE
Female,Disloyal Customer,37,Business Travel,Eco,106,1,1,1,1,1,1,4,1,2,1,2,4,1,1.62,0,0,FALSE
Male,Loyal Customer,68,Personal Travel,Business,1452,2,4,2,5,4,3,5,2,2,2,2,5,4,3.23,0,0,FALSE
Female,Disloyal Customer,38,Business Travel,Eco,855,2,1,1,4,1,5,4,2,5,3,3,4,4,3,0,47,FALSE
Female,Loyal Customer,67,Personal Travel,Eco Plus,493,2,4,2,2,5,4,5,5,5,2,2,4,4,3.54,0,0,FALSE
Male,Loyal Customer,67,Personal Travel,Eco,743,3,4,3,3,1,3,1,1,4,4,5,5,1,2.92,0,1,FALSE
Female,Loyal Customer,40,Personal Travel,Eco,670,3,4,4,3,3,4,3,3,5,4,4,4,3,3.62,11,4,FALSE
Female,Disloyal Customer,23,Business Travel,Eco,680,3,3,3,4,1,3,1,1,1,3,4,3,1,2.38,10,8,FALSE
Male,Loyal Customer,58,Personal Travel,Eco,511,2,4,2,1,3,2,3,3,3,5,4,5,3,3.08,28,35,FALSE
Male,Loyal Customer,41,Business Travel,Business,438,5,5,5,5,3,4,4,3,3,4,3,2,2,3.69,0,0,TRUE
Male,Disloyal Customer,47,Business Travel,Business,447,4,4,4,3,2,4,2,2,3,3,5,4,2,3.23,0,0,FALSE
Male,Loyal Customer,51,Business Travel,Business,1360,3,3,3,3,1,5,3,5,5,5,5,3,2,3.54,0,0,TRUE
Female,Loyal Customer,39,Personal Travel,Eco,997,4,4,4,2,2,4,2,2,2,3,5,1,2,2.85,21,16,TRUE
Female,Loyal Customer,37,Business Travel,Business,3316,2,2,4,2,4,5,5,5,5,5,5,3,5,4,27,22,TRUE
Male,Loyal Customer,56,Business Travel,Eco,365,3,5,4,5,3,3,3,3,2,5,3,3,3,3.46,13,14,FALSE
Male,Loyal Customer,16,Business Travel,Business,1948,1,1,5,1,3,3,3,3,2,2,3,5,3,2.69,0,0,TRUE
Female,Disloyal Customer,45,Business Travel,Eco,589,3,0,3,3,4,3,2,4,3,5,3,2,4,3,19,9,FALSE
Male,Disloyal Customer,30,Business Travel,Eco,929,3,3,3,3,5,3,5,5,1,1,3,2,5,3.23,0,7,FALSE
Male,Loyal Customer,43,Business Travel,Eco,991,4,3,5,3,4,4,4,4,2,4,3,1,4,3.46,0,14,FALSE
Female,Loyal Customer,28,Business Travel,Eco,691,5,4,4,4,5,5,5,5,5,3,5,5,5,4.62,0,0,TRUE
Female,Loyal Customer,50,Business Travel,Business,2472,3,1,1,1,2,2,1,3,3,3,3,3,1,2.08,0,0,FALSE
Male,Loyal Customer,36,Business Travel,Eco,328,4,5,5,5,4,4,4,4,3,5,3,4,4,4.15,0,0,TRUE
Male,Disloyal Customer,29,Business Travel,Business,2311,1,1,1,2,5,1,5,5,5,4,5,5,5,3.46,0,0,FALSE
Female,Loyal Customer,59,Business Travel,Business,368,3,3,3,3,4,5,5,2,2,2,2,3,4,3.15,1,0,TRUE
Female,Loyal Customer,39,Business Travel,Business,3983,4,4,4,4,2,4,5,5,5,5,5,4,3,4.15,0,0,TRUE
Female,Disloyal Customer,27,Business Travel,Eco,663,4,2,5,3,4,5,4,4,3,4,3,2,4,3.62,0,0,FALSE
Male,Disloyal Customer,25,Business Travel,Eco,1199,4,4,4,4,4,4,4,4,3,5,2,4,4,3.85,1,3,TRUE
Female,Disloyal Customer,23,Business Travel,Eco Plus,403,2,3,2,3,4,2,5,4,4,5,2,2,4,3.23,96,129,FALSE
Female,Loyal Customer,48,Personal Travel,Eco,683,3,5,3,3,2,4,5,3,3,3,3,3,4,3.38,0,0,FALSE
Female,Loyal Customer,13,Personal Travel,Eco,802,1,5,1,1,2,1,5,2,3,5,3,2,2,2.54,19,13,FALSE
Male,Loyal Customer,36,Business Travel,Business,1970,1,1,2,1,1,3,5,5,5,5,5,4,3,3.15,0,0,TRUE
Male,Disloyal Customer,38,Business Travel,Eco,984,4,4,4,1,1,4,1,1,3,2,2,2,1,2.31,92,75,FALSE
Male,Loyal Customer,60,Personal Travel,Eco,541,1,5,1,2,4,1,4,4,4,3,4,4,4,3.15,0,0,FALSE
Male,Disloyal Customer,22,Business Travel,Eco,588,2,5,3,2,3,3,3,3,4,2,4,4,3,3.15,0,0,FALSE
Female,Loyal Customer,12,Personal Travel,Eco,2227,4,3,4,3,4,4,2,4,3,4,4,2,4,3.46,17,2,FALSE
Male,Loyal Customer,49,Business Travel,Business,2607,2,4,4,4,5,2,2,3,3,2,2,3,3,3,0,7,FALSE
Male,Loyal Customer,49,Business Travel,Business,2268,4,4,4,4,4,4,4,4,4,4,4,5,4,4.08,0,1,TRUE
Male,Loyal Customer,49,Personal Travel,Eco Plus,137,2,0,2,1,2,2,2,2,3,3,2,5,2,2.15,82,85,FALSE
Female,Disloyal Customer,37,Business Travel,Eco,228,3,2,3,4,3,4,3,1,5,3,4,3,3,3.15,153,147,FALSE
Male,Loyal Customer,58,Business Travel,Business,1635,1,1,1,1,5,5,5,4,4,4,4,4,4,3.31,25,13,TRUE
Female,Loyal Customer,50,Business Travel,Business,1662,1,1,1,1,5,4,4,4,4,4,4,4,4,3.15,0,0,TRUE
Male,Disloyal Customer,30,Business Travel,Business,677,1,1,1,5,4,1,3,4,4,2,4,3,4,2.85,0,0,FALSE
Female,Loyal Customer,52,Business Travel,Eco Plus,450,3,1,1,1,5,4,4,3,3,3,3,3,3,2.85,0,0,FALSE
Female,Loyal Customer,64,Personal Travel,Eco,1609,3,1,3,3,2,4,3,2,2,3,2,3,3,2.62,0,0,FALSE
Female,Disloyal Customer,40,Business Travel,Business,762,3,3,3,4,2,3,2,2,4,4,5,4,2,3.15,1,0,FALSE
Male,Disloyal Customer,44,Business Travel,Business,166,5,4,4,4,5,5,5,5,4,2,5,5,5,4.46,0,0,TRUE
Male,Loyal Customer,41,Business Travel,Business,1551,3,3,3,3,5,5,4,4,4,4,4,3,3,3.69,0,0,TRUE
Male,Disloyal Customer,41,Business Travel,Eco,903,2,2,2,3,1,2,1,1,3,2,4,4,1,2.15,0,0,FALSE
Male,Loyal Customer,23,Business Travel,Eco,1074,5,3,3,3,5,5,4,5,4,2,4,5,5,4.08,0,0,TRUE
Male,Loyal Customer,33,Personal Travel,Eco,224,4,5,4,3,4,4,4,4,3,3,4,5,4,3.92,0,0,TRUE
Male,Loyal Customer,58,Business Travel,Eco,717,3,4,4,4,3,3,3,3,2,3,4,2,3,3.15,44,25,FALSE
Female,Loyal Customer,54,Business Travel,Eco,371,2,2,2,2,3,3,3,2,2,2,2,1,4,2.31,95,82,FALSE
Male,Disloyal Customer,37,Business Travel,Eco,177,1,4,1,4,1,1,1,1,1,1,4,4,1,1.92,0,0,FALSE
Female,Loyal Customer,47,Business Travel,Business,663,5,5,5,5,5,5,5,4,4,4,4,3,5,4.54,0,0,TRUE
Female,Loyal Customer,68,Personal Travel,Eco Plus,701,3,4,3,1,2,2,1,5,5,3,1,2,5,2.85,14,26,FALSE
Female,Disloyal Customer,33,Business Travel,Business,201,1,1,1,1,1,1,1,1,3,2,5,3,1,1.69,0,1,FALSE
Male,Loyal Customer,20,Personal Travel,Eco,1027,2,4,2,4,4,2,4,4,3,5,4,3,4,3.46,0,0,FALSE
Male,Loyal Customer,51,Business Travel,Eco,643,3,4,4,4,4,3,4,4,3,2,4,2,4,3.46,31,28,FALSE
Male,Loyal Customer,45,Business Travel,Business,622,2,2,2,2,5,5,5,2,2,2,2,4,4,3,40,53,TRUE
Male,Disloyal Customer,30,Business Travel,Eco,1270,1,1,1,3,5,1,5,5,5,1,3,2,5,2.92,0,0,FALSE
Female,Loyal Customer,50,Personal Travel,Eco,677,2,5,2,4,2,5,5,5,5,2,5,4,5,3.92,42,34,FALSE
Female,Disloyal Customer,38,Business Travel,Eco,255,2,3,2,3,5,2,5,5,1,5,3,1,5,3.23,0,0,FALSE
Male,Loyal Customer,45,Business Travel,Business,1310,4,4,4,4,3,5,5,5,5,5,5,3,4,4.31,69,48,TRUE
Female,Loyal Customer,63,Personal Travel,Eco,270,4,0,4,3,1,4,3,2,2,4,4,1,1,2.54,33,30,FALSE
Male,Loyal Customer,14,Personal Travel,Eco,238,3,2,3,3,3,3,3,3,3,5,4,1,3,3,107,104,FALSE
Female,Loyal Customer,56,Business Travel,Eco,199,4,5,5,5,4,2,2,4,4,4,4,5,1,3.77,0,0,TRUE
Female,Loyal Customer,76,Business Travel,Business,192,5,5,5,5,2,5,3,4,4,4,5,4,5,4.31,0,0,TRUE
Male,Loyal Customer,52,Personal Travel,Eco,235,4,4,4,2,5,4,5,5,4,2,5,3,5,4,25,19,FALSE
Male,Loyal Customer,42,Business Travel,Business,888,4,4,4,4,4,4,4,4,4,4,4,3,4,3.92,9,1,TRUE
Female,Loyal Customer,58,Business Travel,Business,2204,3,3,3,3,2,5,4,4,4,4,4,3,5,3.62,0,1,TRUE
Male,Loyal Customer,67,Personal Travel,Eco,631,2,1,2,1,2,2,2,2,2,3,2,2,2,1.92,0,0,FALSE
Male,Disloyal Customer,23,Business Travel,Eco,517,2,0,2,4,5,2,5,5,5,3,4,3,5,3.46,0,0,FALSE
Male,Disloyal Customer,20,Business Travel,Eco,1009,4,4,4,4,3,4,3,3,5,5,4,5,3,3.92,2,0,TRUE
Female,Disloyal Customer,28,Business Travel,Eco,628,1,4,1,4,2,1,3,2,3,5,4,2,2,2.62,7,2,FALSE
Female,Loyal Customer,35,Personal Travel,Eco,1211,1,0,1,1,1,1,1,1,5,4,5,5,1,2.08,0,9,FALSE
Male,Loyal Customer,59,Business Travel,Business,2483,2,2,2,2,1,4,3,2,2,2,2,3,2,2.23,0,0,FALSE
Female,Disloyal Customer,23,Business Travel,Business,507,0,2,0,5,2,0,2,2,3,5,4,3,2,2.31,4,0,TRUE
Female,Disloyal Customer,17,Business Travel,Eco,354,3,4,3,4,4,3,4,4,1,4,3,4,4,3.46,10,12,FALSE
Male,Loyal Customer,20,Personal Travel,Eco,612,3,2,3,4,3,3,3,3,2,2,3,2,3,2.77,1,0,FALSE
Male,Disloyal Customer,48,Business Travel,Business,285,1,1,1,3,5,1,5,5,1,3,3,3,5,2.85,0,0,FALSE
Female,Loyal Customer,41,Business Travel,Business,3732,3,1,1,1,4,3,4,3,3,3,3,1,1,2.38,0,0,FALSE
Male,Loyal Customer,41,Business Travel,Business,2710,4,4,4,4,5,4,5,3,3,4,3,4,5,4,12,0,TRUE
Male,Loyal Customer,56,Personal Travel,Eco,1222,4,3,4,2,4,4,4,4,1,4,3,1,4,3.23,61,90,FALSE
Male,Loyal Customer,37,Business Travel,Business,3648,3,5,5,5,1,3,3,3,3,2,3,2,2,3.08,1,0,FALSE
Male,Loyal Customer,39,Business Travel,Business,2419,2,3,3,3,4,4,4,2,2,2,2,2,2,2.69,0,0,FALSE
Female,Disloyal Customer,25,Business Travel,Business,759,2,5,2,4,1,2,4,1,5,2,4,5,1,2.92,0,0,FALSE
Male,Disloyal Customer,35,Business Travel,Business,1067,2,2,2,3,3,2,3,3,5,1,2,4,3,2.69,7,0,FALSE
Female,Loyal Customer,60,Business Travel,Business,319,3,3,3,3,1,3,4,3,3,3,3,1,3,2.77,0,0,FALSE
Male,Loyal Customer,38,Personal Travel,Eco Plus,416,3,5,3,1,2,3,2,2,3,1,5,4,2,2.77,10,4,FALSE
Female,Loyal Customer,47,Business Travel,Eco,446,4,3,3,3,5,3,2,4,4,4,4,3,4,3.54,44,31,FALSE
Female,Loyal Customer,31,Personal Travel,Eco,442,4,1,5,4,5,5,5,5,2,3,3,4,5,3.92,6,9,FALSE
Male,Disloyal Customer,10,Business Travel,Eco,860,3,3,3,2,3,3,3,3,5,2,4,5,3,3.23,6,0,FALSE
Male,Loyal Customer,39,Business Travel,Business,557,2,4,4,4,3,3,4,2,2,2,2,4,1,2.85,58,40,FALSE
Female,Loyal Customer,45,Personal Travel,Eco Plus,1237,1,4,1,2,5,4,4,5,5,1,1,3,4,3.08,0,0,FALSE
Male,Loyal Customer,52,Business Travel,Business,2143,3,2,2,2,1,2,2,3,3,3,3,3,3,2.46,0,0,FALSE
Male,Disloyal Customer,21,Business Travel,Business,1065,4,0,4,2,5,4,5,5,3,5,4,5,5,3.92,0,0,TRUE
Male,Loyal Customer,46,Business Travel,Eco Plus,432,2,2,2,2,2,2,2,2,3,5,4,1,2,2.38,19,47,FALSE
Female,Loyal Customer,31,Business Travel,Business,1920,5,1,3,1,5,4,5,5,1,2,4,1,5,3.23,0,0,FALSE
Female,Loyal Customer,31,Personal Travel,Eco,370,2,4,2,4,3,2,3,3,4,5,4,4,3,3.31,8,16,FALSE
Male,Loyal Customer,68,Personal Travel,Eco,1379,5,4,5,5,2,5,2,2,5,3,4,5,2,3.77,1,0,TRUE
Female,Loyal Customer,46,Business Travel,Eco,634,2,1,1,1,2,2,2,2,2,2,2,4,1,1.85,0,0,FALSE
Male,Disloyal Customer,22,Business Travel,Eco,1383,3,3,3,4,2,3,2,2,3,5,4,4,2,3.08,32,8,FALSE
Female,Loyal Customer,40,Business Travel,Eco,266,5,5,5,5,5,5,5,5,3,3,1,2,5,4.15,0,1,TRUE
Male,Loyal Customer,58,Business Travel,Business,792,1,1,1,1,4,4,4,1,1,1,1,2,1,1.77,15,31,FALSE
Male,Loyal Customer,44,Business Travel,Eco,156,2,2,3,2,2,2,2,2,1,4,3,2,2,2.23,0,1,FALSE
Female,Disloyal Customer,25,Business Travel,Eco Plus,954,3,0,4,3,4,4,2,4,4,3,5,3,4,3.31,0,0,FALSE
Female,Disloyal Customer,35,Business Travel,Business,772,1,1,1,4,1,1,1,1,3,5,5,4,1,2.23,0,0,FALSE
Male,Disloyal Customer,38,Business Travel,Eco Plus,370,3,3,3,4,2,3,2,2,3,5,2,4,2,2.92,0,2,FALSE
Female,Loyal Customer,40,Personal Travel,Eco,500,1,5,1,5,4,1,4,4,3,5,4,5,4,3.54,0,0,FALSE
Male,Loyal Customer,56,Personal Travel,Eco,731,1,3,1,4,1,1,1,1,3,4,4,3,1,2.15,0,0,FALSE
Female,Loyal Customer,38,Business Travel,Business,1514,5,5,5,5,2,4,5,5,5,5,5,4,3,4.46,3,0,TRUE
Male,Loyal Customer,29,Personal Travel,Eco Plus,631,1,2,0,3,4,0,4,4,3,4,4,2,4,2.69,97,83,FALSE
Female,Loyal Customer,49,Business Travel,Business,2526,3,3,3,3,5,5,4,4,4,4,4,4,4,3.85,0,0,TRUE
Male,Loyal Customer,39,Business Travel,Business,3523,4,4,4,4,3,4,5,5,5,5,5,4,4,4.31,0,0,TRUE
Male,Loyal Customer,21,Personal Travel,Eco,1607,2,4,2,1,3,2,3,3,4,5,3,3,3,2.92,0,0,FALSE
Female,Loyal Customer,46,Business Travel,Business,1916,5,5,5,5,3,3,4,4,4,4,4,5,3,4.15,2,0,TRUE
Male,Disloyal Customer,23,Business Travel,Eco,240,4,2,4,4,4,3,3,3,3,3,3,3,3,3.23,312,304,FALSE
Male,Loyal Customer,26,Personal Travel,Eco,189,1,5,1,2,3,1,3,3,5,2,5,4,3,2.92,0,0,FALSE
Female,Disloyal Customer,17,Business Travel,Eco,533,2,2,2,3,2,2,2,2,3,4,3,4,2,2.54,83,78,FALSE
Female,Loyal Customer,30,Business Travel,Eco,2454,3,2,2,2,3,2,3,3,1,2,4,1,3,2.38,0,0,FALSE
Male,Loyal Customer,39,Business Travel,Business,3597,2,3,3,3,5,4,4,2,2,2,2,2,4,2.92,0,10,FALSE
Male,Loyal Customer,48,Business Travel,Business,190,1,1,1,1,5,5,4,5,5,5,5,4,5,3.62,0,3,TRUE
Male,Loyal Customer,27,Personal Travel,Eco,993,1,4,1,3,2,1,2,2,2,4,3,3,2,2.31,0,24,FALSE
Female,Loyal Customer,39,Business Travel,Business,3955,0,3,0,1,2,4,3,5,5,5,5,4,2,3,0,0,TRUE
Female,Loyal Customer,26,Business Travel,Business,2037,5,5,5,5,4,4,4,4,4,4,5,4,4,4.38,0,0,TRUE
Female,Loyal Customer,11,Personal Travel,Eco,449,1,4,1,2,1,1,1,1,4,1,5,5,1,2.15,19,78,FALSE
Male,Loyal Customer,51,Personal Travel,Eco Plus,710,3,5,3,3,2,3,2,2,5,3,4,3,2,3.08,0,0,FALSE
Female,Loyal Customer,21,Business Travel,Eco,621,3,3,4,3,3,3,2,3,2,3,3,4,3,3,0,0,FALSE
Male,Loyal Customer,53,Business Travel,Business,2413,3,3,3,3,5,5,5,4,4,4,4,3,3,3.77,0,0,TRUE
Female,Loyal Customer,31,Business Travel,Business,2798,2,3,3,3,2,2,2,2,3,2,4,4,2,2.62,0,0,FALSE
Female,Disloyal Customer,27,Business Travel,Eco,484,3,0,3,4,1,3,1,1,4,5,3,4,1,2.54,0,0,FALSE
Male,Loyal Customer,15,Personal Travel,Eco,122,1,4,1,3,5,1,5,5,1,4,5,1,5,3.15,8,21,FALSE
Male,Loyal Customer,45,Business Travel,Business,2628,3,3,3,3,5,5,4,4,4,4,4,5,3,3.85,109,116,TRUE
Male,Loyal Customer,31,Business Travel,Business,192,3,3,3,3,4,4,4,4,3,5,4,3,4,3.62,0,0,TRUE
Male,Loyal Customer,9,Personal Travel,Eco,602,3,5,3,3,1,3,1,1,4,5,5,5,1,3.08,23,29,FALSE
Female,Loyal Customer,29,Personal Travel,Eco,277,1,5,5,3,4,5,5,4,2,5,4,2,4,3.77,31,43,FALSE
Female,Loyal Customer,53,Business Travel,Business,3429,4,4,4,4,2,5,5,5,5,5,5,4,4,4.31,8,0,TRUE
Female,Loyal Customer,36,Business Travel,Eco Plus,425,3,4,4,4,3,3,3,3,1,2,4,2,3,3,38,66,FALSE
Male,Loyal Customer,52,Personal Travel,Eco,214,3,0,3,4,3,3,3,3,5,5,4,3,3,3.23,0,0,FALSE
Female,Loyal Customer,24,Business Travel,Business,3173,5,5,5,5,4,4,4,4,2,5,2,3,4,4,14,22,TRUE
Female,Loyal Customer,63,Personal Travel,Eco,255,3,4,0,3,3,1,5,3,3,0,3,1,2,2.38,49,45,FALSE
Male,Loyal Customer,68,Personal Travel,Eco,488,3,0,3,3,5,3,5,5,3,3,4,3,5,3.46,81,75,FALSE
Female,Loyal Customer,27,Personal Travel,Eco,737,4,4,5,2,3,5,3,3,3,2,4,5,3,3.54,5,16,TRUE
Female,Disloyal Customer,38,Business Travel,Eco,349,2,0,2,4,3,2,2,3,4,1,4,4,3,2.62,8,67,FALSE
Female,Loyal Customer,67,Business Travel,Business,3656,2,4,4,4,2,3,3,2,2,2,2,4,3,2.85,37,38,FALSE
Female,Loyal Customer,23,Business Travel,Eco,482,4,1,1,1,4,4,3,4,1,2,1,1,4,2.38,7,0,TRUE
Female,Loyal Customer,26,Personal Travel,Eco,1598,0,1,0,3,4,0,4,4,1,4,4,2,4,2.38,0,0,TRUE
Female,Loyal Customer,30,Business Travel,Business,1990,3,3,1,3,2,2,2,2,4,3,5,4,2,2.77,25,15,TRUE
Female,Loyal Customer,7,Personal Travel,Eco,944,5,1,4,4,1,4,1,1,3,3,3,3,1,2.62,0,0,TRUE
Female,Loyal Customer,50,Business Travel,Business,3360,1,1,1,1,4,5,5,4,4,4,4,5,5,3.38,45,36,TRUE
Female,Loyal Customer,58,Business Travel,Business,3676,2,2,1,2,4,5,4,5,5,5,5,3,4,3.62,75,65,TRUE
Male,Loyal Customer,60,Business Travel,Business,2065,1,3,3,3,3,2,1,1,1,1,1,3,4,2.08,47,28,FALSE
Female,Disloyal Customer,22,Business Travel,Eco,163,5,0,5,2,4,5,4,4,3,3,4,3,4,3.54,0,0,TRUE
Female,Loyal Customer,47,Personal Travel,Eco,964,1,4,1,3,2,4,4,5,5,1,1,4,3,2.92,0,0,FALSE
Male,Loyal Customer,41,Business Travel,Business,280,5,5,5,5,4,5,4,5,5,5,5,5,4,4.77,0,0,TRUE
Female,Loyal Customer,39,Business Travel,Business,493,3,3,3,3,2,3,1,4,4,4,4,3,1,2.92,0,0,TRUE
Female,Loyal Customer,55,Business Travel,Business,2383,2,2,5,2,3,4,5,4,4,4,5,3,4,3.62,0,0,TRUE
Female,Disloyal Customer,26,Business Travel,Business,802,4,3,3,3,4,3,4,4,3,4,4,5,4,3.69,0,0,TRUE
Male,Loyal Customer,24,Personal Travel,Eco,113,5,1,0,2,1,0,1,1,4,5,2,1,1,1.85,0,0,TRUE
Female,Loyal Customer,50,Business Travel,Business,964,1,1,1,1,3,4,4,4,4,4,4,4,3,2.92,0,0,TRUE
Female,Loyal Customer,45,Business Travel,Business,1814,2,2,2,2,4,5,5,5,5,5,5,4,5,3.92,0,0,TRUE
Female,Loyal Customer,55,Personal Travel,Business,760,4,5,4,4,5,4,4,4,4,4,4,3,5,4.15,3,0,FALSE
Female,Disloyal Customer,27,Business Travel,Business,226,1,1,1,5,2,1,2,2,5,2,5,3,2,2.46,0,0,FALSE
Male,Loyal Customer,33,Personal Travel,Eco,372,3,2,3,2,3,3,3,3,1,4,1,2,3,2.54,0,0,FALSE
Female,Loyal Customer,52,Personal Travel,Eco,160,2,4,2,1,2,5,4,4,4,2,4,3,4,3.15,0,0,FALSE
Male,Loyal Customer,34,Personal Travel,Eco,296,2,5,2,2,3,2,3,3,3,5,5,5,3,3.31,0,0,FALSE
Male,Disloyal Customer,37,Business Travel,Business,447,2,2,2,3,1,2,1,1,4,3,4,3,1,2.23,11,11,TRUE
Female,Disloyal Customer,23,Business Travel,Eco,337,4,3,4,2,4,4,4,4,5,3,1,1,4,3.31,27,21,TRUE
Female,Disloyal Customer,36,Business Travel,Business,325,4,5,5,4,1,5,1,1,4,3,4,4,1,3.23,1,2,FALSE
Male,Loyal Customer,64,Personal Travel,Eco,964,4,4,4,3,5,4,5,5,3,3,5,5,5,4.23,0,0,TRUE
Male,Disloyal Customer,16,Business Travel,Eco Plus,1020,4,0,4,3,2,4,2,2,3,2,4,1,2,2.54,0,0,FALSE
Female,Loyal Customer,12,Personal Travel,Eco,1237,3,4,3,2,1,3,1,1,5,4,5,3,1,2.77,42,45,FALSE
Female,Disloyal Customer,40,Business Travel,Business,102,3,3,3,2,5,3,4,5,2,3,2,2,5,3.23,26,33,FALSE
Male,Disloyal Customer,27,Business Travel,Eco,612,1,4,1,3,5,1,1,5,3,5,4,4,5,3.23,0,0,FALSE
Female,Loyal Customer,44,Business Travel,Eco,2355,5,3,5,5,3,4,4,4,4,5,4,2,4,4,15,3,TRUE
Male,Loyal Customer,43,Business Travel,Business,2095,5,5,5,5,3,5,5,5,5,5,5,5,4,4.77,0,0,TRUE
Male,Loyal Customer,44,Business Travel,Business,2528,4,4,4,4,4,5,4,5,5,5,4,5,3,4.31,5,0,TRUE
Male,Loyal Customer,34,Business Travel,Business,1703,2,2,2,2,5,5,5,5,2,5,5,5,5,3.85,151,177,TRUE
Male,Loyal Customer,36,Business Travel,Eco,273,2,4,4,4,2,2,2,2,4,1,4,3,2,2.77,0,0,FALSE
Male,Loyal Customer,19,Business Travel,Eco Plus,247,2,2,1,1,2,2,2,2,1,4,4,2,2,2.08,31,21,FALSE
Male,Loyal Customer,30,Business Travel,Business,230,0,0,0,4,4,4,2,4,1,1,5,1,4,2.31,0,39,TRUE
Male,Loyal Customer,15,Personal Travel,Eco,1506,1,4,1,5,1,1,1,1,4,4,4,4,1,2.46,36,44,FALSE
Female,Loyal Customer,69,Personal Travel,Eco,255,1,3,1,3,2,3,3,1,1,1,1,2,3,1.92,0,0,FALSE
Female,Loyal Customer,42,Personal Travel,Eco Plus,449,3,1,1,4,5,4,3,3,3,1,3,2,3,2.77,64,49,FALSE
Female,Loyal Customer,40,Business Travel,Eco,950,4,3,3,3,4,4,4,4,2,1,1,4,4,3.15,0,0,TRUE
Female,Loyal Customer,25,Personal Travel,Eco,1199,2,4,2,4,2,2,2,2,1,3,4,5,2,2.69,1,1,FALSE
Female,Loyal Customer,41,Business Travel,Business,1904,3,3,5,3,5,5,5,5,5,5,5,5,3,4.38,1,0,TRUE
Female,Disloyal Customer,25,Business Travel,Eco,1249,5,5,5,1,1,5,1,1,5,1,4,3,1,2.92,0,0,TRUE
Female,Loyal Customer,43,Personal Travel,Eco,451,4,5,4,1,5,5,5,1,1,4,1,3,3,3.23,0,0,FALSE
Male,Loyal Customer,25,Business Travel,Eco Plus,542,5,2,1,1,5,5,5,5,4,4,2,3,5,3.62,6,4,TRUE
Male,Loyal Customer,42,Personal Travel,Eco,500,2,4,2,4,2,2,2,2,3,3,2,2,2,2.46,0,0,FALSE
Male,Loyal Customer,47,Business Travel,Business,1175,2,4,4,4,3,4,3,2,2,3,2,2,3,2.92,0,0,FALSE
Female,Disloyal Customer,27,Business Travel,Eco,163,1,0,1,1,3,1,2,3,1,1,5,3,3,1.92,0,0,FALSE
Male,Loyal Customer,42,Business Travel,Business,577,4,3,4,4,4,4,4,3,3,3,3,4,3,3.54,18,35,TRUE
Male,Loyal Customer,15,Personal Travel,Eco Plus,236,2,4,2,5,4,2,4,4,3,3,5,3,4,3.46,0,0,FALSE
Male,Loyal Customer,44,Business Travel,Business,937,1,1,1,1,4,4,4,4,4,4,4,4,5,3.15,0,0,TRUE
Male,Loyal Customer,27,Business Travel,Business,3049,3,4,4,4,3,3,3,3,4,1,3,1,3,3,0,0,FALSE
Male,Loyal Customer,66,Personal Travel,Business,1723,1,4,1,3,3,2,4,4,4,1,4,3,3,2.85,0,14,FALSE
Female,Disloyal Customer,30,Business Travel,Business,731,1,1,1,3,4,1,4,4,5,5,4,3,4,3.08,0,0,FALSE
Female,Loyal Customer,40,Business Travel,Business,1742,2,2,2,2,2,5,4,5,5,5,5,4,4,3.62,0,0,TRUE
Female,Loyal Customer,44,Business Travel,Business,3621,1,2,2,2,1,3,4,1,1,2,1,4,1,1.92,32,15,FALSE
Female,Loyal Customer,43,Business Travel,Eco Plus,1005,4,4,4,4,4,4,5,4,4,4,4,1,1,3.62,64,73,TRUE
Female,Loyal Customer,45,Business Travel,Business,2465,2,5,5,5,1,2,1,4,4,4,2,1,1,2.85,5,6,FALSE
Female,Loyal Customer,47,Business Travel,Business,2063,4,4,1,4,2,5,5,4,4,4,4,5,4,3.85,17,6,TRUE
Male,Loyal Customer,48,Personal Travel,Eco Plus,67,3,5,3,3,3,3,3,3,5,2,4,5,3,3.46,17,43,FALSE
Female,Loyal Customer,47,Business Travel,Business,2407,3,3,3,3,3,4,5,4,4,4,4,5,4,3.77,0,0,TRUE
Male,Loyal Customer,47,Personal Travel,Eco,526,4,5,5,3,1,5,1,1,3,2,5,3,1,3,6,2,FALSE
Female,Loyal Customer,29,Business Travel,Business,2146,5,5,3,5,4,4,4,4,1,2,5,2,4,3.69,13,11,TRUE
Female,Loyal Customer,46,Business Travel,Eco,550,2,3,3,3,2,3,4,2,2,2,2,2,3,2.54,1,0,FALSE
Male,Loyal Customer,49,Business Travel,Business,3977,5,3,5,5,5,4,5,4,4,4,4,3,5,4.31,62,57,TRUE
Female,Disloyal Customer,26,Business Travel,Business,584,0,0,0,4,4,0,4,4,4,2,5,5,4,2.77,24,11,TRUE
Female,Loyal Customer,30,Business Travel,Business,561,1,5,5,5,1,1,1,1,1,3,2,1,1,2.15,0,0,FALSE
Female,Loyal Customer,59,Business Travel,Business,1961,4,4,4,4,5,4,4,5,5,5,5,3,3,4.23,0,0,TRUE
Female,Disloyal Customer,27,Business Travel,Eco,432,3,2,3,4,5,3,5,5,3,4,3,3,5,3.69,0,0,FALSE
Male,Disloyal Customer,42,Business Travel,Business,700,4,4,4,2,2,4,3,2,4,3,4,3,2,3.15,0,0,TRUE
Male,Loyal Customer,46,Business Travel,Business,3396,2,2,2,2,2,5,5,5,5,5,4,4,5,3.69,0,0,TRUE
Male,Loyal Customer,19,Personal Travel,Eco,888,1,1,1,3,4,1,4,4,4,4,2,4,4,2.85,0,0,FALSE
Male,Loyal Customer,28,Personal Travel,Eco,89,2,5,2,3,3,2,3,3,4,4,5,3,3,3.23,0,0,FALSE
Male,Loyal Customer,51,Business Travel,Business,2796,3,3,3,3,5,4,4,5,5,5,5,4,4,4.08,50,43,TRUE
Female,Disloyal Customer,39,Business Travel,Business,370,4,4,4,5,2,4,2,2,5,1,3,1,2,3,0,0,TRUE
Male,Loyal Customer,18,Personal Travel,Eco,612,3,3,3,4,3,3,3,3,1,2,5,2,3,2.92,0,0,FALSE
Male,Disloyal Customer,23,Business Travel,Eco,1034,3,3,3,3,1,3,1,1,3,3,3,1,1,2.23,70,35,FALSE
Male,Loyal Customer,52,Business Travel,Eco,1075,3,1,1,1,3,3,3,3,1,5,4,1,3,2.46,29,12,FALSE
Female,Disloyal Customer,27,Business Travel,Business,867,2,2,2,3,4,2,4,4,3,3,5,5,4,3.31,0,0,FALSE
Female,Loyal Customer,51,Business Travel,Eco,596,2,5,5,5,4,3,2,2,2,2,2,5,5,3.38,0,0,TRUE
Female,Loyal Customer,64,Business Travel,Eco Plus,234,4,5,5,5,4,3,4,4,4,4,4,2,2,3.85,0,0,FALSE
Female,Loyal Customer,53,Business Travel,Business,2640,2,2,2,2,2,2,2,1,2,5,1,2,2,2.08,0,0,TRUE
Female,Loyal Customer,52,Personal Travel,Eco Plus,247,3,4,0,3,4,4,5,5,5,0,5,3,3,3.38,8,2,FALSE
Male,Loyal Customer,54,Business Travel,Business,2329,4,4,4,4,5,4,5,3,3,4,3,3,3,3.77,0,5,TRUE
Male,Loyal Customer,26,Business Travel,Business,1541,2,4,4,4,2,2,2,2,3,4,4,3,2,2.92,1,,FALSE
Female,Loyal Customer,29,Personal Travel,Business,328,3,0,3,4,4,3,4,4,4,2,3,5,4,3.31,0,6,FALSE
Male,Loyal Customer,37,Personal Travel,Eco Plus,427,3,3,3,1,1,3,1,1,5,3,4,2,1,2.38,0,0,FALSE
Female,Loyal Customer,43,Personal Travel,Eco Plus,116,4,3,4,3,3,4,4,5,5,4,3,4,4,3.85,0,0,FALSE
Male,Loyal Customer,38,Business Travel,Business,2541,4,1,3,1,4,4,4,3,4,3,4,4,4,3.31,0,0,FALSE
Male,Loyal Customer,36,Business Travel,Business,241,2,4,4,4,1,4,4,2,2,2,2,2,1,2.62,14,11,FALSE
Male,Loyal Customer,31,Personal Travel,Eco,308,5,3,5,4,5,5,2,5,3,4,3,2,5,3.92,0,0,TRUE
Female,Loyal Customer,54,Business Travel,Business,423,2,2,2,2,5,5,5,5,5,5,5,4,4,3.92,9,0,TRUE
Male,Loyal Customer,57,Business Travel,Business,2782,3,3,3,3,4,5,5,4,4,4,4,5,4,3.92,0,0,TRUE
Female,Loyal Customer,49,Business Travel,Business,3292,4,4,3,4,3,5,5,4,4,4,4,3,3,3.85,0,0,TRUE
Female,Loyal Customer,34,Business Travel,Business,1242,5,5,5,5,5,5,4,4,4,4,4,5,3,4.46,57,46,TRUE
Male,Disloyal Customer,22,Business Travel,Eco,1203,5,5,5,2,5,5,5,5,1,2,5,1,5,3.92,0,0,TRUE
Female,Loyal Customer,12,Personal Travel,Eco,144,1,5,0,2,1,0,1,1,3,2,5,4,1,2,0,1,FALSE
Male,Loyal Customer,10,Personal Travel,Eco,227,2,4,0,3,5,0,2,5,4,2,4,3,5,3,6,12,FALSE
Male,Loyal Customer,47,Business Travel,Business,3490,5,5,5,5,2,4,5,4,4,4,4,4,5,4.31,4,3,TRUE
Male,Disloyal Customer,33,Business Travel,Eco,175,2,1,2,4,3,2,3,3,4,2,3,1,3,2.54,0,1,FALSE
Female,Loyal Customer,52,Personal Travel,Eco,937,2,4,2,4,2,4,5,5,5,2,5,3,3,3.54,2,3,FALSE
Female,Loyal Customer,51,Business Travel,Business,985,4,4,4,4,3,4,5,4,4,4,4,5,4,4.08,0,0,TRUE
Female,Disloyal Customer,12,Business Travel,Eco,679,2,3,3,4,3,3,3,3,2,2,4,3,3,2.92,0,0,FALSE
Male,Loyal Customer,13,Business Travel,Eco,569,2,3,3,3,2,1,2,2,2,1,3,2,2,2.15,0,0,FALSE
Male,Loyal Customer,13,Personal Travel,Eco,1025,1,4,1,1,5,1,5,5,5,5,5,5,5,3.69,3,11,FALSE
Male,Loyal Customer,51,Business Travel,Business,2229,2,2,2,2,5,4,5,5,5,5,5,4,5,3.92,79,88,TRUE
Male,Loyal Customer,24,Business Travel,Business,2092,2,5,5,5,2,2,2,2,2,2,4,4,2,3,129,107,FALSE
Male,Loyal Customer,23,Business Travel,Eco,1670,4,5,5,5,4,4,3,4,1,3,3,3,4,3.69,14,36,FALSE
Male,Loyal Customer,40,Business Travel,Business,2642,4,4,4,4,1,5,2,2,2,2,2,1,1,2.62,0,0,TRUE
Male,Loyal Customer,56,Personal Travel,Eco,209,3,3,3,3,1,3,3,1,2,4,2,2,1,2.38,0,0,FALSE
Male,Loyal Customer,17,Personal Travel,Eco,779,2,5,2,3,4,2,5,4,5,3,4,3,4,3.54,7,18,FALSE
Male,Loyal Customer,46,Business Travel,Eco,395,5,4,4,4,4,5,4,4,4,2,5,5,4,4.15,12,10,TRUE
Male,Loyal Customer,61,Personal Travel,Eco,861,2,4,2,2,5,2,4,5,3,5,4,3,5,3.54,5,0,FALSE
Male,Disloyal Customer,20,Business Travel,Eco,438,2,0,2,2,1,2,1,1,5,5,4,3,1,2.23,15,20,FALSE
Male,Loyal Customer,14,Personal Travel,Eco Plus,160,3,4,3,2,2,3,2,2,3,5,5,4,2,3.08,0,4,FALSE
Female,Loyal Customer,43,Business Travel,Eco,262,2,2,2,2,4,4,4,3,3,2,3,1,2,2.62,34,25,FALSE
Male,Disloyal Customer,44,Business Travel,Eco,426,2,5,3,2,1,3,1,1,2,2,3,5,1,2.38,1,28,FALSE
Male,Loyal Customer,43,Business Travel,Eco Plus,1076,4,5,5,5,5,4,5,5,4,1,2,1,5,3.92,17,0,FALSE
Male,Disloyal Customer,9,Business Travel,Eco,2569,2,2,2,4,2,3,3,3,4,3,4,3,3,2.92,0,0,FALSE
Male,Loyal Customer,46,Business Travel,Eco Plus,2496,4,5,5,5,5,4,5,5,1,2,5,1,5,4,6,13,TRUE
Female,Disloyal Customer,23,Business Travel,Eco,250,0,4,0,3,3,0,3,3,4,3,5,4,3,2.69,18,12,TRUE
Male,Loyal Customer,53,Business Travel,Business,1400,5,5,5,5,5,5,5,3,5,4,5,5,5,4.77,146,175,TRUE
Male,Loyal Customer,24,Personal Travel,Eco,223,4,1,4,2,2,4,2,2,1,3,3,1,2,2.38,0,0,FALSE
Female,Disloyal Customer,29,Business Travel,Eco Plus,721,2,2,2,4,1,2,1,1,1,4,3,1,1,1.92,76,63,FALSE
Male,Loyal Customer,61,Personal Travel,Eco,733,3,3,3,3,5,3,5,5,4,2,4,2,5,3.62,122,106,FALSE
Female,Loyal Customer,21,Business Travel,Business,569,4,4,4,4,2,2,2,2,5,3,4,4,2,3.23,0,2,TRUE
Male,Loyal Customer,53,Business Travel,Eco,78,2,3,3,3,2,2,2,2,1,3,4,3,2,2.46,0,1,FALSE
Female,Loyal Customer,44,Business Travel,Eco,715,4,2,2,2,5,1,2,4,4,4,4,1,5,3.08,0,0,TRUE
Male,Loyal Customer,59,Business Travel,Business,1488,3,3,3,3,2,5,4,5,5,5,5,5,5,4.08,27,21,TRUE
Female,Loyal Customer,35,Business Travel,Business,3537,1,1,1,1,4,5,2,4,4,4,4,2,5,2.92,0,0,TRUE
Female,Loyal Customer,40,Business Travel,Business,446,2,2,2,2,2,4,4,4,4,4,4,4,3,3.15,45,31,TRUE
Female,Disloyal Customer,22,Business Travel,Eco,630,3,5,3,5,5,3,5,5,5,3,5,3,5,4.23,0,5,FALSE
Female,Disloyal Customer,24,Business Travel,Eco,895,4,4,4,2,4,4,4,4,5,3,5,3,4,3.85,25,13,TRUE
Male,Loyal Customer,47,Business Travel,Business,1097,3,3,5,3,2,5,1,5,5,5,5,2,4,3.69,0,0,TRUE
Male,Loyal Customer,39,Business Travel,Business,173,3,2,2,2,2,3,3,3,3,2,3,3,2,2.54,5,4,FALSE
Male,Loyal Customer,40,Business Travel,Eco,700,2,4,4,4,2,2,2,2,1,1,4,4,2,2.62,15,26,FALSE
Female,Loyal Customer,40,Personal Travel,Eco,209,1,3,1,4,3,1,5,3,2,1,3,4,3,2.62,0,13,FALSE
Female,Loyal Customer,51,Business Travel,Business,3733,5,1,5,5,2,5,4,5,5,5,5,4,5,4.31,0,0,TRUE
Female,Loyal Customer,22,Personal Travel,Eco,802,3,3,4,1,4,4,4,4,4,3,4,3,4,3.46,2,1,FALSE
Male,Loyal Customer,19,Personal Travel,Eco,1670,4,5,4,3,1,4,1,1,3,4,4,4,1,3,0,12,FALSE
Male,Loyal Customer,77,Business Travel,Eco,1046,4,4,4,4,4,4,4,4,3,4,1,4,4,3.69,0,0,FALSE
Male,Loyal Customer,24,Personal Travel,Eco,479,1,5,5,1,1,5,1,1,5,2,4,4,1,2.77,35,30,FALSE
Male,Loyal Customer,43,Business Travel,Eco,639,1,4,4,4,1,1,1,1,2,4,3,2,1,2.23,0,0,FALSE
Male,Loyal Customer,29,Personal Travel,Eco,695,2,4,2,2,2,2,2,2,5,3,5,5,2,2.92,52,56,FALSE
Male,Loyal Customer,59,Personal Travel,Eco,816,3,5,3,3,1,3,1,1,5,4,5,3,1,2.92,1,0,FALSE
Female,Disloyal Customer,48,Business Travel,Eco,708,2,2,2,5,2,2,2,2,2,3,4,2,2,2.46,31,20,FALSE
Female,Disloyal Customer,25,Business Travel,Eco,679,3,3,3,4,4,3,4,4,1,5,4,1,4,3.31,49,37,FALSE
Male,Loyal Customer,52,Business Travel,Business,2262,0,0,0,2,4,4,5,1,1,1,1,4,5,2.15,0,8,TRUE
Male,Loyal Customer,13,Personal Travel,Eco,1749,2,3,2,1,3,2,3,3,5,4,2,3,3,2.77,9,0,FALSE
Female,Disloyal Customer,27,Business Travel,Business,370,4,4,4,5,1,4,1,1,3,3,5,4,1,3.08,0,0,TRUE
Female,Loyal Customer,8,Personal Travel,Eco,731,2,2,2,4,4,2,1,4,3,5,3,1,4,2.85,16,13,FALSE
Male,Loyal Customer,40,Business Travel,Business,3251,4,4,4,4,2,4,3,4,4,5,4,1,1,3.38,0,0,TRUE
Male,Loyal Customer,36,Personal Travel,Eco,1009,1,4,1,1,5,1,5,5,3,2,4,5,5,3.23,0,0,FALSE
Female,Disloyal Customer,41,Business Travel,Business,594,3,3,3,2,4,3,4,4,5,5,4,4,4,3.69,0,0,TRUE
Male,Loyal Customer,42,Business Travel,Business,2073,1,1,1,1,3,4,4,1,1,1,1,1,2,1.69,0,0,FALSE
Female,Loyal Customer,7,Business Travel,Business,3110,3,2,5,5,3,3,3,3,4,2,3,3,3,3.23,0,0,FALSE
Female,Loyal Customer,52,Business Travel,Eco,500,3,5,5,5,4,3,3,3,3,3,3,1,2,3.31,0,0,FALSE
Female,Loyal Customer,48,Business Travel,Eco Plus,1203,4,3,5,5,2,1,2,4,4,4,4,4,5,3.62,0,0,TRUE
Male,Loyal Customer,32,Business Travel,Eco Plus,148,2,5,5,5,2,2,2,2,3,2,4,4,2,3.08,0,0,FALSE
Female,Loyal Customer,33,Personal Travel,Eco,1546,3,4,3,4,4,3,4,4,2,3,3,3,4,3.38,0,0,FALSE
Male,Loyal Customer,11,Personal Travel,Eco,526,3,4,3,2,4,3,4,4,5,2,5,3,4,3.54,0,10,FALSE
Male,Loyal Customer,43,Personal Travel,Eco,829,2,4,2,3,4,2,4,4,5,2,5,5,4,3.54,1,0,FALSE
Female,Loyal Customer,45,Business Travel,Business,134,0,5,0,2,2,1,4,1,1,1,1,2,3,1.77,16,13,TRUE
Male,Loyal Customer,7,Personal Travel,Eco,347,2,4,2,3,2,2,2,2,5,5,4,4,2,3,0,0,FALSE
Female,Disloyal Customer,26,Business Travel,Eco,157,0,2,0,4,2,0,2,2,5,3,3,5,2,2.31,0,4,TRUE
Male,Disloyal Customer,36,Business Travel,Eco,605,2,2,1,3,5,1,5,5,4,5,3,2,5,3.31,8,5,FALSE
Male,Loyal Customer,59,Business Travel,Business,2595,4,4,4,4,1,1,5,5,5,5,5,5,3,3.92,0,0,TRUE
Female,Disloyal Customer,28,Business Travel,Business,308,3,3,3,5,5,3,5,5,4,2,5,3,5,3.92,27,19,FALSE
Female,Disloyal Customer,23,Business Travel,Eco,1096,3,3,3,3,5,3,5,5,4,2,4,3,5,3.69,0,13,FALSE
Female,Loyal Customer,44,Business Travel,Business,785,1,1,1,1,5,4,4,5,5,5,5,5,5,3.62,0,14,TRUE
Male,Loyal Customer,53,Business Travel,Eco,216,3,2,2,2,3,3,3,3,1,4,2,4,3,2.69,0,0,TRUE
Female,Loyal Customer,23,Business Travel,Eco,1024,5,2,2,2,5,5,3,5,5,5,4,2,5,3.85,0,0,TRUE
Male,Disloyal Customer,34,Business Travel,Eco,1464,2,3,3,3,5,2,5,5,3,1,3,3,5,3.31,78,78,FALSE
Male,Loyal Customer,28,Business Travel,Business,1337,3,3,3,3,4,4,4,4,4,4,5,4,4,3.77,15,0,TRUE
Female,Loyal Customer,60,Business Travel,Business,773,5,5,5,5,4,4,4,4,4,5,4,4,3,4.31,0,14,TRUE
Male,Loyal Customer,59,Personal Travel,Eco Plus,946,5,3,5,5,5,5,5,5,1,1,2,4,5,3.92,0,0,TRUE
Female,Loyal Customer,43,Business Travel,Business,337,1,1,1,1,1,2,4,5,5,5,5,4,5,3.08,0,0,TRUE
Male,Loyal Customer,24,Personal Travel,Eco,1062,4,4,4,1,2,4,2,2,4,3,4,5,2,3.15,0,3,FALSE
Female,Loyal Customer,59,Personal Travel,Eco,507,3,5,4,4,3,4,4,3,3,4,2,2,3,3.38,0,0,FALSE
Female,Loyal Customer,41,Personal Travel,Eco,239,4,3,4,4,3,4,3,3,4,1,3,3,3,3.23,6,1,FALSE
Male,Disloyal Customer,33,Business Travel,Business,425,1,1,1,3,1,1,5,1,5,5,4,5,1,2.62,0,0,FALSE
Male,Loyal Customer,36,Personal Travel,Eco,480,1,2,1,4,1,1,1,1,2,1,4,2,1,1.69,1,0,FALSE
Female,Disloyal Customer,36,Business Travel,Eco Plus,402,3,3,3,3,1,3,1,1,4,1,2,4,1,2.31,15,10,FALSE
Male,Loyal Customer,53,Business Travel,Business,2204,5,5,5,5,5,5,5,4,4,4,4,5,3,4.54,0,3,TRUE
Male,Disloyal Customer,24,Business Travel,Business,228,4,3,4,2,2,4,2,2,5,5,4,5,2,3.38,0,0,TRUE
Male,Loyal Customer,42,Business Travel,Business,1825,1,5,5,5,1,3,4,1,1,1,1,1,3,2.46,55,27,FALSE
Female,Disloyal Customer,24,Business Travel,Business,407,2,1,2,3,1,2,1,1,2,4,4,3,1,2.08,0,0,FALSE
Male,Loyal Customer,40,Business Travel,Business,2922,3,1,1,1,2,3,4,3,3,3,3,2,3,2.46,2,0,FALSE
Female,Loyal Customer,23,Personal Travel,Eco,240,3,5,3,1,4,3,4,4,3,2,5,3,4,3.38,0,0,FALSE
Male,Loyal Customer,38,Personal Travel,Eco,833,4,3,4,4,5,4,5,5,3,3,3,3,5,3.92,2,4,TRUE
Male,Loyal Customer,10,Business Travel,Business,1400,5,5,5,5,4,5,4,4,1,2,5,2,4,3.92,0,0,TRUE
Female,Loyal Customer,42,Business Travel,Eco,603,1,1,1,1,4,3,3,1,1,1,1,2,1,1.62,22,23,FALSE
Female,Loyal Customer,55,Business Travel,Business,199,5,5,5,5,3,5,5,5,5,5,5,5,4,4.77,0,0,TRUE
Female,Disloyal Customer,26,Business Travel,Business,528,4,4,4,1,2,4,2,2,4,3,4,5,2,3.15,0,0,FALSE
Female,Loyal Customer,48,Business Travel,Business,1988,3,4,3,3,5,4,4,5,5,5,5,4,4,4.15,0,0,TRUE
Male,Disloyal Customer,27,Business Travel,Business,237,1,1,1,3,1,1,1,1,1,2,3,3,1,1.54,12,9,FALSE
Female,Loyal Customer,37,Personal Travel,Eco Plus,191,2,4,0,2,3,0,3,3,4,4,4,3,3,2.69,9,0,FALSE
Female,Disloyal Customer,20,Business Travel,Eco,236,2,2,2,4,5,2,5,5,2,2,4,2,5,3.23,22,15,FALSE
Female,Disloyal Customer,25,Business Travel,Business,657,3,4,3,2,2,3,5,2,3,4,5,4,2,3.23,6,0,FALSE
Male,Loyal Customer,39,Business Travel,Business,402,2,2,2,2,2,4,2,4,4,4,4,2,4,2.92,4,0,TRUE
Male,Loyal Customer,35,Business Travel,Eco,500,3,4,4,4,3,3,3,3,3,4,4,4,3,3.46,0,2,FALSE
Male,Loyal Customer,8,Personal Travel,Eco,305,3,4,3,2,3,3,3,3,5,4,5,3,3,3.38,2,0,FALSE
Female,Loyal Customer,20,Personal Travel,Eco,679,2,5,2,1,3,2,3,3,3,5,5,3,3,3.08,0,0,FALSE
Female,Loyal Customer,58,Personal Travel,Eco,759,4,5,4,3,3,5,4,5,5,4,5,4,5,4.31,0,0,FALSE
Male,Loyal Customer,69,Business Travel,Business,3034,1,1,3,1,5,1,2,1,1,1,1,3,1,1.69,0,4,FALSE
Female,Loyal Customer,60,Personal Travel,Business,967,4,4,4,1,3,5,5,4,4,4,4,5,3,3.85,3,0,FALSE
Female,Loyal Customer,54,Personal Travel,Eco,462,2,5,2,1,4,5,4,2,2,2,2,3,3,2.85,0,0,FALSE
Female,Loyal Customer,55,Personal Travel,Eco,899,3,4,3,3,1,2,2,3,3,3,3,5,3,2.92,0,0,FALSE
Female,Loyal Customer,26,Business Travel,Business,163,5,5,5,5,5,5,4,5,4,2,5,4,5,4.54,0,0,TRUE
Male,Disloyal Customer,34,Business Travel,Eco,416,2,0,2,4,4,2,4,4,5,5,1,2,4,3,31,29,FALSE
Male,Loyal Customer,29,Personal Travel,Eco,187,2,4,2,4,4,2,4,4,4,4,4,3,4,3.46,24,10,FALSE
Male,Loyal Customer,50,Business Travel,Eco Plus,954,5,3,3,3,5,5,5,5,4,2,4,4,5,4.08,0,0,TRUE
Male,Loyal Customer,39,Business Travel,Eco,345,3,4,1,4,3,3,3,3,3,3,4,2,3,3,29,26,FALSE
Female,Disloyal Customer,64,Business Travel,Eco Plus,937,1,1,1,3,4,1,4,4,3,5,4,3,4,2.92,0,3,FALSE
Male,Disloyal Customer,29,Business Travel,Eco,738,3,4,4,3,4,4,1,4,2,4,2,1,4,3.08,45,38,FALSE
Male,Loyal Customer,19,Personal Travel,Eco,1182,2,4,2,2,4,2,4,4,3,3,4,4,4,3.23,0,6,FALSE
Female,Loyal Customer,36,Business Travel,Business,1906,1,1,1,1,2,3,5,5,5,5,3,1,5,2.92,0,0,TRUE
Female,Loyal Customer,48,Business Travel,Business,2204,3,3,3,3,3,4,4,3,3,3,3,3,3,3.15,0,0,FALSE
Female,Loyal Customer,42,Business Travel,Eco,134,4,4,2,2,1,4,2,4,4,4,4,4,4,3.31,15,16,TRUE
Female,Loyal Customer,42,Business Travel,Business,2615,5,5,5,5,5,5,5,4,4,5,4,4,4,4.62,0,0,TRUE
Male,Loyal Customer,45,Personal Travel,Eco,737,3,4,4,2,1,4,1,1,5,3,4,3,1,2.77,0,0,FALSE
Female,Loyal Customer,59,Personal Travel,Eco,534,2,4,2,4,5,3,3,2,2,2,2,4,3,2.92,2,19,FALSE
Female,Disloyal Customer,20,Business Travel,Eco,861,5,5,5,5,3,5,4,3,4,5,4,5,3,4.31,21,24,TRUE
Female,Loyal Customer,36,Business Travel,Business,1623,2,4,4,4,2,3,3,2,2,2,2,3,1,2.62,0,0,FALSE
Female,Loyal Customer,36,Personal Travel,Eco,590,4,5,4,4,5,4,5,5,4,3,4,4,5,4.31,0,0,TRUE
Female,Loyal Customer,28,Business Travel,Business,2153,2,2,2,2,5,5,5,5,2,2,4,3,5,3.38,62,70,TRUE
Female,Loyal Customer,55,Business Travel,Business,3103,3,3,3,3,5,4,5,4,4,4,4,3,4,3.77,23,18,TRUE
Male,Loyal Customer,53,Business Travel,Eco,493,4,4,4,4,3,4,3,3,4,1,3,5,3,3.46,0,0,TRUE
Male,Loyal Customer,62,Business Travel,Business,2423,5,5,5,5,3,4,5,5,5,5,5,5,4,4.69,43,29,TRUE
Male,Loyal Customer,39,Business Travel,Business,1670,1,1,1,1,2,5,5,4,4,4,4,4,4,3.08,0,0,TRUE
Male,Loyal Customer,21,Personal Travel,Eco Plus,1211,3,0,3,4,4,3,4,4,4,2,3,2,4,3.08,10,5,FALSE
Female,Loyal Customer,44,Business Travel,Business,1481,4,5,5,5,4,4,4,4,2,4,4,4,4,4.08,164,153,FALSE
Female,Disloyal Customer,18,Business Travel,Eco,621,5,0,5,5,2,5,2,2,3,4,5,3,2,3.31,0,0,TRUE
Male,Disloyal Customer,46,Business Travel,Business,1023,3,3,3,4,4,3,4,4,3,2,4,4,4,3.46,3,0,FALSE
Female,Loyal Customer,8,Business Travel,Business,3817,3,5,5,5,3,3,3,3,1,1,3,4,3,3.23,0,0,FALSE
Female,Loyal Customer,60,Personal Travel,Eco,687,3,5,3,5,5,5,5,4,4,3,5,4,3,4.15,0,0,FALSE
Female,Loyal Customer,14,Business Travel,Eco,680,5,4,4,4,5,5,3,5,5,3,4,4,5,4.31,0,1,TRUE
Male,Loyal Customer,46,Personal Travel,Eco,983,3,5,3,5,3,3,3,3,5,5,4,3,3,3.69,20,19,FALSE
Female,Loyal Customer,32,Business Travel,Business,2946,2,1,3,1,2,2,2,2,1,1,4,2,2,1.92,0,0,FALSE
Male,Loyal Customer,57,Business Travel,Business,1020,2,2,2,2,3,5,5,5,5,5,5,3,4,3.69,0,0,TRUE
Male,Loyal Customer,38,Business Travel,Business,1598,2,2,2,2,5,5,1,5,5,5,5,2,5,3.54,0,0,TRUE
Female,Loyal Customer,56,Business Travel,Business,2218,3,3,2,3,5,5,4,4,4,4,4,3,5,3.77,3,0,TRUE
Male,Loyal Customer,68,Personal Travel,Eco,2496,2,5,2,3,2,3,3,5,3,3,4,3,3,3.15,36,1,FALSE
Female,Disloyal Customer,26,Business Travel,Eco,432,2,4,2,3,5,2,5,5,2,1,3,2,5,3.15,10,12,FALSE
Female,Loyal Customer,65,Personal Travel,Eco,449,2,4,5,3,1,4,4,2,2,5,4,4,2,3.23,0,12,FALSE
Female,Loyal Customer,39,Personal Travel,Eco,639,3,5,2,1,2,2,2,2,5,4,4,4,2,2.92,59,41,FALSE
Male,Loyal Customer,28,Business Travel,Business,2536,4,4,4,4,4,4,4,4,4,5,4,1,4,3.85,0,0,FALSE
Male,Loyal Customer,39,Business Travel,Business,1440,1,4,4,4,3,1,1,1,1,1,1,1,2,1.92,117,107,FALSE
Male,Loyal Customer,45,Personal Travel,Business,354,1,5,1,1,4,4,4,2,2,1,2,3,3,2.54,3,17,FALSE
Female,Loyal Customer,25,Personal Travel,Eco Plus,395,2,4,2,2,2,2,2,2,2,5,5,2,2,2.62,6,9,FALSE
Female,Loyal Customer,17,Personal Travel,Eco,226,2,4,2,3,5,2,5,5,5,3,4,3,5,3.69,7,0,FALSE
Male,Loyal Customer,25,Business Travel,Business,3486,1,1,1,1,1,1,1,1,3,5,4,1,1,1.69,41,46,FALSE
Female,Disloyal Customer,29,Business Travel,Business,1576,2,2,2,3,4,2,4,4,3,4,5,3,4,3.23,0,0,FALSE
Male,Loyal Customer,12,Personal Travel,Eco,761,3,5,4,1,3,4,3,3,4,2,5,3,3,3.31,0,0,FALSE
Male,Loyal Customer,41,Personal Travel,Eco,631,2,5,2,4,3,2,5,3,3,2,5,5,3,3.38,8,0,FALSE
Female,Loyal Customer,56,Business Travel,Business,2480,2,2,4,2,5,5,5,4,4,4,5,3,4,3.77,46,34,TRUE
Male,Loyal Customer,33,Business Travel,Business,399,5,5,5,5,4,5,4,4,3,3,5,4,4,4.31,0,0,TRUE
Female,Loyal Customer,41,Business Travel,Business,2343,4,4,4,4,3,5,5,4,4,4,4,5,3,4.08,16,15,TRUE
Male,Loyal Customer,49,Business Travel,Business,1044,1,1,1,1,3,5,5,3,3,3,3,5,4,2.92,0,0,TRUE
Male,Loyal Customer,10,Personal Travel,Eco,106,2,4,2,4,3,2,3,3,3,5,4,4,3,3.23,0,0,FALSE
Male,Loyal Customer,21,Business Travel,Business,3792,2,2,2,2,4,4,4,4,1,4,3,4,4,3.08,43,20,TRUE
Male,Loyal Customer,22,Personal Travel,Eco,575,4,1,4,4,5,4,5,5,4,1,4,4,5,3.85,0,0,FALSE
Female,Loyal Customer,55,Business Travel,Eco,1947,1,2,2,2,2,2,3,1,1,1,1,4,1,1.77,12,18,FALSE
Male,Loyal Customer,52,Business Travel,Business,622,1,3,3,3,1,3,4,1,1,1,1,2,4,2.15,0,0,FALSE
Male,Loyal Customer,16,Business Travel,Business,1803,2,2,2,2,4,4,4,4,4,2,4,3,4,3.15,0,0,TRUE
Female,Loyal Customer,67,Business Travel,Business,2483,1,2,2,2,4,3,3,3,3,3,1,3,1,2.38,47,42,FALSE
Male,Loyal Customer,22,Business Travel,Business,1121,2,2,2,2,5,5,5,5,5,3,5,2,5,3.69,0,0,TRUE
Female,Loyal Customer,44,Business Travel,Business,1744,1,3,1,1,2,5,5,5,5,5,5,4,3,3.46,0,0,TRUE
Male,Loyal Customer,24,Business Travel,Eco,641,1,3,3,3,1,1,2,1,2,2,3,3,1,2,0,21,FALSE
Female,Disloyal Customer,17,Business Travel,Eco,283,4,2,4,4,4,4,4,4,4,3,3,3,4,3.62,20,10,FALSE
Male,Loyal Customer,52,Personal Travel,Eco,726,2,4,2,1,3,2,3,3,5,4,1,5,3,2.92,0,0,FALSE
Female,Loyal Customer,57,Business Travel,Business,2397,1,1,1,1,2,4,4,3,3,4,3,3,4,2.62,0,0,TRUE
Male,Loyal Customer,33,Business Travel,Business,2486,1,3,3,3,1,1,1,4,4,4,4,1,1,2.38,2,38,FALSE
Female,Loyal Customer,57,Business Travel,Business,569,2,3,3,3,4,3,3,2,2,2,2,2,1,2.46,0,0,FALSE
Male,Loyal Customer,51,Business Travel,Business,2172,1,1,1,1,2,3,4,3,3,3,3,3,3,2.38,66,52,TRUE
Female,Loyal Customer,35,Personal Travel,Eco,813,3,1,3,2,3,3,3,3,3,5,1,3,3,2.77,0,0,FALSE
Male,Loyal Customer,48,Business Travel,Eco,503,2,2,3,2,2,2,2,2,2,5,3,4,2,2.54,12,8,FALSE
Male,Disloyal Customer,24,Business Travel,Business,1068,5,0,5,5,3,0,3,3,1,1,3,3,3,2.69,17,0,TRUE
Female,Loyal Customer,41,Business Travel,Business,3093,2,2,2,2,4,5,4,5,5,5,5,4,3,3.69,0,0,TRUE
Female,Loyal Customer,23,Business Travel,Business,2899,3,3,3,3,5,4,5,5,4,5,4,4,5,4.08,0,0,TRUE
Female,Loyal Customer,44,Business Travel,Eco,119,4,3,3,3,4,4,5,4,4,4,4,3,4,3.77,0,0,TRUE
Female,Loyal Customer,36,Business Travel,Business,1189,1,1,1,1,4,3,3,4,4,4,4,2,4,2.77,0,0,TRUE
Female,Loyal Customer,56,Business Travel,Business,89,1,1,1,1,4,5,5,4,4,4,4,4,4,3.23,0,0,TRUE
Male,Loyal Customer,50,Business Travel,Business,3755,3,1,4,4,4,3,2,3,3,3,3,2,2,2.85,9,8,FALSE
Male,Disloyal Customer,25,Business Travel,Eco Plus,534,5,0,5,3,5,5,5,5,2,3,3,4,5,3.85,0,0,TRUE
Female,Loyal Customer,22,Business Travel,Business,2030,4,4,3,4,5,5,5,5,1,2,3,5,5,3.92,0,3,TRUE
Female,Loyal Customer,45,Business Travel,Business,2887,2,2,5,2,4,4,3,2,2,2,2,2,1,2.54,16,12,FALSE
Female,Loyal Customer,42,Business Travel,Business,1671,3,5,5,5,5,4,4,2,2,3,3,1,1,3.31,0,0,FALSE
Female,Loyal Customer,34,Business Travel,Business,669,1,1,3,1,3,4,5,5,5,5,5,3,4,3.46,0,0,TRUE
Female,Disloyal Customer,25,Business Travel,Eco,692,2,2,2,4,5,2,5,5,4,1,5,1,5,3.31,0,0,FALSE
Female,Disloyal Customer,23,Business Travel,Eco,1237,2,2,2,4,4,2,4,4,3,3,3,3,4,3.08,24,62,FALSE
Female,Disloyal Customer,34,Business Travel,Business,456,1,1,1,4,2,1,2,2,3,2,4,4,2,2.23,0,0,FALSE
Female,Loyal Customer,58,Business Travel,Business,2186,5,5,5,5,1,1,5,4,4,4,4,1,1,3.46,14,22,TRUE
Female,Loyal Customer,39,Personal Travel,Eco Plus,849,1,5,1,3,2,1,2,2,5,4,5,3,2,2.77,62,52,FALSE
Male,Loyal Customer,57,Business Travel,Business,1514,2,2,2,2,4,5,5,4,4,4,4,5,5,3.69,6,0,TRUE
Female,Loyal Customer,50,Personal Travel,Eco,1014,3,4,3,4,2,4,3,2,2,3,3,1,3,2.85,12,4,FALSE
Male,Loyal Customer,37,Business Travel,Eco,403,2,2,2,2,2,2,2,2,4,2,2,4,2,2.31,0,0,FALSE
Female,Disloyal Customer,26,Business Travel,Eco,1224,1,1,1,3,3,1,3,3,3,3,4,3,3,2.46,0,24,FALSE
Female,Disloyal Customer,56,Business Travel,Business,192,4,4,4,4,1,4,1,1,4,2,5,3,1,2.92,1,0,FALSE
Female,Loyal Customer,30,Business Travel,Business,1452,5,3,5,5,5,5,5,5,3,5,4,3,5,4.46,4,8,TRUE
Male,Loyal Customer,43,Business Travel,Eco,794,1,4,4,4,1,1,1,1,1,1,3,2,1,1.92,26,,FALSE
Male,Loyal Customer,44,Business Travel,Business,1523,3,3,3,3,3,4,4,4,4,4,4,3,5,3.62,2,5,TRUE
Male,Loyal Customer,42,Business Travel,Eco,409,3,4,3,4,3,3,3,3,2,1,2,4,3,2.92,0,14,FALSE
Male,Disloyal Customer,35,Business Travel,Business,1399,3,3,3,5,1,3,1,1,4,5,5,4,1,3,0,0,FALSE
Female,Disloyal Customer,28,Business Travel,Eco Plus,946,1,1,1,3,5,1,2,5,2,5,3,4,5,2.92,0,8,FALSE
Male,Loyal Customer,22,Personal Travel,Eco,551,3,3,3,2,1,3,1,1,1,3,2,3,1,2.08,20,28,FALSE
Female,Disloyal Customer,25,Business Travel,Business,1660,4,5,4,4,4,4,4,4,5,3,3,4,4,4,10,20,FALSE
Male,Loyal Customer,70,Personal Travel,Eco,1197,4,5,4,2,3,4,3,3,3,5,4,3,3,3.54,0,1,FALSE
Male,Loyal Customer,31,Business Travel,Eco,913,3,2,2,2,3,3,3,3,3,3,4,3,3,2.85,0,45,FALSE
Female,Loyal Customer,64,Personal Travel,Business,606,3,2,3,3,3,3,3,2,2,3,2,1,4,2.62,11,12,FALSE
Male,Loyal Customer,44,Business Travel,Eco,2434,4,3,3,3,4,4,4,4,4,4,3,1,4,3.46,17,11,FALSE
Male,Loyal Customer,40,Business Travel,Business,3106,4,2,2,2,3,4,3,4,4,4,4,3,1,3.08,29,25,FALSE
Female,Loyal Customer,34,Business Travel,Eco Plus,125,4,4,4,4,4,4,4,4,1,1,1,3,4,3.23,81,98,TRUE
Female,Loyal Customer,57,Personal Travel,Eco,1062,2,5,3,5,4,4,4,5,5,3,5,4,4,4.08,1,0,FALSE
Male,Loyal Customer,35,Business Travel,Eco,1598,5,5,5,5,5,5,5,5,1,4,4,3,5,4.38,81,43,TRUE
Female,Loyal Customer,36,Personal Travel,Eco,73,3,1,3,4,4,3,1,4,3,4,4,1,4,3,18,15,FALSE
Male,Loyal Customer,31,Business Travel,Business,2437,5,5,3,5,4,4,4,4,4,5,4,3,4,4.15,0,0,TRUE
Female,Loyal Customer,44,Business Travel,Business,3536,4,4,4,4,5,5,5,5,5,5,5,5,5,4.69,6,0,TRUE
Female,Loyal Customer,54,Business Travel,Business,1416,4,4,4,4,2,4,4,4,4,4,4,4,5,3.92,0,0,TRUE
Female,Loyal Customer,53,Business Travel,Business,2405,1,1,1,1,5,4,5,5,5,5,5,4,5,3.62,0,0,TRUE
Male,Loyal Customer,9,Personal Travel,Eco,910,3,2,3,3,4,3,4,4,2,1,2,2,4,2.85,0,0,FALSE
Female,Loyal Customer,41,Business Travel,Eco,409,2,1,1,1,2,2,2,2,2,1,4,3,2,1.92,10,0,FALSE
Female,Loyal Customer,47,Business Travel,Eco,589,4,3,3,3,5,4,2,4,4,4,4,2,1,3.31,82,78,TRUE
Female,Loyal Customer,35,Business Travel,Business,3848,2,3,2,3,2,4,4,2,2,2,2,1,2,2.38,0,0,FALSE
Male,Disloyal Customer,25,Business Travel,Business,266,5,3,5,3,5,4,4,1,1,2,1,4,4,3.23,398,392,TRUE
Male,Disloyal Customer,25,Business Travel,Business,438,4,0,4,3,2,4,2,2,4,3,4,3,2,2.85,8,1,TRUE
Male,Loyal Customer,16,Business Travel,Business,3857,3,5,5,5,2,2,3,2,2,3,4,1,2,3,1,0,FALSE
Male,Disloyal Customer,34,Business Travel,Eco,304,4,4,4,4,3,4,3,3,2,2,3,1,3,3.08,40,27,FALSE
Female,Loyal Customer,42,Business Travel,Eco Plus,347,2,1,1,1,5,2,5,2,2,2,2,4,3,2.46,0,3,TRUE
Female,Disloyal Customer,7,Business Travel,Eco,829,3,3,3,4,2,3,5,2,2,4,3,1,2,2.85,4,42,FALSE
Female,Loyal Customer,53,Business Travel,Business,1848,2,2,2,2,2,5,5,4,4,4,4,3,4,3.31,0,0,TRUE
Female,Disloyal Customer,40,Business Travel,Business,1728,2,2,2,3,5,2,5,5,4,3,4,3,5,3.46,0,0,FALSE
Male,Loyal Customer,66,Business Travel,Business,190,0,4,0,4,3,1,2,3,3,3,3,1,1,2.15,0,0,TRUE
Female,Loyal Customer,24,Business Travel,Business,541,1,2,4,2,1,1,1,1,1,3,4,4,1,2,0,7,FALSE
Male,Loyal Customer,41,Business Travel,Business,444,5,5,5,5,2,4,4,5,5,5,5,5,5,4.62,3,0,TRUE
Female,Loyal Customer,70,Personal Travel,Eco,920,2,5,2,4,3,4,5,4,4,2,4,5,3,3.62,0,1,FALSE
Male,Loyal Customer,51,Business Travel,Business,3474,5,5,5,5,2,4,4,4,4,4,4,4,3,4.08,0,0,TRUE
Male,Loyal Customer,37,Business Travel,Business,3035,3,3,3,3,3,4,4,5,5,5,5,4,4,3.92,0,0,TRUE
Male,Loyal Customer,57,Personal Travel,Eco,192,2,4,2,4,2,2,2,2,5,4,4,3,2,2.92,26,24,FALSE
Male,Loyal Customer,44,Business Travel,Business,1611,2,2,2,2,3,4,5,4,4,4,4,5,3,3.38,0,0,TRUE
Male,Loyal Customer,48,Business Travel,Eco,705,5,3,3,3,5,5,5,5,5,2,4,2,5,4,14,3,TRUE
Female,Loyal Customer,53,Business Travel,Business,436,3,3,3,3,4,4,4,4,4,4,4,5,3,3.69,12,6,TRUE
Male,Loyal Customer,44,Business Travel,Business,3606,2,5,5,5,2,4,4,2,2,2,2,4,3,3.23,44,27,FALSE
Male,Loyal Customer,45,Business Travel,Business,873,3,3,3,3,5,4,1,4,4,4,4,3,3,3.38,0,0,TRUE
Male,Loyal Customer,16,Business Travel,Eco Plus,301,5,1,1,1,5,5,4,5,5,2,4,5,5,3.69,13,3,TRUE
Male,Loyal Customer,54,Personal Travel,Business,956,3,5,3,2,5,5,5,3,3,3,3,5,3,3.69,0,0,FALSE
Female,Disloyal Customer,36,Business Travel,Business,2174,3,3,3,4,1,3,1,1,5,4,4,4,1,2.85,0,0,FALSE
Male,Loyal Customer,24,Business Travel,Business,456,5,5,5,5,5,5,5,5,3,3,2,2,5,4.23,0,0,TRUE
Female,Disloyal Customer,13,Business Travel,Eco,937,5,5,5,3,1,5,1,1,2,3,5,4,1,3.15,0,0,TRUE
Female,Loyal Customer,48,Business Travel,Business,2798,1,1,1,1,3,4,5,4,4,4,4,5,4,3.15,0,17,TRUE
Female,Loyal Customer,17,Personal Travel,Eco,328,3,2,1,4,4,1,4,4,1,5,3,3,4,3,0,0,FALSE
Female,Loyal Customer,47,Business Travel,Eco,588,5,5,1,5,5,1,4,5,5,5,5,5,1,4,0,0,TRUE
Male,Loyal Customer,33,Business Travel,Business,3598,2,5,5,5,2,2,2,2,1,2,4,4,2,2.92,0,0,FALSE
Male,Disloyal Customer,33,Business Travel,Eco,334,1,4,1,4,1,1,1,1,2,3,5,4,1,2.23,5,0,FALSE
Female,Loyal Customer,49,Business Travel,Business,868,3,3,4,3,2,4,4,5,5,5,5,5,3,3.92,0,0,TRUE
Female,Loyal Customer,44,Business Travel,Business,3297,3,3,3,3,4,4,4,5,5,5,5,5,5,4.15,0,0,TRUE
Male,Loyal Customer,22,Personal Travel,Eco,1011,2,4,2,3,2,2,5,2,1,5,3,3,2,2.77,12,17,FALSE
Male,Loyal Customer,47,Personal Travel,Eco,280,2,5,2,5,3,2,3,3,4,4,4,5,3,3.46,0,0,FALSE
Female,Disloyal Customer,34,Business Travel,Eco,628,3,5,3,2,1,3,1,1,4,2,2,1,1,2.23,0,0,FALSE
Female,Loyal Customer,62,Personal Travel,Eco,585,2,4,2,3,2,4,5,3,3,2,3,5,5,3.31,10,16,FALSE
Male,Loyal Customer,25,Business Travel,Business,3472,5,5,5,5,5,5,5,5,3,5,5,1,5,4.54,3,10,TRUE
Female,Loyal Customer,70,Personal Travel,Eco,351,0,4,0,4,2,4,5,3,3,0,3,5,5,2.92,0,0,TRUE
Female,Disloyal Customer,55,Business Travel,Eco,67,3,1,3,4,1,3,1,1,2,2,3,2,1,2.08,3,12,FALSE
Male,Loyal Customer,29,Personal Travel,Eco,2556,1,5,1,1,4,1,4,4,2,1,3,3,4,2.62,4,0,FALSE
Female,Loyal Customer,55,Business Travel,Business,1739,3,4,4,4,4,2,3,3,3,3,3,2,1,3,48,38,FALSE
Female,Loyal Customer,9,Personal Travel,Eco Plus,954,2,4,2,2,5,2,5,5,4,4,4,5,5,3.77,2,5,FALSE
Female,Loyal Customer,16,Personal Travel,Eco,2611,3,2,2,3,4,2,4,4,3,3,3,4,4,3.15,12,0,FALSE
Female,Loyal Customer,17,Business Travel,Business,3335,3,5,5,5,3,3,3,3,1,2,4,2,3,3.23,0,0,FALSE
Male,Loyal Customer,67,Personal Travel,Eco Plus,930,4,2,5,4,4,5,4,4,3,2,3,1,4,3.46,0,0,FALSE
Male,Loyal Customer,17,Personal Travel,Eco,1167,3,4,3,5,4,3,4,4,5,2,4,5,4,3.85,7,30,FALSE
Female,Loyal Customer,33,Business Travel,Business,3329,1,1,1,1,5,2,1,5,5,5,5,4,5,3.15,0,0,TRUE
Female,Loyal Customer,21,Business Travel,Business,1390,3,3,3,3,5,5,5,5,5,2,4,5,5,4.08,9,0,TRUE
Female,Loyal Customer,57,Business Travel,Business,2419,5,5,5,5,4,4,4,3,2,4,5,4,4,4.15,0,0,TRUE
Male,Loyal Customer,17,Personal Travel,Eco,250,1,5,0,1,3,0,3,3,3,4,5,4,3,2.69,0,0,FALSE
Male,Loyal Customer,63,Personal Travel,Eco,900,2,3,2,3,1,2,1,1,1,2,2,4,1,1.92,0,0,FALSE
Male,Loyal Customer,48,Business Travel,Business,2864,2,2,2,2,4,4,4,4,4,4,4,5,4,3.46,0,0,TRUE
Male,Loyal Customer,30,Personal Travel,Eco,809,3,4,3,3,5,3,5,5,2,1,3,4,5,3.54,0,0,FALSE
Female,Disloyal Customer,35,Business Travel,Eco,2400,4,4,4,2,4,5,5,4,5,2,2,5,5,3.92,0,26,FALSE
Female,Loyal Customer,65,Business Travel,Business,689,3,4,4,4,1,3,4,3,3,3,3,3,4,3.23,11,0,FALSE
Female,Loyal Customer,40,Business Travel,Business,2266,5,5,5,5,2,4,5,4,4,4,4,4,3,4.15,11,13,TRUE
Female,Loyal Customer,68,Business Travel,Business,406,2,4,4,4,5,3,3,2,2,2,2,4,4,3.15,2,13,FALSE
Male,Loyal Customer,44,Personal Travel,Eco Plus,2541,2,5,2,2,2,2,2,2,2,5,3,1,2,2.46,0,0,FALSE
Male,Loyal Customer,37,Personal Travel,Eco,696,2,4,2,2,5,2,5,5,3,5,4,5,5,3.77,38,27,FALSE
Male,Loyal Customer,60,Business Travel,Business,358,2,2,2,2,5,5,5,4,4,5,4,3,5,3.69,12,5,TRUE
Female,Disloyal Customer,27,Business Travel,Eco,1597,2,1,1,3,3,2,3,3,4,4,1,3,3,2.54,0,0,FALSE
Male,Disloyal Customer,21,Business Travel,Business,130,5,0,5,2,3,5,4,3,5,4,5,4,3,3.69,6,5,TRUE
Female,Disloyal Customer,50,Business Travel,Business,480,5,5,5,4,1,5,1,1,4,4,5,4,1,3.46,20,2,TRUE
Female,Loyal Customer,31,Personal Travel,Eco,429,3,5,3,3,2,3,4,2,4,5,5,4,2,3.46,0,0,FALSE
Male,Loyal Customer,52,Business Travel,Eco,1892,1,2,2,2,1,1,1,1,3,3,4,3,1,1.92,14,0,FALSE
Male,Disloyal Customer,24,Business Travel,Eco,629,1,5,1,1,1,1,1,1,5,2,4,5,1,2.23,45,60,FALSE
Female,Loyal Customer,59,Personal Travel,Eco,2174,5,3,5,3,2,2,3,2,2,5,2,3,2,3,0,0,TRUE
Female,Loyal Customer,43,Personal Travel,Eco,488,3,5,3,4,2,3,2,2,2,3,2,4,2,2.85,0,0,FALSE
Female,Disloyal Customer,38,Business Travel,Eco,707,1,1,1,2,3,1,3,3,5,1,1,3,3,2.15,0,0,FALSE
Male,Disloyal Customer,25,Business Travel,Business,594,2,0,2,3,4,2,4,4,3,4,4,5,4,3.15,6,22,FALSE
Female,Loyal Customer,30,Business Travel,Business,930,5,5,2,5,5,5,5,5,4,5,4,4,5,4.54,17,22,TRUE
Female,Loyal Customer,24,Personal Travel,Eco,258,2,4,2,3,3,2,3,3,4,1,4,2,3,2.77,40,29,FALSE
Female,Loyal Customer,41,Business Travel,Business,2158,1,1,1,1,5,4,4,5,5,5,5,3,5,3.46,0,0,TRUE
Female,Loyal Customer,58,Business Travel,Business,3386,5,5,5,5,5,4,4,4,4,4,4,5,4,4.46,4,0,TRUE
Male,Loyal Customer,41,Business Travel,Eco,679,4,5,5,5,4,4,4,4,1,4,2,1,4,3.62,0,0,TRUE
Male,Loyal Customer,58,Business Travel,Business,354,3,3,3,3,3,4,4,4,4,4,4,5,3,3.62,10,8,TRUE
Male,Loyal Customer,28,Business Travel,Business,954,4,4,5,4,4,4,4,4,5,5,5,5,4,4.38,0,0,TRUE
Female,Loyal Customer,9,Personal Travel,Eco,2174,1,3,1,4,3,1,3,3,3,2,3,1,3,2.38,28,26,FALSE
Male,Loyal Customer,44,Business Travel,Business,1192,4,4,4,4,4,4,4,4,4,4,4,4,5,4.08,0,12,TRUE
Male,Loyal Customer,62,Personal Travel,Eco Plus,548,4,1,4,4,1,4,1,1,1,4,3,1,1,2.31,0,0,FALSE
Male,Loyal Customer,25,Personal Travel,Eco,358,1,4,1,5,3,1,3,3,5,2,4,4,3,3,0,0,FALSE
Male,Loyal Customer,32,Business Travel,Business,2380,3,1,2,1,3,3,3,3,3,2,3,4,3,2.62,0,0,FALSE
Male,Disloyal Customer,27,Business Travel,Business,938,5,5,5,2,4,5,1,4,3,2,4,4,4,3.69,0,0,TRUE
Male,Loyal Customer,52,Business Travel,Eco,787,4,5,5,5,4,4,4,4,2,2,2,1,4,3.54,11,1,TRUE
Female,Loyal Customer,46,Personal Travel,Eco,503,1,4,1,2,4,4,5,5,5,1,5,3,5,3.46,0,0,FALSE
Male,Loyal Customer,23,Business Travel,Business,2452,2,4,3,3,2,2,2,2,3,3,3,4,2,2.69,25,18,FALSE
Female,Loyal Customer,51,Business Travel,Business,3637,5,5,5,5,5,5,5,3,3,3,3,3,4,4.15,0,0,TRUE
Female,Loyal Customer,64,Personal Travel,Eco Plus,597,3,4,3,4,5,3,5,3,3,3,3,3,5,3.62,0,0,FALSE
Female,Loyal Customer,35,Business Travel,Business,764,2,2,4,4,4,4,4,2,2,2,2,1,3,2.77,33,52,FALSE
Female,Loyal Customer,32,Business Travel,Business,957,1,1,4,1,4,4,4,4,4,3,5,3,4,3.23,1,2,TRUE
Male,Loyal Customer,55,Business Travel,Eco,844,5,5,5,5,5,5,5,5,4,1,5,5,5,4.62,70,70,TRUE
Female,Loyal Customer,39,Business Travel,Business,253,4,2,2,2,5,3,3,4,4,4,4,2,1,3.08,0,0,FALSE
Female,Disloyal Customer,54,Business Travel,Business,240,2,2,2,1,4,2,4,4,3,5,4,3,4,3.08,23,18,FALSE
Male,Loyal Customer,37,Business Travel,Eco Plus,1249,5,4,4,4,5,5,5,5,2,1,3,3,5,3.92,0,0,TRUE
Male,Loyal Customer,62,Business Travel,Eco,314,5,4,4,4,5,5,5,5,1,1,3,4,5,3.92,1,5,TRUE
Female,Disloyal Customer,26,Business Travel,Eco,789,1,0,0,5,2,0,2,2,5,5,1,5,2,2.31,0,0,FALSE
Female,Loyal Customer,39,Business Travel,Business,3822,3,4,3,4,1,3,4,3,3,3,3,4,2,3.08,6,9,FALSE
Male,Loyal Customer,11,Personal Travel,Eco,408,3,2,4,4,1,4,1,1,2,2,4,4,1,2.54,29,18,FALSE
Male,Loyal Customer,31,Personal Travel,Eco,802,3,2,3,3,4,3,4,4,4,1,3,1,4,3,0,0,FALSE
Male,Loyal Customer,47,Business Travel,Business,231,2,4,2,4,4,3,3,2,2,2,2,3,4,2.85,0,0,FALSE
Male,Disloyal Customer,34,Business Travel,Eco,762,3,3,3,4,2,3,2,2,2,3,3,2,2,2.62,0,0,FALSE
Female,Loyal Customer,54,Personal Travel,Eco,641,3,5,2,3,5,4,5,3,3,2,3,4,5,3.62,100,96,FALSE
Female,Disloyal Customer,28,Business Travel,Business,991,5,5,5,2,5,5,5,5,3,5,4,3,5,4.38,1,0,TRUE
Male,Loyal Customer,9,Personal Travel,Eco,642,3,2,3,3,4,3,4,4,3,1,3,1,4,2.92,10,0,FALSE
Female,Disloyal Customer,51,Business Travel,Business,528,1,1,1,4,3,1,3,3,3,5,5,5,3,2.92,0,6,FALSE
Female,Loyal Customer,34,Business Travel,Business,1564,3,3,3,3,2,4,5,4,4,4,4,5,4,3.69,9,0,TRUE
Female,Loyal Customer,17,Personal Travel,Eco,937,2,5,2,3,4,2,4,4,4,2,5,3,4,3.38,1,0,FALSE
Male,Disloyal Customer,25,Business Travel,Business,763,5,0,5,2,5,5,5,5,3,3,3,3,5,3.77,1,0,TRUE
Female,Loyal Customer,14,Personal Travel,Eco Plus,368,3,3,3,4,5,3,5,5,3,1,4,4,5,3.69,0,0,FALSE
Female,Loyal Customer,42,Personal Travel,Eco,588,2,4,2,3,3,3,5,4,4,2,1,2,5,3.08,0,0,FALSE
Female,Loyal Customer,52,Business Travel,Business,3881,5,5,5,5,2,5,5,5,5,5,5,4,4,4.62,67,57,TRUE
Female,Loyal Customer,53,Business Travel,Business,1790,3,3,3,3,3,4,4,4,4,4,4,4,3,3.54,9,10,TRUE
Female,Loyal Customer,56,Personal Travel,Eco,746,2,4,2,3,5,4,2,5,5,2,5,4,5,3.69,52,64,FALSE
Male,Disloyal Customer,27,Business Travel,Eco,862,1,1,1,3,3,1,5,3,3,1,4,4,3,2.54,0,0,FALSE
Male,Loyal Customer,28,Business Travel,Business,3902,2,2,2,2,2,2,2,2,3,3,4,3,2,2.38,2,6,FALSE
Male,Loyal Customer,11,Personal Travel,Eco,925,4,4,4,1,5,4,5,5,4,2,4,4,5,3.92,0,0,TRUE
Female,Loyal Customer,56,Business Travel,Eco,331,4,5,5,5,3,5,4,4,4,4,4,5,5,4.38,0,0,TRUE
Female,Loyal Customer,42,Personal Travel,Eco,1072,2,5,2,4,2,5,4,2,2,2,2,5,4,3.15,18,3,FALSE
Male,Loyal Customer,24,Personal Travel,Eco Plus,299,4,5,4,5,3,4,4,3,5,5,4,5,3,4.15,10,11,FALSE
Male,Loyal Customer,44,Business Travel,Eco,743,5,4,4,4,5,5,5,5,1,4,4,5,5,4.31,0,12,TRUE
Female,Loyal Customer,9,Personal Travel,Eco Plus,522,5,4,5,2,2,5,2,2,3,4,4,4,2,3.38,0,0,TRUE
Male,Loyal Customer,57,Business Travel,Eco,353,4,5,5,5,4,4,4,4,2,2,2,2,4,3.62,0,0,TRUE
Female,Loyal Customer,46,Business Travel,Business,948,4,4,4,4,5,4,5,3,3,4,3,3,4,3.85,14,17,TRUE
Female,Loyal Customer,30,Personal Travel,Eco,406,4,4,4,1,2,4,2,2,5,5,5,3,2,3.31,6,0,FALSE
Male,Loyal Customer,29,Business Travel,Business,3187,1,1,5,1,5,5,5,5,2,1,5,2,5,3.31,0,0,TRUE
Male,Loyal Customer,61,Business Travel,Eco,209,5,2,2,2,5,5,5,5,5,3,4,5,5,4.08,0,0,TRUE
Female,Disloyal Customer,29,Business Travel,Eco,1310,2,3,3,4,1,2,1,1,2,3,3,2,1,2.15,0,8,FALSE
Female,Disloyal Customer,21,Business Travel,Business,448,5,0,5,5,2,5,3,2,3,4,4,4,2,3.38,0,0,TRUE
Male,Loyal Customer,70,Personal Travel,Eco,574,3,2,3,2,1,3,1,1,2,2,3,4,1,2.15,0,0,FALSE
Female,Disloyal Customer,26,Business Travel,Eco,1000,2,3,3,4,3,3,3,3,5,3,2,1,3,2.92,0,0,FALSE
Female,Disloyal Customer,25,Business Travel,Eco Plus,781,3,0,3,2,2,3,2,2,3,1,4,5,2,2.46,2,0,FALSE
Female,Loyal Customer,40,Business Travel,Business,602,4,3,3,3,2,3,3,4,4,3,4,2,2,3.08,18,28,FALSE
Female,Loyal Customer,41,Business Travel,Business,2699,1,1,1,1,4,5,5,4,4,4,4,4,3,3.15,0,0,TRUE
Female,Loyal Customer,51,Business Travel,Business,611,2,2,2,2,4,5,4,5,5,5,5,5,4,3.85,0,0,TRUE
Male,Loyal Customer,25,Business Travel,Business,948,3,3,3,3,4,4,4,4,3,1,3,2,4,3.15,11,0,TRUE
Female,Loyal Customer,59,Personal Travel,Eco Plus,1211,3,0,3,2,2,3,4,5,5,3,5,5,4,3.38,0,1,FALSE
Male,Loyal Customer,54,Business Travel,Business,255,1,1,1,1,2,1,5,4,4,4,4,1,2,2.38,6,0,TRUE
Male,Loyal Customer,34,Business Travel,Business,3916,5,5,5,5,2,5,5,4,4,4,4,3,5,4.31,1,0,TRUE
Male,Disloyal Customer,43,Business Travel,Business,541,2,2,2,5,3,2,3,3,5,2,5,4,3,3.15,0,0,FALSE
Female,Disloyal Customer,22,Business Travel,Eco,127,5,0,5,3,5,5,5,5,3,3,3,2,5,3.77,0,0,TRUE
Male,Loyal Customer,50,Business Travel,Eco,925,3,4,4,4,3,3,3,3,3,3,3,1,3,3.08,0,0,FALSE
Female,Loyal Customer,21,Personal Travel,Eco,900,3,4,4,2,3,4,1,3,3,5,2,3,3,3.08,0,0,FALSE
Male,Loyal Customer,51,Personal Travel,Business,925,3,5,3,2,5,4,2,3,3,3,3,5,4,3.46,54,28,FALSE
Male,Disloyal Customer,59,Business Travel,Business,227,2,2,2,3,2,2,2,2,4,3,4,4,2,2.62,11,5,FALSE
Male,Loyal Customer,47,Business Travel,Eco,448,2,5,5,5,3,2,3,3,1,4,2,1,3,3,0,0,FALSE
Female,Loyal Customer,58,Business Travel,Business,3465,1,1,1,1,5,1,2,5,5,5,5,5,3,3.08,11,12,TRUE
Male,Disloyal Customer,29,Business Travel,Business,229,5,5,5,2,2,5,2,2,3,4,4,4,2,3.46,48,36,TRUE
Male,Loyal Customer,54,Business Travel,Business,3976,1,4,4,4,5,3,3,1,1,1,1,4,2,2.62,0,0,FALSE
Female,Loyal Customer,42,Business Travel,Business,226,0,0,0,2,4,4,4,2,2,2,2,5,4,2.38,0,0,TRUE
Female,Disloyal Customer,24,Business Travel,Eco,550,1,4,1,4,1,1,1,1,5,3,4,3,1,2.31,0,0,FALSE
Female,Loyal Customer,50,Business Travel,Business,1723,5,5,5,5,2,3,5,3,3,3,3,4,5,3.92,1,0,TRUE
Male,Loyal Customer,57,Business Travel,Business,605,3,2,2,2,3,3,3,3,3,3,3,4,4,2.92,43,33,FALSE
Female,Loyal Customer,38,Business Travel,Eco Plus,347,4,3,4,3,4,4,4,4,4,1,4,1,4,3.38,22,13,FALSE
Female,Loyal Customer,61,Personal Travel,Eco,366,2,1,2,4,5,4,3,5,5,2,5,1,2,3.15,70,60,FALSE
Female,Loyal Customer,52,Personal Travel,Eco,393,4,4,4,4,4,4,5,1,1,4,1,4,3,3.31,0,0,FALSE
Male,Loyal Customer,40,Business Travel,Business,3084,2,2,2,2,3,4,4,5,5,5,5,2,3,3.38,11,7,TRUE
Female,Disloyal Customer,61,Business Travel,Business,247,5,5,5,3,4,5,4,4,4,4,4,3,4,4.15,0,0,TRUE
Male,Loyal Customer,9,Personal Travel,Eco,859,3,5,4,2,4,4,4,4,4,2,4,3,4,3.62,0,0,FALSE
Male,Loyal Customer,30,Business Travel,Business,3439,1,1,1,1,5,5,5,5,5,5,1,5,5,3.46,25,18,TRUE
Female,Disloyal Customer,22,Business Travel,Eco,404,1,3,1,2,5,1,5,5,5,4,2,3,5,3.23,0,0,FALSE
Male,Disloyal Customer,23,Business Travel,Eco,156,3,5,3,4,4,3,4,4,2,1,2,3,4,3.23,0,0,FALSE
Female,Disloyal Customer,24,Business Travel,Business,859,5,5,4,1,5,4,5,5,5,5,5,4,5,4.46,0,0,TRUE
Male,Loyal Customer,17,Personal Travel,Eco,502,3,5,3,3,3,3,3,3,5,5,5,5,3,3.77,0,0,FALSE
Male,Loyal Customer,30,Business Travel,Eco,2537,4,1,4,1,4,4,4,4,4,2,5,5,4,3.54,0,0,TRUE
Female,Loyal Customer,46,Business Travel,Business,1739,3,3,3,3,3,4,4,4,4,4,4,4,5,3.69,0,0,TRUE
Female,Loyal Customer,16,Business Travel,Business,646,3,1,2,1,3,3,3,3,3,4,3,2,3,2.62,10,20,FALSE
Female,Loyal Customer,67,Personal Travel,Business,1598,2,5,2,4,2,3,5,1,1,2,1,5,5,2.92,0,0,FALSE
Male,Loyal Customer,58,Business Travel,Business,3296,3,3,3,3,2,5,5,5,5,5,5,3,3,3.85,63,61,TRUE
Male,Disloyal Customer,29,Business Travel,Business,2072,4,4,4,4,1,4,1,1,3,5,5,4,1,3.15,26,4,TRUE
Female,Loyal Customer,48,Business Travel,Business,2494,1,1,1,1,4,4,4,4,4,4,4,5,3,3.08,0,0,TRUE
Male,Loyal Customer,62,Business Travel,Business,308,2,2,2,2,3,5,4,5,5,5,5,5,3,3.69,11,3,TRUE
Male,Disloyal Customer,25,Business Travel,Eco Plus,304,2,2,2,3,1,2,1,1,1,3,2,4,1,1.92,0,24,FALSE
Female,Loyal Customer,58,Business Travel,Business,2675,4,4,3,4,2,4,4,4,4,4,4,4,4,3.77,3,26,TRUE
Female,Loyal Customer,70,Personal Travel,Eco,775,2,4,2,4,2,3,5,3,3,2,2,5,5,3.23,0,14,FALSE
Male,Loyal Customer,58,Personal Travel,Eco,102,1,4,1,3,5,1,5,5,1,4,2,1,5,2.92,15,14,FALSE
Male,Disloyal Customer,25,Business Travel,Eco,259,2,4,2,4,4,2,2,4,2,1,2,4,4,2.85,0,0,FALSE
Male,Loyal Customer,57,Business Travel,Business,2296,5,5,5,5,2,4,4,4,4,4,4,5,3,4.15,13,18,TRUE
Female,Loyal Customer,48,Business Travel,Business,2040,1,1,1,1,4,2,5,5,5,5,5,5,2,3.23,4,0,TRUE
Female,Loyal Customer,15,Personal Travel,Business,421,3,2,3,4,2,3,2,2,1,3,4,4,2,2.69,0,0,FALSE
Male,Loyal Customer,46,Business Travel,Business,814,4,4,4,4,3,4,5,5,5,5,5,5,4,4.38,1,0,TRUE
Female,Loyal Customer,58,Personal Travel,Eco,980,3,4,3,4,3,5,4,3,3,3,3,5,4,3.62,0,0,FALSE
Male,Loyal Customer,51,Business Travel,Business,2048,1,1,1,1,3,5,5,4,4,4,4,5,3,3.15,0,0,TRUE
Female,Loyal Customer,58,Business Travel,Eco,335,2,3,3,3,1,4,4,2,2,2,2,4,3,2.69,14,0,FALSE
Male,Loyal Customer,34,Business Travel,Business,1576,3,2,2,2,4,2,2,3,3,3,3,2,1,2.46,0,0,FALSE
Female,Loyal Customer,51,Business Travel,Business,1609,1,1,1,1,3,3,3,4,4,4,4,4,5,2.92,0,0,TRUE
Male,Loyal Customer,44,Business Travel,Business,3328,5,5,5,5,2,2,1,4,4,4,4,2,2,3.46,35,52,TRUE
Female,Loyal Customer,34,Business Travel,Business,2042,5,5,5,5,4,4,5,5,5,5,5,3,3,4.54,29,28,TRUE
Female,Loyal Customer,19,Personal Travel,Eco,1013,4,5,4,2,3,4,3,3,2,3,3,2,3,3.15,0,0,FALSE
Female,Loyal Customer,42,Business Travel,Business,828,5,5,5,5,3,4,4,4,4,4,4,4,3,4.15,0,15,TRUE
Female,Loyal Customer,39,Business Travel,Business,2454,5,5,5,5,4,4,4,5,5,5,5,4,4,4.62,2,0,TRUE
Male,Disloyal Customer,26,Business Travel,Business,366,4,4,4,1,4,4,2,4,3,4,4,3,4,3.46,4,0,FALSE
Male,Loyal Customer,57,Business Travel,Business,1995,3,3,3,3,3,3,5,4,4,4,4,4,5,3.69,0,0,TRUE
Female,Loyal Customer,48,Business Travel,Eco,628,4,5,5,5,4,2,2,4,4,4,4,3,1,3.62,38,30,TRUE
Male,Loyal Customer,47,Business Travel,Business,1340,4,4,4,4,3,4,5,3,3,3,3,5,3,3.69,65,63,TRUE
Male,Loyal Customer,42,Business Travel,Business,2105,3,3,3,3,2,5,5,3,3,4,3,5,5,3.62,7,0,TRUE
Female,Loyal Customer,46,Business Travel,Business,315,1,1,1,1,3,4,4,5,5,5,5,3,3,3.15,0,0,TRUE
Female,Disloyal Customer,27,Business Travel,Business,409,5,5,5,4,2,5,2,2,4,2,4,5,2,3.62,14,8,TRUE
Female,Loyal Customer,38,Personal Travel,Eco,116,3,2,3,3,5,3,5,5,2,3,4,2,5,3.46,0,0,FALSE
Male,Loyal Customer,20,Personal Travel,Eco,1117,3,3,2,3,2,2,2,2,1,4,4,2,2,2.46,0,0,FALSE
Male,Disloyal Customer,47,Business Travel,Eco,436,3,3,3,3,4,3,4,4,3,4,3,1,4,3.23,16,22,FALSE
Male,Loyal Customer,58,Business Travel,Business,1576,3,3,3,3,3,4,5,4,4,4,4,4,5,3.77,0,0,TRUE
Female,Disloyal Customer,38,Business Travel,Business,2342,1,1,1,3,1,5,5,5,5,4,4,5,5,3.46,30,46,FALSE
Female,Loyal Customer,40,Business Travel,Eco,925,5,3,3,3,5,5,5,5,4,4,4,4,5,4.23,0,0,TRUE
Male,Loyal Customer,36,Personal Travel,Eco,2475,3,2,3,3,3,3,3,1,1,4,3,3,3,2.69,122,184,FALSE
Female,Loyal Customer,46,Business Travel,Business,1590,5,5,5,5,4,4,5,3,3,4,3,3,3,4,9,5,TRUE
Male,Loyal Customer,34,Personal Travel,Eco,1096,3,1,3,4,5,3,5,5,4,1,4,4,5,3.62,0,0,FALSE
Female,Loyal Customer,22,Business Travel,Business,273,3,3,3,3,4,4,4,4,2,4,2,4,4,3.38,8,2,TRUE
Female,Loyal Customer,64,Personal Travel,Eco,395,4,4,4,3,2,5,5,4,4,4,4,5,3,3.92,21,18,FALSE
Male,Loyal Customer,73,Business Travel,Eco,1204,4,5,5,5,4,4,4,4,3,3,3,4,4,4,2,1,FALSE
Male,Loyal Customer,48,Business Travel,Business,2922,1,1,2,1,3,5,5,4,4,4,4,3,5,3.23,3,0,TRUE
Female,Loyal Customer,62,Business Travel,Business,3675,3,1,3,3,4,4,4,3,3,3,3,4,4,3.23,70,84,FALSE
Male,Loyal Customer,33,Business Travel,Business,2950,3,3,3,3,4,4,4,4,3,4,4,5,4,3.69,0,12,TRUE
Female,Disloyal Customer,27,Business Travel,Eco,605,5,0,5,3,3,5,3,3,1,5,1,4,3,3.15,0,0,TRUE
Female,Disloyal Customer,58,Business Travel,Eco,306,3,1,3,4,2,3,2,2,4,3,3,2,2,2.62,124,114,FALSE
Male,Loyal Customer,48,Personal Travel,Eco Plus,587,2,2,2,4,4,2,4,4,2,5,3,2,4,3.08,0,0,FALSE
Female,Loyal Customer,39,Business Travel,Business,2656,1,1,2,1,2,4,4,3,3,3,3,4,3,2.62,0,0,TRUE
Female,Loyal Customer,20,Business Travel,Business,666,1,1,1,1,5,5,5,5,3,3,5,3,5,3.31,22,30,TRUE
Female,Loyal Customer,49,Business Travel,Business,1568,2,2,2,2,3,5,5,4,4,4,4,5,3,3.46,8,0,TRUE
Male,Loyal Customer,24,Personal Travel,Eco Plus,985,3,4,2,4,5,2,3,5,5,3,5,3,5,3.77,0,0,FALSE
Female,Loyal Customer,18,Personal Travel,Eco,600,3,5,3,5,4,3,4,4,4,5,4,4,4,4,0,0,FALSE
Female,Loyal Customer,47,Business Travel,Business,369,4,4,4,4,2,1,1,4,4,4,4,3,3,3.23,0,0,TRUE
Female,Loyal Customer,41,Business Travel,Business,2632,4,4,4,4,3,5,5,4,4,5,4,4,4,4.15,26,11,TRUE
Male,Disloyal Customer,18,Business Travel,Eco,944,3,3,3,4,4,3,3,4,2,4,3,3,4,3.31,101,84,FALSE
Female,Loyal Customer,57,Business Travel,Business,3740,2,2,2,2,3,5,5,4,4,4,4,5,3,3.46,0,2,TRUE
Male,Loyal Customer,21,Personal Travel,Eco,516,2,4,2,3,5,2,5,5,5,4,4,4,5,3.85,0,16,FALSE
Female,Loyal Customer,33,Business Travel,Business,1608,3,1,3,3,2,3,4,5,5,5,3,5,4,3.54,0,0,TRUE
Female,Loyal Customer,26,Personal Travel,Eco,591,3,0,3,4,5,3,5,5,4,2,4,5,5,3.69,27,16,FALSE
Female,Loyal Customer,54,Personal Travel,Eco,957,2,5,2,1,4,5,4,5,5,2,4,4,4,3.62,0,0,FALSE
Male,Disloyal Customer,18,Business Travel,Eco,431,2,3,2,3,5,2,5,5,4,1,4,1,5,3.23,28,74,FALSE
Female,Loyal Customer,61,Business Travel,Business,3710,2,1,1,1,2,3,3,2,2,2,2,4,4,2.23,0,0,FALSE
Female,Disloyal Customer,28,Business Travel,Eco,907,2,2,2,3,2,3,3,1,5,4,3,3,3,2.77,211,203,FALSE
Female,Loyal Customer,42,Business Travel,Business,1984,3,3,1,3,4,5,5,4,4,4,4,3,5,3.69,0,0,TRUE
Female,Loyal Customer,52,Business Travel,Business,3345,5,5,5,5,2,4,4,4,4,4,4,4,3,4.08,5,5,TRUE
Male,Loyal Customer,43,Business Travel,Business,1660,2,2,2,2,2,4,4,2,2,2,2,3,3,2.46,1,0,TRUE
Male,Loyal Customer,25,Business Travel,Business,362,1,1,3,1,4,4,4,4,4,4,5,4,4,3.31,7,5,TRUE
Female,Disloyal Customer,26,Business Travel,Eco,373,2,4,2,3,5,2,5,5,2,1,4,1,5,3.15,78,62,FALSE
Male,Loyal Customer,29,Business Travel,Business,2194,4,4,4,4,5,5,5,5,1,5,2,5,5,4.15,0,0,TRUE
Male,Disloyal Customer,19,Business Travel,Eco,1042,4,4,4,3,2,4,2,2,1,5,3,4,2,3.08,53,35,FALSE
Male,Disloyal Customer,37,Business Travel,Business,148,3,3,3,1,4,3,2,4,4,4,4,4,4,3.31,0,0,TRUE
Male,Loyal Customer,33,Business Travel,Business,3155,3,3,3,3,3,3,3,3,3,4,3,1,3,2.92,81,82,FALSE
Male,Loyal Customer,32,Personal Travel,Eco,1065,3,4,2,4,3,2,3,3,4,4,3,2,3,3.08,0,11,FALSE
Male,Loyal Customer,8,Personal Travel,Eco,1471,2,4,2,1,3,2,3,3,4,4,3,5,3,3,0,0,FALSE
Female,Loyal Customer,43,Business Travel,Business,189,0,5,0,4,3,4,5,4,4,3,3,4,3,3.23,0,0,TRUE
Male,Disloyal Customer,59,Business Travel,Business,460,5,5,5,1,4,5,4,4,5,2,4,4,4,4,0,0,TRUE
Male,Loyal Customer,47,Business Travel,Eco,331,4,3,3,3,4,4,4,4,4,1,2,3,4,3.31,14,9,FALSE
Male,Loyal Customer,37,Business Travel,Business,484,5,5,5,5,3,1,3,3,3,4,3,3,3,3.54,2,0,TRUE
Female,Loyal Customer,26,Personal Travel,Eco,2419,3,4,3,1,4,3,4,4,3,4,5,3,4,3.46,0,0,FALSE
Male,Loyal Customer,43,Business Travel,Business,641,5,5,5,5,4,5,5,5,5,5,5,3,5,4.77,2,0,TRUE
Female,Disloyal Customer,24,Business Travel,Eco,589,4,0,5,1,4,5,4,4,1,1,5,2,4,3.08,0,0,FALSE
Male,Loyal Customer,51,Business Travel,Business,2385,1,3,3,3,2,3,2,1,1,1,1,3,2,2,0,0,FALSE
Male,Loyal Customer,58,Personal Travel,Eco,1346,0,2,0,3,2,0,2,2,1,3,2,3,2,1.69,10,0,TRUE
Male,Loyal Customer,19,Personal Travel,Eco,89,1,5,1,2,4,1,4,4,3,2,4,4,4,3,40,57,FALSE
Female,Disloyal Customer,20,Business Travel,Eco,227,2,0,2,3,3,2,3,3,5,3,3,2,3,2.62,0,0,FALSE
Male,Loyal Customer,17,Personal Travel,Eco,1009,2,5,2,3,4,2,4,4,4,4,4,4,4,3.54,4,0,FALSE
Female,Loyal Customer,32,Business Travel,Eco Plus,89,4,1,1,1,4,4,4,4,5,4,1,2,4,3,0,11,TRUE
Female,Disloyal Customer,22,Business Travel,Eco,594,3,2,3,3,4,3,4,4,2,5,4,4,4,3.46,8,13,FALSE
Male,Loyal Customer,38,Business Travel,Business,2709,2,2,2,2,5,5,4,2,2,2,2,5,4,3,0,0,TRUE
Male,Loyal Customer,51,Personal Travel,Eco,869,3,1,3,3,3,3,3,3,1,1,4,2,3,2.54,12,11,FALSE
Male,Loyal Customer,58,Business Travel,Business,1784,1,1,2,1,5,5,5,5,5,5,5,4,5,3.77,0,0,TRUE
Female,Loyal Customer,47,Business Travel,Business,1525,4,4,3,4,4,5,4,5,5,5,5,5,3,4.31,2,12,TRUE
Male,Loyal Customer,25,Business Travel,Business,1947,1,1,1,1,5,5,5,5,5,3,3,4,5,3.38,6,0,TRUE
Female,Loyal Customer,44,Business Travel,Business,591,3,3,3,3,5,4,1,5,5,5,5,2,2,3.54,0,0,TRUE
Male,Loyal Customer,57,Business Travel,Business,946,1,2,2,2,3,4,3,1,1,1,1,2,4,2.08,0,0,FALSE
Female,Loyal Customer,48,Business Travel,Business,3157,1,1,1,1,4,5,5,4,4,4,4,3,3,3.08,0,0,TRUE
Female,Loyal Customer,42,Business Travel,Business,3828,2,2,2,2,4,5,5,4,4,4,4,3,3,3.38,0,0,TRUE
Male,Loyal Customer,22,Personal Travel,Eco,1972,3,0,3,2,4,3,4,4,4,4,4,3,4,3.23,0,0,FALSE
Male,Loyal Customer,19,Personal Travel,Eco,187,3,3,3,3,1,3,1,1,4,3,2,3,1,2.38,41,32,FALSE
Female,Loyal Customer,52,Business Travel,Business,3068,3,3,3,3,5,5,5,4,4,4,4,4,5,4,0,0,TRUE
Female,Disloyal Customer,39,Business Travel,Business,300,2,2,2,3,5,2,5,5,4,1,5,5,5,3.54,38,30,FALSE
Male,Loyal Customer,32,Business Travel,Business,1190,1,1,1,1,1,1,1,1,2,3,4,3,1,1.62,0,0,FALSE
Female,Loyal Customer,36,Business Travel,Business,214,3,3,3,3,1,4,4,1,1,1,3,2,1,2.31,0,0,FALSE
Male,Loyal Customer,20,Business Travel,Business,954,1,1,1,1,4,4,4,4,4,2,5,4,4,3,19,13,TRUE
Female,Loyal Customer,48,Business Travel,Business,3198,2,5,2,2,5,5,4,4,4,4,4,5,4,3.85,0,0,TRUE
Female,Disloyal Customer,40,Business Travel,Business,2402,2,2,2,3,4,2,5,4,1,4,3,1,4,2.85,0,12,FALSE
Male,Disloyal Customer,43,Business Travel,Business,624,3,3,3,3,4,3,4,4,3,3,4,3,4,3.38,24,22,FALSE
Female,Loyal Customer,51,Business Travel,Business,2248,4,1,4,4,5,5,5,3,4,5,5,5,5,4.23,0,0,TRUE
Female,Loyal Customer,58,Business Travel,Eco,925,3,2,2,2,5,3,2,3,3,3,3,4,4,3,0,0,FALSE
Female,Loyal Customer,36,Personal Travel,Eco,547,2,3,2,3,2,2,5,2,4,5,5,3,2,3.08,11,4,FALSE
Female,Loyal Customer,51,Business Travel,Business,1931,2,5,5,5,3,3,4,2,2,2,2,4,2,3.15,0,0,FALSE
Female,Loyal Customer,39,Business Travel,Eco Plus,1532,3,4,4,4,3,3,3,3,3,2,4,4,3,3.31,40,27,FALSE
Female,Loyal Customer,39,Business Travel,Business,3361,5,5,5,5,5,5,5,4,4,4,4,4,4,4.54,0,0,TRUE
Male,Disloyal Customer,26,Business Travel,Eco,867,4,4,4,3,3,4,3,3,1,4,4,1,3,3.15,0,0,FALSE
Female,Loyal Customer,31,Personal Travel,Eco,1028,1,5,1,1,2,1,2,2,3,2,5,3,2,2.31,0,0,FALSE
Male,Loyal Customer,47,Business Travel,Business,1607,4,4,4,4,2,5,4,4,4,4,4,3,3,3.77,0,0,TRUE
Female,Loyal Customer,63,Business Travel,Business,420,2,2,2,2,1,5,3,3,3,3,3,3,2,2.62,0,0,TRUE
Female,Loyal Customer,50,Business Travel,Business,2480,1,1,1,1,2,4,4,4,4,4,4,4,3,2.85,6,0,TRUE
Female,Disloyal Customer,36,Business Travel,Eco,145,3,5,3,2,2,3,2,2,5,4,2,4,2,3,0,2,FALSE
Female,Loyal Customer,67,Personal Travel,Eco,888,3,3,3,1,3,3,1,5,5,3,3,2,2,2.85,0,0,FALSE
Male,Loyal Customer,33,Business Travel,Business,2337,5,5,3,5,4,4,4,4,4,5,5,3,4,4.23,68,61,TRUE
Female,Disloyal Customer,28,Business Travel,Business,2227,1,1,1,2,2,1,2,2,3,2,4,4,2,2.08,0,0,FALSE
Female,Loyal Customer,58,Business Travel,Business,588,5,5,5,5,4,5,5,4,4,5,4,5,4,4.62,23,14,TRUE
Female,Loyal Customer,18,Personal Travel,Eco,369,4,1,5,1,5,5,5,5,1,3,1,4,5,3.46,23,23,FALSE
Female,Disloyal Customer,22,Business Travel,Eco,216,2,0,1,2,2,1,2,2,4,5,5,4,2,2.46,3,1,FALSE
Male,Disloyal Customer,37,Business Travel,Eco,575,3,3,2,4,5,2,5,5,4,3,3,4,5,3.69,0,0,FALSE
Female,Loyal Customer,59,Personal Travel,Eco,1426,3,5,3,3,5,4,5,2,2,3,2,4,4,3.46,0,0,FALSE
Female,Loyal Customer,35,Personal Travel,Eco,992,2,5,2,5,1,2,1,1,4,4,4,4,1,2.77,14,11,FALSE
Female,Loyal Customer,51,Personal Travel,Eco,216,3,0,3,2,1,1,4,5,5,3,5,2,2,2.77,0,0,FALSE
Female,Loyal Customer,39,Personal Travel,Eco,651,2,0,2,4,2,2,2,2,5,3,4,4,2,2.62,0,2,FALSE
Male,Loyal Customer,41,Business Travel,Business,2178,3,3,3,3,2,2,3,5,5,5,5,1,3,3.31,0,0,TRUE
Male,Loyal Customer,29,Personal Travel,Business,190,3,4,3,1,3,3,3,3,5,4,5,3,3,3.31,89,111,FALSE
Male,Loyal Customer,22,Personal Travel,Eco,257,2,5,2,2,4,2,4,4,1,2,3,5,4,3.08,0,0,FALSE
Male,Loyal Customer,38,Business Travel,Eco Plus,1024,4,4,4,4,4,4,4,4,5,4,2,1,4,3.69,0,0,TRUE
Male,Loyal Customer,29,Personal Travel,Eco,491,3,4,3,2,3,3,3,3,4,4,1,4,3,3.08,8,7,FALSE
Female,Disloyal Customer,23,Business Travel,Eco,369,2,2,2,4,5,2,5,5,3,4,3,2,5,3.38,0,0,FALSE
Female,Loyal Customer,73,Business Travel,Eco Plus,447,1,4,4,4,2,3,3,1,1,1,1,4,4,2.54,0,0,FALSE
Male,Loyal Customer,42,Business Travel,Business,3697,5,5,5,5,3,5,5,5,5,5,5,4,4,4.69,7,0,TRUE
Female,Loyal Customer,30,Personal Travel,Business,134,3,0,0,3,1,0,1,1,4,1,5,4,1,1.85,0,0,FALSE
Male,Loyal Customer,59,Business Travel,Business,1528,5,5,2,5,2,5,4,4,4,4,4,3,3,3.85,22,23,TRUE
Male,Disloyal Customer,25,Business Travel,Eco,551,3,1,3,2,3,3,3,3,3,3,2,2,3,2.62,4,13,FALSE
Female,Loyal Customer,55,Personal Travel,Business,903,3,5,3,4,2,5,5,1,1,3,1,3,3,3,34,4,FALSE
Female,Loyal Customer,58,Business Travel,Business,3338,0,1,1,4,2,5,4,3,3,3,3,3,4,2.77,0,0,TRUE
Female,Loyal Customer,46,Personal Travel,Eco,936,1,4,1,1,1,3,3,4,5,4,4,3,3,2.85,142,135,FALSE
Female,Loyal Customer,19,Personal Travel,Eco,366,1,3,1,3,1,1,1,1,1,5,2,1,1,1.69,0,0,FALSE
Female,Disloyal Customer,22,Business Travel,Eco,1020,3,3,3,4,4,3,3,4,4,5,4,5,4,3.77,0,0,FALSE
Male,Loyal Customer,69,Personal Travel,Eco,744,1,1,1,4,5,1,5,5,1,2,3,1,5,2.69,0,0,FALSE
Female,Loyal Customer,41,Business Travel,Business,3459,1,4,2,4,2,4,3,1,1,1,1,4,3,2.38,2,0,FALSE
Male,Loyal Customer,73,Business Travel,Eco Plus,409,3,1,4,1,3,3,3,3,4,1,3,2,3,2.62,12,17,FALSE
Female,Loyal Customer,55,Business Travel,Business,813,2,2,2,2,5,4,5,5,5,5,5,3,3,3.69,1,0,TRUE
Male,Loyal Customer,55,Business Travel,Business,3090,1,1,1,1,2,5,5,5,5,5,5,4,4,3.38,46,41,TRUE
Male,Loyal Customer,48,Personal Travel,Eco,164,1,4,1,4,5,1,1,5,3,2,5,5,5,3.23,26,28,FALSE
Male,Loyal Customer,31,Business Travel,Eco,239,1,3,3,3,1,1,1,1,2,1,4,4,1,2,21,26,FALSE
Male,Loyal Customer,11,Personal Travel,Eco,140,1,1,1,2,3,1,3,3,4,3,2,4,3,2.38,4,8,FALSE
Male,Disloyal Customer,59,Business Travel,Business,237,1,1,1,2,3,1,3,3,2,5,3,2,3,2.31,0,0,FALSE
Male,Loyal Customer,56,Business Travel,Eco,342,3,1,1,1,3,3,3,3,2,2,4,1,3,2.31,57,53,FALSE
Female,Loyal Customer,69,Personal Travel,Eco,308,3,5,3,2,2,5,5,3,3,3,3,4,4,3.46,0,0,FALSE
Male,Loyal Customer,54,Business Travel,Business,2497,5,5,5,5,4,5,5,5,5,5,5,5,5,4.92,0,6,TRUE
Female,Loyal Customer,34,Personal Travel,Eco,258,3,5,3,5,3,3,3,3,5,5,2,1,3,3.38,0,0,FALSE
Female,Loyal Customer,46,Business Travel,Business,581,3,3,3,3,5,5,5,5,5,5,5,4,5,4.31,19,29,TRUE
Male,Loyal Customer,66,Business Travel,Business,414,2,2,2,2,5,5,4,4,4,4,4,3,5,3.54,31,9,TRUE
Female,Loyal Customer,34,Personal Travel,Eco,373,2,5,2,3,1,2,1,1,3,4,1,3,1,2.23,4,24,FALSE
Male,Loyal Customer,31,Business Travel,Business,611,2,2,2,2,4,4,4,4,3,4,5,5,4,3.46,8,14,TRUE
Male,Loyal Customer,33,Business Travel,Business,3616,4,4,4,4,2,2,2,2,3,2,4,4,2,3,8,40,TRUE
Female,Loyal Customer,27,Business Travel,Business,2042,1,1,1,1,4,4,4,4,4,5,4,3,4,3.08,31,18,TRUE
Male,Loyal Customer,32,Business Travel,Eco,954,4,5,5,5,4,4,4,4,2,3,1,5,4,3.85,0,0,TRUE
Male,Loyal Customer,55,Business Travel,Business,2495,0,3,0,5,2,3,1,4,4,4,1,3,4,2.62,0,0,TRUE
Male,Loyal Customer,59,Business Travel,Eco,163,5,2,2,2,4,5,4,4,5,1,1,2,4,3.15,1,2,TRUE
Male,Loyal Customer,20,Business Travel,Business,1475,3,3,3,3,4,4,4,4,4,2,5,3,4,3.54,0,13,TRUE
Female,Disloyal Customer,49,Business Travel,Business,964,5,5,5,5,5,5,5,5,5,4,5,5,5,4.92,0,0,TRUE
Female,Disloyal Customer,40,Business Travel,Business,752,4,4,4,2,1,4,5,1,4,2,4,3,1,3,19,29,FALSE
Male,Loyal Customer,54,Business Travel,Business,3410,4,4,4,4,3,5,5,5,5,5,5,3,5,4.38,57,48,TRUE
Female,Disloyal Customer,24,Business Travel,Business,181,2,1,3,4,3,3,3,3,3,4,4,2,3,2.92,16,13,FALSE
Male,Loyal Customer,37,Personal Travel,Eco,451,3,5,1,3,4,1,4,4,1,3,4,1,4,2.92,31,27,FALSE
Female,Disloyal Customer,26,Business Travel,Eco,352,2,0,2,2,2,2,2,2,4,2,5,4,2,2.38,0,0,FALSE
Female,Loyal Customer,29,Personal Travel,Eco Plus,577,1,5,0,1,3,0,3,3,4,4,5,5,3,2.85,0,0,FALSE
Male,Loyal Customer,37,Business Travel,Business,308,3,3,3,3,3,4,1,4,4,4,4,1,2,3,0,0,TRUE
Female,Loyal Customer,41,Business Travel,Business,2288,5,5,5,5,2,4,5,4,4,4,4,3,5,4.23,0,0,TRUE
Male,Loyal Customer,30,Personal Travel,Eco,937,3,5,3,5,3,2,1,2,3,2,1,1,1,2.46,123,164,FALSE
Female,Disloyal Customer,23,Business Travel,Eco,2454,2,2,2,3,2,4,4,1,5,2,3,4,4,2.92,0,33,FALSE
Female,Loyal Customer,31,Personal Travel,Business,2422,2,5,2,3,2,5,5,3,2,5,4,5,5,3.69,3,0,FALSE
Female,Loyal Customer,44,Personal Travel,Eco,954,2,2,2,3,4,3,3,4,4,2,4,4,4,3.15,0,0,FALSE
Male,Loyal Customer,50,Business Travel,Business,3589,3,4,3,4,5,4,3,3,3,3,3,3,2,3.31,58,53,FALSE
Male,Disloyal Customer,24,Business Travel,Eco,197,3,5,4,4,3,4,5,3,5,4,5,3,3,3.92,4,4,FALSE
Male,Loyal Customer,22,Business Travel,Business,2329,2,2,5,2,4,4,4,4,5,3,3,5,4,3.62,0,0,TRUE
Male,Disloyal Customer,23,Business Travel,Eco,528,4,2,4,1,4,4,4,4,3,5,2,3,4,3.38,31,38,TRUE
Male,Loyal Customer,61,Personal Travel,Eco,399,2,5,2,3,4,2,4,4,5,4,5,5,4,3.77,0,20,FALSE
Male,Loyal Customer,23,Business Travel,Eco Plus,246,2,4,4,4,2,2,4,2,4,5,3,4,2,3.23,10,8,FALSE
Female,Loyal Customer,15,Personal Travel,Business,200,4,3,4,1,1,4,1,1,3,1,1,3,1,2.15,3,0,TRUE
Female,Loyal Customer,41,Personal Travel,Eco,2404,0,4,0,4,2,0,2,2,1,2,3,4,2,2,0,0,TRUE
Female,Loyal Customer,45,Business Travel,Business,2103,5,5,4,5,2,4,4,2,2,2,2,3,4,3.38,0,0,TRUE
Female,Disloyal Customer,23,Business Travel,Eco,356,4,0,4,1,4,4,2,4,4,2,5,4,4,3.23,0,0,TRUE
Male,Loyal Customer,25,Business Travel,Business,3449,4,4,2,4,4,4,4,4,4,4,4,3,4,3.77,0,0,TRUE
Male,Loyal Customer,56,Business Travel,Business,406,4,4,4,4,2,4,4,4,4,5,4,5,3,3.92,19,4,TRUE
Female,Disloyal Customer,48,Business Travel,Business,628,2,2,2,3,4,2,4,4,4,4,4,3,4,3.23,0,0,FALSE
Male,Loyal Customer,36,Business Travel,Business,3745,2,2,2,2,2,5,4,5,5,5,5,5,5,3.77,0,0,TRUE
Female,Loyal Customer,62,Personal Travel,Eco,1430,3,2,4,4,3,4,4,2,2,4,2,1,3,2.92,0,0,FALSE
Female,Loyal Customer,50,Business Travel,Eco,867,3,4,4,4,5,4,3,3,3,3,3,1,3,3.31,3,3,FALSE
Female,Loyal Customer,39,Business Travel,Business,3145,3,3,3,3,5,2,1,4,4,4,4,2,2,3.08,1,0,TRUE
Female,Loyal Customer,57,Business Travel,Business,3355,4,4,4,4,3,2,5,4,4,4,4,2,3,3.62,1,0,TRUE
Male,Loyal Customer,7,Personal Travel,Eco,378,4,1,1,4,4,1,4,4,1,5,3,4,4,3.08,6,0,TRUE
Male,Disloyal Customer,36,Business Travel,Business,588,1,1,1,4,1,1,1,1,5,3,4,5,1,2.23,0,0,FALSE
Female,Loyal Customer,33,Business Travel,Business,757,5,5,5,5,2,4,5,4,4,4,4,3,3,4.08,4,2,TRUE
Female,Loyal Customer,58,Business Travel,Business,2025,3,3,3,3,5,5,4,4,4,4,4,3,3,3.69,0,0,TRUE
Female,Disloyal Customer,34,Business Travel,Business,1797,1,1,1,3,5,1,5,5,5,5,5,4,5,3.54,0,0,FALSE
Female,Loyal Customer,58,Personal Travel,Eco,550,2,0,2,2,2,5,4,1,1,2,1,5,5,2.46,4,0,FALSE
Male,Loyal Customer,36,Personal Travel,Eco,345,3,4,3,4,4,3,4,4,5,2,5,3,4,3.69,54,57,FALSE
Female,Loyal Customer,24,Personal Travel,Eco,2079,1,3,1,3,5,1,5,5,4,4,2,1,5,3.08,5,0,FALSE
Male,Loyal Customer,49,Business Travel,Business,366,1,1,1,1,4,4,4,3,3,3,3,3,4,2.69,89,72,TRUE
Female,Loyal Customer,15,Business Travel,Eco Plus,920,4,5,5,5,4,1,4,3,1,3,3,4,4,3.54,169,173,FALSE
Female,Loyal Customer,47,Business Travel,Eco,964,4,5,3,5,1,3,3,4,4,4,4,4,1,3.46,1,0,FALSE
Female,Disloyal Customer,39,Business Travel,Business,1172,3,3,3,4,2,3,2,2,2,2,4,2,2,2.62,30,31,FALSE
Male,Loyal Customer,36,Personal Travel,Eco,489,5,3,5,4,3,5,3,3,3,1,4,1,3,3.31,0,3,TRUE
Male,Loyal Customer,59,Business Travel,Business,683,3,3,3,3,4,5,5,5,5,5,5,5,5,4.31,0,5,TRUE
Male,Loyal Customer,47,Business Travel,Business,236,0,0,0,2,2,4,4,3,3,3,3,4,3,2.38,6,3,TRUE
Male,Loyal Customer,40,Business Travel,Business,2079,0,5,0,3,4,2,4,2,2,2,2,5,5,2.77,0,0,TRUE
Male,Loyal Customer,25,Business Travel,Business,3619,0,3,0,1,3,3,3,3,2,4,1,1,3,2.08,0,0,TRUE
Female,Disloyal Customer,77,Business Travel,Eco,224,5,0,5,3,2,5,3,2,1,1,4,1,2,2.62,0,13,TRUE
Male,Disloyal Customer,23,Business Travel,Eco,1521,2,2,2,4,1,2,1,1,4,4,4,1,1,2.23,22,53,FALSE
Female,Loyal Customer,37,Business Travel,Business,280,5,5,5,5,2,4,5,5,5,5,5,5,3,4.54,0,30,TRUE
Female,Loyal Customer,8,Personal Travel,Eco,562,2,5,3,2,4,3,4,4,3,4,4,1,4,3.31,0,0,FALSE
Female,Loyal Customer,41,Business Travel,Business,1506,5,5,5,5,3,5,5,4,4,4,4,3,4,4.31,0,0,TRUE
Female,Loyal Customer,35,Business Travel,Eco,182,4,3,3,3,4,4,4,4,3,2,4,3,4,3.46,0,0,TRUE
Male,Disloyal Customer,25,Business Travel,Eco,748,2,2,2,1,3,2,3,3,1,3,5,2,3,2.46,100,88,FALSE
Female,Loyal Customer,34,Personal Travel,Eco,86,2,5,0,3,2,0,3,2,1,3,3,5,2,2.38,0,0,FALSE
Male,Loyal Customer,59,Business Travel,Eco,814,4,1,1,1,4,4,4,4,4,4,3,4,4,3.23,27,18,FALSE
Female,Loyal Customer,49,Business Travel,Eco Plus,447,1,2,2,2,5,3,3,1,1,1,1,2,2,2,0,0,FALSE
Female,Loyal Customer,40,Business Travel,Business,2611,1,1,4,1,1,1,2,1,1,1,1,4,4,1.77,0,0,FALSE
Female,Loyal Customer,28,Business Travel,Business,1127,2,2,2,2,4,4,4,4,4,2,5,3,4,3.23,0,0,TRUE
Female,Disloyal Customer,43,Business Travel,Eco,1034,2,2,2,2,1,2,1,1,4,1,3,4,1,2,7,0,FALSE
Female,Disloyal Customer,34,Business Travel,Eco,1126,1,1,1,4,4,1,4,4,2,1,2,1,4,2.31,0,18,FALSE
Female,Loyal Customer,27,Business Travel,Business,1671,1,1,1,1,4,4,4,4,3,1,4,5,4,2.85,45,45,TRUE
Male,Loyal Customer,26,Personal Travel,Eco,130,1,3,1,4,4,1,4,4,3,4,2,3,4,2.92,34,99,FALSE
Male,Loyal Customer,41,Business Travel,Business,2419,4,4,4,4,5,5,5,3,5,3,5,5,5,4.38,0,0,TRUE
Male,Loyal Customer,36,Business Travel,Eco Plus,209,4,1,4,1,4,4,4,4,2,5,3,2,4,3.23,0,0,TRUE
Female,Disloyal Customer,26,Business Travel,Eco,2349,1,2,2,1,4,1,4,4,4,2,4,2,4,2.69,0,0,FALSE
Female,Disloyal Customer,27,Business Travel,Business,455,3,3,3,2,3,3,3,5,4,5,4,3,3,3.38,161,200,FALSE
Male,Loyal Customer,48,Business Travel,Business,2768,0,5,0,4,4,4,4,2,2,2,2,4,4,2.85,29,35,TRUE
Male,Loyal Customer,53,Business Travel,Business,669,2,2,2,2,5,5,5,3,3,4,3,4,3,3.31,0,0,TRUE
Male,Loyal Customer,31,Personal Travel,Eco,493,1,4,1,1,2,1,2,2,3,3,4,3,2,2.23,0,0,FALSE
Male,Loyal Customer,56,Business Travel,Business,1744,1,1,2,1,4,3,3,3,5,3,4,3,3,2.77,197,174,TRUE
Female,Loyal Customer,39,Personal Travel,Eco,846,1,5,1,1,1,1,1,1,5,2,4,4,1,2.15,0,0,FALSE
Female,Loyal Customer,70,Personal Travel,Eco Plus,315,3,5,3,3,4,5,4,2,2,3,2,3,3,3.23,96,89,FALSE
Female,Disloyal Customer,20,Business Travel,Eco,986,2,2,2,4,3,2,3,3,3,4,4,3,3,2.92,77,67,FALSE
Male,Loyal Customer,51,Business Travel,Business,95,5,5,5,5,1,2,5,5,5,5,5,1,5,4.15,0,0,TRUE
Male,Loyal Customer,18,Personal Travel,Eco,1162,4,4,3,4,4,3,4,4,4,3,3,5,4,3.77,0,0,FALSE
Male,Disloyal Customer,39,Business Travel,Business,446,1,1,1,4,3,1,3,3,1,4,4,4,3,2.54,2,0,FALSE
Female,Disloyal Customer,28,Business Travel,Eco Plus,1585,1,1,1,3,2,1,5,2,1,5,4,1,2,2.23,5,3,FALSE
Male,Loyal Customer,21,Personal Travel,Business,2614,4,3,4,2,1,4,1,1,3,4,3,3,1,2.62,0,0,TRUE
Female,Loyal Customer,46,Business Travel,Business,1987,3,3,3,3,3,4,4,4,4,4,4,5,3,3.62,70,66,TRUE
Female,Loyal Customer,56,Business Travel,Business,214,2,2,2,2,5,5,5,5,5,5,4,4,3,3.77,43,32,TRUE
Female,Loyal Customer,18,Personal Travel,Eco,802,2,5,2,5,2,2,2,2,2,1,2,5,2,2.62,15,5,FALSE
Female,Loyal Customer,12,Personal Travel,Eco,2475,2,1,2,3,2,3,3,2,4,1,2,3,3,2.38,0,0,FALSE
Female,Disloyal Customer,18,Business Travel,Business,500,0,0,0,4,4,0,4,4,3,3,5,3,4,2.62,0,0,TRUE
Female,Loyal Customer,24,Business Travel,Business,1533,4,4,4,4,5,5,5,5,3,2,5,5,5,4.31,0,0,TRUE
Female,Disloyal Customer,41,Business Travel,Business,323,2,2,2,3,2,2,4,2,2,2,3,3,2,2.38,18,7,FALSE
Female,Loyal Customer,58,Business Travel,Business,1634,2,2,2,2,2,4,4,4,4,4,4,3,5,3.23,2,3,TRUE
Male,Disloyal Customer,38,Business Travel,Business,1201,3,3,3,4,4,3,4,4,4,3,4,3,4,3.54,10,0,FALSE
Female,Loyal Customer,68,Personal Travel,Eco,160,1,4,1,5,5,5,5,3,3,1,1,3,5,3.23,0,0,FALSE
Male,Loyal Customer,65,Personal Travel,Business,86,1,5,1,3,1,4,3,2,2,1,2,2,4,2.38,114,120,FALSE
Male,Disloyal Customer,24,Business Travel,Business,441,0,0,0,5,5,0,5,5,5,3,4,4,5,3.15,5,0,TRUE
Female,Loyal Customer,27,Business Travel,Business,3320,2,1,1,1,2,2,2,2,2,4,2,2,2,1.92,0,0,FALSE
Female,Loyal Customer,41,Business Travel,Business,2306,3,1,1,1,1,2,3,3,3,3,3,2,4,2.31,0,0,FALSE
Female,Loyal Customer,60,Personal Travel,Eco,2614,4,2,4,4,4,2,2,1,4,4,3,2,2,2.92,0,11,FALSE
Female,Loyal Customer,26,Business Travel,Eco,762,2,2,2,2,2,2,1,2,3,5,4,3,2,2.46,0,0,FALSE
Female,Loyal Customer,56,Personal Travel,Eco,1931,3,3,3,3,5,2,4,3,3,3,3,1,1,2.85,0,0,FALSE
Male,Loyal Customer,49,Business Travel,Business,836,1,1,1,1,3,5,4,4,4,4,4,5,5,3.23,15,8,TRUE
Male,Loyal Customer,32,Business Travel,Business,1235,3,3,4,3,5,5,5,5,4,3,5,5,5,4.23,42,17,TRUE
Male,Loyal Customer,48,Business Travel,Business,888,3,3,3,3,4,3,4,3,3,3,3,3,3,3.15,33,25,FALSE
Female,Loyal Customer,55,Business Travel,Eco,700,1,4,4,4,4,3,4,1,1,1,1,3,3,2.62,0,3,FALSE
Female,Disloyal Customer,22,Business Travel,Eco Plus,1180,3,4,3,4,1,3,1,1,2,2,3,1,1,2.23,0,0,FALSE
Female,Disloyal Customer,26,Business Travel,Business,187,2,2,2,4,3,2,3,3,5,2,5,3,3,3,0,2,FALSE
Male,Loyal Customer,30,Business Travel,Eco Plus,399,5,5,5,5,5,5,5,5,2,3,5,2,5,4.38,0,0,TRUE
Male,Disloyal Customer,25,Business Travel,Business,325,2,0,2,3,3,2,3,3,3,3,4,4,3,2.69,0,0,FALSE
Female,Disloyal Customer,23,Business Travel,Eco,430,3,5,3,5,4,3,4,4,3,5,1,2,4,3.54,0,0,FALSE
Male,Loyal Customer,31,Personal Travel,Eco,134,3,3,3,2,2,3,3,2,4,1,3,4,2,2.69,0,1,FALSE
Female,Loyal Customer,28,Business Travel,Business,2654,2,5,5,5,2,2,2,2,1,3,3,4,2,2.92,13,14,FALSE
Female,Loyal Customer,31,Business Travel,Eco Plus,666,3,2,2,2,3,3,3,4,1,4,4,3,3,2.85,91,155,FALSE
Female,Loyal Customer,61,Personal Travel,Eco,282,1,4,1,5,2,3,4,1,1,1,1,1,1,2,0,0,FALSE
Female,Loyal Customer,56,Business Travel,Business,157,4,1,1,1,3,4,3,4,4,4,4,2,2,2.85,0,8,FALSE
Female,Loyal Customer,39,Business Travel,Business,3740,1,1,2,1,5,4,4,5,5,5,5,5,3,3.54,25,7,TRUE
Female,Loyal Customer,43,Business Travel,Business,1529,4,4,4,4,4,3,4,4,4,4,4,1,1,3.46,0,0,FALSE
Male,Loyal Customer,48,Business Travel,Business,214,0,5,0,4,2,1,3,3,3,3,3,3,1,2.38,0,0,TRUE
Female,Disloyal Customer,22,Business Travel,Business,294,5,0,5,3,2,5,2,2,5,4,5,3,2,3.31,0,0,TRUE
Male,Loyal Customer,51,Personal Travel,Eco Plus,666,2,3,2,4,1,2,1,1,4,1,4,2,1,2.15,20,28,FALSE
Female,Loyal Customer,15,Personal Travel,Eco,192,4,5,0,4,5,0,1,5,5,5,4,4,5,3.62,0,11,FALSE
Male,Disloyal Customer,22,Business Travel,Eco,1846,2,2,2,4,1,2,1,1,3,4,4,3,1,2.31,8,0,FALSE
Male,Loyal Customer,41,Business Travel,Eco,1222,2,5,1,1,2,2,2,2,4,2,3,4,2,2.46,0,0,FALSE
Female,Loyal Customer,69,Personal Travel,Eco,844,3,4,3,3,3,4,5,3,3,3,3,3,4,3.38,0,0,FALSE
Female,Loyal Customer,45,Personal Travel,Eco,696,2,5,2,1,3,4,5,3,3,2,3,4,5,3.23,53,42,FALSE
Female,Loyal Customer,40,Personal Travel,Eco Plus,1212,3,5,4,4,4,4,4,4,4,3,4,1,4,3.69,10,4,FALSE
Female,Loyal Customer,37,Business Travel,Business,3719,2,2,2,2,4,2,3,4,4,5,4,4,2,3.08,0,0,TRUE
Female,Loyal Customer,69,Personal Travel,Business,90,3,3,3,3,3,1,2,3,3,3,3,1,2,2.54,0,25,FALSE
Female,Loyal Customer,53,Business Travel,Business,2711,4,4,4,4,2,4,5,4,4,4,4,5,4,4,0,0,TRUE
Male,Loyal Customer,43,Business Travel,Business,3577,2,2,2,2,3,4,5,4,4,4,4,5,4,3.46,5,0,TRUE
Female,Loyal Customer,59,Business Travel,Business,3427,1,1,1,1,4,5,4,5,5,5,5,5,3,3.46,66,55,TRUE
Male,Disloyal Customer,44,Business Travel,Business,152,4,3,3,1,5,4,5,5,5,5,5,5,5,4.23,0,0,TRUE
Female,Disloyal Customer,37,Business Travel,Eco,496,4,2,4,4,2,4,2,2,1,3,4,2,2,2.77,0,0,FALSE
Female,Loyal Customer,45,Business Travel,Business,919,2,2,2,2,3,4,5,5,5,5,5,3,3,3.54,0,7,TRUE
Female,Loyal Customer,38,Personal Travel,Eco Plus,449,3,5,3,1,2,3,2,2,4,3,4,5,2,3,67,45,FALSE
Female,Disloyal Customer,38,Business Travel,Eco,399,3,0,3,3,2,3,2,2,1,2,1,2,2,2,0,0,FALSE
Male,Loyal Customer,44,Business Travel,Business,655,3,3,3,3,4,4,4,4,4,4,4,5,5,3.85,0,0,TRUE
Female,Loyal Customer,23,Personal Travel,Eco,748,3,4,3,4,4,3,4,4,3,2,4,2,4,3.38,10,0,FALSE
Female,Loyal Customer,49,Business Travel,Business,214,3,3,3,3,4,4,4,5,5,5,5,5,4,4.08,0,0,TRUE
Male,Loyal Customer,40,Business Travel,Business,1379,3,3,3,3,5,5,5,4,4,4,4,5,3,3.92,0,29,TRUE
Female,Loyal Customer,57,Personal Travel,Eco,678,1,4,1,3,5,4,4,2,2,1,3,3,4,2.85,18,13,FALSE
Male,Loyal Customer,11,Business Travel,Eco Plus,936,3,1,1,1,3,3,2,3,2,2,3,1,3,2.15,0,0,FALSE
Male,Loyal Customer,44,Personal Travel,Eco,502,4,4,4,1,5,4,4,5,3,4,5,3,5,3.92,0,0,FALSE
Female,Loyal Customer,49,Business Travel,Business,3260,1,1,1,1,5,3,2,3,3,4,3,1,4,2.46,0,18,TRUE
Male,Loyal Customer,59,Personal Travel,Eco,2176,3,1,3,3,2,3,2,2,2,2,4,2,2,2.38,0,0,FALSE
Male,Loyal Customer,38,Personal Travel,Eco,1149,1,4,1,1,5,1,5,5,3,4,4,5,5,3.38,0,17,FALSE
Male,Loyal Customer,27,Personal Travel,Eco,358,2,4,2,1,1,2,1,1,4,3,5,5,1,2.46,0,0,FALSE
Male,Loyal Customer,44,Business Travel,Business,2892,3,3,3,3,3,1,2,5,5,5,4,2,4,3.31,0,0,TRUE
Male,Loyal Customer,28,Personal Travel,Eco Plus,432,3,1,5,1,5,5,5,5,4,3,1,1,5,3.38,0,0,FALSE
Male,Loyal Customer,49,Business Travel,Eco,201,4,5,5,5,4,4,4,4,2,2,3,4,4,3.85,0,0,TRUE
Female,Loyal Customer,52,Business Travel,Eco Plus,882,3,4,4,4,3,2,3,4,4,3,4,2,2,3.23,0,8,FALSE
Male,Disloyal Customer,20,Business Travel,Eco,759,3,3,3,3,2,3,2,2,4,2,3,2,2,2.62,0,0,FALSE
Female,Disloyal Customer,20,Business Travel,Eco,954,4,4,4,4,5,4,5,5,3,4,3,5,5,4.23,37,21,FALSE
Female,Loyal Customer,31,Business Travel,Eco,177,1,2,2,2,1,1,1,1,4,2,2,3,1,1.77,0,8,FALSE
Male,Loyal Customer,24,Business Travel,Business,2079,2,2,2,2,3,4,3,3,4,5,5,3,3,3.15,0,0,TRUE
Male,Loyal Customer,48,Personal Travel,Eco,1091,1,1,1,3,3,1,3,3,1,4,3,1,3,2.15,0,0,FALSE
Male,Disloyal Customer,34,Business Travel,Business,305,3,3,3,3,1,3,1,1,5,4,5,4,1,2.85,0,0,FALSE
Male,Loyal Customer,46,Business Travel,Business,3291,5,5,5,5,4,4,5,5,5,4,5,5,4,4.69,0,0,TRUE
Female,Loyal Customer,15,Personal Travel,Eco,354,3,4,3,1,2,3,2,2,5,2,5,5,2,3,47,43,FALSE
Female,Loyal Customer,44,Business Travel,Business,1781,5,5,5,5,2,5,5,4,4,5,4,5,3,4.38,0,0,TRUE
Female,Loyal Customer,23,Personal Travel,Eco,397,1,5,1,3,4,1,4,4,5,3,5,4,4,3.38,56,42,FALSE
Male,Loyal Customer,16,Personal Travel,Eco,1389,3,4,3,3,1,3,4,1,4,3,5,3,1,2.92,0,0,FALSE
Female,Disloyal Customer,38,Business Travel,Business,358,4,4,4,1,5,4,4,5,5,4,5,4,5,4.15,0,0,TRUE
Female,Loyal Customer,54,Business Travel,Business,925,4,4,4,4,3,5,4,4,4,4,4,3,4,3.92,0,0,TRUE
Female,Loyal Customer,53,Business Travel,Eco Plus,332,2,3,3,3,1,4,3,1,1,2,1,2,1,2.08,85,92,FALSE
Female,Loyal Customer,30,Business Travel,Eco Plus,728,3,2,2,2,3,3,3,3,3,4,3,1,3,2.69,3,15,FALSE
Female,Loyal Customer,31,Business Travel,Business,1500,5,5,5,5,5,4,5,5,5,2,5,4,5,4.62,0,0,TRUE
Male,Loyal Customer,42,Business Travel,Business,3944,3,3,3,3,5,4,4,4,4,4,4,5,3,3.77,5,0,TRUE
Female,Loyal Customer,51,Business Travel,Business,587,4,4,4,4,2,5,4,5,5,5,5,4,3,4.15,0,0,TRUE
Male,Loyal Customer,20,Personal Travel,Eco,1076,2,5,2,4,5,2,3,5,5,5,5,5,5,4.08,0,0,FALSE
Female,Loyal Customer,19,Personal Travel,Eco,129,4,5,4,3,3,4,5,3,5,3,5,3,3,3.85,0,0,FALSE
Male,Loyal Customer,52,Business Travel,Business,3728,4,4,2,4,2,5,4,4,4,4,4,3,5,3.77,0,20,TRUE
Female,Loyal Customer,53,Business Travel,Eco,313,4,1,1,1,2,5,1,4,4,4,4,2,2,2.69,0,16,TRUE
Female,Loyal Customer,46,Personal Travel,Eco Plus,957,3,4,3,3,1,4,4,4,4,3,4,4,3,3.38,22,7,FALSE
Female,Loyal Customer,20,Personal Travel,Eco,508,1,4,1,2,4,1,3,4,5,3,5,3,4,3.08,8,7,FALSE
Male,Loyal Customer,30,Business Travel,Business,2182,5,5,2,5,5,5,5,5,5,5,4,1,5,4.38,47,88,TRUE
Male,Loyal Customer,59,Personal Travel,Eco,2288,3,3,3,4,2,3,5,2,2,1,4,1,2,2.69,0,0,FALSE
Male,Loyal Customer,30,Personal Travel,Eco,337,1,5,1,3,2,1,2,2,5,4,2,1,2,2.38,3,0,FALSE
Female,Loyal Customer,49,Business Travel,Business,1779,5,5,5,5,5,5,4,5,5,5,5,4,3,4.69,5,0,TRUE
Male,Loyal Customer,49,Business Travel,Business,834,2,2,2,2,3,4,5,5,5,5,5,4,5,3.77,0,0,TRUE
Female,Loyal Customer,21,Personal Travel,Eco,756,3,4,3,4,2,3,2,2,5,5,4,4,2,3.31,11,6,FALSE
Male,Disloyal Customer,37,Business Travel,Business,224,3,3,3,3,5,3,5,5,1,5,3,3,5,3.62,40,48,FALSE
Male,Loyal Customer,51,Business Travel,Business,2454,4,4,4,4,3,4,5,5,5,5,5,3,3,4.15,0,0,TRUE
Male,Loyal Customer,46,Business Travel,Business,651,2,2,2,2,2,5,4,5,5,5,5,5,4,3.69,1,8,TRUE
Male,Loyal Customer,47,Business Travel,Business,580,5,5,5,5,2,4,4,4,4,4,4,5,5,4.31,3,0,TRUE
Male,Loyal Customer,41,Personal Travel,Eco,1598,2,3,2,3,4,2,4,4,3,5,2,3,4,3.15,32,9,FALSE
Male,Loyal Customer,11,Personal Travel,Eco,406,2,4,2,5,5,2,5,5,5,2,4,4,5,3.85,0,0,FALSE
Female,Loyal Customer,61,Business Travel,Business,2535,1,1,1,1,5,3,5,4,4,4,5,3,1,2.92,0,2,TRUE
Male,Loyal Customer,60,Business Travel,Business,2916,4,3,3,3,2,3,3,4,4,4,4,2,3,3.23,0,7,FALSE
Female,Loyal Customer,26,Business Travel,Business,2454,5,5,5,5,4,4,4,4,3,2,5,5,4,4.23,0,2,TRUE
Female,Loyal Customer,41,Personal Travel,Eco,386,4,4,4,3,1,4,4,1,5,5,4,3,1,3.31,13,3,FALSE
Male,Loyal Customer,39,Business Travel,Business,3854,1,4,4,4,3,3,4,1,1,1,1,1,3,2.38,0,0,FALSE
Male,Disloyal Customer,24,Business Travel,Eco,554,2,5,2,1,3,2,3,3,3,2,5,3,3,2.85,25,32,FALSE
Female,Loyal Customer,7,Personal Travel,Eco,1524,2,3,3,4,2,3,2,2,4,3,4,4,2,2.92,48,46,FALSE
Male,Disloyal Customer,22,Business Travel,Eco,1060,5,5,5,3,2,5,2,2,2,4,5,1,2,3.31,0,0,TRUE
Female,Loyal Customer,54,Business Travel,Business,2704,1,1,1,1,3,4,4,4,4,4,4,5,3,3,0,0,TRUE
Male,Loyal Customer,44,Business Travel,Business,964,4,4,4,4,5,5,4,4,4,4,4,5,5,4.31,4,12,TRUE
Female,Disloyal Customer,27,Business Travel,Business,967,5,4,4,4,4,4,4,4,3,5,4,4,4,4.08,35,25,TRUE
Female,Loyal Customer,33,Business Travel,Business,2831,4,5,5,5,2,3,3,4,4,4,4,1,3,3.62,0,0,FALSE
Female,Loyal Customer,56,Business Travel,Business,2259,3,3,3,3,2,4,4,4,4,4,4,5,4,3.62,0,0,TRUE
Female,Disloyal Customer,49,Business Travel,Business,762,3,4,4,3,5,3,5,5,3,4,5,5,5,4.15,0,0,FALSE
Male,Loyal Customer,33,Business Travel,Business,1670,5,5,5,5,4,4,4,4,1,3,4,4,4,4,0,0,TRUE
Female,Loyal Customer,52,Business Travel,Business,3227,2,2,2,2,2,4,1,5,5,5,5,2,1,2.92,0,0,TRUE
Female,Loyal Customer,21,Business Travel,Business,222,2,5,5,5,1,1,2,1,1,1,2,4,1,2.38,0,,FALSE
Male,Loyal Customer,23,Business Travel,Eco,998,5,2,2,2,5,5,5,1,1,2,4,5,5,3.38,750,729,TRUE
Male,Loyal Customer,29,Personal Travel,Eco,925,5,5,5,2,2,5,2,2,3,2,5,3,2,3.31,0,0,TRUE
Male,Loyal Customer,62,Personal Travel,Eco Plus,695,4,4,4,3,1,4,1,1,4,1,3,3,1,2.62,0,0,FALSE
Male,Loyal Customer,40,Business Travel,Business,3454,3,3,3,3,2,4,4,4,4,4,4,3,3,3.38,20,0,TRUE
Male,Loyal Customer,15,Business Travel,Business,1783,2,2,2,2,5,5,5,5,3,2,4,4,5,3.54,0,0,TRUE
Female,Loyal Customer,54,Personal Travel,Eco,1605,5,2,5,3,4,2,3,4,4,5,3,3,2,3.46,2,0,TRUE
Male,Loyal Customer,24,Personal Travel,Eco,679,1,4,1,3,1,1,1,1,3,4,4,4,1,2.23,14,12,FALSE
Female,Disloyal Customer,44,Business Travel,Business,422,2,3,3,1,1,2,1,1,3,2,5,5,1,2.31,0,0,FALSE
Female,Disloyal Customer,24,Business Travel,Eco,666,1,3,1,4,2,1,2,2,1,2,4,4,2,2.23,3,0,FALSE
Female,Disloyal Customer,44,Business Travel,Eco,388,3,1,3,4,3,3,2,3,4,3,4,1,3,2.85,84,77,FALSE
Female,Loyal Customer,68,Business Travel,Eco,302,2,1,1,1,5,4,3,2,2,2,2,2,3,2.31,26,26,FALSE
Male,Loyal Customer,24,Personal Travel,Eco,2153,2,5,2,2,2,2,3,2,3,2,5,3,2,2.69,0,0,FALSE
Male,Loyal Customer,67,Personal Travel,Eco,547,2,4,2,5,2,4,5,4,4,4,5,5,5,3.92,133,120,FALSE
Female,Loyal Customer,42,Business Travel,Business,422,2,2,2,2,5,5,3,5,5,4,5,3,3,3.54,0,0,TRUE
Female,Loyal Customer,61,Personal Travel,Eco,78,2,4,2,4,2,4,5,1,1,2,1,4,5,2.85,0,0,FALSE
Male,Loyal Customer,42,Business Travel,Eco,794,3,4,4,4,3,3,3,3,2,2,3,2,3,3,0,0,FALSE
Male,Loyal Customer,53,Business Travel,Business,447,1,1,1,1,3,5,4,5,5,5,5,5,3,3.38,29,36,TRUE
Female,Loyal Customer,59,Business Travel,Business,546,4,4,4,4,4,4,5,5,5,5,5,5,4,4.46,0,0,TRUE
Male,Loyal Customer,41,Business Travel,Business,1768,2,2,2,2,2,4,4,4,4,4,4,5,3,3.23,5,0,TRUE
Male,Disloyal Customer,29,Business Travel,Eco,696,3,3,3,4,4,3,2,4,3,5,4,1,4,3.31,0,0,FALSE
Female,Loyal Customer,20,Personal Travel,Eco,677,1,3,1,3,2,1,2,2,3,1,4,4,2,2.23,20,17,FALSE
Male,Loyal Customer,45,Business Travel,Business,829,4,4,4,4,2,5,5,5,5,5,5,4,5,4.38,15,11,TRUE
Female,Loyal Customer,24,Personal Travel,Eco,761,1,4,0,2,2,0,5,2,4,2,4,5,2,2.54,0,0,FALSE
Female,Loyal Customer,34,Personal Travel,Eco Plus,2227,3,1,3,4,1,3,1,1,1,5,4,3,1,2.38,3,0,FALSE
Female,Disloyal Customer,37,Business Travel,Eco,589,3,5,3,2,3,3,1,3,2,2,4,4,3,2.92,7,1,FALSE
Male,Loyal Customer,14,Personal Travel,Eco,534,4,5,4,4,2,4,2,2,3,3,5,3,2,3.31,0,0,FALSE
Female,Loyal Customer,32,Personal Travel,Eco,925,2,5,2,3,5,2,5,5,5,5,5,4,5,4.08,13,0,FALSE
Male,Loyal Customer,38,Personal Travel,Business,806,1,5,1,1,5,4,5,5,5,1,2,1,2,2.92,25,18,FALSE
Male,Loyal Customer,20,Personal Travel,Eco,631,4,4,4,3,1,4,3,1,4,5,3,2,1,3,0,0,FALSE
Female,Loyal Customer,66,Personal Travel,Eco,383,2,5,2,3,4,5,5,3,3,2,1,4,4,3.31,0,0,FALSE
Male,Loyal Customer,47,Personal Travel,Eco,912,1,4,2,3,2,2,2,2,3,3,4,3,2,2.54,62,36,FALSE
Female,Loyal Customer,14,Business Travel,Business,2381,1,1,2,2,2,1,1,2,3,3,4,1,1,1.85,44,68,FALSE
Male,Loyal Customer,51,Personal Travel,Eco,236,4,5,4,1,5,4,5,5,2,1,1,3,5,3.46,0,0,FALSE
Male,Loyal Customer,34,Business Travel,Business,1641,3,3,3,3,2,5,4,3,3,4,3,1,5,3.23,0,14,TRUE
Male,Loyal Customer,15,Personal Travel,Business,1514,1,3,0,3,2,0,2,2,1,3,3,3,2,1.92,0,0,FALSE
Male,Loyal Customer,44,Business Travel,Business,2874,2,2,2,2,1,4,3,4,4,4,4,5,2,3,0,0,TRUE
Female,Loyal Customer,23,Business Travel,Business,1476,4,4,4,4,2,2,2,2,5,1,5,2,2,3,0,0,TRUE
Male,Loyal Customer,17,Personal Travel,Eco Plus,240,4,3,4,3,1,4,1,1,4,4,1,1,1,2.46,66,93,FALSE
Male,Disloyal Customer,20,Business Travel,Eco,226,3,5,3,4,5,3,5,5,4,4,4,1,5,3.92,0,0,FALSE
Female,Loyal Customer,32,Business Travel,Business,366,1,1,1,1,1,1,1,1,4,2,4,2,1,1.62,0,0,FALSE
Male,Disloyal Customer,29,Business Travel,Eco,533,4,2,4,3,5,4,4,5,4,1,4,3,5,3.69,0,0,FALSE
Female,Loyal Customer,12,Personal Travel,Eco,895,3,4,3,4,1,3,1,1,4,3,5,3,1,2.77,102,99,FALSE
Female,Loyal Customer,85,Business Travel,Business,187,2,3,3,3,4,2,4,3,5,4,4,4,4,3.46,17,11,FALSE
Male,Loyal Customer,47,Personal Travel,Eco,1235,2,4,2,4,1,2,5,1,5,4,3,5,1,3,71,67,FALSE
Female,Loyal Customer,35,Personal Travel,Eco,1085,2,4,2,5,5,2,5,5,3,1,2,4,5,3.46,0,0,FALSE
Male,Loyal Customer,44,Business Travel,Eco,399,5,4,4,4,5,5,5,5,4,3,2,1,5,4,0,0,TRUE
Female,Disloyal Customer,40,Business Travel,Business,240,3,3,3,2,5,3,5,5,4,1,3,3,5,3.46,0,10,FALSE
Male,Disloyal Customer,42,Business Travel,Business,247,4,4,4,2,2,4,2,2,5,4,5,5,2,3.46,0,0,TRUE
Female,Loyal Customer,27,Business Travel,Business,1050,5,2,5,5,5,5,5,5,3,3,4,5,5,4.38,33,20,TRUE
Female,Loyal Customer,25,Business Travel,Business,1660,2,2,1,2,2,2,2,2,4,2,3,3,2,2.23,45,30,FALSE
Female,Disloyal Customer,28,Business Travel,Eco,1024,1,0,0,1,1,0,1,1,3,5,2,2,1,1.38,0,0,FALSE
Male,Loyal Customer,30,Business Travel,Business,679,3,3,4,3,5,5,5,5,4,5,4,4,5,4.23,0,0,TRUE
Female,Loyal Customer,44,Business Travel,Business,2105,2,2,2,2,3,4,4,4,4,5,4,4,3,3.31,0,0,TRUE
Female,Loyal Customer,12,Personal Travel,Eco,247,3,2,3,3,4,3,2,4,3,5,3,2,4,3.15,0,0,FALSE
Female,Loyal Customer,41,Business Travel,Business,2221,1,1,4,1,3,5,4,5,5,5,5,5,3,3.62,25,29,TRUE
Male,Disloyal Customer,23,Business Travel,Eco,191,2,0,2,4,5,2,5,5,3,5,4,4,5,3.54,0,0,FALSE
Male,Loyal Customer,40,Personal Travel,Eco,227,2,5,2,5,1,2,1,1,3,4,5,3,1,2.69,0,0,FALSE
Female,Loyal Customer,40,Business Travel,Business,3180,5,5,5,5,5,5,5,4,4,4,4,4,4,4.54,0,0,TRUE
Male,Loyal Customer,62,Business Travel,Business,1970,4,4,4,4,2,5,5,4,4,4,4,3,3,3.85,0,0,TRUE
Male,Loyal Customer,23,Personal Travel,Eco,991,3,5,3,4,4,3,2,4,5,2,5,5,4,3.77,0,0,FALSE
Male,Loyal Customer,37,Business Travel,Business,1084,3,3,1,3,3,5,4,5,5,5,5,4,3,3.77,0,0,TRUE
Female,Loyal Customer,48,Business Travel,Business,1934,2,2,2,2,4,5,4,5,5,5,5,4,3,3.69,0,0,TRUE
Male,Disloyal Customer,35,Business Travel,Business,304,1,1,1,3,3,1,3,3,4,3,3,4,3,2.54,0,0,FALSE
Male,Loyal Customer,30,Business Travel,Business,236,4,4,4,4,4,4,4,4,1,5,4,3,4,3.77,58,49,FALSE
Female,Loyal Customer,58,Business Travel,Eco,102,5,3,4,4,2,5,4,5,5,5,5,4,4,4.23,0,0,TRUE
Female,Loyal Customer,55,Business Travel,Eco Plus,223,1,2,5,5,1,3,3,1,1,1,1,3,3,2.31,0,0,FALSE
Male,Loyal Customer,30,Business Travel,Eco,843,2,5,5,5,2,2,2,2,4,3,3,1,2,2.92,45,27,FALSE
Male,Loyal Customer,18,Personal Travel,Eco,1488,3,4,3,4,4,3,4,4,2,2,4,2,4,3.31,0,0,FALSE
Female,Loyal Customer,42,Business Travel,Business,2695,3,3,3,3,5,5,5,5,5,5,5,3,4,4.15,0,4,TRUE
Male,Loyal Customer,31,Personal Travel,Eco,682,4,3,4,3,1,4,1,1,1,4,3,5,1,2.69,64,90,FALSE
Female,Loyal Customer,66,Personal Travel,Eco Plus,2556,5,3,5,1,1,5,5,4,4,5,4,3,1,3.54,0,0,TRUE
Male,Loyal Customer,55,Business Travel,Eco Plus,237,5,4,4,4,4,5,4,4,2,5,5,1,4,3.92,0,0,TRUE
Female,Loyal Customer,44,Business Travel,Eco,370,4,1,1,1,3,2,4,4,4,4,4,4,2,2.92,0,0,TRUE
Male,Disloyal Customer,24,Business Travel,Business,333,4,0,4,3,3,4,3,3,4,4,5,4,3,3.38,0,4,TRUE
Female,Disloyal Customer,33,Business Travel,Business,606,2,2,2,2,3,2,3,3,4,2,4,4,3,2.77,7,0,FALSE
Female,Loyal Customer,47,Personal Travel,Eco,343,1,5,1,2,4,1,2,4,4,1,4,2,1,2.46,0,0,FALSE
Female,Loyal Customer,51,Business Travel,Eco,305,4,4,4,4,1,2,3,3,3,4,3,3,2,3.08,7,0,TRUE
Male,Disloyal Customer,20,Business Travel,Eco,312,3,4,3,3,1,3,1,1,2,4,4,2,1,2.46,16,16,FALSE
Male,Loyal Customer,25,Personal Travel,Eco,447,3,3,3,2,4,3,4,4,2,4,4,2,4,3.23,0,0,FALSE
Female,Disloyal Customer,14,Business Travel,Eco,529,4,0,4,1,4,4,4,4,4,3,5,3,4,3.38,31,14,TRUE
Male,Loyal Customer,31,Personal Travel,Eco,965,3,4,3,5,3,3,3,5,3,4,4,3,3,3.54,365,357,FALSE
Female,Loyal Customer,62,Business Travel,Eco,1576,2,5,2,5,1,3,3,2,2,2,2,4,2,2.69,0,0,FALSE
Male,Loyal Customer,41,Business Travel,Business,2284,3,4,4,4,3,2,2,3,3,3,3,1,3,2.92,0,0,FALSE
Male,Loyal Customer,50,Business Travel,Business,1949,5,5,5,5,4,4,5,4,4,4,4,3,4,4.31,0,0,TRUE
Male,Loyal Customer,70,Personal Travel,Eco,259,3,5,0,2,4,0,4,4,1,2,3,1,4,2.54,71,75,FALSE
Male,Loyal Customer,39,Business Travel,Business,3272,5,2,5,5,5,5,5,4,4,4,4,4,3,4.23,0,0,TRUE
Female,Loyal Customer,63,Personal Travel,Business,356,5,5,4,3,3,5,4,2,2,4,2,5,4,3.69,0,0,TRUE
Male,Loyal Customer,64,Business Travel,Business,1875,2,3,3,3,2,4,3,2,2,2,2,1,4,2.54,4,9,FALSE
Male,Loyal Customer,38,Business Travel,Eco,2133,4,2,2,2,4,4,4,4,4,1,3,3,4,3.15,8,6,FALSE
Male,Loyal Customer,49,Business Travel,Eco Plus,508,3,4,4,4,3,3,3,3,4,4,3,2,3,3.31,0,0,FALSE
Female,Loyal Customer,44,Business Travel,Business,986,5,3,5,5,3,5,5,4,4,4,4,3,3,4.08,0,0,TRUE
Female,Disloyal Customer,25,Business Travel,Business,239,2,5,3,2,5,3,5,5,3,2,5,4,5,3.77,0,0,FALSE
Male,Loyal Customer,50,Personal Travel,Eco,590,2,4,1,2,3,1,3,3,3,5,4,3,3,2.85,0,0,FALSE
Female,Loyal Customer,36,Business Travel,Eco,679,4,4,4,4,4,4,4,4,5,4,1,1,4,3.62,0,0,TRUE
Female,Loyal Customer,14,Personal Travel,Eco,236,2,5,2,3,2,2,2,2,3,3,5,5,2,2.92,0,0,FALSE
Male,Disloyal Customer,30,Business Travel,Business,861,2,3,3,3,2,3,2,2,5,2,4,3,2,2.77,4,0,FALSE
Male,Loyal Customer,40,Business Travel,Business,694,5,5,5,5,2,5,4,4,4,4,4,5,5,4.38,13,8,TRUE
Female,Disloyal Customer,27,Business Travel,Eco Plus,501,4,4,4,2,3,4,4,3,1,5,3,4,3,3.38,0,0,FALSE
Male,Loyal Customer,31,Business Travel,Eco,1874,5,1,1,1,5,5,5,5,4,4,5,1,5,3.62,16,11,TRUE
Male,Disloyal Customer,24,Business Travel,Eco,1220,4,4,4,3,2,4,2,2,2,3,5,2,2,3,0,2,TRUE
Male,Disloyal Customer,25,Business Travel,Eco,1144,3,3,3,1,3,3,3,3,5,2,4,5,3,3.15,3,0,FALSE
Male,Loyal Customer,48,Business Travel,Eco,669,4,2,2,2,4,4,4,4,4,2,3,1,4,3.08,0,0,TRUE
Female,Loyal Customer,12,Personal Travel,Eco,84,5,1,5,1,3,5,3,3,3,2,2,4,3,3.08,0,0,TRUE
Female,Loyal Customer,41,Business Travel,Eco Plus,1310,1,1,1,1,4,4,4,1,1,1,1,2,4,2,0,0,FALSE
Female,Loyal Customer,34,Business Travel,Business,3579,5,5,5,5,2,4,4,4,4,4,4,4,4,4.15,1,0,TRUE
Male,Loyal Customer,29,Personal Travel,Eco,366,1,4,1,5,2,1,2,2,5,5,5,3,2,2.92,7,5,FALSE
Male,Loyal Customer,11,Personal Travel,Eco,1020,3,2,3,4,5,3,1,5,1,2,3,2,5,3,0,7,FALSE
Female,Loyal Customer,33,Personal Travel,Eco,125,4,3,4,3,4,4,4,4,4,5,5,3,4,3.92,0,0,FALSE
Female,Loyal Customer,50,Business Travel,Business,507,1,1,1,1,3,4,5,5,5,5,5,5,3,3.38,0,0,TRUE
Male,Loyal Customer,53,Business Travel,Business,1609,3,3,3,3,4,5,5,4,4,5,4,1,5,3.77,0,0,TRUE
Female,Loyal Customer,24,Business Travel,Business,731,2,2,2,2,5,5,5,5,4,5,5,3,5,3.85,0,0,TRUE
Female,Disloyal Customer,27,Business Travel,Business,1660,0,1,1,3,3,1,3,3,3,4,4,4,3,2.54,0,0,TRUE
Male,Loyal Customer,21,Personal Travel,Eco,990,1,1,1,4,5,1,5,5,3,5,3,1,5,3.08,12,22,FALSE
Female,Loyal Customer,30,Business Travel,Business,3838,3,1,1,1,3,3,3,3,4,2,3,3,3,2.54,42,48,FALSE
Male,Loyal Customer,51,Business Travel,Eco,903,5,2,2,2,5,5,5,5,4,2,1,4,5,3.62,0,0,TRUE
Female,Loyal Customer,26,Personal Travel,Eco,152,2,5,2,1,3,2,3,3,3,4,4,3,3,2.92,9,10,FALSE
Male,Loyal Customer,40,Business Travel,Business,3850,1,1,1,1,4,1,2,4,4,4,4,3,2,2.46,5,5,TRUE
Male,Loyal Customer,44,Business Travel,Business,3601,2,2,4,2,4,5,5,4,4,4,4,4,4,3.69,62,65,TRUE
Female,Loyal Customer,58,Personal Travel,Business,632,1,5,1,4,2,5,4,4,4,1,2,4,4,3.15,0,9,FALSE
Female,Loyal Customer,32,Business Travel,Business,1276,4,4,4,4,5,5,5,5,4,2,4,3,5,4.15,0,0,TRUE
Female,Loyal Customer,48,Personal Travel,Eco,528,3,5,3,1,4,4,5,3,3,3,3,4,5,3.54,0,0,FALSE
Male,Disloyal Customer,25,Business Travel,Business,1129,2,3,3,3,2,3,2,2,1,3,4,1,2,2.38,0,17,FALSE
Female,Loyal Customer,15,Business Travel,Business,1438,5,5,1,5,4,4,4,4,3,5,2,4,4,3.85,6,0,TRUE
Female,Loyal Customer,23,Business Travel,Business,2153,2,2,2,2,4,4,4,4,3,4,5,4,4,3.38,49,39,TRUE
Female,Loyal Customer,43,Business Travel,Business,3000,3,3,3,3,3,4,4,3,3,3,3,3,3,3.15,0,0,TRUE
Female,Loyal Customer,36,Business Travel,Eco,447,5,3,3,3,5,5,5,5,4,2,2,4,5,3.92,0,3,TRUE
Female,Loyal Customer,57,Business Travel,Business,3488,3,3,3,3,3,3,3,2,2,2,3,3,2,2.69,15,6,FALSE
Female,Loyal Customer,50,Personal Travel,Eco,270,1,4,1,2,2,5,5,5,5,1,5,4,4,3.38,1,0,FALSE
Female,Disloyal Customer,26,Business Travel,Business,954,5,5,5,4,3,5,2,3,5,5,3,3,3,3.92,0,0,TRUE
Male,Loyal Customer,40,Business Travel,Eco Plus,416,5,5,5,5,5,5,5,5,4,4,2,3,5,4.46,0,0,TRUE
Male,Loyal Customer,33,Business Travel,Eco,315,5,4,4,4,5,5,5,5,2,1,2,5,5,4,32,32,TRUE
Male,Loyal Customer,56,Business Travel,Eco Plus,370,4,3,3,3,4,4,4,4,4,2,3,3,4,3.46,0,0,FALSE
Male,Loyal Customer,57,Business Travel,Business,3167,2,2,2,2,5,5,4,4,4,4,4,3,4,3.46,0,0,TRUE
Female,Loyal Customer,20,Personal Travel,Business,1133,4,4,5,3,4,5,4,4,4,4,3,3,4,3.92,1,0,FALSE
Female,Loyal Customer,46,Business Travel,Business,989,3,3,3,3,3,5,4,5,5,5,5,3,5,4,72,58,TRUE
Male,Disloyal Customer,52,Business Travel,Eco,577,3,4,2,4,2,2,2,2,2,5,4,4,2,2.92,0,0,FALSE
Male,Loyal Customer,55,Personal Travel,Eco,1919,3,5,3,4,3,3,4,3,5,2,4,5,3,3.62,0,0,FALSE
Male,Loyal Customer,58,Personal Travel,Eco,1346,3,4,3,4,5,3,5,5,1,4,4,1,5,3.62,16,17,FALSE
Male,Loyal Customer,52,Business Travel,Business,410,1,3,3,3,1,4,4,1,1,1,1,2,1,2,0,25,FALSE
Male,Loyal Customer,29,Business Travel,Business,3604,1,1,2,1,2,2,2,2,5,5,5,5,2,2.69,0,0,TRUE
Male,Loyal Customer,76,Business Travel,Business,3381,4,2,4,4,4,4,1,4,4,4,4,4,3,3.54,0,0,TRUE
Male,Disloyal Customer,23,Business Travel,Eco,849,5,5,5,1,5,5,5,5,3,2,5,5,5,4.31,0,0,TRUE
Female,Loyal Customer,45,Personal Travel,Eco,964,1,5,1,3,2,5,5,4,4,1,1,5,5,3.23,0,0,FALSE
Female,Loyal Customer,42,Business Travel,Business,1979,3,5,5,5,3,3,2,3,3,3,3,1,3,3.23,9,13,FALSE
Male,Disloyal Customer,22,Business Travel,Eco,1407,4,5,5,1,5,4,2,5,4,3,5,5,5,4.08,0,0,TRUE
Female,Loyal Customer,46,Business Travel,Business,259,5,5,5,5,5,5,4,4,4,4,4,5,5,4.62,0,0,TRUE
Female,Loyal Customer,61,Personal Travel,Eco,237,2,3,2,1,2,5,5,1,1,2,1,2,5,2.46,6,22,FALSE
Male,Loyal Customer,10,Personal Travel,Eco,563,1,3,1,2,5,1,5,5,4,4,2,5,5,3.31,0,0,FALSE
Female,Disloyal Customer,20,Business Travel,Business,277,0,2,0,3,2,0,3,2,4,2,4,3,2,2.08,0,10,TRUE
Male,Loyal Customer,50,Business Travel,Eco,191,5,5,5,5,5,5,5,5,2,4,5,5,5,4.69,0,0,TRUE
Female,Disloyal Customer,39,Business Travel,Business,1874,3,3,3,1,1,3,1,1,3,3,3,1,1,2.08,46,39,FALSE
Male,Loyal Customer,20,Personal Travel,Eco,308,2,5,2,3,2,2,1,2,3,4,5,3,2,2.77,0,0,FALSE
Female,Loyal Customer,51,Business Travel,Business,3591,4,4,4,4,3,1,4,4,4,4,4,1,4,3.46,0,0,TRUE
Male,Loyal Customer,58,Business Travel,Business,2515,1,1,1,1,4,5,5,5,5,5,5,3,5,3.54,0,2,TRUE
Male,Loyal Customer,40,Business Travel,Eco,626,2,1,1,1,2,2,2,2,1,4,3,1,2,1.85,0,0,FALSE
Female,Loyal Customer,35,Business Travel,Eco,483,5,1,1,1,5,5,5,5,3,3,4,4,5,3.62,0,0,TRUE
Male,Loyal Customer,7,Personal Travel,Eco,920,3,4,3,1,1,3,1,1,4,4,5,4,1,2.69,0,5,FALSE
Female,Loyal Customer,57,Personal Travel,Eco,447,2,5,2,4,2,4,4,4,3,4,5,4,4,3.62,128,142,FALSE
Male,Loyal Customer,63,Personal Travel,Eco,1024,4,4,4,4,3,4,3,3,4,2,5,3,3,3.54,0,0,TRUE
Male,Loyal Customer,41,Business Travel,Business,3017,3,3,3,3,3,5,5,4,4,4,4,5,4,3.85,1,0,TRUE
Female,Loyal Customer,40,Business Travel,Business,3696,0,0,0,3,4,5,4,4,4,4,4,5,4,3.15,33,27,TRUE
Male,Loyal Customer,43,Business Travel,Eco,402,4,5,5,5,4,4,4,4,5,4,2,1,4,3.92,5,15,TRUE
Female,Loyal Customer,60,Personal Travel,Eco,1090,1,4,1,3,5,4,3,1,1,1,4,3,3,2.62,4,0,FALSE
Female,Loyal Customer,22,Personal Travel,Eco,936,3,5,3,2,4,3,4,4,2,2,2,4,4,3.23,0,0,FALSE
Male,Loyal Customer,39,Business Travel,Eco,930,3,4,4,4,3,2,3,3,4,5,3,3,3,3.38,0,0,FALSE
Male,Disloyal Customer,24,Business Travel,Business,795,5,0,5,3,1,5,1,1,3,2,4,5,1,2.77,0,0,TRUE
Female,Disloyal Customer,18,Business Travel,Eco,588,2,4,3,4,4,3,4,4,3,1,4,2,4,3.23,16,10,FALSE
Male,Loyal Customer,63,Personal Travel,Eco,694,4,4,4,2,4,4,4,4,4,5,5,5,4,4.08,0,0,TRUE
Male,Loyal Customer,45,Business Travel,Business,2215,3,3,2,3,4,4,4,5,5,5,5,4,3,3.85,62,47,TRUE
Male,Loyal Customer,34,Business Travel,Business,837,3,3,3,3,2,4,3,5,5,5,5,3,4,3.69,0,2,TRUE
Female,Loyal Customer,45,Business Travel,Business,1918,4,4,4,4,4,4,4,5,5,5,5,3,5,4.31,5,23,TRUE
Male,Loyal Customer,53,Personal Travel,Eco,646,3,5,3,3,4,3,1,4,2,2,1,4,4,3,42,22,FALSE
Female,Loyal Customer,43,Business Travel,Business,3568,3,3,2,3,2,4,4,5,5,5,5,5,5,3.92,11,11,TRUE
Female,Loyal Customer,40,Business Travel,Business,522,1,5,5,5,5,4,4,1,1,1,1,1,4,2.92,21,13,FALSE
Female,Loyal Customer,45,Business Travel,Business,373,5,3,5,5,3,5,4,5,5,5,5,4,3,4.38,3,0,TRUE
Male,Loyal Customer,54,Business Travel,Business,2479,5,5,5,5,4,5,4,4,4,4,4,3,5,4.38,0,0,TRUE
Male,Loyal Customer,53,Business Travel,Business,1693,2,2,2,2,4,5,5,5,5,5,5,5,5,4,0,4,TRUE
Female,Loyal Customer,24,Business Travel,Business,226,2,2,2,2,4,4,4,4,5,5,3,5,4,3.54,0,0,TRUE
Female,Loyal Customer,40,Business Travel,Business,1809,5,5,5,5,5,5,4,4,4,4,4,5,3,4.46,0,0,TRUE
Male,Loyal Customer,50,Personal Travel,Eco,853,3,1,3,3,1,3,5,1,3,1,4,1,1,2.31,38,17,FALSE
Male,Loyal Customer,35,Business Travel,Business,641,5,5,5,5,3,5,4,5,5,5,5,4,4,4.62,1,0,TRUE
Female,Loyal Customer,49,Business Travel,Business,912,1,1,4,1,5,4,5,4,4,5,4,3,3,3.38,0,0,TRUE
Male,Loyal Customer,55,Business Travel,Business,1611,3,3,3,3,5,5,5,5,5,5,5,5,4,4.31,0,0,TRUE
Male,Loyal Customer,52,Business Travel,Business,936,2,2,2,2,2,4,4,4,4,4,4,5,5,3.38,0,0,TRUE
Male,Loyal Customer,39,Business Travel,Eco Plus,554,4,2,5,2,4,4,4,4,5,2,1,5,4,3.54,0,0,TRUE
Male,Loyal Customer,35,Business Travel,Business,585,5,5,5,5,5,4,5,4,4,4,4,5,3,4.46,0,0,TRUE
Male,Loyal Customer,29,Business Travel,Business,1379,2,1,1,1,2,2,2,2,3,1,3,4,2,2,0,0,FALSE
Male,Loyal Customer,33,Personal Travel,Eco,1541,2,2,2,4,3,2,3,3,2,1,3,2,3,2.46,0,7,FALSE
Male,Loyal Customer,55,Personal Travel,Eco Plus,147,1,4,1,3,2,1,2,2,3,3,4,3,2,2.38,0,0,FALSE
Male,Loyal Customer,42,Personal Travel,Eco,628,2,5,3,3,2,3,2,2,5,3,5,3,2,3.08,1,0,FALSE
Male,Disloyal Customer,29,Business Travel,Eco,1134,3,3,3,3,3,3,2,3,5,5,3,2,3,3.15,0,0,FALSE
Female,Loyal Customer,33,Business Travel,Business,261,3,1,2,1,5,4,4,3,3,2,3,2,2,2.69,0,0,FALSE
Male,Loyal Customer,57,Personal Travel,Eco,937,5,3,5,3,4,3,1,4,4,4,3,2,4,3.46,0,0,TRUE
Male,Loyal Customer,43,Business Travel,Business,3384,3,1,1,1,3,3,4,3,3,3,3,4,4,2.77,34,37,FALSE
Male,Disloyal Customer,39,Business Travel,Business,280,4,4,4,3,1,4,1,1,2,4,3,2,1,2.62,0,8,FALSE
Female,Disloyal Customer,27,Business Travel,Eco,522,2,3,2,2,2,2,2,2,4,1,2,2,2,2.15,0,0,FALSE
Female,Loyal Customer,63,Personal Travel,Eco,430,3,4,3,4,5,1,3,5,5,3,5,1,1,3.31,0,0,FALSE
Female,Loyal Customer,43,Personal Travel,Eco,651,1,1,0,4,5,4,3,4,4,0,5,3,4,2.92,0,1,FALSE
Female,Loyal Customer,42,Personal Travel,Eco Plus,455,1,4,1,2,3,1,5,5,5,1,5,5,5,3.31,13,7,FALSE
Male,Loyal Customer,30,Business Travel,Business,926,3,5,5,5,3,3,3,1,3,4,3,3,3,3.38,131,115,FALSE
Female,Disloyal Customer,35,Business Travel,Business,899,2,3,3,5,5,3,5,5,4,4,5,5,5,4.15,2,8,FALSE
Male,Loyal Customer,10,Personal Travel,Eco,983,3,1,3,3,5,3,5,5,3,5,3,2,5,3.54,2,7,FALSE
Female,Loyal Customer,27,Business Travel,Business,2115,3,3,3,3,4,4,4,4,5,3,5,3,4,3.69,0,0,TRUE
Female,Loyal Customer,44,Business Travel,Eco,552,4,4,4,4,5,3,1,4,4,4,4,4,2,3.62,42,36,TRUE
Female,Loyal Customer,27,Personal Travel,Business,409,3,3,3,3,5,3,5,5,5,3,5,1,5,3.77,0,0,FALSE
Female,Loyal Customer,50,Business Travel,Business,297,5,5,5,5,5,5,5,3,3,4,3,4,3,4.23,81,94,TRUE
Female,Loyal Customer,14,Business Travel,Eco Plus,481,1,4,4,4,1,1,2,1,3,1,3,3,1,2.23,0,0,FALSE
Male,Loyal Customer,39,Personal Travel,Eco Plus,719,2,5,2,2,2,2,2,2,4,5,4,3,2,2.85,51,79,FALSE
Female,Loyal Customer,53,Business Travel,Business,370,1,1,1,1,4,1,1,5,5,5,5,5,4,3,11,20,TRUE
Male,Loyal Customer,24,Personal Travel,Eco,920,3,4,3,4,3,3,3,3,5,4,5,3,3,3.54,0,4,FALSE
Male,Disloyal Customer,19,Business Travel,Eco,991,2,2,2,3,2,2,2,2,4,3,3,4,2,2.54,0,25,FALSE
Male,Loyal Customer,55,Personal Travel,Eco,338,3,4,3,3,2,3,2,2,4,5,5,4,2,3.23,0,0,FALSE
Female,Loyal Customer,43,Business Travel,Business,895,4,4,4,4,4,5,4,5,5,5,5,4,5,4.46,16,13,TRUE
Female,Loyal Customer,44,Personal Travel,Eco,404,1,4,1,3,3,4,4,2,2,1,2,4,3,2.62,17,12,FALSE
Female,Loyal Customer,47,Personal Travel,Eco,315,3,5,3,4,2,5,4,1,1,3,1,2,1,2.69,16,8,FALSE
Female,Disloyal Customer,54,Business Travel,Eco,293,3,4,3,1,5,3,5,5,1,1,4,5,5,3.46,0,0,FALSE
Female,Loyal Customer,20,Business Travel,Eco Plus,937,0,3,1,3,4,1,5,4,1,1,1,4,4,2.46,34,20,TRUE
Female,Disloyal Customer,17,Business Travel,Business,1059,5,0,5,2,3,5,3,3,3,2,5,4,3,3.31,0,0,TRUE
Female,Loyal Customer,32,Business Travel,Business,1235,1,1,1,1,5,5,5,5,4,1,1,1,5,2.77,28,22,TRUE
Female,Loyal Customer,38,Business Travel,Business,3762,4,4,4,4,5,4,4,5,5,5,5,4,4,4.38,0,0,TRUE
Male,Loyal Customer,37,Personal Travel,Eco Plus,262,2,3,2,5,5,2,5,5,2,5,5,3,5,3.77,0,0,FALSE
Female,Loyal Customer,39,Business Travel,Business,3558,2,3,3,3,2,2,2,2,2,2,2,2,2,2.23,0,0,FALSE
Male,Loyal Customer,43,Business Travel,Business,2149,4,4,4,4,1,4,3,4,4,4,4,3,2,3.46,0,0,TRUE
Male,Disloyal Customer,38,Business Travel,Eco,489,3,0,3,5,3,3,3,3,2,2,4,2,3,2.77,0,0,FALSE
Male,Loyal Customer,40,Business Travel,Business,1235,3,4,3,3,4,4,4,5,3,4,5,4,4,3.85,149,146,TRUE
Female,Loyal Customer,22,Personal Travel,Eco Plus,197,3,4,0,3,1,0,1,1,3,3,4,4,1,2.15,4,35,FALSE
Female,Disloyal Customer,34,Business Travel,Eco,405,3,2,3,4,1,3,1,1,2,5,3,3,1,2.46,10,2,FALSE
Female,Loyal Customer,50,Business Travel,Business,2249,3,3,5,3,3,4,4,5,5,5,5,5,3,4.08,21,15,TRUE
Female,Disloyal Customer,25,Business Travel,Eco,554,4,0,4,3,2,4,4,2,2,4,1,4,2,2.77,8,7,TRUE
Male,Loyal Customer,16,Personal Travel,Eco Plus,985,2,5,2,5,1,2,4,1,5,5,5,5,1,3.31,2,0,FALSE
Female,Disloyal Customer,45,Business Travel,Business,602,4,3,3,4,1,4,1,1,4,4,4,4,1,2.92,11,0,TRUE
Male,Loyal Customer,45,Business Travel,Business,1083,4,5,4,4,5,4,4,4,4,3,4,1,2,3.69,25,8,FALSE
Male,Loyal Customer,58,Business Travel,Business,3739,5,5,5,5,2,5,4,5,5,5,5,3,5,4.54,17,38,TRUE
Male,Loyal Customer,33,Personal Travel,Eco,421,3,4,3,2,1,3,1,1,4,5,3,4,1,2.69,0,0,FALSE
Male,Loyal Customer,45,Personal Travel,Eco,759,4,5,4,4,3,4,3,3,5,1,2,3,3,3.38,0,0,FALSE
Male,Loyal Customer,38,Business Travel,Business,3668,0,0,0,3,4,5,2,4,4,4,4,4,1,2.69,0,0,TRUE
Female,Loyal Customer,62,Personal Travel,Eco,1931,4,5,4,3,5,5,5,1,1,4,1,5,5,3.69,0,0,FALSE
Male,Loyal Customer,61,Personal Travel,Eco,925,3,4,3,4,5,3,4,5,5,3,4,5,5,4.08,0,11,FALSE
Female,Loyal Customer,48,Business Travel,Business,3812,0,0,0,2,2,5,5,2,2,2,2,3,4,2.23,0,0,TRUE
Male,Loyal Customer,16,Personal Travel,Eco,204,5,4,5,1,2,5,2,2,3,2,5,1,2,3,0,0,TRUE
Male,Loyal Customer,31,Business Travel,Business,3932,5,5,5,5,4,4,4,4,5,4,5,3,4,4.38,0,19,TRUE
Female,Loyal Customer,32,Business Travel,Business,1725,5,5,5,5,2,2,2,2,5,4,4,5,2,3.69,65,51,TRUE
Female,Loyal Customer,48,Business Travel,Eco,101,4,2,2,2,2,3,4,4,4,4,4,3,4,3.23,5,7,TRUE
Male,Loyal Customer,59,Business Travel,Eco,237,5,1,1,1,5,5,5,5,4,3,5,2,5,3.62,0,0,TRUE
Female,Loyal Customer,59,Business Travel,Business,2260,2,2,2,2,3,5,5,4,4,4,5,3,5,3.54,0,0,TRUE
Male,Disloyal Customer,38,Business Travel,Eco,78,2,5,2,4,2,2,4,2,4,5,1,5,2,3.08,0,0,FALSE
Male,Loyal Customer,49,Business Travel,Business,295,0,0,0,4,3,4,4,1,1,1,1,4,4,2.08,0,0,TRUE
Female,Disloyal Customer,37,Business Travel,Eco,611,1,3,1,3,2,1,2,2,3,1,3,2,2,2,10,30,FALSE
Female,Loyal Customer,23,Business Travel,Eco Plus,574,5,3,3,3,5,5,4,5,1,2,2,3,5,3.54,0,0,TRUE
Female,Loyal Customer,44,Business Travel,Business,948,5,5,5,5,5,5,5,4,4,4,4,4,3,4.46,0,0,TRUE
Male,Loyal Customer,27,Business Travel,Business,1426,2,2,3,2,5,4,5,5,5,3,4,5,5,3.85,0,0,TRUE
Male,Loyal Customer,55,Personal Travel,Eco,2338,3,3,3,3,5,3,5,5,2,5,4,1,5,3.62,0,0,FALSE
Female,Loyal Customer,70,Personal Travel,Eco,1438,0,4,0,3,3,5,4,1,1,0,1,4,5,2.38,11,0,TRUE
Female,Disloyal Customer,27,Business Travel,Eco,714,3,3,3,3,3,3,3,3,4,4,3,2,3,3.08,10,0,FALSE
Female,Loyal Customer,28,Business Travel,Eco Plus,438,0,0,0,1,2,0,2,2,5,2,1,3,2,1.54,5,17,TRUE
Female,Loyal Customer,47,Personal Travel,Eco Plus,590,4,2,4,4,3,4,4,3,3,4,3,3,2,3.31,0,12,TRUE
Female,Loyal Customer,68,Personal Travel,Eco,533,1,5,1,3,2,4,5,2,2,1,2,3,3,2.62,13,10,FALSE
Female,Loyal Customer,41,Business Travel,Business,2137,4,4,4,4,3,4,5,4,4,4,4,5,4,4.08,0,0,TRUE
Male,Loyal Customer,10,Personal Travel,Eco,1084,2,5,1,3,5,1,2,5,4,4,5,4,5,3.54,3,0,FALSE
Female,Loyal Customer,49,Business Travel,Business,1619,3,4,4,4,2,2,1,3,3,3,3,1,3,2.77,0,0,FALSE
Male,Loyal Customer,44,Personal Travel,Eco Plus,163,2,5,0,4,4,0,4,4,4,2,5,5,4,3.31,0,0,FALSE
Male,Loyal Customer,45,Business Travel,Business,3111,2,2,2,2,2,5,5,4,4,4,4,3,5,3.38,0,0,TRUE
Female,Loyal Customer,48,Business Travel,Business,1608,1,1,1,1,3,5,5,5,5,5,5,5,5,3.62,0,0,TRUE
Male,Disloyal Customer,22,Business Travel,Eco,1497,5,5,5,2,1,5,1,1,5,3,4,1,1,3,0,0,TRUE
Male,Loyal Customer,55,Business Travel,Business,964,3,3,3,3,2,5,5,4,4,4,4,3,4,3.62,0,6,TRUE
Female,Loyal Customer,53,Personal Travel,Eco,337,3,5,3,1,2,3,1,4,4,3,4,3,4,3.08,0,0,FALSE
Male,Loyal Customer,13,Personal Travel,Eco,677,3,5,3,1,5,3,5,5,1,1,3,5,5,3.46,0,0,FALSE
Female,Loyal Customer,51,Business Travel,Business,2642,4,4,5,4,3,4,4,4,4,5,4,4,5,4.15,70,63,TRUE
Male,Disloyal Customer,20,Business Travel,Eco,533,3,2,3,3,3,3,4,3,1,3,2,2,3,2.69,0,0,FALSE
Female,Loyal Customer,24,Business Travel,Business,2876,1,1,1,1,4,4,4,4,5,1,4,3,4,2.85,0,0,TRUE
Male,Disloyal Customer,39,Business Travel,Eco,456,1,3,1,3,2,1,2,2,4,4,3,3,2,2.38,12,0,FALSE
Male,Loyal Customer,22,Business Travel,Eco,620,5,1,4,4,5,5,4,5,4,3,1,5,5,3.92,8,0,TRUE
Female,Loyal Customer,49,Personal Travel,Eco,2454,1,5,0,5,0,4,4,2,3,2,1,4,4,2.69,0,0,FALSE
Female,Loyal Customer,51,Personal Travel,Eco,451,2,1,2,3,4,3,2,3,3,2,3,2,2,2.46,0,0,FALSE
Male,Loyal Customer,57,Personal Travel,Business,862,2,4,2,3,3,4,4,4,4,2,3,5,4,3.38,0,0,FALSE
Female,Loyal Customer,27,Business Travel,Business,2272,3,3,3,3,5,5,4,5,3,4,4,5,5,4,0,0,TRUE
Female,Loyal Customer,57,Business Travel,Business,3681,3,3,2,3,5,5,4,4,4,4,4,3,5,3.77,7,0,TRUE
Male,Loyal Customer,41,Business Travel,Business,1592,2,2,2,2,4,4,4,2,2,2,2,5,5,2.92,11,3,TRUE
Male,Disloyal Customer,38,Business Travel,Eco,419,4,2,4,4,3,4,4,3,2,1,4,1,3,3,56,56,FALSE
Female,Loyal Customer,42,Business Travel,Business,3184,3,3,3,3,4,5,5,4,4,4,4,5,4,3.92,17,12,TRUE
Male,Loyal Customer,58,Business Travel,Eco,239,5,5,5,5,5,5,5,5,2,3,1,2,5,4.08,15,24,TRUE
Female,Disloyal Customer,49,Business Travel,Eco,1440,2,2,2,2,3,2,3,3,3,4,3,4,3,2.77,57,81,FALSE
Female,Loyal Customer,57,Business Travel,Business,1399,4,4,4,4,2,4,5,5,5,4,5,5,5,4.31,27,49,TRUE
Male,Loyal Customer,36,Business Travel,Business,2041,5,5,4,5,3,5,5,5,5,4,5,3,3,4.38,0,5,TRUE
Male,Loyal Customer,48,Business Travel,Business,341,0,0,0,1,5,4,5,1,1,1,1,3,5,2.08,0,0,TRUE
Female,Loyal Customer,39,Personal Travel,Eco,991,3,4,3,4,4,3,3,4,1,4,3,2,4,3.23,0,3,FALSE
Female,Loyal Customer,65,Personal Travel,Eco,993,2,5,2,4,5,5,4,5,5,2,4,4,5,4,0,55,FALSE
Male,Loyal Customer,67,Business Travel,Eco,265,3,2,2,2,3,3,3,3,1,3,1,1,3,2.31,0,0,FALSE
Male,Loyal Customer,79,Business Travel,Business,432,4,3,3,3,2,4,3,4,4,4,4,4,1,3.31,0,0,FALSE
Female,Loyal Customer,64,Personal Travel,Eco,562,2,5,2,1,4,4,4,1,1,2,1,3,4,2.62,1,3,FALSE
Female,Loyal Customer,37,Personal Travel,Eco,707,1,4,1,2,5,1,5,5,3,4,4,3,5,3.31,32,24,FALSE
Male,Loyal Customer,64,Personal Travel,Business,236,3,3,3,3,1,3,4,4,4,3,2,3,1,2.85,25,16,FALSE
Male,Loyal Customer,57,Business Travel,Business,655,1,1,1,1,5,4,5,4,4,4,4,4,4,3.23,74,80,TRUE
Male,Loyal Customer,25,Personal Travel,Eco,307,2,2,2,2,5,2,5,5,2,5,2,2,5,3.15,0,0,FALSE
Female,Loyal Customer,57,Business Travel,Business,481,4,4,1,4,3,4,4,5,5,5,5,5,4,4.08,0,0,TRUE
Female,Loyal Customer,43,Business Travel,Business,757,2,2,2,2,3,5,4,4,4,4,4,3,4,3.31,0,11,TRUE
Female,Loyal Customer,22,Personal Travel,Eco,337,3,5,3,4,3,3,3,3,5,4,5,5,3,3.77,0,0,FALSE
Male,Loyal Customer,25,Personal Travel,Eco,427,3,5,3,4,3,3,3,3,4,3,4,4,3,3.46,28,13,FALSE
Female,Loyal Customer,25,Personal Travel,Eco Plus,1635,2,4,2,3,5,2,5,5,3,5,5,3,5,3.77,10,8,FALSE
Female,Disloyal Customer,20,Business Travel,Eco,1235,2,1,1,3,4,1,4,4,4,2,4,4,4,2.92,9,2,FALSE
Male,Loyal Customer,44,Business Travel,Business,2496,2,2,2,2,5,5,2,5,5,5,5,3,3,3.54,0,20,TRUE
Female,Loyal Customer,49,Business Travel,Business,2882,4,4,4,4,2,4,5,2,2,2,2,5,4,3.38,0,0,TRUE
Male,Loyal Customer,32,Business Travel,Business,308,1,1,3,1,4,4,4,4,3,3,5,3,4,3.08,5,5,TRUE
Male,Loyal Customer,49,Personal Travel,Eco,342,3,4,3,3,4,3,4,4,3,4,5,5,4,3.77,0,0,FALSE
Male,Loyal Customer,31,Business Travel,Business,2040,1,1,1,1,3,3,3,3,3,2,5,3,3,2.46,1,0,TRUE
Female,Loyal Customer,16,Personal Travel,Eco,1797,2,3,2,3,3,2,3,3,2,2,4,3,3,2.69,2,0,FALSE
Female,Loyal Customer,31,Business Travel,Eco,3711,2,5,5,5,2,2,2,2,4,4,4,2,2,3.15,174,165,FALSE
Female,Loyal Customer,17,Personal Travel,Eco,1728,4,5,4,5,2,4,2,2,3,4,5,4,2,3.54,0,0,FALSE
Female,Loyal Customer,38,Business Travel,Eco,251,3,4,4,4,3,3,3,3,5,3,5,4,3,3.62,0,5,TRUE
Female,Loyal Customer,28,Personal Travel,Eco Plus,391,1,4,1,2,2,1,2,2,5,3,5,5,2,2.69,0,0,FALSE
Male,Loyal Customer,7,Personal Travel,Eco,612,2,4,3,3,4,3,4,4,1,3,4,3,4,3.23,19,7,FALSE
Male,Loyal Customer,60,Business Travel,Business,2565,5,5,5,5,4,4,4,5,5,5,5,3,5,4.62,95,93,TRUE
Female,Loyal Customer,13,Personal Travel,Eco,731,3,3,3,4,4,3,1,4,4,2,4,4,4,3.31,0,0,FALSE
Male,Loyal Customer,55,Business Travel,Business,3293,2,4,2,2,3,4,5,3,3,4,3,3,4,3.23,0,0,TRUE
Male,Loyal Customer,54,Business Travel,Eco,868,3,2,2,2,3,3,3,3,3,4,3,4,3,2.92,1,50,FALSE
Male,Disloyal Customer,15,Business Travel,Business,1733,5,5,5,3,4,5,4,4,3,2,5,3,4,4,1,3,TRUE
Female,Loyal Customer,44,Personal Travel,Eco,373,3,3,1,4,5,3,3,5,5,1,4,3,4,3.38,1,0,FALSE
Male,Loyal Customer,10,Personal Travel,Eco,77,2,4,2,1,5,2,5,5,5,5,4,3,5,3.69,0,0,FALSE
Female,Loyal Customer,28,Personal Travel,Eco,1916,3,5,3,2,4,3,5,4,4,4,3,3,4,3.62,0,0,FALSE
Female,Loyal Customer,41,Personal Travel,Eco,909,2,4,2,2,4,2,4,4,3,4,4,4,4,3.31,1,12,FALSE
Female,Loyal Customer,54,Personal Travel,Eco,590,1,5,1,3,1,4,4,5,5,5,4,4,4,3.54,156,178,FALSE
Male,Loyal Customer,30,Business Travel,Business,1299,2,1,1,1,2,2,2,2,4,4,4,1,2,2.15,14,24,FALSE
Male,Loyal Customer,29,Business Travel,Eco Plus,812,2,5,5,5,2,2,2,2,3,1,2,3,2,2.77,0,22,FALSE
Female,Loyal Customer,32,Business Travel,Eco,306,2,5,5,5,2,2,2,2,2,3,3,2,2,2.85,12,11,FALSE
Female,Loyal Customer,10,Personal Travel,Eco,270,2,1,2,3,1,2,1,1,4,4,3,4,1,2.23,20,12,FALSE
Female,Disloyal Customer,29,Business Travel,Business,334,5,5,5,5,5,5,5,5,5,2,4,5,5,4.69,11,0,TRUE
Female,Loyal Customer,59,Business Travel,Business,2202,1,1,4,1,4,5,4,4,4,4,4,4,3,3.31,4,6,TRUE
Female,Loyal Customer,26,Business Travel,Business,3438,4,1,1,1,4,4,4,3,5,3,4,4,4,3.23,117,197,FALSE
Female,Disloyal Customer,25,Business Travel,Business,546,3,0,3,2,4,3,5,4,5,5,4,5,4,3.62,0,0,FALSE
Male,Loyal Customer,56,Business Travel,Business,1553,2,2,2,2,2,5,5,4,4,5,4,3,4,3.38,0,0,TRUE
Male,Loyal Customer,42,Business Travel,Eco,1670,2,1,1,1,2,2,2,2,4,4,3,4,2,2.31,0,40,FALSE
Female,Loyal Customer,59,Business Travel,Business,2180,2,5,3,5,2,4,4,2,2,2,2,1,2,2.77,15,17,FALSE
Female,Loyal Customer,41,Business Travel,Business,2139,4,4,4,4,3,4,4,4,4,4,4,3,4,3.85,0,0,TRUE
Female,Loyal Customer,56,Business Travel,Business,733,2,5,5,5,3,4,3,2,2,2,2,1,1,2.85,0,62,FALSE
Female,Loyal Customer,31,Business Travel,Business,1652,4,4,4,4,1,2,1,1,5,2,3,4,1,2.77,0,0,TRUE
Male,Loyal Customer,14,Personal Travel,Eco,802,0,5,0,4,1,0,1,1,4,2,5,4,1,2.15,0,0,TRUE
Male,Loyal Customer,39,Personal Travel,Eco,646,4,1,4,4,5,4,5,5,1,1,3,2,5,3.38,0,0,TRUE
Female,Loyal Customer,46,Business Travel,Business,1620,4,4,4,4,2,3,4,5,5,5,5,4,3,4,0,0,TRUE
Male,Loyal Customer,51,Personal Travel,Eco,391,5,4,1,4,4,1,4,4,5,4,2,1,4,3.31,0,0,TRUE
Female,Loyal Customer,37,Personal Travel,Eco,431,0,4,0,5,4,0,4,4,4,3,4,5,4,3.15,9,23,TRUE
Female,Loyal Customer,15,Personal Travel,Eco Plus,297,3,3,3,4,3,3,3,3,3,3,4,3,3,3.15,0,0,FALSE
Male,Disloyal Customer,12,Business Travel,Eco,1371,2,2,2,2,2,2,5,2,2,5,3,4,2,2.69,0,27,FALSE
Female,Loyal Customer,31,Business Travel,Business,184,0,4,0,3,5,5,5,5,3,2,5,5,5,3.62,0,0,TRUE
Male,Loyal Customer,45,Business Travel,Business,377,2,2,2,2,4,5,5,4,4,4,4,4,5,3.62,0,0,TRUE
Female,Loyal Customer,42,Business Travel,Business,1867,4,4,4,4,4,4,5,4,4,4,4,3,5,4.08,5,0,TRUE
Male,Loyal Customer,40,Business Travel,Business,3170,4,4,4,4,3,4,4,4,4,4,4,5,3,3.92,75,58,TRUE
Male,Loyal Customer,50,Business Travel,Business,228,3,3,3,3,2,4,4,4,4,4,4,5,3,3.54,3,0,TRUE
Male,Loyal Customer,41,Business Travel,Eco,102,3,2,2,2,3,3,3,3,4,3,5,4,3,3.08,0,0,TRUE
Female,Disloyal Customer,24,Business Travel,Business,158,0,0,0,1,2,0,2,2,3,3,4,4,2,1.77,0,46,TRUE
Male,Loyal Customer,30,Personal Travel,Eco,516,2,3,2,3,3,2,3,3,3,5,1,1,3,2.62,2,11,FALSE
Male,Disloyal Customer,27,Business Travel,Business,1389,4,4,4,1,2,4,2,2,3,4,5,3,2,3.08,0,0,FALSE
Male,Loyal Customer,45,Business Travel,Business,1389,1,5,1,1,4,5,5,5,5,4,5,5,4,3.85,4,0,TRUE
Female,Loyal Customer,34,Business Travel,Eco,129,3,2,2,2,3,4,3,3,2,2,2,5,3,2.77,7,20,TRUE
Female,Loyal Customer,56,Business Travel,Eco,2248,3,2,2,2,5,3,3,3,3,3,3,4,1,2.85,8,0,FALSE
Female,Loyal Customer,65,Business Travel,Eco,130,2,5,5,5,1,3,3,2,2,2,2,1,1,2.62,10,12,FALSE
Male,Loyal Customer,59,Business Travel,Business,2046,1,1,5,1,3,4,5,5,5,5,5,3,3,3.54,0,0,TRUE
Female,Loyal Customer,40,Business Travel,Business,2052,2,2,4,2,5,3,1,2,2,2,2,2,5,2.62,1,0,TRUE
Male,Disloyal Customer,25,Business Travel,Eco,1072,3,3,3,3,4,3,4,4,5,4,4,4,4,3.69,0,0,FALSE
Male,Loyal Customer,40,Personal Travel,Business,577,4,1,4,2,4,1,2,4,4,4,4,1,2,2.85,2,1,TRUE
Male,Loyal Customer,60,Business Travel,Business,2423,3,3,3,3,2,5,5,5,5,5,5,5,4,4.08,32,26,TRUE
Male,Loyal Customer,60,Business Travel,Business,2118,5,1,5,5,5,4,4,4,4,4,4,5,4,4.15,0,0,TRUE
Male,Disloyal Customer,12,Business Travel,Eco,526,3,3,3,4,1,3,1,1,3,1,3,1,1,2.15,48,43,FALSE
Male,Loyal Customer,49,Business Travel,Eco Plus,680,1,3,3,3,1,1,1,1,4,1,3,4,1,2.08,9,11,FALSE
Male,Loyal Customer,47,Business Travel,Business,529,2,2,2,2,3,4,5,4,4,4,4,4,4,3.38,7,0,TRUE
Male,Loyal Customer,51,Business Travel,Business,1065,3,3,1,3,2,5,5,3,3,4,3,3,3,3.15,0,0,TRUE
Female,Loyal Customer,32,Business Travel,Business,3536,5,5,4,5,5,5,5,5,5,4,5,2,5,4.62,0,0,TRUE
Female,Loyal Customer,25,Business Travel,Business,3569,1,1,1,1,2,2,2,2,4,4,5,4,2,2.38,3,10,TRUE
Female,Loyal Customer,60,Business Travel,Business,3418,5,5,5,5,2,5,5,3,3,3,3,5,3,4,0,0,TRUE
Male,Loyal Customer,56,Business Travel,Business,3012,0,0,0,4,2,4,4,4,4,4,4,4,5,3,6,0,TRUE
Male,Disloyal Customer,29,Business Travel,Eco,409,2,0,2,1,3,2,3,3,1,4,2,2,3,2.15,0,0,FALSE
Female,Loyal Customer,69,Personal Travel,Business,427,4,3,4,2,1,3,2,3,3,4,4,4,4,3.15,0,0,FALSE
Female,Loyal Customer,40,Business Travel,Business,534,4,4,3,4,3,3,2,4,4,4,4,1,1,3.15,0,0,TRUE
Female,Loyal Customer,43,Business Travel,Business,2288,3,3,3,3,5,3,4,5,5,5,5,5,5,4.15,0,0,TRUE
Male,Loyal Customer,33,Business Travel,Business,977,2,2,2,2,4,4,4,4,5,4,4,4,4,3.46,2,0,TRUE
Female,Loyal Customer,56,Business Travel,Business,2052,2,2,2,2,3,4,5,3,3,2,3,5,4,3.08,15,10,TRUE
Male,Disloyal Customer,47,Business Travel,Eco,77,4,1,4,3,1,4,1,1,3,2,3,3,1,2.38,0,0,FALSE
Male,Loyal Customer,62,Personal Travel,Eco,116,3,3,3,2,5,3,5,5,2,2,2,2,5,3.23,0,0,FALSE
Female,Loyal Customer,13,Personal Travel,Eco,199,3,3,3,3,4,3,5,4,4,2,4,3,4,3.46,2,0,FALSE
Male,Loyal Customer,58,Business Travel,Business,2867,0,5,0,4,5,5,5,3,3,3,3,4,5,3.46,0,0,TRUE
Female,Disloyal Customer,36,Business Travel,Eco,174,2,3,2,2,4,2,5,4,4,4,5,5,4,3.54,0,15,FALSE
Female,Loyal Customer,22,Business Travel,Business,2288,2,3,3,3,2,2,2,2,3,5,2,4,2,2.69,0,7,FALSE
Male,Disloyal Customer,39,Business Travel,Business,214,5,5,5,5,1,5,1,1,5,1,5,1,1,3.15,5,0,TRUE
Male,Loyal Customer,63,Business Travel,Eco,552,5,4,4,4,5,5,5,5,3,2,1,4,5,4,0,0,TRUE
Male,Loyal Customer,63,Personal Travel,Eco,152,1,4,1,1,4,1,5,4,3,3,5,3,4,3,0,0,FALSE
Female,Disloyal Customer,47,Business Travel,Business,997,1,1,1,2,3,1,3,3,2,3,2,2,3,2.08,0,0,FALSE
Male,Loyal Customer,42,Business Travel,Business,3042,3,3,3,3,3,4,3,3,3,3,3,3,1,2.92,0,0,FALSE
Male,Loyal Customer,60,Business Travel,Business,3935,3,3,3,3,4,1,5,4,4,4,4,4,3,3.46,0,0,TRUE
Female,Disloyal Customer,23,Business Travel,Eco,259,1,2,1,3,1,1,1,1,4,4,3,1,1,1.85,39,27,FALSE
Male,Loyal Customer,38,Business Travel,Business,2277,5,2,2,2,1,2,3,5,5,4,5,4,2,3.23,4,0,FALSE
Male,Loyal Customer,64,Personal Travel,Eco,390,2,4,2,2,3,2,3,3,4,4,4,3,3,3,43,40,FALSE
Male,Loyal Customer,26,Personal Travel,Eco Plus,1947,5,5,5,1,3,5,3,3,5,3,4,5,3,3.85,6,3,TRUE
Male,Loyal Customer,29,Business Travel,Eco,338,2,3,3,3,2,2,2,2,4,3,2,1,2,2.38,20,16,FALSE
Male,Loyal Customer,53,Business Travel,Business,868,4,5,4,4,4,5,5,4,4,4,4,4,5,4.31,0,0,TRUE
Female,Loyal Customer,58,Personal Travel,Eco Plus,432,3,5,3,2,5,4,4,2,2,3,5,3,5,3.54,0,0,FALSE
Female,Loyal Customer,44,Business Travel,Business,846,5,5,5,5,5,5,5,4,4,4,4,3,4,4.46,0,0,TRUE
Male,Loyal Customer,8,Personal Travel,Eco Plus,247,1,3,1,4,5,1,3,5,4,4,3,4,5,3.31,1,0,FALSE
Female,Loyal Customer,29,Business Travel,Business,1440,3,3,1,3,4,4,4,4,5,3,4,3,4,3.46,1,0,TRUE
Female,Loyal Customer,65,Personal Travel,Eco,692,3,5,3,5,3,4,5,4,4,3,4,4,4,3.92,0,0,FALSE
Male,Loyal Customer,46,Business Travel,Business,1235,3,3,3,3,3,5,4,4,4,5,4,4,4,3.77,1,0,TRUE
Female,Loyal Customer,54,Business Travel,Business,1959,4,3,4,4,2,5,4,5,5,5,4,3,4,4,0,3,TRUE
Female,Loyal Customer,28,Business Travel,Business,3494,5,5,5,5,3,4,3,3,4,4,4,3,3,3.92,0,0,TRUE
Female,Loyal Customer,27,Business Travel,Eco,522,5,3,1,1,5,5,5,5,1,1,5,1,5,3.31,0,0,TRUE
Male,Loyal Customer,31,Business Travel,Business,2537,4,2,2,2,4,4,4,4,1,2,4,1,4,2.92,3,0,FALSE
Male,Loyal Customer,36,Personal Travel,Eco,289,1,5,5,1,2,5,4,2,4,4,5,3,2,3.31,24,6,FALSE
Male,Loyal Customer,66,Personal Travel,Eco,721,1,5,1,4,1,1,1,1,3,4,4,2,1,2.23,0,0,FALSE
Female,Loyal Customer,60,Business Travel,Business,3537,1,1,1,1,2,3,5,5,5,5,5,4,5,3.31,10,0,TRUE
Male,Loyal Customer,30,Business Travel,Business,2354,4,4,4,4,4,4,4,4,3,2,5,5,4,3.92,6,2,TRUE
Female,Loyal Customer,55,Personal Travel,Eco,641,4,4,4,1,4,5,5,1,1,4,1,5,5,3.38,0,0,TRUE
Female,Loyal Customer,28,Business Travel,Eco Plus,488,4,5,5,5,4,4,4,4,2,4,5,5,4,4.23,49,40,TRUE
Female,Loyal Customer,57,Personal Travel,Eco,991,1,5,1,1,4,5,4,3,3,1,2,4,5,3,8,28,FALSE
Female,Loyal Customer,33,Business Travel,Eco,170,4,3,3,3,4,4,4,4,5,3,1,3,4,3.46,0,0,TRUE
Female,Loyal Customer,52,Personal Travel,Eco Plus,794,3,4,3,5,2,4,5,2,2,3,2,3,4,3.23,0,0,FALSE
Male,Loyal Customer,32,Business Travel,Business,666,1,1,1,1,2,2,2,2,2,2,2,2,2,1.69,0,2,TRUE
Male,Loyal Customer,32,Personal Travel,Eco,296,3,4,3,2,5,3,5,5,3,3,1,2,5,3.38,8,5,FALSE
Male,Loyal Customer,60,Business Travel,Business,1592,2,3,3,3,1,3,4,2,2,2,2,1,2,2.31,56,43,FALSE
Female,Loyal Customer,57,Business Travel,Business,354,2,2,2,2,5,5,5,5,5,5,5,5,3,3.92,0,0,TRUE
Male,Loyal Customer,58,Business Travel,Business,772,3,3,3,3,5,4,4,5,5,5,5,5,3,4.08,0,0,TRUE
Female,Loyal Customer,56,Business Travel,Business,3286,1,1,4,1,5,4,4,5,5,5,5,4,3,3.62,0,0,TRUE
Female,Loyal Customer,26,Business Travel,Eco,669,3,3,3,3,3,4,4,3,3,5,1,3,3,3.15,0,8,TRUE
Male,Loyal Customer,58,Business Travel,Business,1345,5,4,5,5,2,4,5,2,2,2,2,4,3,3.46,0,0,TRUE
Male,Loyal Customer,36,Business Travel,Business,250,0,1,1,1,2,5,5,3,3,3,3,3,5,2.69,3,0,TRUE
Female,Loyal Customer,45,Business Travel,Business,296,2,2,2,2,3,4,4,4,4,4,4,3,4,3.23,0,0,TRUE
Male,Loyal Customer,44,Business Travel,Business,3690,1,3,1,1,4,5,5,2,2,2,2,3,5,2.77,18,0,TRUE
Male,Loyal Customer,16,Personal Travel,Eco,342,3,5,3,3,3,3,3,3,2,2,3,4,3,3.08,4,0,FALSE
Female,Loyal Customer,46,Personal Travel,Business,587,1,5,1,1,2,5,4,1,1,1,1,4,3,2.31,21,15,FALSE
Female,Loyal Customer,56,Personal Travel,Eco,2496,3,5,2,2,2,4,1,3,3,2,3,2,2,2.62,0,0,FALSE
Male,Disloyal Customer,20,Business Travel,Eco,296,0,0,0,2,4,0,4,4,2,2,5,3,4,2.31,0,0,TRUE
Male,Loyal Customer,33,Business Travel,Business,1770,3,4,5,4,3,3,3,3,2,2,3,1,3,3,0,3,FALSE
Female,Disloyal Customer,19,Business Travel,Eco,965,2,2,2,4,2,2,2,2,3,5,4,3,2,2.69,0,0,FALSE
Female,Loyal Customer,13,Personal Travel,Eco,580,2,4,2,4,1,2,1,1,4,2,5,5,1,2.62,1,0,FALSE
Female,Loyal Customer,46,Business Travel,Business,3396,4,4,4,4,2,5,4,5,5,4,5,3,5,4.15,0,5,TRUE
Male,Loyal Customer,45,Personal Travel,Eco,342,2,4,2,5,3,2,3,3,5,2,5,4,3,3.31,0,0,FALSE
Female,Loyal Customer,23,Personal Travel,Eco,432,1,4,1,3,5,1,5,5,3,2,4,4,5,3.31,0,0,FALSE
Female,Disloyal Customer,22,Business Travel,Eco,464,3,2,3,4,3,3,3,3,1,4,4,1,3,2.85,20,8,FALSE
Female,Loyal Customer,30,Personal Travel,Eco,1027,2,4,2,4,4,2,3,4,5,4,3,1,4,3.23,0,0,FALSE
Female,Loyal Customer,48,Personal Travel,Eco,101,0,4,0,1,5,5,4,4,4,0,5,3,4,3,0,1,TRUE
Female,Loyal Customer,38,Business Travel,Business,290,1,1,1,1,4,5,4,4,4,4,4,3,3,3,0,0,TRUE
Male,Loyal Customer,46,Business Travel,Business,403,1,1,1,1,3,4,5,4,4,4,4,3,3,2.92,16,2,TRUE
Female,Loyal Customer,65,Personal Travel,Eco,416,3,1,5,1,5,1,2,5,5,5,5,2,4,3.38,0,0,FALSE
Male,Loyal Customer,39,Business Travel,Business,214,1,1,4,1,4,1,2,4,4,4,5,4,3,2.92,0,0,TRUE
Female,Loyal Customer,56,Personal Travel,Eco,163,4,5,4,1,5,1,4,5,5,4,5,1,4,3.69,0,0,FALSE
Female,Loyal Customer,69,Personal Travel,Eco,502,1,5,1,4,3,4,5,3,3,1,3,4,5,3.23,0,0,FALSE
Male,Loyal Customer,52,Business Travel,Business,2055,0,0,0,3,2,5,4,2,2,2,2,3,5,2.31,7,9,TRUE
Female,Disloyal Customer,33,Business Travel,Business,335,1,1,1,3,3,1,3,3,3,4,5,5,3,2.77,0,0,FALSE
Male,Loyal Customer,64,Personal Travel,Eco,607,4,4,4,3,3,4,3,3,5,2,5,3,3,3.54,56,33,FALSE
Female,Loyal Customer,43,Business Travel,Business,2915,5,5,5,5,2,5,4,5,5,5,5,5,5,4.69,0,0,TRUE
Female,Loyal Customer,27,Business Travel,Business,2355,4,4,4,4,4,5,4,4,3,2,4,2,4,3.69,0,0,TRUE
Female,Loyal Customer,69,Personal Travel,Eco,2065,2,5,2,1,5,4,4,1,1,2,1,4,4,2.77,50,42,FALSE
Female,Disloyal Customer,29,Business Travel,Business,2296,1,1,1,4,4,1,4,4,4,4,3,3,4,2.92,0,0,FALSE
Male,Loyal Customer,51,Business Travel,Business,3103,4,4,4,4,3,1,4,4,4,4,4,4,4,3.69,0,0,TRUE
Female,Loyal Customer,41,Personal Travel,Eco,1188,3,4,2,5,4,2,5,4,4,3,4,4,4,3.69,0,0,FALSE
Male,Disloyal Customer,26,Business Travel,Eco,1146,3,3,3,2,2,3,2,2,3,2,3,5,2,2.69,0,19,FALSE
Female,Loyal Customer,38,Personal Travel,Eco,502,2,5,3,2,2,3,2,2,3,4,4,5,2,3,17,29,FALSE
Female,Disloyal Customer,45,Business Travel,Eco Plus,770,1,1,1,4,5,1,5,5,1,4,3,2,5,2.92,0,0,FALSE
Male,Loyal Customer,58,Personal Travel,Eco,727,5,3,5,3,4,5,5,4,1,3,3,4,4,3.77,0,0,TRUE
Female,Loyal Customer,23,Personal Travel,Business,784,2,1,2,4,3,2,3,3,4,4,4,4,3,3,0,0,FALSE
Male,Loyal Customer,13,Personal Travel,Eco,1300,3,3,3,2,3,3,3,3,1,4,2,4,3,2.85,12,10,FALSE
Female,Disloyal Customer,32,Business Travel,Eco,283,4,0,4,5,5,4,5,5,3,3,1,3,5,3.62,0,8,FALSE
Female,Loyal Customer,26,Personal Travel,Eco,762,1,5,1,2,5,1,5,5,1,4,2,2,5,3,0,0,FALSE
Female,Loyal Customer,7,Personal Travel,Eco,1131,1,5,1,3,1,1,1,1,5,5,4,3,1,2.46,60,35,FALSE
Female,Loyal Customer,34,Business Travel,Business,1511,2,2,2,2,1,5,3,4,4,4,4,3,3,3,1,64,TRUE
Female,Loyal Customer,58,Personal Travel,Eco,759,2,2,1,2,1,2,2,5,5,1,5,2,4,2.62,20,11,FALSE
Female,Disloyal Customer,20,Business Travel,Eco,425,2,3,2,3,2,2,2,2,4,4,4,3,2,2.69,0,0,FALSE
Female,Loyal Customer,44,Personal Travel,Eco,223,4,4,4,4,5,4,3,2,2,4,1,3,3,3.31,19,9,FALSE
Male,Loyal Customer,41,Business Travel,Business,1744,1,1,1,1,2,5,5,4,4,4,4,3,4,3,0,0,TRUE
Female,Loyal Customer,51,Business Travel,Business,1738,3,5,5,5,3,3,3,3,1,2,2,3,3,3.15,182,178,FALSE
Female,Loyal Customer,40,Business Travel,Business,2315,1,1,4,1,2,5,4,5,5,5,5,3,3,3.38,14,25,TRUE
Female,Loyal Customer,60,Business Travel,Eco,763,1,3,3,3,4,3,4,2,2,1,2,4,4,2.77,67,63,FALSE
Female,Loyal Customer,19,Personal Travel,Eco,1148,2,3,2,4,4,2,4,4,3,4,4,2,4,3.23,0,0,FALSE
Female,Loyal Customer,18,Personal Travel,Eco,358,4,2,4,3,1,4,1,1,4,2,4,3,1,2.62,20,1,FALSE
Female,Loyal Customer,45,Personal Travel,Eco,1389,1,4,1,2,2,3,4,5,5,1,5,2,2,2.85,0,0,FALSE
Female,Loyal Customer,46,Personal Travel,Eco,277,1,3,2,5,1,2,5,1,1,2,1,1,2,2.08,16,24,FALSE
Male,Loyal Customer,67,Personal Travel,Eco,895,1,5,1,2,1,1,1,5,4,5,4,1,1,2.46,156,153,FALSE
Female,Loyal Customer,7,Personal Travel,Eco Plus,854,4,5,4,2,2,4,2,2,5,4,5,5,2,3.54,0,0,FALSE
Male,Loyal Customer,40,Business Travel,Business,1923,2,2,2,2,3,5,2,5,5,5,5,5,2,3.46,55,66,TRUE
Male,Loyal Customer,36,Business Travel,Business,306,4,2,2,2,5,3,4,4,4,4,4,1,3,3.23,27,24,FALSE
Female,Loyal Customer,40,Business Travel,Business,2430,4,4,4,4,5,5,5,3,5,5,4,5,5,4.46,330,321,TRUE
Female,Loyal Customer,51,Personal Travel,Eco,920,2,5,2,3,5,5,4,4,4,2,4,3,5,3.69,0,0,FALSE
Male,Loyal Customer,46,Business Travel,Business,3667,2,2,2,2,2,5,4,4,4,4,4,5,4,3.38,0,0,TRUE
Male,Loyal Customer,49,Business Travel,Business,2006,4,4,4,4,2,4,5,2,2,2,2,5,5,3.46,57,,TRUE
Male,Disloyal Customer,21,Business Travel,Eco,1236,1,1,1,2,5,1,5,5,5,2,3,4,5,3.08,11,0,FALSE
Male,Loyal Customer,36,Business Travel,Eco,426,1,3,3,3,1,1,1,1,1,5,4,3,1,2.15,31,51,FALSE
Female,Loyal Customer,45,Business Travel,Eco,545,1,0,0,2,3,3,3,2,2,1,2,1,2,1.69,0,0,FALSE
Male,Disloyal Customer,22,Business Travel,Eco,557,2,4,2,1,1,2,1,1,4,4,5,3,1,2.38,0,5,FALSE
Male,Loyal Customer,37,Business Travel,Eco,209,1,5,5,5,1,1,1,1,2,5,3,1,1,2.46,0,0,FALSE
Male,Loyal Customer,36,Business Travel,Eco Plus,399,4,2,2,2,4,4,4,4,3,4,3,1,4,3.15,0,0,FALSE
Female,Loyal Customer,63,Business Travel,Eco Plus,867,1,1,1,1,3,4,3,1,1,1,1,4,1,1.77,0,0,FALSE
Female,Loyal Customer,42,Business Travel,Business,327,2,2,2,2,5,4,5,5,5,5,5,4,4,3.85,0,0,TRUE
Male,Disloyal Customer,37,Business Travel,Business,216,2,2,2,3,1,2,1,1,1,2,1,3,1,1.69,1,0,FALSE
Female,Disloyal Customer,23,Business Travel,Eco,1165,3,3,3,4,5,3,5,5,4,4,4,3,5,3.92,35,28,FALSE
Male,Loyal Customer,30,Personal Travel,Eco,802,4,4,5,1,2,5,2,2,3,3,1,5,2,3,0,0,TRUE
Female,Loyal Customer,34,Personal Travel,Eco,1303,2,4,2,3,3,2,1,3,3,5,3,3,3,2.85,25,10,FALSE
Male,Disloyal Customer,24,Business Travel,Business,139,3,3,3,3,4,3,4,4,2,2,4,2,4,3.15,105,113,FALSE
Male,Loyal Customer,53,Business Travel,Business,2340,3,3,3,3,4,3,2,4,4,3,3,3,2,3.08,0,0,FALSE
Female,Loyal Customer,46,Business Travel,Business,175,5,5,5,5,3,4,4,5,5,4,5,4,4,4.46,0,0,TRUE
Female,Loyal Customer,59,Personal Travel,Eco,733,3,2,3,3,3,3,3,4,4,3,4,4,1,3.08,0,0,FALSE
Female,Disloyal Customer,22,Business Travel,Business,373,4,0,4,5,5,4,5,5,4,5,5,4,5,4.23,11,0,TRUE
Female,Disloyal Customer,38,Business Travel,Eco,453,3,0,3,4,4,3,4,4,1,1,4,2,4,2.85,0,3,FALSE
Male,Disloyal Customer,9,Business Travel,Eco,837,3,4,4,4,2,4,5,2,2,4,3,3,2,3.23,12,18,FALSE
Male,Loyal Customer,65,Personal Travel,Eco,235,1,5,1,3,4,1,1,4,5,4,4,5,4,3.23,0,0,FALSE
Female,Loyal Customer,37,Business Travel,Eco Plus,571,2,1,1,1,2,3,2,2,1,3,2,2,2,1.85,0,0,FALSE
Female,Loyal Customer,27,Business Travel,Business,441,2,3,3,3,2,2,2,2,3,5,4,4,2,2.85,0,0,FALSE
Female,Loyal Customer,20,Personal Travel,Eco Plus,309,3,5,4,3,4,4,4,4,1,2,2,5,4,3.46,11,0,FALSE
Male,Loyal Customer,15,Personal Travel,Eco,177,2,2,0,3,4,0,4,4,3,3,3,2,4,2.62,28,20,FALSE
Male,Loyal Customer,28,Personal Travel,Business,862,2,3,2,3,4,2,4,4,4,5,3,1,4,3.15,51,39,FALSE
Female,Loyal Customer,23,Business Travel,Business,237,2,3,3,3,2,2,2,2,1,3,4,3,2,2.46,11,10,FALSE
Male,Loyal Customer,48,Business Travel,Business,3724,3,3,3,3,1,4,4,5,5,5,5,3,5,3.77,0,0,TRUE
Male,Loyal Customer,39,Personal Travel,Eco,913,3,5,3,5,2,3,2,2,5,3,3,3,2,3.15,21,1,FALSE
Male,Loyal Customer,58,Business Travel,Business,528,3,2,2,2,1,4,3,3,3,3,3,3,3,2.69,0,0,FALSE
Male,Loyal Customer,36,Business Travel,Business,304,0,0,0,2,2,4,4,2,2,2,2,4,5,2.23,0,11,TRUE
Female,Loyal Customer,21,Business Travel,Business,1671,2,2,2,2,4,4,4,4,5,2,3,3,4,3.15,0,2,TRUE
Male,Loyal Customer,40,Business Travel,Eco Plus,581,3,5,5,5,3,3,3,3,2,4,4,1,3,3.38,0,0,FALSE
Female,Loyal Customer,16,Business Travel,Business,2843,3,3,2,3,3,3,3,3,3,5,3,4,3,3.15,17,26,FALSE
Female,Loyal Customer,57,Business Travel,Business,3832,5,5,5,5,4,4,5,4,4,4,4,3,5,4.38,0,0,TRUE
Female,Loyal Customer,38,Business Travel,Eco,425,4,5,5,5,4,4,4,4,3,1,2,1,4,3.54,0,0,TRUE
Female,Loyal Customer,60,Personal Travel,Eco,746,2,4,2,4,5,4,3,4,4,2,4,3,2,3.31,18,21,FALSE
Female,Loyal Customer,59,Business Travel,Business,212,1,1,1,1,4,3,4,1,2,5,5,4,4,2.77,142,137,TRUE
Female,Loyal Customer,59,Business Travel,Business,2727,1,4,4,4,3,1,1,1,1,1,1,2,1,1.92,15,8,FALSE
Female,Loyal Customer,21,Personal Travel,Eco,980,3,4,3,5,5,3,5,5,3,2,5,3,5,3.92,0,2,FALSE
Male,Disloyal Customer,52,Business Travel,Business,550,3,3,3,1,4,3,4,4,5,2,5,3,4,3.38,0,0,FALSE
Male,Loyal Customer,59,Business Travel,Business,3341,3,3,2,3,4,5,5,3,3,4,3,5,4,3.62,83,76,TRUE
Male,Loyal Customer,44,Business Travel,Eco,451,3,4,4,4,3,3,3,3,3,2,4,2,3,3.15,0,0,FALSE
Male,Loyal Customer,46,Business Travel,Eco,373,1,0,0,3,2,1,2,2,3,3,4,4,2,2.08,0,0,FALSE
Female,Loyal Customer,56,Business Travel,Business,3860,3,3,3,3,2,5,4,5,5,5,5,3,4,3.85,0,0,TRUE
Male,Disloyal Customer,39,Business Travel,Eco,177,2,2,2,3,2,2,2,2,4,5,3,4,2,2.69,9,22,FALSE
Female,Loyal Customer,59,Business Travel,Business,802,2,2,2,2,2,5,5,5,5,5,5,5,3,3.69,5,0,TRUE
Male,Loyal Customer,69,Personal Travel,Eco,669,2,3,2,3,5,2,5,5,1,1,3,4,5,3.15,3,0,FALSE
Male,Loyal Customer,43,Personal Travel,Eco,547,1,3,1,4,3,1,3,3,2,3,2,2,3,2.38,20,17,FALSE
Female,Loyal Customer,45,Business Travel,Eco,2409,2,4,1,1,3,2,3,2,2,2,2,1,3,2.15,0,0,FALSE
Male,Loyal Customer,15,Personal Travel,Eco,135,2,0,2,1,2,2,2,2,1,2,5,1,2,1.85,5,11,FALSE
Female,Loyal Customer,36,Business Travel,Business,2159,1,1,1,1,1,3,3,5,5,5,5,1,3,2.69,0,1,TRUE
Male,Loyal Customer,44,Business Travel,Business,3221,4,4,4,4,3,4,1,2,2,2,2,3,5,3.08,0,0,TRUE
Female,Loyal Customer,25,Personal Travel,Eco,1136,2,4,2,4,3,2,3,3,1,1,3,2,3,2.54,0,0,FALSE
Female,Loyal Customer,14,Personal Travel,Eco,1440,1,4,1,3,1,1,1,1,5,4,3,5,1,2.38,33,36,FALSE
Female,Loyal Customer,51,Business Travel,Business,224,2,2,2,2,2,5,5,4,4,4,4,5,5,3.54,12,0,TRUE
Female,Loyal Customer,9,Business Travel,Business,1547,2,2,2,2,5,5,5,5,5,5,4,3,5,3.85,0,0,TRUE
Male,Loyal Customer,27,Personal Travel,Eco,874,3,5,3,3,1,3,1,1,4,2,4,2,1,2.54,0,0,FALSE
Male,Loyal Customer,38,Personal Travel,Eco,508,1,4,1,3,3,1,3,3,4,5,4,5,3,3.08,29,35,FALSE
Female,Disloyal Customer,33,Business Travel,Eco,199,4,4,4,4,3,4,3,3,2,2,3,2,3,3.15,6,0,FALSE
Female,Loyal Customer,64,Business Travel,Business,3289,5,5,5,5,5,4,4,5,5,5,5,5,4,4.77,13,0,TRUE
Male,Loyal Customer,54,Personal Travel,Eco Plus,746,4,5,4,4,4,5,5,5,3,4,3,5,5,4.31,104,154,FALSE
Female,Loyal Customer,44,Business Travel,Business,601,5,5,5,5,5,5,5,5,5,5,5,4,3,4.77,0,0,TRUE
Male,Loyal Customer,38,Business Travel,Business,945,4,3,3,3,2,3,4,4,4,4,4,1,2,3.15,0,0,FALSE
Male,Loyal Customer,46,Personal Travel,Eco Plus,495,3,5,2,4,1,2,1,1,5,3,5,5,1,2.92,0,0,FALSE
Female,Loyal Customer,39,Business Travel,Business,2388,0,0,0,4,3,4,4,2,2,2,2,3,3,2.23,41,32,TRUE
Male,Loyal Customer,52,Business Travel,Business,370,5,5,5,5,5,5,5,5,5,5,5,3,4,4.77,20,18,TRUE
Male,Loyal Customer,46,Business Travel,Business,1035,4,4,4,4,5,5,5,4,4,4,4,3,5,4.23,0,0,TRUE
Female,Loyal Customer,27,Personal Travel,Eco Plus,1943,2,4,2,2,3,2,1,3,5,3,3,4,3,2.85,0,0,FALSE
Female,Loyal Customer,51,Business Travel,Business,1592,5,5,5,5,4,4,5,4,4,4,4,3,5,4.38,0,0,TRUE
Male,Loyal Customer,52,Business Travel,Business,2470,3,3,3,3,5,4,5,4,4,4,4,4,4,3.85,17,0,TRUE
Male,Loyal Customer,34,Business Travel,Business,3012,1,1,1,1,2,5,4,4,4,4,4,4,5,3.08,0,0,TRUE
Female,Loyal Customer,38,Business Travel,Business,2876,2,2,2,2,3,5,5,5,5,5,5,3,3,3.62,0,1,TRUE
Male,Loyal Customer,58,Personal Travel,Eco,907,4,4,4,5,2,4,2,2,5,4,5,5,2,3.69,0,0,FALSE
Female,Loyal Customer,36,Personal Travel,Eco,166,3,5,0,2,5,0,2,5,5,3,5,5,5,3.46,3,0,FALSE
Female,Loyal Customer,22,Business Travel,Eco Plus,1024,3,2,2,2,3,3,2,3,2,5,3,2,3,2.69,35,18,FALSE
Female,Loyal Customer,48,Business Travel,Business,2827,2,4,4,4,2,3,2,2,2,2,2,2,4,2.69,0,0,FALSE
Male,Loyal Customer,59,Business Travel,Business,3814,0,4,0,4,3,4,4,5,5,5,5,3,4,3.54,7,0,TRUE
Female,Loyal Customer,49,Business Travel,Business,1798,4,4,4,4,5,4,5,5,5,5,5,3,3,4.31,15,12,TRUE
Male,Loyal Customer,57,Business Travel,Business,2444,3,3,3,3,5,2,4,4,4,4,4,2,1,3.23,0,0,TRUE
Female,Loyal Customer,41,Business Travel,Business,846,4,4,2,4,3,4,4,4,4,4,4,4,3,3.69,1,0,TRUE
Male,Loyal Customer,47,Business Travel,Business,3388,4,4,4,4,4,3,3,5,5,5,3,3,1,3.69,21,21,TRUE
Female,Loyal Customer,40,Business Travel,Eco,678,4,4,4,4,4,4,4,4,2,5,3,2,4,3.69,29,16,FALSE
Female,Disloyal Customer,20,Business Travel,Eco,630,4,0,4,2,4,4,4,4,4,5,5,4,4,3.69,0,0,FALSE
Female,Loyal Customer,48,Business Travel,Business,1476,3,3,3,3,4,5,4,4,4,4,4,4,4,3.77,0,0,TRUE
Male,Loyal Customer,27,Personal Travel,Eco,236,4,4,4,3,4,4,4,4,4,5,4,4,4,4,0,0,TRUE
Female,Disloyal Customer,24,Business Travel,Business,1237,5,0,5,1,4,5,4,4,3,4,4,3,4,3.54,0,3,TRUE
Female,Loyal Customer,49,Personal Travel,Eco,721,3,4,3,4,1,4,2,2,2,3,5,3,5,3.15,0,0,FALSE
Male,Loyal Customer,36,Personal Travel,Eco,908,2,2,2,3,2,2,3,2,1,4,4,2,2,2.38,0,0,FALSE
Female,Disloyal Customer,27,Business Travel,Business,861,2,2,2,4,4,2,4,4,4,4,5,3,4,3.38,0,9,FALSE
Male,Loyal Customer,47,Business Travel,Business,522,5,5,5,5,5,2,1,3,3,4,3,1,4,3.54,26,40,TRUE
Female,Disloyal Customer,55,Business Travel,Eco,199,3,2,4,3,4,4,4,4,3,4,4,1,4,3.38,0,0,FALSE
Male,Loyal Customer,56,Business Travel,Business,277,3,3,3,3,3,3,3,3,3,3,3,4,3,3.08,0,0,FALSE
Female,Loyal Customer,58,Business Travel,Eco,612,2,4,4,4,3,4,3,2,2,2,2,2,4,2.92,29,20,FALSE
Female,Loyal Customer,42,Business Travel,Business,2709,1,1,1,1,4,5,4,1,1,2,1,4,3,2.23,0,0,TRUE
Female,Loyal Customer,68,Business Travel,Eco Plus,771,4,5,5,5,2,3,1,4,4,4,4,3,2,3.54,0,0,TRUE
Male,Loyal Customer,58,Business Travel,Business,337,3,3,2,3,2,5,4,5,5,5,5,3,3,3.69,0,0,TRUE
Female,Loyal Customer,35,Business Travel,Eco,1972,3,1,1,1,3,3,3,3,2,3,3,1,3,2.31,0,0,FALSE
Female,Loyal Customer,29,Business Travel,Eco,1542,0,0,0,3,2,0,2,2,4,4,4,4,2,2.08,7,0,TRUE
Female,Loyal Customer,46,Business Travel,Eco,488,4,2,5,2,4,1,4,4,4,4,4,2,5,3.46,0,0,TRUE
Female,Disloyal Customer,13,Business Travel,Eco,861,3,4,4,4,4,4,3,4,2,4,4,3,4,3.62,28,17,FALSE
Male,Loyal Customer,66,Business Travel,Business,432,2,1,2,2,1,1,4,4,4,5,4,1,2,2.54,13,2,TRUE
Male,Loyal Customer,33,Personal Travel,Eco,227,1,5,1,2,2,1,2,2,1,1,1,4,2,1.92,0,0,FALSE
Male,Loyal Customer,34,Business Travel,Business,552,2,1,1,1,5,3,4,2,2,2,2,1,4,2.31,12,12,FALSE
Male,Loyal Customer,47,Business Travel,Business,3696,2,2,2,2,4,4,5,5,5,5,5,3,4,3.69,0,0,TRUE
Male,Disloyal Customer,30,Business Travel,Eco,534,4,1,4,3,3,4,3,3,2,4,3,1,3,2.92,30,16,FALSE
Female,Loyal Customer,48,Personal Travel,Eco,591,4,1,4,1,3,1,1,2,2,4,2,1,1,2.08,1,0,FALSE
Female,Loyal Customer,33,Business Travel,Business,2413,1,5,5,5,4,3,3,1,1,1,1,2,2,2.62,0,9,FALSE
Male,Loyal Customer,59,Business Travel,Business,2658,1,1,1,1,3,4,4,4,4,4,4,5,3,3,0,0,TRUE
Male,Loyal Customer,12,Personal Travel,Eco,208,4,4,4,4,1,4,5,1,2,1,4,3,1,2.92,0,1,FALSE
Female,Disloyal Customer,60,Business Travel,Business,1346,3,3,3,1,1,3,1,1,5,5,5,4,1,2.77,0,0,FALSE
Male,Loyal Customer,15,Business Travel,Business,3770,3,4,4,4,3,3,3,3,2,3,3,4,3,3.23,0,0,FALSE
Female,Loyal Customer,42,Business Travel,Business,391,3,1,1,1,5,3,4,3,3,3,3,2,1,2.54,0,23,FALSE
Female,Loyal Customer,55,Personal Travel,Eco Plus,1050,4,3,3,1,4,2,4,1,1,3,1,5,4,2.77,29,24,FALSE
Male,Loyal Customer,54,Business Travel,Business,2374,5,5,5,5,5,4,5,5,5,4,5,4,4,4.69,85,85,TRUE
Female,Loyal Customer,26,Personal Travel,Eco,384,2,4,4,3,4,2,2,3,5,5,4,2,2,3.23,209,200,FALSE
Male,Loyal Customer,49,Business Travel,Business,1709,5,5,5,5,2,5,4,5,5,5,5,4,4,4.54,4,0,TRUE
Female,Loyal Customer,46,Business Travel,Business,1744,5,5,5,5,2,3,4,5,5,5,5,3,3,4.23,0,6,TRUE
Male,Loyal Customer,59,Personal Travel,Eco,986,2,4,2,5,3,2,3,3,5,5,5,4,3,3.54,0,0,FALSE
Female,Loyal Customer,31,Personal Travel,Eco,371,3,4,1,4,2,1,2,2,2,5,4,4,2,2.77,0,0,FALSE
Male,Loyal Customer,43,Business Travel,Business,2419,1,1,1,1,5,5,5,4,5,4,5,5,5,3.62,146,124,TRUE
Male,Loyal Customer,11,Personal Travel,Eco,536,5,4,5,2,3,5,3,3,3,5,4,5,3,3.85,0,0,TRUE
Female,Disloyal Customer,27,Business Travel,Eco,1721,3,3,3,1,2,3,5,2,1,1,5,2,2,2.54,1,0,FALSE
Male,Loyal Customer,53,Business Travel,Business,191,4,4,4,4,1,4,3,5,5,5,3,4,3,3.77,25,14,TRUE
Male,Disloyal Customer,25,Business Travel,Eco,1121,3,3,3,4,2,3,2,2,4,2,3,4,2,2.85,53,64,TRUE
Female,Loyal Customer,44,Business Travel,Eco Plus,975,3,5,5,5,3,3,3,2,2,3,2,4,4,3.38,0,0,FALSE
Male,Loyal Customer,45,Business Travel,Business,1855,4,4,4,4,2,3,5,5,5,5,5,5,3,4.15,0,14,TRUE
Male,Loyal Customer,36,Personal Travel,Eco,1026,1,4,1,2,1,1,1,1,4,2,5,4,1,2.15,0,0,FALSE
Female,Loyal Customer,31,Business Travel,Eco,1404,3,4,4,4,3,3,3,3,1,4,4,2,3,3.15,0,3,FALSE
Male,Loyal Customer,35,Business Travel,Eco,785,2,4,4,4,2,2,2,2,4,5,3,4,2,3.08,14,0,FALSE
Female,Loyal Customer,43,Business Travel,Eco,746,1,4,4,4,5,4,4,1,1,1,1,1,1,2.46,27,16,FALSE
Female,Loyal Customer,58,Business Travel,Business,354,2,2,2,2,1,4,3,2,2,2,2,2,1,2.08,0,0,FALSE
Female,Loyal Customer,44,Business Travel,Business,2694,5,5,5,5,4,5,4,5,5,5,5,3,3,4.54,28,25,TRUE
Female,Loyal Customer,17,Personal Travel,Eco,571,2,4,2,4,3,2,3,3,3,5,4,4,3,3.23,0,0,FALSE
Male,Disloyal Customer,19,Business Travel,Eco,576,2,4,2,3,4,2,4,4,1,1,4,3,4,2.92,0,11,FALSE
Female,Loyal Customer,40,Business Travel,Business,1675,4,4,4,4,4,2,5,5,5,5,3,3,2,3.85,0,0,TRUE
Male,Loyal Customer,53,Business Travel,Eco Plus,84,5,2,2,2,5,5,5,5,1,5,2,4,5,3.69,15,9,TRUE
Male,Disloyal Customer,9,Business Travel,Eco,1052,2,3,3,3,3,2,1,3,3,3,2,2,3,2.54,77,73,FALSE
Female,Disloyal Customer,18,Business Travel,Eco,522,4,0,4,2,4,4,1,4,3,2,2,2,4,2.77,0,0,FALSE
Female,Disloyal Customer,22,Business Travel,Eco Plus,174,3,0,3,5,3,5,5,2,1,2,1,5,5,3.08,316,326,FALSE
Male,Loyal Customer,38,Business Travel,Eco,436,5,2,2,2,5,5,5,5,3,2,5,4,5,3.85,0,0,TRUE
Female,Loyal Customer,54,Business Travel,Business,1802,1,1,1,1,2,5,5,5,5,5,5,5,3,3.38,0,0,TRUE
Male,Loyal Customer,42,Business Travel,Business,1697,1,1,4,1,4,5,4,5,5,5,5,5,5,3.85,11,6,TRUE
Male,Loyal Customer,22,Personal Travel,Eco,528,2,5,2,1,3,2,3,3,4,5,4,4,3,3.15,0,1,FALSE
Male,Loyal Customer,56,Business Travel,Eco Plus,325,2,5,5,5,2,2,2,2,4,1,4,4,2,3.08,0,0,FALSE
Male,Loyal Customer,31,Business Travel,Business,2556,3,3,3,3,5,5,5,5,5,2,5,3,5,4,0,0,TRUE
Female,Loyal Customer,39,Business Travel,Business,1598,2,2,2,2,2,5,4,4,4,4,4,5,4,3.38,0,0,TRUE
Male,Loyal Customer,37,Business Travel,Eco Plus,801,4,4,2,4,4,4,4,4,2,1,1,1,4,3,4,0,TRUE
Female,Loyal Customer,47,Business Travel,Business,1197,5,5,5,5,3,4,4,5,5,5,5,3,5,4.54,0,0,TRUE
Male,Loyal Customer,48,Business Travel,Business,1734,3,4,4,4,1,4,3,3,3,3,3,1,3,3,1,0,FALSE
Female,Loyal Customer,45,Personal Travel,Eco,581,2,5,2,1,5,4,5,2,2,2,4,3,4,3.15,92,102,FALSE
Female,Loyal Customer,20,Business Travel,Business,2860,5,3,5,5,2,2,2,2,4,3,4,3,2,3.23,0,0,TRUE
Male,Loyal Customer,31,Personal Travel,Business,2254,2,4,3,4,3,4,4,5,2,5,4,4,4,3.69,31,39,FALSE
Female,Loyal Customer,52,Business Travel,Business,2762,1,1,1,1,5,5,5,2,2,4,4,5,5,3.15,0,0,TRUE
Male,Loyal Customer,59,Personal Travel,Eco Plus,2701,3,5,3,2,1,3,1,1,4,4,5,5,1,2.92,0,0,FALSE
Female,Loyal Customer,63,Personal Travel,Eco,315,2,2,2,2,5,1,2,4,4,2,4,3,1,2.62,85,89,FALSE
Female,Disloyal Customer,54,Business Travel,Business,108,2,2,2,5,1,2,1,1,3,5,4,3,1,2.46,0,2,FALSE
Male,Loyal Customer,46,Business Travel,Business,1837,5,5,5,5,2,4,5,4,4,4,4,3,4,4.15,1,14,TRUE
Male,Loyal Customer,39,Business Travel,Business,2249,1,1,1,1,1,2,2,1,1,1,1,2,2,1.31,26,30,FALSE
Male,Loyal Customer,18,Personal Travel,Eco,2475,3,3,3,2,3,3,3,4,4,3,2,3,3,3,6,0,FALSE
Female,Loyal Customer,57,Business Travel,Business,2170,1,1,1,1,4,5,5,5,5,5,5,3,4,3.46,0,0,TRUE
Male,Loyal Customer,64,Personal Travel,Eco,772,3,5,3,2,3,3,3,3,5,3,5,5,3,3.54,0,0,FALSE
Female,Loyal Customer,47,Personal Travel,Eco,255,5,4,5,3,3,4,4,5,5,5,5,3,3,4.15,10,2,TRUE
Female,Loyal Customer,35,Personal Travel,Eco Plus,2149,1,4,1,3,4,1,4,4,5,2,3,5,4,3.15,1,0,FALSE
Male,Loyal Customer,40,Business Travel,Business,1256,4,4,4,4,2,5,5,4,4,4,4,3,5,4,6,17,TRUE
Female,Loyal Customer,41,Business Travel,Business,2277,5,5,5,5,5,5,5,4,4,4,4,4,4,4.54,0,0,TRUE
Male,Loyal Customer,43,Business Travel,Business,1670,2,2,2,2,5,5,4,4,4,4,4,5,3,3.54,0,7,TRUE
Male,Loyal Customer,28,Personal Travel,Eco Plus,502,2,5,2,3,5,2,2,5,5,5,4,3,5,3.69,0,0,FALSE
Male,Disloyal Customer,33,Business Travel,Eco,1392,3,3,3,3,3,5,5,3,3,3,4,5,5,3.69,184,179,FALSE
Male,Loyal Customer,36,Business Travel,Business,1534,5,1,5,5,2,5,5,5,5,5,5,4,5,4.38,11,19,TRUE
Male,Loyal Customer,48,Business Travel,Business,975,2,2,2,2,1,4,3,2,2,2,2,2,3,2.23,0,0,TRUE
Female,Disloyal Customer,21,Business Travel,Eco,612,2,2,2,3,1,2,1,1,4,2,3,2,1,2,0,0,FALSE
Female,Loyal Customer,36,Personal Travel,Eco,842,4,5,4,1,1,4,1,1,5,3,4,5,1,3,0,0,FALSE
Female,Disloyal Customer,22,Business Travel,Eco,202,2,0,2,3,1,2,1,1,4,5,4,4,1,2.31,0,0,FALSE
Male,Loyal Customer,48,Business Travel,Business,236,2,3,2,2,2,2,5,5,5,5,5,3,2,3.31,0,11,TRUE
Male,Loyal Customer,37,Business Travel,Eco Plus,551,5,4,4,4,5,5,5,5,1,2,3,4,5,4,0,0,TRUE
Male,Disloyal Customer,65,Business Travel,Business,369,4,4,4,4,1,4,1,1,3,2,5,4,1,2.92,0,0,TRUE
Male,Loyal Customer,25,Personal Travel,Eco,722,5,3,5,4,4,5,4,4,2,2,5,1,4,3.69,0,0,TRUE
Male,Loyal Customer,8,Personal Travel,Eco,102,3,4,0,1,2,0,2,2,4,3,4,3,2,2.31,16,18,FALSE
Male,Loyal Customer,47,Business Travel,Business,1449,4,5,5,5,3,3,3,4,4,4,4,3,4,3.92,30,16,FALSE
Male,Disloyal Customer,27,Business Travel,Eco,719,2,2,2,2,4,2,4,4,1,3,3,2,4,2.69,100,,FALSE
Female,Loyal Customer,32,Business Travel,Eco,1145,2,2,2,2,2,2,2,2,2,5,4,2,2,2.38,0,0,FALSE
Female,Loyal Customer,39,Business Travel,Eco,234,2,2,2,2,2,2,2,2,4,1,4,4,2,2.38,0,0,FALSE
Male,Disloyal Customer,22,Business Travel,Business,589,0,0,0,3,4,0,4,4,3,5,4,5,4,2.77,0,0,TRUE
Male,Disloyal Customer,24,Business Travel,Eco,373,3,0,3,2,1,3,5,1,3,5,3,5,1,2.69,0,0,FALSE
Male,Loyal Customer,14,Personal Travel,Eco,583,2,2,2,4,4,2,4,4,1,1,4,1,4,2.69,0,0,FALSE
Male,Loyal Customer,59,Business Travel,Business,2531,3,3,3,3,2,5,4,5,5,5,5,3,5,3.92,0,0,TRUE
Female,Loyal Customer,45,Business Travel,Business,3503,5,5,3,5,3,5,5,3,3,3,3,3,4,3.85,22,17,TRUE
Male,Loyal Customer,29,Personal Travel,Eco,620,1,4,1,4,3,1,3,3,3,3,4,5,3,2.92,0,0,FALSE
Male,Loyal Customer,23,Business Travel,Business,1597,1,5,5,5,1,1,1,1,4,5,3,2,1,2.69,0,0,FALSE
Male,Loyal Customer,53,Business Travel,Business,931,1,1,1,1,3,5,5,4,4,4,4,3,4,3.08,0,0,TRUE
Male,Loyal Customer,48,Personal Travel,Eco,641,4,5,4,4,5,4,4,5,4,2,4,5,5,4.23,0,0,TRUE
Female,Loyal Customer,52,Business Travel,Eco Plus,792,1,5,5,5,1,3,4,1,1,1,1,1,4,2.54,0,0,FALSE
Female,Loyal Customer,34,Business Travel,Business,2836,1,1,1,1,2,4,4,4,4,4,4,3,5,2.92,0,0,TRUE
Male,Loyal Customer,46,Business Travel,Business,1598,1,3,3,3,1,2,4,1,1,1,1,2,2,1.92,45,47,FALSE
Female,Loyal Customer,22,Personal Travel,Eco,332,1,3,1,3,2,1,2,2,1,5,4,4,2,2.38,10,3,FALSE
Female,Loyal Customer,32,Personal Travel,Eco,1235,3,5,3,3,1,3,1,1,1,2,4,2,1,2.31,0,0,FALSE
Female,Disloyal Customer,36,Business Travel,Business,1072,4,4,4,5,2,4,2,2,4,4,4,4,2,3.46,62,39,FALSE
Male,Loyal Customer,59,Business Travel,Eco,883,3,3,4,3,3,3,3,3,2,5,3,3,3,3.15,19,10,FALSE
Male,Loyal Customer,34,Business Travel,Business,1789,5,5,5,5,4,5,4,3,3,3,3,4,5,4.15,0,0,TRUE
Male,Loyal Customer,42,Business Travel,Business,3609,2,2,2,2,5,5,5,5,5,5,5,5,5,4.08,0,0,TRUE
Male,Loyal Customer,21,Business Travel,Eco,571,1,5,5,5,1,1,2,1,4,4,4,2,1,2.77,23,15,FALSE
Female,Loyal Customer,45,Business Travel,Business,3590,1,3,2,2,1,3,4,1,1,1,1,1,2,1.77,0,7,FALSE
Male,Loyal Customer,51,Business Travel,Eco,143,4,3,3,3,4,4,4,4,5,3,3,3,4,3.62,0,0,TRUE
Male,Loyal Customer,57,Personal Travel,Eco,1119,2,4,2,4,4,2,3,4,3,3,4,4,4,3.31,68,51,FALSE
Female,Loyal Customer,47,Business Travel,Business,1860,2,2,2,2,5,4,5,4,4,4,5,4,4,3.62,0,0,TRUE
Female,Loyal Customer,49,Business Travel,Eco,563,2,5,5,5,4,1,4,2,2,2,2,1,4,3,0,0,TRUE
Male,Loyal Customer,46,Business Travel,Eco Plus,199,3,5,5,5,3,3,3,3,3,3,3,2,3,3.38,0,0,FALSE
Female,Loyal Customer,17,Personal Travel,Eco,209,4,1,0,2,2,0,2,2,2,2,2,2,2,1.77,0,0,TRUE
Female,Disloyal Customer,22,Business Travel,Eco,551,1,0,1,2,5,1,5,5,3,5,5,3,5,3.15,0,0,FALSE
Male,Loyal Customer,20,Personal Travel,Eco,1514,5,5,5,2,3,5,3,3,5,3,3,5,3,3.85,0,0,TRUE
Female,Loyal Customer,35,Business Travel,Business,438,1,1,1,1,2,1,5,5,5,5,5,4,3,3,0,0,TRUE
Female,Loyal Customer,56,Business Travel,Business,325,5,5,5,5,3,5,5,5,5,5,5,5,4,4.77,0,0,TRUE
Male,Loyal Customer,25,Personal Travel,Eco,214,3,0,0,5,2,0,2,2,3,4,4,5,2,2.46,0,0,FALSE
Female,Disloyal Customer,23,Business Travel,Eco,201,2,3,3,3,2,3,2,2,3,1,3,1,2,2.31,28,26,FALSE
Female,Disloyal Customer,85,Business Travel,Business,899,2,2,2,4,2,3,3,2,3,4,4,3,3,2.85,0,0,FALSE
Female,Loyal Customer,48,Business Travel,Business,639,4,4,4,4,4,4,4,4,2,5,5,4,4,4,137,158,TRUE
Female,Disloyal Customer,23,Business Travel,Eco,337,2,0,2,2,5,2,5,5,5,2,4,4,5,3.31,0,0,FALSE
Female,Disloyal Customer,24,Business Travel,Eco,862,5,5,5,1,5,3,3,3,1,4,5,3,3,3.54,181,180,TRUE
Male,Loyal Customer,58,Business Travel,Business,419,3,3,5,3,3,4,5,4,4,4,4,5,4,3.92,75,70,TRUE
Female,Loyal Customer,39,Personal Travel,Eco,872,3,0,3,1,1,3,1,1,3,4,4,4,1,2.23,0,0,FALSE
Male,Disloyal Customer,24,Business Travel,Eco,462,5,0,5,1,2,5,2,2,3,4,5,4,2,3.08,4,1,TRUE
Male,Loyal Customer,46,Personal Travel,Eco,647,3,3,3,2,2,3,2,2,3,2,5,2,2,2.62,32,12,FALSE
Male,Loyal Customer,50,Business Travel,Eco,991,3,4,4,4,3,3,3,3,3,1,3,4,3,3.15,116,114,FALSE
Male,Loyal Customer,60,Business Travel,Business,192,3,3,4,3,4,1,2,5,5,5,5,5,4,3.77,61,40,TRUE
Male,Loyal Customer,55,Business Travel,Business,3249,3,4,4,4,4,2,2,3,3,3,3,1,1,2.85,74,116,FALSE
Female,Loyal Customer,52,Business Travel,Business,3598,5,5,5,5,4,4,4,5,5,5,5,5,5,4.77,0,0,TRUE
Male,Loyal Customer,41,Business Travel,Business,290,1,1,1,1,5,4,4,5,5,5,5,3,4,3.38,0,14,TRUE
Female,Disloyal Customer,40,Personal Travel,Eco,2486,1,4,1,4,1,3,4,1,3,3,3,4,4,2.77,0,5,FALSE
Male,Loyal Customer,57,Personal Travel,Eco,2342,3,2,3,2,3,3,4,3,2,1,2,2,3,2.54,4,0,FALSE
Female,Disloyal Customer,22,Business Travel,Business,237,4,0,4,1,2,4,2,2,4,4,4,5,2,2.92,0,0,TRUE
Female,Loyal Customer,43,Personal Travel,Eco,157,2,5,2,3,2,1,1,3,3,4,4,1,1,2.46,160,175,FALSE
Female,Loyal Customer,37,Business Travel,Business,1055,1,1,1,1,4,4,4,5,5,5,5,5,4,3.46,0,0,TRUE
Female,Loyal Customer,30,Business Travel,Business,135,4,4,4,4,4,4,5,4,5,4,4,5,4,4.23,0,0,TRUE
Female,Loyal Customer,19,Personal Travel,Eco,846,0,5,0,2,3,0,3,3,5,4,5,4,3,2.85,15,17,TRUE
Female,Loyal Customer,32,Business Travel,Business,1587,2,2,2,2,5,5,5,5,4,2,2,3,5,3.38,0,0,TRUE
Male,Disloyal Customer,48,Business Travel,Business,719,3,3,3,4,5,3,5,5,3,5,4,3,5,3.92,9,0,TRUE
Male,Loyal Customer,68,Personal Travel,Eco,258,4,3,0,3,2,0,2,2,2,5,3,2,2,2.31,21,11,FALSE
Female,Loyal Customer,23,Personal Travel,Eco,721,2,1,2,4,2,3,3,4,1,3,4,3,3,2.69,254,239,FALSE
Female,Loyal Customer,58,Personal Travel,Eco,951,2,2,2,3,3,2,3,1,1,2,5,2,3,2.38,0,0,FALSE
Male,Loyal Customer,24,Personal Travel,Eco,481,4,3,4,4,3,4,3,3,2,2,4,4,3,3.31,0,0,FALSE
Male,Loyal Customer,44,Business Travel,Business,2444,4,4,4,4,5,4,3,4,4,4,4,4,1,3.77,0,4,FALSE
Male,Loyal Customer,61,Business Travel,Business,2717,1,2,2,2,5,3,4,1,1,1,1,4,3,2.31,0,0,FALSE
Male,Loyal Customer,41,Business Travel,Business,3239,4,4,4,4,5,5,4,4,4,4,4,4,3,4.08,0,0,TRUE
Female,Loyal Customer,35,Business Travel,Business,3235,4,4,4,4,3,4,4,4,4,4,4,4,3,3.85,0,0,TRUE
Female,Loyal Customer,60,Personal Travel,Eco,986,4,4,4,3,3,5,4,3,3,4,3,4,4,3.69,10,4,TRUE
Female,Disloyal Customer,45,Business Travel,Business,585,3,3,3,4,1,3,1,1,3,4,5,5,1,2.85,0,0,FALSE
Male,Loyal Customer,50,Personal Travel,Eco,153,4,4,4,3,5,4,5,5,3,4,1,2,5,3.77,0,0,FALSE
Male,Disloyal Customer,23,Business Travel,Business,605,5,0,5,4,2,5,2,2,3,2,5,4,2,3.15,0,1,TRUE
Female,Loyal Customer,51,Business Travel,Business,2646,1,1,1,1,3,5,5,4,4,4,4,5,5,3.31,0,0,TRUE
Female,Disloyal Customer,37,Business Travel,Business,226,2,2,2,3,5,2,5,5,3,4,5,5,5,3.69,0,0,FALSE
Female,Loyal Customer,72,Business Travel,Business,2303,1,1,2,2,3,3,2,1,1,1,1,2,1,1.62,9,3,FALSE
Male,Disloyal Customer,59,Business Travel,Business,308,2,3,3,3,1,2,1,1,5,4,5,4,1,2.69,9,12,FALSE
Male,Loyal Customer,60,Business Travel,Business,587,4,4,4,4,2,5,4,3,3,3,3,3,3,3.46,9,8,TRUE
Male,Loyal Customer,16,Personal Travel,Eco,255,3,3,0,3,5,0,5,5,1,5,2,1,5,2.92,0,0,FALSE
Male,Loyal Customer,36,Personal Travel,Eco,602,3,4,3,2,1,3,1,1,4,5,4,4,1,2.77,2,2,FALSE
Female,Loyal Customer,25,Personal Travel,Eco,1773,3,5,2,5,5,2,5,5,4,5,3,5,5,4.15,3,0,FALSE
Male,Loyal Customer,10,Personal Travel,Eco,484,1,5,1,2,3,1,1,3,4,2,5,5,3,2.77,0,0,FALSE
Male,Loyal Customer,62,Business Travel,Business,1482,3,4,4,4,4,3,3,3,3,3,3,1,4,3.23,2,0,FALSE
Female,Loyal Customer,59,Business Travel,Business,2499,1,1,3,1,4,5,4,4,4,4,4,4,5,3.38,0,0,TRUE
Male,Loyal Customer,47,Personal Travel,Eco,446,3,5,4,3,2,4,2,2,5,2,5,3,2,3.23,0,0,FALSE
Male,Loyal Customer,32,Business Travel,Business,3456,5,5,5,5,4,4,4,4,5,2,5,4,4,4.31,5,0,TRUE
Female,Loyal Customer,47,Business Travel,Eco,728,1,1,1,1,4,4,4,1,1,1,1,1,2,1.77,2,41,FALSE
Female,Disloyal Customer,21,Business Travel,Eco,201,2,0,2,5,3,2,3,3,1,4,5,1,3,2.62,0,0,FALSE
Female,Disloyal Customer,28,Business Travel,Business,1462,4,4,4,4,2,4,2,2,4,3,4,5,2,3.38,0,0,TRUE
Male,Loyal Customer,41,Business Travel,Eco,679,1,3,3,3,1,1,1,4,2,3,4,1,1,2.15,115,185,FALSE
Male,Disloyal Customer,23,Business Travel,Eco,337,2,4,2,2,3,2,3,3,2,4,3,2,3,2.69,0,0,FALSE
Female,Loyal Customer,61,Business Travel,Business,1056,3,3,3,3,2,5,3,5,5,5,5,3,3,3.69,0,0,TRUE
Female,Loyal Customer,35,Business Travel,Eco,570,2,2,2,2,2,2,2,2,1,3,4,3,2,2.23,2,0,FALSE
Female,Loyal Customer,56,Business Travel,Business,2871,2,3,3,3,1,4,3,3,3,3,2,4,3,2.85,1,0,FALSE
Male,Loyal Customer,74,Business Travel,Eco Plus,190,1,3,3,3,1,1,1,1,2,1,4,3,1,1.92,0,0,FALSE
Male,Loyal Customer,32,Personal Travel,Eco,598,2,3,2,4,2,2,2,2,1,4,2,1,2,2.23,0,2,FALSE
Female,Loyal Customer,26,Personal Travel,Eco,785,1,5,1,5,1,1,5,1,5,3,4,4,1,2.85,32,39,FALSE
Male,Loyal Customer,40,Business Travel,Eco Plus,573,2,4,4,4,2,3,2,2,2,1,4,2,2,2.62,0,0,FALSE
Female,Loyal Customer,49,Business Travel,Business,3942,0,0,0,3,2,5,5,2,2,2,2,5,5,2.54,4,0,TRUE
Male,Loyal Customer,45,Business Travel,Business,3806,3,3,3,3,2,4,4,4,4,4,4,3,4,3.46,0,0,TRUE
Female,Loyal Customer,56,Business Travel,Business,1089,5,3,5,5,3,4,5,4,4,4,4,3,4,4.08,2,0,TRUE
Male,Loyal Customer,54,Personal Travel,Eco,577,2,5,1,4,3,1,3,3,4,2,5,4,3,3.08,12,0,FALSE
Female,Loyal Customer,38,Business Travel,Business,2787,4,4,1,4,4,5,4,4,4,4,4,5,4,3.92,2,3,TRUE
Male,Loyal Customer,67,Personal Travel,Eco,731,2,4,1,3,5,1,5,5,1,1,3,3,5,3,0,3,FALSE
Male,Loyal Customer,61,Personal Travel,Eco,1609,3,4,3,3,1,3,1,1,5,3,5,4,1,2.85,0,0,FALSE
Male,Loyal Customer,44,Personal Travel,Eco,859,2,5,2,2,4,2,4,4,3,4,5,5,4,3.54,3,0,FALSE
Female,Loyal Customer,9,Personal Travel,Eco Plus,271,4,3,4,4,2,4,2,2,4,2,4,1,2,2.92,0,0,FALSE
Female,Loyal Customer,65,Personal Travel,Eco,919,5,5,4,1,5,5,4,3,3,4,3,3,4,3.77,0,0,TRUE
Female,Loyal Customer,52,Business Travel,Business,484,1,4,4,4,5,3,2,1,1,1,1,3,3,2.54,65,64,FALSE
Male,Disloyal Customer,22,Business Travel,Eco,462,3,1,4,2,1,4,1,1,1,1,3,3,1,2,35,30,FALSE
Male,Loyal Customer,68,Business Travel,Business,3215,3,3,3,3,5,4,4,4,4,4,4,3,5,3.77,0,0,TRUE
Female,Disloyal Customer,28,Business Travel,Business,551,5,5,5,5,4,5,4,4,3,5,4,4,4,4.38,45,38,TRUE
Male,Loyal Customer,42,Business Travel,Business,2346,2,2,2,2,2,4,5,4,4,4,4,3,5,3.31,0,28,TRUE
Male,Loyal Customer,43,Business Travel,Eco,583,2,4,4,4,2,2,2,2,3,4,3,1,2,2.69,0,0,FALSE
Female,Loyal Customer,24,Personal Travel,Eco,667,2,5,2,3,5,2,5,5,4,2,4,4,5,3.69,10,12,FALSE
Female,Loyal Customer,49,Business Travel,Business,3240,1,5,5,5,3,3,3,1,1,1,1,1,2,2.46,0,15,FALSE
Female,Loyal Customer,34,Business Travel,Business,2586,1,5,5,5,2,3,4,1,1,1,1,2,1,2.46,4,13,FALSE
Female,Disloyal Customer,42,Business Travel,Eco,250,1,2,1,2,5,1,5,5,1,3,2,1,5,2.62,39,22,FALSE
Male,Loyal Customer,49,Personal Travel,Eco,562,3,4,3,1,2,3,2,2,5,1,3,3,2,2.62,0,0,FALSE
Female,Disloyal Customer,26,Business Travel,Business,1587,0,0,0,3,2,4,2,2,4,4,3,5,2,2.38,0,0,TRUE
Female,Loyal Customer,16,Personal Travel,Eco,610,3,5,3,4,3,3,3,3,4,2,4,3,3,3.31,5,0,FALSE
Female,Loyal Customer,15,Business Travel,Business,200,2,3,3,3,1,2,2,1,1,5,3,2,1,2.23,0,0,FALSE
Male,Loyal Customer,46,Business Travel,Eco,1185,3,1,1,1,3,4,4,1,1,3,3,4,4,2.54,236,229,FALSE
Female,Disloyal Customer,32,Business Travel,Business,416,4,4,4,2,3,4,3,3,4,3,4,3,3,3.38,0,7,FALSE
Female,Loyal Customer,42,Business Travel,Business,4502,4,4,4,4,5,5,5,3,3,3,5,5,5,4.23,0,0,TRUE
Female,Loyal Customer,40,Business Travel,Business,2475,5,5,5,5,4,5,4,5,5,5,5,3,5,4.69,41,63,TRUE
Female,Loyal Customer,35,Business Travel,Eco,1428,2,5,3,3,2,3,2,2,3,2,3,4,2,2.77,0,0,FALSE
Female,Loyal Customer,55,Personal Travel,Eco,1034,2,4,2,2,5,5,5,3,3,2,1,5,5,3.38,0,9,FALSE
Female,Loyal Customer,54,Business Travel,Business,1773,5,5,2,5,4,3,4,4,4,5,4,4,5,4.15,1,0,TRUE
Male,Loyal Customer,47,Business Travel,Business,1855,1,1,5,1,3,3,5,4,4,5,4,5,3,3.38,0,0,TRUE
Female,Loyal Customer,46,Business Travel,Business,307,2,2,2,2,3,5,5,5,5,5,5,4,3,3.69,2,0,TRUE
Female,Loyal Customer,40,Personal Travel,Eco Plus,1129,3,5,3,4,2,3,2,2,3,2,3,3,2,2.85,0,1,FALSE
Female,Loyal Customer,58,Business Travel,Business,2342,3,3,4,3,2,3,4,5,5,5,5,3,4,3.77,0,0,TRUE
Male,Loyal Customer,54,Business Travel,Business,2889,2,5,5,5,1,4,4,2,2,2,2,1,4,3,12,6,FALSE
Male,Loyal Customer,70,Business Travel,Business,328,1,4,4,4,1,4,4,1,1,1,1,1,4,2.38,92,87,FALSE
Male,Loyal Customer,36,Business Travel,Eco,236,5,5,3,5,5,5,5,5,5,2,1,5,5,4.31,0,0,TRUE
Female,Loyal Customer,39,Business Travel,Eco,261,4,1,1,1,4,4,4,4,2,3,3,1,4,2.77,0,0,FALSE
Female,Loyal Customer,26,Personal Travel,Eco,580,2,4,2,4,5,2,5,5,3,3,3,3,5,3.54,11,0,FALSE
Female,Loyal Customer,13,Personal Travel,Eco,689,1,5,1,1,4,1,2,4,5,4,5,3,4,3.08,0,0,FALSE
Male,Disloyal Customer,38,Business Travel,Eco,615,1,4,1,1,1,4,4,3,1,5,2,4,4,2.69,139,109,FALSE
Male,Loyal Customer,29,Personal Travel,Eco Plus,1671,3,3,2,4,1,2,1,1,4,1,4,2,1,2.23,99,,FALSE
Female,Loyal Customer,29,Business Travel,Business,561,3,3,1,3,4,4,4,4,4,4,5,3,4,3.54,79,93,TRUE
Male,Loyal Customer,35,Personal Travel,Eco,599,2,0,2,4,2,2,2,2,1,2,3,4,2,2.15,0,0,FALSE
Female,Loyal Customer,64,Personal Travel,Eco,978,4,4,4,2,3,4,4,4,4,4,4,4,3,3.69,26,17,FALSE
Female,Loyal Customer,22,Business Travel,Business,2677,1,5,5,5,1,1,1,1,4,3,2,4,1,2.62,21,0,FALSE
Female,Loyal Customer,24,Business Travel,Business,2502,2,5,5,5,2,2,2,2,1,4,4,1,2,2.85,0,0,FALSE
Female,Loyal Customer,60,Business Travel,Business,1180,4,4,4,4,4,4,4,3,3,3,3,4,5,3.77,15,11,TRUE
Female,Disloyal Customer,40,Business Travel,Business,402,3,3,3,3,1,3,1,1,3,2,5,5,1,2.62,28,35,FALSE
Male,Loyal Customer,42,Business Travel,Eco,873,5,3,3,3,5,5,5,5,4,1,5,2,5,3.92,0,0,TRUE
Male,Disloyal Customer,32,Business Travel,Eco,170,2,0,2,2,2,2,2,2,1,2,2,1,2,1.69,30,15,FALSE
Male,Loyal Customer,22,Business Travel,Business,1416,5,5,5,5,5,5,5,5,4,4,2,3,5,4.46,64,51,TRUE
Female,Loyal Customer,46,Business Travel,Business,2165,2,2,4,2,2,4,4,3,3,4,3,4,3,3.08,0,0,TRUE
Female,Loyal Customer,22,Business Travel,Business,1999,3,4,4,4,3,2,3,3,3,3,4,3,3,3.23,15,17,FALSE
Female,Loyal Customer,52,Personal Travel,Eco,1660,4,4,4,2,2,4,5,5,5,4,5,3,5,4,0,15,FALSE
Male,Loyal Customer,44,Business Travel,Business,1416,3,3,3,3,3,5,5,4,4,4,4,5,3,3.77,5,12,TRUE
Male,Loyal Customer,51,Business Travel,Business,3627,2,2,2,2,2,5,5,4,4,4,4,4,3,3.31,0,0,TRUE
Male,Loyal Customer,63,Personal Travel,Eco,671,2,5,2,3,3,2,3,3,4,5,3,4,3,3.23,0,0,FALSE
Female,Loyal Customer,45,Personal Travel,Eco,544,4,4,4,4,5,1,5,1,1,4,1,4,3,3.15,0,20,FALSE
Female,Loyal Customer,51,Personal Travel,Eco,928,1,4,1,3,2,4,2,3,3,1,4,1,1,2.31,42,33,FALSE
Female,Loyal Customer,48,Business Travel,Business,250,3,3,3,3,1,2,3,3,3,3,3,3,4,2.85,46,52,FALSE
Male,Disloyal Customer,34,Business Travel,Eco,409,4,1,4,3,3,4,1,3,3,3,3,4,3,3,0,50,FALSE
Female,Loyal Customer,35,Business Travel,Business,3579,2,2,2,2,2,4,4,5,5,5,5,4,5,3.62,70,57,TRUE
Female,Loyal Customer,45,Business Travel,Eco,447,2,3,3,3,5,3,4,2,2,2,2,2,1,2.62,3,0,FALSE
Female,Loyal Customer,44,Business Travel,Business,3708,3,3,3,3,4,4,4,3,4,5,4,4,4,3.69,192,193,TRUE
Female,Loyal Customer,29,Business Travel,Business,1481,4,1,4,4,3,3,3,3,4,4,4,4,3,3.38,13,10,TRUE
Male,Loyal Customer,45,Business Travel,Business,1722,3,3,5,3,2,5,5,4,4,4,4,3,4,3.77,74,60,TRUE
Female,Loyal Customer,51,Business Travel,Business,1172,4,4,3,4,4,4,5,4,4,4,4,5,5,4.15,0,0,TRUE
Female,Loyal Customer,31,Business Travel,Business,1614,4,4,4,4,4,4,4,4,4,2,3,2,4,3.62,0,0,FALSE
Male,Loyal Customer,16,Personal Travel,Eco,936,2,1,2,4,4,2,3,4,1,5,4,2,4,2.92,0,0,FALSE
Female,Loyal Customer,60,Business Travel,Business,1754,2,2,2,2,3,2,2,5,5,4,4,2,2,2.85,137,157,TRUE
Female,Disloyal Customer,37,Business Travel,Business,587,5,5,5,2,4,5,4,4,3,5,4,5,4,4.23,90,88,TRUE
Female,Loyal Customer,25,Business Travel,Business,1762,1,1,1,1,1,1,1,1,1,2,4,1,1,1.31,0,0,FALSE
Female,Loyal Customer,36,Business Travel,Eco Plus,237,5,5,5,5,5,5,5,5,3,1,5,4,5,4.46,25,9,TRUE
Male,Loyal Customer,41,Business Travel,Business,731,4,4,4,4,3,5,5,5,5,5,5,3,3,4.23,7,0,TRUE
Female,Loyal Customer,7,Personal Travel,Eco Plus,1089,2,3,2,2,5,2,5,5,1,3,2,1,5,2.92,0,0,FALSE
Female,Loyal Customer,41,Business Travel,Business,725,1,1,1,1,4,4,4,4,4,4,4,5,5,3.23,12,0,TRUE
Female,Disloyal Customer,20,Business Travel,Eco,457,1,2,1,4,5,1,5,5,1,5,4,4,5,3.31,0,9,FALSE
Female,Loyal Customer,62,Personal Travel,Eco,1313,2,4,2,1,2,4,5,5,5,2,5,4,4,3.46,0,9,FALSE
Male,Loyal Customer,58,Personal Travel,Eco Plus,663,2,5,2,2,4,2,4,4,5,3,5,4,4,3.54,41,28,FALSE
Female,Loyal Customer,41,Business Travel,Business,2897,1,1,1,1,2,5,4,5,5,5,5,5,4,3.38,0,0,TRUE
Female,Disloyal Customer,37,Business Travel,Eco,668,1,3,1,4,2,1,2,2,1,1,3,1,2,1.85,0,0,FALSE
Male,Loyal Customer,54,Business Travel,Business,2423,3,3,3,3,4,4,5,4,4,4,4,3,3,3.62,106,104,TRUE
Male,Loyal Customer,52,Business Travel,Eco,461,2,2,3,3,2,2,2,2,2,4,3,4,2,2.54,60,58,FALSE
Male,Disloyal Customer,41,Business Travel,Eco,641,2,0,2,4,2,2,5,2,2,1,5,4,2,2.54,0,0,FALSE
Male,Disloyal Customer,42,Business Travel,Business,335,4,4,4,1,5,4,5,5,4,3,4,5,5,4.08,0,0,FALSE
Male,Loyal Customer,39,Business Travel,Business,2486,2,2,2,2,1,1,5,3,3,4,3,1,3,2.46,2,0,TRUE
Female,Loyal Customer,44,Personal Travel,Eco,174,3,5,3,5,5,3,5,3,3,3,3,2,4,3.62,0,0,FALSE
Female,Disloyal Customer,22,Business Travel,Eco,1370,4,3,3,3,3,4,3,3,4,5,4,5,3,3.62,13,0,FALSE
Male,Loyal Customer,45,Personal Travel,Eco,602,1,3,1,2,2,1,2,2,3,2,2,1,2,1.85,0,1,FALSE
Male,Disloyal Customer,39,Business Travel,Eco,301,4,4,4,1,1,4,1,1,5,1,3,4,1,2.62,18,18,TRUE
Female,Loyal Customer,17,Personal Travel,Eco Plus,852,2,2,1,4,3,1,3,3,4,3,4,1,3,2.62,0,0,FALSE
Female,Disloyal Customer,49,Business Travel,Business,1107,4,3,3,2,5,4,5,5,3,5,5,5,5,4.15,0,0,TRUE
Male,Loyal Customer,39,Business Travel,Business,822,5,5,5,5,5,4,4,4,4,4,4,5,3,4.38,0,0,TRUE
Female,Loyal Customer,10,Personal Travel,Eco,1454,2,2,2,2,5,2,5,5,4,3,2,2,5,3.15,0,0,FALSE
Male,Loyal Customer,43,Business Travel,Business,3473,3,3,3,3,3,5,4,3,3,4,3,5,4,3.54,0,0,TRUE
Male,Loyal Customer,41,Personal Travel,Eco,1947,3,2,3,3,2,3,5,2,3,5,2,1,2,2.77,9,0,FALSE
Male,Loyal Customer,49,Business Travel,Business,2133,1,1,1,1,5,3,5,5,5,5,5,3,5,3.46,0,1,TRUE
Male,Loyal Customer,47,Personal Travel,Eco,436,4,4,4,5,3,4,3,3,4,4,5,3,3,3.77,0,0,FALSE
Female,Loyal Customer,59,Business Travel,Eco,980,1,4,4,4,2,4,4,1,1,1,1,4,2,2.54,0,2,FALSE
Male,Loyal Customer,51,Personal Travel,Eco,296,1,4,4,3,5,4,5,5,3,5,4,5,5,4.08,0,0,FALSE
Male,Loyal Customer,27,Personal Travel,Eco,868,2,1,2,3,2,2,3,2,2,2,2,4,2,2.23,0,0,FALSE
Male,Disloyal Customer,45,Business Travel,Business,351,4,4,4,3,1,4,1,1,3,2,3,4,1,2.69,19,12,TRUE
Female,Disloyal Customer,54,Business Travel,Eco,915,3,3,3,4,2,3,4,2,1,1,1,2,2,2.38,0,0,FALSE
Female,Loyal Customer,54,Business Travel,Eco,189,1,4,4,4,1,1,1,1,1,1,1,4,2,2,65,53,FALSE
Female,Loyal Customer,23,Personal Travel,Eco,466,4,4,5,1,1,5,1,1,3,2,5,5,1,2.92,0,0,TRUE
Male,Loyal Customer,34,Business Travel,Eco,239,2,2,2,2,2,2,2,2,1,5,4,3,2,2.38,0,0,FALSE
Female,Loyal Customer,26,Personal Travel,Eco,102,3,2,3,4,3,3,3,3,1,5,3,1,3,2.85,0,0,FALSE
Male,Disloyal Customer,37,Business Travel,Business,480,1,1,1,2,5,1,5,5,4,3,4,5,5,3.23,55,51,FALSE
Female,Loyal Customer,30,Business Travel,Business,826,5,5,5,5,3,3,3,3,3,5,3,3,3,3.77,0,0,TRUE
Male,Loyal Customer,31,Business Travel,Business,3845,2,2,4,2,3,4,5,3,5,5,5,5,3,3.69,0,0,TRUE
Male,Loyal Customer,43,Business Travel,Business,404,1,1,1,1,5,5,5,4,4,4,4,4,3,3.23,0,0,TRUE
Male,Loyal Customer,47,Business Travel,Eco Plus,213,3,4,4,4,3,3,3,3,1,4,5,4,3,3.38,0,0,TRUE
Female,Loyal Customer,38,Business Travel,Eco,2079,3,1,1,1,3,3,3,3,4,5,1,3,3,2.62,0,18,FALSE
Female,Loyal Customer,45,Personal Travel,Eco Plus,109,1,3,1,4,1,3,3,1,1,1,1,1,5,2,6,3,FALSE
Male,Loyal Customer,41,Business Travel,Business,3759,4,4,4,4,5,5,5,5,5,5,5,4,3,4.46,0,0,TRUE
Female,Loyal Customer,70,Business Travel,Business,1956,1,1,5,1,2,5,4,4,4,4,4,5,3,3.31,0,0,TRUE
Male,Loyal Customer,31,Business Travel,Business,1048,1,5,1,1,4,4,4,4,4,4,1,2,4,3,16,68,TRUE
Male,Loyal Customer,30,Personal Travel,Business,1723,1,4,1,4,2,1,2,2,4,2,4,3,2,2.46,0,28,FALSE
Female,Loyal Customer,37,Personal Travel,Eco,528,2,5,1,3,2,1,2,2,4,4,3,1,2,2.46,22,4,FALSE
Female,Loyal Customer,16,Personal Travel,Eco,1746,1,3,1,3,3,1,5,3,3,4,1,1,3,2.46,45,30,FALSE
Female,Loyal Customer,49,Business Travel,Business,255,4,4,4,4,4,4,5,5,5,5,5,3,3,4.23,0,1,TRUE
Female,Loyal Customer,51,Personal Travel,Eco,2338,3,2,2,3,2,4,4,1,3,3,4,4,4,3,20,36,FALSE
Female,Loyal Customer,59,Personal Travel,Eco,1449,3,4,3,2,2,4,2,3,3,3,3,2,3,2.85,14,0,FALSE
Male,Loyal Customer,55,Personal Travel,Eco,301,4,4,4,1,4,4,3,4,5,2,5,3,4,3.62,0,0,FALSE
Male,Disloyal Customer,37,Business Travel,Business,405,2,1,1,1,4,1,4,4,3,2,5,5,4,2.85,10,5,FALSE
Female,Loyal Customer,28,Business Travel,Business,1390,1,1,1,1,5,5,5,5,4,3,5,4,5,3.46,17,6,TRUE
Female,Loyal Customer,45,Business Travel,Eco Plus,447,3,2,2,2,4,4,3,3,3,3,3,2,2,2.77,71,103,FALSE
Female,Disloyal Customer,56,Business Travel,Eco,425,4,0,4,3,2,4,1,2,5,2,4,2,2,2.69,0,0,FALSE
Male,Loyal Customer,8,Personal Travel,Eco,304,3,4,5,4,4,5,4,4,3,2,4,3,4,3.77,0,0,FALSE
Female,Loyal Customer,39,Business Travel,Business,3612,4,4,4,4,4,5,4,4,4,4,4,4,4,4.08,2,2,TRUE
Male,Loyal Customer,51,Business Travel,Business,748,1,1,1,1,4,5,5,5,5,5,5,3,4,3.46,12,18,TRUE
Female,Loyal Customer,56,Business Travel,Business,3561,1,1,1,1,2,5,4,5,5,5,5,3,5,3.31,43,40,TRUE
Female,Loyal Customer,53,Personal Travel,Eco,1172,3,4,3,1,3,5,4,5,5,3,5,4,3,3.69,0,9,FALSE
Female,Loyal Customer,68,Personal Travel,Eco,342,4,5,4,2,4,2,4,3,3,4,3,1,1,3.08,0,0,TRUE
Male,Disloyal Customer,39,Business Travel,Business,936,2,2,2,3,2,2,2,2,4,3,5,3,2,2.62,17,7,TRUE
Female,Loyal Customer,43,Business Travel,Eco,374,4,2,2,2,4,3,1,4,4,4,4,2,3,3,0,0,TRUE
Female,Loyal Customer,55,Personal Travel,Eco Plus,666,3,4,3,3,3,3,4,4,4,3,4,3,2,3.31,35,34,FALSE
Male,Disloyal Customer,36,Business Travel,Business,213,3,3,3,3,5,3,5,5,3,2,4,5,5,3.77,0,0,FALSE
Female,Loyal Customer,56,Business Travel,Business,1930,3,5,5,5,1,4,4,4,4,4,3,2,1,3.46,4,21,FALSE
Female,Disloyal Customer,22,Business Travel,Eco,222,3,0,3,1,5,3,5,5,1,5,3,1,5,3.08,0,0,FALSE
Male,Loyal Customer,62,Personal Travel,Eco,250,1,4,1,2,3,1,5,3,5,5,5,4,3,3.23,0,0,FALSE
Female,Loyal Customer,49,Business Travel,Business,1587,1,1,1,1,3,5,4,5,5,5,5,4,3,3.31,128,114,TRUE
Female,Disloyal Customer,47,Business Travel,Eco,173,1,4,1,1,3,1,3,3,5,5,1,4,3,2.69,0,14,FALSE
Female,Loyal Customer,48,Business Travel,Business,245,1,5,5,5,4,4,3,1,1,1,1,1,4,2.77,0,0,FALSE
Male,Loyal Customer,62,Personal Travel,Eco,321,3,4,3,1,4,3,4,4,2,3,1,4,4,3.08,15,12,FALSE
Female,Disloyal Customer,24,Business Travel,Business,1192,3,3,4,3,4,4,4,4,4,3,3,3,4,3.54,0,0,FALSE
Male,Loyal Customer,12,Personal Travel,Eco,1045,1,2,1,2,1,1,1,1,1,4,2,2,1,1.54,18,11,FALSE
Female,Loyal Customer,52,Personal Travel,Eco,423,3,0,3,2,5,5,4,4,4,3,4,4,4,3.46,1,0,FALSE
Male,Loyal Customer,29,Personal Travel,Eco Plus,501,2,5,2,3,4,2,1,4,5,4,4,5,4,3.46,5,6,FALSE
Female,Loyal Customer,30,Business Travel,Business,594,5,5,5,5,4,5,4,4,2,4,1,4,4,4,32,30,TRUE
Female,Loyal Customer,53,Personal Travel,Business,409,1,4,1,2,3,5,5,4,4,1,4,5,3,3.23,8,34,FALSE
Female,Loyal Customer,9,Personal Travel,Eco,1246,0,4,0,1,5,0,5,5,4,3,4,4,5,3.08,23,0,TRUE
Female,Loyal Customer,54,Business Travel,Business,2953,4,4,4,4,4,4,4,5,5,5,5,3,4,4.23,0,0,TRUE
Male,Loyal Customer,39,Business Travel,Business,3724,1,1,1,1,4,5,5,4,4,4,4,5,3,3.23,0,0,TRUE
Male,Loyal Customer,41,Business Travel,Business,3942,2,2,2,2,4,4,4,2,2,2,2,3,4,2.69,0,1,TRUE
Female,Loyal Customer,47,Business Travel,Business,2450,1,1,1,1,4,4,5,4,4,4,4,4,3,3.08,9,5,TRUE
Male,Disloyal Customer,57,Business Travel,Business,1256,2,2,2,4,2,2,2,2,3,5,4,5,2,2.85,0,0,FALSE
Male,Disloyal Customer,30,Business Travel,Eco,302,2,5,2,5,4,2,4,4,5,2,1,3,4,3.31,0,0,FALSE
Female,Loyal Customer,60,Personal Travel,Eco,689,0,5,1,4,5,5,4,3,3,1,3,3,5,3.23,0,0,TRUE
Male,Loyal Customer,48,Business Travel,Business,1431,3,3,3,3,3,4,4,2,2,2,2,5,5,3.15,0,0,TRUE
Female,Disloyal Customer,29,Business Travel,Eco,120,3,0,4,3,5,4,5,5,3,4,2,2,5,3.46,0,9,FALSE
Male,Loyal Customer,47,Personal Travel,Eco,259,4,4,4,4,5,4,3,5,2,5,3,1,5,3.77,0,0,TRUE
Male,Loyal Customer,31,Business Travel,Eco,190,0,0,0,3,4,5,2,4,1,3,2,2,4,2.31,0,3,TRUE
Female,Loyal Customer,44,Business Travel,Business,2710,4,4,4,4,4,4,4,4,4,5,4,5,4,4.15,1,0,TRUE
Male,Loyal Customer,47,Business Travel,Eco,616,4,3,3,3,4,4,4,4,2,1,3,2,4,3.15,0,0,TRUE
Female,Loyal Customer,53,Business Travel,Business,989,1,1,1,1,4,5,5,5,5,5,5,4,5,3.62,0,5,TRUE
Female,Disloyal Customer,22,Business Travel,Eco,651,2,3,3,3,1,3,1,1,1,4,3,2,1,2.15,40,44,FALSE
Male,Loyal Customer,26,Business Travel,Business,2427,5,5,5,5,5,5,5,5,3,3,4,5,5,4.62,0,0,TRUE
Male,Loyal Customer,36,Business Travel,Business,1506,1,5,5,5,3,2,2,1,1,1,1,2,3,2.46,43,40,FALSE
Male,Loyal Customer,37,Business Travel,Business,2273,4,4,4,4,3,3,4,4,4,4,4,3,4,3.77,7,8,FALSE
Female,Loyal Customer,27,Business Travel,Business,2470,5,5,1,5,4,4,4,4,5,2,4,4,4,3.92,28,17,TRUE
Female,Loyal Customer,17,Business Travel,Eco Plus,577,1,3,3,3,1,2,3,1,1,4,3,2,1,2.15,1,0,FALSE
Male,Loyal Customer,52,Business Travel,Business,2628,1,1,1,1,3,5,5,4,4,4,4,5,3,3.15,19,21,TRUE
Male,Loyal Customer,43,Business Travel,Eco,361,4,3,3,3,4,4,4,4,1,2,2,3,4,3.15,0,0,FALSE
Female,Loyal Customer,57,Business Travel,Business,166,5,5,5,5,4,5,5,3,3,4,4,3,5,4.31,0,0,TRUE
Female,Loyal Customer,54,Business Travel,Business,192,0,5,0,3,5,5,4,2,2,2,2,5,4,3,52,50,TRUE
Male,Loyal Customer,54,Personal Travel,Eco,737,1,5,1,1,4,1,4,4,5,4,5,4,4,3.31,0,5,FALSE
Female,Loyal Customer,54,Business Travel,Business,432,3,3,4,3,2,5,4,4,4,4,4,4,5,3.77,0,0,TRUE
Female,Loyal Customer,19,Personal Travel,Eco,399,1,4,1,1,4,1,4,4,3,1,1,1,4,2.31,0,0,FALSE
Female,Loyal Customer,62,Business Travel,Business,2697,2,2,2,2,3,3,3,2,2,2,2,4,1,2.31,57,52,FALSE
Male,Loyal Customer,28,Business Travel,Business,2745,2,2,2,2,5,5,5,5,2,1,4,2,5,3.23,5,3,TRUE
Female,Loyal Customer,46,Business Travel,Business,253,3,3,5,3,2,5,5,4,4,4,4,3,4,3.77,49,49,TRUE
Female,Loyal Customer,57,Personal Travel,Eco,895,1,4,1,4,2,3,4,2,2,1,3,3,4,2.62,20,13,FALSE
Male,Loyal Customer,67,Business Travel,Business,3446,2,1,1,1,1,2,3,2,2,2,2,4,3,2,8,24,FALSE
Male,Loyal Customer,62,Personal Travel,Eco,404,4,4,4,3,4,4,4,4,5,3,5,4,4,4,0,0,FALSE
Female,Loyal Customer,38,Personal Travel,Eco,413,2,4,2,3,4,2,4,4,4,3,5,4,4,3.46,0,0,FALSE
Female,Loyal Customer,47,Business Travel,Business,2900,3,3,3,3,4,4,5,3,3,4,3,4,3,3.46,0,3,TRUE
Female,Loyal Customer,18,Personal Travel,Eco,255,3,5,0,3,1,0,1,1,2,3,3,2,1,1.92,0,0,FALSE
Female,Loyal Customer,62,Personal Travel,Eco,1235,2,4,2,3,4,4,4,5,5,2,5,5,5,3.85,0,0,FALSE
Male,Disloyal Customer,30,Business Travel,Eco,599,3,3,3,3,1,3,1,1,2,4,2,5,1,2.46,0,2,FALSE
Female,Disloyal Customer,36,Business Travel,Business,647,3,3,3,3,2,3,4,2,5,5,4,5,2,3.38,5,4,FALSE
Female,Loyal Customer,31,Personal Travel,Eco,1139,3,4,3,3,2,3,2,2,4,3,5,5,2,3.15,14,0,FALSE
Female,Loyal Customer,37,Business Travel,Business,896,5,5,5,5,2,5,5,2,2,2,2,4,3,3.62,34,17,TRUE
Male,Loyal Customer,41,Business Travel,Business,1741,1,1,1,1,2,5,5,5,5,5,5,3,3,3.23,23,25,TRUE
Female,Loyal Customer,39,Business Travel,Business,1554,2,4,3,4,3,2,3,2,2,2,2,3,3,2.69,78,93,FALSE
Female,Loyal Customer,41,Business Travel,Business,2419,2,2,2,2,2,3,4,4,4,4,4,5,3,3.15,0,4,TRUE
Male,Loyal Customer,43,Personal Travel,Eco Plus,214,2,3,2,2,5,2,5,5,3,5,5,2,5,3.54,0,4,FALSE
Male,Loyal Customer,7,Business Travel,Business,2248,3,2,2,2,3,3,3,3,2,3,3,4,3,2.77,43,29,FALSE
Male,Loyal Customer,49,Personal Travel,Eco,692,3,4,3,5,4,3,4,4,5,4,4,3,4,3.85,0,0,FALSE
Male,Disloyal Customer,12,Business Travel,Business,1092,3,2,3,4,4,3,4,4,1,4,3,1,4,3.08,30,16,FALSE
Female,Loyal Customer,48,Business Travel,Business,3494,5,5,2,5,5,5,5,5,3,4,4,5,5,4.46,148,200,TRUE
Female,Loyal Customer,54,Business Travel,Business,2838,2,2,2,2,3,5,5,5,5,5,5,4,5,3.85,0,0,TRUE
Male,Disloyal Customer,20,Business Travel,Eco,2640,2,2,2,3,2,3,3,1,3,3,3,3,3,2.54,0,0,FALSE
Female,Loyal Customer,59,Business Travel,Business,930,2,2,5,2,3,5,5,4,4,4,4,5,5,3.85,114,78,TRUE
Female,Loyal Customer,48,Business Travel,Business,3544,1,1,1,1,4,3,5,4,4,4,4,3,3,2.92,14,0,TRUE
Male,Loyal Customer,64,Personal Travel,Eco,581,3,5,3,4,5,3,5,5,3,2,5,3,5,3.92,0,12,FALSE
Male,Loyal Customer,57,Business Travel,Business,2940,3,1,1,1,3,4,3,3,3,3,3,4,4,2.77,16,13,FALSE
Male,Loyal Customer,35,Personal Travel,Eco,2496,3,1,3,3,1,3,1,1,2,5,2,2,1,2.15,0,0,FALSE
Male,Loyal Customer,55,Personal Travel,Eco,118,2,3,2,3,3,2,5,3,1,4,5,2,3,2.92,0,0,FALSE
Female,Loyal Customer,26,Personal Travel,Eco,299,5,5,5,3,5,5,5,5,2,4,4,3,5,4.31,0,0,TRUE
Male,Loyal Customer,56,Business Travel,Business,581,1,1,1,1,5,4,4,5,5,5,5,3,5,3.46,37,37,TRUE
Female,Loyal Customer,7,Personal Travel,Eco,369,2,1,2,4,4,2,4,4,1,2,4,3,4,2.85,0,0,FALSE
Male,Disloyal Customer,39,Business Travel,Business,134,1,1,1,2,4,1,4,4,5,4,5,5,4,3.15,0,0,FALSE
Male,Loyal Customer,62,Personal Travel,Eco,696,4,5,4,4,5,4,5,5,4,5,5,3,5,4.46,28,19,FALSE
Female,Loyal Customer,42,Business Travel,Eco,816,3,1,1,1,1,3,4,3,3,3,3,2,4,2.46,0,0,FALSE
Male,Disloyal Customer,22,Business Travel,Business,140,0,0,0,4,1,0,1,1,4,2,5,4,1,1.77,0,0,TRUE
Female,Loyal Customer,31,Business Travel,Business,1399,1,1,1,1,1,1,1,1,1,2,4,1,1,1.31,1,0,FALSE
Male,Disloyal Customer,22,Business Travel,Eco,481,0,5,0,1,1,0,1,1,3,2,4,4,1,1.77,0,0,TRUE
Male,Loyal Customer,29,Business Travel,Business,488,4,2,2,2,4,4,4,4,4,4,1,2,4,3.15,118,94,FALSE
Female,Disloyal Customer,35,Business Travel,Business,874,2,2,2,4,4,2,4,4,5,4,5,4,4,3.54,0,0,FALSE
Female,Loyal Customer,12,Personal Travel,Eco,1096,1,1,1,4,4,1,2,4,2,2,3,2,4,2.38,0,17,FALSE
Female,Loyal Customer,53,Business Travel,Business,2917,2,2,4,2,5,5,5,5,5,5,4,4,5,4.08,0,0,TRUE
Female,Loyal Customer,27,Business Travel,Eco,920,3,1,1,1,3,3,3,3,2,4,4,4,3,2.69,70,58,FALSE
Male,Disloyal Customer,39,Business Travel,Eco,447,2,2,2,3,3,2,3,3,4,3,4,3,3,2.85,0,0,FALSE
Female,Disloyal Customer,20,Business Travel,Eco Plus,1076,3,0,3,3,5,3,5,5,3,4,4,4,5,3.62,16,0,FALSE
Male,Loyal Customer,65,Business Travel,Business,2733,1,3,3,3,3,4,3,1,1,1,1,3,3,2.31,6,3,FALSE
Male,Loyal Customer,70,Business Travel,Eco,280,2,4,4,4,2,2,2,2,2,2,3,4,2,2.69,0,0,FALSE
Male,Loyal Customer,34,Business Travel,Business,1846,2,3,3,3,4,4,4,2,2,2,2,4,1,2.77,0,0,FALSE
Female,Loyal Customer,61,Business Travel,Eco,280,1,2,2,2,4,1,2,2,2,1,2,2,2,1.92,0,0,FALSE
Male,Loyal Customer,41,Business Travel,Eco,851,2,5,5,5,2,2,2,2,2,1,3,4,2,2.85,0,21,FALSE
Female,Loyal Customer,58,Business Travel,Business,2475,5,5,5,5,5,5,5,5,4,3,5,5,5,4.77,0,11,TRUE
Female,Disloyal Customer,24,Business Travel,Eco,259,4,0,4,1,3,4,3,3,5,5,5,3,3,3.31,0,0,TRUE
Male,Loyal Customer,37,Business Travel,Business,1921,2,2,2,2,5,3,2,5,5,5,5,4,4,3.54,65,61,TRUE
Male,Disloyal Customer,45,Business Travel,Business,1164,3,4,4,1,3,3,3,3,5,5,5,4,3,3.54,53,35,FALSE
Male,Loyal Customer,37,Personal Travel,Eco,337,2,5,2,4,1,2,1,1,3,5,4,5,1,2.77,0,0,FALSE
Male,Loyal Customer,23,Business Travel,Business,1182,1,1,1,1,2,2,2,2,5,3,5,5,2,2.46,5,0,TRUE
Male,Loyal Customer,52,Business Travel,Business,258,1,1,1,1,5,4,4,4,4,4,4,5,3,3.15,0,5,TRUE
Male,Loyal Customer,44,Business Travel,Business,472,3,2,2,2,3,3,3,3,5,4,3,3,3,3,351,336,FALSE
Female,Disloyal Customer,29,Business Travel,Eco Plus,1436,2,2,2,3,1,2,1,1,3,4,4,1,1,2.08,0,0,FALSE
Male,Loyal Customer,41,Business Travel,Eco,640,1,4,4,4,1,1,1,1,1,3,4,2,1,2.15,55,56,FALSE
Male,Loyal Customer,26,Business Travel,Business,1984,4,4,4,4,4,4,4,4,4,5,3,1,4,3.77,0,0,TRUE
Female,Disloyal Customer,27,Business Travel,Eco,163,3,5,3,5,1,3,1,1,3,4,2,4,1,2.77,0,2,FALSE
Female,Loyal Customer,17,Business Travel,Business,1814,2,5,5,5,2,2,2,2,3,4,4,3,2,3.15,23,11,FALSE
Female,Loyal Customer,29,Business Travel,Eco,529,5,4,4,4,5,5,5,5,2,3,4,2,5,4.08,0,0,TRUE
Male,Loyal Customer,59,Personal Travel,Eco,622,2,5,2,3,2,2,2,2,4,2,5,4,2,2.85,0,13,FALSE
Male,Loyal Customer,34,Business Travel,Eco Plus,1773,3,5,5,5,3,3,3,3,2,5,3,3,3,3.54,19,33,FALSE
Male,Loyal Customer,66,Business Travel,Business,2951,4,2,4,4,2,4,5,5,5,5,5,4,3,4,0,0,TRUE
Male,Loyal Customer,50,Business Travel,Eco Plus,1416,4,1,1,1,4,4,4,4,1,1,2,4,4,2.69,0,0,TRUE
Female,Loyal Customer,33,Personal Travel,Eco,409,1,4,2,4,5,2,5,5,3,2,2,2,5,3.23,1,0,FALSE
Female,Loyal Customer,60,Personal Travel,Eco,376,1,4,1,3,2,5,4,4,4,1,4,4,3,3.08,0,0,FALSE
Female,Disloyal Customer,38,Business Travel,Eco,321,1,0,0,4,1,0,1,1,1,2,2,1,1,1.15,8,33,FALSE
Female,Loyal Customer,58,Business Travel,Business,883,5,5,5,5,5,4,5,4,4,4,4,4,4,4.46,8,1,TRUE
Male,Loyal Customer,33,Business Travel,Eco,507,4,1,1,1,4,4,4,4,4,5,2,2,4,3.08,0,0,FALSE
Male,Loyal Customer,34,Business Travel,Business,3872,1,1,1,1,2,4,4,4,4,5,4,3,5,3,0,0,TRUE
Female,Disloyal Customer,30,Business Travel,Eco,1590,3,4,4,4,1,3,1,1,3,2,2,4,1,2.54,5,29,FALSE
Female,Loyal Customer,50,Business Travel,Business,2399,3,3,3,3,3,2,2,5,5,5,5,5,2,3.54,0,0,TRUE
Female,Loyal Customer,53,Business Travel,Eco,453,4,4,4,4,1,5,4,5,5,4,5,3,4,4,23,6,TRUE
Male,Loyal Customer,37,Personal Travel,Eco,852,3,5,3,5,3,3,3,3,5,4,5,4,3,3.77,0,0,FALSE
Female,Disloyal Customer,80,Business Travel,Business,525,2,2,2,4,4,4,3,3,3,2,3,3,2,2.85,11,19,FALSE
Male,Loyal Customer,66,Personal Travel,Eco,163,1,4,1,4,1,1,1,1,5,5,4,5,1,2.62,13,13,FALSE
Male,Loyal Customer,59,Personal Travel,Eco,646,3,4,3,3,3,3,3,3,5,5,5,2,3,3.46,0,3,FALSE
Female,Loyal Customer,39,Business Travel,Business,1372,2,2,2,2,3,5,5,4,4,4,4,5,3,3.46,0,0,TRUE
Male,Loyal Customer,47,Personal Travel,Eco,1216,2,3,2,3,5,2,5,5,3,3,4,3,5,3.46,10,0,FALSE
Male,Loyal Customer,49,Business Travel,Business,1729,5,5,5,5,2,4,4,5,5,5,5,4,4,4.46,5,5,TRUE
Female,Loyal Customer,47,Business Travel,Business,749,2,3,2,2,4,5,5,4,4,4,4,4,3,3.54,3,0,TRUE
Female,Loyal Customer,56,Business Travel,Business,802,2,3,3,3,1,4,4,2,2,2,2,2,4,2.62,0,0,FALSE
Female,Loyal Customer,40,Business Travel,Eco,500,2,3,1,3,2,2,2,2,2,2,3,2,2,2.15,0,0,TRUE
Male,Loyal Customer,41,Personal Travel,Eco,328,4,4,4,2,3,4,3,3,5,4,5,3,3,3.62,0,0,TRUE
Female,Loyal Customer,56,Business Travel,Business,397,3,3,3,3,2,5,4,4,4,4,4,4,5,3.69,0,0,TRUE
Female,Loyal Customer,54,Business Travel,Business,2583,4,4,4,4,3,3,5,5,5,5,5,3,3,4.08,0,0,TRUE
Female,Loyal Customer,15,Personal Travel,Eco,641,1,4,2,3,3,2,3,3,5,4,5,4,3,3.23,8,12,FALSE
Male,Loyal Customer,48,Business Travel,Business,1069,2,2,4,2,3,3,3,4,4,4,4,3,1,3,17,22,TRUE
Female,Loyal Customer,60,Personal Travel,Eco,1590,1,5,1,3,4,3,5,1,1,1,1,3,5,2.62,0,0,FALSE
Female,Disloyal Customer,17,Business Travel,Eco,731,5,5,5,4,4,5,5,4,2,4,3,3,4,4.08,9,0,TRUE
Female,Loyal Customer,56,Business Travel,Business,2586,3,1,4,4,3,3,3,3,2,3,2,3,3,2.85,35,34,FALSE
Male,Loyal Customer,18,Personal Travel,Eco,331,3,4,3,4,5,3,3,5,2,2,4,2,5,3.46,0,0,FALSE
Male,Loyal Customer,57,Business Travel,Business,2576,5,5,5,5,2,5,5,4,4,4,4,4,4,4.31,0,0,TRUE
Female,Loyal Customer,17,Business Travel,Business,3545,4,4,4,4,5,5,5,5,4,4,5,5,5,4.54,181,163,TRUE
Male,Loyal Customer,34,Personal Travel,Eco,213,3,4,3,3,4,3,4,4,1,3,3,3,4,3.23,0,0,FALSE
Female,Disloyal Customer,36,Business Travel,Eco,1416,4,4,4,3,4,4,4,4,1,2,4,1,4,3.31,0,0,FALSE
Female,Disloyal Customer,27,Business Travel,Eco,1262,2,2,2,4,2,2,2,2,1,4,4,2,2,2.38,3,0,FALSE
Female,Loyal Customer,60,Personal Travel,Eco,767,3,5,3,3,5,4,5,4,4,3,4,5,5,4.08,0,1,FALSE
Female,Loyal Customer,60,Business Travel,Business,867,1,1,1,1,5,4,5,5,5,5,5,3,5,3.54,0,0,TRUE
Male,Loyal Customer,56,Personal Travel,Business,2556,2,2,2,4,2,3,4,5,5,2,5,3,2,3.15,2,0,FALSE
Male,Loyal Customer,41,Business Travel,Business,483,2,2,2,2,4,1,5,4,4,4,4,1,1,2.77,0,0,TRUE
Female,Disloyal Customer,44,Business Travel,Business,722,2,2,2,4,4,2,4,4,5,2,4,4,4,3.31,0,0,FALSE
Female,Loyal Customer,55,Business Travel,Business,1605,2,1,2,2,5,5,5,3,4,5,5,5,5,3.77,271,250,TRUE
Female,Loyal Customer,41,Business Travel,Business,2421,4,4,4,4,2,4,4,5,5,5,5,4,5,4.23,0,0,TRUE
Female,Loyal Customer,40,Business Travel,Business,227,2,2,2,2,3,5,5,5,5,5,5,5,3,3.77,0,0,TRUE
Male,Loyal Customer,67,Personal Travel,Eco Plus,1133,4,4,4,3,3,4,3,3,5,3,4,5,3,3.69,0,3,FALSE
Female,Loyal Customer,57,Business Travel,Business,168,4,1,4,4,3,5,5,5,5,4,4,5,4,4.08,1,30,TRUE
Female,Loyal Customer,50,Business Travel,Business,547,2,2,2,2,3,5,4,3,3,3,3,3,4,3,0,0,TRUE
Female,Disloyal Customer,21,Business Travel,Eco,287,3,2,3,4,3,3,2,3,3,3,3,3,3,2.92,0,29,FALSE
Male,Loyal Customer,51,Business Travel,Business,2280,1,1,1,1,5,4,5,4,4,4,4,5,5,3.38,2,0,TRUE
Female,Loyal Customer,57,Business Travel,Business,2508,4,4,4,4,1,3,5,4,4,4,4,3,1,3.46,0,0,TRUE
Female,Loyal Customer,41,Business Travel,Business,3860,2,2,2,2,3,4,4,2,2,2,2,3,5,2.69,0,0,TRUE
Male,Loyal Customer,26,Business Travel,Business,867,1,1,1,1,1,1,1,1,1,1,4,4,1,1.46,0,0,FALSE
Male,Disloyal Customer,29,Business Travel,Business,919,2,2,2,3,5,2,5,5,2,3,4,2,5,3.23,0,0,FALSE
Male,Loyal Customer,28,Business Travel,Business,2342,3,3,3,3,5,4,5,5,4,4,4,4,5,4,0,0,TRUE
Male,Loyal Customer,52,Business Travel,Business,3539,4,4,4,4,4,4,5,4,4,4,4,5,4,4.15,25,18,TRUE
Male,Disloyal Customer,33,Business Travel,Business,2704,4,4,4,3,4,3,1,4,2,5,5,1,1,3.15,10,0,FALSE
Male,Loyal Customer,43,Business Travel,Business,2495,2,2,2,2,5,4,4,5,5,5,5,4,5,3.85,0,0,TRUE
Female,Loyal Customer,24,Personal Travel,Business,312,2,5,2,4,1,2,1,1,5,4,4,4,1,2.77,27,22,FALSE
Female,Loyal Customer,30,Business Travel,Business,397,5,5,5,5,4,4,4,4,5,4,3,2,4,4.15,9,14,TRUE
Female,Loyal Customer,47,Business Travel,Eco Plus,245,5,3,2,3,2,5,3,5,5,5,5,4,2,3.77,0,0,TRUE
Male,Loyal Customer,60,Personal Travel,Business,1017,3,4,3,4,5,4,4,2,2,3,2,3,5,3.38,0,0,FALSE
Male,Loyal Customer,57,Personal Travel,Eco Plus,837,4,5,4,2,1,4,1,1,4,4,4,5,1,3.08,0,10,FALSE
Female,Loyal Customer,15,Personal Travel,Eco,158,3,2,3,2,4,3,4,4,1,2,2,1,4,2.69,0,1,FALSE
Female,Loyal Customer,46,Business Travel,Business,213,2,2,2,2,5,5,5,4,4,5,4,3,5,3.69,0,27,TRUE
Female,Loyal Customer,15,Personal Travel,Eco,1120,4,4,4,1,2,4,2,2,3,3,5,5,2,3.15,0,0,FALSE
Female,Loyal Customer,50,Personal Travel,Eco,304,0,5,0,2,5,4,5,5,5,0,5,4,3,3.31,94,84,TRUE
Female,Disloyal Customer,42,Business Travel,Business,393,5,5,5,1,3,5,3,3,5,2,4,5,3,3.77,0,0,TRUE
Female,Disloyal Customer,21,Business Travel,Eco,327,1,4,1,3,5,1,1,5,1,4,4,1,5,2.77,3,0,FALSE
Male,Loyal Customer,51,Business Travel,Eco,612,4,3,3,3,4,4,4,4,3,2,5,1,4,3.38,0,0,TRUE
Female,Loyal Customer,67,Business Travel,Business,3764,3,5,5,5,2,3,2,3,3,3,3,3,1,3.15,36,33,FALSE
Female,Loyal Customer,44,Business Travel,Eco,267,3,1,1,1,5,1,2,2,2,3,2,4,5,2.46,0,0,TRUE
Female,Loyal Customer,15,Business Travel,Business,370,4,1,1,1,4,4,4,4,4,5,3,2,4,3.15,13,12,FALSE
Female,Loyal Customer,66,Personal Travel,Eco,429,5,4,5,4,3,2,1,3,3,5,5,3,3,3.54,0,5,TRUE
Male,Loyal Customer,59,Business Travel,Business,821,4,4,3,4,3,5,4,4,4,4,4,3,3,3.77,6,1,TRUE
Female,Loyal Customer,42,Business Travel,Business,224,2,4,4,4,1,3,4,2,2,1,2,3,2,2.62,64,52,FALSE
Male,Loyal Customer,45,Business Travel,Business,1407,1,1,1,1,3,5,5,5,5,5,5,5,5,3.62,0,9,TRUE
Female,Loyal Customer,29,Personal Travel,Eco,967,2,1,2,3,3,2,3,3,2,2,4,4,3,2.62,0,30,FALSE
Female,Loyal Customer,48,Business Travel,Eco,214,1,0,0,3,5,4,3,1,1,1,1,3,2,1.92,46,49,FALSE
Male,Disloyal Customer,35,Business Travel,Eco,1747,2,2,2,3,5,2,1,5,3,4,3,3,5,3.08,11,0,FALSE
Female,Loyal Customer,66,Personal Travel,Eco Plus,1481,4,4,4,5,1,1,1,4,4,4,4,3,3,3.23,0,0,FALSE
Male,Disloyal Customer,33,Business Travel,Business,364,3,3,3,2,2,3,2,2,3,4,5,5,2,3,0,6,FALSE
Female,Loyal Customer,40,Business Travel,Business,2532,2,2,2,2,4,5,5,5,3,4,4,5,5,3.69,109,164,TRUE
Male,Loyal Customer,54,Business Travel,Eco,862,2,2,2,2,2,2,2,2,4,1,3,1,2,2.08,5,10,FALSE
Male,Loyal Customer,53,Business Travel,Business,3891,1,4,4,4,3,3,4,1,1,1,1,4,2,2.54,0,7,FALSE
Female,Loyal Customer,57,Business Travel,Business,2988,1,3,2,3,5,3,3,1,1,2,1,1,1,2.08,21,8,FALSE
Female,Loyal Customer,42,Business Travel,Business,2516,4,4,4,4,4,4,4,4,4,4,4,4,3,3.92,0,19,TRUE
Male,Loyal Customer,55,Personal Travel,Eco,861,1,4,1,2,1,1,1,1,4,4,5,5,1,2.38,1,13,FALSE
Female,Loyal Customer,51,Business Travel,Eco,238,4,2,2,2,2,3,1,4,4,4,4,5,2,3,34,29,TRUE
Male,Loyal Customer,23,Business Travel,Eco,529,3,5,2,5,3,3,2,3,1,4,4,4,3,3.23,0,0,FALSE
Female,Loyal Customer,40,Business Travel,Business,3265,5,5,5,5,5,5,5,5,5,5,5,4,5,4.92,87,88,TRUE
Male,Loyal Customer,21,Business Travel,Eco,517,4,4,5,5,4,3,4,4,2,1,4,2,4,3.54,0,0,FALSE
Female,Loyal Customer,20,Personal Travel,Eco,1023,4,3,4,3,3,4,3,3,4,1,3,1,3,3,71,100,FALSE
Male,Loyal Customer,17,Personal Travel,Eco,122,2,3,2,3,2,2,2,2,1,4,2,1,2,2.15,0,0,FALSE
Male,Loyal Customer,41,Personal Travel,Eco,475,1,5,1,1,3,1,3,3,5,1,2,3,3,2.46,0,0,FALSE
Female,Loyal Customer,59,Personal Travel,Eco,266,2,5,2,2,1,4,5,5,5,2,5,3,3,3.38,0,17,FALSE
Female,Loyal Customer,55,Business Travel,Business,2322,2,5,5,5,3,4,4,2,2,2,2,3,3,3.23,27,27,FALSE
Male,Disloyal Customer,29,Business Travel,Eco,1404,4,4,4,4,3,4,3,3,4,2,3,3,3,3.38,0,0,FALSE
Female,Loyal Customer,59,Personal Travel,Eco,1015,4,0,4,5,4,4,4,3,3,4,3,3,4,3.46,0,0,TRUE
Male,Loyal Customer,45,Business Travel,Business,258,3,3,3,3,5,5,5,4,4,4,4,5,4,4,30,41,TRUE
Male,Loyal Customer,43,Business Travel,Eco Plus,719,3,4,4,4,3,3,3,3,3,5,3,4,3,3.46,1,0,FALSE
Female,Loyal Customer,47,Business Travel,Business,547,4,4,4,4,3,5,5,5,5,5,5,4,4,4.38,0,0,TRUE
Male,Disloyal Customer,25,Business Travel,Eco,101,0,0,0,5,3,0,3,3,4,1,4,3,3,2.23,0,0,TRUE
Female,Loyal Customer,46,Personal Travel,Eco,173,1,1,1,3,1,3,4,5,5,1,5,1,3,2.62,45,29,FALSE
Male,Loyal Customer,22,Personal Travel,Eco,604,1,4,1,3,2,1,2,2,3,4,5,3,2,2.54,30,16,FALSE
Female,Loyal Customer,48,Business Travel,Business,1802,2,2,2,2,5,5,5,4,5,5,4,5,5,3.92,0,0,TRUE
Male,Loyal Customer,51,Business Travel,Business,528,4,2,2,2,2,4,4,4,4,4,4,1,3,3.08,4,4,FALSE
Male,Loyal Customer,33,Business Travel,Business,2419,2,2,2,2,4,4,4,2,3,4,1,4,4,2.92,0,14,TRUE
Female,Loyal Customer,40,Business Travel,Business,480,2,2,5,2,3,4,5,5,5,5,5,4,5,4,0,0,TRUE
Male,Loyal Customer,33,Business Travel,Eco Plus,1050,2,1,1,1,2,2,2,2,1,5,3,3,2,2.08,0,0,FALSE
Female,Loyal Customer,68,Personal Travel,Eco,2311,3,5,3,5,1,4,4,3,3,3,3,1,4,3.23,0,0,FALSE
Male,Loyal Customer,10,Personal Travel,Eco,1617,3,2,3,4,4,3,4,4,1,3,4,4,4,3.31,33,31,FALSE
Female,Disloyal Customer,33,Business Travel,Eco,201,2,2,2,3,5,2,5,5,2,5,3,2,5,3.31,43,37,FALSE
Male,Loyal Customer,29,Business Travel,Business,1898,4,2,2,2,4,4,4,4,1,3,4,2,4,3.08,8,12,FALSE
Female,Disloyal Customer,23,Business Travel,Business,226,0,0,0,2,5,0,5,5,5,4,5,4,5,3.08,7,9,TRUE
Male,Loyal Customer,57,Business Travel,Business,3284,1,1,1,1,2,5,5,4,4,4,4,4,4,3.08,0,0,TRUE
Male,Loyal Customer,63,Personal Travel,Eco,1491,1,5,1,5,1,1,1,1,4,5,5,3,1,2.62,0,53,FALSE
Female,Loyal Customer,41,Personal Travel,Eco,262,1,3,1,3,2,1,2,2,1,3,3,4,2,2.15,0,0,FALSE
Male,Loyal Customer,55,Business Travel,Business,2419,5,5,5,5,5,5,5,5,2,3,5,5,5,4.62,0,0,TRUE
Female,Loyal Customer,18,Business Travel,Business,1448,1,1,1,1,4,4,4,4,5,3,3,1,4,2.77,0,15,TRUE
Female,Loyal Customer,55,Business Travel,Business,2279,4,4,4,4,2,4,5,5,5,5,5,4,4,4.23,0,0,TRUE
Female,Loyal Customer,40,Personal Travel,Eco,1076,3,1,4,3,2,4,1,2,3,5,3,1,2,2.62,20,13,FALSE
Male,Disloyal Customer,62,Business Travel,Business,342,2,2,2,4,1,2,1,1,3,5,4,4,1,2.46,0,17,TRUE
Female,Loyal Customer,34,Business Travel,Eco,127,5,4,4,4,5,5,5,5,4,5,3,4,5,4.46,0,0,TRUE
Male,Loyal Customer,37,Business Travel,Business,331,3,2,2,2,1,2,3,3,3,3,3,2,3,2.46,0,0,FALSE
Female,Loyal Customer,38,Business Travel,Business,733,5,5,5,5,3,3,3,3,5,5,5,3,3,4.08,132,115,TRUE
Male,Loyal Customer,28,Personal Travel,Eco,425,5,5,5,3,4,5,4,4,4,4,4,3,4,4.15,0,0,TRUE
Male,Loyal Customer,68,Personal Travel,Eco,542,3,5,3,3,3,3,3,3,1,1,4,3,3,2.92,0,0,FALSE
Female,Loyal Customer,49,Business Travel,Eco,451,3,5,5,5,2,3,2,2,2,3,2,4,1,3,0,0,FALSE
Male,Loyal Customer,54,Business Travel,Business,309,2,4,4,4,5,4,3,2,2,2,2,1,1,2.77,0,0,FALSE
Female,Loyal Customer,52,Business Travel,Business,2850,2,3,3,3,2,3,3,2,2,2,2,3,4,2.62,33,33,FALSE
Female,Loyal Customer,59,Business Travel,Eco,1009,3,1,1,1,5,3,3,3,3,3,3,1,2,2.46,0,0,FALSE
Female,Disloyal Customer,54,Business Travel,Eco,153,2,3,2,3,1,2,1,1,1,5,3,4,1,2.23,53,44,FALSE
Female,Loyal Customer,18,Personal Travel,Eco,631,2,5,1,1,3,1,3,3,4,3,1,5,3,2.69,1,0,FALSE
Female,Loyal Customer,33,Personal Travel,Eco,859,3,3,3,4,1,3,1,1,4,4,4,3,1,2.69,0,63,FALSE
Male,Disloyal Customer,57,Business Travel,Business,234,2,2,2,3,5,2,5,5,1,3,3,2,5,3.08,33,27,FALSE
Male,Loyal Customer,34,Personal Travel,Eco Plus,2565,2,1,2,1,2,1,1,4,1,2,2,1,1,1.62,0,2,FALSE
Male,Loyal Customer,46,Business Travel,Eco,391,4,1,5,1,3,4,3,3,4,4,3,5,3,3.31,0,0,TRUE
Female,Loyal Customer,39,Business Travel,Eco Plus,359,1,4,5,4,1,1,1,1,4,2,4,1,1,2.31,0,0,FALSE
Male,Loyal Customer,8,Business Travel,Business,533,1,1,5,1,1,1,1,1,4,2,4,1,1,1.85,0,0,FALSE
Male,Disloyal Customer,24,Business Travel,Eco,496,4,3,4,1,2,4,2,2,5,3,5,4,2,3.15,0,0,TRUE
Male,Loyal Customer,51,Business Travel,Business,143,1,1,1,1,4,3,5,5,5,5,4,3,5,3.31,16,16,TRUE
Female,Loyal Customer,49,Personal Travel,Eco,416,2,5,2,4,4,3,1,2,2,2,2,1,3,2.54,0,0,FALSE
Female,Disloyal Customer,38,Business Travel,Eco Plus,238,4,4,4,1,4,4,4,4,4,2,1,2,4,3.23,0,0,FALSE
Female,Loyal Customer,52,Personal Travel,Eco,414,4,4,4,5,1,4,4,3,3,4,3,3,2,3.38,0,0,FALSE
Female,Disloyal Customer,42,Business Travel,Business,1788,1,0,0,2,3,1,4,3,5,3,4,4,3,2.54,0,0,FALSE
Male,Loyal Customer,50,Business Travel,Business,423,4,4,4,4,2,5,4,5,5,5,5,4,3,4.15,0,0,TRUE
Female,Loyal Customer,42,Business Travel,Business,1013,1,1,1,1,4,4,5,4,4,4,4,5,3,3.15,0,0,TRUE
Female,Loyal Customer,35,Personal Travel,Eco,985,4,4,4,3,1,4,1,1,4,4,4,3,1,2.92,0,0,FALSE
Male,Loyal Customer,41,Business Travel,Business,1508,2,5,5,5,1,3,4,2,2,2,2,2,2,2.85,0,0,FALSE
Male,Disloyal Customer,34,Business Travel,Eco,368,3,0,3,1,4,3,4,4,3,4,3,1,4,2.85,0,0,FALSE
Female,Disloyal Customer,24,Business Travel,Eco,452,2,0,2,4,3,2,3,3,5,5,5,4,3,3.15,0,0,FALSE
Male,Loyal Customer,20,Personal Travel,Eco,762,3,4,3,3,1,3,1,1,5,4,5,4,1,2.92,87,70,FALSE
Male,Loyal Customer,52,Personal Travel,Eco,372,4,4,4,4,2,4,2,2,4,3,5,3,2,3.31,0,0,FALSE
Female,Disloyal Customer,24,Business Travel,Eco,937,3,3,3,3,2,3,2,2,4,3,5,5,2,3.08,5,0,FALSE
Male,Loyal Customer,37,Personal Travel,Eco,500,2,4,2,1,2,3,3,5,2,4,4,3,3,2.92,215,203,FALSE
Female,Loyal Customer,49,Business Travel,Business,153,0,4,0,3,4,4,4,3,3,3,3,5,4,3.08,0,0,TRUE
Male,Loyal Customer,25,Business Travel,Business,687,1,2,2,2,1,1,1,1,2,3,3,2,1,1.69,25,20,FALSE
Female,Disloyal Customer,59,Business Travel,Eco,489,3,1,3,4,3,3,3,3,4,1,3,1,3,2.69,4,0,FALSE
Female,Loyal Customer,60,Business Travel,Business,2024,1,5,4,5,5,4,4,1,1,1,1,2,1,2.69,4,7,FALSE
Female,Loyal Customer,34,Business Travel,Business,868,3,3,5,3,4,4,5,5,5,5,5,4,4,4.23,0,0,TRUE
Female,Loyal Customer,50,Business Travel,Eco,204,5,4,4,4,3,1,5,5,5,5,5,4,2,4,26,17,TRUE
Female,Loyal Customer,35,Personal Travel,Eco,337,5,4,5,4,1,5,1,1,4,4,5,5,1,3.46,0,5,TRUE
Male,Loyal Customer,17,Personal Travel,Eco,96,2,5,2,3,5,2,4,5,5,2,5,5,5,3.85,0,0,FALSE
Male,Loyal Customer,23,Personal Travel,Eco,761,3,4,3,3,2,3,2,2,5,3,5,4,2,3.15,0,8,FALSE
Male,Loyal Customer,32,Personal Travel,Eco,192,0,5,0,3,2,0,5,2,4,2,5,3,2,2.54,0,0,TRUE
Male,Loyal Customer,34,Business Travel,Business,109,5,3,5,5,4,2,3,4,4,4,5,4,5,4.08,22,25,TRUE
Male,Loyal Customer,41,Personal Travel,Eco Plus,1123,3,1,3,3,2,3,2,2,3,3,3,2,2,2.46,4,33,FALSE
Male,Loyal Customer,30,Business Travel,Business,1524,1,1,5,1,5,5,3,5,2,3,2,2,5,3.08,0,0,TRUE
Female,Loyal Customer,30,Business Travel,Business,772,1,1,4,1,5,4,5,5,4,4,5,3,5,3.62,6,0,TRUE
Male,Loyal Customer,27,Business Travel,Business,1960,5,5,5,5,4,4,4,4,4,2,1,2,4,3.77,0,0,TRUE
Female,Loyal Customer,53,Business Travel,Business,3451,0,0,0,3,3,5,4,3,3,3,5,3,3,2.69,0,0,TRUE
Female,Loyal Customer,46,Personal Travel,Eco,448,1,4,2,1,3,4,4,1,1,2,1,3,3,2.31,18,13,FALSE
Male,Loyal Customer,44,Business Travel,Eco,967,3,4,4,4,3,3,3,3,1,1,3,2,3,2.85,1,0,TRUE
Male,Loyal Customer,39,Business Travel,Eco,192,5,4,4,4,5,5,5,5,2,2,1,2,5,3.77,0,0,TRUE
Female,Loyal Customer,56,Business Travel,Business,67,1,1,1,1,2,4,4,5,5,5,4,3,4,3.08,0,0,TRUE
Male,Loyal Customer,70,Business Travel,Business,2849,2,4,4,4,5,3,3,2,2,2,2,1,3,2.85,0,0,FALSE
Female,Loyal Customer,19,Personal Travel,Eco,1900,2,4,2,1,5,2,5,5,5,2,3,3,5,3.38,80,75,FALSE
Male,Loyal Customer,56,Personal Travel,Eco,239,2,4,2,2,4,2,4,4,4,3,4,3,4,3.23,11,11,FALSE
Male,Loyal Customer,47,Business Travel,Business,1400,3,3,3,3,4,4,1,4,4,4,4,3,2,3.23,65,79,TRUE
Male,Loyal Customer,56,Business Travel,Business,558,2,2,2,2,4,5,4,4,4,4,4,5,4,3.54,0,0,TRUE
Female,Loyal Customer,51,Personal Travel,Eco,771,3,4,3,3,5,4,4,5,5,3,5,3,5,4,0,0,FALSE
Female,Loyal Customer,33,Personal Travel,Eco,594,4,1,4,4,4,4,4,4,3,2,3,3,4,3.38,0,0,TRUE
Male,Loyal Customer,56,Business Travel,Business,1846,2,5,5,5,1,4,4,2,2,2,2,4,4,3.23,0,0,FALSE
Male,Loyal Customer,23,Personal Travel,Eco,315,3,2,3,2,2,3,2,2,1,3,2,1,2,2.15,0,0,FALSE
Female,Loyal Customer,49,Business Travel,Business,2932,5,5,5,5,2,5,4,5,5,5,5,3,4,4.46,35,34,TRUE
Male,Loyal Customer,42,Business Travel,Business,2963,1,1,1,1,5,4,5,5,5,5,5,4,3,3.46,0,0,TRUE
Male,Loyal Customer,38,Business Travel,Business,299,3,3,3,3,1,4,3,3,3,3,3,4,1,2.85,0,14,FALSE
Male,Loyal Customer,26,Business Travel,Business,227,5,5,5,5,4,4,4,4,4,5,4,3,4,4.31,2,0,TRUE
Female,Loyal Customer,48,Business Travel,Business,3771,1,1,1,1,5,4,5,4,4,4,4,4,3,3.15,0,0,TRUE
Male,Loyal Customer,36,Business Travel,Business,2220,3,3,3,3,3,5,5,4,4,4,4,5,5,3.92,0,0,TRUE
Female,Loyal Customer,23,Business Travel,Eco Plus,689,3,5,5,5,3,3,3,3,3,4,3,4,3,3.62,0,0,FALSE
Female,Loyal Customer,12,Personal Travel,Eco,372,1,2,1,3,3,1,3,3,2,5,3,1,3,2.38,2,23,FALSE
Male,Loyal Customer,32,Personal Travel,Eco,129,1,2,1,3,3,1,4,3,4,4,3,1,3,2.54,0,9,FALSE
Female,Disloyal Customer,27,Business Travel,Business,134,2,2,2,1,5,2,1,5,4,5,4,4,5,3.23,0,0,FALSE
Female,Loyal Customer,30,Business Travel,Business,1570,1,2,1,1,2,2,2,2,4,3,2,5,2,2.23,0,0,TRUE
Female,Loyal Customer,11,Personal Travel,Eco,468,1,4,1,3,2,1,2,2,5,5,5,4,2,2.85,9,2,FALSE
Female,Loyal Customer,35,Personal Travel,Eco Plus,919,1,5,1,5,1,2,2,3,2,4,4,2,2,2.62,327,313,FALSE
Male,Loyal Customer,51,Business Travel,Business,2130,3,3,3,3,4,4,4,4,4,4,4,4,4,3.69,14,15,TRUE
Male,Loyal Customer,44,Business Travel,Business,1721,3,3,3,3,2,3,2,4,4,4,4,1,4,3.08,0,0,TRUE
Female,Loyal Customer,53,Business Travel,Business,1789,5,5,5,5,4,4,5,2,2,2,2,3,4,3.69,59,56,TRUE
Male,Loyal Customer,53,Business Travel,Business,226,4,4,4,4,3,4,5,5,5,5,5,5,5,4.46,11,0,TRUE
Female,Loyal Customer,68,Personal Travel,Eco,566,1,5,1,2,3,4,5,5,5,1,2,3,5,3.23,5,10,FALSE
Female,Loyal Customer,20,Personal Travel,Eco,931,4,4,4,4,5,4,4,5,1,3,3,4,5,3.85,0,0,FALSE
Female,Disloyal Customer,36,Business Travel,Eco,409,1,0,1,5,5,1,5,5,5,4,4,2,5,3.31,0,0,FALSE
Male,Loyal Customer,59,Business Travel,Eco,1246,2,5,5,5,2,2,2,2,3,2,2,1,2,2.69,10,6,FALSE
Female,Loyal Customer,47,Personal Travel,Eco,296,4,4,4,5,3,4,5,3,3,4,3,4,3,3.77,0,4,FALSE
Female,Loyal Customer,36,Personal Travel,Eco,486,1,4,1,3,1,1,1,1,3,4,4,5,1,2.31,27,14,FALSE
Female,Loyal Customer,17,Personal Travel,Eco,372,4,0,4,4,1,4,1,1,5,4,4,5,1,2.92,0,0,TRUE
Female,Loyal Customer,25,Business Travel,Eco,631,4,2,4,2,4,4,4,4,2,2,4,2,4,3.23,3,17,FALSE
Male,Loyal Customer,36,Personal Travel,Eco Plus,190,3,5,3,3,1,3,5,1,2,4,1,4,1,2.77,0,2,FALSE
Female,Loyal Customer,43,Personal Travel,Eco,329,3,4,3,4,3,4,3,3,3,3,3,1,1,2.92,0,0,FALSE
Female,Loyal Customer,44,Business Travel,Eco,462,5,5,5,5,3,5,3,4,4,5,4,1,1,3.85,0,2,TRUE
Male,Loyal Customer,69,Personal Travel,Eco,1670,3,3,3,4,5,3,4,5,3,5,4,3,5,3.85,22,0,FALSE
Female,Loyal Customer,55,Personal Travel,Eco,2586,1,5,1,4,1,5,4,1,1,4,5,4,4,3.08,176,160,FALSE
Female,Loyal Customer,58,Business Travel,Business,301,3,1,4,1,3,3,3,3,3,3,3,3,4,2.85,23,12,FALSE
Female,Loyal Customer,43,Business Travel,Eco Plus,954,3,4,4,4,3,2,2,4,4,3,4,4,2,3.31,12,1,FALSE
Male,Loyal Customer,31,Business Travel,Business,2939,2,2,2,2,2,3,2,2,4,5,4,4,2,2.77,14,11,TRUE
Female,Loyal Customer,45,Personal Travel,Eco,236,1,4,1,2,2,4,5,2,2,1,2,4,5,2.69,0,0,FALSE
Female,Loyal Customer,26,Personal Travel,Eco,1609,1,2,2,3,5,2,4,5,1,5,4,1,5,3.08,0,1,FALSE
Male,Loyal Customer,47,Business Travel,Business,3037,4,4,4,4,2,2,1,3,3,4,3,2,3,3,4,10,TRUE
Male,Loyal Customer,52,Business Travel,Business,2491,4,4,4,4,3,2,1,4,4,4,4,1,2,3.15,0,0,TRUE
Female,Loyal Customer,42,Business Travel,Eco,983,4,2,2,2,3,2,2,5,5,4,5,2,1,3,0,0,FALSE
Male,Loyal Customer,50,Business Travel,Eco,925,3,4,4,4,3,3,3,3,2,3,1,2,3,2.92,0,0,FALSE
Female,Loyal Customer,39,Business Travel,Business,1939,1,4,4,4,1,3,3,1,1,1,1,1,4,2.23,0,0,FALSE
Female,Loyal Customer,9,Personal Travel,Eco,1046,3,4,2,5,2,2,2,2,5,3,4,4,2,3.08,0,0,FALSE
Male,Loyal Customer,58,Personal Travel,Eco,369,1,1,1,2,2,1,2,2,1,1,2,1,2,1.46,0,0,FALSE
Female,Loyal Customer,47,Personal Travel,Eco,374,2,4,2,3,4,3,3,3,3,2,5,1,3,2.92,0,0,FALSE
Female,Loyal Customer,65,Personal Travel,Eco,338,3,2,2,3,2,3,4,4,4,2,4,4,3,3.08,0,0,FALSE
Male,Loyal Customer,39,Business Travel,Eco,397,2,3,3,3,2,2,2,2,3,4,1,4,2,2.54,31,27,FALSE
Male,Loyal Customer,46,Business Travel,Business,1866,4,1,1,1,1,3,3,4,4,4,4,2,4,2.77,11,8,FALSE
Female,Loyal Customer,37,Personal Travel,Eco,345,3,4,3,4,4,3,4,4,1,2,3,1,4,3.08,6,0,FALSE
Female,Loyal Customer,18,Personal Travel,Eco Plus,239,2,4,2,3,4,2,4,4,3,4,3,3,4,3.23,31,31,FALSE
Male,Loyal Customer,45,Business Travel,Business,2757,1,1,1,1,3,5,5,4,4,4,4,5,4,3.23,7,0,TRUE
Male,Loyal Customer,43,Business Travel,Business,3710,2,2,2,2,5,2,4,4,4,4,3,3,5,3.23,0,7,TRUE
Female,Loyal Customer,60,Business Travel,Business,3373,3,4,3,4,2,3,4,3,3,3,3,3,2,3.08,0,29,FALSE
Female,Loyal Customer,39,Personal Travel,Eco,235,2,4,2,1,1,2,1,1,3,3,4,5,1,2.31,0,0,FALSE
Male,Loyal Customer,32,Business Travel,Business,1587,1,1,1,1,5,5,5,5,4,4,3,4,5,3.38,0,0,TRUE
Female,Loyal Customer,42,Business Travel,Business,1893,1,4,1,1,3,5,5,4,4,4,4,4,5,3.46,4,0,TRUE
Male,Loyal Customer,57,Personal Travel,Eco,862,4,4,4,1,3,4,3,3,5,2,4,5,3,3.46,17,5,FALSE
Female,Loyal Customer,46,Personal Travel,Eco,541,3,4,3,2,3,5,4,1,1,3,1,5,4,3,0,1,FALSE
Female,Loyal Customer,70,Personal Travel,Business,314,2,2,2,2,3,3,2,4,4,2,2,4,1,2.54,81,93,FALSE
Female,Loyal Customer,40,Personal Travel,Eco,102,0,4,0,4,1,0,1,1,4,4,4,5,1,2.23,0,0,TRUE
Male,Loyal Customer,53,Personal Travel,Eco Plus,1562,5,5,5,1,2,5,2,2,4,3,4,3,2,3.31,26,21,TRUE
Male,Loyal Customer,66,Personal Travel,Eco,214,3,2,3,3,2,3,2,2,2,4,2,1,2,2.38,0,0,FALSE
Male,Disloyal Customer,22,Business Travel,Business,931,5,4,5,1,4,5,4,4,4,3,5,3,4,3.92,0,0,TRUE
Male,Loyal Customer,59,Business Travel,Business,2927,0,0,0,3,3,5,5,5,5,5,5,3,4,3.31,3,0,TRUE
Male,Loyal Customer,46,Business Travel,Business,1069,2,3,4,3,2,2,2,4,4,3,3,2,2,2.77,218,199,FALSE
Male,Loyal Customer,64,Personal Travel,Eco,1035,4,1,4,3,4,5,5,1,2,3,3,5,5,3.46,250,253,FALSE
Male,Loyal Customer,50,Personal Travel,Eco,1491,2,3,2,3,2,2,2,2,2,2,2,1,2,2.08,10,12,FALSE
Female,Loyal Customer,26,Personal Travel,Eco,486,3,0,3,2,3,3,3,3,3,4,4,3,3,2.85,45,38,FALSE
Female,Loyal Customer,43,Business Travel,Business,925,5,5,5,5,4,5,5,4,4,4,4,4,5,4.54,48,30,TRUE
Female,Loyal Customer,62,Personal Travel,Eco,1514,3,4,3,3,5,3,3,1,1,3,1,4,4,2.92,80,66,FALSE
Female,Loyal Customer,9,Business Travel,Business,1979,2,2,2,2,5,5,5,5,3,2,5,4,5,3.62,0,5,TRUE
Female,Loyal Customer,43,Business Travel,Business,3941,3,3,3,3,2,4,5,4,4,4,4,3,5,3.62,0,0,TRUE
Male,Loyal Customer,7,Personal Travel,Eco Plus,451,3,4,2,3,3,2,3,3,4,4,4,3,3,3.15,25,21,FALSE
Male,Loyal Customer,56,Business Travel,Business,2697,2,1,1,1,3,4,3,2,2,2,2,3,4,2.31,0,32,FALSE
Male,Loyal Customer,25,Business Travel,Business,2558,4,4,4,4,4,4,4,4,5,4,5,5,4,4.23,10,5,TRUE
Male,Loyal Customer,63,Personal Travel,Eco,208,2,4,2,3,5,2,5,5,1,5,3,3,5,3.46,0,0,FALSE
Male,Loyal Customer,65,Business Travel,Business,1849,3,3,3,3,3,5,5,5,5,4,5,3,5,4,0,0,TRUE
Male,Loyal Customer,15,Business Travel,Business,3508,3,3,3,3,4,5,4,4,3,5,4,3,4,3.69,0,0,TRUE
Female,Loyal Customer,49,Personal Travel,Eco,390,3,5,3,2,2,5,4,1,1,3,1,3,5,2.92,0,0,FALSE
Male,Loyal Customer,61,Personal Travel,Eco,657,2,5,2,3,2,3,3,5,5,5,5,3,3,3.54,132,120,FALSE
Male,Disloyal Customer,39,Business Travel,Business,1121,1,0,0,2,3,0,3,3,5,3,2,4,3,2.23,0,4,FALSE
Female,Loyal Customer,43,Business Travel,Business,3873,4,4,4,4,3,2,3,4,4,3,4,1,4,3.38,13,8,FALSE
Male,Disloyal Customer,22,Business Travel,Eco,862,2,2,2,1,2,2,2,2,3,3,5,5,2,2.54,90,77,FALSE
Female,Disloyal Customer,49,Business Travel,Business,632,4,4,4,3,2,4,2,2,5,2,5,3,2,3.23,0,0,FALSE
Female,Loyal Customer,60,Business Travel,Business,749,1,1,1,1,3,5,5,4,4,4,4,4,4,3.15,0,0,TRUE
Female,Loyal Customer,48,Business Travel,Eco,343,4,1,1,1,5,2,4,4,4,4,4,4,3,3.15,16,50,TRUE
Male,Disloyal Customer,39,Business Travel,Business,216,4,4,4,1,3,4,3,3,2,5,3,5,3,3.38,0,7,TRUE
Female,Loyal Customer,34,Business Travel,Eco Plus,370,1,1,1,1,1,1,1,1,3,2,4,1,1,1.46,0,0,FALSE
Female,Loyal Customer,16,Business Travel,Business,2374,3,5,3,3,4,4,4,4,4,3,4,5,4,3.85,6,28,TRUE
Male,Loyal Customer,60,Business Travel,Business,3537,5,5,5,5,5,5,4,5,5,5,5,3,4,4.69,0,0,TRUE
Female,Loyal Customer,8,Personal Travel,Business,907,4,4,4,1,4,4,4,4,4,4,4,4,4,3.77,4,1,FALSE
Female,Loyal Customer,52,Business Travel,Business,928,4,4,4,4,2,4,5,4,4,4,4,4,3,3.85,0,1,TRUE
Male,Loyal Customer,26,Personal Travel,Eco,925,3,5,3,2,4,3,4,4,4,2,4,4,4,3.54,0,0,FALSE
Male,Loyal Customer,20,Business Travel,Eco,821,2,4,4,4,2,2,1,2,3,2,4,4,2,2.77,0,0,FALSE
Female,Loyal Customer,17,Business Travel,Business,95,2,2,4,2,4,4,3,4,2,3,3,1,4,2.92,0,0,TRUE
Female,Loyal Customer,7,Business Travel,Business,1998,2,3,3,3,2,2,2,2,3,2,4,1,2,2.38,15,14,FALSE
Female,Loyal Customer,52,Business Travel,Business,3042,2,4,2,2,1,5,5,4,4,4,4,4,2,3.31,0,0,TRUE
Male,Loyal Customer,26,Personal Travel,Eco,861,2,4,2,4,4,2,4,4,4,2,5,5,4,3.54,0,0,FALSE
Female,Loyal Customer,48,Personal Travel,Eco,1619,0,4,0,4,4,3,4,2,2,0,2,4,3,2.46,0,0,TRUE
Female,Loyal Customer,47,Business Travel,Business,2014,3,1,1,1,5,3,3,3,3,3,3,3,3,2.69,0,0,FALSE
Female,Loyal Customer,33,Personal Travel,Eco,374,3,3,3,3,4,3,4,4,3,2,5,5,4,3.54,5,35,FALSE
Male,Loyal Customer,45,Business Travel,Business,3772,5,5,5,5,2,5,5,4,4,4,4,4,4,4.31,0,0,TRUE
Female,Loyal Customer,48,Business Travel,Business,3783,4,4,4,4,2,1,2,5,5,5,5,4,3,3.69,0,1,TRUE
Female,Disloyal Customer,25,Business Travel,Eco,775,3,3,3,4,5,3,5,5,3,1,4,1,5,3.46,0,11,FALSE
Female,Loyal Customer,68,Personal Travel,Eco,945,4,3,4,2,2,2,3,2,2,4,4,5,2,3,26,27,TRUE
Male,Loyal Customer,47,Business Travel,Business,2125,4,4,4,4,3,5,4,5,5,5,5,3,5,4.31,0,0,TRUE
Male,Loyal Customer,40,Business Travel,Business,1947,5,5,5,5,2,3,5,4,4,4,4,4,5,4.23,9,0,TRUE
Male,Loyal Customer,14,Personal Travel,Eco,1197,4,4,4,4,4,4,3,4,5,4,4,4,4,4,17,0,TRUE
Female,Loyal Customer,47,Personal Travel,Eco,813,2,1,1,3,5,2,3,1,1,1,1,2,3,2,7,0,FALSE
Female,Loyal Customer,20,Business Travel,Business,1797,5,5,5,5,5,5,5,5,4,3,3,5,5,4.62,0,3,TRUE
Female,Loyal Customer,54,Business Travel,Business,3850,2,2,2,2,2,5,5,3,3,3,3,3,4,3,11,16,TRUE
Male,Loyal Customer,46,Business Travel,Business,666,1,1,1,1,3,4,5,4,4,4,4,4,5,3.15,0,0,TRUE
Male,Loyal Customer,30,Personal Travel,Eco,2296,3,3,3,3,5,3,5,5,4,3,4,1,5,3.62,1,0,FALSE
Male,Loyal Customer,54,Personal Travel,Eco,605,1,5,1,2,5,1,5,5,4,2,4,4,5,3.38,25,23,FALSE
Male,Loyal Customer,30,Personal Travel,Eco,762,3,5,3,4,4,3,2,4,3,2,4,4,4,3.46,0,3,FALSE
Female,Loyal Customer,59,Business Travel,Business,247,2,2,2,2,2,5,4,4,4,4,4,4,3,3.23,29,23,TRUE
Female,Disloyal Customer,33,Business Travel,Eco,89,1,4,2,3,5,2,4,5,5,4,3,4,5,3.62,0,0,FALSE
Male,Loyal Customer,42,Business Travel,Business,86,2,4,4,4,3,2,3,3,3,3,2,2,4,3,34,63,FALSE
Female,Loyal Customer,25,Business Travel,Business,4243,4,4,4,4,4,4,4,5,2,5,5,4,4,4.08,5,0,TRUE
Female,Loyal Customer,47,Business Travel,Business,3840,5,5,5,5,4,4,4,4,4,4,4,5,5,4.46,0,0,TRUE
Male,Loyal Customer,36,Business Travel,Business,314,4,4,2,4,2,1,3,4,4,4,4,3,4,3.31,2,28,TRUE
Female,Disloyal Customer,29,Business Travel,Business,812,1,1,1,2,4,1,4,4,3,5,5,3,4,2.92,0,0,FALSE
Female,Loyal Customer,7,Personal Travel,Eco,1744,1,2,1,3,4,1,4,4,2,4,4,4,4,2.92,15,0,FALSE
Female,Disloyal Customer,27,Business Travel,Business,601,1,1,1,1,2,1,2,2,4,3,5,4,2,2.23,0,0,FALSE
Female,Disloyal Customer,38,Business Travel,Eco,347,2,2,2,4,4,2,4,4,4,2,3,4,4,3.15,0,0,FALSE
Female,Loyal Customer,39,Business Travel,Business,819,2,5,5,5,3,4,4,2,2,2,2,1,1,2.92,0,50,FALSE
Male,Disloyal Customer,48,Business Travel,Business,216,3,3,3,3,4,3,4,4,4,5,4,4,4,3.69,0,0,FALSE
Male,Disloyal Customer,57,Business Travel,Business,813,3,3,3,4,5,3,5,5,3,2,4,3,5,3.69,9,5,FALSE
Female,Disloyal Customer,27,Business Travel,Business,581,5,5,5,4,2,5,1,2,3,4,5,4,2,3.62,0,0,TRUE
Female,Disloyal Customer,11,Personal Travel,Eco,1325,5,5,5,2,2,5,2,2,3,5,3,5,2,3.54,5,0,TRUE
Male,Loyal Customer,21,Business Travel,Eco,1076,4,3,3,3,4,4,4,4,4,3,5,4,4,3.77,0,9,TRUE
Female,Loyal Customer,33,Business Travel,Business,2210,2,2,2,2,1,3,5,4,4,4,4,4,3,3.08,0,0,TRUE
Female,Disloyal Customer,44,Business Travel,Eco,1384,3,3,3,4,2,3,2,2,3,3,1,2,2,2.54,0,0,FALSE
Female,Loyal Customer,58,Personal Travel,Eco,140,3,4,3,4,4,3,4,4,4,3,4,3,1,3.38,0,0,FALSE
Male,Disloyal Customer,26,Business Travel,Eco,448,1,4,1,1,3,1,3,3,1,1,2,2,3,2,27,25,FALSE
Female,Loyal Customer,12,Business Travel,Business,3720,2,3,3,3,2,3,2,2,4,3,3,3,2,2.69,28,82,FALSE
Male,Loyal Customer,49,Business Travel,Business,3108,1,1,1,1,1,3,3,1,1,1,1,4,3,1.69,0,9,FALSE
Male,Loyal Customer,46,Business Travel,Business,590,4,4,4,4,4,4,5,4,4,4,4,4,3,4,0,2,TRUE
Female,Loyal Customer,50,Personal Travel,Eco Plus,1635,1,4,1,4,3,4,4,3,3,1,5,4,5,3.23,1,0,FALSE
Male,Loyal Customer,57,Personal Travel,Eco,950,5,4,5,5,2,5,2,2,4,3,3,4,2,3.54,2,0,TRUE
Female,Loyal Customer,59,Business Travel,Business,3301,1,2,3,2,4,3,3,1,1,1,1,3,4,2.23,0,0,FALSE
Female,Loyal Customer,68,Business Travel,Business,391,4,4,4,4,2,5,4,4,4,4,4,3,4,3.85,12,11,TRUE
Male,Loyal Customer,47,Business Travel,Business,1437,4,4,4,4,5,5,5,5,5,5,5,5,4,4.62,0,0,TRUE
Female,Loyal Customer,39,Business Travel,Business,2203,3,4,4,4,4,3,4,3,3,4,3,2,3,3.38,0,4,FALSE
Female,Loyal Customer,39,Business Travel,Business,3112,1,1,1,1,3,4,4,5,5,4,5,5,4,3.31,2,2,TRUE
Female,Loyal Customer,38,Business Travel,Eco Plus,450,2,1,1,1,2,2,2,2,1,2,4,1,2,1.77,27,21,FALSE
Male,Loyal Customer,48,Business Travel,Eco Plus,86,5,3,1,1,5,5,5,5,4,1,3,5,5,3.69,0,0,TRUE
Male,Loyal Customer,49,Personal Travel,Eco,534,3,5,3,1,1,3,2,1,4,3,4,4,1,2.69,0,0,FALSE
Female,Loyal Customer,55,Personal Travel,Eco Plus,101,1,2,0,4,5,3,4,3,3,0,5,2,1,2.54,0,0,FALSE
Female,Loyal Customer,46,Business Travel,Eco,109,3,4,4,4,5,4,3,3,3,3,3,1,3,3.31,0,0,TRUE
Male,Loyal Customer,40,Personal Travel,Eco,1721,1,4,1,3,5,1,5,5,3,3,5,5,5,3.54,0,0,FALSE
Female,Loyal Customer,51,Business Travel,Business,3804,5,5,4,5,5,4,5,5,5,5,5,3,4,4.62,0,5,TRUE
Female,Loyal Customer,57,Business Travel,Business,862,2,2,2,2,3,3,3,2,2,2,2,1,1,2.08,52,35,FALSE
Male,Loyal Customer,80,Business Travel,Business,106,4,4,4,4,5,1,2,4,4,4,5,3,5,3.77,0,0,TRUE
Male,Loyal Customer,53,Business Travel,Business,1670,5,5,2,5,4,3,5,2,2,2,2,5,5,3.62,18,15,TRUE
Female,Loyal Customer,20,Personal Travel,Eco Plus,528,1,3,2,3,1,2,1,1,3,5,3,5,1,2.38,0,0,FALSE
Male,Loyal Customer,39,Business Travel,Business,545,2,2,5,2,3,4,4,4,4,4,4,5,3,3.54,0,0,TRUE
Female,Loyal Customer,45,Personal Travel,Eco,525,4,5,4,3,2,4,5,3,3,4,3,3,5,3.69,0,0,FALSE
Female,Loyal Customer,51,Business Travel,Business,937,4,2,2,2,1,3,4,4,4,4,4,3,3,3.08,0,0,FALSE
Female,Loyal Customer,29,Business Travel,Business,2389,5,4,5,5,5,5,5,5,3,3,4,5,5,4.54,9,0,TRUE
Male,Loyal Customer,41,Business Travel,Eco Plus,265,4,5,5,5,4,4,4,4,4,1,5,2,4,3.92,0,0,TRUE
Female,Loyal Customer,70,Personal Travel,Eco,1172,4,5,5,4,2,3,5,1,1,5,1,3,4,3.31,17,21,FALSE
Male,Loyal Customer,52,Personal Travel,Eco,817,1,2,1,2,5,1,5,5,4,4,3,2,5,3.08,0,0,FALSE
Female,Loyal Customer,33,Business Travel,Business,2836,4,4,4,4,3,1,3,5,5,5,5,2,3,3.69,0,0,TRUE
Male,Loyal Customer,39,Business Travel,Business,370,5,5,5,5,4,5,4,5,5,5,5,5,5,4.85,0,0,TRUE
Female,Loyal Customer,38,Business Travel,Business,2303,4,2,2,2,4,3,3,1,1,1,4,3,4,2.62,62,56,FALSE
Female,Loyal Customer,20,Personal Travel,Eco,522,2,4,2,3,2,3,3,4,3,5,4,3,3,3.15,454,458,FALSE
Female,Loyal Customer,68,Personal Travel,Eco Plus,247,2,4,0,3,4,5,4,2,2,0,2,4,5,2.85,1,2,FALSE
Female,Loyal Customer,41,Personal Travel,Eco,101,3,2,3,2,5,3,5,5,3,1,2,2,5,3.15,0,1,FALSE
Male,Loyal Customer,31,Business Travel,Business,3057,2,2,2,2,5,5,5,5,3,5,4,5,5,3.85,0,0,TRUE
Female,Loyal Customer,25,Business Travel,Business,1605,2,3,3,3,2,2,2,2,2,1,2,2,2,2.15,8,11,FALSE
Male,Disloyal Customer,27,Business Travel,Eco,715,2,2,2,3,4,2,1,4,3,1,2,2,4,2.46,0,0,FALSE
Female,Loyal Customer,60,Personal Travel,Eco,950,2,3,2,3,3,2,3,4,4,2,2,4,2,2.77,29,0,FALSE
Female,Loyal Customer,41,Personal Travel,Eco,899,1,4,1,5,1,1,1,1,5,5,4,5,1,2.69,0,0,FALSE
Female,Disloyal Customer,39,Business Travel,Business,338,5,4,4,1,4,4,5,4,5,3,5,3,4,3.92,7,1,TRUE
Female,Loyal Customer,59,Personal Travel,Eco,738,2,5,2,2,4,5,5,3,3,2,5,3,4,3.46,6,22,FALSE
Male,Loyal Customer,40,Business Travel,Business,1562,2,2,2,2,2,4,5,5,5,5,5,3,3,3.46,10,0,TRUE
Male,Loyal Customer,48,Personal Travel,Eco Plus,304,1,4,3,3,3,3,3,3,4,3,4,4,3,3.15,0,0,FALSE
Male,Loyal Customer,39,Business Travel,Business,342,1,1,1,1,3,5,4,5,5,5,5,4,4,3.38,0,0,TRUE
Male,Loyal Customer,58,Business Travel,Business,1120,1,2,2,2,4,3,4,1,1,1,1,4,3,2.23,0,0,FALSE
Male,Loyal Customer,12,Personal Travel,Eco,594,1,5,1,2,1,1,3,1,5,2,2,4,1,2.23,29,22,FALSE
Male,Loyal Customer,47,Business Travel,Eco,377,3,1,1,1,3,3,3,3,4,4,3,3,3,2.69,0,0,FALSE
Male,Loyal Customer,49,Personal Travel,Eco,422,3,0,3,1,2,3,2,2,5,3,5,4,2,2.69,0,0,FALSE
Male,Loyal Customer,54,Business Travel,Eco,834,4,3,3,3,4,4,4,4,1,5,3,4,4,3.54,0,0,TRUE
Female,Disloyal Customer,37,Business Travel,Eco,500,2,3,2,2,3,2,3,3,2,2,5,3,3,2.69,0,0,FALSE
Male,Loyal Customer,38,Business Travel,Business,2426,5,5,5,5,4,4,5,4,4,4,4,3,3,4.23,0,0,TRUE
Female,Loyal Customer,13,Personal Travel,Eco,337,2,5,2,4,3,2,1,3,4,4,5,5,3,3.31,1,10,FALSE
Female,Loyal Customer,50,Personal Travel,Eco,391,2,3,2,3,1,1,4,5,5,2,5,4,5,3.23,15,3,FALSE
Female,Loyal Customer,59,Business Travel,Business,3679,4,4,4,4,2,4,5,4,4,4,4,5,3,3.92,0,0,TRUE
Male,Disloyal Customer,44,Business Travel,Eco,327,4,2,3,2,5,3,5,5,2,5,3,4,5,3.69,32,11,FALSE
Male,Disloyal Customer,41,Business Travel,Business,309,5,1,1,4,5,5,5,5,5,3,5,4,5,4.08,0,0,TRUE
Male,Loyal Customer,49,Business Travel,Business,507,5,5,2,5,2,4,5,4,4,4,4,3,3,3.85,6,9,TRUE
Male,Loyal Customer,38,Business Travel,Business,2193,2,2,2,2,2,4,5,4,4,5,4,3,3,3.23,23,8,TRUE
Male,Loyal Customer,45,Business Travel,Business,692,3,5,5,5,2,4,4,3,3,3,3,1,3,3.38,0,0,FALSE
Male,Disloyal Customer,38,Business Travel,Business,452,3,4,4,1,4,4,4,4,5,3,4,5,4,3.77,3,11,FALSE
Male,Loyal Customer,40,Business Travel,Business,2790,2,5,2,2,5,4,5,3,3,3,3,3,5,3.46,0,0,TRUE
Female,Loyal Customer,50,Business Travel,Business,1033,4,4,5,4,5,5,5,4,4,4,4,3,3,4.15,0,0,TRUE
Male,Disloyal Customer,26,Business Travel,Eco,1476,2,2,2,2,5,2,5,5,4,2,3,2,5,3.15,44,62,FALSE
Male,Loyal Customer,39,Business Travel,Eco,292,2,1,1,1,2,2,2,2,4,3,2,3,2,2.08,0,0,TRUE
Female,Loyal Customer,26,Business Travel,Business,546,2,2,2,2,4,4,4,4,3,3,4,4,4,3.23,0,0,TRUE
Male,Loyal Customer,7,Personal Travel,Eco,529,0,3,0,1,1,0,1,1,1,2,2,1,1,1.08,1,5,TRUE
Female,Disloyal Customer,27,Business Travel,Eco,213,2,4,2,3,3,2,3,3,3,2,3,3,3,2.77,38,54,FALSE
Female,Loyal Customer,49,Business Travel,Eco,261,4,1,1,1,4,3,1,4,4,4,4,2,2,2.69,0,0,TRUE
Male,Loyal Customer,18,Personal Travel,Eco,802,4,4,4,4,2,4,2,2,3,3,5,3,2,3.23,0,0,FALSE
Male,Loyal Customer,24,Business Travel,Business,2949,3,3,1,3,5,5,5,5,5,5,4,4,5,4.08,34,36,TRUE
Female,Loyal Customer,49,Business Travel,Business,3087,0,0,0,2,2,4,5,3,3,3,1,5,3,2.38,22,26,TRUE
Male,Loyal Customer,31,Business Travel,Business,668,4,4,4,4,4,4,4,4,5,5,4,4,4,4.15,5,0,TRUE
Male,Loyal Customer,43,Business Travel,Business,1937,1,1,1,1,2,4,4,4,4,4,4,5,3,2.92,0,0,TRUE
Male,Disloyal Customer,22,Business Travel,Eco,528,2,3,2,3,4,2,4,4,2,4,4,4,4,3.23,0,0,FALSE
Female,Disloyal Customer,42,Business Travel,Business,1947,3,3,3,3,2,3,2,2,3,4,5,5,2,3.08,5,0,FALSE
Male,Loyal Customer,60,Business Travel,Eco,696,2,2,2,2,2,2,2,2,3,5,4,4,2,2.62,36,37,FALSE
Male,Loyal Customer,42,Personal Travel,Eco Plus,1400,2,5,2,5,5,2,5,5,3,2,3,5,5,3.77,0,0,FALSE
Male,Loyal Customer,66,Personal Travel,Eco,735,5,5,5,1,5,5,5,5,4,4,4,5,5,4.46,0,0,TRUE
Female,Loyal Customer,44,Business Travel,Business,3586,0,4,0,3,2,4,4,5,5,5,5,5,5,3.62,0,0,TRUE
Female,Loyal Customer,44,Business Travel,Business,1846,2,4,4,4,2,3,3,2,2,3,2,1,4,2.77,0,0,FALSE
Male,Loyal Customer,21,Personal Travel,Eco,770,2,5,2,5,4,2,4,4,3,5,5,4,4,3.77,17,34,FALSE
Male,Disloyal Customer,26,Business Travel,Business,354,3,1,3,3,3,3,3,3,2,5,3,3,3,2.92,0,7,FALSE
Female,Loyal Customer,67,Business Travel,Eco,781,2,1,1,1,3,3,2,2,2,2,2,1,4,2,23,28,FALSE
Female,Loyal Customer,61,Personal Travel,Business,486,1,2,1,4,2,2,4,3,3,1,3,2,1,2.23,0,0,FALSE
Female,Loyal Customer,52,Business Travel,Business,373,4,4,4,4,3,4,4,4,4,4,4,4,3,3.85,7,0,TRUE
Male,Loyal Customer,35,Personal Travel,Eco,594,3,1,3,4,1,3,1,1,3,3,3,4,1,2.38,0,0,FALSE
Male,Loyal Customer,19,Business Travel,Business,650,2,2,2,2,5,5,5,5,5,4,5,4,5,3.92,2,0,TRUE
Male,Loyal Customer,68,Business Travel,Eco,762,3,2,2,2,3,3,3,3,1,2,3,4,3,2.62,4,0,FALSE
Female,Disloyal Customer,21,Business Travel,Eco,363,2,0,2,5,4,2,4,4,5,2,5,3,4,3.23,0,0,FALSE
Female,Loyal Customer,29,Business Travel,Eco Plus,1431,3,3,3,3,3,3,3,3,3,1,3,4,3,2.92,0,2,FALSE
Male,Loyal Customer,80,Business Travel,Eco,101,2,5,5,5,2,2,2,2,4,5,3,1,2,3.08,0,0,FALSE
Female,Loyal Customer,25,Personal Travel,Eco,1751,2,5,2,2,4,2,4,4,1,1,3,4,4,2.92,0,0,FALSE
Male,Loyal Customer,40,Personal Travel,Eco,78,5,4,0,4,1,0,1,1,3,1,3,3,1,2.08,0,0,TRUE
Male,Loyal Customer,35,Business Travel,Eco,145,5,4,4,4,5,4,5,5,1,3,5,3,5,4.08,62,51,TRUE
Male,Loyal Customer,36,Personal Travel,Eco,1075,3,5,3,3,5,3,2,5,5,3,5,5,5,4,4,0,FALSE
Male,Loyal Customer,8,Business Travel,Business,748,4,4,4,4,4,4,4,4,5,4,2,1,4,3.69,6,6,TRUE
Female,Loyal Customer,54,Business Travel,Business,1050,3,3,1,3,2,5,5,5,5,5,5,3,3,3.69,26,9,TRUE
Male,Loyal Customer,32,Business Travel,Business,3814,1,1,2,1,4,4,4,4,4,5,4,3,4,3.15,0,0,TRUE
Female,Loyal Customer,40,Business Travel,Business,1325,4,4,4,4,3,4,5,5,5,5,5,5,3,4.31,0,20,TRUE
Male,Disloyal Customer,26,Business Travel,Eco,550,1,2,0,1,1,0,1,1,4,1,1,4,1,1.38,46,37,FALSE
Female,Loyal Customer,34,Business Travel,Business,1416,3,3,3,3,2,5,5,2,2,2,2,4,4,3.08,0,0,TRUE
Female,Loyal Customer,48,Business Travel,Eco,334,4,3,3,3,4,2,2,3,3,4,3,1,3,2.92,0,0,FALSE
Male,Loyal Customer,14,Personal Travel,Eco,237,2,5,2,1,2,2,2,2,4,5,4,4,2,2.85,34,20,FALSE
Male,Disloyal Customer,38,Business Travel,Business,351,3,4,4,3,5,4,2,5,1,4,5,5,5,3.85,0,0,FALSE
Female,Loyal Customer,18,Business Travel,Business,2089,4,4,4,4,4,3,4,4,4,2,4,2,4,3.62,40,42,FALSE
Female,Disloyal Customer,23,Business Travel,Eco,612,3,2,3,4,1,3,1,1,3,5,4,1,1,2.46,0,0,FALSE
Male,Loyal Customer,26,Personal Travel,Eco,588,3,4,3,4,4,3,4,4,3,5,4,5,4,3.85,0,0,FALSE
Female,Loyal Customer,16,Personal Travel,Eco,413,4,5,5,5,3,5,3,3,4,3,4,4,3,3.92,0,0,FALSE
Female,Disloyal Customer,39,Business Travel,Business,954,3,3,3,3,5,3,5,5,1,2,1,2,5,3.15,0,0,FALSE
Female,Loyal Customer,8,Personal Travel,Eco Plus,227,2,2,2,3,4,2,4,4,3,3,3,1,4,2.85,27,24,FALSE
Female,Loyal Customer,46,Personal Travel,Eco,1089,2,5,2,4,2,4,2,4,4,2,4,5,2,3.23,6,0,FALSE
Male,Loyal Customer,61,Personal Travel,Eco,528,4,3,4,2,1,4,1,1,2,4,3,5,1,2.69,0,0,TRUE
Female,Loyal Customer,40,Business Travel,Business,2797,5,5,5,5,2,4,4,5,5,5,5,4,4,4.46,0,7,TRUE
Female,Loyal Customer,43,Personal Travel,Eco,270,0,4,0,3,5,4,4,2,2,0,2,3,1,2.31,1,7,TRUE
Male,Loyal Customer,62,Personal Travel,Eco,853,2,5,1,3,3,1,5,3,4,3,5,5,3,3.31,29,24,FALSE
Female,Disloyal Customer,22,Business Travel,Eco,1016,5,5,5,1,4,5,4,4,3,3,3,5,4,3.92,0,5,TRUE
Male,Loyal Customer,26,Personal Travel,Eco,297,2,3,2,3,1,2,1,1,1,1,5,4,1,2.08,0,7,FALSE
Female,Loyal Customer,14,Personal Travel,Business,1102,1,4,1,3,1,1,1,1,2,1,3,2,1,1.69,17,18,FALSE
Female,Loyal Customer,39,Business Travel,Business,1880,1,1,1,1,2,5,4,5,5,5,5,3,3,3.15,0,0,TRUE
Female,Disloyal Customer,25,Business Travel,Business,371,2,0,2,3,5,2,5,5,3,5,5,3,5,3.46,0,0,FALSE
Female,Disloyal Customer,23,Business Travel,Eco,692,1,1,1,3,4,1,4,4,3,4,4,5,4,3,1,2,FALSE
Female,Loyal Customer,16,Personal Travel,Eco,239,3,5,3,2,4,3,4,4,4,5,4,3,4,3.69,3,0,FALSE
Male,Loyal Customer,47,Business Travel,Business,2728,4,4,4,4,5,5,4,4,4,4,5,3,3,4.08,0,1,TRUE
Male,Disloyal Customer,29,Business Travel,Eco,695,5,5,5,3,2,5,2,2,1,4,3,2,2,3.15,0,34,TRUE
Female,Loyal Customer,52,Business Travel,Business,3112,4,4,3,4,2,4,4,4,4,4,4,4,4,3.77,0,0,TRUE
Female,Disloyal Customer,28,Business Travel,Eco,1074,4,4,4,4,3,4,3,3,4,1,3,3,3,3.31,126,118,FALSE
Female,Disloyal Customer,28,Business Travel,Business,920,1,1,1,1,4,1,4,4,4,3,4,5,4,2.85,0,0,FALSE
Male,Loyal Customer,8,Personal Travel,Eco,2614,4,5,4,1,4,5,5,3,3,4,5,5,5,4.08,0,41,FALSE
Male,Loyal Customer,44,Personal Travel,Eco,502,4,5,4,4,1,4,1,1,3,4,4,3,1,3,0,0,FALSE
Male,Loyal Customer,49,Business Travel,Business,2072,5,5,5,5,2,3,5,4,4,4,4,5,5,4.31,4,0,TRUE
Female,Loyal Customer,68,Personal Travel,Eco Plus,416,3,4,3,4,5,3,4,4,4,3,4,1,4,3.54,28,22,FALSE
Male,Disloyal Customer,29,Business Travel,Business,1389,2,2,2,3,3,2,2,3,3,4,4,5,3,2.92,5,4,FALSE
Female,Loyal Customer,49,Personal Travel,Eco,719,3,1,3,3,5,3,2,1,1,3,2,1,1,2.23,3,9,FALSE
Male,Loyal Customer,54,Business Travel,Business,2607,5,5,4,5,3,4,5,4,4,4,4,3,3,4.08,0,2,TRUE
Female,Loyal Customer,65,Personal Travel,Eco,528,1,4,1,2,5,5,4,2,2,1,2,4,4,2.85,43,34,FALSE
Female,Disloyal Customer,27,Business Travel,Eco,406,2,2,2,3,2,2,2,2,3,2,4,2,2,2.31,0,0,FALSE
Male,Disloyal Customer,36,Business Travel,Eco,157,1,3,1,5,2,1,2,2,5,5,1,4,2,2.62,0,0,FALSE
Female,Loyal Customer,54,Personal Travel,Eco,283,4,5,4,3,5,4,5,3,3,4,3,5,4,4,0,0,FALSE
Female,Disloyal Customer,29,Business Travel,Eco,581,2,2,3,3,4,3,4,4,2,3,4,4,4,3.23,1,0,FALSE
Female,Disloyal Customer,28,Business Travel,Eco,723,3,3,3,3,3,4,4,1,2,3,3,4,4,3.08,37,35,FALSE
Female,Disloyal Customer,23,Business Travel,Eco,829,1,1,1,2,1,1,1,1,3,3,1,2,1,1.46,4,0,FALSE
Male,Loyal Customer,35,Business Travel,Business,2701,4,2,2,2,2,2,4,4,4,3,4,2,4,3,16,0,FALSE
Female,Loyal Customer,45,Business Travel,Business,1929,2,2,2,2,3,5,5,4,4,5,4,4,3,3.46,13,0,TRUE
Female,Loyal Customer,37,Business Travel,Business,651,2,2,2,2,2,4,4,3,3,3,3,5,3,2.92,1,0,TRUE
Male,Loyal Customer,30,Personal Travel,Eco,376,2,2,2,3,2,2,2,2,3,2,3,4,2,2.38,0,4,FALSE
Female,Loyal Customer,56,Business Travel,Business,1037,1,2,1,1,3,5,5,5,5,5,5,3,4,3.46,8,0,TRUE
Female,Disloyal Customer,29,Business Travel,Eco,395,2,4,2,4,5,2,5,5,3,1,4,3,5,3.46,0,0,FALSE
Female,Loyal Customer,65,Personal Travel,Eco,2367,1,4,1,2,2,4,4,2,2,1,2,5,3,2.54,17,0,FALSE
Male,Loyal Customer,33,Business Travel,Business,1440,2,2,2,2,2,2,2,2,2,2,2,2,2,2,171,167,FALSE
Male,Loyal Customer,56,Business Travel,Business,192,5,5,5,5,2,5,5,5,5,5,5,3,5,4.62,0,0,TRUE
Female,Disloyal Customer,27,Business Travel,Business,2133,3,3,3,3,3,3,3,3,4,5,4,3,3,3.31,0,0,FALSE
Female,Loyal Customer,59,Personal Travel,Eco,285,3,5,3,1,3,4,4,1,1,3,3,4,5,3.08,0,0,FALSE
Female,Loyal Customer,45,Business Travel,Business,1258,3,3,3,3,3,4,4,5,5,5,5,3,4,3.85,0,0,TRUE
Female,Loyal Customer,43,Business Travel,Business,3658,2,2,2,2,3,5,5,5,5,5,5,3,3,3.62,0,0,TRUE
Female,Loyal Customer,9,Personal Travel,Eco,2133,2,1,2,3,3,2,3,3,2,5,3,2,3,2.62,11,0,FALSE
Female,Loyal Customer,38,Business Travel,Business,3997,4,4,4,4,2,5,5,4,4,4,4,5,4,4.08,0,0,TRUE
Male,Disloyal Customer,40,Business Travel,Eco,799,1,1,1,3,5,1,5,5,1,2,3,3,5,2.77,64,63,FALSE
Female,Loyal Customer,58,Business Travel,Business,3553,1,1,1,1,4,5,4,5,5,5,5,3,5,3.46,0,0,TRUE
Male,Loyal Customer,54,Business Travel,Business,3700,1,1,1,1,5,4,5,4,4,4,4,4,3,3.15,20,29,TRUE
Male,Loyal Customer,45,Business Travel,Business,829,5,5,5,5,3,5,4,5,5,5,5,3,3,4.46,0,0,TRUE
Male,Loyal Customer,45,Business Travel,Business,3985,5,5,5,5,5,5,4,5,5,5,5,3,4,4.69,0,0,TRUE
Male,Loyal Customer,48,Business Travel,Business,3090,3,4,2,4,1,3,4,3,3,3,3,2,1,2.77,31,21,FALSE
Male,Disloyal Customer,32,Business Travel,Business,309,3,3,3,2,4,3,4,4,5,4,5,3,4,3.62,0,0,FALSE
Male,Loyal Customer,37,Business Travel,Eco Plus,1024,4,5,5,5,4,4,4,4,2,1,2,5,4,3.77,0,0,TRUE
Male,Loyal Customer,34,Business Travel,Eco,679,3,3,2,3,3,4,3,3,5,5,2,3,3,3.23,44,46,TRUE
Female,Loyal Customer,48,Business Travel,Eco,882,2,3,3,3,1,4,3,2,2,2,2,1,2,2.31,0,4,FALSE
Female,Loyal Customer,30,Business Travel,Business,632,3,3,3,3,2,2,2,2,5,4,5,5,2,3.15,0,6,TRUE
Female,Loyal Customer,57,Personal Travel,Eco,4963,3,4,3,5,3,3,3,3,1,5,1,3,3,3.08,12,17,FALSE
Female,Disloyal Customer,20,Business Travel,Eco,569,3,1,3,3,1,3,1,1,4,5,3,2,1,2.38,31,28,FALSE
Male,Loyal Customer,60,Business Travel,Business,1452,4,4,4,4,3,4,4,4,4,4,4,3,3,3.77,0,0,TRUE
Male,Loyal Customer,35,Business Travel,Business,2923,2,3,3,3,5,3,4,2,2,2,2,1,4,2.77,0,0,FALSE
Female,Disloyal Customer,23,Business Travel,Eco,402,4,0,4,5,3,4,3,3,2,5,2,1,3,3,4,0,TRUE
Male,Loyal Customer,51,Business Travel,Business,2735,3,4,3,3,3,4,4,4,4,4,4,3,4,3.62,0,0,TRUE
Female,Loyal Customer,48,Business Travel,Business,1548,5,5,5,5,5,4,5,4,4,4,4,5,5,4.62,57,58,TRUE
Male,Loyal Customer,53,Business Travel,Business,859,2,2,2,2,4,4,5,4,4,4,4,4,4,3.46,0,0,TRUE
Female,Loyal Customer,54,Business Travel,Business,2422,2,1,1,1,4,4,3,2,2,2,2,2,3,2.23,0,0,FALSE
Male,Loyal Customer,49,Personal Travel,Eco,377,1,3,1,3,5,1,2,5,1,1,4,1,5,2.54,35,17,FALSE
Male,Loyal Customer,34,Business Travel,Business,3472,2,2,2,2,2,5,4,5,5,4,5,4,4,3.54,3,5,TRUE
Male,Loyal Customer,56,Business Travel,Business,1865,5,5,5,5,3,5,4,5,5,5,5,5,3,4.62,16,10,TRUE
Female,Loyal Customer,36,Business Travel,Business,3642,1,1,1,1,1,2,2,4,4,4,4,2,1,2.15,29,27,TRUE
Male,Loyal Customer,24,Personal Travel,Eco,1447,2,3,2,3,3,2,3,3,4,4,3,4,3,3,0,8,FALSE
Male,Loyal Customer,53,Personal Travel,Eco,283,4,4,4,3,5,4,2,5,4,2,5,4,5,3.92,6,11,FALSE
Female,Disloyal Customer,22,Business Travel,Eco,781,4,4,4,2,4,4,4,4,4,4,5,3,4,3.85,0,0,FALSE
Female,Disloyal Customer,37,Business Travel,Eco,259,3,4,3,4,4,3,4,4,1,3,3,1,4,3.15,1,3,FALSE
Male,Loyal Customer,78,Business Travel,Business,3771,2,2,5,2,2,4,4,4,4,4,4,4,3,3.38,0,0,TRUE
Male,Loyal Customer,36,Business Travel,Eco,547,3,5,5,5,3,3,3,3,3,4,3,1,3,3.38,0,0,FALSE
Male,Loyal Customer,39,Business Travel,Eco,1016,1,0,0,3,1,0,1,1,2,1,3,2,1,1.23,3,0,FALSE
Male,Loyal Customer,45,Personal Travel,Eco,270,1,1,1,3,3,1,3,3,3,5,2,1,3,2.31,1,0,FALSE
Female,Loyal Customer,51,Business Travel,Eco,191,4,4,4,4,1,3,2,4,4,4,4,3,1,3.23,10,9,TRUE
Female,Loyal Customer,39,Business Travel,Eco,391,4,3,3,3,4,4,4,4,5,5,3,3,4,3.77,0,0,TRUE
Female,Loyal Customer,37,Business Travel,Eco,221,5,5,5,5,5,5,5,5,1,2,3,5,5,4.31,0,0,TRUE
Male,Loyal Customer,54,Personal Travel,Eco,944,1,4,1,3,3,1,3,3,1,1,4,2,3,2.31,0,0,FALSE
Male,Loyal Customer,45,Business Travel,Business,696,3,3,3,3,3,4,4,4,4,5,4,5,4,3.77,0,0,TRUE
Male,Loyal Customer,31,Personal Travel,Eco,419,2,4,4,2,5,4,5,5,2,1,5,2,5,3.54,97,82,FALSE
Male,Loyal Customer,55,Business Travel,Business,3253,5,5,4,5,4,4,5,4,4,4,4,5,4,4.38,43,34,TRUE
Male,Loyal Customer,51,Personal Travel,Eco,1986,3,4,3,2,3,3,3,3,3,4,2,5,3,3.15,7,2,FALSE
Male,Loyal Customer,58,Business Travel,Business,3441,2,2,2,2,4,5,4,4,4,4,4,3,5,3.46,130,120,TRUE
Female,Loyal Customer,39,Business Travel,Eco,89,5,4,4,4,5,5,5,5,4,4,5,3,5,4.46,0,,TRUE
Male,Loyal Customer,43,Business Travel,Business,3696,3,3,3,3,4,4,4,4,4,4,4,4,5,3.77,0,0,TRUE
Male,Loyal Customer,45,Business Travel,Eco,468,4,5,5,5,4,4,4,1,2,4,4,4,4,3.85,154,143,TRUE
Female,Loyal Customer,31,Business Travel,Business,1074,4,4,4,4,4,4,4,4,4,1,2,2,4,3.46,4,1,TRUE
Male,Loyal Customer,22,Personal Travel,Eco,517,1,4,1,2,4,1,5,4,3,3,4,3,4,3,0,0,FALSE
Female,Disloyal Customer,23,Business Travel,Eco,1069,2,2,2,4,2,1,1,2,5,3,3,1,1,2.23,180,194,FALSE
Female,Loyal Customer,59,Business Travel,Business,2297,1,1,1,1,5,5,3,5,5,5,3,1,2,2.92,0,0,TRUE
Female,Loyal Customer,73,Business Travel,Business,432,1,5,5,5,2,3,4,1,1,1,1,3,3,2.69,0,0,FALSE
Male,Loyal Customer,64,Personal Travel,Eco,782,3,2,3,1,4,3,2,4,3,3,2,4,4,2.92,14,2,FALSE
Female,Loyal Customer,22,Business Travel,Business,2898,2,5,1,5,2,3,2,2,3,3,4,3,2,2.85,5,0,FALSE
Male,Loyal Customer,29,Business Travel,Eco Plus,954,2,5,4,5,2,2,2,2,1,5,4,4,2,3.08,0,0,FALSE
Female,Loyal Customer,68,Personal Travel,Eco Plus,345,1,5,1,4,3,4,4,4,4,1,4,3,5,3.31,0,8,FALSE
Female,Loyal Customer,62,Personal Travel,Eco,365,3,3,3,4,2,4,3,5,5,3,5,2,3,3.46,0,0,FALSE
Female,Loyal Customer,41,Business Travel,Business,1655,1,1,1,1,4,5,5,5,5,5,5,4,5,3.62,0,0,TRUE
Female,Disloyal Customer,24,Business Travel,Business,304,4,0,4,4,1,4,1,1,5,1,3,2,1,2.38,0,0,TRUE
Male,Disloyal Customer,38,Business Travel,Eco,537,4,2,3,4,5,3,5,5,4,5,3,1,5,3.77,0,7,FALSE
Female,Loyal Customer,46,Business Travel,Eco,1562,4,5,5,5,1,4,5,4,4,4,4,3,1,3.77,0,0,TRUE
Female,Loyal Customer,37,Business Travel,Business,134,4,1,1,1,4,4,3,3,3,3,4,3,4,2.92,0,0,FALSE
Male,Loyal Customer,30,Business Travel,Business,2835,3,3,4,3,3,3,3,3,2,4,4,3,3,3.15,0,0,FALSE
Male,Disloyal Customer,27,Business Travel,Business,197,2,3,3,5,4,3,4,4,4,5,4,3,4,3.69,13,9,FALSE
Female,Loyal Customer,45,Business Travel,Business,1010,4,4,4,4,3,4,4,4,4,4,4,3,3,3.77,0,10,TRUE
Female,Loyal Customer,45,Business Travel,Eco,999,1,4,4,4,4,4,3,1,1,1,1,4,4,2.77,19,94,FALSE
Female,Loyal Customer,68,Personal Travel,Eco,646,2,1,2,2,3,3,3,3,3,2,5,1,4,2.62,8,0,FALSE
Female,Loyal Customer,45,Business Travel,Business,261,4,4,4,4,5,4,3,5,5,5,5,4,3,4.23,0,3,TRUE
Male,Loyal Customer,64,Personal Travel,Eco,547,3,0,3,4,1,3,1,1,1,1,4,3,1,2,0,0,FALSE
Male,Loyal Customer,51,Business Travel,Eco,1092,3,2,2,2,4,3,4,4,4,3,3,3,4,3.15,9,18,FALSE
Male,Loyal Customer,45,Business Travel,Business,3580,3,2,2,2,5,3,4,2,2,2,3,3,1,2.62,0,0,FALSE
Female,Loyal Customer,57,Business Travel,Business,2759,1,1,1,1,3,4,4,4,4,4,4,5,3,3,16,4,TRUE
Female,Loyal Customer,33,Business Travel,Business,2083,2,4,4,4,1,3,4,2,2,2,2,4,3,2.85,0,8,FALSE
Female,Loyal Customer,48,Business Travel,Business,2454,2,1,1,1,2,2,2,3,4,4,4,2,2,2.31,0,39,FALSE
Female,Loyal Customer,41,Business Travel,Eco,748,4,3,3,3,4,4,4,4,5,5,5,1,4,3.77,0,20,TRUE
Female,Loyal Customer,41,Business Travel,Eco,359,2,3,5,5,2,2,2,2,1,2,4,2,2,2.62,0,0,FALSE
Female,Loyal Customer,59,Business Travel,Business,3975,1,1,1,1,4,5,3,5,5,5,5,1,3,3.08,45,17,TRUE
Female,Disloyal Customer,25,Business Travel,Business,577,0,5,0,3,2,0,4,2,5,2,4,4,2,2.54,15,1,TRUE
Male,Loyal Customer,43,Business Travel,Business,1797,4,4,4,4,4,4,4,4,4,4,4,5,5,4.15,86,73,TRUE
Female,Loyal Customer,66,Personal Travel,Eco,946,3,5,3,1,3,1,2,1,1,3,1,3,3,2.31,0,0,FALSE
Male,Loyal Customer,33,Personal Travel,Eco,447,1,4,1,3,3,1,3,3,5,1,2,3,3,2.54,9,0,FALSE
Male,Loyal Customer,39,Personal Travel,Eco,2248,1,4,1,3,5,1,5,5,5,2,3,5,5,3.46,7,0,FALSE
Female,Loyal Customer,21,Personal Travel,Eco,2370,2,4,2,5,2,3,2,5,4,4,5,2,2,3.23,0,41,FALSE
Male,Disloyal Customer,35,Business Travel,Business,966,4,4,4,1,4,4,2,4,4,5,5,5,4,3.85,0,0,FALSE
Male,Loyal Customer,19,Personal Travel,Eco,621,2,4,2,3,5,2,3,5,1,3,4,4,5,3.31,0,3,FALSE
Female,Loyal Customer,17,Personal Travel,Eco,1020,1,4,1,4,4,1,4,4,4,2,3,4,4,3.08,56,50,FALSE
Male,Loyal Customer,46,Personal Travel,Eco,591,4,4,4,5,1,4,1,1,1,4,5,5,1,3.08,5,0,FALSE
Female,Loyal Customer,47,Personal Travel,Eco,315,1,5,5,2,4,4,4,3,3,5,3,3,4,3.54,0,0,FALSE
Female,Loyal Customer,73,Business Travel,Eco,1140,5,4,4,4,4,2,3,5,5,5,5,5,2,4.08,0,0,TRUE
Male,Loyal Customer,58,Business Travel,Business,177,0,5,0,1,2,5,5,3,3,3,3,3,5,2.92,0,0,TRUE
Male,Loyal Customer,23,Business Travel,Eco Plus,1440,2,5,5,5,2,3,1,2,1,4,3,4,2,3,0,10,FALSE
Female,Loyal Customer,41,Personal Travel,Eco,255,2,3,2,4,3,2,3,3,4,2,3,1,3,2.69,2,0,FALSE
Male,Disloyal Customer,38,Business Travel,Business,1167,2,2,2,2,3,2,3,3,4,1,2,3,3,2.46,0,0,FALSE
Female,Disloyal Customer,20,Business Travel,Eco,967,3,3,3,3,1,3,1,1,2,2,3,4,1,2.31,23,11,FALSE
Female,Disloyal Customer,40,Business Travel,Business,1249,5,4,4,3,2,4,2,2,3,3,3,5,2,3.23,0,5,TRUE
Female,Loyal Customer,63,Personal Travel,Eco,414,3,2,2,3,4,4,3,1,1,2,1,2,3,2.38,3,13,FALSE
Male,Loyal Customer,18,Personal Travel,Business,306,3,5,3,4,3,3,3,3,5,5,5,3,3,3.69,15,18,FALSE
Male,Loyal Customer,55,Business Travel,Business,414,2,5,5,5,5,2,2,2,2,2,2,3,4,3.15,0,0,FALSE
Female,Loyal Customer,70,Personal Travel,Business,222,2,0,2,3,4,4,1,4,4,2,4,3,2,2.69,0,0,FALSE
Female,Loyal Customer,53,Business Travel,Eco,1024,1,1,5,1,4,2,2,1,1,1,1,3,4,2.08,29,46,FALSE
Male,Loyal Customer,49,Personal Travel,Eco,862,3,4,3,4,3,3,3,3,5,4,5,3,3,3.54,86,86,FALSE
Male,Loyal Customer,50,Business Travel,Business,1539,5,4,5,5,3,5,5,3,3,4,3,3,3,3.92,30,13,TRUE
Female,Disloyal Customer,34,Business Travel,Eco Plus,927,3,3,3,3,3,3,3,3,3,3,2,2,3,2.85,0,0,FALSE
Female,Loyal Customer,40,Business Travel,Business,920,5,5,5,5,3,5,4,3,3,4,3,4,5,4.15,0,7,TRUE
Male,Loyal Customer,33,Business Travel,Business,589,4,4,4,4,3,3,3,3,5,3,4,3,3,3.54,0,13,TRUE
Female,Loyal Customer,33,Personal Travel,Eco Plus,296,4,5,5,1,5,5,5,5,4,2,1,1,5,3.69,0,0,FALSE
Male,Loyal Customer,35,Business Travel,Eco,132,4,4,4,4,4,4,4,4,4,1,1,3,4,3.46,0,0,TRUE
Male,Loyal Customer,17,Personal Travel,Eco,632,5,4,5,2,4,5,4,4,3,4,5,4,4,4.08,16,10,TRUE
Female,Loyal Customer,51,Personal Travel,Eco,868,5,1,5,4,5,3,3,3,3,5,1,2,4,3.38,0,2,TRUE
Male,Loyal Customer,46,Business Travel,Business,1491,4,4,2,4,3,4,4,4,4,4,4,5,4,3.85,0,0,TRUE
Male,Loyal Customer,10,Personal Travel,Eco,1037,4,4,4,3,3,4,3,3,3,3,4,4,3,3.46,0,0,FALSE
Female,Loyal Customer,53,Business Travel,Business,3777,3,3,3,3,1,5,5,5,5,5,5,1,2,3.54,33,,TRUE
Male,Loyal Customer,30,Personal Travel,Eco,273,2,5,1,4,4,1,1,4,3,2,3,1,4,2.69,0,0,FALSE
Male,Loyal Customer,36,Personal Travel,Eco,270,2,4,2,3,2,2,2,2,5,3,4,4,2,2.85,0,0,FALSE
Male,Loyal Customer,57,Personal Travel,Eco,372,3,0,3,2,3,3,3,3,2,4,4,3,3,2.77,8,7,FALSE
Male,Loyal Customer,49,Business Travel,Business,2985,3,3,3,3,5,4,5,4,4,4,5,3,4,3.85,0,9,TRUE
Female,Loyal Customer,22,Personal Travel,Eco,756,3,2,3,3,2,3,1,2,1,1,4,2,2,2.23,68,63,FALSE
Female,Loyal Customer,56,Business Travel,Business,2565,3,3,3,3,5,5,5,4,2,4,4,5,5,3.92,173,234,TRUE
Male,Loyal Customer,53,Personal Travel,Eco,86,2,4,2,3,3,2,3,3,4,4,5,3,3,3.15,0,0,FALSE
Male,Loyal Customer,59,Personal Travel,Eco,1123,3,5,3,4,4,3,1,4,5,5,4,4,4,3.77,15,13,FALSE
Male,Disloyal Customer,8,Business Travel,Eco,692,3,3,3,4,3,3,3,3,3,1,4,1,3,2.85,0,0,FALSE
Female,Loyal Customer,31,Business Travel,Eco,679,4,2,3,2,4,4,4,4,2,2,1,5,4,3.15,0,0,TRUE
Male,Loyal Customer,32,Personal Travel,Eco,725,3,4,3,3,1,3,5,1,2,3,4,5,1,2.92,24,18,FALSE
Male,Loyal Customer,41,Business Travel,Business,1133,4,4,5,4,5,5,3,2,2,2,2,2,4,3.38,0,0,TRUE
Female,Disloyal Customer,36,Business Travel,Business,689,4,4,4,2,2,4,2,2,4,5,4,3,2,3.23,1,6,FALSE
Male,Loyal Customer,65,Personal Travel,Business,2248,1,4,1,2,5,5,4,3,3,1,3,3,5,3.08,19,7,FALSE
Female,Loyal Customer,23,Personal Travel,Eco,583,5,4,5,4,4,5,3,4,4,5,4,3,4,4.15,8,0,TRUE
Male,Loyal Customer,31,Business Travel,Eco,787,4,4,2,2,4,4,4,4,5,5,3,5,4,3.85,0,0,TRUE
Male,Disloyal Customer,30,Business Travel,Business,1846,2,2,2,3,2,2,2,2,5,5,5,3,2,2.85,0,0,FALSE
Female,Loyal Customer,8,Personal Travel,Eco,1590,2,4,2,3,2,2,2,2,5,5,4,5,2,3.08,2,45,FALSE
Male,Loyal Customer,38,Business Travel,Business,1979,3,3,3,3,3,4,4,3,3,3,3,5,4,3.38,3,0,TRUE
Male,Loyal Customer,26,Business Travel,Eco,2355,0,3,0,1,2,0,3,2,5,2,5,3,2,2.15,0,0,TRUE
Male,Loyal Customer,30,Business Travel,Business,2783,3,3,3,3,5,5,5,5,4,3,3,1,5,3.69,0,0,TRUE
Female,Loyal Customer,66,Business Travel,Business,1892,1,0,0,2,5,3,2,1,1,0,1,1,3,1.54,0,0,FALSE
Male,Loyal Customer,47,Personal Travel,Eco,370,3,4,3,4,3,3,3,3,1,5,2,4,3,3.15,40,43,FALSE
Male,Loyal Customer,34,Business Travel,Business,305,3,3,4,3,5,4,5,5,5,5,5,4,5,4.31,0,0,TRUE
Male,Loyal Customer,36,Business Travel,Eco,1250,5,3,3,3,5,4,5,5,3,2,3,5,5,3.92,7,30,TRUE
Male,Loyal Customer,54,Business Travel,Business,2804,2,1,1,1,4,3,3,2,2,2,2,4,1,2.15,0,0,FALSE
Female,Loyal Customer,16,Personal Travel,Eco,369,3,4,3,4,1,3,1,1,2,4,5,2,1,2.62,0,0,FALSE
Female,Loyal Customer,58,Business Travel,Business,216,2,2,2,2,5,4,4,5,5,5,4,5,5,3.85,0,0,TRUE
Male,Loyal Customer,30,Business Travel,Business,320,2,2,2,2,3,4,3,3,2,4,1,1,3,2.46,0,0,TRUE
Male,Loyal Customer,52,Business Travel,Business,580,4,4,4,4,3,4,5,4,4,4,4,5,3,4,5,2,TRUE
Male,Loyal Customer,33,Personal Travel,Eco,1235,3,5,3,4,4,3,4,4,5,5,3,4,4,3.92,0,0,FALSE
Female,Loyal Customer,67,Personal Travel,Eco,187,4,4,4,3,3,4,4,3,3,4,3,5,5,3.77,0,0,TRUE
Male,Loyal Customer,56,Business Travel,Business,3320,5,5,5,5,3,4,4,5,5,5,5,4,4,4.54,45,54,TRUE
Male,Loyal Customer,43,Business Travel,Eco,1055,3,3,3,3,3,3,3,3,3,3,2,4,3,3,4,0,FALSE
Male,Loyal Customer,29,Business Travel,Business,1617,2,1,1,1,2,2,2,2,2,5,3,1,2,2,0,0,FALSE
Male,Loyal Customer,50,Business Travel,Business,3033,3,3,5,3,4,5,5,5,5,5,5,4,5,4.38,0,0,TRUE
Female,Loyal Customer,70,Personal Travel,Eco,719,3,4,3,4,5,5,4,1,1,3,1,5,5,3.38,0,0,FALSE
Female,Loyal Customer,56,Business Travel,Business,220,1,1,1,1,4,5,4,3,3,4,4,5,4,3.08,56,58,TRUE
Male,Disloyal Customer,29,Business Travel,Business,691,2,2,2,2,4,2,4,4,5,5,4,5,4,3.46,0,0,FALSE
Male,Loyal Customer,56,Business Travel,Eco,337,1,5,2,5,1,1,1,1,3,5,4,1,1,2.38,32,21,FALSE
Female,Disloyal Customer,40,Business Travel,Business,341,2,2,2,3,2,2,2,2,5,1,3,1,2,2.23,0,0,FALSE
Male,Loyal Customer,45,Personal Travel,Eco,554,4,3,4,3,4,4,4,4,4,1,4,5,4,3.69,0,0,FALSE
Female,Disloyal Customer,38,Business Travel,Eco,871,1,1,1,4,3,1,3,3,2,3,4,4,3,2.54,0,12,FALSE
Male,Disloyal Customer,24,Business Travel,Eco,580,2,4,2,1,2,2,2,2,3,2,4,5,2,2.54,8,2,FALSE
Female,Disloyal Customer,20,Business Travel,Eco,315,1,0,1,3,5,1,5,5,3,4,4,5,5,3.23,0,0,FALSE
Male,Loyal Customer,56,Business Travel,Business,253,4,4,4,4,1,2,1,3,3,4,3,1,2,2.77,0,0,TRUE
Male,Loyal Customer,46,Business Travel,Business,399,5,5,5,5,2,5,4,5,5,5,5,4,3,4.46,0,2,TRUE
Female,Loyal Customer,69,Personal Travel,Eco,1235,3,5,3,1,5,3,3,5,5,3,5,3,5,3.77,69,72,FALSE
Female,Loyal Customer,35,Business Travel,Eco,231,4,2,2,2,4,4,4,4,2,4,4,2,4,3.23,1,0,TRUE
Male,Loyal Customer,30,Business Travel,Business,1751,4,4,4,4,4,4,4,4,5,5,5,3,4,4.15,17,2,TRUE
Female,Loyal Customer,44,Business Travel,Business,2570,1,1,1,1,2,5,5,5,5,4,5,3,5,3.31,16,8,TRUE
Male,Loyal Customer,50,Personal Travel,Eco,859,3,4,3,3,2,3,2,2,2,5,3,5,2,3,0,0,FALSE
Female,Loyal Customer,65,Business Travel,Eco,569,1,5,5,5,2,3,4,2,2,1,2,3,4,3,40,37,FALSE
Female,Loyal Customer,69,Personal Travel,Eco Plus,668,2,4,2,3,3,5,4,5,5,2,5,5,5,3.85,11,0,FALSE
Male,Loyal Customer,24,Business Travel,Business,1974,3,3,3,3,4,4,4,4,3,4,5,4,4,3.69,113,116,TRUE
Female,Loyal Customer,60,Business Travel,Business,354,3,3,3,3,5,5,5,5,5,5,5,3,4,4.15,9,1,TRUE
Female,Loyal Customer,40,Personal Travel,Eco,640,3,4,3,1,3,3,3,3,4,5,4,4,3,3.31,42,31,FALSE
Male,Loyal Customer,16,Personal Travel,Eco,944,2,4,2,3,3,2,3,3,4,2,4,2,3,2.85,0,9,FALSE
Male,Loyal Customer,57,Personal Travel,Eco,783,4,5,4,2,5,4,5,5,5,5,4,5,5,4.46,115,101,FALSE
Male,Disloyal Customer,20,Business Travel,Eco Plus,210,2,3,2,3,4,2,4,4,1,4,3,1,4,2.85,43,59,FALSE
Male,Disloyal Customer,24,Business Travel,Eco,471,3,4,2,4,5,2,5,5,3,5,4,3,5,3.85,43,40,FALSE
Male,Loyal Customer,47,Personal Travel,Eco,480,1,4,1,2,5,1,3,5,5,2,4,2,5,3.08,0,0,FALSE
Female,Loyal Customer,40,Business Travel,Business,2300,5,5,5,5,1,1,4,4,4,4,4,4,4,3.85,89,88,TRUE
Male,Disloyal Customer,20,Business Travel,Business,1635,4,5,4,4,4,4,4,4,4,5,4,4,4,4.15,18,1,TRUE
Male,Loyal Customer,42,Personal Travel,Eco,511,3,4,3,2,5,3,1,5,5,3,4,3,5,3.54,0,0,FALSE
Male,Loyal Customer,69,Personal Travel,Eco,2239,1,4,1,3,5,1,5,5,3,2,3,3,5,3.15,3,0,FALSE
Male,Loyal Customer,7,Personal Travel,Eco Plus,1027,3,4,3,4,5,3,5,5,4,3,5,3,5,4,0,15,FALSE
Female,Loyal Customer,35,Personal Travel,Eco,288,4,4,4,4,3,4,3,3,5,3,4,4,3,3.69,0,0,TRUE
Male,Loyal Customer,32,Business Travel,Business,3338,4,4,4,4,5,4,4,5,1,3,2,2,5,3.62,0,1,TRUE
Female,Disloyal Customer,42,Business Travel,Eco,697,1,2,2,3,2,2,2,2,3,2,4,4,2,2.38,0,0,FALSE
Female,Loyal Customer,28,Business Travel,Eco Plus,946,2,5,5,5,2,2,2,2,4,4,3,2,2,3.08,46,65,FALSE
Female,Loyal Customer,45,Business Travel,Business,3340,5,5,5,5,4,2,3,4,4,4,4,1,5,3.92,0,0,TRUE
Male,Loyal Customer,40,Business Travel,Business,2408,1,1,1,1,2,5,5,4,4,4,4,5,3,3.08,8,3,TRUE
Female,Loyal Customer,30,Business Travel,Business,3038,3,3,3,3,3,3,3,3,5,3,5,4,3,3.38,1,0,TRUE
Male,Loyal Customer,13,Personal Travel,Eco,1744,4,5,5,3,4,5,4,4,5,3,4,4,4,4.15,35,37,FALSE
Male,Disloyal Customer,21,Business Travel,Eco,814,2,2,2,5,4,2,4,4,4,5,5,4,4,3.62,3,0,FALSE
Female,Loyal Customer,31,Business Travel,Business,2943,4,5,5,5,4,4,4,4,2,1,4,1,4,3.62,0,4,FALSE
Male,Loyal Customer,33,Personal Travel,Eco,507,1,5,1,4,5,1,5,5,5,4,5,5,5,3.92,0,0,FALSE
Female,Loyal Customer,26,Personal Travel,Eco,220,1,5,1,2,2,1,2,2,2,4,3,5,2,2.46,29,29,FALSE
Male,Loyal Customer,52,Business Travel,Business,1416,4,4,4,4,2,4,4,4,4,4,4,5,3,3.85,0,0,TRUE
Male,Loyal Customer,80,Business Travel,Business,444,4,4,4,4,4,4,3,4,4,4,4,1,4,3.69,0,0,FALSE
Female,Loyal Customer,51,Business Travel,Business,529,2,2,4,2,4,4,5,3,3,3,3,3,3,3.15,0,0,TRUE
Female,Loyal Customer,49,Business Travel,Business,3784,4,3,4,3,3,4,3,4,4,3,4,2,1,3.23,10,14,FALSE
Male,Loyal Customer,28,Personal Travel,Eco,345,3,4,3,4,2,3,2,2,4,4,2,4,2,3,0,0,FALSE
Female,Loyal Customer,49,Business Travel,Business,2377,3,3,3,3,2,4,4,4,4,4,4,4,4,3.54,6,5,TRUE
Female,Loyal Customer,55,Personal Travel,Eco,2521,0,1,0,2,0,1,1,2,1,1,2,1,1,1,0,0,TRUE
Female,Loyal Customer,26,Personal Travel,Eco,289,5,4,5,1,4,5,4,4,3,5,4,4,4,4,0,0,TRUE
Female,Loyal Customer,55,Business Travel,Business,1919,1,1,3,1,2,3,5,5,5,5,5,3,5,3.38,56,37,TRUE
Male,Loyal Customer,62,Personal Travel,Eco,621,2,4,2,4,5,2,1,5,3,4,5,5,5,3.62,0,0,FALSE
Male,Disloyal Customer,64,Business Travel,Business,255,4,4,4,3,2,4,4,2,3,3,4,4,2,3.31,0,0,FALSE
Male,Disloyal Customer,25,Business Travel,Business,239,2,5,2,2,2,2,2,2,4,5,4,3,2,2.85,4,6,FALSE
Female,Disloyal Customer,44,Business Travel,Business,408,5,5,5,4,2,5,2,2,5,4,4,4,2,3.77,0,0,TRUE
Female,Loyal Customer,14,Personal Travel,Eco,491,1,4,1,4,5,1,5,5,3,2,4,4,5,3.38,11,0,FALSE
Female,Loyal Customer,23,Business Travel,Business,2254,3,3,3,3,3,3,3,3,3,2,4,4,3,3.08,4,0,FALSE
Female,Loyal Customer,45,Personal Travel,Eco,990,4,5,4,4,4,4,5,2,2,4,2,3,3,3.54,0,6,FALSE
Male,Disloyal Customer,48,Business Travel,Eco,1050,2,1,1,4,1,1,1,1,2,4,1,3,1,1.77,0,6,FALSE
Male,Loyal Customer,44,Business Travel,Eco Plus,591,4,1,1,1,5,4,5,5,4,1,2,1,5,3,3,1,TRUE
Female,Disloyal Customer,29,Business Travel,Eco,1028,1,1,1,3,1,2,2,1,5,3,3,2,2,2.08,101,210,FALSE
Female,Loyal Customer,20,Personal Travel,Eco Plus,612,4,5,4,2,4,4,4,4,5,4,4,5,4,4.08,12,3,FALSE
Male,Disloyal Customer,29,Business Travel,Eco,1009,3,3,3,3,3,3,3,3,2,2,4,3,3,2.92,0,0,FALSE
Male,Loyal Customer,56,Business Travel,Business,3971,4,4,4,4,2,5,5,4,4,4,4,5,5,4.15,0,0,TRUE
Male,Disloyal Customer,21,Business Travel,Eco,451,4,4,4,4,3,4,3,3,2,2,2,3,3,3.15,0,1,TRUE
Female,Loyal Customer,55,Personal Travel,Eco,399,2,5,2,2,2,1,1,4,4,5,4,1,1,2.62,204,199,FALSE
Female,Loyal Customer,54,Personal Travel,Eco,296,3,5,3,3,3,4,5,2,2,3,2,5,5,3.46,10,26,FALSE
Female,Loyal Customer,24,Business Travel,Eco Plus,1117,5,3,5,5,5,5,4,5,5,5,5,2,5,4.54,0,0,TRUE
Female,Loyal Customer,56,Business Travel,Eco,1189,5,4,4,4,1,3,2,5,5,5,5,1,3,3.62,0,0,TRUE
Female,Loyal Customer,52,Business Travel,Eco,853,4,3,5,5,3,3,3,5,5,4,5,3,5,4.08,0,0,TRUE
Male,Loyal Customer,48,Personal Travel,Eco,395,2,3,2,2,3,2,3,3,4,3,5,3,3,2.92,0,0,FALSE
Female,Loyal Customer,60,Business Travel,Business,1632,4,4,4,4,4,4,4,4,4,4,5,3,3,3.92,0,0,TRUE
Male,Loyal Customer,46,Business Travel,Eco,566,4,2,2,2,3,4,3,3,1,4,3,4,3,2.92,50,46,TRUE
Female,Loyal Customer,38,Business Travel,Business,1578,2,2,2,2,2,4,3,5,5,5,5,5,1,3.31,0,0,TRUE
Female,Loyal Customer,49,Business Travel,Business,2849,5,5,5,5,4,5,4,5,5,5,5,3,3,4.54,23,14,TRUE
Male,Loyal Customer,57,Business Travel,Business,522,4,4,4,4,5,5,5,4,4,5,4,3,4,4.23,0,0,TRUE
Female,Loyal Customer,45,Business Travel,Eco,1597,4,3,3,3,2,4,4,4,4,4,4,2,4,3.46,4,21,FALSE
Female,Loyal Customer,56,Business Travel,Business,383,3,3,3,3,5,4,4,4,4,4,4,4,4,3.77,28,24,TRUE
Male,Loyal Customer,62,Personal Travel,Eco,1506,3,2,3,4,2,3,2,2,2,5,3,4,2,2.85,0,0,FALSE
Female,Loyal Customer,52,Personal Travel,Business,277,2,3,2,3,4,3,4,1,1,2,1,3,3,2.46,11,8,FALSE
Male,Disloyal Customer,32,Business Travel,Business,337,2,2,2,3,2,2,2,2,3,5,4,3,2,2.62,8,5,FALSE
Male,Loyal Customer,25,Personal Travel,Eco Plus,912,2,5,1,2,5,1,4,5,5,5,4,3,5,3.62,0,0,FALSE
Female,Loyal Customer,47,Personal Travel,Business,642,2,5,2,3,3,5,4,2,2,2,2,5,4,3.15,0,0,FALSE
Male,Loyal Customer,41,Personal Travel,Eco,674,3,5,3,4,3,3,3,3,3,5,4,4,3,3.54,0,0,FALSE
Male,Loyal Customer,59,Business Travel,Business,3474,1,1,1,1,4,4,4,3,3,4,3,3,4,2.77,0,0,TRUE
Male,Loyal Customer,43,Personal Travel,Eco,425,2,0,4,2,2,4,2,2,4,2,5,4,2,2.69,0,0,FALSE
Female,Disloyal Customer,22,Business Travel,Eco,543,3,1,3,3,2,3,2,2,3,2,3,4,2,2.54,41,34,FALSE
Female,Loyal Customer,70,Personal Travel,Eco Plus,973,3,4,3,2,5,5,4,2,2,3,2,5,3,3.31,42,24,FALSE
Male,Loyal Customer,46,Business Travel,Eco,986,4,4,4,4,4,4,4,3,1,4,4,4,4,3.69,155,142,FALSE
Male,Disloyal Customer,22,Business Travel,Eco,845,5,5,5,1,5,5,5,5,4,3,4,1,5,4.08,15,9,TRUE
Male,Loyal Customer,32,Personal Travel,Eco,912,3,4,3,1,5,3,5,5,3,3,4,5,5,3.77,7,0,FALSE
Female,Loyal Customer,71,Business Travel,Eco,1438,4,2,2,2,1,4,3,4,4,4,4,1,3,2.92,0,0,FALSE
Female,Loyal Customer,48,Business Travel,Eco,746,3,3,3,3,5,2,1,3,3,3,3,3,3,2.92,0,0,TRUE
Male,Disloyal Customer,21,Business Travel,Eco,978,2,2,2,4,2,2,2,2,2,4,3,2,2,2.38,19,14,FALSE
Female,Loyal Customer,57,Personal Travel,Eco,1558,5,5,5,4,3,3,5,1,1,5,1,5,5,3.69,19,26,TRUE
Female,Loyal Customer,56,Business Travel,Business,462,2,2,2,2,5,4,4,5,5,4,5,5,4,3.77,0,0,TRUE
Male,Loyal Customer,12,Personal Travel,Eco Plus,139,3,0,3,4,1,3,1,1,3,5,5,3,1,2.54,0,22,FALSE
Female,Disloyal Customer,23,Business Travel,Eco,1431,2,2,2,3,1,2,1,1,5,5,5,3,1,2.54,0,0,FALSE
Female,Loyal Customer,40,Business Travel,Business,826,3,3,2,3,4,5,4,4,4,4,4,5,5,3.85,0,0,TRUE
Male,Loyal Customer,54,Business Travel,Business,507,3,2,2,2,5,4,4,3,3,3,3,1,4,3,0,0,FALSE
Male,Loyal Customer,66,Personal Travel,Eco,955,2,4,2,1,2,2,2,2,5,5,5,4,2,2.92,31,39,FALSE
Male,Disloyal Customer,25,Business Travel,Eco,1013,4,4,4,4,2,4,4,2,2,5,4,3,2,3.38,0,0,FALSE
Female,Loyal Customer,66,Business Travel,Eco Plus,338,4,3,3,3,4,2,2,4,4,4,4,4,1,3.23,0,0,FALSE
Male,Loyal Customer,42,Personal Travel,Eco,912,3,4,3,4,3,3,3,3,3,5,4,5,3,3.54,3,19,FALSE
Female,Disloyal Customer,28,Business Travel,Business,909,3,3,3,4,4,3,4,4,3,2,5,5,4,3.62,0,0,FALSE
Female,Loyal Customer,54,Business Travel,Business,3630,2,1,2,2,5,4,5,4,4,4,4,5,5,3.62,5,0,TRUE
Male,Loyal Customer,46,Business Travel,Business,3399,2,2,2,2,2,4,2,5,5,4,5,1,1,2.85,0,0,TRUE
Female,Loyal Customer,47,Business Travel,Business,363,5,5,5,5,3,5,4,5,5,5,5,3,4,4.54,0,0,TRUE
Male,Loyal Customer,15,Personal Travel,Eco,997,1,2,1,3,3,1,3,3,1,4,4,4,3,2.54,42,64,FALSE
Male,Loyal Customer,48,Business Travel,Eco,776,4,3,3,3,4,4,4,4,3,2,5,3,4,3.54,7,10,TRUE
Female,Loyal Customer,54,Business Travel,Business,907,3,3,3,3,4,5,4,3,3,4,3,4,3,3.46,0,0,TRUE
Male,Loyal Customer,69,Personal Travel,Eco,351,2,5,2,5,4,2,4,4,5,5,4,5,4,3.92,0,13,FALSE
Female,Loyal Customer,19,Personal Travel,Eco,925,3,5,2,3,4,2,2,4,3,3,4,4,4,3.31,0,0,FALSE
Female,Loyal Customer,54,Business Travel,Business,157,1,1,1,1,4,5,5,4,4,4,5,4,3,3.23,0,0,TRUE
Female,Loyal Customer,27,Business Travel,Business,3864,1,4,4,4,1,1,1,1,1,5,4,3,1,2.38,11,9,FALSE
Female,Loyal Customer,65,Personal Travel,Eco,579,3,4,2,2,3,4,5,2,2,2,2,3,4,2.92,0,0,FALSE
Female,Loyal Customer,41,Business Travel,Business,1558,3,3,4,3,5,5,4,4,4,4,4,5,5,4.08,23,42,TRUE
Male,Loyal Customer,35,Business Travel,Business,1673,3,2,2,2,5,4,3,3,3,3,3,1,2,2.77,1,0,FALSE
Male,Loyal Customer,38,Business Travel,Business,2218,5,5,3,5,5,4,4,4,4,4,4,4,4,4.23,0,0,TRUE
Female,Loyal Customer,67,Personal Travel,Eco,362,2,4,3,3,5,5,5,5,5,3,5,4,3,4,5,0,FALSE
Female,Loyal Customer,40,Business Travel,Eco Plus,788,3,4,4,4,3,4,3,3,1,1,3,5,3,3.15,0,35,TRUE
Male,Loyal Customer,66,Personal Travel,Eco,1855,3,3,2,3,5,2,5,5,2,4,3,1,5,3.31,0,0,FALSE
Male,Loyal Customer,62,Personal Travel,Eco,366,3,4,4,5,4,4,1,4,5,2,4,5,4,3.77,0,0,FALSE
Male,Loyal Customer,44,Business Travel,Business,3531,1,1,1,1,4,5,5,4,4,5,4,4,4,3.31,14,0,TRUE
Male,Loyal Customer,43,Business Travel,Business,2288,5,1,5,5,3,3,3,5,4,4,5,3,3,3.77,0,0,TRUE
Female,Loyal Customer,37,Business Travel,Business,372,4,2,5,2,5,4,3,4,4,4,4,1,1,3.31,4,11,FALSE
Female,Disloyal Customer,20,Business Travel,Eco,862,2,2,2,3,5,2,5,5,1,4,4,4,5,3.38,35,32,FALSE
Female,Loyal Customer,38,Business Travel,Business,387,1,1,1,1,2,3,5,3,3,4,3,3,2,2.46,0,0,TRUE
Male,Loyal Customer,41,Business Travel,Business,2342,2,2,2,2,2,5,4,5,5,5,5,3,4,3.54,0,0,TRUE
Female,Loyal Customer,29,Business Travel,Business,1981,2,2,4,2,2,2,2,2,3,4,4,1,2,2.46,69,52,FALSE
Female,Loyal Customer,43,Business Travel,Business,337,2,2,4,2,4,4,4,5,5,5,5,3,4,3.77,0,0,TRUE
Male,Loyal Customer,50,Business Travel,Business,1846,2,2,2,2,2,4,5,5,5,5,5,5,3,3.62,64,50,TRUE
Female,Loyal Customer,31,Business Travel,Business,1521,2,2,2,2,5,5,5,5,4,2,4,3,5,3.54,0,0,TRUE
Female,Loyal Customer,41,Personal Travel,Eco,594,2,2,2,3,2,2,4,2,3,4,2,2,2,2.46,9,5,FALSE
Female,Loyal Customer,65,Personal Travel,Eco,237,2,1,2,4,3,4,4,4,4,2,4,4,3,3.15,19,12,FALSE
Male,Loyal Customer,56,Personal Travel,Eco Plus,1616,2,5,2,2,5,2,5,5,5,4,4,3,5,3.77,5,17,FALSE
Female,Loyal Customer,28,Business Travel,Business,3263,3,3,3,3,5,5,5,5,5,3,4,5,5,4.15,1,0,TRUE
Female,Loyal Customer,39,Personal Travel,Eco,937,1,1,1,3,2,1,2,2,1,2,3,1,2,1.69,45,55,FALSE
Male,Loyal Customer,25,Personal Travel,Eco,368,3,5,3,1,3,3,3,3,2,5,2,5,3,3.15,4,0,FALSE
Male,Loyal Customer,60,Business Travel,Eco,589,3,3,5,5,3,3,3,3,4,1,4,1,3,3.15,20,0,FALSE
Male,Loyal Customer,18,Personal Travel,Eco Plus,2576,1,1,1,4,1,3,3,1,1,3,3,3,3,2.15,173,174,FALSE
Female,Loyal Customer,35,Business Travel,Eco,1085,2,5,5,5,2,2,2,2,3,2,3,1,2,2.77,20,12,FALSE
Male,Loyal Customer,52,Business Travel,Business,2872,5,4,5,5,5,5,5,4,4,5,4,5,3,4.54,1,1,TRUE
Male,Loyal Customer,66,Personal Travel,Business,1197,3,4,3,2,3,4,5,1,1,3,1,2,5,2.85,0,0,FALSE
Female,Loyal Customer,39,Business Travel,Eco Plus,255,2,2,2,2,2,2,2,2,2,4,3,4,2,2.38,0,0,FALSE
Male,Disloyal Customer,27,Business Travel,Business,453,2,1,1,1,2,1,2,2,5,4,5,3,2,2.38,0,0,FALSE
Male,Loyal Customer,55,Business Travel,Business,449,3,4,4,4,1,4,4,3,3,3,3,2,4,3.23,44,41,FALSE
Male,Loyal Customer,42,Business Travel,Eco,408,3,1,1,1,3,3,3,3,1,1,4,3,3,2.31,0,4,FALSE
Female,Loyal Customer,53,Business Travel,Business,2051,1,1,1,1,3,4,4,4,4,4,4,4,4,3,14,4,TRUE
Male,Loyal Customer,23,Personal Travel,Eco,272,1,4,1,3,5,1,5,5,5,4,5,4,5,3.69,0,0,FALSE
Female,Loyal Customer,42,Personal Travel,Eco Plus,496,2,4,2,4,5,5,5,4,4,2,4,5,5,3.92,40,34,FALSE
Male,Loyal Customer,57,Business Travel,Business,337,4,2,2,2,5,2,3,4,4,4,4,4,3,3.31,42,44,FALSE
Male,Loyal Customer,74,Business Travel,Business,3310,4,4,4,4,2,4,4,5,5,5,5,4,1,3.92,0,0,TRUE
Female,Loyal Customer,45,Business Travel,Eco,549,3,4,5,5,1,4,4,3,3,3,3,1,4,3.31,24,34,FALSE
Female,Disloyal Customer,21,Business Travel,Eco,872,0,0,0,4,4,0,4,4,3,3,4,3,4,2.54,16,5,TRUE
Male,Loyal Customer,41,Personal Travel,Eco,626,3,5,3,1,2,3,2,2,3,5,5,3,2,3,0,0,FALSE
Male,Loyal Customer,64,Personal Travel,Eco Plus,373,1,4,1,3,2,1,3,2,3,4,4,2,2,2.46,0,0,FALSE
Male,Loyal Customer,54,Business Travel,Business,3667,4,1,1,1,5,3,4,4,4,4,4,3,2,3.08,0,9,FALSE
Male,Loyal Customer,61,Personal Travel,Eco,1069,3,4,3,2,3,3,3,3,4,3,4,5,3,3.31,0,0,FALSE
Male,Loyal Customer,52,Business Travel,Business,3919,5,5,5,5,3,4,4,4,4,4,4,3,5,4.23,10,1,TRUE
Male,Loyal Customer,45,Business Travel,Business,1720,1,1,1,1,4,5,4,4,4,4,4,3,3,3,11,32,TRUE
Male,Loyal Customer,48,Business Travel,Eco,591,3,3,3,3,3,3,3,3,1,1,1,4,3,2.62,35,86,TRUE
Female,Loyal Customer,42,Business Travel,Business,2486,3,3,3,3,4,4,4,4,4,4,4,4,4,3.69,8,0,TRUE
Male,Loyal Customer,42,Business Travel,Business,2266,3,3,3,3,5,3,3,5,5,5,5,5,4,4,0,0,TRUE
Female,Loyal Customer,44,Business Travel,Business,3208,3,3,3,3,2,4,5,4,4,4,4,3,4,3.54,0,0,TRUE
Male,Loyal Customer,44,Personal Travel,Eco Plus,500,4,5,4,2,1,4,1,1,3,2,4,5,1,2.85,0,0,FALSE
Male,Loyal Customer,16,Business Travel,Business,846,5,5,5,5,4,4,4,4,3,1,2,2,4,3.69,0,0,TRUE
Female,Loyal Customer,25,Business Travel,Business,89,4,5,5,5,0,1,4,0,2,4,4,3,0,2.85,27,29,FALSE
Female,Disloyal Customer,30,Business Travel,Business,1521,2,2,2,1,4,2,4,4,3,2,4,3,4,2.85,2,4,FALSE
Male,Disloyal Customer,27,Business Travel,Business,130,0,0,0,4,4,0,4,4,3,3,4,3,4,2.54,14,17,TRUE
Male,Loyal Customer,20,Personal Travel,Eco,2611,3,5,3,3,3,5,5,3,1,3,2,5,5,3.54,0,0,FALSE
Female,Loyal Customer,36,Personal Travel,Eco Plus,272,4,4,4,3,4,4,4,4,5,3,4,4,4,3.92,122,122,FALSE
Male,Loyal Customer,45,Business Travel,Business,209,1,1,1,1,1,3,2,4,4,4,4,1,4,2.38,2,0,TRUE
Male,Loyal Customer,46,Personal Travel,Eco Plus,127,2,1,2,3,2,2,2,2,3,2,4,2,2,2.23,0,0,FALSE
Male,Disloyal Customer,35,Personal Travel,Business,1532,4,5,4,2,3,4,3,3,4,2,3,5,3,3.46,0,0,FALSE
Male,Disloyal Customer,22,Business Travel,Business,1172,4,5,4,5,1,4,1,1,5,3,5,3,1,3.23,0,16,TRUE
Female,Disloyal Customer,31,Business Travel,Eco,1024,2,2,2,4,3,2,3,3,1,1,1,3,3,2.31,24,31,FALSE
Female,Loyal Customer,63,Personal Travel,Eco,236,1,5,1,3,4,5,4,3,3,1,5,3,4,3.23,0,11,FALSE
Female,Loyal Customer,38,Personal Travel,Eco,1979,0,4,0,5,3,0,3,3,2,5,4,4,3,2.77,14,28,TRUE
Male,Loyal Customer,38,Business Travel,Business,622,4,4,4,4,4,4,4,4,4,4,4,4,3,3.92,0,0,TRUE
Male,Loyal Customer,54,Business Travel,Eco,787,2,4,4,4,2,2,2,2,2,5,3,2,2,2.77,2,7,FALSE
Female,Loyal Customer,16,Business Travel,Business,2661,4,4,4,4,4,4,4,4,4,5,3,3,4,3.92,2,0,FALSE
Male,Loyal Customer,38,Business Travel,Business,2606,5,5,5,5,4,1,3,4,4,4,4,1,5,3.85,4,0,TRUE
Female,Loyal Customer,20,Business Travel,Business,3738,4,4,4,4,5,5,5,5,2,1,3,3,5,3.85,1,13,TRUE
Female,Loyal Customer,55,Business Travel,Business,3273,2,2,1,2,5,5,5,5,5,5,5,5,5,4,1,0,TRUE
Female,Loyal Customer,51,Business Travel,Eco,332,4,5,5,5,3,1,2,4,4,4,4,2,2,3.46,0,0,FALSE
Male,Loyal Customer,50,Business Travel,Eco Plus,1199,5,4,4,4,5,5,5,5,4,2,4,5,5,4.38,0,0,TRUE
Male,Loyal Customer,47,Personal Travel,Eco,583,4,5,4,1,3,4,3,3,5,2,4,3,3,3.38,70,58,FALSE
Female,Loyal Customer,27,Business Travel,Business,2486,2,2,2,2,4,4,4,4,4,5,3,1,4,3.15,0,0,TRUE
Female,Loyal Customer,35,Personal Travel,Eco,147,4,4,4,2,3,4,1,3,5,4,4,3,3,3.38,38,30,FALSE
Male,Loyal Customer,57,Business Travel,Business,879,5,5,5,5,4,5,5,3,3,3,3,5,3,4.15,0,0,TRUE
Male,Loyal Customer,44,Business Travel,Business,2525,4,4,4,4,5,4,4,4,4,4,4,5,3,4.08,0,16,TRUE
Female,Loyal Customer,22,Business Travel,Business,2499,2,3,3,3,2,2,2,2,4,5,4,4,2,2.92,2,0,FALSE
Female,Loyal Customer,49,Business Travel,Business,3108,3,3,3,3,5,3,3,4,4,4,4,5,3,3.62,0,0,TRUE
Male,Loyal Customer,63,Business Travel,Business,2575,1,5,5,5,1,4,3,1,1,1,1,1,4,2.54,16,10,FALSE
Male,Loyal Customer,43,Business Travel,Business,2321,2,2,2,2,5,4,5,4,4,5,4,3,4,3.54,0,0,TRUE
Male,Loyal Customer,29,Business Travel,Business,2870,4,4,4,4,5,5,5,5,4,2,1,4,5,4,0,0,TRUE
Male,Loyal Customer,44,Business Travel,Business,3411,4,4,4,4,4,5,5,5,5,5,5,3,3,4.31,0,0,TRUE
Male,Loyal Customer,54,Business Travel,Eco,1703,3,5,5,5,4,3,4,4,4,4,3,3,4,3.92,49,74,FALSE
Female,Disloyal Customer,51,Business Travel,Eco Plus,541,3,2,2,1,4,3,4,4,3,5,2,4,4,3.15,1,0,FALSE
Female,Loyal Customer,46,Business Travel,Business,341,1,1,1,1,3,4,3,1,1,1,1,4,2,1.85,9,1,FALSE
Female,Disloyal Customer,21,Business Travel,Eco,405,1,5,1,5,3,1,3,3,3,5,5,4,3,3.23,0,14,FALSE
Male,Loyal Customer,43,Business Travel,Eco,280,2,4,4,4,2,2,2,2,3,4,3,4,2,2.92,0,0,FALSE
Male,Loyal Customer,33,Business Travel,Eco Plus,224,3,3,3,3,3,3,3,3,3,1,4,3,3,2.92,62,58,FALSE
Female,Disloyal Customer,21,Business Travel,Business,862,2,3,1,4,1,1,1,1,2,3,4,1,1,1.92,0,0,FALSE
Female,Disloyal Customer,10,Business Travel,Eco,964,0,0,0,2,1,0,1,1,3,2,4,5,1,1.54,10,0,TRUE
Female,Loyal Customer,15,Personal Travel,Eco,153,3,4,3,2,3,3,3,3,5,4,4,3,3,3.31,0,0,FALSE
Female,Loyal Customer,12,Personal Travel,Eco,440,4,4,4,1,1,4,1,1,4,5,5,4,1,3,0,0,TRUE
Female,Loyal Customer,46,Business Travel,Eco,888,2,5,5,5,4,3,4,2,2,2,2,2,2,3.08,0,9,FALSE
Male,Disloyal Customer,23,Business Travel,Eco,67,0,0,0,2,2,0,2,2,3,2,5,3,2,1.77,70,72,TRUE
Female,Loyal Customer,35,Personal Travel,Business,590,1,4,1,3,4,4,4,4,4,1,2,3,5,3.08,0,0,FALSE
Male,Loyal Customer,34,Personal Travel,Eco,760,1,2,1,4,2,1,4,2,1,3,4,1,2,2.15,6,31,FALSE
Female,Disloyal Customer,61,Business Travel,Eco,227,0,5,0,4,4,0,4,4,2,3,2,1,4,2.54,0,0,TRUE
Female,Loyal Customer,45,Personal Travel,Eco,1097,2,5,2,4,5,5,5,5,5,2,5,4,5,4.15,0,48,FALSE
Female,Loyal Customer,9,Personal Travel,Eco,761,1,5,1,3,1,1,1,3,4,4,4,1,1,2.31,286,290,FALSE
Male,Loyal Customer,49,Personal Travel,Eco,261,3,5,3,4,2,3,2,2,4,1,3,4,2,2.92,2,0,FALSE
Male,Loyal Customer,27,Business Travel,Business,502,2,3,4,3,2,1,2,2,1,3,3,1,2,2.23,76,57,FALSE
Female,Loyal Customer,7,Personal Travel,Eco,191,2,3,2,3,2,2,5,2,1,1,4,5,2,2.62,10,4,FALSE
Female,Loyal Customer,27,Personal Travel,Business,158,3,5,3,5,3,3,3,3,3,3,5,4,3,3.54,24,23,FALSE
Male,Loyal Customer,46,Business Travel,Business,2475,3,3,5,3,4,5,4,5,5,5,5,4,3,4.15,0,0,TRUE
Male,Loyal Customer,27,Business Travel,Eco,954,4,2,2,2,4,4,4,4,5,4,4,4,4,3.62,0,0,TRUE
Female,Disloyal Customer,25,Business Travel,Eco Plus,544,4,4,5,3,5,5,5,5,3,2,4,2,5,4,24,84,FALSE
Male,Loyal Customer,35,Personal Travel,Business,226,0,5,0,2,4,4,4,1,1,0,1,5,4,2.38,0,0,TRUE
Male,Loyal Customer,32,Personal Travel,Eco,711,1,3,1,3,1,1,1,1,5,3,3,5,1,2.23,17,73,FALSE
Male,Loyal Customer,52,Personal Travel,Eco,641,2,2,2,3,3,2,2,3,3,4,4,4,3,2.85,0,0,FALSE
Female,Loyal Customer,28,Business Travel,Eco Plus,489,5,2,2,2,5,5,5,5,4,5,3,5,5,4.08,0,0,TRUE
Female,Loyal Customer,44,Business Travel,Business,2060,2,1,1,1,3,3,4,2,2,2,2,1,4,2.15,27,49,FALSE
Male,Loyal Customer,41,Business Travel,Business,2132,1,1,1,1,2,4,5,5,5,5,5,4,5,3.38,3,4,TRUE
Female,Loyal Customer,17,Business Travel,Business,589,1,4,4,4,1,1,1,2,3,3,4,1,1,2.31,194,211,FALSE
Female,Loyal Customer,38,Personal Travel,Eco,550,1,5,2,3,4,2,4,4,4,5,5,1,4,3.38,5,0,FALSE
Female,Loyal Customer,23,Business Travel,Eco,1087,4,4,4,4,4,4,4,4,3,4,4,3,4,3.85,31,23,TRUE
Female,Loyal Customer,37,Personal Travel,Eco,226,2,5,2,5,3,2,3,3,3,3,5,4,3,3.31,3,0,FALSE
Male,Loyal Customer,64,Personal Travel,Eco,1522,2,1,2,3,1,2,1,1,4,2,4,4,1,2.15,0,7,FALSE
Male,Loyal Customer,50,Business Travel,Business,1578,3,3,3,3,2,4,5,4,4,4,4,5,5,3.77,38,29,TRUE
Female,Loyal Customer,46,Business Travel,Business,1723,1,1,1,1,5,5,4,4,4,5,4,4,5,3.38,9,0,TRUE
Male,Loyal Customer,44,Personal Travel,Eco,574,2,5,2,3,2,2,2,2,3,2,5,4,2,2.77,0,0,FALSE
Female,Loyal Customer,10,Personal Travel,Eco,259,3,2,0,3,5,0,5,5,4,4,4,4,5,3.38,0,0,FALSE
Female,Loyal Customer,29,Business Travel,Business,577,3,3,3,3,3,3,3,3,2,4,3,2,3,2.92,0,0,FALSE
Female,Loyal Customer,17,Business Travel,Business,101,2,5,5,5,2,2,2,2,2,3,4,1,2,2.85,0,0,FALSE
Female,Disloyal Customer,22,Business Travel,Business,849,5,5,5,1,5,5,5,5,4,5,4,4,5,4.46,1,1,TRUE
Male,Loyal Customer,31,Personal Travel,Eco,354,3,1,3,3,4,3,4,4,3,3,4,2,4,3.15,0,0,FALSE
Male,Loyal Customer,32,Personal Travel,Eco,371,3,3,3,2,5,3,5,5,1,5,2,5,5,3.62,26,22,FALSE
Female,Loyal Customer,15,Personal Travel,Eco Plus,89,1,4,0,2,5,0,5,5,4,2,4,5,5,3.23,8,21,FALSE
Male,Loyal Customer,26,Personal Travel,Eco,587,2,5,2,2,2,2,2,2,5,3,5,4,2,2.92,0,5,FALSE
Male,Disloyal Customer,24,Business Travel,Eco,427,2,0,2,2,2,2,2,2,1,5,1,4,2,2.08,0,0,FALSE
Male,Loyal Customer,30,Personal Travel,Eco,1947,4,4,4,1,4,1,5,3,2,4,5,5,5,3.62,138,167,FALSE
Female,Loyal Customer,33,Personal Travel,Eco,1728,2,5,2,3,4,2,4,4,3,4,3,3,4,3.31,79,61,FALSE
Female,Loyal Customer,30,Personal Travel,Eco,393,1,4,1,1,1,1,1,1,4,5,4,5,1,2.31,0,0,FALSE
Female,Loyal Customer,32,Business Travel,Business,2866,4,4,4,4,4,4,5,4,3,2,5,4,4,3.92,16,14,TRUE
Male,Loyal Customer,34,Business Travel,Eco,251,1,3,3,3,1,1,1,1,1,1,1,2,1,1.54,0,0,FALSE
Male,Loyal Customer,59,Personal Travel,Eco Plus,364,3,5,3,3,1,3,1,1,3,5,4,5,1,2.92,4,0,FALSE
Male,Loyal Customer,25,Business Travel,Business,2769,2,2,2,2,4,4,4,4,3,2,5,3,4,3.15,19,13,TRUE
Male,Loyal Customer,51,Business Travel,Business,3747,4,3,3,3,1,3,2,4,4,4,4,3,4,3.23,0,0,FALSE
Male,Loyal Customer,46,Personal Travel,Eco,332,3,5,1,3,2,1,2,2,3,1,1,2,2,2.15,0,24,FALSE
Female,Loyal Customer,24,Business Travel,Eco,1541,2,3,3,3,2,2,2,2,2,1,2,1,2,2.08,2,0,FALSE
Female,Loyal Customer,35,Personal Travel,Eco,1121,2,4,1,2,1,1,5,1,5,5,5,4,1,2.85,10,0,FALSE
Female,Loyal Customer,7,Personal Travel,Eco,1192,2,4,1,5,2,1,1,2,4,2,3,3,2,2.46,37,32,FALSE
Female,Loyal Customer,44,Business Travel,Business,1827,3,3,3,3,2,5,5,2,2,2,2,5,4,3.15,23,17,TRUE
Male,Disloyal Customer,31,Business Travel,Eco,921,3,2,2,4,3,2,3,3,1,5,3,2,3,2.77,125,113,FALSE
Female,Loyal Customer,63,Business Travel,Eco Plus,185,2,3,3,3,2,1,2,2,2,2,2,1,3,2.15,4,2,FALSE
Female,Loyal Customer,22,Business Travel,Business,1464,3,5,5,5,3,3,3,3,4,4,3,2,3,3.54,26,24,FALSE
Female,Loyal Customer,28,Business Travel,Business,3859,1,1,1,1,5,5,5,5,5,4,5,3,5,3.54,10,6,TRUE
Female,Disloyal Customer,29,Business Travel,Eco,874,4,4,4,4,4,4,4,4,1,4,4,2,4,3.62,54,47,FALSE
Female,Loyal Customer,32,Business Travel,Business,2938,1,1,1,1,5,5,5,5,5,4,5,3,5,3.54,11,1,TRUE
Female,Loyal Customer,40,Business Travel,Business,359,2,2,3,2,3,5,5,4,4,4,4,5,3,3.54,6,0,TRUE
Male,Disloyal Customer,22,Business Travel,Eco,496,1,0,1,1,2,1,2,2,3,3,4,4,2,2,7,0,FALSE
Male,Loyal Customer,52,Business Travel,Business,1542,1,5,5,5,3,3,3,1,1,1,1,3,2,2.62,2,0,FALSE
Female,Disloyal Customer,27,Business Travel,Eco,632,3,4,3,3,1,3,1,1,1,1,3,2,1,2.08,57,45,FALSE
Female,Loyal Customer,10,Personal Travel,Eco,1199,3,3,3,4,1,3,1,1,2,3,3,3,1,2.38,12,20,FALSE
Female,Loyal Customer,29,Personal Travel,Eco Plus,957,3,5,3,4,4,3,4,4,4,5,4,3,4,3.85,0,3,FALSE
Male,Disloyal Customer,21,Business Travel,Business,1009,0,5,0,2,5,0,5,5,3,4,5,4,5,3.31,0,0,TRUE
Male,Loyal Customer,45,Business Travel,Business,2367,4,4,4,4,5,3,5,5,5,5,5,3,3,4.23,8,4,TRUE
Male,Disloyal Customer,21,Business Travel,Eco,1037,3,3,3,2,3,5,3,2,1,4,3,3,3,2.92,13,0,FALSE
Male,Loyal Customer,41,Business Travel,Eco Plus,455,4,4,4,4,4,4,4,4,1,1,2,1,4,3.15,0,2,TRUE
Female,Disloyal Customer,29,Business Travel,Business,1390,0,0,0,5,5,0,5,5,5,3,5,5,5,3.31,29,3,TRUE
Male,Loyal Customer,55,Business Travel,Business,1012,2,2,2,2,5,1,2,2,2,2,2,1,4,2.23,8,11,FALSE
Female,Loyal Customer,17,Personal Travel,Eco,862,3,5,3,2,5,3,5,5,4,5,5,4,5,4.15,3,3,FALSE
Male,Loyal Customer,53,Personal Travel,Eco,1947,2,3,2,2,3,2,3,3,3,3,2,1,3,2.46,30,20,FALSE
Male,Loyal Customer,54,Business Travel,Business,3624,5,5,5,5,2,5,5,4,4,4,4,3,5,4.31,18,7,TRUE
Female,Disloyal Customer,34,Business Travel,Business,692,4,4,4,3,1,4,1,1,3,2,4,4,1,2.77,0,0,FALSE
Female,Loyal Customer,64,Personal Travel,Eco,2565,3,3,3,3,4,3,5,5,5,3,5,5,3,3.85,0,0,FALSE
Male,Loyal Customer,47,Business Travel,Business,472,3,3,3,3,4,4,5,3,3,4,3,4,5,3.62,32,43,TRUE
Female,Disloyal Customer,19,Business Travel,Business,859,4,0,4,1,2,4,3,2,4,4,4,3,2,2.85,1,0,TRUE
Female,Disloyal Customer,48,Business Travel,Eco,944,4,3,3,4,5,3,1,5,3,2,3,4,5,3.46,0,24,FALSE
Female,Disloyal Customer,23,Business Travel,Eco,676,4,4,4,4,5,4,5,5,3,5,3,4,5,4.23,81,91,FALSE
Female,Loyal Customer,32,Personal Travel,Eco,745,3,5,3,5,1,3,1,1,3,2,5,3,1,2.77,0,8,FALSE
Female,Disloyal Customer,25,Business Travel,Business,448,3,0,4,4,1,4,1,1,5,2,4,3,1,2.54,0,0,FALSE
Male,Loyal Customer,27,Personal Travel,Eco,404,2,4,2,3,3,2,3,3,5,4,5,5,3,3.38,0,0,FALSE
Female,Disloyal Customer,36,Business Travel,Business,430,3,3,3,4,5,3,5,5,5,4,4,4,5,4.08,0,0,FALSE
Male,Disloyal Customer,22,Business Travel,Eco,819,2,2,2,5,4,2,4,4,5,2,5,5,4,3.54,117,113,FALSE
Female,Loyal Customer,51,Business Travel,Business,237,2,2,2,2,2,3,4,5,5,5,5,5,4,3.54,10,0,TRUE
Male,Loyal Customer,32,Business Travel,Business,2353,3,3,3,3,4,4,4,4,5,4,5,4,4,3.85,18,5,TRUE
Female,Loyal Customer,41,Business Travel,Business,331,3,3,3,3,5,5,5,5,5,5,5,3,3,4.08,53,50,TRUE
Male,Disloyal Customer,42,Business Travel,Business,954,2,3,3,5,5,2,5,5,3,4,5,3,5,3.85,0,0,FALSE
Female,Loyal Customer,46,Personal Travel,Eco,341,2,3,2,4,4,4,3,4,4,2,4,3,2,3.15,0,0,FALSE
Male,Loyal Customer,57,Business Travel,Business,1769,3,3,3,3,4,5,4,4,4,4,4,4,5,3.85,0,0,TRUE
Female,Loyal Customer,65,Personal Travel,Eco,481,4,2,4,4,4,3,4,2,2,4,2,2,4,3.15,0,0,FALSE
Male,Loyal Customer,28,Business Travel,Business,3090,2,1,1,1,2,2,2,2,4,2,4,4,2,2.23,9,26,FALSE
Female,Disloyal Customer,44,Business Travel,Eco,718,3,3,3,3,5,3,5,5,2,4,4,4,5,3.77,0,18,FALSE
Male,Loyal Customer,24,Personal Travel,Eco,1222,2,5,2,2,4,2,4,4,5,3,1,3,4,3.15,4,0,FALSE
Male,Loyal Customer,32,Business Travel,Business,1576,2,1,1,1,2,2,2,2,3,5,2,2,2,2.08,69,64,FALSE
Female,Loyal Customer,7,Personal Travel,Eco,562,1,5,1,2,2,1,5,2,5,2,5,4,2,2.85,0,2,FALSE
Female,Disloyal Customer,24,Business Travel,Eco,517,0,5,1,3,1,1,1,1,3,5,5,5,1,2.46,0,0,TRUE
Male,Loyal Customer,53,Business Travel,Business,3269,3,4,4,4,1,4,3,3,3,3,3,1,4,3.08,0,0,FALSE
Female,Loyal Customer,59,Business Travel,Business,1050,5,2,5,5,3,1,2,5,5,5,5,4,1,3.69,0,0,TRUE
Male,Loyal Customer,45,Business Travel,Business,3599,4,4,4,4,4,4,4,3,3,4,3,4,3,3.69,0,0,TRUE
Female,Loyal Customer,48,Personal Travel,Eco,110,3,3,3,4,1,4,4,5,5,3,5,4,4,3.69,2,0,FALSE
Female,Loyal Customer,17,Personal Travel,Eco,332,4,5,4,1,1,4,3,1,4,3,4,1,1,2.77,12,10,FALSE
Male,Loyal Customer,46,Business Travel,Eco,925,4,1,1,1,4,4,4,4,5,2,1,5,4,3.08,48,49,TRUE
Male,Loyal Customer,66,Business Travel,Business,3790,3,3,3,3,5,3,4,3,3,3,3,4,3,3.31,0,6,FALSE
Male,Loyal Customer,52,Business Travel,Business,2405,1,1,1,1,4,5,5,4,4,4,4,5,3,3.23,0,1,TRUE
Female,Loyal Customer,53,Personal Travel,Eco,1089,4,3,4,4,3,4,4,1,1,4,1,3,2,2.92,0,0,TRUE
Female,Loyal Customer,59,Business Travel,Business,2447,1,1,3,1,4,4,5,4,4,4,4,5,5,3.46,0,0,TRUE
Female,Loyal Customer,24,Business Travel,Eco,728,1,3,3,3,1,1,3,1,1,5,3,1,1,2.08,0,0,FALSE
Male,Loyal Customer,34,Business Travel,Business,3809,4,4,4,4,3,4,3,3,3,4,3,4,5,3.69,9,10,TRUE
Female,Loyal Customer,60,Business Travel,Business,2435,2,3,3,3,5,3,4,2,2,2,2,3,4,2.92,0,0,FALSE
Female,Loyal Customer,19,Business Travel,Business,1399,3,3,4,3,4,5,4,4,5,4,4,3,4,3.85,0,0,TRUE
Male,Loyal Customer,15,Personal Travel,Eco,1096,2,1,2,3,5,2,1,5,2,3,2,2,5,2.69,0,0,FALSE
Male,Loyal Customer,42,Business Travel,Business,562,4,4,4,4,1,4,3,5,5,5,5,1,5,3.85,45,32,TRUE
Female,Loyal Customer,58,Business Travel,Business,1824,1,3,3,3,2,3,4,1,1,1,1,4,4,2.38,0,9,FALSE
Female,Loyal Customer,17,Business Travel,Business,3165,2,2,2,2,4,4,4,4,5,3,1,5,4,3.23,0,0,TRUE
Female,Loyal Customer,34,Business Travel,Business,3789,3,3,3,3,5,5,5,5,3,1,2,5,5,3.69,341,334,TRUE
Male,Loyal Customer,34,Personal Travel,Eco,468,2,5,2,3,2,2,2,2,4,2,5,5,2,2.92,26,34,FALSE
Male,Loyal Customer,68,Personal Travel,Eco,449,2,2,2,2,2,2,2,2,2,3,2,4,2,2.23,13,13,FALSE
Female,Disloyal Customer,27,Business Travel,Eco,192,2,3,2,4,2,2,2,2,3,1,4,1,2,2.31,0,6,FALSE
Male,Disloyal Customer,30,Business Travel,Business,813,1,1,1,3,3,1,3,3,4,5,5,5,3,2.92,0,0,FALSE
Male,Loyal Customer,38,Business Travel,Business,2293,1,3,3,3,1,3,4,1,1,1,1,4,1,2.08,0,10,FALSE
Male,Loyal Customer,24,Personal Travel,Business,102,3,3,3,2,1,3,1,1,5,1,3,1,1,2.15,0,0,FALSE
Female,Loyal Customer,70,Personal Travel,Eco,337,5,3,5,2,5,2,3,2,2,5,2,1,2,3,11,7,TRUE
Male,Loyal Customer,39,Business Travel,Eco,594,3,4,4,4,3,3,3,3,4,4,2,3,3,3.31,53,50,FALSE
Male,Loyal Customer,50,Business Travel,Business,3256,4,4,4,4,5,4,5,5,5,5,5,3,4,4.38,0,1,TRUE
Female,Loyal Customer,17,Personal Travel,Eco,1099,3,3,3,4,5,3,4,5,1,5,2,3,5,3.54,9,20,FALSE
Male,Loyal Customer,46,Business Travel,Business,3966,3,3,3,3,3,4,4,4,4,4,4,3,5,3.62,0,0,TRUE
Male,Loyal Customer,41,Business Travel,Business,73,3,3,3,3,2,5,5,4,4,4,5,1,5,3.62,0,0,TRUE
Female,Loyal Customer,66,Business Travel,Eco Plus,86,2,5,5,5,3,4,4,2,2,2,2,2,2,3.08,23,7,FALSE
Female,Loyal Customer,47,Business Travel,Business,1846,3,3,3,3,3,4,4,4,4,4,4,3,3,3.46,0,18,TRUE
Male,Loyal Customer,41,Business Travel,Eco,759,4,2,2,2,4,4,4,4,2,5,4,1,4,3.23,0,2,TRUE
Male,Loyal Customer,23,Business Travel,Business,1919,2,2,2,2,2,2,2,2,3,4,3,5,2,2.54,0,0,TRUE
Female,Loyal Customer,49,Business Travel,Business,3239,3,1,3,3,3,4,5,5,5,4,5,3,5,3.77,0,0,TRUE
Male,Disloyal Customer,37,Business Travel,Eco,1285,2,2,2,3,4,2,4,4,2,5,3,3,4,3.08,0,0,FALSE
Female,Loyal Customer,60,Personal Travel,Business,1576,3,5,4,4,4,3,4,4,4,4,2,4,5,3.85,28,36,FALSE
Female,Loyal Customer,57,Business Travel,Business,549,1,1,1,1,3,4,4,5,5,5,5,5,5,3.46,0,0,TRUE
Female,Loyal Customer,48,Business Travel,Eco,1576,3,2,2,2,3,3,2,2,2,3,2,1,1,2.15,71,91,FALSE
Female,Disloyal Customer,43,Business Travel,Eco,370,2,3,2,4,3,2,3,3,2,5,3,3,3,2.92,0,10,FALSE
Female,Disloyal Customer,24,Business Travel,Eco,236,4,4,4,5,4,4,4,4,4,1,3,4,4,3.77,0,0,FALSE
Female,Loyal Customer,61,Personal Travel,Eco,280,0,2,0,3,1,3,4,2,2,0,2,1,1,1.62,0,2,TRUE
Female,Loyal Customer,34,Personal Travel,Eco,2688,3,5,3,4,3,5,5,4,3,3,5,5,5,4.08,1,0,FALSE
Female,Loyal Customer,53,Business Travel,Eco Plus,1050,2,1,1,1,5,4,3,2,2,2,2,2,2,2.23,9,0,FALSE
Female,Loyal Customer,54,Business Travel,Business,2276,5,5,5,5,3,4,4,5,5,5,5,4,5,4.62,114,88,TRUE
Female,Disloyal Customer,23,Business Travel,Business,323,1,3,1,3,5,1,5,5,1,5,4,3,5,3.23,70,59,FALSE
Male,Loyal Customer,62,Personal Travel,Business,1023,3,4,4,3,3,4,3,1,1,4,1,5,2,2.92,0,0,FALSE
Male,Loyal Customer,58,Business Travel,Business,2525,4,4,4,4,3,5,4,3,3,3,3,3,4,3.62,5,4,TRUE
Female,Loyal Customer,18,Business Travel,Business,489,4,4,4,4,5,5,5,5,5,3,5,5,5,4.54,0,0,TRUE
Male,Disloyal Customer,27,Business Travel,Eco,262,2,5,3,3,1,3,1,1,4,1,2,5,1,2.46,0,0,FALSE
Female,Disloyal Customer,25,Business Travel,Business,592,5,0,4,1,5,4,5,5,3,2,5,5,5,3.77,0,0,TRUE
Female,Loyal Customer,56,Personal Travel,Eco Plus,735,2,5,2,3,2,4,1,2,2,2,2,1,2,2.31,6,13,FALSE
Female,Loyal Customer,29,Business Travel,Business,1917,4,4,4,4,5,5,5,5,3,5,4,3,5,4.31,51,45,TRUE
Male,Loyal Customer,32,Personal Travel,Eco,1587,3,5,3,2,5,3,5,5,3,2,5,3,5,3.77,0,0,FALSE
Female,Loyal Customer,33,Business Travel,Business,3348,4,4,4,4,5,5,1,5,5,5,5,3,1,3.92,0,0,TRUE
Male,Loyal Customer,62,Personal Travel,Eco Plus,926,2,5,2,2,4,2,4,4,4,5,4,4,4,3.54,13,4,FALSE
Female,Loyal Customer,56,Personal Travel,Eco,102,1,1,1,4,5,3,4,3,3,1,3,3,2,2.62,0,2,FALSE
Female,Loyal Customer,9,Personal Travel,Eco,295,1,5,4,3,1,4,1,1,4,5,5,5,1,3.08,16,,FALSE
Male,Loyal Customer,35,Personal Travel,Eco,2218,2,3,2,2,1,2,1,1,3,4,3,1,1,2,0,0,FALSE
Male,Loyal Customer,39,Business Travel,Business,255,4,4,4,4,4,4,5,4,4,4,4,4,4,4.08,1,0,TRUE
Female,Disloyal Customer,38,Business Travel,Eco,453,3,4,3,3,1,3,2,1,3,4,4,3,1,2.69,0,0,FALSE
Male,Loyal Customer,28,Personal Travel,Eco,787,4,4,4,3,2,4,2,2,4,4,5,4,2,3.38,22,32,FALSE
Male,Loyal Customer,50,Business Travel,Business,1411,5,5,5,5,5,4,4,5,5,5,5,4,4,4.69,0,0,TRUE
Male,Loyal Customer,13,Personal Travel,Eco,599,3,0,3,1,3,3,3,3,3,5,4,5,3,3,8,14,FALSE
Male,Loyal Customer,52,Business Travel,Business,565,1,2,2,2,1,1,1,4,3,3,3,1,1,1.92,137,139,FALSE
Male,Loyal Customer,45,Business Travel,Business,2161,2,2,2,2,2,4,5,4,4,4,4,5,3,3.31,36,34,TRUE
Male,Loyal Customer,25,Business Travel,Business,2552,2,2,2,2,4,4,4,4,2,3,3,3,4,3,0,0,TRUE
Female,Loyal Customer,59,Business Travel,Eco,191,5,4,4,4,3,1,1,5,5,5,5,4,5,3.92,0,0,TRUE
Female,Loyal Customer,24,Business Travel,Eco,190,4,2,2,2,5,5,4,5,5,4,1,1,5,3.46,0,0,TRUE
Male,Disloyal Customer,44,Business Travel,Eco,842,3,3,3,1,2,3,2,2,2,2,1,1,2,2.08,0,0,FALSE
Female,Disloyal Customer,80,Business Travel,Business,174,2,2,2,4,1,3,4,1,1,2,1,3,2,2.15,0,0,FALSE
Male,Loyal Customer,70,Personal Travel,Eco,2486,2,2,2,3,4,2,4,4,2,3,3,2,4,2.85,0,0,FALSE
Male,Loyal Customer,65,Personal Travel,Eco,587,4,4,4,4,1,4,1,1,4,3,5,5,1,3.15,0,3,FALSE
Male,Loyal Customer,41,Business Travel,Business,602,1,0,0,4,1,4,3,4,4,0,4,4,4,2.54,27,8,FALSE
Female,Loyal Customer,66,Business Travel,Eco,762,5,3,2,2,3,3,2,5,5,5,5,2,2,3.38,3,0,TRUE
Female,Loyal Customer,49,Business Travel,Business,3378,2,2,2,2,2,5,5,4,4,4,4,4,4,3.38,36,42,TRUE
Male,Loyal Customer,17,Personal Travel,Eco Plus,224,1,4,1,3,5,1,5,5,4,3,5,4,5,3.54,12,5,FALSE
Female,Loyal Customer,50,Personal Travel,Eco Plus,898,4,4,5,1,5,5,5,2,2,5,2,3,5,3.69,0,0,FALSE
Female,Disloyal Customer,27,Business Travel,Eco,119,3,4,3,4,3,3,3,3,1,4,1,4,3,3,0,0,FALSE
Male,Loyal Customer,62,Personal Travel,Eco Plus,341,4,4,4,3,1,4,1,1,3,5,5,3,1,3,2,0,FALSE
Male,Loyal Customer,14,Personal Travel,Eco,651,1,0,1,4,4,1,4,4,5,4,4,4,4,3.08,39,37,FALSE
Female,Loyal Customer,41,Business Travel,Business,2248,5,5,5,5,3,4,5,4,4,4,4,4,5,4.38,0,0,TRUE
Female,Loyal Customer,43,Personal Travel,Eco,650,5,4,5,4,2,3,3,2,2,5,2,4,1,3.23,16,3,TRUE
Female,Disloyal Customer,54,Business Travel,Business,190,4,4,4,4,2,4,2,2,3,4,5,3,2,3.31,3,4,TRUE
Male,Loyal Customer,33,Business Travel,Business,2027,0,4,0,4,1,1,1,1,3,1,5,1,1,1.77,0,0,TRUE
Female,Loyal Customer,59,Personal Travel,Eco,920,3,2,3,3,2,3,4,3,3,3,3,3,2,2.85,10,9,FALSE
Female,Disloyal Customer,7,Business Travel,Eco,714,2,3,3,3,4,3,4,4,1,5,4,3,4,3.31,0,0,FALSE
Female,Loyal Customer,32,Personal Travel,Eco Plus,383,0,4,0,3,4,0,4,4,5,5,5,5,4,3.31,0,0,TRUE
Male,Loyal Customer,17,Business Travel,Eco Plus,468,4,1,1,1,4,4,4,4,5,2,2,2,4,2.92,0,0,TRUE
Female,Loyal Customer,9,Personal Travel,Eco,164,3,2,3,4,1,3,1,1,2,1,4,4,1,2.31,3,18,FALSE
Female,Loyal Customer,27,Business Travel,Eco,101,4,4,4,4,5,5,5,5,5,3,4,5,5,4.46,0,0,TRUE
Female,Loyal Customer,48,Business Travel,Eco,583,1,5,5,5,2,3,3,1,1,1,1,3,2,2.54,80,56,FALSE
Female,Disloyal Customer,23,Business Travel,Eco,425,1,4,0,3,5,0,5,5,4,3,3,3,5,3.15,34,34,FALSE
Female,Loyal Customer,43,Business Travel,Eco,872,4,3,3,3,3,5,3,4,4,4,4,3,3,3.54,0,0,TRUE
Female,Disloyal Customer,30,Business Travel,Eco,872,4,4,4,2,5,4,5,5,2,4,3,1,5,3.69,15,5,FALSE
Male,Loyal Customer,49,Business Travel,Business,308,2,2,2,2,2,1,5,5,5,5,5,1,4,3.15,6,2,TRUE
Male,Disloyal Customer,26,Business Travel,Business,1037,2,2,2,3,3,2,3,3,5,3,5,3,3,3,0,0,FALSE
Male,Loyal Customer,51,Business Travel,Business,1912,3,3,3,3,4,5,4,4,4,4,4,3,5,3.77,3,0,TRUE
Female,Loyal Customer,58,Business Travel,Business,3473,5,5,5,5,3,5,5,4,4,4,4,4,3,4.31,2,1,TRUE
Male,Loyal Customer,33,Business Travel,Business,3942,3,3,3,3,4,4,4,4,4,5,5,3,4,3.77,0,0,TRUE
Male,Loyal Customer,49,Personal Travel,Eco,502,3,5,3,3,2,3,4,2,5,4,5,5,2,3.54,59,41,FALSE
Female,Loyal Customer,54,Business Travel,Business,1773,1,1,1,1,5,3,5,4,4,4,4,3,5,3.15,0,0,TRUE
Female,Loyal Customer,45,Business Travel,Eco,577,1,4,4,4,5,3,4,1,1,1,1,2,1,2.46,0,0,FALSE
Female,Disloyal Customer,10,Business Travel,Eco,868,5,5,5,3,4,5,4,4,4,4,4,5,4,4.31,0,0,TRUE
Male,Loyal Customer,9,Personal Travel,Eco,668,3,5,4,3,3,4,3,3,3,2,4,4,3,3.38,1,0,FALSE
Female,Disloyal Customer,21,Business Travel,Eco,134,1,0,1,1,4,1,4,4,4,5,5,5,4,3,0,0,FALSE
Male,Loyal Customer,35,Business Travel,Business,2402,5,5,5,5,4,4,1,2,2,2,2,4,2,3.31,0,0,TRUE
Female,Disloyal Customer,26,Business Travel,Business,533,2,0,2,2,4,2,4,4,5,5,4,5,4,3.31,0,0,FALSE
Female,Loyal Customer,36,Business Travel,Business,1107,2,2,2,2,5,5,5,4,4,4,4,4,5,3.69,9,16,TRUE
Male,Loyal Customer,37,Business Travel,Business,3784,3,3,3,3,1,3,4,3,3,3,3,1,4,2.85,2,0,FALSE
Female,Disloyal Customer,26,Business Travel,Eco,248,2,2,2,3,5,2,5,5,3,2,4,2,5,3.23,43,36,FALSE
Male,Loyal Customer,50,Business Travel,Eco,262,5,1,1,1,5,5,5,5,2,1,3,1,5,3.08,0,0,TRUE
Female,Loyal Customer,45,Personal Travel,Business,2586,2,5,2,5,2,4,4,3,5,4,5,4,4,3.77,0,0,FALSE
Male,Disloyal Customer,27,Business Travel,Eco,164,3,3,3,1,2,3,2,2,2,3,1,1,2,2.15,0,0,FALSE
Male,Loyal Customer,65,Business Travel,Business,2601,3,2,4,4,5,2,3,3,3,4,3,4,1,3.15,66,54,FALSE
Female,Loyal Customer,8,Personal Travel,Eco,409,4,3,4,1,4,4,4,4,3,2,5,5,4,3.62,49,27,TRUE
Female,Loyal Customer,15,Personal Travel,Eco Plus,259,2,1,2,2,4,2,4,4,3,5,2,1,4,2.77,1,0,FALSE
Male,Disloyal Customer,25,Business Travel,Business,502,3,4,3,1,5,3,5,5,5,4,4,5,5,4,0,0,FALSE
Female,Loyal Customer,31,Personal Travel,Eco,397,3,5,3,2,4,3,4,4,4,4,4,5,4,3.77,0,0,FALSE
Female,Loyal Customer,69,Personal Travel,Eco,882,1,2,1,4,3,4,4,5,5,1,5,4,2,3.15,8,11,FALSE
Male,Loyal Customer,31,Business Travel,Business,1823,4,4,2,4,4,4,4,4,3,4,3,2,4,3.54,0,0,TRUE
Female,Loyal Customer,56,Business Travel,Business,2772,5,5,5,5,3,5,4,5,5,5,5,3,4,4.54,0,0,TRUE
Female,Loyal Customer,59,Personal Travel,Eco,453,3,5,5,4,5,4,5,5,5,5,4,5,5,4.62,0,0,FALSE
Male,Loyal Customer,67,Business Travel,Business,3906,2,2,2,2,3,4,4,2,2,2,2,1,4,2.46,0,0,FALSE
Male,Loyal Customer,31,Business Travel,Business,2235,5,5,5,5,4,4,4,4,4,4,5,4,4,4.38,11,13,TRUE
Female,Disloyal Customer,26,Business Travel,Eco,874,1,1,1,3,5,1,1,5,3,1,4,2,5,2.54,0,0,FALSE
Male,Loyal Customer,58,Business Travel,Business,3403,3,3,3,3,2,5,4,5,5,5,5,5,4,4,0,0,TRUE
Male,Disloyal Customer,46,Business Travel,Business,867,5,5,5,3,3,5,3,3,3,5,4,3,3,3.85,0,9,TRUE
Male,Loyal Customer,60,Business Travel,Business,3369,3,3,3,3,2,4,4,2,2,2,2,3,5,2.92,0,1,TRUE
Male,Loyal Customer,45,Business Travel,Eco,395,4,3,4,3,4,4,4,4,4,2,5,1,4,3.54,0,0,TRUE
Female,Loyal Customer,39,Business Travel,Business,3091,4,4,4,4,3,3,3,3,3,4,3,5,4,3.62,0,0,TRUE
Female,Loyal Customer,52,Business Travel,Business,2833,2,2,2,2,5,2,1,5,5,5,5,3,2,3.15,0,1,TRUE
Female,Loyal Customer,51,Business Travel,Business,2591,1,1,4,1,3,4,4,5,5,4,5,5,4,3.54,0,0,TRUE
Male,Loyal Customer,41,Business Travel,Eco,783,3,5,2,5,3,3,3,3,3,5,4,3,3,3.46,97,103,FALSE
Female,Loyal Customer,60,Business Travel,Business,2801,0,0,0,4,3,3,3,3,2,5,5,3,3,2.62,185,183,TRUE
Female,Loyal Customer,47,Business Travel,Business,226,3,3,3,3,2,4,5,5,5,5,5,4,3,3.85,13,4,TRUE
Female,Disloyal Customer,22,Business Travel,Eco,1118,5,5,5,1,3,5,3,3,2,2,5,3,3,3.46,17,26,TRUE
Female,Loyal Customer,36,Business Travel,Business,3338,3,3,3,3,1,3,4,3,3,3,3,4,2,2.92,12,0,FALSE
Female,Loyal Customer,48,Business Travel,Business,3806,1,1,1,1,5,5,4,4,4,4,4,3,5,3.23,0,3,TRUE
Male,Loyal Customer,28,Business Travel,Business,1889,2,3,3,3,2,2,2,2,2,1,3,4,2,2.38,0,0,FALSE
Female,Loyal Customer,10,Personal Travel,Eco,241,2,5,2,4,1,2,1,1,5,5,1,3,1,2.54,0,0,FALSE
Male,Loyal Customer,38,Business Travel,Business,899,1,4,4,4,5,3,2,1,1,1,1,3,3,2.54,0,0,FALSE
Male,Loyal Customer,57,Personal Travel,Eco,224,2,4,2,3,4,2,4,4,4,2,4,3,4,3.23,13,12,FALSE
Male,Loyal Customer,34,Business Travel,Business,1982,4,4,4,4,3,1,4,4,4,4,4,1,4,3.46,0,0,TRUE
Male,Loyal Customer,68,Personal Travel,Eco,304,2,4,2,3,5,2,5,5,3,2,4,4,5,3.54,2,0,FALSE
Male,Disloyal Customer,43,Business Travel,Eco,126,3,0,3,3,3,3,3,3,1,4,1,1,3,2.38,8,0,FALSE
Female,Loyal Customer,44,Business Travel,Business,1512,0,0,0,3,3,4,4,5,5,5,5,4,3,3.15,0,0,TRUE
Female,Disloyal Customer,39,Business Travel,Eco Plus,557,2,2,2,4,1,2,1,1,2,2,3,1,1,1.85,40,58,FALSE
Female,Loyal Customer,43,Business Travel,Business,1617,5,5,2,5,2,4,4,4,4,4,4,3,3,3.77,0,0,TRUE
Male,Loyal Customer,29,Business Travel,Business,667,3,3,5,3,5,3,3,4,1,4,5,3,3,3.46,133,140,TRUE
Female,Loyal Customer,50,Personal Travel,Eco,197,3,4,3,1,4,1,1,1,1,3,2,3,5,2.46,7,9,FALSE
Female,Disloyal Customer,29,Business Travel,Business,1609,4,4,4,4,4,4,4,4,3,5,5,4,4,4.08,0,5,TRUE
Female,Loyal Customer,70,Personal Travel,Eco,991,4,4,4,1,3,5,5,1,1,4,1,3,4,3.08,7,0,FALSE
Female,Loyal Customer,35,Personal Travel,Eco,222,1,5,0,4,2,0,5,2,3,2,4,5,2,2.69,0,0,FALSE
Male,Disloyal Customer,21,Business Travel,Eco,377,5,0,5,1,4,5,4,4,1,1,5,5,4,3.38,0,4,TRUE
Male,Disloyal Customer,17,Personal Travel,Eco,331,4,4,4,4,4,4,4,4,2,2,3,2,4,3.46,0,0,TRUE
Female,Loyal Customer,35,Personal Travel,Eco,301,1,1,1,4,2,1,3,2,3,3,4,4,2,2.38,0,0,FALSE
Male,Loyal Customer,40,Business Travel,Eco,503,3,5,5,5,3,3,3,3,4,3,3,4,3,3.62,0,0,FALSE
Male,Loyal Customer,46,Business Travel,Business,403,2,2,2,2,4,5,5,5,5,5,5,4,4,3.85,1,0,TRUE
Male,Loyal Customer,52,Personal Travel,Eco,266,3,5,3,2,4,3,4,4,4,3,3,5,4,3.62,0,0,FALSE
Female,Loyal Customer,39,Business Travel,Business,1012,1,1,1,1,3,5,4,4,4,4,4,5,3,3.08,0,0,TRUE
Female,Loyal Customer,39,Personal Travel,Eco,356,0,1,0,3,2,0,2,2,3,4,3,2,2,1.85,0,0,TRUE
Female,Disloyal Customer,22,Business Travel,Eco,119,0,4,0,5,4,0,4,4,5,5,5,4,4,3.38,7,0,TRUE
Female,Loyal Customer,44,Business Travel,Eco,328,5,1,4,1,4,3,4,5,5,5,5,1,3,3.54,0,23,TRUE
Female,Loyal Customer,11,Personal Travel,Eco,600,1,3,1,3,4,1,4,4,4,2,2,1,4,2.62,0,7,FALSE
Female,Loyal Customer,42,Personal Travel,Eco,672,3,3,4,3,5,3,3,4,4,4,4,4,4,3.69,0,0,FALSE
Male,Loyal Customer,42,Personal Travel,Eco,236,3,1,3,3,5,3,5,5,4,1,2,3,5,3.31,78,69,FALSE
Female,Loyal Customer,39,Personal Travel,Eco Plus,101,5,4,5,1,2,5,2,2,5,3,5,3,2,3.38,0,4,TRUE
Female,Loyal Customer,44,Business Travel,Eco,797,4,1,1,1,4,4,3,4,4,4,4,2,2,2.92,12,3,TRUE
Female,Loyal Customer,59,Business Travel,Business,2684,4,4,4,4,5,5,5,4,4,4,4,4,4,4.23,0,0,TRUE
Female,Loyal Customer,64,Business Travel,Eco,868,2,5,5,5,1,3,4,2,2,2,2,3,2,2.92,0,0,FALSE
Male,Loyal Customer,20,Personal Travel,Eco,551,3,1,3,2,3,1,1,3,1,2,2,1,1,1.85,164,283,FALSE
Female,Loyal Customer,17,Personal Travel,Eco,102,1,5,1,3,5,1,5,5,3,1,1,4,5,3.08,0,0,FALSE
Female,Loyal Customer,55,Business Travel,Business,1501,2,2,4,2,3,5,5,5,5,5,5,5,3,3.92,0,0,TRUE
Female,Loyal Customer,39,Business Travel,Business,1972,4,4,5,4,2,3,4,5,5,5,5,3,4,4.08,0,0,TRUE
Male,Loyal Customer,60,Business Travel,Business,3144,3,5,5,5,3,3,2,3,3,3,3,4,3,3.46,14,11,FALSE
Male,Loyal Customer,59,Business Travel,Business,2307,3,2,2,2,2,3,3,3,3,3,3,2,2,2.54,51,40,FALSE
Female,Disloyal Customer,44,Business Travel,Eco Plus,697,2,2,2,4,4,2,4,4,2,3,4,1,4,2.92,0,3,FALSE
Female,Loyal Customer,55,Business Travel,Business,2205,5,5,5,5,5,5,5,3,3,4,3,5,5,4.46,18,0,TRUE
Female,Loyal Customer,50,Business Travel,Eco,266,1,1,1,1,5,3,3,1,1,1,1,1,3,1.77,0,0,FALSE
Female,Loyal Customer,46,Business Travel,Eco,373,3,4,4,4,3,2,2,3,3,3,3,4,2,3.08,0,0,FALSE
Female,Loyal Customer,47,Business Travel,Eco,358,2,3,3,3,1,3,3,2,2,2,2,1,1,2.15,0,0,FALSE
Male,Loyal Customer,35,Business Travel,Business,405,1,1,1,1,4,3,3,1,1,1,1,4,1,1.77,33,26,FALSE
Female,Loyal Customer,36,Business Travel,Business,1204,3,4,4,4,5,4,3,3,3,3,3,1,2,3.23,0,0,FALSE
Female,Loyal Customer,40,Business Travel,Business,1069,2,2,4,2,5,5,4,5,5,5,5,5,3,4,4,0,TRUE
Male,Loyal Customer,60,Business Travel,Business,2815,4,4,4,4,5,4,4,5,5,5,5,3,5,4.38,37,25,TRUE
Female,Disloyal Customer,39,Business Travel,Business,453,5,5,5,2,2,5,2,2,5,3,5,3,2,3.54,0,5,TRUE
Male,Loyal Customer,39,Business Travel,Business,3473,4,4,1,4,2,4,4,4,4,4,4,3,3,3.46,0,7,TRUE
Male,Loyal Customer,44,Business Travel,Business,362,2,2,2,2,3,4,4,4,4,4,4,4,3,3.23,6,0,TRUE
Female,Loyal Customer,53,Personal Travel,Eco,227,3,4,3,1,2,4,5,1,1,3,1,3,3,2.62,55,48,FALSE
Female,Loyal Customer,9,Personal Travel,Eco,569,4,3,4,1,1,4,1,1,3,1,4,5,1,2.54,0,0,FALSE
Female,Disloyal Customer,39,Business Travel,Business,1201,3,3,3,2,2,3,2,2,3,1,3,1,2,2.31,0,19,FALSE
Female,Disloyal Customer,37,Business Travel,Eco,280,1,1,1,3,1,1,1,1,2,5,3,2,1,1.77,0,0,FALSE
Female,Loyal Customer,29,Personal Travel,Eco,621,3,5,3,1,1,3,1,1,3,4,5,5,1,2.77,10,13,FALSE
Female,Loyal Customer,46,Business Travel,Business,2409,3,3,3,3,2,5,1,3,3,3,3,4,4,3.08,0,0,TRUE
Female,Loyal Customer,37,Business Travel,Business,2943,1,1,1,1,2,5,4,5,5,5,5,3,4,3.23,0,0,TRUE
Male,Loyal Customer,27,Personal Travel,Eco,645,3,5,3,1,4,3,4,4,3,4,5,4,4,3.62,0,0,FALSE
Male,Loyal Customer,46,Business Travel,Business,3494,2,2,2,2,4,5,2,4,4,4,4,4,2,3.15,0,0,TRUE
Male,Loyal Customer,51,Business Travel,Business,1390,2,2,2,2,3,5,5,4,4,4,4,5,4,3.54,11,14,TRUE
Male,Loyal Customer,20,Personal Travel,Eco,1119,4,4,4,3,1,4,1,1,5,4,5,4,1,3.15,0,2,TRUE
Female,Loyal Customer,26,Business Travel,Business,594,4,4,3,4,3,3,3,3,4,4,4,5,3,3.62,0,0,TRUE
Female,Loyal Customer,63,Personal Travel,Eco,996,1,5,1,4,3,5,4,3,3,1,3,4,3,3.08,0,0,FALSE
Male,Loyal Customer,38,Business Travel,Business,669,1,1,1,1,1,5,4,5,5,5,5,5,4,3.31,0,6,TRUE
Female,Loyal Customer,56,Business Travel,Business,3504,4,4,4,4,2,5,5,4,4,4,5,5,5,4.23,0,3,TRUE
Male,Disloyal Customer,23,Business Travel,Eco,1195,2,2,2,5,5,2,5,5,2,5,3,5,5,3.69,24,3,FALSE
Male,Loyal Customer,48,Business Travel,Business,453,2,2,2,2,3,5,4,4,4,4,4,3,4,3.31,6,1,TRUE
Female,Loyal Customer,45,Business Travel,Business,3813,4,4,4,4,3,5,4,5,5,5,5,5,5,4.46,0,0,TRUE
Male,Loyal Customer,45,Business Travel,Eco,1744,3,4,3,4,4,3,4,4,1,5,4,2,4,3.46,43,52,FALSE
Male,Loyal Customer,44,Business Travel,Business,1587,3,3,3,3,3,3,4,4,4,4,4,5,5,3.69,87,79,TRUE
Female,Loyal Customer,48,Business Travel,Business,788,5,5,5,5,3,4,2,3,3,4,3,2,4,3.69,12,21,TRUE
Female,Disloyal Customer,26,Business Travel,Eco,216,1,4,1,4,4,1,4,4,2,4,3,2,4,2.92,0,0,FALSE
Female,Loyal Customer,19,Personal Travel,Eco,1166,2,4,2,2,3,2,3,3,4,5,5,3,3,3.15,62,69,FALSE
Male,Loyal Customer,56,Personal Travel,Eco,1874,2,2,2,3,5,2,5,5,1,4,4,3,5,3.31,0,0,FALSE
Female,Loyal Customer,44,Business Travel,Business,3958,3,3,3,3,4,5,3,4,4,4,4,4,4,3.69,0,0,TRUE
Male,Loyal Customer,28,Business Travel,Business,3380,3,3,3,3,4,4,4,4,2,4,3,4,4,3.46,0,5,TRUE
Female,Loyal Customer,68,Personal Travel,Eco,1726,3,4,3,4,3,5,4,3,3,3,2,3,5,3.46,51,21,FALSE
Female,Loyal Customer,25,Business Travel,Business,387,3,5,3,3,5,5,5,5,5,4,5,1,5,4.15,0,0,TRUE
Male,Loyal Customer,43,Business Travel,Eco,1114,4,3,3,3,4,4,4,4,2,4,2,2,4,3.31,8,12,TRUE
Female,Loyal Customer,66,Personal Travel,Business,285,2,2,2,3,4,3,4,1,1,2,1,4,2,2.38,10,7,FALSE
Female,Disloyal Customer,27,Business Travel,Business,270,3,3,3,3,4,3,4,4,4,4,4,5,4,3.69,0,0,FALSE
Female,Loyal Customer,45,Personal Travel,Eco,759,4,5,4,2,3,4,4,1,1,4,1,4,5,3.23,16,0,FALSE
Female,Loyal Customer,52,Business Travel,Business,731,5,5,5,5,3,5,4,4,4,4,4,4,4,4.31,0,0,TRUE
Male,Loyal Customer,39,Business Travel,Business,1763,1,1,1,1,2,5,4,4,4,4,4,4,3,2.92,0,1,TRUE
Male,Loyal Customer,40,Personal Travel,Eco Plus,913,2,4,2,3,3,2,3,3,5,2,5,3,3,3.08,0,0,FALSE
Male,Loyal Customer,23,Business Travel,Business,2793,2,2,2,2,4,4,4,4,4,4,5,3,4,3.38,0,0,TRUE
Female,Loyal Customer,54,Business Travel,Business,632,3,3,3,3,2,3,3,3,2,4,5,3,3,3.08,125,138,TRUE
Female,Loyal Customer,55,Personal Travel,Eco,1200,1,5,1,2,4,3,4,2,2,1,5,1,3,2.62,15,0,FALSE
Female,Loyal Customer,26,Business Travel,Eco,812,3,3,3,3,3,3,1,3,4,3,4,4,3,3.08,54,37,FALSE
Male,Loyal Customer,45,Business Travel,Business,2487,5,5,3,5,4,4,5,5,5,5,5,3,4,4.46,2,0,TRUE
Male,Loyal Customer,44,Business Travel,Eco,580,2,3,3,3,2,2,2,2,4,3,2,3,2,2.54,14,5,FALSE
Female,Loyal Customer,41,Business Travel,Business,1926,4,4,4,4,2,5,4,4,4,4,4,3,3,3.77,0,0,TRUE
Male,Loyal Customer,70,Personal Travel,Eco,258,2,2,2,3,4,2,5,4,1,3,4,1,4,2.85,20,18,FALSE
Female,Disloyal Customer,37,Business Travel,Eco,455,3,4,3,3,4,3,4,4,3,2,3,1,4,3.15,0,0,FALSE
Male,Loyal Customer,31,Business Travel,Business,2177,3,3,3,3,5,5,5,5,3,4,5,4,5,4.08,1,0,TRUE
Female,Loyal Customer,35,Personal Travel,Business,1298,1,5,1,1,3,4,4,3,3,1,2,5,3,2.77,0,0,FALSE
Male,Loyal Customer,51,Business Travel,Business,930,3,1,1,1,3,3,3,4,2,2,2,3,3,2.38,130,141,FALSE
Male,Loyal Customer,8,Personal Travel,Eco,765,3,5,3,1,3,3,5,3,4,2,5,5,3,3.46,41,25,FALSE
Male,Loyal Customer,24,Personal Travel,Eco,2583,3,5,3,3,4,3,4,4,1,5,5,3,4,3.62,0,0,FALSE
Male,Loyal Customer,59,Personal Travel,Eco,845,2,4,2,3,1,2,1,1,4,5,5,5,1,2.77,15,9,FALSE
Male,Loyal Customer,19,Business Travel,Eco,335,4,4,4,4,4,4,1,4,4,4,3,1,4,3.46,0,6,FALSE
Male,Loyal Customer,58,Business Travel,Business,1746,5,5,5,5,4,4,5,5,5,5,5,3,5,4.69,0,0,TRUE
Female,Loyal Customer,47,Business Travel,Business,3939,2,2,2,2,3,1,1,2,2,3,2,3,2,2.08,35,34,FALSE
Male,Loyal Customer,40,Business Travel,Business,1590,5,5,5,5,3,3,4,4,4,4,4,5,5,4.31,25,5,TRUE
Male,Loyal Customer,37,Business Travel,Business,2965,3,3,3,3,3,5,5,5,5,5,5,3,4,4,0,0,TRUE
Male,Loyal Customer,32,Business Travel,Business,3803,3,2,2,2,3,2,3,3,1,5,2,4,3,2.69,25,20,FALSE
Male,Loyal Customer,36,Business Travel,Business,898,3,3,3,3,3,5,5,5,5,5,5,5,5,4.23,0,0,TRUE
Female,Loyal Customer,35,Personal Travel,Eco,158,2,4,0,2,4,0,4,4,4,2,4,5,4,3,0,13,FALSE
Male,Loyal Customer,65,Business Travel,Business,3743,1,3,3,3,3,3,3,1,1,1,1,1,3,2.08,19,7,FALSE
Male,Loyal Customer,62,Personal Travel,Eco,621,3,4,3,3,5,3,5,5,4,4,5,4,5,4.08,1,7,FALSE
Female,Loyal Customer,57,Business Travel,Business,2607,1,1,1,1,4,5,4,4,4,4,4,4,5,3.23,0,0,TRUE
Male,Loyal Customer,50,Business Travel,Business,2168,3,3,3,3,2,4,5,5,5,5,5,4,4,3.92,6,24,TRUE
Female,Loyal Customer,32,Business Travel,Business,3999,4,4,4,4,5,5,5,5,5,2,4,3,5,4.23,2,0,TRUE
Female,Loyal Customer,20,Business Travel,Business,427,1,5,3,5,1,1,1,1,2,1,4,3,1,2.23,0,1,FALSE
Female,Loyal Customer,38,Personal Travel,Eco,101,2,4,2,3,3,2,3,3,5,2,5,3,3,3.08,0,0,FALSE
Female,Loyal Customer,50,Personal Travel,Eco,2342,3,5,3,2,3,4,4,5,5,3,1,3,5,3.54,0,0,FALSE
Female,Disloyal Customer,32,Business Travel,Eco,403,4,3,4,3,4,4,5,4,2,1,4,4,4,3.54,0,0,FALSE
Male,Disloyal Customer,23,Business Travel,Business,961,5,0,4,2,5,4,5,5,4,5,4,5,5,4.08,6,0,TRUE
Female,Loyal Customer,9,Personal Travel,Eco,370,1,2,1,4,3,1,3,3,1,4,3,1,3,2.31,0,0,FALSE
Male,Loyal Customer,55,Business Travel,Business,1973,2,2,2,2,5,5,5,5,5,4,5,3,4,3.77,0,0,TRUE
Female,Disloyal Customer,37,Business Travel,Eco,299,3,1,3,3,3,2,3,1,1,3,3,3,3,2.46,265,291,FALSE
Female,Loyal Customer,42,Business Travel,Business,3262,4,4,4,4,5,4,5,2,2,2,2,3,4,3.46,0,0,TRUE
Female,Loyal Customer,35,Business Travel,Business,2479,1,1,1,1,4,4,4,4,4,4,4,3,3,2.92,0,1,TRUE
Male,Loyal Customer,55,Business Travel,Eco,1014,4,2,2,2,5,4,5,5,1,3,2,2,5,3.23,0,0,TRUE
Female,Loyal Customer,30,Business Travel,Eco,238,4,4,4,4,4,4,4,4,4,4,1,4,4,3.77,0,4,TRUE
Female,Disloyal Customer,38,Business Travel,Eco,1121,2,2,2,4,5,2,4,5,1,5,4,3,5,3.38,25,35,FALSE
Female,Disloyal Customer,16,Business Travel,Eco,612,3,3,3,5,1,3,1,1,3,2,4,5,1,2.69,13,5,FALSE
Male,Loyal Customer,42,Business Travel,Eco,1145,4,4,1,1,3,4,3,3,3,5,5,4,3,3.31,0,0,TRUE
Female,Loyal Customer,60,Personal Travel,Eco,745,5,3,5,2,3,5,5,4,4,5,5,4,3,4.08,2,6,TRUE
Male,Loyal Customer,43,Personal Travel,Eco,1013,3,3,3,3,4,3,3,4,2,5,1,4,4,3.23,0,0,FALSE
Female,Loyal Customer,25,Business Travel,Eco,448,3,4,4,4,3,3,4,3,2,3,3,4,3,3.31,0,0,FALSE
Male,Loyal Customer,57,Business Travel,Business,2720,4,4,4,4,2,4,5,3,3,4,3,5,5,3.85,0,0,TRUE
Male,Loyal Customer,26,Personal Travel,Eco,834,4,3,4,3,5,4,5,5,2,3,3,3,5,3.77,0,0,FALSE
Female,Disloyal Customer,39,Business Travel,Eco,739,3,2,2,2,2,3,3,2,1,1,2,3,3,2.23,151,,FALSE
Female,Loyal Customer,36,Business Travel,Business,447,5,5,5,5,1,4,1,4,4,4,4,3,5,3.85,0,0,TRUE
Female,Loyal Customer,50,Business Travel,Eco,751,4,1,1,1,5,2,4,4,4,4,4,4,4,3.23,0,0,TRUE
Male,Disloyal Customer,19,Business Travel,Business,991,4,2,4,4,5,4,3,5,4,3,5,4,5,4,91,105,TRUE
Female,Loyal Customer,46,Business Travel,Business,3886,4,4,4,4,2,4,4,4,4,4,4,4,5,3.92,0,0,TRUE
Female,Loyal Customer,12,Personal Travel,Eco,1020,4,4,4,3,3,4,3,3,3,3,2,4,3,3.31,0,0,TRUE
Male,Loyal Customer,45,Business Travel,Business,3556,1,1,1,1,4,5,4,5,5,5,5,5,5,3.62,0,0,TRUE
Male,Loyal Customer,38,Business Travel,Eco,253,5,3,3,3,5,5,5,5,4,2,3,5,5,4.08,73,70,TRUE
Male,Loyal Customer,39,Business Travel,Business,3171,2,3,3,3,2,3,3,2,2,2,2,3,1,2.38,25,13,FALSE
Male,Loyal Customer,56,Business Travel,Business,2589,3,3,3,3,4,4,4,3,3,3,3,3,3,3.23,0,0,FALSE
Female,Loyal Customer,37,Business Travel,Eco,177,5,4,4,4,5,5,5,5,4,4,5,1,5,4.31,55,79,TRUE
Male,Loyal Customer,44,Business Travel,Business,871,3,3,3,3,5,5,1,2,2,2,2,5,5,3.15,0,0,TRUE
Male,Loyal Customer,17,Business Travel,Eco Plus,292,4,3,3,3,4,4,3,4,4,2,3,2,4,3.31,0,0,TRUE
Female,Disloyal Customer,36,Business Travel,Eco,274,3,5,3,5,2,3,2,2,1,1,4,1,2,2.62,0,0,FALSE
Male,Loyal Customer,59,Business Travel,Eco Plus,641,1,1,1,1,1,1,1,1,4,1,3,2,1,1.46,0,0,FALSE
Female,Loyal Customer,28,Personal Travel,Eco,1379,3,5,2,5,5,2,2,5,3,5,4,4,5,3.85,24,19,FALSE
Female,Disloyal Customer,64,Business Travel,Eco Plus,602,3,3,3,3,2,3,3,2,2,2,3,1,2,2.46,0,0,FALSE
Male,Loyal Customer,8,Personal Travel,Eco,1035,2,1,2,3,5,2,5,5,3,1,3,4,5,3.15,0,0,FALSE
Male,Loyal Customer,17,Business Travel,Business,427,3,1,1,1,3,3,3,3,4,3,3,1,3,2.46,41,62,FALSE
Female,Loyal Customer,54,Personal Travel,Eco,1126,1,4,1,3,3,4,4,4,4,1,4,5,5,3.31,0,0,FALSE
Male,Loyal Customer,59,Business Travel,Eco,419,5,4,4,4,5,5,5,5,1,3,2,5,5,4.08,137,134,TRUE
Female,Disloyal Customer,30,Business Travel,Business,235,4,4,4,4,1,4,1,1,4,5,5,3,1,3.15,92,80,TRUE
Female,Loyal Customer,41,Personal Travel,Eco Plus,1164,4,5,5,5,2,4,4,1,1,5,1,5,4,3.54,0,0,FALSE
Male,Loyal Customer,9,Personal Travel,Eco,501,3,5,3,4,4,3,4,4,4,5,5,3,4,3.92,83,76,FALSE
Male,Loyal Customer,31,Business Travel,Business,2808,3,3,2,3,5,5,5,5,5,1,2,1,5,3.46,0,0,TRUE
Female,Loyal Customer,40,Business Travel,Business,2139,4,4,4,4,5,5,4,4,4,4,4,5,3,4.15,0,0,TRUE
Female,Loyal Customer,59,Business Travel,Business,1440,4,4,4,4,5,4,4,4,4,4,4,5,3,4.08,7,0,TRUE
Female,Loyal Customer,57,Business Travel,Business,3612,1,1,1,1,3,3,2,1,1,1,1,1,2,1.46,5,3,FALSE
Female,Loyal Customer,67,Business Travel,Eco,603,4,5,4,5,2,3,2,4,4,4,4,2,1,3.38,0,0,FALSE
Male,Loyal Customer,28,Personal Travel,Eco,925,4,5,4,4,5,4,5,5,3,3,5,5,5,4.38,0,0,FALSE
Female,Loyal Customer,48,Business Travel,Business,2634,5,2,5,5,1,1,2,4,4,4,4,5,3,3.46,17,0,TRUE
Male,Loyal Customer,58,Personal Travel,Eco,175,1,4,1,4,5,1,5,5,5,4,4,4,5,3.69,0,6,FALSE
Male,Loyal Customer,57,Business Travel,Business,2466,3,3,3,3,4,4,4,2,3,3,4,4,4,3.38,0,10,TRUE
Male,Loyal Customer,10,Personal Travel,Eco,2106,4,2,4,4,4,4,4,4,3,3,3,4,4,3.62,0,13,TRUE
Male,Loyal Customer,40,Business Travel,Business,2334,1,1,1,1,5,5,5,5,5,5,5,3,3,3.46,12,18,TRUE
Male,Disloyal Customer,26,Business Travel,Eco,147,1,5,1,3,4,1,4,4,4,5,1,5,4,3.23,30,14,FALSE
Male,Loyal Customer,49,Personal Travel,Eco,584,5,5,5,1,5,3,3,5,3,4,5,3,3,3.85,132,118,TRUE
Male,Loyal Customer,59,Personal Travel,Eco Plus,127,3,5,3,3,1,3,1,1,5,5,4,3,1,2.92,0,0,FALSE
Female,Loyal Customer,17,Personal Travel,Eco,236,1,5,1,4,3,1,3,3,4,5,2,3,3,2.92,25,22,FALSE
Male,Loyal Customer,48,Business Travel,Eco,950,3,4,4,4,4,3,4,4,4,1,3,4,4,3.54,0,0,FALSE
Male,Loyal Customer,50,Business Travel,Business,3883,2,3,3,3,5,2,3,2,2,2,2,3,4,2.77,0,39,FALSE
Female,Loyal Customer,54,Business Travel,Business,2586,2,2,2,2,4,4,4,5,5,3,5,4,4,3.54,0,0,TRUE
Female,Loyal Customer,29,Business Travel,Eco Plus,413,4,4,4,4,4,4,4,4,4,2,2,2,4,3.54,0,0,TRUE
Male,Loyal Customer,56,Business Travel,Business,2772,2,2,2,2,3,4,4,3,3,4,3,4,3,3,8,0,TRUE
Male,Loyal Customer,18,Personal Travel,Eco,1598,1,5,1,1,1,1,1,1,5,4,5,4,1,2.38,41,49,FALSE
Female,Loyal Customer,28,Personal Travel,Eco,1303,2,3,2,3,2,2,2,2,3,2,2,3,2,2.31,0,0,FALSE
Female,Disloyal Customer,25,Business Travel,Business,601,4,0,4,4,2,4,3,2,5,3,4,5,2,3.23,0,0,TRUE
Male,Loyal Customer,45,Personal Travel,Eco,670,2,5,2,2,3,2,3,3,4,2,4,4,3,3,11,1,FALSE
Female,Loyal Customer,43,Business Travel,Business,2435,5,5,5,5,3,5,4,5,5,5,5,4,5,4.69,16,7,TRUE
Female,Loyal Customer,27,Personal Travel,Eco,411,4,4,4,4,2,4,2,2,2,4,4,4,2,3.23,0,0,FALSE
Male,Loyal Customer,41,Personal Travel,Eco,335,2,5,2,5,5,2,5,5,5,5,5,4,5,4.23,0,0,FALSE
Male,Loyal Customer,30,Personal Travel,Eco,404,4,3,1,3,2,1,2,2,3,5,2,2,2,2.46,0,0,TRUE
Female,Disloyal Customer,11,Business Travel,Eco,599,5,0,5,1,2,0,2,2,2,2,5,2,2,2.31,0,0,TRUE
Male,Loyal Customer,47,Business Travel,Eco,676,5,1,1,1,5,5,5,5,2,5,4,1,5,3.46,6,0,TRUE
Male,Loyal Customer,37,Business Travel,Eco,499,5,4,4,4,5,5,5,5,2,4,1,4,5,4.08,0,2,TRUE
Female,Loyal Customer,26,Business Travel,Eco,1035,4,5,5,5,4,4,4,2,1,1,5,4,4,3.69,145,193,TRUE
Male,Disloyal Customer,23,Business Travel,Eco,466,2,1,2,3,5,2,5,5,3,2,3,4,5,3.23,34,30,FALSE
Male,Loyal Customer,15,Personal Travel,Eco,248,3,5,3,2,5,3,5,5,4,3,5,3,5,3.92,94,93,FALSE
Female,Loyal Customer,60,Personal Travel,Eco,1075,0,4,0,1,3,4,4,2,2,0,2,5,3,2.31,0,1,TRUE
Female,Loyal Customer,52,Business Travel,Business,2454,5,5,5,5,5,5,5,4,3,3,5,5,5,4.62,0,3,TRUE
Female,Loyal Customer,24,Business Travel,Business,644,4,4,5,4,5,5,5,5,4,4,5,4,5,4.54,0,0,TRUE
Male,Loyal Customer,28,Business Travel,Business,528,5,5,4,5,5,5,5,5,5,3,4,3,5,4.54,22,3,TRUE
Female,Loyal Customer,30,Personal Travel,Eco,421,3,4,1,2,4,1,4,4,5,5,5,5,4,3.62,0,0,FALSE
Female,Loyal Customer,10,Business Travel,Business,2631,5,5,5,5,5,5,5,5,1,3,3,2,5,4.15,7,0,TRUE
Female,Loyal Customer,56,Personal Travel,Eco,853,2,5,2,3,4,5,4,2,2,2,2,5,5,3.31,2,0,FALSE
Male,Disloyal Customer,39,Business Travel,Business,936,3,3,3,3,3,3,3,3,3,3,4,5,3,3.23,0,0,FALSE
Male,Loyal Customer,61,Business Travel,Business,319,3,5,5,5,1,3,3,3,3,3,3,2,1,3.08,88,83,FALSE
Male,Loyal Customer,49,Personal Travel,Business,1011,2,1,2,4,4,3,4,4,4,2,2,1,1,2.62,9,4,FALSE
Male,Loyal Customer,39,Business Travel,Business,1546,3,3,3,3,2,5,4,5,5,5,5,4,5,4,15,5,TRUE
Female,Disloyal Customer,25,Business Travel,Eco Plus,634,1,3,1,4,5,1,5,5,2,1,2,5,5,3.08,0,0,FALSE
Male,Disloyal Customer,40,Business Travel,Eco,163,4,0,4,1,1,4,1,1,3,1,2,5,1,2.15,0,0,TRUE
Male,Disloyal Customer,23,Business Travel,Eco,723,1,1,1,2,1,1,1,1,2,1,3,2,1,1.38,0,35,FALSE
Female,Loyal Customer,61,Business Travel,Eco,479,5,5,1,1,1,4,4,5,5,5,5,2,4,3.62,0,0,TRUE
Male,Loyal Customer,50,Business Travel,Business,1958,3,3,3,3,2,4,5,4,4,4,4,3,5,3.62,19,16,TRUE
Female,Disloyal Customer,23,Business Travel,Eco,226,4,0,4,2,3,4,3,3,4,3,5,4,3,3.23,2,0,TRUE
Female,Disloyal Customer,39,Business Travel,Business,247,2,2,2,1,2,2,2,2,3,5,4,4,2,2.54,94,95,FALSE
Male,Loyal Customer,55,Personal Travel,Eco,109,3,3,3,1,4,3,5,4,2,3,1,2,4,2.92,2,3,FALSE
Female,Disloyal Customer,20,Business Travel,Business,909,4,0,4,4,5,4,5,5,5,3,4,4,5,4,31,1,TRUE
Male,Loyal Customer,58,Personal Travel,Eco,139,2,5,2,4,5,2,5,5,4,2,5,5,5,3.92,21,13,FALSE
Male,Loyal Customer,67,Personal Travel,Eco,481,2,5,4,5,3,4,3,3,3,3,1,1,3,3.08,0,0,FALSE
Male,Loyal Customer,44,Personal Travel,Eco,701,3,4,3,3,4,3,4,4,4,3,5,4,4,3.69,0,0,FALSE
Male,Loyal Customer,47,Business Travel,Business,481,4,4,4,4,5,4,3,4,4,4,4,3,2,3.77,0,0,FALSE
Male,Loyal Customer,49,Business Travel,Business,3491,4,4,4,4,1,2,1,4,4,4,4,4,3,3.31,0,0,TRUE
Male,Disloyal Customer,23,Business Travel,Eco,566,2,2,2,2,5,2,5,5,3,2,2,4,5,3.15,10,15,FALSE
Female,Loyal Customer,47,Business Travel,Business,802,3,3,3,3,4,4,4,4,4,4,4,3,5,3.69,0,0,TRUE
Male,Loyal Customer,27,Business Travel,Business,2748,2,3,4,3,2,2,2,2,2,4,2,2,2,2.46,17,12,FALSE
Female,Loyal Customer,11,Personal Travel,Eco,645,2,5,2,3,2,2,2,2,3,4,4,4,2,2.85,0,0,FALSE
Male,Loyal Customer,39,Personal Travel,Eco,266,1,2,1,4,4,1,4,4,2,4,4,1,4,2.77,0,0,FALSE
Male,Loyal Customer,63,Business Travel,Eco,175,4,3,3,3,4,4,4,4,4,4,2,3,4,3.54,46,37,FALSE
Female,Loyal Customer,66,Business Travel,Eco,212,4,1,1,1,4,3,3,4,4,4,4,1,4,2.92,70,62,FALSE
Female,Loyal Customer,42,Business Travel,Business,399,2,2,2,2,3,4,5,5,5,5,5,4,5,3.77,0,7,TRUE
Male,Disloyal Customer,41,Business Travel,Eco Plus,591,1,1,1,3,1,5,5,3,2,3,3,5,5,2.92,306,295,FALSE
Female,Loyal Customer,59,Business Travel,Business,333,4,4,4,4,4,4,5,5,5,5,5,4,4,4.38,0,0,TRUE
Male,Loyal Customer,49,Personal Travel,Eco,184,2,5,2,3,2,2,2,2,4,3,5,4,2,2.92,0,0,FALSE
Female,Loyal Customer,44,Business Travel,Eco,351,5,1,1,1,3,3,4,5,5,5,5,1,5,3.38,0,0,TRUE
Female,Loyal Customer,34,Business Travel,Business,1471,5,5,5,5,3,5,5,4,4,4,4,3,4,4.31,0,0,TRUE
Female,Loyal Customer,41,Business Travel,Business,834,2,2,4,2,5,4,5,5,5,4,5,4,3,3.85,0,0,TRUE
Female,Loyal Customer,39,Business Travel,Eco,448,4,5,5,5,4,4,4,4,4,5,1,2,4,3.92,0,0,TRUE
Female,Loyal Customer,59,Personal Travel,Eco,1190,3,4,3,1,5,5,5,2,2,3,2,4,5,3.38,6,0,FALSE
Female,Loyal Customer,59,Business Travel,Eco,214,3,1,1,1,5,4,4,3,3,3,3,1,2,2.62,0,0,FALSE
Female,Disloyal Customer,26,Business Travel,Business,679,4,4,4,4,1,4,1,1,3,4,4,5,1,3.08,0,0,TRUE
Female,Loyal Customer,32,Business Travel,Business,2000,2,2,2,2,4,4,4,4,5,1,3,1,4,2.92,0,17,TRUE
Female,Disloyal Customer,30,Business Travel,Eco Plus,620,0,0,0,3,4,0,3,4,2,5,1,4,4,2.31,14,12,TRUE
Female,Loyal Customer,49,Business Travel,Eco,782,4,1,1,1,2,4,4,4,4,4,4,1,2,2.77,31,30,TRUE
Male,Loyal Customer,24,Business Travel,Business,1874,2,2,2,2,4,4,4,4,5,4,3,1,4,3.15,6,19,TRUE
Male,Loyal Customer,60,Business Travel,Business,1789,5,5,5,5,2,5,5,2,2,2,2,5,4,3.77,8,0,TRUE
Female,Loyal Customer,47,Business Travel,Business,1911,3,3,4,3,4,5,5,3,3,3,3,5,4,3.69,1,4,TRUE
Female,Disloyal Customer,25,Business Travel,Business,1389,1,0,1,5,2,1,2,2,5,4,4,4,2,2.54,0,0,FALSE
Male,Loyal Customer,59,Personal Travel,Eco,200,2,1,2,4,2,2,2,2,4,2,3,3,2,2.38,0,0,FALSE
Male,Disloyal Customer,41,Business Travel,Eco,537,4,0,4,1,4,4,5,5,5,1,4,5,5,3.62,151,136,FALSE
Male,Loyal Customer,19,Personal Travel,Eco,1084,2,1,2,4,1,2,1,1,1,1,4,4,1,1.92,0,0,FALSE
Male,Disloyal Customer,34,Business Travel,Business,522,2,2,2,2,2,3,3,1,4,3,3,3,3,2.54,141,125,FALSE
Male,Disloyal Customer,15,Business Travel,Eco,1170,3,4,4,4,2,3,2,2,4,4,3,1,2,2.92,65,48,FALSE
Female,Loyal Customer,51,Business Travel,Eco Plus,284,4,3,2,2,4,1,3,4,4,4,4,1,3,3,26,19,TRUE
Female,Loyal Customer,28,Business Travel,Business,3016,1,1,1,1,4,4,4,4,3,3,5,3,4,2.92,36,41,TRUE
Male,Loyal Customer,52,Business Travel,Eco Plus,589,2,4,4,4,2,2,2,3,3,4,3,2,2,2.85,265,250,FALSE
Female,Disloyal Customer,54,Business Travel,Business,190,3,3,3,1,3,3,4,3,4,3,4,5,3,3.23,0,0,FALSE
Female,Loyal Customer,46,Business Travel,Eco Plus,979,3,5,5,5,2,3,3,3,3,3,3,1,4,3.31,0,0,FALSE
Female,Loyal Customer,37,Personal Travel,Eco,1325,1,5,1,2,2,1,2,2,3,3,2,1,2,2.08,6,0,FALSE
Female,Loyal Customer,59,Personal Travel,Eco,429,0,1,0,4,4,3,3,3,3,0,3,1,1,2,0,0,TRUE
Male,Loyal Customer,67,Business Travel,Eco,280,5,2,1,2,5,5,5,5,1,3,3,5,5,3.62,0,0,TRUE
Female,Loyal Customer,34,Business Travel,Business,1871,4,4,4,4,5,4,4,5,5,5,5,3,4,4.31,0,0,TRUE
Female,Disloyal Customer,37,Business Travel,Eco,967,4,4,4,1,1,4,1,1,4,1,2,4,1,2.46,43,49,FALSE
Male,Disloyal Customer,21,Business Travel,Eco,809,2,1,1,4,1,1,1,1,1,5,4,3,1,2,15,15,FALSE
Female,Loyal Customer,42,Business Travel,Business,369,3,1,1,1,1,3,3,3,3,2,3,2,4,2.31,1,0,FALSE
Male,Loyal Customer,61,Personal Travel,Eco,409,2,1,2,2,3,2,3,3,2,4,2,4,3,2.54,0,0,FALSE
Female,Loyal Customer,52,Business Travel,Business,2382,3,3,3,3,3,4,5,5,5,5,5,4,5,4.08,35,38,TRUE
Male,Disloyal Customer,30,Business Travel,Business,1136,0,1,1,1,5,1,5,5,3,4,4,5,5,3.08,0,0,TRUE
Male,Disloyal Customer,20,Business Travel,Eco,802,3,3,3,4,3,3,3,3,2,1,3,2,3,2.77,35,18,FALSE
Female,Loyal Customer,55,Business Travel,Business,3675,5,1,5,5,5,4,5,5,5,5,4,4,4,4.38,0,5,TRUE
Female,Disloyal Customer,20,Business Travel,Business,1246,5,0,5,3,5,5,5,5,3,3,5,3,5,4,9,24,TRUE
Male,Disloyal Customer,25,Business Travel,Business,814,4,0,4,3,4,4,4,4,3,2,5,3,4,3.38,108,116,TRUE
Male,Loyal Customer,34,Business Travel,Eco,116,4,2,4,2,4,4,4,4,4,2,1,5,4,3.38,0,0,TRUE
Male,Loyal Customer,30,Business Travel,Eco Plus,680,4,3,3,3,4,4,4,4,4,2,4,1,4,3.38,0,0,FALSE
Male,Loyal Customer,52,Business Travel,Business,631,4,4,4,4,2,4,5,4,4,3,4,4,4,3.85,0,0,TRUE
Male,Loyal Customer,43,Business Travel,Business,101,4,4,4,4,3,2,2,4,4,4,4,2,5,3.54,0,0,TRUE
Female,Loyal Customer,35,Business Travel,Business,3066,3,3,3,3,4,4,4,3,3,4,3,5,3,3.46,42,39,TRUE
Male,Loyal Customer,44,Business Travel,Eco Plus,515,1,5,5,5,1,1,1,1,2,4,2,4,1,2.54,0,8,FALSE
Male,Loyal Customer,51,Business Travel,Business,2454,4,4,4,4,4,4,4,4,4,4,4,4,4,4,9,1,TRUE
Male,Loyal Customer,51,Business Travel,Business,3959,5,5,5,5,5,5,4,3,3,4,3,3,3,4.08,3,3,TRUE
Male,Loyal Customer,58,Personal Travel,Eco,617,3,0,3,3,2,3,2,2,4,3,5,4,2,2.77,0,0,FALSE
Female,Disloyal Customer,25,Business Travel,Business,391,4,5,4,3,1,4,1,1,5,3,4,5,1,3.15,0,0,FALSE
Male,Loyal Customer,52,Business Travel,Business,2580,3,2,2,2,3,3,2,3,3,3,3,2,1,2.46,98,103,FALSE
Female,Loyal Customer,70,Personal Travel,Eco,373,2,0,4,3,1,2,2,4,4,4,4,4,4,2.92,0,0,FALSE
Male,Disloyal Customer,41,Business Travel,Eco,402,2,0,2,5,1,2,1,1,4,1,1,2,1,1.77,0,13,FALSE
Male,Loyal Customer,34,Personal Travel,Eco,373,0,1,0,3,2,0,2,2,3,4,4,4,2,2.08,10,0,TRUE
Female,Loyal Customer,47,Business Travel,Eco,2611,4,4,4,4,4,4,4,2,2,3,3,4,4,3.54,0,0,TRUE
Male,Loyal Customer,50,Business Travel,Business,395,4,4,4,4,2,5,4,2,2,2,2,4,3,3.23,9,0,TRUE
Female,Loyal Customer,77,Business Travel,Eco,229,3,5,5,5,5,3,3,3,3,3,3,2,3,3.54,0,0,FALSE
Female,Loyal Customer,49,Business Travel,Eco,449,2,1,1,1,3,2,3,2,2,2,2,3,4,2.15,83,86,FALSE
Female,Loyal Customer,48,Business Travel,Business,2534,5,5,5,5,4,4,5,3,3,3,3,4,5,4.15,52,53,TRUE
Female,Loyal Customer,55,Business Travel,Business,628,1,1,1,1,3,4,5,4,4,4,4,5,5,3.23,1,1,TRUE
Male,Loyal Customer,51,Personal Travel,Eco,794,4,4,4,2,4,4,4,4,5,2,4,5,4,3.85,13,22,FALSE
Male,Loyal Customer,39,Business Travel,Business,1903,4,4,4,4,3,5,4,4,4,4,4,4,5,4.08,0,0,TRUE
Female,Loyal Customer,50,Business Travel,Business,3031,1,1,1,1,2,5,4,4,4,4,4,4,3,2.92,1,16,TRUE
Female,Loyal Customer,37,Business Travel,Eco,612,2,5,5,5,2,2,2,2,1,2,3,3,2,2.77,5,5,FALSE
Female,Loyal Customer,52,Personal Travel,Eco,414,2,4,2,2,4,3,2,5,5,2,4,5,4,3.38,0,0,FALSE
Female,Loyal Customer,62,Personal Travel,Eco,912,3,3,3,3,4,3,4,1,1,3,1,1,2,2.46,0,0,FALSE
Male,Disloyal Customer,27,Business Travel,Business,1440,4,4,4,4,3,4,2,3,5,5,5,3,3,3.77,103,87,TRUE
Male,Loyal Customer,65,Personal Travel,Eco,134,3,0,3,1,1,3,1,1,5,4,4,3,1,2.31,0,0,FALSE
Male,Loyal Customer,33,Business Travel,Eco Plus,102,4,4,4,4,4,4,4,4,2,4,3,2,4,3.62,0,0,TRUE
Female,Disloyal Customer,23,Business Travel,Eco,109,3,0,3,4,4,3,5,4,5,1,3,1,4,3.08,0,0,FALSE
Male,Loyal Customer,45,Business Travel,Eco,145,4,4,4,4,4,4,4,4,1,4,2,2,4,3.46,0,0,TRUE
Male,Loyal Customer,48,Personal Travel,Eco Plus,1235,3,3,3,2,4,3,1,4,5,5,2,5,4,3.38,2,0,FALSE
Female,Loyal Customer,14,Personal Travel,Eco,387,4,5,4,5,4,4,4,4,4,4,4,4,4,4.15,0,12,FALSE
Male,Loyal Customer,24,Business Travel,Business,1197,5,4,4,4,5,4,5,5,1,2,4,2,5,3.85,1,0,FALSE
Female,Disloyal Customer,44,Business Travel,Eco,2306,3,3,3,3,3,2,2,2,3,4,1,2,2,2.54,0,0,FALSE
Female,Disloyal Customer,22,Business Travel,Eco,253,5,0,5,3,3,5,2,3,3,2,4,3,3,3.15,0,0,TRUE
Male,Loyal Customer,32,Personal Travel,Eco,859,3,1,3,4,5,3,5,5,3,1,3,4,5,3.46,28,8,FALSE
Male,Loyal Customer,40,Personal Travel,Eco,209,2,5,2,4,3,2,3,3,1,5,3,5,3,3.15,0,0,FALSE
Male,Loyal Customer,45,Personal Travel,Eco,541,4,4,4,3,2,4,2,2,5,3,5,3,2,3.31,0,0,FALSE
Female,Disloyal Customer,22,Business Travel,Business,533,0,4,0,5,3,0,3,3,3,4,4,5,3,2.85,0,0,TRUE
Female,Disloyal Customer,46,Business Travel,Eco,406,3,0,4,3,5,4,5,5,1,5,4,2,5,3.54,0,17,FALSE
Male,Loyal Customer,24,Business Travel,Eco,479,4,3,3,3,4,4,2,4,2,2,1,4,4,3.08,0,0,FALSE
Male,Loyal Customer,31,Business Travel,Business,2295,2,2,2,2,5,5,5,5,4,2,4,4,5,3.62,0,0,TRUE
Male,Loyal Customer,45,Business Travel,Business,1737,0,0,0,4,3,5,5,1,1,1,1,3,3,2.08,1,0,TRUE
Male,Loyal Customer,63,Business Travel,Business,2009,2,3,3,3,3,3,2,2,2,2,2,3,2,2.46,0,30,FALSE
Male,Loyal Customer,46,Business Travel,Business,3462,5,5,5,5,2,2,5,5,5,5,5,1,3,4.08,0,0,TRUE
Female,Disloyal Customer,24,Business Travel,Eco,1180,4,4,4,2,4,4,4,4,2,3,1,4,4,3.38,69,58,TRUE
Male,Loyal Customer,38,Business Travel,Business,1984,1,4,5,4,4,2,3,1,1,2,1,1,4,2.54,2,0,FALSE
Female,Loyal Customer,35,Personal Travel,Eco,2288,1,3,2,3,3,2,3,3,2,1,4,2,3,2.46,0,0,FALSE
Male,Loyal Customer,47,Personal Travel,Eco,526,2,5,2,3,3,2,5,3,3,3,5,5,3,3.38,0,0,FALSE
Female,Loyal Customer,32,Personal Travel,Eco,951,3,4,3,3,2,3,2,2,1,1,4,2,2,2.46,18,17,FALSE
Male,Loyal Customer,48,Business Travel,Business,3237,3,4,4,4,3,3,3,3,3,3,3,4,2,3.23,5,17,FALSE
Male,Loyal Customer,70,Personal Travel,Eco,600,2,4,2,3,4,2,4,4,4,2,5,5,4,3.46,0,0,FALSE
Male,Loyal Customer,67,Personal Travel,Eco,447,4,4,4,1,2,4,3,2,3,4,4,5,2,3.23,7,0,FALSE
Female,Disloyal Customer,38,Business Travel,Eco,235,3,0,3,5,5,3,5,5,1,4,3,3,5,3.46,1,0,FALSE
Male,Loyal Customer,49,Business Travel,Business,2472,3,1,1,1,4,3,3,3,3,3,3,1,4,2.54,88,89,FALSE
Female,Loyal Customer,27,Business Travel,Eco Plus,425,0,0,0,4,3,0,3,3,3,5,1,4,3,2.23,0,0,TRUE
Female,Disloyal Customer,19,Business Travel,Eco,1206,4,4,4,1,5,4,5,5,5,2,4,5,5,4.08,0,0,TRUE
Female,Loyal Customer,29,Personal Travel,Eco,599,5,4,5,4,2,5,2,2,3,2,5,4,2,3.46,0,0,TRUE
Female,Loyal Customer,30,Business Travel,Business,3294,4,4,4,4,4,4,4,4,4,2,5,4,4,3.92,0,0,TRUE
Female,Loyal Customer,60,Business Travel,Eco,1222,4,3,3,3,5,1,1,4,4,4,4,5,1,3.23,0,0,TRUE
Male,Loyal Customer,33,Personal Travel,Eco Plus,346,1,5,1,1,5,1,5,5,3,2,4,3,5,3.15,0,0,FALSE
Male,Loyal Customer,43,Business Travel,Eco,302,3,5,5,5,3,3,3,3,1,4,4,4,3,3.54,52,48,FALSE
Male,Loyal Customer,43,Business Travel,Eco,2133,3,4,5,4,3,3,3,3,2,1,2,3,3,3,0,4,FALSE
Female,Loyal Customer,57,Business Travel,Eco Plus,259,3,4,4,4,5,2,4,3,3,3,3,2,2,3.23,46,39,TRUE
Male,Disloyal Customer,22,Business Travel,Eco,936,2,3,3,3,1,3,2,1,2,5,4,4,1,2.62,0,0,FALSE
Male,Loyal Customer,58,Business Travel,Business,2502,3,3,3,3,4,5,4,5,5,5,5,4,5,4.15,0,0,TRUE
Male,Loyal Customer,49,Business Travel,Business,1524,5,5,5,5,4,5,4,4,4,4,4,3,3,4.23,0,0,TRUE
Female,Loyal Customer,59,Personal Travel,Eco,170,0,4,0,2,2,4,4,5,5,0,5,3,3,2.85,0,0,TRUE
Male,Loyal Customer,58,Business Travel,Business,967,2,2,2,2,5,4,5,3,3,3,3,4,5,3.31,0,0,TRUE
Male,Disloyal Customer,39,Business Travel,Eco,328,1,0,1,4,1,1,1,1,3,3,1,3,1,1.62,0,0,FALSE
Female,Loyal Customer,28,Personal Travel,Eco,311,3,4,3,1,1,3,1,1,4,3,5,5,1,2.69,0,0,FALSE
Female,Disloyal Customer,23,Business Travel,Eco,197,0,4,0,2,5,0,5,5,5,5,5,5,5,3.54,4,1,TRUE
Female,Loyal Customer,31,Business Travel,Business,238,4,4,4,4,4,4,4,4,3,1,3,3,4,3.54,0,0,TRUE
Male,Loyal Customer,14,Personal Travel,Eco,509,4,4,4,4,3,4,1,3,3,2,5,3,3,3.31,0,0,TRUE
Male,Loyal Customer,43,Business Travel,Business,1664,2,3,2,2,2,5,4,4,4,4,4,3,4,3.31,7,0,TRUE
Male,Loyal Customer,36,Personal Travel,Eco,2442,2,5,2,1,2,1,3,4,5,5,5,3,3,3.15,13,8,FALSE
Male,Loyal Customer,35,Business Travel,Eco,341,4,5,5,5,4,3,4,4,2,2,2,1,4,3.46,0,19,TRUE
Female,Loyal Customer,55,Business Travel,Business,1120,5,5,5,5,2,4,4,4,4,5,4,5,5,4.38,0,0,TRUE
Male,Loyal Customer,13,Personal Travel,Eco Plus,563,2,5,2,1,2,2,2,2,3,4,5,3,2,2.69,10,28,FALSE
Female,Disloyal Customer,47,Business Travel,Eco,495,3,0,2,1,5,2,5,5,4,5,2,5,5,3.38,0,0,FALSE
Female,Disloyal Customer,39,Business Travel,Business,1117,5,4,4,3,5,4,5,5,5,4,5,1,5,4.23,0,0,TRUE
Female,Loyal Customer,52,Business Travel,Eco Plus,342,2,1,5,1,1,4,3,2,2,2,2,4,1,2.31,25,13,FALSE
Male,Loyal Customer,56,Personal Travel,Eco,683,2,5,2,5,3,2,3,3,4,3,5,4,3,3.38,0,0,FALSE
Male,Loyal Customer,40,Personal Travel,Eco,192,2,3,2,5,5,2,1,5,4,2,4,5,5,3.46,0,6,FALSE
Male,Loyal Customer,48,Business Travel,Business,447,3,3,3,3,4,4,4,5,5,5,5,4,5,4.08,0,0,TRUE
Male,Loyal Customer,61,Personal Travel,Eco Plus,86,1,5,1,1,5,1,5,5,4,5,4,5,5,3.62,0,0,FALSE
Female,Disloyal Customer,43,Business Travel,Eco,546,1,2,1,3,3,1,3,3,2,4,3,2,3,2.38,117,118,FALSE
Male,Loyal Customer,42,Business Travel,Business,762,5,5,5,5,5,5,5,5,5,5,5,3,4,4.77,5,2,TRUE
Male,Loyal Customer,49,Business Travel,Business,349,1,3,5,5,1,1,1,4,4,4,3,1,1,2.62,138,113,FALSE
Female,Loyal Customer,40,Business Travel,Business,728,3,3,3,3,5,4,5,4,4,4,4,4,4,3.85,13,2,TRUE
Female,Loyal Customer,45,Business Travel,Business,2385,2,2,2,2,2,4,4,4,4,4,4,4,3,3.15,21,21,TRUE
Female,Loyal Customer,45,Business Travel,Business,3395,3,3,3,3,4,4,5,5,5,5,5,5,4,4.15,0,0,TRUE
Male,Loyal Customer,13,Personal Travel,Eco,237,3,4,3,3,5,3,5,5,5,4,5,4,5,4.15,0,0,FALSE
Male,Loyal Customer,25,Business Travel,Business,1371,2,1,1,1,2,2,2,2,2,4,4,4,2,2.23,0,0,FALSE
Male,Loyal Customer,55,Business Travel,Eco Plus,2562,4,1,1,1,4,4,4,4,5,5,4,4,4,3.46,0,0,TRUE
Male,Disloyal Customer,27,Business Travel,Eco,853,4,4,4,4,5,4,3,5,2,1,1,4,5,3.54,0,7,TRUE
Male,Loyal Customer,43,Business Travel,Business,691,2,4,4,4,4,4,4,2,2,2,2,3,1,2.92,0,0,FALSE
Female,Loyal Customer,60,Business Travel,Eco Plus,129,2,1,4,1,2,4,3,2,2,2,2,4,2,2.38,57,63,FALSE
Male,Loyal Customer,48,Business Travel,Business,3311,5,5,5,5,4,5,5,5,5,5,5,5,3,4.77,1,1,TRUE
Female,Loyal Customer,11,Personal Travel,Business,1521,4,1,4,4,4,4,4,4,2,1,3,3,4,3.23,0,11,TRUE
Male,Loyal Customer,59,Business Travel,Business,564,4,2,4,4,2,4,4,4,4,4,4,5,5,3.85,0,0,TRUE
Female,Loyal Customer,36,Business Travel,Business,944,5,5,4,5,2,4,5,4,4,4,4,4,3,4.08,0,0,TRUE
Male,Loyal Customer,28,Business Travel,Business,1010,5,5,5,5,5,5,5,5,3,5,2,4,5,4.54,0,0,TRUE
Female,Loyal Customer,40,Personal Travel,Eco,414,2,2,2,3,2,2,2,2,1,1,3,4,2,2.15,16,15,FALSE
Female,Loyal Customer,24,Business Travel,Business,726,5,5,5,5,5,5,5,5,2,5,4,4,5,4.62,0,0,TRUE
Female,Disloyal Customer,38,Business Travel,Business,921,4,4,4,1,2,4,2,2,5,3,5,4,2,3.23,0,3,TRUE
Female,Loyal Customer,19,Personal Travel,Eco,369,2,4,5,3,2,5,1,2,1,3,3,3,2,2.77,0,0,FALSE
Female,Loyal Customer,49,Business Travel,Business,721,4,4,4,4,2,5,5,2,2,2,2,3,5,3.38,92,82,TRUE
Male,Disloyal Customer,32,Business Travel,Eco,529,4,0,5,4,5,5,5,5,4,5,3,5,5,4.23,0,0,FALSE
Female,Loyal Customer,24,Business Travel,Business,3619,1,2,4,2,1,1,1,1,2,2,3,3,1,1.85,8,24,FALSE
Male,Loyal Customer,27,Business Travel,Business,2125,3,3,4,3,3,3,3,3,5,4,5,4,3,3.54,0,0,TRUE
Female,Loyal Customer,30,Business Travel,Business,2525,3,3,3,3,2,2,2,2,5,3,4,3,2,2.85,0,0,TRUE
Male,Disloyal Customer,8,Business Travel,Eco,574,1,2,2,3,4,2,4,4,4,1,3,1,4,2.69,0,0,FALSE
Female,Loyal Customer,29,Business Travel,Eco,2475,3,2,2,2,3,3,3,3,1,4,2,4,3,2.69,0,10,FALSE
Female,Loyal Customer,41,Business Travel,Business,1067,4,4,2,4,3,4,4,2,2,2,2,3,4,3.08,12,19,TRUE
Female,Loyal Customer,38,Business Travel,Eco Plus,311,2,3,3,3,2,2,2,2,1,3,4,1,2,2.31,0,25,FALSE
Male,Loyal Customer,32,Personal Travel,Eco Plus,2611,3,4,3,2,5,3,5,5,5,2,4,1,5,3.62,2,0,FALSE
Female,Loyal Customer,57,Personal Travel,Eco,67,1,5,1,3,3,4,4,5,5,1,5,4,5,3.54,8,7,FALSE
Male,Loyal Customer,61,Business Travel,Business,2446,0,5,0,1,5,4,4,4,4,1,1,3,3,2.69,0,0,TRUE
Female,Loyal Customer,55,Business Travel,Business,2586,4,4,2,4,5,5,5,5,3,3,5,5,5,4.23,0,0,TRUE
Female,Loyal Customer,22,Business Travel,Business,1955,2,3,3,3,2,2,2,2,2,5,3,4,2,2.69,7,0,FALSE
Male,Loyal Customer,39,Business Travel,Business,1337,2,2,2,2,2,4,5,5,5,5,5,4,5,3.69,67,59,TRUE
Male,Loyal Customer,27,Personal Travel,Eco,813,4,3,4,3,5,4,5,5,4,3,3,4,5,4,15,12,TRUE
Male,Loyal Customer,44,Business Travel,Business,1592,4,4,4,4,4,5,5,4,5,4,4,5,5,4.38,333,380,TRUE
Female,Loyal Customer,28,Personal Travel,Eco,134,2,3,2,3,3,2,3,3,4,5,3,2,3,2.92,0,0,FALSE
Male,Loyal Customer,64,Personal Travel,Eco,1598,3,4,4,1,2,4,2,2,3,4,4,5,2,3.08,0,0,FALSE
Male,Disloyal Customer,40,Business Travel,Business,373,3,3,3,2,1,3,1,1,5,3,4,4,1,2.62,10,6,FALSE
Female,Loyal Customer,49,Business Travel,Business,349,0,0,0,4,2,5,5,5,5,5,5,5,3,3.38,35,42,TRUE
Male,Loyal Customer,42,Personal Travel,Eco Plus,273,2,3,2,3,5,2,5,5,1,5,3,1,5,3.23,0,0,FALSE
Female,Disloyal Customer,16,Business Travel,Eco,641,4,2,4,3,4,4,4,4,1,2,3,3,4,3.23,0,0,FALSE
Female,Disloyal Customer,22,Business Travel,Eco,717,2,2,2,4,4,2,4,4,4,3,5,3,4,3.31,19,14,FALSE
Male,Loyal Customer,35,Personal Travel,Business,447,1,4,1,3,5,4,5,5,5,1,5,3,5,3.62,0,0,FALSE
Male,Loyal Customer,40,Personal Travel,Eco,848,2,5,2,4,1,2,2,1,5,4,4,3,1,2.77,0,0,FALSE
Male,Loyal Customer,53,Business Travel,Eco,758,2,5,4,5,2,2,2,2,3,3,3,3,2,2.92,0,0,FALSE
Female,Disloyal Customer,38,Business Travel,Eco,255,2,1,2,3,5,2,5,5,4,4,4,1,5,3.31,0,0,FALSE
Male,Loyal Customer,24,Personal Travel,Eco,1192,1,5,1,5,1,1,1,1,4,3,4,5,1,2.54,0,2,FALSE
Male,Loyal Customer,14,Personal Travel,Eco,486,4,1,4,3,3,4,3,3,4,5,1,1,3,3,0,0,FALSE
Male,Loyal Customer,50,Business Travel,Business,2926,5,5,5,5,2,4,5,5,5,5,5,3,5,4.54,0,0,TRUE
Female,Loyal Customer,53,Business Travel,Business,122,3,5,5,5,5,4,3,2,2,2,3,2,1,3.23,74,65,FALSE
Female,Loyal Customer,48,Business Travel,Business,2393,4,5,4,4,4,5,5,2,2,2,2,5,4,3.69,0,0,TRUE
Male,Disloyal Customer,31,Business Travel,Business,1117,2,2,2,3,2,2,1,2,4,1,3,3,2,2.23,34,24,FALSE
Female,Loyal Customer,50,Business Travel,Business,2973,4,2,2,2,2,4,3,2,2,3,4,4,1,2.69,0,0,FALSE
Male,Loyal Customer,63,Personal Travel,Eco,1197,1,5,0,3,2,0,2,2,4,2,5,4,2,2.46,0,0,FALSE
Female,Loyal Customer,38,Personal Travel,Eco,630,4,5,4,5,2,4,2,2,4,2,5,5,2,3.54,0,0,FALSE
Female,Loyal Customer,41,Business Travel,Business,2586,2,1,1,1,5,3,3,2,2,2,2,1,1,2,13,14,FALSE
Male,Loyal Customer,61,Personal Travel,Eco,606,2,4,2,3,3,2,1,3,3,3,5,4,3,2.92,0,33,FALSE
Male,Loyal Customer,8,Personal Travel,Eco,570,3,5,3,2,3,3,3,3,4,2,4,5,3,3.31,0,0,FALSE
Female,Loyal Customer,30,Business Travel,Business,1448,4,4,4,4,4,4,4,4,4,1,1,2,4,3.38,0,0,TRUE
Female,Disloyal Customer,22,Business Travel,Business,755,4,0,4,4,3,4,3,3,5,5,4,4,3,3.54,2,0,TRUE
Female,Loyal Customer,54,Business Travel,Business,214,4,4,4,4,5,5,5,5,5,5,4,5,4,4.54,0,0,TRUE
Male,Loyal Customer,46,Business Travel,Business,680,4,4,4,4,2,5,5,4,4,5,4,3,3,3.92,0,0,TRUE
Female,Loyal Customer,45,Personal Travel,Eco,646,4,4,4,4,5,4,4,2,2,4,1,4,2,3.38,0,0,FALSE
Male,Loyal Customer,35,Business Travel,Eco,151,2,2,5,5,2,2,2,2,1,1,3,3,2,2.46,0,0,FALSE
Male,Loyal Customer,54,Business Travel,Eco,646,3,5,5,5,3,3,3,3,2,2,3,4,3,3.38,0,0,FALSE
Female,Loyal Customer,56,Business Travel,Business,227,2,2,2,2,2,4,5,4,4,4,4,5,3,3.31,4,6,TRUE
Female,Loyal Customer,68,Personal Travel,Eco,164,0,5,0,1,2,5,4,2,2,0,1,5,4,2.38,11,3,TRUE
Female,Loyal Customer,45,Business Travel,Business,756,4,4,4,4,3,5,5,5,5,5,5,5,3,4.38,12,5,TRUE
Male,Loyal Customer,51,Business Travel,Business,413,1,1,1,1,4,5,4,5,5,5,5,4,5,3.54,0,0,TRUE
Female,Loyal Customer,52,Business Travel,Business,2475,1,2,2,2,1,1,1,3,5,3,4,1,1,2.08,7,0,FALSE
Female,Disloyal Customer,40,Business Travel,Business,705,4,4,4,5,5,4,5,5,5,5,3,5,5,4.54,0,9,FALSE
Female,Disloyal Customer,26,Business Travel,Eco,223,3,3,3,3,1,3,1,1,4,4,3,3,1,2.54,14,30,FALSE
Female,Loyal Customer,57,Personal Travel,Eco,373,3,2,3,3,5,3,3,5,5,3,5,1,4,3.46,6,6,FALSE
Female,Loyal Customer,49,Business Travel,Business,964,4,4,4,4,5,4,4,5,5,5,5,4,3,4.31,1,0,TRUE
Female,Loyal Customer,17,Business Travel,Eco Plus,1076,5,1,1,1,5,5,3,5,2,1,3,1,5,2.92,12,9,TRUE
Male,Loyal Customer,20,Business Travel,Business,1983,2,2,2,2,5,5,5,5,3,4,4,4,5,3.69,0,0,TRUE
Male,Disloyal Customer,24,Business Travel,Eco,1258,3,3,3,1,3,3,3,3,4,5,5,4,3,3.31,0,0,FALSE
Female,Loyal Customer,45,Business Travel,Business,907,4,4,4,4,5,4,5,5,5,5,5,3,5,4.46,15,4,TRUE
Female,Loyal Customer,39,Business Travel,Business,2449,4,4,4,4,5,1,5,5,5,5,5,2,1,3.85,0,0,TRUE
Male,Disloyal Customer,61,Business Travel,Business,404,3,3,3,1,2,3,2,2,5,4,5,3,2,2.92,21,17,FALSE
Male,Loyal Customer,36,Business Travel,Business,2075,4,4,4,4,3,5,3,4,4,5,4,3,4,3.92,0,0,TRUE
Male,Loyal Customer,58,Business Travel,Business,1337,4,4,4,4,4,4,5,4,4,4,4,5,4,4.15,7,0,TRUE
Female,Disloyal Customer,39,Business Travel,Business,209,3,2,2,4,2,2,2,2,2,2,5,5,2,2.69,0,0,FALSE
Female,Loyal Customer,54,Personal Travel,Eco,990,2,5,2,4,3,5,4,2,2,2,2,5,4,3.23,0,0,FALSE
Male,Loyal Customer,43,Business Travel,Business,2369,1,1,1,1,2,5,5,4,4,4,4,4,3,3,0,5,TRUE
Male,Loyal Customer,40,Business Travel,Business,2697,5,5,5,5,4,1,1,5,5,5,5,3,5,4.15,0,0,TRUE
Female,Disloyal Customer,24,Business Travel,Business,763,5,2,5,1,1,5,1,1,1,3,3,3,1,2.46,0,0,TRUE
Male,Disloyal Customer,26,Business Travel,Eco Plus,395,2,4,2,3,4,2,4,4,2,5,3,4,4,3.31,12,7,FALSE
Male,Loyal Customer,40,Business Travel,Business,602,5,5,5,5,5,5,4,5,5,5,5,4,4,4.77,0,0,TRUE
Male,Loyal Customer,36,Personal Travel,Eco,1084,3,5,3,5,4,3,4,4,5,2,4,4,4,3.85,17,10,FALSE
Female,Loyal Customer,68,Personal Travel,Eco,1028,1,3,1,3,5,4,4,4,4,1,5,3,2,3.08,0,0,FALSE
Female,Disloyal Customer,28,Business Travel,Eco,1413,4,4,4,4,2,4,2,2,3,1,3,4,2,3,108,83,FALSE
Male,Loyal Customer,44,Business Travel,Business,1853,1,1,1,1,5,5,4,4,4,4,4,5,4,3.31,7,0,TRUE
Female,Loyal Customer,27,Personal Travel,Eco,1294,3,5,3,3,2,3,2,2,5,5,4,5,2,3.38,0,0,FALSE
Female,Loyal Customer,45,Business Travel,Business,315,5,5,5,5,2,4,4,5,5,5,5,3,5,4.46,1,0,TRUE
Male,Loyal Customer,24,Personal Travel,Eco,737,4,4,4,3,3,4,4,3,5,4,4,5,3,3.85,0,0,TRUE
Female,Loyal Customer,46,Personal Travel,Eco,814,3,0,3,2,5,5,4,4,4,3,4,3,3,3.31,0,51,FALSE
Female,Loyal Customer,51,Business Travel,Business,1050,3,3,2,3,4,5,4,5,5,5,5,3,4,3.92,0,0,TRUE
Male,Loyal Customer,57,Business Travel,Business,1844,5,5,5,5,3,5,5,4,4,4,4,3,5,4.38,0,0,TRUE
Male,Loyal Customer,57,Business Travel,Business,328,0,0,0,1,3,5,5,3,3,4,4,4,4,2.77,70,61,TRUE
Female,Loyal Customer,50,Personal Travel,Eco,1033,4,1,4,3,1,3,2,3,3,4,3,1,3,2.69,0,0,FALSE
Female,Loyal Customer,61,Business Travel,Business,2932,3,1,1,1,3,4,3,3,3,3,3,3,3,2.62,50,41,FALSE
Male,Disloyal Customer,14,Business Travel,Eco,758,3,3,3,4,3,3,3,3,1,1,4,2,3,2.77,15,63,FALSE
Male,Disloyal Customer,19,Business Travel,Eco,782,2,3,3,4,2,3,4,2,3,2,3,1,2,2.62,126,128,FALSE
Female,Loyal Customer,36,Personal Travel,Eco,597,2,0,2,1,3,2,3,3,5,2,4,3,3,2.54,38,37,FALSE
Female,Loyal Customer,62,Business Travel,Business,1779,1,1,1,1,2,4,4,4,4,4,4,4,4,2.92,0,0,TRUE
Male,Loyal Customer,34,Business Travel,Eco Plus,259,5,5,5,5,5,5,5,5,4,4,1,5,5,4.54,39,37,TRUE
Male,Loyal Customer,24,Business Travel,Eco,965,2,1,1,1,2,2,1,2,3,4,2,1,2,1.85,0,0,FALSE
Female,Loyal Customer,59,Business Travel,Business,1736,0,0,0,4,4,4,4,5,5,5,5,4,3,3.31,0,0,TRUE
Female,Loyal Customer,62,Business Travel,Business,2356,3,3,3,3,3,4,4,4,4,4,4,2,2,3.31,0,0,TRUE
Female,Disloyal Customer,13,Business Travel,Business,1315,4,5,4,2,4,4,4,4,5,4,4,3,4,3.92,0,0,TRUE
Male,Loyal Customer,66,Business Travel,Business,404,2,2,2,2,2,4,4,5,5,5,5,4,3,3.46,36,38,TRUE
Female,Loyal Customer,31,Personal Travel,Business,376,2,4,2,2,5,2,5,5,5,5,5,3,5,3.85,27,18,FALSE
Female,Loyal Customer,20,Personal Travel,Eco,226,3,4,3,5,1,3,1,1,5,5,5,3,1,3.08,70,102,FALSE
Male,Disloyal Customer,25,Business Travel,Business,997,2,4,2,4,2,2,2,2,5,3,5,4,2,3,0,0,FALSE
Male,Loyal Customer,50,Business Travel,Business,227,0,0,0,3,4,4,5,5,5,5,5,5,5,3.54,11,14,TRUE
Male,Loyal Customer,58,Business Travel,Business,3950,4,4,3,4,3,5,5,4,4,4,4,4,3,3.92,0,0,TRUE
Female,Loyal Customer,58,Business Travel,Eco,224,3,4,4,4,2,3,4,3,3,3,3,4,2,3.23,0,0,FALSE
Male,Loyal Customer,35,Business Travel,Eco Plus,406,5,4,3,4,5,5,5,5,5,4,4,3,5,4.38,0,0,TRUE
Female,Loyal Customer,32,Business Travel,Business,2420,4,4,4,4,4,4,4,4,5,3,5,3,4,4,0,0,TRUE
Female,Disloyal Customer,30,Business Travel,Business,1746,2,2,2,2,3,2,1,3,4,5,3,4,3,2.77,0,21,FALSE
Male,Loyal Customer,35,Personal Travel,Eco,599,3,3,3,2,1,3,1,1,1,1,5,5,1,2.31,4,6,FALSE
Male,Disloyal Customer,35,Business Travel,Eco,1558,3,3,3,4,4,3,4,4,3,3,4,3,4,3.46,15,30,FALSE
Male,Loyal Customer,59,Business Travel,Eco Plus,1670,2,4,5,4,1,2,1,1,2,4,2,4,1,2.54,0,8,FALSE
Male,Loyal Customer,51,Business Travel,Eco,2139,2,2,4,4,2,2,2,2,3,2,5,5,2,2.85,0,0,TRUE
Male,Loyal Customer,44,Business Travel,Eco,436,3,1,1,1,3,3,3,3,4,1,4,1,3,2.38,21,14,FALSE
Male,Loyal Customer,47,Personal Travel,Eco,252,3,5,3,4,4,3,4,4,5,3,5,3,4,3.85,0,0,FALSE
Male,Loyal Customer,55,Business Travel,Business,1795,5,5,5,5,5,5,5,4,4,4,5,3,3,4.46,17,12,TRUE
Male,Loyal Customer,22,Business Travel,Business,651,3,3,3,3,4,5,4,4,3,4,4,5,4,3.77,2,0,TRUE
Female,Loyal Customer,49,Business Travel,Eco,1028,4,3,3,3,1,3,4,4,4,4,4,4,2,3.31,38,17,TRUE
Male,Loyal Customer,35,Personal Travel,Eco,1464,3,5,3,1,1,3,1,1,3,2,4,3,1,2.38,0,0,FALSE
Male,Loyal Customer,49,Business Travel,Business,2586,1,2,2,2,2,3,2,1,1,1,1,4,1,1.77,18,0,FALSE
Male,Loyal Customer,27,Business Travel,Business,3414,5,5,5,5,5,5,5,4,3,4,4,5,5,4.62,8,11,TRUE
Male,Loyal Customer,37,Business Travel,Eco Plus,844,1,1,1,1,1,1,1,1,1,4,4,3,1,1.62,0,0,FALSE
Female,Disloyal Customer,25,Business Travel,Eco,612,1,4,1,3,1,3,3,1,5,3,4,3,3,2.69,97,161,FALSE
Male,Loyal Customer,49,Business Travel,Business,2357,2,2,2,2,4,5,4,4,4,4,4,5,3,3.46,0,0,TRUE
Male,Loyal Customer,60,Personal Travel,Eco,110,4,4,4,3,5,4,5,5,1,2,4,1,5,3.62,54,53,FALSE
Male,Loyal Customer,24,Business Travel,Business,474,1,1,1,1,5,5,5,5,3,4,1,3,5,3.08,0,0,TRUE
Male,Loyal Customer,41,Business Travel,Eco,1024,1,3,3,3,1,1,1,1,3,2,3,3,1,2,1,18,FALSE
Female,Loyal Customer,10,Personal Travel,Eco,1124,2,2,3,2,5,3,5,5,3,4,1,4,5,3.38,0,0,FALSE
Female,Loyal Customer,60,Personal Travel,Eco,1005,2,4,2,1,2,2,1,3,3,2,3,4,5,2.62,19,35,FALSE
Female,Loyal Customer,52,Business Travel,Business,1774,3,3,3,3,2,2,5,4,4,4,4,3,4,3.38,0,0,TRUE
Male,Loyal Customer,58,Business Travel,Business,3236,1,1,1,1,5,2,4,4,4,4,4,2,3,2.77,30,20,TRUE
Female,Disloyal Customer,42,Business Travel,Eco,967,3,3,3,4,2,3,2,2,2,2,1,1,2,2.31,101,106,FALSE
Female,Loyal Customer,50,Business Travel,Business,2475,5,5,5,5,4,5,4,4,4,4,4,4,4,4.38,0,0,TRUE
Male,Loyal Customer,52,Business Travel,Business,3286,3,4,4,4,3,3,3,3,3,3,3,4,2,3.23,0,0,FALSE
Male,Loyal Customer,47,Personal Travel,Eco,738,2,3,2,3,3,2,3,3,3,5,3,3,3,2.92,0,0,FALSE
Male,Loyal Customer,32,Personal Travel,Eco,347,1,5,1,1,1,1,1,1,3,4,4,4,1,2.15,0,2,FALSE
Male,Loyal Customer,39,Personal Travel,Eco,772,2,3,2,5,3,2,3,3,5,1,4,4,3,3.08,0,2,FALSE
Male,Loyal Customer,18,Personal Travel,Eco,355,3,4,3,5,4,3,4,4,4,2,4,4,4,3.69,0,2,FALSE
Female,Loyal Customer,53,Business Travel,Business,1440,2,2,2,2,5,4,5,5,5,5,5,3,3,3.69,6,0,TRUE
Female,Loyal Customer,42,Personal Travel,Eco,1357,1,1,1,4,1,3,4,5,5,1,5,2,4,2.85,0,0,FALSE
Female,Disloyal Customer,39,Business Travel,Eco,483,2,1,2,3,3,2,3,3,4,2,3,3,3,2.62,29,44,FALSE
Female,Loyal Customer,24,Business Travel,Eco,669,2,1,1,1,2,2,4,2,3,3,3,1,2,2.08,0,8,FALSE
Female,Loyal Customer,42,Personal Travel,Eco Plus,476,1,2,2,2,4,2,2,3,3,2,3,1,3,2.31,0,0,FALSE
Male,Loyal Customer,33,Business Travel,Business,2076,1,0,0,3,4,0,4,4,2,3,3,2,4,2.31,0,0,FALSE
Female,Loyal Customer,33,Business Travel,Business,2143,3,2,4,2,1,3,1,2,3,4,4,1,1,2.38,138,129,FALSE
Male,Disloyal Customer,34,Business Travel,Business,2329,1,1,1,3,3,1,3,3,3,2,4,4,3,2.46,18,0,FALSE
Male,Loyal Customer,41,Business Travel,Business,308,4,4,4,4,2,2,5,4,4,4,4,1,3,3.46,0,0,TRUE
Female,Loyal Customer,39,Business Travel,Eco Plus,175,4,5,5,5,4,4,4,4,1,3,3,1,4,3.62,0,0,TRUE
Male,Loyal Customer,57,Business Travel,Business,1940,3,4,4,4,3,4,4,2,2,2,3,4,3,3.23,0,0,FALSE
Male,Loyal Customer,18,Personal Travel,Eco,1440,1,1,1,2,2,1,1,2,2,5,1,3,2,1.85,10,7,FALSE
Male,Loyal Customer,29,Personal Travel,Eco,641,1,4,1,2,5,1,5,5,4,5,5,3,5,3.54,0,5,FALSE
Male,Disloyal Customer,38,Business Travel,Business,646,2,2,2,3,3,2,1,3,5,5,5,3,3,3,0,0,FALSE
Male,Loyal Customer,16,Personal Travel,Eco,134,2,5,0,4,3,0,3,3,1,3,3,4,3,2.62,0,0,FALSE
Male,Loyal Customer,26,Personal Travel,Business,134,4,2,4,3,3,4,3,3,1,1,3,3,3,2.85,0,0,FALSE
Male,Loyal Customer,49,Personal Travel,Eco Plus,2704,2,5,2,5,2,2,2,5,2,4,5,2,2,3.08,6,37,FALSE
Male,Loyal Customer,35,Business Travel,Business,2528,2,2,2,2,4,5,1,5,5,5,5,1,4,3.31,23,15,TRUE
Female,Loyal Customer,34,Business Travel,Business,3113,4,4,4,4,5,4,4,3,3,3,3,4,4,3.77,0,0,TRUE
Male,Loyal Customer,52,Business Travel,Business,3001,5,5,5,5,3,5,5,4,4,4,4,4,4,4.38,7,0,TRUE
Male,Loyal Customer,48,Personal Travel,Eco,247,2,5,0,3,2,0,4,2,3,2,4,4,2,2.54,0,0,FALSE
Female,Disloyal Customer,37,Business Travel,Business,1047,4,4,4,1,2,4,2,2,5,3,5,5,2,3.31,0,0,TRUE
Male,Loyal Customer,8,Personal Travel,Eco,404,3,5,3,3,2,3,2,2,5,2,3,1,2,2.77,0,3,FALSE
Male,Loyal Customer,13,Personal Travel,Eco,1276,3,5,3,3,5,3,5,5,3,2,3,4,5,3.77,0,0,FALSE
Male,Disloyal Customer,54,Business Travel,Eco,748,2,2,2,3,1,2,1,1,2,3,3,3,1,2,0,0,FALSE
Female,Loyal Customer,49,Business Travel,Eco Plus,925,3,3,3,3,5,4,4,3,3,3,3,1,3,3.15,101,77,FALSE
Male,Loyal Customer,48,Business Travel,Business,2521,3,3,3,3,2,3,4,5,5,5,5,4,3,3.69,0,0,TRUE
Female,Loyal Customer,55,Business Travel,Business,2562,5,5,5,5,5,5,5,5,5,5,5,5,4,4.92,0,0,TRUE
Female,Loyal Customer,24,Business Travel,Business,359,1,3,3,3,1,2,1,1,1,5,4,4,1,2.31,0,9,FALSE
Female,Loyal Customer,37,Personal Travel,Eco Plus,304,4,4,4,3,3,4,3,3,4,2,5,5,3,3.62,7,4,TRUE
Female,Loyal Customer,65,Personal Travel,Eco,305,1,5,1,3,1,5,1,2,2,1,2,3,3,2.31,0,0,FALSE
Female,Loyal Customer,23,Business Travel,Business,679,4,4,1,4,5,5,5,5,1,5,4,5,5,4.08,0,0,TRUE
Female,Disloyal Customer,45,Business Travel,Business,491,3,3,3,3,2,3,2,2,4,2,4,3,2,2.77,0,0,FALSE
Male,Loyal Customer,45,Business Travel,Business,2353,3,3,3,3,5,5,5,4,4,4,4,4,3,3.85,6,16,TRUE
Male,Loyal Customer,49,Business Travel,Eco,163,4,3,3,3,4,4,4,4,2,4,5,3,4,3.62,0,0,TRUE
Female,Loyal Customer,10,Personal Travel,Eco Plus,764,3,5,3,3,2,3,2,2,5,4,5,1,2,3.08,0,0,FALSE
Male,Loyal Customer,28,Business Travel,Eco,978,5,4,3,3,5,5,5,5,3,2,4,1,5,3.85,0,0,TRUE
Female,Disloyal Customer,25,Business Travel,Business,1020,3,5,3,3,2,3,2,2,4,5,5,4,2,3.31,0,0,FALSE
Male,Loyal Customer,60,Personal Travel,Eco,1192,2,4,2,4,3,2,4,3,3,2,5,3,3,3.08,0,0,FALSE
Male,Loyal Customer,58,Business Travel,Business,417,3,3,3,3,5,5,5,4,4,4,4,4,5,4,0,0,TRUE
Male,Loyal Customer,48,Business Travel,Business,483,5,5,5,5,2,5,4,5,5,5,5,4,4,4.54,8,7,TRUE
Female,Loyal Customer,53,Personal Travel,Eco,2762,4,4,4,3,4,4,4,3,3,4,4,4,4,3.77,0,31,FALSE
Female,Loyal Customer,60,Business Travel,Eco,334,3,1,1,1,2,4,3,3,3,3,3,4,3,2.62,0,0,FALSE
Female,Loyal Customer,46,Business Travel,Business,3673,4,4,1,4,3,4,5,2,2,2,2,5,5,3.31,3,0,TRUE
Female,Loyal Customer,40,Business Travel,Business,3711,3,1,1,1,2,3,3,3,3,3,3,1,1,2.15,28,16,FALSE
Female,Loyal Customer,19,Personal Travel,Eco,331,2,2,2,3,3,2,3,3,3,1,3,3,3,2.54,0,0,FALSE
Female,Disloyal Customer,27,Business Travel,Eco Plus,2475,2,2,2,3,2,1,1,3,4,2,1,1,1,1.92,3,0,FALSE
Female,Loyal Customer,52,Personal Travel,Eco,177,2,4,2,3,4,5,4,5,5,2,5,5,5,3.92,9,3,FALSE
Male,Loyal Customer,47,Personal Travel,Eco Plus,363,2,4,2,5,2,2,2,2,5,4,4,3,2,3,0,1,FALSE
Male,Loyal Customer,69,Personal Travel,Eco,251,4,3,0,3,1,0,1,1,1,4,4,1,1,1.85,0,0,FALSE
Male,Loyal Customer,7,Personal Travel,Eco,966,1,5,1,4,2,1,2,2,4,2,4,3,2,2.54,21,25,FALSE
Female,Loyal Customer,39,Personal Travel,Eco,480,2,3,2,2,5,2,1,5,1,5,3,1,5,2.85,0,0,FALSE
Female,Loyal Customer,41,Personal Travel,Eco,1189,4,4,4,1,4,4,4,4,3,4,3,4,4,3.62,0,0,TRUE
Female,Loyal Customer,20,Personal Travel,Eco,1084,2,5,2,2,5,2,5,5,4,5,4,3,5,3.77,7,8,FALSE
Female,Loyal Customer,42,Personal Travel,Eco,930,4,4,4,2,3,4,4,3,3,4,3,3,5,3.54,0,0,FALSE
Female,Loyal Customer,42,Business Travel,Eco,189,3,5,5,5,3,1,5,3,3,3,3,2,2,3.31,1,0,TRUE
Female,Disloyal Customer,15,Business Travel,Eco,545,2,2,2,4,3,2,3,3,4,5,4,1,3,2.92,40,35,FALSE
Female,Loyal Customer,50,Business Travel,Business,3139,1,1,1,1,4,5,5,2,2,2,2,5,3,2.62,2,0,TRUE
Female,Loyal Customer,46,Business Travel,Business,1765,1,1,1,1,4,4,5,4,4,4,4,3,5,3.15,0,5,TRUE
Female,Disloyal Customer,20,Business Travel,Eco,122,1,2,1,3,3,1,3,3,1,2,3,4,3,2.31,83,71,FALSE
Male,Loyal Customer,46,Personal Travel,Eco,285,5,4,5,4,2,5,2,2,4,4,5,5,2,3.77,9,0,TRUE
Male,Disloyal Customer,27,Business Travel,Eco,502,3,4,3,4,5,3,5,5,2,5,4,3,5,3.92,0,2,FALSE
Male,Loyal Customer,8,Personal Travel,Eco,1542,3,3,3,3,5,3,5,5,4,2,3,3,5,3.62,0,0,FALSE
Male,Loyal Customer,35,Business Travel,Eco Plus,448,3,2,2,2,3,3,3,3,2,3,3,2,3,2.62,20,12,FALSE
Male,Loyal Customer,31,Personal Travel,Eco,1023,2,5,2,1,2,2,2,2,3,4,3,2,2,2.46,0,0,FALSE
Male,Loyal Customer,49,Business Travel,Business,3847,3,3,3,3,3,1,5,4,4,4,4,5,2,3.38,0,0,TRUE
Female,Loyal Customer,41,Personal Travel,Eco,1065,3,4,3,3,5,3,5,5,3,2,5,5,5,3.92,0,0,FALSE
Male,Loyal Customer,50,Business Travel,Business,2045,5,5,4,5,4,4,4,4,4,4,4,4,4,4.23,0,24,TRUE
Female,Loyal Customer,56,Business Travel,Business,166,2,4,4,4,1,3,4,2,2,2,2,2,1,2.54,0,0,FALSE
Female,Loyal Customer,39,Business Travel,Business,2537,1,1,1,1,1,4,3,2,2,2,1,2,1,1.69,0,0,FALSE
Female,Disloyal Customer,26,Business Travel,Eco,643,3,1,3,4,4,3,4,4,4,3,3,1,4,3.15,120,121,FALSE
Female,Disloyal Customer,59,Business Travel,Eco,67,3,1,3,4,2,3,2,2,1,3,4,1,2,2.38,57,55,FALSE
Female,Loyal Customer,16,Personal Travel,Eco Plus,725,3,2,3,4,5,3,5,5,3,4,4,3,5,3.77,0,0,FALSE
Female,Disloyal Customer,22,Business Travel,Eco,225,5,2,5,3,5,5,5,5,1,5,2,2,5,3.85,12,0,TRUE
Female,Loyal Customer,68,Personal Travel,Eco,919,2,5,1,4,3,5,4,4,4,1,1,4,4,3.23,0,0,FALSE
Male,Loyal Customer,23,Business Travel,Business,1476,5,5,5,5,5,5,5,5,2,1,3,3,5,4.15,14,11,TRUE
Male,Loyal Customer,31,Business Travel,Business,733,4,4,1,4,5,5,5,3,5,4,5,5,5,4.23,353,359,TRUE
Female,Loyal Customer,51,Business Travel,Eco,2556,1,2,2,2,1,1,1,1,5,4,4,1,1,2,0,7,FALSE
Female,Loyal Customer,55,Personal Travel,Eco,151,3,5,3,4,3,5,4,2,2,3,5,3,5,3.62,0,4,FALSE
Male,Loyal Customer,13,Personal Travel,Eco,1237,3,3,3,4,1,3,1,1,1,4,2,2,1,2.23,0,16,FALSE
Male,Disloyal Customer,39,Business Travel,Eco,164,2,0,2,3,1,2,1,1,3,2,4,4,1,2,0,0,FALSE
Male,Loyal Customer,45,Business Travel,Business,3036,5,5,5,5,5,5,4,4,4,4,5,5,3,4.54,0,1,TRUE
Female,Loyal Customer,40,Business Travel,Business,2123,0,0,0,2,3,4,4,4,4,4,4,5,3,2.85,60,45,TRUE
Female,Disloyal Customer,26,Business Travel,Eco,429,3,3,3,3,5,3,5,5,3,4,3,3,5,3.69,0,0,FALSE
Male,Loyal Customer,62,Personal Travel,Eco,231,2,4,2,1,5,2,5,5,3,5,4,4,5,3.62,0,0,FALSE
Female,Loyal Customer,31,Personal Travel,Eco,304,1,5,3,3,3,3,3,3,3,3,5,5,3,3.31,0,6,FALSE
Male,Loyal Customer,62,Business Travel,Eco,297,4,1,1,1,4,4,4,4,3,3,3,3,4,3,0,0,TRUE
Female,Loyal Customer,46,Business Travel,Business,562,4,4,4,4,2,4,4,2,2,2,2,3,4,3.15,1,0,TRUE
Male,Disloyal Customer,22,Business Travel,Eco,273,4,3,3,4,4,3,4,4,3,3,3,1,4,3.31,61,52,FALSE
Female,Loyal Customer,53,Business Travel,Business,2871,2,1,4,1,3,4,3,2,2,2,2,4,3,2.54,5,22,FALSE
Male,Disloyal Customer,55,Business Travel,Eco Plus,525,1,1,1,4,3,1,3,3,3,4,4,3,3,2.62,4,0,FALSE
Male,Loyal Customer,43,Business Travel,Eco,315,4,3,3,3,4,4,4,4,3,2,3,2,4,3.31,0,0,TRUE
Female,Loyal Customer,58,Business Travel,Business,2475,3,3,3,3,3,5,4,4,4,4,4,3,4,3.62,0,0,TRUE
Female,Loyal Customer,54,Business Travel,Business,1986,4,4,4,4,4,5,5,5,5,5,5,3,3,4.31,8,0,TRUE
Female,Loyal Customer,11,Business Travel,Eco Plus,1979,2,3,3,3,2,2,3,2,1,4,3,1,2,2.38,1,11,FALSE
Female,Disloyal Customer,40,Business Travel,Business,406,2,2,2,4,1,2,1,1,1,4,3,2,1,2,0,0,FALSE
Male,Loyal Customer,52,Business Travel,Business,1578,1,2,2,2,3,4,3,1,1,1,1,2,2,1.92,24,12,FALSE
Female,Loyal Customer,59,Personal Travel,Eco,731,2,3,3,4,1,4,4,4,4,3,1,3,3,3,4,0,FALSE
Male,Loyal Customer,11,Personal Travel,Eco Plus,735,1,5,1,4,5,1,5,5,4,2,4,5,5,3.62,0,0,FALSE
Female,Loyal Customer,70,Personal Travel,Eco,715,3,2,3,3,5,3,3,1,1,3,1,2,2,2.46,0,0,FALSE
Female,Loyal Customer,53,Business Travel,Business,1773,1,1,1,1,4,5,4,5,5,5,5,5,4,3.54,0,0,TRUE
Male,Loyal Customer,18,Personal Travel,Eco,500,5,3,5,4,1,5,1,1,2,1,4,2,1,2.69,0,0,TRUE
Female,Loyal Customer,7,Personal Travel,Eco,950,3,1,3,3,2,3,2,2,4,5,4,3,2,2.85,0,2,FALSE
Female,Loyal Customer,66,Business Travel,Business,2237,0,5,0,5,3,2,2,4,4,4,4,5,4,3.23,0,0,TRUE
Female,Loyal Customer,34,Business Travel,Business,3827,1,1,1,1,2,3,3,1,1,1,1,2,3,1.62,0,0,FALSE
Male,Loyal Customer,45,Personal Travel,Eco,395,1,5,1,4,5,1,5,5,3,5,4,4,5,3.69,20,23,FALSE
Male,Disloyal Customer,38,Business Travel,Business,936,5,5,5,1,5,5,5,5,3,5,4,5,5,4.46,6,7,TRUE
Female,Disloyal Customer,26,Business Travel,Eco,794,1,1,1,4,4,1,4,4,5,5,2,1,4,2.85,4,1,FALSE
Female,Loyal Customer,68,Personal Travel,Eco,240,3,5,3,4,2,4,5,2,2,3,2,3,3,3.15,0,0,FALSE
Male,Loyal Customer,26,Business Travel,Business,780,3,3,3,3,2,2,2,2,2,1,1,4,2,2.31,33,24,TRUE
Female,Loyal Customer,47,Business Travel,Business,2614,1,3,3,3,4,3,4,1,1,1,1,2,2,2.23,9,11,FALSE
Female,Loyal Customer,40,Business Travel,Business,1036,2,2,2,2,4,5,4,4,4,5,4,5,3,3.54,16,36,TRUE
Female,Loyal Customer,55,Business Travel,Business,1096,3,3,3,3,5,4,4,4,4,4,4,5,4,3.85,0,0,TRUE
Male,Loyal Customer,38,Personal Travel,Eco Plus,799,4,4,3,4,2,3,2,2,3,4,4,3,2,3.08,0,0,FALSE
Female,Loyal Customer,15,Personal Travel,Eco,2586,2,4,2,1,2,2,2,2,2,2,1,2,2,2,0,12,FALSE
Female,Loyal Customer,16,Personal Travel,Eco,712,5,3,5,4,3,5,4,3,4,3,5,3,3,3.85,1,0,TRUE
Female,Disloyal Customer,20,Business Travel,Eco,335,2,2,3,3,5,3,5,5,3,4,3,2,5,3.46,0,0,FALSE
Male,Loyal Customer,35,Personal Travel,Eco Plus,257,2,2,2,3,1,2,1,1,1,2,3,1,1,1.69,0,0,FALSE
Female,Loyal Customer,42,Business Travel,Business,2657,1,1,1,1,4,4,5,5,5,5,4,3,3,3.23,0,0,TRUE
Male,Loyal Customer,19,Business Travel,Business,3218,3,3,3,3,3,3,3,3,4,2,4,1,3,2.92,0,0,FALSE
Female,Loyal Customer,47,Business Travel,Business,719,5,5,5,5,3,4,5,4,4,4,4,4,5,4.38,0,3,TRUE
Male,Loyal Customer,40,Business Travel,Business,3491,3,3,5,3,4,5,4,5,5,5,5,4,4,4.23,6,0,TRUE
Female,Loyal Customer,35,Business Travel,Eco,1368,2,1,1,1,2,2,2,2,1,1,3,4,2,1.85,0,9,FALSE
Female,Loyal Customer,46,Business Travel,Business,1491,5,5,5,5,4,5,5,4,4,4,4,3,4,4.38,8,0,TRUE
Male,Loyal Customer,51,Personal Travel,Business,599,2,1,2,3,1,3,3,1,1,2,1,1,4,1.92,0,0,FALSE
Male,Loyal Customer,45,Business Travel,Eco Plus,806,5,2,2,2,5,5,5,5,2,4,1,3,5,3.54,42,9,TRUE
Male,Loyal Customer,17,Personal Travel,Eco,689,3,5,3,2,4,3,4,4,5,4,5,5,4,3.92,17,13,FALSE
Male,Disloyal Customer,30,Business Travel,Eco,405,2,2,2,4,1,2,1,1,2,3,4,3,1,2.15,0,0,FALSE
Male,Disloyal Customer,25,Business Travel,Eco,1167,1,1,1,4,2,1,2,2,2,1,3,1,2,1.77,0,0,FALSE
Female,Loyal Customer,45,Business Travel,Business,191,2,2,4,4,5,3,3,2,2,2,2,4,4,3,0,0,FALSE
Male,Loyal Customer,10,Personal Travel,Eco,944,1,4,1,4,3,1,2,3,2,4,2,1,3,2.38,13,2,FALSE
Female,Loyal Customer,50,Business Travel,Eco Plus,541,3,1,1,1,3,3,4,3,3,3,3,3,4,2.69,35,39,FALSE
Male,Loyal Customer,44,Business Travel,Eco,2446,3,5,5,5,2,3,2,2,4,4,3,4,2,3.38,80,52,FALSE
Female,Loyal Customer,21,Personal Travel,Eco,986,2,5,2,3,3,2,2,3,3,5,4,4,3,3.15,0,0,FALSE
Male,Loyal Customer,46,Business Travel,Business,2521,4,4,4,4,4,4,4,4,2,4,5,4,4,3.92,0,0,TRUE
Male,Loyal Customer,35,Business Travel,Eco,1013,3,1,2,1,3,3,3,3,1,3,4,3,3,2.54,51,57,FALSE
Male,Loyal Customer,49,Business Travel,Business,1773,5,5,5,5,3,4,5,4,4,4,4,3,5,4.31,7,0,TRUE
Male,Loyal Customer,51,Business Travel,Business,3917,0,0,0,3,3,5,4,2,2,2,2,4,3,2.31,9,6,TRUE
Female,Disloyal Customer,40,Business Travel,Business,328,2,1,1,2,1,1,1,1,3,2,5,5,1,2,0,0,FALSE
Male,Loyal Customer,50,Business Travel,Business,2075,3,3,3,3,2,3,3,5,5,5,4,5,2,3.54,0,0,TRUE
Male,Loyal Customer,43,Business Travel,Business,255,1,1,1,1,3,5,5,4,4,4,4,3,3,3,5,0,TRUE
Female,Disloyal Customer,27,Business Travel,Business,1345,3,4,4,3,2,4,1,2,5,2,5,5,2,3.23,0,0,FALSE
Female,Loyal Customer,70,Personal Travel,Eco,404,3,5,4,5,4,3,2,5,5,4,1,5,1,3.62,9,2,FALSE
Male,Loyal Customer,28,Business Travel,Eco,399,1,0,0,1,5,0,5,5,3,3,2,1,5,2.38,0,0,FALSE
Female,Disloyal Customer,38,Business Travel,Eco,157,2,2,2,3,2,2,2,2,4,4,3,2,2,2.46,5,0,FALSE
Female,Loyal Customer,45,Business Travel,Eco,1009,2,2,2,2,5,2,3,2,2,2,2,2,2,2.31,0,8,FALSE
Male,Disloyal Customer,23,Business Travel,Eco,967,4,4,4,1,2,4,2,2,5,4,5,3,2,3.23,69,64,TRUE
Female,Loyal Customer,43,Personal Travel,Eco,763,2,5,2,4,2,5,5,5,4,4,5,5,5,4.08,358,346,FALSE
Female,Loyal Customer,43,Business Travel,Business,872,1,1,1,1,4,4,5,5,5,5,5,4,5,3.54,19,9,TRUE
Female,Disloyal Customer,36,Business Travel,Eco,867,2,2,2,4,4,2,3,4,1,2,3,2,4,2.69,64,51,FALSE
Female,Loyal Customer,37,Business Travel,Business,1548,0,0,0,2,5,4,4,5,5,5,5,3,4,3.23,3,17,TRUE
Male,Loyal Customer,54,Business Travel,Business,2007,5,5,3,5,5,4,5,5,5,5,5,4,5,4.69,1,3,TRUE
Male,Disloyal Customer,37,Business Travel,Eco,751,2,1,1,3,5,1,5,5,4,5,5,4,5,3.54,1,0,FALSE
Female,Loyal Customer,16,Personal Travel,Eco,447,3,3,2,4,4,2,2,4,4,1,3,2,4,2.92,0,13,FALSE
Female,Loyal Customer,55,Personal Travel,Eco,120,1,5,1,3,1,5,5,3,4,4,5,5,5,3.62,191,258,FALSE
Female,Loyal Customer,33,Business Travel,Business,1949,3,1,1,1,2,3,3,3,3,3,3,1,4,2.38,10,10,FALSE
Male,Disloyal Customer,25,Business Travel,Business,667,3,0,3,3,1,3,1,1,5,4,5,4,1,2.62,0,0,FALSE
Male,Loyal Customer,57,Business Travel,Business,395,2,5,2,2,3,5,5,5,5,5,5,4,4,4,0,15,TRUE
Male,Loyal Customer,47,Business Travel,Business,515,1,1,1,1,2,5,5,2,2,2,2,5,4,2.54,3,0,TRUE
Male,Loyal Customer,64,Personal Travel,Eco,919,1,4,1,4,5,1,5,5,5,5,3,1,5,3.46,110,113,FALSE
Male,Loyal Customer,42,Business Travel,Business,562,4,4,4,4,3,4,5,2,2,2,2,4,3,3.31,0,0,TRUE
Male,Loyal Customer,15,Personal Travel,Eco,844,3,3,2,3,2,2,1,2,1,1,3,4,2,2.23,0,0,FALSE
Male,Loyal Customer,50,Business Travel,Business,3703,5,1,5,5,5,4,5,5,5,5,5,4,3,4.38,0,0,TRUE
Female,Loyal Customer,26,Personal Travel,Eco,806,2,5,2,5,1,2,1,1,1,1,1,2,1,1.92,0,0,FALSE
Female,Loyal Customer,53,Personal Travel,Eco,589,3,4,3,3,3,4,3,3,3,3,3,3,3,3.15,0,0,FALSE
Male,Loyal Customer,39,Business Travel,Business,2475,2,2,2,2,5,4,5,4,4,4,4,5,5,3.69,0,0,TRUE
Male,Disloyal Customer,24,Business Travel,Business,1074,0,0,0,1,1,0,1,1,4,2,5,1,1,1.31,36,29,TRUE
Male,Loyal Customer,16,Personal Travel,Eco,329,3,3,3,4,1,3,1,1,2,5,4,3,1,2.62,0,0,FALSE
Female,Loyal Customer,54,Business Travel,Eco,787,4,4,4,4,4,3,5,4,4,4,4,2,2,3.69,7,0,TRUE
Male,Loyal Customer,48,Business Travel,Business,1708,4,4,4,4,4,4,5,4,4,4,4,3,5,4.08,4,0,TRUE
Male,Disloyal Customer,39,Business Travel,Business,351,1,1,1,5,3,1,3,3,4,5,4,4,3,2.92,6,3,FALSE
Male,Loyal Customer,9,Personal Travel,Eco,448,3,5,2,1,1,2,1,1,3,4,4,1,1,2.23,15,,FALSE
Male,Loyal Customer,23,Business Travel,Eco,867,1,2,2,2,1,1,3,1,2,3,4,3,1,2,0,0,FALSE
Female,Disloyal Customer,43,Business Travel,Eco,922,3,3,3,4,3,3,3,3,4,1,1,5,3,3,0,0,FALSE
Female,Loyal Customer,53,Personal Travel,Eco,73,1,4,1,3,4,5,5,4,4,1,4,3,4,3.31,0,0,FALSE
Female,Loyal Customer,58,Business Travel,Business,1701,4,4,4,4,4,4,4,5,5,5,5,3,3,4.15,8,5,TRUE
Male,Loyal Customer,45,Business Travel,Business,2930,0,1,1,2,4,5,5,1,1,1,1,4,4,2.31,0,0,TRUE
Female,Loyal Customer,30,Business Travel,Business,2210,1,3,3,3,1,1,1,1,2,5,4,1,1,2.08,39,25,FALSE
Female,Loyal Customer,42,Business Travel,Eco,580,1,3,3,3,2,3,3,1,1,1,1,3,2,2.08,16,6,FALSE
Female,Disloyal Customer,25,Business Travel,Eco,2277,3,3,3,3,2,3,2,2,3,4,4,3,2,2.85,0,0,FALSE
Female,Loyal Customer,55,Business Travel,Business,1825,3,3,3,3,4,5,5,4,4,4,4,4,5,3.92,14,1,TRUE
Male,Disloyal Customer,22,Business Travel,Eco,1117,2,2,2,4,5,2,5,5,5,3,4,4,5,3.69,0,0,TRUE
Female,Loyal Customer,53,Business Travel,Business,417,5,5,5,5,3,5,4,5,5,4,5,3,4,4.46,0,0,TRUE
Female,Loyal Customer,53,Business Travel,Business,2143,1,4,4,4,2,3,3,1,1,2,1,4,1,2.38,51,44,FALSE
Male,Loyal Customer,49,Business Travel,Business,1726,3,3,3,3,3,5,4,3,3,3,3,4,4,3.38,17,0,TRUE
Female,Loyal Customer,12,Personal Travel,Eco,283,3,5,3,2,2,3,2,2,5,3,5,3,2,3.08,0,0,FALSE
Male,Loyal Customer,41,Personal Travel,Eco,347,1,5,1,1,1,1,1,1,3,4,5,4,1,2.23,25,21,FALSE
Male,Loyal Customer,12,Personal Travel,Eco,283,3,4,4,2,1,4,1,1,3,5,4,4,1,2.85,23,42,FALSE
Female,Loyal Customer,22,Personal Travel,Eco,563,3,5,3,1,5,3,3,5,3,4,4,4,5,3.69,0,0,FALSE
Female,Disloyal Customer,29,Business Travel,Business,189,2,2,2,2,2,2,2,2,5,4,4,4,2,2.69,34,25,FALSE
Female,Loyal Customer,11,Personal Travel,Eco,1670,2,0,2,3,1,2,1,1,3,1,4,4,1,1.92,0,0,FALSE
Male,Loyal Customer,36,Business Travel,Business,720,3,3,3,3,5,2,3,4,4,4,4,1,1,3.08,0,0,TRUE
Male,Loyal Customer,69,Personal Travel,Eco,994,2,2,2,3,2,2,2,2,4,4,4,3,2,2.62,0,0,FALSE
Male,Loyal Customer,55,Business Travel,Business,1541,4,4,4,4,4,5,5,3,3,3,3,5,3,3.85,0,4,TRUE
Male,Loyal Customer,70,Personal Travel,Eco,2845,2,4,2,1,2,2,2,2,3,2,5,4,2,2.54,0,0,FALSE
Female,Loyal Customer,33,Personal Travel,Eco,597,3,4,3,2,4,3,3,4,1,2,4,2,4,3,0,0,FALSE
Female,Loyal Customer,24,Business Travel,Business,954,2,2,5,2,5,5,5,5,4,2,5,2,5,3.77,0,0,TRUE
Male,Loyal Customer,41,Personal Travel,Eco,308,4,5,4,3,3,4,3,3,3,3,5,5,3,3.69,0,0,FALSE
Female,Loyal Customer,49,Business Travel,Business,3893,3,3,3,3,2,5,5,3,3,4,3,3,4,3.38,3,0,TRUE
Female,Loyal Customer,27,Personal Travel,Eco,325,3,4,3,1,1,3,1,1,3,4,2,5,1,2.46,70,92,FALSE
Female,Loyal Customer,66,Business Travel,Eco,417,5,1,1,1,4,1,2,5,5,5,5,4,5,3.38,0,0,TRUE
Female,Loyal Customer,16,Personal Travel,Eco,679,5,5,5,4,2,5,2,2,3,5,4,3,2,3.62,0,0,TRUE
Male,Loyal Customer,46,Business Travel,Business,3765,3,2,3,3,5,4,5,3,3,4,3,3,3,3.38,97,107,TRUE
Male,Loyal Customer,50,Personal Travel,Eco Plus,1074,5,5,5,2,2,5,2,2,5,2,5,5,2,3.62,3,0,TRUE
Female,Loyal Customer,46,Business Travel,Business,1464,2,2,2,2,4,4,5,3,3,3,3,4,5,3.23,0,0,TRUE
Female,Loyal Customer,74,Business Travel,Business,222,1,1,3,1,1,5,4,5,5,5,4,3,3,3.15,0,0,TRUE
Female,Loyal Customer,40,Business Travel,Eco,680,5,5,5,5,5,5,5,5,2,1,4,4,5,4.31,19,12,TRUE
Female,Loyal Customer,20,Personal Travel,Eco,929,3,4,3,4,4,3,2,4,5,4,5,4,4,3.77,0,7,FALSE
Female,Loyal Customer,55,Business Travel,Eco Plus,383,1,1,1,1,5,4,3,1,1,1,1,4,3,2.08,0,0,FALSE
Male,Loyal Customer,58,Business Travel,Business,3050,4,4,4,4,4,5,5,2,2,2,2,4,3,3.46,64,62,TRUE
Female,Loyal Customer,18,Personal Travel,Eco,760,2,5,2,1,5,2,5,5,5,3,5,3,5,3.69,27,11,FALSE
Male,Loyal Customer,59,Business Travel,Business,109,0,5,0,2,3,4,5,2,2,2,2,5,4,2.77,0,0,TRUE
Female,Loyal Customer,51,Personal Travel,Eco,86,2,1,2,4,2,4,3,2,2,2,2,4,2,2.46,0,0,FALSE
Male,Loyal Customer,7,Personal Travel,Eco,315,4,5,4,3,5,4,5,5,3,1,4,3,5,3.92,0,15,FALSE
Female,Disloyal Customer,25,Business Travel,Eco,1080,3,3,3,4,3,3,3,3,3,2,4,1,3,2.92,12,17,FALSE
Male,Loyal Customer,33,Business Travel,Business,1846,3,3,3,3,5,5,5,5,4,2,3,3,5,3.77,0,0,TRUE
Female,Loyal Customer,64,Personal Travel,Eco,201,1,3,0,3,1,4,4,2,2,0,2,4,3,2.23,2,13,FALSE
Female,Loyal Customer,56,Business Travel,Eco,481,3,2,2,2,1,3,4,3,3,3,3,1,4,2.62,9,6,FALSE
Female,Loyal Customer,49,Business Travel,Business,3636,1,1,1,1,5,4,5,5,5,4,5,5,5,3.62,0,0,TRUE
Female,Loyal Customer,20,Personal Travel,Eco,442,5,4,5,1,5,5,3,5,5,5,5,3,5,4.31,0,0,TRUE
Female,Disloyal Customer,23,Business Travel,Eco,1291,3,3,3,3,4,3,4,4,1,5,4,4,4,3.46,0,0,FALSE
Female,Loyal Customer,32,Personal Travel,Eco,679,3,5,3,1,1,3,1,1,3,3,4,5,1,2.62,0,0,FALSE
Male,Disloyal Customer,23,Business Travel,Business,247,5,0,5,3,4,5,2,4,5,4,4,3,4,3.69,0,0,TRUE
Male,Loyal Customer,44,Business Travel,Eco,780,3,2,2,2,3,3,3,3,4,4,2,2,3,2.77,0,0,FALSE
Male,Loyal Customer,48,Business Travel,Business,337,2,2,2,2,5,4,5,4,4,4,4,4,4,3.54,0,0,TRUE
Male,Loyal Customer,47,Business Travel,Business,3785,2,2,4,2,2,5,5,4,4,4,4,3,3,3.38,6,3,TRUE
Male,Loyal Customer,63,Personal Travel,Eco,577,2,1,2,2,4,2,4,4,2,5,2,4,4,2.92,19,2,FALSE
Male,Disloyal Customer,28,Business Travel,Eco,762,3,2,2,3,1,2,1,1,2,4,2,1,1,1.92,0,0,FALSE
Male,Disloyal Customer,38,Business Travel,Business,430,2,3,3,2,1,3,1,1,5,4,5,3,1,2.62,0,0,FALSE
Male,Loyal Customer,46,Personal Travel,Eco,612,1,4,1,4,3,1,3,3,3,3,3,2,3,2.62,89,84,FALSE
Female,Loyal Customer,44,Business Travel,Business,2178,5,5,5,5,4,5,5,5,5,5,5,5,4,4.85,0,0,TRUE
Male,Loyal Customer,66,Personal Travel,Eco Plus,522,1,5,1,3,3,1,3,3,4,2,5,3,3,2.85,0,0,FALSE
Male,Disloyal Customer,21,Business Travel,Eco,578,3,0,2,5,1,2,1,1,4,4,4,5,1,2.54,0,11,FALSE
Female,Loyal Customer,45,Personal Travel,Eco Plus,399,3,4,3,1,5,4,5,5,5,3,2,5,3,3.69,30,42,FALSE
Female,Loyal Customer,59,Business Travel,Business,1877,3,3,3,3,3,5,1,5,5,5,3,5,1,3.46,0,0,TRUE
Female,Loyal Customer,21,Personal Travel,Eco,602,3,4,3,3,4,3,4,4,5,5,4,4,4,3.85,14,7,FALSE
Male,Loyal Customer,46,Business Travel,Business,1673,4,4,4,4,4,5,4,5,5,5,5,2,5,4.31,40,89,TRUE
Female,Loyal Customer,51,Business Travel,Business,2159,4,4,4,4,5,1,5,5,5,5,5,4,3,4.15,0,0,TRUE
Female,Loyal Customer,41,Personal Travel,Business,1814,3,5,3,4,5,5,4,4,4,3,4,5,3,4,0,0,FALSE
Male,Loyal Customer,55,Business Travel,Eco Plus,408,5,4,4,4,5,5,5,5,2,4,5,4,5,4.38,0,0,TRUE
Female,Loyal Customer,57,Personal Travel,Eco,599,2,1,2,4,2,4,3,5,5,2,3,2,1,2.77,38,23,FALSE
Male,Loyal Customer,52,Business Travel,Business,3247,1,1,1,1,5,4,4,5,5,5,4,3,5,3.38,0,0,TRUE
Male,Disloyal Customer,55,Business Travel,Eco,193,3,4,3,1,4,3,1,4,1,2,5,4,4,3,27,24,FALSE
Female,Disloyal Customer,24,Business Travel,Eco,262,3,0,3,4,1,3,1,1,4,2,3,5,1,2.38,2,0,FALSE
Male,Loyal Customer,62,Personal Travel,Eco,936,2,5,2,4,4,2,4,4,5,4,5,4,4,3.77,3,0,FALSE
Male,Loyal Customer,27,Business Travel,Eco,763,1,0,0,4,3,0,3,3,2,1,3,4,3,2.08,21,24,FALSE
Female,Loyal Customer,29,Personal Travel,Eco Plus,1046,5,3,5,3,2,5,2,2,4,5,3,2,2,3.31,0,0,TRUE
Female,Loyal Customer,22,Business Travel,Business,420,5,2,2,2,5,4,5,5,2,3,3,1,5,3.38,96,108,FALSE
Female,Loyal Customer,52,Business Travel,Eco,479,2,4,4,4,1,2,4,1,1,2,1,1,4,2.38,33,14,TRUE
Male,Disloyal Customer,37,Business Travel,Eco,109,4,0,4,2,5,4,5,5,4,1,4,2,5,3.46,0,1,TRUE
Male,Loyal Customer,22,Personal Travel,Eco,399,2,5,2,4,3,2,3,3,4,4,5,4,3,3.38,2,0,FALSE
Male,Loyal Customer,40,Personal Travel,Eco,431,2,1,2,4,1,2,1,1,1,4,4,2,1,2,9,29,FALSE
Female,Loyal Customer,52,Business Travel,Eco,140,2,2,2,2,5,3,3,2,2,2,2,1,4,2.46,25,22,FALSE
Male,Loyal Customer,35,Business Travel,Business,1843,1,3,3,3,4,3,4,1,1,1,1,2,2,2.23,26,27,FALSE
Female,Loyal Customer,49,Business Travel,Eco,1129,5,3,3,3,3,2,4,5,5,5,5,5,2,3.85,0,0,TRUE
Male,Loyal Customer,60,Business Travel,Business,2578,3,3,3,3,3,4,4,4,4,4,4,5,5,3.77,0,16,TRUE
Female,Loyal Customer,36,Business Travel,Eco,447,3,2,2,2,3,4,3,3,3,4,4,5,3,3.15,0,0,TRUE
Male,Loyal Customer,51,Business Travel,Business,1679,0,0,0,4,2,5,5,2,2,2,2,4,3,2.38,0,0,TRUE
Male,Loyal Customer,27,Business Travel,Eco Plus,985,1,0,0,4,5,0,5,5,1,5,3,4,5,2.92,0,0,FALSE
Male,Loyal Customer,8,Business Travel,Eco Plus,505,0,4,0,3,4,4,4,4,3,2,2,2,4,2.77,0,0,TRUE
Male,Disloyal Customer,25,Business Travel,Eco,1387,1,0,0,3,2,1,2,2,3,4,4,4,2,2.15,0,0,FALSE
Male,Loyal Customer,56,Personal Travel,Eco,521,1,3,1,4,1,1,1,1,3,2,3,3,1,1.92,0,0,FALSE
Male,Loyal Customer,9,Personal Travel,Eco,421,2,3,2,1,2,2,2,2,4,1,4,1,2,2.15,0,0,FALSE
Male,Loyal Customer,25,Business Travel,Eco Plus,643,0,3,0,3,2,0,2,2,2,2,1,4,2,1.77,0,0,TRUE
Female,Loyal Customer,40,Business Travel,Business,2391,3,3,3,3,4,4,4,5,3,3,2,4,4,3.46,4,5,TRUE
Female,Loyal Customer,12,Personal Travel,Eco Plus,236,2,1,2,2,3,2,3,3,2,3,2,2,3,2.31,0,0,FALSE
Female,Loyal Customer,43,Personal Travel,Eco,545,3,5,5,1,5,4,4,2,2,2,1,4,4,3.23,182,177,FALSE
Female,Loyal Customer,64,Personal Travel,Eco,1416,4,5,4,3,4,5,4,3,3,4,3,3,3,3.69,8,0,FALSE
Male,Disloyal Customer,37,Business Travel,Business,312,5,4,4,4,4,4,4,4,4,4,5,4,4,4.15,0,0,TRUE
Female,Disloyal Customer,41,Business Travel,Business,361,1,1,1,1,5,1,5,5,3,5,5,5,5,3.31,14,0,FALSE
Female,Disloyal Customer,25,Business Travel,Business,390,2,0,2,5,5,2,5,5,5,3,5,5,5,3.77,0,0,FALSE
Male,Loyal Customer,19,Personal Travel,Eco,957,1,5,2,2,4,2,1,4,4,2,4,4,4,3,13,10,FALSE
Male,Loyal Customer,43,Business Travel,Eco,585,4,2,1,2,4,4,4,4,2,3,3,1,4,2.92,0,0,TRUE
Male,Loyal Customer,31,Business Travel,Business,3800,1,1,1,1,5,5,5,5,5,4,4,3,5,3.46,1,0,TRUE
Male,Disloyal Customer,29,Business Travel,Business,1153,0,1,1,2,4,1,4,4,3,2,4,5,4,2.69,36,27,TRUE
Male,Loyal Customer,35,Business Travel,Business,364,3,4,4,4,5,4,3,3,3,3,3,1,2,3.23,0,0,FALSE
Male,Loyal Customer,67,Personal Travel,Eco,199,5,4,5,3,3,5,3,3,1,3,3,2,3,3.31,0,0,TRUE
Female,Loyal Customer,53,Personal Travel,Eco,216,4,0,0,5,2,5,4,2,2,0,5,5,5,3,4,0,FALSE
Male,Loyal Customer,9,Personal Travel,Eco,2422,2,4,2,3,2,4,4,5,2,3,4,4,4,3.31,193,189,FALSE
Female,Loyal Customer,42,Personal Travel,Eco,338,4,5,4,3,5,5,2,5,5,4,5,2,1,3.85,0,0,FALSE
Female,Loyal Customer,43,Business Travel,Business,227,4,4,1,4,4,4,4,3,2,3,2,4,4,3.31,116,137,TRUE
Female,Loyal Customer,29,Personal Travel,Eco,196,4,4,4,2,1,4,1,1,3,4,5,4,1,2.92,0,0,FALSE
Female,Disloyal Customer,22,Business Travel,Eco,765,3,3,3,4,2,3,2,2,4,2,5,4,2,3,0,0,FALSE
Male,Disloyal Customer,25,Business Travel,Eco,184,3,1,3,2,4,3,1,4,1,1,2,4,4,2.54,0,0,FALSE
Male,Loyal Customer,43,Business Travel,Business,719,4,4,4,4,3,4,5,4,4,4,4,3,4,3.92,0,0,TRUE
Male,Loyal Customer,65,Personal Travel,Eco,247,2,4,2,5,4,2,4,4,3,3,4,4,4,3.46,0,0,FALSE
Female,Loyal Customer,64,Personal Travel,Eco,838,2,5,2,3,3,4,5,5,5,2,5,5,5,3.92,0,0,FALSE
Female,Loyal Customer,30,Business Travel,Business,3298,5,5,5,5,4,4,4,4,4,4,4,3,4,4.23,0,1,TRUE
Male,Loyal Customer,18,Personal Travel,Eco,327,2,0,2,2,4,2,4,4,3,5,4,3,4,3,0,2,FALSE
Female,Disloyal Customer,44,Business Travel,Business,200,5,5,5,2,1,5,1,1,4,5,5,5,1,3.46,0,0,TRUE
Female,Loyal Customer,47,Business Travel,Business,1995,5,5,5,5,5,3,4,5,5,5,5,3,4,4.54,39,26,TRUE
Male,Loyal Customer,7,Personal Travel,Eco,616,2,5,2,3,3,2,1,3,3,5,2,4,3,2.92,32,36,FALSE
Male,Loyal Customer,48,Personal Travel,Eco,602,3,4,3,4,3,3,3,3,3,1,4,4,3,3.15,42,37,FALSE
Female,Loyal Customer,21,Personal Travel,Eco,235,3,5,3,1,5,3,3,5,5,4,5,4,5,3.92,0,0,FALSE
Female,Disloyal Customer,26,Business Travel,Eco,599,3,4,3,3,5,3,2,5,5,2,2,1,5,3.31,0,0,FALSE
Male,Loyal Customer,43,Business Travel,Business,1963,3,3,3,3,5,4,5,5,5,5,5,4,4,4.15,0,0,TRUE
Female,Disloyal Customer,27,Business Travel,Business,589,4,4,4,5,3,4,1,3,5,5,4,4,3,3.77,0,0,FALSE
Female,Disloyal Customer,28,Business Travel,Eco,997,3,3,3,3,2,3,5,2,3,3,3,4,2,3,0,1,FALSE
Male,Loyal Customer,45,Personal Travel,Eco,399,1,2,1,3,1,1,1,1,4,3,4,1,1,1.85,0,0,FALSE
Female,Loyal Customer,47,Personal Travel,Eco,195,2,4,2,1,4,1,5,2,2,2,2,4,1,2.46,47,37,FALSE
Female,Loyal Customer,34,Business Travel,Business,1898,4,4,4,4,2,4,5,4,4,4,4,4,4,3.92,2,1,TRUE
Male,Loyal Customer,64,Business Travel,Eco Plus,1144,3,1,1,1,4,3,4,4,4,2,3,1,4,2.69,0,0,FALSE
Male,Loyal Customer,34,Business Travel,Eco Plus,78,4,2,2,2,4,4,4,4,4,5,4,4,4,3.62,16,19,FALSE
Male,Loyal Customer,45,Business Travel,Business,2552,3,3,3,3,4,4,4,5,5,5,5,3,3,3.85,4,14,TRUE
Female,Loyal Customer,39,Business Travel,Eco,309,5,2,1,2,5,5,5,5,5,3,2,2,5,3.62,7,5,TRUE
Male,Loyal Customer,36,Personal Travel,Eco,862,2,5,2,5,2,1,1,4,3,4,4,1,1,2.69,240,242,FALSE
Female,Loyal Customer,36,Business Travel,Business,3499,2,2,2,2,4,3,3,2,2,3,2,4,3,2.62,0,0,FALSE
Female,Loyal Customer,49,Business Travel,Business,1096,3,3,3,3,2,4,4,4,4,4,4,5,4,3.62,40,43,TRUE
Female,Loyal Customer,61,Business Travel,Eco,370,4,5,1,5,4,2,1,4,4,4,4,5,3,3.54,0,0,TRUE
Female,Disloyal Customer,23,Business Travel,Eco,2399,4,4,4,2,2,4,2,2,2,1,4,1,2,2.62,0,3,FALSE
Female,Loyal Customer,30,Personal Travel,Eco,936,1,5,1,4,4,1,1,4,4,4,5,2,4,3.08,0,0,FALSE
Male,Loyal Customer,39,Personal Travel,Eco,580,2,5,2,3,2,2,2,2,5,4,4,5,2,3.08,46,42,FALSE
Male,Loyal Customer,52,Business Travel,Business,594,1,1,1,1,5,3,4,1,1,1,1,1,2,1.77,0,0,FALSE
Female,Loyal Customer,42,Business Travel,Business,3674,1,1,1,1,3,4,1,5,5,5,4,1,4,2.77,7,3,TRUE
Male,Loyal Customer,44,Personal Travel,Eco,289,3,4,3,4,2,3,2,2,5,5,4,4,2,3.31,26,14,FALSE
Female,Disloyal Customer,34,Business Travel,Eco,1546,1,1,1,3,3,1,5,3,4,5,4,4,3,2.92,0,6,FALSE
Female,Loyal Customer,39,Business Travel,Business,127,2,3,3,3,3,4,3,1,1,1,2,3,2,2.38,19,7,FALSE
Male,Loyal Customer,18,Personal Travel,Eco,912,2,1,2,4,4,2,4,4,1,3,4,4,4,3,0,27,FALSE
Male,Loyal Customer,61,Business Travel,Business,375,3,3,3,3,1,2,5,4,4,4,4,2,1,3,1,0,TRUE
Male,Loyal Customer,35,Business Travel,Eco Plus,585,5,1,1,1,5,5,5,5,4,3,3,1,5,3.38,95,112,TRUE
Female,Loyal Customer,36,Business Travel,Business,521,3,3,3,3,5,5,5,3,3,5,3,1,1,3.31,0,0,TRUE
Female,Loyal Customer,30,Business Travel,Business,547,3,4,4,4,3,3,3,3,1,2,2,1,3,2.77,0,0,FALSE
Female,Loyal Customer,46,Personal Travel,Eco,748,3,4,2,2,5,5,4,1,1,2,1,4,4,2.92,0,0,FALSE
Female,Loyal Customer,45,Business Travel,Business,369,5,5,5,5,1,4,3,5,5,5,5,1,4,4.08,0,0,TRUE
Female,Loyal Customer,20,Personal Travel,Business,867,2,3,2,3,2,2,4,2,4,3,3,2,2,2.62,0,0,FALSE
Male,Loyal Customer,51,Business Travel,Business,1426,4,4,4,4,4,4,4,4,4,5,4,3,5,4.08,0,0,TRUE
Female,Disloyal Customer,26,Business Travel,Eco Plus,674,3,5,4,2,4,4,4,4,3,3,1,3,4,3.38,0,0,FALSE
Female,Loyal Customer,33,Personal Travel,Eco,190,2,4,0,4,5,0,5,5,4,4,4,1,5,3.31,0,0,FALSE
Female,Loyal Customer,65,Personal Travel,Eco,581,3,5,3,3,3,5,5,4,4,3,4,3,4,3.77,0,0,FALSE
Male,Loyal Customer,60,Business Travel,Business,425,3,3,3,3,2,5,5,5,5,5,5,3,4,3.92,49,39,TRUE
Female,Loyal Customer,51,Business Travel,Business,3022,5,5,5,5,5,4,4,5,5,5,5,5,4,4.77,0,0,TRUE
Female,Loyal Customer,15,Business Travel,Business,2656,3,3,3,3,5,5,5,5,4,1,3,1,5,3.54,0,0,TRUE
Female,Loyal Customer,40,Business Travel,Business,2480,3,3,3,3,2,5,4,5,5,5,5,5,5,4.08,2,2,TRUE
Female,Loyal Customer,16,Personal Travel,Eco,331,2,5,5,5,1,5,1,1,5,1,4,5,1,3.15,65,99,FALSE
Female,Disloyal Customer,52,Business Travel,Eco,612,3,5,3,5,1,3,1,1,1,4,5,3,1,2.77,46,34,FALSE
Female,Loyal Customer,31,Business Travel,Eco Plus,851,0,0,0,1,0,3,3,4,5,1,1,3,3,1.85,134,136,TRUE
Female,Loyal Customer,40,Business Travel,Eco,1036,2,3,3,3,2,2,2,2,1,1,2,1,2,2,26,32,FALSE
Female,Loyal Customer,34,Business Travel,Business,1569,2,2,2,2,3,1,3,3,3,4,3,3,3,2.62,0,0,TRUE
Female,Loyal Customer,54,Personal Travel,Eco,925,3,4,4,4,3,3,4,4,4,4,4,3,2,3.54,0,1,FALSE
Female,Loyal Customer,69,Personal Travel,Eco,624,3,1,3,4,4,3,3,4,4,3,4,1,3,3.08,36,33,FALSE
Male,Loyal Customer,48,Personal Travel,Eco,102,4,4,4,3,1,4,1,1,4,3,5,5,1,3.08,1,4,TRUE
Female,Loyal Customer,52,Personal Travel,Eco,2239,0,5,1,3,5,5,4,3,3,1,3,5,3,3.15,0,0,TRUE
Female,Loyal Customer,26,Personal Travel,Eco,414,1,4,1,4,1,1,2,1,3,2,3,4,1,2.15,0,1,FALSE
Female,Loyal Customer,35,Business Travel,Eco,191,4,1,1,1,4,4,4,4,2,4,1,5,4,3,0,0,TRUE
Male,Loyal Customer,48,Personal Travel,Eco,997,4,4,3,3,3,3,3,3,4,4,4,5,3,3.54,0,6,FALSE
Male,Loyal Customer,30,Personal Travel,Eco,199,1,5,0,3,5,0,5,5,3,3,5,4,5,3.38,0,0,FALSE
Male,Loyal Customer,41,Business Travel,Eco,308,1,5,5,5,1,1,1,1,2,3,4,2,1,2.46,0,0,FALSE
Male,Loyal Customer,28,Personal Travel,Eco,1121,1,3,1,3,5,1,5,5,3,1,4,3,5,3.08,8,0,FALSE
Male,Loyal Customer,27,Personal Travel,Eco Plus,1635,0,4,0,2,5,0,5,5,1,2,3,3,5,2.69,14,8,TRUE
Male,Loyal Customer,34,Business Travel,Business,2501,3,1,1,1,4,4,3,4,4,4,3,1,1,2.62,0,0,FALSE
Male,Disloyal Customer,46,Business Travel,Business,954,5,5,5,1,1,5,5,1,3,4,4,5,1,3.46,0,0,TRUE
Male,Loyal Customer,28,Business Travel,Business,649,3,3,3,3,2,2,2,2,1,2,5,4,2,2.62,0,0,TRUE
Female,Loyal Customer,63,Personal Travel,Eco Plus,758,4,5,4,3,4,4,4,4,3,4,5,4,4,4,146,124,FALSE
Female,Disloyal Customer,27,Business Travel,Business,829,1,1,1,4,1,1,1,1,4,3,4,5,1,2.15,0,0,FALSE
Male,Loyal Customer,57,Personal Travel,Eco,406,2,1,2,4,3,2,3,3,2,5,3,4,3,2.85,0,12,FALSE
Male,Loyal Customer,35,Business Travel,Business,2783,2,5,5,5,4,3,4,2,2,2,2,4,3,3.31,0,1,FALSE
Male,Loyal Customer,31,Business Travel,Business,1444,4,4,4,4,5,5,5,5,2,4,5,5,5,4.38,194,231,TRUE
Female,Loyal Customer,59,Business Travel,Business,2658,4,4,4,4,2,5,5,4,4,4,4,4,4,4,89,71,TRUE
Male,Loyal Customer,32,Business Travel,Business,302,1,1,1,1,4,4,4,4,5,4,4,5,4,3.23,21,6,TRUE
Male,Loyal Customer,16,Personal Travel,Eco,222,3,1,3,3,1,3,5,1,1,4,3,3,1,2.46,0,0,FALSE
Female,Loyal Customer,53,Business Travel,Business,2553,1,1,1,1,5,5,4,4,4,4,4,3,5,3.23,9,8,TRUE
Male,Loyal Customer,52,Business Travel,Eco,334,3,4,4,4,3,3,3,3,4,1,3,2,3,3.08,98,91,FALSE
Female,Loyal Customer,58,Personal Travel,Eco,542,1,4,1,5,3,5,3,1,1,1,3,1,1,2.31,5,0,FALSE
Female,Loyal Customer,65,Personal Travel,Eco,453,3,2,3,3,3,4,4,4,3,3,3,4,4,3.31,514,624,FALSE
Male,Loyal Customer,68,Personal Travel,Eco,358,1,5,1,5,3,1,3,3,5,2,4,5,3,3.15,11,8,FALSE
Male,Loyal Customer,42,Personal Travel,Business,646,1,3,1,3,2,3,4,1,1,1,1,4,4,2.23,0,15,FALSE
Female,Loyal Customer,28,Business Travel,Eco,845,2,5,5,5,2,2,2,2,4,5,3,3,2,3.23,0,0,FALSE
Female,Loyal Customer,42,Personal Travel,Eco Plus,216,4,2,4,3,1,2,3,2,2,4,4,3,4,2.92,0,0,TRUE
Female,Loyal Customer,45,Business Travel,Eco,758,5,3,3,3,4,5,3,5,5,5,5,5,3,4.15,1,0,TRUE
Male,Loyal Customer,51,Business Travel,Business,308,2,2,2,2,5,4,5,4,4,4,4,4,3,3.46,19,15,TRUE
Male,Loyal Customer,25,Business Travel,Business,862,5,5,5,5,4,4,4,4,4,4,4,4,4,4.31,0,0,TRUE
Female,Loyal Customer,57,Business Travel,Business,3516,1,1,2,1,2,5,5,4,4,4,4,3,5,3.15,0,0,TRUE
Female,Loyal Customer,49,Business Travel,Business,3386,4,1,1,1,2,4,3,4,4,4,4,4,3,3,7,3,FALSE
Female,Loyal Customer,44,Business Travel,Business,2106,2,2,2,2,5,3,4,4,4,4,4,3,5,3.38,0,0,TRUE
Female,Loyal Customer,31,Business Travel,Business,2353,1,1,1,1,4,4,4,4,5,1,3,2,4,2.69,0,0,TRUE
Male,Disloyal Customer,30,Business Travel,Eco,588,4,2,4,3,4,4,3,4,1,3,3,2,4,3.15,0,0,FALSE
Male,Loyal Customer,16,Business Travel,Business,1912,2,4,4,4,2,2,2,2,2,2,3,3,2,2.62,3,0,FALSE
Female,Loyal Customer,30,Personal Travel,Eco,347,2,5,2,3,2,2,2,2,3,2,5,3,2,2.69,65,49,FALSE
Female,Loyal Customer,58,Business Travel,Business,2089,4,4,4,4,3,5,5,4,4,4,4,5,5,4.23,0,0,TRUE
Male,Loyal Customer,44,Business Travel,Business,373,5,5,5,5,3,4,4,4,4,4,4,5,4,4.31,0,0,TRUE
Female,Loyal Customer,7,Personal Travel,Eco,804,3,4,3,4,4,3,4,4,2,4,4,2,4,3.46,15,15,FALSE
Female,Loyal Customer,57,Business Travel,Business,3409,1,1,1,1,5,5,5,2,2,2,2,4,5,2.77,0,0,TRUE
Male,Loyal Customer,68,Personal Travel,Eco,861,0,4,0,3,5,0,5,5,4,2,4,3,5,3.08,0,0,TRUE
Male,Loyal Customer,29,Personal Travel,Eco,479,2,4,2,1,1,2,1,1,1,2,5,5,1,2.15,67,39,FALSE
Male,Loyal Customer,29,Business Travel,Eco,1034,2,3,3,3,2,2,2,2,4,4,2,3,2,2.62,10,20,FALSE
Female,Loyal Customer,49,Personal Travel,Eco,628,3,4,3,2,4,5,4,5,5,3,5,4,5,4,0,0,FALSE
Male,Disloyal Customer,27,Business Travel,Business,1133,4,4,4,3,4,4,5,4,4,3,3,2,4,3.69,0,8,FALSE
Male,Loyal Customer,45,Business Travel,Business,391,4,4,4,4,3,5,4,4,4,4,4,5,3,4,0,0,TRUE
Female,Loyal Customer,54,Business Travel,Business,802,5,5,5,5,3,4,4,5,5,4,5,5,4,4.54,71,70,TRUE
Female,Loyal Customer,12,Personal Travel,Eco,1076,2,2,2,4,5,2,5,5,3,5,3,3,5,3.54,1,0,FALSE
Male,Loyal Customer,35,Business Travel,Business,357,3,3,3,3,2,4,4,4,4,4,4,5,4,3.62,0,0,TRUE
Female,Loyal Customer,28,Business Travel,Business,1563,5,5,5,5,4,4,4,4,1,2,5,3,4,3.92,0,0,TRUE
Male,Loyal Customer,70,Personal Travel,Eco,1142,1,5,1,4,2,1,4,2,3,5,5,3,2,2.92,14,34,FALSE
Female,Loyal Customer,32,Business Travel,Business,236,2,5,5,5,2,2,2,2,1,1,3,3,2,2.69,0,0,FALSE
Male,Loyal Customer,38,Business Travel,Eco,373,2,5,5,5,2,2,2,2,5,4,1,3,2,3.08,0,0,TRUE
Female,Loyal Customer,42,Business Travel,Eco,602,1,2,2,2,3,3,4,1,1,1,1,3,3,2.08,28,6,FALSE
Male,Loyal Customer,57,Personal Travel,Eco,552,3,5,3,3,4,3,4,4,4,5,4,3,4,3.77,0,0,FALSE
Female,Disloyal Customer,40,Business Travel,Business,581,3,3,3,3,2,3,2,2,1,5,4,2,2,2.69,0,0,FALSE
Female,Loyal Customer,43,Personal Travel,Eco,907,1,4,1,1,2,5,4,2,2,1,2,3,3,2.38,52,47,FALSE
Female,Loyal Customer,58,Business Travel,Business,2930,4,4,4,4,4,2,1,4,4,4,4,5,4,3.69,0,0,TRUE
Female,Loyal Customer,45,Personal Travel,Eco,697,3,4,3,3,5,3,4,5,5,3,5,4,2,3.77,1,7,FALSE
Male,Loyal Customer,40,Business Travel,Business,450,3,5,4,4,4,4,3,3,3,4,3,3,1,3.38,38,29,FALSE
Male,Loyal Customer,38,Business Travel,Business,2533,1,2,2,2,1,1,4,1,1,1,1,2,2,1.62,4,0,FALSE
Female,Loyal Customer,54,Business Travel,Business,2565,2,2,2,2,5,5,5,5,2,5,5,5,5,3.85,23,26,TRUE
Male,Loyal Customer,34,Business Travel,Business,2482,4,4,4,4,1,1,4,5,5,5,3,1,1,3.23,0,0,TRUE
Male,Loyal Customer,15,Business Travel,Eco Plus,589,5,3,4,3,5,5,4,5,2,2,4,3,5,3.85,0,2,TRUE
Male,Disloyal Customer,37,Business Travel,Business,337,4,4,4,1,5,4,5,5,5,2,4,3,5,3.92,0,0,TRUE
Female,Loyal Customer,55,Business Travel,Business,2237,5,5,4,5,2,4,5,4,4,4,4,4,4,4.15,39,26,TRUE
Female,Loyal Customer,41,Business Travel,Eco,472,4,4,4,4,4,4,4,4,4,5,1,5,4,3.92,11,8,TRUE
Female,Loyal Customer,39,Personal Travel,Eco,599,4,5,4,2,5,4,5,5,5,5,2,5,5,4.31,6,0,FALSE
Female,Loyal Customer,48,Business Travel,Business,201,4,4,4,4,2,4,5,4,4,5,5,3,3,3.92,0,9,TRUE
Female,Loyal Customer,54,Business Travel,Business,691,3,3,3,3,3,5,4,2,2,2,2,5,3,3.08,0,36,TRUE
Female,Loyal Customer,46,Personal Travel,Eco,1096,3,3,3,3,3,4,3,2,2,3,2,1,3,2.69,0,0,FALSE
Female,Loyal Customer,25,Business Travel,Business,2973,4,4,4,4,3,3,3,3,5,2,5,4,3,3.62,0,0,TRUE
Female,Loyal Customer,48,Business Travel,Eco,1028,5,3,3,3,3,3,1,5,5,5,5,3,1,3.46,0,7,TRUE
Female,Loyal Customer,60,Business Travel,Eco,296,3,3,2,2,3,3,4,3,3,3,3,4,4,3.08,0,15,FALSE
Female,Loyal Customer,43,Business Travel,Eco Plus,541,1,2,2,2,5,4,3,1,1,1,1,4,2,2.23,0,0,FALSE
Male,Disloyal Customer,25,Business Travel,Business,594,2,5,2,3,2,2,2,2,5,2,5,3,2,2.85,2,0,FALSE
Female,Loyal Customer,23,Personal Travel,Eco,140,3,5,3,4,4,3,4,4,3,1,2,1,4,3.15,0,0,FALSE
Male,Loyal Customer,31,Business Travel,Eco,369,4,3,3,3,4,4,4,4,1,4,4,1,4,3.31,26,13,FALSE
Female,Loyal Customer,55,Personal Travel,Business,1009,4,2,4,4,1,3,4,4,4,4,4,2,3,3.31,0,0,FALSE
Female,Loyal Customer,41,Business Travel,Business,3852,4,4,4,4,3,5,4,4,4,4,4,3,3,3.85,0,0,TRUE
Female,Disloyal Customer,14,Business Travel,Eco,1521,3,3,3,4,2,3,2,2,1,2,4,3,2,2.62,35,40,FALSE
Female,Loyal Customer,24,Business Travel,Business,1506,3,3,1,3,4,4,4,4,5,3,4,4,4,3.54,87,78,TRUE
Male,Loyal Customer,59,Personal Travel,Eco,850,2,5,2,3,3,2,3,3,4,2,4,5,3,3.15,13,5,FALSE
Male,Loyal Customer,64,Personal Travel,Eco,925,3,3,3,2,2,3,2,2,2,5,3,4,2,2.77,0,10,FALSE
Male,Loyal Customer,64,Business Travel,Eco Plus,259,1,1,1,1,1,1,1,1,2,5,3,3,1,1.69,12,10,FALSE
Male,Loyal Customer,9,Personal Travel,Business,1587,4,5,4,2,5,4,5,5,3,3,4,4,5,4.08,44,41,FALSE
Female,Loyal Customer,26,Personal Travel,Business,1310,2,4,2,4,2,2,2,2,3,3,5,5,2,2.92,0,0,FALSE
Male,Loyal Customer,61,Business Travel,Business,925,3,3,3,3,3,3,3,3,5,4,4,3,3,3.31,0,2,FALSE
Male,Loyal Customer,51,Business Travel,Eco,479,4,2,2,2,4,4,4,4,3,2,4,5,4,3.38,0,0,TRUE
Female,Loyal Customer,60,Business Travel,Eco,332,3,1,1,1,5,3,2,2,2,3,2,2,1,2.15,0,1,FALSE
Female,Loyal Customer,49,Business Travel,Business,2486,2,2,3,2,5,5,5,5,3,4,4,5,5,3.85,0,9,TRUE
Male,Disloyal Customer,27,Business Travel,Business,1444,4,4,4,4,5,4,5,5,4,5,4,3,5,4.31,7,1,FALSE
Male,Loyal Customer,57,Personal Travel,Eco,1969,2,3,2,3,1,2,1,1,1,5,3,2,1,2.08,11,3,FALSE
Male,Loyal Customer,32,Personal Travel,Eco,867,3,4,3,2,4,3,2,4,4,2,5,1,4,3.15,0,0,FALSE
Female,Loyal Customer,31,Personal Travel,Eco,1444,1,4,1,3,4,1,4,4,4,3,4,4,4,3.15,1,,FALSE
Male,Loyal Customer,39,Personal Travel,Eco,808,2,4,2,4,3,2,3,3,4,1,3,2,3,2.77,15,3,FALSE
Male,Disloyal Customer,20,Business Travel,Business,666,0,4,0,3,4,0,4,4,4,3,5,4,4,3,28,25,TRUE
Male,Disloyal Customer,28,Business Travel,Eco,305,3,5,3,3,2,3,2,2,2,1,3,1,2,2.46,6,0,FALSE
Female,Loyal Customer,43,Business Travel,Eco,2454,4,2,2,2,4,4,4,4,4,2,3,4,4,3.31,30,27,FALSE
Female,Loyal Customer,70,Personal Travel,Business,802,1,2,1,3,1,3,3,4,4,1,4,2,1,2.31,0,0,FALSE
Female,Disloyal Customer,20,Business Travel,Business,828,2,2,2,2,5,2,5,5,1,2,3,4,5,3.08,0,21,FALSE
Male,Disloyal Customer,22,Business Travel,Eco,240,1,1,1,4,4,1,5,4,4,4,3,4,4,3.08,0,23,FALSE
Female,Loyal Customer,42,Business Travel,Business,642,4,4,4,4,5,1,4,4,4,4,4,4,2,3.69,12,6,TRUE
Male,Disloyal Customer,36,Business Travel,Eco,102,4,3,4,4,5,4,3,5,5,4,4,1,5,3.92,0,0,FALSE
Male,Loyal Customer,36,Business Travel,Business,2260,3,4,4,4,2,3,4,3,3,3,3,3,4,3.31,17,8,FALSE
Male,Loyal Customer,32,Business Travel,Business,248,0,1,1,3,4,4,4,4,3,2,4,5,4,3,77,81,TRUE
Female,Loyal Customer,67,Personal Travel,Eco,812,2,3,2,4,2,3,3,2,2,2,2,1,3,2.38,61,70,FALSE
Male,Disloyal Customer,23,Business Travel,Eco,888,3,3,3,3,1,3,1,1,4,5,4,3,1,2.69,56,46,FALSE
Female,Loyal Customer,49,Business Travel,Eco,762,5,3,3,3,2,1,5,5,5,5,5,2,5,3.77,16,3,TRUE
Female,Disloyal Customer,18,Business Travel,Eco,190,3,2,3,4,2,3,2,2,1,4,3,1,2,2.46,0,0,FALSE
Female,Loyal Customer,52,Business Travel,Business,3524,0,4,0,5,5,4,4,4,4,4,4,3,3,3.38,0,0,TRUE
Female,Loyal Customer,58,Business Travel,Eco,534,2,5,5,5,5,3,4,2,2,2,2,4,3,3.38,15,23,FALSE
Female,Disloyal Customer,73,Business Travel,Eco,102,3,0,2,2,5,2,5,5,2,4,5,2,5,3.23,0,0,FALSE
Male,Loyal Customer,51,Business Travel,Business,2562,5,5,5,5,4,4,4,5,5,5,5,5,3,4.62,48,41,TRUE
Female,Disloyal Customer,25,Business Travel,Eco Plus,95,3,1,3,4,4,3,5,4,1,2,4,4,4,3.23,0,0,FALSE
Female,Disloyal Customer,36,Business Travel,Business,1431,3,3,3,1,2,3,2,2,3,4,5,5,2,2.92,0,0,FALSE
Female,Loyal Customer,27,Business Travel,Eco,545,5,3,3,3,5,5,5,5,4,2,2,3,5,3.85,0,0,TRUE
Female,Disloyal Customer,24,Business Travel,Eco,341,2,0,2,3,2,2,2,2,5,5,5,3,2,2.69,0,0,FALSE
Male,Loyal Customer,51,Business Travel,Business,395,5,5,5,5,4,2,4,4,4,4,4,4,1,3.92,41,21,TRUE
Male,Loyal Customer,15,Personal Travel,Eco,1504,1,4,1,2,3,1,3,3,4,3,4,4,3,2.77,4,2,FALSE
Female,Loyal Customer,55,Personal Travel,Eco,731,3,2,3,2,2,2,2,4,4,3,4,2,3,2.77,0,0,FALSE
Female,Loyal Customer,65,Personal Travel,Eco,1005,3,4,2,1,3,5,4,3,3,2,3,5,4,3.23,70,62,FALSE
Male,Loyal Customer,34,Business Travel,Business,1927,1,1,1,1,4,4,5,2,2,2,2,4,3,2.46,28,34,TRUE
Female,Loyal Customer,40,Personal Travel,Eco,1080,4,3,4,4,3,4,3,3,3,5,5,5,3,3.77,0,0,FALSE
Male,Loyal Customer,58,Personal Travel,Eco,472,2,5,2,3,3,2,3,3,1,1,2,2,3,2.46,0,0,FALSE
Female,Loyal Customer,43,Business Travel,Business,1448,1,1,5,1,5,3,4,1,1,1,1,1,3,2.15,0,0,FALSE
Male,Loyal Customer,11,Personal Travel,Eco,641,3,4,3,3,4,3,4,4,5,4,4,5,4,3.85,0,0,FALSE
Female,Loyal Customer,16,Business Travel,Business,453,1,5,5,5,1,1,1,1,3,2,3,4,1,2.54,0,0,FALSE
Male,Loyal Customer,40,Business Travel,Eco,391,4,5,5,5,4,4,4,4,1,4,3,3,4,3.85,4,0,FALSE
Female,Loyal Customer,27,Personal Travel,Eco,628,2,4,2,1,2,2,2,2,4,5,4,5,2,2.85,11,1,FALSE
Male,Loyal Customer,22,Personal Travel,Eco,488,1,4,1,3,5,1,1,5,3,3,5,5,5,3.23,12,16,FALSE
Male,Loyal Customer,42,Personal Travel,Eco,804,2,5,2,2,2,2,2,2,1,2,5,2,2,2.38,0,11,FALSE
Male,Loyal Customer,28,Personal Travel,Eco,1589,4,5,4,3,4,4,4,4,5,2,4,5,4,4,9,41,FALSE
Female,Loyal Customer,50,Business Travel,Business,192,4,3,4,4,3,5,5,5,5,5,5,4,3,4.23,9,6,TRUE
Female,Loyal Customer,40,Business Travel,Business,262,2,3,3,3,5,3,4,2,2,2,2,4,4,3,106,106,FALSE
Female,Loyal Customer,37,Business Travel,Business,888,4,4,4,4,2,5,5,4,4,4,4,3,3,3.85,14,0,TRUE
Female,Loyal Customer,27,Business Travel,Business,1195,5,2,5,5,5,5,5,5,5,4,4,1,5,4.31,0,0,TRUE
Female,Loyal Customer,52,Business Travel,Business,114,4,1,4,4,5,3,5,5,5,5,5,2,2,3.85,0,0,TRUE
Female,Loyal Customer,19,Business Travel,Business,679,2,5,2,5,2,2,2,2,1,3,4,3,2,2.69,9,21,FALSE
Male,Loyal Customer,29,Business Travel,Eco,191,5,3,5,3,5,5,5,5,1,2,2,2,5,3.69,15,2,TRUE
Male,Loyal Customer,45,Business Travel,Business,3212,2,2,2,2,2,5,4,5,5,5,5,3,5,3.62,0,1,TRUE
Female,Loyal Customer,37,Personal Travel,Eco Plus,1010,3,3,3,3,4,3,4,4,4,2,4,1,4,3.23,0,20,FALSE
Male,Loyal Customer,63,Business Travel,Business,296,5,5,5,5,5,4,5,4,4,4,4,4,5,4.54,24,13,TRUE
Female,Loyal Customer,39,Personal Travel,Eco,1546,4,4,4,3,2,4,2,2,3,3,3,2,2,2.92,11,10,FALSE
Female,Loyal Customer,27,Business Travel,Business,1440,1,1,2,1,4,4,4,4,5,3,4,3,4,3.08,56,129,TRUE
Female,Loyal Customer,65,Business Travel,Eco,1173,4,1,1,1,2,3,1,4,4,4,4,5,3,2.85,70,80,TRUE
Female,Loyal Customer,33,Business Travel,Business,3811,5,5,5,5,1,5,4,5,5,5,5,4,3,4.38,0,2,TRUE
Female,Loyal Customer,31,Business Travel,Business,2827,5,5,5,5,5,5,5,5,5,3,2,5,5,4.62,0,19,TRUE
Female,Disloyal Customer,34,Business Travel,Eco,1576,2,2,2,3,5,2,5,5,2,4,3,2,5,3.23,7,14,FALSE
Female,Loyal Customer,31,Business Travel,Business,3040,2,2,2,2,2,2,2,2,4,1,2,4,2,2.23,27,42,TRUE
Male,Loyal Customer,56,Personal Travel,Eco,471,3,3,3,5,5,3,5,5,5,1,1,5,5,3.77,0,0,FALSE
Female,Disloyal Customer,26,Business Travel,Eco,95,0,4,0,4,4,0,4,4,5,2,2,3,4,2.77,17,29,TRUE
Female,Loyal Customer,29,Business Travel,Eco Plus,475,4,4,4,4,4,4,4,4,2,1,4,3,4,3.54,3,0,TRUE
Female,Loyal Customer,21,Personal Travel,Eco,1192,4,4,4,4,3,4,3,3,1,4,2,1,3,3.08,0,26,TRUE
Female,Loyal Customer,13,Personal Travel,Eco,1590,2,4,2,4,3,2,1,3,5,2,5,4,3,3.08,35,30,FALSE
Male,Loyal Customer,26,Business Travel,Business,2248,2,2,2,2,5,5,5,5,3,4,5,4,5,3.77,10,0,TRUE
Male,Loyal Customer,57,Personal Travel,Business,191,4,4,4,1,3,5,5,3,3,4,3,3,4,3.54,0,0,TRUE
Male,Loyal Customer,54,Business Travel,Business,3255,5,5,5,5,2,5,4,4,4,4,4,4,4,4.23,1,0,TRUE
Male,Loyal Customer,55,Personal Travel,Eco,833,4,5,4,3,2,4,2,2,5,3,5,5,2,3.54,75,58,FALSE
Male,Loyal Customer,50,Personal Travel,Eco Plus,162,1,4,1,4,5,1,5,5,3,3,5,5,5,3.62,0,0,FALSE
Female,Loyal Customer,55,Personal Travel,Eco,1010,3,3,3,1,3,3,4,2,5,2,5,4,4,3.23,157,152,FALSE
Female,Loyal Customer,46,Business Travel,Business,1607,5,5,5,5,2,3,5,5,5,5,5,4,4,4.46,95,92,TRUE
Female,Loyal Customer,31,Personal Travel,Eco,679,2,5,2,2,2,2,3,2,4,5,5,4,2,3.08,0,0,FALSE
Male,Disloyal Customer,43,Business Travel,Eco,406,3,4,4,3,5,4,3,5,2,2,3,4,5,3.62,0,2,FALSE
Male,Loyal Customer,31,Personal Travel,Eco,558,2,5,2,1,4,2,4,4,4,4,3,3,4,3.23,0,4,FALSE
Male,Loyal Customer,23,Personal Travel,Eco,991,3,5,3,2,4,3,4,4,5,2,5,3,4,3.62,11,0,FALSE
Female,Loyal Customer,11,Personal Travel,Eco,461,1,5,1,2,1,1,1,1,5,3,5,3,1,2.31,0,0,FALSE
Female,Loyal Customer,12,Personal Travel,Eco,329,0,3,0,4,0,2,2,4,2,1,2,2,2,1.85,140,137,TRUE
Male,Loyal Customer,57,Business Travel,Eco,2399,3,4,2,4,3,3,3,4,3,4,3,3,3,3.23,334,326,FALSE
Female,Loyal Customer,46,Business Travel,Business,550,4,4,4,4,3,5,5,3,3,4,3,4,5,3.92,0,0,TRUE
Male,Disloyal Customer,34,Business Travel,Eco,1000,4,4,4,3,1,4,1,1,3,4,2,2,1,2.62,0,0,FALSE
Male,Loyal Customer,32,Personal Travel,Eco Plus,510,2,5,2,3,2,2,2,2,5,2,4,4,2,2.85,0,60,FALSE
Female,Loyal Customer,20,Personal Travel,Eco,762,2,4,2,3,4,2,4,4,1,4,4,3,4,3.15,0,0,FALSE
Male,Loyal Customer,42,Business Travel,Eco Plus,133,1,5,5,5,1,1,1,1,1,3,4,2,1,2.38,42,44,FALSE
Female,Loyal Customer,11,Personal Travel,Eco,406,3,2,3,2,5,3,5,5,1,1,3,2,5,3.08,0,0,FALSE
Male,Loyal Customer,23,Business Travel,Business,1888,4,5,5,5,4,3,4,4,1,3,4,4,4,3.85,0,0,FALSE
Male,Loyal Customer,52,Business Travel,Business,2253,1,1,1,1,4,4,4,5,5,5,5,3,4,3.31,0,0,TRUE
Female,Loyal Customer,39,Personal Travel,Eco,569,3,2,4,4,1,4,1,1,2,2,3,2,1,2.31,0,26,FALSE
Female,Loyal Customer,65,Personal Travel,Eco,277,2,4,2,4,4,3,4,2,2,2,2,1,3,2.69,0,6,FALSE
Male,Loyal Customer,44,Business Travel,Eco,1068,4,2,2,2,4,4,4,4,4,4,4,3,4,3.46,0,0,TRUE
Female,Loyal Customer,24,Business Travel,Eco,374,2,4,4,4,2,2,1,2,4,5,3,1,2,2.77,0,2,FALSE
Female,Disloyal Customer,38,Business Travel,Eco,836,3,3,3,3,5,3,5,5,1,4,5,5,5,3.85,23,19,FALSE
Male,Loyal Customer,36,Business Travel,Business,1631,3,3,5,3,4,5,4,5,5,5,5,3,4,4.15,43,27,TRUE
Male,Loyal Customer,35,Business Travel,Eco,322,3,4,4,4,3,3,3,3,4,1,4,4,3,3.31,0,0,FALSE
Female,Loyal Customer,67,Personal Travel,Eco,787,4,4,4,2,2,5,5,2,2,4,2,4,4,3.38,23,12,FALSE
Female,Loyal Customer,35,Business Travel,Business,2825,3,2,2,2,5,3,2,3,3,3,3,1,1,2.54,0,5,FALSE
Female,Loyal Customer,12,Personal Travel,Eco,544,2,2,2,2,5,2,5,5,3,3,3,3,5,3.23,1,0,FALSE
Female,Loyal Customer,27,Business Travel,Eco,1739,2,2,5,2,2,2,2,2,3,5,4,3,2,2.77,0,0,FALSE
Male,Loyal Customer,44,Personal Travel,Eco,762,3,3,3,3,1,3,1,1,3,4,2,1,1,2.23,116,105,FALSE
Male,Disloyal Customer,24,Business Travel,Eco,651,5,0,5,1,3,5,3,3,3,3,1,1,3,2.77,89,81,TRUE
Male,Loyal Customer,25,Personal Travel,Eco,207,2,2,2,3,5,2,2,5,2,2,3,2,5,2.85,0,0,FALSE
Male,Loyal Customer,25,Business Travel,Business,2443,1,1,5,1,4,4,4,4,3,2,4,3,4,3.08,0,2,TRUE
Male,Disloyal Customer,33,Business Travel,Eco,160,4,1,4,3,3,4,3,3,4,4,3,3,3,3.23,0,0,FALSE
Female,Loyal Customer,45,Business Travel,Business,223,5,5,5,5,4,4,2,5,5,5,4,4,3,4.31,0,4,TRUE
Male,Loyal Customer,37,Personal Travel,Eco,328,3,4,3,5,3,3,3,3,2,4,5,1,3,3.23,0,30,FALSE
Female,Loyal Customer,50,Business Travel,Business,621,5,5,5,5,5,5,5,5,5,5,5,3,3,4.69,0,0,TRUE
Female,Loyal Customer,14,Personal Travel,Eco,287,0,5,0,5,1,0,3,1,3,5,5,5,1,2.62,0,0,TRUE
Male,Disloyal Customer,29,Business Travel,Business,1256,0,0,0,4,1,0,1,1,5,5,4,5,1,2.08,6,0,TRUE
Male,Loyal Customer,40,Personal Travel,Eco Plus,2329,3,4,3,1,3,1,1,3,3,3,1,1,1,2.15,0,0,FALSE
Male,Loyal Customer,10,Personal Travel,Eco,337,5,5,5,4,1,5,1,1,4,4,5,4,1,3.46,1,0,TRUE
Female,Loyal Customer,51,Personal Travel,Eco,300,2,5,2,3,2,4,5,5,5,2,5,5,5,3.85,0,0,FALSE
Male,Loyal Customer,69,Personal Travel,Eco,1635,3,4,2,3,3,2,3,3,5,2,3,4,3,3.08,95,107,FALSE
Male,Loyal Customer,25,Business Travel,Business,3501,3,3,3,3,5,5,5,5,3,3,5,1,5,3.77,0,0,TRUE
Female,Loyal Customer,55,Personal Travel,Eco,89,5,5,5,3,3,1,1,1,1,5,1,2,2,2.69,0,0,TRUE
Female,Disloyal Customer,25,Business Travel,Business,1671,4,5,3,3,5,3,5,5,4,5,5,4,5,4.31,4,10,FALSE
Male,Loyal Customer,42,Business Travel,Eco,425,4,3,3,3,4,4,4,4,3,5,4,5,4,3.85,0,0,TRUE
Female,Loyal Customer,11,Business Travel,Business,627,3,3,2,3,4,4,4,4,3,2,3,4,4,3.31,0,0,TRUE
Male,Loyal Customer,45,Personal Travel,Eco,515,1,5,1,2,2,1,2,2,5,4,5,5,2,2.85,0,0,FALSE
Female,Loyal Customer,15,Personal Travel,Business,852,3,5,3,4,5,3,5,5,4,2,5,5,5,4.15,1,0,FALSE
Female,Loyal Customer,57,Business Travel,Business,2994,1,1,1,1,4,5,5,5,4,5,5,5,5,3.62,0,0,TRUE
Male,Disloyal Customer,22,Business Travel,Business,308,4,0,4,2,5,4,5,5,3,3,5,3,5,3.69,110,126,TRUE
Female,Loyal Customer,33,Business Travel,Business,920,3,3,3,3,4,5,5,5,5,5,5,4,4,4.15,1,20,TRUE
Female,Loyal Customer,72,Business Travel,Business,436,2,3,5,5,1,4,3,2,2,2,2,4,3,2.92,0,0,FALSE
Male,Loyal Customer,23,Business Travel,Eco,1258,2,3,3,3,2,2,2,2,2,2,3,3,2,2.38,0,5,FALSE
Male,Disloyal Customer,30,Business Travel,Eco,502,1,1,1,2,5,1,5,5,3,1,2,4,5,2.77,0,0,FALSE
Female,Loyal Customer,59,Business Travel,Business,599,3,3,3,3,5,4,4,4,4,4,4,5,5,3.92,105,115,TRUE
Male,Loyal Customer,47,Business Travel,Business,3830,4,5,4,4,4,4,4,4,4,4,4,5,4,4.15,11,1,TRUE
Male,Loyal Customer,45,Business Travel,Business,468,1,1,3,3,5,3,2,1,1,1,1,1,1,1.85,12,17,FALSE
Male,Loyal Customer,50,Business Travel,Business,1218,3,3,3,3,4,5,5,3,3,4,3,3,4,3.54,0,0,TRUE
Female,Loyal Customer,9,Personal Travel,Eco,1303,2,5,2,5,1,2,1,1,5,2,4,3,1,2.62,2,0,FALSE
Female,Loyal Customer,44,Business Travel,Business,2614,2,5,4,4,2,2,2,3,2,4,4,2,2,2.92,0,35,FALSE
Female,Loyal Customer,22,Personal Travel,Eco,369,5,1,5,4,4,5,4,4,4,2,3,1,4,3.54,4,11,TRUE
Female,Loyal Customer,35,Business Travel,Business,588,2,5,2,2,5,4,4,5,5,5,5,5,4,4.08,0,0,TRUE
Male,Loyal Customer,27,Business Travel,Business,1685,3,3,3,3,5,5,5,5,4,5,5,4,5,4.23,0,0,TRUE
Female,Loyal Customer,41,Business Travel,Business,1873,4,1,1,1,1,3,4,4,4,4,4,4,2,2.85,14,21,FALSE
Male,Loyal Customer,58,Business Travel,Business,190,2,2,2,2,5,4,4,4,4,4,4,4,5,3.54,0,0,TRUE
Male,Loyal Customer,47,Business Travel,Eco,867,4,5,5,5,4,4,4,4,1,4,3,2,4,3.77,0,28,TRUE
Female,Loyal Customer,63,Personal Travel,Eco Plus,134,3,0,3,2,4,3,4,4,4,3,4,5,5,3.38,1,0,FALSE
Female,Disloyal Customer,23,Business Travel,Business,677,5,5,5,1,1,5,1,1,3,4,5,3,1,3.08,0,0,TRUE
Female,Loyal Customer,30,Business Travel,Business,3733,3,2,2,2,3,3,3,3,4,2,4,1,3,2.69,11,16,FALSE
Male,Loyal Customer,57,Personal Travel,Eco,1592,2,4,2,3,2,2,2,2,5,2,4,5,2,2.85,3,0,FALSE
Male,Loyal Customer,27,Personal Travel,Eco,719,3,1,3,3,3,3,3,3,3,2,3,4,3,2.85,0,0,FALSE
Male,Loyal Customer,16,Personal Travel,Eco,1750,4,4,4,2,5,4,5,5,4,1,2,4,5,3.77,0,0,FALSE
Female,Loyal Customer,39,Business Travel,Business,2399,2,2,2,2,5,3,4,2,2,2,2,5,5,2.92,38,18,TRUE
Male,Loyal Customer,46,Business Travel,Business,3631,2,1,2,2,2,4,5,5,5,5,5,5,3,3.54,0,0,TRUE
Male,Loyal Customer,38,Personal Travel,Eco,725,1,1,1,4,4,1,4,4,4,4,4,3,4,3,0,0,FALSE
Female,Loyal Customer,20,Personal Travel,Eco,301,2,5,2,2,2,2,2,2,4,5,4,4,2,2.92,0,0,FALSE
Male,Loyal Customer,48,Business Travel,Business,1609,2,5,5,5,2,3,3,2,2,2,2,4,1,2.92,0,0,FALSE
Male,Disloyal Customer,46,Business Travel,Business,2454,4,4,4,5,4,4,4,4,5,3,3,3,4,3.92,1,0,TRUE
Male,Loyal Customer,8,Business Travel,Eco Plus,674,3,3,3,3,3,3,2,3,1,5,4,1,3,2.85,105,94,FALSE
Male,Disloyal Customer,35,Business Travel,Business,406,2,2,2,3,4,2,4,4,4,5,4,4,4,3.38,0,0,FALSE
Male,Loyal Customer,43,Business Travel,Business,588,3,3,3,3,2,4,5,3,3,3,3,5,3,3.31,2,0,TRUE
Female,Loyal Customer,29,Business Travel,Eco,1069,5,5,5,5,5,5,5,5,3,5,2,5,5,4.62,134,132,TRUE
Female,Loyal Customer,27,Business Travel,Eco,237,5,3,3,3,5,4,5,5,4,4,2,5,5,4.08,0,0,TRUE
Female,Loyal Customer,65,Personal Travel,Eco,1235,2,1,2,4,3,2,4,1,1,2,1,3,3,2.23,0,0,FALSE
Female,Loyal Customer,54,Business Travel,Business,3502,1,1,1,1,5,4,4,4,4,4,4,4,3,3.08,8,2,TRUE
Male,Loyal Customer,45,Business Travel,Business,1355,2,2,2,2,2,4,4,4,4,4,4,3,3,3.08,0,0,TRUE
Female,Loyal Customer,60,Business Travel,Business,993,5,5,5,5,5,5,4,4,4,4,4,5,3,4.46,0,0,TRUE
Male,Loyal Customer,44,Business Travel,Business,2478,3,3,3,3,3,4,5,4,4,4,4,4,5,3.77,0,0,TRUE
Male,Loyal Customer,51,Business Travel,Business,1991,3,5,3,3,3,4,5,4,4,4,4,3,3,3.69,0,0,TRUE
Male,Loyal Customer,37,Personal Travel,Eco,337,3,4,3,2,2,3,1,2,3,3,4,4,2,2.77,0,0,FALSE
Female,Loyal Customer,26,Business Travel,Business,2288,3,1,3,3,3,3,3,3,3,1,2,1,3,2.46,0,2,FALSE
Male,Loyal Customer,24,Business Travel,Eco,313,5,2,2,2,5,5,3,5,4,5,1,4,5,3.69,0,0,TRUE
Male,Disloyal Customer,22,Business Travel,Eco,373,3,2,3,3,3,3,3,3,1,4,4,4,3,3,1,13,FALSE
Female,Loyal Customer,23,Business Travel,Business,3879,2,2,2,2,4,4,4,4,1,4,1,3,4,2.85,0,0,TRUE
Female,Loyal Customer,38,Personal Travel,Eco,413,5,5,5,3,2,5,2,2,5,2,4,4,2,3.54,0,0,TRUE
Female,Loyal Customer,48,Personal Travel,Eco,1117,2,5,3,4,5,5,4,4,4,3,3,3,3,3.69,29,0,FALSE
Male,Disloyal Customer,20,Business Travel,Eco,675,4,4,4,4,3,4,3,3,4,5,3,1,3,3.46,0,1,FALSE
Male,Disloyal Customer,37,Business Travel,Eco,526,2,2,2,3,5,2,2,5,4,5,3,3,5,3.31,0,0,FALSE
Female,Loyal Customer,42,Business Travel,Business,3982,1,1,1,1,3,4,5,4,4,4,4,4,3,3,0,1,TRUE
Male,Loyal Customer,59,Business Travel,Business,200,2,2,2,2,4,5,4,4,4,4,4,5,4,3.54,8,0,TRUE
Male,Loyal Customer,51,Business Travel,Business,2748,2,2,3,2,2,5,4,5,5,5,5,5,4,3.77,105,110,TRUE
Female,Disloyal Customer,21,Business Travel,Eco,370,0,0,1,5,1,1,1,1,2,4,5,2,1,1.85,0,0,TRUE
Female,Loyal Customer,55,Business Travel,Business,1464,4,4,4,4,3,5,4,2,2,2,2,3,5,3.38,0,0,TRUE
Female,Loyal Customer,43,Personal Travel,Eco,1131,3,4,3,4,2,4,5,2,2,3,2,4,5,3.31,0,0,FALSE
Male,Loyal Customer,24,Business Travel,Business,1883,1,1,1,1,4,4,4,4,4,5,5,5,4,3.31,0,0,TRUE
Male,Loyal Customer,23,Business Travel,Business,854,5,5,5,5,5,5,5,5,4,3,4,4,5,4.62,37,30,TRUE
Male,Loyal Customer,24,Business Travel,Eco,175,5,4,4,4,5,5,5,5,3,5,4,5,5,4.54,0,0,TRUE
Female,Loyal Customer,50,Business Travel,Business,2493,2,2,2,2,2,5,4,5,5,5,5,5,5,3.77,0,1,TRUE
Male,Disloyal Customer,38,Business Travel,Business,862,2,2,2,2,3,2,3,3,5,4,4,3,3,2.92,11,0,FALSE
Female,Loyal Customer,52,Business Travel,Eco,1721,4,2,5,5,2,3,2,4,4,4,4,2,5,3.54,10,0,TRUE
Female,Loyal Customer,39,Business Travel,Business,1438,4,1,4,4,3,5,4,5,5,5,5,4,5,4.15,19,24,TRUE
Male,Loyal Customer,34,Business Travel,Business,3604,2,2,4,2,5,5,5,4,4,4,4,5,5,3.92,86,85,TRUE
Male,Loyal Customer,18,Business Travel,Business,1660,3,4,4,4,3,3,3,3,1,2,3,3,3,3,277,268,FALSE
Female,Loyal Customer,10,Personal Travel,Business,300,2,2,2,3,4,2,4,4,3,5,3,4,4,3.23,44,59,FALSE
Female,Loyal Customer,17,Personal Travel,Eco Plus,305,2,2,2,3,4,2,4,4,3,4,3,3,4,3.08,0,0,FALSE
Female,Disloyal Customer,34,Business Travel,Eco,821,3,3,3,3,4,3,4,4,4,2,3,1,4,3.15,0,0,FALSE
Male,Disloyal Customer,28,Business Travel,Eco,1197,4,4,4,4,4,4,4,4,2,5,3,4,4,3.85,3,0,FALSE
Female,Loyal Customer,57,Business Travel,Business,2344,0,4,0,4,3,5,4,5,5,5,5,4,3,3.62,0,0,TRUE
Male,Loyal Customer,78,Business Travel,Eco Plus,386,5,3,5,3,5,5,5,5,2,3,3,1,5,3.85,0,0,TRUE
Female,Loyal Customer,38,Business Travel,Business,89,5,1,5,5,5,4,3,4,4,4,5,1,5,3.92,0,0,TRUE
Male,Loyal Customer,61,Business Travel,Eco,346,4,4,4,4,4,4,4,4,2,3,4,4,4,3.77,0,0,TRUE
Female,Loyal Customer,23,Business Travel,Eco,373,4,2,2,2,4,4,3,4,5,1,4,5,4,3.38,33,28,TRUE
Male,Disloyal Customer,44,Business Travel,Eco,447,2,2,2,3,3,2,3,3,1,3,3,4,3,2.62,31,24,FALSE
Male,Loyal Customer,65,Personal Travel,Eco,522,3,4,3,3,5,3,5,5,4,4,1,3,5,3.69,20,27,FALSE
Female,Loyal Customer,48,Business Travel,Business,2658,0,0,0,1,3,4,5,2,2,5,5,5,5,2.85,0,0,TRUE
Female,Loyal Customer,50,Business Travel,Business,1795,1,1,1,1,3,4,4,3,3,3,3,4,3,2.62,45,41,TRUE
Male,Loyal Customer,57,Personal Travel,Eco,628,2,5,2,3,5,2,5,5,3,5,4,5,5,3.92,6,6,FALSE
Female,Loyal Customer,48,Personal Travel,Eco,1182,1,4,1,1,4,4,4,2,2,1,2,3,4,2.54,0,0,FALSE
Male,Disloyal Customer,27,Business Travel,Business,1290,5,5,5,3,3,5,2,3,5,4,5,5,3,4.08,3,0,TRUE
Male,Loyal Customer,19,Personal Travel,Eco,328,3,0,3,4,1,3,1,1,1,4,4,3,1,2.23,12,1,FALSE
Female,Loyal Customer,43,Business Travel,Eco,516,3,4,4,4,4,3,4,3,3,3,3,4,2,3.38,0,6,FALSE
Female,Loyal Customer,61,Business Travel,Business,207,1,1,1,1,3,2,3,1,1,1,1,3,4,1.77,0,0,FALSE
Female,Loyal Customer,60,Business Travel,Eco,872,5,2,2,2,1,2,4,5,5,5,5,2,5,3.46,0,0,TRUE
Female,Loyal Customer,63,Business Travel,Business,2015,1,1,2,1,3,3,1,5,5,5,5,1,2,2.69,0,2,TRUE
Male,Disloyal Customer,29,Business Travel,Eco,834,3,3,3,1,3,3,3,3,4,4,4,3,3,3.08,0,0,FALSE
Female,Loyal Customer,15,Business Travel,Eco,369,0,4,0,3,2,0,2,2,2,3,5,2,2,2.08,0,0,TRUE
Female,Loyal Customer,29,Business Travel,Business,2039,1,1,1,1,5,5,5,5,4,5,5,4,5,3.62,5,0,TRUE
Male,Loyal Customer,55,Business Travel,Business,1481,3,3,3,3,1,3,3,3,3,3,3,3,1,2.69,0,0,FALSE
Female,Loyal Customer,33,Business Travel,Business,472,4,3,3,3,5,3,3,4,4,4,4,4,4,3.69,29,29,FALSE
Male,Loyal Customer,41,Business Travel,Business,3101,5,5,5,5,5,4,4,4,4,4,4,5,4,4.46,0,1,TRUE
Female,Loyal Customer,48,Business Travel,Eco,1008,5,5,5,5,4,5,3,5,5,5,5,2,1,4.23,0,0,TRUE
Female,Loyal Customer,8,Personal Travel,Eco,408,4,3,4,4,4,4,4,4,3,4,3,2,4,3.62,0,8,FALSE
Male,Loyal Customer,9,Personal Travel,Eco,239,4,2,4,4,2,4,2,2,3,2,4,3,2,2.92,0,0,FALSE
Male,Loyal Customer,24,Business Travel,Eco,516,2,1,3,1,2,2,4,2,3,5,3,2,2,2.46,0,0,FALSE
Female,Loyal Customer,32,Business Travel,Business,1615,4,2,2,2,4,3,4,4,4,5,4,2,4,3.38,0,0,FALSE
Female,Loyal Customer,60,Business Travel,Eco,447,5,5,5,5,5,4,1,5,5,5,5,1,2,4.08,1,0,TRUE
Male,Loyal Customer,22,Business Travel,Eco Plus,944,1,4,4,4,1,1,2,1,2,2,4,3,1,2.31,11,10,FALSE
Female,Disloyal Customer,26,Business Travel,Eco,936,2,2,2,3,2,5,5,1,2,5,5,5,5,3.38,0,23,FALSE
Female,Loyal Customer,26,Business Travel,Business,3033,4,4,4,4,4,4,4,4,5,2,5,4,4,4,0,0,TRUE
Male,Loyal Customer,50,Business Travel,Eco,472,2,3,5,5,3,2,3,3,4,1,4,4,3,3.23,14,10,FALSE
Female,Loyal Customer,49,Personal Travel,Eco,425,5,3,5,3,3,3,3,5,5,5,5,1,3,3.77,8,1,TRUE
Female,Loyal Customer,20,Personal Travel,Eco,1874,4,4,3,4,3,3,3,3,1,3,3,4,3,3.15,93,95,FALSE
Male,Loyal Customer,64,Personal Travel,Business,192,2,4,2,3,3,4,5,3,3,2,3,5,3,3.23,0,2,FALSE
Female,Loyal Customer,46,Business Travel,Business,2556,3,3,3,3,5,4,5,5,5,5,5,3,4,4.08,0,0,TRUE
Male,Loyal Customer,54,Business Travel,Business,501,1,1,1,1,5,4,4,4,4,4,4,5,5,3.31,0,1,TRUE
Male,Disloyal Customer,15,Business Travel,Eco,1127,3,3,3,5,3,3,4,3,4,5,4,5,3,3.69,16,21,FALSE
Male,Loyal Customer,49,Business Travel,Business,3587,5,5,5,5,5,4,4,4,4,4,4,5,3,4.38,0,0,TRUE
Female,Loyal Customer,14,Personal Travel,Eco,295,2,4,2,3,2,2,1,2,5,3,4,3,2,2.69,0,1,FALSE
Female,Disloyal Customer,27,Business Travel,Business,422,1,1,1,3,3,1,3,3,3,3,5,3,3,2.54,0,7,FALSE
Female,Disloyal Customer,23,Business Travel,Eco,872,2,2,2,4,3,2,3,3,2,2,3,1,3,2.46,89,105,FALSE
Male,Loyal Customer,32,Personal Travel,Eco,1242,1,4,1,3,4,1,4,4,3,4,4,3,4,3.08,19,0,FALSE
Male,Loyal Customer,58,Business Travel,Business,997,2,2,2,2,2,5,4,5,5,5,5,3,5,3.62,7,5,TRUE
Male,Loyal Customer,53,Business Travel,Business,1744,4,4,4,4,3,3,4,5,5,5,5,4,4,4.15,7,0,TRUE
Female,Loyal Customer,31,Personal Travel,Eco,74,3,4,3,4,3,3,3,3,3,5,3,2,3,3.23,0,0,FALSE
Female,Loyal Customer,53,Business Travel,Business,395,3,3,3,3,3,4,5,5,5,5,5,5,5,4.15,0,0,TRUE
Male,Loyal Customer,33,Personal Travel,Eco,334,3,4,3,1,3,3,3,3,3,5,4,4,3,3.23,5,0,FALSE
Male,Loyal Customer,53,Business Travel,Business,3868,4,4,4,4,4,4,4,4,4,4,4,4,3,3.92,0,0,TRUE
Male,Loyal Customer,53,Business Travel,Eco Plus,409,2,5,5,5,2,2,2,2,3,2,3,2,2,2.85,0,0,FALSE
Male,Loyal Customer,26,Personal Travel,Eco,1635,3,4,3,3,5,3,3,5,4,4,4,4,5,3.85,9,12,FALSE
Female,Loyal Customer,55,Personal Travel,Eco,486,2,4,2,3,5,5,4,4,4,2,4,3,3,3.46,0,0,FALSE
Male,Loyal Customer,25,Business Travel,Eco Plus,541,2,2,2,2,2,1,3,2,4,4,2,2,2,2.31,0,0,FALSE
Male,Loyal Customer,58,Business Travel,Business,3952,5,5,5,5,5,5,5,5,5,5,5,4,5,4.92,0,0,TRUE
Female,Disloyal Customer,37,Business Travel,Business,432,4,4,4,4,1,4,1,1,4,5,4,3,1,3.08,19,22,TRUE
Male,Loyal Customer,36,Business Travel,Business,2862,2,2,2,2,2,5,5,5,5,5,5,3,4,3.62,2,0,TRUE
Male,Loyal Customer,43,Business Travel,Business,467,1,1,1,1,5,5,4,5,5,5,5,5,3,3.54,10,0,TRUE
Female,Disloyal Customer,24,Business Travel,Business,429,5,3,5,5,2,5,2,2,5,5,5,3,2,3.77,0,0,TRUE
Male,Loyal Customer,40,Business Travel,Business,1751,2,2,2,2,2,3,5,5,5,5,5,4,4,3.54,12,17,TRUE
Female,Disloyal Customer,42,Business Travel,Business,861,5,4,4,5,5,5,5,5,5,5,5,5,5,4.85,158,,TRUE
Female,Loyal Customer,41,Business Travel,Business,772,1,1,1,1,5,5,4,5,5,5,5,3,4,3.46,36,13,TRUE
Male,Loyal Customer,39,Business Travel,Eco,1175,3,2,2,2,3,3,3,3,3,4,3,4,3,2.92,0,0,FALSE
Male,Loyal Customer,16,Personal Travel,Eco,552,4,5,5,3,2,5,2,2,5,4,4,4,2,3.62,0,0,FALSE
Male,Loyal Customer,68,Personal Travel,Eco,328,3,4,3,4,1,3,1,1,1,2,4,2,1,2.31,0,0,FALSE
Male,Loyal Customer,45,Business Travel,Business,369,1,0,0,3,3,3,3,3,3,0,3,4,3,2.23,0,0,FALSE
Female,Disloyal Customer,42,Business Travel,Eco,459,3,0,3,2,4,3,4,4,3,5,2,4,4,3.15,0,5,FALSE
Male,Loyal Customer,59,Business Travel,Business,2521,2,2,2,2,5,5,5,5,5,5,5,5,5,4.08,0,0,TRUE
Female,Loyal Customer,53,Personal Travel,Eco,1074,1,4,2,5,4,4,5,1,1,2,1,4,5,3,0,0,FALSE
Female,Loyal Customer,47,Business Travel,Eco,577,2,3,3,3,5,2,3,2,2,2,2,1,2,2.46,9,11,FALSE
Male,Disloyal Customer,47,Business Travel,Eco,739,5,5,5,3,2,5,2,2,3,2,3,5,2,3.38,0,0,TRUE
Female,Loyal Customer,51,Personal Travel,Business,2136,2,4,2,1,3,5,5,5,5,2,5,4,3,3.54,81,45,FALSE
Male,Disloyal Customer,27,Business Travel,Eco,913,2,2,2,3,4,2,4,4,4,2,3,1,4,2.85,33,15,FALSE
Male,Loyal Customer,59,Business Travel,Business,3231,3,3,3,3,3,5,4,4,4,4,4,5,5,3.85,0,5,TRUE
Male,Loyal Customer,56,Personal Travel,Eco,356,2,5,2,2,1,2,1,1,5,3,4,5,1,2.62,0,9,FALSE
Male,Loyal Customer,23,Business Travel,Business,649,5,5,5,5,3,2,3,3,4,4,5,2,3,3.77,5,19,TRUE
Female,Disloyal Customer,22,Business Travel,Business,641,4,0,4,3,2,4,4,2,5,3,4,5,2,3.23,0,0,TRUE
Male,Loyal Customer,40,Personal Travel,Eco,266,1,4,1,4,2,1,2,2,1,4,4,1,2,2.23,0,0,FALSE
Male,Loyal Customer,35,Business Travel,Eco,589,3,2,2,2,2,3,3,1,4,1,1,3,3,2.31,202,203,FALSE
Male,Loyal Customer,29,Business Travel,Eco,896,5,1,1,1,5,4,5,5,1,3,2,3,5,3.15,4,0,TRUE
Male,Loyal Customer,28,Business Travel,Business,2379,5,5,5,5,4,4,4,4,3,2,5,5,4,4.23,0,11,TRUE
Male,Loyal Customer,7,Personal Travel,Eco Plus,197,4,4,4,4,4,4,4,4,4,4,5,3,4,4,0,0,FALSE
Female,Loyal Customer,70,Personal Travel,Eco,2486,4,1,4,2,1,2,2,5,5,4,5,2,2,3,3,2,TRUE
Female,Loyal Customer,55,Business Travel,Business,376,5,5,5,5,2,2,5,5,5,5,5,5,4,4.46,0,0,TRUE
Male,Disloyal Customer,17,Business Travel,Business,834,0,0,0,3,5,0,5,5,4,3,5,4,5,3,0,21,TRUE
Male,Loyal Customer,62,Personal Travel,Eco,888,5,5,5,1,5,5,5,5,2,5,1,3,5,4,38,54,TRUE
Male,Disloyal Customer,57,Business Travel,Business,1144,4,4,4,4,1,4,1,1,1,2,3,3,1,2.54,0,0,FALSE
Female,Loyal Customer,50,Business Travel,Business,2716,5,5,5,5,5,5,5,4,4,4,4,4,5,4.62,0,0,TRUE
Male,Disloyal Customer,39,Business Travel,Business,417,3,3,3,1,4,3,4,4,5,5,5,5,4,3.77,8,4,FALSE
Female,Loyal Customer,55,Personal Travel,Eco,601,5,5,5,1,3,5,4,5,5,5,5,3,4,4.23,0,0,TRUE
Female,Loyal Customer,45,Business Travel,Business,1696,0,0,0,5,2,5,4,5,5,5,5,5,3,3.38,28,26,TRUE
Male,Loyal Customer,47,Business Travel,Business,181,3,1,1,1,3,4,4,2,2,2,3,4,3,2.54,0,0,FALSE
Male,Disloyal Customer,36,Business Travel,Eco,1391,3,3,3,4,1,3,1,1,4,3,4,4,1,2.69,4,0,FALSE
Male,Loyal Customer,39,Business Travel,Eco Plus,82,5,5,5,5,5,5,5,5,3,1,3,2,5,4.15,0,0,TRUE
Male,Loyal Customer,40,Personal Travel,Eco,2454,2,2,2,3,2,1,5,3,4,3,3,5,5,3.08,23,59,FALSE
Male,Loyal Customer,68,Personal Travel,Eco,854,0,5,0,1,3,0,3,3,3,2,5,5,3,2.54,4,0,TRUE
Male,Disloyal Customer,26,Business Travel,Business,723,3,3,3,2,5,3,5,5,3,5,4,5,5,3.92,8,0,FALSE
Male,Loyal Customer,44,Business Travel,Business,672,4,4,4,4,1,3,4,4,4,4,4,2,2,3.38,14,16,FALSE
Female,Loyal Customer,19,Personal Travel,Eco,867,3,4,3,3,2,3,2,2,4,3,5,1,2,2.85,0,0,FALSE
Female,Loyal Customer,51,Business Travel,Business,2157,4,4,4,4,2,4,4,4,4,4,4,5,3,3.85,28,18,TRUE
Female,Loyal Customer,21,Personal Travel,Eco,558,3,5,3,5,2,3,2,2,5,2,5,5,2,3.38,0,7,FALSE
Male,Loyal Customer,39,Business Travel,Business,1970,1,1,1,1,3,3,5,5,5,5,5,3,5,3.31,82,82,TRUE
Male,Disloyal Customer,30,Business Travel,Eco,761,3,4,4,3,1,4,1,1,2,5,4,4,1,2.85,0,0,FALSE
Female,Loyal Customer,17,Personal Travel,Eco,67,1,5,1,4,2,1,2,2,4,4,4,4,2,2.77,3,11,FALSE
Male,Loyal Customer,24,Business Travel,Eco,1250,1,4,1,4,1,1,5,1,2,1,4,1,1,2.08,0,0,FALSE
Male,Loyal Customer,56,Business Travel,Business,469,5,5,5,5,3,4,5,4,4,4,4,4,4,4.31,2,0,TRUE
Male,Disloyal Customer,48,Business Travel,Eco,867,1,1,1,3,3,1,1,3,2,4,4,4,3,2.38,0,0,FALSE
Male,Disloyal Customer,24,Business Travel,Business,991,4,5,4,4,2,4,2,2,4,5,4,5,2,3.62,49,41,TRUE
Male,Loyal Customer,24,Business Travel,Business,1904,1,1,1,1,5,5,5,5,3,5,4,5,5,3.54,0,1,TRUE
Female,Loyal Customer,70,Personal Travel,Eco,456,3,4,3,1,2,4,5,2,2,3,2,4,3,2.92,0,0,FALSE
Male,Loyal Customer,37,Business Travel,Business,3147,1,1,1,1,3,5,4,4,4,4,4,5,3,3.08,0,0,TRUE
Female,Loyal Customer,29,Personal Travel,Eco,2253,3,4,3,3,2,3,5,2,3,4,4,3,2,3.15,12,0,FALSE
Male,Loyal Customer,48,Business Travel,Business,3592,4,1,4,4,1,5,4,5,5,5,5,5,2,3.85,70,76,TRUE
Female,Loyal Customer,37,Business Travel,Business,3588,0,4,0,4,5,4,4,3,3,3,3,5,3,3.15,8,3,TRUE
Female,Loyal Customer,58,Business Travel,Eco,627,5,3,3,3,5,2,1,5,5,5,5,3,2,3.62,0,0,TRUE
Female,Loyal Customer,57,Personal Travel,Eco Plus,1371,4,3,4,4,4,4,4,3,3,4,3,4,1,3.46,0,0,FALSE
Female,Loyal Customer,33,Business Travel,Business,1448,2,2,2,2,5,1,3,4,4,4,4,2,1,2.77,1,0,TRUE
Female,Disloyal Customer,25,Business Travel,Eco,1129,2,2,2,3,1,2,1,1,1,3,3,1,1,1.77,29,30,FALSE
Female,Loyal Customer,31,Business Travel,Business,1020,3,3,3,3,5,5,5,5,2,5,2,4,5,3.85,10,15,TRUE
Male,Loyal Customer,15,Personal Travel,Eco,589,2,4,2,4,3,2,3,3,4,5,5,4,3,3.38,0,4,FALSE
Male,Loyal Customer,43,Business Travel,Business,2063,4,4,4,4,1,3,1,4,4,4,4,4,1,3.23,0,0,TRUE
Female,Disloyal Customer,23,Business Travel,Eco,251,4,0,4,1,1,4,1,1,3,5,5,3,1,2.54,33,29,TRUE
Male,Loyal Customer,59,Business Travel,Eco,594,2,5,2,5,2,2,2,2,4,3,3,4,2,2.92,0,0,FALSE
Female,Loyal Customer,67,Personal Travel,Eco,611,3,3,2,3,2,3,2,4,4,2,5,5,1,3,21,34,FALSE
Female,Disloyal Customer,23,Business Travel,Eco,891,1,1,1,3,1,5,5,1,5,2,3,5,5,2.92,0,0,FALSE
Female,Loyal Customer,43,Personal Travel,Eco,358,3,5,3,5,5,4,5,4,4,3,4,5,3,4.08,0,0,FALSE
Female,Loyal Customer,35,Business Travel,Eco,604,3,1,2,2,3,3,3,3,3,2,3,3,3,2.62,0,0,FALSE
Male,Loyal Customer,51,Business Travel,Business,404,5,5,5,5,2,5,5,4,4,5,4,3,3,4.23,0,0,TRUE
Female,Loyal Customer,58,Business Travel,Business,1846,3,3,3,3,4,5,4,5,5,5,5,4,4,4.08,0,0,TRUE
Male,Disloyal Customer,20,Business Travel,Eco,305,4,0,4,1,4,4,4,4,2,2,4,3,4,3.08,0,0,FALSE
Female,Loyal Customer,55,Business Travel,Business,2374,1,1,1,1,5,4,5,3,3,4,3,5,4,3.08,24,27,TRUE
Male,Disloyal Customer,22,Business Travel,Eco,246,2,3,2,3,3,2,1,3,3,4,3,4,3,2.77,49,92,FALSE
Female,Loyal Customer,24,Business Travel,Eco Plus,143,0,5,0,4,1,0,1,1,5,2,5,4,1,2.23,0,0,TRUE
Female,Disloyal Customer,28,Business Travel,Business,293,2,2,2,3,5,2,5,5,4,2,4,3,5,3.38,4,0,FALSE
Female,Loyal Customer,68,Personal Travel,Eco,1072,4,5,4,3,4,5,5,4,4,4,4,3,4,4.08,18,0,FALSE
Male,Loyal Customer,51,Business Travel,Business,1565,3,1,3,3,2,4,4,2,2,2,2,3,3,2.62,22,39,TRUE
Female,Loyal Customer,33,Business Travel,Eco Plus,846,1,5,5,5,1,2,1,1,4,5,3,4,1,2.92,12,8,FALSE
Female,Loyal Customer,55,Personal Travel,Eco,342,3,4,3,1,2,4,5,3,3,3,3,5,3,3.23,11,4,FALSE
Female,Loyal Customer,55,Business Travel,Business,2104,3,2,2,2,5,3,3,3,3,3,3,3,1,2.77,0,0,FALSE
Female,Disloyal Customer,49,Business Travel,Eco,261,3,5,3,2,5,3,5,5,2,1,5,2,5,3.54,0,,FALSE
Male,Loyal Customer,30,Business Travel,Business,3779,1,5,5,5,1,1,1,1,1,4,3,2,1,2.38,4,18,FALSE
Female,Loyal Customer,30,Business Travel,Business,1501,1,5,5,5,1,1,1,1,1,1,1,1,1,1.92,0,0,FALSE
Male,Loyal Customer,32,Personal Travel,Eco,329,5,5,5,3,3,5,3,3,2,4,1,3,3,3.46,0,0,TRUE
Female,Loyal Customer,7,Personal Travel,Eco,1028,1,4,1,2,2,1,3,2,3,2,4,5,2,2.46,5,1,FALSE
Female,Disloyal Customer,28,Business Travel,Business,1121,0,0,0,3,4,0,4,4,3,2,5,3,4,2.46,0,0,TRUE
Female,Loyal Customer,44,Business Travel,Eco,250,5,1,1,1,1,1,5,5,5,5,5,1,2,2.92,48,38,TRUE
Male,Loyal Customer,61,Personal Travel,Business,438,1,5,1,5,3,5,5,1,1,1,1,5,3,2.85,6,79,FALSE
Female,Loyal Customer,18,Personal Travel,Eco,239,1,3,1,2,1,1,1,1,4,2,1,3,1,1.69,0,0,FALSE
Male,Loyal Customer,44,Business Travel,Eco,192,4,3,3,3,4,4,4,4,1,1,3,1,4,3,13,6,TRUE
Female,Loyal Customer,69,Personal Travel,Eco,1096,1,4,1,4,2,2,3,3,3,1,1,1,2,2.15,88,93,FALSE
Male,Loyal Customer,26,Personal Travel,Eco,925,3,3,3,3,5,3,5,5,1,5,3,2,5,3.54,15,0,FALSE
Female,Loyal Customer,41,Personal Travel,Eco,2165,1,4,1,4,1,1,1,1,3,3,4,5,1,2.31,0,0,FALSE
Male,Loyal Customer,55,Business Travel,Business,2747,5,5,5,5,3,5,5,5,5,5,5,4,3,4.62,95,97,TRUE
Female,Disloyal Customer,22,Business Travel,Business,1165,5,0,5,1,2,5,2,2,3,5,4,3,2,3,53,37,TRUE
Female,Loyal Customer,25,Business Travel,Business,3924,4,5,4,4,4,4,4,4,3,5,5,4,4,4.15,0,0,TRUE
Female,Loyal Customer,50,Business Travel,Eco,646,2,3,3,3,5,4,3,3,3,2,3,3,4,3.15,0,0,FALSE
Male,Loyal Customer,57,Personal Travel,Eco,250,2,5,2,5,4,2,4,4,5,4,5,4,4,3.85,0,0,FALSE
Female,Loyal Customer,59,Personal Travel,Eco,1024,4,5,4,3,1,5,5,3,3,4,5,2,2,3.54,0,0,TRUE
Female,Loyal Customer,60,Business Travel,Business,1557,1,4,4,4,4,3,4,1,1,1,1,2,3,2.54,0,8,FALSE
Female,Loyal Customer,36,Business Travel,Business,402,2,3,4,4,2,2,3,2,2,2,2,3,2,2.54,0,0,FALSE
Female,Loyal Customer,49,Personal Travel,Eco,2402,3,5,2,3,4,3,2,4,4,2,4,3,4,3.31,0,0,FALSE
Female,Disloyal Customer,45,Business Travel,Eco,620,4,2,4,4,2,4,2,2,1,5,3,1,2,2.77,0,0,FALSE
Female,Loyal Customer,38,Business Travel,Business,3896,2,4,4,4,3,4,4,2,2,2,2,1,1,2.69,0,0,FALSE
Male,Disloyal Customer,23,Business Travel,Eco,622,5,0,5,3,5,5,5,5,3,2,4,3,5,3.85,1,0,TRUE
Male,Loyal Customer,30,Business Travel,Business,399,2,2,2,2,2,2,2,2,2,1,4,1,2,2,37,37,FALSE
Female,Disloyal Customer,21,Business Travel,Eco,1069,3,3,3,4,4,3,4,4,3,3,4,4,4,3.54,30,20,FALSE
Female,Loyal Customer,49,Business Travel,Business,2135,1,1,4,1,4,4,5,5,5,5,4,4,5,3.69,0,0,TRUE
Male,Loyal Customer,22,Business Travel,Business,946,2,1,1,1,2,2,2,2,2,2,3,1,2,1.77,0,3,FALSE
Female,Disloyal Customer,25,Business Travel,Business,2611,2,5,2,3,3,2,3,3,4,2,5,5,3,3.23,3,0,FALSE
Female,Loyal Customer,51,Business Travel,Business,561,5,5,5,5,2,4,4,5,5,5,5,5,5,4.62,0,10,TRUE
Male,Loyal Customer,40,Business Travel,Business,1639,4,4,4,4,2,4,5,3,3,3,3,4,4,3.62,0,0,TRUE
Male,Loyal Customer,59,Business Travel,Business,1514,3,3,3,3,5,4,4,5,5,5,5,3,5,4.08,104,91,TRUE
Male,Loyal Customer,63,Personal Travel,Eco,1117,1,4,1,4,3,1,3,3,3,4,4,4,3,2.92,0,0,FALSE
Female,Loyal Customer,51,Personal Travel,Eco,399,3,5,3,3,4,5,5,4,4,3,4,4,3,3.85,0,0,FALSE
Female,Disloyal Customer,42,Business Travel,Business,888,2,2,2,1,5,2,5,5,3,4,5,4,5,3.46,62,52,FALSE
Female,Loyal Customer,59,Business Travel,Business,2218,4,4,4,4,3,5,5,5,5,5,5,5,4,4.46,0,0,TRUE
Female,Loyal Customer,21,Personal Travel,Eco,725,3,4,3,4,3,3,3,3,3,5,3,1,3,3.15,39,48,FALSE
Male,Loyal Customer,62,Personal Travel,Business,175,2,5,2,2,4,5,4,3,3,2,3,3,4,3.23,2,14,FALSE
Female,Loyal Customer,37,Personal Travel,Eco,533,1,5,1,2,1,1,1,1,5,5,5,3,1,2.46,21,5,FALSE
Female,Loyal Customer,67,Business Travel,Eco,588,2,5,5,5,2,2,2,2,2,2,2,4,4,3,0,0,FALSE
Female,Loyal Customer,39,Business Travel,Business,2191,3,3,3,3,2,5,5,4,4,4,4,5,3,3.69,0,3,TRUE
Female,Loyal Customer,12,Personal Travel,Eco,813,1,1,1,3,4,1,2,4,4,5,2,2,4,2.62,0,0,FALSE
Male,Loyal Customer,25,Personal Travel,Eco,341,2,4,2,1,4,2,3,4,3,5,5,5,4,3.38,27,27,FALSE
Male,Loyal Customer,45,Personal Travel,Eco,590,3,5,3,1,5,3,5,5,5,5,4,4,5,4.08,25,12,FALSE
Female,Loyal Customer,35,Business Travel,Business,1460,3,2,2,2,5,3,3,3,3,4,3,4,2,3,0,0,FALSE
Male,Loyal Customer,53,Business Travel,Eco,486,1,4,4,4,1,1,1,1,2,3,3,2,1,2.15,0,0,FALSE
Female,Loyal Customer,55,Personal Travel,Business,909,4,4,4,1,1,4,2,3,3,4,4,2,4,3.08,35,37,FALSE
Male,Disloyal Customer,27,Business Travel,Business,1020,2,1,1,5,3,1,3,3,3,3,4,3,3,2.69,0,0,FALSE
Female,Loyal Customer,63,Personal Travel,Eco,1521,3,4,3,3,3,4,5,4,4,3,3,5,3,3.62,73,51,FALSE
Female,Loyal Customer,53,Business Travel,Business,3423,4,4,4,4,4,4,5,4,4,4,4,5,3,4.08,0,0,TRUE
Male,Disloyal Customer,36,Business Travel,Business,1091,3,2,2,3,2,2,2,2,2,3,3,4,2,2.46,0,0,FALSE
Female,Disloyal Customer,36,Business Travel,Business,236,4,4,4,2,4,4,4,4,5,4,4,4,4,3.92,7,0,FALSE
Female,Loyal Customer,33,Business Travel,Business,896,2,2,2,2,5,5,4,4,4,4,4,4,3,3.46,1,0,TRUE
Male,Disloyal Customer,37,Business Travel,Eco,329,3,5,3,3,5,3,2,5,2,3,2,5,5,3.54,5,0,FALSE
Female,Loyal Customer,42,Business Travel,Business,3764,1,1,1,1,5,4,4,3,3,3,3,4,3,2.77,0,0,TRUE
Male,Loyal Customer,50,Personal Travel,Eco,1979,3,4,3,4,2,3,5,2,1,3,3,2,2,2.85,0,0,FALSE
Female,Loyal Customer,45,Business Travel,Business,1971,2,2,2,2,2,5,4,4,4,4,4,3,5,3.31,0,0,TRUE
Male,Loyal Customer,41,Personal Travel,Eco,2342,5,3,5,5,5,1,1,3,2,3,3,1,1,2.92,1,3,TRUE
Female,Loyal Customer,42,Business Travel,Business,335,3,3,3,3,3,1,1,4,4,4,4,5,3,3.15,0,0,TRUE
Male,Loyal Customer,48,Personal Travel,Eco,2072,3,4,3,5,3,3,3,3,3,5,4,5,3,3.62,0,0,FALSE
Male,Disloyal Customer,20,Business Travel,Eco,272,4,4,4,2,5,4,5,5,1,3,5,3,5,3.85,16,31,TRUE
Male,Loyal Customer,43,Business Travel,Business,2891,1,1,1,1,5,5,5,5,5,5,5,5,5,3.77,45,38,TRUE
Female,Disloyal Customer,25,Business Travel,Business,1069,2,4,2,5,5,2,5,5,3,2,4,4,5,3.69,16,0,FALSE
Female,Loyal Customer,53,Personal Travel,Eco,413,3,5,3,4,5,5,5,5,5,3,5,3,5,4.31,9,11,FALSE
Female,Loyal Customer,20,Business Travel,Business,526,3,3,3,3,5,5,5,5,4,5,5,5,5,4.31,0,0,TRUE
Female,Loyal Customer,57,Personal Travel,Eco,321,4,5,5,4,4,2,4,2,2,5,2,3,5,3.62,0,0,FALSE
Male,Loyal Customer,56,Business Travel,Business,3100,4,4,4,4,5,5,4,5,5,4,4,5,3,4.31,0,0,TRUE
Female,Loyal Customer,48,Business Travel,Business,1630,5,5,5,5,4,5,5,4,4,4,4,4,5,4.54,0,0,TRUE
Male,Loyal Customer,22,Business Travel,Business,783,3,3,3,3,5,4,5,5,4,3,5,3,5,3.92,2,0,TRUE
Male,Loyal Customer,45,Business Travel,Eco,631,2,4,4,4,2,2,2,2,1,5,3,2,2,2.69,68,47,FALSE
Female,Loyal Customer,36,Business Travel,Eco Plus,606,2,3,3,3,2,2,2,2,2,1,2,2,2,2.15,0,4,FALSE
Male,Disloyal Customer,35,Business Travel,Eco,689,2,2,2,3,2,2,2,2,5,2,2,4,2,2.46,0,4,FALSE
Female,Loyal Customer,50,Business Travel,Business,646,5,5,5,5,3,4,4,4,4,4,4,4,4,4.23,0,0,TRUE
Female,Loyal Customer,46,Business Travel,Eco,227,3,3,3,3,5,5,2,3,3,3,3,5,2,3.31,0,14,TRUE
Male,Disloyal Customer,37,Business Travel,Business,201,4,4,4,1,4,4,1,4,4,4,4,4,4,3.54,9,1,TRUE
Male,Loyal Customer,48,Business Travel,Business,547,5,5,5,5,3,5,5,5,5,5,5,5,5,4.85,0,0,TRUE
Female,Disloyal Customer,37,Business Travel,Eco Plus,989,2,2,2,3,5,2,2,5,4,5,3,2,5,3.23,0,0,FALSE
Female,Loyal Customer,62,Business Travel,Business,3408,2,1,1,1,4,2,3,2,2,2,2,4,2,2.15,35,30,FALSE
Male,Loyal Customer,46,Personal Travel,Business,2475,1,5,1,3,1,3,3,4,2,4,5,3,3,2.92,0,4,FALSE
Male,Loyal Customer,41,Business Travel,Eco,295,3,5,5,5,3,3,3,3,4,3,1,4,3,3.46,7,13,FALSE
Female,Loyal Customer,15,Personal Travel,Eco,78,3,1,3,3,4,3,4,4,1,4,4,2,4,3.08,0,0,FALSE
Male,Loyal Customer,20,Personal Travel,Eco,250,3,5,0,2,4,0,4,4,4,2,4,1,4,2.85,40,39,FALSE
Male,Loyal Customer,65,Business Travel,Business,258,1,4,4,4,5,4,3,1,1,1,1,3,3,2.69,64,60,FALSE
Male,Loyal Customer,37,Business Travel,Eco,332,2,3,4,3,2,2,2,2,4,2,4,1,2,2.54,0,0,FALSE
Male,Loyal Customer,42,Business Travel,Business,331,0,0,0,1,3,5,4,2,2,3,3,3,5,2.38,0,0,TRUE
Female,Loyal Customer,24,Personal Travel,Eco,408,1,4,1,2,3,1,3,3,2,3,5,5,3,2.77,0,0,FALSE
Male,Loyal Customer,37,Business Travel,Business,436,4,2,2,2,2,3,4,4,4,4,4,4,2,3.15,48,44,FALSE
Female,Disloyal Customer,39,Business Travel,Business,175,2,2,2,4,5,2,1,5,4,5,4,2,5,3.31,14,10,FALSE
Female,Loyal Customer,36,Business Travel,Business,3657,2,3,5,3,1,4,4,2,2,2,2,3,2,2.69,32,28,FALSE
Male,Disloyal Customer,38,Business Travel,Eco,1257,4,4,4,3,1,4,2,1,1,5,3,4,1,2.85,1,5,FALSE
Male,Loyal Customer,33,Personal Travel,Eco,404,4,5,4,4,5,4,5,5,5,5,4,5,5,4.62,0,0,FALSE
Male,Loyal Customer,55,Personal Travel,Eco,370,4,5,4,3,4,4,2,4,5,4,2,2,4,3.62,7,0,TRUE
Female,Loyal Customer,22,Personal Travel,Eco,853,2,2,3,2,2,3,2,2,2,4,2,4,2,2.46,0,0,FALSE
Female,Loyal Customer,41,Business Travel,Eco,919,3,5,5,5,3,3,3,3,2,3,4,2,3,3.38,0,17,FALSE
Female,Loyal Customer,23,Personal Travel,Eco,631,2,3,2,2,3,2,3,3,5,4,5,2,3,3,0,0,FALSE
Female,Loyal Customer,64,Business Travel,Business,3707,1,1,1,1,4,5,4,4,4,4,3,2,1,2.69,0,0,TRUE
Female,Loyal Customer,22,Business Travel,Business,563,3,3,3,3,4,4,4,4,3,5,1,2,4,3.31,38,30,TRUE
Male,Loyal Customer,46,Business Travel,Business,308,1,1,1,1,3,1,2,5,5,5,5,2,3,2.69,0,0,TRUE
Female,Loyal Customer,53,Business Travel,Business,108,0,5,0,3,2,5,4,4,4,4,4,5,4,3.38,0,0,TRUE
Male,Loyal Customer,41,Personal Travel,Eco,1199,1,1,1,3,5,1,5,5,3,3,3,2,5,2.92,3,3,FALSE
Female,Loyal Customer,41,Business Travel,Business,641,1,1,1,1,3,4,5,4,4,5,4,5,5,3.31,2,0,TRUE
Male,Loyal Customer,59,Business Travel,Business,2586,4,4,4,4,4,4,4,5,3,4,4,4,4,4,0,0,TRUE
Female,Loyal Customer,26,Personal Travel,Eco,763,3,5,3,3,2,3,2,2,5,5,5,3,2,3.31,34,34,FALSE
Male,Loyal Customer,40,Personal Travel,Eco,190,4,4,4,3,2,4,2,2,5,4,5,5,2,3.54,1,9,FALSE
Female,Loyal Customer,42,Personal Travel,Eco,581,4,5,4,3,3,4,4,2,2,4,2,3,3,3.31,0,0,FALSE
Male,Loyal Customer,56,Business Travel,Business,2556,2,2,2,2,5,4,4,3,2,4,5,4,4,3.31,28,64,TRUE
Male,Loyal Customer,57,Personal Travel,Eco,550,4,2,4,4,3,4,3,3,1,3,4,1,3,3,0,0,FALSE
Male,Disloyal Customer,26,Business Travel,Business,501,3,4,4,1,2,4,2,2,5,3,4,5,2,3.15,0,3,FALSE
Male,Loyal Customer,53,Business Travel,Business,2976,2,2,2,2,4,5,4,5,5,5,5,5,5,3.92,10,1,TRUE
Female,Loyal Customer,55,Business Travel,Eco,1020,3,4,4,4,4,3,3,3,3,3,3,1,3,3.15,0,8,FALSE
Male,Disloyal Customer,17,Business Travel,Eco,646,3,4,3,4,4,3,4,4,3,1,4,4,4,3.46,0,0,FALSE
Male,Loyal Customer,67,Personal Travel,Eco,752,3,4,3,5,1,3,1,1,4,5,5,4,1,3.08,0,5,FALSE
Female,Loyal Customer,34,Business Travel,Business,393,1,1,1,1,1,3,4,1,1,1,1,3,3,1.69,0,0,FALSE
Female,Loyal Customer,57,Business Travel,Business,1990,3,3,3,3,5,4,4,5,5,5,5,3,5,4.08,10,6,TRUE
Male,Loyal Customer,42,Business Travel,Business,3315,4,4,4,4,3,4,5,3,3,4,3,4,3,3.69,0,0,TRUE
Male,Disloyal Customer,26,Business Travel,Eco,1250,1,1,1,4,3,1,3,3,4,5,3,2,3,2.62,16,14,FALSE
Male,Disloyal Customer,30,Business Travel,Eco,508,2,5,2,2,4,2,4,4,5,2,3,5,4,3.38,0,0,FALSE
Female,Disloyal Customer,36,Business Travel,Business,447,2,2,2,4,1,2,1,1,4,3,5,5,1,2.54,7,0,FALSE
Male,Disloyal Customer,20,Business Travel,Eco,164,2,0,2,3,2,2,2,2,3,4,4,4,2,2.46,0,1,FALSE
Male,Disloyal Customer,37,Business Travel,Eco Plus,1024,2,2,2,3,5,2,5,5,3,4,4,3,5,3.46,9,0,FALSE
Male,Disloyal Customer,45,Business Travel,Eco,524,1,4,1,5,4,1,4,4,1,5,2,4,4,3.08,4,7,FALSE
Female,Loyal Customer,9,Personal Travel,Eco Plus,192,2,4,2,1,4,2,4,4,3,2,5,3,4,3.08,0,0,FALSE
Male,Loyal Customer,26,Business Travel,Business,2147,5,5,5,5,3,3,3,3,4,4,4,4,3,3.92,0,0,TRUE
Female,Disloyal Customer,10,Business Travel,Eco,770,2,2,2,4,2,2,2,2,1,2,4,1,2,2.15,74,68,FALSE
Male,Loyal Customer,42,Business Travel,Business,1525,4,4,3,4,4,5,5,5,5,5,5,5,5,4.54,0,0,TRUE
Female,Loyal Customer,52,Personal Travel,Eco,1838,3,4,2,1,2,4,5,1,1,2,1,3,5,2.62,1,5,FALSE
Male,Loyal Customer,12,Personal Travel,Eco,235,2,5,2,3,5,2,5,5,5,4,4,3,5,3.85,19,19,FALSE
Male,Loyal Customer,69,Personal Travel,Eco Plus,1235,3,5,3,3,3,3,3,3,5,3,1,2,3,3.08,0,12,FALSE
Male,Disloyal Customer,22,Business Travel,Eco,1415,3,3,3,4,1,3,2,1,1,1,5,5,1,2.54,0,0,TRUE
Male,Loyal Customer,55,Business Travel,Eco,1028,4,3,3,3,4,4,4,4,4,1,3,4,4,3.46,0,0,TRUE
Female,Loyal Customer,25,Personal Travel,Eco,867,1,4,1,1,3,1,3,3,3,1,3,4,3,2.38,0,0,FALSE
Male,Loyal Customer,37,Personal Travel,Eco,1846,0,4,0,3,3,0,2,3,4,4,5,2,3,2.54,8,0,TRUE
Female,Loyal Customer,62,Personal Travel,Eco,2248,2,4,2,1,3,4,4,3,3,2,2,5,5,3.08,0,0,FALSE
Female,Disloyal Customer,22,Business Travel,Business,557,4,2,4,4,3,4,3,3,4,1,4,3,3,3.23,50,46,FALSE
Female,Loyal Customer,27,Personal Travel,Eco,476,1,3,1,3,5,1,5,5,3,3,3,1,5,3,104,126,FALSE
Female,Loyal Customer,7,Personal Travel,Eco,469,3,3,3,4,4,3,4,4,4,2,2,3,4,3.31,14,11,FALSE
Male,Loyal Customer,22,Business Travel,Business,596,3,3,3,3,5,4,5,5,1,5,2,5,5,3.77,0,16,TRUE
Male,Loyal Customer,55,Personal Travel,Eco,607,2,4,2,1,3,2,3,3,3,3,4,5,3,2.92,29,25,FALSE
Female,Disloyal Customer,32,Business Travel,Eco Plus,748,3,3,3,3,2,3,2,2,2,5,2,5,2,2.85,9,8,FALSE
Male,Disloyal Customer,24,Business Travel,Eco,302,0,3,0,1,2,0,2,2,5,2,3,1,2,1.77,0,0,TRUE
Male,Loyal Customer,54,Business Travel,Business,2942,1,1,3,1,4,5,5,4,4,4,4,5,5,3.54,0,0,TRUE
Male,Loyal Customer,50,Business Travel,Business,2466,4,5,5,5,5,4,4,4,4,4,4,2,4,4.15,4,0,FALSE
Female,Disloyal Customer,24,Business Travel,Eco,119,4,3,4,3,4,4,4,2,3,3,3,4,4,3.46,172,189,FALSE
Male,Loyal Customer,40,Business Travel,Business,3791,4,4,4,4,2,4,4,5,5,5,5,4,5,4.23,0,0,TRUE
Female,Disloyal Customer,37,Business Travel,Business,342,1,1,1,3,3,1,1,3,5,3,4,5,3,2.62,0,0,FALSE
Female,Disloyal Customer,17,Business Travel,Eco,651,0,4,1,3,1,1,1,1,3,5,4,3,1,2.15,0,0,TRUE
Female,Loyal Customer,56,Personal Travel,Eco,1052,4,4,4,2,3,4,5,3,3,4,3,3,4,3.54,16,15,FALSE
Female,Loyal Customer,37,Business Travel,Business,525,1,0,0,4,3,3,4,4,4,0,4,4,1,2.46,17,6,FALSE
Female,Loyal Customer,39,Personal Travel,Eco Plus,2496,3,5,3,1,4,3,4,4,3,5,5,2,4,3.54,0,0,FALSE
Female,Loyal Customer,54,Business Travel,Business,599,2,1,2,1,5,4,3,2,2,2,2,3,3,2.46,0,0,FALSE
Male,Loyal Customer,57,Personal Travel,Eco,325,5,4,5,3,1,5,1,1,2,4,1,5,1,2.92,0,0,TRUE
Female,Loyal Customer,29,Business Travel,Business,1500,4,4,4,4,4,4,4,4,4,2,5,3,4,3.85,9,0,TRUE
Female,Disloyal Customer,25,Business Travel,Business,448,1,0,1,3,3,1,3,3,4,3,4,5,3,2.62,0,9,FALSE
Female,Loyal Customer,29,Business Travel,Business,3081,1,1,1,1,3,3,3,3,3,3,4,3,3,2.46,8,26,TRUE
Female,Loyal Customer,28,Business Travel,Eco,147,5,1,1,1,5,5,5,5,2,2,1,4,5,3.23,4,2,TRUE
Male,Loyal Customer,42,Business Travel,Eco,563,2,2,2,2,2,2,2,2,2,2,4,1,2,2.08,0,1,FALSE
Female,Loyal Customer,29,Business Travel,Eco Plus,261,4,5,5,5,4,4,4,4,2,4,3,5,4,4.08,0,0,TRUE
Female,Disloyal Customer,21,Business Travel,Eco,134,2,4,1,4,1,1,1,1,2,2,3,1,1,1.85,0,0,FALSE
Female,Loyal Customer,7,Personal Travel,Eco,1576,3,4,3,2,3,3,3,3,4,3,3,4,3,3.15,0,0,FALSE
Female,Loyal Customer,64,Personal Travel,Eco,1192,3,4,3,3,4,5,4,4,4,3,4,5,3,3.77,0,0,FALSE
Male,Loyal Customer,53,Business Travel,Business,3597,2,2,2,2,5,4,5,4,4,5,4,5,5,3.77,0,2,TRUE
Male,Loyal Customer,39,Business Travel,Eco,1188,5,1,1,1,5,5,5,5,2,3,3,3,5,3.38,0,0,TRUE
Female,Disloyal Customer,25,Business Travel,Eco Plus,628,2,2,2,3,1,2,1,1,1,4,4,1,1,1.92,3,0,FALSE
Male,Loyal Customer,48,Business Travel,Business,370,3,3,3,3,3,5,1,5,5,5,5,4,4,3.77,18,8,TRUE
Male,Loyal Customer,70,Personal Travel,Eco Plus,2077,2,3,2,4,5,2,1,5,4,4,2,2,5,3.15,14,7,FALSE
Female,Loyal Customer,68,Personal Travel,Eco,642,3,4,3,1,2,4,5,2,2,3,2,3,4,2.92,21,13,FALSE
Male,Loyal Customer,31,Personal Travel,Eco,733,0,5,0,2,1,0,1,1,4,4,4,1,1,1.85,0,0,TRUE
Female,Loyal Customer,53,Business Travel,Business,3113,5,5,5,5,4,5,5,5,5,5,5,5,4,4.85,4,4,TRUE
Female,Loyal Customer,17,Personal Travel,Eco,1069,2,5,2,2,4,2,4,4,5,5,5,3,4,3.62,0,4,FALSE
Male,Loyal Customer,48,Personal Travel,Eco,534,1,5,3,3,1,3,1,1,3,2,4,3,1,2.38,36,27,FALSE
Male,Loyal Customer,33,Business Travel,Business,3797,2,2,2,2,4,4,4,4,5,5,4,5,4,3.62,12,35,TRUE
Male,Loyal Customer,39,Business Travel,Business,1034,4,4,4,4,5,3,4,4,4,5,4,1,5,3.92,0,0,TRUE
Female,Disloyal Customer,25,Business Travel,Business,517,4,0,4,2,3,4,3,3,3,2,4,3,3,2.92,0,0,FALSE
Male,Loyal Customer,25,Personal Travel,Eco,404,3,4,3,2,1,3,1,1,3,5,4,5,1,2.77,10,5,FALSE
Male,Loyal Customer,44,Business Travel,Business,3093,0,4,0,3,3,2,1,4,4,4,4,3,1,2.54,60,72,TRUE
Female,Loyal Customer,49,Business Travel,Business,2338,4,4,5,4,3,5,5,4,4,4,4,5,5,4.31,51,33,TRUE
Female,Disloyal Customer,23,Business Travel,Eco,222,1,1,1,4,4,1,2,4,3,2,3,2,4,2.46,0,0,FALSE
Female,Loyal Customer,27,Personal Travel,Eco,67,5,4,5,4,4,5,4,4,4,3,5,5,4,4.31,0,0,TRUE
Female,Loyal Customer,49,Personal Travel,Eco,67,2,5,2,1,5,4,5,5,5,2,5,4,3,3.69,0,0,FALSE
Female,Loyal Customer,56,Business Travel,Business,2390,3,3,3,3,2,4,4,5,5,5,5,3,5,3.85,0,0,TRUE
Female,Loyal Customer,60,Business Travel,Eco Plus,263,4,2,2,2,5,4,3,3,3,4,3,2,4,3.15,0,0,TRUE
Male,Disloyal Customer,23,Business Travel,Business,971,4,5,4,1,2,4,2,2,4,4,5,4,2,3.31,15,0,TRUE
Female,Loyal Customer,39,Business Travel,Business,929,3,3,3,3,4,4,5,4,4,4,4,3,4,3.69,0,0,TRUE
Female,Loyal Customer,55,Business Travel,Business,2553,1,1,1,1,5,4,4,4,4,4,4,4,3,3.08,13,12,TRUE
Female,Loyal Customer,17,Personal Travel,Eco,985,2,5,2,5,5,2,5,5,4,4,5,4,5,4.08,7,8,FALSE
Female,Loyal Customer,45,Business Travel,Business,282,4,1,4,4,4,4,4,4,4,5,5,4,4,3.92,152,139,TRUE
Female,Disloyal Customer,59,Business Travel,Business,277,2,2,2,3,2,2,2,2,4,4,4,3,2,2.62,2,1,FALSE
Female,Loyal Customer,11,Business Travel,Business,3655,2,5,5,5,2,2,2,2,1,4,4,2,2,2.92,131,127,FALSE
Female,Loyal Customer,53,Business Travel,Business,751,5,5,5,5,4,4,5,3,3,3,3,5,4,4.15,0,0,TRUE
Male,Disloyal Customer,23,Business Travel,Eco,212,3,3,3,4,3,1,1,4,2,4,3,1,1,2.54,202,190,FALSE
Female,Disloyal Customer,20,Business Travel,Eco,260,5,4,5,4,3,5,3,3,3,3,1,4,3,3.54,0,0,TRUE
Female,Disloyal Customer,25,Business Travel,Eco,547,2,3,2,3,1,2,1,1,4,1,3,4,1,2.15,0,0,FALSE
Female,Loyal Customer,58,Business Travel,Business,1523,1,1,1,1,4,5,5,5,5,5,5,5,3,3.54,4,0,TRUE
Male,Loyal Customer,36,Personal Travel,Eco,946,4,4,4,3,5,4,5,5,3,3,3,3,5,3.92,0,13,FALSE
Female,Disloyal Customer,24,Personal Travel,Eco,1846,2,5,2,3,1,2,1,1,4,3,5,3,1,2.54,0,0,FALSE
Male,Loyal Customer,58,Business Travel,Eco Plus,207,5,3,3,3,5,5,5,5,3,3,4,4,5,4.08,0,0,TRUE
Female,Disloyal Customer,13,Business Travel,Eco,1290,3,3,3,3,4,3,4,4,4,2,2,1,4,3.08,0,0,FALSE
Male,Loyal Customer,41,Personal Travel,Business,2588,3,3,3,1,3,3,4,3,4,5,4,4,4,3.38,45,27,FALSE
Male,Loyal Customer,53,Business Travel,Business,2045,3,1,3,3,3,5,5,5,5,5,5,4,4,3.92,10,1,TRUE
Female,Loyal Customer,35,Personal Travel,Eco,404,3,5,3,2,3,3,3,3,5,3,3,2,3,3.15,0,1,FALSE
Male,Loyal Customer,11,Personal Travel,Eco,2586,1,4,1,3,1,1,1,1,3,2,4,4,1,2.08,40,39,FALSE
Female,Disloyal Customer,14,Business Travel,Eco,1105,5,5,5,3,3,5,3,3,3,2,5,5,3,3.85,0,0,TRUE
Female,Loyal Customer,54,Business Travel,Business,3867,3,3,3,3,2,5,4,4,4,4,5,3,4,3.62,0,0,TRUE
Female,Loyal Customer,50,Business Travel,Business,3158,2,2,2,2,5,4,4,4,4,4,4,5,3,3.46,0,0,TRUE
Female,Disloyal Customer,21,Business Travel,Eco,1846,2,2,2,4,5,2,2,5,4,2,3,3,5,3.15,0,,FALSE
Female,Loyal Customer,51,Business Travel,Business,1499,4,4,4,4,2,2,3,4,4,4,4,5,4,3.69,0,21,TRUE
Female,Loyal Customer,33,Business Travel,Business,3125,1,1,1,1,4,2,1,5,5,5,5,1,2,2.62,0,0,TRUE
Male,Loyal Customer,31,Business Travel,Business,628,1,1,3,1,5,5,5,5,4,2,1,1,5,3,0,0,TRUE
Male,Loyal Customer,64,Personal Travel,Eco,114,4,1,4,4,4,4,4,4,2,3,3,1,4,3.23,0,0,FALSE
Male,Disloyal Customer,10,Business Travel,Eco,689,4,4,4,1,5,4,5,5,4,1,5,4,5,3.92,2,0,TRUE
Female,Disloyal Customer,49,Business Travel,Eco,1666,3,3,3,3,2,3,4,2,2,1,3,2,2,2.54,48,94,FALSE
Female,Loyal Customer,38,Business Travel,Eco,739,4,5,4,4,4,5,4,4,1,1,2,5,4,3.62,18,14,TRUE
Female,Loyal Customer,36,Business Travel,Business,3731,4,2,2,2,2,3,4,4,4,4,4,3,3,3.15,0,0,FALSE
Female,Loyal Customer,19,Personal Travel,Eco,317,0,4,0,4,2,0,2,2,2,2,4,2,2,2,0,0,TRUE
Male,Disloyal Customer,21,Business Travel,Business,689,4,3,4,2,4,4,4,4,5,3,4,3,4,3.69,0,0,TRUE
Female,Loyal Customer,19,Personal Travel,Eco,862,3,4,3,2,3,3,3,3,3,2,4,4,3,3.08,1,0,FALSE
Female,Loyal Customer,61,Personal Travel,Eco,500,2,1,2,2,1,1,1,5,5,2,5,4,3,2.62,0,0,FALSE
Female,Loyal Customer,29,Business Travel,Eco Plus,2248,3,1,1,1,3,3,3,3,1,4,2,3,3,2.38,6,0,FALSE
Female,Disloyal Customer,35,Business Travel,Business,1188,3,3,3,5,3,3,3,3,3,2,4,3,3,3.15,0,2,FALSE
Female,Loyal Customer,16,Personal Travel,Eco,919,2,4,2,4,4,2,4,4,4,5,4,3,4,3.54,23,26,FALSE
Male,Loyal Customer,28,Personal Travel,Eco,235,5,4,5,5,1,5,1,1,3,3,4,5,1,3.31,0,0,TRUE
Male,Loyal Customer,38,Business Travel,Business,2323,3,3,3,3,1,1,4,4,4,4,4,1,4,3,0,0,TRUE
Female,Disloyal Customer,35,Business Travel,Business,342,2,2,2,4,1,2,1,1,3,5,5,3,1,2.46,4,1,FALSE
Female,Loyal Customer,38,Personal Travel,Eco,2402,3,2,3,3,3,3,5,1,4,4,3,5,5,3.38,1,17,FALSE
Male,Loyal Customer,45,Business Travel,Business,737,3,4,4,4,3,3,3,4,3,3,4,3,3,3.38,163,172,FALSE
Male,Disloyal Customer,36,Business Travel,Business,882,3,3,3,3,2,3,2,2,4,5,4,5,2,3.15,0,0,FALSE
Male,Loyal Customer,66,Business Travel,Eco,425,3,2,2,2,3,3,3,3,3,3,4,1,3,2.69,0,0,FALSE
Female,Loyal Customer,25,Business Travel,Business,370,3,3,3,3,4,4,4,4,1,3,5,4,4,3.46,13,5,TRUE
Female,Loyal Customer,24,Personal Travel,Eco,1609,2,5,2,4,1,2,1,1,3,2,5,4,1,2.54,0,0,FALSE
Female,Loyal Customer,51,Business Travel,Business,2444,3,3,3,3,5,3,5,4,4,4,4,3,3,3.62,0,0,TRUE
Female,Loyal Customer,50,Business Travel,Eco,525,5,5,5,5,3,5,4,5,5,5,5,2,4,4.46,0,0,TRUE
Female,Loyal Customer,67,Business Travel,Business,2415,1,1,1,1,5,4,4,5,5,5,5,3,3,3.31,0,0,TRUE
Female,Loyal Customer,16,Personal Travel,Eco,1276,2,2,2,4,2,2,3,2,2,5,2,2,2,2.46,9,8,FALSE
Female,Loyal Customer,45,Business Travel,Business,2812,4,4,2,4,5,4,4,5,5,5,5,4,4,4.23,0,9,TRUE
Male,Loyal Customer,66,Business Travel,Eco,1919,2,3,3,3,2,2,2,2,3,2,4,4,2,2.62,17,7,FALSE
Male,Disloyal Customer,24,Business Travel,Eco,413,0,0,0,3,3,0,3,3,3,4,4,5,3,2.38,0,0,TRUE
Male,Loyal Customer,45,Business Travel,Business,3826,4,4,4,4,2,4,4,2,2,2,2,5,4,3.31,6,1,TRUE
Male,Loyal Customer,48,Personal Travel,Eco,547,2,4,2,2,3,2,4,3,1,4,4,4,3,2.92,0,0,FALSE
Male,Loyal Customer,22,Personal Travel,Eco Plus,554,4,4,4,1,2,4,4,2,3,4,4,5,2,3.31,0,0,FALSE
Female,Disloyal Customer,20,Business Travel,Eco,590,3,3,3,4,1,3,2,1,2,3,4,4,1,2.62,76,55,FALSE
Male,Loyal Customer,57,Business Travel,Business,2545,0,0,0,1,2,5,5,4,4,4,5,3,4,2.85,5,4,TRUE
Male,Loyal Customer,52,Business Travel,Business,255,3,3,3,3,3,5,5,4,4,4,4,4,5,3.85,0,0,TRUE
Female,Disloyal Customer,21,Business Travel,Business,1619,3,0,3,4,1,3,1,1,4,4,3,2,1,2.31,17,6,FALSE
Male,Loyal Customer,57,Business Travel,Business,406,4,4,4,4,2,4,4,4,4,4,4,5,5,4,1,0,TRUE
Female,Loyal Customer,50,Business Travel,Business,474,3,2,3,3,5,3,2,3,3,3,3,3,2,2.92,0,0,TRUE
Female,Loyal Customer,33,Business Travel,Business,759,1,1,1,1,3,4,5,4,4,4,4,5,5,3.23,0,0,TRUE
Male,Loyal Customer,24,Business Travel,Business,1995,5,5,5,5,4,4,4,4,4,4,4,3,4,4.23,0,0,TRUE
Male,Loyal Customer,29,Personal Travel,Eco Plus,2077,3,3,3,2,3,3,3,3,1,2,2,1,3,2.46,36,15,FALSE
Female,Loyal Customer,42,Personal Travel,Eco Plus,472,2,3,2,3,3,2,2,2,2,2,2,4,3,2.46,29,20,FALSE
Male,Loyal Customer,67,Personal Travel,Eco,590,4,1,5,3,2,5,2,2,1,3,3,3,2,2.77,0,0,TRUE
Female,Disloyal Customer,22,Business Travel,Business,2565,4,2,3,1,2,3,2,2,5,4,3,3,2,2.77,10,0,TRUE
Male,Loyal Customer,33,Business Travel,Business,1865,4,4,4,4,5,5,5,5,5,4,3,4,5,4.38,81,42,TRUE
Female,Loyal Customer,48,Personal Travel,Eco Plus,501,3,1,3,4,4,4,3,5,5,3,5,2,4,3.54,0,0,FALSE
Female,Loyal Customer,28,Business Travel,Business,862,1,4,4,4,1,1,1,1,1,2,4,1,1,2,3,28,FALSE
Male,Loyal Customer,31,Personal Travel,Eco,552,3,0,3,1,3,3,3,3,5,2,5,4,3,2.92,0,0,FALSE
Female,Loyal Customer,31,Business Travel,Business,1927,5,5,5,5,4,4,4,4,3,5,5,3,4,4.31,0,0,TRUE
Female,Loyal Customer,55,Business Travel,Business,2483,0,4,0,2,4,4,4,1,2,3,3,4,4,2.69,277,278,TRUE
Female,Loyal Customer,25,Personal Travel,Eco,1187,3,4,2,1,5,2,5,5,5,3,3,5,5,3.69,0,0,FALSE
Female,Loyal Customer,48,Personal Travel,Eco,413,5,5,5,2,4,4,4,4,4,5,4,4,4,4.15,0,0,TRUE
Male,Disloyal Customer,34,Business Travel,Eco,300,2,3,2,2,1,2,4,1,4,3,5,5,1,2.69,0,0,FALSE
Female,Loyal Customer,31,Business Travel,Business,1303,3,3,3,3,5,5,5,5,4,3,5,4,5,4.08,0,0,TRUE
Male,Loyal Customer,42,Business Travel,Business,3981,2,2,2,2,3,5,5,4,4,4,4,3,3,3.31,41,49,TRUE
Male,Disloyal Customer,49,Business Travel,Eco,838,3,3,3,1,2,3,2,2,4,5,2,4,2,2.77,0,0,FALSE
Male,Loyal Customer,39,Personal Travel,Eco,1013,3,4,3,3,5,3,5,5,4,4,1,3,5,3.69,17,57,FALSE
Male,Loyal Customer,11,Personal Travel,Eco,874,3,4,4,3,2,4,2,2,1,4,2,4,2,2.85,63,57,FALSE
Female,Disloyal Customer,29,Business Travel,Eco,1524,2,2,2,4,2,5,5,2,1,4,3,5,5,3.23,173,195,FALSE
Female,Loyal Customer,64,Personal Travel,Eco Plus,448,4,5,3,3,3,2,1,3,3,3,4,2,4,3.08,6,0,FALSE
Male,Loyal Customer,43,Business Travel,Eco,835,2,3,4,3,2,2,2,2,1,2,4,1,2,2.31,1,12,FALSE
Female,Loyal Customer,39,Business Travel,Eco Plus,262,5,4,4,4,5,5,5,5,2,4,1,4,5,4.08,0,0,TRUE
Female,Disloyal Customer,38,Business Travel,Eco,209,2,0,2,4,3,2,3,3,5,3,1,1,3,2.46,0,5,FALSE
Male,Loyal Customer,46,Business Travel,Eco,347,2,1,1,1,2,2,2,2,5,4,3,1,2,2.15,0,0,TRUE
Female,Loyal Customer,57,Business Travel,Business,746,1,4,1,1,5,5,5,4,4,4,4,3,5,3.54,2,0,TRUE
Female,Loyal Customer,48,Personal Travel,Eco,285,2,5,2,3,3,4,5,4,4,2,4,4,4,3.54,0,0,FALSE
Male,Loyal Customer,54,Business Travel,Business,2775,2,2,5,2,3,4,4,2,2,2,2,3,4,2.85,0,1,TRUE
Male,Disloyal Customer,23,Business Travel,Eco,1356,4,4,4,3,5,4,5,5,4,5,5,3,5,4.31,0,0,TRUE
Male,Loyal Customer,13,Personal Travel,Eco,602,3,5,3,4,2,3,2,2,3,2,4,4,2,3,20,11,FALSE
Female,Loyal Customer,34,Business Travel,Business,3633,5,5,5,5,4,5,5,5,5,5,5,4,5,4.85,0,0,TRUE
Male,Loyal Customer,45,Personal Travel,Eco,329,1,1,1,3,3,1,3,3,4,1,3,1,3,2.15,6,34,FALSE
Male,Loyal Customer,52,Business Travel,Business,1602,1,1,1,1,4,4,5,5,5,5,5,3,3,3.31,0,0,TRUE
Male,Loyal Customer,42,Personal Travel,Eco,255,1,5,1,4,5,1,5,5,2,5,3,4,5,3.54,0,5,FALSE
Female,Disloyal Customer,17,Business Travel,Eco,1074,3,3,3,4,2,3,2,2,1,2,3,4,2,2.62,21,11,FALSE
Female,Loyal Customer,69,Personal Travel,Eco,347,4,5,5,3,2,5,5,3,3,5,3,4,5,4,0,0,FALSE
Female,Disloyal Customer,28,Business Travel,Eco,2615,2,2,2,4,2,1,1,2,4,2,4,1,1,2.15,1,15,FALSE
Male,Loyal Customer,46,Business Travel,Business,1608,1,1,1,1,2,4,5,5,5,5,5,5,3,3.31,0,0,TRUE
Male,Loyal Customer,36,Business Travel,Eco,391,2,3,3,3,2,2,2,2,1,4,3,4,2,2.54,0,0,FALSE
Female,Loyal Customer,37,Personal Travel,Eco,602,5,3,4,4,3,4,3,3,5,3,5,5,3,3.85,0,0,TRUE
Female,Loyal Customer,41,Business Travel,Business,90,4,1,4,4,5,4,5,3,4,5,5,5,5,4.15,64,210,TRUE
Male,Loyal Customer,31,Personal Travel,Eco,226,5,4,0,4,4,0,5,4,4,5,4,4,4,3.62,0,0,TRUE
Female,Loyal Customer,9,Personal Travel,Eco,758,3,4,2,3,5,2,4,5,4,1,4,3,5,3.46,0,0,FALSE
Female,Loyal Customer,65,Business Travel,Business,2257,2,1,1,1,2,3,4,2,2,2,2,4,2,2.15,4,0,FALSE
Male,Loyal Customer,16,Business Travel,Business,2846,1,2,2,2,4,4,1,4,3,3,2,2,4,2.62,0,0,FALSE
Male,Loyal Customer,38,Business Travel,Business,305,2,3,2,2,2,1,2,5,5,4,5,5,4,3.23,0,0,TRUE
Male,Loyal Customer,43,Business Travel,Business,2219,2,5,5,5,5,3,3,2,2,3,2,1,1,3,0,0,FALSE
Male,Disloyal Customer,38,Business Travel,Business,997,2,2,2,3,4,2,4,4,3,2,4,4,4,3.08,10,0,FALSE
Female,Loyal Customer,54,Business Travel,Business,496,2,2,2,2,2,5,5,4,4,4,4,4,3,3.31,0,5,TRUE
Male,Disloyal Customer,44,Business Travel,Business,351,3,3,3,4,1,3,1,1,2,5,3,1,1,2.38,0,0,FALSE
Female,Loyal Customer,41,Business Travel,Business,2486,1,2,1,1,4,5,4,5,5,5,5,3,4,3.46,0,0,TRUE
Female,Disloyal Customer,44,Business Travel,Eco,842,3,3,3,3,4,3,4,4,1,5,4,3,4,3.38,0,0,FALSE
Female,Loyal Customer,60,Business Travel,Business,3772,2,2,2,2,4,5,5,4,4,4,4,4,5,3.62,0,0,TRUE
Male,Loyal Customer,53,Business Travel,Business,337,1,1,1,1,4,5,4,5,5,5,5,3,3,3.31,19,9,TRUE
Male,Loyal Customer,29,Business Travel,Business,2716,3,3,3,3,5,5,5,5,5,4,5,3,5,4.15,4,0,TRUE
Male,Loyal Customer,17,Personal Travel,Eco,2125,2,4,2,2,1,2,1,1,1,4,2,3,1,2,0,0,FALSE
Male,Loyal Customer,30,Business Travel,Business,1975,4,2,2,2,1,1,4,1,2,2,3,3,1,2.15,9,0,FALSE
Female,Loyal Customer,38,Personal Travel,Business,406,1,4,2,3,1,4,5,2,2,2,2,5,1,2.62,21,13,FALSE
Male,Loyal Customer,43,Business Travel,Eco,2603,3,1,1,1,3,3,3,3,3,4,5,1,3,2.62,6,0,TRUE
Female,Loyal Customer,22,Business Travel,Business,895,3,3,3,3,2,2,2,2,5,4,5,5,2,3.15,0,0,TRUE
Male,Loyal Customer,66,Personal Travel,Eco,1723,2,5,2,5,1,2,1,1,4,2,5,5,1,2.77,0,0,FALSE
Female,Loyal Customer,46,Business Travel,Business,3091,4,4,4,4,5,5,4,3,3,3,3,4,4,3.85,16,7,TRUE
Male,Loyal Customer,25,Business Travel,Eco Plus,522,3,5,5,5,3,3,2,3,4,4,3,2,3,3.46,0,0,FALSE
Male,Loyal Customer,21,Personal Travel,Eco,220,1,4,1,3,1,1,1,1,1,3,3,4,1,1.92,0,0,FALSE
Female,Loyal Customer,49,Personal Travel,Eco,304,3,4,3,3,3,5,5,1,1,3,1,5,3,3.08,0,1,FALSE
Female,Loyal Customer,37,Business Travel,Business,528,2,2,2,2,2,5,4,5,5,5,5,4,5,3.69,0,0,TRUE
Male,Loyal Customer,43,Business Travel,Business,652,3,3,3,3,5,3,1,5,5,5,5,4,3,3.69,3,0,TRUE
Male,Loyal Customer,56,Business Travel,Business,2644,1,1,1,1,4,5,5,5,5,4,5,4,3,3.38,0,3,TRUE
Female,Disloyal Customer,24,Business Travel,Eco,990,2,2,2,3,1,2,1,1,3,3,5,3,1,2.23,0,0,FALSE
Male,Disloyal Customer,17,Business Travel,Eco,417,3,1,3,3,3,3,1,3,3,4,3,1,3,2.62,16,22,FALSE
Male,Loyal Customer,40,Business Travel,Eco,1097,5,5,5,5,5,5,5,5,5,5,1,2,5,4.46,11,22,TRUE
Female,Disloyal Customer,48,Business Travel,Eco,708,2,2,2,5,2,2,2,2,3,5,1,5,2,2.69,57,91,FALSE
Male,Loyal Customer,60,Business Travel,Business,994,2,2,2,2,5,4,5,4,4,4,4,4,4,3.54,32,17,TRUE
Female,Loyal Customer,55,Personal Travel,Eco,990,3,4,4,3,4,4,5,1,1,4,1,5,5,3.38,0,1,FALSE
Female,Loyal Customer,26,Business Travel,Business,110,2,2,2,2,4,4,3,4,1,5,5,5,4,3.31,0,0,TRUE
Male,Loyal Customer,54,Business Travel,Business,1562,4,4,3,4,5,5,5,4,3,5,5,5,5,4.38,275,262,TRUE
Male,Loyal Customer,39,Business Travel,Business,1149,1,1,1,1,3,5,4,3,3,3,3,3,5,2.77,0,0,TRUE
Male,Loyal Customer,24,Personal Travel,Eco,1846,3,4,3,3,5,3,5,5,4,4,3,5,5,4,0,0,FALSE
Female,Loyal Customer,40,Business Travel,Business,2590,1,1,1,1,3,4,4,5,5,5,5,3,5,3.31,11,0,TRUE
Male,Loyal Customer,56,Business Travel,Business,187,2,2,2,2,4,4,4,5,5,5,5,3,5,3.69,0,0,TRUE
Female,Loyal Customer,42,Business Travel,Business,2728,3,3,3,3,5,4,5,5,5,5,5,3,3,4,0,0,TRUE
Female,Loyal Customer,16,Personal Travel,Eco,542,3,5,3,1,5,3,5,5,5,3,4,4,5,3.92,6,4,FALSE
Female,Loyal Customer,58,Business Travel,Business,1450,2,3,2,2,5,4,5,5,5,5,5,5,4,4,0,0,TRUE
Female,Loyal Customer,29,Personal Travel,Eco,544,1,5,1,4,5,1,5,5,4,1,5,4,5,3.54,0,0,FALSE
Female,Disloyal Customer,26,Business Travel,Eco,861,2,2,2,4,4,2,3,4,2,4,4,3,4,3.08,96,103,FALSE
Female,Loyal Customer,12,Personal Travel,Eco Plus,406,1,5,1,2,3,1,3,3,4,5,5,3,3,3,0,14,FALSE
Female,Loyal Customer,46,Business Travel,Business,1597,5,5,5,5,4,4,5,4,4,4,4,5,5,4.54,40,21,TRUE
Female,Loyal Customer,32,Business Travel,Business,1723,3,3,3,3,5,5,5,5,3,4,5,5,5,4.15,13,16,TRUE
Male,Loyal Customer,34,Business Travel,Eco Plus,359,4,4,4,4,4,4,4,4,2,3,3,5,4,3.77,0,0,TRUE
Female,Loyal Customer,69,Personal Travel,Eco,366,2,1,5,3,5,3,4,3,3,5,3,1,3,3.15,0,0,FALSE
Male,Loyal Customer,12,Personal Travel,Eco,201,2,2,2,4,2,2,2,2,3,4,4,3,2,2.62,0,0,FALSE
Male,Loyal Customer,36,Business Travel,Eco,230,4,2,2,2,4,4,4,4,2,4,3,1,4,3.08,0,0,FALSE
Female,Loyal Customer,12,Personal Travel,Eco,583,5,5,5,3,3,5,3,3,3,4,5,3,3,3.85,0,0,TRUE
Female,Loyal Customer,59,Business Travel,Business,3316,5,5,5,5,4,5,4,5,5,5,5,5,5,4.85,0,0,TRUE
Male,Loyal Customer,35,Business Travel,Business,337,2,3,3,3,2,4,3,2,2,1,2,4,3,2.62,0,0,FALSE
Male,Loyal Customer,19,Personal Travel,Eco,1849,3,1,3,4,4,3,4,4,4,4,4,4,4,3.54,0,0,FALSE
Male,Disloyal Customer,36,Business Travel,Eco,528,4,1,4,4,2,4,2,2,2,3,4,4,2,2.92,0,0,FALSE
Female,Loyal Customer,40,Business Travel,Business,2134,2,2,2,2,1,4,4,4,4,4,4,5,2,3.08,0,0,TRUE
Female,Loyal Customer,23,Business Travel,Business,1085,4,2,2,2,4,4,4,4,2,2,3,4,4,3.15,3,0,FALSE
Male,Loyal Customer,45,Business Travel,Business,2799,4,4,4,4,4,5,3,2,2,2,2,3,2,3.15,7,0,TRUE
Female,Disloyal Customer,24,Business Travel,Business,1009,1,2,1,3,3,1,4,3,2,2,3,2,3,2.31,0,0,FALSE
Female,Loyal Customer,33,Personal Travel,Eco,302,1,3,1,3,5,1,5,5,3,5,3,1,5,3.15,57,58,FALSE
Female,Loyal Customer,13,Personal Travel,Eco Plus,289,0,3,0,5,2,0,2,2,2,5,3,4,2,2.31,1,3,TRUE
Female,Disloyal Customer,25,Business Travel,Eco,404,5,0,5,4,2,5,2,2,5,2,3,5,2,3.23,3,0,TRUE
Female,Disloyal Customer,42,Business Travel,Eco,774,2,2,2,2,5,2,5,5,3,3,4,2,5,3.23,18,34,FALSE
Female,Loyal Customer,70,Personal Travel,Eco,859,3,5,3,1,3,5,4,5,5,3,5,3,3,3.69,0,0,FALSE
Male,Loyal Customer,23,Business Travel,Eco,2399,4,4,4,4,4,4,5,4,3,2,3,4,4,3.77,0,5,TRUE
Female,Loyal Customer,33,Business Travel,Business,366,3,3,3,3,5,4,5,2,2,2,2,3,3,3.08,23,18,TRUE
Male,Loyal Customer,53,Business Travel,Business,334,3,5,3,3,4,5,5,5,5,5,5,4,5,4.38,5,0,TRUE
Male,Disloyal Customer,22,Business Travel,Business,441,5,3,5,3,5,5,5,5,5,5,5,5,5,4.69,1,0,TRUE
Male,Loyal Customer,64,Personal Travel,Eco,696,2,5,2,3,5,2,5,5,4,5,5,3,5,3.92,76,69,FALSE
Female,Loyal Customer,10,Personal Travel,Eco Plus,413,2,4,2,3,2,2,2,2,2,1,4,2,2,2.31,15,41,FALSE
Male,Disloyal Customer,24,Business Travel,Eco,235,3,4,3,3,5,3,5,5,3,5,5,5,5,4.15,12,9,FALSE
Male,Loyal Customer,46,Business Travel,Business,270,4,4,4,4,3,4,5,5,5,5,5,3,4,4.23,75,61,TRUE
Female,Disloyal Customer,40,Business Travel,Business,404,4,4,4,3,4,4,4,4,4,5,5,3,4,4,0,0,TRUE
Male,Loyal Customer,59,Business Travel,Business,794,2,2,2,2,2,4,4,5,5,5,5,4,5,3.62,0,0,TRUE
Female,Loyal Customer,44,Business Travel,Business,2777,2,2,2,2,5,5,5,3,3,5,3,4,1,3.23,3,0,TRUE
Female,Loyal Customer,45,Personal Travel,Eco,270,3,5,3,3,2,3,2,4,4,3,4,4,5,3.46,0,0,FALSE
Female,Disloyal Customer,29,Business Travel,Eco,868,2,2,2,3,3,2,5,3,1,5,3,4,3,2.92,0,0,FALSE
Female,Loyal Customer,45,Personal Travel,Eco,201,2,4,2,3,1,4,3,2,2,2,5,4,3,2.85,0,0,FALSE
Male,Loyal Customer,48,Business Travel,Eco,184,2,3,3,3,2,2,2,2,1,2,3,4,2,2.38,0,0,FALSE
Male,Loyal Customer,23,Business Travel,Business,3780,3,3,3,3,4,4,4,4,3,2,4,5,4,3.54,0,0,TRUE
Female,Loyal Customer,32,Business Travel,Business,337,3,3,3,3,4,4,4,4,5,5,5,3,4,3.85,0,0,TRUE
Male,Disloyal Customer,24,Business Travel,Eco,1046,5,5,5,4,5,2,2,1,4,2,5,2,2,3.38,139,142,TRUE
Male,Loyal Customer,21,Personal Travel,Eco,451,4,5,4,4,4,4,4,4,4,5,5,1,4,4,0,4,FALSE
Male,Loyal Customer,38,Business Travel,Business,2623,1,1,1,1,4,4,4,4,4,4,4,5,1,2.92,0,0,TRUE
Female,Loyal Customer,59,Business Travel,Business,2193,3,3,3,3,5,4,4,2,2,2,2,3,3,3,0,0,TRUE
Male,Loyal Customer,42,Business Travel,Business,347,1,1,1,1,2,4,5,5,5,5,5,5,5,3.46,0,0,TRUE
Female,Loyal Customer,50,Business Travel,Business,2933,1,1,1,1,4,2,1,5,5,5,5,3,3,2.85,0,0,TRUE
Female,Loyal Customer,13,Personal Travel,Eco,433,2,4,2,2,2,2,2,2,3,4,5,3,2,2.69,0,0,FALSE
Male,Loyal Customer,27,Business Travel,Business,1773,1,1,4,1,4,4,4,4,2,3,1,1,4,2.62,68,78,TRUE
Female,Loyal Customer,28,Business Travel,Business,3946,2,4,4,4,2,3,2,2,3,2,3,2,2,2.69,0,6,FALSE
Female,Disloyal Customer,25,Business Travel,Business,347,4,0,4,4,5,4,5,5,4,3,4,3,5,3.85,59,58,TRUE
Male,Loyal Customer,7,Personal Travel,Eco Plus,130,3,4,0,2,3,0,3,3,5,4,3,3,3,2.77,11,11,FALSE
Female,Loyal Customer,54,Business Travel,Eco,907,4,2,2,2,2,2,5,5,5,4,5,2,4,3.38,0,19,TRUE
Male,Loyal Customer,48,Business Travel,Business,2244,5,5,1,5,2,5,4,5,5,5,5,3,5,4.23,51,38,TRUE
Female,Loyal Customer,61,Personal Travel,Business,872,3,3,3,3,4,3,2,5,5,3,5,3,1,3.31,0,0,FALSE
Female,Loyal Customer,60,Business Travel,Business,1582,0,0,0,2,2,4,5,3,3,3,3,5,5,2.69,0,0,TRUE
Female,Loyal Customer,26,Business Travel,Business,2640,4,5,5,5,4,4,4,4,1,3,4,1,4,3.69,0,0,FALSE
Male,Disloyal Customer,23,Business Travel,Eco,349,4,0,4,3,5,4,5,5,4,5,4,4,5,4,17,7,TRUE
Male,Loyal Customer,52,Business Travel,Business,2716,2,2,2,2,4,5,5,4,4,4,4,3,5,3.54,9,0,TRUE
Male,Disloyal Customer,44,Business Travel,Business,192,5,5,5,3,2,5,2,2,5,2,4,5,2,3.62,0,0,TRUE
Female,Disloyal Customer,25,Business Travel,Business,546,2,0,2,4,4,2,4,4,4,4,5,4,4,3.31,0,0,FALSE
Female,Loyal Customer,57,Personal Travel,Eco Plus,431,4,5,4,4,3,5,4,1,1,4,1,3,5,3.38,0,0,FALSE
Female,Loyal Customer,68,Personal Travel,Eco,319,3,2,3,4,5,3,4,3,3,3,2,1,1,2.85,0,0,FALSE
Female,Loyal Customer,39,Personal Travel,Eco,101,3,5,3,1,1,3,1,1,5,3,5,5,1,2.85,0,0,FALSE
Female,Loyal Customer,66,Personal Travel,Eco,326,4,5,4,1,2,3,1,1,1,4,1,3,3,2.54,0,5,FALSE
Female,Loyal Customer,34,Personal Travel,Eco,223,4,1,4,3,3,4,3,3,1,4,3,2,3,2.92,0,0,TRUE
Male,Disloyal Customer,38,Business Travel,Business,373,5,4,4,2,2,4,2,2,5,4,5,4,2,3.46,0,0,TRUE
Male,Loyal Customer,50,Business Travel,Eco Plus,528,4,1,1,1,4,4,4,4,4,4,3,4,4,3.23,138,141,FALSE
Female,Loyal Customer,22,Personal Travel,Eco,1671,0,3,0,3,3,0,3,3,2,3,1,3,3,2.08,12,5,TRUE
Female,Loyal Customer,50,Personal Travel,Eco,402,1,4,1,2,2,5,4,4,4,1,2,3,5,2.92,2,0,FALSE
Male,Disloyal Customer,36,Business Travel,Business,228,2,2,2,2,2,2,2,2,1,5,1,4,2,2.23,86,66,FALSE
Female,Loyal Customer,43,Personal Travel,Eco,1062,4,3,4,4,1,4,3,4,4,4,4,5,1,3.46,0,0,TRUE
Female,Loyal Customer,17,Personal Travel,Eco,129,3,1,0,3,5,0,5,5,1,4,3,2,5,2.85,0,0,FALSE
Female,Loyal Customer,55,Business Travel,Business,1987,1,1,1,1,2,4,4,3,3,3,3,5,4,2.69,0,0,TRUE
Female,Disloyal Customer,35,Business Travel,Eco,406,4,0,4,4,3,4,3,3,3,2,5,4,3,3.23,18,10,FALSE
Female,Loyal Customer,14,Personal Travel,Eco,325,3,4,4,3,1,4,1,1,2,4,5,2,1,2.69,0,0,FALSE
Female,Loyal Customer,21,Personal Travel,Eco,1747,0,1,0,3,2,0,2,2,2,2,2,2,2,1.54,4,0,TRUE
Male,Disloyal Customer,40,Business Travel,Eco,482,3,1,4,1,5,4,5,5,2,4,1,3,5,3.31,29,16,FALSE
Male,Loyal Customer,48,Business Travel,Business,1836,1,1,1,1,3,4,4,4,4,4,4,4,4,3,12,0,TRUE
Male,Loyal Customer,58,Business Travel,Eco,423,1,2,2,2,1,1,1,1,2,5,4,3,1,2,12,4,FALSE
Male,Loyal Customer,30,Business Travel,Business,3142,3,3,3,3,4,4,5,4,5,2,5,3,4,3.69,0,0,TRUE
Female,Loyal Customer,59,Business Travel,Business,2825,4,2,4,4,3,4,5,5,5,5,5,5,3,4.15,0,3,TRUE
Male,Loyal Customer,52,Business Travel,Business,3343,4,4,5,4,3,4,4,5,5,5,5,5,5,4.46,0,0,TRUE
Male,Loyal Customer,40,Business Travel,Business,3641,2,3,3,3,1,4,3,4,4,4,2,1,1,2.69,29,23,FALSE
Male,Loyal Customer,48,Business Travel,Business,2875,1,5,5,5,1,3,3,1,1,1,1,3,3,2.54,0,0,FALSE
Male,Loyal Customer,47,Business Travel,Business,1262,1,4,3,3,4,4,4,1,1,1,1,2,2,2.38,0,0,FALSE
Female,Disloyal Customer,23,Business Travel,Eco,584,2,0,3,3,4,3,4,4,1,1,4,3,4,2.77,0,0,FALSE
Female,Loyal Customer,23,Business Travel,Business,507,2,2,2,2,5,5,5,5,4,2,5,5,5,3.77,0,0,TRUE
Female,Disloyal Customer,25,Business Travel,Eco,347,4,3,4,2,4,4,4,4,5,2,4,4,4,3.69,0,0,FALSE
Female,Loyal Customer,39,Personal Travel,Eco,2402,3,4,3,2,5,3,5,5,4,5,4,4,5,4,0,0,FALSE
Female,Disloyal Customer,36,Business Travel,Eco,447,2,1,2,2,3,2,3,3,3,4,3,2,3,2.54,0,0,FALSE
Male,Loyal Customer,54,Personal Travel,Eco,143,2,1,0,3,5,0,5,5,1,4,4,4,5,3,47,41,FALSE
Male,Disloyal Customer,21,Business Travel,Eco,872,2,2,2,3,2,1,1,4,2,4,3,1,1,2.15,0,13,FALSE
Male,Loyal Customer,37,Business Travel,Business,1814,4,4,4,4,2,4,4,4,4,4,4,3,3,3.69,0,0,TRUE
Female,Loyal Customer,37,Business Travel,Eco,331,3,2,2,2,3,3,3,3,4,3,3,2,3,2.77,13,0,FALSE
Male,Loyal Customer,60,Business Travel,Business,2125,2,2,2,2,5,5,5,4,4,4,4,3,3,3.46,0,0,TRUE
Female,Loyal Customer,37,Personal Travel,Eco,850,4,5,4,4,2,4,2,2,4,5,5,4,2,3.62,0,0,TRUE
Male,Loyal Customer,19,Business Travel,Business,853,3,3,3,3,4,4,4,4,4,2,5,5,4,3.69,25,50,TRUE
Female,Loyal Customer,46,Business Travel,Business,967,3,3,3,3,5,4,4,4,4,4,4,4,3,3.69,0,0,TRUE
Male,Disloyal Customer,38,Business Travel,Business,296,3,3,3,4,3,3,2,3,5,4,4,4,3,3.38,0,0,FALSE
Female,Loyal Customer,22,Personal Travel,Eco,452,4,5,4,3,1,4,1,1,5,4,4,4,1,3.15,0,14,TRUE
Male,Loyal Customer,64,Business Travel,Business,315,5,5,5,5,5,5,5,5,5,5,5,3,3,4.69,0,0,TRUE
Female,Loyal Customer,57,Business Travel,Business,1670,5,5,5,5,2,4,4,4,4,4,4,5,5,4.31,0,11,TRUE
Male,Loyal Customer,42,Business Travel,Business,1975,3,3,3,3,2,4,5,2,2,3,2,3,3,2.92,23,0,TRUE
Female,Loyal Customer,56,Business Travel,Business,304,0,0,0,3,2,4,4,5,5,5,5,3,4,3.08,75,69,TRUE
Female,Loyal Customer,60,Personal Travel,Eco,954,3,4,3,2,3,4,5,5,5,3,5,5,5,4,0,0,FALSE
Female,Loyal Customer,39,Personal Travel,Eco,1053,2,4,2,1,3,2,3,3,5,3,5,3,3,3,0,0,FALSE
Female,Loyal Customer,40,Business Travel,Business,3415,3,3,3,3,3,5,5,5,5,5,5,3,4,4,5,0,TRUE
Female,Loyal Customer,52,Personal Travel,Eco,327,2,4,2,1,5,5,5,2,2,2,1,4,3,2.92,0,18,FALSE
Male,Loyal Customer,37,Business Travel,Eco,397,5,3,3,3,5,5,5,5,3,2,4,4,5,4,0,2,TRUE
Male,Loyal Customer,44,Business Travel,Business,895,1,1,1,1,4,5,5,4,4,4,4,5,4,3.31,0,0,TRUE
Female,Loyal Customer,56,Personal Travel,Eco,507,4,4,2,2,2,4,5,4,4,2,4,5,4,3.54,17,9,FALSE
Female,Loyal Customer,44,Business Travel,Business,423,3,1,1,1,4,3,4,3,3,3,3,1,1,2.38,53,48,FALSE
Male,Loyal Customer,35,Business Travel,Business,1751,3,3,3,3,3,3,5,4,4,4,4,5,2,3.54,0,0,TRUE
Female,Disloyal Customer,39,Business Travel,Eco,102,4,4,4,4,5,4,5,5,3,2,4,4,5,4.08,0,0,FALSE
Male,Loyal Customer,25,Personal Travel,Eco,930,2,4,2,3,2,2,1,2,5,2,4,5,2,2.77,3,22,FALSE
Female,Loyal Customer,66,Business Travel,Business,2593,0,4,0,2,5,4,5,1,1,1,1,4,4,2.46,0,0,TRUE
Male,Disloyal Customer,20,Business Travel,Business,563,4,2,4,1,3,4,3,3,4,4,4,5,3,3.38,0,0,TRUE
Female,Loyal Customer,69,Personal Travel,Eco,281,3,4,3,2,4,5,4,3,3,3,3,5,5,3.62,111,99,FALSE
Female,Loyal Customer,47,Business Travel,Eco,1199,5,4,4,4,3,3,4,5,5,5,5,3,2,4,6,14,TRUE
Male,Disloyal Customer,59,Business Travel,Eco,996,4,4,4,4,4,1,4,1,4,4,4,4,4,3.54,3,7,FALSE
Female,Loyal Customer,32,Personal Travel,Eco,2007,3,5,3,1,4,3,4,4,5,3,4,3,4,3.54,0,0,FALSE
Female,Disloyal Customer,20,Business Travel,Eco,346,1,3,2,1,4,2,4,4,1,2,5,2,4,2.69,1,0,FALSE
Male,Loyal Customer,37,Business Travel,Business,666,5,5,5,5,5,4,5,5,5,5,5,5,4,4.85,4,15,TRUE
Male,Loyal Customer,48,Personal Travel,Eco,247,3,5,3,3,2,3,2,2,5,3,5,4,2,3.23,32,27,FALSE
Male,Loyal Customer,16,Personal Travel,Eco,853,2,4,2,2,3,2,3,3,5,5,4,3,3,3.15,33,57,FALSE
Male,Loyal Customer,30,Business Travel,Business,526,1,1,1,1,4,4,4,4,5,4,5,5,4,3.31,0,0,TRUE
Male,Loyal Customer,38,Personal Travel,Eco,1185,2,2,2,4,2,2,2,2,1,1,3,3,2,2.15,0,23,FALSE
Male,Loyal Customer,51,Business Travel,Business,1908,3,3,3,3,5,4,4,4,4,4,4,5,4,3.85,0,0,TRUE
Male,Loyal Customer,21,Business Travel,Business,2589,2,2,2,2,5,5,5,5,5,1,4,4,5,3.62,0,0,TRUE
Male,Loyal Customer,79,Business Travel,Eco,163,2,3,3,3,3,2,3,3,4,4,3,3,3,3,0,0,FALSE
Female,Loyal Customer,46,Business Travel,Business,113,4,4,4,4,4,4,4,4,4,4,4,5,3,4,8,8,TRUE
Male,Loyal Customer,17,Personal Travel,Eco,192,4,1,4,3,3,4,1,3,4,3,3,1,3,2.85,14,3,FALSE
Male,Loyal Customer,44,Business Travel,Business,1389,2,2,2,2,3,4,4,4,4,4,4,4,4,3.31,0,6,TRUE
Female,Disloyal Customer,36,Business Travel,Business,100,4,4,4,5,2,4,2,2,4,3,4,5,2,3.46,122,119,FALSE
Male,Loyal Customer,52,Business Travel,Business,1147,5,5,5,5,4,5,5,4,4,4,4,4,4,4.46,0,0,TRUE
Male,Loyal Customer,53,Business Travel,Business,1482,2,2,5,2,5,4,4,2,2,2,2,4,3,3,13,5,TRUE
Male,Loyal Customer,51,Business Travel,Eco,451,4,3,3,3,4,4,4,4,4,2,4,4,4,3.62,0,5,TRUE
Male,Loyal Customer,26,Personal Travel,Eco,758,3,5,3,1,4,3,4,4,4,5,3,1,4,3.38,0,0,FALSE
Female,Loyal Customer,26,Personal Travel,Eco,102,3,5,3,2,5,3,5,5,4,4,5,3,5,4,0,0,FALSE
Female,Loyal Customer,57,Business Travel,Business,1947,5,5,5,5,4,5,4,5,5,5,5,3,5,4.69,59,53,TRUE
Male,Disloyal Customer,21,Business Travel,Eco,524,5,0,5,4,0,4,4,4,5,5,5,4,4,3.77,398,377,TRUE
Female,Disloyal Customer,33,Business Travel,Business,406,3,3,3,2,1,3,3,1,4,2,5,3,1,2.62,0,0,FALSE
Female,Loyal Customer,13,Personal Travel,Eco,101,1,5,1,5,2,1,2,2,5,5,4,3,2,2.92,0,13,FALSE
Female,Loyal Customer,46,Business Travel,Business,632,2,5,2,2,4,4,5,4,4,4,4,5,5,3.85,0,0,TRUE
Male,Loyal Customer,54,Personal Travel,Eco,689,2,2,2,3,1,2,1,1,3,3,3,3,1,2.08,100,102,FALSE
Female,Loyal Customer,58,Business Travel,Business,2475,2,2,3,2,4,4,4,5,2,4,4,4,4,3.38,0,0,TRUE
Female,Loyal Customer,33,Business Travel,Business,184,4,2,2,2,4,3,4,3,3,2,4,3,2,2.92,0,0,FALSE
Female,Disloyal Customer,39,Business Travel,Business,201,3,3,3,5,2,3,2,2,5,5,4,4,2,3.31,54,52,FALSE
Female,Disloyal Customer,25,Business Travel,Eco Plus,502,3,3,3,4,5,3,5,5,2,5,3,1,5,3.62,0,31,FALSE
Male,Disloyal Customer,34,Business Travel,Business,397,3,3,3,5,4,3,4,4,5,4,5,4,4,3.92,0,0,FALSE
Female,Loyal Customer,69,Personal Travel,Eco Plus,583,5,4,5,1,4,4,5,1,1,5,1,5,4,3.46,0,0,TRUE
Male,Loyal Customer,48,Personal Travel,Eco,399,2,5,2,1,2,2,2,2,3,3,5,5,2,2.77,27,12,FALSE
Male,Loyal Customer,40,Business Travel,Business,3874,0,0,0,4,3,5,5,4,4,4,3,3,5,3.08,0,0,TRUE
Male,Loyal Customer,21,Business Travel,Eco Plus,2355,0,5,0,2,3,0,3,3,2,3,5,5,3,2.62,0,1,TRUE
Female,Loyal Customer,58,Business Travel,Eco,101,4,5,5,5,4,4,2,4,4,4,4,1,5,3.92,0,5,TRUE
Male,Loyal Customer,38,Personal Travel,Eco,590,1,5,1,3,5,1,5,5,3,5,4,4,5,3.62,0,0,FALSE
Male,Loyal Customer,9,Personal Travel,Eco Plus,253,3,4,3,3,2,3,2,2,4,3,4,4,2,3,0,0,FALSE
Male,Disloyal Customer,26,Business Travel,Eco,265,1,4,1,3,1,1,1,1,3,4,4,1,1,2,0,6,FALSE
Female,Loyal Customer,8,Personal Travel,Eco,213,3,3,3,1,4,3,4,4,4,3,4,3,4,3.31,2,0,FALSE
Female,Loyal Customer,39,Personal Travel,Eco,925,2,4,2,3,2,2,2,4,3,5,4,2,2,2.85,267,239,FALSE
Male,Loyal Customer,15,Personal Travel,Eco,594,2,1,2,1,5,2,3,5,3,1,1,1,5,2.46,0,0,FALSE
Female,Loyal Customer,46,Business Travel,Business,733,1,1,1,1,3,5,4,4,4,4,4,4,4,3.08,0,0,TRUE
Female,Loyal Customer,55,Personal Travel,Eco,1171,1,5,1,1,3,3,4,1,1,1,5,3,5,2.62,0,0,FALSE
Female,Loyal Customer,37,Personal Travel,Eco,1947,4,4,4,2,3,4,3,3,3,3,4,3,3,3.31,0,0,TRUE
Female,Loyal Customer,61,Business Travel,Eco,399,2,2,2,2,5,2,2,2,2,2,2,2,3,2.31,76,67,FALSE
Male,Loyal Customer,53,Personal Travel,Eco,453,1,4,1,5,2,1,2,2,5,4,4,3,2,2.77,26,9,FALSE
Female,Loyal Customer,52,Business Travel,Business,236,1,1,1,1,5,5,4,5,5,5,5,3,5,3.54,30,29,TRUE
Female,Loyal Customer,25,Business Travel,Business,1166,4,2,4,4,5,5,5,5,4,4,5,4,5,4.31,60,121,TRUE
Male,Disloyal Customer,25,Business Travel,Business,1389,4,1,4,2,2,4,1,2,4,4,5,5,2,3.08,0,0,TRUE
Male,Loyal Customer,41,Personal Travel,Eco,813,2,1,2,2,2,2,1,2,3,5,1,4,2,2.23,7,2,FALSE
Male,Disloyal Customer,61,Business Travel,Business,347,3,3,3,3,4,3,5,4,5,4,4,3,4,3.69,0,0,FALSE
Female,Loyal Customer,32,Personal Travel,Eco,163,3,5,3,2,4,3,4,4,4,4,4,5,4,3.77,2,10,FALSE
Female,Loyal Customer,33,Business Travel,Eco,809,5,1,1,1,5,5,5,5,1,3,4,1,5,3.23,3,13,TRUE
Female,Loyal Customer,75,Business Travel,Business,191,2,4,5,5,4,2,2,1,1,1,2,1,1,2.38,0,0,FALSE
Female,Loyal Customer,58,Business Travel,Business,3557,3,3,3,3,1,4,3,3,3,3,3,3,2,2.85,0,0,FALSE
Male,Loyal Customer,17,Personal Travel,Eco,1371,4,5,4,3,3,4,2,3,4,2,4,4,3,3.46,0,0,FALSE
Male,Disloyal Customer,49,Business Travel,Eco,1035,2,2,2,2,1,2,1,1,4,3,3,2,1,2,52,44,FALSE
Female,Loyal Customer,43,Business Travel,Business,853,2,2,2,2,4,4,4,5,5,5,5,4,5,3.77,0,0,TRUE
Female,Loyal Customer,39,Personal Travel,Eco,481,3,2,3,4,5,3,5,5,1,3,4,1,5,3.38,7,0,FALSE
Female,Loyal Customer,31,Business Travel,Business,845,3,3,3,3,2,2,2,2,5,3,3,3,2,2.77,0,0,TRUE
Male,Loyal Customer,52,Business Travel,Business,2488,0,5,0,1,4,5,5,5,5,5,5,4,5,3.77,0,0,TRUE
Male,Disloyal Customer,22,Business Travel,Eco,515,0,4,0,2,3,0,5,3,3,3,4,5,3,2.69,0,0,TRUE
Female,Loyal Customer,48,Business Travel,Business,226,2,4,4,4,4,2,3,2,2,3,2,3,3,2.92,0,0,FALSE
Female,Loyal Customer,44,Business Travel,Business,353,4,4,4,4,5,4,5,4,4,4,4,2,1,3.77,0,0,TRUE
Male,Loyal Customer,25,Personal Travel,Eco,342,3,5,3,1,4,3,4,4,3,5,5,5,4,3.77,11,2,FALSE
Female,Loyal Customer,42,Personal Travel,Business,2475,5,1,5,1,2,1,1,2,2,5,2,3,1,2.38,11,0,TRUE
Female,Loyal Customer,59,Personal Travel,Eco,599,3,5,3,4,2,5,5,4,4,3,5,3,3,3.77,37,33,FALSE
Male,Loyal Customer,45,Personal Travel,Eco,834,3,4,4,3,5,4,5,5,3,4,4,3,5,4,0,4,FALSE
Female,Loyal Customer,20,Business Travel,Business,1518,1,5,5,5,1,1,1,1,3,2,2,2,1,2.31,0,11,FALSE
Male,Loyal Customer,20,Personal Travel,Eco Plus,1167,2,4,2,4,4,2,4,4,3,4,4,3,4,3.38,0,25,FALSE
Male,Loyal Customer,26,Business Travel,Business,2629,3,3,2,3,3,4,3,3,1,4,4,1,3,2.85,0,16,FALSE
Male,Loyal Customer,53,Business Travel,Business,3598,1,1,1,1,3,4,5,5,5,5,5,3,3,3.23,0,0,TRUE
Male,Loyal Customer,69,Personal Travel,Business,588,3,5,3,2,5,4,4,5,5,3,4,4,5,4,16,14,FALSE
Female,Loyal Customer,41,Business Travel,Business,1857,1,1,1,1,4,5,5,4,4,4,4,4,5,3.31,38,22,TRUE
Female,Loyal Customer,58,Business Travel,Business,3203,4,4,4,4,4,5,5,4,4,4,4,3,4,4.08,1,0,TRUE
Female,Loyal Customer,51,Personal Travel,Eco,587,1,4,0,3,3,4,2,5,5,0,3,1,3,2.62,0,0,FALSE
Female,Loyal Customer,33,Personal Travel,Eco,413,2,1,2,3,5,2,1,5,2,2,4,3,5,2.85,0,0,FALSE
Female,Loyal Customer,48,Personal Travel,Eco,618,1,5,1,1,5,5,5,2,2,1,2,3,5,2.92,0,0,FALSE
Female,Loyal Customer,48,Business Travel,Eco,817,3,5,5,5,1,4,4,3,3,3,3,1,1,3.15,0,0,FALSE
Female,Disloyal Customer,43,Business Travel,Eco,549,5,0,5,5,1,5,1,1,3,5,3,1,1,2.77,0,0,TRUE
Male,Disloyal Customer,38,Business Travel,Business,496,1,1,1,4,3,1,3,3,4,3,5,3,3,2.69,9,6,FALSE
Male,Loyal Customer,66,Personal Travel,Eco,1892,3,3,2,3,3,2,3,3,3,5,3,1,3,2.85,0,0,FALSE
Male,Loyal Customer,23,Personal Travel,Eco,859,2,4,2,5,2,2,3,2,5,4,5,3,2,3.15,7,0,FALSE
Male,Loyal Customer,23,Business Travel,Business,1778,2,3,3,3,2,2,2,2,2,1,4,4,2,2.46,0,0,FALSE
Male,Loyal Customer,46,Business Travel,Business,2019,5,5,3,5,2,5,5,5,5,5,5,3,4,4.38,40,26,TRUE
Female,Loyal Customer,45,Personal Travel,Eco,1619,2,5,2,3,4,4,4,4,4,2,1,4,5,3.38,0,0,FALSE
Female,Loyal Customer,44,Personal Travel,Eco,173,4,5,0,1,3,4,4,4,4,0,2,5,5,3.15,57,80,FALSE
Male,Loyal Customer,54,Personal Travel,Eco,308,4,3,4,3,3,4,3,3,4,2,2,4,3,3.23,2,0,TRUE
Female,Loyal Customer,36,Personal Travel,Eco,2565,2,2,2,4,2,2,2,2,3,5,3,1,2,2.46,5,0,FALSE
Male,Disloyal Customer,25,Business Travel,Eco,867,1,1,1,3,1,1,2,1,3,3,3,4,1,1.92,0,35,FALSE
Male,Loyal Customer,59,Personal Travel,Eco,201,5,1,5,4,2,5,1,2,1,4,3,2,2,2.85,31,29,TRUE
Female,Loyal Customer,8,Personal Travel,Eco,833,3,4,3,2,4,3,4,4,3,4,5,3,4,3.54,0,12,FALSE
Female,Loyal Customer,49,Business Travel,Eco Plus,300,5,2,2,2,5,5,3,5,5,5,5,1,4,3.77,0,0,TRUE
Male,Loyal Customer,42,Personal Travel,Eco,268,1,3,1,4,2,1,2,2,1,1,3,2,2,1.92,46,67,FALSE
Male,Loyal Customer,13,Personal Travel,Eco,1249,2,5,2,1,1,2,1,1,4,2,4,3,1,2.23,0,0,FALSE
Female,Loyal Customer,52,Business Travel,Business,1325,3,1,1,1,3,3,4,3,3,3,3,1,4,2.54,0,5,FALSE
Male,Loyal Customer,51,Personal Travel,Eco,174,5,5,5,1,5,5,5,5,1,4,1,1,5,3.69,0,4,TRUE
Male,Loyal Customer,53,Personal Travel,Eco,1172,1,5,1,5,3,1,3,3,5,3,4,5,3,3.23,0,0,FALSE
Female,Loyal Customer,65,Personal Travel,Business,590,1,4,1,4,4,5,4,4,4,1,4,5,5,3.54,0,0,FALSE
Female,Loyal Customer,48,Personal Travel,Eco,402,3,5,3,3,2,5,5,5,5,3,5,3,4,3.92,0,0,FALSE
Female,Loyal Customer,69,Personal Travel,Eco,1565,1,4,1,2,1,5,5,5,2,5,5,5,5,3.54,259,265,FALSE
Female,Loyal Customer,24,Personal Travel,Eco,624,3,4,4,1,4,4,4,4,5,2,5,4,4,3.69,0,0,FALSE
Female,Loyal Customer,43,Business Travel,Business,1724,5,5,5,5,2,5,4,5,5,5,5,3,3,4.38,0,6,TRUE
Female,Loyal Customer,60,Business Travel,Eco,594,3,1,1,1,4,3,3,3,3,3,3,3,2,2.54,0,0,FALSE
Female,Loyal Customer,34,Personal Travel,Eco Plus,391,2,4,2,3,1,2,1,1,4,2,5,4,1,2.46,56,46,FALSE
Female,Disloyal Customer,27,Business Travel,Eco,495,1,1,1,4,4,1,4,4,1,1,4,4,4,2.62,0,0,FALSE
Male,Loyal Customer,59,Personal Travel,Eco,731,2,1,2,3,2,4,2,2,1,4,3,2,2,2.31,288,279,FALSE
Male,Disloyal Customer,23,Business Travel,Eco,964,2,2,2,3,5,2,5,5,1,3,4,5,5,3.38,20,1,FALSE
Male,Loyal Customer,25,Business Travel,Business,926,2,2,2,2,5,5,5,5,5,2,5,3,5,3.69,16,10,TRUE
Female,Loyal Customer,61,Business Travel,Business,235,4,4,4,4,5,5,5,3,5,4,3,5,5,4.31,242,228,TRUE
Male,Loyal Customer,24,Personal Travel,Business,226,3,4,3,5,3,3,3,3,3,2,4,3,3,3.23,0,0,FALSE
Male,Loyal Customer,23,Personal Travel,Eco,1371,2,5,2,4,1,2,1,1,4,2,5,4,1,2.62,0,0,FALSE
Female,Loyal Customer,61,Personal Travel,Eco,1256,3,5,3,3,3,3,5,3,3,3,4,4,5,3.62,0,6,FALSE
Female,Disloyal Customer,59,Business Travel,Business,432,4,4,4,3,1,4,1,1,4,4,5,3,1,3,5,0,TRUE
Female,Loyal Customer,50,Personal Travel,Eco,1597,3,3,3,3,4,2,4,1,1,3,1,4,2,2.62,0,11,FALSE
Female,Loyal Customer,57,Business Travel,Business,2444,2,2,2,2,5,5,5,5,3,5,4,5,5,3.85,182,169,TRUE
Female,Loyal Customer,25,Personal Travel,Eco,634,3,4,4,4,5,4,5,5,4,2,4,4,5,4.08,27,25,FALSE
Female,Disloyal Customer,22,Business Travel,Business,257,5,5,5,4,2,5,2,2,5,3,5,3,2,3.69,0,0,TRUE
Female,Loyal Customer,52,Business Travel,Business,3928,4,4,4,4,4,5,5,4,4,4,4,5,4,4.23,0,0,TRUE
Male,Loyal Customer,49,Personal Travel,Eco,304,3,5,3,3,5,3,5,5,5,2,4,5,5,4.08,23,18,FALSE
Female,Loyal Customer,11,Personal Travel,Eco,667,2,5,2,1,2,2,3,2,5,3,4,3,2,2.77,4,0,FALSE
Male,Disloyal Customer,23,Business Travel,Business,737,5,4,5,3,5,5,4,5,5,5,5,3,5,4.54,0,0,TRUE
Female,Loyal Customer,49,Personal Travel,Eco,236,2,5,2,4,3,4,4,2,2,2,2,4,5,3.15,9,1,FALSE
Male,Loyal Customer,50,Personal Travel,Eco,874,3,2,3,3,2,3,2,2,4,2,1,1,2,2.31,0,0,FALSE
Female,Loyal Customer,67,Personal Travel,Eco,230,3,5,0,3,3,5,5,5,5,0,5,3,4,3.54,0,0,FALSE
Male,Loyal Customer,48,Business Travel,Business,3597,1,1,1,1,5,2,1,4,4,4,4,2,4,2.62,0,12,TRUE
Male,Loyal Customer,43,Business Travel,Eco,442,3,2,3,2,3,3,3,3,3,2,3,2,3,2.69,7,7,FALSE
Male,Loyal Customer,45,Business Travel,Business,2972,2,5,2,5,5,3,2,2,2,2,2,3,2,2.85,37,49,FALSE
Male,Loyal Customer,57,Personal Travel,Eco,1096,3,4,3,2,3,3,3,3,2,2,3,4,3,2.92,0,0,FALSE
Female,Loyal Customer,11,Personal Travel,Eco,936,3,5,3,3,4,3,4,4,5,3,3,4,4,3.69,4,4,FALSE
Female,Loyal Customer,43,Business Travel,Eco,1416,3,4,4,4,1,3,4,3,3,3,3,3,1,3,0,0,FALSE
Male,Loyal Customer,48,Personal Travel,Eco,261,2,3,2,1,3,2,3,3,2,3,4,4,3,2.69,9,6,FALSE
Female,Loyal Customer,26,Personal Travel,Eco,1009,3,2,3,3,5,3,2,5,2,4,4,3,5,3.38,0,0,FALSE
Female,Loyal Customer,56,Business Travel,Eco,1533,3,5,5,5,3,4,3,3,3,3,3,1,2,3.31,0,0,FALSE
Male,Loyal Customer,52,Business Travel,Business,192,4,4,4,4,5,3,1,4,4,4,4,3,1,3.46,0,0,TRUE
Male,Loyal Customer,41,Business Travel,Business,3982,4,4,4,4,2,2,1,4,4,4,4,4,3,3.38,14,31,TRUE
Male,Loyal Customer,35,Personal Travel,Eco,872,3,2,3,3,2,3,2,2,3,3,4,1,2,2.54,7,6,FALSE
Male,Loyal Customer,54,Business Travel,Business,3123,0,0,0,3,4,4,4,4,4,5,5,3,3,3,65,67,TRUE
Female,Disloyal Customer,52,Business Travel,Business,631,4,4,4,5,5,4,5,5,5,5,5,3,5,4.54,0,0,TRUE
Male,Loyal Customer,51,Personal Travel,Eco Plus,1844,2,1,2,3,1,2,2,1,4,2,3,4,1,2.15,16,24,FALSE
Male,Loyal Customer,22,Business Travel,Business,3930,2,3,2,2,3,4,3,3,5,5,5,2,3,3.23,0,0,TRUE
Female,Disloyal Customer,56,Business Travel,Business,472,3,3,3,3,4,3,4,4,4,5,3,4,4,3.62,15,8,FALSE
Male,Disloyal Customer,21,Business Travel,Business,762,5,4,5,5,4,5,4,4,5,4,4,3,4,4.31,0,0,TRUE
Male,Loyal Customer,34,Personal Travel,Eco,528,2,5,2,3,1,2,1,1,4,4,4,5,1,2.69,10,4,FALSE
Female,Loyal Customer,65,Personal Travel,Eco,223,1,2,1,4,5,4,3,3,3,1,3,3,3,2.77,37,33,FALSE
Female,Loyal Customer,48,Business Travel,Business,584,2,2,2,2,5,4,4,5,5,5,5,5,3,3.77,0,0,TRUE
Male,Disloyal Customer,25,Business Travel,Business,409,4,0,3,5,2,3,2,2,4,3,4,4,2,2.92,0,0,TRUE
Female,Disloyal Customer,32,Business Travel,Eco,306,2,1,2,4,5,2,5,5,1,3,3,4,5,3.23,0,0,FALSE
Male,Loyal Customer,58,Personal Travel,Eco,1192,1,4,1,4,3,1,4,3,4,4,4,5,3,3.15,2,0,FALSE
Male,Loyal Customer,41,Business Travel,Eco,620,5,5,5,5,5,5,5,5,3,4,1,1,5,4.15,0,0,TRUE
Male,Loyal Customer,56,Business Travel,Business,859,1,1,1,1,2,5,4,4,4,4,4,5,5,3.15,0,2,TRUE
Female,Disloyal Customer,27,Business Travel,Business,1277,0,0,0,2,5,0,5,5,3,3,5,3,5,2.77,0,0,TRUE
Female,Loyal Customer,32,Business Travel,Eco,1598,0,0,0,3,3,0,2,3,4,5,3,3,3,2.23,4,0,TRUE
Male,Disloyal Customer,39,Business Travel,Business,89,5,0,0,3,1,0,1,1,5,5,4,4,1,2.31,23,38,TRUE
Female,Loyal Customer,18,Business Travel,Business,391,1,5,5,5,1,1,1,1,4,3,3,1,1,2.46,17,17,FALSE
Female,Loyal Customer,30,Personal Travel,Business,1072,2,5,2,3,4,2,4,4,4,4,4,4,4,3.54,34,19,FALSE
Male,Loyal Customer,40,Business Travel,Business,2165,4,4,4,4,5,5,5,3,3,3,3,5,3,3.92,0,0,TRUE
Male,Loyal Customer,33,Business Travel,Business,3935,1,4,4,4,1,1,1,1,2,1,3,1,1,1.92,0,6,FALSE
Female,Loyal Customer,41,Personal Travel,Eco,546,3,3,3,4,4,3,4,4,4,5,2,5,4,3.69,0,0,FALSE
Male,Loyal Customer,68,Personal Travel,Eco,1747,3,3,3,3,4,3,4,4,2,2,2,2,4,3,0,0,FALSE
Female,Loyal Customer,36,Business Travel,Eco,404,1,3,5,3,1,1,1,1,4,1,4,3,1,2.23,0,10,FALSE
Female,Loyal Customer,51,Business Travel,Eco,618,2,2,2,2,4,1,5,1,1,2,1,1,5,2.23,26,23,TRUE
Male,Disloyal Customer,21,Business Travel,Eco,414,5,4,5,3,5,5,1,5,3,3,2,3,5,3.77,0,0,TRUE
Female,Loyal Customer,42,Business Travel,Business,2042,3,1,4,1,2,3,3,3,3,3,3,2,4,2.69,39,42,FALSE
Male,Loyal Customer,59,Business Travel,Business,3380,2,1,1,1,5,3,3,2,2,1,2,1,1,1.92,0,10,FALSE
Male,Loyal Customer,46,Business Travel,Business,1984,4,4,4,4,4,3,4,5,5,5,5,4,5,4.31,0,0,TRUE
Female,Loyal Customer,43,Business Travel,Business,802,3,3,3,3,4,5,5,5,5,5,5,3,4,4.08,29,34,TRUE
Female,Loyal Customer,40,Personal Travel,Eco,373,4,3,4,3,2,4,2,2,2,2,3,3,2,2.77,1,0,FALSE
Female,Loyal Customer,35,Personal Travel,Business,366,3,1,3,3,5,2,2,2,2,3,2,2,1,2.38,28,27,FALSE
Female,Loyal Customer,43,Business Travel,Business,3325,1,1,1,1,4,4,5,4,4,4,4,3,3,3,0,2,TRUE
Female,Loyal Customer,46,Business Travel,Business,3093,4,4,4,4,3,5,4,4,4,4,4,3,4,3.92,2,2,TRUE
Female,Loyal Customer,32,Business Travel,Business,2402,5,5,5,5,4,4,4,3,5,4,4,4,4,4.31,0,13,TRUE
Female,Loyal Customer,47,Personal Travel,Eco,101,2,4,2,5,4,4,4,3,3,2,3,5,5,3.54,0,3,FALSE
Male,Loyal Customer,39,Business Travel,Eco,1017,4,3,3,3,4,4,4,4,3,4,4,3,4,3.62,0,0,FALSE
Male,Loyal Customer,40,Business Travel,Business,247,4,4,5,4,3,5,4,5,5,5,5,4,4,4.38,0,4,TRUE
Female,Loyal Customer,44,Business Travel,Business,1737,4,4,4,4,5,5,4,4,4,4,4,3,3,4,32,16,TRUE
Male,Loyal Customer,32,Business Travel,Business,3025,5,5,5,5,5,5,5,5,4,4,5,4,5,4.77,0,0,TRUE
Female,Loyal Customer,23,Business Travel,Business,990,5,5,5,5,3,4,3,3,2,3,1,1,3,3.31,0,0,TRUE
Male,Loyal Customer,61,Business Travel,Eco,116,4,5,5,5,4,4,4,4,5,1,1,3,4,3.77,0,2,TRUE
Female,Loyal Customer,60,Business Travel,Eco Plus,1176,4,5,5,5,2,3,3,4,4,4,4,2,4,3.77,53,54,FALSE
Female,Loyal Customer,43,Business Travel,Business,728,3,3,3,3,3,5,5,4,4,4,4,3,3,3.62,0,0,TRUE
Female,Loyal Customer,59,Business Travel,Eco,563,3,3,3,3,4,3,4,2,2,3,2,2,4,2.92,97,91,FALSE
Male,Loyal Customer,52,Business Travel,Business,2741,1,1,1,1,5,5,5,4,4,4,4,4,4,3.31,0,0,TRUE
Female,Loyal Customer,58,Business Travel,Eco,980,1,0,0,4,2,4,3,4,4,1,4,4,1,2.46,0,0,FALSE
Female,Loyal Customer,41,Business Travel,Eco,728,5,3,3,3,5,5,5,5,4,4,5,1,5,4.08,2,0,TRUE
Male,Disloyal Customer,22,Business Travel,Business,759,0,0,0,1,3,0,3,3,3,5,4,3,3,2.15,13,8,TRUE
Female,Disloyal Customer,27,Business Travel,Eco,837,3,3,3,4,4,3,4,4,1,3,3,3,4,3.23,82,88,FALSE
Male,Disloyal Customer,54,Personal Travel,Eco,591,2,5,2,1,5,2,5,5,4,2,4,4,5,3.54,29,21,FALSE
Male,Loyal Customer,49,Business Travel,Eco,642,5,4,4,4,5,5,5,5,3,1,3,3,5,4,2,0,TRUE
Male,Loyal Customer,47,Personal Travel,Business,2075,3,2,3,2,5,1,2,5,5,3,5,1,3,3.08,0,8,FALSE
Male,Loyal Customer,11,Personal Travel,Eco,1216,3,1,4,3,5,4,5,5,1,3,2,3,5,3.38,0,0,FALSE
Male,Loyal Customer,36,Business Travel,Business,2391,2,4,3,4,2,2,2,4,3,3,4,2,2,2.85,294,283,FALSE
Female,Loyal Customer,66,Personal Travel,Eco,2342,2,3,2,3,1,3,3,2,2,2,2,1,3,2.23,0,0,FALSE
Male,Loyal Customer,64,Business Travel,Eco,228,4,2,1,2,4,4,4,4,2,3,2,3,4,3,0,0,TRUE
Female,Disloyal Customer,45,Business Travel,Eco,1197,3,3,3,3,2,3,2,2,2,2,1,4,2,2.46,0,0,FALSE
Female,Loyal Customer,57,Personal Travel,Eco,954,1,2,1,4,2,4,4,5,5,1,1,2,1,2.54,0,0,FALSE
Male,Loyal Customer,21,Personal Travel,Eco,761,3,5,3,4,3,3,3,3,2,1,4,3,3,3.08,0,0,FALSE
Male,Disloyal Customer,25,Business Travel,Eco,304,2,0,2,4,2,2,2,2,1,5,4,4,2,2.46,0,0,FALSE
Male,Disloyal Customer,25,Business Travel,Eco,1084,3,3,3,4,1,3,2,1,3,4,5,4,1,2.85,0,0,FALSE
Male,Disloyal Customer,38,Business Travel,Business,937,1,1,1,3,3,1,3,3,3,5,5,4,3,2.77,0,0,FALSE
Female,Loyal Customer,59,Business Travel,Business,2198,1,5,4,5,2,4,3,1,1,1,1,2,3,2.54,33,41,FALSE
Female,Loyal Customer,41,Business Travel,Business,3926,3,3,2,3,4,5,5,4,4,4,4,4,3,3.69,0,0,TRUE
Female,Loyal Customer,15,Personal Travel,Eco,2454,4,5,4,4,5,4,5,5,4,4,3,4,5,4.31,0,0,FALSE
Female,Disloyal Customer,35,Business Travel,Eco,314,2,4,3,3,2,3,2,2,4,3,3,3,2,2.77,0,0,FALSE
Male,Loyal Customer,47,Business Travel,Business,697,2,3,3,3,2,2,2,1,3,3,4,2,2,2.46,200,188,FALSE
Male,Disloyal Customer,24,Business Travel,Business,932,0,0,0,3,3,0,2,3,5,3,5,5,3,2.46,0,0,TRUE
Female,Loyal Customer,68,Business Travel,Eco Plus,386,2,2,2,2,4,2,2,2,2,2,2,2,3,2.23,25,13,FALSE
Male,Disloyal Customer,46,Business Travel,Business,2704,3,3,3,4,4,3,4,4,4,2,3,5,4,3.54,7,,FALSE
Male,Loyal Customer,49,Business Travel,Business,2017,0,0,0,3,2,5,4,5,5,5,5,3,5,3.23,1,0,TRUE
Male,Loyal Customer,42,Personal Travel,Eco,562,3,5,3,3,3,3,3,3,3,1,3,2,3,2.92,0,0,FALSE
Male,Loyal Customer,58,Business Travel,Eco,302,4,4,4,4,4,4,4,4,3,2,5,5,4,3.92,54,53,TRUE
Male,Loyal Customer,48,Business Travel,Business,1517,1,1,1,1,4,4,4,5,5,5,5,4,5,3.46,0,0,TRUE
Male,Loyal Customer,14,Personal Travel,Eco,326,2,1,4,4,5,4,5,5,3,2,2,1,5,3.31,0,0,FALSE
Female,Disloyal Customer,29,Business Travel,Business,986,0,0,0,1,1,0,1,1,4,2,4,4,1,1.46,0,0,TRUE
Female,Loyal Customer,54,Business Travel,Business,930,3,3,3,3,4,4,5,4,4,4,4,4,3,3.69,120,121,TRUE
Male,Loyal Customer,58,Business Travel,Business,647,1,1,1,1,3,4,5,4,4,4,4,5,3,3.08,0,0,TRUE
Male,Loyal Customer,56,Business Travel,Business,397,5,5,5,5,4,1,3,2,2,2,2,2,2,3.08,0,0,TRUE
Male,Loyal Customer,51,Business Travel,Business,2797,3,5,5,5,3,3,2,3,3,3,3,4,4,3.54,111,114,FALSE
Male,Loyal Customer,34,Personal Travel,Eco Plus,345,3,5,3,4,2,3,2,2,4,2,5,3,2,3.08,0,1,FALSE
Female,Loyal Customer,13,Personal Travel,Eco,401,2,5,2,1,5,2,5,5,4,4,4,5,5,3.77,0,11,FALSE
Male,Loyal Customer,48,Business Travel,Eco,991,3,3,3,3,3,3,3,3,1,5,2,4,3,3,16,16,FALSE
Female,Loyal Customer,26,Business Travel,Business,2603,4,4,4,4,4,4,4,4,5,3,5,5,4,4.15,0,6,TRUE
Male,Loyal Customer,34,Business Travel,Business,931,4,4,4,4,2,4,5,4,4,4,4,4,5,4,0,0,TRUE
Male,Loyal Customer,29,Business Travel,Eco,1846,2,3,3,3,2,2,2,2,3,5,3,4,2,2.77,0,12,FALSE
Female,Loyal Customer,27,Business Travel,Business,711,2,2,2,2,5,5,5,5,4,5,4,4,5,3.85,10,12,TRUE
Male,Loyal Customer,70,Personal Travel,Eco,620,2,4,2,3,2,2,2,2,3,4,5,5,2,2.92,14,10,FALSE
Female,Loyal Customer,24,Personal Travel,Eco,1055,2,4,2,3,1,2,1,1,3,3,5,4,1,2.46,37,30,FALSE
Female,Loyal Customer,18,Personal Travel,Eco,1259,3,3,3,3,3,3,3,3,4,3,4,2,3,3.08,28,23,FALSE
Female,Loyal Customer,41,Business Travel,Eco Plus,1666,1,5,5,5,4,1,2,1,1,1,1,2,1,2.31,0,6,FALSE
Female,Loyal Customer,47,Business Travel,Business,2708,5,3,5,5,5,5,4,5,5,5,5,5,5,4.77,4,0,TRUE
Male,Loyal Customer,39,Business Travel,Business,3889,4,4,4,4,3,5,4,5,5,5,5,4,4,4.31,6,9,TRUE
Female,Loyal Customer,67,Personal Travel,Eco Plus,253,1,4,0,5,2,5,5,1,1,0,1,1,5,2.38,0,0,FALSE
Female,Loyal Customer,15,Personal Travel,Eco,399,2,1,4,4,5,4,5,5,2,5,3,4,5,3.77,41,47,FALSE
Female,Disloyal Customer,36,Business Travel,Business,1089,3,3,3,1,3,3,3,3,3,2,4,4,3,2.92,37,14,FALSE
Male,Disloyal Customer,29,Business Travel,Eco,780,3,3,3,3,5,3,5,5,1,5,3,5,5,3.77,0,0,FALSE
Female,Loyal Customer,39,Business Travel,Business,882,2,5,5,5,5,4,3,2,2,2,2,1,2,3.08,30,13,FALSE
Female,Loyal Customer,58,Business Travel,Business,1235,4,4,4,4,4,5,4,3,3,4,3,4,3,3.77,0,0,TRUE
Female,Loyal Customer,30,Business Travel,Business,3871,3,3,3,3,4,4,4,4,3,4,5,3,4,3.62,0,0,TRUE
Male,Disloyal Customer,46,Business Travel,Business,1652,3,4,4,4,4,3,4,4,1,4,2,4,4,3.46,0,0,FALSE
Female,Loyal Customer,23,Personal Travel,Eco,2288,3,2,4,4,2,4,2,2,3,3,4,3,2,2.92,1,0,FALSE
Female,Loyal Customer,61,Business Travel,Eco,689,1,4,4,4,2,3,3,2,2,1,2,3,1,2.46,0,0,FALSE
Female,Disloyal Customer,43,Business Travel,Business,1744,2,3,3,3,1,2,2,1,3,2,3,4,1,2.31,11,0,FALSE
Male,Disloyal Customer,29,Business Travel,Eco,692,3,3,3,3,4,3,4,4,4,4,3,3,4,3.46,22,29,FALSE
Female,Loyal Customer,51,Business Travel,Eco,771,4,5,5,5,1,1,1,4,4,4,4,1,4,3.31,65,59,TRUE
Male,Disloyal Customer,26,Business Travel,Business,507,4,4,4,1,3,4,3,3,4,4,4,3,3,3.38,0,0,TRUE
Female,Loyal Customer,48,Business Travel,Business,429,1,1,3,1,4,4,4,5,5,5,5,3,5,3.54,1,9,TRUE
Male,Loyal Customer,44,Personal Travel,Eco,2288,1,2,1,3,2,1,2,2,1,2,3,1,2,1.77,0,0,FALSE
Female,Disloyal Customer,35,Business Travel,Business,1262,3,3,3,3,1,3,1,1,3,3,5,3,1,2.54,0,0,FALSE
Male,Loyal Customer,49,Business Travel,Business,733,4,4,4,4,3,5,5,4,4,4,4,5,3,4.08,0,2,TRUE
Female,Loyal Customer,48,Personal Travel,Eco Plus,2311,2,5,2,3,2,4,5,3,3,2,3,4,4,3.23,38,22,FALSE
Male,Loyal Customer,22,Personal Travel,Eco,728,3,1,3,4,4,3,4,4,2,5,4,4,4,3.46,0,0,FALSE
Female,Loyal Customer,38,Business Travel,Eco,303,2,3,3,3,2,2,2,2,2,4,3,2,2,2.46,0,0,FALSE
Male,Loyal Customer,21,Personal Travel,Eco,1107,5,5,5,4,4,5,4,4,1,3,3,4,4,3.92,32,36,TRUE
Female,Loyal Customer,60,Personal Travel,Eco,196,1,5,1,3,1,1,1,2,1,2,5,1,1,1.92,176,160,FALSE
Female,Loyal Customer,53,Business Travel,Business,3727,0,4,0,3,3,5,4,5,5,3,3,3,4,3.23,2,0,TRUE
Male,Loyal Customer,49,Business Travel,Business,3627,1,1,1,1,3,5,4,5,5,5,5,5,5,3.54,31,18,TRUE
Male,Loyal Customer,57,Business Travel,Business,907,2,2,2,2,2,5,4,4,4,4,4,5,5,3.46,1,0,TRUE
Female,Loyal Customer,67,Business Travel,Business,328,0,0,0,2,2,3,4,2,2,2,2,4,3,2,0,0,TRUE
Female,Loyal Customer,45,Business Travel,Business,3959,4,4,4,4,3,5,4,4,4,4,4,3,3,3.85,0,3,TRUE
Female,Loyal Customer,29,Business Travel,Business,1897,1,5,5,5,1,1,1,1,3,3,4,1,1,2.46,11,7,FALSE
Male,Loyal Customer,13,Personal Travel,Eco Plus,216,4,2,4,3,3,4,3,3,2,1,2,2,3,2.77,0,0,FALSE
Male,Loyal Customer,48,Personal Travel,Business,181,2,4,2,1,5,2,1,1,1,2,4,2,3,2.31,0,0,FALSE
Female,Disloyal Customer,23,Business Travel,Eco,991,4,4,4,3,3,4,3,3,3,2,3,1,3,3.08,0,6,FALSE
Male,Loyal Customer,37,Personal Travel,Eco,607,3,5,3,3,4,3,4,4,5,3,4,3,4,3.69,0,0,FALSE
Male,Loyal Customer,30,Personal Travel,Eco,666,4,3,5,4,4,5,4,4,1,4,1,4,4,3.62,0,0,FALSE
Female,Loyal Customer,35,Business Travel,Business,1086,3,3,3,3,3,4,4,4,4,4,4,4,3,3.54,3,0,TRUE
Female,Loyal Customer,65,Personal Travel,Eco Plus,67,1,3,1,3,3,2,3,3,3,1,3,4,3,2.54,0,17,FALSE
Female,Loyal Customer,56,Business Travel,Eco Plus,451,5,4,4,4,3,3,4,5,5,5,5,4,1,4,0,0,TRUE
Female,Loyal Customer,49,Business Travel,Business,1599,0,3,0,5,1,1,2,4,4,4,1,4,4,2.54,3,3,TRUE
Male,Loyal Customer,41,Business Travel,Eco,86,5,2,2,2,5,5,5,5,3,2,5,4,5,3.85,16,31,TRUE
Female,Disloyal Customer,22,Business Travel,Business,1127,4,0,4,3,1,4,1,1,5,5,4,5,1,2.92,0,3,TRUE
Male,Loyal Customer,57,Business Travel,Business,930,1,1,1,1,3,4,5,4,4,4,4,4,4,3.08,8,0,TRUE
Female,Loyal Customer,70,Personal Travel,Business,226,1,4,1,1,4,4,4,2,2,1,2,3,4,2.54,35,40,FALSE
Male,Loyal Customer,43,Business Travel,Business,528,2,2,2,2,4,4,4,2,2,2,2,1,3,2.46,0,27,FALSE
Male,Disloyal Customer,17,Business Travel,Eco,362,4,0,4,3,5,4,5,5,1,1,4,2,5,3.31,0,0,TRUE
Male,Disloyal Customer,35,Business Travel,Business,1635,4,4,4,5,3,4,3,3,3,3,5,3,3,3.62,26,25,FALSE
Male,Loyal Customer,23,Personal Travel,Eco,86,2,4,2,2,2,2,5,2,5,4,5,5,2,3.23,0,0,FALSE
Female,Loyal Customer,40,Business Travel,Business,2882,5,5,5,5,1,3,3,5,5,5,4,4,2,4,0,8,TRUE
Female,Disloyal Customer,26,Business Travel,Eco,227,2,5,2,3,3,2,3,3,1,1,1,4,3,2.54,0,0,FALSE
Female,Loyal Customer,15,Personal Travel,Business,374,2,4,2,1,1,2,1,1,5,2,5,3,1,2.31,61,57,FALSE
Male,Disloyal Customer,47,Business Travel,Eco,319,1,1,2,3,2,4,4,1,2,4,3,4,4,2.69,171,164,FALSE
Male,Loyal Customer,50,Personal Travel,Eco,1598,1,5,1,4,1,1,1,1,4,4,3,5,1,2.46,3,0,FALSE
Female,Loyal Customer,50,Business Travel,Business,3435,2,2,2,2,3,5,5,5,5,5,5,3,5,3.77,0,0,TRUE
Male,Loyal Customer,40,Business Travel,Business,1881,2,2,2,2,5,4,5,4,4,4,4,3,5,3.54,13,8,TRUE
Male,Loyal Customer,40,Personal Travel,Eco,265,4,5,4,3,5,4,5,5,5,1,3,3,5,4,18,22,FALSE
Male,Loyal Customer,14,Personal Travel,Eco,1598,4,5,4,2,1,4,1,1,5,2,3,3,1,2.77,0,0,FALSE
Male,Loyal Customer,47,Business Travel,Business,696,3,3,3,3,5,5,4,2,2,2,2,3,5,3.23,25,14,TRUE
Female,Loyal Customer,23,Business Travel,Eco,1091,4,1,1,1,4,4,4,4,4,3,5,5,4,3.38,0,28,TRUE
Male,Disloyal Customer,23,Business Travel,Eco,764,0,0,0,1,5,0,5,5,1,5,2,1,5,2.31,1,0,TRUE
Female,Disloyal Customer,29,Business Travel,Business,1400,1,1,1,3,3,1,3,3,5,2,4,4,3,2.62,0,0,FALSE
Male,Loyal Customer,46,Personal Travel,Eco Plus,759,3,5,2,1,2,2,2,2,3,5,4,3,2,2.77,0,0,FALSE
Male,Disloyal Customer,34,Business Travel,Business,541,3,3,3,2,2,3,5,2,4,3,4,5,2,3.15,0,0,FALSE
Male,Loyal Customer,30,Personal Travel,Eco,645,3,5,3,4,4,3,4,4,3,4,4,4,4,3.77,11,13,FALSE
Male,Disloyal Customer,24,Business Travel,Business,2611,5,4,5,3,3,5,3,3,4,5,4,5,3,4,0,9,TRUE
Male,Disloyal Customer,22,Business Travel,Eco,909,5,5,5,1,1,5,2,1,3,4,1,3,1,2.85,4,44,TRUE
Female,Loyal Customer,59,Business Travel,Business,1512,1,1,1,1,4,5,4,4,4,4,4,4,5,3.23,0,0,TRUE
Female,Disloyal Customer,27,Business Travel,Eco,670,3,3,3,4,5,3,5,5,3,3,3,3,5,3.69,23,16,FALSE
Female,Loyal Customer,54,Business Travel,Business,3183,5,5,5,5,3,5,5,4,4,4,4,4,3,4.31,0,4,TRUE
Male,Loyal Customer,28,Business Travel,Business,844,5,5,3,5,4,4,4,4,2,1,3,1,4,3.46,11,3,TRUE
Female,Disloyal Customer,29,Business Travel,Business,1522,0,0,0,1,3,0,3,3,3,2,4,3,3,1.92,0,0,TRUE
Female,Loyal Customer,40,Business Travel,Business,1917,3,3,3,3,5,4,4,3,3,4,3,5,5,3.69,4,3,TRUE
Male,Loyal Customer,47,Business Travel,Eco,106,4,5,5,5,4,4,4,4,5,2,4,5,4,4.23,0,0,TRUE
Female,Loyal Customer,57,Business Travel,Business,306,5,5,5,5,4,1,4,5,5,5,5,5,3,4.38,0,1,TRUE
Female,Loyal Customer,35,Business Travel,Business,427,4,4,4,4,2,4,4,5,5,5,5,4,1,3.92,28,23,TRUE
Female,Loyal Customer,28,Business Travel,Eco,522,4,4,4,4,4,4,4,4,5,2,1,1,4,3.46,0,0,TRUE
Female,Disloyal Customer,21,Business Travel,Eco,602,3,3,3,5,1,3,1,1,5,5,3,2,1,2.77,0,0,FALSE
Female,Loyal Customer,43,Business Travel,Business,2737,4,4,4,4,2,1,1,4,4,4,4,3,4,3.31,0,0,TRUE
Male,Loyal Customer,34,Personal Travel,Eco,261,4,4,0,2,3,0,4,3,5,2,1,5,3,2.77,10,9,FALSE
Male,Loyal Customer,47,Business Travel,Business,628,2,2,2,2,2,4,5,4,4,4,4,5,4,3.38,1,0,TRUE
Female,Loyal Customer,47,Business Travel,Business,1796,3,3,5,3,3,5,4,5,5,5,5,3,4,4.08,0,0,TRUE
Male,Loyal Customer,46,Business Travel,Business,3161,4,4,4,4,4,5,4,3,3,3,3,3,3,3.62,0,0,TRUE
Male,Loyal Customer,65,Business Travel,Eco,222,2,3,3,3,2,2,2,2,4,4,3,3,2,2.69,0,0,FALSE
Female,Loyal Customer,20,Personal Travel,Eco,401,3,5,3,2,1,3,1,1,5,2,4,4,1,2.69,0,0,FALSE
Female,Loyal Customer,32,Business Travel,Eco,1674,5,5,5,5,5,5,5,5,1,1,3,1,5,3.92,0,0,TRUE
Male,Loyal Customer,58,Business Travel,Eco,758,4,4,4,4,4,4,4,4,2,1,3,5,4,3.62,0,0,TRUE
Female,Disloyal Customer,35,Business Travel,Eco,1501,2,1,1,2,2,2,2,2,4,5,5,1,2,2.38,0,3,FALSE
Female,Loyal Customer,39,Business Travel,Business,243,2,3,3,3,2,3,3,2,2,2,2,4,2,2.54,0,0,FALSE
Female,Loyal Customer,68,Personal Travel,Eco,152,3,5,3,4,3,5,5,3,3,3,3,3,3,3.54,0,0,FALSE
Male,Loyal Customer,51,Business Travel,Eco,261,5,2,2,2,5,5,5,5,3,2,1,2,5,3.38,0,0,TRUE
Female,Loyal Customer,36,Business Travel,Eco Plus,345,4,2,3,3,4,4,4,4,2,1,2,2,4,3,0,0,TRUE
Female,Loyal Customer,55,Business Travel,Eco,594,2,1,2,1,3,4,3,2,2,2,2,5,2,2.38,0,0,TRUE
Male,Loyal Customer,48,Business Travel,Business,1464,4,4,4,4,3,3,3,3,2,4,5,3,3,3.46,134,118,TRUE
Male,Loyal Customer,60,Business Travel,Business,1540,5,5,5,5,4,5,4,2,2,2,2,5,3,3.77,0,0,TRUE
Male,Loyal Customer,54,Business Travel,Business,1770,3,4,4,4,5,3,3,3,3,3,3,1,3,3.23,0,0,FALSE
Male,Loyal Customer,65,Business Travel,Business,175,4,2,4,2,2,4,4,3,3,3,4,4,4,3.31,5,0,FALSE
Female,Loyal Customer,50,Personal Travel,Eco Plus,813,2,4,2,3,5,3,3,3,3,2,3,3,3,3,4,0,FALSE
Female,Loyal Customer,35,Business Travel,Business,3697,4,4,4,4,2,2,5,4,4,4,4,3,2,3.54,0,0,TRUE
Female,Loyal Customer,25,Business Travel,Business,3046,4,4,4,4,4,4,4,4,5,1,4,5,4,3.92,4,0,TRUE
Male,Disloyal Customer,12,Business Travel,Eco,1290,1,1,1,4,3,1,3,3,1,3,4,1,3,2.23,1,0,FALSE
Female,Loyal Customer,50,Personal Travel,Eco,314,3,5,3,2,2,4,4,2,2,3,2,5,4,3.15,11,6,FALSE
Male,Loyal Customer,47,Business Travel,Business,262,2,5,5,5,1,2,2,3,5,3,3,2,2,3.08,253,257,FALSE
Male,Disloyal Customer,25,Business Travel,Eco,250,2,5,1,4,2,1,2,2,5,2,4,4,2,2.77,0,4,FALSE
Female,Loyal Customer,51,Business Travel,Business,3160,2,2,2,2,4,4,5,4,4,4,4,4,3,3.38,11,0,TRUE
Male,Loyal Customer,55,Business Travel,Eco,762,4,2,2,2,4,4,4,4,2,4,4,2,4,3.23,24,11,TRUE
Female,Disloyal Customer,20,Business Travel,Eco,67,4,3,4,3,5,4,5,5,4,4,4,4,5,4.15,9,4,FALSE
Female,Disloyal Customer,28,Business Travel,Eco,909,1,1,1,2,5,1,1,5,1,1,1,2,5,2.08,0,0,FALSE
Female,Loyal Customer,41,Business Travel,Business,102,1,5,5,5,2,3,4,2,2,2,1,2,4,2.92,0,0,FALSE
Male,Loyal Customer,59,Business Travel,Eco,541,1,5,4,5,1,1,1,1,4,2,3,3,1,2.46,126,119,FALSE
Female,Loyal Customer,16,Business Travel,Eco,545,5,5,5,5,5,5,4,5,1,5,4,4,5,4.46,0,3,TRUE
Female,Disloyal Customer,22,Business Travel,Eco,102,3,2,3,3,1,3,1,1,4,3,3,3,1,2.38,20,21,FALSE
Female,Loyal Customer,45,Business Travel,Business,2243,1,1,1,1,3,3,1,5,5,5,5,3,4,2.92,0,0,TRUE
Male,Disloyal Customer,26,Business Travel,Business,985,2,2,2,4,1,2,1,1,4,3,4,5,1,2.46,1,0,FALSE
Male,Loyal Customer,64,Personal Travel,Eco,655,3,1,4,4,4,4,4,4,3,1,4,1,4,3.15,2,15,FALSE
Male,Loyal Customer,35,Business Travel,Business,1813,2,2,2,2,2,5,5,4,4,4,4,1,3,3.08,9,21,TRUE
Male,Disloyal Customer,25,Business Travel,Eco,771,4,4,4,4,3,4,3,3,3,5,4,3,3,3.62,20,1,FALSE
Female,Disloyal Customer,28,Business Travel,Eco,1041,3,3,3,3,5,3,5,5,2,4,3,3,5,3.62,12,14,FALSE
Female,Loyal Customer,42,Personal Travel,Eco,2173,4,5,4,3,4,4,5,1,1,4,1,5,5,3.54,1,0,TRUE
Female,Disloyal Customer,49,Business Travel,Business,821,3,3,3,3,2,3,5,2,3,5,4,4,2,3.23,0,0,FALSE
Male,Loyal Customer,36,Business Travel,Business,764,3,3,2,3,2,2,1,5,5,5,5,1,1,2.92,0,0,TRUE
Female,Loyal Customer,54,Business Travel,Eco,1874,2,3,3,3,1,4,4,2,2,2,2,3,1,2.46,69,46,FALSE
Female,Loyal Customer,67,Personal Travel,Eco,1041,2,2,2,3,5,2,3,1,1,2,1,2,1,2.08,0,0,FALSE
Male,Loyal Customer,70,Business Travel,Business,3449,3,5,5,5,1,3,3,3,3,3,3,4,1,3.23,0,0,FALSE
Female,Loyal Customer,35,Personal Travel,Eco,1334,4,4,4,4,5,4,5,5,3,3,5,5,5,4.31,0,0,FALSE
Male,Loyal Customer,26,Personal Travel,Eco,205,1,3,1,4,5,1,5,5,2,1,4,2,5,3,0,0,FALSE
Male,Loyal Customer,41,Personal Travel,Eco,657,3,4,3,4,4,3,4,4,3,2,2,3,4,3.31,0,0,FALSE
Male,Loyal Customer,41,Business Travel,Business,496,2,2,2,2,2,1,1,4,4,4,4,3,1,2.46,0,0,TRUE
Male,Loyal Customer,48,Business Travel,Business,577,5,5,5,5,4,4,5,2,2,2,2,3,4,3.69,30,21,TRUE
Female,Loyal Customer,55,Personal Travel,Eco,944,0,2,0,4,2,4,3,3,3,0,3,1,3,2.15,68,80,TRUE
Male,Loyal Customer,49,Business Travel,Business,3247,1,1,1,1,5,4,5,5,5,5,5,4,3,3.46,0,0,TRUE
Male,Loyal Customer,80,Business Travel,Business,2447,1,1,1,1,3,1,3,3,3,3,3,1,4,2.15,12,0,TRUE
Male,Disloyal Customer,69,Personal Travel,Eco,1014,2,4,2,4,3,2,3,3,2,5,4,3,3,3.08,0,0,FALSE
Female,Loyal Customer,30,Personal Travel,Eco,417,3,5,3,2,4,3,4,4,3,1,2,1,4,3,37,24,FALSE
Male,Loyal Customer,67,Personal Travel,Eco,1947,2,2,2,3,3,2,3,3,4,2,2,2,3,2.54,25,26,FALSE
Male,Loyal Customer,57,Personal Travel,Eco,1846,1,4,1,4,1,2,2,2,2,3,3,2,2,2.23,184,179,FALSE
Male,Disloyal Customer,23,Business Travel,Eco,515,5,2,5,2,2,2,2,2,5,2,4,4,2,3,0,0,TRUE
Male,Loyal Customer,57,Business Travel,Business,1785,4,4,4,4,5,5,4,4,4,4,4,5,4,4.23,0,3,TRUE
Male,Loyal Customer,30,Business Travel,Business,2586,5,5,5,5,5,5,5,5,5,5,4,5,5,4.92,0,0,TRUE
Male,Disloyal Customer,55,Business Travel,Business,1139,5,5,5,4,5,5,5,5,3,3,5,5,5,4.62,17,0,TRUE
Male,Loyal Customer,11,Personal Travel,Eco,1197,3,4,3,3,4,3,4,4,5,5,3,4,4,3.77,1,0,FALSE
Male,Loyal Customer,44,Business Travel,Business,258,1,1,5,1,3,2,3,1,1,1,1,4,3,2.08,0,0,FALSE
Female,Loyal Customer,58,Business Travel,Business,2804,2,3,2,2,5,5,5,5,5,4,5,4,5,4,5,0,TRUE
Female,Loyal Customer,30,Personal Travel,Eco,342,3,5,3,1,5,3,4,5,3,2,4,3,5,3.54,14,16,FALSE
Male,Loyal Customer,31,Business Travel,Business,3637,4,4,4,4,4,4,4,4,3,1,5,4,4,3.77,1,0,TRUE
Female,Disloyal Customer,18,Business Travel,Business,802,0,5,0,2,4,0,4,4,3,2,4,3,4,2.69,28,25,TRUE
Female,Loyal Customer,20,Personal Travel,Eco,272,1,4,1,4,2,1,2,2,3,5,5,4,2,2.77,0,11,FALSE
Female,Loyal Customer,40,Business Travel,Business,1204,2,2,2,2,5,4,4,5,5,5,5,5,3,3.77,44,9,TRUE
Male,Loyal Customer,56,Business Travel,Business,342,1,0,0,2,3,3,2,4,4,0,5,4,3,2.38,63,87,FALSE
Male,Loyal Customer,35,Business Travel,Business,404,3,3,3,3,4,5,4,5,5,5,5,3,5,4.08,0,0,TRUE
Male,Loyal Customer,58,Business Travel,Business,3591,4,4,4,4,3,4,5,4,4,4,4,5,4,4.08,0,0,TRUE
Female,Disloyal Customer,25,Business Travel,Business,502,3,5,3,4,1,3,1,1,4,4,5,3,1,2.92,22,58,FALSE
Male,Loyal Customer,47,Business Travel,Business,1524,3,3,3,3,3,5,5,5,5,5,5,3,5,4.08,0,0,TRUE
Female,Loyal Customer,37,Business Travel,Eco,235,3,4,4,4,3,3,3,1,2,3,4,3,3,3.08,154,140,FALSE
Female,Loyal Customer,31,Business Travel,Business,2652,3,1,1,1,3,3,3,3,1,1,1,1,3,1.92,8,0,FALSE
Female,Disloyal Customer,46,Business Travel,Business,391,4,4,4,2,5,4,5,5,5,3,4,5,5,4.23,3,0,TRUE
Female,Disloyal Customer,36,Business Travel,Business,1145,1,1,1,3,3,1,1,3,3,3,4,4,3,2.38,0,0,FALSE
Male,Loyal Customer,69,Personal Travel,Eco,227,3,4,3,3,2,3,1,2,3,4,3,3,2,2.77,1,0,FALSE
Female,Disloyal Customer,24,Business Travel,Business,1846,5,0,5,1,3,5,3,3,4,3,5,3,3,3.31,3,12,TRUE
Male,Loyal Customer,32,Personal Travel,Eco,957,3,1,3,3,2,3,2,2,2,2,3,3,2,2.38,0,0,FALSE
Male,Disloyal Customer,24,Business Travel,Eco,723,3,3,3,3,2,3,3,2,5,2,5,5,2,3.15,32,18,FALSE
Female,Loyal Customer,46,Personal Travel,Eco,522,4,4,4,4,3,5,4,2,2,4,2,5,3,3.54,92,97,FALSE
Male,Loyal Customer,36,Business Travel,Eco,397,4,3,3,3,4,4,4,4,2,1,4,5,4,3.46,0,4,TRUE
Male,Loyal Customer,56,Business Travel,Business,1538,3,3,3,3,5,4,5,3,3,3,3,4,3,3.46,7,0,TRUE
Male,Loyal Customer,56,Personal Travel,Business,2133,3,4,3,3,5,3,4,1,1,3,4,4,1,3,4,0,FALSE
Male,Loyal Customer,46,Business Travel,Business,589,3,3,3,3,5,5,4,4,4,4,4,4,3,3.77,0,0,TRUE
Male,Disloyal Customer,30,Business Travel,Business,2342,3,3,3,2,4,3,4,4,4,2,4,5,4,3.46,3,0,FALSE
Female,Loyal Customer,58,Business Travel,Business,2302,1,1,1,1,3,5,4,4,4,4,4,3,5,3.08,95,127,TRUE
Female,Loyal Customer,22,Personal Travel,Business,946,1,5,1,2,3,1,5,3,1,4,1,5,3,2.69,0,0,FALSE
Male,Loyal Customer,28,Personal Travel,Eco,86,3,4,3,5,5,3,5,5,2,1,2,1,5,3.38,0,0,FALSE
Male,Loyal Customer,24,Personal Travel,Eco,110,1,1,1,3,4,1,4,4,2,3,4,1,4,2.54,0,0,FALSE
Male,Disloyal Customer,47,Business Travel,Business,397,4,4,4,3,5,4,5,5,5,5,5,4,5,4.46,0,0,TRUE
Male,Loyal Customer,31,Personal Travel,Eco,347,2,1,2,3,4,2,4,4,1,1,3,1,4,2.46,1,0,FALSE
Male,Loyal Customer,54,Business Travel,Eco,711,1,5,2,2,1,1,1,1,1,1,3,1,1,1.62,0,8,FALSE
Female,Loyal Customer,9,Personal Travel,Eco,2417,3,4,3,2,3,1,1,1,2,5,4,1,1,2.38,42,84,FALSE
Female,Loyal Customer,20,Business Travel,Business,2247,4,4,4,4,5,5,5,5,5,2,4,5,5,4.38,0,0,TRUE
Female,Loyal Customer,34,Personal Travel,Eco,153,3,3,3,3,3,3,3,3,2,5,2,2,3,2.92,0,0,FALSE
Female,Loyal Customer,40,Business Travel,Business,1005,3,3,3,3,3,5,4,4,4,5,4,4,4,3.77,0,0,TRUE
Female,Loyal Customer,23,Personal Travel,Eco,241,4,5,4,2,1,4,1,1,5,3,4,5,1,3.08,0,0,TRUE
Male,Loyal Customer,35,Business Travel,Business,2653,2,2,2,2,5,3,3,4,4,4,4,2,3,3.08,5,3,TRUE
Male,Loyal Customer,56,Personal Travel,Eco,1754,5,3,5,3,4,5,4,4,1,2,3,1,4,3.38,5,0,TRUE
Female,Loyal Customer,29,Business Travel,Business,1602,2,2,2,2,5,5,3,5,3,3,5,2,5,3.38,0,0,TRUE
Female,Disloyal Customer,24,Business Travel,Eco,563,3,0,3,5,3,3,3,3,3,4,3,5,3,3.15,9,0,FALSE
Male,Loyal Customer,53,Personal Travel,Business,175,3,5,3,4,4,4,5,3,3,3,3,3,5,3.69,0,0,FALSE
Male,Loyal Customer,66,Personal Travel,Eco,606,4,5,4,4,3,4,3,3,3,5,4,3,3,3.69,0,0,FALSE
Male,Loyal Customer,56,Business Travel,Business,3810,3,3,3,3,5,4,4,5,5,4,5,4,5,4.08,0,0,TRUE
Male,Loyal Customer,10,Personal Travel,Eco,448,3,5,3,5,2,3,2,2,4,3,4,5,2,3.31,0,0,FALSE
Female,Disloyal Customer,37,Business Travel,Business,431,2,2,2,3,2,2,2,2,5,5,5,4,2,2.92,0,7,FALSE
Male,Loyal Customer,19,Business Travel,Business,1747,4,4,4,4,5,5,5,5,5,2,5,1,5,4.15,59,55,TRUE
Male,Disloyal Customer,35,Business Travel,Business,651,2,2,2,3,2,2,1,2,5,4,5,3,2,2.69,16,0,FALSE
Male,Loyal Customer,29,Personal Travel,Eco,363,3,1,3,4,1,3,5,1,1,5,4,1,1,2.54,2,14,FALSE
Male,Loyal Customer,52,Business Travel,Business,3325,1,1,1,1,2,5,5,4,4,4,4,4,3,3,7,15,TRUE
Female,Loyal Customer,49,Business Travel,Eco,246,5,1,1,1,1,4,4,5,5,5,5,2,4,3.31,0,0,TRUE
Male,Loyal Customer,46,Business Travel,Business,571,1,1,1,1,5,4,4,2,2,2,1,4,4,2.46,142,,TRUE
Male,Loyal Customer,52,Business Travel,Business,646,4,1,1,1,2,4,3,4,4,4,4,2,2,2.77,65,65,FALSE
Female,Loyal Customer,7,Personal Travel,Eco Plus,612,4,5,4,2,1,4,1,1,2,5,1,4,1,2.69,26,18,FALSE
Female,Disloyal Customer,22,Business Travel,Eco,1121,4,4,4,4,1,4,1,1,4,4,1,3,1,2.77,28,31,FALSE
Female,Loyal Customer,73,Business Travel,Eco,507,2,5,5,5,5,3,4,2,2,2,2,2,2,3.15,39,30,FALSE
Male,Disloyal Customer,26,Business Travel,Business,479,0,0,0,4,4,0,2,4,5,3,4,5,4,2.69,1,3,TRUE
Male,Loyal Customer,64,Personal Travel,Eco,781,1,4,1,4,4,1,4,4,3,2,5,5,4,3.23,25,21,FALSE
Female,Loyal Customer,16,Personal Travel,Eco,134,0,2,0,4,5,0,5,5,2,1,3,1,5,2.54,0,0,TRUE
Male,Loyal Customer,9,Personal Travel,Business,1047,3,5,3,3,3,4,5,5,3,4,4,5,5,4,221,199,FALSE
Female,Loyal Customer,9,Personal Travel,Eco Plus,349,2,3,2,4,2,2,2,2,1,1,3,2,2,2.15,11,5,FALSE
Male,Loyal Customer,80,Business Travel,Eco Plus,499,4,2,2,2,4,4,4,4,1,5,3,2,4,3.15,32,41,FALSE
Female,Loyal Customer,41,Personal Travel,Eco,1910,3,5,3,1,3,3,3,3,5,5,3,3,3,3.31,0,0,FALSE
Male,Loyal Customer,41,Business Travel,Business,1195,2,2,2,2,4,1,4,4,4,4,4,4,3,3.08,0,0,TRUE
Female,Loyal Customer,21,Personal Travel,Eco,803,2,3,2,4,1,2,1,1,1,2,3,4,1,2.08,0,0,FALSE
Male,Loyal Customer,52,Personal Travel,Eco,1086,1,5,1,1,3,1,3,3,4,3,4,5,3,2.85,24,0,FALSE
Female,Loyal Customer,28,Business Travel,Business,1597,3,3,3,3,5,5,5,5,3,5,5,4,5,4.15,1,0,TRUE
Female,Loyal Customer,47,Business Travel,Business,337,0,0,0,3,5,5,4,2,2,2,2,3,5,2.54,7,6,TRUE
Male,Loyal Customer,53,Business Travel,Business,1712,1,1,1,1,2,4,5,4,4,4,4,3,3,2.85,3,7,TRUE
Male,Loyal Customer,47,Business Travel,Business,1701,1,1,2,1,5,5,5,3,3,4,3,5,5,3.31,27,28,TRUE
Male,Loyal Customer,41,Business Travel,Eco Plus,1065,4,1,1,1,4,4,4,4,1,4,2,1,4,2.69,0,0,FALSE
Male,Disloyal Customer,25,Business Travel,Business,721,0,5,0,2,1,0,1,1,3,5,4,3,1,2,0,0,TRUE
Male,Loyal Customer,29,Business Travel,Business,1672,4,4,4,4,3,3,3,3,1,5,4,3,3,3.38,0,0,TRUE
Female,Loyal Customer,47,Personal Travel,Eco Plus,1337,1,5,1,5,5,4,4,1,1,1,1,4,4,2.85,0,0,FALSE
Female,Loyal Customer,53,Personal Travel,Eco,618,2,5,2,2,4,5,4,2,2,2,2,4,4,3.08,0,1,FALSE
Male,Loyal Customer,53,Personal Travel,Eco,280,3,2,3,2,4,3,2,4,3,4,2,1,4,2.85,0,0,FALSE
Female,Disloyal Customer,45,Business Travel,Business,1299,3,3,3,3,1,3,1,1,4,5,4,3,1,2.69,0,0,FALSE
Male,Loyal Customer,52,Business Travel,Business,3140,5,5,5,5,4,5,4,5,5,5,5,3,5,4.69,0,0,TRUE
Female,Loyal Customer,37,Personal Travel,Eco,271,3,2,3,3,3,3,3,3,3,2,3,1,3,2.69,0,0,FALSE
Male,Loyal Customer,58,Business Travel,Business,3824,1,1,1,1,2,5,5,3,3,4,3,4,5,2.92,0,0,TRUE
Male,Loyal Customer,33,Business Travel,Business,3836,5,5,5,5,5,4,5,5,1,2,4,3,5,4.15,0,0,TRUE
Female,Loyal Customer,26,Personal Travel,Eco,247,3,2,3,4,5,3,5,5,1,4,3,1,5,3.38,2,0,FALSE
Female,Loyal Customer,17,Business Travel,Business,558,4,4,4,4,4,5,4,4,2,2,2,3,4,3.54,40,21,TRUE
Male,Loyal Customer,55,Business Travel,Eco,1139,1,1,1,1,1,1,1,1,2,2,3,3,1,1.46,1,0,FALSE
Male,Loyal Customer,51,Personal Travel,Eco,837,2,1,2,3,1,2,1,1,4,4,4,2,1,2.15,29,17,FALSE
Female,Disloyal Customer,21,Business Travel,Eco,354,4,0,4,5,4,4,5,4,4,3,4,5,4,3.85,0,0,TRUE
Male,Loyal Customer,43,Personal Travel,Eco,187,1,5,1,3,2,1,1,2,4,4,5,3,2,2.62,0,0,FALSE
Female,Loyal Customer,49,Business Travel,Business,2265,3,3,3,3,3,4,4,5,5,5,5,5,5,4.08,1,3,TRUE
Male,Loyal Customer,55,Personal Travel,Eco Plus,746,2,4,2,4,4,2,4,4,2,4,4,1,4,3.15,0,0,FALSE
Male,Loyal Customer,36,Business Travel,Eco,499,3,3,3,3,3,3,3,3,4,4,3,1,3,3,19,46,FALSE
Female,Loyal Customer,31,Personal Travel,Eco,844,4,2,4,2,4,4,4,4,3,5,2,4,4,3.54,40,17,FALSE
Male,Loyal Customer,46,Business Travel,Business,3638,5,5,5,5,4,5,4,4,4,4,4,3,4,4.31,2,0,TRUE
Male,Loyal Customer,58,Business Travel,Business,2454,4,4,4,4,4,3,4,2,2,2,2,3,4,3.23,1,0,TRUE
Female,Disloyal Customer,50,Business Travel,Business,997,4,4,4,3,1,4,1,1,3,3,5,3,1,2.85,0,0,FALSE
Female,Loyal Customer,24,Business Travel,Eco,1846,2,4,2,4,2,2,2,2,1,5,2,1,2,2.38,0,21,FALSE
Female,Loyal Customer,36,Business Travel,Eco,128,4,4,5,4,4,4,4,4,3,4,3,4,4,3.92,4,3,TRUE
Male,Loyal Customer,34,Business Travel,Business,2079,4,4,4,4,5,5,4,5,5,5,5,4,3,4.38,0,21,TRUE
Female,Loyal Customer,52,Business Travel,Business,3399,4,4,4,4,5,5,4,4,4,4,4,3,5,4.15,0,4,TRUE
Female,Disloyal Customer,37,Business Travel,Eco,237,1,1,1,1,2,1,2,2,3,4,2,2,2,1.85,20,17,FALSE
Male,Disloyal Customer,17,Business Travel,Eco,541,1,2,0,3,2,0,2,2,2,3,3,1,2,1.77,8,0,FALSE
Male,Loyal Customer,25,Business Travel,Business,2583,3,1,1,1,3,3,3,1,2,2,2,3,3,2.15,17,19,FALSE
Female,Loyal Customer,35,Business Travel,Business,2530,5,5,5,5,3,5,4,5,5,5,5,4,5,4.69,0,0,TRUE
Male,Loyal Customer,27,Personal Travel,Eco Plus,1587,5,5,5,3,1,5,1,1,4,5,4,5,1,3.46,0,0,TRUE
Male,Disloyal Customer,45,Business Travel,Eco,1379,2,2,2,3,1,2,1,1,1,5,3,3,1,2.08,70,53,FALSE
Female,Loyal Customer,35,Business Travel,Business,1990,0,0,0,3,5,5,5,1,1,1,1,4,4,2.31,0,0,TRUE
Male,Loyal Customer,23,Business Travel,Business,1541,5,1,5,5,5,5,5,5,5,2,5,3,5,4.31,3,0,TRUE
Female,Loyal Customer,34,Personal Travel,Eco,399,4,5,4,2,2,4,5,2,5,5,2,2,2,3.38,0,0,TRUE
Male,Loyal Customer,59,Business Travel,Business,295,3,3,3,3,5,4,4,5,5,5,5,3,5,4.08,9,0,TRUE
Female,Loyal Customer,44,Business Travel,Business,3250,5,3,5,5,2,5,5,5,5,5,5,4,3,4.38,10,16,TRUE
Female,Loyal Customer,56,Business Travel,Business,1007,4,4,4,4,3,5,5,4,4,4,4,4,4,4.08,0,0,TRUE
Female,Disloyal Customer,22,Business Travel,Eco,689,4,4,4,4,3,4,3,3,4,1,3,5,3,3.46,7,0,TRUE
Female,Loyal Customer,42,Business Travel,Business,725,3,3,3,3,2,5,5,5,5,5,5,3,4,3.92,0,0,TRUE
Female,Loyal Customer,61,Business Travel,Business,462,4,3,3,3,1,3,4,4,4,4,4,1,2,3.08,0,4,FALSE
Female,Loyal Customer,64,Personal Travel,Business,495,3,4,3,5,5,4,5,4,4,3,2,5,3,3.85,8,11,FALSE
Female,Loyal Customer,13,Personal Travel,Eco,397,4,4,3,1,4,3,4,4,4,3,5,5,4,3.69,0,0,FALSE
Male,Loyal Customer,60,Personal Travel,Eco,630,3,5,3,2,1,3,1,1,5,4,2,3,1,2.62,17,10,FALSE
Female,Disloyal Customer,37,Business Travel,Eco,447,3,2,3,3,4,3,4,4,1,2,3,1,4,2.85,0,0,FALSE
Male,Loyal Customer,39,Business Travel,Eco,1927,1,1,1,1,1,1,1,1,3,4,2,3,1,1.62,0,0,FALSE
Male,Loyal Customer,44,Business Travel,Eco Plus,1065,4,1,5,1,4,4,4,4,5,2,3,5,4,3.54,28,0,TRUE
Male,Loyal Customer,44,Business Travel,Eco,299,2,4,4,4,2,2,2,2,3,1,4,3,2,2.69,0,0,FALSE
Female,Loyal Customer,55,Personal Travel,Eco,516,2,4,2,3,1,5,3,2,2,2,2,1,3,2.46,0,0,FALSE
Male,Disloyal Customer,18,Business Travel,Eco,1017,1,1,1,3,1,1,1,1,3,5,2,3,1,1.85,22,17,FALSE
Male,Loyal Customer,14,Personal Travel,Eco,545,3,4,1,5,4,1,4,4,2,2,2,5,4,3.15,28,29,FALSE
Female,Loyal Customer,60,Business Travel,Business,3507,5,5,5,5,2,5,4,3,3,3,3,3,5,3.92,2,0,TRUE
Female,Loyal Customer,36,Personal Travel,Eco,928,3,3,3,4,5,3,5,5,1,2,4,2,5,3.46,4,7,FALSE
Male,Loyal Customer,39,Personal Travel,Eco,414,2,4,2,1,1,2,1,1,4,2,3,4,1,2.15,0,0,FALSE
Male,Loyal Customer,32,Business Travel,Eco,2717,5,5,5,5,5,5,5,1,5,5,1,5,5,4.38,0,10,TRUE
Female,Loyal Customer,60,Business Travel,Eco,101,5,1,2,1,2,3,5,5,5,5,5,4,1,3.38,0,0,TRUE
Male,Loyal Customer,50,Business Travel,Business,2607,4,1,1,1,3,2,3,4,4,4,4,3,3,2.85,0,0,FALSE
Female,Loyal Customer,53,Personal Travel,Eco,201,4,2,4,4,2,4,4,5,5,4,3,4,4,3.77,0,6,FALSE
Female,Loyal Customer,49,Business Travel,Business,226,0,0,0,5,2,5,4,4,4,4,4,4,5,3.15,0,0,TRUE
Female,Loyal Customer,70,Personal Travel,Eco,1258,3,2,3,1,5,1,1,4,4,3,2,1,2,2.46,27,21,FALSE
Male,Loyal Customer,32,Business Travel,Business,1856,1,1,1,1,5,5,5,5,3,2,2,2,5,2.92,15,4,TRUE
Male,Loyal Customer,43,Personal Travel,Eco,2153,1,2,1,4,1,1,1,1,3,4,3,1,1,1.85,0,0,FALSE
Female,Loyal Customer,36,Business Travel,Eco Plus,305,4,4,4,4,4,4,4,4,4,1,2,3,4,3.54,26,21,TRUE
Male,Disloyal Customer,54,Business Travel,Business,240,3,2,2,4,4,3,2,4,5,3,4,3,4,3.31,0,15,FALSE
Male,Disloyal Customer,38,Business Travel,Eco,239,4,2,4,3,4,4,5,4,3,4,4,1,4,3.54,31,24,FALSE
Female,Loyal Customer,36,Business Travel,Business,517,1,1,1,1,4,5,5,5,5,5,5,4,3,3.46,0,0,TRUE
Male,Loyal Customer,52,Business Travel,Business,3073,4,4,3,4,2,4,5,3,3,3,3,4,5,3.62,30,17,TRUE
Female,Loyal Customer,39,Business Travel,Business,1810,1,1,1,1,2,4,5,4,4,4,4,4,5,3.08,11,0,TRUE
Male,Disloyal Customer,26,Business Travel,Eco,635,3,2,3,3,4,3,4,4,4,2,3,1,4,3.08,19,11,FALSE
Female,Loyal Customer,52,Business Travel,Business,3178,3,3,3,3,3,5,4,4,4,4,4,3,4,3.62,0,0,TRUE
Female,Loyal Customer,30,Business Travel,Business,2615,1,5,5,5,1,1,1,2,2,3,4,1,1,2.46,47,41,FALSE
Female,Loyal Customer,30,Business Travel,Business,578,2,4,4,4,2,2,2,2,4,3,1,2,2,2.62,0,5,FALSE
Female,Loyal Customer,13,Business Travel,Eco,1075,3,1,1,1,3,3,2,3,2,4,3,2,3,2.38,0,2,FALSE
Female,Loyal Customer,41,Personal Travel,Eco,780,3,1,3,3,1,3,1,1,2,2,3,1,1,1.92,121,111,FALSE
Female,Loyal Customer,49,Business Travel,Business,3767,5,5,5,5,4,4,4,3,3,3,3,3,5,4,0,0,TRUE
Female,Loyal Customer,32,Personal Travel,Eco,1205,2,2,2,2,3,2,3,3,2,5,3,4,3,2.77,0,0,FALSE
Male,Loyal Customer,66,Personal Travel,Eco,1598,1,4,1,3,2,1,2,2,4,2,4,5,2,2.54,120,97,FALSE
Male,Loyal Customer,60,Business Travel,Business,547,3,3,3,3,2,4,4,4,4,4,4,4,4,3.54,5,0,TRUE
Male,Loyal Customer,29,Business Travel,Business,2615,5,5,5,5,4,4,4,4,5,4,4,4,4,4.38,12,7,TRUE
Female,Disloyal Customer,23,Business Travel,Eco,1316,1,1,1,3,5,1,5,5,5,4,3,1,5,3.08,5,0,FALSE
Male,Loyal Customer,29,Business Travel,Eco Plus,612,3,5,5,5,3,3,3,3,2,2,3,3,3,3.31,31,36,FALSE
Female,Loyal Customer,41,Business Travel,Business,1065,5,5,5,5,4,5,5,5,5,5,5,3,3,4.62,50,17,TRUE
Female,Loyal Customer,31,Business Travel,Business,836,4,5,5,5,4,4,4,4,4,5,3,3,4,4.15,0,0,FALSE
Female,Loyal Customer,13,Personal Travel,Eco,612,2,3,3,3,1,3,1,1,2,4,3,1,1,2.15,73,61,FALSE
Male,Loyal Customer,17,Personal Travel,Eco,849,4,4,4,4,4,4,4,4,5,4,5,4,4,4.15,12,11,TRUE
Male,Loyal Customer,29,Personal Travel,Eco,214,2,3,2,1,4,2,4,4,4,5,3,2,4,3.08,0,0,FALSE
Female,Loyal Customer,65,Personal Travel,Business,482,3,2,3,3,4,4,3,2,2,3,2,2,3,2.77,0,0,FALSE
Female,Loyal Customer,27,Business Travel,Business,3160,3,2,3,3,5,5,5,5,2,3,3,1,5,3.46,0,8,TRUE
Female,Disloyal Customer,22,Business Travel,Business,2176,0,2,0,1,0,3,5,4,3,4,5,5,5,2.85,1,0,TRUE
Female,Loyal Customer,57,Personal Travel,Eco,404,3,5,3,2,4,4,5,5,5,3,5,4,5,4.08,0,0,FALSE
Male,Loyal Customer,45,Business Travel,Business,1532,3,3,3,3,4,5,4,3,3,3,3,4,3,3.38,0,0,TRUE
Female,Loyal Customer,46,Business Travel,Business,192,1,1,1,1,4,4,5,4,4,4,4,4,3,3.08,0,0,TRUE
Female,Disloyal Customer,14,Business Travel,Eco,501,4,2,4,3,4,4,5,4,3,2,3,2,4,3.38,0,8,FALSE
Female,Disloyal Customer,20,Business Travel,Eco,806,2,2,2,2,4,2,4,4,4,4,5,5,4,3.38,7,5,FALSE
Male,Loyal Customer,55,Business Travel,Business,1709,3,3,5,3,3,4,4,4,4,4,4,4,4,3.77,28,34,TRUE
Male,Loyal Customer,33,Business Travel,Eco Plus,1237,4,3,3,3,4,4,4,4,2,3,1,1,4,3.08,0,5,TRUE
Male,Loyal Customer,18,Business Travel,Eco Plus,448,2,2,5,2,2,3,3,2,1,5,4,4,2,2.85,0,2,FALSE
Male,Loyal Customer,47,Business Travel,Business,3847,0,0,0,1,2,4,4,5,5,5,5,4,4,3,0,0,TRUE
Female,Loyal Customer,49,Personal Travel,Eco,1616,1,5,2,4,2,4,5,1,1,2,1,5,3,2.77,0,24,FALSE
Male,Disloyal Customer,59,Business Travel,Eco,337,4,0,4,4,1,4,1,1,5,2,3,3,1,2.54,2,5,FALSE
Female,Loyal Customer,28,Business Travel,Business,2033,2,4,4,4,2,2,2,2,2,1,4,2,2,2.54,0,0,FALSE
Male,Loyal Customer,22,Business Travel,Eco,590,2,5,3,5,2,4,2,4,2,4,3,2,2,3.08,163,170,FALSE
Male,Loyal Customer,21,Personal Travel,Eco,1521,1,3,1,2,5,1,5,5,3,2,1,3,5,2.85,0,8,FALSE
Female,Disloyal Customer,39,Business Travel,Business,1979,2,2,2,1,2,2,2,2,4,3,4,3,2,2.38,0,2,FALSE
Female,Loyal Customer,34,Personal Travel,Eco,190,3,4,3,3,2,3,2,2,1,2,3,4,2,2.62,124,128,FALSE
Male,Disloyal Customer,37,Business Travel,Business,861,5,5,5,3,1,5,1,1,4,4,5,4,1,3.38,65,53,TRUE
Male,Loyal Customer,64,Business Travel,Eco,227,2,3,5,3,2,2,2,2,2,2,3,4,2,2.62,0,0,FALSE
Female,Loyal Customer,52,Business Travel,Business,682,2,5,5,5,4,2,3,2,2,2,2,1,4,3,0,0,FALSE
Male,Loyal Customer,67,Personal Travel,Eco,515,3,4,3,3,3,3,3,3,5,5,5,5,3,3.69,0,0,FALSE
Female,Loyal Customer,60,Personal Travel,Eco,1065,2,5,3,2,3,5,5,2,2,3,2,4,4,3.23,4,5,FALSE
Male,Loyal Customer,52,Business Travel,Eco,281,2,2,2,2,1,2,1,1,2,4,3,1,1,1.85,32,24,FALSE
Male,Loyal Customer,45,Personal Travel,Eco,925,2,1,2,2,4,2,4,4,1,4,2,1,4,2.54,0,11,FALSE
Male,Loyal Customer,45,Business Travel,Business,1984,2,2,2,2,1,3,4,2,2,2,2,4,2,2.31,40,36,FALSE
Male,Loyal Customer,39,Business Travel,Business,2967,2,2,2,2,3,5,5,4,4,4,4,3,4,3.38,0,0,TRUE
Female,Loyal Customer,64,Personal Travel,Eco,2475,3,5,3,1,3,1,1,5,4,5,1,1,1,2.62,0,0,FALSE
Female,Loyal Customer,49,Business Travel,Business,251,2,3,4,3,2,2,2,2,2,4,3,2,2,2.54,141,143,FALSE
Male,Loyal Customer,39,Business Travel,Business,1589,2,2,2,2,3,3,5,4,4,5,4,3,5,3.38,2,0,TRUE
Female,Loyal Customer,24,Personal Travel,Eco,301,3,5,3,4,2,3,2,2,4,5,4,4,2,3.31,0,0,FALSE
Female,Loyal Customer,33,Business Travel,Business,991,3,4,3,3,5,5,5,5,5,5,5,3,5,4.31,0,0,TRUE
Female,Loyal Customer,60,Business Travel,Business,236,3,3,3,3,2,4,4,5,5,5,5,4,5,3.92,0,0,TRUE
Male,Loyal Customer,57,Business Travel,Business,762,2,3,2,2,5,4,5,4,4,4,4,4,5,3.69,0,0,TRUE
Female,Disloyal Customer,43,Business Travel,Eco,1048,2,2,2,4,5,2,1,5,1,3,3,2,5,2.85,0,0,FALSE
Female,Disloyal Customer,27,Business Travel,Business,304,0,0,0,1,3,0,5,3,5,5,5,3,3,2.54,9,0,TRUE
Female,Loyal Customer,46,Business Travel,Business,2624,1,2,1,1,4,5,4,4,4,4,4,4,5,3.31,0,0,TRUE
Male,Loyal Customer,70,Personal Travel,Eco,542,2,3,2,4,3,2,3,3,1,3,5,4,3,2.92,0,0,FALSE
Female,Loyal Customer,25,Business Travel,Business,2342,2,2,4,2,4,4,4,3,2,4,4,4,4,3.31,0,9,TRUE
Female,Loyal Customer,70,Personal Travel,Eco,871,5,4,5,3,1,4,2,4,4,5,2,1,2,3.23,0,0,TRUE
Male,Loyal Customer,25,Business Travel,Business,667,2,3,3,3,2,2,2,2,4,2,2,3,2,2.46,73,55,FALSE
Male,Loyal Customer,37,Business Travel,Eco,1400,4,2,4,2,4,3,4,4,4,2,3,3,4,3.31,1,0,FALSE
Male,Loyal Customer,26,Business Travel,Business,670,3,3,3,3,3,3,3,3,1,5,3,2,3,2.92,0,0,FALSE
Female,Loyal Customer,49,Business Travel,Business,515,1,1,1,1,1,1,4,4,4,4,4,2,4,2.46,0,0,TRUE
Female,Loyal Customer,46,Personal Travel,Eco,436,3,5,3,3,4,5,5,3,3,3,3,4,4,3.69,0,0,FALSE
Female,Loyal Customer,32,Business Travel,Eco,2402,0,0,0,4,3,0,3,3,5,2,2,3,3,2.15,25,36,TRUE
Female,Loyal Customer,66,Personal Travel,Eco,1185,2,5,2,2,2,4,4,1,1,2,1,5,3,2.62,0,0,FALSE
Male,Loyal Customer,12,Personal Travel,Eco,728,2,3,2,3,4,2,4,4,3,5,4,1,4,3.15,0,0,FALSE
Male,Disloyal Customer,20,Business Travel,Eco,417,1,3,1,3,2,1,2,2,1,3,3,3,2,2.08,0,0,FALSE
Male,Loyal Customer,35,Personal Travel,Eco,2586,2,5,1,4,1,3,3,3,2,5,4,3,3,3,0,0,FALSE
Female,Loyal Customer,48,Business Travel,Eco,448,4,4,4,4,4,3,3,4,4,4,4,4,4,3.85,0,0,TRUE
Female,Loyal Customer,36,Business Travel,Business,2196,2,2,1,2,2,3,4,3,3,3,2,2,4,2.54,0,0,FALSE
Female,Loyal Customer,61,Personal Travel,Eco,946,2,4,2,3,1,4,4,5,5,2,5,4,1,3.23,3,36,FALSE
Male,Loyal Customer,43,Business Travel,Business,3792,3,3,3,3,1,1,3,3,3,3,3,3,4,2.77,0,0,TRUE
Male,Loyal Customer,36,Personal Travel,Eco,978,5,4,5,3,4,5,4,4,3,2,4,3,4,3.85,0,0,TRUE
Male,Loyal Customer,36,Business Travel,Business,1689,3,1,1,1,2,2,3,4,4,4,3,2,3,2.54,0,4,FALSE
Female,Loyal Customer,34,Personal Travel,Eco,216,3,0,3,1,3,3,3,3,5,4,5,4,3,3.08,0,8,FALSE
Female,Disloyal Customer,27,Business Travel,Business,647,2,2,2,5,5,2,5,5,4,5,5,4,5,3.92,0,0,FALSE
Female,Loyal Customer,56,Business Travel,Business,1605,1,1,3,1,5,5,5,5,5,4,4,5,5,3.77,190,206,TRUE
Female,Disloyal Customer,35,Business Travel,Eco,98,3,5,3,4,4,3,4,4,2,4,2,1,4,3.31,0,0,FALSE
Female,Loyal Customer,51,Business Travel,Business,109,5,5,5,5,3,4,4,4,4,4,5,4,5,4.38,122,121,TRUE
Female,Loyal Customer,67,Business Travel,Eco,404,2,2,2,2,3,3,4,2,2,2,2,2,4,2.46,0,0,FALSE
Female,Loyal Customer,45,Business Travel,Business,2708,2,5,5,5,5,3,3,2,2,3,2,2,1,3.08,4,0,FALSE
Male,Loyal Customer,55,Business Travel,Eco Plus,1162,5,3,3,3,5,5,5,5,4,5,1,3,5,4,0,0,TRUE
Male,Loyal Customer,32,Business Travel,Business,82,2,2,2,2,5,5,3,5,1,5,5,5,5,3.62,0,0,TRUE
Female,Loyal Customer,25,Business Travel,Business,1855,3,3,3,3,5,4,5,5,3,4,3,3,5,3.77,21,0,TRUE
Female,Loyal Customer,19,Business Travel,Business,2475,4,4,4,4,4,4,4,4,5,4,1,3,4,3.77,0,0,TRUE
Male,Loyal Customer,60,Business Travel,Business,236,5,5,5,5,4,5,4,5,5,5,5,4,4,4.69,0,0,TRUE
Male,Loyal Customer,56,Business Travel,Business,1679,2,5,5,5,2,3,4,2,2,1,2,3,1,2.85,0,0,FALSE
Female,Loyal Customer,43,Business Travel,Eco,864,5,2,2,2,3,3,5,5,5,5,5,5,1,3.69,106,109,TRUE
Female,Loyal Customer,41,Personal Travel,Eco,358,4,4,4,4,5,4,1,5,1,2,4,5,5,3.69,9,0,TRUE
Female,Disloyal Customer,28,Business Travel,Business,1438,3,3,3,2,3,3,3,3,3,3,4,3,3,3,0,0,FALSE
Male,Disloyal Customer,52,Business Travel,Business,547,3,3,3,4,4,3,4,4,4,5,5,4,4,3.85,0,0,TRUE
Female,Disloyal Customer,31,Business Travel,Business,2077,3,3,3,3,4,3,4,4,5,3,5,4,4,3.69,0,0,FALSE
Male,Disloyal Customer,10,Business Travel,Business,591,1,4,1,4,1,1,1,1,2,5,4,4,1,2.31,44,57,FALSE
Female,Loyal Customer,47,Business Travel,Business,2454,1,1,4,1,5,5,5,3,3,3,3,3,5,3.23,0,0,TRUE
Female,Loyal Customer,24,Business Travel,Business,1464,5,5,5,5,4,5,4,4,4,3,5,4,4,4.38,38,35,TRUE
Male,Disloyal Customer,24,Business Travel,Eco,261,2,3,2,3,3,2,1,3,3,5,2,4,3,2.77,0,0,FALSE
Male,Loyal Customer,53,Business Travel,Business,2075,1,1,1,1,3,5,4,5,5,5,5,3,3,3.23,0,0,TRUE
Female,Loyal Customer,23,Business Travel,Eco,134,4,5,5,5,4,4,3,4,3,3,5,1,4,3.85,0,0,TRUE
Male,Loyal Customer,8,Personal Travel,Eco,325,4,4,4,5,2,4,2,2,1,1,1,5,2,2.85,3,11,TRUE
Female,Loyal Customer,50,Business Travel,Business,1024,3,3,3,3,5,4,3,4,4,4,4,1,1,3.23,9,0,TRUE
Male,Loyal Customer,52,Personal Travel,Eco,417,2,3,2,1,2,2,2,2,3,4,4,4,2,2.54,0,0,FALSE
Male,Loyal Customer,16,Personal Travel,Eco,2342,3,3,2,3,3,2,3,3,3,4,2,2,3,2.77,40,34,FALSE
Male,Loyal Customer,27,Personal Travel,Eco,290,2,5,2,5,5,2,5,5,4,5,5,4,5,4.15,0,0,FALSE
Female,Loyal Customer,48,Business Travel,Business,3889,5,5,5,5,4,5,4,5,5,5,5,4,5,4.77,0,11,TRUE
Male,Loyal Customer,28,Personal Travel,Eco,177,2,4,2,1,2,2,5,2,5,4,5,4,2,3.08,0,0,FALSE
Female,Loyal Customer,61,Personal Travel,Eco,612,2,4,3,4,1,1,2,2,2,3,2,3,4,2.54,6,6,FALSE
Male,Disloyal Customer,26,Business Travel,Eco,861,3,4,4,4,4,1,1,1,2,3,3,1,1,2.46,201,195,FALSE
Male,Loyal Customer,38,Personal Travel,Eco,101,2,5,0,5,1,0,1,1,3,4,5,3,1,2.38,0,0,FALSE
Male,Loyal Customer,25,Business Travel,Business,208,3,3,3,3,5,5,4,5,3,5,3,1,5,3.69,0,0,TRUE
Male,Loyal Customer,46,Business Travel,Eco,406,2,3,3,3,2,2,2,2,2,3,3,1,2,2.31,0,0,FALSE
Female,Loyal Customer,55,Business Travel,Business,1892,4,4,4,4,4,4,4,4,4,4,4,5,5,4.15,1,2,TRUE
Female,Loyal Customer,47,Business Travel,Business,2133,2,4,4,4,3,3,3,2,2,3,2,4,1,2.85,26,0,FALSE
Male,Loyal Customer,47,Business Travel,Business,3602,1,1,1,1,5,4,4,5,5,5,5,4,5,3.54,1,0,TRUE
Male,Loyal Customer,38,Business Travel,Business,2403,2,2,2,2,5,4,4,3,3,4,3,3,3,3.08,0,0,TRUE
Female,Loyal Customer,40,Business Travel,Business,3644,1,1,1,1,5,4,4,3,3,3,3,4,3,2.77,0,0,TRUE
Female,Loyal Customer,49,Business Travel,Business,3470,5,5,5,5,2,5,5,4,4,4,4,3,3,4.15,0,0,TRUE
Male,Loyal Customer,58,Business Travel,Business,2316,1,1,1,1,4,4,5,5,5,5,5,5,3,3.46,0,0,TRUE
Female,Disloyal Customer,40,Business Travel,Business,405,2,2,2,4,3,2,3,3,5,2,5,5,3,3.15,0,0,FALSE
Male,Disloyal Customer,34,Business Travel,Business,341,1,1,1,3,5,1,4,5,4,5,4,5,5,3.38,0,0,FALSE
Female,Disloyal Customer,57,Business Travel,Eco,101,2,0,2,5,5,2,5,5,4,4,3,4,5,3.54,0,0,FALSE
Female,Loyal Customer,51,Personal Travel,Eco,362,3,5,4,5,2,4,4,1,1,4,1,3,5,3.23,15,11,FALSE
Female,Loyal Customer,53,Business Travel,Business,3536,1,1,1,1,4,4,4,4,2,4,5,4,4,3,352,335,TRUE
Male,Loyal Customer,54,Business Travel,Business,554,3,3,3,3,2,5,4,3,3,3,3,4,5,3.38,3,0,TRUE
Female,Disloyal Customer,20,Business Travel,Business,447,5,4,5,2,5,5,5,5,5,2,5,5,5,4.46,4,11,TRUE
Male,Loyal Customer,33,Personal Travel,Eco,1005,1,5,1,5,1,1,1,1,5,3,5,5,1,2.69,6,0,FALSE
Male,Loyal Customer,22,Personal Travel,Eco,270,2,0,2,3,1,2,1,1,5,3,4,4,1,2.23,0,0,FALSE
Male,Loyal Customer,27,Business Travel,Eco Plus,738,4,1,1,1,4,4,4,4,4,3,2,4,4,3.08,96,90,TRUE
Male,Loyal Customer,34,Business Travel,Business,1671,3,3,3,3,4,5,5,5,5,5,5,3,3,4,0,0,TRUE
Male,Loyal Customer,65,Personal Travel,Eco,474,2,4,2,3,4,2,4,4,4,2,5,5,4,3.46,0,0,FALSE
Male,Loyal Customer,15,Personal Travel,Eco Plus,261,3,5,3,2,4,3,4,4,3,1,4,4,4,3.38,0,0,FALSE
Female,Loyal Customer,36,Business Travel,Eco Plus,323,5,1,1,1,5,5,5,5,2,1,5,5,5,3.54,0,0,TRUE
Female,Disloyal Customer,36,Business Travel,Eco,139,4,3,4,3,3,4,3,3,1,4,4,1,3,3.08,0,0,FALSE
Male,Loyal Customer,55,Business Travel,Business,679,3,3,5,3,2,5,5,4,4,4,4,4,3,3.77,0,0,TRUE
Male,Loyal Customer,32,Business Travel,Business,184,4,1,1,1,3,3,4,3,3,3,3,3,3,2.69,0,0,FALSE
Female,Loyal Customer,43,Business Travel,Business,1759,2,2,2,2,5,4,5,5,5,5,5,3,5,3.85,106,110,TRUE
Male,Loyal Customer,66,Personal Travel,Business,431,4,5,4,1,2,4,4,3,3,4,1,5,5,3.46,0,0,TRUE
Male,Disloyal Customer,30,Business Travel,Eco,157,3,3,3,4,3,3,3,3,1,1,4,1,3,2.69,0,0,FALSE
Female,Loyal Customer,19,Personal Travel,Eco,453,3,3,3,3,1,3,1,1,3,2,4,2,1,2.31,0,0,FALSE
Female,Disloyal Customer,26,Business Travel,Eco,451,2,5,2,3,2,2,4,2,3,5,3,2,2,2.85,5,3,FALSE
Male,Loyal Customer,57,Personal Travel,Eco,596,2,5,2,3,2,2,2,2,4,4,5,5,2,3.08,0,0,FALSE
Male,Loyal Customer,8,Personal Travel,Eco,748,4,1,4,1,3,4,3,3,3,5,1,3,3,2.92,23,19,FALSE
Female,Loyal Customer,11,Personal Travel,Eco,280,1,3,2,4,2,2,2,2,2,3,1,2,2,2.15,0,27,FALSE
Female,Loyal Customer,37,Personal Travel,Eco,1171,2,5,2,2,4,2,4,4,5,5,3,3,4,3.46,0,0,FALSE
Male,Disloyal Customer,21,Business Travel,Eco,515,3,4,3,3,3,3,3,3,1,4,4,2,3,3,16,12,FALSE
Female,Loyal Customer,16,Personal Travel,Eco,892,1,5,1,3,3,1,3,3,5,2,4,3,3,2.85,0,0,FALSE
Female,Disloyal Customer,38,Business Travel,Business,255,1,1,1,2,4,1,4,4,3,5,5,3,4,2.92,0,8,FALSE
Male,Disloyal Customer,20,Business Travel,Eco,670,4,4,4,3,4,4,3,4,3,2,4,5,4,3.69,0,0,TRUE
Male,Loyal Customer,11,Personal Travel,Eco,341,1,5,1,2,4,1,4,4,4,5,4,4,4,3.31,0,0,FALSE
Male,Loyal Customer,66,Business Travel,Business,3559,2,2,2,2,2,4,3,3,3,3,2,4,2,2.62,0,14,FALSE
Female,Loyal Customer,21,Business Travel,Business,3668,5,5,4,5,5,5,5,5,3,2,4,5,5,4.46,2,0,TRUE
Female,Loyal Customer,70,Business Travel,Business,2478,3,3,3,3,5,4,5,5,5,4,5,3,5,4.08,0,7,TRUE
Female,Loyal Customer,53,Business Travel,Business,3690,4,4,4,4,4,5,4,4,4,4,4,5,5,4.23,68,59,TRUE
Female,Loyal Customer,16,Business Travel,Business,1771,1,1,5,1,1,1,1,1,3,4,4,4,1,2.15,0,15,FALSE
Female,Loyal Customer,30,Personal Travel,Eco,622,1,4,1,3,5,1,4,5,3,2,5,5,5,3.38,0,0,FALSE
Female,Loyal Customer,38,Business Travel,Eco,160,4,5,3,5,4,4,4,4,2,3,4,5,4,3.92,0,2,TRUE
Male,Loyal Customer,42,Business Travel,Eco,1303,1,1,1,1,1,1,1,1,3,2,4,4,1,1.69,0,0,FALSE
Male,Loyal Customer,56,Business Travel,Business,184,0,4,0,3,4,5,4,4,4,4,4,5,3,3.38,0,0,TRUE
Female,Loyal Customer,45,Personal Travel,Eco,2475,3,4,3,5,4,4,5,4,4,3,4,5,5,4.08,0,4,FALSE
Male,Loyal Customer,20,Personal Travel,Eco Plus,528,3,3,3,1,3,3,2,3,3,2,5,3,3,2.85,0,0,FALSE
Male,Loyal Customer,49,Business Travel,Eco,352,4,2,2,2,4,4,4,4,1,3,3,3,4,3.08,0,0,TRUE
Female,Loyal Customer,63,Personal Travel,Eco,726,4,5,4,3,4,3,3,1,1,4,1,2,3,2.92,0,0,FALSE
Male,Loyal Customer,43,Personal Travel,Business,829,3,4,3,1,3,4,4,4,4,3,4,5,4,3.54,1,8,FALSE
Female,Loyal Customer,26,Personal Travel,Eco Plus,184,1,4,1,2,5,1,5,5,3,2,4,4,5,3.23,0,0,FALSE
Male,Loyal Customer,33,Business Travel,Business,366,4,4,2,4,5,5,5,5,4,3,4,3,5,4.08,0,0,TRUE
Female,Disloyal Customer,37,Business Travel,Eco,434,3,0,4,2,4,4,4,4,3,2,4,5,4,3.31,0,0,FALSE
Female,Loyal Customer,64,Personal Travel,Eco,157,2,2,2,3,5,4,4,2,2,2,2,3,4,2.85,0,1,FALSE
Male,Loyal Customer,48,Business Travel,Business,532,1,1,1,1,2,5,5,5,5,4,5,3,3,3.15,0,0,TRUE
Male,Disloyal Customer,23,Business Travel,Eco,296,5,4,5,3,2,5,1,2,4,3,3,2,2,3.15,0,0,TRUE
Female,Loyal Customer,53,Business Travel,Business,500,4,4,4,4,5,4,5,3,3,3,3,5,4,3.92,0,0,TRUE
Female,Loyal Customer,41,Business Travel,Business,2328,3,3,4,3,5,4,3,3,3,3,3,1,3,3.15,0,0,FALSE
Male,Disloyal Customer,13,Business Travel,Eco,584,2,2,2,2,5,2,5,5,2,5,3,2,5,3.23,0,0,FALSE
Female,Loyal Customer,40,Personal Travel,Eco,882,2,2,1,4,2,1,2,2,4,2,3,2,2,2.23,0,0,FALSE
Male,Disloyal Customer,80,Business Travel,Eco,337,3,0,4,4,3,4,3,3,2,5,4,4,3,3.23,0,0,FALSE
Female,Loyal Customer,27,Business Travel,Business,3374,0,4,0,5,5,5,5,5,3,3,1,4,5,3.46,0,0,TRUE
Female,Loyal Customer,35,Business Travel,Business,2746,1,1,1,1,2,5,4,5,5,4,5,3,5,3.23,0,0,TRUE
Female,Loyal Customer,41,Personal Travel,Eco,551,3,5,3,3,2,3,2,2,4,2,4,5,2,3.08,0,0,FALSE
Female,Loyal Customer,60,Business Travel,Business,488,4,4,4,4,2,5,5,4,4,5,4,3,4,4,0,0,TRUE
Male,Loyal Customer,43,Personal Travel,Eco,287,2,1,3,2,4,3,5,4,3,5,2,3,4,3.15,9,8,FALSE
Male,Loyal Customer,47,Personal Travel,Eco,404,2,5,2,2,5,2,2,5,3,4,5,4,5,3.54,0,0,FALSE
Female,Disloyal Customer,27,Business Travel,Business,1182,2,2,2,4,5,2,5,5,3,3,5,3,5,3.54,15,1,FALSE
Male,Loyal Customer,25,Business Travel,Business,1846,4,4,4,4,5,5,5,5,4,4,4,5,5,4.46,4,0,TRUE
Female,Loyal Customer,56,Business Travel,Eco,641,2,3,4,4,2,4,4,2,2,2,2,1,4,2.77,0,0,FALSE
Male,Loyal Customer,54,Business Travel,Business,370,2,2,2,2,4,5,5,4,4,4,4,4,5,3.62,22,16,TRUE
Male,Loyal Customer,64,Personal Travel,Eco,301,1,4,1,2,5,1,5,5,3,3,4,5,5,3.38,0,0,FALSE
Female,Loyal Customer,39,Personal Travel,Eco,762,3,3,3,4,2,3,2,2,3,2,4,3,2,2.77,10,4,FALSE
Female,Loyal Customer,14,Personal Travel,Business,1065,2,5,2,4,2,2,2,2,5,3,4,3,2,2.92,66,36,FALSE
Female,Disloyal Customer,36,Business Travel,Business,190,3,2,2,4,2,2,2,2,3,2,5,4,2,2.69,3,0,FALSE
Female,Loyal Customer,34,Business Travel,Business,1999,4,4,4,4,4,4,4,5,5,5,5,5,5,4.46,0,0,TRUE
Female,Loyal Customer,36,Personal Travel,Eco,2611,2,2,2,3,2,2,3,2,2,3,2,4,2,2.38,11,9,FALSE
Male,Loyal Customer,47,Business Travel,Business,214,2,2,2,2,5,5,4,4,4,4,5,3,5,3.62,0,0,TRUE
Male,Loyal Customer,55,Personal Travel,Eco,430,5,4,3,4,4,3,4,4,4,4,5,4,4,4,0,0,TRUE
Female,Disloyal Customer,25,Business Travel,Eco,1446,3,3,3,3,2,3,2,2,4,3,2,4,2,2.77,35,6,FALSE
Female,Loyal Customer,25,Business Travel,Business,459,3,1,1,1,3,4,3,3,4,2,2,3,3,2.54,0,32,FALSE
Female,Loyal Customer,51,Business Travel,Business,1440,3,3,3,3,5,5,4,4,4,4,4,4,4,3.85,0,0,TRUE
Female,Loyal Customer,39,Business Travel,Business,2929,4,4,2,4,2,4,5,4,4,5,4,3,5,3.85,0,0,TRUE
Female,Disloyal Customer,21,Business Travel,Eco,667,2,3,2,4,1,2,1,1,1,2,3,2,1,1.92,19,22,FALSE
Male,Loyal Customer,50,Business Travel,Business,2256,4,1,1,1,4,2,2,4,4,4,4,1,3,2.69,4,0,FALSE
Female,Loyal Customer,50,Business Travel,Business,762,3,3,3,3,5,5,5,3,3,5,5,5,5,4.08,138,120,TRUE
Male,Loyal Customer,53,Personal Travel,Eco,746,2,3,2,5,4,2,4,4,3,1,5,2,4,3.15,0,0,FALSE
Male,Loyal Customer,7,Personal Travel,Eco Plus,581,5,5,5,3,4,5,4,4,3,3,5,5,4,4.23,0,0,TRUE
Female,Loyal Customer,35,Business Travel,Eco Plus,853,4,4,4,4,4,5,4,4,3,4,4,2,4,3.85,0,10,TRUE
Male,Loyal Customer,49,Business Travel,Business,3101,3,2,2,2,3,4,4,3,3,3,3,3,4,3,0,0,FALSE
Female,Loyal Customer,52,Business Travel,Business,599,4,4,4,4,2,5,5,5,5,5,5,4,5,4.38,1,0,TRUE
Female,Loyal Customer,41,Business Travel,Business,1951,2,2,2,2,5,4,4,4,4,5,4,5,5,3.69,2,3,TRUE
Male,Loyal Customer,51,Personal Travel,Eco,83,5,5,0,4,3,0,3,3,3,5,3,3,3,3.08,0,0,TRUE
Male,Loyal Customer,43,Business Travel,Eco,1121,4,2,5,2,4,4,4,4,3,3,4,1,4,3.38,55,104,TRUE
Female,Loyal Customer,31,Personal Travel,Eco Plus,196,2,3,2,2,1,2,1,1,3,1,1,3,1,1.77,0,0,FALSE
Female,Loyal Customer,48,Personal Travel,Eco,125,3,5,0,3,5,4,4,5,5,0,5,5,4,3.69,0,0,FALSE
Male,Disloyal Customer,27,Business Travel,Eco,944,2,2,2,3,3,2,3,3,1,4,5,2,3,2.69,0,0,FALSE
Female,Loyal Customer,42,Business Travel,Business,2232,2,2,2,2,2,5,4,5,5,5,5,5,5,3.77,10,7,TRUE
Male,Loyal Customer,46,Business Travel,Eco Plus,228,2,2,2,2,2,2,2,2,2,3,3,3,2,2.23,13,17,FALSE
Female,Loyal Customer,69,Personal Travel,Eco,1542,4,5,4,2,3,4,5,5,5,4,5,5,4,4.23,0,0,FALSE
Male,Disloyal Customer,25,Business Travel,Business,352,0,2,0,2,4,0,4,4,5,5,4,3,4,2.85,0,0,TRUE
Male,Loyal Customer,24,Business Travel,Business,2980,2,2,2,2,4,4,4,4,3,2,5,3,4,3.15,0,0,TRUE
Male,Loyal Customer,52,Business Travel,Business,2628,2,2,2,2,3,4,4,4,4,4,4,3,3,3.15,36,40,TRUE
Female,Loyal Customer,9,Personal Travel,Eco,1737,0,5,1,3,5,1,5,5,3,2,4,4,5,3.31,7,0,TRUE
Male,Loyal Customer,45,Business Travel,Business,1916,2,2,2,2,2,3,5,5,5,5,5,4,3,3.46,0,0,TRUE
Female,Disloyal Customer,33,Business Travel,Eco,419,2,1,2,3,1,2,1,1,1,4,4,1,1,1.85,0,0,FALSE
Female,Loyal Customer,13,Personal Travel,Eco,1773,3,3,4,2,5,4,1,5,1,5,5,2,5,3.46,11,0,FALSE
Male,Loyal Customer,61,Personal Travel,Eco Plus,192,3,4,3,1,3,3,3,3,3,5,5,5,3,3.38,34,21,FALSE
Female,Loyal Customer,51,Business Travel,Business,946,1,1,1,1,4,4,4,5,5,5,5,5,4,3.46,0,0,TRUE
Female,Loyal Customer,60,Business Travel,Business,1389,4,4,4,4,5,5,4,4,4,4,4,4,4,4.15,0,8,TRUE
Male,Disloyal Customer,17,Business Travel,Eco,1204,2,2,2,4,3,2,3,3,3,1,3,1,3,2.46,22,27,FALSE
Female,Loyal Customer,34,Business Travel,Business,693,1,1,1,1,3,1,2,5,5,5,5,2,4,2.77,0,0,TRUE
Female,Disloyal Customer,17,Business Travel,Eco,197,0,4,0,3,5,0,4,5,4,4,4,3,5,3.15,0,0,TRUE
Female,Loyal Customer,40,Business Travel,Eco Plus,515,5,3,3,3,5,5,5,3,5,4,4,5,5,4.23,160,154,TRUE
Female,Loyal Customer,26,Personal Travel,Eco,101,2,5,2,3,3,2,3,3,3,3,4,5,3,3.15,0,1,FALSE
Female,Loyal Customer,29,Business Travel,Business,163,0,4,0,2,5,4,4,5,3,4,4,3,5,3.31,0,0,TRUE
Male,Loyal Customer,40,Business Travel,Business,1742,3,1,1,1,3,3,4,2,2,2,3,2,1,2.15,0,0,FALSE
Male,Loyal Customer,43,Personal Travel,Eco,2072,3,4,3,1,3,3,3,4,2,3,4,3,3,3,188,178,FALSE
Male,Loyal Customer,20,Personal Travel,Eco,851,1,5,1,5,2,1,1,2,3,3,4,5,2,2.69,66,60,FALSE
Male,Loyal Customer,68,Personal Travel,Business,417,2,5,2,2,4,5,2,1,1,2,1,4,3,2.62,0,0,FALSE
Male,Loyal Customer,77,Business Travel,Business,2363,2,5,5,5,1,4,3,1,1,2,2,2,3,2.77,0,1,FALSE
Male,Loyal Customer,39,Business Travel,Business,495,5,5,5,5,2,5,4,5,5,5,5,3,5,4.54,0,0,TRUE
Female,Loyal Customer,50,Business Travel,Business,2574,2,5,5,5,4,3,4,2,2,2,2,4,4,3.38,4,12,FALSE
Male,Disloyal Customer,39,Business Travel,Business,1103,5,5,5,2,5,5,5,5,4,5,4,3,5,4.46,21,25,TRUE
Female,Loyal Customer,27,Personal Travel,Eco Plus,479,3,2,3,4,5,3,2,5,3,2,3,4,5,3.38,23,12,FALSE
Female,Loyal Customer,38,Business Travel,Business,2541,1,1,1,1,4,4,4,4,4,4,4,5,5,3.23,1,0,TRUE
Male,Loyal Customer,35,Business Travel,Business,2475,4,4,4,4,3,5,5,4,4,4,4,4,5,4.15,90,83,TRUE
Female,Loyal Customer,51,Business Travel,Business,591,2,2,2,2,2,4,5,5,5,5,5,5,3,3.62,42,28,TRUE
Female,Disloyal Customer,39,Business Travel,Business,299,2,2,2,3,2,2,2,2,4,2,4,2,2,2.38,0,0,FALSE
Female,Loyal Customer,48,Business Travel,Business,1525,5,5,5,5,2,5,5,5,5,5,5,3,3,4.46,2,9,TRUE
Female,Loyal Customer,29,Personal Travel,Eco,1774,1,4,1,3,2,1,2,2,4,3,4,4,2,2.54,0,0,FALSE
Male,Loyal Customer,48,Business Travel,Business,2263,3,3,3,3,4,4,5,5,5,5,5,5,4,4.15,32,21,TRUE
Female,Loyal Customer,52,Personal Travel,Business,919,1,5,2,2,3,4,4,1,1,2,1,5,4,2.69,0,0,FALSE
Male,Loyal Customer,47,Business Travel,Eco,868,2,3,3,3,3,2,3,3,3,2,4,3,3,2.85,0,0,FALSE
Female,Loyal Customer,51,Business Travel,Business,2133,1,1,1,1,5,3,5,5,5,5,5,3,3,3.31,31,38,TRUE
Female,Loyal Customer,58,Business Travel,Business,304,5,5,3,5,2,3,4,4,4,4,4,4,3,3.85,0,0,TRUE
Male,Disloyal Customer,33,Business Travel,Eco,110,1,1,1,4,5,1,5,5,1,1,3,3,5,2.77,0,0,FALSE
Male,Loyal Customer,60,Business Travel,Business,3821,0,0,0,3,5,4,4,5,5,3,3,3,5,3.08,5,0,TRUE
Female,Loyal Customer,15,Business Travel,Business,2633,2,5,4,4,3,4,2,3,2,3,3,4,3,3.23,0,0,FALSE
Female,Loyal Customer,57,Business Travel,Business,3634,1,3,2,3,5,2,2,1,1,2,1,1,2,2,3,0,FALSE
Female,Loyal Customer,17,Personal Travel,Eco,395,4,1,4,2,3,4,3,3,4,1,2,4,3,2.92,0,0,TRUE
Female,Loyal Customer,22,Personal Travel,Eco Plus,397,4,2,4,3,1,4,4,1,4,1,4,2,1,2.69,0,0,TRUE
Male,Loyal Customer,39,Business Travel,Business,3489,4,4,4,4,3,4,2,4,4,4,4,1,2,3.38,0,0,TRUE
Female,Loyal Customer,32,Business Travel,Business,919,5,5,5,5,5,5,5,5,3,4,5,4,5,4.69,0,0,TRUE
Male,Loyal Customer,31,Business Travel,Business,2511,4,4,4,4,4,4,4,4,4,4,4,4,4,4,6,2,TRUE
Female,Loyal Customer,36,Business Travel,Eco,373,5,3,3,3,5,5,5,5,5,5,5,1,5,4.23,0,7,TRUE
Female,Loyal Customer,20,Personal Travel,Eco,2248,3,4,3,1,3,4,4,3,5,4,4,4,4,3.54,1,40,FALSE
Female,Loyal Customer,59,Business Travel,Business,1538,1,1,1,1,3,5,5,4,4,4,5,4,3,3.15,0,0,TRUE
Female,Loyal Customer,62,Personal Travel,Eco,1290,2,5,2,3,5,3,5,2,2,2,2,3,3,3,20,21,FALSE
Male,Loyal Customer,24,Personal Travel,Eco,147,2,1,0,2,5,0,5,5,4,4,3,1,5,2.85,1,0,FALSE
Male,Loyal Customer,70,Personal Travel,Eco,272,4,5,4,3,2,4,2,2,5,4,4,5,2,3.54,0,0,FALSE
Female,Loyal Customer,10,Personal Travel,Eco,391,2,4,2,3,5,2,5,5,4,2,3,2,5,3.38,3,0,FALSE
Female,Loyal Customer,36,Business Travel,Eco Plus,331,3,5,5,5,3,3,3,3,3,3,3,5,3,3.62,0,0,TRUE
Female,Loyal Customer,41,Business Travel,Business,836,4,4,4,4,5,4,5,4,4,5,4,5,5,4.38,11,1,TRUE
Male,Loyal Customer,25,Business Travel,Business,1956,5,5,5,5,3,3,3,3,5,2,3,4,3,3.77,0,0,TRUE
Female,Loyal Customer,36,Business Travel,Eco Plus,86,5,3,3,3,5,5,5,5,4,5,4,3,5,4.23,1,0,TRUE
Male,Disloyal Customer,33,Business Travel,Business,2611,4,4,4,2,4,4,4,1,1,2,3,4,4,3.15,0,0,FALSE
Male,Loyal Customer,51,Business Travel,Business,3038,5,5,4,5,2,5,4,4,4,4,4,3,3,4,0,0,TRUE
Female,Loyal Customer,29,Personal Travel,Eco,760,3,3,3,3,5,3,5,5,1,3,3,3,5,3.46,7,37,FALSE
Female,Loyal Customer,47,Business Travel,Business,2863,2,2,2,2,4,1,5,5,5,5,5,1,5,3.38,0,0,TRUE
Male,Disloyal Customer,23,Business Travel,Eco,733,3,3,3,4,2,3,2,2,5,3,4,3,2,3,0,0,FALSE
Male,Loyal Customer,27,Business Travel,Business,3270,4,4,4,4,5,5,5,5,5,5,3,1,5,4.23,24,25,TRUE
Male,Loyal Customer,40,Personal Travel,Eco,116,1,4,1,4,5,1,5,5,4,4,4,5,5,3.69,0,10,FALSE
Female,Loyal Customer,62,Business Travel,Business,3272,4,4,4,4,2,5,5,3,3,4,3,4,4,3.77,24,22,TRUE
Male,Loyal Customer,60,Personal Travel,Eco Plus,227,4,5,4,1,1,4,3,1,5,4,5,4,1,3.23,0,0,FALSE
Female,Loyal Customer,33,Personal Travel,Eco,349,2,1,5,3,4,5,4,4,1,5,2,4,4,3.38,0,0,FALSE
Male,Loyal Customer,45,Business Travel,Business,373,3,3,3,3,2,3,1,4,4,4,4,2,5,3.15,25,30,TRUE
Female,Loyal Customer,60,Business Travel,Business,2434,1,1,2,1,2,4,5,4,4,4,4,5,4,3.15,12,0,TRUE
Male,Loyal Customer,34,Personal Travel,Eco Plus,528,1,5,1,2,2,1,2,2,5,5,4,3,2,2.69,127,124,FALSE
Male,Loyal Customer,35,Business Travel,Eco,329,5,2,2,2,5,5,5,5,3,3,5,5,5,4,10,0,TRUE
Male,Loyal Customer,32,Business Travel,Business,3247,3,3,3,3,5,5,5,5,5,5,4,4,5,4.23,8,0,TRUE
Male,Disloyal Customer,37,Business Travel,Business,361,1,1,1,5,4,1,1,4,5,4,5,4,4,3.08,0,0,FALSE
Female,Loyal Customer,71,Business Travel,Business,918,4,5,5,5,4,4,3,4,4,4,4,4,1,3.92,0,0,FALSE
Female,Loyal Customer,75,Business Travel,Eco,228,2,4,4,4,4,1,1,2,2,2,2,4,3,2.69,22,14,FALSE
Female,Loyal Customer,50,Business Travel,Business,1744,3,3,5,3,4,5,4,5,5,5,5,4,4,4.23,0,0,TRUE
Male,Loyal Customer,48,Business Travel,Eco,641,4,5,5,5,4,4,4,4,2,4,3,4,4,4,100,91,TRUE
Male,Loyal Customer,45,Business Travel,Eco Plus,406,1,5,5,5,1,1,1,1,1,3,4,1,1,2.31,2,1,FALSE
Male,Loyal Customer,30,Business Travel,Business,1500,1,4,1,1,5,5,5,5,5,3,4,5,5,3.77,7,14,TRUE
Male,Loyal Customer,29,Business Travel,Business,441,1,1,1,1,4,4,4,4,4,3,4,3,4,2.92,0,0,TRUE
Female,Loyal Customer,23,Business Travel,Business,868,5,5,5,5,4,4,4,4,5,4,5,5,4,4.54,0,0,TRUE
Female,Disloyal Customer,20,Business Travel,Business,897,5,0,5,3,1,5,2,1,3,4,3,5,1,2.92,0,9,TRUE
Female,Loyal Customer,38,Business Travel,Eco,834,2,3,3,3,2,2,2,2,1,3,3,1,2,2.23,0,8,FALSE
Female,Loyal Customer,63,Personal Travel,Eco Plus,1334,2,5,2,1,4,5,5,2,2,2,2,4,5,3.15,0,0,FALSE
Female,Loyal Customer,8,Business Travel,Business,2475,2,3,3,3,2,2,2,2,2,2,4,2,2,2.38,0,0,FALSE
Male,Disloyal Customer,50,Business Travel,Eco,2039,2,2,2,3,3,2,3,3,1,2,2,1,3,2.23,0,10,FALSE
Male,Loyal Customer,53,Personal Travel,Eco,581,3,2,3,3,3,3,3,3,3,3,3,3,3,2.92,9,1,FALSE
Female,Loyal Customer,57,Business Travel,Business,164,2,2,2,2,5,3,2,2,2,2,2,2,1,2.23,29,39,FALSE
Female,Loyal Customer,16,Personal Travel,Eco,666,3,1,3,3,2,3,5,2,4,3,3,1,2,2.69,0,0,FALSE
Female,Loyal Customer,66,Business Travel,Business,862,2,5,5,5,1,4,3,2,2,2,2,4,3,3.08,0,1,FALSE
Female,Disloyal Customer,43,Business Travel,Eco Plus,89,3,3,3,2,4,3,5,4,3,2,5,5,4,3.54,0,0,FALSE
Male,Loyal Customer,52,Business Travel,Eco,401,2,1,1,1,2,2,2,2,2,1,3,4,2,1.92,26,12,FALSE
Female,Disloyal Customer,48,Business Travel,Eco,849,3,3,3,3,3,3,3,3,4,3,3,1,3,2.92,2,0,FALSE
Male,Disloyal Customer,26,Business Travel,Business,1744,5,5,5,1,3,0,3,3,3,2,4,4,3,3.15,0,0,TRUE
Male,Loyal Customer,46,Business Travel,Business,2608,2,5,3,3,2,4,3,4,4,4,2,3,1,3.08,0,4,FALSE
Male,Loyal Customer,28,Business Travel,Business,936,5,5,5,5,4,4,4,4,5,3,5,3,4,4.31,0,0,TRUE
Male,Loyal Customer,32,Business Travel,Business,1668,5,5,5,5,5,5,5,5,5,4,4,1,5,4.54,2,0,TRUE
Female,Loyal Customer,42,Business Travel,Business,2036,5,5,5,5,4,5,4,4,4,4,4,4,5,4.46,15,19,TRUE
Female,Loyal Customer,7,Personal Travel,Eco,1565,1,5,1,4,3,1,3,3,3,2,5,4,3,2.92,6,6,FALSE
Female,Loyal Customer,28,Business Travel,Business,861,3,5,5,5,3,3,3,3,3,4,2,1,3,3.31,0,0,FALSE
Female,Loyal Customer,59,Personal Travel,Business,1723,1,5,1,3,4,3,5,5,5,1,5,3,3,3.38,0,0,FALSE
Female,Disloyal Customer,37,Business Travel,Eco Plus,175,5,5,5,1,4,5,3,4,1,2,1,2,4,3.23,0,0,TRUE
Female,Loyal Customer,39,Business Travel,Eco Plus,472,4,1,1,1,4,4,4,4,1,5,5,1,4,3,50,53,TRUE
Female,Loyal Customer,34,Personal Travel,Eco,197,1,4,1,4,2,1,2,2,3,5,4,4,2,2.69,1,0,FALSE
Female,Loyal Customer,47,Personal Travel,Eco,304,4,5,4,3,5,4,5,2,2,4,2,3,3,3.54,0,0,FALSE
Male,Loyal Customer,38,Personal Travel,Eco,680,2,5,2,3,3,2,3,3,4,2,4,3,3,3,0,0,FALSE
Female,Loyal Customer,41,Business Travel,Eco,718,3,1,1,1,3,3,3,3,1,2,4,4,3,2.46,0,0,FALSE
Male,Loyal Customer,23,Personal Travel,Eco,199,2,5,0,5,5,0,5,5,1,5,2,4,5,3.38,20,29,FALSE
Female,Loyal Customer,38,Business Travel,Business,1851,5,5,5,5,2,4,5,5,5,5,5,5,4,4.62,0,0,TRUE
Female,Loyal Customer,47,Business Travel,Business,1871,5,5,5,5,3,2,2,4,4,4,4,3,1,3.62,80,125,TRUE
Female,Loyal Customer,25,Business Travel,Eco,618,5,5,5,5,5,5,5,5,1,1,2,3,5,4,0,0,TRUE
Male,Loyal Customer,60,Personal Travel,Eco,282,3,4,3,3,5,3,5,5,1,2,3,1,5,3.31,0,0,FALSE
Male,Disloyal Customer,33,Business Travel,Eco,372,4,0,4,2,1,4,1,1,2,1,5,4,1,2.31,8,0,FALSE
Female,Loyal Customer,15,Personal Travel,Eco,964,5,5,5,3,5,5,3,5,4,4,4,3,5,4.31,5,0,TRUE
Female,Loyal Customer,65,Personal Travel,Eco,251,2,4,2,1,2,5,4,3,3,2,3,5,3,3,0,4,FALSE
Female,Loyal Customer,47,Business Travel,Business,1605,4,4,4,4,4,4,5,5,5,5,5,3,3,4.23,12,13,TRUE
Female,Loyal Customer,46,Business Travel,Eco,748,3,3,3,3,5,3,3,3,3,3,3,1,1,2.85,0,2,FALSE
Male,Loyal Customer,55,Business Travel,Business,2329,1,1,1,1,3,3,5,4,4,4,4,4,4,3,5,0,TRUE
Male,Loyal Customer,36,Personal Travel,Business,409,1,4,1,2,1,4,4,2,2,1,3,4,4,2.54,168,171,FALSE
Female,Loyal Customer,45,Personal Travel,Business,1416,3,5,3,5,5,5,4,2,2,3,2,3,5,3.62,0,0,FALSE
Female,Loyal Customer,33,Personal Travel,Eco,109,2,5,2,4,4,2,4,4,3,4,1,1,4,3.08,0,3,FALSE
Male,Loyal Customer,50,Business Travel,Eco,862,4,4,4,4,4,4,4,4,4,3,2,3,4,3.69,0,31,TRUE
Male,Loyal Customer,17,Business Travel,Business,1846,1,4,4,4,1,2,1,1,4,5,2,3,1,2.54,3,19,FALSE
Male,Disloyal Customer,26,Business Travel,Business,1547,0,0,0,2,4,0,4,4,3,5,4,3,4,2.54,0,0,TRUE
Male,Loyal Customer,47,Personal Travel,Eco,1050,4,4,4,3,5,4,5,5,3,2,2,1,5,3.62,0,0,FALSE
Male,Loyal Customer,65,Personal Travel,Eco,147,1,3,0,3,4,0,4,4,2,3,3,1,4,2.46,0,0,FALSE
Female,Loyal Customer,24,Personal Travel,Eco,2133,2,4,2,4,5,2,5,5,3,3,4,2,5,3.54,0,0,FALSE
Female,Loyal Customer,53,Business Travel,Eco,590,3,3,3,3,4,3,3,3,3,3,3,4,2,3.08,36,35,FALSE
Female,Loyal Customer,45,Business Travel,Business,2542,2,2,2,2,3,4,5,5,5,5,5,4,4,3.69,10,0,TRUE
Female,Loyal Customer,61,Personal Travel,Eco Plus,301,2,5,2,5,2,2,2,4,3,4,4,2,2,3,156,209,FALSE
Male,Loyal Customer,13,Personal Travel,Business,965,5,3,5,3,1,5,1,1,3,2,4,3,1,2.85,0,0,TRUE
Male,Loyal Customer,67,Business Travel,Business,1907,5,5,5,5,5,3,1,5,5,5,3,1,2,3.85,0,0,TRUE
Male,Disloyal Customer,29,Business Travel,Business,1773,4,4,4,3,3,4,3,3,3,5,3,4,3,3.54,0,0,FALSE
Female,Loyal Customer,43,Business Travel,Eco,109,1,4,4,4,3,3,4,1,1,1,1,4,1,2.46,9,20,FALSE
Male,Loyal Customer,43,Business Travel,Business,1440,5,5,5,5,3,5,4,2,2,3,2,3,4,3.69,0,0,TRUE
Female,Loyal Customer,18,Business Travel,Business,2489,2,2,2,2,4,4,4,4,3,2,2,3,4,2.92,0,0,TRUE
Male,Loyal Customer,52,Business Travel,Business,3701,2,2,2,2,2,4,5,4,4,4,4,5,4,3.38,0,0,TRUE
Female,Disloyal Customer,36,Business Travel,Business,255,4,4,4,5,5,4,5,5,4,4,5,5,5,4.54,0,0,FALSE
Female,Disloyal Customer,32,Business Travel,Business,731,4,4,4,3,5,4,5,5,4,3,5,5,5,4.31,0,0,FALSE
Female,Loyal Customer,44,Business Travel,Business,1744,3,3,3,3,5,5,4,4,4,4,4,4,5,3.92,0,0,TRUE
Male,Loyal Customer,11,Personal Travel,Eco,746,1,5,1,3,5,1,5,5,4,4,1,2,5,3.23,38,68,FALSE
Female,Loyal Customer,46,Personal Travel,Eco,569,1,1,1,3,2,3,2,2,2,1,2,1,4,1.92,106,107,FALSE
Male,Loyal Customer,36,Personal Travel,Eco,405,4,5,4,4,3,4,3,3,4,5,5,4,3,3.92,61,53,FALSE
Female,Loyal Customer,29,Business Travel,Business,2103,2,2,2,2,4,4,4,4,4,2,5,3,4,3.23,91,65,TRUE
Female,Loyal Customer,56,Business Travel,Business,3653,5,2,5,5,3,5,4,4,4,4,4,5,4,4.15,0,0,TRUE
Female,Loyal Customer,47,Business Travel,Business,3415,2,2,2,2,4,4,5,4,4,4,4,4,3,3.38,0,0,TRUE
Male,Loyal Customer,50,Business Travel,Business,1784,1,1,1,1,3,4,4,4,4,5,4,3,5,3.08,0,0,TRUE
Male,Loyal Customer,19,Business Travel,Business,1646,4,4,5,4,5,5,5,5,4,5,4,4,5,4.54,26,12,TRUE
Male,Loyal Customer,56,Business Travel,Business,2708,1,1,1,1,3,4,4,4,4,4,4,3,5,3,33,25,TRUE
Female,Loyal Customer,7,Personal Travel,Eco,334,1,5,1,4,1,1,1,1,4,2,5,3,1,2.31,84,72,FALSE
Female,Loyal Customer,24,Personal Travel,Eco,874,3,1,3,4,4,3,1,4,4,1,3,3,4,2.92,3,2,FALSE
Female,Loyal Customer,49,Business Travel,Eco,781,4,1,1,1,4,4,4,1,2,3,3,4,4,2.77,126,141,TRUE
Male,Loyal Customer,57,Business Travel,Business,296,1,5,5,5,2,1,1,1,1,1,1,1,3,2.15,30,29,FALSE
Female,Loyal Customer,39,Business Travel,Eco,150,3,1,1,1,2,3,3,1,3,3,4,3,3,2.38,200,193,FALSE
Female,Loyal Customer,50,Business Travel,Business,3649,3,3,3,3,3,5,4,5,5,5,5,3,5,4,0,1,TRUE
Female,Loyal Customer,23,Personal Travel,Eco,588,3,4,2,3,2,2,2,2,4,4,3,1,2,2.62,0,0,FALSE
Female,Disloyal Customer,21,Business Travel,Eco,1366,3,3,3,5,5,3,1,5,5,4,5,3,5,3.85,0,0,FALSE
Female,Loyal Customer,52,Business Travel,Business,2496,4,4,4,4,5,4,4,4,4,4,4,3,3,3.92,1,0,TRUE
Male,Disloyal Customer,24,Business Travel,Eco,395,5,0,5,4,1,5,1,1,5,4,3,4,1,3,0,0,TRUE
Male,Loyal Customer,43,Business Travel,Business,1702,4,4,4,4,5,5,5,5,5,5,4,3,5,4.46,0,0,TRUE
Male,Loyal Customer,20,Business Travel,Business,594,5,5,5,5,2,2,2,2,4,5,4,3,2,3.54,0,0,TRUE
Male,Loyal Customer,28,Business Travel,Business,946,2,4,4,4,2,3,2,2,2,1,2,2,2,2.46,0,0,FALSE
Female,Disloyal Customer,21,Business Travel,Eco,192,3,3,3,4,1,3,1,1,3,1,3,2,1,2.23,22,23,FALSE
Male,Loyal Customer,66,Business Travel,Business,233,1,4,4,4,2,3,3,1,1,1,1,1,2,2.15,0,0,FALSE
Male,Loyal Customer,16,Business Travel,Eco,956,4,1,1,1,4,4,2,4,3,5,4,3,4,3.08,7,6,FALSE
Female,Loyal Customer,64,Personal Travel,Eco,313,2,4,2,3,5,4,5,5,5,2,5,3,4,3.77,31,19,FALSE
Female,Loyal Customer,54,Business Travel,Business,227,2,3,3,3,2,3,3,2,2,2,2,3,3,2.54,58,62,FALSE
Male,Loyal Customer,34,Business Travel,Business,3772,4,4,4,4,2,2,1,5,5,5,5,3,3,3.62,85,70,TRUE
Male,Loyal Customer,49,Business Travel,Business,2182,2,4,4,4,4,3,4,2,2,2,2,1,4,2.92,7,0,FALSE
Female,Loyal Customer,20,Personal Travel,Business,372,4,1,4,3,1,4,1,1,4,1,3,1,1,2.23,16,14,TRUE
Female,Loyal Customer,43,Business Travel,Business,1747,1,1,1,1,5,4,5,5,5,5,5,5,5,3.69,0,0,TRUE
Male,Loyal Customer,53,Business Travel,Business,2238,3,3,3,3,4,4,4,4,4,4,4,5,5,3.85,0,0,TRUE
Male,Loyal Customer,10,Personal Travel,Eco,73,2,4,2,1,3,2,3,3,4,4,1,3,3,2.69,110,115,FALSE
Female,Loyal Customer,61,Business Travel,Business,3565,1,1,1,1,2,4,5,2,2,2,2,5,5,2.54,0,0,TRUE
Male,Loyal Customer,47,Business Travel,Business,964,2,2,2,2,2,3,3,2,2,3,2,2,3,2.31,0,0,FALSE
Female,Loyal Customer,57,Personal Travel,Eco,738,2,2,2,4,4,4,4,2,2,2,2,3,1,2.62,9,7,FALSE
Female,Loyal Customer,29,Business Travel,Business,2860,3,3,5,3,4,4,4,4,3,4,5,5,4,3.92,0,0,TRUE
Male,Loyal Customer,32,Business Travel,Business,534,3,3,3,3,5,5,5,5,1,4,4,4,5,3.85,49,55,TRUE
Male,Loyal Customer,29,Business Travel,Business,1023,1,1,1,1,5,5,5,5,3,4,5,5,5,3.54,3,0,TRUE
Male,Loyal Customer,9,Personal Travel,Eco,399,1,2,1,2,4,1,4,4,3,2,3,2,4,2.54,4,0,FALSE
Male,Loyal Customer,39,Business Travel,Business,2446,4,4,4,4,3,5,5,3,3,3,3,4,5,3.85,19,5,TRUE
Female,Loyal Customer,57,Business Travel,Business,294,1,1,1,1,5,5,4,4,4,4,4,5,3,3.23,0,1,TRUE
Female,Loyal Customer,29,Personal Travel,Business,369,2,4,2,3,4,2,4,4,1,1,4,2,4,2.85,1,8,FALSE
Female,Disloyal Customer,24,Business Travel,Business,1506,0,0,0,4,4,0,4,4,4,2,5,3,4,2.62,0,0,TRUE
Female,Loyal Customer,62,Personal Travel,Eco,1947,4,5,4,1,4,4,5,2,2,4,2,4,5,3.54,29,0,FALSE
Female,Loyal Customer,46,Personal Travel,Eco,403,1,4,1,4,5,4,5,3,3,1,4,4,5,3.38,0,19,FALSE
Male,Loyal Customer,61,Business Travel,Eco,484,4,2,2,2,4,4,4,4,1,5,5,1,4,3.23,25,22,TRUE
Male,Loyal Customer,39,Business Travel,Eco,214,3,3,3,3,3,3,3,3,2,3,3,4,3,3,0,0,FALSE
Male,Loyal Customer,19,Personal Travel,Eco Plus,302,3,5,3,2,4,3,5,4,3,3,5,5,4,3.77,0,0,FALSE
Female,Disloyal Customer,25,Business Travel,Eco,1189,2,2,2,2,1,2,1,1,3,4,2,2,1,1.92,0,0,FALSE
Male,Loyal Customer,35,Business Travel,Eco,159,2,4,4,4,2,2,2,2,3,4,3,4,2,2.92,57,57,FALSE
Female,Loyal Customer,38,Personal Travel,Eco,255,3,5,3,2,2,3,5,2,4,2,5,5,2,3.31,0,0,FALSE
Male,Loyal Customer,27,Business Travel,Business,715,3,3,3,3,5,5,5,5,3,4,5,4,5,4.08,78,78,TRUE
Male,Loyal Customer,45,Business Travel,Business,1843,5,5,5,5,3,5,5,4,4,4,4,4,4,4.38,0,0,TRUE
Female,Loyal Customer,59,Business Travel,Business,1780,2,2,2,2,4,4,5,4,4,4,4,4,5,3.54,0,0,TRUE
Male,Loyal Customer,49,Personal Travel,Eco,488,1,3,1,4,3,1,3,3,2,5,4,1,3,2.62,0,0,FALSE
Male,Loyal Customer,40,Business Travel,Business,1587,4,4,4,4,4,4,4,4,4,4,4,3,5,4,0,10,TRUE
Female,Loyal Customer,41,Personal Travel,Eco,216,5,2,5,3,3,5,3,3,4,4,3,1,3,3.38,0,0,TRUE
Female,Loyal Customer,42,Business Travel,Business,835,3,3,3,3,3,4,1,5,5,5,5,5,5,3.85,14,16,TRUE
Male,Loyal Customer,59,Business Travel,Business,3386,4,4,4,4,5,4,5,5,5,5,5,5,5,4.62,0,0,TRUE
Male,Loyal Customer,51,Business Travel,Business,2534,1,1,1,1,2,1,1,5,5,5,5,4,3,2.69,0,0,TRUE
Female,Loyal Customer,30,Personal Travel,Eco,305,3,2,3,4,1,3,3,1,3,5,4,2,1,2.69,0,0,FALSE
Female,Loyal Customer,21,Business Travel,Eco Plus,1499,3,1,1,1,3,3,3,4,3,4,4,3,3,2.77,154,196,FALSE
Female,Loyal Customer,36,Business Travel,Business,338,5,2,5,5,3,5,4,4,4,4,4,4,3,4,39,47,TRUE
Male,Loyal Customer,17,Business Travel,Eco,622,4,1,1,1,4,4,4,4,1,4,2,1,4,2.69,9,0,TRUE
Male,Loyal Customer,36,Business Travel,Business,2704,3,5,3,3,4,4,5,5,5,5,5,5,5,4.38,0,1,TRUE
Male,Loyal Customer,50,Business Travel,Business,3524,3,3,3,3,2,4,5,5,5,5,5,5,3,3.92,2,0,TRUE
Female,Loyal Customer,67,Personal Travel,Eco,2454,4,4,4,3,4,4,4,4,4,4,4,3,4,3.85,3,0,FALSE
Female,Loyal Customer,48,Business Travel,Business,488,5,5,5,5,2,4,5,5,5,5,5,5,4,4.62,9,0,TRUE
Male,Loyal Customer,11,Personal Travel,Eco,696,3,5,2,1,2,2,4,2,4,4,5,5,2,3.15,0,0,FALSE
Female,Disloyal Customer,38,Business Travel,Eco,212,2,0,2,4,3,2,3,3,4,4,4,4,3,2.92,0,0,FALSE
Male,Loyal Customer,44,Business Travel,Business,1575,4,4,4,4,2,5,4,4,4,4,4,3,3,3.77,0,19,TRUE
Male,Disloyal Customer,17,Business Travel,Eco,787,4,3,3,1,3,3,4,3,4,3,4,4,3,3.23,0,0,TRUE
Male,Loyal Customer,55,Business Travel,Business,946,3,3,3,3,5,4,4,4,4,5,4,4,3,3.77,10,0,TRUE
Male,Loyal Customer,14,Personal Travel,Eco,1670,2,4,2,5,4,2,4,4,2,5,2,2,4,3.23,0,0,FALSE
Female,Loyal Customer,44,Business Travel,Business,2257,2,2,2,2,5,5,5,5,5,5,5,5,5,4.08,6,3,TRUE
Female,Loyal Customer,51,Business Travel,Business,1607,2,2,2,2,5,5,5,5,5,5,5,4,5,4,3,0,TRUE
Female,Loyal Customer,55,Business Travel,Business,2565,4,4,4,4,4,5,4,5,5,5,5,5,5,4.54,0,0,TRUE
Male,Disloyal Customer,25,Business Travel,Eco,982,4,4,4,1,3,4,3,3,3,2,5,4,3,3.31,0,0,TRUE
Male,Loyal Customer,57,Business Travel,Eco,672,4,2,2,2,4,4,4,4,4,4,3,3,4,3.38,1,0,FALSE
Female,Loyal Customer,44,Business Travel,Business,1158,1,1,1,1,2,4,4,4,4,5,4,5,3,3,7,0,TRUE
Male,Disloyal Customer,40,Business Travel,Business,297,2,3,3,3,2,3,2,2,3,3,4,4,2,2.77,0,0,FALSE
Female,Loyal Customer,38,Personal Travel,Business,501,4,5,4,4,3,5,5,1,1,4,1,5,5,3.62,0,0,FALSE
Female,Disloyal Customer,43,Business Travel,Eco,203,2,4,2,4,4,2,2,4,3,5,4,3,4,3.31,0,6,FALSE
Female,Loyal Customer,39,Business Travel,Business,338,3,4,4,4,1,4,3,3,3,3,3,4,4,3.31,11,15,FALSE
Female,Loyal Customer,45,Business Travel,Business,3972,3,4,4,4,3,3,3,3,3,3,3,2,3,3.15,0,0,FALSE
Male,Loyal Customer,44,Personal Travel,Eco,480,3,3,3,3,5,3,5,5,3,4,2,1,5,3.46,13,0,FALSE
Female,Loyal Customer,55,Business Travel,Business,784,1,3,3,3,2,4,3,1,1,1,1,4,1,2.15,10,12,FALSE
Female,Loyal Customer,38,Business Travel,Business,359,3,3,3,3,4,5,5,4,4,4,4,5,3,3.85,0,0,TRUE
Male,Disloyal Customer,33,Business Travel,Business,364,4,4,4,5,1,4,1,1,5,5,4,4,1,3.31,35,30,FALSE
Female,Loyal Customer,28,Business Travel,Business,429,2,2,2,2,3,4,3,3,1,1,4,5,3,2.69,0,0,TRUE
Male,Loyal Customer,32,Personal Travel,Eco,987,3,5,3,3,5,3,5,5,5,2,5,5,5,4.15,0,0,FALSE
Male,Loyal Customer,21,Business Travel,Business,3107,5,5,5,5,3,5,3,3,5,2,5,2,3,3.92,13,0,TRUE
Female,Loyal Customer,28,Business Travel,Eco,696,3,4,4,4,3,4,3,3,3,5,2,4,3,3.46,1,0,FALSE
Female,Loyal Customer,55,Business Travel,Business,507,3,3,3,3,3,4,4,5,5,4,5,3,3,3.69,1,2,TRUE
Female,Loyal Customer,61,Personal Travel,Eco,852,3,4,3,3,1,4,4,4,4,3,4,4,4,3.46,69,70,FALSE
Male,Loyal Customer,52,Business Travel,Business,684,4,4,4,4,5,4,4,4,4,4,4,3,3,3.92,2,0,TRUE
Male,Loyal Customer,56,Business Travel,Eco,896,1,4,4,4,1,1,1,1,3,4,3,3,1,2.38,27,7,FALSE
Male,Loyal Customer,43,Business Travel,Business,2468,2,2,2,2,5,4,5,5,5,5,5,4,4,3.85,57,46,TRUE
Female,Disloyal Customer,24,Business Travel,Eco,349,2,5,2,2,4,2,4,4,3,3,5,5,4,3.46,12,13,FALSE
Male,Loyal Customer,60,Business Travel,Business,495,3,3,3,3,5,5,4,3,3,3,3,4,4,3.54,44,39,TRUE
Female,Loyal Customer,44,Business Travel,Business,2408,1,1,1,1,2,4,5,4,4,4,4,4,3,2.92,34,20,TRUE
Female,Loyal Customer,59,Business Travel,Business,3670,4,4,4,4,4,4,5,4,4,4,4,4,4,4.08,0,6,TRUE
Male,Disloyal Customer,22,Business Travel,Eco,1017,2,2,2,2,4,2,4,4,3,2,4,5,4,3.08,12,10,FALSE
Female,Loyal Customer,50,Business Travel,Business,1725,4,4,4,4,2,3,4,4,4,4,4,3,5,3.77,0,0,TRUE
Female,Loyal Customer,62,Personal Travel,Eco,156,3,4,0,1,2,5,4,3,3,0,3,3,3,2.62,0,0,FALSE
Male,Loyal Customer,44,Business Travel,Eco,86,4,4,4,4,4,4,4,4,2,2,4,5,4,3.77,15,18,TRUE
Male,Loyal Customer,50,Personal Travel,Eco,1081,4,5,4,5,2,4,2,2,2,3,2,1,2,2.92,16,3,FALSE
Female,Loyal Customer,41,Personal Travel,Eco,158,3,4,3,4,4,3,5,4,4,2,5,3,4,3.69,17,21,FALSE
Male,Disloyal Customer,22,Business Travel,Eco,546,2,4,2,3,5,2,5,5,5,2,4,4,5,3.69,0,0,FALSE
Male,Loyal Customer,47,Business Travel,Eco,455,4,4,4,4,4,4,4,4,4,2,3,1,4,3.54,0,11,FALSE
Male,Loyal Customer,24,Business Travel,Business,1935,5,5,5,5,3,3,3,3,5,2,5,3,3,3.85,0,0,TRUE
Female,Loyal Customer,51,Business Travel,Business,119,5,5,5,5,2,4,5,5,5,5,4,5,5,4.62,0,4,TRUE
Female,Loyal Customer,35,Personal Travel,Eco Plus,337,3,4,3,4,5,3,5,5,3,5,5,3,5,4.08,18,19,FALSE
Male,Disloyal Customer,36,Business Travel,Eco,954,2,1,1,4,2,1,2,2,5,3,2,5,2,2.46,0,0,FALSE
Female,Loyal Customer,60,Personal Travel,Eco,1389,3,3,3,4,2,4,2,4,4,3,4,5,5,3.54,0,3,FALSE
Female,Loyal Customer,46,Business Travel,Business,3088,4,4,4,4,5,5,5,5,5,5,5,5,3,4.54,4,9,TRUE
Female,Loyal Customer,44,Personal Travel,Eco,384,3,4,3,2,3,5,4,2,2,3,2,3,3,3,6,7,FALSE
Male,Loyal Customer,46,Business Travel,Business,373,5,5,5,5,2,4,5,5,5,4,5,5,3,4.46,0,0,TRUE
Female,Disloyal Customer,37,Business Travel,Eco,451,2,4,3,3,4,3,4,4,2,1,5,5,4,3.38,0,0,FALSE
Female,Loyal Customer,52,Personal Travel,Eco,998,2,5,2,1,3,5,4,5,5,2,5,4,3,3.54,17,0,FALSE
Male,Loyal Customer,60,Personal Travel,Eco,1660,3,3,4,3,2,4,2,2,2,1,3,1,2,2.46,0,0,FALSE
Male,Loyal Customer,60,Business Travel,Business,2726,5,5,5,5,5,5,4,5,5,5,5,5,3,4.77,0,3,TRUE
Male,Disloyal Customer,45,Business Travel,Business,1092,3,3,3,1,2,3,2,2,5,5,4,4,2,3,15,3,FALSE
Male,Loyal Customer,52,Business Travel,Business,135,1,4,4,4,3,2,2,2,2,2,1,1,2,2.31,39,80,FALSE
Female,Loyal Customer,38,Business Travel,Eco,404,2,2,2,2,2,2,2,2,3,2,3,2,2,2.15,0,0,FALSE
Female,Loyal Customer,41,Business Travel,Business,2611,1,1,1,1,4,4,4,3,4,5,4,4,4,3.08,0,0,TRUE
Female,Loyal Customer,40,Business Travel,Business,2662,1,1,1,1,2,4,5,4,4,4,4,5,3,3,2,0,TRUE
Male,Loyal Customer,65,Business Travel,Business,409,3,4,4,4,5,2,2,3,3,3,3,3,2,3.15,16,23,FALSE
Female,Loyal Customer,45,Business Travel,Business,347,4,4,4,4,2,5,4,4,4,4,4,3,3,3.77,0,0,TRUE
Female,Loyal Customer,32,Personal Travel,Eco Plus,247,3,4,3,5,1,3,1,1,4,4,4,3,1,2.85,0,0,FALSE
Female,Loyal Customer,70,Personal Travel,Eco,432,4,5,5,3,1,5,2,5,5,5,5,1,2,3.69,5,0,TRUE
Male,Loyal Customer,25,Business Travel,Business,3037,3,5,5,5,3,3,3,3,3,2,2,1,3,3.15,15,0,FALSE
Female,Loyal Customer,50,Business Travel,Business,503,1,1,1,1,5,4,4,5,5,5,5,4,4,3.46,0,0,TRUE
Female,Loyal Customer,22,Personal Travel,Eco,189,1,4,1,2,2,1,2,2,3,5,5,3,2,2.54,0,0,FALSE
Female,Loyal Customer,22,Personal Travel,Eco,746,2,3,2,3,2,2,2,2,4,1,3,3,2,2.38,81,88,FALSE
Female,Loyal Customer,54,Business Travel,Business,3703,2,2,2,2,4,3,3,2,2,2,2,4,4,2.62,1,0,FALSE
Male,Loyal Customer,52,Business Travel,Eco,1126,3,5,5,5,3,3,3,3,3,1,3,3,3,3.31,11,14,FALSE
Male,Loyal Customer,42,Business Travel,Business,3368,1,1,1,1,5,5,5,4,4,4,5,4,5,3.46,0,0,TRUE
Male,Loyal Customer,56,Business Travel,Business,666,4,4,3,4,4,4,4,4,4,4,4,3,4,3.85,3,0,TRUE
Male,Disloyal Customer,29,Business Travel,Eco,1020,3,3,3,3,3,3,3,3,2,2,2,1,3,2.62,0,11,FALSE
Male,Loyal Customer,42,Business Travel,Business,554,3,3,3,3,4,5,4,4,4,4,4,5,3,3.77,25,16,TRUE
Female,Loyal Customer,41,Business Travel,Business,2380,1,1,1,1,3,2,3,4,4,4,4,5,5,2.92,0,0,TRUE
Male,Loyal Customer,32,Business Travel,Business,3005,5,5,5,5,5,4,5,5,3,2,5,4,5,4.46,55,81,TRUE
Female,Loyal Customer,53,Personal Travel,Eco,2139,2,4,2,2,4,5,4,2,2,2,2,3,4,2.92,0,0,FALSE
Female,Loyal Customer,28,Personal Travel,Eco,1133,2,4,1,4,3,1,3,3,5,1,3,2,3,2.69,84,76,FALSE
Female,Loyal Customer,70,Personal Travel,Eco,313,3,5,3,1,2,4,4,5,5,3,5,5,3,3.69,0,0,FALSE
Male,Loyal Customer,19,Business Travel,Business,1828,4,4,4,4,4,4,4,4,1,1,4,1,4,3.31,9,0,FALSE
Male,Loyal Customer,31,Business Travel,Eco Plus,920,1,4,4,4,1,1,1,1,1,3,4,4,1,2.31,0,0,FALSE
Female,Disloyal Customer,22,Business Travel,Eco,542,2,2,2,4,4,2,4,4,4,2,3,1,4,2.92,0,0,FALSE
Male,Loyal Customer,43,Business Travel,Business,2239,5,5,5,5,3,4,5,3,3,4,3,3,5,4.08,0,0,TRUE
Female,Loyal Customer,28,Business Travel,Eco Plus,684,2,4,4,4,2,2,2,2,2,3,3,1,2,2.54,0,0,FALSE
Female,Loyal Customer,50,Personal Travel,Eco,879,2,1,2,3,2,4,3,1,1,2,1,3,4,2.23,0,0,FALSE
Male,Loyal Customer,48,Business Travel,Business,2586,2,2,2,2,2,3,5,3,3,3,3,3,5,2.92,68,65,TRUE
Male,Loyal Customer,37,Personal Travel,Business,191,2,4,2,4,2,4,4,4,2,5,5,4,4,3.54,149,140,FALSE
Male,Loyal Customer,70,Personal Travel,Eco,1346,3,5,3,4,2,3,2,2,5,3,4,3,2,3.15,0,0,FALSE
Female,Loyal Customer,51,Personal Travel,Eco,607,4,4,4,4,3,3,3,3,3,4,3,4,3,3.46,9,0,FALSE
Female,Loyal Customer,40,Personal Travel,Eco,970,1,5,1,4,2,1,2,2,5,4,5,5,2,3,0,0,FALSE
Female,Loyal Customer,37,Personal Travel,Eco,332,2,4,2,1,1,2,1,1,5,4,5,5,1,2.62,0,0,FALSE
Male,Loyal Customer,22,Personal Travel,Eco,927,3,5,3,4,4,3,4,4,4,5,4,5,4,4,83,65,FALSE
Female,Loyal Customer,45,Business Travel,Business,3638,3,2,3,3,3,5,4,4,4,4,4,5,3,3.62,57,48,TRUE
Male,Disloyal Customer,35,Business Travel,Eco,762,2,2,2,4,4,2,4,4,4,2,5,5,4,3.38,1,0,FALSE
Male,Loyal Customer,38,Business Travel,Eco,337,2,5,2,5,2,2,2,2,2,5,3,1,2,2.69,87,89,FALSE
Female,Loyal Customer,59,Business Travel,Eco Plus,919,4,1,1,1,5,2,5,4,4,4,4,3,4,3.23,0,0,TRUE
Female,Loyal Customer,47,Business Travel,Business,1504,3,3,3,3,5,4,4,4,4,4,4,5,5,3.92,50,25,TRUE
Female,Disloyal Customer,42,Business Travel,Business,989,1,1,1,3,1,1,1,1,4,5,4,4,1,2.15,32,38,FALSE
Male,Loyal Customer,53,Business Travel,Business,2039,3,3,5,3,2,4,5,5,5,5,5,4,3,4,15,0,TRUE
Female,Loyal Customer,50,Business Travel,Business,257,1,1,3,1,5,5,5,5,5,5,5,3,3,3.62,0,1,TRUE
Male,Loyal Customer,54,Personal Travel,Eco Plus,192,2,2,0,4,5,0,5,5,4,4,3,1,5,3.08,0,0,FALSE
Male,Loyal Customer,15,Personal Travel,Eco,475,1,3,1,4,3,1,3,3,1,5,4,2,3,2.62,0,0,FALSE
Female,Loyal Customer,44,Personal Travel,Eco,522,1,5,1,4,3,4,5,5,5,1,5,3,3,3.46,0,13,FALSE
Male,Loyal Customer,57,Business Travel,Eco,451,1,2,2,2,1,1,1,1,4,5,4,3,1,2.15,0,8,FALSE
Female,Disloyal Customer,28,Business Travel,Business,522,5,5,5,3,1,5,1,1,4,2,4,4,1,3.15,16,13,TRUE
Female,Loyal Customer,29,Business Travel,Eco,489,2,2,2,2,2,2,2,2,2,2,3,1,2,2,0,5,FALSE
Female,Disloyal Customer,37,Business Travel,Eco,386,2,0,2,2,4,2,2,4,5,1,5,1,4,2.62,0,0,FALSE
Female,Loyal Customer,18,Personal Travel,Eco,937,2,5,2,2,1,2,1,1,5,2,2,1,1,2.08,0,0,FALSE
Male,Loyal Customer,52,Business Travel,Eco,584,2,3,3,3,2,2,2,2,3,5,3,2,2,2.62,11,34,FALSE
Male,Loyal Customer,30,Personal Travel,Eco,534,4,5,4,2,3,4,3,3,3,4,5,5,3,3.69,0,0,FALSE
Male,Loyal Customer,48,Business Travel,Business,2773,4,4,4,4,4,4,4,5,5,5,5,4,4,4.31,0,12,TRUE
Male,Loyal Customer,37,Personal Travel,Eco,187,2,4,2,4,5,2,2,5,5,5,5,5,5,3.92,0,0,FALSE
Female,Disloyal Customer,26,Business Travel,Eco,907,4,4,4,4,5,4,5,5,1,3,4,4,5,4,0,0,FALSE
Male,Disloyal Customer,26,Business Travel,Business,921,2,2,2,2,1,2,1,1,3,3,5,5,1,2.31,0,0,FALSE
Male,Loyal Customer,25,Business Travel,Business,2266,1,1,1,1,3,3,3,3,5,4,5,5,3,2.92,0,2,TRUE
Female,Loyal Customer,34,Personal Travel,Eco,867,5,4,5,3,3,5,1,3,3,3,2,3,3,3.31,0,0,TRUE
Male,Loyal Customer,48,Personal Travel,Eco,991,4,5,5,3,5,5,4,5,3,3,5,5,5,4.38,7,0,FALSE
Female,Loyal Customer,44,Personal Travel,Eco,1464,4,5,3,3,5,4,4,3,3,3,1,5,3,3.54,0,0,FALSE
Female,Loyal Customer,51,Personal Travel,Eco,1440,2,5,2,4,3,5,5,4,4,2,4,3,5,3.69,12,40,FALSE
Female,Loyal Customer,30,Business Travel,Business,116,0,5,0,1,2,2,2,2,4,5,4,3,2,2.46,0,0,TRUE
Female,Loyal Customer,49,Business Travel,Business,371,3,4,4,4,2,3,3,3,3,3,3,1,1,2.85,19,6,FALSE
Female,Loyal Customer,22,Business Travel,Business,395,4,4,4,4,5,4,5,5,5,4,4,4,5,4.38,19,7,TRUE
Female,Loyal Customer,47,Personal Travel,Business,406,3,5,3,3,3,4,5,5,5,3,5,3,5,4,49,40,FALSE
Female,Loyal Customer,45,Business Travel,Business,631,2,2,2,2,3,4,5,5,5,5,5,4,3,3.62,0,0,TRUE
Female,Loyal Customer,59,Business Travel,Business,762,1,1,1,1,2,5,4,2,2,2,2,4,3,2.31,13,23,TRUE
Male,Loyal Customer,64,Personal Travel,Eco,612,3,3,3,3,4,3,4,4,4,1,4,2,4,3.23,0,0,FALSE
Female,Disloyal Customer,18,Business Travel,Eco,174,2,2,2,4,4,2,1,4,4,5,4,3,4,3.15,0,59,FALSE
Male,Loyal Customer,53,Business Travel,Business,460,4,4,2,4,2,4,4,4,4,4,4,5,4,3.77,50,42,TRUE
Male,Loyal Customer,51,Business Travel,Business,358,5,5,5,5,2,5,5,3,3,4,3,5,5,4.23,0,0,TRUE
Male,Loyal Customer,23,Business Travel,Business,3951,1,1,5,1,1,1,1,4,5,3,3,1,1,2.15,151,126,FALSE
Female,Loyal Customer,52,Personal Travel,Eco Plus,2475,2,1,2,3,2,2,2,1,3,4,4,2,2,2.31,74,67,FALSE
Female,Loyal Customer,34,Business Travel,Business,370,5,5,3,5,3,4,4,5,5,5,5,3,5,4.38,0,6,TRUE
Male,Disloyal Customer,36,Business Travel,Business,1400,2,2,2,2,3,2,3,3,3,3,4,5,3,2.85,112,97,FALSE
Female,Loyal Customer,10,Personal Travel,Eco,300,2,5,2,1,4,2,4,4,4,2,4,4,4,3.23,0,0,FALSE
Female,Loyal Customer,52,Business Travel,Eco Plus,859,5,4,2,4,3,5,4,5,5,5,5,5,4,4.31,0,0,TRUE
Female,Loyal Customer,59,Business Travel,Business,237,2,2,2,2,5,5,5,5,4,5,4,5,5,3.92,138,125,TRUE
Female,Disloyal Customer,24,Business Travel,Eco,1261,1,1,1,2,1,5,5,3,3,3,5,5,5,3.08,0,0,FALSE
Female,Loyal Customer,55,Business Travel,Business,1751,2,2,2,2,4,2,4,2,2,2,2,1,4,2.38,7,13,FALSE
Female,Disloyal Customer,22,Business Travel,Eco,641,3,2,3,4,5,3,5,5,3,1,3,3,5,3.46,0,0,FALSE
Male,Loyal Customer,27,Personal Travel,Eco,529,3,4,5,1,5,5,5,5,4,3,5,2,5,4,0,0,FALSE
Male,Loyal Customer,55,Personal Travel,Eco,733,2,1,2,4,4,2,4,4,2,3,3,2,4,2.85,0,0,FALSE
Female,Loyal Customer,54,Business Travel,Business,1947,3,4,3,3,4,4,5,4,4,4,4,5,3,3.85,0,0,TRUE
Male,Loyal Customer,70,Personal Travel,Business,354,2,4,2,3,3,4,4,4,4,2,5,5,5,3.62,16,22,FALSE
Female,Loyal Customer,41,Business Travel,Business,1010,5,5,5,5,3,4,5,2,2,2,2,5,5,3.85,0,0,TRUE
Female,Disloyal Customer,36,Business Travel,Eco,446,2,3,3,2,3,3,3,3,1,4,3,3,3,2.77,0,4,FALSE
Female,Disloyal Customer,20,Business Travel,Eco,781,1,2,2,4,5,2,5,5,1,5,3,2,5,3.23,0,0,FALSE
Male,Loyal Customer,51,Personal Travel,Eco,557,3,3,3,3,5,3,5,5,2,4,1,2,5,3.38,0,0,FALSE
Male,Loyal Customer,74,Business Travel,Eco,662,4,4,4,4,4,4,4,4,1,5,4,3,4,3.77,25,0,TRUE
Female,Loyal Customer,35,Business Travel,Eco,453,5,4,4,4,5,5,5,5,4,3,3,5,5,4.38,0,0,TRUE
Female,Loyal Customer,57,Business Travel,Business,589,1,1,1,1,2,5,5,5,5,5,5,4,4,3.38,1,0,TRUE
Male,Loyal Customer,50,Business Travel,Business,2757,5,5,5,5,3,3,3,4,3,5,3,3,3,3.85,233,250,TRUE
Male,Loyal Customer,11,Personal Travel,Eco,581,3,4,3,2,5,3,5,5,3,5,5,4,5,4,16,23,FALSE
Male,Loyal Customer,56,Business Travel,Business,550,4,4,4,4,5,4,4,4,4,4,4,1,3,3.77,5,12,FALSE
Female,Loyal Customer,21,Business Travel,Business,1686,4,4,4,4,4,4,4,4,3,4,5,5,4,4.08,0,0,TRUE
Male,Loyal Customer,47,Personal Travel,Business,684,4,5,4,4,5,4,5,2,2,4,2,3,5,3.77,0,0,FALSE
Male,Loyal Customer,55,Business Travel,Business,3431,2,2,2,2,4,4,4,2,2,2,2,4,4,2.77,27,24,TRUE
Female,Loyal Customer,49,Business Travel,Eco,533,4,5,5,5,3,1,2,4,4,4,4,5,1,3.62,45,40,TRUE
Male,Loyal Customer,14,Business Travel,Business,2366,5,5,2,5,4,4,4,4,4,2,5,5,4,4.08,0,21,TRUE
Female,Loyal Customer,56,Business Travel,Business,2760,1,1,3,3,5,1,2,5,5,4,1,1,3,2.69,28,26,FALSE
Female,Loyal Customer,65,Personal Travel,Eco,435,0,5,0,2,4,4,4,3,3,0,3,3,5,2.77,0,0,TRUE
Male,Loyal Customer,45,Business Travel,Eco,479,3,1,1,1,4,3,4,4,3,3,3,1,4,2.69,0,0,FALSE
Male,Loyal Customer,20,Personal Travel,Eco,189,2,3,2,3,2,2,2,2,4,2,4,3,2,2.54,0,0,FALSE
Male,Disloyal Customer,22,Business Travel,Eco,1297,1,1,1,1,2,1,2,2,3,2,4,3,2,1.92,5,19,FALSE
Male,Loyal Customer,57,Business Travel,Eco,119,4,4,4,4,4,4,4,4,4,2,4,4,4,3.85,0,0,TRUE
Male,Disloyal Customer,32,Business Travel,Eco,480,3,2,3,2,1,3,1,1,3,3,3,3,1,2.23,0,0,FALSE
Female,Loyal Customer,7,Personal Travel,Eco,319,1,4,2,4,1,2,1,1,4,1,5,4,1,2.38,0,0,FALSE
Male,Disloyal Customer,22,Business Travel,Eco,721,5,5,5,2,5,5,4,5,1,2,3,2,5,3.77,0,0,TRUE
Female,Loyal Customer,64,Personal Travel,Eco Plus,272,4,0,4,1,3,4,3,1,1,4,2,5,3,2.69,4,0,FALSE
Male,Loyal Customer,20,Personal Travel,Eco Plus,116,3,4,0,2,5,0,5,5,5,3,4,5,5,3.54,0,0,FALSE
Female,Disloyal Customer,44,Business Travel,Eco,646,3,4,3,4,4,3,4,4,4,5,4,2,4,3.69,0,0,FALSE
Male,Disloyal Customer,28,Business Travel,Eco,545,1,5,1,4,5,1,5,5,4,4,4,3,5,3.62,0,0,FALSE
Female,Loyal Customer,49,Business Travel,Business,444,4,4,4,4,5,5,4,5,5,5,5,5,3,4.46,30,26,TRUE
Male,Disloyal Customer,22,Business Travel,Business,280,4,3,4,2,3,4,3,3,3,2,4,5,3,3.31,39,32,TRUE
Female,Loyal Customer,55,Business Travel,Eco,216,5,5,5,5,5,5,2,5,5,5,5,2,2,4.31,0,0,TRUE
Male,Loyal Customer,54,Business Travel,Business,946,3,3,1,3,5,1,3,4,4,4,4,5,5,3.46,0,0,TRUE
Female,Loyal Customer,50,Personal Travel,Eco,1972,3,3,2,2,2,2,3,3,3,2,5,3,2,2.69,0,8,FALSE
Female,Loyal Customer,32,Business Travel,Business,427,3,5,5,5,3,3,3,3,3,3,2,2,3,3.31,0,0,FALSE
Female,Loyal Customer,54,Business Travel,Business,1554,2,2,2,2,2,4,4,4,4,4,4,3,5,3.23,59,70,TRUE
Male,Loyal Customer,32,Business Travel,Business,1667,4,5,4,5,4,4,4,4,3,4,5,5,4,4.23,77,,TRUE
Male,Loyal Customer,30,Business Travel,Business,3845,4,4,4,4,4,4,4,4,3,2,5,5,4,3.92,0,0,TRUE
Male,Loyal Customer,31,Business Travel,Business,2316,1,0,0,3,4,0,4,4,4,2,3,1,4,2.31,0,0,FALSE
Male,Disloyal Customer,38,Business Travel,Business,594,2,2,2,3,4,2,4,4,3,2,4,5,4,3.15,12,8,TRUE
Female,Disloyal Customer,25,Business Travel,Business,1294,4,0,4,3,4,4,2,4,3,5,5,4,4,3.54,14,1,TRUE
Male,Loyal Customer,33,Business Travel,Business,551,2,4,5,4,2,2,2,2,1,4,3,3,2,2.77,19,21,FALSE
Female,Loyal Customer,34,Personal Travel,Eco,361,3,4,3,1,5,3,2,5,3,5,5,3,5,3.62,5,0,FALSE
Male,Disloyal Customer,39,Business Travel,Business,849,5,5,5,3,3,5,1,3,3,4,4,5,3,3.77,26,4,TRUE
Female,Disloyal Customer,65,Business Travel,Eco,320,2,2,2,3,1,2,1,1,4,5,3,3,1,2.31,5,11,FALSE
Female,Loyal Customer,39,Business Travel,Eco,1452,4,1,3,1,4,4,4,4,1,2,2,4,4,2.92,5,0,TRUE
Male,Disloyal Customer,37,Business Travel,Eco,181,2,2,2,4,5,2,2,5,4,2,4,2,5,3.15,7,0,FALSE
Male,Loyal Customer,22,Personal Travel,Eco,317,4,4,4,3,4,4,4,4,5,3,5,4,4,4,0,0,FALSE
Female,Loyal Customer,39,Business Travel,Business,1777,3,3,3,3,3,5,5,4,4,4,4,5,4,3.85,0,29,TRUE
Female,Loyal Customer,49,Business Travel,Eco Plus,387,2,5,5,5,3,3,3,2,2,2,2,1,3,2.92,0,0,FALSE
Female,Disloyal Customer,18,Business Travel,Eco,1190,2,2,2,3,4,2,4,4,4,2,3,3,4,3,0,0,FALSE
Male,Disloyal Customer,29,Business Travel,Business,2446,0,0,0,2,0,2,2,3,2,3,4,2,2,1.69,0,11,TRUE
Female,Loyal Customer,68,Personal Travel,Eco,1034,3,5,4,1,3,5,5,5,5,4,1,3,4,3.69,0,0,FALSE
Male,Disloyal Customer,20,Business Travel,Eco,123,4,2,4,2,4,4,4,4,4,5,2,2,4,3.46,11,25,FALSE
Male,Loyal Customer,48,Personal Travel,Eco,430,1,2,1,3,5,1,5,5,1,5,4,1,5,3,0,0,FALSE
Female,Loyal Customer,57,Business Travel,Business,3325,3,3,3,3,3,4,5,5,5,5,5,4,3,3.92,0,2,TRUE
Male,Loyal Customer,15,Personal Travel,Eco,997,3,3,3,3,3,3,5,3,3,4,4,1,3,3.15,0,0,FALSE
Female,Loyal Customer,58,Personal Travel,Eco,589,3,4,3,2,3,4,4,3,3,3,1,4,4,3.15,1,0,FALSE
Female,Loyal Customer,21,Personal Travel,Business,770,1,4,1,2,3,1,3,3,3,4,5,3,3,2.77,0,0,FALSE
Female,Loyal Customer,60,Personal Travel,Eco,305,2,4,2,2,5,5,5,4,4,2,2,5,4,3.54,0,0,FALSE
Female,Loyal Customer,58,Personal Travel,Eco,1190,3,5,3,2,3,4,4,1,1,3,1,5,5,3.08,0,0,FALSE
Male,Loyal Customer,15,Business Travel,Business,2907,5,5,5,5,5,5,5,5,4,5,4,5,5,4.85,0,0,TRUE
Female,Loyal Customer,35,Business Travel,Business,3910,3,3,3,3,3,2,4,4,4,4,4,3,4,3.38,0,1,TRUE
Female,Loyal Customer,36,Business Travel,Business,3731,2,2,2,2,3,5,4,4,4,5,4,5,5,3.62,17,28,TRUE
Male,Loyal Customer,60,Business Travel,Business,1587,1,1,1,1,4,4,4,5,5,5,5,4,5,3.46,0,0,TRUE
Female,Loyal Customer,23,Business Travel,Business,3306,4,3,2,3,4,4,4,4,4,2,4,4,4,3.54,1,21,FALSE
Male,Loyal Customer,46,Business Travel,Business,2766,5,5,4,5,2,4,5,4,4,4,4,5,5,4.31,0,11,TRUE
Male,Loyal Customer,67,Personal Travel,Eco,347,3,5,3,3,4,3,5,4,3,4,5,4,4,3.85,0,0,FALSE
Male,Loyal Customer,57,Personal Travel,Eco,473,2,4,2,4,4,2,5,4,3,1,3,2,4,3.08,2,0,FALSE
Male,Loyal Customer,43,Business Travel,Business,3403,4,4,4,4,5,5,4,5,5,5,5,4,4,4.46,42,41,TRUE
Female,Loyal Customer,64,Personal Travel,Eco Plus,751,2,4,2,2,3,5,5,5,5,2,5,5,3,3.69,129,120,FALSE
Female,Loyal Customer,28,Personal Travel,Eco,210,2,4,2,4,1,2,1,1,3,2,3,4,1,2.31,37,42,FALSE
Female,Loyal Customer,66,Personal Travel,Eco,692,3,4,3,4,3,4,5,2,2,3,2,5,5,3.46,0,8,FALSE
Male,Disloyal Customer,30,Business Travel,Eco,719,2,2,2,3,5,2,5,5,3,2,3,4,5,3.31,0,11,FALSE
Male,Loyal Customer,57,Business Travel,Business,3765,3,3,3,3,3,5,5,3,3,3,3,4,3,3.38,0,0,TRUE
Female,Loyal Customer,28,Personal Travel,Eco,184,3,1,3,4,4,3,4,4,4,1,4,1,4,3.08,14,5,FALSE
Male,Loyal Customer,64,Personal Travel,Eco,1590,3,5,3,4,1,3,1,1,3,4,5,5,1,3,0,0,FALSE
Female,Loyal Customer,33,Business Travel,Business,641,3,3,3,3,4,2,4,4,4,4,4,4,3,3.46,0,0,TRUE
Female,Loyal Customer,24,Personal Travel,Eco,846,3,4,3,2,4,3,4,4,3,2,4,5,4,3.46,9,1,FALSE
Female,Loyal Customer,28,Personal Travel,Eco Plus,594,3,4,3,3,5,3,5,5,4,4,3,1,5,3.69,0,0,FALSE
Female,Loyal Customer,65,Personal Travel,Eco,907,3,4,3,1,5,5,5,1,1,3,1,5,4,3.15,8,6,FALSE
Female,Loyal Customer,40,Business Travel,Business,1717,5,5,5,5,2,5,5,4,4,4,4,3,3,4.15,0,0,TRUE
Male,Loyal Customer,40,Business Travel,Business,197,3,3,3,3,5,4,4,4,4,4,5,4,4,3.85,11,1,TRUE
Female,Loyal Customer,48,Business Travel,Eco Plus,554,5,1,1,1,1,3,3,5,5,5,5,5,2,3.23,0,0,TRUE
Male,Loyal Customer,17,Personal Travel,Eco,680,4,4,5,3,4,5,4,4,5,4,5,4,4,4.23,0,0,FALSE
Female,Loyal Customer,37,Business Travel,Eco,183,4,2,2,2,4,4,4,4,3,5,1,4,4,3.31,71,57,TRUE
Female,Loyal Customer,55,Personal Travel,Eco Plus,273,4,3,4,1,4,5,3,3,3,4,3,5,3,3.46,0,4,FALSE
Male,Disloyal Customer,22,Business Travel,Business,228,5,3,4,1,3,4,3,3,4,2,5,3,3,3.31,26,32,TRUE
Male,Loyal Customer,40,Business Travel,Business,3080,1,1,1,1,3,5,5,5,5,5,5,5,3,3.46,0,0,TRUE
Male,Loyal Customer,39,Personal Travel,Eco,1995,2,4,2,5,5,2,5,5,3,5,4,4,5,3.92,2,11,FALSE
Male,Loyal Customer,24,Personal Travel,Eco,164,3,4,3,4,4,3,4,4,4,4,4,3,4,3.69,0,0,FALSE
Male,Loyal Customer,29,Personal Travel,Eco,744,3,5,3,3,2,3,2,2,5,4,5,4,2,3.31,0,2,FALSE
Male,Loyal Customer,57,Business Travel,Business,3687,2,1,1,1,1,4,4,2,2,2,2,4,1,2.08,0,0,FALSE
Female,Disloyal Customer,29,Business Travel,Business,888,4,4,4,4,1,4,1,1,4,5,5,4,1,3.23,14,22,TRUE
Male,Loyal Customer,57,Business Travel,Business,2818,1,1,5,1,5,5,4,4,4,5,4,4,5,3.69,6,0,TRUE
Male,Loyal Customer,39,Business Travel,Business,1620,2,2,2,2,5,5,4,5,5,5,5,4,3,3.77,0,0,TRUE
Female,Loyal Customer,56,Business Travel,Business,2881,1,1,1,1,5,3,3,3,3,3,1,1,3,2.23,0,18,FALSE
Female,Loyal Customer,30,Business Travel,Business,3267,3,3,3,3,4,4,4,4,3,4,4,4,4,3.62,327,326,TRUE
Male,Loyal Customer,59,Personal Travel,Eco,363,2,2,3,2,3,3,2,3,4,4,1,3,3,2.69,4,13,FALSE
Male,Loyal Customer,33,Business Travel,Business,2367,2,2,2,2,5,5,5,5,4,3,4,4,5,3.69,7,1,TRUE
Male,Loyal Customer,59,Personal Travel,Eco,680,4,5,4,4,3,4,3,3,4,5,4,3,3,3.77,0,0,FALSE
Female,Loyal Customer,38,Personal Travel,Eco,1044,3,4,3,5,5,3,4,5,5,1,2,1,5,3.54,12,12,FALSE
Male,Loyal Customer,29,Business Travel,Business,2668,2,2,2,2,3,4,3,3,1,5,4,1,3,2.69,16,0,TRUE
Male,Disloyal Customer,29,Business Travel,Business,1242,4,4,4,4,4,5,5,3,3,5,5,5,5,4.31,301,289,FALSE
Male,Loyal Customer,40,Business Travel,Business,3415,5,5,5,5,4,5,4,4,4,4,4,4,5,4.46,0,0,TRUE
Male,Loyal Customer,49,Business Travel,Business,3284,5,5,5,5,5,5,5,3,3,3,3,5,5,4.38,0,0,TRUE
Male,Loyal Customer,34,Business Travel,Business,1597,1,1,1,1,4,4,4,5,5,5,5,4,4,3.38,4,0,TRUE
Female,Loyal Customer,25,Business Travel,Business,2288,3,3,3,3,5,4,5,5,3,4,4,2,5,3.77,0,0,TRUE
Male,Loyal Customer,28,Personal Travel,Eco,1069,2,1,2,2,4,2,4,4,3,2,1,4,4,2.69,0,0,FALSE
Male,Loyal Customer,55,Business Travel,Business,3959,5,5,5,5,3,5,5,5,5,5,5,3,3,4.54,7,0,TRUE
Male,Loyal Customer,12,Personal Travel,Eco,711,2,4,1,3,5,1,5,5,3,3,4,2,5,3.31,49,47,FALSE
Male,Loyal Customer,67,Business Travel,Business,163,1,1,1,1,2,1,5,4,4,4,4,1,5,2.62,0,0,TRUE
Male,Loyal Customer,55,Personal Travel,Eco,946,2,5,3,1,3,3,3,3,5,1,1,3,3,2.77,0,0,FALSE
Male,Loyal Customer,56,Business Travel,Eco,594,4,4,1,4,4,4,4,4,1,1,4,4,4,3.31,7,0,TRUE
Male,Loyal Customer,56,Business Travel,Eco,261,5,1,1,1,5,5,5,5,3,1,2,4,5,3.31,0,0,TRUE
Male,Disloyal Customer,35,Business Travel,Business,859,2,2,2,2,4,2,5,4,3,4,4,4,4,3.23,0,0,FALSE
Female,Disloyal Customer,41,Business Travel,Business,331,2,2,2,4,4,2,4,4,3,2,4,4,4,3.15,0,0,FALSE
Female,Disloyal Customer,37,Business Travel,Business,548,3,2,2,4,4,2,4,4,3,5,4,5,4,3.54,0,0,FALSE
Female,Disloyal Customer,25,Business Travel,Eco,663,1,2,1,3,2,1,2,2,1,5,3,4,2,2.23,28,12,FALSE
Male,Disloyal Customer,28,Business Travel,Eco,566,3,1,3,4,2,3,2,2,4,3,3,4,2,2.77,100,88,FALSE
Male,Loyal Customer,50,Business Travel,Business,1124,1,1,4,1,2,4,4,3,3,3,3,4,4,2.85,13,3,TRUE
Female,Loyal Customer,34,Business Travel,Eco,416,2,5,5,5,2,2,2,2,1,5,3,3,2,3,22,38,FALSE
Male,Loyal Customer,32,Business Travel,Business,516,4,4,5,4,4,5,4,4,4,3,5,5,4,4.23,0,0,TRUE
Female,Loyal Customer,69,Personal Travel,Eco Plus,429,3,3,2,3,5,3,4,5,5,2,5,3,2,3.46,0,0,FALSE
Female,Loyal Customer,35,Personal Travel,Eco,315,2,4,2,3,2,2,3,2,4,4,3,2,2,2.69,0,20,FALSE
Female,Disloyal Customer,33,Business Travel,Eco,639,3,5,3,5,3,3,3,3,1,1,1,5,3,3,47,50,FALSE
Male,Loyal Customer,44,Business Travel,Business,3357,4,4,4,4,3,4,5,4,4,4,4,3,4,3.92,0,0,TRUE
Female,Disloyal Customer,55,Business Travel,Eco,163,3,3,3,5,5,3,5,5,2,2,3,2,5,3.54,0,0,FALSE
Female,Loyal Customer,38,Business Travel,Eco,67,4,1,1,1,4,4,4,4,3,2,4,4,4,3.08,11,1,TRUE
Male,Loyal Customer,39,Business Travel,Business,669,1,1,1,1,3,4,5,5,5,5,5,4,3,3.31,20,68,TRUE
Female,Loyal Customer,35,Business Travel,Eco,438,4,2,1,2,4,4,4,4,2,3,4,5,4,3.31,0,0,TRUE
Male,Disloyal Customer,28,Business Travel,Eco,829,2,2,2,3,1,2,1,1,3,5,4,1,1,2.15,0,0,FALSE
Male,Loyal Customer,23,Personal Travel,Eco,364,2,5,2,1,2,2,2,2,4,2,5,3,2,2.62,0,40,FALSE
Female,Disloyal Customer,21,Business Travel,Eco,719,1,1,1,1,4,1,1,4,5,2,5,5,4,2.69,0,0,FALSE
Female,Loyal Customer,50,Personal Travel,Eco,432,3,3,2,3,1,3,5,2,2,2,4,2,5,2.85,0,21,FALSE
Male,Loyal Customer,12,Personal Travel,Eco,444,4,4,4,5,1,4,1,1,4,4,5,4,1,3.23,0,0,FALSE
Female,Loyal Customer,44,Business Travel,Business,2214,4,4,4,4,5,4,4,4,4,4,4,5,3,4.08,0,0,TRUE
Female,Loyal Customer,26,Business Travel,Business,3879,3,2,2,2,3,3,3,3,3,4,3,1,3,2.69,0,0,FALSE
Female,Loyal Customer,42,Business Travel,Business,216,3,3,3,3,2,4,3,4,4,4,3,1,4,3.15,1,4,FALSE
Female,Loyal Customer,37,Business Travel,Business,1554,3,3,2,3,4,4,4,3,3,3,3,2,1,2.92,47,33,FALSE
Female,Loyal Customer,17,Business Travel,Eco,134,4,5,3,3,4,4,3,4,2,5,3,4,4,3.69,10,15,FALSE
Male,Disloyal Customer,30,Business Travel,Eco,134,1,1,0,4,3,0,5,3,4,5,3,4,3,2.77,0,0,FALSE
Male,Loyal Customer,40,Personal Travel,Eco Plus,214,5,5,5,4,1,5,1,1,3,2,4,5,1,3.23,0,0,TRUE
Female,Disloyal Customer,27,Business Travel,Eco,957,1,1,1,3,2,1,2,2,4,4,3,1,2,2.08,1,0,FALSE
Female,Loyal Customer,17,Personal Travel,Business,802,3,1,3,2,2,3,3,2,3,1,2,4,2,2.38,25,29,FALSE
Female,Loyal Customer,25,Business Travel,Business,918,5,5,5,5,4,4,4,4,3,5,4,5,4,4.38,0,0,TRUE
Female,Loyal Customer,54,Personal Travel,Business,507,1,4,1,3,5,1,5,2,2,1,2,4,4,2.69,0,0,FALSE
Male,Loyal Customer,25,Personal Travel,Eco,1062,2,4,2,2,5,2,1,5,4,4,5,5,5,3.54,58,34,FALSE
Male,Loyal Customer,56,Personal Travel,Eco,1167,4,5,4,3,4,4,4,4,4,4,5,4,4,4.08,0,8,FALSE
Male,Loyal Customer,36,Business Travel,Eco,1167,1,5,5,5,1,1,1,1,4,2,3,2,1,2.46,0,21,FALSE
Female,Loyal Customer,15,Personal Travel,Eco,737,3,4,2,3,2,2,2,2,4,3,5,3,2,2.85,0,4,FALSE
Female,Loyal Customer,47,Business Travel,Business,409,4,4,4,4,3,4,2,4,4,4,4,4,5,3.85,0,0,TRUE
Male,Loyal Customer,57,Business Travel,Business,2587,5,5,5,5,1,1,4,4,4,4,4,3,4,3.77,0,71,TRUE
Male,Loyal Customer,51,Business Travel,Business,895,4,4,4,4,5,5,5,3,3,3,3,5,5,4.08,4,0,TRUE
Female,Loyal Customer,23,Personal Travel,Eco,1304,3,5,3,3,5,3,5,5,5,4,4,4,5,4.15,55,44,FALSE
Male,Loyal Customer,38,Business Travel,Business,2922,2,2,2,2,3,5,4,4,4,4,4,5,3,3.38,17,13,TRUE
Male,Loyal Customer,37,Business Travel,Eco,997,4,4,4,4,4,4,4,4,2,1,5,4,4,3.69,371,372,TRUE
Male,Loyal Customer,39,Business Travel,Business,2396,0,3,0,4,1,3,4,5,5,5,5,2,3,3.08,0,0,TRUE
Male,Loyal Customer,68,Personal Travel,Eco,2603,5,5,5,2,5,5,5,1,5,5,3,5,5,4.31,20,52,TRUE
Female,Loyal Customer,51,Personal Travel,Eco,680,2,5,2,5,4,5,5,5,5,2,5,5,3,4.08,8,8,FALSE
Male,Loyal Customer,56,Personal Travel,Eco,1315,1,5,2,3,1,2,2,1,5,4,4,3,1,2.62,0,0,FALSE
Male,Loyal Customer,64,Personal Travel,Eco,2248,1,4,1,3,1,2,2,5,4,3,4,2,2,2.62,16,40,FALSE
Female,Loyal Customer,45,Business Travel,Business,936,4,4,5,4,5,5,4,4,4,4,4,4,5,4.31,0,0,TRUE
Male,Loyal Customer,36,Business Travel,Business,2387,2,2,2,2,5,4,5,4,4,4,5,5,5,3.77,0,0,TRUE
Male,Loyal Customer,43,Business Travel,Business,3079,3,3,3,3,4,5,5,5,5,5,3,3,4,3.92,0,0,TRUE
Female,Loyal Customer,57,Business Travel,Eco,312,5,4,1,4,5,2,5,5,5,5,5,1,5,4,0,0,TRUE
Male,Loyal Customer,37,Personal Travel,Eco,297,4,4,4,4,1,4,1,1,5,2,5,5,1,3.15,0,6,TRUE
Male,Loyal Customer,29,Business Travel,Business,3688,4,4,4,4,4,4,4,4,5,5,5,3,4,4.15,0,0,TRUE
Male,Loyal Customer,36,Business Travel,Business,173,1,5,5,5,4,3,3,3,3,3,1,2,3,3.15,12,8,FALSE
Female,Loyal Customer,54,Business Travel,Business,3918,3,3,1,3,5,5,5,5,4,4,5,5,5,4.08,124,143,TRUE
Female,Loyal Customer,55,Business Travel,Eco,236,5,3,3,3,1,3,3,5,5,5,5,2,3,3.54,29,24,TRUE
Male,Loyal Customer,53,Business Travel,Eco,772,2,2,2,2,2,2,2,2,3,3,3,1,2,2.15,0,0,FALSE
Female,Loyal Customer,42,Personal Travel,Eco,164,1,2,1,4,1,4,4,3,3,1,3,1,4,2.46,10,2,FALSE
Male,Loyal Customer,43,Business Travel,Business,255,3,3,3,3,2,4,4,5,5,5,5,3,3,3.69,4,0,TRUE
Female,Loyal Customer,57,Business Travel,Business,599,3,3,3,3,4,5,5,4,4,5,4,5,4,4,4,1,TRUE
Male,Loyal Customer,25,Personal Travel,Eco,399,2,4,2,3,3,2,3,3,5,5,5,4,3,3.38,65,55,FALSE
Female,Loyal Customer,58,Business Travel,Business,1719,1,1,1,1,2,4,4,5,5,5,5,4,3,3.15,12,2,TRUE
Male,Disloyal Customer,16,Business Travel,Eco,83,1,3,1,3,4,1,4,4,2,5,4,1,4,2.85,39,31,FALSE
Male,Disloyal Customer,25,Business Travel,Eco,1062,3,3,3,4,3,3,2,3,1,3,4,4,3,3,0,2,FALSE
Female,Disloyal Customer,26,Business Travel,Eco,323,2,2,2,4,4,2,4,4,4,2,3,2,4,3,11,13,FALSE
Female,Loyal Customer,18,Business Travel,Business,1726,2,2,2,2,2,2,2,2,3,3,3,1,2,2.15,0,0,FALSE
Male,Loyal Customer,18,Personal Travel,Business,861,3,4,4,1,5,4,5,5,4,5,5,4,5,4.15,0,0,FALSE
Female,Loyal Customer,62,Personal Travel,Eco,391,3,5,3,1,3,4,4,4,4,5,5,4,4,3.77,147,137,FALSE
Male,Loyal Customer,39,Business Travel,Eco,366,2,2,2,2,2,2,2,2,3,3,2,2,2,2.15,3,0,FALSE
Female,Loyal Customer,47,Business Travel,Business,1139,3,1,1,1,1,4,4,3,3,4,3,1,4,2.54,68,84,FALSE
Male,Loyal Customer,25,Business Travel,Business,3975,3,2,3,3,4,4,4,4,3,4,4,3,4,3.46,45,37,TRUE
Female,Loyal Customer,20,Personal Travel,Eco,335,3,4,5,5,3,5,3,3,3,5,4,4,3,3.85,0,0,FALSE
Male,Loyal Customer,11,Personal Travel,Eco,1096,1,3,0,4,3,0,3,3,3,2,3,4,3,2.46,10,13,FALSE
Female,Loyal Customer,48,Business Travel,Business,554,1,1,1,1,2,5,5,4,4,5,4,4,4,3.15,1,0,TRUE
Male,Loyal Customer,59,Personal Travel,Eco,468,4,5,4,3,3,4,3,3,5,5,4,3,3,3.77,9,14,FALSE
Male,Loyal Customer,35,Business Travel,Business,337,4,4,5,4,3,4,4,4,4,4,4,3,3,3.85,67,63,TRUE
Male,Disloyal Customer,38,Business Travel,Eco,1726,2,2,2,3,2,2,2,2,3,4,4,3,2,2.54,19,0,FALSE
Male,Loyal Customer,28,Personal Travel,Eco,210,1,4,1,4,4,1,4,4,3,1,3,1,4,2.69,6,1,FALSE
Male,Loyal Customer,43,Business Travel,Business,2351,3,3,3,3,4,4,4,4,4,4,4,3,3,3.54,0,0,TRUE
Male,Loyal Customer,39,Business Travel,Eco Plus,447,3,5,3,5,3,3,3,3,1,5,3,3,3,3.31,0,0,FALSE
Female,Disloyal Customer,28,Business Travel,Business,1514,4,3,3,1,4,3,4,4,4,2,4,5,4,3.46,0,0,TRUE
Male,Loyal Customer,35,Business Travel,Business,3206,4,4,4,4,1,5,5,4,4,4,4,2,3,3.69,0,0,TRUE
Male,Loyal Customer,69,Personal Travel,Eco,735,4,5,4,3,5,4,5,5,1,3,4,1,5,3.77,0,0,TRUE
Female,Loyal Customer,18,Personal Travel,Eco,577,2,2,2,3,5,2,5,5,1,2,3,3,5,3.08,66,100,FALSE
Female,Loyal Customer,55,Personal Travel,Eco,1009,3,2,3,4,3,3,4,1,1,3,1,2,3,2.54,4,0,FALSE
Male,Loyal Customer,65,Personal Travel,Eco,2399,2,5,1,3,1,1,1,5,4,3,4,1,1,2.46,0,7,FALSE
Female,Loyal Customer,17,Business Travel,Business,2062,1,0,0,3,2,0,5,2,2,2,2,1,2,1.69,0,0,FALSE
Male,Loyal Customer,22,Personal Travel,Eco,570,2,3,2,3,5,2,5,5,1,5,3,4,5,3.46,0,0,FALSE
Male,Loyal Customer,39,Business Travel,Business,3143,3,3,3,3,2,1,1,4,4,4,5,4,4,3.15,43,37,TRUE
Male,Loyal Customer,72,Business Travel,Eco Plus,147,5,2,2,2,5,5,5,5,2,2,1,4,5,3.46,0,0,TRUE
Female,Loyal Customer,50,Business Travel,Business,937,5,5,5,5,4,4,5,4,4,4,4,3,5,4.38,2,0,TRUE
Male,Loyal Customer,48,Business Travel,Business,2248,2,2,2,2,5,3,5,4,4,4,4,3,3,3.31,97,81,TRUE
Female,Loyal Customer,36,Business Travel,Business,3624,5,5,5,5,1,3,5,4,4,4,4,3,5,4.08,0,0,TRUE
Male,Loyal Customer,50,Personal Travel,Eco,1052,2,4,2,4,5,2,5,5,5,4,4,5,5,4,0,0,FALSE
Female,Loyal Customer,31,Business Travel,Business,605,2,2,2,2,2,2,2,2,2,1,4,2,2,2.08,0,0,FALSE
Male,Loyal Customer,44,Business Travel,Business,2247,4,1,4,4,4,1,3,4,4,5,4,3,5,3.54,0,0,TRUE
Female,Loyal Customer,22,Business Travel,Business,925,2,2,1,2,4,4,4,4,5,2,5,4,4,3.31,34,12,TRUE
Male,Disloyal Customer,32,Business Travel,Business,502,1,1,1,3,2,1,2,2,3,5,5,5,2,2.54,0,0,FALSE
Female,Loyal Customer,30,Business Travel,Business,3874,3,3,3,3,4,4,4,4,5,3,4,3,4,3.62,0,9,TRUE
Male,Loyal Customer,29,Personal Travel,Eco,2161,4,1,4,4,5,4,5,5,2,4,4,2,5,3.77,0,0,FALSE
Male,Loyal Customer,34,Business Travel,Business,460,5,5,5,5,4,4,5,3,3,2,3,5,3,4,1,0,TRUE
Male,Loyal Customer,55,Business Travel,Business,2590,3,3,3,3,3,5,4,5,5,5,5,5,4,4.08,0,0,TRUE
Female,Loyal Customer,46,Business Travel,Business,373,1,1,5,1,3,5,5,4,4,4,4,5,4,3.54,79,66,TRUE
Female,Loyal Customer,52,Business Travel,Business,370,1,1,4,1,4,2,5,4,4,4,4,3,3,3.08,0,0,TRUE
Female,Loyal Customer,41,Business Travel,Eco,163,4,3,3,3,4,4,4,4,2,4,3,3,4,3.46,3,0,TRUE
Male,Loyal Customer,28,Personal Travel,Eco Plus,109,2,0,2,1,3,2,3,3,5,2,4,5,3,2.69,0,0,FALSE
Female,Loyal Customer,40,Business Travel,Business,2024,3,3,3,3,5,4,5,4,4,4,4,5,3,3.85,7,14,TRUE
Female,Loyal Customer,52,Business Travel,Business,507,1,3,5,3,5,4,4,1,1,1,1,2,1,2.46,4,9,FALSE
Female,Loyal Customer,44,Personal Travel,Eco,1491,1,5,1,3,4,5,1,1,1,1,1,3,3,2.31,0,8,FALSE
Female,Loyal Customer,63,Personal Travel,Eco,634,2,5,2,2,3,4,5,1,1,2,1,3,5,2.77,0,1,FALSE
Male,Loyal Customer,63,Personal Travel,Eco,280,1,5,1,1,1,1,1,1,5,2,4,4,1,2.15,82,86,FALSE
Female,Loyal Customer,57,Personal Travel,Eco,728,2,4,1,4,4,3,5,2,2,1,2,2,3,2.69,19,7,FALSE
Female,Loyal Customer,26,Personal Travel,Eco,1250,4,5,3,2,1,3,1,1,5,3,4,3,1,2.77,0,0,FALSE
Female,Loyal Customer,38,Personal Travel,Eco,603,3,4,3,3,3,3,3,3,5,2,5,3,3,3.31,0,0,FALSE
Male,Loyal Customer,41,Business Travel,Business,472,1,1,3,1,3,3,1,5,5,5,5,3,2,2.92,0,0,TRUE
Female,Loyal Customer,53,Business Travel,Business,3245,3,4,4,4,3,3,3,4,1,4,3,3,3,3.23,147,167,FALSE
Female,Loyal Customer,41,Business Travel,Business,147,1,1,1,1,1,5,3,4,4,4,4,5,3,2.85,0,0,TRUE
Male,Loyal Customer,27,Business Travel,Business,3247,5,5,5,5,4,4,4,4,5,2,5,5,4,4.38,0,0,TRUE
Male,Disloyal Customer,35,Business Travel,Eco,101,4,4,4,4,2,4,2,2,3,2,4,4,2,3.15,0,0,FALSE
Female,Loyal Customer,54,Personal Travel,Eco,459,2,4,2,2,4,5,5,3,3,2,3,5,5,3.46,0,10,FALSE
Male,Loyal Customer,41,Business Travel,Business,2297,2,2,5,2,4,5,4,4,4,4,4,4,4,3.69,0,0,TRUE
Male,Loyal Customer,46,Business Travel,Eco Plus,675,2,5,2,2,2,2,2,2,4,3,3,3,2,2.62,24,9,FALSE
Male,Loyal Customer,56,Personal Travel,Eco,109,2,4,2,2,1,2,1,1,5,4,5,4,1,2.62,0,0,FALSE
Male,Loyal Customer,25,Business Travel,Business,2438,3,1,1,1,3,3,3,3,4,5,4,2,3,2.77,0,15,FALSE
Female,Loyal Customer,57,Business Travel,Business,2968,1,1,1,1,2,5,4,5,5,5,5,3,5,3.31,0,0,TRUE
Male,Loyal Customer,52,Business Travel,Business,2129,2,2,3,2,5,4,4,2,2,2,2,2,3,2.69,95,85,FALSE
Male,Loyal Customer,57,Business Travel,Eco,296,2,2,2,2,2,2,2,2,4,5,3,2,2,2.46,0,0,FALSE
Female,Loyal Customer,60,Personal Travel,Eco,319,3,5,2,4,2,2,3,2,2,2,2,5,4,2.92,0,0,FALSE
Female,Loyal Customer,70,Personal Travel,Eco,190,3,3,3,4,2,4,3,2,2,3,2,1,3,2.69,1,3,FALSE
Male,Loyal Customer,59,Business Travel,Business,2248,2,2,2,2,2,4,4,4,4,4,4,4,5,3.31,3,0,TRUE
Female,Loyal Customer,25,Personal Travel,Eco Plus,1670,3,3,3,1,3,3,3,3,5,2,4,5,3,3.15,2,6,FALSE
Male,Loyal Customer,24,Personal Travel,Eco Plus,399,4,4,4,2,4,4,4,4,3,4,5,5,4,3.92,0,0,FALSE
Female,Loyal Customer,21,Personal Travel,Eco,109,1,4,1,2,5,1,5,5,4,3,3,3,5,3.23,0,0,FALSE
Female,Loyal Customer,59,Business Travel,Business,201,1,1,1,1,4,5,5,5,5,5,5,4,5,3.62,0,0,TRUE
Male,Loyal Customer,34,Personal Travel,Eco,238,5,5,0,4,4,0,4,4,5,2,4,5,4,3.54,0,28,TRUE
Female,Loyal Customer,56,Business Travel,Business,2489,4,4,4,4,2,5,4,5,5,5,5,3,4,4.15,29,12,TRUE
Female,Loyal Customer,8,Personal Travel,Eco,1208,4,2,4,4,2,4,2,2,4,1,3,2,2,2.77,10,0,FALSE
Male,Loyal Customer,31,Personal Travel,Eco Plus,365,4,1,1,3,3,1,3,3,2,2,2,4,3,2.46,0,0,TRUE
Male,Loyal Customer,29,Personal Travel,Eco,589,3,4,3,3,2,3,2,2,4,3,4,5,2,3.08,0,0,FALSE
Female,Loyal Customer,51,Business Travel,Business,1785,3,4,4,4,1,3,4,3,3,3,3,3,2,3.08,4,36,FALSE
Female,Loyal Customer,56,Personal Travel,Eco,544,5,3,2,4,4,4,4,4,4,2,4,4,2,3.54,0,0,TRUE
Male,Loyal Customer,37,Personal Travel,Business,376,2,5,2,4,2,4,5,5,5,2,5,5,3,3.77,0,12,FALSE
Male,Loyal Customer,10,Personal Travel,Business,562,3,1,3,3,2,3,2,2,1,1,4,3,2,2.31,37,29,FALSE
Female,Loyal Customer,39,Business Travel,Business,1011,4,4,4,4,2,5,5,5,5,5,5,3,5,4.31,7,6,TRUE
Female,Loyal Customer,37,Business Travel,Eco Plus,503,4,1,1,1,4,4,4,4,1,2,3,4,4,2.85,0,0,TRUE
Male,Loyal Customer,39,Business Travel,Eco,737,3,1,1,1,3,3,3,3,2,2,3,3,3,2.38,0,9,FALSE
Female,Loyal Customer,48,Business Travel,Business,2238,5,5,5,5,4,4,4,5,5,5,5,4,3,4.54,3,19,TRUE
Male,Loyal Customer,18,Personal Travel,Eco,259,3,5,3,4,4,3,4,4,5,4,3,4,4,3.85,0,0,FALSE
Female,Disloyal Customer,23,Business Travel,Eco,991,3,2,2,3,2,2,2,2,3,3,4,4,2,2.62,0,0,FALSE
Female,Loyal Customer,62,Personal Travel,Eco,2327,3,5,3,3,4,4,5,1,1,3,1,4,5,3.23,0,0,FALSE
Female,Loyal Customer,32,Personal Travel,Eco Plus,666,2,4,2,4,2,2,5,2,1,3,5,1,2,2.69,1,0,FALSE
Female,Disloyal Customer,30,Business Travel,Business,337,1,1,1,4,2,1,2,2,5,2,5,4,2,2.46,0,0,FALSE
Female,Loyal Customer,25,Business Travel,Business,3785,5,5,5,5,5,5,5,5,4,4,4,2,5,4.54,0,0,TRUE
Female,Loyal Customer,52,Business Travel,Business,175,5,3,5,5,2,4,5,4,4,4,5,5,4,4.23,106,105,TRUE
Male,Loyal Customer,9,Personal Travel,Eco Plus,550,2,0,2,3,2,2,4,2,2,5,2,4,2,2.46,0,0,FALSE
Female,Loyal Customer,25,Personal Travel,Eco,1956,3,5,3,3,2,3,2,2,3,3,4,4,2,3,0,0,FALSE
Female,Loyal Customer,24,Business Travel,Business,3408,2,4,4,4,2,2,2,2,4,2,2,3,2,2.69,0,12,FALSE
Male,Loyal Customer,53,Business Travel,Business,2475,3,3,3,3,2,5,4,5,5,4,5,5,4,3.92,0,0,TRUE
Male,Disloyal Customer,48,Business Travel,Eco,680,1,1,1,4,3,1,3,3,1,5,3,1,3,2.31,0,8,FALSE
Male,Loyal Customer,53,Business Travel,Business,3264,1,1,1,1,3,4,5,5,5,5,5,3,5,3.38,2,0,TRUE
Male,Loyal Customer,22,Personal Travel,Eco Plus,997,3,4,2,2,2,4,4,3,5,4,4,4,4,3.46,437,429,FALSE
Female,Loyal Customer,19,Personal Travel,Eco,2454,1,3,1,2,1,3,3,2,5,3,3,3,3,2.54,0,10,FALSE
Male,Loyal Customer,39,Business Travel,Business,3777,3,3,3,3,2,5,5,5,5,5,5,5,5,4.15,9,0,TRUE
Male,Loyal Customer,42,Business Travel,Business,759,4,4,4,4,5,4,4,4,4,4,4,4,3,4,0,0,TRUE
Male,Loyal Customer,36,Business Travel,Eco Plus,842,4,1,1,1,4,4,4,4,5,2,4,2,4,3.08,0,0,TRUE
Male,Loyal Customer,32,Personal Travel,Eco,522,2,5,2,4,3,2,3,3,3,2,5,3,3,3.08,59,43,FALSE
Female,Loyal Customer,60,Business Travel,Business,3182,1,1,1,1,5,4,4,5,5,4,4,4,5,3.38,13,11,TRUE
Male,Disloyal Customer,26,Business Travel,Eco Plus,533,2,2,2,1,5,2,5,5,5,4,3,5,5,3.54,0,0,FALSE
Male,Loyal Customer,47,Business Travel,Business,1737,4,2,5,2,2,3,4,4,4,3,4,1,3,3.15,0,0,FALSE
Male,Loyal Customer,70,Business Travel,Eco Plus,869,5,4,1,4,5,5,5,5,1,4,4,5,5,4.08,0,0,TRUE
Female,Loyal Customer,27,Personal Travel,Eco,1027,3,4,3,3,3,3,3,3,5,5,5,4,3,3.62,0,0,FALSE
Male,Disloyal Customer,25,Business Travel,Eco,978,3,3,3,3,1,3,1,1,1,4,3,4,1,2.38,0,0,FALSE
Male,Loyal Customer,17,Personal Travel,Eco,2182,3,3,2,4,1,2,1,1,4,4,1,5,1,2.46,0,0,FALSE
Male,Loyal Customer,46,Business Travel,Eco,1107,2,2,2,2,2,2,2,2,4,4,3,1,2,2.31,12,3,FALSE
Male,Disloyal Customer,23,Business Travel,Eco,721,3,3,3,3,3,3,3,3,2,3,4,4,3,3.08,0,0,FALSE
Female,Loyal Customer,44,Business Travel,Business,1464,3,3,5,3,3,5,4,4,4,4,4,5,5,4,17,17,TRUE
Female,Loyal Customer,54,Personal Travel,Eco,337,3,5,3,5,3,5,5,2,2,3,5,5,3,3.77,0,0,FALSE
Female,Loyal Customer,53,Business Travel,Business,2936,2,2,2,2,4,4,5,5,5,5,5,5,3,3.77,0,0,TRUE
Male,Loyal Customer,31,Business Travel,Eco,272,5,5,5,5,5,5,5,5,5,3,4,3,5,4.62,0,0,TRUE
Female,Loyal Customer,30,Business Travel,Business,2840,2,2,2,2,2,2,2,2,2,3,4,3,2,2.31,0,0,FALSE
Female,Loyal Customer,14,Personal Travel,Eco Plus,372,2,1,2,3,3,2,3,3,4,4,1,3,3,2.62,14,18,FALSE
Female,Disloyal Customer,23,Business Travel,Eco,705,4,4,4,4,5,4,5,5,4,1,4,1,5,3.85,0,0,TRUE
Female,Loyal Customer,37,Personal Travel,Eco,1142,2,5,2,2,2,3,3,3,5,3,4,3,3,3.08,164,156,FALSE
Male,Loyal Customer,44,Personal Travel,Eco,2089,5,0,5,1,5,5,5,5,3,5,5,3,5,4,0,0,TRUE
Female,Loyal Customer,34,Business Travel,Eco Plus,1703,2,5,5,5,2,2,2,2,1,2,1,4,2,2.69,0,8,FALSE
Male,Loyal Customer,44,Business Travel,Business,1334,2,2,5,2,4,4,5,2,2,2,2,4,3,3,18,20,TRUE
Male,Loyal Customer,55,Business Travel,Business,152,0,5,1,1,4,5,5,4,4,4,4,5,3,3.46,0,0,TRUE
Female,Loyal Customer,39,Business Travel,Eco Plus,189,4,5,5,5,4,4,4,4,2,2,2,4,4,3.77,58,60,TRUE
Male,Loyal Customer,45,Business Travel,Business,2077,1,1,1,1,5,4,4,5,5,5,5,3,4,3.38,0,16,TRUE
Female,Loyal Customer,56,Business Travel,Business,3216,2,1,1,1,2,4,3,2,2,2,2,4,4,2.31,0,0,FALSE
Female,Disloyal Customer,37,Business Travel,Eco,967,4,4,4,3,2,4,2,2,4,2,2,3,2,2.92,0,0,TRUE
Male,Loyal Customer,60,Personal Travel,Eco,1107,4,1,4,3,1,4,1,1,4,3,3,3,1,2.54,13,0,FALSE
Female,Loyal Customer,38,Business Travel,Business,1337,3,3,3,3,3,5,5,3,3,3,3,4,3,3.38,6,0,TRUE
Female,Loyal Customer,63,Personal Travel,Eco,1797,2,5,2,3,5,5,4,1,1,2,1,5,5,3.15,11,10,FALSE
Female,Loyal Customer,33,Business Travel,Business,3636,4,3,3,3,4,3,3,4,4,4,4,2,3,3.38,0,4,FALSE
Male,Loyal Customer,10,Personal Travel,Eco,1235,4,5,3,1,3,3,3,3,3,2,1,1,3,2.69,0,0,TRUE
Male,Disloyal Customer,40,Business Travel,Business,449,4,4,4,1,2,4,2,2,4,2,4,4,2,3,0,0,FALSE
Female,Loyal Customer,36,Business Travel,Business,1811,5,5,3,5,5,1,4,2,2,2,2,4,2,3.23,0,3,TRUE
Female,Loyal Customer,44,Business Travel,Business,1860,2,5,5,5,4,3,4,2,2,2,2,1,4,3.15,16,16,FALSE
Female,Loyal Customer,62,Business Travel,Eco Plus,525,5,1,1,1,2,1,4,5,5,5,5,5,1,3.15,0,0,TRUE
Female,Loyal Customer,41,Business Travel,Business,440,5,5,5,5,2,4,4,5,5,5,5,4,5,4.54,0,0,TRUE
Female,Loyal Customer,27,Personal Travel,Eco,571,1,5,1,2,4,1,5,4,4,3,4,5,4,3.31,0,0,FALSE
Male,Loyal Customer,18,Business Travel,Business,1947,3,3,3,3,4,4,4,4,5,4,3,4,4,3.69,0,0,TRUE
Female,Loyal Customer,30,Personal Travel,Eco,315,3,3,3,3,4,3,4,4,1,1,5,3,4,3.15,41,76,FALSE
Female,Loyal Customer,31,Personal Travel,Eco,2475,2,4,2,3,2,2,2,5,3,5,5,2,2,3,0,6,FALSE
Male,Disloyal Customer,59,Business Travel,Eco,187,1,2,0,4,1,0,1,1,2,1,4,4,1,1.69,0,0,FALSE
Male,Disloyal Customer,20,Business Travel,Eco,852,4,4,4,1,4,4,4,4,3,2,4,5,4,3.62,0,0,TRUE
Female,Loyal Customer,41,Personal Travel,Eco,1009,2,5,2,4,3,2,3,3,5,3,4,3,3,3.23,0,0,FALSE
Female,Disloyal Customer,26,Business Travel,Business,101,2,5,2,1,4,2,4,4,4,5,4,3,4,3.38,0,2,FALSE
Male,Loyal Customer,45,Business Travel,Business,2433,5,5,5,5,5,4,5,5,5,5,5,3,4,4.69,0,0,TRUE
Male,Loyal Customer,23,Business Travel,Business,3756,1,1,1,1,3,3,3,3,3,4,5,5,3,2.77,2,0,TRUE
Female,Loyal Customer,36,Personal Travel,Eco,447,2,4,2,3,5,2,5,5,3,5,4,3,5,3.69,16,15,FALSE
Male,Disloyal Customer,63,Business Travel,Eco,432,1,3,1,4,1,1,1,1,2,1,3,2,1,1.69,0,3,FALSE
Male,Loyal Customer,41,Business Travel,Business,3034,1,1,1,1,4,5,5,4,4,4,4,5,3,3.23,0,0,TRUE
Female,Disloyal Customer,24,Business Travel,Eco,696,4,4,4,4,1,4,1,1,3,4,4,5,1,3.08,0,0,TRUE
Male,Disloyal Customer,39,Business Travel,Business,404,4,3,3,3,4,3,4,4,4,5,5,5,4,3.92,0,0,FALSE
Female,Loyal Customer,36,Business Travel,Business,2577,3,3,3,3,5,3,5,4,4,4,4,2,4,3.62,0,0,TRUE
Female,Loyal Customer,44,Business Travel,Business,849,4,4,4,4,4,4,4,5,5,4,5,3,5,4.23,9,2,TRUE
Female,Loyal Customer,10,Personal Travel,Eco,221,1,3,0,3,4,0,4,4,1,2,4,4,4,2.62,0,0,FALSE
Male,Disloyal Customer,26,Business Travel,Eco,447,3,3,4,3,4,4,4,4,4,1,3,4,4,3.46,0,0,FALSE
Female,Loyal Customer,25,Personal Travel,Eco,641,1,4,1,4,1,1,1,1,4,3,5,4,1,2.38,0,0,FALSE
Male,Loyal Customer,40,Business Travel,Business,2270,3,1,3,3,4,4,5,5,5,5,5,3,4,3.85,0,0,TRUE
Female,Disloyal Customer,26,Business Travel,Business,700,2,0,1,1,2,1,2,2,4,4,4,3,2,2.15,0,0,FALSE
Female,Loyal Customer,16,Business Travel,Business,2071,3,3,3,3,4,4,4,4,4,5,4,5,4,3.85,24,14,TRUE
Female,Loyal Customer,47,Business Travel,Business,551,3,1,3,3,5,5,4,5,5,5,5,4,5,4.08,0,0,TRUE
Female,Loyal Customer,50,Personal Travel,Eco,997,5,5,5,3,3,4,4,4,4,5,1,3,5,3.92,64,57,TRUE
Female,Loyal Customer,36,Business Travel,Business,115,2,3,3,3,2,4,4,4,4,4,2,2,1,2.92,0,7,FALSE
Male,Loyal Customer,56,Business Travel,Business,2655,1,1,3,1,4,4,4,3,5,4,5,4,4,3.31,121,137,TRUE
Male,Loyal Customer,37,Business Travel,Eco,264,3,5,5,5,3,4,3,3,2,1,3,5,3,3.46,2,0,TRUE
Female,Loyal Customer,35,Business Travel,Eco,528,5,5,5,5,5,5,5,5,1,1,2,4,5,4.08,26,16,TRUE
Male,Loyal Customer,53,Personal Travel,Eco,1037,4,2,4,3,5,4,4,5,1,3,2,3,5,3.46,0,0,TRUE
Female,Loyal Customer,18,Personal Travel,Eco,678,1,4,1,2,4,1,4,4,5,2,5,4,4,3.15,0,0,FALSE
Male,Loyal Customer,22,Personal Travel,Eco,408,3,4,3,1,2,3,3,2,4,5,4,3,2,3,0,0,FALSE
Female,Disloyal Customer,30,Business Travel,Business,674,1,1,1,1,2,1,5,2,4,4,4,5,2,2.54,0,0,FALSE
Female,Loyal Customer,43,Business Travel,Eco,1984,1,1,5,5,1,4,3,1,1,1,1,1,4,2.23,11,0,FALSE
Female,Disloyal Customer,40,Business Travel,Business,628,1,1,1,2,2,1,2,2,5,4,5,5,2,2.54,0,0,FALSE
Female,Loyal Customer,36,Business Travel,Business,3159,3,4,4,4,2,3,4,3,3,3,3,4,1,3.15,0,0,FALSE
Female,Loyal Customer,25,Business Travel,Eco Plus,2327,5,5,5,5,5,4,5,2,5,4,5,5,5,4.62,12,17,TRUE
Male,Loyal Customer,56,Personal Travel,Eco,374,1,5,1,2,2,1,2,2,2,1,3,3,2,2.08,79,71,FALSE
Male,Disloyal Customer,24,Business Travel,Eco,1235,3,3,3,2,5,3,5,5,5,2,4,5,5,3.85,0,0,FALSE
Male,Loyal Customer,33,Business Travel,Eco Plus,639,5,1,3,1,5,5,5,5,3,1,1,4,5,3.38,0,0,TRUE
Female,Disloyal Customer,26,Business Travel,Eco,689,3,3,3,2,5,3,5,5,3,4,1,3,5,3.46,0,,FALSE
Male,Loyal Customer,40,Personal Travel,Eco,1188,2,5,2,3,4,2,4,4,5,3,4,3,4,3.46,5,17,FALSE
Male,Loyal Customer,49,Personal Travel,Eco,895,1,2,1,2,1,1,1,1,3,5,2,3,1,1.85,1,0,FALSE
Female,Loyal Customer,56,Business Travel,Eco,386,3,3,3,3,4,4,4,2,2,3,2,3,3,3,0,0,FALSE
Female,Loyal Customer,34,Personal Travel,Eco Plus,971,4,5,4,3,5,4,5,5,4,3,5,3,5,4.23,0,0,FALSE
Male,Disloyal Customer,18,Business Travel,Eco,841,2,2,2,2,5,2,5,5,4,2,3,5,5,3.38,0,0,FALSE
Male,Loyal Customer,55,Business Travel,Business,2242,3,3,3,3,3,5,5,4,4,4,4,5,3,3.77,0,0,TRUE
Male,Loyal Customer,35,Personal Travel,Eco,862,4,5,5,4,2,5,2,2,5,4,5,4,2,3.77,0,0,FALSE
Male,Loyal Customer,41,Business Travel,Business,3360,4,1,1,1,1,3,3,4,4,4,4,3,2,2.69,14,19,FALSE
Male,Loyal Customer,50,Business Travel,Business,2072,1,1,1,1,3,4,5,3,3,3,3,3,4,2.69,0,26,TRUE
Female,Loyal Customer,37,Personal Travel,Business,1452,3,5,3,2,3,5,4,5,5,3,5,2,3,3.69,36,44,FALSE
Female,Loyal Customer,39,Personal Travel,Eco,719,2,4,2,1,1,2,1,1,5,5,4,4,1,2.54,45,45,FALSE
Male,Loyal Customer,31,Personal Travel,Eco,562,2,4,1,2,1,1,1,1,4,5,4,4,1,2.38,4,1,FALSE
Female,Loyal Customer,59,Business Travel,Business,255,5,5,5,5,4,4,5,5,5,5,5,5,3,4.69,75,72,TRUE
Female,Loyal Customer,40,Business Travel,Business,1399,3,2,2,2,2,4,4,3,3,2,3,3,4,2.85,6,3,FALSE
Male,Loyal Customer,65,Personal Travel,Eco,714,5,4,5,2,3,4,3,3,4,2,5,4,3,3.62,0,0,TRUE
Male,Loyal Customer,36,Business Travel,Business,302,3,3,3,3,1,3,5,4,4,4,4,1,2,3.08,0,0,TRUE
Female,Loyal Customer,67,Personal Travel,Eco,948,1,1,2,2,4,1,3,4,4,2,4,3,3,2.62,0,0,FALSE
Female,Loyal Customer,22,Business Travel,Business,308,2,2,2,2,4,4,4,4,1,2,2,2,4,2.69,16,3,TRUE
Male,Loyal Customer,35,Business Travel,Eco,112,4,2,4,4,4,4,4,4,2,2,4,2,4,3.38,0,2,TRUE
Female,Loyal Customer,24,Business Travel,Business,550,4,4,4,4,4,4,4,4,4,4,4,4,4,4,3,0,TRUE
Female,Disloyal Customer,29,Business Travel,Eco Plus,237,3,3,3,4,5,3,5,5,1,2,3,1,5,3.31,0,0,FALSE
Female,Loyal Customer,11,Personal Travel,Eco,588,4,4,4,3,4,4,4,4,5,2,4,4,4,3.85,0,0,TRUE
Female,Loyal Customer,41,Business Travel,Business,3651,3,3,3,3,5,4,5,4,4,4,4,3,3,3.69,6,1,TRUE
Female,Loyal Customer,51,Business Travel,Business,235,1,1,1,1,2,4,4,1,1,2,1,1,4,1.85,12,1,FALSE
Female,Disloyal Customer,23,Business Travel,Eco,231,0,0,0,3,3,0,3,3,5,4,4,1,3,2.23,0,0,TRUE
Female,Loyal Customer,63,Business Travel,Business,972,4,4,4,4,2,4,5,2,2,2,2,3,5,3.31,0,0,TRUE
Male,Loyal Customer,40,Business Travel,Eco,265,3,3,3,3,3,3,3,3,2,3,4,3,3,3,17,16,FALSE
Male,Disloyal Customer,39,Business Travel,Business,236,1,1,1,4,4,1,4,4,5,3,5,5,4,3.23,63,60,FALSE
Female,Loyal Customer,60,Business Travel,Business,449,5,5,3,5,3,4,5,2,2,2,2,4,3,3.46,21,24,TRUE
Female,Loyal Customer,58,Personal Travel,Eco,534,2,5,2,3,3,5,5,4,4,2,4,4,3,3.54,0,0,FALSE
Female,Loyal Customer,48,Business Travel,Eco,337,5,2,2,2,1,3,3,5,5,5,5,1,4,3.31,0,0,TRUE
Male,Loyal Customer,47,Business Travel,Business,2145,4,4,4,4,4,4,5,5,5,5,5,4,4,4.38,21,10,TRUE
Male,Disloyal Customer,20,Business Travel,Business,371,5,0,4,2,2,4,2,2,4,5,5,4,2,3.15,19,13,TRUE
Female,Loyal Customer,51,Business Travel,Business,3790,1,1,1,1,5,4,5,5,5,5,5,5,5,3.69,24,10,TRUE
Male,Loyal Customer,28,Business Travel,Business,1910,3,3,3,3,4,4,4,4,4,4,4,4,4,3.69,24,18,TRUE
Male,Loyal Customer,54,Business Travel,Eco,305,4,1,1,1,4,4,4,4,5,4,2,2,4,3.08,0,0,TRUE
Female,Loyal Customer,33,Business Travel,Business,2929,3,3,3,3,5,4,5,5,5,5,5,4,2,4,0,4,TRUE
Male,Loyal Customer,23,Personal Travel,Eco,546,5,4,5,1,4,5,4,4,2,4,2,2,4,3.54,0,0,TRUE
Male,Disloyal Customer,27,Business Travel,Business,733,3,3,3,3,5,3,5,5,3,4,3,4,5,3.77,29,22,FALSE
Male,Loyal Customer,57,Business Travel,Business,1874,4,4,4,4,2,5,5,4,4,4,4,3,4,3.92,0,0,TRUE
Female,Loyal Customer,69,Personal Travel,Eco,271,2,4,2,4,5,3,3,4,4,2,1,3,3,3.08,9,0,FALSE
Female,Loyal Customer,56,Business Travel,Business,2694,3,3,3,3,2,5,4,4,4,4,4,4,5,3.69,0,2,TRUE
Female,Loyal Customer,36,Business Travel,Business,2672,2,2,2,2,5,4,3,2,2,2,2,4,2,2.62,5,0,FALSE
Male,Disloyal Customer,23,Business Travel,Business,967,4,0,5,1,2,5,2,2,4,4,5,4,2,3.08,5,2,TRUE
Female,Loyal Customer,59,Business Travel,Business,2930,0,5,0,4,3,4,4,2,2,2,2,4,3,2.69,35,36,TRUE
Male,Loyal Customer,37,Business Travel,Business,373,1,1,2,1,3,4,4,5,5,5,5,5,5,3.54,0,0,TRUE
Male,Loyal Customer,61,Business Travel,Business,370,2,2,5,2,5,4,4,4,4,4,4,2,1,3.31,0,0,TRUE
Male,Disloyal Customer,48,Business Travel,Eco,721,4,4,4,3,4,4,4,4,2,4,5,5,4,3.92,3,0,FALSE
Female,Loyal Customer,23,Personal Travel,Business,224,3,4,3,3,4,3,2,4,2,1,4,5,4,3.23,24,9,FALSE
Female,Loyal Customer,42,Business Travel,Business,854,1,2,2,2,3,4,3,1,1,1,1,4,4,2.23,94,94,FALSE
Female,Loyal Customer,68,Personal Travel,Eco,1440,2,3,1,4,1,2,3,4,4,1,4,2,4,2.69,50,55,FALSE
Female,Disloyal Customer,26,Business Travel,Business,442,0,0,0,3,2,0,2,2,5,5,2,4,2,2.08,0,1,TRUE
Female,Loyal Customer,35,Business Travel,Business,255,4,1,3,3,4,4,4,4,4,4,4,4,3,3.54,0,0,FALSE
Male,Loyal Customer,38,Personal Travel,Eco,868,2,2,2,3,3,2,3,3,3,4,4,4,3,2.92,0,0,FALSE
Male,Loyal Customer,59,Business Travel,Business,3880,2,2,2,2,5,5,4,3,3,3,3,5,4,3.31,0,0,TRUE
Male,Disloyal Customer,36,Business Travel,Business,957,2,2,2,3,1,2,1,1,3,3,5,3,1,2.23,0,0,FALSE
Male,Loyal Customer,61,Personal Travel,Eco,1306,4,5,3,3,2,3,2,2,5,2,3,4,2,3.08,88,115,TRUE
Male,Loyal Customer,61,Business Travel,Business,1959,5,5,5,5,2,5,4,5,5,5,5,4,4,4.54,0,0,TRUE
Female,Loyal Customer,45,Business Travel,Business,337,1,1,1,1,2,5,4,4,4,4,4,4,3,2.92,11,0,TRUE
Female,Loyal Customer,40,Personal Travel,Eco,678,3,4,3,2,1,3,1,1,4,5,5,3,1,2.77,32,27,FALSE
Male,Loyal Customer,26,Business Travel,Business,1189,2,2,4,2,5,5,5,5,2,2,2,3,5,3.38,0,0,TRUE
Female,Loyal Customer,34,Business Travel,Business,3301,1,1,1,1,3,5,2,4,4,4,4,2,4,2.77,0,0,TRUE
Female,Loyal Customer,40,Business Travel,Business,2631,2,2,2,2,5,4,4,4,4,4,4,3,3,3.31,0,0,TRUE
Male,Loyal Customer,66,Business Travel,Business,3915,1,1,1,1,1,3,5,5,5,4,5,1,4,2.85,62,70,TRUE
Female,Loyal Customer,36,Personal Travel,Eco,1197,1,4,1,4,3,1,3,3,3,3,5,5,3,3,53,48,FALSE
Male,Disloyal Customer,33,Business Travel,Eco,697,2,2,2,4,1,2,1,1,4,2,5,1,1,2.15,0,0,FALSE
Female,Loyal Customer,49,Personal Travel,Eco,925,3,4,3,1,3,5,1,2,2,3,2,2,5,2.77,0,2,FALSE
Male,Loyal Customer,46,Business Travel,Business,2729,0,4,0,5,4,5,4,2,2,2,2,5,5,3.08,38,36,TRUE
Female,Disloyal Customer,13,Business Travel,Business,957,4,3,4,4,2,4,2,2,4,3,4,1,2,3,16,7,FALSE
Male,Disloyal Customer,10,Business Travel,Eco,2381,3,3,3,3,5,3,5,5,5,2,4,1,5,3.62,18,8,FALSE
Female,Loyal Customer,48,Business Travel,Eco,1127,3,5,5,5,5,3,4,3,3,3,3,3,2,3.62,54,36,FALSE
Female,Loyal Customer,41,Business Travel,Business,599,3,3,3,3,3,4,5,5,5,5,5,5,4,4.08,12,0,TRUE
Female,Loyal Customer,51,Personal Travel,Eco,602,2,3,2,3,4,3,1,2,2,2,2,1,4,2.38,0,0,FALSE
Male,Loyal Customer,26,Personal Travel,Eco,2295,2,1,3,4,3,5,4,1,5,4,3,4,4,3.31,44,60,FALSE
Female,Disloyal Customer,22,Business Travel,Eco,1303,4,4,4,4,5,4,5,5,1,2,3,1,5,3.62,0,0,FALSE
Male,Loyal Customer,51,Business Travel,Eco,270,4,3,2,3,4,4,4,4,1,1,2,1,4,2.85,25,18,TRUE
Male,Loyal Customer,75,Business Travel,Business,3004,3,4,4,4,3,4,3,3,3,3,3,3,4,3.38,102,96,FALSE
Male,Loyal Customer,33,Business Travel,Business,1069,4,4,4,4,5,5,5,5,3,2,4,3,5,4.08,3,0,TRUE
Female,Loyal Customer,40,Business Travel,Business,2837,2,2,2,2,3,5,5,2,2,2,2,3,3,2.69,17,49,TRUE
Male,Loyal Customer,27,Business Travel,Eco,872,5,5,5,5,5,5,5,5,2,3,2,5,5,4.38,0,0,TRUE
Male,Loyal Customer,59,Personal Travel,Eco,589,4,2,4,4,4,4,3,4,3,2,4,3,4,3.46,0,0,FALSE
Female,Loyal Customer,35,Business Travel,Business,1815,1,1,1,1,4,4,4,1,1,1,1,4,4,2.15,0,0,FALSE
Female,Loyal Customer,19,Business Travel,Business,3257,3,1,1,1,3,3,3,3,3,1,3,3,3,2.38,1,0,FALSE
Male,Loyal Customer,29,Personal Travel,Eco,764,2,3,2,2,2,2,2,2,5,3,4,3,2,2.62,0,24,FALSE
Female,Loyal Customer,39,Business Travel,Eco,950,4,3,3,3,4,4,4,4,4,2,1,5,4,3.46,0,0,TRUE
Female,Loyal Customer,63,Personal Travel,Eco,1546,5,5,5,4,5,3,4,3,3,5,3,3,5,4.08,0,0,TRUE
Female,Loyal Customer,60,Business Travel,Business,1582,2,2,2,2,4,5,5,4,4,4,4,4,4,3.54,1,0,TRUE
Female,Disloyal Customer,36,Business Travel,Eco,894,3,3,3,4,3,3,3,3,2,5,2,4,3,3.15,0,0,FALSE
Female,Loyal Customer,31,Personal Travel,Eco,227,2,5,2,4,4,2,4,4,3,3,5,4,4,3.54,0,35,FALSE
Female,Disloyal Customer,16,Business Travel,Eco,632,4,4,4,4,5,4,4,5,2,5,4,2,5,4,0,0,FALSE
Female,Loyal Customer,34,Business Travel,Business,3644,5,5,5,5,2,5,5,4,4,4,4,5,4,4.38,7,0,TRUE
Male,Loyal Customer,7,Personal Travel,Eco,967,3,4,3,2,3,3,3,3,5,3,5,3,3,3.31,2,0,FALSE
Male,Loyal Customer,13,Personal Travel,Eco,1587,2,4,2,3,2,1,1,4,3,4,4,1,1,2.46,131,186,FALSE
Male,Loyal Customer,13,Personal Travel,Eco,788,4,5,3,3,1,3,1,1,5,4,5,5,1,3.15,0,0,TRUE
Male,Loyal Customer,26,Business Travel,Business,3871,5,5,5,5,5,5,5,5,1,5,3,1,5,4.23,0,0,TRUE
Female,Loyal Customer,41,Personal Travel,Eco,86,2,3,2,2,2,2,2,2,3,5,1,5,2,2.54,0,0,FALSE
Male,Loyal Customer,44,Personal Travel,Eco,317,2,1,2,3,4,2,4,4,4,3,2,1,4,2.77,0,0,FALSE
Male,Loyal Customer,27,Business Travel,Business,3318,2,1,5,1,2,3,2,2,4,2,3,3,2,2.46,0,0,FALSE
Male,Disloyal Customer,23,Business Travel,Eco,448,2,4,2,4,4,2,4,4,1,2,3,1,4,2.85,15,13,FALSE
Male,Disloyal Customer,24,Business Travel,Eco,409,5,0,5,4,3,5,3,3,3,2,5,5,3,3.54,0,0,TRUE
Male,Loyal Customer,21,Personal Travel,Eco,717,2,5,2,3,1,2,1,1,4,3,3,2,1,2.31,25,7,FALSE
Male,Loyal Customer,38,Business Travel,Business,3182,5,5,5,5,5,4,4,4,4,4,4,5,5,4.54,2,0,TRUE
Male,Disloyal Customer,20,Business Travel,Eco,402,1,4,1,2,1,1,1,1,1,3,2,5,1,1.85,0,0,FALSE
Female,Loyal Customer,50,Business Travel,Business,1902,5,5,4,5,4,5,5,5,5,5,5,4,3,4.62,0,0,TRUE
Male,Disloyal Customer,39,Business Travel,Eco,428,1,0,1,4,3,1,3,3,1,3,4,5,3,2.46,0,0,FALSE
Female,Loyal Customer,36,Personal Travel,Eco,240,3,4,0,3,3,0,3,3,3,4,4,5,3,2.92,0,0,FALSE
Female,Loyal Customer,55,Business Travel,Business,3140,3,3,3,3,3,4,5,5,5,5,5,5,3,4,0,0,TRUE
Female,Loyal Customer,42,Personal Travel,Eco,602,4,2,3,4,2,3,3,2,2,3,1,2,1,2.46,0,5,FALSE
Male,Loyal Customer,31,Personal Travel,Business,216,1,0,1,5,4,1,4,4,5,5,1,1,4,2.77,0,0,FALSE
Female,Loyal Customer,41,Personal Travel,Eco,231,3,5,0,5,5,0,4,5,3,4,4,4,5,3.62,0,0,FALSE
Female,Loyal Customer,53,Business Travel,Business,2694,1,1,1,1,3,5,4,4,4,4,4,3,3,2.92,0,0,TRUE
Female,Loyal Customer,41,Business Travel,Business,802,2,2,2,2,1,5,3,5,5,5,5,3,4,3.38,0,0,TRUE
Female,Loyal Customer,37,Personal Travel,Eco,837,3,5,3,1,5,3,5,5,3,4,5,3,5,3.85,110,114,FALSE
Male,Disloyal Customer,11,Business Travel,Eco,748,1,1,1,4,4,1,4,4,4,2,4,3,4,2.85,14,19,FALSE
Male,Loyal Customer,53,Business Travel,Business,376,1,1,1,1,3,4,5,5,5,5,5,5,5,3.54,0,0,TRUE
Female,Disloyal Customer,38,Business Travel,Business,1844,2,2,2,3,3,2,3,3,5,4,4,4,3,3.08,0,0,TRUE
Male,Loyal Customer,53,Business Travel,Business,236,3,5,5,5,4,2,2,3,3,3,3,1,2,3.15,26,29,FALSE
Male,Loyal Customer,37,Business Travel,Business,106,2,4,4,4,3,3,3,3,3,3,2,2,4,3.08,3,0,FALSE
Female,Disloyal Customer,25,Business Travel,Eco,1189,2,2,2,3,2,2,2,2,4,3,3,4,2,2.54,0,0,FALSE
Female,Loyal Customer,39,Business Travel,Business,3380,3,2,3,3,2,5,5,3,3,3,3,4,4,3.31,0,0,TRUE
Female,Loyal Customer,47,Business Travel,Business,2343,4,4,4,4,2,5,4,4,4,5,4,5,4,4.08,0,63,TRUE
Female,Loyal Customer,52,Business Travel,Business,3660,3,1,1,1,1,3,3,3,3,3,3,1,1,2.08,111,96,FALSE
Female,Loyal Customer,34,Business Travel,Business,834,1,1,1,1,4,4,5,5,5,5,5,5,3,3.46,15,0,TRUE
Male,Loyal Customer,34,Business Travel,Business,2983,1,1,1,1,5,3,3,1,1,1,1,1,2,1.69,20,18,FALSE
Male,Loyal Customer,47,Business Travel,Business,191,2,5,5,5,5,1,1,2,2,2,2,4,3,3,18,15,FALSE
Male,Loyal Customer,59,Business Travel,Business,356,3,5,5,5,3,3,4,3,3,3,3,4,2,3.54,0,0,FALSE
Female,Loyal Customer,52,Business Travel,Business,3854,4,4,4,4,2,5,4,4,4,4,5,3,5,4,0,0,TRUE
Female,Loyal Customer,29,Personal Travel,Eco,328,3,4,3,3,3,3,2,3,3,2,5,5,3,3.23,14,8,FALSE
Male,Loyal Customer,48,Business Travel,Business,1372,3,3,3,3,4,3,3,3,3,3,3,2,1,2.85,0,1,FALSE
Female,Disloyal Customer,27,Business Travel,Business,1635,5,5,5,4,2,5,2,2,3,2,4,3,2,3.38,0,5,TRUE
Male,Loyal Customer,50,Business Travel,Eco,1464,4,4,4,4,4,4,4,4,3,1,2,3,4,3.46,21,7,TRUE
Male,Loyal Customer,49,Business Travel,Business,3691,3,3,3,3,5,4,4,5,5,5,5,4,4,4.08,0,0,TRUE
Male,Loyal Customer,53,Business Travel,Business,628,2,2,2,2,2,5,5,5,5,5,5,4,3,3.62,42,35,TRUE
Female,Loyal Customer,56,Business Travel,Eco,649,3,3,2,2,4,3,4,3,3,3,3,3,2,2.92,11,9,FALSE
Female,Loyal Customer,38,Business Travel,Business,305,2,1,1,1,5,3,4,2,2,2,2,3,1,2.23,0,0,FALSE
Female,Disloyal Customer,26,Business Travel,Eco,1186,2,2,2,3,3,2,4,3,3,5,3,3,3,2.92,0,0,FALSE
Male,Loyal Customer,51,Business Travel,Eco,1416,4,5,5,5,4,4,4,4,4,2,1,3,4,3.77,0,1,TRUE
Male,Loyal Customer,46,Business Travel,Business,738,4,4,4,4,4,4,5,5,5,5,5,3,4,4.31,21,,TRUE
Female,Loyal Customer,60,Personal Travel,Eco,667,4,5,4,3,5,4,5,4,4,4,4,5,3,4.15,64,51,FALSE
Female,Disloyal Customer,20,Business Travel,Eco,469,4,3,3,4,1,3,1,1,4,1,3,3,1,2.46,56,61,FALSE
Male,Loyal Customer,54,Personal Travel,Eco,602,2,5,2,2,3,2,3,3,3,3,4,4,3,3,85,73,FALSE
Male,Loyal Customer,7,Personal Travel,Eco,423,4,5,4,3,3,4,3,3,2,2,3,2,3,3.15,0,0,FALSE
Male,Loyal Customer,32,Business Travel,Business,3703,4,4,4,4,5,5,5,5,4,5,5,3,5,4.46,0,0,TRUE
Female,Loyal Customer,25,Business Travel,Business,2288,5,5,5,5,2,2,2,2,3,3,5,4,2,3.46,0,0,TRUE
Female,Loyal Customer,72,Business Travel,Eco Plus,522,4,5,5,5,4,3,3,4,4,4,4,2,3,3.85,0,0,FALSE
Male,Loyal Customer,15,Personal Travel,Eco,624,5,1,5,4,2,5,2,2,3,3,4,4,2,3.23,0,0,TRUE
Male,Loyal Customer,57,Business Travel,Business,309,3,3,3,3,1,3,3,3,3,3,3,2,2,2.69,0,0,FALSE
Male,Loyal Customer,38,Business Travel,Business,3126,0,0,0,4,3,4,4,1,1,1,1,5,5,2.23,0,0,TRUE
Female,Loyal Customer,39,Business Travel,Business,1760,3,3,3,3,5,4,5,5,5,5,5,5,4,4.23,0,26,TRUE
Male,Loyal Customer,60,Business Travel,Business,224,1,1,1,1,2,5,4,5,5,5,5,4,5,3.38,0,1,TRUE
Female,Loyal Customer,44,Business Travel,Business,460,2,2,2,2,5,4,4,5,5,5,5,3,3,3.62,0,0,TRUE
Male,Loyal Customer,60,Business Travel,Business,920,2,2,2,2,2,4,5,4,4,4,4,4,3,3.23,0,0,TRUE
Female,Loyal Customer,38,Business Travel,Eco,666,3,1,1,1,3,4,3,3,2,4,3,3,3,2.62,17,28,FALSE
Male,Disloyal Customer,21,Business Travel,Eco,187,2,1,1,3,3,1,3,3,3,2,3,3,3,2.38,24,30,FALSE
Male,Loyal Customer,27,Personal Travel,Eco,481,3,4,3,3,5,3,5,5,1,5,4,3,5,3.77,0,0,FALSE
Female,Loyal Customer,24,Personal Travel,Eco Plus,158,3,5,3,2,1,3,1,1,3,4,4,5,1,2.77,0,10,FALSE
Male,Loyal Customer,19,Personal Travel,Eco,583,2,3,1,3,3,1,3,3,1,5,3,4,3,2.69,0,0,FALSE
Male,Loyal Customer,43,Personal Travel,Eco,153,1,4,1,3,4,1,4,4,4,4,4,4,4,3.23,2,0,FALSE
Female,Loyal Customer,8,Personal Travel,Eco,675,3,3,3,3,3,3,3,3,2,3,3,2,3,2.85,8,14,FALSE
Male,Loyal Customer,31,Personal Travel,Eco Plus,646,2,1,2,3,4,2,4,4,4,5,4,2,4,3.15,0,0,FALSE
Female,Loyal Customer,25,Business Travel,Business,1379,3,3,3,3,4,4,4,4,4,5,5,3,4,3.77,0,0,TRUE
Male,Loyal Customer,21,Personal Travel,Eco,109,1,5,1,4,2,1,2,2,2,1,2,5,2,2.31,0,9,FALSE
Female,Loyal Customer,51,Business Travel,Business,1590,5,5,5,5,4,4,4,4,4,4,4,5,4,4.38,20,7,TRUE
Female,Loyal Customer,42,Business Travel,Eco,646,4,4,1,1,3,4,1,4,4,4,4,1,2,2.85,11,8,TRUE
Male,Loyal Customer,23,Personal Travel,Eco,329,3,2,3,2,4,3,4,4,1,1,2,3,4,2.77,0,0,FALSE
Male,Loyal Customer,35,Personal Travel,Eco,1138,1,4,1,2,5,1,5,5,4,3,4,5,5,3.46,0,0,FALSE
Female,Loyal Customer,57,Personal Travel,Eco,1721,3,5,3,5,4,3,5,4,4,3,4,4,4,3.92,0,4,FALSE
Female,Loyal Customer,16,Personal Travel,Eco,1590,3,5,3,1,5,3,1,5,3,2,5,4,5,3.46,6,0,FALSE
Male,Loyal Customer,28,Business Travel,Business,868,4,4,4,4,4,3,4,4,5,4,4,4,4,4,0,0,TRUE
Female,Loyal Customer,28,Business Travel,Eco,605,3,4,4,4,3,3,3,3,2,4,4,3,3,3.31,19,13,FALSE
Female,Loyal Customer,24,Business Travel,Eco,864,2,2,2,2,2,2,4,2,4,2,3,3,2,2.46,6,2,FALSE
Male,Loyal Customer,45,Business Travel,Business,1702,3,3,3,3,5,4,4,5,5,5,5,4,3,4,14,10,TRUE
Male,Loyal Customer,8,Personal Travel,Eco,712,2,4,3,5,4,3,4,4,2,2,1,4,4,3.23,0,1,FALSE
Male,Loyal Customer,59,Business Travel,Business,2962,0,4,0,4,2,4,5,1,1,1,1,5,4,2.46,54,46,TRUE
Male,Loyal Customer,42,Business Travel,Business,2142,3,2,4,2,1,3,4,3,3,3,3,1,1,2.54,0,0,FALSE
Male,Loyal Customer,42,Business Travel,Business,1739,3,3,3,3,4,4,4,3,3,3,3,5,5,3.54,3,0,TRUE
Female,Loyal Customer,32,Personal Travel,Eco,90,2,3,2,3,3,2,2,3,1,1,3,1,3,2.23,0,0,FALSE
Female,Loyal Customer,53,Business Travel,Eco,130,3,2,2,2,2,4,3,3,3,3,3,1,4,2.69,14,9,FALSE
Male,Loyal Customer,45,Personal Travel,Eco,894,2,5,2,2,2,2,2,2,3,2,4,5,2,2.69,92,84,FALSE
Female,Disloyal Customer,38,Business Travel,Business,1235,2,2,2,1,4,2,4,4,4,5,5,4,4,3.31,0,0,FALSE
Male,Loyal Customer,51,Personal Travel,Eco,1482,4,4,4,3,4,4,4,4,3,4,5,3,4,3.85,0,0,TRUE
Male,Loyal Customer,68,Personal Travel,Eco,646,3,4,3,4,3,3,3,3,3,2,3,3,3,3.08,8,11,FALSE
Female,Loyal Customer,31,Business Travel,Business,223,4,4,2,4,5,5,3,5,3,3,1,2,5,3.54,12,9,TRUE
Male,Disloyal Customer,29,Business Travel,Business,160,4,4,4,4,4,4,4,4,3,3,5,4,4,3.92,5,3,TRUE
Female,Loyal Customer,42,Business Travel,Business,3176,2,2,4,2,3,5,5,5,5,5,5,5,3,3.92,0,0,TRUE
Female,Loyal Customer,60,Personal Travel,Eco,1080,2,5,2,5,4,4,4,4,4,2,4,5,4,3.77,0,0,FALSE
Male,Loyal Customer,23,Business Travel,Business,666,1,5,5,5,1,1,1,1,2,4,3,3,1,2.54,6,0,FALSE
Female,Loyal Customer,39,Business Travel,Business,2113,3,3,1,3,5,3,3,3,3,3,3,2,3,2.92,0,0,FALSE
Female,Loyal Customer,12,Personal Travel,Business,937,3,5,3,3,1,3,1,1,5,5,5,4,1,3.08,12,0,FALSE
Female,Loyal Customer,23,Business Travel,Business,2359,2,2,2,2,2,3,2,2,2,1,3,1,2,2,98,76,FALSE
Female,Loyal Customer,55,Business Travel,Eco Plus,816,3,4,4,4,2,3,3,3,3,3,3,3,1,3,4,0,FALSE
Female,Loyal Customer,58,Personal Travel,Eco Plus,1826,4,4,4,1,3,4,4,3,3,4,3,4,5,3.54,11,8,FALSE
Female,Loyal Customer,39,Business Travel,Business,733,4,4,5,4,5,4,5,5,5,5,5,3,5,4.54,0,0,TRUE
Female,Loyal Customer,16,Personal Travel,Eco,607,4,5,3,3,4,3,4,4,5,2,5,5,4,3.92,29,27,FALSE
Female,Loyal Customer,60,Business Travel,Eco Plus,150,5,5,1,5,3,5,5,5,5,5,5,5,4,4.46,0,2,TRUE
Male,Loyal Customer,40,Business Travel,Business,3893,3,3,3,3,3,4,4,4,4,4,5,3,4,3.62,0,0,TRUE
Female,Loyal Customer,15,Personal Travel,Eco,1133,2,4,2,1,2,2,2,2,3,5,3,3,2,2.54,65,72,FALSE
Male,Loyal Customer,50,Business Travel,Eco,986,1,2,2,2,1,1,1,1,1,1,4,1,1,1.46,0,0,FALSE
Male,Loyal Customer,35,Business Travel,Eco,157,2,3,3,3,2,2,2,2,2,5,2,3,2,2.54,0,0,TRUE
Male,Loyal Customer,37,Personal Travel,Eco,2565,2,5,2,3,2,5,4,5,2,3,2,4,4,3.31,7,0,FALSE
Female,Disloyal Customer,54,Business Travel,Eco,872,3,3,3,2,4,3,4,4,4,2,3,4,4,3.31,4,32,FALSE
Male,Loyal Customer,42,Business Travel,Business,1727,3,3,3,3,4,4,4,3,3,4,3,5,3,3.46,0,0,TRUE
Male,Loyal Customer,37,Personal Travel,Eco,1089,4,5,4,3,4,4,4,4,5,3,3,2,4,3.77,0,0,TRUE
Male,Loyal Customer,66,Personal Travel,Eco,147,3,5,3,4,2,3,2,2,5,1,4,4,2,3.08,34,26,FALSE
Male,Loyal Customer,60,Business Travel,Business,2948,3,3,3,3,3,5,4,4,4,4,4,4,5,3.77,16,14,TRUE
Female,Disloyal Customer,25,Business Travel,Eco,192,1,5,1,4,5,1,1,5,5,1,3,3,5,3.08,0,0,FALSE
Male,Loyal Customer,23,Personal Travel,Eco,325,3,3,1,4,2,1,2,2,1,3,4,2,2,2.31,69,65,FALSE
Male,Loyal Customer,44,Business Travel,Business,1807,4,4,1,4,4,4,5,2,2,2,2,5,5,3.38,0,0,TRUE
Male,Loyal Customer,50,Business Travel,Business,564,3,3,3,3,3,5,4,5,5,5,5,4,5,4.08,0,0,TRUE
Female,Disloyal Customer,22,Business Travel,Business,337,4,4,4,4,4,4,4,3,3,5,4,4,4,3.92,201,200,TRUE
Female,Disloyal Customer,43,Business Travel,Eco,145,2,3,3,1,3,3,3,3,3,5,5,3,3,3.08,22,12,FALSE
Male,Loyal Customer,45,Personal Travel,Eco,473,1,4,1,2,1,1,1,1,3,2,5,2,1,1.92,0,0,FALSE
Male,Loyal Customer,36,Business Travel,Business,1197,2,2,2,2,3,4,1,5,5,5,5,4,3,3.31,31,15,TRUE
Female,Disloyal Customer,48,Business Travel,Business,1055,2,2,2,1,3,2,3,3,5,2,4,3,3,2.69,0,0,FALSE
Female,Loyal Customer,54,Business Travel,Business,2509,4,4,4,4,3,5,4,3,3,4,3,3,3,3.62,6,0,TRUE
Female,Disloyal Customer,27,Business Travel,Eco,223,2,3,2,3,2,2,2,2,1,2,4,1,2,2.15,38,32,FALSE
Male,Loyal Customer,31,Business Travel,Business,3533,1,1,1,1,4,4,4,4,3,5,3,5,4,3.08,4,0,TRUE
Male,Loyal Customer,9,Personal Travel,Eco,2586,1,5,1,5,1,5,5,5,2,3,5,5,5,3.69,55,34,FALSE
Male,Loyal Customer,35,Personal Travel,Eco,226,2,4,2,5,5,2,5,5,3,3,4,4,5,3.77,0,4,FALSE
Female,Loyal Customer,27,Personal Travel,Eco Plus,550,3,4,3,4,4,3,4,4,4,4,3,4,4,3.69,6,0,FALSE
Male,Disloyal Customer,25,Business Travel,Eco,604,3,4,2,2,1,2,1,1,4,1,1,5,1,2.15,97,92,FALSE
Female,Loyal Customer,44,Business Travel,Business,2156,4,4,4,4,5,5,5,4,4,4,4,4,4,4.23,16,20,TRUE
Female,Loyal Customer,7,Personal Travel,Business,1605,2,5,2,2,3,2,3,3,3,4,4,3,3,3,0,0,FALSE
Female,Loyal Customer,33,Business Travel,Business,2517,5,5,5,5,3,4,4,4,4,4,4,1,2,3.85,0,0,TRUE
Male,Loyal Customer,15,Personal Travel,Eco,491,2,3,2,3,2,2,2,2,2,5,4,1,2,2.46,59,64,FALSE
Male,Loyal Customer,21,Personal Travel,Eco,475,2,3,2,1,3,2,3,3,1,3,1,5,3,2.46,55,42,FALSE
Male,Loyal Customer,35,Personal Travel,Eco,304,3,1,3,3,1,3,1,1,1,2,2,4,1,2,5,0,FALSE
Male,Loyal Customer,10,Personal Travel,Eco,583,3,4,3,5,3,3,3,3,5,4,5,4,3,3.69,39,38,FALSE
Male,Loyal Customer,40,Business Travel,Business,2224,3,3,3,3,5,4,4,2,2,3,2,4,4,3.23,0,47,TRUE
Male,Loyal Customer,59,Business Travel,Business,2399,5,5,2,5,4,3,5,5,5,5,5,5,3,4.38,8,8,TRUE
Male,Loyal Customer,39,Business Travel,Eco,296,3,2,2,2,3,3,3,3,3,2,3,3,3,2.69,2,0,FALSE
Male,Loyal Customer,59,Business Travel,Eco,794,3,3,2,3,3,3,3,3,2,2,3,5,3,2.92,14,2,TRUE
Female,Loyal Customer,44,Business Travel,Eco,557,5,4,4,4,5,5,1,5,5,5,5,3,2,4.08,1,1,TRUE
Male,Loyal Customer,53,Business Travel,Eco,2402,4,2,5,2,4,4,4,4,3,2,5,3,4,3.54,0,0,TRUE
Male,Loyal Customer,48,Personal Travel,Business,569,4,2,4,2,5,3,3,4,4,4,4,2,1,3.23,0,0,FALSE
Male,Loyal Customer,59,Business Travel,Business,501,4,4,4,4,3,5,5,2,2,2,2,3,4,3.38,18,33,TRUE
Male,Loyal Customer,27,Personal Travel,Eco,2077,2,2,2,2,2,2,2,2,1,1,2,4,2,2,0,0,FALSE
Male,Loyal Customer,48,Business Travel,Business,2965,2,2,2,2,2,3,4,4,4,4,4,4,2,3,12,21,TRUE
Male,Loyal Customer,38,Business Travel,Business,3699,4,4,4,4,4,4,5,3,3,3,3,5,4,3.85,5,0,TRUE
Male,Disloyal Customer,25,Business Travel,Eco,679,4,4,4,5,2,4,2,2,1,4,3,4,2,3.15,81,78,TRUE
Female,Disloyal Customer,22,Business Travel,Business,407,5,0,5,2,5,5,5,5,4,4,4,3,5,4,22,14,TRUE
Female,Loyal Customer,23,Personal Travel,Eco,1514,4,2,4,3,1,4,2,1,2,2,4,2,1,2.46,0,0,FALSE
Male,Loyal Customer,39,Business Travel,Business,266,0,0,0,4,3,3,1,1,1,1,1,5,2,1.69,0,0,TRUE
Male,Loyal Customer,57,Business Travel,Business,1149,3,3,3,3,3,5,4,5,5,5,5,5,4,4.08,0,1,TRUE
Male,Loyal Customer,50,Business Travel,Eco,986,4,3,3,3,4,4,4,4,3,3,1,2,4,3.23,0,0,TRUE
Female,Disloyal Customer,30,Business Travel,Business,999,3,3,3,2,5,3,1,5,3,5,5,5,5,3.69,3,0,FALSE
Female,Loyal Customer,40,Business Travel,Business,220,5,5,5,5,3,5,5,5,5,4,4,3,4,4.46,9,0,TRUE
Female,Loyal Customer,48,Personal Travel,Eco Plus,271,3,1,3,3,3,3,2,2,2,3,2,3,2,2.46,0,0,FALSE
Male,Loyal Customer,22,Personal Travel,Eco,500,2,4,2,4,4,2,4,4,3,3,3,3,4,3.23,0,11,FALSE
Female,Disloyal Customer,21,Business Travel,Eco,317,1,2,1,4,3,1,3,3,1,2,4,2,3,2.31,45,48,FALSE
Female,Loyal Customer,49,Business Travel,Business,3133,2,2,2,2,3,5,5,4,4,4,4,5,5,3.62,0,0,TRUE
Female,Loyal Customer,61,Personal Travel,Eco,1111,1,5,1,3,3,4,4,2,2,1,2,4,5,2.85,0,1,FALSE
Male,Loyal Customer,41,Business Travel,Business,328,2,2,2,2,2,5,5,4,4,4,4,2,1,3,6,2,TRUE
Male,Loyal Customer,33,Business Travel,Business,3710,4,4,4,4,4,4,4,4,2,2,3,4,4,3.62,7,0,FALSE
Female,Loyal Customer,60,Business Travel,Business,2869,1,1,1,1,4,4,4,3,3,3,3,3,5,2.77,0,2,TRUE
Female,Disloyal Customer,36,Business Travel,Business,1182,1,1,1,3,4,1,4,4,4,3,5,5,4,3.08,0,5,FALSE
Female,Loyal Customer,48,Business Travel,Eco,481,5,1,1,1,2,5,1,5,5,5,5,1,5,3.23,0,0,TRUE
Male,Loyal Customer,42,Personal Travel,Business,647,3,2,3,1,5,1,1,2,2,3,4,2,4,2.54,0,0,FALSE
Female,Loyal Customer,39,Personal Travel,Eco,645,1,3,1,3,1,1,1,1,2,3,3,1,1,1.69,45,37,FALSE
Female,Loyal Customer,34,Personal Travel,Eco,175,5,5,5,4,2,5,5,2,4,3,4,4,2,3.85,3,5,TRUE
Male,Loyal Customer,46,Business Travel,Business,3026,1,1,1,1,4,5,5,5,5,5,5,5,3,3.54,0,0,TRUE
Female,Loyal Customer,38,Business Travel,Business,600,2,2,2,2,4,4,4,2,2,2,2,5,4,2.85,0,5,TRUE
Female,Loyal Customer,30,Business Travel,Business,3024,4,2,2,2,4,4,4,4,4,2,4,4,4,3.38,69,60,FALSE
Female,Loyal Customer,48,Business Travel,Business,3329,2,2,2,2,3,4,4,5,5,5,5,4,5,3.69,0,0,TRUE
Male,Loyal Customer,43,Business Travel,Business,3221,1,1,1,1,4,5,5,4,4,4,4,3,5,3.23,11,0,TRUE
Female,Loyal Customer,35,Business Travel,Eco,160,2,1,3,1,2,2,2,2,2,3,3,2,2,2.08,0,0,FALSE
Female,Loyal Customer,43,Personal Travel,Eco Plus,852,3,4,3,3,3,5,4,3,3,3,3,3,4,3.38,48,35,FALSE
Male,Loyal Customer,34,Business Travel,Business,1940,2,3,3,3,4,3,3,2,2,2,2,3,3,2.69,90,90,FALSE
Female,Disloyal Customer,17,Business Travel,Eco,878,1,2,2,3,4,1,4,4,5,3,5,4,4,3.23,0,0,FALSE
Female,Disloyal Customer,44,Business Travel,Eco Plus,101,2,2,2,4,1,2,1,1,3,1,2,5,1,2.08,0,0,FALSE
Male,Loyal Customer,51,Business Travel,Eco,226,2,3,3,3,2,2,2,2,4,5,3,1,2,2.62,41,34,FALSE
Female,Loyal Customer,42,Business Travel,Business,2122,2,5,5,5,5,3,3,2,2,2,2,3,2,3.15,0,6,FALSE
Male,Loyal Customer,44,Business Travel,Eco,202,1,5,4,5,1,1,1,1,1,4,3,1,1,2.23,33,37,FALSE
Female,Loyal Customer,9,Personal Travel,Eco,488,1,0,1,1,4,1,4,4,5,4,4,3,4,2.77,0,0,FALSE
Female,Disloyal Customer,22,Business Travel,Eco,1416,2,1,1,1,2,2,2,2,4,2,5,4,2,2.31,16,16,FALSE
Female,Disloyal Customer,34,Business Travel,Business,429,1,0,0,2,3,0,3,3,5,2,4,3,3,2.23,14,9,FALSE
Male,Loyal Customer,47,Business Travel,Business,2081,3,3,3,3,4,4,4,5,5,5,5,3,5,4,8,3,TRUE
Female,Loyal Customer,69,Personal Travel,Eco,224,3,4,0,4,3,5,5,2,2,0,5,3,5,3.15,0,11,FALSE
Male,Loyal Customer,45,Business Travel,Business,802,3,3,3,3,4,3,4,3,3,3,3,3,3,3.15,26,24,FALSE
Female,Disloyal Customer,27,Business Travel,Eco Plus,447,2,1,1,4,4,1,4,4,2,1,3,2,4,2.54,14,0,FALSE
Female,Loyal Customer,40,Business Travel,Business,2887,1,1,1,1,4,4,4,5,5,5,5,4,4,3.38,0,0,TRUE
Male,Loyal Customer,30,Business Travel,Business,501,2,2,2,2,2,2,2,2,1,2,2,5,2,2.15,0,0,TRUE
Female,Loyal Customer,51,Personal Travel,Eco,134,1,5,1,2,3,5,4,1,1,1,1,4,4,2.54,0,0,FALSE
Female,Disloyal Customer,24,Business Travel,Eco,1233,4,4,4,1,4,5,5,4,5,4,4,5,5,4.15,0,0,TRUE
Male,Loyal Customer,31,Business Travel,Business,3591,3,4,4,4,3,3,3,3,2,2,2,4,3,3.08,0,0,FALSE
Female,Loyal Customer,37,Business Travel,Eco Plus,226,2,3,3,3,2,2,2,2,1,4,3,2,2,2.38,0,0,FALSE
Male,Loyal Customer,32,Business Travel,Business,447,5,5,5,5,5,4,5,5,3,5,4,3,5,4.54,123,128,TRUE
Male,Loyal Customer,37,Business Travel,Eco Plus,173,2,3,3,3,2,3,2,2,3,5,3,1,2,2.62,0,0,FALSE
Male,Disloyal Customer,27,Business Travel,Business,229,2,2,2,1,4,2,4,4,1,3,1,5,4,2.69,0,0,FALSE
Male,Loyal Customer,48,Business Travel,Business,1971,3,3,3,3,3,3,3,4,3,3,2,3,3,3,140,208,FALSE
Female,Disloyal Customer,26,Business Travel,Eco,1773,2,2,2,4,1,2,1,1,3,1,3,4,1,2.08,54,44,FALSE
Male,Loyal Customer,31,Personal Travel,Eco,190,2,5,2,5,5,2,3,5,5,3,4,3,5,3.77,0,0,FALSE
Male,Loyal Customer,56,Personal Travel,Eco,748,2,5,1,4,3,1,3,3,5,5,5,3,3,3.31,10,31,FALSE
Female,Disloyal Customer,27,Business Travel,Business,606,1,1,1,4,1,1,1,1,3,5,4,4,1,2.15,39,46,FALSE
Female,Loyal Customer,9,Personal Travel,Eco,2583,2,2,2,3,2,5,5,2,4,3,4,5,5,3.38,46,33,FALSE
Female,Loyal Customer,20,Personal Travel,Eco Plus,1024,2,1,2,3,3,2,3,3,3,3,2,3,3,2.54,4,18,FALSE
Female,Disloyal Customer,37,Business Travel,Eco,190,3,1,3,3,2,3,2,2,4,3,4,4,2,2.77,0,0,FALSE
Female,Loyal Customer,15,Personal Travel,Eco,402,3,1,3,3,3,3,3,3,2,5,2,1,3,2.69,7,2,FALSE
Male,Loyal Customer,11,Personal Travel,Eco Plus,802,3,1,3,2,3,3,3,3,1,3,2,2,3,2.46,0,0,FALSE
Male,Loyal Customer,35,Business Travel,Business,3595,4,4,4,4,1,3,4,5,5,4,5,4,4,3.92,4,2,TRUE
Male,Loyal Customer,28,Business Travel,Business,1730,1,1,1,1,5,5,5,5,4,4,4,5,5,3.54,0,0,TRUE
Female,Loyal Customer,23,Personal Travel,Eco,666,3,0,3,5,3,3,3,3,5,3,5,3,3,3.23,0,0,FALSE
Male,Loyal Customer,44,Personal Travel,Eco,859,1,5,1,3,2,1,2,2,5,4,4,4,2,2.77,50,34,FALSE
Male,Loyal Customer,43,Business Travel,Business,765,1,2,2,2,4,3,2,1,1,1,1,1,4,1.92,2,0,FALSE
Female,Loyal Customer,40,Business Travel,Eco Plus,359,5,4,1,4,5,5,5,5,4,4,1,2,5,3.85,0,0,TRUE
Female,Loyal Customer,39,Personal Travel,Eco,964,4,4,4,3,2,4,2,2,5,3,4,5,2,3.38,17,0,TRUE
Female,Loyal Customer,29,Business Travel,Business,332,1,1,1,1,5,5,5,5,5,1,4,3,5,3.23,0,0,TRUE
Female,Loyal Customer,68,Business Travel,Business,3695,4,4,4,4,1,3,4,5,5,4,5,1,5,3.77,0,0,TRUE
Female,Loyal Customer,30,Personal Travel,Eco,844,3,4,3,4,1,3,1,1,1,3,3,2,1,2.31,2,0,FALSE
Male,Loyal Customer,41,Business Travel,Business,1235,3,3,3,3,4,5,4,5,5,5,5,5,3,4.08,0,0,TRUE
Female,Loyal Customer,58,Business Travel,Business,2504,4,4,4,4,2,4,4,4,4,4,4,3,4,3.77,0,0,TRUE
Male,Loyal Customer,58,Business Travel,Eco Plus,1363,3,4,4,4,3,3,3,3,4,4,4,2,3,3.38,5,6,FALSE
Male,Loyal Customer,19,Personal Travel,Eco,493,5,5,5,1,3,5,3,3,4,5,4,3,3,3.77,0,0,TRUE
Female,Disloyal Customer,20,Business Travel,Eco,110,1,4,1,3,4,1,5,4,4,1,4,1,4,2.85,0,7,FALSE
Female,Loyal Customer,37,Business Travel,Business,3165,3,3,3,3,2,5,5,4,4,4,4,4,3,3.62,0,0,TRUE
Male,Loyal Customer,63,Business Travel,Business,3579,2,1,1,1,5,3,4,1,1,1,2,4,2,2.15,11,0,FALSE
Female,Loyal Customer,42,Personal Travel,Eco,1304,2,2,2,3,3,3,3,1,1,2,1,3,3,2.23,0,0,FALSE
Male,Loyal Customer,48,Business Travel,Business,3326,1,1,5,1,2,5,4,4,4,4,4,4,3,3.23,0,0,TRUE
Male,Loyal Customer,39,Personal Travel,Eco,332,3,5,4,4,2,4,2,2,1,4,2,1,2,2.77,43,29,FALSE
Male,Loyal Customer,58,Personal Travel,Eco,239,4,5,4,3,5,4,5,5,4,2,4,4,5,4.15,2,0,FALSE
Female,Loyal Customer,46,Business Travel,Business,255,4,5,4,4,5,4,5,4,4,4,4,5,5,4.38,0,0,TRUE
Male,Loyal Customer,45,Personal Travel,Eco,986,1,5,1,4,1,1,1,1,4,5,4,5,1,2.62,28,0,FALSE
Male,Disloyal Customer,36,Business Travel,Eco,591,4,5,5,1,5,5,5,5,4,4,1,1,5,3.85,1,0,FALSE
Male,Loyal Customer,47,Business Travel,Eco,2475,2,5,5,5,2,2,2,2,2,2,4,2,2,2.85,0,3,FALSE
Female,Loyal Customer,47,Business Travel,Business,1545,1,1,1,1,3,5,4,5,5,5,5,4,3,3.31,0,0,TRUE
Female,Disloyal Customer,27,Business Travel,Business,1089,3,3,3,3,1,3,1,1,3,3,4,3,1,2.46,0,0,FALSE
Male,Loyal Customer,60,Personal Travel,Business,358,1,5,1,2,4,4,5,5,5,1,5,4,3,3.46,1,15,FALSE
Female,Loyal Customer,60,Personal Travel,Eco,503,3,3,3,4,4,3,4,1,1,3,1,3,4,2.85,0,0,FALSE
Male,Loyal Customer,49,Business Travel,Business,2847,5,5,5,5,4,4,4,2,2,2,2,3,4,3.62,0,0,TRUE
Female,Disloyal Customer,26,Business Travel,Eco,403,4,4,4,3,4,4,4,4,4,3,4,4,4,3.85,0,0,TRUE
Male,Loyal Customer,65,Business Travel,Eco Plus,204,3,4,4,4,3,3,3,3,1,3,4,1,3,3,0,0,FALSE
Male,Disloyal Customer,23,Business Travel,Eco,236,3,0,3,2,3,3,3,3,5,3,4,4,3,3,4,3,FALSE
Male,Loyal Customer,37,Personal Travel,Eco Plus,849,3,1,3,3,5,3,5,5,3,1,3,3,5,3.31,42,27,FALSE
Male,Loyal Customer,69,Personal Travel,Eco,373,2,0,2,5,2,2,2,2,4,4,5,5,2,2.85,0,0,FALSE
Female,Loyal Customer,23,Business Travel,Eco Plus,489,4,2,2,2,4,4,4,3,3,4,3,4,4,3.31,205,225,FALSE
Male,Loyal Customer,58,Business Travel,Eco Plus,579,1,5,5,5,1,1,1,1,4,3,3,2,1,2.54,84,76,FALSE
Female,Loyal Customer,53,Personal Travel,Business,329,2,3,1,1,2,4,1,2,2,1,4,1,5,2.23,0,0,FALSE
Male,Loyal Customer,22,Personal Travel,Eco,1276,4,4,3,1,4,3,4,4,4,4,5,5,4,3.77,0,0,TRUE
Male,Loyal Customer,61,Business Travel,Eco,319,5,2,2,2,5,5,5,5,5,4,2,4,5,3.92,5,0,TRUE
Male,Loyal Customer,45,Business Travel,Business,3618,4,4,4,4,3,5,4,4,4,4,4,5,3,4,0,0,TRUE
Male,Loyal Customer,28,Personal Travel,Eco,351,3,5,3,1,5,3,5,5,3,2,4,5,5,3.77,0,0,FALSE
Male,Loyal Customer,47,Business Travel,Business,1759,4,4,3,4,4,4,4,5,5,5,5,4,3,4.15,12,6,TRUE
Female,Disloyal Customer,11,Business Travel,Eco,986,2,2,2,1,3,2,5,3,4,4,2,2,3,2.69,0,0,FALSE
Female,Disloyal Customer,23,Business Travel,Eco,615,3,0,3,5,1,3,1,1,4,5,1,4,1,2.46,68,44,FALSE
Female,Loyal Customer,54,Business Travel,Business,2031,5,5,2,5,4,4,5,5,5,5,5,5,4,4.54,33,20,TRUE
Female,Loyal Customer,50,Business Travel,Eco Plus,867,2,3,3,3,3,3,3,2,2,2,2,3,1,2.46,34,32,FALSE
Female,Loyal Customer,47,Personal Travel,Eco,391,1,4,1,2,5,5,4,2,2,1,2,5,5,3,0,0,FALSE
Female,Loyal Customer,29,Personal Travel,Eco,584,3,3,3,4,3,3,3,3,3,1,4,2,3,2.92,0,0,FALSE
Male,Loyal Customer,36,Business Travel,Business,3284,3,4,5,5,4,3,3,3,3,2,3,3,4,3.46,46,36,FALSE
Male,Loyal Customer,44,Personal Travel,Eco,1721,3,5,2,2,5,2,5,5,5,3,4,3,5,3.77,13,0,FALSE
Female,Disloyal Customer,35,Business Travel,Eco,409,1,0,1,2,5,1,4,5,1,3,4,3,5,2.69,109,108,FALSE
Female,Loyal Customer,47,Personal Travel,Eco,719,3,4,3,5,5,5,5,2,2,3,2,5,3,3.62,0,4,FALSE
Male,Loyal Customer,11,Personal Travel,Eco,522,4,4,4,2,1,4,1,1,5,2,4,3,1,2.77,35,29,TRUE
Male,Loyal Customer,48,Business Travel,Business,2318,5,2,5,5,5,4,5,4,4,4,4,3,4,4.15,11,1,TRUE
Female,Loyal Customer,20,Personal Travel,Eco,109,2,3,2,1,5,2,1,5,5,2,1,4,5,2.92,3,8,FALSE
Male,Loyal Customer,60,Business Travel,Business,2427,4,1,1,1,4,2,2,4,4,4,4,3,3,2.85,0,0,FALSE
Male,Loyal Customer,38,Business Travel,Eco,305,5,4,4,4,5,5,5,5,4,2,3,5,5,4.31,0,0,TRUE
Female,Loyal Customer,20,Business Travel,Business,2342,2,3,3,3,2,2,2,2,3,1,4,4,2,2.54,5,7,FALSE
Female,Loyal Customer,25,Personal Travel,Eco,666,2,3,2,3,2,2,2,2,4,4,1,3,2,2.46,0,0,FALSE
Female,Disloyal Customer,32,Business Travel,Business,483,1,1,1,1,1,1,1,1,3,3,5,5,1,1.92,7,0,FALSE
Male,Disloyal Customer,22,Business Travel,Eco,453,4,0,3,1,1,3,1,1,5,4,1,3,1,2.15,8,0,FALSE
Male,Loyal Customer,57,Personal Travel,Eco,641,3,1,3,2,3,3,3,3,2,5,2,4,3,2.85,128,115,FALSE
Female,Loyal Customer,36,Personal Travel,Eco,1172,2,3,2,4,2,2,2,2,2,2,2,3,2,2.31,0,0,FALSE
Male,Disloyal Customer,20,Business Travel,Business,1379,0,0,0,4,4,0,1,4,5,4,5,4,4,2.69,0,0,TRUE
Female,Loyal Customer,57,Business Travel,Business,1618,3,3,3,3,3,1,2,5,5,5,5,3,1,3.23,32,45,TRUE
Male,Loyal Customer,7,Personal Travel,Eco Plus,1072,3,2,3,3,3,3,3,2,5,4,3,3,3,3.08,158,144,FALSE
Female,Loyal Customer,44,Business Travel,Eco,649,4,5,5,5,2,1,2,4,4,4,4,3,1,3.38,0,1,TRUE
Male,Loyal Customer,51,Business Travel,Business,404,5,5,5,5,2,4,5,5,5,5,5,4,3,4.46,0,0,TRUE
Male,Loyal Customer,12,Personal Travel,Eco,1303,2,5,2,3,3,2,4,3,4,2,4,5,3,3.23,0,0,FALSE
Female,Disloyal Customer,19,Business Travel,Eco,425,4,0,5,2,5,5,5,5,4,4,4,5,5,4.08,0,0,TRUE
Female,Loyal Customer,17,Personal Travel,Eco,2172,3,3,3,3,5,3,5,5,4,4,3,2,5,3.69,5,0,FALSE
Male,Disloyal Customer,26,Business Travel,Business,189,0,4,0,2,5,0,5,5,5,2,5,4,5,3.23,0,0,TRUE
Female,Loyal Customer,46,Personal Travel,Business,201,2,4,2,4,2,3,4,4,4,2,4,3,1,3,6,0,FALSE
Female,Disloyal Customer,38,Business Travel,Business,808,2,3,3,5,4,3,4,4,4,3,5,3,4,3.62,0,0,FALSE
Female,Loyal Customer,27,Business Travel,Business,1589,4,4,4,4,4,4,4,4,4,5,4,5,4,4.15,0,0,TRUE
Male,Loyal Customer,50,Personal Travel,Eco,459,2,5,2,3,1,2,1,1,4,5,4,3,1,2.62,21,30,FALSE
Female,Loyal Customer,42,Business Travel,Business,2030,4,4,4,4,2,4,5,5,5,5,5,3,4,4.15,0,0,TRUE
Male,Loyal Customer,29,Business Travel,Business,2475,1,1,1,1,4,4,4,4,3,5,5,3,4,3.08,0,0,TRUE
Female,Loyal Customer,24,Personal Travel,Eco Plus,612,1,5,1,1,4,1,4,4,5,5,4,4,4,3.31,0,1,FALSE
Female,Loyal Customer,39,Business Travel,Business,2153,4,3,4,4,2,5,5,4,4,4,4,4,5,4,0,0,TRUE
Female,Loyal Customer,40,Business Travel,Eco,228,5,5,5,5,5,5,5,5,5,2,1,1,5,4.15,0,0,TRUE
Male,Loyal Customer,43,Business Travel,Business,3728,2,2,2,2,3,5,5,5,5,5,5,5,5,3.92,0,0,TRUE
Male,Loyal Customer,39,Business Travel,Business,603,3,3,3,3,5,5,4,5,5,5,5,3,4,4.08,18,6,TRUE
Male,Loyal Customer,52,Business Travel,Eco,667,4,4,5,4,4,4,4,4,1,4,1,4,4,3.62,0,0,TRUE
Male,Loyal Customer,26,Business Travel,Business,2026,3,3,3,3,4,4,4,4,4,2,5,4,4,3.62,19,100,TRUE
Male,Loyal Customer,45,Business Travel,Business,1650,4,4,4,4,1,5,2,4,4,4,5,5,3,3.77,0,0,TRUE
Male,Loyal Customer,33,Personal Travel,Eco Plus,408,3,5,5,2,2,5,2,2,5,2,5,3,2,3.31,2,0,FALSE
Male,Loyal Customer,45,Business Travel,Business,406,3,3,3,3,3,5,4,3,3,4,3,3,4,3.38,0,0,TRUE
Male,Loyal Customer,19,Personal Travel,Business,1180,3,5,3,2,4,3,1,4,5,5,4,3,4,3.54,0,0,FALSE
Male,Loyal Customer,48,Business Travel,Business,1618,4,4,4,4,3,3,5,4,4,4,4,4,5,4,0,0,TRUE
Female,Loyal Customer,30,Business Travel,Business,3015,5,5,5,5,4,4,4,4,1,5,1,4,4,3.92,0,0,TRUE
Female,Loyal Customer,34,Business Travel,Business,1008,1,1,1,1,5,4,2,2,2,2,2,3,2,2.15,0,0,TRUE
Female,Loyal Customer,22,Business Travel,Eco,563,4,2,2,2,4,4,4,4,3,5,1,2,4,3.15,2,0,TRUE
Female,Loyal Customer,58,Business Travel,Business,455,3,1,1,1,1,4,4,3,3,3,3,1,3,2.38,6,19,FALSE
Female,Loyal Customer,70,Personal Travel,Eco,853,1,4,1,2,2,4,4,1,1,1,1,4,4,2.31,0,0,FALSE
Male,Loyal Customer,65,Personal Travel,Eco,545,3,3,3,4,5,3,5,5,2,5,4,1,5,3.69,0,0,FALSE
Male,Loyal Customer,35,Personal Travel,Eco,262,2,2,2,3,2,2,1,2,2,3,3,1,2,2.08,50,53,FALSE
Female,Loyal Customer,27,Personal Travel,Eco,220,0,3,0,3,5,0,5,5,2,2,2,1,5,2.54,0,0,TRUE
Male,Loyal Customer,57,Personal Travel,Eco,1438,2,1,2,2,1,2,1,1,1,5,3,3,1,1.92,29,31,FALSE
Female,Loyal Customer,57,Business Travel,Business,1021,3,3,3,3,5,5,4,4,4,4,4,3,5,3.85,86,82,TRUE
Female,Disloyal Customer,38,Business Travel,Eco,357,2,1,2,4,2,2,2,2,1,5,3,4,2,2.46,0,0,FALSE
Female,Loyal Customer,49,Personal Travel,Business,2556,4,2,3,4,3,1,1,2,3,4,4,1,1,2.54,0,2,FALSE
Male,Loyal Customer,51,Business Travel,Eco Plus,371,4,1,4,1,4,4,4,4,3,5,1,4,4,3.31,174,160,TRUE
Female,Loyal Customer,67,Personal Travel,Eco,1072,3,1,3,3,1,3,3,1,1,3,1,4,1,2.15,6,12,FALSE
Male,Loyal Customer,33,Business Travel,Business,1788,5,5,5,5,4,4,4,4,5,4,4,3,4,4.31,40,35,TRUE
Female,Loyal Customer,62,Business Travel,Business,1538,2,2,2,2,2,3,3,5,5,5,5,5,5,3.54,0,0,TRUE
Male,Loyal Customer,47,Business Travel,Business,2122,2,2,2,2,2,5,5,5,5,5,5,4,5,3.77,59,64,TRUE
Female,Loyal Customer,25,Business Travel,Business,1599,2,1,1,1,2,2,2,2,2,3,4,2,2,2,0,0,FALSE
Female,Disloyal Customer,25,Business Travel,Business,554,3,2,3,4,4,3,4,4,1,5,3,4,4,3.38,9,0,FALSE
Male,Loyal Customer,44,Personal Travel,Eco,707,3,4,3,3,1,3,1,1,5,4,5,4,1,2.92,0,0,FALSE
Female,Loyal Customer,25,Business Travel,Business,2309,3,3,3,3,4,4,4,4,5,3,5,3,4,3.69,35,23,TRUE
Male,Loyal Customer,58,Business Travel,Business,1526,4,3,4,3,4,4,4,4,4,4,4,1,1,3.38,11,5,FALSE
Male,Loyal Customer,62,Personal Travel,Eco,1012,2,1,2,4,1,2,1,1,4,3,4,1,1,2.08,0,6,FALSE
Female,Loyal Customer,45,Personal Travel,Eco Plus,271,4,5,4,5,2,4,5,4,4,4,4,5,5,4.23,6,2,TRUE
Male,Loyal Customer,68,Business Travel,Eco,192,4,3,5,3,4,4,4,4,2,2,2,1,4,3.23,0,0,FALSE
Female,Loyal Customer,57,Business Travel,Eco,1919,2,5,5,5,2,2,2,1,2,4,3,2,2,2.85,179,157,FALSE
Male,Loyal Customer,56,Business Travel,Eco,285,4,4,4,4,4,4,4,4,1,3,4,1,4,3.46,0,0,FALSE
Male,Loyal Customer,48,Business Travel,Business,912,4,4,4,4,4,5,4,5,5,5,5,4,3,4.31,0,0,TRUE
Male,Loyal Customer,30,Business Travel,Eco Plus,101,2,3,3,3,2,2,2,2,1,5,4,4,2,2.69,0,0,FALSE
Female,Disloyal Customer,22,Business Travel,Business,372,4,0,4,3,5,4,1,5,5,5,5,4,5,3.85,1,0,TRUE
Female,Loyal Customer,12,Personal Travel,Eco,1055,2,5,2,3,4,2,1,4,3,3,5,3,4,3.15,0,3,FALSE
Male,Loyal Customer,17,Personal Travel,Eco,187,2,5,2,1,2,2,2,2,3,2,5,4,2,2.62,0,0,FALSE
Female,Loyal Customer,55,Business Travel,Business,2366,4,4,4,4,3,4,5,4,4,4,4,5,4,4.08,0,0,TRUE
Female,Loyal Customer,43,Business Travel,Business,3474,5,5,5,5,3,4,5,4,4,4,4,4,5,4.38,5,9,TRUE
Female,Disloyal Customer,27,Business Travel,Eco,355,1,1,1,3,1,1,1,1,4,1,3,2,1,1.62,0,0,FALSE
Male,Loyal Customer,60,Business Travel,Business,674,2,2,2,2,2,4,5,5,5,5,5,3,4,3.54,25,7,TRUE
Female,Loyal Customer,16,Personal Travel,Eco,892,2,5,2,2,2,2,2,2,4,2,5,3,2,2.69,0,15,FALSE
Female,Loyal Customer,34,Personal Travel,Eco,1047,2,5,2,4,5,2,5,5,3,4,5,4,5,3.92,0,0,FALSE
Male,Loyal Customer,25,Business Travel,Business,2922,1,1,1,1,5,5,5,5,3,3,4,5,5,3.38,16,14,TRUE
Male,Loyal Customer,61,Personal Travel,Business,896,2,3,2,3,2,3,2,5,5,2,5,3,5,3.23,35,23,FALSE
Male,Loyal Customer,45,Personal Travel,Eco Plus,448,3,3,3,4,2,3,1,2,3,3,3,3,2,2.69,48,35,FALSE
Female,Loyal Customer,71,Business Travel,Eco,209,3,5,5,5,2,3,3,3,3,3,3,1,1,3.08,0,0,FALSE
Female,Loyal Customer,50,Business Travel,Business,1609,2,3,3,3,3,2,3,2,2,2,2,1,4,2.46,0,0,FALSE
Female,Loyal Customer,52,Personal Travel,Eco,453,1,5,1,1,3,4,4,3,3,1,3,3,4,2.77,0,0,FALSE
Male,Loyal Customer,14,Personal Travel,Eco,227,2,4,0,3,2,0,4,2,3,2,4,3,2,2.38,0,0,FALSE
Male,Loyal Customer,47,Business Travel,Business,2707,2,2,2,2,2,4,4,5,5,5,5,5,4,3.62,0,0,TRUE
Male,Loyal Customer,59,Personal Travel,Eco,587,5,3,5,3,2,5,5,2,3,1,3,4,2,3.31,11,5,TRUE
Female,Loyal Customer,62,Business Travel,Eco,1089,1,4,2,4,1,3,3,1,1,1,1,4,1,2.08,10,2,FALSE
Female,Loyal Customer,28,Business Travel,Business,2018,2,5,2,2,4,4,4,4,5,3,5,1,4,3.46,65,86,TRUE
Female,Loyal Customer,46,Business Travel,Business,2934,4,4,1,4,4,3,3,5,3,4,5,3,3,3.54,229,257,TRUE
Female,Disloyal Customer,24,Business Travel,Business,587,4,0,4,5,2,4,2,2,3,2,4,5,2,3,0,0,TRUE
Female,Disloyal Customer,40,Business Travel,Business,641,3,3,3,3,2,3,4,2,5,4,5,3,2,3.23,46,46,FALSE
Male,Disloyal Customer,43,Business Travel,Eco,462,2,0,2,2,1,2,1,1,4,5,3,1,1,1.92,14,4,FALSE
Male,Loyal Customer,26,Personal Travel,Eco,1211,3,0,3,3,5,3,5,5,4,2,5,4,5,3.62,5,0,FALSE
Female,Loyal Customer,46,Personal Travel,Eco Plus,328,3,1,3,4,4,4,4,4,4,3,4,2,3,3.31,0,0,FALSE
Female,Loyal Customer,55,Business Travel,Business,2690,1,1,1,1,4,5,5,5,5,5,5,3,3,3.38,8,2,TRUE
Male,Loyal Customer,13,Personal Travel,Eco,972,3,2,2,4,2,2,2,2,3,5,3,2,2,2.62,88,99,FALSE
Male,Loyal Customer,36,Business Travel,Business,528,5,5,5,5,3,1,4,4,4,4,4,2,5,3.92,46,40,TRUE
Male,Loyal Customer,49,Personal Travel,Eco,557,1,4,1,4,1,1,4,1,3,4,5,4,4,2.85,181,246,FALSE
Male,Loyal Customer,38,Business Travel,Business,372,4,4,4,4,5,3,3,4,4,4,4,4,2,3.77,32,27,FALSE
Female,Loyal Customer,58,Business Travel,Business,1620,1,3,3,3,3,3,2,1,1,1,1,3,1,2,0,0,FALSE
Male,Loyal Customer,23,Business Travel,Eco,444,3,4,4,4,3,3,1,3,1,2,3,4,3,2.92,0,0,FALSE
Male,Disloyal Customer,27,Business Travel,Eco,404,4,0,4,3,3,4,3,3,4,4,3,3,3,3.15,0,13,FALSE
Male,Loyal Customer,44,Business Travel,Business,251,1,1,1,1,2,4,5,4,4,4,4,5,4,3.08,22,20,TRUE
Male,Loyal Customer,36,Business Travel,Business,3369,4,4,4,4,1,2,5,4,4,4,4,3,1,3.38,0,0,TRUE
Female,Loyal Customer,21,Personal Travel,Eco,404,2,4,2,3,2,2,2,2,1,4,4,3,2,2.54,4,4,FALSE
Male,Loyal Customer,60,Personal Travel,Eco,820,3,4,3,4,4,3,4,4,1,1,4,2,4,3.15,1,0,FALSE
Male,Loyal Customer,39,Business Travel,Eco,406,4,2,2,2,4,4,4,4,5,3,5,5,4,3.69,0,0,TRUE
Male,Loyal Customer,53,Business Travel,Business,2176,5,5,2,5,4,3,5,4,4,5,4,3,4,4.08,0,0,TRUE
Male,Loyal Customer,46,Business Travel,Business,1182,1,1,1,1,5,5,4,4,4,4,4,3,5,3.23,3,0,TRUE
Male,Loyal Customer,22,Business Travel,Eco,327,4,3,3,3,4,4,4,4,1,4,1,5,4,3.38,2,6,TRUE
Female,Loyal Customer,40,Business Travel,Business,2956,5,5,1,5,3,4,5,5,5,5,5,4,4,4.31,0,0,TRUE
Female,Loyal Customer,42,Business Travel,Business,90,3,2,2,2,5,4,4,4,4,4,3,3,4,3.38,0,0,FALSE
Male,Loyal Customer,59,Personal Travel,Eco,997,3,4,3,3,4,3,4,4,3,2,4,4,4,3.46,0,0,FALSE
Female,Loyal Customer,11,Personal Travel,Business,127,4,2,0,4,3,0,3,3,3,1,3,1,3,2.31,0,0,TRUE
Male,Loyal Customer,24,Business Travel,Business,2323,2,2,2,2,4,5,4,4,3,5,4,5,4,3.54,0,0,TRUE
Male,Loyal Customer,57,Personal Travel,Business,236,4,5,0,4,2,1,1,2,2,0,2,1,4,2.15,0,0,FALSE
Male,Loyal Customer,66,Personal Travel,Business,371,3,3,3,3,1,4,4,1,1,3,5,3,2,2.77,0,0,FALSE
Female,Loyal Customer,40,Business Travel,Business,2704,4,4,5,4,5,5,5,4,3,4,4,5,5,4.38,7,22,TRUE
Female,Loyal Customer,18,Personal Travel,Eco,1075,3,5,3,3,5,3,5,5,4,5,5,3,5,4.15,15,8,FALSE
Female,Loyal Customer,10,Personal Travel,Eco Plus,1050,3,4,3,4,2,3,2,2,5,5,5,5,2,3.46,0,0,FALSE
Female,Disloyal Customer,22,Business Travel,Eco,370,3,4,3,5,2,3,4,2,4,2,4,5,2,3.31,0,0,FALSE
Female,Loyal Customer,34,Personal Travel,Eco,187,3,4,0,1,2,0,2,2,4,2,4,4,2,2.31,38,37,FALSE
Female,Loyal Customer,61,Business Travel,Business,2162,2,2,2,2,4,4,3,2,2,2,2,4,1,2.46,0,0,FALSE
Female,Loyal Customer,32,Business Travel,Business,3693,2,2,2,2,2,2,2,2,3,5,4,3,2,2.54,0,1,TRUE
Female,Loyal Customer,18,Personal Travel,Eco,270,2,0,2,1,5,2,5,5,3,4,5,3,5,3.23,19,14,FALSE
Female,Loyal Customer,46,Business Travel,Business,122,3,3,3,3,4,4,4,5,5,5,4,3,3,3.77,0,0,TRUE
Male,Loyal Customer,43,Business Travel,Business,1797,1,1,1,1,3,5,5,4,4,4,4,4,3,3.08,2,0,TRUE
Female,Loyal Customer,55,Personal Travel,Eco Plus,1979,1,3,1,3,3,4,3,2,2,1,2,4,2,2.38,18,0,FALSE
Female,Loyal Customer,31,Personal Travel,Eco Plus,250,4,5,4,3,4,4,3,4,4,5,5,5,4,4.15,0,0,FALSE
Male,Loyal Customer,9,Personal Travel,Eco,436,2,5,2,4,3,2,3,3,5,5,4,3,3,3.38,0,0,FALSE
Female,Loyal Customer,54,Personal Travel,Eco,301,1,3,1,1,1,2,5,4,4,1,4,2,5,2.62,0,11,FALSE
Female,Disloyal Customer,30,Business Travel,Eco,332,2,3,2,3,1,2,1,1,1,1,3,2,1,1.77,76,85,FALSE
Male,Disloyal Customer,21,Business Travel,Eco,468,4,0,4,3,2,4,2,2,4,5,4,3,2,3,14,10,FALSE
Male,Loyal Customer,20,Personal Travel,Eco,1034,4,5,4,4,4,4,4,4,4,4,4,5,4,4.15,0,25,FALSE
Female,Loyal Customer,48,Business Travel,Business,2389,4,4,4,4,5,5,5,4,4,4,4,5,5,4.38,87,146,TRUE
Male,Loyal Customer,39,Business Travel,Business,1633,5,5,1,5,3,5,5,4,4,4,4,5,5,4.23,112,90,TRUE
Male,Loyal Customer,60,Business Travel,Business,67,4,4,4,4,3,4,5,5,5,5,4,5,5,4.38,35,49,TRUE
Male,Loyal Customer,49,Business Travel,Business,2679,1,1,1,1,5,5,4,4,4,4,4,5,3,3.23,0,0,TRUE
Female,Loyal Customer,75,Business Travel,Eco,332,4,1,4,1,2,4,5,4,4,4,4,5,3,3.46,0,0,TRUE
Female,Loyal Customer,53,Business Travel,Eco,277,4,1,1,1,5,2,4,4,4,4,4,5,1,3.08,0,0,TRUE
Female,Loyal Customer,20,Personal Travel,Eco,1076,2,1,2,3,2,1,1,2,1,2,3,1,1,1.69,135,124,FALSE
Female,Disloyal Customer,25,Business Travel,Eco,577,2,1,2,2,3,2,3,3,1,5,3,1,3,2.38,0,0,FALSE
Male,Loyal Customer,49,Business Travel,Business,3913,1,1,1,1,3,3,3,4,4,4,4,1,1,2.38,3,5,TRUE
Female,Loyal Customer,20,Business Travel,Eco,1182,2,2,2,2,2,2,1,2,2,4,3,3,2,2.23,12,0,FALSE
Female,Loyal Customer,55,Business Travel,Eco,289,3,3,3,3,4,3,4,3,3,3,3,3,2,3.08,0,0,FALSE
Female,Disloyal Customer,36,Business Travel,Eco,177,3,0,2,4,5,2,4,5,3,5,1,3,5,3.23,40,21,FALSE
Male,Loyal Customer,8,Business Travel,Eco Plus,2586,2,5,5,5,2,2,2,1,1,2,4,2,2,2.69,39,5,FALSE
Male,Loyal Customer,54,Business Travel,Eco,338,1,5,4,5,2,1,2,2,4,3,4,4,2,3,0,0,FALSE
Male,Loyal Customer,42,Personal Travel,Eco Plus,1558,1,4,1,2,5,1,5,5,5,5,3,5,5,3.62,7,0,FALSE
Female,Loyal Customer,32,Business Travel,Business,3574,1,1,1,1,4,4,4,4,3,2,5,3,4,2.85,0,0,TRUE
Male,Loyal Customer,50,Personal Travel,Eco,874,3,4,3,2,2,3,4,2,2,4,4,2,2,2.85,0,0,FALSE
Male,Loyal Customer,18,Personal Travel,Eco,109,1,4,1,4,5,1,5,5,4,4,4,4,5,3.62,1,2,FALSE
Male,Loyal Customer,51,Business Travel,Business,125,3,2,2,2,5,2,2,1,1,1,3,1,3,2.15,16,36,FALSE
Female,Loyal Customer,25,Personal Travel,Eco,391,5,4,5,3,4,5,4,4,2,4,4,1,4,3.77,5,1,TRUE
Male,Loyal Customer,46,Business Travel,Business,1724,5,5,5,5,4,4,4,4,4,4,5,3,5,4.38,0,0,TRUE
Female,Loyal Customer,36,Business Travel,Business,1389,2,2,2,2,5,4,5,5,5,5,5,5,3,3.85,0,19,TRUE
Female,Loyal Customer,39,Business Travel,Business,2363,5,5,5,5,2,4,4,5,5,4,5,5,5,4.54,15,11,TRUE
Male,Disloyal Customer,37,Business Travel,Eco,192,2,5,2,3,3,2,3,3,1,5,1,5,3,2.92,65,62,FALSE
Male,Loyal Customer,37,Business Travel,Business,2565,1,1,1,1,4,4,4,4,5,5,4,4,4,3.23,0,0,TRUE
Female,Disloyal Customer,18,Business Travel,Business,1276,4,0,4,3,2,4,2,2,3,5,4,4,2,3,0,0,TRUE
Female,Loyal Customer,50,Personal Travel,Eco,1605,2,3,2,3,4,2,3,4,4,2,3,1,3,2.77,6,19,FALSE
Female,Loyal Customer,56,Business Travel,Business,1747,5,5,5,5,5,5,5,5,4,4,4,5,5,4.77,153,145,TRUE
Female,Loyal Customer,76,Business Travel,Business,250,4,5,4,4,4,5,3,4,4,4,4,3,4,4,0,9,TRUE
Male,Loyal Customer,46,Business Travel,Business,719,1,1,1,1,4,4,5,4,4,4,4,4,4,3.15,8,0,TRUE
Male,Loyal Customer,62,Personal Travel,Eco,376,1,5,1,2,3,1,3,3,4,5,4,5,3,3.08,0,0,FALSE
Female,Disloyal Customer,20,Business Travel,Eco,139,3,5,4,2,2,4,2,2,4,5,3,1,2,3,0,0,FALSE
Female,Loyal Customer,15,Personal Travel,Eco,1107,3,4,3,5,5,3,5,5,5,5,4,3,5,4.23,57,56,FALSE
Female,Loyal Customer,52,Business Travel,Business,3367,1,1,1,1,1,4,1,4,4,4,4,4,4,2.62,0,0,TRUE
Male,Loyal Customer,46,Personal Travel,Eco,214,3,2,0,4,4,0,3,4,4,2,3,3,4,2.77,0,0,FALSE
Female,Loyal Customer,27,Business Travel,Business,1661,3,3,3,3,5,5,5,5,1,2,1,5,5,3.54,0,0,TRUE
Male,Loyal Customer,59,Business Travel,Eco,481,5,1,1,1,5,5,5,5,3,5,2,1,5,3.38,23,4,TRUE
Male,Disloyal Customer,20,Business Travel,Eco,599,1,2,1,4,4,1,4,4,1,1,3,2,4,2.46,0,0,FALSE
Female,Loyal Customer,15,Business Travel,Business,3587,3,3,3,3,2,2,2,2,4,2,4,5,2,2.85,0,0,TRUE
Female,Loyal Customer,42,Personal Travel,Eco,421,0,1,0,2,3,2,2,3,3,0,3,1,4,1.85,2,23,TRUE
Male,Loyal Customer,19,Personal Travel,Eco,2306,4,4,4,4,5,4,5,5,2,3,3,4,5,4,0,0,FALSE
Male,Loyal Customer,56,Business Travel,Business,3126,5,5,5,5,4,4,5,4,4,4,4,5,4,4.46,0,0,TRUE
Female,Loyal Customer,43,Business Travel,Business,1426,4,4,4,4,4,4,4,4,4,4,4,4,3,3.92,0,0,TRUE
Male,Loyal Customer,44,Business Travel,Business,612,4,1,4,4,5,4,4,4,4,4,4,3,4,3.77,0,0,TRUE
Male,Disloyal Customer,28,Business Travel,Eco,803,1,1,1,4,3,1,3,3,4,3,4,3,3,2.62,0,0,FALSE
Female,Loyal Customer,31,Business Travel,Eco,413,4,4,2,4,4,4,4,4,3,4,3,1,4,3.46,7,14,FALSE
Male,Loyal Customer,33,Business Travel,Business,2029,4,4,4,4,4,4,4,4,2,4,3,4,4,3.77,0,0,FALSE
Male,Loyal Customer,31,Business Travel,Business,3094,4,4,4,4,4,4,4,4,4,3,4,1,4,3.69,0,0,FALSE
Female,Disloyal Customer,38,Business Travel,Eco,130,1,2,1,4,2,1,2,2,4,5,4,1,2,2.38,43,51,FALSE
Female,Loyal Customer,49,Personal Travel,Eco Plus,480,2,5,2,1,1,2,4,5,5,2,1,1,2,2.54,1,0,FALSE
Female,Loyal Customer,51,Business Travel,Business,725,3,2,2,2,4,2,3,3,3,3,3,4,2,2.77,59,52,FALSE
Female,Disloyal Customer,27,Business Travel,Business,1514,5,5,5,1,3,5,3,3,4,5,5,4,3,3.92,13,0,TRUE
Female,Loyal Customer,31,Business Travel,Business,1236,2,2,2,2,2,2,2,2,3,5,4,1,2,2.38,19,1,TRUE
Female,Loyal Customer,57,Personal Travel,Eco,842,3,4,3,3,1,3,3,4,4,3,4,1,2,2.92,6,25,FALSE
Male,Loyal Customer,32,Business Travel,Eco,303,5,3,3,3,5,5,5,5,1,1,2,2,5,3.46,76,68,TRUE
Female,Disloyal Customer,61,Business Travel,Eco,373,3,2,3,3,2,3,2,2,1,1,3,4,2,2.38,21,33,FALSE
Male,Loyal Customer,32,Business Travel,Eco Plus,370,4,5,5,5,4,4,4,4,4,1,3,1,4,3.69,0,0,TRUE
Male,Disloyal Customer,34,Business Travel,Business,1069,1,1,1,3,5,1,5,5,4,5,3,2,5,3.15,0,0,FALSE
Male,Loyal Customer,52,Business Travel,Eco Plus,139,3,3,3,3,3,3,3,3,4,2,2,2,3,2.85,14,34,FALSE
Male,Disloyal Customer,13,Business Travel,Eco,1055,2,2,2,4,1,2,1,1,1,3,3,2,1,1.92,51,48,FALSE
Male,Loyal Customer,14,Personal Travel,Eco,546,3,3,5,1,2,5,2,2,3,5,3,1,2,2.85,0,2,FALSE
Male,Loyal Customer,27,Business Travel,Business,3406,4,4,4,4,4,4,4,4,4,3,5,5,4,4.08,0,0,TRUE
Female,Loyal Customer,51,Business Travel,Business,719,3,3,3,3,5,5,4,4,4,4,4,3,4,3.77,1,0,TRUE
Female,Loyal Customer,49,Business Travel,Business,3128,2,2,2,2,5,5,5,4,4,4,4,3,3,3.46,2,2,TRUE
Male,Loyal Customer,56,Personal Travel,Eco,848,3,4,3,2,2,3,2,2,5,3,2,5,2,2.92,0,0,FALSE
Male,Disloyal Customer,50,Business Travel,Business,159,3,3,3,2,4,3,4,4,3,4,4,4,4,3.46,0,0,TRUE
Female,Loyal Customer,14,Personal Travel,Eco,2475,5,5,5,3,1,5,1,1,1,4,5,1,1,2.92,8,7,TRUE
Male,Loyal Customer,22,Business Travel,Business,2300,1,1,1,1,2,2,2,2,5,3,4,5,2,2.38,25,12,TRUE
Female,Loyal Customer,52,Business Travel,Business,158,1,1,1,1,4,5,4,5,5,5,4,3,5,3.38,0,0,TRUE
Female,Loyal Customer,37,Business Travel,Business,1931,4,5,4,4,3,4,5,4,4,4,4,3,5,4.08,10,0,TRUE
Male,Loyal Customer,44,Business Travel,Business,2533,1,1,4,1,4,5,4,4,4,4,4,4,3,3.31,5,0,TRUE
Male,Loyal Customer,51,Business Travel,Business,991,3,3,3,3,3,4,4,3,3,3,3,1,2,2.92,0,0,FALSE
Female,Loyal Customer,39,Personal Travel,Eco,1055,2,4,2,3,2,2,2,2,3,4,4,3,2,2.69,0,0,FALSE
Female,Loyal Customer,39,Business Travel,Eco,872,4,5,5,5,4,4,4,4,1,2,3,4,4,3.77,1,0,TRUE
Male,Disloyal Customer,19,Business Travel,Eco,528,5,4,5,5,3,5,3,3,1,5,4,5,3,3.92,11,0,TRUE
Male,Disloyal Customer,28,Business Travel,Eco,337,2,1,2,4,4,2,4,4,4,1,3,1,4,2.77,15,8,FALSE
Female,Loyal Customer,57,Business Travel,Business,2343,1,1,2,1,3,4,5,4,4,4,4,3,5,3.15,0,6,TRUE
Female,Loyal Customer,17,Personal Travel,Eco,1056,3,5,3,2,4,3,4,4,4,2,4,5,4,3.62,0,0,FALSE
Male,Loyal Customer,35,Business Travel,Business,1871,5,5,5,5,4,5,4,4,4,4,4,5,4,4.46,27,34,TRUE
Female,Loyal Customer,33,Personal Travel,Eco,402,3,4,3,4,2,3,2,2,4,2,4,5,2,3.08,6,4,FALSE
Female,Loyal Customer,52,Business Travel,Business,2423,2,2,2,2,2,5,5,4,4,4,4,3,5,3.38,0,4,TRUE
Male,Loyal Customer,30,Business Travel,Business,989,1,1,5,1,4,4,4,4,5,2,5,3,4,3.31,26,42,TRUE
Male,Loyal Customer,36,Business Travel,Business,3160,2,5,5,5,4,2,3,2,2,2,2,4,2,3.08,18,27,FALSE
Female,Loyal Customer,27,Business Travel,Business,919,4,1,1,1,4,4,4,4,2,1,4,1,4,2.69,0,0,FALSE
Female,Loyal Customer,24,Personal Travel,Eco,534,3,5,2,2,4,2,1,4,5,2,5,3,4,3.23,0,9,FALSE
Male,Loyal Customer,31,Personal Travel,Eco,834,5,1,5,3,3,1,3,3,4,3,3,1,3,2.92,0,0,TRUE
Male,Loyal Customer,34,Business Travel,Business,1085,2,1,2,2,3,4,5,5,5,5,5,4,5,3.69,0,0,TRUE
Female,Loyal Customer,49,Business Travel,Business,1506,1,1,1,1,4,4,5,5,5,5,5,4,3,3.38,8,13,TRUE
Male,Loyal Customer,30,Business Travel,Business,868,4,4,4,4,5,5,5,5,3,4,4,4,5,4.31,0,7,TRUE
Male,Loyal Customer,39,Business Travel,Business,508,1,1,1,1,2,4,5,4,4,4,4,5,5,3.15,13,13,TRUE
Male,Loyal Customer,44,Business Travel,Eco,321,3,3,2,3,3,3,3,3,3,1,5,2,3,2.85,0,0,TRUE
Male,Loyal Customer,33,Personal Travel,Eco,252,2,4,2,1,4,2,4,4,5,4,4,4,4,3.38,0,0,FALSE
Male,Loyal Customer,17,Personal Travel,Eco,294,2,5,2,4,1,2,1,1,3,4,4,4,1,2.62,10,9,FALSE
Male,Loyal Customer,51,Personal Travel,Eco,192,4,5,4,2,1,4,1,1,3,2,5,3,1,2.77,16,4,FALSE
Female,Disloyal Customer,24,Business Travel,Eco,226,3,2,3,3,5,3,5,5,2,5,3,3,5,3.62,0,2,FALSE
Female,Loyal Customer,51,Business Travel,Eco,630,3,4,4,4,5,4,4,3,3,3,3,4,1,3.46,0,5,FALSE
Male,Loyal Customer,45,Business Travel,Business,147,5,4,5,5,3,5,5,4,4,4,5,4,3,4.31,126,119,TRUE
Male,Loyal Customer,21,Personal Travel,Eco Plus,416,4,4,4,3,1,4,4,1,3,5,5,5,1,3.38,5,2,FALSE
Male,Loyal Customer,48,Business Travel,Eco,948,4,4,4,4,4,4,4,4,3,1,4,4,4,3.69,42,36,FALSE
Male,Loyal Customer,16,Personal Travel,Eco,406,2,4,2,4,2,2,3,2,4,5,4,3,2,3,0,0,FALSE
Female,Loyal Customer,46,Business Travel,Eco,759,3,2,2,2,3,3,3,3,3,3,3,1,1,2.46,4,0,FALSE
Male,Disloyal Customer,20,Business Travel,Eco,1124,2,2,2,1,3,2,5,3,3,4,5,5,3,3.08,5,0,FALSE
Female,Loyal Customer,53,Personal Travel,Business,489,3,3,4,4,4,4,3,4,4,4,4,4,2,3.62,0,0,FALSE
Male,Loyal Customer,30,Business Travel,Business,2667,5,5,5,5,4,4,4,4,5,2,4,4,4,4.23,0,0,TRUE
Female,Loyal Customer,24,Personal Travel,Eco,479,3,5,3,5,2,3,2,2,5,5,3,1,2,3.15,0,0,FALSE
Female,Disloyal Customer,27,Business Travel,Business,125,5,5,5,3,1,5,1,1,3,3,5,4,1,3.23,0,0,TRUE
Male,Loyal Customer,30,Business Travel,Business,472,5,5,5,5,4,4,4,4,3,2,5,4,4,4.15,27,20,TRUE
Male,Loyal Customer,9,Business Travel,Eco,596,2,3,3,3,2,2,1,2,3,3,4,1,2,2.38,66,67,FALSE
Male,Disloyal Customer,33,Business Travel,Business,419,1,1,1,1,3,1,3,3,4,5,5,3,3,2.62,0,0,FALSE
Female,Disloyal Customer,47,Business Travel,Business,882,4,4,4,1,5,4,2,5,5,3,5,4,5,3.92,5,0,TRUE
Female,Loyal Customer,37,Personal Travel,Business,2075,4,2,4,4,1,2,3,4,4,4,4,4,2,3.23,2,0,FALSE
Male,Loyal Customer,46,Personal Travel,Eco,577,1,4,1,1,2,1,2,2,4,2,5,4,2,2.38,1,0,FALSE
Female,Loyal Customer,45,Business Travel,Business,227,5,5,5,5,3,4,4,5,5,5,5,4,4,4.54,38,36,TRUE
Female,Loyal Customer,59,Business Travel,Eco,214,4,4,4,4,2,2,2,5,5,4,5,1,4,3.54,0,11,FALSE
Female,Loyal Customer,42,Business Travel,Business,1363,2,2,2,2,5,4,4,2,2,2,2,3,4,2.77,0,0,TRUE
Female,Loyal Customer,44,Business Travel,Business,2078,2,2,2,2,3,4,5,4,4,4,4,5,4,3.46,0,0,TRUE
Male,Loyal Customer,67,Personal Travel,Eco,240,3,4,3,5,5,3,5,5,4,5,5,3,5,4.23,5,6,FALSE
Male,Loyal Customer,50,Business Travel,Eco,606,1,0,0,2,2,1,2,2,4,2,2,4,2,1.85,0,5,FALSE
Female,Loyal Customer,46,Business Travel,Business,3510,4,4,3,4,1,4,4,4,4,4,4,2,2,3.38,0,0,FALSE
Female,Loyal Customer,60,Business Travel,Business,1416,2,2,2,2,4,4,3,2,2,2,2,2,3,2.46,0,11,FALSE
Male,Loyal Customer,42,Business Travel,Business,3990,4,2,2,2,2,2,2,4,4,4,4,3,3,2.92,14,3,FALSE
Male,Loyal Customer,66,Business Travel,Business,3218,2,1,1,1,3,3,4,2,2,2,2,3,4,2.31,0,0,FALSE
Female,Disloyal Customer,25,Business Travel,Business,414,2,0,2,2,2,2,2,2,3,5,4,4,2,2.46,0,0,FALSE
Male,Disloyal Customer,37,Business Travel,Business,1739,3,3,3,3,3,3,3,3,5,2,4,4,3,3.23,4,5,FALSE
Male,Loyal Customer,20,Business Travel,Business,2255,4,4,4,4,4,3,4,4,4,3,5,5,4,4,0,0,TRUE
Female,Loyal Customer,40,Business Travel,Eco,689,1,3,3,3,1,1,1,4,4,3,2,1,1,2.15,172,191,FALSE
Male,Disloyal Customer,25,Business Travel,Business,436,2,4,3,3,5,3,5,5,5,2,5,5,5,4,6,19,FALSE
Male,Disloyal Customer,40,Business Travel,Business,447,4,3,3,3,2,3,2,2,4,2,4,5,2,3,11,0,TRUE
Female,Loyal Customer,32,Business Travel,Business,3902,4,2,4,4,4,4,4,4,4,3,4,4,4,3.77,0,3,TRUE
Female,Disloyal Customer,62,Business Travel,Business,1464,4,4,4,4,5,4,5,5,4,4,5,4,5,4.38,0,2,FALSE
Male,Disloyal Customer,29,Business Travel,Business,1183,4,4,4,3,5,4,5,5,5,4,5,1,5,4.15,0,2,TRUE
Female,Loyal Customer,55,Business Travel,Eco,188,4,1,1,1,1,3,5,5,5,4,5,2,5,3.23,0,0,TRUE
Female,Loyal Customer,35,Business Travel,Eco Plus,130,3,1,1,1,3,3,3,3,1,3,4,2,3,2.38,0,17,FALSE
Male,Loyal Customer,11,Personal Travel,Eco,153,3,3,3,1,5,3,5,5,5,4,5,1,5,3.69,0,0,FALSE
Male,Disloyal Customer,37,Business Travel,Eco Plus,1028,1,1,1,2,5,1,5,5,5,5,3,4,5,3.31,9,3,FALSE
Male,Loyal Customer,24,Personal Travel,Eco,270,2,1,2,3,5,2,5,5,3,5,2,1,5,3.15,0,0,FALSE
Male,Loyal Customer,39,Business Travel,Eco,201,3,1,4,1,3,3,3,3,5,5,4,3,3,3.15,6,5,TRUE
Male,Loyal Customer,41,Business Travel,Eco,56,5,2,2,2,5,5,5,5,3,1,4,2,5,3.54,0,0,TRUE
Male,Loyal Customer,58,Business Travel,Business,1756,2,2,2,2,2,5,5,5,5,5,5,3,4,3.62,0,1,TRUE
Male,Loyal Customer,31,Personal Travel,Eco,1050,3,4,3,3,5,3,4,5,5,3,4,5,5,4,0,0,FALSE
Male,Loyal Customer,26,Personal Travel,Eco,649,1,4,1,3,5,1,5,5,3,4,3,3,5,3.31,0,4,FALSE
Male,Loyal Customer,68,Personal Travel,Eco,1670,2,1,2,3,5,2,4,5,2,4,4,4,5,3.31,3,0,FALSE
Male,Loyal Customer,43,Personal Travel,Eco,508,2,5,2,3,2,2,2,2,4,4,4,4,2,2.92,0,0,FALSE
Female,Loyal Customer,17,Business Travel,Business,3982,3,3,5,3,3,3,3,3,1,5,3,3,3,3.15,8,9,FALSE
Female,Loyal Customer,56,Personal Travel,Eco,235,2,3,2,4,1,4,3,3,3,2,2,3,4,2.77,74,94,FALSE
Male,Loyal Customer,48,Personal Travel,Business,829,2,4,2,1,3,5,4,3,3,2,3,3,5,3.08,0,9,FALSE
Male,Loyal Customer,30,Business Travel,Eco,261,5,4,3,3,5,5,5,5,5,1,3,4,5,4.08,0,0,TRUE
Female,Loyal Customer,56,Business Travel,Business,472,1,1,1,1,4,5,4,4,4,4,4,4,5,3.23,42,61,TRUE
Female,Loyal Customer,38,Business Travel,Eco,591,4,5,5,5,4,4,4,4,3,2,4,1,4,3.77,0,7,FALSE
Male,Loyal Customer,50,Personal Travel,Eco,1005,1,3,1,3,3,1,3,3,5,5,5,2,3,2.92,0,37,FALSE
Female,Disloyal Customer,44,Business Travel,Business,2139,3,3,3,3,2,3,2,2,3,5,3,3,2,2.85,0,0,FALSE
Male,Loyal Customer,30,Personal Travel,Eco,230,2,4,0,4,2,0,2,2,1,2,4,4,2,2.23,0,0,FALSE
Male,Disloyal Customer,25,Business Travel,Eco,826,2,2,2,5,3,2,3,3,5,4,3,2,3,3,0,0,FALSE
Female,Loyal Customer,43,Business Travel,Business,323,4,4,4,4,5,4,5,5,5,5,5,3,5,4.46,0,0,TRUE
Male,Loyal Customer,22,Business Travel,Business,2734,3,3,5,3,4,4,4,4,4,2,5,3,4,3.69,0,0,TRUE
Male,Loyal Customer,43,Personal Travel,Eco,2677,4,5,4,4,4,4,4,5,4,5,5,4,4,4.31,0,0,FALSE
Female,Disloyal Customer,26,Business Travel,Business,1096,0,0,0,3,4,0,4,4,5,4,5,4,4,2.85,0,4,TRUE
Male,Loyal Customer,55,Personal Travel,Eco,561,1,4,1,2,3,1,3,3,4,5,5,3,3,2.92,0,12,FALSE
Female,Loyal Customer,35,Business Travel,Eco Plus,406,3,3,3,3,3,4,3,3,4,3,3,2,3,3.08,20,14,FALSE
Male,Loyal Customer,25,Business Travel,Eco Plus,628,2,5,5,5,2,2,4,2,4,1,3,3,2,3.08,0,0,FALSE
Female,Disloyal Customer,38,Business Travel,Eco,109,2,0,2,3,4,2,4,4,5,5,5,1,4,3.15,0,0,FALSE
Female,Loyal Customer,48,Business Travel,Business,3288,3,1,1,1,3,3,4,3,3,3,3,1,1,2.31,0,0,FALSE
Male,Loyal Customer,45,Personal Travel,Eco,227,3,4,3,2,3,3,3,3,3,4,5,3,3,3.23,0,0,FALSE
Female,Disloyal Customer,41,Business Travel,Business,235,3,3,3,3,3,3,3,3,3,5,3,4,3,3.23,9,7,FALSE
Male,Loyal Customer,58,Business Travel,Business,294,4,4,4,4,1,4,5,4,4,4,4,1,5,3.69,0,2,TRUE
Male,Disloyal Customer,48,Business Travel,Business,631,5,5,5,4,3,5,3,3,5,5,5,4,3,4.23,0,0,TRUE
Male,Loyal Customer,43,Business Travel,Business,483,4,4,4,4,5,5,4,3,3,4,3,5,3,3.92,0,0,TRUE
Male,Loyal Customer,22,Personal Travel,Eco,479,4,2,4,4,4,4,1,4,1,5,4,2,4,3.31,0,43,FALSE
Female,Loyal Customer,19,Business Travel,Eco Plus,347,5,4,4,4,5,5,5,5,4,5,3,4,5,4.46,6,0,TRUE
Male,Loyal Customer,40,Business Travel,Business,1697,2,2,2,2,5,5,5,3,3,3,3,4,5,3.38,10,0,TRUE
Female,Disloyal Customer,24,Business Travel,Eco,695,1,1,1,2,3,1,3,3,4,4,2,1,3,2.23,0,0,FALSE
Male,Loyal Customer,60,Personal Travel,Eco,819,3,1,3,4,1,3,1,1,1,4,4,1,1,2.15,15,13,FALSE
Male,Loyal Customer,21,Personal Travel,Eco,526,2,4,2,1,3,2,4,3,3,4,4,5,3,3.08,4,0,FALSE
Female,Loyal Customer,33,Business Travel,Business,2829,3,3,3,3,3,5,5,4,4,4,4,4,4,3.77,0,0,TRUE
Male,Loyal Customer,52,Personal Travel,Eco,697,2,4,2,3,5,2,2,5,1,1,3,4,5,3,0,0,FALSE
Male,Loyal Customer,50,Personal Travel,Eco,802,3,1,3,4,1,3,1,1,1,3,4,3,1,2.23,0,0,FALSE
Male,Loyal Customer,30,Business Travel,Business,308,5,5,5,5,5,5,5,5,4,1,2,3,5,4.23,2,0,TRUE
Female,Loyal Customer,52,Business Travel,Business,3734,2,3,3,3,3,2,2,2,2,2,2,3,1,2.31,11,27,FALSE
Female,Loyal Customer,50,Personal Travel,Eco,587,2,5,3,1,5,5,4,5,5,3,5,5,4,4,27,33,FALSE
Female,Loyal Customer,66,Personal Travel,Eco,337,3,5,3,4,3,1,1,2,2,3,2,4,4,2.85,0,18,FALSE
Female,Loyal Customer,53,Business Travel,Eco,425,3,2,2,2,2,5,2,2,2,3,2,1,2,2.31,0,0,TRUE
Female,Loyal Customer,26,Personal Travel,Eco,78,3,5,3,4,2,3,2,2,1,2,4,1,2,2.62,0,0,FALSE
Male,Disloyal Customer,52,Personal Travel,Eco,257,3,1,3,3,4,3,4,4,2,4,4,2,4,3.15,0,0,FALSE
Male,Loyal Customer,43,Business Travel,Business,2267,4,4,4,4,2,4,4,4,4,4,4,5,3,3.85,0,0,TRUE
Male,Disloyal Customer,45,Business Travel,Business,528,4,4,4,5,5,4,5,5,5,5,5,4,5,4.62,0,0,TRUE
Male,Loyal Customer,44,Business Travel,Business,1416,5,5,5,5,2,1,2,3,3,3,3,4,4,3.46,0,0,TRUE
Male,Loyal Customer,47,Business Travel,Business,308,4,4,4,4,5,4,4,5,5,5,5,4,3,4.31,10,20,TRUE
Female,Loyal Customer,23,Personal Travel,Eco,200,3,5,3,2,2,3,2,2,5,5,5,5,2,3.38,7,0,FALSE
Male,Loyal Customer,46,Personal Travel,Eco,355,1,4,1,4,4,1,4,4,3,2,5,4,4,3.15,10,20,FALSE
Male,Loyal Customer,39,Business Travel,Business,3121,1,1,1,1,2,4,5,5,5,5,5,4,3,3.23,1,0,TRUE
Male,Disloyal Customer,36,Business Travel,Business,408,2,2,2,5,1,2,2,1,3,5,5,4,1,2.69,64,95,FALSE
Female,Loyal Customer,62,Personal Travel,Eco,1576,0,4,0,3,2,3,4,3,3,0,2,1,4,2.23,0,0,TRUE
Male,Loyal Customer,29,Personal Travel,Eco,544,1,2,1,3,3,1,3,3,4,5,4,4,3,2.85,0,0,FALSE
Female,Disloyal Customer,26,Business Travel,Eco,892,3,3,3,3,1,3,1,1,2,2,3,3,1,2.23,0,23,FALSE
Female,Loyal Customer,30,Business Travel,Eco Plus,949,4,4,4,4,4,4,4,4,1,5,4,1,4,3.62,0,0,TRUE
Male,Disloyal Customer,20,Business Travel,Eco,1153,4,4,4,3,1,4,1,1,1,1,3,4,1,2.46,0,0,TRUE
Female,Loyal Customer,17,Business Travel,Eco Plus,583,4,3,2,3,4,4,3,4,2,4,4,1,4,3.23,125,119,FALSE
Female,Loyal Customer,47,Personal Travel,Eco,546,3,4,3,4,2,5,4,5,5,3,4,3,3,3.69,5,20,FALSE
Female,Loyal Customer,44,Personal Travel,Eco,516,1,4,4,2,5,5,5,5,5,4,5,5,4,4.15,3,0,FALSE
Female,Loyal Customer,48,Business Travel,Business,3949,3,2,2,2,1,1,1,3,3,3,3,2,1,2.08,13,22,FALSE
Female,Loyal Customer,15,Personal Travel,Eco,1145,2,1,2,3,1,2,1,1,2,1,3,2,1,1.69,57,69,FALSE
Female,Loyal Customer,44,Business Travel,Eco,692,4,5,2,5,2,2,2,4,4,4,4,3,3,3.38,0,0,FALSE
Male,Loyal Customer,48,Business Travel,Business,199,5,5,5,5,2,4,5,5,5,5,4,4,3,4.38,0,0,TRUE
Male,Loyal Customer,39,Business Travel,Business,3808,3,3,3,3,4,4,5,5,5,5,5,4,3,4,41,25,TRUE
Female,Loyal Customer,59,Business Travel,Eco,861,3,2,5,2,3,3,2,2,2,3,2,1,3,2.54,0,12,FALSE
Male,Loyal Customer,34,Business Travel,Eco,1521,2,3,3,3,2,3,2,2,4,3,4,2,2,2.69,14,5,FALSE
Male,Loyal Customer,61,Personal Travel,Eco,151,1,3,1,1,5,1,5,5,5,5,5,3,5,3.46,0,0,FALSE
Male,Loyal Customer,43,Business Travel,Business,3007,1,1,1,1,2,4,4,5,5,4,5,5,5,3.31,1,4,TRUE
Male,Loyal Customer,13,Personal Travel,Eco,365,2,4,5,3,3,5,4,3,2,2,4,4,3,3.38,8,3,FALSE
Male,Loyal Customer,33,Business Travel,Business,1440,4,4,4,4,5,5,5,5,5,2,5,4,5,4.38,0,0,TRUE
Male,Loyal Customer,50,Business Travel,Business,1597,4,4,4,4,4,3,5,4,4,4,4,5,3,4,0,0,TRUE
Male,Loyal Customer,35,Business Travel,Business,2704,5,5,4,5,1,4,5,5,5,5,5,4,1,4.15,0,0,TRUE
Male,Loyal Customer,46,Business Travel,Business,3034,5,5,5,5,3,4,5,5,5,5,5,5,4,4.69,0,0,TRUE
Female,Loyal Customer,20,Business Travel,Business,2465,4,4,1,4,5,5,5,3,1,4,1,5,5,3.62,0,20,TRUE
Male,Disloyal Customer,23,Business Travel,Eco,519,5,1,5,3,4,5,5,4,5,3,5,3,4,4,2,0,TRUE
Female,Loyal Customer,43,Business Travel,Business,2426,3,3,3,3,2,5,4,4,4,4,4,3,4,3.54,8,3,TRUE
Male,Disloyal Customer,23,Business Travel,Eco,853,4,4,4,4,1,4,1,1,4,5,4,4,1,3.15,38,59,FALSE
Male,Loyal Customer,24,Business Travel,Eco,680,2,2,2,2,2,2,4,2,4,3,4,3,2,2.62,0,0,FALSE
Male,Disloyal Customer,13,Business Travel,Eco Plus,674,4,3,4,4,1,4,1,1,1,3,4,2,1,2.54,0,0,TRUE
Female,Loyal Customer,52,Business Travel,Business,1770,5,5,5,5,1,4,5,5,5,5,5,1,1,4,0,0,TRUE
Female,Loyal Customer,27,Business Travel,Business,3104,4,3,3,3,4,3,4,4,3,3,3,4,4,3.46,19,6,FALSE
Female,Loyal Customer,47,Business Travel,Business,311,3,3,3,3,2,4,5,5,5,5,5,3,4,3.85,0,0,TRUE
Male,Loyal Customer,8,Business Travel,Business,1620,3,3,3,3,2,2,2,2,5,5,3,3,2,2.92,2,0,TRUE
Male,Loyal Customer,60,Personal Travel,Eco,342,4,5,5,4,2,5,2,2,3,2,4,5,2,3.46,0,0,TRUE
Female,Disloyal Customer,23,Business Travel,Eco,247,1,1,1,3,5,1,5,5,3,4,3,4,5,3.15,31,34,FALSE
Female,Loyal Customer,11,Personal Travel,Eco Plus,2239,2,4,2,5,2,3,3,3,5,3,5,3,3,3.31,0,9,FALSE
Female,Loyal Customer,49,Personal Travel,Eco,517,3,5,3,5,3,4,4,3,3,3,4,5,5,3.85,6,5,FALSE
Male,Loyal Customer,31,Personal Travel,Business,1269,1,4,2,3,2,2,2,2,1,2,3,3,2,2.23,0,0,FALSE
Male,Disloyal Customer,42,Business Travel,Eco,337,4,2,4,4,3,4,3,3,3,2,4,3,3,3.23,17,10,FALSE
Female,Loyal Customer,47,Business Travel,Business,327,0,0,0,2,5,4,5,4,4,4,3,3,3,2.85,60,56,TRUE
Male,Loyal Customer,44,Personal Travel,Eco Plus,773,4,3,4,3,1,4,1,1,3,3,4,4,1,2.77,0,12,FALSE
Male,Loyal Customer,19,Business Travel,Eco Plus,2295,1,2,1,2,1,1,2,1,4,2,3,1,1,1.69,0,8,FALSE
Male,Loyal Customer,17,Personal Travel,Eco,1165,2,5,2,4,4,2,4,4,5,3,5,3,4,3.62,0,0,FALSE
Male,Loyal Customer,33,Business Travel,Business,272,1,1,1,1,5,5,5,5,3,2,3,1,5,2.92,0,0,TRUE
Female,Disloyal Customer,36,Business Travel,Business,1562,4,4,4,2,5,4,5,5,5,3,4,3,5,4.08,1,0,FALSE
Female,Loyal Customer,42,Business Travel,Business,301,0,0,0,3,3,5,4,2,2,2,2,4,4,2.38,0,0,TRUE
Male,Loyal Customer,58,Business Travel,Business,919,2,5,5,5,1,3,3,2,2,2,2,1,4,2.85,0,0,FALSE
Female,Loyal Customer,42,Business Travel,Business,2475,2,2,2,2,4,4,5,5,5,5,5,3,5,3.77,0,0,TRUE
Male,Loyal Customer,52,Business Travel,Business,3119,1,1,1,1,4,4,4,4,4,4,4,3,4,3,0,0,TRUE
Male,Loyal Customer,67,Personal Travel,Eco Plus,239,4,4,0,1,1,0,1,1,4,3,5,3,1,2.15,0,0,FALSE
Female,Disloyal Customer,30,Business Travel,Eco,337,3,1,3,4,4,3,3,4,1,5,3,4,4,3.23,0,0,FALSE
Male,Disloyal Customer,48,Business Travel,Eco,328,3,4,3,3,2,3,2,2,4,4,3,3,2,2.92,28,24,FALSE
Male,Loyal Customer,27,Personal Travel,Eco,250,5,4,0,5,5,0,5,5,5,4,5,3,5,3.92,9,0,TRUE
Female,Loyal Customer,42,Business Travel,Business,632,2,2,2,2,2,4,5,2,2,2,2,3,4,2.62,0,0,TRUE
Male,Loyal Customer,70,Business Travel,Business,402,3,3,3,3,3,3,4,4,4,4,4,5,3,3.54,18,0,TRUE
Male,Loyal Customer,65,Personal Travel,Eco,216,3,0,0,3,1,0,1,1,4,4,5,4,1,2.08,5,1,FALSE
Female,Loyal Customer,33,Business Travel,Business,1720,5,5,5,5,2,4,3,5,5,4,5,4,1,4.08,0,0,FALSE
Male,Loyal Customer,72,Business Travel,Eco,594,3,4,4,4,3,3,3,3,1,1,4,1,3,2.85,0,0,FALSE
Female,Loyal Customer,66,Personal Travel,Eco,1927,1,4,1,2,5,3,5,1,1,1,1,3,3,2.38,0,0,FALSE
Female,Disloyal Customer,27,Business Travel,Eco Plus,589,3,3,3,4,3,3,3,3,4,1,3,3,3,3,0,0,FALSE
Male,Loyal Customer,44,Business Travel,Eco,1444,3,3,3,3,3,3,3,3,2,5,1,3,3,2.92,43,23,FALSE
Male,Loyal Customer,30,Personal Travel,Eco,479,2,4,2,5,2,2,2,2,5,3,1,2,2,2.62,0,0,FALSE
Female,Loyal Customer,35,Business Travel,Business,2585,2,2,2,2,4,4,4,4,2,4,5,4,4,3.31,32,55,TRUE
Female,Loyal Customer,47,Personal Travel,Eco Plus,2065,4,5,4,4,2,4,4,4,4,4,4,5,5,4.08,5,23,FALSE
Male,Disloyal Customer,26,Business Travel,Eco,321,3,0,3,2,5,3,5,5,3,2,1,5,5,3.23,0,0,FALSE
Female,Loyal Customer,48,Personal Travel,Eco,1192,2,4,2,2,2,5,5,2,2,2,2,3,5,2.92,0,0,FALSE
Male,Loyal Customer,23,Personal Travel,Eco,591,2,4,2,5,5,2,5,5,5,5,5,4,5,4.15,50,45,FALSE
Male,Loyal Customer,40,Business Travel,Business,3531,4,4,4,4,3,2,5,5,5,5,5,5,4,4.23,0,0,TRUE
Male,Loyal Customer,31,Business Travel,Business,2279,3,3,3,3,4,5,4,4,5,3,4,3,4,3.69,0,0,TRUE
Female,Loyal Customer,53,Personal Travel,Eco,547,3,3,3,2,5,4,2,3,3,3,3,3,4,3.15,0,4,FALSE
Female,Loyal Customer,21,Business Travel,Business,481,2,2,2,2,4,4,4,4,4,2,5,2,4,3.15,0,0,TRUE
Female,Loyal Customer,72,Business Travel,Eco,990,2,4,4,4,2,3,3,3,3,2,3,3,4,3.08,40,32,FALSE
Female,Disloyal Customer,25,Business Travel,Eco,545,3,2,3,3,4,3,4,4,1,1,3,4,4,3,0,8,FALSE
Female,Loyal Customer,20,Personal Travel,Eco,1075,3,4,2,3,5,2,5,5,4,3,5,3,5,3.77,0,0,FALSE
Female,Disloyal Customer,38,Business Travel,Eco,834,2,2,2,5,3,2,3,3,3,3,5,5,3,3.15,0,0,FALSE
Male,Loyal Customer,63,Personal Travel,Eco,1620,5,5,5,4,1,5,1,1,5,4,3,4,1,3.38,20,,TRUE
Male,Loyal Customer,31,Business Travel,Business,239,1,1,1,1,4,4,4,4,3,3,5,5,4,3.08,0,0,TRUE
Female,Loyal Customer,25,Personal Travel,Eco,690,1,4,1,3,1,1,1,1,5,2,5,4,1,2.31,0,0,FALSE
Male,Disloyal Customer,22,Business Travel,Eco,1064,2,2,2,2,4,2,4,4,1,2,3,2,4,2.62,0,0,FALSE
Male,Loyal Customer,15,Personal Travel,Eco,452,3,4,3,3,2,3,2,2,4,5,4,3,2,3.08,4,6,FALSE
Female,Loyal Customer,46,Business Travel,Eco,406,4,5,3,5,4,3,3,4,4,4,4,2,3,3.69,0,3,FALSE
Male,Disloyal Customer,25,Business Travel,Eco,1171,5,5,5,2,2,5,2,2,4,5,5,3,2,3.62,24,0,TRUE
Female,Loyal Customer,53,Personal Travel,Eco,883,2,5,2,3,3,5,5,1,1,2,1,4,1,2.69,1,0,FALSE
Male,Loyal Customer,31,Business Travel,Business,388,3,1,1,1,3,3,3,4,3,4,4,3,3,2.77,178,202,FALSE
Female,Loyal Customer,61,Business Travel,Eco Plus,181,3,4,4,4,5,4,3,3,3,3,3,3,3,3.46,11,7,FALSE
Male,Loyal Customer,49,Business Travel,Business,2746,5,5,5,5,2,5,4,5,5,5,5,3,5,4.54,2,6,TRUE
Male,Loyal Customer,46,Personal Travel,Eco,1721,1,2,1,2,3,1,3,3,4,4,2,2,3,2.38,38,39,FALSE
Female,Loyal Customer,10,Personal Travel,Eco Plus,118,2,5,2,4,5,2,3,5,1,1,5,1,5,3.15,0,0,FALSE
Male,Loyal Customer,51,Business Travel,Business,2054,4,4,4,4,3,4,5,5,5,5,5,5,4,4.38,0,8,TRUE
Female,Disloyal Customer,24,Business Travel,Eco,621,4,0,4,1,4,4,4,4,4,5,4,4,4,3.54,166,167,TRUE
Female,Disloyal Customer,23,Business Travel,Eco,1055,1,1,1,2,4,1,3,4,5,4,5,5,4,3.08,0,0,FALSE
Female,Disloyal Customer,36,Business Travel,Business,1025,2,2,2,3,5,2,4,5,4,5,4,4,5,3.62,37,40,FALSE
Female,Loyal Customer,58,Personal Travel,Eco,101,3,3,3,1,1,1,3,4,4,3,4,5,1,2.77,0,0,FALSE
Male,Loyal Customer,8,Personal Travel,Eco,907,3,5,3,4,2,3,2,2,5,5,4,4,2,3.38,7,0,FALSE
Female,Disloyal Customer,28,Business Travel,Eco,569,2,1,2,2,5,2,5,5,2,5,3,2,5,3.15,0,0,FALSE
Female,Loyal Customer,70,Personal Travel,Eco,533,3,5,3,2,3,4,5,3,3,3,3,4,5,3.54,8,5,FALSE
Male,Loyal Customer,41,Business Travel,Business,2562,2,2,2,2,5,5,4,4,4,4,4,4,3,3.46,6,0,TRUE
Female,Loyal Customer,55,Business Travel,Business,689,5,5,5,5,2,4,5,5,5,5,5,4,3,4.46,0,3,TRUE
Male,Disloyal Customer,28,Business Travel,Business,1440,5,4,4,5,3,4,3,3,4,5,5,4,3,4,0,5,TRUE
Female,Loyal Customer,63,Business Travel,Business,862,3,3,2,2,3,3,4,3,3,3,3,2,3,2.85,0,0,FALSE
Male,Loyal Customer,53,Personal Travel,Eco,431,3,4,3,5,3,3,3,3,5,4,5,3,3,3.62,106,89,FALSE
Female,Loyal Customer,39,Business Travel,Business,2255,2,2,2,2,2,4,5,4,4,4,4,4,4,3.31,0,0,TRUE
Male,Loyal Customer,30,Business Travel,Eco,930,3,4,4,4,3,3,3,3,1,1,2,1,3,2.69,0,0,FALSE
Male,Loyal Customer,28,Business Travel,Business,2329,4,4,4,4,4,4,4,4,4,4,5,3,4,4,7,11,TRUE
Male,Loyal Customer,20,Business Travel,Eco,2026,2,3,3,3,2,1,1,2,4,1,1,3,2,2.15,40,45,FALSE
Female,Loyal Customer,42,Business Travel,Business,1535,1,5,1,1,3,5,5,5,5,4,5,5,4,3.77,0,0,TRUE
Male,Loyal Customer,28,Personal Travel,Eco,762,3,5,3,3,5,3,5,5,5,4,5,4,5,4.23,1,9,FALSE
Female,Loyal Customer,15,Personal Travel,Eco,775,1,4,1,3,3,1,3,3,3,4,5,5,3,3,0,0,FALSE
Male,Disloyal Customer,9,Business Travel,Eco,821,4,3,3,3,5,3,3,5,5,2,3,5,5,3.77,0,0,TRUE
Male,Loyal Customer,28,Personal Travel,Eco,2218,3,5,3,3,2,3,2,2,2,2,1,2,2,2.46,4,0,FALSE
Female,Loyal Customer,42,Business Travel,Business,1571,1,1,1,1,5,4,5,4,4,4,4,4,5,3.31,0,0,TRUE
Male,Loyal Customer,37,Business Travel,Eco,160,4,3,3,3,4,4,4,4,4,3,5,4,4,3.77,3,0,TRUE
Female,Loyal Customer,25,Business Travel,Business,1596,2,2,2,2,4,4,4,4,3,4,5,5,4,3.46,4,0,TRUE
Male,Loyal Customer,27,Business Travel,Business,692,2,2,2,2,4,4,4,4,1,5,5,5,4,3.38,5,29,TRUE
Female,Loyal Customer,52,Business Travel,Business,2131,0,4,0,3,4,4,4,2,2,2,2,3,4,2.62,11,13,TRUE
Male,Loyal Customer,41,Business Travel,Eco,527,4,2,2,2,4,4,4,4,4,1,3,5,4,3.31,0,0,TRUE
Female,Loyal Customer,33,Business Travel,Business,86,4,4,4,4,5,3,5,4,4,4,4,1,4,3.85,23,27,TRUE
Male,Loyal Customer,44,Personal Travel,Eco,391,0,4,0,3,4,0,4,4,4,5,4,5,4,3.15,0,0,TRUE
Male,Disloyal Customer,23,Business Travel,Eco,1121,3,3,3,4,4,3,4,4,1,1,3,4,4,3.15,0,0,FALSE
Male,Loyal Customer,26,Business Travel,Eco,695,4,5,5,5,4,4,5,4,1,5,2,4,4,4,0,14,TRUE
Male,Disloyal Customer,39,Business Travel,Business,795,4,4,4,1,3,4,3,3,3,4,4,3,3,3.31,0,0,TRUE
Male,Loyal Customer,27,Personal Travel,Eco,821,2,4,2,2,3,2,3,3,3,5,5,5,3,3.23,0,12,FALSE
Female,Loyal Customer,41,Business Travel,Eco,156,3,5,5,5,3,3,3,3,1,3,3,4,3,3.38,8,6,FALSE
Female,Loyal Customer,38,Business Travel,Eco,1855,3,1,1,1,3,3,3,3,1,1,3,4,3,2.31,20,6,FALSE
Female,Disloyal Customer,23,Business Travel,Eco,986,3,3,3,4,5,3,4,5,4,4,3,4,5,3.85,5,0,FALSE
Male,Loyal Customer,49,Business Travel,Eco Plus,942,2,5,5,5,2,2,2,2,3,4,4,2,2,3.08,39,26,FALSE
Female,Disloyal Customer,30,Business Travel,Business,991,1,1,1,4,3,1,3,3,2,5,4,4,3,2.69,14,16,FALSE
Female,Disloyal Customer,13,Personal Travel,Eco,1276,4,3,4,3,5,4,5,5,5,2,3,1,5,3.77,39,26,FALSE
Male,Loyal Customer,48,Business Travel,Business,707,2,4,2,2,5,5,4,5,5,5,5,3,4,3.92,0,0,TRUE
Male,Loyal Customer,41,Business Travel,Business,3472,5,5,5,5,5,5,5,4,4,4,4,5,3,4.54,0,16,TRUE
Male,Loyal Customer,55,Personal Travel,Eco,1107,3,3,3,1,1,3,1,1,2,2,2,1,1,1.85,0,0,FALSE
Female,Loyal Customer,57,Business Travel,Business,2234,1,1,1,1,3,4,4,4,4,4,4,3,4,2.92,0,0,TRUE
Male,Loyal Customer,51,Business Travel,Business,695,4,4,4,4,4,4,4,3,3,3,3,5,5,3.85,0,0,TRUE
Female,Disloyal Customer,16,Business Travel,Eco,226,1,3,1,3,2,1,2,2,1,3,4,4,2,2.23,0,0,FALSE
Male,Loyal Customer,61,Business Travel,Eco,351,2,1,1,1,2,2,2,2,4,5,3,2,2,2.23,5,10,FALSE
Female,Loyal Customer,54,Personal Travel,Eco,837,4,4,4,2,1,5,1,3,3,4,3,4,1,3,7,1,FALSE
Male,Loyal Customer,51,Business Travel,Eco,192,4,4,3,3,4,4,4,4,1,2,3,3,4,3.31,0,0,TRUE
Female,Loyal Customer,26,Personal Travel,Eco,663,2,1,3,2,2,3,2,2,1,3,2,4,2,2.23,0,0,FALSE
Male,Loyal Customer,12,Personal Travel,Eco,409,2,5,2,4,2,2,2,2,4,2,5,5,2,3,35,43,FALSE
Male,Loyal Customer,58,Business Travel,Business,2475,4,4,4,4,5,5,5,5,5,4,4,5,5,4.54,1,0,TRUE
Male,Disloyal Customer,20,Business Travel,Eco,259,4,0,4,3,3,4,3,3,5,4,4,3,3,3.31,14,7,TRUE
Male,Loyal Customer,43,Business Travel,Eco,325,2,3,3,3,2,2,2,2,2,5,3,4,2,2.69,86,70,FALSE
Male,Loyal Customer,31,Business Travel,Business,2978,2,2,2,2,5,5,5,5,4,3,5,5,5,3.85,5,0,TRUE
Male,Loyal Customer,42,Business Travel,Business,214,0,5,0,1,3,3,3,3,5,5,5,3,3,3,221,217,TRUE
Male,Loyal Customer,60,Business Travel,Business,3437,5,5,3,5,2,4,5,5,5,5,4,3,3,4.15,0,0,TRUE
Male,Disloyal Customer,22,Business Travel,Eco,2556,4,4,4,3,4,4,4,3,4,4,4,4,4,3.85,0,10,FALSE
Male,Loyal Customer,54,Business Travel,Business,3434,1,5,4,5,3,3,4,1,1,2,1,4,1,2.69,6,4,FALSE
Female,Loyal Customer,43,Business Travel,Eco,528,3,2,2,2,5,4,3,3,3,3,3,4,1,2.92,87,88,FALSE
Male,Loyal Customer,14,Personal Travel,Eco,1208,5,1,4,2,3,4,3,3,1,2,3,3,3,2.85,0,0,TRUE
Female,Loyal Customer,66,Personal Travel,Eco,1533,3,4,3,3,4,4,4,1,1,3,1,4,5,3.08,5,0,FALSE
Female,Loyal Customer,68,Personal Travel,Business,2402,1,4,1,4,3,5,4,3,3,1,2,4,4,3,25,0,FALSE
Female,Loyal Customer,50,Personal Travel,Eco Plus,603,5,5,5,3,3,5,4,5,5,5,5,4,4,4.46,0,0,TRUE
Male,Loyal Customer,51,Business Travel,Business,3002,5,5,5,5,4,5,4,5,5,5,5,3,3,4.54,0,0,TRUE
Male,Loyal Customer,28,Personal Travel,Eco,1069,3,4,3,4,1,3,1,1,3,5,3,2,1,2.62,0,0,FALSE
Male,Disloyal Customer,18,Business Travel,Eco,1010,1,1,1,4,3,1,3,3,2,4,3,1,3,2.31,60,99,FALSE
Male,Disloyal Customer,44,Business Travel,Eco,787,2,1,1,4,4,1,4,4,3,1,1,5,4,2.69,2,0,FALSE
Male,Loyal Customer,24,Personal Travel,Eco,2075,3,3,3,1,4,3,4,4,5,4,1,3,4,3.23,0,2,FALSE
Female,Loyal Customer,23,Business Travel,Eco Plus,214,4,1,1,1,4,4,4,4,1,5,2,5,4,3.08,0,0,TRUE
Male,Loyal Customer,38,Business Travel,Business,3369,4,4,4,4,3,1,5,4,4,4,4,5,4,3.85,0,0,TRUE
Female,Loyal Customer,35,Business Travel,Business,3451,3,4,4,4,4,4,4,3,3,3,3,3,1,3.31,0,0,FALSE
Female,Loyal Customer,19,Personal Travel,Business,216,1,0,1,3,3,1,3,3,5,5,5,3,3,2.77,0,0,FALSE
Female,Loyal Customer,25,Personal Travel,Eco,550,2,4,2,2,5,2,5,5,5,3,3,4,5,3.62,0,0,FALSE
Female,Disloyal Customer,31,Business Travel,Eco,1195,1,1,1,3,1,3,3,1,5,3,3,3,3,2.38,145,155,FALSE
Female,Loyal Customer,28,Personal Travel,Eco,192,4,4,4,1,2,4,2,2,4,2,5,4,2,3.08,0,0,TRUE
Male,Loyal Customer,53,Business Travel,Business,192,0,5,1,5,5,5,4,2,2,2,2,5,5,3.31,0,0,TRUE
Female,Loyal Customer,36,Personal Travel,Business,1237,1,5,1,4,2,3,5,4,4,1,4,4,5,3.31,42,51,FALSE
Female,Disloyal Customer,23,Business Travel,Eco,731,2,2,2,2,5,2,4,5,2,2,3,3,5,3,0,0,FALSE
Male,Loyal Customer,58,Business Travel,Business,3484,0,0,0,3,5,4,5,4,4,4,4,3,5,3.15,0,3,TRUE
Female,Disloyal Customer,60,Business Travel,Business,1438,5,5,5,2,3,5,3,3,4,4,5,3,3,3.85,44,27,TRUE
Female,Loyal Customer,30,Business Travel,Business,2882,4,4,4,4,4,4,4,4,4,3,5,3,4,3.92,0,0,TRUE
Male,Loyal Customer,45,Business Travel,Business,1969,2,2,2,2,4,5,5,4,4,4,4,5,4,3.62,0,0,TRUE
Female,Loyal Customer,27,Business Travel,Business,3533,4,4,4,4,5,5,4,5,1,4,1,4,5,3.85,0,0,TRUE
Male,Loyal Customer,54,Business Travel,Business,2270,5,5,5,5,2,4,2,5,5,5,5,4,4,4.31,6,0,TRUE
Female,Loyal Customer,58,Business Travel,Business,447,1,1,1,1,3,5,5,4,4,4,4,3,4,3.08,50,39,TRUE
Female,Disloyal Customer,28,Business Travel,Eco,696,3,3,3,4,1,3,1,1,2,5,4,4,1,2.69,5,0,FALSE
Female,Loyal Customer,30,Personal Travel,Eco,503,4,4,4,3,2,4,2,2,3,2,5,4,2,3.15,0,0,TRUE
Female,Loyal Customer,48,Personal Travel,Eco Plus,1389,2,3,2,3,5,4,1,5,5,2,5,2,3,3.23,0,0,FALSE
Female,Loyal Customer,56,Business Travel,Eco,370,3,1,3,1,3,3,2,3,3,3,3,3,3,2.62,0,3,FALSE
Female,Loyal Customer,15,Business Travel,Business,2924,4,3,4,4,4,5,4,4,5,4,5,3,4,4.08,15,1,TRUE
Female,Loyal Customer,13,Personal Travel,Eco,628,4,4,4,4,3,4,3,3,5,5,4,4,3,3.85,0,7,TRUE
Female,Loyal Customer,56,Business Travel,Business,1762,4,4,4,4,5,5,5,4,4,4,4,5,4,4.31,0,0,TRUE
Female,Loyal Customer,48,Personal Travel,Eco,1089,3,5,3,4,4,5,1,3,3,3,5,3,5,3.62,0,0,FALSE
Female,Loyal Customer,57,Business Travel,Business,2321,1,1,1,1,4,5,5,4,4,4,4,4,5,3.31,0,0,TRUE
Male,Loyal Customer,25,Business Travel,Business,908,4,4,5,4,5,5,5,5,3,4,4,1,5,4.15,0,0,TRUE
Female,Loyal Customer,41,Business Travel,Business,2348,2,2,2,2,3,5,4,4,4,3,4,4,5,3.38,1,1,TRUE
Male,Loyal Customer,46,Business Travel,Business,636,3,1,4,1,3,3,3,4,3,3,3,3,3,2.85,164,171,FALSE
Male,Loyal Customer,39,Business Travel,Business,2537,2,2,2,2,1,1,3,4,4,4,4,1,4,2.62,0,0,TRUE
Male,Loyal Customer,53,Personal Travel,Eco,967,3,2,3,3,3,3,3,3,4,1,4,3,3,2.92,105,87,FALSE
Female,Loyal Customer,37,Business Travel,Business,2005,4,1,1,1,2,3,4,4,4,4,4,3,2,2.85,0,0,FALSE
Female,Loyal Customer,55,Business Travel,Eco,373,5,1,1,1,5,3,1,4,4,5,4,4,1,3,5,6,TRUE
Female,Loyal Customer,62,Personal Travel,Eco,819,2,4,2,2,4,3,1,3,3,2,1,5,4,2.77,0,0,FALSE
Male,Loyal Customer,52,Personal Travel,Eco,312,2,5,2,5,2,2,2,2,4,3,4,3,2,2.92,0,22,FALSE
Female,Loyal Customer,51,Personal Travel,Eco,338,2,4,4,5,3,5,5,1,1,4,1,5,3,3.31,12,11,FALSE
Female,Loyal Customer,54,Personal Travel,Eco Plus,484,1,1,1,3,2,3,2,5,5,1,5,4,1,2.62,0,0,FALSE
Male,Loyal Customer,27,Personal Travel,Eco,1744,0,5,0,2,4,0,4,4,3,3,5,4,4,2.92,0,0,TRUE
Male,Disloyal Customer,39,Business Travel,Business,1389,4,3,3,2,2,3,2,2,3,4,4,3,2,2.85,0,0,FALSE
Male,Disloyal Customer,44,Business Travel,Business,406,5,5,5,1,3,5,5,3,5,3,4,5,3,4,0,0,TRUE
Male,Loyal Customer,58,Business Travel,Business,1997,2,2,2,2,2,5,4,5,5,5,5,4,3,3.54,0,0,TRUE
Male,Loyal Customer,12,Personal Travel,Eco,507,1,4,1,3,2,1,2,2,5,5,5,4,2,2.85,2,7,FALSE
Male,Loyal Customer,46,Personal Travel,Eco,362,2,4,2,4,5,2,5,5,3,2,5,4,5,3.69,112,109,FALSE
Female,Loyal Customer,50,Business Travel,Business,2274,1,1,3,1,4,5,5,4,4,4,4,4,4,3.38,0,0,TRUE
Male,Loyal Customer,38,Business Travel,Eco,387,2,4,4,4,2,2,2,2,1,2,4,3,2,2.62,0,0,FALSE
Male,Loyal Customer,49,Business Travel,Business,2245,2,2,3,2,3,5,5,5,5,5,5,5,5,4,34,39,TRUE
Male,Loyal Customer,58,Personal Travel,Eco,895,1,4,2,5,5,2,5,5,3,4,5,3,5,3.77,0,0,FALSE
Male,Disloyal Customer,23,Business Travel,Eco,533,0,1,0,5,2,0,2,2,3,2,5,2,2,2,0,0,TRUE
Female,Loyal Customer,68,Personal Travel,Eco,872,2,4,2,3,4,3,3,5,5,2,3,4,1,3.15,0,0,FALSE
Female,Loyal Customer,56,Business Travel,Eco,147,4,2,2,2,5,1,3,4,4,4,4,3,3,3.15,0,0,TRUE
Female,Loyal Customer,42,Business Travel,Business,1744,3,3,3,3,2,4,5,4,4,4,4,4,3,3.54,5,0,TRUE
Male,Loyal Customer,33,Business Travel,Eco Plus,1107,3,5,5,5,3,3,3,3,2,1,3,1,3,3.08,3,0,FALSE
Male,Loyal Customer,26,Business Travel,Eco Plus,1416,0,4,0,5,5,4,5,5,3,2,3,1,5,3.23,0,0,TRUE
Male,Loyal Customer,25,Business Travel,Business,3383,3,3,3,3,3,3,3,3,5,3,4,5,3,3.38,4,0,TRUE
Male,Loyal Customer,37,Personal Travel,Eco,597,2,0,2,3,4,2,5,4,4,3,5,4,4,3.23,55,43,FALSE
Female,Loyal Customer,32,Business Travel,Business,1590,1,0,0,3,0,3,3,3,5,4,4,3,3,2.46,275,277,FALSE
Female,Loyal Customer,48,Business Travel,Business,3231,2,2,2,2,3,3,5,4,4,4,4,3,4,3.23,0,3,TRUE
Male,Loyal Customer,46,Business Travel,Business,2276,5,5,5,5,5,5,4,3,3,3,3,3,3,4,0,0,TRUE
Female,Loyal Customer,40,Business Travel,Business,2139,4,1,1,1,5,4,4,4,4,4,4,2,4,3.23,0,0,FALSE
Female,Loyal Customer,55,Business Travel,Business,2332,0,5,1,1,3,5,4,5,5,5,4,4,4,3.54,0,0,TRUE
Female,Disloyal Customer,22,Business Travel,Eco,337,2,1,2,3,2,2,2,2,4,3,3,1,2,2.23,60,52,FALSE
Female,Loyal Customer,51,Business Travel,Eco,89,5,3,1,3,5,4,1,5,5,5,5,4,3,3.77,0,0,TRUE
Male,Loyal Customer,26,Business Travel,Business,201,1,2,5,5,1,1,1,1,4,2,3,2,1,2.23,44,52,FALSE
Female,Disloyal Customer,21,Business Travel,Eco,101,4,0,5,4,5,5,2,5,3,4,4,4,5,3.85,0,0,TRUE
Female,Loyal Customer,57,Business Travel,Eco,2602,2,4,4,4,2,2,2,2,2,1,3,2,2,2.46,17,7,FALSE
Male,Loyal Customer,35,Business Travel,Eco,530,2,1,2,1,2,2,2,2,4,1,3,4,2,2.15,0,10,FALSE
Female,Loyal Customer,52,Personal Travel,Eco Plus,197,5,5,5,3,5,4,5,3,3,5,3,3,5,4.15,6,1,TRUE
Female,Disloyal Customer,34,Business Travel,Business,550,2,2,2,3,3,2,3,3,3,4,4,5,3,3,2,0,FALSE
Female,Loyal Customer,51,Business Travel,Business,2574,2,2,2,2,3,4,4,2,2,3,2,4,4,2.77,0,0,TRUE
Male,Loyal Customer,51,Personal Travel,Eco,1020,2,3,2,5,5,2,3,5,5,3,5,2,5,3.62,0,0,FALSE
Male,Disloyal Customer,39,Business Travel,Business,356,3,2,2,2,2,2,1,2,3,4,3,1,2,2.23,0,0,FALSE
Female,Loyal Customer,52,Personal Travel,Eco,2588,1,3,1,3,5,4,3,2,2,1,2,1,2,2.31,0,0,FALSE
Male,Loyal Customer,48,Business Travel,Business,2590,1,1,4,1,2,5,1,3,3,4,5,1,4,2.69,0,0,TRUE
Male,Loyal Customer,32,Business Travel,Business,1906,3,3,3,3,3,4,3,3,2,3,4,4,3,3.15,5,0,TRUE
Female,Loyal Customer,40,Business Travel,Business,342,2,2,2,2,4,5,4,4,4,4,4,5,3,3.46,48,50,TRUE
Female,Loyal Customer,21,Personal Travel,Eco,1118,1,4,1,1,1,5,5,4,3,4,4,5,5,3.31,238,241,FALSE
Male,Disloyal Customer,22,Business Travel,Eco,603,3,5,3,3,5,3,5,5,4,5,4,4,5,4.15,6,12,FALSE
Male,Loyal Customer,57,Business Travel,Business,2943,1,1,1,1,3,4,5,4,4,4,4,5,4,3.15,6,0,TRUE
Female,Loyal Customer,49,Business Travel,Business,1731,1,1,1,1,5,5,5,5,5,5,5,5,4,3.69,21,18,TRUE
Female,Loyal Customer,66,Personal Travel,Eco,1024,2,5,2,1,4,5,5,5,5,2,5,3,3,3.62,8,0,FALSE
Female,Loyal Customer,59,Business Travel,Business,3861,0,5,0,1,2,5,4,1,1,1,1,5,3,2.23,0,0,TRUE
Male,Loyal Customer,45,Personal Travel,Eco Plus,581,4,5,4,4,3,4,3,3,4,2,5,3,3,3.62,24,26,FALSE
Male,Loyal Customer,50,Business Travel,Business,2920,3,3,3,3,2,5,4,5,5,5,5,5,3,3.92,1,0,TRUE
Male,Loyal Customer,22,Business Travel,Eco,199,4,4,4,4,4,4,5,4,4,3,3,3,4,3.85,0,0,TRUE
Female,Loyal Customer,48,Business Travel,Business,1042,2,2,2,2,5,4,4,2,2,2,2,2,3,2.62,0,0,FALSE
Female,Disloyal Customer,42,Business Travel,Eco,224,4,5,3,3,3,3,3,3,4,2,4,4,3,3.38,10,0,FALSE
Male,Disloyal Customer,23,Business Travel,Eco,261,5,4,5,2,2,5,2,2,2,5,1,1,2,2.92,0,0,TRUE
Female,Loyal Customer,55,Business Travel,Eco,153,3,5,5,5,5,2,2,2,2,3,2,1,1,2.92,0,0,FALSE
Female,Loyal Customer,43,Business Travel,Eco,1448,4,3,5,3,4,2,2,4,4,4,4,5,5,3.77,0,0,TRUE
Male,Disloyal Customer,54,Business Travel,Eco,1027,1,1,1,4,1,2,2,3,2,4,3,2,2,2.15,0,6,FALSE
Male,Disloyal Customer,23,Business Travel,Business,564,5,0,5,4,4,5,4,4,5,2,5,4,4,3.92,3,0,TRUE
Male,Disloyal Customer,20,Business Travel,Business,223,5,3,5,3,5,5,5,5,4,1,5,5,5,4.31,6,0,TRUE
Female,Disloyal Customer,41,Business Travel,Business,321,1,1,1,1,5,3,5,5,3,5,1,5,5,3.15,0,0,FALSE
Female,Loyal Customer,51,Business Travel,Business,2013,4,4,4,4,2,3,3,5,5,4,5,2,4,3.77,60,59,TRUE
Male,Loyal Customer,28,Personal Travel,Eco,1956,3,1,3,2,3,3,2,3,3,2,3,3,3,2.62,0,0,FALSE
Male,Loyal Customer,38,Business Travel,Business,405,2,1,1,1,4,4,4,2,2,2,2,4,3,2.46,0,0,FALSE
Female,Loyal Customer,61,Business Travel,Business,3925,1,1,1,1,5,4,5,5,5,5,5,4,5,3.62,0,1,TRUE
Male,Loyal Customer,15,Personal Travel,Eco,262,2,2,2,3,1,2,1,1,1,1,3,3,1,1.77,7,15,FALSE
Male,Loyal Customer,56,Business Travel,Eco,854,2,4,4,4,2,2,2,2,2,1,3,1,2,2.38,2,5,FALSE
Female,Disloyal Customer,48,Business Travel,Eco,280,4,4,4,4,3,4,2,3,3,2,3,1,3,3.08,0,16,FALSE
Female,Loyal Customer,52,Business Travel,Business,2685,2,2,2,2,4,4,5,4,4,4,4,3,4,3.38,0,2,TRUE
Male,Loyal Customer,47,Personal Travel,Eco,227,3,1,3,2,5,3,5,5,2,2,2,3,5,3.15,0,4,FALSE
Female,Loyal Customer,57,Business Travel,Eco,409,5,3,2,3,5,5,5,5,3,5,4,5,5,4.23,179,168,TRUE
Female,Loyal Customer,35,Business Travel,Eco Plus,1299,5,4,4,4,5,5,5,5,1,5,4,1,5,4.08,0,9,TRUE
Male,Loyal Customer,60,Business Travel,Business,141,2,1,4,1,4,2,2,3,3,3,2,2,3,2.46,0,6,FALSE
Male,Loyal Customer,21,Personal Travel,Eco,828,2,4,1,4,4,1,4,4,5,5,5,3,4,3.54,0,0,FALSE
Male,Loyal Customer,22,Business Travel,Business,1102,2,2,2,2,4,4,4,5,5,5,4,4,4,3.62,279,253,TRUE
Male,Loyal Customer,32,Personal Travel,Eco,2402,3,4,3,1,2,3,2,2,2,2,2,1,2,2.23,0,6,FALSE
Male,Loyal Customer,7,Personal Travel,Eco,427,5,0,4,1,2,4,5,2,3,4,4,4,2,3.08,0,0,TRUE
Male,Loyal Customer,64,Personal Travel,Eco,226,2,1,2,3,2,2,2,2,4,4,3,2,2,2.38,57,57,FALSE
Male,Loyal Customer,29,Personal Travel,Eco Plus,997,1,5,1,2,3,1,3,3,3,3,4,3,3,2.69,15,3,FALSE
Female,Loyal Customer,80,Business Travel,Business,2612,1,1,1,1,5,4,4,4,4,4,4,4,4,3.15,0,3,TRUE
Male,Loyal Customer,35,Business Travel,Eco,819,4,5,5,5,4,4,4,4,5,3,4,4,4,4.23,0,0,TRUE
Male,Loyal Customer,63,Personal Travel,Eco,436,3,5,3,3,1,3,1,1,5,2,5,3,1,2.77,64,,FALSE
Male,Disloyal Customer,24,Business Travel,Eco,463,2,2,2,3,4,2,4,4,4,3,3,2,4,3,0,0,FALSE
Male,Loyal Customer,57,Business Travel,Business,1735,3,3,3,3,4,4,4,4,4,4,4,5,5,3.85,0,0,TRUE
Male,Loyal Customer,62,Personal Travel,Eco,1147,1,4,1,4,4,1,4,4,5,2,5,3,4,3.23,0,0,FALSE
Male,Loyal Customer,24,Business Travel,Business,954,1,4,4,4,1,2,1,1,4,1,2,4,1,2.31,0,8,FALSE
Male,Disloyal Customer,39,Business Travel,Eco,448,3,0,4,4,5,4,5,5,5,2,5,1,5,3.69,0,4,FALSE
Male,Disloyal Customer,25,Business Travel,Eco,1313,4,4,4,4,2,4,2,2,3,2,5,5,2,3.31,30,23,TRUE
Male,Loyal Customer,36,Personal Travel,Eco,872,1,3,0,3,5,0,5,5,2,1,4,3,5,2.85,3,0,FALSE
Male,Loyal Customer,33,Business Travel,Eco Plus,1431,2,2,2,2,2,2,2,2,4,3,2,1,2,2.15,28,19,FALSE
Female,Disloyal Customer,30,Business Travel,Eco,678,2,2,2,3,4,2,4,4,1,2,4,1,4,2.69,0,2,FALSE
Female,Loyal Customer,39,Business Travel,Business,2176,5,5,5,5,2,5,4,5,5,5,5,5,5,4.69,0,15,TRUE
Male,Disloyal Customer,29,Business Travel,Eco,1249,3,3,3,3,2,3,2,2,1,1,3,3,2,2.38,0,9,FALSE
Male,Loyal Customer,67,Business Travel,Business,3462,4,3,3,3,2,3,3,4,4,3,4,2,2,3.08,7,6,FALSE
Male,Loyal Customer,59,Business Travel,Business,1919,3,3,3,3,2,5,5,2,2,2,2,5,5,3.23,34,33,TRUE
Female,Loyal Customer,58,Business Travel,Eco,1046,3,2,2,2,1,3,4,3,3,3,3,2,2,2.54,0,0,FALSE
Male,Loyal Customer,65,Personal Travel,Eco,748,0,4,0,1,3,0,3,3,3,2,5,4,3,2.38,5,0,TRUE
Male,Loyal Customer,30,Business Travel,Business,1549,3,3,3,3,5,5,5,5,5,2,2,5,5,3.92,600,589,TRUE
Male,Loyal Customer,34,Business Travel,Business,1797,4,4,3,4,4,5,5,4,4,4,4,5,5,4.23,0,0,TRUE
Male,Loyal Customer,36,Business Travel,Business,2896,4,4,4,4,5,4,4,5,5,5,5,5,5,4.54,0,0,TRUE
Female,Disloyal Customer,39,Business Travel,Business,300,4,4,4,3,1,4,1,1,3,3,4,4,1,2.85,0,8,TRUE
Female,Loyal Customer,25,Business Travel,Business,944,2,4,2,2,4,4,4,4,4,2,5,5,4,3.54,18,3,TRUE
Male,Loyal Customer,23,Business Travel,Eco,780,4,5,5,5,4,4,5,4,3,1,1,3,4,3.69,0,0,TRUE
Male,Loyal Customer,40,Business Travel,Eco,187,4,1,4,1,4,4,4,4,2,1,4,3,4,3.08,1,37,TRUE
Male,Loyal Customer,26,Business Travel,Business,2328,3,1,5,1,3,3,3,3,2,3,4,4,3,2.92,0,15,FALSE
Female,Loyal Customer,45,Personal Travel,Eco,873,1,1,1,3,3,3,3,4,4,1,4,4,4,2.77,0,0,FALSE
Male,Disloyal Customer,23,Business Travel,Eco,528,4,2,4,3,3,4,4,3,3,4,5,4,3,3.54,0,0,TRUE
Female,Disloyal Customer,20,Business Travel,Business,1444,4,0,4,1,5,4,5,5,3,3,4,5,5,3.69,5,0,TRUE
Female,Loyal Customer,54,Business Travel,Business,373,3,2,3,3,2,2,2,4,2,5,4,2,2,2.77,132,131,TRUE
Male,Loyal Customer,41,Business Travel,Business,2486,3,3,2,3,4,3,3,4,4,3,4,3,3,3.23,0,9,TRUE
Male,Loyal Customer,70,Personal Travel,Eco,86,1,1,1,3,1,1,1,1,2,2,3,4,1,1.69,0,0,FALSE
Male,Loyal Customer,51,Business Travel,Eco,296,4,3,3,3,4,4,4,4,5,5,5,2,4,3.85,20,0,TRUE
Male,Loyal Customer,32,Personal Travel,Eco,569,2,4,2,3,5,2,2,5,2,5,4,2,5,3.31,46,34,FALSE
Female,Loyal Customer,59,Business Travel,Business,1838,4,4,4,4,5,4,5,4,4,4,4,4,4,4.15,33,44,TRUE
Female,Disloyal Customer,53,Personal Travel,Business,2475,4,5,4,1,1,4,1,1,4,2,5,3,1,2.77,0,0,FALSE
Male,Loyal Customer,32,Personal Travel,Eco,370,3,4,3,4,4,3,4,4,2,1,2,3,4,3.15,0,0,FALSE
Female,Disloyal Customer,27,Business Travel,Business,460,0,0,0,2,5,0,5,5,4,4,5,3,5,2.92,0,0,TRUE
Female,Loyal Customer,38,Business Travel,Business,954,2,2,2,2,2,3,1,4,4,4,4,2,4,2.77,3,0,TRUE
Male,Loyal Customer,45,Business Travel,Business,365,5,5,5,5,5,4,4,2,2,2,2,5,4,3.85,0,0,TRUE
Male,Loyal Customer,39,Business Travel,Business,1590,2,2,2,2,3,4,4,1,1,2,1,4,4,2.46,0,0,TRUE
Female,Loyal Customer,25,Personal Travel,Eco,432,4,5,4,3,4,4,4,4,4,2,4,4,4,3.85,0,11,FALSE
Female,Loyal Customer,43,Business Travel,Business,3466,1,1,1,1,5,5,4,4,4,4,4,3,3,3.08,0,0,TRUE
Female,Disloyal Customer,24,Business Travel,Eco,853,4,4,4,5,2,4,2,2,1,4,2,3,2,3,2,4,FALSE
Female,Loyal Customer,46,Business Travel,Business,2827,4,4,4,4,4,4,4,5,5,5,5,3,3,4.15,0,0,TRUE
Female,Disloyal Customer,24,Business Travel,Eco,867,1,1,1,2,4,1,4,4,3,5,4,5,4,3,0,0,FALSE
Male,Loyal Customer,19,Personal Travel,Eco,1481,5,2,5,3,5,5,5,5,4,1,4,1,5,3.85,6,0,TRUE
Female,Loyal Customer,58,Business Travel,Business,2356,3,3,3,3,3,3,4,3,3,3,3,4,2,3.08,0,0,FALSE
Male,Loyal Customer,22,Personal Travel,Eco,229,2,4,2,4,3,2,5,3,5,4,4,5,3,3.54,0,0,FALSE
Male,Loyal Customer,40,Personal Travel,Eco,549,2,2,2,3,1,2,1,1,2,4,1,4,1,2,0,0,FALSE
Male,Loyal Customer,37,Business Travel,Business,3771,1,1,1,1,3,3,1,2,2,2,2,5,5,2.23,1,31,TRUE
Female,Disloyal Customer,25,Business Travel,Eco,1097,2,2,2,4,2,2,3,2,3,3,4,2,2,2.54,0,9,FALSE
Male,Loyal Customer,9,Personal Travel,Eco,489,2,3,3,4,5,3,5,5,5,5,3,3,5,3.92,0,0,FALSE
Male,Loyal Customer,30,Business Travel,Eco,692,2,1,1,1,2,2,2,2,4,5,3,4,2,2.38,2,23,FALSE
Male,Loyal Customer,64,Business Travel,Business,3767,1,1,1,1,3,5,5,5,5,5,5,1,2,3.08,21,0,TRUE
Male,Loyal Customer,12,Personal Travel,Eco,645,4,5,4,5,2,4,2,2,5,3,5,3,2,3.54,2,23,FALSE
Female,Loyal Customer,34,Business Travel,Eco,946,4,3,3,3,4,4,4,4,4,5,3,2,4,3.62,12,0,FALSE
Female,Loyal Customer,55,Business Travel,Business,1792,1,1,1,1,3,5,4,5,5,5,5,5,4,3.46,0,11,TRUE
Male,Loyal Customer,51,Business Travel,Business,325,0,0,0,4,2,4,5,4,4,4,4,3,4,2.92,0,0,TRUE
Male,Loyal Customer,40,Business Travel,Business,1813,4,4,1,4,1,4,5,3,3,2,3,3,3,3.08,25,63,TRUE
Male,Loyal Customer,27,Business Travel,Eco,74,3,3,4,4,3,2,3,3,3,4,4,2,3,3.15,60,56,FALSE
Male,Loyal Customer,34,Business Travel,Eco Plus,1188,2,5,5,5,2,2,2,2,1,4,4,1,2,2.85,34,29,FALSE
Female,Loyal Customer,31,Personal Travel,Eco,2583,3,2,3,3,4,3,4,4,2,3,1,4,4,3.08,0,0,FALSE
Female,Loyal Customer,45,Business Travel,Business,1005,1,1,1,1,5,5,4,5,5,5,5,4,3,3.46,14,14,TRUE
Male,Loyal Customer,47,Personal Travel,Business,781,3,2,3,3,1,3,3,4,4,3,4,3,1,2.85,24,21,FALSE
Female,Disloyal Customer,47,Business Travel,Business,890,5,5,5,5,5,5,5,4,3,5,5,5,5,4.77,132,124,TRUE
Female,Loyal Customer,44,Personal Travel,Eco,1587,1,4,0,2,5,5,5,1,1,0,1,4,5,2.62,21,4,FALSE
Male,Loyal Customer,57,Business Travel,Business,3470,5,5,5,5,3,5,5,4,4,4,4,4,4,4.38,8,2,TRUE
Male,Loyal Customer,29,Business Travel,Business,2475,3,3,3,3,3,4,3,3,3,2,3,3,3,3,0,0,TRUE
Female,Loyal Customer,44,Business Travel,Business,3847,2,2,5,2,3,4,4,2,2,2,2,4,5,3,8,0,TRUE
Male,Loyal Customer,54,Personal Travel,Eco,453,5,4,5,5,1,5,1,1,3,3,4,5,1,3.31,2,0,TRUE
Male,Loyal Customer,37,Personal Travel,Eco,327,2,0,2,4,5,2,5,5,3,5,5,5,5,3.69,10,0,FALSE
Male,Loyal Customer,50,Business Travel,Business,1613,2,4,4,4,3,4,3,2,2,2,2,3,4,3,43,65,FALSE
Male,Loyal Customer,45,Business Travel,Business,3335,4,2,4,4,3,4,3,4,4,4,4,1,4,3.46,6,0,TRUE
Female,Loyal Customer,43,Business Travel,Business,696,2,2,2,2,3,5,4,2,2,2,2,4,5,2.85,0,9,TRUE
Female,Loyal Customer,27,Business Travel,Business,1842,4,4,4,4,5,5,5,5,4,2,5,4,5,4.31,0,0,TRUE
Male,Loyal Customer,48,Personal Travel,Eco,113,2,5,2,4,1,2,1,1,2,5,2,3,1,2.38,0,0,FALSE
Female,Loyal Customer,44,Business Travel,Business,3466,5,5,5,5,3,4,5,4,4,4,4,3,3,4.15,0,0,TRUE
Male,Loyal Customer,39,Personal Travel,Eco Plus,1440,2,5,2,3,2,3,2,3,5,4,4,2,2,3,296,301,FALSE
Female,Loyal Customer,51,Business Travel,Business,3228,2,1,1,1,3,4,4,2,2,2,2,2,2,2.15,8,3,FALSE
Female,Loyal Customer,20,Personal Travel,Eco,308,4,5,4,2,2,4,2,2,4,2,1,1,2,2.69,0,0,FALSE
Female,Loyal Customer,47,Business Travel,Business,447,5,5,5,5,4,5,5,4,4,3,4,3,4,4.31,31,12,TRUE
Female,Disloyal Customer,25,Business Travel,Eco,978,5,5,5,1,4,5,4,4,4,5,3,1,4,3.85,45,52,TRUE
Male,Loyal Customer,56,Business Travel,Business,3063,2,5,2,2,3,5,5,5,5,5,5,5,4,4.08,0,0,TRUE
Male,Loyal Customer,13,Personal Travel,Eco,1605,1,5,0,1,4,0,4,4,4,3,3,4,4,2.85,0,7,FALSE
Female,Disloyal Customer,28,Business Travel,Eco,1492,3,3,3,3,1,3,1,1,2,1,1,1,1,1.85,6,0,FALSE
Male,Loyal Customer,7,Personal Travel,Eco,361,4,4,4,2,2,4,2,2,3,5,5,5,2,3.38,24,46,FALSE
Female,Loyal Customer,59,Business Travel,Business,853,1,1,2,1,2,5,4,5,5,4,5,5,5,3.46,0,0,TRUE
Female,Disloyal Customer,17,Business Travel,Eco,507,0,0,0,3,2,0,2,2,4,3,5,4,2,2.08,1,0,TRUE
Female,Loyal Customer,34,Personal Travel,Eco,1400,3,4,3,1,2,3,2,2,2,2,3,2,2,2.38,0,0,FALSE
Male,Loyal Customer,38,Business Travel,Business,495,1,1,1,1,3,4,4,5,5,5,5,5,3,3.31,11,10,TRUE
Female,Disloyal Customer,30,Business Travel,Eco,826,3,3,3,4,2,3,1,2,2,4,4,3,2,2.77,1,0,FALSE
Male,Loyal Customer,30,Personal Travel,Eco,861,1,4,1,2,4,1,1,4,5,3,4,4,4,2.92,0,14,FALSE
Male,Loyal Customer,51,Business Travel,Business,1440,1,4,1,1,5,5,4,5,5,5,5,4,5,3.85,15,5,TRUE
Female,Loyal Customer,47,Business Travel,Business,1747,4,4,4,4,4,5,5,5,5,5,5,4,5,4.54,29,34,TRUE
Male,Loyal Customer,42,Business Travel,Eco,448,5,3,3,3,4,5,4,4,3,1,5,5,4,3.77,0,0,TRUE
Male,Loyal Customer,21,Personal Travel,Eco,1670,1,0,1,5,5,1,5,5,3,3,4,5,5,3.31,0,29,FALSE
Male,Loyal Customer,7,Personal Travel,Eco,965,2,5,2,3,3,2,3,3,5,5,5,5,3,3.54,0,0,FALSE
Male,Loyal Customer,55,Personal Travel,Eco,315,3,3,3,2,5,3,5,5,4,4,3,3,5,3.69,0,25,FALSE
Male,Loyal Customer,40,Business Travel,Eco,978,3,4,3,4,3,4,3,3,2,4,2,1,3,3,11,11,TRUE
Male,Loyal Customer,12,Personal Travel,Eco Plus,1091,3,2,3,4,4,3,4,4,2,3,3,3,4,3.23,80,83,FALSE
Female,Loyal Customer,48,Business Travel,Business,2475,3,3,3,3,5,5,5,5,5,5,5,5,5,4.38,2,0,TRUE
Female,Loyal Customer,29,Personal Travel,Business,1500,2,4,2,3,2,2,2,2,5,5,5,4,2,3.08,0,0,FALSE
Female,Loyal Customer,14,Personal Travel,Eco,821,1,4,1,3,3,1,3,3,4,4,4,5,3,3,10,0,FALSE
Female,Loyal Customer,51,Business Travel,Business,3783,4,4,4,4,2,4,5,4,4,4,4,5,5,4.08,25,22,TRUE
Female,Loyal Customer,46,Personal Travel,Eco,268,3,1,3,4,5,3,3,3,3,3,3,1,2,2.85,0,0,FALSE
Male,Loyal Customer,31,Business Travel,Business,231,1,1,1,1,5,5,5,5,2,1,3,2,5,2.85,0,0,TRUE
Male,Loyal Customer,35,Personal Travel,Eco,776,2,5,2,3,2,2,4,2,5,4,5,3,2,3.15,12,0,FALSE
Male,Loyal Customer,32,Business Travel,Business,605,2,2,3,2,4,4,4,4,5,4,5,4,4,3.62,0,0,TRUE
Male,Loyal Customer,40,Business Travel,Business,2890,3,3,3,3,3,5,4,4,4,4,4,3,5,3.69,0,0,TRUE
Male,Disloyal Customer,16,Business Travel,Eco,216,5,0,5,2,4,5,4,4,4,2,4,4,4,3.62,0,0,TRUE
Female,Loyal Customer,48,Business Travel,Business,1491,5,5,5,5,2,4,5,4,4,4,4,5,3,4.23,0,0,TRUE
Male,Loyal Customer,49,Business Travel,Business,3635,5,5,3,5,4,3,3,5,4,4,4,3,3,3.92,166,159,TRUE
Female,Loyal Customer,48,Business Travel,Business,2102,4,4,4,4,2,4,4,4,4,4,4,5,5,4,0,0,TRUE
Male,Disloyal Customer,25,Business Travel,Business,746,4,3,4,2,1,4,1,1,3,5,4,5,1,2.92,2,0,TRUE
Male,Loyal Customer,58,Personal Travel,Business,447,3,2,3,4,2,3,4,3,3,3,5,3,3,3.15,38,37,FALSE
Female,Loyal Customer,56,Business Travel,Business,2738,1,1,1,1,4,4,4,4,4,4,4,5,5,3.23,0,1,TRUE
Female,Loyal Customer,41,Personal Travel,Eco,1180,4,4,4,4,5,4,5,5,3,2,3,5,5,4.08,0,0,FALSE
Female,Loyal Customer,37,Personal Travel,Eco,1055,1,5,1,3,3,1,3,3,5,3,4,5,3,3.08,8,0,FALSE
Male,Disloyal Customer,16,Business Travel,Eco,1449,2,2,2,4,4,2,4,4,1,5,3,4,4,3.15,21,28,FALSE
Female,Loyal Customer,10,Personal Travel,Eco,1007,3,5,3,4,2,3,2,2,4,5,5,4,2,3.38,0,0,FALSE
Male,Loyal Customer,16,Personal Travel,Eco,733,2,3,2,3,5,2,5,5,2,4,4,1,5,3.31,8,0,FALSE
Male,Disloyal Customer,37,Business Travel,Business,282,3,3,3,3,4,3,3,4,3,5,4,5,4,3.62,0,0,FALSE
Female,Loyal Customer,40,Business Travel,Business,2475,4,4,4,4,2,4,5,5,5,5,5,5,3,4.23,27,0,TRUE
Male,Disloyal Customer,49,Business Travel,Business,1379,5,4,4,4,5,5,5,5,4,4,4,5,5,4.54,19,13,TRUE
Female,Loyal Customer,58,Business Travel,Business,139,4,4,4,4,1,1,4,4,4,4,4,4,3,3.46,24,23,TRUE
Male,Loyal Customer,45,Business Travel,Business,3055,2,2,2,2,5,5,5,4,4,5,4,4,4,3.69,0,0,TRUE
Male,Loyal Customer,57,Personal Travel,Eco,948,2,0,2,3,4,2,4,4,5,4,5,4,4,3.31,3,4,FALSE
Female,Disloyal Customer,39,Business Travel,Eco,180,2,3,2,3,3,2,3,3,4,5,4,1,3,2.92,4,0,FALSE
Female,Loyal Customer,67,Business Travel,Business,469,3,4,2,2,3,4,4,3,3,3,3,3,1,2.92,0,0,FALSE
Male,Loyal Customer,39,Business Travel,Business,2274,2,2,2,2,5,5,5,4,4,4,4,4,3,3.54,8,17,TRUE
Male,Loyal Customer,46,Business Travel,Business,4000,3,3,3,3,4,2,1,4,4,4,4,3,4,3.23,9,20,TRUE
Male,Loyal Customer,41,Business Travel,Business,2248,1,1,1,1,4,4,4,4,4,4,4,5,4,3.15,12,0,TRUE
Female,Loyal Customer,63,Personal Travel,Eco Plus,449,1,2,1,4,1,3,4,5,5,1,5,3,4,3,0,0,FALSE
Male,Disloyal Customer,27,Business Travel,Business,163,4,4,4,4,5,4,4,5,5,3,5,5,5,4.38,4,5,TRUE
Female,Loyal Customer,52,Business Travel,Business,453,2,2,2,2,4,4,5,5,5,5,5,4,5,3.85,0,60,TRUE
Male,Loyal Customer,34,Business Travel,Business,2881,4,4,4,4,4,3,3,2,1,4,4,3,3,3.31,454,502,TRUE
Male,Disloyal Customer,44,Business Travel,Business,1521,3,3,3,2,3,3,3,3,4,5,5,3,3,3.31,54,50,FALSE
Female,Disloyal Customer,23,Business Travel,Eco,775,2,2,2,1,5,2,5,5,3,3,2,5,5,3.23,0,0,FALSE
Male,Loyal Customer,35,Personal Travel,Eco,628,4,5,4,2,5,4,3,5,4,3,5,3,5,4,0,0,FALSE
Male,Loyal Customer,38,Business Travel,Business,2916,3,3,3,3,2,1,4,5,5,5,5,4,3,3.54,0,0,TRUE
Female,Disloyal Customer,23,Business Travel,Business,472,1,3,1,4,5,1,5,5,3,1,3,1,5,2.92,3,0,FALSE
Female,Loyal Customer,58,Business Travel,Business,2586,2,2,2,2,5,5,5,1,3,5,1,5,5,3.31,2,0,TRUE
Female,Disloyal Customer,21,Business Travel,Eco,1390,3,3,3,4,4,3,4,4,1,3,3,4,4,3.31,14,0,FALSE
Female,Disloyal Customer,42,Business Travel,Eco,223,4,0,4,4,4,4,3,4,3,2,4,4,4,3.38,0,0,FALSE
Male,Loyal Customer,28,Business Travel,Business,2015,1,4,1,1,4,4,4,4,5,4,5,3,4,3.38,0,0,TRUE
Male,Disloyal Customer,29,Business Travel,Business,878,3,4,4,5,2,4,3,2,3,2,4,3,2,3.15,36,30,FALSE
Female,Loyal Customer,52,Business Travel,Eco,1506,5,1,2,1,2,3,4,5,5,5,5,4,1,3.31,0,0,TRUE
Female,Loyal Customer,40,Personal Travel,Eco,700,2,5,1,3,2,1,2,2,3,4,4,3,2,2.62,88,99,FALSE
Male,Loyal Customer,67,Personal Travel,Business,842,1,3,1,4,3,4,3,1,1,1,3,2,4,2.38,24,8,FALSE
Female,Loyal Customer,47,Personal Travel,Eco,1204,1,1,1,3,1,4,3,2,2,1,1,2,3,1.92,0,0,FALSE
Male,Loyal Customer,48,Business Travel,Eco Plus,125,2,4,4,4,2,2,2,2,1,1,4,4,2,2.62,0,16,FALSE
Female,Loyal Customer,45,Business Travel,Business,1572,1,1,1,1,4,4,4,5,5,4,5,4,5,3.38,6,0,TRUE
Male,Loyal Customer,72,Business Travel,Eco,1013,4,5,5,5,4,4,4,4,5,3,1,4,4,4,0,4,TRUE
Male,Loyal Customer,22,Business Travel,Business,393,3,5,5,5,3,3,3,3,1,1,3,2,3,3.08,0,16,FALSE
Male,Loyal Customer,60,Business Travel,Business,228,4,4,4,4,3,4,5,5,5,5,5,4,5,4.38,0,0,TRUE
Male,Loyal Customer,46,Personal Travel,Eco,200,2,1,2,2,2,1,1,1,3,2,2,1,1,1.62,142,152,FALSE
Female,Loyal Customer,55,Business Travel,Business,427,2,2,2,2,3,4,4,4,4,4,4,5,3,3.31,48,46,TRUE
Female,Loyal Customer,51,Business Travel,Business,3555,4,4,4,4,5,5,4,3,3,3,3,5,5,4,0,0,TRUE
Male,Loyal Customer,48,Personal Travel,Eco Plus,585,3,4,3,4,1,3,1,1,3,1,4,1,1,2.31,21,24,FALSE
Female,Loyal Customer,53,Business Travel,Eco,707,2,1,1,1,2,2,2,3,4,4,4,2,2,2.31,157,183,FALSE
Female,Loyal Customer,33,Personal Travel,Eco,317,3,4,3,2,4,3,4,4,5,3,1,1,4,3.15,0,0,FALSE
Male,Loyal Customer,30,Personal Travel,Eco,581,4,4,4,5,3,4,3,3,4,4,5,5,3,3.92,2,0,FALSE
Female,Loyal Customer,59,Business Travel,Business,312,3,3,3,3,3,4,5,3,3,4,3,3,4,3.38,8,9,TRUE
Female,Loyal Customer,27,Personal Travel,Eco,351,2,4,2,4,4,2,4,4,3,3,4,4,4,3.38,0,0,FALSE
Male,Disloyal Customer,20,Business Travel,Eco,733,2,2,2,3,2,2,2,2,2,1,4,2,2,2.15,23,31,FALSE
Female,Loyal Customer,46,Personal Travel,Eco,581,2,5,2,2,5,5,4,2,2,2,2,3,5,3.15,2,1,FALSE
Male,Loyal Customer,46,Business Travel,Business,1727,2,2,2,2,5,5,5,4,4,4,4,4,3,3.54,0,0,TRUE
Male,Loyal Customer,57,Business Travel,Eco,399,4,3,2,3,5,4,5,5,5,4,5,1,5,3.92,0,0,TRUE
Male,Loyal Customer,53,Business Travel,Business,266,3,3,4,3,1,4,3,3,3,3,3,2,4,3,0,8,FALSE
Male,Loyal Customer,60,Personal Travel,Eco,2329,2,5,2,1,2,1,1,5,2,4,5,1,1,2.46,0,0,FALSE
Male,Disloyal Customer,23,Business Travel,Business,1075,2,2,2,3,3,2,3,3,1,5,3,3,3,2.69,5,0,FALSE
Female,Loyal Customer,36,Business Travel,Business,3237,3,3,3,3,4,5,4,5,5,5,5,3,4,4,12,1,TRUE
Male,Loyal Customer,47,Business Travel,Business,2827,0,5,1,1,2,3,4,4,4,5,5,5,5,3.38,0,3,TRUE
Male,Loyal Customer,68,Business Travel,Eco Plus,395,2,2,2,2,2,2,2,2,1,1,3,3,2,2,34,24,FALSE
Female,Loyal Customer,52,Business Travel,Business,2381,5,5,5,5,2,5,4,5,5,4,5,5,4,4.54,0,0,TRUE
Male,Loyal Customer,44,Business Travel,Eco,2496,3,5,5,5,3,3,3,2,4,1,3,3,3,3.31,0,17,FALSE
Female,Loyal Customer,54,Personal Travel,Eco,453,2,4,2,3,2,5,4,5,5,2,2,4,5,3.46,6,0,FALSE
Male,Loyal Customer,47,Business Travel,Business,919,4,4,4,4,5,5,4,4,4,4,4,4,3,4.08,0,0,TRUE
Female,Loyal Customer,43,Business Travel,Business,1476,5,5,5,5,3,5,4,5,5,5,5,3,4,4.54,14,0,TRUE
Male,Loyal Customer,41,Business Travel,Business,1819,3,3,3,3,5,5,4,5,5,5,5,4,3,4.08,0,0,TRUE
Male,Loyal Customer,53,Business Travel,Business,689,4,4,4,4,4,5,4,5,5,5,5,3,4,4.31,0,0,TRUE
Male,Loyal Customer,43,Business Travel,Business,67,2,2,4,2,5,4,3,4,4,4,5,3,1,3.31,5,4,TRUE
Female,Loyal Customer,44,Personal Travel,Business,649,4,5,4,1,5,5,4,3,3,4,1,5,5,3.77,16,18,FALSE
Male,Loyal Customer,37,Business Travel,Business,3513,2,2,2,2,5,3,2,4,4,4,4,1,5,3.08,0,0,TRUE
Female,Loyal Customer,59,Business Travel,Business,639,4,4,4,4,5,4,5,4,4,4,4,3,4,4.08,9,0,TRUE
Male,Loyal Customer,27,Personal Travel,Business,255,4,4,4,3,5,4,5,5,5,5,4,5,5,4.46,0,0,FALSE
Male,Loyal Customer,47,Personal Travel,Eco,355,4,5,4,1,3,4,3,3,3,2,5,5,3,3.46,0,0,FALSE
Female,Loyal Customer,39,Business Travel,Business,3743,0,0,0,2,2,5,5,5,5,5,2,4,3,2.92,0,0,TRUE
Female,Disloyal Customer,33,Business Travel,Business,89,1,1,1,4,2,1,2,2,4,5,5,4,2,2.62,0,0,FALSE
Male,Disloyal Customer,39,Business Travel,Business,425,2,2,2,5,5,2,5,5,4,5,5,5,5,4,4,0,FALSE
Female,Loyal Customer,50,Business Travel,Business,577,5,5,5,5,2,4,4,4,4,4,4,4,5,4.23,0,0,TRUE
Male,Loyal Customer,49,Business Travel,Business,187,0,4,0,4,5,5,4,1,1,1,1,5,3,2.62,33,27,TRUE
Male,Loyal Customer,39,Business Travel,Business,611,1,2,2,2,4,4,4,1,1,1,1,2,2,2.08,46,42,FALSE
Female,Disloyal Customer,22,Business Travel,Eco,577,4,1,4,3,5,4,5,5,3,4,3,4,5,3.85,0,0,FALSE
Male,Loyal Customer,68,Personal Travel,Eco,674,4,4,4,1,2,4,2,2,4,5,4,5,2,3.31,6,0,FALSE
Male,Loyal Customer,61,Personal Travel,Eco,2475,3,5,3,5,3,2,5,3,4,4,4,5,5,3.92,12,0,FALSE
Female,Loyal Customer,51,Business Travel,Eco,116,4,1,1,1,4,5,3,4,4,4,4,5,3,3.31,0,0,TRUE
Male,Loyal Customer,57,Business Travel,Business,1460,4,4,4,4,3,4,5,5,5,5,5,3,4,4.23,21,22,TRUE
Male,Loyal Customer,23,Business Travel,Business,1671,1,1,1,1,5,5,5,5,5,4,5,3,5,3.54,0,5,TRUE
Male,Loyal Customer,48,Business Travel,Business,907,4,4,4,4,2,4,5,5,5,5,5,4,5,4.31,2,0,TRUE
Female,Loyal Customer,54,Business Travel,Business,2400,5,5,5,5,5,4,5,4,4,4,4,3,5,4.46,43,25,TRUE
Male,Loyal Customer,36,Business Travel,Business,1998,5,5,5,5,2,1,3,4,4,4,4,5,2,3.77,0,0,TRUE
Male,Loyal Customer,44,Business Travel,Business,239,3,3,4,3,5,5,5,5,5,5,5,3,5,4.31,1,0,TRUE
Female,Loyal Customer,46,Business Travel,Business,2096,3,3,3,3,2,5,4,5,5,5,5,5,4,4,0,0,TRUE
Female,Disloyal Customer,21,Business Travel,Eco,1339,5,5,5,1,5,5,5,5,5,4,4,1,5,4.23,0,0,TRUE
Female,Loyal Customer,22,Personal Travel,Business,259,1,1,0,3,5,0,5,5,2,5,2,2,5,2.77,0,0,FALSE
Female,Loyal Customer,43,Personal Travel,Eco,691,3,4,4,1,4,5,5,2,2,4,2,3,4,3.31,0,6,FALSE
Male,Loyal Customer,54,Business Travel,Eco,229,5,3,3,3,5,5,5,5,5,4,2,2,5,4,5,0,TRUE
Male,Disloyal Customer,25,Business Travel,Business,526,4,0,4,2,3,4,3,3,3,5,4,5,3,3.31,0,0,TRUE
Female,Loyal Customer,35,Business Travel,Business,950,5,5,5,5,5,3,1,5,5,5,5,5,5,4.54,0,0,TRUE
Male,Loyal Customer,57,Business Travel,Business,201,5,5,5,5,5,2,3,4,4,4,5,5,4,4.31,0,0,TRUE
Female,Loyal Customer,74,Business Travel,Eco Plus,101,5,5,5,5,2,5,2,5,5,5,5,2,2,4.08,0,0,TRUE
Female,Disloyal Customer,20,Business Travel,Eco,460,1,3,1,3,5,1,2,5,2,4,3,3,5,2.92,47,37,FALSE
Female,Loyal Customer,24,Business Travel,Business,2153,4,4,4,4,4,4,4,4,5,5,5,3,4,4.15,28,0,TRUE
Male,Disloyal Customer,25,Business Travel,Eco,463,2,3,2,4,4,2,4,4,2,5,4,1,4,3.15,43,41,FALSE
Male,Loyal Customer,43,Business Travel,Business,341,5,5,5,5,3,4,5,5,5,5,5,4,4,4.62,0,1,TRUE
Female,Disloyal Customer,37,Business Travel,Business,337,3,4,4,1,3,4,1,3,3,5,5,3,3,3.23,0,0,FALSE
Female,Loyal Customer,46,Business Travel,Business,3653,5,5,3,5,3,4,5,3,3,3,3,3,3,3.69,0,0,TRUE
Female,Loyal Customer,22,Personal Travel,Eco,255,4,4,4,5,5,4,5,5,4,2,5,5,5,4.38,8,6,TRUE
Female,Loyal Customer,43,Personal Travel,Eco Plus,544,1,5,1,1,5,2,4,1,1,1,1,4,3,2.31,0,0,FALSE
Female,Loyal Customer,56,Business Travel,Business,3451,1,1,1,1,4,4,5,3,3,3,3,4,4,2.85,2,6,TRUE
Male,Loyal Customer,54,Business Travel,Business,3888,0,0,0,4,5,5,5,5,5,5,5,4,3,3.54,24,19,TRUE
Female,Loyal Customer,37,Business Travel,Business,2615,3,1,1,1,3,3,3,4,3,4,3,3,3,2.69,0,1,FALSE
Female,Loyal Customer,57,Business Travel,Business,1947,2,2,2,2,3,5,5,4,4,4,4,5,3,3.46,10,18,TRUE
Female,Disloyal Customer,23,Business Travel,Eco,338,1,0,1,2,3,1,3,3,3,4,5,4,3,2.54,0,0,FALSE
Male,Loyal Customer,26,Personal Travel,Eco,430,2,5,2,4,5,2,2,5,4,3,5,4,5,3.69,0,0,FALSE
Female,Loyal Customer,42,Business Travel,Eco,631,5,5,5,5,5,4,2,5,5,5,5,1,2,4.15,0,0,TRUE
Female,Loyal Customer,28,Business Travel,Business,985,2,2,2,2,4,4,4,4,5,4,4,4,4,3.46,0,0,TRUE
Female,Loyal Customer,69,Personal Travel,Eco,587,3,4,3,4,4,5,4,3,3,3,3,3,4,3.54,6,0,FALSE
Male,Disloyal Customer,23,Business Travel,Eco,1087,4,3,3,1,2,3,2,2,3,5,4,4,2,2.92,14,3,TRUE
Female,Loyal Customer,51,Business Travel,Business,1547,2,2,2,2,3,5,5,4,4,4,4,3,4,3.38,0,0,TRUE
Male,Disloyal Customer,26,Business Travel,Eco,110,3,4,3,3,4,3,4,4,2,1,3,2,4,3.08,0,0,FALSE
Female,Loyal Customer,51,Business Travel,Eco Plus,515,3,1,1,1,3,2,2,3,3,3,3,4,3,2.46,0,0,FALSE
Female,Loyal Customer,51,Business Travel,Business,1713,3,3,4,3,4,4,4,5,5,4,5,4,3,3.92,112,129,TRUE
Female,Loyal Customer,45,Business Travel,Business,1674,3,3,4,3,5,5,4,4,4,4,4,5,4,4,0,0,TRUE
Female,Loyal Customer,54,Business Travel,Business,550,5,5,5,5,5,5,4,4,4,5,4,4,5,4.62,0,0,TRUE
Male,Loyal Customer,65,Personal Travel,Eco,1390,2,2,3,2,5,3,5,5,1,3,1,4,5,3.15,15,7,FALSE
Male,Disloyal Customer,27,Business Travel,Eco,188,2,0,2,3,4,2,4,4,4,2,4,2,4,2.85,0,0,FALSE
Female,Loyal Customer,42,Business Travel,Eco,421,2,4,4,4,3,3,4,2,2,2,2,2,1,2.69,0,0,FALSE
Female,Disloyal Customer,62,Business Travel,Eco,1005,3,3,3,3,3,3,3,3,4,3,3,3,3,3.08,21,6,FALSE
Male,Loyal Customer,37,Business Travel,Eco,280,2,4,1,1,2,2,2,2,5,5,1,1,2,2.31,0,0,TRUE
Female,Loyal Customer,33,Business Travel,Business,356,5,5,5,5,4,5,5,4,4,4,4,5,3,4.46,0,1,TRUE
Female,Loyal Customer,40,Business Travel,Business,3061,1,1,1,1,3,5,5,2,2,3,2,4,3,2.54,0,22,TRUE
Female,Loyal Customer,11,Personal Travel,Eco,1069,4,4,4,1,3,4,3,3,5,5,4,5,3,3.69,4,0,FALSE
Male,Loyal Customer,39,Personal Travel,Eco,667,1,5,1,3,4,1,1,4,4,3,5,5,4,3.15,0,0,FALSE
Male,Loyal Customer,41,Business Travel,Business,1563,3,3,4,3,3,5,5,3,3,3,3,5,5,3.69,0,0,TRUE
Female,Disloyal Customer,57,Business Travel,Business,964,4,4,4,2,3,4,3,3,5,3,5,3,3,3.54,22,7,TRUE
Male,Loyal Customer,50,Business Travel,Eco,157,5,2,4,2,5,5,5,5,2,3,4,2,5,3.77,0,0,TRUE
Female,Loyal Customer,42,Business Travel,Business,909,4,3,5,3,1,4,3,4,4,4,4,3,1,3.31,8,1,FALSE
Male,Loyal Customer,39,Business Travel,Business,2972,3,3,3,3,4,5,5,4,4,4,4,3,4,3.77,0,0,TRUE
Male,Loyal Customer,54,Business Travel,Business,862,4,4,4,4,3,4,4,2,2,2,2,4,5,3.38,0,0,TRUE
Male,Disloyal Customer,38,Business Travel,Business,989,2,2,2,2,1,2,1,1,3,3,5,3,1,2.15,0,0,FALSE
Male,Loyal Customer,36,Personal Travel,Eco,1972,3,1,3,3,3,3,3,3,4,4,2,2,3,2.85,10,0,FALSE
Female,Loyal Customer,62,Personal Travel,Eco,956,2,4,2,1,4,5,5,2,2,2,2,3,3,2.85,0,0,FALSE
Female,Disloyal Customer,22,Business Travel,Eco,528,4,5,4,3,5,4,5,5,5,3,5,4,5,4.38,0,0,FALSE
Male,Loyal Customer,61,Business Travel,Business,296,0,0,0,2,2,5,5,3,3,3,3,4,3,2.54,69,88,TRUE
Female,Loyal Customer,34,Business Travel,Business,3062,3,1,1,1,3,3,4,3,3,3,3,2,4,2.62,0,14,FALSE
Male,Loyal Customer,46,Personal Travel,Eco,645,4,2,4,4,3,4,3,3,4,2,3,2,3,3.15,33,36,TRUE
Female,Disloyal Customer,25,Business Travel,Eco,489,2,3,3,1,1,3,1,1,1,3,3,5,1,2.15,0,0,FALSE
Female,Loyal Customer,57,Business Travel,Business,1979,1,5,5,5,2,3,4,1,1,1,1,1,2,2.46,30,15,FALSE
Male,Disloyal Customer,20,Business Travel,Eco,1190,4,4,4,2,5,4,5,5,3,1,4,1,5,3.62,6,4,TRUE
Female,Loyal Customer,46,Business Travel,Business,2583,2,3,2,2,5,4,4,5,5,5,5,5,3,3.85,0,0,TRUE
Female,Loyal Customer,47,Business Travel,Business,3586,1,1,1,1,3,5,4,5,5,5,5,3,5,3.38,1,0,TRUE
Female,Loyal Customer,49,Business Travel,Business,2080,1,1,1,1,2,5,5,4,4,5,4,4,5,3.23,0,0,TRUE
Female,Loyal Customer,54,Business Travel,Business,1871,5,5,5,5,5,4,5,4,4,4,4,4,4,4.46,0,5,TRUE
Female,Loyal Customer,26,Personal Travel,Eco,370,3,5,3,1,5,3,5,5,4,3,5,3,5,3.85,0,0,FALSE
Male,Disloyal Customer,17,Business Travel,Eco,1262,3,3,3,1,3,3,3,3,3,3,4,4,3,3,0,4,FALSE
Male,Loyal Customer,52,Business Travel,Business,3598,4,4,3,4,4,5,5,5,5,5,5,5,3,4.38,0,0,TRUE
Male,Loyal Customer,12,Business Travel,Business,711,2,2,2,2,2,2,2,2,1,2,3,4,2,2.15,9,0,FALSE
Male,Loyal Customer,29,Personal Travel,Eco,550,3,2,3,4,2,3,2,2,4,1,4,3,2,2.69,0,0,FALSE
Male,Disloyal Customer,24,Business Travel,Business,715,4,5,4,3,4,4,4,4,3,5,5,4,4,4.08,18,7,TRUE
Male,Disloyal Customer,18,Business Travel,Eco,942,5,5,5,1,4,5,4,4,4,4,4,3,4,4,0,21,TRUE
Male,Loyal Customer,50,Business Travel,Business,3681,2,2,2,2,5,3,2,4,4,4,4,3,2,3,12,7,TRUE
Male,Loyal Customer,21,Business Travel,Business,280,2,2,2,2,4,4,4,4,4,2,5,4,4,3.31,0,0,TRUE
Female,Loyal Customer,32,Personal Travel,Eco,584,3,5,3,5,3,3,3,3,5,2,4,3,3,3.46,75,67,FALSE
Female,Loyal Customer,46,Business Travel,Eco,421,4,5,5,5,1,4,2,4,4,4,4,4,1,3.62,42,41,TRUE
Male,Loyal Customer,45,Business Travel,Business,2345,4,4,4,4,5,4,4,4,4,4,4,5,4,4.15,3,4,TRUE
Female,Loyal Customer,11,Personal Travel,Eco,1464,1,4,1,2,1,1,1,1,4,3,5,5,1,2.31,22,37,FALSE
Male,Loyal Customer,43,Business Travel,Business,2646,3,3,3,3,3,4,4,5,5,5,5,5,3,3.92,0,0,TRUE
Male,Loyal Customer,19,Personal Travel,Eco,119,2,4,0,2,4,0,4,4,4,1,2,5,4,2.77,0,0,FALSE
Male,Loyal Customer,58,Personal Travel,Eco Plus,989,0,5,0,3,4,0,4,4,4,5,4,3,4,3.08,0,0,TRUE
Female,Loyal Customer,36,Personal Travel,Eco,862,2,4,2,5,4,2,4,4,4,4,4,4,4,3.62,0,2,FALSE
Female,Disloyal Customer,38,Business Travel,Eco,395,2,0,2,5,3,2,3,3,1,2,5,4,3,2.69,0,0,FALSE
Male,Loyal Customer,60,Personal Travel,Eco,299,3,4,3,1,1,3,1,1,4,3,4,3,1,2.46,0,12,FALSE
Female,Loyal Customer,10,Personal Travel,Eco,1521,1,5,1,1,5,1,5,5,3,2,3,5,5,3.23,42,20,FALSE
Female,Loyal Customer,52,Personal Travel,Eco,780,4,5,3,5,5,5,1,3,3,3,3,5,2,3.62,0,0,FALSE
Male,Loyal Customer,52,Business Travel,Eco,145,4,4,4,4,4,4,4,4,2,3,5,5,4,3.92,0,1,TRUE
Male,Disloyal Customer,22,Business Travel,Eco,546,5,5,5,4,5,5,5,5,4,3,1,3,5,4.23,0,0,TRUE
Male,Loyal Customer,33,Business Travel,Business,2532,5,5,3,5,5,5,5,5,4,2,4,5,5,4.46,21,8,TRUE
Female,Loyal Customer,47,Personal Travel,Eco Plus,763,1,5,0,5,4,5,4,2,2,0,2,3,4,2.85,0,0,FALSE
Male,Loyal Customer,43,Personal Travel,Eco,948,3,3,3,4,3,3,4,3,1,2,4,2,3,2.92,11,5,FALSE
Male,Loyal Customer,53,Personal Travel,Eco,1026,2,4,2,2,5,2,5,5,5,3,4,3,5,3.62,0,0,FALSE
Female,Loyal Customer,28,Personal Travel,Eco,226,4,4,0,4,4,0,4,4,3,3,5,4,4,3.31,0,1,FALSE
Male,Loyal Customer,43,Business Travel,Business,1464,5,5,4,5,2,4,5,2,2,2,2,4,3,3.46,1,0,TRUE
Male,Loyal Customer,39,Business Travel,Eco,414,5,5,5,5,5,5,5,5,1,2,2,5,5,4.23,89,89,TRUE
Female,Loyal Customer,47,Personal Travel,Business,788,2,4,2,3,2,5,5,4,4,2,4,3,3,3.31,5,17,FALSE
Male,Loyal Customer,25,Personal Travel,Eco,812,2,3,2,3,5,2,5,5,4,2,3,2,5,3.31,0,0,FALSE
Male,Disloyal Customer,20,Business Travel,Business,419,4,4,4,1,5,4,5,5,4,2,5,3,5,3.92,0,0,TRUE
Male,Loyal Customer,32,Business Travel,Business,2153,2,2,2,2,5,5,5,5,4,3,4,3,5,3.62,0,0,TRUE
Female,Loyal Customer,75,Business Travel,Eco,386,3,2,1,2,1,2,3,3,3,3,3,3,1,2.31,16,14,FALSE
Male,Loyal Customer,60,Personal Travel,Eco,776,4,4,4,2,2,4,2,2,4,4,4,3,2,3.15,0,0,TRUE
Male,Loyal Customer,19,Personal Travel,Eco,907,0,5,0,3,2,0,2,2,3,3,4,4,2,2.31,0,0,TRUE
Female,Loyal Customer,73,Business Travel,Business,261,2,2,2,2,3,2,5,3,3,4,3,1,4,2.77,3,1,TRUE
Male,Loyal Customer,45,Business Travel,Business,507,5,5,5,5,4,4,5,4,4,4,4,5,4,4.46,57,57,TRUE
Female,Loyal Customer,56,Business Travel,Eco,280,5,1,2,2,4,4,1,5,5,5,5,2,2,3.31,0,9,TRUE
Male,Disloyal Customer,27,Business Travel,Eco,1201,1,1,1,3,2,1,2,2,4,3,5,5,2,2.46,82,56,FALSE
Female,Loyal Customer,53,Business Travel,Business,3463,2,2,2,2,3,5,5,5,5,5,5,4,5,3.85,0,0,TRUE
Female,Loyal Customer,58,Business Travel,Business,813,4,4,4,4,5,4,5,5,5,5,5,3,3,4.31,0,0,TRUE
Female,Loyal Customer,13,Business Travel,Business,2454,2,2,2,2,5,4,5,5,3,4,4,5,5,3.69,3,0,TRUE
Female,Disloyal Customer,20,Business Travel,Eco,265,3,3,3,4,3,3,2,3,3,4,4,2,3,3.08,1,0,FALSE
Female,Loyal Customer,64,Business Travel,Business,2673,4,4,4,4,5,4,4,5,5,4,5,5,3,4.31,0,0,TRUE
Female,Loyal Customer,8,Personal Travel,Eco Plus,1269,3,5,3,1,4,3,2,4,3,3,5,4,4,3.38,0,8,FALSE
Female,Loyal Customer,42,Business Travel,Eco,787,4,2,3,2,2,5,1,4,4,4,4,2,4,3.15,0,0,TRUE
Female,Loyal Customer,23,Business Travel,Eco,860,3,1,1,1,3,3,3,1,3,3,3,3,3,2.38,143,123,FALSE
Male,Disloyal Customer,24,Business Travel,Eco,544,2,0,2,4,5,2,5,5,3,2,5,3,5,3.31,0,0,FALSE
Female,Loyal Customer,50,Business Travel,Business,2210,4,4,4,4,4,4,4,5,5,5,5,3,5,4.31,0,0,TRUE
Female,Loyal Customer,32,Business Travel,Business,3043,2,2,2,2,4,4,4,4,5,4,4,5,4,3.54,16,25,TRUE
Female,Loyal Customer,46,Business Travel,Business,2125,2,2,2,2,3,4,4,4,4,4,4,3,4,3.23,0,0,TRUE
Male,Loyal Customer,36,Business Travel,Business,986,2,2,2,2,3,2,4,4,4,4,4,5,2,3.08,18,0,TRUE
Male,Loyal Customer,62,Personal Travel,Eco,528,3,4,3,3,3,3,3,3,1,1,5,1,3,2.77,0,0,FALSE
Female,Disloyal Customer,38,Business Travel,Business,587,2,3,3,3,2,3,2,2,5,3,4,4,2,2.92,7,6,FALSE
Male,Loyal Customer,11,Personal Travel,Eco,834,2,4,2,3,5,2,5,5,4,1,3,1,5,3.23,0,0,FALSE
Female,Loyal Customer,69,Personal Travel,Eco,925,2,5,2,3,2,5,4,5,5,2,5,4,5,3.77,0,0,FALSE
Female,Loyal Customer,11,Personal Travel,Eco Plus,1598,3,5,3,5,5,3,5,5,4,4,5,3,5,4.23,0,0,FALSE
Female,Disloyal Customer,48,Business Travel,Business,967,4,4,4,3,3,4,3,3,3,4,4,4,3,3.54,0,0,TRUE
Male,Loyal Customer,70,Personal Travel,Eco,372,4,2,4,2,2,4,2,2,3,4,1,3,2,2.69,7,0,FALSE
Male,Loyal Customer,60,Business Travel,Business,3459,5,5,4,5,4,4,4,1,1,2,1,3,3,3.23,2,0,TRUE
Female,Loyal Customer,54,Business Travel,Business,2236,2,2,3,2,5,2,5,5,5,5,3,2,1,3.23,0,3,TRUE
Male,Loyal Customer,57,Business Travel,Business,2397,2,3,2,2,3,5,5,2,2,2,2,3,4,2.85,0,0,TRUE
Male,Loyal Customer,33,Personal Travel,Business,290,3,4,3,2,2,3,2,2,3,3,4,4,2,2.85,4,2,FALSE
Male,Disloyal Customer,20,Business Travel,Eco,1547,1,1,1,4,5,1,5,5,3,1,3,2,5,2.85,5,6,FALSE
Female,Loyal Customer,31,Business Travel,Eco,680,4,3,3,3,4,4,4,4,1,5,4,2,4,3.46,0,0,TRUE
Male,Loyal Customer,79,Business Travel,Business,525,2,2,2,2,5,1,3,4,4,4,4,5,3,3.15,0,0,TRUE
Female,Loyal Customer,52,Business Travel,Business,2960,5,5,5,5,3,4,5,2,2,2,2,5,4,3.77,52,48,TRUE
Male,Loyal Customer,42,Business Travel,Business,2346,4,4,1,4,4,2,3,4,4,5,3,3,1,3.23,0,0,TRUE
Female,Loyal Customer,69,Personal Travel,Eco,488,2,0,2,3,5,5,4,5,5,2,5,3,5,3.54,0,0,FALSE
Female,Loyal Customer,54,Business Travel,Business,2615,1,1,1,1,5,5,5,3,2,3,5,5,5,3.23,0,41,TRUE
Female,Loyal Customer,49,Business Travel,Business,1235,1,5,1,1,2,5,5,4,4,4,4,4,4,3.38,0,0,TRUE
Female,Loyal Customer,51,Business Travel,Business,1707,3,5,5,5,1,3,4,3,3,3,3,4,4,3.54,0,0,FALSE
Female,Loyal Customer,23,Personal Travel,Eco Plus,925,4,4,4,3,4,4,5,4,5,5,5,5,4,4.31,0,9,FALSE
Female,Loyal Customer,10,Personal Travel,Eco,262,4,2,4,3,1,4,1,1,4,3,3,1,1,2.46,0,3,FALSE
Female,Loyal Customer,44,Personal Travel,Eco,733,3,3,3,2,2,3,4,1,1,3,1,4,1,2.38,0,0,FALSE
Female,Loyal Customer,46,Business Travel,Business,1416,1,4,4,4,3,2,2,1,1,1,1,3,4,2.38,0,0,FALSE
Female,Loyal Customer,27,Business Travel,Eco,927,2,1,4,1,2,2,2,2,2,4,3,1,2,2.15,27,26,FALSE
Female,Loyal Customer,38,Business Travel,Business,3469,2,2,3,2,3,5,5,4,4,4,4,3,5,3.54,0,2,TRUE
Female,Loyal Customer,77,Business Travel,Business,632,1,5,5,5,4,4,4,1,1,1,1,2,1,2.69,0,0,FALSE
Female,Loyal Customer,60,Business Travel,Eco,160,5,3,3,3,4,1,3,5,5,5,5,1,3,3.54,0,5,TRUE
Male,Loyal Customer,49,Business Travel,Business,2432,5,5,5,5,2,5,4,5,5,5,5,4,4,4.54,0,0,TRUE
Male,Loyal Customer,51,Business Travel,Business,1123,4,4,1,4,5,4,4,5,5,5,5,4,3,4.08,0,22,TRUE
Male,Loyal Customer,51,Business Travel,Business,2647,3,3,3,3,5,1,2,5,5,5,5,4,5,3.77,0,0,TRUE
Male,Loyal Customer,42,Personal Travel,Eco,2640,1,5,1,3,1,1,1,1,5,3,4,3,1,2.31,0,0,FALSE
Male,Loyal Customer,47,Business Travel,Business,2927,1,1,1,1,3,4,4,5,5,5,5,5,5,3.46,0,0,TRUE
Male,Loyal Customer,55,Business Travel,Business,3774,4,4,4,4,3,4,4,4,4,4,4,3,3,3.77,0,13,TRUE
Male,Loyal Customer,44,Business Travel,Eco,453,4,1,5,1,4,4,4,4,2,3,3,5,4,3.38,0,0,TRUE
Female,Loyal Customer,44,Personal Travel,Eco,328,1,5,1,3,2,2,5,2,2,1,2,2,1,2.23,0,0,FALSE
Female,Disloyal Customer,29,Business Travel,Business,190,5,4,4,3,1,4,1,1,4,5,4,3,1,3.08,5,0,TRUE
Female,Disloyal Customer,24,Business Travel,Business,1771,0,0,0,5,3,0,3,3,3,4,4,4,3,2.46,0,0,TRUE
Female,Loyal Customer,67,Personal Travel,Eco,157,1,2,1,4,3,4,4,4,4,1,4,4,2,2.92,0,0,FALSE
Female,Loyal Customer,54,Business Travel,Business,2917,4,4,4,4,4,5,5,5,5,5,5,4,5,4.54,0,0,TRUE
Female,Disloyal Customer,39,Business Travel,Business,1165,2,3,3,3,5,3,5,5,4,3,4,4,5,3.77,12,9,FALSE
Male,Loyal Customer,39,Personal Travel,Eco,432,2,4,2,4,2,4,4,5,5,5,4,4,4,3.77,174,178,FALSE
Male,Loyal Customer,32,Personal Travel,Business,227,1,4,1,3,5,1,5,5,5,3,5,3,5,3.54,0,0,FALSE
Female,Loyal Customer,52,Business Travel,Business,1558,4,4,2,4,3,5,5,5,5,5,5,5,5,4.38,3,0,TRUE
Female,Loyal Customer,43,Business Travel,Business,2125,2,2,3,2,5,4,4,4,4,4,4,4,4,3.54,0,22,TRUE
Male,Loyal Customer,48,Business Travel,Eco,251,5,4,4,4,5,5,5,5,1,3,5,4,5,4.23,4,0,TRUE
Female,Loyal Customer,36,Business Travel,Eco Plus,209,4,2,2,2,4,3,4,4,2,3,4,1,4,3,30,30,FALSE
Male,Loyal Customer,60,Business Travel,Business,2588,5,5,5,5,3,4,4,4,4,4,4,3,4,4.15,7,0,TRUE
Male,Loyal Customer,63,Personal Travel,Eco,134,4,3,4,2,5,4,4,5,5,2,3,4,5,3.85,0,0,TRUE
Male,Loyal Customer,42,Business Travel,Business,3868,3,3,3,3,3,4,5,4,4,4,4,3,4,3.62,0,0,TRUE
Female,Loyal Customer,42,Business Travel,Business,1544,2,2,2,2,4,3,3,5,5,5,5,3,3,3.38,0,0,TRUE
Female,Loyal Customer,43,Business Travel,Business,3099,2,2,2,2,2,5,4,3,3,4,3,4,5,3.15,0,13,TRUE
Male,Disloyal Customer,42,Business Travel,Eco,383,3,2,3,3,5,3,5,5,2,3,4,1,5,3.38,0,0,FALSE
Male,Loyal Customer,58,Business Travel,Eco,900,4,4,4,4,5,4,5,5,1,3,3,4,5,3.92,0,0,TRUE
Female,Disloyal Customer,24,Business Travel,Eco,223,3,1,3,4,5,3,5,5,3,4,4,3,5,3.69,1,7,FALSE
Male,Loyal Customer,35,Personal Travel,Eco,696,4,1,3,2,1,3,1,1,4,1,2,4,1,2.15,18,2,FALSE
Female,Loyal Customer,60,Business Travel,Business,1952,4,4,4,4,4,4,5,4,4,4,4,5,5,4.23,0,0,TRUE
Male,Loyal Customer,42,Business Travel,Eco,78,2,1,1,1,2,2,2,2,2,3,4,3,2,2.08,38,33,FALSE
Male,Disloyal Customer,21,Business Travel,Business,404,4,0,4,2,1,4,1,1,3,3,5,5,1,2.62,0,0,TRUE
Male,Disloyal Customer,22,Business Travel,Business,950,5,0,5,1,1,5,1,1,3,2,5,4,1,2.62,6,40,TRUE
Male,Loyal Customer,29,Business Travel,Business,1739,1,1,4,1,5,5,5,5,4,3,5,5,5,3.77,6,0,TRUE
Male,Loyal Customer,51,Business Travel,Business,337,1,1,1,1,2,4,4,4,4,4,4,5,3,2.92,0,0,TRUE
Female,Loyal Customer,40,Business Travel,Eco,594,5,4,4,4,5,5,5,5,1,4,1,5,5,4.08,0,0,TRUE
Male,Loyal Customer,67,Personal Travel,Eco,550,1,1,1,2,4,1,4,4,3,4,1,2,4,2.46,0,0,FALSE
Male,Loyal Customer,42,Business Travel,Business,2455,2,2,2,2,3,5,4,5,5,5,5,5,4,3.77,0,0,TRUE
Male,Disloyal Customer,19,Business Travel,Eco,258,0,5,1,1,4,1,1,4,4,5,5,3,4,2.92,0,0,TRUE
Male,Loyal Customer,39,Personal Travel,Eco,332,4,3,4,3,2,4,2,2,3,1,3,3,2,2.77,30,19,FALSE
Male,Loyal Customer,33,Business Travel,Business,3417,3,3,3,3,5,5,5,5,4,3,3,4,5,3.92,0,0,TRUE
Male,Loyal Customer,34,Personal Travel,Eco,409,3,5,3,2,1,3,1,1,5,5,5,4,1,3,0,0,FALSE
Male,Loyal Customer,50,Business Travel,Business,3003,0,0,0,2,5,5,5,3,3,3,3,3,4,2.77,0,0,TRUE
Male,Loyal Customer,43,Personal Travel,Eco,2475,3,5,3,3,3,1,1,5,4,3,5,1,1,2.92,62,125,FALSE
Male,Loyal Customer,40,Business Travel,Eco,551,5,4,3,3,5,5,5,5,4,2,3,5,5,4.15,0,0,TRUE
Male,Loyal Customer,24,Business Travel,Business,1416,3,3,3,3,4,4,4,4,5,4,2,5,4,3.69,0,0,TRUE
Male,Loyal Customer,31,Business Travel,Eco Plus,2355,3,3,3,3,3,3,3,3,4,4,3,3,3,3.15,0,0,FALSE
Male,Loyal Customer,69,Personal Travel,Business,296,4,5,4,2,4,5,5,5,5,4,5,4,4,4.31,6,0,FALSE
Male,Loyal Customer,56,Business Travel,Business,2611,4,4,4,4,5,1,1,4,4,4,4,1,4,3.38,0,6,FALSE
Female,Loyal Customer,21,Personal Travel,Eco,1102,1,2,1,3,3,1,4,3,4,1,3,1,3,2.31,2,0,FALSE
Female,Loyal Customer,31,Business Travel,Eco Plus,101,4,2,5,2,4,4,4,4,3,3,1,2,4,3.23,0,0,TRUE
Male,Loyal Customer,41,Business Travel,Business,2030,1,1,1,1,3,4,3,4,4,4,1,3,2,2.46,0,0,FALSE
Female,Loyal Customer,25,Business Travel,Business,834,5,5,5,5,4,5,4,4,2,2,5,4,4,4.15,0,0,TRUE
Male,Loyal Customer,37,Business Travel,Eco,1005,4,3,3,3,4,4,4,4,4,4,4,3,4,3.69,17,10,FALSE
Female,Loyal Customer,58,Business Travel,Business,612,4,4,4,4,3,5,5,4,4,4,4,5,4,4.15,5,14,TRUE
Male,Loyal Customer,63,Personal Travel,Eco,337,3,5,3,2,2,3,2,2,5,2,5,3,2,3,0,0,FALSE
Male,Loyal Customer,38,Business Travel,Business,1713,4,4,4,4,2,3,1,4,4,4,4,1,5,3.38,43,44,TRUE
Male,Loyal Customer,14,Personal Travel,Eco,820,2,1,2,4,4,2,4,4,4,1,4,2,4,2.92,0,0,FALSE
Female,Loyal Customer,49,Business Travel,Business,1744,5,5,5,5,5,4,4,4,4,4,4,3,5,4.38,0,0,TRUE
Male,Loyal Customer,46,Personal Travel,Eco Plus,1250,4,5,4,3,4,4,4,4,3,3,4,4,4,3.85,0,12,FALSE
Female,Loyal Customer,51,Business Travel,Business,3475,3,5,3,3,2,5,4,4,4,4,4,4,3,3.69,0,0,TRUE
Male,Disloyal Customer,22,Business Travel,Business,354,4,2,4,3,4,4,4,4,1,4,4,3,4,3.46,0,26,FALSE
Female,Loyal Customer,39,Business Travel,Business,1926,3,2,2,2,2,3,3,3,3,3,3,1,2,2.46,0,2,FALSE
Male,Loyal Customer,29,Business Travel,Business,2087,4,3,3,3,4,4,4,4,1,5,4,1,4,3.38,5,0,FALSE
Male,Loyal Customer,24,Personal Travel,Eco,2521,3,5,3,4,5,3,5,5,5,1,5,2,5,3.92,8,6,FALSE
Female,Loyal Customer,60,Personal Travel,Eco,1306,4,5,4,4,4,5,4,1,1,4,1,5,4,3.54,0,0,TRUE
Male,Disloyal Customer,24,Business Travel,Eco,1117,2,2,2,5,2,2,2,2,4,3,5,5,2,2.92,2,0,FALSE
Male,Loyal Customer,60,Business Travel,Business,2704,3,3,3,3,3,3,4,4,4,4,4,5,5,3.69,0,0,TRUE
Female,Loyal Customer,47,Business Travel,Business,1111,4,4,2,4,3,5,5,4,4,4,4,3,4,3.85,21,15,TRUE
Male,Loyal Customer,37,Business Travel,Business,251,1,1,2,1,4,1,3,5,5,5,5,3,3,3,0,0,TRUE
Female,Loyal Customer,43,Business Travel,Business,2882,0,0,0,2,2,1,3,5,5,3,3,3,4,2.38,6,0,TRUE
Male,Loyal Customer,11,Personal Travel,Eco,1460,4,2,5,3,4,5,1,4,1,2,1,4,4,3.08,1,0,FALSE
Female,Disloyal Customer,42,Business Travel,Business,1310,5,0,0,4,4,5,3,4,5,3,5,3,4,3.46,101,82,TRUE
Male,Loyal Customer,18,Business Travel,Business,545,4,4,4,4,4,4,4,4,5,3,5,3,4,4,0,0,TRUE
Male,Loyal Customer,46,Business Travel,Business,130,2,2,3,2,3,4,4,2,2,2,2,3,2,2.54,35,37,FALSE
Male,Disloyal Customer,21,Business Travel,Business,1916,1,3,1,4,2,1,1,2,3,3,4,4,2,2.38,0,9,FALSE
Female,Loyal Customer,53,Business Travel,Business,2381,1,4,4,4,5,3,2,3,3,3,1,1,3,2.85,0,0,FALSE
Male,Loyal Customer,50,Personal Travel,Eco,1120,0,5,0,1,2,0,2,2,3,3,1,3,2,1.85,1,0,TRUE
Male,Loyal Customer,61,Personal Travel,Eco,337,2,5,2,3,5,2,1,5,4,5,4,5,5,3.69,0,0,FALSE
Female,Loyal Customer,40,Personal Travel,Eco,594,1,4,1,1,2,1,2,2,5,3,3,1,2,2.15,0,14,FALSE
Female,Loyal Customer,59,Business Travel,Business,3635,3,3,5,3,3,4,4,5,5,5,4,4,4,4,4,0,TRUE
Female,Loyal Customer,64,Personal Travel,Eco,954,2,1,2,4,4,4,3,2,2,2,1,3,1,2.38,0,0,FALSE
Male,Loyal Customer,57,Business Travel,Business,3392,1,1,1,1,5,5,5,4,4,4,5,3,5,3.38,19,34,TRUE
Female,Loyal Customer,52,Business Travel,Business,1719,4,4,4,4,3,5,5,5,5,5,5,5,5,4.54,0,0,TRUE
Male,Disloyal Customer,29,Business Travel,Eco,373,1,5,1,4,5,1,5,5,3,5,2,4,5,3.54,0,0,FALSE
Male,Loyal Customer,48,Business Travel,Business,762,3,3,3,3,2,4,4,4,4,4,4,3,4,3.46,0,0,TRUE
Female,Loyal Customer,23,Business Travel,Business,3612,1,1,1,1,5,5,5,5,5,4,4,4,5,3.54,0,0,TRUE
Male,Loyal Customer,71,Business Travel,Eco Plus,594,2,5,5,5,2,2,2,2,3,5,4,2,2,3.15,41,35,FALSE
Female,Loyal Customer,12,Personal Travel,Eco,516,5,4,5,3,2,5,2,2,3,2,4,2,2,3.15,9,24,TRUE
Female,Loyal Customer,31,Business Travel,Eco,130,5,1,1,1,5,5,5,5,2,5,1,3,5,3.38,1,0,TRUE
Female,Loyal Customer,57,Business Travel,Business,1541,4,4,4,4,2,5,4,5,5,5,5,3,4,4.15,0,0,TRUE
Female,Disloyal Customer,22,Business Travel,Eco,3784,2,1,1,3,2,4,4,3,3,4,4,4,4,3,0,0,FALSE
Male,Loyal Customer,57,Personal Travel,Eco,337,3,2,3,2,2,3,2,2,3,4,2,2,2,2.46,13,5,FALSE
Female,Loyal Customer,33,Business Travel,Business,2851,4,4,4,4,5,5,5,3,3,3,3,4,3,3.85,33,36,TRUE
Male,Loyal Customer,38,Business Travel,Eco,550,4,4,4,4,4,5,4,4,3,5,1,3,4,3.77,0,15,TRUE
Female,Loyal Customer,25,Business Travel,Eco Plus,237,5,2,2,2,5,5,3,5,2,2,1,4,5,3.31,1,0,TRUE
Female,Disloyal Customer,26,Business Travel,Business,1014,4,4,4,4,1,4,1,1,3,5,5,3,1,3.08,9,19,TRUE
Female,Loyal Customer,54,Business Travel,Eco Plus,349,3,4,4,4,3,3,3,1,1,2,3,3,3,2.85,144,151,FALSE
Male,Loyal Customer,54,Business Travel,Business,1735,1,1,1,1,5,4,4,4,4,4,4,5,3,3.15,13,1,TRUE
Male,Loyal Customer,46,Business Travel,Eco Plus,321,5,5,5,5,5,5,5,5,2,4,2,2,5,4.23,0,0,TRUE
Female,Disloyal Customer,24,Business Travel,Eco,589,1,3,1,1,4,1,4,4,4,1,4,5,4,2.85,5,18,FALSE
Male,Disloyal Customer,29,Business Travel,Eco,200,4,5,4,2,1,4,1,1,3,1,5,4,1,2.77,0,0,FALSE
Female,Loyal Customer,45,Business Travel,Business,2240,3,4,4,4,1,2,3,3,3,3,3,1,4,2.92,0,0,FALSE
Male,Loyal Customer,36,Business Travel,Business,3881,3,5,3,3,1,2,2,5,5,5,5,4,4,3.62,0,0,TRUE
Male,Loyal Customer,17,Business Travel,Eco Plus,255,3,3,3,3,3,3,2,3,4,2,3,3,3,2.92,96,82,FALSE
Male,Loyal Customer,22,Personal Travel,Eco,597,2,0,2,1,2,1,1,3,4,5,4,1,1,2.08,151,190,FALSE
Male,Disloyal Customer,21,Business Travel,Business,226,5,3,5,3,2,5,2,2,3,5,5,5,2,3.62,0,0,TRUE
Female,Disloyal Customer,7,Business Travel,Eco,721,2,2,2,4,4,2,4,4,1,1,4,3,4,2.85,3,7,FALSE
Female,Loyal Customer,48,Business Travel,Business,2098,5,5,3,5,3,5,4,4,4,4,4,4,4,4.15,14,17,TRUE
Female,Disloyal Customer,37,Business Travel,Eco,401,2,1,2,4,5,2,3,5,2,3,3,4,5,3.15,0,0,FALSE
Female,Loyal Customer,7,Personal Travel,Eco,153,3,3,3,4,3,3,3,3,2,4,3,1,3,2.92,1,0,FALSE
Male,Loyal Customer,52,Business Travel,Business,1562,2,2,4,2,4,4,5,5,5,5,5,3,5,3.92,66,66,TRUE
Male,Loyal Customer,49,Business Travel,Business,3702,2,2,4,2,5,4,3,4,4,4,4,3,2,3.31,0,0,TRUE
Male,Loyal Customer,58,Personal Travel,Eco,1501,3,3,3,4,5,3,5,5,5,4,5,5,5,4.23,0,0,FALSE
Female,Loyal Customer,45,Business Travel,Business,2741,2,2,2,2,5,5,1,4,4,4,4,5,1,3.15,0,0,TRUE
Female,Loyal Customer,63,Business Travel,Business,1671,4,4,4,4,5,4,5,5,5,5,5,4,5,4.54,0,0,TRUE
Male,Loyal Customer,40,Business Travel,Business,3531,4,4,4,4,2,5,4,5,5,5,5,4,3,4.15,0,0,TRUE
Female,Loyal Customer,15,Personal Travel,Business,872,4,2,4,3,4,4,4,4,3,5,4,1,4,3.54,21,17,FALSE
Female,Loyal Customer,23,Business Travel,Business,228,3,2,2,2,3,3,3,3,3,1,3,2,3,2.54,0,0,FALSE
Male,Loyal Customer,41,Business Travel,Eco,391,4,5,5,5,4,4,4,4,1,1,3,1,4,3.46,9,0,TRUE
Female,Loyal Customer,32,Business Travel,Business,3792,4,4,4,4,3,4,3,3,4,5,4,5,3,3.85,0,0,TRUE
Female,Disloyal Customer,22,Business Travel,Eco,557,2,0,2,1,4,2,4,4,1,3,3,3,4,2.54,0,0,FALSE
Male,Loyal Customer,55,Business Travel,Business,2597,2,2,5,2,4,5,4,5,5,5,5,3,3,3.85,0,0,TRUE
Male,Loyal Customer,46,Personal Travel,Eco,511,3,4,3,5,1,3,1,1,5,4,5,4,1,3.08,0,10,FALSE
Male,Loyal Customer,38,Business Travel,Eco Plus,721,4,2,2,2,4,4,4,4,4,2,2,1,4,3,0,0,FALSE
Female,Loyal Customer,46,Business Travel,Business,2579,5,2,2,2,1,2,3,5,5,4,5,2,4,3.23,0,3,FALSE
Female,Loyal Customer,48,Business Travel,Eco Plus,395,5,1,1,1,2,4,2,5,5,5,5,5,5,3.54,0,8,TRUE
Male,Loyal Customer,57,Business Travel,Business,3550,1,1,1,1,2,4,4,4,4,4,4,3,5,2.92,0,0,TRUE
Female,Loyal Customer,59,Business Travel,Business,2026,2,4,2,2,4,4,4,4,4,4,4,3,3,3.38,0,0,TRUE
Female,Loyal Customer,10,Personal Travel,Eco Plus,363,4,5,3,5,3,3,3,3,3,3,4,3,3,3.46,69,79,FALSE
Male,Loyal Customer,60,Personal Travel,Eco,305,4,3,4,4,1,4,1,1,4,1,3,3,1,2.62,0,0,FALSE
Female,Loyal Customer,52,Business Travel,Business,1942,3,3,5,3,4,5,4,5,5,5,5,4,3,4.15,0,0,TRUE
Female,Loyal Customer,36,Business Travel,Eco Plus,1726,2,5,5,5,2,2,2,2,4,2,4,1,2,2.92,18,1,FALSE
Male,Loyal Customer,69,Personal Travel,Eco,304,2,4,2,1,5,2,1,5,5,4,5,3,5,3.38,0,5,FALSE
Male,Disloyal Customer,27,Business Travel,Eco Plus,337,2,2,2,3,3,2,3,3,3,5,4,3,3,2.92,28,21,FALSE
Male,Loyal Customer,23,Personal Travel,Eco,200,4,3,4,2,5,4,4,5,1,2,3,1,5,3.31,0,0,FALSE
Male,Disloyal Customer,52,Business Travel,Eco,631,3,2,3,3,2,3,5,2,1,1,3,3,2,2.54,0,0,FALSE
Male,Loyal Customer,13,Personal Travel,Eco,677,2,4,2,3,3,2,3,3,1,4,4,2,3,2.77,0,0,FALSE
Male,Loyal Customer,40,Business Travel,Eco,1136,3,4,4,4,3,3,3,3,4,5,3,2,3,3.38,0,1,FALSE
Male,Loyal Customer,54,Business Travel,Business,1624,3,3,3,3,5,3,4,3,3,3,3,5,5,3.54,0,0,TRUE
Male,Disloyal Customer,22,Business Travel,Eco,173,4,1,3,4,2,3,2,2,3,3,3,3,2,2.69,4,0,FALSE
Female,Loyal Customer,53,Business Travel,Business,404,4,4,4,4,5,5,2,4,4,4,4,2,4,3.85,0,0,TRUE
Female,Loyal Customer,49,Business Travel,Business,212,2,2,2,2,5,4,4,5,5,5,3,2,4,3.46,0,0,TRUE
Female,Loyal Customer,53,Business Travel,Business,2833,4,4,4,4,3,4,4,4,4,4,4,4,5,4,13,1,TRUE
Female,Loyal Customer,57,Business Travel,Business,3727,5,5,5,5,2,5,5,5,5,5,5,5,3,4.62,10,6,TRUE
Male,Loyal Customer,53,Business Travel,Business,1727,1,1,1,1,2,4,4,5,5,5,5,5,4,3.31,0,1,TRUE
Female,Loyal Customer,56,Personal Travel,Eco,354,2,4,4,2,3,4,5,1,1,4,1,5,4,3.08,35,35,FALSE
Female,Loyal Customer,42,Business Travel,Business,2796,3,3,3,3,5,5,5,4,4,4,4,4,3,3.85,3,37,TRUE
Female,Loyal Customer,42,Personal Travel,Business,743,3,5,3,4,5,4,4,2,2,3,2,4,5,3.54,0,0,FALSE
Male,Loyal Customer,37,Personal Travel,Eco Plus,541,2,5,2,2,3,2,3,3,3,5,5,3,3,3.15,0,0,FALSE
Female,Loyal Customer,16,Personal Travel,Eco,359,2,5,2,5,2,2,3,2,5,4,4,5,2,3.31,70,67,FALSE
Female,Loyal Customer,26,Personal Travel,Eco,2860,4,4,4,3,1,4,1,1,3,5,4,5,1,3.08,16,0,TRUE
Male,Disloyal Customer,38,Business Travel,Business,216,1,1,1,1,4,1,4,4,4,4,5,3,4,2.85,0,6,FALSE
Female,Loyal Customer,32,Personal Travel,Eco,373,1,1,4,3,5,4,5,5,1,4,3,4,5,3.46,0,0,FALSE
Female,Loyal Customer,9,Personal Travel,Eco,436,3,2,3,3,1,3,1,1,3,1,3,1,1,2,0,0,FALSE
Female,Disloyal Customer,23,Business Travel,Eco,1498,3,3,3,3,3,3,3,3,5,2,1,5,3,3.08,0,0,FALSE
Female,Loyal Customer,37,Business Travel,Business,2075,4,4,2,4,4,5,4,3,3,3,3,1,4,3.38,0,0,TRUE
Male,Loyal Customer,20,Personal Travel,Eco,227,2,5,2,3,2,2,3,2,4,3,5,5,2,3.08,0,0,FALSE
Female,Loyal Customer,32,Personal Travel,Eco,199,1,5,1,4,4,1,4,4,3,1,4,3,4,3,0,0,FALSE
Male,Loyal Customer,52,Business Travel,Business,3135,2,3,2,2,5,4,4,5,5,5,5,5,5,4,0,0,TRUE
Male,Loyal Customer,49,Business Travel,Eco,852,2,3,3,3,3,2,3,3,2,3,1,2,3,2.54,0,0,TRUE
Male,Disloyal Customer,22,Business Travel,Eco,724,3,3,3,3,3,3,3,3,3,3,4,4,3,3.15,0,0,FALSE
Male,Disloyal Customer,26,Business Travel,Eco,247,4,0,4,1,3,4,3,3,4,1,2,3,3,2.69,0,0,FALSE
Female,Loyal Customer,31,Personal Travel,Eco,912,1,4,1,1,1,1,3,1,3,5,5,5,1,2.46,0,13,FALSE
Male,Loyal Customer,43,Business Travel,Business,308,3,3,3,3,5,5,4,4,4,4,4,3,3,3.69,0,0,TRUE
Male,Loyal Customer,50,Business Travel,Business,1518,3,3,4,3,4,5,4,4,4,4,4,5,5,4,24,19,TRUE
Female,Loyal Customer,23,Personal Travel,Eco,950,2,3,2,3,5,2,5,5,4,3,3,3,5,3.46,0,0,FALSE
Male,Loyal Customer,27,Business Travel,Business,2467,1,4,4,4,3,3,1,3,3,2,2,4,3,2.85,32,25,FALSE
Male,Loyal Customer,60,Business Travel,Business,533,5,5,5,5,5,4,4,2,2,2,2,5,3,3.77,0,0,TRUE
Male,Loyal Customer,39,Business Travel,Business,589,2,2,2,2,5,5,5,2,2,3,2,3,5,3.08,3,1,TRUE
Male,Loyal Customer,22,Personal Travel,Eco,209,4,3,0,2,2,0,2,2,3,2,2,2,2,2,0,0,FALSE
Female,Loyal Customer,48,Personal Travel,Business,925,1,3,1,3,1,2,2,3,5,2,2,2,2,2.23,306,299,FALSE
Male,Disloyal Customer,39,Business Travel,Eco,517,2,3,2,1,1,2,1,1,3,2,4,4,1,2.08,66,69,FALSE
Female,Loyal Customer,14,Personal Travel,Eco,581,1,4,1,4,1,1,1,1,5,5,4,5,1,2.62,0,20,FALSE
Female,Loyal Customer,45,Business Travel,Business,985,3,3,3,3,5,5,5,5,5,5,5,5,5,4.38,0,0,TRUE
Female,Disloyal Customer,24,Business Travel,Eco,808,5,5,5,4,2,5,5,2,4,4,5,3,2,3.92,13,18,TRUE
Female,Loyal Customer,54,Personal Travel,Eco Plus,451,3,4,2,4,3,5,5,1,1,2,1,5,5,3.15,0,0,FALSE
Female,Loyal Customer,65,Business Travel,Eco,125,2,1,1,1,1,3,3,2,2,2,2,4,4,2.15,16,6,FALSE
Male,Disloyal Customer,40,Business Travel,Eco,612,2,4,2,1,5,2,5,5,1,3,5,2,5,3.23,1,6,FALSE
Male,Loyal Customer,38,Personal Travel,Eco Plus,776,2,4,2,2,1,2,3,1,3,3,5,3,1,2.46,12,34,FALSE
Male,Disloyal Customer,43,Business Travel,Eco,530,2,3,2,2,1,2,1,1,1,3,5,5,1,2.23,0,0,FALSE
Female,Loyal Customer,30,Business Travel,Business,2020,1,1,1,1,5,5,5,5,3,5,2,3,5,3.23,0,24,TRUE
Female,Loyal Customer,20,Personal Travel,Eco,594,0,2,0,3,1,2,1,1,2,3,4,1,1,1.62,0,3,TRUE
Female,Loyal Customer,52,Business Travel,Business,290,4,4,4,4,4,4,4,5,5,5,5,3,4,4.23,0,0,TRUE
Male,Loyal Customer,29,Business Travel,Business,3887,3,5,5,5,3,3,3,3,3,4,3,1,3,3.38,38,32,FALSE
Male,Loyal Customer,27,Personal Travel,Eco,759,4,5,4,4,5,4,5,5,4,5,5,3,5,4.46,40,47,FALSE
Female,Loyal Customer,13,Personal Travel,Business,2704,4,3,4,4,2,4,2,2,5,1,5,1,2,3,0,0,FALSE
Male,Loyal Customer,59,Personal Travel,Eco,2565,1,4,2,3,2,2,2,2,5,3,4,5,2,2.85,0,0,FALSE
Female,Loyal Customer,41,Business Travel,Eco,1000,5,5,5,5,5,5,5,5,1,4,4,4,5,4.46,12,27,TRUE
Male,Loyal Customer,34,Personal Travel,Eco,926,1,4,1,5,2,1,2,2,5,2,5,5,2,2.85,25,0,FALSE
Male,Loyal Customer,40,Business Travel,Business,920,2,2,2,2,2,5,4,4,4,4,4,4,4,3.31,0,0,TRUE
Male,Loyal Customer,57,Business Travel,Business,433,5,5,5,5,3,4,3,5,5,5,5,1,5,4.31,7,23,TRUE
Male,Loyal Customer,49,Business Travel,Eco,109,2,1,1,1,2,2,2,2,4,3,3,1,2,2,0,0,TRUE
Male,Loyal Customer,63,Personal Travel,Eco,907,1,3,1,2,3,1,3,3,2,5,2,4,3,2.54,8,2,FALSE
Female,Loyal Customer,26,Business Travel,Business,591,1,1,1,1,5,5,5,5,4,4,5,5,5,3.62,0,0,TRUE
Female,Loyal Customer,29,Business Travel,Business,547,5,5,5,5,5,5,5,5,3,2,5,4,5,4.54,0,0,TRUE
Male,Disloyal Customer,26,Business Travel,Business,236,3,2,3,3,5,3,5,5,1,4,3,4,5,3.54,0,0,FALSE
Female,Loyal Customer,28,Personal Travel,Eco,1514,1,4,1,2,1,1,1,1,4,2,5,3,1,2.08,0,0,FALSE
Female,Loyal Customer,59,Personal Travel,Eco,239,3,5,3,2,4,4,5,3,3,3,3,3,3,3.38,26,21,FALSE
Male,Loyal Customer,59,Personal Travel,Eco,226,4,1,4,3,3,4,3,3,3,4,3,2,3,3.08,46,38,TRUE
Female,Loyal Customer,48,Business Travel,Business,147,1,1,1,1,3,3,3,2,2,2,1,4,1,1.92,2,7,FALSE
Female,Disloyal Customer,26,Business Travel,Business,534,2,4,1,5,4,1,4,4,3,2,4,3,4,3.15,0,1,FALSE
Female,Loyal Customer,36,Business Travel,Business,666,3,3,3,3,3,5,4,4,4,4,4,3,3,3.54,0,0,TRUE
Male,Loyal Customer,49,Personal Travel,Eco,190,2,1,2,3,2,2,5,2,3,5,4,4,2,2.85,0,0,FALSE
Male,Loyal Customer,26,Business Travel,Business,3766,5,5,5,5,5,5,5,5,5,2,5,4,5,4.69,0,0,TRUE
Male,Loyal Customer,51,Business Travel,Business,3834,3,3,3,3,3,5,4,5,5,4,5,5,3,3.92,0,0,TRUE
Male,Disloyal Customer,44,Business Travel,Business,192,1,1,1,1,5,1,5,5,5,5,4,4,5,3.31,0,0,FALSE
Male,Loyal Customer,46,Business Travel,Business,1981,3,3,3,3,2,2,2,5,5,5,5,3,1,3.23,0,0,TRUE
Female,Disloyal Customer,54,Business Travel,Business,1303,5,5,5,1,2,5,5,2,3,4,5,4,2,3.69,0,0,TRUE
Male,Loyal Customer,49,Business Travel,Business,2732,4,4,2,4,4,4,4,4,4,4,4,4,5,3.92,0,0,TRUE
Female,Loyal Customer,46,Business Travel,Business,3783,3,3,3,3,5,5,4,4,4,4,4,3,5,3.85,0,4,TRUE
Female,Loyal Customer,59,Business Travel,Business,413,5,5,4,5,5,5,5,4,4,4,4,3,3,4.31,0,0,TRUE
Female,Loyal Customer,8,Personal Travel,Eco,201,4,4,0,2,5,0,5,5,1,4,2,3,5,3.08,0,0,FALSE
Female,Disloyal Customer,20,Business Travel,Eco,1024,4,4,4,1,4,4,4,4,1,2,5,4,4,3.46,25,33,TRUE
Female,Disloyal Customer,25,Business Travel,Eco,824,3,3,3,4,3,4,4,3,1,4,3,4,4,3.31,0,24,FALSE
Male,Loyal Customer,43,Business Travel,Business,3198,2,2,2,2,3,5,4,4,4,4,4,5,3,3.38,0,0,TRUE
Male,Disloyal Customer,45,Business Travel,Business,404,1,2,2,4,2,1,2,2,5,2,4,4,2,2.54,17,7,FALSE
Male,Loyal Customer,51,Business Travel,Business,3535,5,5,5,5,4,5,4,5,5,5,5,4,5,4.77,2,0,TRUE
Female,Disloyal Customer,37,Business Travel,Business,306,3,3,3,3,1,3,1,1,5,2,5,3,1,2.62,0,7,FALSE
Male,Loyal Customer,41,Business Travel,Eco,416,4,4,4,4,4,4,4,4,4,1,5,5,4,3.92,0,0,TRUE
Female,Loyal Customer,46,Business Travel,Business,1728,3,3,1,3,4,4,4,2,2,2,2,5,5,3.08,8,9,TRUE
Male,Loyal Customer,13,Personal Travel,Eco,226,5,5,5,3,3,5,3,3,5,2,4,5,3,3.92,0,0,TRUE
Female,Loyal Customer,52,Business Travel,Business,2130,4,4,4,4,2,4,4,5,5,5,5,3,4,4.08,0,0,TRUE
Male,Loyal Customer,40,Business Travel,Eco,1542,5,5,5,5,5,5,5,5,4,1,4,1,5,4.23,0,0,TRUE
Female,Loyal Customer,11,Personal Travel,Eco,1035,5,5,5,1,3,5,5,3,5,5,4,3,3,4,0,,TRUE
Female,Loyal Customer,46,Personal Travel,Eco,1276,3,3,2,5,1,3,4,5,5,2,3,5,3,3.38,0,0,FALSE
Male,Loyal Customer,28,Business Travel,Business,1205,3,3,3,3,4,4,4,4,3,4,4,5,4,3.69,0,0,TRUE
Male,Loyal Customer,55,Business Travel,Business,140,3,4,4,4,4,3,3,3,3,2,3,4,2,3.23,0,0,FALSE
Female,Loyal Customer,47,Personal Travel,Eco,451,2,5,2,3,5,5,5,4,4,2,3,4,3,3.62,4,9,FALSE
Male,Loyal Customer,57,Business Travel,Eco,150,1,1,5,5,1,1,1,1,3,3,4,2,1,2.23,0,0,FALSE
Male,Loyal Customer,38,Business Travel,Business,895,4,1,3,1,4,4,4,4,4,4,4,4,3,3.38,0,7,FALSE
Male,Loyal Customer,59,Personal Travel,Eco,236,3,5,3,5,5,3,2,5,3,5,4,2,5,3.85,0,0,FALSE
Female,Loyal Customer,77,Business Travel,Eco Plus,150,2,2,2,2,3,3,4,2,2,2,2,4,1,2.38,0,0,FALSE
Male,Loyal Customer,51,Personal Travel,Eco,364,4,1,4,4,4,4,4,4,4,1,4,4,4,3.54,0,0,TRUE
Male,Loyal Customer,35,Business Travel,Business,1416,4,1,1,1,2,2,3,4,4,4,4,4,2,2.77,0,10,FALSE
Male,Loyal Customer,42,Business Travel,Business,327,2,5,5,5,1,4,3,2,2,2,2,1,4,2.92,0,0,FALSE
Female,Disloyal Customer,14,Personal Travel,Business,913,3,5,3,4,1,3,1,1,5,5,4,4,1,3.08,0,0,FALSE
Female,Loyal Customer,55,Business Travel,Business,2065,1,1,1,1,3,4,4,4,4,4,4,3,5,3,0,0,TRUE
Male,Loyal Customer,50,Personal Travel,Eco,271,2,1,2,3,2,2,5,2,2,3,3,3,2,2.46,27,,FALSE
Female,Disloyal Customer,23,Business Travel,Business,377,3,2,3,3,5,3,4,5,2,2,3,2,5,3.23,0,0,FALSE
Female,Loyal Customer,72,Business Travel,Business,1853,1,2,2,2,1,3,3,1,1,1,1,3,1,1.69,10,24,FALSE
Female,Loyal Customer,38,Business Travel,Business,2410,4,4,4,4,2,5,5,5,5,4,5,5,3,4.23,0,0,TRUE
Female,Loyal Customer,36,Business Travel,Business,3470,4,4,4,4,2,4,5,2,2,2,2,4,4,3.31,36,24,TRUE
Female,Loyal Customer,39,Business Travel,Business,1711,0,4,0,3,1,3,3,5,5,5,5,5,3,3.23,0,0,TRUE
Male,Loyal Customer,49,Business Travel,Eco,874,4,5,5,5,4,4,4,4,1,1,4,3,4,3.69,27,26,FALSE
Male,Loyal Customer,27,Personal Travel,Eco,612,4,4,4,2,3,4,3,3,5,5,4,3,3,3.62,30,20,FALSE
Female,Loyal Customer,68,Personal Travel,Business,500,2,1,2,4,2,4,3,2,2,2,2,2,1,2.23,0,0,FALSE
Female,Disloyal Customer,33,Business Travel,Eco,179,2,3,2,4,2,2,2,2,2,3,2,3,2,2.38,0,0,FALSE
Female,Loyal Customer,12,Personal Travel,Eco,329,1,2,1,4,5,1,5,5,3,3,4,4,5,3.31,57,46,FALSE
Male,Disloyal Customer,24,Business Travel,Business,946,5,5,5,5,1,5,1,1,3,4,5,3,1,3.38,0,0,TRUE
Male,Loyal Customer,46,Business Travel,Eco Plus,601,2,5,5,5,2,2,2,2,3,2,3,2,2,2.85,0,0,FALSE
Male,Loyal Customer,48,Personal Travel,Business,224,3,3,3,4,2,3,3,4,4,3,4,1,2,3,0,4,FALSE
Female,Loyal Customer,42,Business Travel,Business,2040,2,2,2,2,5,4,5,5,5,5,5,5,4,3.92,19,41,TRUE
Female,Loyal Customer,48,Business Travel,Business,3936,4,4,4,4,3,5,5,5,5,5,5,4,3,4.31,0,0,TRUE
Female,Loyal Customer,41,Business Travel,Business,2520,3,4,4,4,3,3,4,3,3,3,3,2,2,3.15,0,0,FALSE
Female,Loyal Customer,47,Business Travel,Business,1444,2,2,2,2,2,5,4,4,4,4,4,5,3,3.31,27,23,TRUE
Female,Disloyal Customer,27,Business Travel,Business,533,2,1,1,4,5,1,5,5,5,5,4,4,5,3.62,0,0,FALSE
Female,Disloyal Customer,39,Business Travel,Business,474,4,4,4,2,5,4,5,5,5,2,5,5,5,4.23,0,4,FALSE
Female,Disloyal Customer,66,Business Travel,Eco,448,1,0,0,3,2,0,2,2,3,2,3,1,2,1.62,4,0,FALSE
Female,Loyal Customer,38,Personal Travel,Eco,737,2,5,2,4,4,2,5,4,4,5,5,4,4,3.85,0,0,FALSE
Male,Disloyal Customer,42,Business Travel,Business,762,3,3,3,1,2,3,2,2,3,2,5,4,2,2.69,2,21,TRUE
Female,Loyal Customer,25,Business Travel,Business,600,5,5,5,5,5,5,5,3,2,4,5,5,5,4.54,174,179,TRUE
Male,Loyal Customer,57,Business Travel,Eco,157,4,2,2,2,5,4,5,5,3,2,3,3,5,3.46,0,0,TRUE
Female,Disloyal Customer,23,Business Travel,Eco,1421,2,2,2,4,3,2,3,3,4,3,3,1,3,2.69,17,28,FALSE
Female,Disloyal Customer,22,Business Travel,Eco,397,5,0,5,1,3,5,5,3,4,4,5,3,3,3.54,70,75,TRUE
Male,Loyal Customer,57,Business Travel,Business,1299,4,4,4,4,4,5,4,4,4,4,4,4,5,4.15,0,0,TRUE
Female,Loyal Customer,57,Business Travel,Business,2457,1,3,3,3,4,3,4,4,4,4,1,1,3,2.92,0,0,FALSE
Female,Loyal Customer,44,Business Travel,Business,337,3,2,2,2,2,3,3,3,3,3,3,4,2,2.69,25,22,FALSE
Female,Disloyal Customer,9,Business Travel,Eco,967,1,1,1,2,4,1,4,4,4,3,5,5,4,3,0,0,FALSE
Male,Loyal Customer,41,Business Travel,Business,1997,3,3,3,3,1,2,3,3,3,3,3,2,3,2.69,57,49,FALSE
Female,Loyal Customer,41,Business Travel,Eco,2586,4,1,1,1,4,4,4,1,5,4,1,4,4,2.92,0,0,TRUE
Male,Loyal Customer,52,Business Travel,Business,3623,4,4,4,4,3,4,4,5,5,5,5,5,4,4.31,42,44,TRUE
Female,Loyal Customer,57,Business Travel,Business,2586,1,1,1,1,4,5,4,4,4,4,4,5,4,3.23,0,0,TRUE
Male,Loyal Customer,25,Personal Travel,Eco Plus,213,3,5,3,1,5,3,5,5,4,2,3,4,5,3.69,0,0,FALSE
Male,Disloyal Customer,35,Business Travel,Business,1050,2,2,2,3,4,2,4,4,3,4,5,3,4,3.23,19,20,FALSE
Female,Disloyal Customer,28,Business Travel,Eco Plus,507,2,2,2,3,5,2,5,5,4,4,2,2,5,3.31,0,0,FALSE
Female,Disloyal Customer,26,Business Travel,Business,73,1,2,1,3,4,1,4,4,1,1,3,1,4,2.31,0,0,FALSE
Female,Loyal Customer,61,Personal Travel,Eco,82,3,5,3,3,2,5,4,4,4,3,4,4,4,3.69,0,0,FALSE
Female,Loyal Customer,41,Business Travel,Eco,108,5,2,2,2,5,5,5,5,3,4,4,3,5,3.85,0,0,TRUE
Male,Loyal Customer,65,Business Travel,Eco,611,2,3,5,5,2,2,2,2,3,1,5,4,2,2.92,11,6,TRUE
Male,Loyal Customer,56,Business Travel,Business,1547,4,4,4,4,2,4,5,4,4,4,4,3,5,3.92,0,0,TRUE
Female,Loyal Customer,31,Business Travel,Business,1514,5,5,5,5,4,4,4,4,3,3,4,3,4,4.08,0,0,TRUE
Female,Loyal Customer,32,Business Travel,Business,666,3,3,4,3,3,3,3,3,5,1,1,5,3,3.08,0,2,TRUE
Male,Loyal Customer,30,Business Travel,Business,1889,5,5,5,5,5,5,5,5,2,3,3,4,5,4.38,0,0,TRUE
Male,Loyal Customer,32,Personal Travel,Eco,187,3,5,3,3,4,3,4,4,5,2,5,3,4,3.69,0,0,FALSE
Male,Loyal Customer,38,Personal Travel,Business,190,2,5,2,3,3,4,5,1,1,2,1,3,4,2.77,1,0,FALSE
Male,Loyal Customer,30,Business Travel,Business,3491,3,3,3,3,4,4,4,4,4,1,2,2,4,3.15,0,0,TRUE
Male,Loyal Customer,70,Personal Travel,Business,991,2,4,2,1,2,4,5,3,3,2,3,5,3,3,0,0,FALSE
Female,Loyal Customer,69,Personal Travel,Eco,270,5,1,4,3,3,2,3,1,1,4,1,3,3,2.62,5,0,TRUE
Female,Loyal Customer,34,Business Travel,Eco Plus,1628,5,3,5,3,5,5,5,5,4,1,4,5,5,4.23,0,7,TRUE
Male,Loyal Customer,54,Business Travel,Business,2480,5,5,5,5,5,5,4,5,5,5,5,3,4,4.69,0,0,TRUE
Female,Loyal Customer,42,Business Travel,Business,447,3,3,3,3,4,5,5,4,4,4,4,3,3,3.69,0,0,TRUE
Male,Disloyal Customer,47,Business Travel,Business,425,5,5,5,1,5,5,2,5,5,5,4,5,5,4.38,0,0,TRUE
Female,Loyal Customer,66,Personal Travel,Eco,227,4,4,4,2,3,5,4,4,4,4,4,4,3,3.77,15,27,FALSE
Male,Disloyal Customer,45,Business Travel,Business,502,1,1,1,5,1,1,1,1,5,2,4,3,1,2.08,5,0,FALSE
Male,Loyal Customer,20,Personal Travel,Eco,1674,3,3,3,3,4,3,4,4,2,2,4,1,4,3.08,5,0,FALSE
Male,Loyal Customer,47,Business Travel,Business,305,0,0,0,4,5,5,5,1,1,1,1,5,5,2.54,0,0,TRUE
Female,Loyal Customer,44,Personal Travel,Eco,420,1,5,1,3,3,3,5,4,4,1,3,4,3,3.08,5,0,FALSE
Female,Disloyal Customer,37,Business Travel,Eco,1250,3,3,3,3,3,5,5,4,4,4,4,5,5,3.92,179,165,FALSE
Female,Disloyal Customer,26,Business Travel,Eco,846,3,4,4,3,2,4,2,2,2,4,4,2,2,2.92,0,0,FALSE
Male,Disloyal Customer,41,Business Travel,Business,364,4,4,4,2,4,4,4,4,3,5,5,5,4,4,0,0,FALSE
Female,Loyal Customer,42,Business Travel,Business,672,5,5,5,5,3,5,4,4,4,4,4,5,3,4.31,0,0,TRUE
Female,Loyal Customer,16,Personal Travel,Eco Plus,233,2,5,0,2,2,0,2,2,5,1,4,5,2,2.46,0,1,FALSE
Female,Disloyal Customer,40,Business Travel,Business,86,1,1,1,4,1,1,2,1,5,5,2,3,1,2.15,0,0,FALSE
Female,Loyal Customer,37,Business Travel,Eco,569,3,5,3,3,3,3,3,3,2,4,2,3,3,3.08,72,66,FALSE
Female,Loyal Customer,40,Business Travel,Business,2940,5,5,5,5,4,5,5,4,4,4,4,3,5,4.46,0,0,TRUE
Male,Loyal Customer,51,Business Travel,Eco,558,5,1,2,1,5,5,5,5,1,1,3,1,5,3.08,0,0,TRUE
Male,Disloyal Customer,26,Business Travel,Eco,937,2,2,2,3,5,2,5,5,4,1,2,2,5,3.08,0,0,FALSE
Male,Loyal Customer,50,Business Travel,Eco,587,5,4,5,4,5,5,5,5,4,5,4,2,5,4.46,0,6,TRUE
Female,Disloyal Customer,25,Business Travel,Business,436,2,4,2,3,2,2,2,2,2,1,4,2,2,2.31,11,1,FALSE
Female,Loyal Customer,48,Business Travel,Business,210,5,5,5,5,2,4,5,4,4,4,4,4,3,4.15,5,15,TRUE
Male,Loyal Customer,22,Business Travel,Business,1235,5,5,5,5,3,3,3,3,3,3,4,5,3,3.85,0,0,TRUE
Female,Disloyal Customer,27,Business Travel,Business,1276,5,5,5,2,5,5,2,5,5,3,4,3,5,4.15,0,0,TRUE
Male,Loyal Customer,53,Business Travel,Business,432,1,1,5,1,3,4,5,4,4,4,4,4,4,3.38,0,0,TRUE
Female,Disloyal Customer,9,Business Travel,Eco,852,4,4,4,3,3,4,3,3,2,4,4,1,3,3.23,0,0,FALSE
Female,Loyal Customer,52,Business Travel,Business,919,3,3,3,3,4,4,4,4,4,4,4,5,3,3.69,0,0,TRUE
Male,Loyal Customer,30,Personal Travel,Eco,502,0,1,0,2,4,0,4,4,2,1,3,3,4,2.15,0,0,TRUE
Female,Loyal Customer,11,Personal Travel,Eco,1249,4,5,4,2,1,4,1,1,5,2,4,5,1,3,0,0,TRUE
Male,Loyal Customer,52,Personal Travel,Eco,834,5,5,5,4,3,5,3,3,4,5,5,3,3,4.08,0,0,TRUE
Male,Loyal Customer,52,Personal Travel,Eco,347,4,4,3,3,3,3,3,3,4,3,4,4,3,3.38,30,25,FALSE
Female,Disloyal Customer,40,Business Travel,Business,397,1,1,1,3,3,1,2,3,2,5,3,3,3,2.38,34,43,FALSE
Male,Loyal Customer,33,Business Travel,Eco,101,3,4,5,4,3,3,3,3,3,3,4,4,3,3.46,2,9,FALSE
Female,Loyal Customer,11,Personal Travel,Eco,125,3,2,3,4,2,3,2,2,2,1,4,2,2,2.46,27,30,FALSE
Female,Loyal Customer,24,Personal Travel,Eco,407,4,2,4,4,3,4,5,3,1,1,3,4,3,3.15,0,0,TRUE
Female,Loyal Customer,39,Business Travel,Eco,236,5,1,5,5,5,5,5,5,3,3,5,5,5,4.38,0,0,TRUE
Male,Loyal Customer,36,Personal Travel,Eco,907,2,4,1,4,3,1,3,3,3,3,4,5,3,3,1,0,FALSE
Female,Loyal Customer,44,Business Travel,Eco Plus,446,3,3,3,3,5,3,4,3,3,3,3,2,1,3,0,0,FALSE
Female,Loyal Customer,37,Business Travel,Business,2622,5,5,5,5,3,2,3,4,4,5,4,2,2,3.77,0,0,TRUE
Male,Loyal Customer,30,Business Travel,Business,646,1,3,3,3,1,1,1,1,1,3,2,4,1,1.92,2,0,FALSE
Male,Disloyal Customer,28,Business Travel,Business,1055,2,2,2,3,5,2,5,5,5,4,5,3,5,3.69,0,0,FALSE
Male,Loyal Customer,51,Business Travel,Business,1923,2,2,2,2,4,5,5,4,4,3,4,3,3,3.31,0,0,TRUE
Female,Disloyal Customer,55,Business Travel,Eco,712,3,3,3,2,2,3,2,2,3,5,3,4,2,2.85,0,0,FALSE
Female,Loyal Customer,22,Personal Travel,Eco,406,3,5,3,2,2,3,2,2,1,2,2,5,2,2.62,2,0,FALSE
Female,Loyal Customer,8,Personal Travel,Eco,216,3,0,3,2,1,3,1,1,3,3,4,5,1,2.31,4,8,FALSE
Male,Loyal Customer,20,Personal Travel,Eco Plus,950,2,3,2,2,1,2,1,1,3,4,5,2,1,2.23,0,0,FALSE
Female,Loyal Customer,41,Business Travel,Business,134,3,4,3,3,3,4,5,5,5,5,4,4,3,3.92,0,0,TRUE
Male,Loyal Customer,55,Business Travel,Business,2079,1,1,1,1,5,2,3,1,1,1,1,4,3,1.92,0,0,FALSE
Male,Loyal Customer,51,Personal Travel,Business,387,1,5,1,1,4,4,1,3,3,1,3,2,4,2.54,0,0,FALSE
Female,Loyal Customer,51,Business Travel,Business,404,4,4,4,4,5,4,4,4,4,5,4,5,4,4.23,72,76,TRUE
Female,Loyal Customer,29,Personal Travel,Eco,862,4,4,4,2,3,4,3,3,5,4,4,3,3,3.54,17,4,FALSE
Female,Loyal Customer,25,Business Travel,Eco Plus,1749,1,5,5,5,1,1,2,1,2,3,2,1,1,2.31,44,31,FALSE
Male,Disloyal Customer,25,Business Travel,Eco,671,2,2,2,4,2,2,2,2,4,5,4,3,2,2.77,21,3,FALSE
Male,Disloyal Customer,20,Business Travel,Eco,780,4,3,3,3,3,3,3,3,3,1,2,3,3,2.85,0,0,TRUE
Male,Loyal Customer,57,Business Travel,Business,3403,1,1,1,1,5,5,5,5,5,5,5,5,3,3.62,0,0,TRUE
Male,Loyal Customer,45,Business Travel,Eco,1620,2,2,2,2,1,2,1,1,3,3,3,4,1,2.08,47,55,FALSE
Female,Loyal Customer,25,Business Travel,Eco,1010,0,5,0,3,3,0,5,3,1,4,5,2,3,2.62,0,0,TRUE
Male,Loyal Customer,42,Business Travel,Business,2899,2,2,3,2,2,4,4,4,4,4,4,3,5,3.31,0,0,TRUE
Female,Disloyal Customer,25,Business Travel,Eco Plus,1750,2,3,2,3,2,2,2,2,1,3,2,3,2,2.23,6,3,FALSE
Male,Disloyal Customer,28,Business Travel,Eco,1214,2,2,2,2,4,2,4,4,2,5,4,2,4,3,0,0,FALSE
Male,Loyal Customer,25,Business Travel,Business,2079,1,1,1,1,4,4,3,4,4,3,2,2,4,2.62,0,0,TRUE
Male,Loyal Customer,42,Business Travel,Business,141,2,2,2,2,3,2,2,5,5,5,5,3,1,3,0,0,TRUE
Female,Loyal Customer,22,Business Travel,Business,2643,5,5,5,5,4,4,4,4,3,3,2,4,4,4,0,0,TRUE
Male,Loyal Customer,37,Business Travel,Eco,192,5,4,5,4,5,5,5,5,5,4,5,5,5,4.77,0,3,TRUE
Female,Disloyal Customer,29,Business Travel,Business,1267,4,5,5,4,5,2,2,4,5,5,4,2,2,3.77,152,146,TRUE
Female,Loyal Customer,46,Personal Travel,Eco,455,3,2,3,4,3,3,4,4,4,3,3,4,2,3.23,0,0,FALSE
Female,Loyal Customer,36,Personal Travel,Eco,466,1,1,2,2,1,2,1,1,1,5,3,3,1,1.85,61,75,FALSE
Male,Loyal Customer,56,Personal Travel,Eco,869,1,2,1,2,5,1,5,5,3,1,2,2,5,2.69,0,10,FALSE
Male,Loyal Customer,20,Personal Travel,Eco,404,2,4,2,3,3,2,3,3,4,5,4,5,3,3.31,0,0,FALSE
Female,Loyal Customer,24,Business Travel,Business,1624,3,1,1,1,3,3,3,3,3,2,3,3,3,2.46,0,0,FALSE
Male,Disloyal Customer,50,Business Travel,Business,587,2,3,3,3,1,2,1,1,5,4,5,5,1,2.77,53,47,FALSE
Male,Disloyal Customer,23,Business Travel,Eco,944,5,5,5,1,1,5,1,1,3,4,4,2,1,2.92,0,0,TRUE
Female,Loyal Customer,37,Personal Travel,Eco,641,2,4,2,1,3,2,3,3,3,3,5,5,3,3,43,47,FALSE
Male,Loyal Customer,51,Personal Travel,Eco,173,2,1,2,4,2,2,2,2,1,4,4,1,2,2.23,56,51,FALSE
Female,Loyal Customer,55,Personal Travel,Eco,440,2,5,5,1,2,4,5,5,5,5,5,5,4,4.08,0,0,FALSE
Female,Loyal Customer,16,Personal Travel,Eco,536,2,4,2,4,2,2,2,2,5,5,4,4,2,3.08,1,11,FALSE
Male,Disloyal Customer,20,Business Travel,Business,1182,5,0,5,4,1,5,1,1,4,2,4,3,1,2.77,0,0,TRUE
Female,Loyal Customer,30,Business Travel,Eco,937,4,3,4,3,4,4,4,4,4,2,4,3,4,3.62,0,0,TRUE
Male,Loyal Customer,26,Business Travel,Business,644,1,1,1,1,4,4,4,4,3,5,4,4,4,3.08,0,0,TRUE
Female,Disloyal Customer,20,Business Travel,Eco,759,2,2,2,3,1,2,1,1,2,4,4,2,1,2.08,0,0,FALSE
Female,Loyal Customer,30,Business Travel,Eco Plus,2640,1,2,2,2,1,1,1,3,5,4,4,1,1,2.15,0,6,FALSE
Male,Loyal Customer,17,Business Travel,Business,1199,2,2,5,2,4,4,4,4,3,5,2,4,4,3.46,2,0,TRUE
Male,Loyal Customer,59,Business Travel,Business,3365,1,1,1,1,2,2,2,4,5,4,5,2,2,2.46,16,8,TRUE
Male,Loyal Customer,36,Business Travel,Business,1731,2,2,2,2,2,4,3,5,5,5,5,1,1,3,0,0,TRUE
Male,Loyal Customer,53,Business Travel,Business,599,3,3,3,3,2,4,5,5,5,5,5,4,4,3.92,28,55,TRUE
Male,Disloyal Customer,34,Business Travel,Business,507,4,4,4,1,5,4,5,5,4,2,5,4,5,4,0,0,FALSE
Female,Loyal Customer,36,Business Travel,Business,257,3,3,3,3,5,5,4,5,5,5,5,4,4,4.15,4,6,TRUE
Male,Disloyal Customer,15,Business Travel,Eco,2704,3,3,3,4,1,3,2,1,2,1,4,3,1,2.38,18,0,FALSE
Male,Loyal Customer,39,Business Travel,Business,1306,5,5,5,5,3,4,4,4,4,4,4,3,4,4.15,62,38,TRUE
Female,Loyal Customer,38,Business Travel,Business,3829,1,1,0,4,5,4,4,4,4,1,4,1,1,2.62,0,0,FALSE
Male,Disloyal Customer,42,Business Travel,Business,814,3,3,3,1,5,3,1,5,5,5,5,4,5,3.69,0,0,FALSE
Male,Loyal Customer,50,Business Travel,Business,414,2,2,2,2,5,4,4,4,4,4,4,4,4,3.46,0,6,TRUE
Male,Loyal Customer,58,Business Travel,Business,876,1,1,1,1,3,1,4,5,5,5,5,5,2,3,1,3,TRUE
Male,Disloyal Customer,22,Business Travel,Business,1010,4,1,4,1,2,4,2,2,3,5,5,4,2,3,8,0,TRUE
Male,Loyal Customer,55,Business Travel,Business,1172,1,1,1,1,2,4,4,5,5,5,5,4,5,3.31,11,0,TRUE
Female,Loyal Customer,64,Personal Travel,Eco,627,4,2,4,4,4,1,5,4,2,3,3,5,5,3.54,142,146,FALSE
Female,Loyal Customer,38,Personal Travel,Business,427,2,4,3,4,4,3,4,4,4,3,4,1,4,3.38,17,16,FALSE
Male,Loyal Customer,10,Personal Travel,Eco,247,3,5,3,2,1,3,1,1,4,2,4,3,1,2.54,0,0,FALSE
Female,Loyal Customer,50,Business Travel,Business,226,0,1,1,1,3,5,4,3,3,3,5,4,3,2.77,0,0,TRUE
Male,Loyal Customer,30,Business Travel,Business,2052,3,3,4,3,3,3,3,3,3,3,2,2,3,2.92,31,16,FALSE
Male,Disloyal Customer,61,Business Travel,Business,338,4,4,4,5,5,4,5,5,5,5,4,5,5,4.62,0,0,FALSE
Female,Loyal Customer,30,Business Travel,Business,2588,1,1,1,1,5,3,3,2,2,4,2,3,3,2.38,0,0,TRUE
Female,Loyal Customer,16,Personal Travel,Eco,1212,3,3,3,3,2,3,2,2,1,1,2,4,2,2.38,0,0,FALSE
Female,Loyal Customer,24,Business Travel,Business,605,5,5,5,5,4,4,4,4,1,2,5,3,4,3.92,0,0,TRUE
Female,Loyal Customer,40,Business Travel,Business,679,2,2,2,2,3,5,5,5,5,5,5,5,5,3.92,6,12,TRUE
Female,Loyal Customer,22,Business Travel,Business,3439,2,4,5,5,2,3,2,2,4,1,4,4,2,3.08,0,0,FALSE
Female,Loyal Customer,58,Business Travel,Business,3610,5,5,5,5,4,4,4,4,4,4,4,5,3,4.31,114,106,TRUE
Female,Loyal Customer,23,Business Travel,Business,2603,1,1,1,1,4,4,4,4,2,3,5,1,4,2.69,0,0,TRUE
Male,Disloyal Customer,29,Business Travel,Eco,1205,2,2,2,4,2,2,2,2,4,2,4,1,2,2.38,0,0,FALSE
Male,Loyal Customer,32,Personal Travel,Eco,285,3,5,3,2,2,3,2,2,5,2,4,5,2,3.08,0,0,FALSE
Female,Loyal Customer,52,Personal Travel,Eco,283,1,4,5,3,5,5,5,4,4,5,4,4,5,4.15,0,0,FALSE
Female,Loyal Customer,35,Business Travel,Eco,1092,5,5,5,5,5,5,5,5,3,2,3,4,5,4.38,1,0,TRUE
Female,Loyal Customer,51,Business Travel,Business,2506,4,4,4,4,4,5,4,4,4,4,4,4,3,4,55,56,TRUE
Female,Loyal Customer,49,Personal Travel,Eco,1194,4,5,4,2,3,3,5,4,4,4,4,3,3,3.69,2,7,FALSE
Female,Loyal Customer,48,Personal Travel,Eco,1306,1,4,1,1,4,4,4,1,1,1,3,5,5,2.69,15,9,FALSE
Male,Loyal Customer,58,Business Travel,Business,1597,1,1,5,1,5,4,5,3,3,3,3,3,3,3.08,0,0,TRUE
Female,Disloyal Customer,18,Business Travel,Eco,920,1,1,1,2,3,1,3,3,3,4,5,3,3,2.54,18,0,FALSE
Male,Loyal Customer,12,Personal Travel,Eco,300,2,5,2,5,3,2,3,3,4,5,4,3,3,3.38,0,7,FALSE
Male,Loyal Customer,19,Personal Travel,Eco,862,2,5,2,4,4,2,2,4,3,2,5,5,4,3.38,0,0,FALSE
Male,Loyal Customer,39,Business Travel,Business,2296,2,2,4,2,4,3,5,5,5,5,5,3,5,3.85,0,0,TRUE
Female,Loyal Customer,55,Personal Travel,Eco,528,3,5,3,4,3,1,5,1,1,3,1,5,5,3.08,0,83,FALSE
Male,Loyal Customer,28,Business Travel,Eco,651,1,3,3,3,1,1,1,1,3,3,3,4,1,2.15,0,0,FALSE
Female,Loyal Customer,20,Personal Travel,Eco,1050,2,4,2,3,3,2,3,3,4,5,4,3,3,3.15,0,0,FALSE
Female,Disloyal Customer,10,Business Travel,Eco,883,3,4,4,3,1,3,1,1,2,4,4,1,1,2.46,0,0,FALSE
Male,Loyal Customer,64,Business Travel,Business,3423,4,4,4,4,3,4,5,5,5,5,5,5,3,4.31,11,7,TRUE
Male,Loyal Customer,41,Business Travel,Business,606,3,3,3,3,2,5,5,4,4,4,4,3,5,3.69,0,0,TRUE
Male,Loyal Customer,13,Personal Travel,Eco,1023,5,5,5,2,3,5,3,3,5,5,3,3,3,3.85,3,0,TRUE
Male,Loyal Customer,51,Personal Travel,Eco,859,4,5,4,3,2,4,2,2,4,3,5,3,2,3.31,0,0,FALSE
Female,Loyal Customer,33,Personal Travel,Eco,1010,3,3,3,2,5,3,5,5,4,1,2,4,5,3.46,0,0,FALSE
Female,Disloyal Customer,38,Business Travel,Eco,109,4,0,4,1,5,4,5,5,2,2,2,2,5,3.15,0,0,FALSE
Female,Loyal Customer,48,Business Travel,Business,2963,2,3,3,3,1,3,3,2,2,2,2,3,2,2.38,13,53,FALSE
Female,Loyal Customer,63,Business Travel,Business,907,2,2,2,2,2,4,5,4,4,4,4,4,5,3.38,0,32,TRUE
Male,Loyal Customer,42,Business Travel,Eco,588,3,4,4,4,3,3,3,3,3,4,3,2,3,3.23,14,15,FALSE
Female,Loyal Customer,51,Business Travel,Business,2084,1,1,1,1,3,1,1,4,4,4,4,2,1,2.15,0,0,TRUE
Female,Loyal Customer,43,Business Travel,Business,2402,1,1,1,1,2,4,5,5,5,5,5,3,5,3.31,5,0,TRUE
Male,Loyal Customer,44,Personal Travel,Eco,834,3,5,3,1,4,3,4,4,4,2,4,4,4,3.46,5,6,FALSE
Male,Loyal Customer,36,Personal Travel,Eco,756,2,4,3,1,1,3,1,1,5,2,5,5,1,2.62,92,91,FALSE
Female,Disloyal Customer,46,Business Travel,Eco Plus,834,2,2,2,5,5,2,5,5,2,4,4,1,5,3.38,0,0,FALSE
Female,Loyal Customer,30,Personal Travel,Eco,862,3,4,3,3,2,3,2,2,4,4,5,3,2,3.08,0,0,FALSE
Female,Loyal Customer,44,Business Travel,Business,3447,0,5,0,1,3,5,5,3,3,3,3,3,5,3,0,0,TRUE
Female,Loyal Customer,39,Business Travel,Business,2191,4,4,4,4,5,5,4,5,5,5,5,3,3,4.31,15,0,TRUE
Male,Loyal Customer,55,Business Travel,Eco,1064,1,5,5,5,1,1,1,1,1,5,4,1,1,2.46,30,36,FALSE
Male,Loyal Customer,52,Personal Travel,Eco,667,1,4,1,3,4,1,5,4,3,2,4,3,4,3,19,10,FALSE
Male,Loyal Customer,24,Business Travel,Eco,970,0,5,0,1,5,0,1,5,5,5,3,1,5,2.77,0,0,TRUE
Male,Disloyal Customer,13,Business Travel,Eco,944,4,4,4,4,2,4,2,2,1,5,5,2,2,3.15,0,0,TRUE
Female,Loyal Customer,26,Business Travel,Business,651,5,5,5,5,5,5,5,5,5,5,5,4,5,4.92,0,0,TRUE
Female,Loyal Customer,39,Business Travel,Eco Plus,1127,3,3,3,3,3,3,3,3,3,5,3,3,3,3.15,0,0,FALSE
Male,Loyal Customer,35,Business Travel,Business,2763,4,2,2,2,4,3,3,4,4,4,4,3,3,3.23,14,8,FALSE
Female,Loyal Customer,53,Business Travel,Business,2772,1,1,2,1,4,2,4,4,4,4,4,4,1,2.77,0,0,TRUE
Male,Loyal Customer,49,Personal Travel,Eco,872,2,2,2,3,3,2,3,3,3,4,4,3,3,2.85,0,0,FALSE
Male,Loyal Customer,28,Personal Travel,Eco Plus,1166,0,3,0,3,1,0,4,1,2,1,3,3,1,1.69,7,0,TRUE
Female,Disloyal Customer,72,Business Travel,Business,228,1,1,1,1,1,1,1,1,5,4,4,5,1,2.08,12,15,FALSE
Male,Loyal Customer,69,Personal Travel,Eco,728,1,3,1,3,5,1,5,5,1,4,3,2,5,3,0,0,FALSE
Female,Loyal Customer,61,Personal Travel,Eco Plus,106,2,4,0,4,4,5,5,1,1,0,1,4,5,2.77,0,0,FALSE
Female,Loyal Customer,51,Business Travel,Eco,234,1,1,1,1,2,3,4,1,1,1,1,4,4,1.92,113,112,FALSE
Male,Loyal Customer,59,Personal Travel,Eco,280,3,4,3,2,4,3,1,4,3,3,5,4,4,3.31,0,101,FALSE
Female,Loyal Customer,37,Business Travel,Eco Plus,450,1,5,5,5,1,1,1,1,4,4,3,3,1,2.69,0,0,FALSE
Female,Loyal Customer,48,Business Travel,Business,1334,2,2,5,2,5,4,4,3,3,4,3,4,4,3.46,0,0,TRUE
Male,Loyal Customer,13,Personal Travel,Eco,4243,4,0,5,3,5,2,5,2,4,3,1,5,5,3.38,0,0,FALSE
Female,Loyal Customer,39,Business Travel,Business,529,3,1,1,1,2,3,3,3,3,3,3,2,2,2.31,0,0,FALSE
Female,Loyal Customer,16,Personal Travel,Eco Plus,163,4,3,4,3,1,4,1,1,2,5,4,2,1,2.69,0,1,FALSE
Female,Loyal Customer,13,Personal Travel,Eco,481,4,4,4,5,2,4,2,2,4,1,5,2,2,3.15,1,0,FALSE
Female,Disloyal Customer,14,Business Travel,Business,1072,0,0,0,2,4,0,4,4,3,3,5,5,4,2.62,12,3,TRUE
Female,Loyal Customer,53,Business Travel,Eco,1139,3,4,4,4,4,2,2,3,3,3,3,2,4,3.15,49,54,FALSE
Male,Loyal Customer,38,Personal Travel,Eco,226,3,5,3,3,3,3,2,3,4,5,5,4,3,3.54,0,0,FALSE
Female,Loyal Customer,41,Business Travel,Business,2576,3,3,3,3,2,2,2,5,5,5,5,2,2,3.23,126,143,TRUE
Female,Loyal Customer,53,Personal Travel,Eco,1189,2,4,2,2,2,3,4,2,2,2,2,5,3,2.69,11,6,FALSE
Male,Disloyal Customer,43,Business Travel,Eco,334,2,0,2,1,2,2,2,2,2,1,5,5,2,2.15,0,0,FALSE
Male,Disloyal Customer,30,Business Travel,Eco,846,4,4,4,4,3,4,3,3,1,4,3,3,3,3.31,0,0,FALSE
Female,Loyal Customer,72,Business Travel,Business,2586,2,3,3,3,5,4,3,2,2,2,2,2,3,2.77,0,0,FALSE
Female,Loyal Customer,35,Personal Travel,Business,390,2,5,2,3,5,2,2,4,4,2,4,3,1,3,0,0,FALSE
Female,Loyal Customer,63,Personal Travel,Eco,184,3,3,3,3,3,3,3,4,4,3,4,2,2,3.08,0,0,FALSE
Female,Loyal Customer,54,Business Travel,Eco,645,1,2,2,2,1,4,4,1,1,1,1,4,2,2,0,0,FALSE
Female,Loyal Customer,49,Business Travel,Business,2577,4,4,4,4,2,5,5,3,3,3,3,5,4,3.77,26,29,TRUE
Female,Disloyal Customer,30,Business Travel,Business,1521,1,1,1,3,2,1,2,2,3,4,4,3,2,2.23,45,18,FALSE
Male,Loyal Customer,33,Personal Travel,Eco,184,2,4,2,2,5,2,5,5,5,2,4,3,5,3.54,0,0,FALSE
Male,Loyal Customer,21,Business Travel,Business,2588,5,5,5,5,3,3,3,5,3,4,3,3,3,3.85,54,49,TRUE
Female,Disloyal Customer,46,Business Travel,Business,846,5,5,5,1,2,5,2,2,4,2,5,5,2,3.46,0,,TRUE
Female,Loyal Customer,65,Business Travel,Business,230,3,2,2,2,1,4,4,3,3,3,3,4,2,2.77,0,0,FALSE
Female,Loyal Customer,51,Business Travel,Eco,308,2,2,4,2,2,3,3,1,1,2,1,4,2,2.23,0,0,FALSE
Female,Loyal Customer,32,Business Travel,Eco,1262,2,5,5,5,2,2,2,2,2,5,2,4,2,3.08,0,0,FALSE
Female,Loyal Customer,34,Business Travel,Business,1400,3,2,5,5,5,2,1,3,3,3,3,3,1,3,57,60,FALSE
Female,Disloyal Customer,26,Business Travel,Eco,565,1,3,1,4,2,1,2,2,4,5,4,4,2,2.69,18,17,FALSE
Female,Loyal Customer,45,Business Travel,Business,2665,5,3,5,5,5,5,1,5,5,5,5,5,2,4.31,0,0,TRUE
Female,Disloyal Customer,22,Business Travel,Eco,998,1,1,1,1,2,1,2,2,3,4,5,5,2,2.31,14,1,FALSE
Female,Loyal Customer,25,Personal Travel,Eco,383,4,3,4,4,4,4,4,4,1,3,3,4,4,3.54,0,0,FALSE
Female,Loyal Customer,46,Business Travel,Business,2475,1,1,1,1,4,4,4,4,5,5,5,4,4,3.31,0,0,TRUE
Female,Loyal Customer,43,Business Travel,Business,1682,5,1,2,2,1,3,4,5,5,4,5,2,2,3.15,44,38,FALSE
Female,Disloyal Customer,28,Business Travel,Eco,869,2,2,2,3,5,2,5,5,1,5,3,2,5,3.23,0,0,FALSE
Male,Loyal Customer,44,Business Travel,Eco,844,4,1,1,1,4,4,4,4,2,3,3,5,4,3.08,0,0,TRUE
Female,Loyal Customer,40,Personal Travel,Business,406,3,4,3,1,3,4,4,4,4,3,4,3,3,3.31,64,60,FALSE
Male,Loyal Customer,35,Personal Travel,Eco Plus,139,3,4,3,5,1,3,1,1,4,4,4,4,1,2.92,53,62,FALSE
Male,Loyal Customer,30,Business Travel,Business,370,4,4,4,4,5,4,5,5,2,3,5,5,5,4.23,0,0,TRUE
Female,Loyal Customer,22,Personal Travel,Eco,1144,3,4,3,5,4,3,4,4,4,5,5,5,4,4.08,14,15,FALSE
Male,Disloyal Customer,25,Business Travel,Eco,1371,4,4,4,3,3,4,3,3,2,3,3,1,3,3.08,0,4,FALSE
Male,Disloyal Customer,41,Business Travel,Eco,567,4,0,4,3,2,4,2,2,4,4,4,5,2,3.08,26,35,FALSE
Female,Loyal Customer,30,Personal Travel,Business,409,3,5,3,3,5,3,4,5,4,3,4,4,5,3.92,0,0,FALSE
Female,Disloyal Customer,28,Business Travel,Eco,1042,2,2,2,4,3,2,3,3,4,5,4,1,3,2.92,12,2,FALSE
Female,Loyal Customer,27,Personal Travel,Eco,868,4,4,4,5,2,4,2,2,4,5,2,5,2,3.46,13,13,FALSE
Male,Loyal Customer,45,Business Travel,Business,2218,3,2,3,3,4,4,4,2,2,2,2,3,4,2.92,0,0,TRUE
Female,Loyal Customer,55,Personal Travel,Eco,293,1,4,1,1,3,5,5,2,2,1,2,5,4,2.77,0,0,FALSE
Male,Loyal Customer,40,Business Travel,Business,1428,4,2,4,4,4,4,4,5,5,4,5,4,4,4.08,0,0,TRUE
Male,Loyal Customer,20,Personal Travel,Eco,1447,3,2,4,3,3,4,3,3,4,1,4,1,3,2.92,33,12,FALSE
Male,Loyal Customer,63,Business Travel,Business,248,0,0,0,2,5,5,5,5,5,5,5,4,5,3.54,0,0,TRUE
Male,Loyal Customer,36,Personal Travel,Eco,1674,4,2,4,3,3,4,3,3,3,1,4,2,3,3,2,0,FALSE
Female,Loyal Customer,21,Personal Travel,Eco,545,3,1,3,4,4,3,2,4,2,1,4,2,4,2.85,17,20,FALSE
Female,Loyal Customer,48,Personal Travel,Eco,1597,1,5,1,1,4,5,4,3,3,1,4,3,4,3,87,64,FALSE
Female,Loyal Customer,54,Business Travel,Business,1661,3,3,3,3,4,5,5,5,5,5,5,5,3,4.15,0,9,TRUE
Female,Disloyal Customer,59,Business Travel,Eco,192,1,0,0,4,1,0,1,1,5,4,3,3,1,1.85,41,40,FALSE
Male,Disloyal Customer,27,Business Travel,Business,551,4,4,4,2,3,4,3,3,3,5,5,4,3,3.62,0,0,FALSE
Male,Disloyal Customer,25,Business Travel,Business,309,3,3,3,2,3,3,2,3,1,2,3,4,3,2.69,0,0,FALSE
Male,Disloyal Customer,27,Business Travel,Business,946,4,4,4,2,5,4,5,5,5,2,5,5,5,4.23,0,0,TRUE
Male,Loyal Customer,20,Personal Travel,Eco,595,3,1,3,3,2,3,2,2,1,4,3,4,2,2.54,0,0,FALSE
Male,Disloyal Customer,30,Business Travel,Eco,957,2,2,2,4,1,2,1,1,4,3,1,5,1,2.23,0,0,FALSE
Male,Loyal Customer,49,Personal Travel,Eco,1235,4,4,4,1,3,4,3,3,3,2,4,3,3,3.15,0,,TRUE
Female,Loyal Customer,28,Personal Travel,Eco,333,3,5,3,4,3,3,3,3,5,5,4,4,3,3.69,31,24,FALSE
Female,Loyal Customer,36,Business Travel,Business,3617,2,3,3,3,3,1,2,2,2,2,2,4,3,2.46,19,30,FALSE
Female,Loyal Customer,53,Personal Travel,Eco,634,1,1,1,3,2,3,3,5,5,1,5,2,4,2.77,0,0,FALSE
Female,Loyal Customer,59,Business Travel,Business,3121,1,2,2,2,3,4,3,1,1,1,1,1,3,1.92,72,53,FALSE
Female,Disloyal Customer,38,Business Travel,Eco,386,1,1,1,4,4,1,4,4,2,2,4,4,4,2.77,19,12,FALSE
Male,Loyal Customer,59,Business Travel,Eco,1208,5,1,1,1,5,5,5,5,2,4,5,5,5,3.77,0,0,TRUE
Male,Loyal Customer,70,Personal Travel,Eco,197,1,2,1,4,1,1,1,1,2,1,4,4,1,1.85,0,0,FALSE
Male,Loyal Customer,45,Business Travel,Business,1953,3,3,3,3,4,5,5,5,5,5,5,4,5,4.23,0,0,TRUE
Male,Disloyal Customer,42,Business Travel,Business,1514,4,5,5,2,4,4,4,4,3,2,4,5,4,3.85,0,15,FALSE
Female,Loyal Customer,40,Personal Travel,Business,674,4,5,4,3,2,5,4,2,2,4,2,3,5,3.46,0,0,FALSE
Female,Disloyal Customer,26,Business Travel,Eco,370,4,2,4,4,1,4,1,1,3,3,3,1,1,2.46,0,0,FALSE
Female,Loyal Customer,45,Personal Travel,Eco,771,2,5,2,3,5,5,5,5,5,2,3,3,3,3.69,0,0,FALSE
Female,Loyal Customer,38,Business Travel,Business,645,1,1,1,1,5,5,5,4,3,2,4,5,5,3.23,147,183,TRUE
Male,Loyal Customer,41,Business Travel,Business,189,0,4,0,3,4,5,5,3,3,3,3,3,3,3,11,0,TRUE
Male,Loyal Customer,15,Personal Travel,Eco,1062,3,4,3,3,3,3,3,3,3,3,4,4,3,3.23,0,0,FALSE
Male,Disloyal Customer,22,Business Travel,Business,867,5,4,5,4,2,4,5,2,3,3,4,5,2,3.69,0,0,TRUE
Female,Loyal Customer,57,Personal Travel,Eco,650,0,3,0,3,4,1,3,4,4,0,4,3,3,2.46,0,0,TRUE
Male,Loyal Customer,33,Personal Travel,Eco,650,1,4,1,2,1,1,1,1,1,4,2,5,1,1.92,0,0,FALSE
Male,Loyal Customer,31,Business Travel,Eco,151,1,5,4,5,1,1,1,2,2,4,4,1,1,2.46,129,152,FALSE
Female,Loyal Customer,42,Personal Travel,Business,691,5,5,5,4,4,4,4,2,2,5,2,4,3,3.77,14,34,TRUE
Male,Loyal Customer,33,Business Travel,Business,2989,4,5,5,5,4,4,4,4,1,4,3,3,4,3.85,0,19,FALSE
Female,Loyal Customer,60,Personal Travel,Eco,395,2,4,4,5,4,5,5,3,3,4,3,3,2,3.62,0,0,FALSE
Male,Loyal Customer,49,Business Travel,Business,2879,4,4,4,4,4,4,5,5,5,5,5,4,3,4.31,0,0,TRUE
Female,Loyal Customer,68,Business Travel,Business,3002,3,1,1,1,5,3,3,3,3,3,3,3,2,2.62,11,6,FALSE
Female,Disloyal Customer,18,Business Travel,Eco,399,2,1,2,4,5,2,5,5,3,4,4,1,5,3.31,0,0,FALSE
Female,Loyal Customer,66,Business Travel,Business,3789,2,4,4,4,2,2,2,2,2,2,2,2,1,2.38,12,12,FALSE
Female,Loyal Customer,63,Personal Travel,Business,429,1,4,1,1,2,5,4,3,3,1,3,3,3,2.62,0,0,FALSE
Female,Loyal Customer,26,Business Travel,Business,1514,3,3,3,3,3,3,3,3,3,2,4,4,3,3.08,2,0,FALSE
Male,Disloyal Customer,23,Business Travel,Eco,297,1,4,1,1,1,1,1,1,4,5,5,4,1,2.31,0,0,FALSE
Female,Loyal Customer,47,Business Travel,Eco,1514,4,5,5,5,3,4,1,4,4,4,4,4,1,3.69,103,96,TRUE
Male,Loyal Customer,43,Personal Travel,Eco,994,1,5,1,2,1,1,1,1,3,4,5,5,1,2.38,0,0,FALSE
Female,Disloyal Customer,15,Business Travel,Business,946,4,5,4,3,5,4,1,5,3,3,4,5,5,3.92,27,34,TRUE
Male,Loyal Customer,50,Business Travel,Business,2246,5,5,5,5,3,4,5,4,4,4,4,5,4,4.38,23,16,TRUE
Male,Loyal Customer,69,Business Travel,Business,3335,3,4,4,4,4,2,3,3,3,3,3,3,1,3.08,61,64,FALSE
Female,Disloyal Customer,28,Business Travel,Business,715,2,3,3,4,2,3,2,2,3,5,4,3,2,2.92,4,6,FALSE
Female,Loyal Customer,50,Personal Travel,Eco,433,5,5,5,3,5,4,5,5,5,5,5,3,3,4.46,0,0,TRUE
Male,Disloyal Customer,33,Business Travel,Eco,1285,3,3,3,3,3,3,3,3,1,5,4,3,3,3.08,71,52,FALSE
Male,Loyal Customer,47,Business Travel,Eco,135,4,2,4,4,4,4,4,4,3,3,4,2,4,3.54,0,0,FALSE
Female,Loyal Customer,39,Business Travel,Eco Plus,335,3,2,2,2,3,3,3,3,1,3,2,3,3,2.54,0,0,FALSE
Female,Loyal Customer,47,Business Travel,Eco,746,3,1,1,1,3,3,3,3,3,3,3,1,1,2.23,101,108,FALSE
Female,Loyal Customer,49,Business Travel,Business,3785,1,1,1,1,3,5,4,5,5,5,5,4,5,3.46,4,9,TRUE
Male,Loyal Customer,28,Business Travel,Eco Plus,509,5,1,4,1,5,5,5,5,2,5,4,1,5,3.69,0,0,TRUE
Female,Disloyal Customer,26,Business Travel,Eco,679,2,2,2,2,4,2,4,4,4,1,1,1,4,2.54,0,0,FALSE
Male,Disloyal Customer,37,Business Travel,Business,362,2,1,1,3,4,1,4,4,3,1,4,1,4,2.54,0,6,FALSE
Female,Loyal Customer,10,Personal Travel,Eco,1192,2,1,2,3,3,2,3,3,2,5,4,4,3,2.85,0,0,FALSE
Male,Loyal Customer,25,Business Travel,Business,3784,1,1,1,1,5,5,5,5,3,3,4,5,5,3.38,54,27,TRUE
Male,Loyal Customer,30,Personal Travel,Eco,201,5,4,5,3,3,5,3,3,3,5,1,5,3,3.69,0,2,TRUE
Male,Disloyal Customer,33,Business Travel,Business,173,2,2,2,4,2,2,2,2,5,5,5,4,2,3,19,13,FALSE
Female,Disloyal Customer,45,Business Travel,Business,1444,2,2,2,3,5,2,5,5,2,2,4,1,5,3.08,32,30,FALSE
Female,Loyal Customer,14,Personal Travel,Eco,1023,1,4,1,2,4,1,4,4,3,1,4,5,4,2.92,0,21,FALSE
Male,Loyal Customer,14,Business Travel,Business,642,1,1,1,1,5,5,5,5,4,3,4,5,5,3.46,0,0,TRUE
Male,Loyal Customer,11,Personal Travel,Eco,643,1,4,1,1,5,1,5,5,4,5,5,3,5,3.46,0,13,FALSE
Female,Loyal Customer,43,Personal Travel,Eco,989,2,3,2,3,1,4,4,2,2,2,2,1,2,2.31,0,0,FALSE
Female,Loyal Customer,21,Personal Travel,Eco,1097,2,1,2,3,1,2,1,1,3,4,2,4,1,2.08,0,0,FALSE
Male,Disloyal Customer,18,Business Travel,Eco,425,3,1,3,2,1,3,1,1,2,4,3,1,1,2,0,0,FALSE
Female,Disloyal Customer,27,Business Travel,Business,1773,2,1,1,1,1,1,4,1,4,5,3,5,1,2.31,3,0,FALSE
Female,Loyal Customer,24,Business Travel,Business,341,4,1,1,1,4,4,4,4,3,5,3,1,4,3,0,0,FALSE
Female,Disloyal Customer,22,Business Travel,Business,157,4,0,4,4,5,4,3,5,3,3,4,4,5,3.69,104,84,TRUE
Female,Loyal Customer,57,Personal Travel,Eco,1020,4,1,4,3,3,3,4,5,5,4,5,2,2,3.46,0,0,FALSE
Male,Disloyal Customer,23,Business Travel,Business,1033,5,2,5,1,4,5,4,4,5,4,4,4,4,3.92,0,0,TRUE
Male,Disloyal Customer,23,Business Travel,Eco,1199,2,2,2,2,1,2,1,1,1,2,4,5,1,2,0,1,FALSE
Male,Loyal Customer,33,Personal Travel,Eco,283,0,4,0,4,1,0,1,1,5,4,5,3,1,2.23,0,0,TRUE
Female,Loyal Customer,52,Business Travel,Business,283,0,0,0,1,5,4,4,3,3,3,3,5,3,2.62,0,0,TRUE
Female,Loyal Customer,43,Business Travel,Business,3941,3,3,3,3,4,4,4,5,5,5,5,4,3,3.92,98,98,TRUE
Male,Loyal Customer,38,Business Travel,Business,240,3,3,3,3,2,5,5,5,5,5,5,5,5,4.15,40,32,TRUE
Male,Disloyal Customer,29,Business Travel,Business,489,2,2,2,4,3,2,5,3,1,4,3,3,3,2.85,0,9,FALSE
Male,Loyal Customer,64,Personal Travel,Eco,1256,3,5,3,5,2,3,2,2,5,2,4,3,2,3.15,0,0,FALSE
Female,Loyal Customer,30,Business Travel,Business,2454,5,5,5,5,3,3,3,4,5,4,5,3,3,4.08,12,34,TRUE
Male,Loyal Customer,44,Business Travel,Business,3007,3,3,4,3,2,5,4,4,4,4,4,5,3,3.69,44,43,TRUE
Female,Loyal Customer,49,Business Travel,Business,2464,4,4,4,4,3,5,5,5,5,4,5,4,3,4.23,20,14,TRUE
Male,Loyal Customer,57,Business Travel,Business,1310,5,5,5,5,5,4,4,5,5,5,5,5,5,4.85,2,0,TRUE
Female,Disloyal Customer,39,Business Travel,Eco,183,3,0,3,4,1,3,1,1,5,3,1,5,1,2.38,0,0,FALSE
Female,Disloyal Customer,27,Business Travel,Eco,303,2,1,2,3,3,2,3,3,2,1,3,3,3,2.38,112,95,FALSE
Female,Loyal Customer,61,Business Travel,Business,221,4,5,5,5,5,3,4,4,4,4,4,4,2,4.08,0,5,FALSE
Female,Loyal Customer,50,Business Travel,Business,1185,2,2,2,2,4,3,2,4,4,3,4,1,3,2.77,0,0,TRUE
Male,Loyal Customer,39,Business Travel,Business,3664,5,5,5,5,3,5,5,3,3,4,3,4,3,4.08,0,0,TRUE
Male,Loyal Customer,56,Business Travel,Business,544,3,1,3,3,4,5,5,4,4,4,4,4,4,3.69,0,0,TRUE
Female,Loyal Customer,18,Personal Travel,Business,785,3,4,4,1,5,4,5,5,5,4,4,4,5,4.08,16,31,FALSE
Male,Loyal Customer,19,Personal Travel,Eco,2007,4,4,4,1,5,4,5,5,3,3,5,5,5,4.08,0,0,FALSE
Male,Loyal Customer,69,Personal Travel,Business,677,2,5,3,5,4,4,5,4,4,3,1,3,3,3.54,3,11,FALSE
Male,Loyal Customer,31,Personal Travel,Eco,775,3,5,4,3,4,4,4,4,3,1,4,3,4,3.54,30,16,FALSE
Female,Disloyal Customer,18,Business Travel,Eco,1303,1,1,1,3,5,1,5,5,4,5,4,2,5,3.23,0,0,FALSE
Male,Loyal Customer,47,Business Travel,Business,985,1,1,1,1,2,4,4,5,5,5,5,4,5,3.31,0,0,TRUE
Female,Loyal Customer,68,Personal Travel,Eco,302,3,4,3,3,1,3,4,4,4,3,4,3,2,3.15,51,43,FALSE
Male,Loyal Customer,64,Personal Travel,Eco,236,3,4,0,4,2,0,2,2,4,5,4,2,2,2.62,0,0,FALSE
Female,Loyal Customer,17,Business Travel,Business,2475,2,2,2,2,5,5,5,5,2,3,3,5,5,3.54,0,0,TRUE
Female,Loyal Customer,36,Business Travel,Business,669,4,4,4,4,3,4,4,5,5,5,5,1,5,4.08,0,0,TRUE
Male,Loyal Customer,29,Business Travel,Business,2528,5,5,5,5,3,4,3,3,2,2,1,1,3,3.23,0,5,TRUE
Female,Loyal Customer,40,Business Travel,Business,2845,2,5,5,5,1,3,3,2,2,2,2,3,4,3,0,39,FALSE
Female,Loyal Customer,34,Business Travel,Eco,1269,1,4,4,4,1,1,1,1,1,1,4,3,1,2.08,0,0,FALSE
Male,Loyal Customer,47,Personal Travel,Eco,813,2,1,1,3,4,1,1,4,2,1,3,4,4,2.38,44,51,FALSE
Male,Disloyal Customer,25,Business Travel,Eco,537,4,1,4,3,5,4,5,5,1,4,4,4,5,3.77,0,0,FALSE
Male,Loyal Customer,56,Business Travel,Business,2454,1,1,1,1,4,3,4,4,4,4,4,4,5,3.08,8,0,TRUE
Female,Loyal Customer,8,Personal Travel,Eco Plus,231,3,5,3,2,2,3,2,2,5,2,5,5,2,3.15,0,0,FALSE
Female,Loyal Customer,39,Personal Travel,Eco Plus,2342,4,4,4,4,2,4,2,2,2,4,4,5,2,3.31,19,0,TRUE
Female,Disloyal Customer,21,Business Travel,Eco,423,2,4,2,4,5,2,5,5,2,5,4,3,5,3.69,39,33,FALSE
Female,Loyal Customer,45,Business Travel,Eco,565,4,3,3,3,3,3,1,4,4,4,4,4,4,3.38,18,17,TRUE
Male,Loyal Customer,37,Business Travel,Eco,106,2,2,2,2,2,2,2,2,4,1,3,4,2,2.31,47,50,FALSE
Male,Disloyal Customer,40,Business Travel,Business,309,3,3,3,3,2,3,2,2,3,2,5,4,2,2.85,0,0,FALSE
Female,Loyal Customer,55,Personal Travel,Eco,1750,2,3,2,2,2,3,4,2,2,2,5,5,4,2.92,1,0,FALSE
Male,Loyal Customer,54,Business Travel,Business,2846,5,5,3,5,5,5,4,4,4,5,4,4,5,4.46,0,0,TRUE
Male,Loyal Customer,52,Personal Travel,Eco,2342,4,4,4,3,1,4,1,1,2,5,4,3,1,2.85,0,0,FALSE
Female,Loyal Customer,46,Personal Travel,Eco,1105,0,4,0,3,2,4,4,1,1,0,1,1,4,1.92,0,3,TRUE
Female,Loyal Customer,35,Business Travel,Business,342,5,5,5,5,5,5,4,5,5,5,5,3,5,4.77,0,0,TRUE
Male,Loyal Customer,51,Personal Travel,Eco,239,2,1,2,3,5,2,5,5,4,4,3,2,5,3.31,6,0,FALSE
Female,Loyal Customer,39,Business Travel,Business,2407,3,3,3,3,2,4,5,4,4,4,4,4,4,3.62,0,0,TRUE
Female,Disloyal Customer,62,Business Travel,Eco Plus,315,3,3,3,3,1,3,1,1,1,2,4,4,1,2.31,2,0,FALSE
Male,Loyal Customer,23,Business Travel,Eco,1542,4,3,3,3,4,4,5,4,4,4,3,2,4,3.62,0,0,TRUE
Male,Loyal Customer,46,Personal Travel,Eco,764,1,5,1,4,4,1,4,4,3,4,5,5,4,3.46,0,0,FALSE
Female,Loyal Customer,26,Personal Travel,Eco Plus,460,3,3,3,4,5,3,5,5,2,1,4,2,5,3.46,12,12,FALSE
Female,Loyal Customer,25,Business Travel,Business,1096,4,1,1,1,4,4,4,1,1,3,4,4,4,2.77,167,165,FALSE
Female,Disloyal Customer,35,Business Travel,Eco,114,2,3,2,4,1,2,1,1,3,2,3,4,1,2.23,0,28,FALSE
Female,Loyal Customer,39,Business Travel,Eco,1635,2,2,2,2,2,2,2,2,3,2,3,3,2,2.23,1,9,FALSE
Male,Disloyal Customer,23,Business Travel,Eco,833,5,5,5,3,3,5,3,3,4,3,3,4,3,3.77,0,0,TRUE
Male,Loyal Customer,41,Business Travel,Eco Plus,399,4,1,1,1,4,4,4,4,4,1,4,4,4,3.08,0,4,TRUE
Female,Loyal Customer,45,Personal Travel,Eco,781,3,5,3,4,2,3,2,2,2,3,1,1,4,2.69,77,64,FALSE
Female,Loyal Customer,54,Business Travel,Business,277,3,3,3,3,4,5,5,5,5,5,5,3,5,4.15,0,0,TRUE
Female,Disloyal Customer,23,Business Travel,Business,1023,4,5,4,1,1,4,1,1,3,4,5,5,1,3,9,0,TRUE
Male,Loyal Customer,39,Business Travel,Eco Plus,277,5,5,5,5,5,5,5,5,4,2,4,4,5,4.54,1,16,TRUE
Female,Loyal Customer,62,Business Travel,Business,2793,4,4,4,4,1,4,3,4,4,4,4,3,2,3.46,0,0,FALSE
Male,Loyal Customer,47,Personal Travel,Eco,1171,1,4,1,2,3,1,3,3,4,2,4,3,3,2.62,37,39,FALSE
Female,Loyal Customer,33,Business Travel,Business,528,2,2,2,2,1,2,2,2,2,2,2,2,1,1.85,30,14,FALSE
Female,Loyal Customer,25,Business Travel,Eco Plus,771,1,5,5,5,1,1,3,1,3,2,3,3,1,2.62,0,0,FALSE
Male,Loyal Customer,46,Business Travel,Business,95,1,1,4,1,3,4,5,5,5,5,4,3,3,3.38,1,0,TRUE
Male,Loyal Customer,70,Business Travel,Business,1545,2,4,4,4,2,3,4,3,3,3,2,4,1,3,27,11,FALSE
Female,Loyal Customer,63,Personal Travel,Eco,581,2,5,2,5,4,5,5,1,1,2,1,4,3,3.08,59,46,FALSE
Male,Loyal Customer,54,Business Travel,Business,2431,5,5,5,5,5,5,4,5,5,5,5,5,4,4.85,0,3,TRUE
Female,Loyal Customer,54,Personal Travel,Eco,1246,2,4,2,5,4,5,4,3,3,2,3,4,5,3.54,82,59,FALSE
Male,Loyal Customer,66,Business Travel,Business,1878,1,3,3,3,4,3,4,3,3,3,1,4,2,2.85,9,1,FALSE
Male,Disloyal Customer,30,Business Travel,Eco,612,3,4,2,3,2,1,1,1,2,4,3,1,1,2.15,290,290,FALSE
Male,Disloyal Customer,38,Business Travel,Eco,196,2,3,1,3,2,1,2,2,3,4,4,2,2,2.38,2,1,FALSE
Male,Loyal Customer,58,Business Travel,Business,2372,1,1,1,1,4,5,5,5,5,5,5,3,5,3.54,0,0,TRUE
Male,Disloyal Customer,38,Business Travel,Eco,408,1,1,2,4,2,2,5,2,3,1,3,4,2,2.46,0,0,FALSE
Female,Loyal Customer,29,Business Travel,Business,533,1,1,1,1,4,4,4,4,2,4,5,3,4,2.92,1,0,TRUE
Female,Loyal Customer,58,Business Travel,Business,3600,1,2,5,2,1,3,4,4,4,3,1,2,3,2.69,0,0,FALSE
Male,Loyal Customer,39,Business Travel,Business,862,4,4,4,4,3,5,4,4,4,4,4,3,5,4,54,,TRUE
Male,Loyal Customer,25,Business Travel,Eco,846,5,5,5,5,5,5,5,5,4,1,1,4,5,4.23,0,0,TRUE
Female,Loyal Customer,48,Business Travel,Business,1569,4,4,3,4,2,4,5,5,5,5,5,4,3,4.08,0,0,TRUE
Female,Loyal Customer,57,Personal Travel,Eco Plus,1931,3,5,3,5,4,4,4,2,2,3,2,5,3,3.46,0,1,FALSE
Male,Loyal Customer,24,Business Travel,Business,2106,3,4,4,4,3,3,3,3,2,4,3,1,3,3.08,8,24,FALSE
Male,Loyal Customer,27,Personal Travel,Eco,216,3,0,3,2,4,3,4,4,4,2,3,4,4,3.08,0,0,FALSE
Female,Loyal Customer,31,Business Travel,Business,1504,5,5,5,5,5,5,5,5,3,5,2,2,5,4.38,61,57,TRUE
Female,Loyal Customer,30,Business Travel,Eco Plus,451,4,5,5,5,4,4,4,4,1,2,3,2,4,3.62,10,23,TRUE
Female,Loyal Customer,7,Personal Travel,Eco Plus,853,2,5,1,2,5,1,5,5,3,2,5,4,5,3.46,0,0,FALSE
Female,Loyal Customer,39,Business Travel,Business,2056,1,5,5,5,1,1,1,1,3,3,4,1,1,2.46,460,457,FALSE
Female,Disloyal Customer,39,Business Travel,Business,590,4,3,3,3,3,3,3,3,4,4,4,3,3,3.31,0,0,TRUE
Female,Disloyal Customer,52,Business Travel,Eco,588,1,3,0,3,4,0,4,4,3,2,2,3,4,2.54,0,0,FALSE
Female,Loyal Customer,16,Personal Travel,Eco,925,2,5,1,1,4,1,4,4,5,5,5,5,4,3.54,0,0,FALSE
Male,Disloyal Customer,25,Business Travel,Eco,288,3,2,3,2,3,4,4,3,4,2,3,4,4,3.15,152,142,FALSE
Male,Loyal Customer,58,Business Travel,Business,3995,0,4,0,4,3,5,4,5,5,5,5,5,3,3.69,31,28,TRUE
Female,Loyal Customer,27,Personal Travel,Eco,544,4,5,4,3,2,4,2,2,3,4,4,3,2,3.23,0,0,FALSE
Female,Loyal Customer,58,Business Travel,Business,1788,1,1,3,1,2,4,5,4,4,4,4,3,5,3.15,0,0,TRUE
Male,Loyal Customer,40,Business Travel,Business,1075,4,1,4,4,2,4,5,5,5,5,5,3,5,4,0,0,TRUE
Female,Loyal Customer,13,Personal Travel,Eco,201,3,3,3,3,5,3,5,5,2,3,4,3,5,3.62,0,0,FALSE
Male,Loyal Customer,57,Business Travel,Business,2552,3,3,3,3,3,5,5,5,5,5,5,5,4,4.15,0,0,TRUE
Female,Loyal Customer,45,Business Travel,Business,1594,1,1,3,1,3,4,5,4,4,4,4,5,4,3.31,4,4,TRUE
Female,Loyal Customer,44,Business Travel,Business,2859,5,5,5,5,4,5,4,4,4,4,5,3,4,4.38,0,1,TRUE
Male,Loyal Customer,45,Business Travel,Business,678,5,5,5,5,3,4,5,3,3,4,3,5,3,4.08,6,0,TRUE
Female,Loyal Customer,17,Personal Travel,Eco Plus,647,3,4,3,5,5,3,5,5,1,4,5,3,5,3.92,59,59,FALSE
Male,Loyal Customer,31,Business Travel,Business,1123,2,4,4,4,2,2,2,2,4,5,3,3,2,3,23,14,FALSE
Male,Loyal Customer,26,Business Travel,Business,390,1,1,1,1,3,4,3,3,3,2,4,5,3,2.62,1,0,TRUE
Female,Loyal Customer,44,Business Travel,Business,2475,2,2,2,2,5,5,5,4,5,4,4,5,5,3.85,0,0,TRUE
Female,Loyal Customer,44,Business Travel,Eco,679,4,4,3,3,2,2,4,4,4,4,4,3,2,3.31,0,0,TRUE
Male,Loyal Customer,41,Personal Travel,Eco,226,1,5,0,5,3,0,3,3,4,3,5,3,3,2.92,0,0,FALSE
Male,Loyal Customer,36,Business Travel,Eco,1242,3,4,4,4,3,5,3,3,4,5,2,5,3,3.69,0,20,TRUE
Male,Disloyal Customer,22,Business Travel,Eco,1276,1,1,1,3,4,1,4,4,3,2,4,5,4,2.85,18,14,FALSE
Female,Loyal Customer,43,Business Travel,Business,925,5,3,5,5,2,3,1,4,4,4,4,2,2,3.38,15,1,TRUE
Male,Loyal Customer,49,Business Travel,Business,2370,5,5,5,5,3,4,5,4,4,4,4,3,3,4.15,0,0,TRUE
Female,Loyal Customer,46,Business Travel,Eco,789,4,4,4,4,2,4,1,4,4,4,4,1,5,3.46,0,0,TRUE
Male,Loyal Customer,37,Personal Travel,Eco,2422,1,4,1,4,2,1,2,2,4,2,3,4,2,2.46,0,0,FALSE
Male,Loyal Customer,52,Business Travel,Business,3087,1,1,1,1,3,5,5,4,4,4,4,5,3,3.15,25,20,TRUE
Male,Loyal Customer,49,Business Travel,Business,1942,4,2,4,4,5,5,5,4,4,4,4,3,4,4,41,25,TRUE
Male,Loyal Customer,46,Business Travel,Business,3259,1,1,1,1,5,5,5,3,3,3,3,5,5,3.15,183,174,TRUE
Female,Loyal Customer,31,Personal Travel,Eco,692,1,5,1,3,2,1,2,2,3,4,4,3,2,2.54,47,51,FALSE
Male,Loyal Customer,35,Business Travel,Business,937,3,4,3,4,4,2,3,3,3,3,3,1,4,3.08,25,16,FALSE
Female,Loyal Customer,54,Business Travel,Business,3159,3,3,5,3,5,5,5,4,4,4,4,5,4,4.15,2,2,TRUE
Male,Disloyal Customer,21,Business Travel,Eco,261,3,0,3,2,3,3,3,3,4,5,1,1,3,2.62,128,129,FALSE
Female,Loyal Customer,60,Business Travel,Business,888,5,5,5,5,2,5,4,4,4,4,4,4,5,4.31,0,9,TRUE
Male,Disloyal Customer,17,Business Travel,Eco,334,2,5,2,1,3,2,1,3,4,2,5,5,3,2.92,0,0,FALSE
Male,Loyal Customer,69,Personal Travel,Business,895,3,3,3,3,2,3,3,5,5,3,5,4,4,3.54,23,12,FALSE
Female,Loyal Customer,59,Business Travel,Business,110,3,3,3,3,2,3,2,1,2,4,3,2,2,2.54,163,157,FALSE
Female,Disloyal Customer,27,Business Travel,Eco,979,2,2,2,3,1,2,3,1,4,1,4,2,1,2.15,21,10,FALSE
Female,Loyal Customer,39,Personal Travel,Eco Plus,231,3,2,0,3,3,0,3,3,2,1,2,3,3,2.15,0,0,FALSE
Female,Loyal Customer,23,Business Travel,Business,2764,1,3,1,1,1,1,1,1,4,1,2,2,1,1.54,27,9,FALSE
Female,Disloyal Customer,43,Business Travel,Business,606,5,5,5,4,5,1,4,5,4,5,5,4,4,4.31,164,163,TRUE
Female,Loyal Customer,58,Business Travel,Business,1519,2,2,4,2,5,5,4,5,5,4,5,5,4,4,0,0,TRUE
Female,Disloyal Customer,44,Business Travel,Eco Plus,1192,2,2,2,3,4,2,4,4,3,1,2,4,4,2.85,26,27,FALSE
Female,Loyal Customer,25,Personal Travel,Eco,268,2,0,2,3,4,2,4,4,3,3,1,5,4,2.85,0,0,FALSE
Female,Loyal Customer,40,Business Travel,Eco,496,5,1,1,1,5,5,5,5,3,1,3,2,5,3.23,0,10,TRUE
Female,Loyal Customer,26,Personal Travel,Eco,543,3,4,3,2,4,3,1,4,5,5,4,5,4,3.62,37,30,FALSE
Male,Loyal Customer,31,Personal Travel,Eco,695,1,1,2,2,4,2,2,4,4,1,2,2,4,2.38,0,0,FALSE
Female,Loyal Customer,17,Business Travel,Business,3983,4,4,4,4,4,4,4,4,3,2,5,5,4,3.92,0,0,TRUE
Female,Loyal Customer,39,Business Travel,Business,2330,4,4,4,4,4,4,4,5,5,5,5,5,3,4.31,0,0,TRUE
Female,Loyal Customer,70,Personal Travel,Eco,776,3,4,3,3,5,5,4,3,3,3,3,3,4,3.54,0,0,FALSE
Female,Loyal Customer,49,Business Travel,Business,2556,3,2,2,2,4,3,4,3,3,3,3,3,3,2.92,0,0,FALSE
Male,Loyal Customer,51,Business Travel,Business,1604,3,3,3,3,2,4,4,4,4,4,4,3,4,3.46,0,0,TRUE
Male,Disloyal Customer,15,Business Travel,Eco,198,3,1,3,3,2,3,2,2,1,4,4,4,2,2.62,124,95,FALSE
Female,Loyal Customer,42,Business Travel,Business,2042,4,4,4,4,4,4,4,4,4,4,4,4,5,4.08,0,0,TRUE
Female,Loyal Customer,69,Personal Travel,Eco,328,3,0,3,3,2,4,4,5,5,3,5,5,4,3.54,0,0,FALSE
Female,Loyal Customer,68,Personal Travel,Eco,373,2,3,2,4,3,4,4,2,2,2,2,3,4,2.85,2,7,FALSE
Female,Loyal Customer,48,Business Travel,Business,3260,3,3,4,3,4,4,3,3,3,3,3,3,1,3.08,0,0,FALSE
Female,Disloyal Customer,25,Business Travel,Eco,1390,2,2,2,3,1,2,1,1,4,2,4,3,1,2.15,25,14,FALSE
Male,Loyal Customer,56,Business Travel,Eco,281,4,3,3,3,4,4,4,4,1,1,4,2,4,3.15,0,0,TRUE
Male,Disloyal Customer,38,Business Travel,Business,356,3,3,3,4,2,3,1,2,4,2,3,4,2,2.77,0,2,FALSE
Male,Loyal Customer,52,Business Travel,Business,2202,3,3,3,3,2,5,4,5,5,5,5,3,5,3.92,52,26,TRUE
Female,Loyal Customer,33,Business Travel,Business,1763,5,5,5,5,5,2,2,5,5,5,3,4,1,4,0,0,TRUE
Female,Loyal Customer,63,Personal Travel,Eco,473,4,4,4,2,5,1,1,1,1,4,1,4,4,2.77,0,0,FALSE
Female,Loyal Customer,59,Business Travel,Business,3351,2,2,2,2,4,3,4,2,2,2,2,2,1,2.31,0,0,FALSE
Female,Disloyal Customer,46,Business Travel,Business,406,4,4,4,3,1,4,1,1,5,3,5,4,1,3.08,0,0,FALSE
Male,Loyal Customer,57,Business Travel,Business,3140,3,5,5,5,4,3,3,3,3,3,3,3,4,3.62,12,0,FALSE
Male,Loyal Customer,21,Personal Travel,Eco,1045,3,4,3,1,2,3,4,2,5,1,5,3,2,2.92,0,0,FALSE
Male,Disloyal Customer,27,Business Travel,Business,271,2,2,2,4,3,2,3,3,5,5,5,5,3,3.38,0,0,FALSE
Female,Loyal Customer,42,Business Travel,Business,3647,3,3,3,3,2,4,5,5,5,5,5,5,5,4.08,0,0,TRUE
Female,Loyal Customer,39,Business Travel,Business,2556,3,3,3,3,5,3,5,4,4,4,4,5,5,3.92,36,0,TRUE
Male,Disloyal Customer,24,Business Travel,Eco,134,3,0,3,1,5,3,5,5,5,4,4,3,5,3.54,0,0,FALSE
Male,Disloyal Customer,36,Business Travel,Eco,1028,2,2,2,3,2,2,2,2,5,3,2,2,2,2.38,0,0,FALSE
Female,Disloyal Customer,37,Business Travel,Business,1192,3,3,3,2,4,3,4,4,3,3,5,5,4,3.54,10,3,FALSE
Male,Loyal Customer,54,Business Travel,Business,1014,2,2,2,2,5,4,4,4,4,4,4,5,3,3.46,6,12,TRUE
Male,Loyal Customer,25,Personal Travel,Eco,611,4,5,4,3,4,2,2,5,3,2,3,2,2,3.15,175,192,FALSE
Female,Loyal Customer,25,Personal Travel,Eco,862,3,3,3,3,1,3,1,1,1,1,4,2,1,2.08,0,0,FALSE
Male,Loyal Customer,29,Business Travel,Eco Plus,955,4,2,2,2,4,4,4,4,3,2,3,2,4,3.08,0,1,TRUE
Male,Disloyal Customer,25,Business Travel,Business,2139,5,0,5,4,3,5,3,3,5,2,3,4,3,3.46,0,0,TRUE
Male,Loyal Customer,39,Personal Travel,Eco,359,4,5,4,3,3,4,3,3,4,2,5,3,3,3.54,0,0,FALSE
Female,Loyal Customer,50,Personal Travel,Eco,946,3,1,3,2,3,2,2,1,1,3,1,4,2,2.15,50,52,FALSE
Male,Loyal Customer,37,Business Travel,Business,3592,3,4,4,4,2,4,4,3,3,3,3,1,4,3.23,0,0,FALSE
Male,Loyal Customer,42,Business Travel,Business,1623,5,5,5,5,5,4,5,3,3,3,3,4,3,4.08,0,0,TRUE
Male,Loyal Customer,26,Personal Travel,Eco Plus,1080,2,4,3,4,3,3,3,3,5,4,5,4,3,3.54,6,0,FALSE
Male,Loyal Customer,42,Business Travel,Business,2244,3,5,5,5,5,4,4,3,3,3,3,1,2,3.54,7,12,FALSE
Male,Loyal Customer,29,Business Travel,Business,1988,4,4,2,4,5,4,5,5,1,1,2,5,5,3.62,0,0,TRUE
Female,Loyal Customer,52,Business Travel,Eco,427,4,4,4,4,3,5,5,4,4,4,4,5,4,4.15,3,10,TRUE
Male,Disloyal Customer,26,Business Travel,Eco,102,2,2,2,3,3,2,3,3,1,4,4,1,3,2.54,81,77,FALSE
Female,Loyal Customer,35,Business Travel,Eco Plus,250,1,4,4,4,1,1,1,1,4,2,2,1,1,2.08,55,,FALSE
Male,Loyal Customer,53,Business Travel,Business,3537,3,3,3,3,5,5,5,5,5,5,5,3,5,4.23,7,0,TRUE
Female,Loyal Customer,7,Personal Travel,Eco,1754,1,1,1,3,1,1,1,1,3,4,3,1,1,1.69,2,0,FALSE
Male,Loyal Customer,34,Business Travel,Business,1674,4,4,4,4,4,5,4,4,4,5,4,5,3,4.15,0,0,TRUE
Male,Loyal Customer,40,Business Travel,Eco,1735,2,4,4,4,2,2,2,2,4,2,2,1,2,2.54,29,27,FALSE
Female,Disloyal Customer,32,Business Travel,Eco Plus,407,2,2,2,3,3,2,3,3,3,1,3,2,3,2.46,31,34,FALSE
Female,Loyal Customer,30,Business Travel,Business,854,5,5,5,5,5,5,5,5,3,1,4,5,5,4.46,0,0,TRUE
Male,Loyal Customer,40,Business Travel,Eco Plus,373,5,5,1,5,5,5,5,5,4,3,2,5,5,4.23,0,7,TRUE
Male,Loyal Customer,34,Business Travel,Business,1618,4,4,4,4,5,3,5,5,5,5,5,4,4,4.38,37,11,TRUE
Female,Loyal Customer,43,Business Travel,Business,2199,0,5,0,1,4,4,5,5,5,5,5,4,3,3.54,0,0,TRUE
Female,Loyal Customer,40,Business Travel,Business,3521,3,3,2,3,2,5,4,2,2,2,2,5,5,3.08,0,0,TRUE
Female,Disloyal Customer,25,Business Travel,Eco,391,1,0,1,3,5,1,5,5,1,4,2,4,5,2.85,3,0,FALSE
Male,Disloyal Customer,20,Business Travel,Eco,759,3,3,3,3,1,3,1,1,4,1,4,1,1,2.23,8,11,FALSE
Male,Loyal Customer,57,Business Travel,Business,862,3,3,3,3,4,4,5,4,4,4,4,4,4,3.77,8,0,TRUE
Male,Loyal Customer,52,Personal Travel,Eco,491,2,1,4,3,3,4,3,3,2,1,4,4,3,2.85,16,17,FALSE
Male,Loyal Customer,48,Business Travel,Business,1767,5,5,5,5,4,5,5,5,5,5,5,3,3,4.62,20,21,TRUE
Female,Loyal Customer,46,Business Travel,Business,2473,3,3,3,3,3,4,4,5,5,5,5,4,4,3.92,5,26,TRUE
Female,Disloyal Customer,85,Business Travel,Business,586,2,2,2,3,2,2,5,2,4,3,1,5,5,2.92,0,0,FALSE
Female,Loyal Customer,59,Business Travel,Business,235,3,3,3,3,5,4,4,5,5,5,5,5,5,4.23,0,0,TRUE
Female,Loyal Customer,62,Business Travel,Business,2845,2,2,2,2,1,4,3,4,4,4,4,4,5,3.15,0,0,TRUE
Male,Loyal Customer,47,Business Travel,Business,241,0,0,0,3,4,5,5,5,5,5,5,4,3,3.38,5,0,TRUE
Male,Loyal Customer,21,Personal Travel,Eco,689,3,1,3,3,2,3,3,2,4,1,3,1,2,2.38,0,22,FALSE
Female,Loyal Customer,49,Personal Travel,Eco,1569,4,4,3,3,2,4,5,4,4,3,4,4,5,3.77,0,0,TRUE
Female,Loyal Customer,14,Personal Travel,Eco,325,5,1,5,3,2,5,2,2,1,1,4,2,2,2.69,4,0,TRUE
Female,Loyal Customer,46,Personal Travel,Eco,1084,3,5,3,4,3,5,3,3,2,4,5,3,3,3.54,247,238,FALSE
Female,Loyal Customer,25,Business Travel,Business,628,2,2,2,2,4,5,4,4,3,2,4,4,4,3.23,17,14,TRUE
Male,Loyal Customer,46,Business Travel,Business,3724,5,5,2,5,4,5,4,4,4,4,4,3,4,4.08,0,18,TRUE
Male,Loyal Customer,25,Business Travel,Business,2365,1,1,5,1,4,5,4,4,3,5,2,4,4,3.31,0,0,TRUE
Female,Loyal Customer,61,Personal Travel,Eco Plus,899,3,5,3,3,3,5,4,4,4,3,4,4,5,3.85,28,38,FALSE
Male,Loyal Customer,54,Business Travel,Business,2392,2,2,2,2,5,4,5,4,4,4,4,4,3,3.46,0,0,TRUE
Male,Loyal Customer,31,Business Travel,Business,3095,5,5,5,5,5,5,5,5,5,3,5,4,5,4.77,7,5,TRUE
Female,Loyal Customer,54,Business Travel,Eco,1056,5,5,5,5,2,1,4,5,5,5,5,4,4,4.23,0,0,TRUE
Female,Loyal Customer,58,Business Travel,Business,337,2,4,4,4,3,2,3,2,2,2,2,2,1,2.54,0,0,FALSE
Male,Loyal Customer,41,Business Travel,Business,1476,3,3,3,3,3,3,5,5,5,5,5,3,5,3.92,0,0,TRUE
Male,Loyal Customer,68,Personal Travel,Eco,2419,1,4,1,3,1,5,5,3,3,5,5,5,5,3.54,4,4,FALSE
Male,Loyal Customer,50,Business Travel,Eco,414,3,1,2,2,3,3,3,3,1,1,3,3,3,2.38,0,0,FALSE
Male,Loyal Customer,62,Personal Travel,Eco,1075,4,5,4,4,1,4,1,1,5,3,5,5,1,3.31,54,37,FALSE
Female,Loyal Customer,47,Business Travel,Business,1686,3,3,3,3,1,5,3,4,4,4,4,5,4,3.54,0,0,TRUE
Male,Loyal Customer,34,Personal Travel,Eco,925,3,4,3,1,3,3,3,3,4,5,4,4,3,3.31,1,0,FALSE
Male,Loyal Customer,67,Personal Travel,Eco,719,4,4,4,3,4,4,4,4,3,2,5,4,4,3.77,37,29,FALSE
Male,Loyal Customer,42,Business Travel,Business,325,3,3,3,3,2,4,5,5,5,5,5,3,4,3.85,1,0,TRUE
Female,Loyal Customer,58,Business Travel,Business,1076,1,3,3,3,2,3,4,1,1,1,1,2,2,2.08,25,9,FALSE
Male,Loyal Customer,67,Personal Travel,Eco,363,3,5,3,3,5,3,5,5,4,4,4,5,5,4.15,5,2,FALSE
Female,Loyal Customer,11,Business Travel,Business,2869,1,4,4,4,1,1,1,1,4,5,4,1,1,2.46,2,17,FALSE
Female,Disloyal Customer,26,Business Travel,Business,303,2,0,2,2,4,2,4,4,5,2,4,5,4,3.08,0,0,FALSE
Female,Disloyal Customer,35,Business Travel,Eco Plus,1522,2,2,2,2,2,2,2,2,2,2,1,4,2,2.08,1,0,FALSE
Male,Loyal Customer,38,Personal Travel,Eco,645,2,4,2,1,4,2,3,4,1,5,1,3,4,2.77,37,63,FALSE
Male,Disloyal Customer,21,Business Travel,Eco,1028,2,2,2,4,1,2,1,1,5,1,3,4,1,2.23,2,0,FALSE
Female,Loyal Customer,46,Personal Travel,Eco,472,2,2,5,3,4,3,3,2,2,5,2,4,2,3,44,30,FALSE
Male,Loyal Customer,40,Personal Travel,Eco,657,4,4,4,4,5,4,5,5,5,5,4,4,5,4.46,0,0,TRUE
Female,Loyal Customer,28,Personal Travel,Eco,1947,2,4,2,4,5,2,5,5,3,2,5,3,5,3.62,14,0,FALSE
Female,Loyal Customer,35,Personal Travel,Eco,927,4,4,4,2,1,4,1,1,4,3,4,3,1,2.77,0,0,TRUE
Female,Loyal Customer,32,Business Travel,Business,3611,4,4,4,4,4,4,4,4,5,4,1,4,4,3.85,26,4,TRUE
Male,Loyal Customer,64,Personal Travel,Eco,488,5,0,5,4,4,5,4,4,3,2,4,3,4,3.62,0,0,TRUE
Female,Disloyal Customer,22,Business Travel,Eco,651,3,1,3,2,5,3,5,5,4,2,3,3,5,3.38,1,10,FALSE
Male,Loyal Customer,24,Business Travel,Business,3920,1,1,1,1,4,4,4,4,3,4,3,4,4,2.92,0,0,TRUE
Female,Loyal Customer,42,Personal Travel,Business,1052,4,4,5,3,5,3,3,4,2,5,4,3,3,3.69,338,304,FALSE
Male,Loyal Customer,31,Business Travel,Business,1726,5,5,5,5,5,5,5,5,1,4,2,5,5,4.38,0,0,TRUE
Male,Loyal Customer,34,Business Travel,Business,1440,3,3,3,3,4,4,4,5,5,4,4,4,4,3.85,147,157,TRUE
Female,Loyal Customer,18,Business Travel,Business,1126,2,2,2,2,4,3,4,4,5,4,5,5,4,3.54,0,0,TRUE
Female,Loyal Customer,41,Business Travel,Eco Plus,770,1,2,2,2,3,3,4,1,1,1,1,2,1,1.85,15,15,FALSE
Female,Disloyal Customer,35,Business Travel,Business,1242,4,4,4,5,2,4,2,2,5,4,4,5,2,3.62,0,0,FALSE
Female,Loyal Customer,42,Business Travel,Business,3535,5,5,5,5,2,4,4,3,3,3,3,5,4,3.92,0,0,TRUE
Male,Disloyal Customer,21,Business Travel,Eco,475,1,0,1,1,2,1,2,2,5,5,5,3,2,2.31,8,7,FALSE
Male,Disloyal Customer,33,Business Travel,Business,201,3,2,2,1,4,2,4,4,4,2,5,3,4,3.08,65,100,FALSE
Male,Loyal Customer,60,Business Travel,Business,3254,5,5,1,5,2,4,5,4,4,4,4,3,5,3.92,24,66,TRUE
Female,Loyal Customer,53,Business Travel,Business,3784,3,3,3,3,4,4,4,5,3,4,5,4,4,3.77,0,0,TRUE
Male,Loyal Customer,46,Business Travel,Business,1875,1,1,1,1,4,5,5,3,3,3,3,5,5,3.08,0,0,TRUE
Male,Disloyal Customer,39,Business Travel,Business,1118,2,3,3,3,1,3,4,1,3,5,3,1,1,2.54,0,20,FALSE
Male,Disloyal Customer,23,Business Travel,Eco,1013,3,3,3,3,5,3,3,5,3,5,4,5,5,3.85,4,0,FALSE
Male,Loyal Customer,49,Business Travel,Business,2778,3,3,3,3,2,5,4,5,5,5,5,3,4,3.85,22,6,TRUE
Female,Loyal Customer,35,Personal Travel,Eco,1139,2,4,2,1,5,2,5,5,5,4,3,3,5,3.54,0,4,FALSE
Female,Loyal Customer,59,Business Travel,Business,314,2,2,2,2,4,5,4,5,5,5,5,3,3,3.62,80,69,TRUE
Female,Loyal Customer,64,Personal Travel,Eco,925,3,1,3,3,2,3,2,4,4,3,4,2,1,2.69,0,3,FALSE
Male,Loyal Customer,75,Business Travel,Business,371,1,1,1,1,4,2,2,1,1,1,1,1,1,1.38,14,11,FALSE
Male,Loyal Customer,9,Personal Travel,Eco,862,2,1,2,2,4,2,4,4,3,3,1,3,4,2.69,2,1,FALSE
Female,Loyal Customer,44,Business Travel,Eco Plus,629,3,1,1,1,5,3,4,3,3,3,3,1,2,2.54,11,8,FALSE
Female,Loyal Customer,13,Personal Travel,Eco,569,2,3,2,3,1,2,1,1,5,2,2,1,1,2,59,62,FALSE
Male,Loyal Customer,53,Business Travel,Business,414,1,1,1,1,4,4,5,5,5,4,5,5,3,3.38,0,1,TRUE
Female,Loyal Customer,44,Business Travel,Eco,2136,2,2,4,4,2,2,2,2,5,2,2,2,2,2.54,0,51,FALSE
Female,Disloyal Customer,28,Business Travel,Business,495,2,2,2,1,3,2,3,3,3,2,5,3,3,2.62,0,0,FALSE
Female,Disloyal Customer,23,Business Travel,Eco,612,3,5,3,1,2,3,2,2,3,1,5,2,2,2.62,0,0,FALSE
Female,Loyal Customer,32,Personal Travel,Eco,647,5,5,5,2,1,5,1,1,3,5,1,5,1,3.08,0,0,TRUE
Female,Loyal Customer,39,Business Travel,Business,1357,3,3,1,3,4,5,5,2,2,2,2,4,5,3.15,1,0,TRUE
Female,Loyal Customer,53,Business Travel,Business,3497,5,5,5,5,5,5,4,3,3,3,3,5,3,4.15,43,43,TRUE
Female,Loyal Customer,44,Business Travel,Business,277,3,3,3,3,3,5,5,4,4,4,4,3,4,3.69,0,0,TRUE
Male,Loyal Customer,51,Business Travel,Business,1898,2,2,2,2,4,4,5,5,5,5,5,3,3,3.62,0,1,TRUE
Male,Loyal Customer,40,Personal Travel,Eco,528,5,4,5,2,4,5,4,4,4,3,5,3,4,4,12,0,TRUE
Female,Loyal Customer,25,Personal Travel,Eco,541,3,4,3,2,1,3,1,1,4,5,5,5,1,2.92,33,37,FALSE
Male,Loyal Customer,53,Business Travel,Eco,401,4,3,3,3,4,4,4,2,2,3,5,4,4,3.46,242,242,TRUE
Male,Loyal Customer,8,Personal Travel,Eco,604,2,5,2,3,5,2,5,5,4,5,4,3,5,3.85,0,0,FALSE
Male,Loyal Customer,24,Business Travel,Eco,1035,4,4,4,4,4,4,4,4,2,1,3,3,4,3.46,26,4,FALSE
Female,Disloyal Customer,33,Business Travel,Eco,399,2,0,2,2,4,2,5,4,2,3,5,4,4,3,0,0,FALSE
Female,Loyal Customer,57,Business Travel,Business,3161,5,5,5,5,3,4,4,5,5,5,5,3,3,4.38,0,0,TRUE
Female,Disloyal Customer,22,Business Travel,Business,224,0,4,0,1,3,0,3,3,4,5,4,4,3,2.62,0,0,TRUE
Female,Disloyal Customer,19,Business Travel,Business,883,5,0,5,2,5,5,5,5,3,5,4,4,5,4.08,8,22,TRUE
Male,Loyal Customer,57,Business Travel,Eco Plus,808,1,2,2,2,1,1,1,1,1,4,2,3,1,1.69,0,0,FALSE
Male,Disloyal Customer,24,Business Travel,Eco,1139,4,3,3,3,1,3,1,1,3,2,5,5,1,2.69,0,0,TRUE
Male,Loyal Customer,14,Personal Travel,Business,1674,1,3,1,3,3,1,4,3,4,4,3,2,3,2.69,42,91,FALSE
Male,Loyal Customer,41,Business Travel,Business,853,4,4,4,4,5,5,5,3,3,3,3,4,5,4,0,0,TRUE
Male,Loyal Customer,53,Personal Travel,Eco,650,3,1,3,2,2,3,2,2,4,1,2,1,2,2.15,0,0,FALSE
Male,Loyal Customer,48,Business Travel,Business,2123,1,1,1,1,2,4,5,5,5,5,5,3,4,3.23,2,0,TRUE
Female,Loyal Customer,26,Personal Travel,Eco,197,1,3,0,3,3,0,3,3,4,3,3,3,3,2.46,16,18,FALSE
Female,Loyal Customer,24,Business Travel,Business,3795,3,3,3,3,5,4,5,5,3,5,1,4,5,3.77,0,0,TRUE
Female,Loyal Customer,45,Business Travel,Eco,331,1,3,3,3,4,4,3,1,1,1,1,1,3,2.23,26,30,FALSE
Male,Loyal Customer,47,Business Travel,Eco,819,4,2,2,2,5,4,5,5,1,5,4,5,5,3.77,0,0,TRUE
Female,Loyal Customer,8,Personal Travel,Eco,413,2,5,2,2,5,2,5,5,2,3,4,4,5,3.54,0,0,FALSE
Female,Loyal Customer,58,Business Travel,Business,1858,3,3,3,3,2,5,5,4,4,4,4,5,4,3.77,2,8,TRUE
Female,Loyal Customer,42,Business Travel,Business,3239,5,5,5,5,2,5,5,4,4,5,4,5,4,4.46,0,34,TRUE
Male,Loyal Customer,49,Personal Travel,Eco,189,3,1,3,4,1,3,1,1,1,3,3,4,1,2.23,0,0,FALSE
Female,Loyal Customer,68,Personal Travel,Eco,1173,3,4,3,1,4,5,4,4,4,3,2,3,4,3.38,0,0,FALSE
Male,Loyal Customer,47,Business Travel,Eco,156,4,5,5,5,5,4,5,5,2,1,4,4,5,4.15,1,1,TRUE
Female,Loyal Customer,31,Business Travel,Business,3025,3,4,3,3,5,5,5,5,5,2,5,4,5,4.15,10,0,TRUE
Male,Loyal Customer,15,Personal Travel,Eco,216,4,5,0,3,2,0,2,2,5,2,4,5,2,2.77,0,1,FALSE
Male,Loyal Customer,51,Business Travel,Business,554,1,1,1,1,4,5,4,5,5,5,5,5,3,3.46,0,0,TRUE
Female,Disloyal Customer,26,Business Travel,Business,214,5,5,5,1,1,5,1,1,3,3,5,3,1,3,0,0,TRUE
Male,Loyal Customer,41,Business Travel,Business,2836,2,2,3,2,3,4,4,4,4,4,4,3,4,3.31,0,0,TRUE
Male,Loyal Customer,9,Business Travel,Business,2139,1,1,1,1,1,1,1,4,3,4,4,1,1,1.85,130,134,FALSE
Female,Loyal Customer,47,Business Travel,Business,3835,1,1,1,1,4,4,4,5,5,5,5,4,4,3.38,0,9,TRUE
Female,Loyal Customer,54,Business Travel,Business,224,2,3,3,3,2,2,2,3,4,2,3,2,2,2.54,65,154,FALSE
Female,Loyal Customer,57,Business Travel,Business,2306,5,5,5,5,2,4,4,4,4,5,4,4,3,4.15,59,60,TRUE
Male,Loyal Customer,50,Personal Travel,Eco Plus,1609,5,1,5,3,4,5,4,4,3,1,4,1,4,3.38,0,0,TRUE
Female,Loyal Customer,68,Personal Travel,Eco,280,1,1,1,4,2,3,3,2,2,1,2,4,1,2.08,0,0,FALSE
Male,Loyal Customer,35,Personal Travel,Eco,370,2,4,2,4,3,2,3,3,2,3,4,4,3,3,33,34,FALSE
Male,Disloyal Customer,37,Business Travel,Business,402,1,2,2,2,3,2,3,3,3,3,5,4,3,2.77,0,0,FALSE
Female,Loyal Customer,33,Business Travel,Business,473,4,1,1,1,2,3,3,4,4,4,4,1,3,2.69,45,40,FALSE
Female,Loyal Customer,60,Personal Travel,Eco,628,4,1,4,2,4,2,2,5,5,4,5,3,3,3.38,0,5,FALSE
Male,Loyal Customer,28,Business Travel,Business,2045,4,3,3,3,4,4,4,4,1,4,4,1,4,3.31,0,0,FALSE
Female,Disloyal Customer,30,Business Travel,Eco,1721,4,4,4,3,3,4,3,3,5,4,3,2,3,3.46,2,10,TRUE
Male,Disloyal Customer,40,Business Travel,Business,722,4,4,4,3,4,4,5,4,4,4,4,3,4,3.92,4,0,FALSE
Male,Loyal Customer,10,Personal Travel,Eco,550,2,4,2,4,4,2,1,4,3,1,3,4,4,2.92,0,0,FALSE
Male,Loyal Customer,49,Business Travel,Business,1009,5,4,5,5,5,5,4,5,5,5,5,3,5,4.69,0,0,TRUE
Male,Loyal Customer,52,Business Travel,Eco,1134,5,4,4,4,5,5,5,2,4,5,4,5,5,4.38,293,284,TRUE
Male,Loyal Customer,39,Personal Travel,Eco Plus,192,3,5,3,3,4,3,4,4,3,2,4,5,4,3.62,36,40,FALSE
Female,Loyal Customer,51,Business Travel,Business,1452,3,3,3,3,3,4,5,1,1,2,1,4,3,2.77,0,0,TRUE
Female,Loyal Customer,54,Business Travel,Business,1979,5,5,5,5,4,3,4,5,5,5,5,4,4,4.54,4,11,TRUE
Female,Disloyal Customer,11,Business Travel,Eco,868,4,4,4,3,3,4,3,3,1,5,4,1,3,3.23,0,3,FALSE
Female,Loyal Customer,57,Business Travel,Business,2125,1,1,1,1,4,5,5,4,4,4,4,3,3,3.08,14,0,TRUE
Male,Loyal Customer,32,Personal Travel,Eco,349,5,4,5,5,4,5,4,4,3,4,5,3,4,4.23,3,0,TRUE
Male,Loyal Customer,66,Personal Travel,Eco,599,3,2,3,4,3,3,3,3,2,5,4,3,3,3.15,0,0,FALSE
Female,Loyal Customer,30,Business Travel,Business,1992,3,3,3,3,3,3,3,3,2,4,3,3,3,3,0,0,FALSE
Female,Loyal Customer,29,Personal Travel,Eco Plus,358,1,5,2,3,5,2,5,5,4,2,4,5,5,3.69,13,4,FALSE
Female,Loyal Customer,31,Business Travel,Eco,109,5,5,4,5,5,4,5,5,5,2,4,2,5,4.31,0,2,TRUE
Male,Loyal Customer,45,Business Travel,Business,1008,5,5,5,5,1,4,2,4,4,4,4,2,3,3.69,1,1,TRUE
Male,Disloyal Customer,23,Business Travel,Eco,366,2,5,1,1,2,1,2,2,4,3,4,3,2,2.46,36,31,FALSE
Female,Disloyal Customer,33,Business Travel,Eco Plus,587,3,3,3,4,1,3,1,1,3,3,4,1,1,2.38,6,0,FALSE
Female,Loyal Customer,64,Business Travel,Eco,84,3,2,2,2,2,5,4,4,4,3,4,1,1,2.85,10,16,TRUE
Male,Loyal Customer,36,Business Travel,Business,226,4,4,4,4,2,5,4,5,5,5,5,5,5,4.38,0,0,TRUE
Female,Loyal Customer,59,Business Travel,Business,1626,1,1,1,1,5,5,4,5,5,5,5,3,4,3.46,3,7,TRUE
Female,Loyal Customer,9,Personal Travel,Eco Plus,950,3,1,2,3,2,2,2,2,1,5,3,3,2,2.38,0,0,FALSE
Male,Disloyal Customer,23,Business Travel,Business,237,4,4,4,1,5,4,5,5,5,5,5,3,5,4.23,0,0,TRUE
Female,Disloyal Customer,11,Business Travel,Eco,577,4,2,4,3,2,4,2,2,2,4,4,1,2,2.77,70,63,FALSE
Female,Loyal Customer,11,Business Travel,Business,1887,3,5,5,5,3,2,3,3,4,3,4,2,3,3.46,0,9,FALSE
Female,Loyal Customer,24,Personal Travel,Eco,817,3,1,3,3,2,3,2,2,4,2,3,3,2,2.54,0,0,FALSE
Male,Loyal Customer,63,Personal Travel,Eco Plus,209,5,3,5,3,4,5,2,4,4,5,4,1,4,3.77,0,0,TRUE
Female,Loyal Customer,53,Business Travel,Business,936,1,4,4,4,3,3,3,1,1,2,1,1,4,2.46,8,28,FALSE
Female,Loyal Customer,33,Business Travel,Business,3889,5,5,5,5,2,1,2,2,2,2,2,4,3,3.08,0,0,TRUE
Female,Disloyal Customer,25,Business Travel,Business,259,2,0,2,5,3,2,3,3,3,5,5,3,3,3,0,2,FALSE
Female,Loyal Customer,28,Business Travel,Business,546,3,3,3,3,5,5,5,5,4,5,5,4,5,4.23,0,0,TRUE
Male,Disloyal Customer,25,Business Travel,Eco,1371,3,3,3,3,4,3,4,4,1,2,4,1,4,3,0,0,FALSE
Female,Loyal Customer,42,Business Travel,Business,297,0,0,0,3,1,3,1,5,5,5,5,5,2,2.69,0,0,TRUE
Female,Disloyal Customer,25,Business Travel,Eco,968,2,2,2,4,2,2,2,2,2,1,4,1,2,2.15,34,26,FALSE
Female,Loyal Customer,38,Business Travel,Business,101,5,5,5,5,3,2,3,4,4,4,5,3,2,3.85,5,9,TRUE
Male,Loyal Customer,42,Business Travel,Eco,1214,2,3,3,3,2,2,2,2,4,2,3,1,2,2.38,0,0,FALSE
Female,Disloyal Customer,21,Business Travel,Eco,1155,2,3,3,4,3,3,3,4,4,4,1,3,3,3.08,0,0,FALSE
Male,Loyal Customer,56,Personal Travel,Eco,784,1,4,1,3,1,1,1,1,5,3,4,4,1,2.31,0,0,FALSE
Male,Disloyal Customer,60,Personal Travel,Business,302,2,4,2,1,1,2,2,1,5,5,5,4,1,2.69,6,4,FALSE
Female,Disloyal Customer,25,Business Travel,Business,404,5,1,5,2,2,5,2,2,5,5,4,5,2,3.46,0,0,TRUE
Female,Disloyal Customer,20,Business Travel,Business,1389,4,0,4,4,4,4,4,4,5,2,4,5,4,3.69,0,0,TRUE
Male,Loyal Customer,40,Business Travel,Business,671,4,4,4,4,5,5,5,4,4,4,4,4,5,4.31,0,0,TRUE
Female,Disloyal Customer,22,Business Travel,Eco,813,4,4,4,5,1,4,1,1,3,2,4,3,1,2.85,0,0,FALSE
Female,Loyal Customer,39,Business Travel,Business,448,3,1,1,1,3,4,4,3,3,3,3,3,2,2.62,5,0,FALSE
Male,Loyal Customer,71,Business Travel,Eco Plus,153,3,3,3,3,3,3,3,3,3,2,4,1,3,2.85,75,73,FALSE
Female,Loyal Customer,9,Personal Travel,Eco,618,1,5,1,3,4,1,1,4,4,3,5,5,4,3.15,0,0,FALSE
Female,Loyal Customer,60,Business Travel,Eco,438,1,1,1,1,2,3,4,1,1,1,1,2,4,1.77,75,82,FALSE
Female,Loyal Customer,41,Business Travel,Business,2084,1,1,1,1,5,5,4,4,4,5,4,4,5,3.38,0,0,TRUE
Male,Loyal Customer,32,Personal Travel,Eco,1154,3,4,4,1,2,4,2,2,5,5,4,4,2,3.23,0,0,FALSE
Male,Loyal Customer,63,Personal Travel,Eco,220,1,4,1,4,4,1,4,4,1,3,4,3,4,2.92,25,44,FALSE
Female,Loyal Customer,12,Personal Travel,Eco,759,3,4,3,5,4,3,4,4,3,5,5,5,4,4,23,27,FALSE
Male,Disloyal Customer,22,Business Travel,Eco,247,2,5,2,1,4,2,3,4,3,5,4,4,4,3.31,0,0,FALSE
Female,Loyal Customer,33,Business Travel,Eco Plus,1024,2,1,1,1,2,2,2,2,3,3,3,2,2,2,0,0,FALSE
Female,Loyal Customer,51,Business Travel,Business,1389,2,3,3,3,2,3,4,2,2,2,2,3,1,2.46,0,0,FALSE
Male,Loyal Customer,48,Business Travel,Business,2213,4,3,3,3,3,4,3,4,4,4,4,4,4,3.62,0,0,FALSE
Male,Disloyal Customer,22,Business Travel,Eco,420,3,2,3,3,1,3,1,1,1,4,4,4,1,2.38,0,0,FALSE
Male,Loyal Customer,65,Personal Travel,Eco,1824,1,5,1,3,1,1,2,1,3,5,5,3,1,2.46,2,0,FALSE
Male,Loyal Customer,59,Business Travel,Business,2040,1,1,1,1,4,3,5,2,2,2,2,1,3,2.15,0,7,TRUE
Male,Loyal Customer,40,Business Travel,Business,802,2,2,2,2,5,4,4,5,5,5,5,4,5,3.85,0,3,TRUE
Female,Disloyal Customer,27,Business Travel,Business,583,1,1,1,3,3,1,4,3,4,3,4,4,3,2.69,0,0,FALSE
Female,Loyal Customer,61,Business Travel,Eco,301,2,2,2,2,4,3,3,2,2,2,2,2,1,2.23,0,0,FALSE
Female,Loyal Customer,49,Business Travel,Business,421,5,5,5,5,4,4,2,5,5,5,5,2,4,4.31,7,4,TRUE
Female,Loyal Customer,7,Personal Travel,Eco,1119,1,5,1,5,4,1,4,4,5,4,4,3,4,3.46,0,0,FALSE
Female,Loyal Customer,57,Business Travel,Business,109,1,3,3,3,3,1,2,3,3,3,1,1,3,2.31,0,0,FALSE
Female,Loyal Customer,40,Business Travel,Eco Plus,1009,3,5,5,5,3,3,3,3,2,4,3,1,3,3.31,0,0,FALSE
Male,Loyal Customer,45,Personal Travel,Eco,425,3,4,3,3,3,3,3,3,1,4,2,1,3,2.77,0,0,FALSE
Male,Loyal Customer,56,Business Travel,Business,363,3,3,3,3,3,2,2,5,5,5,5,2,5,3.54,0,0,TRUE
Female,Loyal Customer,33,Personal Travel,Eco,212,1,0,1,3,1,1,1,3,1,5,3,1,1,1.69,165,179,FALSE
Female,Loyal Customer,33,Business Travel,Business,1491,5,5,5,5,2,5,4,4,4,5,4,3,3,4.15,13,8,TRUE
Male,Loyal Customer,30,Business Travel,Eco Plus,1310,5,2,2,2,5,5,5,5,2,1,4,5,5,3.69,24,12,TRUE
Female,Loyal Customer,22,Business Travel,Eco Plus,1562,3,3,3,3,3,3,4,3,2,5,4,2,3,3.15,0,20,FALSE
Male,Loyal Customer,37,Personal Travel,Eco,610,3,3,3,3,5,3,5,5,2,3,3,3,5,3.54,0,0,FALSE
Male,Disloyal Customer,37,Business Travel,Eco,912,2,2,2,4,4,2,4,4,4,3,4,3,4,3.23,71,86,FALSE
Male,Loyal Customer,59,Business Travel,Eco,442,4,5,5,5,4,4,4,4,4,2,4,2,4,3.92,0,0,FALSE
Female,Loyal Customer,43,Business Travel,Business,1511,3,3,3,3,4,5,4,5,5,5,5,5,3,4.08,0,0,TRUE
Female,Disloyal Customer,39,Business Travel,Business,347,3,3,3,1,5,3,5,5,4,5,5,2,5,3.77,0,0,FALSE
Male,Disloyal Customer,45,Business Travel,Business,342,4,3,3,1,1,4,1,1,3,5,5,5,1,2.85,0,0,TRUE
Female,Loyal Customer,15,Personal Travel,Eco,1572,2,4,2,3,4,2,4,4,4,5,3,4,4,3.46,0,0,FALSE
Male,Loyal Customer,26,Personal Travel,Eco,545,5,1,5,3,1,5,1,1,1,1,4,4,1,2.54,2,5,TRUE
Female,Loyal Customer,59,Business Travel,Business,269,0,0,0,1,3,3,5,1,1,1,1,3,1,1.54,0,0,TRUE
Male,Loyal Customer,66,Personal Travel,Business,337,3,4,4,4,4,4,4,3,3,4,3,5,3,3.69,42,32,FALSE
Female,Disloyal Customer,22,Business Travel,Eco,270,1,2,1,3,1,1,1,1,4,3,4,1,1,1.85,43,37,FALSE
Female,Disloyal Customer,37,Business Travel,Business,550,4,4,4,1,2,4,2,2,3,4,4,3,2,3,0,0,TRUE
Male,Loyal Customer,25,Business Travel,Business,1024,3,5,5,5,3,3,3,3,4,5,3,2,3,3.62,0,30,FALSE
Female,Disloyal Customer,34,Business Travel,Business,361,2,3,3,4,3,2,2,2,4,4,4,2,2,2.85,138,140,FALSE
Male,Loyal Customer,60,Personal Travel,Eco,304,2,4,2,5,1,2,1,1,4,4,4,5,1,2.77,0,0,FALSE
Female,Loyal Customer,40,Business Travel,Business,550,1,1,1,1,3,5,5,5,5,5,5,4,4,3.46,0,0,TRUE
Male,Loyal Customer,40,Business Travel,Business,236,4,4,3,4,3,4,4,4,4,4,4,3,5,3.85,0,0,TRUE
Female,Disloyal Customer,33,Business Travel,Business,373,2,2,2,3,4,2,5,4,2,1,3,2,4,2.77,1,0,FALSE
Male,Loyal Customer,27,Business Travel,Eco Plus,667,2,3,3,3,2,2,2,2,3,4,3,3,2,2.62,69,64,FALSE
Male,Loyal Customer,40,Business Travel,Business,1027,4,4,4,4,4,4,5,4,4,4,4,3,5,4.08,0,0,TRUE
Female,Loyal Customer,40,Business Travel,Business,1449,4,4,4,4,3,5,4,4,4,4,4,4,4,4,4,27,TRUE
Female,Loyal Customer,25,Personal Travel,Eco,802,1,4,1,1,5,1,5,5,5,5,4,3,5,3.46,0,0,FALSE
Female,Loyal Customer,20,Personal Travel,Eco,302,4,5,4,1,5,4,5,5,5,2,5,3,5,4.08,0,1,FALSE
Female,Loyal Customer,55,Business Travel,Business,483,1,1,1,1,5,4,4,5,5,5,5,5,3,3.46,0,0,TRUE
Male,Loyal Customer,49,Business Travel,Business,1955,3,1,5,1,2,2,2,3,3,3,3,3,1,2.46,52,46,FALSE
Male,Loyal Customer,59,Business Travel,Business,2306,2,2,2,2,3,4,5,4,4,4,4,3,4,3.31,0,0,TRUE
Male,Loyal Customer,25,Personal Travel,Eco,2248,2,4,2,2,4,2,4,4,5,2,4,4,4,3.31,10,0,FALSE
Female,Loyal Customer,46,Business Travel,Business,157,3,3,3,3,2,3,5,4,4,4,4,4,1,3.31,0,3,TRUE
Female,Loyal Customer,48,Business Travel,Eco,370,2,5,5,5,5,4,3,2,2,2,2,4,2,3.31,0,0,FALSE
Male,Loyal Customer,37,Personal Travel,Eco,1144,1,5,1,2,2,1,4,2,3,5,4,4,2,2.77,5,13,FALSE
Female,Disloyal Customer,21,Business Travel,Eco,237,2,3,2,3,2,2,2,2,3,3,4,3,2,2.54,0,0,FALSE
Male,Loyal Customer,31,Personal Travel,Eco,270,1,3,1,3,4,1,1,4,3,3,3,3,4,2.62,13,9,FALSE
Female,Loyal Customer,25,Business Travel,Business,2943,3,3,3,3,5,5,5,5,4,4,5,4,5,4.15,0,0,TRUE
Female,Loyal Customer,46,Business Travel,Business,2519,4,4,4,4,5,5,5,4,5,5,5,5,5,4.62,23,21,TRUE
Female,Loyal Customer,53,Personal Travel,Eco,447,2,5,2,1,1,3,4,3,3,2,3,5,2,2.77,46,48,FALSE
Male,Disloyal Customer,37,Business Travel,Business,1235,1,1,1,2,1,1,1,1,3,4,5,3,1,1.92,0,1,FALSE
Female,Loyal Customer,49,Business Travel,Business,738,4,4,4,4,3,4,4,5,5,5,5,3,5,4.23,0,0,TRUE
Male,Loyal Customer,26,Business Travel,Business,1501,3,3,3,3,4,4,4,4,5,4,4,4,4,3.77,0,0,TRUE
Female,Loyal Customer,46,Business Travel,Business,2954,2,2,2,2,5,5,4,4,4,4,4,5,3,3.54,10,33,TRUE
Male,Loyal Customer,13,Personal Travel,Eco,224,5,4,0,4,4,0,3,4,3,4,4,5,4,3.38,1,5,TRUE
Male,Loyal Customer,28,Business Travel,Business,529,3,3,2,3,4,4,4,4,4,5,5,4,4,3.77,20,28,TRUE
Male,Disloyal Customer,36,Business Travel,Eco,738,2,2,2,3,1,2,1,1,1,1,4,4,1,1.92,21,10,FALSE
Male,Loyal Customer,9,Business Travel,Business,1325,4,1,1,1,4,4,4,4,4,3,3,1,4,2.92,51,60,FALSE
Female,Loyal Customer,37,Business Travel,Business,1527,1,1,1,1,1,3,5,2,2,2,2,1,3,1.92,0,0,TRUE
Male,Loyal Customer,33,Business Travel,Business,3684,2,2,2,2,5,5,5,5,3,3,4,4,5,3.62,26,20,TRUE
Female,Loyal Customer,67,Personal Travel,Eco,558,3,4,3,3,2,4,5,5,5,3,5,3,4,3.77,2,5,FALSE
Female,Disloyal Customer,34,Business Travel,Eco Plus,725,1,1,1,4,1,3,3,1,2,3,3,3,3,2.23,194,204,FALSE
Female,Loyal Customer,46,Personal Travel,Eco Plus,954,2,5,2,3,2,5,4,4,4,2,4,3,3,3.31,0,0,FALSE
Male,Loyal Customer,59,Business Travel,Eco Plus,585,5,3,3,3,5,5,5,5,3,4,5,3,5,4.15,0,0,TRUE
Male,Loyal Customer,70,Personal Travel,Business,416,1,5,1,3,5,5,1,2,2,1,2,2,5,2.69,74,76,FALSE
Female,Loyal Customer,44,Business Travel,Business,1171,3,3,3,3,5,4,4,2,2,2,2,4,5,3.23,0,0,TRUE
Male,Loyal Customer,63,Personal Travel,Eco,2075,2,3,2,3,3,2,3,3,2,2,2,2,3,2.46,0,7,FALSE
Female,Loyal Customer,60,Personal Travel,Eco,241,1,4,1,5,5,4,4,5,5,1,5,5,5,3.85,0,0,FALSE
Male,Loyal Customer,41,Business Travel,Eco Plus,453,2,1,1,1,2,2,2,2,5,4,2,5,2,2.38,51,42,TRUE
Male,Disloyal Customer,24,Business Travel,Business,691,4,5,3,4,2,3,2,2,3,3,5,4,2,3.23,9,3,TRUE
Female,Disloyal Customer,17,Business Travel,Business,1009,5,0,5,1,1,5,1,1,5,2,4,4,1,2.69,0,0,TRUE
Male,Loyal Customer,30,Personal Travel,Eco,214,3,0,3,1,5,3,3,5,5,4,4,5,5,3.54,0,0,FALSE
Female,Loyal Customer,32,Personal Travel,Eco,228,4,4,0,4,2,0,2,2,2,4,3,1,2,2.31,7,0,TRUE
Male,Loyal Customer,47,Business Travel,Eco,226,3,4,4,4,3,3,3,3,1,3,4,1,3,3,24,10,FALSE
Female,Loyal Customer,11,Business Travel,Business,1874,2,3,3,3,2,2,2,2,2,3,4,1,2,2.38,8,11,FALSE
Male,Loyal Customer,46,Business Travel,Business,3331,4,4,4,4,5,5,4,4,4,4,4,5,4,4.23,14,10,TRUE
Female,Loyal Customer,39,Business Travel,Eco,201,5,5,5,5,5,5,5,5,2,1,2,4,5,4.15,0,0,TRUE
Female,Disloyal Customer,39,Business Travel,Business,912,4,4,4,4,4,4,1,4,4,3,5,4,4,3.77,3,19,FALSE
Male,Loyal Customer,14,Personal Travel,Eco,212,2,4,2,3,1,2,1,1,1,2,4,1,1,1.92,0,0,FALSE
Male,Loyal Customer,11,Personal Travel,Eco,631,2,3,2,1,5,2,5,5,4,2,4,4,5,3.38,0,0,FALSE
Female,Loyal Customer,24,Business Travel,Eco,762,4,2,3,3,4,4,3,4,1,3,3,4,4,3.23,0,0,FALSE
Male,Loyal Customer,30,Personal Travel,Business,788,2,4,2,4,3,2,3,3,5,5,4,4,3,3.38,0,0,FALSE
Female,Loyal Customer,46,Business Travel,Business,2409,4,4,4,4,2,3,5,5,5,5,5,4,4,4.15,0,0,TRUE
Male,Loyal Customer,54,Business Travel,Eco Plus,989,4,3,3,3,4,4,4,4,4,5,4,3,4,3.77,25,17,FALSE
Male,Loyal Customer,42,Personal Travel,Eco,259,3,4,3,3,4,3,4,4,4,1,1,5,4,3.31,10,1,FALSE
Male,Loyal Customer,48,Personal Travel,Eco,1390,2,5,2,4,3,2,3,3,1,5,2,5,3,3.08,33,14,FALSE
Male,Loyal Customer,39,Business Travel,Business,251,0,0,0,4,2,2,2,3,4,4,4,2,2,2.23,162,158,TRUE
Male,Loyal Customer,52,Business Travel,Business,3825,2,2,2,2,3,5,5,4,4,4,4,5,4,3.54,2,0,TRUE
Female,Loyal Customer,26,Personal Travel,Eco,783,0,5,0,3,1,0,2,1,3,5,5,5,1,2.38,0,0,TRUE
Female,Loyal Customer,26,Personal Travel,Eco,207,4,4,4,5,4,4,4,4,5,2,3,4,4,3.92,0,2,FALSE
Female,Loyal Customer,22,Business Travel,Eco,728,0,5,0,3,4,0,4,4,2,4,5,4,4,3,0,0,TRUE
Female,Disloyal Customer,43,Business Travel,Eco,395,3,4,3,4,4,3,4,4,1,3,4,1,4,3.23,2,2,FALSE
Male,Loyal Customer,36,Business Travel,Eco,1176,3,3,3,3,3,3,3,3,3,3,4,2,3,3,30,65,FALSE
Male,Loyal Customer,40,Business Travel,Business,2762,2,2,2,2,5,5,5,2,5,3,2,5,5,3.46,0,12,TRUE
Male,Loyal Customer,55,Personal Travel,Eco,937,1,3,1,2,1,1,1,1,2,3,2,4,1,1.77,30,20,FALSE
Female,Loyal Customer,33,Personal Travel,Eco,1947,2,5,2,3,4,2,4,4,3,4,4,3,4,3.38,2,14,FALSE
Female,Loyal Customer,48,Business Travel,Business,3358,4,4,4,4,5,2,4,5,5,5,5,3,3,4.08,112,130,TRUE
Female,Loyal Customer,49,Business Travel,Eco,516,3,3,3,3,2,2,2,3,3,3,3,4,3,2.85,0,0,FALSE
Female,Loyal Customer,58,Business Travel,Eco Plus,231,5,1,1,1,5,5,1,5,5,5,5,5,2,3.54,74,92,TRUE
Female,Loyal Customer,74,Business Travel,Eco,564,5,1,1,1,2,4,5,5,5,5,5,2,2,3.31,0,5,TRUE
Male,Loyal Customer,41,Business Travel,Business,2231,3,3,3,3,4,4,4,4,4,4,4,5,4,3.77,0,0,TRUE
Female,Disloyal Customer,22,Business Travel,Eco,647,1,5,1,4,5,1,5,5,3,4,4,5,5,3.69,3,0,FALSE
Male,Disloyal Customer,20,Business Travel,Eco,296,2,0,2,1,3,2,3,3,4,3,5,3,3,2.62,0,0,FALSE
Female,Disloyal Customer,20,Business Travel,Eco,814,2,2,2,4,4,2,4,4,3,2,4,4,4,3.15,0,11,FALSE
Female,Loyal Customer,33,Business Travel,Eco,134,1,3,3,3,1,1,1,1,1,5,3,3,1,2.08,5,34,FALSE
Male,Loyal Customer,55,Personal Travel,Eco,1111,3,5,3,2,1,3,1,1,4,4,4,4,1,2.77,8,4,FALSE
Male,Loyal Customer,27,Business Travel,Business,1747,3,3,3,3,4,4,4,4,5,1,3,3,4,3.38,19,26,TRUE
Female,Loyal Customer,69,Business Travel,Eco,861,4,1,1,1,5,4,4,4,4,4,4,3,3,3.23,53,93,FALSE
Male,Loyal Customer,39,Personal Travel,Eco Plus,447,3,4,3,3,4,3,4,4,3,5,4,3,4,3.62,3,0,FALSE
Male,Loyal Customer,37,Business Travel,Eco,404,3,5,3,5,3,4,3,3,1,2,5,3,3,3.31,14,0,TRUE
Male,Loyal Customer,66,Personal Travel,Eco,1190,1,4,1,3,5,1,5,5,1,4,3,2,5,3.08,1,0,FALSE
Male,Loyal Customer,59,Personal Travel,Eco,860,4,4,4,4,1,4,1,1,1,1,4,4,1,2.62,0,0,TRUE
Male,Loyal Customer,53,Business Travel,Business,1444,1,1,1,1,3,5,5,4,4,5,4,3,5,3.23,2,0,TRUE
Female,Loyal Customer,41,Business Travel,Eco,116,5,5,5,5,5,5,5,5,5,5,4,4,5,4.85,0,1,TRUE
Female,Loyal Customer,50,Business Travel,Eco,1120,2,1,1,1,5,2,2,2,2,2,2,2,1,1.92,0,0,FALSE
Male,Disloyal Customer,48,Business Travel,Eco,173,4,0,3,1,4,3,5,4,4,5,5,2,4,3.38,0,0,TRUE
Female,Disloyal Customer,23,Business Travel,Eco,414,3,0,3,2,1,3,1,1,5,1,5,4,1,2.31,0,0,FALSE
Female,Loyal Customer,53,Business Travel,Business,529,1,1,1,1,4,5,5,4,4,4,4,5,5,3.38,0,0,TRUE
Female,Loyal Customer,51,Business Travel,Eco,160,5,4,4,4,5,2,1,5,5,5,5,5,2,4,27,11,TRUE
Female,Loyal Customer,26,Personal Travel,Business,342,2,4,2,1,1,2,1,1,4,4,4,5,1,2.46,0,0,FALSE
Male,Loyal Customer,35,Business Travel,Business,3754,3,1,1,1,3,4,4,3,3,3,3,3,3,2.69,3,0,FALSE
Female,Loyal Customer,37,Business Travel,Eco,1076,1,4,4,4,1,1,1,2,1,4,4,1,1,2.23,237,244,FALSE
Female,Loyal Customer,42,Personal Travel,Eco,1476,4,1,3,3,3,2,4,1,1,3,1,2,2,2.31,64,74,FALSE
Female,Loyal Customer,69,Business Travel,Business,3055,1,2,2,2,4,3,3,1,1,1,1,1,4,2,8,0,FALSE
Male,Loyal Customer,43,Personal Travel,Eco,2701,3,5,3,5,3,1,1,3,2,5,4,1,1,2.85,0,0,FALSE
Female,Loyal Customer,40,Business Travel,Business,226,3,3,3,3,2,5,5,5,5,5,5,5,5,4.15,0,0,TRUE
Female,Disloyal Customer,38,Business Travel,Business,1979,4,4,4,4,4,4,2,4,4,3,5,4,4,3.85,0,0,FALSE
Female,Loyal Customer,35,Business Travel,Eco,936,4,5,5,5,4,4,4,4,2,1,3,3,4,3.69,0,0,TRUE
Male,Loyal Customer,48,Business Travel,Business,631,1,1,1,1,5,5,5,5,5,5,5,5,5,3.77,16,14,TRUE
Male,Loyal Customer,30,Personal Travel,Eco Plus,814,1,0,1,4,1,1,1,1,4,3,4,4,1,2,0,0,FALSE
Male,Loyal Customer,52,Business Travel,Eco,288,4,1,4,1,4,4,4,4,1,5,1,4,4,3.15,0,0,TRUE
Male,Loyal Customer,45,Business Travel,Business,1744,2,2,2,2,5,3,4,4,4,4,4,3,5,3.38,0,0,TRUE
Male,Loyal Customer,61,Business Travel,Eco Plus,150,4,1,1,1,4,4,4,4,3,5,3,1,4,3,0,0,TRUE
Male,Loyal Customer,15,Personal Travel,Business,290,3,5,3,4,5,3,3,5,5,2,4,3,5,3.85,9,0,FALSE
Male,Loyal Customer,26,Business Travel,Business,1760,3,3,2,3,4,4,4,4,2,4,5,4,4,3.54,94,160,TRUE
Female,Loyal Customer,23,Personal Travel,Eco,1136,5,4,5,2,4,5,5,4,5,3,5,5,4,4.31,1,0,TRUE
Male,Loyal Customer,32,Business Travel,Eco,196,4,1,1,1,4,4,4,4,2,5,1,3,4,2.92,96,89,TRUE
Male,Loyal Customer,47,Business Travel,Eco,457,1,5,5,5,1,1,1,1,2,1,2,3,1,2.23,7,4,FALSE
Female,Loyal Customer,26,Business Travel,Eco,1086,4,2,1,2,4,3,1,4,3,4,4,2,4,2.92,0,0,FALSE
Female,Loyal Customer,40,Business Travel,Business,2269,3,5,3,3,3,5,4,5,5,5,4,3,5,4.08,0,0,TRUE
Female,Disloyal Customer,26,Business Travel,Business,772,4,4,4,1,1,4,1,1,5,2,5,3,1,2.77,0,0,TRUE
Male,Loyal Customer,33,Business Travel,Business,3233,3,3,4,3,4,4,4,4,3,4,5,4,4,3.77,37,43,TRUE
Female,Disloyal Customer,26,Business Travel,Business,472,1,2,1,3,2,1,2,2,3,3,4,3,2,2.23,0,0,FALSE
Male,Loyal Customer,56,Personal Travel,Eco,258,2,4,0,5,3,0,3,3,2,3,5,5,3,2.92,0,0,FALSE
Female,Loyal Customer,57,Business Travel,Business,229,3,3,3,3,2,4,5,5,5,5,5,4,3,3.85,0,0,TRUE
Female,Loyal Customer,60,Personal Travel,Eco,611,2,5,2,2,3,1,3,1,1,2,1,5,3,2.38,10,0,FALSE
Male,Loyal Customer,40,Personal Travel,Eco,757,1,5,1,4,4,1,4,4,4,4,5,3,4,3.38,6,52,FALSE
Male,Loyal Customer,27,Business Travel,Business,1504,5,5,4,5,4,5,4,4,3,2,5,1,4,3.92,0,0,TRUE
Male,Loyal Customer,60,Business Travel,Business,3967,5,5,5,5,2,5,5,4,4,5,4,5,4,4.46,2,9,TRUE
Female,Loyal Customer,46,Business Travel,Business,270,4,4,4,4,5,4,5,5,5,5,5,5,3,4.46,0,0,TRUE
Female,Loyal Customer,69,Personal Travel,Eco,1012,4,4,4,3,5,1,4,2,2,4,2,1,2,2.92,0,0,TRUE
Female,Loyal Customer,15,Business Travel,Eco Plus,1205,3,4,4,4,3,3,2,3,2,1,3,1,3,2.77,0,0,FALSE
Female,Loyal Customer,57,Personal Travel,Eco Plus,1310,2,4,2,3,4,3,5,2,2,2,2,3,5,3,3,1,FALSE
Male,Loyal Customer,56,Business Travel,Eco,447,4,5,5,5,4,4,4,4,2,3,3,1,4,3.69,1,3,TRUE
Female,Loyal Customer,53,Personal Travel,Eco,1448,3,3,3,2,4,1,5,5,5,3,5,5,3,3.62,0,0,FALSE
Male,Loyal Customer,11,Personal Travel,Eco,1197,3,1,4,3,4,4,4,4,1,5,2,3,4,3.23,0,0,FALSE
Male,Loyal Customer,43,Business Travel,Business,431,3,3,3,3,4,4,4,3,3,3,3,3,4,3.31,0,0,TRUE
Female,Loyal Customer,17,Personal Travel,Eco,337,4,3,4,5,3,4,3,3,4,5,3,3,3,3.62,57,51,FALSE
Female,Loyal Customer,66,Personal Travel,Eco,679,1,5,2,1,3,5,5,2,2,2,4,4,3,3,11,23,FALSE
Female,Loyal Customer,79,Business Travel,Eco,902,5,4,4,4,5,5,5,4,4,1,5,5,5,4.31,0,5,TRUE
Female,Loyal Customer,52,Personal Travel,Eco,942,4,4,4,5,1,4,3,4,4,4,4,1,4,3.54,0,20,FALSE
Male,Loyal Customer,33,Business Travel,Eco,239,3,5,5,5,3,3,3,3,2,2,3,1,3,3.15,3,1,FALSE
Female,Loyal Customer,48,Business Travel,Business,369,5,5,5,5,3,5,1,4,4,4,4,1,4,3.85,0,0,TRUE
Female,Loyal Customer,11,Business Travel,Business,1182,3,3,3,3,5,5,5,5,4,5,5,3,5,4.15,0,0,TRUE
Female,Loyal Customer,55,Business Travel,Eco,692,4,5,5,5,3,4,4,4,4,4,4,4,2,4,3,11,FALSE
Female,Loyal Customer,43,Business Travel,Business,3194,2,2,1,2,4,4,5,3,3,3,3,5,4,3.15,0,1,TRUE
Female,Disloyal Customer,39,Business Travel,Business,896,2,2,2,4,5,2,5,5,1,3,4,2,5,3.23,7,17,FALSE
Female,Loyal Customer,24,Business Travel,Business,2442,1,1,1,1,5,5,5,5,5,3,5,4,5,3.54,7,0,TRUE
Female,Loyal Customer,33,Personal Travel,Eco,200,4,5,4,3,2,4,2,2,3,3,5,1,2,3.08,1,0,FALSE
Female,Loyal Customer,65,Personal Travel,Eco,109,3,4,3,2,5,4,5,2,2,3,2,4,4,3.31,0,0,FALSE
Male,Loyal Customer,49,Business Travel,Business,2508,3,3,3,3,4,3,5,5,5,5,5,4,1,3.77,0,0,TRUE
Male,Loyal Customer,46,Business Travel,Eco Plus,1674,1,1,4,1,1,1,1,1,2,2,3,4,1,1.77,9,88,FALSE
Female,Loyal Customer,37,Business Travel,Business,2435,3,3,3,3,4,4,4,4,4,4,4,4,4,3.69,0,1,TRUE
Female,Loyal Customer,49,Business Travel,Business,1727,1,1,4,1,5,5,4,4,4,4,4,4,3,3.38,23,13,TRUE
Female,Loyal Customer,57,Business Travel,Business,3131,4,5,4,4,2,4,5,4,4,4,4,4,4,4,1,0,TRUE
Female,Loyal Customer,51,Business Travel,Business,1303,1,1,1,1,5,4,5,4,4,4,4,3,5,3.23,0,0,TRUE
Male,Loyal Customer,9,Business Travel,Eco,1046,2,1,5,5,2,2,1,2,4,1,4,3,2,2.62,0,2,FALSE
Female,Disloyal Customer,22,Business Travel,Eco,647,1,3,1,3,3,1,3,3,2,2,3,3,3,2.38,3,0,FALSE
Female,Disloyal Customer,25,Business Travel,Eco,237,2,0,2,2,3,2,3,3,3,5,3,1,3,2.46,2,0,FALSE
Male,Loyal Customer,23,Business Travel,Eco Plus,820,3,3,3,3,3,3,4,3,1,1,4,2,3,2.77,31,31,FALSE
Female,Loyal Customer,24,Business Travel,Eco,321,4,1,1,1,4,4,2,4,2,5,4,3,4,3,0,0,FALSE
Male,Loyal Customer,25,Business Travel,Eco,551,4,1,1,1,4,4,2,4,1,5,3,2,4,2.77,0,0,FALSE
Male,Loyal Customer,56,Business Travel,Business,188,4,3,5,3,1,4,1,2,2,3,3,1,1,2.54,184,175,FALSE
Male,Loyal Customer,56,Business Travel,Business,2206,1,1,1,1,3,3,3,1,1,2,1,4,3,1.92,51,40,FALSE
Male,Loyal Customer,11,Personal Travel,Eco,680,2,4,2,3,1,2,1,1,5,2,5,5,1,2.62,0,0,FALSE
Female,Loyal Customer,47,Business Travel,Business,3506,4,4,4,4,1,3,1,4,4,4,4,3,2,3.23,9,22,TRUE
Female,Loyal Customer,50,Business Travel,Business,835,2,2,2,2,2,3,3,2,2,2,2,4,1,2.23,25,3,FALSE
Female,Loyal Customer,37,Business Travel,Eco,351,5,1,1,1,5,5,5,5,4,5,4,1,5,3.62,2,0,TRUE
Male,Loyal Customer,40,Personal Travel,Eco,304,4,5,3,4,3,3,3,3,5,5,4,3,3,3.69,0,2,TRUE
Male,Loyal Customer,33,Personal Travel,Eco,342,2,4,2,3,3,2,2,3,3,4,5,5,3,3.15,7,5,FALSE
Female,Loyal Customer,19,Personal Travel,Eco,446,3,4,3,3,1,3,1,1,4,2,5,4,1,2.69,30,18,FALSE
Female,Loyal Customer,15,Personal Travel,Eco,2586,2,5,2,1,2,1,1,4,5,4,5,1,1,2.62,0,22,FALSE
Female,Loyal Customer,22,Business Travel,Business,3487,3,4,5,4,3,3,3,1,4,3,4,3,3,3.31,112,139,FALSE
Female,Loyal Customer,52,Personal Travel,Eco,2182,1,4,1,4,3,2,1,4,4,1,2,1,3,2.38,0,0,FALSE
Female,Loyal Customer,27,Business Travel,Eco Plus,622,2,2,2,2,2,2,2,2,1,3,3,3,2,2.15,11,2,FALSE
Male,Loyal Customer,31,Personal Travel,Business,1145,2,5,2,3,3,2,3,3,3,2,5,3,3,3,0,7,FALSE
Male,Loyal Customer,39,Business Travel,Business,1460,2,2,2,2,4,4,5,4,4,4,4,5,5,3.62,0,21,TRUE
Male,Loyal Customer,18,Personal Travel,Eco,2075,3,2,3,2,3,3,3,3,2,5,1,2,3,2.69,106,117,FALSE
Male,Loyal Customer,36,Personal Travel,Eco,1754,3,3,3,3,1,3,1,1,5,2,1,1,1,2.15,0,29,FALSE
Female,Loyal Customer,7,Personal Travel,Eco,327,3,0,3,2,4,3,3,4,5,2,4,5,4,3.23,0,0,FALSE
Male,Disloyal Customer,44,Business Travel,Business,227,2,2,2,4,1,2,1,1,1,5,3,1,1,2,0,0,FALSE
Male,Loyal Customer,20,Personal Travel,Eco,1096,3,5,3,4,5,3,5,5,3,5,4,5,5,4.23,0,0,FALSE
Female,Loyal Customer,58,Business Travel,Eco,1303,3,1,1,1,3,3,3,3,4,3,3,3,3,2.62,161,158,FALSE
Male,Disloyal Customer,48,Business Travel,Business,641,5,5,5,1,5,5,5,5,4,2,4,4,5,4.23,0,0,TRUE
Female,Loyal Customer,52,Business Travel,Business,1972,4,4,4,4,3,4,5,5,5,5,5,4,4,4.31,2,0,TRUE
Male,Loyal Customer,69,Business Travel,Business,216,3,3,3,3,2,2,4,5,5,5,5,3,2,3.46,0,0,TRUE
Male,Loyal Customer,25,Personal Travel,Eco,153,3,5,3,1,1,3,1,1,4,5,4,3,1,2.69,3,0,FALSE
Female,Disloyal Customer,20,Business Travel,Eco,522,1,0,0,1,5,0,3,5,4,1,5,1,5,2.38,7,18,FALSE
Male,Disloyal Customer,38,Business Travel,Business,295,3,3,3,3,4,3,2,4,5,4,5,3,4,3.54,24,17,TRUE
Male,Loyal Customer,30,Business Travel,Eco Plus,925,5,3,5,3,5,5,5,5,5,3,5,5,5,4.54,5,6,TRUE
Female,Loyal Customer,36,Business Travel,Business,1005,1,4,4,4,4,4,4,1,1,1,1,2,4,2.69,3,0,FALSE
Male,Loyal Customer,48,Business Travel,Eco Plus,184,3,5,5,5,3,3,3,3,3,2,4,2,3,3.38,0,9,FALSE
Female,Loyal Customer,53,Personal Travel,Eco,1609,1,5,1,4,3,4,5,2,2,1,2,3,4,2.85,0,2,FALSE
Female,Disloyal Customer,37,Business Travel,Business,247,1,0,0,3,3,0,3,3,3,4,5,4,3,2.46,0,0,FALSE
Female,Loyal Customer,16,Personal Travel,Eco,935,3,5,3,1,2,3,2,2,3,3,4,4,2,2.85,24,11,FALSE
Female,Loyal Customer,40,Personal Travel,Eco Plus,946,3,4,3,5,1,3,1,1,1,5,5,2,1,2.69,0,0,FALSE
Male,Loyal Customer,47,Personal Travel,Eco,395,2,2,4,4,3,4,3,3,1,5,3,2,3,3,50,45,FALSE
Male,Loyal Customer,42,Business Travel,Eco,341,4,4,4,4,4,4,4,4,3,4,2,3,4,3.69,80,67,TRUE
Female,Loyal Customer,15,Business Travel,Business,1947,3,1,1,1,3,3,3,3,3,1,3,2,3,2.31,6,9,FALSE
Female,Loyal Customer,38,Business Travel,Business,1646,3,3,3,3,5,5,5,2,4,5,2,5,5,3.85,187,185,TRUE
Male,Loyal Customer,56,Business Travel,Business,762,4,4,4,4,5,4,5,4,4,4,4,4,5,4.23,0,0,TRUE
Female,Loyal Customer,19,Personal Travel,Eco,861,2,1,2,3,5,2,5,5,4,4,3,1,5,3.23,34,30,FALSE
Female,Loyal Customer,44,Personal Travel,Eco,236,3,5,3,3,5,5,5,1,1,3,1,4,5,3.38,0,5,FALSE
Male,Loyal Customer,72,Business Travel,Business,2975,2,2,2,2,3,4,3,4,4,4,4,4,2,3.08,0,0,TRUE
Male,Loyal Customer,49,Business Travel,Business,545,4,4,4,4,3,5,5,5,5,5,5,3,4,4.31,5,0,TRUE
Female,Loyal Customer,35,Business Travel,Business,2438,3,3,3,3,3,5,4,3,3,3,3,5,4,3.46,4,0,TRUE
Female,Loyal Customer,46,Business Travel,Business,460,3,2,2,2,2,1,2,3,3,3,3,3,2,2.38,5,0,FALSE
Male,Loyal Customer,44,Business Travel,Business,1107,4,4,3,4,4,1,3,4,4,4,4,5,2,3.54,0,0,TRUE
Male,Disloyal Customer,26,Business Travel,Eco,578,3,3,2,3,2,1,1,1,4,2,1,1,1,1.92,131,121,FALSE
Female,Loyal Customer,39,Business Travel,Business,3499,3,1,1,1,3,4,4,3,3,3,3,1,4,2.62,2,0,FALSE
Female,Loyal Customer,33,Business Travel,Business,3877,2,4,4,4,3,2,3,2,2,2,2,1,3,2.62,15,10,FALSE
Female,Disloyal Customer,22,Business Travel,Eco,1056,3,3,3,3,3,3,3,3,4,3,3,1,3,2.92,30,47,FALSE
Male,Loyal Customer,48,Business Travel,Business,102,0,4,0,2,5,4,4,2,2,2,2,4,3,2.62,0,0,TRUE
Female,Loyal Customer,56,Personal Travel,Eco,541,2,5,2,3,4,4,2,1,1,2,5,4,1,2.77,46,33,FALSE
Female,Disloyal Customer,20,Business Travel,Eco,197,2,3,2,3,2,2,2,2,1,1,3,3,2,2.15,47,54,FALSE
Female,Loyal Customer,53,Business Travel,Eco Plus,253,4,3,3,3,4,5,3,4,4,4,4,2,4,3.62,5,0,TRUE
Male,Disloyal Customer,25,Business Travel,Eco,669,2,2,2,4,1,2,1,1,4,4,4,5,1,2.54,0,0,FALSE
Female,Loyal Customer,7,Personal Travel,Eco,447,3,4,3,2,4,3,4,4,3,5,4,3,4,3.54,77,88,FALSE
Male,Loyal Customer,15,Personal Travel,Eco,1276,1,3,1,2,2,1,2,2,4,4,3,3,2,2.31,0,0,FALSE
Female,Loyal Customer,55,Business Travel,Business,471,1,4,1,1,2,5,4,5,5,5,5,3,5,3.54,0,0,TRUE
Female,Loyal Customer,40,Business Travel,Business,2768,0,5,0,4,5,5,5,3,3,3,3,3,3,3.23,0,0,TRUE
Female,Loyal Customer,48,Business Travel,Eco Plus,164,2,1,1,1,1,4,4,2,2,2,2,2,3,2.08,0,0,FALSE
Female,Loyal Customer,46,Business Travel,Business,311,4,4,5,4,5,4,5,5,5,5,5,4,5,4.62,0,0,TRUE
Female,Loyal Customer,48,Business Travel,Business,879,5,5,5,5,2,5,4,4,4,4,4,3,4,4.15,0,0,TRUE
Female,Loyal Customer,9,Business Travel,Business,1780,1,5,5,5,1,1,1,1,4,1,3,3,1,2.46,24,29,FALSE
Male,Loyal Customer,28,Business Travel,Business,2057,4,4,4,4,5,5,5,5,5,5,4,4,5,4.54,22,10,TRUE
Female,Disloyal Customer,24,Business Travel,Eco,1062,5,5,5,5,5,5,5,5,3,5,5,5,5,4.85,0,7,TRUE
Male,Loyal Customer,66,Personal Travel,Eco,1024,2,5,2,4,3,2,3,3,5,3,4,3,3,3.23,1,0,FALSE
Male,Loyal Customer,53,Business Travel,Business,2065,2,3,3,3,2,3,3,2,2,2,2,2,3,2.46,0,0,FALSE
Female,Loyal Customer,8,Personal Travel,Eco,1158,1,4,1,1,1,1,1,1,3,4,5,5,1,2.23,22,15,FALSE
Female,Loyal Customer,26,Business Travel,Business,2745,3,1,3,1,3,3,3,3,1,3,2,3,3,2.46,2,13,FALSE
Male,Loyal Customer,29,Business Travel,Eco,1136,2,2,2,2,2,2,2,2,3,3,4,1,2,2.23,20,22,FALSE
Female,Loyal Customer,29,Business Travel,Business,2191,1,1,3,1,5,5,5,5,3,3,5,5,5,3.62,0,0,TRUE
Female,Loyal Customer,28,Business Travel,Business,2465,1,1,1,1,4,4,4,4,4,4,5,2,4,3,0,0,TRUE
Male,Loyal Customer,32,Personal Travel,Eco Plus,363,2,5,2,2,2,2,2,2,4,4,5,4,2,2.92,5,17,FALSE
Female,Loyal Customer,52,Business Travel,Business,1640,2,5,5,5,5,3,3,2,2,3,2,2,1,3.08,0,0,FALSE
Female,Loyal Customer,60,Business Travel,Eco,1195,5,2,2,2,2,3,4,5,5,5,5,1,3,3.38,14,0,TRUE
Female,Loyal Customer,59,Business Travel,Business,3718,2,2,2,2,3,4,5,5,5,5,5,4,3,3.62,55,49,TRUE
Female,Disloyal Customer,20,Business Travel,Eco,1121,1,1,1,3,5,1,5,5,3,1,3,2,5,2.77,0,18,FALSE
Female,Loyal Customer,45,Business Travel,Eco,651,2,1,1,1,3,3,4,2,2,2,2,3,3,2.23,24,15,FALSE
Male,Loyal Customer,33,Personal Travel,Eco,854,4,4,4,5,3,4,3,3,3,2,4,4,3,3.54,6,0,FALSE
Male,Loyal Customer,25,Business Travel,Business,3214,2,2,2,2,2,2,2,2,1,2,3,3,2,2.08,0,0,FALSE
Male,Loyal Customer,59,Business Travel,Business,3644,5,5,5,5,1,3,4,4,4,4,4,3,1,3.69,24,12,TRUE
Male,Loyal Customer,41,Business Travel,Business,1893,5,5,2,5,2,4,5,4,4,4,4,4,3,3.92,0,0,TRUE
Male,Loyal Customer,8,Personal Travel,Eco,270,1,4,1,5,1,1,1,1,3,4,4,4,1,2.38,0,0,FALSE
Female,Loyal Customer,40,Business Travel,Business,1573,1,2,2,2,4,4,3,1,1,1,1,3,1,2,0,0,FALSE
Female,Loyal Customer,35,Personal Travel,Business,1050,4,5,5,1,4,4,4,2,2,5,2,5,5,3.69,0,0,FALSE
Female,Disloyal Customer,22,Business Travel,Eco,325,2,5,1,4,2,1,2,2,4,4,4,3,2,2.77,0,0,FALSE
Female,Loyal Customer,43,Business Travel,Business,2203,5,5,5,5,3,5,5,4,4,4,4,5,3,4.38,0,1,TRUE
Female,Loyal Customer,37,Business Travel,Eco,462,4,3,5,3,4,3,4,4,1,5,4,1,4,3.46,0,0,FALSE
Female,Loyal Customer,32,Business Travel,Eco,2125,3,5,5,5,3,3,3,3,4,5,4,2,3,3.69,0,0,FALSE
Female,Loyal Customer,43,Business Travel,Business,912,4,5,4,4,4,5,5,4,4,4,4,5,5,4.38,0,0,TRUE
Female,Loyal Customer,24,Business Travel,Eco,588,1,4,4,4,1,1,4,1,2,3,4,1,1,2.38,0,0,FALSE
Female,Loyal Customer,28,Business Travel,Eco Plus,1086,5,4,2,4,5,5,5,5,2,2,2,4,5,3.85,17,7,TRUE
Female,Loyal Customer,69,Personal Travel,Eco,761,3,3,3,3,3,3,4,2,2,3,2,1,2,2.62,20,6,FALSE
Female,Loyal Customer,52,Business Travel,Business,448,2,2,2,2,3,5,4,5,5,5,5,5,5,3.85,16,7,TRUE
Male,Disloyal Customer,27,Business Travel,Business,429,4,4,4,1,5,4,1,5,3,2,4,3,5,3.46,0,0,FALSE
Female,Loyal Customer,52,Business Travel,Business,2116,1,1,1,1,2,2,4,4,4,4,4,1,3,2.46,28,27,TRUE
Male,Loyal Customer,48,Personal Travel,Eco,456,3,4,3,3,5,3,5,5,3,4,5,4,5,4,1,4,FALSE
Female,Loyal Customer,46,Business Travel,Business,2951,2,2,2,2,5,5,5,4,4,4,4,3,3,3.46,17,12,TRUE
Male,Loyal Customer,60,Business Travel,Business,1623,4,4,4,4,4,5,4,5,5,5,5,3,5,4.38,0,3,TRUE
Female,Loyal Customer,53,Business Travel,Business,1440,2,4,4,4,1,2,2,2,2,2,2,2,3,2.46,0,0,FALSE
Male,Loyal Customer,41,Personal Travel,Eco,599,3,1,3,1,4,3,4,4,3,5,2,4,4,3.15,0,0,FALSE
Male,Disloyal Customer,38,Business Travel,Business,473,4,4,4,1,1,4,1,1,5,3,4,5,1,2.92,43,37,TRUE
Male,Loyal Customer,51,Business Travel,Business,2748,4,4,4,4,5,4,4,5,5,5,5,5,3,4.38,17,0,TRUE
Male,Loyal Customer,48,Business Travel,Business,239,4,4,4,4,4,4,4,5,5,5,5,5,4,4.38,3,3,TRUE
Female,Loyal Customer,41,Business Travel,Business,1211,1,1,1,1,4,4,5,5,5,5,5,5,3,3.46,0,0,TRUE
Female,Disloyal Customer,30,Business Travel,Eco Plus,401,3,3,3,4,3,3,3,3,3,3,3,1,3,2.92,0,0,FALSE
Female,Loyal Customer,51,Business Travel,Eco Plus,173,5,5,5,5,2,4,4,5,5,5,5,2,3,4.23,0,0,TRUE
Female,Disloyal Customer,72,Business Travel,Eco,2486,2,2,2,1,2,3,3,4,2,2,2,3,3,2.38,4,17,FALSE
Female,Loyal Customer,10,Personal Travel,Eco,1235,3,5,3,5,5,3,5,5,4,4,5,5,5,4.38,0,0,FALSE
Female,Loyal Customer,39,Business Travel,Business,3649,3,2,2,2,1,4,4,3,3,3,3,4,4,2.92,0,5,FALSE
Male,Loyal Customer,37,Personal Travel,Eco,617,2,1,2,3,2,2,2,2,3,2,3,2,2,2.15,0,0,FALSE
Male,Disloyal Customer,26,Business Travel,Business,821,2,2,2,3,4,2,4,4,4,5,4,5,4,3.46,10,5,FALSE
Male,Loyal Customer,58,Business Travel,Business,2384,2,2,3,2,2,5,5,4,4,4,4,3,4,3.38,4,0,TRUE
Female,Disloyal Customer,22,Business Travel,Eco,368,2,5,2,1,4,2,4,4,5,3,4,4,4,3.38,0,0,FALSE
Male,Loyal Customer,57,Personal Travel,Eco,255,4,1,0,4,4,0,4,4,2,2,4,1,4,2.62,46,37,FALSE
Male,Loyal Customer,44,Personal Travel,Eco,349,2,4,2,3,5,2,5,5,4,5,5,5,5,4,0,0,FALSE
Male,Loyal Customer,48,Business Travel,Business,3165,2,4,2,2,2,4,4,5,5,5,5,4,3,3.62,50,47,TRUE
Female,Loyal Customer,56,Business Travel,Business,3532,1,1,2,1,4,5,4,2,2,2,2,5,4,2.69,0,0,TRUE
Female,Disloyal Customer,47,Business Travel,Eco,936,2,3,3,3,1,3,1,1,1,4,4,3,1,2.31,0,3,FALSE
Female,Loyal Customer,21,Personal Travel,Eco,432,1,5,1,1,1,1,1,1,4,5,4,3,1,2.23,3,2,FALSE
Male,Loyal Customer,54,Business Travel,Business,236,5,5,3,5,4,5,4,4,4,4,4,3,4,4.15,18,15,TRUE
Female,Loyal Customer,54,Business Travel,Business,1584,2,2,2,2,4,4,4,4,4,4,4,4,4,3.38,0,8,TRUE
Female,Disloyal Customer,26,Business Travel,Eco,236,2,4,2,3,1,2,1,1,3,1,4,3,1,2.15,6,8,FALSE
Female,Loyal Customer,22,Business Travel,Business,2384,1,1,1,1,5,5,5,3,4,4,4,5,5,3.38,142,133,TRUE
Female,Loyal Customer,42,Business Travel,Business,1464,1,1,1,1,3,5,5,5,5,5,5,3,3,3.31,11,13,TRUE
Female,Loyal Customer,7,Personal Travel,Business,853,3,3,3,4,3,3,3,3,3,4,4,4,3,3.31,5,0,FALSE
Female,Loyal Customer,50,Business Travel,Business,1194,5,5,5,5,3,4,5,5,5,5,5,4,5,4.69,0,0,TRUE
Female,Loyal Customer,50,Business Travel,Business,1775,1,1,1,1,2,4,4,5,5,5,5,5,5,3.38,0,0,TRUE
Female,Loyal Customer,57,Business Travel,Eco,526,4,1,4,1,4,4,4,5,5,3,4,4,4,3.62,185,175,TRUE
Male,Loyal Customer,57,Personal Travel,Eco,399,2,4,2,1,2,2,2,2,4,5,4,3,2,2.69,1,0,FALSE
Female,Loyal Customer,54,Business Travel,Business,3774,4,4,4,4,3,1,5,4,4,4,4,1,1,3.31,31,15,TRUE
Male,Loyal Customer,29,Personal Travel,Eco,1024,2,5,2,3,1,2,1,1,5,4,5,4,1,2.77,84,89,FALSE
Female,Loyal Customer,28,Personal Travel,Eco,1084,1,5,1,2,3,1,3,3,3,3,5,4,3,2.85,0,0,FALSE
Female,Disloyal Customer,28,Business Travel,Business,802,3,3,3,3,1,3,1,1,3,4,4,4,1,2.62,0,0,FALSE
Male,Loyal Customer,21,Personal Travel,Eco,473,3,4,3,3,5,3,4,5,1,4,4,1,5,3.46,0,0,FALSE
Male,Loyal Customer,54,Business Travel,Eco Plus,463,4,4,4,4,4,4,4,4,1,1,3,1,4,3.23,38,24,FALSE
Female,Loyal Customer,37,Business Travel,Eco Plus,442,4,2,2,2,4,4,4,4,5,3,1,3,4,3.23,3,0,TRUE
Male,Loyal Customer,59,Business Travel,Eco,650,2,1,4,4,2,2,2,2,2,2,3,3,2,2.38,0,0,FALSE
Female,Loyal Customer,27,Business Travel,Eco,991,4,2,2,2,4,4,4,4,5,3,1,3,4,3.23,0,0,TRUE
Female,Disloyal Customer,30,Business Travel,Eco,599,2,0,2,2,2,2,2,2,2,4,3,4,2,2.23,9,0,FALSE
Female,Loyal Customer,56,Business Travel,Business,427,4,4,4,4,4,5,5,3,3,4,3,4,4,3.92,0,0,TRUE
Male,Loyal Customer,29,Business Travel,Business,1891,3,3,3,3,4,4,4,4,1,1,4,3,4,3.15,0,0,TRUE
Male,Loyal Customer,48,Business Travel,Eco,517,4,1,1,1,4,4,4,4,4,5,4,3,4,3.31,0,0,FALSE
Male,Loyal Customer,27,Personal Travel,Eco,765,3,4,3,5,4,3,4,4,4,2,4,4,4,3.69,0,0,FALSE
Male,Loyal Customer,58,Business Travel,Business,164,4,4,4,4,3,4,5,4,4,4,4,4,3,3.92,0,0,TRUE
Male,Disloyal Customer,37,Business Travel,Business,986,2,2,2,4,1,2,1,1,3,2,5,4,1,2.31,50,10,FALSE
Male,Loyal Customer,50,Business Travel,Business,3477,2,2,2,2,3,4,5,4,4,4,4,4,3,3.31,0,0,TRUE
Male,Loyal Customer,18,Personal Travel,Eco,341,1,4,5,3,2,5,2,2,3,4,4,3,2,3.08,0,0,FALSE
Female,Loyal Customer,12,Personal Travel,Eco,548,1,0,1,2,4,1,4,4,5,1,4,5,4,2.77,0,0,FALSE
Male,Disloyal Customer,22,Business Travel,Eco,1310,3,3,3,2,3,3,3,3,4,4,1,4,3,3,0,0,FALSE
Male,Disloyal Customer,21,Business Travel,Eco,247,0,0,0,4,2,0,2,2,3,2,4,4,2,1.92,3,4,TRUE
Male,Loyal Customer,33,Personal Travel,Eco,134,2,5,2,4,4,2,4,4,3,3,5,4,4,3.54,12,21,FALSE
Female,Loyal Customer,30,Personal Travel,Eco,1372,3,5,3,2,4,3,4,4,5,4,5,5,4,3.92,0,0,FALSE
Female,Loyal Customer,18,Business Travel,Business,1901,4,3,3,3,4,4,4,4,2,4,3,1,4,3.31,0,0,FALSE
Female,Loyal Customer,46,Personal Travel,Eco,134,1,0,1,3,4,5,5,5,5,1,5,3,5,3.31,0,0,FALSE
Male,Loyal Customer,34,Personal Travel,Eco Plus,1346,4,5,4,1,3,4,3,3,3,2,3,4,3,3.23,0,0,FALSE
Female,Loyal Customer,7,Personal Travel,Eco,550,3,5,3,1,2,3,2,2,3,2,5,4,2,2.85,17,8,FALSE
Male,Loyal Customer,53,Business Travel,Business,1464,4,4,4,4,5,5,5,3,3,3,3,4,3,3.85,0,0,TRUE
Female,Disloyal Customer,28,Business Travel,Eco,1092,2,2,2,1,1,2,4,1,3,1,2,2,1,1.85,0,0,FALSE
Male,Loyal Customer,47,Business Travel,Business,170,0,3,0,3,3,4,2,4,4,4,4,1,4,2.77,0,0,TRUE
Female,Loyal Customer,69,Personal Travel,Eco,1192,3,5,4,3,3,5,4,1,1,4,1,5,5,3.38,0,35,FALSE
Female,Loyal Customer,71,Business Travel,Business,1998,5,2,2,2,2,2,2,5,5,4,5,3,1,3.08,7,48,FALSE
Female,Disloyal Customer,28,Business Travel,Eco,1197,1,1,1,3,3,1,1,3,2,2,4,3,3,2.15,0,0,FALSE
Female,Loyal Customer,31,Business Travel,Business,1119,3,3,3,3,5,5,5,5,3,2,4,5,5,3.92,19,16,TRUE
Male,Loyal Customer,53,Business Travel,Business,2521,2,2,2,2,5,5,5,3,5,5,4,5,5,3.85,0,0,TRUE
Male,Loyal Customer,30,Business Travel,Business,3857,5,5,5,5,5,5,5,5,4,2,5,4,5,4.62,0,0,TRUE
Male,Loyal Customer,51,Business Travel,Business,1550,4,4,4,4,3,4,4,2,2,2,2,4,5,3.38,0,0,TRUE
Male,Loyal Customer,24,Business Travel,Business,1062,5,5,5,5,3,3,3,3,4,5,5,4,3,4.08,0,0,TRUE
Female,Disloyal Customer,22,Business Travel,Eco,912,3,3,3,3,3,3,3,3,3,3,2,2,3,2.85,0,0,FALSE
Female,Loyal Customer,30,Personal Travel,Eco,462,3,4,3,2,2,3,2,2,3,2,5,5,2,2.92,0,0,FALSE
Male,Loyal Customer,14,Personal Travel,Eco,645,3,5,3,2,4,3,4,4,3,1,1,5,4,3.23,0,0,FALSE
Male,Loyal Customer,58,Personal Travel,Eco,147,2,4,2,3,2,2,2,2,3,2,4,4,2,2.62,0,0,FALSE
Female,Disloyal Customer,20,Business Travel,Eco,1587,3,3,3,3,4,3,4,4,4,2,4,2,4,3.31,19,3,FALSE
Male,Loyal Customer,41,Business Travel,Business,2475,1,3,3,3,4,2,3,1,1,1,1,3,1,2.08,0,43,FALSE
Female,Loyal Customer,17,Business Travel,Business,369,3,2,2,2,3,3,3,3,3,1,4,2,3,2.62,63,68,FALSE
Female,Loyal Customer,16,Personal Travel,Eco,551,5,2,5,3,2,5,2,2,1,3,3,4,2,3,0,5,TRUE
Male,Loyal Customer,28,Personal Travel,Eco,448,5,4,5,3,1,5,1,1,2,5,4,1,1,2.92,0,0,TRUE
Female,Loyal Customer,68,Personal Travel,Eco,347,2,3,2,4,4,2,2,3,3,2,3,1,1,2.46,0,0,FALSE
Female,Loyal Customer,37,Business Travel,Business,196,5,5,5,5,5,5,3,4,4,5,4,1,2,4.08,0,0,TRUE
Male,Loyal Customer,46,Business Travel,Business,1975,2,2,2,2,2,5,5,3,3,3,3,5,3,3.08,0,0,TRUE
Male,Loyal Customer,24,Business Travel,Business,781,3,3,2,3,4,4,4,4,2,2,5,2,4,3.23,0,0,TRUE
Female,Loyal Customer,41,Personal Travel,Eco,406,2,4,2,2,3,2,3,3,3,3,5,4,3,3,22,18,FALSE
Male,Loyal Customer,50,Personal Travel,Eco,719,4,4,4,1,1,4,1,1,4,5,4,4,1,2.92,104,110,FALSE
Female,Loyal Customer,52,Personal Travel,Eco,594,3,4,3,3,4,5,3,5,5,3,5,2,5,3.85,0,0,FALSE
Female,Disloyal Customer,26,Business Travel,Business,480,0,1,1,4,3,1,2,3,4,4,5,4,3,2.69,0,0,TRUE
Female,Disloyal Customer,24,Business Travel,Eco,95,2,3,2,4,5,2,5,5,3,4,3,3,5,3.54,0,0,FALSE
Female,Loyal Customer,41,Business Travel,Business,1608,3,3,2,3,5,2,3,3,3,3,3,2,1,2.77,0,0,FALSE
Female,Loyal Customer,68,Personal Travel,Eco,2449,1,3,1,3,1,1,1,1,4,3,2,1,1,1.77,0,18,FALSE
Male,Loyal Customer,25,Business Travel,Business,2680,2,2,2,2,5,5,5,5,4,1,1,4,5,3.31,0,0,TRUE
Female,Loyal Customer,50,Personal Travel,Eco,1014,4,2,4,3,5,4,3,5,5,4,5,2,2,3.69,28,19,FALSE
Female,Loyal Customer,65,Business Travel,Eco,416,5,1,3,1,4,2,4,5,5,5,5,1,3,3.38,66,63,TRUE
Female,Loyal Customer,47,Personal Travel,Eco,101,4,3,4,3,1,4,3,4,4,4,4,1,5,3.38,0,0,FALSE
Male,Loyal Customer,47,Business Travel,Business,1715,2,4,4,4,4,4,3,2,2,2,2,4,4,3.15,0,0,FALSE
Male,Loyal Customer,13,Personal Travel,Eco Plus,296,2,4,2,2,5,2,5,5,4,4,3,5,5,3.69,13,5,FALSE
Female,Loyal Customer,44,Personal Travel,Business,495,2,4,2,4,2,5,4,1,1,2,1,5,5,2.92,0,0,FALSE
Male,Loyal Customer,70,Personal Travel,Eco,1009,4,1,4,3,4,4,4,4,2,1,3,1,4,3,1,6,FALSE
Male,Loyal Customer,49,Personal Travel,Eco,853,2,4,2,3,2,2,1,2,4,5,4,5,2,2.92,0,0,FALSE
Male,Disloyal Customer,21,Business Travel,Eco,626,4,1,4,3,2,4,2,2,2,3,4,3,2,2.77,0,6,FALSE
Female,Loyal Customer,62,Business Travel,Eco,158,1,3,3,3,1,1,1,2,5,2,3,1,1,2.08,153,158,FALSE
Female,Loyal Customer,59,Personal Travel,Eco,541,3,5,3,1,2,5,4,2,2,3,3,4,3,3.08,0,0,FALSE
Female,Disloyal Customer,39,Business Travel,Business,190,3,3,3,3,3,3,3,3,2,1,3,4,3,2.85,0,0,FALSE
Female,Loyal Customer,28,Business Travel,Business,425,2,2,2,2,4,4,4,4,2,5,4,4,4,3.31,14,0,TRUE
Male,Loyal Customer,27,Business Travel,Business,990,3,1,1,1,3,3,3,3,2,3,3,1,3,2.31,63,53,FALSE
Male,Disloyal Customer,22,Business Travel,Eco,1089,4,4,4,1,4,2,2,5,2,3,5,2,2,3.08,0,0,TRUE
Male,Disloyal Customer,28,Business Travel,Business,997,2,3,3,3,5,3,5,5,5,3,4,4,5,3.85,11,5,FALSE
Female,Disloyal Customer,22,Business Travel,Business,74,0,5,0,5,5,0,5,5,5,3,5,4,5,3.62,0,0,TRUE
Female,Loyal Customer,40,Business Travel,Business,368,1,1,1,1,2,5,4,5,5,5,5,5,3,3.31,6,0,TRUE
Male,Disloyal Customer,37,Business Travel,Eco,170,3,1,3,3,1,3,3,1,1,5,4,2,1,2.38,0,0,FALSE
Male,Loyal Customer,61,Personal Travel,Eco,417,2,5,2,4,2,2,2,2,2,1,1,2,2,2.23,0,0,FALSE
Male,Loyal Customer,14,Personal Travel,Eco,460,4,5,4,3,3,4,3,3,3,2,5,3,3,3.46,24,21,FALSE
Male,Loyal Customer,25,Business Travel,Business,936,3,2,2,2,3,3,3,3,2,2,3,2,3,2.54,0,0,FALSE
Female,Loyal Customer,32,Business Travel,Business,332,3,3,3,3,5,5,5,5,1,5,3,2,5,3.69,0,0,TRUE
Male,Loyal Customer,48,Personal Travel,Eco,544,3,4,3,4,5,3,5,5,3,3,3,2,5,3.69,0,0,FALSE
Female,Disloyal Customer,21,Business Travel,Business,736,0,0,0,1,3,0,1,3,4,4,2,4,3,1.92,11,45,TRUE
Male,Loyal Customer,55,Business Travel,Business,1158,1,1,1,1,5,1,1,5,5,5,5,1,2,2.62,0,0,TRUE
Male,Loyal Customer,12,Personal Travel,Eco,354,3,4,4,4,1,4,1,1,3,3,4,3,1,2.77,0,0,FALSE
Female,Loyal Customer,12,Personal Travel,Eco,2565,1,3,1,4,1,1,1,1,1,3,3,5,1,2,0,2,FALSE
Male,Loyal Customer,22,Business Travel,Eco Plus,944,4,3,3,3,4,5,4,4,4,5,1,3,4,3.62,0,0,TRUE
Female,Disloyal Customer,23,Business Travel,Eco,1325,3,3,3,1,3,3,3,5,1,3,5,3,3,3,0,1,FALSE
Male,Disloyal Customer,16,Business Travel,Eco,237,3,0,3,1,4,3,4,4,1,1,3,2,4,2.54,0,0,FALSE
Male,Disloyal Customer,28,Business Travel,Business,500,1,1,1,1,4,1,4,4,3,2,5,5,4,2.77,0,0,FALSE
Male,Loyal Customer,64,Personal Travel,Eco,803,2,1,2,4,4,2,4,4,1,3,4,2,4,2.85,0,0,FALSE
Male,Loyal Customer,24,Personal Travel,Eco,134,4,0,4,4,5,4,5,5,3,5,5,4,5,4.08,0,0,FALSE
Female,Loyal Customer,47,Business Travel,Business,315,1,1,1,1,4,4,4,5,5,5,5,3,5,3.38,0,0,TRUE
Male,Loyal Customer,34,Personal Travel,Eco,250,1,4,1,5,5,1,5,5,5,4,4,4,5,3.77,0,0,FALSE
Male,Loyal Customer,60,Personal Travel,Eco,546,3,3,2,3,3,2,3,3,1,3,4,2,3,2.69,1,0,FALSE
Female,Loyal Customer,34,Business Travel,Business,2308,3,3,3,3,5,5,1,4,4,4,4,2,2,3.31,0,0,TRUE
Female,Loyal Customer,13,Personal Travel,Business,503,4,4,4,3,5,4,5,5,3,5,4,4,5,4.23,0,0,TRUE
Female,Loyal Customer,58,Business Travel,Business,3543,1,2,2,2,5,3,4,1,1,2,1,4,1,2.23,0,0,FALSE
Male,Loyal Customer,56,Personal Travel,Eco,1021,3,5,4,3,3,4,3,3,2,2,4,1,3,3.08,38,41,FALSE
Male,Loyal Customer,25,Personal Travel,Eco,1107,0,5,0,1,2,0,2,2,5,4,5,3,2,2.38,0,0,TRUE
Female,Loyal Customer,43,Business Travel,Business,1919,2,3,3,3,2,4,3,2,2,2,2,1,3,2.46,0,0,FALSE
Male,Loyal Customer,24,Personal Travel,Eco,933,4,4,4,1,4,4,4,4,5,5,4,5,4,4,11,11,FALSE
Male,Loyal Customer,43,Business Travel,Business,1987,1,1,1,1,4,5,5,4,4,4,4,3,5,3.23,0,0,TRUE
Male,Loyal Customer,8,Personal Travel,Eco,862,4,5,4,5,2,4,2,2,5,2,4,4,2,3.46,0,0,FALSE
Female,Loyal Customer,62,Personal Travel,Eco,1598,3,5,3,5,5,4,5,1,1,3,1,3,3,3.23,15,35,FALSE
Male,Loyal Customer,40,Business Travel,Business,2329,2,2,2,2,5,3,4,5,5,5,5,4,4,3.69,0,0,TRUE
Male,Disloyal Customer,36,Business Travel,Eco,162,1,5,1,4,3,1,3,3,5,4,4,1,3,2.92,9,11,FALSE
Male,Loyal Customer,47,Business Travel,Eco Plus,447,4,4,2,2,4,4,4,4,3,4,3,4,4,3.54,84,78,FALSE
Female,Loyal Customer,34,Business Travel,Business,1927,2,5,5,5,3,2,3,2,2,2,2,4,2,3,5,0,FALSE
Female,Loyal Customer,47,Personal Travel,Eco,692,3,4,3,1,4,4,4,4,4,3,5,4,3,3.54,6,6,FALSE
Male,Loyal Customer,29,Business Travel,Business,3788,1,1,1,1,4,4,4,4,4,2,5,1,4,2.77,0,0,TRUE
Female,Loyal Customer,46,Personal Travel,Eco,862,2,4,2,1,4,3,5,1,1,2,5,1,2,2.54,1,0,FALSE
Male,Loyal Customer,38,Business Travel,Eco,835,5,2,2,2,5,5,5,5,2,3,1,5,5,3.62,2,0,TRUE
Female,Loyal Customer,37,Personal Travel,Eco,957,1,2,0,3,5,0,5,5,2,4,4,1,5,2.85,29,15,FALSE
Male,Loyal Customer,39,Business Travel,Business,2895,4,4,4,4,3,5,4,5,5,5,5,3,3,4.15,4,0,TRUE
Male,Loyal Customer,66,Personal Travel,Eco,290,3,5,3,4,2,3,2,2,4,3,4,5,2,3.23,0,0,FALSE
Male,Loyal Customer,52,Business Travel,Business,1958,0,0,0,3,4,5,5,5,5,2,2,3,5,3,0,0,TRUE
Male,Disloyal Customer,39,Business Travel,Business,859,2,2,2,4,2,2,2,2,3,5,5,3,2,2.77,0,0,FALSE
Female,Loyal Customer,34,Personal Travel,Eco,845,4,5,4,3,2,4,2,2,4,2,5,5,2,3.38,0,2,FALSE
Female,Loyal Customer,15,Personal Travel,Eco,386,5,5,5,3,4,5,4,4,4,3,4,4,4,4.15,0,0,TRUE
Female,Disloyal Customer,24,Business Travel,Business,304,5,0,5,3,5,5,5,5,3,2,4,4,5,3.92,46,50,TRUE
Male,Loyal Customer,33,Business Travel,Business,2404,4,4,4,4,5,4,4,4,4,3,4,4,4,4,0,0,TRUE
Female,Loyal Customer,66,Personal Travel,Eco,733,2,4,2,1,4,5,4,3,3,2,1,1,2,2.62,0,19,FALSE
Male,Loyal Customer,41,Business Travel,Business,488,2,2,1,2,4,4,4,5,5,5,5,3,4,3.54,53,46,TRUE
Male,Loyal Customer,62,Business Travel,Eco,257,3,1,1,1,3,3,3,3,4,5,3,2,3,2.69,6,0,FALSE
Female,Loyal Customer,23,Business Travel,Eco,328,2,3,4,3,2,1,3,2,4,4,3,3,2,2.77,0,14,FALSE
Female,Loyal Customer,50,Business Travel,Business,2125,1,1,2,1,2,3,4,5,5,5,5,3,4,3.15,0,0,TRUE
Female,Loyal Customer,22,Business Travel,Eco,1542,2,4,4,4,2,3,4,2,4,2,4,1,2,2.92,0,0,FALSE
Female,Disloyal Customer,43,Business Travel,Eco,700,2,2,2,2,4,2,1,4,4,1,2,2,4,2.46,0,0,FALSE
Female,Loyal Customer,53,Business Travel,Eco,954,4,2,2,2,5,2,3,3,3,4,3,2,5,3.08,0,0,TRUE
Female,Loyal Customer,67,Business Travel,Business,1005,1,1,1,1,2,1,1,2,4,4,3,1,1,1.77,161,138,FALSE
Male,Loyal Customer,40,Personal Travel,Eco,1487,3,5,3,4,1,3,1,1,5,4,3,4,1,2.92,0,0,FALSE
Male,Loyal Customer,46,Business Travel,Business,473,1,1,1,1,5,4,4,5,5,5,5,5,3,3.46,0,0,TRUE
Female,Loyal Customer,63,Personal Travel,Eco Plus,391,1,4,1,1,3,5,5,4,4,1,4,4,5,3.23,40,63,FALSE
Female,Disloyal Customer,26,Business Travel,Eco,695,3,3,3,4,2,3,2,2,1,2,4,3,2,2.62,0,9,FALSE
Male,Disloyal Customer,22,Business Travel,Eco,542,3,0,3,1,2,3,2,2,4,2,4,1,2,2.23,22,16,FALSE
Male,Loyal Customer,58,Business Travel,Business,1581,1,1,1,1,2,5,4,4,4,4,4,3,4,2.92,0,0,TRUE
Male,Loyal Customer,63,Personal Travel,Eco,971,3,4,3,2,3,2,2,4,5,5,5,2,2,3.23,142,136,FALSE
Male,Disloyal Customer,22,Business Travel,Eco,867,4,4,4,2,4,4,4,4,3,2,5,1,4,3.46,0,7,TRUE
Female,Loyal Customer,37,Business Travel,Business,1612,3,3,3,3,4,5,5,5,5,5,5,5,5,4.31,0,7,TRUE
Female,Disloyal Customer,15,Business Travel,Business,1265,4,0,3,3,3,3,3,3,5,2,4,5,3,3.15,1,0,TRUE
Male,Loyal Customer,56,Business Travel,Business,3991,0,0,0,1,4,5,4,2,2,2,2,3,4,2.23,0,0,TRUE
Female,Disloyal Customer,27,Business Travel,Eco Plus,491,3,2,2,2,2,5,5,4,2,1,1,5,5,3,98,166,FALSE
Female,Loyal Customer,63,Personal Travel,Eco,861,1,2,1,4,4,4,4,5,5,1,5,2,1,3,0,0,FALSE
Female,Disloyal Customer,62,Business Travel,Eco,900,3,3,3,4,5,3,5,5,3,3,4,3,5,3.77,11,0,FALSE
Female,Loyal Customer,49,Business Travel,Eco,501,4,5,2,5,3,3,3,4,4,4,4,3,2,3.54,0,15,FALSE
Female,Disloyal Customer,23,Business Travel,Eco,372,1,0,1,4,5,1,5,5,4,1,3,2,5,2.85,44,40,FALSE
Male,Loyal Customer,42,Personal Travel,Eco,594,2,2,2,4,2,2,2,2,3,2,4,3,2,2.46,20,15,FALSE
Male,Disloyal Customer,20,Business Travel,Eco,240,2,2,2,4,5,2,5,5,2,1,4,3,5,3.23,61,57,FALSE
Male,Loyal Customer,16,Personal Travel,Eco,503,3,5,3,5,2,3,2,2,3,5,5,4,2,3.38,0,0,FALSE
Female,Loyal Customer,52,Personal Travel,Eco,690,3,4,3,2,4,4,4,3,3,3,4,5,4,3.54,56,49,FALSE
Female,Loyal Customer,54,Business Travel,Business,795,4,4,4,4,4,5,5,5,5,5,5,5,4,4.54,0,0,TRUE
Male,Loyal Customer,47,Personal Travel,Eco,1506,4,3,4,2,4,4,3,3,1,1,5,3,3,3.08,163,158,FALSE
Female,Loyal Customer,55,Personal Travel,Eco,612,2,5,2,2,5,1,5,1,1,2,5,1,2,2.62,0,0,FALSE
Male,Loyal Customer,41,Personal Travel,Eco,140,2,4,2,3,4,2,4,4,3,5,3,3,4,3.31,0,0,FALSE
Male,Loyal Customer,42,Business Travel,Business,480,4,4,4,4,2,5,5,4,4,4,4,3,5,4,0,0,TRUE
Female,Disloyal Customer,38,Business Travel,Business,920,4,4,4,3,2,4,2,2,5,3,4,3,2,3.23,0,0,FALSE
Male,Loyal Customer,59,Business Travel,Eco,1598,2,2,5,5,2,2,2,2,1,1,3,1,2,2.31,58,39,TRUE
Male,Loyal Customer,40,Business Travel,Business,201,2,2,2,2,3,4,5,4,4,4,5,4,3,3.38,0,0,TRUE
Female,Loyal Customer,29,Personal Travel,Eco,1986,2,3,2,4,2,2,2,4,2,3,3,2,2,2.54,176,170,FALSE
Female,Loyal Customer,25,Personal Travel,Eco,1120,1,4,1,3,1,1,1,1,5,4,5,3,1,2.38,0,0,FALSE
Female,Loyal Customer,62,Business Travel,Eco Plus,175,2,3,3,3,1,4,3,2,2,2,2,1,2,2.31,0,0,FALSE
Male,Loyal Customer,69,Personal Travel,Eco,919,3,4,3,4,3,3,3,3,5,2,5,4,3,3.46,0,8,FALSE
Male,Loyal Customer,27,Business Travel,Business,3989,5,5,5,5,5,5,5,5,5,2,4,2,5,4.46,0,0,TRUE
Female,Disloyal Customer,38,Business Travel,Business,834,2,2,2,1,2,2,5,2,5,4,5,3,2,2.85,0,0,TRUE
Female,Loyal Customer,36,Business Travel,Business,888,1,1,1,1,5,5,4,5,5,5,5,4,5,3.62,7,27,TRUE
Male,Loyal Customer,42,Business Travel,Business,1733,1,1,3,1,4,4,1,5,5,5,5,5,2,3.23,0,0,TRUE
Male,Disloyal Customer,7,Business Travel,Eco,711,4,4,4,3,2,4,3,2,2,4,3,1,2,2.92,0,0,FALSE
Male,Loyal Customer,49,Business Travel,Business,2850,5,5,1,5,2,5,4,4,4,4,4,4,4,3.92,4,7,TRUE
Female,Loyal Customer,40,Business Travel,Business,1597,2,2,3,2,2,3,4,2,2,2,2,2,2,2.31,0,0,FALSE
Male,Loyal Customer,37,Business Travel,Business,2945,2,2,2,2,5,4,3,5,5,5,5,5,2,3.62,0,13,TRUE
Male,Loyal Customer,11,Personal Travel,Eco,177,2,1,2,1,5,2,5,5,2,1,1,1,5,2.54,0,0,FALSE
Female,Disloyal Customer,25,Business Travel,Business,387,3,5,3,2,5,3,1,5,4,3,5,5,5,3.77,0,0,FALSE
Male,Loyal Customer,67,Personal Travel,Eco,287,3,5,3,1,5,3,5,5,4,4,4,4,5,3.92,0,0,FALSE
Male,Loyal Customer,44,Business Travel,Business,2487,1,1,1,1,3,5,3,4,4,4,4,5,3,3,0,0,TRUE
Female,Loyal Customer,60,Business Travel,Eco,456,2,5,3,5,2,1,3,2,2,2,2,4,1,2.62,26,8,TRUE
Male,Loyal Customer,42,Personal Travel,Eco Plus,277,3,1,3,2,4,3,4,4,1,5,3,2,4,3,2,14,FALSE
Male,Loyal Customer,18,Personal Travel,Eco,1726,4,4,4,4,3,4,3,3,3,4,5,5,3,3.77,1,0,FALSE
Male,Loyal Customer,41,Business Travel,Business,2768,5,5,5,5,4,3,4,5,5,5,5,5,2,4.46,0,0,TRUE
Female,Loyal Customer,56,Business Travel,Business,2875,0,0,0,1,3,4,5,5,5,5,5,5,5,3.31,0,0,TRUE
Male,Disloyal Customer,18,Business Travel,Eco,1162,2,2,2,4,3,2,3,3,1,3,4,4,3,2.77,0,5,FALSE
Female,Loyal Customer,49,Business Travel,Business,3842,2,2,3,2,4,4,5,2,2,2,2,4,3,2.85,0,0,TRUE
Male,Loyal Customer,58,Personal Travel,Eco,447,1,4,1,4,2,1,1,2,4,5,1,4,2,2.46,4,0,FALSE
Female,Disloyal Customer,27,Business Travel,Eco,964,2,2,2,4,4,2,5,4,2,3,4,2,4,3.08,3,0,FALSE
Female,Disloyal Customer,44,Business Travel,Business,1121,5,5,5,4,5,5,5,5,4,2,5,4,5,4.54,21,5,TRUE
Female,Loyal Customer,55,Business Travel,Business,2453,2,2,2,2,5,5,4,4,4,4,4,3,3,3.38,0,0,TRUE
Male,Loyal Customer,24,Business Travel,Business,595,2,2,2,2,2,2,2,2,1,2,4,3,2,2.15,14,6,FALSE
Male,Disloyal Customer,25,Business Travel,Eco,2586,3,3,3,4,4,3,4,4,2,1,3,3,4,3.15,0,0,FALSE
Male,Loyal Customer,55,Business Travel,Business,2464,3,3,3,3,1,2,2,4,4,4,4,4,1,2.92,19,13,TRUE
Male,Loyal Customer,57,Personal Travel,Eco,181,1,4,1,1,5,1,5,5,5,1,1,5,5,3.08,5,17,FALSE
Male,Disloyal Customer,54,Business Travel,Eco,373,1,1,1,3,3,1,5,3,4,4,4,2,3,2.69,0,0,FALSE
Female,Disloyal Customer,22,Business Travel,Eco Plus,1739,2,0,2,1,5,2,1,5,4,1,4,4,5,2.77,6,0,FALSE
Male,Loyal Customer,69,Business Travel,Business,3929,2,2,2,2,3,5,1,3,3,2,3,1,1,2.31,8,14,TRUE
Male,Disloyal Customer,15,Business Travel,Eco,864,3,3,3,2,4,3,4,4,4,3,5,5,4,3.62,15,7,FALSE
Male,Loyal Customer,42,Business Travel,Business,925,3,3,3,3,5,5,5,3,3,4,5,5,5,4,174,180,TRUE
Male,Loyal Customer,45,Business Travel,Business,3523,2,2,2,2,2,5,4,5,5,5,5,4,4,3.62,6,4,TRUE
Male,Disloyal Customer,27,Business Travel,Business,569,3,3,3,4,3,3,5,3,4,4,5,5,3,3.69,0,14,FALSE
Female,Loyal Customer,38,Personal Travel,Eco Plus,2556,3,1,3,4,3,3,3,3,1,4,4,2,3,2.85,0,0,FALSE
Male,Loyal Customer,33,Business Travel,Eco,302,5,1,1,1,5,5,5,5,1,4,5,5,5,3.69,0,0,TRUE
Female,Loyal Customer,52,Personal Travel,Eco,816,3,3,3,2,2,3,2,2,2,3,1,1,1,2.15,18,2,FALSE
Male,Disloyal Customer,16,Business Travel,Business,1892,5,0,5,1,1,5,5,1,4,2,3,4,1,2.85,6,0,TRUE
Male,Loyal Customer,39,Personal Travel,Eco,2172,4,4,4,4,1,4,5,1,5,2,5,4,1,3.38,0,0,TRUE
Male,Loyal Customer,47,Business Travel,Business,2725,4,4,4,4,5,5,5,5,5,5,5,4,3,4.46,0,0,TRUE
Male,Loyal Customer,51,Personal Travel,Eco,223,3,5,3,1,3,3,3,3,5,3,4,5,3,3.38,1,0,FALSE
Male,Loyal Customer,40,Business Travel,Eco,522,4,4,4,4,4,4,4,4,1,5,4,4,4,3.85,0,0,TRUE
Male,Loyal Customer,57,Business Travel,Business,2383,0,4,0,4,2,4,4,1,1,1,1,3,3,2.15,37,38,TRUE
Female,Disloyal Customer,27,Business Travel,Eco,196,1,0,1,2,4,1,5,4,4,3,1,3,4,2.54,0,0,FALSE
Male,Loyal Customer,60,Business Travel,Business,848,1,1,1,1,4,4,4,4,4,4,5,4,4,3.15,207,223,TRUE
Male,Disloyal Customer,18,Business Travel,Eco,868,1,2,2,4,2,2,2,2,2,1,4,2,2,2.15,14,8,FALSE
Female,Loyal Customer,35,Business Travel,Business,3566,4,4,4,4,4,4,4,4,4,4,4,3,5,4,0,0,TRUE
Male,Loyal Customer,20,Business Travel,Eco,867,2,1,2,1,2,2,4,2,2,5,4,1,2,2.31,0,0,FALSE
Female,Loyal Customer,69,Personal Travel,Eco,802,3,4,3,4,5,2,2,5,5,3,5,1,3,3.46,21,17,FALSE
Male,Loyal Customer,38,Personal Travel,Eco Plus,296,3,4,3,2,2,3,2,2,3,3,4,4,2,2.85,16,11,FALSE
Male,Loyal Customer,34,Personal Travel,Eco,337,3,5,3,1,2,3,2,2,5,3,5,4,2,3.08,0,0,FALSE
Male,Loyal Customer,72,Business Travel,Eco,395,4,4,4,4,3,4,3,3,3,5,2,3,3,3.46,2,2,FALSE
Male,Loyal Customer,44,Personal Travel,Eco Plus,192,3,5,3,1,1,3,1,1,5,5,5,5,1,3,8,3,FALSE
Female,Loyal Customer,27,Business Travel,Business,1660,3,1,4,1,3,3,3,3,1,3,3,3,3,2.62,0,4,FALSE
Female,Loyal Customer,12,Personal Travel,Eco,332,3,4,3,4,2,3,2,2,3,4,4,3,2,3,0,0,FALSE
Male,Disloyal Customer,32,Business Travel,Eco,480,3,4,3,3,3,3,3,3,2,3,4,4,3,3.15,0,0,FALSE
Female,Disloyal Customer,37,Business Travel,Eco,447,2,0,2,3,1,2,1,1,2,1,2,1,1,1.46,1,0,FALSE
Male,Loyal Customer,56,Personal Travel,Eco,874,4,0,4,4,3,4,4,3,4,4,4,3,3,3.38,0,21,FALSE
Female,Loyal Customer,41,Business Travel,Business,3933,3,3,3,3,3,3,3,5,2,5,5,3,3,3.38,190,182,TRUE
Female,Loyal Customer,49,Business Travel,Eco Plus,313,2,5,5,5,5,4,4,2,2,2,2,4,4,3.54,0,0,FALSE
Male,Loyal Customer,69,Personal Travel,Eco,192,4,5,4,2,3,4,3,3,5,2,5,4,3,3.62,33,25,FALSE
Female,Loyal Customer,18,Personal Travel,Eco,822,4,4,4,3,5,4,5,5,3,3,5,5,5,4.23,4,3,TRUE
Male,Loyal Customer,46,Personal Travel,Eco,577,3,5,3,3,4,3,4,4,4,5,5,4,4,3.92,2,0,FALSE
Female,Loyal Customer,25,Business Travel,Business,2139,4,4,4,4,2,2,2,2,3,2,5,5,2,3.15,4,2,TRUE
Male,Disloyal Customer,25,Business Travel,Eco,761,2,2,2,4,4,2,4,4,2,3,4,1,4,2.92,13,4,FALSE
Male,Loyal Customer,31,Business Travel,Business,1440,4,4,4,4,4,4,4,4,2,5,2,5,4,3.85,0,0,TRUE
Male,Loyal Customer,47,Personal Travel,Eco,920,4,2,4,3,4,4,2,4,4,4,3,4,4,3.54,0,0,FALSE
Female,Loyal Customer,42,Business Travel,Business,868,4,4,4,4,2,4,4,3,3,3,3,4,3,3.46,0,0,TRUE
Female,Loyal Customer,27,Personal Travel,Eco,992,3,5,3,2,4,3,4,4,4,4,5,3,4,3.69,28,43,FALSE
Female,Loyal Customer,41,Business Travel,Business,1836,4,4,4,4,4,5,5,3,3,3,3,5,4,3.92,0,0,TRUE
Male,Disloyal Customer,39,Business Travel,Eco,621,4,0,4,2,2,4,2,2,3,3,5,1,2,2.62,0,18,FALSE
Female,Loyal Customer,64,Personal Travel,Business,500,2,5,2,3,2,4,5,3,3,2,3,4,5,3.31,0,0,FALSE
Male,Loyal Customer,64,Personal Travel,Eco,480,0,2,0,2,4,0,2,4,2,2,3,2,4,2.08,6,1,TRUE
Female,Loyal Customer,12,Personal Travel,Eco,1390,4,4,4,4,4,4,4,4,4,5,3,4,4,4,0,0,TRUE
Female,Loyal Customer,30,Business Travel,Business,1538,2,4,4,4,2,2,2,2,1,2,2,3,2,2.46,90,78,FALSE
Female,Loyal Customer,65,Personal Travel,Eco,643,2,4,2,3,1,3,3,3,3,2,3,1,1,2.38,0,1,FALSE
Female,Loyal Customer,14,Personal Travel,Eco,594,4,3,4,4,5,4,5,5,1,2,4,2,5,3.69,1,5,FALSE
Female,Loyal Customer,13,Personal Travel,Eco Plus,809,2,3,2,4,5,2,5,5,1,5,4,3,5,3.54,24,22,FALSE
Female,Loyal Customer,37,Business Travel,Business,3974,4,4,4,4,2,4,4,4,4,4,4,1,4,3.62,0,,FALSE
Female,Disloyal Customer,20,Business Travel,Eco,479,4,5,4,4,2,4,2,2,4,5,3,5,2,3.54,0,0,TRUE
Male,Loyal Customer,14,Personal Travel,Eco,446,2,4,2,2,1,2,1,1,3,3,4,5,1,2.38,9,8,FALSE
Male,Loyal Customer,36,Personal Travel,Eco,1192,2,4,2,1,1,2,1,1,5,2,4,3,1,2.23,0,5,FALSE
Female,Disloyal Customer,26,Business Travel,Eco,585,5,3,5,4,3,5,5,3,5,2,4,5,3,4,31,0,TRUE
Male,Loyal Customer,56,Business Travel,Business,1830,3,4,4,4,2,4,4,1,1,1,3,2,2,2.69,0,0,FALSE
Female,Loyal Customer,51,Business Travel,Eco,337,1,1,5,1,1,3,2,1,1,1,1,2,2,1.69,0,0,FALSE
Male,Loyal Customer,47,Business Travel,Business,197,0,4,0,3,4,4,4,5,5,5,2,3,3,3.23,5,0,TRUE
Male,Loyal Customer,45,Business Travel,Business,781,3,4,4,4,5,4,4,3,3,3,3,4,3,3.62,13,14,FALSE
Female,Loyal Customer,25,Personal Travel,Eco,409,1,5,1,3,1,1,1,1,3,4,4,4,1,2.31,0,0,FALSE
Male,Loyal Customer,42,Business Travel,Business,558,3,3,3,3,3,4,2,2,2,2,2,1,3,2.54,0,0,TRUE
Male,Loyal Customer,53,Personal Travel,Eco,907,1,5,1,3,3,1,3,3,5,4,5,5,3,3.23,2,0,FALSE
Female,Disloyal Customer,38,Business Travel,Business,602,3,3,3,3,5,3,5,5,3,2,4,4,5,3.69,13,0,FALSE
Male,Loyal Customer,22,Personal Travel,Eco,694,2,5,2,3,4,2,4,4,4,3,4,5,4,3.54,11,0,FALSE
Male,Loyal Customer,62,Personal Travel,Eco,1865,3,5,3,4,5,3,5,5,2,4,5,4,5,4.08,0,0,FALSE
Male,Disloyal Customer,20,Business Travel,Eco,304,0,0,0,3,1,0,1,1,3,3,4,3,1,1.54,0,0,TRUE
Male,Loyal Customer,35,Business Travel,Eco,1056,1,3,3,3,1,1,1,1,3,4,3,4,1,2.23,21,24,FALSE
Male,Loyal Customer,23,Personal Travel,Eco Plus,1096,3,5,3,3,3,3,5,3,5,5,4,4,3,3.77,0,,FALSE
Male,Disloyal Customer,32,Business Travel,Business,373,3,3,3,2,4,3,4,4,5,2,5,3,4,3.46,53,43,FALSE
Male,Loyal Customer,59,Business Travel,Eco,756,3,3,3,3,4,3,4,4,2,4,2,2,4,3.15,0,0,FALSE
Female,Disloyal Customer,23,Business Travel,Eco,236,1,4,1,2,3,1,3,3,5,2,5,4,3,2.85,17,18,FALSE
Female,Loyal Customer,29,Personal Travel,Eco,488,2,1,2,3,5,2,3,5,2,5,4,2,5,3.15,0,0,FALSE
Male,Loyal Customer,46,Business Travel,Business,3245,4,5,5,5,4,3,3,4,4,4,4,4,2,3.92,3,0,FALSE
Male,Disloyal Customer,19,Business Travel,Business,1188,4,3,5,1,5,5,5,3,5,5,5,5,5,4.31,0,35,TRUE
Female,Disloyal Customer,21,Business Travel,Eco,474,3,0,4,3,4,4,4,4,3,1,5,2,4,3.15,0,0,FALSE
Male,Loyal Customer,27,Personal Travel,Eco,280,1,2,1,3,3,1,1,3,4,5,2,4,3,2.54,11,5,FALSE
Female,Loyal Customer,34,Personal Travel,Eco,1640,1,5,1,3,2,1,4,2,4,2,4,4,2,2.69,57,49,FALSE
Male,Loyal Customer,42,Business Travel,Business,628,1,1,1,1,4,1,4,4,4,4,4,1,2,2.46,94,101,TRUE
Male,Loyal Customer,27,Business Travel,Business,1617,4,4,4,4,5,5,5,5,4,1,4,5,5,4.23,0,0,TRUE
Female,Loyal Customer,34,Business Travel,Business,2248,3,3,3,3,3,5,4,4,4,4,4,5,4,3.77,0,1,TRUE
Male,Loyal Customer,41,Personal Travel,Eco,228,2,5,2,4,3,2,3,3,4,2,5,5,3,3.31,0,19,FALSE
Male,Disloyal Customer,22,Business Travel,Business,190,0,4,0,2,4,0,4,4,5,5,4,5,4,3.15,0,0,TRUE
Male,Disloyal Customer,59,Business Travel,Eco,460,3,3,3,4,2,3,2,2,3,1,4,4,2,2.77,54,52,FALSE
Male,Loyal Customer,57,Business Travel,Business,3697,1,1,1,1,2,4,4,5,5,5,5,4,4,3.23,0,0,TRUE
Male,Loyal Customer,44,Business Travel,Business,3377,4,4,4,4,4,5,4,5,5,5,5,5,4,4.46,0,0,TRUE
Male,Loyal Customer,38,Business Travel,Business,153,2,1,1,1,2,4,3,1,1,1,2,1,2,1.69,0,0,FALSE
Female,Loyal Customer,51,Business Travel,Business,1858,3,3,4,3,2,5,5,4,4,4,4,4,5,3.85,35,11,TRUE
Female,Loyal Customer,54,Business Travel,Business,453,3,5,5,5,3,4,4,3,3,3,3,4,1,3.54,91,80,FALSE
Female,Disloyal Customer,26,Business Travel,Eco,377,4,2,4,3,1,4,1,1,1,1,2,4,1,2.23,0,0,FALSE
Male,Loyal Customer,53,Personal Travel,Eco,130,3,2,3,3,5,3,1,5,4,4,4,1,5,3.31,2,0,FALSE
Male,Loyal Customer,37,Business Travel,Business,3971,2,2,2,2,1,3,4,2,2,2,2,3,2,2.23,0,0,FALSE
Female,Loyal Customer,54,Business Travel,Business,3519,4,4,4,4,4,5,5,5,5,5,5,4,5,4.54,10,8,TRUE
Female,Disloyal Customer,13,Business Travel,Eco,1107,2,2,2,3,1,2,1,1,1,1,4,1,1,1.69,13,7,FALSE
Female,Loyal Customer,38,Business Travel,Eco,1056,5,5,2,5,5,5,5,5,4,5,1,3,5,4.23,0,0,TRUE
Female,Loyal Customer,58,Business Travel,Eco,109,5,2,2,2,5,5,5,4,4,5,4,4,2,3.77,0,0,TRUE
Male,Loyal Customer,37,Business Travel,Business,270,5,5,5,5,5,4,4,5,5,5,5,4,4,4.69,95,93,TRUE
Male,Loyal Customer,41,Business Travel,Business,575,2,2,2,2,5,3,3,4,4,4,4,1,5,3.15,0,0,TRUE
Male,Loyal Customer,42,Business Travel,Business,3941,3,3,3,3,5,5,4,3,3,4,3,5,3,3.62,0,0,TRUE
Female,Disloyal Customer,25,Business Travel,Eco,1034,4,4,4,5,4,4,4,4,1,5,5,5,4,4.08,0,0,TRUE
Male,Loyal Customer,26,Business Travel,Business,1452,5,5,5,5,4,4,4,4,3,3,4,5,4,4.23,22,5,TRUE
Female,Loyal Customer,36,Personal Travel,Eco Plus,692,1,5,1,3,1,3,3,4,4,4,5,3,3,3.08,163,142,FALSE
Male,Disloyal Customer,44,Business Travel,Eco,1956,2,1,1,2,1,2,1,1,2,2,1,2,1,1.46,106,93,FALSE
Male,Disloyal Customer,25,Business Travel,Eco,1310,3,3,3,4,5,3,5,5,4,4,5,5,5,4.15,17,19,FALSE
Male,Loyal Customer,39,Business Travel,Business,409,2,2,3,2,5,4,4,3,3,4,3,3,3,3.15,0,0,TRUE
Male,Disloyal Customer,26,Business Travel,Eco,401,0,0,0,4,0,2,2,1,1,3,3,2,2,1.54,177,163,TRUE
Male,Loyal Customer,51,Business Travel,Eco,282,4,2,3,2,4,4,4,4,4,3,2,5,4,3.46,0,0,TRUE
Male,Disloyal Customer,24,Business Travel,Eco,862,4,4,4,3,5,4,5,5,1,4,4,2,5,3.85,6,13,FALSE
Male,Loyal Customer,31,Business Travel,Business,2332,3,1,1,1,3,3,3,3,4,3,4,3,3,2.69,9,9,FALSE
Female,Loyal Customer,56,Business Travel,Business,3304,2,1,3,3,2,3,3,2,2,2,2,4,4,2.54,13,11,FALSE
Male,Loyal Customer,51,Business Travel,Business,653,3,3,3,3,2,2,3,5,5,5,5,1,4,3.38,0,0,TRUE
Male,Loyal Customer,33,Personal Travel,Eco,733,4,1,3,4,3,3,3,3,1,3,4,2,3,2.85,0,0,FALSE
Female,Loyal Customer,62,Business Travel,Business,1769,2,2,2,2,5,3,3,2,2,2,2,3,1,2.38,20,16,FALSE
Male,Loyal Customer,43,Business Travel,Business,2844,4,4,4,4,4,5,4,2,2,2,2,5,5,3.62,21,28,TRUE
Male,Loyal Customer,48,Business Travel,Business,1824,2,2,2,2,5,4,4,5,5,5,5,3,3,3.62,0,0,TRUE
Female,Loyal Customer,40,Business Travel,Business,345,0,0,0,2,2,4,4,2,2,2,1,3,4,2,0,0,TRUE
Male,Loyal Customer,44,Business Travel,Business,3419,0,4,0,3,4,4,4,1,1,1,1,4,3,2.31,0,0,TRUE
Female,Loyal Customer,21,Personal Travel,Business,612,2,5,2,2,1,2,1,1,4,5,4,4,1,2.62,14,4,FALSE
Male,Disloyal Customer,23,Business Travel,Eco,783,1,1,1,3,3,1,3,3,5,2,4,4,3,2.62,30,25,FALSE
Male,Loyal Customer,23,Business Travel,Business,1090,5,5,5,5,2,2,2,2,3,2,4,3,2,3.23,5,5,TRUE
Female,Loyal Customer,38,Personal Travel,Eco,1197,3,4,3,4,3,3,3,3,1,2,3,4,3,3,0,0,FALSE
Male,Loyal Customer,39,Business Travel,Business,1599,1,1,1,1,2,5,4,4,4,4,4,3,3,2.85,0,0,TRUE
Male,Loyal Customer,36,Business Travel,Business,369,3,3,3,3,5,1,2,4,4,4,4,5,2,3.31,0,0,TRUE
Male,Disloyal Customer,36,Business Travel,Business,134,2,1,1,1,4,1,4,4,4,2,5,4,4,2.85,0,0,FALSE
Male,Disloyal Customer,24,Business Travel,Eco,319,4,4,4,4,4,4,4,4,2,5,3,3,4,3.77,52,62,FALSE
Male,Loyal Customer,62,Business Travel,Eco,833,3,1,4,1,3,3,3,3,4,4,3,2,3,2.85,0,2,FALSE
Male,Loyal Customer,30,Business Travel,Eco,583,2,3,3,3,2,1,2,2,2,1,3,4,2,2.31,0,0,FALSE
Male,Loyal Customer,51,Business Travel,Business,1701,2,2,2,2,5,5,4,5,5,5,5,3,5,3.85,2,0,TRUE
Male,Loyal Customer,14,Personal Travel,Eco,1162,2,5,2,2,4,2,4,4,5,4,5,3,4,3.54,19,16,FALSE
Male,Loyal Customer,26,Business Travel,Business,472,1,5,3,5,1,1,1,1,1,2,4,1,1,2.08,0,0,FALSE
Male,Loyal Customer,25,Business Travel,Business,1009,3,3,3,3,3,4,3,3,4,5,3,3,3,3.31,1,1,FALSE
Male,Loyal Customer,26,Business Travel,Eco,937,5,1,1,1,5,5,4,5,3,3,2,1,5,3.15,0,0,TRUE
Male,Loyal Customer,64,Business Travel,Eco,144,5,3,3,3,5,5,5,5,2,2,2,3,5,3.69,0,1,TRUE
Female,Loyal Customer,60,Business Travel,Business,3261,2,2,2,2,2,3,4,2,2,2,2,2,3,2.31,89,87,FALSE
Female,Disloyal Customer,26,Business Travel,Eco,834,5,5,5,4,1,5,5,1,2,1,2,3,1,3.08,0,0,TRUE
Male,Loyal Customer,25,Business Travel,Eco,603,3,3,3,3,3,3,3,3,4,4,4,1,3,3.08,0,0,FALSE
Female,Disloyal Customer,55,Business Travel,Eco,370,3,4,3,2,5,3,5,5,3,4,2,1,5,3.46,4,3,FALSE
Male,Loyal Customer,41,Business Travel,Eco,337,4,3,3,3,4,4,4,4,3,5,3,3,4,3.62,2,0,FALSE
Male,Loyal Customer,70,Business Travel,Business,696,4,3,3,3,2,4,3,4,4,4,4,2,4,3.38,33,33,FALSE
Male,Loyal Customer,40,Personal Travel,Eco,140,4,5,0,1,3,0,3,3,4,1,2,2,3,2.38,82,107,FALSE
Female,Loyal Customer,40,Business Travel,Business,1972,4,4,3,4,4,4,4,5,5,5,5,5,3,4.23,4,3,TRUE
Female,Loyal Customer,20,Personal Travel,Eco,1979,2,4,2,3,3,2,3,3,3,2,4,3,3,2.85,4,0,FALSE
Male,Loyal Customer,20,Personal Travel,Eco,481,1,1,1,4,1,1,1,1,2,3,4,4,1,1.92,0,0,FALSE
Male,Loyal Customer,58,Business Travel,Business,1846,1,1,1,1,2,3,4,2,2,2,2,3,3,2.08,7,0,TRUE
Female,Loyal Customer,25,Business Travel,Business,1999,2,3,2,3,2,2,2,2,4,3,2,1,2,2.31,0,0,FALSE
Male,Loyal Customer,50,Business Travel,Eco,261,4,3,3,3,4,4,4,4,5,5,1,3,4,3.62,0,0,TRUE
Female,Loyal Customer,54,Business Travel,Business,1276,3,5,5,5,3,3,3,3,3,3,3,4,1,3.38,16,31,FALSE
Male,Disloyal Customer,25,Business Travel,Business,502,1,5,1,4,5,1,5,5,3,5,4,3,5,3.62,18,2,FALSE
Female,Loyal Customer,44,Business Travel,Eco,700,2,3,3,3,2,2,2,4,1,4,3,2,2,2.54,307,293,FALSE
Female,Loyal Customer,10,Personal Travel,Eco,1020,3,0,3,2,2,3,2,2,3,5,4,3,2,2.62,0,0,FALSE
Female,Disloyal Customer,36,Business Travel,Business,507,3,3,3,4,1,3,1,1,3,4,4,3,1,2.62,0,0,FALSE
Female,Loyal Customer,55,Business Travel,Business,2639,3,3,3,3,3,5,5,5,5,5,5,5,4,4.15,0,0,TRUE
Male,Loyal Customer,40,Business Travel,Business,2058,0,0,0,1,3,5,5,3,3,3,3,3,4,2.54,0,12,TRUE
Female,Disloyal Customer,27,Business Travel,Business,328,3,3,3,3,5,3,5,5,5,3,4,3,5,3.85,31,19,FALSE
Female,Loyal Customer,25,Business Travel,Business,2297,2,4,4,4,2,2,2,2,2,1,3,3,2,2.54,0,0,FALSE
Female,Loyal Customer,47,Business Travel,Business,1724,5,5,5,5,3,5,5,4,4,4,4,3,5,4.38,0,0,TRUE
Male,Loyal Customer,61,Business Travel,Business,3347,1,1,1,1,3,5,5,5,5,5,5,4,5,3.54,12,15,TRUE
Male,Loyal Customer,28,Personal Travel,Eco,909,4,3,4,3,2,4,2,2,4,4,3,1,2,2.92,66,62,TRUE
Female,Loyal Customer,47,Business Travel,Business,2176,1,1,1,1,3,3,4,5,5,5,5,4,5,3.31,0,0,TRUE
Female,Loyal Customer,45,Business Travel,Business,2461,1,1,1,1,5,5,4,4,4,4,4,5,3,3.23,0,0,TRUE
Male,Loyal Customer,62,Business Travel,Business,812,3,3,3,3,4,3,3,3,3,4,3,1,2,2.92,0,14,FALSE
Female,Loyal Customer,56,Business Travel,Business,1438,1,1,1,1,5,4,5,5,5,5,5,5,3,3.54,0,0,TRUE
Female,Disloyal Customer,38,Business Travel,Business,224,1,1,1,4,4,1,4,4,5,3,4,4,4,3.08,0,0,FALSE
Male,Loyal Customer,36,Business Travel,Business,622,2,3,3,3,1,3,2,2,2,2,2,3,2,2.31,51,122,FALSE
Male,Loyal Customer,33,Personal Travel,Eco,425,4,0,4,1,5,4,5,5,3,5,5,3,5,3.77,10,3,FALSE
Male,Loyal Customer,38,Business Travel,Business,628,3,3,3,3,2,4,4,4,4,5,4,5,3,3.62,0,16,TRUE
Male,Loyal Customer,40,Business Travel,Eco,228,4,3,5,3,4,4,4,4,3,4,3,3,4,3.69,0,0,FALSE
Male,Loyal Customer,24,Business Travel,Eco,948,4,5,5,5,4,4,5,4,5,5,4,5,4,4.54,0,0,TRUE
Female,Loyal Customer,34,Personal Travel,Eco,134,1,0,1,2,1,1,1,1,4,2,5,4,1,1.85,21,25,FALSE
Male,Loyal Customer,30,Personal Travel,Eco,731,2,2,2,4,1,2,1,1,2,2,4,1,1,1.92,5,0,FALSE
Female,Loyal Customer,42,Business Travel,Business,2747,2,2,2,2,4,4,3,2,2,2,2,4,2,2.54,43,55,FALSE
Male,Loyal Customer,41,Business Travel,Eco,762,5,4,1,4,5,5,5,5,2,2,4,2,5,3.77,0,6,TRUE
Female,Loyal Customer,59,Business Travel,Business,931,2,2,5,2,2,5,5,3,3,3,3,5,4,3.38,0,17,TRUE
Female,Loyal Customer,19,Personal Travel,Eco Plus,441,1,1,1,3,5,1,5,5,3,5,3,3,5,3.15,70,60,FALSE
Female,Loyal Customer,49,Business Travel,Business,1931,3,3,3,3,4,4,5,2,2,2,2,5,4,3.23,19,12,TRUE
Male,Loyal Customer,48,Business Travel,Business,2611,4,4,1,4,2,4,5,5,5,5,5,3,5,4,0,0,TRUE
Male,Loyal Customer,45,Business Travel,Business,351,2,3,2,2,5,4,5,4,4,4,4,3,1,3.31,0,3,TRUE
Female,Disloyal Customer,36,Business Travel,Business,436,3,3,3,3,2,3,2,2,4,5,3,1,2,2.77,0,0,FALSE
Female,Disloyal Customer,36,Business Travel,Eco,1031,2,2,2,3,3,2,3,3,2,2,4,3,3,2.62,7,4,FALSE
Male,Loyal Customer,18,Personal Travel,Eco,109,4,4,0,2,3,0,3,3,4,1,1,3,3,2.38,34,24,FALSE
Female,Loyal Customer,40,Business Travel,Eco,1123,3,3,3,3,3,3,3,3,4,1,3,1,3,2.77,0,0,FALSE
Female,Disloyal Customer,25,Business Travel,Business,1124,5,5,5,1,2,5,3,2,3,2,4,4,2,3.31,1,0,TRUE
Male,Loyal Customer,36,Business Travel,Eco,246,4,4,4,4,4,4,4,4,4,2,1,2,4,3.46,0,0,TRUE
Female,Loyal Customer,62,Personal Travel,Eco,929,4,5,4,3,3,5,5,5,5,4,1,5,4,4.08,0,0,FALSE
Male,Loyal Customer,40,Business Travel,Business,3325,3,2,2,2,4,4,4,3,3,4,3,2,2,2.92,50,50,FALSE
Male,Disloyal Customer,19,Business Travel,Business,1464,5,0,5,5,4,5,4,4,4,5,4,5,4,4.15,0,0,TRUE
Female,Loyal Customer,44,Business Travel,Business,859,2,4,4,4,1,2,3,2,2,2,2,1,1,2.31,15,23,FALSE
Male,Loyal Customer,35,Business Travel,Business,3246,5,5,4,5,5,1,4,4,4,4,4,4,4,4.08,7,12,TRUE
Female,Disloyal Customer,27,Business Travel,Eco,214,3,5,3,3,4,3,4,4,1,1,5,1,4,3.15,0,0,FALSE
Male,Loyal Customer,58,Business Travel,Business,562,3,3,3,3,3,4,5,4,4,4,4,3,5,3.69,0,0,TRUE
Male,Loyal Customer,48,Business Travel,Business,2182,2,2,2,2,3,5,4,5,5,5,5,3,3,3.54,10,0,TRUE
Female,Disloyal Customer,22,Business Travel,Business,707,5,0,5,3,1,5,1,1,3,4,5,5,1,3,0,0,TRUE
Male,Loyal Customer,44,Business Travel,Business,3898,4,5,5,5,1,3,4,4,4,4,4,1,3,3.62,0,0,FALSE
Male,Loyal Customer,10,Personal Travel,Eco,1315,4,4,5,3,1,5,1,1,5,2,5,4,1,3.15,0,0,TRUE
Male,Disloyal Customer,15,Business Travel,Eco,526,4,5,4,3,2,4,2,2,3,3,3,5,2,3.23,19,25,TRUE
Male,Loyal Customer,48,Business Travel,Business,3354,4,4,4,4,5,5,4,4,4,4,4,3,4,4.08,0,0,TRUE
Female,Loyal Customer,49,Business Travel,Business,3313,1,5,5,5,1,4,4,1,1,1,1,3,2,2.62,21,18,FALSE
Male,Loyal Customer,18,Personal Travel,Business,1972,1,0,1,2,3,1,2,3,4,5,5,5,3,2.69,13,15,FALSE
Male,Loyal Customer,30,Business Travel,Business,1400,4,1,1,1,4,4,4,4,2,3,4,1,4,2.85,6,9,FALSE
Male,Disloyal Customer,35,Business Travel,Eco,931,2,2,2,4,5,2,5,5,2,5,4,4,5,3.62,0,0,FALSE
Female,Loyal Customer,38,Personal Travel,Eco,808,3,3,3,4,3,3,3,3,3,1,4,4,3,3.08,0,0,FALSE
Female,Loyal Customer,27,Personal Travel,Eco Plus,829,2,5,2,5,3,2,3,3,5,3,5,3,3,3.38,1,0,FALSE
Male,Loyal Customer,65,Personal Travel,Eco,784,3,4,2,4,5,2,5,5,5,2,4,4,5,3.85,0,0,FALSE
Female,Loyal Customer,44,Business Travel,Business,1992,5,5,5,5,3,4,4,4,4,4,4,5,4,4.31,2,3,TRUE
Female,Loyal Customer,58,Business Travel,Business,667,5,5,5,5,3,5,5,3,3,2,3,3,3,3.85,3,0,TRUE
Male,Loyal Customer,43,Business Travel,Business,1608,5,5,5,5,3,4,4,5,5,4,5,3,5,4.46,0,0,TRUE
Male,Loyal Customer,31,Business Travel,Business,916,4,4,4,4,4,4,4,4,4,5,5,1,4,3.92,0,3,TRUE
Male,Loyal Customer,70,Personal Travel,Eco,767,2,4,2,4,5,2,5,5,5,5,5,3,5,4,68,98,FALSE
Female,Disloyal Customer,54,Business Travel,Eco Plus,1514,1,1,1,3,4,1,3,4,3,1,2,2,4,2.31,0,0,FALSE
Male,Loyal Customer,61,Business Travel,Business,2738,2,2,2,2,5,5,4,4,4,4,4,4,4,3.54,0,0,TRUE
Male,Loyal Customer,41,Business Travel,Business,762,1,5,5,5,2,3,3,1,1,1,1,4,2,2.62,33,45,FALSE
Female,Loyal Customer,51,Business Travel,Business,1521,3,3,3,3,4,5,4,2,2,2,2,4,5,3.23,0,3,TRUE
Female,Loyal Customer,55,Personal Travel,Eco Plus,964,4,4,4,3,3,5,5,2,2,4,2,5,5,3.69,4,0,TRUE
Male,Loyal Customer,71,Business Travel,Eco Plus,366,4,4,4,4,4,4,4,4,4,2,4,4,4,3.85,0,0,FALSE
Female,Loyal Customer,24,Business Travel,Business,3326,2,5,2,2,5,5,5,5,3,3,1,2,5,3.46,0,2,TRUE
Female,Loyal Customer,30,Business Travel,Eco Plus,1056,2,3,3,3,2,2,2,2,2,3,4,1,2,2.38,0,21,FALSE
Male,Loyal Customer,45,Personal Travel,Eco,148,0,5,0,2,3,0,3,3,1,5,2,4,3,2.38,0,0,TRUE
Female,Disloyal Customer,27,Business Travel,Eco,216,1,0,1,4,4,1,4,4,1,5,2,2,4,2.54,0,0,FALSE
Female,Loyal Customer,50,Business Travel,Eco,409,1,2,1,1,4,3,4,1,1,1,1,2,3,1.92,22,7,FALSE
Male,Disloyal Customer,12,Business Travel,Eco,2486,1,1,1,4,1,1,1,1,2,3,3,1,1,1.62,1,4,FALSE
Male,Loyal Customer,55,Business Travel,Business,2300,3,3,3,3,4,5,4,5,5,5,5,3,5,4.08,0,3,TRUE
Female,Disloyal Customer,7,Business Travel,Eco,999,4,4,4,4,4,4,4,3,5,3,3,4,4,3.85,15,46,FALSE
Male,Loyal Customer,34,Business Travel,Business,3036,3,3,3,3,2,5,4,5,5,5,3,4,3,3.69,0,0,TRUE
Male,Loyal Customer,48,Business Travel,Business,1023,1,1,1,1,4,4,4,5,5,5,5,5,5,3.54,61,49,TRUE
Female,Loyal Customer,54,Business Travel,Business,1696,2,2,2,2,5,5,4,5,5,5,5,3,5,3.85,0,0,TRUE
Female,Disloyal Customer,11,Business Travel,Eco,885,2,2,2,3,4,2,4,4,5,2,4,3,4,3.15,0,0,FALSE
Female,Loyal Customer,21,Personal Travel,Business,325,2,3,2,3,3,2,3,3,4,1,1,3,3,2.54,14,17,FALSE
Female,Loyal Customer,75,Business Travel,Eco,248,2,1,1,1,2,1,2,2,2,2,2,1,3,1.69,0,0,FALSE
Female,Loyal Customer,40,Personal Travel,Eco,419,3,3,3,4,3,3,3,3,4,3,4,2,3,3.15,0,0,FALSE
Male,Disloyal Customer,50,Business Travel,Business,1012,2,2,2,3,3,2,4,3,4,5,4,5,3,3.23,40,27,FALSE
Male,Loyal Customer,31,Business Travel,Eco,526,4,3,4,3,4,4,4,4,2,1,1,5,4,3.31,8,24,TRUE
Female,Loyal Customer,41,Personal Travel,Eco,229,3,5,3,4,5,3,5,5,4,4,5,3,5,4.15,25,20,FALSE
Male,Loyal Customer,14,Personal Travel,Eco,2475,3,2,2,4,1,2,1,1,4,4,4,3,1,2.46,29,,FALSE
Male,Loyal Customer,47,Business Travel,Eco Plus,1587,2,2,2,2,2,2,2,2,3,2,2,4,2,2.23,0,0,FALSE
Female,Disloyal Customer,19,Business Travel,Eco,1084,1,1,1,3,5,1,5,5,4,2,4,4,5,3.15,71,55,FALSE
Male,Loyal Customer,56,Personal Travel,Eco,224,3,4,3,3,3,3,3,3,5,4,4,4,3,3.46,0,0,FALSE
Male,Disloyal Customer,12,Business Travel,Eco,1288,3,3,3,5,2,3,2,2,3,5,5,4,2,3.23,0,0,FALSE
Male,Loyal Customer,27,Business Travel,Business,2894,3,4,3,3,2,2,2,4,2,1,3,2,2,2.54,134,117,TRUE
Female,Disloyal Customer,24,Business Travel,Eco,557,2,0,2,1,3,2,3,3,3,2,5,3,3,2.46,19,20,FALSE
Male,Loyal Customer,53,Business Travel,Business,473,3,3,3,3,4,5,5,4,4,4,4,5,5,4,0,7,TRUE
Male,Loyal Customer,56,Business Travel,Eco Plus,248,1,1,5,1,1,1,1,1,2,2,2,1,1,1.54,13,11,FALSE
Female,Loyal Customer,77,Business Travel,Business,3639,1,1,4,1,1,3,1,4,4,4,5,2,2,2.54,0,2,TRUE
Male,Disloyal Customer,21,Business Travel,Business,927,4,4,4,2,3,4,3,3,5,3,4,3,3,3.46,0,0,TRUE
Female,Loyal Customer,28,Business Travel,Business,2288,4,4,4,4,4,4,4,4,5,5,3,3,4,4,0,0,TRUE
Male,Loyal Customer,62,Personal Travel,Eco,1979,3,1,3,3,2,3,2,2,4,1,3,3,2,2.46,0,0,FALSE
Female,Disloyal Customer,28,Business Travel,Eco,542,3,0,3,1,3,3,3,3,5,1,2,3,3,2.54,5,4,FALSE
Male,Loyal Customer,12,Personal Travel,Eco Plus,2399,3,4,2,3,2,2,2,2,1,3,4,3,2,2.54,0,9,FALSE
Female,Loyal Customer,27,Business Travel,Business,787,3,3,3,3,5,5,5,5,3,5,5,4,5,4.15,0,4,TRUE
Female,Loyal Customer,67,Personal Travel,Eco,1005,3,5,3,3,2,5,5,4,4,3,5,3,5,3.85,0,0,FALSE
Male,Disloyal Customer,30,Business Travel,Business,1547,2,2,2,4,1,2,2,1,2,3,3,1,1,2,0,0,FALSE
Female,Loyal Customer,57,Business Travel,Eco,788,4,3,5,3,2,2,3,4,4,4,4,5,1,3.38,0,0,TRUE
Female,Loyal Customer,32,Business Travel,Business,3212,5,5,5,5,4,4,4,4,4,2,4,4,4,4.15,0,5,TRUE
Male,Disloyal Customer,27,Business Travel,Eco,1488,4,4,4,3,2,4,1,2,3,5,2,3,2,3,0,0,FALSE
Male,Disloyal Customer,26,Business Travel,Business,229,4,0,4,5,1,4,1,1,1,3,4,4,1,2.54,0,0,TRUE
Female,Loyal Customer,21,Personal Travel,Eco,1069,2,5,2,1,1,2,1,1,5,1,2,2,1,2,0,0,FALSE
Female,Loyal Customer,10,Personal Travel,Eco,247,4,1,4,3,2,4,2,2,4,4,2,2,2,2.77,5,0,FALSE
Female,Loyal Customer,52,Business Travel,Business,1620,1,1,1,1,5,4,4,2,2,2,2,4,4,2.54,18,5,TRUE
Male,Loyal Customer,54,Business Travel,Business,3098,3,3,3,3,1,1,1,5,5,5,5,5,2,3.23,0,0,TRUE
Female,Loyal Customer,20,Business Travel,Eco,1034,0,5,0,2,5,0,5,5,5,2,1,3,5,2.92,0,0,TRUE
Male,Loyal Customer,70,Personal Travel,Eco,488,3,2,3,3,4,3,3,4,2,3,3,4,4,3.15,0,0,FALSE
Female,Loyal Customer,39,Business Travel,Eco,444,1,2,2,2,1,1,1,1,4,5,3,1,1,1.92,29,23,FALSE
Female,Loyal Customer,40,Business Travel,Business,3492,2,2,2,2,5,4,4,3,3,4,3,4,3,3.15,0,0,TRUE
Female,Loyal Customer,36,Business Travel,Eco,1773,2,3,3,3,2,2,2,2,1,5,3,1,2,2.38,0,0,FALSE
Male,Loyal Customer,41,Business Travel,Business,198,5,5,5,5,4,4,4,4,4,4,4,5,4,4.38,0,0,TRUE
Male,Loyal Customer,67,Personal Travel,Eco,391,5,4,5,3,3,5,3,3,3,5,4,3,3,3.77,0,0,TRUE
Female,Loyal Customer,16,Personal Travel,Eco Plus,102,2,1,2,2,3,2,3,3,4,4,2,3,3,2.62,0,0,FALSE
Male,Loyal Customer,52,Business Travel,Eco,2475,4,2,2,2,4,4,4,5,2,5,4,4,4,3.54,0,25,TRUE
Male,Loyal Customer,45,Personal Travel,Eco Plus,916,4,4,4,4,2,4,2,2,4,2,5,3,2,3.23,6,5,FALSE
Female,Loyal Customer,36,Personal Travel,Eco,300,5,2,5,2,2,5,2,2,4,5,2,2,2,3.08,0,0,TRUE
Female,Loyal Customer,31,Personal Travel,Eco,255,3,5,3,1,3,1,1,5,3,3,1,1,1,2.38,164,156,FALSE
Female,Disloyal Customer,37,Business Travel,Business,108,5,5,5,3,2,5,2,2,5,3,5,3,2,3.62,0,0,TRUE
Male,Loyal Customer,37,Business Travel,Business,2541,4,4,4,4,3,4,2,4,4,4,4,4,3,3.69,0,0,TRUE
Male,Loyal Customer,54,Business Travel,Business,95,4,4,4,4,2,2,4,4,4,4,5,4,4,3.77,2,0,TRUE
Male,Loyal Customer,65,Personal Travel,Eco,1605,3,4,3,2,2,3,2,2,4,4,4,4,2,3,0,0,FALSE
Female,Loyal Customer,45,Business Travel,Eco,397,4,4,4,4,3,3,2,4,4,4,4,2,1,3.31,1,6,TRUE
Male,Loyal Customer,8,Business Travel,Business,907,4,5,5,5,4,4,4,4,2,1,3,3,4,3.69,0,0,FALSE
Male,Loyal Customer,31,Personal Travel,Eco,808,2,5,1,3,2,1,2,2,4,5,2,3,2,2.62,4,1,FALSE
Female,Loyal Customer,49,Personal Travel,Eco,258,1,3,1,5,3,5,1,1,1,1,1,1,2,2,39,37,FALSE
Female,Loyal Customer,12,Personal Travel,Eco,1076,2,4,2,3,3,2,3,3,5,5,5,4,3,3.38,0,0,FALSE
Female,Disloyal Customer,23,Business Travel,Eco,289,2,4,2,1,4,2,1,4,3,3,4,4,4,2.92,0,0,FALSE
Male,Loyal Customer,48,Personal Travel,Eco,522,3,5,3,5,2,3,2,2,5,3,5,3,2,3.31,36,31,FALSE
Male,Loyal Customer,49,Personal Travel,Eco,581,1,5,0,1,1,0,1,1,5,4,4,3,1,2.08,0,0,FALSE
Female,Loyal Customer,65,Personal Travel,Eco,315,3,4,3,4,3,4,4,5,3,4,3,4,4,3.69,234,253,FALSE
Female,Disloyal Customer,21,Business Travel,Eco,733,3,3,3,3,1,3,1,1,3,1,3,1,1,2.08,0,0,FALSE
Female,Loyal Customer,50,Personal Travel,Eco,748,4,5,3,1,5,4,5,3,3,3,4,4,4,3.69,0,0,FALSE
Female,Loyal Customer,34,Business Travel,Business,2514,1,1,1,1,5,3,4,1,1,1,1,1,4,1.92,114,91,FALSE
Male,Loyal Customer,13,Personal Travel,Eco,1746,3,3,3,4,3,3,3,3,4,5,4,3,3,3.38,1,0,FALSE
Female,Loyal Customer,42,Business Travel,Business,594,4,4,4,4,4,5,4,5,5,5,5,5,5,4.54,33,25,TRUE
Male,Loyal Customer,49,Business Travel,Business,2486,2,2,2,2,5,4,4,5,4,3,4,4,4,3.46,0,38,TRUE
Female,Loyal Customer,9,Personal Travel,Eco,226,2,5,0,3,3,0,3,3,4,3,5,4,3,2.92,0,0,FALSE
Male,Loyal Customer,28,Business Travel,Business,3147,4,4,4,4,5,5,5,5,4,4,4,3,5,4.31,0,8,TRUE
Male,Loyal Customer,55,Business Travel,Business,1888,5,5,2,5,5,5,4,5,5,5,5,3,4,4.46,8,4,TRUE
Female,Disloyal Customer,35,Business Travel,Business,980,1,1,1,3,3,1,4,3,3,5,4,5,3,2.85,0,6,FALSE
Female,Disloyal Customer,20,Business Travel,Eco,316,2,5,2,3,1,2,1,1,3,3,5,3,1,2.46,0,2,FALSE
Female,Loyal Customer,47,Business Travel,Business,1171,2,2,2,2,3,5,5,2,2,2,2,4,5,2.92,0,,TRUE
Female,Loyal Customer,35,Business Travel,Eco,204,3,1,1,1,3,3,3,3,1,2,3,4,3,2.38,3,2,TRUE
Female,Loyal Customer,56,Business Travel,Business,421,1,0,0,3,5,3,3,1,1,0,1,4,1,1.77,10,0,FALSE
Female,Loyal Customer,30,Business Travel,Business,719,1,5,1,1,5,5,5,5,3,4,5,4,5,3.77,0,10,TRUE
Female,Disloyal Customer,25,Business Travel,Business,695,1,5,1,2,3,1,3,3,1,1,2,1,3,2.08,2,5,FALSE
Male,Loyal Customer,61,Personal Travel,Eco,493,2,4,2,4,4,2,4,4,4,3,4,3,4,3.38,33,25,FALSE
Female,Disloyal Customer,31,Business Travel,Eco,919,1,1,1,3,5,1,4,5,3,1,4,1,5,2.69,0,0,FALSE
Male,Loyal Customer,63,Business Travel,Eco,763,3,2,2,2,3,3,3,3,2,5,3,4,3,2.92,14,0,FALSE
Female,Loyal Customer,43,Business Travel,Eco Plus,332,3,1,4,1,3,3,3,1,4,3,3,3,3,2.69,142,157,TRUE
Male,Loyal Customer,45,Business Travel,Business,2075,3,3,3,3,3,4,4,4,4,4,4,3,4,3.54,0,0,TRUE
Female,Loyal Customer,31,Business Travel,Business,2075,2,2,2,2,4,4,4,4,4,4,5,4,4,3.46,32,18,TRUE
Female,Disloyal Customer,23,Business Travel,Eco,391,1,2,1,3,2,1,2,2,2,3,2,2,2,1.92,0,0,FALSE
Female,Disloyal Customer,38,Business Travel,Eco,922,2,2,2,4,2,2,2,2,2,3,4,4,2,2.54,0,0,FALSE
Male,Disloyal Customer,22,Business Travel,Eco,342,0,3,0,2,2,3,2,2,5,3,4,3,2,2.38,9,0,TRUE
Female,Disloyal Customer,35,Business Travel,Eco,507,4,2,4,3,3,4,3,3,4,5,4,3,3,3.46,0,0,FALSE
Male,Loyal Customer,52,Business Travel,Eco,1797,4,3,3,3,4,4,4,4,3,5,4,4,4,3.77,7,7,FALSE
Male,Loyal Customer,64,Business Travel,Business,240,1,4,5,4,5,3,3,1,1,1,1,4,3,2.77,0,3,FALSE
Female,Loyal Customer,34,Personal Travel,Eco,590,2,4,2,3,3,2,3,3,4,3,5,3,3,3.08,29,9,FALSE
Male,Disloyal Customer,16,Business Travel,Eco,190,1,2,1,3,5,1,4,5,2,3,4,2,5,2.92,0,0,FALSE
Male,Loyal Customer,44,Business Travel,Business,1879,2,2,2,2,3,4,5,4,4,4,4,3,4,3.31,0,13,TRUE
Male,Loyal Customer,13,Personal Travel,Eco,551,3,2,3,4,2,3,2,2,2,2,4,2,2,2.54,0,0,FALSE
Male,Loyal Customer,44,Business Travel,Eco,319,4,5,4,4,4,4,4,4,1,5,3,1,4,3.62,6,0,FALSE
Female,Loyal Customer,41,Business Travel,Business,3249,3,3,3,3,4,5,5,3,3,3,3,4,4,3.54,0,0,TRUE
Female,Loyal Customer,37,Personal Travel,Eco,566,2,3,2,3,4,2,5,4,4,3,3,4,4,3.31,0,6,FALSE
Female,Loyal Customer,55,Personal Travel,Eco,404,4,2,4,2,3,2,2,3,3,4,3,4,2,2.92,0,0,FALSE
Male,Loyal Customer,12,Business Travel,Eco Plus,931,4,2,2,2,4,4,2,4,1,2,4,4,4,3,0,24,FALSE
Female,Loyal Customer,65,Personal Travel,Eco,356,3,4,3,4,2,4,4,5,5,3,5,3,5,3.85,0,0,FALSE
Male,Loyal Customer,21,Personal Travel,Eco,956,3,5,3,1,4,3,4,4,3,5,5,4,4,3.69,20,15,FALSE
Male,Loyal Customer,51,Personal Travel,Business,399,3,4,4,2,2,2,3,5,5,4,4,5,3,3.54,0,0,FALSE
Male,Loyal Customer,36,Business Travel,Business,2594,2,2,2,2,5,5,5,4,4,4,4,4,5,3.69,0,6,TRUE
Female,Disloyal Customer,50,Business Travel,Eco,192,3,3,3,4,4,3,4,4,2,1,4,1,4,3.08,1,11,FALSE
Female,Loyal Customer,7,Personal Travel,Eco,501,2,3,2,4,1,2,1,1,2,2,4,1,1,2,8,5,FALSE
Female,Loyal Customer,24,Business Travel,Business,910,4,4,4,4,5,5,5,5,5,2,4,3,5,4.23,25,25,TRUE
Male,Loyal Customer,60,Personal Travel,Eco,250,5,5,5,4,4,5,4,4,5,2,5,3,4,4.23,19,3,TRUE
Female,Disloyal Customer,24,Business Travel,Business,304,4,4,4,2,3,4,3,3,3,3,5,4,3,3.46,0,0,TRUE
Male,Loyal Customer,58,Personal Travel,Eco,250,3,4,3,4,1,3,1,1,3,4,5,3,1,2.77,31,33,FALSE
Male,Loyal Customer,43,Business Travel,Business,1663,2,2,2,2,4,5,5,5,5,5,5,3,3,3.69,0,0,TRUE
Female,Loyal Customer,66,Business Travel,Business,468,3,1,1,1,3,3,2,3,3,2,3,4,4,2.54,46,40,FALSE
Female,Disloyal Customer,24,Business Travel,Eco Plus,158,2,0,2,2,2,2,2,2,3,3,4,4,2,2.31,0,35,FALSE
Male,Loyal Customer,59,Business Travel,Business,341,2,2,5,2,5,4,5,4,4,4,4,5,4,3.85,8,15,TRUE
Male,Loyal Customer,14,Personal Travel,Eco,1172,2,5,2,4,1,2,1,1,5,2,3,3,1,2.46,0,1,FALSE
Female,Loyal Customer,42,Business Travel,Business,1437,3,3,3,3,5,5,4,5,5,5,5,5,4,4.23,0,1,TRUE
Male,Loyal Customer,40,Business Travel,Business,1482,4,4,4,4,4,4,4,4,4,4,4,4,4,4,0,0,TRUE
Male,Loyal Customer,47,Business Travel,Business,2708,2,1,1,1,3,2,1,2,2,2,2,1,3,1.77,0,0,FALSE
Female,Loyal Customer,31,Business Travel,Business,993,1,1,1,1,4,5,4,4,3,2,4,5,4,3,0,0,TRUE
Female,Loyal Customer,62,Personal Travel,Eco Plus,479,3,5,3,1,3,5,2,4,4,3,4,5,4,3.54,21,23,FALSE
Female,Loyal Customer,49,Business Travel,Business,3711,5,4,5,5,4,4,4,5,3,4,5,4,4,4.31,0,0,TRUE
Female,Loyal Customer,67,Personal Travel,Eco,436,0,1,0,4,2,3,4,4,4,0,2,1,3,2.15,35,69,TRUE
Male,Loyal Customer,28,Business Travel,Business,1400,1,1,5,1,4,4,4,4,5,2,1,4,4,3.08,6,0,TRUE
Female,Loyal Customer,67,Business Travel,Eco Plus,199,4,2,5,5,3,4,4,4,4,4,4,3,3,3.77,0,35,FALSE
Female,Disloyal Customer,32,Business Travel,Business,302,3,3,3,2,3,3,3,3,3,2,5,4,3,3.08,0,0,FALSE
Male,Loyal Customer,50,Business Travel,Eco,534,4,5,5,5,4,4,4,4,2,3,3,1,4,3.69,0,0,FALSE
Female,Loyal Customer,51,Business Travel,Business,3882,3,3,3,3,3,4,5,4,4,4,4,4,4,3.69,1,0,TRUE
Female,Loyal Customer,56,Business Travel,Eco Plus,605,2,5,5,5,1,3,4,2,2,2,2,1,4,2.92,11,35,FALSE
Male,Loyal Customer,25,Business Travel,Business,1481,4,4,4,4,5,5,5,5,5,3,4,4,5,4.38,7,0,TRUE
Female,Loyal Customer,56,Personal Travel,Eco,2218,2,4,2,3,2,5,5,3,5,4,1,5,5,3.54,0,3,FALSE
Male,Disloyal Customer,22,Business Travel,Eco,599,1,2,1,4,2,1,2,2,2,4,3,4,2,2.31,0,5,FALSE
Male,Loyal Customer,42,Personal Travel,Eco,600,4,3,4,3,3,4,3,3,1,3,3,4,3,3.15,0,0,FALSE
Female,Loyal Customer,27,Business Travel,Business,315,2,2,2,2,4,4,4,4,5,2,5,4,4,3.38,116,130,TRUE
Female,Disloyal Customer,20,Business Travel,Eco,1162,2,2,2,2,3,2,2,3,3,3,1,1,3,2.23,15,8,FALSE
Female,Loyal Customer,19,Personal Travel,Eco,409,3,4,3,2,3,3,3,3,5,4,5,4,3,3.46,0,0,FALSE
Female,Loyal Customer,45,Business Travel,Business,3665,1,5,5,5,5,3,3,3,3,3,1,2,1,3.08,0,0,FALSE
Male,Loyal Customer,37,Business Travel,Business,2477,3,2,2,2,5,4,3,3,3,3,3,2,3,2.92,7,31,FALSE
Female,Loyal Customer,60,Business Travel,Business,361,2,2,2,2,5,4,5,2,2,2,2,4,4,2.92,0,0,TRUE
Male,Loyal Customer,37,Business Travel,Business,1962,4,1,3,1,1,3,2,4,4,4,4,1,2,2.62,0,0,FALSE
Male,Loyal Customer,55,Personal Travel,Eco,669,2,5,2,1,3,2,3,3,4,2,4,5,3,3,0,0,FALSE
Female,Loyal Customer,50,Business Travel,Business,628,1,1,1,1,4,1,1,3,3,4,3,4,1,2.15,0,8,TRUE
Male,Loyal Customer,43,Business Travel,Eco Plus,590,5,3,3,3,5,5,5,5,4,4,1,3,5,3.92,0,0,TRUE
Female,Loyal Customer,48,Business Travel,Business,3558,1,3,3,3,1,1,1,2,4,3,3,1,1,2.08,134,125,FALSE
Male,Loyal Customer,57,Personal Travel,Eco,370,3,4,4,3,3,4,3,3,4,5,5,5,3,3.77,0,0,FALSE
Female,Loyal Customer,35,Business Travel,Business,2506,3,3,3,3,5,4,5,3,3,3,3,4,3,3.46,0,0,TRUE
Male,Loyal Customer,51,Personal Travel,Eco,265,3,4,3,2,1,3,1,1,1,5,3,1,1,2.23,12,10,FALSE
Female,Loyal Customer,42,Business Travel,Business,3929,4,4,4,4,4,5,4,3,3,4,3,3,5,3.85,3,0,TRUE
Female,Loyal Customer,51,Business Travel,Business,3879,3,3,5,3,3,5,5,5,5,5,5,5,3,4.23,0,0,TRUE
Male,Loyal Customer,47,Business Travel,Business,2482,5,5,2,5,2,4,5,5,5,5,5,4,4,4.31,0,0,TRUE
Female,Loyal Customer,51,Personal Travel,Eco,1521,3,2,3,4,4,4,4,2,2,3,2,1,4,2.92,0,0,FALSE
Male,Loyal Customer,63,Personal Travel,Eco Plus,813,4,1,4,4,4,4,4,4,3,2,3,3,4,3.38,0,0,TRUE
Male,Loyal Customer,67,Personal Travel,Eco,251,3,4,0,3,4,0,4,4,3,3,4,4,4,3.08,0,0,FALSE
Female,Loyal Customer,47,Business Travel,Eco,1061,4,5,5,5,2,3,3,4,4,4,4,3,3,3.77,4,11,FALSE
Female,Loyal Customer,50,Business Travel,Business,191,2,2,2,2,1,4,4,3,3,3,2,1,1,2.31,0,0,FALSE
Female,Loyal Customer,45,Business Travel,Business,3356,2,2,2,2,3,4,5,4,4,4,4,5,5,3.54,0,0,TRUE
Male,Loyal Customer,41,Business Travel,Business,3575,1,1,1,1,2,5,5,5,5,5,5,4,3,3.31,68,66,TRUE
Female,Loyal Customer,34,Business Travel,Business,1636,1,1,1,1,5,4,5,4,4,4,4,4,4,3.23,0,0,TRUE
Female,Loyal Customer,15,Personal Travel,Eco,236,2,5,0,2,5,0,5,5,4,5,4,3,5,3.46,0,0,FALSE
Male,Loyal Customer,68,Personal Travel,Eco,1005,4,5,3,3,4,3,4,4,5,3,4,5,4,3.92,0,3,FALSE
Female,Disloyal Customer,9,Business Travel,Eco,970,5,5,5,3,1,5,1,1,5,4,4,5,1,3.46,0,0,TRUE
Male,Loyal Customer,56,Personal Travel,Eco,1096,1,0,1,4,2,1,4,2,5,4,5,5,2,2.77,0,0,FALSE
Male,Loyal Customer,28,Business Travel,Business,1092,2,5,5,5,2,2,2,2,2,3,3,3,2,2.92,0,0,FALSE
Female,Loyal Customer,66,Business Travel,Eco,1091,4,2,2,2,2,5,4,4,4,4,4,5,1,3.31,0,0,TRUE
Female,Disloyal Customer,30,Business Travel,Business,2449,3,3,3,4,1,3,1,1,5,2,4,5,1,2.77,0,0,FALSE
Male,Disloyal Customer,21,Business Travel,Business,440,5,1,5,4,5,5,5,5,5,4,5,4,5,4.46,3,0,TRUE
Female,Disloyal Customer,37,Business Travel,Eco,954,3,3,3,4,1,3,5,1,3,4,3,3,1,2.85,0,0,FALSE
Female,Loyal Customer,25,Personal Travel,Eco,356,3,4,2,2,2,2,5,2,5,2,5,4,2,3.08,0,0,FALSE
Male,Disloyal Customer,42,Business Travel,Business,438,4,4,4,4,3,4,3,3,3,4,5,5,3,3.77,0,0,TRUE
Male,Loyal Customer,59,Business Travel,Business,1618,4,4,4,4,4,3,5,5,5,5,5,5,3,4.31,10,4,TRUE
Female,Loyal Customer,57,Business Travel,Business,3590,5,5,5,5,4,5,5,4,4,4,4,4,3,4.38,68,67,TRUE
Female,Loyal Customer,46,Personal Travel,Eco,565,2,4,2,1,4,4,5,5,5,2,5,5,4,3.69,25,52,FALSE
Female,Loyal Customer,47,Business Travel,Eco,1428,5,4,4,4,3,4,3,5,5,5,5,5,2,4.15,27,11,TRUE
Male,Disloyal Customer,25,Business Travel,Eco,541,1,1,1,3,2,1,2,2,2,4,3,4,2,2.15,0,0,FALSE
Female,Loyal Customer,32,Business Travel,Business,846,5,5,5,5,3,3,3,3,3,2,1,3,3,3.38,0,10,TRUE
Female,Loyal Customer,42,Business Travel,Eco,2603,4,4,4,4,5,5,3,4,4,4,4,4,4,4.08,0,0,TRUE
Male,Loyal Customer,24,Business Travel,Business,585,3,3,3,3,5,5,5,5,3,4,5,1,5,3.85,0,0,TRUE
Female,Loyal Customer,46,Business Travel,Business,2419,5,5,5,5,3,4,5,4,4,4,4,5,5,4.46,2,48,TRUE
Female,Loyal Customer,49,Business Travel,Business,325,3,5,5,5,1,4,4,3,3,3,3,1,3,3.31,1,0,FALSE
Female,Loyal Customer,41,Personal Travel,Eco,421,3,4,3,3,3,3,3,3,3,3,2,2,3,2.92,0,0,FALSE
Male,Loyal Customer,28,Personal Travel,Eco,533,4,2,3,3,2,3,2,2,3,1,3,2,2,2.46,0,0,TRUE
Female,Loyal Customer,19,Personal Travel,Eco,2176,4,1,4,2,4,4,4,4,3,3,3,1,4,3.15,0,0,FALSE
Male,Loyal Customer,31,Business Travel,Business,2370,1,1,3,1,5,4,5,5,5,4,3,3,5,3.46,0,15,TRUE
Male,Loyal Customer,39,Personal Travel,Eco,325,3,1,3,2,3,3,3,3,3,2,2,3,3,2.62,8,6,FALSE
Female,Loyal Customer,48,Personal Travel,Eco,1372,2,5,1,2,5,4,5,3,3,1,3,4,3,3.15,0,0,FALSE
Male,Loyal Customer,30,Personal Travel,Eco,189,2,5,2,1,5,2,5,5,2,5,2,2,5,3.31,46,43,FALSE
Male,Loyal Customer,53,Business Travel,Business,86,4,5,5,5,2,3,3,1,1,1,4,1,2,2.85,0,0,FALSE
Female,Loyal Customer,52,Business Travel,Business,3338,3,3,5,3,5,5,4,3,3,4,3,4,3,3.69,0,0,TRUE
Female,Loyal Customer,23,Business Travel,Eco Plus,843,3,4,4,4,3,3,3,3,2,3,3,4,3,3.23,3,5,FALSE
Female,Loyal Customer,60,Business Travel,Business,2180,1,1,1,1,5,4,4,3,3,3,3,5,4,2.92,0,12,TRUE
Female,Loyal Customer,42,Business Travel,Business,140,0,4,0,5,3,4,4,5,5,5,5,5,3,3.69,18,2,TRUE
Male,Loyal Customer,67,Personal Travel,Eco Plus,620,1,4,1,1,1,1,1,1,4,5,5,5,1,2.38,0,0,FALSE
Male,Loyal Customer,43,Business Travel,Business,429,3,3,3,3,4,4,4,5,5,5,5,5,3,4,29,22,TRUE
Male,Loyal Customer,35,Business Travel,Business,3097,3,2,2,2,3,4,4,3,3,4,3,1,1,2.69,0,0,FALSE
Female,Loyal Customer,38,Business Travel,Business,1778,2,2,2,2,2,4,4,3,3,4,3,3,4,2.92,0,0,TRUE
Female,Loyal Customer,70,Business Travel,Business,3922,3,1,1,1,2,3,3,3,3,3,3,1,1,2.15,19,21,FALSE
Male,Loyal Customer,46,Personal Travel,Eco,159,1,4,0,2,2,0,2,2,3,4,4,3,2,2.23,25,22,FALSE
Male,Loyal Customer,48,Business Travel,Business,920,3,3,3,3,3,5,4,4,4,4,4,4,5,3.77,0,0,TRUE
Female,Loyal Customer,24,Personal Travel,Eco,1313,3,3,4,4,5,4,5,5,4,2,4,1,5,3.77,3,0,FALSE
Male,Loyal Customer,41,Business Travel,Business,3132,4,4,4,4,5,4,5,5,5,4,4,5,4,4.38,0,0,TRUE
Female,Disloyal Customer,28,Business Travel,Eco,1312,2,2,2,4,3,2,5,3,2,2,4,4,3,2.92,1,0,FALSE
Male,Loyal Customer,51,Business Travel,Business,2065,5,5,5,5,2,5,5,5,5,5,5,5,5,4.77,23,0,TRUE
Male,Loyal Customer,34,Personal Travel,Eco,177,3,3,3,3,2,3,2,2,1,2,2,3,2,2.38,0,0,FALSE
Male,Loyal Customer,60,Personal Travel,Eco Plus,666,2,5,2,3,2,2,2,2,4,2,2,4,2,2.62,11,0,FALSE
Male,Loyal Customer,66,Business Travel,Eco,1187,1,1,1,1,1,1,1,1,3,3,4,2,1,1.62,0,0,FALSE
Male,Loyal Customer,60,Business Travel,Eco,257,3,2,2,2,3,3,3,3,3,3,1,3,3,2.62,0,0,TRUE
Male,Disloyal Customer,22,Business Travel,Eco,321,2,4,2,3,3,2,3,3,5,4,1,2,3,2.85,18,8,FALSE
Female,Loyal Customer,9,Personal Travel,Eco,594,2,1,2,2,2,2,2,2,1,5,3,3,2,2.23,0,6,FALSE
Male,Loyal Customer,23,Personal Travel,Eco,1846,3,0,3,2,4,3,4,4,4,4,3,4,4,3.23,0,17,FALSE
Male,Disloyal Customer,64,Business Travel,Business,377,5,5,5,3,2,5,2,2,4,5,4,5,2,3.77,0,0,TRUE
Female,Loyal Customer,15,Personal Travel,Eco,413,2,5,2,2,3,2,5,3,3,4,5,4,3,3.31,0,25,FALSE
Female,Loyal Customer,39,Business Travel,Business,2681,3,4,4,4,2,4,3,3,3,3,3,4,3,3.31,0,0,FALSE
Male,Disloyal Customer,26,Business Travel,Business,224,1,2,1,3,5,1,5,5,4,5,4,1,5,3.23,0,0,FALSE
Female,Loyal Customer,31,Personal Travel,Eco,2133,4,1,4,2,2,4,2,2,2,5,1,4,2,2.69,76,84,FALSE
Male,Loyal Customer,8,Personal Travel,Eco,1476,3,4,3,4,2,3,2,2,3,1,3,3,2,2.69,7,22,FALSE
Female,Loyal Customer,22,Business Travel,Eco Plus,456,0,4,4,4,0,1,2,0,4,1,3,2,0,1.92,0,0,FALSE
Male,Loyal Customer,21,Personal Travel,Eco,594,2,4,2,2,2,2,5,2,5,2,3,1,2,2.62,0,0,FALSE
Male,Loyal Customer,40,Personal Travel,Eco,632,4,5,4,4,3,4,3,3,5,5,5,5,3,4.08,0,0,TRUE
Female,Loyal Customer,68,Personal Travel,Eco,261,2,5,2,3,2,2,4,2,2,2,2,5,4,2.85,0,0,FALSE
Male,Loyal Customer,60,Personal Travel,Eco,349,1,4,4,2,1,4,1,1,5,3,2,5,1,2.62,32,30,FALSE
Male,Loyal Customer,47,Personal Travel,Eco,239,3,4,3,2,5,3,5,5,3,2,4,5,5,3.77,12,7,FALSE
Male,Disloyal Customer,44,Business Travel,Eco,209,2,4,2,2,5,2,5,5,1,5,3,3,5,3.38,8,30,FALSE
Female,Loyal Customer,49,Business Travel,Eco,680,1,3,3,3,3,3,3,1,1,1,1,2,3,2.15,0,0,FALSE
Female,Disloyal Customer,38,Business Travel,Eco Plus,650,3,3,3,2,3,3,3,3,1,4,1,3,3,2.69,0,0,FALSE
Male,Loyal Customer,46,Personal Travel,Eco Plus,308,1,2,1,4,2,1,2,2,1,4,3,1,2,2,0,12,FALSE
Male,Loyal Customer,44,Business Travel,Business,1426,3,3,3,3,5,5,5,4,4,4,4,4,4,3.92,15,12,TRUE
Female,Loyal Customer,30,Business Travel,Business,2329,4,4,4,4,3,3,3,3,5,3,4,3,3,3.54,6,29,TRUE
Female,Loyal Customer,8,Personal Travel,Eco Plus,1678,3,5,3,4,2,3,2,2,1,1,2,1,2,2.38,0,0,FALSE
Female,Disloyal Customer,27,Business Travel,Eco,1034,4,5,5,4,3,5,3,3,5,4,5,3,3,4,0,0,TRUE
Female,Loyal Customer,58,Personal Travel,Eco,581,4,4,4,4,4,5,5,3,3,4,3,5,5,4.08,0,0,FALSE
Female,Loyal Customer,28,Business Travel,Business,587,5,5,5,5,4,4,4,4,3,3,4,3,4,4.08,127,123,TRUE
Male,Loyal Customer,45,Business Travel,Business,1971,5,5,5,5,2,4,4,4,4,4,4,4,3,4.08,0,0,TRUE
Female,Loyal Customer,49,Business Travel,Eco,844,2,2,2,2,2,2,2,2,2,2,2,1,1,1.85,20,25,FALSE
Male,Loyal Customer,49,Business Travel,Business,2457,2,2,2,2,4,3,5,5,5,5,5,3,4,3.62,2,0,TRUE
Female,Loyal Customer,49,Personal Travel,Eco,283,3,5,3,4,4,4,5,4,4,3,1,3,4,3.62,0,0,FALSE
Female,Loyal Customer,39,Personal Travel,Eco,733,5,2,5,3,2,5,2,2,1,2,3,2,2,2.77,0,0,TRUE
Male,Disloyal Customer,27,Business Travel,Eco,907,2,2,2,3,1,2,1,1,1,1,4,4,1,1.92,49,42,FALSE
Male,Loyal Customer,43,Business Travel,Business,268,3,3,3,3,2,4,4,4,4,4,4,5,5,3.69,0,2,TRUE
Male,Disloyal Customer,20,Business Travel,Eco,692,4,4,4,2,4,4,4,4,4,3,5,5,4,3.92,0,0,FALSE
Female,Loyal Customer,48,Personal Travel,Eco Plus,280,2,2,2,4,4,3,4,5,5,2,5,3,3,3.38,0,0,FALSE
Female,Loyal Customer,67,Business Travel,Business,480,5,5,5,5,4,3,3,2,2,2,2,1,5,3.38,0,0,TRUE
Female,Loyal Customer,67,Personal Travel,Eco,204,5,4,5,4,5,3,3,3,3,5,3,4,1,3.69,0,3,TRUE
Male,Disloyal Customer,28,Business Travel,Eco,259,3,5,3,1,5,3,5,5,2,2,5,5,5,3.77,0,0,FALSE
Male,Loyal Customer,22,Personal Travel,Eco,600,4,2,4,3,2,4,2,2,2,3,3,3,2,2.77,0,0,FALSE
Male,Disloyal Customer,44,Business Travel,Business,404,3,3,3,3,2,3,1,2,3,2,5,3,2,2.69,0,0,FALSE
Male,Loyal Customer,43,Business Travel,Business,3530,2,2,2,2,1,3,3,3,3,4,3,4,4,2.77,0,0,TRUE
Female,Disloyal Customer,18,Business Travel,Business,349,0,4,0,3,2,0,3,2,3,2,5,3,2,2.23,16,2,TRUE
Female,Loyal Customer,46,Personal Travel,Eco Plus,143,3,4,3,2,4,2,2,4,4,3,4,3,2,3.08,16,11,FALSE
Male,Loyal Customer,26,Business Travel,Eco,1546,1,2,2,2,1,1,4,1,2,1,3,4,1,1.92,10,8,FALSE
Female,Loyal Customer,43,Business Travel,Business,3094,1,5,5,5,1,3,3,1,1,1,1,2,1,2.31,7,0,FALSE
Female,Loyal Customer,29,Personal Travel,Eco,199,2,5,2,2,5,2,5,5,5,4,5,5,5,4,19,12,FALSE
Male,Loyal Customer,38,Business Travel,Business,986,2,2,2,2,2,4,4,2,2,2,2,3,5,2.62,0,0,TRUE
Male,Loyal Customer,35,Personal Travel,Eco Plus,1916,2,1,2,2,1,2,1,1,2,2,2,2,1,1.62,4,3,FALSE
Female,Disloyal Customer,37,Business Travel,Business,677,2,2,2,3,4,2,4,4,5,3,5,5,4,3.46,5,1,FALSE
Male,Disloyal Customer,23,Business Travel,Business,1590,5,0,5,2,3,5,5,3,4,3,3,5,3,3.54,26,16,TRUE
Male,Disloyal Customer,26,Business Travel,Business,1609,1,1,1,4,4,1,3,4,3,3,4,3,4,2.77,0,0,FALSE
Female,Disloyal Customer,54,Business Travel,Eco,240,3,1,3,4,2,3,2,2,3,1,4,1,2,2.38,8,9,FALSE
Female,Disloyal Customer,34,Business Travel,Business,390,1,2,2,5,2,2,2,2,3,3,5,4,2,2.69,0,0,FALSE
Female,Loyal Customer,26,Personal Travel,Eco,806,0,5,0,2,3,0,5,3,5,3,4,5,3,2.92,4,2,TRUE
Female,Loyal Customer,51,Business Travel,Eco,641,3,2,2,2,3,4,3,3,3,3,3,1,1,2.54,0,11,FALSE
Male,Loyal Customer,21,Business Travel,Eco,829,1,3,5,3,1,1,2,1,1,5,3,1,1,2.15,49,60,FALSE
Male,Loyal Customer,30,Business Travel,Business,3239,3,4,4,4,3,4,3,3,4,1,3,4,3,3.31,0,0,FALSE
Male,Loyal Customer,51,Personal Travel,Eco,473,2,4,2,1,3,2,3,3,3,4,1,1,3,2.46,3,4,FALSE
Female,Disloyal Customer,32,Business Travel,Business,957,1,1,1,4,1,1,1,1,4,3,5,5,1,2.23,8,0,FALSE
Female,Loyal Customer,42,Business Travel,Eco,220,2,3,5,5,2,2,2,1,1,2,3,2,2,2.46,289,288,FALSE
Male,Disloyal Customer,9,Business Travel,Eco,843,4,4,4,4,2,4,2,2,1,1,4,3,2,2.85,0,0,FALSE
Female,Loyal Customer,59,Personal Travel,Eco Plus,1721,4,4,4,3,2,2,3,4,4,4,2,2,1,3,1,0,TRUE
Female,Loyal Customer,49,Personal Travel,Business,1050,2,2,2,4,4,4,3,4,4,2,4,3,2,3.08,0,5,FALSE
Male,Loyal Customer,65,Business Travel,Eco,550,3,5,3,5,3,3,3,3,3,3,4,2,3,3.31,0,0,FALSE
Female,Loyal Customer,35,Business Travel,Business,3210,3,1,1,1,3,3,3,3,3,3,3,2,1,2.31,4,0,FALSE
Male,Loyal Customer,36,Business Travel,Business,2113,5,5,5,5,3,1,1,5,5,5,5,1,5,3.92,0,0,TRUE
Female,Loyal Customer,26,Business Travel,Eco,557,2,2,3,2,2,2,4,2,3,3,4,1,2,2.46,12,14,FALSE
Female,Loyal Customer,39,Personal Travel,Eco,442,2,5,4,3,5,4,5,5,3,2,5,3,5,3.92,41,45,FALSE
Male,Loyal Customer,42,Business Travel,Eco,1953,2,3,3,3,2,2,2,2,4,4,1,2,2,2.46,71,79,FALSE
Male,Disloyal Customer,29,Business Travel,Business,1444,4,4,4,3,4,4,4,4,3,4,5,4,4,3.92,0,0,FALSE
Male,Disloyal Customer,22,Business Travel,Business,472,4,0,4,5,3,4,3,3,5,3,5,3,3,3.46,8,0,TRUE
Female,Loyal Customer,8,Personal Travel,Eco,577,3,2,3,3,2,3,2,2,3,3,3,4,2,2.69,0,0,FALSE
Female,Disloyal Customer,50,Business Travel,Eco,997,3,3,3,4,4,3,4,4,3,1,4,2,4,3.23,0,0,FALSE
Male,Loyal Customer,40,Business Travel,Business,678,5,5,5,5,2,4,5,5,5,5,5,3,3,4.38,8,0,TRUE
Female,Loyal Customer,70,Personal Travel,Eco,862,1,4,1,4,2,4,4,2,2,1,2,4,2,2.54,0,0,FALSE
Female,Loyal Customer,36,Business Travel,Business,3166,2,2,2,2,2,4,4,3,3,4,3,3,4,2.92,41,33,TRUE
Male,Loyal Customer,63,Personal Travel,Eco,113,2,1,2,4,1,2,4,1,1,5,4,4,1,2.46,0,0,FALSE
Female,Loyal Customer,12,Personal Travel,Eco,1075,2,4,2,5,1,2,1,1,5,5,5,4,1,2.92,16,5,FALSE
Female,Loyal Customer,38,Personal Travel,Eco,550,3,3,3,4,5,3,5,5,1,1,4,2,5,3.38,0,0,FALSE
Female,Loyal Customer,58,Business Travel,Business,2230,2,2,2,2,5,4,4,3,3,4,3,4,3,3.15,0,0,TRUE
Male,Disloyal Customer,49,Business Travel,Eco,251,4,2,3,5,4,3,4,4,5,2,5,1,4,3.54,22,18,TRUE
Male,Loyal Customer,41,Business Travel,Business,3932,3,3,3,3,4,4,5,5,5,5,5,5,3,4.08,19,8,TRUE
Male,Loyal Customer,50,Personal Travel,Eco Plus,551,1,3,1,3,1,1,1,1,2,1,2,4,1,1.69,60,48,FALSE
Male,Loyal Customer,63,Personal Travel,Eco,787,4,4,5,5,3,5,3,3,4,3,5,5,3,4,19,12,FALSE
Female,Disloyal Customer,24,Business Travel,Eco,1199,3,3,3,2,2,3,2,2,3,2,4,4,2,2.69,0,0,FALSE
Female,Disloyal Customer,17,Business Travel,Eco,236,2,1,2,3,5,2,5,5,4,3,3,2,5,3.23,0,0,FALSE
Male,Loyal Customer,60,Business Travel,Eco Plus,370,3,5,5,5,3,3,3,3,1,1,2,1,3,2.92,0,0,FALSE
Female,Disloyal Customer,23,Business Travel,Eco,577,1,4,1,4,2,1,5,2,3,2,4,1,2,2.46,17,18,FALSE
Female,Loyal Customer,62,Personal Travel,Eco,416,4,3,4,3,4,4,4,5,5,4,5,4,2,3.92,0,0,FALSE
Male,Loyal Customer,52,Business Travel,Business,3509,3,3,3,3,5,4,3,3,3,3,3,2,2,3.08,0,0,FALSE
Male,Loyal Customer,22,Personal Travel,Eco Plus,1562,4,4,4,3,1,4,5,1,3,2,3,4,1,3,0,0,FALSE
Male,Loyal Customer,66,Personal Travel,Eco,545,2,5,2,2,3,2,3,3,5,4,5,1,3,3.08,46,56,FALSE
Male,Disloyal Customer,25,Business Travel,Eco,1046,5,5,5,3,2,5,2,2,4,4,2,2,2,3.31,56,51,TRUE
Female,Loyal Customer,36,Business Travel,Business,3850,1,2,2,2,3,2,2,1,1,1,1,3,4,1.92,0,0,FALSE
Male,Loyal Customer,29,Business Travel,Business,551,2,2,3,2,4,4,4,4,5,3,5,5,4,3.62,0,0,TRUE
Female,Loyal Customer,41,Business Travel,Business,368,2,2,2,2,3,4,4,4,4,4,4,5,4,3.38,0,0,TRUE
Female,Loyal Customer,15,Personal Travel,Eco,404,3,4,3,2,1,3,1,1,5,2,5,5,1,2.77,0,0,FALSE
Male,Loyal Customer,48,Business Travel,Eco,802,2,3,3,3,2,2,2,2,3,5,3,1,2,2.54,6,0,TRUE
Male,Loyal Customer,63,Personal Travel,Eco,646,1,3,2,2,5,2,5,5,3,1,3,5,5,3.23,6,0,FALSE
Male,Loyal Customer,38,Personal Travel,Eco Plus,950,1,4,2,3,2,2,2,2,4,3,4,2,2,2.54,67,51,FALSE
Male,Loyal Customer,22,Business Travel,Business,1346,3,3,3,3,4,4,4,4,4,2,4,4,4,3.54,2,0,TRUE
Female,Disloyal Customer,21,Business Travel,Eco,431,4,5,4,5,3,4,3,3,3,4,4,4,3,3.77,0,0,FALSE
Female,Disloyal Customer,45,Business Travel,Business,842,5,5,5,4,5,5,5,5,3,5,5,5,5,4.77,0,0,TRUE
Male,Disloyal Customer,21,Business Travel,Eco,594,3,3,3,3,5,3,5,5,4,5,2,3,5,3.77,0,0,FALSE
Male,Loyal Customer,43,Business Travel,Business,1670,3,3,3,3,4,5,5,4,4,4,4,5,4,3.92,12,0,TRUE
Male,Loyal Customer,47,Business Travel,Business,1568,3,3,3,3,4,5,4,5,5,5,5,5,3,4.08,0,0,TRUE
Male,Loyal Customer,11,Personal Travel,Business,239,1,5,1,4,1,1,1,1,4,3,5,3,1,2.38,0,0,FALSE
Female,Disloyal Customer,23,Business Travel,Eco,936,5,5,5,1,5,0,5,5,4,4,4,4,5,4,0,0,TRUE
Male,Disloyal Customer,21,Business Travel,Business,349,5,2,5,2,3,5,3,3,4,2,4,5,3,3.54,36,33,TRUE
Male,Disloyal Customer,21,Business Travel,Eco,594,1,1,1,3,2,1,2,2,3,2,3,2,2,1.92,1,1,FALSE
Female,Loyal Customer,29,Personal Travel,Eco,680,2,5,2,4,5,2,5,5,5,4,5,5,5,4.15,1,0,FALSE
Female,Loyal Customer,45,Business Travel,Business,2217,2,2,2,2,4,4,4,5,5,5,5,3,5,3.69,1,2,TRUE
Female,Loyal Customer,38,Business Travel,Business,357,1,3,3,3,2,2,3,1,1,1,1,2,4,2.08,6,35,FALSE
Male,Loyal Customer,33,Business Travel,Business,109,3,3,3,3,4,5,3,4,1,4,3,1,4,3.15,0,0,TRUE
Female,Loyal Customer,21,Business Travel,Business,2311,5,5,5,5,2,2,2,2,3,1,4,4,2,3.23,0,0,TRUE
Male,Disloyal Customer,38,Business Travel,Eco,288,3,3,3,3,2,3,2,2,4,2,3,2,2,2.62,11,6,FALSE
Female,Disloyal Customer,28,Business Travel,Eco,438,1,0,2,4,1,2,5,1,3,3,2,2,1,2.08,4,5,FALSE
Female,Loyal Customer,51,Personal Travel,Eco,1086,2,4,1,3,3,4,5,5,5,1,5,5,3,3.54,0,2,FALSE
Female,Loyal Customer,34,Personal Travel,Eco,200,2,1,2,4,3,2,3,3,1,4,3,1,3,2.46,2,0,FALSE
Female,Loyal Customer,53,Business Travel,Eco,1597,5,1,1,1,5,4,5,5,5,5,5,5,5,4,3,0,TRUE
Female,Disloyal Customer,14,Business Travel,Eco,1303,4,4,4,5,1,4,1,1,5,3,4,3,1,3.08,32,0,FALSE
Male,Loyal Customer,29,Personal Travel,Eco,677,4,5,4,3,2,4,3,2,3,2,4,4,2,3.23,3,5,FALSE
Female,Loyal Customer,45,Business Travel,Business,450,1,1,1,1,5,1,1,5,5,5,5,1,5,2.85,29,32,TRUE
Female,Loyal Customer,38,Business Travel,Business,787,2,2,2,2,4,4,3,2,2,2,2,2,4,2.54,51,53,FALSE
Male,Loyal Customer,34,Business Travel,Business,2565,3,3,1,3,3,3,5,3,3,3,3,4,4,3.15,0,0,TRUE
Female,Loyal Customer,44,Personal Travel,Business,430,4,5,4,4,4,5,5,2,2,4,2,4,1,3.54,8,0,FALSE
Male,Loyal Customer,49,Business Travel,Business,3622,4,4,4,4,5,4,5,4,4,4,4,5,1,4,0,12,TRUE
Female,Loyal Customer,32,Business Travel,Business,3541,3,3,3,3,5,5,5,5,5,4,2,2,5,3.85,0,2,TRUE
Female,Loyal Customer,48,Business Travel,Business,1590,3,3,3,3,5,3,4,4,4,4,4,3,5,3.69,0,0,TRUE
Female,Disloyal Customer,35,Business Travel,Eco Plus,224,1,2,2,4,1,2,1,1,1,5,3,3,1,2.08,6,14,FALSE
Female,Loyal Customer,53,Business Travel,Business,3016,5,5,5,5,5,4,5,5,5,5,5,4,4,4.77,0,0,TRUE
Female,Loyal Customer,40,Personal Travel,Eco,387,3,4,3,4,2,3,2,2,5,4,4,3,2,3.15,0,0,FALSE
Male,Disloyal Customer,41,Business Travel,Eco,337,1,1,0,2,4,0,4,4,4,5,3,2,4,2.62,0,0,FALSE
Female,Loyal Customer,43,Business Travel,Business,309,1,1,1,1,2,4,5,4,4,4,4,5,4,3.08,0,0,TRUE
Male,Loyal Customer,64,Business Travel,Business,280,1,3,3,3,5,1,2,1,1,1,1,2,2,2,0,0,FALSE
Male,Loyal Customer,60,Business Travel,Business,2908,1,1,1,1,5,4,5,3,3,3,3,3,4,2.85,0,1,TRUE
Male,Loyal Customer,27,Business Travel,Business,3535,4,4,4,4,4,4,4,4,3,3,4,5,4,3.92,52,61,TRUE
Male,Disloyal Customer,37,Business Travel,Eco,302,4,4,4,5,3,4,1,3,5,5,1,3,3,3.46,9,6,FALSE
Female,Loyal Customer,55,Business Travel,Business,3301,1,3,3,3,5,2,2,1,1,1,1,2,2,2.08,68,52,FALSE
Female,Loyal Customer,22,Business Travel,Eco,1521,2,5,3,5,2,1,2,2,2,4,4,3,2,2.85,0,14,FALSE
Male,Loyal Customer,17,Personal Travel,Eco,333,1,4,1,3,4,1,4,4,3,4,4,5,4,3.23,0,0,FALSE
Female,Loyal Customer,63,Business Travel,Eco,364,1,5,5,5,3,3,3,1,1,1,1,4,3,2.77,101,108,FALSE
Female,Loyal Customer,54,Business Travel,Eco,2454,1,3,3,3,3,3,4,1,1,1,1,1,2,2.08,61,36,FALSE
Female,Disloyal Customer,29,Business Travel,Business,680,1,1,1,3,3,1,5,3,5,2,4,3,3,2.69,55,50,FALSE
Male,Loyal Customer,50,Business Travel,Business,2838,3,3,3,3,3,4,4,4,4,4,4,3,4,3.54,0,0,TRUE
Female,Loyal Customer,50,Business Travel,Business,235,0,0,0,2,3,4,5,1,1,1,1,3,4,1.92,1,9,TRUE
Female,Loyal Customer,52,Business Travel,Business,2633,2,2,2,2,4,5,4,3,3,4,3,4,5,3.31,0,0,TRUE
Female,Loyal Customer,47,Personal Travel,Eco,1096,4,3,4,3,1,4,1,5,5,4,5,2,2,3.31,0,0,FALSE
Male,Loyal Customer,28,Personal Travel,Eco Plus,918,4,5,4,4,4,4,4,4,4,3,5,3,4,4,0,0,FALSE
Male,Loyal Customer,57,Business Travel,Eco,1931,3,4,4,4,3,3,3,3,4,2,4,3,3,3.31,0,10,FALSE
Male,Loyal Customer,47,Personal Travel,Eco,280,1,4,1,1,1,1,1,1,5,4,1,3,1,1.92,0,0,FALSE
Male,Loyal Customer,57,Business Travel,Business,354,2,1,1,1,4,3,3,2,2,2,2,2,2,2.08,11,6,FALSE
Male,Loyal Customer,35,Business Travel,Business,1754,3,3,3,3,5,4,4,3,3,3,3,5,4,3.54,0,0,TRUE
Male,Loyal Customer,49,Personal Travel,Eco,395,2,5,2,4,4,2,4,4,4,2,5,4,4,3.54,11,18,FALSE
Female,Disloyal Customer,21,Business Travel,Eco,125,4,0,4,1,5,4,5,5,5,5,4,3,5,3.85,0,0,TRUE
Male,Loyal Customer,46,Business Travel,Business,3872,5,5,5,5,5,4,5,4,4,4,4,5,3,4.46,0,0,TRUE
Male,Loyal Customer,68,Personal Travel,Eco,999,2,5,2,3,1,2,1,1,4,4,5,3,1,2.62,6,0,FALSE
Male,Loyal Customer,58,Business Travel,Business,2328,4,4,4,4,3,5,5,4,4,4,4,4,5,4.15,9,1,TRUE
Male,Loyal Customer,38,Personal Travel,Business,2611,3,1,3,3,4,4,3,2,2,3,5,3,3,3,7,0,FALSE
Female,Loyal Customer,25,Personal Travel,Business,1134,3,4,2,3,2,2,2,2,5,2,4,5,2,2.92,77,57,FALSE
Male,Disloyal Customer,23,Business Travel,Eco,255,2,0,2,2,1,2,1,1,3,2,4,4,1,1.92,12,7,FALSE
Male,Loyal Customer,45,Business Travel,Business,3180,5,5,5,5,2,4,4,4,4,4,5,5,5,4.38,22,11,TRUE
Male,Loyal Customer,28,Personal Travel,Eco Plus,675,4,5,4,4,4,4,4,4,5,2,4,5,4,4.08,5,1,FALSE
Male,Loyal Customer,63,Personal Travel,Eco Plus,802,2,2,2,3,4,2,4,4,2,3,2,4,4,2.92,12,0,FALSE
Male,Loyal Customer,16,Personal Travel,Eco,813,1,3,1,4,3,1,3,3,4,3,2,4,3,2.69,0,0,FALSE
Female,Loyal Customer,30,Personal Travel,Eco,187,1,2,1,4,2,1,2,2,1,3,3,3,2,2.08,0,0,FALSE
Female,Disloyal Customer,58,Business Travel,Eco,304,1,2,1,2,1,1,1,1,4,3,2,1,1,1.62,0,0,FALSE
Female,Loyal Customer,60,Business Travel,Business,3854,5,5,1,5,5,4,4,4,4,4,4,3,4,4,0,0,TRUE
Male,Loyal Customer,61,Business Travel,Business,1676,4,4,4,4,5,4,5,5,5,5,5,3,3,4.31,0,0,TRUE
Male,Loyal Customer,40,Business Travel,Business,3748,2,2,2,2,2,4,5,5,5,5,5,5,4,3.69,0,0,TRUE
Female,Loyal Customer,35,Business Travel,Eco,121,4,1,1,1,4,4,4,4,5,1,3,3,4,3,0,0,TRUE
Male,Loyal Customer,49,Business Travel,Business,2419,4,4,5,4,5,5,5,4,5,5,5,5,5,4.69,0,0,TRUE
Male,Loyal Customer,47,Business Travel,Business,2678,2,2,1,2,5,4,5,4,4,4,4,5,4,3.54,0,0,TRUE
Male,Loyal Customer,34,Personal Travel,Eco,414,1,1,1,3,4,1,4,4,1,1,4,1,4,2.31,0,0,FALSE
Female,Disloyal Customer,25,Business Travel,Eco,598,1,4,1,5,2,1,2,2,5,3,3,2,2,2.54,0,0,FALSE
Male,Disloyal Customer,29,Business Travel,Business,1276,0,1,1,3,3,1,3,3,5,2,5,3,3,2.54,3,4,TRUE
Female,Loyal Customer,51,Business Travel,Business,562,2,3,3,3,1,4,4,2,2,3,2,4,3,2.77,0,15,FALSE
Male,Loyal Customer,34,Business Travel,Business,362,2,2,3,2,5,3,4,4,4,4,4,3,1,3.15,19,19,TRUE
Male,Loyal Customer,66,Personal Travel,Eco,453,4,1,4,4,3,4,3,3,3,3,3,3,3,3.15,0,2,FALSE
Female,Disloyal Customer,22,Business Travel,Eco,925,2,2,2,4,2,2,2,2,2,3,3,3,2,2.38,0,12,FALSE
Female,Loyal Customer,51,Business Travel,Business,503,4,4,5,4,2,5,5,3,3,3,3,5,3,3.77,73,65,TRUE
Female,Loyal Customer,14,Personal Travel,Eco,130,2,0,2,3,2,2,2,2,4,5,4,4,2,2.62,0,0,FALSE
Female,Loyal Customer,50,Personal Travel,Eco,382,3,4,3,1,3,5,4,1,1,3,1,4,3,2.77,34,14,FALSE
Male,Loyal Customer,42,Personal Travel,Eco,1041,2,5,2,3,4,2,2,4,5,2,4,5,4,3.38,14,4,FALSE
Male,Loyal Customer,36,Personal Travel,Eco Plus,661,3,2,3,3,5,3,4,5,3,3,4,3,5,3.54,0,0,FALSE
Female,Loyal Customer,48,Business Travel,Business,3794,2,2,2,2,4,5,5,4,4,4,4,5,3,3.54,1,11,TRUE
Male,Loyal Customer,47,Business Travel,Business,2030,1,1,1,1,5,5,4,4,4,4,4,5,4,3.31,0,10,TRUE
Male,Disloyal Customer,38,Business Travel,Eco,141,2,0,2,2,5,2,4,5,4,3,2,5,5,3.15,0,0,FALSE
Male,Loyal Customer,61,Personal Travel,Eco Plus,746,4,4,3,4,3,4,4,4,3,5,5,4,4,3.92,140,135,FALSE
Female,Loyal Customer,7,Personal Travel,Eco,534,3,5,3,4,2,3,2,2,3,3,4,4,2,3.08,19,12,FALSE
Female,Loyal Customer,42,Personal Travel,Eco,1399,3,5,3,1,2,3,5,3,3,3,5,3,4,3.31,0,23,FALSE
Male,Loyal Customer,57,Business Travel,Eco,369,4,4,3,4,4,4,4,4,3,2,2,3,4,3.46,0,0,TRUE
Male,Loyal Customer,33,Business Travel,Business,214,4,4,4,4,5,5,4,5,5,5,4,3,5,4.38,0,0,TRUE
Female,Disloyal Customer,30,Business Travel,Business,930,1,1,1,4,1,1,1,1,3,4,4,5,1,2.15,22,20,FALSE
Female,Loyal Customer,14,Personal Travel,Eco,1399,1,3,1,4,4,1,4,4,3,1,3,1,4,2.62,8,12,FALSE
Female,Disloyal Customer,64,Business Travel,Eco,1046,4,4,4,4,4,2,2,1,2,4,4,2,2,3,132,131,FALSE
Male,Disloyal Customer,29,Business Travel,Eco,971,3,3,3,3,1,3,1,1,4,2,3,4,1,2.46,4,0,FALSE
Female,Loyal Customer,41,Business Travel,Business,329,0,0,0,3,3,2,5,5,5,4,4,2,5,2.92,0,0,TRUE
Female,Loyal Customer,50,Personal Travel,Eco,468,3,5,3,3,4,5,4,2,2,3,2,4,5,3.46,0,18,FALSE
Female,Loyal Customer,49,Business Travel,Business,3248,4,4,5,4,4,4,4,5,5,5,5,3,4,4.31,0,0,TRUE
Male,Loyal Customer,10,Personal Travel,Eco,271,1,2,1,2,4,1,5,4,4,4,3,1,4,2.77,0,0,FALSE
Male,Disloyal Customer,43,Business Travel,Business,361,3,3,3,3,3,3,1,3,2,3,3,5,3,2.92,0,0,FALSE
Male,Loyal Customer,34,Personal Travel,Eco,1440,3,5,3,3,4,3,4,4,5,5,3,5,4,3.92,10,22,FALSE
Male,Loyal Customer,59,Personal Travel,Eco,776,1,5,0,3,3,0,3,3,5,2,5,5,3,2.92,1,25,FALSE
Female,Disloyal Customer,22,Business Travel,Business,551,5,2,5,3,4,5,4,4,4,2,5,5,4,4,0,0,TRUE
Female,Disloyal Customer,38,Business Travel,Eco,667,4,5,4,4,5,4,5,5,5,5,2,1,5,4.15,2,3,FALSE
Female,Disloyal Customer,26,Business Travel,Eco,528,1,3,1,3,3,1,3,3,2,3,3,3,3,2.46,0,0,FALSE
Female,Disloyal Customer,44,Business Travel,Eco,304,3,2,3,4,1,3,1,1,2,2,4,2,1,2.23,0,5,FALSE
Male,Loyal Customer,39,Business Travel,Business,1121,5,5,5,5,4,4,4,3,3,3,3,3,4,3.92,2,6,TRUE
Male,Loyal Customer,45,Business Travel,Business,552,2,2,2,2,5,4,5,4,4,4,4,3,5,3.54,0,0,TRUE
Female,Loyal Customer,12,Personal Travel,Eco,235,3,5,3,2,2,3,2,2,4,4,4,5,2,3.15,1,0,FALSE
Female,Loyal Customer,56,Business Travel,Business,729,1,1,1,1,1,4,2,4,4,4,4,5,1,2.54,1,0,TRUE
Male,Disloyal Customer,25,Business Travel,Business,125,1,4,1,4,3,1,3,3,4,4,5,3,3,3,6,8,FALSE
Male,Loyal Customer,62,Business Travel,Business,835,3,3,3,3,5,4,2,5,5,5,5,3,4,3.85,0,0,TRUE
Male,Loyal Customer,40,Business Travel,Business,2164,2,3,3,3,2,2,2,4,3,4,3,2,2,2.69,328,337,FALSE
Female,Loyal Customer,9,Business Travel,Business,2240,2,2,2,2,5,5,5,5,4,5,5,3,5,3.85,0,0,TRUE
Male,Loyal Customer,53,Personal Travel,Eco,700,4,5,4,1,4,4,2,4,4,4,4,1,4,3.46,0,0,FALSE
Female,Disloyal Customer,20,Business Travel,Eco,414,2,1,2,4,2,2,5,2,3,4,3,2,2,2.62,1,1,FALSE
Male,Disloyal Customer,34,Business Travel,Eco,438,2,2,2,3,2,2,2,2,3,2,3,1,2,2.15,0,36,FALSE
Female,Loyal Customer,37,Business Travel,Business,651,2,2,2,2,2,4,5,5,5,5,5,5,5,3.77,0,0,TRUE
Male,Disloyal Customer,24,Business Travel,Business,577,4,0,3,4,4,3,4,4,3,5,4,3,4,3.46,11,0,TRUE
Female,Loyal Customer,49,Personal Travel,Eco,300,2,5,5,3,1,3,1,5,5,5,5,4,4,3.69,8,0,FALSE
Male,Loyal Customer,24,Business Travel,Business,1440,4,4,4,4,5,5,5,5,3,4,5,3,5,4.31,17,23,TRUE
Male,Loyal Customer,11,Personal Travel,Business,1208,2,1,2,2,4,2,4,4,2,4,1,4,4,2.77,17,22,FALSE
Female,Loyal Customer,24,Personal Travel,Eco,954,3,4,3,1,5,3,2,5,5,3,4,5,5,3.69,0,19,FALSE
Male,Loyal Customer,43,Business Travel,Business,2704,1,1,1,1,3,4,5,4,4,4,4,3,4,3,10,0,TRUE
Female,Loyal Customer,38,Business Travel,Business,1638,4,4,4,4,3,5,4,5,5,5,5,5,3,4.31,0,1,TRUE
Male,Loyal Customer,70,Business Travel,Business,3080,1,3,3,3,3,4,3,1,1,2,1,2,2,2.23,0,0,FALSE
Female,Loyal Customer,49,Business Travel,Business,1431,4,1,4,4,3,5,4,5,5,5,5,3,3,3.92,0,0,TRUE
Male,Loyal Customer,37,Business Travel,Business,1199,3,3,2,3,2,4,5,3,3,2,3,4,1,2.92,0,14,TRUE
Female,Loyal Customer,53,Business Travel,Business,1438,3,5,5,5,5,3,3,3,3,3,3,3,1,3.46,0,30,FALSE
Male,Loyal Customer,74,Business Travel,Business,308,0,0,0,2,2,5,5,5,5,5,5,5,3,3.23,0,0,TRUE
Female,Loyal Customer,53,Business Travel,Business,1518,2,2,2,2,2,5,5,4,4,4,4,5,4,3.46,1,0,TRUE
Female,Loyal Customer,42,Personal Travel,Eco,314,4,4,4,4,5,4,5,3,3,4,3,4,4,3.92,66,45,FALSE
Male,Disloyal Customer,39,Business Travel,Business,472,5,5,5,2,2,5,2,2,4,4,4,3,2,3.46,1,0,TRUE
Female,Loyal Customer,45,Business Travel,Business,3743,1,1,1,1,3,5,5,5,5,5,5,3,4,3.38,0,0,TRUE
Male,Loyal Customer,39,Business Travel,Business,2446,2,2,2,2,4,4,4,5,3,5,4,4,4,3.46,0,3,TRUE
Female,Disloyal Customer,50,Business Travel,Eco,1034,3,3,3,1,5,3,5,5,1,3,5,2,5,3.38,0,0,FALSE
Male,Loyal Customer,50,Business Travel,Business,671,1,4,5,5,2,4,3,1,1,2,1,4,4,2.85,60,73,FALSE
Male,Loyal Customer,36,Business Travel,Business,1600,3,4,4,4,2,4,4,3,3,3,3,2,4,3.31,18,11,FALSE
Female,Loyal Customer,11,Personal Travel,Eco,406,3,4,3,4,2,3,2,2,5,3,4,3,2,3.08,0,0,FALSE
Female,Loyal Customer,54,Business Travel,Business,1518,3,3,3,3,3,4,4,5,5,5,5,3,3,3.77,6,3,TRUE
Male,Disloyal Customer,39,Business Travel,Eco,835,4,4,4,3,1,4,2,1,1,1,3,3,1,2.46,0,4,TRUE
Female,Loyal Customer,53,Personal Travel,Eco Plus,331,3,5,3,1,5,5,5,2,2,3,2,1,3,3.08,0,0,FALSE
Female,Loyal Customer,54,Business Travel,Business,3513,3,3,3,3,2,4,5,4,4,4,4,4,5,3.69,0,0,TRUE
Female,Loyal Customer,64,Personal Travel,Eco,300,1,4,1,1,1,2,3,3,3,1,3,2,2,2.08,0,21,FALSE
Male,Loyal Customer,50,Personal Travel,Eco,896,3,2,3,4,1,3,1,1,3,4,3,2,1,2.38,13,3,FALSE
Female,Loyal Customer,46,Personal Travel,Eco Plus,671,3,3,2,4,5,4,4,3,3,2,3,4,3,3.31,18,11,FALSE
Male,Loyal Customer,11,Personal Travel,Eco,429,2,5,2,1,2,2,2,2,1,1,3,4,2,2.23,7,7,FALSE
Female,Loyal Customer,55,Business Travel,Eco Plus,228,3,3,2,3,5,3,4,4,4,3,4,3,2,3.31,61,72,FALSE
Female,Loyal Customer,53,Business Travel,Business,2875,1,1,1,1,2,4,4,1,1,1,1,1,1,1.54,0,0,FALSE
Male,Disloyal Customer,32,Business Travel,Business,200,4,4,4,3,3,4,3,3,4,2,5,4,3,3.54,6,0,FALSE
Male,Loyal Customer,51,Personal Travel,Eco,214,3,2,3,4,4,3,4,4,4,4,4,3,4,3.54,0,0,FALSE
Female,Loyal Customer,51,Business Travel,Business,3855,3,3,3,3,4,5,4,4,4,4,4,3,3,3.62,0,0,TRUE
Female,Loyal Customer,39,Business Travel,Business,717,5,5,5,5,5,5,5,4,4,4,4,4,5,4.62,64,47,TRUE
Female,Loyal Customer,43,Business Travel,Business,2959,3,3,3,3,5,4,4,5,5,5,5,3,4,4,0,0,TRUE
Female,Loyal Customer,50,Personal Travel,Business,201,4,4,4,4,2,4,3,1,1,4,1,4,4,3.08,0,0,TRUE
Female,Disloyal Customer,35,Business Travel,Eco,737,3,4,4,3,5,4,5,5,3,3,3,1,5,3.69,0,0,FALSE
Female,Loyal Customer,37,Personal Travel,Eco,718,3,1,3,4,5,3,5,5,1,1,4,2,5,3.23,0,0,FALSE
Male,Loyal Customer,29,Business Travel,Business,258,2,1,1,1,2,2,2,2,4,3,3,2,2,2.08,115,130,FALSE
Male,Loyal Customer,20,Personal Travel,Eco,1671,1,2,1,3,4,1,2,4,4,1,4,3,4,2.62,0,0,FALSE
Male,Loyal Customer,54,Personal Travel,Eco Plus,1635,2,4,1,4,2,1,2,2,4,4,5,3,2,2.77,20,4,FALSE
Male,Disloyal Customer,22,Business Travel,Eco,718,3,3,3,2,3,3,3,3,4,3,4,3,3,3.08,0,0,FALSE
Female,Loyal Customer,64,Personal Travel,Eco,1015,2,2,2,3,2,5,5,2,3,3,4,5,5,3.31,210,216,FALSE
Male,Loyal Customer,53,Personal Travel,Eco,1258,4,5,4,3,5,4,4,5,4,3,4,3,5,4.08,33,54,TRUE
Male,Loyal Customer,42,Business Travel,Business,3385,1,1,3,1,2,4,4,5,5,5,5,4,4,3.38,0,0,TRUE
Female,Loyal Customer,54,Business Travel,Business,888,4,1,1,1,2,3,4,4,4,4,4,4,3,3,35,24,FALSE
Female,Loyal Customer,48,Business Travel,Business,813,5,5,5,5,2,4,4,4,4,4,4,5,4,4.23,0,0,TRUE
Female,Loyal Customer,37,Personal Travel,Business,303,3,4,3,4,3,4,4,2,2,3,2,3,4,3.15,43,119,FALSE
Female,Loyal Customer,28,Personal Travel,Eco,331,1,3,1,2,5,1,1,5,5,3,5,4,5,3.15,0,0,FALSE
Male,Loyal Customer,42,Personal Travel,Eco,862,3,1,3,4,3,3,3,3,3,4,3,3,3,3,85,73,FALSE
Female,Loyal Customer,11,Personal Travel,Eco,632,2,5,2,3,1,2,2,1,4,2,5,5,1,2.69,16,1,FALSE
Male,Loyal Customer,47,Personal Travel,Eco,436,2,4,2,1,4,2,4,4,5,2,5,4,4,3.31,8,4,FALSE
Male,Disloyal Customer,36,Business Travel,Eco,402,4,0,4,2,1,4,1,1,4,5,2,4,1,2.54,0,0,FALSE
Male,Loyal Customer,37,Business Travel,Eco,1085,3,2,2,2,3,3,3,3,3,2,3,4,3,2.77,0,0,FALSE
Female,Disloyal Customer,23,Business Travel,Eco,451,4,0,4,2,4,4,1,4,3,4,5,3,4,3.23,5,5,FALSE
Female,Loyal Customer,37,Personal Travel,Eco,1411,1,5,1,3,1,1,1,1,4,5,4,3,1,2.38,0,0,FALSE
Male,Loyal Customer,57,Business Travel,Business,89,2,2,2,2,2,4,4,5,5,5,4,3,4,3.38,5,4,TRUE
Female,Loyal Customer,69,Personal Travel,Eco,1013,3,3,3,1,2,5,2,5,5,3,5,1,5,3.31,0,14,FALSE
Male,Loyal Customer,44,Business Travel,Business,342,3,3,3,3,3,5,5,5,5,5,5,3,4,4,11,0,TRUE
Male,Disloyal Customer,24,Business Travel,Eco,909,5,5,5,3,1,5,1,1,1,5,1,3,1,2.85,0,0,TRUE
Male,Loyal Customer,45,Business Travel,Business,1924,2,2,2,2,3,4,4,5,5,5,5,3,5,3.62,6,0,TRUE
Male,Disloyal Customer,57,Business Travel,Eco,676,4,4,4,2,4,4,4,4,3,1,2,1,4,3.15,33,21,FALSE
Male,Loyal Customer,66,Personal Travel,Eco Plus,56,2,1,0,4,5,0,5,5,4,5,3,3,5,3.23,0,13,FALSE
Female,Loyal Customer,48,Business Travel,Eco Plus,236,5,2,2,2,4,2,1,5,5,5,5,5,1,3.38,120,109,TRUE
Female,Loyal Customer,59,Business Travel,Business,2250,4,4,4,4,4,5,3,5,5,5,3,2,4,4,0,0,TRUE
Male,Loyal Customer,42,Business Travel,Business,2173,5,5,5,5,2,4,1,4,4,4,4,4,3,3.85,0,0,TRUE
Male,Loyal Customer,24,Personal Travel,Eco,160,2,4,2,2,1,2,2,1,3,2,5,5,1,2.46,13,10,FALSE
Male,Loyal Customer,47,Business Travel,Business,236,2,2,2,2,3,4,4,5,5,5,5,4,3,3.54,3,0,TRUE
Female,Loyal Customer,64,Personal Travel,Eco,936,4,2,4,3,1,3,3,5,5,4,5,2,4,3.46,3,8,FALSE
Female,Disloyal Customer,38,Business Travel,Eco,1222,2,2,2,1,5,2,5,5,1,3,3,1,5,2.85,0,0,FALSE
Male,Loyal Customer,33,Personal Travel,Eco Plus,2576,3,5,3,3,3,3,3,3,5,1,4,4,3,3.31,0,0,FALSE
Female,Loyal Customer,60,Business Travel,Business,305,5,5,5,5,5,4,4,5,5,5,5,3,5,4.69,22,23,TRUE
Female,Loyal Customer,42,Business Travel,Business,2024,5,5,5,5,1,2,3,5,5,5,5,5,5,4.31,0,0,TRUE
Female,Loyal Customer,56,Personal Travel,Eco,160,1,4,1,3,2,4,4,3,3,1,2,4,3,2.69,11,3,FALSE
Female,Loyal Customer,20,Personal Travel,Eco,391,3,5,3,4,1,3,1,1,5,4,5,5,1,3.15,13,15,FALSE
Female,Loyal Customer,48,Business Travel,Eco,837,2,2,2,2,1,3,3,2,2,2,2,4,3,2.31,0,8,FALSE
Male,Loyal Customer,44,Business Travel,Business,1182,5,5,5,5,5,5,4,4,4,4,4,4,5,4.54,0,0,TRUE
Female,Loyal Customer,39,Business Travel,Business,3753,3,3,4,3,2,5,5,5,5,5,5,3,3,3.92,0,0,TRUE
Female,Loyal Customer,55,Business Travel,Eco,174,5,2,2,2,1,4,3,5,5,5,5,2,2,3.31,12,20,TRUE
Female,Loyal Customer,12,Personal Travel,Eco,158,0,5,0,3,2,0,2,2,3,3,4,3,2,2.23,0,0,TRUE
Female,Loyal Customer,28,Business Travel,Business,1942,2,2,2,2,5,5,5,5,3,5,1,5,5,3.62,148,163,TRUE
Male,Disloyal Customer,22,Business Travel,Eco,866,3,3,3,3,5,3,5,5,4,3,3,2,5,3.62,5,22,FALSE
Female,Loyal Customer,39,Business Travel,Business,2598,3,1,3,1,2,3,4,3,3,3,3,3,1,2.54,0,6,FALSE
Female,Loyal Customer,52,Personal Travel,Business,326,5,5,5,4,3,4,4,4,4,5,4,1,1,3.77,0,0,TRUE
Male,Loyal Customer,48,Business Travel,Eco Plus,507,2,2,2,2,2,2,2,2,3,4,4,1,2,2.31,0,0,FALSE
Female,Loyal Customer,20,Personal Travel,Eco,1617,0,1,0,3,2,0,2,2,2,3,3,4,2,1.85,0,0,TRUE
Male,Loyal Customer,36,Personal Travel,Eco Plus,1721,1,4,1,2,5,1,5,5,3,4,5,4,5,3.46,1,1,FALSE
Male,Disloyal Customer,44,Business Travel,Business,417,3,3,3,4,1,3,1,1,4,4,5,3,1,2.77,35,48,FALSE
Male,Disloyal Customer,55,Personal Travel,Eco,577,0,5,0,3,3,5,3,3,3,4,5,3,3,3.08,0,0,TRUE
Female,Loyal Customer,54,Personal Travel,Eco,363,3,1,3,4,5,3,3,5,5,3,1,4,4,3.38,0,0,FALSE
Male,Loyal Customer,18,Personal Travel,Eco,130,2,1,2,2,2,2,2,1,5,3,2,2,2,2.15,84,183,FALSE
Female,Loyal Customer,55,Business Travel,Business,2571,3,1,1,1,5,3,3,3,3,3,3,4,2,2.69,0,0,FALSE
Female,Loyal Customer,60,Personal Travel,Eco,1426,3,2,3,3,3,4,4,5,5,3,5,3,4,3.62,0,0,FALSE
Female,Loyal Customer,35,Personal Travel,Eco,201,2,2,2,3,1,2,1,1,2,5,3,1,1,2,14,6,FALSE
Female,Loyal Customer,32,Business Travel,Business,3465,2,2,2,2,4,4,4,4,2,2,4,5,4,3.15,0,2,TRUE
Female,Loyal Customer,38,Business Travel,Business,3995,3,3,3,3,3,3,4,3,3,3,3,4,2,3.08,31,19,FALSE
Female,Loyal Customer,12,Personal Travel,Business,184,0,4,0,4,4,0,4,4,1,1,3,1,4,2.31,0,0,TRUE
Female,Loyal Customer,48,Business Travel,Eco,550,2,3,3,3,4,2,3,2,2,2,2,4,3,2.69,0,0,FALSE
Female,Loyal Customer,20,Personal Travel,Eco,419,2,1,2,3,5,2,5,5,2,3,3,3,5,3.15,0,0,FALSE
Male,Loyal Customer,29,Personal Travel,Business,1195,0,4,1,2,2,1,1,2,4,2,3,3,2,2.08,15,3,TRUE
Male,Loyal Customer,9,Business Travel,Eco,816,3,5,4,5,3,3,4,3,4,1,4,2,3,3.38,54,52,FALSE
Male,Loyal Customer,20,Business Travel,Business,1368,3,2,2,2,3,3,3,3,2,1,3,2,3,2.46,95,74,FALSE
Male,Loyal Customer,37,Business Travel,Eco,341,4,2,2,2,4,4,4,4,3,3,5,3,4,3.38,0,0,TRUE
Male,Loyal Customer,30,Business Travel,Business,1504,1,3,3,3,1,1,1,1,2,5,3,2,1,2.08,1,0,FALSE
Female,Loyal Customer,47,Business Travel,Business,1547,1,1,1,1,4,4,5,4,4,4,4,4,4,3.15,21,20,TRUE
Male,Loyal Customer,48,Business Travel,Business,3567,5,5,5,5,2,1,4,4,4,4,4,4,1,3.69,23,3,TRUE
Male,Loyal Customer,43,Business Travel,Business,1504,3,3,5,3,4,4,4,5,5,5,5,5,3,4.15,0,0,TRUE
Female,Loyal Customer,52,Personal Travel,Eco,460,4,4,4,3,1,3,3,2,2,4,2,4,4,3.08,0,0,FALSE
Female,Loyal Customer,42,Business Travel,Business,447,1,2,2,2,2,3,3,1,1,1,1,3,3,1.92,18,8,FALSE
Male,Loyal Customer,36,Business Travel,Business,956,2,5,5,5,4,3,4,2,2,2,2,1,1,2.92,103,89,FALSE
Female,Loyal Customer,25,Personal Travel,Business,587,3,5,3,1,4,3,4,4,4,5,4,3,4,3.62,46,35,FALSE
Male,Loyal Customer,23,Business Travel,Business,2597,4,4,4,4,5,4,5,5,5,4,5,2,5,4.31,0,0,TRUE
Male,Loyal Customer,58,Business Travel,Eco,135,2,1,1,1,3,2,3,3,2,3,3,3,3,2.31,0,0,FALSE
Male,Loyal Customer,45,Business Travel,Business,1846,5,5,5,5,3,4,4,3,3,3,3,3,5,3.92,0,0,TRUE
Female,Loyal Customer,44,Business Travel,Business,2072,1,1,1,1,4,3,4,4,4,4,4,5,3,3,3,0,TRUE
Male,Loyal Customer,49,Business Travel,Business,2556,3,3,1,3,3,4,4,4,4,4,4,5,5,3.62,0,0,TRUE
Female,Loyal Customer,41,Business Travel,Business,2713,3,5,5,5,1,3,3,3,3,3,3,1,2,3.08,56,44,FALSE
Male,Loyal Customer,35,Business Travel,Business,3899,2,2,2,2,5,5,4,3,3,4,3,4,3,3.23,55,44,TRUE
Male,Loyal Customer,48,Business Travel,Business,986,3,2,2,2,2,4,4,3,3,3,3,2,1,2.62,3,18,FALSE
Male,Loyal Customer,45,Business Travel,Eco Plus,2419,5,3,5,5,5,5,5,3,3,4,5,5,5,4.46,23,16,TRUE
Female,Disloyal Customer,27,Business Travel,Eco,453,3,0,3,1,4,3,4,4,3,4,3,4,4,3.08,7,4,FALSE
Male,Loyal Customer,50,Personal Travel,Business,627,1,3,1,4,4,4,4,2,2,1,2,3,4,2.69,0,0,FALSE
Female,Loyal Customer,41,Business Travel,Business,1416,5,5,5,5,3,4,4,4,4,4,4,5,4,4.31,0,0,TRUE
Male,Loyal Customer,46,Business Travel,Eco,1009,3,5,5,5,3,3,3,3,2,2,3,3,3,3.31,0,0,FALSE
Male,Disloyal Customer,27,Business Travel,Business,189,5,5,5,5,2,5,2,2,4,2,5,3,2,3.62,27,28,TRUE
Female,Loyal Customer,30,Business Travel,Business,1531,2,2,2,2,5,5,5,5,4,3,5,3,5,3.69,33,25,TRUE
Female,Loyal Customer,40,Personal Travel,Eco,936,2,4,2,2,2,2,2,2,5,5,4,3,2,2.85,39,42,FALSE
Male,Loyal Customer,31,Personal Travel,Eco,666,1,0,2,3,5,2,5,5,3,3,4,4,5,3.23,0,0,FALSE
Male,Loyal Customer,47,Personal Travel,Business,304,3,5,3,1,2,5,4,3,3,3,3,3,5,3.31,0,0,FALSE
Male,Disloyal Customer,16,Business Travel,Eco,709,3,3,3,3,3,3,3,2,5,3,3,3,3,3.08,10,6,FALSE
Male,Loyal Customer,35,Personal Travel,Eco Plus,312,3,4,3,3,1,3,1,1,5,3,5,4,1,2.85,0,0,FALSE
Female,Loyal Customer,33,Business Travel,Business,1199,1,1,5,1,5,4,5,4,4,4,4,5,4,3.62,2,25,TRUE
Female,Loyal Customer,47,Business Travel,Business,3799,5,5,5,5,4,4,5,4,4,4,4,4,3,4.31,0,0,TRUE
Female,Disloyal Customer,20,Business Travel,Eco,1237,4,4,4,1,2,4,2,2,2,4,2,2,2,2.69,45,33,TRUE
Female,Loyal Customer,23,Business Travel,Business,3571,4,3,5,3,4,4,4,4,3,4,3,4,4,3.77,0,0,FALSE
Male,Loyal Customer,53,Business Travel,Business,1747,3,3,3,3,4,4,4,3,3,2,3,5,4,3.38,0,0,TRUE
Female,Loyal Customer,62,Personal Travel,Eco,601,2,5,2,4,2,4,2,4,4,2,4,1,1,2.85,17,6,FALSE
Female,Disloyal Customer,36,Business Travel,Eco,248,3,0,3,2,1,3,5,1,5,3,5,2,1,2.62,6,0,FALSE
Female,Loyal Customer,15,Personal Travel,Eco,271,3,0,3,4,5,3,5,5,5,4,5,3,5,3.85,0,0,FALSE
Female,Loyal Customer,70,Personal Travel,Eco,466,2,5,2,4,3,5,5,5,5,2,3,3,3,3.62,23,9,FALSE
Male,Disloyal Customer,20,Business Travel,Eco,337,3,0,3,3,2,3,2,2,5,5,5,5,2,3.08,25,18,FALSE
Male,Loyal Customer,22,Personal Travel,Eco Plus,1189,3,4,4,4,1,4,1,1,5,2,5,5,1,3.08,39,41,FALSE
Male,Loyal Customer,22,Business Travel,Business,3010,1,1,1,1,4,4,4,4,5,3,5,4,4,3.15,0,3,TRUE
Female,Loyal Customer,7,Personal Travel,Eco,547,3,2,3,4,4,3,4,4,3,5,3,2,4,3.38,28,28,FALSE
Male,Loyal Customer,40,Business Travel,Business,3025,4,4,4,4,2,2,1,4,4,4,4,3,2,3.23,0,0,TRUE
Female,Loyal Customer,32,Business Travel,Business,986,3,3,3,3,2,2,2,2,3,3,5,5,2,2.92,0,0,TRUE
Male,Loyal Customer,40,Business Travel,Eco Plus,746,1,0,0,4,3,0,3,3,3,5,3,4,3,2.46,13,12,FALSE
Female,Loyal Customer,58,Business Travel,Business,1973,1,1,5,1,3,5,5,5,5,5,5,5,5,3.92,0,0,TRUE
Female,Loyal Customer,64,Personal Travel,Eco,120,3,5,3,2,1,1,4,1,1,3,1,1,3,2.23,0,0,FALSE
Female,Loyal Customer,48,Business Travel,Business,761,3,3,3,3,5,4,5,4,4,4,4,4,4,3.85,0,0,TRUE
Male,Loyal Customer,25,Business Travel,Business,541,2,5,5,5,2,2,2,2,2,2,3,2,2,2.77,0,0,FALSE
Female,Loyal Customer,9,Personal Travel,Eco,948,1,1,2,3,1,2,1,1,2,1,4,3,1,1.77,1,0,FALSE
Female,Loyal Customer,36,Business Travel,Business,1214,5,5,5,5,2,4,5,4,4,4,4,3,5,4.23,0,0,TRUE
Female,Loyal Customer,32,Personal Travel,Business,821,4,4,4,4,5,4,5,5,2,5,4,2,5,4.08,0,0,TRUE
Female,Loyal Customer,48,Business Travel,Business,273,1,1,1,1,5,4,5,5,5,5,5,5,4,3.62,0,52,TRUE
Male,Loyal Customer,30,Business Travel,Eco,247,1,3,3,3,1,1,1,1,3,5,4,4,1,2.38,0,0,FALSE
Male,Loyal Customer,9,Personal Travel,Eco Plus,1085,4,4,4,5,5,4,1,5,5,4,4,4,5,4.15,0,0,FALSE
Male,Loyal Customer,47,Business Travel,Business,1844,4,4,4,4,5,4,4,4,4,4,4,3,3,3.92,0,0,TRUE
Female,Loyal Customer,44,Business Travel,Business,405,1,3,3,3,1,2,1,1,1,1,1,2,4,1.85,3,1,FALSE
Female,Loyal Customer,9,Personal Travel,Eco Plus,349,4,5,3,5,5,3,5,5,4,5,5,3,5,4.38,0,0,FALSE
Male,Loyal Customer,56,Business Travel,Business,2946,4,1,1,1,2,1,2,4,4,4,4,1,1,2.31,76,66,FALSE
Female,Loyal Customer,23,Personal Travel,Eco,315,2,4,2,3,5,2,5,5,1,5,3,4,5,3.54,26,26,FALSE
Male,Loyal Customer,40,Business Travel,Business,829,2,2,2,2,5,5,5,4,4,4,4,4,5,3.69,0,0,TRUE
Female,Loyal Customer,40,Business Travel,Business,491,3,3,3,3,1,3,4,3,3,3,3,3,2,2.85,67,67,FALSE
Male,Loyal Customer,37,Personal Travel,Eco,86,4,4,4,3,3,4,3,3,4,5,5,4,3,3.77,9,2,FALSE
Female,Loyal Customer,24,Business Travel,Eco,430,4,5,5,5,4,4,4,4,5,4,1,1,4,3.85,42,32,TRUE
Male,Loyal Customer,54,Business Travel,Eco,342,3,3,3,3,4,3,4,4,3,4,4,4,4,3.54,0,0,FALSE
Female,Disloyal Customer,25,Business Travel,Business,1045,3,0,3,1,1,3,1,1,4,3,4,3,1,2.15,34,40,FALSE
Male,Loyal Customer,47,Business Travel,Business,3607,3,3,3,3,4,5,5,5,5,5,5,3,5,4.15,5,0,TRUE
Female,Disloyal Customer,28,Business Travel,Business,1235,5,5,5,2,2,0,2,2,3,4,4,3,2,3,0,0,TRUE
Male,Loyal Customer,24,Personal Travel,Eco,957,2,5,2,3,2,2,2,2,4,3,5,3,2,2.85,0,1,FALSE
Female,Loyal Customer,50,Personal Travel,Eco,950,1,4,1,4,2,4,4,1,1,1,1,1,2,2.08,70,52,FALSE
Female,Disloyal Customer,36,Business Travel,Eco,143,3,4,3,1,4,3,4,4,3,3,5,1,4,3.23,40,30,FALSE
Female,Loyal Customer,49,Business Travel,Business,1537,5,5,5,5,2,4,4,4,4,4,4,5,4,4.23,7,23,TRUE
Male,Loyal Customer,19,Business Travel,Eco,1156,3,4,4,4,3,3,2,3,1,4,4,3,3,3.15,0,0,FALSE
Female,Loyal Customer,39,Business Travel,Business,2475,5,5,5,5,5,5,5,3,3,4,3,4,3,4.23,0,0,TRUE
Male,Loyal Customer,55,Business Travel,Eco,216,5,2,2,2,4,5,4,4,3,1,1,2,4,3,0,0,TRUE
Male,Disloyal Customer,42,Business Travel,Business,406,5,5,5,4,4,5,4,4,3,2,4,3,4,4,0,0,TRUE
Male,Disloyal Customer,40,Business Travel,Eco,101,3,0,3,2,1,3,1,1,5,2,1,3,1,2,0,0,FALSE
Female,Loyal Customer,23,Business Travel,Eco,616,0,5,0,2,4,0,3,4,4,2,2,3,4,2.54,0,0,TRUE
Male,Loyal Customer,44,Business Travel,Business,2991,1,1,1,1,4,4,4,4,4,5,4,4,4,3.15,109,138,TRUE
Female,Loyal Customer,41,Business Travel,Business,1831,3,3,2,3,4,4,4,3,3,3,3,3,3,3.15,8,5,FALSE
Male,Loyal Customer,50,Business Travel,Business,3449,1,1,1,1,2,4,2,4,4,4,4,1,5,2.62,0,0,TRUE
Male,Loyal Customer,36,Business Travel,Eco,829,2,5,4,5,2,2,2,5,4,5,3,2,2,3.31,9,22,TRUE
Male,Loyal Customer,46,Business Travel,Business,2419,1,1,1,1,4,4,4,5,4,4,5,4,4,3.23,7,32,TRUE
Male,Loyal Customer,55,Personal Travel,Eco Plus,280,1,4,1,1,3,1,3,3,2,3,3,2,3,2.31,1,34,FALSE
Female,Disloyal Customer,30,Business Travel,Eco,692,3,3,3,3,1,3,1,1,2,3,3,4,1,2.38,0,0,FALSE
Female,Loyal Customer,47,Business Travel,Business,3439,1,1,1,1,2,1,4,3,3,3,3,1,3,2.08,33,102,TRUE
Male,Loyal Customer,42,Business Travel,Business,2895,4,4,4,4,4,4,4,4,4,5,4,4,5,4.15,32,25,TRUE
Male,Loyal Customer,38,Business Travel,Business,779,1,1,1,1,4,2,4,5,5,4,5,4,3,3.08,0,0,TRUE
Male,Loyal Customer,57,Personal Travel,Eco Plus,533,3,5,3,4,1,3,1,1,5,4,5,4,1,3.08,0,5,FALSE
Female,Loyal Customer,46,Business Travel,Business,948,1,1,1,1,2,4,4,5,5,5,5,3,3,3.08,0,0,TRUE
Female,Loyal Customer,58,Personal Travel,Eco,1874,2,1,1,4,1,4,3,5,5,1,5,2,2,2.77,0,12,FALSE
Female,Loyal Customer,49,Business Travel,Eco,404,3,4,4,4,3,3,3,3,3,3,3,1,4,3.15,19,18,FALSE
Male,Loyal Customer,22,Personal Travel,Eco,861,4,4,4,4,3,4,3,3,4,3,5,5,3,3.77,27,37,TRUE
Female,Loyal Customer,53,Business Travel,Business,1886,2,4,4,4,5,3,4,2,2,2,2,4,1,3,54,43,FALSE
Male,Loyal Customer,10,Personal Travel,Eco,1892,3,1,3,3,1,3,5,1,4,5,4,3,1,2.85,0,0,FALSE
Female,Loyal Customer,44,Business Travel,Business,2791,4,4,5,4,3,4,5,4,4,5,4,5,4,4.23,0,0,TRUE
Male,Loyal Customer,34,Business Travel,Business,3848,1,1,1,1,1,5,4,5,5,5,5,2,4,3.08,0,92,TRUE
Female,Loyal Customer,37,Business Travel,Business,1638,1,1,1,1,3,4,4,5,5,5,5,5,3,3.31,124,111,TRUE
Male,Loyal Customer,27,Business Travel,Business,3229,0,0,0,2,2,2,2,2,3,2,3,3,2,1.77,0,0,TRUE
Female,Loyal Customer,55,Personal Travel,Eco,432,3,2,4,4,2,3,3,5,5,4,5,1,3,3.38,1,2,FALSE
Male,Loyal Customer,45,Business Travel,Business,2616,3,3,3,3,5,5,5,4,4,4,4,4,3,3.85,6,6,TRUE
Female,Loyal Customer,33,Personal Travel,Eco,1334,5,5,5,2,5,5,3,5,3,3,5,5,5,4.31,5,4,TRUE
Female,Loyal Customer,34,Business Travel,Business,2496,5,5,5,5,5,4,4,1,1,2,1,3,1,3.23,0,0,TRUE
Male,Loyal Customer,42,Business Travel,Business,3011,4,4,4,4,4,4,5,5,5,4,5,4,4,4.31,24,16,TRUE
Female,Loyal Customer,50,Business Travel,Business,2173,2,2,2,2,5,1,3,2,2,2,2,2,2,2.23,17,12,FALSE
Female,Disloyal Customer,24,Business Travel,Eco,227,4,4,4,1,1,4,1,1,5,5,5,3,1,3,0,0,FALSE
Female,Loyal Customer,54,Personal Travel,Eco,157,2,3,2,2,5,1,3,5,5,2,5,4,4,3.31,0,0,FALSE
Female,Loyal Customer,80,Business Travel,Eco Plus,436,2,1,1,1,4,3,3,2,2,2,2,4,4,2.38,0,0,FALSE
Male,Loyal Customer,43,Business Travel,Business,3302,2,2,2,2,4,2,4,3,3,4,3,2,3,2.77,4,5,TRUE
Male,Loyal Customer,50,Business Travel,Eco,2676,3,2,2,2,3,3,3,3,4,1,1,1,3,2.38,1,0,FALSE
Female,Loyal Customer,42,Personal Travel,Eco,110,2,5,2,3,5,3,5,3,3,2,3,5,2,3.31,0,,FALSE
Female,Loyal Customer,49,Business Travel,Business,1766,4,1,2,2,1,4,4,4,4,3,4,4,3,3.08,51,61,FALSE
Male,Loyal Customer,12,Personal Travel,Eco,1303,3,5,3,1,3,3,3,3,5,4,3,3,3,3.23,0,0,FALSE
Male,Disloyal Customer,21,Business Travel,Eco,772,2,2,2,2,2,2,2,2,3,3,4,3,2,2.38,11,7,FALSE
Female,Loyal Customer,60,Business Travel,Business,1587,2,5,5,5,1,3,4,2,2,2,2,3,3,3,7,0,FALSE
Male,Loyal Customer,38,Personal Travel,Eco,1911,3,5,3,3,3,3,2,3,3,2,4,3,3,3.08,24,21,FALSE
Male,Loyal Customer,14,Personal Travel,Eco,873,1,0,1,4,4,1,4,4,1,3,3,1,4,2.38,0,0,FALSE
Male,Disloyal Customer,25,Business Travel,Eco,1264,3,3,3,1,3,4,4,2,4,4,5,4,4,3.38,0,4,FALSE
Female,Loyal Customer,24,Business Travel,Business,541,3,3,3,3,5,5,5,5,3,4,4,5,5,4.08,0,0,TRUE
Male,Loyal Customer,26,Personal Travel,Eco,344,4,3,4,2,3,4,3,3,2,5,2,1,3,3,0,0,TRUE
Female,Disloyal Customer,25,Business Travel,Business,447,2,0,2,2,1,2,1,1,5,2,4,3,1,2,27,16,FALSE
Male,Loyal Customer,30,Business Travel,Business,802,2,2,2,2,3,4,3,3,5,4,4,5,3,3.23,0,1,TRUE
Female,Loyal Customer,59,Business Travel,Business,501,1,1,4,1,3,2,4,5,5,5,5,4,1,3.15,91,107,TRUE
Female,Loyal Customer,52,Personal Travel,Business,2475,1,0,1,4,1,1,1,2,4,2,4,1,1,1.77,0,6,FALSE
Female,Loyal Customer,42,Personal Travel,Eco,589,4,5,3,4,3,4,5,4,4,3,4,3,5,3.92,0,0,FALSE
Male,Loyal Customer,55,Business Travel,Eco,323,2,1,1,1,1,2,1,1,1,3,4,2,1,1.62,0,0,FALSE
Male,Loyal Customer,61,Personal Travel,Eco,675,2,5,2,1,1,2,1,1,3,4,5,3,1,2.38,0,0,FALSE
Male,Loyal Customer,30,Personal Travel,Eco,308,3,4,3,1,5,3,5,5,5,2,4,3,5,3.69,0,0,FALSE
Female,Disloyal Customer,20,Business Travel,Eco,190,1,0,2,3,4,2,2,4,4,4,3,3,4,2.77,0,8,FALSE
Female,Loyal Customer,26,Business Travel,Eco,965,0,5,0,1,4,0,4,4,4,4,1,3,4,2.62,1,0,TRUE
Male,Loyal Customer,33,Business Travel,Eco,1182,1,5,5,5,1,1,1,1,2,2,4,3,1,2.46,23,19,FALSE
Male,Loyal Customer,50,Business Travel,Business,1428,3,5,3,3,1,5,5,5,5,5,5,2,2,3.77,0,0,TRUE
Male,Disloyal Customer,33,Business Travel,Eco,399,3,0,3,3,2,3,5,2,4,4,1,3,2,2.69,0,0,FALSE
Female,Loyal Customer,57,Personal Travel,Eco,2446,4,5,3,2,5,5,4,5,5,3,5,5,5,4.31,0,0,FALSE
Male,Loyal Customer,27,Personal Travel,Eco,718,3,2,3,3,2,3,2,2,4,4,3,1,2,2.62,0,0,FALSE
Female,Loyal Customer,25,Business Travel,Business,3431,2,5,5,5,2,2,2,2,3,2,3,3,2,2.92,0,12,FALSE
Female,Loyal Customer,42,Business Travel,Business,1744,3,3,3,3,3,3,5,5,5,5,5,3,3,3.77,0,0,TRUE
Female,Loyal Customer,25,Business Travel,Eco,399,0,5,0,5,2,0,2,2,5,2,2,2,2,2.23,0,0,TRUE
Female,Loyal Customer,28,Business Travel,Business,3129,3,3,3,3,3,3,3,3,3,1,3,2,3,2.77,0,0,FALSE
Male,Disloyal Customer,33,Business Travel,Eco,682,1,1,1,3,1,3,4,3,3,3,3,4,4,2.62,206,243,FALSE
Female,Loyal Customer,48,Business Travel,Business,1729,2,3,2,2,5,4,5,5,5,5,5,5,4,4,4,34,TRUE
Male,Loyal Customer,11,Business Travel,Eco Plus,744,0,4,0,3,2,0,2,2,1,3,5,2,2,2,0,0,TRUE
Male,Loyal Customer,29,Personal Travel,Eco,612,4,4,4,3,1,4,1,1,1,3,4,1,1,2.46,0,0,FALSE
Female,Loyal Customer,38,Business Travel,Business,3394,0,0,0,2,2,4,5,5,5,5,5,4,3,3.08,13,28,TRUE
Male,Loyal Customer,34,Business Travel,Business,1562,1,3,1,1,5,4,2,5,5,5,5,3,3,3.31,0,0,TRUE
Female,Loyal Customer,13,Personal Travel,Eco,528,1,4,1,1,5,1,5,5,5,4,4,3,5,3.38,0,0,FALSE
Female,Loyal Customer,49,Business Travel,Business,2475,3,3,3,3,3,4,4,5,5,5,5,5,3,3.92,0,0,TRUE
Female,Loyal Customer,14,Personal Travel,Eco,937,2,4,2,5,4,2,5,4,5,4,4,3,4,3.69,2,2,FALSE
Male,Disloyal Customer,8,Business Travel,Business,731,3,4,3,4,4,3,4,4,5,3,4,4,4,3.77,0,0,FALSE
Male,Loyal Customer,44,Business Travel,Business,528,3,3,3,3,4,2,1,4,4,4,4,3,1,3,0,0,TRUE
Male,Disloyal Customer,22,Business Travel,Eco,503,1,4,1,3,5,1,2,5,2,4,3,2,5,2.92,0,0,FALSE
Male,Loyal Customer,11,Personal Travel,Eco,502,3,5,3,1,1,3,1,1,3,2,5,3,1,2.46,0,3,FALSE
Male,Loyal Customer,30,Business Travel,Business,1024,3,3,3,3,5,5,5,5,3,2,4,3,5,3.77,2,3,TRUE
Female,Loyal Customer,63,Personal Travel,Eco,663,2,2,2,4,5,3,4,2,2,2,2,2,3,2.69,31,28,FALSE
Male,Loyal Customer,8,Personal Travel,Eco,787,4,3,4,4,2,4,2,2,4,4,1,3,2,3,0,0,TRUE
Male,Loyal Customer,40,Business Travel,Eco,201,4,4,4,4,4,4,4,4,3,3,2,1,4,3.46,0,0,TRUE
Male,Loyal Customer,14,Personal Travel,Eco,147,1,5,1,4,4,1,4,4,3,5,4,4,4,3.38,0,0,FALSE
Female,Loyal Customer,19,Business Travel,Eco,1222,4,4,4,4,4,4,3,4,3,4,3,1,4,3.54,5,0,TRUE
Female,Disloyal Customer,19,Business Travel,Eco,1121,1,1,1,1,5,1,5,5,1,3,4,2,5,2.69,0,0,FALSE
Female,Loyal Customer,8,Personal Travel,Eco,216,5,0,5,4,5,5,5,5,3,2,4,2,5,3.85,0,0,TRUE
Female,Disloyal Customer,25,Business Travel,Business,997,3,0,3,4,3,3,3,3,3,3,5,4,3,3.08,6,2,FALSE
Male,Loyal Customer,58,Personal Travel,Eco,895,2,5,2,1,2,2,2,2,5,2,4,1,2,2.46,25,31,FALSE
Male,Disloyal Customer,30,Business Travel,Eco,944,1,1,1,4,3,1,5,3,1,5,1,5,3,2.62,6,0,FALSE
Female,Disloyal Customer,25,Business Travel,Business,1437,4,0,4,2,2,4,2,2,5,2,5,3,2,2.85,14,0,TRUE
Male,Loyal Customer,35,Business Travel,Business,2310,1,1,1,1,2,5,5,5,5,5,5,5,3,3.38,0,0,TRUE
Female,Loyal Customer,24,Personal Travel,Eco,321,1,4,1,3,4,1,4,4,4,4,4,1,4,3,1,0,FALSE
Female,Disloyal Customer,42,Business Travel,Business,1053,4,5,5,3,4,4,4,4,4,5,5,5,4,4.31,0,15,FALSE
Male,Loyal Customer,54,Business Travel,Business,1943,3,3,3,3,5,4,5,4,4,4,4,5,5,4,0,0,TRUE
Female,Loyal Customer,34,Personal Travel,Eco,725,4,4,4,2,5,4,2,5,2,4,1,4,5,3.54,0,9,TRUE
Female,Loyal Customer,65,Personal Travel,Eco,1919,3,5,3,4,1,5,3,5,5,3,5,4,1,3.62,1,30,FALSE
Male,Loyal Customer,50,Business Travel,Business,414,3,2,3,3,4,2,1,5,5,5,5,3,2,3.31,0,0,TRUE
Female,Disloyal Customer,26,Business Travel,Business,175,1,0,0,4,4,0,4,4,3,5,5,4,4,2.92,0,0,FALSE
Male,Disloyal Customer,35,Business Travel,Business,2475,1,1,1,3,4,1,4,4,2,5,2,3,4,2.69,78,66,FALSE
Male,Loyal Customer,40,Business Travel,Business,1815,4,4,4,4,5,5,5,4,4,4,4,5,5,4.38,101,90,TRUE
Male,Loyal Customer,38,Personal Travel,Eco,164,3,4,0,5,3,0,3,3,5,4,4,5,3,3.23,41,35,FALSE
Female,Disloyal Customer,34,Business Travel,Eco,782,4,5,5,3,4,5,4,4,4,3,2,2,4,3.77,25,13,FALSE
Female,Loyal Customer,32,Personal Travel,Eco Plus,1050,2,4,2,3,2,2,2,2,4,4,5,5,2,3,0,0,FALSE
Male,Disloyal Customer,27,Business Travel,Business,403,5,4,4,3,5,4,5,5,5,4,5,5,5,4.54,0,0,TRUE
Female,Loyal Customer,41,Business Travel,Eco,192,4,1,2,1,4,4,4,4,2,2,3,3,4,2.92,0,0,FALSE
Female,Loyal Customer,57,Business Travel,Eco Plus,224,3,4,4,4,5,4,3,3,3,3,3,3,3,3.46,81,85,FALSE
Male,Loyal Customer,41,Business Travel,Business,1721,1,1,1,1,3,3,4,1,1,1,1,4,1,1.77,0,0,FALSE
Female,Disloyal Customer,11,Personal Travel,Eco,853,2,4,2,4,5,2,5,5,5,4,4,1,5,3.69,0,0,FALSE
Female,Loyal Customer,51,Business Travel,Eco,156,4,5,5,5,1,3,1,4,4,4,4,3,5,3.69,11,13,TRUE
Male,Loyal Customer,33,Personal Travel,Eco,174,5,5,5,2,5,5,5,5,4,3,4,4,5,4.38,0,0,TRUE
Male,Loyal Customer,39,Business Travel,Business,1389,4,4,4,4,2,5,5,4,4,4,4,5,3,4,65,44,TRUE
Female,Disloyal Customer,13,Business Travel,Eco,2329,1,1,1,4,1,1,1,1,3,3,2,1,1,1.62,25,8,FALSE
Male,Disloyal Customer,39,Business Travel,Eco,399,2,0,2,1,2,3,3,2,2,5,2,3,3,2.31,383,401,FALSE
Female,Loyal Customer,49,Business Travel,Business,2585,1,1,1,1,4,4,4,3,2,5,5,4,4,3,36,48,TRUE
Male,Loyal Customer,40,Business Travel,Business,338,4,4,4,4,3,4,5,4,4,4,4,3,4,3.92,0,0,TRUE
Female,Loyal Customer,47,Business Travel,Eco Plus,349,4,5,5,5,4,5,5,1,2,4,5,5,5,4.23,140,123,TRUE
Male,Loyal Customer,56,Business Travel,Eco,237,4,2,2,2,4,4,4,4,3,2,3,1,4,3,0,26,FALSE
Female,Loyal Customer,41,Business Travel,Eco Plus,177,4,5,5,5,1,1,5,4,4,4,4,4,4,3.85,0,8,TRUE
Female,Loyal Customer,58,Business Travel,Eco Plus,193,3,2,2,2,5,3,3,3,3,3,3,5,5,3.23,0,0,TRUE
Male,Disloyal Customer,21,Business Travel,Eco,440,2,4,2,4,5,2,4,5,4,3,4,4,5,3.69,67,58,FALSE
Male,Loyal Customer,53,Business Travel,Business,599,2,2,2,2,4,4,3,2,2,2,2,3,1,2.38,43,26,FALSE
Female,Loyal Customer,13,Business Travel,Eco Plus,3365,4,2,2,2,4,2,4,1,1,3,3,4,4,2.77,69,102,FALSE
Female,Disloyal Customer,21,Business Travel,Eco,175,1,3,0,4,5,0,5,5,3,2,4,1,5,2.92,0,0,FALSE
Female,Loyal Customer,42,Business Travel,Business,1050,2,2,2,2,3,4,5,3,3,4,3,5,3,3.15,18,15,TRUE
Female,Loyal Customer,49,Business Travel,Eco Plus,589,5,2,5,2,5,3,1,4,4,5,4,3,3,3.54,0,0,TRUE
Female,Loyal Customer,9,Personal Travel,Eco,342,4,1,4,4,3,4,3,3,3,5,3,4,3,3.38,0,0,FALSE
Female,Loyal Customer,38,Business Travel,Eco,110,3,4,4,4,3,3,3,3,3,2,2,1,3,2.92,67,60,FALSE
Male,Disloyal Customer,23,Business Travel,Eco,817,3,3,3,5,1,3,1,1,4,3,2,2,1,2.46,0,0,FALSE
Female,Loyal Customer,36,Business Travel,Business,1552,3,1,1,1,5,4,3,3,3,3,3,2,1,2.54,0,0,FALSE
Male,Loyal Customer,49,Business Travel,Business,606,1,2,2,2,3,4,4,1,1,1,1,1,1,1.85,0,0,FALSE
Female,Disloyal Customer,35,Business Travel,Business,530,4,4,4,4,1,4,1,1,3,5,5,5,1,3.23,0,0,FALSE
Male,Loyal Customer,19,Personal Travel,Eco,689,1,4,2,3,5,2,5,5,3,2,5,3,5,3.46,27,15,FALSE
Male,Loyal Customer,60,Business Travel,Business,321,2,2,4,2,4,5,4,5,5,5,5,3,5,3.92,0,0,TRUE
Male,Loyal Customer,54,Business Travel,Business,1523,2,2,2,2,5,4,5,5,5,5,5,3,3,3.69,20,21,TRUE
Female,Loyal Customer,28,Personal Travel,Eco Plus,347,3,4,3,3,1,3,3,1,3,3,2,1,1,2.38,0,0,FALSE
Female,Disloyal Customer,26,Business Travel,Business,710,4,0,4,3,5,4,5,5,4,4,5,4,5,4,0,0,FALSE
Female,Loyal Customer,14,Personal Travel,Eco,679,4,3,4,3,5,4,5,5,1,2,2,1,5,3.38,3,9,FALSE
Male,Loyal Customer,42,Business Travel,Business,3682,5,5,5,5,5,5,5,4,4,4,4,5,4,4.62,116,128,TRUE
Male,Loyal Customer,66,Business Travel,Eco,317,4,2,2,2,4,4,4,4,1,3,2,3,4,3,0,0,TRUE
Male,Loyal Customer,39,Business Travel,Business,1102,3,3,3,3,4,4,5,4,4,4,4,3,3,3.62,4,7,TRUE
Male,Loyal Customer,46,Business Travel,Business,1825,2,4,4,4,5,2,4,2,2,2,2,2,3,2.92,7,0,FALSE
Male,Loyal Customer,51,Business Travel,Business,2212,1,1,1,1,2,4,4,5,5,5,5,5,3,3.23,12,60,TRUE
Male,Disloyal Customer,22,Business Travel,Eco,109,1,0,1,3,1,1,1,1,5,1,2,2,1,1.54,0,0,FALSE
Female,Loyal Customer,44,Business Travel,Business,2565,1,1,1,1,5,4,4,5,5,5,5,3,3,3.31,0,0,TRUE
Female,Loyal Customer,47,Business Travel,Business,419,2,2,2,2,5,4,4,5,5,5,5,5,5,3.92,9,0,TRUE
Female,Disloyal Customer,29,Business Travel,Eco,711,2,2,2,4,4,2,4,4,4,5,3,3,4,3.31,19,10,FALSE
Female,Loyal Customer,52,Business Travel,Business,1598,2,2,2,2,4,3,5,4,4,5,4,3,3,3.31,0,0,TRUE
Male,Loyal Customer,34,Business Travel,Eco Plus,502,2,1,1,1,2,2,2,2,1,2,3,1,2,1.69,0,0,FALSE
Female,Loyal Customer,40,Personal Travel,Eco,1211,5,4,5,3,3,5,3,3,2,5,3,2,3,3.54,0,0,TRUE
Female,Loyal Customer,25,Business Travel,Eco,817,4,3,3,3,4,4,4,4,1,2,4,1,4,3.15,0,0,TRUE
Male,Loyal Customer,54,Business Travel,Business,3402,2,3,3,3,4,3,2,2,2,2,2,4,4,2.77,9,24,FALSE
Male,Loyal Customer,41,Business Travel,Business,1911,4,4,4,4,4,4,4,4,4,4,4,3,5,4,0,0,TRUE
Male,Loyal Customer,49,Business Travel,Business,3154,3,3,2,3,3,4,5,4,4,4,4,5,5,3.77,0,0,TRUE
Female,Loyal Customer,39,Business Travel,Business,226,0,0,0,3,5,5,5,2,2,2,5,5,5,3,26,18,TRUE
Female,Loyal Customer,22,Business Travel,Eco,1145,4,1,1,1,4,4,3,4,3,2,3,4,4,2.92,75,69,FALSE
Male,Disloyal Customer,22,Business Travel,Eco,190,4,0,4,5,4,4,3,4,2,1,1,4,4,3.08,0,0,FALSE
Male,Loyal Customer,54,Business Travel,Business,175,4,4,4,4,1,3,3,3,3,3,4,4,1,3.15,0,0,FALSE
Female,Disloyal Customer,25,Business Travel,Eco,694,3,4,4,3,3,4,3,3,4,1,5,4,3,3.38,21,13,FALSE
Female,Loyal Customer,53,Business Travel,Eco,1325,1,3,3,3,5,2,2,1,1,1,1,4,2,2.23,11,5,FALSE
Female,Loyal Customer,9,Personal Travel,Eco,1119,0,3,0,2,4,0,4,4,2,1,3,1,4,2.15,0,0,TRUE
Female,Disloyal Customer,38,Business Travel,Eco,293,3,2,3,4,3,3,3,3,1,1,4,4,3,2.85,0,6,FALSE
Female,Loyal Customer,34,Personal Travel,Eco,356,1,4,1,3,3,1,3,3,2,1,4,3,3,2.46,9,0,FALSE
Male,Loyal Customer,35,Business Travel,Business,2297,1,1,1,1,2,3,4,4,4,4,4,3,4,2.77,8,0,TRUE
Male,Loyal Customer,47,Personal Travel,Business,496,4,5,2,1,2,5,5,3,3,2,3,5,5,3.46,0,0,FALSE
Male,Loyal Customer,30,Business Travel,Business,773,3,3,3,3,4,4,4,4,4,4,1,4,4,3.46,0,0,TRUE
Male,Loyal Customer,34,Business Travel,Business,391,2,2,2,2,4,5,5,4,4,4,4,3,4,3.46,78,75,TRUE
Male,Loyal Customer,48,Business Travel,Business,3584,2,5,2,2,3,4,4,5,5,5,5,5,3,3.85,0,0,TRUE
Male,Loyal Customer,47,Business Travel,Eco,421,4,2,2,2,4,4,4,4,1,3,2,5,4,3.15,0,0,TRUE
Male,Loyal Customer,56,Personal Travel,Business,679,0,1,0,3,2,4,4,4,4,0,4,4,3,2.54,0,0,TRUE
Female,Loyal Customer,50,Business Travel,Business,3568,2,2,2,2,4,5,5,4,4,4,4,5,3,3.54,4,0,TRUE
Male,Loyal Customer,67,Personal Travel,Eco,140,0,2,0,3,5,0,5,5,4,1,3,3,5,2.77,9,0,TRUE
Male,Loyal Customer,35,Business Travel,Business,3214,1,1,1,1,5,5,5,5,5,5,5,5,4,3.69,9,0,TRUE
Male,Loyal Customer,34,Personal Travel,Eco,871,1,4,1,4,1,1,1,1,1,1,3,2,1,1.69,118,131,FALSE
Male,Loyal Customer,8,Personal Travel,Eco,338,4,5,4,3,2,4,2,2,4,3,5,5,2,3.46,6,14,FALSE
Female,Loyal Customer,50,Business Travel,Business,83,3,4,4,4,5,3,4,2,2,2,3,4,2,3.23,11,7,FALSE
Female,Loyal Customer,50,Business Travel,Business,2180,4,4,3,4,4,5,4,4,4,4,4,3,5,4,8,10,TRUE
Female,Disloyal Customer,37,Business Travel,Eco Plus,270,4,4,4,2,5,4,5,5,4,5,1,3,5,3.92,0,0,FALSE
Female,Loyal Customer,31,Personal Travel,Eco,926,2,5,2,1,1,2,1,1,4,2,4,5,1,2.38,26,0,FALSE
Female,Loyal Customer,60,Personal Travel,Eco,689,5,2,5,3,4,4,4,1,1,2,1,4,2,2.92,0,0,TRUE
Female,Loyal Customer,65,Business Travel,Eco Plus,235,1,1,1,1,2,4,3,1,1,1,1,4,1,1.69,51,43,FALSE
Female,Loyal Customer,50,Business Travel,Business,1835,4,4,4,4,2,2,5,4,4,4,4,3,3,3.62,35,35,TRUE
Male,Disloyal Customer,36,Business Travel,Eco,305,3,1,3,3,3,3,3,3,3,2,4,3,3,2.85,1,0,FALSE
Male,Loyal Customer,57,Business Travel,Eco,1182,3,4,4,4,3,3,3,1,5,3,4,3,3,3.31,452,440,FALSE
Male,Loyal Customer,38,Business Travel,Eco,406,3,2,2,2,3,3,3,3,2,2,4,1,3,2.54,0,9,FALSE
Male,Loyal Customer,9,Personal Travel,Eco,1846,2,4,2,5,3,2,5,3,3,3,4,4,3,3.31,12,16,FALSE
Male,Disloyal Customer,59,Business Travel,Eco,164,4,0,3,5,4,3,4,4,5,2,1,2,4,3.15,0,0,FALSE
Male,Loyal Customer,31,Personal Travel,Eco,2026,2,4,2,3,1,2,1,1,5,3,4,3,1,2.46,10,0,FALSE
Male,Loyal Customer,44,Business Travel,Business,3028,2,2,2,2,4,4,5,4,4,4,4,3,5,3.46,6,5,TRUE
Male,Disloyal Customer,21,Business Travel,Business,363,4,0,5,3,5,5,5,5,4,2,3,5,5,3.92,0,4,TRUE
Female,Loyal Customer,41,Business Travel,Business,1535,3,3,3,3,2,4,4,3,3,3,3,1,3,2.92,62,38,FALSE
Female,Disloyal Customer,25,Business Travel,Eco,821,3,3,3,2,2,3,2,2,2,5,3,4,2,2.77,0,5,FALSE
Male,Loyal Customer,20,Business Travel,Eco Plus,1845,1,4,4,4,1,1,1,1,2,4,3,3,1,2.31,0,0,FALSE
Male,Loyal Customer,37,Business Travel,Business,1481,3,3,3,3,3,4,4,3,3,3,3,3,3,3.15,7,0,TRUE
Male,Loyal Customer,43,Business Travel,Business,2913,2,3,3,3,5,3,4,2,2,2,2,2,2,2.69,0,27,FALSE
Female,Loyal Customer,29,Personal Travel,Eco,163,4,3,4,3,4,4,4,4,4,1,4,1,4,3.38,0,0,FALSE
Male,Loyal Customer,55,Business Travel,Business,3374,2,4,4,4,1,4,4,2,2,2,2,3,3,2.85,0,0,FALSE
Female,Loyal Customer,31,Personal Travel,Eco,929,3,1,3,3,3,3,4,3,2,1,3,4,3,2.77,10,5,FALSE
Female,Loyal Customer,34,Business Travel,Business,611,4,4,4,4,2,4,5,4,4,4,4,4,3,3.85,14,9,TRUE
Male,Loyal Customer,22,Business Travel,Business,3056,3,3,3,3,4,4,4,4,3,3,4,4,4,3.54,19,7,TRUE
Female,Loyal Customer,55,Business Travel,Eco Plus,160,2,3,3,3,4,3,3,3,3,2,3,2,1,2.69,0,0,FALSE
Female,Loyal Customer,47,Personal Travel,Eco,770,2,5,1,3,2,4,4,3,3,1,3,4,4,3,0,0,FALSE
Female,Loyal Customer,41,Business Travel,Eco,308,5,5,5,5,5,5,5,5,1,1,5,1,5,4.08,13,23,TRUE
Male,Loyal Customer,14,Personal Travel,Eco,692,3,4,3,2,5,3,5,5,3,5,4,3,5,3.85,21,3,FALSE
Female,Loyal Customer,17,Personal Travel,Eco,2296,3,5,3,3,3,3,3,3,1,2,4,5,3,3.15,0,0,FALSE
Female,Loyal Customer,58,Personal Travel,Eco,1187,1,3,0,4,1,2,3,1,1,0,1,3,1,1.62,24,39,FALSE
Female,Loyal Customer,36,Personal Travel,Eco Plus,287,3,4,2,3,5,2,5,5,4,3,4,3,5,3.69,2,0,FALSE
Male,Loyal Customer,73,Business Travel,Business,2736,1,5,5,5,2,3,2,1,1,1,1,4,3,2.62,0,0,FALSE
Female,Loyal Customer,30,Business Travel,Business,2710,1,1,1,1,1,2,1,1,3,3,2,3,1,1.62,0,3,FALSE
Male,Loyal Customer,56,Business Travel,Business,3817,1,1,1,1,4,2,2,5,5,5,5,3,1,2.77,0,41,TRUE
Female,Loyal Customer,32,Personal Travel,Eco,493,1,1,3,2,2,3,2,2,4,3,2,4,2,2.38,0,0,FALSE
Male,Loyal Customer,56,Business Travel,Business,2583,1,4,4,4,1,1,1,2,2,3,3,1,1,2.15,56,56,FALSE
Female,Loyal Customer,52,Business Travel,Business,3076,5,5,5,5,3,4,5,4,4,4,4,4,5,4.38,38,32,TRUE
Female,Loyal Customer,48,Business Travel,Business,2981,1,3,3,3,1,2,3,1,1,1,1,2,3,1.92,0,0,FALSE
Male,Loyal Customer,50,Business Travel,Business,3129,4,4,4,4,4,5,4,4,4,4,4,3,5,4.08,80,83,TRUE
Male,Loyal Customer,38,Business Travel,Eco,820,4,5,5,5,4,4,4,4,5,1,4,2,4,3.92,27,23,TRUE
Female,Loyal Customer,59,Personal Travel,Eco,369,1,3,1,3,3,4,3,3,3,1,3,4,1,2.54,19,11,FALSE
Male,Loyal Customer,66,Personal Travel,Eco,403,4,5,4,3,4,4,4,4,4,3,5,4,4,4,1,0,TRUE
Female,Loyal Customer,9,Business Travel,Business,2104,5,5,5,5,5,5,5,5,5,4,5,1,5,4.62,5,0,TRUE
Female,Disloyal Customer,26,Business Travel,Business,333,4,2,3,4,5,3,5,5,3,3,4,4,5,3.85,0,0,TRUE
Male,Loyal Customer,58,Personal Travel,Eco,277,2,1,2,4,3,2,5,3,2,4,3,3,3,2.85,0,0,FALSE
Female,Loyal Customer,77,Business Travel,Eco,255,2,2,1,2,2,3,3,2,2,2,2,1,4,2.15,0,0,FALSE
Male,Loyal Customer,34,Business Travel,Business,2675,4,4,4,4,3,4,5,3,3,3,3,4,3,3.62,0,0,TRUE
Female,Loyal Customer,43,Personal Travel,Eco,984,5,4,5,3,5,1,1,5,3,4,5,1,1,3.31,118,135,TRUE
Male,Loyal Customer,43,Personal Travel,Eco,666,2,5,2,1,2,2,2,2,4,5,3,2,2,2.62,0,0,FALSE
Male,Disloyal Customer,38,Business Travel,Eco,315,5,0,5,1,3,5,3,3,5,1,3,2,3,3,3,16,TRUE
Male,Disloyal Customer,45,Business Travel,Eco,290,1,5,1,3,4,1,4,4,4,2,3,5,4,3.15,0,0,FALSE
Male,Loyal Customer,49,Personal Travel,Eco,226,2,4,2,3,3,2,3,3,4,5,4,4,3,3.23,6,16,FALSE
Female,Loyal Customer,69,Personal Travel,Eco,425,2,0,5,4,5,4,2,1,1,5,1,1,1,2.46,0,0,FALSE
Male,Disloyal Customer,20,Business Travel,Eco,1103,3,3,3,4,5,3,5,5,1,5,4,2,5,3.69,2,0,FALSE
Female,Loyal Customer,8,Personal Travel,Eco,600,1,5,1,1,5,1,5,5,4,5,5,4,5,3.62,2,0,FALSE
Female,Loyal Customer,52,Business Travel,Eco,812,5,1,1,1,3,2,2,4,4,5,4,4,4,3.08,0,5,TRUE
Female,Loyal Customer,50,Personal Travel,Eco,562,4,5,4,3,5,4,5,3,3,4,3,4,5,4,0,0,FALSE
Female,Disloyal Customer,25,Business Travel,Eco,226,3,1,3,3,1,3,1,1,3,5,2,3,1,2.31,0,0,FALSE
Female,Loyal Customer,42,Personal Travel,Eco Plus,746,4,4,4,4,2,3,4,1,1,4,1,2,3,2.85,0,0,FALSE
Male,Loyal Customer,18,Business Travel,Business,446,2,5,5,5,2,2,2,2,4,2,3,3,2,3,23,27,FALSE
Female,Loyal Customer,66,Personal Travel,Eco,290,2,4,2,5,5,4,4,1,1,2,1,4,3,2.92,0,0,FALSE
Female,Loyal Customer,26,Business Travel,Business,1613,3,3,3,3,4,4,4,4,5,3,4,4,4,3.69,0,0,TRUE
Female,Disloyal Customer,20,Business Travel,Business,414,0,5,0,1,5,0,5,5,5,3,5,5,5,3.38,0,0,TRUE
Female,Loyal Customer,41,Personal Travel,Eco,1514,4,3,4,4,1,4,1,1,1,2,4,4,1,2.62,0,36,FALSE
Female,Disloyal Customer,55,Business Travel,Eco Plus,198,1,1,1,5,2,1,2,2,5,1,1,2,2,2,35,33,FALSE
Male,Disloyal Customer,34,Business Travel,Business,453,3,3,3,1,3,3,5,3,4,3,4,5,3,3.31,0,0,FALSE
Female,Loyal Customer,58,Personal Travel,Eco,299,1,4,1,3,4,5,4,3,3,1,3,3,5,3.08,32,40,FALSE
Male,Loyal Customer,35,Personal Travel,Eco,4502,1,1,1,3,1,3,3,1,2,2,2,3,3,2,0,32,FALSE
Male,Loyal Customer,18,Personal Travel,Eco,419,2,5,5,4,5,5,5,5,5,1,4,1,5,4,0,0,FALSE
Male,Loyal Customer,55,Personal Travel,Eco,978,1,4,1,4,5,1,5,5,4,5,4,3,5,3.62,0,0,FALSE
Female,Loyal Customer,21,Personal Travel,Eco,251,2,5,2,3,3,2,3,3,1,2,5,2,3,2.77,1,0,FALSE
Male,Loyal Customer,33,Business Travel,Business,611,5,5,5,5,4,4,4,4,5,4,4,3,4,4.31,0,0,TRUE
Female,Loyal Customer,38,Business Travel,Business,2376,3,3,3,3,5,4,4,5,5,5,5,2,4,3.92,0,0,TRUE
Male,Loyal Customer,18,Business Travel,Business,201,1,1,1,1,1,1,1,1,3,1,3,2,1,1.38,50,53,FALSE
Female,Loyal Customer,22,Business Travel,Eco,862,4,3,3,3,4,4,3,4,5,5,5,2,4,3.77,4,37,TRUE
Female,Loyal Customer,39,Business Travel,Business,166,2,2,2,2,4,4,4,4,4,4,4,3,4,3.31,0,0,TRUE
Female,Loyal Customer,61,Personal Travel,Eco,937,1,4,0,4,2,3,4,4,4,0,4,2,2,2.62,0,0,FALSE
Female,Loyal Customer,24,Personal Travel,Eco,471,3,2,3,4,2,3,5,2,3,1,3,3,2,2.77,6,0,FALSE
Male,Loyal Customer,51,Business Travel,Business,691,5,5,5,5,5,4,4,5,5,5,5,5,4,4.77,0,,TRUE
Male,Disloyal Customer,55,Business Travel,Eco,374,4,4,4,2,2,4,2,2,5,1,3,2,2,2.85,0,10,FALSE
Male,Disloyal Customer,54,Business Travel,Business,1535,4,4,4,4,3,4,3,3,3,5,3,4,3,3.62,1,0,FALSE
Female,Loyal Customer,53,Business Travel,Business,1590,3,5,5,5,5,2,4,3,3,3,3,2,3,3.54,5,0,FALSE
Female,Loyal Customer,44,Personal Travel,Eco,323,0,1,0,4,3,4,3,5,5,0,5,4,3,2.85,0,0,TRUE
Female,Disloyal Customer,22,Business Travel,Business,112,5,0,5,2,1,5,1,1,3,4,5,4,1,2.85,1,0,TRUE
Female,Loyal Customer,46,Business Travel,Business,2372,5,5,5,5,5,5,4,4,4,4,4,3,3,4.31,3,14,TRUE
Male,Loyal Customer,52,Business Travel,Business,2150,5,5,5,5,5,5,5,5,5,5,5,5,3,4.85,46,42,TRUE
Female,Loyal Customer,73,Business Travel,Business,364,2,2,2,2,4,3,3,2,2,2,2,3,2,2.38,0,0,FALSE
Male,Loyal Customer,21,Business Travel,Business,3530,3,5,5,5,3,3,3,1,2,2,3,3,3,3.15,163,196,FALSE
Male,Loyal Customer,59,Business Travel,Business,315,4,4,4,4,4,4,4,4,4,4,4,4,4,4,62,68,TRUE
Male,Loyal Customer,26,Personal Travel,Eco,1009,3,5,3,5,5,3,5,5,4,4,2,2,5,3.92,0,0,FALSE
Male,Loyal Customer,42,Personal Travel,Business,516,3,3,3,4,3,4,4,2,2,3,2,4,3,3.08,0,0,FALSE
Male,Loyal Customer,45,Business Travel,Business,3588,3,3,4,3,4,4,4,4,3,4,4,4,4,3.69,152,136,TRUE
Male,Loyal Customer,54,Business Travel,Business,3054,0,0,0,3,2,5,4,5,5,5,5,3,4,3.15,62,46,TRUE
Male,Disloyal Customer,32,Business Travel,Eco,252,3,3,3,3,4,3,4,4,1,4,3,1,4,3.08,0,0,FALSE
Female,Loyal Customer,59,Personal Travel,Eco Plus,920,3,4,3,3,2,4,5,3,3,3,3,3,3,3.23,0,0,FALSE
Male,Loyal Customer,59,Business Travel,Business,3652,3,3,3,3,4,5,4,3,3,3,3,5,3,3.46,15,0,TRUE
Male,Disloyal Customer,27,Business Travel,Business,756,4,4,4,1,4,4,4,4,3,2,4,5,4,3.62,0,0,TRUE
Female,Loyal Customer,46,Business Travel,Business,2402,2,3,3,3,2,2,2,2,2,4,4,2,2,2.54,21,53,FALSE
Male,Disloyal Customer,24,Business Travel,Eco,261,1,4,1,3,4,1,4,4,3,1,4,4,4,2.92,0,0,FALSE
Male,Disloyal Customer,25,Business Travel,Business,96,5,0,5,4,5,5,4,5,3,4,5,5,5,4.23,0,0,TRUE
Female,Loyal Customer,25,Personal Travel,Eco,1061,3,4,3,3,5,3,5,5,5,5,4,5,5,4.23,0,0,FALSE
Female,Disloyal Customer,24,Business Travel,Business,550,1,3,1,3,1,1,1,1,4,5,4,1,1,2.08,20,33,FALSE
Male,Loyal Customer,7,Personal Travel,Eco Plus,1671,2,5,2,2,4,2,4,4,2,3,5,2,4,3.15,0,0,FALSE
Female,Loyal Customer,12,Business Travel,Eco Plus,888,0,5,5,5,0,1,4,0,3,4,3,4,0,2.62,11,2,FALSE
Male,Loyal Customer,30,Business Travel,Business,3236,5,5,5,5,4,4,4,4,3,2,4,5,4,4.15,4,0,TRUE
Male,Disloyal Customer,27,Business Travel,Eco,184,2,3,2,2,1,2,1,1,3,5,3,2,1,2.15,0,0,FALSE
Female,Disloyal Customer,33,Business Travel,Eco,581,4,1,4,3,1,4,4,1,1,3,4,4,1,2.69,25,29,FALSE
Male,Disloyal Customer,21,Business Travel,Eco,496,3,4,3,4,2,3,2,2,4,4,4,3,2,3.08,0,0,FALSE
Male,Loyal Customer,12,Business Travel,Business,1999,2,5,5,5,2,2,2,2,1,2,4,4,2,2.92,0,0,FALSE
Female,Loyal Customer,60,Personal Travel,Eco,1035,3,4,3,3,5,4,5,5,5,3,5,3,3,3.92,0,11,FALSE
Female,Loyal Customer,44,Business Travel,Business,1678,1,3,3,3,2,3,4,1,1,1,1,3,4,2.31,0,0,FALSE
Female,Loyal Customer,17,Personal Travel,Eco,896,2,2,2,4,2,2,2,2,1,3,3,4,2,2.38,21,20,FALSE
Male,Loyal Customer,55,Business Travel,Business,3737,2,2,2,2,3,5,4,4,4,4,4,4,4,3.38,13,3,TRUE
Female,Loyal Customer,24,Business Travel,Business,964,4,4,4,4,5,5,5,5,5,4,2,5,5,4.38,0,0,TRUE
Male,Loyal Customer,29,Business Travel,Business,507,4,4,4,4,2,2,2,2,4,2,5,3,2,3.08,39,50,TRUE
Female,Loyal Customer,28,Business Travel,Business,733,1,1,1,1,4,4,4,4,4,2,5,4,4,3,0,0,TRUE
Male,Loyal Customer,58,Business Travel,Business,2212,3,2,2,2,2,1,2,3,3,3,3,3,4,2.54,14,33,FALSE
Female,Loyal Customer,31,Business Travel,Business,2670,2,2,2,2,5,5,5,5,2,4,5,1,5,3.46,32,27,TRUE
Female,Loyal Customer,37,Business Travel,Eco,353,4,4,3,3,4,4,4,4,2,1,4,4,4,3.46,0,0,TRUE
Male,Disloyal Customer,24,Business Travel,Eco,1197,2,2,2,4,4,2,4,4,2,2,3,4,4,3,5,0,FALSE
Female,Loyal Customer,13,Personal Travel,Eco,306,2,5,2,1,5,2,5,5,5,2,5,4,5,3.69,0,6,FALSE
Female,Loyal Customer,24,Business Travel,Business,3198,3,3,2,3,5,5,5,5,4,5,4,5,5,4.15,13,0,TRUE
Female,Loyal Customer,27,Business Travel,Business,3869,1,1,1,1,4,4,4,2,5,2,1,4,4,2.62,122,177,TRUE
Male,Loyal Customer,51,Personal Travel,Eco,368,1,4,1,3,4,1,1,4,3,2,4,4,4,2.77,0,0,FALSE
Female,Loyal Customer,39,Business Travel,Business,2090,1,1,1,1,5,4,4,5,5,5,5,4,3,3.38,0,4,TRUE
Female,Loyal Customer,40,Personal Travel,Eco,74,2,5,2,2,5,2,5,5,5,4,4,3,5,3.77,46,52,FALSE
Female,Loyal Customer,11,Personal Travel,Eco Plus,785,2,4,2,1,3,2,3,3,4,2,4,5,3,2.92,0,14,FALSE
Female,Loyal Customer,39,Business Travel,Business,2336,5,5,5,5,3,4,4,5,5,5,5,5,4,4.62,0,0,TRUE
Male,Disloyal Customer,37,Business Travel,Eco,1042,1,1,1,5,5,1,5,5,5,4,1,4,5,3.31,0,0,FALSE
Female,Loyal Customer,30,Business Travel,Business,816,1,1,1,1,4,5,4,4,3,4,4,5,4,3.15,0,0,TRUE
Female,Loyal Customer,70,Personal Travel,Eco,849,2,4,2,2,4,5,4,4,4,2,1,4,3,3.15,0,0,FALSE
Female,Loyal Customer,23,Business Travel,Business,1589,2,2,1,2,5,5,5,5,5,4,4,5,5,3.85,10,32,TRUE
Male,Loyal Customer,47,Business Travel,Business,546,1,1,1,1,5,4,5,4,4,4,4,3,4,3.15,0,0,TRUE
Female,Loyal Customer,20,Business Travel,Business,479,3,4,4,4,3,3,3,3,3,4,3,2,3,3.23,49,42,FALSE
Male,Loyal Customer,38,Personal Travel,Eco,334,4,4,4,1,4,4,4,4,5,5,4,5,4,4,7,6,FALSE
Female,Disloyal Customer,36,Business Travel,Eco,537,2,3,2,3,5,2,5,5,2,1,3,2,5,3.08,21,21,FALSE
Male,Loyal Customer,58,Business Travel,Business,328,4,4,4,4,4,5,4,4,4,4,4,3,3,3.92,0,0,TRUE
Male,Loyal Customer,32,Business Travel,Business,817,5,5,5,5,5,5,5,5,4,4,1,4,5,4.46,0,0,TRUE
Female,Loyal Customer,49,Business Travel,Eco,175,2,5,5,5,1,4,4,2,2,2,2,2,1,2.85,0,2,FALSE
Female,Loyal Customer,46,Personal Travel,Eco Plus,1162,3,3,3,3,5,4,4,1,1,3,1,3,1,2.69,24,17,FALSE
Female,Disloyal Customer,26,Business Travel,Business,604,0,0,0,3,5,0,1,5,3,5,4,5,5,2.77,0,0,TRUE
Female,Loyal Customer,51,Personal Travel,Eco,1411,4,3,4,3,2,3,3,4,4,4,5,4,3,3.54,0,0,TRUE
Female,Loyal Customer,55,Business Travel,Business,1670,5,5,5,5,2,5,4,4,4,4,4,3,4,4.15,0,0,TRUE
Female,Loyal Customer,54,Business Travel,Business,872,4,4,4,4,5,5,4,4,4,4,4,4,4,4.15,0,0,TRUE
Female,Loyal Customer,41,Business Travel,Eco,158,1,5,5,5,1,1,1,1,2,4,3,2,1,2.46,0,0,FALSE
Female,Loyal Customer,63,Personal Travel,Eco,594,2,5,2,3,1,4,1,3,3,2,3,5,2,2.77,0,3,FALSE
Male,Loyal Customer,33,Business Travel,Business,3320,1,1,1,1,5,5,3,5,3,5,2,3,5,3.08,0,0,TRUE
Male,Loyal Customer,67,Personal Travel,Eco,1747,2,5,2,4,4,2,3,4,4,3,4,5,4,3.54,54,34,FALSE
Female,Disloyal Customer,26,Business Travel,Eco,391,4,0,4,5,5,4,5,5,3,1,4,3,5,3.69,0,0,TRUE
Male,Loyal Customer,54,Business Travel,Business,2581,0,5,0,4,4,4,3,1,1,2,2,2,2,2.31,0,0,TRUE
Female,Loyal Customer,36,Business Travel,Business,967,2,2,1,2,4,4,4,5,5,5,5,3,4,3.54,7,0,TRUE
Female,Loyal Customer,52,Personal Travel,Eco,678,1,5,1,3,2,5,1,3,3,1,3,2,3,2.54,0,0,FALSE
Male,Loyal Customer,59,Business Travel,Eco Plus,972,1,2,2,2,1,1,1,1,1,5,4,1,1,1.77,2,0,FALSE
Male,Loyal Customer,55,Business Travel,Eco,1235,2,4,4,4,2,2,2,2,4,2,3,4,2,2.85,0,0,FALSE
Male,Loyal Customer,42,Personal Travel,Eco,413,2,4,2,4,2,2,2,2,3,5,4,5,2,3,0,40,FALSE
Male,Loyal Customer,42,Business Travel,Business,73,1,1,1,1,1,2,4,4,4,4,5,3,3,2.62,50,43,TRUE
Male,Loyal Customer,32,Personal Travel,Eco,937,3,5,3,4,2,3,2,2,4,3,5,5,2,3.31,10,1,FALSE
Female,Disloyal Customer,20,Business Travel,Eco,1139,4,4,4,1,3,4,3,3,5,3,5,4,3,3.54,0,0,TRUE
Female,Disloyal Customer,28,Business Travel,Business,1546,2,2,2,3,2,2,2,2,5,4,4,3,2,2.69,0,1,FALSE
Male,Loyal Customer,24,Business Travel,Eco,493,2,1,5,1,2,2,1,2,3,3,3,2,2,2.23,19,15,FALSE
Female,Disloyal Customer,35,Business Travel,Business,2454,1,1,1,1,1,1,2,4,4,3,4,2,2,2.08,14,0,FALSE
Male,Disloyal Customer,28,Business Travel,Business,377,1,1,1,5,4,1,4,4,4,3,5,3,4,3.08,1,11,FALSE
Male,Loyal Customer,42,Personal Travel,Eco,67,1,5,1,4,2,1,1,2,3,5,4,4,2,2.69,0,0,FALSE
Male,Loyal Customer,46,Business Travel,Business,1846,4,4,4,4,5,5,4,5,5,4,5,5,4,4.46,0,0,TRUE
Female,Loyal Customer,48,Business Travel,Business,1724,4,4,4,4,4,3,1,4,4,4,4,4,4,3.69,0,0,TRUE
Female,Loyal Customer,19,Business Travel,Business,3979,4,5,4,4,4,4,4,4,3,5,4,3,4,4,0,0,TRUE
Female,Loyal Customer,44,Business Travel,Eco Plus,325,4,4,4,4,5,1,2,4,4,4,4,4,3,3.62,22,0,TRUE
Male,Loyal Customer,30,Business Travel,Eco Plus,1312,3,4,4,4,3,3,3,3,1,1,4,1,3,2.85,0,0,FALSE
Female,Loyal Customer,42,Business Travel,Business,1242,1,1,1,1,5,5,5,4,4,4,4,5,4,3.38,37,42,TRUE
Female,Loyal Customer,36,Business Travel,Eco Plus,255,4,2,2,2,4,4,4,4,2,4,1,2,4,3,0,0,TRUE
Female,Loyal Customer,53,Business Travel,Business,647,4,4,4,4,4,5,5,3,3,3,3,3,4,3.77,21,8,TRUE
Male,Loyal Customer,31,Business Travel,Business,3920,5,5,5,5,5,5,5,5,3,3,4,1,5,4.31,2,0,TRUE
Female,Loyal Customer,12,Personal Travel,Eco,562,3,4,3,1,2,3,2,2,2,4,1,1,2,2.31,0,0,FALSE
Female,Loyal Customer,63,Personal Travel,Eco,1182,5,4,5,4,5,4,4,2,2,5,2,3,5,3.85,0,0,TRUE
Female,Loyal Customer,38,Business Travel,Eco Plus,657,2,1,1,1,2,2,2,2,1,5,4,4,2,2.23,0,0,FALSE
Female,Disloyal Customer,20,Business Travel,Eco,226,3,5,3,4,3,3,3,3,4,2,4,3,3,3.31,2,0,FALSE
Male,Loyal Customer,47,Business Travel,Eco,223,3,2,4,2,2,3,2,2,2,5,3,5,2,2.85,0,0,TRUE
Male,Loyal Customer,40,Personal Travel,Eco Plus,937,1,5,1,3,2,1,2,2,2,5,4,3,2,2.54,12,5,FALSE
Female,Disloyal Customer,56,Business Travel,Eco,237,2,0,2,1,3,2,3,3,1,5,5,3,3,2.54,2,5,FALSE
Male,Loyal Customer,35,Business Travel,Eco,1171,4,3,3,3,4,4,4,4,4,4,2,3,4,3.54,0,0,FALSE
Male,Loyal Customer,57,Personal Travel,Eco,1119,2,1,2,4,2,2,2,2,3,3,3,2,2,2.31,17,5,FALSE
Female,Loyal Customer,36,Business Travel,Business,2411,1,4,2,4,5,3,3,1,1,1,1,1,1,2.15,0,0,FALSE
Female,Loyal Customer,57,Business Travel,Business,2924,1,1,1,1,3,5,4,5,5,4,5,4,4,3.31,0,0,TRUE
Female,Disloyal Customer,27,Business Travel,Eco,782,3,3,3,3,5,3,4,5,2,5,4,1,5,3.54,0,0,FALSE
Male,Disloyal Customer,38,Business Travel,Business,544,5,5,5,1,2,5,2,2,5,3,4,5,2,3.54,0,0,TRUE
Male,Loyal Customer,41,Business Travel,Eco Plus,641,2,3,3,3,2,2,2,2,4,4,4,1,2,2.62,32,22,FALSE
Male,Loyal Customer,62,Personal Travel,Eco,1189,2,4,2,3,2,2,2,2,4,2,3,4,2,2.62,0,0,FALSE
Female,Loyal Customer,14,Personal Travel,Eco,1097,1,2,1,4,4,1,2,4,4,1,3,3,4,2.62,47,62,FALSE
Female,Loyal Customer,35,Business Travel,Eco,160,5,2,2,2,5,5,5,5,2,1,5,4,5,3.69,0,0,TRUE
Male,Loyal Customer,57,Personal Travel,Eco,481,2,5,3,3,4,3,4,4,1,1,5,4,4,3.31,0,0,FALSE
Male,Loyal Customer,30,Business Travel,Business,2342,2,1,1,1,2,2,2,2,1,2,4,4,2,2,0,0,FALSE
Male,Disloyal Customer,22,Business Travel,Eco,1387,1,1,1,2,1,1,1,1,4,2,3,4,1,1.77,18,0,FALSE
Female,Loyal Customer,28,Business Travel,Business,502,4,4,4,4,4,4,4,4,5,5,5,5,4,4.31,0,1,TRUE
Male,Loyal Customer,35,Business Travel,Business,3401,4,4,1,4,5,4,5,4,4,4,4,4,5,4,0,0,TRUE
Female,Loyal Customer,35,Business Travel,Eco,1076,2,5,5,5,2,2,2,2,3,3,2,1,2,2.77,0,0,FALSE
Female,Loyal Customer,16,Personal Travel,Eco,1013,0,2,0,3,3,0,3,3,1,3,3,4,3,2.15,0,0,TRUE
Male,Loyal Customer,13,Personal Travel,Eco Plus,373,2,2,2,4,3,2,5,3,4,1,3,1,3,2.69,0,0,FALSE
Female,Loyal Customer,41,Business Travel,Business,287,3,3,3,3,2,5,4,4,4,4,4,5,3,3.62,21,13,TRUE
Female,Loyal Customer,66,Personal Travel,Eco,581,5,4,5,1,4,4,4,5,5,5,5,4,4,4.23,0,0,TRUE
Male,Loyal Customer,26,Business Travel,Business,1739,3,3,3,3,4,4,4,4,4,4,5,3,4,3.69,8,15,TRUE
Male,Disloyal Customer,39,Business Travel,Business,2704,2,2,2,4,2,5,5,4,5,4,5,5,5,3.85,0,0,FALSE
Female,Disloyal Customer,22,Business Travel,Business,404,5,0,5,5,2,5,3,2,4,3,4,4,2,3.38,0,6,TRUE
Male,Loyal Customer,14,Personal Travel,Eco,1855,4,5,3,4,3,3,3,3,1,2,1,3,3,2.92,80,64,FALSE
Female,Loyal Customer,55,Personal Travel,Eco,680,2,4,2,2,5,2,1,2,2,2,2,2,4,2.46,0,0,FALSE
Male,Loyal Customer,28,Personal Travel,Eco,268,2,0,2,4,4,2,4,4,4,3,4,4,4,3.15,0,0,FALSE
Female,Loyal Customer,21,Personal Travel,Eco Plus,404,2,4,2,1,5,2,3,5,5,3,5,3,5,3.46,24,16,FALSE
Male,Loyal Customer,38,Personal Travel,Eco,1416,3,5,3,1,3,3,3,3,4,5,5,3,3,3.38,0,3,FALSE
Female,Loyal Customer,27,Personal Travel,Eco Plus,689,4,5,4,3,5,4,4,5,1,4,2,4,5,3.85,0,5,FALSE
Male,Loyal Customer,34,Business Travel,Business,826,3,3,3,3,5,3,4,2,2,2,2,1,5,2.92,65,74,TRUE
Male,Loyal Customer,28,Personal Travel,Eco,1009,3,4,3,2,2,3,2,2,3,1,2,5,2,2.62,0,0,FALSE
Male,Loyal Customer,51,Personal Travel,Eco,1120,1,5,1,3,3,1,3,3,5,5,4,5,3,3.23,1,0,FALSE
Female,Loyal Customer,11,Personal Travel,Eco,500,0,5,0,2,5,0,5,5,5,2,4,3,5,3.15,0,0,TRUE
Female,Disloyal Customer,48,Business Travel,Eco,1319,2,2,2,3,5,2,5,5,1,2,4,4,5,3.23,80,57,FALSE
Male,Loyal Customer,44,Business Travel,Business,257,5,5,5,5,4,5,4,5,5,5,5,5,5,4.85,0,0,TRUE
Male,Loyal Customer,36,Business Travel,Eco,1979,3,1,1,1,3,3,3,3,1,1,3,3,3,2.23,22,0,FALSE
Male,Loyal Customer,22,Business Travel,Business,551,2,2,2,2,5,5,5,5,4,2,4,4,5,3.62,6,0,TRUE
Male,Loyal Customer,36,Personal Travel,Eco,857,3,5,3,1,4,3,4,4,3,4,4,5,4,3.62,23,11,FALSE
Male,Loyal Customer,44,Business Travel,Eco,266,2,4,4,4,2,2,2,2,1,1,1,1,2,2.15,0,0,TRUE
Male,Loyal Customer,10,Personal Travel,Eco,599,4,3,4,3,5,4,1,5,4,4,4,3,5,3.77,0,0,FALSE
Female,Loyal Customer,49,Business Travel,Business,271,0,0,0,4,5,5,4,1,1,1,1,5,5,2.46,44,42,TRUE
Male,Loyal Customer,53,Personal Travel,Eco,812,2,5,2,3,2,2,3,2,4,4,2,5,2,2.92,10,0,FALSE
Female,Loyal Customer,40,Business Travel,Business,1990,4,4,4,4,3,4,5,4,4,4,4,3,3,3.85,0,0,TRUE
Female,Loyal Customer,17,Personal Travel,Eco,1379,1,1,1,3,1,1,1,1,3,2,3,4,1,1.77,11,0,FALSE
Male,Loyal Customer,55,Personal Travel,Eco,759,5,5,5,5,2,5,2,2,5,2,4,4,2,3.69,0,0,TRUE
Male,Disloyal Customer,21,Business Travel,Eco,696,1,1,1,4,4,1,4,4,5,5,4,3,4,3.15,0,0,FALSE
Male,Loyal Customer,40,Business Travel,Business,794,3,3,3,3,2,4,4,3,3,4,3,3,3,3.15,0,0,TRUE
Female,Loyal Customer,50,Business Travel,Eco,1065,2,4,4,4,4,2,2,3,3,2,3,3,2,2.92,3,0,FALSE
Female,Disloyal Customer,25,Business Travel,Business,550,4,5,4,4,3,4,3,3,5,3,4,5,3,3.85,18,0,TRUE
Male,Loyal Customer,40,Personal Travel,Eco,569,1,5,1,3,4,1,1,4,3,2,1,5,4,2.69,0,0,FALSE
Female,Loyal Customer,41,Personal Travel,Eco,990,2,5,2,4,2,2,2,2,3,4,4,4,2,2.92,0,0,FALSE
Male,Loyal Customer,46,Business Travel,Eco,1874,5,4,4,4,5,5,5,5,5,2,4,1,5,4.15,0,0,TRUE
Male,Disloyal Customer,21,Business Travel,Eco,119,5,0,5,1,4,5,4,4,5,3,2,4,4,3.54,0,0,TRUE
Male,Loyal Customer,42,Business Travel,Business,2586,4,4,4,4,2,2,2,5,4,3,5,2,2,3.31,0,0,TRUE
Female,Loyal Customer,25,Business Travel,Business,813,4,4,3,4,4,4,4,4,4,3,4,5,4,3.92,4,0,TRUE
Male,Loyal Customer,11,Personal Travel,Eco,251,1,4,0,3,3,0,3,3,3,4,5,3,3,2.69,24,17,FALSE
Male,Loyal Customer,34,Personal Travel,Eco,1192,2,5,2,4,5,2,5,5,4,5,4,4,5,4,0,0,FALSE
Female,Loyal Customer,49,Business Travel,Business,2182,3,5,3,3,4,4,5,4,4,4,4,5,4,4,7,0,TRUE
Female,Loyal Customer,55,Business Travel,Business,1587,1,1,1,1,3,4,4,5,5,5,5,4,4,3.31,0,0,TRUE
Male,Loyal Customer,34,Business Travel,Business,861,5,5,5,5,4,4,4,4,4,4,4,3,4,4.23,0,0,TRUE
Female,Loyal Customer,62,Personal Travel,Eco Plus,102,2,5,2,3,1,3,4,3,3,2,5,5,5,3.31,0,0,FALSE
Male,Loyal Customer,58,Business Travel,Business,2212,1,1,1,1,3,2,2,4,4,4,4,5,2,2.62,0,0,TRUE
Male,Loyal Customer,63,Personal Travel,Eco,1066,3,4,3,1,4,3,4,4,5,3,4,4,4,3.54,20,30,FALSE
Male,Loyal Customer,49,Business Travel,Business,746,3,3,3,3,2,3,2,4,4,4,4,3,1,3,76,72,TRUE
Male,Loyal Customer,50,Business Travel,Eco Plus,404,4,4,4,4,4,4,4,4,4,1,4,4,4,3.77,0,0,TRUE
Female,Loyal Customer,42,Business Travel,Business,304,1,1,1,1,3,4,5,4,4,4,4,4,5,3.15,0,0,TRUE
Female,Loyal Customer,40,Business Travel,Business,795,2,2,5,2,5,4,5,2,2,2,2,3,5,3.15,63,83,TRUE
Male,Loyal Customer,40,Business Travel,Business,1042,4,2,2,2,4,4,4,4,4,4,4,1,2,3.15,0,0,FALSE
Female,Loyal Customer,33,Personal Travel,Eco,198,1,1,1,3,2,1,2,2,1,3,4,3,2,2,0,1,FALSE
Male,Loyal Customer,21,Business Travel,Business,3586,5,5,5,5,5,5,5,5,3,4,5,4,5,4.69,0,0,TRUE
Female,Disloyal Customer,25,Business Travel,Eco,627,1,0,1,3,4,1,4,4,2,2,4,4,4,2.62,0,5,FALSE
Male,Loyal Customer,50,Business Travel,Business,3638,5,5,5,5,3,5,4,4,4,4,4,5,4,4.38,39,40,TRUE
Female,Loyal Customer,64,Personal Travel,Eco,262,2,1,0,3,1,4,3,2,2,0,4,3,1,2,0,0,FALSE
Male,Loyal Customer,60,Personal Travel,Eco,787,2,4,2,3,2,2,2,4,2,4,4,2,2,2.69,116,145,FALSE
Male,Loyal Customer,24,Personal Travel,Eco,2475,2,2,2,3,2,2,2,1,2,4,4,2,2,2.31,9,0,FALSE
Male,Loyal Customer,40,Business Travel,Business,1899,0,0,0,4,5,4,4,5,5,5,5,4,5,3.54,2,0,TRUE
Male,Disloyal Customer,24,Business Travel,Eco,190,2,4,2,2,5,2,5,5,5,4,5,5,5,3.92,40,34,FALSE
Female,Loyal Customer,57,Business Travel,Business,1972,1,5,5,5,1,4,3,1,1,1,1,2,4,2.62,10,0,FALSE
Male,Loyal Customer,29,Business Travel,Business,3692,2,2,2,2,5,5,5,4,4,5,4,5,5,3.85,235,228,TRUE
Male,Loyal Customer,53,Business Travel,Eco,236,5,3,3,3,5,5,5,5,1,5,2,3,5,3.85,8,11,TRUE
Male,Disloyal Customer,37,Business Travel,Business,641,2,2,2,3,4,2,4,4,3,1,3,1,4,2.69,0,0,FALSE
Female,Loyal Customer,54,Business Travel,Business,2552,2,2,2,2,5,4,4,3,2,5,5,4,4,3.38,0,0,TRUE
Female,Disloyal Customer,45,Business Travel,Business,622,4,4,4,3,3,4,3,3,4,5,4,5,3,3.77,2,0,TRUE
Male,Loyal Customer,59,Business Travel,Business,2909,1,1,1,1,2,4,5,4,4,4,4,3,4,2.92,0,0,TRUE
Male,Loyal Customer,50,Business Travel,Business,114,3,3,3,3,4,2,2,5,5,5,3,4,4,3.54,0,4,TRUE
Female,Loyal Customer,30,Business Travel,Business,2399,4,4,4,4,4,4,4,4,1,3,3,4,4,3.62,0,0,FALSE
Female,Loyal Customer,44,Business Travel,Business,888,3,3,2,3,2,5,4,2,2,2,2,3,5,2.92,18,14,TRUE
Male,Loyal Customer,11,Personal Travel,Eco,602,1,5,1,1,5,1,5,5,3,5,4,3,5,3.38,0,3,FALSE
Male,Loyal Customer,62,Personal Travel,Eco,731,3,2,3,3,3,3,3,3,1,1,3,1,3,2.46,14,10,FALSE
Female,Loyal Customer,37,Personal Travel,Business,588,2,5,2,5,2,3,3,4,3,5,5,3,3,3.46,154,140,FALSE
Male,Disloyal Customer,23,Business Travel,Eco,1025,5,5,5,2,1,5,1,1,2,5,1,2,1,2.77,0,0,TRUE
Male,Loyal Customer,53,Personal Travel,Eco,594,3,3,3,3,3,3,1,3,1,5,3,1,3,2.69,0,0,FALSE
Male,Loyal Customer,41,Business Travel,Business,3520,5,5,4,5,3,5,4,3,3,3,3,4,5,4,86,84,TRUE
Female,Loyal Customer,25,Personal Travel,Eco,1066,2,4,2,1,5,2,5,5,3,4,5,4,5,3.62,0,0,FALSE
Male,Disloyal Customer,26,Business Travel,Business,546,4,4,4,5,2,4,2,2,4,3,4,3,2,3.31,2,50,TRUE
Male,Loyal Customer,48,Business Travel,Business,817,4,4,4,4,4,4,4,5,3,4,2,4,4,3.85,136,139,TRUE
Male,Disloyal Customer,23,Business Travel,Eco,134,4,4,4,4,4,4,4,4,5,3,4,5,4,4.08,0,0,TRUE
Female,Loyal Customer,41,Business Travel,Eco,1587,1,3,3,3,1,1,1,1,3,2,2,1,1,1.77,0,0,FALSE
Male,Loyal Customer,63,Personal Travel,Eco,1440,3,4,3,1,2,3,2,2,3,2,5,4,2,2.77,0,0,FALSE
Male,Loyal Customer,41,Personal Travel,Eco,980,3,2,4,4,5,4,5,5,1,2,4,4,5,3.69,0,0,FALSE
Male,Loyal Customer,49,Business Travel,Business,1521,3,4,3,4,3,3,3,3,3,3,3,1,4,3.08,33,12,FALSE
Male,Loyal Customer,59,Business Travel,Business,1570,2,1,5,1,4,4,3,2,2,2,2,2,3,2.54,0,0,FALSE
Male,Loyal Customer,22,Personal Travel,Business,216,3,4,0,1,3,0,5,3,3,2,1,1,3,2.23,0,4,FALSE
Male,Loyal Customer,65,Business Travel,Eco,467,2,4,4,4,2,2,2,2,1,3,4,1,2,2.54,1,0,FALSE
Female,Loyal Customer,7,Personal Travel,Eco,1072,3,5,3,2,5,3,5,5,3,5,5,3,5,4,5,28,FALSE
Male,Loyal Customer,49,Business Travel,Business,723,3,3,3,3,5,4,5,5,5,5,5,3,5,4.15,17,22,TRUE
Female,Loyal Customer,61,Business Travel,Business,1900,2,2,2,2,2,5,4,4,4,4,4,3,4,3.23,74,55,TRUE
Female,Loyal Customer,36,Business Travel,Eco,329,2,3,3,3,2,2,2,2,2,1,5,4,2,2.54,0,,TRUE
Female,Loyal Customer,60,Business Travel,Business,181,2,2,2,2,4,4,5,5,5,5,4,4,4,3.69,70,77,TRUE
Male,Loyal Customer,35,Business Travel,Eco,483,1,4,2,4,1,1,1,1,2,3,3,4,1,2.15,0,0,FALSE
Male,Loyal Customer,39,Business Travel,Business,813,2,2,2,2,3,3,3,2,2,2,2,1,2,2.15,4,0,FALSE
Female,Loyal Customer,59,Business Travel,Business,3887,4,4,4,4,3,1,1,4,4,4,4,5,5,3.62,0,0,TRUE
Male,Loyal Customer,23,Personal Travel,Business,2454,3,4,3,3,4,3,4,4,5,5,2,4,4,3.69,0,0,FALSE
Female,Disloyal Customer,28,Business Travel,Eco,1009,2,2,2,3,4,2,4,4,2,1,3,2,4,2.69,15,2,FALSE
Male,Loyal Customer,8,Personal Travel,Eco,641,2,5,3,4,4,3,4,4,4,2,4,4,4,3.62,0,0,FALSE
Female,Loyal Customer,42,Business Travel,Business,313,5,5,5,5,3,4,5,4,4,4,4,5,1,4.15,34,36,TRUE
Male,Disloyal Customer,36,Business Travel,Business,140,1,1,1,3,5,1,5,5,4,3,3,2,5,3,4,11,FALSE
Male,Disloyal Customer,32,Business Travel,Eco,937,3,3,3,5,5,3,5,5,4,3,4,4,5,4,0,0,FALSE
Male,Loyal Customer,20,Personal Travel,Eco,983,2,4,2,2,5,2,5,5,4,4,5,4,5,3.77,0,0,FALSE
Female,Loyal Customer,55,Business Travel,Business,1725,5,5,5,5,3,4,4,5,5,5,5,5,5,4.69,0,0,TRUE
Male,Loyal Customer,40,Business Travel,Business,1524,1,1,5,1,4,5,5,4,4,4,4,5,4,3.62,13,26,TRUE
Male,Loyal Customer,37,Business Travel,Business,1199,1,1,1,1,3,4,2,5,5,4,5,5,3,3.08,0,0,TRUE
Female,Loyal Customer,60,Business Travel,Business,1464,1,2,1,1,5,5,5,4,4,4,4,3,4,3.31,0,7,TRUE
Female,Disloyal Customer,21,Business Travel,Business,347,5,5,5,5,2,5,2,2,1,4,3,2,2,3.31,0,0,TRUE
Female,Loyal Customer,38,Personal Travel,Eco Plus,296,2,2,2,3,5,2,5,5,2,2,2,2,5,3,24,15,FALSE
Female,Disloyal Customer,25,Business Travel,Eco,1249,3,4,4,3,1,4,1,1,1,2,5,4,1,2.62,39,31,FALSE
Female,Loyal Customer,22,Business Travel,Business,1817,2,2,2,2,5,5,5,5,1,5,5,1,5,3.46,0,0,TRUE
Female,Loyal Customer,39,Business Travel,Eco,867,3,3,3,3,3,3,3,3,2,5,3,3,3,3.08,40,32,FALSE
Male,Loyal Customer,56,Business Travel,Business,3207,3,3,3,3,4,5,4,5,5,5,5,3,3,3.92,14,15,TRUE
Female,Disloyal Customer,16,Business Travel,Eco,1061,1,1,1,3,2,1,1,2,4,1,4,1,2,1.85,27,19,FALSE
Male,Loyal Customer,7,Personal Travel,Eco,1276,1,5,1,1,1,1,1,1,5,3,4,5,1,2.31,0,2,FALSE
Female,Loyal Customer,30,Personal Travel,Eco,1334,2,5,2,4,5,2,5,5,5,5,4,3,5,4,0,0,FALSE
Female,Loyal Customer,45,Business Travel,Business,1452,5,5,5,5,2,4,5,2,2,2,2,5,4,3.69,90,92,TRUE
Male,Loyal Customer,30,Business Travel,Business,1500,5,5,5,5,4,4,4,4,5,2,4,5,4,4.31,10,0,TRUE
Female,Loyal Customer,54,Business Travel,Eco Plus,479,2,5,5,5,3,3,3,2,2,2,2,4,3,3.15,1,0,TRUE
Female,Loyal Customer,17,Personal Travel,Business,557,2,4,2,3,3,2,3,3,2,2,4,2,3,2.69,36,23,FALSE
Male,Disloyal Customer,36,Business Travel,Eco,255,2,1,3,4,4,3,4,4,4,4,3,1,4,3.15,0,0,FALSE
Female,Loyal Customer,22,Business Travel,Business,3934,2,2,2,2,5,5,5,5,5,2,5,4,5,3.77,8,4,TRUE
Male,Loyal Customer,33,Business Travel,Business,3305,3,3,3,3,2,2,2,2,5,2,5,5,2,3,91,86,TRUE
Female,Loyal Customer,9,Personal Travel,Eco,1197,3,4,3,3,5,3,2,5,1,5,4,4,5,3.62,0,0,FALSE
Female,Loyal Customer,43,Business Travel,Eco,466,3,5,5,5,3,3,3,2,4,4,4,3,3,3.62,164,166,FALSE
Female,Loyal Customer,7,Personal Travel,Eco,1749,2,2,2,4,2,2,2,2,3,4,4,1,2,2.46,60,35,FALSE
Male,Loyal Customer,38,Business Travel,Eco,959,4,2,4,2,4,4,4,4,1,3,2,1,4,3,0,0,TRUE
Male,Loyal Customer,59,Business Travel,Business,1959,0,4,0,1,4,5,4,2,2,2,2,3,4,2.54,0,0,TRUE
Male,Loyal Customer,60,Personal Travel,Eco,1788,2,4,2,2,2,2,2,2,3,3,4,5,2,2.69,0,0,FALSE
Female,Loyal Customer,23,Business Travel,Business,1089,1,1,1,1,4,4,4,4,4,5,4,3,4,3.08,0,0,TRUE
Female,Loyal Customer,39,Personal Travel,Eco,2677,3,1,3,3,3,2,1,3,3,4,3,1,1,2.38,0,0,FALSE
Female,Disloyal Customer,23,Business Travel,Eco,622,1,4,1,3,5,1,1,5,5,4,4,4,5,3.31,20,72,FALSE
Female,Loyal Customer,35,Business Travel,Business,3485,3,3,5,3,5,5,5,4,4,4,4,4,3,4,11,14,TRUE
Female,Loyal Customer,59,Business Travel,Business,3647,5,5,1,5,5,4,4,4,4,4,4,5,4,4.15,22,15,TRUE
Female,Loyal Customer,22,Business Travel,Business,3459,3,3,3,3,4,4,4,4,4,3,4,4,4,3.62,13,10,TRUE
Male,Disloyal Customer,36,Business Travel,Business,762,3,3,3,1,5,3,5,5,3,2,5,4,5,3.62,0,0,FALSE
Female,Loyal Customer,26,Personal Travel,Eco,1823,2,4,2,1,5,2,5,5,5,3,5,5,5,3.77,0,0,FALSE
Male,Loyal Customer,30,Business Travel,Business,1652,3,1,1,1,3,2,3,3,1,3,2,2,3,2.15,1,0,FALSE
Male,Loyal Customer,25,Business Travel,Eco,507,3,3,3,3,3,3,1,3,4,1,3,3,3,2.77,96,83,FALSE
Male,Loyal Customer,47,Business Travel,Eco,954,4,3,4,3,4,4,4,4,4,3,3,3,4,3.62,8,2,TRUE
Female,Loyal Customer,40,Business Travel,Business,2862,1,4,4,4,3,2,1,1,1,1,1,4,3,2.31,0,12,FALSE
Male,Loyal Customer,48,Personal Travel,Eco,2586,3,3,3,3,3,5,5,2,3,3,4,5,5,3.62,12,0,FALSE
Male,Loyal Customer,44,Personal Travel,Eco,803,3,4,3,5,2,3,2,2,2,3,2,2,2,2.69,0,0,FALSE
Female,Loyal Customer,50,Personal Travel,Eco,594,3,2,3,3,5,3,3,2,2,3,1,1,3,2.62,67,50,FALSE
Female,Loyal Customer,11,Personal Travel,Eco,259,3,4,3,3,4,3,4,4,4,2,3,4,4,3.46,0,4,FALSE
Female,Loyal Customer,57,Personal Travel,Eco,297,2,4,2,2,4,4,4,1,1,2,1,5,5,2.85,0,0,FALSE
Female,Loyal Customer,30,Business Travel,Business,1491,1,3,3,3,1,1,1,1,1,2,3,1,1,1.69,63,58,FALSE
Female,Disloyal Customer,37,Business Travel,Eco Plus,246,4,4,4,3,2,4,2,2,3,1,3,4,2,2.92,23,18,FALSE
Male,Loyal Customer,53,Business Travel,Business,1605,5,5,5,5,2,4,4,4,4,4,4,5,4,4.23,53,58,TRUE
Male,Loyal Customer,34,Business Travel,Business,759,5,5,5,5,5,1,4,5,5,5,5,2,1,4.08,5,20,TRUE
Female,Disloyal Customer,34,Business Travel,Business,2139,3,3,3,1,3,3,3,3,5,2,4,3,3,3,0,0,FALSE
Male,Disloyal Customer,32,Business Travel,Business,337,3,2,2,2,5,2,5,5,4,4,4,3,5,3.54,12,2,FALSE
Male,Loyal Customer,70,Personal Travel,Eco,1826,3,4,3,1,4,3,4,4,5,5,5,5,4,3.85,0,0,FALSE
Female,Loyal Customer,46,Business Travel,Business,1158,4,4,4,4,1,4,3,4,4,4,4,4,3,3.62,0,0,TRUE
Female,Loyal Customer,16,Personal Travel,Eco,266,3,3,3,2,2,3,2,2,4,5,5,1,2,2.85,0,0,FALSE
Female,Loyal Customer,40,Business Travel,Business,1723,5,5,5,5,5,4,5,2,2,2,2,3,4,3.77,18,0,TRUE
Male,Loyal Customer,28,Personal Travel,Eco,907,3,4,3,5,5,3,5,5,4,4,4,4,5,4.15,3,0,FALSE
Female,Loyal Customer,49,Business Travel,Business,1861,2,4,4,4,5,3,3,2,2,3,2,2,2,2.92,36,19,FALSE
Male,Loyal Customer,42,Business Travel,Business,1624,2,2,2,2,2,4,4,5,5,5,5,5,4,3.62,0,0,TRUE
Male,Loyal Customer,48,Personal Travel,Eco Plus,266,2,0,2,4,2,2,1,2,1,2,3,4,2,2.08,0,0,FALSE
Male,Loyal Customer,33,Business Travel,Business,2670,1,3,3,3,1,1,1,1,4,2,3,2,1,2,26,18,FALSE
Male,Disloyal Customer,23,Business Travel,Eco,809,2,2,2,4,4,2,1,4,4,3,4,3,4,3,0,0,FALSE
Female,Loyal Customer,55,Business Travel,Business,1749,2,5,5,5,5,3,4,2,2,2,2,3,1,3.15,2,0,FALSE
Female,Loyal Customer,67,Personal Travel,Eco,1067,1,4,1,2,3,4,5,1,1,1,1,3,4,2.38,26,13,FALSE
Female,Loyal Customer,38,Business Travel,Eco Plus,618,5,5,5,5,5,5,5,5,5,2,4,4,5,4.62,0,0,TRUE
Male,Loyal Customer,57,Business Travel,Business,2611,1,1,1,1,5,5,5,5,3,5,1,5,5,3.31,1,0,TRUE
Female,Loyal Customer,54,Personal Travel,Eco,2342,2,4,2,3,5,3,3,2,2,2,2,4,4,2.92,0,0,FALSE
Male,Loyal Customer,39,Business Travel,Business,2751,1,4,1,1,3,5,5,4,4,4,4,5,4,3.46,0,5,TRUE
Female,Loyal Customer,65,Personal Travel,Eco Plus,158,1,2,1,3,2,3,3,1,1,1,1,4,4,2.08,3,27,FALSE
Male,Disloyal Customer,39,Business Travel,Business,270,2,2,2,4,1,2,1,1,3,3,4,3,1,2.23,0,0,FALSE
Female,Loyal Customer,51,Business Travel,Business,1979,4,4,3,4,2,5,5,4,4,4,4,5,4,4,0,0,TRUE
Female,Disloyal Customer,27,Business Travel,Business,925,4,4,4,2,5,4,5,5,5,5,5,3,5,4.31,19,32,TRUE
Male,Disloyal Customer,18,Business Travel,Eco,1204,5,4,4,4,4,2,2,4,3,5,5,2,2,3.54,133,99,TRUE
Male,Disloyal Customer,27,Business Travel,Business,113,4,4,4,5,5,4,2,5,3,2,5,4,5,4,0,0,FALSE
Male,Disloyal Customer,25,Business Travel,Eco,1127,5,5,5,2,3,5,3,3,4,3,5,5,3,3.92,0,0,TRUE
Male,Loyal Customer,57,Business Travel,Eco,116,3,4,3,4,3,3,3,3,2,4,3,3,3,3.15,52,50,FALSE
Female,Loyal Customer,12,Personal Travel,Eco,391,1,5,1,1,4,1,4,4,5,5,5,3,4,3.31,24,21,FALSE
Female,Loyal Customer,39,Business Travel,Eco,587,4,2,2,2,4,4,4,4,3,3,4,3,4,3.31,0,0,TRUE
Male,Loyal Customer,47,Personal Travel,Eco,842,3,5,3,4,1,3,1,1,5,2,5,4,1,2.92,0,12,FALSE
Female,Loyal Customer,46,Business Travel,Business,3532,2,2,2,2,2,5,5,3,3,3,3,4,4,3.08,72,78,TRUE
Female,Loyal Customer,31,Personal Travel,Eco,1157,3,4,3,3,5,3,5,5,3,5,4,4,5,4,0,0,FALSE
Female,Loyal Customer,53,Business Travel,Business,539,5,5,5,5,3,4,5,4,4,4,4,5,5,4.46,0,0,TRUE
Male,Loyal Customer,50,Business Travel,Eco,599,1,3,3,3,1,1,1,1,3,3,4,4,1,2.23,4,16,FALSE
Female,Loyal Customer,47,Business Travel,Business,957,3,3,3,3,2,5,5,3,3,3,3,4,5,3.46,0,0,TRUE
Male,Loyal Customer,53,Business Travel,Business,1603,4,5,5,5,3,3,3,4,4,4,4,1,1,3.54,4,23,FALSE
Female,Loyal Customer,66,Personal Travel,Eco,760,3,4,3,3,5,4,5,1,1,3,1,3,5,3.15,1,0,FALSE
Male,Disloyal Customer,20,Business Travel,Business,370,5,4,5,3,1,5,1,1,3,5,4,4,1,3.23,23,7,TRUE
Female,Loyal Customer,52,Business Travel,Business,759,1,1,1,1,3,5,4,5,5,5,5,4,3,3.31,16,16,TRUE
Male,Loyal Customer,7,Personal Travel,Eco,1671,2,1,2,3,2,2,1,2,4,4,3,4,2,2.46,0,7,FALSE
Male,Loyal Customer,19,Personal Travel,Eco,1120,1,4,1,5,2,1,3,2,4,4,5,4,2,2.92,9,9,FALSE
Female,Loyal Customer,60,Personal Travel,Eco,547,2,4,2,4,1,3,4,3,3,2,3,4,2,2.85,0,0,FALSE
Female,Loyal Customer,52,Business Travel,Eco,1068,2,5,5,5,3,4,3,2,2,2,2,1,2,2.92,0,0,FALSE
Female,Loyal Customer,42,Business Travel,Business,3275,5,5,5,5,4,4,5,4,4,4,4,3,3,4.23,0,0,TRUE
Female,Loyal Customer,41,Business Travel,Business,972,2,2,2,2,5,4,5,4,4,4,4,4,5,3.62,0,0,TRUE
Male,Disloyal Customer,25,Business Travel,Business,2704,3,2,3,4,3,4,4,3,4,3,3,4,4,3.38,0,37,FALSE
Male,Loyal Customer,48,Business Travel,Business,1488,2,2,2,2,3,5,5,4,4,4,4,4,4,3.46,12,0,TRUE
Male,Loyal Customer,43,Business Travel,Business,1863,4,4,4,4,3,5,4,2,2,2,2,3,4,3.31,0,12,TRUE
Male,Loyal Customer,56,Business Travel,Business,2557,4,4,4,4,4,5,5,5,5,5,5,5,4,4.54,0,0,TRUE
Female,Disloyal Customer,25,Business Travel,Business,937,3,4,3,4,5,3,5,5,5,5,5,3,5,4.23,0,0,FALSE
Male,Loyal Customer,20,Personal Travel,Eco,1197,3,5,3,3,2,3,2,2,1,3,1,1,2,2.38,0,0,FALSE
Female,Disloyal Customer,24,Business Travel,Eco,1916,4,4,4,3,4,4,3,4,3,5,3,2,4,3.62,16,18,FALSE
Male,Loyal Customer,52,Business Travel,Business,3279,1,5,5,5,5,4,4,1,1,1,1,1,1,2.69,0,0,FALSE
Female,Loyal Customer,50,Business Travel,Business,237,2,2,3,2,4,4,4,5,5,5,5,3,4,3.69,5,0,TRUE
Male,Loyal Customer,34,Personal Travel,Business,223,3,5,3,4,3,4,4,2,2,3,2,4,4,3.31,14,9,FALSE
Male,Loyal Customer,50,Personal Travel,Eco,364,1,4,1,4,1,1,1,1,5,5,4,4,1,2.54,0,0,FALSE
Female,Loyal Customer,24,Business Travel,Business,456,2,3,3,3,2,2,2,2,4,4,3,4,2,2.77,119,116,FALSE
Female,Loyal Customer,26,Business Travel,Eco Plus,874,4,5,5,5,4,4,4,4,5,3,3,2,4,4,0,0,TRUE
Female,Disloyal Customer,47,Business Travel,Eco,78,4,5,4,2,4,4,4,4,4,5,4,2,4,3.85,4,0,FALSE
Male,Loyal Customer,52,Business Travel,Business,3382,4,4,4,4,4,4,5,5,5,5,5,3,5,4.38,18,36,TRUE
Female,Loyal Customer,50,Business Travel,Eco,1096,4,4,4,4,1,4,4,4,4,4,4,2,1,3.38,0,0,FALSE
Male,Loyal Customer,61,Personal Travel,Eco Plus,404,3,2,3,3,4,3,4,4,3,2,4,3,4,3.23,0,0,FALSE
Male,Loyal Customer,67,Personal Travel,Eco,236,4,4,4,3,2,4,2,2,3,5,5,5,2,3.46,0,0,FALSE
Female,Disloyal Customer,41,Business Travel,Business,414,3,3,3,1,5,5,5,5,2,5,2,5,5,3.77,0,0,FALSE
Male,Loyal Customer,51,Business Travel,Eco,145,4,5,2,5,4,4,4,4,1,4,1,3,4,3.46,122,116,TRUE
Female,Loyal Customer,57,Business Travel,Business,589,2,2,2,2,3,4,5,5,5,5,5,4,4,3.69,0,0,TRUE
Male,Loyal Customer,33,Personal Travel,Eco,1303,1,5,1,4,2,1,2,2,4,4,4,4,2,2.77,26,6,FALSE
Male,Loyal Customer,47,Business Travel,Business,2994,2,2,2,2,2,2,2,5,5,4,4,2,2,2.77,0,0,TRUE
Female,Loyal Customer,33,Business Travel,Business,1620,4,5,5,5,3,4,4,1,5,4,4,4,4,4,134,145,FALSE
Male,Loyal Customer,8,Personal Travel,Eco,216,0,5,0,3,1,0,1,1,5,2,4,5,1,2.15,0,0,TRUE
Male,Loyal Customer,38,Personal Travel,Eco,399,4,4,3,1,5,3,5,5,4,5,5,3,5,4,0,0,FALSE
Female,Loyal Customer,36,Personal Travel,Eco,374,2,4,2,3,5,2,5,5,3,2,5,3,5,3.54,0,16,FALSE
Male,Loyal Customer,55,Business Travel,Business,819,3,3,3,3,1,4,5,4,4,4,4,1,1,3.08,0,0,TRUE
Male,Loyal Customer,22,Personal Travel,Eco,234,2,5,0,1,4,0,4,4,3,4,5,3,4,3,0,0,FALSE
Male,Loyal Customer,21,Personal Travel,Eco,156,3,2,3,4,3,3,3,3,1,5,4,1,3,2.92,0,0,FALSE
Male,Loyal Customer,24,Business Travel,Business,634,5,5,5,5,4,4,4,4,3,1,3,4,4,3.92,0,3,TRUE
Female,Disloyal Customer,29,Business Travel,Eco,190,3,4,3,2,4,3,3,4,4,3,2,4,4,3.31,0,0,FALSE
Male,Disloyal Customer,55,Business Travel,Eco,108,5,0,4,5,4,4,5,4,5,2,5,4,4,3.92,0,0,TRUE
Female,Disloyal Customer,28,Business Travel,Business,674,4,4,4,3,1,4,1,1,5,5,5,3,1,3.15,6,15,TRUE
Male,Loyal Customer,39,Personal Travel,Eco,965,1,4,1,4,3,1,3,3,3,1,3,3,3,2.54,0,0,FALSE
Female,Loyal Customer,44,Personal Travel,Eco,431,3,2,3,3,5,3,2,3,3,3,3,3,3,3,0,0,FALSE
Male,Loyal Customer,62,Business Travel,Business,998,5,5,5,5,5,3,2,5,5,5,5,1,2,4.08,10,0,TRUE
Female,Loyal Customer,26,Business Travel,Business,1164,2,2,1,2,5,5,5,5,4,3,4,5,5,3.69,0,0,TRUE
Male,Loyal Customer,48,Business Travel,Eco,157,5,5,4,5,5,5,5,5,4,1,4,1,5,4.15,0,0,TRUE
Male,Loyal Customer,7,Personal Travel,Eco,468,5,4,5,3,4,5,4,4,4,3,4,3,4,4,0,12,TRUE
Female,Loyal Customer,50,Business Travel,Business,1859,5,5,5,5,3,4,5,4,4,4,4,4,3,4.23,0,0,TRUE
Female,Loyal Customer,47,Business Travel,Eco,179,4,1,1,1,2,3,3,4,4,4,4,1,4,2.77,43,29,FALSE
Female,Loyal Customer,13,Business Travel,Business,2600,4,4,4,4,5,5,5,5,5,5,5,5,5,4.69,0,2,TRUE
Female,Loyal Customer,22,Personal Travel,Eco,493,4,5,5,1,4,5,4,4,4,5,4,5,4,4.15,0,12,FALSE
Male,Loyal Customer,52,Business Travel,Eco,237,1,3,3,3,1,1,1,1,2,3,3,1,1,1.85,29,40,FALSE
Female,Loyal Customer,67,Personal Travel,Eco,460,4,4,4,4,4,4,4,1,1,4,1,2,3,3.08,19,20,FALSE
Male,Disloyal Customer,29,Business Travel,Business,731,5,5,5,4,3,5,3,3,3,3,5,4,3,3.92,0,0,TRUE
Female,Loyal Customer,47,Business Travel,Business,601,3,3,3,3,2,4,5,5,5,5,5,3,3,3.77,0,0,TRUE
Male,Disloyal Customer,26,Business Travel,Business,861,2,2,2,1,3,2,3,3,3,5,4,3,3,2.77,0,0,FALSE
Female,Loyal Customer,8,Personal Travel,Eco,187,3,1,0,2,3,0,2,3,3,5,3,4,3,2.46,1,0,FALSE
Female,Loyal Customer,41,Business Travel,Business,1452,1,1,1,1,2,5,5,4,4,4,4,5,4,3.15,0,0,TRUE
Female,Loyal Customer,39,Personal Travel,Eco,1102,1,2,2,3,4,2,4,4,4,3,3,3,4,3,0,55,FALSE
Male,Loyal Customer,52,Business Travel,Business,3811,0,0,0,4,5,4,4,3,3,3,3,3,4,2.77,0,0,TRUE
Male,Loyal Customer,62,Personal Travel,Eco,759,2,4,2,2,1,2,1,1,4,2,5,3,1,2.31,75,63,FALSE
Female,Disloyal Customer,38,Business Travel,Eco,196,3,3,4,3,4,4,4,4,3,2,4,2,4,3.38,0,0,FALSE
Female,Loyal Customer,44,Personal Travel,Eco,794,3,2,3,2,5,2,2,3,3,3,3,2,4,2.85,0,0,FALSE
Male,Loyal Customer,15,Personal Travel,Eco,1814,2,4,2,3,2,2,5,2,1,5,4,1,2,2.69,0,3,FALSE
Male,Loyal Customer,42,Business Travel,Business,2014,3,3,3,3,2,5,4,5,5,5,5,3,4,3.85,0,0,TRUE
Male,Loyal Customer,26,Business Travel,Business,1013,5,5,5,5,5,5,5,5,3,4,5,3,5,4.62,47,38,TRUE
Male,Loyal Customer,47,Personal Travel,Eco,909,2,4,2,2,5,2,5,5,4,1,3,3,5,3.31,0,0,FALSE
Female,Loyal Customer,52,Business Travel,Business,106,1,1,1,1,2,4,3,5,5,5,3,1,3,2.69,0,0,TRUE
Male,Disloyal Customer,25,Business Travel,Business,447,3,5,3,2,2,3,3,2,3,4,4,5,2,3.15,0,0,FALSE
Male,Loyal Customer,43,Business Travel,Business,554,5,5,5,5,3,5,4,4,4,4,4,3,5,4.31,0,0,TRUE
Female,Loyal Customer,55,Personal Travel,Eco,1754,2,3,1,3,1,3,2,4,4,1,4,4,4,2.77,0,0,FALSE
Female,Loyal Customer,22,Personal Travel,Eco,879,3,0,3,3,1,3,1,1,5,2,4,4,1,2.38,0,0,FALSE
Male,Disloyal Customer,25,Business Travel,Eco,748,0,0,0,3,1,1,1,1,3,2,4,4,1,1.62,20,14,TRUE
Female,Disloyal Customer,25,Business Travel,Business,337,1,0,1,5,1,1,1,1,3,5,5,4,1,2.23,39,46,FALSE
Female,Loyal Customer,49,Business Travel,Business,919,5,5,5,5,2,5,4,5,5,5,5,3,4,4.46,0,0,TRUE
Female,Loyal Customer,33,Personal Travel,Eco,427,3,4,3,4,3,3,3,3,3,2,4,4,3,3.23,0,0,FALSE
Male,Disloyal Customer,26,Business Travel,Business,879,3,3,3,1,3,3,3,3,3,3,5,4,3,3.08,5,2,FALSE
Male,Loyal Customer,40,Business Travel,Business,552,3,3,3,3,4,5,5,5,5,5,5,4,3,4.08,0,0,TRUE
Male,Loyal Customer,60,Business Travel,Business,3833,2,2,4,2,5,4,3,4,4,4,4,5,4,3.62,42,30,TRUE
Female,Loyal Customer,22,Business Travel,Eco,585,3,3,3,3,3,3,1,3,3,5,3,3,3,3,0,6,FALSE
Male,Loyal Customer,48,Business Travel,Eco,1190,1,5,4,4,1,1,1,1,2,5,1,1,1,2.15,25,60,FALSE
Male,Disloyal Customer,22,Business Travel,Business,594,5,3,5,2,3,5,3,3,4,2,5,5,3,3.69,9,15,TRUE
Female,Loyal Customer,60,Personal Travel,Eco,297,2,4,2,3,2,3,1,5,5,2,5,5,1,3.08,38,25,FALSE
Female,Loyal Customer,28,Personal Travel,Eco,337,4,3,4,2,3,4,3,3,2,1,3,3,3,2.92,38,22,FALSE
Female,Loyal Customer,42,Business Travel,Business,1096,4,4,4,4,2,4,5,5,5,5,5,5,4,4.31,0,4,TRUE
Male,Loyal Customer,51,Business Travel,Business,3306,3,3,3,3,2,4,5,4,4,4,4,4,4,3.62,0,6,TRUE
Male,Loyal Customer,19,Personal Travel,Eco,562,3,4,2,3,3,2,3,3,4,4,5,3,3,3.23,6,22,FALSE
Male,Loyal Customer,12,Personal Travel,Eco,794,1,4,1,4,1,1,1,1,4,4,5,3,1,2.38,7,4,FALSE
Male,Loyal Customer,29,Business Travel,Business,3185,3,3,3,3,3,2,3,3,5,3,2,3,3,3,0,0,TRUE
Female,Disloyal Customer,39,Business Travel,Business,984,2,2,2,1,2,2,3,2,4,3,1,1,2,2.08,0,0,FALSE
Female,Loyal Customer,48,Business Travel,Business,1848,2,2,2,2,4,5,4,5,5,5,5,4,4,3.77,5,8,TRUE
Male,Loyal Customer,69,Personal Travel,Eco,517,2,3,2,2,3,2,3,3,2,2,1,4,3,2.46,19,2,FALSE
Female,Loyal Customer,23,Personal Travel,Eco Plus,190,3,5,3,3,3,3,3,3,4,2,4,3,3,3.23,0,0,FALSE
Female,Loyal Customer,9,Personal Travel,Eco,925,3,4,3,1,3,3,3,3,3,5,5,4,3,3.31,0,10,FALSE
Female,Loyal Customer,49,Business Travel,Business,2999,5,5,5,5,2,4,4,5,5,5,5,4,4,4.46,6,0,TRUE
Female,Disloyal Customer,15,Personal Travel,Eco,2704,1,0,1,4,1,1,1,1,5,3,5,5,1,2.23,0,0,FALSE
Male,Loyal Customer,43,Business Travel,Business,258,2,5,5,5,3,4,3,2,2,2,2,4,1,3.08,0,0,FALSE
Female,Loyal Customer,18,Personal Travel,Eco,1464,2,4,2,1,3,2,3,3,4,3,5,3,3,2.92,19,0,FALSE
Female,Loyal Customer,35,Business Travel,Business,2857,4,4,4,4,3,5,5,4,4,4,4,3,3,3.92,19,34,TRUE
Female,Loyal Customer,18,Personal Travel,Eco,589,3,4,3,1,4,3,4,4,3,4,4,4,4,3.46,4,0,FALSE
Female,Disloyal Customer,32,Business Travel,Business,196,3,4,4,4,3,4,3,3,5,3,4,4,3,3.62,0,0,FALSE
Male,Loyal Customer,12,Personal Travel,Eco,284,0,5,0,3,5,0,2,5,3,3,5,3,5,3,0,0,TRUE
Female,Loyal Customer,40,Business Travel,Eco,700,2,4,1,4,2,2,2,2,4,1,3,3,2,2.46,0,0,FALSE
Female,Loyal Customer,49,Business Travel,Business,2990,2,2,2,2,2,5,5,4,4,4,4,3,3,3.23,3,0,TRUE
Female,Loyal Customer,43,Business Travel,Business,967,3,3,3,3,3,5,4,3,3,3,3,5,4,3.46,0,0,TRUE
Female,Loyal Customer,54,Personal Travel,Eco,522,2,4,2,5,2,4,1,5,5,2,3,4,5,3.38,0,0,FALSE
Male,Loyal Customer,37,Business Travel,Eco Plus,289,2,2,2,2,2,2,2,2,1,3,4,2,2,2.15,73,58,FALSE
Male,Loyal Customer,11,Personal Travel,Eco,1310,2,5,2,3,4,2,4,4,5,4,4,4,4,3.62,0,10,FALSE
Female,Disloyal Customer,23,Business Travel,Eco,189,3,2,3,3,1,3,1,1,1,5,4,2,1,2.31,64,62,FALSE
Male,Loyal Customer,48,Business Travel,Business,912,1,1,4,1,2,1,2,5,5,5,5,3,5,3.08,75,82,TRUE
Female,Loyal Customer,47,Business Travel,Eco,957,3,1,1,1,2,4,3,3,3,3,3,2,1,2.31,45,39,FALSE
Female,Loyal Customer,51,Business Travel,Business,502,3,3,3,3,3,4,5,5,5,5,5,4,4,4,0,0,TRUE
Female,Loyal Customer,33,Personal Travel,Eco,867,2,3,2,3,5,2,4,5,3,3,4,1,5,3.23,3,62,FALSE
Male,Loyal Customer,18,Personal Travel,Eco Plus,140,2,1,2,3,3,2,2,3,2,2,2,2,3,2.23,0,0,FALSE
Male,Loyal Customer,30,Personal Travel,Eco,1674,4,3,4,1,5,4,5,5,4,1,1,3,5,3.46,0,0,TRUE
Female,Loyal Customer,27,Business Travel,Business,2758,1,5,5,5,1,1,1,1,3,5,4,4,1,2.85,3,0,FALSE
Female,Loyal Customer,15,Business Travel,Business,3993,3,4,4,4,3,2,3,3,4,4,4,3,3,3.38,1,0,FALSE
Female,Disloyal Customer,25,Business Travel,Business,490,2,0,2,4,3,2,3,3,4,2,5,5,3,2.92,0,0,FALSE
Female,Loyal Customer,58,Business Travel,Business,455,5,5,5,5,5,4,4,3,3,4,3,5,3,4.15,64,62,TRUE
Male,Loyal Customer,15,Personal Travel,Eco Plus,201,4,4,4,4,2,4,4,2,2,4,2,2,2,3.08,0,0,FALSE
Female,Loyal Customer,25,Personal Travel,Eco,297,4,2,4,3,5,4,5,5,1,3,3,1,5,3.46,0,0,FALSE
Male,Loyal Customer,38,Personal Travel,Eco,373,1,3,1,4,4,1,4,4,4,4,1,3,4,2.92,0,0,FALSE
Female,Loyal Customer,41,Business Travel,Business,2338,3,3,3,3,4,4,5,4,4,4,4,5,4,3.85,8,0,TRUE
Male,Loyal Customer,64,Personal Travel,Business,1120,3,5,3,1,4,1,1,3,3,3,3,3,5,2.92,0,0,FALSE
Female,Loyal Customer,46,Business Travel,Business,2365,0,5,1,4,5,3,5,5,5,5,5,2,2,3.62,0,0,TRUE
Female,Disloyal Customer,25,Business Travel,Eco,669,3,3,3,3,5,3,5,5,2,1,3,3,5,3.38,5,4,FALSE
Female,Loyal Customer,56,Personal Travel,Eco,788,2,5,2,4,5,4,4,5,5,2,4,5,5,4,0,2,FALSE
Male,Loyal Customer,39,Personal Travel,Eco Plus,992,4,4,4,4,2,4,2,2,4,4,4,3,2,3.31,0,3,FALSE
Female,Loyal Customer,61,Personal Travel,Eco,689,2,3,2,4,3,1,1,5,5,2,5,3,3,3,11,0,FALSE
Female,Loyal Customer,22,Business Travel,Eco Plus,957,2,1,1,1,2,2,2,2,4,4,3,1,2,2.08,5,1,FALSE
Male,Disloyal Customer,31,Business Travel,Eco,805,2,2,2,3,3,2,3,3,3,4,3,2,3,2.69,0,18,FALSE
Male,Loyal Customer,43,Personal Travel,Eco,583,5,5,5,1,5,5,4,5,3,4,4,4,5,4.23,13,0,TRUE
Male,Loyal Customer,60,Personal Travel,Eco,1055,1,4,1,3,1,1,1,1,1,1,3,2,1,1.62,21,14,FALSE
Male,Disloyal Customer,43,Business Travel,Business,997,5,5,5,1,5,5,5,5,3,5,4,4,5,4.38,3,0,TRUE
Female,Loyal Customer,15,Personal Travel,Eco,690,4,5,3,2,4,3,3,4,2,2,4,4,4,3.38,0,11,FALSE
Female,Loyal Customer,61,Personal Travel,Eco,589,3,5,4,1,5,4,5,2,2,4,2,3,5,3.46,0,0,FALSE
Female,Disloyal Customer,33,Business Travel,Business,196,1,1,1,4,3,1,3,3,4,4,4,3,3,2.69,108,119,FALSE
Male,Loyal Customer,45,Business Travel,Business,1464,5,5,5,5,4,4,5,5,5,5,5,5,5,4.85,0,0,TRUE
Female,Loyal Customer,69,Personal Travel,Eco,840,3,3,3,3,5,3,3,3,3,3,3,3,1,3,0,0,FALSE
Female,Loyal Customer,60,Business Travel,Eco,300,4,4,4,4,5,3,5,4,4,4,4,3,1,3.77,0,0,TRUE
Male,Loyal Customer,30,Business Travel,Business,1916,1,1,1,1,4,5,4,4,5,4,5,3,4,3.23,0,0,TRUE
Female,Loyal Customer,54,Business Travel,Business,3392,5,5,5,5,2,5,5,4,4,4,4,4,3,4.23,0,0,TRUE
Female,Loyal Customer,46,Business Travel,Business,646,2,4,4,4,1,4,4,2,2,2,2,2,3,2.77,10,0,FALSE
Female,Loyal Customer,61,Personal Travel,Eco,235,3,4,3,3,4,5,4,1,1,3,1,3,5,3.08,0,0,FALSE
Female,Loyal Customer,42,Business Travel,Business,1504,1,1,4,1,5,3,1,5,5,5,5,3,2,3.15,0,47,TRUE
Male,Loyal Customer,52,Business Travel,Business,3454,3,5,5,5,3,3,3,4,3,3,3,3,3,3.54,88,138,FALSE
Female,Disloyal Customer,38,Business Travel,Business,391,4,4,4,5,2,4,3,2,3,4,4,4,2,3.46,0,0,FALSE
Female,Loyal Customer,31,Personal Travel,Eco,937,1,4,1,3,1,5,5,3,3,5,4,5,5,3.46,161,168,FALSE
Female,Loyal Customer,47,Business Travel,Business,3536,4,3,4,4,3,3,5,5,5,5,5,5,4,4.23,0,0,TRUE
Male,Loyal Customer,42,Business Travel,Business,337,2,4,2,2,5,4,5,5,5,5,5,3,4,3.92,47,18,TRUE
Male,Loyal Customer,31,Business Travel,Eco,162,4,3,3,3,4,4,4,4,2,2,4,3,4,3.38,74,101,FALSE
Male,Loyal Customer,37,Personal Travel,Eco,1045,1,4,1,2,2,1,2,2,5,2,4,5,2,2.54,15,2,FALSE
Male,Loyal Customer,44,Business Travel,Business,606,2,4,2,2,5,5,4,4,4,5,4,3,5,3.77,0,0,TRUE
Male,Loyal Customer,54,Business Travel,Business,3888,4,4,4,4,4,4,5,4,4,4,4,3,4,4,0,0,TRUE
Male,Loyal Customer,70,Personal Travel,Eco,1979,3,3,3,5,2,3,2,2,1,4,4,4,2,2.92,15,12,FALSE
Male,Loyal Customer,28,Personal Travel,Eco,188,3,5,3,4,3,3,3,3,3,3,4,4,3,3.38,0,0,FALSE
Male,Loyal Customer,32,Personal Travel,Eco,1620,5,5,5,1,3,5,3,3,3,3,4,4,3,3.62,0,0,TRUE
Female,Loyal Customer,7,Personal Travel,Eco,1188,4,4,4,5,1,4,1,1,4,2,4,5,1,3.08,0,0,TRUE
Female,Loyal Customer,24,Personal Travel,Eco,2519,1,4,1,2,3,1,3,3,5,3,5,3,3,2.85,0,0,FALSE
Female,Loyal Customer,79,Business Travel,Business,799,3,2,2,2,5,4,4,3,3,3,3,3,4,3.15,9,0,FALSE
Female,Loyal Customer,41,Business Travel,Eco,455,5,2,2,2,5,5,5,5,3,4,4,3,5,3.85,0,0,TRUE
Male,Loyal Customer,14,Personal Travel,Eco Plus,125,1,4,1,4,3,1,3,3,4,4,4,1,3,2.77,0,0,FALSE
Male,Loyal Customer,30,Business Travel,Business,1050,2,2,2,2,5,5,5,5,5,3,4,1,5,3.54,0,0,TRUE
Male,Loyal Customer,65,Personal Travel,Eco,296,2,5,2,5,5,2,5,5,3,4,4,4,5,3.92,2,36,FALSE
Female,Loyal Customer,44,Personal Travel,Eco,888,4,4,4,3,4,3,3,2,2,3,3,3,3,3.15,154,135,FALSE
Female,Loyal Customer,8,Business Travel,Business,641,2,3,3,3,2,2,2,2,4,2,3,1,2,2.38,0,0,FALSE
Male,Disloyal Customer,28,Business Travel,Business,991,4,4,4,1,2,4,2,2,3,2,5,5,2,3.08,6,4,FALSE
Male,Loyal Customer,70,Personal Travel,Eco,1063,2,4,2,2,5,2,5,5,5,4,5,3,5,3.77,0,0,FALSE
Female,Loyal Customer,34,Personal Travel,Eco,944,5,1,5,2,1,5,1,1,2,3,3,1,1,2.38,0,0,TRUE
Female,Loyal Customer,38,Personal Travel,Eco,322,4,3,4,1,1,4,1,1,3,2,2,3,1,2.31,0,0,FALSE
Male,Loyal Customer,64,Personal Travel,Eco,526,3,4,4,2,4,4,4,4,5,3,5,4,4,3.85,1,0,FALSE
Male,Loyal Customer,58,Business Travel,Business,2749,2,2,2,2,2,4,5,4,4,4,4,3,4,3.23,0,0,TRUE
Male,Loyal Customer,34,Personal Travel,Eco Plus,2586,3,3,3,4,3,1,1,4,5,4,2,1,1,2.69,202,,FALSE
Male,Loyal Customer,47,Business Travel,Business,2173,4,4,4,4,3,4,5,4,4,4,4,3,3,3.85,0,0,TRUE
Female,Loyal Customer,19,Personal Travel,Eco Plus,956,3,5,3,2,5,3,5,5,3,3,5,3,5,3.85,0,0,FALSE
Male,Loyal Customer,34,Business Travel,Business,2143,4,2,2,2,2,3,4,4,4,4,4,3,4,3.23,47,41,FALSE
Female,Loyal Customer,59,Business Travel,Eco,1849,3,4,4,4,4,4,4,3,3,3,3,4,3,3.54,0,0,FALSE
Male,Loyal Customer,41,Business Travel,Eco,1499,4,4,4,4,4,4,4,4,4,4,3,1,4,3.69,25,40,TRUE
Male,Disloyal Customer,26,Business Travel,Eco,253,3,0,3,4,3,3,3,3,3,5,2,4,3,3,48,34,FALSE
Female,Disloyal Customer,29,Business Travel,Eco Plus,937,2,2,2,3,3,2,3,3,3,2,4,1,3,2.54,0,0,FALSE
Male,Loyal Customer,30,Business Travel,Business,2604,4,4,4,4,5,5,5,5,5,3,4,3,5,4.31,2,0,TRUE
Male,Loyal Customer,34,Personal Travel,Eco,1919,1,4,1,2,3,1,5,3,5,5,5,4,3,3.23,0,0,FALSE
Male,Disloyal Customer,38,Business Travel,Business,235,4,4,4,5,3,4,4,3,3,4,4,5,3,3.85,48,40,TRUE
Female,Loyal Customer,11,Personal Travel,Eco,551,3,3,3,1,1,3,1,1,5,5,5,5,1,2.85,9,2,FALSE
Female,Disloyal Customer,26,Business Travel,Business,226,2,2,2,1,3,2,3,3,4,5,4,3,3,2.85,0,0,FALSE
Female,Disloyal Customer,24,Business Travel,Business,821,0,4,0,1,5,0,5,5,3,5,5,3,5,3.15,12,0,TRUE
Male,Loyal Customer,43,Business Travel,Eco,212,4,4,4,4,4,4,4,4,5,4,1,1,4,3.62,0,0,TRUE
Female,Loyal Customer,33,Business Travel,Business,926,2,2,2,2,5,5,5,3,4,4,5,5,5,3.77,310,307,TRUE
Male,Loyal Customer,55,Business Travel,Business,2096,1,1,2,1,2,5,4,4,4,4,4,4,5,3.15,25,22,TRUE
Female,Disloyal Customer,27,Business Travel,Eco,200,1,1,1,4,1,1,1,1,4,5,3,2,1,2,0,0,FALSE
Female,Loyal Customer,14,Personal Travel,Eco,157,3,5,3,4,2,3,2,2,3,2,4,5,2,3.08,0,0,FALSE
Male,Loyal Customer,39,Business Travel,Business,1460,1,1,1,1,5,4,5,5,5,5,5,5,3,3.54,30,17,TRUE
Female,Disloyal Customer,20,Business Travel,Eco Plus,594,3,4,3,3,3,1,1,1,2,4,3,1,1,2.31,141,129,FALSE
Male,Loyal Customer,41,Personal Travel,Eco,174,3,3,3,4,5,3,5,5,4,2,3,2,5,3.62,0,0,FALSE
Female,Loyal Customer,48,Business Travel,Eco Plus,402,5,1,1,1,2,4,3,4,4,5,4,5,4,3.31,0,0,TRUE
Male,Disloyal Customer,27,Business Travel,Eco,456,1,3,1,1,2,1,2,2,5,5,1,1,2,2.08,0,0,FALSE
Female,Loyal Customer,57,Personal Travel,Eco,599,1,5,1,4,1,1,3,3,3,1,1,1,2,2.08,0,0,FALSE
Male,Disloyal Customer,27,Business Travel,Eco,253,4,0,4,2,5,4,5,5,3,1,4,1,5,3.31,0,0,TRUE
Male,Loyal Customer,23,Business Travel,Business,3711,4,4,4,4,5,5,5,5,1,3,1,1,5,3.62,37,26,TRUE
Female,Loyal Customer,47,Business Travel,Business,3664,2,2,2,2,1,4,3,2,2,2,2,3,4,2.38,0,0,FALSE
Female,Loyal Customer,45,Business Travel,Business,685,4,4,4,4,4,5,5,5,5,5,5,4,3,4.38,30,21,TRUE
Male,Loyal Customer,37,Business Travel,Eco,158,3,4,4,4,3,3,3,3,4,2,2,1,3,3,0,0,FALSE
Male,Loyal Customer,51,Business Travel,Business,802,3,2,2,2,2,3,4,3,3,3,3,1,3,2.62,4,0,FALSE
Male,Loyal Customer,27,Business Travel,Business,84,5,5,5,5,5,5,4,5,5,1,1,1,5,4,0,0,TRUE
Female,Loyal Customer,43,Personal Travel,Eco,157,4,3,4,3,3,5,4,1,1,4,1,1,4,2.92,0,0,FALSE
Female,Loyal Customer,40,Business Travel,Business,119,2,2,2,2,2,3,4,4,4,4,2,4,2,2.85,0,0,FALSE
Female,Disloyal Customer,48,Business Travel,Eco,198,5,3,5,5,5,5,5,5,4,5,5,1,5,4.46,0,0,TRUE
Male,Loyal Customer,47,Business Travel,Eco,337,4,2,4,2,4,4,4,4,3,1,5,4,4,3.46,0,0,TRUE
Male,Loyal Customer,54,Business Travel,Business,1871,4,3,4,4,3,5,5,4,4,4,4,5,5,4.15,108,130,TRUE
Male,Loyal Customer,45,Business Travel,Eco,646,3,3,2,3,3,3,3,3,4,2,4,4,3,3.08,4,0,FALSE
Female,Loyal Customer,55,Business Travel,Business,3679,4,4,4,4,3,4,5,4,4,4,4,3,4,3.92,7,3,TRUE
Female,Loyal Customer,58,Personal Travel,Eco,293,2,2,2,3,3,3,3,5,5,2,5,3,1,3,0,0,FALSE
Female,Loyal Customer,61,Personal Travel,Eco Plus,2419,5,3,5,3,4,5,1,1,1,5,1,4,1,3,0,0,TRUE
Male,Loyal Customer,68,Personal Travel,Eco,554,3,4,3,5,4,3,4,4,5,2,4,4,4,3.77,7,0,FALSE
Female,Loyal Customer,31,Personal Travel,Eco,1127,2,4,2,5,1,2,1,1,4,4,4,3,1,2.62,0,0,FALSE
Female,Disloyal Customer,22,Business Travel,Business,1379,5,0,5,1,3,5,3,3,3,4,5,3,3,3.31,0,5,TRUE
Male,Loyal Customer,38,Business Travel,Eco,397,5,4,4,4,5,5,5,5,4,5,4,3,5,4.46,0,0,TRUE
Female,Disloyal Customer,27,Business Travel,Eco,1608,2,2,2,3,2,2,2,2,1,3,3,2,2,2.15,0,7,FALSE
Male,Loyal Customer,56,Personal Travel,Eco Plus,236,3,4,3,2,5,3,5,5,5,4,4,5,5,4.08,25,23,FALSE
Male,Loyal Customer,41,Business Travel,Business,552,1,1,1,1,4,5,4,3,3,3,3,5,5,3,0,0,TRUE
Male,Disloyal Customer,20,Business Travel,Eco,1056,3,3,3,3,5,3,5,5,2,4,2,4,5,3.62,13,7,FALSE
Male,Loyal Customer,61,Business Travel,Business,621,2,4,4,4,2,4,4,2,2,2,2,4,4,3.08,0,21,FALSE
Female,Disloyal Customer,22,Business Travel,Business,404,3,3,3,3,5,3,5,5,2,4,3,2,5,3.54,0,0,FALSE
Male,Disloyal Customer,25,Personal Travel,Eco,1017,4,3,4,4,2,4,2,2,3,1,4,3,2,2.92,0,0,FALSE
Female,Loyal Customer,38,Business Travel,Eco,478,2,3,3,3,2,2,2,2,3,5,1,4,2,2.62,0,0,FALSE
Male,Disloyal Customer,35,Business Travel,Business,425,1,1,1,4,2,1,5,2,3,2,5,5,2,2.62,0,0,FALSE
Female,Loyal Customer,44,Business Travel,Eco,1020,1,1,1,1,5,3,3,1,1,1,1,1,4,1.85,0,0,FALSE
Male,Loyal Customer,59,Business Travel,Business,2021,1,1,1,1,5,3,2,5,5,5,5,2,2,2.92,35,34,TRUE
Male,Loyal Customer,69,Business Travel,Eco Plus,462,2,2,3,2,3,2,3,3,3,1,4,4,3,2.69,0,0,FALSE
Male,Disloyal Customer,19,Business Travel,Eco,359,3,1,2,4,3,2,3,3,1,5,4,3,3,2.85,0,0,FALSE
Female,Loyal Customer,8,Personal Travel,Eco Plus,900,3,4,3,1,2,3,2,2,3,1,1,2,2,2.23,0,0,FALSE
Female,Loyal Customer,44,Personal Travel,Eco,1666,1,2,2,3,3,3,3,5,5,2,5,2,2,2.92,0,0,FALSE
Female,Loyal Customer,23,Personal Travel,Eco,395,3,5,3,3,2,3,2,2,3,4,5,3,2,3.08,13,0,FALSE
Female,Loyal Customer,64,Business Travel,Business,1709,0,0,0,2,3,4,5,3,3,5,5,5,4,3,16,2,TRUE
Female,Loyal Customer,13,Personal Travel,Eco,1488,3,3,3,5,1,3,1,1,4,2,3,1,1,2.38,0,30,FALSE
Female,Loyal Customer,46,Business Travel,Business,3444,0,5,0,3,3,5,4,4,4,2,2,4,3,3,16,16,TRUE
Male,Loyal Customer,55,Business Travel,Business,319,1,1,1,1,1,3,1,5,5,5,5,5,2,2.77,37,13,TRUE
Female,Loyal Customer,40,Business Travel,Business,480,5,5,4,5,5,4,4,4,4,4,4,5,3,4.31,0,0,TRUE
Male,Loyal Customer,9,Personal Travel,Eco,240,3,5,0,5,4,0,4,4,5,4,4,4,4,3.54,21,26,FALSE
Female,Loyal Customer,42,Business Travel,Business,2384,2,2,2,2,1,4,3,2,2,2,2,2,2,2.15,16,14,FALSE
Male,Loyal Customer,48,Personal Travel,Eco,899,2,5,3,2,1,3,1,1,5,3,5,5,1,2.85,14,19,FALSE
Female,Loyal Customer,54,Business Travel,Eco,290,4,2,2,2,3,1,1,4,4,4,4,1,3,2.69,0,20,FALSE
Female,Loyal Customer,63,Business Travel,Business,1545,1,1,1,1,5,4,5,3,3,2,3,3,3,2.69,46,37,TRUE
Female,Loyal Customer,55,Business Travel,Eco,308,2,3,3,3,5,3,4,2,2,2,2,1,2,2.62,33,37,FALSE
Male,Loyal Customer,68,Personal Travel,Eco,396,3,5,3,4,4,3,4,4,4,5,5,5,4,4.08,0,0,FALSE
Male,Loyal Customer,43,Personal Travel,Eco,1721,2,1,2,3,3,2,3,3,2,4,3,1,3,2.46,99,111,FALSE
Female,Loyal Customer,52,Business Travel,Business,3558,2,2,2,2,3,5,4,5,5,5,3,1,1,3.08,0,0,TRUE
Male,Loyal Customer,43,Personal Travel,Eco,550,2,2,2,4,5,2,4,5,3,5,4,3,5,3.54,7,7,FALSE
Male,Loyal Customer,48,Business Travel,Business,3274,0,0,0,2,3,5,5,3,3,3,3,3,4,2.62,11,11,TRUE
Male,Loyal Customer,28,Business Travel,Eco,869,3,1,1,1,3,3,3,3,1,1,3,3,3,2.23,116,103,FALSE
Female,Loyal Customer,7,Personal Travel,Eco,236,1,5,1,3,5,1,5,5,3,5,5,5,5,3.77,0,0,FALSE
Female,Disloyal Customer,10,Business Travel,Business,1389,4,0,4,2,2,4,2,2,3,5,5,5,2,3.08,0,0,TRUE
Female,Loyal Customer,29,Business Travel,Business,1834,3,3,3,3,4,4,4,4,5,4,5,4,4,3.85,0,0,TRUE
Male,Loyal Customer,54,Personal Travel,Eco,399,3,4,3,2,5,3,5,5,4,5,4,5,5,4.08,0,0,FALSE
Female,Loyal Customer,64,Personal Travel,Eco,200,2,3,2,5,3,5,2,1,1,2,1,3,4,2.62,0,15,FALSE
Male,Loyal Customer,36,Business Travel,Business,646,4,4,4,4,5,5,5,3,5,5,4,5,5,4.46,156,200,TRUE
Female,Loyal Customer,29,Personal Travel,Eco,1444,4,0,4,4,3,4,3,3,3,3,5,5,3,3.38,0,0,FALSE
Male,Loyal Customer,58,Personal Travel,Eco,187,1,4,1,3,5,1,5,5,1,2,4,1,5,2.92,11,14,FALSE
Female,Loyal Customer,54,Business Travel,Business,1135,4,1,5,5,4,4,3,4,4,4,4,4,3,3.77,6,0,FALSE
Female,Loyal Customer,51,Business Travel,Eco,1107,3,4,3,3,2,3,4,3,3,3,3,4,5,3.31,2,0,TRUE
Male,Loyal Customer,61,Business Travel,Eco,337,2,4,4,4,1,2,1,1,3,3,2,1,1,2.23,0,34,FALSE
Female,Loyal Customer,32,Business Travel,Business,714,3,3,3,3,3,5,3,3,3,3,2,5,3,3.23,0,0,TRUE
Female,Loyal Customer,45,Personal Travel,Eco,590,1,2,1,3,2,4,3,4,4,1,4,3,4,2.77,3,4,FALSE
Female,Disloyal Customer,34,Business Travel,Eco,370,2,4,2,3,2,2,2,2,2,5,3,3,2,2.62,35,30,FALSE
Male,Loyal Customer,41,Business Travel,Business,3303,4,4,4,4,3,5,4,4,4,4,4,3,4,3.92,12,5,TRUE
Male,Loyal Customer,50,Personal Travel,Eco,1491,3,4,4,3,1,4,1,1,4,2,3,3,1,2.62,0,0,FALSE
Male,Loyal Customer,29,Personal Travel,Eco Plus,683,4,4,4,3,1,4,4,1,5,3,5,5,1,3.38,0,0,FALSE
Female,Loyal Customer,32,Personal Travel,Eco,569,4,3,4,3,5,4,5,5,1,2,3,4,5,3.69,0,0,FALSE
Female,Loyal Customer,46,Personal Travel,Eco Plus,257,2,3,2,3,1,4,3,3,3,2,3,1,3,2.54,0,0,FALSE
Male,Loyal Customer,41,Business Travel,Eco,764,2,5,4,5,2,2,2,2,1,4,3,2,2,2.77,1,0,FALSE
Male,Loyal Customer,25,Business Travel,Eco,882,2,1,1,1,2,2,1,2,3,3,2,3,2,1.92,14,12,FALSE
Female,Loyal Customer,42,Business Travel,Business,250,0,0,0,3,2,5,4,3,3,3,3,3,5,2.62,4,0,TRUE
Female,Disloyal Customer,50,Business Travel,Eco,524,1,0,1,4,1,1,1,1,2,3,4,2,1,1.69,0,8,FALSE
Male,Loyal Customer,41,Personal Travel,Eco,460,3,4,3,3,2,3,2,2,4,5,5,4,2,3.23,12,7,FALSE
Male,Loyal Customer,18,Personal Travel,Eco,507,3,5,3,4,4,3,4,4,3,3,5,5,4,3.85,0,0,FALSE
Male,Loyal Customer,57,Business Travel,Business,3651,3,3,3,3,5,4,4,5,5,5,5,3,5,4.08,0,0,TRUE
Female,Disloyal Customer,40,Business Travel,Business,447,4,4,4,2,4,4,4,4,3,2,5,4,4,3.69,0,2,TRUE
Male,Loyal Customer,28,Personal Travel,Eco,192,3,4,0,5,3,0,3,3,4,2,4,5,3,3,0,0,FALSE
Female,Loyal Customer,39,Business Travel,Business,547,2,2,2,2,4,2,4,4,4,4,4,2,3,3,16,0,TRUE
Male,Loyal Customer,41,Business Travel,Business,3149,2,1,1,1,5,4,3,2,2,2,2,1,3,2.23,0,0,FALSE
Male,Loyal Customer,7,Personal Travel,Business,119,2,1,0,3,2,0,2,2,4,5,3,4,2,2.31,0,0,FALSE
Female,Loyal Customer,50,Business Travel,Business,3831,2,3,2,2,4,5,4,3,3,3,3,4,3,3.15,0,2,TRUE
Female,Loyal Customer,35,Personal Travel,Eco,460,4,5,4,5,4,4,4,4,3,5,5,5,4,4.31,0,18,FALSE
Male,Disloyal Customer,37,Business Travel,Business,346,2,2,2,3,4,2,5,4,4,4,4,3,4,3.31,0,0,FALSE
Female,Loyal Customer,42,Personal Travel,Eco,236,4,1,4,2,2,2,2,1,1,4,1,2,2,2.15,3,2,TRUE
Male,Loyal Customer,41,Business Travel,Business,612,2,2,2,2,5,4,4,5,5,5,5,5,4,3.85,0,0,TRUE
Male,Loyal Customer,53,Business Travel,Eco,73,4,3,3,3,4,4,4,4,4,3,5,2,4,3.62,0,0,TRUE
Male,Loyal Customer,46,Personal Travel,Eco,992,1,4,1,4,5,1,5,5,5,2,4,5,5,3.62,2,0,FALSE
Female,Loyal Customer,37,Personal Travel,Eco,946,3,1,3,4,1,3,1,1,2,2,4,1,1,2.08,0,3,FALSE
Female,Disloyal Customer,27,Personal Travel,Eco,270,2,4,0,4,4,0,4,4,3,2,5,3,4,3,13,1,FALSE
Female,Disloyal Customer,10,Business Travel,Eco,596,3,4,3,3,3,3,3,3,1,2,4,4,3,3,29,9,FALSE
Male,Loyal Customer,23,Personal Travel,Eco,534,0,4,0,4,4,0,4,4,5,4,4,4,4,3.15,0,0,TRUE
Female,Loyal Customer,55,Personal Travel,Eco,214,2,4,2,3,4,4,4,1,1,2,1,2,2,2.46,0,0,FALSE
Male,Loyal Customer,46,Business Travel,Business,2064,2,1,1,1,2,4,3,2,2,2,2,3,1,2,0,11,FALSE
Female,Loyal Customer,46,Business Travel,Eco,296,4,5,5,5,1,2,5,4,4,4,4,3,4,3.85,0,0,TRUE
Female,Loyal Customer,58,Personal Travel,Eco,1464,2,5,2,4,4,5,4,2,2,2,5,4,3,3.38,1,0,FALSE
Female,Loyal Customer,53,Business Travel,Eco,1546,5,4,4,4,4,2,1,5,5,5,5,5,4,4.08,0,0,TRUE
Female,Disloyal Customer,25,Business Travel,Eco,1050,4,4,4,3,3,4,3,3,3,2,2,2,3,3.08,0,0,FALSE
Male,Loyal Customer,33,Business Travel,Business,680,2,1,1,1,2,2,2,2,2,2,4,2,2,1.92,0,0,FALSE
Female,Disloyal Customer,42,Business Travel,Business,1035,1,1,1,2,3,1,3,3,3,4,4,3,3,2.46,0,0,FALSE
Male,Loyal Customer,40,Business Travel,Eco,241,2,4,2,2,2,2,2,2,2,4,3,2,2,2.38,0,4,FALSE
Male,Loyal Customer,65,Personal Travel,Eco,507,2,4,2,2,1,2,1,1,5,3,4,4,1,2.46,2,5,FALSE
Male,Loyal Customer,57,Personal Travel,Eco,605,3,5,3,5,2,3,2,2,3,5,5,3,2,3.31,16,18,FALSE
Female,Loyal Customer,42,Business Travel,Business,2303,2,2,2,2,4,4,5,3,3,4,3,5,3,3.23,6,0,TRUE
Female,Loyal Customer,49,Business Travel,Business,3156,3,3,3,3,5,4,5,5,5,5,5,3,4,4.08,38,50,TRUE
Male,Loyal Customer,40,Business Travel,Business,2613,0,0,0,3,4,4,4,2,2,2,2,5,3,2.38,0,3,TRUE
Female,Loyal Customer,63,Personal Travel,Eco,342,2,5,2,1,4,4,5,4,4,2,4,5,5,3.62,6,0,FALSE
Male,Disloyal Customer,35,Business Travel,Business,1258,3,3,3,3,3,3,3,3,3,5,4,5,3,3.38,0,0,FALSE
Male,Loyal Customer,60,Personal Travel,Eco Plus,1620,3,5,3,1,1,3,1,1,5,3,4,5,1,2.77,0,0,FALSE
Male,Loyal Customer,54,Business Travel,Business,533,1,1,1,1,2,5,5,3,3,4,3,4,5,2.92,0,0,TRUE
Female,Disloyal Customer,20,Business Travel,Eco,305,4,5,4,5,1,4,1,1,4,5,4,4,1,3.31,0,0,FALSE
Female,Disloyal Customer,33,Business Travel,Eco,177,3,1,3,4,3,4,4,1,2,4,4,4,4,3.15,120,137,FALSE
Female,Loyal Customer,67,Business Travel,Eco,297,5,5,2,2,2,1,3,5,5,5,5,2,2,3.38,33,19,TRUE
Female,Loyal Customer,42,Business Travel,Business,3956,4,4,4,4,3,4,5,4,4,4,4,3,4,3.92,0,0,TRUE
Female,Loyal Customer,58,Personal Travel,Eco,2475,3,2,2,3,2,5,5,1,1,3,3,5,5,3.08,65,103,FALSE
Male,Loyal Customer,61,Business Travel,Business,403,1,1,1,1,2,4,5,5,5,5,5,4,5,3.38,0,0,TRUE
Male,Disloyal Customer,29,Business Travel,Eco,761,2,2,2,3,3,2,3,3,2,3,4,4,3,2.77,0,12,FALSE
Female,Loyal Customer,56,Personal Travel,Eco,534,2,4,2,1,3,5,4,1,1,2,1,4,4,2.62,59,65,FALSE
Male,Loyal Customer,68,Personal Travel,Eco,280,3,4,3,3,4,3,5,4,5,5,4,4,4,3.92,7,6,FALSE
Female,Loyal Customer,38,Personal Travel,Eco,1013,2,4,2,4,5,2,5,5,2,5,5,4,5,3.85,44,12,FALSE
Male,Loyal Customer,31,Business Travel,Business,3354,4,4,4,4,4,5,4,4,3,4,5,4,4,4.08,38,47,TRUE
Male,Loyal Customer,56,Business Travel,Business,2668,3,3,4,3,2,3,5,5,5,5,5,2,4,3.77,0,0,TRUE
Male,Loyal Customer,63,Business Travel,Eco Plus,296,4,5,5,5,4,4,4,4,3,5,4,1,4,4,0,0,TRUE
Female,Loyal Customer,63,Business Travel,Business,3762,1,1,1,1,4,4,4,5,5,5,5,3,3,3.23,15,12,TRUE
Male,Loyal Customer,58,Business Travel,Business,3216,2,2,2,2,2,2,2,2,2,2,2,1,3,2,7,12,FALSE
Male,Loyal Customer,51,Business Travel,Business,1901,3,3,3,3,3,5,4,4,4,4,5,3,5,3.77,0,0,TRUE
Female,Disloyal Customer,37,Business Travel,Eco,421,5,3,5,3,2,5,2,2,5,2,1,1,2,2.92,5,15,TRUE
Male,Disloyal Customer,20,Business Travel,Business,368,0,5,0,2,2,0,2,2,5,5,4,5,2,2.62,9,0,TRUE
Male,Loyal Customer,25,Personal Travel,Eco,2139,2,5,2,3,2,2,2,2,5,2,4,4,2,2.85,77,57,FALSE
Male,Loyal Customer,24,Business Travel,Business,1744,4,4,4,4,4,4,4,4,3,3,4,4,4,3.85,0,3,TRUE
Female,Loyal Customer,45,Personal Travel,Eco Plus,1035,4,5,5,5,2,5,5,4,4,5,4,3,3,4.15,0,24,FALSE
Male,Disloyal Customer,22,Business Travel,Eco,417,2,0,2,3,2,2,2,2,5,4,4,3,2,2.54,39,37,FALSE
Male,Loyal Customer,33,Personal Travel,Eco,592,4,5,4,2,4,4,4,4,5,1,1,5,4,3.62,0,0,FALSE
Male,Loyal Customer,36,Business Travel,Eco,236,3,4,4,4,3,3,3,3,4,5,4,4,3,3.62,1,0,TRUE
Female,Loyal Customer,70,Personal Travel,Eco,86,2,5,0,4,2,2,5,3,3,0,3,5,5,3,41,40,FALSE
Male,Disloyal Customer,34,Business Travel,Business,216,1,1,1,3,1,1,1,1,4,1,3,4,1,1.77,0,0,FALSE
Female,Loyal Customer,30,Business Travel,Business,368,3,5,3,3,4,4,4,4,5,1,4,1,4,3.46,2,1,TRUE
Male,Loyal Customer,34,Business Travel,Business,491,2,5,2,2,5,5,4,4,4,4,4,3,4,3.69,0,0,TRUE
Female,Loyal Customer,39,Business Travel,Business,1637,3,3,3,3,5,4,5,5,5,5,5,4,5,4.23,35,25,TRUE
Female,Loyal Customer,54,Business Travel,Business,605,1,1,1,1,2,4,4,4,4,4,4,3,4,2.85,3,0,TRUE
Male,Loyal Customer,35,Business Travel,Business,3835,3,3,3,3,5,4,5,5,5,5,5,5,5,4.31,0,0,TRUE
Male,Disloyal Customer,25,Business Travel,Business,248,4,4,4,1,2,4,2,2,4,3,5,4,2,3.15,4,0,FALSE
Female,Loyal Customer,45,Business Travel,Business,1557,2,2,2,2,3,3,4,2,2,2,2,1,4,2.38,8,18,FALSE
Female,Loyal Customer,33,Business Travel,Business,862,3,5,5,5,3,2,3,3,3,3,3,2,3,3.31,0,0,FALSE
Male,Loyal Customer,33,Business Travel,Eco,187,3,4,4,4,3,2,3,3,2,4,2,2,3,3,6,0,FALSE
Male,Loyal Customer,44,Business Travel,Business,2059,3,3,3,3,2,4,5,5,5,5,5,4,4,3.92,4,20,TRUE
Female,Loyal Customer,23,Business Travel,Business,645,3,3,3,3,5,5,5,5,5,4,5,2,5,4.08,0,0,TRUE
Male,Loyal Customer,51,Business Travel,Business,1009,3,3,3,3,5,4,5,4,4,4,4,4,4,3.85,0,0,TRUE
Female,Disloyal Customer,26,Business Travel,Business,1101,3,5,3,4,3,3,3,3,4,4,5,4,3,3.62,0,12,FALSE
Male,Loyal Customer,21,Personal Travel,Eco,321,3,5,3,4,3,3,3,3,2,4,2,4,3,3.23,22,20,FALSE
Male,Loyal Customer,39,Personal Travel,Eco,590,1,3,1,1,5,1,4,5,3,4,4,3,5,3.08,0,9,FALSE
Female,Loyal Customer,18,Personal Travel,Eco,1735,1,4,1,4,2,1,2,2,4,5,3,4,2,2.69,10,28,FALSE
Male,Disloyal Customer,22,Business Travel,Eco,156,4,0,4,3,5,4,5,5,4,5,4,3,5,3.92,22,27,FALSE
Female,Loyal Customer,39,Business Travel,Business,2000,3,3,1,3,4,5,4,2,2,2,2,5,3,3,0,0,TRUE
Male,Loyal Customer,30,Business Travel,Business,1744,2,2,2,2,2,1,2,2,1,5,4,4,2,2.38,0,29,FALSE
Male,Loyal Customer,41,Business Travel,Business,1416,2,2,2,2,5,5,4,4,4,4,4,4,4,3.54,0,0,TRUE
Male,Loyal Customer,68,Personal Travel,Eco,867,2,5,2,3,5,2,5,5,3,4,4,2,5,3.62,0,0,FALSE
Female,Loyal Customer,47,Business Travel,Eco,1005,1,2,2,2,3,3,4,2,2,1,2,3,4,2.38,0,0,FALSE
Male,Disloyal Customer,25,Business Travel,Eco,296,2,4,2,4,2,5,5,1,3,4,4,5,5,3.54,207,206,FALSE
Female,Loyal Customer,53,Business Travel,Business,3711,3,3,3,3,4,3,3,5,5,4,5,3,3,3.62,1,113,TRUE
Female,Loyal Customer,34,Personal Travel,Eco,1235,5,1,5,3,3,5,3,3,3,2,2,3,3,3.15,0,0,TRUE
Female,Loyal Customer,35,Business Travel,Eco Plus,230,5,5,5,5,5,5,5,5,2,2,2,3,5,4.15,8,9,TRUE
Male,Loyal Customer,43,Business Travel,Business,2102,3,3,3,3,4,5,5,5,5,4,5,4,5,4.15,0,0,TRUE
Male,Loyal Customer,46,Personal Travel,Eco Plus,82,1,5,1,1,3,1,4,3,3,3,5,5,3,2.92,0,0,FALSE
Male,Loyal Customer,46,Business Travel,Business,1123,1,0,0,3,3,3,3,2,2,0,3,4,3,2.08,0,6,FALSE
Female,Loyal Customer,55,Personal Travel,Eco Plus,857,1,1,1,2,2,2,2,2,2,1,2,4,3,1.92,9,17,FALSE
Male,Loyal Customer,60,Personal Travel,Eco,529,3,5,5,1,5,5,5,5,2,4,1,1,5,3.62,6,0,FALSE
Female,Loyal Customer,45,Business Travel,Eco,826,5,1,1,1,5,5,2,5,5,5,5,1,5,3.54,100,,TRUE
Male,Disloyal Customer,33,Business Travel,Eco,647,1,2,1,3,4,1,4,4,2,4,4,2,4,2.77,27,30,FALSE
Male,Loyal Customer,42,Business Travel,Eco,622,3,4,4,4,3,3,3,3,3,5,4,2,3,3.38,0,0,FALSE
Male,Loyal Customer,28,Personal Travel,Eco,546,1,1,1,4,3,1,3,3,4,3,3,2,3,2.46,0,0,FALSE
Male,Loyal Customer,68,Personal Travel,Business,2248,4,4,4,2,5,4,4,4,4,4,4,1,3,3.62,0,0,FALSE
Female,Loyal Customer,56,Personal Travel,Eco Plus,447,1,5,2,1,2,3,3,5,5,4,5,3,3,3.23,141,129,FALSE
Female,Loyal Customer,51,Business Travel,Business,944,3,3,3,3,1,3,5,4,4,4,4,1,4,3.23,21,30,TRUE
Female,Loyal Customer,8,Personal Travel,Eco,328,3,2,3,3,3,3,3,3,3,4,4,4,3,3.15,0,0,FALSE
Female,Loyal Customer,49,Business Travel,Business,2425,5,5,4,5,4,4,5,4,4,4,4,4,3,4.23,0,0,TRUE
Male,Loyal Customer,44,Business Travel,Business,2963,1,1,1,1,5,4,5,4,4,4,4,4,4,3.23,0,0,TRUE
Male,Loyal Customer,7,Personal Travel,Eco,125,2,3,0,2,0,1,1,1,1,3,2,1,1,1.38,226,222,FALSE
Male,Loyal Customer,31,Personal Travel,Business,296,4,5,4,3,3,4,3,3,3,4,4,3,3,3.54,0,0,FALSE
Female,Loyal Customer,20,Personal Travel,Eco Plus,337,3,1,3,2,2,3,2,2,4,4,1,4,2,2.54,0,0,FALSE
Male,Loyal Customer,39,Business Travel,Eco,1056,4,1,1,1,4,4,4,4,3,2,1,3,4,2.77,10,0,TRUE
Male,Disloyal Customer,37,Business Travel,Business,2724,3,3,3,3,2,3,2,2,3,5,3,2,2,2.77,0,0,FALSE
Female,Loyal Customer,50,Personal Travel,Eco,456,2,1,2,3,1,4,4,1,1,2,1,2,4,2.15,0,0,FALSE
Male,Loyal Customer,42,Business Travel,Business,1774,4,4,4,4,2,4,2,4,4,4,4,5,3,3.69,0,0,TRUE
Male,Loyal Customer,76,Business Travel,Business,362,3,4,4,4,4,3,3,3,3,3,3,4,4,3.46,0,0,FALSE
Female,Disloyal Customer,55,Business Travel,Eco,78,2,0,2,1,1,2,1,1,3,5,5,4,1,2.15,0,0,FALSE
Female,Loyal Customer,48,Business Travel,Business,728,5,5,2,5,2,5,4,5,5,5,5,5,3,4.31,5,9,TRUE
Male,Loyal Customer,24,Personal Travel,Eco,853,2,5,2,3,3,2,3,3,3,2,5,4,3,3.08,0,0,FALSE
Female,Loyal Customer,30,Personal Travel,Eco Plus,1514,4,4,3,2,5,3,4,5,3,3,4,3,5,3.69,8,0,TRUE
Female,Loyal Customer,50,Business Travel,Business,1773,1,1,1,1,3,3,4,5,5,5,5,4,4,3.23,0,0,TRUE
Female,Loyal Customer,8,Personal Travel,Eco,351,3,4,3,3,3,3,3,3,4,4,4,3,3,3.31,21,9,FALSE
Female,Loyal Customer,32,Business Travel,Business,2454,1,1,1,1,4,4,4,3,5,3,4,4,4,3,1,0,TRUE
Male,Loyal Customer,41,Business Travel,Business,2055,5,5,5,5,4,5,5,5,5,5,5,3,5,4.77,9,0,TRUE
Female,Loyal Customer,39,Business Travel,Business,1649,1,2,2,2,1,3,3,1,1,1,1,1,2,1.62,12,16,FALSE
Female,Loyal Customer,38,Business Travel,Business,248,5,5,5,5,1,5,2,5,5,5,5,1,2,3.92,0,0,TRUE
Female,Loyal Customer,48,Personal Travel,Eco,628,1,5,1,5,1,4,3,4,4,5,5,3,3,3.38,371,372,FALSE
Male,Loyal Customer,46,Personal Travel,Eco,728,1,4,1,1,3,1,3,3,1,4,3,4,3,2.46,0,0,FALSE
Male,Disloyal Customer,37,Business Travel,Business,2172,2,2,2,5,2,2,2,2,3,4,4,5,2,2.85,0,0,FALSE
Male,Loyal Customer,43,Business Travel,Business,1632,1,1,1,1,4,4,4,5,5,5,5,3,4,3.31,0,0,TRUE
Male,Loyal Customer,31,Personal Travel,Eco,2218,4,5,4,2,5,4,5,5,4,3,1,3,5,3.85,0,0,FALSE
Female,Loyal Customer,59,Business Travel,Business,3818,1,1,1,1,5,4,5,5,5,5,5,4,3,3.46,34,18,TRUE
Male,Loyal Customer,43,Business Travel,Business,3730,5,5,5,5,5,5,4,5,5,5,5,3,4,4.69,0,0,TRUE
Female,Disloyal Customer,30,Business Travel,Eco,370,4,2,4,3,5,4,5,5,1,5,3,1,5,3.62,0,0,FALSE
Male,Loyal Customer,40,Business Travel,Business,2967,3,3,3,3,5,5,5,3,3,3,3,4,5,3.69,0,0,TRUE
Male,Disloyal Customer,8,Business Travel,Eco,600,2,5,2,1,1,2,1,1,3,5,4,3,1,2.38,0,0,FALSE
Female,Loyal Customer,33,Business Travel,Business,457,3,3,3,3,3,3,3,3,3,3,3,2,3,2.92,0,0,FALSE
Male,Disloyal Customer,27,Business Travel,Business,946,3,3,3,2,1,3,1,1,4,5,5,5,1,2.85,103,72,FALSE
Male,Disloyal Customer,18,Business Travel,Eco,667,3,1,3,4,4,3,4,4,1,5,3,1,4,3.08,0,0,FALSE
Male,Disloyal Customer,41,Business Travel,Business,2296,3,3,3,3,5,3,5,5,3,3,4,4,5,3.77,0,0,FALSE
Female,Loyal Customer,48,Personal Travel,Eco,370,2,3,2,2,2,3,3,2,2,2,2,4,3,2.46,99,94,FALSE
Male,Loyal Customer,33,Business Travel,Eco,569,3,5,3,5,5,5,5,5,2,3,3,4,5,4.08,0,0,TRUE
Male,Loyal Customer,39,Business Travel,Eco,1211,3,3,3,3,4,3,3,2,4,3,2,3,3,3,318,314,TRUE
Male,Loyal Customer,33,Business Travel,Eco,337,5,1,1,1,5,4,5,5,3,1,3,1,5,3.08,0,0,FALSE
Male,Loyal Customer,53,Personal Travel,Business,332,3,5,4,3,2,4,4,1,1,4,1,3,3,2.92,0,0,FALSE
Female,Loyal Customer,21,Personal Travel,Business,192,1,5,1,1,2,1,2,2,4,2,5,4,2,2.46,38,33,FALSE
Male,Loyal Customer,60,Business Travel,Business,1379,1,1,4,1,3,4,5,4,4,4,4,5,5,3.46,3,0,TRUE
Male,Loyal Customer,41,Business Travel,Eco,365,4,3,3,3,5,4,5,5,2,5,5,2,5,3.92,2,0,TRUE
Female,Loyal Customer,45,Business Travel,Business,541,3,3,5,3,4,4,4,4,4,4,4,4,5,3.92,0,0,TRUE
Male,Loyal Customer,53,Personal Travel,Eco,179,1,3,1,3,2,1,2,2,3,1,1,3,2,1.92,0,0,FALSE
Female,Disloyal Customer,33,Business Travel,Eco Plus,603,2,2,2,4,1,2,1,1,3,3,4,3,1,2.23,0,0,FALSE
Male,Loyal Customer,40,Business Travel,Business,2314,1,1,1,1,5,1,1,4,4,4,4,5,2,2.62,0,0,TRUE
Male,Loyal Customer,40,Business Travel,Business,852,5,5,5,5,3,5,5,5,5,5,5,5,3,4.69,0,0,TRUE
Female,Loyal Customer,43,Business Travel,Business,2446,4,4,4,4,4,4,4,3,4,4,4,4,4,3.92,46,108,TRUE
Female,Disloyal Customer,26,Business Travel,Eco,533,1,0,2,3,2,2,2,2,5,2,3,3,2,2.23,0,9,FALSE
Female,Loyal Customer,38,Personal Travel,Eco,2367,2,4,2,1,1,2,3,1,5,3,4,5,1,2.62,4,0,FALSE
Male,Disloyal Customer,22,Business Travel,Eco,896,3,3,3,4,3,3,3,3,1,3,2,4,3,2.92,0,,FALSE
Male,Loyal Customer,27,Business Travel,Business,1882,3,2,3,2,3,2,3,3,2,2,3,4,3,2.69,0,21,FALSE
Male,Loyal Customer,55,Business Travel,Business,2027,1,1,4,1,2,4,5,5,5,5,5,3,3,3.38,9,0,TRUE
Female,Loyal Customer,47,Business Travel,Business,1986,4,3,4,4,2,5,5,4,4,4,5,4,5,4.08,0,0,TRUE
Female,Loyal Customer,60,Personal Travel,Eco Plus,214,3,0,3,3,4,4,5,4,4,3,4,5,5,3.62,0,0,FALSE
Female,Loyal Customer,59,Business Travel,Business,3133,2,2,2,2,5,5,4,4,4,5,4,5,5,3.77,3,2,TRUE
Male,Loyal Customer,46,Personal Travel,Eco,849,3,4,3,3,4,3,4,4,4,4,5,3,4,3.69,35,18,FALSE
Male,Disloyal Customer,20,Business Travel,Eco,209,2,1,2,3,3,2,3,3,3,3,3,2,3,2.54,5,4,FALSE
Female,Disloyal Customer,41,Business Travel,Business,1379,1,1,1,3,1,1,1,1,4,4,4,5,1,2.15,18,0,FALSE
Male,Loyal Customer,25,Business Travel,Business,3982,2,2,2,2,4,4,4,4,3,2,4,5,4,3.23,0,0,TRUE
Male,Loyal Customer,56,Business Travel,Business,2314,3,3,3,3,4,1,2,4,4,4,4,4,4,3.31,0,6,TRUE
Female,Loyal Customer,57,Personal Travel,Eco,594,1,3,1,3,2,1,2,5,5,1,5,3,4,2.77,0,0,FALSE
Male,Loyal Customer,38,Business Travel,Business,1197,2,2,4,2,4,1,1,4,4,4,4,2,1,2.69,0,0,TRUE
Male,Disloyal Customer,48,Business Travel,Business,604,3,3,3,3,2,3,1,2,5,3,5,5,2,3.08,8,7,FALSE
Male,Disloyal Customer,21,Business Travel,Eco,707,4,4,4,5,1,4,1,1,3,2,4,3,1,2.85,0,0,TRUE
Male,Loyal Customer,18,Personal Travel,Eco Plus,308,3,5,3,3,2,3,2,2,3,5,4,4,2,3.15,0,3,FALSE
Male,Loyal Customer,50,Business Travel,Business,1195,3,5,5,5,2,2,2,3,3,3,3,3,4,3.31,0,0,FALSE
Female,Disloyal Customer,27,Business Travel,Eco,537,2,1,3,4,5,3,5,5,2,5,3,1,5,3.38,19,16,FALSE
Female,Disloyal Customer,37,Business Travel,Eco,337,1,2,1,4,1,1,1,1,2,2,4,1,1,1.69,1,13,FALSE
Female,Loyal Customer,34,Business Travel,Business,570,3,3,3,3,5,5,5,5,5,5,5,3,5,4.23,11,3,TRUE
Female,Loyal Customer,30,Business Travel,Business,2494,2,2,4,2,5,5,5,5,3,5,5,5,5,4.08,0,0,TRUE
Female,Disloyal Customer,26,Business Travel,Business,247,1,0,1,2,5,1,5,5,4,2,4,5,5,3.08,0,0,FALSE
Female,Loyal Customer,30,Business Travel,Eco Plus,1050,4,2,2,2,4,4,4,4,2,3,5,4,4,3.38,0,0,TRUE
Female,Loyal Customer,56,Personal Travel,Eco,106,4,4,4,2,3,5,4,5,5,4,5,3,5,4.08,2,77,FALSE
Male,Loyal Customer,19,Business Travel,Business,643,2,2,2,2,3,3,3,3,5,5,4,5,3,3.23,0,0,TRUE
Male,Disloyal Customer,19,Business Travel,Eco,1366,4,5,5,4,3,4,3,3,3,4,2,3,3,3.54,0,0,TRUE
Female,Loyal Customer,45,Business Travel,Eco,534,3,4,4,4,1,3,3,3,3,3,3,1,2,2.85,0,0,FALSE
Male,Loyal Customer,40,Personal Travel,Eco,371,1,3,4,4,1,4,1,1,4,5,3,3,1,2.69,32,31,FALSE
Female,Loyal Customer,59,Business Travel,Business,447,2,2,2,2,4,5,4,5,5,5,5,3,4,3.69,17,6,TRUE
Female,Disloyal Customer,28,Business Travel,Business,1192,4,4,4,2,4,4,2,4,5,2,4,5,4,3.69,0,0,TRUE
Male,Loyal Customer,50,Business Travel,Business,2356,3,3,3,3,4,4,5,5,5,5,5,4,4,4.08,73,76,TRUE
Male,Loyal Customer,54,Business Travel,Business,987,1,3,3,3,4,2,2,1,1,1,1,2,3,2.08,0,0,FALSE
Male,Loyal Customer,42,Business Travel,Business,4983,3,3,3,3,5,4,4,4,5,4,3,4,4,3.77,0,0,TRUE
Female,Loyal Customer,26,Personal Travel,Eco,261,1,4,1,5,4,1,4,4,4,2,3,4,4,3.15,0,0,FALSE
Male,Loyal Customer,46,Business Travel,Business,3273,2,4,4,4,4,4,4,2,2,2,2,3,4,3.15,17,21,FALSE
Male,Loyal Customer,59,Personal Travel,Eco,304,2,5,4,4,2,4,4,2,5,5,4,3,2,3.54,17,57,FALSE
Male,Loyal Customer,58,Business Travel,Business,2565,2,2,2,2,4,4,4,4,5,3,4,4,4,3.38,0,0,TRUE
Female,Loyal Customer,53,Personal Travel,Eco,2133,1,2,1,3,4,2,4,5,5,1,1,2,2,2.54,0,0,FALSE
Female,Disloyal Customer,50,Business Travel,Eco,101,3,4,3,4,1,3,1,1,1,1,3,3,1,2.23,6,3,FALSE
Male,Loyal Customer,61,Personal Travel,Eco,951,3,4,3,4,3,3,3,3,1,2,4,3,3,3,0,0,FALSE
Female,Disloyal Customer,24,Business Travel,Eco,486,2,1,1,4,5,1,5,5,2,2,4,1,5,2.92,9,0,FALSE
Male,Loyal Customer,33,Business Travel,Business,1080,2,2,2,2,2,2,2,2,5,4,4,1,2,2.46,0,0,TRUE
Female,Disloyal Customer,23,Business Travel,Eco,413,0,4,0,1,1,0,1,1,4,5,1,5,1,1.85,0,0,TRUE
Male,Loyal Customer,31,Personal Travel,Eco,588,3,4,3,1,5,3,5,5,3,5,5,4,5,3.92,0,0,FALSE
Female,Loyal Customer,61,Personal Travel,Eco,315,2,5,2,1,3,4,5,5,5,2,5,3,5,3.62,0,0,FALSE
Male,Loyal Customer,28,Business Travel,Business,1212,4,4,4,4,4,4,4,4,5,4,5,3,4,4.08,0,0,TRUE
Female,Loyal Customer,56,Business Travel,Eco,351,2,3,3,3,2,4,3,2,2,2,2,2,4,2.62,38,46,FALSE
Female,Loyal Customer,8,Personal Travel,Eco,306,2,4,2,5,2,1,1,3,5,4,5,1,1,2.77,132,128,FALSE
Female,Loyal Customer,39,Business Travel,Business,236,2,2,2,2,1,3,1,4,4,4,4,3,5,2.85,0,0,TRUE
Male,Loyal Customer,37,Personal Travel,Eco,349,3,5,3,3,1,3,1,1,4,5,5,5,1,3.08,3,37,FALSE
Female,Disloyal Customer,38,Business Travel,Business,401,5,5,5,3,4,5,1,4,3,5,4,3,4,3.92,44,32,TRUE
Male,Loyal Customer,35,Business Travel,Eco Plus,826,5,1,1,1,5,4,5,5,1,1,1,2,5,2.85,76,110,TRUE
Male,Loyal Customer,19,Business Travel,Eco Plus,299,1,5,5,5,1,1,2,1,3,3,3,1,1,2.46,0,0,FALSE
Female,Loyal Customer,46,Business Travel,Eco,1250,2,3,3,3,4,5,2,2,2,2,2,2,1,2.54,0,0,TRUE
Female,Loyal Customer,35,Business Travel,Eco,1042,5,4,4,4,5,5,5,5,1,2,5,2,5,4,0,0,TRUE
Male,Loyal Customer,57,Business Travel,Eco Plus,500,4,2,2,2,4,4,4,4,1,4,2,4,4,3.15,0,1,TRUE
Male,Loyal Customer,49,Business Travel,Business,1733,3,3,3,3,4,4,5,5,5,5,5,3,3,3.92,2,0,TRUE
Female,Loyal Customer,8,Personal Travel,Eco,370,3,3,3,3,1,3,1,1,4,2,5,3,1,2.54,1,12,FALSE
Male,Loyal Customer,64,Business Travel,Business,2454,3,3,3,3,5,5,4,5,5,5,5,3,4,4.08,0,0,TRUE
Male,Disloyal Customer,10,Business Travel,Business,731,5,4,5,3,2,5,2,2,5,5,5,5,2,3.85,0,0,TRUE
Male,Loyal Customer,36,Personal Travel,Eco Plus,762,2,4,2,3,5,2,5,5,5,2,5,4,5,3.77,0,0,FALSE
Male,Disloyal Customer,39,Business Travel,Eco,121,2,5,1,4,4,1,4,4,1,3,4,1,4,2.92,0,0,FALSE
Male,Loyal Customer,26,Business Travel,Business,2496,2,2,2,2,2,2,2,4,5,3,5,2,2,2.69,0,22,TRUE
Female,Loyal Customer,54,Personal Travel,Eco,1068,3,4,3,1,5,4,4,5,5,3,5,3,3,3.69,47,22,FALSE
Female,Loyal Customer,17,Personal Travel,Eco,1773,2,3,1,3,2,1,5,2,4,1,3,2,2,2.38,2,0,FALSE
Male,Loyal Customer,31,Business Travel,Business,2914,4,4,4,4,4,4,4,4,4,3,5,5,4,4.08,42,20,TRUE
Male,Disloyal Customer,32,Business Travel,Eco,666,2,1,1,4,2,1,2,2,2,2,4,1,2,2,0,27,FALSE
Female,Loyal Customer,37,Business Travel,Eco,337,4,4,4,4,4,4,4,4,4,3,3,5,4,3.92,0,0,TRUE
Male,Loyal Customer,57,Personal Travel,Eco,370,5,1,5,4,2,5,2,2,1,5,3,1,2,2.92,8,0,TRUE
Female,Loyal Customer,41,Business Travel,Business,2519,5,5,5,5,2,4,4,3,3,4,3,3,3,3.77,3,0,TRUE
Male,Disloyal Customer,36,Business Travel,Eco,598,3,0,3,3,5,3,3,5,2,1,5,3,5,3.15,0,0,FALSE
Female,Loyal Customer,29,Personal Travel,Business,323,3,1,3,3,3,3,3,3,2,1,3,1,3,2.46,124,106,FALSE
Female,Loyal Customer,52,Business Travel,Business,3214,1,1,1,1,4,3,3,4,4,4,4,2,2,2.62,4,0,TRUE
Female,Loyal Customer,22,Personal Travel,Eco,544,3,4,3,1,5,3,5,5,2,2,3,4,5,3.46,0,0,FALSE
Female,Loyal Customer,59,Business Travel,Business,2682,4,4,2,4,2,5,5,5,5,5,5,3,3,4,16,11,TRUE
Male,Disloyal Customer,27,Business Travel,Eco,1011,1,1,1,4,2,1,2,2,3,2,4,4,2,2.23,6,0,FALSE
Female,Disloyal Customer,16,Business Travel,Eco,1173,4,4,4,3,5,4,5,5,3,5,3,1,5,3.92,84,86,FALSE
Male,Loyal Customer,50,Business Travel,Business,3628,4,4,2,4,4,5,4,4,4,4,4,5,3,3.92,4,8,TRUE
Male,Disloyal Customer,24,Business Travel,Eco,1127,4,5,5,1,1,5,1,1,5,3,4,3,1,3,0,0,TRUE
Male,Loyal Customer,30,Business Travel,Business,728,4,1,1,1,4,4,4,4,1,1,2,1,4,2.46,34,51,FALSE
Female,Loyal Customer,34,Business Travel,Business,409,1,1,1,1,1,2,3,3,3,5,3,2,1,2.08,6,0,TRUE
Female,Loyal Customer,15,Personal Travel,Eco,226,4,1,4,4,5,4,5,5,1,5,4,1,5,3.69,0,1,TRUE
Female,Disloyal Customer,33,Business Travel,Business,417,2,2,2,1,5,2,3,5,3,3,5,4,5,3.23,0,0,FALSE
Female,Loyal Customer,42,Personal Travel,Eco,1107,3,2,3,3,4,4,3,3,3,3,3,3,4,3.15,0,0,FALSE
Female,Loyal Customer,65,Personal Travel,Eco Plus,2586,1,5,1,4,5,4,5,4,4,1,1,3,3,3.15,67,40,FALSE
Female,Loyal Customer,24,Personal Travel,Eco Plus,641,2,4,2,2,3,2,3,3,5,5,4,3,3,3.15,0,0,FALSE
Male,Loyal Customer,15,Business Travel,Eco,925,4,2,2,2,4,4,4,4,1,4,4,5,4,3.38,3,0,TRUE
Male,Loyal Customer,33,Business Travel,Business,222,2,2,2,2,5,5,5,5,5,5,3,5,5,3.92,0,0,TRUE
Female,Disloyal Customer,80,Business Travel,Business,235,4,4,4,3,5,4,4,5,5,4,5,1,5,4.08,13,0,TRUE
Male,Loyal Customer,48,Business Travel,Business,3386,0,4,0,1,2,4,5,2,2,3,3,5,4,2.69,102,88,TRUE
Female,Loyal Customer,13,Personal Travel,Eco,287,3,3,3,2,2,3,2,2,1,2,2,5,2,2.46,0,6,FALSE
Female,Loyal Customer,48,Business Travel,Business,106,1,3,3,3,1,2,2,4,4,4,1,4,4,2.77,19,13,FALSE
Female,Loyal Customer,28,Personal Travel,Eco,101,4,5,4,3,2,4,2,2,5,5,4,4,2,3.54,0,3,TRUE
Female,Disloyal Customer,26,Business Travel,Eco,515,3,2,3,3,4,3,4,4,1,4,3,2,4,3.08,0,0,FALSE
Female,Loyal Customer,41,Personal Travel,Eco Plus,432,0,4,0,3,4,5,5,4,4,0,4,4,4,3.15,0,0,TRUE
Male,Loyal Customer,49,Business Travel,Business,462,5,5,5,5,3,5,5,4,4,4,4,5,3,4.38,23,2,TRUE
Male,Disloyal Customer,38,Business Travel,Business,96,4,4,4,4,2,4,2,2,3,5,4,3,2,3.31,0,0,TRUE
Male,Loyal Customer,37,Business Travel,Business,1096,4,4,4,4,5,5,5,4,4,4,4,5,4,4.31,0,0,TRUE
Male,Loyal Customer,29,Business Travel,Business,692,1,1,1,1,4,4,4,4,2,3,2,3,4,2.62,0,0,TRUE
Female,Loyal Customer,33,Business Travel,Eco,101,4,5,5,5,4,4,4,4,3,4,5,3,4,4.15,0,0,TRUE
Female,Loyal Customer,30,Personal Travel,Eco Plus,236,3,5,3,2,1,3,1,1,5,2,4,3,1,2.62,0,0,FALSE
Male,Loyal Customer,42,Business Travel,Business,3521,1,1,5,1,2,5,4,5,5,5,5,5,4,3.69,0,0,TRUE
Male,Loyal Customer,52,Business Travel,Eco,1597,3,2,2,2,3,3,3,3,2,5,2,2,3,2.69,3,0,FALSE
Female,Disloyal Customer,27,Business Travel,Eco,903,3,3,3,4,4,3,4,4,5,3,4,2,4,3.54,0,0,FALSE
Female,Disloyal Customer,29,Business Travel,Business,1205,4,4,4,2,3,4,3,3,3,3,4,3,3,3.31,0,0,TRUE
Male,Loyal Customer,38,Business Travel,Business,2627,3,1,1,1,3,4,4,3,3,3,3,1,4,2.62,30,25,FALSE
Female,Loyal Customer,47,Personal Travel,Eco,1200,2,2,1,3,1,4,4,2,2,1,2,4,4,2.46,11,7,FALSE
Male,Loyal Customer,26,Business Travel,Business,2758,4,5,5,5,2,2,4,2,3,5,3,3,2,3.46,0,0,FALSE
Male,Loyal Customer,35,Business Travel,Eco,224,1,5,5,5,1,1,1,1,2,2,4,1,1,2.31,0,0,FALSE
Female,Loyal Customer,55,Business Travel,Business,271,4,4,4,4,3,4,4,5,5,5,5,3,5,4.23,0,0,TRUE
Male,Loyal Customer,47,Business Travel,Business,3633,1,1,1,1,2,4,3,1,1,1,1,1,4,1.69,0,4,FALSE
Female,Loyal Customer,40,Business Travel,Business,3473,5,5,5,5,3,5,4,5,5,5,5,5,4,4.69,0,0,TRUE
Male,Loyal Customer,60,Personal Travel,Eco,405,1,1,1,3,4,1,4,4,1,4,3,4,4,2.69,0,0,FALSE
Male,Loyal Customer,46,Business Travel,Business,2916,3,3,3,3,2,4,4,4,4,4,4,3,5,3.54,5,10,TRUE
Female,Loyal Customer,49,Business Travel,Business,813,1,1,3,1,5,4,5,4,4,4,4,3,4,3.31,20,1,TRUE
Male,Disloyal Customer,25,Business Travel,Eco,599,4,3,4,4,3,4,3,3,5,5,3,5,3,3.77,14,0,TRUE
Female,Loyal Customer,44,Business Travel,Business,1803,0,0,0,3,2,5,4,1,1,1,1,5,5,2.15,87,90,TRUE
Male,Loyal Customer,69,Personal Travel,Eco,406,3,4,3,3,3,3,3,3,4,4,1,4,3,3.15,0,0,FALSE
Female,Disloyal Customer,42,Business Travel,Eco,287,2,0,2,5,3,2,4,3,3,5,4,5,3,3.15,60,45,FALSE
Male,Loyal Customer,55,Personal Travel,Eco,867,3,2,3,3,2,3,2,2,3,4,4,4,2,2.85,0,0,FALSE
Female,Loyal Customer,58,Personal Travel,Eco,628,3,4,3,1,2,4,5,4,4,3,4,5,4,3.54,3,0,FALSE
Male,Loyal Customer,42,Personal Travel,Eco,920,4,4,4,4,4,4,4,4,1,2,4,3,4,3.54,0,10,FALSE
Male,Loyal Customer,49,Business Travel,Business,3982,3,1,3,3,3,4,4,4,4,4,4,3,4,3.38,0,0,TRUE
Male,Loyal Customer,46,Business Travel,Business,1005,5,5,5,5,2,4,4,3,3,3,3,3,4,3.77,28,3,TRUE
Female,Loyal Customer,29,Business Travel,Business,3240,4,2,2,2,4,3,4,4,3,1,3,4,4,3.08,0,0,FALSE
Female,Disloyal Customer,38,Business Travel,Eco Plus,410,4,4,4,3,3,4,3,3,1,3,3,2,3,3.08,0,15,FALSE
Female,Loyal Customer,9,Personal Travel,Eco,399,2,4,2,5,1,2,1,1,3,4,3,5,1,2.62,0,0,FALSE
Male,Loyal Customer,48,Personal Travel,Eco,436,3,5,3,5,1,3,1,1,4,2,5,4,1,2.92,0,,FALSE
Female,Loyal Customer,30,Business Travel,Business,1164,2,2,2,2,5,5,5,5,3,4,5,3,5,3.69,0,0,TRUE
Female,Loyal Customer,54,Personal Travel,Eco,872,1,1,1,3,2,3,4,2,2,1,1,1,2,1.85,0,0,FALSE
Male,Loyal Customer,25,Business Travel,Eco,599,2,3,3,3,2,2,2,2,3,1,4,1,2,2.31,25,14,FALSE
Female,Loyal Customer,52,Business Travel,Business,3246,2,3,3,3,4,2,2,2,2,2,2,3,4,2.62,0,0,FALSE
Male,Loyal Customer,26,Personal Travel,Eco,432,4,5,4,3,4,4,4,4,4,5,5,5,4,4.23,0,21,FALSE
Female,Loyal Customer,59,Business Travel,Eco,347,4,1,1,1,3,4,4,4,4,4,4,4,1,3,0,0,TRUE
Female,Loyal Customer,41,Business Travel,Business,462,3,2,2,2,3,3,3,1,4,3,2,3,3,2.62,185,174,FALSE
Male,Loyal Customer,38,Business Travel,Eco Plus,589,4,4,5,4,4,4,4,4,1,5,3,1,4,3.62,49,25,FALSE
Male,Disloyal Customer,27,Business Travel,Business,226,3,3,3,4,4,3,5,4,1,2,3,4,4,3.31,21,15,FALSE
Female,Loyal Customer,35,Business Travel,Business,1086,2,2,2,2,2,4,4,5,5,5,5,3,4,3.46,0,0,TRUE
Male,Loyal Customer,14,Personal Travel,Eco,819,4,5,4,3,4,4,5,4,4,2,5,4,4,4,0,0,FALSE
Male,Loyal Customer,37,Business Travel,Business,468,2,2,2,2,5,3,3,2,2,1,2,2,3,2.38,0,5,FALSE
Female,Loyal Customer,54,Business Travel,Business,3964,0,5,0,1,3,5,5,4,4,4,2,3,3,3,0,0,TRUE
Male,Disloyal Customer,41,Business Travel,Business,268,3,3,3,4,1,3,1,1,2,3,3,2,1,2.31,11,29,FALSE
Male,Loyal Customer,23,Personal Travel,Eco,794,3,4,3,2,3,3,3,3,3,5,4,4,3,3.31,24,29,FALSE
Female,Loyal Customer,49,Business Travel,Eco,683,4,3,4,4,5,4,1,4,4,4,4,5,2,3.69,9,11,TRUE
Male,Loyal Customer,43,Business Travel,Business,3851,3,3,3,3,4,4,5,5,5,5,4,5,4,4.08,0,0,TRUE
Female,Loyal Customer,12,Personal Travel,Eco,1195,1,5,1,2,2,1,2,2,5,2,4,3,2,2.46,0,0,FALSE
Female,Loyal Customer,7,Personal Travel,Eco,209,3,3,3,4,4,3,4,4,1,4,4,2,4,3.31,3,0,FALSE
Female,Disloyal Customer,23,Business Travel,Eco,979,3,3,3,4,3,3,3,3,2,3,3,4,3,3.08,0,0,FALSE
Male,Loyal Customer,71,Business Travel,Business,404,3,2,2,2,5,3,2,3,3,2,3,2,1,2.54,11,23,FALSE
Male,Loyal Customer,46,Business Travel,Business,1744,1,1,1,1,3,4,5,5,5,5,5,4,3,3.31,3,0,TRUE
Female,Loyal Customer,44,Business Travel,Business,1860,1,1,1,1,3,5,4,4,4,4,4,4,4,3.08,0,9,TRUE
Male,Loyal Customer,48,Business Travel,Eco Plus,337,4,5,5,5,4,4,4,4,3,3,3,1,4,3.77,0,0,FALSE
Female,Loyal Customer,30,Business Travel,Business,599,1,1,1,1,5,4,5,5,5,4,5,3,5,3.46,14,7,TRUE
Male,Loyal Customer,46,Business Travel,Business,1166,3,5,5,5,4,3,4,3,3,3,3,1,2,3.38,0,0,FALSE
Male,Loyal Customer,57,Personal Travel,Eco,1721,3,4,3,2,4,3,3,4,5,4,4,4,4,3.62,0,0,FALSE
Male,Loyal Customer,18,Personal Travel,Eco,533,4,3,1,4,5,1,5,5,3,3,3,4,5,3.54,0,0,FALSE
Female,Loyal Customer,46,Personal Travel,Eco,590,4,5,4,5,2,5,5,4,4,4,3,3,5,4.08,0,0,FALSE
Female,Loyal Customer,32,Business Travel,Business,2369,2,1,3,3,1,1,2,1,4,3,4,1,1,2.08,0,0,FALSE
Male,Loyal Customer,38,Business Travel,Eco,101,4,4,4,4,4,4,4,4,4,3,3,3,4,3.77,0,0,TRUE
Male,Loyal Customer,12,Personal Travel,Eco,1192,3,4,3,3,3,3,3,3,3,5,2,2,3,3.08,0,0,FALSE
Female,Loyal Customer,39,Business Travel,Business,2644,4,4,4,4,3,4,4,4,4,4,4,4,4,3.92,26,29,TRUE
Female,Loyal Customer,34,Personal Travel,Eco,846,3,3,3,5,2,3,2,2,5,3,5,2,2,3.08,0,2,FALSE
Male,Disloyal Customer,20,Business Travel,Eco,548,3,1,3,3,5,3,3,5,2,3,4,1,5,3.15,20,9,FALSE
Male,Loyal Customer,9,Personal Travel,Eco,89,4,4,4,4,1,4,1,1,5,2,5,4,1,3.08,0,0,FALSE
Male,Loyal Customer,10,Personal Travel,Eco,1620,3,5,3,3,1,3,1,1,3,3,4,5,1,2.77,18,7,FALSE
Male,Disloyal Customer,16,Business Travel,Eco,687,3,3,3,3,3,3,3,3,1,2,3,2,3,2.69,45,38,FALSE
Female,Loyal Customer,39,Personal Travel,Eco,507,3,5,3,3,5,3,5,5,5,4,4,2,5,4,0,5,FALSE
Male,Loyal Customer,38,Personal Travel,Eco,918,2,4,2,5,2,2,2,2,4,2,5,4,2,2.92,48,42,FALSE
Male,Loyal Customer,22,Personal Travel,Eco,604,1,4,1,4,3,1,3,3,3,5,5,4,3,3.08,0,7,FALSE
Female,Loyal Customer,66,Personal Travel,Eco,1521,3,4,3,4,5,4,3,2,2,3,1,4,4,3.23,0,0,FALSE
Male,Loyal Customer,35,Personal Travel,Eco,268,3,2,3,3,4,3,4,4,2,3,3,2,4,3.08,0,0,FALSE
Male,Loyal Customer,23,Business Travel,Business,733,2,2,2,2,5,5,5,5,3,1,4,1,5,3.23,67,35,TRUE
Male,Loyal Customer,42,Business Travel,Business,3482,2,2,2,2,4,5,4,5,5,4,5,3,5,3.69,0,0,TRUE
Male,Loyal Customer,40,Personal Travel,Eco,1204,2,4,2,3,2,2,2,2,4,2,2,1,2,2.31,9,0,FALSE
Female,Disloyal Customer,23,Business Travel,Eco,262,4,0,4,2,1,4,1,1,5,2,5,4,1,2.62,0,0,FALSE
Male,Loyal Customer,51,Business Travel,Business,647,1,5,5,5,4,4,3,1,1,1,1,3,3,2.85,0,0,FALSE
Female,Loyal Customer,27,Personal Travel,Eco Plus,337,1,5,1,3,3,1,3,3,4,5,5,3,3,3.08,0,0,FALSE
Male,Loyal Customer,35,Business Travel,Business,3838,3,1,5,1,1,4,3,3,3,3,3,2,3,2.69,0,3,FALSE
Male,Loyal Customer,59,Personal Travel,Eco,460,4,5,4,4,3,4,3,3,4,4,4,3,3,3.69,19,14,FALSE
Male,Loyal Customer,36,Business Travel,Eco,2153,4,1,1,1,4,4,4,4,1,1,2,4,4,2.69,0,2,FALSE
Male,Loyal Customer,34,Personal Travel,Eco Plus,502,2,5,2,1,1,2,1,1,4,2,4,3,1,2.23,0,0,FALSE
Male,Loyal Customer,60,Business Travel,Business,2258,0,0,0,3,3,5,4,3,3,3,3,5,3,2.69,113,108,TRUE
Male,Loyal Customer,70,Personal Travel,Eco,412,3,5,3,2,5,3,5,5,5,3,5,4,5,4.08,0,0,FALSE
Female,Loyal Customer,48,Business Travel,Business,462,4,4,4,4,2,4,4,5,5,5,5,2,4,4,0,0,TRUE
Male,Loyal Customer,46,Business Travel,Business,2374,3,3,3,3,2,4,4,3,3,4,3,5,5,3.46,0,0,TRUE
Female,Loyal Customer,52,Personal Travel,Eco,641,4,5,4,1,1,3,3,3,3,4,5,4,4,3.38,2,2,TRUE
Male,Disloyal Customer,72,Business Travel,Eco,387,3,0,3,5,2,3,2,2,3,4,1,5,2,2.69,0,0,FALSE
Male,Loyal Customer,59,Business Travel,Business,3892,5,5,5,5,4,5,5,4,4,4,4,5,5,4.62,0,0,TRUE
Male,Loyal Customer,42,Business Travel,Business,2752,5,5,5,5,2,5,5,4,4,4,4,5,4,4.38,11,1,TRUE
Female,Loyal Customer,7,Personal Travel,Eco,787,3,5,3,4,2,3,4,2,4,2,5,4,2,3.31,62,49,FALSE
Male,Loyal Customer,57,Business Travel,Business,189,1,1,1,1,4,5,5,4,4,4,4,5,3,3.23,15,11,TRUE
Male,Loyal Customer,48,Personal Travel,Eco,534,4,4,3,5,1,3,1,1,3,2,4,3,1,2.69,0,0,FALSE
Female,Loyal Customer,50,Personal Travel,Eco,2039,4,5,4,4,2,5,4,1,1,4,1,3,4,3.23,31,12,FALSE
Female,Disloyal Customer,24,Business Travel,Eco,229,2,1,2,2,5,2,1,5,4,1,2,1,5,2.54,0,6,FALSE
Male,Loyal Customer,21,Personal Travel,Business,419,1,2,1,3,3,1,3,3,1,5,3,2,3,2.38,0,0,FALSE
Female,Loyal Customer,35,Business Travel,Eco,813,2,5,5,5,2,2,2,2,1,1,3,1,2,2.54,8,0,FALSE
Female,Loyal Customer,46,Business Travel,Business,2670,3,3,3,3,2,5,5,3,3,4,3,4,5,3.54,8,0,TRUE
Male,Loyal Customer,26,Personal Travel,Eco,723,3,3,4,3,4,4,4,4,2,3,3,1,4,3.23,0,0,FALSE
Male,Loyal Customer,53,Personal Travel,Eco,1145,1,5,1,3,4,1,4,4,3,3,5,3,4,3.15,2,0,FALSE
Male,Disloyal Customer,36,Business Travel,Business,453,3,3,3,4,4,3,4,4,5,2,5,5,4,3.77,0,0,FALSE
Female,Loyal Customer,55,Personal Travel,Eco,850,2,4,2,2,2,4,5,5,5,2,5,4,5,3.62,0,0,FALSE
Female,Loyal Customer,28,Business Travel,Business,3409,3,3,5,3,3,3,3,3,3,3,1,3,3,3,0,0,TRUE
Female,Disloyal Customer,26,Business Travel,Business,825,2,2,2,1,2,2,2,2,5,3,4,5,2,2.62,0,8,FALSE
Male,Loyal Customer,47,Business Travel,Eco,374,1,3,3,3,1,1,1,1,1,4,4,4,1,2.15,0,8,FALSE
Male,Disloyal Customer,35,Business Travel,Business,1076,1,1,1,3,3,1,3,3,4,4,4,2,3,2.54,3,11,FALSE
Male,Loyal Customer,39,Personal Travel,Eco,337,1,5,1,4,2,1,4,2,3,4,5,4,2,2.92,0,30,FALSE
Male,Loyal Customer,38,Personal Travel,Eco,2329,2,4,2,1,5,2,4,5,5,5,3,4,5,3.62,12,18,FALSE
Male,Loyal Customer,33,Business Travel,Business,427,1,3,3,3,1,1,1,1,1,1,4,2,1,1.77,8,0,FALSE
Female,Disloyal Customer,39,Business Travel,Business,280,3,3,3,4,3,3,3,3,4,4,3,2,3,3.15,0,0,FALSE
Male,Loyal Customer,12,Personal Travel,Eco,472,1,4,1,2,3,1,3,3,5,3,4,3,3,2.77,0,0,FALSE
Female,Loyal Customer,23,Business Travel,Eco Plus,1185,4,3,3,3,4,5,5,4,3,2,4,5,4,3.77,7,0,TRUE
Male,Disloyal Customer,27,Business Travel,Eco,374,2,2,2,3,1,2,1,1,4,3,3,4,1,2.23,2,0,FALSE
Male,Loyal Customer,18,Personal Travel,Eco,721,3,0,3,3,2,3,2,2,2,2,2,1,2,2.08,0,0,FALSE
Female,Loyal Customer,52,Personal Travel,Eco,334,2,4,2,1,3,4,5,4,4,2,3,3,3,3.08,20,95,FALSE
Female,Loyal Customer,38,Business Travel,Business,2511,2,1,1,1,2,2,2,3,1,4,4,2,2,2.08,149,160,FALSE
Male,Loyal Customer,49,Business Travel,Business,775,4,4,4,4,2,5,4,5,5,5,5,4,3,4.15,0,0,TRUE
Female,Disloyal Customer,30,Business Travel,Eco,448,3,3,3,5,1,3,1,1,3,1,3,2,1,2.31,0,0,FALSE
Male,Disloyal Customer,20,Business Travel,Eco,292,3,4,3,3,2,3,2,2,2,4,4,4,2,2.92,0,0,FALSE
Male,Loyal Customer,27,Business Travel,Business,2944,4,4,4,4,4,5,4,4,5,3,3,4,4,4,0,6,TRUE
Female,Loyal Customer,45,Business Travel,Eco,921,1,5,5,5,5,4,4,1,1,1,1,2,3,2.92,11,0,FALSE
Female,Disloyal Customer,29,Business Travel,Business,802,2,2,2,3,5,2,5,5,4,4,4,5,5,3.69,66,56,FALSE
Male,Loyal Customer,18,Personal Travel,Eco,239,1,4,0,2,4,0,4,4,2,3,3,2,4,2.54,3,6,FALSE
Male,Loyal Customer,18,Personal Travel,Eco,693,3,5,3,2,2,3,2,2,5,3,5,5,2,3.23,1,0,FALSE
Male,Loyal Customer,67,Personal Travel,Eco,2676,4,4,4,4,4,1,1,3,5,3,5,1,1,3.08,0,0,FALSE
Female,Loyal Customer,44,Business Travel,Business,1440,1,1,1,1,3,5,5,4,4,4,4,4,5,3.23,0,30,TRUE
Female,Disloyal Customer,26,Business Travel,Eco,812,1,1,1,3,1,1,1,1,1,3,4,1,1,1.54,62,42,FALSE
Male,Loyal Customer,18,Personal Travel,Eco,78,3,5,3,3,5,3,5,5,3,4,4,5,5,4.08,12,11,FALSE
Female,Loyal Customer,23,Business Travel,Eco,1532,4,3,3,3,4,3,2,4,1,1,4,3,4,3,0,0,FALSE
Male,Disloyal Customer,34,Business Travel,Eco,721,2,2,2,3,3,2,3,3,3,3,3,4,3,2.77,0,0,FALSE
Male,Disloyal Customer,39,Business Travel,Eco,1258,1,1,1,4,4,1,4,4,3,3,3,4,4,2.85,18,17,FALSE
Female,Loyal Customer,21,Personal Travel,Eco,304,1,5,4,3,1,4,1,1,5,3,4,5,1,2.92,0,2,FALSE
Female,Loyal Customer,7,Personal Travel,Eco,280,3,4,3,2,4,3,4,4,5,3,5,3,4,3.62,32,38,FALSE
Male,Loyal Customer,41,Personal Travel,Eco,925,1,5,1,1,4,1,4,4,1,3,1,3,4,2.54,0,4,FALSE
Female,Loyal Customer,65,Personal Travel,Business,399,1,5,1,4,5,5,4,3,3,1,3,4,4,3.31,0,0,FALSE
Female,Disloyal Customer,49,Business Travel,Business,967,1,1,1,3,5,1,1,5,3,5,4,3,5,2.92,20,1,FALSE
Male,Loyal Customer,20,Personal Travel,Eco,1208,1,2,1,4,1,1,1,1,4,1,3,1,1,1.69,0,0,FALSE
Male,Loyal Customer,48,Business Travel,Business,347,0,0,0,4,4,5,5,4,4,4,4,3,3,3.08,0,0,TRUE
Male,Loyal Customer,48,Business Travel,Eco Plus,1797,4,5,5,5,4,4,4,4,4,2,3,4,4,4,37,41,FALSE
Male,Loyal Customer,47,Personal Travel,Eco,772,3,5,3,2,5,3,5,5,4,2,2,3,5,3.62,0,0,FALSE
Female,Loyal Customer,33,Business Travel,Eco,1089,1,3,3,3,1,1,1,1,1,2,4,3,1,1.92,0,0,FALSE
Male,Loyal Customer,23,Business Travel,Business,3257,3,1,4,1,3,3,3,3,2,5,3,3,3,2.85,37,73,FALSE
Female,Loyal Customer,46,Business Travel,Business,846,5,5,5,5,4,5,5,5,5,5,5,4,3,4.69,0,0,TRUE
Female,Loyal Customer,53,Personal Travel,Eco,300,3,4,3,2,3,5,4,1,1,3,1,5,5,3.08,0,0,FALSE
Male,Loyal Customer,59,Personal Travel,Eco,631,2,4,2,3,1,2,1,1,3,3,4,5,1,2.46,6,0,FALSE
Male,Loyal Customer,51,Personal Travel,Eco,337,1,5,1,2,2,1,2,2,5,5,4,5,2,2.85,31,25,FALSE
Male,Disloyal Customer,57,Business Travel,Business,221,5,5,5,3,1,5,1,1,1,1,4,3,1,2.77,0,,TRUE
Male,Loyal Customer,20,Personal Travel,Eco,261,2,4,2,2,2,2,2,2,1,3,5,5,2,2.62,0,0,FALSE
Male,Loyal Customer,17,Personal Travel,Eco,597,2,2,2,3,4,2,4,4,2,3,3,4,4,3,0,0,FALSE
Female,Loyal Customer,43,Business Travel,Business,2893,2,5,2,2,5,4,5,5,5,5,5,4,4,4.08,100,99,TRUE
Male,Loyal Customer,15,Business Travel,Business,1733,2,2,2,2,5,5,5,5,5,3,4,5,5,3.85,0,22,TRUE
Male,Loyal Customer,28,Personal Travel,Eco,580,5,4,5,3,3,5,3,3,1,1,4,1,3,3.15,2,0,TRUE
Female,Loyal Customer,77,Business Travel,Eco,241,2,5,5,5,1,4,3,2,2,2,2,1,2,2.77,34,25,FALSE
Male,Loyal Customer,40,Business Travel,Business,2589,5,2,5,5,1,1,1,5,5,5,5,1,5,3.54,0,0,TRUE
Male,Loyal Customer,47,Personal Travel,Eco,1208,3,4,3,2,3,3,5,3,1,2,4,4,3,3.08,0,0,FALSE
Female,Loyal Customer,30,Personal Travel,Eco Plus,266,2,0,0,4,4,0,4,4,5,4,4,5,4,3.08,0,0,FALSE
Female,Disloyal Customer,29,Business Travel,Eco,1250,3,3,3,3,4,3,4,4,4,3,3,3,4,3.38,72,63,FALSE
Female,Loyal Customer,30,Business Travel,Business,1874,5,5,5,5,4,4,4,4,1,4,4,1,4,3.85,0,0,TRUE
Male,Loyal Customer,41,Business Travel,Business,2488,1,1,1,1,4,5,4,4,4,4,4,3,3,3,0,0,TRUE
Female,Loyal Customer,67,Business Travel,Eco,872,2,5,5,5,3,3,2,2,2,2,2,3,3,3,0,0,FALSE
Male,Loyal Customer,61,Personal Travel,Eco,528,1,5,1,5,2,1,2,2,5,5,4,2,2,2.85,0,11,FALSE
Male,Loyal Customer,49,Business Travel,Business,1972,1,1,1,1,4,4,4,5,5,5,4,4,4,3.31,46,36,TRUE
Male,Loyal Customer,42,Business Travel,Eco Plus,329,3,4,4,4,3,3,3,3,2,5,4,1,3,3.23,0,0,FALSE
Female,Disloyal Customer,39,Business Travel,Business,325,3,3,3,3,4,3,4,4,1,1,4,2,4,3,31,25,FALSE
Male,Loyal Customer,39,Business Travel,Business,337,2,4,4,4,1,3,3,2,2,2,2,4,1,2.62,109,120,FALSE
Female,Loyal Customer,50,Business Travel,Business,3890,3,3,3,3,5,5,5,3,3,3,3,3,4,3.54,0,0,TRUE
Male,Loyal Customer,48,Personal Travel,Eco,773,4,4,5,2,3,5,3,3,4,5,5,5,3,3.92,0,4,TRUE
Male,Loyal Customer,56,Personal Travel,Eco,1084,2,5,2,1,3,2,3,3,4,4,5,4,3,3.15,0,0,FALSE
Female,Loyal Customer,60,Business Travel,Business,2521,3,3,3,3,5,4,5,4,4,4,4,5,4,3.92,0,0,TRUE
Female,Loyal Customer,60,Personal Travel,Eco,349,2,5,1,3,1,2,5,3,3,1,3,1,3,2.54,26,30,FALSE
Female,Disloyal Customer,20,Business Travel,Eco,873,4,4,4,3,1,4,1,1,1,3,3,2,1,2.46,0,0,FALSE
Male,Loyal Customer,15,Personal Travel,Eco,216,4,4,4,2,4,4,4,4,3,5,4,5,4,3.92,0,2,FALSE
Male,Loyal Customer,37,Business Travel,Business,2503,1,1,1,1,1,3,5,3,3,2,3,2,2,2.15,0,0,TRUE
Male,Loyal Customer,54,Personal Travel,Eco,532,2,4,2,3,4,2,4,4,4,3,4,2,4,3.23,0,0,FALSE
Male,Loyal Customer,52,Business Travel,Business,3827,2,2,2,2,5,4,4,4,4,5,4,4,5,3.62,0,0,TRUE
Female,Loyal Customer,23,Personal Travel,Eco,998,1,4,1,1,1,1,1,1,5,4,5,5,1,2.38,48,39,FALSE
Male,Disloyal Customer,34,Business Travel,Business,689,2,2,2,1,5,2,5,5,5,2,4,4,5,3.38,0,0,FALSE
Female,Loyal Customer,10,Personal Travel,Business,56,4,3,4,3,5,4,5,5,3,5,4,2,5,4,5,2,FALSE
Male,Loyal Customer,60,Business Travel,Business,2667,1,1,1,1,4,4,5,4,4,4,4,4,3,3.08,0,0,TRUE
Female,Disloyal Customer,26,Business Travel,Business,802,0,0,0,4,3,0,4,3,3,3,5,4,3,2.46,13,0,TRUE
Female,Disloyal Customer,22,Business Travel,Eco,1182,3,4,4,1,5,4,5,5,5,2,5,3,5,3.92,0,0,FALSE
Female,Disloyal Customer,85,Business Travel,Eco,366,3,2,3,3,3,3,3,3,1,2,2,3,3,2.62,0,0,FALSE
Male,Disloyal Customer,28,Business Travel,Business,516,4,4,4,4,3,4,3,3,3,5,5,3,3,3.69,35,30,TRUE
Male,Loyal Customer,49,Personal Travel,Eco,404,3,5,3,2,3,3,3,3,5,3,5,3,3,3.38,43,35,FALSE
Female,Disloyal Customer,27,Business Travel,Business,406,5,5,5,5,4,1,4,4,4,2,5,5,4,4.08,3,16,TRUE
Male,Loyal Customer,13,Personal Travel,Eco,748,3,4,3,3,4,3,4,4,4,3,5,4,4,3.69,0,0,FALSE
Male,Loyal Customer,24,Personal Travel,Eco,647,3,3,3,3,3,3,3,3,4,2,4,4,3,3.15,69,62,FALSE
Male,Loyal Customer,34,Personal Travel,Business,236,1,4,1,3,5,4,4,1,1,1,1,3,4,2.54,0,0,FALSE
Female,Loyal Customer,67,Business Travel,Business,1368,3,1,2,1,2,4,4,3,3,3,3,1,2,2.46,39,31,FALSE
Female,Loyal Customer,36,Business Travel,Eco,794,4,5,3,5,4,4,4,4,3,5,4,1,4,3.85,77,75,TRUE
Female,Disloyal Customer,27,Business Travel,Eco,733,1,1,1,4,5,1,5,5,4,2,4,4,5,3.23,0,0,FALSE
Female,Loyal Customer,33,Personal Travel,Eco,898,4,2,4,3,3,4,3,3,2,2,3,1,3,2.85,2,0,TRUE
Female,Loyal Customer,57,Business Travel,Business,2566,5,5,5,5,3,5,4,4,4,4,4,5,3,4.31,0,13,TRUE
Female,Loyal Customer,35,Business Travel,Business,1499,5,5,5,5,5,4,1,5,5,5,5,3,3,4.31,2,0,TRUE
Male,Loyal Customer,37,Business Travel,Business,3736,2,3,3,3,2,1,1,2,2,1,2,3,3,2.15,0,0,FALSE
Female,Loyal Customer,25,Business Travel,Business,1303,3,3,3,3,4,4,4,4,5,5,5,3,4,3.85,21,,TRUE
Female,Loyal Customer,37,Business Travel,Business,306,4,1,1,1,3,3,3,4,4,4,4,2,2,2.77,0,0,FALSE
Female,Disloyal Customer,30,Business Travel,Eco Plus,545,2,2,2,4,1,2,1,1,3,4,3,3,1,2.23,7,2,FALSE
Female,Loyal Customer,30,Business Travel,Business,2105,2,2,2,2,5,5,5,5,2,5,4,5,5,3.77,194,196,TRUE
Male,Disloyal Customer,30,Business Travel,Business,992,0,1,1,4,4,1,2,4,5,3,3,5,4,2.85,0,32,TRUE
Female,Loyal Customer,50,Business Travel,Business,2658,3,3,3,3,3,1,3,5,5,5,5,2,1,3.23,0,0,TRUE
Male,Loyal Customer,40,Business Travel,Business,1024,1,1,1,1,2,4,2,3,3,3,3,4,4,2.46,0,0,TRUE
Male,Loyal Customer,69,Personal Travel,Eco,2306,3,1,3,4,5,3,5,5,2,2,2,1,5,3.15,67,70,FALSE
Female,Loyal Customer,68,Personal Travel,Eco,862,2,5,2,5,5,5,4,2,2,2,2,4,3,3.31,2,0,FALSE
Female,Disloyal Customer,23,Business Travel,Eco,1209,2,2,2,3,1,2,1,1,5,4,4,4,1,2.46,1,16,FALSE
Male,Loyal Customer,9,Personal Travel,Eco,293,1,4,5,3,4,5,4,4,3,2,4,1,4,3.38,0,0,FALSE
Male,Loyal Customer,45,Business Travel,Business,2736,3,4,3,3,3,5,4,4,4,4,4,3,4,3.69,0,0,TRUE
Female,Loyal Customer,60,Business Travel,Eco Plus,406,4,2,2,2,5,2,4,4,4,4,4,1,5,3.31,31,8,TRUE
Male,Disloyal Customer,10,Business Travel,Eco,862,1,1,1,4,1,1,1,1,2,3,3,4,1,1.85,0,0,FALSE
Female,Loyal Customer,23,Business Travel,Business,1855,3,3,3,3,5,5,5,5,4,4,4,5,5,4.15,4,0,TRUE
Male,Disloyal Customer,23,Business Travel,Eco,236,3,5,3,3,4,3,2,4,2,5,1,1,4,3.08,0,0,FALSE
Male,Loyal Customer,34,Business Travel,Business,1504,2,4,4,4,4,4,4,2,2,1,2,3,3,3,3,17,FALSE
Female,Loyal Customer,17,Business Travel,Business,2822,3,2,2,2,3,3,3,3,1,4,3,2,3,2.62,16,8,FALSE
Male,Loyal Customer,46,Personal Travel,Eco,1399,3,1,3,4,3,3,4,3,1,1,3,3,3,2.69,0,0,FALSE
Female,Loyal Customer,53,Business Travel,Business,1560,2,2,2,2,2,5,4,4,4,4,4,4,3,3.23,0,0,TRUE
Female,Loyal Customer,51,Business Travel,Business,1972,1,1,1,1,3,5,5,4,4,4,4,3,3,3,10,29,TRUE
Male,Loyal Customer,25,Personal Travel,Eco,216,2,1,2,3,5,2,5,5,1,4,2,2,5,3,0,0,FALSE
Female,Loyal Customer,37,Business Travel,Eco,106,5,2,2,2,5,5,5,5,3,3,2,3,5,3.62,30,28,TRUE
Female,Loyal Customer,23,Business Travel,Eco Plus,950,0,4,0,2,2,4,2,2,4,1,5,2,2,2.31,0,0,TRUE
Female,Loyal Customer,41,Personal Travel,Eco,460,4,2,4,4,3,4,3,3,3,5,3,4,3,3.46,0,0,TRUE
Male,Loyal Customer,32,Personal Travel,Eco,110,4,2,4,3,5,4,5,5,4,3,3,1,5,3.69,0,0,TRUE
Female,Loyal Customer,39,Personal Travel,Eco,967,2,5,2,5,1,2,1,1,5,3,4,3,1,2.69,0,6,FALSE
Male,Loyal Customer,50,Business Travel,Business,2342,3,3,3,3,3,4,5,5,5,5,5,3,4,3.92,0,0,TRUE
Female,Loyal Customer,32,Business Travel,Business,3251,2,2,2,2,3,3,3,3,4,5,5,3,3,3.08,3,0,TRUE
Female,Loyal Customer,32,Business Travel,Eco,1399,3,3,3,3,3,3,3,3,2,4,4,2,3,3,10,6,FALSE
Male,Loyal Customer,26,Business Travel,Business,3103,4,4,4,4,4,4,4,4,3,2,4,1,4,3.54,17,6,TRUE
Female,Loyal Customer,31,Personal Travel,Eco,158,3,1,3,4,3,3,3,3,1,2,4,4,3,2.85,0,0,FALSE
Female,Loyal Customer,47,Business Travel,Business,1588,2,3,2,2,3,3,3,2,2,3,2,2,3,2.46,22,22,FALSE
Female,Loyal Customer,57,Business Travel,Business,3516,4,4,4,4,3,4,5,4,4,4,4,4,5,4.08,20,53,TRUE
Female,Loyal Customer,40,Business Travel,Business,1803,2,2,2,2,2,5,4,4,4,4,4,5,5,3.46,8,0,TRUE
Female,Loyal Customer,39,Personal Travel,Eco,544,2,3,2,2,3,2,5,3,1,1,3,4,3,2.62,0,30,FALSE
Male,Loyal Customer,33,Business Travel,Business,2610,5,5,5,5,5,4,5,5,5,1,3,5,5,4.46,0,0,TRUE
Female,Loyal Customer,45,Personal Travel,Eco,337,3,5,3,2,5,5,4,3,3,3,3,4,3,3.54,0,9,FALSE
Female,Loyal Customer,53,Personal Travel,Business,1299,0,5,0,4,5,5,4,3,3,0,3,4,5,3.15,0,14,TRUE
Male,Loyal Customer,50,Business Travel,Business,869,2,5,1,5,2,3,3,2,2,2,2,2,2,2.54,64,55,FALSE
Female,Loyal Customer,50,Business Travel,Business,1346,2,2,2,2,4,4,5,5,5,5,5,3,5,3.77,26,17,TRUE
Female,Loyal Customer,45,Business Travel,Business,2842,1,1,1,1,5,4,5,4,4,4,4,5,5,3.38,0,0,TRUE
Male,Loyal Customer,26,Personal Travel,Eco,679,2,4,2,5,5,2,5,5,3,2,4,5,5,3.77,0,6,FALSE
Female,Disloyal Customer,30,Business Travel,Eco,515,3,2,3,3,4,3,4,4,3,1,3,1,4,2.92,0,6,FALSE
Female,Loyal Customer,51,Business Travel,Business,1844,4,4,4,4,2,5,5,5,5,5,5,5,3,4.31,0,0,TRUE
Male,Loyal Customer,31,Personal Travel,Eco Plus,674,3,4,3,3,2,3,2,2,1,3,3,1,2,2.46,92,95,FALSE
Female,Loyal Customer,55,Business Travel,Business,2889,2,2,2,2,4,4,4,4,4,4,4,3,4,3.31,15,0,TRUE
Male,Loyal Customer,66,Personal Travel,Eco,679,2,5,2,4,3,2,3,3,5,3,5,4,3,3.38,0,0,FALSE
Female,Loyal Customer,52,Business Travel,Business,3669,3,3,3,3,5,4,4,4,4,4,4,3,3,3.62,12,11,TRUE
Male,Disloyal Customer,20,Business Travel,Eco,349,0,0,0,4,2,0,2,2,3,3,3,3,2,1.85,0,0,TRUE
Female,Disloyal Customer,23,Business Travel,Eco,338,3,4,3,4,1,3,1,1,4,5,5,4,1,3,6,0,FALSE
Male,Disloyal Customer,27,Business Travel,Eco,663,2,1,2,4,2,2,5,2,4,1,4,2,2,2.54,12,11,FALSE
Male,Loyal Customer,17,Personal Travel,Eco,998,2,1,1,3,3,1,3,3,2,1,2,3,3,2.15,0,0,FALSE
Male,Loyal Customer,55,Business Travel,Business,3070,3,3,1,3,1,4,4,3,3,2,3,4,3,2.85,1,0,FALSE
Female,Loyal Customer,59,Business Travel,Business,2599,2,2,2,2,2,5,4,5,5,5,5,4,4,3.62,0,2,TRUE
Female,Loyal Customer,57,Business Travel,Eco,177,4,3,3,3,1,4,3,4,4,4,4,4,3,3.38,0,2,FALSE
Female,Loyal Customer,12,Personal Travel,Eco Plus,787,3,5,3,5,5,3,5,5,3,2,2,2,5,3.69,14,2,FALSE
Female,Loyal Customer,43,Business Travel,Eco,508,4,1,1,1,2,2,4,4,4,4,4,5,5,3.15,8,7,TRUE
Male,Loyal Customer,43,Business Travel,Business,3537,3,4,3,3,4,5,4,5,5,5,5,4,4,4.15,5,2,TRUE
Male,Loyal Customer,31,Business Travel,Eco,2065,5,2,2,2,5,5,5,5,2,4,3,1,5,3.54,0,0,TRUE
Male,Loyal Customer,70,Personal Travel,Eco,685,1,4,0,1,5,0,5,5,3,3,5,3,5,3.08,0,26,FALSE
Male,Disloyal Customer,7,Business Travel,Eco,862,3,3,3,3,4,3,4,4,3,2,4,2,4,3.23,0,9,FALSE
Female,Loyal Customer,62,Personal Travel,Eco,551,3,2,3,3,3,3,4,1,1,3,1,3,4,2.62,6,14,FALSE
Male,Loyal Customer,45,Personal Travel,Eco,223,3,2,0,3,3,0,3,3,2,2,3,1,3,2.15,5,27,FALSE
Male,Loyal Customer,37,Personal Travel,Eco,759,3,4,3,5,5,3,5,5,3,2,4,3,5,3.85,0,0,FALSE
Female,Loyal Customer,44,Business Travel,Business,1069,3,2,2,2,2,3,4,3,3,3,3,1,2,2.54,0,0,FALSE
Female,Loyal Customer,50,Personal Travel,Business,867,1,4,0,5,5,4,3,1,1,0,1,5,3,2.54,0,0,FALSE
Male,Loyal Customer,13,Personal Travel,Eco,423,3,2,3,3,5,3,5,5,4,1,4,4,5,3.62,11,4,FALSE
Female,Disloyal Customer,23,Business Travel,Eco,735,0,0,0,3,1,0,1,1,5,4,5,4,1,1.92,0,0,TRUE
Male,Loyal Customer,30,Personal Travel,Eco,270,4,4,4,5,2,4,5,2,4,5,5,5,2,3.92,0,0,TRUE
Female,Loyal Customer,67,Personal Travel,Eco,356,4,4,4,4,5,4,5,2,2,4,2,5,5,3.85,0,0,FALSE
Male,Loyal Customer,10,Personal Travel,Eco,888,2,2,2,4,4,2,4,4,4,2,3,4,4,3.15,9,7,FALSE
Female,Loyal Customer,52,Business Travel,Eco,488,2,1,1,1,4,3,4,2,2,2,2,2,1,2.08,0,0,FALSE
Female,Loyal Customer,53,Business Travel,Business,1411,2,2,2,2,2,5,5,4,4,5,4,3,4,3.38,0,0,TRUE
Male,Loyal Customer,32,Business Travel,Business,2362,0,3,0,1,2,2,2,2,5,3,1,4,2,2.08,0,0,TRUE
Male,Disloyal Customer,24,Business Travel,Eco,1249,5,5,5,3,4,5,4,4,2,3,3,4,4,3.92,0,0,TRUE
Male,Loyal Customer,61,Personal Travel,Eco,354,4,5,4,4,1,4,1,1,5,4,5,4,1,3.31,0,0,FALSE
Male,Loyal Customer,41,Business Travel,Business,108,2,2,2,2,2,5,4,5,5,5,4,4,5,3.62,5,0,TRUE
Female,Loyal Customer,53,Business Travel,Business,1372,3,3,3,3,3,4,5,4,4,4,4,3,3,3.54,0,0,TRUE
Female,Loyal Customer,33,Business Travel,Business,2227,3,3,3,3,4,5,4,5,5,5,5,3,4,4,0,0,TRUE
Female,Loyal Customer,41,Business Travel,Business,2240,4,4,4,4,5,4,5,4,4,4,4,3,3,4,0,0,TRUE
Male,Loyal Customer,51,Business Travel,Business,3464,4,5,5,5,5,4,3,4,4,4,4,3,1,3.92,0,0,FALSE
Male,Loyal Customer,45,Business Travel,Business,258,0,0,0,5,3,5,4,5,5,5,5,5,5,3.62,36,35,TRUE
Female,Loyal Customer,7,Personal Travel,Eco,140,4,1,4,2,5,4,5,5,1,5,2,4,5,3.62,0,0,FALSE
Female,Loyal Customer,35,Business Travel,Business,1084,4,4,4,4,3,5,4,4,4,4,4,3,5,4,5,11,TRUE
Male,Disloyal Customer,48,Business Travel,Eco,302,5,0,5,3,3,5,3,3,5,4,3,3,3,3.46,0,0,TRUE
Male,Loyal Customer,18,Personal Travel,Eco,283,3,2,4,3,2,4,2,2,2,5,3,4,2,2.92,0,0,FALSE
Female,Loyal Customer,29,Business Travel,Business,2475,3,3,3,3,5,5,5,3,3,4,5,5,5,4,1,6,TRUE
Female,Loyal Customer,52,Personal Travel,Eco Plus,1014,4,3,4,5,5,3,3,1,1,4,1,4,4,3.23,6,4,TRUE
Female,Loyal Customer,40,Business Travel,Eco,108,4,4,4,4,4,5,4,4,2,5,4,2,4,3.85,0,0,TRUE
Male,Loyal Customer,8,Personal Travel,Eco,295,1,2,1,4,5,1,5,5,1,5,3,4,5,3.23,0,0,FALSE
Female,Loyal Customer,30,Business Travel,Business,1736,4,4,4,4,4,4,4,4,4,4,5,5,4,4.15,3,0,TRUE
Female,Loyal Customer,42,Personal Travel,Eco,859,2,5,1,4,3,5,4,5,5,1,5,5,3,3.69,3,10,FALSE
Female,Disloyal Customer,38,Business Travel,Eco,216,4,2,4,4,4,4,4,4,3,4,3,4,4,3.69,187,205,FALSE
Female,Disloyal Customer,50,Business Travel,Eco,546,1,0,1,4,3,1,3,3,2,1,3,3,3,2.15,0,0,FALSE
Female,Loyal Customer,49,Business Travel,Business,323,3,1,1,1,2,2,2,3,3,2,3,4,3,2.31,2,0,FALSE
Male,Loyal Customer,44,Business Travel,Business,3765,5,5,5,5,5,5,5,5,5,5,5,5,5,5,150,128,TRUE
Female,Disloyal Customer,23,Business Travel,Business,777,0,3,0,5,3,0,3,3,3,5,5,5,3,2.92,0,0,TRUE
Male,Loyal Customer,12,Personal Travel,Eco,337,1,2,1,4,1,1,3,1,1,2,3,1,1,1.69,17,3,FALSE
Male,Disloyal Customer,21,Business Travel,Eco,468,2,0,2,4,4,2,4,4,3,2,5,5,4,3.15,17,39,FALSE
Male,Loyal Customer,70,Business Travel,Business,447,4,4,4,4,2,5,5,5,5,5,5,5,5,4.46,0,0,TRUE
Female,Loyal Customer,52,Business Travel,Business,214,3,2,2,2,4,3,3,2,2,2,3,3,4,2.69,4,0,FALSE
Female,Loyal Customer,38,Business Travel,Eco Plus,404,3,4,4,4,3,3,3,3,3,4,4,3,3,3.38,0,0,FALSE
Male,Loyal Customer,34,Personal Travel,Eco,391,3,4,3,3,4,3,4,4,1,4,4,2,4,3.31,0,0,FALSE
Female,Loyal Customer,59,Business Travel,Business,1142,5,5,5,5,2,5,4,5,5,4,5,4,3,4.38,0,0,TRUE
Female,Loyal Customer,34,Personal Travel,Eco,861,2,4,2,2,3,2,5,3,3,3,5,5,3,3.23,2,3,FALSE
Male,Loyal Customer,58,Personal Travel,Eco,196,2,4,2,3,4,2,4,4,3,2,4,5,4,3.31,0,5,FALSE
Male,Loyal Customer,38,Business Travel,Business,3733,1,1,1,1,2,2,2,4,4,4,4,3,4,2.54,0,1,TRUE
Male,Loyal Customer,45,Business Travel,Business,2935,3,3,5,3,1,3,3,3,3,3,3,3,4,3.08,16,0,FALSE
Male,Loyal Customer,28,Business Travel,Business,2357,2,3,3,3,2,2,2,2,1,4,3,4,2,2.54,0,10,FALSE
Female,Loyal Customer,48,Business Travel,Eco,929,1,5,5,5,3,4,3,1,1,1,1,1,1,2.46,0,0,FALSE
Female,Loyal Customer,29,Business Travel,Business,2053,4,5,5,5,4,4,4,4,3,4,3,4,4,4.08,19,13,FALSE
Male,Loyal Customer,14,Personal Travel,Eco,700,0,4,0,4,4,0,4,4,3,4,4,4,4,3,0,0,TRUE
Female,Loyal Customer,7,Personal Travel,Business,912,2,4,2,3,4,2,4,4,4,5,4,4,4,3.54,0,17,FALSE
Male,Loyal Customer,54,Business Travel,Business,2300,4,4,2,4,4,5,4,2,2,2,2,5,4,3.38,10,0,TRUE
Female,Loyal Customer,64,Personal Travel,Eco,1609,4,2,4,4,5,4,3,5,5,4,5,1,3,3.77,30,0,TRUE
Female,Loyal Customer,49,Business Travel,Business,414,3,3,3,3,2,5,5,2,2,2,2,3,5,3.08,0,0,TRUE
Female,Loyal Customer,45,Personal Travel,Business,283,3,5,3,3,2,5,5,4,4,3,4,5,4,3.85,15,14,FALSE
Male,Loyal Customer,35,Personal Travel,Eco,1744,4,1,3,3,4,3,4,4,4,2,3,4,4,3.31,0,0,FALSE
Male,Loyal Customer,46,Business Travel,Business,1389,1,1,1,1,5,5,4,5,5,5,5,3,3,3.38,0,0,TRUE
Male,Loyal Customer,58,Personal Travel,Eco,190,4,4,4,3,5,4,5,5,1,2,3,2,5,3.62,21,22,FALSE
Female,Loyal Customer,26,Personal Travel,Eco,253,1,5,1,3,2,1,2,2,3,2,5,2,2,2.38,0,0,FALSE
Female,Loyal Customer,24,Personal Travel,Eco,2586,3,4,3,4,3,5,5,4,2,3,4,5,5,3.85,0,9,FALSE
Female,Loyal Customer,49,Business Travel,Business,89,0,4,0,3,5,5,4,5,5,5,5,5,5,3.92,0,0,TRUE
Male,Disloyal Customer,24,Business Travel,Eco,308,5,0,5,1,2,5,2,2,5,5,4,3,2,3.15,0,8,TRUE
Female,Loyal Customer,16,Personal Travel,Business,533,1,5,1,4,5,1,5,5,4,5,5,3,5,3.77,0,0,FALSE
Female,Loyal Customer,61,Business Travel,Eco Plus,689,2,1,1,1,2,3,3,2,2,2,2,4,4,2.23,0,0,FALSE
Female,Disloyal Customer,29,Business Travel,Eco,946,1,1,1,3,1,1,1,1,2,1,3,3,1,1.54,82,68,FALSE
Female,Loyal Customer,18,Business Travel,Business,529,3,3,4,3,4,4,4,4,4,5,1,3,4,3.54,0,4,TRUE
Male,Loyal Customer,26,Personal Travel,Eco,1069,3,4,2,4,1,2,1,1,3,5,4,1,1,2.46,16,24,FALSE
Female,Disloyal Customer,23,Business Travel,Eco,270,1,4,1,3,4,1,4,4,4,2,5,4,4,3.15,11,42,FALSE
Female,Loyal Customer,42,Business Travel,Business,925,5,4,5,5,4,5,5,4,4,4,4,3,5,4.38,11,0,TRUE
Male,Loyal Customer,53,Personal Travel,Eco,2504,2,2,2,3,2,3,3,3,2,3,2,3,3,2.54,0,9,FALSE
Male,Loyal Customer,10,Personal Travel,Eco,925,3,5,3,1,4,3,3,4,1,5,1,2,4,3,0,6,FALSE
Male,Loyal Customer,60,Business Travel,Eco,391,2,5,5,5,2,2,2,2,3,3,1,1,2,2.69,0,0,TRUE
Male,Loyal Customer,30,Personal Travel,Eco,1999,2,4,2,3,5,2,3,5,5,4,4,5,5,3.77,9,26,FALSE
Male,Loyal Customer,44,Personal Travel,Eco,134,4,1,4,4,4,4,4,4,1,3,3,4,4,3.38,0,0,FALSE
Male,Loyal Customer,32,Personal Travel,Eco,563,3,4,2,1,5,2,5,5,5,2,5,4,5,3.69,9,14,FALSE
Female,Disloyal Customer,37,Business Travel,Business,550,2,2,2,4,3,2,3,3,4,4,4,4,3,3.08,3,0,FALSE
Female,Loyal Customer,53,Business Travel,Business,200,5,5,5,5,5,4,2,4,4,4,5,2,2,4,0,0,TRUE
Female,Loyal Customer,56,Personal Travel,Eco,1448,4,3,4,3,4,2,1,1,1,4,1,3,3,2.62,0,0,TRUE
Female,Loyal Customer,40,Personal Travel,Eco,674,4,4,4,2,1,4,1,1,5,5,4,5,1,3.15,0,9,TRUE
Female,Loyal Customer,56,Personal Travel,Eco,227,3,4,3,4,2,4,1,5,5,3,5,3,3,3.46,82,78,FALSE
Female,Loyal Customer,40,Personal Travel,Eco,159,2,5,2,2,2,2,5,2,4,3,4,4,2,3,0,2,FALSE
Male,Loyal Customer,17,Personal Travel,Eco,931,4,5,4,4,5,4,5,5,4,5,4,5,5,4.54,0,0,TRUE
Male,Loyal Customer,43,Business Travel,Eco Plus,601,5,1,1,1,5,5,5,5,5,1,3,1,5,3.31,0,0,TRUE
Male,Disloyal Customer,23,Business Travel,Eco,297,4,3,4,3,2,4,2,2,5,2,2,1,2,2.77,0,0,FALSE
Male,Loyal Customer,60,Business Travel,Eco,500,3,5,5,5,3,3,3,3,4,1,3,3,3,3.38,15,8,FALSE
Male,Disloyal Customer,39,Business Travel,Eco,440,4,3,4,2,1,4,1,1,3,4,4,5,1,2.85,0,0,TRUE
Male,Loyal Customer,38,Business Travel,Business,1482,4,4,4,4,5,5,1,4,4,4,4,3,4,3.85,3,0,TRUE
Male,Loyal Customer,18,Business Travel,Eco Plus,268,3,5,5,5,3,3,3,3,2,2,3,1,3,3.15,0,0,FALSE
Male,Loyal Customer,42,Business Travel,Eco,957,1,0,0,3,1,1,1,1,4,1,4,3,1,1.62,0,0,FALSE
Female,Disloyal Customer,50,Business Travel,Business,1464,3,3,3,5,4,3,4,4,4,3,5,4,4,3.77,0,0,FALSE
Female,Disloyal Customer,27,Business Travel,Eco,305,1,0,1,1,2,1,2,2,3,2,4,1,2,1.69,0,0,FALSE
Male,Loyal Customer,50,Personal Travel,Eco,991,3,4,3,3,5,3,5,5,5,2,4,5,5,4,25,12,FALSE
Male,Loyal Customer,42,Personal Travel,Eco,1068,1,3,1,4,5,1,2,5,3,5,3,4,5,3.23,2,0,FALSE
Female,Loyal Customer,20,Personal Travel,Eco,1587,1,4,1,2,3,1,3,3,4,3,5,3,3,2.77,12,0,FALSE
Female,Loyal Customer,34,Business Travel,Business,1994,3,3,3,3,4,4,5,4,4,4,4,4,4,3.77,0,0,TRUE
Female,Disloyal Customer,49,Business Travel,Business,760,1,1,1,2,3,1,3,3,5,4,4,5,3,2.77,0,0,FALSE
Female,Loyal Customer,52,Business Travel,Eco,239,2,4,4,4,2,3,3,2,2,2,2,1,1,2.46,14,12,FALSE
Female,Disloyal Customer,31,Business Travel,Eco,978,3,3,3,1,5,3,5,5,2,5,1,4,5,3.46,0,0,FALSE
Male,Loyal Customer,50,Business Travel,Business,2851,1,1,1,1,3,4,4,5,5,5,5,4,3,3.23,5,0,TRUE
Female,Loyal Customer,42,Business Travel,Business,2701,4,5,5,5,4,4,4,2,5,3,2,4,4,3.92,0,24,FALSE
Female,Loyal Customer,54,Business Travel,Business,2058,2,2,2,2,4,4,5,3,3,3,3,5,4,3.23,0,10,TRUE
Female,Loyal Customer,45,Personal Travel,Eco,453,1,4,2,4,5,1,5,4,4,2,4,1,5,3.23,10,1,FALSE
Male,Loyal Customer,25,Business Travel,Business,3651,4,4,4,4,4,4,4,4,5,4,2,4,4,3.92,41,26,TRUE
Female,Disloyal Customer,21,Business Travel,Eco,448,2,0,1,3,2,1,2,2,1,5,4,1,2,2,0,0,FALSE
Male,Loyal Customer,41,Personal Travel,Eco,89,3,4,0,2,0,2,2,4,3,3,2,2,2,2.23,140,141,FALSE
Male,Loyal Customer,66,Business Travel,Eco,738,3,5,5,5,3,3,3,3,5,3,4,5,3,3.85,0,1,TRUE
Female,Disloyal Customer,43,Business Travel,Eco,692,1,1,1,4,1,1,1,1,3,1,4,3,1,1.77,6,7,FALSE
Male,Loyal Customer,27,Personal Travel,Eco,1062,5,2,5,3,5,5,5,5,1,2,3,2,5,3.69,0,8,TRUE
Male,Loyal Customer,55,Personal Travel,Eco,2486,3,2,2,4,5,2,5,5,4,5,4,3,5,3.77,0,0,FALSE
Male,Loyal Customer,51,Business Travel,Eco,695,4,2,2,2,4,4,4,4,3,3,4,1,4,3.15,91,99,TRUE
Male,Loyal Customer,32,Business Travel,Business,626,2,2,2,2,4,5,4,4,5,5,5,5,4,3.77,0,5,TRUE
Female,Loyal Customer,30,Personal Travel,Eco,985,1,4,1,3,1,1,1,1,5,4,5,4,1,2.46,0,0,FALSE
Female,Loyal Customer,9,Business Travel,Eco,2218,2,5,5,5,2,2,3,2,2,4,4,4,2,3.23,34,29,FALSE
Female,Loyal Customer,66,Personal Travel,Eco,948,2,3,2,3,2,4,3,4,4,2,4,4,2,3,82,70,FALSE
Female,Disloyal Customer,38,Business Travel,Eco Plus,954,3,2,2,4,4,2,4,4,1,3,4,3,4,3.08,0,0,FALSE
Female,Disloyal Customer,26,Business Travel,Business,216,4,4,4,1,5,4,5,5,3,2,5,4,5,3.92,15,27,FALSE
Female,Loyal Customer,66,Personal Travel,Business,759,2,5,2,5,2,4,4,3,3,2,3,3,4,3.23,12,0,FALSE
Male,Loyal Customer,15,Business Travel,Eco,787,4,2,2,2,4,4,3,4,5,1,3,5,4,3.31,0,0,TRUE
Male,Loyal Customer,41,Personal Travel,Eco,240,2,5,2,5,5,2,5,5,3,2,5,5,5,3.92,0,0,FALSE
Male,Loyal Customer,48,Business Travel,Eco Plus,304,3,4,4,4,3,3,3,3,2,3,4,4,3,3.31,33,12,FALSE
Female,Disloyal Customer,28,Business Travel,Business,2106,5,4,4,2,2,4,2,2,3,4,3,5,2,3.23,0,0,TRUE
Male,Loyal Customer,49,Business Travel,Business,3719,2,2,2,2,5,4,4,5,5,5,5,3,3,3.62,0,0,TRUE
Male,Loyal Customer,34,Business Travel,Business,2324,4,3,4,4,5,4,5,5,5,5,5,5,5,4.54,99,105,TRUE
Male,Loyal Customer,48,Business Travel,Business,1747,4,4,4,4,3,4,5,4,4,4,4,3,5,4,0,0,TRUE
Female,Loyal Customer,62,Business Travel,Business,399,3,3,3,3,1,1,2,4,4,4,4,2,4,2.92,0,0,TRUE
Female,Loyal Customer,49,Business Travel,Business,2322,1,0,0,3,2,3,3,3,3,0,3,1,4,2,19,13,FALSE
Female,Disloyal Customer,25,Business Travel,Business,303,5,5,5,3,5,5,5,5,4,4,5,4,5,4.62,0,0,TRUE
Male,Loyal Customer,41,Business Travel,Business,1236,5,5,5,5,2,4,4,5,5,5,5,3,5,4.46,0,4,TRUE
Male,Loyal Customer,43,Personal Travel,Eco,836,3,4,3,3,3,3,3,3,3,5,3,4,3,3.31,0,0,FALSE
Female,Loyal Customer,43,Business Travel,Business,2466,5,5,5,5,2,5,4,4,4,4,4,3,4,4.15,0,0,TRUE
Male,Loyal Customer,53,Business Travel,Business,469,1,1,1,1,2,4,5,3,3,4,3,5,4,2.85,3,0,TRUE
Female,Disloyal Customer,27,Business Travel,Business,220,4,4,4,3,3,4,3,3,3,2,5,5,3,3.54,11,7,TRUE
Male,Loyal Customer,45,Personal Travel,Eco,578,2,4,2,3,3,2,3,3,1,1,4,1,3,2.46,0,0,FALSE
Female,Loyal Customer,45,Business Travel,Eco,566,1,3,3,3,2,4,3,1,1,1,1,2,2,2.08,0,0,FALSE
Male,Loyal Customer,40,Business Travel,Business,2404,1,1,1,1,5,5,1,4,4,4,4,3,2,2.77,0,0,TRUE
Male,Loyal Customer,41,Personal Travel,Eco Plus,562,2,4,2,3,2,2,2,2,5,2,5,5,2,2.92,69,66,FALSE
Female,Loyal Customer,55,Business Travel,Business,1660,2,2,2,2,3,3,4,5,5,5,5,4,3,3.46,0,0,TRUE
Female,Disloyal Customer,23,Business Travel,Eco,328,2,4,2,4,3,2,3,3,2,5,4,2,3,3,0,1,FALSE
Male,Loyal Customer,69,Personal Travel,Eco,157,1,4,0,1,2,0,2,2,4,4,4,3,2,2.23,0,16,FALSE
Male,Loyal Customer,55,Business Travel,Eco,588,4,4,5,4,4,4,4,4,2,5,1,1,4,3.54,26,19,TRUE
Male,Loyal Customer,53,Business Travel,Eco,238,2,5,5,5,2,2,2,2,4,1,1,3,2,2.77,93,85,TRUE
Male,Loyal Customer,39,Business Travel,Business,3868,3,3,3,3,2,5,5,1,1,2,1,3,5,2.85,3,3,TRUE
Female,Loyal Customer,34,Business Travel,Business,368,2,4,4,4,3,4,4,2,2,2,2,4,1,2.92,44,40,FALSE
Female,Disloyal Customer,8,Business Travel,Eco,846,2,2,2,4,4,2,4,4,2,1,4,4,4,3,16,26,FALSE
Male,Disloyal Customer,25,Business Travel,Eco,1652,1,1,1,4,5,1,5,5,3,1,4,1,5,2.85,0,0,FALSE
Male,Disloyal Customer,24,Business Travel,Eco,919,4,4,4,3,2,4,2,2,3,4,4,5,2,3.31,0,0,FALSE
Female,Loyal Customer,53,Business Travel,Business,544,4,4,2,4,4,5,5,2,2,2,2,4,5,3.46,31,18,TRUE
Female,Loyal Customer,66,Personal Travel,Eco,405,3,2,3,3,2,4,3,3,3,3,3,2,2,2.77,0,0,FALSE
Male,Loyal Customer,44,Business Travel,Business,3343,3,3,3,3,2,5,5,5,5,5,5,4,3,3.92,0,0,TRUE
Female,Loyal Customer,27,Personal Travel,Eco,86,3,3,0,4,4,0,4,4,4,1,3,3,4,2.85,0,0,FALSE
Female,Loyal Customer,60,Business Travel,Business,1440,3,3,3,3,3,4,4,4,4,4,4,5,3,3.62,0,0,TRUE
Female,Loyal Customer,53,Personal Travel,Eco,859,3,5,3,2,5,1,2,4,4,3,4,5,3,3.38,23,27,FALSE
Male,Loyal Customer,54,Personal Travel,Eco,395,1,5,1,4,2,1,2,2,5,3,5,5,2,2.92,0,0,FALSE
Female,Loyal Customer,43,Business Travel,Business,2269,3,3,3,3,2,5,2,5,5,5,5,1,2,3.38,0,5,TRUE
Male,Loyal Customer,57,Business Travel,Business,1533,3,4,3,3,3,5,4,2,2,2,2,3,3,3,0,0,TRUE
Male,Loyal Customer,55,Personal Travel,Eco,166,4,5,4,3,2,4,2,2,5,5,5,5,2,3.69,41,32,FALSE
Male,Loyal Customer,55,Business Travel,Business,3101,2,2,3,2,2,5,5,5,5,5,5,4,3,3.69,0,0,TRUE
Male,Loyal Customer,45,Business Travel,Business,1593,4,4,4,4,2,1,1,2,2,3,2,2,2,2.54,10,4,TRUE
Male,Loyal Customer,50,Business Travel,Business,2330,2,2,2,2,2,5,5,3,3,3,3,5,3,3.08,95,113,TRUE
Male,Loyal Customer,26,Personal Travel,Eco,1111,2,5,1,1,4,1,4,4,5,2,5,4,4,3.23,0,9,FALSE
Male,Loyal Customer,38,Business Travel,Eco Plus,413,4,4,4,4,4,4,4,4,5,3,2,2,4,3.69,0,0,TRUE
Female,Loyal Customer,48,Business Travel,Eco,351,3,2,2,2,4,2,2,3,3,3,3,4,4,2.85,0,0,TRUE
Male,Loyal Customer,49,Business Travel,Eco,251,1,4,4,4,2,1,2,2,3,2,2,1,2,2.31,0,0,FALSE
Male,Loyal Customer,39,Business Travel,Business,468,2,2,2,2,2,5,4,4,4,4,4,5,3,3.31,4,0,TRUE
Female,Loyal Customer,39,Business Travel,Business,451,3,3,3,3,3,3,3,4,4,4,4,2,3,3.23,0,3,TRUE
Male,Loyal Customer,12,Business Travel,Business,611,1,1,1,1,5,4,5,5,5,3,4,3,5,3.31,0,0,TRUE
Male,Loyal Customer,46,Business Travel,Eco,996,2,5,5,5,2,2,2,2,2,3,1,5,2,2.92,18,18,TRUE
Female,Loyal Customer,61,Personal Travel,Eco,2454,3,5,3,3,3,1,1,3,3,5,4,1,1,2.77,0,0,FALSE
Male,Loyal Customer,58,Business Travel,Business,3138,1,1,2,1,2,4,5,4,4,4,4,5,4,3.15,0,0,TRUE
Female,Loyal Customer,43,Business Travel,Business,1676,5,5,5,5,5,4,4,5,5,5,5,4,3,4.62,3,0,TRUE
Male,Loyal Customer,35,Personal Travel,Eco,650,3,5,3,4,5,3,3,5,2,2,1,3,5,3.38,0,0,FALSE
Male,Loyal Customer,47,Business Travel,Business,2693,4,5,5,5,2,4,4,1,1,1,4,4,4,3.38,5,1,FALSE
Female,Disloyal Customer,64,Business Travel,Eco,936,3,3,3,4,5,3,5,5,4,2,4,2,5,3.69,0,0,FALSE
Female,Loyal Customer,42,Business Travel,Eco Plus,1026,2,3,3,3,3,3,3,2,2,2,2,1,1,2.31,52,61,FALSE
Male,Loyal Customer,35,Business Travel,Eco Plus,802,3,4,4,4,3,3,3,3,1,1,3,3,3,2.92,60,51,FALSE
Male,Disloyal Customer,17,Business Travel,Eco,628,4,0,4,3,5,4,5,5,4,4,4,4,5,3.92,3,0,FALSE
Male,Loyal Customer,63,Personal Travel,Eco,395,2,4,2,5,1,2,1,1,4,2,5,5,1,2.69,19,15,FALSE
Male,Loyal Customer,48,Personal Travel,Eco Plus,1399,2,1,2,3,1,2,5,1,3,3,4,1,1,2.23,38,40,FALSE
Male,Loyal Customer,17,Personal Travel,Eco,224,3,5,3,5,4,3,4,4,4,4,4,5,4,4,58,49,FALSE
Female,Loyal Customer,20,Business Travel,Business,883,4,1,1,1,4,4,4,4,4,5,3,1,4,3.08,20,30,FALSE
Male,Loyal Customer,29,Business Travel,Business,2173,3,3,3,3,4,4,4,4,4,5,4,4,4,3.77,0,0,TRUE
Male,Loyal Customer,40,Personal Travel,Eco,296,4,5,4,1,5,4,5,5,4,4,4,3,5,4.08,42,30,FALSE
Female,Loyal Customer,38,Business Travel,Eco,302,3,2,2,2,3,5,3,3,2,4,2,1,3,2.69,0,0,TRUE
Male,Loyal Customer,64,Personal Travel,Eco,650,3,2,3,1,5,3,5,5,3,5,2,1,5,3.31,0,5,FALSE
Male,Loyal Customer,10,Personal Travel,Eco,201,2,3,0,3,1,0,1,1,1,4,4,2,1,1.77,0,0,FALSE
Male,Loyal Customer,70,Personal Travel,Eco,1205,2,3,2,3,2,2,2,2,4,1,3,2,2,2.31,13,6,FALSE
Female,Disloyal Customer,37,Business Travel,Eco,577,4,3,4,2,5,4,5,5,5,5,1,3,5,3.92,0,28,FALSE
Female,Loyal Customer,60,Business Travel,Business,325,4,4,4,4,4,5,5,5,5,5,5,5,4,4.54,17,15,TRUE
Female,Disloyal Customer,26,Business Travel,Eco,301,1,5,1,2,4,1,3,4,2,1,1,1,4,2.31,4,0,FALSE
Female,Loyal Customer,38,Personal Travel,Eco,341,3,1,3,3,4,3,4,4,2,5,2,4,4,3.23,9,22,FALSE
Female,Loyal Customer,31,Business Travel,Business,594,4,5,5,5,4,4,4,4,3,3,4,1,4,3.85,0,0,FALSE
Female,Loyal Customer,43,Business Travel,Eco,270,1,2,2,2,1,3,4,1,1,1,1,3,3,1.92,0,0,FALSE
Male,Loyal Customer,18,Personal Travel,Eco,483,4,2,4,4,2,4,2,2,1,2,3,4,2,2.77,53,39,FALSE
Male,Loyal Customer,40,Business Travel,Eco,954,5,2,3,2,5,5,5,5,1,3,4,1,5,3.54,105,98,TRUE
Female,Loyal Customer,32,Business Travel,Business,2994,1,1,1,1,4,4,4,4,2,5,3,4,4,2.92,43,47,TRUE
Male,Loyal Customer,25,Business Travel,Business,2685,2,2,2,2,5,5,5,4,4,4,4,5,5,3.77,175,,TRUE
Female,Loyal Customer,33,Personal Travel,Eco,591,3,5,3,3,3,3,3,3,4,2,5,4,3,3.38,24,22,FALSE
Male,Disloyal Customer,19,Business Travel,Eco,1028,1,1,1,3,4,1,4,4,4,5,4,3,4,3,0,0,FALSE
Female,Loyal Customer,41,Personal Travel,Eco,433,4,5,4,3,2,4,4,2,4,2,5,5,2,3.54,0,0,FALSE
Male,Disloyal Customer,25,Business Travel,Business,452,5,0,4,1,3,4,5,3,4,4,5,3,3,3.38,44,27,TRUE
Male,Loyal Customer,56,Business Travel,Business,2730,1,1,1,1,5,5,4,5,5,5,5,4,5,3.62,12,14,TRUE
Female,Loyal Customer,39,Business Travel,Business,2602,4,4,4,4,3,2,1,4,4,4,4,4,1,3.31,0,5,TRUE
Female,Loyal Customer,49,Business Travel,Business,2854,5,5,1,5,1,3,3,5,5,4,5,2,3,3.62,33,35,FALSE
Male,Loyal Customer,42,Business Travel,Eco,787,5,2,2,2,5,5,5,5,3,4,5,2,5,3.85,33,32,TRUE
Female,Loyal Customer,32,Business Travel,Eco,1774,0,0,0,4,3,0,2,3,1,1,4,2,3,1.77,0,0,TRUE
Male,Loyal Customer,59,Personal Travel,Eco,733,1,3,1,3,1,1,4,1,2,3,3,3,1,2.08,1,3,FALSE
Male,Loyal Customer,28,Business Travel,Business,910,2,2,3,2,5,5,5,5,3,2,4,4,5,3.62,0,0,TRUE
Female,Loyal Customer,57,Business Travel,Business,2241,1,1,1,1,4,4,5,4,4,5,4,3,3,3.08,0,0,TRUE
Female,Disloyal Customer,23,Business Travel,Eco Plus,2327,2,2,2,3,2,2,2,4,4,2,3,2,2,2.46,315,346,FALSE
Female,Disloyal Customer,44,Business Travel,Business,258,3,3,3,4,3,3,3,3,5,5,5,5,3,3.69,7,4,FALSE
Female,Loyal Customer,52,Personal Travel,Eco,481,2,5,2,1,1,2,2,5,5,2,5,4,1,2.85,0,0,FALSE
Female,Disloyal Customer,36,Business Travel,Eco,236,4,3,4,3,5,4,5,5,1,5,3,1,5,3.69,0,0,FALSE
Female,Loyal Customer,28,Business Travel,Business,3628,3,3,3,3,4,4,4,4,3,2,4,5,4,3.54,0,0,TRUE
Female,Loyal Customer,41,Business Travel,Eco,192,3,5,5,5,3,3,3,3,2,4,4,2,3,3.46,0,0,FALSE
Female,Loyal Customer,38,Business Travel,Eco,239,2,2,3,2,2,2,2,2,3,1,2,5,2,2.31,1,0,TRUE
Female,Loyal Customer,11,Personal Travel,Eco,899,5,4,5,4,3,5,3,3,5,2,4,4,3,3.85,24,27,TRUE
Female,Loyal Customer,28,Business Travel,Business,3733,3,3,3,3,5,5,5,5,4,4,4,5,5,4.15,3,0,TRUE
Male,Loyal Customer,32,Personal Travel,Business,1235,4,5,4,4,5,4,5,5,4,2,3,5,5,4.23,6,1,FALSE
Female,Loyal Customer,41,Personal Travel,Eco,1990,1,1,1,4,3,1,4,3,2,2,3,2,3,2.31,5,8,FALSE
Male,Loyal Customer,47,Personal Travel,Eco,1034,3,5,3,2,3,2,2,4,3,4,4,2,2,3,183,144,FALSE
Male,Loyal Customer,71,Business Travel,Business,3269,3,3,3,3,4,5,5,5,1,1,2,5,5,3.46,184,174,TRUE
Female,Loyal Customer,77,Business Travel,Business,1974,3,2,4,2,5,2,2,3,3,3,3,4,4,3.08,0,0,FALSE
Female,Disloyal Customer,26,Business Travel,Business,994,2,5,1,4,1,1,1,1,4,4,5,5,1,2.69,0,0,FALSE
Female,Disloyal Customer,25,Business Travel,Eco,913,4,4,4,1,3,4,3,3,2,3,1,4,3,3,0,0,FALSE
Female,Loyal Customer,39,Business Travel,Business,3007,3,3,3,3,4,5,5,5,5,5,5,4,5,4.23,1,10,TRUE
Male,Loyal Customer,62,Personal Travel,Eco,502,2,4,2,3,5,2,5,5,5,4,4,4,5,3.85,73,56,FALSE
Female,Loyal Customer,52,Business Travel,Business,489,4,4,4,4,1,5,4,5,5,5,5,2,5,4.08,0,0,TRUE
Female,Disloyal Customer,25,Business Travel,Business,731,5,2,5,1,5,5,5,5,3,4,4,4,5,4.08,0,0,TRUE
Female,Loyal Customer,28,Personal Travel,Eco,563,3,4,4,4,1,4,1,1,4,2,4,1,1,2.62,0,9,FALSE
Female,Loyal Customer,57,Business Travel,Business,3535,3,5,3,3,4,5,5,5,5,5,5,4,5,4.38,0,0,TRUE
Male,Disloyal Customer,57,Business Travel,Business,777,5,5,5,2,2,5,2,2,3,2,4,5,2,3.38,0,0,TRUE
Female,Loyal Customer,42,Business Travel,Business,3142,3,3,3,3,5,5,4,4,4,4,5,5,3,3.92,6,9,TRUE
Male,Loyal Customer,37,Business Travel,Business,328,2,2,2,2,2,4,3,2,2,2,2,1,4,2.31,19,22,FALSE
Male,Loyal Customer,26,Business Travel,Eco,1173,5,3,3,3,5,5,4,5,3,5,4,3,5,4.08,0,0,TRUE
Male,Loyal Customer,32,Personal Travel,Eco,838,4,5,4,2,2,4,2,2,4,3,4,5,2,3.31,0,0,FALSE
Male,Loyal Customer,50,Business Travel,Business,331,5,5,2,5,3,4,4,4,4,4,4,5,4,4.08,73,64,TRUE
Male,Loyal Customer,26,Personal Travel,Business,631,2,4,3,2,4,3,5,4,2,4,1,5,4,3.31,7,0,FALSE
Male,Loyal Customer,45,Business Travel,Business,3038,2,2,2,2,5,3,2,4,4,4,4,5,2,3.15,0,0,TRUE
Male,Loyal Customer,52,Business Travel,Business,334,0,0,0,4,3,4,5,4,4,4,4,5,3,3.08,0,0,TRUE
Female,Loyal Customer,57,Business Travel,Business,3038,3,3,3,3,3,4,4,5,5,5,5,4,5,4,0,0,TRUE
Male,Loyal Customer,49,Business Travel,Business,1809,3,4,4,4,2,3,3,3,3,3,3,2,3,3.08,65,43,FALSE
Female,Loyal Customer,49,Business Travel,Business,89,2,3,4,3,2,3,4,3,3,3,2,3,2,2.85,37,30,FALSE
Female,Disloyal Customer,54,Business Travel,Eco,423,2,0,3,4,3,3,3,3,1,3,2,2,3,2.46,1,0,FALSE
Female,Loyal Customer,25,Business Travel,Business,3248,1,1,1,1,5,5,5,5,3,2,5,4,5,3.31,0,0,TRUE
Male,Loyal Customer,18,Business Travel,Eco Plus,2300,4,3,5,3,4,4,5,4,1,5,4,4,4,3.85,3,0,TRUE
Male,Disloyal Customer,24,Business Travel,Business,1076,5,0,5,3,3,5,3,3,5,2,2,3,3,3.23,0,0,TRUE
Female,Disloyal Customer,8,Business Travel,Eco,634,0,4,0,1,5,0,5,5,2,5,1,4,5,2.85,0,0,TRUE
Female,Loyal Customer,27,Business Travel,Business,967,2,1,5,1,2,2,2,2,3,2,3,4,2,2.38,0,0,FALSE
Male,Disloyal Customer,26,Business Travel,Business,1389,4,4,4,1,4,4,4,4,5,2,5,3,4,3.69,13,0,TRUE
Female,Loyal Customer,38,Business Travel,Business,192,3,3,3,3,4,3,1,5,5,5,4,2,2,3.31,0,0,TRUE
Male,Loyal Customer,51,Business Travel,Business,2888,3,3,3,3,5,5,5,4,4,4,4,5,5,4.08,0,0,TRUE
Female,Loyal Customer,63,Personal Travel,Business,349,4,4,4,2,3,5,5,2,2,4,2,4,4,3.46,0,0,FALSE
Female,Loyal Customer,41,Personal Travel,Eco,187,3,4,3,2,5,3,5,5,4,5,5,3,5,4,0,0,FALSE
Male,Disloyal Customer,21,Business Travel,Eco,780,4,4,4,3,4,4,4,4,1,2,3,4,4,3.46,37,16,FALSE
Male,Loyal Customer,65,Business Travel,Business,3193,2,1,1,1,2,3,3,2,2,2,2,4,3,2.15,0,0,FALSE
Female,Loyal Customer,27,Personal Travel,Eco,179,1,4,1,3,4,1,4,4,2,5,4,2,4,3,0,0,FALSE
Male,Loyal Customer,47,Personal Travel,Eco,226,2,4,2,3,5,2,5,5,4,4,5,3,5,3.77,3,0,FALSE
Female,Loyal Customer,30,Personal Travel,Eco,829,3,4,3,1,5,3,5,5,5,4,5,4,5,4,13,12,FALSE
Male,Disloyal Customer,35,Business Travel,Business,986,4,4,4,1,5,4,5,5,3,4,4,3,5,3.92,0,0,FALSE
Male,Loyal Customer,22,Business Travel,Business,895,3,4,4,4,3,3,3,3,4,3,4,4,3,3.46,0,0,FALSE
Female,Loyal Customer,40,Business Travel,Eco,946,4,1,2,2,4,4,4,4,2,5,3,1,4,3.08,0,0,FALSE
Female,Loyal Customer,21,Personal Travel,Eco,1089,3,3,3,4,4,3,4,4,3,5,5,2,4,3.62,0,0,FALSE
Male,Loyal Customer,15,Personal Travel,Eco,1074,1,4,1,2,3,1,3,3,4,3,4,3,3,2.69,0,0,FALSE
Female,Loyal Customer,51,Business Travel,Business,562,3,3,3,3,3,5,3,4,4,4,4,1,2,3.23,0,0,TRUE
Female,Loyal Customer,9,Personal Travel,Eco,983,2,4,2,2,1,2,1,1,4,4,5,5,1,2.62,0,65,FALSE
Female,Loyal Customer,47,Personal Travel,Eco,649,3,5,3,4,2,1,1,3,3,3,3,4,2,2.85,0,0,FALSE
Female,Loyal Customer,40,Business Travel,Eco,102,4,2,2,2,4,4,4,4,4,5,4,3,4,3.54,0,0,FALSE
Male,Disloyal Customer,25,Business Travel,Eco,199,2,5,2,3,2,2,2,2,2,2,2,3,2,2.38,6,0,FALSE
Female,Loyal Customer,13,Personal Travel,Eco,1180,3,2,3,3,4,3,4,4,3,2,4,2,4,3.15,27,11,FALSE
Female,Loyal Customer,38,Business Travel,Eco,237,4,3,3,3,4,4,4,4,2,4,4,2,4,3.46,0,0,TRUE
Female,Disloyal Customer,41,Business Travel,Eco,604,1,4,1,2,2,1,2,2,5,5,5,2,2,2.62,0,0,FALSE
Female,Loyal Customer,11,Personal Travel,Eco Plus,160,3,3,3,3,3,3,3,3,3,3,4,4,3,3.15,55,37,FALSE
Female,Loyal Customer,20,Business Travel,Eco,1504,5,4,4,4,5,5,5,5,2,4,1,4,5,4.08,0,0,TRUE
Female,Loyal Customer,51,Personal Travel,Eco,399,2,2,2,4,3,3,3,2,2,2,2,2,2,2.38,0,0,FALSE
Female,Loyal Customer,29,Business Travel,Business,602,2,4,4,4,2,2,2,2,4,5,3,4,2,3.08,44,27,FALSE
Female,Loyal Customer,38,Business Travel,Eco,147,4,2,2,2,4,4,4,4,2,5,1,1,4,3,44,26,TRUE
Female,Loyal Customer,12,Personal Travel,Eco,616,2,3,2,1,3,2,3,3,3,4,1,1,3,2.38,6,0,FALSE
Female,Loyal Customer,11,Personal Travel,Eco,1440,3,5,3,3,1,3,1,1,5,3,5,4,1,2.92,102,83,FALSE
Male,Loyal Customer,47,Business Travel,Business,2475,4,1,1,1,4,4,4,1,4,3,3,4,4,2.92,0,0,FALSE
Male,Loyal Customer,45,Business Travel,Business,2766,2,2,2,2,4,4,4,2,2,2,2,4,5,2.85,30,26,TRUE
Male,Loyal Customer,10,Personal Travel,Eco,402,3,4,3,3,4,3,1,4,3,3,4,3,4,3.23,21,19,FALSE
Male,Loyal Customer,26,Business Travel,Business,3422,4,4,4,4,5,5,5,5,5,2,4,5,5,4.38,11,0,TRUE
Male,Loyal Customer,60,Personal Travel,Eco,631,2,5,1,2,1,1,1,1,5,5,5,5,1,2.69,0,0,FALSE
Female,Disloyal Customer,12,Business Travel,Eco,849,1,1,1,4,4,1,4,4,1,2,3,3,4,2.54,18,3,FALSE
Male,Loyal Customer,72,Business Travel,Business,2068,2,2,2,2,2,3,3,2,2,3,2,2,3,2.31,0,8,FALSE
Male,Loyal Customer,56,Business Travel,Eco Plus,102,4,4,4,4,4,4,4,4,5,2,5,4,4,4,0,3,TRUE
Female,Loyal Customer,54,Personal Travel,Eco,2611,2,1,2,3,2,4,4,3,3,2,4,4,4,2.92,1,16,FALSE
Male,Loyal Customer,12,Business Travel,Eco,721,4,4,4,4,4,5,3,4,5,5,2,2,4,3.85,0,0,TRUE
Female,Loyal Customer,40,Business Travel,Business,3711,4,4,4,4,2,4,5,4,4,4,4,5,4,4,7,0,TRUE
Male,Loyal Customer,23,Business Travel,Business,719,3,4,4,4,3,3,3,3,2,2,4,2,3,3.08,35,42,FALSE
Female,Disloyal Customer,26,Business Travel,Business,1047,4,4,4,1,5,4,5,5,5,2,4,4,5,4,0,0,FALSE
Male,Loyal Customer,30,Business Travel,Business,2672,5,5,5,5,5,5,5,5,4,3,4,4,5,4.62,0,46,TRUE
Male,Loyal Customer,29,Business Travel,Business,1774,5,5,5,5,4,4,4,4,3,3,4,3,4,4.08,0,0,TRUE
Male,Loyal Customer,43,Business Travel,Eco,362,2,4,4,4,2,2,2,2,4,5,2,3,2,2.92,10,5,FALSE
Female,Loyal Customer,57,Business Travel,Business,1768,0,0,0,2,4,4,4,4,4,4,4,3,4,2.85,8,0,TRUE
Female,Loyal Customer,49,Business Travel,Eco,1065,2,1,1,1,1,3,3,2,2,2,2,2,4,2,0,0,FALSE
Female,Disloyal Customer,38,Business Travel,Business,581,4,3,3,4,5,3,5,5,5,2,5,3,5,4,3,0,TRUE
Female,Loyal Customer,72,Business Travel,Eco,599,4,4,4,4,5,2,2,4,4,4,4,3,4,3.69,75,68,FALSE
Male,Disloyal Customer,23,Business Travel,Business,1235,4,0,4,2,3,4,3,3,3,2,4,4,3,3,7,0,TRUE
Male,Disloyal Customer,25,Business Travel,Business,1416,5,5,5,1,5,5,5,5,4,4,4,5,5,4.46,0,21,TRUE
Male,Disloyal Customer,10,Business Travel,Eco,979,4,4,4,4,5,4,5,5,4,4,4,1,5,4.08,13,17,FALSE
Female,Loyal Customer,32,Business Travel,Business,1633,2,2,2,2,5,5,5,5,5,5,5,3,5,3.92,0,10,TRUE
Female,Loyal Customer,39,Personal Travel,Eco,158,3,4,3,5,4,3,4,4,4,3,4,4,4,3.77,0,0,FALSE
Male,Loyal Customer,33,Business Travel,Business,456,2,5,2,5,2,1,2,2,4,4,3,4,2,2.92,26,17,FALSE
Female,Disloyal Customer,23,Business Travel,Eco,674,3,3,3,4,1,3,1,1,5,3,4,3,1,2.69,4,27,FALSE
Male,Disloyal Customer,23,Business Travel,Business,549,4,4,4,2,3,4,3,3,3,5,4,3,3,3.46,67,74,TRUE
Female,Loyal Customer,43,Business Travel,Business,308,4,2,2,2,4,3,3,4,4,4,4,2,2,3.08,0,0,FALSE
Male,Loyal Customer,31,Business Travel,Business,319,4,4,4,4,4,4,4,4,5,1,3,2,4,3.62,1,0,TRUE
Male,Loyal Customer,38,Business Travel,Business,89,5,5,4,5,2,1,4,4,4,4,4,2,1,3.46,0,0,TRUE
Female,Loyal Customer,33,Business Travel,Eco Plus,929,5,5,5,5,5,5,5,5,1,3,1,3,5,4.08,0,1,TRUE
Male,Loyal Customer,43,Business Travel,Business,2989,1,1,1,1,2,3,4,4,4,4,4,2,2,2.54,0,0,TRUE
Female,Disloyal Customer,36,Business Travel,Eco,771,2,2,2,1,3,2,3,3,4,3,2,3,3,2.54,12,14,FALSE
Male,Disloyal Customer,54,Business Travel,Eco,1237,3,3,3,3,1,3,1,1,3,2,3,3,1,2.31,0,11,FALSE
Male,Loyal Customer,39,Personal Travel,Business,390,4,5,4,3,1,1,1,1,1,4,1,5,4,2.69,0,0,TRUE
Female,Loyal Customer,35,Business Travel,Eco,395,2,4,4,4,2,2,2,2,4,1,3,3,2,2.69,0,0,FALSE
Female,Loyal Customer,57,Personal Travel,Eco,873,2,1,3,3,4,4,3,2,2,3,2,3,4,2.77,0,0,FALSE
Male,Disloyal Customer,38,Business Travel,Eco,258,1,2,0,2,2,0,2,2,3,1,1,4,2,1.69,0,0,FALSE
Female,Loyal Customer,62,Personal Travel,Eco,599,2,2,1,3,5,2,4,3,3,1,3,3,1,2.54,1,4,FALSE
Female,Disloyal Customer,38,Business Travel,Eco,207,1,3,1,5,5,1,5,5,5,2,3,5,5,3.54,0,0,FALSE
Male,Loyal Customer,34,Business Travel,Business,2657,2,2,2,2,4,5,4,5,5,5,5,5,3,3.77,0,0,TRUE
Female,Loyal Customer,44,Personal Travel,Eco,990,4,5,4,5,4,5,5,3,3,4,3,4,5,4.15,0,16,FALSE
Female,Loyal Customer,35,Business Travel,Business,2454,3,2,2,2,2,2,3,3,3,3,3,1,1,2.31,1,0,FALSE
Male,Loyal Customer,58,Personal Travel,Eco,393,2,2,2,3,3,2,3,3,3,4,3,4,3,2.85,15,1,FALSE
Female,Loyal Customer,55,Personal Travel,Eco,406,1,5,1,3,3,2,2,2,2,1,2,1,2,2.08,100,96,FALSE
Male,Loyal Customer,42,Business Travel,Business,3791,4,4,3,4,2,2,4,5,5,5,5,4,3,3.85,0,0,TRUE
Female,Loyal Customer,23,Business Travel,Business,2182,5,5,5,5,5,5,5,5,1,3,4,5,5,4.46,0,2,TRUE
Male,Loyal Customer,66,Personal Travel,Eco,595,2,1,2,3,5,2,5,5,4,1,4,1,5,3.08,0,0,FALSE
Male,Loyal Customer,49,Personal Travel,Eco,725,3,1,3,2,1,3,1,1,2,2,2,3,1,1.92,0,0,FALSE
Male,Loyal Customer,60,Business Travel,Eco Plus,83,4,1,1,1,4,4,4,5,3,4,4,4,4,3.31,195,186,TRUE
Female,Loyal Customer,15,Personal Travel,Eco,528,3,2,3,4,3,3,3,3,4,5,3,4,3,3.31,0,0,FALSE
Male,Loyal Customer,69,Personal Travel,Eco,369,1,4,1,3,4,1,4,4,4,2,3,4,4,3,5,0,FALSE
Female,Loyal Customer,52,Business Travel,Business,1871,2,2,2,2,3,5,4,4,4,4,4,3,5,3.38,11,5,TRUE
Male,Loyal Customer,39,Business Travel,Eco,109,3,3,3,3,3,3,3,3,1,4,2,5,3,3,0,0,TRUE
Female,Loyal Customer,9,Business Travel,Eco,546,3,4,4,4,3,3,4,3,2,2,3,3,3,3.15,17,13,FALSE
Male,Loyal Customer,50,Personal Travel,Eco Plus,929,2,5,2,4,5,2,5,5,3,3,4,5,5,3.85,0,0,FALSE
Female,Loyal Customer,49,Personal Travel,Eco,751,4,5,4,1,4,4,4,5,5,4,5,4,5,4.15,0,0,FALSE
Male,Loyal Customer,39,Business Travel,Business,2974,1,1,1,1,3,4,5,4,4,4,4,3,4,3,0,0,TRUE
Male,Loyal Customer,42,Business Travel,Business,862,3,3,3,3,2,5,5,2,2,2,2,4,3,3,0,0,TRUE
Female,Loyal Customer,61,Business Travel,Business,3725,2,2,2,2,4,5,4,5,5,4,5,5,4,3.77,2,14,TRUE
Male,Disloyal Customer,22,Business Travel,Eco,476,3,4,3,4,1,3,1,1,4,2,5,5,1,2.85,0,0,FALSE
Female,Disloyal Customer,39,Business Travel,Business,157,4,4,4,3,1,4,1,1,3,4,5,3,1,2.92,0,0,FALSE
Male,Loyal Customer,7,Personal Travel,Business,473,1,2,3,4,1,3,1,1,2,1,4,3,1,2.08,87,78,FALSE
Male,Loyal Customer,7,Personal Travel,Eco,951,4,4,4,2,5,4,5,5,2,4,4,5,5,4.08,86,126,FALSE
Male,Loyal Customer,17,Personal Travel,Eco,643,2,5,2,3,3,2,3,3,3,3,4,3,3,3,111,101,FALSE
Male,Disloyal Customer,27,Business Travel,Business,590,3,3,3,5,4,3,4,4,4,4,5,5,4,3.92,0,12,FALSE
Female,Loyal Customer,34,Personal Travel,Eco,1121,1,2,1,3,4,1,4,4,2,5,4,2,4,2.85,51,56,FALSE
Female,Disloyal Customer,27,Business Travel,Business,304,4,4,4,3,2,4,3,2,1,3,4,3,2,3,16,17,FALSE
Female,Loyal Customer,64,Business Travel,Eco,120,2,3,3,3,5,4,2,1,1,2,1,2,4,2.54,49,33,TRUE
Female,Loyal Customer,56,Business Travel,Eco Plus,351,3,3,3,3,4,2,2,3,3,3,3,4,3,3,0,0,FALSE
Male,Loyal Customer,35,Personal Travel,Eco,404,4,4,4,2,5,4,5,5,4,5,5,3,5,4.23,0,0,FALSE
Female,Disloyal Customer,25,Business Travel,Eco,110,2,3,1,3,5,1,5,5,1,4,1,4,5,3.08,7,0,FALSE
Female,Disloyal Customer,52,Business Travel,Eco,503,3,2,3,3,3,3,3,3,3,1,4,4,3,2.92,0,0,FALSE
Male,Loyal Customer,50,Business Travel,Business,3100,1,1,1,1,4,5,4,3,3,4,3,5,5,3.08,94,113,TRUE
Male,Loyal Customer,17,Personal Travel,Business,822,2,5,3,2,4,3,4,4,4,5,4,3,4,3.62,0,0,FALSE
Male,Loyal Customer,7,Personal Travel,Eco,925,2,5,2,1,3,2,3,3,5,4,2,1,3,2.77,0,1,FALSE
Female,Disloyal Customer,37,Business Travel,Business,405,3,3,3,4,1,3,1,1,4,3,5,3,1,2.69,105,129,FALSE
Male,Loyal Customer,58,Business Travel,Business,337,0,0,0,4,2,4,5,2,2,2,2,3,3,2.23,48,45,TRUE
Male,Disloyal Customer,32,Business Travel,Eco,772,2,2,2,3,2,5,5,4,3,3,3,5,5,3.38,126,135,FALSE
Female,Disloyal Customer,16,Business Travel,Eco,757,4,4,4,4,1,4,1,1,2,5,5,5,1,3.15,0,0,TRUE
Female,Loyal Customer,21,Personal Travel,Eco Plus,405,3,4,3,3,2,3,2,2,5,3,4,3,2,3,21,19,FALSE
Male,Loyal Customer,39,Personal Travel,Eco,1587,3,3,3,3,1,3,1,1,1,3,3,4,1,2.31,7,1,FALSE
Female,Loyal Customer,42,Business Travel,Eco,566,5,3,3,3,3,2,2,4,4,5,4,1,2,3.15,0,0,TRUE
Male,Loyal Customer,60,Business Travel,Eco,1448,5,1,1,1,4,5,4,4,3,4,3,5,4,3.38,0,0,TRUE
Male,Loyal Customer,52,Personal Travel,Eco,1303,4,5,4,5,4,4,4,4,4,3,5,2,4,4,0,0,TRUE
Male,Loyal Customer,63,Personal Travel,Business,116,2,1,2,3,2,2,3,2,2,2,2,4,3,2.31,0,0,FALSE
Male,Loyal Customer,44,Business Travel,Eco,788,5,5,4,4,5,5,5,5,1,1,3,4,5,4,0,0,TRUE
Female,Disloyal Customer,35,Business Travel,Eco,2565,1,1,1,1,3,1,3,3,3,3,3,4,3,2.31,0,0,FALSE
Male,Loyal Customer,68,Personal Travel,Eco Plus,639,4,4,4,2,3,4,3,3,5,3,5,3,3,3.54,4,0,TRUE
Male,Loyal Customer,7,Personal Travel,Eco Plus,226,1,4,1,3,1,1,1,1,3,3,3,3,1,2,0,0,FALSE
Male,Disloyal Customer,23,Business Travel,Eco,987,5,5,5,4,1,5,1,1,3,3,4,5,1,3.31,0,0,TRUE
Female,Loyal Customer,37,Personal Travel,Eco,834,4,4,5,2,2,5,2,2,4,5,5,5,2,3.62,1,1,TRUE
Female,Disloyal Customer,21,Business Travel,Eco,192,4,0,4,4,1,4,4,1,5,4,4,5,1,3.15,0,0,TRUE
Male,Disloyal Customer,10,Business Travel,Eco,834,2,2,2,3,2,2,2,2,2,4,4,4,2,2.54,0,12,FALSE
Male,Loyal Customer,51,Business Travel,Eco,214,2,4,4,4,1,2,1,1,2,3,4,2,1,2.38,0,5,FALSE
Female,Loyal Customer,64,Business Travel,Business,1857,2,1,1,1,3,3,4,1,1,1,2,1,3,1.85,38,41,FALSE
Male,Loyal Customer,54,Business Travel,Eco,314,1,4,4,4,2,1,2,2,4,1,3,4,2,2.62,0,21,FALSE
Female,Loyal Customer,42,Personal Travel,Eco Plus,1379,3,5,3,5,2,5,1,4,4,3,4,4,4,3.62,19,19,FALSE
Female,Loyal Customer,60,Business Travel,Eco,631,2,2,2,2,2,2,2,3,3,3,2,2,2,2.23,296,286,FALSE
Male,Loyal Customer,38,Business Travel,Business,2205,5,4,5,5,5,5,5,5,2,5,4,5,5,4.62,104,147,TRUE
Female,Loyal Customer,49,Business Travel,Business,1723,5,5,5,5,4,5,5,4,4,4,4,5,5,4.62,0,0,TRUE
Male,Loyal Customer,40,Business Travel,Business,414,2,2,2,2,2,4,4,5,5,5,5,3,5,3.54,7,7,TRUE
Male,Loyal Customer,11,Personal Travel,Eco,262,2,5,0,4,3,0,3,3,2,1,4,1,3,2.38,0,0,FALSE
Male,Loyal Customer,45,Business Travel,Business,2139,3,3,5,3,5,5,5,5,5,5,5,3,5,4.38,0,0,TRUE
Female,Loyal Customer,53,Personal Travel,Eco,173,1,4,1,3,1,1,1,4,4,1,4,1,1,2.08,81,85,FALSE
Female,Loyal Customer,67,Personal Travel,Eco,2586,2,4,2,3,2,1,1,4,3,4,5,1,1,2.54,0,0,FALSE
Female,Loyal Customer,44,Business Travel,Business,1628,2,2,2,2,1,4,1,5,5,5,5,5,3,3.23,16,3,TRUE
Female,Loyal Customer,50,Business Travel,Eco,1892,2,1,1,1,1,2,4,2,2,2,2,2,4,2,0,0,FALSE
Female,Loyal Customer,46,Business Travel,Business,594,1,1,1,1,4,5,4,5,5,5,5,3,3,3.31,37,32,TRUE
Female,Loyal Customer,54,Business Travel,Business,1735,2,4,4,4,3,4,4,2,2,2,2,4,1,2.92,7,9,FALSE
Male,Loyal Customer,46,Business Travel,Business,2453,4,4,4,4,5,5,5,3,3,4,3,3,5,4,0,3,TRUE
Male,Loyal Customer,40,Business Travel,Business,3693,2,2,4,2,5,4,4,4,4,4,4,5,5,3.77,0,0,TRUE
Female,Disloyal Customer,38,Business Travel,Eco Plus,323,1,1,1,3,2,1,2,2,1,2,4,4,2,2,16,18,FALSE
Male,Loyal Customer,40,Business Travel,Business,2687,4,2,4,4,4,4,5,5,5,5,5,4,5,4.31,1,0,TRUE
Female,Disloyal Customer,20,Business Travel,Eco,929,4,4,4,2,4,4,4,4,1,2,2,3,4,3.23,0,0,TRUE
Male,Disloyal Customer,38,Business Travel,Eco,387,2,0,2,4,5,2,5,5,3,5,2,3,5,3.31,0,0,FALSE
Male,Loyal Customer,55,Business Travel,Business,1660,1,1,1,1,2,4,5,3,3,3,3,3,5,2.69,15,0,TRUE
Female,Loyal Customer,9,Personal Travel,Eco,867,3,4,3,1,5,3,5,5,3,2,5,5,5,3.77,4,2,FALSE
Male,Loyal Customer,42,Business Travel,Business,2475,3,3,4,3,5,5,5,4,4,4,4,5,5,4.15,6,0,TRUE
Female,Loyal Customer,36,Business Travel,Business,3918,3,3,1,3,2,5,4,4,4,4,4,3,4,3.38,0,0,TRUE
Male,Disloyal Customer,39,Business Travel,Business,2583,4,5,5,4,5,5,5,5,2,4,5,5,5,4.54,0,0,FALSE
Male,Loyal Customer,24,Personal Travel,Eco,222,2,1,2,4,5,2,5,5,4,5,3,3,5,3.54,0,0,FALSE
Male,Loyal Customer,63,Business Travel,Eco,462,2,5,5,5,2,2,2,2,4,1,2,4,2,2.92,0,0,TRUE
Male,Loyal Customer,41,Personal Travel,Eco,248,4,4,4,5,5,4,5,5,5,3,5,3,5,4.38,0,0,FALSE
Male,Loyal Customer,66,Personal Travel,Eco,862,3,5,3,1,5,3,5,5,3,4,5,4,5,3.92,31,16,FALSE
Male,Loyal Customer,48,Personal Travel,Eco,625,3,3,3,5,3,3,3,3,2,1,3,4,3,3,68,99,FALSE
Male,Loyal Customer,40,Business Travel,Eco,1035,5,1,1,1,5,5,5,5,5,4,4,3,5,3.77,74,58,TRUE
Male,Disloyal Customer,25,Business Travel,Business,1506,1,3,1,2,3,1,3,3,3,3,3,4,3,2.54,0,2,FALSE
Female,Loyal Customer,55,Business Travel,Business,1535,0,3,0,4,4,4,4,1,1,1,1,3,1,2.08,20,30,TRUE
Male,Loyal Customer,46,Business Travel,Eco,1005,2,3,3,3,2,2,2,2,4,3,2,1,2,2.38,0,0,FALSE
Male,Loyal Customer,42,Business Travel,Business,2256,1,1,1,1,5,4,4,5,5,5,4,4,4,3.38,9,5,TRUE
Female,Loyal Customer,42,Business Travel,Business,3163,4,4,5,4,3,5,5,5,5,4,5,3,4,4.31,0,0,TRUE
Female,Loyal Customer,57,Business Travel,Business,1390,2,2,2,2,3,5,4,4,4,4,4,3,4,3.31,0,0,TRUE
Male,Disloyal Customer,29,Business Travel,Eco,602,4,3,4,3,5,4,5,5,4,2,4,2,5,3.85,15,8,FALSE
Female,Disloyal Customer,26,Business Travel,Eco,1208,3,4,4,4,5,4,5,5,4,3,1,4,5,3.92,0,0,FALSE
Male,Loyal Customer,19,Personal Travel,Eco,464,2,5,2,3,3,2,3,3,3,3,5,3,3,3.08,28,16,FALSE
Female,Disloyal Customer,26,Business Travel,Business,187,2,5,2,4,4,2,5,4,5,3,5,3,4,3.69,4,3,FALSE
Male,Loyal Customer,15,Personal Travel,Eco,1303,1,4,2,1,1,2,1,1,4,4,5,4,1,2.38,0,22,FALSE
Male,Loyal Customer,56,Business Travel,Business,3750,4,4,4,4,4,2,4,5,5,5,5,1,4,3.92,0,0,TRUE
Female,Disloyal Customer,37,Business Travel,Eco,228,2,0,2,2,2,2,4,2,2,5,2,4,2,2.38,0,0,FALSE
Male,Disloyal Customer,28,Business Travel,Eco,519,3,4,2,4,5,2,5,5,5,1,5,4,5,3.85,0,0,FALSE
Female,Disloyal Customer,59,Business Travel,Eco Plus,192,3,4,4,4,2,3,2,2,1,5,3,3,2,2.92,16,18,FALSE
Male,Loyal Customer,43,Personal Travel,Eco,581,4,5,4,2,5,4,5,5,4,3,4,3,5,4.08,0,0,FALSE
Female,Loyal Customer,30,Business Travel,Business,545,2,5,5,5,2,2,2,2,4,2,3,4,2,3.08,0,0,FALSE
Male,Loyal Customer,35,Business Travel,Business,1627,0,5,0,5,3,5,5,3,3,3,3,1,5,3.15,0,0,TRUE
Male,Loyal Customer,36,Business Travel,Business,1937,1,1,1,1,1,3,3,4,4,4,5,2,4,2.62,0,0,TRUE
Male,Loyal Customer,10,Personal Travel,Eco,1235,3,5,3,2,3,3,5,3,3,3,4,4,3,3.38,9,0,FALSE
Male,Loyal Customer,25,Business Travel,Business,3018,1,1,1,1,5,5,5,5,4,5,4,5,5,3.62,4,8,TRUE
Female,Loyal Customer,22,Business Travel,Business,1400,5,5,5,5,5,5,5,5,2,3,2,5,5,4.38,0,14,TRUE
Female,Loyal Customer,65,Personal Travel,Eco Plus,1846,0,4,0,2,3,4,1,2,2,0,2,5,2,2.08,0,0,TRUE
Male,Loyal Customer,51,Business Travel,Business,1460,2,2,2,2,4,4,5,4,4,5,4,5,5,3.69,35,28,TRUE
Male,Loyal Customer,36,Business Travel,Eco,569,4,5,5,5,4,4,4,4,5,3,4,4,4,4.23,0,0,TRUE
Male,Loyal Customer,58,Business Travel,Eco,761,3,5,5,5,2,3,2,2,2,5,4,3,2,3.31,82,85,TRUE
Male,Loyal Customer,39,Personal Travel,Eco,468,3,5,3,3,3,3,4,3,3,4,4,4,3,3.46,0,9,FALSE
Female,Loyal Customer,40,Business Travel,Business,177,5,5,5,5,2,5,4,5,5,5,4,5,1,4.31,0,0,TRUE
Female,Loyal Customer,32,Business Travel,Business,163,3,3,3,3,5,4,3,5,1,2,3,1,5,3.15,0,0,TRUE
Female,Loyal Customer,52,Business Travel,Business,3734,4,4,4,4,3,4,5,5,5,5,5,5,4,4.38,0,0,TRUE
Female,Loyal Customer,53,Business Travel,Business,3075,1,0,0,4,1,3,3,5,5,0,5,1,1,2.23,0,0,FALSE
Male,Loyal Customer,26,Business Travel,Business,214,1,1,1,1,4,4,5,4,3,4,5,3,4,3.08,0,0,TRUE
Male,Loyal Customer,37,Business Travel,Business,190,2,2,2,2,4,4,5,4,4,4,5,4,1,3.31,3,46,TRUE
Male,Loyal Customer,51,Business Travel,Business,3173,3,3,2,3,3,5,4,3,3,4,3,4,5,3.46,2,0,TRUE
Female,Disloyal Customer,38,Business Travel,Eco,337,4,4,3,1,2,3,2,2,2,4,4,1,2,2.62,0,0,FALSE
Female,Loyal Customer,53,Business Travel,Business,3610,3,5,5,5,2,2,3,3,3,3,3,3,4,3.38,13,7,FALSE
Female,Loyal Customer,20,Personal Travel,Eco,853,1,5,2,1,2,2,2,2,3,3,5,4,2,2.62,5,0,FALSE
Male,Loyal Customer,52,Personal Travel,Eco,372,2,5,2,2,1,2,1,1,5,3,4,3,1,2.46,12,6,FALSE
Male,Loyal Customer,45,Business Travel,Business,2576,5,5,5,5,3,5,5,5,5,5,5,3,5,4.69,7,13,TRUE
Male,Loyal Customer,23,Personal Travel,Eco,1075,2,2,2,4,4,2,4,4,4,1,3,4,4,3.08,4,0,FALSE
Male,Loyal Customer,35,Business Travel,Business,192,4,4,4,4,1,1,1,4,4,4,4,2,3,3.08,0,0,TRUE
Female,Loyal Customer,22,Personal Travel,Eco,305,4,5,4,1,1,4,4,1,1,3,4,5,1,2.92,61,58,FALSE
Male,Loyal Customer,43,Personal Travel,Eco,516,3,2,4,3,2,4,2,2,3,5,3,3,2,2.92,1,0,FALSE
Female,Loyal Customer,37,Business Travel,Business,3336,4,3,1,3,4,4,3,4,4,4,4,3,4,3.46,32,30,FALSE
Male,Loyal Customer,61,Business Travel,Eco,201,5,1,1,1,5,5,5,5,3,1,2,4,5,3.31,0,0,TRUE
Female,Loyal Customer,37,Personal Travel,Business,2496,2,2,2,3,2,4,4,3,4,2,3,4,4,3,0,0,FALSE
Female,Loyal Customer,58,Business Travel,Business,189,4,4,4,4,3,4,4,4,4,4,4,3,5,3.92,5,0,TRUE
Female,Disloyal Customer,63,Personal Travel,Eco,776,5,5,4,4,3,4,3,3,5,2,5,3,3,3.77,7,,TRUE
Female,Loyal Customer,51,Personal Travel,Eco,647,4,5,4,1,5,5,3,5,5,4,1,1,3,3.54,22,11,FALSE
Male,Loyal Customer,9,Personal Travel,Eco,1345,2,1,2,2,5,2,5,5,4,4,3,3,5,3.31,0,0,FALSE
Male,Loyal Customer,33,Personal Travel,Eco,777,1,5,1,5,1,1,1,1,3,4,5,4,1,2.54,6,0,FALSE
Female,Loyal Customer,67,Personal Travel,Eco,407,1,4,1,1,1,3,5,5,5,1,5,1,3,2.77,8,1,FALSE
Male,Loyal Customer,49,Business Travel,Eco Plus,740,5,4,4,4,5,5,5,5,4,1,1,4,5,4,2,9,TRUE
Male,Disloyal Customer,23,Business Travel,Eco,651,0,0,1,4,3,1,3,3,4,3,5,5,3,2.69,2,0,TRUE
Male,Loyal Customer,45,Business Travel,Eco,481,4,2,2,2,4,4,4,4,3,4,2,3,4,3.23,0,0,TRUE
Female,Loyal Customer,49,Business Travel,Business,944,4,4,5,4,3,5,4,3,3,4,3,4,4,3.85,29,20,TRUE
Male,Loyal Customer,48,Business Travel,Business,2236,3,4,4,4,2,3,3,3,3,3,3,4,1,3.08,3,0,FALSE
Male,Loyal Customer,34,Business Travel,Eco Plus,689,5,3,3,3,5,5,5,5,4,4,1,5,5,4.08,0,,TRUE
Male,Loyal Customer,50,Business Travel,Business,3353,2,2,2,2,4,4,5,5,5,5,5,3,3,3.62,0,2,TRUE
Female,Loyal Customer,54,Personal Travel,Eco,308,1,5,1,4,2,4,5,2,2,1,3,4,3,2.85,7,0,FALSE
Male,Disloyal Customer,28,Business Travel,Business,679,0,0,0,4,2,0,2,2,5,2,4,3,2,2,3,0,TRUE
Female,Loyal Customer,55,Business Travel,Business,3482,4,4,4,4,4,5,4,5,2,5,5,4,4,4.15,135,167,TRUE
Female,Loyal Customer,61,Personal Travel,Business,936,4,5,4,2,1,4,1,3,3,4,3,1,2,2.85,3,0,FALSE
Male,Loyal Customer,54,Business Travel,Eco,1081,2,1,1,1,2,2,2,2,3,1,3,4,2,2,49,58,FALSE
Female,Loyal Customer,17,Business Travel,Business,2535,4,4,4,4,4,4,4,4,3,3,4,3,4,3.77,0,1,TRUE
Male,Disloyal Customer,38,Business Travel,Business,282,1,1,1,4,1,1,1,1,3,4,5,3,1,2.08,26,21,FALSE
Female,Loyal Customer,68,Personal Travel,Eco,391,3,4,3,3,2,4,4,1,1,3,5,3,5,3.15,12,0,FALSE
Female,Loyal Customer,49,Business Travel,Business,2565,3,2,3,3,4,4,4,4,3,5,4,4,4,3.62,2,16,TRUE
Female,Disloyal Customer,45,Business Travel,Business,814,4,4,4,4,3,4,1,3,3,4,4,3,3,3.38,6,5,TRUE
Female,Loyal Customer,48,Business Travel,Business,456,1,1,1,1,4,2,2,5,5,5,5,2,1,2.69,0,0,TRUE
Male,Loyal Customer,62,Personal Travel,Eco,236,4,4,4,4,1,4,1,1,3,5,5,3,1,3.08,0,0,TRUE
Male,Loyal Customer,63,Personal Travel,Eco,358,3,4,3,3,5,3,5,5,5,2,5,3,5,3.92,0,0,FALSE
Female,Loyal Customer,38,Business Travel,Business,3889,5,5,1,5,4,4,4,4,4,5,4,3,4,4,0,0,TRUE
Male,Loyal Customer,40,Business Travel,Business,1105,5,5,5,5,4,3,3,3,3,5,4,3,3,3.92,271,270,TRUE
Male,Loyal Customer,37,Personal Travel,Eco Plus,683,1,4,1,1,4,1,3,4,5,3,5,4,4,3.08,8,8,FALSE
Female,Loyal Customer,29,Personal Travel,Eco,1174,2,4,1,1,5,1,5,5,3,4,3,3,5,3.23,0,0,FALSE
Male,Loyal Customer,31,Business Travel,Business,1107,4,4,4,4,5,5,5,5,4,2,4,4,5,4.23,14,1,TRUE
Male,Loyal Customer,38,Personal Travel,Business,1190,2,5,2,2,3,5,4,4,4,2,4,3,5,3.46,0,0,FALSE
Female,Loyal Customer,79,Business Travel,Eco,564,5,5,5,5,3,1,1,5,5,5,5,3,2,3.85,2,20,TRUE
Female,Loyal Customer,18,Business Travel,Eco Plus,253,5,2,2,2,5,5,4,5,5,2,2,1,5,3.46,5,0,TRUE
Male,Disloyal Customer,23,Business Travel,Business,543,4,5,4,3,3,4,3,3,5,2,5,4,3,3.69,0,1,TRUE
Female,Disloyal Customer,55,Business Travel,Eco Plus,1587,2,2,2,2,2,2,2,2,4,5,3,3,2,2.54,0,9,FALSE
Female,Loyal Customer,44,Business Travel,Business,569,3,3,3,3,5,4,4,4,4,4,4,5,4,3.85,1,2,TRUE
Female,Loyal Customer,19,Personal Travel,Eco Plus,3365,2,5,2,4,2,3,3,5,5,3,2,3,3,3.23,0,0,FALSE
Female,Loyal Customer,46,Business Travel,Business,1990,5,5,5,5,2,5,3,2,2,2,2,5,4,3.62,0,0,TRUE
Female,Loyal Customer,30,Personal Travel,Eco,641,3,5,3,1,4,3,4,4,4,2,4,3,4,3.38,55,44,FALSE
Female,Loyal Customer,54,Personal Travel,Eco,784,1,4,1,3,2,3,3,2,2,1,2,2,4,2.31,0,13,FALSE
Female,Loyal Customer,22,Business Travel,Business,3518,5,5,5,5,5,5,3,5,2,3,5,2,5,4.23,0,23,TRUE
Female,Loyal Customer,29,Business Travel,Business,1428,2,2,2,2,3,3,3,3,3,5,3,4,3,2.92,0,0,TRUE
Female,Loyal Customer,40,Business Travel,Eco,446,2,5,2,5,2,2,2,2,2,2,1,2,2,2.38,3,10,FALSE
Female,Loyal Customer,25,Business Travel,Eco,987,4,2,2,2,4,4,4,4,4,3,3,4,4,3.38,0,0,TRUE
Male,Loyal Customer,64,Personal Travel,Eco,101,3,5,3,3,1,3,1,1,5,4,5,4,1,3,0,2,FALSE
Male,Disloyal Customer,32,Business Travel,Business,328,1,1,1,5,4,1,4,4,4,2,5,3,4,3,0,0,FALSE
Female,Loyal Customer,54,Personal Travel,Eco,363,4,4,4,3,3,5,5,5,5,4,5,3,5,4.23,0,0,TRUE
Male,Loyal Customer,49,Personal Travel,Eco,209,3,2,3,2,4,3,4,4,4,4,1,3,4,3.15,2,2,FALSE
Male,Loyal Customer,52,Business Travel,Business,3581,4,4,4,4,4,4,4,2,1,3,3,4,4,3.46,256,274,TRUE
Male,Loyal Customer,30,Business Travel,Eco,2434,2,3,3,3,2,2,2,2,4,3,3,4,2,2.69,4,0,FALSE
Female,Loyal Customer,42,Business Travel,Business,1514,2,2,2,2,2,5,4,5,5,5,5,5,5,3.77,0,0,TRUE
Female,Loyal Customer,48,Personal Travel,Eco,1389,0,4,0,4,2,2,2,3,3,0,3,4,1,2.15,0,0,TRUE
Male,Loyal Customer,48,Personal Travel,Business,369,0,1,0,4,2,3,3,5,5,0,1,3,3,2.31,14,13,TRUE
Female,Loyal Customer,63,Business Travel,Business,1121,1,3,5,3,3,4,4,1,1,1,1,4,1,2.46,10,10,FALSE
Female,Loyal Customer,20,Personal Travel,Eco,227,3,4,3,4,2,3,2,2,5,2,5,5,2,3.23,40,64,FALSE
Male,Loyal Customer,33,Personal Travel,Eco,760,3,5,3,1,1,3,1,1,5,2,5,3,1,2.62,0,16,FALSE
Male,Loyal Customer,16,Business Travel,Business,1532,4,4,4,4,4,4,4,4,5,4,4,4,4,4.08,0,0,TRUE
Female,Loyal Customer,50,Personal Travel,Eco,828,3,5,3,3,5,5,4,2,2,3,2,5,4,3.54,81,79,FALSE
Female,Loyal Customer,41,Business Travel,Business,3768,3,3,3,3,4,4,4,4,4,4,4,5,4,3.77,0,0,TRUE
Male,Loyal Customer,53,Business Travel,Eco,895,3,3,3,3,3,3,3,3,1,4,3,1,3,2.77,23,26,FALSE
Male,Loyal Customer,59,Business Travel,Business,1756,2,2,2,2,1,3,1,4,4,4,4,4,1,2.62,26,15,TRUE
Female,Loyal Customer,48,Business Travel,Eco,1444,1,2,2,2,4,4,3,1,1,1,1,2,3,2.08,0,0,FALSE
Female,Loyal Customer,45,Business Travel,Eco,209,1,2,2,2,5,4,3,1,1,1,1,1,4,2.15,7,4,FALSE
Female,Disloyal Customer,24,Business Travel,Business,402,4,4,4,3,1,4,1,1,3,1,2,4,1,2.54,0,3,TRUE
Female,Loyal Customer,41,Personal Travel,Eco,250,1,5,1,3,3,1,3,3,4,4,3,2,3,2.77,45,32,FALSE
Male,Loyal Customer,45,Personal Travel,Eco,236,0,4,0,5,2,0,2,2,3,2,4,5,2,2.38,2,1,TRUE
Female,Loyal Customer,44,Personal Travel,Eco,1587,4,4,4,4,5,4,4,2,2,4,2,4,5,3.69,18,22,FALSE
Female,Loyal Customer,65,Personal Travel,Eco,746,2,5,2,3,5,5,4,3,3,2,1,4,4,3.31,4,0,FALSE
Male,Loyal Customer,27,Personal Travel,Eco,67,2,5,2,3,4,2,4,4,3,3,5,3,4,3.38,6,15,FALSE
Female,Loyal Customer,60,Business Travel,Eco,129,5,3,3,3,4,1,5,5,5,5,5,2,1,3.62,0,1,TRUE
Male,Loyal Customer,9,Personal Travel,Business,1416,2,4,1,3,1,4,4,4,4,4,4,4,4,3.31,147,147,FALSE
Male,Loyal Customer,55,Business Travel,Eco,641,3,1,5,1,3,3,3,3,3,1,4,1,3,2.62,38,85,FALSE
Male,Disloyal Customer,38,Business Travel,Business,223,3,3,3,4,5,3,5,5,3,2,4,3,5,3.69,0,0,FALSE
Male,Loyal Customer,44,Business Travel,Business,920,5,5,5,5,2,5,4,4,4,4,4,4,3,4.15,0,0,TRUE
Female,Loyal Customer,32,Personal Travel,Eco,227,4,4,0,2,5,0,5,5,3,2,5,4,5,3.38,0,8,FALSE
Male,Loyal Customer,39,Business Travel,Business,3421,3,3,4,3,4,5,4,4,4,4,4,4,5,3.92,0,0,TRUE
Male,Loyal Customer,39,Business Travel,Business,345,5,5,2,5,3,4,5,4,4,4,4,4,4,4.08,0,0,TRUE
Female,Disloyal Customer,9,Business Travel,Eco Plus,515,3,3,3,3,3,3,3,3,3,1,4,3,3,2.92,3,0,FALSE
Male,Loyal Customer,45,Business Travel,Business,601,1,1,1,1,3,5,5,4,4,4,4,4,4,3.15,14,0,TRUE
Male,Disloyal Customer,23,Business Travel,Eco,647,4,0,4,1,5,4,5,5,3,2,4,3,5,3.46,6,0,FALSE
Male,Loyal Customer,32,Business Travel,Business,2305,1,1,1,1,4,4,4,4,5,3,4,3,4,3,0,0,TRUE
Male,Loyal Customer,52,Personal Travel,Eco,639,0,4,0,3,4,0,4,4,3,2,4,3,4,2.69,64,53,TRUE
Male,Loyal Customer,37,Business Travel,Business,2711,4,4,4,4,2,4,5,4,4,4,4,4,4,3.92,0,0,TRUE
Male,Loyal Customer,31,Personal Travel,Eco Plus,1744,3,4,3,3,5,3,5,5,5,5,4,3,5,4.08,0,0,FALSE
Male,Disloyal Customer,20,Business Travel,Eco,395,4,0,4,3,1,4,2,1,4,4,3,1,1,2.46,0,0,FALSE
Female,Disloyal Customer,40,Business Travel,Business,589,2,2,2,3,4,2,4,4,3,3,4,4,4,3.15,0,0,FALSE
Female,Loyal Customer,38,Business Travel,Business,3474,2,4,4,4,4,3,4,2,2,2,2,2,3,2.92,0,0,FALSE
Female,Loyal Customer,65,Personal Travel,Eco Plus,787,2,5,2,3,4,1,4,3,3,2,3,5,5,3.23,0,0,FALSE
Female,Disloyal Customer,21,Business Travel,Eco,975,5,5,5,2,5,1,3,1,4,1,4,3,3,3.23,0,0,TRUE
Female,Loyal Customer,39,Business Travel,Business,3576,3,2,3,3,2,4,4,3,3,4,3,4,3,3.15,20,115,TRUE
Male,Disloyal Customer,29,Business Travel,Business,542,1,2,2,3,2,2,2,2,3,5,3,4,2,2.54,0,0,FALSE
Male,Loyal Customer,49,Business Travel,Business,544,3,3,3,3,4,4,5,4,4,5,4,5,3,3.85,0,0,TRUE
Male,Loyal Customer,51,Personal Travel,Eco,268,3,2,3,3,3,3,3,3,4,3,3,4,3,3.08,0,0,FALSE
Male,Loyal Customer,42,Business Travel,Business,594,3,3,3,3,4,4,5,4,4,4,4,3,5,3.77,0,0,TRUE
Female,Loyal Customer,29,Business Travel,Business,584,1,0,0,3,4,0,4,4,4,1,4,3,4,2.46,2,0,FALSE
Female,Loyal Customer,47,Business Travel,Business,1144,4,4,4,4,5,4,4,4,4,5,4,3,3,4,8,1,TRUE
Female,Loyal Customer,35,Business Travel,Business,2838,2,3,3,3,2,3,3,2,2,2,2,3,1,2.38,0,0,FALSE
Female,Loyal Customer,42,Business Travel,Business,1568,3,5,5,5,2,3,3,3,3,3,3,3,2,3.31,0,7,FALSE
Male,Loyal Customer,37,Personal Travel,Eco Plus,323,4,5,4,2,5,4,5,5,1,4,2,1,5,3.62,0,0,TRUE
Male,Loyal Customer,44,Business Travel,Eco,508,3,5,5,5,2,3,2,2,2,3,3,3,2,3.08,77,71,FALSE
Female,Loyal Customer,47,Personal Travel,Eco,1217,1,0,1,3,4,4,4,4,4,1,2,3,4,2.69,0,0,FALSE
Male,Loyal Customer,19,Personal Travel,Eco,226,3,5,3,5,3,3,3,3,5,3,5,3,3,3.62,0,0,FALSE
Male,Disloyal Customer,21,Business Travel,Eco,882,2,2,2,3,3,2,5,3,4,5,3,3,3,3.08,14,6,FALSE
Female,Loyal Customer,60,Personal Travel,Eco,834,3,2,3,3,3,4,3,1,1,3,3,3,1,2.54,48,32,FALSE
Male,Loyal Customer,49,Personal Travel,Eco,529,2,4,2,3,4,2,4,4,3,4,4,4,4,3.38,119,111,FALSE
Male,Loyal Customer,46,Personal Travel,Eco,867,2,3,2,3,5,2,5,5,1,5,2,3,5,3.31,0,0,FALSE
Female,Loyal Customer,33,Business Travel,Business,2565,2,4,4,4,5,4,4,2,2,2,2,2,1,2.92,0,0,FALSE
Male,Disloyal Customer,25,Business Travel,Business,214,2,5,2,4,2,2,2,2,5,3,4,3,2,2.92,0,0,FALSE
Male,Loyal Customer,63,Personal Travel,Eco,432,2,5,2,3,1,2,1,1,4,3,4,4,1,2.54,0,0,FALSE
Female,Loyal Customer,17,Personal Travel,Eco,1237,2,3,1,3,5,1,5,5,2,2,3,1,5,2.92,0,58,FALSE
Male,Loyal Customer,26,Business Travel,Business,2586,1,3,3,3,1,1,1,1,1,4,2,3,1,1.92,46,20,FALSE
Male,Loyal Customer,17,Business Travel,Eco,1044,5,2,2,2,5,5,4,5,2,2,3,4,5,3.54,0,0,TRUE
Male,Disloyal Customer,29,Business Travel,Business,1608,3,3,3,1,5,3,5,5,3,3,4,4,5,3.62,0,0,FALSE
Female,Loyal Customer,43,Personal Travel,Eco,967,3,1,3,2,4,3,2,4,4,3,4,1,1,2.69,0,0,FALSE
Female,Loyal Customer,14,Personal Travel,Eco,1046,3,4,4,5,5,4,3,5,3,5,4,3,5,4.08,50,48,FALSE
Female,Loyal Customer,56,Personal Travel,Eco,474,2,4,2,5,5,4,2,3,3,2,3,5,3,3.31,0,0,FALSE
Female,Loyal Customer,29,Personal Travel,Eco,1050,2,4,2,3,2,2,2,2,5,4,4,5,2,3,0,0,FALSE
Female,Loyal Customer,38,Personal Travel,Eco,266,2,0,0,3,5,0,5,5,5,2,4,4,5,3.08,85,105,FALSE
Female,Loyal Customer,30,Business Travel,Business,3499,1,1,1,1,5,5,5,5,5,4,2,3,5,3.31,32,9,TRUE
Female,Disloyal Customer,35,Business Travel,Eco Plus,1733,2,2,2,4,3,2,3,3,4,1,3,2,3,2.62,6,0,FALSE
Male,Loyal Customer,58,Business Travel,Business,409,2,2,2,2,2,5,4,4,4,4,4,5,3,3.31,11,25,TRUE
Female,Loyal Customer,38,Personal Travel,Eco,1558,3,4,3,3,2,3,2,2,5,2,5,4,2,3.08,16,17,FALSE
Female,Loyal Customer,47,Business Travel,Business,2586,4,4,4,4,3,4,3,4,4,4,4,4,2,3.69,0,0,TRUE
Female,Loyal Customer,53,Business Travel,Eco,589,3,3,3,3,3,2,3,3,3,3,3,2,3,2.85,22,45,FALSE
Male,Loyal Customer,47,Business Travel,Eco,1747,5,4,4,4,5,5,5,5,2,1,4,5,5,4.15,22,23,TRUE
Female,Loyal Customer,53,Business Travel,Business,1430,1,1,1,1,5,5,4,5,5,5,5,3,4,3.46,12,18,TRUE
Female,Loyal Customer,28,Personal Travel,Eco,936,4,5,4,2,3,4,3,3,3,2,4,5,3,3.46,41,39,FALSE
Female,Loyal Customer,34,Personal Travel,Eco,1237,3,4,3,2,5,3,5,5,5,3,5,3,5,3.92,0,7,FALSE
Male,Loyal Customer,70,Personal Travel,Eco,383,1,1,1,4,4,1,4,4,1,2,4,4,4,2.69,40,26,FALSE
Female,Loyal Customer,29,Business Travel,Business,1089,1,4,4,4,1,1,1,1,1,2,4,4,1,2.23,0,0,FALSE
Male,Loyal Customer,39,Business Travel,Business,3169,3,2,3,3,2,4,5,4,4,4,4,5,3,3.54,0,0,TRUE
Female,Disloyal Customer,22,Business Travel,Eco,493,1,5,1,2,3,1,3,3,1,1,3,1,3,2.15,0,0,FALSE
Male,Loyal Customer,43,Business Travel,Business,731,2,3,3,3,1,3,3,2,2,2,2,2,2,2.31,62,77,FALSE
Female,Disloyal Customer,22,Business Travel,Business,417,0,0,0,5,4,0,4,4,5,2,4,5,4,2.85,96,98,TRUE
Female,Disloyal Customer,21,Business Travel,Eco,368,4,1,4,3,3,4,3,3,3,1,4,2,3,2.92,24,15,FALSE
Male,Disloyal Customer,26,Business Travel,Business,294,2,4,3,3,5,3,5,5,4,2,4,2,5,3.62,0,0,FALSE
Female,Loyal Customer,29,Personal Travel,Eco,1389,3,5,3,1,4,3,4,4,4,5,5,4,4,3.77,37,38,FALSE
Male,Loyal Customer,69,Personal Travel,Eco,507,2,4,2,3,4,2,4,4,3,5,4,3,4,3.38,30,11,FALSE
Male,Loyal Customer,45,Business Travel,Eco,164,5,3,3,3,5,5,5,5,2,1,3,2,5,3.62,0,0,TRUE
Male,Loyal Customer,35,Business Travel,Business,1009,5,5,5,5,2,4,5,4,4,4,4,3,5,4.23,0,0,TRUE
Female,Loyal Customer,8,Personal Travel,Eco,493,2,5,2,1,2,2,2,2,4,5,4,3,2,2.77,61,73,FALSE
Female,Loyal Customer,52,Business Travel,Eco,248,4,2,2,2,3,2,3,4,4,4,4,1,3,2.92,0,0,TRUE
Female,Loyal Customer,18,Personal Travel,Eco,783,2,4,2,2,3,2,4,3,5,4,4,5,3,3.31,32,41,FALSE
Female,Disloyal Customer,30,Business Travel,Eco,189,4,2,4,3,3,4,3,3,4,1,4,2,3,3.08,0,35,FALSE
Male,Loyal Customer,51,Business Travel,Business,1440,5,5,5,5,3,3,4,4,4,4,4,3,3,4,9,3,TRUE
Female,Loyal Customer,65,Business Travel,Business,2193,2,4,4,4,1,2,3,2,2,2,2,2,1,2.38,14,12,FALSE
Male,Loyal Customer,51,Personal Travel,Eco,2475,1,1,1,3,5,1,5,5,2,1,3,4,5,2.85,12,12,FALSE
Female,Loyal Customer,53,Business Travel,Business,1672,2,2,2,2,3,4,5,5,5,5,5,5,3,3.69,3,22,TRUE
Male,Loyal Customer,47,Business Travel,Business,728,4,4,2,4,2,4,5,4,4,4,4,4,5,3.85,0,0,TRUE
Female,Disloyal Customer,39,Business Travel,Business,247,2,2,2,1,2,2,2,2,4,2,5,4,2,2.46,0,0,FALSE
Male,Loyal Customer,38,Personal Travel,Eco,561,4,5,4,5,5,4,5,5,5,4,5,5,5,4.69,0,0,TRUE
Male,Loyal Customer,43,Business Travel,Business,3774,1,1,1,1,4,4,5,5,5,5,5,3,4,3.38,67,72,TRUE
Male,Loyal Customer,57,Business Travel,Business,3285,3,1,1,1,4,4,3,3,3,2,3,2,1,2.38,0,0,FALSE
Male,Loyal Customer,63,Business Travel,Eco,788,3,2,2,2,3,3,3,3,4,2,1,2,3,2.54,6,0,TRUE
Female,Loyal Customer,27,Personal Travel,Eco,372,1,5,1,3,2,1,4,2,3,2,3,5,2,2.62,0,0,FALSE
Female,Loyal Customer,45,Personal Travel,Eco,1211,1,0,1,2,4,5,5,1,1,1,1,4,4,2.31,32,18,FALSE
Male,Disloyal Customer,32,Business Travel,Business,395,4,4,4,4,4,4,4,4,4,3,5,4,4,4,0,0,FALSE
Male,Disloyal Customer,25,Business Travel,Eco,651,2,4,2,3,5,2,3,5,4,4,3,3,5,3.46,0,0,FALSE
Female,Disloyal Customer,21,Business Travel,Eco,296,1,2,1,4,1,1,1,1,3,5,4,2,1,2.08,0,0,FALSE
Male,Loyal Customer,59,Business Travel,Eco,325,2,4,4,4,2,2,2,2,4,2,3,3,2,2.77,23,17,FALSE
Female,Disloyal Customer,21,Business Travel,Eco,402,5,2,5,1,4,2,4,4,3,2,5,5,4,3.54,0,0,TRUE
Male,Loyal Customer,20,Personal Travel,Eco,674,5,4,5,4,5,5,3,5,5,5,4,5,5,4.62,15,5,TRUE
Female,Loyal Customer,34,Business Travel,Eco,227,4,4,4,4,4,4,4,4,1,4,3,1,4,3.46,0,0,TRUE
Male,Disloyal Customer,38,Business Travel,Eco,475,0,5,0,4,1,0,1,1,4,3,2,5,1,2.08,0,0,TRUE
Female,Loyal Customer,31,Business Travel,Business,1012,3,5,5,5,3,3,3,3,1,4,2,1,3,3.15,75,83,FALSE
Male,Loyal Customer,59,Business Travel,Eco,1009,4,4,4,4,4,4,4,4,3,5,1,2,4,3.62,0,0,TRUE
Female,Loyal Customer,37,Business Travel,Eco,160,5,1,1,1,5,5,5,5,1,4,3,2,5,3.31,87,78,TRUE
Male,Disloyal Customer,39,Business Travel,Eco,694,3,3,3,2,3,3,3,3,2,3,4,3,3,2.92,67,67,FALSE
Female,Loyal Customer,24,Business Travel,Business,1438,5,5,5,5,5,5,5,5,5,4,5,3,5,4.77,32,40,TRUE
Female,Loyal Customer,65,Personal Travel,Business,912,2,5,2,2,3,4,5,5,5,2,5,3,3,3.54,7,11,FALSE
Female,Loyal Customer,9,Business Travel,Eco,898,1,3,3,3,1,3,1,4,5,3,2,1,1,2.38,323,311,FALSE
Female,Loyal Customer,49,Business Travel,Business,2729,3,3,3,3,5,3,2,1,1,1,3,1,2,2.38,0,0,FALSE
Male,Loyal Customer,56,Business Travel,Business,588,2,2,2,2,4,4,5,4,4,4,4,3,5,3.46,0,0,TRUE
Female,Loyal Customer,52,Business Travel,Business,3309,5,5,5,5,4,4,5,5,5,5,5,5,3,4.69,32,28,TRUE
Female,Disloyal Customer,49,Business Travel,Eco,1121,4,4,4,2,4,4,4,4,1,3,5,2,4,3.46,0,0,FALSE
Male,Loyal Customer,55,Business Travel,Business,321,0,0,0,4,5,5,5,5,5,5,5,4,4,3.62,25,25,TRUE
Female,Loyal Customer,30,Personal Travel,Eco Plus,192,2,4,0,4,4,0,2,4,2,3,1,1,4,2.38,21,13,FALSE
Male,Loyal Customer,47,Business Travel,Eco,956,5,3,4,3,5,5,5,5,4,4,4,2,5,4.15,0,0,TRUE
Female,Loyal Customer,41,Business Travel,Business,2852,1,1,1,1,1,3,4,4,4,4,4,1,4,2.54,8,7,TRUE
Male,Disloyal Customer,38,Business Travel,Business,794,2,3,3,2,2,3,2,2,3,4,5,3,2,2.77,20,14,TRUE
Male,Loyal Customer,36,Business Travel,Business,369,5,2,5,5,3,2,2,5,5,5,5,3,2,3.77,0,0,TRUE
Female,Loyal Customer,24,Personal Travel,Eco,728,4,4,3,2,3,3,3,3,4,5,2,3,3,3.23,0,0,TRUE
Female,Loyal Customer,58,Business Travel,Business,184,2,1,1,1,3,4,3,3,3,3,2,3,3,2.46,14,,FALSE
Male,Disloyal Customer,44,Business Travel,Business,396,3,3,3,4,4,3,4,4,4,4,5,4,4,3.77,0,3,TRUE
Male,Loyal Customer,40,Personal Travel,Eco,1562,3,1,3,4,3,3,3,3,3,3,4,3,3,3,0,0,FALSE
Female,Disloyal Customer,14,Business Travel,Eco,872,1,1,1,4,3,1,3,3,2,5,4,2,3,2.54,61,33,FALSE
Female,Loyal Customer,47,Business Travel,Business,4502,3,3,2,3,4,4,4,4,5,5,5,4,4,3.85,0,20,TRUE
Male,Loyal Customer,43,Personal Travel,Eco,726,4,5,4,3,3,4,3,3,4,4,4,1,3,3.46,0,0,FALSE
Female,Disloyal Customer,44,Business Travel,Eco,361,3,2,3,3,2,3,2,2,2,1,3,4,2,2.46,0,9,FALSE
Male,Loyal Customer,21,Business Travel,Business,1753,4,4,4,4,4,4,4,4,4,3,3,1,4,3.62,5,0,FALSE
Male,Loyal Customer,70,Personal Travel,Eco,1620,4,5,4,4,2,4,2,2,4,4,5,4,2,3.54,0,0,FALSE
Male,Loyal Customer,45,Business Travel,Business,1968,2,2,5,2,2,5,5,4,4,4,4,3,3,3.46,10,1,TRUE
Male,Loyal Customer,34,Business Travel,Business,327,4,5,5,5,2,2,3,4,4,4,4,2,3,3.62,30,20,FALSE
Male,Disloyal Customer,34,Business Travel,Eco,696,1,1,1,3,3,1,3,3,3,3,4,1,3,2.31,0,0,FALSE
Male,Disloyal Customer,30,Business Travel,Business,1576,4,4,4,2,2,4,2,2,4,3,5,4,2,3.23,0,0,FALSE
Male,Loyal Customer,54,Personal Travel,Eco,321,4,5,4,4,3,4,1,3,2,5,2,2,3,3.23,7,24,FALSE
Female,Loyal Customer,10,Personal Travel,Eco,1892,0,4,0,3,3,0,4,3,2,1,4,2,3,2.23,7,0,TRUE
Female,Loyal Customer,52,Business Travel,Eco,102,4,4,4,4,3,5,4,4,4,4,4,4,3,3.92,0,0,TRUE
Male,Loyal Customer,42,Business Travel,Business,446,1,1,1,1,4,4,5,4,4,4,4,3,3,3,77,79,TRUE
Male,Loyal Customer,52,Business Travel,Business,2634,2,5,2,2,5,5,5,4,4,4,4,3,5,3.85,0,0,TRUE
Female,Disloyal Customer,14,Business Travel,Eco,920,2,2,2,4,4,2,4,4,5,2,4,5,4,3.38,0,0,FALSE
Male,Loyal Customer,43,Business Travel,Business,3917,4,2,2,2,2,3,4,4,4,4,4,3,3,3.15,0,0,FALSE
Female,Loyal Customer,37,Business Travel,Business,283,2,2,2,2,5,4,4,4,4,4,4,5,3,3.46,0,0,TRUE
Female,Disloyal Customer,24,Business Travel,Eco,431,1,0,1,4,4,1,4,4,3,4,4,5,4,3,10,1,FALSE
Male,Loyal Customer,17,Personal Travel,Eco Plus,1069,2,2,2,4,5,2,4,5,4,4,3,3,5,3.46,31,29,FALSE
Male,Loyal Customer,33,Business Travel,Eco,319,4,5,5,5,4,3,4,4,1,1,4,1,4,3.46,3,1,FALSE
Male,Disloyal Customer,22,Business Travel,Eco,937,4,4,4,1,3,4,3,3,4,4,4,4,3,3.46,0,0,TRUE
Male,Loyal Customer,56,Business Travel,Eco,925,2,3,3,3,2,2,2,2,3,3,3,1,2,2.38,1,0,FALSE
Female,Disloyal Customer,44,Business Travel,Eco Plus,402,2,2,2,2,5,2,5,5,2,1,1,2,5,2.77,0,0,FALSE
Female,Disloyal Customer,20,Business Travel,Eco,737,1,1,1,3,5,1,2,5,4,4,5,3,5,3.08,2,0,FALSE
Male,Loyal Customer,49,Business Travel,Business,1337,5,5,5,5,5,4,5,5,5,5,5,3,4,4.69,26,58,TRUE
Male,Disloyal Customer,58,Business Travel,Eco,377,1,1,1,3,3,1,2,3,3,1,3,3,3,2.15,65,111,FALSE
Male,Loyal Customer,45,Business Travel,Eco Plus,229,3,1,1,1,4,3,4,4,3,5,4,3,4,3.08,0,3,TRUE
Female,Disloyal Customer,21,Business Travel,Business,308,2,2,2,4,3,2,3,3,2,3,3,2,3,2.62,11,10,FALSE
Male,Loyal Customer,20,Business Travel,Business,404,1,3,3,3,1,2,1,1,1,5,4,2,1,2.15,60,46,FALSE
Female,Loyal Customer,63,Personal Travel,Eco Plus,712,1,4,1,3,5,4,5,2,2,1,2,5,4,3,30,16,FALSE
Male,Loyal Customer,41,Business Travel,Business,1741,4,4,4,4,5,5,5,2,2,2,2,4,5,3.69,0,0,TRUE
Male,Disloyal Customer,20,Business Travel,Eco,507,2,4,2,3,3,2,3,3,1,5,4,2,3,2.85,34,36,FALSE
Female,Loyal Customer,48,Personal Travel,Eco,157,3,3,3,4,1,4,3,4,4,3,1,2,4,3,0,0,FALSE
Male,Disloyal Customer,27,Business Travel,Eco,183,3,3,3,3,2,3,2,2,3,3,3,4,2,2.77,0,0,FALSE
Female,Loyal Customer,61,Business Travel,Business,3507,1,1,4,1,4,4,5,4,4,4,5,2,1,3.08,0,0,TRUE
Female,Disloyal Customer,24,Business Travel,Business,1081,4,0,4,1,2,4,2,2,4,5,4,5,2,3,0,0,TRUE
Female,Loyal Customer,50,Business Travel,Business,3728,5,5,5,5,5,5,4,4,4,4,4,4,3,4.38,0,0,TRUE
Female,Loyal Customer,44,Business Travel,Business,441,3,3,3,3,1,2,5,4,4,4,4,2,5,3.31,23,4,TRUE
Female,Disloyal Customer,25,Business Travel,Business,235,1,4,1,1,4,1,4,4,5,4,4,5,4,3.23,0,13,FALSE
Male,Loyal Customer,16,Personal Travel,Business,481,2,4,2,2,1,2,1,1,5,5,5,2,1,2.54,0,0,FALSE
Male,Loyal Customer,69,Personal Travel,Eco,488,3,1,3,4,5,3,5,5,3,1,3,4,5,3.46,12,14,FALSE
Male,Loyal Customer,55,Personal Travel,Eco,1050,1,5,1,2,4,1,4,4,4,2,5,4,4,3.15,0,0,FALSE
Male,Loyal Customer,67,Personal Travel,Business,158,2,5,0,4,5,5,5,2,2,0,2,4,5,3.15,36,34,FALSE
Male,Disloyal Customer,40,Business Travel,Eco,975,1,2,2,4,2,3,3,4,1,3,1,3,3,2.46,18,47,FALSE
Male,Loyal Customer,38,Business Travel,Eco Plus,102,3,2,2,2,3,3,3,3,4,3,3,2,3,2.77,0,10,FALSE
Male,Loyal Customer,19,Business Travel,Business,2147,4,4,3,4,4,4,4,4,5,3,2,1,4,3.54,54,58,TRUE
Male,Loyal Customer,66,Business Travel,Business,393,2,3,3,3,4,3,4,2,2,2,2,3,1,2.62,0,0,FALSE
Female,Disloyal Customer,23,Business Travel,Eco,282,1,4,1,4,4,1,4,4,4,1,3,2,4,2.85,34,30,FALSE
Female,Loyal Customer,53,Business Travel,Eco,356,3,3,3,3,2,3,3,3,3,3,3,3,4,3,0,6,FALSE
Female,Disloyal Customer,36,Business Travel,Eco,359,3,1,3,4,3,3,3,3,3,1,4,3,3,2.85,42,35,FALSE
Female,Loyal Customer,56,Business Travel,Business,3738,2,2,2,2,3,5,5,5,5,5,5,4,4,3.77,9,0,TRUE
Male,Loyal Customer,33,Business Travel,Eco Plus,328,4,3,3,3,4,4,4,4,4,4,4,2,4,3.62,17,11,FALSE
Female,Loyal Customer,50,Business Travel,Business,1050,3,1,1,1,4,3,2,3,3,3,3,4,4,2.69,0,0,FALSE
Female,Loyal Customer,35,Business Travel,Business,821,2,2,2,2,3,5,4,5,5,5,5,3,5,3.69,26,39,TRUE
Male,Loyal Customer,42,Business Travel,Business,1811,2,2,2,2,4,4,5,5,5,4,5,3,3,3.54,0,0,TRUE
Female,Loyal Customer,32,Business Travel,Business,501,1,1,1,1,5,5,5,5,3,2,5,5,5,3.38,55,41,TRUE
Male,Loyal Customer,34,Personal Travel,Eco Plus,1892,3,2,3,2,5,3,5,5,4,1,2,1,5,3.15,10,9,FALSE
Female,Loyal Customer,59,Business Travel,Business,2584,4,4,2,4,3,5,4,5,5,5,5,4,3,4.08,96,73,TRUE
Female,Loyal Customer,30,Personal Travel,Eco,562,3,4,3,5,3,3,3,3,4,2,5,3,3,3.38,7,0,FALSE
Male,Disloyal Customer,24,Business Travel,Eco,1084,3,2,2,2,1,2,1,1,4,5,4,5,1,2.54,45,42,FALSE
Female,Disloyal Customer,52,Business Travel,Eco,912,2,2,2,3,5,2,5,5,2,1,2,2,5,2.92,0,0,FALSE
Male,Loyal Customer,46,Personal Travel,Eco,813,2,4,2,3,1,2,1,1,4,3,5,3,1,2.46,0,0,FALSE
Female,Disloyal Customer,72,Business Travel,Eco Plus,475,2,2,2,3,4,2,1,4,4,2,4,3,4,2.85,70,58,FALSE
Female,Loyal Customer,46,Business Travel,Business,1201,4,4,4,4,5,3,3,4,4,4,4,4,3,3.85,3,0,FALSE
Female,Loyal Customer,67,Personal Travel,Eco,2419,3,2,3,4,1,4,3,5,5,3,3,2,2,3.08,6,2,FALSE
Female,Disloyal Customer,50,Business Travel,Eco,458,3,0,3,4,4,3,4,4,3,4,3,4,4,3.31,0,0,FALSE
Female,Loyal Customer,38,Business Travel,Business,3433,1,1,1,1,4,4,5,4,4,5,4,4,5,3.31,36,29,TRUE
Female,Loyal Customer,54,Personal Travel,Eco,363,4,2,4,4,3,4,4,3,3,4,3,2,1,3.15,0,0,FALSE
Female,Loyal Customer,42,Business Travel,Business,794,1,1,5,1,3,4,4,5,5,5,5,4,4,3.62,0,0,TRUE
Female,Loyal Customer,21,Business Travel,Business,2438,3,2,2,2,3,3,3,3,1,1,2,3,3,2.38,0,0,FALSE
Male,Disloyal Customer,22,Business Travel,Eco,746,1,1,1,1,1,1,1,4,4,2,5,1,1,1.85,213,221,FALSE
Male,Loyal Customer,51,Business Travel,Business,2435,3,3,3,3,5,4,5,5,5,4,5,3,5,4.08,0,0,TRUE
Female,Loyal Customer,19,Personal Travel,Eco,967,2,2,1,3,1,1,1,1,3,5,3,2,1,2,14,0,FALSE
Male,Loyal Customer,56,Business Travel,Eco,715,5,5,5,5,5,5,5,5,1,1,1,2,5,3.85,0,0,TRUE
Female,Loyal Customer,25,Business Travel,Eco,936,3,5,5,5,3,3,4,3,2,4,3,3,3,3.54,21,16,FALSE
Male,Loyal Customer,48,Business Travel,Business,2491,5,5,5,5,5,4,5,5,5,5,5,3,5,4.77,0,0,TRUE
Male,Loyal Customer,18,Business Travel,Business,925,3,3,3,3,5,5,5,5,3,1,1,1,5,3.31,12,0,TRUE
Male,Loyal Customer,47,Business Travel,Business,3836,0,4,0,4,5,4,4,5,5,5,5,5,3,3.77,0,7,TRUE
Male,Loyal Customer,42,Business Travel,Business,2475,3,3,3,3,4,3,4,5,5,5,5,4,5,4,0,0,TRUE
Female,Loyal Customer,51,Business Travel,Business,3541,3,3,4,3,3,5,4,3,3,3,3,4,3,3.38,0,0,TRUE
Female,Loyal Customer,45,Personal Travel,Eco,431,2,1,3,3,2,3,3,2,2,3,2,3,4,2.54,0,0,FALSE
Male,Loyal Customer,38,Business Travel,Business,2209,5,5,3,5,3,5,5,5,5,5,5,4,5,4.62,3,9,TRUE
Female,Loyal Customer,36,Personal Travel,Eco Plus,448,3,5,3,3,3,3,3,3,4,2,5,3,3,3.31,0,0,FALSE
Female,Disloyal Customer,23,Business Travel,Business,861,0,0,0,3,3,0,3,3,3,4,4,3,3,2.23,0,10,TRUE
Female,Loyal Customer,61,Business Travel,Business,305,2,2,3,2,5,1,1,3,3,4,3,2,4,2.69,15,8,TRUE
Female,Loyal Customer,66,Personal Travel,Eco,1576,5,4,5,2,2,3,5,3,3,5,3,4,3,3.62,0,0,TRUE
Female,Loyal Customer,30,Personal Travel,Eco,1226,2,1,2,3,2,2,2,2,2,2,3,4,2,2.23,34,31,FALSE
Male,Loyal Customer,20,Personal Travel,Eco Plus,247,3,4,3,1,4,3,4,4,5,3,5,5,4,3.69,0,0,FALSE
Male,Loyal Customer,55,Personal Travel,Eco,1670,2,1,2,3,3,2,3,3,1,2,2,1,3,2.15,0,0,FALSE
Male,Disloyal Customer,28,Business Travel,Business,634,4,4,4,4,3,4,2,3,4,2,4,3,3,3.38,0,9,TRUE
Female,Loyal Customer,36,Personal Travel,Eco,448,3,3,3,4,5,3,1,5,1,3,4,2,5,3.23,0,0,FALSE
Female,Loyal Customer,44,Business Travel,Business,862,3,3,3,3,4,2,3,4,4,4,4,1,5,3.31,0,0,TRUE
Female,Loyal Customer,56,Business Travel,Business,1575,1,1,1,1,3,4,4,5,5,5,5,4,3,3.23,0,4,TRUE
Male,Loyal Customer,47,Business Travel,Business,1076,1,1,1,1,3,4,5,2,2,2,2,3,4,2.38,95,60,TRUE
Male,Loyal Customer,18,Personal Travel,Eco,516,2,1,2,3,1,2,1,1,4,2,3,2,1,1.92,0,6,FALSE
Male,Loyal Customer,20,Personal Travel,Business,965,4,4,4,4,4,4,4,1,4,4,3,4,4,3.69,368,357,TRUE
Male,Loyal Customer,46,Business Travel,Eco,406,3,3,3,3,3,3,3,3,1,1,3,3,3,2.69,89,74,FALSE
Female,Loyal Customer,42,Business Travel,Eco,956,4,1,1,1,5,1,4,3,3,4,3,5,2,2.85,0,0,TRUE
Female,Disloyal Customer,26,Personal Travel,Eco,936,2,2,3,3,2,3,3,2,4,2,3,1,2,2.46,0,0,FALSE
Female,Disloyal Customer,22,Business Travel,Eco,602,1,4,1,4,4,1,4,4,2,1,4,3,4,2.85,35,27,FALSE
Female,Loyal Customer,48,Business Travel,Business,760,1,1,1,1,4,5,4,5,5,5,5,3,5,3.46,0,0,TRUE
Female,Loyal Customer,36,Business Travel,Business,2721,1,5,5,5,4,3,4,1,1,1,1,4,4,3,0,13,FALSE
Female,Loyal Customer,47,Business Travel,Eco Plus,109,4,1,5,5,2,2,3,4,4,4,4,5,4,3.62,0,0,TRUE
Female,Loyal Customer,34,Personal Travel,Eco,1190,4,5,4,1,5,4,5,5,3,4,3,5,5,4.08,0,0,TRUE
Male,Disloyal Customer,25,Business Travel,Business,1017,5,0,5,3,3,5,3,3,5,3,4,3,3,3.46,0,0,TRUE
Female,Loyal Customer,54,Personal Travel,Eco Plus,1276,3,4,2,3,3,5,5,3,3,2,3,3,5,3.38,4,16,FALSE
Female,Loyal Customer,49,Personal Travel,Eco,1211,2,2,2,3,2,1,3,2,2,2,2,1,3,2.08,1,0,FALSE
Female,Loyal Customer,26,Business Travel,Business,2607,3,5,5,5,3,3,3,3,4,3,3,2,3,3.46,0,0,FALSE
Female,Loyal Customer,45,Business Travel,Business,834,2,4,4,4,3,3,4,2,2,2,2,2,3,2.85,0,0,FALSE
Male,Disloyal Customer,22,Business Travel,Eco Plus,479,3,2,3,3,1,3,4,1,3,4,2,2,1,2.46,33,26,FALSE
Male,Loyal Customer,36,Business Travel,Business,829,2,3,3,3,1,4,3,2,2,2,2,1,1,2.23,18,10,FALSE
Female,Disloyal Customer,32,Business Travel,Eco,983,3,3,3,3,4,3,5,4,3,3,3,2,4,3.31,0,7,FALSE
Female,Loyal Customer,48,Business Travel,Business,557,3,3,3,3,5,2,1,5,5,5,5,2,2,3.38,13,31,TRUE
Female,Loyal Customer,34,Personal Travel,Eco,147,4,4,0,3,4,0,4,4,5,4,5,5,4,3.54,0,0,TRUE
Male,Loyal Customer,57,Personal Travel,Eco,2475,4,4,4,4,1,4,1,1,3,2,4,4,1,2.85,0,1,TRUE
Male,Loyal Customer,36,Personal Travel,Business,169,4,4,4,4,4,5,5,4,4,4,4,5,3,4.15,0,0,FALSE
Male,Loyal Customer,48,Business Travel,Business,475,2,2,2,2,3,4,5,5,5,5,5,4,2,3.54,0,0,TRUE
Male,Loyal Customer,47,Business Travel,Business,2900,1,1,1,1,2,5,4,4,4,4,4,3,5,3,4,5,TRUE
Female,Loyal Customer,47,Personal Travel,Eco,787,1,5,1,5,2,4,5,1,1,1,1,3,5,2.69,0,0,FALSE
Male,Loyal Customer,53,Business Travel,Business,2114,3,3,3,3,2,5,4,4,4,4,4,4,3,3.54,0,0,TRUE
Female,Disloyal Customer,32,Business Travel,Business,419,2,2,2,1,2,2,2,2,3,4,5,4,2,2.54,1,0,FALSE
Female,Disloyal Customer,31,Business Travel,Eco Plus,888,3,3,3,4,1,3,2,1,4,2,3,4,1,2.62,8,26,FALSE
Male,Loyal Customer,20,Personal Travel,Eco,528,5,4,5,2,2,5,2,2,3,5,4,3,2,3.38,5,28,TRUE
Female,Loyal Customer,58,Business Travel,Eco,296,3,2,2,2,1,4,4,3,3,3,3,4,4,2.92,17,16,FALSE
Male,Loyal Customer,51,Personal Travel,Eco,1009,5,3,4,1,4,4,4,4,5,2,5,4,4,3.77,0,0,TRUE
Male,Loyal Customer,56,Business Travel,Business,930,4,4,4,4,5,5,5,2,2,2,2,3,3,3.46,0,0,TRUE
Male,Loyal Customer,47,Personal Travel,Eco,1371,3,4,3,1,2,3,2,2,3,5,4,5,2,3,1,0,FALSE
Female,Loyal Customer,39,Business Travel,Eco Plus,1091,4,2,2,2,4,4,4,4,3,1,4,1,4,3,0,20,TRUE
Male,Disloyal Customer,25,Business Travel,Eco,654,2,2,2,3,5,2,5,5,3,2,4,3,5,3.31,0,0,FALSE
Male,Loyal Customer,59,Business Travel,Business,1620,5,2,5,5,5,4,4,4,4,4,4,4,5,4.23,0,0,TRUE
Male,Loyal Customer,28,Business Travel,Eco,944,0,0,0,2,5,0,5,5,2,5,2,1,5,2.46,0,13,TRUE
Female,Loyal Customer,34,Business Travel,Business,2944,3,1,1,1,2,4,3,3,3,3,3,1,2,2.31,0,0,FALSE
Female,Loyal Customer,57,Business Travel,Business,270,1,1,3,1,3,5,5,5,5,5,5,5,5,3.77,36,27,TRUE
Male,Loyal Customer,23,Business Travel,Business,2389,2,2,2,2,5,5,5,5,5,5,1,3,5,3.62,0,0,TRUE
Female,Loyal Customer,42,Business Travel,Business,1407,1,1,1,1,2,4,4,5,5,5,5,3,5,3.23,5,27,TRUE
Male,Loyal Customer,43,Business Travel,Business,2419,5,5,5,5,2,3,5,4,4,4,4,5,3,4.15,47,31,TRUE
Male,Loyal Customer,45,Business Travel,Eco,333,3,2,2,2,3,3,3,3,2,1,4,4,3,2.69,0,0,FALSE
Female,Loyal Customer,49,Personal Travel,Eco,484,3,0,3,3,5,4,5,4,4,3,4,3,3,3.38,12,8,FALSE
Male,Loyal Customer,51,Business Travel,Eco,1276,4,3,2,2,4,4,4,4,3,5,4,3,4,3.54,0,0,FALSE
Male,Loyal Customer,66,Personal Travel,Eco,358,2,5,2,3,1,2,1,1,3,4,4,4,1,2.54,0,0,FALSE
Male,Loyal Customer,70,Personal Travel,Eco Plus,306,2,4,2,2,1,2,1,1,5,2,5,3,1,2.38,0,5,FALSE
Female,Disloyal Customer,17,Business Travel,Eco,529,2,4,2,3,3,2,3,3,2,5,4,4,3,3.08,0,0,FALSE
Female,Loyal Customer,46,Business Travel,Business,1977,4,4,4,4,3,5,5,4,4,4,4,5,4,4.15,1,0,TRUE
Female,Loyal Customer,41,Business Travel,Eco,677,3,3,3,3,3,3,3,3,3,1,3,1,3,2.69,0,0,FALSE
Male,Loyal Customer,55,Business Travel,Business,3930,3,3,3,3,3,5,5,3,3,3,3,3,3,3.31,0,3,TRUE
Male,Loyal Customer,13,Personal Travel,Eco,1616,1,5,1,1,3,1,3,3,4,5,4,3,3,2.85,23,0,FALSE
Male,Loyal Customer,43,Business Travel,Business,3042,1,1,1,1,3,5,5,5,5,5,5,5,3,3.46,0,3,TRUE
Male,Loyal Customer,38,Business Travel,Business,347,2,2,2,2,5,4,3,2,2,2,2,2,4,2.62,0,4,FALSE
Male,Loyal Customer,46,Business Travel,Business,3579,3,3,3,3,3,4,5,5,5,5,5,4,4,4,9,2,TRUE
Female,Loyal Customer,37,Business Travel,Business,1488,1,4,4,4,2,3,2,1,1,1,1,2,1,2.08,0,0,FALSE
Female,Loyal Customer,62,Personal Travel,Eco,821,2,2,2,4,3,3,4,4,4,2,5,4,4,3.31,4,13,FALSE
Female,Loyal Customer,60,Business Travel,Eco Plus,746,5,2,2,2,4,2,4,5,5,5,5,2,5,3.69,7,0,TRUE
Female,Disloyal Customer,38,Business Travel,Eco,139,1,1,1,3,1,1,1,1,1,5,3,1,1,1.62,1,14,FALSE
Male,Loyal Customer,18,Personal Travel,Eco,1407,1,4,1,3,1,1,1,1,3,4,5,3,1,2.23,34,50,FALSE
Male,Loyal Customer,29,Personal Travel,Eco,603,1,4,1,4,4,1,4,4,4,4,4,4,4,3.31,0,0,FALSE
Male,Loyal Customer,30,Business Travel,Business,2306,2,2,2,2,4,4,4,4,4,3,5,4,4,3.38,6,8,TRUE
Male,Loyal Customer,23,Personal Travel,Eco Plus,209,1,3,0,3,3,0,1,3,1,2,3,1,3,1.85,0,2,FALSE
Male,Loyal Customer,41,Business Travel,Eco,337,4,1,1,1,4,4,4,4,1,2,3,4,4,2.85,16,7,FALSE
Male,Loyal Customer,42,Business Travel,Business,1631,4,4,4,4,4,5,5,5,5,4,5,5,5,4.54,239,238,TRUE
Male,Loyal Customer,51,Personal Travel,Eco,2586,3,5,3,1,3,5,5,1,5,4,4,5,5,3.77,0,0,FALSE
Female,Disloyal Customer,44,Business Travel,Business,369,4,4,4,3,5,4,5,5,3,3,4,3,5,4,1,1,TRUE
Female,Loyal Customer,35,Business Travel,Eco Plus,173,5,1,1,1,5,5,5,5,4,2,1,4,5,3.38,0,0,TRUE
Male,Loyal Customer,47,Business Travel,Business,237,3,3,3,3,4,5,5,4,4,4,4,4,3,3.77,0,0,TRUE
Female,Loyal Customer,58,Business Travel,Business,507,4,4,4,4,5,5,4,5,5,5,5,5,3,4.46,1,0,TRUE
Female,Disloyal Customer,38,Business Travel,Eco,878,3,3,3,4,3,1,1,2,5,4,3,1,1,2.62,0,13,FALSE
Male,Disloyal Customer,34,Business Travel,Eco,337,3,0,4,1,2,4,2,2,1,2,2,3,2,2.15,0,1,FALSE
Female,Loyal Customer,31,Personal Travel,Eco Plus,296,2,5,2,2,3,2,3,3,3,2,4,4,3,2.92,0,0,FALSE
Female,Disloyal Customer,17,Business Travel,Eco,1226,4,4,4,3,4,4,4,4,2,1,3,4,4,3.46,0,0,FALSE
Male,Loyal Customer,61,Business Travel,Business,1810,5,5,5,5,5,3,5,2,2,3,2,3,3,3.69,0,0,TRUE
Male,Loyal Customer,57,Personal Travel,Eco,425,4,4,4,3,5,4,5,5,5,3,4,5,5,4.31,1,0,FALSE
Female,Loyal Customer,66,Personal Travel,Eco,679,5,3,5,4,3,3,3,4,4,5,1,2,2,3.38,0,0,TRUE
Male,Disloyal Customer,38,Business Travel,Business,273,4,4,4,3,5,4,5,5,3,5,4,5,5,4.31,0,0,TRUE
Male,Loyal Customer,40,Business Travel,Eco,396,4,4,4,4,4,4,4,4,1,1,3,1,4,3.23,7,30,TRUE
Male,Loyal Customer,39,Business Travel,Business,2208,3,4,4,4,1,2,1,3,3,3,3,4,4,3,79,74,FALSE
Female,Loyal Customer,46,Business Travel,Business,2356,2,1,1,1,3,3,3,2,2,2,2,3,3,2.15,23,9,FALSE
Male,Loyal Customer,50,Business Travel,Business,862,4,4,4,4,2,4,4,5,5,5,5,5,4,4.23,0,0,TRUE
Male,Loyal Customer,61,Personal Travel,Eco,323,3,5,3,1,4,3,3,4,4,4,5,1,4,3.38,21,39,FALSE
Female,Loyal Customer,46,Business Travel,Business,1935,2,2,2,2,5,4,4,5,5,5,4,3,3,3.54,0,0,TRUE
Female,Loyal Customer,31,Business Travel,Business,937,5,5,5,5,2,3,2,2,1,4,4,1,2,3.15,3,0,TRUE
Male,Disloyal Customer,27,Business Travel,Business,719,2,2,2,4,3,2,3,3,4,3,4,4,3,3,0,0,FALSE
Male,Loyal Customer,67,Business Travel,Business,432,1,1,1,1,2,4,4,4,4,4,4,4,4,2.92,0,4,TRUE
Female,Loyal Customer,22,Business Travel,Business,1682,1,1,1,1,4,4,4,4,5,5,3,5,4,3.23,2,4,TRUE
Female,Loyal Customer,57,Business Travel,Business,237,5,5,5,5,4,4,4,5,5,5,5,3,5,4.62,0,0,TRUE
Male,Loyal Customer,50,Business Travel,Business,3378,2,2,4,2,2,5,4,4,4,4,4,5,3,3.46,0,0,TRUE
Female,Loyal Customer,20,Business Travel,Eco Plus,1262,0,3,0,5,1,0,1,1,1,5,5,3,1,2,0,0,TRUE
Female,Loyal Customer,31,Business Travel,Business,250,1,1,1,1,5,5,5,5,5,4,4,3,5,3.46,0,0,TRUE
Male,Loyal Customer,67,Personal Travel,Eco,239,2,4,2,5,2,2,2,2,4,4,4,4,2,3,2,0,FALSE
Female,Disloyal Customer,30,Business Travel,Eco,696,4,5,5,4,1,5,1,1,3,5,1,3,1,3,1,2,FALSE
Male,Loyal Customer,34,Business Travel,Business,3281,4,3,2,2,2,3,3,4,4,4,4,4,1,3.08,5,3,FALSE
Male,Loyal Customer,49,Personal Travel,Eco,746,2,4,2,3,3,2,3,3,3,2,4,3,3,2.85,0,9,FALSE
Male,Disloyal Customer,25,Business Travel,Business,908,1,0,1,2,3,1,3,3,4,4,5,4,3,2.62,0,0,FALSE
Male,Loyal Customer,27,Business Travel,Business,1674,5,5,5,5,5,5,5,5,2,1,4,4,5,4.31,30,1,TRUE
Female,Loyal Customer,40,Business Travel,Eco Plus,705,5,4,4,4,5,5,5,5,3,3,4,2,5,4.15,34,13,TRUE
Male,Loyal Customer,33,Personal Travel,Eco,2521,1,2,2,4,2,2,1,1,5,4,3,1,1,2.23,24,23,FALSE
Female,Loyal Customer,24,Business Travel,Business,2174,2,2,2,2,5,5,5,5,5,4,5,4,5,3.92,14,16,TRUE
Female,Loyal Customer,33,Business Travel,Business,2884,4,5,4,4,3,3,4,4,4,4,4,3,3,3.77,0,4,TRUE
Male,Loyal Customer,41,Personal Travel,Eco,679,2,4,2,3,1,2,1,1,3,2,4,4,1,2.31,5,12,FALSE
Female,Disloyal Customer,42,Business Travel,Eco,253,1,0,1,4,4,1,4,4,5,3,3,3,4,2.85,0,0,FALSE
Male,Disloyal Customer,11,Business Travel,Eco,1111,2,2,2,4,2,3,3,3,3,3,3,3,3,2.77,327,303,FALSE
Female,Loyal Customer,36,Business Travel,Eco,807,4,5,5,5,4,4,4,4,2,5,4,3,4,4.08,28,39,FALSE
Female,Loyal Customer,35,Personal Travel,Eco,223,3,4,3,3,3,3,3,3,5,5,4,5,3,3.62,0,7,FALSE
Male,Loyal Customer,47,Personal Travel,Eco,325,3,3,3,2,2,3,2,2,3,4,3,3,2,2.69,0,0,FALSE
Female,Loyal Customer,53,Business Travel,Business,2360,3,3,3,3,5,5,5,3,3,3,3,3,4,3.54,8,6,TRUE
Male,Loyal Customer,43,Business Travel,Eco,1585,2,5,5,5,2,3,3,1,4,4,3,3,3,3.31,112,133,FALSE
Male,Loyal Customer,58,Business Travel,Business,3407,4,4,4,4,4,1,1,4,4,4,4,1,5,3.38,2,4,TRUE
Female,Disloyal Customer,43,Business Travel,Eco,1346,3,3,3,2,5,3,5,5,3,3,3,1,5,3.38,0,4,FALSE
Female,Disloyal Customer,21,Business Travel,Eco,337,2,0,2,5,1,2,1,1,5,3,1,5,1,2.23,1,0,FALSE
Female,Loyal Customer,27,Business Travel,Business,2976,2,1,1,1,2,2,2,2,1,2,3,1,2,1.69,0,44,FALSE
Male,Loyal Customer,23,Personal Travel,Eco,309,2,4,2,5,1,2,1,1,5,4,5,4,1,2.85,0,0,FALSE
Male,Loyal Customer,21,Personal Travel,Eco,631,1,5,1,3,1,1,1,1,4,2,5,4,1,2.31,0,0,FALSE
Female,Disloyal Customer,59,Business Travel,Eco,526,2,2,2,2,4,2,4,4,4,4,3,1,4,2.92,0,0,FALSE
Male,Loyal Customer,38,Business Travel,Business,744,2,2,2,2,1,2,4,5,5,5,5,3,5,3.31,18,26,TRUE
Female,Loyal Customer,64,Personal Travel,Eco Plus,163,3,5,3,4,5,4,5,4,4,3,5,5,3,4.08,0,0,FALSE
Female,Disloyal Customer,10,Business Travel,Eco,588,4,5,4,4,4,4,4,4,3,2,4,4,4,3.85,0,0,FALSE
Female,Loyal Customer,19,Personal Travel,Eco,1050,2,5,1,2,3,1,3,3,3,5,4,4,3,3,0,0,FALSE
Male,Loyal Customer,52,Business Travel,Business,2071,3,3,3,3,3,5,4,4,4,4,4,3,4,3.62,0,0,TRUE
Male,Loyal Customer,40,Business Travel,Business,1744,1,1,1,1,3,5,5,5,5,5,5,5,4,3.54,0,0,TRUE
Male,Loyal Customer,35,Business Travel,Eco,484,1,2,2,2,1,1,1,1,4,2,3,4,1,1.92,0,0,FALSE
Female,Loyal Customer,46,Business Travel,Business,328,4,4,4,4,3,5,4,3,3,4,3,3,5,3.77,0,3,TRUE
Female,Disloyal Customer,18,Business Travel,Eco,328,3,1,3,4,5,3,5,5,3,5,4,4,5,3.85,0,0,FALSE
Male,Loyal Customer,57,Business Travel,Business,769,5,5,3,5,5,4,5,4,4,4,4,5,5,4.46,0,3,TRUE
Male,Loyal Customer,30,Business Travel,Business,2307,4,4,4,4,4,3,4,4,2,1,2,2,4,3.23,7,16,FALSE
Male,Loyal Customer,58,Business Travel,Business,448,3,3,3,3,3,4,5,4,4,4,4,4,4,3.69,17,11,TRUE
Female,Loyal Customer,36,Business Travel,Business,3569,2,1,1,1,1,4,4,2,2,2,2,2,3,2.08,0,0,FALSE
Female,Loyal Customer,52,Personal Travel,Eco,190,2,5,2,1,5,4,4,2,2,2,2,4,3,2.92,115,102,FALSE
Male,Loyal Customer,42,Personal Travel,Eco Plus,1107,3,1,3,1,1,3,1,1,1,4,2,3,1,1.92,0,0,FALSE
Female,Loyal Customer,39,Business Travel,Business,2790,3,3,3,3,5,2,1,3,3,3,3,4,3,3,0,5,FALSE
Female,Disloyal Customer,31,Business Travel,Eco,1072,2,2,2,3,4,2,4,4,2,2,4,3,4,2.92,0,0,FALSE
Male,Loyal Customer,45,Business Travel,Eco,236,5,1,1,1,5,5,5,5,1,4,1,4,5,3.31,1,4,TRUE
Female,Loyal Customer,15,Personal Travel,Eco,621,1,5,2,1,3,2,3,3,4,3,5,3,3,2.92,25,14,FALSE
Male,Disloyal Customer,22,Business Travel,Eco,733,3,3,3,4,4,3,2,4,4,2,5,4,4,3.46,19,1,FALSE
Male,Loyal Customer,45,Business Travel,Business,1749,4,4,3,4,3,4,5,4,4,5,4,5,3,4,19,6,TRUE
Male,Loyal Customer,38,Business Travel,Business,125,2,5,5,5,3,3,4,2,2,2,2,4,1,3.08,0,0,FALSE
Male,Disloyal Customer,36,Business Travel,Business,226,4,4,4,3,1,4,1,1,3,4,4,3,1,2.85,0,0,FALSE
Female,Loyal Customer,24,Business Travel,Business,2662,3,5,5,5,3,3,3,3,3,3,3,2,3,3.38,52,32,FALSE
Female,Loyal Customer,23,Business Travel,Business,3671,4,4,4,4,5,5,5,5,5,5,5,4,5,4.62,74,84,TRUE
Female,Disloyal Customer,20,Business Travel,Eco,357,4,3,4,3,3,4,3,3,3,1,4,2,3,3.08,0,20,FALSE
Male,Loyal Customer,54,Business Travel,Business,3974,1,1,1,1,2,2,1,4,4,4,5,3,2,2.38,0,0,TRUE
Male,Loyal Customer,59,Personal Travel,Eco Plus,483,1,2,1,2,2,1,2,2,1,3,3,1,2,1.77,82,71,FALSE
Female,Loyal Customer,39,Personal Travel,Eco,607,1,5,1,1,3,1,3,3,5,5,4,5,3,3.08,0,0,FALSE
Female,Loyal Customer,56,Personal Travel,Eco,646,2,4,2,4,1,2,1,3,3,2,5,3,3,2.69,6,24,FALSE
Male,Disloyal Customer,25,Business Travel,Eco,580,3,3,3,4,4,3,4,4,4,4,3,3,4,3.54,0,0,FALSE
Female,Loyal Customer,57,Business Travel,Business,1931,2,4,4,4,3,4,4,2,2,2,2,3,1,2.85,0,0,FALSE
Female,Loyal Customer,53,Business Travel,Business,468,4,4,5,4,5,4,5,4,4,4,4,5,5,4.38,32,29,TRUE
Female,Disloyal Customer,19,Business Travel,Eco,603,3,1,3,4,1,3,1,1,3,3,3,2,1,2.23,0,0,FALSE
Female,Disloyal Customer,34,Business Travel,Business,301,1,1,1,5,2,1,2,2,3,5,5,4,2,2.62,0,0,FALSE
Female,Loyal Customer,40,Business Travel,Business,1069,2,2,2,2,4,4,4,4,4,4,4,4,4,3.38,56,58,TRUE
Female,Loyal Customer,44,Business Travel,Business,2951,2,2,2,2,4,4,5,5,5,5,5,3,3,3.62,0,0,TRUE
Male,Disloyal Customer,23,Business Travel,Eco,874,5,4,4,2,2,4,4,2,5,2,4,3,2,3.31,0,0,TRUE
Female,Disloyal Customer,18,Business Travel,Eco,954,3,3,3,3,1,3,4,1,5,1,4,5,1,2.85,0,0,FALSE
Male,Loyal Customer,45,Personal Travel,Eco Plus,508,3,4,3,3,3,3,2,3,3,4,5,5,3,3.38,29,20,FALSE
Female,Loyal Customer,10,Personal Travel,Eco,1005,2,5,3,2,5,3,5,5,3,4,5,3,5,3.85,25,12,FALSE
Female,Loyal Customer,49,Business Travel,Business,581,2,5,5,5,3,3,3,2,2,2,2,2,1,2.85,0,0,FALSE
Male,Disloyal Customer,35,Business Travel,Eco,1020,2,3,3,1,2,3,2,2,1,4,1,1,2,2.08,0,2,FALSE
Female,Loyal Customer,21,Personal Travel,Eco Plus,1121,2,4,2,2,5,2,1,5,5,2,4,4,5,3.31,23,0,FALSE
Male,Loyal Customer,56,Business Travel,Business,345,1,4,3,4,3,3,3,1,1,2,1,2,2,2.31,56,53,FALSE
Female,Loyal Customer,42,Business Travel,Business,1134,5,5,5,5,3,5,4,4,4,5,4,3,5,4.38,0,0,TRUE
Female,Loyal Customer,43,Business Travel,Business,1559,3,3,3,3,4,5,5,5,5,4,5,4,5,4.15,0,0,TRUE
Female,Loyal Customer,36,Business Travel,Eco Plus,268,3,5,5,5,3,3,3,3,3,3,3,1,3,3.31,10,7,FALSE
Female,Disloyal Customer,24,Business Travel,Business,488,0,0,0,2,4,0,4,4,4,4,4,1,4,2.38,7,0,TRUE
Female,Loyal Customer,45,Personal Travel,Eco,956,3,4,3,4,5,4,5,4,4,3,1,5,4,3.77,0,0,FALSE
Male,Loyal Customer,37,Business Travel,Business,3621,3,3,3,3,2,4,4,3,3,3,3,1,1,2.77,0,0,FALSE
Female,Loyal Customer,39,Business Travel,Business,3199,4,4,4,4,5,4,4,4,4,4,4,4,4,4.08,13,5,TRUE
Male,Loyal Customer,43,Personal Travel,Eco,406,3,4,3,1,3,3,3,3,3,2,5,3,3,3,0,9,FALSE
Male,Disloyal Customer,26,Business Travel,Business,2276,2,2,2,4,3,2,3,3,3,3,3,3,3,2.77,33,50,FALSE
Male,Loyal Customer,37,Business Travel,Eco,308,1,3,3,3,1,1,1,1,2,3,3,4,1,2.08,25,33,FALSE
Female,Loyal Customer,63,Business Travel,Business,199,4,4,4,4,5,4,4,3,3,3,4,3,4,3.77,0,0,FALSE
Female,Disloyal Customer,22,Business Travel,Eco,957,2,3,3,3,5,3,5,5,2,3,3,3,5,3.46,0,6,FALSE
Female,Loyal Customer,57,Business Travel,Eco,436,3,2,2,2,4,1,2,3,3,3,3,4,2,2.62,1,0,FALSE
Female,Disloyal Customer,22,Business Travel,Eco,919,3,3,3,1,4,3,4,4,4,3,1,1,4,2.92,17,76,FALSE
Female,Loyal Customer,18,Personal Travel,Eco,871,1,3,1,2,2,1,2,2,3,4,4,4,2,2.38,2,0,FALSE
Male,Loyal Customer,32,Business Travel,Business,763,5,5,5,5,5,5,5,5,1,2,1,2,5,3.92,0,0,TRUE
Male,Loyal Customer,41,Business Travel,Eco Plus,109,3,3,3,3,3,3,3,3,3,4,3,3,3,3.08,0,1,FALSE
Female,Loyal Customer,47,Business Travel,Business,1956,1,1,1,1,4,5,4,5,5,5,5,5,3,3.46,1,18,TRUE
Male,Loyal Customer,15,Personal Travel,Eco,192,2,1,2,3,4,2,4,4,4,3,2,4,4,3,49,50,FALSE
Male,Loyal Customer,54,Personal Travel,Business,507,4,1,4,4,2,4,4,3,3,4,3,4,4,3.38,0,0,TRUE
Male,Loyal Customer,46,Business Travel,Business,787,4,4,4,4,4,5,5,5,5,5,5,5,4,4.54,0,20,TRUE
Male,Disloyal Customer,47,Business Travel,Eco,391,2,0,2,1,3,2,3,3,5,4,3,3,3,2.62,0,0,FALSE
Female,Loyal Customer,14,Personal Travel,Eco,1448,1,5,2,4,4,2,4,4,5,1,2,5,4,3.31,0,0,FALSE
Male,Loyal Customer,44,Business Travel,Business,715,2,2,2,2,2,5,1,4,4,5,4,3,3,3,39,53,TRUE
Female,Loyal Customer,49,Business Travel,Business,270,2,4,3,4,2,4,4,2,2,2,2,3,3,2.85,8,0,FALSE
Male,Loyal Customer,30,Business Travel,Business,1119,4,4,4,4,5,4,5,5,3,4,4,4,5,4.23,0,18,TRUE
Female,Loyal Customer,48,Business Travel,Business,2285,4,4,4,4,2,2,2,5,5,5,5,2,4,3.69,0,31,TRUE
Male,Loyal Customer,39,Business Travel,Eco,800,1,0,0,3,0,3,3,4,5,4,3,3,3,2.46,0,18,FALSE
Male,Loyal Customer,32,Business Travel,Business,2443,4,4,4,4,5,5,5,5,3,2,2,1,5,3.77,0,0,TRUE
Female,Disloyal Customer,47,Business Travel,Business,325,5,5,5,4,1,5,1,1,5,3,5,3,1,3.38,9,0,TRUE
Male,Loyal Customer,19,Business Travel,Eco Plus,306,3,1,4,4,3,3,4,3,4,1,3,2,3,2.92,11,11,FALSE
Female,Loyal Customer,16,Personal Travel,Eco,710,2,4,2,4,1,2,1,1,5,5,4,3,1,2.69,14,21,FALSE
Female,Loyal Customer,47,Business Travel,Business,1773,5,5,5,5,4,4,4,4,4,4,4,5,4,4.38,2,0,TRUE
Male,Loyal Customer,63,Personal Travel,Eco,370,1,3,1,4,2,1,2,2,2,2,2,1,2,1.92,3,3,FALSE
Male,Loyal Customer,57,Personal Travel,Eco Plus,577,4,4,4,3,3,4,3,3,4,2,5,5,3,3.62,33,28,FALSE
Male,Loyal Customer,44,Business Travel,Business,2075,1,1,1,1,3,4,5,4,4,4,4,3,4,3,0,0,TRUE
Male,Loyal Customer,48,Personal Travel,Eco,2556,1,4,1,4,1,1,1,3,3,2,2,1,1,1.92,626,604,FALSE
Female,Loyal Customer,14,Personal Travel,Eco,102,2,1,2,3,3,2,3,3,1,5,3,3,3,2.62,2,2,FALSE
Male,Loyal Customer,31,Personal Travel,Eco,282,1,4,3,4,2,3,2,2,5,5,4,5,2,3.23,0,0,FALSE
Male,Loyal Customer,40,Business Travel,Business,1773,3,3,3,3,4,4,4,4,4,4,4,4,4,3.69,0,0,TRUE
Female,Loyal Customer,18,Personal Travel,Eco,216,2,2,2,4,5,2,5,5,2,5,2,1,5,3.23,0,0,FALSE
Female,Loyal Customer,35,Personal Travel,Business,328,3,0,3,2,5,4,5,4,4,3,4,3,5,3.46,0,0,FALSE
Female,Loyal Customer,47,Personal Travel,Eco,341,2,5,2,1,3,4,4,4,4,2,4,5,3,3.31,0,0,FALSE
Male,Loyal Customer,26,Personal Travel,Eco,526,1,2,1,4,2,1,2,2,3,2,3,1,2,2,0,0,FALSE
Female,Disloyal Customer,36,Business Travel,Business,214,3,3,3,4,5,3,1,5,4,5,5,4,5,3.85,0,0,FALSE
Male,Disloyal Customer,22,Business Travel,Business,3365,0,5,0,1,0,3,3,1,1,2,2,3,3,1.85,6,0,TRUE
Male,Loyal Customer,42,Business Travel,Eco,718,4,3,3,3,4,4,4,4,4,5,2,3,4,3.62,1,0,TRUE
Male,Disloyal Customer,44,Business Travel,Eco,491,5,0,5,4,4,5,4,4,3,3,3,2,4,3.54,0,27,TRUE
Male,Loyal Customer,62,Personal Travel,Eco Plus,1846,2,4,2,1,1,2,1,1,3,4,5,1,1,2.15,12,3,FALSE
Male,Loyal Customer,47,Business Travel,Business,3892,1,1,1,1,1,5,1,5,5,5,5,3,2,2.77,4,0,TRUE
Female,Disloyal Customer,21,Business Travel,Eco,488,4,0,4,4,1,4,1,1,5,2,5,5,1,2.85,34,31,TRUE
Male,Disloyal Customer,26,Business Travel,Business,1012,0,0,0,3,3,2,5,3,4,4,5,5,3,2.85,11,10,TRUE
Female,Disloyal Customer,21,Business Travel,Eco,89,1,4,0,3,4,0,4,4,2,2,3,3,4,2.62,0,0,FALSE
Male,Loyal Customer,55,Business Travel,Business,1796,5,5,5,5,3,1,2,4,4,4,4,1,5,3.69,0,0,TRUE
Male,Loyal Customer,35,Personal Travel,Eco,370,2,4,2,2,4,2,5,4,1,5,4,4,4,3.31,0,0,FALSE
Female,Loyal Customer,56,Business Travel,Eco,1133,2,5,5,5,3,4,5,2,2,2,2,4,1,3.23,11,0,TRUE
Female,Loyal Customer,49,Business Travel,Business,2243,1,3,3,3,1,3,3,1,1,1,1,2,1,1.85,0,0,FALSE
Male,Loyal Customer,53,Business Travel,Business,3402,3,3,3,3,3,5,4,4,4,4,4,4,3,3.62,20,10,TRUE
Male,Loyal Customer,56,Business Travel,Business,1634,3,3,1,3,4,2,1,4,4,4,4,5,5,3.31,0,0,TRUE
Female,Loyal Customer,31,Personal Travel,Eco,689,5,3,5,4,5,5,5,5,2,2,3,1,5,3.85,0,2,TRUE
Male,Disloyal Customer,40,Business Travel,Business,888,2,2,2,3,2,2,5,2,2,2,3,1,2,2.31,21,4,FALSE
Male,Loyal Customer,31,Business Travel,Business,2460,4,4,4,4,5,5,3,5,4,4,5,5,5,4.38,12,12,TRUE
Male,Loyal Customer,51,Personal Travel,Eco,460,4,1,4,4,5,4,5,5,1,3,3,2,5,3.54,0,0,TRUE
Male,Loyal Customer,62,Personal Travel,Eco,2422,2,4,2,3,2,4,4,3,3,3,5,4,4,3.31,0,4,FALSE
Male,Disloyal Customer,26,Business Travel,Eco,253,3,1,3,3,5,3,5,5,3,3,3,1,5,3.31,73,72,FALSE
Female,Disloyal Customer,21,Business Travel,Eco,814,3,3,3,3,2,3,2,2,1,5,3,4,2,2.77,0,0,FALSE
Female,Loyal Customer,33,Personal Travel,Eco,1464,3,5,3,1,2,3,5,2,5,5,4,4,2,3.38,24,19,FALSE
Female,Disloyal Customer,33,Business Travel,Eco,373,1,0,1,2,2,1,3,2,3,2,5,4,2,2.15,0,0,FALSE
Male,Disloyal Customer,35,Business Travel,Business,787,3,3,3,4,4,3,4,4,4,5,5,3,4,3.77,0,0,FALSE
Female,Loyal Customer,60,Business Travel,Business,3752,1,1,1,1,5,5,4,4,4,4,4,4,5,3.31,18,24,TRUE
Male,Disloyal Customer,47,Business Travel,Business,857,2,2,2,5,5,2,5,5,3,4,5,3,5,3.69,0,0,FALSE
Male,Loyal Customer,35,Business Travel,Business,3477,4,1,3,1,1,3,3,4,4,3,4,2,1,2.62,0,0,FALSE
Female,Loyal Customer,26,Personal Travel,Eco,2611,3,4,3,4,5,3,5,5,1,1,4,2,5,3.46,10,0,FALSE
Male,Loyal Customer,46,Business Travel,Eco,224,5,4,4,4,4,5,4,4,3,5,5,1,4,4,0,0,TRUE
Female,Disloyal Customer,22,Business Travel,Eco,588,0,0,0,4,3,0,3,3,5,3,5,1,3,2.31,0,11,TRUE
Male,Loyal Customer,52,Personal Travel,Eco,1400,3,2,3,3,3,3,3,3,3,5,3,4,3,3.15,38,3,FALSE
Male,Loyal Customer,55,Business Travel,Business,3210,5,5,4,5,4,5,4,4,4,4,4,5,3,4.31,6,5,TRUE
Female,Loyal Customer,70,Personal Travel,Business,543,1,5,1,4,5,4,5,4,4,1,4,5,5,3.69,30,20,FALSE
Female,Disloyal Customer,58,Business Travel,Eco,270,2,1,2,3,3,2,1,3,2,2,4,2,3,2.31,0,25,FALSE
Female,Disloyal Customer,21,Business Travel,Eco,502,3,1,2,2,2,2,2,2,3,5,3,3,2,2.46,43,49,FALSE
Male,Loyal Customer,29,Business Travel,Business,2283,3,4,4,4,3,3,3,3,3,1,1,4,3,3,44,37,FALSE
Male,Loyal Customer,34,Business Travel,Business,1507,2,4,4,4,1,3,4,3,3,2,2,4,2,2.92,8,11,FALSE
Female,Loyal Customer,36,Business Travel,Business,2475,1,3,3,3,1,4,3,1,1,1,1,1,1,1.85,10,0,FALSE
Female,Loyal Customer,59,Business Travel,Business,1703,1,1,2,1,3,5,5,4,4,4,4,5,5,3.38,0,0,TRUE
Female,Disloyal Customer,38,Business Travel,Eco,451,2,0,2,4,5,2,5,5,1,3,3,3,5,3.08,40,39,FALSE
Male,Loyal Customer,56,Business Travel,Eco,1448,4,1,1,1,4,4,4,4,3,3,2,2,4,2.85,0,4,TRUE
Female,Loyal Customer,36,Personal Travel,Eco,184,2,5,2,1,1,2,1,1,4,2,5,4,1,2.38,0,14,FALSE
Female,Disloyal Customer,24,Business Travel,Eco,620,4,0,4,3,4,4,4,4,3,5,3,1,4,3.31,0,7,TRUE
Male,Disloyal Customer,62,Business Travel,Eco,813,2,2,2,3,5,2,5,5,3,1,3,4,5,3.23,0,0,FALSE
Female,Disloyal Customer,25,Business Travel,Eco,266,2,2,2,3,4,2,4,4,2,5,4,4,4,3.23,0,6,FALSE
Female,Loyal Customer,46,Business Travel,Eco,194,2,1,3,1,5,4,4,2,2,2,2,1,3,2.46,0,0,FALSE
Male,Loyal Customer,43,Business Travel,Business,1863,0,0,0,1,5,4,5,1,1,1,1,5,5,2.23,0,0,TRUE
Female,Loyal Customer,57,Business Travel,Business,868,3,3,3,3,5,5,5,5,5,5,5,4,5,4.31,1,0,TRUE
Male,Loyal Customer,60,Personal Travel,Eco,1739,3,4,3,3,2,3,2,2,4,2,4,3,2,2.85,39,20,FALSE
Male,Loyal Customer,45,Business Travel,Business,2968,1,1,1,1,3,5,4,5,5,5,5,5,5,3.54,0,0,TRUE
Female,Loyal Customer,36,Business Travel,Eco,255,2,1,1,1,2,2,2,2,3,5,4,1,2,2.15,0,0,FALSE
Male,Loyal Customer,68,Personal Travel,Eco,903,1,4,1,5,4,1,4,4,3,1,5,1,4,2.92,2,0,FALSE
Male,Loyal Customer,41,Personal Travel,Eco,283,2,4,2,3,4,2,4,4,3,4,4,3,4,3.31,15,9,FALSE
Male,Disloyal Customer,24,Business Travel,Eco,590,4,0,4,2,4,4,2,4,5,5,5,3,4,3.54,0,1,TRUE
Female,Disloyal Customer,38,Business Travel,Business,1048,3,3,3,3,3,3,3,3,3,4,3,1,3,2.92,0,0,FALSE
Female,Disloyal Customer,12,Business Travel,Business,581,3,1,3,4,2,3,2,2,3,1,3,1,2,2.31,0,12,FALSE
Male,Disloyal Customer,22,Business Travel,Eco,813,2,2,2,3,5,2,4,5,3,2,4,3,5,3.23,5,0,FALSE
Female,Loyal Customer,39,Business Travel,Business,2554,5,5,5,5,4,5,5,4,4,4,4,5,3,4.46,0,0,TRUE
Female,Disloyal Customer,57,Business Travel,Eco,466,3,0,3,5,4,3,4,4,5,3,3,3,4,3.38,0,0,FALSE
Female,Loyal Customer,23,Business Travel,Business,2996,1,1,1,1,2,2,2,2,5,3,4,4,2,2.31,1,0,TRUE
Male,Loyal Customer,43,Business Travel,Business,479,4,3,4,4,5,5,5,5,3,4,5,5,5,4.38,272,267,TRUE
Male,Loyal Customer,55,Business Travel,Business,3381,1,1,1,1,2,1,5,3,3,3,3,4,1,2.23,8,0,TRUE
Male,Disloyal Customer,45,Business Travel,Eco,649,1,4,1,3,5,1,5,5,4,2,3,2,5,3.15,0,0,FALSE
Male,Loyal Customer,49,Business Travel,Business,1535,1,1,1,1,2,4,5,4,4,4,4,5,3,3,8,0,TRUE
Male,Loyal Customer,33,Business Travel,Business,2939,4,4,4,4,5,5,5,5,2,4,2,1,5,3.85,2,0,TRUE
Female,Loyal Customer,41,Business Travel,Business,300,1,2,2,2,1,3,3,1,1,1,1,1,1,1.54,26,15,FALSE
Female,Loyal Customer,58,Personal Travel,Eco,341,2,4,2,1,3,5,5,2,2,2,2,4,5,3,0,0,FALSE
Male,Loyal Customer,58,Business Travel,Business,3052,1,1,1,1,2,4,4,4,4,4,4,4,4,2.92,0,17,TRUE
Male,Loyal Customer,44,Business Travel,Business,2335,5,5,5,5,2,4,4,4,4,4,4,4,3,4.08,6,0,TRUE
Male,Loyal Customer,44,Personal Travel,Eco,451,1,5,4,3,4,4,3,4,4,3,4,5,4,3.69,0,0,FALSE
Female,Loyal Customer,47,Business Travel,Business,2425,4,4,4,4,4,4,4,5,5,5,5,3,5,4.31,73,70,TRUE
Female,Loyal Customer,42,Business Travel,Eco Plus,1562,4,3,3,3,5,2,4,4,4,4,4,2,5,3.62,13,15,TRUE
Male,Loyal Customer,10,Business Travel,Eco Plus,606,4,5,5,5,4,4,1,4,3,1,3,1,4,3.38,6,5,FALSE
Female,Disloyal Customer,37,Business Travel,Business,1235,4,4,4,1,5,4,5,5,5,3,4,5,5,4.15,1,4,TRUE
Male,Loyal Customer,32,Business Travel,Business,2768,4,1,1,1,4,3,4,4,4,4,4,3,4,3.15,45,30,FALSE
Male,Loyal Customer,65,Personal Travel,Eco,957,2,3,2,3,5,2,5,5,2,3,4,2,5,3.31,0,0,FALSE
Female,Loyal Customer,38,Business Travel,Eco,1174,4,4,4,4,4,4,4,4,1,1,1,2,4,3.15,30,14,TRUE
Male,Loyal Customer,12,Personal Travel,Eco,226,2,5,2,3,1,2,1,1,5,3,4,5,1,2.69,0,0,FALSE
Male,Loyal Customer,60,Business Travel,Business,2173,1,1,1,1,5,4,5,5,5,5,5,5,3,3.54,123,121,TRUE
Male,Loyal Customer,46,Business Travel,Business,2562,3,2,3,3,4,4,5,4,4,4,4,3,4,3.62,16,8,TRUE
Male,Loyal Customer,11,Personal Travel,Eco,911,2,2,3,2,4,3,4,4,1,2,3,1,4,2.69,0,0,FALSE
Male,Loyal Customer,51,Business Travel,Business,2908,2,2,2,2,2,5,4,4,4,4,4,5,5,3.46,3,0,TRUE
Male,Loyal Customer,51,Business Travel,Business,2228,0,0,0,4,4,4,4,1,1,1,1,3,5,2.15,1,0,TRUE
Female,Loyal Customer,23,Personal Travel,Eco,986,3,5,3,3,5,3,5,5,3,5,4,4,5,4.08,0,8,FALSE
Female,Loyal Customer,46,Business Travel,Business,1851,4,4,4,4,2,3,5,4,4,4,4,5,4,3.92,22,21,TRUE
Male,Loyal Customer,51,Personal Travel,Eco,937,2,5,2,1,1,2,1,1,3,5,4,4,1,2.46,27,4,FALSE
Male,Loyal Customer,38,Personal Travel,Eco Plus,872,1,5,1,4,5,1,5,5,4,4,5,4,5,3.77,1,13,FALSE
Male,Disloyal Customer,11,Business Travel,Eco,867,2,2,2,1,4,2,4,4,5,5,5,4,4,3.38,0,0,FALSE
Female,Loyal Customer,34,Business Travel,Business,862,1,1,1,1,3,1,4,3,3,3,3,3,1,2.15,0,0,TRUE
Male,Loyal Customer,51,Business Travel,Eco Plus,853,4,4,4,4,3,4,3,3,3,2,4,2,3,3.31,0,0,TRUE
Female,Loyal Customer,49,Business Travel,Business,2565,4,4,4,4,3,5,5,5,5,5,5,5,3,4.38,0,0,TRUE
Female,Loyal Customer,42,Business Travel,Business,2038,2,5,2,2,3,4,5,4,4,4,4,3,3,3.46,10,0,TRUE
Female,Loyal Customer,45,Business Travel,Eco,580,1,5,5,5,3,4,4,1,1,1,1,4,2,2.85,23,16,FALSE
Female,Loyal Customer,21,Personal Travel,Eco,991,3,4,3,5,5,3,5,5,3,3,4,5,5,4.08,0,0,FALSE
Male,Loyal Customer,58,Business Travel,Business,1842,2,2,2,2,2,5,4,5,5,5,5,5,3,3.62,0,0,TRUE
Female,Loyal Customer,40,Business Travel,Business,3698,1,1,1,1,3,4,4,5,5,5,5,3,3,3.15,121,123,TRUE
Male,Loyal Customer,46,Business Travel,Eco Plus,462,4,3,3,3,4,4,4,4,5,3,1,2,4,3.38,29,33,TRUE
Female,Loyal Customer,69,Personal Travel,Eco,134,3,3,0,1,3,3,5,1,1,0,1,2,3,2,15,6,FALSE
Female,Disloyal Customer,28,Business Travel,Business,583,4,4,4,3,3,4,3,3,4,4,4,4,3,3.62,55,54,TRUE
Female,Loyal Customer,56,Business Travel,Business,2475,1,1,1,1,2,4,4,5,5,5,5,3,5,3.23,3,0,TRUE
Male,Loyal Customer,43,Business Travel,Business,214,1,1,1,1,5,4,3,4,4,4,1,3,2,2.62,39,14,FALSE
Male,Disloyal Customer,27,Business Travel,Eco,766,1,1,1,3,2,1,2,2,3,3,3,2,2,2,0,0,FALSE
Female,Loyal Customer,40,Business Travel,Eco,2106,4,4,4,4,4,4,4,5,1,4,5,4,4,3.92,143,145,TRUE
Female,Loyal Customer,57,Personal Travel,Eco Plus,383,1,2,1,3,2,3,3,4,4,1,4,4,2,2.62,0,0,FALSE
Female,Loyal Customer,34,Personal Travel,Eco,762,1,3,1,5,3,1,3,3,5,5,5,4,3,3.23,47,31,FALSE
Female,Loyal Customer,7,Personal Travel,Eco,836,4,5,4,2,3,4,3,3,3,2,4,5,3,3.46,0,0,TRUE
Female,Loyal Customer,66,Personal Travel,Eco,599,3,3,3,3,3,2,2,3,2,4,4,2,2,2.77,158,153,FALSE
Male,Loyal Customer,77,Business Travel,Business,1629,3,4,3,3,3,2,2,3,3,3,3,3,4,3,0,6,FALSE
Female,Disloyal Customer,21,Business Travel,Eco,214,4,0,4,1,4,4,4,4,3,5,5,4,4,3.54,0,0,FALSE
Male,Loyal Customer,55,Business Travel,Business,2601,3,1,3,1,1,3,3,3,3,3,3,1,2,2.31,0,0,FALSE
Female,Loyal Customer,67,Business Travel,Business,2699,2,2,2,2,3,3,3,3,3,3,2,2,3,2.54,47,38,FALSE
Female,Disloyal Customer,49,Business Travel,Eco,308,4,4,4,3,2,4,2,2,4,4,3,5,2,3.31,0,14,TRUE
Male,Loyal Customer,59,Business Travel,Business,2659,5,5,5,5,4,4,5,5,5,4,5,5,5,4.77,0,0,TRUE
Male,Loyal Customer,42,Business Travel,Business,1990,2,2,2,2,5,3,4,4,4,4,4,3,5,3.38,0,0,TRUE
Male,Loyal Customer,10,Personal Travel,Business,432,0,5,0,3,3,0,4,3,4,2,5,3,3,2.69,0,0,TRUE
Female,Loyal Customer,68,Personal Travel,Eco,416,1,1,1,3,1,2,2,3,3,1,3,4,3,2.15,108,131,FALSE
Female,Loyal Customer,51,Business Travel,Eco,1154,5,1,1,1,1,1,3,5,5,5,5,1,2,2.77,66,67,TRUE
Female,Loyal Customer,35,Business Travel,Business,3428,4,2,2,2,4,3,3,4,4,4,4,2,3,3.15,0,0,FALSE
Female,Loyal Customer,39,Business Travel,Business,1024,4,5,5,5,2,4,4,4,4,4,4,1,3,3.77,37,45,FALSE
Male,Loyal Customer,16,Personal Travel,Eco,603,3,4,3,3,5,3,5,5,3,4,5,4,5,4,0,0,FALSE
Male,Loyal Customer,32,Business Travel,Eco,483,5,3,3,3,5,5,5,5,3,4,1,2,5,3.77,0,0,TRUE
Female,Loyal Customer,68,Personal Travel,Business,347,3,5,3,5,3,4,4,1,1,3,1,3,3,3,1,0,FALSE
Female,Disloyal Customer,26,Business Travel,Business,1514,1,0,1,2,5,1,5,5,3,4,5,5,5,3.23,0,0,FALSE
Male,Loyal Customer,42,Personal Travel,Eco,239,2,5,2,3,1,2,1,1,3,4,5,5,1,2.69,61,61,FALSE
Male,Loyal Customer,29,Business Travel,Business,3256,4,3,2,2,4,4,4,4,4,1,3,2,4,3.15,31,44,FALSE
Female,Loyal Customer,53,Business Travel,Business,421,2,3,2,2,4,1,5,4,4,4,4,4,4,3.31,1,0,TRUE
Male,Loyal Customer,45,Business Travel,Business,1546,1,1,1,1,4,4,5,4,4,4,4,5,4,3.23,17,15,TRUE
Male,Loyal Customer,51,Business Travel,Eco,163,2,2,2,2,2,2,2,2,1,2,3,2,2,2,0,0,FALSE
Female,Loyal Customer,34,Personal Travel,Eco,302,2,5,2,2,2,2,2,2,5,2,5,5,2,2.92,7,3,FALSE
Female,Loyal Customer,52,Business Travel,Eco,1011,4,4,4,4,3,2,2,5,5,4,5,2,4,3.69,0,0,FALSE
Male,Loyal Customer,31,Business Travel,Business,1389,3,5,3,3,4,4,4,4,5,2,5,3,4,3.77,0,0,TRUE
Male,Loyal Customer,32,Business Travel,Eco,829,5,2,2,2,5,4,5,5,4,1,2,1,5,3.31,4,0,FALSE
Male,Loyal Customer,43,Business Travel,Business,1793,4,4,4,4,5,5,5,4,4,4,4,4,5,4.31,0,0,TRUE
Female,Loyal Customer,36,Personal Travel,Eco,1167,4,5,5,2,5,5,5,5,3,3,5,5,5,4.38,0,0,TRUE
Female,Disloyal Customer,29,Business Travel,Eco,1133,3,3,3,2,4,3,4,4,2,3,2,2,4,3,74,70,FALSE
Male,Loyal Customer,29,Personal Travel,Eco,1008,4,5,4,3,1,4,1,1,5,5,1,3,1,2.92,37,38,FALSE
Female,Loyal Customer,20,Business Travel,Business,590,4,4,4,4,5,5,5,5,3,5,5,5,5,4.54,0,0,TRUE
Female,Loyal Customer,66,Personal Travel,Eco,1725,1,5,1,3,3,5,4,3,3,1,4,4,4,3.15,77,83,FALSE
Male,Loyal Customer,65,Personal Travel,Eco Plus,760,1,4,1,3,5,1,5,5,3,3,4,3,5,3.31,72,121,FALSE
Female,Loyal Customer,53,Business Travel,Business,2022,1,1,1,1,3,4,4,4,4,4,4,3,5,3,0,4,TRUE
Male,Loyal Customer,56,Personal Travel,Business,991,2,5,3,4,3,4,5,1,1,3,1,4,4,3.08,0,8,FALSE
Male,Loyal Customer,27,Personal Travel,Eco,483,3,5,3,4,1,3,1,1,2,2,2,4,1,2.46,0,0,FALSE
Female,Loyal Customer,12,Personal Travel,Eco,447,2,4,2,3,3,2,3,3,4,3,3,1,3,2.77,0,0,FALSE
Female,Loyal Customer,38,Business Travel,Business,327,2,2,2,2,5,3,4,5,5,5,5,4,2,3.54,34,40,TRUE
Male,Loyal Customer,63,Business Travel,Eco,144,1,2,2,2,1,1,1,1,1,4,3,4,1,1.85,16,20,FALSE
Female,Loyal Customer,49,Business Travel,Business,2049,5,5,5,5,2,5,5,4,4,4,4,4,5,4.38,0,0,TRUE
Female,Disloyal Customer,20,Business Travel,Eco,1119,3,3,3,4,5,3,5,5,1,3,4,4,5,3.69,10,51,FALSE
Male,Loyal Customer,26,Personal Travel,Eco,1979,3,4,3,4,3,3,3,3,2,2,2,3,3,2.92,43,30,FALSE
Female,Loyal Customer,49,Business Travel,Business,116,4,4,4,4,2,1,3,4,4,4,5,2,4,3.46,0,2,TRUE
Male,Disloyal Customer,55,Business Travel,Eco,692,3,3,3,3,1,3,1,1,3,1,4,4,1,2.38,37,41,FALSE
Male,Loyal Customer,52,Business Travel,Business,764,3,3,3,3,3,4,5,5,5,5,5,5,5,4.15,3,0,TRUE
Female,Disloyal Customer,26,Business Travel,Eco,399,4,1,4,4,3,4,3,3,3,5,4,1,3,3.23,21,3,FALSE
Female,Loyal Customer,23,Personal Travel,Eco,1199,2,3,3,4,5,3,5,5,4,2,1,4,5,3.54,2,0,FALSE
Female,Loyal Customer,47,Personal Travel,Business,349,2,3,2,3,3,2,3,5,5,2,5,2,1,2.92,0,0,FALSE
Female,Loyal Customer,17,Personal Travel,Eco,744,2,1,2,4,1,2,1,1,2,2,3,2,1,1.85,39,34,FALSE
Male,Disloyal Customer,20,Business Travel,Business,1620,5,0,5,3,4,5,4,4,3,2,4,3,4,3.54,1,0,TRUE
Male,Loyal Customer,10,Personal Travel,Eco,576,4,4,4,2,3,4,3,3,3,2,4,4,3,3.31,0,2,FALSE
Male,Loyal Customer,33,Business Travel,Eco Plus,177,1,3,3,3,1,1,1,1,1,4,4,2,1,2,34,55,FALSE
Male,Loyal Customer,62,Personal Travel,Eco,1400,1,3,1,5,2,1,3,2,2,2,4,1,2,2.23,0,0,FALSE
Female,Loyal Customer,70,Personal Travel,Eco,1620,3,4,3,4,5,3,5,5,5,3,5,5,3,4.08,0,0,FALSE
Female,Loyal Customer,39,Business Travel,Business,480,3,3,3,3,2,5,4,5,5,5,5,3,3,3.77,0,0,TRUE
Female,Loyal Customer,17,Business Travel,Eco,192,0,3,1,3,2,1,2,2,5,4,1,1,2,2.08,0,0,TRUE
Male,Disloyal Customer,29,Business Travel,Business,1025,2,2,2,2,5,2,5,5,5,5,5,4,5,3.77,8,2,FALSE
Female,Loyal Customer,35,Personal Travel,Eco,842,2,5,2,4,5,2,2,5,1,2,5,2,5,3.23,14,7,FALSE
Female,Loyal Customer,33,Business Travel,Business,2423,2,4,1,4,1,3,3,2,2,2,2,2,3,2.38,9,2,FALSE
Male,Loyal Customer,42,Business Travel,Business,199,5,5,5,5,4,2,1,4,4,4,5,5,3,4,0,0,TRUE
Male,Loyal Customer,25,Business Travel,Eco,607,2,2,2,2,2,2,3,2,3,2,4,2,2,2.31,13,16,FALSE
Female,Loyal Customer,33,Personal Travel,Eco,1053,1,5,1,4,1,1,1,1,5,2,4,3,1,2.31,0,0,FALSE
Male,Loyal Customer,60,Personal Travel,Eco,84,2,4,2,3,3,2,3,3,3,4,5,5,3,3.23,0,0,FALSE
Female,Loyal Customer,53,Business Travel,Business,1896,1,5,5,5,2,3,3,1,1,1,1,3,1,2.46,5,7,FALSE
Female,Loyal Customer,44,Business Travel,Eco,665,5,2,2,2,3,2,4,5,5,5,5,3,4,3.62,0,0,TRUE
Female,Loyal Customer,41,Business Travel,Business,2377,1,2,2,2,4,2,2,1,1,1,1,1,2,1.69,0,0,FALSE
Male,Loyal Customer,38,Personal Travel,Eco,1304,3,4,3,3,3,3,3,3,3,3,5,4,3,3.31,1,0,FALSE
Female,Loyal Customer,40,Business Travel,Business,696,3,3,3,3,2,5,5,4,4,4,4,5,3,3.69,1,0,TRUE
Female,Loyal Customer,52,Personal Travel,Eco,1346,2,4,2,4,2,2,4,3,3,2,3,4,3,2.92,0,0,FALSE
Male,Loyal Customer,61,Personal Travel,Eco,541,3,5,3,1,4,3,2,4,5,4,4,3,4,3.46,15,4,FALSE
Male,Disloyal Customer,15,Business Travel,Eco,1846,3,3,3,3,5,3,5,5,4,5,4,4,5,4,0,0,FALSE
Female,Loyal Customer,38,Personal Travel,Eco,391,2,5,2,4,5,2,5,5,5,4,5,4,5,4.08,0,0,FALSE
Female,Disloyal Customer,32,Business Travel,Eco,967,1,1,1,4,2,1,2,2,4,2,3,4,2,2.23,0,0,FALSE
Male,Loyal Customer,52,Business Travel,Business,2484,3,3,3,3,2,4,4,4,4,4,4,4,5,3.62,0,0,TRUE
Male,Loyal Customer,49,Business Travel,Business,366,3,3,3,3,4,4,5,5,5,5,5,5,3,4.08,0,0,TRUE
Male,Loyal Customer,25,Business Travel,Business,2227,3,5,5,5,3,3,3,3,2,5,2,4,3,3.54,0,0,FALSE
Female,Loyal Customer,53,Business Travel,Business,2566,5,5,5,5,5,5,5,5,5,5,5,4,5,4.92,56,64,TRUE
Female,Disloyal Customer,63,Business Travel,Business,236,2,2,2,3,2,2,2,2,5,3,5,4,2,2.77,34,30,FALSE
Female,Loyal Customer,9,Personal Travel,Eco,946,2,3,2,3,3,2,3,3,2,4,4,1,3,2.69,0,0,FALSE
Female,Loyal Customer,38,Business Travel,Business,3173,1,1,1,1,4,4,5,4,4,4,4,5,3,3.15,1,0,TRUE
Female,Loyal Customer,53,Business Travel,Business,2824,1,3,3,3,3,3,3,1,1,2,1,2,2,2.15,0,3,FALSE
Female,Disloyal Customer,22,Business Travel,Eco,216,5,4,5,3,3,5,3,3,1,3,1,3,3,3.23,12,11,TRUE
Female,Disloyal Customer,25,Business Travel,Eco,192,2,2,2,2,4,2,4,4,2,1,3,1,4,2.54,21,23,FALSE
Female,Loyal Customer,52,Business Travel,Business,3994,1,1,1,1,2,4,4,4,4,5,4,5,5,3.15,0,0,TRUE
Male,Loyal Customer,69,Personal Travel,Eco,1005,1,4,1,4,4,1,4,4,4,5,5,3,4,3.38,0,0,FALSE
Male,Loyal Customer,54,Personal Travel,Eco Plus,236,1,3,1,3,1,1,1,1,3,2,2,1,1,1.62,0,0,FALSE
Male,Loyal Customer,64,Business Travel,Eco,212,5,5,5,5,5,5,5,5,2,3,1,5,5,4.31,0,0,TRUE
Female,Loyal Customer,26,Personal Travel,Eco,106,3,4,0,4,4,0,4,4,4,5,4,4,4,3.38,47,36,FALSE
Female,Loyal Customer,48,Business Travel,Business,3080,4,2,2,2,1,3,2,4,4,4,4,3,3,2.92,23,11,FALSE
Female,Loyal Customer,28,Personal Travel,Eco,370,4,4,4,2,1,4,1,1,4,1,5,4,1,2.77,0,0,TRUE
Male,Loyal Customer,25,Personal Travel,Eco,338,1,4,1,3,4,1,4,4,1,4,4,4,4,3,0,0,FALSE
Female,Loyal Customer,44,Business Travel,Business,550,3,3,3,3,2,5,4,5,5,5,5,3,5,3.92,15,0,TRUE
Male,Loyal Customer,34,Business Travel,Eco Plus,391,4,2,2,2,4,4,4,4,1,4,4,2,4,3.15,20,24,TRUE
Female,Loyal Customer,47,Personal Travel,Eco,164,1,4,0,1,3,5,5,1,1,0,1,1,5,2.15,71,75,FALSE
Female,Loyal Customer,44,Business Travel,Business,1379,5,5,5,5,3,5,4,3,3,2,3,4,5,4,4,0,TRUE
Male,Loyal Customer,61,Personal Travel,Eco,861,4,5,4,2,1,4,1,1,4,3,4,4,1,2.92,0,1,FALSE
Female,Disloyal Customer,28,Business Travel,Business,612,1,1,1,3,5,1,5,5,5,4,5,5,5,3.54,0,0,FALSE
Male,Loyal Customer,36,Business Travel,Eco,397,3,3,3,3,3,3,3,3,2,2,4,2,3,2.85,0,0,FALSE
Male,Loyal Customer,10,Personal Travel,Eco,425,3,4,3,2,5,3,5,5,3,4,5,4,5,3.92,15,17,FALSE
Male,Disloyal Customer,27,Business Travel,Business,854,5,5,5,2,1,5,1,1,5,3,5,5,1,3.38,10,15,TRUE
Male,Loyal Customer,25,Personal Travel,Eco,1014,3,4,3,4,2,3,2,2,5,5,5,4,2,3.38,0,0,FALSE
Male,Loyal Customer,39,Business Travel,Eco,413,3,1,1,1,3,3,3,3,3,3,3,3,3,2.54,0,14,FALSE
Male,Loyal Customer,45,Business Travel,Eco Plus,1182,5,4,4,4,5,5,5,5,1,2,2,4,5,3.92,0,0,TRUE
Male,Disloyal Customer,25,Business Travel,Eco,774,2,2,2,2,1,2,1,1,4,4,4,4,1,2.31,0,0,FALSE
Female,Loyal Customer,32,Business Travel,Business,300,0,0,0,2,4,4,4,4,3,2,5,4,4,2.77,0,1,TRUE
Male,Loyal Customer,61,Personal Travel,Eco Plus,550,4,3,4,4,3,4,3,3,1,3,3,4,3,3.23,0,11,TRUE
Female,Disloyal Customer,25,Business Travel,Business,802,1,4,1,4,5,1,4,5,4,5,4,5,5,3.69,10,0,FALSE
Female,Loyal Customer,56,Business Travel,Eco,1068,3,5,1,1,3,2,3,3,3,3,3,2,3,2.69,0,0,FALSE
Female,Loyal Customer,58,Business Travel,Business,2220,4,4,4,4,4,5,5,5,5,5,5,3,5,4.46,79,72,TRUE
Male,Loyal Customer,59,Personal Travel,Eco Plus,187,1,1,1,4,1,1,4,1,1,4,4,2,1,2,25,44,FALSE
Female,Loyal Customer,60,Business Travel,Business,3573,3,3,3,3,4,4,3,3,3,3,3,4,3,3.23,0,0,FALSE
Male,Loyal Customer,51,Business Travel,Business,594,3,3,3,3,2,5,4,4,4,4,4,4,4,3.62,0,0,TRUE
Female,Disloyal Customer,45,Business Travel,Eco,109,3,2,3,3,3,3,2,3,3,3,4,3,3,2.92,0,0,FALSE
Male,Loyal Customer,60,Business Travel,Business,2712,4,4,4,4,5,4,4,4,4,4,5,3,5,4.15,0,5,TRUE
Male,Loyal Customer,51,Business Travel,Eco,912,1,0,0,4,1,1,1,1,1,4,3,4,1,1.69,9,23,FALSE
Female,Loyal Customer,33,Business Travel,Eco,227,5,2,2,2,5,5,5,5,5,1,5,2,5,3.77,0,0,TRUE
Female,Loyal Customer,27,Business Travel,Business,236,2,4,4,4,2,2,2,2,2,1,3,2,2,2.46,9,12,FALSE
Female,Loyal Customer,22,Business Travel,Business,1724,5,5,4,5,4,4,4,4,5,3,4,3,4,4.15,2,0,TRUE
Male,Loyal Customer,54,Business Travel,Business,444,1,1,1,1,5,4,4,3,3,4,3,3,3,2.77,0,0,TRUE
Male,Loyal Customer,31,Personal Travel,Eco Plus,1009,2,5,2,5,2,2,2,2,2,1,1,4,2,2.46,9,6,FALSE
Male,Disloyal Customer,38,Business Travel,Business,290,2,2,2,4,1,2,1,1,3,2,5,3,1,2.23,0,5,FALSE
Female,Loyal Customer,56,Business Travel,Eco,416,5,1,1,1,1,4,4,5,5,5,5,2,5,3.38,0,0,TRUE
Female,Loyal Customer,35,Business Travel,Business,460,1,1,1,1,3,4,5,4,4,5,4,3,3,3,0,0,TRUE
Female,Loyal Customer,51,Personal Travel,Eco,1371,3,5,3,1,2,5,5,5,5,3,5,4,4,3.85,30,21,FALSE
Female,Loyal Customer,57,Business Travel,Eco,748,3,4,4,4,4,4,3,3,3,3,3,4,2,3.38,0,0,FALSE
Male,Disloyal Customer,25,Business Travel,Business,441,5,4,4,3,3,4,3,3,4,4,4,3,3,3.62,65,61,TRUE
Male,Loyal Customer,40,Business Travel,Business,1992,4,2,2,2,2,4,4,4,4,4,4,1,1,2.92,87,84,FALSE
Female,Loyal Customer,71,Business Travel,Eco,239,3,5,4,5,1,4,4,3,3,3,3,3,3,3.38,0,0,FALSE
Female,Loyal Customer,59,Business Travel,Eco,143,2,4,4,4,5,3,3,2,2,2,2,3,4,3.08,0,0,FALSE
Male,Loyal Customer,42,Business Travel,Business,1635,1,1,1,1,5,5,4,4,4,4,4,4,3,3.15,7,0,TRUE
Male,Loyal Customer,34,Business Travel,Business,2527,2,3,4,3,3,3,3,2,2,2,2,3,4,2.77,0,0,FALSE
Male,Disloyal Customer,18,Business Travel,Eco,991,2,2,2,3,1,2,1,1,1,4,3,1,1,1.85,21,17,FALSE
Female,Disloyal Customer,37,Business Travel,Eco,383,3,4,4,3,2,4,2,2,1,4,3,4,2,2.92,0,14,FALSE
Male,Loyal Customer,27,Business Travel,Business,2381,1,4,4,4,1,1,1,1,1,2,4,1,1,2,4,0,FALSE
Female,Loyal Customer,47,Business Travel,Eco,331,3,5,5,5,4,3,3,3,3,3,3,1,3,3.38,97,96,FALSE
Female,Loyal Customer,28,Business Travel,Business,3138,3,3,3,3,4,4,4,4,4,3,5,4,4,3.69,7,5,TRUE
Male,Loyal Customer,44,Business Travel,Business,1749,3,2,2,2,2,2,3,3,3,2,3,2,1,2.31,0,0,FALSE
Female,Loyal Customer,68,Personal Travel,Eco,295,3,4,5,2,3,4,5,4,4,5,4,5,3,3.92,8,11,FALSE
Male,Loyal Customer,47,Business Travel,Business,1788,1,1,1,1,5,5,4,5,5,5,5,3,5,3.54,0,0,TRUE
Male,Loyal Customer,16,Personal Travel,Eco,859,5,1,5,2,3,1,3,3,1,4,2,2,3,2.69,0,0,TRUE
Female,Disloyal Customer,23,Business Travel,Eco,1072,2,2,2,4,4,2,3,4,4,4,4,3,4,3.23,0,0,FALSE
Male,Disloyal Customer,57,Business Travel,Business,214,1,1,1,2,3,1,3,3,4,1,3,4,3,2.31,0,0,FALSE
Female,Loyal Customer,49,Business Travel,Eco Plus,438,5,1,1,1,5,1,1,5,5,5,5,1,1,2.85,0,0,TRUE
Female,Loyal Customer,37,Business Travel,Eco Plus,507,4,3,3,3,4,4,4,4,2,2,4,1,4,3.23,0,0,FALSE
Male,Loyal Customer,11,Personal Travel,Eco,187,1,5,1,5,4,1,4,4,4,2,4,5,4,3.38,0,0,FALSE
Female,Loyal Customer,22,Personal Travel,Business,1825,3,4,4,3,5,4,5,5,3,3,4,4,5,4,18,0,FALSE
Female,Loyal Customer,53,Business Travel,Business,486,1,1,1,1,5,4,4,5,5,5,5,3,4,3.38,0,0,TRUE
Male,Loyal Customer,49,Personal Travel,Eco,466,1,3,3,2,5,3,5,5,1,5,2,3,5,3.31,0,0,FALSE
Female,Disloyal Customer,22,Business Travel,Eco,1050,1,1,1,3,3,1,3,3,2,2,2,2,3,2.08,0,1,FALSE
Male,Loyal Customer,47,Business Travel,Eco,308,4,1,1,1,4,4,4,4,3,4,1,3,4,2.92,0,1,TRUE
Male,Loyal Customer,71,Business Travel,Business,767,1,5,5,5,2,3,4,1,1,1,1,3,3,2.69,5,0,FALSE
Female,Loyal Customer,23,Business Travel,Business,776,1,1,1,1,4,4,4,4,5,2,1,3,4,2.69,1,2,TRUE
Male,Loyal Customer,47,Business Travel,Business,2116,4,4,4,4,2,4,5,4,4,4,4,5,4,4,24,12,TRUE
Male,Loyal Customer,58,Personal Travel,Eco,430,2,5,2,3,4,2,4,4,5,2,4,4,4,3.46,0,0,FALSE
Female,Disloyal Customer,20,Business Travel,Eco,1046,1,0,0,3,2,0,2,2,4,1,3,3,2,1.77,0,0,FALSE
Female,Disloyal Customer,25,Business Travel,Business,1389,3,0,3,1,1,3,1,1,3,2,5,4,1,2.15,0,0,FALSE
Female,Disloyal Customer,23,Business Travel,Eco,954,2,2,2,2,2,2,2,2,5,4,5,5,2,2.85,0,0,FALSE
Male,Disloyal Customer,14,Business Travel,Eco,866,2,3,3,3,3,2,3,3,4,5,1,1,3,2.77,5,22,FALSE
Female,Disloyal Customer,24,Business Travel,Eco,328,3,4,3,4,1,3,1,1,3,5,5,5,1,3,27,8,FALSE
Male,Disloyal Customer,27,Business Travel,Business,449,0,0,0,5,2,0,5,2,3,3,4,4,2,2.31,0,2,TRUE
Male,Disloyal Customer,50,Business Travel,Business,157,2,2,2,3,2,2,2,2,4,4,4,4,2,2.69,4,15,FALSE
Male,Loyal Customer,64,Personal Travel,Eco,1754,2,5,2,3,1,2,1,1,1,5,2,2,1,2.15,0,0,FALSE
Female,Loyal Customer,51,Business Travel,Business,76,3,3,3,3,5,5,5,4,4,4,5,5,5,4.15,6,6,TRUE
Female,Loyal Customer,8,Personal Travel,Eco Plus,376,1,5,1,1,5,1,5,5,5,2,4,3,5,3.31,1,0,FALSE
Female,Loyal Customer,13,Personal Travel,Eco,2342,4,1,4,3,3,4,3,3,4,3,3,4,3,3.23,0,0,FALSE
Male,Loyal Customer,45,Business Travel,Eco,200,1,3,3,3,1,1,1,1,2,2,3,1,1,1.77,0,0,FALSE
Male,Loyal Customer,8,Personal Travel,Eco,1056,2,3,2,3,4,2,4,4,2,5,4,3,4,3.23,0,0,FALSE
Female,Loyal Customer,55,Personal Travel,Eco Plus,1205,2,2,2,3,2,4,4,3,3,2,5,1,2,2.69,0,0,FALSE
Female,Disloyal Customer,22,Business Travel,Eco,174,2,2,2,3,5,2,5,5,2,4,3,2,5,3.23,17,60,FALSE
Female,Loyal Customer,34,Business Travel,Eco Plus,289,2,4,3,3,2,2,2,2,4,1,4,3,2,2.62,0,0,FALSE
Male,Loyal Customer,39,Business Travel,Eco Plus,2327,5,2,2,2,5,5,5,5,5,4,3,1,5,3.77,16,0,TRUE
Male,Disloyal Customer,23,Business Travel,Eco,237,2,5,2,3,2,2,2,2,4,4,4,5,2,3,1,0,FALSE
Male,Loyal Customer,67,Personal Travel,Eco Plus,1605,3,5,3,3,2,3,2,2,5,5,4,3,2,3.23,0,0,FALSE
Female,Loyal Customer,36,Personal Travel,Eco,114,2,4,2,4,2,1,1,2,1,5,2,1,1,2.15,178,163,FALSE
Female,Disloyal Customer,20,Business Travel,Eco Plus,296,3,1,3,3,4,3,2,4,2,1,4,3,4,2.85,0,0,FALSE
Male,Loyal Customer,41,Business Travel,Business,1785,2,2,2,2,4,5,5,5,5,5,5,4,5,3.92,12,9,TRUE
Female,Disloyal Customer,39,Business Travel,Business,216,4,4,4,3,4,4,1,4,1,1,4,4,4,3.23,89,89,FALSE
Female,Loyal Customer,58,Business Travel,Business,208,2,5,5,5,5,3,2,3,3,3,2,3,2,3.31,0,0,FALSE
Female,Loyal Customer,57,Personal Travel,Eco,457,3,2,3,3,4,3,4,4,4,3,4,4,4,3.46,0,0,FALSE
Female,Loyal Customer,37,Business Travel,Business,1876,1,5,1,1,2,5,5,2,2,2,2,5,4,2.85,16,12,TRUE
Male,Loyal Customer,49,Business Travel,Business,2329,3,1,1,1,2,4,3,3,3,4,3,4,2,2.62,0,0,FALSE
Female,Loyal Customer,45,Business Travel,Business,813,1,1,1,1,2,5,4,5,5,5,5,4,4,3.31,15,10,TRUE
Male,Loyal Customer,16,Personal Travel,Business,1259,2,5,2,4,5,2,5,5,4,5,3,4,5,3.92,0,0,FALSE
Female,Loyal Customer,48,Business Travel,Business,370,3,3,3,3,2,4,4,4,4,4,4,3,5,3.54,0,0,TRUE
Male,Disloyal Customer,23,Business Travel,Eco,1012,3,3,3,3,3,3,2,3,3,3,4,4,3,3.08,0,0,FALSE
Male,Loyal Customer,10,Personal Travel,Eco,1009,0,2,0,3,4,0,4,4,1,3,4,2,4,2.38,0,0,TRUE
Female,Loyal Customer,69,Personal Travel,Eco,1050,2,5,3,5,3,5,4,2,2,3,4,3,5,3.54,0,0,FALSE
Female,Loyal Customer,47,Business Travel,Business,2615,4,5,2,2,3,4,4,2,4,4,4,4,4,3.54,214,190,FALSE
Male,Loyal Customer,55,Business Travel,Business,1629,4,4,4,4,3,4,4,2,2,2,2,5,3,3.31,0,0,TRUE
Male,Loyal Customer,44,Business Travel,Business,728,1,1,1,1,3,5,5,4,4,4,4,4,5,3.23,35,15,TRUE
Male,Disloyal Customer,45,Business Travel,Business,441,1,1,1,4,3,1,3,3,3,2,5,3,3,2.54,0,0,FALSE
Male,Loyal Customer,52,Business Travel,Business,2342,1,1,1,1,4,5,4,4,4,5,4,1,4,3,1,0,TRUE
Male,Loyal Customer,35,Business Travel,Business,883,3,3,5,3,5,4,5,4,4,4,4,4,5,4.08,0,0,TRUE
Female,Loyal Customer,37,Business Travel,Business,2300,1,0,0,4,2,4,3,1,1,0,1,1,1,1.46,0,0,FALSE
Male,Loyal Customer,39,Business Travel,Business,1869,2,2,2,2,1,4,5,5,5,5,5,2,1,3.15,2,0,TRUE
Female,Loyal Customer,49,Business Travel,Business,125,4,4,4,4,2,4,5,4,4,4,4,5,4,4,0,0,TRUE
Female,Loyal Customer,42,Business Travel,Business,2475,4,4,4,4,5,5,5,5,5,5,5,5,4,4.62,0,0,TRUE
Male,Loyal Customer,36,Business Travel,Business,1747,2,4,4,4,5,3,2,2,2,3,2,2,1,2.77,35,19,FALSE
Male,Loyal Customer,48,Business Travel,Business,862,3,3,4,3,3,5,5,3,3,3,3,3,5,3.54,0,0,TRUE
Male,Disloyal Customer,22,Business Travel,Business,696,4,0,4,3,1,4,1,1,4,5,4,5,1,2.85,27,16,TRUE
Female,Loyal Customer,31,Business Travel,Eco,325,2,2,3,2,2,2,2,2,2,5,3,3,2,2.46,2,0,FALSE
Female,Loyal Customer,66,Personal Travel,Eco,643,2,5,2,4,4,5,5,3,3,2,3,3,3,3.38,0,0,FALSE
Female,Loyal Customer,54,Business Travel,Eco Plus,377,4,2,2,2,5,4,4,4,4,4,4,1,2,3.23,7,16,FALSE
Female,Loyal Customer,42,Business Travel,Eco,563,4,1,1,1,2,3,1,4,4,4,4,5,3,2.85,3,0,TRUE
Male,Loyal Customer,38,Business Travel,Business,2868,2,2,2,2,4,4,4,5,5,5,5,5,4,3.77,0,0,TRUE
Female,Loyal Customer,28,Business Travel,Eco Plus,666,3,4,1,4,3,3,3,3,4,2,3,3,3,3,15,8,FALSE
Male,Loyal Customer,60,Personal Travel,Eco,719,1,4,1,2,2,1,2,2,5,2,5,5,2,2.62,0,0,FALSE
Male,Loyal Customer,17,Business Travel,Eco,160,4,5,5,5,4,4,3,4,3,3,4,3,4,3.92,0,0,FALSE
Female,Loyal Customer,47,Business Travel,Business,624,2,2,4,2,4,5,4,5,5,5,5,4,3,3.85,39,36,TRUE
Female,Disloyal Customer,41,Business Travel,Eco,1440,3,3,3,3,3,3,3,3,3,5,4,2,3,3.15,9,0,FALSE
Male,Loyal Customer,43,Business Travel,Business,629,4,4,4,4,5,4,4,4,4,4,4,3,4,4,63,50,TRUE
Female,Loyal Customer,35,Personal Travel,Eco,674,2,4,2,3,4,2,4,4,4,3,5,4,4,3.46,130,119,FALSE
Female,Loyal Customer,54,Personal Travel,Eco,937,4,4,4,4,5,5,5,2,2,4,4,5,5,4.08,0,0,FALSE
Male,Loyal Customer,15,Business Travel,Business,1800,1,1,1,1,4,4,4,4,4,5,5,4,4,3.23,0,0,TRUE
Male,Loyal Customer,67,Personal Travel,Eco,1608,2,5,3,2,2,3,2,2,5,5,5,4,2,3.23,0,1,FALSE
Male,Loyal Customer,65,Personal Travel,Eco,199,2,4,0,2,4,0,4,4,3,3,4,3,4,2.85,0,12,FALSE
Female,Loyal Customer,26,Business Travel,Business,1607,3,1,3,1,2,2,3,2,4,5,3,4,2,2.69,8,9,FALSE
Male,Loyal Customer,44,Business Travel,Business,946,1,1,1,1,5,5,4,5,5,5,5,3,3,3.38,28,2,TRUE
Male,Loyal Customer,57,Personal Travel,Eco,270,3,5,0,3,4,0,5,4,4,3,5,5,4,3.46,28,18,FALSE
Male,Loyal Customer,24,Business Travel,Eco Plus,1189,2,2,5,2,2,2,1,2,1,3,3,3,2,2.31,8,0,FALSE
Male,Loyal Customer,40,Business Travel,Business,2214,4,4,4,4,2,5,5,3,3,3,3,5,5,3.85,0,0,TRUE
Male,Loyal Customer,27,Personal Travel,Eco,337,5,5,5,5,3,5,3,3,5,2,5,3,3,4,1,0,TRUE
Female,Loyal Customer,41,Business Travel,Business,325,3,3,3,3,3,5,4,5,5,5,5,5,3,4,0,0,TRUE
Female,Loyal Customer,36,Business Travel,Eco Plus,258,5,4,4,4,5,5,5,5,5,2,5,5,5,4.54,12,9,TRUE
Male,Loyal Customer,42,Business Travel,Business,3866,4,4,4,4,3,5,4,5,5,5,5,5,5,4.46,44,41,TRUE
Male,Loyal Customer,39,Business Travel,Business,2336,3,3,3,3,3,5,5,4,4,4,4,5,4,3.85,0,0,TRUE
Female,Disloyal Customer,21,Business Travel,Eco,846,3,3,3,2,1,3,1,1,2,1,3,4,1,2.15,0,0,FALSE
Male,Loyal Customer,47,Business Travel,Business,861,2,2,3,2,2,3,3,2,2,2,2,4,3,2.46,0,7,FALSE
Female,Loyal Customer,46,Business Travel,Business,2407,3,3,3,3,2,5,5,4,4,5,4,4,5,3.85,0,0,TRUE
Male,Loyal Customer,64,Business Travel,Business,3607,2,1,1,1,3,4,3,2,2,2,2,4,3,2.31,0,2,FALSE
Female,Loyal Customer,49,Business Travel,Business,2119,2,2,2,2,2,4,5,5,5,5,5,3,5,3.62,0,0,TRUE
Male,Loyal Customer,51,Business Travel,Business,3358,0,0,0,3,2,5,3,4,4,4,4,1,3,2.54,31,24,TRUE
Male,Loyal Customer,41,Business Travel,Business,1205,3,4,4,4,2,4,4,3,3,4,3,1,3,3.23,0,0,FALSE
Female,Loyal Customer,37,Business Travel,Business,1752,3,3,3,3,1,4,3,3,3,3,3,4,2,2.92,0,0,FALSE
Male,Loyal Customer,35,Business Travel,Business,3640,4,4,4,4,2,4,5,5,5,5,5,4,4,4.23,31,47,TRUE
Female,Loyal Customer,54,Business Travel,Business,1440,4,4,4,4,3,4,4,4,4,4,4,3,4,3.85,12,0,TRUE
Male,Loyal Customer,51,Business Travel,Business,373,5,5,5,5,3,4,5,5,5,5,5,3,3,4.46,1,9,TRUE
Male,Loyal Customer,35,Business Travel,Business,2999,2,3,2,2,5,4,4,4,4,4,4,4,4,3.54,39,30,TRUE
Male,Loyal Customer,12,Personal Travel,Eco,1476,1,4,1,1,4,1,1,4,4,2,4,4,4,2.69,69,85,FALSE
Female,Loyal Customer,31,Business Travel,Eco,1754,2,1,1,1,2,2,2,2,4,4,3,4,2,2.31,27,32,FALSE
Male,Loyal Customer,54,Business Travel,Business,1488,3,3,3,3,5,5,5,5,5,5,5,4,3,4.15,1,6,TRUE
Male,Loyal Customer,36,Business Travel,Business,3163,4,4,4,4,5,4,4,4,4,4,4,4,3,4,102,103,TRUE
Female,Loyal Customer,55,Business Travel,Business,2375,3,3,3,3,5,3,4,3,3,2,3,2,1,2.92,0,4,FALSE
Male,Disloyal Customer,29,Business Travel,Eco,651,3,4,3,4,1,3,1,1,4,2,3,2,1,2.46,0,0,FALSE
Female,Loyal Customer,31,Business Travel,Business,1047,2,2,2,2,5,5,5,5,3,2,5,3,5,3.54,65,63,TRUE
Male,Loyal Customer,54,Personal Travel,Eco,814,4,2,4,3,4,4,4,4,2,2,4,2,4,3.31,0,16,FALSE
Male,Loyal Customer,42,Personal Travel,Eco,1123,1,5,2,3,5,2,3,5,4,4,5,4,5,3.69,0,0,FALSE
Male,Loyal Customer,29,Personal Travel,Eco,920,2,4,2,2,3,2,3,3,5,3,4,5,3,3.15,0,0,FALSE
Female,Loyal Customer,52,Personal Travel,Eco,1969,3,4,3,3,1,4,4,4,4,3,4,4,4,3.46,0,0,FALSE
Female,Loyal Customer,62,Business Travel,Eco,413,4,4,4,4,2,4,3,4,4,4,4,4,4,3.77,23,27,TRUE
Male,Disloyal Customer,22,Business Travel,Business,2565,4,0,4,3,4,1,1,4,2,3,4,1,1,2.46,0,11,TRUE
Male,Loyal Customer,27,Business Travel,Business,2251,3,3,3,3,4,4,4,4,4,2,4,3,4,3.46,0,0,TRUE
Male,Loyal Customer,23,Business Travel,Business,2167,4,4,4,4,4,4,4,4,5,3,2,1,4,3.62,0,0,TRUE
Female,Loyal Customer,43,Business Travel,Business,1052,2,2,2,2,2,4,5,5,5,5,5,4,5,3.69,77,119,TRUE
Male,Loyal Customer,38,Business Travel,Business,1836,5,5,2,5,2,5,1,5,5,5,5,3,2,3.85,0,0,TRUE
Male,Loyal Customer,40,Business Travel,Business,432,5,5,1,5,5,1,5,4,4,4,4,4,1,3.69,6,0,TRUE
Female,Loyal Customer,61,Personal Travel,Eco,237,3,5,3,3,4,4,4,5,5,3,1,3,5,3.69,16,6,FALSE
Male,Loyal Customer,41,Business Travel,Business,581,2,2,2,2,3,5,4,5,5,5,5,4,3,3.62,0,0,TRUE
Female,Disloyal Customer,45,Business Travel,Eco,409,3,5,3,2,3,3,3,3,1,4,5,3,3,3.15,0,0,FALSE
Female,Loyal Customer,49,Personal Travel,Eco,386,3,5,3,1,4,5,5,1,1,3,1,4,4,3.08,0,0,FALSE
Male,Loyal Customer,54,Business Travel,Business,2671,3,3,3,3,3,5,4,4,4,4,4,3,4,3.62,0,0,TRUE
Male,Loyal Customer,66,Personal Travel,Eco,1590,1,5,1,3,2,1,2,2,3,4,5,5,2,2.77,0,0,FALSE
Female,Loyal Customer,51,Business Travel,Eco,109,5,4,4,4,1,1,3,5,5,5,5,3,5,3.85,0,0,TRUE
Male,Loyal Customer,27,Personal Travel,Eco,2296,3,4,2,1,2,5,5,3,3,3,4,5,5,3.46,132,167,FALSE
Female,Loyal Customer,34,Personal Travel,Eco,1020,0,4,0,3,4,0,4,4,4,3,1,2,4,2.54,4,0,TRUE
Male,Loyal Customer,23,Business Travel,Business,3402,4,4,4,4,4,4,4,4,5,2,5,4,4,4,0,0,TRUE
Male,Loyal Customer,20,Business Travel,Business,3387,2,2,2,2,5,5,5,5,1,5,5,1,5,3.46,13,12,TRUE
Male,Loyal Customer,61,Personal Travel,Eco,227,3,4,0,3,4,0,4,4,3,5,5,5,4,3.38,0,0,FALSE
Male,Loyal Customer,39,Business Travel,Business,2429,3,3,4,3,2,5,4,5,5,4,5,5,5,4.08,27,21,TRUE
Male,Loyal Customer,28,Personal Travel,Eco,89,3,4,3,3,2,3,2,2,3,2,2,1,2,2.46,0,0,FALSE
Female,Loyal Customer,52,Business Travel,Business,3089,0,0,0,1,2,4,4,5,5,2,2,4,4,2.54,15,18,TRUE
Male,Loyal Customer,26,Business Travel,Business,1076,1,1,2,1,5,5,5,5,4,5,4,5,5,3.69,0,0,TRUE
Male,Loyal Customer,8,Personal Travel,Eco,129,1,1,1,3,4,1,4,4,4,3,5,2,4,2.85,4,9,FALSE
Male,Loyal Customer,45,Business Travel,Business,3130,3,3,3,3,4,4,4,4,4,4,4,4,5,3.77,0,3,TRUE
Female,Loyal Customer,58,Business Travel,Business,1829,3,3,3,3,5,3,4,5,5,5,5,3,3,3.85,0,0,TRUE
Female,Disloyal Customer,27,Business Travel,Business,402,1,1,1,4,2,1,2,2,3,3,5,3,2,2.31,14,0,FALSE
Female,Loyal Customer,44,Business Travel,Business,1767,0,5,0,1,5,5,4,5,5,5,5,3,3,3.54,0,0,TRUE
Female,Loyal Customer,29,Personal Travel,Eco,682,3,5,3,3,4,3,4,4,4,2,5,3,4,3.62,11,16,FALSE
Female,Loyal Customer,49,Business Travel,Business,3351,2,2,2,2,3,2,1,5,5,5,5,4,2,3.08,0,0,TRUE
Male,Loyal Customer,33,Personal Travel,Eco,1532,1,1,1,2,5,1,5,5,1,1,2,3,5,2.54,0,0,FALSE
Female,Loyal Customer,41,Business Travel,Business,409,3,3,3,3,5,5,5,5,5,5,5,3,3,4.08,0,28,TRUE
Male,Loyal Customer,35,Business Travel,Business,2978,4,4,4,4,4,3,4,4,4,4,4,4,4,3.92,13,12,FALSE
Male,Loyal Customer,48,Personal Travel,Eco,1086,3,2,3,4,2,3,2,2,3,5,3,1,2,2.69,12,0,FALSE
Male,Loyal Customer,40,Personal Travel,Eco,358,2,5,2,4,2,3,3,4,4,4,5,3,3,3.38,162,151,FALSE
Female,Loyal Customer,39,Business Travel,Business,333,4,4,4,4,2,5,5,5,5,5,5,4,5,4.38,0,0,TRUE
Male,Loyal Customer,30,Personal Travel,Eco,376,3,5,3,2,5,3,5,5,4,4,4,5,5,4.08,17,17,FALSE
Female,Loyal Customer,15,Business Travel,Business,3580,1,3,3,3,1,1,1,1,3,1,3,4,1,2,8,9,FALSE
Male,Disloyal Customer,10,Business Travel,Eco,601,4,5,4,2,2,4,2,2,5,3,3,5,2,3.31,0,0,TRUE
Female,Loyal Customer,43,Business Travel,Business,719,3,5,5,5,4,3,3,2,1,3,2,3,3,3.23,130,134,FALSE
Male,Loyal Customer,41,Business Travel,Business,989,4,4,4,4,2,5,5,5,5,5,5,4,4,4.31,0,0,TRUE
Female,Disloyal Customer,40,Business Travel,Business,908,5,5,5,2,3,5,2,3,5,5,4,3,3,3.85,12,28,TRUE
Male,Disloyal Customer,20,Business Travel,Eco,1075,4,4,4,2,2,4,2,2,2,1,2,2,2,2.54,0,0,FALSE
Female,Disloyal Customer,30,Business Travel,Business,1562,3,3,3,3,5,3,1,5,3,2,4,3,5,3.31,0,0,FALSE
Female,Disloyal Customer,25,Business Travel,Business,528,5,0,5,2,2,5,2,2,5,2,5,4,2,3.15,0,0,TRUE
Male,Disloyal Customer,24,Business Travel,Eco,585,3,3,3,3,3,2,4,2,4,4,3,4,4,3.23,147,155,FALSE
Male,Loyal Customer,47,Business Travel,Business,675,5,5,5,5,5,4,4,3,3,3,3,4,3,4,0,0,TRUE
Female,Loyal Customer,69,Personal Travel,Eco,399,3,2,3,3,2,3,2,3,3,3,3,2,4,2.77,8,12,FALSE
Female,Loyal Customer,10,Personal Travel,Eco,125,2,4,2,4,3,2,3,3,2,5,4,4,3,3.15,17,,FALSE
Male,Loyal Customer,41,Business Travel,Eco,188,5,5,5,5,5,5,5,5,2,5,5,3,5,4.62,0,0,TRUE
Female,Loyal Customer,18,Business Travel,Business,2872,5,5,5,5,5,5,5,5,4,2,4,4,5,4.54,0,0,TRUE
Male,Loyal Customer,47,Personal Travel,Eco,666,2,4,2,3,2,2,2,2,4,2,5,5,2,2.85,0,0,FALSE
Female,Loyal Customer,58,Business Travel,Business,273,5,5,5,5,1,2,5,5,5,5,5,1,4,4.08,0,0,TRUE
Female,Loyal Customer,9,Personal Travel,Eco,525,1,5,1,2,3,1,3,3,3,4,4,3,3,2.77,0,0,FALSE
Male,Loyal Customer,17,Personal Travel,Eco,647,3,4,3,5,5,3,5,5,5,1,5,5,5,4.15,0,1,FALSE
Male,Loyal Customer,56,Business Travel,Business,337,0,0,0,2,2,4,4,2,2,2,2,4,3,2.08,0,0,TRUE
Female,Disloyal Customer,41,Business Travel,Business,189,3,3,3,4,5,3,5,5,1,1,3,3,5,3.38,0,0,FALSE
Female,Loyal Customer,25,Business Travel,Business,2585,5,5,5,5,4,4,4,4,4,3,5,4,4,4.31,6,0,TRUE
Male,Loyal Customer,44,Personal Travel,Eco,628,2,5,2,3,5,2,4,5,5,5,5,3,5,3.92,0,34,FALSE
Female,Loyal Customer,44,Business Travel,Eco,270,3,3,3,3,1,4,3,3,3,3,3,4,1,2.85,0,0,FALSE
Female,Loyal Customer,22,Personal Travel,Business,258,2,3,2,5,5,2,3,5,1,5,1,4,5,3.31,8,11,FALSE
Male,Loyal Customer,62,Business Travel,Business,2932,4,4,4,4,2,4,3,4,4,4,4,2,4,3.62,1,6,FALSE
Female,Disloyal Customer,23,Business Travel,Eco,125,2,2,2,3,4,2,4,4,3,5,3,2,4,3.08,0,1,FALSE
Male,Disloyal Customer,26,Business Travel,Business,621,5,5,5,3,3,5,3,3,5,5,4,5,3,4.15,68,54,TRUE
Female,Loyal Customer,15,Personal Travel,Eco,458,3,4,3,3,2,3,2,2,5,5,5,4,2,3.31,8,1,FALSE
Female,Loyal Customer,46,Business Travel,Business,3425,1,1,5,1,5,5,4,4,4,4,4,4,4,3.54,0,0,TRUE
Male,Loyal Customer,47,Personal Travel,Eco,2248,2,5,2,3,5,2,5,5,1,3,4,5,5,3.62,4,0,FALSE
Male,Loyal Customer,26,Business Travel,Eco,2329,5,5,5,5,5,4,5,5,1,5,5,2,5,4.38,0,0,TRUE
Male,Loyal Customer,50,Business Travel,Eco,347,4,3,3,3,4,4,4,4,2,5,4,4,4,3.69,0,1,TRUE
Male,Loyal Customer,47,Business Travel,Business,1718,2,2,2,2,3,5,5,3,3,4,3,5,3,3.23,0,0,TRUE
Female,Loyal Customer,15,Personal Travel,Business,1072,2,5,2,4,5,2,5,5,5,5,4,5,5,4.15,0,0,FALSE
Female,Disloyal Customer,28,Business Travel,Eco,1404,1,1,1,5,5,1,5,5,4,5,4,3,5,3.46,0,0,FALSE
Female,Disloyal Customer,29,Business Travel,Business,302,2,2,2,4,2,2,2,2,4,3,5,4,2,2.77,0,0,FALSE
Female,Loyal Customer,71,Business Travel,Eco Plus,670,2,2,2,2,2,4,4,2,2,2,2,2,1,2.23,0,0,FALSE
Female,Loyal Customer,42,Business Travel,Business,2034,5,5,5,5,4,4,4,4,4,4,4,4,5,4.38,0,0,TRUE
Female,Loyal Customer,51,Business Travel,Business,2423,3,3,1,3,4,5,5,4,4,4,4,5,4,3.77,0,0,TRUE
Male,Loyal Customer,7,Personal Travel,Eco,1303,3,4,3,4,4,3,2,4,4,4,3,5,4,3.62,2,0,FALSE
Female,Loyal Customer,34,Personal Travel,Eco,1222,1,5,1,1,3,1,3,3,1,5,1,1,3,2.23,0,0,FALSE
Male,Loyal Customer,8,Personal Travel,Eco Plus,834,1,5,1,4,3,1,3,3,5,4,4,4,3,3.15,0,21,FALSE
Female,Disloyal Customer,21,Business Travel,Eco,581,4,0,4,2,5,4,5,5,4,4,5,5,5,4,0,2,FALSE
Female,Loyal Customer,44,Personal Travel,Eco,862,3,5,3,5,5,5,4,3,3,3,3,5,3,3.85,12,9,FALSE
Male,Loyal Customer,44,Business Travel,Business,116,4,1,1,1,4,3,4,1,1,2,4,4,4,2.62,0,2,FALSE
Female,Loyal Customer,34,Business Travel,Eco Plus,1144,5,4,4,4,5,4,5,5,1,2,1,2,5,3.62,0,0,TRUE
Female,Loyal Customer,33,Business Travel,Business,937,5,5,5,5,5,4,5,5,5,5,5,4,2,4.62,0,0,TRUE
Male,Loyal Customer,50,Business Travel,Eco,1617,4,2,5,5,3,4,3,3,4,4,5,5,3,3.85,0,0,TRUE
Female,Loyal Customer,17,Personal Travel,Eco,925,2,3,2,4,3,2,5,3,2,3,4,5,3,3.15,0,0,FALSE
Female,Disloyal Customer,38,Business Travel,Eco,189,3,0,3,3,1,3,1,1,1,5,4,5,1,2.38,0,2,FALSE
Male,Loyal Customer,26,Personal Travel,Eco,926,2,5,2,1,2,5,5,4,5,4,4,5,5,3.77,138,144,FALSE
Female,Loyal Customer,54,Personal Travel,Eco,651,4,4,4,2,4,1,1,1,1,4,1,3,1,2.38,0,0,FALSE
Female,Loyal Customer,35,Personal Travel,Eco,213,0,3,0,4,3,0,3,3,4,3,4,3,3,2.54,0,2,TRUE
Male,Disloyal Customer,26,Business Travel,Eco,241,2,2,2,3,4,2,4,4,4,2,4,3,4,3.08,0,0,FALSE
Female,Loyal Customer,44,Business Travel,Business,181,3,3,3,3,3,4,4,5,5,5,4,3,4,3.77,4,3,TRUE
Female,Loyal Customer,48,Personal Travel,Eco,957,2,5,3,4,3,5,5,1,1,3,1,5,4,3.23,35,25,FALSE
Male,Loyal Customer,22,Personal Travel,Eco,1325,3,5,3,2,3,3,3,4,2,5,4,3,3,3.31,97,143,FALSE
Male,Loyal Customer,32,Business Travel,Business,3771,1,1,1,1,2,2,2,2,4,2,2,5,2,2.08,0,0,TRUE
Female,Loyal Customer,10,Personal Travel,Eco,493,3,5,3,3,3,3,3,3,3,4,5,5,3,3.54,0,0,FALSE
Female,Loyal Customer,52,Business Travel,Eco Plus,363,2,2,2,2,5,3,4,2,2,2,2,2,2,2.46,0,0,FALSE
Female,Loyal Customer,30,Personal Travel,Eco,528,1,5,2,2,2,2,2,2,5,1,5,4,2,2.69,0,0,FALSE
Male,Loyal Customer,31,Business Travel,Business,1671,4,4,5,4,4,4,4,4,5,2,4,5,4,4.08,16,44,TRUE
Male,Disloyal Customer,21,Business Travel,Eco,268,2,2,2,4,5,2,5,5,2,3,3,4,5,3.38,13,13,FALSE
Female,Loyal Customer,36,Personal Travel,Eco Plus,2342,3,3,3,1,5,3,5,5,3,2,3,2,5,3.31,58,36,FALSE
Female,Loyal Customer,43,Personal Travel,Eco,692,1,3,0,4,5,3,4,1,1,0,1,3,3,2.23,0,0,FALSE
Male,Loyal Customer,69,Personal Travel,Eco Plus,2176,2,2,2,3,4,2,4,4,3,4,4,2,4,3.08,58,89,FALSE
Female,Loyal Customer,50,Personal Travel,Eco,689,3,2,3,4,3,4,3,2,2,3,2,3,2,2.77,0,0,FALSE
Female,Loyal Customer,43,Business Travel,Business,442,4,4,2,4,5,5,4,4,4,5,4,5,3,4.08,2,4,TRUE
Male,Disloyal Customer,37,Business Travel,Eco,244,3,5,3,4,3,3,3,3,5,3,3,1,3,3.23,3,0,FALSE
Female,Loyal Customer,32,Business Travel,Business,2416,5,5,5,5,4,4,5,4,2,5,3,3,4,4.15,0,3,TRUE
Female,Disloyal Customer,21,Business Travel,Eco,785,4,4,4,3,4,3,3,4,2,3,2,3,3,3.23,0,0,FALSE
Female,Loyal Customer,52,Personal Travel,Eco,77,4,5,0,4,4,5,5,4,4,0,4,4,4,3.62,8,5,FALSE
Female,Disloyal Customer,39,Business Travel,Eco,143,4,4,4,2,1,4,1,1,2,5,2,5,1,2.77,2,0,TRUE
Male,Loyal Customer,51,Business Travel,Eco Plus,583,2,3,1,3,2,2,2,2,2,3,4,4,2,2.46,3,0,FALSE
Female,Loyal Customer,44,Business Travel,Eco,624,3,1,1,1,4,1,1,2,2,3,2,3,3,2.08,0,11,FALSE
Male,Loyal Customer,45,Business Travel,Business,2587,4,4,2,4,3,4,5,4,4,4,4,4,4,3.85,0,0,TRUE
Male,Loyal Customer,22,Personal Travel,Eco,642,2,5,2,2,1,2,1,1,4,2,5,5,1,2.54,0,3,FALSE
Female,Loyal Customer,62,Personal Travel,Eco,280,1,5,1,2,3,5,4,4,4,1,4,4,4,3.23,0,0,FALSE
Female,Disloyal Customer,21,Business Travel,Business,548,5,0,5,2,2,5,2,2,3,3,4,2,2,2.85,0,0,TRUE
Male,Loyal Customer,41,Personal Travel,Business,425,2,2,3,3,3,3,3,1,1,3,1,4,4,2.54,26,11,FALSE
Female,Loyal Customer,30,Business Travel,Business,1721,3,3,3,3,3,3,3,3,1,4,3,2,3,2.85,0,0,FALSE
Male,Loyal Customer,37,Business Travel,Business,3869,0,0,0,3,3,5,5,2,2,5,5,5,3,2.92,0,0,TRUE
Female,Loyal Customer,55,Business Travel,Eco,2092,1,3,4,4,1,4,4,2,2,1,2,1,3,2.46,36,10,FALSE
Female,Loyal Customer,17,Personal Travel,Eco,315,5,5,5,2,2,5,2,2,5,3,4,3,2,3.46,0,15,TRUE
Female,Loyal Customer,52,Business Travel,Eco,986,2,1,1,1,4,4,4,2,2,2,2,3,3,2.38,0,0,FALSE
Male,Loyal Customer,18,Business Travel,Business,1589,3,3,1,3,2,2,2,2,3,2,3,5,2,2.54,2,0,TRUE
Female,Loyal Customer,8,Business Travel,Business,910,4,4,4,4,4,4,4,4,2,1,4,3,4,3.54,0,19,FALSE
Female,Loyal Customer,52,Business Travel,Business,296,4,4,4,4,4,5,5,4,2,5,5,5,5,4.31,151,225,TRUE
Female,Loyal Customer,49,Business Travel,Eco,140,3,2,2,2,4,3,4,3,3,3,3,3,4,3,0,0,FALSE
Female,Loyal Customer,41,Personal Travel,Eco,404,5,4,5,1,2,5,2,2,5,2,4,5,2,3.38,0,0,TRUE
Male,Loyal Customer,39,Personal Travel,Eco,577,2,4,2,1,1,2,1,1,4,3,4,5,1,2.38,15,40,FALSE
Female,Loyal Customer,27,Personal Travel,Eco,984,3,4,3,1,5,3,2,5,3,2,5,5,5,3.54,0,0,FALSE
Male,Loyal Customer,48,Business Travel,Eco,402,3,3,3,3,2,3,2,2,1,5,4,4,2,2.85,0,6,FALSE
Female,Disloyal Customer,27,Business Travel,Eco Plus,550,4,3,3,2,3,3,3,3,5,4,1,1,3,2.92,0,0,FALSE
Male,Disloyal Customer,29,Business Travel,Eco,1020,4,4,4,4,4,4,4,4,1,4,3,3,4,3.62,3,0,FALSE
Male,Disloyal Customer,21,Business Travel,Eco,620,4,1,4,4,5,4,5,5,4,3,3,2,5,3.77,8,23,FALSE
Male,Loyal Customer,48,Business Travel,Business,302,0,0,0,4,3,4,4,2,2,2,2,5,4,2.46,0,2,TRUE
Male,Loyal Customer,31,Business Travel,Business,757,2,2,2,2,2,2,2,2,4,2,5,4,2,2.54,3,0,TRUE
Female,Disloyal Customer,41,Business Travel,Eco,581,3,0,3,1,3,3,3,3,2,2,4,3,3,2.54,0,0,FALSE
Female,Loyal Customer,28,Business Travel,Business,862,1,1,1,1,5,5,5,5,3,4,4,5,5,3.46,65,47,TRUE
Male,Loyal Customer,52,Business Travel,Eco Plus,565,5,3,3,3,5,5,5,5,1,1,1,5,5,3.62,10,0,TRUE
Female,Loyal Customer,48,Business Travel,Business,2205,3,3,3,3,5,5,5,5,5,5,5,3,3,4.08,0,0,TRUE
Female,Loyal Customer,26,Business Travel,Business,2153,1,1,5,1,5,5,5,5,3,4,3,5,5,3.69,22,20,TRUE
Female,Disloyal Customer,23,Business Travel,Eco,292,3,2,3,3,4,3,4,4,4,2,4,4,4,3.38,111,113,FALSE
Male,Loyal Customer,46,Business Travel,Business,334,5,4,5,5,2,4,5,5,5,5,5,4,4,4.46,0,0,TRUE
Female,Loyal Customer,19,Business Travel,Business,1089,4,4,4,4,4,4,4,4,3,5,4,4,4,4,2,0,FALSE
Female,Loyal Customer,58,Business Travel,Business,1917,0,0,0,2,4,3,1,3,3,3,3,2,2,2,0,16,TRUE
Male,Loyal Customer,66,Personal Travel,Eco,416,4,3,4,2,4,4,1,4,4,2,3,4,4,3.31,28,22,FALSE
Male,Loyal Customer,11,Business Travel,Business,733,2,1,2,2,2,2,2,2,2,2,4,1,2,2,0,0,FALSE
Male,Loyal Customer,28,Business Travel,Business,2307,2,2,2,2,5,5,5,5,4,2,4,4,5,3.62,2,8,TRUE
Female,Loyal Customer,41,Business Travel,Eco,888,3,3,3,3,3,3,3,3,2,1,4,2,3,2.77,13,0,FALSE
Male,Loyal Customer,46,Business Travel,Business,2172,5,5,5,5,3,4,4,4,4,4,4,3,3,4.08,17,5,TRUE
Female,Loyal Customer,34,Personal Travel,Business,2704,4,1,4,4,4,1,5,3,5,2,4,5,5,3.62,0,0,FALSE
Female,Loyal Customer,15,Personal Travel,Business,1235,1,5,0,2,1,0,1,1,4,2,4,5,1,2.08,0,1,FALSE
Male,Loyal Customer,29,Personal Travel,Eco Plus,134,2,3,0,3,5,0,5,5,3,5,3,2,5,3.15,0,0,FALSE
Female,Loyal Customer,15,Personal Travel,Eco,261,3,1,3,1,2,3,2,2,4,4,2,2,2,2.38,0,0,FALSE
Male,Disloyal Customer,33,Business Travel,Eco,170,1,3,1,2,4,1,4,4,1,5,1,4,4,2.69,15,18,FALSE
Female,Loyal Customer,43,Business Travel,Business,491,3,3,3,3,2,5,5,4,4,5,4,3,3,3.62,0,0,TRUE
Male,Disloyal Customer,25,Business Travel,Business,951,4,0,4,3,3,4,3,3,3,3,4,3,3,3.08,1,0,TRUE
Female,Loyal Customer,36,Business Travel,Eco,731,3,4,1,1,3,3,3,3,2,2,4,4,3,2.77,61,57,FALSE
Male,Loyal Customer,42,Business Travel,Business,3375,2,2,2,2,2,4,5,5,5,5,5,4,5,3.69,0,0,TRUE
Female,Loyal Customer,47,Business Travel,Business,3024,4,4,4,4,3,4,5,5,5,5,5,4,5,4.38,18,8,TRUE
Female,Loyal Customer,35,Business Travel,Business,580,2,2,2,2,2,5,4,4,4,4,4,3,4,3.23,0,6,TRUE
Female,Loyal Customer,39,Business Travel,Business,119,4,4,4,4,5,3,2,5,5,5,3,3,2,3.77,0,0,TRUE
Female,Loyal Customer,44,Personal Travel,Eco,125,2,3,2,3,3,2,2,5,5,2,5,4,2,3.08,0,0,FALSE
Female,Loyal Customer,33,Personal Travel,Eco,444,4,4,4,2,2,4,2,2,3,5,4,4,2,3.23,0,1,FALSE
Female,Loyal Customer,44,Business Travel,Business,3578,2,5,2,2,4,5,4,4,4,4,4,3,3,3.54,14,4,TRUE
Female,Loyal Customer,63,Personal Travel,Eco Plus,270,2,5,2,2,5,5,4,4,4,2,4,5,4,3.69,3,0,FALSE
Male,Loyal Customer,11,Personal Travel,Eco,102,1,3,1,1,5,1,5,5,4,5,3,2,5,3.15,0,0,FALSE
Female,Loyal Customer,47,Personal Travel,Eco Plus,2227,5,4,5,3,2,4,5,3,3,5,3,3,3,3.69,0,1,TRUE
Female,Loyal Customer,37,Personal Travel,Eco,1188,2,2,2,3,2,2,2,2,2,1,4,4,2,2.31,0,0,FALSE
Male,Loyal Customer,23,Business Travel,Business,3612,3,2,2,2,3,3,3,3,2,2,4,2,3,2.62,39,39,FALSE
Male,Loyal Customer,37,Personal Travel,Eco,1023,3,4,3,5,5,3,4,5,4,2,2,5,5,3.85,0,0,FALSE
Female,Loyal Customer,18,Personal Travel,Eco Plus,616,1,4,1,1,1,2,2,3,3,5,4,2,2,2.38,199,196,FALSE
Male,Loyal Customer,32,Personal Travel,Eco,223,3,5,3,2,2,3,5,2,4,5,5,4,2,3.46,0,0,FALSE
Female,Loyal Customer,34,Business Travel,Business,1569,1,1,1,1,4,2,2,4,4,4,4,5,1,2.62,4,,TRUE
Female,Loyal Customer,29,Business Travel,Eco Plus,546,4,3,3,3,4,4,4,4,3,4,4,4,4,3.69,58,60,FALSE
Female,Loyal Customer,30,Business Travel,Business,2633,2,4,4,4,2,2,2,2,4,1,4,1,2,2.62,0,0,FALSE
Female,Disloyal Customer,49,Business Travel,Business,1389,2,2,2,3,1,2,1,1,1,2,4,1,1,1.77,3,13,FALSE
Male,Loyal Customer,46,Business Travel,Business,2917,1,1,1,1,5,5,5,3,5,3,5,5,5,3.46,4,9,TRUE
Female,Loyal Customer,40,Business Travel,Business,3464,1,1,1,1,4,4,5,4,4,4,4,4,3,3.08,5,8,TRUE
Female,Loyal Customer,35,Business Travel,Business,594,3,5,5,5,1,3,3,3,3,3,3,1,1,3,0,6,FALSE
Female,Loyal Customer,26,Personal Travel,Eco,599,2,0,3,1,3,3,3,3,4,2,4,3,3,2.62,0,0,FALSE
Male,Loyal Customer,54,Business Travel,Eco,77,2,1,4,4,3,2,3,3,2,5,4,4,3,3.08,4,6,FALSE
Male,Loyal Customer,22,Business Travel,Business,483,2,2,3,2,4,4,4,4,4,3,2,4,4,3.23,0,0,TRUE
Male,Loyal Customer,44,Personal Travel,Eco,610,3,4,3,1,4,3,4,4,5,4,5,4,4,3.69,0,18,FALSE
Female,Loyal Customer,32,Business Travel,Business,1574,4,4,4,4,4,4,4,4,2,2,5,2,4,3.62,49,41,TRUE
Male,Loyal Customer,55,Personal Travel,Eco,224,3,4,3,3,3,3,3,3,3,4,4,4,3,3.31,69,83,FALSE
Female,Loyal Customer,14,Personal Travel,Eco,683,3,4,3,1,5,3,5,5,2,4,2,4,5,3.54,8,9,FALSE
Female,Loyal Customer,42,Personal Travel,Eco,160,1,3,1,1,2,4,2,5,5,1,5,4,4,2.92,0,0,FALSE
Female,Loyal Customer,57,Business Travel,Business,2586,2,2,2,2,3,5,5,3,3,3,3,3,3,3,0,0,TRUE
Male,Loyal Customer,29,Business Travel,Business,2182,5,5,5,5,2,2,2,2,4,2,5,5,2,3.54,1,0,TRUE
Female,Loyal Customer,45,Business Travel,Business,3575,4,4,4,4,5,5,4,5,5,5,5,4,5,4.54,0,0,TRUE
Male,Loyal Customer,41,Business Travel,Business,1671,4,4,4,4,4,3,5,2,2,2,2,5,5,3.54,13,1,TRUE
Male,Loyal Customer,62,Personal Travel,Eco,749,3,4,4,1,4,4,4,4,5,4,4,4,4,3.77,8,0,FALSE
Female,Loyal Customer,46,Business Travel,Eco,495,3,3,3,3,1,3,3,3,3,3,3,4,3,2.92,41,76,FALSE
Male,Loyal Customer,39,Personal Travel,Eco Plus,342,3,4,3,2,2,3,2,2,4,2,5,5,2,3,0,0,FALSE
Male,Loyal Customer,32,Personal Travel,Eco Plus,406,1,4,1,1,3,1,3,3,5,5,4,3,3,2.85,0,0,FALSE
Female,Loyal Customer,31,Personal Travel,Eco,1024,3,5,3,3,4,3,4,4,5,2,5,4,4,3.77,0,0,FALSE
Male,Disloyal Customer,48,Business Travel,Business,227,2,3,3,3,5,2,5,5,4,1,4,4,5,3.54,0,0,FALSE
Female,Loyal Customer,28,Personal Travel,Eco Plus,299,4,4,4,4,2,4,2,2,4,3,4,3,2,3.23,0,0,FALSE
Male,Loyal Customer,56,Personal Travel,Eco,458,1,5,1,3,2,1,2,2,4,2,4,5,2,2.62,0,2,FALSE
Female,Disloyal Customer,25,Business Travel,Eco,844,2,2,2,3,2,1,1,4,5,3,4,1,1,2.38,127,149,FALSE
Male,Loyal Customer,32,Business Travel,Eco,1823,2,3,3,3,2,2,2,2,1,5,2,1,2,2.31,2,0,FALSE
Male,Loyal Customer,57,Business Travel,Eco,507,1,4,5,5,1,1,1,1,3,1,3,3,1,2.31,62,63,FALSE
Male,Loyal Customer,37,Personal Travel,Eco,185,2,4,0,4,2,0,2,2,1,3,5,3,2,2.31,0,0,FALSE
Female,Loyal Customer,57,Personal Travel,Eco,500,3,4,3,1,4,4,5,3,3,3,3,3,3,3.23,0,0,FALSE
Female,Loyal Customer,27,Personal Travel,Eco Plus,1438,2,4,1,3,5,1,2,5,4,3,3,4,5,3.23,0,0,FALSE
Male,Loyal Customer,55,Personal Travel,Eco,569,2,4,2,3,3,2,3,3,4,3,4,3,3,3,0,0,FALSE
Female,Loyal Customer,59,Personal Travel,Eco,328,4,3,4,3,1,3,2,3,3,4,3,1,2,2.77,7,0,FALSE
Female,Loyal Customer,66,Personal Travel,Eco,214,1,0,1,4,5,5,5,5,5,1,3,5,5,3.46,0,0,FALSE
Female,Loyal Customer,62,Business Travel,Eco Plus,738,3,3,4,3,1,2,3,3,3,3,3,3,2,2.77,25,17,FALSE
Male,Loyal Customer,54,Personal Travel,Eco,1797,1,4,1,5,5,1,5,5,5,4,4,5,5,3.85,11,38,FALSE
Female,Loyal Customer,19,Business Travel,Eco,406,1,5,5,5,1,1,3,1,4,5,3,3,1,2.92,74,79,FALSE
Female,Disloyal Customer,40,Business Travel,Business,251,1,0,0,2,3,0,3,3,2,1,5,4,3,2.08,0,0,FALSE
Male,Loyal Customer,57,Business Travel,Business,89,2,4,4,4,4,3,4,1,1,1,2,4,4,2.92,0,19,FALSE
Male,Disloyal Customer,41,Business Travel,Business,591,3,3,3,3,1,3,3,1,3,2,4,5,1,2.69,0,0,FALSE
Male,Loyal Customer,67,Business Travel,Eco Plus,341,3,1,5,1,3,3,3,3,3,4,2,4,3,2.92,4,40,FALSE
Female,Loyal Customer,59,Business Travel,Business,1741,3,3,3,3,3,4,4,5,5,5,5,4,5,4,45,54,TRUE
Female,Loyal Customer,47,Business Travel,Business,471,5,2,2,2,4,3,4,5,5,4,5,2,2,3.46,33,26,FALSE
Male,Loyal Customer,47,Business Travel,Business,3510,3,3,3,3,1,5,2,4,4,4,4,2,4,3.23,12,0,TRUE
Male,Loyal Customer,53,Business Travel,Business,3315,3,3,4,3,2,5,5,3,3,4,3,5,3,3.54,0,0,TRUE
Female,Loyal Customer,56,Business Travel,Business,3033,1,1,1,1,3,4,4,2,2,2,2,5,5,2.54,0,0,TRUE
Female,Disloyal Customer,36,Business Travel,Business,407,2,2,2,1,5,2,4,5,3,3,4,5,5,3.31,8,25,FALSE
Female,Loyal Customer,60,Personal Travel,Eco,407,1,4,1,4,2,3,3,2,2,1,5,1,4,2.54,0,0,FALSE
Female,Loyal Customer,45,Business Travel,Business,3784,2,2,2,2,5,4,5,5,5,5,5,4,5,3.92,0,0,TRUE
Male,Disloyal Customer,66,Business Travel,Business,359,1,1,1,3,5,1,4,5,4,2,3,1,5,2.77,39,30,FALSE
Female,Loyal Customer,55,Business Travel,Business,190,4,4,4,4,3,1,1,3,3,4,5,3,2,3.15,120,115,TRUE
Female,Disloyal Customer,41,Business Travel,Business,591,5,5,5,4,4,5,4,4,3,5,5,4,4,4.38,0,0,TRUE
Female,Loyal Customer,55,Business Travel,Business,3824,1,1,1,1,5,5,4,4,4,4,4,4,3,3.15,26,13,TRUE
Female,Loyal Customer,40,Business Travel,Business,3924,2,2,2,2,4,5,4,4,4,4,4,3,3,3.31,0,0,TRUE
Male,Loyal Customer,44,Business Travel,Business,1814,5,5,5,5,3,5,4,4,4,4,4,3,5,4.31,0,0,TRUE
Male,Loyal Customer,37,Business Travel,Eco,345,2,5,5,5,2,2,2,2,4,5,4,1,2,3.15,39,26,FALSE
Male,Disloyal Customer,30,Business Travel,Eco,563,1,1,1,3,3,1,1,3,2,4,3,1,3,2.08,0,2,FALSE
Male,Loyal Customer,39,Personal Travel,Eco,1587,4,5,4,3,4,4,3,4,3,4,5,3,4,3.85,0,0,FALSE
Male,Loyal Customer,30,Business Travel,Business,852,2,2,2,2,3,4,3,3,4,2,5,5,3,3.08,0,0,TRUE
Male,Loyal Customer,17,Business Travel,Business,2150,1,1,1,1,1,1,1,1,4,5,3,1,1,1.69,2,0,FALSE
Female,Loyal Customer,37,Business Travel,Eco,302,4,1,1,1,4,3,4,4,1,3,3,2,4,2.69,39,43,FALSE
Male,Loyal Customer,38,Business Travel,Business,1440,4,1,4,4,4,4,4,4,4,5,4,3,4,3.77,0,0,TRUE
Male,Loyal Customer,64,Personal Travel,Eco,762,5,5,5,3,1,5,1,1,3,5,5,3,1,3.31,31,3,TRUE
Female,Loyal Customer,19,Business Travel,Business,2496,2,4,4,4,2,2,2,2,3,1,3,2,2,2.54,0,0,FALSE
Male,Loyal Customer,8,Business Travel,Business,1464,2,2,2,2,2,3,2,2,1,5,3,1,2,2.23,0,0,FALSE
Female,Loyal Customer,50,Business Travel,Eco,1162,2,4,4,4,1,3,4,2,2,2,2,3,4,2.85,0,1,TRUE
Male,Loyal Customer,15,Personal Travel,Eco,323,3,2,3,4,2,3,2,2,1,4,3,2,2,2.54,98,93,FALSE
Male,Loyal Customer,66,Business Travel,Eco,550,3,3,3,3,3,3,3,3,5,2,3,1,3,2.92,0,0,TRUE
Female,Loyal Customer,32,Personal Travel,Eco,488,2,3,2,4,1,2,1,1,3,4,4,1,1,2.23,0,0,FALSE
Male,Loyal Customer,47,Business Travel,Business,1182,2,2,2,2,4,5,4,5,5,5,5,4,4,3.77,0,0,TRUE
Male,Loyal Customer,44,Business Travel,Business,1809,4,4,4,4,4,5,5,2,2,2,2,4,4,3.54,0,0,TRUE
Female,Loyal Customer,33,Business Travel,Eco,331,5,5,5,5,5,5,5,5,1,3,1,4,5,4.15,19,23,TRUE
Male,Loyal Customer,46,Business Travel,Eco Plus,191,1,2,2,2,1,1,1,1,1,1,4,2,1,1.54,21,3,FALSE
Male,Loyal Customer,39,Business Travel,Business,590,2,2,3,2,5,5,5,3,3,4,3,4,4,3.46,0,0,TRUE
Male,Disloyal Customer,23,Business Travel,Business,594,4,4,4,2,2,4,2,2,3,2,5,3,2,3,0,0,TRUE
Female,Loyal Customer,52,Business Travel,Business,354,1,1,1,1,2,5,4,4,4,4,4,3,3,2.85,0,0,TRUE
Female,Loyal Customer,43,Business Travel,Business,868,1,1,1,1,5,5,5,3,3,4,3,5,3,3.08,0,1,TRUE
Male,Loyal Customer,58,Personal Travel,Eco Plus,1986,3,4,3,1,1,3,1,1,5,1,4,3,1,2.38,0,0,FALSE
Female,Loyal Customer,66,Business Travel,Eco,721,4,5,5,5,3,1,5,4,4,4,4,4,3,3.92,0,0,TRUE
Female,Loyal Customer,59,Business Travel,Business,1352,2,2,2,2,4,5,4,2,2,2,2,4,4,2.85,0,0,TRUE
Female,Loyal Customer,37,Business Travel,Business,125,1,1,1,1,2,4,4,5,5,5,4,4,3,3.08,0,0,TRUE
Male,Loyal Customer,41,Business Travel,Business,1758,4,4,4,4,2,4,5,5,5,5,5,3,5,4.23,0,0,TRUE
Female,Disloyal Customer,24,Business Travel,Eco,867,3,3,3,1,5,3,5,5,4,1,4,1,5,3.31,0,0,FALSE
Male,Disloyal Customer,20,Business Travel,Eco,502,0,4,0,1,2,0,4,2,5,4,5,3,2,2.46,0,0,TRUE
Female,Loyal Customer,51,Business Travel,Eco,125,5,3,3,3,5,1,2,5,5,5,5,3,1,3.54,3,0,TRUE
Male,Loyal Customer,65,Business Travel,Eco,368,5,5,5,5,5,5,5,5,5,2,5,3,5,4.62,0,2,TRUE
Female,Disloyal Customer,23,Business Travel,Eco,788,1,1,1,3,1,1,1,1,2,4,1,1,1,1.46,0,0,FALSE
Male,Disloyal Customer,22,Business Travel,Eco,1024,2,2,2,2,5,2,2,5,5,5,5,1,5,3.31,0,0,FALSE
Male,Disloyal Customer,16,Business Travel,Eco,577,2,3,2,4,1,2,1,1,4,3,3,4,1,2.38,2,18,FALSE
Male,Loyal Customer,48,Business Travel,Eco,432,2,1,3,1,2,2,2,1,1,3,3,2,2,1.92,204,195,FALSE
Female,Loyal Customer,23,Business Travel,Business,3464,4,1,1,1,3,3,4,3,1,5,3,2,3,2.62,0,0,FALSE
Male,Loyal Customer,29,Personal Travel,Eco,406,2,4,5,1,5,5,4,5,3,2,5,5,5,3.92,0,2,FALSE
Female,Loyal Customer,24,Business Travel,Business,2706,4,5,5,5,4,3,4,4,3,1,3,3,4,3.69,0,0,FALSE
Female,Loyal Customer,21,Personal Travel,Eco,2173,2,5,2,3,4,2,4,4,3,3,4,3,4,3.31,10,5,FALSE
Female,Loyal Customer,22,Business Travel,Business,1437,5,5,5,5,4,4,4,4,3,4,5,3,4,4.23,3,0,TRUE
Male,Loyal Customer,56,Business Travel,Business,1970,2,2,2,2,3,5,5,4,4,4,4,3,3,3.31,0,0,TRUE
Female,Loyal Customer,47,Business Travel,Business,3721,5,5,5,5,5,5,5,5,5,5,5,5,3,4.85,0,0,TRUE
Male,Loyal Customer,42,Business Travel,Business,1671,5,5,3,5,4,3,4,5,5,5,5,3,5,4.38,7,0,TRUE
Male,Loyal Customer,24,Business Travel,Business,642,3,5,5,5,3,3,3,3,3,3,3,2,3,3.38,10,0,FALSE
Male,Disloyal Customer,27,Business Travel,Business,550,5,5,5,4,5,3,4,3,4,4,4,4,4,4.15,145,132,TRUE
Female,Loyal Customer,14,Personal Travel,Eco,447,2,4,2,4,2,2,2,2,1,1,4,2,2,2.31,0,1,FALSE
Male,Loyal Customer,40,Personal Travel,Eco Plus,588,2,5,2,2,2,2,2,2,4,5,4,4,2,2.92,0,0,FALSE
Female,Loyal Customer,53,Personal Travel,Eco,1262,2,5,2,3,4,5,5,1,1,2,1,4,4,3,0,0,FALSE
Male,Loyal Customer,54,Business Travel,Business,413,4,4,1,4,3,5,4,4,4,4,4,4,4,3.77,39,26,TRUE
Male,Loyal Customer,61,Business Travel,Business,370,4,4,4,4,5,4,1,5,5,5,5,3,2,3.92,70,68,TRUE
Male,Disloyal Customer,23,Business Travel,Eco,822,2,3,3,5,2,3,5,2,3,5,2,5,5,3.46,0,0,FALSE
Female,Loyal Customer,52,Business Travel,Business,3624,4,4,4,4,1,3,4,5,5,5,5,2,5,3.92,30,25,TRUE
Female,Loyal Customer,48,Personal Travel,Eco,2153,3,1,4,4,5,4,4,5,5,4,5,4,2,3.85,0,0,FALSE
Female,Loyal Customer,48,Personal Travel,Eco,404,2,4,2,1,4,5,5,2,2,2,4,3,4,3.08,0,0,FALSE
Female,Loyal Customer,33,Business Travel,Eco Plus,2342,4,3,3,3,4,3,4,4,1,4,3,4,4,3.38,0,0,FALSE
Female,Loyal Customer,51,Business Travel,Eco,589,4,2,2,2,2,3,4,4,4,4,4,4,5,3.38,0,0,TRUE
Female,Loyal Customer,16,Business Travel,Business,583,2,5,3,3,2,2,2,2,4,5,3,4,2,3,0,0,FALSE
Female,Loyal Customer,58,Business Travel,Business,188,1,1,1,1,3,1,5,5,5,5,5,3,4,3.08,0,0,TRUE
Male,Loyal Customer,37,Business Travel,Business,3414,1,1,1,1,4,3,5,5,5,5,5,1,1,2.92,0,2,TRUE
Female,Loyal Customer,40,Business Travel,Business,128,1,4,4,4,2,4,4,2,2,2,1,1,3,2.62,18,45,FALSE
Male,Loyal Customer,33,Business Travel,Business,2387,4,4,5,4,5,5,5,5,3,2,5,4,5,4.31,2,0,TRUE
Female,Loyal Customer,55,Business Travel,Business,770,1,1,1,1,2,4,5,5,5,5,5,3,3,3.15,34,40,TRUE
Female,Loyal Customer,57,Business Travel,Eco,101,5,4,4,4,4,2,3,5,5,5,5,4,3,4.08,0,0,TRUE
Male,Loyal Customer,23,Business Travel,Business,1944,1,1,1,1,1,1,1,1,4,5,4,2,1,1.85,27,28,FALSE
Female,Disloyal Customer,27,Business Travel,Business,386,4,4,4,5,5,4,1,5,3,5,5,4,5,4.15,2,0,FALSE
Female,Loyal Customer,10,Personal Travel,Eco,894,3,2,3,4,1,3,1,1,3,3,4,3,1,2.46,29,71,FALSE
Male,Loyal Customer,46,Business Travel,Business,1416,2,2,2,2,5,4,4,4,4,4,4,4,3,3.38,0,0,TRUE
Male,Loyal Customer,19,Personal Travel,Eco,153,1,4,1,1,1,1,1,1,4,2,4,5,1,2.08,0,0,FALSE
Male,Loyal Customer,46,Business Travel,Business,945,4,4,4,4,2,1,2,4,4,4,4,3,4,3.38,0,0,TRUE
Female,Disloyal Customer,37,Business Travel,Eco,301,3,3,3,2,3,2,2,4,5,4,5,2,2,3.08,220,219,FALSE
Male,Loyal Customer,38,Personal Travel,Eco,577,3,5,4,3,4,4,3,4,5,5,4,5,4,4.08,40,66,FALSE
Female,Loyal Customer,47,Personal Travel,Eco,985,1,4,1,1,5,4,4,5,5,1,5,5,5,3.54,0,0,FALSE
Male,Disloyal Customer,21,Business Travel,Eco,223,5,0,5,2,1,5,1,1,4,2,4,4,1,2.69,0,0,TRUE
Female,Disloyal Customer,24,Business Travel,Eco,1171,4,4,4,2,1,4,1,1,3,2,5,5,1,2.85,23,0,TRUE
Female,Loyal Customer,18,Business Travel,Business,3518,1,1,1,1,4,4,4,4,5,4,4,5,4,3.23,0,0,TRUE
Female,Loyal Customer,40,Business Travel,Business,1726,4,3,4,4,5,4,4,5,5,5,5,4,3,4.23,11,10,TRUE
Male,Loyal Customer,60,Business Travel,Business,3545,5,1,5,5,4,5,5,4,4,4,4,4,3,4.08,3,0,TRUE
Female,Loyal Customer,43,Personal Travel,Eco,67,2,3,2,4,1,4,2,4,4,2,4,5,2,3,29,38,FALSE
Female,Loyal Customer,47,Business Travel,Business,952,4,1,1,1,4,4,3,4,4,4,4,4,3,3.15,4,26,FALSE
Male,Loyal Customer,64,Personal Travel,Eco,455,3,5,3,1,1,3,1,1,5,3,5,5,1,2.85,5,0,FALSE
Male,Loyal Customer,14,Personal Travel,Eco,2311,1,4,1,4,1,3,3,4,5,4,3,3,3,3,16,18,FALSE
Male,Loyal Customer,36,Business Travel,Business,2411,5,5,5,5,3,4,5,4,4,4,4,3,3,4.15,0,0,TRUE
Female,Loyal Customer,69,Business Travel,Business,67,2,2,2,2,1,3,3,3,3,3,2,1,4,2.38,7,8,FALSE
Male,Loyal Customer,32,Personal Travel,Eco,577,4,5,4,4,5,4,5,5,5,2,4,3,5,4.23,0,0,FALSE
Female,Loyal Customer,22,Business Travel,Business,675,2,1,2,2,4,4,4,4,3,5,4,4,4,3.31,0,0,TRUE
Female,Loyal Customer,60,Business Travel,Business,356,3,5,5,5,5,2,2,3,3,3,3,1,2,3.23,9,0,FALSE
Female,Loyal Customer,26,Personal Travel,Business,328,3,3,3,3,2,3,1,2,3,5,2,3,2,2.69,0,0,FALSE
Female,Loyal Customer,24,Personal Travel,Eco,588,4,5,4,4,4,4,4,4,4,4,5,5,4,4.23,0,0,FALSE
Male,Loyal Customer,22,Business Travel,Business,1983,2,5,5,5,2,2,2,2,1,4,4,3,2,3,1,11,FALSE
Male,Loyal Customer,39,Personal Travel,Eco,1471,4,4,4,2,2,4,2,2,5,3,5,3,2,3.23,22,11,FALSE
Male,Loyal Customer,39,Business Travel,Business,1235,2,5,2,2,4,5,4,5,5,5,5,5,5,4.15,5,4,TRUE
Female,Loyal Customer,55,Business Travel,Business,1911,2,1,2,2,3,4,4,5,5,5,5,4,5,3.62,38,36,TRUE
Male,Loyal Customer,33,Business Travel,Business,1416,3,3,3,3,2,2,2,2,4,2,2,5,2,2.69,35,38,TRUE
Female,Loyal Customer,13,Personal Travel,Eco,861,3,5,3,1,2,3,2,2,5,3,4,3,2,2.92,3,0,FALSE
Male,Loyal Customer,44,Business Travel,Eco,293,3,1,4,1,3,3,3,3,1,4,3,1,3,2.54,42,36,FALSE
Female,Loyal Customer,34,Personal Travel,Eco Plus,255,3,5,3,3,2,3,2,2,3,2,4,4,2,2.92,0,0,FALSE
Female,Disloyal Customer,29,Business Travel,Eco,1235,3,3,3,4,3,3,3,3,3,4,3,4,3,3.23,27,12,FALSE
Male,Loyal Customer,38,Business Travel,Business,3164,3,3,3,3,5,4,5,5,5,5,5,3,3,4,0,0,TRUE
Female,Loyal Customer,28,Business Travel,Business,3449,1,1,1,1,5,5,5,5,5,3,4,3,5,3.38,0,0,TRUE
Male,Loyal Customer,29,Business Travel,Eco,861,4,3,3,3,4,4,4,4,2,5,3,5,4,3.69,0,0,TRUE
Female,Loyal Customer,31,Business Travel,Business,3326,5,5,5,5,5,5,5,5,1,5,1,2,5,4.15,0,0,TRUE
Female,Disloyal Customer,25,Business Travel,Eco,268,3,3,2,4,1,2,1,1,4,5,4,2,1,2.54,0,6,FALSE
Male,Disloyal Customer,40,Business Travel,Business,2586,2,2,2,3,5,2,5,5,4,5,4,3,5,3.62,0,0,FALSE
Female,Loyal Customer,48,Business Travel,Eco,89,2,2,2,2,4,3,3,1,1,2,1,4,1,2.15,0,20,FALSE
Male,Loyal Customer,9,Personal Travel,Eco Plus,386,3,5,3,2,5,3,4,5,4,2,5,5,5,3.92,6,11,FALSE
Male,Loyal Customer,50,Personal Travel,Eco,259,2,4,2,2,1,2,1,1,2,4,2,1,1,1.92,0,0,FALSE
Male,Loyal Customer,51,Business Travel,Business,533,3,3,3,3,5,4,4,4,4,4,4,5,5,3.92,4,6,TRUE
Female,Disloyal Customer,25,Business Travel,Business,585,5,0,5,5,5,5,5,5,4,4,4,3,5,4.23,7,20,TRUE
Female,Loyal Customer,42,Business Travel,Eco,797,2,2,2,2,5,3,5,2,2,2,2,5,4,2.92,18,9,TRUE
Female,Disloyal Customer,30,Business Travel,Eco,759,2,2,2,4,3,2,3,3,3,5,4,4,3,3.08,15,10,FALSE
Male,Loyal Customer,19,Personal Travel,Eco,312,1,5,3,4,5,3,1,5,4,2,5,5,5,3.69,12,5,FALSE
Male,Disloyal Customer,10,Business Travel,Eco,792,1,1,1,3,4,1,4,4,1,4,3,2,4,2.54,14,29,FALSE
Male,Loyal Customer,42,Business Travel,Business,2895,5,5,4,5,5,5,5,4,4,4,4,3,3,4.31,0,0,TRUE
Female,Loyal Customer,35,Business Travel,Business,2420,4,4,4,4,1,2,3,4,4,4,4,3,1,3.23,0,16,TRUE
Female,Loyal Customer,22,Business Travel,Eco,102,3,2,2,2,3,3,1,3,2,5,4,1,3,2.62,10,11,FALSE
Female,Loyal Customer,61,Personal Travel,Eco,643,2,4,2,2,4,5,4,5,5,2,5,4,5,3.77,100,112,FALSE
Female,Loyal Customer,57,Personal Travel,Eco,907,1,4,1,2,3,5,5,2,2,1,5,3,3,2.85,0,0,FALSE
Female,Loyal Customer,40,Business Travel,Business,1325,2,2,2,2,2,3,4,2,2,2,2,1,1,2.08,0,0,FALSE
Male,Disloyal Customer,15,Business Travel,Eco,1141,4,4,4,5,4,4,4,4,2,4,4,5,4,4,0,5,FALSE
Female,Loyal Customer,55,Business Travel,Eco Plus,177,4,5,3,5,3,5,4,4,4,4,4,1,4,3.85,0,0,TRUE
Male,Disloyal Customer,23,Business Travel,Eco,1016,5,5,5,3,5,5,5,5,5,3,3,5,5,4.54,28,32,TRUE
Female,Disloyal Customer,37,Business Travel,Business,223,5,5,5,3,1,5,1,1,5,4,5,5,1,3.54,0,0,TRUE
Female,Loyal Customer,57,Business Travel,Business,272,0,0,0,4,5,5,5,4,4,4,4,4,3,3.23,0,0,TRUE
Male,Loyal Customer,28,Business Travel,Business,2207,0,5,0,2,2,2,2,2,4,3,2,1,2,2.08,0,0,TRUE
Female,Loyal Customer,68,Personal Travel,Eco,342,3,4,3,4,3,3,4,3,3,3,3,4,4,3.38,11,0,FALSE
Female,Loyal Customer,41,Personal Travel,Eco Plus,795,1,5,1,1,4,5,5,3,3,1,3,5,4,3.15,12,2,FALSE
Female,Loyal Customer,67,Personal Travel,Eco,500,2,3,2,3,2,4,3,2,2,2,2,4,3,2.62,128,116,FALSE
Female,Loyal Customer,51,Business Travel,Business,420,3,3,3,3,5,3,2,5,5,5,5,2,5,3.77,0,0,TRUE
Male,Loyal Customer,26,Business Travel,Eco Plus,946,4,2,2,2,4,3,2,4,1,1,2,1,4,2.46,33,26,FALSE
Female,Disloyal Customer,51,Business Travel,Business,480,4,4,4,4,4,4,4,4,3,2,4,4,4,3.77,0,0,TRUE
Female,Loyal Customer,30,Business Travel,Business,3560,5,5,5,5,4,4,4,4,4,5,4,5,4,4.46,0,0,TRUE
Male,Loyal Customer,17,Personal Travel,Eco,1440,2,4,2,4,2,2,2,2,3,2,5,5,2,2.85,11,0,FALSE
Female,Loyal Customer,33,Personal Travel,Eco,2454,1,5,0,3,3,0,3,3,5,4,5,3,3,2.92,0,0,FALSE
Male,Loyal Customer,54,Business Travel,Business,448,2,2,2,2,3,4,5,4,4,4,4,5,5,3.54,11,11,TRUE
Male,Loyal Customer,8,Personal Travel,Eco,1590,3,5,3,4,3,3,3,3,2,3,5,3,3,3.31,8,0,FALSE
Female,Loyal Customer,33,Business Travel,Business,1476,3,4,3,3,2,5,5,4,4,4,4,5,5,3.92,1,0,TRUE
Male,Disloyal Customer,20,Business Travel,Business,1313,4,0,5,5,1,5,1,1,5,5,4,3,1,3.08,0,0,TRUE
Male,Loyal Customer,30,Business Travel,Business,1912,2,4,4,4,2,2,2,2,1,5,4,2,2,2.77,0,0,FALSE
Female,Disloyal Customer,58,Business Travel,Business,396,4,4,4,4,5,4,5,5,2,4,4,1,5,3.92,0,0,FALSE
Female,Loyal Customer,39,Business Travel,Business,2667,0,0,0,1,5,5,5,3,3,3,3,5,3,2.77,1,0,TRUE
Female,Loyal Customer,38,Business Travel,Eco,412,4,2,2,2,4,4,4,4,1,1,3,3,4,2.92,12,0,TRUE
Male,Loyal Customer,43,Business Travel,Business,315,2,2,2,2,3,4,4,4,4,5,4,4,5,3.46,0,0,TRUE
Female,Loyal Customer,42,Business Travel,Business,156,5,5,5,5,2,5,5,4,4,4,4,4,5,4.38,0,0,TRUE
Female,Loyal Customer,59,Personal Travel,Eco,1910,5,4,5,4,5,5,5,4,4,5,4,4,4,4.46,4,0,TRUE
Female,Loyal Customer,62,Personal Travel,Eco,1399,3,1,3,3,3,3,3,4,4,3,4,2,1,2.85,0,0,FALSE
Female,Loyal Customer,53,Business Travel,Business,3522,3,3,3,3,2,5,3,4,4,4,4,5,2,3.46,0,0,TRUE
Male,Loyal Customer,31,Business Travel,Eco,1235,1,2,3,3,1,1,1,1,1,1,4,1,1,1.62,15,45,FALSE
Male,Disloyal Customer,28,Business Travel,Business,584,2,2,2,1,3,2,3,3,4,3,4,3,3,2.69,22,14,FALSE
Female,Disloyal Customer,25,Business Travel,Business,1066,5,5,5,1,2,5,4,2,3,4,4,5,2,3.62,27,14,TRUE
Female,Disloyal Customer,55,Business Travel,Eco,125,3,4,3,4,5,3,5,5,2,5,3,1,5,3.69,60,56,FALSE
Female,Loyal Customer,56,Business Travel,Business,2028,5,5,5,5,2,4,4,3,3,4,3,5,3,3.92,37,16,TRUE
Male,Loyal Customer,38,Business Travel,Business,1050,3,3,5,3,5,1,2,5,5,5,5,2,2,3.54,0,0,TRUE
Male,Loyal Customer,35,Personal Travel,Eco,282,3,3,3,3,2,3,2,2,5,1,1,3,2,2.54,62,74,FALSE
Male,Loyal Customer,23,Business Travel,Business,1949,1,1,1,1,4,4,4,4,5,2,5,3,4,3,0,0,TRUE
Female,Disloyal Customer,17,Business Travel,Business,414,5,0,5,4,3,5,4,3,4,3,4,3,3,3.54,1,0,TRUE
Male,Loyal Customer,51,Business Travel,Business,1857,5,5,5,5,4,5,4,4,4,4,4,5,5,4.54,17,18,TRUE
Female,Loyal Customer,24,Business Travel,Business,1617,1,1,1,1,5,5,5,5,3,1,4,1,5,2.92,0,5,TRUE
Female,Loyal Customer,38,Personal Travel,Eco,304,1,2,1,4,4,1,4,4,2,3,3,4,4,2.85,24,28,FALSE
Female,Disloyal Customer,39,Business Travel,Business,1235,2,3,3,4,4,3,4,4,3,1,4,4,4,3.31,14,14,FALSE
Male,Loyal Customer,28,Business Travel,Business,3018,1,1,3,1,3,3,3,3,5,5,4,4,3,3,5,10,TRUE
Male,Disloyal Customer,8,Business Travel,Eco,862,3,3,3,4,5,3,5,5,2,3,3,1,5,3.46,29,20,FALSE
Male,Loyal Customer,42,Business Travel,Business,2454,4,3,4,4,3,5,4,4,4,4,4,4,3,3.85,0,0,TRUE
Male,Loyal Customer,57,Personal Travel,Eco,588,2,2,2,3,3,2,3,3,4,2,3,3,3,2.69,0,0,FALSE
Female,Loyal Customer,22,Business Travel,Business,3119,1,1,1,1,4,4,4,4,2,2,4,3,4,2.69,1,0,TRUE
Female,Loyal Customer,42,Business Travel,Eco,495,4,4,4,4,5,4,3,4,4,4,4,2,5,3.92,2,22,TRUE
Male,Disloyal Customer,32,Business Travel,Business,255,3,3,3,3,5,3,5,5,3,3,5,5,5,3.92,69,66,FALSE
Male,Loyal Customer,45,Business Travel,Eco,912,4,3,3,3,4,4,4,4,3,5,3,2,4,3.54,0,2,FALSE
Female,Loyal Customer,65,Business Travel,Eco,646,1,2,2,2,3,4,4,1,1,1,1,1,2,1.92,0,12,FALSE
Female,Loyal Customer,62,Personal Travel,Eco Plus,761,3,5,3,2,5,5,5,2,2,3,2,4,4,3.46,0,9,FALSE
Female,Loyal Customer,41,Business Travel,Business,323,0,0,0,1,4,4,5,5,5,5,5,3,4,3.15,40,30,TRUE
Male,Disloyal Customer,13,Business Travel,Eco,759,5,5,5,4,2,5,2,2,1,4,1,5,2,3.31,0,0,TRUE
Female,Loyal Customer,38,Business Travel,Eco,337,4,4,1,1,4,4,4,4,4,2,3,1,4,3.08,2,3,FALSE
Male,Loyal Customer,34,Personal Travel,Eco,362,3,5,4,3,5,4,5,5,3,4,5,5,5,4.31,0,0,FALSE
Male,Loyal Customer,61,Personal Travel,Eco Plus,402,4,5,5,5,3,5,4,3,3,3,4,3,3,3.85,0,0,TRUE
Male,Loyal Customer,37,Business Travel,Business,1562,4,4,4,4,5,5,5,3,3,3,3,4,4,3.92,0,23,TRUE
Female,Loyal Customer,52,Personal Travel,Eco,1747,4,1,4,4,3,4,3,2,2,4,2,4,3,3.08,24,17,FALSE
Female,Loyal Customer,46,Business Travel,Business,2330,2,2,2,2,3,3,4,5,5,4,5,5,5,3.62,0,28,TRUE
Male,Loyal Customer,29,Personal Travel,Eco,621,3,4,3,1,4,3,4,4,1,1,3,2,4,2.85,0,0,FALSE
Female,Loyal Customer,60,Business Travel,Business,3796,1,4,3,4,5,2,3,1,1,2,1,4,2,2.54,0,0,FALSE
Female,Loyal Customer,14,Personal Travel,Eco,116,3,4,3,2,4,3,4,4,3,5,2,4,4,3.46,0,0,FALSE
Male,Loyal Customer,48,Personal Travel,Business,216,1,2,1,3,2,3,3,4,4,1,4,4,3,2.69,2,5,FALSE
Female,Loyal Customer,29,Business Travel,Business,2338,1,1,1,1,2,2,2,2,3,4,4,5,2,2.31,21,1,TRUE
Male,Loyal Customer,70,Personal Travel,Eco,594,1,4,1,4,2,1,2,2,2,2,4,3,2,2.31,12,2,FALSE
Male,Loyal Customer,48,Business Travel,Business,2449,0,0,0,2,4,4,5,5,5,5,5,3,3,3.15,2,5,TRUE
Female,Disloyal Customer,37,Business Travel,Business,370,1,1,1,3,1,1,1,1,4,2,4,4,1,1.92,0,0,FALSE
Male,Loyal Customer,37,Business Travel,Business,2935,5,5,5,5,4,5,3,5,5,5,5,5,1,4.46,0,0,TRUE
Female,Loyal Customer,33,Business Travel,Eco,248,2,5,3,5,2,2,2,2,1,3,2,3,2,2.62,24,16,FALSE
Male,Loyal Customer,64,Business Travel,Eco,281,5,1,1,1,4,5,4,4,4,2,1,2,4,2.92,0,0,TRUE
Male,Loyal Customer,31,Business Travel,Business,546,1,1,1,1,3,3,3,3,3,4,4,3,3,2.54,20,22,TRUE
Female,Loyal Customer,55,Business Travel,Business,2615,4,4,4,4,2,3,5,5,5,5,5,4,3,4.08,4,0,TRUE
Male,Disloyal Customer,36,Business Travel,Eco,193,4,0,4,3,1,4,1,1,4,1,4,2,1,2.31,38,30,FALSE
Male,Loyal Customer,51,Personal Travel,Eco,744,2,4,2,3,2,2,2,2,1,2,5,3,2,2.46,0,0,FALSE
Male,Disloyal Customer,17,Business Travel,Eco,491,1,4,1,4,1,1,1,1,4,4,3,4,1,2.31,0,1,FALSE
Male,Loyal Customer,58,Business Travel,Business,2213,2,2,5,2,5,4,5,5,5,5,5,3,5,4.08,27,42,TRUE
Female,Loyal Customer,37,Personal Travel,Eco,1096,1,2,1,3,1,1,1,1,3,4,3,3,1,1.92,0,0,FALSE
Female,Loyal Customer,54,Business Travel,Business,1942,4,4,4,4,3,5,4,5,5,5,5,3,4,4.23,0,0,TRUE
Male,Disloyal Customer,38,Business Travel,Eco,409,3,4,3,3,2,3,3,2,1,1,3,4,2,2.62,3,0,FALSE
Female,Loyal Customer,45,Business Travel,Business,2156,5,5,5,5,3,1,5,4,4,4,4,4,3,4,0,3,TRUE
Female,Loyal Customer,56,Personal Travel,Business,692,2,4,2,3,4,5,5,5,5,2,5,5,4,3.92,0,0,FALSE
Male,Loyal Customer,41,Business Travel,Eco Plus,1041,1,2,4,2,1,1,1,1,4,4,4,2,1,2.15,74,62,FALSE
Male,Loyal Customer,25,Personal Travel,Eco,2295,2,3,2,4,4,2,4,4,2,4,4,4,4,3.31,31,0,FALSE
Male,Loyal Customer,52,Business Travel,Business,1744,4,4,4,4,5,3,5,5,5,5,5,3,4,4.31,11,0,TRUE
Male,Loyal Customer,23,Business Travel,Eco Plus,414,5,5,5,5,5,5,3,5,5,4,2,3,5,4.38,0,0,TRUE
Female,Loyal Customer,33,Business Travel,Business,228,5,5,4,5,1,5,3,4,4,4,4,4,5,4.08,64,43,TRUE
Female,Loyal Customer,32,Business Travel,Business,862,2,2,2,2,5,5,5,5,1,5,4,4,5,3.62,0,0,TRUE
Male,Loyal Customer,63,Business Travel,Business,2361,4,2,4,4,1,2,3,2,2,2,2,1,4,2.54,0,18,TRUE
Female,Loyal Customer,29,Business Travel,Business,1885,2,2,5,2,5,5,5,5,3,4,5,4,5,4,0,0,TRUE
Male,Loyal Customer,58,Personal Travel,Eco,163,1,4,0,4,2,0,2,2,3,3,4,2,2,2.23,2,7,FALSE
Female,Disloyal Customer,38,Business Travel,Eco,721,2,3,3,4,5,3,5,5,4,2,4,4,5,3.77,0,0,FALSE
Male,Loyal Customer,67,Personal Travel,Business,1129,4,5,4,2,4,4,4,4,4,4,5,5,4,4.08,0,0,TRUE
Female,Loyal Customer,46,Business Travel,Business,2283,5,5,5,5,4,5,5,4,4,4,4,3,3,4.31,0,0,TRUE
Female,Disloyal Customer,27,Business Travel,Business,290,2,2,2,3,4,2,5,4,2,5,2,4,4,3.15,0,0,FALSE
Female,Loyal Customer,47,Business Travel,Eco,526,5,3,3,3,3,4,1,5,5,5,5,5,4,3.92,1,14,TRUE
Male,Disloyal Customer,31,Business Travel,Eco,1011,3,3,3,3,4,3,4,4,2,2,4,4,4,3.31,0,3,FALSE
Female,Disloyal Customer,25,Business Travel,Eco,689,3,3,3,4,5,3,2,5,1,5,4,4,5,3.62,0,0,FALSE
Male,Loyal Customer,28,Personal Travel,Eco,228,1,4,1,5,2,1,2,2,4,2,5,4,2,2.69,0,0,FALSE
Male,Loyal Customer,33,Personal Travel,Eco,1138,3,5,3,3,2,3,2,2,3,3,4,4,2,3,12,29,FALSE
Female,Loyal Customer,15,Personal Travel,Eco Plus,296,2,4,2,4,1,2,1,1,5,3,5,4,1,2.69,16,11,FALSE
Female,Loyal Customer,32,Personal Travel,Eco,2176,1,3,1,3,2,1,2,2,2,2,3,1,2,1.92,0,0,FALSE
Male,Loyal Customer,39,Business Travel,Business,473,4,1,4,4,2,5,5,5,5,5,5,3,3,3.92,0,0,TRUE
Female,Disloyal Customer,48,Business Travel,Business,927,2,2,2,1,3,2,4,3,4,4,4,5,3,3,2,0,FALSE
Male,Loyal Customer,30,Personal Travel,Eco,476,0,1,0,3,5,0,5,5,4,4,3,3,5,2.92,0,0,TRUE
Female,Loyal Customer,46,Business Travel,Business,3100,4,4,4,4,4,5,1,4,4,4,4,5,5,4,1,2,TRUE
Female,Disloyal Customer,20,Business Travel,Eco,296,2,4,2,2,5,2,5,5,5,4,4,3,5,3.69,66,66,FALSE
Female,Loyal Customer,56,Business Travel,Eco,1005,2,4,4,4,1,3,3,2,2,2,2,3,4,2.77,103,102,FALSE
Male,Loyal Customer,37,Personal Travel,Eco,595,3,3,3,5,5,3,5,5,5,3,4,3,5,4,0,0,FALSE
Male,Loyal Customer,39,Business Travel,Business,421,5,5,4,5,4,1,1,4,4,4,4,1,4,3.54,26,23,TRUE
Female,Disloyal Customer,20,Business Travel,Business,1145,4,4,4,2,2,4,5,2,3,3,5,3,2,3.31,0,0,TRUE
Female,Loyal Customer,54,Personal Travel,Eco,697,1,5,1,2,4,1,2,3,3,1,3,5,5,2.77,0,0,FALSE
Female,Loyal Customer,66,Personal Travel,Eco,920,4,5,4,1,5,5,5,2,2,4,2,5,4,3.69,0,0,FALSE
Female,Loyal Customer,25,Personal Travel,Eco,74,3,4,0,1,5,0,5,5,4,5,4,5,5,3.54,49,34,FALSE
Male,Loyal Customer,44,Business Travel,Business,2084,4,4,4,4,4,4,5,5,5,5,5,4,5,4.46,2,0,TRUE
Male,Loyal Customer,28,Personal Travel,Eco,305,1,5,1,4,5,1,5,5,4,3,5,4,5,3.69,0,0,FALSE
Female,Loyal Customer,41,Business Travel,Business,737,2,2,2,2,1,2,2,5,5,5,5,2,2,2.85,0,0,TRUE
Male,Loyal Customer,36,Business Travel,Business,3024,3,2,2,2,1,4,4,3,3,2,3,4,3,2.77,48,38,FALSE
Female,Loyal Customer,22,Personal Travel,Eco,627,1,1,1,2,3,1,1,3,1,4,3,3,3,2.08,10,40,FALSE
Male,Loyal Customer,29,Business Travel,Business,1426,3,1,1,1,3,4,3,3,3,4,3,1,3,2.54,0,0,FALSE
Female,Loyal Customer,42,Business Travel,Eco,862,2,3,3,3,5,4,4,2,2,2,2,3,4,3,66,59,FALSE
Male,Loyal Customer,33,Personal Travel,Eco,678,4,1,4,4,1,4,1,1,4,2,3,1,1,2.38,0,0,FALSE
Female,Loyal Customer,39,Business Travel,Business,2784,3,4,4,4,4,3,4,3,3,3,3,2,1,3.15,6,18,FALSE
Male,Loyal Customer,43,Business Travel,Eco,315,2,4,4,4,2,2,2,2,3,3,1,3,2,2.62,6,4,TRUE
Male,Disloyal Customer,41,Business Travel,Business,216,2,2,2,3,3,2,3,3,1,3,4,1,3,2.46,4,26,FALSE
Male,Loyal Customer,41,Personal Travel,Eco,704,2,5,2,1,4,2,4,4,4,3,4,3,4,3.23,2,0,FALSE
Male,Loyal Customer,25,Business Travel,Eco Plus,1368,3,5,5,5,3,3,2,3,2,2,2,3,3,3.15,0,0,FALSE
Female,Disloyal Customer,42,Business Travel,Eco,1013,1,1,1,3,3,1,3,3,1,1,4,4,3,2.23,8,0,FALSE
Male,Loyal Customer,39,Personal Travel,Eco,985,4,5,4,2,5,4,2,5,5,3,5,3,5,4,0,0,FALSE
Male,Loyal Customer,36,Business Travel,Business,3088,5,5,5,5,5,4,4,5,5,5,5,5,4,4.77,0,0,TRUE
Male,Loyal Customer,13,Personal Travel,Eco,342,2,1,2,3,2,2,2,2,2,3,4,4,2,2.38,48,42,FALSE
Female,Loyal Customer,65,Personal Travel,Eco,1076,4,5,4,5,2,5,5,2,2,4,4,5,3,3.85,0,0,FALSE
Female,Loyal Customer,60,Personal Travel,Eco,2161,2,2,2,3,2,3,4,2,2,2,2,4,2,2.46,0,7,FALSE
Female,Loyal Customer,48,Business Travel,Business,2269,1,3,3,3,4,3,3,1,1,1,1,4,4,2.46,50,46,FALSE
Female,Loyal Customer,46,Personal Travel,Eco,595,2,5,2,3,2,5,5,4,4,2,4,1,2,3.15,4,0,FALSE
Male,Disloyal Customer,36,Business Travel,Eco,835,1,1,1,4,5,1,5,5,4,1,5,1,5,3,0,0,FALSE
Male,Loyal Customer,23,Business Travel,Business,1032,4,4,4,4,5,4,5,5,2,2,4,4,5,4,0,0,TRUE
Female,Disloyal Customer,24,Business Travel,Business,471,5,0,5,2,1,5,1,1,4,4,4,5,1,2.92,0,0,TRUE
Male,Loyal Customer,57,Business Travel,Business,2002,4,4,4,4,3,4,5,5,5,5,5,5,4,4.38,0,0,TRUE
Male,Loyal Customer,23,Business Travel,Business,1565,1,3,3,3,1,1,1,1,3,3,4,4,1,2.23,21,28,FALSE
Female,Loyal Customer,50,Personal Travel,Eco,283,1,3,1,2,2,1,2,4,4,1,4,2,3,2.31,19,28,FALSE
Female,Disloyal Customer,24,Business Travel,Eco Plus,644,5,1,5,2,2,1,2,2,3,5,3,3,2,2.77,3,6,TRUE
Female,Disloyal Customer,32,Business Travel,Business,873,1,1,1,1,2,1,2,2,3,2,5,3,2,2,13,0,FALSE
Male,Loyal Customer,63,Personal Travel,Eco,631,1,3,0,3,4,0,4,4,3,5,5,3,4,3,16,23,FALSE
Male,Loyal Customer,45,Business Travel,Business,3234,2,2,2,2,2,4,5,2,2,2,2,3,4,2.62,0,4,TRUE
Male,Loyal Customer,22,Personal Travel,Eco,562,4,1,4,2,3,4,3,3,3,1,2,1,3,2.62,0,0,TRUE
Male,Loyal Customer,64,Business Travel,Business,3407,2,4,2,2,2,5,4,5,5,5,5,3,4,3.69,0,0,TRUE
Male,Loyal Customer,43,Business Travel,Eco,954,5,2,2,2,5,5,5,5,5,1,4,1,5,3.62,0,0,TRUE
Female,Loyal Customer,35,Business Travel,Business,396,2,5,5,5,5,4,4,2,2,3,2,2,1,3.23,5,5,FALSE
Female,Disloyal Customer,20,Business Travel,Eco,1096,2,3,3,2,4,3,5,4,4,4,4,4,4,3.54,0,0,FALSE
Female,Loyal Customer,44,Business Travel,Business,1069,5,5,5,5,5,4,3,4,4,4,4,2,2,4,32,33,TRUE
Female,Loyal Customer,61,Business Travel,Eco,153,4,1,1,1,1,3,2,4,4,4,4,3,1,2.54,0,0,FALSE
Male,Loyal Customer,39,Personal Travel,Eco,814,1,0,1,3,1,1,2,1,4,5,5,5,1,2.31,0,0,FALSE
Female,Loyal Customer,48,Business Travel,Eco,429,4,2,2,2,5,5,3,4,4,4,4,1,5,3.46,42,42,TRUE
Male,Disloyal Customer,36,Business Travel,Eco,156,3,0,3,4,1,3,1,1,1,3,3,4,1,2.15,0,0,FALSE
Male,Loyal Customer,45,Business Travel,Business,3492,0,0,0,3,5,4,5,4,4,4,4,3,5,3.15,0,0,TRUE
Female,Disloyal Customer,25,Business Travel,Business,1379,3,0,3,2,2,3,2,2,3,2,5,3,2,2.46,13,16,FALSE
Male,Loyal Customer,58,Business Travel,Business,2611,3,3,3,3,3,3,3,4,4,3,3,3,3,3.15,0,22,FALSE
Male,Loyal Customer,58,Business Travel,Business,2475,2,5,2,2,3,5,5,4,4,4,4,3,3,3.54,0,0,TRUE
Female,Loyal Customer,51,Business Travel,Eco,1237,2,3,3,3,4,3,4,2,2,2,2,3,1,2.62,0,0,FALSE
Male,Loyal Customer,39,Business Travel,Business,1009,1,1,1,1,2,4,5,5,5,5,5,3,5,3.31,0,0,TRUE
Female,Loyal Customer,58,Business Travel,Business,1695,2,5,5,5,2,4,3,4,4,4,2,1,4,3.46,27,31,FALSE
Male,Loyal Customer,25,Personal Travel,Eco,763,3,5,3,5,3,3,3,3,3,3,2,4,3,3.31,14,16,FALSE
Female,Disloyal Customer,24,Business Travel,Eco,420,3,4,3,2,5,3,5,5,3,3,3,1,5,3.46,3,0,FALSE
Female,Disloyal Customer,25,Business Travel,Business,998,5,1,5,3,5,2,3,3,2,4,4,3,3,3.31,0,6,TRUE
Male,Loyal Customer,66,Personal Travel,Eco,989,3,4,3,2,1,3,1,1,5,3,4,3,1,2.62,48,29,FALSE
Female,Loyal Customer,7,Personal Travel,Eco,216,3,3,0,4,2,0,1,2,1,2,3,1,2,1.85,0,0,FALSE
Male,Loyal Customer,64,Personal Travel,Eco Plus,793,1,5,1,1,4,1,4,4,5,2,5,3,4,3.08,0,0,FALSE
Female,Disloyal Customer,21,Business Travel,Business,139,5,0,5,1,5,5,5,5,5,2,5,5,5,4.08,5,22,TRUE
Female,Loyal Customer,33,Business Travel,Business,2926,3,5,3,3,1,4,3,3,3,3,3,2,3,3,0,0,FALSE
Female,Loyal Customer,59,Business Travel,Business,1973,4,4,4,4,5,4,4,4,4,4,4,4,5,4.15,0,0,TRUE
Female,Loyal Customer,49,Business Travel,Business,1744,2,2,2,2,4,5,4,5,5,5,5,4,3,3.69,0,0,TRUE
Male,Loyal Customer,20,Personal Travel,Eco,363,2,5,3,1,2,3,4,2,5,3,5,5,2,3.23,0,0,FALSE
Female,Loyal Customer,34,Personal Travel,Eco,929,3,4,3,1,2,3,2,2,3,5,5,5,2,3.08,0,18,FALSE
Female,Loyal Customer,37,Personal Travel,Eco,152,3,5,3,1,2,3,2,2,3,4,4,5,2,3,0,0,FALSE
Female,Loyal Customer,59,Business Travel,Eco,434,4,1,4,4,1,2,4,4,4,4,4,1,5,3.23,0,1,TRUE
Male,Loyal Customer,49,Business Travel,Business,404,2,2,2,2,3,5,5,5,5,5,5,5,4,3.85,0,0,TRUE
Male,Loyal Customer,59,Business Travel,Business,2404,1,1,1,1,3,5,5,4,4,4,4,3,3,3,0,2,TRUE
Male,Loyal Customer,47,Business Travel,Business,1797,1,1,1,1,4,4,4,2,2,2,2,3,4,2.38,0,4,TRUE
Male,Loyal Customer,21,Personal Travel,Eco,1481,4,2,4,4,5,4,5,5,4,1,4,3,5,3.85,15,66,FALSE
Female,Disloyal Customer,64,Business Travel,Business,364,5,5,5,3,2,5,2,2,3,5,5,4,2,3.69,0,0,TRUE
Female,Disloyal Customer,28,Business Travel,Business,528,2,2,2,3,3,2,3,3,1,1,4,4,3,2.54,0,0,FALSE
Female,Loyal Customer,12,Personal Travel,Eco,463,3,4,3,4,2,3,2,2,4,5,5,5,2,3.38,0,3,FALSE
Male,Loyal Customer,45,Business Travel,Business,983,1,1,3,1,2,4,4,2,2,2,2,3,3,2.31,0,0,TRUE
Male,Loyal Customer,41,Business Travel,Business,528,3,1,3,3,4,3,2,3,3,3,3,4,3,2.92,0,0,FALSE
Male,Loyal Customer,45,Business Travel,Eco,1042,5,1,1,1,5,5,5,5,2,4,5,2,5,3.54,2,0,TRUE
Male,Loyal Customer,43,Business Travel,Business,3334,1,3,3,3,4,4,3,1,1,1,1,4,1,2.31,37,30,FALSE
Male,Loyal Customer,41,Business Travel,Business,3400,4,4,4,4,5,5,5,4,4,4,4,3,3,4.08,0,2,TRUE
Male,Loyal Customer,19,Personal Travel,Eco Plus,1491,1,2,1,3,2,1,1,2,1,5,3,4,2,2.15,0,0,FALSE
Male,Loyal Customer,28,Business Travel,Business,3680,5,5,5,5,5,5,5,5,4,5,1,4,5,4.54,0,17,TRUE
Male,Loyal Customer,56,Business Travel,Eco,282,4,1,1,1,4,4,4,4,1,4,2,4,4,2.92,0,0,TRUE
Female,Loyal Customer,35,Business Travel,Business,631,4,4,4,4,3,5,4,5,5,5,5,5,4,4.38,82,77,TRUE
Male,Loyal Customer,46,Business Travel,Eco,685,3,1,1,1,3,3,3,3,2,5,1,3,3,2.46,4,17,FALSE
Male,Loyal Customer,51,Business Travel,Business,1529,1,1,1,1,4,5,5,4,4,4,4,5,5,3.38,0,0,TRUE
Male,Disloyal Customer,26,Business Travel,Business,362,4,0,4,2,2,4,2,2,4,2,5,3,2,2.77,2,0,TRUE
Male,Loyal Customer,27,Business Travel,Business,529,2,2,2,2,2,1,2,2,4,4,3,1,2,2.23,0,0,FALSE
Male,Loyal Customer,58,Business Travel,Business,334,4,4,4,4,5,4,4,4,4,4,4,5,5,4.23,0,0,TRUE
Female,Loyal Customer,58,Business Travel,Eco,590,2,3,2,3,5,3,4,1,1,2,1,3,4,2.62,0,0,FALSE
Female,Loyal Customer,12,Personal Travel,Eco,2402,3,0,2,3,1,2,1,1,4,5,4,4,1,2.38,6,0,FALSE
Female,Loyal Customer,56,Business Travel,Business,759,4,4,4,4,3,4,4,4,4,4,4,4,3,3.85,3,0,TRUE
Female,Disloyal Customer,35,Business Travel,Business,861,4,4,4,3,5,4,5,5,5,4,4,3,5,4.23,128,118,FALSE
Female,Loyal Customer,55,Business Travel,Eco,695,3,4,4,4,2,4,3,2,2,3,2,1,1,2.69,0,0,FALSE
Female,Disloyal Customer,37,Business Travel,Eco,720,3,3,3,1,1,3,1,1,4,4,1,5,1,2.38,0,0,FALSE
Male,Disloyal Customer,23,Business Travel,Eco,1488,2,2,2,4,5,2,5,5,1,5,5,4,5,3.62,6,0,FALSE
Male,Loyal Customer,29,Personal Travel,Eco,283,1,1,1,3,2,1,2,2,3,3,4,2,2,2.08,2,11,FALSE
Male,Disloyal Customer,28,Business Travel,Eco,1205,4,4,4,3,4,4,4,4,2,3,2,2,4,3.38,30,45,FALSE
Female,Disloyal Customer,37,Business Travel,Eco Plus,972,3,3,3,1,3,3,3,3,3,5,2,1,3,2.77,62,42,FALSE
Female,Loyal Customer,18,Personal Travel,Eco,507,1,1,2,3,3,2,3,3,2,1,3,4,3,2.38,27,32,FALSE
Male,Loyal Customer,55,Personal Travel,Eco Plus,280,1,4,1,2,2,1,2,2,5,2,5,5,2,2.62,73,81,FALSE
Female,Loyal Customer,43,Business Travel,Eco,101,5,4,4,4,2,3,1,5,5,5,5,1,1,3.46,0,0,TRUE
Male,Loyal Customer,40,Business Travel,Business,3162,1,1,1,1,2,4,4,4,4,4,4,3,4,2.85,62,54,TRUE
Male,Disloyal Customer,21,Business Travel,Eco,641,3,3,3,3,1,3,1,1,2,4,4,1,1,2.31,0,0,FALSE
Female,Loyal Customer,53,Business Travel,Business,545,4,4,4,4,2,4,5,5,5,5,5,5,4,4.31,0,0,TRUE
Female,Loyal Customer,55,Personal Travel,Eco,1107,4,1,4,3,3,2,3,1,1,4,1,3,2,2.46,0,0,FALSE
Female,Disloyal Customer,25,Business Travel,Business,1770,3,5,3,2,1,3,1,1,4,2,3,5,1,2.62,0,0,FALSE
Male,Loyal Customer,10,Personal Travel,Eco,1072,3,4,3,2,1,3,1,1,5,4,5,3,1,2.77,18,0,FALSE
Female,Loyal Customer,47,Personal Travel,Eco,1061,2,4,2,2,5,5,5,5,5,2,1,5,4,3.62,0,12,FALSE
Male,Disloyal Customer,38,Business Travel,Eco,296,3,3,3,3,1,3,1,1,4,3,3,4,1,2.54,0,0,FALSE
Female,Loyal Customer,38,Business Travel,Business,3709,1,3,3,3,5,3,3,1,1,1,1,2,4,2.38,0,3,FALSE
Female,Disloyal Customer,22,Business Travel,Business,140,5,2,5,5,2,5,2,2,4,3,5,5,2,3.62,2,0,TRUE
Male,Loyal Customer,38,Business Travel,Business,1730,4,4,1,4,2,5,5,4,4,4,4,5,3,3.77,12,11,TRUE
Male,Loyal Customer,39,Business Travel,Business,3625,5,5,5,5,5,5,4,5,5,5,5,4,4,4.77,2,1,TRUE
Female,Loyal Customer,59,Personal Travel,Eco,1055,2,4,2,3,4,4,4,2,2,2,2,3,5,3,9,0,FALSE
Male,Disloyal Customer,32,Business Travel,Eco,158,1,5,2,3,4,2,4,4,4,4,4,5,4,3.54,0,0,FALSE
Male,Loyal Customer,22,Business Travel,Business,3011,3,3,3,3,3,3,3,3,2,3,2,2,3,2.77,1,0,FALSE
Female,Loyal Customer,52,Business Travel,Business,2527,4,4,4,4,4,4,4,5,4,5,4,4,4,4.15,0,0,TRUE
Male,Disloyal Customer,68,Business Travel,Eco,163,2,2,2,3,4,2,4,4,1,1,2,1,4,2.46,0,9,FALSE
Female,Loyal Customer,36,Business Travel,Eco,472,4,3,3,3,4,4,4,4,5,4,2,3,4,3.62,0,0,TRUE
Male,Loyal Customer,16,Business Travel,Business,399,2,5,5,5,2,2,2,2,1,4,3,1,2,2.77,0,0,FALSE
Male,Disloyal Customer,22,Business Travel,Eco,649,3,1,3,3,2,3,5,2,3,4,3,1,2,2.69,0,0,FALSE
Male,Loyal Customer,68,Personal Travel,Eco,2139,2,5,2,4,1,2,1,1,3,5,4,5,1,2.77,37,23,FALSE
Female,Disloyal Customer,34,Business Travel,Eco,1012,2,2,2,5,3,2,3,3,1,2,1,2,3,2.38,1,0,FALSE
Male,Loyal Customer,45,Business Travel,Business,1007,4,4,4,4,5,4,4,5,5,5,5,5,5,4.54,0,0,TRUE
Female,Disloyal Customer,25,Business Travel,Business,255,1,0,1,3,1,3,3,5,5,5,4,3,3,2.85,198,185,FALSE
Female,Loyal Customer,21,Personal Travel,Eco,628,1,4,0,4,4,0,4,4,2,5,1,5,4,2.92,13,0,FALSE
Female,Disloyal Customer,8,Business Travel,Eco,632,1,1,2,3,2,2,1,2,4,2,4,4,2,2.31,5,0,FALSE
Male,Loyal Customer,10,Personal Travel,Eco,1189,0,5,0,2,1,0,5,1,3,4,5,3,1,2.31,7,0,TRUE
Male,Loyal Customer,14,Personal Travel,Eco Plus,733,4,1,4,1,4,4,4,4,1,2,1,1,4,2.69,23,26,FALSE
Male,Loyal Customer,27,Business Travel,Business,1721,3,3,3,3,4,4,4,4,5,2,4,1,4,3.38,0,0,TRUE
Female,Loyal Customer,52,Personal Travel,Eco,337,4,5,4,1,5,5,5,2,2,4,5,3,4,3.77,6,0,FALSE
Female,Loyal Customer,40,Business Travel,Business,508,3,3,3,3,3,4,4,5,5,5,5,2,1,3.54,0,26,TRUE
Male,Loyal Customer,33,Business Travel,Business,406,4,3,3,3,4,4,4,4,1,4,4,4,4,3.54,13,12,FALSE
Female,Loyal Customer,56,Business Travel,Business,2531,4,4,4,4,2,4,4,4,4,4,5,5,5,4.08,1,0,TRUE
Male,Disloyal Customer,23,Business Travel,Business,600,4,0,4,2,1,4,1,1,5,5,4,4,1,2.77,12,9,TRUE
Male,Loyal Customer,72,Business Travel,Eco,447,5,1,1,1,5,5,5,5,5,4,4,4,5,3.85,0,0,TRUE
Male,Loyal Customer,9,Personal Travel,Eco Plus,710,4,5,5,2,5,5,5,5,4,3,5,4,5,4.38,17,11,FALSE
Female,Disloyal Customer,23,Business Travel,Business,759,5,0,5,4,4,5,4,4,5,3,5,5,4,4.08,0,0,TRUE
Male,Loyal Customer,58,Business Travel,Business,362,5,2,5,5,5,5,5,4,4,4,4,3,3,4.15,6,7,TRUE
Male,Loyal Customer,16,Business Travel,Eco,1546,3,3,3,3,3,3,2,3,2,1,3,3,3,2.69,17,7,FALSE
Male,Loyal Customer,53,Business Travel,Eco,677,5,1,1,1,5,5,5,5,5,5,1,5,5,3.77,6,17,TRUE
Female,Loyal Customer,33,Business Travel,Business,3271,2,5,5,5,5,3,3,2,2,2,2,1,1,2.92,0,0,FALSE
Male,Loyal Customer,41,Business Travel,Business,1874,2,1,1,1,1,2,3,2,2,2,2,1,3,1.77,84,69,FALSE
Male,Disloyal Customer,36,Business Travel,Business,1092,2,2,2,1,1,2,1,1,5,4,5,3,1,2.31,0,0,FALSE
Female,Loyal Customer,46,Business Travel,Business,1737,5,5,5,5,3,4,4,5,5,5,5,4,4,4.54,0,0,TRUE
Female,Loyal Customer,44,Business Travel,Business,1037,2,2,2,2,4,1,5,4,4,5,4,5,3,3.31,0,0,TRUE
Female,Disloyal Customer,43,Business Travel,Eco,160,2,4,2,3,1,2,1,1,1,1,4,3,1,2,0,4,FALSE
Female,Disloyal Customer,21,Business Travel,Eco,822,3,3,3,3,4,3,2,4,2,2,4,2,4,3,0,0,FALSE
Female,Loyal Customer,18,Personal Travel,Eco,2139,4,5,4,1,1,4,5,1,3,4,5,5,1,3.31,0,0,FALSE
Male,Loyal Customer,54,Personal Travel,Eco,192,1,5,1,1,5,1,5,5,2,4,1,3,5,3,115,109,FALSE
Male,Loyal Customer,48,Business Travel,Business,2393,1,1,1,1,2,1,5,4,4,4,4,2,5,2.69,0,0,TRUE
Male,Loyal Customer,59,Business Travel,Business,447,1,1,1,1,5,5,4,5,5,5,5,4,5,3.62,0,5,TRUE
Male,Loyal Customer,43,Business Travel,Business,1910,1,1,1,1,5,4,5,2,2,2,2,5,3,2.62,8,0,TRUE
Female,Loyal Customer,20,Personal Travel,Eco,200,1,3,1,2,3,1,3,3,2,2,5,3,3,2.46,51,48,FALSE
Male,Loyal Customer,56,Business Travel,Eco,597,3,1,2,1,3,3,3,3,3,4,4,1,3,2.62,113,111,FALSE
Male,Disloyal Customer,23,Business Travel,Business,169,1,2,1,3,2,1,2,2,1,2,4,1,2,1.85,1,0,FALSE
Female,Disloyal Customer,23,Business Travel,Eco,954,5,5,5,1,5,5,5,5,5,4,5,3,5,4.46,77,102,TRUE
Female,Loyal Customer,35,Business Travel,Business,3155,1,4,1,4,1,4,4,1,1,1,1,1,3,2.08,0,0,FALSE
Male,Loyal Customer,24,Personal Travel,Eco,488,3,1,3,4,3,3,3,3,1,4,2,3,3,2.77,3,0,FALSE
Male,Loyal Customer,49,Business Travel,Business,1820,3,3,3,3,3,4,5,3,3,4,3,3,5,3.46,0,2,TRUE
Male,Loyal Customer,9,Personal Travel,Eco,355,3,5,3,4,2,3,2,2,5,3,5,3,2,3.23,0,3,FALSE
Female,Disloyal Customer,23,Business Travel,Eco,280,4,0,4,5,2,4,2,2,4,4,4,3,2,3.08,0,0,FALSE
Female,Loyal Customer,12,Personal Travel,Eco,134,3,2,0,3,1,0,4,1,1,5,3,2,1,2,0,0,FALSE
Female,Loyal Customer,25,Personal Travel,Eco,731,1,4,1,3,2,1,2,2,4,3,4,1,2,2.31,20,10,FALSE
Male,Loyal Customer,39,Business Travel,Business,1534,1,1,1,1,5,2,4,5,5,5,5,2,5,3.23,0,0,TRUE
Male,Loyal Customer,39,Business Travel,Business,1737,2,2,2,2,4,3,4,4,4,4,4,4,4,3.31,0,0,TRUE
Male,Loyal Customer,40,Business Travel,Business,110,2,2,2,2,1,2,5,4,4,4,5,2,3,2.92,0,0,TRUE
Female,Loyal Customer,16,Personal Travel,Eco Plus,731,0,1,0,2,2,0,2,2,3,3,2,4,2,1.77,0,0,TRUE
Female,Disloyal Customer,16,Business Travel,Eco,160,2,0,2,4,4,2,4,4,4,1,5,2,4,2.92,0,0,FALSE
Female,Loyal Customer,53,Personal Travel,Eco,488,3,4,3,3,2,4,4,1,1,3,1,1,1,2.38,0,0,FALSE
Male,Loyal Customer,37,Personal Travel,Eco,326,1,3,1,4,5,1,5,5,4,4,3,4,5,3.46,30,26,FALSE
Female,Disloyal Customer,39,Business Travel,Business,239,5,5,5,4,5,5,5,5,5,2,5,4,5,4.62,0,45,TRUE
Female,Disloyal Customer,39,Business Travel,Business,1120,2,2,2,3,1,2,1,1,4,4,5,5,1,2.54,0,0,FALSE
Female,Loyal Customer,56,Personal Travel,Eco Plus,1009,4,1,4,3,4,4,4,2,2,4,2,2,4,3.08,0,0,FALSE
Male,Disloyal Customer,39,Business Travel,Eco,196,3,2,3,3,2,3,2,2,3,5,3,3,2,2.77,42,31,FALSE
Female,Loyal Customer,48,Business Travel,Eco,611,2,1,1,1,3,3,2,2,2,2,2,2,4,2.08,0,0,FALSE
Male,Loyal Customer,60,Business Travel,Business,728,3,3,3,3,2,4,4,4,4,4,4,4,4,3.54,11,7,TRUE
Male,Loyal Customer,30,Business Travel,Business,2402,3,2,5,2,3,2,3,3,1,1,3,4,3,2.69,0,6,FALSE
Male,Loyal Customer,25,Personal Travel,Eco,809,3,3,3,3,3,3,3,3,1,2,3,1,3,2.62,63,70,FALSE
Male,Loyal Customer,52,Business Travel,Eco,1091,5,5,5,5,5,5,5,5,5,3,2,3,5,4.46,0,0,TRUE
Female,Loyal Customer,41,Personal Travel,Eco,251,1,1,1,3,5,1,5,5,1,4,3,1,5,2.77,1,0,FALSE
Male,Disloyal Customer,50,Business Travel,Eco,1024,3,3,3,1,1,3,1,1,1,2,4,1,1,1.92,1,21,FALSE
Male,Disloyal Customer,62,Business Travel,Eco,386,3,2,3,3,2,3,2,2,4,2,4,2,2,2.62,1,0,FALSE
Female,Loyal Customer,53,Business Travel,Business,3785,5,5,5,5,4,4,4,4,4,4,5,5,5,4.54,0,0,TRUE
Female,Loyal Customer,58,Personal Travel,Eco,602,2,3,1,5,5,3,3,1,1,1,1,1,3,2.31,0,0,FALSE
Male,Loyal Customer,48,Business Travel,Business,3617,0,5,0,4,2,5,5,3,3,3,3,5,4,3.23,0,15,TRUE
Male,Loyal Customer,46,Business Travel,Business,622,1,1,1,1,5,4,4,4,4,4,4,4,3,3.08,0,0,TRUE
Male,Disloyal Customer,24,Business Travel,Eco,463,4,5,4,1,4,4,4,4,5,1,5,5,4,3.85,5,0,FALSE
Male,Loyal Customer,58,Business Travel,Business,594,1,1,1,1,5,4,5,4,4,4,4,5,4,3.31,42,35,TRUE
Female,Loyal Customer,23,Personal Travel,Eco,955,2,3,2,3,2,2,2,2,1,3,3,4,2,2.38,4,0,FALSE
Male,Disloyal Customer,20,Business Travel,Eco Plus,646,2,2,2,3,3,2,3,3,2,2,4,4,3,2.69,34,32,FALSE
Female,Loyal Customer,28,Business Travel,Eco,1069,0,0,0,5,2,0,2,2,5,5,1,3,2,2.08,2,4,TRUE
Male,Loyal Customer,16,Personal Travel,Eco,711,1,5,1,1,2,1,2,2,5,4,1,3,2,2.31,91,79,FALSE
Female,Disloyal Customer,26,Business Travel,Business,1013,5,5,5,5,1,5,1,1,5,3,4,3,1,3.38,0,0,TRUE
Female,Loyal Customer,58,Personal Travel,Eco,677,2,3,2,4,4,4,3,1,1,2,1,2,1,2.31,17,0,FALSE
Female,Loyal Customer,59,Personal Travel,Eco,1096,3,3,3,3,4,3,3,5,5,3,5,3,1,3.38,3,0,FALSE
Male,Loyal Customer,58,Personal Travel,Eco,356,3,4,3,2,5,3,1,5,3,5,5,3,5,3.62,0,0,FALSE
Male,Loyal Customer,21,Personal Travel,Business,405,3,5,3,4,3,3,1,3,3,3,4,4,3,3.23,0,0,FALSE
Female,Loyal Customer,70,Personal Travel,Eco,581,2,5,2,3,4,5,5,5,5,2,5,3,4,3.85,0,0,FALSE
Female,Loyal Customer,69,Personal Travel,Eco,101,1,5,1,2,3,5,5,2,2,1,2,3,3,2.69,12,17,FALSE
Male,Disloyal Customer,38,Business Travel,Business,667,5,4,4,3,4,1,3,4,3,5,4,3,3,3.54,173,178,TRUE
Female,Loyal Customer,52,Business Travel,Business,1975,0,0,0,4,5,5,4,1,1,1,1,4,3,2.23,0,0,TRUE
Male,Disloyal Customer,25,Business Travel,Eco,425,2,0,2,2,5,2,5,5,1,2,4,1,5,2.77,0,0,FALSE
Male,Loyal Customer,56,Business Travel,Eco,1810,1,3,3,3,1,1,1,1,1,2,4,2,1,1.85,0,0,FALSE
Female,Loyal Customer,12,Business Travel,Business,2036,3,3,3,3,4,4,4,4,5,4,2,3,4,3.54,0,1,TRUE
Female,Loyal Customer,35,Personal Travel,Eco,1542,1,4,1,5,5,1,1,5,3,2,5,4,5,3.23,0,0,FALSE
Male,Loyal Customer,41,Business Travel,Eco,936,1,1,1,1,1,1,1,1,1,3,1,1,1,1.15,0,0,FALSE
Female,Loyal Customer,22,Business Travel,Business,1565,3,3,3,3,5,5,5,5,5,4,5,3,5,4.15,1,0,TRUE
Male,Loyal Customer,29,Business Travel,Business,2402,5,5,5,5,4,4,4,5,2,5,5,4,4,4.38,154,204,TRUE
Male,Disloyal Customer,39,Business Travel,Business,221,4,4,4,3,4,4,4,4,2,2,4,2,4,3.46,0,0,FALSE
Male,Loyal Customer,50,Personal Travel,Eco,319,3,3,3,1,1,3,1,1,3,2,3,4,1,2.23,16,22,FALSE
Female,Loyal Customer,51,Business Travel,Business,204,4,4,4,4,2,5,5,5,5,5,5,5,5,4.46,1,8,TRUE
Female,Loyal Customer,10,Personal Travel,Eco,483,1,0,1,2,3,1,5,3,4,5,5,5,3,2.92,24,2,FALSE
Female,Loyal Customer,30,Business Travel,Business,534,5,5,5,5,4,4,4,4,5,3,4,4,4,4.31,1,0,TRUE
Male,Loyal Customer,15,Business Travel,Business,1621,2,2,2,2,2,2,2,2,2,2,3,1,2,2,0,0,FALSE
Male,Disloyal Customer,37,Business Travel,Eco,522,5,0,5,4,2,5,4,2,5,3,3,2,2,3.23,0,18,TRUE
Male,Loyal Customer,42,Business Travel,Eco,867,2,1,1,1,2,2,2,2,4,5,2,2,2,2.15,1,35,FALSE
Female,Loyal Customer,32,Personal Travel,Eco,864,3,4,3,3,5,3,5,5,5,3,3,1,5,3.69,22,20,FALSE
Male,Disloyal Customer,23,Business Travel,Business,304,4,0,4,4,4,4,4,4,5,4,5,5,4,3.92,0,0,TRUE
Male,Loyal Customer,33,Business Travel,Eco,403,3,3,3,3,3,3,3,3,1,4,3,4,3,3,0,0,FALSE
Female,Disloyal Customer,40,Business Travel,Business,259,5,5,5,1,4,5,5,4,3,3,5,4,4,4.08,16,9,TRUE
Male,Disloyal Customer,27,Business Travel,Business,1106,5,5,5,1,5,2,2,3,5,4,5,2,2,3.54,272,262,TRUE
Female,Loyal Customer,63,Personal Travel,Business,978,3,4,3,1,3,5,4,4,4,3,4,3,3,3.38,0,0,FALSE
Female,Loyal Customer,58,Business Travel,Business,515,5,5,5,5,4,4,5,4,4,4,4,4,5,4.46,53,43,TRUE
Male,Loyal Customer,49,Personal Travel,Eco,432,1,4,1,1,5,1,5,5,3,2,4,5,5,3.23,6,0,FALSE
Male,Loyal Customer,59,Business Travel,Business,127,1,1,1,1,3,4,4,5,5,5,5,4,5,3.38,0,0,TRUE
Male,Loyal Customer,39,Business Travel,Eco,238,4,3,3,3,4,4,4,4,3,2,3,5,4,3.54,0,0,TRUE
Female,Loyal Customer,47,Business Travel,Business,2454,2,2,2,2,4,4,4,5,5,5,4,4,4,3.62,0,0,TRUE
Female,Loyal Customer,40,Business Travel,Eco,919,2,1,1,1,2,3,2,2,2,2,3,4,2,2.08,0,0,FALSE
Male,Disloyal Customer,62,Business Travel,Eco,329,2,0,2,5,4,2,3,4,4,1,4,5,4,3.08,39,36,FALSE
Male,Loyal Customer,47,Business Travel,Business,351,4,3,4,4,5,4,4,4,4,4,4,3,3,3.85,14,14,TRUE
Female,Loyal Customer,28,Personal Travel,Eco,980,3,4,3,3,4,3,1,4,4,5,4,3,4,3.46,0,0,FALSE
Male,Loyal Customer,41,Personal Travel,Eco,911,3,5,3,4,1,3,1,1,4,3,5,3,1,2.85,0,0,FALSE
Male,Disloyal Customer,23,Business Travel,Eco,1190,3,3,3,2,1,3,1,1,2,3,2,2,1,2.08,2,8,FALSE
Male,Loyal Customer,23,Personal Travel,Eco,737,3,4,3,3,3,3,3,3,4,5,2,4,3,3.31,1,0,FALSE
Male,Loyal Customer,37,Business Travel,Business,2483,2,2,2,2,2,3,4,2,2,1,2,3,2,2.23,0,1,FALSE
Male,Loyal Customer,43,Business Travel,Business,2560,4,4,4,4,5,5,4,5,5,5,5,5,3,4.46,0,0,TRUE
Male,Loyal Customer,65,Business Travel,Business,3018,2,2,2,2,1,2,3,4,4,4,4,4,1,2.69,40,41,TRUE
Female,Disloyal Customer,25,Business Travel,Eco,123,2,0,2,5,1,2,1,1,1,1,2,2,1,1.62,2,1,FALSE
Male,Loyal Customer,49,Business Travel,Business,3770,1,1,1,1,4,5,4,5,5,5,4,5,4,3.46,0,0,TRUE
Female,Loyal Customer,23,Business Travel,Eco,1068,4,2,3,3,4,4,4,4,5,4,5,2,4,3.69,0,0,TRUE
Male,Loyal Customer,43,Business Travel,Business,3849,5,5,5,5,4,4,4,5,5,5,5,4,3,4.54,0,0,TRUE
Female,Loyal Customer,59,Business Travel,Eco,589,3,4,4,4,4,2,1,3,3,3,3,4,2,3.08,44,26,FALSE
Female,Loyal Customer,46,Business Travel,Business,2620,4,4,4,4,4,5,5,4,4,4,4,4,3,4.08,0,0,TRUE
Male,Loyal Customer,41,Business Travel,Business,406,2,2,5,2,4,5,4,3,3,3,3,4,5,3.46,0,0,TRUE
Female,Loyal Customer,45,Business Travel,Business,1946,3,3,4,3,4,5,4,4,4,4,4,3,4,3.77,0,0,TRUE
Female,Loyal Customer,32,Personal Travel,Eco,1235,1,3,1,1,5,1,1,5,5,5,3,5,5,3.15,3,0,FALSE
Female,Loyal Customer,30,Business Travel,Business,2835,5,5,5,5,4,4,4,4,3,3,4,5,4,4.23,0,0,TRUE
Male,Loyal Customer,54,Business Travel,Business,2720,4,4,2,4,5,4,4,4,4,5,4,4,3,3.92,0,0,TRUE
Male,Loyal Customer,17,Business Travel,Business,1639,3,3,3,3,4,4,4,4,2,5,5,4,4,3.69,258,252,TRUE
Male,Loyal Customer,51,Business Travel,Business,637,4,4,2,4,2,3,1,3,3,4,3,3,4,3.08,0,0,TRUE
Female,Disloyal Customer,38,Business Travel,Eco,719,2,2,2,3,4,2,4,4,2,1,4,1,4,2.69,0,0,FALSE
Male,Loyal Customer,42,Business Travel,Business,1544,5,5,5,5,4,1,3,5,5,5,5,5,3,4.31,0,0,TRUE
Male,Disloyal Customer,14,Business Travel,Eco,1310,1,1,1,3,4,1,1,4,1,1,3,2,4,2.08,11,9,FALSE
Male,Loyal Customer,23,Personal Travel,Eco,1197,3,2,3,4,3,3,3,3,1,4,2,2,3,2.77,0,2,FALSE
Female,Loyal Customer,51,Business Travel,Business,229,2,1,1,1,5,3,3,2,2,2,2,3,4,2.38,12,4,FALSE
Male,Loyal Customer,31,Business Travel,Eco,483,5,4,4,4,5,5,5,2,2,1,4,5,5,3.92,126,139,TRUE
Male,Loyal Customer,10,Personal Travel,Eco,248,2,5,0,1,2,0,5,2,3,3,5,3,2,2.54,69,71,FALSE
Male,Loyal Customer,59,Business Travel,Business,1590,1,1,4,1,5,4,4,4,4,4,4,5,3,3.38,0,0,TRUE
Male,Loyal Customer,52,Business Travel,Business,270,2,3,3,3,1,3,4,2,2,2,2,1,1,2.23,0,0,FALSE
Male,Loyal Customer,56,Business Travel,Business,2689,2,5,2,2,2,4,4,4,4,4,4,4,3,3.38,0,6,TRUE
Female,Loyal Customer,61,Business Travel,Business,579,3,3,1,1,3,3,3,3,3,3,3,4,4,2.85,0,11,FALSE
Female,Loyal Customer,57,Business Travel,Eco,747,4,2,2,2,5,3,3,4,4,4,4,3,3,3.31,0,0,FALSE
Male,Loyal Customer,16,Business Travel,Business,431,3,2,2,2,3,3,3,3,4,2,3,4,3,2.85,2,0,FALSE
Male,Loyal Customer,48,Business Travel,Eco,472,5,3,3,3,5,5,5,5,1,4,4,5,5,4.08,0,0,TRUE
Male,Loyal Customer,52,Business Travel,Business,2229,1,2,2,2,3,3,2,2,2,2,1,2,3,2.08,0,0,FALSE
Female,Loyal Customer,38,Business Travel,Business,1620,1,1,1,1,2,3,5,5,5,5,5,3,4,3.15,7,3,TRUE
Female,Loyal Customer,36,Business Travel,Business,1902,3,1,3,1,5,4,3,3,3,3,3,3,2,2.85,34,46,FALSE
Male,Disloyal Customer,29,Business Travel,Eco,1249,1,1,1,5,5,1,5,5,1,5,5,2,5,3.23,0,0,FALSE
Male,Loyal Customer,42,Business Travel,Business,507,5,5,5,5,5,4,5,2,2,2,2,3,5,3.85,0,0,TRUE
Female,Loyal Customer,52,Business Travel,Business,2142,0,0,0,4,5,5,4,2,2,2,2,5,3,2.62,15,8,TRUE
Female,Loyal Customer,21,Personal Travel,Eco,190,1,4,1,3,2,1,2,2,5,4,4,3,2,2.62,93,105,FALSE
Male,Loyal Customer,17,Business Travel,Business,184,1,5,5,5,3,3,1,3,2,2,3,3,3,3,15,0,FALSE
Male,Disloyal Customer,10,Business Travel,Eco,622,3,3,3,3,3,3,3,3,1,2,4,1,3,2.69,0,11,FALSE
Male,Disloyal Customer,28,Business Travel,Business,599,5,5,5,5,4,5,4,4,5,3,5,5,4,4.54,1,4,TRUE
Male,Loyal Customer,30,Business Travel,Eco Plus,649,1,5,4,5,1,1,1,1,3,5,3,4,1,2.69,0,0,FALSE
Male,Loyal Customer,49,Business Travel,Business,2704,1,1,4,1,5,4,5,4,4,4,4,3,3,3.31,69,48,TRUE
Female,Loyal Customer,52,Personal Travel,Eco,1192,5,5,5,2,2,4,4,5,5,5,5,1,5,4.08,9,0,TRUE
Female,Loyal Customer,9,Personal Travel,Eco,296,3,5,3,2,3,5,5,3,2,4,4,5,5,3.77,142,147,FALSE
Female,Loyal Customer,29,Business Travel,Business,1717,4,4,3,4,4,3,4,4,1,3,3,4,4,3.46,7,8,FALSE
Female,Loyal Customer,41,Business Travel,Business,2446,4,5,4,4,4,3,4,4,4,4,4,3,5,4,18,0,TRUE
Male,Loyal Customer,61,Personal Travel,Eco,670,2,4,2,2,2,2,2,2,4,4,4,5,2,2.85,5,0,FALSE
Female,Loyal Customer,42,Business Travel,Business,370,3,3,3,3,4,5,4,4,4,4,4,4,5,3.85,24,22,TRUE
Male,Loyal Customer,51,Business Travel,Business,550,4,4,4,4,3,2,2,4,4,4,4,1,5,3.46,29,20,TRUE
Male,Loyal Customer,62,Personal Travel,Eco,872,2,3,2,2,4,2,4,4,4,5,2,1,4,3,0,0,FALSE
Male,Loyal Customer,42,Business Travel,Business,3784,4,4,4,4,4,4,4,4,2,4,5,4,4,3.92,0,0,TRUE
Male,Loyal Customer,56,Business Travel,Business,603,5,5,5,5,4,4,5,5,5,5,5,5,3,4.69,89,86,TRUE
Male,Disloyal Customer,27,Business Travel,Business,223,3,3,3,4,5,3,5,5,4,5,3,3,5,3.92,12,9,FALSE
Female,Loyal Customer,47,Business Travel,Eco,296,2,5,5,5,1,3,4,1,1,2,1,1,2,2.54,1,6,FALSE
Female,Loyal Customer,22,Personal Travel,Eco,312,3,2,4,3,1,4,1,1,1,4,3,3,1,2.38,0,6,FALSE
Male,Disloyal Customer,20,Business Travel,Business,184,0,0,0,4,3,0,3,3,3,3,4,5,3,2.38,0,0,TRUE
Male,Disloyal Customer,30,Business Travel,Business,951,3,3,3,2,5,3,3,5,3,2,5,3,5,3.46,2,8,FALSE
Female,Loyal Customer,9,Personal Travel,Business,451,3,4,3,3,2,3,2,2,5,5,4,5,2,3.31,0,0,FALSE
Male,Loyal Customer,55,Personal Travel,Eco Plus,657,3,3,3,4,1,3,1,1,4,3,4,3,1,2.62,0,2,FALSE
Male,Disloyal Customer,36,Business Travel,Business,285,3,3,3,5,1,3,1,1,5,5,4,2,1,2.85,9,0,FALSE
Male,Disloyal Customer,12,Business Travel,Eco,792,2,2,2,4,5,2,4,5,4,3,4,5,5,3.62,12,4,FALSE
Female,Loyal Customer,46,Business Travel,Business,2401,1,1,1,1,3,4,5,4,4,4,4,3,4,3,0,0,TRUE
Male,Disloyal Customer,36,Business Travel,Eco,859,2,2,2,2,1,2,5,1,2,2,5,5,1,2.46,0,0,FALSE
Male,Loyal Customer,37,Personal Travel,Eco,972,1,1,1,3,5,1,5,5,4,1,4,4,5,3.08,20,11,FALSE
Female,Loyal Customer,30,Personal Travel,Eco Plus,1290,3,4,3,4,4,3,4,4,4,4,3,4,4,3.69,13,4,FALSE
Male,Loyal Customer,57,Business Travel,Business,337,3,2,4,4,3,3,4,3,3,3,3,4,2,3.15,4,4,FALSE
Male,Loyal Customer,19,Personal Travel,Eco Plus,1846,3,2,2,3,1,2,1,1,1,5,3,2,1,2.08,0,0,FALSE
Male,Loyal Customer,53,Business Travel,Business,292,1,3,3,3,1,4,3,1,1,1,1,4,4,2.31,59,57,FALSE
Male,Loyal Customer,39,Business Travel,Business,1652,1,1,1,1,2,3,4,3,3,3,3,3,5,2.54,3,0,TRUE
Female,Disloyal Customer,25,Business Travel,Eco,802,1,2,2,1,4,2,3,4,1,2,2,5,4,2.54,0,0,FALSE
Female,Loyal Customer,39,Business Travel,Business,1946,2,4,4,4,3,4,3,2,2,3,2,3,4,3.08,0,4,FALSE
Male,Loyal Customer,44,Business Travel,Business,423,2,3,3,3,1,3,4,2,2,2,2,1,2,2.31,31,18,FALSE
Female,Loyal Customer,43,Business Travel,Eco,436,1,4,4,4,2,4,3,1,1,1,1,4,4,2.62,0,6,FALSE
Male,Loyal Customer,27,Personal Travel,Eco,528,4,5,2,1,2,1,1,3,3,4,4,1,1,2.46,214,204,FALSE
Male,Disloyal Customer,19,Business Travel,Eco,733,3,3,3,3,5,3,5,5,5,3,4,4,5,3.92,79,65,FALSE
Female,Loyal Customer,9,Personal Travel,Eco Plus,996,2,5,2,3,1,2,1,1,3,2,4,5,1,2.46,13,9,FALSE
Male,Loyal Customer,20,Personal Travel,Eco Plus,1089,2,5,2,4,3,2,3,3,2,5,5,2,3,3.15,29,24,FALSE
Male,Loyal Customer,31,Business Travel,Business,1846,2,2,2,2,2,2,2,2,4,5,3,4,2,2.62,13,6,FALSE
Male,Loyal Customer,40,Business Travel,Business,3695,1,1,1,1,4,3,1,5,5,5,5,2,5,3,0,0,TRUE
Female,Loyal Customer,57,Business Travel,Eco,333,4,4,4,4,1,4,5,4,4,4,4,3,2,3.62,6,1,TRUE
Female,Loyal Customer,26,Business Travel,Business,2288,3,3,3,3,2,2,2,4,3,5,2,2,2,2.77,1,23,TRUE
Male,Disloyal Customer,34,Business Travel,Business,684,1,1,1,2,5,1,5,5,3,5,4,5,5,3.31,0,0,FALSE
Male,Loyal Customer,43,Personal Travel,Eco,356,3,1,3,4,5,3,5,5,4,1,3,1,5,3.31,11,1,FALSE
Female,Loyal Customer,58,Personal Travel,Eco,173,1,4,1,3,3,3,4,1,1,1,5,1,2,2.31,5,6,FALSE
Female,Disloyal Customer,40,Business Travel,Business,308,3,3,3,1,4,3,4,4,2,3,3,4,4,3.15,0,0,TRUE
Female,Loyal Customer,42,Business Travel,Eco,1242,1,1,1,1,2,3,3,1,1,1,1,2,1,1.46,0,0,FALSE
Female,Disloyal Customer,23,Business Travel,Eco,366,1,0,1,3,4,1,4,4,2,4,4,3,4,2.69,0,0,FALSE
Male,Loyal Customer,56,Business Travel,Business,2090,1,3,3,3,2,4,4,3,3,3,1,3,3,2.77,0,0,FALSE
Male,Loyal Customer,55,Personal Travel,Eco,420,2,2,2,3,2,2,2,2,2,1,4,2,2,2.15,2,19,FALSE
Male,Loyal Customer,53,Business Travel,Business,2475,5,5,5,5,3,4,5,5,5,5,5,5,4,4.69,3,0,TRUE
Female,Loyal Customer,40,Business Travel,Eco Plus,647,4,1,1,1,4,4,4,4,5,1,2,3,4,2.92,0,0,TRUE
Female,Disloyal Customer,22,Business Travel,Eco,1018,4,4,4,4,5,4,3,5,5,4,1,5,5,4.08,21,4,FALSE
Female,Loyal Customer,25,Business Travel,Business,650,2,2,4,2,5,5,5,5,3,3,4,4,5,3.77,0,1,TRUE
Female,Loyal Customer,25,Business Travel,Business,3075,4,4,4,4,4,4,4,4,1,5,3,4,4,3.77,24,4,TRUE
Male,Loyal Customer,53,Business Travel,Business,2210,1,1,1,1,4,5,4,4,4,4,4,3,5,3.15,0,0,TRUE
Female,Loyal Customer,22,Business Travel,Business,820,1,1,1,1,5,5,5,5,4,3,1,4,5,3.15,0,0,TRUE
Female,Disloyal Customer,35,Business Travel,Eco,1721,2,2,2,5,2,2,3,2,2,3,3,5,2,2.69,0,0,FALSE
Male,Loyal Customer,41,Personal Travel,Eco,337,2,5,2,1,2,2,5,2,5,5,4,4,2,3.15,4,0,FALSE
Male,Disloyal Customer,49,Business Travel,Eco,2475,2,2,2,4,2,2,2,2,1,3,2,2,2,2.15,13,0,FALSE
Male,Disloyal Customer,19,Business Travel,Business,377,4,4,4,3,3,4,5,3,3,5,5,4,3,3.85,37,42,TRUE
Male,Loyal Customer,8,Personal Travel,Eco,1189,2,2,2,2,1,2,1,1,1,2,1,4,1,1.69,0,0,FALSE
Male,Loyal Customer,60,Personal Travel,Eco,1379,2,4,2,1,4,2,4,4,5,2,4,2,4,3.08,0,0,FALSE
Female,Loyal Customer,62,Personal Travel,Eco,358,2,4,3,3,2,5,4,2,2,3,2,3,5,3.08,0,0,FALSE
Female,Disloyal Customer,29,Business Travel,Eco,515,3,2,3,4,5,3,5,5,4,3,3,1,5,3.54,13,14,FALSE
Male,Loyal Customer,11,Personal Travel,Eco,1050,3,5,3,1,3,3,3,3,5,5,5,4,3,3.54,17,16,FALSE
Male,Loyal Customer,50,Personal Travel,Eco,632,4,5,4,3,3,4,1,3,5,2,5,3,3,3.46,3,0,FALSE
Male,Disloyal Customer,46,Business Travel,Eco,1145,2,2,2,2,5,2,3,5,2,2,2,4,5,2.92,35,52,FALSE
Male,Disloyal Customer,29,Business Travel,Business,946,3,3,3,2,4,3,4,4,5,5,5,4,4,3.77,29,12,FALSE
Male,Loyal Customer,62,Business Travel,Business,3724,2,2,2,2,3,5,5,5,5,5,5,5,4,3.85,0,0,TRUE
Male,Loyal Customer,53,Personal Travel,Business,1620,3,4,2,3,4,4,4,3,3,2,3,5,4,3.38,15,7,FALSE
Male,Loyal Customer,41,Business Travel,Eco,261,5,4,4,4,5,5,5,5,1,1,5,5,5,4.15,0,0,TRUE
Female,Loyal Customer,27,Business Travel,Business,588,4,4,4,4,4,4,4,4,2,2,3,1,4,3.38,0,0,FALSE
Female,Loyal Customer,32,Personal Travel,Eco,337,4,4,4,3,5,4,3,5,1,4,3,4,5,3.77,87,73,FALSE
Male,Loyal Customer,44,Business Travel,Business,2603,5,5,5,5,5,5,5,3,4,5,5,5,5,4.77,0,9,TRUE
Male,Loyal Customer,42,Business Travel,Eco,488,2,4,4,4,2,2,2,2,4,3,4,1,2,2.77,124,122,FALSE
Male,Loyal Customer,37,Personal Travel,Eco,634,1,5,1,1,1,1,1,1,3,2,5,5,1,2.15,4,9,FALSE
Male,Loyal Customer,42,Business Travel,Business,1389,5,5,5,5,5,4,5,2,2,2,2,5,4,3.92,4,0,TRUE
Female,Loyal Customer,50,Personal Travel,Business,551,3,4,3,3,3,2,4,5,5,3,3,3,4,3.46,0,0,FALSE
Female,Loyal Customer,47,Business Travel,Business,2157,0,1,1,1,5,4,5,5,5,5,5,3,3,3.31,0,0,TRUE
Female,Loyal Customer,57,Business Travel,Business,3644,1,1,1,1,5,4,4,4,4,4,4,3,5,3.15,0,0,TRUE
Female,Loyal Customer,39,Business Travel,Business,308,0,0,0,4,4,5,5,1,1,1,1,5,3,2.31,1,0,TRUE
Male,Loyal Customer,41,Business Travel,Business,2835,4,4,4,4,4,5,4,5,5,5,5,4,4,4.38,0,2,TRUE
Male,Loyal Customer,45,Business Travel,Business,3362,4,4,3,4,5,5,5,3,3,2,3,5,5,3.92,264,272,TRUE
Male,Loyal Customer,50,Personal Travel,Eco,813,3,5,3,3,5,3,3,5,2,4,4,5,5,3.85,28,23,FALSE
Male,Loyal Customer,24,Personal Travel,Eco,372,1,0,1,5,1,1,1,1,1,4,4,5,1,2,9,10,FALSE
Male,Disloyal Customer,42,Business Travel,Business,247,2,2,2,3,1,2,1,1,5,3,4,4,1,2.38,0,4,FALSE
Male,Loyal Customer,44,Personal Travel,Business,1072,4,4,4,3,3,4,4,3,3,4,4,3,4,3.62,0,0,FALSE
Male,Loyal Customer,34,Business Travel,Business,539,5,5,2,5,2,5,5,2,2,2,2,5,3,3.46,23,26,TRUE
Female,Loyal Customer,12,Personal Travel,Eco,694,2,5,2,5,2,2,2,2,4,2,5,4,2,3,12,8,FALSE
Female,Loyal Customer,52,Personal Travel,Eco,89,4,4,4,3,4,5,5,5,5,4,4,3,5,4.23,0,0,TRUE
Female,Loyal Customer,55,Personal Travel,Eco,725,3,4,3,4,4,3,4,2,2,3,2,4,3,3.15,15,0,FALSE
Female,Loyal Customer,69,Personal Travel,Eco,1055,3,4,3,3,4,5,4,4,4,3,4,4,3,3.69,5,0,FALSE
Female,Disloyal Customer,22,Business Travel,Eco,669,2,0,2,3,5,2,5,5,2,3,4,4,5,3.23,0,0,FALSE
Female,Disloyal Customer,25,Business Travel,Business,456,4,0,4,4,5,4,5,5,3,4,4,3,5,3.85,0,0,FALSE
Male,Disloyal Customer,42,Business Travel,Eco,692,4,4,4,5,4,4,4,4,1,4,3,2,4,3.62,0,0,TRUE
Female,Loyal Customer,33,Personal Travel,Eco,628,3,4,3,3,2,3,2,2,5,1,1,4,2,2.69,114,107,FALSE
Female,Loyal Customer,58,Business Travel,Eco,319,3,4,4,4,3,3,4,3,3,3,3,4,2,3.31,6,0,FALSE
Female,Loyal Customer,58,Personal Travel,Eco,268,3,2,3,3,5,3,4,2,2,3,2,3,3,2.92,13,34,FALSE
Male,Loyal Customer,70,Personal Travel,Eco Plus,2139,3,4,3,3,3,3,3,3,1,1,4,1,3,2.69,0,0,FALSE
Female,Disloyal Customer,8,Business Travel,Eco,700,3,4,4,4,5,4,5,5,2,1,4,4,5,3.85,0,0,FALSE
Female,Loyal Customer,50,Business Travel,Eco,304,4,5,5,5,1,4,1,4,4,4,4,2,1,3.38,0,0,TRUE
Male,Loyal Customer,48,Business Travel,Business,2405,4,4,4,4,3,4,4,5,5,5,5,3,3,4.08,10,12,TRUE
Female,Loyal Customer,50,Business Travel,Business,1573,4,4,4,4,5,1,5,4,4,5,4,1,5,3.85,3,2,TRUE
Female,Loyal Customer,66,Personal Travel,Eco,977,2,4,2,3,2,4,5,1,1,2,4,5,3,2.92,0,6,FALSE
Female,Loyal Customer,14,Personal Travel,Eco,985,2,5,2,4,4,2,4,4,5,4,5,4,4,3.77,0,0,FALSE
Female,Loyal Customer,69,Business Travel,Eco,862,1,0,0,3,3,3,4,4,4,1,4,3,1,2.38,0,4,FALSE
Male,Loyal Customer,30,Personal Travel,Eco Plus,2105,3,0,3,3,4,3,4,4,3,2,5,3,4,3.15,0,0,FALSE
Male,Loyal Customer,21,Personal Travel,Eco,231,2,4,2,3,2,2,2,2,4,5,3,3,2,2.77,1,0,FALSE
Male,Loyal Customer,24,Business Travel,Eco Plus,1050,1,1,1,1,1,1,2,1,2,5,2,3,1,1.69,18,11,FALSE
Male,Disloyal Customer,21,Business Travel,Eco,168,4,1,4,3,5,4,5,5,4,3,3,3,5,3.77,35,36,FALSE
Male,Loyal Customer,25,Business Travel,Business,3132,1,1,1,1,4,4,4,4,4,5,5,3,4,3.15,0,0,TRUE
Male,Disloyal Customer,30,Business Travel,Eco,987,3,3,3,1,2,3,2,2,1,5,3,1,2,2.38,5,13,FALSE
Female,Disloyal Customer,21,Business Travel,Eco,209,1,4,1,4,4,1,3,4,1,5,4,2,4,2.92,0,0,FALSE
Female,Disloyal Customer,36,Business Travel,Eco,1028,2,2,2,4,2,2,5,2,3,3,4,1,2,2.62,0,9,FALSE
Male,Loyal Customer,56,Business Travel,Business,2556,4,4,5,4,3,4,3,2,2,2,2,4,5,3.38,0,0,TRUE
Female,Loyal Customer,48,Business Travel,Eco,746,4,4,4,4,3,4,2,4,4,4,4,2,4,3.62,0,0,TRUE
Female,Loyal Customer,20,Personal Travel,Eco,577,2,4,1,4,3,1,3,3,4,4,3,3,3,2.92,5,0,FALSE
Female,Disloyal Customer,80,Business Travel,Business,546,2,2,2,3,3,5,3,2,2,2,2,3,5,2.77,0,0,TRUE
Female,Loyal Customer,59,Business Travel,Business,2222,5,2,5,5,5,4,5,3,3,4,3,4,3,3.92,0,0,TRUE
Female,Loyal Customer,37,Business Travel,Eco,236,4,3,3,3,4,4,4,4,3,4,3,5,4,3.69,0,0,TRUE
Male,Loyal Customer,32,Personal Travel,Eco,590,2,5,2,3,3,2,3,3,5,2,5,4,3,3.23,0,0,FALSE
Male,Loyal Customer,40,Business Travel,Eco,1024,2,2,2,2,2,2,2,2,1,3,3,1,2,2,0,11,FALSE
Male,Loyal Customer,25,Personal Travel,Eco,259,5,1,5,3,1,5,1,1,4,1,3,3,1,2.62,0,0,TRUE
Male,Loyal Customer,22,Personal Travel,Eco Plus,557,2,4,2,4,5,2,5,5,5,5,4,5,5,4.08,0,0,FALSE
Female,Loyal Customer,58,Business Travel,Business,2905,0,5,0,3,2,5,1,2,2,2,2,3,5,2.46,0,0,TRUE
Female,Loyal Customer,44,Business Travel,Business,2466,1,1,1,1,4,4,5,1,1,2,1,5,5,2.46,60,51,TRUE
Male,Loyal Customer,8,Personal Travel,Eco,964,1,2,1,4,2,1,2,2,3,4,3,3,2,2.31,21,27,FALSE
Female,Loyal Customer,19,Personal Travel,Eco,2442,2,5,2,3,3,2,3,3,5,3,5,3,3,3.23,14,15,FALSE
Male,Loyal Customer,47,Business Travel,Business,3729,3,1,1,1,2,3,3,3,3,3,3,3,3,2.46,0,0,FALSE
Male,Loyal Customer,64,Personal Travel,Eco,969,3,4,3,1,5,3,5,5,5,3,5,4,5,3.92,0,0,FALSE
Female,Loyal Customer,70,Personal Travel,Business,101,5,5,0,1,1,3,4,2,2,0,2,3,4,2.46,0,0,TRUE
Female,Loyal Customer,59,Personal Travel,Eco,715,1,4,1,4,4,3,3,2,2,1,2,3,4,2.62,0,0,FALSE
Female,Loyal Customer,39,Business Travel,Business,3919,2,2,2,2,3,4,4,4,4,4,4,5,5,3.46,0,0,TRUE
Female,Loyal Customer,39,Business Travel,Eco,874,5,2,4,2,5,5,5,5,4,3,5,3,5,4.08,8,0,TRUE
Male,Disloyal Customer,27,Business Travel,Business,1179,2,2,2,1,3,2,3,3,5,4,2,2,3,2.62,0,11,FALSE
Male,Loyal Customer,30,Business Travel,Business,1566,4,5,5,5,1,1,4,1,4,3,3,3,1,3.08,79,115,FALSE
Female,Disloyal Customer,13,Business Travel,Eco,844,2,2,2,2,5,2,5,5,3,3,3,3,5,3.23,2,0,FALSE
Female,Loyal Customer,42,Business Travel,Business,3257,1,1,1,1,4,5,5,4,4,4,4,3,3,3.08,0,0,TRUE
Male,Loyal Customer,61,Personal Travel,Eco,1660,3,4,4,5,1,4,1,1,5,3,4,3,1,3,0,20,FALSE
Female,Disloyal Customer,44,Business Travel,Eco,891,4,4,4,4,3,4,3,3,1,2,5,1,3,3.15,44,83,TRUE
Male,Loyal Customer,36,Business Travel,Business,1935,3,3,3,3,5,5,4,5,5,5,5,4,4,4.15,4,0,TRUE
Male,Loyal Customer,57,Personal Travel,Eco,579,1,5,0,3,1,0,1,1,2,3,5,5,1,2.15,0,0,FALSE
Female,Loyal Customer,59,Business Travel,Business,2715,2,2,2,2,3,4,4,4,4,4,4,3,3,3.15,0,0,TRUE
Female,Loyal Customer,47,Business Travel,Business,456,1,1,3,1,4,4,4,4,4,4,4,3,5,3.23,0,0,TRUE
Female,Loyal Customer,36,Personal Travel,Business,689,2,5,2,4,4,5,4,5,5,2,5,5,3,3.92,0,0,FALSE
Male,Loyal Customer,45,Business Travel,Business,1237,1,3,4,4,2,2,2,1,1,1,1,2,1,1.92,6,15,FALSE
Male,Loyal Customer,40,Business Travel,Business,2145,4,4,4,4,3,4,5,3,3,4,5,4,5,4,0,0,TRUE
Male,Loyal Customer,49,Personal Travel,Eco,345,2,2,2,3,1,2,1,1,3,1,4,4,1,2.08,0,4,FALSE
Female,Loyal Customer,60,Business Travel,Business,1773,5,5,5,5,3,4,5,4,4,4,4,5,4,4.38,12,0,TRUE
Female,Loyal Customer,64,Personal Travel,Eco,213,2,5,2,1,5,5,5,4,4,2,4,4,5,3.69,58,28,FALSE
Female,Loyal Customer,55,Business Travel,Eco,399,5,1,1,1,4,3,1,4,4,5,4,4,3,3.08,3,8,TRUE
Female,Loyal Customer,13,Personal Travel,Eco,1111,3,2,3,4,4,3,4,4,1,3,4,3,4,3.23,3,0,FALSE
Male,Loyal Customer,36,Business Travel,Business,1926,1,2,2,2,3,3,3,1,1,1,1,3,4,2.08,0,0,FALSE
Male,Loyal Customer,59,Business Travel,Business,2593,3,3,3,3,1,4,3,3,3,3,3,2,1,2.69,5,0,FALSE
Female,Loyal Customer,44,Business Travel,Eco,1709,4,5,5,5,3,3,4,3,3,4,3,3,1,3.54,0,0,TRUE
Female,Disloyal Customer,23,Business Travel,Eco,1013,3,3,3,1,2,3,2,2,5,5,4,5,2,3.08,0,0,FALSE
Male,Loyal Customer,46,Personal Travel,Eco,946,1,1,1,1,3,1,5,3,1,4,1,2,3,2.08,3,15,FALSE
Female,Loyal Customer,36,Business Travel,Eco,310,1,2,4,4,1,1,1,1,2,3,4,2,1,2.08,26,28,FALSE
Male,Loyal Customer,58,Business Travel,Eco,314,3,5,5,5,3,3,3,3,3,1,4,2,3,3.31,6,0,FALSE
Male,Loyal Customer,55,Business Travel,Business,384,5,5,5,5,3,5,3,5,5,5,5,5,5,4.69,21,19,TRUE
Female,Disloyal Customer,23,Business Travel,Eco,479,2,0,2,4,5,2,5,5,3,1,2,1,5,2.85,0,0,FALSE
Female,Loyal Customer,50,Personal Travel,Eco Plus,1185,3,5,3,5,5,4,5,3,3,3,3,5,5,4,0,0,FALSE
Male,Disloyal Customer,41,Business Travel,Business,301,5,5,5,3,2,5,2,2,4,3,5,5,2,3.69,0,0,TRUE
Male,Loyal Customer,35,Business Travel,Business,2311,4,4,4,4,5,5,5,3,4,3,1,5,5,4,0,0,TRUE
Male,Loyal Customer,56,Business Travel,Eco Plus,260,5,5,5,5,5,5,5,5,4,2,4,3,5,4.46,0,5,TRUE
Male,Disloyal Customer,21,Business Travel,Eco,175,2,3,1,3,2,1,2,2,4,3,2,4,2,2.38,0,0,FALSE
Male,Disloyal Customer,27,Business Travel,Eco,977,2,2,2,4,5,2,5,5,1,5,5,5,5,3.69,34,96,FALSE
Female,Loyal Customer,46,Business Travel,Business,2062,2,2,2,2,3,2,1,4,4,4,4,2,5,2.85,0,0,TRUE
Female,Loyal Customer,59,Personal Travel,Eco,224,4,5,0,1,4,5,4,5,5,0,5,5,4,3.62,25,10,FALSE
Male,Loyal Customer,36,Business Travel,Business,1746,2,2,2,2,5,3,4,5,5,5,5,5,4,3.77,0,0,TRUE
Female,Loyal Customer,53,Business Travel,Business,2366,2,2,2,2,4,4,4,4,4,4,4,5,3,3.38,0,0,TRUE
Female,Disloyal Customer,26,Business Travel,Eco,666,3,4,4,3,3,4,3,3,4,5,3,1,3,3.31,43,81,FALSE
Female,Loyal Customer,51,Business Travel,Business,2049,4,3,3,3,3,3,4,4,4,4,4,1,3,3.31,1,0,FALSE
Female,Disloyal Customer,24,Business Travel,Eco,550,1,3,1,3,5,1,5,5,2,3,4,4,5,3.23,0,0,FALSE
Female,Loyal Customer,41,Business Travel,Eco,528,5,3,4,3,5,5,5,5,3,5,5,4,5,4.38,75,73,TRUE
Male,Loyal Customer,51,Business Travel,Business,1969,2,2,2,2,3,3,5,5,5,5,5,3,5,3.62,0,1,TRUE
Male,Loyal Customer,50,Business Travel,Business,2883,3,3,5,3,3,5,5,4,4,4,4,4,4,3.92,88,79,TRUE
Male,Loyal Customer,61,Personal Travel,Business,541,2,4,2,1,4,1,5,3,3,2,3,2,4,2.77,0,0,FALSE
Male,Loyal Customer,47,Business Travel,Business,3651,4,2,4,4,5,5,5,5,5,5,5,3,3,4.23,0,0,TRUE
Male,Loyal Customer,49,Business Travel,Business,946,5,5,5,5,5,4,1,5,5,5,5,4,3,4.38,0,21,TRUE
Male,Disloyal Customer,21,Business Travel,Eco,370,5,0,5,1,3,5,3,3,3,4,4,3,3,3.23,0,0,TRUE
Female,Loyal Customer,19,Personal Travel,Business,1576,2,4,2,4,4,2,4,4,5,4,4,4,4,3.62,0,0,FALSE
Female,Loyal Customer,35,Personal Travel,Eco,368,3,2,3,4,4,3,4,4,1,3,4,4,4,3.31,0,0,FALSE
Male,Loyal Customer,22,Business Travel,Business,359,5,5,5,5,5,5,5,5,2,5,3,3,5,4.46,0,0,TRUE
Female,Disloyal Customer,24,Business Travel,Eco,1009,4,4,4,4,2,4,3,2,5,4,2,4,2,3.38,0,4,TRUE
Female,Loyal Customer,51,Business Travel,Eco Plus,368,1,0,0,3,4,4,3,3,3,1,3,1,4,2.31,27,18,FALSE
Female,Loyal Customer,45,Business Travel,Business,2529,3,3,3,3,4,4,4,4,4,4,4,4,3,3.62,0,0,TRUE
Female,Loyal Customer,24,Personal Travel,Eco,1723,1,5,1,3,2,1,2,2,3,4,3,5,2,2.62,4,0,FALSE
Male,Loyal Customer,41,Business Travel,Business,1573,0,0,0,2,3,5,4,3,3,3,3,4,4,2.62,15,20,TRUE
Male,Loyal Customer,52,Business Travel,Business,1578,5,5,4,5,4,5,5,4,4,5,4,5,4,4.54,0,0,TRUE
Male,Disloyal Customer,27,Business Travel,Business,1331,5,5,5,4,5,4,4,5,2,4,4,4,4,4.23,0,0,TRUE
Female,Disloyal Customer,25,Business Travel,Business,1205,0,3,0,4,2,0,2,2,5,3,5,3,2,2.38,0,9,TRUE
Male,Loyal Customer,10,Personal Travel,Eco Plus,317,2,3,2,3,1,2,1,1,2,4,3,1,1,2,0,0,FALSE
Female,Loyal Customer,55,Personal Travel,Eco,1158,3,3,4,4,2,5,3,4,4,4,4,4,1,3.46,0,0,FALSE
Male,Loyal Customer,42,Business Travel,Business,2784,3,3,3,3,2,3,2,3,3,3,3,2,3,2.77,0,5,FALSE
Female,Loyal Customer,21,Personal Travel,Eco,223,4,5,4,2,1,4,1,1,3,2,5,5,1,2.92,0,0,FALSE
Male,Loyal Customer,70,Personal Travel,Eco,925,2,5,2,2,1,2,1,1,4,3,2,4,1,2.31,0,0,FALSE
Male,Loyal Customer,43,Business Travel,Business,1121,4,4,4,4,4,4,4,5,5,5,5,4,3,4.23,0,10,TRUE
Female,Disloyal Customer,38,Business Travel,Eco,311,3,1,3,3,1,3,1,1,4,4,4,2,1,2.38,0,0,FALSE
Male,Loyal Customer,62,Business Travel,Business,307,2,4,5,4,2,3,4,2,2,2,2,3,4,3,31,22,FALSE
Female,Disloyal Customer,27,Business Travel,Business,507,2,2,2,4,4,2,4,4,4,4,4,4,4,3.38,0,0,FALSE
Male,Loyal Customer,57,Business Travel,Business,3482,3,2,2,2,3,3,3,3,3,3,3,2,2,2.62,13,18,FALSE
Female,Loyal Customer,40,Personal Travel,Eco,1660,3,0,3,3,5,3,5,5,5,4,4,3,5,3.69,2,0,FALSE
Female,Loyal Customer,64,Personal Travel,Eco Plus,1497,2,2,2,3,5,4,4,2,2,2,2,4,1,2.69,12,12,FALSE
Male,Loyal Customer,40,Business Travel,Business,216,1,1,1,1,5,4,3,1,1,1,1,4,2,2,0,0,FALSE
Male,Loyal Customer,27,Personal Travel,Eco,819,4,2,4,2,3,4,3,3,1,4,3,2,3,2.92,34,48,FALSE
Male,Loyal Customer,69,Business Travel,Business,362,1,5,5,5,1,1,1,3,4,4,3,1,1,2.69,215,216,FALSE
Male,Loyal Customer,68,Personal Travel,Eco,733,1,4,1,4,2,1,2,2,1,3,4,1,2,2.15,1,0,FALSE
Male,Loyal Customer,8,Personal Travel,Eco,331,4,3,4,3,2,4,2,2,1,1,3,5,2,2.77,1,0,FALSE
Male,Loyal Customer,53,Business Travel,Business,3448,4,4,4,4,3,5,4,4,4,4,4,3,4,3.92,69,78,TRUE
Female,Loyal Customer,46,Business Travel,Business,3159,4,4,4,4,2,4,4,5,5,5,5,4,5,4.23,58,56,TRUE
Female,Loyal Customer,50,Personal Travel,Eco,2465,1,5,1,3,1,4,4,3,5,4,4,4,4,3.31,0,24,FALSE
Female,Loyal Customer,46,Personal Travel,Eco,731,2,4,3,3,4,1,2,4,4,3,4,2,1,2.85,0,1,FALSE
Male,Loyal Customer,39,Business Travel,Business,2358,5,5,5,5,5,5,4,4,4,4,4,3,5,4.46,0,0,TRUE
Female,Loyal Customer,70,Personal Travel,Eco,127,4,4,4,3,3,3,3,4,4,4,4,1,2,3.31,0,0,FALSE
Male,Loyal Customer,49,Business Travel,Business,775,2,2,2,2,2,4,4,5,5,5,5,4,5,3.62,24,19,TRUE
Male,Loyal Customer,25,Personal Travel,Eco,946,2,3,2,3,3,2,5,3,1,3,3,1,3,2.62,0,3,FALSE
Female,Loyal Customer,35,Business Travel,Business,1235,1,1,1,1,4,5,5,4,4,4,4,3,3,3.08,2,16,TRUE
Male,Disloyal Customer,35,Business Travel,Business,1190,4,4,4,1,4,4,2,4,3,2,5,4,4,3.46,4,0,FALSE
Male,Loyal Customer,48,Business Travel,Business,1894,3,5,3,3,5,5,5,5,5,5,5,5,5,4.54,307,299,TRUE
Female,Loyal Customer,47,Business Travel,Business,985,1,1,1,1,2,4,4,3,3,3,3,4,4,2.62,0,7,TRUE
Male,Disloyal Customer,26,Business Travel,Business,550,4,4,4,3,3,4,3,3,3,4,5,4,3,3.62,2,0,TRUE
Female,Loyal Customer,48,Business Travel,Business,3930,4,4,4,4,2,5,5,5,5,5,5,4,4,4.31,120,109,TRUE
Female,Loyal Customer,30,Personal Travel,Eco,853,5,4,5,4,1,4,1,1,5,4,5,3,1,3.31,0,0,TRUE
Female,Loyal Customer,34,Business Travel,Eco Plus,341,5,2,2,2,5,5,5,5,2,4,3,2,5,3.62,32,22,TRUE
Female,Loyal Customer,58,Business Travel,Eco,937,3,5,5,5,5,4,3,3,3,3,3,2,3,3.62,85,91,FALSE
Male,Loyal Customer,45,Business Travel,Business,2628,4,4,4,4,2,4,5,5,5,5,5,3,4,4.15,15,17,TRUE
Male,Loyal Customer,9,Personal Travel,Eco,444,3,4,3,3,3,3,3,3,3,2,5,4,3,3.23,0,0,FALSE
Female,Loyal Customer,40,Business Travel,Business,3778,3,3,3,3,5,4,2,5,5,5,5,4,2,3.77,29,17,TRUE
Male,Loyal Customer,67,Business Travel,Business,1729,2,2,2,2,2,3,4,2,2,2,2,3,1,2.23,0,0,FALSE
Male,Loyal Customer,62,Business Travel,Business,3934,2,2,4,2,4,3,1,5,5,4,5,5,4,3.54,58,47,TRUE
Male,Loyal Customer,45,Personal Travel,Eco,342,3,3,3,3,4,3,4,4,5,3,2,1,4,3.23,39,19,FALSE
Female,Loyal Customer,46,Business Travel,Business,342,4,4,4,4,5,5,4,4,4,4,4,4,4,4.15,5,0,TRUE
Male,Loyal Customer,47,Business Travel,Business,226,4,4,4,4,2,5,4,4,4,4,4,5,5,4.08,0,0,TRUE
Female,Loyal Customer,37,Personal Travel,Eco,933,3,4,4,5,5,4,5,5,5,3,4,3,5,4.23,0,0,FALSE
Male,Loyal Customer,48,Business Travel,Business,3439,5,5,5,5,5,5,4,5,5,5,5,4,5,4.85,0,0,TRUE
Male,Loyal Customer,53,Business Travel,Business,1744,3,3,3,3,3,4,4,4,4,4,4,4,5,3.69,0,0,TRUE
Female,Loyal Customer,57,Business Travel,Business,1426,4,4,2,4,2,4,5,4,4,5,4,3,3,3.69,0,0,TRUE
Female,Loyal Customer,47,Business Travel,Business,2660,3,3,3,3,2,5,5,4,4,4,4,5,5,3.85,0,0,TRUE
Female,Loyal Customer,46,Business Travel,Business,1005,3,5,3,5,1,4,3,3,3,3,3,1,1,2.92,112,110,FALSE
Female,Loyal Customer,44,Personal Travel,Eco,845,5,4,5,2,2,5,4,1,1,5,1,4,4,3.31,29,8,TRUE
Male,Loyal Customer,51,Business Travel,Business,3780,4,4,4,4,3,4,5,4,4,4,4,5,4,4.08,0,0,TRUE
Female,Disloyal Customer,43,Business Travel,Business,998,3,3,3,4,1,3,1,1,3,3,3,1,1,2.31,0,0,FALSE
Female,Disloyal Customer,40,Business Travel,Business,794,1,1,1,2,3,1,3,3,5,5,5,3,3,2.77,6,0,FALSE
Male,Loyal Customer,22,Personal Travel,Eco Plus,475,1,3,1,2,3,1,3,3,4,1,5,5,3,2.69,0,0,FALSE
Male,Loyal Customer,34,Personal Travel,Eco,188,1,3,1,3,5,1,5,5,1,4,3,4,5,3.15,0,8,FALSE
Male,Loyal Customer,36,Business Travel,Business,2236,1,3,3,3,4,3,4,1,1,1,1,3,1,2.23,0,18,FALSE
Female,Loyal Customer,26,Business Travel,Business,2402,2,2,2,2,3,3,3,3,4,5,5,4,3,3.15,10,0,TRUE
Male,Loyal Customer,58,Business Travel,Business,3944,5,5,2,5,5,5,4,4,4,4,4,5,3,4.23,0,0,TRUE
Male,Loyal Customer,45,Business Travel,Eco,440,4,3,1,3,4,4,4,4,1,5,3,2,4,3.23,2,8,FALSE
Female,Loyal Customer,46,Business Travel,Business,1900,1,5,2,2,3,4,3,1,1,1,1,3,1,2.15,0,0,FALSE
Male,Loyal Customer,31,Business Travel,Business,3438,2,2,2,2,4,4,4,4,5,3,4,3,4,3.31,0,0,TRUE
Female,Loyal Customer,47,Business Travel,Eco,728,2,4,4,4,5,3,3,2,2,2,2,3,4,3.08,0,0,FALSE
Female,Loyal Customer,38,Business Travel,Business,2133,4,4,4,4,4,4,4,5,5,5,5,3,3,4.15,10,1,TRUE
Male,Loyal Customer,26,Personal Travel,Eco,2342,3,1,3,4,4,3,4,4,1,5,3,1,4,3.08,0,0,FALSE
Female,Loyal Customer,47,Business Travel,Business,432,5,5,5,5,3,5,5,5,5,5,5,4,3,4.62,8,0,TRUE
Female,Loyal Customer,40,Personal Travel,Eco,199,5,4,5,3,2,5,1,2,5,5,5,3,2,3.62,0,0,TRUE
Female,Loyal Customer,45,Business Travel,Eco Plus,509,4,4,3,4,1,5,3,4,4,4,4,1,1,3.23,0,0,TRUE
Female,Disloyal Customer,25,Business Travel,Eco,1607,2,2,2,4,4,2,1,4,2,4,1,3,4,2.69,0,0,FALSE
Female,Disloyal Customer,29,Business Travel,Eco,867,3,3,3,1,4,3,4,4,3,1,3,4,4,3.08,0,0,FALSE
Female,Disloyal Customer,16,Business Travel,Eco,430,1,4,1,3,4,1,2,4,1,2,3,1,4,2.38,18,32,FALSE
Female,Loyal Customer,49,Business Travel,Business,1961,1,1,1,1,4,4,5,5,5,5,5,4,5,3.54,4,0,TRUE
Male,Loyal Customer,51,Business Travel,Business,2959,5,5,4,5,4,4,4,5,5,5,5,5,5,4.69,3,0,TRUE
Male,Loyal Customer,11,Personal Travel,Eco,2176,3,4,3,3,3,3,3,3,2,4,5,5,3,3.38,37,32,FALSE
Female,Loyal Customer,59,Business Travel,Business,2556,4,4,4,4,5,4,4,4,4,3,5,4,4,4.08,34,28,TRUE
Male,Loyal Customer,33,Personal Travel,Eco,153,3,4,0,1,5,0,4,5,5,3,5,4,5,3.38,0,0,FALSE
Female,Loyal Customer,29,Business Travel,Business,1874,1,2,1,1,1,1,1,1,1,3,2,4,1,1.54,0,0,FALSE
Male,Loyal Customer,51,Personal Travel,Eco,735,3,5,3,1,5,3,5,5,4,5,4,4,5,4,3,0,FALSE
Female,Loyal Customer,28,Personal Travel,Business,177,1,3,1,3,2,1,2,2,4,1,3,1,2,2,0,0,FALSE
Male,Disloyal Customer,22,Business Travel,Eco,268,5,0,5,3,5,5,5,5,5,2,4,4,5,4.08,0,12,TRUE
Female,Loyal Customer,60,Business Travel,Business,1524,1,1,1,1,2,5,4,5,5,5,5,3,3,3.15,6,0,TRUE
Female,Loyal Customer,50,Business Travel,Business,675,1,4,4,4,1,3,4,1,1,1,1,3,3,2.38,0,0,FALSE
Female,Disloyal Customer,28,Business Travel,Eco,356,4,2,4,4,5,4,5,5,2,5,4,1,5,3.85,1,0,FALSE
Male,Loyal Customer,70,Personal Travel,Eco,166,3,5,3,2,1,3,1,1,3,2,5,4,1,2.62,0,0,FALSE
Male,Loyal Customer,54,Business Travel,Eco,302,1,3,3,3,1,1,1,1,1,4,4,3,1,2.08,31,28,FALSE
Male,Loyal Customer,24,Business Travel,Eco,409,5,1,1,1,5,5,5,5,5,3,5,1,5,3.62,0,0,TRUE
Female,Loyal Customer,47,Business Travel,Business,3221,2,2,2,2,5,5,5,5,5,5,5,3,4,3.85,34,26,TRUE
Female,Loyal Customer,30,Business Travel,Business,1674,4,4,4,4,5,5,5,5,1,3,2,4,5,3.92,116,100,TRUE
Female,Disloyal Customer,21,Business Travel,Eco,196,5,0,5,1,4,5,4,4,5,1,5,1,4,3.38,0,0,TRUE
Female,Loyal Customer,26,Business Travel,Business,3892,2,2,2,2,3,4,3,3,4,5,5,5,3,3.31,14,7,TRUE
Female,Loyal Customer,67,Personal Travel,Eco,304,1,1,1,2,2,3,2,3,3,1,3,4,3,2.23,16,12,FALSE
Female,Disloyal Customer,45,Business Travel,Eco,230,4,2,4,2,1,4,1,1,5,1,1,4,1,2.38,0,0,TRUE
Female,Loyal Customer,42,Business Travel,Business,3309,1,1,1,1,3,5,5,4,4,4,4,3,4,3.08,26,7,TRUE
Female,Loyal Customer,45,Business Travel,Business,370,5,5,5,5,3,5,5,1,1,2,1,3,5,3.54,0,0,TRUE
Male,Loyal Customer,33,Business Travel,Business,2151,4,4,4,4,4,4,4,4,3,2,5,5,4,3.92,0,5,TRUE
Female,Loyal Customer,27,Business Travel,Business,599,1,1,1,1,2,2,2,1,5,1,5,2,2,2,120,151,TRUE
Male,Disloyal Customer,36,Business Travel,Eco,446,4,2,4,4,5,4,4,5,2,2,4,4,5,3.77,104,100,FALSE
Female,Loyal Customer,52,Business Travel,Business,2814,5,5,1,5,4,4,5,5,5,5,5,5,4,4.46,15,7,TRUE
Male,Loyal Customer,13,Personal Travel,Eco,320,3,4,3,5,3,5,5,2,5,3,4,5,5,4,171,179,FALSE
Male,Loyal Customer,38,Personal Travel,Eco,802,3,3,2,4,5,2,5,5,1,1,3,2,5,3.15,0,0,FALSE
Female,Loyal Customer,21,Business Travel,Eco,405,0,3,0,3,5,0,5,5,2,4,4,5,5,3.15,0,0,TRUE
Male,Loyal Customer,16,Business Travel,Business,775,2,1,1,1,2,2,2,2,2,5,3,4,2,2.23,42,38,FALSE
Female,Loyal Customer,48,Personal Travel,Business,1046,1,4,2,2,3,4,4,5,5,2,5,3,5,3.46,0,0,FALSE
Female,Loyal Customer,53,Business Travel,Business,1670,1,1,1,1,4,3,4,1,1,1,1,3,2,1.85,0,0,FALSE
Male,Loyal Customer,49,Business Travel,Business,3455,1,1,1,1,5,5,4,4,4,4,4,4,5,3.31,10,2,TRUE
Male,Disloyal Customer,40,Business Travel,Eco,846,2,2,2,3,1,2,1,1,3,1,1,2,1,1.69,0,12,FALSE
Male,Loyal Customer,51,Business Travel,Business,3247,2,2,2,2,5,4,3,2,2,2,2,2,4,2.62,98,87,FALSE
Female,Disloyal Customer,27,Business Travel,Business,602,2,2,2,3,4,2,4,4,3,2,4,4,4,3.08,116,93,FALSE
Male,Disloyal Customer,38,Business Travel,Eco,321,4,0,4,1,3,4,3,3,2,4,1,1,3,2.54,0,0,FALSE
Female,Loyal Customer,26,Business Travel,Business,951,4,4,4,4,4,4,4,4,5,3,5,5,4,4.15,0,0,TRUE
Male,Loyal Customer,16,Personal Travel,Eco,192,4,4,4,3,4,4,4,4,5,4,5,5,4,4.15,42,31,FALSE
Male,Loyal Customer,40,Business Travel,Business,3059,2,2,2,2,1,5,1,4,4,4,4,3,3,2.85,65,42,TRUE
Female,Disloyal Customer,23,Business Travel,Eco,1194,2,2,2,2,2,3,4,4,3,5,5,4,4,3.23,0,6,FALSE
Male,Loyal Customer,28,Personal Travel,Eco,173,2,4,0,2,5,0,5,5,4,5,4,4,5,3.46,0,0,FALSE
Male,Disloyal Customer,27,Business Travel,Business,1134,2,2,2,4,1,2,1,1,2,2,3,3,1,2,11,21,FALSE
Female,Loyal Customer,41,Business Travel,Business,3544,4,4,4,4,1,4,3,1,1,1,4,3,4,2.92,0,0,FALSE
Female,Loyal Customer,51,Business Travel,Business,547,5,5,5,5,2,5,5,5,5,5,5,5,3,4.62,71,64,TRUE
Female,Loyal Customer,50,Business Travel,Business,401,3,1,4,4,1,4,3,3,3,3,3,1,1,2.62,43,26,FALSE
Female,Loyal Customer,45,Business Travel,Business,3961,1,1,1,1,2,4,4,2,2,2,2,5,4,2.38,0,0,TRUE
Female,Loyal Customer,22,Business Travel,Eco Plus,404,0,1,1,1,0,1,2,0,4,5,3,2,0,1.54,0,0,FALSE
Male,Disloyal Customer,24,Business Travel,Eco,819,5,5,5,2,2,5,2,2,5,3,5,5,2,3.69,8,7,TRUE
Female,Loyal Customer,20,Personal Travel,Eco,2279,3,5,3,3,4,3,4,4,5,5,5,4,4,4,3,0,FALSE
Female,Loyal Customer,43,Personal Travel,Eco,630,2,2,2,2,3,3,3,2,2,2,2,4,3,2.46,1,13,FALSE
Male,Loyal Customer,41,Business Travel,Business,417,3,3,3,3,2,4,4,2,2,2,2,5,5,3.08,4,2,TRUE
Male,Loyal Customer,42,Business Travel,Business,3426,5,5,5,5,3,5,5,5,5,5,5,3,3,4.54,0,0,TRUE
Female,Loyal Customer,46,Business Travel,Business,912,4,4,4,4,2,5,5,4,4,4,4,3,4,3.92,2,0,TRUE
Male,Loyal Customer,20,Business Travel,Business,1569,5,5,5,5,4,4,4,4,3,2,4,3,4,4,1,14,TRUE
Female,Loyal Customer,38,Personal Travel,Eco,2125,2,4,2,4,5,2,5,5,3,5,2,1,5,3.46,0,6,FALSE
Male,Loyal Customer,59,Business Travel,Eco,677,2,4,4,4,2,2,2,2,4,2,4,1,2,2.69,0,0,FALSE
Female,Loyal Customer,61,Personal Travel,Eco,1120,2,5,2,2,5,4,4,4,4,2,4,5,4,3.62,0,0,FALSE
Male,Loyal Customer,30,Business Travel,Business,296,2,2,2,2,2,2,2,2,4,1,4,4,2,2.38,0,0,FALSE
Male,Disloyal Customer,46,Business Travel,Business,406,3,3,3,4,1,3,1,1,3,5,4,4,1,2.77,25,18,FALSE
Male,Loyal Customer,18,Personal Travel,Eco,868,5,1,4,4,5,4,2,5,1,2,4,2,5,3.38,99,116,TRUE
Female,Loyal Customer,38,Business Travel,Eco Plus,366,3,2,2,2,3,3,3,3,4,2,4,1,3,2.69,0,0,FALSE
Male,Loyal Customer,48,Personal Travel,Business,1986,4,4,4,4,5,1,2,2,2,4,2,4,2,3.08,40,31,FALSE
Male,Loyal Customer,31,Business Travel,Eco,2248,0,0,0,3,4,0,4,4,2,3,4,3,4,2.38,0,0,TRUE
Male,Disloyal Customer,25,Business Travel,Eco,738,2,2,2,5,3,2,3,3,2,3,4,5,3,3,6,4,FALSE
Male,Loyal Customer,48,Personal Travel,Eco,641,2,4,2,4,4,2,4,4,5,2,5,5,4,3.62,0,0,FALSE
Female,Loyal Customer,30,Personal Travel,Eco,666,2,2,2,4,2,2,2,2,2,5,4,1,2,2.46,0,0,FALSE
Male,Loyal Customer,38,Personal Travel,Eco,628,1,4,1,2,3,1,2,3,5,4,4,5,3,2.92,4,0,FALSE
Female,Loyal Customer,43,Personal Travel,Eco,1165,4,4,4,2,3,4,5,1,1,4,1,4,4,3.15,2,0,TRUE
Male,Loyal Customer,25,Business Travel,Business,770,1,1,1,1,4,4,4,4,5,4,4,3,4,3.08,26,27,TRUE
Female,Loyal Customer,31,Personal Travel,Eco,1874,3,3,3,3,5,3,5,5,4,1,2,4,5,3.54,13,0,FALSE
Male,Loyal Customer,11,Personal Travel,Eco,1542,4,5,4,1,2,4,2,2,4,5,3,4,2,3.23,0,0,FALSE
Female,Loyal Customer,48,Personal Travel,Eco,576,1,5,1,1,4,4,5,3,3,1,3,3,4,2.92,0,15,FALSE
Female,Loyal Customer,43,Business Travel,Business,1440,2,5,5,5,2,3,3,2,2,2,2,2,1,2.77,0,0,FALSE
Male,Loyal Customer,37,Business Travel,Eco Plus,611,2,1,2,2,2,2,2,2,2,3,3,3,2,2.15,37,35,FALSE
Male,Loyal Customer,34,Business Travel,Business,488,4,4,4,4,5,5,5,4,4,4,4,5,4,4.31,12,1,TRUE
Female,Loyal Customer,16,Personal Travel,Eco,977,2,4,3,2,2,3,2,2,3,4,5,3,2,2.85,21,13,FALSE
Female,Loyal Customer,30,Personal Travel,Eco,1640,5,5,5,3,1,5,1,1,4,2,5,5,1,3.31,0,0,TRUE
Female,Loyal Customer,50,Business Travel,Business,134,4,4,1,4,3,5,5,4,4,4,5,3,3,3.77,4,8,TRUE
Male,Loyal Customer,59,Personal Travel,Eco,2075,3,4,4,3,5,4,5,5,4,3,3,2,5,3.85,0,0,FALSE
Male,Loyal Customer,46,Business Travel,Business,1404,5,5,5,5,5,1,2,2,2,2,2,1,1,2.92,0,0,TRUE
Female,Loyal Customer,56,Business Travel,Eco,399,5,4,4,4,4,3,4,5,5,5,5,2,5,4.23,16,38,TRUE
Male,Loyal Customer,50,Personal Travel,Eco Plus,337,3,4,4,3,4,4,4,4,3,3,5,4,4,3.77,106,99,FALSE
Female,Loyal Customer,50,Business Travel,Business,3207,1,5,5,5,1,3,3,1,1,1,1,3,4,2.62,9,0,FALSE
Male,Loyal Customer,39,Business Travel,Business,3092,2,2,2,2,3,4,4,5,5,5,4,4,3,3.46,0,0,TRUE
Male,Loyal Customer,36,Business Travel,Business,453,1,5,1,5,3,3,3,1,1,1,1,1,2,2.15,20,23,FALSE
Female,Loyal Customer,25,Business Travel,Business,3845,2,5,5,5,2,2,2,2,4,1,2,3,2,2.85,3,15,FALSE
Male,Loyal Customer,37,Personal Travel,Eco,748,2,5,2,4,2,5,3,3,5,4,5,3,3,3.54,208,248,FALSE
Male,Loyal Customer,48,Business Travel,Business,888,4,4,4,4,4,4,4,4,4,4,4,5,4,4.08,28,21,TRUE
Female,Disloyal Customer,24,Business Travel,Eco,922,4,4,4,4,5,4,5,5,5,3,4,4,5,4.31,0,12,TRUE
Female,Loyal Customer,70,Personal Travel,Eco,868,1,2,1,2,2,1,1,5,5,1,5,2,1,2.23,34,20,FALSE
Female,Disloyal Customer,32,Business Travel,Eco,541,2,4,3,3,5,3,5,5,5,4,4,3,5,3.92,7,19,FALSE
Female,Loyal Customer,57,Business Travel,Business,3945,1,1,5,1,3,4,4,4,4,4,4,5,5,3.46,0,0,TRUE
Male,Loyal Customer,29,Business Travel,Business,323,4,4,4,4,4,4,4,4,4,4,4,4,4,4,4,2,TRUE
Male,Loyal Customer,37,Personal Travel,Eco,522,3,4,3,1,2,3,2,2,3,3,4,3,2,2.69,0,1,FALSE
Female,Disloyal Customer,30,Business Travel,Eco,825,2,2,2,4,3,2,3,3,1,5,4,2,3,2.77,24,19,FALSE
Female,Loyal Customer,32,Business Travel,Business,480,1,1,1,1,5,5,5,5,5,4,4,3,5,3.46,3,2,TRUE
Female,Loyal Customer,34,Business Travel,Business,2228,5,5,4,5,1,1,3,5,5,5,5,4,3,3.92,4,0,TRUE
Female,Loyal Customer,36,Business Travel,Eco Plus,223,4,4,4,4,4,4,4,4,2,1,3,1,4,3.31,0,3,FALSE
Female,Loyal Customer,29,Business Travel,Business,2026,1,3,1,1,5,5,5,5,4,1,3,2,5,3.15,13,12,TRUE
Female,Loyal Customer,33,Business Travel,Business,1119,1,1,1,1,5,5,5,5,5,5,5,3,3,3.46,0,0,TRUE
Female,Loyal Customer,18,Personal Travel,Eco,569,0,1,1,3,2,1,2,2,3,2,2,1,2,1.69,15,10,TRUE
Male,Loyal Customer,41,Personal Travel,Eco,771,4,4,4,3,5,4,5,5,5,4,5,5,5,4.46,0,7,FALSE
Male,Disloyal Customer,16,Business Travel,Eco,2092,3,3,3,3,4,3,4,4,2,1,4,4,4,3.23,45,53,FALSE
Female,Loyal Customer,54,Business Travel,Business,1337,4,4,4,4,3,4,4,5,5,5,5,5,5,4.38,0,0,TRUE
Male,Disloyal Customer,34,Business Travel,Business,354,1,1,1,4,5,1,5,5,3,1,1,4,5,2.85,0,0,FALSE
Female,Disloyal Customer,27,Business Travel,Eco,1455,2,2,2,3,3,2,3,3,2,3,3,2,3,2.54,0,10,FALSE
Female,Loyal Customer,36,Personal Travel,Eco,473,1,2,1,3,5,1,5,5,3,2,4,2,5,3,0,0,FALSE
Male,Disloyal Customer,13,Business Travel,Business,1021,4,3,4,4,4,4,4,4,5,2,4,5,4,3.92,3,0,TRUE
Female,Loyal Customer,19,Personal Travel,Eco,468,4,4,4,3,2,4,2,2,4,2,5,3,2,3.15,0,0,FALSE
Male,Loyal Customer,25,Business Travel,Eco Plus,338,4,4,4,4,4,4,2,4,2,3,3,1,4,3.31,3,0,FALSE
Female,Loyal Customer,56,Business Travel,Business,3262,2,2,2,2,5,4,5,5,5,5,5,5,5,4,0,7,TRUE
Female,Disloyal Customer,10,Personal Travel,Business,2174,2,2,2,2,4,2,4,4,1,1,2,2,4,2.46,0,0,FALSE
Male,Loyal Customer,41,Business Travel,Business,109,2,3,4,3,5,3,3,1,1,1,2,2,2,2.46,0,0,FALSE
Female,Disloyal Customer,42,Business Travel,Business,368,5,5,5,3,1,5,1,1,4,5,4,5,1,3.46,10,1,TRUE
Female,Loyal Customer,36,Business Travel,Business,3340,4,5,4,4,5,4,4,4,4,5,4,3,4,4.15,0,0,TRUE
Male,Disloyal Customer,24,Business Travel,Eco,373,2,2,3,3,2,3,2,2,3,2,3,1,2,2.31,0,0,FALSE
Male,Disloyal Customer,48,Business Travel,Business,226,4,4,4,4,1,4,1,1,5,3,4,3,1,3,51,39,FALSE
Female,Loyal Customer,45,Business Travel,Business,2486,4,4,4,4,5,3,5,2,2,2,2,4,5,3.54,0,0,TRUE
Female,Loyal Customer,28,Business Travel,Business,432,2,2,2,2,4,4,4,4,3,3,3,3,4,3.08,0,9,TRUE
Male,Loyal Customer,41,Personal Travel,Eco,1127,2,4,3,2,4,3,4,4,3,4,5,4,4,3.54,0,0,FALSE
Female,Disloyal Customer,29,Business Travel,Eco,930,3,3,3,4,1,3,1,1,4,4,3,1,1,2.46,0,0,FALSE
Female,Loyal Customer,64,Business Travel,Eco,2402,1,1,1,1,2,3,4,1,1,1,1,4,3,1.85,2,0,FALSE
Female,Loyal Customer,41,Business Travel,Business,1773,2,2,2,2,4,4,4,5,5,5,5,4,4,3.69,0,0,TRUE
Female,Loyal Customer,32,Business Travel,Business,2068,4,4,4,4,2,2,2,2,5,4,5,4,2,3.38,0,0,TRUE
Female,Loyal Customer,38,Business Travel,Eco Plus,265,5,1,1,1,5,5,5,5,1,1,5,1,5,3.15,41,82,TRUE
Female,Loyal Customer,19,Business Travel,Eco Plus,458,3,5,5,5,3,3,3,3,1,5,4,2,3,3.46,1,0,FALSE
Male,Loyal Customer,58,Personal Travel,Eco,719,2,5,2,2,2,2,2,2,3,3,5,3,2,2.69,0,0,FALSE
Female,Loyal Customer,56,Business Travel,Business,1572,5,5,4,5,5,4,4,5,5,5,5,3,5,4.62,0,0,TRUE
Female,Loyal Customer,15,Personal Travel,Business,109,3,5,3,3,4,3,4,4,4,4,4,3,4,3.69,111,110,FALSE
Male,Loyal Customer,48,Business Travel,Business,1846,3,3,3,3,4,3,5,5,5,5,5,3,4,3.92,6,11,TRUE
Female,Loyal Customer,27,Personal Travel,Eco,234,2,3,2,4,3,2,3,3,4,3,3,4,3,3,2,9,FALSE
Female,Loyal Customer,52,Business Travel,Business,2742,4,4,4,4,3,5,4,4,4,4,4,4,4,4,0,0,TRUE
Male,Loyal Customer,64,Business Travel,Eco,86,4,1,1,1,4,4,4,4,5,1,1,1,4,2.69,0,29,TRUE
Female,Loyal Customer,49,Business Travel,Business,704,1,1,1,1,2,5,5,5,5,5,5,4,3,3.31,16,0,TRUE
Female,Loyal Customer,11,Personal Travel,Eco Plus,2446,2,5,1,1,1,4,4,5,5,4,5,4,4,3.46,16,60,FALSE
Male,Loyal Customer,60,Business Travel,Business,3177,1,1,1,1,5,5,5,5,5,5,5,3,4,3.54,0,4,TRUE
Male,Loyal Customer,41,Personal Travel,Eco,159,1,5,1,3,5,1,5,5,3,3,4,3,5,3.38,0,0,FALSE
Female,Loyal Customer,57,Business Travel,Business,432,5,5,5,5,3,4,5,5,5,5,5,3,4,4.54,0,0,TRUE
Male,Loyal Customer,63,Personal Travel,Eco,546,2,3,2,3,3,2,3,3,1,5,3,3,3,2.77,0,0,FALSE
Male,Loyal Customer,44,Business Travel,Eco,689,4,5,5,5,4,4,4,4,5,1,1,5,4,3.92,0,0,TRUE
Female,Loyal Customer,45,Personal Travel,Eco,201,3,5,0,3,2,2,3,1,1,0,4,5,5,2.62,0,0,FALSE
Male,Disloyal Customer,25,Business Travel,Business,414,3,0,3,4,4,3,4,4,3,4,5,5,4,3.54,0,0,FALSE
Male,Disloyal Customer,46,Business Travel,Business,1355,5,5,5,2,1,5,1,1,1,1,3,4,1,2.69,87,59,TRUE
Female,Loyal Customer,35,Business Travel,Eco,190,5,4,4,4,5,5,5,5,4,4,5,2,5,4.38,63,55,TRUE
Female,Loyal Customer,33,Business Travel,Eco,1076,2,1,1,1,2,2,2,2,2,4,3,4,2,2.15,0,0,FALSE
Female,Loyal Customer,36,Personal Travel,Eco,899,0,4,0,4,5,0,5,5,4,5,1,1,5,3,0,0,TRUE
Male,Loyal Customer,57,Business Travel,Business,1572,2,2,2,2,3,4,5,5,5,5,5,4,5,3.77,1,37,TRUE
Male,Loyal Customer,43,Personal Travel,Eco,236,4,2,0,2,2,0,2,2,1,1,1,1,2,1.54,0,0,FALSE
Male,Disloyal Customer,38,Business Travel,Eco Plus,447,1,1,1,2,2,1,2,2,2,1,3,3,2,1.77,0,0,FALSE
Female,Loyal Customer,57,Business Travel,Business,685,2,2,2,2,5,4,5,4,4,4,4,4,4,3.54,0,0,TRUE
Male,Loyal Customer,48,Business Travel,Business,1814,3,3,3,3,3,5,4,5,5,5,5,3,5,4,5,10,TRUE
Male,Disloyal Customer,32,Business Travel,Business,669,3,3,3,4,1,3,1,1,3,5,4,3,1,2.69,19,20,FALSE
Male,Loyal Customer,43,Business Travel,Eco Plus,501,2,5,5,5,2,2,2,2,2,5,1,3,2,2.92,0,0,TRUE
Female,Loyal Customer,30,Business Travel,Eco,89,5,5,5,5,5,4,5,5,4,1,3,3,5,4.23,0,0,TRUE
Female,Disloyal Customer,24,Business Travel,Eco,1189,2,2,2,4,2,2,2,2,4,5,1,5,2,2.69,0,7,FALSE
Female,Loyal Customer,40,Business Travel,Business,3631,3,3,3,3,3,5,5,5,5,5,5,4,5,4.15,0,0,TRUE
Female,Disloyal Customer,10,Business Travel,Eco,507,2,3,2,3,4,2,4,4,3,2,3,2,4,2.92,0,0,FALSE
Female,Loyal Customer,30,Personal Travel,Eco Plus,1290,2,5,3,2,2,3,2,2,5,2,4,4,2,2.92,19,14,FALSE
Male,Disloyal Customer,36,Business Travel,Business,1149,2,2,2,5,1,2,1,1,4,5,5,3,1,2.62,0,0,FALSE
Male,Loyal Customer,46,Business Travel,Business,3926,5,5,5,5,4,5,5,5,5,5,5,3,5,4.77,0,0,TRUE
Male,Loyal Customer,43,Business Travel,Business,2475,2,2,2,2,3,2,2,2,5,1,3,2,2,2.31,2,16,FALSE
Male,Loyal Customer,34,Personal Travel,Eco,1076,3,4,3,2,5,3,5,5,4,1,1,5,5,3.54,0,8,FALSE
Female,Loyal Customer,47,Personal Travel,Business,2465,1,2,1,2,1,4,4,2,5,2,2,4,4,2.62,0,20,FALSE
Male,Disloyal Customer,41,Business Travel,Eco,668,3,2,3,3,3,3,3,3,1,3,3,3,3,2.77,293,264,FALSE
Male,Loyal Customer,41,Business Travel,Business,760,4,4,4,4,3,4,4,5,5,5,5,3,3,4.08,0,0,TRUE
Female,Loyal Customer,48,Business Travel,Business,629,2,2,2,2,2,3,3,2,2,2,2,4,1,2.23,0,0,FALSE
Male,Loyal Customer,40,Business Travel,Eco,156,4,5,5,5,4,4,4,4,1,3,5,4,4,4,0,0,TRUE
Female,Disloyal Customer,28,Business Travel,Business,502,0,0,0,1,5,0,5,5,3,2,5,4,5,2.69,0,0,TRUE
Female,Disloyal Customer,54,Business Travel,Business,1197,4,4,4,4,5,4,5,5,5,3,4,3,5,4.23,88,67,FALSE
Female,Loyal Customer,57,Business Travel,Business,678,3,3,3,3,5,5,4,5,5,5,5,4,3,4.08,24,23,TRUE
Female,Loyal Customer,49,Business Travel,Eco,637,5,4,4,4,1,3,3,5,5,5,5,2,4,3.85,21,27,TRUE
Female,Loyal Customer,23,Personal Travel,Eco,704,2,5,2,3,1,2,1,1,5,3,5,5,1,2.77,0,0,FALSE
Female,Loyal Customer,50,Personal Travel,Eco,888,1,1,1,1,2,2,2,1,1,1,4,3,4,1.85,0,3,FALSE
Female,Loyal Customer,30,Personal Travel,Eco Plus,853,3,2,2,4,4,2,4,4,4,5,3,3,4,3.38,0,32,FALSE
Female,Loyal Customer,8,Personal Travel,Eco Plus,680,2,4,2,3,5,2,5,5,4,4,5,5,5,3.92,12,21,FALSE
Male,Loyal Customer,59,Business Travel,Business,1096,3,3,3,3,4,5,4,3,3,3,3,4,3,3.38,0,0,TRUE
Female,Loyal Customer,34,Personal Travel,Eco Plus,2125,2,1,1,4,4,1,4,4,4,2,4,2,4,2.85,0,0,FALSE
Female,Loyal Customer,51,Business Travel,Business,3802,5,5,5,5,3,5,4,5,5,5,5,2,4,4.46,0,5,TRUE
Male,Loyal Customer,30,Personal Travel,Eco Plus,590,3,5,3,4,1,3,1,1,5,3,4,5,1,3,0,0,FALSE
Female,Disloyal Customer,28,Business Travel,Business,680,5,5,5,1,1,5,1,1,3,4,5,5,1,3.23,0,0,TRUE
Male,Loyal Customer,57,Business Travel,Business,1671,2,2,2,2,2,4,5,4,4,4,4,3,3,3.15,88,81,TRUE
Female,Disloyal Customer,24,Business Travel,Business,296,4,5,4,1,2,4,2,2,5,4,5,4,2,3.38,0,0,TRUE
Female,Loyal Customer,45,Personal Travel,Eco,1037,2,2,2,3,5,3,3,3,3,2,5,4,2,3,0,16,FALSE
Male,Loyal Customer,42,Business Travel,Eco,143,2,4,4,4,2,2,2,2,3,3,4,2,2,2.77,0,0,FALSE
Female,Loyal Customer,57,Personal Travel,Business,347,3,4,3,4,5,5,5,5,5,3,4,5,3,4.15,0,0,FALSE
Male,Disloyal Customer,23,Business Travel,Eco,1369,1,1,1,1,4,1,4,4,5,5,5,3,4,3,4,0,FALSE
Male,Loyal Customer,49,Business Travel,Business,2456,0,0,0,2,2,5,5,5,5,5,5,3,5,3.23,0,3,TRUE
Male,Loyal Customer,45,Business Travel,Business,2439,2,2,2,2,1,2,5,5,5,5,5,1,3,3.08,0,0,TRUE
Male,Loyal Customer,30,Business Travel,Business,1053,1,5,5,5,1,1,1,1,1,2,1,1,1,2,17,7,FALSE
Male,Loyal Customer,41,Personal Travel,Eco,370,5,4,5,2,3,5,3,3,4,1,1,3,3,3.23,0,0,TRUE
Female,Loyal Customer,65,Personal Travel,Eco Plus,476,2,3,2,3,4,4,4,5,5,2,5,1,1,3.15,55,48,FALSE
Female,Loyal Customer,45,Business Travel,Eco,677,4,1,2,2,4,3,4,5,5,4,5,3,4,3.54,0,0,FALSE
Female,Loyal Customer,46,Business Travel,Business,1960,0,0,0,1,4,5,5,1,1,1,1,4,5,2.15,25,18,TRUE
Female,Loyal Customer,71,Business Travel,Eco,337,5,4,4,4,4,3,1,5,5,5,5,4,4,4.08,0,0,TRUE
Male,Loyal Customer,50,Business Travel,Business,362,5,5,5,5,4,4,4,4,4,4,4,4,4,4.31,0,0,TRUE
Female,Loyal Customer,31,Business Travel,Eco Plus,718,3,3,3,3,3,2,3,3,1,4,4,4,3,3,0,0,FALSE
Male,Disloyal Customer,21,Business Travel,Business,1440,0,0,0,3,5,0,5,5,3,4,5,5,5,3.08,0,0,TRUE
Male,Disloyal Customer,32,Business Travel,Business,469,1,0,0,3,5,0,5,5,1,2,2,3,5,2.46,83,94,FALSE
Female,Loyal Customer,12,Personal Travel,Eco,271,3,5,3,4,1,3,1,1,3,4,5,5,1,3,5,0,FALSE
Male,Loyal Customer,35,Personal Travel,Eco,930,4,4,4,3,3,4,3,3,4,4,5,5,3,3.77,0,0,FALSE
Female,Loyal Customer,41,Personal Travel,Eco,399,4,5,4,4,3,4,3,3,4,5,4,3,3,3.77,26,34,FALSE
Male,Loyal Customer,69,Business Travel,Eco,221,4,5,3,3,4,4,4,4,3,2,1,1,4,3.23,0,0,TRUE
Female,Loyal Customer,58,Business Travel,Business,2183,0,0,0,4,4,4,4,3,3,3,3,4,4,2.77,42,36,TRUE
Male,Loyal Customer,44,Business Travel,Business,3214,2,5,5,5,1,3,2,2,2,2,2,3,4,2.92,29,37,FALSE
Male,Loyal Customer,48,Business Travel,Business,3457,4,3,4,4,2,5,4,5,5,5,5,5,4,4.23,0,2,TRUE
Female,Loyal Customer,40,Business Travel,Business,1859,3,3,3,3,3,5,4,5,5,5,5,3,3,3.85,1,15,TRUE
Female,Loyal Customer,50,Personal Travel,Business,2486,2,3,2,3,3,3,3,1,1,2,1,3,1,2.15,21,5,FALSE
Female,Loyal Customer,31,Business Travel,Business,2306,5,5,5,5,5,5,5,5,1,4,5,3,5,4.46,0,2,TRUE
Male,Loyal Customer,29,Business Travel,Business,3053,1,1,1,1,1,1,1,1,1,5,1,1,1,1.31,0,8,FALSE
Female,Loyal Customer,48,Personal Travel,Eco,425,1,2,1,2,4,1,3,4,4,1,4,2,2,2.38,0,4,FALSE
Female,Loyal Customer,53,Personal Travel,Eco Plus,787,2,1,2,4,4,4,3,5,5,2,5,4,4,3.46,0,0,FALSE
Male,Loyal Customer,59,Business Travel,Eco,1205,4,3,3,3,4,4,4,4,4,3,2,1,4,3.31,4,0,FALSE
Female,Loyal Customer,67,Personal Travel,Eco,689,3,2,3,4,4,3,4,4,4,3,4,4,1,3.31,0,0,FALSE
Male,Loyal Customer,7,Personal Travel,Eco,271,2,0,2,5,5,2,5,5,5,5,4,3,5,3.69,0,0,FALSE
Female,Loyal Customer,68,Business Travel,Business,925,2,3,3,3,2,4,4,2,2,2,2,4,4,2.85,0,0,FALSE
Female,Loyal Customer,39,Business Travel,Business,223,3,3,3,3,5,4,4,4,4,4,4,5,5,3.92,29,24,TRUE
Female,Loyal Customer,44,Business Travel,Business,2253,5,5,4,5,1,5,1,4,4,4,4,5,1,3.69,0,0,TRUE
Male,Loyal Customer,38,Personal Travel,Eco,759,0,4,0,3,2,0,2,2,3,4,4,4,2,2.31,0,0,TRUE
Male,Loyal Customer,40,Business Travel,Business,986,3,3,3,3,2,5,4,5,5,5,5,3,1,3.62,0,0,TRUE
Male,Disloyal Customer,23,Business Travel,Business,247,4,5,4,5,5,4,5,5,4,2,4,3,5,4.23,80,76,TRUE
Male,Loyal Customer,20,Business Travel,Business,2442,1,1,1,1,5,5,5,5,4,3,4,4,5,3.38,0,0,TRUE
Male,Loyal Customer,47,Business Travel,Business,1067,5,5,5,5,4,5,5,5,5,4,5,4,5,4.77,0,0,TRUE
Female,Loyal Customer,38,Personal Travel,Eco,404,4,5,4,1,3,4,5,3,4,5,5,3,3,3.77,0,0,TRUE
Female,Disloyal Customer,22,Business Travel,Eco,587,2,0,1,2,2,1,3,2,4,3,4,4,2,2.31,8,0,FALSE
Male,Loyal Customer,54,Business Travel,Business,67,4,4,4,4,3,3,1,5,5,5,4,1,1,3.38,3,0,TRUE
Female,Disloyal Customer,20,Business Travel,Eco,361,2,0,2,2,1,2,1,1,4,4,3,2,1,1.92,0,0,FALSE
Male,Loyal Customer,45,Business Travel,Business,1416,2,2,4,2,3,4,4,5,5,5,5,4,5,3.85,29,9,TRUE
Female,Disloyal Customer,22,Business Travel,Eco,1235,4,4,4,3,5,4,5,5,3,5,5,3,5,4.23,0,0,FALSE
Female,Disloyal Customer,22,Business Travel,Business,626,5,0,5,2,2,5,2,2,3,3,3,3,2,2.85,0,16,TRUE
Male,Loyal Customer,16,Business Travel,Business,1969,2,1,1,1,2,2,2,2,2,4,3,3,2,2.08,0,4,FALSE
Female,Disloyal Customer,68,Business Travel,Eco,190,3,1,3,2,3,3,3,3,2,4,3,3,3,2.77,0,0,FALSE
Female,Loyal Customer,69,Personal Travel,Eco,2106,3,1,3,3,5,3,4,4,4,3,4,1,1,3,0,0,FALSE
Male,Loyal Customer,45,Business Travel,Business,2900,4,4,4,4,3,4,3,5,5,5,5,4,5,4.23,25,39,TRUE
Male,Disloyal Customer,23,Business Travel,Eco,696,2,2,2,2,2,2,2,2,3,4,5,2,2,2.46,0,0,FALSE
Female,Disloyal Customer,29,Business Travel,Business,674,2,2,2,2,2,2,2,2,5,3,4,5,2,2.69,116,115,FALSE
Male,Loyal Customer,25,Business Travel,Business,3371,1,1,1,1,5,5,5,5,1,5,4,5,5,3.38,30,30,TRUE
Male,Disloyal Customer,20,Business Travel,Eco,1012,1,1,1,4,1,1,1,1,3,1,4,1,1,1.62,0,0,FALSE
Female,Loyal Customer,57,Business Travel,Business,1985,1,1,1,1,5,5,4,4,4,4,4,5,4,3.31,59,61,TRUE
Male,Disloyal Customer,39,Business Travel,Business,611,2,2,2,2,4,2,1,4,1,1,2,1,4,2.15,0,0,FALSE
Female,Disloyal Customer,25,Business Travel,Eco Plus,118,4,0,4,1,4,4,4,4,4,5,1,1,4,3.08,0,6,FALSE
Female,Loyal Customer,8,Personal Travel,Eco,592,3,3,3,3,2,3,2,2,3,1,4,5,2,2.77,3,0,FALSE
Female,Loyal Customer,55,Personal Travel,Eco,377,3,2,3,3,4,3,4,4,4,3,4,2,4,3.31,0,1,FALSE
Female,Loyal Customer,45,Business Travel,Business,2272,5,5,5,5,5,5,5,5,5,5,5,5,3,4.85,0,0,TRUE
Male,Loyal Customer,45,Business Travel,Business,3438,5,5,5,5,4,5,4,5,5,5,5,5,4,4.77,16,6,TRUE
Male,Loyal Customer,45,Business Travel,Business,715,2,2,2,2,4,2,5,4,4,4,4,4,2,3.15,0,17,TRUE
Male,Loyal Customer,52,Business Travel,Business,2300,3,3,3,3,5,5,5,5,5,4,5,4,3,4.08,0,0,TRUE
Female,Loyal Customer,17,Business Travel,Business,268,2,1,1,1,2,2,2,2,3,3,4,4,2,2.23,53,57,FALSE
Female,Loyal Customer,33,Business Travel,Business,733,3,5,5,5,5,3,4,3,3,3,3,3,3,3.69,0,0,FALSE
Male,Loyal Customer,50,Business Travel,Business,2585,1,1,1,1,2,4,5,5,5,5,5,4,3,3.23,0,0,TRUE
Female,Loyal Customer,41,Business Travel,Business,1431,1,1,1,1,2,5,4,4,4,4,4,3,5,3,20,12,TRUE
Male,Loyal Customer,35,Business Travel,Eco Plus,1117,4,4,4,4,4,4,4,4,3,2,5,3,4,3.77,6,0,TRUE
Male,Loyal Customer,46,Business Travel,Business,666,2,2,2,2,2,5,4,4,4,4,4,5,5,3.46,0,0,TRUE
Male,Loyal Customer,47,Business Travel,Business,1069,5,2,5,5,4,4,5,5,5,5,5,3,5,4.46,34,24,TRUE
Male,Loyal Customer,58,Business Travel,Eco,934,3,3,5,3,3,3,3,3,1,3,4,2,3,3,0,0,TRUE
Male,Loyal Customer,58,Business Travel,Business,309,5,5,3,5,4,4,4,4,4,4,4,3,4,4.08,0,1,TRUE
Female,Loyal Customer,51,Business Travel,Eco,925,2,1,1,1,5,3,2,2,2,2,2,3,3,2.23,47,29,FALSE
Female,Loyal Customer,19,Personal Travel,Eco,666,2,1,2,3,4,2,4,4,2,3,3,4,4,2.92,5,17,FALSE
Male,Loyal Customer,57,Business Travel,Business,312,1,1,1,1,1,3,3,1,1,1,1,1,3,1.46,79,75,FALSE
Male,Loyal Customer,24,Business Travel,Business,1829,2,1,1,1,2,2,2,2,1,3,3,1,2,1.77,25,23,FALSE
Female,Loyal Customer,44,Personal Travel,Eco,1635,2,4,2,4,2,4,1,4,4,3,4,1,1,2.77,132,134,FALSE
Female,Loyal Customer,56,Personal Travel,Eco,821,1,3,1,3,1,3,3,2,2,1,2,4,1,2.08,0,0,FALSE
Female,Disloyal Customer,52,Business Travel,Eco Plus,536,3,3,3,5,1,3,1,1,2,1,3,5,1,2.46,0,0,FALSE
Male,Loyal Customer,69,Business Travel,Eco,679,5,1,1,1,5,5,5,5,3,2,5,1,5,3.38,0,0,TRUE
Female,Loyal Customer,26,Business Travel,Eco Plus,510,2,5,5,5,2,2,3,2,3,5,4,2,2,3.23,0,28,FALSE
Female,Loyal Customer,39,Business Travel,Eco,158,4,3,2,2,4,4,4,4,4,4,4,4,4,3.62,0,0,FALSE
Male,Loyal Customer,21,Business Travel,Eco,895,4,1,1,1,4,4,5,4,2,3,3,1,4,2.85,20,26,TRUE
Male,Loyal Customer,38,Business Travel,Business,2133,4,4,4,4,4,5,4,5,5,5,5,2,1,4,30,25,TRUE
Male,Loyal Customer,22,Business Travel,Business,965,5,5,5,5,5,5,5,5,2,2,4,4,5,4.38,0,0,TRUE
Male,Loyal Customer,67,Personal Travel,Eco,2704,1,4,1,4,1,3,3,3,5,5,4,3,3,3.08,0,0,FALSE
Female,Loyal Customer,37,Personal Travel,Eco,602,2,4,2,5,2,2,2,2,3,5,5,5,2,3.15,24,12,FALSE
Male,Loyal Customer,14,Personal Travel,Eco,628,1,3,2,2,3,2,3,3,5,3,5,4,3,3,1,0,FALSE
Male,Loyal Customer,62,Personal Travel,Eco,447,3,5,3,2,1,3,1,1,5,5,4,5,1,3,0,0,FALSE
Female,Loyal Customer,30,Business Travel,Business,2794,2,3,3,3,2,2,2,2,3,3,4,4,2,2.69,38,38,FALSE
Female,Loyal Customer,52,Business Travel,Business,2367,2,2,2,2,5,5,5,5,5,5,5,5,3,3.92,101,93,TRUE
Male,Loyal Customer,44,Business Travel,Eco,222,3,4,4,4,3,3,3,3,1,2,3,5,3,3.15,0,9,TRUE
Male,Disloyal Customer,20,Business Travel,Eco,641,2,3,2,4,5,2,3,5,3,3,3,2,5,3.23,0,0,FALSE
Female,Disloyal Customer,27,Business Travel,Eco,787,2,2,2,4,1,2,5,1,1,4,3,1,1,2.23,36,22,FALSE
Male,Loyal Customer,42,Business Travel,Eco,672,2,5,5,5,2,2,2,2,5,4,3,1,2,3.08,0,3,TRUE
Male,Loyal Customer,50,Personal Travel,Eco Plus,551,1,3,1,4,5,1,5,5,1,3,3,3,5,3.08,0,0,FALSE
Female,Loyal Customer,26,Business Travel,Eco,965,5,1,1,1,5,5,4,5,2,4,4,1,5,3.31,34,35,TRUE
Male,Loyal Customer,25,Business Travel,Business,496,5,5,5,5,5,4,5,5,4,2,4,3,5,4.38,0,9,FALSE
Male,Loyal Customer,15,Personal Travel,Eco,1089,4,3,4,3,3,4,3,3,4,1,4,3,3,3.23,30,13,FALSE
Male,Loyal Customer,65,Personal Travel,Eco,502,3,4,3,3,1,3,1,1,3,5,5,4,1,2.85,0,0,FALSE
Male,Loyal Customer,38,Personal Travel,Eco,2704,3,3,2,5,1,2,1,1,4,3,4,3,1,2.54,32,0,FALSE
Male,Loyal Customer,48,Business Travel,Business,577,5,5,5,5,5,4,4,4,4,4,4,3,4,4.31,7,0,TRUE
Female,Loyal Customer,44,Business Travel,Business,3857,4,4,4,4,4,4,5,4,4,4,4,4,3,4,0,0,TRUE
Male,Loyal Customer,7,Personal Travel,Eco,1969,2,5,2,3,3,2,3,3,4,4,4,4,3,3.23,41,42,FALSE
Female,Loyal Customer,43,Personal Travel,Business,292,3,5,2,3,5,5,5,5,5,2,5,3,5,4.08,0,0,FALSE
Male,Loyal Customer,23,Personal Travel,Eco,334,3,5,5,4,3,5,3,3,4,5,5,3,3,3.92,23,32,FALSE
Female,Loyal Customer,40,Personal Travel,Eco Plus,565,4,5,4,3,5,4,5,5,3,4,4,4,5,4.23,0,0,FALSE
Female,Disloyal Customer,44,Business Travel,Business,362,3,3,3,1,1,3,1,1,4,2,5,4,1,2.46,0,0,FALSE
Female,Disloyal Customer,37,Business Travel,Business,1431,2,2,2,2,4,2,4,4,3,5,4,5,4,3.31,25,53,FALSE
Male,Loyal Customer,45,Business Travel,Business,547,1,1,5,1,4,4,4,3,3,3,3,3,5,3.08,0,31,TRUE
Male,Loyal Customer,27,Business Travel,Business,3424,1,1,1,1,4,3,3,4,4,5,4,3,3,2.85,181,,TRUE
Female,Loyal Customer,29,Business Travel,Business,2700,2,2,2,2,5,4,5,5,2,3,2,3,5,3.23,0,0,TRUE
Male,Loyal Customer,47,Personal Travel,Eco,965,2,4,2,4,1,2,5,1,3,2,4,5,1,2.77,18,16,FALSE
Female,Loyal Customer,35,Business Travel,Eco,1214,4,2,2,2,4,4,4,4,2,3,1,3,4,3,0,0,TRUE
Male,Loyal Customer,51,Business Travel,Eco,632,2,3,3,3,2,2,2,2,2,5,4,3,2,2.69,0,32,FALSE
Female,Loyal Customer,26,Business Travel,Business,605,1,1,1,1,2,2,2,2,3,4,1,5,2,2.08,0,0,TRUE
Female,Loyal Customer,23,Business Travel,Business,1789,3,4,4,4,3,3,3,3,3,4,4,4,3,3.46,0,0,FALSE
Male,Loyal Customer,31,Business Travel,Business,2125,1,1,1,1,4,4,4,4,4,3,4,4,4,3,126,122,TRUE
Female,Loyal Customer,38,Business Travel,Eco Plus,1874,4,1,1,1,4,4,4,4,4,2,3,5,4,3.15,0,0,TRUE
Male,Loyal Customer,66,Business Travel,Business,544,2,4,4,4,4,3,3,2,2,3,2,4,4,3.15,0,0,FALSE
Female,Loyal Customer,46,Business Travel,Eco,1120,3,3,3,3,4,3,4,3,3,3,3,1,1,2.85,2,0,FALSE
Female,Disloyal Customer,14,Business Travel,Eco Plus,1023,3,1,3,4,2,3,2,2,4,2,3,2,2,2.54,0,0,FALSE
Male,Loyal Customer,24,Personal Travel,Eco,109,3,5,0,3,5,0,5,5,4,3,5,3,5,3.54,47,55,FALSE
Male,Disloyal Customer,27,Business Travel,Eco Plus,391,2,2,2,4,1,2,2,1,3,1,3,4,1,2.15,0,0,FALSE
Male,Loyal Customer,20,Personal Travel,Eco,170,1,2,1,4,3,1,3,3,3,5,4,4,3,2.85,19,16,FALSE
Female,Loyal Customer,54,Business Travel,Business,1676,5,5,5,5,5,4,4,5,5,5,5,4,3,4.62,1,1,TRUE
Male,Loyal Customer,36,Personal Travel,Eco,967,1,2,1,3,1,1,1,1,2,2,3,2,1,1.62,23,41,FALSE
Female,Loyal Customer,56,Business Travel,Eco,458,4,1,1,1,1,5,3,4,4,4,4,5,1,2.92,0,0,TRUE
Male,Disloyal Customer,35,Business Travel,Eco,2586,3,3,3,3,4,3,4,4,1,5,3,3,4,3.31,0,0,FALSE
Female,Loyal Customer,38,Personal Travel,Eco,1091,4,1,4,4,5,4,5,5,3,2,3,3,5,3.69,60,41,FALSE
Male,Loyal Customer,45,Personal Travel,Eco,296,4,4,4,4,3,4,3,3,2,3,4,1,3,3.23,7,4,FALSE
Female,Loyal Customer,43,Business Travel,Eco,508,4,3,3,3,5,3,5,4,4,4,4,1,5,3.69,6,0,TRUE
Female,Loyal Customer,29,Business Travel,Eco,591,2,1,1,1,2,2,2,2,1,2,4,2,2,1.85,18,4,FALSE
Female,Loyal Customer,33,Personal Travel,Eco,1849,1,1,1,2,2,1,2,2,3,3,2,4,2,2,0,2,FALSE
Male,Loyal Customer,42,Business Travel,Business,3434,4,4,4,4,4,4,4,5,5,5,5,4,5,4.38,4,0,TRUE
Female,Disloyal Customer,21,Business Travel,Eco,302,3,5,4,3,5,4,5,5,3,5,5,5,5,4.38,0,0,FALSE
Male,Loyal Customer,39,Personal Travel,Eco,361,2,5,2,4,5,2,5,5,3,2,4,3,5,3.62,0,0,FALSE
Female,Loyal Customer,47,Business Travel,Business,399,5,5,5,5,4,5,5,4,3,1,1,5,5,4.08,175,191,TRUE
Male,Disloyal Customer,49,Business Travel,Business,1671,1,1,1,2,4,1,1,4,4,5,4,4,4,2.77,0,0,FALSE
Female,Disloyal Customer,19,Business Travel,Eco,872,5,5,5,4,1,0,4,1,1,1,4,2,1,2.62,3,1,TRUE
Female,Disloyal Customer,37,Business Travel,Business,460,2,2,2,3,2,2,2,2,3,3,4,5,2,2.62,0,0,FALSE
Male,Loyal Customer,18,Personal Travel,Eco,447,2,3,4,3,4,4,4,4,3,1,2,2,4,3.08,0,0,FALSE
Female,Disloyal Customer,15,Business Travel,Eco,757,1,1,1,4,2,1,4,2,1,2,3,4,2,2.15,54,39,FALSE
Female,Loyal Customer,43,Personal Travel,Eco,543,4,5,4,3,3,3,4,3,3,4,3,4,2,3.46,16,20,FALSE
Male,Loyal Customer,26,Personal Travel,Eco,239,2,4,0,3,3,0,3,3,5,2,5,5,3,2.92,2,5,FALSE
Male,Loyal Customer,12,Personal Travel,Eco,169,3,5,3,4,3,3,3,3,5,4,4,5,3,3.69,0,5,FALSE
Male,Loyal Customer,60,Personal Travel,Eco,121,0,1,0,1,1,0,1,1,3,4,1,4,1,1.38,0,0,TRUE
Male,Loyal Customer,48,Business Travel,Business,2866,2,2,2,2,2,5,4,4,4,4,4,5,3,3.31,12,27,TRUE
Male,Loyal Customer,56,Business Travel,Business,3068,1,1,1,1,5,4,5,5,5,5,5,3,5,3.54,1,0,TRUE
Male,Loyal Customer,66,Personal Travel,Eco,2586,2,4,2,3,2,2,2,2,5,3,4,2,2,2.69,0,0,FALSE
Female,Loyal Customer,27,Personal Travel,Eco,651,2,5,2,4,1,2,2,1,4,1,5,1,1,2.38,0,0,FALSE
Female,Loyal Customer,37,Business Travel,Business,106,2,2,2,2,4,4,2,5,5,5,4,3,2,3.23,0,0,TRUE
Female,Loyal Customer,54,Business Travel,Eco,67,5,5,5,5,3,2,3,5,5,5,5,4,3,4.23,84,92,TRUE
Male,Loyal Customer,29,Business Travel,Business,2232,3,3,5,3,5,5,5,5,5,2,5,4,5,4.23,33,31,TRUE
Female,Loyal Customer,52,Business Travel,Business,3755,2,2,2,2,3,4,5,4,4,4,4,4,5,3.46,61,55,TRUE
Male,Loyal Customer,29,Personal Travel,Eco,456,3,5,3,3,5,3,4,5,2,4,3,4,5,3.77,51,46,FALSE
Female,Loyal Customer,31,Personal Travel,Eco,888,4,4,4,3,3,4,3,3,5,5,4,3,3,3.69,0,0,FALSE
Male,Disloyal Customer,12,Business Travel,Eco,861,2,2,2,4,2,2,2,2,3,3,4,1,2,2.38,0,0,FALSE
Male,Disloyal Customer,24,Business Travel,Eco,496,3,3,3,2,5,3,5,5,2,1,2,1,5,3.08,0,0,FALSE
Female,Disloyal Customer,20,Business Travel,Eco,409,4,0,4,5,2,4,2,2,4,3,4,4,2,3.08,0,0,TRUE
Female,Loyal Customer,67,Personal Travel,Eco,430,1,4,3,3,5,4,4,3,3,3,4,3,3,3.31,0,3,FALSE
Female,Loyal Customer,59,Personal Travel,Eco,1744,2,1,2,2,5,2,2,1,1,2,1,3,4,2.15,0,0,FALSE
Male,Loyal Customer,29,Personal Travel,Eco,1076,1,4,1,1,4,1,4,4,4,5,4,3,4,3.08,0,0,FALSE
Male,Loyal Customer,31,Personal Travel,Eco,67,2,5,2,5,4,2,4,4,3,5,5,4,4,3.77,0,17,FALSE
Male,Loyal Customer,38,Business Travel,Eco,163,4,3,3,3,4,4,4,4,5,3,3,5,4,3.77,0,0,TRUE
Male,Loyal Customer,68,Personal Travel,Eco,1123,1,5,1,1,5,1,5,5,3,4,4,4,5,3.38,0,0,FALSE
Male,Loyal Customer,38,Business Travel,Eco,676,2,4,4,4,2,2,2,2,4,3,4,1,2,2.77,4,10,FALSE
Female,Disloyal Customer,28,Business Travel,Eco,867,2,1,1,4,1,1,1,1,4,4,4,2,1,2.08,30,22,FALSE
Female,Disloyal Customer,23,Business Travel,Eco,834,4,4,4,2,2,4,2,2,5,5,4,3,2,3.31,0,0,TRUE
Female,Loyal Customer,37,Business Travel,Business,3455,2,2,2,2,2,3,1,5,5,5,5,3,3,3.08,0,0,TRUE
Male,Disloyal Customer,37,Business Travel,Business,239,5,5,5,5,1,5,1,1,5,2,5,4,1,3.46,2,0,TRUE
Male,Loyal Customer,47,Business Travel,Eco,771,5,4,1,4,5,5,5,5,4,1,4,4,5,4,11,0,TRUE
Female,Disloyal Customer,39,Business Travel,Business,868,3,4,4,5,2,4,2,2,5,4,4,3,2,3.38,0,2,FALSE
Female,Loyal Customer,39,Business Travel,Business,1852,2,2,2,2,2,5,5,4,4,4,4,3,3,3.23,0,0,TRUE
Male,Loyal Customer,44,Business Travel,Business,2169,3,3,1,3,5,5,4,2,2,2,2,4,3,3,0,0,TRUE
Male,Loyal Customer,35,Business Travel,Eco,577,3,3,3,3,3,3,3,3,1,2,5,1,3,2.77,2,0,TRUE
Male,Loyal Customer,43,Business Travel,Business,581,2,4,4,4,1,3,3,2,2,2,2,2,2,2.54,32,39,FALSE
Male,Loyal Customer,58,Personal Travel,Eco Plus,641,2,4,2,4,3,2,3,3,5,4,4,5,3,3.38,0,0,FALSE
Female,Loyal Customer,17,Personal Travel,Business,496,5,5,5,3,4,5,4,4,4,2,5,3,4,4.08,0,0,TRUE
Male,Loyal Customer,52,Business Travel,Eco Plus,352,4,2,2,2,4,4,4,4,1,4,3,1,4,3,0,0,TRUE
Male,Loyal Customer,53,Business Travel,Business,419,1,2,2,2,3,4,3,1,1,2,1,3,4,2.23,0,0,FALSE
Male,Loyal Customer,49,Business Travel,Business,2020,3,3,3,3,3,5,4,4,4,4,4,3,4,3.62,0,4,TRUE
Male,Loyal Customer,31,Personal Travel,Eco,762,4,4,4,5,1,4,5,1,4,2,4,4,1,3.31,1,13,FALSE
Male,Loyal Customer,53,Business Travel,Business,1436,1,1,1,1,4,5,4,4,4,4,4,3,5,3.15,0,0,TRUE
Male,Loyal Customer,43,Business Travel,Eco,343,5,2,2,2,5,5,5,5,1,1,5,3,5,3.54,0,0,TRUE
Female,Disloyal Customer,38,Business Travel,Eco,349,3,3,3,3,5,3,5,5,2,4,3,2,5,3.54,23,33,FALSE
Female,Loyal Customer,51,Business Travel,Business,295,2,2,2,2,2,4,4,4,4,4,4,3,3,3.08,0,0,TRUE
Male,Loyal Customer,18,Personal Travel,Eco,337,4,4,4,4,5,4,5,5,5,5,5,4,5,4.54,0,0,FALSE
Male,Loyal Customer,56,Business Travel,Eco Plus,302,5,2,2,2,5,5,5,5,5,4,1,3,5,3.77,9,0,TRUE
Male,Loyal Customer,50,Business Travel,Eco,1269,2,3,3,3,2,2,2,2,2,3,4,2,2,2.46,31,25,FALSE
Female,Disloyal Customer,39,Business Travel,Business,1167,5,5,5,1,4,5,4,4,1,1,4,4,4,3.62,0,0,TRUE
Female,Loyal Customer,40,Business Travel,Business,3866,1,3,3,3,2,2,3,1,1,1,1,2,1,1.85,0,0,FALSE
Female,Disloyal Customer,43,Business Travel,Eco,1035,2,2,2,3,4,2,4,4,3,2,2,3,4,2.85,0,25,FALSE
Female,Loyal Customer,50,Business Travel,Business,3105,2,2,2,2,1,4,4,2,2,2,2,1,3,2.23,13,26,FALSE
Male,Disloyal Customer,25,Business Travel,Business,895,4,0,4,3,3,4,3,3,5,2,5,4,3,3.31,14,12,TRUE
Female,Loyal Customer,29,Personal Travel,Eco,272,1,2,1,4,3,1,3,3,4,2,4,2,3,2.54,22,13,FALSE
Female,Loyal Customer,26,Business Travel,Business,3846,1,1,1,1,4,4,4,4,3,2,5,4,4,2.92,16,7,TRUE
Female,Loyal Customer,61,Personal Travel,Eco,406,3,4,3,3,4,5,5,5,5,3,5,4,5,4.15,35,47,FALSE
Female,Loyal Customer,29,Business Travel,Business,2117,3,3,3,3,4,4,4,4,3,3,4,5,4,3.62,26,25,TRUE
Male,Loyal Customer,52,Business Travel,Business,2218,2,5,5,5,5,4,3,2,2,2,2,1,3,3.15,0,0,FALSE
Female,Loyal Customer,40,Business Travel,Business,2614,3,5,5,5,1,2,2,3,3,3,3,2,2,3,0,0,FALSE
Male,Loyal Customer,55,Business Travel,Business,2092,3,3,3,3,2,4,4,3,3,4,3,5,5,3.46,1,0,TRUE
Male,Loyal Customer,48,Personal Travel,Eco,101,2,4,2,4,4,2,4,4,3,4,4,3,4,3.38,0,0,FALSE
Male,Loyal Customer,40,Business Travel,Business,1642,0,4,0,4,2,4,4,4,4,1,1,3,3,2.62,4,0,TRUE
Female,Loyal Customer,45,Business Travel,Business,1671,4,2,4,4,5,5,4,5,5,5,5,4,4,4.31,0,0,TRUE
Female,Loyal Customer,19,Business Travel,Business,3832,4,4,4,4,5,5,5,5,4,3,4,5,5,4.38,2,0,TRUE
Female,Loyal Customer,23,Business Travel,Business,2310,3,3,3,3,5,5,5,5,2,4,1,3,5,3.62,0,9,TRUE
Male,Loyal Customer,50,Personal Travel,Eco,337,3,3,3,5,1,3,1,1,2,5,5,5,1,2.92,0,2,FALSE
Female,Disloyal Customer,43,Business Travel,Eco,374,3,5,3,4,2,3,2,2,2,1,5,1,2,2.69,0,0,FALSE
Female,Loyal Customer,20,Personal Travel,Eco,109,4,4,4,3,5,4,5,5,3,5,5,5,5,4.38,26,32,TRUE
Female,Loyal Customer,55,Business Travel,Business,2227,4,3,3,3,3,4,3,4,4,4,4,3,1,3.31,111,77,FALSE
Male,Loyal Customer,42,Business Travel,Business,2761,1,5,5,5,5,3,4,1,1,1,1,4,3,3,0,0,FALSE
Female,Loyal Customer,45,Business Travel,Business,1756,3,3,3,3,3,5,5,5,5,5,5,4,5,4.15,0,3,TRUE
Female,Disloyal Customer,40,Business Travel,Business,214,1,1,1,3,2,1,2,2,1,2,4,1,2,1.77,0,0,FALSE
Male,Loyal Customer,45,Personal Travel,Eco,2106,2,5,2,4,2,2,2,2,1,5,5,3,2,2.85,9,0,FALSE
Female,Loyal Customer,46,Personal Travel,Eco,109,3,0,3,3,3,4,5,4,4,3,4,4,4,3.38,17,21,FALSE
Female,Loyal Customer,19,Personal Travel,Eco Plus,534,2,2,2,3,3,2,3,3,3,4,3,3,3,2.77,13,0,FALSE
Female,Disloyal Customer,25,Business Travel,Eco,589,3,1,3,3,1,3,1,1,1,3,3,1,1,1.92,0,0,FALSE
Female,Loyal Customer,45,Business Travel,Eco,1046,3,3,3,3,4,3,3,3,3,3,3,1,2,2.85,12,2,FALSE
Male,Loyal Customer,41,Business Travel,Eco,489,3,3,1,1,3,3,3,3,3,1,4,1,3,2.46,0,0,TRUE
Female,Loyal Customer,37,Business Travel,Business,3560,5,5,5,5,5,5,5,5,5,5,5,4,5,4.92,48,38,TRUE
Female,Loyal Customer,44,Business Travel,Eco,2504,2,2,5,2,2,3,2,2,2,2,2,1,4,2.38,12,2,FALSE
Female,Loyal Customer,31,Business Travel,Business,1590,1,1,1,1,5,5,5,5,3,3,4,4,5,3.31,0,0,TRUE
Male,Disloyal Customer,27,Business Travel,Business,358,2,2,2,3,1,2,1,1,2,2,3,3,1,1.92,0,0,FALSE
Female,Loyal Customer,31,Personal Travel,Eco,2133,1,1,2,4,5,2,5,5,3,2,3,3,5,3.15,12,11,FALSE
Female,Loyal Customer,59,Business Travel,Business,2960,4,4,4,4,3,4,5,2,2,2,2,5,4,3.46,54,37,TRUE
Male,Loyal Customer,19,Business Travel,Business,305,2,3,3,3,2,2,2,2,3,5,3,1,2,2.54,0,0,FALSE
Female,Loyal Customer,39,Personal Travel,Eco,646,1,3,1,2,4,1,4,4,4,3,2,2,4,2.69,0,0,FALSE
Female,Disloyal Customer,25,Business Travel,Business,657,3,0,3,2,5,3,5,5,5,5,5,3,5,3.77,2,0,FALSE
Female,Loyal Customer,55,Personal Travel,Eco,1128,1,5,1,3,3,3,4,2,2,1,2,4,4,2.69,0,24,FALSE
Female,Loyal Customer,64,Personal Travel,Eco,325,2,3,2,4,3,3,3,1,1,2,1,2,1,2.15,25,19,FALSE
Male,Disloyal Customer,37,Business Travel,Business,1020,3,3,3,1,5,3,5,5,4,4,4,5,5,3.85,4,3,FALSE
Female,Disloyal Customer,37,Business Travel,Business,1080,3,3,3,5,3,4,5,3,3,4,4,5,5,3.85,125,206,FALSE
Male,Disloyal Customer,38,Business Travel,Business,365,3,4,4,1,2,4,1,2,3,2,5,5,2,2.92,7,1,FALSE
Male,Loyal Customer,52,Business Travel,Business,1990,3,3,3,3,3,5,4,5,5,5,5,3,4,3.92,1,0,TRUE
Female,Loyal Customer,58,Business Travel,Business,328,2,2,2,2,2,4,5,4,4,4,4,5,3,3.31,0,0,TRUE
Female,Disloyal Customer,37,Business Travel,Business,725,3,3,3,3,5,3,5,5,5,5,5,3,5,4.08,60,60,FALSE
Male,Loyal Customer,62,Personal Travel,Eco,592,3,2,3,3,3,3,3,3,1,2,4,4,3,2.85,0,4,FALSE
Female,Loyal Customer,26,Business Travel,Business,3718,1,1,1,1,4,4,4,4,4,4,4,3,4,3,24,11,TRUE
Male,Loyal Customer,19,Personal Travel,Eco,362,1,1,1,3,2,1,1,2,2,3,4,1,2,1.85,0,0,FALSE
Female,Loyal Customer,45,Personal Travel,Eco,1096,1,2,1,4,5,4,3,3,3,1,3,1,1,2.46,0,1,FALSE
Female,Loyal Customer,62,Personal Travel,Eco,405,2,1,2,3,2,3,3,2,1,3,4,3,3,2.46,249,288,FALSE
Female,Loyal Customer,24,Personal Travel,Eco,1121,2,4,2,2,2,2,2,2,3,3,4,3,2,2.54,8,0,FALSE
Female,Disloyal Customer,26,Business Travel,Business,1164,3,3,3,2,2,3,2,2,5,5,5,4,2,3.15,0,0,FALSE
Female,Loyal Customer,57,Business Travel,Eco,599,5,4,2,4,3,5,3,5,5,5,5,5,5,4.31,0,8,TRUE
Male,Loyal Customer,43,Business Travel,Business,3892,4,4,4,4,2,4,5,5,5,5,5,4,4,4.23,0,1,TRUE
Female,Loyal Customer,59,Business Travel,Eco,1154,3,4,4,4,4,2,2,3,3,3,3,4,4,3.31,6,0,FALSE
Female,Loyal Customer,33,Business Travel,Business,2232,4,4,4,4,2,5,4,5,5,5,5,1,2,3.85,7,6,TRUE
Female,Loyal Customer,49,Business Travel,Business,368,2,2,2,2,2,5,5,4,4,4,4,5,3,3.38,0,0,TRUE
Female,Loyal Customer,35,Business Travel,Business,2755,3,3,3,3,4,5,5,5,5,5,5,3,3,4,0,17,TRUE
Female,Loyal Customer,24,Business Travel,Business,1765,4,4,4,4,4,4,4,4,5,4,4,4,4,4.08,27,18,TRUE
Male,Loyal Customer,41,Business Travel,Business,3800,5,5,5,5,4,3,3,4,4,4,4,5,5,4.31,0,0,TRUE
Male,Disloyal Customer,21,Business Travel,Eco,282,0,5,0,3,2,0,2,2,4,2,5,4,2,2.38,2,8,TRUE
Male,Loyal Customer,45,Business Travel,Business,432,3,3,3,3,1,2,1,5,5,5,5,3,4,3.31,3,0,TRUE
Male,Loyal Customer,68,Personal Travel,Eco Plus,1269,1,2,1,4,1,1,3,1,3,3,4,4,1,2.23,0,0,FALSE
Female,Loyal Customer,39,Business Travel,Business,2433,5,5,5,5,2,4,1,5,5,5,5,1,4,4,15,17,TRUE
Male,Loyal Customer,29,Personal Travel,Eco,901,2,1,2,4,1,2,1,1,2,3,4,3,1,2.08,0,0,FALSE
Female,Loyal Customer,59,Business Travel,Business,2171,4,4,4,4,2,5,5,5,5,5,5,4,4,4.31,10,5,TRUE
Female,Disloyal Customer,70,Personal Travel,Eco,1464,4,5,4,2,5,4,2,5,3,3,3,3,5,3.69,15,11,FALSE
Male,Disloyal Customer,22,Business Travel,Eco,898,1,1,1,3,2,1,2,2,2,1,4,4,2,2,0,0,FALSE
Male,Disloyal Customer,26,Business Travel,Business,361,3,2,3,4,5,3,5,5,4,3,4,2,5,3.69,0,0,FALSE
Male,Loyal Customer,50,Business Travel,Business,519,5,5,5,5,4,4,4,4,4,4,4,5,5,4.46,1,0,TRUE
Female,Disloyal Customer,37,Business Travel,Eco,358,2,0,1,2,4,1,4,4,1,1,3,1,4,2.15,0,0,FALSE
Male,Loyal Customer,51,Personal Travel,Eco,214,2,0,2,2,5,2,3,5,3,4,5,3,5,3.15,38,66,FALSE
Female,Disloyal Customer,54,Business Travel,Eco,160,3,2,3,4,2,3,2,2,4,5,4,4,2,3.08,0,11,FALSE
Female,Loyal Customer,15,Personal Travel,Eco,590,4,4,4,2,5,4,3,5,5,4,5,3,5,4.08,0,0,FALSE
Male,Loyal Customer,45,Business Travel,Eco,362,4,1,1,1,4,4,4,4,5,1,4,2,4,3,0,0,TRUE
Male,Disloyal Customer,11,Business Travel,Eco,599,2,4,3,1,1,3,1,1,3,3,5,3,1,2.38,0,5,FALSE
Male,Loyal Customer,57,Business Travel,Business,2370,3,3,3,3,3,4,4,5,5,5,5,5,4,4,0,0,TRUE
Male,Loyal Customer,7,Personal Travel,Eco,175,4,4,4,2,4,4,4,4,3,2,5,5,4,3.77,6,0,TRUE
Female,Loyal Customer,43,Business Travel,Business,2248,2,2,2,2,3,4,4,5,5,5,5,3,5,3.62,0,0,TRUE
Male,Loyal Customer,69,Business Travel,Eco Plus,925,3,4,4,4,3,3,3,3,3,1,3,3,3,3.08,0,4,FALSE
Male,Loyal Customer,52,Business Travel,Business,2047,4,4,4,4,3,2,5,5,5,5,5,4,2,4,11,27,TRUE
Male,Disloyal Customer,47,Business Travel,Eco,116,3,0,3,1,5,3,5,5,5,3,4,1,5,3.31,19,4,FALSE
Female,Loyal Customer,16,Personal Travel,Eco,1744,4,3,4,3,4,4,4,4,1,2,3,1,4,3.15,1,0,FALSE
Male,Disloyal Customer,40,Business Travel,Business,599,4,3,3,3,5,3,5,5,5,5,5,3,5,4.15,0,0,TRUE
Female,Loyal Customer,56,Personal Travel,Business,678,4,5,4,2,5,5,5,3,3,4,3,4,5,4,0,3,TRUE
Female,Loyal Customer,59,Business Travel,Business,689,5,5,5,5,3,4,4,5,5,5,5,4,3,4.46,55,46,TRUE
Male,Loyal Customer,36,Business Travel,Eco,262,3,3,3,3,3,4,3,3,3,2,2,4,3,3,0,0,TRUE
Male,Loyal Customer,74,Business Travel,Business,251,3,5,5,5,2,3,3,3,3,3,3,1,4,3.31,6,12,FALSE
Female,Loyal Customer,36,Business Travel,Business,1723,2,2,1,2,4,4,5,4,4,5,4,3,3,3.31,113,88,TRUE
Female,Loyal Customer,33,Business Travel,Business,1671,5,5,5,5,5,4,5,2,2,2,2,4,5,3.92,2,4,TRUE
Female,Loyal Customer,59,Personal Travel,Eco,588,2,4,2,4,5,5,4,2,2,2,2,5,3,3.23,7,0,FALSE
Male,Disloyal Customer,26,Business Travel,Eco,612,1,4,1,1,4,1,2,4,3,5,4,3,4,2.85,0,0,FALSE
Male,Loyal Customer,41,Business Travel,Business,2279,4,1,4,4,3,4,5,5,5,5,5,4,5,4.15,0,0,TRUE
Female,Loyal Customer,43,Business Travel,Business,1773,5,4,5,5,5,3,5,4,4,4,4,5,3,4.31,0,15,TRUE
Female,Loyal Customer,31,Business Travel,Business,3028,3,3,3,3,3,3,3,3,2,3,2,3,3,2.85,0,0,FALSE
Female,Loyal Customer,32,Business Travel,Business,3252,1,1,1,1,2,2,2,2,3,5,5,3,2,2.31,0,0,TRUE
Male,Loyal Customer,58,Business Travel,Business,2314,0,1,1,2,2,5,4,1,1,1,1,3,5,2.08,0,0,TRUE
Female,Loyal Customer,35,Business Travel,Business,258,1,2,2,2,4,4,3,1,1,1,1,3,2,2.08,10,10,FALSE
Male,Loyal Customer,42,Business Travel,Eco,817,4,2,2,2,4,4,4,4,3,4,3,1,4,3.15,0,1,TRUE
Female,Loyal Customer,9,Personal Travel,Eco,569,1,4,0,1,1,0,1,1,3,5,4,3,1,1.92,0,0,FALSE
Male,Disloyal Customer,22,Business Travel,Business,541,1,2,0,4,1,0,1,1,4,5,4,2,1,2,44,44,FALSE
Male,Loyal Customer,30,Personal Travel,Eco,223,2,0,2,1,2,2,2,2,4,5,4,3,2,2.38,49,47,FALSE
Female,Loyal Customer,16,Personal Travel,Business,666,1,5,1,4,1,1,1,1,4,3,5,5,1,2.54,0,0,FALSE
Male,Loyal Customer,27,Business Travel,Business,197,4,4,4,4,4,4,4,4,4,4,4,4,4,4,1,0,TRUE
Female,Loyal Customer,47,Personal Travel,Eco Plus,1194,2,5,2,5,4,5,4,3,3,2,5,4,4,3.69,0,0,FALSE
Female,Loyal Customer,49,Business Travel,Eco,314,2,5,2,5,5,4,4,2,2,2,2,3,4,3.23,11,27,FALSE
Female,Loyal Customer,30,Personal Travel,Eco,2153,0,4,0,1,4,0,4,4,3,5,5,4,4,2.92,5,0,TRUE
Male,Loyal Customer,53,Business Travel,Business,2561,2,2,2,2,3,4,4,4,4,4,4,4,4,3.31,0,0,TRUE
Female,Disloyal Customer,40,Business Travel,Business,2125,1,1,1,3,5,1,5,5,5,2,4,3,5,3.15,3,0,FALSE
Female,Disloyal Customer,21,Business Travel,Eco,731,4,4,4,2,5,4,5,5,3,4,5,3,5,4.08,1,0,TRUE
Male,Disloyal Customer,45,Business Travel,Business,719,5,5,5,2,3,5,3,3,5,2,4,5,3,3.85,0,0,TRUE
Male,Loyal Customer,25,Personal Travel,Eco,213,2,2,2,4,1,2,1,1,4,1,4,1,1,2,0,0,FALSE
Female,Loyal Customer,22,Business Travel,Business,3858,5,5,5,5,2,2,2,2,4,3,4,3,2,3.38,0,0,TRUE
Female,Loyal Customer,60,Business Travel,Business,308,5,5,5,5,4,4,5,4,4,4,4,3,5,4.38,0,0,TRUE
Male,Loyal Customer,57,Personal Travel,Eco,954,1,4,1,4,2,1,2,2,4,4,4,1,2,2.46,0,0,FALSE
Male,Disloyal Customer,24,Business Travel,Eco,1851,4,4,4,4,3,4,3,3,3,5,3,5,3,3.69,6,0,TRUE
Male,Loyal Customer,55,Business Travel,Eco,2218,1,2,2,2,1,1,1,1,2,5,3,2,1,1.85,20,7,FALSE
Female,Loyal Customer,60,Business Travel,Business,1430,5,5,5,5,4,5,4,5,5,5,5,5,3,4.69,50,42,TRUE
Female,Loyal Customer,38,Business Travel,Eco,160,5,3,5,3,5,5,5,5,1,3,1,2,5,3.69,0,0,TRUE
Male,Loyal Customer,60,Business Travel,Business,946,1,1,1,1,4,5,5,4,4,4,4,3,3,3.08,0,0,TRUE
Female,Loyal Customer,52,Business Travel,Business,1009,2,2,2,2,2,4,5,4,4,4,4,3,5,3.31,16,5,TRUE
Male,Loyal Customer,60,Business Travel,Business,677,1,1,1,1,4,4,4,4,3,4,4,4,4,3,174,172,TRUE
Male,Loyal Customer,47,Personal Travel,Eco Plus,802,4,1,4,4,4,4,4,4,1,1,4,2,4,3.15,16,17,FALSE
Male,Loyal Customer,51,Business Travel,Business,1516,5,5,2,5,5,4,5,4,4,4,4,4,3,4.15,4,4,TRUE
Female,Loyal Customer,62,Personal Travel,Eco,365,2,4,2,3,2,4,4,3,3,2,4,3,3,3,12,10,FALSE
Female,Loyal Customer,62,Personal Travel,Eco,821,0,2,1,2,1,2,3,2,2,1,2,4,3,1.92,0,0,TRUE
Male,Loyal Customer,38,Business Travel,Eco,249,5,2,2,2,5,5,5,5,3,2,5,3,5,3.77,75,65,TRUE
Male,Disloyal Customer,34,Business Travel,Business,328,3,3,3,1,2,3,5,2,4,2,4,5,2,3,0,0,FALSE
Male,Loyal Customer,39,Personal Travel,Eco,271,3,3,1,4,3,1,3,3,4,2,3,4,3,2.85,24,22,FALSE
Male,Loyal Customer,44,Business Travel,Business,1670,3,3,3,3,5,4,4,2,2,2,2,4,3,3.08,0,0,TRUE
Male,Loyal Customer,12,Personal Travel,Eco,543,1,5,1,2,3,1,3,3,3,5,5,4,3,3,1,0,FALSE
Female,Disloyal Customer,47,Business Travel,Business,989,3,3,3,1,5,3,5,5,4,2,4,3,5,3.54,13,15,FALSE
Male,Loyal Customer,15,Personal Travel,Eco,545,2,5,2,1,1,2,1,1,1,4,5,4,1,2.31,20,18,FALSE
Female,Loyal Customer,23,Business Travel,Eco,1874,3,3,2,3,3,3,4,3,1,3,4,4,3,3,0,0,FALSE
Male,Loyal Customer,51,Business Travel,Business,3968,2,2,2,2,3,4,4,5,5,5,5,5,3,3.62,0,0,TRUE
Female,Loyal Customer,39,Business Travel,Business,2581,3,4,4,4,5,3,4,3,3,2,3,3,2,3.31,0,0,FALSE
Female,Loyal Customer,52,Business Travel,Business,468,3,2,2,2,1,4,4,3,3,3,3,1,4,2.69,0,0,FALSE
Male,Disloyal Customer,43,Business Travel,Business,1044,4,4,4,5,4,4,4,4,3,4,4,3,4,3.92,19,3,TRUE
Male,Loyal Customer,67,Personal Travel,Eco,744,3,5,4,4,2,4,2,2,4,3,5,4,2,3.38,35,32,FALSE
Female,Disloyal Customer,22,Business Travel,Eco,618,4,5,4,5,2,4,5,2,4,1,4,2,2,3.38,0,0,FALSE
Male,Loyal Customer,23,Personal Travel,Eco,214,3,2,3,3,5,3,5,5,3,1,4,2,5,3.38,0,0,FALSE
Female,Disloyal Customer,23,Business Travel,Eco,416,3,0,3,3,2,3,2,2,1,5,1,2,2,2.23,0,0,FALSE
Male,Disloyal Customer,27,Business Travel,Business,1033,3,3,3,3,5,3,3,5,3,4,5,5,5,3.85,23,23,FALSE
Female,Loyal Customer,28,Personal Travel,Eco,488,5,4,5,2,1,5,1,1,1,2,4,2,1,2.62,10,0,TRUE
Female,Loyal Customer,68,Personal Travel,Eco,631,3,4,3,5,4,4,5,2,2,3,2,5,4,3.54,0,5,FALSE
Male,Loyal Customer,49,Personal Travel,Eco,581,1,1,1,3,3,1,3,3,2,1,4,2,3,2.15,0,0,FALSE
Male,Loyal Customer,38,Personal Travel,Eco,270,1,4,1,2,4,1,4,4,5,3,4,5,4,3.23,3,9,FALSE
Male,Loyal Customer,43,Personal Travel,Eco,1162,1,5,0,3,5,0,5,5,3,3,4,5,5,3.38,0,0,FALSE
Male,Loyal Customer,56,Business Travel,Business,1679,5,5,5,5,2,5,5,4,4,4,4,5,4,4.38,0,0,TRUE
Male,Loyal Customer,10,Personal Travel,Eco,1183,3,5,4,5,1,4,1,1,3,2,5,5,1,3.08,0,0,FALSE
Female,Loyal Customer,52,Business Travel,Business,3302,1,1,2,1,5,4,4,5,5,5,5,4,5,3.62,0,0,TRUE
Female,Loyal Customer,52,Business Travel,Business,3297,5,5,5,5,3,5,5,3,3,3,3,5,3,4.08,5,0,TRUE
Male,Loyal Customer,60,Personal Travel,Eco,200,3,4,3,1,5,3,5,5,2,1,5,1,5,3.31,0,0,FALSE
Male,Loyal Customer,52,Business Travel,Business,3218,2,2,2,2,1,2,2,4,3,3,4,2,2,2.38,255,244,FALSE
Male,Loyal Customer,44,Business Travel,Business,1587,1,1,1,1,2,1,2,1,1,1,1,2,4,1.46,0,0,FALSE
Male,Loyal Customer,53,Business Travel,Business,214,4,4,4,4,2,4,2,4,4,4,5,1,5,3.62,0,0,TRUE
Male,Loyal Customer,56,Business Travel,Business,1858,3,3,5,3,1,2,1,5,5,5,5,5,1,3.38,0,0,TRUE
Male,Loyal Customer,12,Personal Travel,Eco,532,3,4,3,1,5,3,5,5,5,5,4,4,5,4,0,0,FALSE
Male,Loyal Customer,41,Business Travel,Business,2342,2,2,2,2,4,4,4,3,3,5,4,4,4,3.31,3,0,TRUE
Female,Loyal Customer,48,Business Travel,Business,3175,2,5,5,5,2,2,2,2,4,4,4,2,2,3.15,334,330,FALSE
Male,Loyal Customer,42,Business Travel,Business,862,4,4,4,4,4,5,4,5,5,5,5,3,4,4.31,0,0,TRUE
Female,Loyal Customer,25,Business Travel,Business,1877,2,2,2,2,4,4,4,4,1,5,1,1,4,2.77,0,0,TRUE
Female,Disloyal Customer,19,Business Travel,Eco,534,5,0,5,4,1,5,1,1,4,4,5,3,1,3,12,11,TRUE
Male,Disloyal Customer,33,Business Travel,Eco,173,1,0,1,4,5,1,2,5,2,3,1,1,5,2.38,0,0,FALSE
Male,Loyal Customer,10,Personal Travel,Eco,2640,2,4,2,3,2,1,1,4,3,4,5,1,1,2.54,0,0,FALSE
Male,Loyal Customer,17,Personal Travel,Eco,368,1,4,2,4,4,2,4,4,1,3,3,2,4,2.92,0,0,FALSE
Female,Loyal Customer,17,Business Travel,Business,1249,2,4,4,4,2,2,2,2,4,5,4,4,2,3.15,0,39,FALSE
Male,Loyal Customer,47,Business Travel,Business,1622,4,4,4,4,4,5,4,3,3,3,3,4,4,3.77,22,14,TRUE
Male,Loyal Customer,59,Personal Travel,Eco,2342,1,3,1,3,1,1,1,1,3,3,3,5,1,2.08,9,6,FALSE
Male,Disloyal Customer,26,Business Travel,Business,1075,1,1,1,3,5,1,5,5,4,2,3,3,5,3,0,0,FALSE
Male,Loyal Customer,19,Personal Travel,Eco,545,2,4,2,4,5,2,5,5,4,4,4,1,5,3.62,0,0,FALSE
Female,Loyal Customer,42,Business Travel,Eco,373,4,2,2,2,2,1,3,4,4,4,4,4,4,3.08,0,0,TRUE
Female,Loyal Customer,31,Personal Travel,Eco,224,2,4,2,4,4,2,3,4,5,4,4,5,4,3.62,11,8,FALSE
Male,Loyal Customer,54,Business Travel,Business,3789,1,1,1,1,3,4,5,5,5,5,5,5,4,3.46,0,0,TRUE
Female,Disloyal Customer,49,Business Travel,Business,1916,2,2,2,5,2,2,2,2,3,3,5,4,2,2.77,6,0,FALSE
Female,Loyal Customer,68,Personal Travel,Eco,1182,3,4,3,4,2,3,4,1,1,3,1,4,3,2.77,0,0,FALSE
Female,Loyal Customer,46,Business Travel,Business,444,5,5,5,5,3,5,5,4,4,4,4,4,5,4.46,12,6,TRUE
Male,Disloyal Customer,36,Business Travel,Business,1205,3,3,3,3,5,3,3,5,5,3,4,3,5,3.69,0,0,FALSE
Male,Loyal Customer,48,Personal Travel,Eco,342,4,4,4,3,3,4,3,3,4,3,4,5,3,3.62,0,2,FALSE
Female,Loyal Customer,51,Personal Travel,Eco,101,3,3,3,5,4,2,2,2,2,3,1,4,1,2.69,0,0,FALSE
Male,Loyal Customer,38,Business Travel,Business,1522,2,2,5,2,2,4,4,2,2,2,2,2,1,2.46,64,39,FALSE
Male,Loyal Customer,26,Business Travel,Business,1334,1,1,1,1,4,4,4,4,4,2,4,5,4,3,10,9,TRUE
Male,Loyal Customer,23,Business Travel,Business,2704,4,4,4,4,5,5,5,5,5,2,4,4,5,4.31,12,15,TRUE
Male,Loyal Customer,15,Personal Travel,Eco,455,1,4,1,4,1,1,1,1,5,3,4,3,1,2.31,0,6,FALSE
Female,Loyal Customer,63,Personal Travel,Eco,452,2,5,2,2,3,4,5,4,4,2,4,4,3,3.38,0,0,FALSE
Female,Disloyal Customer,24,Business Travel,Eco,348,2,0,2,3,3,2,3,3,4,3,4,5,3,2.85,0,0,FALSE
Female,Loyal Customer,55,Business Travel,Business,3953,4,5,5,5,3,3,3,4,4,4,4,4,4,4,0,11,FALSE
Male,Loyal Customer,43,Business Travel,Business,1440,2,2,2,2,4,4,5,4,4,4,4,3,5,3.46,0,6,TRUE
Female,Loyal Customer,40,Business Travel,Business,3560,5,5,5,5,5,3,5,5,5,5,5,4,4,4.69,42,33,TRUE
Female,Loyal Customer,18,Personal Travel,Eco Plus,315,2,4,2,3,5,2,5,5,5,3,4,3,5,3.69,0,0,FALSE
Female,Loyal Customer,47,Personal Travel,Eco,862,1,5,1,5,3,5,5,2,2,1,2,4,3,3,0,0,FALSE
Female,Loyal Customer,14,Personal Travel,Eco,141,5,4,5,2,1,5,1,1,4,3,4,3,1,3,0,0,TRUE
Female,Loyal Customer,46,Business Travel,Business,3843,2,2,2,2,2,4,4,5,5,5,5,4,5,3.62,0,0,TRUE
Male,Loyal Customer,61,Personal Travel,Eco,562,4,4,4,3,3,4,3,3,5,2,5,4,3,3.62,29,10,FALSE
Female,Loyal Customer,44,Business Travel,Business,2297,2,2,2,2,2,5,4,5,5,5,5,3,4,3.54,0,0,TRUE
Male,Loyal Customer,14,Personal Travel,Eco,247,2,5,2,3,3,2,3,3,3,5,4,5,3,3.31,34,31,FALSE
Female,Disloyal Customer,24,Business Travel,Eco,312,0,0,0,4,4,0,4,4,3,4,4,5,4,2.77,16,8,TRUE
Female,Disloyal Customer,68,Business Travel,Business,214,1,1,1,5,1,1,1,1,5,2,5,4,1,2.23,0,0,FALSE
Female,Loyal Customer,56,Business Travel,Business,377,3,3,3,3,5,2,2,4,4,5,4,1,4,3.31,34,32,TRUE
Female,Disloyal Customer,37,Business Travel,Eco,325,2,1,2,4,3,2,3,3,4,5,4,4,3,3.08,0,0,FALSE
Male,Loyal Customer,19,Personal Travel,Eco,1147,1,4,1,2,1,1,1,1,3,2,4,3,1,1.92,97,84,FALSE
Female,Loyal Customer,16,Personal Travel,Eco,867,4,4,4,1,2,4,1,2,4,5,5,5,2,3.31,17,0,TRUE
Male,Loyal Customer,34,Business Travel,Eco Plus,516,5,5,5,5,5,4,5,5,2,5,5,4,5,4.62,11,21,TRUE
Female,Disloyal Customer,37,Business Travel,Business,241,2,2,2,3,3,2,4,3,1,2,4,3,3,2.62,25,20,FALSE
Male,Disloyal Customer,21,Business Travel,Business,390,5,4,5,5,2,5,2,2,3,5,4,3,2,3.62,0,0,TRUE
Female,Loyal Customer,24,Business Travel,Eco Plus,409,3,1,1,1,3,4,5,3,2,4,1,2,3,2.54,0,0,TRUE
Male,Disloyal Customer,24,Business Travel,Eco,667,2,5,2,4,2,2,1,2,1,2,4,2,2,2.38,0,0,FALSE
Male,Loyal Customer,35,Personal Travel,Eco,73,5,4,0,3,2,0,2,2,1,1,3,3,2,2.15,0,0,TRUE
Male,Loyal Customer,44,Business Travel,Business,873,5,5,5,5,2,5,4,3,3,3,3,3,3,3.77,0,0,TRUE
Male,Loyal Customer,69,Personal Travel,Eco,639,1,3,1,3,5,1,3,5,4,4,2,2,5,3,15,0,FALSE
Male,Loyal Customer,37,Business Travel,Eco,387,5,2,2,2,5,5,5,5,3,5,3,3,5,3.85,0,11,TRUE
Female,Loyal Customer,38,Business Travel,Business,2486,2,5,5,5,4,2,4,2,2,2,2,4,2,3.15,0,0,FALSE
Male,Loyal Customer,57,Business Travel,Business,2076,5,5,5,5,3,4,4,4,4,4,4,4,5,4.31,0,0,TRUE
Female,Loyal Customer,49,Business Travel,Business,2475,3,3,3,3,4,5,5,3,2,5,5,5,5,3.92,5,29,TRUE
Female,Loyal Customer,50,Business Travel,Eco,876,5,2,2,2,1,2,1,5,5,5,5,5,2,3.23,83,69,TRUE
Male,Loyal Customer,61,Business Travel,Eco Plus,228,2,4,4,4,2,2,2,2,4,2,4,4,2,2.92,0,0,FALSE
Female,Disloyal Customer,20,Business Travel,Eco,337,3,1,3,3,2,3,5,2,4,5,3,3,2,3,0,0,FALSE
Male,Loyal Customer,65,Personal Travel,Eco,1190,3,4,3,3,4,3,4,4,4,5,5,5,4,3.92,19,10,FALSE
Female,Loyal Customer,52,Personal Travel,Eco,1096,1,0,1,2,1,4,4,2,2,1,2,2,1,1.77,0,2,FALSE
Female,Loyal Customer,33,Business Travel,Eco,153,5,5,5,5,5,4,5,5,2,2,4,5,5,4.38,3,0,TRUE
Female,Loyal Customer,12,Personal Travel,Eco,1107,2,5,2,4,2,2,2,2,3,5,4,4,2,3,0,0,FALSE
Female,Loyal Customer,52,Business Travel,Business,496,1,1,1,1,2,4,4,5,5,5,5,5,5,3.38,0,1,TRUE
Male,Disloyal Customer,24,Business Travel,Eco,849,0,0,0,1,2,0,2,2,4,3,4,5,2,1.92,0,0,TRUE
Female,Loyal Customer,27,Business Travel,Business,1504,4,4,2,4,4,4,4,4,4,1,4,4,4,3.62,0,0,FALSE
Male,Loyal Customer,52,Personal Travel,Eco,347,3,2,3,4,3,3,3,3,1,3,3,2,3,2.77,0,0,FALSE
Female,Loyal Customer,39,Personal Travel,Eco,264,2,2,2,4,2,2,2,2,3,3,4,2,2,2.46,0,5,FALSE
Male,Loyal Customer,45,Business Travel,Business,327,0,0,0,1,4,4,5,5,5,5,5,5,3,3.23,0,0,TRUE
Female,Loyal Customer,49,Business Travel,Business,1613,2,1,1,1,2,3,4,2,2,2,2,1,2,1.92,46,66,FALSE
Male,Loyal Customer,27,Business Travel,Business,301,5,5,3,5,4,4,4,4,3,4,5,5,4,4.23,22,24,TRUE
Female,Disloyal Customer,18,Business Travel,Business,1261,5,0,5,1,5,2,2,3,2,3,4,2,2,2.77,18,39,TRUE
Female,Loyal Customer,32,Personal Travel,Eco,337,3,3,3,3,1,3,1,1,2,3,3,3,1,2.31,3,1,FALSE
Male,Loyal Customer,45,Business Travel,Business,1666,3,3,3,3,2,3,5,4,4,4,4,4,1,3.31,10,0,TRUE
Female,Loyal Customer,56,Personal Travel,Eco Plus,584,4,4,4,2,2,4,4,1,1,4,1,3,3,2.85,0,0,FALSE
Male,Loyal Customer,58,Business Travel,Eco,2556,2,3,3,3,2,2,2,3,5,2,2,2,2,2.54,0,21,FALSE
Male,Loyal Customer,60,Business Travel,Business,3647,2,2,2,2,4,5,5,5,5,4,5,5,5,3.92,0,0,TRUE
Female,Loyal Customer,30,Business Travel,Business,1660,1,3,3,3,1,1,1,1,3,3,4,3,1,2.15,34,14,FALSE
Female,Loyal Customer,63,Business Travel,Business,3471,3,5,5,5,3,4,3,3,3,3,3,4,2,3.54,47,49,FALSE
Male,Loyal Customer,39,Business Travel,Business,3090,4,5,5,5,1,3,4,3,3,3,4,1,1,3.23,0,0,FALSE
Male,Loyal Customer,33,Personal Travel,Eco,283,4,5,2,3,1,2,1,1,5,4,4,5,1,2.92,0,0,FALSE
Male,Loyal Customer,35,Business Travel,Business,3928,2,2,2,2,4,4,4,3,3,4,3,4,5,3.23,0,0,TRUE
Female,Loyal Customer,70,Personal Travel,Eco,453,2,3,5,3,4,1,4,2,2,5,3,4,2,3.08,0,0,FALSE
Male,Loyal Customer,43,Business Travel,Business,2927,2,2,2,2,5,4,4,4,4,5,4,5,4,3.62,0,3,TRUE
Female,Loyal Customer,43,Business Travel,Business,3067,4,4,4,4,2,4,4,4,4,4,4,4,4,3.85,0,0,TRUE
Female,Disloyal Customer,55,Business Travel,Business,1440,2,2,2,3,4,2,4,4,1,4,3,2,4,2.85,0,0,FALSE
Male,Loyal Customer,33,Business Travel,Business,163,2,4,4,4,1,1,2,1,1,2,3,3,1,2.23,0,0,FALSE
Female,Loyal Customer,25,Business Travel,Business,1069,3,3,3,3,4,5,4,4,5,5,5,4,4,4,0,0,TRUE
Female,Loyal Customer,70,Personal Travel,Eco Plus,1012,1,5,1,2,1,5,3,5,5,1,2,2,3,2.77,35,37,FALSE
Male,Loyal Customer,45,Business Travel,Business,1990,2,1,2,2,3,3,5,5,5,5,5,4,5,3.62,2,0,TRUE
Male,Loyal Customer,14,Personal Travel,Eco Plus,967,0,5,1,1,3,1,3,3,3,5,5,3,3,2.77,4,0,TRUE
Male,Loyal Customer,35,Personal Travel,Eco,255,2,5,0,1,1,0,1,1,5,5,4,3,1,2.23,27,14,FALSE
Male,Loyal Customer,30,Personal Travel,Eco,1597,0,2,0,4,1,0,1,1,4,1,2,2,1,1.46,0,0,TRUE
Female,Loyal Customer,66,Business Travel,Eco,758,3,5,5,5,5,4,1,3,3,3,3,3,3,3.54,0,0,TRUE
Male,Loyal Customer,40,Personal Travel,Eco,347,3,4,3,3,5,3,5,5,3,2,5,5,5,3.92,0,0,FALSE
Female,Loyal Customer,45,Business Travel,Eco,620,5,1,1,1,2,2,2,5,5,5,5,3,1,2.92,9,0,TRUE
Female,Loyal Customer,65,Personal Travel,Eco,280,3,4,4,1,5,5,5,4,4,4,4,4,3,3.85,0,6,FALSE
Male,Disloyal Customer,28,Business Travel,Eco,748,4,5,5,2,1,5,1,1,5,2,4,5,1,3.15,75,112,TRUE
Female,Loyal Customer,55,Personal Travel,Eco,585,4,5,5,4,4,4,5,3,3,5,5,4,5,4.31,0,0,FALSE
Male,Loyal Customer,30,Business Travel,Business,3091,1,1,1,1,2,2,2,2,4,4,4,2,2,2.15,0,0,TRUE
Male,Loyal Customer,39,Business Travel,Eco Plus,472,1,1,1,1,1,1,1,1,4,4,3,4,1,1.85,50,39,FALSE
Male,Loyal Customer,49,Business Travel,Business,3016,4,4,4,4,4,4,4,4,4,4,4,3,3,3.85,1,4,TRUE
Male,Loyal Customer,55,Personal Travel,Business,475,3,3,3,3,3,1,1,3,3,4,4,1,1,2.54,197,185,FALSE
Male,Loyal Customer,28,Personal Travel,Eco,236,4,4,4,1,5,4,2,5,4,3,4,3,5,3.69,6,0,FALSE
Female,Loyal Customer,32,Business Travel,Business,2454,1,1,1,1,2,2,2,2,4,2,4,5,2,2.23,0,0,TRUE
Female,Loyal Customer,36,Personal Travel,Eco,227,3,5,3,2,2,3,2,2,4,4,5,3,2,3.08,0,0,FALSE
Female,Disloyal Customer,33,Business Travel,Eco,1106,1,1,1,2,3,1,3,3,4,1,1,5,3,2.23,0,0,FALSE
Male,Disloyal Customer,17,Business Travel,Eco,2288,3,3,3,4,4,3,5,4,2,3,3,1,4,3.23,0,4,FALSE
Female,Loyal Customer,30,Business Travel,Business,83,5,5,4,5,5,5,4,5,4,1,3,3,5,4.15,0,0,TRUE
Male,Disloyal Customer,28,Business Travel,Eco,1372,1,1,1,4,5,1,5,5,4,5,3,1,5,3.15,0,0,FALSE
Male,Loyal Customer,48,Business Travel,Business,1855,3,3,3,3,1,2,3,5,5,4,5,2,2,3.15,1,5,TRUE
Male,Disloyal Customer,28,Business Travel,Eco,1237,3,3,3,4,3,3,5,3,4,4,1,1,3,3.08,2,0,FALSE
Female,Loyal Customer,44,Business Travel,Business,3890,3,3,1,3,4,4,4,4,4,4,4,5,3,3.54,0,0,TRUE
Female,Loyal Customer,8,Personal Travel,Eco Plus,190,4,5,4,3,1,4,1,1,5,4,4,4,1,3.15,0,0,FALSE
Female,Disloyal Customer,71,Business Travel,Eco,1389,3,3,3,3,4,3,4,4,1,2,2,3,4,3,68,43,FALSE
Male,Loyal Customer,36,Personal Travel,Eco,1642,3,4,4,3,3,4,3,3,2,1,5,4,3,3.23,36,13,FALSE
Female,Loyal Customer,52,Personal Travel,Eco,363,4,5,4,1,4,5,4,2,2,4,2,4,5,3.54,1,0,FALSE
Male,Loyal Customer,10,Personal Travel,Eco,296,2,4,2,5,2,2,2,2,3,3,4,4,2,2.85,0,0,FALSE
Female,Loyal Customer,52,Business Travel,Business,3004,1,1,1,1,3,5,5,3,3,4,3,3,4,2.85,23,22,TRUE
Female,Disloyal Customer,47,Business Travel,Eco Plus,802,2,2,2,4,2,2,2,2,2,4,4,1,2,2.38,0,0,FALSE
Female,Loyal Customer,9,Personal Travel,Eco,74,5,4,5,2,3,5,4,3,3,2,5,5,3,3.77,0,0,TRUE
Female,Loyal Customer,60,Business Travel,Business,980,2,2,2,2,2,4,5,4,4,4,4,5,4,3.38,39,17,TRUE
Female,Disloyal Customer,11,Business Travel,Eco,484,1,3,2,4,5,2,5,5,3,5,4,3,5,3.62,30,28,FALSE
Female,Loyal Customer,50,Business Travel,Business,201,3,3,3,3,3,4,5,4,4,4,4,3,3,3.54,28,28,TRUE
Male,Loyal Customer,48,Business Travel,Business,1771,4,4,2,2,5,3,4,4,4,4,4,4,4,3.69,52,47,FALSE
Female,Disloyal Customer,34,Business Travel,Eco,1733,2,1,1,4,2,2,2,2,4,4,2,2,2,2.31,1,8,FALSE
Female,Disloyal Customer,50,Business Travel,Eco,160,2,2,3,4,4,3,1,4,1,2,4,2,4,2.77,0,6,FALSE
Male,Loyal Customer,57,Business Travel,Eco,175,5,5,5,5,5,5,5,5,1,4,1,5,5,4.31,0,1,TRUE
Female,Loyal Customer,34,Business Travel,Eco,224,0,0,0,1,4,0,4,4,3,1,1,4,4,2,44,40,TRUE
Female,Disloyal Customer,35,Business Travel,Eco Plus,212,2,3,3,2,3,3,3,3,4,2,5,5,3,3.15,3,0,FALSE
Male,Disloyal Customer,47,Personal Travel,Eco,2442,2,4,2,2,3,2,3,3,5,2,4,4,3,3,0,0,FALSE
Female,Disloyal Customer,21,Business Travel,Eco,888,2,1,1,2,3,1,3,3,4,3,4,4,3,2.62,7,3,FALSE
Female,Loyal Customer,34,Business Travel,Business,170,3,3,3,3,1,3,4,4,4,4,5,2,2,3.15,0,0,TRUE
Male,Loyal Customer,39,Business Travel,Business,792,5,5,5,5,2,2,4,4,4,4,4,5,5,4.15,0,0,TRUE
Female,Loyal Customer,56,Personal Travel,Eco,991,3,4,3,2,3,5,4,5,5,3,5,4,5,3.92,0,0,FALSE
Male,Disloyal Customer,34,Business Travel,Business,290,1,1,1,3,4,1,4,4,1,5,3,3,4,2.69,0,0,FALSE
Female,Loyal Customer,53,Personal Travel,Business,1721,2,4,2,3,5,4,4,5,5,2,5,3,3,3.62,33,27,FALSE
Male,Loyal Customer,45,Business Travel,Business,1258,5,5,3,5,3,5,5,4,4,4,4,4,3,4.15,8,0,TRUE
Female,Loyal Customer,36,Business Travel,Business,1608,1,4,4,4,2,2,2,1,1,1,1,1,1,1.92,14,0,FALSE
Male,Loyal Customer,53,Business Travel,Business,280,0,0,0,2,2,5,5,4,4,4,4,4,3,2.85,0,0,TRUE
Female,Loyal Customer,64,Business Travel,Business,3147,3,4,4,4,3,3,3,3,1,4,3,3,3,3.15,43,30,FALSE
Male,Loyal Customer,46,Business Travel,Business,1046,1,1,1,1,2,5,5,5,5,5,5,3,3,3.23,39,36,TRUE
Male,Loyal Customer,41,Business Travel,Business,1849,3,3,3,3,4,4,5,5,5,5,5,3,3,3.92,1,0,TRUE
Male,Loyal Customer,44,Business Travel,Business,3150,3,1,1,1,1,3,1,3,3,3,3,1,1,1.92,12,41,FALSE
Male,Loyal Customer,48,Business Travel,Eco Plus,1214,2,4,4,4,2,2,2,2,3,5,5,1,2,2.92,0,0,TRUE
Female,Loyal Customer,21,Personal Travel,Eco,570,2,1,2,2,3,2,3,3,3,2,2,4,3,2.46,0,0,FALSE
Female,Loyal Customer,33,Business Travel,Business,2772,4,1,1,1,4,4,3,4,4,4,4,1,3,2.92,0,0,FALSE
Female,Loyal Customer,19,Personal Travel,Eco,229,2,4,2,3,3,2,3,3,5,4,4,4,3,3.23,0,0,FALSE
Male,Loyal Customer,43,Business Travel,Business,3514,1,1,2,1,3,5,4,5,5,5,5,4,3,3.38,16,13,TRUE
Female,Loyal Customer,55,Business Travel,Business,3390,4,1,1,1,5,4,4,4,4,4,4,2,2,3.08,2,0,FALSE
Male,Loyal Customer,32,Personal Travel,Eco Plus,224,2,5,2,2,1,2,1,1,5,2,5,4,1,2.54,0,0,FALSE
Male,Loyal Customer,59,Personal Travel,Eco,1183,2,4,2,3,3,2,3,3,3,4,3,5,3,3.08,7,10,FALSE
Female,Loyal Customer,68,Business Travel,Eco Plus,666,5,3,3,3,3,1,4,5,5,5,5,5,5,4,26,12,TRUE
Male,Loyal Customer,42,Business Travel,Business,733,3,3,3,3,3,5,5,3,3,3,3,4,5,3.54,56,79,TRUE
Male,Loyal Customer,33,Business Travel,Business,1728,4,4,4,4,4,4,4,4,3,3,3,3,4,3.69,5,0,TRUE
Male,Loyal Customer,52,Business Travel,Eco,308,2,3,3,3,3,2,3,3,3,5,3,1,3,2.85,5,0,FALSE
Female,Loyal Customer,51,Business Travel,Business,3674,1,1,1,1,2,5,4,5,5,5,5,3,4,3.23,0,0,TRUE
Male,Loyal Customer,43,Business Travel,Business,2149,1,1,1,1,5,4,4,2,2,2,2,5,4,2.62,0,0,TRUE
Male,Loyal Customer,61,Personal Travel,Eco,1521,3,2,3,3,4,3,4,4,1,4,3,4,4,3.23,0,0,FALSE
Female,Loyal Customer,30,Business Travel,Business,3500,1,1,1,1,1,2,1,1,4,1,4,1,1,1.54,18,24,FALSE
Female,Loyal Customer,53,Personal Travel,Eco,1188,2,5,2,2,5,4,5,2,2,2,2,5,5,3.31,0,0,FALSE
Female,Loyal Customer,33,Personal Travel,Eco,602,2,5,2,1,4,2,4,4,4,1,3,1,4,2.85,0,0,FALSE
Female,Loyal Customer,27,Business Travel,Business,3431,1,4,3,3,1,1,1,1,4,4,3,4,1,2.38,0,0,FALSE
Female,Disloyal Customer,21,Business Travel,Business,1075,5,0,5,1,2,5,2,2,5,3,4,5,2,3.15,0,0,TRUE
Male,Loyal Customer,27,Business Travel,Business,3057,1,1,1,1,4,4,4,4,2,4,3,5,4,2.92,0,0,TRUE
Male,Loyal Customer,59,Personal Travel,Eco,1005,1,5,1,2,5,1,1,5,1,3,2,3,5,2.69,4,0,FALSE
Male,Loyal Customer,7,Personal Travel,Eco,550,1,2,1,4,5,1,3,5,3,2,4,1,5,2.85,0,12,FALSE
Male,Loyal Customer,40,Personal Travel,Eco,2607,4,2,4,3,4,4,4,1,1,1,3,4,4,3,98,74,FALSE
Male,Loyal Customer,39,Business Travel,Eco,370,5,1,1,1,5,5,5,5,1,2,4,3,5,3.31,13,0,TRUE
Male,Loyal Customer,33,Business Travel,Business,2802,3,3,3,3,4,4,4,4,4,1,4,5,4,3.54,4,3,TRUE
Male,Loyal Customer,31,Personal Travel,Eco,1521,3,3,3,4,2,3,1,2,4,1,2,4,2,2.62,6,8,FALSE
Female,Loyal Customer,42,Business Travel,Business,3358,5,5,5,5,3,4,4,4,4,4,4,5,5,4.38,0,0,TRUE
Male,Disloyal Customer,23,Business Travel,Business,446,1,1,1,3,3,1,1,3,2,4,2,2,3,2.08,66,64,FALSE
Male,Loyal Customer,53,Business Travel,Eco,231,5,1,1,1,5,5,5,5,3,2,3,2,5,3.31,0,0,TRUE
Male,Disloyal Customer,44,Business Travel,Business,1597,4,4,4,2,4,4,4,4,4,3,3,5,4,3.77,21,4,TRUE
Male,Loyal Customer,34,Business Travel,Business,3859,2,3,3,3,3,3,3,2,2,1,2,3,2,2.46,9,0,FALSE
Female,Disloyal Customer,17,Business Travel,Eco,862,5,5,5,1,2,5,2,2,3,3,4,4,2,3.31,0,0,TRUE
Male,Loyal Customer,58,Business Travel,Business,2419,3,3,3,3,4,4,5,3,3,4,3,4,5,3.62,15,0,TRUE
Female,Loyal Customer,29,Personal Travel,Eco,989,4,5,4,1,4,4,4,4,5,3,4,5,4,3.92,25,5,TRUE
Male,Loyal Customer,62,Personal Travel,Eco,667,2,5,2,3,1,2,1,1,3,2,5,4,1,2.46,0,28,FALSE
Female,Loyal Customer,44,Business Travel,Eco Plus,164,5,5,5,5,3,3,5,5,5,5,5,1,5,4.38,0,0,TRUE
Male,Loyal Customer,68,Business Travel,Eco,327,3,5,5,5,3,3,3,3,4,2,4,2,3,3.46,1,0,FALSE
Female,Loyal Customer,65,Personal Travel,Eco Plus,1723,4,5,4,4,4,5,5,3,3,4,3,4,5,4.08,102,100,FALSE
Female,Disloyal Customer,16,Business Travel,Eco,708,2,2,2,3,3,2,3,3,4,3,3,2,3,2.69,0,0,FALSE
Male,Loyal Customer,28,Personal Travel,Eco,522,1,5,1,1,3,1,3,3,5,2,5,3,3,2.77,0,0,FALSE
Female,Loyal Customer,22,Business Travel,Business,3134,2,2,2,2,5,4,5,5,3,2,2,4,5,3.31,31,28,TRUE
Male,Loyal Customer,67,Business Travel,Eco,190,3,5,5,5,3,3,3,3,3,4,3,3,3,3.54,71,42,FALSE
Female,Loyal Customer,52,Business Travel,Eco,1056,5,2,5,5,4,5,1,5,5,5,5,2,5,4.15,39,28,TRUE
Male,Loyal Customer,44,Personal Travel,Eco,872,2,5,2,4,4,2,4,4,4,4,5,3,4,3.62,11,2,FALSE
Female,Loyal Customer,49,Business Travel,Business,3269,3,1,1,1,2,1,2,3,3,3,3,4,4,2.38,0,0,FALSE
Female,Loyal Customer,44,Business Travel,Business,3076,4,4,4,4,3,5,4,4,4,4,4,4,5,4.08,0,0,TRUE
Female,Loyal Customer,13,Personal Travel,Eco,370,2,2,2,2,3,2,5,3,1,1,3,2,3,2.38,0,0,FALSE
Female,Loyal Customer,70,Personal Travel,Eco,1009,2,5,2,4,4,4,5,4,4,2,1,4,5,3.54,0,0,FALSE
Male,Loyal Customer,25,Business Travel,Business,2253,2,2,2,2,5,5,5,5,4,4,5,3,5,3.77,0,0,TRUE
Female,Loyal Customer,43,Business Travel,Business,2732,2,2,2,2,5,4,4,4,4,4,4,4,4,3.46,0,0,TRUE
Female,Loyal Customer,36,Personal Travel,Eco,1849,3,1,3,2,3,3,3,3,1,2,1,3,3,2.38,3,10,FALSE
Male,Loyal Customer,42,Personal Travel,Eco,141,2,4,0,3,3,0,3,3,4,5,1,4,3,2.69,0,0,FALSE
Female,Loyal Customer,22,Business Travel,Business,3341,4,2,2,2,4,4,4,4,2,4,4,1,4,3.15,22,4,FALSE
Male,Disloyal Customer,36,Business Travel,Eco,416,3,0,3,5,3,3,3,3,3,2,1,5,3,2.85,8,0,FALSE
Male,Disloyal Customer,23,Business Travel,Eco,646,4,3,4,4,4,4,1,4,4,2,3,4,4,3.46,15,9,FALSE
Female,Disloyal Customer,23,Business Travel,Eco,387,2,0,2,2,3,2,3,3,3,3,3,5,3,2.62,0,0,FALSE
Male,Disloyal Customer,26,Business Travel,Eco,452,3,2,3,4,3,3,3,3,3,3,4,3,3,3.08,0,0,FALSE
Female,Loyal Customer,39,Business Travel,Business,762,5,5,5,5,5,5,5,5,5,5,5,5,5,5,37,36,TRUE
Male,Loyal Customer,41,Business Travel,Business,3697,4,1,4,4,2,4,5,3,3,4,3,5,3,3.46,0,0,TRUE
Male,Loyal Customer,20,Personal Travel,Eco,239,1,5,1,1,4,1,4,4,3,4,4,5,4,3.15,0,0,FALSE
Female,Loyal Customer,39,Business Travel,Business,2645,4,4,4,4,2,5,4,5,5,5,5,4,3,4.15,0,0,TRUE
Male,Loyal Customer,48,Personal Travel,Eco,908,2,4,2,3,5,2,5,5,1,2,4,3,5,3.31,0,0,FALSE
Female,Loyal Customer,47,Business Travel,Business,3755,5,5,5,5,5,5,5,3,3,3,3,3,4,4.15,5,5,TRUE
Female,Loyal Customer,30,Business Travel,Business,3034,3,3,2,3,5,5,5,5,4,2,4,4,5,3.85,0,0,TRUE
Male,Loyal Customer,17,Personal Travel,Eco,627,2,4,2,1,5,2,5,5,5,5,4,4,5,3.77,0,13,FALSE
Female,Disloyal Customer,24,Business Travel,Eco,1020,3,3,3,1,5,3,4,5,4,1,5,1,5,3.31,0,0,FALSE
Female,Disloyal Customer,30,Business Travel,Business,650,5,4,4,2,2,4,5,2,4,5,4,3,2,3.54,2,2,TRUE
Male,Loyal Customer,32,Business Travel,Business,2542,2,4,4,4,1,1,2,1,1,1,3,3,1,2.15,4,1,FALSE
Female,Disloyal Customer,22,Business Travel,Eco,728,1,1,1,4,3,1,3,3,1,5,3,1,3,2.31,41,38,FALSE
Male,Loyal Customer,38,Business Travel,Eco,913,4,1,1,1,4,4,4,2,5,2,5,4,4,3.15,158,150,TRUE
Male,Loyal Customer,30,Business Travel,Business,3175,3,3,3,3,2,3,2,2,1,5,1,2,2,2.46,49,36,TRUE
Female,Loyal Customer,49,Personal Travel,Eco,1723,3,5,3,3,5,5,5,1,1,3,1,5,4,3.38,0,0,FALSE
Male,Loyal Customer,38,Business Travel,Business,1798,3,3,3,3,2,3,2,4,4,4,4,2,2,3,0,0,TRUE
Female,Loyal Customer,46,Business Travel,Business,3849,3,3,3,3,2,3,3,2,2,2,2,1,3,2.46,2,0,TRUE
Male,Loyal Customer,51,Business Travel,Business,521,4,3,4,4,3,4,4,4,4,4,4,3,5,3.85,0,0,TRUE
Male,Loyal Customer,43,Business Travel,Business,1657,1,1,1,1,2,5,5,5,5,5,5,5,5,3.54,0,0,TRUE
Female,Loyal Customer,50,Personal Travel,Business,2288,1,1,1,3,3,3,2,5,5,1,5,4,1,2.69,0,0,FALSE
Female,Loyal Customer,58,Personal Travel,Eco,147,2,3,2,4,3,3,3,5,5,2,5,4,2,3.31,0,1,FALSE
Male,Disloyal Customer,27,Business Travel,Business,236,3,3,3,4,1,3,1,1,2,4,3,1,1,2.31,0,0,FALSE
Female,Loyal Customer,40,Personal Travel,Eco,1055,5,5,5,3,1,5,1,1,4,4,4,4,1,3.31,0,0,TRUE
Male,Loyal Customer,10,Personal Travel,Eco,137,2,4,2,3,3,2,3,3,4,2,4,2,3,2.85,0,0,FALSE
Female,Loyal Customer,12,Personal Travel,Eco,946,2,4,2,1,1,2,1,1,2,1,2,5,1,1.92,26,0,FALSE
Male,Loyal Customer,64,Personal Travel,Eco,850,3,4,3,1,2,3,2,2,5,2,2,4,2,2.69,0,1,FALSE
Female,Loyal Customer,75,Business Travel,Business,128,4,1,1,1,5,4,3,2,2,2,4,2,4,2.69,0,8,FALSE
Male,Loyal Customer,30,Business Travel,Business,1013,4,4,4,4,4,4,4,3,4,2,2,4,4,3.62,154,159,FALSE
Male,Loyal Customer,60,Business Travel,Eco,641,4,5,5,5,4,4,4,4,1,5,1,3,4,3.77,5,14,TRUE
Female,Disloyal Customer,28,Business Travel,Business,283,3,3,3,3,4,3,4,4,3,3,5,3,4,3.46,0,0,FALSE
Female,Disloyal Customer,20,Business Travel,Business,672,4,4,4,3,3,4,5,3,3,3,4,3,3,3.54,1,0,TRUE
Female,Disloyal Customer,43,Business Travel,Eco,537,3,3,3,1,3,3,3,3,3,4,5,3,3,3.08,0,0,FALSE
Female,Loyal Customer,37,Business Travel,Business,1249,3,2,2,2,2,3,3,3,3,3,3,1,1,2.38,0,0,FALSE
Male,Disloyal Customer,45,Business Travel,Eco,316,2,4,2,4,2,2,2,2,2,2,3,1,2,2.31,31,25,FALSE
Female,Loyal Customer,41,Business Travel,Business,228,2,3,3,3,3,2,2,2,2,2,2,1,4,2.38,0,0,FALSE
Male,Loyal Customer,47,Business Travel,Business,3271,1,1,1,1,4,4,5,5,5,5,5,3,5,3.46,34,46,TRUE
Male,Loyal Customer,55,Business Travel,Business,2342,4,3,4,4,5,5,4,4,4,4,4,4,5,4.15,51,52,TRUE
Female,Loyal Customer,43,Business Travel,Business,3477,2,2,2,2,3,5,5,5,5,5,5,4,4,3.77,6,8,TRUE
Male,Loyal Customer,37,Business Travel,Eco,110,5,3,3,3,5,5,5,5,4,3,5,4,5,4.23,0,0,TRUE
Female,Disloyal Customer,22,Business Travel,Eco,819,4,5,5,1,4,5,4,4,2,4,3,1,4,3.54,0,10,FALSE
Male,Loyal Customer,39,Business Travel,Business,3072,1,4,4,4,2,3,4,1,1,1,1,2,4,2.46,25,27,FALSE
Female,Loyal Customer,51,Personal Travel,Business,356,4,1,2,4,4,4,3,4,4,2,4,2,2,3.08,0,0,FALSE
Female,Loyal Customer,42,Business Travel,Business,2521,5,5,5,5,5,5,5,5,4,5,4,5,5,4.85,68,58,TRUE
Male,Loyal Customer,47,Business Travel,Business,2459,3,3,3,3,3,5,4,5,5,4,5,5,3,3.92,1,0,TRUE
Male,Loyal Customer,50,Business Travel,Business,158,1,4,4,4,4,4,3,1,1,1,1,3,2,2.54,0,0,FALSE
Female,Loyal Customer,30,Business Travel,Eco Plus,515,5,4,4,4,5,5,5,5,1,4,3,4,5,4.15,0,0,TRUE
Female,Loyal Customer,57,Business Travel,Business,2528,4,5,4,4,3,5,5,5,5,5,5,4,3,4.38,0,0,TRUE
Male,Loyal Customer,64,Business Travel,Eco,1448,1,5,5,5,1,1,1,1,1,4,4,2,1,2.46,1,7,FALSE
Female,Loyal Customer,40,Business Travel,Business,2288,3,3,3,3,5,4,5,4,4,5,4,5,4,4,0,0,TRUE
Female,Loyal Customer,63,Business Travel,Eco,469,4,1,1,1,3,3,4,4,4,4,4,4,5,3.23,0,0,TRUE
Male,Loyal Customer,36,Business Travel,Business,589,3,3,3,3,1,3,1,5,5,5,5,2,1,3.08,25,13,TRUE
Male,Loyal Customer,41,Personal Travel,Eco,409,3,5,3,2,3,3,3,3,4,3,5,3,3,3.31,0,0,FALSE
Male,Loyal Customer,46,Personal Travel,Eco,2556,4,5,4,1,5,4,5,5,3,4,5,4,5,4.15,4,0,FALSE
Female,Loyal Customer,59,Business Travel,Business,446,4,4,4,4,2,4,5,4,4,4,4,5,5,4.08,48,40,TRUE
Female,Disloyal Customer,25,Business Travel,Eco,876,3,3,3,3,3,3,3,3,1,3,4,2,3,2.85,18,7,FALSE
Female,Disloyal Customer,27,Business Travel,Eco,1074,1,1,1,3,4,1,4,4,1,3,2,4,4,2.54,47,35,FALSE
Female,Disloyal Customer,27,Business Travel,Business,1158,2,2,2,5,5,2,5,5,3,3,4,3,5,3.54,0,0,FALSE
Male,Loyal Customer,30,Personal Travel,Eco,1005,4,4,4,2,4,4,4,4,5,5,5,3,4,4,23,30,FALSE
Male,Loyal Customer,33,Personal Travel,Eco Plus,290,0,5,0,3,4,0,4,4,5,5,4,3,4,3.15,9,4,TRUE
Male,Loyal Customer,54,Personal Travel,Eco,2585,2,3,2,5,2,5,4,2,3,4,1,4,4,3.15,0,36,FALSE
Male,Loyal Customer,39,Business Travel,Business,813,2,2,1,2,2,4,5,3,3,3,3,3,3,2.77,16,13,TRUE
Female,Disloyal Customer,28,Business Travel,Eco,584,1,0,2,2,5,2,5,5,2,5,2,4,5,3.08,0,0,FALSE
Male,Loyal Customer,26,Business Travel,Eco,630,3,1,1,1,3,3,1,3,1,5,4,4,3,2.54,0,15,FALSE
Female,Loyal Customer,44,Business Travel,Business,1067,5,5,5,5,4,5,5,4,4,4,4,3,4,4.38,0,0,TRUE
Male,Loyal Customer,37,Business Travel,Business,2222,4,4,4,4,1,2,5,5,5,5,4,1,5,3.77,0,0,TRUE
Male,Loyal Customer,41,Business Travel,Eco,102,4,2,1,1,4,4,4,4,1,1,4,5,4,3,26,27,TRUE
Female,Loyal Customer,17,Personal Travel,Eco,399,0,4,0,4,2,0,2,2,3,4,5,4,2,2.46,0,0,TRUE
Male,Loyal Customer,60,Personal Travel,Eco,1671,2,4,2,4,3,2,3,3,4,2,4,2,3,2.92,0,0,FALSE
Female,Loyal Customer,42,Personal Travel,Business,293,1,4,1,3,2,5,4,4,4,1,4,3,3,3,0,0,FALSE
Female,Loyal Customer,53,Business Travel,Business,1389,2,2,2,2,4,5,5,5,5,5,5,5,3,3.85,0,0,TRUE
Male,Loyal Customer,63,Personal Travel,Eco,589,4,5,4,2,5,4,5,5,4,3,5,5,5,4.31,0,0,TRUE
Female,Loyal Customer,44,Personal Travel,Eco,665,5,2,5,1,2,2,1,3,3,5,3,3,3,2.92,0,0,TRUE
Male,Loyal Customer,57,Business Travel,Business,1595,3,3,3,3,3,5,5,5,5,5,5,4,5,4.15,63,73,TRUE
Female,Loyal Customer,39,Business Travel,Business,1035,2,2,2,2,5,4,4,5,5,5,5,5,5,3.92,0,0,TRUE
Male,Disloyal Customer,25,Business Travel,Business,646,3,4,3,4,4,3,4,4,4,5,4,3,4,3.77,0,0,FALSE
Male,Loyal Customer,61,Business Travel,Eco,458,4,5,5,5,4,4,4,4,3,1,4,1,4,3.69,0,0,TRUE
Male,Loyal Customer,32,Personal Travel,Eco,1199,3,4,3,4,3,3,1,3,4,3,3,4,3,3.15,84,115,FALSE
Female,Loyal Customer,65,Personal Travel,Eco,468,2,5,2,3,1,1,5,5,5,2,5,3,2,3.15,31,57,FALSE
Female,Loyal Customer,19,Personal Travel,Eco,425,1,1,1,3,5,1,1,5,2,2,3,4,5,2.62,41,42,FALSE
Female,Loyal Customer,12,Personal Travel,Eco Plus,337,5,1,5,4,4,5,4,4,2,2,4,4,4,3.69,1,0,TRUE
Female,Loyal Customer,33,Business Travel,Business,1842,3,5,5,5,2,4,4,3,3,2,3,3,2,3.38,0,0,FALSE
Female,Loyal Customer,9,Business Travel,Eco,795,3,4,4,4,3,2,2,3,1,3,4,4,3,3.08,21,10,FALSE
Female,Loyal Customer,55,Personal Travel,Eco,1352,3,5,3,1,3,5,4,4,4,3,4,5,5,3.77,0,0,FALSE
Female,Loyal Customer,36,Personal Travel,Eco,2537,3,2,4,3,3,4,3,3,2,4,3,4,3,3.15,0,0,FALSE
Female,Disloyal Customer,48,Business Travel,Business,1041,3,3,3,4,3,3,3,3,3,3,5,5,3,3.38,42,39,FALSE
Female,Loyal Customer,29,Business Travel,Business,2993,3,5,1,5,3,3,3,3,2,2,4,2,3,3,0,0,FALSE
Female,Loyal Customer,74,Business Travel,Business,2578,1,4,4,4,4,2,2,2,2,2,1,3,4,2.69,0,22,FALSE
Male,Loyal Customer,38,Business Travel,Eco,301,4,1,1,1,4,4,4,4,2,4,1,3,4,2.85,0,0,TRUE
Female,Loyal Customer,51,Business Travel,Business,3437,0,5,0,4,5,5,5,5,5,5,2,4,4,3.77,1,2,TRUE
Female,Loyal Customer,11,Business Travel,Business,1701,1,4,5,5,1,2,1,1,3,4,4,4,1,2.77,42,88,FALSE
Male,Loyal Customer,71,Business Travel,Eco Plus,73,3,2,4,2,2,3,2,2,2,3,4,4,2,2.69,16,55,FALSE
Male,Loyal Customer,61,Personal Travel,Eco,391,2,5,4,1,5,4,5,5,5,5,4,5,5,4.23,0,1,FALSE
Female,Disloyal Customer,24,Business Travel,Eco,323,5,5,5,2,4,5,4,4,5,4,4,4,4,4.23,25,21,TRUE
Male,Disloyal Customer,29,Business Travel,Eco,302,3,4,3,4,4,3,1,4,4,3,3,2,4,3.23,18,6,FALSE
Male,Loyal Customer,22,Business Travel,Business,3039,1,1,1,1,5,5,5,5,2,4,4,1,5,3.08,0,0,TRUE
Female,Loyal Customer,60,Business Travel,Business,2573,3,3,3,3,5,5,4,5,5,5,3,5,4,4.08,13,3,TRUE
Female,Loyal Customer,53,Business Travel,Business,1832,5,5,5,5,4,4,5,4,4,4,4,5,3,4.38,0,51,TRUE
Male,Loyal Customer,49,Personal Travel,Eco,861,0,4,1,4,4,1,4,4,2,1,4,4,4,2.85,0,0,TRUE
Female,Disloyal Customer,52,Business Travel,Eco,867,2,2,2,2,2,2,2,2,1,4,3,2,2,2.15,0,0,FALSE
Female,Disloyal Customer,35,Business Travel,Eco,308,3,2,4,3,5,4,5,5,4,3,4,4,5,3.92,7,15,FALSE
Female,Loyal Customer,25,Personal Travel,Eco,2381,2,4,2,3,4,2,4,4,2,3,4,2,4,3.08,65,31,FALSE
Male,Loyal Customer,12,Business Travel,Business,1670,1,1,4,1,1,1,1,1,4,4,4,2,1,2,0,0,FALSE
Male,Loyal Customer,58,Personal Travel,Eco,719,3,2,3,2,3,3,3,3,3,3,3,4,3,2.92,0,0,FALSE
Female,Loyal Customer,54,Business Travel,Business,283,3,3,3,3,4,4,4,5,5,5,5,4,4,4,9,9,TRUE
Male,Loyal Customer,52,Business Travel,Business,3976,1,1,1,1,2,5,4,5,5,4,5,3,4,3.15,5,0,TRUE
Female,Disloyal Customer,24,Business Travel,Eco,402,4,4,3,4,2,3,2,2,4,1,3,1,2,2.69,0,0,FALSE
Male,Loyal Customer,26,Personal Travel,Eco,187,4,5,4,3,1,4,1,1,1,5,2,1,1,2.54,0,0,FALSE
Male,Loyal Customer,53,Business Travel,Eco,733,4,2,2,2,4,4,4,4,1,5,4,2,4,3.23,0,0,FALSE
Female,Loyal Customer,58,Business Travel,Business,3471,3,3,3,3,2,5,4,3,3,3,3,3,4,3.23,32,0,TRUE
Female,Loyal Customer,42,Business Travel,Business,997,2,2,3,3,4,3,3,2,2,2,2,1,2,2.38,0,0,FALSE
Female,Disloyal Customer,25,Business Travel,Business,234,3,5,3,2,2,3,2,2,3,2,5,5,2,3,0,0,FALSE
Male,Loyal Customer,27,Personal Travel,Eco,1136,2,5,2,2,2,2,2,2,4,5,4,5,2,3,1,0,FALSE
Male,Loyal Customer,42,Personal Travel,Eco,447,3,4,4,2,1,4,1,1,3,4,5,4,1,2.85,0,0,FALSE
Male,Loyal Customer,39,Business Travel,Business,2111,0,4,1,1,4,4,4,4,4,4,4,5,4,3.31,0,0,TRUE
Male,Loyal Customer,57,Business Travel,Business,2768,2,2,2,2,3,4,5,4,4,4,4,5,3,3.38,0,1,TRUE
Female,Loyal Customer,16,Personal Travel,Eco,196,4,5,4,3,3,4,3,3,3,4,5,5,3,3.77,5,0,FALSE
Male,Loyal Customer,32,Business Travel,Business,113,4,4,4,4,4,4,5,4,5,3,5,4,4,4.15,0,0,TRUE
Female,Loyal Customer,64,Personal Travel,Eco,89,2,4,0,3,5,5,5,5,5,0,5,4,5,3.69,0,0,FALSE
Female,Loyal Customer,28,Personal Travel,Eco,449,2,5,3,3,1,3,1,1,4,3,5,4,1,2.77,2,0,FALSE
Female,Loyal Customer,72,Business Travel,Eco,862,5,3,3,3,4,3,1,5,5,5,5,5,4,3.92,5,0,TRUE
Female,Loyal Customer,44,Business Travel,Business,1416,3,5,5,5,3,3,2,3,3,3,3,3,3,3.38,0,0,FALSE
Female,Loyal Customer,45,Business Travel,Business,1801,1,1,1,1,5,4,5,4,4,4,4,5,4,3.31,0,0,TRUE
Female,Loyal Customer,55,Business Travel,Business,3077,4,4,4,4,1,3,1,5,5,5,5,3,4,3.69,0,0,TRUE
Female,Loyal Customer,58,Business Travel,Business,3877,2,2,2,2,1,5,3,5,5,4,5,1,4,3.15,0,4,TRUE
Female,Loyal Customer,24,Personal Travel,Eco Plus,588,2,4,2,4,3,2,1,3,3,5,4,4,3,3.08,0,0,FALSE
Female,Loyal Customer,64,Personal Travel,Eco,460,3,4,3,2,3,4,5,3,3,3,3,5,5,3.54,0,0,FALSE
Male,Loyal Customer,54,Business Travel,Business,1546,3,2,2,2,3,2,3,3,3,3,3,3,4,2.77,0,19,FALSE
Female,Loyal Customer,36,Business Travel,Eco,1211,5,4,4,4,5,5,5,5,5,4,5,3,5,4.54,0,0,TRUE
Female,Disloyal Customer,41,Business Travel,Eco,1208,3,3,3,3,5,3,5,5,4,1,4,5,5,3.77,1,0,FALSE
Male,Loyal Customer,45,Business Travel,Business,2638,2,2,2,2,4,5,5,5,5,5,5,3,3,3.69,34,28,TRUE
Male,Loyal Customer,44,Personal Travel,Eco,862,3,4,3,2,2,3,2,2,4,3,5,5,2,3.08,0,0,FALSE
Male,Loyal Customer,65,Personal Travel,Eco,602,1,4,1,5,5,1,5,5,4,5,5,5,5,3.92,31,12,FALSE
Male,Disloyal Customer,25,Business Travel,Business,712,5,0,5,1,3,5,3,3,3,4,4,5,3,3.38,0,0,TRUE
Female,Loyal Customer,52,Personal Travel,Eco,1120,1,5,1,2,5,5,4,5,5,1,5,4,3,3.54,8,5,FALSE
Female,Disloyal Customer,30,Business Travel,Eco Plus,764,3,3,3,4,4,3,2,4,1,5,4,3,4,3.31,0,6,FALSE
Female,Disloyal Customer,19,Business Travel,Eco,456,2,2,2,3,1,2,1,1,4,5,3,4,1,2.38,0,0,FALSE
Male,Loyal Customer,50,Business Travel,Business,3114,4,4,4,4,5,5,4,5,5,5,4,3,3,4.23,0,6,TRUE
Female,Loyal Customer,15,Personal Travel,Eco,304,3,4,2,2,4,2,4,4,4,2,5,5,4,3.46,0,0,FALSE
Female,Loyal Customer,9,Business Travel,Business,735,2,1,1,1,2,2,2,2,4,1,3,4,2,2.08,0,0,FALSE
Male,Disloyal Customer,24,Business Travel,Eco,991,4,4,4,1,2,4,2,2,1,2,5,1,2,2.62,2,0,FALSE
Male,Loyal Customer,55,Business Travel,Business,2152,4,1,4,4,2,5,4,3,3,3,3,3,3,3.23,8,4,TRUE
Female,Loyal Customer,32,Personal Travel,Eco,833,4,4,3,3,1,3,1,1,4,3,4,5,1,2.85,43,23,FALSE
Male,Loyal Customer,53,Personal Travel,Eco,913,2,4,2,1,3,2,5,3,5,5,5,3,3,3.31,0,0,FALSE
Male,Disloyal Customer,26,Business Travel,Business,1180,2,2,2,3,5,2,4,5,4,2,4,1,5,3.15,53,32,FALSE
Male,Loyal Customer,61,Personal Travel,Eco,1969,2,2,2,3,3,2,3,3,3,2,3,2,3,2.54,0,0,FALSE
Male,Loyal Customer,66,Personal Travel,Eco,2288,3,1,3,3,3,3,3,2,4,2,3,3,3,2.77,146,105,FALSE
Male,Loyal Customer,44,Business Travel,Business,3851,2,2,4,2,1,5,3,3,3,3,3,5,1,2.85,0,0,TRUE
Male,Loyal Customer,19,Business Travel,Eco,717,2,5,5,5,2,3,3,2,2,1,3,4,2,3,29,11,FALSE
Male,Loyal Customer,46,Personal Travel,Eco,414,0,4,0,2,4,0,4,4,3,3,1,4,4,2.54,0,0,TRUE
Female,Loyal Customer,39,Business Travel,Business,436,2,2,3,2,2,5,5,4,4,5,4,4,4,3.54,0,5,TRUE
Female,Loyal Customer,28,Business Travel,Eco Plus,1085,2,5,3,5,2,2,2,2,3,4,4,4,2,3.08,27,13,FALSE
Female,Disloyal Customer,33,Business Travel,Eco,365,2,3,2,4,1,2,1,1,4,4,4,1,1,2.31,6,0,FALSE
Female,Loyal Customer,59,Business Travel,Business,2425,1,1,1,1,2,3,5,3,3,3,3,3,5,2.62,1,0,TRUE
Female,Loyal Customer,51,Business Travel,Eco Plus,834,5,2,2,2,5,5,5,2,1,3,5,5,5,3.62,104,149,TRUE
Female,Loyal Customer,59,Personal Travel,Eco,522,1,3,1,3,3,4,3,4,4,1,4,4,2,2.85,0,0,FALSE
Male,Loyal Customer,46,Business Travel,Business,2036,2,2,4,2,5,5,4,5,5,5,5,5,5,4.15,0,0,TRUE
Male,Loyal Customer,35,Business Travel,Business,606,4,4,4,4,2,5,4,4,4,4,4,4,4,3.92,34,28,TRUE
Male,Loyal Customer,41,Business Travel,Business,2171,3,3,3,3,5,4,4,4,4,4,4,5,3,3.77,68,61,TRUE
Male,Disloyal Customer,30,Business Travel,Business,731,3,3,3,5,5,3,5,5,4,3,5,3,5,4,0,0,FALSE
Male,Loyal Customer,53,Personal Travel,Eco,432,1,2,4,4,5,4,5,5,2,2,3,2,5,3.38,24,15,FALSE
Male,Disloyal Customer,27,Business Travel,Business,1020,4,4,4,1,1,4,1,1,3,4,4,4,1,2.77,0,0,TRUE
Female,Disloyal Customer,26,Business Travel,Eco,308,3,1,3,3,2,3,2,2,1,4,3,1,2,2.31,2,5,FALSE
Female,Loyal Customer,69,Personal Travel,Eco,386,1,5,1,5,5,5,4,5,5,1,5,4,3,3.77,31,29,FALSE
Male,Loyal Customer,56,Business Travel,Business,1235,5,5,5,5,5,4,5,5,5,5,5,3,4,4.69,0,0,TRUE
Male,Loyal Customer,59,Business Travel,Business,236,2,2,2,2,5,5,5,5,5,5,5,4,5,4,16,0,TRUE
Female,Loyal Customer,15,Personal Travel,Eco,313,2,4,2,4,5,2,5,5,5,4,4,5,5,4,20,25,FALSE
Female,Loyal Customer,63,Personal Travel,Eco,2075,1,4,0,3,2,3,3,2,2,0,2,4,5,2.38,23,41,FALSE
Male,Loyal Customer,46,Business Travel,Business,3405,3,5,5,5,3,2,2,3,3,3,3,2,3,3.23,0,0,FALSE
Male,Loyal Customer,7,Personal Travel,Eco,328,4,1,4,1,2,4,2,2,2,1,1,1,2,2.08,0,0,FALSE
Male,Loyal Customer,51,Business Travel,Business,2283,3,3,3,3,2,4,4,4,4,4,4,5,3,3.54,0,1,TRUE
Female,Loyal Customer,59,Personal Travel,Eco Plus,557,2,1,2,3,3,3,3,5,5,2,5,2,2,2.92,4,0,FALSE
Female,Loyal Customer,8,Personal Travel,Eco,987,1,4,1,3,1,1,1,1,3,3,5,5,1,2.31,0,0,FALSE
Female,Disloyal Customer,23,Business Travel,Eco,436,1,0,1,1,1,1,1,1,5,4,5,5,1,2.08,0,0,FALSE
Female,Loyal Customer,54,Business Travel,Eco,1242,2,3,3,3,5,3,3,2,2,2,2,2,2,2.62,0,8,FALSE
Male,Loyal Customer,37,Business Travel,Eco,319,3,2,5,2,3,3,3,3,4,5,3,3,3,3.23,76,56,FALSE
Female,Loyal Customer,41,Business Travel,Business,3592,0,5,0,4,5,4,4,4,4,4,4,4,4,3.54,0,0,TRUE
Male,Loyal Customer,44,Business Travel,Business,290,2,2,2,2,4,4,4,5,5,5,5,4,3,3.62,0,0,TRUE
Female,Loyal Customer,42,Business Travel,Business,1107,4,4,4,4,4,5,4,4,4,4,4,4,4,4.08,0,0,TRUE
Male,Loyal Customer,31,Business Travel,Business,247,2,4,2,2,5,5,5,5,4,4,5,3,5,3.92,0,6,TRUE
Male,Loyal Customer,23,Business Travel,Business,853,5,5,5,5,4,4,4,4,1,3,3,5,4,4,21,15,TRUE
Female,Loyal Customer,37,Personal Travel,Eco,409,3,4,3,5,3,3,3,3,4,2,2,1,3,3,45,38,FALSE
Female,Loyal Customer,21,Personal Travel,Eco,1036,3,1,4,3,5,4,5,5,1,4,2,3,5,3.46,69,49,FALSE
Female,Disloyal Customer,39,Business Travel,Eco Plus,565,1,1,1,3,3,1,3,3,3,2,4,4,3,2.46,17,36,FALSE
Male,Loyal Customer,43,Business Travel,Business,483,5,5,5,5,2,4,1,5,5,5,5,2,1,3.85,9,4,TRUE
Male,Loyal Customer,39,Business Travel,Business,1258,4,4,4,4,3,4,4,5,5,5,5,4,5,4.31,0,0,TRUE
Male,Loyal Customer,49,Personal Travel,Eco,251,2,5,2,2,2,2,2,2,5,2,4,3,2,2.69,7,1,FALSE
Male,Loyal Customer,22,Business Travel,Business,907,5,5,5,5,4,4,4,4,3,2,4,4,4,4.08,0,13,TRUE
Female,Loyal Customer,24,Personal Travel,Eco,1020,2,3,2,3,2,2,2,2,4,3,2,4,2,2.54,0,0,FALSE
Male,Loyal Customer,25,Personal Travel,Eco,1048,1,4,1,2,2,1,2,2,4,2,4,3,2,2.31,15,1,FALSE
Male,Loyal Customer,45,Business Travel,Business,650,2,4,4,4,2,3,3,2,2,2,2,1,2,2.54,56,73,FALSE
Female,Disloyal Customer,45,Business Travel,Eco,764,4,3,3,4,4,3,4,4,2,5,4,1,4,3.46,59,69,FALSE
Male,Loyal Customer,53,Personal Travel,Eco,2454,3,1,2,4,2,5,5,1,2,3,4,5,5,3.23,5,22,FALSE
Male,Loyal Customer,45,Business Travel,Business,156,1,1,1,1,4,4,5,4,4,4,5,4,5,3.31,0,0,TRUE
Female,Loyal Customer,29,Business Travel,Eco Plus,594,4,2,2,2,4,4,4,4,4,2,4,3,4,3.31,0,0,TRUE
Female,Loyal Customer,41,Business Travel,Business,247,1,1,1,1,5,5,5,5,5,5,5,5,5,3.77,0,0,TRUE
Female,Loyal Customer,48,Business Travel,Eco,1055,1,2,4,2,2,4,4,1,1,1,1,4,2,2.23,0,0,FALSE
Male,Loyal Customer,70,Personal Travel,Eco Plus,337,4,3,4,4,3,4,3,3,3,2,4,1,3,3.15,77,62,FALSE
Female,Loyal Customer,51,Business Travel,Business,1085,3,3,3,3,3,5,4,4,4,5,4,4,5,3.85,0,0,TRUE
Female,Loyal Customer,43,Business Travel,Business,577,4,4,4,4,4,5,4,2,2,2,2,5,5,3.62,1,0,TRUE
Female,Loyal Customer,50,Personal Travel,Eco,896,4,1,4,3,2,2,3,1,1,4,1,4,1,2.38,21,38,FALSE
Female,Loyal Customer,27,Business Travel,Business,2608,3,3,3,3,3,3,3,3,3,5,5,5,3,3.46,0,44,TRUE
Male,Loyal Customer,29,Business Travel,Eco,1185,4,2,2,2,4,4,4,4,5,3,3,4,4,3.46,0,0,TRUE
Female,Disloyal Customer,22,Business Travel,Eco,1289,3,3,3,4,4,3,4,4,5,5,4,3,4,3.77,0,0,FALSE
Male,Loyal Customer,60,Personal Travel,Eco,224,1,2,1,3,4,1,5,4,2,4,3,2,4,2.77,43,42,FALSE
Male,Loyal Customer,41,Personal Travel,Eco,224,3,5,0,1,3,0,3,3,4,3,5,4,3,2.85,0,0,FALSE
Male,Loyal Customer,50,Personal Travel,Business,250,3,4,3,4,2,5,5,4,4,3,4,3,4,3.69,80,73,FALSE
Female,Loyal Customer,36,Business Travel,Business,125,0,4,0,4,4,4,5,4,4,4,4,3,3,3.31,0,2,TRUE
Male,Loyal Customer,31,Business Travel,Eco,1947,3,1,1,1,3,3,3,3,4,3,4,4,3,2.77,0,0,FALSE
Female,Loyal Customer,52,Business Travel,Business,3432,1,3,3,3,4,4,3,1,1,1,1,2,1,2.15,41,57,FALSE
Female,Loyal Customer,44,Business Travel,Business,2351,1,1,1,1,2,5,5,4,4,4,4,4,3,3,22,4,TRUE
Female,Loyal Customer,51,Business Travel,Business,1734,2,1,1,1,3,3,4,4,4,4,2,3,1,2.54,1,0,FALSE
Female,Loyal Customer,68,Business Travel,Business,1968,4,4,4,4,5,3,2,4,4,4,3,4,3,3.69,0,0,TRUE
Male,Disloyal Customer,52,Business Travel,Eco,692,1,1,1,3,5,1,5,5,2,2,5,4,5,3.08,7,0,FALSE
Female,Loyal Customer,14,Personal Travel,Eco,695,2,2,2,4,3,2,5,3,3,1,3,3,3,2.77,16,5,FALSE
Female,Loyal Customer,70,Personal Travel,Eco,761,1,5,2,3,2,5,4,2,2,2,2,4,3,2.85,0,0,FALSE
Female,Loyal Customer,50,Business Travel,Business,253,0,0,0,4,4,4,4,4,4,4,4,5,2,3,0,0,TRUE
Male,Loyal Customer,43,Business Travel,Business,1022,5,5,5,5,2,5,5,4,4,4,4,3,4,4.23,21,0,TRUE
Female,Loyal Customer,37,Business Travel,Business,3560,3,3,3,3,4,3,2,3,3,3,3,4,4,3.15,18,20,FALSE
Female,Loyal Customer,51,Business Travel,Business,2270,5,5,5,5,2,5,4,4,4,4,4,5,5,4.38,0,2,TRUE
Female,Loyal Customer,55,Business Travel,Business,460,4,4,4,4,3,5,4,5,5,5,5,3,4,4.23,0,0,TRUE
Female,Loyal Customer,21,Personal Travel,Eco,641,3,2,4,3,5,4,5,5,4,1,2,2,5,3.46,5,18,FALSE
Male,Loyal Customer,27,Business Travel,Eco Plus,909,5,2,2,2,5,5,5,5,5,2,4,2,5,3.77,0,0,TRUE
Female,Loyal Customer,55,Business Travel,Business,951,3,3,3,3,4,4,5,4,4,4,4,3,3,3.62,0,0,TRUE
Female,Loyal Customer,19,Business Travel,Eco,2079,2,4,4,4,1,2,2,2,2,1,2,2,2,2.31,313,296,FALSE
Male,Loyal Customer,70,Personal Travel,Eco,1204,2,4,2,2,4,2,4,4,4,2,3,5,4,3.23,0,0,FALSE
Female,Loyal Customer,44,Business Travel,Business,2162,4,4,4,4,2,4,5,5,5,5,5,3,5,4.23,0,0,TRUE
Male,Loyal Customer,37,Personal Travel,Eco,1276,1,4,1,4,5,1,2,5,4,5,4,3,5,3.38,25,25,FALSE
Female,Disloyal Customer,34,Business Travel,Eco,632,1,0,1,4,5,1,3,5,4,4,2,5,5,3.08,9,2,FALSE
Female,Loyal Customer,15,Personal Travel,Eco,446,2,5,2,3,2,1,1,3,3,5,5,1,1,2.62,231,235,FALSE
Female,Disloyal Customer,37,Business Travel,Business,451,1,1,1,2,1,1,1,1,4,3,4,3,1,1.85,0,0,FALSE
Female,Loyal Customer,43,Business Travel,Eco,989,2,1,1,1,2,3,3,2,2,2,2,1,1,1.77,0,0,FALSE
Male,Loyal Customer,30,Personal Travel,Eco Plus,1874,3,1,4,4,4,4,4,4,4,1,3,4,4,3.38,7,31,FALSE
Female,Loyal Customer,52,Business Travel,Eco,594,1,1,1,1,3,3,2,1,1,1,1,1,2,1.46,0,0,FALSE
Male,Loyal Customer,41,Personal Travel,Eco,283,2,4,5,3,5,5,5,5,3,5,4,4,5,4.23,0,41,FALSE
Male,Disloyal Customer,29,Business Travel,Business,992,0,0,0,5,4,0,4,4,4,5,5,5,4,3.08,10,0,TRUE
Male,Loyal Customer,58,Business Travel,Eco,919,2,3,3,3,2,2,2,2,2,1,3,3,2,2.31,47,41,FALSE
Male,Loyal Customer,44,Business Travel,Business,3938,5,5,5,5,4,4,4,3,3,4,3,3,3,3.92,42,26,TRUE
Female,Loyal Customer,60,Business Travel,Business,967,4,4,4,4,3,5,5,5,5,5,5,4,3,4.31,0,0,TRUE
Female,Loyal Customer,16,Personal Travel,Eco,552,2,4,2,3,5,2,2,5,4,1,5,3,5,3.31,0,25,FALSE
Male,Loyal Customer,52,Personal Travel,Eco,363,2,5,2,1,4,2,4,4,4,4,5,5,4,3.54,0,0,FALSE
Female,Loyal Customer,69,Business Travel,Eco,255,2,1,1,1,5,3,4,2,2,2,2,1,1,2.08,0,0,FALSE
Male,Loyal Customer,46,Business Travel,Business,3553,4,4,4,4,5,4,5,5,5,5,5,5,4,4.54,0,0,TRUE
Female,Loyal Customer,61,Personal Travel,Eco,507,0,5,0,4,2,4,4,1,1,0,1,4,3,2.23,24,14,TRUE
Male,Loyal Customer,46,Business Travel,Business,986,1,1,1,1,2,4,5,4,4,4,4,4,4,3,3,34,TRUE
Male,Loyal Customer,28,Personal Travel,Eco,2172,3,2,2,4,3,2,3,3,1,4,4,3,3,2.85,15,13,FALSE
Female,Loyal Customer,47,Business Travel,Business,2556,2,2,4,2,5,4,4,4,4,4,4,4,5,3.69,7,13,TRUE
Female,Disloyal Customer,23,Business Travel,Eco,441,2,4,3,1,4,3,4,4,2,5,2,2,4,3.08,0,0,FALSE
Male,Disloyal Customer,21,Business Travel,Eco,175,4,4,5,4,4,5,4,4,3,3,3,2,4,3.77,0,0,FALSE
Male,Loyal Customer,46,Business Travel,Eco,248,2,2,2,2,2,2,2,2,1,2,3,1,2,1.92,0,6,FALSE
Male,Loyal Customer,30,Personal Travel,Eco,583,1,4,2,1,3,2,2,3,3,2,4,4,3,2.62,0,0,FALSE
Female,Loyal Customer,57,Business Travel,Business,1576,4,4,4,4,2,4,4,2,2,2,2,3,4,3.15,0,0,TRUE
Female,Loyal Customer,50,Personal Travel,Eco,761,1,1,1,4,5,3,3,4,4,1,4,1,2,2.62,0,0,FALSE
Male,Disloyal Customer,25,Business Travel,Eco,832,5,5,5,4,2,5,2,2,4,4,5,3,2,3.69,21,7,TRUE
Female,Disloyal Customer,39,Business Travel,Business,2521,3,3,3,3,3,3,3,3,5,4,4,4,3,3.38,0,0,FALSE
Female,Disloyal Customer,21,Business Travel,Business,228,5,0,5,2,2,5,2,2,2,4,1,3,2,2.69,0,0,TRUE
Female,Loyal Customer,59,Business Travel,Business,829,1,1,1,1,5,4,5,3,3,3,3,3,3,2.77,0,0,TRUE
Female,Loyal Customer,46,Business Travel,Eco,353,4,1,5,1,4,2,2,4,4,4,4,5,2,3.23,0,0,TRUE
Female,Loyal Customer,37,Business Travel,Business,224,3,3,3,3,1,2,4,5,5,5,4,5,1,3.38,0,0,TRUE
Female,Disloyal Customer,64,Business Travel,Eco,781,3,4,4,3,3,4,3,3,1,3,4,1,3,3,85,82,FALSE
Female,Loyal Customer,41,Business Travel,Business,1788,3,3,5,3,2,5,5,5,5,5,5,5,4,4.23,0,0,TRUE
Male,Disloyal Customer,34,Business Travel,Eco,304,1,0,1,3,2,1,2,2,3,1,2,1,2,1.62,0,0,FALSE
Female,Loyal Customer,50,Business Travel,Business,679,2,2,2,2,2,5,4,5,5,5,5,3,4,3.54,0,0,TRUE
Female,Loyal Customer,64,Business Travel,Business,1516,3,3,3,3,5,4,5,4,4,4,4,1,3,3.54,0,0,TRUE
Male,Loyal Customer,25,Business Travel,Business,912,3,1,1,1,3,3,3,3,1,4,3,1,3,2.31,33,44,FALSE
Female,Loyal Customer,28,Business Travel,Business,2196,2,2,2,2,4,4,4,4,5,2,4,4,4,3.31,10,0,TRUE
Female,Disloyal Customer,45,Business Travel,Business,1024,1,1,1,2,5,1,5,5,5,4,5,4,5,3.38,0,0,FALSE
Female,Loyal Customer,57,Personal Travel,Eco Plus,1546,2,5,2,2,5,4,5,3,3,2,3,4,4,3.38,0,0,FALSE
Male,Loyal Customer,15,Personal Travel,Eco,120,3,5,3,3,1,3,1,1,2,3,1,5,1,2.46,0,0,FALSE
Male,Loyal Customer,55,Business Travel,Business,867,4,4,4,4,3,4,5,4,4,4,4,4,4,4,122,128,TRUE
Male,Loyal Customer,23,Personal Travel,Eco,1546,2,4,2,3,1,2,1,1,4,5,5,4,1,2.69,113,120,FALSE
Male,Loyal Customer,42,Business Travel,Business,3887,2,2,4,2,2,4,5,5,5,5,5,5,4,3.85,24,15,TRUE
Female,Loyal Customer,44,Business Travel,Business,829,3,3,3,3,2,5,4,4,4,4,4,4,5,3.69,1,0,TRUE
Female,Loyal Customer,59,Business Travel,Business,337,4,4,4,4,3,4,4,4,4,4,4,5,4,4,0,0,TRUE
Female,Disloyal Customer,30,Business Travel,Business,641,2,2,2,4,1,2,1,1,4,2,5,4,1,2.38,0,0,FALSE
Male,Loyal Customer,54,Business Travel,Eco,1111,4,3,3,3,5,4,5,5,2,1,5,5,5,3.85,29,13,TRUE
Male,Loyal Customer,29,Business Travel,Business,1929,5,5,2,5,3,3,3,3,4,4,4,4,3,3.69,20,13,TRUE
Male,Disloyal Customer,35,Business Travel,Business,1136,2,2,2,4,3,2,3,3,4,1,3,1,3,2.54,37,39,FALSE
Male,Loyal Customer,25,Personal Travel,Eco,1590,3,5,3,1,3,3,4,3,5,5,5,3,3,3.54,1,0,FALSE
Female,Disloyal Customer,29,Business Travel,Business,1084,4,4,4,3,5,4,5,5,3,2,4,5,5,4.08,101,110,TRUE
Female,Loyal Customer,50,Business Travel,Business,1790,5,3,5,5,5,4,5,5,5,5,5,3,5,4.62,45,41,TRUE
Male,Disloyal Customer,22,Business Travel,Eco,816,4,4,4,3,4,4,4,4,4,2,5,5,4,3.92,1,0,FALSE
Female,Loyal Customer,55,Business Travel,Business,3359,5,5,5,5,2,5,4,4,4,4,4,3,4,4.15,0,17,TRUE
Male,Loyal Customer,62,Personal Travel,Eco Plus,413,1,5,3,1,5,3,5,5,5,4,4,2,5,3.69,0,9,FALSE
Male,Loyal Customer,65,Business Travel,Eco Plus,268,2,3,3,3,1,2,1,1,1,3,4,1,1,2,5,10,FALSE
Male,Loyal Customer,32,Personal Travel,Eco,852,2,5,2,3,5,2,5,5,4,2,4,4,5,3.69,11,12,FALSE
Male,Disloyal Customer,10,Business Travel,Eco,1276,1,1,1,3,5,1,5,5,4,1,3,3,5,2.92,0,31,FALSE
Female,Disloyal Customer,48,Business Travel,Eco,239,3,2,3,3,2,3,5,2,2,1,2,3,2,2.54,13,2,FALSE
Male,Loyal Customer,53,Business Travel,Eco,679,4,5,5,5,4,4,4,4,4,3,1,3,4,3.85,0,0,TRUE
Male,Loyal Customer,11,Personal Travel,Eco,399,2,4,2,2,1,2,1,1,5,4,4,4,1,2.54,7,0,FALSE
Male,Loyal Customer,38,Business Travel,Business,296,4,1,1,1,2,3,3,4,4,4,4,4,2,2.85,8,0,FALSE
Male,Loyal Customer,40,Business Travel,Business,1709,1,1,1,1,4,3,5,4,4,4,4,4,4,3.08,0,19,TRUE
Male,Loyal Customer,70,Personal Travel,Eco,1546,3,4,3,3,4,3,4,4,5,4,4,5,4,3.85,0,1,FALSE
Female,Loyal Customer,39,Business Travel,Business,944,1,1,4,1,4,4,5,4,4,4,4,3,3,3.23,0,0,TRUE
Female,Loyal Customer,47,Personal Travel,Eco,1062,5,1,5,4,3,4,4,1,1,5,1,4,1,3,0,13,TRUE
Male,Loyal Customer,42,Business Travel,Business,1005,4,4,4,4,4,5,4,3,3,5,3,4,1,3.69,0,0,TRUE
Male,Loyal Customer,39,Business Travel,Business,1841,3,3,3,3,5,4,5,4,4,4,4,3,4,3.77,0,13,TRUE
Male,Loyal Customer,27,Business Travel,Business,2891,3,3,3,3,4,4,4,4,3,5,4,4,4,3.69,176,173,TRUE
Female,Loyal Customer,23,Business Travel,Business,1416,4,3,3,3,4,4,4,4,3,5,4,3,4,3.69,0,0,FALSE
Female,Loyal Customer,20,Personal Travel,Eco,152,0,5,0,1,5,0,3,5,4,3,5,3,5,3,0,0,TRUE
Male,Disloyal Customer,38,Business Travel,Business,1136,3,3,3,4,5,3,5,5,3,4,4,5,5,4,8,0,FALSE
Male,Disloyal Customer,41,Business Travel,Eco,1452,1,1,1,3,1,1,4,1,4,1,3,1,1,1.77,0,7,FALSE
Female,Loyal Customer,53,Business Travel,Eco,785,5,1,1,1,5,4,1,5,5,5,5,2,3,3.31,11,36,TRUE
Male,Loyal Customer,57,Business Travel,Business,200,5,5,3,5,5,4,4,4,4,4,5,3,5,4.31,0,0,TRUE
Female,Loyal Customer,22,Personal Travel,Eco,536,3,4,3,3,2,3,4,2,3,2,5,5,2,3.15,5,0,FALSE
Male,Disloyal Customer,29,Business Travel,Business,986,3,3,3,3,1,3,5,1,3,4,4,4,1,2.92,0,0,FALSE
Female,Loyal Customer,36,Business Travel,Business,1303,5,5,5,5,4,5,5,2,2,2,2,4,3,3.77,0,0,TRUE
Male,Loyal Customer,43,Business Travel,Eco Plus,630,3,2,5,2,3,3,3,3,2,2,4,1,3,2.77,33,47,FALSE
Male,Loyal Customer,36,Personal Travel,Business,201,4,4,4,3,1,3,3,3,3,4,3,4,4,3.31,0,0,TRUE
Female,Loyal Customer,70,Personal Travel,Eco,1416,2,5,2,1,4,4,2,1,1,2,1,2,1,2.15,0,0,FALSE
Male,Loyal Customer,28,Personal Travel,Eco,391,1,4,1,1,3,1,4,3,4,5,4,5,3,3,0,0,FALSE
Female,Loyal Customer,31,Business Travel,Eco,151,1,5,2,5,1,1,1,1,1,5,3,2,1,2.23,11,10,FALSE
Male,Disloyal Customer,26,Business Travel,Business,1447,2,2,2,2,2,2,2,2,4,5,4,3,2,2.62,0,1,FALSE
Female,Loyal Customer,31,Business Travel,Business,2089,1,1,1,1,2,2,2,2,3,2,3,4,2,2,0,0,TRUE
Male,Disloyal Customer,27,Business Travel,Eco,164,2,3,2,4,2,2,2,2,2,5,1,3,2,2.46,71,66,FALSE
Male,Loyal Customer,22,Personal Travel,Eco,354,5,3,5,3,3,5,5,3,1,2,4,4,3,3.54,0,0,TRUE
Male,Loyal Customer,24,Business Travel,Business,2680,4,4,4,4,4,4,4,4,4,2,5,3,4,3.85,0,0,TRUE
Female,Loyal Customer,18,Business Travel,Business,3230,1,0,0,4,5,0,5,5,2,5,4,1,5,2.85,0,0,FALSE
Male,Loyal Customer,39,Business Travel,Business,337,1,1,4,1,4,5,4,4,4,4,4,4,4,3.38,3,8,TRUE
Male,Disloyal Customer,20,Business Travel,Eco,874,1,1,1,4,4,1,4,4,3,4,3,3,4,2.85,24,14,FALSE
Male,Loyal Customer,59,Business Travel,Business,309,3,2,2,2,3,2,2,3,3,3,3,2,4,2.62,48,55,FALSE
Female,Loyal Customer,15,Business Travel,Business,2569,3,3,3,3,5,5,5,5,3,4,2,1,5,3.62,0,0,TRUE
Male,Loyal Customer,36,Business Travel,Eco,446,1,5,3,5,1,1,1,1,4,3,3,4,1,2.54,18,39,FALSE
Female,Disloyal Customer,16,Business Travel,Business,370,0,0,0,4,2,0,2,2,3,5,5,5,2,2.31,0,0,TRUE
Male,Loyal Customer,7,Personal Travel,Eco,588,1,4,2,2,3,2,3,3,4,3,5,4,3,3,0,0,FALSE
Female,Loyal Customer,48,Business Travel,Business,1608,1,1,1,1,2,4,4,4,4,4,4,5,4,3,0,19,TRUE
Male,Loyal Customer,28,Personal Travel,Eco,948,1,5,1,3,1,1,1,1,2,5,5,4,1,2.38,27,17,FALSE
Male,Loyal Customer,29,Personal Travel,Eco,900,2,4,2,4,1,2,1,1,2,2,1,4,1,2.08,0,0,FALSE
Female,Loyal Customer,61,Business Travel,Business,1923,4,4,4,4,5,3,3,5,5,5,3,1,4,3.85,0,0,TRUE
Female,Loyal Customer,17,Business Travel,Business,507,4,1,1,1,4,4,4,4,1,4,4,1,4,2.85,3,4,FALSE
Male,Loyal Customer,40,Business Travel,Eco,1091,4,5,5,5,4,4,4,4,1,3,3,5,4,3.92,0,0,TRUE
Female,Disloyal Customer,20,Business Travel,Eco,1276,3,3,3,2,4,3,4,4,4,1,3,2,4,3.08,106,108,FALSE
Female,Loyal Customer,59,Personal Travel,Eco,954,1,4,1,3,4,1,2,5,5,1,5,3,2,2.85,0,8,FALSE
Female,Loyal Customer,26,Personal Travel,Eco,992,4,4,4,4,4,4,5,4,4,5,5,4,4,4.23,0,5,TRUE
Female,Loyal Customer,60,Business Travel,Business,1947,3,3,3,3,2,3,4,4,4,4,4,5,4,3.54,6,0,TRUE
Female,Loyal Customer,34,Business Travel,Business,795,2,3,3,3,2,4,3,2,2,1,2,3,4,2.62,0,0,FALSE
Male,Disloyal Customer,27,Business Travel,Eco,550,1,1,2,3,4,2,4,4,2,5,4,4,4,3.08,0,0,FALSE
Female,Loyal Customer,73,Business Travel,Eco Plus,468,5,5,5,5,4,1,5,4,4,5,4,2,5,4.15,20,5,TRUE
Female,Disloyal Customer,26,Business Travel,Business,813,3,0,3,4,3,3,3,3,3,3,4,3,3,2.92,0,0,FALSE
Male,Loyal Customer,38,Business Travel,Business,1521,5,5,3,5,4,4,5,5,5,5,5,3,4,4.46,9,0,TRUE
Male,Loyal Customer,35,Business Travel,Eco Plus,224,3,5,3,3,3,3,3,3,3,4,4,3,3,3.31,4,6,FALSE
Male,Loyal Customer,14,Personal Travel,Eco,312,4,4,4,2,2,4,3,2,3,5,5,4,2,3.38,7,4,FALSE
Male,Loyal Customer,50,Business Travel,Eco,991,3,5,5,5,3,3,3,3,1,4,4,4,3,3.54,11,2,FALSE
Female,Loyal Customer,49,Business Travel,Business,259,0,0,0,2,2,4,4,5,5,5,5,3,5,3.08,0,0,TRUE
Female,Disloyal Customer,30,Business Travel,Eco,1133,3,3,3,3,2,3,2,2,2,5,3,1,2,2.62,0,9,FALSE
Female,Disloyal Customer,24,Business Travel,Eco,373,1,2,1,3,1,1,1,1,1,5,3,3,1,1.85,2,0,FALSE
Male,Loyal Customer,43,Business Travel,Business,2615,2,2,2,2,4,5,4,4,4,4,4,3,3,3.31,0,0,TRUE
Female,Loyal Customer,38,Business Travel,Business,1211,5,5,5,5,5,3,5,4,4,4,4,1,1,3.92,0,0,TRUE
Female,Disloyal Customer,23,Business Travel,Eco,109,5,5,5,1,4,5,4,4,1,1,1,4,4,3.38,0,0,TRUE
Female,Loyal Customer,51,Personal Travel,Eco,2603,3,1,3,4,3,4,4,2,4,4,3,4,4,3.31,0,3,FALSE
Female,Loyal Customer,40,Personal Travel,Eco,2586,1,3,1,3,1,3,3,1,1,2,2,3,3,2.08,0,0,FALSE
Male,Loyal Customer,30,Business Travel,Business,692,3,3,3,3,2,2,2,2,3,4,3,5,2,2.85,45,23,TRUE
Female,Disloyal Customer,32,Business Travel,Eco,955,3,4,4,3,1,4,1,1,2,1,4,1,1,2.31,3,0,FALSE
Male,Loyal Customer,32,Personal Travel,Eco,645,3,4,3,1,5,3,1,5,4,3,4,5,5,3.54,0,0,FALSE
Female,Loyal Customer,29,Business Travel,Business,472,2,3,2,2,4,4,4,4,4,3,5,4,4,3.46,2,0,TRUE
Male,Loyal Customer,54,Business Travel,Business,3110,5,5,3,5,3,3,3,5,5,5,5,4,4,4.23,129,130,TRUE
Male,Loyal Customer,7,Personal Travel,Eco,337,3,4,3,3,2,3,1,2,3,2,5,5,2,2.92,0,0,FALSE
Female,Loyal Customer,40,Personal Travel,Eco Plus,637,4,5,4,2,4,4,4,4,4,4,4,3,4,3.85,42,54,FALSE
Female,Loyal Customer,45,Business Travel,Business,825,1,1,5,5,3,4,4,1,1,1,1,1,2,2.31,2,0,FALSE
Male,Loyal Customer,25,Personal Travel,Eco,622,3,4,3,4,5,3,5,5,4,2,5,3,5,3.92,18,17,FALSE
Male,Loyal Customer,63,Business Travel,Business,3222,1,1,3,1,5,4,5,4,4,4,4,4,3,3.31,0,0,TRUE
Female,Disloyal Customer,28,Business Travel,Eco,1046,2,2,2,3,1,2,1,1,3,1,4,1,1,1.85,104,90,FALSE
Male,Loyal Customer,35,Personal Travel,Eco,250,4,5,4,1,3,4,3,3,5,5,5,5,3,3.85,29,24,FALSE
Male,Loyal Customer,49,Business Travel,Business,1096,3,3,3,3,2,5,5,4,4,5,4,3,3,3.62,8,45,TRUE
Male,Loyal Customer,55,Personal Travel,Eco,1192,1,2,1,4,3,1,3,3,3,1,2,4,3,2.38,0,3,FALSE
Male,Disloyal Customer,21,Business Travel,Eco,480,3,3,3,4,3,3,3,3,2,4,4,4,3,3.23,28,19,FALSE
Male,Loyal Customer,46,Personal Travel,Eco,641,4,4,4,3,2,4,1,2,5,3,5,5,2,3.38,0,0,FALSE
Male,Disloyal Customer,24,Business Travel,Business,772,5,0,4,1,2,4,2,2,4,2,4,4,2,2.77,0,0,TRUE
Male,Loyal Customer,71,Business Travel,Business,1558,1,2,2,2,3,4,4,1,1,1,1,3,1,2,10,0,FALSE
Female,Loyal Customer,35,Business Travel,Eco,261,1,4,4,4,1,1,1,1,3,4,4,4,1,2.54,5,15,FALSE
Female,Loyal Customer,41,Business Travel,Business,2292,2,2,2,2,3,1,1,2,2,2,2,3,1,1.92,0,4,FALSE
Female,Loyal Customer,53,Business Travel,Eco,944,1,4,4,4,2,3,4,1,1,1,1,4,4,2.62,38,30,FALSE
Male,Loyal Customer,64,Personal Travel,Eco,404,1,4,1,2,3,1,3,3,5,3,4,3,3,2.77,98,90,FALSE
Female,Loyal Customer,50,Business Travel,Business,1075,1,1,1,1,4,4,4,1,1,1,1,3,4,2.08,0,0,FALSE
Female,Loyal Customer,39,Business Travel,Business,1124,1,1,1,1,5,4,4,2,2,2,2,4,5,2.62,0,0,TRUE
Male,Loyal Customer,44,Personal Travel,Eco,86,2,4,2,3,2,2,2,2,3,3,4,5,2,2.77,0,0,FALSE
Male,Loyal Customer,42,Business Travel,Eco Plus,402,3,3,3,3,3,3,3,3,3,4,3,1,3,2.92,0,0,FALSE
Female,Loyal Customer,34,Personal Travel,Eco,179,3,4,3,3,1,3,1,1,3,5,5,5,1,2.92,0,0,FALSE
Male,Loyal Customer,39,Business Travel,Business,2288,4,4,3,4,3,5,5,3,3,3,3,4,4,3.69,0,1,TRUE
Female,Loyal Customer,55,Business Travel,Business,2084,1,1,1,1,3,4,4,4,4,4,4,3,3,2.85,18,5,TRUE
Male,Loyal Customer,13,Personal Travel,Eco,163,2,5,0,1,4,0,4,4,4,4,5,4,4,3.15,0,0,FALSE
Male,Loyal Customer,52,Business Travel,Business,2063,2,2,2,2,3,5,5,4,4,4,4,5,5,3.62,123,130,TRUE
Female,Loyal Customer,31,Personal Travel,Eco,809,4,4,4,2,4,4,4,4,4,4,2,5,4,3.77,0,23,FALSE
Female,Loyal Customer,26,Personal Travel,Eco Plus,617,1,5,1,2,2,1,2,2,5,2,5,4,2,2.62,12,20,FALSE
Male,Loyal Customer,29,Business Travel,Business,1464,3,3,3,3,2,2,2,2,3,3,5,4,2,2.85,0,0,TRUE
Male,Loyal Customer,30,Business Travel,Eco,224,1,5,5,5,1,1,1,1,4,1,3,4,1,2.54,9,16,FALSE
Female,Loyal Customer,25,Business Travel,Eco,488,4,3,3,3,4,4,5,4,4,2,5,5,4,3.85,0,5,TRUE
Female,Loyal Customer,10,Personal Travel,Eco,308,1,4,5,1,5,5,5,5,4,2,5,3,5,3.85,0,8,FALSE
Male,Disloyal Customer,37,Business Travel,Business,237,3,3,3,3,4,3,4,4,4,4,5,5,4,3.77,0,0,FALSE
Male,Loyal Customer,53,Personal Travel,Business,481,1,5,1,3,2,2,3,5,5,1,5,3,5,3.15,113,,FALSE
Female,Loyal Customer,46,Business Travel,Eco,712,3,3,3,3,5,4,3,3,3,3,3,2,3,3.15,0,9,FALSE
Male,Loyal Customer,45,Business Travel,Business,667,3,3,2,3,2,4,4,4,4,4,4,5,4,3.54,0,0,TRUE
Female,Loyal Customer,58,Business Travel,Eco,727,2,3,3,3,5,3,4,2,2,2,2,2,3,2.77,0,0,FALSE
Male,Loyal Customer,60,Personal Travel,Eco,108,4,5,4,4,5,4,5,5,3,5,5,5,5,4.54,0,0,FALSE
Female,Loyal Customer,48,Personal Travel,Eco,838,5,4,5,3,5,4,4,1,1,5,1,3,4,3.46,14,2,TRUE
Male,Disloyal Customer,17,Business Travel,Eco,125,3,4,3,3,1,3,1,1,2,4,3,3,1,2.46,7,49,FALSE
Male,Loyal Customer,29,Business Travel,Business,3667,2,2,2,2,2,2,2,2,2,2,3,1,2,2,0,0,FALSE
Male,Disloyal Customer,38,Business Travel,Business,247,4,4,4,1,2,4,2,2,4,2,5,5,2,3.15,0,0,TRUE
Male,Loyal Customer,31,Personal Travel,Eco,1020,2,4,2,4,2,2,2,2,2,4,3,2,2,2.54,41,27,FALSE
Male,Loyal Customer,30,Business Travel,Business,2704,1,1,1,1,5,5,5,5,5,2,3,5,5,3.38,51,23,TRUE
Female,Loyal Customer,53,Business Travel,Business,432,2,5,2,2,3,1,1,4,4,4,4,4,5,3.15,0,3,TRUE
Female,Loyal Customer,44,Business Travel,Business,3668,3,3,3,3,4,4,4,4,4,4,4,4,3,3.62,29,18,TRUE
Female,Loyal Customer,16,Personal Travel,Eco,160,2,4,2,3,3,2,3,3,3,4,4,1,3,2.85,0,17,FALSE
Female,Loyal Customer,40,Business Travel,Eco,762,2,2,5,2,2,2,2,2,4,5,4,1,2,2.69,13,8,FALSE
Female,Loyal Customer,59,Business Travel,Business,599,2,2,2,2,4,5,5,5,5,5,5,5,3,3.85,15,23,TRUE
Male,Loyal Customer,33,Business Travel,Business,1740,3,3,3,3,5,5,5,5,3,2,4,5,5,3.92,6,0,TRUE
Female,Loyal Customer,39,Business Travel,Business,1379,2,2,1,2,5,4,5,5,5,5,5,5,5,3.92,29,0,TRUE
Female,Loyal Customer,33,Personal Travel,Eco,1249,3,1,3,3,5,3,5,5,2,4,1,3,5,3.31,15,15,FALSE
Male,Loyal Customer,59,Business Travel,Business,3163,2,2,2,2,3,4,3,2,2,2,2,4,4,2.62,2,0,FALSE
Male,Disloyal Customer,22,Business Travel,Eco,909,4,4,4,3,2,4,2,2,1,5,3,2,2,2.92,52,45,FALSE
Female,Disloyal Customer,33,Business Travel,Eco,356,2,4,2,3,4,2,4,4,2,5,3,2,4,3.15,40,35,FALSE
Female,Loyal Customer,30,Personal Travel,Business,329,2,5,2,2,1,2,1,1,3,1,1,3,1,1.92,0,0,FALSE
Male,Loyal Customer,11,Personal Travel,Eco,321,2,3,5,4,2,5,2,2,3,2,4,3,2,3,33,13,FALSE
Female,Loyal Customer,26,Personal Travel,Eco,446,3,1,3,2,3,3,3,3,4,2,2,2,3,2.62,17,1,FALSE
Female,Disloyal Customer,20,Business Travel,Eco,569,3,4,3,4,5,3,5,5,5,5,4,3,5,4.15,31,30,FALSE
Female,Loyal Customer,30,Business Travel,Business,1924,4,4,4,4,3,4,3,3,5,5,1,5,3,3.69,0,0,TRUE
Female,Loyal Customer,34,Business Travel,Business,1849,4,5,5,5,2,4,4,4,4,4,4,2,2,3.77,0,8,FALSE
Female,Loyal Customer,15,Business Travel,Business,1696,2,1,2,2,3,4,3,3,3,4,4,3,3,2.85,0,0,TRUE
Male,Loyal Customer,54,Business Travel,Business,1605,2,2,2,2,4,5,5,5,5,5,5,5,4,3.92,89,76,TRUE
Male,Loyal Customer,24,Business Travel,Business,337,1,1,1,1,4,5,4,4,3,3,4,5,4,3.08,0,8,TRUE
Female,Loyal Customer,9,Personal Travel,Business,781,1,5,1,3,3,1,3,3,3,3,4,4,3,2.85,78,82,FALSE
Male,Loyal Customer,7,Personal Travel,Eco,528,2,2,2,3,2,2,2,2,3,4,3,3,2,2.46,0,0,FALSE
Male,Loyal Customer,52,Personal Travel,Business,707,2,4,1,3,3,5,4,4,4,1,4,4,3,3.23,0,0,FALSE
Male,Loyal Customer,60,Business Travel,Business,950,2,2,1,2,5,5,5,5,5,5,5,5,5,4,0,17,TRUE
Male,Loyal Customer,41,Business Travel,Business,1872,4,4,4,4,1,5,2,4,4,4,4,3,1,3.38,30,17,TRUE
Female,Loyal Customer,28,Personal Travel,Eco,1400,1,4,1,2,1,1,5,1,3,3,3,3,1,2.23,0,0,FALSE
Male,Loyal Customer,57,Business Travel,Business,3150,5,5,5,5,2,4,4,4,4,4,4,3,4,4.08,0,0,TRUE
Male,Loyal Customer,35,Business Travel,Eco Plus,1014,2,3,3,3,2,2,2,2,4,4,3,2,2,2.62,4,16,FALSE
Male,Loyal Customer,55,Personal Travel,Eco Plus,325,4,4,4,4,4,2,2,5,3,3,5,2,2,3.38,168,160,FALSE
Female,Loyal Customer,39,Personal Travel,Eco,419,2,3,2,3,2,2,2,2,5,4,4,4,2,2.85,0,0,FALSE
Female,Disloyal Customer,18,Business Travel,Business,931,0,0,0,2,1,0,3,1,4,2,5,3,1,1.69,0,9,TRUE
Male,Loyal Customer,68,Business Travel,Eco Plus,190,3,3,3,3,3,3,3,3,2,3,4,3,3,3,0,10,FALSE
Male,Loyal Customer,54,Personal Travel,Eco,1744,4,1,4,4,2,4,2,2,1,2,4,1,2,2.54,20,7,FALSE
Female,Disloyal Customer,30,Business Travel,Eco Plus,632,1,1,1,3,3,1,3,3,4,3,3,1,3,2.31,1,0,FALSE
Female,Loyal Customer,34,Business Travel,Business,2065,2,3,3,3,1,2,3,2,2,2,2,1,2,2.15,0,0,FALSE
Male,Loyal Customer,57,Business Travel,Business,577,4,4,5,4,2,4,5,5,5,5,5,4,4,4.31,0,0,TRUE
Female,Loyal Customer,39,Business Travel,Business,2486,1,1,1,1,5,5,5,4,4,4,4,4,5,3.38,0,0,TRUE
Male,Loyal Customer,50,Personal Travel,Eco,1068,3,5,3,3,3,3,3,3,5,5,5,3,3,3.62,0,0,FALSE
Male,Disloyal Customer,37,Business Travel,Eco,775,2,1,1,1,4,1,4,4,2,3,3,2,4,2.46,0,4,FALSE
Male,Loyal Customer,51,Personal Travel,Eco,667,1,3,2,3,5,2,5,5,4,5,4,4,5,3.69,0,1,FALSE
Male,Loyal Customer,63,Personal Travel,Eco Plus,240,0,5,0,3,1,0,1,1,3,1,2,1,1,1.46,0,0,TRUE
Female,Disloyal Customer,26,Business Travel,Eco,569,3,0,3,2,5,3,5,5,1,4,4,2,5,3.23,0,0,FALSE
Male,Loyal Customer,43,Business Travel,Eco,447,4,1,1,1,4,4,4,3,2,4,3,4,4,3,263,283,FALSE
Male,Loyal Customer,54,Personal Travel,Eco,140,4,3,4,1,4,4,4,4,3,3,3,1,4,3.23,0,0,TRUE
Male,Loyal Customer,48,Business Travel,Business,521,3,3,3,3,2,5,4,4,4,4,4,4,5,3.69,0,0,TRUE
Female,Loyal Customer,39,Business Travel,Business,3987,1,5,5,5,3,3,4,1,1,1,1,1,3,2.62,0,0,FALSE
Female,Loyal Customer,24,Business Travel,Eco Plus,965,5,3,3,3,5,5,5,5,3,1,1,1,5,3.46,19,5,TRUE
Female,Loyal Customer,59,Business Travel,Eco,160,2,1,1,1,1,3,3,2,2,2,2,3,2,1.92,0,0,FALSE
Female,Loyal Customer,62,Business Travel,Eco,471,3,4,4,4,1,3,2,3,3,3,3,4,4,3.15,26,34,FALSE
Female,Loyal Customer,42,Business Travel,Business,2250,5,5,5,5,5,4,4,4,4,4,4,5,4,4.46,39,35,TRUE
Male,Loyal Customer,42,Personal Travel,Eco,287,3,5,3,3,3,3,3,3,2,2,4,2,3,3,0,0,FALSE
Male,Loyal Customer,67,Personal Travel,Eco,1372,3,4,3,1,5,3,5,5,4,4,5,4,5,3.92,9,0,FALSE
Female,Loyal Customer,40,Business Travel,Business,2735,4,4,4,4,2,4,2,5,5,5,5,3,3,3.85,0,0,TRUE
Male,Loyal Customer,52,Business Travel,Eco,227,2,3,3,3,2,2,2,2,3,2,2,3,2,2.38,0,0,FALSE
Male,Loyal Customer,31,Business Travel,Business,1888,4,4,4,4,4,4,4,4,5,1,3,4,4,3.77,37,26,TRUE
Male,Loyal Customer,61,Personal Travel,Eco,163,2,5,2,3,2,2,4,2,3,4,3,1,2,2.69,0,0,FALSE
Female,Loyal Customer,37,Business Travel,Business,1994,2,2,2,2,2,5,4,4,4,4,4,4,4,3.31,0,0,TRUE
Male,Loyal Customer,41,Personal Travel,Eco,308,4,4,4,3,5,4,5,5,3,5,4,5,5,4.31,2,0,FALSE
Male,Loyal Customer,61,Business Travel,Eco Plus,220,4,5,5,5,3,4,3,3,2,1,4,3,3,3.46,0,0,FALSE
Female,Loyal Customer,19,Personal Travel,Eco,363,1,1,1,4,1,1,1,1,2,2,4,1,1,1.62,0,0,FALSE
Female,Disloyal Customer,45,Business Travel,Eco,602,2,1,1,2,3,1,1,3,1,5,3,2,3,2.15,34,25,FALSE
Female,Loyal Customer,18,Personal Travel,Eco,919,2,4,2,4,2,2,2,2,5,5,1,5,2,2.92,35,50,FALSE
Male,Loyal Customer,40,Business Travel,Business,1891,5,4,5,5,2,4,5,5,5,5,5,3,3,4.31,37,30,TRUE
Female,Loyal Customer,68,Personal Travel,Eco,913,1,5,1,3,5,1,5,1,1,1,1,3,2,2.31,13,0,FALSE
Male,Loyal Customer,68,Personal Travel,Eco Plus,309,3,5,2,4,3,2,5,3,4,1,3,1,3,3,88,90,FALSE
Male,Loyal Customer,42,Business Travel,Business,179,0,4,0,3,3,4,4,3,3,3,3,4,4,2.92,0,0,TRUE
Female,Loyal Customer,49,Business Travel,Business,3484,1,1,1,1,2,5,5,2,2,2,2,3,3,2.31,0,0,TRUE
Male,Loyal Customer,36,Business Travel,Eco,241,2,3,3,3,2,2,2,2,5,3,5,2,2,2.77,0,3,TRUE
Male,Loyal Customer,55,Personal Travel,Eco,627,4,5,4,2,3,4,3,3,5,3,5,4,3,3.69,0,19,FALSE
Female,Loyal Customer,32,Business Travel,Business,1488,5,5,5,5,4,4,4,4,5,3,4,3,4,4.23,35,39,TRUE
Female,Loyal Customer,61,Personal Travel,Eco,2994,3,4,3,1,3,2,2,5,4,3,5,2,2,3,0,0,FALSE
Female,Loyal Customer,9,Personal Travel,Business,589,2,2,2,4,3,2,3,3,4,5,4,4,3,3.15,0,0,FALSE
Male,Loyal Customer,49,Business Travel,Business,1562,3,5,5,5,5,4,3,3,3,3,3,2,1,3.46,0,5,FALSE
Female,Disloyal Customer,36,Business Travel,Business,1182,3,3,3,4,2,3,1,2,5,5,4,5,2,3.23,0,0,FALSE
Male,Loyal Customer,69,Personal Travel,Eco,328,4,2,4,4,4,4,4,4,2,1,4,3,4,3.38,0,0,FALSE
Female,Loyal Customer,52,Business Travel,Business,2882,1,1,1,1,4,4,4,4,4,4,4,5,4,3.15,39,31,TRUE
Male,Loyal Customer,27,Personal Travel,Eco,1024,3,5,3,3,4,3,4,4,5,3,5,4,4,3.85,21,14,FALSE
Male,Loyal Customer,44,Business Travel,Business,2474,2,2,2,2,3,4,4,4,4,4,4,5,4,3.38,16,8,TRUE
Male,Loyal Customer,55,Personal Travel,Eco Plus,325,3,4,3,3,4,3,4,4,4,4,4,4,4,3.69,0,0,FALSE
Female,Loyal Customer,36,Business Travel,Eco,1107,3,2,4,2,3,3,3,3,1,5,1,3,3,2.77,1,0,TRUE
Female,Loyal Customer,42,Business Travel,Eco,1091,2,4,5,4,2,1,1,4,5,2,2,1,1,2.62,134,124,FALSE
Male,Loyal Customer,27,Personal Travel,Eco,928,4,5,4,1,5,4,5,5,5,3,4,4,5,4.15,0,0,TRUE
Male,Loyal Customer,60,Personal Travel,Eco,304,2,4,2,1,4,2,4,4,5,2,4,3,4,3.15,90,87,FALSE
Female,Loyal Customer,25,Business Travel,Eco,1182,4,5,5,5,4,4,5,4,3,2,5,5,4,4.23,18,11,TRUE
Male,Loyal Customer,38,Personal Travel,Business,628,1,4,1,4,3,4,5,1,1,1,1,4,5,2.69,0,1,FALSE
Male,Loyal Customer,15,Personal Travel,Eco,581,1,4,1,2,4,1,4,4,4,2,4,5,4,3.08,0,0,FALSE
Male,Loyal Customer,36,Business Travel,Business,2651,1,5,5,5,5,3,3,1,1,1,1,4,1,2.77,0,11,FALSE
Male,Loyal Customer,48,Business Travel,Business,354,1,1,1,1,3,4,5,4,4,4,4,3,5,3.08,15,23,TRUE
Female,Loyal Customer,35,Personal Travel,Eco,1608,3,5,3,5,3,3,3,3,5,5,5,3,3,3.77,71,40,FALSE
Male,Loyal Customer,39,Personal Travel,Eco,239,2,4,2,3,4,2,5,4,1,2,4,3,4,3.08,5,13,FALSE
Female,Loyal Customer,25,Personal Travel,Eco Plus,843,3,4,3,5,4,3,4,4,3,4,4,4,4,3.77,0,22,FALSE
Female,Loyal Customer,39,Business Travel,Business,1737,3,3,3,3,5,3,4,4,4,4,4,5,3,3.69,20,4,TRUE
Male,Disloyal Customer,26,Business Travel,Business,946,5,5,5,3,4,5,1,4,4,2,3,5,4,3.85,0,0,TRUE
Female,Loyal Customer,30,Personal Travel,Eco,441,3,4,5,5,2,5,2,2,4,5,4,2,2,3.46,0,0,FALSE
Female,Loyal Customer,36,Personal Travel,Eco,1448,4,4,4,5,1,4,4,1,1,3,3,4,1,3,0,0,FALSE
Female,Loyal Customer,58,Business Travel,Business,1590,3,3,3,3,3,4,4,5,5,5,5,5,3,3.92,15,4,TRUE
Female,Loyal Customer,57,Personal Travel,Eco,763,1,4,1,3,5,1,2,5,5,1,5,4,2,3,0,0,FALSE
Male,Loyal Customer,20,Business Travel,Eco,1437,5,3,3,3,5,5,4,5,4,2,2,2,5,3.69,118,102,TRUE
Female,Loyal Customer,69,Personal Travel,Eco,338,1,5,1,4,2,1,1,4,4,1,4,3,4,2.69,0,0,FALSE
Female,Disloyal Customer,30,Business Travel,Eco Plus,409,2,2,2,5,5,2,5,5,5,5,2,5,5,3.85,0,0,FALSE
Male,Loyal Customer,44,Business Travel,Business,1796,4,4,4,4,2,4,5,5,5,5,5,3,3,4.08,0,0,TRUE
Female,Loyal Customer,53,Business Travel,Business,738,1,1,5,1,3,4,4,5,5,5,5,5,4,3.69,0,0,TRUE
Male,Loyal Customer,41,Business Travel,Eco,407,3,4,4,4,3,4,3,3,4,1,3,3,3,3.23,23,17,FALSE
Female,Loyal Customer,52,Business Travel,Business,1965,1,1,1,1,3,4,5,5,5,5,5,3,5,3.38,0,0,TRUE
Female,Loyal Customer,45,Personal Travel,Eco,759,1,4,1,1,2,5,5,1,1,1,1,3,5,2.38,0,14,FALSE
Male,Loyal Customer,53,Business Travel,Business,622,1,1,1,1,4,4,4,5,4,4,4,4,4,3.15,159,149,TRUE
Male,Loyal Customer,38,Personal Travel,Business,298,1,4,1,3,4,5,5,5,5,1,5,4,3,3.54,0,0,FALSE
Male,Loyal Customer,35,Personal Travel,Eco,235,4,5,4,5,2,4,2,2,4,5,5,4,2,3.69,0,0,FALSE
Male,Loyal Customer,57,Business Travel,Eco,919,5,1,1,1,5,5,5,5,4,3,4,1,5,3.46,0,0,TRUE
Male,Loyal Customer,51,Business Travel,Eco,612,2,2,2,2,1,2,1,1,2,2,4,3,1,1.92,0,0,FALSE
Female,Disloyal Customer,38,Business Travel,Eco,639,2,4,3,3,5,3,5,5,4,5,3,1,5,3.69,28,31,FALSE
Female,Disloyal Customer,26,Business Travel,Business,562,2,4,2,3,2,2,2,2,4,5,4,3,2,2.85,4,0,FALSE
Male,Loyal Customer,68,Personal Travel,Eco,272,4,4,4,3,1,4,3,1,2,2,4,2,1,2.69,0,2,TRUE
Male,Loyal Customer,56,Personal Travel,Eco,547,1,0,1,4,4,1,4,4,3,4,5,5,4,3.08,0,0,FALSE
Female,Loyal Customer,42,Business Travel,Business,2909,3,3,3,3,4,4,5,5,5,5,5,4,4,4.08,1,0,TRUE
Female,Disloyal Customer,24,Business Travel,Eco,282,2,0,2,4,3,2,3,3,4,4,2,4,3,2.77,27,24,FALSE
Female,Disloyal Customer,26,Business Travel,Eco,143,3,3,3,4,5,3,5,5,1,3,3,1,5,3.38,0,0,FALSE
Male,Loyal Customer,14,Personal Travel,Eco Plus,1133,3,3,3,3,3,3,3,3,2,5,2,3,3,3,0,11,FALSE
Male,Loyal Customer,11,Personal Travel,Eco Plus,1014,2,1,2,3,2,2,2,2,2,2,4,1,2,2.08,38,49,FALSE
Female,Disloyal Customer,33,Business Travel,Eco,591,3,3,2,3,3,2,3,3,1,3,3,3,3,2.69,3,23,FALSE
Female,Loyal Customer,39,Business Travel,Business,3922,4,5,4,4,3,5,4,4,4,4,4,4,3,4,4,0,TRUE
Male,Loyal Customer,16,Personal Travel,Eco,1020,5,0,5,3,5,5,5,5,1,4,3,4,5,3.85,7,13,TRUE
Male,Disloyal Customer,30,Business Travel,Business,990,3,3,3,5,1,3,1,1,5,4,4,3,1,2.85,0,0,FALSE
Male,Loyal Customer,56,Business Travel,Business,1608,3,3,3,3,5,3,4,5,5,5,5,3,5,4,0,1,TRUE
Female,Disloyal Customer,45,Business Travel,Business,1180,2,2,2,3,5,2,5,5,5,4,4,5,5,3.77,7,0,FALSE
Female,Disloyal Customer,28,Business Travel,Eco,1027,2,3,3,4,2,1,1,2,1,5,5,1,1,2.38,125,146,FALSE
Male,Loyal Customer,26,Business Travel,Business,2399,2,2,2,2,4,4,4,4,3,4,4,4,4,3.31,55,80,TRUE
Female,Loyal Customer,40,Business Travel,Eco,1021,4,5,5,5,4,4,4,4,2,5,2,1,4,3.77,0,0,TRUE
Female,Loyal Customer,27,Business Travel,Eco,1999,3,5,4,5,3,3,3,3,3,3,2,2,3,3.23,55,70,FALSE
Male,Disloyal Customer,29,Business Travel,Business,2176,4,4,4,3,5,4,5,5,3,4,5,4,5,4.23,36,29,TRUE
Female,Loyal Customer,68,Business Travel,Eco,1052,5,2,2,2,3,1,3,5,5,5,5,1,5,3.38,0,0,TRUE
Male,Loyal Customer,35,Business Travel,Eco,825,4,1,3,1,4,3,4,4,3,1,3,1,4,2.77,0,0,FALSE
Female,Loyal Customer,50,Business Travel,Business,2131,1,1,5,1,5,4,5,2,2,2,2,5,3,2.92,0,6,TRUE
Female,Loyal Customer,48,Business Travel,Business,1237,3,3,3,3,3,3,4,3,3,3,3,2,4,3.08,0,0,FALSE
Female,Loyal Customer,57,Personal Travel,Business,1587,2,4,2,5,5,5,5,4,4,2,4,3,5,3.85,0,13,FALSE
Female,Loyal Customer,52,Business Travel,Business,233,1,1,3,1,5,4,4,5,5,4,5,4,3,3.46,0,0,TRUE
Female,Loyal Customer,43,Business Travel,Business,2498,3,3,3,3,5,4,5,4,4,4,4,5,3,3.85,47,29,TRUE
Male,Loyal Customer,73,Business Travel,Business,3178,4,1,1,1,4,4,3,4,4,4,4,3,4,3.15,0,0,FALSE
Male,Loyal Customer,52,Business Travel,Business,3512,2,2,2,2,3,5,5,4,4,5,4,4,4,3.54,0,0,TRUE
Male,Loyal Customer,60,Business Travel,Business,438,2,1,1,1,4,2,2,2,2,2,2,2,2,1.92,37,48,FALSE
Female,Loyal Customer,15,Personal Travel,Eco,173,2,5,0,4,4,0,4,4,3,2,5,4,4,3.15,0,0,FALSE
Female,Loyal Customer,51,Business Travel,Business,1744,1,1,1,1,2,3,5,4,4,4,4,3,5,2.92,25,15,TRUE
Male,Disloyal Customer,54,Business Travel,Business,1111,3,3,3,5,4,3,4,4,5,2,5,3,4,3.69,31,22,FALSE
Female,Loyal Customer,31,Personal Travel,Business,628,2,4,2,1,4,2,5,4,5,2,5,3,4,3.31,0,6,FALSE
Male,Loyal Customer,12,Personal Travel,Eco,925,0,5,0,3,5,0,5,5,3,3,5,3,5,3.23,13,6,TRUE
Male,Loyal Customer,47,Business Travel,Business,822,3,3,5,3,5,5,5,2,2,2,2,5,3,3.46,14,0,TRUE
Male,Loyal Customer,39,Business Travel,Eco,631,2,5,3,5,2,2,2,2,3,1,3,1,2,2.54,0,0,FALSE
Female,Loyal Customer,39,Business Travel,Business,3694,1,5,5,5,3,4,3,1,1,1,1,1,3,2.62,0,0,FALSE
Female,Loyal Customer,63,Business Travel,Eco,488,3,4,4,4,3,2,2,4,4,3,4,1,4,3.23,30,17,FALSE
Male,Loyal Customer,58,Business Travel,Eco,605,5,4,4,4,5,5,5,5,1,1,1,3,5,3.69,0,0,TRUE
Male,Loyal Customer,65,Personal Travel,Eco,990,3,1,4,4,3,4,3,3,1,2,4,1,3,2.77,6,0,FALSE
Female,Loyal Customer,26,Business Travel,Business,1065,4,4,4,4,3,3,3,3,4,5,4,4,3,3.69,4,0,TRUE
Female,Disloyal Customer,22,Business Travel,Eco,864,4,4,4,4,4,4,4,4,3,5,3,1,4,3.69,0,0,FALSE
Male,Loyal Customer,63,Personal Travel,Eco,588,2,5,2,1,1,2,1,1,5,5,4,4,1,2.62,0,0,FALSE
Female,Disloyal Customer,41,Business Travel,Eco,732,2,2,2,3,2,2,2,2,2,3,4,3,2,2.38,30,40,FALSE
Female,Loyal Customer,33,Business Travel,Eco Plus,896,4,4,4,4,4,3,4,4,1,3,1,4,4,3.38,16,25,FALSE
Male,Disloyal Customer,29,Business Travel,Business,1235,2,2,2,4,4,2,4,4,1,5,3,2,4,3,0,3,FALSE
Female,Loyal Customer,57,Business Travel,Eco,163,3,1,1,1,5,3,4,3,3,3,3,3,4,2.85,0,0,FALSE
Female,Disloyal Customer,33,Business Travel,Business,173,2,2,2,5,2,2,2,2,3,3,5,5,2,2.85,22,28,FALSE
Male,Loyal Customer,58,Personal Travel,Eco,965,1,4,1,3,1,1,1,1,4,5,4,4,1,2.38,0,0,FALSE
Female,Disloyal Customer,27,Business Travel,Business,587,0,0,0,1,3,0,3,3,4,2,5,3,3,2.08,0,0,TRUE
Male,Loyal Customer,43,Business Travel,Business,1850,4,4,4,4,3,5,4,2,2,2,2,4,3,3.31,0,0,TRUE
Male,Loyal Customer,60,Personal Travel,Eco,1008,2,5,2,4,2,5,5,4,2,1,2,5,5,3.38,274,262,FALSE
Female,Loyal Customer,43,Business Travel,Business,458,3,1,1,1,1,3,3,3,3,3,3,3,2,2.31,0,0,FALSE
Female,Loyal Customer,28,Personal Travel,Eco,1773,1,5,0,5,3,0,3,3,4,5,5,4,3,3.15,0,0,FALSE
Female,Loyal Customer,67,Personal Travel,Eco,919,2,3,2,3,5,4,3,3,3,2,4,1,2,2.85,4,5,FALSE
Female,Loyal Customer,52,Business Travel,Business,2046,5,5,5,5,3,4,5,5,5,5,5,5,3,4.62,4,0,TRUE
Female,Loyal Customer,55,Business Travel,Business,3631,2,2,2,2,1,2,1,5,5,5,5,5,5,3.23,0,0,TRUE
Male,Loyal Customer,54,Business Travel,Eco,802,3,1,3,3,3,3,3,3,1,4,4,1,3,2.69,28,28,FALSE
Female,Disloyal Customer,38,Business Travel,Eco,927,2,2,2,1,3,2,3,3,4,1,5,3,3,2.62,0,0,FALSE
Male,Loyal Customer,27,Business Travel,Eco,1504,2,4,4,4,2,2,2,2,4,2,3,2,2,2.69,0,8,FALSE
Female,Disloyal Customer,30,Business Travel,Eco,687,3,3,3,3,3,3,2,3,1,4,1,4,3,2.77,0,0,FALSE
Female,Loyal Customer,47,Business Travel,Business,484,4,4,4,4,4,4,5,5,5,5,5,5,5,4.54,6,1,TRUE
Female,Loyal Customer,58,Business Travel,Business,1825,4,4,4,4,2,5,5,5,5,5,5,3,3,4.15,0,0,TRUE
Female,Disloyal Customer,36,Business Travel,Eco,227,2,3,2,1,2,2,2,2,2,5,4,4,2,2.54,9,0,FALSE
Female,Loyal Customer,40,Business Travel,Business,1744,4,4,4,4,4,3,5,4,4,4,4,4,5,4.08,0,0,TRUE
Male,Disloyal Customer,36,Business Travel,Eco,250,3,5,3,4,3,3,3,3,5,3,2,4,3,3.38,0,0,FALSE
Male,Loyal Customer,50,Personal Travel,Eco,370,1,3,1,4,2,1,5,2,2,2,3,4,2,2.46,0,0,FALSE
Female,Loyal Customer,45,Business Travel,Eco,1075,4,1,5,1,4,4,3,4,4,4,4,4,3,3.46,66,63,FALSE
Male,Loyal Customer,27,Personal Travel,Eco,196,4,5,0,4,5,0,5,5,5,4,4,3,5,3.77,0,0,FALSE
Male,Loyal Customer,29,Business Travel,Business,944,2,5,5,5,2,2,2,2,4,3,3,2,2,3,729,717,FALSE
Male,Loyal Customer,56,Business Travel,Business,236,0,1,1,4,3,5,4,2,2,2,2,3,4,2.54,9,2,TRUE
Male,Loyal Customer,43,Business Travel,Business,1797,1,1,1,1,2,5,5,4,4,4,4,4,5,3.15,28,29,TRUE
Male,Loyal Customer,38,Business Travel,Business,1620,5,5,5,5,1,3,2,4,4,4,3,5,5,3.92,0,0,TRUE
Male,Loyal Customer,57,Business Travel,Business,3220,2,5,5,5,5,3,4,2,2,2,2,2,4,3.31,0,0,FALSE
Female,Loyal Customer,49,Business Travel,Eco Plus,227,4,5,5,5,3,3,3,4,4,4,4,3,3,3.85,22,10,FALSE
Male,Loyal Customer,28,Business Travel,Business,1747,4,4,4,4,4,4,4,4,3,4,3,3,4,3.77,4,0,TRUE
Male,Loyal Customer,56,Personal Travel,Eco,957,1,5,1,3,3,1,3,3,5,2,4,3,3,2.85,4,0,FALSE
Male,Loyal Customer,29,Business Travel,Business,3610,3,2,2,2,3,2,3,3,1,3,2,4,3,2.54,1,6,FALSE
Female,Loyal Customer,8,Personal Travel,Eco,200,5,4,5,1,1,5,1,1,4,5,2,5,1,3.08,0,0,TRUE
Male,Loyal Customer,68,Business Travel,Business,1565,5,5,5,5,5,5,4,3,3,4,3,5,4,4.31,5,0,TRUE
Male,Loyal Customer,42,Business Travel,Business,2475,3,3,3,3,2,4,5,4,4,4,4,5,3,3.62,0,0,TRUE
Female,Loyal Customer,41,Business Travel,Business,3422,5,2,5,5,4,4,4,3,3,4,4,4,5,4,0,0,TRUE
Female,Loyal Customer,47,Business Travel,Business,571,1,2,4,2,4,3,3,1,1,1,1,4,1,2.15,19,13,FALSE
Female,Loyal Customer,43,Personal Travel,Eco,601,2,4,2,3,3,2,5,1,1,2,1,2,1,2.23,15,0,FALSE
Male,Loyal Customer,34,Business Travel,Eco Plus,363,2,1,1,1,2,2,2,2,1,2,3,3,2,1.85,42,47,FALSE
Male,Loyal Customer,62,Business Travel,Eco,139,2,1,1,1,2,2,2,2,3,3,4,3,2,2.15,0,0,FALSE
Female,Loyal Customer,12,Personal Travel,Eco,599,4,3,3,4,5,3,1,5,4,1,4,2,5,3.38,0,0,TRUE
Male,Loyal Customer,30,Business Travel,Business,306,2,4,2,4,2,2,2,2,2,2,3,4,2,2.54,28,28,FALSE
Male,Loyal Customer,43,Business Travel,Business,3676,1,1,1,1,2,5,4,5,5,5,5,4,4,3.31,0,0,TRUE
Male,Loyal Customer,18,Personal Travel,Eco,73,3,1,3,3,4,3,4,4,4,2,3,4,4,3.23,0,0,FALSE
Male,Disloyal Customer,33,Business Travel,Eco,102,3,4,2,5,1,2,1,1,1,4,5,4,1,2.62,0,1,FALSE
Male,Loyal Customer,31,Business Travel,Business,2950,3,3,3,3,3,4,3,3,4,2,4,5,3,3.31,3,0,TRUE
Male,Loyal Customer,41,Business Travel,Business,3758,3,3,4,3,5,5,4,4,4,4,4,4,3,3.85,14,3,TRUE
Male,Disloyal Customer,85,Business Travel,Business,1187,3,3,3,4,3,5,5,3,4,3,3,5,5,3.77,0,7,FALSE
Male,Loyal Customer,46,Business Travel,Business,455,2,2,2,2,1,4,5,5,5,5,5,3,2,3.31,0,0,TRUE
Male,Loyal Customer,46,Personal Travel,Eco,901,2,5,2,2,1,2,1,1,2,3,1,2,1,1.92,25,13,FALSE
Female,Loyal Customer,12,Personal Travel,Eco Plus,651,2,4,2,1,4,2,4,4,3,3,3,5,4,3.15,113,94,FALSE
Male,Loyal Customer,32,Business Travel,Business,2095,1,1,1,1,5,5,5,5,3,3,4,4,5,3.31,1,0,TRUE
Male,Loyal Customer,25,Business Travel,Business,173,0,5,0,4,1,1,1,1,5,1,5,5,1,2.31,37,30,TRUE
Male,Loyal Customer,27,Personal Travel,Eco,1452,1,5,1,1,3,1,3,3,5,5,1,1,3,2.54,3,0,FALSE
Female,Loyal Customer,29,Personal Travel,Eco,130,2,4,2,2,2,2,2,2,4,3,4,4,2,2.69,22,19,FALSE
Female,Loyal Customer,36,Business Travel,Eco,404,2,4,4,4,2,2,2,2,4,5,4,2,2,3,0,9,FALSE
Female,Loyal Customer,41,Business Travel,Business,1907,2,2,2,2,5,4,4,4,4,4,4,5,4,3.54,0,0,TRUE
Female,Loyal Customer,49,Business Travel,Business,2235,3,3,3,3,3,4,4,4,4,4,4,3,5,3.62,0,0,TRUE
Male,Loyal Customer,36,Business Travel,Business,341,1,5,5,5,3,2,2,1,1,1,1,2,1,2.31,0,0,FALSE
Male,Loyal Customer,64,Business Travel,Business,737,4,4,4,4,2,4,3,4,4,4,4,1,4,3.54,3,6,FALSE
Female,Loyal Customer,50,Personal Travel,Eco,838,2,4,2,3,5,5,4,3,3,2,3,5,3,3.38,0,0,FALSE
Female,Loyal Customer,47,Business Travel,Business,2153,2,5,5,5,2,3,4,2,2,2,2,3,2,3,0,16,FALSE
Female,Loyal Customer,58,Business Travel,Business,961,2,2,4,2,2,5,4,4,4,5,4,4,3,3.46,0,0,TRUE
Female,Loyal Customer,54,Personal Travel,Eco Plus,1107,4,1,4,4,5,3,4,4,4,4,5,1,1,3.38,0,0,TRUE
Female,Loyal Customer,49,Personal Travel,Business,826,3,4,3,5,5,5,4,1,1,3,1,4,4,3.31,24,19,FALSE
Male,Loyal Customer,62,Personal Travel,Eco,373,1,5,1,4,1,1,1,1,4,2,3,3,1,2.15,11,10,FALSE
Female,Loyal Customer,34,Business Travel,Eco,585,3,5,5,5,3,3,3,3,4,5,4,1,3,3.62,21,27,FALSE
Female,Loyal Customer,47,Personal Travel,Eco,1195,1,4,1,3,5,5,4,4,4,1,4,3,4,3.31,0,0,FALSE
Female,Loyal Customer,48,Business Travel,Business,2505,3,2,2,2,5,4,4,3,3,3,3,3,1,2.92,0,0,FALSE
Female,Disloyal Customer,29,Business Travel,Eco,533,2,0,2,4,1,2,1,1,4,3,4,3,1,2.15,3,10,FALSE
Male,Loyal Customer,36,Business Travel,Business,3363,1,2,2,2,2,1,1,1,2,3,4,1,1,1.77,252,245,FALSE
Male,Disloyal Customer,22,Business Travel,Business,189,4,0,3,4,3,3,3,3,4,5,4,4,3,3.31,15,10,TRUE
Female,Loyal Customer,27,Personal Travel,Eco Plus,985,4,5,4,2,2,4,2,2,4,3,4,5,2,3.31,8,9,FALSE
Male,Disloyal Customer,27,Business Travel,Business,362,2,2,2,4,3,2,3,3,5,2,4,5,3,3.08,7,9,FALSE
Male,Loyal Customer,19,Personal Travel,Eco,2248,2,4,2,5,1,2,1,1,3,2,3,5,1,2.46,0,0,FALSE
Female,Loyal Customer,37,Business Travel,Eco Plus,353,4,4,3,4,4,4,4,4,4,5,2,3,4,3.77,7,20,TRUE
Female,Loyal Customer,65,Business Travel,Business,3165,2,1,1,1,2,3,4,2,2,2,2,3,3,2.15,0,0,FALSE
Male,Loyal Customer,24,Personal Travel,Eco,248,1,4,1,4,1,1,1,1,5,3,5,3,1,2.38,1,10,FALSE
Female,Loyal Customer,28,Business Travel,Business,2065,4,4,4,4,4,4,4,4,5,3,4,5,4,4.08,0,0,TRUE
Male,Loyal Customer,47,Business Travel,Business,2422,2,2,2,2,2,5,5,4,4,4,4,4,3,3.31,0,0,TRUE
Male,Loyal Customer,46,Business Travel,Business,2496,2,2,2,2,3,4,3,2,2,2,2,3,2,2.38,0,21,FALSE
Male,Loyal Customer,17,Business Travel,Business,1013,3,3,3,3,3,3,3,3,3,4,5,4,3,3.31,0,0,TRUE
Male,Loyal Customer,55,Business Travel,Business,2252,4,5,5,5,2,4,3,4,4,4,4,1,1,3.54,0,0,FALSE
Female,Loyal Customer,39,Business Travel,Business,1895,3,3,3,3,3,4,5,5,5,5,5,4,3,3.92,9,0,TRUE
Female,Loyal Customer,29,Business Travel,Business,829,1,4,4,4,1,1,1,1,4,1,4,2,1,2.23,0,0,FALSE
Female,Loyal Customer,31,Business Travel,Eco Plus,1189,5,3,2,3,5,5,5,5,2,1,1,3,5,3.46,0,0,TRUE
Male,Disloyal Customer,21,Business Travel,Eco,2370,2,2,2,3,2,5,5,1,3,1,2,5,5,2.92,10,21,FALSE
Male,Loyal Customer,50,Personal Travel,Eco,240,1,5,1,4,4,1,4,4,5,3,5,4,4,3.46,0,0,FALSE
Male,Loyal Customer,38,Business Travel,Eco,405,2,2,4,2,2,2,2,2,3,3,4,4,2,2.62,24,24,FALSE
Male,Loyal Customer,31,Business Travel,Eco,290,2,3,3,3,2,2,2,2,4,4,3,4,2,2.77,0,0,FALSE
Male,Loyal Customer,65,Personal Travel,Business,2486,4,3,4,1,1,1,2,1,1,4,1,3,1,2.08,0,0,FALSE
Male,Loyal Customer,30,Business Travel,Business,2127,4,5,4,4,4,4,4,4,2,2,5,1,4,3.62,0,0,TRUE
Female,Loyal Customer,9,Personal Travel,Eco Plus,393,3,5,2,2,3,2,3,3,5,2,5,4,3,3.23,7,0,FALSE
Female,Loyal Customer,28,Business Travel,Business,762,2,2,2,2,4,4,4,4,3,4,4,3,4,3.23,0,0,TRUE
Female,Disloyal Customer,23,Business Travel,Eco Plus,946,2,0,2,4,5,2,5,5,1,3,1,1,5,2.77,1,9,FALSE
Female,Loyal Customer,37,Personal Travel,Eco,357,3,4,3,1,3,4,4,3,5,4,5,4,4,3.62,217,206,FALSE
Male,Loyal Customer,54,Business Travel,Business,337,0,0,0,2,2,5,4,1,1,1,1,3,3,1.77,24,29,TRUE
Female,Loyal Customer,44,Business Travel,Business,1299,5,5,5,5,4,5,5,5,5,5,5,4,4,4.77,0,0,TRUE
Female,Loyal Customer,42,Business Travel,Business,2632,2,2,2,2,4,4,4,5,5,4,5,4,3,3.54,0,12,TRUE
Female,Loyal Customer,42,Business Travel,Business,2999,2,2,2,2,4,4,4,3,3,3,3,5,5,3.23,106,81,TRUE
Male,Loyal Customer,33,Personal Travel,Eco,802,3,2,3,2,3,3,3,3,2,5,3,1,3,2.77,0,0,FALSE
Male,Loyal Customer,62,Business Travel,Eco,404,3,4,4,4,3,3,3,3,1,2,3,1,3,2.85,92,76,FALSE
Male,Loyal Customer,23,Business Travel,Business,2315,4,3,3,3,4,4,4,4,1,4,3,1,4,3.23,0,0,FALSE
Male,Disloyal Customer,36,Business Travel,Eco,609,3,0,3,2,2,3,2,2,5,2,4,3,2,2.54,0,3,FALSE
Male,Loyal Customer,59,Personal Travel,Eco Plus,361,2,1,2,4,4,2,4,4,3,5,3,2,4,3.08,19,20,FALSE
Male,Disloyal Customer,21,Business Travel,Eco,226,3,0,3,2,3,3,3,3,4,4,5,4,3,3.08,1,0,FALSE
Male,Loyal Customer,33,Personal Travel,Business,480,4,5,3,2,2,3,2,2,1,1,2,4,2,2.54,6,5,FALSE
Male,Loyal Customer,51,Personal Travel,Eco Plus,483,4,4,4,5,3,4,3,3,2,3,3,5,3,3.54,0,0,FALSE
Female,Loyal Customer,64,Personal Travel,Eco Plus,491,2,5,2,4,5,1,3,4,4,2,4,3,5,3.38,9,27,FALSE
Male,Loyal Customer,62,Business Travel,Eco,472,5,4,4,4,5,5,5,5,1,5,3,3,5,4.15,0,2,TRUE
Male,Disloyal Customer,23,Business Travel,Business,307,4,0,4,4,3,4,3,3,5,3,4,5,3,3.46,0,3,TRUE
Female,Loyal Customer,45,Business Travel,Business,925,4,4,4,4,2,4,4,4,4,4,4,5,5,4,9,12,TRUE
Female,Loyal Customer,57,Business Travel,Business,2486,3,3,3,3,5,5,4,4,4,5,4,5,3,3.92,0,0,TRUE
Female,Disloyal Customer,47,Business Travel,Eco,73,1,1,1,3,1,1,1,1,1,2,3,3,1,1.54,0,0,FALSE
Female,Loyal Customer,29,Business Travel,Business,1237,3,3,3,3,4,4,4,4,5,1,4,3,4,3.46,19,8,TRUE
Female,Loyal Customer,23,Business Travel,Business,1740,0,5,0,4,5,5,5,5,4,3,1,3,5,3.46,0,0,TRUE
Female,Loyal Customer,47,Business Travel,Business,137,1,2,4,2,2,4,3,1,1,1,1,4,3,2.23,0,1,FALSE
Male,Loyal Customer,50,Business Travel,Eco Plus,853,5,5,5,5,5,5,5,5,3,4,5,2,5,4.54,0,21,TRUE
Male,Loyal Customer,25,Personal Travel,Eco,372,2,1,2,3,3,2,3,3,3,4,3,2,3,2.62,0,0,FALSE
Female,Loyal Customer,45,Business Travel,Business,1532,5,5,5,5,2,5,5,4,4,4,4,4,3,4.23,0,0,TRUE
Male,Loyal Customer,28,Business Travel,Business,1547,1,1,1,1,5,5,5,5,4,2,4,4,5,3.31,0,1,TRUE
Female,Disloyal Customer,39,Business Travel,Business,998,2,3,3,4,3,3,3,3,4,1,3,1,3,2.77,0,0,FALSE
Male,Disloyal Customer,67,Personal Travel,Eco,460,2,2,2,3,4,2,4,4,2,4,4,2,4,3,0,0,FALSE
Female,Loyal Customer,56,Business Travel,Business,325,3,3,3,3,3,4,4,5,5,5,5,4,5,4,28,27,TRUE
Male,Loyal Customer,35,Business Travel,Eco,301,5,1,1,1,5,5,5,5,5,1,2,1,5,3.23,0,0,TRUE
Female,Loyal Customer,66,Personal Travel,Eco,1437,1,1,1,3,1,3,3,2,2,1,2,2,1,1.77,53,40,FALSE
Male,Loyal Customer,53,Personal Travel,Eco,647,3,3,3,3,4,3,4,4,1,5,3,4,4,3.38,17,0,FALSE
Female,Loyal Customer,15,Personal Travel,Eco,787,2,5,2,5,2,2,2,2,4,5,5,4,2,3.23,85,80,FALSE
Female,Loyal Customer,40,Business Travel,Business,3517,3,4,3,3,4,5,4,3,3,4,3,4,4,3.62,0,2,TRUE
Male,Loyal Customer,20,Business Travel,Business,501,2,2,2,2,4,4,4,4,1,1,4,4,4,2.92,0,0,TRUE
Female,Loyal Customer,31,Business Travel,Business,719,2,3,5,5,2,2,2,2,2,4,2,4,2,2.85,0,0,FALSE
Male,Disloyal Customer,25,Business Travel,Eco,1075,3,3,3,1,2,3,2,2,2,1,3,5,2,2.46,0,0,FALSE
Female,Loyal Customer,30,Business Travel,Business,299,5,5,3,5,5,5,5,5,4,4,1,5,5,4.38,0,0,TRUE
Female,Disloyal Customer,24,Business Travel,Eco,316,3,1,3,4,3,3,3,3,3,2,3,2,3,2.77,0,0,FALSE
Female,Disloyal Customer,33,Business Travel,Business,569,4,4,4,2,1,4,1,1,4,4,5,4,1,3,9,0,FALSE
Male,Loyal Customer,49,Business Travel,Business,1085,3,3,3,3,4,5,4,5,5,5,5,5,5,4.23,0,0,TRUE
Male,Loyal Customer,32,Personal Travel,Business,2133,2,4,2,5,3,2,3,3,3,3,5,4,3,3.23,130,122,FALSE
Female,Disloyal Customer,30,Business Travel,Eco,1197,2,2,2,4,5,2,5,5,3,1,4,4,5,3.38,0,0,FALSE
Female,Loyal Customer,31,Personal Travel,Eco,163,4,4,4,2,5,4,4,5,5,3,5,5,5,4.23,26,32,FALSE
Male,Loyal Customer,40,Business Travel,Business,449,3,5,5,5,1,4,3,3,3,3,3,2,1,3.15,0,10,FALSE
Male,Loyal Customer,57,Business Travel,Business,670,2,2,2,2,3,4,5,4,4,4,4,3,3,3.23,0,0,TRUE
Female,Loyal Customer,39,Business Travel,Business,2574,3,3,1,3,2,5,4,4,4,4,4,5,3,3.46,1,0,TRUE
Male,Loyal Customer,37,Business Travel,Business,266,3,3,3,3,4,1,1,4,4,4,4,5,4,3.31,59,56,TRUE
Male,Loyal Customer,36,Business Travel,Business,2462,3,1,3,1,4,4,3,3,3,3,3,3,2,2.77,0,13,FALSE
Male,Loyal Customer,26,Personal Travel,Eco,192,3,4,0,4,3,0,5,3,3,4,5,4,3,3.15,0,1,FALSE
Male,Loyal Customer,46,Business Travel,Business,872,5,5,5,5,5,4,4,5,5,5,5,5,4,4.77,0,0,TRUE
Male,Loyal Customer,58,Business Travel,Business,3219,3,3,3,3,3,4,5,3,3,3,3,5,3,3.38,57,43,TRUE
Male,Loyal Customer,46,Business Travel,Eco,1171,3,4,4,4,3,3,3,3,4,2,4,4,3,3.38,0,21,FALSE
Male,Loyal Customer,29,Personal Travel,Eco,762,3,5,3,3,2,3,2,2,5,4,5,5,2,3.38,0,0,FALSE
Male,Loyal Customer,42,Business Travel,Business,296,1,1,3,1,2,5,5,5,5,5,5,3,3,3.38,8,0,TRUE
Male,Loyal Customer,46,Business Travel,Business,1589,5,5,5,5,4,5,4,5,5,5,5,5,4,4.77,86,105,TRUE
Female,Loyal Customer,53,Personal Travel,Eco,106,3,5,3,2,2,2,5,1,1,3,1,3,1,2.46,3,2,FALSE
Female,Loyal Customer,9,Personal Travel,Eco,680,1,1,1,4,4,1,5,4,4,4,4,2,4,3,5,0,FALSE
Female,Loyal Customer,60,Business Travel,Eco,707,1,5,5,5,5,3,3,2,2,1,2,1,3,2.92,0,0,FALSE
Female,Disloyal Customer,21,Business Travel,Business,337,2,3,1,3,4,1,4,4,4,2,3,3,4,2.92,15,31,FALSE
Female,Loyal Customer,23,Business Travel,Business,3832,2,2,2,2,4,4,4,4,5,3,4,4,4,3.38,0,2,TRUE
Female,Loyal Customer,75,Business Travel,Business,427,5,5,5,5,5,3,1,5,5,5,5,2,4,4.23,0,0,TRUE
Female,Loyal Customer,51,Personal Travel,Eco,270,3,3,3,5,1,2,2,1,1,3,1,4,5,2.62,0,0,FALSE
Female,Loyal Customer,54,Business Travel,Business,1815,4,4,4,4,2,5,5,4,4,4,4,3,3,3.85,0,0,TRUE
Male,Loyal Customer,26,Business Travel,Business,1076,5,5,5,5,4,4,4,4,3,3,5,5,4,4.31,56,34,TRUE
Female,Disloyal Customer,20,Business Travel,Eco,259,1,0,1,4,2,1,2,2,2,5,2,4,2,2.15,0,7,FALSE
Female,Loyal Customer,52,Business Travel,Eco Plus,989,4,1,1,1,3,3,5,5,5,4,5,4,4,3.46,0,6,TRUE
Female,Loyal Customer,64,Personal Travel,Eco,641,3,5,3,4,2,5,4,3,3,3,3,3,1,3.23,58,27,FALSE
Male,Loyal Customer,43,Business Travel,Business,794,1,1,1,1,2,4,4,4,4,4,4,5,5,3.08,0,7,TRUE
Male,Loyal Customer,63,Personal Travel,Eco Plus,1076,3,4,3,4,2,3,2,2,3,4,5,4,2,3.15,0,11,FALSE
Female,Disloyal Customer,30,Business Travel,Business,883,1,1,1,3,1,1,1,1,5,5,5,4,1,2.31,15,0,FALSE
Female,Loyal Customer,47,Business Travel,Business,1089,4,4,3,4,3,4,4,4,4,4,4,5,3,3.85,0,0,TRUE
Male,Disloyal Customer,61,Business Travel,Business,214,4,4,4,3,5,4,5,5,3,2,4,4,5,4,0,0,FALSE
Male,Loyal Customer,45,Personal Travel,Eco,912,4,3,3,3,1,3,1,1,3,2,4,2,1,2.38,0,0,TRUE
Female,Loyal Customer,58,Personal Travel,Eco Plus,701,2,5,2,3,2,5,5,4,4,2,4,5,4,3.62,0,0,FALSE
Female,Loyal Customer,35,Business Travel,Business,300,0,0,0,2,3,5,3,1,1,1,1,4,1,1.69,0,0,TRUE
Female,Loyal Customer,54,Business Travel,Eco,562,3,1,5,5,5,3,3,3,3,3,3,3,4,3.38,17,17,FALSE
Male,Loyal Customer,26,Business Travel,Business,3567,2,2,2,2,3,2,3,3,5,5,2,5,3,3,3,0,TRUE
Female,Loyal Customer,39,Business Travel,Business,3405,2,3,3,3,3,4,3,2,2,2,2,4,1,2.62,6,0,FALSE
Female,Loyal Customer,38,Business Travel,Eco,343,1,4,2,2,1,1,1,1,4,4,4,2,1,2.15,0,5,FALSE
Female,Loyal Customer,48,Business Travel,Business,404,3,3,3,3,3,5,4,5,5,5,5,2,2,3.69,0,0,TRUE
Male,Loyal Customer,65,Personal Travel,Eco,226,4,5,4,3,5,4,5,5,4,5,4,3,5,4.31,0,0,FALSE
Male,Loyal Customer,47,Business Travel,Business,1780,0,1,1,3,5,5,5,2,2,2,2,5,3,2.77,0,0,TRUE
Female,Disloyal Customer,33,Business Travel,Eco,1297,2,2,2,2,1,2,1,1,3,4,1,1,1,1.77,10,35,FALSE
Female,Loyal Customer,51,Business Travel,Business,944,2,2,2,2,4,4,4,2,2,2,2,3,4,2.69,5,13,TRUE
Female,Loyal Customer,51,Business Travel,Business,1076,5,5,5,5,5,5,5,5,4,4,5,5,5,4.85,318,301,TRUE
Female,Disloyal Customer,24,Business Travel,Eco,1389,2,2,2,4,1,2,1,1,1,3,4,2,1,2,0,0,FALSE
Male,Disloyal Customer,48,Business Travel,Business,331,5,0,0,3,2,5,2,2,5,4,5,5,2,3.08,0,0,TRUE
Female,Loyal Customer,48,Business Travel,Business,3639,2,2,2,2,3,4,4,5,5,5,5,5,3,3.62,0,0,TRUE
Male,Loyal Customer,57,Business Travel,Business,3699,2,2,2,2,3,4,5,4,4,4,4,3,3,3.23,0,0,TRUE
Female,Disloyal Customer,43,Business Travel,Eco,89,1,5,1,1,1,1,1,1,5,3,4,3,1,2.15,27,30,FALSE
Female,Loyal Customer,41,Business Travel,Business,680,1,1,1,1,3,3,3,1,1,1,1,3,1,1.62,44,36,FALSE
Male,Loyal Customer,39,Business Travel,Eco,338,2,3,5,3,2,2,2,2,4,1,2,1,2,2.38,11,54,FALSE
Male,Loyal Customer,58,Business Travel,Business,2618,2,3,3,3,3,3,3,2,2,2,2,2,3,2.54,24,8,FALSE
Male,Loyal Customer,69,Personal Travel,Eco,237,1,5,0,5,4,0,4,4,5,2,5,4,4,3.31,0,0,FALSE
Female,Loyal Customer,40,Personal Travel,Eco,1514,2,3,2,2,5,2,5,5,3,3,5,4,5,3.54,0,0,FALSE
Female,Loyal Customer,38,Business Travel,Business,472,2,1,1,1,3,3,3,2,2,2,2,1,4,2.08,31,27,FALSE
Male,Disloyal Customer,28,Business Travel,Business,590,1,1,1,5,4,1,4,4,5,2,4,3,4,3,0,0,FALSE
Female,Loyal Customer,42,Personal Travel,Business,1190,3,4,3,2,4,5,5,5,5,3,5,3,5,4,26,29,FALSE
Female,Loyal Customer,57,Business Travel,Business,2600,5,5,5,5,5,5,4,4,4,4,4,3,5,4.46,0,0,TRUE
Female,Loyal Customer,9,Business Travel,Eco,1562,3,3,3,3,3,3,1,3,3,3,4,2,3,2.85,10,0,FALSE
Female,Loyal Customer,37,Personal Travel,Eco,106,4,4,4,2,1,4,2,1,3,3,4,5,1,2.92,0,10,FALSE
Female,Loyal Customer,72,Business Travel,Eco,170,5,2,2,2,3,5,3,5,5,5,5,4,1,3.62,0,0,TRUE
Female,Loyal Customer,36,Business Travel,Business,743,1,1,1,1,3,5,4,2,2,2,2,2,3,2.23,0,0,TRUE
Female,Disloyal Customer,25,Business Travel,Eco,759,2,2,2,3,2,4,4,3,2,4,4,4,4,3.08,168,175,FALSE
Male,Loyal Customer,13,Personal Travel,Eco,781,1,5,1,3,2,1,2,2,4,5,5,3,2,2.77,55,40,FALSE
Male,Loyal Customer,53,Personal Travel,Eco,312,2,1,2,3,5,2,5,5,2,1,3,4,5,3.08,31,43,FALSE
Male,Loyal Customer,38,Business Travel,Business,554,3,3,3,3,2,4,3,5,5,5,5,3,4,3.69,0,0,TRUE
Male,Loyal Customer,35,Personal Travel,Eco,2466,3,5,3,3,5,3,2,5,3,2,3,5,5,3.62,0,0,FALSE
Male,Loyal Customer,54,Personal Travel,Eco,712,2,2,2,3,1,2,1,1,1,3,3,4,1,2,4,0,FALSE
Female,Loyal Customer,49,Business Travel,Business,2586,3,3,3,3,4,4,4,4,5,4,4,4,4,3.77,38,41,TRUE
Male,Loyal Customer,17,Business Travel,Business,3207,2,2,2,2,5,5,5,5,1,2,3,4,5,3.31,0,0,TRUE
Female,Loyal Customer,51,Business Travel,Business,1933,5,5,5,5,5,5,5,5,5,5,5,3,4,4.77,24,26,TRUE
Female,Loyal Customer,47,Business Travel,Business,236,3,3,3,3,4,4,4,5,5,5,5,4,3,3.92,0,0,TRUE
Female,Disloyal Customer,37,Business Travel,Eco,337,3,4,3,4,4,3,4,4,4,5,3,1,4,3.54,0,0,FALSE
Female,Loyal Customer,53,Business Travel,Business,2475,1,4,4,4,3,2,2,1,1,1,1,2,3,2.23,57,34,FALSE
Male,Disloyal Customer,27,Business Travel,Business,926,2,2,2,3,5,2,5,5,3,4,5,4,5,3.62,3,0,FALSE
Male,Loyal Customer,41,Business Travel,Eco,789,4,1,1,1,4,4,4,4,5,5,5,4,4,3.54,0,0,TRUE
Female,Disloyal Customer,41,Business Travel,Business,302,3,3,3,4,2,3,2,2,1,2,4,2,2,2.54,0,0,FALSE
Male,Loyal Customer,48,Personal Travel,Eco,116,2,5,2,1,4,2,4,4,1,4,3,1,4,2.85,0,1,FALSE
Male,Loyal Customer,55,Business Travel,Business,2154,0,0,0,3,2,5,5,4,4,3,3,4,5,2.92,0,0,TRUE
Male,Loyal Customer,44,Business Travel,Business,3736,3,3,3,3,5,3,4,3,3,3,3,4,4,3.38,22,24,FALSE
Male,Disloyal Customer,37,Business Travel,Business,2139,3,3,3,3,4,3,4,4,5,2,4,4,4,3.54,1,0,FALSE
Male,Disloyal Customer,25,Business Travel,Business,404,4,4,5,1,5,2,2,4,5,4,4,2,2,3.38,162,176,FALSE
Male,Loyal Customer,43,Business Travel,Business,1556,3,3,3,3,4,3,4,2,5,4,5,4,4,3.62,140,125,TRUE
Male,Loyal Customer,23,Business Travel,Business,1390,3,3,3,3,5,5,5,5,4,5,4,3,5,4.08,4,17,TRUE
Female,Loyal Customer,21,Business Travel,Business,3461,3,3,3,3,5,5,5,5,4,4,1,2,5,3.69,32,30,TRUE
Female,Loyal Customer,49,Business Travel,Business,631,1,1,4,1,4,5,5,4,4,4,4,3,3,3.31,82,77,TRUE
Female,Disloyal Customer,22,Business Travel,Eco,853,2,2,2,4,3,2,3,3,3,3,5,3,3,2.92,1,0,FALSE
Male,Loyal Customer,42,Business Travel,Eco,1041,4,1,4,4,5,4,5,5,4,1,3,1,5,3.54,75,71,FALSE
Female,Loyal Customer,60,Business Travel,Business,1197,1,1,1,1,2,4,5,4,4,5,4,4,3,3,24,,TRUE
Male,Loyal Customer,45,Business Travel,Business,632,2,2,2,2,3,5,4,5,5,5,5,5,5,3.85,0,0,TRUE
Female,Disloyal Customer,29,Business Travel,Eco,1008,5,5,5,4,3,5,3,3,4,3,3,3,3,3.77,0,0,TRUE
Male,Loyal Customer,54,Personal Travel,Eco,515,5,5,5,2,5,5,5,5,3,3,4,5,5,4.38,8,5,TRUE
Male,Loyal Customer,44,Personal Travel,Eco,1829,3,4,3,3,1,3,1,1,4,2,3,4,1,2.54,0,0,FALSE
Male,Loyal Customer,51,Business Travel,Eco,109,3,1,1,1,3,3,3,3,1,2,4,2,3,2.31,0,0,FALSE
Female,Loyal Customer,26,Business Travel,Business,3530,2,2,2,2,4,4,4,4,5,4,3,1,4,3.15,0,0,TRUE
Male,Loyal Customer,70,Personal Travel,Eco,453,2,4,2,3,2,2,2,2,4,3,5,4,2,2.85,1,0,FALSE
Female,Disloyal Customer,33,Business Travel,Business,2979,2,2,2,1,2,5,5,3,2,5,4,5,5,3.31,4,17,FALSE
Male,Loyal Customer,31,Business Travel,Business,651,2,4,4,4,2,2,2,2,4,3,3,4,2,2.92,0,0,FALSE
Male,Loyal Customer,27,Business Travel,Business,2714,2,2,5,2,4,4,4,4,4,3,2,4,4,3.38,0,0,TRUE
Female,Loyal Customer,67,Personal Travel,Eco,328,2,4,2,5,5,4,4,5,5,2,5,4,3,3.85,0,0,FALSE
Female,Loyal Customer,10,Personal Travel,Eco,836,2,4,3,1,2,3,2,2,5,3,5,3,2,2.85,0,0,FALSE
Female,Loyal Customer,11,Personal Travel,Eco,288,3,4,3,2,4,3,4,4,3,3,5,4,4,3.54,0,0,FALSE
Female,Loyal Customer,48,Business Travel,Eco,190,3,5,5,5,3,2,3,3,3,3,3,1,3,3.23,0,0,FALSE
Male,Loyal Customer,45,Business Travel,Business,1585,5,5,5,5,3,4,5,3,3,4,3,3,5,4.08,9,0,TRUE
Male,Disloyal Customer,48,Business Travel,Eco,967,3,3,3,2,4,3,4,4,3,2,2,2,4,3,12,8,FALSE
Female,Loyal Customer,54,Personal Travel,Eco,550,3,2,3,4,4,3,3,5,5,3,5,4,3,3.62,0,0,FALSE
Male,Disloyal Customer,25,Business Travel,Eco,950,3,3,3,4,3,3,3,3,4,5,3,2,3,3.23,48,35,FALSE
Female,Loyal Customer,59,Business Travel,Business,1719,5,5,5,5,4,4,4,3,3,3,3,5,5,4.15,0,0,TRUE
Male,Loyal Customer,17,Personal Travel,Eco,946,1,3,2,3,3,2,3,3,3,5,3,1,3,2.69,90,83,FALSE
Female,Loyal Customer,50,Business Travel,Business,1727,1,1,1,1,2,4,5,5,5,5,5,3,3,3.15,0,0,TRUE
Female,Loyal Customer,64,Personal Travel,Eco,337,2,5,2,4,2,3,3,4,1,1,5,3,3,2.92,229,231,FALSE
Male,Disloyal Customer,20,Business Travel,Eco,356,2,0,2,5,1,2,1,1,4,4,5,4,1,2.46,0,7,FALSE
Male,Loyal Customer,48,Business Travel,Business,883,1,1,1,1,2,4,4,4,4,4,4,4,4,2.92,85,69,TRUE
Female,Loyal Customer,60,Business Travel,Business,3902,4,2,2,2,3,3,3,4,4,4,4,3,4,3.23,76,70,FALSE
Female,Loyal Customer,24,Business Travel,Business,480,4,4,4,4,4,4,4,4,4,4,4,5,4,4.08,0,0,TRUE
Female,Loyal Customer,45,Personal Travel,Eco,106,2,5,2,3,5,5,4,5,5,2,5,4,3,3.85,5,0,FALSE
Male,Loyal Customer,35,Business Travel,Business,3328,4,5,5,5,3,4,3,1,4,3,4,3,3,3.62,158,160,FALSE
Male,Disloyal Customer,24,Business Travel,Eco,547,3,5,3,3,3,3,3,3,3,5,5,5,3,3.62,1,0,FALSE
Female,Disloyal Customer,23,Business Travel,Business,647,4,0,4,1,4,4,4,4,3,2,5,4,4,3.31,31,36,TRUE
Male,Loyal Customer,37,Business Travel,Business,1833,4,4,4,4,4,5,5,4,4,4,4,3,4,4.08,0,0,TRUE
Female,Loyal Customer,38,Business Travel,Business,1789,3,3,3,3,5,2,2,3,3,3,3,3,4,3.08,0,0,FALSE
Male,Loyal Customer,51,Business Travel,Eco,1074,3,1,1,1,3,3,3,4,1,3,3,3,3,2.46,145,150,FALSE
Female,Loyal Customer,54,Business Travel,Business,436,4,4,4,4,4,4,5,5,5,5,5,3,5,4.38,0,0,TRUE
Female,Disloyal Customer,36,Business Travel,Eco Plus,440,3,3,3,5,1,3,1,1,2,1,2,1,1,2.08,0,0,FALSE
Female,Loyal Customer,33,Business Travel,Business,1965,2,5,2,2,5,4,4,5,5,5,5,5,4,4.08,5,0,TRUE
Male,Loyal Customer,11,Personal Travel,Eco,160,1,5,1,2,3,1,3,3,4,3,4,5,3,2.92,67,68,FALSE
Male,Loyal Customer,59,Business Travel,Business,765,1,1,1,1,4,4,5,5,5,5,5,5,5,3.62,13,8,TRUE
Male,Loyal Customer,55,Business Travel,Business,147,4,4,4,4,4,4,3,4,4,4,4,1,1,3.46,119,124,FALSE
Male,Loyal Customer,9,Personal Travel,Business,594,4,1,4,2,2,4,2,2,2,5,1,3,2,2.62,4,0,TRUE
Female,Loyal Customer,61,Personal Travel,Eco Plus,606,3,5,3,2,3,4,4,1,1,3,2,5,3,3,0,2,FALSE
Female,Loyal Customer,29,Business Travel,Business,604,2,3,3,3,2,2,2,2,2,1,4,2,2,2.31,5,17,FALSE
Female,Disloyal Customer,42,Business Travel,Business,737,1,1,1,5,5,1,5,5,5,3,5,5,5,3.62,0,0,FALSE
Male,Loyal Customer,21,Business Travel,Eco Plus,329,0,5,0,3,4,0,4,4,2,5,5,4,4,3.08,0,0,TRUE
Male,Loyal Customer,57,Personal Travel,Eco,1744,5,1,5,2,1,5,1,1,3,5,2,4,1,2.77,0,0,TRUE
Female,Disloyal Customer,49,Business Travel,Business,265,2,2,2,1,2,5,3,5,2,4,4,3,3,2.92,124,150,FALSE
Female,Loyal Customer,46,Business Travel,Business,328,5,5,3,5,3,4,5,5,5,5,5,3,5,4.46,0,0,TRUE
Female,Loyal Customer,60,Business Travel,Business,3639,2,2,2,2,2,5,5,4,4,4,4,5,5,3.54,6,0,TRUE
Female,Loyal Customer,26,Business Travel,Business,1121,2,2,4,2,5,5,5,5,4,4,4,3,5,3.85,29,26,TRUE
Female,Loyal Customer,57,Personal Travel,Eco Plus,756,4,5,4,2,2,5,4,5,5,4,5,4,3,4,0,0,FALSE
Female,Loyal Customer,9,Business Travel,Business,972,2,1,2,2,3,4,3,3,5,5,4,5,3,3.23,0,0,TRUE
Male,Disloyal Customer,22,Business Travel,Eco,1005,5,4,4,3,1,4,1,1,5,2,4,4,1,3,1,3,TRUE
Male,Loyal Customer,34,Business Travel,Business,2879,3,3,3,3,2,4,4,5,5,5,5,4,5,3.92,0,1,TRUE
Female,Loyal Customer,51,Business Travel,Business,354,3,1,1,1,2,3,4,3,3,2,3,2,2,2.31,0,0,FALSE
Male,Loyal Customer,66,Personal Travel,Eco,605,3,2,2,3,2,2,1,2,3,4,4,2,2,2.46,0,0,FALSE
Male,Loyal Customer,62,Personal Travel,Business,468,3,4,3,5,5,3,2,5,5,3,5,5,2,3.85,0,0,FALSE
Female,Loyal Customer,55,Business Travel,Eco Plus,448,5,4,4,4,2,4,2,5,5,5,5,4,3,4,16,10,TRUE
Female,Loyal Customer,54,Business Travel,Business,3307,1,1,1,1,2,5,4,4,4,4,4,3,5,3,67,62,TRUE
Female,Loyal Customer,24,Business Travel,Business,3682,1,1,1,1,2,2,2,2,4,2,4,3,2,2.08,0,0,TRUE
Female,Loyal Customer,40,Business Travel,Business,3785,4,4,4,4,5,4,4,5,5,5,5,3,4,4.31,17,5,TRUE
Male,Loyal Customer,56,Business Travel,Business,3732,3,3,3,3,4,4,2,5,5,5,5,4,3,3.77,0,0,TRUE
Female,Loyal Customer,36,Personal Travel,Eco,583,3,4,3,5,3,3,3,3,4,4,5,5,3,3.69,0,0,FALSE
Female,Loyal Customer,22,Personal Travel,Eco,628,3,5,3,1,3,3,3,3,2,4,1,3,3,2.85,0,0,FALSE
Male,Loyal Customer,51,Business Travel,Business,431,1,1,1,1,2,4,4,4,4,4,4,4,5,3,0,1,TRUE
Male,Loyal Customer,59,Personal Travel,Eco,1024,3,5,3,3,4,3,4,4,5,3,4,5,4,3.85,0,0,FALSE
Female,Loyal Customer,26,Business Travel,Business,683,2,2,2,2,5,5,5,5,5,4,5,4,5,3.92,0,0,TRUE
Male,Loyal Customer,60,Business Travel,Business,338,5,5,5,5,3,4,5,5,5,5,5,3,4,4.54,24,16,TRUE
Male,Loyal Customer,46,Business Travel,Eco,1250,3,1,1,1,3,3,3,3,1,3,3,1,3,2.23,11,9,FALSE
Female,Disloyal Customer,25,Business Travel,Eco,542,5,0,5,4,1,5,1,1,5,4,5,5,1,3.23,25,18,TRUE
Female,Loyal Customer,48,Business Travel,Eco,429,5,4,4,4,5,5,2,5,5,5,5,2,5,4.31,2,1,TRUE
Male,Loyal Customer,23,Personal Travel,Eco,305,2,5,2,4,3,2,1,3,4,5,5,4,3,3.31,4,8,FALSE
Male,Loyal Customer,16,Personal Travel,Eco,562,3,5,4,3,1,4,1,1,3,3,4,4,1,2.85,29,30,FALSE
Male,Loyal Customer,30,Business Travel,Eco Plus,852,2,4,4,4,2,2,2,1,3,3,4,2,2,2.69,139,152,FALSE
Female,Loyal Customer,22,Business Travel,Eco,679,0,4,0,3,4,0,4,4,3,3,5,3,4,2.85,0,22,TRUE
Female,Loyal Customer,7,Personal Travel,Eco,696,2,5,2,3,4,2,4,4,3,4,5,4,4,3.54,0,0,FALSE
Male,Disloyal Customer,25,Business Travel,Business,370,3,0,3,3,2,3,2,2,5,5,5,4,2,3,0,1,FALSE
Male,Disloyal Customer,25,Business Travel,Eco,1771,3,3,3,4,3,3,3,3,4,5,3,4,3,3.38,0,0,FALSE
Female,Loyal Customer,39,Business Travel,Eco,406,4,5,3,5,4,4,4,4,3,1,2,4,4,3.62,23,57,FALSE
Female,Loyal Customer,30,Business Travel,Business,2873,3,2,3,3,3,3,3,3,3,4,2,1,3,2.77,42,84,FALSE
Male,Disloyal Customer,38,Business Travel,Business,204,5,5,5,1,5,5,1,5,5,2,4,3,5,3.92,3,12,TRUE
Female,Loyal Customer,11,Business Travel,Business,666,2,2,3,3,2,2,2,2,4,4,4,2,2,2.62,1,9,FALSE
Female,Disloyal Customer,31,Business Travel,Eco,925,3,3,3,3,1,3,1,1,2,3,3,4,1,2.38,16,5,FALSE
Male,Loyal Customer,26,Personal Travel,Eco,826,2,5,2,4,5,2,2,5,4,4,4,4,5,3.69,11,48,FALSE
Male,Loyal Customer,66,Personal Travel,Eco,350,2,4,2,1,1,2,1,1,5,4,4,4,1,2.46,0,0,FALSE
Female,Loyal Customer,50,Business Travel,Business,3467,4,2,2,2,5,3,3,4,4,3,4,1,3,3.08,65,67,FALSE
Female,Loyal Customer,48,Business Travel,Eco,2288,4,5,5,5,4,2,3,3,3,4,3,3,4,3.69,0,0,FALSE
Male,Loyal Customer,23,Business Travel,Business,2004,2,3,3,3,2,2,2,2,4,5,4,4,2,2.92,52,46,FALSE
Male,Loyal Customer,51,Business Travel,Business,1605,4,4,4,4,2,5,4,5,5,4,5,5,5,4.31,0,0,TRUE
Male,Loyal Customer,48,Business Travel,Business,517,4,4,4,4,4,4,4,3,2,4,5,4,4,3.85,216,224,TRUE
Male,Loyal Customer,37,Business Travel,Business,606,3,3,3,3,5,5,5,5,2,5,4,5,5,4.08,158,169,TRUE
Female,Disloyal Customer,38,Business Travel,Eco,328,1,0,0,5,4,0,4,4,2,1,2,5,4,2.46,12,4,FALSE
Male,Disloyal Customer,36,Business Travel,Business,1180,4,4,4,2,2,4,5,2,3,5,5,5,2,3.62,0,0,FALSE
Female,Loyal Customer,42,Business Travel,Business,459,1,1,1,1,5,4,5,5,5,5,5,4,3,3.46,27,22,TRUE
Female,Loyal Customer,40,Business Travel,Business,296,3,3,3,3,5,5,4,4,4,4,4,3,5,3.85,0,0,TRUE
Male,Loyal Customer,40,Business Travel,Eco,589,4,2,2,2,4,4,4,4,2,2,4,2,4,3.08,0,0,TRUE
Male,Loyal Customer,50,Business Travel,Business,1849,4,4,1,4,3,5,4,4,4,4,4,4,3,3.69,18,24,TRUE
Female,Loyal Customer,60,Business Travel,Business,3644,3,3,3,3,4,4,5,5,5,5,5,4,3,4,0,0,TRUE
Female,Loyal Customer,42,Business Travel,Business,3202,2,3,3,3,5,2,2,1,1,1,2,3,3,2.38,1,0,FALSE
Male,Loyal Customer,42,Business Travel,Business,2100,3,3,3,3,4,5,5,4,4,4,4,4,5,3.92,0,0,TRUE
Male,Disloyal Customer,16,Business Travel,Eco,255,3,2,3,2,4,3,4,4,1,3,2,3,4,2.92,34,24,FALSE
Male,Loyal Customer,65,Personal Travel,Eco,86,4,5,4,5,4,4,4,4,2,1,4,4,4,3.77,0,0,FALSE
Female,Loyal Customer,20,Business Travel,Business,3948,3,3,3,3,4,4,4,4,3,1,3,2,4,3.15,0,0,TRUE
Female,Loyal Customer,55,Business Travel,Eco,1041,2,5,5,5,1,3,4,2,2,2,2,3,2,2.92,48,79,FALSE
Female,Loyal Customer,54,Business Travel,Eco,198,5,1,1,1,1,1,2,5,5,5,5,4,1,2.85,0,0,TRUE
Male,Loyal Customer,9,Business Travel,Business,2288,4,4,4,4,4,4,4,4,5,3,3,4,4,3.92,0,0,TRUE
Male,Loyal Customer,11,Personal Travel,Eco Plus,866,2,5,2,3,5,2,5,5,1,3,3,5,5,3.54,0,0,FALSE
Female,Loyal Customer,41,Business Travel,Business,1640,2,2,2,2,4,5,5,4,4,4,4,4,3,3.46,11,0,TRUE
Male,Loyal Customer,55,Business Travel,Business,651,4,4,4,4,2,5,4,4,4,4,4,3,3,3.77,0,2,TRUE
Male,Loyal Customer,40,Business Travel,Business,2995,1,1,1,1,3,4,4,5,5,5,5,4,3,3.23,0,2,TRUE
Female,Loyal Customer,26,Business Travel,Business,1771,4,2,5,2,4,3,4,4,2,1,3,4,4,3.23,0,6,FALSE
Female,Loyal Customer,49,Personal Travel,Eco,447,4,4,4,3,1,3,3,4,4,4,4,4,5,3.62,0,0,TRUE
Male,Loyal Customer,47,Business Travel,Business,351,2,2,2,2,2,4,5,4,4,4,4,5,3,3.31,10,6,TRUE
Male,Loyal Customer,57,Business Travel,Business,283,4,4,4,4,2,4,5,5,5,5,5,3,5,4.23,0,0,TRUE
Female,Loyal Customer,47,Business Travel,Business,3766,3,2,2,2,1,4,3,4,4,4,3,3,3,2.92,0,0,FALSE
Female,Loyal Customer,39,Business Travel,Business,3805,4,4,4,4,1,4,5,4,4,4,4,5,5,4,0,0,TRUE
Male,Loyal Customer,42,Business Travel,Business,2326,4,4,4,4,3,4,5,4,4,4,4,5,4,4.08,81,72,TRUE
Female,Loyal Customer,44,Business Travel,Business,3580,5,5,5,5,2,4,4,5,5,4,5,3,5,4.38,6,7,TRUE
Female,Loyal Customer,35,Business Travel,Business,3001,1,1,1,1,5,5,4,5,5,5,5,4,4,3.54,0,0,TRUE
Male,Disloyal Customer,34,Business Travel,Business,1788,4,4,4,5,5,4,5,5,5,3,5,5,5,4.54,0,0,FALSE
Female,Disloyal Customer,26,Business Travel,Eco,1121,3,4,4,3,1,4,1,1,4,3,1,5,1,2.69,0,0,FALSE
Female,Loyal Customer,40,Business Travel,Eco,1825,4,1,1,1,4,4,4,4,3,5,4,1,4,3.08,4,0,TRUE
Female,Disloyal Customer,36,Business Travel,Business,1204,1,1,1,3,1,1,1,1,4,5,4,4,1,2.15,21,16,FALSE
Female,Loyal Customer,17,Business Travel,Business,1592,3,3,3,3,3,3,3,3,2,4,4,1,3,2.92,0,0,FALSE
Female,Loyal Customer,37,Business Travel,Business,447,5,5,5,5,2,5,5,4,4,4,4,4,5,4.38,0,5,TRUE
Male,Loyal Customer,26,Personal Travel,Eco,607,3,4,3,4,2,3,2,2,3,5,5,4,2,3.23,60,78,FALSE
Female,Loyal Customer,28,Business Travel,Eco,991,0,0,0,3,2,0,2,2,4,4,4,2,2,1.92,0,28,TRUE
Female,Disloyal Customer,44,Business Travel,Eco,266,4,2,4,3,4,4,4,4,2,4,3,2,4,3.38,0,0,TRUE
Female,Loyal Customer,59,Business Travel,Eco,407,3,4,4,4,4,2,2,3,3,3,3,1,1,2.85,0,0,FALSE
Male,Disloyal Customer,39,Business Travel,Business,363,2,2,2,4,1,2,1,1,3,5,4,4,1,2.46,4,0,FALSE
Female,Loyal Customer,60,Business Travel,Business,1145,5,5,5,5,5,5,5,5,5,5,5,4,5,4.92,73,73,TRUE
Male,Loyal Customer,60,Personal Travel,Eco Plus,967,1,4,1,4,2,1,2,2,2,4,4,3,2,2.46,0,0,FALSE
Male,Disloyal Customer,33,Business Travel,Eco,571,2,3,2,4,4,2,4,4,3,1,3,4,4,3.08,10,3,FALSE
Female,Loyal Customer,49,Business Travel,Business,264,3,3,3,3,3,4,5,5,5,5,5,5,4,4.08,0,0,TRUE
Female,Loyal Customer,38,Personal Travel,Eco,140,0,2,0,2,2,0,3,2,1,1,1,2,2,1.38,6,0,TRUE
Female,Disloyal Customer,30,Business Travel,Eco,2586,2,2,2,4,2,4,4,1,3,3,4,4,4,3,0,0,FALSE
Male,Loyal Customer,33,Business Travel,Business,671,3,3,3,3,5,5,5,5,2,5,3,4,5,3.92,0,0,TRUE
Male,Loyal Customer,44,Personal Travel,Eco Plus,649,2,3,2,1,1,2,1,1,2,3,3,1,1,1.77,63,51,FALSE
Male,Loyal Customer,41,Personal Travel,Eco,2586,2,5,2,2,2,1,1,1,3,5,4,1,1,2.31,17,0,FALSE
Male,Loyal Customer,43,Business Travel,Business,552,3,3,3,3,3,4,5,4,4,4,4,3,3,3.54,0,5,TRUE
Male,Loyal Customer,39,Business Travel,Eco,194,5,2,2,2,5,5,5,5,2,3,5,2,5,3.69,6,0,TRUE
Female,Loyal Customer,39,Business Travel,Eco,228,3,5,5,5,3,3,3,3,3,2,4,1,3,3.31,3,0,TRUE
Male,Loyal Customer,37,Business Travel,Business,2625,4,4,4,4,5,4,5,5,5,5,5,4,4,4.46,2,0,TRUE
Female,Loyal Customer,34,Business Travel,Business,2075,2,1,1,1,1,2,4,2,2,2,2,3,2,1.92,80,81,FALSE
Male,Loyal Customer,35,Personal Travel,Eco,1947,4,5,4,3,1,4,1,1,5,2,4,4,1,3,2,0,TRUE
Male,Disloyal Customer,37,Business Travel,Eco,127,3,4,3,3,5,3,5,5,3,3,5,3,5,3.85,0,0,FALSE
Female,Loyal Customer,58,Business Travel,Business,3685,0,1,1,4,4,4,5,1,1,1,1,3,5,2.38,89,85,TRUE
Female,Loyal Customer,40,Business Travel,Business,447,3,3,3,3,4,5,4,4,4,4,4,5,4,3.85,0,0,TRUE
Male,Disloyal Customer,29,Business Travel,Business,822,4,4,4,2,5,4,5,5,4,3,5,3,5,4.08,11,11,TRUE
Male,Loyal Customer,50,Personal Travel,Eco,770,3,5,3,4,4,3,5,4,5,4,4,3,4,3.92,0,0,FALSE
Female,Loyal Customer,52,Business Travel,Business,1778,2,2,2,2,2,5,4,5,5,5,5,5,3,3.62,25,26,TRUE
Female,Loyal Customer,40,Business Travel,Business,528,2,2,2,2,4,4,4,5,5,5,5,5,3,3.69,0,0,TRUE
Male,Loyal Customer,36,Business Travel,Eco,859,3,1,1,1,3,3,3,3,1,2,3,3,3,2.31,57,67,FALSE
Male,Loyal Customer,48,Business Travel,Business,2349,5,5,5,5,5,5,5,5,5,5,5,3,3,4.69,0,0,TRUE
Male,Loyal Customer,42,Business Travel,Business,649,5,5,5,5,4,5,4,3,3,4,3,4,5,4.23,6,10,TRUE
Female,Loyal Customer,31,Business Travel,Business,3912,4,2,5,2,4,4,4,4,1,2,3,2,4,3.15,43,32,FALSE
Female,Loyal Customer,57,Business Travel,Business,2043,2,2,2,2,5,5,4,5,5,5,5,3,4,3.77,31,17,TRUE
Male,Loyal Customer,49,Personal Travel,Eco,229,2,5,2,2,2,2,2,2,5,3,5,4,2,2.92,0,8,FALSE
Male,Loyal Customer,45,Personal Travel,Eco,409,2,2,2,3,4,2,4,4,3,4,4,3,4,3.15,1,0,FALSE
Female,Disloyal Customer,38,Business Travel,Eco,598,0,0,0,1,3,0,1,3,3,3,5,3,3,1.92,0,0,TRUE
Male,Loyal Customer,44,Personal Travel,Eco,476,3,2,3,4,3,3,3,3,1,3,3,4,3,2.92,112,114,FALSE
Female,Disloyal Customer,62,Business Travel,Business,337,2,1,1,4,3,2,3,3,4,3,4,5,3,2.92,0,0,TRUE
Female,Loyal Customer,52,Business Travel,Business,590,5,5,3,5,3,5,5,5,5,5,5,3,4,4.46,0,0,TRUE
Male,Loyal Customer,62,Personal Travel,Eco,631,3,4,3,5,5,3,5,5,4,4,3,5,5,4.15,0,0,FALSE
Male,Loyal Customer,50,Business Travel,Business,2211,1,1,1,1,5,4,5,5,5,5,5,4,3,3.46,0,0,TRUE
Male,Loyal Customer,50,Personal Travel,Eco,946,1,1,1,3,3,1,3,3,1,4,4,3,3,2.38,0,0,FALSE
Female,Loyal Customer,49,Business Travel,Business,644,3,3,3,3,3,5,5,5,5,5,5,3,5,4.08,26,12,TRUE
Female,Disloyal Customer,25,Business Travel,Business,551,2,4,2,1,1,2,1,1,4,3,5,5,1,2.46,5,8,FALSE
Male,Loyal Customer,67,Personal Travel,Eco,853,2,5,3,5,2,3,2,2,3,4,4,3,2,3.08,0,14,FALSE
Male,Loyal Customer,55,Business Travel,Business,502,4,4,4,4,4,4,4,5,5,5,5,3,3,4.15,0,0,TRUE
Male,Loyal Customer,27,Business Travel,Business,749,5,1,5,5,4,4,4,4,3,4,5,4,4,4,0,0,TRUE
Male,Loyal Customer,43,Personal Travel,Eco,978,3,5,3,3,2,3,3,2,4,2,4,5,2,3.15,0,0,FALSE
Male,Disloyal Customer,17,Business Travel,Eco,1411,3,3,3,4,4,3,4,4,5,5,3,1,4,3.54,0,0,FALSE
Female,Loyal Customer,57,Personal Travel,Eco,209,2,1,2,2,1,3,3,5,5,2,5,4,1,2.77,0,0,FALSE
Female,Loyal Customer,59,Business Travel,Business,164,0,4,0,4,5,5,5,4,4,4,4,4,4,3.62,0,0,TRUE
Male,Loyal Customer,35,Business Travel,Business,200,1,1,1,1,5,3,1,5,5,5,5,3,2,2.92,0,0,TRUE
Male,Loyal Customer,46,Business Travel,Business,289,3,3,3,3,5,4,3,5,5,5,5,4,1,3.77,0,3,TRUE
Female,Loyal Customer,23,Business Travel,Business,3530,3,3,3,3,4,4,4,4,2,2,1,3,4,3.08,0,0,TRUE
Male,Loyal Customer,49,Business Travel,Business,1722,2,2,2,2,3,4,5,5,5,5,5,4,4,3.69,0,4,TRUE
Male,Loyal Customer,47,Personal Travel,Eco,1183,4,1,4,4,4,4,4,2,3,3,3,4,4,3.38,158,148,FALSE
Male,Loyal Customer,55,Business Travel,Eco Plus,862,4,3,3,3,4,4,4,4,2,4,4,1,4,3.38,3,0,FALSE
Female,Loyal Customer,12,Personal Travel,Eco,191,2,3,2,3,2,2,2,2,4,2,1,3,2,2.31,1,8,FALSE
Female,Loyal Customer,47,Business Travel,Business,3016,3,3,3,3,3,5,4,4,4,4,4,3,4,3.62,0,0,TRUE
Male,Loyal Customer,51,Business Travel,Eco,585,4,1,1,1,4,4,4,4,2,3,2,4,4,2.92,0,0,TRUE
Male,Loyal Customer,30,Business Travel,Business,2640,3,3,3,3,3,3,3,3,5,2,4,3,3,3.15,0,10,FALSE
Female,Loyal Customer,25,Business Travel,Business,1856,4,4,4,4,4,4,5,4,3,2,4,4,4,3.85,32,18,TRUE
Male,Loyal Customer,37,Business Travel,Eco,546,3,2,2,2,3,3,3,3,3,2,4,1,3,2.62,0,0,FALSE
Female,Loyal Customer,34,Business Travel,Business,604,1,1,1,1,4,4,5,4,4,4,4,4,3,3.08,0,0,TRUE
Female,Loyal Customer,30,Business Travel,Business,2421,2,2,2,2,4,4,4,4,4,1,4,3,4,3.08,0,0,TRUE
Male,Disloyal Customer,23,Business Travel,Eco,643,5,2,5,2,1,5,1,1,5,1,4,4,1,2.85,0,5,TRUE
Male,Loyal Customer,35,Business Travel,Business,1699,4,4,4,4,1,1,2,4,4,4,4,1,4,3.15,0,5,TRUE
Male,Loyal Customer,29,Personal Travel,Eco,2218,2,2,2,4,2,2,2,2,4,5,4,1,2,2.62,8,6,FALSE
Female,Disloyal Customer,25,Business Travel,Eco,550,1,4,1,4,3,1,3,3,1,4,4,3,3,2.69,0,0,FALSE
Female,Loyal Customer,24,Personal Travel,Eco,101,2,5,2,2,1,2,1,1,5,4,5,5,1,2.77,0,5,FALSE
Female,Loyal Customer,63,Business Travel,Eco Plus,646,3,5,5,5,4,3,4,3,3,3,3,3,4,3.69,21,31,FALSE
Male,Loyal Customer,55,Personal Travel,Eco Plus,821,3,1,3,1,4,3,3,4,4,4,1,1,4,2.77,2,0,FALSE
Male,Loyal Customer,25,Business Travel,Business,1069,2,2,2,2,2,2,2,2,4,5,3,4,2,2.62,0,0,FALSE
Female,Loyal Customer,48,Business Travel,Business,2864,1,1,1,1,3,5,4,4,4,4,4,4,3,3,17,0,TRUE
Male,Loyal Customer,32,Business Travel,Eco,1096,4,3,4,3,4,3,4,4,2,3,4,2,4,3.38,0,0,FALSE
Female,Loyal Customer,36,Business Travel,Eco,171,4,4,4,4,4,4,4,4,3,2,2,2,4,3.46,88,50,TRUE
Male,Loyal Customer,31,Business Travel,Business,1390,1,3,3,3,1,1,1,1,1,2,3,3,1,1.85,0,0,FALSE
Male,Loyal Customer,51,Personal Travel,Eco,1379,3,4,3,2,2,3,2,2,3,5,5,3,2,3,8,1,FALSE
Male,Disloyal Customer,37,Business Travel,Business,247,5,4,4,5,3,4,3,3,4,3,4,3,3,3.69,0,0,TRUE
Female,Disloyal Customer,25,Business Travel,Eco,448,2,0,2,4,5,2,3,5,2,2,2,5,5,3,0,3,FALSE
Female,Disloyal Customer,23,Business Travel,Business,937,5,3,5,2,5,5,5,5,4,4,4,4,5,4.31,0,0,TRUE
Female,Disloyal Customer,39,Business Travel,Business,226,2,2,2,4,2,2,2,2,5,4,5,3,2,2.85,3,0,FALSE
Female,Loyal Customer,46,Business Travel,Business,1130,2,2,2,2,3,4,5,4,4,4,4,4,3,3.31,0,0,TRUE
Female,Loyal Customer,48,Business Travel,Eco,397,4,4,4,4,5,5,1,4,4,4,4,5,5,4.08,0,0,TRUE
Male,Disloyal Customer,8,Business Travel,Eco,1014,2,2,2,4,2,2,2,2,4,3,4,3,2,2.62,4,6,FALSE
Male,Disloyal Customer,25,Business Travel,Business,399,2,5,2,1,2,2,2,2,4,5,4,4,2,2.85,37,23,FALSE
Female,Loyal Customer,38,Business Travel,Business,150,4,4,4,4,3,4,2,4,4,4,3,2,4,3.54,0,0,TRUE
Female,Loyal Customer,55,Business Travel,Business,2391,2,2,2,2,2,5,5,4,4,4,4,4,4,3.38,6,0,TRUE
Female,Loyal Customer,41,Business Travel,Business,216,2,4,4,4,5,4,4,1,1,1,2,2,3,2.85,0,0,FALSE
Female,Loyal Customer,32,Personal Travel,Eco,717,2,5,2,2,2,4,3,2,1,4,3,3,3,2.77,119,142,FALSE
Male,Disloyal Customer,21,Business Travel,Business,451,4,5,4,3,5,4,5,5,5,2,5,4,5,4.31,22,38,TRUE
Male,Disloyal Customer,24,Business Travel,Eco,997,5,5,5,3,3,5,3,3,3,2,4,3,3,3.62,5,2,TRUE
Male,Disloyal Customer,36,Business Travel,Business,804,3,3,3,4,3,4,1,5,5,4,4,1,1,3.15,173,163,FALSE
Female,Loyal Customer,23,Personal Travel,Eco,967,4,5,4,5,2,4,2,2,4,4,5,4,2,3.62,0,0,TRUE
Male,Loyal Customer,62,Business Travel,Business,3499,4,4,4,4,5,5,5,5,5,5,5,4,3,4.46,0,0,TRUE
Female,Loyal Customer,51,Business Travel,Business,602,4,4,3,4,4,4,5,5,5,5,5,5,4,4.38,48,34,TRUE
Male,Loyal Customer,41,Personal Travel,Eco,631,3,4,3,4,2,3,2,2,5,4,4,4,2,3.23,45,23,FALSE
Female,Disloyal Customer,45,Business Travel,Business,507,3,3,3,4,5,3,4,5,4,2,3,2,5,3.54,0,0,FALSE
Female,Loyal Customer,7,Personal Travel,Eco,954,4,4,4,1,1,4,1,1,5,3,5,1,1,2.69,16,4,TRUE
Female,Loyal Customer,39,Business Travel,Business,1481,2,2,2,2,4,4,5,3,3,3,3,3,4,3.08,10,5,TRUE
Male,Loyal Customer,9,Personal Travel,Business,1464,1,5,1,4,1,1,5,1,4,2,5,4,1,2.69,0,0,FALSE
Female,Loyal Customer,49,Business Travel,Business,2920,4,4,4,4,3,5,5,5,5,5,5,4,3,4.31,0,0,TRUE
Female,Loyal Customer,69,Business Travel,Business,2489,2,2,2,2,4,5,4,4,4,4,4,4,5,3.54,16,13,TRUE
Female,Loyal Customer,45,Business Travel,Eco Plus,2554,4,2,2,2,4,5,5,2,4,3,1,5,5,3.38,2,28,TRUE
Female,Loyal Customer,26,Business Travel,Business,1979,3,1,1,1,3,3,3,3,1,5,3,4,3,2.62,4,0,FALSE
Male,Loyal Customer,47,Business Travel,Business,2586,4,4,4,4,3,3,3,4,3,3,5,3,3,3.54,190,185,TRUE
Male,Loyal Customer,25,Business Travel,Eco,641,1,3,3,3,1,1,1,2,1,2,3,1,1,1.77,203,206,FALSE
Male,Loyal Customer,42,Personal Travel,Eco,547,3,4,3,4,5,3,5,5,2,4,4,1,5,3.69,0,2,FALSE
Female,Loyal Customer,39,Personal Travel,Business,1590,3,4,3,5,5,5,4,2,2,3,2,3,4,3.46,5,0,FALSE
Male,Loyal Customer,25,Business Travel,Business,2248,1,3,3,3,1,1,1,1,2,5,2,1,1,1.92,0,0,FALSE
Male,Loyal Customer,11,Personal Travel,Eco,273,2,3,2,4,3,2,3,3,1,3,4,1,3,2.62,0,1,FALSE
Female,Loyal Customer,43,Business Travel,Eco,317,5,4,4,4,4,2,4,5,5,5,5,3,4,4.15,0,0,TRUE
Female,Loyal Customer,29,Personal Travel,Eco,404,2,3,2,1,2,2,5,2,4,3,4,2,2,2.62,11,9,FALSE
Female,Loyal Customer,58,Personal Travel,Eco,114,1,1,1,4,3,3,3,3,3,1,2,4,3,2.46,0,0,FALSE
Male,Loyal Customer,44,Business Travel,Business,2569,4,4,4,4,2,4,4,4,4,4,5,3,3,3.77,0,0,TRUE
Female,Loyal Customer,68,Personal Travel,Eco,438,2,5,2,4,2,3,4,3,2,5,4,4,4,3.38,362,356,FALSE
Male,Loyal Customer,47,Business Travel,Business,404,3,3,3,3,5,5,5,4,4,4,4,4,3,3.85,0,0,TRUE
Female,Loyal Customer,32,Personal Travel,Eco,356,3,5,3,3,1,3,1,1,5,2,4,5,1,2.85,9,5,FALSE
Male,Loyal Customer,47,Business Travel,Eco,925,5,5,5,5,5,5,5,5,5,2,4,4,5,4.62,31,14,TRUE
Female,Loyal Customer,51,Business Travel,Business,1773,4,2,4,4,5,4,5,5,5,5,5,5,4,4.38,12,0,TRUE
Male,Loyal Customer,58,Personal Travel,Eco Plus,946,2,4,2,4,1,2,1,1,1,5,4,2,1,2.31,28,6,FALSE
Male,Loyal Customer,36,Personal Travel,Eco,1313,3,5,3,4,2,3,3,2,4,5,3,3,2,3.23,0,0,FALSE
Male,Loyal Customer,70,Business Travel,Business,2754,3,1,1,1,4,3,4,3,3,3,3,4,2,2.69,0,33,FALSE
Male,Loyal Customer,49,Business Travel,Business,650,3,3,3,3,3,5,4,5,5,5,5,3,3,3.85,0,0,TRUE
Male,Loyal Customer,46,Business Travel,Business,602,1,1,4,1,4,4,5,5,5,5,5,4,4,3.69,1,6,TRUE
Female,Loyal Customer,66,Business Travel,Business,2611,4,5,5,5,4,2,1,4,4,4,4,3,1,3.54,108,94,FALSE
Male,Loyal Customer,54,Business Travel,Business,3643,4,4,4,4,2,2,2,5,5,5,5,4,3,3.77,8,7,TRUE
Male,Loyal Customer,25,Business Travel,Business,1813,3,3,3,3,5,5,5,5,5,2,2,5,5,3.92,68,57,TRUE
Female,Disloyal Customer,25,Business Travel,Business,735,2,4,3,4,3,3,4,3,1,2,3,2,3,2.85,12,0,FALSE
Male,Loyal Customer,60,Personal Travel,Eco,1024,2,5,2,1,5,2,5,5,5,4,5,3,5,3.77,1,5,FALSE
Female,Disloyal Customer,25,Business Travel,Eco,521,2,0,2,3,1,2,1,1,4,4,1,2,1,1.85,0,0,FALSE
Male,Loyal Customer,42,Business Travel,Eco,1506,1,2,1,2,1,1,1,1,2,1,3,4,1,1.62,0,0,FALSE
Female,Loyal Customer,42,Business Travel,Eco,331,2,4,4,4,2,3,2,2,2,2,2,1,4,2.62,0,0,FALSE
Male,Disloyal Customer,26,Business Travel,Eco,496,1,3,1,4,5,1,2,5,2,3,4,2,5,2.92,0,0,FALSE
Male,Loyal Customer,27,Personal Travel,Eco,445,3,4,3,3,2,3,4,2,1,1,3,1,2,2.46,0,0,FALSE
Female,Loyal Customer,21,Business Travel,Eco,639,5,1,1,1,5,5,5,5,3,2,1,4,5,3.31,82,85,TRUE
Female,Loyal Customer,27,Business Travel,Business,2422,1,1,1,1,4,4,4,4,3,3,4,3,4,2.85,30,0,TRUE
Female,Disloyal Customer,30,Business Travel,Business,2586,2,3,3,4,1,3,1,1,3,4,5,3,1,2.62,0,0,FALSE
Female,Loyal Customer,68,Personal Travel,Eco,427,1,2,1,4,2,3,4,5,5,1,5,1,4,2.92,0,4,FALSE
Female,Loyal Customer,42,Business Travel,Business,3842,2,2,2,2,3,4,5,4,4,4,4,3,4,3.31,0,0,TRUE
Female,Loyal Customer,59,Business Travel,Business,226,3,3,3,3,2,5,4,5,5,5,5,3,3,3.77,0,0,TRUE
Female,Loyal Customer,56,Personal Travel,Eco,438,3,4,3,1,2,4,4,5,5,3,5,4,4,3.62,0,0,FALSE
Male,Loyal Customer,21,Business Travel,Business,1598,2,2,2,2,5,5,5,5,4,3,5,5,5,3.85,0,0,TRUE
Male,Loyal Customer,15,Personal Travel,Business,240,3,5,0,5,3,0,3,3,5,3,4,5,3,3.23,0,0,FALSE
Female,Loyal Customer,31,Business Travel,Business,3107,3,3,2,2,3,3,3,3,2,4,3,3,3,2.85,0,0,FALSE
Female,Disloyal Customer,22,Business Travel,Eco,829,2,3,3,2,1,3,1,1,1,3,3,3,1,2.08,4,4,FALSE
Male,Disloyal Customer,28,Business Travel,Business,1235,3,3,3,4,4,3,3,4,2,1,4,3,4,3.15,26,21,FALSE
Male,Loyal Customer,58,Personal Travel,Eco,587,3,4,3,3,4,3,4,4,4,2,5,5,4,3.69,52,54,FALSE
Female,Loyal Customer,22,Business Travel,Business,1340,4,4,4,4,3,4,3,3,5,4,5,4,3,3.85,111,103,TRUE
Female,Loyal Customer,36,Business Travel,Business,1994,3,1,1,1,2,4,3,3,3,3,3,3,2,2.46,0,0,FALSE
Female,Loyal Customer,51,Business Travel,Business,1658,2,2,5,2,2,5,5,4,4,5,4,3,3,3.54,19,20,TRUE
Female,Loyal Customer,47,Personal Travel,Eco,302,2,4,2,3,2,5,5,1,1,2,1,5,4,2.85,0,0,FALSE
Male,Loyal Customer,49,Business Travel,Business,1619,2,2,2,2,3,5,5,4,4,4,5,5,3,3.54,2,0,TRUE
Male,Loyal Customer,12,Personal Travel,Business,1521,4,5,4,3,4,4,4,4,5,3,4,4,4,4,0,0,FALSE
Male,Loyal Customer,62,Personal Travel,Business,1562,2,4,2,4,5,5,5,5,5,2,5,5,4,4.08,0,11,FALSE
Female,Loyal Customer,48,Personal Travel,Eco,691,1,4,1,5,3,5,5,3,3,1,3,5,5,3.38,0,0,FALSE
Male,Loyal Customer,40,Business Travel,Eco,610,2,5,5,5,2,2,2,2,2,3,3,1,2,2.77,0,0,FALSE
Female,Disloyal Customer,34,Business Travel,Eco,329,3,0,3,4,3,3,3,3,1,2,5,1,3,2.62,0,0,FALSE
Female,Loyal Customer,30,Personal Travel,Eco,1723,3,4,3,4,5,3,2,5,3,4,4,4,5,3.77,0,0,FALSE
Female,Loyal Customer,21,Business Travel,Business,641,1,2,1,1,5,5,5,5,3,3,4,3,5,3.31,0,0,TRUE
Female,Disloyal Customer,33,Business Travel,Eco,427,1,2,1,4,4,1,4,4,1,2,3,4,4,2.69,0,0,FALSE
Female,Loyal Customer,39,Personal Travel,Eco,633,1,4,1,3,1,1,1,1,4,4,4,5,1,2.38,7,0,FALSE
Female,Loyal Customer,32,Personal Travel,Eco,616,1,4,1,3,2,1,2,2,1,2,1,4,2,2,2,4,FALSE
Female,Loyal Customer,40,Business Travel,Business,321,2,2,2,2,2,4,4,5,5,5,5,5,3,3.54,0,0,TRUE
Female,Loyal Customer,28,Personal Travel,Eco,192,2,5,2,4,5,2,3,5,3,3,4,3,5,3.54,0,0,FALSE
Male,Disloyal Customer,26,Business Travel,Eco,777,2,2,2,4,2,2,2,2,2,5,4,3,2,2.62,0,12,FALSE
Male,Loyal Customer,28,Business Travel,Business,895,5,5,5,5,2,2,2,2,3,5,5,4,2,3.62,0,0,TRUE
Female,Loyal Customer,40,Business Travel,Eco,409,4,3,3,3,4,4,4,4,2,3,1,2,4,3.15,0,0,TRUE
Female,Loyal Customer,65,Business Travel,Eco,641,1,2,2,2,4,4,4,1,1,1,1,1,3,2.08,0,0,FALSE
Female,Loyal Customer,44,Business Travel,Business,920,3,3,3,3,5,4,4,5,5,5,5,5,3,4.08,36,21,TRUE
Male,Disloyal Customer,54,Business Travel,Business,173,2,2,2,1,4,2,4,4,5,3,4,3,4,3.08,5,8,FALSE
Female,Loyal Customer,57,Business Travel,Business,3162,1,1,1,1,5,5,5,4,4,4,4,4,3,3.23,0,0,TRUE
Female,Disloyal Customer,44,Business Travel,Business,760,2,2,2,3,1,2,1,1,5,2,4,5,1,2.38,4,24,FALSE
Male,Loyal Customer,59,Business Travel,Business,2726,1,1,1,1,4,5,5,3,3,3,3,5,4,3,0,4,TRUE
Female,Loyal Customer,29,Business Travel,Business,2931,2,4,4,4,2,2,2,2,2,1,2,1,2,2.31,0,0,FALSE
Female,Loyal Customer,33,Business Travel,Business,590,3,2,2,2,5,3,3,3,3,3,3,3,4,3,0,7,FALSE
Female,Loyal Customer,56,Personal Travel,Business,944,0,3,1,3,1,1,1,1,1,1,5,5,2,1.92,0,0,TRUE
Female,Loyal Customer,21,Business Travel,Business,3389,1,5,5,5,1,1,1,1,1,1,2,1,1,2,0,0,FALSE
Female,Loyal Customer,58,Business Travel,Business,460,4,4,4,4,2,4,4,4,4,4,4,4,4,3.85,0,0,TRUE
Male,Loyal Customer,17,Business Travel,Eco Plus,162,5,5,5,5,5,5,3,5,4,5,5,5,5,4.77,0,0,TRUE
Male,Loyal Customer,42,Business Travel,Business,3663,3,3,3,3,3,2,2,3,3,3,3,3,4,2.92,25,37,FALSE
Male,Disloyal Customer,33,Business Travel,Eco,1224,1,1,1,4,1,1,1,2,4,2,3,1,1,1.77,0,0,FALSE
Male,Disloyal Customer,65,Personal Travel,Eco,1121,3,4,3,3,5,3,5,5,4,5,4,4,5,4.08,24,9,FALSE
Female,Loyal Customer,38,Business Travel,Eco Plus,842,5,4,3,4,5,5,5,5,4,1,1,2,5,3.77,0,0,TRUE
Female,Disloyal Customer,25,Business Travel,Business,948,4,0,5,4,1,5,1,1,3,4,5,4,1,2.92,114,120,FALSE
Female,Loyal Customer,57,Business Travel,Business,2013,0,4,0,4,3,4,5,4,4,4,4,3,4,3.31,0,0,TRUE
Male,Disloyal Customer,29,Business Travel,Business,957,2,2,2,1,1,2,2,1,3,4,4,4,1,2.23,0,20,FALSE
Female,Loyal Customer,43,Business Travel,Business,227,1,1,1,1,4,4,5,4,4,4,4,4,5,3.23,16,23,TRUE
Female,Loyal Customer,23,Business Travel,Business,3614,5,5,5,5,5,5,5,5,2,1,5,3,5,4.31,0,0,TRUE
Male,Loyal Customer,52,Business Travel,Business,365,4,4,3,4,1,4,1,5,5,4,5,5,5,3.85,0,0,TRUE
Male,Loyal Customer,59,Business Travel,Business,2572,1,1,1,1,1,4,3,1,1,1,1,3,2,1.62,0,0,FALSE
Female,Loyal Customer,47,Business Travel,Business,2072,5,5,5,5,3,4,5,4,4,4,4,5,4,4.38,38,49,TRUE
Male,Disloyal Customer,32,Business Travel,Business,541,3,3,3,3,3,3,1,3,4,2,5,4,3,3.08,0,3,FALSE
Male,Loyal Customer,70,Personal Travel,Eco,937,3,3,3,3,4,3,5,4,2,4,4,2,4,3.38,0,0,FALSE
Female,Disloyal Customer,37,Business Travel,Eco,746,2,2,2,4,2,2,2,2,2,2,3,3,2,2.31,0,0,FALSE
Female,Loyal Customer,25,Personal Travel,Eco,1074,2,5,2,5,4,2,4,4,4,2,5,4,4,3.62,3,9,FALSE
Male,Loyal Customer,45,Business Travel,Business,603,5,5,5,5,4,4,4,4,4,4,4,3,4,4.23,2,0,TRUE
Female,Loyal Customer,48,Personal Travel,Eco,1235,3,5,3,1,4,5,5,2,2,3,3,4,3,3.31,5,0,FALSE
Male,Loyal Customer,44,Business Travel,Business,236,0,0,0,5,4,5,4,2,2,2,2,3,5,2.62,30,12,TRUE
Male,Disloyal Customer,36,Business Travel,Eco,501,3,1,3,2,2,3,5,2,2,3,3,2,2,2.54,0,0,FALSE
Female,Loyal Customer,60,Business Travel,Business,3282,3,3,3,3,3,4,5,4,4,4,4,5,4,3.77,0,0,TRUE
Female,Loyal Customer,55,Business Travel,Eco,571,2,5,5,5,5,4,4,2,2,2,2,1,4,3.31,0,0,FALSE
Male,Loyal Customer,61,Personal Travel,Eco,316,2,3,2,4,2,2,2,2,2,1,3,2,2,2.23,0,10,FALSE
Male,Loyal Customer,49,Business Travel,Business,429,4,2,2,2,4,3,2,4,4,4,4,3,3,3.15,0,0,FALSE
Female,Loyal Customer,25,Business Travel,Business,509,3,3,3,3,5,5,5,5,3,5,1,2,5,3.69,0,1,TRUE
Male,Loyal Customer,65,Personal Travel,Eco,589,3,2,3,4,4,3,5,4,4,3,3,2,4,3.38,23,34,FALSE
Female,Loyal Customer,31,Business Travel,Business,2766,5,4,5,5,3,3,3,3,5,3,4,3,3,3.77,3,16,TRUE
Male,Loyal Customer,23,Personal Travel,Business,1086,4,5,4,3,5,4,5,5,3,5,5,4,5,4.38,32,4,FALSE
Female,Loyal Customer,25,Personal Travel,Eco,667,1,3,1,1,2,1,2,2,3,3,1,1,2,1.77,12,0,FALSE
Female,Loyal Customer,41,Business Travel,Business,192,3,3,3,3,5,4,4,4,4,4,5,3,5,3.85,0,0,TRUE
Female,Loyal Customer,43,Personal Travel,Eco,101,2,4,0,3,4,5,5,1,1,0,1,5,4,2.69,0,0,FALSE
Female,Loyal Customer,11,Business Travel,Business,495,2,4,4,4,2,2,2,2,2,5,4,2,2,2.85,72,62,FALSE
Male,Loyal Customer,44,Personal Travel,Eco,859,2,4,2,5,2,2,2,2,3,4,4,5,2,3,129,114,FALSE
Male,Loyal Customer,50,Business Travel,Eco Plus,493,4,4,4,4,4,4,4,4,5,2,4,4,4,3.92,0,0,TRUE
Male,Loyal Customer,48,Personal Travel,Eco,2276,2,5,2,1,2,4,4,4,2,4,4,4,4,3.23,0,11,FALSE
Male,Loyal Customer,14,Business Travel,Business,2051,1,1,1,1,2,2,2,2,4,3,5,4,2,2.31,5,0,TRUE
Male,Disloyal Customer,43,Business Travel,Eco,106,2,4,2,2,5,2,5,5,2,1,2,2,5,3,0,0,FALSE
Female,Loyal Customer,17,Personal Travel,Eco,666,3,1,3,3,2,3,2,2,2,3,3,1,2,2.31,1,7,FALSE
Male,Loyal Customer,64,Personal Travel,Eco,356,3,5,3,3,4,3,4,4,2,5,3,3,4,3.54,41,21,FALSE
Female,Loyal Customer,38,Personal Travel,Eco Plus,859,3,5,2,1,4,2,4,4,4,5,4,5,4,3.62,0,0,FALSE
Male,Loyal Customer,51,Business Travel,Business,2623,2,5,3,5,4,3,3,2,2,1,2,4,2,2.92,32,27,FALSE
Male,Disloyal Customer,23,Business Travel,Business,1020,4,0,4,5,1,4,1,1,3,3,4,4,1,2.69,0,0,TRUE
Male,Loyal Customer,40,Business Travel,Business,1542,4,4,4,4,3,4,5,4,4,4,4,4,3,3.92,10,0,TRUE
Male,Loyal Customer,45,Personal Travel,Eco,287,3,3,3,4,3,3,3,3,2,1,4,2,3,2.85,6,5,FALSE
Male,Loyal Customer,58,Business Travel,Business,3154,2,2,2,2,5,4,5,3,3,3,3,4,4,3.23,0,0,TRUE
Male,Loyal Customer,51,Business Travel,Eco,1014,3,4,4,4,3,3,3,3,1,4,3,3,3,3.15,0,0,FALSE
Male,Disloyal Customer,42,Business Travel,Business,352,2,2,2,3,2,4,5,1,4,4,4,5,5,3.31,146,137,FALSE
Female,Loyal Customer,28,Business Travel,Eco Plus,500,0,0,0,4,0,1,3,5,2,5,4,3,3,2.31,133,122,TRUE
Male,Loyal Customer,32,Personal Travel,Business,496,4,4,5,5,3,5,5,3,3,3,4,5,3,4,0,0,FALSE
Female,Loyal Customer,47,Business Travel,Eco Plus,449,4,1,1,1,3,3,3,5,5,4,5,4,4,3.31,0,0,FALSE
Female,Loyal Customer,14,Personal Travel,Eco,332,2,5,2,2,5,2,5,5,5,3,3,2,5,3.54,0,0,FALSE
Male,Disloyal Customer,27,Business Travel,Business,214,4,4,4,2,5,4,2,5,4,4,2,1,5,3.54,17,14,FALSE
Female,Loyal Customer,42,Business Travel,Business,2235,2,2,2,2,2,4,4,5,5,5,5,3,5,3.54,3,6,TRUE
Male,Loyal Customer,59,Business Travel,Business,1024,3,3,3,3,5,4,5,5,5,5,5,4,3,4.08,10,4,TRUE
Male,Loyal Customer,31,Business Travel,Business,2012,5,5,5,5,4,4,4,4,5,2,5,3,4,4.23,14,16,TRUE
Male,Loyal Customer,52,Business Travel,Business,302,4,4,4,4,4,5,4,4,4,4,4,3,3,3.92,9,15,TRUE
Male,Loyal Customer,25,Business Travel,Business,1750,1,1,1,1,5,5,5,5,5,2,3,4,5,3.31,0,0,TRUE
Female,Disloyal Customer,30,Business Travel,Business,1482,0,0,0,1,5,0,4,5,3,2,5,3,5,2.54,53,73,TRUE
Male,Loyal Customer,42,Business Travel,Business,3225,0,0,0,4,5,4,4,5,5,5,5,4,4,3.46,37,40,TRUE
Female,Loyal Customer,25,Business Travel,Business,230,0,0,0,3,4,4,4,4,5,2,1,5,4,2.77,15,73,TRUE
Female,Loyal Customer,46,Personal Travel,Eco,376,3,3,3,2,4,3,3,2,2,3,2,2,4,2.77,0,0,FALSE
Male,Loyal Customer,43,Business Travel,Business,2521,3,3,3,3,2,2,2,5,4,5,4,2,2,3.08,36,49,TRUE
Female,Loyal Customer,51,Personal Travel,Eco Plus,1195,3,4,3,5,3,4,4,3,3,3,3,4,4,3.54,7,0,FALSE
Male,Loyal Customer,61,Business Travel,Eco,783,4,2,2,2,5,4,5,5,4,2,4,2,5,3.54,0,0,FALSE
Female,Disloyal Customer,27,Business Travel,Business,1235,3,3,3,2,2,3,2,2,4,2,5,5,2,2.92,6,2,FALSE
Male,Loyal Customer,50,Business Travel,Business,2975,2,1,2,1,5,2,3,2,2,2,2,2,3,2.23,23,22,FALSE
Male,Loyal Customer,68,Personal Travel,Eco,597,2,5,2,1,4,2,2,4,5,4,4,4,4,3.31,0,0,FALSE
Female,Loyal Customer,12,Personal Travel,Business,566,3,5,3,5,2,3,2,2,3,4,4,4,2,3.23,0,21,FALSE
Male,Loyal Customer,50,Personal Travel,Eco,594,3,3,3,4,3,3,1,3,2,3,4,4,3,3,0,22,FALSE
Male,Disloyal Customer,11,Business Travel,Eco,793,4,4,4,4,3,4,3,3,4,4,4,1,3,3.46,6,15,FALSE
Male,Loyal Customer,37,Business Travel,Eco Plus,964,3,4,4,4,3,3,3,3,1,3,4,2,3,3.08,4,17,FALSE
Male,Loyal Customer,31,Personal Travel,Eco,1312,2,1,2,3,5,2,5,5,1,3,2,2,5,2.92,16,12,FALSE
Female,Loyal Customer,32,Business Travel,Eco,261,2,2,2,2,2,2,2,2,2,5,3,3,2,2.38,0,0,FALSE
Male,Disloyal Customer,29,Business Travel,Eco,1035,1,1,1,3,1,1,1,1,4,5,4,1,1,1.92,77,73,FALSE
Female,Loyal Customer,65,Personal Travel,Eco,861,3,5,3,3,3,5,4,1,1,3,1,3,5,3.08,1,0,FALSE
Female,Loyal Customer,49,Business Travel,Business,967,2,2,2,2,5,4,5,4,4,4,4,4,4,3.54,23,24,TRUE
Male,Loyal Customer,39,Business Travel,Business,2484,4,4,4,4,5,4,4,3,3,2,3,5,5,3.85,1,0,TRUE
Male,Disloyal Customer,26,Business Travel,Business,517,4,3,3,3,5,3,5,5,4,4,5,3,5,4,0,21,TRUE
Male,Loyal Customer,58,Business Travel,Business,1650,3,3,3,3,4,5,4,5,5,5,5,3,5,4.08,0,0,TRUE
Female,Loyal Customer,15,Personal Travel,Business,1235,2,5,2,2,5,2,1,5,5,3,5,3,5,3.46,0,2,FALSE
Female,Loyal Customer,26,Personal Travel,Eco,532,2,5,2,3,5,2,5,5,5,5,4,4,5,4,0,0,FALSE
Male,Loyal Customer,48,Business Travel,Business,2588,3,3,3,3,3,3,3,3,2,3,3,3,3,2.92,167,223,FALSE
Male,Loyal Customer,48,Business Travel,Business,3045,5,5,5,5,3,4,4,5,5,5,5,3,5,4.54,0,0,TRUE
Male,Disloyal Customer,23,Business Travel,Eco,787,4,4,4,3,4,4,3,4,3,4,5,4,4,3.85,0,0,TRUE
Female,Disloyal Customer,22,Business Travel,Eco,1165,3,3,3,4,2,3,2,2,3,4,3,4,2,2.92,0,0,FALSE
Female,Loyal Customer,55,Business Travel,Business,414,3,3,3,3,3,4,4,4,4,4,4,5,3,3.62,3,0,TRUE
Female,Disloyal Customer,35,Business Travel,Eco,304,2,3,2,3,1,2,1,1,3,2,3,5,1,2.23,1,0,FALSE
Male,Loyal Customer,52,Business Travel,Business,3112,1,1,1,1,5,5,4,5,5,5,5,5,3,3.54,29,34,TRUE
Male,Loyal Customer,52,Personal Travel,Eco,2556,2,2,2,4,2,2,2,2,3,4,4,1,2,2.46,0,0,FALSE
Male,Loyal Customer,33,Business Travel,Business,183,4,4,4,4,4,4,4,4,4,5,1,1,4,3.62,0,3,TRUE
Female,Loyal Customer,57,Business Travel,Business,1180,3,3,3,3,5,4,4,3,3,4,3,4,3,3.46,18,0,TRUE
Male,Loyal Customer,37,Personal Travel,Eco,600,3,3,3,4,3,3,1,3,4,2,2,1,3,2.69,0,0,FALSE
Male,Loyal Customer,37,Business Travel,Business,1874,4,4,2,4,4,4,4,4,4,4,4,3,4,3.77,20,4,TRUE
Female,Loyal Customer,57,Business Travel,Business,1440,3,4,4,4,3,2,2,3,3,3,3,3,2,3,0,0,FALSE
Female,Disloyal Customer,37,Business Travel,Eco,199,2,5,2,4,4,2,4,4,4,4,3,4,4,3.54,0,0,FALSE
Male,Loyal Customer,36,Business Travel,Business,1276,3,3,3,3,3,5,4,4,4,4,4,5,3,3.69,0,0,TRUE
Female,Loyal Customer,52,Business Travel,Eco Plus,268,1,1,1,1,2,4,3,1,1,1,1,1,3,1.62,0,8,FALSE
Female,Loyal Customer,36,Business Travel,Business,1017,1,1,3,1,5,5,5,4,4,4,4,4,4,3.46,0,0,TRUE
Female,Loyal Customer,39,Business Travel,Eco Plus,337,3,1,1,1,3,3,3,3,4,1,3,1,3,2.31,0,0,FALSE
Female,Loyal Customer,54,Business Travel,Eco,853,2,3,5,3,2,1,2,1,1,2,1,1,4,2.15,0,0,FALSE
Female,Loyal Customer,51,Business Travel,Business,337,1,1,1,1,2,5,5,5,5,4,5,3,5,3.31,0,0,TRUE
Female,Loyal Customer,35,Business Travel,Business,2740,2,4,4,4,4,2,3,2,2,2,2,1,3,2.69,0,0,FALSE
Female,Loyal Customer,52,Personal Travel,Eco Plus,1400,3,1,3,4,4,4,3,4,4,3,4,3,1,3.15,54,50,FALSE
Male,Loyal Customer,55,Business Travel,Business,191,4,4,5,4,2,5,4,5,5,5,4,4,4,4.23,0,0,TRUE
Male,Loyal Customer,49,Business Travel,Business,1931,4,4,4,4,2,5,5,4,4,4,4,5,4,4.08,0,0,TRUE
Male,Loyal Customer,35,Business Travel,Business,1014,2,1,1,1,4,3,4,2,2,2,2,2,3,2.23,3,15,FALSE
Female,Disloyal Customer,44,Business Travel,Eco,405,4,1,4,3,4,4,4,4,3,4,3,2,4,3.38,0,0,FALSE
Male,Loyal Customer,24,Business Travel,Eco,680,5,1,1,1,5,5,3,5,3,2,3,4,5,3.31,10,22,TRUE
Male,Loyal Customer,41,Personal Travel,Eco,2475,1,4,1,1,1,1,1,4,5,3,5,1,1,2.23,0,1,FALSE
Male,Loyal Customer,42,Business Travel,Business,2957,0,0,0,2,3,4,4,3,3,5,5,4,5,2.92,0,0,TRUE
Female,Loyal Customer,38,Business Travel,Business,223,1,5,5,5,3,4,3,2,2,2,1,4,4,3.15,18,12,FALSE
Male,Loyal Customer,35,Business Travel,Business,3045,2,2,2,2,2,4,3,2,2,2,2,4,3,2.46,0,2,FALSE
Female,Loyal Customer,30,Business Travel,Business,1590,2,2,2,2,5,5,5,5,4,3,4,4,5,3.69,0,0,TRUE
Female,Disloyal Customer,27,Business Travel,Business,453,2,2,2,3,4,2,4,4,5,3,5,4,4,3.38,0,5,FALSE
Female,Loyal Customer,64,Personal Travel,Eco,954,4,1,4,3,3,4,4,2,2,4,2,1,3,2.85,0,0,TRUE
Male,Loyal Customer,27,Business Travel,Business,2351,2,2,2,2,5,5,5,5,1,5,2,2,5,3.31,0,0,TRUE
Male,Loyal Customer,50,Business Travel,Business,3256,2,5,5,5,4,4,3,0,0,1,2,4,3,2.92,0,0,FALSE
Female,Loyal Customer,53,Business Travel,Business,1723,4,4,4,4,5,5,4,4,4,5,4,3,3,4.08,0,1,TRUE
Female,Loyal Customer,55,Business Travel,Business,2950,2,2,2,2,5,2,1,2,2,2,2,4,2,2.31,9,3,FALSE
Female,Loyal Customer,30,Personal Travel,Eco,764,3,5,3,5,3,3,3,3,1,2,4,5,3,3.31,0,24,FALSE
Male,Disloyal Customer,57,Business Travel,Eco,750,1,1,1,2,3,1,3,3,2,4,3,1,3,2.15,2,8,FALSE
Male,Disloyal Customer,22,Business Travel,Business,719,5,0,5,1,2,5,2,2,5,2,4,5,2,3.08,12,3,TRUE
Male,Disloyal Customer,24,Business Travel,Eco,375,2,4,2,3,4,2,4,4,3,5,3,4,4,3.38,0,0,FALSE
Female,Disloyal Customer,23,Business Travel,Eco,1005,1,1,1,3,5,1,5,5,4,5,4,3,5,3.31,0,0,FALSE
Male,Loyal Customer,24,Business Travel,Eco Plus,1448,3,2,2,2,3,3,3,3,4,5,4,2,3,3,0,8,FALSE
Female,Loyal Customer,35,Business Travel,Business,1506,4,4,4,4,4,5,5,5,5,5,5,3,4,4.38,3,11,TRUE
Male,Disloyal Customer,25,Business Travel,Eco,679,0,0,0,3,1,0,1,1,2,2,4,3,1,1.38,49,38,TRUE
Female,Loyal Customer,65,Business Travel,Business,347,0,0,0,1,4,1,3,4,4,4,4,4,2,2.38,0,0,TRUE
Female,Loyal Customer,11,Personal Travel,Eco,140,2,2,2,4,4,2,4,4,3,1,3,4,4,3,11,11,FALSE
Female,Loyal Customer,43,Business Travel,Business,359,1,1,1,1,5,5,5,5,5,5,5,4,5,3.69,0,0,TRUE
Female,Loyal Customer,26,Personal Travel,Eco,305,1,4,1,3,1,1,1,1,5,5,5,5,1,2.62,0,0,FALSE
Female,Loyal Customer,51,Business Travel,Business,1025,3,3,3,3,3,5,4,5,5,4,5,5,3,3.92,0,5,TRUE
Male,Loyal Customer,51,Business Travel,Business,600,3,3,3,3,2,3,3,3,3,3,3,2,1,2.69,0,0,FALSE
Male,Loyal Customer,48,Business Travel,Business,1028,5,5,5,5,3,4,4,5,5,5,5,2,4,4.38,0,0,TRUE
Female,Loyal Customer,30,Personal Travel,Eco,405,2,5,2,4,1,2,1,1,3,5,4,5,1,2.77,23,28,FALSE
Male,Loyal Customer,40,Business Travel,Eco,631,1,5,3,5,1,1,1,3,4,3,4,1,1,2.54,123,134,FALSE
Male,Loyal Customer,56,Business Travel,Business,140,3,3,3,3,4,5,5,4,4,4,4,3,3,3.69,0,0,TRUE
Male,Disloyal Customer,27,Business Travel,Eco,748,4,3,3,3,2,3,2,2,3,1,3,2,2,2.54,11,24,FALSE
Female,Loyal Customer,43,Business Travel,Eco,630,3,1,1,1,1,3,3,3,3,3,3,3,3,2.38,0,4,FALSE
Male,Loyal Customer,51,Business Travel,Business,3935,2,2,2,2,5,5,4,3,3,3,3,3,5,3.23,0,10,TRUE
Male,Loyal Customer,24,Business Travel,Eco,337,3,3,3,3,3,3,3,3,2,4,4,4,3,3.15,8,2,FALSE
Male,Loyal Customer,46,Business Travel,Business,1716,2,3,3,3,3,3,4,2,2,2,2,2,1,2.46,0,0,FALSE
Female,Disloyal Customer,22,Business Travel,Business,488,1,1,1,3,1,1,1,1,4,4,2,1,1,1.69,0,0,FALSE
Male,Loyal Customer,37,Personal Travel,Eco,290,3,5,3,2,4,3,4,4,5,2,5,4,4,3.69,9,6,FALSE
Female,Loyal Customer,45,Personal Travel,Eco,954,1,5,1,2,5,5,5,4,4,1,3,3,4,3.31,88,68,FALSE
Male,Loyal Customer,39,Business Travel,Eco Plus,262,4,1,5,1,4,4,4,4,2,4,3,4,4,3.38,5,8,FALSE
Female,Loyal Customer,40,Business Travel,Business,2031,1,1,1,1,4,5,5,4,4,4,4,4,3,3.15,0,0,TRUE
Male,Disloyal Customer,24,Business Travel,Eco,370,1,2,0,4,4,0,4,4,1,2,3,2,4,2.38,0,4,FALSE
Male,Disloyal Customer,9,Business Travel,Business,600,5,0,5,2,4,5,4,4,5,5,4,4,4,3.92,0,0,TRUE
Male,Loyal Customer,41,Business Travel,Business,3341,3,3,3,3,2,5,4,4,4,4,4,5,5,3.77,0,1,TRUE
Female,Loyal Customer,53,Business Travel,Business,3058,3,3,3,3,4,4,4,3,3,3,3,4,5,3.46,0,0,TRUE
Male,Loyal Customer,25,Personal Travel,Eco,377,2,4,2,3,4,2,4,4,4,3,5,3,4,3.38,51,46,FALSE
Male,Disloyal Customer,22,Business Travel,Eco,108,3,3,3,3,4,3,4,4,3,2,3,4,4,3.31,0,0,FALSE
Male,Loyal Customer,42,Business Travel,Eco,639,4,3,3,3,4,4,4,4,2,1,5,2,4,3.31,0,0,TRUE
Male,Loyal Customer,45,Personal Travel,Eco Plus,1773,1,5,1,1,1,1,1,1,5,4,3,4,1,2.23,0,0,FALSE
Male,Loyal Customer,42,Business Travel,Business,543,1,1,1,1,5,5,4,4,4,4,4,4,4,3.23,0,0,TRUE
Male,Loyal Customer,45,Business Travel,Business,602,1,1,2,1,4,5,4,4,4,4,4,3,4,3.15,0,0,TRUE
Male,Loyal Customer,53,Business Travel,Business,731,1,1,1,1,5,4,5,4,4,4,4,4,5,3.31,0,0,TRUE
Male,Loyal Customer,28,Personal Travel,Eco,1037,4,2,4,2,4,4,4,4,3,3,2,2,4,3.23,0,0,FALSE
Male,Loyal Customer,40,Business Travel,Business,3229,2,5,5,5,2,4,3,2,2,2,2,3,1,2.92,0,0,FALSE
Female,Loyal Customer,29,Personal Travel,Eco,1010,2,4,2,3,2,2,1,2,4,2,5,4,2,2.69,0,0,FALSE
Male,Disloyal Customer,38,Business Travel,Eco,583,2,0,2,4,2,2,2,2,5,4,1,4,2,2.46,0,2,FALSE
Female,Loyal Customer,27,Business Travel,Eco,402,1,5,2,2,1,1,1,1,4,2,3,4,1,2.15,0,0,FALSE
Male,Loyal Customer,18,Personal Travel,Eco,386,2,4,2,1,3,2,3,3,4,5,2,2,3,2.77,91,84,FALSE
Male,Loyal Customer,56,Business Travel,Business,3255,3,3,3,3,2,4,4,5,5,5,5,5,4,3.92,22,15,TRUE
Male,Loyal Customer,19,Personal Travel,Eco,1514,4,4,4,5,3,4,3,3,4,3,5,4,3,3.77,7,0,TRUE
Female,Loyal Customer,47,Business Travel,Business,197,1,1,1,1,2,5,4,3,3,4,4,3,4,2.77,7,19,TRUE
Male,Loyal Customer,54,Business Travel,Business,3604,1,1,1,1,4,4,4,4,4,4,4,5,5,3.23,0,0,TRUE
Male,Loyal Customer,51,Business Travel,Eco,1892,3,4,4,4,3,3,3,3,1,3,3,2,3,3,2,0,FALSE
Male,Loyal Customer,19,Business Travel,Eco,950,4,1,1,1,4,4,3,4,4,4,3,1,4,2.92,65,53,FALSE
Female,Loyal Customer,39,Business Travel,Business,2164,5,2,5,5,2,3,1,5,5,5,5,4,3,3.85,0,0,TRUE
Female,Disloyal Customer,30,Business Travel,Eco,226,2,1,2,3,3,2,3,3,2,5,3,4,3,2.77,0,10,FALSE
Female,Loyal Customer,57,Personal Travel,Business,1197,4,5,4,1,2,5,4,5,5,4,5,5,3,4,0,0,FALSE
Female,Loyal Customer,47,Business Travel,Business,2466,3,3,3,3,5,5,3,5,5,5,5,2,2,3.77,1,0,TRUE
Male,Loyal Customer,33,Business Travel,Business,3749,2,4,4,4,2,2,2,2,3,5,1,1,2,2.62,29,23,FALSE
Female,Disloyal Customer,26,Business Travel,Business,349,2,0,2,4,1,2,1,1,3,2,4,5,1,2.15,84,70,FALSE
Female,Loyal Customer,38,Business Travel,Business,3776,4,4,4,4,3,5,3,2,2,2,2,2,4,3.15,0,0,TRUE
Female,Loyal Customer,56,Business Travel,Business,2212,1,1,1,1,1,2,2,1,1,1,1,2,2,1.31,33,49,FALSE
Female,Loyal Customer,22,Business Travel,Business,2753,3,3,3,3,4,4,4,4,2,3,5,1,4,3.31,0,2,TRUE
Male,Loyal Customer,40,Business Travel,Business,895,3,3,3,3,5,5,5,4,4,4,4,3,3,3.77,20,0,TRUE
Male,Loyal Customer,59,Business Travel,Eco Plus,304,4,3,3,3,4,4,4,4,1,5,2,5,4,3.54,0,0,TRUE
Male,Loyal Customer,53,Business Travel,Business,1924,2,2,2,2,4,5,5,4,4,4,4,3,4,3.46,0,0,TRUE
Female,Loyal Customer,45,Business Travel,Business,2455,2,2,2,2,3,5,4,5,5,5,5,3,4,3.62,0,0,TRUE
Male,Disloyal Customer,60,Business Travel,Eco,1211,4,4,4,3,1,4,1,1,2,5,1,5,1,2.77,5,0,FALSE
Male,Loyal Customer,56,Personal Travel,Eco,295,1,5,5,3,3,5,4,3,3,5,4,3,3,3.62,0,0,FALSE
Male,Disloyal Customer,24,Business Travel,Eco,650,2,5,2,2,3,2,2,3,5,2,5,5,3,3.15,0,0,FALSE
Male,Loyal Customer,43,Personal Travel,Eco,351,3,5,3,2,4,3,4,4,3,3,5,3,4,3.54,0,0,FALSE
Male,Disloyal Customer,40,Business Travel,Eco,1189,3,2,2,3,3,3,2,3,2,3,1,4,3,2.62,0,0,FALSE
Female,Loyal Customer,55,Business Travel,Business,3586,4,4,5,4,4,4,5,4,4,4,4,5,3,4.15,0,6,TRUE
Female,Disloyal Customer,38,Business Travel,Eco,101,3,0,2,5,4,2,4,4,4,1,2,2,4,2.85,0,0,FALSE
Male,Loyal Customer,45,Business Travel,Eco,192,5,4,4,4,5,5,5,5,5,3,5,4,5,4.54,39,45,TRUE
Male,Loyal Customer,66,Personal Travel,Eco,493,2,4,2,2,1,2,1,1,4,3,5,5,1,2.54,120,116,FALSE
Female,Loyal Customer,33,Business Travel,Business,2674,2,1,3,1,3,3,4,2,2,2,2,3,1,2.23,52,54,FALSE
Female,Loyal Customer,23,Business Travel,Business,1750,1,1,1,1,5,5,5,5,3,2,3,3,5,3.08,0,0,TRUE
Male,Loyal Customer,9,Personal Travel,Eco,315,1,4,1,1,3,1,3,3,4,2,5,5,3,2.77,0,0,FALSE
Female,Loyal Customer,43,Business Travel,Business,134,1,1,1,1,5,5,4,5,5,5,4,4,3,3.38,0,0,TRUE
Female,Loyal Customer,48,Business Travel,Business,1182,4,4,4,4,3,4,5,5,5,5,5,4,3,4.23,14,10,TRUE
Female,Loyal Customer,11,Personal Travel,Eco,1235,4,2,4,4,3,4,3,3,2,5,3,3,3,3.31,2,19,FALSE
Female,Loyal Customer,46,Business Travel,Business,226,0,0,0,2,3,5,5,5,5,5,5,3,5,3.31,36,33,TRUE
Female,Disloyal Customer,27,Business Travel,Eco,861,2,2,2,4,2,2,2,2,2,4,4,1,2,2.38,2,0,FALSE
Female,Loyal Customer,49,Business Travel,Business,207,3,4,4,4,1,3,4,3,3,3,3,4,2,3.15,50,42,FALSE
Male,Loyal Customer,67,Personal Travel,Eco,2422,3,5,3,3,1,3,1,1,5,4,5,5,1,3.08,44,52,FALSE
Male,Loyal Customer,50,Business Travel,Eco Plus,518,5,4,4,4,5,5,5,5,2,4,4,2,5,4.15,0,1,TRUE
Female,Disloyal Customer,28,Business Travel,Eco,1448,3,3,3,4,5,3,5,5,4,3,4,4,5,3.92,0,0,FALSE
Female,Disloyal Customer,44,Business Travel,Eco,405,1,1,1,3,1,1,1,1,1,1,4,4,1,1.62,0,0,FALSE
Male,Loyal Customer,17,Personal Travel,Eco,2139,4,5,3,4,3,3,3,3,4,4,3,5,3,3.62,11,0,FALSE
Female,Loyal Customer,37,Personal Travel,Eco,740,4,5,4,5,3,4,3,3,3,2,4,3,3,3.54,0,0,FALSE
Female,Loyal Customer,52,Personal Travel,Eco Plus,283,2,4,2,4,4,4,3,1,1,2,1,2,2,2.46,48,48,FALSE
Female,Loyal Customer,42,Personal Travel,Eco,393,3,5,3,2,4,5,4,3,3,3,5,5,4,3.77,0,0,FALSE
Female,Loyal Customer,32,Personal Travel,Eco,590,2,4,1,4,5,1,5,5,5,4,4,3,5,3.69,0,3,FALSE
Male,Loyal Customer,46,Business Travel,Business,3726,2,4,2,2,3,5,4,5,5,5,5,5,5,4,0,0,TRUE
Male,Loyal Customer,40,Business Travel,Business,3441,4,4,4,4,4,5,5,4,4,4,4,3,3,4,4,9,TRUE
Male,Loyal Customer,44,Personal Travel,Eco Plus,304,2,1,2,3,2,2,2,2,1,2,4,1,2,2,15,0,FALSE
Male,Loyal Customer,49,Personal Travel,Eco Plus,409,2,5,2,1,4,2,4,4,4,1,2,2,4,2.85,0,0,FALSE
Male,Loyal Customer,54,Business Travel,Business,583,3,3,3,3,5,5,5,5,5,5,5,3,5,4.23,0,0,TRUE
Male,Loyal Customer,35,Business Travel,Business,1979,2,2,2,2,2,3,5,5,5,4,5,4,4,3.46,0,0,TRUE
Male,Loyal Customer,67,Personal Travel,Eco,1635,2,5,2,1,3,2,3,3,4,3,5,5,3,3.15,11,0,FALSE
Female,Loyal Customer,64,Personal Travel,Eco,163,2,5,2,5,2,5,5,1,1,2,1,4,4,3,0,0,FALSE
Female,Disloyal Customer,25,Business Travel,Business,641,2,0,2,3,4,2,4,4,3,4,5,4,4,3.15,0,4,FALSE
Male,Loyal Customer,23,Personal Travel,Eco,809,3,2,3,3,3,4,4,2,2,3,3,4,4,3.08,152,164,FALSE
Female,Loyal Customer,15,Personal Travel,Eco Plus,651,1,0,1,4,2,1,2,2,4,5,4,3,2,2.38,3,0,FALSE
Female,Loyal Customer,52,Business Travel,Business,1889,4,4,4,4,2,4,4,5,5,5,5,5,5,4.31,7,10,TRUE
Female,Loyal Customer,24,Business Travel,Business,2050,5,5,5,5,4,4,3,4,3,4,1,4,4,3.92,0,0,TRUE
Male,Loyal Customer,33,Business Travel,Eco,209,4,4,4,4,4,4,4,4,3,3,4,3,4,3.77,0,0,TRUE
Female,Loyal Customer,54,Business Travel,Eco,100,5,1,1,1,3,2,3,5,5,5,5,3,3,3.23,0,0,TRUE
Male,Loyal Customer,53,Business Travel,Eco,1185,5,4,4,4,5,5,5,5,2,4,5,4,5,4.38,92,76,TRUE
Female,Loyal Customer,22,Business Travel,Eco,486,3,1,3,1,3,3,2,3,3,3,2,4,3,2.62,0,1,FALSE
Female,Loyal Customer,52,Personal Travel,Eco,347,3,4,3,3,4,4,4,4,4,3,4,3,3,3.54,0,0,FALSE
Female,Disloyal Customer,22,Business Travel,Eco,272,2,0,2,1,3,2,3,3,4,1,4,3,3,2.38,23,17,FALSE
Male,Disloyal Customer,34,Business Travel,Business,442,3,2,2,4,2,2,2,2,5,3,4,4,2,2.85,39,31,FALSE
Female,Loyal Customer,59,Personal Travel,Business,1061,2,1,2,2,4,3,2,5,5,2,5,4,4,3.15,0,0,FALSE
Male,Loyal Customer,39,Personal Travel,Eco,618,4,5,4,2,2,4,2,2,4,3,4,3,2,3.15,0,0,FALSE
Male,Loyal Customer,47,Personal Travel,Eco,758,4,4,4,3,4,4,4,4,3,3,5,4,4,3.85,35,23,FALSE
Male,Loyal Customer,30,Business Travel,Business,647,1,3,3,3,1,1,1,1,4,5,3,4,1,2.38,6,9,FALSE
Male,Disloyal Customer,24,Business Travel,Eco,954,3,3,3,3,5,3,5,5,1,2,3,4,5,3.46,0,0,FALSE
Male,Loyal Customer,9,Business Travel,Business,3963,3,1,1,1,3,3,3,4,2,4,3,3,3,2.62,215,216,FALSE
Female,Loyal Customer,55,Business Travel,Business,3138,5,5,5,5,4,5,4,5,5,5,5,5,3,4.69,0,0,TRUE
Male,Loyal Customer,44,Personal Travel,Eco Plus,1041,3,4,3,1,3,3,3,3,3,4,5,4,3,3.23,3,0,FALSE
Female,Loyal Customer,9,Personal Travel,Eco,148,3,5,3,3,5,3,5,5,5,5,4,4,5,4.23,16,5,FALSE
Female,Loyal Customer,53,Business Travel,Business,2724,4,4,4,4,4,4,4,5,5,5,5,4,3,4.23,24,19,TRUE
Female,Loyal Customer,38,Business Travel,Eco Plus,907,5,1,1,1,5,5,5,5,3,1,1,3,5,3.15,4,4,TRUE
Female,Disloyal Customer,25,Business Travel,Business,1337,1,1,1,3,2,1,2,2,3,3,3,1,2,1.92,4,19,FALSE
Male,Loyal Customer,54,Business Travel,Business,692,2,2,2,2,1,4,3,2,2,2,2,2,2,2.15,21,11,FALSE
Male,Disloyal Customer,72,Business Travel,Eco,501,2,3,2,3,5,2,5,5,4,2,4,3,5,3.46,0,0,FALSE
Male,Loyal Customer,43,Business Travel,Business,1605,1,1,1,1,4,3,3,3,2,4,5,3,3,2.62,181,160,TRUE
Male,Loyal Customer,54,Business Travel,Business,1974,5,5,5,5,5,5,4,5,5,5,5,4,4,4.77,0,0,TRUE
Female,Loyal Customer,44,Business Travel,Business,429,3,3,3,3,3,4,5,4,4,4,4,5,5,3.85,25,29,TRUE
Female,Loyal Customer,50,Business Travel,Business,3474,4,4,4,4,2,5,5,3,3,4,5,4,4,3.92,0,0,TRUE
Female,Loyal Customer,20,Personal Travel,Eco,689,1,5,1,3,5,1,5,5,2,4,4,3,5,3.38,0,0,FALSE
Female,Loyal Customer,61,Business Travel,Eco Plus,1097,4,4,4,4,2,5,3,4,4,4,4,5,2,3.77,18,28,TRUE
Female,Loyal Customer,37,Personal Travel,Eco,481,3,4,3,3,1,3,1,1,5,4,3,4,1,2.77,0,0,FALSE
Male,Loyal Customer,20,Personal Travel,Eco,508,2,4,3,2,5,3,5,5,2,2,3,2,5,3.31,2,0,FALSE
Male,Loyal Customer,60,Business Travel,Business,1521,5,5,5,5,2,4,5,4,4,4,4,4,4,4.23,1,0,TRUE
Female,Loyal Customer,18,Personal Travel,Business,432,2,4,2,5,2,2,2,2,5,4,5,4,2,3.15,0,0,FALSE
Male,Loyal Customer,49,Personal Travel,Eco Plus,110,4,5,4,1,5,4,5,5,5,1,1,5,5,3.85,0,0,FALSE
Male,Loyal Customer,38,Personal Travel,Eco,287,4,4,4,2,4,4,4,4,4,5,5,5,4,4.08,11,0,TRUE
Female,Disloyal Customer,38,Business Travel,Business,1056,2,2,2,3,1,2,2,1,4,4,5,3,1,2.46,33,33,FALSE
Female,Loyal Customer,29,Personal Travel,Eco,2583,3,4,3,5,1,3,4,1,1,4,3,2,1,2.69,3,0,FALSE
Male,Loyal Customer,10,Personal Travel,Eco,842,4,1,4,3,1,4,1,1,3,5,4,3,1,2.69,0,0,FALSE
Male,Loyal Customer,51,Business Travel,Business,2374,3,3,3,3,5,5,5,4,4,4,4,4,3,3.85,0,0,TRUE
Male,Loyal Customer,29,Personal Travel,Eco,802,1,3,1,4,1,1,1,1,3,4,4,3,1,2.15,7,21,FALSE
Female,Loyal Customer,19,Personal Travel,Eco,493,3,5,3,4,2,3,2,2,3,5,5,4,2,3.31,6,0,FALSE
Female,Loyal Customer,63,Business Travel,Business,3767,2,3,3,3,1,3,4,2,2,2,2,3,4,2.62,0,0,FALSE
Female,Loyal Customer,42,Personal Travel,Eco Plus,862,1,5,1,2,2,4,4,4,4,1,4,3,5,3.08,12,0,FALSE
Male,Loyal Customer,66,Business Travel,Eco Plus,507,3,5,5,5,3,3,3,3,4,4,4,3,3,3.69,0,0,FALSE
Male,Loyal Customer,35,Business Travel,Eco,775,4,2,3,3,4,4,4,4,5,4,3,5,4,3.77,0,0,TRUE
Female,Loyal Customer,8,Personal Travel,Eco,2565,2,1,2,2,2,5,5,4,3,2,2,5,5,3.08,100,134,FALSE
Male,Disloyal Customer,20,Business Travel,Business,1972,5,0,5,3,3,5,3,3,5,2,4,3,3,3.38,0,0,TRUE
Male,Loyal Customer,47,Business Travel,Eco,746,4,5,5,5,4,4,4,4,3,2,1,1,4,3.54,0,0,TRUE
Female,Loyal Customer,25,Business Travel,Business,731,3,3,3,3,5,5,5,5,5,4,5,5,5,4.31,0,0,TRUE
Female,Loyal Customer,47,Personal Travel,Eco,353,1,5,4,4,4,5,4,3,3,4,3,3,3,3.54,0,0,FALSE
Female,Loyal Customer,64,Personal Travel,Eco,1119,4,5,3,1,2,5,4,4,4,3,4,4,4,3.62,0,1,FALSE
Female,Loyal Customer,34,Business Travel,Business,1657,3,3,3,3,4,5,5,4,4,4,4,4,5,3.92,7,7,TRUE
Female,Disloyal Customer,22,Business Travel,Eco,1069,2,3,3,3,4,3,4,4,3,3,2,4,4,3.23,9,0,TRUE
Male,Loyal Customer,37,Personal Travel,Eco,402,4,5,4,3,3,4,3,3,5,4,5,4,3,3.85,0,1,FALSE
Male,Loyal Customer,9,Personal Travel,Eco,986,3,5,3,5,5,3,5,5,4,3,5,4,5,4.23,0,0,FALSE
Female,Loyal Customer,49,Business Travel,Business,2843,1,1,1,1,4,4,5,4,4,4,4,5,4,3.23,58,35,TRUE
Male,Loyal Customer,57,Personal Travel,Eco,861,2,4,2,3,2,2,2,2,4,2,5,4,2,2.77,5,0,FALSE
Female,Loyal Customer,53,Business Travel,Business,3083,2,2,2,2,3,5,5,4,4,4,4,3,3,3.31,0,0,TRUE
Female,Disloyal Customer,39,Business Travel,Eco,299,3,3,3,3,2,3,2,2,2,1,4,3,2,2.54,0,0,FALSE
Female,Loyal Customer,27,Personal Travel,Eco,965,3,1,3,3,3,3,1,3,3,3,2,3,3,2.62,0,1,FALSE
Female,Loyal Customer,57,Personal Travel,Eco,628,3,4,3,1,3,4,5,1,1,3,1,5,5,3,0,0,FALSE
Male,Loyal Customer,32,Personal Travel,Eco,1444,3,4,3,3,1,3,1,1,4,4,3,2,1,2.54,19,3,FALSE
Female,Disloyal Customer,22,Business Travel,Eco,224,0,0,0,4,4,0,4,4,4,4,5,5,4,2.92,0,1,TRUE
Male,Loyal Customer,64,Personal Travel,Eco,1306,2,4,2,3,5,2,5,5,3,3,4,3,5,3.54,3,0,FALSE
Male,Loyal Customer,63,Personal Travel,Eco,308,2,4,3,2,5,3,5,5,5,3,5,3,5,3.85,0,0,FALSE
Female,Loyal Customer,9,Personal Travel,Eco,192,2,5,2,3,3,2,3,3,4,4,5,3,3,3.23,10,16,FALSE
Male,Loyal Customer,40,Business Travel,Business,1846,2,2,2,2,5,4,4,5,5,5,5,3,5,3.77,19,7,TRUE
Female,Loyal Customer,39,Business Travel,Business,3868,3,4,4,4,4,4,3,3,3,2,3,3,2,3.23,4,0,FALSE
Male,Loyal Customer,42,Business Travel,Eco,1337,1,4,4,4,2,1,2,2,1,3,3,2,2,2.38,0,0,FALSE
Male,Loyal Customer,36,Business Travel,Business,2133,3,1,1,1,1,1,2,3,3,3,3,2,1,1.92,68,57,FALSE
Female,Disloyal Customer,42,Business Travel,Business,422,2,2,2,1,3,2,3,3,5,4,4,4,3,2.92,0,0,TRUE
Male,Disloyal Customer,49,Business Travel,Business,280,3,3,3,4,2,3,2,2,3,5,5,3,2,3.08,0,0,FALSE
Male,Loyal Customer,24,Personal Travel,Eco,868,3,5,3,3,4,3,4,4,5,5,4,3,4,3.85,48,41,FALSE
Male,Loyal Customer,37,Personal Travel,Eco,1242,3,4,3,1,5,3,2,5,5,4,3,5,5,3.69,0,0,FALSE
Male,Loyal Customer,56,Business Travel,Business,562,4,4,4,4,4,5,4,5,5,5,5,4,5,4.46,24,20,TRUE
Male,Disloyal Customer,26,Business Travel,Business,468,1,1,1,4,5,1,5,5,3,5,5,3,5,3.38,0,0,FALSE
Female,Loyal Customer,57,Business Travel,Business,2492,4,4,4,4,2,5,5,5,5,5,5,5,3,4.31,0,0,TRUE
Female,Loyal Customer,69,Business Travel,Eco,362,2,3,3,3,2,3,3,2,2,2,2,3,2,2.46,9,32,FALSE
Female,Loyal Customer,31,Business Travel,Business,3580,4,4,4,4,4,4,5,4,5,2,4,4,4,4,1,5,TRUE
Female,Loyal Customer,60,Business Travel,Business,1990,2,2,2,2,2,5,5,4,4,4,4,3,3,3.23,0,0,TRUE
Female,Loyal Customer,20,Business Travel,Business,2116,1,3,3,3,1,1,1,1,3,3,4,3,1,2.15,0,0,FALSE
Male,Loyal Customer,41,Business Travel,Business,2419,5,5,5,5,4,4,4,5,5,5,5,5,4,4.69,0,0,TRUE
Male,Loyal Customer,80,Business Travel,Eco Plus,459,4,3,3,3,4,4,4,2,4,4,3,4,4,3.54,208,204,FALSE
Male,Loyal Customer,31,Business Travel,Eco,2704,0,0,0,4,4,4,4,1,5,5,5,4,4,3.08,0,14,TRUE
Male,Loyal Customer,53,Business Travel,Business,622,1,1,1,1,4,4,4,4,4,4,4,3,5,3.08,21,117,TRUE
Female,Disloyal Customer,24,Business Travel,Eco,861,1,2,2,2,3,2,3,3,5,3,5,4,3,2.92,0,0,FALSE
Male,Loyal Customer,26,Business Travel,Business,3454,3,5,5,5,3,3,3,3,1,4,2,1,3,3.15,108,92,FALSE
Male,Loyal Customer,55,Personal Travel,Eco,366,2,5,2,3,5,2,5,5,4,3,4,3,5,3.69,0,5,FALSE
Female,Loyal Customer,11,Personal Travel,Eco,1849,2,2,1,1,2,1,2,2,2,2,1,3,2,1.77,0,0,FALSE
Female,Loyal Customer,54,Business Travel,Business,335,5,5,5,5,3,5,4,4,4,4,4,3,5,4.31,0,0,TRUE
Male,Disloyal Customer,50,Business Travel,Eco,1050,4,4,4,3,3,4,3,3,1,4,4,1,3,3.15,1,7,FALSE
Male,Loyal Customer,16,Personal Travel,Eco,788,5,5,5,3,3,5,3,3,5,2,4,3,3,3.77,0,0,TRUE
Male,Disloyal Customer,20,Business Travel,Business,305,2,2,2,3,4,2,4,4,3,1,4,2,4,2.85,0,0,FALSE
Female,Loyal Customer,28,Business Travel,Business,1609,1,1,1,1,4,4,4,4,4,3,4,4,4,3,0,0,TRUE
Female,Loyal Customer,25,Personal Travel,Eco,2486,4,4,4,1,1,4,1,1,2,2,4,2,1,2.38,0,0,TRUE
Female,Disloyal Customer,37,Business Travel,Eco,221,2,1,2,4,3,2,3,3,2,1,3,4,3,2.54,0,6,FALSE
Female,Disloyal Customer,50,Business Travel,Eco,903,3,3,3,1,5,3,5,5,1,1,4,3,5,3.23,0,0,FALSE
Male,Loyal Customer,51,Business Travel,Business,1182,2,2,2,2,2,5,4,2,2,2,2,4,4,2.69,24,27,TRUE
Male,Loyal Customer,51,Business Travel,Business,2617,2,2,2,2,4,4,4,2,2,2,2,4,4,2.77,0,0,TRUE
Male,Disloyal Customer,37,Business Travel,Business,1838,2,2,2,1,3,2,3,3,5,3,4,4,3,2.85,4,2,FALSE
Female,Disloyal Customer,34,Business Travel,Eco,967,3,3,3,3,2,3,2,2,4,1,4,4,2,2.77,0,0,FALSE
Male,Disloyal Customer,21,Business Travel,Eco,867,5,5,5,4,5,5,5,5,3,5,5,4,5,4.69,0,0,TRUE
Male,Loyal Customer,45,Personal Travel,Eco,1990,3,3,4,3,5,4,5,5,5,1,3,2,5,3.69,7,77,FALSE
Female,Loyal Customer,60,Business Travel,Business,125,4,4,4,4,4,5,5,5,5,5,5,4,5,4.54,0,0,TRUE
Male,Loyal Customer,47,Business Travel,Eco,646,5,2,2,2,3,5,3,3,5,4,4,4,3,3.46,0,0,TRUE
Female,Disloyal Customer,37,Business Travel,Eco,834,3,3,3,1,5,3,5,5,4,2,3,1,5,3.31,4,0,FALSE
Female,Loyal Customer,73,Business Travel,Business,3909,2,3,3,3,5,2,3,2,2,2,2,3,2,2.62,72,74,FALSE
Male,Loyal Customer,31,Business Travel,Business,1497,4,4,4,4,4,4,4,4,5,2,5,5,4,4.08,0,0,TRUE
Female,Loyal Customer,51,Personal Travel,Eco Plus,819,3,3,3,5,4,3,4,4,4,3,3,2,4,3.46,0,0,FALSE
Male,Loyal Customer,36,Business Travel,Eco,387,5,1,1,1,5,5,5,5,3,5,2,2,5,3.46,0,0,TRUE
Male,Loyal Customer,40,Business Travel,Business,235,0,0,0,3,3,5,5,4,4,4,4,3,3,2.92,0,0,TRUE
Male,Loyal Customer,60,Business Travel,Business,1503,2,4,2,2,2,4,4,4,4,5,4,3,3,3.31,0,25,TRUE
Male,Loyal Customer,61,Business Travel,Business,226,3,3,3,3,4,4,4,5,5,5,5,5,3,4,14,8,TRUE
Male,Loyal Customer,44,Personal Travel,Eco,1660,2,2,2,4,2,2,2,2,4,5,4,1,2,2.62,0,0,FALSE
Female,Loyal Customer,59,Business Travel,Business,3795,1,1,3,1,3,4,4,4,4,4,4,5,3,3.15,9,0,TRUE
Female,Loyal Customer,45,Business Travel,Business,3238,3,3,2,3,5,5,4,3,3,4,3,5,5,3.69,0,0,TRUE
Female,Loyal Customer,16,Personal Travel,Eco,646,4,3,4,1,5,4,5,5,4,1,5,3,5,3.77,0,0,FALSE
Female,Disloyal Customer,24,Business Travel,Eco,413,5,4,5,2,3,5,3,3,1,4,1,4,3,3.31,0,0,TRUE
Female,Loyal Customer,30,Personal Travel,Eco,862,3,4,3,5,5,3,4,5,5,5,5,3,5,4.23,0,0,FALSE
Male,Loyal Customer,25,Personal Travel,Eco,460,1,4,1,1,2,1,4,2,3,3,4,1,2,2.23,74,69,FALSE
Female,Loyal Customer,40,Business Travel,Business,2758,3,3,3,3,5,5,5,4,4,4,4,4,4,3.92,0,0,TRUE
Female,Loyal Customer,39,Business Travel,Business,175,1,2,2,2,5,3,4,1,1,1,1,2,1,2,0,3,FALSE
Male,Loyal Customer,49,Business Travel,Business,3783,2,2,2,2,3,4,4,5,5,5,5,3,5,3.62,0,0,TRUE
Female,Disloyal Customer,37,Business Travel,Eco,128,1,0,1,4,2,1,4,2,4,4,1,5,2,2.38,0,0,FALSE
Female,Loyal Customer,21,Personal Travel,Eco,733,2,4,2,3,2,5,5,3,3,1,5,5,5,3.46,288,277,FALSE
Male,Disloyal Customer,39,Business Travel,Eco,828,4,4,4,3,5,4,5,5,5,5,5,4,5,4.46,0,0,FALSE
Female,Disloyal Customer,29,Business Travel,Business,733,4,4,4,4,5,4,2,5,5,4,5,5,5,4.31,0,0,FALSE
Female,Loyal Customer,23,Business Travel,Eco Plus,605,5,2,2,2,5,5,4,5,2,1,5,4,5,3.62,0,1,TRUE
Male,Loyal Customer,55,Business Travel,Eco,733,1,4,4,4,2,1,2,2,3,3,3,4,2,2.69,16,6,FALSE
Male,Loyal Customer,23,Personal Travel,Eco Plus,1428,2,5,2,5,4,2,5,4,5,4,4,4,4,3.85,0,0,FALSE
Female,Loyal Customer,24,Personal Travel,Eco,188,3,4,3,1,3,3,3,3,4,4,4,4,3,3.23,0,0,FALSE
Female,Loyal Customer,42,Business Travel,Business,2280,5,5,5,5,4,5,4,5,5,4,5,5,3,4.62,0,0,TRUE
Male,Loyal Customer,65,Personal Travel,Eco,173,3,3,3,2,5,3,5,5,4,5,4,5,5,4,33,37,FALSE
Male,Loyal Customer,38,Business Travel,Eco,557,2,2,2,2,2,2,2,2,2,4,4,3,2,2.38,0,24,FALSE
Female,Loyal Customer,53,Business Travel,Business,2131,2,4,2,2,5,5,4,5,5,5,5,4,5,4.08,48,49,TRUE
Female,Loyal Customer,12,Personal Travel,Eco,160,2,4,0,1,3,0,3,3,4,4,5,4,3,2.77,0,0,FALSE
Male,Loyal Customer,44,Business Travel,Eco,771,3,2,2,2,3,3,3,3,2,4,3,5,3,2.92,74,84,TRUE
Male,Loyal Customer,39,Business Travel,Business,2378,4,4,4,4,4,4,3,4,4,5,4,5,3,4,0,0,TRUE
Female,Loyal Customer,31,Business Travel,Eco Plus,587,4,2,2,2,4,3,4,4,3,4,3,1,4,3.08,0,0,FALSE
Female,Loyal Customer,50,Business Travel,Business,3683,1,2,1,1,4,4,5,4,4,4,4,4,3,3.15,0,0,TRUE
Female,Loyal Customer,44,Personal Travel,Eco,1119,1,1,1,3,4,3,4,3,3,1,3,3,2,2.46,0,0,FALSE
Female,Loyal Customer,35,Business Travel,Eco,765,4,1,2,1,4,4,4,4,5,2,2,1,4,2.92,8,5,TRUE
Male,Disloyal Customer,14,Business Travel,Eco,1085,3,2,2,1,1,2,1,1,5,3,5,3,1,2.31,12,0,FALSE
Male,Loyal Customer,47,Business Travel,Business,3359,1,1,1,1,4,4,4,5,5,5,5,4,4,3.38,0,0,TRUE
Female,Loyal Customer,26,Personal Travel,Eco,102,4,5,4,4,1,4,1,1,5,5,5,5,1,3.46,8,6,FALSE
Female,Loyal Customer,60,Business Travel,Business,2454,1,1,1,1,4,4,4,5,4,3,4,4,4,3.08,47,35,TRUE
Male,Loyal Customer,53,Business Travel,Business,2918,2,2,2,2,3,4,4,5,5,5,5,5,5,3.77,0,9,TRUE
Female,Loyal Customer,55,Personal Travel,Eco,1197,3,1,3,3,5,2,4,3,3,3,3,1,2,2.77,16,14,FALSE
Male,Loyal Customer,51,Business Travel,Business,1892,2,2,2,2,5,3,5,3,3,3,3,3,4,3.08,0,0,TRUE
Male,Disloyal Customer,27,Business Travel,Business,590,2,2,2,2,5,2,5,5,4,3,4,3,5,3.38,0,0,FALSE
Female,Loyal Customer,22,Business Travel,Business,544,5,5,2,5,5,5,5,5,4,4,5,3,5,4.46,0,0,TRUE
Male,Loyal Customer,21,Business Travel,Business,684,3,3,3,3,5,5,5,5,3,3,4,3,5,3.85,0,0,TRUE
Female,Loyal Customer,48,Business Travel,Business,562,3,3,3,3,5,4,4,3,3,4,3,5,4,3.62,0,0,TRUE
Male,Loyal Customer,43,Business Travel,Business,3404,2,2,2,2,4,4,5,4,4,4,4,5,5,3.62,0,2,TRUE
Female,Loyal Customer,32,Personal Travel,Eco Plus,1024,1,5,1,4,1,5,5,4,4,5,5,5,5,3.85,240,227,FALSE
Male,Loyal Customer,21,Business Travel,Business,3924,3,3,3,3,5,5,5,5,4,4,5,3,5,4.08,1,0,TRUE
Male,Loyal Customer,55,Personal Travel,Eco Plus,479,3,2,3,4,4,3,4,4,1,5,3,3,4,3.31,0,0,FALSE
Female,Loyal Customer,18,Personal Travel,Eco,534,3,4,3,1,4,3,4,4,5,5,4,5,4,3.77,0,0,FALSE
Male,Loyal Customer,43,Business Travel,Business,3301,4,3,1,3,2,3,4,4,4,4,4,2,3,3.15,6,4,FALSE
Female,Loyal Customer,41,Business Travel,Business,3784,2,2,2,2,5,5,5,5,5,4,4,5,5,3.92,0,0,TRUE
Female,Loyal Customer,40,Business Travel,Business,1471,1,1,1,1,5,4,5,5,5,5,5,5,4,3.62,0,0,TRUE
Female,Loyal Customer,17,Business Travel,Business,1024,2,2,2,2,5,5,5,5,3,4,5,4,5,3.77,0,12,TRUE
Female,Loyal Customer,42,Business Travel,Eco,295,4,1,1,1,3,3,4,5,5,4,5,1,2,3,17,19,FALSE
Male,Loyal Customer,33,Business Travel,Eco Plus,533,1,4,4,4,1,2,1,1,2,2,4,2,1,2.23,7,1,FALSE
Female,Loyal Customer,28,Business Travel,Business,2212,4,4,2,4,3,5,3,3,5,3,4,3,3,3.54,96,98,TRUE
Female,Loyal Customer,55,Business Travel,Eco,680,4,2,4,4,2,3,1,4,4,4,4,5,1,3.23,0,4,TRUE
Male,Disloyal Customer,21,Business Travel,Eco,801,2,2,2,3,2,5,5,4,3,3,3,5,5,3.38,231,227,FALSE
Male,Loyal Customer,43,Business Travel,Business,449,3,3,3,3,2,4,4,5,5,5,5,3,3,3.69,45,42,TRUE
Male,Loyal Customer,66,Personal Travel,Eco,590,1,5,1,2,4,1,4,4,3,2,5,5,4,3.15,0,0,FALSE
Female,Loyal Customer,65,Business Travel,Business,332,0,0,0,2,4,5,4,3,3,3,3,3,3,2.54,9,5,TRUE
Female,Loyal Customer,51,Business Travel,Business,679,1,1,1,1,3,4,4,5,5,5,5,3,4,3.23,0,0,TRUE
Female,Disloyal Customer,25,Business Travel,Eco Plus,366,2,2,2,4,5,2,5,5,4,3,3,1,5,3.31,0,0,FALSE
Female,Loyal Customer,56,Business Travel,Business,646,1,1,4,1,3,4,5,4,4,4,4,3,4,3.23,0,0,TRUE
Male,Loyal Customer,23,Business Travel,Business,954,2,2,2,2,4,4,4,4,1,1,1,5,4,2.77,0,0,TRUE
Female,Disloyal Customer,20,Business Travel,Eco,1013,4,4,4,2,2,4,2,2,4,2,2,5,2,3,7,8,TRUE
Female,Loyal Customer,11,Personal Travel,Eco,946,2,3,2,4,1,2,1,1,1,4,4,4,1,2.31,0,0,FALSE
Female,Loyal Customer,75,Business Travel,Business,2142,3,3,3,3,1,3,3,3,3,3,3,4,2,2.85,11,0,FALSE
Female,Loyal Customer,49,Personal Travel,Eco,236,2,5,2,3,2,4,5,1,1,2,1,3,4,2.69,0,0,FALSE
Female,Disloyal Customer,13,Business Travel,Eco,813,3,3,3,3,2,3,2,2,1,1,3,1,2,2.23,0,0,FALSE
Female,Loyal Customer,46,Business Travel,Business,834,5,5,5,5,4,1,1,4,4,4,4,2,5,3.77,1,2,TRUE
Female,Loyal Customer,13,Personal Travel,Eco,288,2,5,4,4,3,4,3,3,3,4,4,4,3,3.54,0,0,FALSE
Male,Loyal Customer,26,Business Travel,Eco,2417,0,4,0,2,3,0,3,3,4,1,5,5,3,2.54,0,0,TRUE
Male,Loyal Customer,65,Business Travel,Business,2436,5,4,5,5,3,4,4,4,4,4,4,4,5,4.23,3,0,TRUE
Male,Loyal Customer,58,Business Travel,Business,775,1,1,1,1,2,4,4,2,2,2,2,4,3,2.23,26,58,TRUE
Female,Loyal Customer,58,Business Travel,Business,1951,0,0,0,2,5,5,5,5,5,5,5,4,3,3.38,8,0,TRUE
Male,Loyal Customer,48,Business Travel,Business,3343,5,5,5,5,3,5,4,4,4,4,4,3,4,4.23,5,0,TRUE
Male,Loyal Customer,41,Personal Travel,Eco,192,1,5,1,1,3,1,4,3,4,4,5,3,3,2.92,0,0,FALSE
Male,Loyal Customer,36,Personal Travel,Eco,744,2,4,2,4,5,2,5,5,3,3,4,3,5,3.62,0,0,FALSE
Male,Disloyal Customer,50,Business Travel,Eco,1064,5,5,5,4,2,5,2,2,2,5,1,3,2,3.31,20,14,TRUE
Male,Loyal Customer,37,Personal Travel,Eco,983,1,4,1,4,4,1,4,4,3,5,4,1,4,3.08,12,0,FALSE
Male,Loyal Customer,55,Personal Travel,Eco,911,3,2,3,4,5,3,5,5,1,1,4,4,5,3.46,0,0,FALSE
Female,Loyal Customer,64,Personal Travel,Eco,651,1,4,0,1,1,2,1,1,1,0,1,3,2,1.38,28,9,FALSE
Male,Loyal Customer,30,Business Travel,Business,3626,1,3,3,3,1,1,1,1,4,3,3,4,1,2.23,0,7,FALSE
Male,Loyal Customer,41,Business Travel,Business,3298,4,4,4,4,4,4,5,4,4,4,4,5,5,4.23,0,0,TRUE
Female,Loyal Customer,64,Personal Travel,Eco,67,2,5,2,3,4,4,5,3,3,2,3,4,4,3.38,0,0,FALSE
Male,Loyal Customer,56,Personal Travel,Eco,1061,4,3,4,4,2,4,2,2,2,3,2,4,2,2.92,0,0,TRUE
Male,Loyal Customer,35,Personal Travel,Eco,199,3,4,3,4,3,3,3,3,5,3,4,4,3,3.46,38,42,FALSE
Male,Loyal Customer,23,Business Travel,Business,594,3,3,3,3,3,3,3,3,5,4,5,3,3,3.38,53,36,TRUE
Female,Loyal Customer,38,Personal Travel,Eco,196,3,3,3,3,5,3,5,5,2,2,4,2,5,3.46,0,9,FALSE
Male,Loyal Customer,40,Business Travel,Business,334,2,2,2,2,3,4,4,4,4,4,4,4,3,3.23,0,39,TRUE
Female,Disloyal Customer,42,Business Travel,Eco,861,3,2,2,3,4,2,4,4,2,1,5,2,4,2.92,0,0,FALSE
Female,Loyal Customer,43,Business Travel,Business,417,5,5,5,5,4,4,5,2,2,2,2,4,4,3.77,37,31,TRUE
Female,Loyal Customer,62,Personal Travel,Eco Plus,2556,3,5,2,3,4,5,5,3,3,2,3,3,5,3.54,0,0,FALSE
Male,Loyal Customer,54,Business Travel,Business,861,5,2,5,5,3,4,5,1,1,2,1,4,5,3.31,98,113,TRUE
Female,Loyal Customer,29,Business Travel,Business,1587,3,1,4,4,3,3,3,3,2,2,2,2,3,2.69,11,3,FALSE
Male,Loyal Customer,24,Business Travel,Eco Plus,1180,4,3,3,3,4,5,5,4,4,5,5,1,4,3.85,0,0,TRUE
Female,Loyal Customer,39,Business Travel,Business,2182,3,3,3,3,5,3,5,5,5,5,5,4,3,4,31,31,TRUE
Female,Loyal Customer,40,Business Travel,Business,802,2,5,5,5,3,3,4,2,2,2,2,1,1,2.85,0,0,FALSE
Female,Loyal Customer,51,Personal Travel,Eco,429,3,5,3,5,4,3,2,4,4,3,4,3,1,3.38,0,0,FALSE
Female,Loyal Customer,48,Personal Travel,Eco,1892,2,3,2,3,4,3,4,5,5,2,5,2,5,3.46,0,0,FALSE
Male,Loyal Customer,41,Business Travel,Business,356,1,1,1,1,5,4,5,4,4,4,4,5,5,3.38,25,20,TRUE
Female,Loyal Customer,14,Personal Travel,Eco,192,4,4,4,4,3,4,3,3,3,4,5,5,3,3.77,76,74,FALSE
Female,Loyal Customer,67,Business Travel,Eco Plus,765,5,1,1,1,1,3,4,5,5,5,5,1,5,3.23,14,5,TRUE
Female,Loyal Customer,44,Business Travel,Business,227,2,4,2,2,5,4,4,4,4,4,4,5,3,3.62,0,0,TRUE
Male,Loyal Customer,55,Personal Travel,Eco,423,3,1,3,3,1,3,1,1,3,2,3,4,1,2.23,13,23,FALSE
Female,Loyal Customer,43,Personal Travel,Eco,148,2,4,2,3,5,5,5,4,4,2,4,3,3,3.54,3,0,FALSE
Male,Disloyal Customer,19,Business Travel,Business,3801,3,2,3,4,3,4,5,4,5,2,3,5,5,3.69,0,0,FALSE
Male,Loyal Customer,61,Business Travel,Business,3636,2,2,2,2,3,4,1,5,5,5,5,2,1,3,14,7,TRUE
Female,Loyal Customer,42,Business Travel,Business,1928,2,2,2,2,2,5,5,5,5,5,5,3,5,3.69,77,75,TRUE
Female,Loyal Customer,46,Business Travel,Business,3928,2,2,2,2,1,3,2,2,2,2,2,3,4,2.23,14,0,FALSE
Female,Loyal Customer,24,Business Travel,Business,628,2,2,2,2,3,3,3,3,4,3,4,3,3,2.85,4,4,TRUE
Male,Loyal Customer,60,Business Travel,Business,303,3,3,3,3,3,5,5,5,5,5,5,3,5,4.08,0,0,TRUE
Female,Disloyal Customer,19,Business Travel,Eco,550,4,4,5,4,2,5,2,2,4,3,5,3,2,3.46,0,7,TRUE
Male,Loyal Customer,37,Business Travel,Business,1460,5,5,5,5,4,5,4,3,3,4,3,5,3,4.15,0,0,TRUE
Male,Loyal Customer,22,Business Travel,Business,2001,2,2,2,2,5,4,5,5,5,3,5,3,5,3.69,0,0,TRUE
Female,Loyal Customer,46,Business Travel,Eco Plus,1205,2,5,4,4,3,3,4,2,2,2,2,3,4,3.08,0,0,FALSE
Female,Loyal Customer,26,Personal Travel,Eco,1824,3,4,2,3,2,2,5,2,4,3,5,3,2,3.08,0,0,FALSE
Female,Disloyal Customer,36,Business Travel,Eco,1044,1,1,1,3,1,5,5,4,1,1,3,5,5,2.77,216,210,FALSE
Male,Loyal Customer,52,Business Travel,Business,2584,2,2,2,2,2,2,2,2,2,1,2,1,2,1.85,0,0,FALSE
Female,Disloyal Customer,24,Business Travel,Eco,604,4,4,4,4,4,1,1,4,5,4,5,1,1,3.23,360,409,TRUE
Male,Disloyal Customer,52,Business Travel,Eco,784,1,1,1,2,2,1,4,2,2,1,2,1,2,1.69,0,0,FALSE
Female,Loyal Customer,51,Business Travel,Business,693,1,1,1,1,2,4,5,4,4,4,4,5,4,3.08,0,52,TRUE
Female,Loyal Customer,53,Business Travel,Business,3521,1,1,1,1,4,4,5,4,4,4,4,5,3,3.15,0,0,TRUE
Female,Disloyal Customer,37,Business Travel,Eco,624,2,0,2,4,3,2,2,3,2,4,1,3,3,2.38,7,8,FALSE
Male,Loyal Customer,30,Business Travel,Business,896,5,5,4,5,5,5,5,5,1,4,3,5,5,4.38,11,1,TRUE
Male,Disloyal Customer,24,Business Travel,Eco,194,5,0,5,2,5,5,5,5,3,1,3,1,5,3.46,0,0,TRUE
Male,Loyal Customer,22,Business Travel,Business,3958,1,5,5,5,1,2,1,1,3,3,4,3,1,2.69,0,0,FALSE
Male,Loyal Customer,39,Business Travel,Business,3061,1,1,1,1,4,5,5,4,4,4,4,3,3,3.08,33,24,TRUE
Male,Loyal Customer,56,Business Travel,Eco,404,1,2,1,2,2,1,2,2,1,3,2,1,2,1.69,0,2,FALSE
Male,Loyal Customer,21,Business Travel,Eco,1437,4,1,5,1,4,4,1,4,4,3,4,2,4,3.15,0,0,FALSE
Female,Loyal Customer,32,Business Travel,Business,164,2,4,4,4,1,1,2,1,1,1,4,4,1,2.31,0,0,FALSE
Male,Loyal Customer,24,Personal Travel,Eco,1592,0,3,0,1,3,0,3,3,4,2,5,5,3,2.46,93,86,TRUE
Female,Loyal Customer,48,Business Travel,Business,3361,3,3,5,3,4,2,3,5,5,5,4,4,2,3.69,0,0,TRUE
Male,Loyal Customer,45,Business Travel,Eco,1250,2,4,4,4,2,2,2,2,3,1,1,3,2,2.46,0,0,TRUE
Male,Loyal Customer,30,Business Travel,Business,649,1,1,1,1,5,5,5,5,5,2,4,4,5,3.38,2,0,TRUE
Male,Loyal Customer,16,Personal Travel,Eco,476,3,4,3,3,2,3,2,2,1,2,3,1,2,2.38,17,11,FALSE
Female,Loyal Customer,48,Business Travel,Business,1400,3,3,3,3,2,5,4,5,5,4,5,5,3,3.85,59,78,TRUE
Female,Loyal Customer,41,Business Travel,Eco,394,4,1,1,1,4,4,4,4,5,3,3,4,4,3.23,6,0,TRUE
Male,Disloyal Customer,27,Business Travel,Eco,373,2,4,2,2,5,2,5,5,4,3,3,3,5,3.46,0,0,FALSE
Female,Disloyal Customer,37,Business Travel,Eco Plus,251,3,3,3,2,2,3,2,2,4,2,3,4,2,2.69,0,0,FALSE
Female,Loyal Customer,55,Business Travel,Business,1913,2,1,4,1,3,4,4,2,2,2,2,1,3,2.38,0,0,FALSE
Male,Loyal Customer,39,Personal Travel,Eco,735,2,4,2,5,2,2,2,2,5,2,5,5,2,3.08,1,0,FALSE
Female,Disloyal Customer,26,Business Travel,Business,265,5,0,5,4,2,5,2,2,4,5,4,5,2,3.46,13,22,TRUE
Male,Loyal Customer,21,Personal Travel,Eco,1091,2,3,2,3,5,2,5,5,2,2,5,4,5,3.46,0,0,FALSE
Female,Loyal Customer,28,Personal Travel,Eco,271,1,5,1,5,3,1,1,3,1,1,2,3,3,2.31,0,0,FALSE
Female,Loyal Customer,25,Personal Travel,Eco,626,1,1,1,2,4,1,4,4,4,1,2,3,4,2.46,43,35,FALSE
Female,Loyal Customer,37,Personal Travel,Eco,1500,4,3,4,4,4,4,4,4,1,3,3,2,4,3.38,0,0,TRUE
Female,Loyal Customer,26,Personal Travel,Eco,479,3,1,3,3,3,3,3,3,4,4,3,4,3,3.08,0,0,FALSE
Male,Loyal Customer,51,Business Travel,Business,1020,2,2,2,2,3,5,4,5,5,5,5,4,3,3.62,0,0,TRUE
Male,Loyal Customer,39,Business Travel,Business,3015,1,1,1,1,4,5,5,5,5,5,5,4,3,3.46,0,0,TRUE
Male,Loyal Customer,45,Business Travel,Business,826,5,5,5,5,3,3,4,5,5,5,5,1,4,4.23,5,29,TRUE
Male,Loyal Customer,40,Business Travel,Business,733,4,4,2,4,2,4,5,5,5,5,5,5,3,4.08,0,0,TRUE
Male,Disloyal Customer,56,Business Travel,Business,223,2,2,2,2,5,2,5,5,4,4,5,4,5,3.62,10,10,FALSE
Male,Loyal Customer,33,Business Travel,Business,3486,3,3,4,3,4,4,5,4,4,5,3,5,4,3.92,0,0,TRUE
Female,Loyal Customer,59,Personal Travel,Eco Plus,134,3,2,3,3,2,3,3,4,4,3,4,4,2,3.08,82,79,FALSE
Male,Loyal Customer,55,Business Travel,Business,2388,4,1,1,1,2,4,4,4,4,4,4,3,4,3.08,0,0,FALSE
Female,Loyal Customer,39,Business Travel,Eco,1514,3,3,3,3,3,3,3,3,4,2,3,2,3,2.92,28,12,FALSE
Male,Loyal Customer,48,Personal Travel,Eco,373,3,3,4,4,1,4,1,1,2,4,1,3,1,2.46,0,0,FALSE
Female,Loyal Customer,61,Personal Travel,Business,907,3,4,3,3,4,4,4,3,3,3,3,2,4,3.31,16,0,FALSE
Male,Loyal Customer,8,Personal Travel,Eco,590,3,1,3,2,4,3,4,4,2,5,2,2,4,3,0,0,FALSE
Male,Disloyal Customer,23,Business Travel,Eco,1295,5,5,5,2,5,4,4,3,2,4,4,4,4,3.92,0,17,TRUE
Female,Loyal Customer,63,Personal Travel,Eco,772,3,4,4,4,2,5,1,3,3,4,3,1,5,3.23,0,0,FALSE
Male,Loyal Customer,53,Personal Travel,Business,862,3,5,3,1,5,4,4,4,4,3,4,5,3,3.69,8,0,FALSE
Male,Disloyal Customer,41,Business Travel,Business,403,2,2,2,4,3,2,3,3,4,5,5,5,3,3.31,0,22,FALSE
Female,Loyal Customer,36,Business Travel,Business,896,5,4,5,5,3,5,5,5,5,5,5,3,1,4.31,91,85,TRUE
Male,Loyal Customer,69,Personal Travel,Eco,236,1,1,1,3,4,1,4,4,1,2,4,4,4,2.62,1,0,FALSE
Male,Loyal Customer,46,Business Travel,Business,2019,3,1,1,1,1,4,4,3,3,3,3,2,4,2.54,63,97,FALSE
Male,Loyal Customer,33,Personal Travel,Eco,73,4,4,4,4,1,4,1,1,3,4,3,4,1,2.92,0,0,FALSE
Male,Disloyal Customer,36,Business Travel,Business,271,2,1,1,5,3,1,1,3,5,3,4,5,3,2.85,104,101,FALSE
Female,Loyal Customer,46,Personal Travel,Eco,214,4,0,0,1,4,5,4,1,1,0,1,3,4,2.15,0,0,FALSE
Female,Loyal Customer,46,Business Travel,Business,2721,1,2,1,1,5,5,5,4,4,5,4,4,4,3.46,0,0,TRUE
Female,Loyal Customer,20,Business Travel,Business,2556,3,3,3,3,5,5,5,5,5,4,5,5,5,4.31,0,9,TRUE
Female,Disloyal Customer,30,Business Travel,Eco,972,1,1,1,3,4,1,4,4,4,5,3,3,4,2.92,15,19,FALSE
Female,Loyal Customer,52,Business Travel,Eco,964,3,3,2,2,4,4,3,3,3,3,3,1,1,2.69,0,0,FALSE
Female,Loyal Customer,41,Business Travel,Eco,651,3,3,3,3,3,3,3,3,2,3,3,2,3,2.85,38,31,FALSE
Female,Disloyal Customer,36,Business Travel,Eco,1005,1,0,0,2,3,0,5,3,2,1,3,5,3,2.15,20,10,FALSE
Male,Loyal Customer,32,Business Travel,Business,432,1,1,1,1,5,5,5,5,3,2,5,5,5,3.38,0,5,TRUE
Male,Disloyal Customer,24,Business Travel,Eco,677,1,1,1,4,4,1,4,4,1,2,4,3,4,2.62,9,18,FALSE
Female,Loyal Customer,58,Business Travel,Business,647,1,1,1,1,3,4,5,4,4,4,4,3,3,2.92,2,0,TRUE
Male,Loyal Customer,55,Business Travel,Business,3810,2,2,2,2,3,5,4,5,5,5,5,5,4,3.77,0,0,TRUE
Female,Loyal Customer,57,Business Travel,Business,397,4,4,4,4,4,4,4,4,3,5,4,4,4,4,151,152,TRUE
Female,Disloyal Customer,24,Business Travel,Eco,1105,4,4,4,3,3,4,5,3,4,5,4,4,3,3.85,0,0,FALSE
Female,Loyal Customer,74,Business Travel,Business,1968,5,5,5,5,5,5,4,5,5,5,5,3,5,4.77,0,0,TRUE
Female,Disloyal Customer,26,Business Travel,Business,1438,5,5,5,1,3,5,3,3,5,3,5,4,3,3.85,0,0,TRUE
Male,Loyal Customer,59,Business Travel,Business,2334,1,1,1,1,4,5,4,5,5,5,5,3,3,3.31,0,0,TRUE
Male,Loyal Customer,35,Personal Travel,Eco,488,3,0,3,3,2,3,2,2,5,2,5,3,2,2.69,0,86,FALSE
Female,Loyal Customer,60,Business Travel,Business,1185,3,3,3,3,4,4,4,5,5,5,5,3,5,4,19,5,TRUE
Male,Loyal Customer,53,Business Travel,Business,507,3,3,3,3,2,4,5,5,5,5,5,3,3,3.77,0,0,TRUE
Male,Loyal Customer,19,Personal Travel,Eco,867,2,1,2,3,3,2,3,3,1,4,3,3,3,2.54,0,0,FALSE
Male,Loyal Customer,65,Personal Travel,Eco,1587,3,4,3,2,2,3,2,2,4,5,4,5,2,3.15,0,0,FALSE
Female,Loyal Customer,17,Personal Travel,Eco,365,1,4,1,4,2,1,5,2,4,2,5,4,2,2.85,49,47,FALSE
Female,Loyal Customer,44,Personal Travel,Eco Plus,200,1,3,1,3,2,3,4,3,3,1,3,2,4,2.54,0,0,FALSE
Male,Loyal Customer,60,Personal Travel,Eco,501,2,5,2,5,3,2,3,3,3,2,4,4,3,3.15,0,0,FALSE
Male,Loyal Customer,70,Personal Travel,Eco,944,3,2,3,3,5,3,5,5,4,2,4,1,5,3.46,16,0,FALSE
Male,Loyal Customer,67,Personal Travel,Eco,859,2,5,2,1,2,2,2,2,5,2,5,3,2,2.69,26,29,FALSE
Female,Loyal Customer,37,Business Travel,Business,2714,1,1,3,1,3,4,4,4,4,4,4,5,3,3.15,0,0,TRUE
Female,Loyal Customer,25,Business Travel,Business,3496,3,2,2,2,3,3,3,3,2,4,3,2,3,2.69,0,0,FALSE
Male,Loyal Customer,47,Business Travel,Business,2330,5,5,5,5,3,4,5,5,5,5,5,3,5,4.62,0,0,TRUE
Female,Disloyal Customer,52,Business Travel,Business,530,3,3,3,3,4,3,5,4,3,3,4,4,4,3.54,0,0,TRUE
Female,Loyal Customer,27,Business Travel,Business,696,1,3,3,3,1,2,1,1,4,3,4,4,1,2.38,1,0,FALSE
Male,Loyal Customer,56,Personal Travel,Eco,239,2,3,2,5,3,2,4,3,5,1,3,1,3,2.85,21,17,FALSE
Female,Disloyal Customer,25,Business Travel,Business,661,5,4,5,1,1,5,1,1,5,4,4,5,1,3.23,0,0,TRUE
Female,Loyal Customer,59,Business Travel,Business,327,2,2,2,2,1,2,3,4,4,4,4,2,3,2.69,1,0,TRUE
Female,Loyal Customer,37,Personal Travel,Eco,986,3,4,3,3,4,3,4,4,5,5,5,4,4,3.92,9,0,FALSE
Female,Loyal Customer,40,Business Travel,Business,1288,5,5,5,5,3,3,1,5,5,5,5,2,3,4,0,0,TRUE
Female,Loyal Customer,50,Personal Travel,Business,329,1,4,2,3,4,4,4,2,2,2,5,2,3,2.92,0,0,FALSE
Female,Loyal Customer,37,Business Travel,Eco Plus,1542,4,2,2,2,4,4,4,4,3,4,5,2,4,3.38,0,0,TRUE
Female,Disloyal Customer,24,Business Travel,Business,780,2,3,2,2,5,2,4,5,4,1,3,2,5,3.08,5,28,FALSE
Female,Loyal Customer,43,Personal Travel,Business,374,3,4,3,3,3,4,1,5,5,3,5,4,1,3.38,0,0,FALSE
Male,Disloyal Customer,20,Business Travel,Eco,867,3,3,3,2,3,3,3,3,3,1,3,5,3,2.92,0,0,FALSE
Female,Loyal Customer,21,Business Travel,Eco,337,3,3,3,3,3,3,2,3,1,3,3,1,3,2.62,0,0,FALSE
Male,Loyal Customer,66,Personal Travel,Eco,363,2,2,2,2,3,2,3,3,1,4,3,1,3,2.38,11,7,FALSE
Male,Disloyal Customer,23,Business Travel,Eco,196,4,3,4,3,2,4,2,2,1,5,3,1,2,2.77,7,4,FALSE
Female,Loyal Customer,42,Business Travel,Eco,1249,2,3,3,3,4,4,4,2,2,2,2,2,3,2.77,0,0,FALSE
Male,Disloyal Customer,50,Business Travel,Eco,657,1,1,1,3,3,1,3,3,2,4,4,1,3,2.31,20,19,FALSE
Male,Disloyal Customer,29,Business Travel,Business,1189,2,2,2,3,4,2,4,4,3,4,4,5,4,3.31,0,0,FALSE
Female,Loyal Customer,39,Business Travel,Business,2514,3,3,3,3,2,5,5,2,2,2,2,4,4,3.08,14,20,TRUE
Female,Loyal Customer,25,Personal Travel,Eco,1069,1,5,1,4,4,1,4,4,5,5,5,3,4,3.54,69,63,FALSE
Female,Loyal Customer,49,Business Travel,Business,2049,5,5,5,5,2,1,2,4,4,4,4,5,4,3.85,0,0,TRUE
Male,Loyal Customer,41,Business Travel,Business,861,3,3,3,3,5,5,5,3,3,4,3,5,5,3.85,0,0,TRUE
Female,Loyal Customer,57,Business Travel,Eco,361,2,4,4,4,3,3,4,2,2,2,2,2,3,2.85,0,0,FALSE
Male,Loyal Customer,34,Personal Travel,Eco,621,0,5,1,2,4,1,4,4,4,5,4,4,4,3.23,5,0,TRUE
Female,Loyal Customer,38,Business Travel,Business,2005,2,3,3,3,3,4,4,2,2,2,2,2,4,2.77,38,80,FALSE
Female,Loyal Customer,36,Business Travel,Business,1123,3,3,3,3,1,1,4,5,5,5,5,2,1,3.15,0,0,TRUE
Male,Loyal Customer,32,Business Travel,Business,978,3,4,5,4,3,3,3,3,3,4,3,1,3,3.23,0,0,FALSE
Male,Disloyal Customer,56,Business Travel,Eco,1009,4,4,4,3,2,4,2,2,4,2,4,4,2,3.15,100,79,FALSE
Male,Disloyal Customer,26,Business Travel,Eco,594,1,5,1,3,3,1,3,3,4,3,2,1,3,2.54,0,0,FALSE
Female,Loyal Customer,58,Business Travel,Business,2006,1,1,1,1,5,5,5,4,4,4,5,3,3,3.23,0,0,TRUE
Male,Loyal Customer,14,Personal Travel,Business,759,3,5,3,1,5,3,5,5,4,5,4,3,5,3.92,0,0,FALSE
Male,Disloyal Customer,37,Business Travel,Business,628,3,3,3,2,2,3,2,2,3,3,4,5,2,2.85,0,0,FALSE
Male,Loyal Customer,36,Personal Travel,Business,1299,1,4,1,1,5,3,5,5,5,1,3,4,5,3.31,0,20,FALSE
Male,Loyal Customer,68,Business Travel,Eco Plus,249,4,3,3,3,4,4,4,4,3,3,4,1,4,3.38,0,0,FALSE
Male,Loyal Customer,43,Business Travel,Eco,731,3,3,3,3,3,3,3,3,2,1,3,2,3,2.69,0,0,FALSE
Female,Disloyal Customer,22,Business Travel,Eco,134,2,2,2,3,5,2,2,5,3,1,3,1,5,2.77,103,114,FALSE
Female,Loyal Customer,70,Personal Travel,Eco,395,3,5,3,1,3,5,4,2,2,3,2,3,4,3.08,0,0,FALSE
Female,Loyal Customer,16,Personal Travel,Eco,1411,4,5,4,4,4,4,5,4,1,5,2,5,5,4,30,136,TRUE
Female,Loyal Customer,15,Personal Travel,Eco,937,2,5,2,1,2,2,2,2,5,3,5,4,2,2.85,0,0,FALSE
Male,Loyal Customer,41,Personal Travel,Eco,414,1,5,1,2,4,1,4,4,5,5,4,5,4,3.46,8,3,FALSE
Male,Disloyal Customer,22,Business Travel,Eco,472,4,4,4,4,5,4,5,5,3,5,5,5,5,4.46,4,2,TRUE
Male,Loyal Customer,22,Personal Travel,Eco,1514,2,4,2,4,5,2,5,5,5,2,5,4,5,3.85,15,7,FALSE
Male,Disloyal Customer,38,Business Travel,Eco,762,2,2,2,3,5,2,4,5,1,3,2,3,5,3,8,0,FALSE
Female,Disloyal Customer,38,Business Travel,Eco,331,1,1,1,4,1,1,1,1,2,4,3,3,1,1.85,0,0,FALSE
Female,Disloyal Customer,23,Business Travel,Eco,802,4,4,4,2,3,4,3,3,5,5,5,3,3,3.69,57,40,FALSE
Male,Loyal Customer,27,Business Travel,Business,1744,2,2,2,2,5,5,5,5,3,4,4,4,5,3.69,0,0,TRUE
Female,Loyal Customer,34,Personal Travel,Eco,641,3,5,4,3,4,4,4,4,4,2,4,4,4,3.77,61,66,FALSE
Female,Disloyal Customer,22,Business Travel,Eco,1180,3,3,3,4,3,3,4,3,4,2,4,4,3,3.31,13,0,FALSE
Female,Loyal Customer,39,Business Travel,Business,448,2,1,1,1,2,2,2,2,2,2,2,2,1,1.69,0,0,FALSE
Male,Loyal Customer,45,Business Travel,Business,3581,3,3,3,3,4,5,4,4,4,5,4,5,4,3.92,0,0,TRUE
Male,Loyal Customer,15,Business Travel,Business,3979,2,2,2,2,2,2,2,2,2,4,3,2,2,2.23,853,823,FALSE
Male,Disloyal Customer,18,Business Travel,Eco,500,4,3,4,2,2,4,2,2,5,4,3,3,2,3.08,0,0,FALSE
Female,Loyal Customer,25,Business Travel,Business,2689,5,5,5,5,5,5,5,5,5,5,5,4,5,4.92,0,0,TRUE
Male,Loyal Customer,35,Business Travel,Business,1912,5,5,5,5,1,4,5,5,5,5,5,2,2,4.15,0,4,TRUE
Male,Loyal Customer,39,Business Travel,Business,270,1,1,1,1,3,5,4,5,5,5,5,4,3,3.31,3,0,TRUE
Male,Loyal Customer,32,Personal Travel,Eco,964,2,5,2,2,3,2,3,3,5,2,5,5,3,3.23,97,94,FALSE
Female,Loyal Customer,36,Business Travel,Business,3200,5,5,5,5,3,4,5,3,3,3,3,5,5,4.15,21,37,TRUE
Female,Loyal Customer,13,Personal Travel,Eco Plus,594,1,3,1,2,2,1,2,2,1,1,3,4,2,1.92,14,12,FALSE
Male,Loyal Customer,46,Business Travel,Business,222,5,5,5,5,3,4,4,5,5,5,5,1,3,4.23,0,0,TRUE
Male,Loyal Customer,46,Business Travel,Business,2004,5,5,5,5,4,4,5,4,4,4,4,5,3,4.38,17,3,TRUE
Female,Disloyal Customer,24,Business Travel,Eco,227,1,4,1,2,3,1,1,3,5,5,4,5,3,2.92,4,1,FALSE
Female,Disloyal Customer,40,Business Travel,Business,272,3,2,2,2,5,2,5,5,5,1,5,2,5,3.38,0,0,FALSE
Female,Disloyal Customer,22,Business Travel,Business,1017,5,0,5,5,1,5,1,1,3,5,5,3,1,3.08,0,0,TRUE
Female,Loyal Customer,51,Business Travel,Business,237,3,3,3,3,3,4,4,5,5,5,5,4,5,4,83,79,TRUE
Female,Loyal Customer,39,Business Travel,Eco,1055,2,4,4,4,2,2,2,2,1,3,3,1,2,2.46,13,18,FALSE
Female,Loyal Customer,37,Business Travel,Eco,337,3,1,1,1,3,3,3,3,2,3,2,3,3,2.38,43,39,FALSE
Male,Loyal Customer,68,Personal Travel,Eco,1947,2,5,2,3,3,2,3,3,5,5,5,4,3,3.46,1,28,FALSE
Female,Loyal Customer,41,Personal Travel,Eco,1208,3,4,3,2,4,3,2,4,2,4,5,4,4,3.38,11,0,FALSE
Male,Loyal Customer,38,Business Travel,Eco,231,3,2,2,2,3,3,3,3,4,5,3,3,3,3,0,0,FALSE
Female,Disloyal Customer,56,Business Travel,Eco,224,2,4,2,3,3,2,3,3,3,1,4,2,3,2.69,0,0,FALSE
Male,Loyal Customer,60,Personal Travel,Eco,369,2,1,4,2,3,4,3,3,2,4,2,3,3,2.77,10,,FALSE
Male,Loyal Customer,63,Personal Travel,Eco,1514,2,2,2,3,3,2,3,3,3,4,4,4,3,2.92,0,10,FALSE
Female,Loyal Customer,15,Personal Travel,Eco,642,3,1,3,3,5,3,3,5,3,4,3,1,5,3.23,0,0,FALSE
Female,Loyal Customer,24,Business Travel,Business,552,2,4,4,4,2,2,2,2,2,3,4,2,2,2.69,0,0,FALSE
Male,Disloyal Customer,21,Business Travel,Business,533,0,3,0,3,5,0,5,5,4,5,5,3,5,3.31,0,0,TRUE
Female,Disloyal Customer,24,Business Travel,Eco,724,2,2,2,4,1,2,1,1,3,3,4,4,1,2.31,3,0,FALSE
Male,Disloyal Customer,26,Business Travel,Business,1372,0,0,0,2,1,0,1,1,5,5,4,5,1,1.92,0,2,TRUE
Female,Loyal Customer,22,Business Travel,Business,3751,4,4,5,5,4,4,4,4,1,5,3,3,4,3.85,13,24,FALSE
Female,Loyal Customer,10,Personal Travel,Eco,927,2,2,2,3,4,2,4,4,3,4,3,1,4,2.92,0,0,FALSE
Female,Loyal Customer,11,Business Travel,Business,3242,5,5,5,5,5,5,5,5,3,5,5,5,5,4.85,23,34,TRUE
Male,Loyal Customer,47,Business Travel,Business,2629,4,4,4,4,3,4,4,4,4,4,4,5,3,3.92,0,0,TRUE
Female,Loyal Customer,40,Personal Travel,Eco,1979,3,2,3,2,3,3,3,3,2,5,2,1,3,2.69,2,0,FALSE
Female,Loyal Customer,9,Personal Travel,Eco Plus,189,3,4,3,4,4,3,4,4,4,5,4,3,4,3.77,1,4,FALSE
Male,Loyal Customer,40,Business Travel,Business,1340,2,3,3,3,2,3,3,2,2,2,2,2,2,2.38,0,1,FALSE
Female,Loyal Customer,42,Business Travel,Eco,451,1,4,4,4,5,4,3,1,1,1,1,4,4,2.85,0,0,FALSE
Male,Loyal Customer,34,Business Travel,Business,361,5,5,5,5,4,5,5,5,5,5,5,5,3,4.77,2,1,TRUE
Male,Loyal Customer,19,Personal Travel,Eco,539,1,5,1,1,2,1,2,2,4,2,5,3,2,2.38,0,4,FALSE
Female,Loyal Customer,46,Business Travel,Business,2645,1,1,1,1,3,4,5,4,4,4,4,5,3,3.08,0,0,TRUE
Male,Loyal Customer,34,Business Travel,Business,3082,2,2,2,2,4,5,4,5,5,5,5,5,3,3.77,12,6,TRUE
Male,Loyal Customer,45,Personal Travel,Eco,860,4,5,4,2,5,4,5,5,4,2,4,3,5,4,0,0,FALSE
Female,Loyal Customer,10,Personal Travel,Eco,780,3,5,3,3,3,3,3,3,5,4,4,5,3,3.62,9,10,FALSE
Male,Loyal Customer,62,Personal Travel,Eco,1892,2,2,2,3,2,2,1,2,4,3,4,1,2,2.31,0,0,FALSE
Female,Disloyal Customer,23,Business Travel,Business,588,0,0,0,1,2,0,2,2,3,3,4,5,2,1.85,57,65,TRUE
Female,Loyal Customer,33,Business Travel,Business,3619,2,5,5,5,2,4,4,2,2,1,2,3,1,2.92,0,21,FALSE
Female,Disloyal Customer,37,Business Travel,Eco,483,3,4,3,4,5,3,5,5,5,1,4,2,5,3.77,5,2,FALSE
Male,Loyal Customer,9,Personal Travel,Eco,89,2,5,2,3,4,2,4,4,3,5,4,4,4,3.54,0,0,FALSE
Female,Loyal Customer,70,Personal Travel,Eco,534,3,4,3,2,5,5,4,3,3,3,3,4,5,3.62,0,0,FALSE
Female,Loyal Customer,53,Business Travel,Business,1390,1,1,1,1,2,4,4,4,4,4,4,3,5,2.92,66,60,TRUE
Female,Disloyal Customer,43,Business Travel,Eco,641,2,2,2,3,1,2,1,1,3,3,4,3,1,2.15,2,23,FALSE
Female,Loyal Customer,53,Personal Travel,Eco,447,2,5,4,1,2,4,4,1,1,4,1,4,4,2.85,0,0,FALSE
Male,Loyal Customer,23,Business Travel,Business,2199,3,3,3,3,2,2,2,2,4,4,4,5,2,3,57,40,TRUE
Female,Loyal Customer,41,Business Travel,Eco,467,3,1,5,5,3,3,3,3,1,5,2,1,3,2.92,0,27,TRUE
Female,Loyal Customer,53,Business Travel,Business,2520,3,3,5,3,2,4,4,4,4,4,4,5,3,3.69,3,1,TRUE
Male,Loyal Customer,27,Business Travel,Business,108,5,5,5,5,4,4,3,4,4,3,1,2,4,3.77,0,28,TRUE
Male,Loyal Customer,36,Business Travel,Business,2697,5,5,5,5,2,5,5,4,4,4,5,3,3,4.23,0,0,TRUE
Female,Loyal Customer,25,Business Travel,Business,2444,2,5,5,5,2,3,2,2,4,2,4,1,2,3,0,0,FALSE
Male,Loyal Customer,45,Business Travel,Business,472,5,5,5,5,4,5,5,5,5,5,5,3,4,4.69,26,63,TRUE
Female,Loyal Customer,43,Business Travel,Eco,321,3,2,4,2,3,2,2,3,3,3,3,2,2,2.62,3,0,FALSE
Male,Loyal Customer,42,Business Travel,Business,227,2,2,2,2,3,5,4,5,5,5,5,5,5,3.85,0,15,TRUE
Male,Loyal Customer,20,Business Travel,Business,1773,3,2,2,2,3,3,3,3,3,1,3,3,3,2.62,0,1,FALSE
Female,Loyal Customer,42,Personal Travel,Eco,462,3,3,3,2,1,2,1,5,5,3,5,3,2,2.92,0,9,FALSE
Male,Loyal Customer,46,Business Travel,Business,3700,3,3,4,3,5,4,4,3,2,5,5,4,4,3.77,108,132,TRUE
Female,Loyal Customer,55,Personal Travel,Eco Plus,820,3,2,3,4,5,3,4,4,4,3,4,1,4,3.38,18,27,FALSE
Female,Loyal Customer,31,Business Travel,Business,3226,0,4,0,4,5,5,5,5,2,3,4,4,5,3.54,0,0,TRUE
Male,Loyal Customer,47,Business Travel,Business,1979,1,1,4,1,5,4,4,4,4,5,4,3,5,3.46,0,0,TRUE
Male,Disloyal Customer,38,Business Travel,Eco,429,4,1,4,3,4,4,4,4,3,1,4,2,4,3.23,9,45,FALSE
Male,Loyal Customer,47,Personal Travel,Eco Plus,1956,4,1,4,2,3,4,3,3,3,3,1,2,3,2.77,0,0,TRUE
Male,Loyal Customer,35,Business Travel,Eco,370,4,3,3,3,4,3,4,4,2,1,3,3,4,3.15,0,0,FALSE
Male,Loyal Customer,38,Business Travel,Business,3664,2,4,4,4,5,3,3,3,3,3,2,1,4,3.15,21,22,FALSE
Male,Loyal Customer,63,Personal Travel,Eco,581,3,4,2,3,3,2,3,3,5,5,4,5,3,3.46,0,0,FALSE
Female,Loyal Customer,29,Business Travel,Business,3052,4,5,5,5,4,4,4,4,3,5,2,4,4,4.08,7,8,FALSE
Female,Loyal Customer,16,Personal Travel,Eco,312,2,4,2,3,5,2,5,5,3,2,4,2,5,3.38,10,7,FALSE
Female,Loyal Customer,56,Business Travel,Eco,328,4,4,4,4,2,1,5,4,4,4,4,5,5,3.85,0,0,TRUE
Female,Disloyal Customer,32,Business Travel,Business,764,2,2,2,3,4,2,4,4,5,3,4,3,4,3.23,14,15,FALSE
Female,Disloyal Customer,26,Business Travel,Eco,522,4,3,4,3,3,4,5,3,3,3,3,3,3,3.38,0,65,FALSE
Female,Loyal Customer,38,Business Travel,Eco,622,4,1,5,5,4,4,4,4,3,1,3,5,4,3.62,0,0,TRUE
Male,Loyal Customer,38,Business Travel,Business,512,3,3,3,3,2,3,3,3,3,3,3,1,3,2.77,0,0,FALSE
Male,Loyal Customer,35,Business Travel,Business,1337,1,1,3,1,4,5,5,5,5,5,5,3,3,3.54,0,17,TRUE
Female,Loyal Customer,42,Business Travel,Eco Plus,587,4,1,5,5,1,3,2,4,4,4,4,4,4,3.46,0,0,FALSE
Male,Loyal Customer,49,Personal Travel,Eco,1052,5,1,5,2,2,5,2,2,3,5,1,1,2,2.77,42,44,TRUE
Male,Disloyal Customer,36,Business Travel,Business,247,4,4,4,1,5,4,5,5,4,3,4,3,5,3.92,0,0,FALSE
Male,Loyal Customer,69,Personal Travel,Eco,1514,3,3,4,3,3,4,3,3,2,1,3,3,3,2.92,0,1,FALSE
Female,Loyal Customer,37,Business Travel,Business,3987,1,1,1,1,1,4,4,3,3,3,1,3,4,2.31,16,11,FALSE
Male,Loyal Customer,23,Personal Travel,Eco,343,1,4,1,1,5,1,5,5,5,2,5,2,5,3.23,0,0,FALSE
Male,Loyal Customer,67,Personal Travel,Eco Plus,2136,5,5,5,4,4,5,4,4,3,2,4,4,4,4.08,0,0,TRUE
Female,Loyal Customer,58,Personal Travel,Eco,991,3,4,2,1,5,5,5,1,1,2,1,5,5,3.08,97,111,FALSE
Male,Loyal Customer,56,Business Travel,Business,1389,3,3,3,3,5,4,5,5,5,5,5,4,5,4.23,0,0,TRUE
Female,Loyal Customer,57,Business Travel,Eco,404,3,3,3,3,1,3,3,3,3,3,3,4,1,2.77,0,0,FALSE
Female,Loyal Customer,14,Personal Travel,Eco,2554,1,5,0,4,4,0,4,4,1,3,3,5,4,2.92,0,0,FALSE
Male,Loyal Customer,46,Business Travel,Business,2496,4,4,4,4,2,4,4,5,5,5,5,3,5,4.15,0,0,TRUE
Male,Loyal Customer,25,Business Travel,Business,1440,5,5,5,5,4,4,4,4,5,5,5,5,4,4.62,57,105,TRUE
Male,Disloyal Customer,27,Business Travel,Eco,251,1,2,1,3,1,1,1,1,3,3,3,4,1,1.92,0,0,FALSE
Female,Loyal Customer,23,Business Travel,Business,2328,2,2,2,2,4,4,4,4,4,3,5,3,4,3.31,0,0,TRUE
Male,Disloyal Customer,37,Business Travel,Business,391,3,4,4,2,3,4,3,3,4,5,4,5,3,3.62,8,0,FALSE
Male,Loyal Customer,37,Personal Travel,Eco,192,2,5,2,4,2,2,2,2,5,5,4,5,2,3.23,19,18,FALSE
Female,Loyal Customer,35,Business Travel,Business,1428,1,1,1,1,5,3,4,4,4,4,4,1,3,2.77,0,0,TRUE
Female,Loyal Customer,53,Business Travel,Business,2377,4,4,4,4,5,5,4,5,5,5,5,5,5,4.62,33,38,TRUE
Female,Loyal Customer,43,Business Travel,Business,650,4,4,4,4,2,5,4,5,5,4,5,3,3,4,12,17,TRUE
Male,Loyal Customer,58,Personal Travel,Eco,1197,2,4,2,3,3,2,3,3,5,5,4,5,3,3.38,0,0,FALSE
Female,Loyal Customer,43,Business Travel,Business,1609,5,5,5,5,2,4,4,5,5,5,5,3,4,4.38,11,0,TRUE
Female,Loyal Customer,39,Business Travel,Business,2390,2,2,2,2,5,5,4,5,5,5,4,3,4,3.69,0,0,TRUE
Female,Loyal Customer,23,Personal Travel,Eco,277,4,4,4,3,2,4,3,2,3,4,4,5,2,3.38,9,0,FALSE
Female,Loyal Customer,52,Business Travel,Business,1907,4,4,4,4,3,5,4,4,4,4,5,3,5,4.08,0,0,TRUE
Female,Loyal Customer,55,Business Travel,Business,830,4,4,4,4,3,1,3,4,4,4,4,4,4,3.62,0,0,TRUE
Female,Disloyal Customer,34,Business Travel,Eco,530,3,2,3,3,4,3,4,4,4,5,4,4,4,3.62,0,3,FALSE
Female,Loyal Customer,58,Business Travel,Eco,1721,3,5,3,5,3,3,4,3,3,3,3,4,1,3.31,46,35,FALSE
Female,Loyal Customer,34,Business Travel,Business,2891,5,5,4,5,5,5,1,5,5,5,5,4,1,4.23,0,0,TRUE
Female,Loyal Customer,51,Business Travel,Eco,449,2,4,4,4,5,3,4,2,2,2,2,1,4,3,11,10,FALSE
Male,Loyal Customer,52,Business Travel,Eco,1050,3,1,1,1,2,3,2,2,1,1,3,2,2,1.85,0,0,FALSE
Female,Disloyal Customer,36,Business Travel,Eco,1216,1,1,1,2,5,1,5,5,4,3,4,5,5,3.23,48,44,FALSE
Female,Loyal Customer,71,Business Travel,Business,3745,4,4,4,4,3,4,4,1,5,3,2,4,4,3.54,123,162,FALSE
Female,Loyal Customer,50,Business Travel,Business,1192,1,5,5,5,5,3,4,1,1,1,1,1,4,2.85,6,2,FALSE
Female,Loyal Customer,57,Personal Travel,Business,944,2,1,2,3,3,2,2,3,3,2,3,3,1,2.31,0,0,FALSE
Female,Loyal Customer,41,Personal Travel,Business,200,1,2,1,4,1,4,4,4,4,1,4,2,1,2.54,0,0,FALSE
Female,Loyal Customer,13,Personal Travel,Eco,1979,3,5,3,1,2,3,2,2,2,3,2,3,2,2.54,4,0,FALSE
Male,Disloyal Customer,19,Business Travel,Business,632,4,0,5,3,5,5,4,5,5,4,4,4,5,4.08,115,107,TRUE
Female,Loyal Customer,30,Business Travel,Business,2879,3,3,3,3,4,4,4,4,5,4,4,4,4,3.77,7,5,TRUE
Male,Loyal Customer,55,Business Travel,Business,255,3,3,3,3,2,4,4,4,4,5,4,3,4,3.54,1,0,TRUE
Female,Disloyal Customer,30,Business Travel,Eco,174,2,0,2,2,5,2,5,5,5,3,3,3,5,3.23,0,2,FALSE
Male,Loyal Customer,59,Business Travel,Business,1521,3,3,3,3,4,5,4,5,5,5,5,5,5,4.23,25,20,TRUE
Male,Disloyal Customer,28,Business Travel,Business,2475,4,4,4,5,4,4,3,4,5,5,3,5,4,4.15,0,10,FALSE
Female,Loyal Customer,20,Business Travel,Business,1020,3,5,5,5,3,3,3,3,3,3,4,2,3,3.46,65,56,FALSE
Female,Loyal Customer,29,Personal Travel,Eco,919,3,4,2,3,3,2,3,3,5,2,5,5,3,3.31,0,0,FALSE
Male,Loyal Customer,51,Business Travel,Eco,978,3,4,4,4,3,3,3,3,4,1,4,4,3,3.31,0,0,FALSE
Female,Disloyal Customer,27,Business Travel,Eco,198,4,0,3,4,3,3,3,3,1,1,4,1,3,2.54,1,7,TRUE
Male,Disloyal Customer,25,Business Travel,Business,1045,2,4,2,3,4,2,4,4,3,4,4,3,4,3.31,3,7,FALSE
Male,Loyal Customer,44,Personal Travel,Eco,1488,3,4,3,3,3,3,3,3,4,4,5,5,3,3.54,28,7,FALSE
Female,Loyal Customer,44,Business Travel,Eco,222,3,2,2,2,3,4,3,3,3,3,3,2,4,2.85,0,1,FALSE
Male,Loyal Customer,32,Business Travel,Eco Plus,1220,4,2,2,2,4,4,4,4,3,3,2,1,4,3,0,0,TRUE
Male,Loyal Customer,60,Business Travel,Business,1237,3,4,4,4,1,3,4,3,3,3,3,3,4,3.23,58,47,FALSE
Female,Loyal Customer,56,Personal Travel,Eco,455,2,4,2,3,5,5,4,2,2,2,2,5,4,3.23,0,0,FALSE
Male,Loyal Customer,46,Business Travel,Business,3934,2,2,2,2,5,5,4,4,4,4,4,4,3,3.46,0,0,TRUE
Female,Loyal Customer,58,Business Travel,Business,3617,3,3,3,3,2,4,5,4,4,4,4,5,5,3.77,0,0,TRUE
Male,Loyal Customer,44,Personal Travel,Eco,1121,0,4,0,3,3,0,3,3,4,3,4,5,3,2.69,1,0,TRUE
Female,Loyal Customer,40,Business Travel,Business,925,4,4,2,4,4,4,4,5,5,5,5,3,3,4,0,6,TRUE
Male,Disloyal Customer,25,Business Travel,Business,596,2,0,2,2,3,2,3,3,5,5,4,3,3,2.85,0,0,FALSE
Female,Loyal Customer,52,Business Travel,Business,872,1,1,1,1,3,5,5,3,3,3,3,4,4,2.85,0,0,TRUE
Female,Loyal Customer,60,Personal Travel,Eco,500,1,1,1,3,5,3,3,4,4,1,4,2,4,2.77,13,9,FALSE
Male,Disloyal Customer,27,Business Travel,Eco,666,3,5,3,2,2,3,2,2,1,3,3,3,2,2.62,13,100,FALSE
Male,Loyal Customer,69,Personal Travel,Eco,2447,1,0,1,3,1,1,1,1,4,2,4,3,1,1.77,2,0,FALSE
Male,Disloyal Customer,15,Business Travel,Eco,1390,5,5,5,2,4,5,4,4,5,4,3,5,4,4.23,48,42,TRUE
Male,Loyal Customer,36,Personal Travel,Eco,409,2,5,3,2,1,3,1,1,4,3,5,4,1,2.69,0,0,FALSE
Female,Loyal Customer,67,Personal Travel,Eco,484,4,0,4,3,4,3,4,2,2,4,2,4,4,3.08,0,0,TRUE
Female,Disloyal Customer,47,Business Travel,Eco,86,4,3,5,4,1,5,1,1,3,5,1,5,1,3,0,0,TRUE
Male,Loyal Customer,62,Personal Travel,Eco Plus,120,2,2,2,3,2,2,2,2,2,1,4,2,2,2.15,0,23,FALSE
Female,Loyal Customer,42,Business Travel,Business,3301,5,5,5,5,2,4,4,5,5,5,4,5,3,4.38,0,0,TRUE
Male,Disloyal Customer,25,Business Travel,Business,474,3,0,3,5,2,3,2,2,1,2,5,3,2,2.54,0,0,FALSE
Male,Loyal Customer,31,Business Travel,Eco,231,4,4,4,4,4,4,4,4,4,4,5,4,4,4.08,0,0,TRUE
Male,Loyal Customer,45,Business Travel,Eco,163,2,5,5,5,2,2,2,2,4,2,4,1,2,2.92,32,27,FALSE
Female,Disloyal Customer,26,Business Travel,Business,158,2,3,2,4,3,2,3,3,3,3,4,1,3,2.77,0,1,FALSE
Male,Loyal Customer,47,Business Travel,Business,2105,0,5,0,1,1,5,5,4,4,1,1,4,3,2.62,43,40,TRUE
Male,Loyal Customer,60,Business Travel,Business,1471,4,4,4,4,5,5,4,5,5,5,5,3,5,4.46,0,13,TRUE
Female,Loyal Customer,58,Business Travel,Business,2494,4,4,4,4,2,4,4,4,4,5,4,5,4,4,49,44,TRUE
Male,Disloyal Customer,50,Business Travel,Business,134,2,2,2,3,4,2,4,4,5,5,4,5,4,3.54,15,43,FALSE
Female,Loyal Customer,55,Personal Travel,Eco,529,2,5,2,3,5,5,4,4,4,2,4,4,3,3.62,0,0,FALSE
Male,Loyal Customer,31,Business Travel,Business,2572,2,2,2,2,3,3,2,3,2,2,4,4,3,2.62,19,33,FALSE
Male,Loyal Customer,45,Business Travel,Business,1757,4,2,2,2,5,3,4,4,4,4,4,4,4,3.54,31,21,FALSE
Male,Loyal Customer,37,Personal Travel,Eco,2288,1,3,1,4,1,1,1,4,3,3,4,1,1,2.15,0,0,FALSE
Female,Disloyal Customer,30,Business Travel,Eco,539,4,1,4,3,2,4,2,2,2,3,3,1,2,2.54,0,6,FALSE
Male,Disloyal Customer,23,Business Travel,Eco,671,2,2,2,5,4,2,4,4,3,3,4,3,4,3.23,3,0,FALSE
Male,Loyal Customer,27,Personal Travel,Eco,1709,4,5,4,1,5,4,5,5,1,2,4,2,5,3.62,0,0,TRUE
Female,Loyal Customer,13,Business Travel,Business,738,5,5,5,5,3,3,3,3,4,5,5,3,3,4,0,0,TRUE
Female,Loyal Customer,33,Business Travel,Business,2997,2,3,2,2,3,2,2,5,5,5,5,2,3,3.15,0,0,TRUE
Male,Loyal Customer,23,Business Travel,Business,2794,4,5,5,5,4,3,4,4,4,5,4,4,4,4.23,0,0,FALSE
Male,Loyal Customer,49,Business Travel,Business,1723,5,5,5,5,2,3,5,4,4,4,4,3,5,4.15,20,11,TRUE
Male,Disloyal Customer,13,Business Travel,Eco,946,3,3,3,3,3,3,3,3,3,4,5,5,3,3.38,9,27,FALSE
Female,Loyal Customer,57,Business Travel,Business,429,5,5,3,5,1,2,1,4,4,4,4,1,3,3.23,0,0,TRUE
Male,Loyal Customer,20,Business Travel,Business,500,3,3,3,3,4,4,4,4,4,3,5,4,4,3.69,0,0,TRUE
Female,Disloyal Customer,41,Business Travel,Business,597,3,4,4,3,5,3,5,5,3,5,5,4,5,4.15,0,0,FALSE
Female,Loyal Customer,59,Business Travel,Business,813,3,3,3,3,5,4,5,4,4,5,4,3,4,3.85,43,37,TRUE
Male,Loyal Customer,27,Business Travel,Business,1464,4,4,4,4,5,5,5,5,4,5,4,3,5,4.38,14,3,TRUE
Male,Loyal Customer,55,Business Travel,Business,2864,1,1,1,1,4,5,5,4,4,5,4,5,3,3.31,0,0,TRUE
Female,Disloyal Customer,24,Business Travel,Eco,1008,4,4,4,4,5,4,5,5,2,5,4,2,5,4.08,114,99,FALSE
Male,Disloyal Customer,23,Business Travel,Eco,945,5,5,5,3,3,5,3,3,4,4,5,5,3,4.08,0,0,TRUE
Male,Loyal Customer,39,Business Travel,Business,2898,0,0,0,4,3,5,5,3,3,3,3,3,4,2.77,8,5,TRUE
Male,Loyal Customer,10,Personal Travel,Eco,1111,2,4,2,3,2,2,2,2,3,4,4,3,2,2.69,0,0,FALSE
Male,Loyal Customer,34,Personal Travel,Eco,1050,3,5,3,3,1,3,1,1,5,3,5,4,1,2.92,0,0,FALSE
Female,Loyal Customer,42,Business Travel,Business,1464,1,1,1,1,4,4,4,4,4,4,4,4,3,3,0,0,TRUE
Female,Loyal Customer,50,Business Travel,Business,1619,1,1,1,1,5,4,4,5,5,5,5,5,3,3.46,1,14,TRUE
Female,Loyal Customer,58,Personal Travel,Eco,598,2,4,2,5,5,4,4,4,4,2,3,4,4,3.62,0,20,FALSE
Female,Loyal Customer,54,Personal Travel,Eco,749,2,1,2,4,5,4,4,2,2,2,2,4,3,2.85,0,7,FALSE
Female,Loyal Customer,57,Business Travel,Business,3903,4,4,4,4,3,4,5,4,4,4,4,5,3,4,0,18,TRUE
Female,Loyal Customer,35,Business Travel,Eco Plus,1235,1,2,2,2,1,1,1,1,2,4,3,2,1,1.77,51,30,FALSE
Female,Disloyal Customer,28,Business Travel,Eco,1074,3,3,3,1,3,2,2,1,4,5,3,2,2,2.62,237,214,FALSE
Male,Loyal Customer,41,Business Travel,Business,2556,1,1,1,1,4,4,4,3,2,4,5,4,4,2.92,0,11,TRUE
Female,Loyal Customer,39,Business Travel,Business,3471,1,1,1,1,2,4,3,1,1,2,1,3,2,1.77,0,0,FALSE
Female,Loyal Customer,44,Business Travel,Business,1926,4,4,4,4,4,4,4,4,4,4,4,5,5,4.15,0,1,TRUE
Female,Loyal Customer,30,Business Travel,Business,2513,3,3,3,3,3,3,3,3,1,4,2,3,3,2.85,0,0,FALSE
Female,Loyal Customer,50,Business Travel,Business,3897,4,4,4,4,3,3,1,4,4,4,5,1,1,3.23,0,0,TRUE
Female,Loyal Customer,36,Business Travel,Eco,1107,4,1,4,4,4,3,4,4,1,1,4,2,4,3.08,0,0,TRUE
Female,Disloyal Customer,58,Business Travel,Business,294,5,4,4,4,5,5,5,5,3,4,5,4,5,4.46,0,0,TRUE
Female,Loyal Customer,52,Personal Travel,Eco,160,2,5,0,3,2,2,4,4,4,0,4,4,2,2.77,0,7,FALSE
Male,Loyal Customer,15,Personal Travel,Eco,134,2,1,2,4,4,2,4,4,3,5,3,3,4,3.15,0,0,FALSE
Male,Disloyal Customer,21,Business Travel,Eco,173,1,3,1,4,3,1,3,3,1,1,4,2,3,2.31,0,0,FALSE
Male,Loyal Customer,60,Personal Travel,Eco,1189,4,4,4,4,1,4,1,1,5,3,3,4,1,3,0,0,FALSE
Female,Loyal Customer,57,Personal Travel,Eco,1085,3,4,2,3,1,3,3,1,1,2,1,2,1,2.08,0,54,FALSE
Female,Loyal Customer,43,Personal Travel,Eco,2172,4,4,4,3,3,4,4,2,2,4,2,3,4,3.31,0,0,FALSE
Male,Loyal Customer,44,Business Travel,Business,3491,2,2,2,2,2,5,4,5,5,5,5,3,5,3.62,0,0,TRUE
Female,Loyal Customer,23,Personal Travel,Eco,589,2,2,2,4,5,2,5,5,1,5,3,1,5,3.23,0,0,FALSE
Female,Disloyal Customer,21,Business Travel,Eco,406,4,1,4,2,1,4,1,1,3,2,3,2,1,2.23,22,19,FALSE
Male,Disloyal Customer,39,Business Travel,Business,611,3,3,3,5,4,3,4,4,3,5,5,5,4,3.92,0,0,FALSE
Male,Disloyal Customer,35,Business Travel,Eco,188,3,0,3,4,1,3,1,1,5,4,2,1,1,2.23,0,20,FALSE
Male,Loyal Customer,47,Personal Travel,Eco,1076,3,3,3,4,3,3,3,3,1,2,4,3,3,2.92,0,0,FALSE
Male,Loyal Customer,38,Business Travel,Business,481,3,2,2,2,4,2,3,3,3,3,3,2,3,2.69,0,3,FALSE
Female,Loyal Customer,33,Business Travel,Eco,170,4,5,4,5,4,4,4,4,2,1,1,2,4,3.38,31,27,TRUE
Male,Loyal Customer,24,Business Travel,Eco,651,5,2,2,2,5,4,2,5,2,2,4,1,5,3.15,2,0,FALSE
Female,Loyal Customer,60,Business Travel,Business,3694,5,5,5,5,2,5,4,5,5,5,5,4,4,4.54,42,34,TRUE
Female,Loyal Customer,57,Personal Travel,Eco,1035,3,4,3,3,2,5,3,2,2,3,2,4,2,2.92,0,15,FALSE
Male,Loyal Customer,49,Business Travel,Eco,1189,2,1,1,1,2,2,2,2,5,2,4,3,2,2.23,0,0,TRUE
Female,Loyal Customer,49,Business Travel,Business,3955,3,3,3,3,5,5,4,5,5,5,5,4,3,4.08,59,49,TRUE
Female,Loyal Customer,63,Personal Travel,Eco,640,1,5,1,3,4,4,5,5,5,1,5,3,4,3.54,0,0,FALSE
Male,Loyal Customer,40,Business Travel,Business,651,2,5,5,5,4,2,3,2,2,2,2,3,2,3,8,0,FALSE
Female,Loyal Customer,50,Business Travel,Business,679,2,2,2,2,2,5,4,3,3,4,3,3,5,3.08,0,0,TRUE
Female,Disloyal Customer,25,Business Travel,Eco,1271,1,1,1,3,4,1,4,4,3,2,5,5,4,2.92,32,3,FALSE
Female,Loyal Customer,29,Business Travel,Business,2307,2,2,4,2,3,3,3,3,3,5,5,3,3,3.15,8,0,TRUE
Male,Loyal Customer,65,Personal Travel,Eco,192,4,5,4,4,1,4,1,1,3,3,4,5,1,3.08,0,0,FALSE
Male,Loyal Customer,40,Business Travel,Business,1898,1,3,3,3,3,3,4,1,1,1,1,3,1,2.15,0,18,FALSE
Male,Loyal Customer,20,Personal Travel,Eco,849,3,4,3,3,2,3,2,2,3,2,4,3,2,2.77,0,1,FALSE
Female,Loyal Customer,37,Business Travel,Business,2893,3,3,3,3,2,4,4,2,2,2,2,5,4,3,29,27,TRUE
Female,Loyal Customer,20,Business Travel,Eco Plus,188,3,3,3,3,3,3,4,3,4,4,3,2,3,3.15,0,0,FALSE
Male,Disloyal Customer,9,Business Travel,Eco,939,1,2,2,3,4,1,4,4,3,5,3,5,4,3.15,0,0,FALSE
Male,Loyal Customer,67,Personal Travel,Eco,484,1,0,1,3,3,1,3,3,5,4,5,1,3,2.54,0,0,FALSE
Female,Loyal Customer,41,Business Travel,Business,334,2,3,2,2,5,5,5,5,5,5,5,4,4,4,0,0,TRUE
Female,Loyal Customer,35,Personal Travel,Eco,1119,2,5,2,2,2,2,2,2,3,2,4,3,2,2.54,20,13,FALSE
Female,Loyal Customer,47,Business Travel,Business,874,1,1,1,1,5,5,5,5,5,5,5,3,3,3.46,0,0,TRUE
Male,Loyal Customer,58,Business Travel,Business,1622,5,5,5,5,4,4,4,4,4,4,4,5,5,4.46,29,34,TRUE
Female,Loyal Customer,8,Personal Travel,Business,404,3,4,4,5,3,4,3,3,5,2,5,4,3,3.69,9,12,FALSE
Female,Disloyal Customer,42,Business Travel,Eco,721,4,4,4,3,4,4,2,4,3,2,5,3,4,3.54,0,0,FALSE
Male,Loyal Customer,36,Personal Travel,Eco Plus,1616,3,5,3,4,2,3,2,2,4,3,3,5,2,3.15,2,0,FALSE
Male,Loyal Customer,65,Personal Travel,Eco,370,4,4,4,4,5,4,5,5,2,3,3,2,5,3.85,0,0,TRUE
Male,Disloyal Customer,22,Business Travel,Eco,226,3,0,3,2,3,3,3,3,4,4,5,4,3,3.08,21,25,FALSE
Female,Loyal Customer,56,Business Travel,Business,258,4,4,4,4,5,5,5,5,5,5,5,3,3,4.38,0,0,TRUE
Female,Loyal Customer,50,Business Travel,Eco,109,4,1,1,1,2,3,1,4,4,4,4,1,2,2.46,15,21,TRUE
Male,Loyal Customer,48,Business Travel,Business,2264,2,2,2,2,2,2,3,2,2,2,2,1,4,2.15,11,14,FALSE
Female,Loyal Customer,53,Personal Travel,Eco,853,1,5,1,5,2,1,2,1,1,1,5,1,5,2.38,0,0,FALSE
Female,Loyal Customer,49,Business Travel,Business,2493,1,3,4,3,3,3,3,1,1,1,1,3,1,2.15,23,12,FALSE
Male,Loyal Customer,51,Business Travel,Business,1726,3,3,3,3,2,4,4,4,4,4,4,3,5,3.54,0,0,TRUE
Female,Loyal Customer,48,Business Travel,Business,502,2,2,4,2,3,4,5,5,5,5,5,5,5,4,0,0,TRUE
Male,Disloyal Customer,27,Business Travel,Business,315,4,3,3,3,4,3,1,4,4,2,4,3,4,3.23,55,49,TRUE
Male,Loyal Customer,37,Business Travel,Eco Plus,325,5,5,3,3,5,4,5,5,2,5,3,1,5,3.92,91,89,FALSE
Male,Loyal Customer,25,Business Travel,Business,1669,2,2,2,2,2,2,2,2,3,4,3,2,2,2.31,0,0,FALSE
Male,Loyal Customer,66,Personal Travel,Eco,345,4,3,4,4,2,4,2,2,1,2,3,4,2,2.85,0,0,FALSE
Male,Disloyal Customer,11,Business Travel,Eco,2419,3,3,3,4,4,3,4,4,2,2,4,2,4,3.23,8,0,FALSE
Female,Loyal Customer,30,Personal Travel,Eco,690,2,4,1,1,4,1,4,4,5,5,5,3,4,3.31,21,8,FALSE
Female,Loyal Customer,56,Business Travel,Business,2622,4,4,4,4,2,4,5,4,4,5,4,4,4,4,0,0,TRUE
Female,Loyal Customer,43,Business Travel,Business,1858,2,2,2,2,2,5,4,5,5,5,4,4,3,3.46,0,0,TRUE
Male,Loyal Customer,58,Business Travel,Business,2011,0,4,0,1,5,4,5,3,3,3,3,4,4,3,0,0,TRUE
Male,Loyal Customer,60,Business Travel,Business,1510,3,3,2,3,5,4,5,3,3,4,3,4,4,3.54,2,0,TRUE
Female,Loyal Customer,11,Personal Travel,Eco,1721,2,1,2,3,4,2,2,4,4,5,3,2,4,2.92,0,0,FALSE
Male,Loyal Customer,66,Personal Travel,Eco,337,3,5,3,5,1,3,1,1,3,3,4,3,1,2.77,0,0,FALSE
Male,Loyal Customer,68,Personal Travel,Eco,524,4,1,4,4,5,4,5,5,3,3,4,3,5,3.85,14,19,FALSE
Male,Loyal Customer,50,Personal Travel,Eco,1235,3,5,3,4,4,3,3,4,1,5,3,5,4,3.62,0,0,FALSE
Male,Loyal Customer,17,Business Travel,Business,3322,3,5,5,5,3,3,3,3,1,3,4,1,3,3.23,0,0,FALSE
Female,Loyal Customer,51,Business Travel,Business,3071,3,2,2,2,3,4,4,3,3,3,3,4,4,3.08,0,0,FALSE
Male,Loyal Customer,9,Personal Travel,Eco,1096,3,4,3,4,1,3,1,1,4,2,4,1,1,2.46,0,3,FALSE
Male,Loyal Customer,48,Business Travel,Business,1924,2,2,2,2,2,3,3,2,2,2,2,2,4,2.31,102,90,FALSE
Male,Loyal Customer,41,Business Travel,Business,325,5,3,5,5,4,5,3,5,5,5,5,1,5,4.31,21,22,TRUE
Female,Loyal Customer,44,Personal Travel,Eco,200,2,4,2,1,3,4,5,4,4,2,4,5,3,3.31,9,120,FALSE
Female,Loyal Customer,45,Business Travel,Business,2425,5,5,5,5,5,5,5,4,2,3,4,5,5,4.46,1,9,TRUE
Male,Loyal Customer,46,Personal Travel,Eco,862,3,4,3,3,1,3,1,1,4,2,4,4,1,2.62,68,52,FALSE
Male,Loyal Customer,31,Business Travel,Business,1891,4,4,4,4,4,3,4,4,4,2,4,1,4,3.54,6,0,FALSE
Female,Disloyal Customer,16,Business Travel,Eco,621,5,2,5,2,4,5,4,4,5,3,4,5,4,4,0,13,TRUE
Male,Disloyal Customer,20,Business Travel,Eco,271,3,0,3,2,3,3,3,3,3,2,5,3,3,2.77,0,0,FALSE
Female,Loyal Customer,39,Business Travel,Business,2311,2,2,2,2,2,5,4,4,4,4,4,4,4,3.31,16,9,TRUE
Female,Loyal Customer,33,Business Travel,Business,129,4,1,4,4,1,1,2,5,5,5,4,3,5,3.38,0,0,TRUE
Female,Loyal Customer,45,Personal Travel,Eco,129,1,2,1,3,3,1,3,4,4,1,4,3,2,2.46,0,13,FALSE
Male,Disloyal Customer,39,Business Travel,Eco,589,1,0,1,1,4,1,4,4,2,1,1,3,4,2.08,0,,FALSE
Male,Loyal Customer,47,Business Travel,Business,1524,3,3,3,3,2,5,5,3,3,3,3,4,5,3.46,6,0,TRUE
Male,Loyal Customer,47,Business Travel,Business,3405,3,3,3,3,3,5,5,4,4,4,4,5,3,3.77,34,28,TRUE
Male,Loyal Customer,25,Business Travel,Business,134,0,4,0,3,4,4,4,4,5,2,4,5,4,3.31,8,0,TRUE
Female,Loyal Customer,47,Personal Travel,Business,102,2,2,2,3,1,3,3,1,1,2,1,1,4,2,0,0,FALSE
Male,Loyal Customer,52,Business Travel,Business,3356,4,4,5,4,5,5,4,4,4,4,4,3,4,4.15,102,94,TRUE
Female,Loyal Customer,33,Personal Travel,Eco Plus,409,2,4,2,3,2,2,2,2,2,4,3,1,2,2.38,6,17,FALSE
Male,Loyal Customer,41,Business Travel,Eco,1075,2,1,1,1,2,2,2,2,1,1,3,4,2,1.85,0,0,FALSE
Male,Loyal Customer,46,Personal Travel,Business,447,3,5,3,1,2,4,5,2,2,3,2,4,4,3.08,13,10,FALSE
Male,Disloyal Customer,38,Business Travel,Eco,637,2,0,2,3,3,2,3,3,2,4,5,2,3,2.62,0,22,FALSE
Male,Loyal Customer,43,Personal Travel,Eco,1532,3,5,3,2,5,3,5,5,3,2,5,5,5,3.92,5,0,FALSE
Male,Loyal Customer,27,Personal Travel,Eco,590,3,3,3,5,4,3,4,4,1,5,4,2,4,3.46,0,0,FALSE
Female,Loyal Customer,37,Personal Travel,Eco,545,4,5,4,1,1,4,1,1,1,5,1,1,1,2.31,48,58,FALSE
Female,Loyal Customer,25,Business Travel,Business,728,4,1,4,1,4,4,4,4,4,3,3,3,4,3.31,6,3,FALSE
Female,Loyal Customer,25,Business Travel,Business,2337,2,2,2,2,5,5,5,5,4,2,5,4,5,3.69,5,0,TRUE
Female,Loyal Customer,44,Business Travel,Business,919,4,4,4,4,5,5,3,4,4,4,4,2,3,3.85,18,22,TRUE
Female,Loyal Customer,42,Business Travel,Eco,591,3,5,5,5,4,4,4,3,3,3,3,4,4,3.85,0,0,FALSE
Male,Disloyal Customer,26,Business Travel,Business,495,2,2,2,4,1,2,1,1,3,2,5,3,1,2.23,0,0,FALSE
Female,Loyal Customer,27,Personal Travel,Eco,216,1,0,1,1,5,1,3,5,3,4,5,4,5,2.92,0,0,FALSE
Male,Disloyal Customer,18,Business Travel,Eco,273,2,1,2,3,2,2,1,2,4,2,3,3,2,2.23,25,21,FALSE
Female,Loyal Customer,54,Business Travel,Eco,376,5,1,1,1,5,1,3,5,5,5,5,2,4,3.31,42,39,TRUE
Female,Loyal Customer,65,Personal Travel,Eco Plus,2153,1,5,1,5,5,5,5,2,2,1,1,3,4,3.08,0,3,FALSE
Female,Loyal Customer,15,Personal Travel,Eco,588,2,5,2,3,2,2,2,2,4,2,5,4,2,2.85,7,14,FALSE
Female,Loyal Customer,48,Business Travel,Business,2299,4,4,4,4,3,5,4,5,5,5,5,3,4,4.23,4,0,TRUE
Male,Loyal Customer,16,Personal Travel,Eco,153,4,4,4,2,2,4,3,2,4,4,4,4,2,3.31,0,0,TRUE
Female,Loyal Customer,26,Personal Travel,Eco Plus,236,4,5,4,1,4,4,4,4,5,2,4,5,4,3.85,21,21,FALSE
Female,Loyal Customer,7,Personal Travel,Eco,395,3,5,3,4,2,3,2,2,5,4,5,3,2,3.31,0,14,FALSE
Male,Loyal Customer,26,Business Travel,Business,3058,3,3,3,3,4,4,4,4,4,2,5,4,4,3.62,8,5,TRUE
Female,Loyal Customer,16,Business Travel,Business,3750,3,3,3,3,3,2,3,3,1,1,4,4,3,2.77,92,90,FALSE
Male,Disloyal Customer,27,Business Travel,Eco,188,3,1,3,4,2,3,2,2,1,3,4,4,2,2.62,0,0,FALSE
Female,Loyal Customer,68,Personal Travel,Eco Plus,1045,2,4,2,3,3,5,2,5,5,2,5,2,5,3.46,0,10,FALSE
Female,Loyal Customer,41,Business Travel,Business,1235,2,1,1,1,2,2,1,2,2,2,2,3,2,1.77,49,36,FALSE
Female,Loyal Customer,26,Business Travel,Business,2365,3,3,3,3,2,2,2,2,4,4,4,4,2,2.92,0,0,TRUE
Male,Loyal Customer,27,Business Travel,Business,1579,4,2,2,2,4,4,4,4,2,1,3,1,4,2.85,3,0,FALSE
Female,Loyal Customer,21,Personal Travel,Eco,929,3,5,3,4,1,3,2,1,5,5,4,5,1,3.23,72,67,FALSE
Female,Disloyal Customer,36,Business Travel,Eco,288,1,2,1,3,2,1,2,2,2,1,3,1,2,1.77,0,0,FALSE
Male,Loyal Customer,30,Business Travel,Business,1576,3,3,3,3,3,4,3,3,3,3,3,3,3,3.08,0,0,FALSE
Female,Loyal Customer,56,Business Travel,Business,728,1,1,1,1,3,5,4,4,4,4,4,4,3,3,0,3,TRUE
Male,Loyal Customer,45,Personal Travel,Eco,239,2,2,2,3,4,2,4,4,4,3,4,1,4,3,8,12,FALSE
Male,Loyal Customer,16,Personal Travel,Eco,1194,2,4,2,1,4,2,1,4,5,4,5,3,4,3.15,3,13,FALSE
Male,Loyal Customer,51,Business Travel,Business,1737,2,2,2,2,4,4,4,4,4,4,4,4,3,3.31,0,0,TRUE
Female,Loyal Customer,38,Business Travel,Business,1709,4,4,4,4,5,5,2,4,4,4,4,2,1,3.62,0,0,TRUE
Female,Loyal Customer,35,Personal Travel,Eco,610,1,4,1,3,3,1,3,3,5,1,1,3,3,2.46,0,7,FALSE
Male,Loyal Customer,68,Personal Travel,Eco,2586,2,2,2,2,2,3,3,4,1,2,3,3,3,2.46,3,16,FALSE
Male,Loyal Customer,66,Personal Travel,Eco,647,3,1,3,3,1,3,1,1,3,3,4,2,1,2.23,35,23,FALSE
Female,Loyal Customer,31,Personal Travel,Eco,993,1,2,1,3,5,1,5,5,4,3,4,4,5,3.31,0,0,FALSE
Female,Loyal Customer,9,Personal Travel,Eco Plus,228,3,5,3,3,3,3,3,3,2,3,5,4,3,3.31,42,38,FALSE
Female,Loyal Customer,31,Business Travel,Business,216,2,2,2,2,4,4,5,4,5,4,4,3,4,3.46,8,9,TRUE
Female,Loyal Customer,75,Business Travel,Business,187,2,5,5,5,5,4,4,3,3,3,2,2,4,3.62,0,0,FALSE
Male,Loyal Customer,39,Business Travel,Business,1635,5,5,5,5,5,4,4,4,4,4,4,5,3,4.38,0,0,TRUE
Female,Loyal Customer,47,Business Travel,Business,646,5,5,5,5,4,5,4,4,4,4,4,3,3,4.23,8,0,TRUE
Male,Loyal Customer,47,Personal Travel,Eco,373,4,4,4,4,4,2,2,3,5,5,5,2,2,3.54,301,294,FALSE
Female,Loyal Customer,51,Business Travel,Business,2402,1,1,1,1,2,4,5,4,4,4,4,4,5,3.08,1,7,TRUE
Female,Loyal Customer,44,Personal Travel,Business,1728,3,4,3,3,2,4,4,1,1,3,1,3,4,2.77,15,16,FALSE
Male,Disloyal Customer,37,Business Travel,Business,991,1,1,1,3,5,1,5,5,5,4,5,4,5,3.46,1,0,FALSE
Female,Loyal Customer,29,Business Travel,Business,2471,5,5,5,5,4,4,4,4,3,5,4,4,4,4.31,0,0,TRUE
Male,Loyal Customer,14,Personal Travel,Eco,895,2,4,1,5,3,1,4,3,4,2,3,4,3,3,13,3,FALSE
Male,Loyal Customer,43,Business Travel,Business,3079,4,5,5,5,1,3,3,4,4,4,4,2,2,3.54,20,11,FALSE
Female,Disloyal Customer,20,Business Travel,Eco,229,5,0,5,5,3,5,3,3,2,4,2,3,3,3.31,0,0,TRUE
Male,Loyal Customer,52,Personal Travel,Eco,1133,4,4,4,3,4,1,1,4,4,4,4,1,1,3,188,203,TRUE
Female,Loyal Customer,14,Personal Travel,Eco,882,2,2,2,3,1,2,1,1,1,4,3,1,1,1.85,0,0,FALSE
Male,Loyal Customer,59,Business Travel,Business,675,5,5,5,5,3,5,5,4,4,4,4,5,4,4.46,35,30,TRUE
Male,Loyal Customer,23,Business Travel,Business,201,3,3,3,3,5,5,5,5,4,3,3,3,5,3.85,0,0,TRUE
Female,Loyal Customer,37,Business Travel,Business,2778,2,5,5,5,4,2,3,2,2,2,2,3,1,2.92,22,12,FALSE
Female,Disloyal Customer,21,Business Travel,Eco,562,2,0,2,4,5,2,5,5,5,2,4,4,5,3.46,4,0,FALSE
Female,Loyal Customer,53,Personal Travel,Eco,507,1,3,1,4,3,3,3,1,1,1,2,4,5,2.46,0,0,FALSE
Female,Loyal Customer,23,Business Travel,Business,590,2,4,4,4,2,2,2,2,3,1,4,3,2,2.69,22,14,FALSE
Male,Loyal Customer,65,Personal Travel,Eco,1069,4,5,4,1,4,4,4,4,5,3,5,5,4,4,0,0,FALSE
Male,Loyal Customer,44,Personal Travel,Eco Plus,1744,4,5,4,3,5,4,5,5,4,2,3,5,5,4.15,0,0,FALSE
Female,Loyal Customer,27,Personal Travel,Eco,836,1,4,1,4,5,1,3,5,4,2,5,4,5,3.38,21,34,FALSE
Female,Loyal Customer,35,Business Travel,Business,2378,0,0,0,4,4,4,5,5,5,5,5,3,2,3.23,4,17,TRUE
Male,Loyal Customer,45,Business Travel,Business,3446,5,5,5,5,5,2,2,5,5,5,5,5,5,4.54,0,0,TRUE
Female,Loyal Customer,52,Personal Travel,Eco,216,2,4,0,1,2,5,5,1,1,0,1,3,5,2.31,0,0,FALSE
Female,Loyal Customer,21,Personal Travel,Eco,425,2,0,2,5,1,2,1,1,2,2,3,1,1,1.77,4,0,FALSE
Male,Loyal Customer,39,Personal Travel,Eco,1035,1,4,1,2,1,1,1,1,4,2,4,3,1,2,0,2,FALSE
Male,Loyal Customer,33,Business Travel,Business,3941,2,2,2,2,5,5,5,5,3,5,5,4,5,3.85,28,17,TRUE
Male,Loyal Customer,59,Business Travel,Business,606,5,5,5,5,3,5,5,4,4,5,4,3,4,4.38,6,0,TRUE
Female,Loyal Customer,54,Personal Travel,Eco,119,0,4,0,3,1,3,2,1,1,0,3,1,3,1.69,0,0,TRUE
Male,Loyal Customer,43,Business Travel,Business,925,5,5,5,5,5,4,5,5,5,5,5,4,5,4.85,1,0,TRUE
Male,Loyal Customer,35,Business Travel,Eco,1190,5,2,2,2,5,5,5,5,1,2,5,5,5,3.77,9,0,TRUE
Female,Loyal Customer,9,Personal Travel,Eco,1670,1,3,1,3,1,1,1,1,2,3,4,2,1,1.85,118,103,FALSE
Female,Loyal Customer,14,Personal Travel,Eco,373,3,4,3,2,1,3,2,1,4,3,3,2,1,2.46,0,0,FALSE
Male,Loyal Customer,46,Business Travel,Business,502,4,4,4,4,3,5,4,5,5,5,5,5,4,4.38,0,0,TRUE
Male,Loyal Customer,50,Business Travel,Business,2934,2,2,4,2,5,1,2,4,4,4,4,1,5,3.08,31,24,TRUE
Female,Loyal Customer,40,Business Travel,Eco,387,4,4,2,4,4,4,4,4,1,2,5,4,4,3.54,8,0,TRUE
Female,Loyal Customer,39,Business Travel,Business,373,1,1,2,1,5,1,2,4,4,4,4,2,4,2.69,1,11,TRUE
Male,Loyal Customer,15,Personal Travel,Eco,447,4,2,4,4,5,4,5,5,1,1,3,3,5,3.54,0,0,FALSE
Female,Loyal Customer,54,Business Travel,Business,2036,4,4,4,4,5,5,4,5,5,5,5,5,3,4.46,0,0,TRUE
Female,Loyal Customer,27,Business Travel,Eco,472,2,2,2,2,2,2,2,2,1,4,4,2,2,2.23,244,239,FALSE
Male,Loyal Customer,41,Business Travel,Business,765,4,1,4,4,5,4,4,4,4,4,4,3,5,3.85,9,113,TRUE
Female,Loyal Customer,35,Business Travel,Business,255,2,2,3,2,5,4,4,5,5,5,5,1,2,3.46,0,4,TRUE
Female,Loyal Customer,16,Personal Travel,Eco,368,3,4,3,5,4,3,1,4,3,3,1,1,4,3,11,4,FALSE
Male,Loyal Customer,18,Personal Travel,Eco,651,3,3,3,3,3,3,1,3,3,4,3,1,3,2.77,11,22,FALSE
Male,Disloyal Customer,23,Business Travel,Eco,919,2,2,2,5,3,2,3,3,5,4,4,5,3,3.31,0,0,FALSE
Male,Loyal Customer,7,Personal Travel,Eco,1609,4,2,4,3,4,4,4,4,1,4,3,4,4,3.46,0,0,FALSE
Male,Loyal Customer,34,Personal Travel,Eco,651,2,3,2,3,2,2,2,2,3,3,4,3,2,2.54,112,108,FALSE
Male,Loyal Customer,39,Business Travel,Eco,325,2,1,2,1,2,2,2,2,2,4,3,1,2,2,0,1,FALSE
Male,Loyal Customer,59,Business Travel,Business,1599,2,3,3,3,3,4,3,2,2,2,2,4,1,2.62,0,0,FALSE
Female,Loyal Customer,46,Personal Travel,Eco,883,2,3,2,4,2,3,4,4,4,2,4,4,5,3.31,0,9,FALSE
Male,Loyal Customer,52,Business Travel,Business,3537,3,5,5,5,5,3,2,3,3,3,3,1,2,3.31,12,6,FALSE
Female,Loyal Customer,48,Business Travel,Business,693,3,3,3,3,4,4,4,4,4,4,4,5,5,3.85,0,0,TRUE
Female,Loyal Customer,37,Personal Travel,Eco,1547,1,1,1,3,3,1,5,3,2,2,3,1,3,2.23,87,93,FALSE
Female,Disloyal Customer,25,Business Travel,Eco,222,1,1,1,4,5,1,5,5,2,1,3,1,5,2.69,0,0,FALSE
Female,Disloyal Customer,44,Business Travel,Eco,304,2,2,2,3,3,2,3,3,4,4,4,1,3,2.77,33,16,FALSE
Male,Loyal Customer,25,Business Travel,Business,1023,1,2,2,2,1,1,1,1,3,3,2,3,1,1.77,12,13,FALSE
Female,Loyal Customer,41,Business Travel,Eco,1014,4,3,1,3,5,4,5,5,5,2,5,5,5,4,61,123,TRUE
Female,Loyal Customer,48,Business Travel,Business,954,1,1,5,1,5,4,4,5,5,5,5,5,3,3.77,0,0,TRUE
Male,Loyal Customer,40,Business Travel,Business,3085,1,2,2,2,2,2,2,1,1,1,1,2,3,1.69,0,0,FALSE
Female,Loyal Customer,15,Business Travel,Business,1613,2,1,1,1,2,3,2,2,1,4,4,1,2,2,53,45,FALSE
Male,Loyal Customer,65,Personal Travel,Eco,316,2,1,2,3,5,2,5,5,2,1,3,2,5,2.92,0,0,FALSE
Female,Disloyal Customer,30,Business Travel,Eco,432,3,4,3,3,5,3,5,5,4,2,4,1,5,3.62,56,73,FALSE
Female,Loyal Customer,61,Personal Travel,Eco,840,2,5,2,3,3,5,4,1,1,2,1,3,4,2.77,93,97,FALSE
Male,Loyal Customer,39,Business Travel,Business,1448,3,4,3,3,2,2,1,3,3,3,3,1,4,2.69,88,87,FALSE
Female,Loyal Customer,36,Business Travel,Business,3760,4,4,4,4,3,4,2,3,3,4,3,5,4,3.62,0,,TRUE
Female,Disloyal Customer,49,Business Travel,Eco Plus,846,4,4,4,4,4,4,4,4,3,3,4,3,4,3.77,9,2,FALSE
Female,Loyal Customer,47,Personal Travel,Eco Plus,101,4,4,4,3,3,5,5,3,3,4,3,4,3,3.69,0,0,FALSE
Female,Loyal Customer,30,Business Travel,Business,2047,4,4,4,4,4,5,4,4,5,2,4,3,4,3.92,2,2,TRUE
Female,Loyal Customer,55,Business Travel,Eco Plus,1532,1,1,1,1,1,3,3,1,1,1,1,1,2,1.38,4,6,FALSE
Male,Loyal Customer,21,Personal Travel,Eco,569,1,5,1,5,1,1,1,1,4,3,3,2,1,2.23,0,0,FALSE
Male,Loyal Customer,43,Business Travel,Eco,542,2,4,4,4,2,2,2,2,2,4,4,5,2,3,0,0,TRUE
Female,Loyal Customer,38,Business Travel,Business,386,2,2,2,2,2,4,4,5,5,5,5,3,4,3.46,9,9,TRUE
Female,Loyal Customer,35,Personal Travel,Eco Plus,192,3,4,3,4,2,3,2,2,3,3,5,4,2,3.08,6,5,FALSE
Female,Loyal Customer,31,Business Travel,Business,1861,4,4,4,4,5,5,5,5,5,4,4,4,5,4.46,0,0,TRUE
Female,Loyal Customer,57,Business Travel,Eco,296,3,1,1,1,2,3,2,4,4,3,4,1,1,2.31,1,0,FALSE
Female,Loyal Customer,44,Personal Travel,Eco,224,3,4,0,2,4,4,4,5,5,0,4,5,5,3.46,33,24,FALSE
Male,Loyal Customer,69,Personal Travel,Eco,198,2,4,2,4,2,2,2,2,5,5,5,4,2,3.15,10,0,FALSE
Female,Loyal Customer,45,Business Travel,Business,542,1,2,2,2,5,3,4,1,1,1,1,4,2,2.23,74,59,FALSE
Female,Loyal Customer,42,Personal Travel,Eco,620,2,5,2,3,2,4,5,3,3,2,3,5,3,3.23,0,0,FALSE
Female,Disloyal Customer,37,Business Travel,Eco,444,3,5,3,4,1,3,1,1,4,3,4,1,1,2.62,5,0,FALSE
Male,Loyal Customer,58,Personal Travel,Eco,667,3,4,3,4,3,3,3,3,4,5,4,3,3,3.46,0,0,FALSE
Male,Loyal Customer,38,Personal Travel,Eco,231,0,5,0,3,1,0,1,1,5,3,4,3,1,2.08,0,0,TRUE
Male,Disloyal Customer,29,Business Travel,Eco,957,3,3,3,4,1,3,1,1,1,4,3,4,1,2.46,0,0,FALSE
Female,Loyal Customer,27,Business Travel,Business,1670,3,1,1,1,3,2,3,3,3,5,1,4,3,2.54,1,12,FALSE
Female,Loyal Customer,32,Business Travel,Business,2556,1,4,1,1,5,5,5,5,4,5,5,3,5,3.77,5,0,TRUE
Male,Loyal Customer,35,Business Travel,Business,3066,2,1,1,1,3,3,4,2,2,2,2,3,3,2.23,9,0,FALSE
Female,Loyal Customer,21,Business Travel,Business,3869,3,3,3,3,3,3,3,3,4,2,3,3,3,3,27,16,FALSE
Female,Disloyal Customer,28,Business Travel,Eco,1107,3,2,2,4,3,2,3,3,2,1,2,3,3,2.54,0,0,FALSE
Male,Disloyal Customer,23,Business Travel,Eco,1972,2,2,2,2,3,2,2,3,4,2,4,4,3,2.69,0,0,FALSE
Female,Disloyal Customer,29,Business Travel,Eco,546,2,2,2,3,2,2,2,2,3,1,4,3,2,2.31,0,0,FALSE
Female,Loyal Customer,55,Business Travel,Business,235,3,3,3,3,3,5,5,5,5,5,5,3,3,3.92,12,2,TRUE
Male,Loyal Customer,54,Business Travel,Business,3561,1,1,1,1,5,5,4,3,3,4,4,3,3,2.92,0,0,TRUE
Male,Loyal Customer,44,Personal Travel,Eco,1542,2,5,2,2,2,2,2,2,5,4,4,4,2,2.92,0,0,FALSE
Female,Loyal Customer,28,Business Travel,Business,632,4,4,3,4,4,4,4,4,3,3,4,3,4,3.69,0,0,TRUE
Male,Loyal Customer,27,Business Travel,Eco Plus,507,2,4,4,4,2,2,2,2,3,2,3,2,2,2.62,2,0,FALSE
Male,Loyal Customer,60,Business Travel,Business,849,5,5,5,5,2,5,5,4,4,4,4,4,3,4.23,75,60,TRUE
Female,Loyal Customer,58,Business Travel,Business,3262,3,3,3,3,4,5,4,4,4,4,5,4,3,3.77,1,0,TRUE
Female,Loyal Customer,20,Personal Travel,Eco,919,1,4,1,4,4,1,4,4,2,2,3,1,4,2.69,5,0,FALSE
Female,Loyal Customer,51,Business Travel,Business,226,2,2,2,2,5,5,5,5,5,5,5,5,3,3.92,0,5,TRUE
Male,Disloyal Customer,25,Business Travel,Business,937,1,0,2,2,3,2,3,3,5,4,4,5,3,2.85,0,0,FALSE
Female,Loyal Customer,26,Business Travel,Eco,950,2,5,5,5,2,3,2,2,1,2,3,2,2,2.77,0,0,FALSE
Male,Disloyal Customer,37,Business Travel,Eco,745,3,3,3,4,5,3,5,5,2,5,3,3,5,3.77,92,68,FALSE
Female,Disloyal Customer,23,Business Travel,Eco,1008,3,3,3,3,4,3,4,4,4,4,4,1,4,3.38,7,0,FALSE
Female,Disloyal Customer,10,Business Travel,Eco,488,3,2,3,4,3,3,3,3,1,5,3,1,3,2.85,93,63,FALSE
Female,Loyal Customer,48,Business Travel,Business,1590,4,5,4,4,4,3,4,4,4,4,4,5,3,4,0,0,TRUE
Male,Disloyal Customer,24,Business Travel,Eco,874,1,1,1,3,2,1,2,2,4,3,4,4,2,2.31,4,0,FALSE
Male,Loyal Customer,53,Business Travel,Business,3907,1,1,4,1,3,4,4,4,4,4,4,3,4,3.15,88,63,TRUE
Male,Loyal Customer,39,Business Travel,Business,337,3,3,3,3,5,5,4,3,3,4,3,4,3,3.54,0,0,TRUE
Female,Loyal Customer,50,Business Travel,Business,775,1,1,1,1,3,5,4,4,4,4,4,4,3,3,14,26,TRUE
Male,Disloyal Customer,30,Business Travel,Eco,779,1,2,2,1,5,2,5,5,3,1,3,1,5,2.77,30,34,FALSE
Male,Loyal Customer,36,Business Travel,Business,2111,0,0,0,1,2,4,3,1,1,1,1,5,3,1.69,0,0,TRUE
Female,Loyal Customer,60,Business Travel,Eco,372,4,1,1,1,5,4,3,4,4,4,4,2,2,3,0,9,TRUE
Male,Loyal Customer,46,Business Travel,Business,2070,0,3,0,4,5,2,2,2,2,2,2,5,4,2.54,0,0,TRUE
Female,Disloyal Customer,25,Business Travel,Business,723,1,5,0,4,2,0,2,2,3,2,5,3,2,2.38,0,0,FALSE
Male,Loyal Customer,35,Personal Travel,Eco Plus,456,2,4,2,1,3,2,3,3,3,2,5,4,3,2.85,62,81,FALSE
Male,Loyal Customer,8,Personal Travel,Eco,1197,3,1,3,2,2,3,2,2,3,5,1,2,2,2.38,1,0,FALSE
Female,Disloyal Customer,36,Business Travel,Eco Plus,711,2,2,2,3,3,2,3,3,2,2,3,2,3,2.46,24,9,FALSE
Female,Loyal Customer,21,Business Travel,Business,694,2,2,2,2,4,5,4,4,4,2,2,5,4,3.23,0,0,TRUE
Male,Loyal Customer,39,Business Travel,Eco,247,3,5,5,5,3,3,3,3,2,1,4,3,3,3.31,0,0,FALSE
Female,Loyal Customer,43,Business Travel,Business,2174,3,3,3,3,4,5,4,2,2,2,2,5,4,3.23,0,0,TRUE
Female,Loyal Customer,28,Business Travel,Business,1096,2,2,2,2,2,2,2,2,3,4,5,4,2,2.62,0,0,TRUE
Female,Loyal Customer,24,Business Travel,Eco,689,4,3,3,3,4,4,5,4,3,1,3,5,4,3.54,0,0,TRUE
Male,Loyal Customer,40,Business Travel,Business,3017,2,1,5,1,4,4,4,2,2,2,2,2,3,2.62,0,0,FALSE
Male,Loyal Customer,46,Business Travel,Eco,1182,2,4,3,4,2,2,2,2,4,1,1,1,2,2.31,12,20,FALSE
Female,Loyal Customer,53,Business Travel,Eco Plus,1506,3,5,5,5,1,3,4,3,3,3,3,2,4,3.38,26,14,FALSE
Male,Loyal Customer,48,Business Travel,Business,3459,4,4,4,4,3,4,5,5,5,5,5,4,3,4.23,6,5,TRUE
Male,Loyal Customer,66,Business Travel,Eco,129,5,1,1,1,5,5,5,5,5,1,3,5,5,3.62,0,1,TRUE
Male,Loyal Customer,39,Business Travel,Business,437,2,2,2,2,3,4,5,5,5,5,5,3,5,3.69,0,4,TRUE
Female,Loyal Customer,37,Personal Travel,Eco,1670,4,4,4,2,4,4,4,4,3,4,2,3,4,3.54,26,17,FALSE
Female,Loyal Customer,30,Business Travel,Business,680,3,3,3,3,4,4,4,4,4,2,1,4,4,3.31,0,1,TRUE
Female,Loyal Customer,28,Personal Travel,Eco,351,1,2,1,2,2,1,2,2,3,5,2,1,2,2,11,0,FALSE
Male,Disloyal Customer,27,Business Travel,Eco,914,3,3,3,3,5,3,5,5,4,3,5,2,5,3.77,0,0,FALSE
Female,Loyal Customer,36,Personal Travel,Eco,341,0,3,0,1,1,0,4,1,2,5,1,3,1,1.69,0,0,TRUE
Male,Loyal Customer,57,Business Travel,Business,1619,4,4,4,4,5,3,5,3,3,4,3,5,3,3.85,0,0,TRUE
Female,Loyal Customer,64,Personal Travel,Eco,550,1,0,1,5,4,5,5,1,1,1,1,3,3,2.38,4,0,FALSE
Male,Loyal Customer,51,Business Travel,Business,305,1,1,4,1,4,3,5,5,5,5,5,3,1,3.31,3,0,TRUE
Female,Loyal Customer,33,Business Travel,Business,834,3,1,1,1,4,3,3,3,3,3,3,1,2,2.38,0,8,FALSE
Male,Loyal Customer,21,Personal Travel,Eco,633,2,5,2,4,2,2,2,2,4,4,4,5,2,3.08,0,0,FALSE
Male,Loyal Customer,32,Business Travel,Business,1069,2,2,2,2,4,4,4,4,5,3,4,4,4,3.38,9,0,TRUE
Male,Loyal Customer,63,Personal Travel,Eco,1482,2,5,1,4,3,1,3,3,3,2,4,4,3,2.92,13,3,FALSE
Female,Loyal Customer,32,Personal Travel,Eco,813,3,1,3,4,3,3,3,3,1,1,4,4,3,2.77,18,0,FALSE
Female,Loyal Customer,20,Personal Travel,Business,323,4,3,4,2,2,4,4,2,5,4,2,3,2,3.15,15,22,TRUE
Male,Loyal Customer,53,Business Travel,Eco Plus,1250,3,3,3,3,3,3,3,3,4,3,5,2,3,3.15,11,0,TRUE
Male,Loyal Customer,39,Personal Travel,Eco,1182,2,5,3,2,2,3,2,2,5,2,4,4,2,2.92,0,0,FALSE
Male,Loyal Customer,64,Business Travel,Business,1995,2,2,2,2,4,4,5,5,5,5,5,3,4,3.69,37,36,TRUE
Male,Loyal Customer,51,Personal Travel,Eco,775,2,4,2,3,2,2,2,2,3,5,1,2,2,2.46,0,0,FALSE
Male,Loyal Customer,41,Business Travel,Eco,1416,1,4,4,4,1,1,1,1,3,4,2,3,1,2.31,93,80,FALSE
Male,Loyal Customer,25,Personal Travel,Eco Plus,358,0,4,0,3,4,0,4,4,5,4,5,5,4,3.23,0,0,TRUE
Female,Loyal Customer,52,Business Travel,Eco,1145,3,2,2,2,3,4,3,3,3,3,3,1,4,2.77,0,0,FALSE
Male,Disloyal Customer,27,Business Travel,Business,2762,3,2,2,2,5,2,5,5,2,2,2,2,5,3,0,0,FALSE
Female,Loyal Customer,15,Personal Travel,Eco,1616,4,4,4,2,2,4,2,2,4,5,5,4,2,3.38,0,13,FALSE
Male,Loyal Customer,54,Business Travel,Business,1770,2,2,2,2,5,5,4,5,5,4,5,5,3,3.77,5,8,TRUE
Male,Loyal Customer,39,Business Travel,Business,3721,2,2,2,2,1,5,4,5,5,5,5,1,2,3.15,0,0,TRUE
Male,Loyal Customer,63,Personal Travel,Eco,347,3,5,3,3,2,3,2,2,5,3,5,1,2,3,11,6,FALSE
Female,Disloyal Customer,23,Business Travel,Business,447,3,1,3,3,1,3,1,1,4,5,4,1,1,2.38,7,3,FALSE
Male,Disloyal Customer,48,Business Travel,Business,859,1,1,1,2,4,1,4,4,4,5,5,5,4,3.15,0,20,FALSE
Male,Loyal Customer,45,Business Travel,Business,1572,4,4,4,4,5,4,4,4,4,4,4,5,4,4.15,0,0,TRUE
Female,Loyal Customer,42,Business Travel,Business,332,0,0,0,4,3,4,4,2,2,2,2,4,5,2.46,20,24,TRUE
Female,Loyal Customer,16,Business Travel,Business,3455,3,4,1,4,3,3,3,3,2,1,4,2,3,2.77,39,33,FALSE
Male,Loyal Customer,38,Business Travel,Business,3854,3,5,5,5,5,4,4,3,3,3,3,2,4,3.77,25,29,FALSE
Female,Loyal Customer,29,Business Travel,Business,2460,5,5,5,5,5,5,5,5,5,5,4,3,5,4.77,0,0,TRUE
Male,Loyal Customer,56,Business Travel,Business,719,5,5,5,5,2,4,4,5,5,5,5,5,5,4.62,0,0,TRUE
Female,Loyal Customer,51,Personal Travel,Eco,325,5,5,5,3,3,1,4,2,2,5,2,3,1,3.15,0,0,TRUE
Male,Disloyal Customer,49,Business Travel,Eco,674,2,2,2,2,2,2,2,2,2,2,5,4,2,2.38,0,0,FALSE
Male,Disloyal Customer,41,Business Travel,Eco,304,3,1,3,3,5,3,5,5,1,4,4,4,5,3.54,4,0,FALSE
Male,Loyal Customer,46,Business Travel,Business,784,1,2,2,2,5,3,4,1,1,1,1,3,2,2.15,0,0,FALSE
Female,Loyal Customer,39,Business Travel,Business,278,2,3,3,3,4,4,3,2,2,2,2,2,4,2.77,0,0,FALSE
Male,Loyal Customer,72,Business Travel,Business,2507,1,1,5,1,2,5,5,4,4,4,4,3,5,3.38,0,0,TRUE
Male,Loyal Customer,40,Business Travel,Eco,214,4,4,4,4,4,4,4,4,5,1,1,1,4,3.38,0,0,TRUE
Male,Loyal Customer,60,Personal Travel,Eco,1749,3,1,3,3,4,3,4,4,1,3,3,1,4,2.85,0,0,FALSE
Female,Disloyal Customer,40,Business Travel,Business,2075,3,3,3,1,4,3,4,4,3,3,3,3,4,3.15,26,4,FALSE
Male,Loyal Customer,51,Business Travel,Business,1914,1,1,1,1,3,5,4,4,4,4,4,3,4,3,0,0,TRUE
Male,Loyal Customer,35,Business Travel,Business,3550,0,0,0,3,5,5,5,4,4,4,4,3,4,3.15,41,38,TRUE
Male,Loyal Customer,50,Personal Travel,Eco,299,3,4,3,4,5,3,1,5,4,2,5,5,5,3.77,0,29,FALSE
Female,Loyal Customer,51,Business Travel,Business,2190,3,1,1,1,5,4,3,2,2,2,3,4,2,2.54,0,4,FALSE
Female,Loyal Customer,36,Business Travel,Business,2769,3,3,3,3,5,5,4,5,5,5,5,4,4,4.15,0,0,TRUE
Female,Disloyal Customer,25,Business Travel,Eco,860,4,4,4,4,4,4,5,4,1,3,3,2,4,3.54,0,0,FALSE
Female,Loyal Customer,8,Personal Travel,Eco,726,2,5,2,4,1,2,1,1,4,3,1,5,1,2.46,0,0,FALSE
Female,Loyal Customer,48,Business Travel,Eco,746,5,4,4,4,5,5,5,2,2,5,4,5,5,4.23,205,196,TRUE
Female,Loyal Customer,40,Business Travel,Business,3799,2,2,2,2,5,5,4,5,5,5,5,3,3,3.69,0,0,TRUE
Male,Loyal Customer,47,Business Travel,Eco Plus,594,2,2,2,2,3,2,3,3,4,4,3,3,3,2.77,12,11,FALSE
Female,Loyal Customer,62,Personal Travel,Eco,948,3,3,3,2,5,3,3,2,2,3,2,2,2,2.69,0,7,FALSE
Male,Loyal Customer,32,Business Travel,Business,1824,4,1,1,1,4,3,4,4,1,3,3,4,4,2.85,15,2,FALSE
Female,Disloyal Customer,25,Business Travel,Eco,836,3,3,3,4,2,3,2,2,4,2,3,2,2,2.69,19,13,FALSE
Female,Disloyal Customer,59,Business Travel,Business,483,3,3,3,1,1,3,1,1,4,5,5,5,1,2.77,125,120,FALSE
Male,Loyal Customer,57,Business Travel,Eco,277,1,0,0,4,3,1,3,3,4,4,4,4,3,2.62,1,9,FALSE
Female,Loyal Customer,27,Personal Travel,Eco,240,1,4,1,3,3,1,3,3,3,4,5,5,3,3,25,33,FALSE
Female,Loyal Customer,48,Business Travel,Business,177,2,5,5,5,4,3,3,2,2,2,2,3,3,3.15,58,55,FALSE
Female,Loyal Customer,47,Business Travel,Eco,198,4,5,5,5,2,3,4,4,4,4,4,4,4,4,0,0,FALSE
Female,Loyal Customer,56,Business Travel,Business,1107,2,4,4,4,5,4,3,2,2,2,2,2,1,2.85,0,0,FALSE
Male,Disloyal Customer,36,Business Travel,Business,874,1,0,0,5,2,0,4,2,4,2,5,3,2,2.31,0,0,FALSE
Male,Disloyal Customer,40,Business Travel,Eco,762,2,2,2,1,4,2,4,4,4,2,2,3,4,2.77,1,0,FALSE
Female,Loyal Customer,47,Business Travel,Business,1481,4,4,4,4,3,5,4,4,4,4,4,4,3,3.92,12,14,TRUE
Male,Loyal Customer,56,Business Travel,Business,284,3,5,5,5,2,3,4,3,3,3,3,2,3,3.38,0,0,FALSE
Male,Loyal Customer,34,Business Travel,Business,2903,2,2,2,2,2,4,4,2,2,2,2,2,3,2.38,3,5,FALSE
Female,Loyal Customer,39,Business Travel,Business,2046,2,2,2,2,3,5,5,4,4,5,4,5,3,3.54,104,122,TRUE
Male,Disloyal Customer,39,Business Travel,Eco,614,2,3,3,4,2,3,2,2,1,1,4,2,2,2.38,14,7,FALSE
Female,Disloyal Customer,28,Business Travel,Business,1514,1,1,1,5,1,1,1,1,4,5,4,3,1,2.23,4,0,FALSE
Male,Loyal Customer,16,Personal Travel,Eco,853,3,4,3,5,3,3,3,3,5,2,5,5,3,3.62,12,21,FALSE
Female,Loyal Customer,60,Personal Travel,Eco,370,1,5,1,2,3,5,1,3,3,1,3,3,2,2.54,0,0,FALSE
Female,Loyal Customer,45,Business Travel,Business,2704,1,1,1,1,3,3,3,4,3,3,5,3,3,2.62,0,0,TRUE
Male,Loyal Customer,47,Personal Travel,Eco,700,3,4,3,4,3,3,4,3,4,2,4,5,3,3.46,0,0,FALSE
Female,Disloyal Customer,20,Business Travel,Eco,239,4,1,4,4,4,4,4,4,2,3,4,2,4,3.38,57,39,FALSE
Male,Loyal Customer,43,Business Travel,Business,1440,3,3,4,3,3,5,4,4,4,4,4,5,3,3.77,0,0,TRUE
Male,Loyal Customer,52,Business Travel,Business,2914,5,5,5,5,4,4,5,4,4,4,4,4,3,4.31,14,0,TRUE
Female,Disloyal Customer,20,Business Travel,Eco,197,4,0,5,4,4,5,4,4,5,4,4,3,4,3.85,4,1,TRUE
Male,Loyal Customer,18,Business Travel,Business,3769,2,4,4,4,2,2,2,2,1,4,3,3,2,2.69,122,106,FALSE
Male,Loyal Customer,27,Personal Travel,Eco,763,2,4,3,4,4,3,2,4,5,3,4,5,4,3.62,0,10,FALSE
Male,Loyal Customer,62,Business Travel,Eco Plus,733,4,4,4,4,4,4,4,4,4,2,4,1,4,3.62,0,0,FALSE
Male,Loyal Customer,52,Personal Travel,Eco,602,3,1,3,4,2,3,2,2,2,2,3,3,2,2.46,10,8,FALSE
Female,Disloyal Customer,28,Business Travel,Business,2139,1,1,1,3,3,1,3,3,5,4,4,5,3,2.85,4,0,FALSE
Male,Loyal Customer,39,Business Travel,Business,406,2,5,2,5,4,2,2,2,2,2,2,3,4,2.85,23,17,FALSE
Female,Loyal Customer,59,Personal Travel,Eco,214,4,2,0,2,0,2,2,1,2,3,3,2,2,1.92,198,206,FALSE
Female,Loyal Customer,63,Business Travel,Eco Plus,2465,4,1,1,1,4,4,4,3,5,4,1,4,4,3.08,0,0,TRUE
Male,Loyal Customer,60,Business Travel,Business,2030,2,2,2,2,2,4,4,4,4,4,4,4,3,3.15,0,0,TRUE
Male,Loyal Customer,25,Business Travel,Business,190,1,2,4,4,2,2,1,2,4,3,4,4,2,2.69,0,0,FALSE
Female,Loyal Customer,59,Business Travel,Business,2556,4,4,4,4,3,3,5,5,5,5,5,5,4,4.31,0,0,TRUE
Female,Disloyal Customer,22,Business Travel,Eco,1183,2,2,2,2,3,2,3,3,5,3,5,5,3,3.08,0,0,FALSE
Male,Loyal Customer,9,Personal Travel,Eco,201,3,1,3,2,4,3,2,4,2,3,2,2,4,2.69,0,0,FALSE
Male,Loyal Customer,36,Business Travel,Business,3118,2,2,2,2,2,5,5,5,5,5,5,3,3,3.54,20,39,TRUE
Male,Loyal Customer,42,Business Travel,Eco Plus,1157,2,5,3,5,2,2,2,2,1,4,3,3,2,2.77,0,21,FALSE
Male,Loyal Customer,32,Business Travel,Eco,240,4,4,4,4,4,4,4,4,1,2,3,3,4,3.46,0,35,FALSE
Male,Loyal Customer,55,Business Travel,Eco,230,5,2,2,2,5,5,5,5,2,2,4,2,5,3.54,0,0,TRUE
Male,Loyal Customer,70,Personal Travel,Eco,529,2,4,2,4,4,2,4,4,5,3,5,3,4,3.54,101,76,FALSE
Female,Disloyal Customer,34,Business Travel,Eco,1214,2,2,2,4,5,2,5,5,2,3,3,4,5,3.38,5,11,FALSE
Female,Disloyal Customer,34,Business Travel,Eco,760,1,1,1,4,4,1,2,4,4,4,4,3,4,2.85,6,29,FALSE
Female,Loyal Customer,8,Personal Travel,Eco,195,2,4,2,2,5,2,5,5,2,1,3,2,5,3.08,0,0,FALSE
Female,Loyal Customer,68,Business Travel,Business,325,4,4,2,4,3,4,4,4,4,3,4,1,3,3.38,35,24,FALSE
Female,Loyal Customer,16,Personal Travel,Eco,1744,3,4,4,3,5,4,5,5,2,4,3,2,5,3.77,3,12,FALSE
Female,Loyal Customer,58,Personal Travel,Eco,859,2,4,2,2,2,5,4,5,5,2,5,3,4,3.46,0,17,FALSE
Male,Loyal Customer,48,Business Travel,Business,2336,2,2,2,2,3,4,4,4,4,4,4,4,4,3.31,0,2,TRUE
Male,Loyal Customer,43,Business Travel,Business,1763,5,5,5,5,5,5,5,3,2,5,5,5,5,4.62,226,255,TRUE
Male,Loyal Customer,51,Business Travel,Eco,1013,3,1,1,1,3,3,3,3,2,5,3,3,3,2.62,30,19,FALSE
Male,Disloyal Customer,24,Business Travel,Business,1371,0,4,0,3,2,0,2,2,3,2,5,3,2,2.15,0,5,TRUE
Female,Disloyal Customer,38,Business Travel,Business,406,2,2,2,2,1,2,1,1,4,2,4,3,1,2.08,0,5,FALSE
Male,Loyal Customer,42,Business Travel,Business,3824,5,5,5,5,4,4,4,4,4,4,4,5,3,4.31,0,0,TRUE
Female,Loyal Customer,69,Personal Travel,Business,201,2,4,2,2,3,1,1,4,4,2,4,3,3,2.69,0,0,FALSE
Female,Loyal Customer,47,Business Travel,Eco,622,3,2,5,2,2,3,4,2,2,3,2,2,3,2.69,85,97,FALSE
Male,Loyal Customer,10,Personal Travel,Eco,867,3,5,2,2,2,2,2,2,5,2,5,4,2,2.92,0,3,FALSE
Female,Loyal Customer,36,Business Travel,Business,271,0,0,0,4,4,5,5,4,4,4,4,5,5,3.38,0,0,TRUE
Male,Loyal Customer,44,Business Travel,Eco,480,5,4,4,4,5,5,5,5,2,5,3,3,5,4.23,0,3,TRUE
Male,Disloyal Customer,11,Business Travel,Eco,528,4,4,4,3,2,4,2,2,1,4,4,2,2,2.92,94,86,FALSE
Female,Loyal Customer,9,Business Travel,Eco,651,2,2,2,2,2,2,2,2,1,4,3,2,2,2.15,0,0,FALSE
Female,Loyal Customer,76,Business Travel,Eco,107,2,5,5,5,2,3,3,2,2,2,2,4,2,3,0,0,FALSE
Female,Disloyal Customer,36,Business Travel,Eco Plus,331,4,4,4,3,3,4,3,3,5,4,3,4,3,3.62,1,0,FALSE
Female,Loyal Customer,41,Business Travel,Business,3050,4,4,4,4,5,5,5,4,4,4,4,4,3,4.15,8,0,TRUE
Female,Loyal Customer,53,Business Travel,Business,1514,2,2,2,2,3,4,4,4,4,4,4,5,3,3.31,0,0,TRUE
Male,Loyal Customer,40,Personal Travel,Eco Plus,937,4,4,4,3,1,4,1,1,2,3,4,2,1,2.62,0,0,FALSE
Male,Loyal Customer,46,Business Travel,Business,1536,3,3,3,3,4,1,1,5,5,5,5,4,2,3.38,0,0,TRUE
Female,Loyal Customer,35,Personal Travel,Eco,895,2,2,2,3,3,2,3,3,3,3,2,4,3,2.69,18,1,FALSE
Female,Loyal Customer,38,Personal Travel,Eco,1482,3,1,3,4,3,3,5,3,1,1,3,2,3,2.69,23,14,FALSE
Male,Disloyal Customer,11,Business Travel,Business,1829,4,0,4,2,3,4,3,3,5,4,5,5,3,3.46,0,0,TRUE
Female,Loyal Customer,17,Personal Travel,Eco Plus,356,3,4,3,2,5,3,5,5,3,5,4,3,5,3.85,0,11,FALSE
Female,Loyal Customer,12,Personal Travel,Business,451,3,5,3,2,3,3,3,3,1,1,3,4,3,2.85,0,0,FALSE
Female,Loyal Customer,37,Business Travel,Business,1721,1,1,1,1,4,1,2,4,4,4,5,5,2,2.69,0,0,TRUE
Female,Loyal Customer,41,Business Travel,Business,2159,1,1,1,1,2,4,5,5,5,5,5,4,5,3.38,0,0,TRUE
Female,Loyal Customer,34,Business Travel,Business,1407,3,3,3,3,3,5,4,3,3,2,3,5,4,3.38,0,0,TRUE
Male,Disloyal Customer,21,Business Travel,Eco,251,0,0,0,4,2,0,3,2,5,1,3,3,2,1.92,0,0,TRUE
Female,Loyal Customer,23,Business Travel,Business,2475,2,2,2,2,4,4,4,4,3,2,4,5,4,3.23,14,0,TRUE
Male,Loyal Customer,50,Business Travel,Business,331,5,5,5,5,5,4,4,5,5,5,5,5,3,4.69,8,43,TRUE
Male,Loyal Customer,18,Personal Travel,Eco,678,2,5,2,1,5,2,5,5,4,5,5,4,5,3.85,17,22,FALSE
Male,Loyal Customer,35,Personal Travel,Eco,192,3,3,3,3,3,3,3,3,4,2,5,4,3,3.23,0,10,FALSE
Female,Loyal Customer,21,Personal Travel,Eco,605,2,2,2,3,2,2,2,2,3,1,3,1,2,2.08,95,90,FALSE
Female,Loyal Customer,49,Business Travel,Business,265,3,3,4,3,3,4,5,4,4,4,4,3,3,3.62,0,0,TRUE
Female,Loyal Customer,28,Business Travel,Eco,802,0,0,0,1,2,0,3,2,2,1,3,4,2,1.54,2,0,TRUE
Male,Loyal Customer,24,Business Travel,Business,726,1,0,0,4,4,0,4,4,2,4,4,2,4,2.54,0,0,FALSE
Male,Disloyal Customer,24,Business Travel,Business,1188,4,0,4,1,5,4,1,5,4,4,4,4,5,3.46,0,0,TRUE
Male,Loyal Customer,34,Business Travel,Business,546,4,4,4,4,5,4,4,5,5,5,5,3,5,4.38,2,2,TRUE
Male,Loyal Customer,39,Personal Travel,Eco,588,4,4,4,5,4,4,4,4,4,2,5,4,4,4,0,0,FALSE
Male,Loyal Customer,46,Business Travel,Business,3493,3,3,3,3,5,4,4,4,4,4,4,3,3,3.62,0,0,TRUE
Female,Loyal Customer,22,Business Travel,Business,2890,3,3,3,3,5,5,5,5,3,5,5,4,5,4.15,2,0,TRUE
Female,Loyal Customer,63,Personal Travel,Eco,125,3,4,0,3,3,2,1,1,1,0,1,2,4,1.92,0,0,FALSE
Female,Loyal Customer,37,Personal Travel,Eco,1541,1,5,1,2,2,1,2,2,3,5,5,5,2,2.77,1,10,FALSE
Female,Loyal Customer,19,Business Travel,Eco Plus,1096,2,4,4,4,2,2,1,2,3,4,1,1,2,2.46,11,35,FALSE
Male,Disloyal Customer,21,Business Travel,Eco,1013,2,2,2,4,1,2,1,1,3,3,4,5,1,2.38,0,0,FALSE
Male,Loyal Customer,41,Business Travel,Eco,860,2,1,1,1,2,2,2,2,3,2,3,1,2,1.85,0,0,FALSE
Male,Loyal Customer,23,Business Travel,Eco,488,5,5,5,5,5,5,3,5,1,2,1,5,5,4,67,44,TRUE
Male,Loyal Customer,44,Business Travel,Business,2783,1,1,1,1,4,2,2,5,5,5,5,4,1,2.85,0,0,TRUE
Male,Loyal Customer,58,Business Travel,Business,237,0,1,1,2,4,5,5,5,5,5,5,4,4,3.54,52,60,TRUE
Male,Disloyal Customer,27,Business Travel,Eco,194,4,0,4,2,2,4,2,2,4,1,3,1,2,2.38,3,0,FALSE
Female,Loyal Customer,64,Personal Travel,Eco,1670,3,4,3,4,1,3,1,4,4,3,5,3,5,3.31,0,0,FALSE
Male,Loyal Customer,33,Business Travel,Business,3218,2,5,5,5,2,2,2,2,4,1,3,3,2,2.92,0,23,FALSE
Female,Loyal Customer,41,Business Travel,Business,3729,3,3,3,3,2,4,4,5,5,5,5,4,4,3.85,0,0,TRUE
Male,Loyal Customer,33,Business Travel,Business,2075,3,3,3,3,4,5,4,4,5,5,3,5,4,3.92,0,0,TRUE
Female,Loyal Customer,57,Personal Travel,Eco,237,3,4,3,3,3,1,1,4,3,5,4,1,1,2.77,207,240,FALSE
Male,Loyal Customer,39,Business Travel,Business,1918,3,3,1,3,4,2,2,5,5,5,5,3,3,3.38,0,0,TRUE
Male,Loyal Customer,44,Personal Travel,Eco,889,3,5,3,5,4,3,4,4,4,4,5,5,4,4.08,0,0,FALSE
Female,Loyal Customer,40,Business Travel,Business,3123,5,5,5,5,2,4,5,4,4,4,4,5,5,4.38,0,0,TRUE
Female,Disloyal Customer,26,Business Travel,Business,895,5,5,5,4,4,5,4,4,3,5,4,3,4,4.23,3,0,TRUE
Female,Loyal Customer,59,Business Travel,Business,2738,1,1,4,1,4,4,4,4,4,4,4,3,3,3.15,44,60,TRUE
Male,Loyal Customer,46,Business Travel,Business,2611,2,1,1,1,1,2,4,2,2,2,2,1,4,1.92,0,0,FALSE
Male,Loyal Customer,48,Personal Travel,Eco,1846,5,4,5,4,1,5,1,1,4,5,2,3,1,3.15,0,0,TRUE
Male,Loyal Customer,36,Personal Travel,Eco,829,4,4,4,1,5,4,5,5,5,3,5,3,5,4.08,6,10,FALSE
Male,Loyal Customer,50,Personal Travel,Eco,1303,3,4,3,4,1,3,1,1,5,4,4,5,1,3,6,4,FALSE
Female,Loyal Customer,22,Business Travel,Business,1262,2,5,2,2,2,3,2,2,2,3,2,3,2,2.46,0,0,FALSE
Male,Loyal Customer,22,Business Travel,Business,752,3,1,1,1,3,3,3,3,2,2,4,3,3,2.46,4,5,FALSE
Male,Loyal Customer,48,Personal Travel,Eco,2562,2,4,2,3,1,2,5,1,4,1,2,3,1,2.38,0,0,FALSE
Male,Loyal Customer,39,Business Travel,Business,1694,2,2,2,2,4,5,5,5,5,5,5,4,4,3.85,0,0,TRUE
Female,Loyal Customer,39,Personal Travel,Eco,684,3,4,3,4,2,3,2,2,3,3,3,1,2,2.69,7,0,FALSE
Male,Disloyal Customer,23,Business Travel,Eco,462,0,5,0,4,4,0,4,4,1,1,5,3,4,2.69,61,46,TRUE
Female,Loyal Customer,44,Business Travel,Business,3628,2,2,2,2,5,5,5,5,5,5,5,4,5,4,6,0,TRUE
Male,Loyal Customer,46,Personal Travel,Eco,719,4,4,4,1,4,4,4,4,5,2,5,4,4,3.77,0,0,TRUE
Female,Disloyal Customer,36,Business Travel,Business,308,3,3,3,5,1,3,1,1,3,3,4,5,1,2.77,0,0,FALSE
Female,Loyal Customer,64,Business Travel,Eco,743,5,1,2,1,3,3,4,5,5,5,5,5,1,3.46,0,0,TRUE
Male,Disloyal Customer,50,Business Travel,Business,650,2,2,2,3,2,2,2,2,5,5,4,5,2,2.92,0,0,FALSE
Male,Disloyal Customer,21,Business Travel,Eco,590,4,2,4,4,4,4,3,4,3,3,5,3,4,3.62,0,0,TRUE
Male,Loyal Customer,48,Personal Travel,Eco,409,1,3,1,4,1,1,1,1,1,1,4,4,1,1.85,1,0,FALSE
Male,Loyal Customer,41,Business Travel,Business,1692,1,1,4,1,4,4,4,4,4,4,4,3,3,3.15,0,0,TRUE
Female,Loyal Customer,22,Personal Travel,Eco,1671,2,5,2,4,2,2,2,2,2,2,1,1,2,2.23,10,0,FALSE
Female,Loyal Customer,62,Personal Travel,Eco Plus,561,3,2,3,2,2,2,2,1,1,3,1,3,1,2,0,7,FALSE
Male,Loyal Customer,19,Personal Travel,Eco,604,3,5,3,3,3,3,3,3,5,4,5,3,3,3.54,4,0,FALSE
Male,Disloyal Customer,27,Business Travel,Eco,918,5,5,5,3,5,1,1,5,3,3,4,1,1,3.23,0,0,TRUE
Female,Disloyal Customer,61,Business Travel,Eco,399,1,4,1,4,5,1,5,5,4,5,4,1,5,3.46,0,0,FALSE
Male,Disloyal Customer,16,Business Travel,Eco,862,2,3,3,4,4,3,2,4,3,4,5,5,4,3.54,0,1,FALSE
Female,Loyal Customer,53,Business Travel,Business,3193,1,1,1,1,5,5,4,4,4,3,4,5,4,3.23,0,0,TRUE
Female,Loyal Customer,30,Business Travel,Business,3084,3,3,3,3,4,4,4,4,3,3,4,4,4,3.54,0,0,TRUE
Male,Loyal Customer,65,Personal Travel,Eco,1733,4,5,5,3,4,5,4,4,2,3,4,4,4,3.92,0,0,TRUE
Female,Loyal Customer,43,Business Travel,Business,1352,2,2,2,2,2,5,4,4,4,4,4,5,5,3.46,0,0,TRUE
Female,Loyal Customer,31,Business Travel,Business,3851,1,4,4,4,1,1,1,1,1,2,4,4,1,2.23,28,25,FALSE
Female,Disloyal Customer,30,Business Travel,Eco,719,1,1,1,4,2,1,2,2,4,1,3,3,2,2.08,0,0,FALSE
Female,Loyal Customer,43,Business Travel,Business,3651,4,4,4,4,4,5,4,4,4,3,4,5,4,4.08,4,7,TRUE
Male,Loyal Customer,21,Personal Travel,Business,1514,3,4,3,3,3,3,3,3,5,2,5,4,3,3.38,0,5,FALSE
Male,Loyal Customer,61,Personal Travel,Eco Plus,404,2,4,2,2,4,2,3,4,4,5,4,4,4,3.38,0,0,FALSE
Male,Loyal Customer,48,Business Travel,Business,1601,4,4,3,4,4,4,4,5,4,4,5,4,4,4.08,258,251,TRUE
Male,Loyal Customer,67,Personal Travel,Eco Plus,1514,1,4,1,3,2,1,2,2,3,5,3,5,2,2.62,0,0,FALSE
Male,Loyal Customer,53,Business Travel,Business,1733,1,1,1,1,2,4,4,4,4,4,4,5,3,2.92,0,0,TRUE
Male,Loyal Customer,53,Personal Travel,Eco,280,4,5,4,3,2,4,2,2,5,4,4,3,2,3.38,0,0,FALSE
Female,Loyal Customer,55,Business Travel,Business,2706,1,1,1,1,4,5,5,4,4,4,4,3,4,3.15,0,0,TRUE
Female,Loyal Customer,19,Personal Travel,Eco,315,1,4,1,2,2,1,2,2,3,2,5,4,2,2.38,30,17,FALSE
Male,Loyal Customer,44,Business Travel,Business,1947,3,3,3,3,5,3,4,5,5,5,5,5,3,4,0,25,TRUE
Female,Loyal Customer,65,Personal Travel,Eco,451,4,5,4,3,3,5,4,1,1,4,5,3,5,3.62,83,84,FALSE
Male,Loyal Customer,79,Business Travel,Eco,432,4,3,3,3,4,4,4,1,3,2,3,4,4,3.23,136,125,FALSE
Male,Loyal Customer,55,Personal Travel,Eco,760,2,5,1,5,5,1,5,5,3,2,4,5,5,3.69,9,11,FALSE
Male,Loyal Customer,56,Personal Travel,Eco Plus,373,3,3,3,4,2,3,5,2,3,4,2,5,2,3.15,16,6,FALSE
Female,Loyal Customer,44,Business Travel,Business,2669,3,3,3,3,2,4,4,4,4,4,4,4,4,3.54,50,38,TRUE
Female,Disloyal Customer,40,Business Travel,Business,302,2,2,2,3,4,2,4,4,3,3,4,5,4,3.23,0,0,FALSE
Male,Loyal Customer,24,Business Travel,Eco,641,5,4,5,4,5,5,5,5,2,2,1,5,5,4.08,0,0,TRUE
Female,Loyal Customer,13,Personal Travel,Business,223,2,5,0,5,3,0,3,3,4,3,4,5,3,3.08,0,0,FALSE
Female,Disloyal Customer,22,Business Travel,Business,235,5,3,5,3,2,5,2,2,1,1,4,3,2,2.92,0,0,TRUE
Female,Loyal Customer,54,Business Travel,Eco,552,3,4,4,4,1,4,4,4,4,3,4,4,2,3.46,70,68,FALSE
Female,Loyal Customer,70,Personal Travel,Eco,867,3,5,3,2,1,3,5,3,3,3,3,5,1,3.08,0,0,FALSE
Female,Disloyal Customer,37,Business Travel,Eco,438,3,0,3,1,5,3,5,5,2,5,5,1,5,3.31,0,0,FALSE
Female,Disloyal Customer,44,Business Travel,Eco,780,3,3,3,3,2,3,2,2,5,5,2,3,2,2.92,30,22,FALSE
Male,Loyal Customer,52,Business Travel,Business,3201,2,2,2,2,1,1,5,5,5,4,3,5,3,3.08,10,19,TRUE
Female,Loyal Customer,39,Business Travel,Business,1824,5,1,5,5,3,4,4,4,4,4,4,4,5,4,0,0,TRUE
Male,Loyal Customer,24,Business Travel,Business,3944,2,4,4,4,2,2,2,2,4,1,4,4,2,2.85,0,2,FALSE
Female,Loyal Customer,41,Personal Travel,Eco,1076,2,5,2,1,2,3,1,5,2,5,5,1,1,2.69,446,431,FALSE
Female,Loyal Customer,31,Business Travel,Business,3690,1,1,1,1,1,1,1,1,3,4,3,3,1,1.69,15,3,FALSE
Male,Loyal Customer,30,Personal Travel,Eco Plus,762,4,5,4,4,3,4,3,3,4,5,3,2,3,3.62,11,14,FALSE
Female,Loyal Customer,47,Business Travel,Business,2551,2,3,3,3,2,2,1,2,2,2,2,3,2,2.23,11,17,FALSE
Male,Disloyal Customer,26,Business Travel,Eco,1546,5,5,5,3,4,5,4,4,1,1,2,5,4,3.69,0,2,TRUE
Female,Loyal Customer,60,Business Travel,Business,861,5,5,5,5,2,5,5,5,5,4,5,4,3,4.46,20,0,TRUE
Female,Loyal Customer,41,Business Travel,Eco,789,2,2,2,2,2,2,2,2,4,5,2,4,2,2.54,0,0,FALSE
Female,Loyal Customer,44,Business Travel,Business,3764,4,5,4,4,3,5,4,2,2,2,2,3,3,3.31,0,0,TRUE
Female,Disloyal Customer,29,Business Travel,Eco,612,2,3,2,4,3,2,1,3,5,3,1,4,3,2.77,98,91,FALSE
Male,Loyal Customer,40,Business Travel,Business,3208,1,1,1,1,5,5,5,4,4,4,4,5,3,3.31,47,43,TRUE
Male,Loyal Customer,49,Business Travel,Business,3133,0,0,0,2,3,4,5,3,3,3,3,3,4,2.54,0,1,TRUE
Male,Disloyal Customer,25,Business Travel,Eco,447,3,0,3,1,5,3,4,5,3,3,3,2,5,3.08,21,23,FALSE
Male,Loyal Customer,28,Personal Travel,Eco,113,3,1,3,3,2,3,2,2,3,2,2,1,2,2.23,12,12,FALSE
Female,Loyal Customer,38,Business Travel,Eco Plus,180,5,2,2,2,5,5,5,5,3,2,1,5,5,3.62,2,0,TRUE
Male,Loyal Customer,11,Personal Travel,Eco,1065,2,4,2,4,1,2,1,1,3,2,5,5,1,2.54,0,23,FALSE
Female,Loyal Customer,36,Personal Travel,Eco,1052,3,5,3,2,5,3,5,5,4,3,4,3,5,3.85,0,0,FALSE
Male,Loyal Customer,58,Business Travel,Business,2577,3,5,5,5,5,2,2,3,3,3,3,2,2,3.31,22,33,FALSE
Female,Loyal Customer,53,Business Travel,Business,3047,4,4,4,4,4,5,2,4,4,4,4,2,3,3.69,0,0,TRUE
Male,Loyal Customer,52,Business Travel,Business,3627,2,5,5,5,4,2,3,2,2,2,2,3,4,3.15,0,8,FALSE
Male,Loyal Customer,57,Business Travel,Business,936,2,2,2,2,3,4,5,1,1,2,1,4,5,2.62,12,10,TRUE
Male,Loyal Customer,26,Business Travel,Business,1258,1,1,1,1,4,4,4,4,3,2,4,5,4,2.92,0,0,TRUE
Male,Loyal Customer,26,Personal Travel,Eco,550,2,3,2,1,4,2,4,4,5,5,3,3,4,3.23,0,4,FALSE
Female,Disloyal Customer,26,Business Travel,Business,316,3,0,3,1,4,3,5,4,5,3,5,3,4,3.31,12,9,FALSE
Male,Loyal Customer,65,Personal Travel,Eco,693,3,5,3,4,5,3,5,5,4,2,4,4,5,4,0,0,FALSE
Male,Loyal Customer,18,Personal Travel,Eco,399,3,4,3,3,5,3,5,5,3,2,4,5,5,3.85,0,0,FALSE
Female,Loyal Customer,43,Business Travel,Eco,584,4,1,1,1,3,2,5,4,4,4,4,4,2,3,0,0,TRUE
Male,Disloyal Customer,20,Business Travel,Eco,862,5,4,4,1,3,4,3,3,4,4,5,3,3,3.54,1,0,TRUE
Male,Disloyal Customer,16,Business Travel,Eco,482,4,2,5,3,3,5,3,3,1,2,4,1,3,3,33,30,FALSE
Male,Loyal Customer,23,Personal Travel,Eco,184,3,5,0,4,2,0,1,2,5,4,1,5,2,2.62,0,0,FALSE
Male,Disloyal Customer,39,Business Travel,Eco,416,3,5,3,4,5,3,5,5,5,4,3,5,5,4.23,0,20,FALSE
Female,Loyal Customer,46,Business Travel,Eco,1276,2,5,5,5,4,4,4,2,2,2,2,1,4,3.23,0,15,FALSE
Male,Loyal Customer,50,Business Travel,Business,3727,1,1,1,1,3,4,4,5,5,5,5,5,5,3.46,0,5,TRUE
Female,Loyal Customer,41,Personal Travel,Eco,563,2,4,3,1,4,3,4,4,4,2,4,5,4,3.38,0,0,FALSE
Male,Loyal Customer,14,Personal Travel,Business,972,3,5,3,4,1,3,1,1,5,5,4,3,1,3,0,0,FALSE
Female,Disloyal Customer,29,Business Travel,Business,1149,2,3,3,2,4,3,4,4,4,4,4,5,4,3.54,0,0,FALSE
Male,Loyal Customer,44,Business Travel,Business,646,4,4,4,4,3,4,5,5,5,5,5,3,5,4.31,0,0,TRUE
Male,Loyal Customer,16,Personal Travel,Eco,825,2,4,2,4,2,2,2,2,4,5,4,3,2,2.92,1,42,FALSE
Male,Loyal Customer,23,Business Travel,Business,2639,5,5,5,5,4,4,4,4,5,3,4,5,4,4.38,20,7,TRUE
Male,Loyal Customer,59,Business Travel,Eco,594,2,1,1,1,2,2,2,2,2,5,3,2,2,2.08,0,0,FALSE
Female,Loyal Customer,24,Business Travel,Business,1005,5,5,5,5,4,4,4,4,4,2,5,5,4,4.31,12,12,TRUE
Female,Loyal Customer,59,Business Travel,Business,697,4,4,4,4,2,5,4,5,5,5,5,3,4,4.15,100,85,TRUE
Male,Loyal Customer,27,Business Travel,Business,2665,1,1,2,1,4,4,4,4,4,5,4,5,4,3.31,0,0,TRUE
Female,Loyal Customer,41,Personal Travel,Eco,920,3,2,3,3,3,3,3,3,3,1,3,3,3,2.77,0,0,FALSE
Female,Loyal Customer,52,Business Travel,Business,102,5,5,5,5,3,5,5,5,5,5,5,5,4,4.77,26,21,TRUE
Female,Loyal Customer,32,Business Travel,Business,2024,4,4,4,4,4,4,4,4,3,4,5,3,4,3.92,0,0,TRUE
Female,Loyal Customer,26,Business Travel,Business,1937,4,4,4,4,4,4,4,4,5,4,5,5,4,4.23,49,50,TRUE
Female,Loyal Customer,26,Business Travel,Eco,541,2,5,5,5,2,2,3,2,2,5,4,1,2,3.08,0,11,FALSE
Male,Loyal Customer,30,Business Travel,Business,2801,4,4,4,4,5,4,5,5,3,1,4,1,5,3.77,60,,TRUE
Male,Disloyal Customer,38,Business Travel,Business,481,4,4,4,5,1,4,1,1,5,3,4,4,1,3.15,4,0,FALSE
Male,Loyal Customer,61,Business Travel,Business,3074,2,2,2,2,2,3,3,4,4,4,4,5,4,3.15,29,29,TRUE
Female,Loyal Customer,39,Business Travel,Business,2747,1,1,5,1,3,4,4,5,5,5,5,3,3,3.46,0,0,TRUE
Male,Loyal Customer,52,Business Travel,Business,2471,3,3,3,3,3,4,5,5,5,5,5,3,4,3.92,80,58,TRUE
Female,Disloyal Customer,59,Business Travel,Eco Plus,224,2,2,2,3,3,2,3,3,2,5,4,1,3,2.69,0,0,FALSE
Male,Loyal Customer,12,Personal Travel,Eco,357,4,5,4,1,1,4,1,1,3,5,5,4,1,3,40,38,FALSE
Female,Loyal Customer,50,Business Travel,Business,1345,1,5,1,1,3,5,5,5,5,5,5,5,3,3.77,3,0,TRUE
Male,Disloyal Customer,23,Business Travel,Eco,794,2,2,2,4,1,2,1,1,1,4,3,2,1,2,46,30,FALSE
Female,Loyal Customer,39,Business Travel,Business,599,1,2,2,2,1,2,2,1,1,1,1,3,2,1.62,11,9,FALSE
Female,Loyal Customer,53,Personal Travel,Eco,925,3,5,3,2,5,4,4,2,2,3,2,4,5,3.38,29,9,FALSE
Male,Loyal Customer,53,Business Travel,Business,1590,2,2,2,2,2,4,4,4,4,4,4,3,3,3.08,10,0,TRUE
Female,Loyal Customer,30,Business Travel,Eco,462,1,1,1,1,1,1,1,1,4,1,3,3,1,1.54,61,64,FALSE
Male,Loyal Customer,32,Personal Travel,Eco,1205,3,4,3,4,4,3,4,4,5,5,2,5,4,3.85,59,36,FALSE
Female,Disloyal Customer,37,Business Travel,Eco,529,2,2,2,3,4,2,4,4,2,1,4,2,4,2.77,0,0,FALSE
Female,Loyal Customer,30,Business Travel,Business,192,2,4,4,4,3,3,2,3,2,5,3,4,3,3.23,0,0,FALSE
Male,Loyal Customer,23,Business Travel,Business,2355,5,1,5,5,4,4,4,4,1,5,5,2,4,3.77,0,0,TRUE
Female,Loyal Customer,38,Business Travel,Eco,150,4,3,3,3,4,4,4,4,3,4,2,2,4,3.38,0,0,TRUE
Male,Loyal Customer,54,Business Travel,Business,502,5,5,5,5,3,5,5,4,4,4,4,4,5,4.46,5,31,TRUE
Male,Disloyal Customer,24,Business Travel,Eco,101,3,0,3,4,5,3,5,5,3,3,1,4,5,3.38,0,0,FALSE
Male,Loyal Customer,46,Business Travel,Business,2516,1,1,1,1,2,1,4,5,5,5,5,1,3,2.69,0,21,TRUE
Female,Loyal Customer,39,Business Travel,Business,2618,1,2,1,1,4,4,5,5,5,5,5,3,3,3.38,37,30,TRUE
Female,Disloyal Customer,23,Business Travel,Eco,413,5,0,5,2,1,5,1,1,4,2,5,5,1,2.85,3,16,TRUE
Female,Loyal Customer,57,Personal Travel,Business,575,4,4,4,2,5,5,5,2,2,4,2,4,3,3.54,0,0,FALSE
Female,Disloyal Customer,7,Business Travel,Eco,849,1,2,2,2,2,2,2,2,3,2,4,5,2,2.38,0,0,FALSE
Female,Loyal Customer,60,Business Travel,Business,2602,3,3,3,3,2,5,5,4,4,4,4,5,5,3.85,22,23,TRUE
Male,Loyal Customer,51,Personal Travel,Eco,192,3,4,3,3,2,3,2,2,2,4,4,4,2,2.92,0,11,FALSE
Female,Loyal Customer,59,Personal Travel,Eco,187,2,5,2,3,5,4,5,2,2,2,2,4,3,3.15,76,86,FALSE
Female,Loyal Customer,64,Personal Travel,Eco,868,3,4,3,4,1,4,4,4,4,3,4,4,4,3.54,0,0,FALSE
Male,Loyal Customer,70,Business Travel,Business,108,3,2,2,2,4,4,3,2,2,2,3,2,2,2.54,2,0,FALSE
Female,Loyal Customer,36,Personal Travel,Eco,356,4,5,1,1,1,1,1,1,1,5,1,2,1,1.92,0,0,FALSE
Male,Loyal Customer,31,Business Travel,Eco,200,4,4,4,4,4,4,4,4,2,1,1,3,4,3.31,0,0,TRUE
Male,Loyal Customer,38,Business Travel,Business,2928,4,4,4,4,4,4,5,5,5,5,5,3,5,4.38,0,0,TRUE
Male,Loyal Customer,53,Personal Travel,Eco,507,1,4,1,4,4,1,4,4,5,5,4,5,4,3.54,0,0,FALSE
Female,Loyal Customer,51,Business Travel,Business,811,5,5,2,5,2,5,4,4,4,4,4,3,3,3.85,0,0,TRUE
Male,Loyal Customer,25,Business Travel,Business,1464,1,1,1,1,5,5,5,5,5,5,1,2,5,3.23,23,26,TRUE
Female,Disloyal Customer,24,Business Travel,Business,846,1,1,1,4,2,1,2,2,3,3,3,3,2,2.15,4,30,FALSE
Female,Loyal Customer,38,Business Travel,Eco,301,5,3,3,3,5,4,5,5,3,4,4,4,5,4.08,13,0,TRUE
Male,Loyal Customer,58,Business Travel,Business,2500,5,5,5,5,2,5,5,4,4,4,4,3,4,4.23,108,100,TRUE
Female,Disloyal Customer,35,Business Travel,Eco,1363,4,4,4,2,1,4,1,1,5,1,3,1,1,2.46,25,0,FALSE
Female,Disloyal Customer,28,Business Travel,Business,680,2,2,2,5,4,2,4,4,4,5,5,4,4,3.62,0,0,FALSE
Male,Disloyal Customer,26,Business Travel,Eco,101,4,0,4,3,4,4,4,4,4,2,3,3,4,3.31,0,9,FALSE
Female,Loyal Customer,57,Business Travel,Eco,157,4,5,3,5,4,5,1,4,4,4,4,3,5,3.92,37,26,TRUE
Female,Disloyal Customer,30,Business Travel,Eco,306,4,2,4,3,2,4,3,2,2,3,3,2,2,2.77,0,5,FALSE
Male,Loyal Customer,50,Business Travel,Business,2441,1,1,1,1,5,4,4,4,4,4,4,4,4,3.15,2,0,TRUE
Male,Loyal Customer,50,Business Travel,Eco,1249,4,3,3,3,3,4,3,3,4,4,4,4,3,3.46,0,0,TRUE
Female,Loyal Customer,36,Personal Travel,Eco,605,1,5,1,4,2,1,2,2,3,3,4,3,2,2.54,0,0,FALSE
Female,Loyal Customer,30,Business Travel,Eco Plus,746,4,5,5,5,4,4,4,4,1,3,5,1,4,3.77,0,0,TRUE
Female,Loyal Customer,50,Business Travel,Business,583,5,5,5,5,4,4,4,5,5,5,5,4,4,4.62,0,0,TRUE
Male,Loyal Customer,39,Business Travel,Business,2540,0,4,0,5,5,4,5,4,4,4,4,4,4,3.62,14,11,TRUE
Female,Loyal Customer,63,Personal Travel,Eco,1050,2,4,2,4,3,4,4,3,3,2,3,4,5,3.31,0,0,FALSE
Female,Loyal Customer,12,Personal Travel,Eco,156,4,1,4,2,3,4,3,3,4,3,3,4,3,3.15,0,0,FALSE
Male,Loyal Customer,57,Business Travel,Eco,404,4,2,2,2,4,4,4,4,3,4,5,3,4,3.46,0,0,TRUE
Female,Disloyal Customer,24,Business Travel,Business,480,4,0,4,3,2,4,2,2,3,4,5,3,2,2.92,0,0,TRUE
Male,Loyal Customer,55,Business Travel,Business,2766,5,5,5,5,4,5,4,5,5,5,5,5,4,4.77,0,0,TRUE
Male,Loyal Customer,62,Business Travel,Business,3313,3,2,2,2,2,3,3,3,3,3,3,3,1,2.54,0,0,FALSE
Male,Loyal Customer,52,Business Travel,Business,3309,0,0,0,2,5,4,5,5,5,5,5,5,4,3.46,0,0,TRUE
Male,Loyal Customer,31,Business Travel,Business,1481,4,4,4,4,4,4,4,4,5,3,5,4,4,4.08,86,111,TRUE
Female,Loyal Customer,12,Personal Travel,Eco,1947,1,5,0,2,5,0,5,5,3,4,3,5,5,3.31,0,7,FALSE
Male,Loyal Customer,37,Business Travel,Business,338,0,0,0,3,2,4,4,1,1,1,1,5,4,2,10,6,TRUE
Female,Loyal Customer,21,Personal Travel,Eco,317,1,4,1,3,1,1,1,1,2,2,4,5,1,2.08,20,14,FALSE
Female,Loyal Customer,67,Personal Travel,Eco,370,5,4,5,3,2,4,4,1,1,5,1,2,3,3.08,0,2,TRUE
Female,Loyal Customer,70,Personal Travel,Eco,1562,2,5,2,2,3,4,4,1,1,2,1,3,5,2.69,35,24,FALSE
Male,Loyal Customer,22,Personal Travel,Eco,277,4,0,3,1,1,3,2,1,3,4,5,4,1,2.46,24,30,FALSE
Female,Loyal Customer,78,Business Travel,Business,471,5,5,5,5,5,5,4,2,2,2,2,4,4,3.85,13,3,TRUE
Male,Loyal Customer,47,Personal Travel,Eco,849,2,4,2,3,1,2,1,1,5,3,4,5,1,2.62,6,0,FALSE
Female,Loyal Customer,24,Business Travel,Business,2092,3,3,3,3,5,5,5,5,3,4,5,4,5,4.08,37,36,TRUE
Female,Loyal Customer,39,Business Travel,Eco,421,4,5,2,5,4,4,4,4,1,4,1,4,4,3.54,0,0,TRUE
Female,Loyal Customer,27,Personal Travel,Business,479,1,2,1,3,4,1,4,4,3,3,4,4,4,2.92,0,0,FALSE
Female,Loyal Customer,60,Personal Travel,Eco,1183,1,4,1,3,4,5,5,4,4,1,4,3,3,3.23,47,49,FALSE
Female,Loyal Customer,54,Personal Travel,Eco,2462,2,4,2,2,3,3,4,2,2,2,2,3,3,2.62,9,5,FALSE
Male,Loyal Customer,53,Business Travel,Business,689,2,2,2,2,2,4,4,4,4,4,4,5,4,3.31,0,0,TRUE
Female,Loyal Customer,54,Personal Travel,Eco,357,2,5,2,1,2,5,5,2,2,2,2,3,3,2.77,0,0,FALSE
Female,Disloyal Customer,26,Business Travel,Business,1214,1,1,1,2,4,1,4,4,4,2,4,4,4,2.77,0,0,FALSE
Male,Loyal Customer,52,Personal Travel,Eco,227,2,4,2,5,3,2,3,3,3,5,5,4,3,3.38,0,3,FALSE
Female,Loyal Customer,16,Personal Travel,Eco,1771,1,3,0,4,5,0,5,5,5,1,3,2,5,3,10,16,FALSE
Male,Loyal Customer,52,Personal Travel,Eco,689,3,4,3,3,1,3,1,1,2,1,3,4,1,2.31,0,0,FALSE
Male,Loyal Customer,44,Business Travel,Business,2581,2,1,1,1,1,3,2,1,1,1,2,4,2,1.69,0,0,FALSE
Male,Loyal Customer,39,Business Travel,Business,2103,4,4,4,4,2,5,4,5,5,4,5,4,4,4.15,1,0,TRUE
Female,Loyal Customer,38,Personal Travel,Eco,558,3,5,3,4,2,3,5,2,3,4,3,4,2,3.31,0,0,FALSE
Male,Loyal Customer,37,Business Travel,Eco,1046,5,5,5,5,5,4,5,5,2,4,3,5,5,4.46,0,0,TRUE
Male,Loyal Customer,36,Business Travel,Eco,224,4,1,1,1,4,4,4,4,3,4,3,2,4,3,0,10,FALSE
Male,Loyal Customer,39,Business Travel,Eco,787,5,2,2,2,5,4,5,5,1,4,4,3,5,3.62,9,5,FALSE
Male,Loyal Customer,22,Personal Travel,Eco,458,1,5,1,3,4,1,4,4,3,3,4,5,4,3.23,0,0,FALSE
Female,Loyal Customer,59,Business Travel,Eco Plus,484,2,5,5,5,1,3,3,2,2,2,2,2,1,2.69,1,0,FALSE
Male,Loyal Customer,54,Personal Travel,Business,528,2,2,2,4,5,3,4,2,2,2,2,1,3,2.62,0,0,FALSE
Male,Loyal Customer,59,Business Travel,Business,2637,4,4,4,4,5,5,5,3,3,4,3,4,4,4,16,1,TRUE
Female,Loyal Customer,49,Business Travel,Business,2632,1,1,1,1,3,5,5,5,5,5,5,4,4,3.46,0,0,TRUE
Female,Loyal Customer,50,Business Travel,Business,484,3,3,3,3,4,5,5,3,3,3,3,4,4,3.54,0,0,TRUE
Female,Loyal Customer,39,Business Travel,Eco,965,2,4,4,4,2,3,2,2,1,5,4,3,2,2.92,0,0,TRUE
Male,Loyal Customer,35,Personal Travel,Eco,163,5,4,0,4,4,0,4,4,5,5,5,5,4,3.77,0,0,TRUE
Female,Loyal Customer,40,Personal Travel,Eco,1076,1,5,1,4,1,1,1,1,4,3,5,4,1,2.46,0,0,FALSE
Male,Disloyal Customer,41,Business Travel,Eco,1238,3,3,3,3,4,3,4,4,4,5,3,4,4,3.62,0,0,FALSE
Female,Loyal Customer,47,Business Travel,Business,3557,5,5,2,5,4,4,4,5,5,5,5,5,4,4.46,27,53,TRUE
Female,Loyal Customer,32,Business Travel,Business,2951,4,4,2,4,5,5,5,5,4,5,4,2,5,4.15,15,10,TRUE
Male,Disloyal Customer,36,Business Travel,Eco,416,2,5,3,1,4,3,4,4,4,3,3,3,4,3.31,0,0,FALSE
Male,Disloyal Customer,8,Business Travel,Business,767,2,0,2,3,2,2,2,2,3,5,4,4,2,2.54,0,0,FALSE
Female,Loyal Customer,58,Personal Travel,Eco,927,3,1,4,3,1,4,3,3,3,4,4,1,3,2.85,4,15,FALSE
Female,Disloyal Customer,28,Business Travel,Eco,719,4,4,4,3,1,4,1,1,3,4,2,4,1,2.77,12,0,FALSE
Female,Loyal Customer,36,Business Travel,Eco,2342,5,3,3,3,5,5,5,4,2,3,2,5,5,3.85,9,20,TRUE
Female,Loyal Customer,49,Business Travel,Business,3840,3,3,3,3,5,5,4,5,5,5,5,4,4,4.15,0,0,TRUE
Female,Disloyal Customer,14,Business Travel,Eco,1211,1,0,0,3,2,0,2,2,3,4,3,2,2,1.85,6,1,FALSE
Male,Loyal Customer,55,Business Travel,Business,475,3,3,3,3,4,4,5,4,4,4,4,3,3,3.62,6,0,TRUE
Male,Loyal Customer,54,Personal Travel,Eco,404,3,3,3,3,2,3,1,2,1,5,4,3,2,2.69,9,3,FALSE
Female,Loyal Customer,34,Business Travel,Business,544,2,2,2,2,3,4,5,4,4,4,4,5,4,3.46,1,0,TRUE
Male,Disloyal Customer,26,Business Travel,Business,644,4,4,4,2,1,4,1,1,5,4,4,3,1,2.92,0,0,TRUE
Female,Loyal Customer,24,Personal Travel,Eco,365,3,5,3,4,5,3,5,5,4,5,5,3,5,4.23,0,0,FALSE
Female,Loyal Customer,28,Business Travel,Business,1189,2,2,2,2,3,4,3,3,3,2,5,3,3,2.85,0,0,TRUE
Male,Loyal Customer,45,Business Travel,Business,2611,3,3,3,3,4,4,4,4,4,4,4,3,5,3.69,8,,TRUE
Male,Loyal Customer,33,Business Travel,Business,2111,5,5,5,5,4,4,4,4,4,2,5,3,4,4.15,1,14,TRUE
Male,Loyal Customer,67,Personal Travel,Eco,888,3,1,3,2,2,3,2,2,4,5,3,1,2,2.54,0,0,FALSE
Male,Disloyal Customer,24,Business Travel,Eco,210,4,5,4,1,1,4,1,1,5,4,5,4,1,3.08,0,0,FALSE
Male,Loyal Customer,38,Business Travel,Eco,413,4,3,3,3,4,4,4,4,2,2,5,1,4,3.31,0,0,TRUE
Male,Loyal Customer,52,Business Travel,Business,135,5,5,5,5,4,5,4,4,4,5,5,4,3,4.46,0,0,TRUE
Female,Disloyal Customer,40,Business Travel,Business,280,4,5,5,3,5,5,5,5,4,3,5,4,5,4.46,0,0,FALSE
Female,Loyal Customer,65,Business Travel,Business,200,1,4,4,4,1,3,3,2,2,3,1,1,1,2.31,10,42,FALSE
Male,Loyal Customer,59,Personal Travel,Eco,993,1,4,1,2,1,1,1,1,4,4,5,3,1,2.23,0,0,FALSE
Female,Disloyal Customer,36,Business Travel,Business,1017,3,3,3,4,2,3,2,2,3,2,4,5,2,2.92,0,0,FALSE
Male,Disloyal Customer,23,Business Travel,Eco,731,1,1,1,3,2,1,2,2,4,4,4,3,2,2.31,0,0,FALSE
Female,Loyal Customer,32,Business Travel,Business,2502,0,0,0,2,5,5,5,5,5,4,5,4,5,3.46,0,0,TRUE
Male,Loyal Customer,69,Business Travel,Business,182,4,4,4,4,1,4,3,5,5,5,3,3,1,3.54,0,0,TRUE
Female,Loyal Customer,43,Business Travel,Business,599,4,4,4,4,3,4,5,4,4,4,4,3,3,3.85,0,0,TRUE
Male,Loyal Customer,55,Business Travel,Eco,834,5,3,5,3,5,5,5,5,1,4,3,3,5,4,15,0,TRUE
Female,Disloyal Customer,36,Business Travel,Eco,308,3,0,3,4,4,3,4,4,1,4,1,3,4,2.92,0,2,FALSE
Male,Disloyal Customer,9,Business Travel,Eco,922,5,5,5,3,5,5,4,5,3,5,4,5,5,4.54,17,1,TRUE
Male,Loyal Customer,53,Personal Travel,Eco,1203,2,5,2,4,3,2,3,3,5,4,1,5,3,3.23,0,0,FALSE
Male,Loyal Customer,49,Business Travel,Business,3580,1,4,4,4,4,3,3,1,1,1,1,4,2,2.54,0,0,FALSE
Male,Loyal Customer,47,Business Travel,Business,2066,5,5,5,5,3,5,5,4,4,4,4,5,3,4.38,0,0,TRUE
Female,Loyal Customer,40,Business Travel,Business,1390,3,1,1,1,2,4,4,3,3,3,3,1,3,2.46,92,90,FALSE
Male,Disloyal Customer,40,Business Travel,Business,113,1,1,1,4,3,1,3,3,5,3,5,4,3,2.85,22,20,FALSE
Male,Loyal Customer,52,Business Travel,Eco,1706,2,2,2,2,2,2,2,2,2,4,3,1,2,2.15,33,7,FALSE
Male,Loyal Customer,57,Business Travel,Business,2454,1,1,1,1,5,5,1,3,3,4,3,5,5,2.92,25,10,TRUE
Female,Loyal Customer,46,Business Travel,Business,1072,1,0,0,3,1,3,3,2,2,0,2,2,1,1.54,0,0,FALSE
Male,Loyal Customer,24,Business Travel,Business,1173,4,4,1,1,4,4,4,4,3,1,4,1,4,3,7,34,FALSE
Female,Loyal Customer,56,Personal Travel,Eco,164,3,2,3,4,4,4,4,3,3,3,3,3,3,3.23,0,0,FALSE
Male,Disloyal Customer,8,Business Travel,Eco,657,3,1,4,2,2,4,3,2,3,4,3,3,2,2.77,17,17,FALSE
Female,Disloyal Customer,20,Business Travel,Business,237,5,0,5,3,3,5,3,3,5,5,5,4,3,3.77,0,0,TRUE
Male,Loyal Customer,40,Business Travel,Business,3588,2,2,2,2,4,1,2,5,5,4,5,2,1,2.85,0,0,TRUE
Male,Loyal Customer,36,Business Travel,Eco,335,1,3,3,3,1,1,1,1,2,3,3,4,1,2.08,0,2,FALSE
Female,Disloyal Customer,15,Business Travel,Eco,1097,3,3,3,3,2,3,2,2,3,2,2,2,2,2.46,0,14,FALSE
Male,Loyal Customer,32,Business Travel,Eco,67,5,4,4,4,5,5,5,5,5,4,3,5,5,4.54,0,0,TRUE
Male,Loyal Customer,47,Personal Travel,Eco,304,4,5,4,4,2,4,2,2,3,5,4,3,2,3.38,0,0,FALSE
Female,Disloyal Customer,26,Business Travel,Eco,642,4,5,4,5,4,4,5,4,2,5,5,4,4,4.23,0,0,FALSE
Male,Loyal Customer,29,Personal Travel,Eco,2504,4,4,5,4,5,2,2,3,3,3,5,2,2,3.38,0,0,FALSE
Male,Loyal Customer,39,Business Travel,Business,3136,2,2,5,2,2,5,5,4,4,4,4,5,5,3.77,0,0,TRUE
Female,Loyal Customer,42,Business Travel,Business,3064,3,3,3,3,5,4,5,4,4,4,4,4,3,3.77,0,4,TRUE
Female,Loyal Customer,67,Personal Travel,Eco,282,5,5,5,3,3,5,4,4,4,5,2,5,3,4.08,2,0,TRUE
Male,Loyal Customer,56,Business Travel,Business,2108,4,4,4,4,5,5,4,5,5,5,5,5,3,4.46,0,33,TRUE
Male,Loyal Customer,40,Personal Travel,Eco,457,3,2,3,3,3,3,3,3,1,2,3,1,3,2.54,0,0,FALSE
Female,Disloyal Customer,39,Business Travel,Eco,721,3,3,3,3,2,3,2,2,4,4,4,1,2,2.77,0,0,FALSE
Female,Loyal Customer,48,Business Travel,Business,723,3,3,3,3,4,4,4,4,4,4,4,5,3,3.69,8,0,TRUE
Female,Disloyal Customer,45,Business Travel,Eco,762,1,1,1,3,3,1,3,3,2,5,4,3,3,2.54,0,0,FALSE
Male,Loyal Customer,70,Personal Travel,Eco Plus,399,2,5,2,3,4,2,4,4,4,4,4,4,4,3.54,0,16,FALSE
Female,Loyal Customer,57,Business Travel,Business,2594,5,5,5,5,3,5,4,4,4,5,4,4,3,4.31,0,0,TRUE
Male,Disloyal Customer,37,Business Travel,Business,987,2,3,3,5,4,3,4,4,4,4,5,3,4,3.69,0,0,FALSE
Male,Loyal Customer,44,Business Travel,Business,1727,5,5,5,5,5,2,2,5,5,5,5,1,4,4.15,0,0,TRUE
Female,Disloyal Customer,26,Business Travel,Business,679,4,4,4,3,3,4,3,3,3,5,5,5,3,3.77,22,4,FALSE
Male,Loyal Customer,37,Personal Travel,Eco,550,2,4,2,4,5,2,3,5,4,5,3,4,5,3.69,0,0,FALSE
Female,Loyal Customer,20,Personal Travel,Eco,438,1,4,1,2,5,1,5,5,4,2,5,5,5,3.46,8,1,FALSE
Male,Loyal Customer,19,Personal Travel,Eco,1416,0,3,0,3,4,0,4,4,2,2,4,3,4,2.54,0,0,TRUE
Male,Loyal Customer,30,Business Travel,Business,577,5,5,5,5,4,4,4,4,5,4,5,5,4,4.54,1,0,TRUE
Female,Loyal Customer,32,Business Travel,Eco,569,4,4,4,4,4,4,4,4,3,5,5,3,4,4,0,0,TRUE
Male,Loyal Customer,42,Personal Travel,Eco,1916,1,5,1,1,4,1,4,4,5,4,5,4,4,3.31,1,11,FALSE
Female,Loyal Customer,56,Personal Travel,Eco Plus,2552,2,5,3,4,3,1,1,1,1,5,2,1,1,2.31,0,0,FALSE
Female,Disloyal Customer,17,Business Travel,Eco,949,4,4,4,1,1,4,1,1,2,3,5,5,1,2.77,0,0,TRUE
Male,Loyal Customer,50,Personal Travel,Eco,2174,2,1,2,4,5,2,5,5,4,4,4,4,5,3.62,23,0,FALSE
Male,Loyal Customer,22,Personal Travel,Eco Plus,628,2,4,2,3,3,2,3,3,5,2,5,5,3,3.23,0,0,FALSE
Male,Loyal Customer,49,Personal Travel,Eco,624,1,5,1,4,3,1,3,3,3,2,5,4,3,2.92,0,23,FALSE
Female,Loyal Customer,44,Personal Travel,Eco Plus,409,2,3,3,4,5,4,3,1,1,3,1,4,2,2.77,0,0,FALSE
Female,Disloyal Customer,35,Business Travel,Business,96,3,3,3,4,2,3,2,2,4,3,4,1,2,2.77,0,15,FALSE
Male,Loyal Customer,46,Business Travel,Business,3978,2,2,3,2,3,4,4,3,3,3,3,3,4,3,0,12,TRUE
Female,Disloyal Customer,23,Business Travel,Eco,102,2,4,2,4,2,2,2,2,3,4,4,1,2,2.62,21,24,FALSE
Male,Loyal Customer,65,Personal Travel,Eco Plus,157,2,4,2,2,4,2,3,4,3,3,5,3,4,3.15,71,73,FALSE
Female,Disloyal Customer,41,Business Travel,Business,602,5,5,5,5,2,5,2,2,3,3,5,3,2,3.62,30,35,TRUE
Male,Loyal Customer,32,Business Travel,Business,3256,2,1,1,1,2,2,2,2,3,4,3,4,2,2.23,130,127,FALSE
Male,Loyal Customer,32,Business Travel,Business,2583,4,4,4,4,4,5,4,4,4,3,4,4,4,4,9,5,TRUE
Male,Loyal Customer,21,Personal Travel,Eco,2079,1,1,0,4,5,0,5,5,4,1,4,2,5,2.85,40,12,FALSE
Female,Loyal Customer,16,Business Travel,Business,2147,4,4,4,4,5,5,5,5,4,4,4,5,5,4.46,4,9,TRUE
Female,Disloyal Customer,54,Business Travel,Eco,1015,4,4,4,1,5,4,2,5,3,3,4,1,5,3.46,0,0,FALSE
Female,Loyal Customer,19,Business Travel,Business,2855,2,2,2,2,5,5,5,5,3,3,4,5,5,3.69,20,11,TRUE
Male,Loyal Customer,30,Business Travel,Business,2259,1,3,3,3,1,1,1,1,4,5,4,2,1,2.31,0,12,FALSE
Female,Disloyal Customer,22,Business Travel,Eco,967,2,2,2,4,5,2,5,5,2,3,3,2,5,3.23,12,15,FALSE
Female,Loyal Customer,68,Personal Travel,Eco,304,3,5,3,3,4,4,5,4,4,3,4,5,3,3.85,0,0,FALSE
Male,Loyal Customer,49,Personal Travel,Eco,862,2,5,2,2,4,2,4,4,5,4,4,5,4,3.62,0,0,FALSE
Male,Loyal Customer,39,Business Travel,Business,1784,2,2,2,2,2,4,5,4,4,4,4,3,3,3.15,0,0,TRUE
Male,Loyal Customer,21,Business Travel,Business,1669,3,3,5,3,3,4,3,3,2,3,4,1,3,3.08,0,0,TRUE
Male,Loyal Customer,54,Business Travel,Eco Plus,332,4,1,1,1,4,4,4,4,2,4,5,3,4,3.15,0,0,TRUE
Female,Loyal Customer,30,Business Travel,Business,1249,1,1,1,1,5,5,5,5,5,1,5,4,5,3.38,22,15,TRUE
Male,Loyal Customer,52,Business Travel,Eco,456,1,4,2,4,1,1,1,1,4,4,2,3,1,2.23,69,56,FALSE
Male,Loyal Customer,59,Business Travel,Business,2615,5,5,5,5,5,4,4,5,5,5,5,4,4,4.69,3,0,TRUE
Male,Loyal Customer,29,Business Travel,Business,649,1,1,4,1,5,5,5,5,3,5,5,4,5,3.77,24,9,TRUE
Male,Loyal Customer,37,Personal Travel,Eco,1999,4,5,4,3,5,4,5,5,5,5,5,4,5,4.54,0,0,FALSE
Female,Loyal Customer,60,Business Travel,Business,1778,4,4,4,4,3,4,5,5,5,5,5,4,5,4.38,0,0,TRUE
Female,Loyal Customer,54,Personal Travel,Eco,1372,2,4,2,2,2,5,5,1,1,2,1,5,5,2.85,43,20,FALSE
Female,Loyal Customer,44,Business Travel,Eco,516,5,1,1,1,5,4,5,3,3,5,3,1,1,2.92,1,0,TRUE
Female,Loyal Customer,29,Business Travel,Business,925,3,3,3,3,4,4,4,4,1,1,4,1,4,3,40,62,TRUE
Male,Loyal Customer,39,Personal Travel,Eco,488,2,4,2,2,3,2,1,3,4,4,2,1,3,2.54,26,20,FALSE
Female,Loyal Customer,39,Personal Travel,Eco,461,2,5,2,4,5,2,5,5,2,3,3,2,5,3.46,0,0,FALSE
Male,Loyal Customer,27,Personal Travel,Eco,1222,4,2,4,3,5,4,5,5,2,5,3,1,5,3.69,0,5,FALSE
Female,Loyal Customer,42,Business Travel,Business,1990,4,1,4,4,5,3,4,4,4,4,4,4,5,3.85,11,0,TRUE
Male,Loyal Customer,69,Personal Travel,Eco,152,3,4,0,3,5,0,3,5,4,5,4,3,5,3.38,0,0,FALSE
Female,Loyal Customer,33,Business Travel,Eco,946,0,0,0,3,2,0,2,2,1,5,1,4,2,1.69,0,10,TRUE
Male,Loyal Customer,22,Business Travel,Eco Plus,175,3,2,2,2,3,3,1,3,1,5,4,2,3,2.62,0,0,FALSE
Female,Loyal Customer,49,Business Travel,Business,2429,4,4,4,4,4,4,4,4,4,4,4,4,3,3.92,1,37,TRUE
Female,Loyal Customer,62,Personal Travel,Eco,633,2,5,2,3,2,4,4,4,4,2,4,4,4,3.38,55,50,FALSE
Female,Loyal Customer,54,Business Travel,Eco,781,2,1,1,1,1,3,3,2,2,2,2,1,3,1.85,11,31,FALSE
Male,Loyal Customer,39,Personal Travel,Eco,1195,2,5,2,3,4,2,4,4,3,3,5,3,4,3.38,28,30,FALSE
Female,Loyal Customer,22,Business Travel,Business,2788,4,4,4,4,5,5,5,5,3,3,5,4,5,4.31,0,0,TRUE
Male,Loyal Customer,39,Business Travel,Business,1391,2,2,5,2,5,5,4,4,4,4,4,5,3,3.77,0,0,TRUE
Male,Loyal Customer,37,Business Travel,Business,3577,4,4,3,4,4,4,4,4,4,5,4,5,4,4.08,10,0,TRUE
Male,Disloyal Customer,29,Business Travel,Eco,2556,2,2,2,3,4,2,4,4,4,1,3,4,4,3,0,0,FALSE
Male,Loyal Customer,69,Personal Travel,Eco,429,1,3,1,4,2,1,2,2,5,5,4,4,2,2.77,22,15,FALSE
Female,Loyal Customer,47,Personal Travel,Eco,550,3,0,3,4,3,4,5,5,5,3,2,3,4,3.38,0,0,FALSE
Female,Loyal Customer,37,Business Travel,Eco,1009,5,5,5,5,5,5,5,5,4,5,5,3,5,4.77,2,33,TRUE
Female,Loyal Customer,45,Personal Travel,Eco,977,2,4,2,5,5,5,5,4,4,2,4,4,3,3.77,0,0,FALSE
Female,Disloyal Customer,40,Business Travel,Business,1444,2,2,2,2,2,2,2,2,4,5,5,5,2,2.85,8,13,FALSE
Female,Loyal Customer,32,Business Travel,Business,668,3,3,5,3,5,5,5,5,3,5,4,3,5,4.15,0,2,TRUE
Female,Loyal Customer,25,Business Travel,Business,746,3,4,4,4,3,3,3,3,2,3,3,2,3,3.08,0,9,FALSE
Male,Loyal Customer,43,Business Travel,Business,641,1,1,1,1,3,4,4,5,5,5,5,4,5,3.38,0,0,TRUE
Female,Loyal Customer,30,Business Travel,Business,1438,5,5,5,5,4,4,4,4,3,2,5,4,4,4.15,0,0,TRUE
Female,Loyal Customer,42,Business Travel,Eco,119,5,4,3,4,1,2,1,5,5,5,5,4,2,3.54,0,0,TRUE
Female,Loyal Customer,16,Business Travel,Business,2401,1,1,1,1,5,5,5,5,4,4,5,4,5,3.54,25,15,TRUE
Female,Loyal Customer,56,Business Travel,Business,1096,2,5,5,5,3,3,4,2,2,2,2,3,3,3.15,57,52,FALSE
Female,Loyal Customer,32,Business Travel,Business,2957,4,4,4,4,4,4,4,1,2,2,5,4,4,3.54,126,176,TRUE
Male,Loyal Customer,42,Business Travel,Business,3586,3,3,3,3,3,5,4,5,5,5,5,4,4,4,0,0,TRUE
Male,Loyal Customer,41,Business Travel,Business,1747,1,1,1,1,5,4,5,5,5,5,5,3,4,3.46,20,34,TRUE
Male,Loyal Customer,17,Personal Travel,Eco,395,4,4,4,4,1,4,1,1,3,2,5,3,1,2.85,0,0,FALSE
Male,Disloyal Customer,22,Business Travel,Eco,666,2,0,2,1,5,2,5,5,3,3,5,2,5,3.08,0,26,FALSE
Male,Loyal Customer,34,Personal Travel,Eco,1482,1,4,1,1,1,1,1,1,3,3,4,3,1,1.92,4,2,FALSE
Male,Loyal Customer,40,Personal Travel,Eco,1188,4,4,4,3,4,4,4,4,4,2,4,4,4,3.77,3,12,TRUE
Female,Loyal Customer,41,Business Travel,Business,270,0,0,0,5,5,1,1,1,1,1,1,4,3,1.77,13,8,TRUE
Male,Loyal Customer,54,Personal Travel,Eco,837,2,5,2,3,3,2,2,3,3,3,5,5,3,3.15,0,0,FALSE
Male,Disloyal Customer,16,Business Travel,Eco,1009,1,1,1,3,4,1,3,4,3,2,4,1,4,2.46,0,0,FALSE
Male,Loyal Customer,46,Business Travel,Business,2914,3,3,3,3,4,5,5,5,5,5,5,3,5,4.15,3,0,TRUE
Male,Loyal Customer,33,Personal Travel,Eco,2917,3,1,3,2,3,4,4,1,2,3,3,4,4,2.85,43,30,FALSE
Male,Loyal Customer,60,Personal Travel,Eco,1670,3,5,3,5,5,3,5,5,5,4,5,3,5,4.31,0,0,FALSE
Female,Loyal Customer,49,Business Travel,Business,1904,1,1,1,1,2,5,5,5,5,5,5,4,3,3.31,3,0,TRUE
Female,Loyal Customer,46,Business Travel,Business,3727,5,5,5,5,3,4,5,4,4,4,4,5,5,4.46,31,52,TRUE
Female,Loyal Customer,38,Personal Travel,Eco,1262,5,5,5,3,3,5,3,3,4,5,4,5,3,4.08,0,0,TRUE
Male,Loyal Customer,53,Business Travel,Business,1411,5,5,5,5,4,5,5,5,5,5,5,3,3,4.62,61,39,TRUE
Female,Loyal Customer,62,Business Travel,Business,1114,4,4,4,4,5,4,1,5,5,5,5,5,4,4.23,0,0,TRUE
Female,Loyal Customer,59,Personal Travel,Eco,268,3,3,3,3,5,4,4,4,4,3,4,4,3,3.62,10,8,FALSE
Male,Loyal Customer,48,Business Travel,Business,1737,3,3,3,3,5,4,5,5,5,5,5,4,3,4.08,0,0,TRUE
Male,Loyal Customer,55,Business Travel,Business,399,5,5,5,5,3,5,5,4,4,4,4,5,4,4.46,0,0,TRUE
Male,Loyal Customer,59,Business Travel,Business,3810,2,2,2,2,3,4,4,4,4,4,4,3,3,3.15,2,0,TRUE
Male,Loyal Customer,44,Business Travel,Business,3525,4,4,4,4,5,4,5,2,2,2,2,4,3,3.46,0,0,TRUE
Male,Loyal Customer,30,Business Travel,Eco,2486,2,5,5,5,2,2,2,2,2,2,2,3,2,2.77,0,0,FALSE
Female,Disloyal Customer,20,Business Travel,Eco,479,0,0,0,1,4,0,4,4,1,1,1,3,4,1.77,0,0,TRUE
Female,Disloyal Customer,27,Business Travel,Business,1096,1,1,1,1,3,1,3,3,5,3,5,4,3,2.62,0,0,FALSE
Female,Loyal Customer,34,Business Travel,Business,1102,5,5,5,5,3,4,5,3,3,3,3,3,4,3.92,0,1,TRUE
Male,Loyal Customer,55,Business Travel,Business,1464,2,2,3,2,3,5,5,5,5,5,5,3,4,3.77,0,0,TRUE
Female,Loyal Customer,46,Business Travel,Eco,1056,4,5,5,5,4,4,4,2,5,1,3,4,4,3.85,0,0,TRUE
Female,Loyal Customer,41,Business Travel,Business,3796,3,2,3,3,3,5,4,5,5,5,5,4,3,3.85,0,0,TRUE
Female,Loyal Customer,35,Business Travel,Business,551,4,4,4,4,5,5,5,5,5,5,5,3,3,4.38,0,0,TRUE
Female,Disloyal Customer,22,Business Travel,Eco,541,5,0,5,4,5,5,5,5,5,4,5,5,5,4.46,0,0,TRUE
Female,Loyal Customer,43,Business Travel,Business,1646,5,5,5,5,3,5,5,5,5,5,5,4,4,4.69,28,16,TRUE
Female,Loyal Customer,45,Business Travel,Business,3631,3,5,5,5,4,3,4,3,3,3,3,1,3,3.46,2,4,FALSE
Male,Loyal Customer,47,Business Travel,Business,1778,5,5,5,5,2,5,4,5,5,5,5,3,3,4.38,0,0,TRUE
Female,Loyal Customer,41,Business Travel,Business,1416,1,1,1,1,5,5,4,4,4,4,4,3,5,3.23,13,0,TRUE
Male,Loyal Customer,47,Personal Travel,Eco,1090,3,1,3,3,3,3,5,3,1,4,3,4,3,3,0,3,FALSE
Male,Loyal Customer,13,Personal Travel,Eco,423,1,3,1,3,4,1,4,4,1,2,5,2,4,2.69,7,26,FALSE
Male,Loyal Customer,9,Personal Travel,Eco,1205,3,4,4,4,2,4,2,2,3,4,4,2,2,3.08,0,0,FALSE
Male,Loyal Customer,52,Business Travel,Business,2774,2,2,2,2,5,5,4,4,4,4,4,5,4,3.62,13,32,TRUE
Male,Loyal Customer,47,Business Travel,Business,1779,3,3,3,3,3,4,3,3,3,3,3,2,1,2.85,0,13,FALSE
Female,Disloyal Customer,22,Business Travel,Business,533,0,0,0,1,5,0,1,5,3,3,5,4,5,2.46,43,30,TRUE
Male,Disloyal Customer,23,Business Travel,Eco,1010,3,3,3,5,4,3,4,4,4,2,4,4,4,3.62,75,103,FALSE
Male,Loyal Customer,25,Business Travel,Business,2382,5,5,5,5,4,4,4,5,2,5,5,4,4,4.38,231,218,TRUE
Male,Disloyal Customer,23,Business Travel,Eco,606,3,4,3,1,3,3,3,3,5,1,5,4,3,3.15,0,0,FALSE
Female,Loyal Customer,60,Business Travel,Eco,695,4,4,4,4,1,4,2,4,4,4,4,2,2,3.31,36,25,TRUE
Female,Loyal Customer,61,Business Travel,Eco,160,5,3,3,3,3,5,3,5,5,5,5,2,2,3.77,0,0,TRUE
Male,Loyal Customer,39,Business Travel,Eco,383,3,1,1,1,3,3,3,3,4,2,4,4,3,2.69,0,0,FALSE
Male,Loyal Customer,51,Business Travel,Business,641,4,4,4,4,2,5,4,5,5,5,5,4,5,4.31,16,0,TRUE
Male,Loyal Customer,49,Business Travel,Business,361,5,5,5,5,3,5,5,4,4,4,4,5,3,4.38,0,0,TRUE
Male,Disloyal Customer,36,Business Travel,Business,226,1,1,1,1,2,1,2,2,3,4,5,5,2,2.31,0,0,FALSE
Male,Loyal Customer,35,Business Travel,Business,1379,5,5,2,5,3,4,2,2,2,2,2,5,2,3.15,0,0,TRUE
Female,Loyal Customer,41,Business Travel,Business,3149,5,5,5,5,5,4,4,4,4,4,4,3,4,4.31,9,7,TRUE
Male,Loyal Customer,42,Business Travel,Business,425,1,2,2,2,5,4,3,1,1,1,1,4,4,2.38,0,0,FALSE
Male,Loyal Customer,35,Business Travel,Business,762,5,5,5,5,2,5,4,4,4,4,4,3,4,4.15,0,0,TRUE
Female,Loyal Customer,42,Business Travel,Business,1590,5,4,5,5,3,4,5,5,5,5,5,5,4,4.62,42,22,TRUE
Female,Loyal Customer,59,Business Travel,Business,151,1,3,3,3,3,4,3,3,3,3,1,3,1,2.62,0,0,FALSE
Female,Loyal Customer,30,Business Travel,Business,3036,3,4,3,3,2,2,2,2,4,2,4,3,2,2.77,23,13,TRUE
Male,Disloyal Customer,37,Business Travel,Business,1024,3,3,3,3,1,3,1,1,4,5,4,5,1,2.85,0,0,FALSE
Male,Loyal Customer,40,Business Travel,Business,2174,4,4,4,4,3,5,4,4,4,4,4,5,3,4,0,4,TRUE
Female,Disloyal Customer,23,Business Travel,Eco,838,1,1,1,2,2,1,1,2,2,3,2,1,2,1.62,87,99,FALSE
Female,Loyal Customer,27,Business Travel,Eco Plus,624,5,4,4,4,5,5,5,5,3,5,4,2,5,4.31,14,12,TRUE
Male,Loyal Customer,28,Personal Travel,Eco,319,3,4,3,4,1,3,1,1,4,5,5,3,1,2.92,0,1,FALSE
Male,Loyal Customer,24,Business Travel,Business,1199,2,2,2,2,4,4,4,4,3,3,4,3,4,3.15,12,10,TRUE
Female,Loyal Customer,35,Business Travel,Business,404,4,4,4,4,3,4,5,2,2,2,2,3,5,3.38,0,21,TRUE
Male,Loyal Customer,37,Business Travel,Business,3999,0,0,0,4,3,5,1,4,4,5,5,1,2,2.62,0,0,TRUE
Female,Loyal Customer,37,Business Travel,Business,3792,4,4,4,4,4,5,5,4,4,5,4,3,5,4.23,34,18,TRUE
Female,Loyal Customer,51,Business Travel,Business,1866,2,2,4,2,3,4,5,3,3,3,3,5,3,3.23,0,0,TRUE
Male,Loyal Customer,57,Personal Travel,Eco,1846,3,3,3,2,1,3,1,1,3,3,5,3,1,2.46,23,16,FALSE
Male,Loyal Customer,45,Business Travel,Eco,984,5,3,3,3,5,5,5,5,5,5,5,3,5,4.38,0,0,TRUE
Female,Loyal Customer,23,Personal Travel,Eco Plus,546,1,5,1,3,2,1,2,2,4,1,1,1,2,2,0,0,FALSE
Male,Disloyal Customer,45,Business Travel,Business,502,3,4,4,1,3,3,3,3,3,3,5,4,3,3.23,0,2,FALSE
Female,Loyal Customer,46,Business Travel,Business,1846,2,2,2,2,5,5,5,2,2,2,2,3,5,3,2,9,TRUE
Female,Loyal Customer,41,Business Travel,Eco,196,4,4,4,4,5,4,5,5,1,4,5,5,5,4.23,0,0,TRUE
Female,Disloyal Customer,33,Business Travel,Eco,168,1,1,1,4,4,1,2,4,3,3,3,3,4,2.62,0,0,FALSE
Female,Loyal Customer,37,Business Travel,Business,363,1,1,1,1,4,3,3,4,4,4,4,1,2,2.54,0,0,TRUE
Female,Loyal Customer,45,Business Travel,Business,2182,5,5,5,5,2,4,5,4,4,4,4,3,3,4.08,0,6,TRUE
Male,Loyal Customer,29,Personal Travel,Eco,1029,1,4,1,5,3,1,3,3,5,2,4,5,3,3.08,0,0,FALSE
Female,Loyal Customer,48,Business Travel,Business,949,2,2,2,2,5,4,5,5,5,4,5,4,5,3.85,0,0,TRUE
Male,Loyal Customer,66,Personal Travel,Eco,370,3,2,3,1,5,3,2,5,4,3,2,1,5,3,0,0,FALSE
Female,Loyal Customer,80,Business Travel,Business,1766,4,4,4,4,2,1,5,5,5,5,5,5,4,4.08,5,0,TRUE
Male,Loyal Customer,13,Personal Travel,Eco,312,3,5,3,1,2,3,2,2,5,4,4,5,2,3.15,0,0,FALSE
Female,Loyal Customer,16,Personal Travel,Eco Plus,528,2,5,2,1,5,2,5,5,3,2,4,3,5,3.38,0,0,FALSE
Male,Loyal Customer,59,Business Travel,Business,1839,1,4,4,4,4,3,4,1,1,2,1,3,4,2.77,12,9,FALSE
Male,Loyal Customer,51,Personal Travel,Eco,308,3,5,5,3,4,5,3,4,1,4,5,2,4,3.69,0,0,FALSE
Female,Loyal Customer,68,Business Travel,Business,1819,3,3,3,3,3,3,1,5,5,5,5,4,5,3.69,0,0,TRUE
Female,Loyal Customer,39,Personal Travel,Eco,599,2,3,2,3,3,2,3,3,3,5,3,4,3,3,44,28,FALSE
Male,Loyal Customer,34,Personal Travel,Business,2475,1,5,1,3,4,5,4,1,1,1,1,5,4,2.77,0,,FALSE
Female,Loyal Customer,24,Personal Travel,Eco,2475,3,4,3,4,2,3,3,2,3,4,5,5,2,3.31,0,0,FALSE
Female,Loyal Customer,64,Business Travel,Eco Plus,311,4,3,3,3,4,2,4,4,4,4,4,3,5,3.62,0,18,TRUE
Female,Loyal Customer,56,Personal Travel,Eco,364,2,4,2,4,2,5,5,3,3,2,3,5,4,3.38,45,49,FALSE
Male,Loyal Customer,42,Business Travel,Business,1851,1,1,1,1,5,5,5,3,2,5,4,5,5,3.31,153,149,TRUE
Female,Loyal Customer,38,Personal Travel,Eco,985,4,5,4,4,1,4,1,1,5,5,4,3,1,3.23,0,0,TRUE
Female,Loyal Customer,56,Business Travel,Business,160,3,3,3,3,2,2,4,4,4,4,3,4,2,3.15,5,0,TRUE
Female,Loyal Customer,19,Personal Travel,Eco,196,1,4,1,1,5,1,5,5,4,2,5,4,5,3.31,0,0,FALSE
Female,Loyal Customer,47,Business Travel,Business,2454,4,4,1,4,4,3,3,4,3,3,5,3,3,3.38,0,0,TRUE
Female,Loyal Customer,11,Personal Travel,Eco,912,2,5,2,4,3,2,3,3,5,4,4,5,3,3.46,9,1,FALSE
Female,Loyal Customer,43,Personal Travel,Eco,2586,4,5,4,3,5,5,4,1,1,4,1,3,4,3.38,0,0,TRUE
Male,Disloyal Customer,30,Business Travel,Eco,748,4,4,4,4,5,4,5,5,1,2,2,5,5,3.85,0,0,TRUE
Female,Disloyal Customer,20,Business Travel,Eco,356,4,5,4,3,2,4,2,2,3,3,5,4,2,3.31,0,0,TRUE
Male,Loyal Customer,29,Business Travel,Business,1372,5,5,5,5,2,2,2,2,3,1,3,5,2,3.23,45,14,TRUE
Male,Loyal Customer,31,Business Travel,Eco,86,0,0,0,1,5,3,5,5,2,1,2,2,5,2.38,7,0,TRUE
Female,Loyal Customer,68,Personal Travel,Eco,551,2,3,2,3,5,4,5,5,5,2,5,3,2,3.54,0,0,FALSE
Female,Loyal Customer,33,Business Travel,Business,1649,4,4,4,4,2,5,4,5,5,5,5,5,5,4.38,0,0,TRUE
Female,Loyal Customer,51,Personal Travel,Business,802,2,4,3,1,1,5,4,3,3,3,3,5,5,3.23,6,22,FALSE
Male,Loyal Customer,54,Business Travel,Business,1957,4,4,4,4,1,1,4,5,5,5,5,2,4,3.69,44,35,TRUE
Male,Loyal Customer,14,Personal Travel,Eco,599,3,4,2,5,4,2,4,4,1,1,2,1,4,2.85,27,17,FALSE
Female,Loyal Customer,54,Business Travel,Eco,992,3,1,5,5,4,4,3,3,3,3,3,4,1,3.23,29,17,FALSE
Female,Loyal Customer,41,Personal Travel,Eco,265,2,2,2,3,2,2,2,2,4,4,2,2,2,2.38,0,0,FALSE
Female,Disloyal Customer,25,Business Travel,Business,500,3,4,3,2,3,3,3,3,3,4,5,5,3,3.38,0,0,FALSE
Male,Disloyal Customer,25,Business Travel,Eco,1235,2,2,2,1,5,2,5,5,3,3,5,5,5,3.46,1,0,FALSE
Male,Loyal Customer,55,Business Travel,Eco,794,2,1,1,1,2,2,2,2,2,2,3,3,2,1.92,0,0,FALSE
Male,Loyal Customer,53,Business Travel,Business,1720,2,4,2,4,2,3,3,2,2,3,2,2,1,2.46,0,0,FALSE
Female,Loyal Customer,48,Business Travel,Business,606,5,5,5,5,4,5,5,4,4,4,4,4,3,4.38,5,5,TRUE
Female,Loyal Customer,15,Personal Travel,Eco,247,1,4,1,1,5,1,5,5,3,4,5,5,5,3.46,9,0,FALSE
Female,Loyal Customer,24,Business Travel,Business,1752,4,2,2,2,4,4,4,4,1,5,2,2,4,3.08,0,2,FALSE
Male,Loyal Customer,47,Business Travel,Business,919,2,2,2,2,5,4,4,4,4,4,4,3,4,3.38,6,12,TRUE
Male,Loyal Customer,25,Business Travel,Business,867,4,4,4,4,5,5,5,5,5,3,4,4,5,4.38,0,0,TRUE
Female,Loyal Customer,10,Personal Travel,Eco,287,3,3,3,5,3,2,2,5,2,5,4,2,2,3.15,159,180,FALSE
Female,Loyal Customer,61,Personal Travel,Eco,1562,3,2,3,3,4,2,3,4,4,3,5,2,1,3,0,16,FALSE
Female,Loyal Customer,26,Business Travel,Business,2174,1,1,1,1,4,5,4,4,2,4,3,2,4,2.77,8,0,TRUE
Female,Loyal Customer,37,Personal Travel,Eco Plus,587,2,4,2,3,3,2,3,3,5,3,4,5,3,3.23,0,0,FALSE
Female,Disloyal Customer,22,Business Travel,Eco,833,4,4,4,3,4,4,4,4,3,5,4,4,4,3.92,16,0,TRUE
Female,Loyal Customer,57,Business Travel,Business,334,0,0,0,1,5,5,5,5,5,5,5,5,5,3.54,0,0,TRUE
Female,Loyal Customer,34,Personal Travel,Eco,1608,4,5,4,2,2,4,3,2,3,5,5,3,2,3.38,10,9,FALSE
Male,Loyal Customer,18,Personal Travel,Eco Plus,1139,1,5,1,4,4,1,4,4,5,4,3,3,4,3.31,12,7,FALSE
Male,Loyal Customer,44,Business Travel,Eco,2227,2,2,2,2,2,2,2,2,2,4,4,4,2,2.46,0,0,FALSE
Female,Loyal Customer,43,Business Travel,Business,2006,5,5,5,5,2,5,5,4,4,4,4,3,4,4.23,28,36,TRUE
Male,Disloyal Customer,30,Business Travel,Eco,250,3,0,3,5,2,3,2,2,3,2,1,3,2,2.38,0,0,FALSE
Male,Loyal Customer,56,Personal Travel,Eco,67,4,5,4,1,1,4,1,1,5,5,5,5,1,3.23,0,0,FALSE
Male,Loyal Customer,37,Business Travel,Business,1678,1,1,2,1,2,4,5,4,4,4,4,5,3,3.08,0,0,TRUE
Male,Loyal Customer,59,Personal Travel,Eco,2176,3,2,3,3,2,3,2,2,3,2,3,4,2,2.62,0,0,FALSE
Male,Loyal Customer,47,Business Travel,Business,3788,1,1,1,1,5,4,5,4,4,4,4,3,4,3.15,101,102,TRUE
Female,Loyal Customer,26,Business Travel,Business,2475,3,3,3,3,4,4,4,4,3,3,5,3,4,3.54,0,0,TRUE
Female,Loyal Customer,56,Business Travel,Business,2729,1,3,3,3,1,3,4,1,1,1,1,4,3,2.23,0,0,FALSE
Male,Loyal Customer,61,Business Travel,Eco,1535,2,4,4,4,2,2,2,2,1,4,4,3,2,2.77,16,11,FALSE
Female,Disloyal Customer,29,Business Travel,Business,1089,4,4,4,1,4,4,4,4,4,4,5,5,4,3.92,45,59,TRUE
Female,Loyal Customer,36,Business Travel,Eco Plus,1104,3,5,4,5,3,3,3,3,2,4,4,3,3,3.46,5,5,FALSE
Male,Loyal Customer,66,Personal Travel,Eco,491,5,5,5,1,3,5,3,3,1,4,1,2,3,3.15,10,0,TRUE
Male,Loyal Customer,55,Business Travel,Business,1871,4,4,4,4,3,4,4,4,4,4,4,5,5,4.08,43,26,TRUE
Female,Disloyal Customer,8,Business Travel,Eco Plus,1616,2,1,2,3,4,2,4,4,4,1,2,1,4,2.62,0,30,FALSE
Male,Loyal Customer,65,Personal Travel,Eco,1979,4,4,4,4,4,4,2,4,3,5,3,4,4,3.77,30,3,TRUE
Female,Loyal Customer,56,Business Travel,Business,3394,5,5,4,5,2,5,4,4,4,4,4,4,3,4.08,0,0,TRUE
Male,Loyal Customer,10,Personal Travel,Eco,116,3,1,3,3,1,3,4,1,4,3,4,1,1,2.46,27,32,FALSE
Female,Loyal Customer,59,Personal Travel,Eco,163,1,2,1,3,5,4,3,2,2,1,2,2,1,2.23,0,0,FALSE
Female,Disloyal Customer,25,Business Travel,Business,502,3,4,3,3,5,3,5,5,4,5,5,3,5,4.08,0,0,FALSE
Female,Loyal Customer,34,Business Travel,Business,1510,4,4,4,4,5,5,4,4,4,4,4,5,3,4.15,2,0,TRUE
Male,Loyal Customer,50,Business Travel,Business,311,0,0,0,4,3,5,5,4,4,4,4,3,3,3,0,0,TRUE
Male,Disloyal Customer,26,Business Travel,Eco,526,2,0,2,4,2,2,2,2,1,3,4,2,2,2.15,0,0,FALSE
Female,Loyal Customer,34,Personal Travel,Eco,2704,2,4,2,4,2,2,2,3,3,3,4,2,2,2.69,0,0,FALSE
Male,Loyal Customer,46,Business Travel,Eco,210,2,1,1,1,2,2,2,2,2,1,3,2,2,1.77,0,7,FALSE
Male,Loyal Customer,31,Business Travel,Business,1020,3,3,4,3,4,4,4,4,4,5,4,3,4,3.77,0,3,TRUE
Male,Loyal Customer,62,Personal Travel,Eco,163,1,3,1,4,2,1,2,2,2,2,3,4,2,2.23,0,0,FALSE
Female,Loyal Customer,64,Business Travel,Business,3094,1,1,1,1,2,5,4,4,4,4,4,5,3,3,0,0,TRUE
Female,Loyal Customer,56,Business Travel,Business,2046,1,1,1,1,5,5,5,4,4,4,4,3,4,3.23,0,0,TRUE
Female,Loyal Customer,55,Business Travel,Business,448,5,5,5,5,2,4,5,2,2,2,2,3,5,3.62,64,49,TRUE
Male,Loyal Customer,26,Business Travel,Business,584,1,1,1,1,5,5,5,5,1,4,5,4,5,3.31,0,0,TRUE
Female,Loyal Customer,34,Business Travel,Business,3328,3,3,3,3,3,4,4,4,4,4,5,4,5,3.77,89,122,TRUE
Male,Disloyal Customer,38,Business Travel,Eco,406,2,4,2,1,5,2,5,5,5,3,4,3,5,3.54,3,0,FALSE
Female,Loyal Customer,40,Business Travel,Business,2786,3,3,4,3,4,4,5,4,4,5,4,3,4,3.85,36,42,TRUE
Female,Loyal Customer,19,Personal Travel,Business,229,4,4,4,2,2,4,5,2,4,4,4,5,2,3.54,1,7,FALSE
Male,Loyal Customer,51,Business Travel,Business,3731,2,2,2,2,3,5,4,4,4,4,4,4,5,3.46,21,18,TRUE
Male,Loyal Customer,23,Personal Travel,Business,749,5,4,5,1,1,5,1,1,4,4,5,4,1,3.15,0,0,TRUE
Male,Loyal Customer,50,Business Travel,Business,950,2,2,2,2,4,5,5,4,4,5,4,5,3,3.62,24,32,TRUE
Male,Loyal Customer,38,Business Travel,Business,636,5,5,5,5,4,5,5,3,3,3,3,4,5,4.23,102,118,TRUE
Female,Loyal Customer,49,Business Travel,Eco,1121,2,2,2,2,5,3,4,2,2,2,2,4,1,2.54,49,32,FALSE
Male,Loyal Customer,53,Personal Travel,Eco,763,2,4,2,4,4,2,4,4,3,4,2,4,4,3.31,11,22,FALSE
Male,Loyal Customer,23,Personal Travel,Business,83,4,5,0,3,5,0,5,5,3,5,4,3,5,3.62,0,0,FALSE
Female,Loyal Customer,63,Personal Travel,Eco,1199,1,4,1,4,4,3,3,4,4,1,4,2,3,2.92,0,2,FALSE
Female,Disloyal Customer,25,Business Travel,Business,366,1,5,1,1,3,1,3,3,4,3,4,3,3,2.69,0,0,FALSE
Male,Loyal Customer,27,Personal Travel,Eco,2218,1,5,1,5,3,1,3,3,4,4,4,4,3,3.15,0,0,FALSE
Male,Loyal Customer,46,Business Travel,Business,3531,4,4,4,4,5,5,5,5,5,5,5,4,5,4.62,8,0,TRUE
Female,Disloyal Customer,35,Business Travel,Business,669,3,3,3,2,4,3,4,4,3,5,2,3,4,3.31,10,13,FALSE
Female,Loyal Customer,54,Personal Travel,Eco,1013,2,1,2,3,3,4,4,2,2,2,2,4,1,2.46,28,25,FALSE
Female,Disloyal Customer,24,Business Travel,Business,201,3,1,3,4,1,3,4,1,4,2,4,2,1,2.54,6,12,FALSE
Male,Loyal Customer,70,Personal Travel,Eco,700,3,5,3,4,4,3,5,4,5,2,5,4,4,3.92,0,0,FALSE
Female,Loyal Customer,20,Business Travel,Business,651,1,1,3,1,3,3,3,3,5,4,5,3,3,2.92,0,0,TRUE
Male,Disloyal Customer,22,Business Travel,Eco,399,2,0,2,3,1,2,1,1,1,3,5,1,1,1.77,0,0,FALSE
Female,Loyal Customer,19,Business Travel,Business,3489,3,3,3,3,3,3,3,3,2,2,3,3,3,2.85,6,0,FALSE
Male,Loyal Customer,34,Personal Travel,Eco,946,4,4,4,2,5,4,5,5,2,2,2,4,5,3.69,79,83,FALSE
Female,Loyal Customer,33,Business Travel,Business,2370,2,2,2,2,4,4,4,5,3,4,4,4,4,3.38,0,0,TRUE
Male,Loyal Customer,13,Personal Travel,Eco,235,2,5,2,3,3,2,3,3,1,5,1,2,3,2.69,17,21,FALSE
Male,Loyal Customer,28,Personal Travel,Eco,1045,2,5,2,1,3,2,3,3,5,4,2,3,3,2.92,0,0,FALSE
Female,Loyal Customer,59,Business Travel,Business,2070,4,4,4,4,4,4,5,5,5,5,5,4,5,4.46,0,0,TRUE
Male,Loyal Customer,54,Business Travel,Business,2126,2,2,2,2,3,4,4,2,2,2,2,5,3,2.69,0,0,TRUE
Male,Disloyal Customer,25,Business Travel,Eco,903,2,2,2,2,3,2,3,3,4,5,2,1,3,2.62,1,0,FALSE
Male,Loyal Customer,65,Personal Travel,Eco,836,5,5,4,4,5,4,5,5,3,2,4,5,5,4.31,8,3,TRUE
Male,Disloyal Customer,36,Business Travel,Business,216,2,2,2,1,2,2,2,2,3,4,1,1,2,2,0,0,FALSE
Female,Loyal Customer,58,Personal Travel,Eco,533,1,4,1,3,3,5,4,3,3,1,3,4,3,2.92,102,99,FALSE
Male,Loyal Customer,27,Personal Travel,Eco,590,3,4,3,5,1,3,1,1,4,2,5,5,1,2.92,0,0,FALSE
Male,Loyal Customer,48,Business Travel,Eco,689,2,4,3,4,2,2,2,2,1,5,3,2,2,2.62,14,0,FALSE
Female,Disloyal Customer,39,Business Travel,Business,287,1,1,1,3,3,1,3,3,3,5,3,1,3,2.38,0,0,FALSE
Female,Loyal Customer,53,Business Travel,Business,1939,5,5,5,5,2,4,5,5,5,5,5,4,3,4.46,11,32,TRUE
Male,Loyal Customer,7,Personal Travel,Eco Plus,372,3,0,3,5,3,5,5,5,3,4,4,5,5,3.85,181,176,FALSE
Male,Loyal Customer,53,Personal Travel,Eco,594,1,5,2,2,5,2,5,5,4,2,4,4,5,3.54,0,0,FALSE
Female,Loyal Customer,46,Business Travel,Business,308,3,3,3,3,3,4,4,4,4,4,4,4,4,3.62,21,7,TRUE
Male,Disloyal Customer,48,Business Travel,Business,227,5,5,5,2,1,5,1,1,4,5,4,3,1,3.23,0,0,TRUE
Male,Loyal Customer,55,Business Travel,Eco,605,4,5,5,5,4,4,4,4,3,1,4,1,4,3.69,0,0,FALSE
Female,Loyal Customer,41,Business Travel,Business,762,1,1,5,1,5,4,5,5,5,5,5,4,3,3.77,10,0,TRUE
Male,Loyal Customer,35,Personal Travel,Eco,859,3,3,3,3,5,3,5,5,4,2,5,3,5,3.77,0,0,FALSE
Female,Loyal Customer,64,Business Travel,Business,226,4,4,4,4,3,5,4,4,4,4,4,3,4,3.92,19,14,TRUE
Male,Disloyal Customer,30,Business Travel,Eco,978,3,3,3,3,1,3,1,1,1,1,3,1,1,1.92,0,0,FALSE
Female,Loyal Customer,61,Personal Travel,Eco,1089,4,3,4,3,1,3,3,1,1,4,1,5,1,2.62,5,0,FALSE
Female,Loyal Customer,39,Business Travel,Eco,936,4,5,5,5,4,4,4,4,5,1,4,3,4,4,0,0,TRUE
Male,Loyal Customer,18,Personal Travel,Eco,1262,1,5,0,2,3,0,3,3,4,4,3,4,3,2.69,0,0,FALSE
Female,Loyal Customer,46,Business Travel,Eco,1346,1,0,0,4,1,3,3,2,2,1,4,4,4,2.23,0,8,FALSE
Female,Disloyal Customer,25,Business Travel,Business,1598,4,0,4,2,2,4,2,2,5,2,3,5,2,2.85,0,0,TRUE
Male,Loyal Customer,37,Business Travel,Business,1005,1,5,1,1,2,5,5,4,4,4,4,5,4,3.46,95,96,TRUE
Male,Loyal Customer,61,Personal Travel,Eco,921,4,4,4,2,1,4,1,1,3,4,4,3,1,2.77,0,0,TRUE
Male,Loyal Customer,33,Business Travel,Business,773,3,3,3,3,5,5,5,5,2,3,1,1,5,3.38,13,11,TRUE
Male,Loyal Customer,32,Personal Travel,Eco,929,3,4,3,3,4,3,4,4,5,3,5,4,4,3.77,0,0,FALSE
Female,Loyal Customer,16,Personal Travel,Eco,1089,3,3,3,1,5,3,2,5,3,4,1,4,5,3.23,0,0,FALSE
Female,Disloyal Customer,20,Business Travel,Business,308,5,5,5,3,2,5,2,2,5,5,4,5,2,3.85,15,3,TRUE
Female,Disloyal Customer,17,Business Travel,Eco,404,0,0,0,2,5,0,5,5,2,4,1,3,5,2.46,0,0,TRUE
Male,Disloyal Customer,23,Business Travel,Eco,184,2,2,2,2,3,2,3,3,2,3,1,4,3,2.46,28,21,FALSE
Male,Disloyal Customer,27,Business Travel,Business,910,0,0,0,3,3,0,3,3,3,3,5,5,3,2.38,0,0,TRUE
Female,Loyal Customer,40,Business Travel,Business,3080,4,4,4,4,4,5,5,3,3,3,3,5,5,4,0,0,TRUE
Male,Loyal Customer,12,Business Travel,Business,3548,2,1,1,1,2,2,2,2,2,4,3,2,2,2,0,3,FALSE
Male,Disloyal Customer,39,Business Travel,Business,694,3,3,3,4,3,3,1,3,4,3,5,4,3,3.23,71,62,FALSE
Female,Loyal Customer,62,Personal Travel,Eco,787,1,5,1,1,3,4,4,1,1,1,2,4,5,2.54,0,0,FALSE
Male,Disloyal Customer,26,Business Travel,Eco,986,3,3,3,3,5,3,3,5,1,5,4,2,5,3.46,1,19,FALSE
Female,Disloyal Customer,22,Business Travel,Eco,602,4,0,4,2,4,3,4,3,2,4,4,4,4,3.23,171,172,TRUE
Female,Loyal Customer,21,Business Travel,Business,1012,2,2,2,2,5,5,5,5,4,3,4,3,5,3.62,0,0,TRUE
Male,Disloyal Customer,44,Business Travel,Eco,2521,2,2,2,4,2,2,2,2,4,4,2,4,2,2.62,0,0,FALSE
Female,Disloyal Customer,27,Business Travel,Eco,651,2,3,2,4,5,2,5,5,1,3,3,2,5,3.23,10,7,FALSE
Female,Loyal Customer,37,Personal Travel,Eco,489,4,0,4,3,4,4,4,4,5,5,4,4,4,3.77,0,0,TRUE
Female,Disloyal Customer,23,Business Travel,Business,337,2,2,2,4,5,2,5,5,2,1,4,2,5,3.15,46,58,FALSE
Female,Disloyal Customer,51,Business Travel,Business,541,1,1,1,1,3,1,3,3,4,2,4,3,3,2.31,39,30,FALSE
Female,Loyal Customer,45,Business Travel,Business,2607,3,4,4,4,2,4,4,3,3,3,3,4,3,3.38,0,19,FALSE
Male,Loyal Customer,39,Business Travel,Business,2263,2,4,4,4,4,3,4,2,2,2,2,4,4,3.15,9,0,FALSE
Female,Loyal Customer,48,Personal Travel,Eco Plus,629,3,5,3,4,4,4,5,4,4,3,4,4,3,3.85,0,0,FALSE
Female,Loyal Customer,63,Personal Travel,Eco Plus,164,1,3,1,3,2,4,4,3,3,1,3,4,5,2.85,0,1,FALSE
Male,Loyal Customer,67,Personal Travel,Eco,746,2,4,2,4,2,2,2,2,5,4,5,3,2,3,0,4,FALSE
Male,Loyal Customer,19,Business Travel,Business,1843,5,5,5,5,4,4,4,4,3,2,4,5,4,4.15,10,0,TRUE
Male,Loyal Customer,51,Business Travel,Eco,488,2,1,1,1,2,2,2,2,2,1,3,1,2,1.69,67,77,FALSE
Male,Loyal Customer,54,Business Travel,Business,3409,5,5,5,5,2,4,5,4,4,4,4,3,3,4.08,2,0,TRUE
Male,Loyal Customer,12,Personal Travel,Eco,369,2,1,2,4,5,2,5,5,2,5,3,2,5,3.31,0,0,FALSE
Female,Loyal Customer,67,Personal Travel,Eco,937,4,5,4,1,1,4,1,5,5,4,5,2,1,3.23,8,0,TRUE
Female,Disloyal Customer,37,Business Travel,Eco,202,3,1,3,3,3,3,1,3,2,1,4,1,3,2.38,13,15,FALSE
Female,Disloyal Customer,37,Business Travel,Business,134,2,2,2,3,1,2,1,1,2,4,4,2,1,2.08,78,73,FALSE
Male,Disloyal Customer,16,Business Travel,Eco,199,2,2,3,3,2,3,2,2,3,3,4,3,2,2.62,0,0,FALSE
Male,Loyal Customer,48,Personal Travel,Eco,932,3,5,3,1,5,3,5,5,4,2,5,4,5,3.85,0,0,FALSE
Male,Loyal Customer,50,Personal Travel,Eco,258,3,5,3,5,1,3,4,1,1,4,4,2,1,2.85,0,0,FALSE
Male,Loyal Customer,25,Personal Travel,Eco,1496,1,3,1,2,5,1,5,5,5,5,4,1,5,3.31,0,0,FALSE
Male,Loyal Customer,36,Business Travel,Business,3234,3,5,5,5,3,4,3,3,3,3,3,3,3,3.54,0,0,FALSE
Male,Loyal Customer,50,Business Travel,Business,1068,5,5,5,5,5,4,4,4,4,4,4,3,4,4.31,57,49,TRUE
Female,Loyal Customer,29,Business Travel,Eco Plus,992,3,2,2,2,3,2,3,3,1,4,4,1,3,2.54,96,87,FALSE
Male,Disloyal Customer,25,Business Travel,Business,204,5,5,5,4,3,5,3,3,5,4,4,4,3,4.08,0,0,TRUE
Female,Disloyal Customer,36,Business Travel,Business,1471,3,3,3,4,1,3,1,1,4,2,4,4,1,2.62,0,0,FALSE
Male,Loyal Customer,38,Business Travel,Business,1922,2,2,2,2,5,4,5,4,4,4,4,5,5,3.69,0,0,TRUE
Male,Loyal Customer,49,Business Travel,Business,804,4,4,1,4,2,5,4,5,5,5,5,3,3,3.85,0,0,TRUE
Female,Loyal Customer,74,Business Travel,Eco Plus,972,2,3,3,3,1,3,3,3,3,2,3,2,1,2.46,0,27,FALSE
Male,Loyal Customer,45,Business Travel,Business,2144,1,1,1,1,5,5,4,3,3,3,3,4,5,3,28,16,TRUE
Male,Loyal Customer,23,Business Travel,Eco Plus,1072,3,5,4,4,3,2,1,3,1,3,4,2,3,2.92,0,24,FALSE
Female,Loyal Customer,40,Personal Travel,Eco,101,2,4,2,5,5,2,5,5,4,3,4,3,5,3.77,0,0,FALSE
Female,Disloyal Customer,12,Business Travel,Eco,1085,1,2,2,3,4,2,4,4,3,3,4,3,4,3,0,18,FALSE
Female,Loyal Customer,27,Personal Travel,Eco,3784,4,5,4,2,4,3,3,4,5,5,5,3,3,3.85,16,27,FALSE
Male,Loyal Customer,69,Personal Travel,Eco,1749,1,4,1,2,3,1,3,3,3,2,5,1,3,2.46,6,0,FALSE
Female,Loyal Customer,56,Business Travel,Business,3053,3,3,3,3,5,4,5,5,5,5,5,4,4,4.15,33,23,TRUE
Male,Loyal Customer,31,Business Travel,Eco,173,2,5,5,5,2,2,2,1,4,3,4,2,2,3,151,186,FALSE
Male,Loyal Customer,57,Business Travel,Business,2133,2,2,2,2,5,4,4,4,4,4,4,3,3,3.31,0,1,TRUE
Female,Loyal Customer,35,Personal Travel,Eco,1829,3,4,3,3,5,3,5,5,3,3,3,5,5,3.85,86,95,FALSE
Female,Loyal Customer,35,Personal Travel,Eco,484,3,4,1,2,4,1,5,4,1,4,1,4,4,2.92,8,2,FALSE
Female,Loyal Customer,70,Personal Travel,Eco,852,4,4,4,5,5,4,4,3,3,4,1,5,5,3.92,7,0,FALSE
Male,Loyal Customer,44,Business Travel,Business,1048,3,3,3,3,2,4,4,4,4,5,4,3,3,3.46,0,6,TRUE
Female,Loyal Customer,39,Business Travel,Business,2242,5,5,5,5,4,4,4,4,4,5,4,4,4,4.38,212,208,TRUE
Male,Loyal Customer,26,Personal Travel,Eco,2306,3,5,3,3,2,3,1,2,4,2,4,5,2,3,3,0,FALSE
Male,Loyal Customer,45,Business Travel,Business,696,2,2,2,2,2,4,4,4,4,4,4,4,5,3.31,3,7,TRUE
Female,Loyal Customer,24,Business Travel,Business,3156,3,3,5,3,0,1,3,0,2,4,3,4,0,2.38,40,30,FALSE
Female,Loyal Customer,22,Business Travel,Business,2503,5,1,2,2,5,4,5,5,4,3,2,4,5,3.62,114,126,FALSE
Male,Loyal Customer,42,Business Travel,Business,1603,1,1,3,1,4,4,5,4,4,5,4,4,3,3.31,23,27,TRUE
Female,Loyal Customer,17,Business Travel,Business,1005,4,4,4,4,4,4,4,4,1,3,3,2,4,3.46,0,0,FALSE
Female,Loyal Customer,58,Business Travel,Business,676,5,5,5,5,4,2,1,4,4,4,4,1,3,3.62,120,120,TRUE
Male,Loyal Customer,51,Business Travel,Business,1663,0,0,0,1,5,5,5,5,5,1,1,4,4,2.77,0,0,TRUE
Male,Loyal Customer,60,Personal Travel,Eco,1476,3,4,2,3,4,2,4,4,5,3,4,5,4,3.62,4,19,FALSE
Male,Loyal Customer,45,Business Travel,Business,1553,5,5,2,5,3,4,4,2,2,2,2,4,4,3.38,0,11,TRUE
Male,Loyal Customer,44,Business Travel,Eco Plus,594,4,2,2,2,4,4,4,4,1,1,4,1,4,2.85,2,0,FALSE
Male,Loyal Customer,17,Personal Travel,Eco,2227,1,1,1,2,5,1,5,5,1,5,1,2,5,2.69,52,49,FALSE
Female,Loyal Customer,24,Business Travel,Business,566,3,3,3,3,5,5,5,5,2,5,2,5,5,3.92,97,100,TRUE
Female,Loyal Customer,48,Business Travel,Business,189,3,4,5,5,2,4,4,3,3,2,3,3,1,3.23,9,3,FALSE
Male,Loyal Customer,54,Personal Travel,Eco Plus,592,3,1,3,1,1,3,1,1,3,4,1,3,1,2,0,0,FALSE
Female,Loyal Customer,40,Personal Travel,Eco,621,1,5,1,1,2,1,2,2,3,2,5,4,2,2.38,12,2,FALSE
Male,Loyal Customer,72,Business Travel,Eco,209,2,5,5,5,2,2,2,2,2,5,3,2,2,3,0,0,TRUE
Male,Loyal Customer,46,Personal Travel,Eco,404,4,3,4,4,3,4,5,3,1,2,1,2,3,3,37,10,FALSE
Female,Loyal Customer,43,Business Travel,Business,594,4,2,2,2,5,3,4,4,4,4,4,3,3,3.38,0,0,FALSE
Female,Loyal Customer,19,Business Travel,Business,3453,1,2,2,2,1,1,1,1,2,1,3,2,1,1.54,0,0,FALSE
Male,Disloyal Customer,24,Business Travel,Eco,1173,1,1,1,3,2,1,2,2,4,3,3,5,2,2.31,12,6,FALSE
Female,Loyal Customer,60,Business Travel,Eco,266,5,2,2,2,5,4,5,5,5,5,5,2,2,3.77,0,0,TRUE
Female,Disloyal Customer,30,Personal Travel,Eco,356,5,1,5,4,5,5,5,5,3,2,3,4,5,4,0,0,TRUE
Female,Loyal Customer,70,Business Travel,Business,321,2,5,5,5,3,2,2,2,2,2,2,4,4,3.08,0,0,FALSE
Male,Loyal Customer,25,Business Travel,Eco Plus,1916,2,1,1,1,2,2,3,2,4,4,4,2,2,2.31,0,0,FALSE
Male,Loyal Customer,17,Personal Travel,Eco,1303,1,5,1,5,2,1,2,2,3,2,3,4,2,2.54,75,73,FALSE
Female,Loyal Customer,39,Personal Travel,Eco,515,1,5,4,2,4,4,4,4,3,5,4,4,4,3.69,21,21,FALSE
Male,Disloyal Customer,38,Business Travel,Business,997,5,5,5,3,1,5,1,1,5,4,5,4,1,3.46,98,64,TRUE
Male,Disloyal Customer,19,Business Travel,Business,925,4,4,4,3,4,4,4,4,5,3,4,4,4,3.92,0,0,TRUE
Female,Loyal Customer,43,Business Travel,Business,2075,1,1,1,1,5,5,5,5,5,5,5,4,3,3.54,0,0,TRUE
Male,Loyal Customer,15,Personal Travel,Eco,140,1,2,0,3,2,0,2,2,3,1,3,4,2,1.92,0,5,FALSE
Male,Loyal Customer,40,Business Travel,Business,2521,3,3,3,3,4,5,5,4,4,4,4,4,3,3.77,0,12,TRUE
Female,Loyal Customer,33,Business Travel,Eco,196,4,4,4,4,4,4,4,4,5,1,2,5,4,3.77,0,0,TRUE
Female,Disloyal Customer,24,Business Travel,Eco,301,5,0,5,3,4,5,4,4,2,2,3,4,4,3.46,30,2,TRUE
Female,Loyal Customer,52,Business Travel,Business,1896,1,1,1,1,3,5,4,2,2,3,2,4,4,2.54,0,0,TRUE
Male,Loyal Customer,63,Business Travel,Business,277,3,3,3,3,5,3,3,3,3,3,3,2,1,2.92,66,78,FALSE
Male,Loyal Customer,59,Personal Travel,Eco,1197,3,2,3,4,4,3,2,4,2,5,2,4,4,3.23,8,1,FALSE
Male,Loyal Customer,28,Personal Travel,Eco,409,2,5,2,2,3,2,3,3,4,4,3,4,3,3.08,0,74,FALSE
Male,Loyal Customer,57,Business Travel,Business,1984,4,2,2,2,5,4,3,4,4,3,4,3,1,3.15,8,24,FALSE
Male,Disloyal Customer,31,Business Travel,Business,1069,1,1,1,4,1,2,2,4,1,3,3,2,2,2.08,126,175,FALSE
Female,Loyal Customer,45,Business Travel,Business,2967,0,1,1,4,5,5,4,2,2,2,2,5,4,2.85,4,1,TRUE
Male,Disloyal Customer,25,Business Travel,Eco,141,2,0,2,4,1,2,1,1,5,5,4,5,1,2.54,4,6,FALSE
Male,Loyal Customer,60,Business Travel,Business,3369,5,5,5,5,4,4,5,3,3,3,3,4,3,4,0,0,TRUE
Female,Loyal Customer,8,Personal Travel,Eco,784,3,2,2,2,5,2,2,5,3,2,2,1,5,2.77,0,0,FALSE
Female,Loyal Customer,49,Business Travel,Business,954,4,4,4,4,2,5,2,4,4,4,4,3,5,3.77,0,0,TRUE
Male,Disloyal Customer,37,Business Travel,Business,337,5,5,5,5,2,5,2,2,5,4,4,5,2,3.92,0,0,TRUE
Female,Loyal Customer,56,Business Travel,Business,223,2,2,2,2,2,5,5,5,5,5,5,5,4,3.77,1,3,TRUE
Male,Loyal Customer,44,Personal Travel,Eco Plus,2139,4,5,4,5,5,4,5,5,4,1,5,4,5,4.31,0,0,FALSE
Female,Loyal Customer,58,Business Travel,Business,3914,3,3,3,3,2,5,4,5,5,5,5,3,4,3.85,3,0,TRUE
Female,Loyal Customer,42,Personal Travel,Eco,106,3,4,3,2,2,4,5,4,4,3,2,3,5,3.38,0,0,FALSE
Male,Loyal Customer,20,Personal Travel,Eco,1546,4,4,4,4,4,4,4,4,3,3,4,4,4,3.85,5,2,FALSE
Female,Loyal Customer,52,Business Travel,Eco,1197,3,5,5,5,4,4,4,3,3,3,3,3,4,3.77,3,0,FALSE
Female,Loyal Customer,54,Personal Travel,Eco,983,3,1,2,3,2,4,4,5,5,2,5,1,4,3.15,0,0,FALSE
Male,Loyal Customer,45,Personal Travel,Eco,460,3,4,3,5,5,3,5,5,3,3,5,3,5,4,6,0,FALSE
Female,Loyal Customer,42,Business Travel,Business,1766,3,3,5,3,3,4,4,3,3,3,3,3,2,3.23,3,0,FALSE
Female,Loyal Customer,35,Business Travel,Eco,763,4,2,2,2,4,4,4,4,5,4,2,5,4,3.54,0,0,TRUE
Male,Loyal Customer,25,Business Travel,Business,1516,4,4,4,4,3,4,3,3,4,4,4,4,3,3.69,4,7,TRUE
Male,Loyal Customer,18,Personal Travel,Eco,2521,1,4,1,4,2,1,2,2,5,2,5,5,2,2.77,0,0,FALSE
Female,Loyal Customer,31,Personal Travel,Eco Plus,731,3,3,2,3,2,2,2,2,1,5,3,3,2,2.54,0,18,FALSE
Female,Loyal Customer,54,Business Travel,Business,3486,5,5,5,5,2,4,5,4,4,4,4,4,3,4.15,12,1,TRUE
Male,Loyal Customer,68,Personal Travel,Eco,1616,2,4,1,2,1,1,1,1,3,2,3,3,1,1.92,0,0,FALSE
Female,Loyal Customer,35,Business Travel,Business,3533,4,4,4,4,5,5,5,4,4,5,4,3,3,4.15,0,0,TRUE
Male,Loyal Customer,41,Business Travel,Business,3621,2,2,2,2,1,1,5,5,5,5,5,1,4,3.08,0,0,TRUE
Female,Disloyal Customer,37,Business Travel,Eco,328,1,1,1,1,5,1,5,5,1,4,2,4,5,2.77,0,37,FALSE
Female,Loyal Customer,30,Business Travel,Business,1681,1,1,1,1,5,5,5,5,5,5,4,5,5,3.69,0,0,TRUE
Female,Loyal Customer,42,Personal Travel,Eco,843,3,4,3,3,3,5,2,2,2,3,2,1,5,2.92,0,0,FALSE
Female,Loyal Customer,32,Personal Travel,Business,760,3,4,3,4,5,3,1,5,3,5,5,3,5,3.77,0,0,FALSE
Female,Loyal Customer,51,Business Travel,Business,1379,1,1,1,1,5,4,5,4,4,4,4,3,3,3.08,0,9,TRUE
Male,Loyal Customer,27,Business Travel,Business,526,4,4,4,4,4,4,4,4,3,3,4,2,4,3.69,4,0,FALSE
Female,Loyal Customer,65,Personal Travel,Eco,990,2,4,2,5,5,5,4,1,1,2,1,4,3,3,4,0,FALSE
Female,Disloyal Customer,8,Business Travel,Eco Plus,604,2,3,2,3,2,2,2,2,3,3,4,3,2,2.54,0,43,FALSE
Male,Loyal Customer,33,Personal Travel,Business,950,2,0,2,3,2,2,2,2,4,1,4,3,2,2.23,20,31,FALSE
Male,Loyal Customer,58,Business Travel,Business,3133,3,3,3,3,5,4,5,4,4,4,4,3,5,3.85,0,0,TRUE
Male,Loyal Customer,40,Business Travel,Business,1514,4,4,4,4,5,5,4,2,2,2,2,4,3,3.46,35,51,TRUE
Male,Loyal Customer,46,Personal Travel,Eco,468,4,5,4,2,5,4,5,5,4,4,4,4,5,4.23,39,35,TRUE
Female,Loyal Customer,45,Business Travel,Business,3344,3,3,3,3,5,5,5,4,4,4,4,3,5,3.92,0,0,TRUE
Female,Loyal Customer,40,Business Travel,Business,3591,2,2,2,2,5,4,4,5,5,4,5,4,4,3.69,0,0,TRUE
Male,Loyal Customer,63,Business Travel,Business,2110,3,3,3,3,3,4,4,5,5,5,5,4,5,4,0,0,TRUE
Male,Loyal Customer,40,Business Travel,Business,1020,4,4,2,4,3,4,4,4,4,3,4,3,4,3.62,39,40,FALSE
Female,Loyal Customer,42,Business Travel,Eco,317,2,3,3,3,1,4,4,2,2,2,2,2,1,2.38,0,0,FALSE
Male,Loyal Customer,9,Personal Travel,Eco,529,4,4,5,1,5,5,5,5,3,2,5,4,5,4.08,0,0,FALSE
Male,Disloyal Customer,48,Business Travel,Eco,2475,2,1,1,2,2,5,5,3,1,1,3,5,5,2.77,0,22,FALSE
Female,Loyal Customer,46,Business Travel,Business,2082,4,4,4,4,3,5,5,5,5,5,5,4,5,4.46,8,0,TRUE
Male,Loyal Customer,39,Business Travel,Business,1597,1,1,3,1,5,4,5,5,5,5,5,4,3,3.62,0,0,TRUE
Male,Loyal Customer,42,Business Travel,Business,1514,1,1,1,1,2,5,5,4,4,4,4,3,4,3,89,80,TRUE
Male,Disloyal Customer,17,Business Travel,Eco,760,1,1,1,3,3,1,3,3,2,3,5,2,3,2.38,0,0,FALSE
Male,Loyal Customer,32,Business Travel,Business,3372,1,1,1,1,4,5,4,4,4,4,1,5,4,3,0,1,TRUE
Female,Loyal Customer,56,Business Travel,Business,2669,1,1,1,1,1,1,1,5,5,5,3,4,1,2.31,53,47,TRUE
Male,Loyal Customer,28,Business Travel,Business,3314,2,2,2,2,5,5,5,5,5,5,5,3,5,3.92,0,0,TRUE
Male,Loyal Customer,17,Personal Travel,Eco,337,3,3,3,3,4,3,5,4,3,3,4,3,4,3.46,94,81,FALSE
Male,Loyal Customer,26,Personal Travel,Eco,472,2,5,2,5,2,2,2,2,4,4,5,3,2,3.08,0,2,FALSE
Female,Disloyal Customer,22,Business Travel,Eco,325,5,3,5,5,2,5,2,2,1,4,1,4,2,3.15,81,85,TRUE
Female,Loyal Customer,55,Business Travel,Business,1416,2,2,2,2,3,5,5,3,3,3,3,3,4,3.08,0,8,TRUE
Male,Loyal Customer,42,Business Travel,Business,501,2,2,2,2,4,4,4,5,5,5,5,5,5,3.85,0,0,TRUE
Male,Loyal Customer,57,Business Travel,Business,3306,2,2,2,2,2,5,4,5,5,5,5,5,5,3.77,0,0,TRUE
Female,Disloyal Customer,28,Business Travel,Eco,1246,2,2,2,1,2,3,3,5,2,5,4,3,3,2.85,6,0,FALSE
Male,Disloyal Customer,35,Business Travel,Business,1609,2,2,2,3,5,2,3,5,4,5,5,4,5,3.62,0,1,FALSE
Male,Loyal Customer,61,Personal Travel,Eco,364,0,2,0,3,3,0,3,3,2,1,4,3,3,2.08,2,0,TRUE
Female,Disloyal Customer,38,Business Travel,Eco Plus,669,2,1,1,3,2,1,5,2,3,5,3,3,2,2.54,0,0,FALSE
Female,Loyal Customer,30,Business Travel,Eco Plus,143,0,0,0,5,3,0,3,3,3,2,5,1,3,2.15,0,5,TRUE
Female,Loyal Customer,45,Personal Travel,Eco,309,5,4,5,2,3,5,5,1,1,5,1,3,3,3.31,26,41,TRUE
Male,Loyal Customer,7,Personal Travel,Eco,733,2,3,2,5,3,2,3,3,5,4,5,4,3,3.38,3,0,FALSE
Male,Loyal Customer,8,Personal Travel,Eco,731,5,4,5,2,1,5,1,1,2,1,2,3,1,2.54,0,0,TRUE
Female,Loyal Customer,46,Business Travel,Business,3430,1,1,1,1,2,5,4,4,4,4,4,4,5,3.08,1,0,TRUE
Male,Loyal Customer,40,Business Travel,Business,2029,1,1,2,1,2,4,5,5,5,5,5,3,3,3.23,0,0,TRUE
Female,Loyal Customer,40,Personal Travel,Eco,282,3,4,3,5,1,3,1,1,5,2,4,5,1,2.92,0,0,FALSE
Male,Loyal Customer,47,Business Travel,Business,3798,3,3,3,3,2,5,5,4,4,4,4,4,3,3.62,111,100,TRUE
Female,Loyal Customer,40,Business Travel,Business,957,5,5,5,5,4,5,4,5,5,5,5,3,5,4.69,0,0,TRUE
Female,Loyal Customer,39,Business Travel,Business,325,1,1,1,1,2,4,4,5,5,5,5,4,5,3.31,19,9,TRUE
Female,Loyal Customer,15,Personal Travel,Eco,733,2,2,2,2,5,2,5,5,2,5,3,3,5,3.31,0,0,FALSE
Female,Disloyal Customer,61,Business Travel,Business,332,4,4,4,4,3,4,3,3,4,2,5,4,3,3.62,0,0,FALSE
Female,Loyal Customer,18,Personal Travel,Eco,550,0,3,0,1,3,0,5,3,2,3,4,2,3,2.23,0,0,TRUE
Female,Disloyal Customer,9,Business Travel,Eco,787,4,4,4,3,4,4,4,4,4,5,4,4,4,4,12,4,FALSE
Female,Disloyal Customer,22,Business Travel,Eco,631,2,0,2,2,2,2,2,2,4,5,4,5,2,2.62,0,0,FALSE
Male,Loyal Customer,40,Personal Travel,Eco,173,3,3,0,3,0,3,5,5,1,1,1,5,5,2.69,399,432,FALSE
Female,Loyal Customer,16,Business Travel,Business,1590,4,4,4,4,3,3,3,3,2,5,1,2,3,3.15,30,0,TRUE
Female,Disloyal Customer,20,Business Travel,Eco,84,3,0,3,2,4,3,5,4,2,5,5,2,4,3.23,0,0,FALSE
Male,Loyal Customer,48,Business Travel,Business,534,1,1,1,1,4,4,4,4,4,4,4,5,5,3.23,0,0,TRUE
Female,Loyal Customer,60,Business Travel,Business,3866,4,4,4,4,4,4,4,5,5,5,5,4,3,4.23,0,0,TRUE
Female,Loyal Customer,50,Business Travel,Business,3931,1,1,1,1,4,5,5,2,2,2,2,3,3,2.46,9,5,TRUE
Male,Loyal Customer,41,Business Travel,Business,2257,2,2,2,2,2,5,5,5,5,5,5,4,5,3.77,0,0,TRUE
Female,Loyal Customer,64,Business Travel,Business,3834,4,4,4,4,4,4,4,4,4,4,4,4,4,4,0,0,TRUE
Male,Loyal Customer,19,Business Travel,Business,3675,4,1,2,2,4,3,4,4,4,2,3,3,4,3.08,0,0,FALSE
Female,Loyal Customer,21,Personal Travel,Eco,216,2,0,0,2,2,0,2,2,5,5,4,4,2,2.31,0,0,FALSE
Female,Loyal Customer,36,Business Travel,Business,573,3,3,4,3,4,5,4,5,5,5,5,4,3,4.08,4,0,TRUE
Male,Loyal Customer,39,Business Travel,Business,1145,1,2,2,2,4,3,4,1,1,1,1,1,3,2,0,9,FALSE
Female,Disloyal Customer,30,Business Travel,Eco,926,1,1,1,3,2,1,2,2,3,5,4,4,2,2.38,0,0,FALSE
Male,Loyal Customer,30,Business Travel,Eco,888,0,0,0,2,4,4,3,4,2,2,5,3,4,2.54,0,0,TRUE
Male,Loyal Customer,42,Business Travel,Business,160,3,3,3,3,4,4,4,4,4,4,5,4,4,3.77,0,6,TRUE
Male,Loyal Customer,22,Business Travel,Business,631,3,5,5,5,3,2,3,3,4,4,2,3,3,3.46,0,0,FALSE
Male,Loyal Customer,62,Personal Travel,Eco,237,3,2,3,2,1,3,1,1,3,5,2,1,1,2.15,6,21,FALSE
Female,Loyal Customer,48,Business Travel,Business,3131,2,2,1,2,2,4,4,5,5,5,5,4,3,3.38,0,0,TRUE
Male,Loyal Customer,49,Business Travel,Business,240,1,1,1,1,4,4,5,5,5,5,5,3,4,3.38,0,0,TRUE
Female,Loyal Customer,40,Business Travel,Eco,2917,1,3,3,3,1,1,1,2,1,2,4,1,1,1.85,30,52,FALSE
Female,Loyal Customer,37,Business Travel,Business,3805,4,4,4,4,3,5,5,5,5,5,5,4,4,4.38,5,10,TRUE
Male,Disloyal Customer,24,Business Travel,Business,601,4,0,4,4,1,4,1,1,5,4,5,4,1,2.92,0,0,TRUE
Female,Loyal Customer,22,Business Travel,Eco,650,1,3,3,3,1,2,3,1,1,3,4,2,1,2.15,0,0,FALSE
Female,Disloyal Customer,22,Business Travel,Eco,496,5,4,5,4,5,5,5,5,1,1,4,4,5,4.08,0,0,TRUE
Male,Loyal Customer,29,Business Travel,Business,1947,3,3,3,3,4,4,4,4,4,5,3,3,4,3.62,1,0,TRUE
Male,Loyal Customer,47,Business Travel,Business,606,1,1,1,1,4,5,5,4,4,4,4,3,3,3.08,4,3,TRUE
Male,Loyal Customer,56,Personal Travel,Eco,2125,1,2,1,4,4,1,4,4,1,3,4,1,4,2.62,4,0,FALSE
Female,Loyal Customer,31,Business Travel,Eco Plus,214,1,3,3,3,1,1,1,1,3,3,4,4,1,2.23,11,7,FALSE
Female,Disloyal Customer,32,Business Travel,Eco,545,3,4,3,1,5,3,5,5,5,1,3,1,5,3.38,0,0,FALSE
Female,Loyal Customer,26,Personal Travel,Eco,746,3,4,3,5,3,1,1,5,5,4,5,1,1,3.15,202,213,FALSE
Female,Disloyal Customer,25,Business Travel,Eco,632,4,2,4,2,3,4,1,3,3,1,3,3,3,2.77,0,0,FALSE
Male,Loyal Customer,40,Business Travel,Business,3815,3,3,3,3,4,4,5,5,5,5,5,4,4,4.08,0,0,TRUE
Female,Loyal Customer,25,Personal Travel,Eco,391,3,5,3,1,5,3,1,5,2,3,4,2,5,3.23,1,0,FALSE
Female,Loyal Customer,43,Business Travel,Eco,1744,2,3,1,1,3,5,1,2,2,2,2,3,3,2.31,0,0,TRUE
Female,Loyal Customer,35,Business Travel,Business,2298,4,4,4,4,5,5,5,5,1,1,2,5,5,3.85,271,272,TRUE
Female,Disloyal Customer,25,Business Travel,Eco,1282,1,1,1,3,5,1,5,5,2,3,4,1,5,2.85,21,14,FALSE
Male,Loyal Customer,25,Personal Travel,Eco,862,4,5,4,4,3,4,3,3,3,3,5,5,3,3.77,14,3,FALSE
Female,Loyal Customer,38,Business Travel,Business,377,2,2,2,2,2,1,5,2,2,2,2,4,3,2.38,0,0,TRUE
Female,Loyal Customer,46,Personal Travel,Eco,351,2,4,2,5,2,5,4,2,2,2,4,5,3,3.23,23,28,FALSE
Female,Loyal Customer,54,Business Travel,Business,1542,2,2,2,2,5,4,5,3,3,3,3,4,3,3.15,0,0,TRUE
Female,Loyal Customer,11,Business Travel,Eco Plus,777,4,1,1,1,4,4,2,4,3,2,3,4,4,2.85,3,14,FALSE
Female,Disloyal Customer,36,Business Travel,Eco,981,4,4,4,4,5,4,2,5,2,5,3,3,5,3.85,23,11,FALSE
Male,Loyal Customer,39,Personal Travel,Eco,937,2,5,2,1,5,2,5,5,4,3,2,2,5,3.31,16,42,FALSE
Male,Loyal Customer,53,Business Travel,Business,2947,1,1,4,1,2,4,4,4,4,4,4,3,3,3,39,17,TRUE
Female,Loyal Customer,51,Personal Travel,Eco,2586,3,5,3,2,5,3,4,4,4,3,4,4,5,3.77,0,0,FALSE
Female,Disloyal Customer,44,Business Travel,Eco,214,3,0,4,3,1,4,1,1,3,4,4,2,1,2.38,28,13,FALSE
Female,Loyal Customer,38,Business Travel,Business,1547,3,3,5,3,5,5,4,5,5,5,5,3,3,4.15,0,14,TRUE
Female,Loyal Customer,44,Business Travel,Business,378,3,3,3,3,2,5,1,4,4,4,4,2,4,3.23,0,0,TRUE
Male,Loyal Customer,11,Personal Travel,Eco,1476,2,4,2,3,3,2,3,3,3,3,3,3,3,2.85,6,10,FALSE
Female,Loyal Customer,70,Personal Travel,Eco,1491,1,4,1,5,2,2,3,2,2,1,2,4,2,2.38,21,10,FALSE
Female,Loyal Customer,41,Business Travel,Business,545,2,2,2,2,5,4,4,4,4,4,4,3,3,3.31,73,67,TRUE
Female,Loyal Customer,41,Personal Travel,Eco,1576,3,4,3,3,1,3,1,1,3,2,3,4,1,2.46,15,6,FALSE
Male,Loyal Customer,63,Personal Travel,Eco,1522,5,4,5,2,4,5,4,4,4,2,4,3,4,3.85,0,0,TRUE
Male,Loyal Customer,44,Personal Travel,Eco,147,4,5,0,1,2,0,5,2,5,4,2,4,2,2.77,0,0,FALSE
Female,Loyal Customer,32,Business Travel,Eco Plus,933,5,1,3,1,5,5,5,5,3,5,3,5,5,3.92,0,1,TRUE
Male,Loyal Customer,47,Business Travel,Business,2531,3,3,3,3,2,4,5,5,5,5,5,4,5,4,0,0,TRUE
Female,Loyal Customer,32,Personal Travel,Business,760,4,5,4,4,2,4,2,2,1,3,3,3,2,3,8,1,FALSE
Male,Loyal Customer,60,Personal Travel,Eco,321,3,5,3,4,1,3,3,1,5,2,2,4,1,2.85,7,0,FALSE
Male,Loyal Customer,35,Business Travel,Eco,1501,3,4,2,2,3,3,3,3,3,5,4,3,3,3.15,0,0,FALSE
Female,Disloyal Customer,47,Business Travel,Eco,771,3,3,3,2,1,3,1,1,3,2,3,3,1,2.23,9,4,FALSE
Male,Loyal Customer,30,Business Travel,Business,1565,3,3,3,3,5,5,5,5,3,3,5,3,5,3.92,0,0,TRUE
Male,Loyal Customer,49,Business Travel,Business,331,0,0,0,4,2,4,5,2,2,2,2,4,3,2.31,0,0,TRUE
Female,Loyal Customer,50,Business Travel,Eco,258,1,2,2,2,1,1,1,3,2,4,3,1,1,1.85,123,159,FALSE
Female,Loyal Customer,43,Personal Travel,Eco,1072,4,5,4,1,4,5,4,3,3,4,3,4,4,3.69,82,79,FALSE
Male,Loyal Customer,31,Business Travel,Business,2153,4,4,4,4,4,4,4,4,4,4,3,2,4,3.77,4,9,FALSE
Female,Loyal Customer,50,Business Travel,Business,2041,4,4,4,4,4,4,4,4,4,4,4,3,4,3.92,0,0,TRUE
Female,Loyal Customer,47,Business Travel,Business,2935,4,4,1,4,5,4,5,4,4,4,4,5,3,3.92,0,0,TRUE
Male,Loyal Customer,23,Business Travel,Eco Plus,495,0,3,0,4,4,0,4,4,1,2,4,5,4,2.69,13,32,TRUE
Male,Loyal Customer,69,Business Travel,Business,125,2,2,2,2,3,3,4,3,3,3,2,4,4,2.85,0,0,FALSE
Female,Loyal Customer,48,Business Travel,Business,393,1,1,1,1,4,5,5,2,2,3,2,3,3,2.54,0,0,TRUE
Female,Disloyal Customer,23,Business Travel,Eco,139,3,1,3,4,5,3,5,5,3,4,4,2,5,3.62,0,0,FALSE
Female,Loyal Customer,22,Business Travel,Business,1204,2,3,3,3,2,2,2,2,2,4,4,1,2,2.46,13,15,FALSE
Male,Loyal Customer,70,Business Travel,Business,425,3,5,5,5,3,3,3,3,3,3,3,2,2,3.31,4,0,FALSE
Male,Disloyal Customer,36,Business Travel,Eco,338,2,3,2,4,2,2,2,2,1,3,4,4,2,2.54,0,0,FALSE
Male,Loyal Customer,61,Personal Travel,Business,227,1,4,1,3,2,4,4,2,2,1,4,1,4,2.54,4,0,FALSE
Female,Loyal Customer,43,Business Travel,Business,2399,3,3,3,3,2,5,5,4,4,4,4,4,4,3.69,0,0,TRUE
Male,Loyal Customer,59,Business Travel,Business,612,4,4,4,4,2,4,4,4,4,4,4,3,3,3.69,0,0,TRUE
Female,Loyal Customer,67,Personal Travel,Eco,282,4,4,4,1,5,5,5,2,2,4,2,4,5,3.62,0,0,FALSE
Female,Loyal Customer,53,Personal Travel,Eco Plus,236,3,5,3,3,4,5,1,2,2,3,1,5,2,3,30,21,FALSE
Female,Loyal Customer,60,Business Travel,Business,1625,3,1,1,1,1,3,4,3,3,2,3,3,2,2.31,9,10,FALSE
Male,Loyal Customer,43,Business Travel,Business,3347,0,4,0,3,5,4,5,3,3,3,3,5,3,3.15,3,2,TRUE
Female,Loyal Customer,40,Business Travel,Eco,453,1,2,1,2,1,2,1,1,2,4,4,1,1,1.77,4,50,FALSE
Male,Loyal Customer,58,Business Travel,Business,1628,1,3,3,3,5,3,3,1,1,1,1,4,2,2.38,0,11,FALSE
Female,Loyal Customer,41,Business Travel,Business,240,3,3,3,3,3,3,3,3,3,3,3,4,4,3.15,52,58,FALSE
Female,Loyal Customer,41,Business Travel,Business,594,5,5,5,5,4,5,5,4,4,4,4,5,5,4.62,0,0,TRUE
Male,Loyal Customer,22,Business Travel,Business,814,2,4,4,4,2,2,2,2,4,3,3,3,2,2.85,0,0,FALSE
Female,Loyal Customer,66,Personal Travel,Eco,490,3,4,3,2,1,1,5,5,5,3,5,5,4,3.54,0,0,FALSE
Male,Loyal Customer,26,Personal Travel,Eco Plus,1303,3,5,3,1,2,3,4,2,4,5,5,3,2,3.23,0,11,FALSE
Female,Loyal Customer,27,Business Travel,Business,204,1,1,1,1,5,5,3,5,4,2,2,3,5,2.92,0,0,TRUE
Male,Loyal Customer,24,Business Travel,Business,2959,1,4,4,4,1,1,1,1,2,3,3,2,1,2.15,29,55,FALSE
Male,Loyal Customer,46,Business Travel,Business,3337,1,5,1,1,5,4,3,1,1,1,1,1,1,2,11,7,FALSE
Female,Loyal Customer,20,Business Travel,Business,867,1,2,2,2,1,2,1,1,1,1,4,1,1,1.54,0,0,FALSE
Female,Loyal Customer,77,Business Travel,Business,2347,2,3,3,3,3,4,3,2,2,2,2,3,1,2.54,3,4,FALSE
Female,Loyal Customer,57,Business Travel,Business,2172,3,3,3,3,4,4,5,4,4,4,4,4,4,3.77,12,12,TRUE
Male,Disloyal Customer,23,Business Travel,Business,402,4,0,4,3,5,4,5,5,5,4,4,3,5,3.92,0,11,TRUE
Male,Loyal Customer,43,Personal Travel,Eco,481,3,1,3,2,4,3,4,4,1,3,2,1,4,2.69,43,62,FALSE
Male,Loyal Customer,43,Business Travel,Business,1563,0,0,0,5,3,5,5,2,2,2,2,4,4,2.62,80,74,TRUE
Male,Loyal Customer,46,Business Travel,Business,2911,1,1,1,1,4,3,2,5,5,5,3,4,3,2.92,0,0,TRUE
Female,Loyal Customer,42,Personal Travel,Business,228,2,2,2,2,4,3,2,3,3,2,3,2,3,2.54,0,18,FALSE
Female,Loyal Customer,56,Business Travel,Business,896,5,5,5,5,5,4,4,5,5,5,5,4,3,4.62,0,0,TRUE
Female,Loyal Customer,47,Business Travel,Eco,826,4,5,5,5,3,2,3,4,4,4,4,3,1,3.62,0,0,TRUE
Male,Loyal Customer,37,Business Travel,Business,2984,2,1,1,1,4,2,1,3,3,3,2,2,2,2.08,72,109,FALSE
Male,Loyal Customer,41,Personal Travel,Eco,224,2,5,0,5,3,0,3,3,1,1,1,3,3,2.31,31,42,FALSE
Female,Loyal Customer,42,Business Travel,Business,2066,5,5,5,5,5,5,5,4,4,4,4,5,5,4.69,23,10,TRUE
Male,Loyal Customer,72,Business Travel,Business,2143,3,2,2,2,5,3,2,3,3,4,3,4,3,3,36,43,FALSE
Male,Loyal Customer,33,Business Travel,Eco,236,4,4,4,4,4,4,4,4,2,3,2,5,4,3.69,0,14,TRUE
Male,Loyal Customer,48,Personal Travel,Eco,680,1,2,1,3,2,1,3,2,3,2,3,1,2,2,0,0,FALSE
Female,Loyal Customer,48,Business Travel,Eco,818,5,1,1,1,5,2,2,5,5,5,5,1,2,3.08,0,0,TRUE
Male,Loyal Customer,25,Business Travel,Business,280,2,5,5,5,2,2,2,4,4,4,3,2,2,3.23,178,221,FALSE
Female,Loyal Customer,35,Business Travel,Business,2369,2,1,3,3,2,4,4,2,2,2,2,3,1,2.38,0,6,FALSE
Female,Loyal Customer,45,Business Travel,Business,2311,2,2,2,2,5,5,5,4,4,5,5,5,5,3.92,0,21,TRUE
Female,Loyal Customer,8,Business Travel,Business,3087,3,2,2,2,3,3,3,3,3,1,3,2,3,2.54,5,0,FALSE
Male,Disloyal Customer,38,Business Travel,Business,109,4,4,4,4,4,4,4,4,5,3,4,4,4,4,3,4,FALSE
Female,Loyal Customer,18,Personal Travel,Eco,1020,5,0,5,4,2,5,2,2,5,5,4,4,2,3.46,0,0,TRUE
Female,Disloyal Customer,26,Business Travel,Eco,1009,2,2,2,3,2,2,2,2,1,1,3,3,2,2.08,0,1,FALSE
Male,Loyal Customer,52,Business Travel,Business,1532,3,3,3,3,2,2,5,4,4,4,4,1,4,3.23,0,0,TRUE
Female,Loyal Customer,55,Personal Travel,Eco,1197,2,5,2,3,3,3,5,2,2,2,2,4,3,2.92,15,5,FALSE
Male,Loyal Customer,34,Business Travel,Business,2960,1,3,3,3,4,2,2,1,1,1,1,3,1,2,16,13,FALSE
Male,Loyal Customer,31,Personal Travel,Eco,153,1,5,1,1,3,1,3,3,3,4,5,3,3,2.77,0,0,FALSE
Male,Loyal Customer,44,Business Travel,Eco,101,5,3,3,3,5,5,5,5,5,4,1,2,5,3.92,0,5,TRUE
Female,Loyal Customer,36,Business Travel,Eco,302,5,5,5,5,5,5,5,5,5,5,2,4,5,4.69,0,0,TRUE
Female,Loyal Customer,13,Personal Travel,Eco,1670,2,2,2,3,1,2,1,1,2,1,3,4,1,1.92,0,0,FALSE
Male,Loyal Customer,25,Business Travel,Business,2012,3,5,5,5,3,3,3,3,2,1,2,1,3,3,0,13,FALSE
Male,Loyal Customer,24,Business Travel,Business,944,4,3,3,3,4,4,4,4,1,3,3,4,4,3.38,0,0,FALSE
Male,Loyal Customer,61,Business Travel,Business,500,4,4,5,4,3,4,4,5,5,5,5,3,4,4.23,2,2,TRUE
Female,Loyal Customer,29,Personal Travel,Eco,926,4,4,4,1,4,4,4,4,4,4,4,5,4,3.85,0,0,FALSE
Male,Loyal Customer,50,Personal Travel,Eco,788,5,3,5,3,3,5,3,3,1,1,3,4,3,3.23,0,0,TRUE
Male,Loyal Customer,38,Business Travel,Eco,2288,4,4,4,4,3,4,4,3,5,3,4,4,4,3.85,0,0,FALSE
Female,Loyal Customer,44,Personal Travel,Eco,1226,2,5,2,3,1,3,4,1,1,2,1,2,3,2.31,7,11,FALSE
Male,Loyal Customer,36,Business Travel,Business,1952,1,1,1,1,5,3,1,5,5,5,5,2,2,2.85,30,48,TRUE
Female,Disloyal Customer,22,Business Travel,Business,954,3,3,2,4,1,2,1,1,3,4,4,2,1,2.38,0,0,FALSE
Female,Loyal Customer,48,Business Travel,Business,2791,1,1,1,1,2,4,4,4,4,4,4,5,4,3,4,7,TRUE
Female,Disloyal Customer,24,Business Travel,Eco,409,4,0,4,4,2,4,2,2,4,5,4,4,2,3.15,0,0,TRUE
Male,Loyal Customer,43,Personal Travel,Eco,679,1,5,1,2,2,1,2,2,4,3,4,5,2,2.62,0,11,FALSE
Female,Loyal Customer,38,Personal Travel,Eco,2149,4,5,4,5,4,2,2,5,3,4,5,2,2,3.62,0,20,FALSE
Female,Loyal Customer,22,Personal Travel,Eco,1199,2,2,2,4,1,2,1,1,2,3,3,3,1,2.08,55,82,FALSE
Female,Disloyal Customer,39,Business Travel,Business,442,2,2,2,1,5,2,5,5,4,2,4,4,5,3.31,2,0,FALSE
Female,Loyal Customer,41,Business Travel,Business,457,2,2,2,2,2,4,5,4,4,4,4,3,4,3.23,24,27,TRUE
Male,Loyal Customer,58,Personal Travel,Business,1440,5,4,5,4,4,5,4,5,5,5,3,3,5,4.38,14,14,TRUE
Female,Loyal Customer,49,Business Travel,Business,3980,0,0,0,4,4,5,4,2,2,2,2,3,4,2.46,0,0,TRUE
Female,Disloyal Customer,20,Business Travel,Eco,284,1,3,1,3,1,4,4,1,1,3,4,4,4,2.62,183,176,FALSE
Female,Loyal Customer,60,Personal Travel,Eco,1072,3,5,3,4,3,5,5,5,5,3,5,3,4,4.08,9,2,FALSE
Male,Disloyal Customer,54,Business Travel,Eco,878,4,4,4,4,4,4,4,4,3,1,3,4,4,3.62,0,0,TRUE
Male,Loyal Customer,43,Business Travel,Business,493,1,1,1,1,4,5,1,5,5,5,5,2,5,3.15,0,0,TRUE
Female,Loyal Customer,37,Business Travel,Business,3755,1,1,1,1,4,4,5,4,4,4,4,5,3,3.15,30,74,TRUE
Male,Loyal Customer,26,Business Travel,Business,826,1,1,4,1,4,4,4,4,3,4,5,3,4,3.23,0,0,TRUE
Male,Disloyal Customer,22,Business Travel,Eco,895,4,4,4,2,2,4,2,2,3,4,5,3,2,3.15,7,0,FALSE
Male,Disloyal Customer,19,Business Travel,Eco,200,2,0,3,2,1,3,1,1,2,3,4,1,1,1.85,0,0,FALSE
Male,Loyal Customer,67,Personal Travel,Eco,1211,4,4,4,3,2,4,2,2,1,5,4,2,2,3,8,13,FALSE
Male,Loyal Customer,47,Business Travel,Business,2253,4,4,4,4,5,5,4,5,5,5,5,4,3,4.38,0,0,TRUE
Female,Loyal Customer,24,Business Travel,Business,2381,4,2,4,4,5,5,5,5,3,5,5,4,5,4.31,31,11,TRUE
Male,Loyal Customer,53,Business Travel,Business,325,5,5,5,5,5,4,5,5,5,5,5,3,5,4.77,0,0,TRUE
Female,Loyal Customer,25,Personal Travel,Eco Plus,692,4,4,4,2,4,4,4,4,5,4,4,3,4,3.85,0,0,FALSE
Female,Loyal Customer,46,Personal Travel,Eco,188,3,4,3,3,3,5,4,2,2,3,2,3,4,3.15,3,0,FALSE
Male,Loyal Customer,33,Business Travel,Business,2419,2,2,2,2,4,4,4,4,4,2,5,5,4,3.38,0,0,TRUE
Male,Loyal Customer,30,Business Travel,Eco,542,5,3,1,3,5,4,5,5,2,3,1,2,5,3.38,8,12,TRUE
Female,Loyal Customer,44,Business Travel,Business,872,2,2,2,2,3,5,4,4,4,4,4,3,3,3.23,0,2,TRUE
Female,Loyal Customer,39,Business Travel,Business,624,2,2,2,2,4,3,2,2,2,2,2,2,2,2.23,26,33,FALSE
Female,Loyal Customer,57,Business Travel,Business,1590,3,3,3,3,4,4,4,5,4,4,5,4,4,3.85,146,164,TRUE
Female,Disloyal Customer,24,Business Travel,Eco,391,2,3,2,2,3,2,3,3,4,3,5,4,3,3,2,0,FALSE
Male,Loyal Customer,9,Personal Travel,Eco,1744,1,4,1,3,4,1,4,4,3,2,5,5,4,3.15,0,0,FALSE
Male,Disloyal Customer,20,Business Travel,Eco,972,2,2,2,4,4,2,4,4,4,5,4,3,4,3.38,0,0,FALSE
Female,Loyal Customer,23,Personal Travel,Eco,862,2,5,2,4,3,2,1,3,3,5,4,5,3,3.23,0,0,FALSE
Female,Loyal Customer,56,Business Travel,Eco,642,3,5,5,5,5,4,4,2,2,3,2,3,3,3.54,0,0,FALSE
Female,Disloyal Customer,24,Business Travel,Eco,369,2,0,2,5,5,2,1,5,5,3,5,3,5,3.31,28,27,FALSE
Male,Loyal Customer,44,Personal Travel,Eco,2586,4,5,5,2,1,5,1,1,4,1,3,1,1,2.62,0,0,TRUE
Female,Loyal Customer,46,Business Travel,Business,2106,4,4,4,4,2,5,2,5,5,5,5,1,1,3.62,72,74,TRUE
Male,Loyal Customer,22,Personal Travel,Eco,505,2,1,2,2,5,2,5,5,3,2,3,1,5,2.92,0,0,FALSE
Male,Loyal Customer,51,Business Travel,Business,711,3,3,3,3,5,5,5,5,5,5,5,5,5,4.38,0,0,TRUE
Male,Loyal Customer,57,Business Travel,Business,2035,0,5,0,5,3,5,5,2,2,2,2,5,3,3,0,36,TRUE
Male,Loyal Customer,33,Personal Travel,Eco,528,3,2,3,3,4,3,4,4,2,4,4,1,4,3.15,22,19,FALSE
Female,Loyal Customer,44,Business Travel,Business,2475,2,2,2,2,3,4,5,4,4,5,4,5,5,3.62,18,0,TRUE
Male,Disloyal Customer,25,Business Travel,Business,1024,1,5,1,1,5,1,5,5,5,3,4,5,5,3.54,0,8,FALSE
Female,Loyal Customer,48,Business Travel,Eco,500,2,2,2,2,2,4,4,2,2,2,2,1,2,2.23,40,40,FALSE
Female,Disloyal Customer,29,Business Travel,Eco Plus,744,3,3,3,5,4,3,4,4,4,5,3,1,4,3.54,1,2,FALSE
Female,Loyal Customer,60,Personal Travel,Eco,496,5,5,4,1,2,4,4,2,2,4,2,3,5,3.31,0,0,TRUE
Female,Loyal Customer,14,Personal Travel,Eco,1460,3,5,3,3,4,3,4,4,4,3,5,4,4,3.77,5,0,FALSE
Male,Loyal Customer,30,Business Travel,Business,1379,1,5,5,5,1,1,1,1,3,5,3,1,1,2.54,30,32,FALSE
Male,Disloyal Customer,23,Business Travel,Business,1105,4,0,4,4,1,4,1,1,4,2,4,5,1,2.69,0,0,TRUE
Male,Loyal Customer,31,Personal Travel,Business,984,3,3,3,3,2,3,5,2,5,1,5,2,2,3,0,0,FALSE
Male,Loyal Customer,33,Business Travel,Business,2753,0,5,0,3,5,5,5,5,5,3,4,5,5,3.85,0,0,TRUE
Female,Loyal Customer,24,Personal Travel,Eco,248,1,5,0,4,2,0,2,2,3,3,5,3,2,2.46,1,0,FALSE
Male,Loyal Customer,42,Business Travel,Business,2342,1,1,1,1,4,4,4,3,2,3,5,4,4,2.85,13,9,TRUE
Male,Loyal Customer,42,Personal Travel,Eco,1235,1,4,1,2,5,1,1,5,2,3,4,1,5,2.69,0,0,FALSE
Female,Loyal Customer,54,Personal Travel,Eco,759,3,4,3,4,5,4,4,1,1,3,1,4,1,2.92,0,0,FALSE
Female,Disloyal Customer,23,Business Travel,Eco Plus,624,3,1,3,3,2,3,4,2,2,2,3,2,2,2.46,0,0,FALSE
Female,Disloyal Customer,30,Business Travel,Business,451,2,2,2,4,5,2,3,5,1,4,3,1,5,3,0,11,FALSE
Male,Disloyal Customer,19,Business Travel,Eco,921,0,0,0,2,5,0,4,5,3,2,5,5,5,2.77,0,0,TRUE
Male,Loyal Customer,53,Personal Travel,Eco,612,2,5,2,1,3,2,3,3,5,5,5,4,3,3.31,2,5,FALSE
Male,Loyal Customer,37,Business Travel,Eco,1076,4,1,4,1,4,4,4,4,1,4,3,5,4,3.31,0,0,TRUE
Male,Disloyal Customer,29,Business Travel,Business,2342,2,2,2,1,4,2,4,4,3,5,3,3,4,3,0,0,FALSE
Female,Disloyal Customer,26,Business Travel,Eco,1598,4,4,4,2,1,4,1,1,3,3,2,3,1,2.54,6,0,FALSE
Male,Loyal Customer,54,Business Travel,Business,2279,2,2,2,2,2,5,5,5,5,5,5,4,4,3.69,0,13,TRUE
Female,Loyal Customer,62,Business Travel,Eco,786,1,2,2,2,1,4,4,1,1,1,1,2,2,1.85,0,0,FALSE
Male,Disloyal Customer,56,Personal Travel,Eco,845,3,5,3,1,1,3,1,1,4,4,5,3,1,2.69,0,0,FALSE
Female,Loyal Customer,44,Personal Travel,Business,862,3,3,3,3,2,4,3,5,5,3,5,2,1,3.23,13,0,FALSE
Female,Loyal Customer,80,Business Travel,Business,2858,1,1,1,1,5,3,4,1,1,1,1,3,3,2,0,0,FALSE
Male,Loyal Customer,27,Business Travel,Eco,479,0,0,0,4,1,0,1,1,2,2,2,1,1,1.15,0,0,TRUE
Female,Loyal Customer,49,Personal Travel,Eco,351,1,5,1,3,2,5,4,3,3,1,3,5,5,3.15,0,0,FALSE
Female,Loyal Customer,30,Personal Travel,Eco Plus,370,3,4,3,4,4,3,4,4,1,2,1,1,4,2.92,13,92,FALSE
Female,Disloyal Customer,22,Business Travel,Business,594,1,3,1,4,1,1,1,1,1,1,4,2,1,1.69,12,9,FALSE
Female,Loyal Customer,50,Business Travel,Eco,86,2,2,2,2,3,1,1,2,2,2,2,1,1,1.77,0,0,FALSE
Male,Loyal Customer,53,Personal Travel,Eco,532,3,4,3,2,1,3,1,1,4,4,5,4,1,2.77,0,0,FALSE
Male,Loyal Customer,68,Personal Travel,Eco,517,1,5,1,5,5,1,5,5,5,5,5,4,5,4,0,0,FALSE
Male,Loyal Customer,44,Business Travel,Business,304,5,5,5,5,3,5,5,5,5,5,5,5,3,4.69,49,55,TRUE
Male,Loyal Customer,58,Business Travel,Business,316,3,1,4,4,4,3,3,3,3,3,3,2,3,3,4,5,FALSE
Male,Loyal Customer,33,Business Travel,Business,541,5,5,5,5,2,2,2,2,3,3,3,5,2,3.38,0,0,TRUE
Female,Disloyal Customer,38,Business Travel,Business,1652,3,3,3,4,5,3,5,5,3,3,5,5,5,4,0,0,FALSE
Male,Loyal Customer,23,Business Travel,Eco Plus,531,4,2,2,2,4,4,1,4,2,2,3,4,4,2.92,3,0,FALSE
Male,Loyal Customer,25,Personal Travel,Eco,108,3,2,3,2,5,3,3,5,3,2,3,1,5,3.08,0,0,FALSE
Female,Disloyal Customer,40,Business Travel,Business,1814,3,3,3,3,1,3,1,1,5,5,3,3,1,2.69,0,0,FALSE
Female,Loyal Customer,56,Business Travel,Eco,1747,4,1,1,1,1,2,3,4,4,4,4,1,4,2.62,0,0,FALSE
Female,Loyal Customer,18,Personal Travel,Eco,583,2,5,2,3,5,2,5,5,5,4,5,3,5,3.92,37,26,FALSE
Female,Loyal Customer,60,Personal Travel,Eco Plus,980,2,5,2,4,2,3,3,4,4,4,4,3,3,3.31,126,168,FALSE
Male,Disloyal Customer,16,Business Travel,Eco,787,3,3,3,4,3,3,3,3,1,3,4,1,3,2.85,16,4,FALSE
Female,Disloyal Customer,51,Business Travel,Eco,594,3,4,3,3,4,3,4,4,4,1,3,4,4,3.38,2,1,FALSE
Female,Loyal Customer,56,Personal Travel,Eco Plus,711,1,2,1,4,2,4,3,4,4,1,4,2,1,2.54,0,13,FALSE
Female,Loyal Customer,50,Business Travel,Business,528,2,4,4,4,3,4,3,2,2,2,2,2,1,2.69,24,16,FALSE
Male,Loyal Customer,17,Personal Travel,Eco Plus,612,4,4,4,3,3,4,3,3,1,1,3,2,3,2.92,0,0,FALSE
Female,Loyal Customer,35,Personal Travel,Eco,515,2,4,4,5,1,4,1,1,3,3,4,5,1,2.92,0,0,FALSE
Male,Loyal Customer,55,Business Travel,Eco,2614,4,1,1,1,5,4,5,5,1,3,5,1,5,3.15,1,1,TRUE
Female,Loyal Customer,51,Business Travel,Eco,859,2,4,4,4,2,2,2,1,4,3,4,2,2,2.77,132,119,FALSE
Male,Loyal Customer,30,Personal Travel,Eco,643,3,4,2,3,2,2,2,2,4,4,4,3,2,2.85,20,28,FALSE
Female,Loyal Customer,63,Business Travel,Eco,1069,5,4,4,4,4,4,5,5,5,5,5,1,5,4.31,26,17,TRUE
Male,Loyal Customer,46,Business Travel,Business,581,3,3,3,3,5,4,5,5,5,5,5,1,2,3.77,0,0,TRUE
Male,Loyal Customer,35,Personal Travel,Eco,895,4,5,4,1,3,4,3,3,3,3,2,4,3,3.23,0,0,FALSE
Male,Disloyal Customer,38,Business Travel,Eco,606,2,0,2,3,4,2,1,4,5,1,1,2,4,2.38,29,32,FALSE
Male,Loyal Customer,13,Business Travel,Business,1616,2,2,2,2,4,4,4,4,5,5,5,5,4,3.69,0,0,TRUE
Female,Loyal Customer,18,Personal Travel,Eco,571,1,4,1,1,2,1,2,2,5,2,4,3,2,2.31,0,0,FALSE
Female,Loyal Customer,47,Business Travel,Eco,500,4,1,1,1,2,3,1,3,3,4,3,4,5,2.69,0,0,TRUE
Female,Loyal Customer,11,Business Travel,Eco,2576,0,5,0,5,0,5,5,1,2,5,5,5,5,3.31,160,,TRUE
Male,Loyal Customer,59,Business Travel,Eco,304,3,4,5,5,4,3,4,4,2,1,4,2,4,3.46,0,6,TRUE
Male,Loyal Customer,35,Personal Travel,Eco,594,2,3,3,3,2,3,2,2,3,2,5,4,2,2.77,10,1,FALSE
Female,Loyal Customer,15,Personal Travel,Eco,1020,3,1,3,2,4,3,4,4,3,4,3,1,4,3,15,46,FALSE
Female,Loyal Customer,68,Business Travel,Eco,414,1,5,5,5,2,3,4,1,1,1,1,3,1,2.54,0,2,FALSE
Female,Loyal Customer,47,Business Travel,Business,842,3,3,1,3,4,5,5,4,4,4,4,5,5,3.85,7,15,TRUE
Male,Loyal Customer,59,Business Travel,Business,3568,4,2,2,2,2,4,3,4,4,4,4,1,2,2.92,2,0,FALSE
Female,Loyal Customer,37,Business Travel,Eco,481,4,3,3,3,4,4,4,4,1,5,1,4,4,3.38,0,14,TRUE
Female,Loyal Customer,7,Personal Travel,Eco,1211,2,3,2,3,2,2,2,2,1,2,3,3,2,2.23,88,78,FALSE
Male,Loyal Customer,44,Business Travel,Business,3113,2,2,2,2,4,5,5,4,4,4,4,1,1,3.08,3,0,TRUE
Female,Loyal Customer,22,Business Travel,Business,1562,2,3,3,3,2,2,2,2,4,4,3,3,2,2.69,34,20,FALSE
Male,Disloyal Customer,41,Business Travel,Eco,404,2,1,2,2,3,2,3,3,4,5,3,4,3,2.85,0,0,FALSE
Female,Loyal Customer,45,Business Travel,Business,528,5,5,5,5,5,5,4,5,5,5,5,5,3,4.77,79,68,TRUE
Male,Loyal Customer,38,Business Travel,Business,2976,0,0,0,1,1,2,2,5,5,5,5,2,4,2.46,0,0,TRUE
Male,Loyal Customer,53,Business Travel,Business,234,0,0,0,4,3,4,5,2,2,2,2,3,5,2.46,0,0,TRUE
Female,Loyal Customer,33,Business Travel,Business,1464,3,3,3,3,5,5,5,4,4,4,4,3,5,3.92,47,42,TRUE
Male,Loyal Customer,73,Business Travel,Eco,689,3,3,3,3,3,3,3,3,1,4,4,2,3,2.92,14,23,FALSE
Female,Loyal Customer,15,Personal Travel,Eco,1400,1,4,1,4,2,1,2,2,2,3,2,5,2,2.38,0,0,FALSE
Female,Loyal Customer,17,Personal Travel,Eco,2182,3,2,3,2,3,3,3,3,4,4,2,1,3,2.77,1,14,FALSE
Female,Loyal Customer,59,Business Travel,Business,1988,2,2,2,2,4,4,4,4,4,4,4,4,3,3.31,114,106,TRUE
Male,Loyal Customer,47,Business Travel,Business,452,2,2,2,2,2,4,4,5,5,5,5,5,3,3.54,32,21,TRUE
Female,Loyal Customer,39,Business Travel,Business,3518,1,1,1,1,4,5,4,4,4,5,4,5,5,3.38,31,26,TRUE
Female,Disloyal Customer,37,Business Travel,Eco,251,2,4,2,3,2,2,2,2,3,1,4,3,2,2.46,0,0,FALSE
Male,Loyal Customer,24,Business Travel,Eco,251,2,3,3,3,2,2,1,2,2,5,3,4,2,2.62,0,0,FALSE
Male,Loyal Customer,47,Personal Travel,Eco,440,3,5,3,3,2,3,1,2,5,4,4,3,2,3.08,70,70,FALSE
Female,Loyal Customer,59,Business Travel,Business,3517,1,1,1,1,5,5,5,5,5,5,5,3,4,3.54,0,0,TRUE
Female,Loyal Customer,19,Personal Travel,Business,438,1,1,3,4,2,3,2,2,2,1,3,1,2,2.08,0,0,FALSE
Male,Loyal Customer,45,Business Travel,Business,1823,1,1,1,1,5,4,4,4,4,5,4,4,4,3.23,5,0,TRUE
Female,Disloyal Customer,20,Business Travel,Eco,829,3,3,3,1,2,3,2,2,5,5,5,5,2,3.15,10,10,FALSE
Female,Disloyal Customer,31,Business Travel,Eco,933,1,0,0,3,2,0,2,2,4,4,3,3,2,2,0,0,FALSE
Female,Loyal Customer,67,Personal Travel,Eco,404,1,5,1,3,5,5,5,1,1,1,1,3,3,2.69,0,0,FALSE
Male,Loyal Customer,60,Business Travel,Eco,628,3,1,1,1,3,3,3,3,1,5,2,1,3,2.31,23,33,FALSE
Male,Loyal Customer,14,Personal Travel,Eco,188,1,5,1,4,1,5,5,5,3,4,5,5,5,3.77,148,129,FALSE
Male,Loyal Customer,11,Personal Travel,Eco Plus,516,3,5,4,2,5,4,4,5,4,4,1,2,5,3.69,0,22,FALSE
Female,Loyal Customer,40,Personal Travel,Eco,282,2,3,2,3,4,2,4,4,2,1,4,2,4,2.85,10,6,FALSE
Male,Loyal Customer,30,Business Travel,Eco,2475,4,2,2,2,4,4,4,1,2,4,4,4,4,3.15,0,3,FALSE
Male,Loyal Customer,43,Business Travel,Business,2724,4,4,5,4,1,2,2,2,2,2,2,3,2,2.69,0,0,TRUE
Female,Loyal Customer,50,Business Travel,Business,3974,4,4,4,4,4,5,5,5,5,5,5,3,3,4.31,10,0,TRUE
Male,Loyal Customer,38,Business Travel,Business,212,2,2,2,2,4,4,4,5,5,5,4,5,5,3.77,44,19,TRUE
Male,Loyal Customer,33,Business Travel,Business,862,2,2,5,2,4,4,4,4,5,2,3,2,4,3.31,15,4,TRUE
Male,Loyal Customer,39,Business Travel,Business,2865,3,2,2,2,3,2,3,3,3,3,3,3,3,2.69,13,26,FALSE
Female,Loyal Customer,21,Personal Travel,Eco,356,2,4,2,1,4,2,4,4,5,3,3,1,4,3,0,0,FALSE
Male,Loyal Customer,39,Business Travel,Business,1609,3,3,2,3,5,5,5,3,3,4,3,4,3,3.54,1,1,TRUE
Male,Loyal Customer,46,Business Travel,Business,2068,5,5,5,5,5,5,5,4,4,4,4,5,3,4.54,0,7,TRUE
Male,Disloyal Customer,26,Business Travel,Business,216,3,0,3,3,2,3,2,2,1,1,4,1,2,2.08,0,0,FALSE
Male,Loyal Customer,9,Personal Travel,Eco,89,2,4,2,1,5,2,5,5,4,3,4,5,5,3.62,0,9,FALSE
Male,Loyal Customer,53,Business Travel,Business,1208,2,2,2,2,1,4,5,3,3,4,3,4,2,2.85,0,2,TRUE
Male,Loyal Customer,60,Business Travel,Business,345,4,4,4,4,3,5,5,4,4,4,4,3,5,4.08,1,6,TRUE
Male,Loyal Customer,24,Personal Travel,Eco,306,2,4,2,3,4,2,4,4,3,3,5,3,4,3.31,4,0,FALSE
Male,Loyal Customer,55,Business Travel,Business,997,3,3,3,3,2,5,4,4,4,4,4,5,5,3.77,0,0,TRUE
Female,Loyal Customer,41,Business Travel,Eco,373,4,4,4,4,4,4,4,4,1,1,3,1,4,3.23,6,0,TRUE
Male,Loyal Customer,31,Personal Travel,Eco,622,2,4,2,1,5,2,5,5,3,3,5,4,5,3.54,2,3,FALSE
Female,Disloyal Customer,43,Business Travel,Eco,192,1,4,1,2,1,1,1,1,4,4,4,4,1,2.23,21,12,FALSE
Male,Loyal Customer,69,Personal Travel,Eco,991,3,5,4,2,2,4,2,2,3,2,4,3,2,2.92,1,4,FALSE
Female,Disloyal Customer,36,Business Travel,Business,602,4,4,4,2,5,4,5,5,4,3,4,3,5,4,57,68,FALSE
Female,Loyal Customer,45,Business Travel,Business,1276,1,1,4,1,2,4,5,4,4,4,4,3,4,3.15,7,0,TRUE
Female,Loyal Customer,13,Personal Travel,Eco Plus,2218,3,2,3,2,4,3,4,4,1,3,3,4,4,3.08,14,6,FALSE
Female,Loyal Customer,9,Personal Travel,Eco,173,5,3,5,5,3,5,3,3,3,4,3,1,3,3.54,0,0,TRUE
Female,Loyal Customer,55,Personal Travel,Eco Plus,308,3,4,3,4,2,4,3,4,4,3,4,4,4,3.54,0,0,FALSE
Female,Loyal Customer,56,Business Travel,Business,1020,5,4,5,5,2,5,4,5,5,5,5,4,4,4.46,0,0,TRUE
Female,Loyal Customer,33,Business Travel,Eco,1514,4,1,1,1,4,4,4,4,2,5,3,4,4,3.15,6,0,FALSE
Male,Loyal Customer,40,Business Travel,Business,2858,3,3,3,3,3,4,4,4,4,5,4,3,5,3.69,0,0,TRUE
Female,Loyal Customer,35,Business Travel,Eco Plus,158,3,4,4,4,3,3,3,3,4,2,4,3,3,3.31,39,32,FALSE
Male,Loyal Customer,52,Business Travel,Eco,925,3,3,3,3,3,3,3,3,4,4,3,1,3,3,0,0,FALSE
Male,Loyal Customer,68,Personal Travel,Eco,436,2,2,2,3,4,2,4,4,1,2,3,4,4,2.85,20,10,FALSE
Male,Disloyal Customer,24,Business Travel,Eco,750,4,4,4,1,1,4,1,1,5,5,5,4,1,3.08,0,0,TRUE
Male,Loyal Customer,27,Business Travel,Business,1600,2,3,3,3,2,2,2,2,3,4,4,1,2,2.54,0,0,FALSE
Female,Loyal Customer,52,Business Travel,Business,3539,1,1,1,1,4,4,4,5,5,5,5,5,4,3.46,17,12,TRUE
Female,Disloyal Customer,22,Business Travel,Eco,666,3,0,3,5,2,3,2,2,4,5,4,5,2,3.08,1,0,FALSE
Male,Loyal Customer,60,Business Travel,Business,3108,3,3,3,3,4,1,4,5,5,5,4,3,1,3.38,0,0,TRUE
Female,Loyal Customer,53,Business Travel,Business,334,1,1,1,1,5,4,5,4,4,4,4,5,5,3.38,22,39,TRUE
Male,Loyal Customer,53,Business Travel,Business,3204,1,1,4,1,5,1,4,4,4,4,4,1,2,2.77,0,0,TRUE
Female,Loyal Customer,10,Personal Travel,Eco,2248,2,5,2,2,2,2,2,2,3,4,5,4,2,2.85,24,23,FALSE
Female,Loyal Customer,43,Business Travel,Business,214,4,4,4,4,2,3,5,4,4,4,4,4,1,3.62,6,17,TRUE
Female,Loyal Customer,39,Business Travel,Business,216,3,3,3,3,5,4,5,4,4,4,4,3,4,3.77,0,0,TRUE
Female,Loyal Customer,30,Business Travel,Business,944,3,3,3,3,3,4,3,3,4,4,4,2,3,3.23,0,0,TRUE
Female,Disloyal Customer,30,Business Travel,Eco,209,1,2,1,2,3,1,3,3,4,3,3,4,3,2.54,47,59,FALSE
Female,Loyal Customer,45,Business Travel,Eco,577,3,3,3,3,1,2,2,3,3,3,3,3,4,2.77,17,20,FALSE
Female,Disloyal Customer,59,Business Travel,Business,214,4,4,4,4,5,4,5,5,5,4,5,5,5,4.54,0,0,FALSE
Female,Loyal Customer,12,Personal Travel,Eco,417,4,4,4,4,3,4,3,3,4,5,4,3,3,3.69,3,0,FALSE
Male,Loyal Customer,46,Business Travel,Business,2909,1,1,1,1,3,4,4,4,4,4,4,3,4,2.92,7,1,TRUE
Male,Loyal Customer,55,Personal Travel,Eco,1476,3,4,4,4,4,4,4,4,5,3,3,4,4,3.85,0,0,FALSE
Female,Disloyal Customer,24,Business Travel,Eco,308,3,0,3,3,3,3,3,3,5,3,4,3,3,3,0,0,FALSE
Male,Loyal Customer,56,Business Travel,Business,2197,5,5,5,5,2,5,4,4,4,4,4,5,5,4.38,0,0,TRUE
Male,Loyal Customer,49,Business Travel,Eco Plus,1660,2,5,2,5,2,2,2,2,1,3,4,4,2,2.77,0,0,FALSE
Female,Loyal Customer,58,Business Travel,Business,1752,5,5,5,5,3,5,5,3,3,3,3,4,4,4.08,23,10,TRUE
Female,Loyal Customer,20,Personal Travel,Eco,305,3,4,3,4,2,3,2,2,3,4,5,3,2,3.08,0,0,FALSE
Male,Loyal Customer,40,Personal Travel,Eco,399,2,1,2,4,5,2,5,5,4,2,4,3,5,3.38,0,0,FALSE
Male,Loyal Customer,39,Business Travel,Business,3221,1,1,1,1,3,4,5,5,5,5,5,3,3,3.23,14,10,TRUE
Female,Loyal Customer,70,Personal Travel,Eco,2239,3,5,3,4,3,5,4,5,5,3,5,3,5,4.08,0,0,FALSE
Female,Loyal Customer,36,Personal Travel,Eco,1533,3,4,3,3,1,3,1,1,4,3,4,3,1,2.62,1,0,FALSE
Female,Loyal Customer,26,Personal Travel,Eco,838,3,4,3,2,2,3,2,2,4,3,5,5,2,3.08,0,0,FALSE
Female,Loyal Customer,41,Business Travel,Eco,579,3,5,5,5,3,3,3,3,2,5,4,4,3,3.69,0,1,FALSE
Female,Loyal Customer,34,Personal Travel,Eco,361,3,5,3,3,4,3,4,4,3,2,4,5,4,3.62,94,107,FALSE
Male,Disloyal Customer,23,Business Travel,Eco,547,1,5,1,1,4,1,3,4,3,2,5,5,4,3,0,0,FALSE
Female,Disloyal Customer,30,Business Travel,Eco,384,3,3,4,4,1,4,1,1,1,5,3,2,1,2.54,30,15,FALSE
Male,Loyal Customer,37,Business Travel,Eco Plus,89,4,1,1,1,4,4,4,4,3,1,3,4,4,2.92,0,0,FALSE
Female,Loyal Customer,35,Business Travel,Business,3967,5,5,5,5,4,5,5,4,4,4,4,5,5,4.62,25,20,TRUE
Female,Loyal Customer,55,Personal Travel,Eco,148,2,3,2,4,5,3,3,4,4,2,2,4,4,3.23,25,29,FALSE
Male,Loyal Customer,52,Business Travel,Business,2144,4,4,4,4,4,4,5,4,4,5,4,4,5,4.23,0,3,TRUE
Male,Loyal Customer,25,Business Travel,Eco,515,0,4,0,1,5,0,5,5,2,4,1,5,5,2.85,20,16,TRUE
Female,Disloyal Customer,31,Business Travel,Eco Plus,1056,3,3,3,4,2,3,2,2,3,4,4,1,2,2.77,0,0,FALSE
Female,Disloyal Customer,29,Business Travel,Eco,2218,1,1,1,3,4,1,4,4,3,5,4,1,4,2.77,0,0,FALSE
Female,Loyal Customer,46,Business Travel,Business,2233,3,3,5,3,5,5,5,4,4,4,4,5,4,4.15,0,0,TRUE
Male,Loyal Customer,48,Business Travel,Eco Plus,462,2,3,3,3,2,2,2,2,4,4,3,4,2,2.77,21,17,FALSE
Male,Loyal Customer,58,Business Travel,Eco,978,4,5,5,5,4,4,4,4,2,1,4,3,4,3.77,0,0,TRUE
Female,Loyal Customer,23,Business Travel,Business,2486,5,5,5,5,5,5,5,4,2,5,5,5,5,4.69,167,167,TRUE
Female,Loyal Customer,56,Business Travel,Business,351,4,4,4,4,4,5,4,4,4,4,4,4,5,4.15,0,0,TRUE
Female,Disloyal Customer,20,Business Travel,Eco,512,3,3,3,3,3,3,5,3,3,1,4,2,3,3,34,28,FALSE
Male,Loyal Customer,60,Business Travel,Business,550,5,5,5,5,5,5,4,5,5,5,5,3,4,4.69,0,0,TRUE
Female,Disloyal Customer,27,Business Travel,Eco,2640,3,3,3,2,4,3,4,4,3,2,4,5,4,3.38,0,0,FALSE
Female,Loyal Customer,58,Business Travel,Business,1805,3,3,3,3,3,4,5,5,5,5,5,3,5,4,12,15,TRUE
Male,Disloyal Customer,38,Business Travel,Eco,86,1,4,1,1,4,1,3,4,3,2,3,3,4,2.62,0,0,FALSE
Male,Loyal Customer,35,Business Travel,Eco,1020,5,1,1,1,5,5,5,5,2,4,4,5,5,3.69,0,2,TRUE
Female,Loyal Customer,12,Personal Travel,Eco,229,2,5,2,1,5,2,5,5,3,3,4,3,5,3.46,17,14,FALSE
Female,Loyal Customer,23,Personal Travel,Eco,462,4,4,2,3,5,2,5,5,3,2,1,3,5,3.38,0,0,TRUE
Female,Loyal Customer,45,Personal Travel,Eco,237,2,1,2,2,1,2,2,2,2,2,2,4,3,2.08,24,24,FALSE
Female,Loyal Customer,10,Personal Travel,Eco,175,2,4,2,4,5,2,5,5,3,3,5,3,5,3.69,0,0,FALSE
Male,Disloyal Customer,20,Business Travel,Eco,522,3,4,3,4,4,3,4,4,2,4,1,5,4,3.46,0,0,FALSE
Female,Loyal Customer,37,Business Travel,Eco Plus,584,4,5,5,5,4,4,4,4,3,2,5,3,4,4,0,0,TRUE
Female,Loyal Customer,53,Personal Travel,Eco,1389,2,3,2,2,3,3,3,3,3,2,2,3,1,2.46,0,5,FALSE
Female,Loyal Customer,18,Personal Travel,Eco,1192,1,2,0,3,5,0,5,5,1,4,3,4,5,2.92,0,0,FALSE
Male,Disloyal Customer,27,Business Travel,Eco,475,2,5,2,4,3,2,3,3,1,3,1,3,3,2.69,0,0,FALSE
Female,Loyal Customer,49,Business Travel,Eco Plus,980,2,3,3,3,4,3,3,2,2,2,2,4,2,2.69,0,0,FALSE
Female,Loyal Customer,52,Business Travel,Business,2840,4,4,4,4,2,4,5,5,5,5,5,4,5,4.31,0,0,TRUE
Male,Disloyal Customer,23,Business Travel,Business,733,0,5,0,3,5,0,5,5,3,5,4,4,5,3.38,12,2,TRUE
Female,Loyal Customer,57,Business Travel,Business,2694,1,1,4,1,5,4,4,5,5,4,5,5,4,3.69,0,0,TRUE
Male,Disloyal Customer,24,Business Travel,Eco,1620,4,4,4,2,4,4,4,4,4,2,5,3,4,3.69,1,0,FALSE
Male,Loyal Customer,38,Personal Travel,Eco,1013,4,4,4,3,2,4,3,2,4,1,3,4,2,3.08,0,0,FALSE
Female,Loyal Customer,56,Personal Travel,Eco Plus,868,3,5,3,1,5,3,3,4,4,3,4,4,4,3.54,0,3,FALSE
Female,Loyal Customer,38,Business Travel,Business,3649,1,1,1,1,4,3,5,1,1,2,1,3,4,2.15,0,6,TRUE
Male,Loyal Customer,31,Business Travel,Business,386,1,4,4,4,1,2,1,1,4,5,1,1,1,2.31,44,46,FALSE
Female,Loyal Customer,43,Business Travel,Business,1067,1,0,0,4,5,3,4,1,1,0,1,3,2,1.92,31,45,FALSE
Male,Loyal Customer,41,Business Travel,Business,1828,4,2,2,2,2,3,3,4,4,4,4,4,4,3.23,0,0,FALSE
Male,Disloyal Customer,21,Business Travel,Eco,316,3,0,3,1,1,3,1,1,5,4,4,3,1,2.31,0,0,FALSE
Male,Loyal Customer,48,Business Travel,Business,1460,3,3,3,3,2,4,4,5,5,5,5,5,5,4,0,6,TRUE
Male,Loyal Customer,60,Business Travel,Eco,1587,4,2,2,2,4,4,4,4,3,5,4,1,4,3.31,0,0,FALSE
Female,Loyal Customer,65,Personal Travel,Eco Plus,1129,1,4,1,3,1,4,3,5,5,1,5,3,4,3.08,0,0,FALSE
Female,Loyal Customer,28,Personal Travel,Eco,252,3,4,0,4,5,0,5,5,1,1,4,4,5,3.15,0,0,FALSE
Male,Loyal Customer,64,Personal Travel,Eco,1400,4,3,3,3,1,3,1,1,1,4,4,2,1,2.38,25,0,FALSE
Female,Disloyal Customer,44,Business Travel,Business,2521,4,4,4,1,2,4,2,2,5,5,4,5,2,3.38,0,0,TRUE
Male,Loyal Customer,11,Personal Travel,Eco,359,2,5,2,2,3,2,3,3,5,4,5,5,3,3.38,0,0,FALSE
Female,Disloyal Customer,30,Business Travel,Eco,507,2,2,2,4,3,2,3,3,1,3,4,2,3,2.62,0,0,FALSE
Male,Loyal Customer,31,Personal Travel,Eco,192,4,1,4,3,3,4,3,3,4,3,4,2,3,3.15,0,0,FALSE
Female,Disloyal Customer,39,Business Travel,Business,1276,4,4,4,1,2,4,2,2,3,4,5,5,2,3.23,12,10,TRUE
Female,Loyal Customer,54,Business Travel,Business,2950,2,2,2,2,2,5,5,5,5,5,5,4,5,3.77,10,0,TRUE
Male,Loyal Customer,67,Personal Travel,Eco,391,2,4,2,4,4,2,5,4,4,1,1,2,4,3,1,19,FALSE
Male,Loyal Customer,48,Business Travel,Business,1576,1,1,1,1,5,4,4,4,4,4,4,3,3,3,0,0,TRUE
Male,Loyal Customer,47,Personal Travel,Business,602,3,4,3,3,2,3,4,4,4,3,4,3,4,3.38,18,17,FALSE
Male,Loyal Customer,41,Business Travel,Eco,1009,1,2,2,2,1,1,1,1,3,1,4,3,1,1.77,0,0,FALSE
Female,Disloyal Customer,30,Business Travel,Eco,919,3,3,3,3,1,3,1,1,3,3,4,1,1,2.31,8,15,FALSE
Female,Loyal Customer,57,Business Travel,Business,247,3,5,3,3,5,5,4,5,5,5,5,3,4,4.23,0,0,TRUE
Male,Loyal Customer,69,Personal Travel,Business,718,5,5,5,4,5,4,5,4,4,5,4,3,3,4.31,7,0,TRUE
Male,Loyal Customer,48,Business Travel,Business,1111,2,2,2,2,5,4,4,2,2,2,2,5,5,3,0,0,TRUE
Female,Loyal Customer,26,Business Travel,Business,783,2,2,2,2,5,5,5,5,3,4,5,3,5,3.69,0,0,TRUE
Female,Disloyal Customer,45,Business Travel,Business,757,5,5,5,2,4,5,4,4,3,5,4,3,4,4.08,13,5,TRUE
Male,Loyal Customer,57,Personal Travel,Eco,248,2,5,2,3,2,2,2,2,3,5,4,4,2,2.92,28,19,FALSE
Female,Loyal Customer,52,Business Travel,Eco Plus,852,5,4,4,4,5,5,5,5,5,5,5,1,2,4.23,0,0,TRUE
Female,Loyal Customer,50,Personal Travel,Eco Plus,719,1,1,2,4,3,4,3,2,2,2,2,4,2,2.46,20,22,FALSE
Female,Loyal Customer,70,Personal Travel,Eco,1222,4,4,4,1,5,2,1,3,3,4,3,4,4,3.23,0,0,FALSE
Female,Loyal Customer,24,Personal Travel,Eco Plus,991,3,4,3,1,5,3,5,5,4,2,5,5,5,3.85,0,5,FALSE
Male,Loyal Customer,29,Personal Travel,Eco,600,2,5,2,4,5,2,5,5,3,2,5,4,5,3.77,48,41,FALSE
Male,Loyal Customer,40,Business Travel,Business,1598,1,1,1,1,5,4,5,5,5,5,5,2,5,3.46,0,0,TRUE
Female,Loyal Customer,8,Personal Travel,Eco,725,2,4,2,3,2,2,2,2,4,1,3,4,2,2.54,3,0,FALSE
Female,Loyal Customer,52,Business Travel,Business,1449,1,1,1,1,4,4,4,4,4,4,4,3,3,2.92,11,9,TRUE
Female,Disloyal Customer,20,Business Travel,Eco,347,3,4,3,3,2,3,2,2,4,3,3,2,2,2.77,0,0,FALSE
Male,Loyal Customer,69,Personal Travel,Eco,354,2,4,3,3,2,3,2,2,5,2,5,5,2,3.08,15,9,FALSE
Female,Loyal Customer,29,Business Travel,Business,1235,4,4,4,4,4,4,4,4,5,3,5,4,4,4.08,97,97,TRUE
Female,Loyal Customer,22,Business Travel,Business,1645,2,3,3,3,2,2,2,2,2,1,4,3,2,2.38,0,0,FALSE
Female,Disloyal Customer,29,Business Travel,Eco,936,1,1,1,3,1,1,1,1,2,2,3,1,1,1.46,8,15,FALSE
Female,Loyal Customer,57,Business Travel,Business,1488,1,1,1,1,5,4,5,4,4,4,4,4,5,3.31,0,0,TRUE
Male,Disloyal Customer,8,Business Travel,Eco,543,4,4,4,4,3,4,3,3,4,2,4,3,3,3.46,0,0,FALSE
Female,Loyal Customer,35,Business Travel,Eco Plus,761,5,4,4,4,5,5,5,5,3,4,2,1,5,4,58,50,TRUE
Male,Loyal Customer,27,Business Travel,Business,1670,2,2,2,2,2,2,2,2,5,5,4,5,2,2.85,19,17,TRUE
Male,Disloyal Customer,19,Business Travel,Business,349,2,2,2,4,3,2,3,3,1,5,3,1,3,2.62,0,0,FALSE
Male,Loyal Customer,30,Personal Travel,Eco,1142,4,5,4,4,5,4,5,5,5,4,5,5,5,4.62,0,0,FALSE
Female,Loyal Customer,33,Business Travel,Eco,192,2,1,1,1,2,2,2,2,4,2,3,4,2,2.15,41,38,FALSE
Female,Loyal Customer,27,Business Travel,Business,1389,2,5,5,5,2,2,2,2,2,2,4,2,2,2.85,8,0,FALSE
Male,Loyal Customer,48,Personal Travel,Eco,1158,4,4,4,1,2,4,2,2,1,4,4,3,2,2.85,15,7,FALSE
Female,Loyal Customer,40,Business Travel,Business,2070,3,3,3,3,5,5,2,5,5,4,5,5,4,4,20,14,TRUE
Male,Disloyal Customer,33,Business Travel,Business,220,1,1,1,3,3,1,3,3,4,4,3,2,3,2.46,14,23,FALSE
Female,Loyal Customer,50,Business Travel,Business,2940,4,4,4,4,4,4,4,2,2,2,2,5,5,3.54,0,0,TRUE
Male,Loyal Customer,48,Personal Travel,Eco Plus,2402,2,4,2,3,5,2,5,5,3,2,5,3,5,3.54,0,0,FALSE
Female,Disloyal Customer,26,Business Travel,Business,381,2,1,1,3,1,2,2,1,3,4,3,2,2,2.08,197,206,FALSE
Male,Loyal Customer,45,Business Travel,Business,762,4,4,4,4,4,4,4,5,5,5,5,4,3,4.23,31,27,TRUE
Male,Loyal Customer,33,Business Travel,Business,2156,3,3,3,3,2,2,2,2,5,3,5,4,2,3,0,2,TRUE
Female,Loyal Customer,39,Business Travel,Eco Plus,216,5,3,3,3,5,5,5,5,3,5,5,1,5,4.08,0,0,TRUE
Male,Loyal Customer,47,Business Travel,Eco,1826,4,2,4,2,4,4,4,4,5,4,4,1,4,3.54,7,0,TRUE
Female,Loyal Customer,34,Business Travel,Eco Plus,150,3,4,4,4,3,3,3,3,3,5,4,1,3,3.31,5,7,FALSE
Male,Loyal Customer,44,Personal Travel,Eco,444,2,4,2,5,3,2,3,3,3,5,5,3,3,3.31,0,2,FALSE
Male,Loyal Customer,12,Personal Travel,Eco Plus,151,2,1,2,1,1,2,1,1,3,4,2,3,1,1.85,0,0,FALSE
Male,Loyal Customer,67,Personal Travel,Business,954,3,5,3,3,4,4,5,3,3,3,4,3,3,3.54,1,0,FALSE
Female,Disloyal Customer,37,Business Travel,Eco,495,2,0,2,1,4,2,4,4,4,2,2,4,4,2.69,58,45,FALSE
Female,Loyal Customer,55,Business Travel,Business,2773,3,3,3,3,5,5,4,5,5,5,5,5,3,4.15,37,28,TRUE
Female,Loyal Customer,42,Personal Travel,Eco,591,4,5,4,1,2,5,5,4,4,4,4,3,5,3.85,0,0,FALSE
Female,Loyal Customer,31,Business Travel,Business,3532,2,2,2,2,4,4,4,4,4,5,4,5,4,3.54,0,0,TRUE
Female,Loyal Customer,47,Personal Travel,Eco,696,0,3,0,2,2,3,5,2,2,0,2,1,4,2,0,0,TRUE
Male,Loyal Customer,9,Personal Travel,Eco,1067,2,4,2,5,4,2,4,4,3,4,5,3,4,3.54,0,0,FALSE
Male,Loyal Customer,45,Business Travel,Business,806,5,5,5,5,2,4,5,4,4,4,4,5,5,4.38,0,20,TRUE
Male,Disloyal Customer,23,Business Travel,Eco,771,3,2,2,3,2,3,4,2,4,5,4,5,2,3.15,0,0,FALSE
Female,Loyal Customer,38,Personal Travel,Eco,337,1,1,1,3,4,1,4,4,3,2,4,2,4,2.62,64,73,FALSE
Male,Loyal Customer,54,Personal Travel,Eco,406,0,4,0,3,2,0,2,2,3,5,4,4,2,2.38,0,0,TRUE
Male,Disloyal Customer,39,Business Travel,Business,317,5,5,5,3,3,5,2,3,4,5,4,4,3,3.92,21,12,TRUE
Male,Loyal Customer,46,Business Travel,Business,2342,5,5,5,5,4,4,4,5,4,3,5,4,4,4.38,0,0,TRUE
Female,Loyal Customer,53,Business Travel,Eco,524,3,5,5,5,5,3,4,3,3,3,3,4,2,3.69,0,0,FALSE
Female,Loyal Customer,58,Business Travel,Business,2893,2,2,2,2,2,5,4,5,5,5,5,5,3,3.62,0,0,TRUE
Male,Disloyal Customer,42,Business Travel,Business,2425,4,4,4,1,4,5,3,5,5,5,5,3,3,3.92,348,300,TRUE
Female,Loyal Customer,41,Personal Travel,Eco,628,4,4,4,2,4,4,4,4,3,5,4,3,4,3.77,52,49,FALSE
Male,Loyal Customer,17,Personal Travel,Eco,361,2,4,2,4,2,2,4,2,4,4,5,5,2,3.23,0,6,FALSE
Male,Loyal Customer,62,Personal Travel,Eco,762,3,5,3,2,5,3,5,5,4,4,5,5,5,4.15,0,0,FALSE
Male,Loyal Customer,7,Personal Travel,Eco,1733,3,4,3,2,2,3,2,2,5,3,3,5,2,3,68,93,FALSE
Female,Disloyal Customer,36,Business Travel,Business,460,2,2,2,4,2,2,2,2,4,4,4,3,2,2.69,32,7,FALSE
Male,Loyal Customer,57,Personal Travel,Eco,383,3,3,3,3,4,3,4,4,4,2,4,3,4,3.38,56,66,FALSE
Male,Loyal Customer,22,Personal Travel,Business,612,2,4,2,3,1,2,1,1,5,5,4,3,1,2.62,8,4,FALSE
Male,Loyal Customer,48,Business Travel,Business,2868,5,5,1,5,5,5,5,5,5,5,5,3,5,4.54,3,0,TRUE
Female,Loyal Customer,40,Business Travel,Business,844,5,5,5,5,4,5,3,3,3,4,3,1,3,3.77,4,0,TRUE
Female,Loyal Customer,49,Business Travel,Business,948,5,5,5,5,3,4,4,5,5,5,5,4,3,4.46,0,0,TRUE
Female,Loyal Customer,9,Personal Travel,Eco,1475,3,1,3,2,3,3,3,3,4,1,3,2,3,2.62,0,11,FALSE
Female,Loyal Customer,41,Business Travel,Business,2636,2,3,4,3,3,4,3,2,2,2,2,1,4,2.69,33,16,FALSE
Male,Loyal Customer,40,Business Travel,Eco,89,5,2,2,2,5,5,5,5,4,1,4,1,5,3.54,0,0,TRUE
Male,Disloyal Customer,38,Business Travel,Business,221,3,3,3,3,4,3,4,4,5,1,4,1,4,3.23,0,0,FALSE
Female,Loyal Customer,34,Business Travel,Business,2919,2,1,1,1,3,2,2,2,2,2,2,3,2,1.92,25,6,FALSE
Male,Loyal Customer,54,Business Travel,Business,304,3,1,1,1,2,3,3,3,3,3,3,3,4,2.54,0,3,FALSE
Male,Loyal Customer,24,Personal Travel,Eco,458,2,4,3,2,3,3,3,3,3,5,5,5,3,3.38,2,11,FALSE
Male,Loyal Customer,46,Personal Travel,Eco,522,4,5,2,4,1,2,1,1,3,4,5,5,1,2.92,10,6,FALSE
Female,Loyal Customer,33,Business Travel,Business,2454,3,5,3,3,2,5,5,4,4,4,4,4,5,3.92,0,0,TRUE
Male,Disloyal Customer,27,Business Travel,Eco,833,2,3,3,3,3,3,3,1,2,4,4,3,3,2.85,209,191,FALSE
Male,Loyal Customer,51,Business Travel,Business,3395,3,3,3,3,4,4,5,5,5,5,5,5,5,4.23,0,4,TRUE
Female,Loyal Customer,54,Personal Travel,Eco,2288,2,1,2,2,3,1,2,2,2,2,2,1,1,1.77,0,0,FALSE
Male,Disloyal Customer,28,Business Travel,Business,931,1,2,2,2,4,2,4,4,3,4,5,3,4,3.08,0,0,FALSE
Female,Loyal Customer,43,Business Travel,Business,3455,4,4,4,4,2,5,4,4,4,4,4,4,5,4,20,21,TRUE
Male,Loyal Customer,48,Business Travel,Eco Plus,1041,3,1,1,1,3,3,3,2,1,4,3,3,3,2.38,118,134,FALSE
Female,Loyal Customer,7,Personal Travel,Eco,692,3,4,3,2,1,3,1,1,5,2,5,3,1,2.62,0,23,FALSE
Female,Loyal Customer,45,Business Travel,Business,2737,4,4,5,4,2,4,5,5,5,4,5,4,4,4.23,0,0,TRUE
Female,Loyal Customer,29,Personal Travel,Eco,2253,3,4,3,5,4,3,4,4,4,3,5,5,4,3.92,15,17,FALSE
Male,Loyal Customer,51,Business Travel,Eco,1235,1,5,5,5,1,1,1,1,3,4,3,3,1,2.62,0,7,FALSE
Male,Loyal Customer,24,Business Travel,Eco,643,4,3,3,3,4,4,3,4,4,2,2,4,4,3.38,0,0,TRUE
Male,Disloyal Customer,24,Business Travel,Eco,646,4,0,4,5,1,4,1,1,5,5,4,5,1,3.08,19,25,TRUE
Female,Disloyal Customer,36,Business Travel,Business,861,4,4,4,1,4,4,4,4,3,2,4,3,4,3.46,0,0,FALSE
Female,Loyal Customer,42,Business Travel,Business,1608,2,3,2,2,2,4,4,3,3,3,3,4,3,2.92,1,1,TRUE
Male,Loyal Customer,54,Personal Travel,Eco Plus,283,3,2,3,3,5,3,5,5,1,3,4,4,5,3.54,12,4,FALSE
Male,Loyal Customer,43,Business Travel,Eco,588,5,2,2,2,5,5,5,5,4,2,1,5,5,3.69,50,38,TRUE
Female,Disloyal Customer,20,Business Travel,Eco,977,1,1,1,4,3,1,3,3,2,4,3,2,3,2.38,0,0,FALSE
Female,Loyal Customer,51,Personal Travel,Eco,354,4,3,2,5,4,5,5,2,2,2,2,1,1,2.92,0,0,FALSE
Female,Loyal Customer,51,Business Travel,Business,215,4,4,4,4,3,4,5,5,5,4,5,4,3,4.15,0,0,TRUE
Male,Loyal Customer,50,Business Travel,Business,3675,3,3,1,3,2,5,5,5,5,5,5,3,3,3.69,0,0,TRUE
Male,Disloyal Customer,43,Business Travel,Business,338,3,3,3,3,3,3,3,3,5,2,4,4,3,3.23,0,0,TRUE
Male,Disloyal Customer,37,Business Travel,Business,899,3,3,3,4,5,3,5,5,4,4,5,5,5,4.15,0,0,FALSE
Male,Loyal Customer,58,Business Travel,Business,1572,3,2,2,2,3,3,4,3,3,3,3,2,3,2.77,33,34,FALSE
Male,Disloyal Customer,26,Business Travel,Business,522,5,5,5,4,1,5,1,1,3,2,5,5,1,3.31,45,46,TRUE
Female,Loyal Customer,70,Personal Travel,Eco,925,3,5,3,3,2,4,4,3,3,3,3,3,3,3.23,0,0,FALSE
Female,Loyal Customer,53,Personal Travel,Eco,140,4,4,4,4,3,5,5,2,2,4,2,3,5,3.62,0,0,TRUE
Female,Disloyal Customer,38,Business Travel,Business,2311,2,2,2,5,3,2,2,3,5,4,5,4,3,3.23,0,0,FALSE
Male,Loyal Customer,56,Business Travel,Business,1306,3,3,3,3,4,5,5,5,5,5,5,3,5,4.15,0,0,TRUE
Female,Loyal Customer,47,Personal Travel,Eco Plus,283,4,4,4,2,4,5,4,5,5,4,4,4,4,4.08,37,31,TRUE
Male,Loyal Customer,20,Business Travel,Business,3784,3,1,4,1,3,3,3,3,3,1,4,3,3,2.69,65,92,FALSE
Female,Loyal Customer,56,Business Travel,Business,802,2,2,2,2,2,5,4,5,5,5,5,3,3,3.46,0,0,TRUE
Male,Loyal Customer,45,Business Travel,Business,1475,1,1,3,1,4,4,4,4,4,4,4,5,3,3.23,0,0,TRUE
Male,Loyal Customer,54,Business Travel,Eco,244,4,5,5,5,3,4,3,3,4,1,2,4,3,3.54,0,0,TRUE
Male,Loyal Customer,53,Business Travel,Business,192,5,5,5,5,4,4,4,5,5,5,4,5,4,4.62,0,0,TRUE
Male,Loyal Customer,54,Business Travel,Business,1622,3,3,3,3,2,4,4,5,5,5,4,4,5,3.85,0,0,TRUE
Male,Loyal Customer,39,Business Travel,Business,1961,2,2,2,2,5,4,4,5,5,5,5,3,3,3.62,71,73,TRUE
Male,Loyal Customer,24,Business Travel,Business,1547,2,1,1,1,2,2,2,2,1,4,2,3,2,1.92,0,0,FALSE
Female,Loyal Customer,36,Business Travel,Business,101,5,5,5,5,5,1,5,4,4,4,4,4,3,4.15,0,0,TRUE
Female,Loyal Customer,33,Business Travel,Business,1069,2,2,2,2,2,4,4,4,4,5,4,5,3,3.31,0,0,TRUE
Female,Disloyal Customer,27,Business Travel,Eco,927,2,2,2,3,4,2,4,4,4,4,4,1,4,3.08,89,103,FALSE
Female,Loyal Customer,70,Personal Travel,Eco Plus,1846,1,4,2,1,2,4,5,3,3,2,3,3,4,2.85,0,0,FALSE
Male,Loyal Customer,24,Business Travel,Business,1785,3,3,3,3,5,5,5,5,5,3,5,4,5,4.15,0,10,TRUE
Female,Disloyal Customer,18,Business Travel,Business,2182,5,0,5,2,5,5,5,5,4,4,3,5,5,4.08,0,0,TRUE
Female,Loyal Customer,18,Business Travel,Business,3157,3,3,2,2,3,3,3,3,3,4,3,1,3,2.77,0,0,FALSE
Male,Loyal Customer,42,Business Travel,Eco Plus,347,5,5,5,5,5,5,5,5,1,5,2,4,5,4.38,0,0,TRUE
Female,Loyal Customer,52,Business Travel,Business,539,4,4,1,4,3,5,4,2,2,2,2,3,5,3.15,6,1,TRUE
Male,Loyal Customer,52,Personal Travel,Eco,1072,4,4,5,3,2,5,2,2,4,5,5,5,2,3.69,1,0,FALSE
Female,Loyal Customer,38,Personal Travel,Eco,364,1,5,1,2,2,1,2,2,5,3,4,4,2,2.62,0,12,FALSE
Female,Disloyal Customer,25,Business Travel,Business,1014,5,4,5,2,2,5,5,2,4,4,4,5,2,3.77,52,39,TRUE
Male,Disloyal Customer,26,Business Travel,Business,226,5,2,5,3,1,5,1,1,4,5,5,3,1,3.15,0,2,TRUE
Female,Disloyal Customer,35,Business Travel,Eco,663,4,1,4,3,1,4,1,1,3,1,4,4,1,2.46,0,3,FALSE
Male,Disloyal Customer,44,Business Travel,Business,282,2,2,2,4,2,2,2,2,3,3,4,1,2,2.38,15,21,FALSE
Female,Loyal Customer,65,Business Travel,Business,606,5,5,5,5,4,5,5,5,5,5,5,4,5,4.85,0,0,TRUE
Female,Loyal Customer,38,Business Travel,Business,2504,1,1,1,1,3,4,5,5,5,5,5,4,4,3.38,0,0,TRUE
Male,Disloyal Customer,37,Business Travel,Eco,1247,3,3,3,2,3,3,3,3,3,4,2,3,3,2.92,0,13,FALSE
Female,Loyal Customer,16,Business Travel,Eco Plus,867,4,1,3,1,4,4,2,4,1,4,3,4,4,3,0,0,FALSE
Male,Loyal Customer,24,Business Travel,Business,1009,5,5,5,5,2,2,2,2,5,2,4,3,2,3.38,6,0,TRUE
Male,Loyal Customer,53,Business Travel,Business,1521,1,1,1,1,2,4,4,4,4,4,4,4,3,2.85,3,0,TRUE
Female,Loyal Customer,29,Personal Travel,Eco,589,2,4,2,3,4,2,4,4,5,4,4,3,4,3.46,11,0,FALSE
Female,Loyal Customer,52,Personal Travel,Eco,680,5,4,5,1,4,4,5,1,1,5,1,3,4,3.31,0,0,TRUE
Male,Disloyal Customer,27,Business Travel,Eco,590,0,0,0,5,5,0,5,5,1,5,2,2,5,2.69,0,3,TRUE
Male,Loyal Customer,34,Business Travel,Business,1809,3,3,5,3,3,3,3,4,4,4,4,5,3,3.62,29,16,TRUE
Female,Loyal Customer,40,Personal Travel,Eco,248,3,5,0,4,4,0,5,4,3,5,4,5,4,3.54,0,0,FALSE
Male,Loyal Customer,46,Business Travel,Eco,1107,1,4,4,4,2,1,2,2,3,3,3,2,2,2.54,0,0,FALSE
Male,Loyal Customer,61,Personal Travel,Eco,239,2,5,2,1,4,2,4,4,4,5,2,4,4,3.31,3,0,FALSE
Female,Disloyal Customer,42,Business Travel,Eco,692,5,5,5,5,5,5,5,5,4,1,5,2,5,4.38,0,0,TRUE
Male,Loyal Customer,45,Business Travel,Eco,201,2,2,2,2,1,2,1,1,4,3,4,3,1,2.15,0,0,FALSE
Female,Loyal Customer,17,Personal Travel,Eco,1076,3,3,3,4,3,3,3,3,3,4,4,3,3,3.23,0,0,FALSE
Male,Disloyal Customer,39,Business Travel,Business,220,1,1,1,3,1,1,1,1,3,2,5,2,1,1.77,0,0,FALSE
Male,Loyal Customer,42,Business Travel,Eco,972,5,2,2,2,5,5,5,3,4,4,3,5,5,3.85,244,285,TRUE
Female,Disloyal Customer,15,Business Travel,Eco,501,2,1,2,4,4,2,4,4,2,4,3,4,4,3.08,0,0,FALSE
Male,Loyal Customer,26,Business Travel,Business,2454,5,5,5,5,4,4,4,4,5,5,4,4,4,4.46,2,0,TRUE
Female,Disloyal Customer,23,Business Travel,Eco,978,3,3,3,2,3,3,3,3,2,3,4,4,3,3,0,0,FALSE
Male,Loyal Customer,43,Business Travel,Business,2505,4,4,4,4,5,4,4,4,4,4,4,4,4,4.08,0,0,TRUE
Male,Loyal Customer,46,Business Travel,Business,720,2,1,2,2,1,5,2,5,5,5,5,1,3,3,0,0,TRUE
Male,Loyal Customer,62,Personal Travel,Business,1171,2,4,2,3,3,3,5,4,4,2,4,4,3,3.31,3,0,FALSE
Female,Loyal Customer,58,Personal Travel,Eco,282,3,4,3,4,2,4,4,4,4,3,4,4,1,3.38,96,109,FALSE
Female,Loyal Customer,60,Business Travel,Business,187,4,4,4,4,4,5,5,4,4,4,5,5,4,4.31,0,0,TRUE
Male,Loyal Customer,68,Personal Travel,Eco Plus,109,1,2,1,3,3,1,3,3,4,5,3,4,3,2.77,0,0,FALSE
Male,Loyal Customer,47,Personal Travel,Eco Plus,719,2,4,3,1,3,1,1,4,4,5,5,1,1,2.69,396,403,FALSE
Female,Loyal Customer,13,Personal Travel,Eco,1379,2,5,2,2,4,2,4,4,3,5,2,5,4,3.38,0,0,FALSE
Male,Loyal Customer,61,Personal Travel,Eco,909,4,5,4,3,3,4,3,3,5,2,5,3,3,3.62,0,0,TRUE
Male,Loyal Customer,72,Business Travel,Business,3928,4,4,4,4,5,4,5,5,5,5,5,4,3,4.38,10,5,TRUE
Male,Loyal Customer,68,Personal Travel,Eco,210,4,2,0,3,5,0,5,5,4,4,4,1,5,3.23,0,0,FALSE
Female,Loyal Customer,34,Personal Travel,Eco Plus,296,2,5,2,2,1,2,1,1,3,5,5,4,1,2.62,2,0,FALSE
Male,Loyal Customer,16,Business Travel,Eco Plus,337,2,1,1,1,2,2,3,2,2,3,3,3,2,2.08,43,23,FALSE
Female,Loyal Customer,52,Business Travel,Eco,227,3,5,5,5,1,4,3,4,4,3,4,2,4,3.62,18,11,FALSE
Female,Loyal Customer,32,Business Travel,Business,3922,1,1,1,1,3,3,3,3,1,5,1,2,3,2.15,28,36,TRUE
Male,Disloyal Customer,25,Business Travel,Eco,486,1,3,1,3,1,1,1,1,3,4,3,3,1,2,59,45,FALSE
Female,Loyal Customer,28,Business Travel,Eco Plus,1005,4,3,3,3,4,4,4,4,2,4,4,4,4,3.62,64,61,FALSE
Female,Loyal Customer,62,Personal Travel,Eco,612,3,5,3,1,4,3,3,3,3,3,3,3,5,3.23,0,0,FALSE
Male,Loyal Customer,14,Personal Travel,Eco,558,2,4,2,2,5,2,5,5,4,4,5,5,5,3.85,0,0,FALSE
Female,Disloyal Customer,18,Business Travel,Eco,189,4,5,4,4,5,4,5,5,5,4,5,4,5,4.54,3,3,TRUE
Female,Loyal Customer,19,Business Travel,Eco Plus,524,4,4,4,4,4,4,4,4,4,1,3,1,4,3.46,4,0,TRUE
Female,Loyal Customer,50,Business Travel,Eco Plus,194,3,5,5,5,2,5,2,3,3,3,3,5,2,3.54,0,0,TRUE
Male,Loyal Customer,33,Business Travel,Business,1924,3,3,3,3,5,5,5,5,5,4,4,1,5,3.92,33,36,TRUE
Female,Disloyal Customer,25,Business Travel,Eco,689,4,4,4,1,3,4,3,3,1,5,5,4,3,3.38,0,0,TRUE
Female,Loyal Customer,39,Business Travel,Business,1504,5,5,3,5,3,2,1,5,5,4,5,5,2,3.85,0,0,TRUE
Male,Loyal Customer,38,Personal Travel,Business,1258,4,4,4,4,2,3,4,5,5,4,5,3,3,3.85,0,0,FALSE
Male,Loyal Customer,41,Business Travel,Business,3250,2,2,2,2,4,5,4,3,3,3,3,4,3,3.08,0,0,TRUE
Female,Loyal Customer,36,Business Travel,Business,283,3,3,3,3,1,5,1,5,5,5,5,5,3,3.62,10,2,TRUE
Female,Loyal Customer,14,Business Travel,Eco Plus,516,3,2,2,2,3,3,3,3,2,1,3,1,3,2.38,12,51,FALSE
Female,Loyal Customer,36,Business Travel,Business,2390,4,1,1,1,3,3,4,4,4,3,4,3,2,2.85,0,0,FALSE
Female,Loyal Customer,44,Business Travel,Eco,611,3,1,1,1,3,3,3,3,3,3,3,1,4,2.46,0,2,FALSE
Male,Loyal Customer,23,Personal Travel,Eco,1892,1,3,1,4,3,1,3,3,2,2,4,1,3,2.38,0,0,FALSE
Male,Loyal Customer,58,Personal Travel,Business,316,2,5,1,3,1,4,1,4,4,1,3,5,1,2.69,0,1,FALSE
Female,Loyal Customer,18,Personal Travel,Eco Plus,308,3,5,4,2,5,4,5,5,5,3,5,5,5,4.31,12,9,FALSE
Female,Loyal Customer,18,Personal Travel,Eco,170,2,2,2,4,2,2,1,2,3,3,4,3,2,2.46,27,23,FALSE
Male,Disloyal Customer,22,Business Travel,Eco,1121,2,3,3,3,1,3,1,1,5,4,4,2,1,2.54,54,37,FALSE
Female,Loyal Customer,60,Personal Travel,Eco,337,1,5,1,4,4,3,5,3,3,1,3,4,1,2.92,0,0,FALSE
Female,Disloyal Customer,25,Business Travel,Business,927,3,2,3,3,3,4,4,3,5,3,3,4,4,3.38,230,221,FALSE
Male,Loyal Customer,36,Personal Travel,Eco Plus,1216,4,2,5,4,3,5,2,3,4,5,4,1,3,3.46,20,0,TRUE
Male,Loyal Customer,28,Personal Travel,Eco Plus,606,3,5,3,3,3,3,3,3,3,3,5,5,3,3.46,50,31,FALSE
Female,Loyal Customer,42,Personal Travel,Eco,457,3,4,3,1,1,4,2,3,3,3,3,1,5,2.77,0,0,FALSE
Female,Disloyal Customer,39,Business Travel,Eco,164,1,3,1,4,1,1,1,1,1,4,4,4,1,2.08,0,19,FALSE
Male,Loyal Customer,11,Business Travel,Eco,1431,1,2,2,2,1,1,1,1,4,3,4,1,1,1.85,317,318,FALSE
Female,Disloyal Customer,38,Business Travel,Business,695,1,0,0,3,1,0,1,1,3,2,4,2,1,1.46,0,0,FALSE
Female,Loyal Customer,21,Business Travel,Business,370,1,5,5,5,1,1,1,1,3,1,2,4,1,2.38,7,8,FALSE
Male,Loyal Customer,33,Business Travel,Eco Plus,156,3,2,2,2,3,3,3,3,2,2,3,4,3,2.69,21,23,FALSE
Female,Loyal Customer,34,Business Travel,Business,585,4,2,4,4,5,5,5,2,2,2,2,3,3,3.31,0,0,TRUE
Female,Loyal Customer,55,Business Travel,Business,1488,1,1,1,1,4,4,4,4,4,4,4,3,3,2.92,0,0,TRUE
Female,Loyal Customer,32,Business Travel,Business,718,3,4,3,4,3,3,3,3,3,5,2,3,3,3.23,0,0,FALSE
Female,Loyal Customer,30,Personal Travel,Eco Plus,2402,2,3,2,3,2,4,4,2,1,3,4,4,4,2.92,0,0,FALSE
Female,Disloyal Customer,25,Business Travel,Eco,108,2,3,1,2,2,1,2,2,2,4,2,1,2,2,76,125,FALSE
Female,Loyal Customer,60,Personal Travel,Eco,544,3,5,3,4,4,4,3,5,5,3,5,2,4,3.85,0,0,FALSE
Female,Loyal Customer,41,Business Travel,Business,3901,4,4,4,4,2,2,5,5,5,5,5,4,5,4.15,0,0,TRUE
Female,Loyal Customer,35,Business Travel,Business,2019,2,2,2,2,5,5,5,4,4,4,4,4,3,3.54,0,0,TRUE
Female,Loyal Customer,7,Personal Travel,Eco Plus,552,3,1,3,4,5,3,2,5,3,1,4,3,5,3.23,88,102,FALSE
Male,Disloyal Customer,37,Business Travel,Eco,102,1,3,1,4,4,1,4,4,2,1,2,4,4,2.69,0,0,FALSE
Female,Loyal Customer,47,Business Travel,Business,399,5,5,5,5,3,4,5,5,5,5,5,5,4,4.69,0,0,TRUE
Female,Disloyal Customer,34,Business Travel,Eco,1341,3,2,2,2,1,3,1,1,3,5,4,4,1,2.46,4,0,FALSE
Male,Loyal Customer,45,Business Travel,Business,382,2,2,2,2,5,4,5,5,5,5,5,5,3,3.85,21,15,TRUE
Male,Disloyal Customer,27,Business Travel,Eco,328,1,5,1,4,3,1,3,3,1,1,5,5,3,2.77,42,28,FALSE
Female,Loyal Customer,70,Personal Travel,Eco,854,2,4,2,3,1,3,3,5,5,2,5,3,1,3,0,0,FALSE
Male,Loyal Customer,53,Business Travel,Business,2845,1,1,1,1,3,4,4,5,5,5,5,4,4,3.31,0,0,TRUE
Male,Loyal Customer,55,Business Travel,Business,135,5,5,5,5,2,5,4,5,5,5,5,5,5,4.69,0,0,TRUE
Male,Loyal Customer,60,Personal Travel,Eco,129,4,0,4,1,2,4,2,2,5,4,5,3,2,2.92,0,0,FALSE
Female,Loyal Customer,8,Personal Travel,Eco,589,4,5,4,2,1,4,1,1,5,5,5,3,1,3.15,0,2,FALSE
Female,Loyal Customer,34,Business Travel,Business,3934,4,4,4,4,3,5,4,5,5,5,5,3,2,4.08,0,0,TRUE
Male,Disloyal Customer,36,Business Travel,Business,257,3,3,3,3,4,3,4,4,5,3,4,3,4,3.54,0,0,FALSE
Female,Loyal Customer,56,Personal Travel,Eco,212,4,1,0,2,1,2,2,3,3,0,3,4,2,2.08,13,6,TRUE
Male,Loyal Customer,58,Business Travel,Business,3795,5,5,5,5,2,4,5,4,4,5,4,4,3,4.23,8,9,TRUE
Female,Loyal Customer,68,Personal Travel,Eco,759,2,5,2,4,2,5,4,3,3,2,3,5,4,3.38,0,0,FALSE
Male,Disloyal Customer,38,Business Travel,Business,405,3,3,3,5,3,3,3,3,4,2,5,5,3,3.46,48,38,FALSE
Male,Loyal Customer,61,Business Travel,Eco,304,2,2,1,2,1,2,1,1,2,4,4,3,1,2,0,15,FALSE
Female,Loyal Customer,19,Personal Travel,Eco Plus,546,3,1,3,4,5,3,5,5,1,4,3,4,5,3.54,0,0,FALSE
Female,Loyal Customer,50,Personal Travel,Eco,1085,3,4,3,2,2,5,5,1,1,3,1,5,3,2.92,3,0,FALSE
Female,Loyal Customer,68,Personal Travel,Eco,669,4,4,4,1,5,4,4,2,2,4,2,4,3,3.31,0,0,TRUE
Male,Loyal Customer,27,Personal Travel,Eco,899,3,1,4,2,4,4,2,4,2,1,2,1,4,2.62,0,0,FALSE
Female,Loyal Customer,51,Business Travel,Business,1598,4,4,4,4,3,2,4,5,5,5,5,1,1,3.62,2,0,TRUE
Female,Loyal Customer,23,Personal Travel,Eco,2253,3,4,3,1,3,1,2,4,3,4,5,2,2,2.85,0,22,FALSE
Female,Loyal Customer,46,Business Travel,Business,2483,2,4,2,2,3,4,4,4,4,4,4,5,5,3.62,6,0,TRUE
Female,Loyal Customer,18,Personal Travel,Eco,693,2,4,2,3,5,2,5,5,3,3,5,4,5,3.69,0,0,FALSE
Male,Loyal Customer,60,Business Travel,Business,2330,1,1,1,1,3,3,5,5,5,5,5,3,4,3.23,0,0,TRUE
Male,Disloyal Customer,21,Business Travel,Eco,749,1,1,1,2,4,1,4,4,3,3,1,2,4,2.38,0,0,FALSE
Male,Loyal Customer,50,Business Travel,Business,554,1,3,3,3,1,4,4,1,1,1,1,1,3,2.08,0,0,FALSE
Male,Disloyal Customer,36,Business Travel,Business,283,4,4,4,1,2,4,2,2,3,3,5,4,2,3.08,0,0,FALSE
Female,Loyal Customer,39,Business Travel,Business,1558,4,4,2,4,3,5,4,3,3,3,3,5,3,3.54,7,0,TRUE
Female,Loyal Customer,33,Business Travel,Business,2328,1,1,1,1,4,4,4,4,4,4,4,5,4,3.15,0,0,TRUE
Male,Loyal Customer,41,Business Travel,Business,1407,5,5,5,5,4,4,4,5,5,5,5,5,4,4.69,0,7,TRUE
Female,Loyal Customer,21,Business Travel,Business,1598,5,5,5,5,4,4,4,4,4,2,4,4,4,4.15,0,0,TRUE
Female,Loyal Customer,46,Business Travel,Business,171,0,4,0,1,1,3,3,3,3,3,3,2,5,2.38,0,0,TRUE
Male,Disloyal Customer,30,Business Travel,Business,749,3,3,3,3,4,3,4,4,3,5,4,5,4,3.69,0,2,FALSE
Female,Disloyal Customer,21,Business Travel,Business,347,1,3,1,4,5,1,3,5,2,1,4,3,5,2.92,0,0,FALSE
Female,Disloyal Customer,25,Business Travel,Eco,607,1,3,1,4,1,1,1,1,3,3,3,3,1,2,66,57,FALSE
Male,Loyal Customer,32,Personal Travel,Eco,948,0,1,0,3,1,0,1,1,2,2,1,1,1,1.08,0,0,TRUE
Male,Disloyal Customer,26,Business Travel,Eco,404,4,1,4,3,3,4,3,3,3,1,4,3,3,3,0,0,FALSE
Female,Loyal Customer,46,Personal Travel,Eco,1249,2,3,2,2,1,3,3,4,4,2,4,3,2,2.69,0,8,FALSE
Male,Loyal Customer,47,Personal Travel,Eco,395,2,5,2,3,1,2,3,1,5,2,4,3,1,2.62,0,0,FALSE
Male,Loyal Customer,50,Personal Travel,Eco,338,2,5,3,1,5,3,5,5,4,5,4,5,5,4,0,0,FALSE
Male,Loyal Customer,55,Business Travel,Business,3656,5,5,5,5,2,4,5,5,5,5,5,4,3,4.46,0,0,TRUE
Male,Loyal Customer,36,Personal Travel,Business,689,3,4,3,3,5,4,5,2,2,3,2,5,4,3.46,0,0,FALSE
Male,Loyal Customer,60,Business Travel,Business,2079,4,4,4,4,5,4,4,5,5,5,5,5,4,4.46,0,0,TRUE
Female,Loyal Customer,43,Business Travel,Business,3513,1,4,4,4,1,4,4,1,1,1,1,1,4,2.38,0,37,FALSE
Female,Disloyal Customer,39,Business Travel,Business,308,3,3,3,4,4,3,4,4,4,3,4,2,4,3.46,2,2,FALSE
Male,Loyal Customer,38,Business Travel,Eco,438,5,1,1,1,5,5,5,5,2,1,1,3,5,3.08,0,0,TRUE
Female,Loyal Customer,36,Personal Travel,Eco,162,3,4,3,1,3,3,2,3,4,2,5,5,3,3.15,0,2,FALSE
Male,Loyal Customer,37,Business Travel,Business,2630,2,3,3,3,2,3,3,2,2,2,2,4,4,2.69,0,0,FALSE
Female,Loyal Customer,17,Personal Travel,Eco,712,3,5,3,2,2,3,2,2,5,5,4,3,2,3.15,0,5,FALSE
Male,Disloyal Customer,22,Business Travel,Business,1009,0,0,0,4,4,0,4,4,4,3,5,4,4,2.77,95,84,TRUE
Female,Loyal Customer,70,Personal Travel,Eco Plus,1107,3,3,3,3,5,3,3,2,2,3,2,2,4,2.92,0,0,FALSE
Female,Loyal Customer,38,Business Travel,Business,2572,1,1,1,1,5,5,3,5,5,5,5,5,3,3.46,99,111,TRUE
Male,Loyal Customer,36,Business Travel,Business,89,4,4,4,4,3,5,4,5,5,5,3,5,2,4.08,0,4,TRUE
Male,Loyal Customer,24,Personal Travel,Eco,985,3,4,3,5,2,3,2,2,5,4,4,3,2,3.23,5,35,FALSE
Male,Loyal Customer,50,Business Travel,Business,3170,1,1,1,1,4,4,5,5,5,5,5,5,4,3.54,0,0,TRUE
Male,Loyal Customer,26,Business Travel,Business,3265,2,1,1,1,2,2,2,2,4,3,3,3,2,2.15,15,17,FALSE
Male,Disloyal Customer,28,Business Travel,Business,909,1,0,0,2,2,0,2,2,4,5,5,3,2,2.15,35,35,FALSE
Male,Loyal Customer,40,Business Travel,Business,1276,1,1,5,1,4,5,5,5,5,5,5,4,3,3.77,0,0,TRUE
Female,Disloyal Customer,25,Business Travel,Business,399,4,0,4,2,5,4,5,5,3,2,4,5,5,3.69,0,0,TRUE
Female,Disloyal Customer,29,Business Travel,Eco,602,3,2,4,3,3,4,3,3,2,5,3,1,3,3,24,25,FALSE
Female,Loyal Customer,33,Business Travel,Business,966,1,0,0,3,5,3,4,2,2,0,2,2,3,2.08,33,63,FALSE
Male,Loyal Customer,16,Business Travel,Eco Plus,802,3,2,2,2,3,3,2,3,2,3,3,1,3,2.46,9,3,FALSE
Male,Loyal Customer,15,Personal Travel,Eco,776,3,4,3,1,1,3,1,1,3,4,4,5,1,2.62,21,0,FALSE
Female,Loyal Customer,36,Personal Travel,Eco,220,2,4,2,4,3,2,2,3,3,1,3,4,3,2.77,13,6,FALSE
Female,Disloyal Customer,22,Business Travel,Eco,550,3,0,3,1,1,3,1,1,4,2,5,4,1,2.23,2,0,FALSE
Male,Loyal Customer,32,Business Travel,Business,3170,5,5,5,5,4,5,4,4,2,5,3,1,4,4,0,0,TRUE
Male,Loyal Customer,40,Business Travel,Business,2264,2,2,2,2,4,4,4,4,3,4,5,4,4,3.38,156,139,TRUE
Female,Loyal Customer,32,Business Travel,Business,403,4,4,4,4,5,5,5,5,4,2,3,5,5,4.23,0,0,TRUE
Male,Loyal Customer,40,Business Travel,Business,1713,2,4,2,2,3,4,4,2,2,2,2,3,5,2.85,30,13,TRUE
Female,Loyal Customer,52,Business Travel,Business,3790,2,1,1,1,4,4,3,2,2,2,2,3,2,2.23,0,0,FALSE
Male,Loyal Customer,53,Business Travel,Business,1825,1,2,3,3,4,2,3,1,1,1,1,2,3,2.08,0,12,FALSE
Male,Loyal Customer,33,Business Travel,Eco Plus,859,2,4,5,4,2,2,2,2,3,5,3,4,2,3.08,9,13,FALSE
Male,Loyal Customer,50,Personal Travel,Eco,507,2,4,2,4,1,2,1,1,4,5,5,3,1,2.69,0,0,FALSE
Female,Loyal Customer,22,Business Travel,Eco Plus,605,5,1,3,1,5,5,3,5,4,4,1,3,5,3.46,0,4,TRUE
Female,Loyal Customer,20,Personal Travel,Eco,462,2,4,2,3,1,2,1,1,5,3,5,5,1,2.69,0,0,FALSE
Female,Loyal Customer,27,Personal Travel,Eco,356,3,2,3,2,2,3,2,2,2,2,2,1,2,2.15,63,73,FALSE
Female,Loyal Customer,55,Business Travel,Business,407,4,4,4,4,5,5,5,5,5,5,5,3,3,4.38,54,63,TRUE
Male,Loyal Customer,57,Business Travel,Business,746,1,1,1,1,3,5,5,5,5,5,5,4,4,3.46,0,0,TRUE
Male,Loyal Customer,52,Business Travel,Business,2288,2,2,2,2,2,4,5,3,3,4,3,4,4,3.08,0,0,TRUE
Female,Loyal Customer,24,Business Travel,Business,1471,3,1,1,1,3,3,3,3,2,3,3,1,3,2.31,0,17,FALSE
Female,Disloyal Customer,26,Business Travel,Business,528,5,5,5,5,3,5,3,3,4,4,4,3,3,4,0,0,TRUE
Female,Loyal Customer,43,Personal Travel,Eco Plus,410,1,2,1,3,5,3,4,4,4,1,4,1,4,2.85,0,0,FALSE
Male,Loyal Customer,41,Business Travel,Business,581,2,2,5,2,2,4,5,5,5,5,5,3,4,3.77,6,4,TRUE
Male,Disloyal Customer,26,Business Travel,Eco,462,2,5,2,1,3,2,1,3,5,3,4,4,3,2.92,0,0,FALSE
Male,Loyal Customer,50,Personal Travel,Eco,1050,1,2,1,2,4,1,4,4,4,4,3,2,4,2.77,0,0,FALSE
Male,Loyal Customer,27,Business Travel,Business,1069,5,5,5,5,5,5,5,5,2,2,5,5,5,4.54,14,14,TRUE
Male,Loyal Customer,42,Personal Travel,Eco,331,4,3,4,5,4,4,4,4,3,2,4,1,4,3.54,5,35,FALSE
Male,Loyal Customer,28,Business Travel,Business,2296,1,3,3,3,1,1,1,1,3,2,4,3,1,2.08,13,0,FALSE
Male,Loyal Customer,39,Business Travel,Business,236,0,0,0,2,1,2,2,4,4,4,4,4,2,2.23,4,0,TRUE
Female,Loyal Customer,42,Business Travel,Business,3613,4,1,1,1,2,4,3,4,4,4,4,1,4,2.85,0,28,FALSE
Male,Disloyal Customer,38,Business Travel,Eco,429,2,4,2,1,1,2,1,1,2,3,2,4,1,2,0,0,FALSE
Female,Loyal Customer,35,Personal Travel,Eco,630,4,4,4,5,5,4,5,5,4,3,5,5,5,4.46,0,0,FALSE
Male,Loyal Customer,34,Personal Travel,Eco,438,2,4,2,1,4,2,2,4,3,3,5,3,4,3,9,0,FALSE
Female,Loyal Customer,45,Business Travel,Eco,1076,4,3,3,3,5,1,3,4,4,4,4,1,2,3.15,5,0,TRUE
Male,Loyal Customer,38,Business Travel,Eco,900,4,4,4,4,4,4,4,4,1,2,3,1,4,3.31,0,10,FALSE
Female,Loyal Customer,51,Business Travel,Eco,251,3,2,2,2,5,3,4,3,3,3,3,3,3,3,0,0,FALSE
Female,Disloyal Customer,47,Business Travel,Business,447,2,2,2,1,4,2,4,4,3,2,4,5,4,3,0,0,FALSE
Male,Loyal Customer,26,Personal Travel,Eco,737,2,5,2,2,1,2,1,1,5,4,5,4,1,2.69,63,72,FALSE
Female,Loyal Customer,34,Personal Travel,Eco Plus,748,2,5,2,2,4,2,2,4,3,5,5,3,4,3.31,0,0,FALSE
Male,Loyal Customer,42,Business Travel,Business,850,5,5,5,5,3,4,5,4,4,4,4,3,4,4.23,0,0,TRUE
Male,Loyal Customer,45,Business Travel,Business,3141,5,5,5,5,4,4,4,4,4,4,4,5,5,4.46,0,0,TRUE
Female,Loyal Customer,41,Personal Travel,Eco,719,3,3,3,3,2,3,2,2,3,1,4,2,2,2.54,0,0,FALSE
Male,Loyal Customer,39,Business Travel,Eco,308,4,3,3,3,4,4,4,4,5,3,2,5,4,3.69,0,0,TRUE
Male,Loyal Customer,34,Business Travel,Eco Plus,1362,3,4,4,4,3,2,3,3,1,3,4,3,3,3.08,0,0,FALSE
Male,Loyal Customer,24,Personal Travel,Eco,3784,2,4,3,4,3,3,3,5,4,5,2,3,3,3.38,12,0,FALSE
Female,Disloyal Customer,37,Business Travel,Eco,788,2,2,2,3,1,2,1,1,3,2,3,4,1,2.08,1,0,FALSE
Male,Loyal Customer,55,Business Travel,Business,2965,1,1,1,1,2,5,5,5,5,5,5,5,4,3.46,19,8,TRUE
Female,Loyal Customer,51,Business Travel,Eco Plus,391,2,4,2,4,2,2,2,4,5,1,1,2,2,2.54,155,162,FALSE
Male,Disloyal Customer,22,Business Travel,Eco,181,4,3,4,4,3,4,3,3,2,5,3,2,3,3.31,0,0,FALSE
Female,Loyal Customer,61,Business Travel,Business,332,5,5,2,5,4,5,4,4,4,4,4,5,4,4.23,0,0,TRUE
Female,Loyal Customer,19,Personal Travel,Eco,417,2,4,2,1,3,2,3,3,1,3,2,4,3,2.54,0,0,FALSE
Male,Loyal Customer,19,Personal Travel,Eco,250,3,5,3,1,4,3,4,4,3,4,5,4,4,3.62,0,0,FALSE
Female,Loyal Customer,44,Business Travel,Business,2348,2,2,5,2,5,5,4,4,4,4,4,4,4,3.77,0,0,TRUE
Male,Loyal Customer,28,Business Travel,Eco Plus,403,3,4,4,4,3,3,3,3,2,5,4,1,3,3.23,65,57,FALSE
Female,Loyal Customer,60,Business Travel,Business,3415,3,2,2,2,3,3,3,3,3,3,3,4,2,2.77,24,24,FALSE
Male,Loyal Customer,40,Business Travel,Eco,484,2,2,3,2,2,2,2,2,1,5,4,4,2,2.54,0,0,FALSE
Female,Disloyal Customer,32,Business Travel,Eco,357,1,0,1,3,5,1,5,5,1,4,1,3,5,2.69,0,0,FALSE
Female,Loyal Customer,37,Personal Travel,Eco,2521,2,4,2,3,2,5,5,4,5,3,2,5,5,3.62,10,43,FALSE
Female,Loyal Customer,49,Personal Travel,Eco,1085,2,5,2,3,5,4,5,1,1,2,2,3,3,2.92,1,0,FALSE
Female,Loyal Customer,40,Business Travel,Business,2031,1,1,1,1,2,4,4,3,3,3,3,5,4,2.69,0,0,TRUE
Female,Loyal Customer,35,Business Travel,Eco,2342,3,5,5,5,3,3,3,3,3,4,3,4,3,3.62,39,37,FALSE
Female,Loyal Customer,35,Business Travel,Eco,2358,4,1,4,1,4,4,4,4,1,1,4,4,4,3.08,0,0,FALSE
Female,Loyal Customer,49,Business Travel,Business,2774,4,4,4,4,5,4,5,4,4,4,4,5,3,4.15,63,57,TRUE
Male,Loyal Customer,70,Business Travel,Eco Plus,369,4,5,5,5,4,4,4,4,2,2,5,2,4,3.85,13,0,TRUE
Female,Loyal Customer,39,Business Travel,Eco,391,1,4,4,4,1,1,1,1,3,2,4,3,1,2.31,0,0,FALSE
Female,Loyal Customer,24,Business Travel,Business,3848,1,2,2,2,1,1,1,1,1,4,2,2,1,1.62,77,74,FALSE
Female,Disloyal Customer,20,Business Travel,Business,283,5,4,5,3,1,5,1,1,3,2,5,5,1,3.15,0,0,TRUE
Female,Loyal Customer,35,Business Travel,Eco Plus,226,1,4,4,4,1,1,1,1,1,2,4,4,1,2.23,9,4,FALSE
Male,Loyal Customer,33,Business Travel,Eco Plus,1609,4,3,3,3,4,3,4,4,3,2,4,3,4,3.38,65,54,FALSE
Female,Loyal Customer,55,Business Travel,Business,544,5,5,5,5,3,5,5,4,4,4,4,3,5,4.38,0,0,TRUE
Female,Loyal Customer,60,Personal Travel,Eco,216,3,0,3,3,2,4,5,5,5,3,5,3,3,3.38,2,8,FALSE
Female,Loyal Customer,52,Business Travel,Business,2722,0,0,0,3,5,5,4,5,5,5,5,5,4,3.54,3,10,TRUE
Male,Loyal Customer,19,Personal Travel,Eco,782,1,5,1,5,4,1,4,4,3,3,5,3,4,3.31,0,0,FALSE
Male,Loyal Customer,27,Personal Travel,Eco,397,1,5,1,4,1,1,1,1,1,3,2,4,1,2,4,0,FALSE
Female,Loyal Customer,32,Business Travel,Eco,1237,2,3,3,3,2,2,2,2,3,1,3,3,2,2.38,0,0,FALSE
Female,Loyal Customer,44,Personal Travel,Eco,646,2,1,3,3,4,4,3,3,3,3,3,2,1,2.69,0,0,FALSE
Male,Loyal Customer,40,Business Travel,Business,3919,2,3,2,2,5,5,5,4,4,4,4,3,4,3.62,0,0,TRUE
Male,Disloyal Customer,30,Business Travel,Eco,547,3,2,4,3,3,4,2,3,2,5,2,1,3,2.85,0,6,FALSE
Male,Loyal Customer,68,Personal Travel,Eco,158,2,2,0,3,1,0,1,1,1,3,4,4,1,1.77,87,94,FALSE
Male,Loyal Customer,28,Business Travel,Business,1865,1,4,4,4,1,2,1,1,2,4,2,1,1,2.15,0,0,FALSE
Female,Loyal Customer,58,Business Travel,Business,2848,1,1,4,1,4,4,4,4,4,4,4,5,5,3.46,0,0,TRUE
Female,Loyal Customer,46,Business Travel,Business,1606,0,4,0,3,4,1,3,5,5,2,2,2,4,2.69,0,0,TRUE
Female,Loyal Customer,42,Business Travel,Business,3415,4,4,4,4,2,4,5,5,5,5,5,3,5,4.23,5,12,TRUE
Male,Loyal Customer,57,Business Travel,Business,2486,2,2,2,2,3,4,4,4,4,4,4,4,4,3.31,8,0,TRUE
Female,Disloyal Customer,23,Business Travel,Eco,602,0,5,0,3,5,0,5,5,3,2,4,4,5,3.15,5,1,TRUE
Male,Loyal Customer,53,Business Travel,Eco,692,4,4,4,4,4,4,4,4,4,4,2,5,4,3.92,0,21,TRUE
Male,Loyal Customer,47,Business Travel,Business,2761,2,3,3,3,5,3,3,2,2,2,2,1,4,2.69,0,0,FALSE
Female,Loyal Customer,78,Business Travel,Eco,283,3,3,3,3,3,3,3,4,1,3,2,3,3,2.85,259,243,FALSE
Male,Loyal Customer,24,Personal Travel,Eco,1814,4,5,4,3,1,4,1,1,4,4,4,3,1,3,69,54,FALSE
Female,Loyal Customer,51,Business Travel,Business,2721,3,1,3,3,4,4,5,5,5,5,5,3,5,3.92,23,28,TRUE
Male,Loyal Customer,28,Business Travel,Business,1523,2,2,2,2,5,5,5,5,3,5,5,5,5,3.92,5,27,TRUE
Female,Loyal Customer,69,Business Travel,Eco,74,3,5,5,5,4,3,4,3,3,3,3,1,2,3.38,52,48,FALSE
Female,Loyal Customer,34,Business Travel,Eco,228,4,4,4,4,4,4,4,4,4,3,5,3,4,3.92,0,0,TRUE
Female,Loyal Customer,49,Business Travel,Business,1805,5,5,5,5,4,2,4,5,5,4,5,3,1,4.08,2,0,TRUE
Female,Loyal Customer,25,Personal Travel,Eco,861,1,4,1,3,3,1,3,3,5,4,5,4,3,3.08,0,0,FALSE
Female,Loyal Customer,72,Business Travel,Business,3565,4,4,4,4,3,2,3,5,5,5,5,2,5,3.92,9,24,TRUE
Male,Loyal Customer,13,Business Travel,Eco,1009,3,5,5,5,3,3,3,3,3,3,4,2,3,3.46,0,0,FALSE
Male,Disloyal Customer,25,Business Travel,Eco,526,5,0,5,5,2,5,2,2,1,5,3,4,2,3.15,1,3,TRUE
Male,Loyal Customer,54,Personal Travel,Eco,305,3,3,3,1,5,3,5,5,2,5,1,2,5,3.31,0,0,FALSE
Male,Loyal Customer,43,Business Travel,Business,1773,5,5,5,5,3,5,5,5,5,5,5,3,3,4.54,0,19,TRUE
Female,Loyal Customer,66,Personal Travel,Business,373,5,2,5,4,2,4,4,4,4,5,4,4,1,3.69,1,9,TRUE
Male,Loyal Customer,30,Business Travel,Business,2378,5,5,5,5,4,4,4,4,2,3,4,3,4,4,0,0,TRUE
Male,Loyal Customer,35,Personal Travel,Eco,448,3,4,3,3,4,3,3,4,5,4,5,5,4,3.85,0,3,FALSE
Male,Loyal Customer,14,Personal Travel,Eco,837,3,5,3,2,1,3,1,1,4,1,3,2,1,2.31,7,1,FALSE
Male,Loyal Customer,11,Personal Travel,Eco,1032,3,5,3,1,1,3,1,1,5,5,4,5,1,2.92,0,11,FALSE
Male,Loyal Customer,32,Business Travel,Business,1464,4,4,4,4,4,4,4,4,4,5,5,3,4,4.08,0,0,TRUE
Female,Loyal Customer,46,Business Travel,Business,1105,2,2,2,2,3,5,5,5,5,5,5,4,3,3.69,0,1,TRUE
Male,Disloyal Customer,35,Business Travel,Business,2125,3,3,3,3,3,3,3,3,4,3,4,4,3,3.23,9,0,FALSE
Male,Loyal Customer,49,Business Travel,Business,1778,5,5,5,5,1,2,4,5,5,5,5,4,1,4,0,0,TRUE
Male,Loyal Customer,60,Business Travel,Eco,1050,4,4,5,4,4,4,4,4,5,3,5,3,4,4.08,0,4,TRUE
Female,Loyal Customer,27,Business Travel,Business,1591,5,5,5,5,3,3,3,3,1,5,2,1,3,3.38,0,0,TRUE
Female,Loyal Customer,59,Personal Travel,Eco,151,2,5,2,2,2,5,4,4,4,2,4,5,4,3.46,0,0,FALSE
Male,Disloyal Customer,39,Business Travel,Eco,833,2,2,2,3,3,2,3,3,2,4,3,2,3,2.62,33,35,FALSE
Male,Loyal Customer,45,Business Travel,Business,3950,1,4,4,4,3,3,4,1,1,1,1,4,2,2.54,25,0,FALSE
Male,Loyal Customer,55,Personal Travel,Eco,273,3,2,3,3,4,3,4,4,2,4,3,4,4,3.31,0,10,FALSE
Female,Loyal Customer,48,Business Travel,Eco,67,5,4,2,4,5,1,2,5,5,5,5,5,1,3.77,0,8,TRUE
Female,Loyal Customer,30,Business Travel,Business,1763,1,1,1,1,3,4,3,3,5,4,4,4,3,2.85,0,0,TRUE
Male,Loyal Customer,42,Business Travel,Business,239,3,2,2,2,5,4,4,3,3,3,3,2,3,3,4,7,FALSE
Male,Loyal Customer,21,Personal Travel,Eco,435,3,4,3,3,4,3,4,4,3,3,4,3,4,3.46,0,0,FALSE
Female,Loyal Customer,13,Personal Travel,Eco,285,1,4,1,1,4,1,4,4,3,5,5,3,4,3.08,0,11,FALSE
Female,Disloyal Customer,65,Business Travel,Business,280,2,2,2,2,2,2,5,2,4,5,5,4,2,3,0,5,FALSE
Male,Loyal Customer,65,Business Travel,Eco,337,1,4,4,4,1,1,1,1,1,4,3,4,1,2.31,2,5,FALSE
Male,Loyal Customer,26,Business Travel,Business,1197,4,4,4,4,4,4,4,4,2,3,4,2,4,3.62,0,0,TRUE
Female,Loyal Customer,43,Business Travel,Business,758,4,4,4,4,2,5,5,5,5,5,5,5,3,4.31,0,0,TRUE
Female,Disloyal Customer,24,Business Travel,Eco,409,2,4,2,2,4,2,3,4,3,2,5,3,4,3.08,0,0,FALSE
Male,Loyal Customer,51,Business Travel,Eco,2079,3,3,3,3,3,3,3,3,3,5,2,1,3,2.92,0,7,FALSE
Male,Loyal Customer,61,Personal Travel,Eco,861,2,2,1,2,4,1,2,4,1,4,2,4,4,2.54,0,26,FALSE
Male,Loyal Customer,33,Business Travel,Business,544,5,5,5,5,4,4,4,4,4,3,5,5,4,4.38,0,5,TRUE
Male,Loyal Customer,7,Personal Travel,Eco,746,1,4,1,1,5,1,5,5,4,4,5,3,5,3.38,0,0,FALSE
Female,Loyal Customer,31,Business Travel,Business,2552,4,4,4,4,5,5,5,5,3,5,4,3,5,4.31,0,19,TRUE
Female,Loyal Customer,29,Personal Travel,Eco,337,5,4,5,1,4,5,4,4,5,3,4,5,4,4.08,0,4,TRUE
Female,Loyal Customer,17,Personal Travel,Eco,460,4,2,4,4,2,4,2,2,3,2,4,4,2,3,9,0,TRUE
Male,Disloyal Customer,39,Business Travel,Business,204,2,3,3,4,3,3,3,3,5,4,5,5,3,3.54,35,35,FALSE
Male,Loyal Customer,29,Business Travel,Eco Plus,829,3,5,3,5,3,3,3,3,2,5,4,3,3,3.46,2,9,FALSE
Female,Loyal Customer,33,Business Travel,Eco,77,4,1,2,2,4,5,4,4,1,4,5,3,4,3.31,0,0,TRUE
Female,Disloyal Customer,26,Business Travel,Eco,1397,4,4,4,5,1,4,1,1,2,2,3,1,1,2.54,15,0,FALSE
Female,Loyal Customer,48,Business Travel,Business,280,4,4,4,4,3,4,5,4,4,4,4,4,4,4,0,43,TRUE
Male,Loyal Customer,59,Business Travel,Business,3298,2,2,2,2,5,4,4,4,4,4,4,3,4,3.38,29,24,TRUE
Female,Loyal Customer,53,Personal Travel,Eco,102,3,5,3,2,2,4,5,1,1,3,1,5,5,3.08,0,4,FALSE
Male,Loyal Customer,43,Business Travel,Eco,1050,5,2,2,2,5,5,5,5,2,4,5,2,5,3.77,0,0,TRUE
Male,Loyal Customer,41,Business Travel,Business,3992,2,5,5,5,5,3,3,2,2,2,2,2,4,3.23,0,27,FALSE
Female,Loyal Customer,56,Business Travel,Business,604,3,3,3,3,2,4,5,5,5,5,5,3,4,3.85,0,0,TRUE
Male,Loyal Customer,47,Business Travel,Business,3776,1,1,1,1,2,5,5,5,5,5,5,4,3,3.31,0,0,TRUE
Male,Loyal Customer,59,Personal Travel,Eco Plus,948,3,1,3,3,4,3,4,4,1,3,3,4,4,3.08,0,0,FALSE
Male,Loyal Customer,38,Personal Travel,Eco,719,2,5,2,2,3,2,3,3,5,4,4,5,3,3.31,37,25,FALSE
Female,Loyal Customer,40,Personal Travel,Eco,337,3,4,5,5,4,5,4,4,5,5,5,5,4,4.46,48,41,FALSE
Female,Disloyal Customer,24,Business Travel,Business,237,4,5,4,4,4,1,1,5,2,5,5,1,1,3.23,202,188,TRUE
Male,Disloyal Customer,75,Business Travel,Eco,699,3,3,3,3,5,3,5,5,1,1,4,4,5,3.46,19,11,FALSE
Female,Loyal Customer,45,Personal Travel,Business,2106,2,2,2,3,1,4,4,2,2,2,2,4,4,2.62,0,27,FALSE
Male,Loyal Customer,36,Business Travel,Eco,694,4,4,4,4,4,4,4,4,4,2,4,4,4,3.85,0,0,TRUE
Female,Loyal Customer,69,Business Travel,Business,140,1,1,4,4,5,3,3,3,3,3,1,4,1,2.77,59,120,FALSE
Male,Loyal Customer,33,Personal Travel,Eco,944,1,4,1,4,3,1,3,3,1,5,3,2,3,2.62,43,51,FALSE
Male,Loyal Customer,56,Business Travel,Business,2788,4,3,5,5,2,2,2,4,4,4,4,2,3,3.38,31,19,FALSE
Male,Loyal Customer,44,Business Travel,Eco,626,4,2,2,2,4,4,4,4,4,1,1,4,4,3.08,0,5,TRUE
Female,Disloyal Customer,22,Business Travel,Business,882,5,2,5,3,2,5,2,2,5,2,5,5,2,3.46,3,0,TRUE
Female,Loyal Customer,56,Personal Travel,Eco,1105,4,5,3,3,5,4,4,1,1,3,1,4,5,3.31,2,0,FALSE
Female,Loyal Customer,42,Business Travel,Business,3068,4,4,4,4,5,4,5,5,5,5,5,3,3,4.31,3,9,TRUE
Male,Disloyal Customer,35,Business Travel,Eco,327,2,2,2,4,5,2,5,5,1,4,3,2,5,3.23,11,19,FALSE
Male,Loyal Customer,49,Personal Travel,Eco,558,3,4,2,3,5,2,5,5,4,4,4,3,5,3.77,0,0,FALSE
Female,Loyal Customer,24,Personal Travel,Eco,532,2,2,2,3,4,2,4,4,2,1,3,4,4,2.85,69,59,FALSE
Male,Loyal Customer,29,Personal Travel,Eco,689,3,4,3,3,5,3,5,5,5,5,5,3,5,4.15,0,0,FALSE
Female,Loyal Customer,69,Business Travel,Business,338,2,3,3,3,4,3,4,2,2,3,2,3,3,2.85,0,14,FALSE
Female,Loyal Customer,21,Personal Travel,Eco,1249,3,4,3,5,4,3,4,4,4,5,4,4,4,3.92,5,10,FALSE
Female,Loyal Customer,24,Personal Travel,Business,140,3,5,3,3,2,3,2,2,1,1,1,1,2,2.23,74,76,FALSE
Male,Loyal Customer,44,Business Travel,Eco,1119,2,2,2,2,2,2,2,2,1,5,3,4,2,2.38,18,27,FALSE
Female,Disloyal Customer,26,Business Travel,Business,925,1,4,0,3,2,0,2,2,3,2,5,4,2,2.31,18,0,FALSE
Female,Loyal Customer,11,Personal Travel,Eco,236,4,3,4,3,1,4,4,1,3,5,1,3,1,2.85,0,1,FALSE
Male,Disloyal Customer,13,Business Travel,Business,1532,3,0,4,4,2,4,2,2,2,2,4,4,2,2.69,0,7,FALSE
Female,Disloyal Customer,21,Business Travel,Eco,1336,1,2,2,3,5,1,5,5,5,3,3,5,5,3.46,0,0,FALSE
Male,Loyal Customer,36,Business Travel,Eco,270,5,5,5,5,5,5,5,5,4,2,4,2,5,4.38,14,7,TRUE
Male,Disloyal Customer,24,Business Travel,Business,315,4,0,4,3,2,4,2,2,4,5,5,5,2,3.23,9,12,TRUE
Male,Disloyal Customer,14,Business Travel,Eco,1186,3,3,3,2,2,3,2,2,5,4,5,4,2,3.08,0,0,FALSE
Male,Disloyal Customer,25,Business Travel,Eco,752,5,5,5,3,1,5,5,1,2,3,2,4,1,3.23,7,0,TRUE
Male,Loyal Customer,65,Personal Travel,Business,641,3,5,3,4,5,5,5,3,3,3,5,5,4,4.08,0,0,FALSE
Male,Loyal Customer,27,Personal Travel,Business,2504,2,3,2,3,2,2,2,1,2,4,4,2,2,2.38,0,11,FALSE
Female,Loyal Customer,47,Business Travel,Business,3360,4,4,4,4,3,4,5,5,5,5,5,4,4,4.31,0,0,TRUE
Female,Loyal Customer,22,Personal Travel,Eco,405,1,4,1,2,3,1,3,3,2,4,4,2,3,2.54,0,0,FALSE
Male,Loyal Customer,37,Business Travel,Business,405,2,2,2,2,5,5,5,4,4,4,4,3,5,3.62,0,0,TRUE
Female,Loyal Customer,29,Business Travel,Business,689,3,3,3,3,5,5,5,5,3,3,4,3,5,3.85,0,0,TRUE
Male,Loyal Customer,27,Personal Travel,Eco,696,4,4,4,4,3,4,3,3,3,5,5,5,3,3.85,73,79,FALSE
Male,Loyal Customer,47,Personal Travel,Eco Plus,399,3,5,3,4,5,3,5,5,5,4,3,5,5,4.23,0,0,FALSE
Male,Loyal Customer,50,Business Travel,Business,758,2,2,2,2,3,5,4,4,4,4,4,4,5,3.46,18,0,TRUE
Male,Disloyal Customer,22,Business Travel,Eco,196,2,4,2,5,4,2,3,4,1,4,3,5,4,3.31,4,0,FALSE
Male,Loyal Customer,40,Business Travel,Business,3253,5,5,5,5,4,2,5,3,3,4,3,4,1,3.77,2,0,TRUE
Female,Loyal Customer,68,Personal Travel,Eco,862,2,4,2,3,4,5,4,2,2,2,2,4,4,3.08,14,0,FALSE
Female,Loyal Customer,53,Personal Travel,Eco,1096,3,1,3,3,2,3,4,1,1,3,1,4,3,2.46,0,0,FALSE
Male,Loyal Customer,49,Business Travel,Business,2811,3,4,3,3,4,5,4,5,5,5,5,5,4,4.23,5,0,TRUE
Male,Loyal Customer,45,Business Travel,Business,2565,5,5,4,5,3,3,3,3,4,4,4,3,3,3.77,6,0,TRUE
Male,Loyal Customer,55,Business Travel,Eco,1598,4,1,1,1,3,4,3,3,1,5,5,2,3,2.77,0,10,TRUE
Male,Loyal Customer,52,Business Travel,Business,802,2,4,4,4,4,3,2,2,2,2,2,1,3,2.69,61,52,FALSE
Male,Loyal Customer,49,Business Travel,Business,1865,5,5,5,5,4,4,5,3,3,3,3,5,3,4.08,117,97,TRUE
Male,Loyal Customer,30,Business Travel,Eco Plus,874,4,5,5,5,4,4,4,4,3,1,5,1,4,3.77,0,0,TRUE
Female,Loyal Customer,25,Personal Travel,Eco,529,2,4,2,4,5,2,5,5,5,4,5,4,5,4,4,2,FALSE
Male,Disloyal Customer,12,Business Travel,Eco,479,2,4,2,4,3,2,3,3,4,3,3,3,3,3,3,0,FALSE
Male,Loyal Customer,50,Personal Travel,Eco,406,4,5,4,4,1,4,1,1,5,1,1,3,1,2.69,3,0,TRUE
Female,Disloyal Customer,9,Business Travel,Eco,1413,2,2,2,3,4,2,5,4,3,4,2,3,4,3.08,47,27,FALSE
Male,Loyal Customer,27,Business Travel,Business,1797,2,2,2,2,4,4,4,4,3,2,4,3,4,3.08,17,0,TRUE
Male,Loyal Customer,49,Business Travel,Eco,883,4,2,2,2,4,4,4,4,4,1,2,4,4,3.15,0,5,FALSE
Male,Loyal Customer,56,Business Travel,Business,2089,4,4,4,4,5,4,4,4,4,4,4,4,4,4.08,0,0,TRUE
Male,Loyal Customer,50,Business Travel,Business,3141,1,1,1,1,5,5,5,4,4,4,4,3,3,3.15,0,0,TRUE
Female,Loyal Customer,37,Business Travel,Business,1702,0,4,0,4,5,5,5,2,2,2,2,3,4,2.92,47,54,TRUE
Female,Loyal Customer,41,Personal Travel,Eco,2917,2,3,2,2,2,2,2,2,4,4,3,4,2,2.62,2,,FALSE
Male,Disloyal Customer,27,Business Travel,Business,197,2,2,2,3,4,2,4,4,3,2,4,4,4,3.08,0,0,FALSE
Female,Loyal Customer,72,Business Travel,Business,2397,2,5,5,5,1,3,4,2,2,2,2,3,3,3,0,0,FALSE
Female,Loyal Customer,65,Personal Travel,Eco,391,2,5,2,4,4,4,4,3,3,2,3,4,4,3.38,0,0,FALSE
Male,Disloyal Customer,16,Business Travel,Eco,337,5,0,5,4,3,5,3,3,1,2,2,4,3,3.08,0,0,TRUE
Female,Loyal Customer,56,Business Travel,Eco,599,3,5,5,5,3,3,4,3,3,3,3,3,2,3.46,0,0,FALSE
Male,Loyal Customer,53,Business Travel,Business,3200,3,3,3,3,2,5,4,5,5,5,4,3,4,3.77,0,0,TRUE
Female,Loyal Customer,34,Personal Travel,Eco,719,1,5,1,1,3,1,1,3,4,5,5,5,3,2.92,0,0,FALSE
Male,Loyal Customer,45,Personal Travel,Eco,762,2,4,3,2,2,3,2,2,5,4,5,3,2,3,0,0,FALSE
Male,Loyal Customer,33,Business Travel,Business,2015,5,5,5,5,5,5,5,5,3,4,5,4,5,4.69,49,45,TRUE
Male,Loyal Customer,55,Personal Travel,Eco,251,3,3,3,4,1,3,1,1,4,3,3,4,1,2.62,0,7,FALSE
Male,Loyal Customer,36,Personal Travel,Eco,296,3,4,3,3,2,3,2,2,4,2,5,5,2,3.08,0,0,FALSE
Male,Loyal Customer,45,Personal Travel,Eco,543,2,5,3,3,1,3,1,1,3,5,5,4,1,2.85,0,0,FALSE
Male,Loyal Customer,44,Business Travel,Eco,287,4,5,5,5,4,4,4,4,5,5,3,5,4,4.38,0,0,TRUE
Female,Disloyal Customer,26,Business Travel,Business,1127,2,2,2,3,1,2,1,1,4,5,5,5,1,2.62,4,0,FALSE
Male,Loyal Customer,22,Personal Travel,Eco,2762,3,0,3,3,5,3,5,5,5,3,4,1,5,3.46,27,0,FALSE
Female,Disloyal Customer,24,Business Travel,Eco,2342,1,1,1,3,4,1,5,4,3,4,4,4,4,3,2,0,FALSE
Male,Loyal Customer,47,Business Travel,Business,2950,4,4,2,4,3,2,4,5,5,5,5,3,4,3.85,19,18,TRUE
Male,Loyal Customer,21,Personal Travel,Eco,262,3,3,0,2,3,0,3,3,3,1,3,2,3,2.23,0,0,FALSE
Female,Loyal Customer,54,Business Travel,Business,1834,1,1,1,1,2,5,4,4,4,4,4,5,5,3.15,1,0,TRUE
Female,Loyal Customer,59,Business Travel,Business,833,4,4,4,4,2,4,5,3,3,4,3,3,3,3.54,0,3,TRUE
Male,Loyal Customer,14,Personal Travel,Eco,710,3,4,3,2,1,3,1,1,2,1,5,1,1,2.15,0,0,FALSE
Female,Loyal Customer,51,Personal Travel,Eco,853,2,3,2,3,3,3,3,3,3,2,3,4,3,2.85,0,0,FALSE
Male,Loyal Customer,46,Business Travel,Business,3809,2,2,2,2,4,3,5,5,5,5,4,2,3,3.38,0,4,TRUE
Female,Loyal Customer,31,Business Travel,Business,3857,2,2,2,2,4,4,4,4,3,2,4,3,4,3.08,0,0,TRUE
Male,Loyal Customer,29,Business Travel,Business,1549,5,5,2,5,5,5,5,5,5,4,4,5,5,4.62,13,8,TRUE
Female,Loyal Customer,23,Business Travel,Business,1013,1,3,3,3,1,1,1,1,2,2,4,3,1,2,14,42,FALSE
Male,Loyal Customer,21,Personal Travel,Eco,1947,4,5,4,2,5,4,5,5,5,2,3,4,5,4.08,5,0,FALSE
Male,Loyal Customer,30,Business Travel,Business,1005,3,3,3,3,5,5,5,5,4,3,5,5,5,4.15,0,0,TRUE
Male,Loyal Customer,20,Personal Travel,Eco,1546,4,4,4,1,4,4,4,4,5,3,5,3,4,3.77,1,0,FALSE
Female,Loyal Customer,45,Business Travel,Business,2845,4,4,3,4,2,4,4,4,4,4,4,5,3,3.77,0,0,TRUE
Female,Loyal Customer,25,Business Travel,Eco Plus,867,5,1,1,1,5,5,5,5,2,5,1,1,5,3.23,4,0,TRUE
Female,Loyal Customer,63,Personal Travel,Eco,1199,4,1,4,3,4,2,2,2,2,4,2,1,1,2.46,9,0,TRUE
Female,Loyal Customer,33,Personal Travel,Eco,860,1,5,1,1,1,1,1,1,4,2,5,3,1,2.08,75,46,FALSE
Female,Loyal Customer,38,Personal Travel,Eco,1310,2,4,2,4,5,2,1,5,5,4,5,5,5,3.77,0,0,FALSE
Female,Loyal Customer,27,Personal Travel,Eco,333,3,2,5,3,5,5,5,5,1,4,2,4,5,3.77,46,33,FALSE
Male,Loyal Customer,63,Business Travel,Business,1014,1,1,1,1,3,4,4,5,5,5,5,5,3,3.31,21,23,TRUE
Male,Loyal Customer,61,Personal Travel,Eco,1217,1,0,1,3,2,1,2,2,4,4,4,3,2,2.23,9,1,FALSE
Male,Loyal Customer,58,Personal Travel,Eco,1120,3,4,3,4,5,3,5,5,2,5,3,2,5,3.77,1,0,FALSE
Female,Loyal Customer,46,Business Travel,Business,2290,2,3,3,3,3,3,3,3,3,3,2,1,4,2.77,32,32,FALSE
Female,Loyal Customer,49,Business Travel,Business,2056,5,5,5,5,2,4,4,4,4,4,4,3,3,4,76,66,TRUE
Male,Loyal Customer,69,Personal Travel,Eco,2139,2,4,2,2,5,2,5,5,3,4,5,3,5,3.62,0,0,FALSE
Female,Loyal Customer,39,Business Travel,Eco,421,4,4,3,4,4,4,4,4,4,3,3,3,4,3.69,0,0,TRUE
Male,Loyal Customer,70,Personal Travel,Eco,965,4,5,4,3,4,4,4,4,4,5,5,5,4,4.23,0,10,FALSE
Male,Loyal Customer,48,Business Travel,Eco,463,4,1,1,1,4,4,4,4,3,4,2,5,4,3.15,0,0,TRUE
Male,Loyal Customer,37,Personal Travel,Eco,190,2,4,2,1,1,2,1,1,3,3,5,3,1,2.23,0,0,FALSE
Male,Disloyal Customer,50,Business Travel,Business,551,4,4,4,3,3,4,3,3,4,1,3,3,3,3.23,27,53,FALSE
Female,Loyal Customer,43,Personal Travel,Eco,761,4,4,4,5,5,4,4,5,5,4,5,3,4,4.31,78,81,FALSE
Female,Disloyal Customer,44,Business Travel,Business,671,2,2,2,3,4,2,4,4,3,5,4,3,4,3.23,0,0,TRUE
Female,Loyal Customer,40,Business Travel,Business,1235,4,5,4,4,5,4,4,2,2,2,2,4,5,3.62,0,0,TRUE
Female,Loyal Customer,49,Business Travel,Business,342,1,5,1,1,3,4,5,4,4,4,4,3,4,3.31,9,6,TRUE
Male,Disloyal Customer,22,Business Travel,Eco,438,5,4,5,4,3,4,3,3,4,5,4,3,3,3.85,41,50,TRUE
Male,Loyal Customer,55,Personal Travel,Eco,651,2,5,2,2,1,2,1,1,2,3,2,3,1,2.08,0,0,FALSE
Male,Loyal Customer,49,Business Travel,Business,3000,0,0,0,3,2,4,1,2,2,2,2,4,2,1.85,0,0,TRUE
Female,Loyal Customer,44,Business Travel,Eco,106,4,2,2,2,1,1,5,4,4,4,4,4,4,3.15,43,42,TRUE
Female,Loyal Customer,55,Business Travel,Business,1832,1,1,1,1,2,1,2,5,5,5,5,5,1,2.69,0,0,TRUE
Female,Loyal Customer,30,Business Travel,Business,1911,1,3,3,3,1,1,1,1,1,2,4,4,1,2,43,44,FALSE
Male,Loyal Customer,47,Business Travel,Business,985,2,2,2,2,4,4,5,5,5,5,5,5,5,3.92,0,12,TRUE
Male,Loyal Customer,59,Business Travel,Business,342,3,3,3,3,3,4,4,5,5,5,5,5,3,3.92,3,2,TRUE
Male,Disloyal Customer,35,Business Travel,Eco,679,1,0,0,3,3,0,3,3,1,1,3,2,3,1.77,91,85,FALSE
Male,Loyal Customer,29,Business Travel,Business,628,2,2,2,2,2,2,2,2,1,3,3,2,2,2.08,38,29,FALSE
Male,Loyal Customer,40,Personal Travel,Eco,1735,3,5,3,4,1,3,1,1,4,5,5,4,1,3.08,7,5,FALSE
Female,Disloyal Customer,41,Business Travel,Business,801,2,2,2,3,2,2,2,2,4,4,4,4,2,2.69,9,47,FALSE
Female,Loyal Customer,31,Personal Travel,Eco,1399,2,5,2,3,4,2,4,4,3,3,5,3,4,3.38,0,0,FALSE
Male,Loyal Customer,63,Personal Travel,Eco Plus,493,1,3,2,4,3,2,3,3,2,4,4,2,3,2.77,0,0,FALSE
Male,Loyal Customer,25,Business Travel,Business,1416,2,2,2,2,3,4,3,3,4,3,5,5,3,3.15,0,0,TRUE
Male,Loyal Customer,44,Business Travel,Business,3753,1,1,1,1,2,4,5,5,5,5,5,5,3,3.31,105,93,TRUE
Female,Loyal Customer,7,Personal Travel,Eco,468,1,5,1,3,5,1,2,5,3,4,4,5,5,3.38,0,0,FALSE
Male,Loyal Customer,60,Business Travel,Business,3176,2,5,5,5,4,2,2,2,2,2,2,4,3,3.08,5,0,FALSE
Female,Loyal Customer,7,Personal Travel,Eco,391,4,3,2,4,4,2,4,4,3,1,3,4,4,3.23,14,5,FALSE
Female,Loyal Customer,37,Personal Travel,Eco,689,1,5,1,5,4,1,4,4,3,1,4,2,4,3,0,0,FALSE
Female,Loyal Customer,58,Business Travel,Business,354,2,2,2,2,2,4,4,3,3,4,3,3,5,3,0,0,TRUE
Female,Disloyal Customer,30,Business Travel,Eco,1652,1,1,1,3,1,1,1,1,3,1,3,1,1,1.46,2,8,FALSE
Female,Disloyal Customer,37,Business Travel,Eco,1024,1,1,1,3,1,1,1,1,4,4,3,1,1,1.77,21,21,FALSE
Male,Loyal Customer,19,Personal Travel,Eco,1371,1,2,1,4,2,1,2,2,1,1,3,1,2,1.77,0,0,FALSE
Male,Loyal Customer,47,Business Travel,Business,1010,3,3,3,3,2,5,5,4,4,4,4,4,4,3.69,23,0,TRUE
Male,Loyal Customer,29,Personal Travel,Eco,607,2,4,2,4,3,2,3,3,5,4,5,4,3,3.38,0,0,FALSE
Female,Loyal Customer,8,Personal Travel,Eco,226,3,4,3,4,3,2,2,1,2,3,3,2,2,2.62,210,207,FALSE
Female,Loyal Customer,60,Personal Travel,Eco Plus,1726,3,4,3,2,3,5,5,5,4,3,5,5,5,4,178,145,FALSE
Male,Loyal Customer,45,Business Travel,Eco,1703,4,5,4,4,4,4,4,4,3,2,2,1,4,3.46,39,28,FALSE
Female,Disloyal Customer,22,Business Travel,Eco,1102,3,4,4,3,5,4,5,5,1,4,2,1,5,3.54,1,6,FALSE
Male,Loyal Customer,39,Personal Travel,Eco,1334,4,4,4,4,4,4,4,4,4,4,5,4,4,4.08,6,3,FALSE
Female,Loyal Customer,37,Business Travel,Business,2270,1,1,1,1,3,5,4,5,5,5,5,4,4,3.38,9,0,TRUE
Female,Loyal Customer,36,Business Travel,Business,2903,1,4,4,4,2,3,4,1,1,1,1,2,3,2.38,0,0,FALSE
Female,Loyal Customer,40,Business Travel,Eco,576,5,3,3,3,5,5,5,5,5,4,2,3,5,4.08,0,0,TRUE
Male,Loyal Customer,44,Personal Travel,Eco,197,2,4,2,2,1,2,1,1,3,3,5,3,1,2.31,81,88,FALSE
Male,Loyal Customer,32,Business Travel,Eco Plus,1192,4,4,4,4,4,4,4,4,4,5,4,2,4,3.92,0,11,FALSE
Male,Disloyal Customer,45,Business Travel,Business,1129,4,4,4,1,4,4,3,4,5,4,5,4,4,3.85,2,0,TRUE
Female,Loyal Customer,48,Business Travel,Business,2795,3,3,3,3,5,3,4,3,3,3,3,1,4,3.15,0,3,FALSE
Male,Loyal Customer,36,Business Travel,Business,3744,4,5,5,5,4,4,4,2,4,3,2,4,4,3.85,170,149,FALSE
Female,Loyal Customer,25,Business Travel,Eco Plus,696,2,2,4,4,2,2,4,2,2,5,4,1,2,2.77,0,0,FALSE
Female,Loyal Customer,47,Business Travel,Business,289,1,1,1,1,3,4,5,5,5,4,5,5,5,3.46,69,70,TRUE
Male,Disloyal Customer,17,Business Travel,Eco,414,2,3,2,4,5,2,5,5,4,2,3,3,5,3.46,0,0,FALSE
Male,Loyal Customer,14,Business Travel,Business,3315,4,4,4,4,5,5,5,5,2,4,1,1,5,3.77,0,0,TRUE
Female,Loyal Customer,57,Business Travel,Eco,372,1,5,5,5,5,4,4,1,1,1,1,4,4,3.15,0,6,FALSE
Male,Loyal Customer,38,Business Travel,Business,328,3,3,3,3,5,4,4,3,3,3,3,1,2,3.08,95,81,FALSE
Female,Loyal Customer,57,Personal Travel,Eco Plus,1608,4,5,4,3,5,5,5,1,1,4,1,4,4,3.54,0,0,FALSE
Male,Disloyal Customer,22,Business Travel,Business,315,5,0,5,3,4,5,4,4,4,5,4,3,4,3.85,0,2,TRUE
Female,Disloyal Customer,21,Business Travel,Eco,991,2,2,2,4,1,2,1,1,2,1,3,4,1,2,0,0,FALSE
Female,Loyal Customer,20,Business Travel,Business,373,3,5,5,5,3,3,3,3,4,2,4,3,3,3.54,0,0,FALSE
Female,Loyal Customer,40,Business Travel,Business,599,3,2,2,2,3,4,4,3,3,3,3,1,3,2.77,80,69,FALSE
Female,Loyal Customer,66,Personal Travel,Eco Plus,1547,1,5,1,2,5,3,5,5,5,1,2,3,3,3.15,3,0,FALSE
Female,Disloyal Customer,40,Business Travel,Business,674,3,4,4,3,2,4,2,2,1,1,3,1,2,2.46,0,0,FALSE
Female,Disloyal Customer,37,Business Travel,Eco,119,3,0,3,3,1,3,1,1,2,5,4,2,1,2.23,0,0,FALSE
Male,Loyal Customer,57,Business Travel,Business,3809,0,0,0,4,3,4,5,1,1,1,1,4,3,2.08,0,0,TRUE
Male,Disloyal Customer,27,Business Travel,Business,837,1,1,1,1,1,1,1,1,5,2,4,5,1,1.92,0,0,FALSE
Female,Loyal Customer,17,Personal Travel,Eco,1585,2,3,2,4,3,2,3,3,4,4,2,1,3,2.77,9,0,FALSE
Female,Disloyal Customer,35,Business Travel,Business,311,4,4,4,3,3,4,2,3,5,2,5,5,3,3.62,0,0,FALSE
Male,Loyal Customer,39,Business Travel,Business,2504,4,3,1,3,3,3,3,4,4,4,4,2,3,3.15,0,0,FALSE
Male,Loyal Customer,70,Personal Travel,Eco,1044,4,5,4,2,2,4,2,2,3,1,3,4,2,2.92,0,0,TRUE
Male,Loyal Customer,41,Business Travel,Business,719,1,1,1,1,4,5,4,4,4,5,4,3,5,3.23,0,0,TRUE
Female,Loyal Customer,30,Business Travel,Business,1797,4,5,5,5,4,3,4,4,4,2,4,1,4,3.77,15,0,FALSE
Male,Loyal Customer,71,Business Travel,Business,507,4,5,5,5,1,3,2,4,4,4,4,1,3,3.46,0,0,FALSE
Female,Loyal Customer,46,Personal Travel,Eco,759,2,4,2,3,3,5,5,4,4,2,4,4,4,3.54,0,0,FALSE
Male,Disloyal Customer,25,Business Travel,Eco,377,4,2,3,4,5,3,5,5,1,1,3,3,5,3.38,0,10,FALSE
Male,Loyal Customer,17,Business Travel,Eco,746,1,1,5,1,1,1,2,1,4,4,4,4,1,2.31,65,61,FALSE
Male,Loyal Customer,31,Personal Travel,Eco,683,3,4,3,3,2,3,2,2,3,2,4,5,2,2.92,0,0,FALSE
Female,Loyal Customer,13,Personal Travel,Eco,491,3,4,1,3,4,1,4,4,1,3,4,2,4,2.92,27,65,FALSE
Female,Loyal Customer,54,Business Travel,Business,1444,3,3,3,3,5,4,5,5,5,5,5,5,4,4.23,17,3,TRUE
Female,Disloyal Customer,29,Business Travel,Eco,622,4,0,4,2,2,4,2,2,5,4,3,5,2,3,0,6,FALSE
Female,Loyal Customer,42,Business Travel,Business,3669,2,2,5,2,1,1,4,4,4,4,4,1,1,2.69,0,0,TRUE
Male,Loyal Customer,27,Personal Travel,Eco,1217,3,4,3,1,4,3,3,4,5,2,4,4,4,3.38,0,0,FALSE
Male,Loyal Customer,13,Personal Travel,Eco Plus,925,3,4,4,1,2,4,1,2,3,5,1,5,2,2.85,8,0,FALSE
Male,Loyal Customer,22,Business Travel,Business,1990,5,5,5,5,5,5,5,5,5,4,5,4,5,4.85,0,0,TRUE
Male,Disloyal Customer,18,Business Travel,Eco,589,4,4,4,4,4,4,4,4,2,1,4,1,4,3.38,26,16,FALSE
Male,Loyal Customer,58,Personal Travel,Eco,222,2,3,2,4,5,2,4,5,1,2,3,2,5,3.08,16,10,FALSE
Female,Loyal Customer,13,Personal Travel,Eco,413,3,4,2,2,5,2,5,5,5,2,4,4,5,3.69,101,93,FALSE
Male,Loyal Customer,57,Personal Travel,Eco,1069,4,5,4,4,3,4,3,3,3,2,4,4,3,3.54,0,0,TRUE
Female,Loyal Customer,18,Personal Travel,Eco,300,2,4,4,3,2,4,2,2,1,3,4,2,2,2.69,41,27,FALSE
Female,Disloyal Customer,24,Business Travel,Eco,145,2,3,2,3,5,2,5,5,4,2,4,3,5,3.46,57,52,FALSE
Male,Loyal Customer,41,Business Travel,Business,882,1,1,1,1,2,4,4,5,5,5,5,3,3,3.08,0,0,TRUE
Male,Loyal Customer,42,Business Travel,Business,362,2,5,5,5,5,3,4,2,2,2,2,1,4,3.23,0,0,FALSE
Male,Loyal Customer,36,Personal Travel,Eco,591,5,5,5,3,4,5,4,4,4,5,5,4,4,4.38,0,0,TRUE
Male,Loyal Customer,38,Business Travel,Business,2220,2,5,3,5,2,2,2,4,4,4,4,2,2,3.15,165,155,FALSE
Male,Loyal Customer,24,Personal Travel,Eco,436,2,2,3,4,5,3,3,5,2,1,4,4,5,3.31,26,18,FALSE
Male,Loyal Customer,66,Personal Travel,Eco,349,2,4,2,4,4,2,4,4,1,1,4,2,4,2.92,0,4,FALSE
Male,Loyal Customer,41,Personal Travel,Eco,296,2,5,2,3,1,2,1,1,4,4,4,4,1,2.62,0,0,FALSE
Female,Loyal Customer,11,Business Travel,Eco,1061,3,3,3,3,3,3,2,3,4,5,4,2,3,3.15,0,0,FALSE
Male,Disloyal Customer,28,Business Travel,Business,551,4,4,4,3,1,4,1,1,4,2,4,3,1,2.77,0,0,FALSE
Female,Loyal Customer,63,Personal Travel,Eco,325,1,1,1,3,3,3,2,3,3,1,4,3,2,2.31,0,7,FALSE
Male,Disloyal Customer,27,Business Travel,Business,409,2,2,2,1,1,2,1,1,3,2,5,4,1,2.08,0,1,FALSE
Female,Loyal Customer,20,Personal Travel,Eco,964,3,5,3,4,4,3,4,4,3,3,5,3,4,3.69,0,0,FALSE
Male,Disloyal Customer,25,Business Travel,Business,287,2,1,2,4,1,2,1,1,1,4,4,2,1,2,0,0,FALSE
Female,Loyal Customer,50,Business Travel,Business,550,4,4,4,4,2,4,5,4,4,4,4,4,4,3.92,5,0,TRUE
Female,Loyal Customer,27,Business Travel,Eco Plus,717,3,3,3,3,3,3,3,3,4,2,3,1,3,2.85,0,0,FALSE
Female,Loyal Customer,39,Business Travel,Business,3613,1,1,1,1,2,4,5,4,4,4,4,4,4,3,3,5,TRUE
Male,Disloyal Customer,27,Business Travel,Business,140,2,1,1,4,3,1,3,3,3,4,3,1,3,2.46,0,0,FALSE
Female,Loyal Customer,40,Business Travel,Business,1837,4,4,4,4,4,4,5,4,4,4,4,5,4,4.15,44,23,TRUE
Male,Loyal Customer,43,Business Travel,Business,113,5,5,5,5,5,4,4,5,5,5,4,4,4,4.62,0,0,TRUE
Male,Loyal Customer,35,Business Travel,Eco,490,1,4,4,4,1,1,1,1,4,5,2,1,1,2.31,0,0,FALSE
Female,Loyal Customer,36,Business Travel,Business,373,5,5,5,5,4,4,4,5,5,5,5,5,3,4.62,27,22,TRUE
Female,Disloyal Customer,22,Business Travel,Business,240,5,4,5,3,2,4,2,2,5,4,5,3,2,3.54,0,12,TRUE
Female,Loyal Customer,20,Personal Travel,Eco,462,5,2,5,3,4,5,4,4,2,4,3,1,4,3.54,0,0,TRUE
Female,Loyal Customer,48,Business Travel,Business,247,3,3,3,3,2,5,5,5,5,5,5,3,4,3.92,0,0,TRUE
Male,Loyal Customer,26,Business Travel,Business,2560,2,2,2,2,4,4,4,4,5,3,4,3,4,3.31,0,0,TRUE
Male,Disloyal Customer,23,Business Travel,Business,285,2,1,2,2,1,2,1,1,4,2,3,2,1,1.85,95,85,FALSE
Male,Disloyal Customer,15,Business Travel,Eco,337,3,4,3,3,2,3,2,2,3,1,3,2,2,2.54,27,23,FALSE
Male,Loyal Customer,46,Business Travel,Business,314,0,0,0,3,3,4,5,4,4,4,4,4,3,2.92,0,1,TRUE
Male,Loyal Customer,49,Business Travel,Business,1440,1,1,1,1,4,5,4,4,4,4,4,4,5,3.23,0,0,TRUE
Male,Loyal Customer,28,Business Travel,Business,733,5,5,5,5,5,5,5,5,5,3,4,4,5,4.69,14,0,TRUE
Male,Loyal Customer,20,Business Travel,Eco Plus,414,5,2,2,2,5,5,3,5,4,2,5,4,5,3.77,0,0,TRUE
Female,Loyal Customer,38,Business Travel,Eco,2158,4,4,4,4,4,4,4,4,1,4,2,4,4,3.62,0,0,FALSE
Female,Loyal Customer,58,Business Travel,Business,3780,3,1,1,1,1,3,2,3,3,3,3,1,3,2.15,0,0,FALSE
Female,Loyal Customer,47,Business Travel,Eco Plus,201,5,2,2,2,1,4,3,5,5,5,5,4,5,3.69,0,0,TRUE
Female,Disloyal Customer,20,Business Travel,Business,1044,0,2,0,3,2,0,2,2,5,2,4,4,2,2.15,7,11,TRUE
Female,Loyal Customer,55,Business Travel,Business,986,2,2,2,2,5,5,4,4,4,4,4,3,4,3.46,0,0,TRUE
Female,Loyal Customer,49,Business Travel,Business,2886,4,4,4,4,2,5,5,5,5,5,5,4,5,4.38,5,3,TRUE
Female,Disloyal Customer,25,Business Travel,Eco,554,3,3,3,3,5,3,2,5,4,5,3,2,5,3.54,0,0,FALSE
Male,Disloyal Customer,35,Business Travel,Business,1066,2,2,2,2,5,2,5,5,4,2,5,4,5,3.46,0,0,FALSE
Male,Loyal Customer,32,Personal Travel,Eco,466,3,3,4,4,5,4,5,5,4,1,4,4,5,3.92,75,84,FALSE
Male,Loyal Customer,27,Business Travel,Business,1627,2,3,3,3,2,2,2,2,3,3,4,3,2,2.62,0,0,FALSE
Female,Disloyal Customer,34,Business Travel,Business,541,3,3,3,1,3,3,3,3,3,4,5,3,3,3.08,4,6,FALSE
Male,Loyal Customer,68,Business Travel,Eco,461,5,4,4,4,5,5,5,5,2,2,4,2,5,4,0,0,TRUE
Female,Loyal Customer,46,Business Travel,Eco,1471,4,3,2,3,4,1,4,4,4,4,4,2,3,3.23,1,6,TRUE
Female,Loyal Customer,31,Personal Travel,Eco,895,1,5,1,4,5,1,5,5,3,5,4,3,5,3.62,63,65,FALSE
Female,Disloyal Customer,25,Business Travel,Eco,896,4,4,4,1,4,4,4,4,3,3,4,5,4,3.69,5,3,FALSE
Female,Loyal Customer,8,Personal Travel,Eco,946,2,2,2,4,5,2,5,5,1,3,4,4,5,3.38,8,0,FALSE
Male,Loyal Customer,64,Business Travel,Eco,683,2,1,1,1,2,2,2,2,1,3,3,4,2,2,0,0,FALSE
Female,Loyal Customer,36,Business Travel,Business,3299,2,2,3,2,4,1,1,5,5,5,5,4,3,3.23,0,0,TRUE
Female,Disloyal Customer,28,Business Travel,Business,862,5,4,4,1,3,4,3,3,5,4,4,4,3,3.62,0,0,TRUE
Female,Loyal Customer,43,Business Travel,Business,283,5,5,4,5,5,5,5,5,5,4,5,4,4,4.69,2,0,TRUE
Male,Loyal Customer,57,Business Travel,Business,3164,5,5,2,5,3,5,4,5,5,5,5,5,5,4.54,1,0,TRUE
Female,Disloyal Customer,19,Business Travel,Eco,89,4,0,4,4,4,4,4,4,1,2,3,1,4,3,0,0,FALSE
Female,Disloyal Customer,15,Business Travel,Business,570,0,5,0,2,4,0,4,4,3,4,4,4,4,2.92,0,0,TRUE
Male,Loyal Customer,31,Personal Travel,Eco,213,1,5,1,4,2,1,2,2,2,1,1,2,2,2,0,0,FALSE
Male,Loyal Customer,53,Personal Travel,Eco,493,5,5,5,3,2,5,2,2,5,2,5,5,2,3.69,0,0,TRUE
Female,Loyal Customer,49,Business Travel,Business,1771,5,5,4,5,3,4,4,4,4,4,4,4,3,4.08,3,0,TRUE
Female,Loyal Customer,62,Business Travel,Eco Plus,456,4,3,3,3,3,1,2,4,4,4,4,2,3,3.08,28,57,FALSE
Female,Disloyal Customer,20,Business Travel,Eco,1045,3,3,3,2,3,3,3,3,4,4,4,5,3,3.31,0,0,FALSE
Female,Loyal Customer,12,Business Travel,Business,3043,3,2,2,2,3,2,3,3,4,1,4,3,3,2.69,20,3,FALSE
Male,Loyal Customer,78,Business Travel,Business,3953,2,4,5,4,3,3,3,3,3,3,2,4,3,3.23,0,0,FALSE
Male,Loyal Customer,44,Business Travel,Business,373,3,2,3,3,3,4,1,3,3,3,3,5,5,3.15,0,0,TRUE
Female,Loyal Customer,32,Business Travel,Business,2304,4,4,4,4,5,5,5,5,5,4,3,2,5,4.23,0,0,TRUE
Female,Loyal Customer,46,Personal Travel,Eco Plus,1587,0,2,0,3,3,3,3,4,4,0,4,4,1,2.38,5,0,TRUE
Female,Loyal Customer,53,Business Travel,Eco,591,2,2,2,2,3,3,5,2,2,2,2,4,3,2.62,14,33,TRUE
Female,Loyal Customer,58,Business Travel,Business,3427,2,2,2,2,1,2,3,5,5,5,5,3,4,3.15,30,29,TRUE
Male,Loyal Customer,41,Personal Travel,Eco,1024,4,5,4,4,5,4,5,5,3,1,2,2,5,3.77,0,0,TRUE
Female,Loyal Customer,79,Business Travel,Business,164,3,2,2,2,3,4,3,1,1,2,3,3,1,2.31,73,75,FALSE
Male,Loyal Customer,48,Business Travel,Business,2521,1,1,1,1,5,3,4,4,4,4,4,4,3,3,0,0,TRUE
Female,Loyal Customer,23,Business Travel,Business,1542,3,3,3,3,4,4,4,4,4,5,4,3,4,3.69,0,4,TRUE
Male,Loyal Customer,27,Business Travel,Business,255,3,3,3,3,4,4,4,4,4,5,5,4,4,3.85,1,0,TRUE
Female,Loyal Customer,41,Business Travel,Business,2163,1,1,1,1,2,4,5,5,5,5,5,3,3,3.15,0,0,TRUE
Male,Loyal Customer,50,Personal Travel,Business,1947,3,4,2,5,5,4,4,4,4,2,3,4,3,3.62,0,9,FALSE
Male,Loyal Customer,48,Business Travel,Business,1497,2,2,2,2,3,5,4,5,5,5,5,4,4,3.69,14,14,TRUE
Female,Loyal Customer,51,Business Travel,Business,3949,4,4,4,4,5,4,4,5,5,5,5,3,5,4.38,9,0,TRUE
Male,Disloyal Customer,56,Business Travel,Eco,166,4,0,4,2,1,4,1,1,1,4,3,5,1,2.38,0,0,TRUE
Female,Loyal Customer,50,Business Travel,Business,2176,1,1,1,1,3,3,5,4,4,3,4,4,5,3,11,0,TRUE
Female,Disloyal Customer,36,Business Travel,Eco,317,1,0,1,3,3,1,1,3,5,1,1,4,3,2.08,0,7,FALSE
Male,Loyal Customer,31,Business Travel,Eco,228,0,0,0,3,1,0,1,1,4,2,1,4,1,1.38,0,2,TRUE
Female,Loyal Customer,49,Business Travel,Business,895,5,5,5,5,3,4,5,4,4,4,4,3,3,4.15,0,0,TRUE
Male,Disloyal Customer,17,Business Travel,Eco,429,4,0,3,5,2,3,4,2,1,3,1,2,2,2.46,0,0,FALSE
Female,Disloyal Customer,23,Business Travel,Eco,332,2,2,2,3,3,2,3,3,4,3,4,1,3,2.69,14,23,FALSE
Female,Loyal Customer,53,Business Travel,Business,3913,5,5,2,5,5,4,4,4,4,4,4,4,3,4.08,0,0,TRUE
Male,Loyal Customer,38,Personal Travel,Business,1747,3,4,3,5,2,4,4,1,1,3,1,4,5,3.08,50,32,FALSE
Female,Loyal Customer,69,Business Travel,Eco Plus,197,1,1,4,4,4,2,2,1,1,1,1,2,1,1.92,32,27,FALSE
Male,Disloyal Customer,26,Business Travel,Eco,692,2,3,3,3,1,3,1,1,3,1,4,4,1,2.31,0,0,FALSE
Male,Loyal Customer,52,Business Travel,Business,2670,1,1,1,1,1,2,4,4,4,4,4,3,5,2.69,0,4,TRUE
Male,Loyal Customer,50,Business Travel,Business,3701,4,4,4,4,3,5,4,4,4,4,4,4,5,4.08,0,0,TRUE
Female,Disloyal Customer,38,Business Travel,Eco,516,3,0,4,4,4,4,4,4,1,5,3,4,4,3.38,7,11,FALSE
Female,Loyal Customer,57,Personal Travel,Eco,529,3,4,3,3,5,4,5,3,3,3,2,3,4,3.46,8,0,FALSE
Male,Loyal Customer,53,Business Travel,Business,3183,1,1,1,1,3,5,4,4,4,4,4,5,3,3.08,94,70,TRUE
Male,Loyal Customer,27,Business Travel,Eco,1074,5,4,5,4,5,5,5,5,1,4,1,2,5,3.92,0,0,TRUE
Male,Loyal Customer,22,Business Travel,Business,3795,1,1,1,1,4,4,4,4,3,2,4,1,4,2.62,0,0,TRUE
Female,Loyal Customer,47,Business Travel,Business,2687,1,1,1,1,2,4,4,4,4,4,4,5,5,3.08,0,0,TRUE
Female,Disloyal Customer,26,Business Travel,Eco,541,1,0,2,3,3,2,3,3,3,2,4,3,3,2.46,0,0,FALSE
Male,Loyal Customer,20,Personal Travel,Eco,1136,3,4,3,4,5,3,5,5,3,5,3,4,5,4,0,5,FALSE
Male,Loyal Customer,41,Business Travel,Business,1590,4,4,4,4,3,5,4,2,2,2,2,3,3,3.23,40,37,TRUE
Female,Loyal Customer,25,Business Travel,Business,1416,3,3,3,3,4,4,4,4,5,5,5,2,4,3.77,0,0,TRUE
Male,Loyal Customer,65,Business Travel,Business,954,1,1,4,1,1,4,2,4,4,4,4,3,4,2.85,2,0,TRUE
Male,Loyal Customer,44,Personal Travel,Eco,327,3,1,3,4,3,3,3,3,2,2,4,2,3,2.77,7,11,FALSE
Female,Disloyal Customer,24,Business Travel,Eco,1327,3,2,2,2,3,3,3,1,5,3,4,3,3,2.85,0,0,TRUE
Male,Loyal Customer,41,Business Travel,Business,1571,3,3,3,3,3,4,4,4,4,4,4,4,4,3.62,0,0,TRUE
Female,Loyal Customer,65,Personal Travel,Eco,566,2,4,2,3,4,1,2,1,1,2,1,3,2,2.15,0,4,FALSE
Female,Loyal Customer,11,Personal Travel,Eco,196,3,5,3,3,1,3,1,1,3,2,4,5,1,2.69,0,0,FALSE
Male,Loyal Customer,8,Personal Travel,Eco,1956,2,2,2,4,4,2,3,4,2,4,2,3,4,2.92,0,0,FALSE
Female,Loyal Customer,55,Business Travel,Business,366,3,1,1,1,1,3,3,3,3,3,3,1,4,2.31,0,0,FALSE
Female,Loyal Customer,46,Personal Travel,Eco,1121,2,5,2,4,3,5,5,2,2,2,3,5,5,3.46,19,13,FALSE
Female,Disloyal Customer,25,Business Travel,Business,667,3,0,3,2,3,3,3,3,4,5,4,5,3,3.15,0,0,FALSE
Male,Loyal Customer,17,Business Travel,Business,2234,2,5,5,5,2,1,2,2,2,5,3,2,2,2.92,0,0,FALSE
Female,Loyal Customer,48,Business Travel,Business,3108,5,5,5,5,3,5,5,5,5,5,5,5,3,4.69,48,39,TRUE
Female,Loyal Customer,53,Business Travel,Eco,679,4,1,1,1,5,4,5,4,4,4,4,1,1,3,0,4,TRUE
Male,Loyal Customer,33,Personal Travel,Eco,1096,3,3,3,3,4,3,4,4,1,2,3,3,4,3.08,0,0,FALSE
Female,Loyal Customer,55,Business Travel,Business,763,2,2,2,2,2,4,4,3,3,3,3,5,4,3,0,6,TRUE
Male,Disloyal Customer,24,Business Travel,Eco,270,0,5,0,4,3,0,3,3,2,3,4,1,3,2.38,0,0,TRUE
Male,Loyal Customer,31,Personal Travel,Eco,620,2,5,2,5,1,2,1,1,4,5,4,4,1,2.85,41,30,FALSE
Female,Loyal Customer,46,Business Travel,Business,3247,2,2,2,2,3,4,4,4,4,4,4,3,5,3.31,81,62,TRUE
Male,Loyal Customer,16,Personal Travel,Business,1183,3,4,3,4,3,3,3,3,3,5,4,4,3,3.46,57,69,FALSE
Female,Loyal Customer,14,Business Travel,Eco,834,4,5,5,5,4,4,4,4,4,5,4,5,4,4.38,0,14,TRUE
Male,Loyal Customer,41,Business Travel,Business,2475,1,1,1,1,4,4,4,5,5,4,5,4,4,3.31,4,12,TRUE
Male,Loyal Customer,47,Business Travel,Eco,2588,4,4,4,4,4,4,4,2,5,3,3,4,4,3.77,187,165,TRUE
Male,Loyal Customer,80,Business Travel,Business,436,2,1,3,1,5,4,4,2,2,2,2,1,1,2.31,10,6,FALSE
Female,Loyal Customer,64,Personal Travel,Eco,235,2,5,2,1,2,4,4,4,4,2,1,5,4,3.08,0,0,FALSE
Male,Loyal Customer,48,Personal Travel,Eco,438,3,1,3,4,5,3,5,5,3,2,4,3,5,3.54,40,36,FALSE
Male,Loyal Customer,49,Business Travel,Business,2433,2,2,2,2,5,4,5,4,4,4,4,4,3,3.46,0,0,TRUE
Female,Loyal Customer,54,Business Travel,Business,3007,2,2,2,2,5,4,5,4,4,4,4,3,5,3.54,0,0,TRUE
Female,Disloyal Customer,42,Business Travel,Business,1635,3,3,3,4,3,3,3,3,5,5,4,3,3,3.46,0,0,FALSE
Male,Loyal Customer,17,Personal Travel,Business,488,2,2,4,4,2,4,2,2,4,3,4,4,2,3,19,18,FALSE
Male,Loyal Customer,44,Business Travel,Business,1511,5,5,5,5,4,4,5,5,5,5,5,4,5,4.77,10,0,TRUE
Female,Loyal Customer,31,Business Travel,Business,248,3,3,3,3,5,5,5,5,3,5,5,5,5,4.23,209,203,TRUE
Female,Loyal Customer,67,Business Travel,Business,2953,2,4,4,4,1,4,3,2,2,2,2,4,2,2.77,14,0,FALSE
Male,Loyal Customer,43,Personal Travel,Eco Plus,236,1,4,1,3,4,1,4,4,4,4,5,3,4,3.23,0,5,FALSE
Male,Loyal Customer,35,Business Travel,Eco,479,3,4,4,4,3,3,3,3,2,2,4,1,3,3,7,5,FALSE
Male,Loyal Customer,35,Business Travel,Eco Plus,216,3,1,1,1,3,3,3,3,1,3,3,4,3,2.46,0,0,TRUE
Female,Disloyal Customer,44,Business Travel,Eco Plus,585,2,2,2,4,3,2,3,3,1,2,2,1,3,2.31,0,9,FALSE
Female,Loyal Customer,13,Personal Travel,Eco,323,1,2,1,3,5,1,5,5,3,1,3,2,5,2.85,0,0,FALSE
Female,Loyal Customer,15,Business Travel,Eco Plus,639,1,1,1,1,1,1,3,1,1,1,4,2,1,1.46,0,0,FALSE
Male,Loyal Customer,46,Business Travel,Business,3794,1,1,1,1,4,4,3,1,1,1,1,4,3,2,81,83,FALSE
Male,Loyal Customer,28,Business Travel,Business,3277,2,2,2,2,4,4,4,4,5,4,5,5,4,3.62,0,0,TRUE
Male,Loyal Customer,20,Personal Travel,Eco,846,1,2,1,4,2,1,1,2,2,1,4,3,2,2,1,0,FALSE
Male,Loyal Customer,46,Business Travel,Business,3631,2,5,5,5,4,3,3,4,4,4,2,2,1,3.38,0,4,FALSE
Female,Loyal Customer,60,Business Travel,Business,986,2,2,2,2,4,5,5,3,3,4,3,5,5,3.46,0,0,TRUE
Male,Loyal Customer,24,Business Travel,Business,1536,3,3,3,3,4,4,4,4,3,2,4,1,4,3.23,0,0,TRUE
Male,Loyal Customer,15,Business Travel,Business,2075,3,1,1,1,3,3,3,2,5,4,3,3,3,2.69,463,503,FALSE
Female,Loyal Customer,65,Personal Travel,Eco,626,3,4,3,4,5,5,5,2,2,3,2,3,3,3.38,0,0,FALSE
Male,Disloyal Customer,30,Business Travel,Business,861,3,3,3,3,1,3,1,1,5,3,4,5,1,2.77,0,0,FALSE
Male,Disloyal Customer,30,Business Travel,Eco Plus,944,4,4,4,3,4,4,4,4,3,2,3,3,4,3.54,0,0,FALSE
Male,Loyal Customer,66,Business Travel,Business,247,2,2,2,2,3,5,4,4,4,4,4,3,3,3.23,0,0,TRUE
Female,Loyal Customer,24,Personal Travel,Eco Plus,522,3,4,3,2,3,3,2,3,5,3,5,3,3,3.23,0,0,FALSE
Female,Loyal Customer,24,Personal Travel,Eco,991,3,3,3,4,3,2,3,1,2,3,3,3,3,2.77,164,149,FALSE
Male,Disloyal Customer,44,Business Travel,Business,328,3,2,2,3,2,3,2,2,4,3,5,4,2,2.85,15,17,FALSE
Male,Loyal Customer,59,Business Travel,Business,2329,1,1,1,1,5,4,4,4,4,4,4,4,5,3.23,12,0,TRUE
Male,Loyal Customer,26,Personal Travel,Eco,666,3,4,3,4,3,3,3,3,3,1,4,3,3,3.08,8,2,FALSE
Male,Loyal Customer,27,Business Travel,Eco,1197,2,5,1,1,2,2,2,2,4,3,4,3,2,2.54,0,0,FALSE
Female,Loyal Customer,51,Personal Travel,Eco,1009,1,2,1,4,1,2,2,2,2,3,3,2,2,2.08,180,233,FALSE
Female,Loyal Customer,60,Business Travel,Business,308,2,2,3,2,4,4,4,4,4,4,4,5,4,3.54,58,55,TRUE
Female,Loyal Customer,24,Personal Travel,Eco,761,4,5,4,2,2,4,1,2,3,4,5,3,2,3.15,42,58,FALSE
Male,Loyal Customer,25,Business Travel,Business,2821,2,2,2,2,5,5,5,5,3,3,4,5,5,3.69,21,7,TRUE
Male,Loyal Customer,40,Personal Travel,Eco,780,1,5,1,3,1,1,1,1,5,2,5,3,1,2.31,0,10,FALSE
Male,Loyal Customer,58,Business Travel,Business,588,5,5,5,5,4,5,4,5,5,5,5,5,4,4.77,19,21,TRUE
Male,Loyal Customer,73,Business Travel,Business,223,4,2,4,4,1,3,1,5,5,5,4,4,5,3.62,0,0,TRUE
Male,Loyal Customer,43,Business Travel,Business,1846,1,1,1,1,3,4,4,4,4,4,4,3,4,2.92,0,0,TRUE
Male,Disloyal Customer,26,Business Travel,Business,2615,4,4,4,4,4,3,3,4,5,5,5,3,3,3.92,0,14,TRUE
Female,Loyal Customer,51,Personal Travel,Eco,528,5,5,4,2,5,5,5,2,2,4,2,5,3,3.77,19,3,TRUE
Male,Loyal Customer,57,Business Travel,Business,1733,5,5,4,5,2,5,4,4,4,4,4,3,5,4.15,0,0,TRUE
Female,Loyal Customer,54,Business Travel,Business,1337,1,1,1,1,4,4,5,4,4,4,4,3,4,3.08,5,16,TRUE
Female,Loyal Customer,29,Business Travel,Business,589,4,2,4,4,2,2,2,2,3,1,1,3,2,2.46,0,0,TRUE
Female,Loyal Customer,15,Personal Travel,Eco,116,2,3,0,2,4,0,4,4,2,5,4,5,4,3,0,0,FALSE
Male,Loyal Customer,50,Business Travel,Business,3831,1,1,1,1,5,5,4,4,4,4,4,5,3,3.23,0,0,TRUE
Female,Loyal Customer,29,Business Travel,Business,3359,1,1,1,1,5,5,5,5,4,2,5,5,5,3.46,74,75,TRUE
Male,Loyal Customer,45,Personal Travel,Business,793,4,1,4,3,3,3,4,2,2,4,2,1,4,2.85,0,29,FALSE
Female,Loyal Customer,54,Personal Travel,Eco,901,3,4,3,3,4,3,3,5,5,3,5,5,5,3.92,11,2,FALSE
Male,Loyal Customer,8,Personal Travel,Eco,1009,2,4,2,4,2,2,5,2,1,2,1,1,2,2.31,3,32,FALSE
Female,Loyal Customer,47,Business Travel,Business,3888,1,1,1,1,5,4,5,5,5,5,5,4,5,3.62,0,2,TRUE
Female,Disloyal Customer,28,Business Travel,Eco Plus,476,1,1,1,2,3,1,3,3,4,3,3,2,3,2.31,0,5,FALSE
Male,Loyal Customer,29,Business Travel,Eco Plus,1984,2,2,2,2,2,3,2,2,2,3,4,3,2,2.38,2,20,FALSE
Female,Loyal Customer,68,Personal Travel,Eco,547,1,0,1,3,5,3,5,2,2,1,2,5,3,2.54,15,33,FALSE
Female,Loyal Customer,57,Business Travel,Business,2667,0,5,0,4,4,4,4,2,2,2,2,4,5,2.92,89,78,TRUE
Male,Loyal Customer,9,Personal Travel,Eco,2475,2,5,2,3,2,3,3,3,4,4,4,3,3,3.15,1,2,FALSE
Female,Disloyal Customer,22,Business Travel,Eco,125,3,1,3,3,2,3,5,2,3,2,4,1,2,2.62,10,7,FALSE
Female,Loyal Customer,31,Business Travel,Business,224,1,3,3,3,2,2,1,2,1,4,1,4,2,2.23,71,98,FALSE
Female,Loyal Customer,65,Personal Travel,Eco,1754,2,3,2,3,4,2,3,3,3,2,3,3,3,2.77,0,14,FALSE
Male,Loyal Customer,54,Business Travel,Business,1007,3,3,3,3,4,5,4,4,4,4,4,3,5,3.77,0,0,TRUE
Female,Loyal Customer,51,Personal Travel,Eco,685,3,3,3,3,4,2,3,5,5,3,5,1,1,3.15,0,0,FALSE
Female,Loyal Customer,13,Business Travel,Business,1517,3,3,3,3,5,5,5,5,5,3,5,4,5,4.15,2,18,TRUE
Male,Loyal Customer,15,Personal Travel,Business,89,3,5,3,3,4,3,4,4,4,4,5,4,4,3.85,0,0,FALSE
Female,Loyal Customer,37,Business Travel,Business,3244,1,3,3,3,5,4,4,1,1,1,1,3,3,2.54,114,102,FALSE
Female,Loyal Customer,8,Personal Travel,Eco,789,3,4,3,4,3,3,3,3,4,1,3,4,3,3.15,0,0,FALSE
Female,Loyal Customer,34,Personal Travel,Eco,386,3,4,3,3,1,3,1,1,4,5,5,4,1,2.92,16,11,FALSE
Female,Loyal Customer,36,Personal Travel,Eco,488,2,4,4,1,2,4,2,2,3,5,4,5,2,3.08,7,0,FALSE
Male,Disloyal Customer,44,Business Travel,Business,1303,3,3,3,5,2,3,3,2,5,4,4,5,2,3.38,0,0,FALSE
Female,Loyal Customer,38,Personal Travel,Eco,515,2,5,2,3,5,2,5,5,4,3,5,5,5,3.92,0,0,FALSE
Male,Disloyal Customer,27,Business Travel,Eco,530,4,3,4,3,5,4,5,5,3,2,3,1,5,3.62,7,7,FALSE
Male,Loyal Customer,63,Personal Travel,Eco,432,5,1,5,3,3,5,3,3,4,1,4,2,3,3.23,0,0,TRUE
Male,Loyal Customer,63,Business Travel,Eco,926,3,3,3,3,2,3,2,2,1,4,3,3,2,2.62,6,0,FALSE
Female,Loyal Customer,54,Personal Travel,Eco,284,3,5,3,2,2,5,5,1,1,3,1,3,3,2.85,0,6,FALSE
Female,Loyal Customer,57,Business Travel,Business,258,0,0,0,1,4,4,4,3,3,3,3,3,3,2.38,7,7,TRUE
Female,Loyal Customer,54,Business Travel,Eco,416,2,5,2,5,1,3,3,2,2,2,2,2,1,2.46,0,0,FALSE
Female,Loyal Customer,38,Business Travel,Eco,337,4,5,5,5,4,4,4,4,4,3,2,1,4,3.77,0,3,TRUE
Male,Loyal Customer,48,Business Travel,Business,1235,2,4,4,4,5,4,3,2,2,2,2,4,1,3,46,37,FALSE
Male,Loyal Customer,47,Personal Travel,Eco,371,4,3,4,4,1,4,1,1,2,4,5,1,1,2.69,0,4,FALSE
Female,Disloyal Customer,48,Business Travel,Business,295,4,4,4,2,2,4,2,2,4,2,4,4,2,3.08,0,0,FALSE
Male,Loyal Customer,36,Business Travel,Eco,236,4,2,1,1,4,3,4,4,5,1,1,2,4,2.77,5,0,TRUE
Female,Loyal Customer,35,Personal Travel,Eco,1892,3,4,3,3,2,3,3,2,3,4,3,4,2,3,0,11,FALSE
Female,Loyal Customer,13,Personal Travel,Business,1145,3,4,3,1,3,3,3,3,3,2,4,1,3,2.77,0,0,FALSE
Male,Loyal Customer,24,Business Travel,Business,2941,2,2,2,2,3,3,3,3,4,2,5,3,3,2.85,0,0,TRUE
Female,Loyal Customer,26,Business Travel,Business,1968,3,3,3,3,4,4,4,4,3,2,4,3,4,3.38,0,0,TRUE
Female,Loyal Customer,47,Business Travel,Eco,349,5,2,2,2,2,3,5,5,5,5,5,3,1,3.46,13,0,TRUE
Male,Loyal Customer,57,Personal Travel,Eco,992,4,4,4,1,2,4,2,2,4,3,4,4,2,3.08,0,0,FALSE
Male,Loyal Customer,41,Business Travel,Business,1925,1,1,3,1,5,4,4,5,5,5,5,5,5,3.77,7,0,TRUE
Male,Loyal Customer,63,Personal Travel,Eco,761,2,4,2,3,1,2,1,1,4,2,3,4,1,2.31,8,12,FALSE
Female,Loyal Customer,57,Business Travel,Business,280,3,5,5,5,2,3,3,3,3,3,3,2,4,3.38,52,53,FALSE
Female,Disloyal Customer,50,Business Travel,Business,192,5,5,5,4,3,5,3,3,4,5,5,3,3,4.08,21,12,TRUE
Male,Loyal Customer,49,Business Travel,Business,1853,5,5,5,5,4,4,5,4,4,4,4,5,5,4.54,0,0,TRUE
Male,Loyal Customer,25,Business Travel,Business,1874,1,1,1,1,2,2,2,2,5,5,3,5,2,2.46,0,0,TRUE
Female,Disloyal Customer,20,Business Travel,Eco,201,2,0,2,1,3,2,3,3,4,4,3,3,3,2.54,0,0,FALSE
Female,Loyal Customer,27,Personal Travel,Eco,369,1,2,5,4,5,5,5,5,4,3,4,2,5,3.85,0,0,FALSE
Female,Loyal Customer,48,Business Travel,Business,3741,2,2,2,2,2,5,5,4,4,4,5,3,3,3.31,0,0,TRUE
Female,Loyal Customer,35,Business Travel,Business,3158,3,1,2,2,3,3,3,3,3,3,3,4,3,2.77,0,0,FALSE
Female,Loyal Customer,76,Business Travel,Eco,391,4,1,1,1,3,2,3,4,4,4,4,1,3,2.69,7,17,FALSE
Female,Loyal Customer,29,Business Travel,Business,985,2,2,5,2,2,2,2,2,4,2,3,2,2,2.46,139,131,FALSE
Male,Loyal Customer,54,Personal Travel,Eco Plus,406,2,5,2,4,5,2,5,5,3,5,5,4,5,4,0,0,FALSE
Female,Disloyal Customer,28,Business Travel,Business,1460,1,1,1,4,5,1,5,5,4,5,5,5,5,3.62,0,0,FALSE
Female,Loyal Customer,38,Business Travel,Business,1855,4,4,4,4,4,5,5,4,4,4,4,4,3,4.08,22,16,TRUE
Female,Loyal Customer,43,Business Travel,Eco,733,3,3,3,3,2,4,3,3,3,3,3,4,3,3.08,56,36,FALSE
Female,Loyal Customer,23,Personal Travel,Eco,479,1,3,1,4,1,1,1,1,2,2,4,2,1,1.85,50,40,FALSE
Female,Loyal Customer,51,Personal Travel,Eco,223,5,4,5,1,4,4,4,3,3,5,3,4,3,3.69,0,0,TRUE
Female,Loyal Customer,57,Business Travel,Business,1481,1,1,1,1,5,4,5,4,4,5,4,3,3,3.15,0,0,TRUE
Female,Loyal Customer,8,Personal Travel,Eco,507,2,4,2,5,3,2,3,3,3,4,2,4,3,3.08,46,38,FALSE
Female,Loyal Customer,57,Business Travel,Business,405,2,2,2,2,3,5,5,3,3,3,3,4,3,3.08,38,35,TRUE
Male,Loyal Customer,47,Business Travel,Business,1454,5,5,4,5,3,4,5,4,4,5,4,4,4,4.31,1,0,TRUE
Male,Loyal Customer,48,Business Travel,Business,2389,3,3,3,3,5,4,5,4,4,4,4,4,3,3.77,6,1,TRUE
Male,Loyal Customer,50,Business Travel,Business,1136,3,3,3,3,3,4,5,5,5,5,5,5,5,4.15,5,0,TRUE
Female,Loyal Customer,30,Business Travel,Business,3931,2,1,2,2,4,4,4,4,3,3,5,5,4,3.31,0,0,TRUE
Male,Loyal Customer,50,Business Travel,Business,3570,3,2,2,2,2,4,4,3,3,2,3,2,2,2.62,5,0,FALSE
Male,Loyal Customer,57,Business Travel,Business,3430,2,2,2,2,5,4,4,4,4,4,4,3,3,3.31,3,4,TRUE
Male,Loyal Customer,50,Business Travel,Business,1792,4,4,4,4,3,3,5,4,4,4,4,5,1,3.77,0,0,TRUE
Female,Loyal Customer,14,Personal Travel,Eco,1096,3,2,3,2,5,3,5,5,4,5,2,4,5,3.69,2,0,FALSE
Male,Loyal Customer,22,Business Travel,Business,2443,1,5,3,5,1,1,1,1,1,4,3,2,1,2.23,0,7,FALSE
Male,Loyal Customer,58,Business Travel,Business,227,2,2,4,2,3,5,5,4,4,4,4,4,4,3.62,0,0,TRUE
Female,Loyal Customer,42,Business Travel,Business,3460,1,1,2,1,1,1,1,1,5,2,2,1,1,1.54,255,244,FALSE
Male,Loyal Customer,53,Personal Travel,Eco,733,1,4,1,3,5,1,5,5,4,2,4,4,5,3.38,0,0,FALSE
Female,Disloyal Customer,18,Business Travel,Eco,1170,4,4,4,1,3,4,3,3,4,2,5,4,3,3.38,1,0,TRUE
Female,Loyal Customer,65,Business Travel,Eco,412,4,3,3,3,4,1,1,3,3,4,3,1,2,2.69,10,2,TRUE
Female,Loyal Customer,29,Personal Travel,Eco,888,3,2,3,3,1,3,1,1,2,4,2,1,1,2.08,37,38,FALSE
Female,Loyal Customer,32,Business Travel,Business,3683,2,2,2,2,4,4,4,5,1,2,2,4,4,2.92,170,164,TRUE
Male,Loyal Customer,36,Business Travel,Business,268,5,5,5,5,1,4,1,4,4,4,4,1,1,3.38,0,0,TRUE
Male,Loyal Customer,62,Personal Travel,Eco,964,3,4,3,3,2,3,2,2,3,3,4,3,2,2.85,30,16,FALSE
Female,Loyal Customer,51,Business Travel,Business,2756,5,5,5,5,3,2,3,4,4,4,4,5,3,4,2,21,TRUE
Female,Disloyal Customer,29,Business Travel,Business,1315,3,3,3,4,1,3,1,1,3,3,4,5,1,2.69,0,0,FALSE
Male,Loyal Customer,57,Business Travel,Business,2704,5,5,5,5,4,3,3,3,2,4,4,3,3,3.77,10,12,TRUE
Female,Loyal Customer,46,Business Travel,Business,1069,2,2,2,2,2,4,4,5,5,5,5,4,5,3.62,23,3,TRUE
Female,Loyal Customer,37,Business Travel,Eco,102,4,5,5,5,4,4,4,4,4,4,1,4,4,4,0,0,FALSE
Male,Loyal Customer,48,Personal Travel,Eco,967,4,4,4,1,4,4,4,4,4,4,5,5,4,3.92,0,0,TRUE
Male,Loyal Customer,59,Business Travel,Business,515,1,4,4,4,2,4,3,1,1,1,1,4,3,2.54,0,0,FALSE
Male,Loyal Customer,35,Business Travel,Eco,1846,5,4,4,4,5,5,5,5,3,3,2,3,5,4.08,0,0,TRUE
Male,Loyal Customer,14,Personal Travel,Eco Plus,622,2,4,3,3,4,3,4,4,5,5,5,5,4,3.92,0,0,FALSE
Male,Loyal Customer,67,Personal Travel,Eco,1874,4,4,4,4,3,4,3,3,4,3,4,2,3,3.46,0,6,FALSE
Female,Loyal Customer,33,Personal Travel,Eco,1096,3,4,3,4,2,3,2,2,1,3,4,4,2,2.85,3,0,FALSE
Male,Loyal Customer,10,Personal Travel,Eco,366,1,5,1,5,1,1,1,1,3,1,4,4,1,2.23,0,0,FALSE
Male,Disloyal Customer,25,Business Travel,Eco,1010,2,2,2,4,1,2,1,1,5,5,5,5,1,2.77,0,0,FALSE
Male,Loyal Customer,69,Business Travel,Eco,463,2,4,4,4,2,2,2,2,2,2,3,4,2,2.69,0,11,FALSE
Female,Disloyal Customer,49,Business Travel,Business,762,3,3,3,3,1,3,1,1,4,5,5,4,1,2.85,10,24,FALSE
Male,Loyal Customer,30,Personal Travel,Eco,817,4,4,4,3,4,4,4,4,4,1,4,4,4,3.69,0,0,TRUE
Male,Loyal Customer,31,Business Travel,Business,224,2,5,5,5,3,3,2,3,4,5,4,2,3,3.54,0,6,FALSE
Female,Disloyal Customer,26,Business Travel,Eco,331,4,2,4,3,3,4,4,3,2,3,4,3,3,3.23,50,49,FALSE
Male,Loyal Customer,65,Business Travel,Business,200,1,2,2,2,2,3,4,2,2,2,1,1,2,2,42,34,FALSE
Male,Loyal Customer,48,Personal Travel,Business,341,2,4,2,5,2,4,4,5,3,4,5,4,4,3.69,174,,FALSE
Male,Loyal Customer,26,Personal Travel,Eco Plus,1739,3,5,3,2,2,3,2,2,5,4,5,4,2,3.23,0,0,FALSE
Female,Loyal Customer,29,Personal Travel,Eco,2300,3,5,3,2,1,3,1,1,1,2,4,2,1,2.23,0,0,FALSE
Male,Loyal Customer,44,Business Travel,Business,3511,2,2,2,2,4,5,5,4,4,5,4,4,4,3.62,0,21,TRUE
Female,Disloyal Customer,36,Business Travel,Eco Plus,141,1,1,1,4,4,1,4,4,1,3,3,2,4,2.54,39,20,FALSE
Female,Loyal Customer,30,Business Travel,Business,2777,5,5,5,5,4,4,4,2,5,5,1,4,4,4.08,0,8,TRUE
Male,Disloyal Customer,23,Business Travel,Eco,551,4,0,4,5,4,4,4,4,5,3,1,3,4,3.46,0,0,TRUE
Male,Disloyal Customer,22,Business Travel,Eco,1046,3,2,2,4,1,2,1,1,3,3,3,3,1,2.23,0,0,FALSE
Male,Loyal Customer,13,Personal Travel,Eco,599,2,2,2,4,5,2,3,5,2,2,3,3,5,3.08,0,5,FALSE
Female,Disloyal Customer,26,Business Travel,Eco,584,3,4,3,4,2,3,2,2,2,5,3,1,2,2.77,17,29,FALSE
Male,Loyal Customer,19,Personal Travel,Eco,985,4,5,4,1,3,4,3,3,3,2,4,5,3,3.38,1,0,FALSE
Male,Loyal Customer,32,Personal Travel,Eco,719,3,5,3,3,2,3,2,2,5,3,4,3,2,3.08,12,0,FALSE
Female,Disloyal Customer,22,Business Travel,Eco,532,4,3,4,3,5,4,5,5,4,3,5,5,5,4.23,0,0,TRUE
Male,Disloyal Customer,25,Business Travel,Eco,1440,5,0,0,3,5,5,5,5,3,4,4,5,5,3.77,16,34,TRUE
Male,Loyal Customer,7,Personal Travel,Eco,106,2,1,2,2,5,2,2,5,2,1,2,4,5,2.69,0,0,FALSE
Female,Loyal Customer,45,Personal Travel,Eco,649,3,5,3,4,3,5,1,4,4,3,4,1,3,3.31,0,0,FALSE
Female,Loyal Customer,34,Business Travel,Business,2654,1,1,1,1,3,5,5,4,4,4,4,4,5,3.23,0,0,TRUE
Male,Loyal Customer,67,Personal Travel,Eco,214,4,0,4,5,5,4,5,5,1,5,4,1,5,3.69,0,0,TRUE
Female,Loyal Customer,26,Business Travel,Business,731,1,1,1,1,4,4,4,4,3,4,4,5,4,3.08,0,0,TRUE
Female,Disloyal Customer,25,Business Travel,Eco,1111,2,2,2,4,5,2,2,5,4,4,4,2,5,3.31,0,9,FALSE
Male,Disloyal Customer,23,Business Travel,Eco,771,1,1,1,1,4,1,1,4,3,5,2,4,4,2.46,7,21,FALSE
Male,Loyal Customer,53,Personal Travel,Eco,2565,2,5,2,4,5,2,5,5,2,2,5,2,5,3.54,38,36,FALSE
Male,Disloyal Customer,23,Business Travel,Business,214,5,5,5,2,4,5,4,4,4,2,5,5,4,4.15,10,60,TRUE
Male,Loyal Customer,33,Business Travel,Eco,328,4,1,1,1,5,5,5,5,1,5,1,5,5,3.38,0,0,TRUE
Female,Disloyal Customer,27,Business Travel,Eco,1145,3,3,3,3,5,3,5,5,2,1,3,2,5,3.31,0,6,FALSE
Female,Loyal Customer,23,Business Travel,Eco Plus,784,0,3,0,2,0,5,5,1,2,1,5,5,5,2.62,138,186,TRUE
Male,Disloyal Customer,25,Business Travel,Eco,101,2,5,1,1,4,1,4,4,1,5,5,3,4,3.08,0,2,FALSE
Male,Loyal Customer,26,Business Travel,Business,3528,2,4,4,4,2,2,2,2,4,3,4,2,2,2.85,0,0,FALSE
Male,Loyal Customer,38,Business Travel,Business,2686,2,5,3,3,3,2,3,2,2,2,2,2,2,2.54,0,8,FALSE
Female,Disloyal Customer,52,Business Travel,Business,879,3,3,3,3,3,3,3,3,4,3,5,5,3,3.38,18,17,FALSE
Female,Disloyal Customer,49,Business Travel,Eco,667,1,0,1,5,2,1,5,2,1,2,1,5,2,2.15,36,30,FALSE
Male,Loyal Customer,32,Business Travel,Business,3075,2,5,5,5,2,2,2,2,2,1,3,2,2,2.69,0,0,FALSE
Male,Loyal Customer,55,Business Travel,Business,1576,5,5,5,5,5,4,5,4,4,4,4,5,5,4.62,8,0,TRUE
Male,Loyal Customer,36,Personal Travel,Eco Plus,762,1,5,1,1,3,1,3,3,5,5,5,5,3,3.15,0,8,FALSE
Male,Loyal Customer,51,Business Travel,Business,507,2,2,3,2,3,5,4,5,5,5,5,5,3,3.77,0,0,TRUE
Female,Loyal Customer,65,Personal Travel,Eco,1020,3,3,3,2,2,4,1,5,5,3,5,1,1,2.92,0,2,FALSE
Male,Loyal Customer,48,Business Travel,Business,2726,1,1,1,1,4,5,5,4,4,4,4,5,3,3.23,60,55,TRUE
Female,Loyal Customer,17,Business Travel,Eco,295,1,1,0,4,2,0,2,2,3,2,3,3,2,1.92,3,5,FALSE
Female,Loyal Customer,27,Business Travel,Business,3316,1,4,3,4,1,1,1,1,4,5,4,4,1,2.62,5,5,FALSE
Male,Loyal Customer,43,Personal Travel,Eco Plus,991,1,5,1,4,4,1,4,4,4,2,4,4,4,3.23,8,24,FALSE
Male,Disloyal Customer,9,Business Travel,Eco,814,3,3,3,1,3,3,4,3,3,5,5,3,3,3.23,0,0,FALSE
Female,Loyal Customer,66,Personal Travel,Eco,2136,2,4,1,3,3,5,5,1,1,1,1,3,5,2.69,4,0,FALSE
Male,Disloyal Customer,38,Business Travel,Business,277,4,4,4,1,3,4,3,3,3,5,5,5,3,3.62,0,0,FALSE
Female,Disloyal Customer,26,Business Travel,Business,209,3,3,3,4,1,3,1,1,2,2,4,2,1,2.31,6,88,FALSE
Male,Loyal Customer,69,Personal Travel,Eco,1547,1,5,1,4,3,1,5,3,3,2,4,4,3,3,122,111,FALSE
Female,Loyal Customer,68,Personal Travel,Eco,526,2,1,2,2,5,2,1,5,5,2,5,2,2,2.77,1,1,FALSE
Male,Loyal Customer,39,Business Travel,Business,594,2,5,2,2,2,4,4,5,5,5,5,3,4,3.69,26,29,TRUE
Male,Loyal Customer,21,Personal Travel,Eco,859,2,5,2,4,1,2,1,1,5,5,1,4,1,2.62,0,5,FALSE
Male,Loyal Customer,62,Business Travel,Business,1863,2,2,2,2,2,4,5,5,5,5,5,3,5,3.62,0,0,TRUE
Male,Loyal Customer,60,Personal Travel,Eco,1488,1,4,1,3,3,1,3,3,3,3,5,4,3,2.85,0,0,FALSE
Male,Loyal Customer,42,Business Travel,Business,3399,3,3,3,3,4,4,4,5,5,5,5,4,4,4,0,0,TRUE
Male,Loyal Customer,37,Business Travel,Business,574,2,2,2,2,5,4,1,4,4,4,4,1,3,2.92,7,2,TRUE
Male,Loyal Customer,17,Business Travel,Business,2075,4,4,4,4,2,2,2,2,5,3,5,3,2,3.23,0,0,TRUE
Female,Loyal Customer,52,Business Travel,Business,822,2,2,2,2,2,5,4,5,5,5,5,5,3,3.62,0,0,TRUE
Female,Loyal Customer,77,Business Travel,Business,319,4,4,1,4,3,4,4,4,4,4,4,1,3,3.38,0,15,FALSE
Female,Loyal Customer,63,Personal Travel,Eco,1522,3,4,3,4,2,5,5,5,5,3,5,4,5,4.08,37,42,FALSE
Female,Loyal Customer,15,Business Travel,Business,1857,3,3,3,3,4,4,4,4,4,4,4,4,4,3.69,0,0,TRUE
Male,Loyal Customer,66,Business Travel,Business,261,4,1,4,4,5,5,4,4,4,4,4,2,3,3.69,0,0,TRUE
Female,Loyal Customer,67,Business Travel,Business,3442,5,5,5,5,4,5,5,5,5,5,5,4,5,4.85,27,15,TRUE
Male,Disloyal Customer,22,Business Travel,Eco,821,3,3,3,4,1,3,1,1,2,3,4,1,1,2.31,0,0,FALSE
Male,Disloyal Customer,19,Business Travel,Eco,2065,3,3,3,4,4,3,4,4,3,2,3,3,4,3.31,4,11,FALSE
Male,Loyal Customer,52,Personal Travel,Eco,2402,3,4,3,3,2,3,4,2,5,3,5,3,2,3.23,36,17,FALSE
Male,Loyal Customer,30,Business Travel,Business,1535,5,5,3,5,4,4,4,4,3,4,5,4,4,4.15,0,0,TRUE
Female,Loyal Customer,13,Personal Travel,Eco,282,1,1,1,3,4,1,4,4,4,1,2,4,4,2.62,0,0,FALSE
Female,Loyal Customer,27,Personal Travel,Eco,1007,4,3,4,5,4,4,3,4,1,4,1,5,4,3.54,10,10,FALSE
Female,Loyal Customer,40,Business Travel,Business,1438,3,3,3,3,3,4,4,5,5,4,5,3,5,3.85,0,0,TRUE
Female,Loyal Customer,34,Personal Travel,Eco,248,4,4,4,5,5,4,1,5,5,3,5,3,5,4.08,2,0,FALSE
Male,Disloyal Customer,26,Business Travel,Business,345,3,2,4,4,1,4,3,1,1,3,4,2,1,2.54,56,49,FALSE
Female,Loyal Customer,52,Business Travel,Business,1488,5,5,5,5,2,4,5,4,4,4,4,3,4,4.15,4,0,TRUE
Male,Loyal Customer,27,Business Travel,Eco Plus,342,4,2,2,2,4,4,4,4,4,4,4,4,4,3.54,24,23,FALSE
Male,Loyal Customer,38,Business Travel,Business,3258,2,3,3,3,5,4,4,2,2,2,2,3,4,3,107,122,FALSE
Male,Loyal Customer,47,Business Travel,Business,122,0,4,0,3,4,5,5,5,5,5,5,4,3,3.69,0,0,TRUE
Female,Disloyal Customer,35,Business Travel,Eco,184,1,0,0,4,4,0,4,4,3,4,2,2,4,2.46,0,0,FALSE
Male,Loyal Customer,14,Personal Travel,Eco,1107,3,5,3,2,2,3,2,2,3,5,5,3,2,3.08,0,0,FALSE
Male,Loyal Customer,44,Business Travel,Business,2612,5,5,5,5,3,4,5,4,4,4,4,3,5,4.31,29,22,TRUE
Female,Loyal Customer,55,Business Travel,Business,1024,2,3,3,3,1,2,3,2,2,2,2,1,2,2.15,10,2,FALSE
Male,Loyal Customer,26,Business Travel,Business,2093,1,1,3,1,4,4,4,4,2,4,3,4,4,3,0,0,TRUE
Male,Loyal Customer,17,Personal Travel,Eco,1514,1,2,1,4,4,1,4,4,4,2,3,3,4,2.85,39,18,FALSE
Male,Loyal Customer,41,Personal Travel,Eco,2288,0,2,0,3,4,0,4,4,3,5,3,1,4,2.54,0,0,TRUE
Male,Loyal Customer,25,Business Travel,Business,2655,2,1,1,1,2,2,2,2,3,3,4,4,2,2.23,0,17,FALSE
Male,Disloyal Customer,48,Business Travel,Business,247,1,1,1,2,4,1,4,4,5,5,4,3,4,3,0,0,FALSE
Female,Loyal Customer,50,Personal Travel,Eco,439,4,5,4,2,4,5,5,5,5,4,2,4,4,4.08,0,0,TRUE
Female,Loyal Customer,8,Personal Travel,Eco,1011,3,5,4,4,2,4,3,2,4,2,4,5,2,3.38,3,12,FALSE
Male,Disloyal Customer,27,Business Travel,Eco,584,3,2,3,2,4,3,4,4,1,5,2,1,4,2.92,10,0,FALSE
Male,Loyal Customer,23,Personal Travel,Eco,365,4,4,4,3,2,4,4,2,5,2,4,3,2,3.31,1,0,FALSE
Female,Loyal Customer,47,Business Travel,Business,3166,2,2,3,2,4,1,4,5,5,5,5,2,2,3.23,7,0,TRUE
Female,Loyal Customer,39,Business Travel,Business,3826,3,3,3,3,2,4,5,4,4,4,4,5,4,3.69,0,0,TRUE
Female,Disloyal Customer,20,Business Travel,Eco,147,3,5,3,5,5,3,2,5,2,2,2,3,5,3.46,0,0,FALSE
Female,Loyal Customer,22,Personal Travel,Eco,2556,4,5,3,4,5,3,5,5,2,4,1,5,5,3.92,0,0,FALSE
Male,Disloyal Customer,19,Business Travel,Eco,282,2,2,2,3,1,2,1,1,3,1,3,1,1,1.77,1,0,FALSE
Male,Loyal Customer,18,Personal Travel,Eco,534,3,1,3,4,1,3,1,1,4,3,4,2,1,2.38,6,29,FALSE
Female,Loyal Customer,25,Personal Travel,Eco,337,1,4,1,4,4,1,4,4,5,4,4,4,4,3.38,0,0,FALSE
Female,Loyal Customer,53,Business Travel,Eco,284,5,4,4,4,3,2,2,5,5,5,5,4,5,4.08,0,0,TRUE
Female,Loyal Customer,35,Business Travel,Eco,1744,2,3,3,3,2,2,2,2,1,4,4,1,2,2.38,5,10,FALSE
Male,Loyal Customer,42,Business Travel,Business,2540,2,2,2,2,3,5,5,4,4,5,4,3,5,3.54,3,7,TRUE
Male,Loyal Customer,57,Business Travel,Business,820,2,2,3,2,5,2,1,4,4,4,4,5,4,3.23,0,0,TRUE
Female,Disloyal Customer,37,Business Travel,Business,594,5,4,4,2,3,4,5,3,4,5,4,5,3,3.92,124,109,TRUE
Male,Loyal Customer,48,Business Travel,Business,2392,3,3,3,3,3,3,4,3,3,3,3,2,1,2.85,14,17,FALSE
Female,Loyal Customer,45,Personal Travel,Eco,1379,3,1,3,3,3,2,2,5,5,3,5,1,1,2.85,0,95,FALSE
Male,Loyal Customer,56,Personal Travel,Eco,550,5,4,5,2,4,5,4,4,3,5,5,5,4,4.23,0,0,TRUE
Female,Loyal Customer,60,Business Travel,Business,3967,2,5,1,5,1,3,4,2,2,2,2,1,3,2.54,8,1,FALSE
Male,Loyal Customer,22,Business Travel,Business,2448,5,5,5,5,3,3,3,3,4,2,4,4,3,3.77,0,4,TRUE
Female,Loyal Customer,29,Business Travel,Business,1491,1,1,1,1,5,5,5,5,3,5,4,3,5,3.38,50,53,TRUE
Female,Disloyal Customer,36,Business Travel,Eco Plus,325,2,2,2,3,4,2,4,4,4,5,3,3,4,3.23,0,0,FALSE
Male,Loyal Customer,43,Personal Travel,Eco,594,2,4,2,4,5,2,3,5,4,2,5,4,5,3.62,30,26,FALSE
Female,Loyal Customer,49,Business Travel,Business,975,3,3,3,3,4,4,3,5,5,5,5,2,1,3.54,0,3,TRUE
Female,Disloyal Customer,29,Business Travel,Business,632,2,2,2,3,1,2,4,1,3,4,5,4,1,2.62,0,0,FALSE
Male,Loyal Customer,39,Business Travel,Business,784,4,4,4,4,4,5,5,3,3,3,3,2,3,3.62,80,69,TRUE
Female,Loyal Customer,46,Business Travel,Business,1999,5,4,5,5,3,4,5,5,5,5,5,5,4,4.62,9,0,TRUE
Male,Loyal Customer,49,Business Travel,Business,404,4,4,4,4,4,4,2,5,5,5,5,1,5,4,0,0,TRUE
Female,Loyal Customer,43,Business Travel,Business,2949,1,3,3,3,5,3,3,1,1,1,1,3,4,2.46,41,31,FALSE
Male,Loyal Customer,54,Business Travel,Eco Plus,140,3,1,1,1,3,3,3,3,1,1,4,4,3,2.38,0,0,FALSE
Female,Loyal Customer,28,Personal Travel,Eco,216,2,4,0,4,2,0,2,2,3,4,5,3,2,2.54,0,0,FALSE
Female,Loyal Customer,24,Personal Travel,Eco,534,1,4,1,1,4,1,4,4,5,4,4,4,4,3.15,0,0,FALSE
Male,Loyal Customer,41,Personal Travel,Eco,1076,2,1,2,3,1,2,4,1,1,3,2,4,1,2.08,0,53,FALSE
Male,Loyal Customer,18,Personal Travel,Eco,368,2,4,1,4,2,1,2,2,2,1,2,1,2,2,0,0,FALSE
Female,Loyal Customer,45,Business Travel,Eco Plus,257,1,3,3,3,4,3,4,1,1,1,1,3,2,2.31,0,0,FALSE
Male,Loyal Customer,56,Personal Travel,Eco Plus,1325,1,5,1,1,1,1,3,1,4,5,4,4,1,2.46,35,66,FALSE
Female,Loyal Customer,61,Personal Travel,Eco,1547,2,4,2,4,5,4,5,3,3,2,4,5,3,3.54,0,0,FALSE
Female,Loyal Customer,36,Business Travel,Eco Plus,481,2,5,5,5,2,2,2,2,4,1,4,2,2,2.92,9,9,FALSE
Male,Loyal Customer,49,Personal Travel,Eco,402,4,4,4,2,3,4,3,3,4,2,5,4,3,3.46,0,0,FALSE
Female,Loyal Customer,42,Business Travel,Eco,680,4,2,2,2,4,4,3,4,4,4,4,1,2,3.08,0,0,TRUE
Female,Disloyal Customer,37,Business Travel,Business,468,4,4,4,4,4,4,1,4,4,5,5,5,4,4,0,0,TRUE
Male,Loyal Customer,28,Business Travel,Business,2440,3,3,3,3,4,4,4,4,5,1,1,3,4,3.23,0,0,TRUE
Female,Loyal Customer,36,Personal Travel,Eco,399,0,5,0,3,4,0,4,4,3,5,5,3,4,3.08,0,0,TRUE
Female,Disloyal Customer,25,Business Travel,Eco Plus,1075,4,5,4,3,2,4,2,2,3,3,2,4,2,3.08,0,0,FALSE
Female,Loyal Customer,44,Business Travel,Business,1389,5,5,5,5,4,4,4,5,5,5,5,3,4,4.54,0,19,TRUE
Female,Loyal Customer,41,Personal Travel,Business,236,2,5,2,3,2,4,3,4,4,2,4,1,2,2.92,8,0,FALSE
Female,Disloyal Customer,22,Business Travel,Eco,612,2,4,2,2,1,2,1,1,5,2,4,3,1,2.31,89,78,FALSE
Male,Disloyal Customer,28,Business Travel,Eco,764,4,4,4,3,4,4,4,4,5,3,5,3,4,3.92,37,68,FALSE
Female,Loyal Customer,11,Personal Travel,Eco,409,1,2,1,3,5,1,4,5,2,5,3,2,5,3,0,0,FALSE
Male,Loyal Customer,44,Business Travel,Business,355,4,4,4,4,4,5,4,3,3,3,3,3,4,3.69,0,0,TRUE
Female,Disloyal Customer,43,Business Travel,Eco,125,4,2,3,4,3,3,3,3,4,5,3,3,3,3.31,45,47,FALSE
Female,Loyal Customer,49,Personal Travel,Eco,483,3,4,3,1,3,5,4,2,2,3,2,5,4,3.15,0,0,FALSE
Male,Loyal Customer,40,Business Travel,Business,2644,5,5,5,5,4,4,5,5,5,5,5,4,3,4.62,44,36,TRUE
Male,Loyal Customer,30,Business Travel,Business,3179,3,5,5,5,3,3,3,3,1,2,3,1,3,3.08,0,0,FALSE
Female,Loyal Customer,40,Business Travel,Business,1407,4,4,5,4,5,5,4,4,4,4,4,3,4,4.15,15,0,TRUE
Male,Loyal Customer,39,Business Travel,Business,2425,3,3,3,3,2,5,4,5,5,4,5,4,3,3.77,0,0,TRUE
Female,Disloyal Customer,20,Business Travel,Eco,468,2,0,2,5,2,2,5,2,3,3,4,3,2,2.69,2,0,FALSE
Female,Loyal Customer,44,Business Travel,Business,646,2,4,2,2,4,5,5,5,5,5,5,4,3,3.92,3,0,TRUE
Male,Disloyal Customer,23,Business Travel,Business,590,5,0,5,1,1,5,1,1,3,2,5,3,1,2.54,37,55,TRUE
Female,Loyal Customer,53,Personal Travel,Eco,650,3,3,3,2,2,3,2,3,3,3,3,2,4,2.77,2,29,FALSE
Female,Loyal Customer,31,Business Travel,Business,284,0,0,0,1,2,2,2,2,4,5,3,4,2,2.08,0,0,TRUE
Male,Disloyal Customer,42,Business Travel,Business,404,3,3,3,4,1,3,5,1,5,4,4,4,1,3.15,0,0,FALSE
Male,Loyal Customer,40,Business Travel,Eco,163,5,5,5,5,5,5,5,5,1,2,2,2,5,4,0,0,TRUE
Male,Loyal Customer,47,Business Travel,Business,3085,3,3,3,3,3,5,4,5,5,5,5,3,3,3.85,0,0,TRUE
Female,Loyal Customer,23,Business Travel,Eco,1739,1,5,5,5,2,2,1,4,5,4,4,1,1,3.08,188,169,FALSE
Male,Loyal Customer,35,Business Travel,Business,447,4,3,3,3,4,4,3,4,4,4,4,1,2,3.31,0,1,FALSE
Female,Loyal Customer,39,Business Travel,Business,3200,3,3,3,3,2,3,3,3,3,2,3,1,2,2.62,69,53,FALSE
Female,Loyal Customer,56,Business Travel,Business,763,4,4,4,4,5,5,4,4,4,4,4,3,3,4,53,58,TRUE
Male,Disloyal Customer,23,Business Travel,Eco,862,2,1,1,1,4,1,4,4,1,3,3,2,4,2.38,15,25,FALSE
Male,Loyal Customer,31,Business Travel,Business,2474,5,5,5,5,4,4,4,4,4,2,2,4,4,4,0,0,TRUE
Female,Loyal Customer,39,Business Travel,Business,409,4,4,4,4,3,4,5,4,4,4,4,4,4,4,0,7,TRUE
Male,Loyal Customer,61,Personal Travel,Eco Plus,1598,1,2,1,3,4,1,4,4,2,1,3,2,4,2.46,32,71,FALSE
Male,Disloyal Customer,38,Business Travel,Eco,759,2,1,1,4,4,1,4,4,3,5,4,3,4,3.08,6,0,FALSE
Female,Disloyal Customer,30,Business Travel,Eco,947,2,2,2,5,4,2,4,4,5,5,1,1,4,3.15,0,0,FALSE
Male,Loyal Customer,60,Personal Travel,Eco,214,2,0,2,4,2,2,3,2,5,4,5,3,2,2.77,0,0,FALSE
Male,Loyal Customer,45,Business Travel,Business,551,1,1,1,1,2,4,5,4,4,4,4,4,5,3.08,0,0,TRUE
Male,Loyal Customer,38,Business Travel,Eco,201,3,5,5,5,3,3,3,3,5,5,2,5,3,3.85,0,0,TRUE
Female,Disloyal Customer,21,Business Travel,Eco,1055,1,1,1,3,2,1,2,2,2,1,3,4,2,1.92,0,0,FALSE
Male,Loyal Customer,53,Personal Travel,Eco,752,3,5,3,2,4,3,4,4,3,3,4,3,4,3.46,11,4,FALSE
Female,Loyal Customer,44,Business Travel,Business,2484,5,5,5,5,2,4,5,5,5,5,5,3,3,4.38,0,0,TRUE
Female,Loyal Customer,29,Business Travel,Business,2296,2,2,3,2,4,4,4,4,3,2,3,5,4,3.23,2,72,TRUE
Female,Loyal Customer,39,Personal Travel,Eco,599,3,2,3,3,5,3,5,5,4,2,3,4,5,3.62,5,0,FALSE
Male,Loyal Customer,51,Personal Travel,Eco Plus,500,4,4,4,5,2,4,2,2,5,3,4,5,2,3.54,26,7,FALSE
Female,Loyal Customer,36,Business Travel,Business,3742,2,3,3,3,2,4,3,3,3,3,2,2,2,2.69,0,0,FALSE
Female,Loyal Customer,27,Personal Travel,Eco Plus,1205,4,5,4,3,4,4,4,4,5,2,4,4,4,3.92,4,0,FALSE
Female,Loyal Customer,45,Business Travel,Business,3377,4,4,4,4,2,4,5,4,4,5,4,4,4,4,8,13,TRUE
Female,Loyal Customer,43,Business Travel,Business,1089,3,3,3,3,2,4,5,4,4,4,4,3,3,3.46,24,16,TRUE
Female,Disloyal Customer,34,Personal Travel,Eco,1184,1,5,1,3,4,1,4,4,4,5,3,4,4,3.31,0,0,FALSE
Female,Loyal Customer,42,Business Travel,Business,3145,1,4,1,1,4,4,5,3,3,3,3,5,4,3.15,0,50,TRUE
Male,Loyal Customer,42,Business Travel,Business,1900,1,1,1,1,1,3,4,5,5,5,5,5,3,3.08,0,0,TRUE
Female,Loyal Customer,50,Business Travel,Business,2354,4,4,4,4,1,4,2,4,4,4,4,5,2,3.54,0,0,TRUE
Female,Disloyal Customer,25,Business Travel,Eco,491,4,0,4,3,1,4,1,1,3,5,5,2,1,2.62,0,0,FALSE
Female,Loyal Customer,62,Business Travel,Eco,337,4,4,4,4,3,4,3,4,4,4,4,3,1,3.54,0,0,FALSE
Male,Loyal Customer,24,Personal Travel,Eco,750,5,1,5,1,3,5,3,3,3,2,1,3,3,2.92,0,0,TRUE
Female,Loyal Customer,25,Business Travel,Business,2139,3,3,1,3,4,5,4,4,3,5,4,5,4,3.69,13,6,TRUE
Female,Loyal Customer,42,Personal Travel,Eco,864,2,5,2,3,4,4,5,4,4,2,4,5,5,3.77,9,9,FALSE
Female,Loyal Customer,25,Business Travel,Business,3405,2,5,5,5,2,2,2,2,4,5,3,2,2,3.15,1,0,FALSE
Female,Loyal Customer,47,Business Travel,Eco,337,1,4,4,4,1,4,3,1,1,1,1,4,2,2.38,34,34,FALSE
Female,Disloyal Customer,23,Business Travel,Eco,325,0,0,0,1,2,0,2,2,3,4,5,3,2,1.85,0,0,TRUE
Female,Disloyal Customer,21,Business Travel,Eco,898,4,4,4,4,1,4,2,1,5,5,5,4,1,3.38,4,0,FALSE
Female,Loyal Customer,40,Personal Travel,Eco,733,4,2,3,3,3,4,4,4,5,3,4,4,4,3.62,158,155,TRUE
Male,Loyal Customer,12,Personal Travel,Eco,1217,2,1,2,2,5,2,3,5,3,2,2,2,5,2.77,0,0,FALSE
Male,Loyal Customer,47,Business Travel,Business,3914,2,2,2,2,3,3,5,5,5,5,5,1,3,3.31,0,0,TRUE
Male,Loyal Customer,39,Personal Travel,Eco,631,3,4,3,2,5,3,5,5,4,4,4,4,5,3.92,8,25,FALSE
Female,Loyal Customer,57,Personal Travel,Eco Plus,950,3,3,2,3,1,4,3,3,3,2,3,4,2,2.77,0,0,FALSE
Male,Loyal Customer,35,Business Travel,Business,2107,2,2,2,2,4,3,4,2,2,2,2,3,4,2.62,0,5,FALSE
Male,Loyal Customer,43,Business Travel,Business,237,1,1,1,1,3,5,5,4,4,4,4,3,3,3,0,0,TRUE
Female,Disloyal Customer,25,Business Travel,Eco,869,1,1,1,5,4,1,1,4,3,2,3,1,4,2.38,14,2,FALSE
Female,Loyal Customer,51,Business Travel,Business,3447,0,5,0,2,4,4,4,5,5,5,5,5,3,3.62,0,0,TRUE
Female,Loyal Customer,47,Business Travel,Business,461,2,5,5,5,1,4,3,2,2,1,2,3,3,2.92,0,0,FALSE
Female,Loyal Customer,23,Business Travel,Business,546,4,4,4,4,4,3,4,4,5,5,1,4,4,3.85,0,1,TRUE
Male,Loyal Customer,27,Personal Travel,Eco,784,4,4,4,3,1,4,1,1,5,3,5,3,1,3,19,8,FALSE
Female,Loyal Customer,57,Personal Travel,Business,134,4,3,4,2,3,3,5,2,2,4,4,4,4,3.38,6,7,FALSE
Male,Loyal Customer,55,Business Travel,Eco,599,2,1,1,1,2,2,2,2,3,5,3,1,2,2.08,12,2,TRUE
Male,Disloyal Customer,22,Business Travel,Eco,1123,1,1,1,3,1,1,1,1,3,4,4,4,1,2,7,15,FALSE
Male,Loyal Customer,45,Business Travel,Business,1242,1,1,1,1,2,5,4,5,5,5,5,5,3,3.31,0,0,TRUE
Female,Loyal Customer,39,Business Travel,Business,479,4,4,4,4,2,5,5,3,3,4,3,5,4,3.85,0,0,TRUE
Female,Loyal Customer,54,Business Travel,Business,2584,3,3,3,3,2,5,5,2,2,2,2,4,4,3.08,14,0,TRUE
Male,Loyal Customer,39,Business Travel,Business,1773,1,4,4,4,4,2,3,1,1,1,1,4,1,2.38,0,0,FALSE
Male,Loyal Customer,32,Business Travel,Business,2265,4,4,4,4,4,4,4,4,4,2,5,4,4,3.92,0,6,TRUE
Female,Loyal Customer,19,Personal Travel,Eco,772,4,1,4,3,3,4,3,3,2,1,3,3,3,2.85,0,0,TRUE
Female,Loyal Customer,40,Business Travel,Eco,438,5,3,3,3,5,5,5,5,3,4,5,2,5,4.08,0,0,TRUE
Male,Loyal Customer,59,Personal Travel,Business,862,4,5,4,4,5,4,5,3,3,4,2,4,5,4,0,0,FALSE
Female,Loyal Customer,43,Business Travel,Business,3565,3,3,3,3,2,5,1,3,3,3,3,4,1,2.85,109,102,TRUE
Male,Loyal Customer,48,Business Travel,Business,994,2,2,2,2,4,4,5,3,3,4,3,4,5,3.31,0,0,TRUE
Female,Loyal Customer,46,Business Travel,Business,2100,1,1,1,1,4,2,4,5,5,5,5,5,1,3.08,0,0,TRUE
Male,Loyal Customer,31,Personal Travel,Eco,639,2,3,2,3,5,2,5,5,1,1,3,3,5,3.08,16,44,FALSE
Male,Loyal Customer,61,Personal Travel,Eco,120,0,5,0,3,3,0,3,3,5,2,3,5,3,2.69,0,0,TRUE
Male,Loyal Customer,45,Business Travel,Business,651,5,5,5,5,4,4,5,5,5,5,5,2,3,4.46,0,0,TRUE
Female,Loyal Customer,37,Personal Travel,Eco,813,5,0,5,4,4,5,4,4,3,5,4,5,4,4,8,5,TRUE
Female,Loyal Customer,13,Personal Travel,Eco,2409,1,1,0,4,4,0,4,4,2,2,3,4,4,2.54,0,0,FALSE
Female,Loyal Customer,48,Business Travel,Business,3524,3,3,3,3,2,5,4,3,3,4,3,5,4,3.46,0,0,TRUE
Female,Loyal Customer,46,Business Travel,Business,280,3,3,1,3,3,4,4,4,4,4,4,3,4,3.38,0,0,TRUE
Male,Loyal Customer,32,Business Travel,Business,258,3,2,2,2,3,3,3,3,1,3,4,1,3,2.54,0,3,FALSE
Male,Disloyal Customer,22,Business Travel,Eco,337,5,0,5,1,5,5,5,5,1,3,3,2,5,3.46,0,0,TRUE
Female,Loyal Customer,50,Business Travel,Business,2390,4,4,4,4,4,4,5,5,5,5,4,3,5,4.31,0,5,TRUE
Female,Disloyal Customer,22,Business Travel,Business,1005,4,1,4,4,5,4,5,5,2,4,3,4,5,3.85,0,0,FALSE
Male,Loyal Customer,45,Business Travel,Eco,577,3,3,3,3,3,3,3,3,2,1,2,1,3,2.54,0,5,FALSE
Female,Loyal Customer,60,Business Travel,Business,3687,3,3,1,3,3,4,5,4,4,5,4,4,5,3.69,0,0,TRUE
Female,Loyal Customer,21,Personal Travel,Business,762,4,4,4,3,4,4,4,4,5,1,1,2,4,3.38,16,22,FALSE
Male,Loyal Customer,15,Personal Travel,Eco,270,4,5,4,2,5,4,5,5,4,2,1,4,5,3.85,86,80,FALSE
Female,Loyal Customer,26,Personal Travel,Eco,257,3,4,0,3,5,0,5,5,1,1,3,4,5,3,11,4,FALSE
Male,Disloyal Customer,24,Business Travel,Business,1182,4,0,4,1,4,4,4,4,3,4,4,3,4,3.31,0,0,TRUE
Male,Loyal Customer,58,Business Travel,Business,2637,1,1,1,1,3,5,4,5,5,5,5,5,3,3.38,0,0,TRUE
Female,Loyal Customer,52,Personal Travel,Eco,731,2,4,2,3,2,4,3,4,4,2,4,5,4,3.31,8,4,FALSE
Female,Disloyal Customer,59,Business Travel,Eco,271,3,1,3,3,1,3,1,1,1,4,3,3,1,2.15,59,52,FALSE
Female,Loyal Customer,55,Business Travel,Business,1823,4,4,4,4,4,3,4,4,4,3,4,1,4,3.62,5,0,FALSE
Female,Loyal Customer,23,Personal Travel,Eco,569,4,4,4,2,4,4,1,4,3,5,4,5,4,3.69,67,63,TRUE
Male,Loyal Customer,40,Business Travel,Business,201,4,4,4,4,3,5,5,4,4,4,4,4,4,4.08,0,0,TRUE
Male,Loyal Customer,50,Business Travel,Business,1587,3,3,3,3,2,5,4,4,4,4,4,4,4,3.62,0,0,TRUE
Male,Loyal Customer,38,Business Travel,Business,1009,1,1,2,1,4,5,5,4,4,4,4,4,4,3.31,0,0,TRUE
Female,Loyal Customer,11,Personal Travel,Eco,1587,3,5,3,2,2,3,2,2,3,5,4,4,2,3.08,15,6,FALSE
Male,Loyal Customer,56,Business Travel,Eco,187,2,5,5,5,2,2,2,2,4,1,4,4,2,3.08,0,0,FALSE
Male,Loyal Customer,46,Business Travel,Business,1703,1,1,1,1,2,5,5,2,2,2,2,4,3,2.38,0,0,TRUE
Male,Loyal Customer,51,Personal Travel,Eco,1452,1,5,1,2,3,1,3,3,4,4,5,3,3,2.92,23,6,FALSE
Male,Loyal Customer,42,Business Travel,Business,122,1,1,1,1,3,4,5,4,4,4,5,3,4,3.08,0,0,TRUE
Male,Loyal Customer,48,Personal Travel,Eco,689,3,5,3,2,3,3,5,3,3,1,5,5,3,3.38,13,13,FALSE
Female,Disloyal Customer,27,Business Travel,Eco Plus,2065,2,2,2,1,1,2,1,1,4,4,5,3,1,2.23,0,1,FALSE
Male,Loyal Customer,45,Business Travel,Eco,1749,4,2,2,2,4,4,4,4,4,2,4,3,4,3.31,0,0,FALSE
Male,Loyal Customer,27,Business Travel,Business,1890,3,3,3,3,3,3,3,3,3,1,4,4,3,3,0,0,FALSE
Male,Loyal Customer,48,Personal Travel,Eco,1127,1,4,1,5,1,1,1,1,4,2,5,3,1,2.31,32,33,FALSE
Male,Loyal Customer,50,Business Travel,Business,1514,1,4,4,4,1,2,2,1,1,1,1,3,3,2.15,0,11,FALSE
Female,Loyal Customer,43,Business Travel,Business,308,2,2,2,2,4,3,2,5,5,4,5,4,4,3.38,0,0,TRUE
Male,Disloyal Customer,69,Business Travel,Business,453,3,3,3,1,2,3,2,2,4,3,5,4,2,2.85,0,5,FALSE
Female,Loyal Customer,63,Personal Travel,Eco,308,2,3,2,4,5,5,4,5,5,2,5,2,3,3.62,0,0,FALSE
Male,Disloyal Customer,17,Business Travel,Eco,589,1,3,1,4,3,1,1,3,3,3,4,1,3,2.38,10,7,FALSE
Female,Loyal Customer,34,Business Travel,Business,2129,3,3,3,3,4,2,3,3,3,3,3,4,2,3,0,0,FALSE
Male,Loyal Customer,39,Business Travel,Business,255,1,1,1,1,5,4,5,5,5,5,5,3,5,3.54,93,85,TRUE
Female,Loyal Customer,40,Business Travel,Business,3434,3,2,2,2,5,3,3,3,3,3,3,4,4,3.08,23,18,FALSE
Female,Loyal Customer,62,Personal Travel,Eco,632,3,5,3,2,4,4,5,5,5,3,5,4,4,4,0,0,FALSE
Female,Loyal Customer,16,Personal Travel,Eco,2402,1,4,1,2,1,3,5,3,5,4,4,5,5,3.31,2,3,FALSE
Female,Disloyal Customer,23,Business Travel,Eco,200,2,3,2,4,2,1,1,2,1,3,3,1,1,2,287,274,FALSE
Male,Loyal Customer,44,Personal Travel,Eco,377,3,4,3,2,5,3,5,5,4,2,4,5,5,3.85,0,4,FALSE
Male,Loyal Customer,22,Personal Travel,Eco,541,4,5,4,4,2,4,2,2,4,4,5,3,2,3.46,0,0,FALSE
Male,Loyal Customer,57,Personal Travel,Eco,908,2,5,2,3,4,2,4,4,4,5,1,1,4,3.15,0,0,FALSE
Male,Loyal Customer,60,Business Travel,Eco,715,1,4,4,4,1,1,1,1,2,3,3,2,1,2.15,13,6,FALSE
Female,Loyal Customer,34,Business Travel,Business,666,3,3,3,3,4,4,5,4,4,4,4,4,4,3.77,23,0,TRUE
Female,Loyal Customer,20,Personal Travel,Eco,1085,1,4,1,1,4,1,4,4,5,4,5,4,4,3.23,0,0,FALSE
Male,Loyal Customer,41,Business Travel,Business,2288,1,1,1,1,5,4,1,4,4,4,4,5,1,2.77,0,0,TRUE
Female,Loyal Customer,40,Business Travel,Business,1558,1,1,4,1,4,4,4,4,4,4,4,5,3,3.31,30,15,TRUE
Male,Loyal Customer,60,Business Travel,Business,1120,3,3,3,3,5,4,5,4,4,4,4,5,4,3.92,0,0,TRUE
Female,Loyal Customer,56,Business Travel,Business,2079,3,4,4,4,3,3,3,3,3,3,3,4,4,3.38,46,83,FALSE
Female,Loyal Customer,30,Business Travel,Business,329,2,1,1,1,2,2,2,2,2,1,4,4,2,2,0,0,FALSE
Female,Loyal Customer,61,Personal Travel,Eco,362,2,3,2,4,2,4,4,5,5,2,5,4,1,3.31,0,3,FALSE
Male,Loyal Customer,32,Business Travel,Business,812,4,4,4,4,4,4,4,4,4,2,4,4,4,3.85,0,75,TRUE
Male,Disloyal Customer,23,Business Travel,Business,368,5,0,5,3,2,5,2,2,4,5,4,5,2,3.38,15,7,TRUE
Female,Loyal Customer,32,Personal Travel,Eco,459,3,4,3,3,3,5,5,3,5,4,4,5,5,4,364,381,FALSE
Female,Loyal Customer,28,Business Travel,Business,667,2,3,2,2,2,1,2,2,4,2,3,3,2,2.31,0,0,FALSE
Female,Loyal Customer,44,Business Travel,Business,3874,3,3,3,3,3,4,3,5,5,5,5,5,2,3.77,0,0,TRUE
Female,Loyal Customer,14,Personal Travel,Business,305,2,4,2,2,4,2,4,4,5,5,5,5,4,3.69,12,2,FALSE
Male,Loyal Customer,17,Personal Travel,Eco,541,4,5,4,1,4,4,4,4,4,5,5,5,4,4.08,0,0,TRUE
Male,Loyal Customer,60,Business Travel,Business,2106,5,5,5,5,4,5,4,4,4,5,4,5,5,4.62,5,0,TRUE
Male,Loyal Customer,41,Business Travel,Business,2827,3,3,3,3,3,1,5,5,5,5,5,4,2,3.62,0,0,TRUE
Female,Loyal Customer,59,Business Travel,Business,2071,4,1,4,4,2,4,5,4,4,4,4,3,5,3.69,46,64,TRUE
Male,Disloyal Customer,66,Personal Travel,Eco,719,3,2,3,2,3,2,2,3,3,2,3,2,2,2.46,193,205,FALSE
Male,Loyal Customer,30,Business Travel,Business,581,2,3,3,3,2,2,2,2,4,1,3,2,2,2.38,0,0,FALSE
Female,Disloyal Customer,62,Business Travel,Eco,588,1,0,1,3,5,1,5,5,5,4,5,4,5,3.38,0,0,FALSE
Female,Disloyal Customer,33,Business Travel,Eco,860,3,3,3,3,2,3,2,2,3,4,3,1,2,2.62,48,38,FALSE
Male,Loyal Customer,22,Business Travel,Business,1995,3,3,1,3,4,4,4,4,3,5,4,5,4,3.62,0,0,TRUE
Female,Loyal Customer,33,Business Travel,Business,2399,1,1,3,1,5,5,5,2,2,2,2,4,4,2.85,0,0,TRUE
Female,Disloyal Customer,25,Business Travel,Eco,957,2,2,2,3,2,2,2,2,3,1,4,3,2,2.31,58,71,FALSE
Female,Loyal Customer,19,Personal Travel,Eco,2486,0,4,0,3,2,0,2,2,3,3,4,1,2,2,19,0,TRUE
Female,Loyal Customer,52,Business Travel,Business,3316,4,2,2,2,4,3,4,4,4,4,4,1,1,3,8,0,FALSE
Male,Loyal Customer,18,Personal Travel,Eco,952,4,2,3,3,1,3,1,1,3,4,3,2,1,2.38,0,0,TRUE
Male,Loyal Customer,63,Business Travel,Eco,182,5,5,5,5,5,5,5,5,4,2,3,3,5,4.38,7,2,TRUE
Female,Loyal Customer,66,Personal Travel,Eco,2556,2,1,2,4,5,3,3,1,1,2,1,1,4,2.31,0,0,FALSE
Male,Loyal Customer,10,Personal Travel,Eco Plus,373,1,4,2,1,2,2,2,2,5,4,5,4,2,2.77,90,99,FALSE
Female,Loyal Customer,50,Business Travel,Eco,551,3,4,4,4,2,3,3,3,3,3,3,3,3,3.15,12,6,FALSE
Female,Loyal Customer,29,Personal Travel,Eco,201,1,5,1,3,5,1,5,5,4,3,3,4,5,3.46,0,8,FALSE
Female,Loyal Customer,50,Personal Travel,Eco,872,3,3,4,3,1,2,4,3,3,4,3,2,2,2.85,0,0,FALSE
Male,Loyal Customer,48,Business Travel,Business,472,3,3,3,3,3,4,5,5,5,5,5,3,3,3.85,0,0,TRUE
Female,Loyal Customer,37,Business Travel,Business,3738,2,4,4,4,4,3,4,2,2,2,2,1,3,2.85,0,0,FALSE
Male,Loyal Customer,25,Business Travel,Business,859,2,4,2,2,4,4,4,4,4,2,4,5,4,3.46,7,16,TRUE
Male,Loyal Customer,48,Business Travel,Business,2207,4,4,4,4,3,5,5,4,4,5,4,4,4,4.15,7,1,TRUE
Male,Loyal Customer,13,Personal Travel,Eco,733,3,2,3,3,3,3,3,3,3,5,2,4,3,3.08,0,31,FALSE
Female,Loyal Customer,52,Personal Travel,Eco,1947,4,1,4,4,1,4,4,2,2,4,4,1,1,2.77,15,0,FALSE
Male,Loyal Customer,58,Business Travel,Business,2513,0,0,0,4,3,4,4,1,1,1,1,3,3,1.92,0,0,TRUE
Female,Loyal Customer,43,Business Travel,Eco Plus,707,5,1,1,1,1,4,3,5,5,5,5,5,3,3.38,5,0,TRUE
Female,Disloyal Customer,18,Business Travel,Business,907,5,5,4,3,5,4,3,5,4,4,4,3,5,4.15,8,3,TRUE
Male,Loyal Customer,48,Business Travel,Business,163,0,4,0,3,1,3,5,5,5,5,5,1,3,3.08,0,0,TRUE
Male,Loyal Customer,27,Personal Travel,Eco Plus,696,3,1,3,4,5,3,5,5,4,1,4,2,5,3.46,0,0,FALSE
Male,Disloyal Customer,24,Business Travel,Eco,1006,2,2,2,4,4,2,4,4,4,3,3,5,4,3.31,0,0,FALSE
Male,Loyal Customer,56,Business Travel,Business,3454,5,5,5,5,1,1,3,5,5,5,5,4,5,4.15,0,0,TRUE
Female,Loyal Customer,43,Business Travel,Business,2239,5,5,5,5,5,3,5,5,5,5,5,3,4,4.62,0,0,TRUE
Male,Loyal Customer,47,Business Travel,Business,2880,2,5,5,5,3,1,2,2,2,2,2,4,4,3,0,0,FALSE
Female,Disloyal Customer,55,Business Travel,Eco Plus,2227,3,3,3,2,4,3,4,4,2,5,3,4,4,3.38,14,0,FALSE
Male,Loyal Customer,14,Business Travel,Business,2909,3,1,1,1,3,3,3,3,1,3,3,4,3,2.46,0,9,FALSE
Male,Loyal Customer,10,Personal Travel,Eco,166,2,4,2,1,5,2,5,5,4,4,4,5,5,3.69,0,0,FALSE
Male,Loyal Customer,58,Business Travel,Business,1556,3,3,3,3,2,5,5,4,4,4,4,4,4,3.69,0,0,TRUE
Female,Loyal Customer,55,Business Travel,Business,297,2,5,2,2,5,5,4,5,5,5,5,3,3,3.92,0,0,TRUE
Male,Loyal Customer,54,Business Travel,Eco,361,5,2,2,2,5,5,5,5,3,2,4,4,5,3.77,9,0,TRUE
Female,Loyal Customer,58,Business Travel,Business,239,5,5,5,5,3,5,5,4,4,4,4,4,5,4.46,4,0,TRUE
Female,Loyal Customer,42,Business Travel,Business,615,5,5,5,5,2,1,3,5,5,5,5,5,5,4.31,6,0,TRUE
Female,Disloyal Customer,42,Business Travel,Eco Plus,354,3,2,2,3,3,1,1,1,1,4,4,1,1,2.08,136,138,FALSE
Female,Loyal Customer,8,Personal Travel,Eco,759,5,5,5,1,1,5,1,1,2,1,4,3,1,2.69,0,0,TRUE
Female,Disloyal Customer,20,Business Travel,Eco Plus,801,2,4,2,3,4,2,4,4,4,2,3,2,4,3.08,48,71,FALSE
Female,Loyal Customer,20,Business Travel,Business,692,4,5,5,5,4,4,4,4,4,5,4,2,4,4.15,15,15,FALSE
Female,Loyal Customer,46,Business Travel,Eco,946,4,1,1,1,2,5,3,4,4,4,4,4,3,3.08,92,68,TRUE
Female,Loyal Customer,55,Business Travel,Business,3912,0,1,1,1,5,1,4,5,5,5,5,5,1,3,9,0,TRUE
Male,Loyal Customer,35,Business Travel,Business,2715,1,1,1,1,4,4,4,2,3,4,5,4,4,2.92,7,3,TRUE
Male,Loyal Customer,39,Business Travel,Business,399,2,2,2,2,4,4,5,3,3,4,3,5,5,3.38,0,0,TRUE
Male,Disloyal Customer,68,Personal Travel,Eco,235,4,4,4,4,2,4,2,2,2,4,4,2,2,3.08,0,4,TRUE
Male,Loyal Customer,41,Business Travel,Business,2472,0,0,0,5,3,4,4,5,5,5,5,4,4,3.38,0,0,TRUE
Female,Loyal Customer,41,Business Travel,Business,1091,3,3,1,3,3,4,4,3,3,4,3,3,4,3.15,0,0,TRUE
Male,Loyal Customer,50,Business Travel,Business,2293,1,1,1,1,2,2,1,3,3,3,3,4,4,2.23,5,31,TRUE
Male,Loyal Customer,39,Business Travel,Business,571,4,4,3,4,1,1,5,4,4,4,4,2,4,3.38,0,0,TRUE
Male,Loyal Customer,67,Personal Travel,Eco Plus,919,1,2,1,3,3,1,4,3,2,3,3,2,3,2.38,0,0,FALSE
Female,Loyal Customer,32,Business Travel,Business,965,1,1,1,1,4,4,4,4,5,3,5,4,4,3.15,12,6,TRUE
Male,Loyal Customer,34,Business Travel,Business,4243,4,4,4,4,5,5,5,5,5,4,5,5,5,4.62,0,4,TRUE
Female,Loyal Customer,43,Business Travel,Business,685,3,3,3,3,2,5,5,3,3,3,3,5,3,3.38,0,0,TRUE
Female,Loyal Customer,30,Business Travel,Eco Plus,83,2,1,5,1,2,2,2,2,4,3,3,4,2,2.54,0,6,FALSE
Female,Disloyal Customer,19,Business Travel,Eco,571,0,0,0,4,2,0,1,2,4,2,5,5,2,2.08,0,0,TRUE
Male,Disloyal Customer,55,Business Travel,Business,1723,3,3,3,3,4,3,1,4,1,1,2,3,4,2.69,0,0,FALSE
Male,Loyal Customer,31,Business Travel,Business,1139,2,2,2,2,4,5,4,4,4,3,4,5,4,3.46,19,8,TRUE
Male,Disloyal Customer,23,Business Travel,Eco,140,4,5,4,2,5,4,5,5,4,3,5,3,5,4.15,0,0,TRUE
Male,Loyal Customer,33,Personal Travel,Eco,260,2,2,2,2,2,2,2,2,2,4,3,1,2,2.15,0,0,FALSE
Female,Loyal Customer,42,Personal Travel,Eco,270,4,0,2,3,5,5,4,3,3,2,4,5,5,3.46,6,1,TRUE
Female,Loyal Customer,56,Business Travel,Business,2440,2,2,2,2,4,5,5,5,5,5,5,5,5,4,39,29,TRUE
Female,Loyal Customer,53,Business Travel,Business,436,4,4,4,4,4,5,4,5,5,5,5,4,4,4.38,0,0,TRUE
Female,Loyal Customer,32,Business Travel,Eco Plus,1400,4,4,4,4,4,4,4,4,1,4,4,1,4,3.54,43,38,FALSE
Male,Loyal Customer,34,Business Travel,Business,2699,2,3,3,3,2,3,3,2,2,2,2,3,4,2.62,24,21,FALSE
Male,Loyal Customer,32,Personal Travel,Eco,370,1,4,1,4,2,1,2,2,2,3,4,4,2,2.46,72,66,FALSE
Female,Loyal Customer,29,Personal Travel,Eco,280,3,5,3,5,1,3,5,1,3,2,5,5,1,3.23,0,0,FALSE
Female,Loyal Customer,63,Personal Travel,Eco Plus,371,4,4,4,3,1,3,4,3,3,4,3,3,1,3.08,0,0,FALSE
Female,Loyal Customer,39,Business Travel,Business,1726,3,3,3,3,5,4,5,4,4,4,4,3,5,3.85,0,0,TRUE
Female,Loyal Customer,21,Personal Travel,Eco,692,3,4,3,4,3,3,3,3,3,4,5,4,3,3.46,0,0,FALSE
Female,Disloyal Customer,38,Business Travel,Eco,416,4,4,4,4,1,4,1,1,3,1,3,3,1,2.62,12,14,FALSE
Male,Loyal Customer,38,Personal Travel,Eco,529,4,4,4,2,4,4,4,4,3,4,5,4,4,3.85,2,3,TRUE
Male,Loyal Customer,40,Business Travel,Eco,595,4,4,4,4,4,4,4,4,4,3,3,4,4,3.85,0,0,TRUE
Male,Disloyal Customer,39,Business Travel,Business,539,3,3,3,4,3,3,3,3,5,2,4,4,3,3.31,9,0,FALSE
Male,Loyal Customer,49,Business Travel,Business,1598,2,5,5,5,5,2,4,2,2,2,2,4,2,3.23,52,27,FALSE
Female,Loyal Customer,54,Business Travel,Business,936,5,5,5,5,5,4,4,4,4,5,4,5,4,4.54,0,0,TRUE
Male,Loyal Customer,29,Business Travel,Business,3065,3,3,3,3,3,3,3,3,3,4,4,3,3,3.15,0,0,TRUE
Male,Disloyal Customer,18,Business Travel,Eco,442,2,1,1,4,2,1,2,2,3,3,3,2,2,2.15,8,25,FALSE
Female,Loyal Customer,60,Business Travel,Business,3585,1,1,1,1,2,5,5,5,5,5,5,4,5,3.46,0,0,TRUE
Male,Loyal Customer,49,Business Travel,Business,370,5,4,4,4,1,3,3,5,5,4,5,2,4,3.77,10,13,FALSE
Female,Loyal Customer,31,Business Travel,Business,3466,3,3,3,3,4,4,4,4,1,5,1,1,4,3.08,0,9,TRUE
Female,Loyal Customer,60,Personal Travel,Eco,109,1,4,1,1,4,1,4,2,2,1,2,5,3,2.38,0,0,FALSE
Male,Loyal Customer,41,Business Travel,Eco Plus,416,5,1,1,1,5,5,5,5,4,2,5,1,5,3.46,0,0,TRUE
Female,Disloyal Customer,23,Business Travel,Eco,1400,2,2,2,3,4,2,4,4,2,4,3,4,4,3.08,12,12,FALSE
Male,Loyal Customer,51,Business Travel,Business,2393,2,3,3,3,5,4,3,2,2,2,2,4,3,2.92,0,0,FALSE
Male,Loyal Customer,26,Personal Travel,Eco Plus,106,2,4,2,1,2,2,3,2,3,3,5,4,2,2.69,0,0,FALSE
Female,Loyal Customer,40,Business Travel,Business,1817,1,1,2,1,4,5,5,4,4,4,4,2,5,3.23,68,68,TRUE
Male,Loyal Customer,53,Business Travel,Eco,147,3,5,5,5,3,3,3,3,3,2,3,1,3,3.23,0,8,FALSE
Female,Loyal Customer,35,Business Travel,Eco,125,5,2,2,2,5,5,5,5,5,4,3,1,5,3.77,45,71,TRUE
Female,Loyal Customer,31,Business Travel,Business,2917,3,1,3,3,3,2,3,3,2,4,3,2,3,2.69,0,0,FALSE
Male,Loyal Customer,46,Business Travel,Eco,589,2,5,5,5,2,2,2,2,2,2,3,1,2,2.69,42,21,FALSE
Male,Loyal Customer,14,Personal Travel,Eco,895,2,4,2,3,1,2,1,1,2,2,2,1,1,1.85,9,0,FALSE
Female,Loyal Customer,33,Business Travel,Business,1734,1,1,2,1,4,5,5,5,5,5,5,5,3,3.62,14,2,TRUE
Male,Loyal Customer,52,Business Travel,Business,1846,1,1,1,1,5,4,4,4,4,4,4,4,3,3.08,0,0,TRUE
Male,Loyal Customer,8,Personal Travel,Eco,781,3,5,3,3,5,3,3,5,1,1,2,1,5,3.08,0,0,FALSE
Male,Loyal Customer,46,Business Travel,Business,4000,2,2,2,2,3,5,5,1,1,2,1,4,5,2.69,0,0,TRUE
Female,Loyal Customer,48,Personal Travel,Eco,888,1,5,1,3,2,4,2,3,3,1,3,3,2,2.54,27,9,FALSE
Female,Disloyal Customer,28,Business Travel,Eco Plus,908,1,1,1,1,4,1,1,4,1,3,5,5,4,2.46,0,0,FALSE
Female,Loyal Customer,39,Business Travel,Business,399,3,3,3,3,5,1,3,4,4,5,4,3,3,3.38,0,0,TRUE
Male,Loyal Customer,42,Business Travel,Eco,370,2,4,1,4,2,2,2,2,1,5,4,4,2,2.69,3,0,FALSE
Male,Disloyal Customer,22,Business Travel,Eco,861,4,5,5,3,4,5,4,4,4,2,4,2,4,3.85,0,0,FALSE
Male,Disloyal Customer,27,Business Travel,Eco,121,2,4,1,3,5,1,5,5,1,2,4,3,5,3.15,0,0,FALSE
Female,Loyal Customer,19,Personal Travel,Eco,587,4,5,4,3,5,4,1,5,5,5,4,4,5,4.15,16,8,FALSE
Male,Loyal Customer,57,Business Travel,Eco,700,4,3,3,3,4,4,4,4,3,1,4,5,4,3.54,0,7,TRUE
Male,Loyal Customer,57,Business Travel,Eco,261,4,3,3,3,4,4,4,4,4,3,3,2,4,3.46,0,0,FALSE
Female,Loyal Customer,29,Business Travel,Business,1713,1,1,1,1,5,5,5,5,2,5,5,5,5,3.54,4,8,TRUE
Female,Disloyal Customer,20,Business Travel,Eco,280,0,5,0,2,4,0,4,4,2,5,5,4,4,3,0,0,TRUE
Female,Loyal Customer,56,Business Travel,Business,3883,5,5,5,5,4,5,5,4,4,5,4,4,3,4.46,25,8,TRUE
Male,Loyal Customer,27,Personal Travel,Business,646,2,1,2,2,4,2,5,4,2,3,1,2,4,2.62,0,0,FALSE
Female,Loyal Customer,45,Business Travel,Business,2206,0,4,0,3,5,5,4,3,3,3,3,3,4,3.08,3,7,TRUE
Male,Loyal Customer,38,Personal Travel,Eco,391,2,4,2,3,5,2,5,5,4,3,5,3,5,3.69,45,41,FALSE
Male,Loyal Customer,42,Business Travel,Eco,371,3,2,2,2,3,3,3,3,3,2,2,1,3,2.46,0,0,FALSE
Male,Loyal Customer,50,Business Travel,Business,2027,5,5,5,5,2,4,4,5,5,5,5,3,4,4.38,1,6,TRUE
Male,Loyal Customer,42,Business Travel,Business,3548,1,1,1,1,3,4,4,5,5,4,5,4,5,3.31,23,20,TRUE
Male,Disloyal Customer,28,Business Travel,Business,1363,0,0,0,3,5,0,5,5,5,2,4,3,5,2.85,6,0,TRUE
Male,Loyal Customer,24,Personal Travel,Eco,696,2,5,2,3,1,2,1,1,3,4,4,4,1,2.54,1,0,FALSE
Male,Loyal Customer,7,Personal Travel,Eco,944,3,3,3,3,3,5,5,1,2,2,5,5,5,3.46,230,227,FALSE
Male,Loyal Customer,31,Business Travel,Business,1990,3,3,4,3,3,3,3,3,1,4,2,4,3,3,4,13,FALSE
Female,Loyal Customer,13,Personal Travel,Eco,762,2,5,2,1,1,2,1,1,4,4,5,4,1,2.54,7,5,FALSE
Female,Loyal Customer,51,Business Travel,Business,3105,2,4,4,4,2,2,2,1,4,3,4,2,2,2.77,274,264,FALSE
Female,Loyal Customer,52,Personal Travel,Eco,814,4,4,4,3,2,5,5,2,2,4,2,5,5,3.62,0,0,FALSE
Female,Loyal Customer,15,Personal Travel,Eco,325,0,4,0,3,2,0,2,2,2,4,1,3,2,1.92,11,3,TRUE
Male,Loyal Customer,52,Personal Travel,Eco,926,3,4,3,4,3,3,3,3,4,2,5,3,3,3.31,0,0,FALSE
Female,Loyal Customer,45,Business Travel,Business,1514,4,4,4,4,3,5,4,5,5,5,5,5,3,4.31,5,4,TRUE
Male,Loyal Customer,35,Business Travel,Business,2218,2,5,5,5,1,1,2,2,2,2,2,4,4,2.85,0,8,FALSE
Female,Loyal Customer,28,Business Travel,Eco,500,2,1,1,1,2,2,2,2,1,3,3,1,2,1.77,0,0,FALSE
Female,Loyal Customer,55,Business Travel,Business,2248,5,5,5,5,5,5,5,4,4,4,4,4,4,4.54,0,0,TRUE
Female,Loyal Customer,59,Business Travel,Business,1721,3,3,3,3,4,4,4,3,3,3,3,3,5,3.38,13,0,TRUE
Female,Loyal Customer,56,Business Travel,Business,337,2,2,2,2,2,5,4,5,5,5,5,5,5,3.77,2,0,TRUE
Male,Disloyal Customer,44,Business Travel,Eco,425,2,5,2,3,2,2,2,2,3,5,3,1,2,2.62,0,0,FALSE
Male,Loyal Customer,48,Business Travel,Business,1652,1,4,4,4,5,4,4,1,1,1,1,3,2,2.69,0,0,FALSE
Male,Loyal Customer,29,Business Travel,Eco,1235,2,2,2,2,2,2,2,2,2,4,4,4,2,2.46,8,0,FALSE
Female,Disloyal Customer,24,Business Travel,Business,719,5,0,5,3,4,5,4,4,4,4,4,4,4,3.85,0,0,TRUE
Male,Disloyal Customer,48,Business Travel,Eco,248,3,4,3,3,5,3,5,5,3,1,3,1,5,3.38,38,37,FALSE
Female,Loyal Customer,27,Business Travel,Business,2026,5,5,5,5,4,4,4,4,3,2,4,4,4,4.08,0,6,TRUE
Female,Loyal Customer,38,Business Travel,Eco,589,3,1,1,1,3,3,3,3,1,1,2,2,3,2.08,66,53,FALSE
Female,Loyal Customer,38,Business Travel,Business,764,1,1,1,1,2,5,4,4,4,4,4,4,5,3.08,1,0,TRUE
Male,Disloyal Customer,38,Business Travel,Business,2442,3,3,3,1,3,5,5,4,2,5,5,5,5,3.77,0,7,FALSE
Male,Loyal Customer,41,Business Travel,Business,2826,1,1,5,1,5,5,4,5,5,5,5,4,4,3.85,69,59,TRUE
Male,Loyal Customer,40,Business Travel,Business,3341,1,1,1,1,3,4,4,5,5,5,5,5,4,3.38,31,16,TRUE
Male,Loyal Customer,20,Personal Travel,Eco,867,5,4,5,1,3,5,3,3,4,5,5,3,3,3.77,31,23,TRUE
Female,Disloyal Customer,54,Business Travel,Eco,259,2,4,2,4,3,2,4,3,3,1,3,4,3,2.92,0,0,FALSE
Male,Disloyal Customer,22,Business Travel,Eco,650,5,0,5,2,2,5,4,2,5,3,5,3,2,3.31,39,36,TRUE
Male,Loyal Customer,43,Business Travel,Business,1666,4,4,4,4,4,3,4,5,5,5,5,5,5,4.38,0,1,TRUE
Female,Disloyal Customer,8,Business Travel,Eco,728,1,1,1,3,3,1,3,3,4,5,3,1,3,2.46,11,9,FALSE
Female,Loyal Customer,38,Business Travel,Eco,397,2,3,4,3,2,2,2,2,4,2,4,2,2,2.62,18,24,FALSE
Female,Loyal Customer,59,Business Travel,Business,1476,5,5,5,5,4,5,5,5,5,5,5,4,5,4.85,8,0,TRUE
Male,Loyal Customer,62,Personal Travel,Eco,731,3,3,3,2,2,3,2,2,4,5,4,1,2,2.77,1,0,FALSE
Female,Loyal Customer,55,Business Travel,Business,321,2,4,4,4,1,2,3,2,2,2,2,2,3,2.54,34,24,FALSE
Male,Loyal Customer,51,Business Travel,Business,515,2,5,5,5,3,4,3,2,2,2,2,1,4,3.08,0,0,FALSE
Male,Loyal Customer,28,Business Travel,Eco Plus,529,2,5,5,5,2,2,2,2,2,2,4,4,2,3,37,26,FALSE
Female,Loyal Customer,49,Business Travel,Business,473,2,2,2,2,1,2,1,4,4,4,4,3,2,2.54,0,0,TRUE
Female,Loyal Customer,47,Personal Travel,Eco,188,4,5,4,4,3,5,4,2,2,4,5,3,5,3.85,0,3,FALSE
Female,Loyal Customer,47,Personal Travel,Eco,2133,1,5,2,2,4,2,1,1,1,2,1,2,4,2.15,0,0,FALSE
Female,Loyal Customer,9,Business Travel,Business,2845,1,5,5,5,1,2,1,1,4,4,4,3,1,2.85,0,0,FALSE
Male,Loyal Customer,49,Business Travel,Eco,643,1,5,5,5,1,1,1,1,3,2,4,1,1,2.38,0,0,FALSE
Female,Disloyal Customer,18,Business Travel,Eco Plus,189,1,2,1,3,2,1,2,2,2,2,4,4,2,2.15,0,0,FALSE
Male,Disloyal Customer,24,Business Travel,Eco,589,4,0,4,4,2,4,2,2,1,2,1,3,2,2.38,0,0,TRUE
Female,Loyal Customer,70,Personal Travel,Eco,190,3,0,3,1,1,5,4,3,3,3,3,5,3,2.85,14,6,FALSE
Female,Loyal Customer,40,Business Travel,Business,781,4,4,4,4,3,5,5,5,5,4,5,3,4,4.23,2,12,TRUE
Male,Disloyal Customer,57,Business Travel,Eco,101,2,0,2,1,2,2,2,2,3,4,2,2,2,2,0,0,FALSE
Male,Loyal Customer,39,Business Travel,Eco,194,4,5,1,1,4,4,4,4,2,2,4,4,4,3.31,0,0,TRUE
Female,Loyal Customer,64,Personal Travel,Eco,484,1,0,1,1,1,3,1,2,2,1,2,4,3,1.69,15,3,FALSE
Male,Disloyal Customer,50,Business Travel,Business,1609,1,1,1,4,2,1,2,2,3,3,4,4,2,2.31,0,0,FALSE
Female,Loyal Customer,47,Personal Travel,Business,816,3,1,3,3,1,2,2,3,3,3,3,3,2,2.46,43,28,FALSE
Female,Disloyal Customer,36,Business Travel,Eco,101,3,4,3,3,3,3,2,3,4,5,4,1,3,3.15,0,0,FALSE
Male,Loyal Customer,44,Business Travel,Business,130,1,3,3,3,1,1,2,3,3,3,1,3,2,2.23,17,15,FALSE
Female,Loyal Customer,28,Business Travel,Business,1598,5,5,5,5,4,4,4,4,5,3,3,3,4,4.15,0,0,TRUE
Male,Loyal Customer,54,Personal Travel,Business,749,1,4,1,5,4,4,1,1,1,1,1,4,5,2.54,0,0,FALSE
Female,Loyal Customer,55,Business Travel,Business,1744,4,2,2,2,4,3,3,4,4,4,4,3,1,3.08,0,0,FALSE
Female,Disloyal Customer,25,Business Travel,Business,2248,3,0,3,1,3,1,1,3,2,5,5,1,1,2.23,28,55,FALSE
Female,Loyal Customer,38,Business Travel,Eco Plus,931,3,1,1,1,3,3,3,3,1,3,4,1,3,2.31,0,0,FALSE
Male,Loyal Customer,55,Business Travel,Business,1538,0,0,0,3,5,3,4,3,3,1,1,3,5,2.38,5,0,TRUE
Female,Disloyal Customer,24,Business Travel,Eco,794,3,3,3,4,5,3,5,5,1,5,4,1,5,3.62,24,15,FALSE
Female,Loyal Customer,79,Business Travel,Business,1900,2,2,1,1,5,2,2,2,2,2,2,4,1,2.15,0,0,FALSE
Male,Disloyal Customer,42,Business Travel,Business,332,1,1,1,1,1,1,1,1,5,2,4,3,1,1.77,0,0,FALSE
Female,Loyal Customer,37,Personal Travel,Eco,957,1,5,0,3,5,0,1,5,5,2,4,4,5,3.08,63,50,FALSE
Female,Loyal Customer,29,Personal Travel,Eco Plus,195,3,5,3,3,2,3,2,2,5,5,5,5,2,3.46,0,0,FALSE
Male,Loyal Customer,37,Business Travel,Business,3703,2,2,2,2,4,5,4,5,5,4,5,4,4,3.69,61,46,TRUE
Male,Loyal Customer,42,Personal Travel,Eco,280,3,5,3,4,5,3,5,5,3,4,5,5,5,4.23,0,0,FALSE
Male,Loyal Customer,33,Business Travel,Business,1744,3,5,3,3,3,3,3,2,2,5,1,3,3,3,192,169,TRUE
Female,Disloyal Customer,20,Business Travel,Eco,780,4,4,4,1,5,4,5,5,2,5,2,1,5,3.62,73,83,FALSE
Female,Loyal Customer,22,Personal Travel,Eco,408,1,1,1,4,3,1,1,3,3,5,3,2,3,2.38,0,0,FALSE
Female,Disloyal Customer,25,Business Travel,Eco,67,3,0,2,4,4,2,4,4,2,3,5,4,4,3.15,0,1,FALSE
Female,Loyal Customer,59,Business Travel,Eco,594,4,1,1,1,5,1,1,4,4,4,4,4,2,2.77,8,24,TRUE
Male,Loyal Customer,15,Personal Travel,Eco,874,1,0,1,4,4,1,4,4,3,4,2,3,4,2.69,0,0,FALSE
Female,Loyal Customer,38,Personal Travel,Eco,419,2,3,2,1,5,2,5,5,3,3,2,1,5,3,0,0,FALSE
Female,Disloyal Customer,17,Business Travel,Business,490,4,0,4,5,4,4,4,4,3,3,5,4,4,3.69,0,0,TRUE
Female,Loyal Customer,21,Personal Travel,Eco,2295,1,4,1,4,1,3,3,1,2,3,4,3,3,2.54,158,130,FALSE
Male,Disloyal Customer,37,Business Travel,Business,368,2,2,2,2,5,2,5,5,4,3,5,4,5,3.54,0,0,FALSE
Male,Loyal Customer,52,Business Travel,Eco,1514,3,1,2,2,3,3,3,3,3,5,4,4,3,3,14,11,FALSE
Female,Loyal Customer,45,Personal Travel,Eco,370,3,3,4,3,3,3,1,2,2,4,2,3,5,2.92,6,2,FALSE
Female,Loyal Customer,59,Business Travel,Business,3617,0,5,0,4,1,1,4,1,1,1,1,4,1,1.85,0,0,TRUE
Female,Loyal Customer,43,Business Travel,Business,1741,5,1,5,5,4,4,5,4,4,4,4,4,5,4.15,0,0,TRUE
Male,Disloyal Customer,39,Business Travel,Eco,637,3,5,3,5,3,3,3,3,4,3,2,3,3,3.31,1,0,FALSE
Male,Loyal Customer,30,Personal Travel,Eco,516,1,5,1,1,4,1,4,4,1,4,5,4,4,3,0,0,FALSE
Male,Disloyal Customer,22,Business Travel,Eco,678,3,3,3,4,3,3,3,3,1,3,4,1,3,2.85,11,2,FALSE
Male,Disloyal Customer,23,Business Travel,Business,229,4,0,4,4,1,4,1,1,5,4,4,5,1,2.92,0,0,TRUE
Male,Loyal Customer,43,Business Travel,Eco,1009,4,2,2,2,4,4,4,4,3,2,2,2,4,3,112,100,FALSE
Female,Loyal Customer,21,Personal Travel,Eco,1242,1,4,1,5,5,1,5,5,5,2,5,5,5,3.77,33,37,FALSE
Female,Loyal Customer,59,Business Travel,Business,588,1,1,2,1,3,4,5,2,2,2,2,4,4,2.54,0,0,TRUE
Female,Loyal Customer,16,Personal Travel,Eco,1144,2,5,2,3,4,2,4,4,4,2,5,3,4,3.38,0,0,FALSE
Female,Disloyal Customer,21,Business Travel,Eco,1011,1,1,1,2,5,1,5,5,1,1,3,2,5,2.54,16,35,FALSE
Female,Loyal Customer,48,Business Travel,Business,196,4,4,4,4,2,5,4,5,5,5,4,3,4,4.08,0,0,TRUE
Male,Loyal Customer,45,Business Travel,Business,3653,2,4,4,4,2,3,3,3,3,3,2,4,1,2.92,7,0,FALSE
Male,Loyal Customer,17,Business Travel,Eco Plus,1204,3,2,2,2,3,3,1,3,1,5,3,2,3,2.54,0,0,FALSE
Female,Disloyal Customer,50,Business Travel,Eco,1124,3,3,3,2,3,3,1,3,1,5,2,3,3,2.69,34,49,FALSE
Male,Loyal Customer,53,Business Travel,Business,226,0,0,0,1,2,5,5,4,4,4,4,5,4,2.92,0,0,TRUE
Female,Loyal Customer,51,Business Travel,Business,214,2,2,4,2,2,4,4,5,5,5,5,4,4,3.69,0,0,TRUE
Female,Disloyal Customer,11,Business Travel,Eco,1592,4,4,4,3,4,4,4,4,2,4,3,4,4,3.69,0,0,FALSE
Female,Loyal Customer,44,Business Travel,Eco,552,4,3,3,3,3,2,2,4,4,4,4,3,3,3.23,16,20,TRUE
Female,Disloyal Customer,25,Business Travel,Eco,589,1,1,1,2,3,1,3,3,4,1,2,3,3,2.15,90,90,FALSE
Male,Loyal Customer,45,Business Travel,Business,667,3,3,3,3,2,2,1,4,4,4,4,2,2,2.85,13,0,TRUE
Female,Loyal Customer,12,Personal Travel,Eco,983,2,3,2,3,3,2,3,3,3,5,4,5,3,3.15,41,27,FALSE
Male,Loyal Customer,45,Business Travel,Eco,1390,4,4,4,4,4,4,4,4,3,3,3,2,4,3.62,1,0,FALSE
Female,Loyal Customer,70,Personal Travel,Eco,337,3,5,3,5,3,4,5,2,2,3,2,3,4,3.38,75,68,FALSE
Female,Loyal Customer,52,Personal Travel,Eco,299,3,5,3,5,3,4,5,1,1,3,1,5,5,3.38,8,10,FALSE
Male,Loyal Customer,37,Business Travel,Eco,931,2,5,4,5,2,2,2,2,1,1,3,3,2,2.62,0,0,FALSE
Female,Loyal Customer,23,Business Travel,Eco Plus,289,5,1,1,1,5,5,4,5,5,3,1,5,5,3.54,17,5,TRUE
Female,Disloyal Customer,24,Business Travel,Eco,384,2,3,2,4,2,2,2,2,2,3,4,4,2,2.62,0,0,FALSE
Male,Loyal Customer,41,Business Travel,Business,2614,3,3,4,3,3,3,1,5,5,5,5,2,1,3.31,0,0,TRUE
Female,Loyal Customer,55,Business Travel,Business,3016,4,4,1,4,5,4,4,4,4,4,4,4,4,3.85,0,0,TRUE
Male,Loyal Customer,22,Personal Travel,Eco,985,4,1,4,1,4,4,4,4,4,2,2,1,4,3,5,2,TRUE
Female,Loyal Customer,47,Business Travel,Eco,419,4,2,2,2,5,1,1,4,4,4,4,2,4,3,0,0,TRUE
Female,Loyal Customer,45,Business Travel,Eco,2304,2,1,1,1,1,5,4,2,2,2,2,2,3,2.15,0,0,TRUE
Female,Loyal Customer,46,Business Travel,Business,1799,5,5,5,5,4,4,4,4,4,4,4,3,5,4.31,3,0,TRUE
Male,Loyal Customer,36,Business Travel,Eco,308,4,2,2,2,4,3,4,4,4,3,4,3,4,3.31,0,0,FALSE
Male,Loyal Customer,58,Business Travel,Eco,231,4,4,3,3,4,4,4,4,1,1,4,1,4,3.15,27,13,TRUE
Male,Loyal Customer,52,Business Travel,Business,1709,3,4,3,3,5,4,4,4,4,4,4,4,5,3.92,6,5,TRUE
Male,Loyal Customer,51,Business Travel,Business,1938,2,2,2,2,2,5,4,4,4,4,4,3,5,3.31,0,0,TRUE
Female,Loyal Customer,56,Business Travel,Business,83,5,5,5,5,3,4,3,5,5,5,5,3,1,4.15,0,0,TRUE
Male,Loyal Customer,50,Business Travel,Eco,420,1,4,1,4,1,1,1,1,2,4,3,4,1,2.15,19,47,FALSE
Male,Disloyal Customer,29,Business Travel,Business,2079,0,1,1,2,5,1,5,5,5,3,4,5,5,3.23,0,1,TRUE
Male,Loyal Customer,53,Business Travel,Business,1023,2,2,2,2,4,5,4,4,4,4,4,5,4,3.54,0,0,TRUE
Male,Disloyal Customer,20,Business Travel,Business,414,4,0,4,2,1,4,1,1,5,2,5,5,1,2.69,0,0,TRUE
Male,Loyal Customer,26,Personal Travel,Eco,733,3,2,3,4,5,3,2,5,2,5,2,2,5,3.31,2,0,FALSE
Male,Loyal Customer,28,Personal Travel,Business,685,3,4,4,1,5,4,5,5,4,2,5,3,5,3.85,0,0,FALSE
Female,Disloyal Customer,23,Business Travel,Eco,239,4,1,4,4,5,4,5,5,1,4,3,3,5,3.69,1,0,FALSE
Female,Loyal Customer,47,Business Travel,Business,3392,5,5,5,5,4,5,4,4,4,4,4,5,4,4.46,1,0,TRUE
Female,Disloyal Customer,24,Business Travel,Eco,853,0,0,0,3,3,0,3,3,5,1,2,1,3,1.85,0,48,TRUE
Male,Loyal Customer,22,Business Travel,Eco,369,3,1,1,1,3,3,1,3,3,1,3,3,3,2.23,0,0,FALSE
Male,Disloyal Customer,11,Business Travel,Business,1173,2,3,2,3,3,2,2,3,3,5,4,2,3,2.85,0,17,FALSE
Female,Loyal Customer,16,Personal Travel,Eco,395,3,4,3,2,2,3,1,2,3,2,4,5,2,2.77,14,6,FALSE
Female,Loyal Customer,25,Personal Travel,Eco,305,3,5,3,3,3,3,1,3,3,4,4,5,3,3.31,1,0,FALSE
Male,Disloyal Customer,27,Business Travel,Business,304,2,2,2,2,4,2,4,4,5,5,4,4,4,3.38,0,0,FALSE
Female,Loyal Customer,40,Personal Travel,Eco,1892,2,2,2,2,5,2,5,5,2,2,3,1,5,2.92,0,,FALSE
Male,Loyal Customer,34,Business Travel,Business,2164,4,4,4,4,1,1,1,4,4,4,4,2,1,2.92,117,103,FALSE
Male,Loyal Customer,30,Business Travel,Business,1686,3,5,5,5,3,3,3,3,2,4,4,2,3,3.46,0,0,FALSE
Female,Loyal Customer,23,Business Travel,Business,261,5,5,5,5,5,5,5,5,1,1,1,2,5,3.85,0,3,TRUE
Male,Disloyal Customer,29,Business Travel,Business,727,3,3,3,4,1,3,5,1,3,4,5,4,1,3.08,0,0,FALSE
Female,Loyal Customer,62,Personal Travel,Eco,912,2,4,2,2,3,4,4,1,1,2,1,4,4,2.62,22,106,FALSE
Female,Loyal Customer,30,Business Travel,Business,1390,1,4,4,4,1,1,1,1,4,2,4,4,1,2.46,15,17,FALSE
Female,Loyal Customer,49,Business Travel,Business,1659,5,5,4,5,3,5,4,3,3,4,3,5,3,4,0,0,TRUE
Female,Loyal Customer,17,Business Travel,Eco Plus,368,3,5,5,5,3,4,4,3,4,1,4,4,3,3.69,0,0,TRUE
Male,Loyal Customer,52,Business Travel,Eco,679,5,1,1,1,5,5,5,5,3,1,2,4,5,3.31,0,0,TRUE
Male,Disloyal Customer,33,Business Travel,Eco,134,4,1,4,3,2,4,2,2,2,1,3,1,2,2.38,12,9,FALSE
Female,Disloyal Customer,22,Business Travel,Eco,493,3,0,3,3,2,3,2,2,3,1,2,4,2,2.31,0,0,FALSE
Female,Loyal Customer,25,Business Travel,Business,3937,3,3,3,3,4,4,4,4,2,5,2,2,4,3.31,47,44,TRUE
Male,Loyal Customer,40,Business Travel,Eco Plus,404,5,2,2,2,5,4,5,5,2,2,4,1,5,3.38,0,0,FALSE
Female,Loyal Customer,64,Personal Travel,Eco Plus,1846,3,4,2,1,1,4,2,5,5,2,3,4,3,3,12,0,FALSE
Female,Loyal Customer,39,Business Travel,Eco,2475,5,2,4,2,5,5,5,5,5,3,5,5,5,4.31,14,0,TRUE
Male,Loyal Customer,32,Personal Travel,Eco,602,2,5,3,4,5,3,5,5,5,4,4,3,5,4.08,0,0,FALSE
Female,Disloyal Customer,23,Business Travel,Eco Plus,395,1,5,1,4,3,1,5,3,4,5,4,4,3,3.31,0,0,FALSE
Male,Loyal Customer,9,Personal Travel,Eco,1674,3,4,3,4,4,3,4,4,3,5,4,1,4,3.54,0,0,FALSE
Female,Loyal Customer,34,Business Travel,Business,3100,5,5,5,5,3,3,5,4,4,4,4,2,2,3.92,7,2,TRUE
Female,Loyal Customer,51,Business Travel,Business,1748,2,2,2,2,4,5,4,5,5,5,5,3,3,3.62,0,25,TRUE
Male,Loyal Customer,58,Business Travel,Business,3059,4,4,4,4,3,4,4,4,4,4,4,4,3,3.85,0,0,TRUE
Male,Loyal Customer,37,Personal Travel,Eco,731,2,3,2,4,5,2,5,5,3,5,4,1,5,3.54,0,0,FALSE
Male,Loyal Customer,56,Business Travel,Business,1598,4,4,4,4,4,4,4,5,2,4,5,4,4,4,193,189,TRUE
Male,Loyal Customer,27,Personal Travel,Eco,1145,3,4,3,2,5,3,5,5,4,3,3,4,5,3.77,0,7,FALSE
Female,Loyal Customer,30,Personal Travel,Eco,1597,2,2,2,4,3,2,2,3,2,1,2,4,3,2.46,10,30,FALSE
Female,Disloyal Customer,40,Business Travel,Business,127,2,2,2,4,5,2,5,5,2,4,2,3,5,3.31,0,0,FALSE
Female,Loyal Customer,53,Business Travel,Business,3681,2,2,2,2,5,5,4,4,4,4,4,3,3,3.38,45,21,TRUE
Male,Loyal Customer,21,Personal Travel,Eco,359,2,5,2,3,2,2,2,2,5,3,5,4,2,3,20,35,FALSE
Male,Loyal Customer,29,Personal Travel,Eco,1009,4,4,4,2,4,4,4,4,1,2,4,3,4,3.38,0,0,FALSE
Female,Loyal Customer,10,Personal Travel,Eco,228,3,1,3,3,1,3,1,1,3,3,4,1,1,2.15,0,0,FALSE
Female,Loyal Customer,44,Business Travel,Business,3519,2,2,2,2,5,4,5,3,3,3,3,3,3,3.08,45,42,TRUE
Female,Loyal Customer,53,Business Travel,Business,273,4,4,4,4,5,4,4,4,4,4,4,4,5,4.15,0,5,TRUE
Male,Loyal Customer,23,Personal Travel,Eco,2704,3,5,3,2,3,5,5,3,2,5,5,5,5,3.92,9,3,FALSE
Female,Loyal Customer,30,Business Travel,Eco,2486,3,2,2,2,3,3,3,3,4,1,2,3,3,2.62,3,0,FALSE
Male,Loyal Customer,24,Business Travel,Business,251,5,5,5,5,4,4,4,4,4,2,5,4,4,4.23,4,23,TRUE
Male,Loyal Customer,18,Business Travel,Business,1980,3,5,5,5,3,3,3,3,4,2,3,4,3,3.54,41,52,FALSE
Female,Loyal Customer,38,Business Travel,Eco,347,2,4,4,4,2,2,2,2,5,2,2,2,2,2.69,0,0,TRUE
Female,Loyal Customer,55,Personal Travel,Eco,599,2,2,2,4,3,3,4,1,1,2,1,2,4,2.38,0,0,FALSE
Male,Loyal Customer,59,Personal Travel,Business,355,1,1,1,4,1,4,3,3,3,1,1,4,3,2.31,0,0,FALSE
Female,Loyal Customer,69,Personal Travel,Eco,731,4,1,4,4,2,3,3,5,5,4,5,4,1,3.46,3,0,TRUE
Male,Loyal Customer,8,Personal Travel,Eco,762,3,2,3,3,1,3,1,1,1,4,4,4,1,2.38,14,0,FALSE
Male,Loyal Customer,39,Personal Travel,Eco,120,3,5,3,2,2,3,2,2,1,4,1,2,2,2.46,26,18,FALSE
Female,Loyal Customer,36,Personal Travel,Eco,106,3,4,3,1,2,3,2,2,3,2,5,4,2,2.77,2,0,FALSE
Male,Loyal Customer,42,Business Travel,Eco,300,4,1,1,1,4,4,4,4,2,4,1,2,4,2.77,4,0,TRUE
Male,Loyal Customer,49,Business Travel,Business,89,5,5,5,5,3,4,5,5,5,5,5,3,5,4.62,0,0,TRUE
Female,Loyal Customer,15,Business Travel,Business,3488,3,1,3,3,5,5,5,5,4,5,4,3,5,3.92,0,0,TRUE
Male,Loyal Customer,67,Personal Travel,Eco,1121,3,4,3,4,4,3,4,4,1,3,3,2,4,3.23,22,30,FALSE
Female,Disloyal Customer,22,Business Travel,Business,927,5,3,5,3,1,5,1,1,4,5,2,5,1,3.15,0,1,TRUE
Male,Loyal Customer,13,Personal Travel,Business,368,1,3,1,2,4,1,3,4,5,2,1,1,4,2.46,2,0,FALSE
Female,Loyal Customer,43,Business Travel,Business,3124,4,1,4,4,2,5,1,5,5,5,3,2,2,3.31,2,0,TRUE
Male,Loyal Customer,26,Business Travel,Business,3448,4,4,4,4,4,4,4,4,4,2,5,4,4,3.92,0,0,TRUE
Male,Loyal Customer,42,Business Travel,Business,3241,3,3,3,3,2,4,5,5,5,5,5,4,5,4,0,0,TRUE
Female,Loyal Customer,43,Personal Travel,Eco Plus,1154,2,5,2,4,5,4,4,4,4,2,4,4,3,3.62,0,19,FALSE
Female,Loyal Customer,30,Business Travel,Business,2251,5,5,5,5,5,5,5,5,1,3,4,4,5,4.38,56,58,TRUE
Male,Loyal Customer,44,Personal Travel,Eco,332,4,4,4,4,2,4,2,2,3,3,5,5,2,3.38,0,0,TRUE
Female,Loyal Customer,41,Personal Travel,Eco,531,2,5,2,1,1,2,1,1,3,3,4,4,1,2.31,0,0,FALSE
Male,Loyal Customer,43,Personal Travel,Eco,349,3,3,3,4,4,3,4,4,3,2,1,2,4,3.08,14,6,FALSE
Female,Loyal Customer,42,Business Travel,Eco Plus,646,2,5,5,5,2,3,3,2,2,2,2,4,4,3.15,0,0,FALSE
Male,Loyal Customer,26,Business Travel,Business,491,4,4,4,4,4,4,4,4,5,4,4,3,4,4,15,4,TRUE
Male,Loyal Customer,59,Personal Travel,Eco,710,1,5,1,2,1,1,1,1,3,4,5,4,1,2.31,26,12,FALSE
Female,Loyal Customer,27,Business Travel,Business,669,1,1,1,1,4,4,4,4,3,4,5,5,4,3.15,34,25,TRUE
Female,Disloyal Customer,36,Business Travel,Eco,325,3,3,3,4,4,3,4,4,2,2,4,3,4,3.31,44,33,FALSE
Male,Loyal Customer,67,Personal Travel,Eco,255,2,3,2,3,1,2,1,1,4,4,4,2,1,2.31,0,0,FALSE
Female,Disloyal Customer,40,Business Travel,Business,640,4,4,4,2,2,4,2,2,4,2,5,3,2,3.08,1,0,TRUE
Female,Disloyal Customer,21,Business Travel,Eco,408,3,3,3,4,3,1,1,1,4,3,4,1,1,2.46,333,338,FALSE
Female,Disloyal Customer,20,Business Travel,Eco,357,1,0,1,1,5,1,5,5,2,3,4,1,5,2.62,0,0,FALSE
Female,Loyal Customer,51,Business Travel,Business,1076,2,2,1,2,3,5,5,5,5,5,5,4,4,3.69,0,0,TRUE
Female,Loyal Customer,38,Personal Travel,Eco,321,5,5,1,3,1,1,1,1,1,2,2,4,1,2.15,2,0,TRUE
Female,Disloyal Customer,22,Business Travel,Eco,679,3,3,3,2,4,3,4,4,2,4,4,2,4,3.23,0,8,FALSE
Female,Loyal Customer,32,Personal Travel,Eco,328,3,3,3,4,5,3,5,5,2,2,4,2,5,3.54,2,0,FALSE
Female,Disloyal Customer,9,Business Travel,Eco,1020,2,2,2,3,2,2,2,2,2,5,4,2,2,2.46,5,1,FALSE
Female,Loyal Customer,24,Personal Travel,Eco,2288,2,2,3,2,1,3,1,1,1,3,3,4,1,2.08,0,0,FALSE
Female,Disloyal Customer,33,Business Travel,Business,631,1,2,2,2,5,2,5,5,5,2,4,3,5,3.31,0,0,FALSE
Female,Loyal Customer,42,Business Travel,Eco Plus,259,4,2,2,2,3,3,4,4,4,4,4,1,1,2.92,0,4,FALSE
Male,Loyal Customer,56,Business Travel,Business,528,2,2,2,2,3,4,5,4,4,4,4,5,4,3.46,0,0,TRUE
Female,Disloyal Customer,28,Business Travel,Eco,779,3,3,3,3,2,3,2,2,3,4,2,4,2,2.77,63,62,FALSE
Female,Loyal Customer,33,Business Travel,Eco Plus,189,1,4,4,4,1,2,1,1,1,3,4,3,1,2.31,45,40,FALSE
Male,Loyal Customer,23,Personal Travel,Business,2585,2,0,2,2,2,1,1,2,5,5,2,1,1,2,27,11,FALSE
Male,Disloyal Customer,26,Business Travel,Business,495,5,5,5,3,2,5,3,2,3,4,4,4,2,3.62,0,0,TRUE
Male,Disloyal Customer,20,Business Travel,Eco,888,4,4,4,3,3,4,3,3,4,4,4,3,3,3.54,0,0,TRUE
Male,Loyal Customer,31,Business Travel,Eco Plus,308,5,4,4,4,5,4,5,5,4,4,5,1,5,4.23,30,15,TRUE
Male,Loyal Customer,58,Business Travel,Business,2760,4,4,4,4,5,5,5,4,4,4,4,4,4,4.23,11,6,TRUE
Male,Loyal Customer,52,Business Travel,Business,3213,4,4,4,4,4,5,4,5,5,5,5,5,5,4.54,0,0,TRUE
Male,Loyal Customer,28,Business Travel,Business,3841,3,3,3,3,4,4,4,4,2,4,2,4,4,3.38,0,0,TRUE
Female,Loyal Customer,16,Personal Travel,Eco,1754,3,5,3,2,5,3,5,5,5,1,3,5,5,3.85,0,0,FALSE
Male,Loyal Customer,49,Personal Travel,Eco,460,2,4,2,1,5,2,5,5,4,3,3,3,5,3.38,30,30,FALSE
Female,Disloyal Customer,16,Business Travel,Business,1389,4,4,4,2,4,4,4,4,4,5,4,4,4,3.92,0,0,TRUE
Female,Loyal Customer,43,Business Travel,Eco Plus,231,5,2,2,2,4,4,3,5,5,5,5,1,1,3.38,0,0,TRUE
Male,Disloyal Customer,22,Business Travel,Eco,1089,1,2,2,1,4,2,4,4,5,4,4,4,4,3.15,0,0,FALSE
Male,Loyal Customer,59,Business Travel,Business,2173,3,4,4,4,5,2,2,3,3,3,3,3,1,3.08,0,30,FALSE
Male,Disloyal Customer,36,Business Travel,Business,254,1,1,1,3,1,1,1,1,3,2,4,2,1,1.69,0,0,FALSE
Female,Loyal Customer,39,Business Travel,Business,2475,3,3,3,3,5,4,5,5,5,4,5,5,3,4.08,6,0,TRUE
Male,Loyal Customer,31,Business Travel,Business,874,3,3,2,3,3,3,3,3,3,2,5,3,3,3,15,1,TRUE
Female,Disloyal Customer,34,Business Travel,Eco,359,3,5,3,1,3,3,3,3,4,2,1,5,3,3,0,0,FALSE
Male,Loyal Customer,46,Business Travel,Business,700,2,2,2,2,4,5,5,5,5,5,5,4,4,3.85,0,0,TRUE
Male,Loyal Customer,35,Business Travel,Business,1772,1,3,2,3,5,3,4,1,1,1,1,2,1,2.15,0,0,FALSE
Female,Loyal Customer,55,Business Travel,Eco,1172,4,2,4,2,2,2,3,4,4,4,4,1,1,2.85,4,0,TRUE
Male,Loyal Customer,37,Business Travel,Business,1072,2,2,5,2,2,5,5,5,5,5,5,5,4,4,0,34,TRUE
Male,Loyal Customer,18,Business Travel,Business,366,4,4,5,4,4,4,4,4,5,3,4,5,4,4.15,22,16,TRUE
Male,Loyal Customer,24,Personal Travel,Eco,873,2,4,2,1,4,2,4,4,2,3,4,4,4,3.08,92,107,FALSE
Female,Loyal Customer,60,Business Travel,Business,474,1,1,1,1,4,4,1,5,5,4,5,5,3,3.08,0,0,TRUE
Female,Loyal Customer,47,Business Travel,Eco,1134,4,3,3,3,2,5,3,4,4,4,4,1,5,3.46,0,0,TRUE
Male,Disloyal Customer,26,Business Travel,Eco,695,3,3,3,3,4,3,4,4,1,4,5,4,4,3.46,0,0,FALSE
Male,Loyal Customer,13,Personal Travel,Eco,1303,1,4,1,3,5,1,5,5,2,2,4,3,5,3.15,0,0,FALSE
Male,Disloyal Customer,23,Business Travel,Eco,391,3,3,3,3,1,3,1,1,2,1,3,4,1,2.23,15,31,FALSE
Male,Loyal Customer,33,Personal Travel,Eco,944,4,5,4,3,5,4,5,5,2,4,4,1,5,3.92,0,0,TRUE
Male,Loyal Customer,52,Business Travel,Business,3381,5,5,5,5,5,5,5,4,4,4,4,5,5,4.69,80,63,TRUE
Female,Loyal Customer,48,Personal Travel,Eco,337,4,3,4,4,2,4,3,2,2,4,2,4,3,3.15,3,0,TRUE
Male,Disloyal Customer,20,Business Travel,Business,414,2,1,2,3,4,2,4,4,3,2,2,4,4,2.85,4,0,FALSE
Female,Loyal Customer,25,Business Travel,Business,612,4,4,4,4,5,5,5,5,4,5,5,4,5,4.54,0,0,TRUE
Male,Loyal Customer,48,Business Travel,Eco,727,4,3,3,3,4,4,4,4,3,5,4,3,4,3.69,0,0,FALSE
Male,Loyal Customer,14,Personal Travel,Eco,86,2,5,0,1,4,0,4,4,3,5,4,4,4,3.08,45,45,FALSE
Male,Loyal Customer,41,Business Travel,Business,2899,4,4,4,4,4,5,5,5,5,5,5,5,4,4.54,0,0,TRUE
Male,Loyal Customer,59,Personal Travel,Eco,825,3,5,4,4,4,4,2,4,4,2,4,4,4,3.69,1,0,FALSE
Male,Disloyal Customer,39,Business Travel,Eco Plus,1846,2,2,2,3,3,2,3,3,4,5,2,4,3,2.92,6,0,FALSE
Female,Loyal Customer,61,Personal Travel,Eco,303,3,4,3,1,3,5,5,3,3,3,3,5,3,3.38,0,0,FALSE
Male,Loyal Customer,39,Business Travel,Business,251,2,1,1,1,1,4,4,2,2,2,2,3,2,2.08,0,0,FALSE
Female,Loyal Customer,42,Business Travel,Business,1622,1,1,1,1,3,4,4,4,4,4,4,5,3,3,0,2,TRUE
Female,Disloyal Customer,28,Business Travel,Eco,1222,2,2,2,2,3,2,3,3,4,1,2,3,3,2.46,13,20,FALSE
Male,Loyal Customer,47,Business Travel,Business,895,3,3,3,3,4,4,5,5,5,5,5,4,5,4.15,0,0,TRUE
Male,Loyal Customer,49,Business Travel,Business,2586,5,5,5,5,5,5,5,4,5,5,4,5,5,4.85,60,51,TRUE
Male,Loyal Customer,40,Business Travel,Business,1869,4,4,4,4,3,1,4,4,4,4,4,2,1,3.31,14,3,TRUE
Male,Loyal Customer,28,Business Travel,Eco Plus,269,3,5,2,5,3,3,3,3,4,5,4,4,3,3.62,118,97,FALSE
Female,Loyal Customer,53,Business Travel,Business,3236,0,4,0,5,2,5,5,5,5,5,5,3,3,3.62,0,0,TRUE
Male,Loyal Customer,41,Personal Travel,Eco,1195,3,4,3,3,4,3,1,4,3,4,5,3,4,3.38,74,78,FALSE
Female,Disloyal Customer,26,Business Travel,Business,1377,5,5,5,3,5,5,5,5,4,5,5,5,5,4.77,1,5,TRUE
Male,Loyal Customer,26,Business Travel,Business,965,1,5,5,5,1,1,1,1,4,2,3,3,1,2.54,0,0,FALSE
Female,Loyal Customer,14,Personal Travel,Business,552,4,1,5,3,5,5,5,5,3,4,4,2,5,3.92,0,0,TRUE
Female,Disloyal Customer,66,Business Travel,Eco,1036,1,1,1,4,1,1,1,3,3,3,1,1,1,1.69,134,134,FALSE
Male,Loyal Customer,33,Business Travel,Business,3236,5,5,5,5,5,5,5,5,4,2,4,5,5,4.62,27,23,TRUE
Female,Loyal Customer,47,Business Travel,Business,236,4,4,4,4,3,4,5,5,5,5,5,5,3,4.31,2,0,TRUE
Female,Loyal Customer,63,Personal Travel,Eco,230,1,4,1,4,5,5,4,5,5,1,5,3,3,3.54,0,0,FALSE
Female,Loyal Customer,31,Business Travel,Business,502,3,3,5,3,4,4,4,4,4,3,4,3,4,3.69,0,16,TRUE
Female,Loyal Customer,64,Personal Travel,Eco,533,2,4,2,3,2,4,5,5,5,2,1,3,5,3.31,0,1,FALSE
Female,Loyal Customer,44,Business Travel,Business,84,3,3,3,3,5,4,4,5,5,5,4,5,2,3.92,42,29,TRUE
Female,Loyal Customer,26,Business Travel,Eco,750,3,2,3,2,3,3,3,3,2,3,3,3,3,2.77,0,141,FALSE
Male,Loyal Customer,74,Business Travel,Business,2063,4,3,3,3,3,3,4,4,4,4,4,2,1,3.23,8,5,FALSE
Female,Loyal Customer,70,Personal Travel,Eco,484,2,5,2,2,2,4,3,2,2,2,2,3,4,2.69,0,16,FALSE
Male,Loyal Customer,56,Business Travel,Business,3080,5,5,5,5,4,4,4,4,4,4,4,3,5,4.31,0,0,TRUE
Female,Disloyal Customer,23,Business Travel,Business,259,5,1,5,3,2,5,2,2,3,4,2,4,2,3.08,0,0,TRUE
Male,Loyal Customer,77,Business Travel,Business,237,3,3,3,3,5,3,4,3,3,2,3,3,2,3.08,0,2,FALSE
Male,Loyal Customer,34,Business Travel,Business,2573,3,5,5,5,1,3,3,3,3,3,3,1,2,3.08,13,43,FALSE
Female,Loyal Customer,59,Business Travel,Business,226,2,2,2,2,2,5,5,4,4,5,4,4,5,3.54,13,11,TRUE
Female,Loyal Customer,32,Personal Travel,Eco,986,4,5,4,3,2,4,2,2,3,2,4,3,2,3.08,2,0,FALSE
Female,Loyal Customer,31,Business Travel,Eco,762,4,4,3,4,4,3,4,4,3,1,3,2,4,3.31,47,78,FALSE
Male,Loyal Customer,48,Personal Travel,Eco,188,2,4,0,3,4,0,4,4,4,5,5,5,4,3.38,0,0,FALSE
Male,Loyal Customer,34,Business Travel,Business,1444,3,3,3,3,3,5,5,4,4,4,4,3,5,3.77,14,2,TRUE
Female,Loyal Customer,48,Business Travel,Business,3227,3,3,3,3,4,5,5,4,4,5,4,5,4,4,113,123,TRUE
Female,Loyal Customer,26,Business Travel,Business,3484,5,5,5,5,4,4,4,4,4,5,4,3,4,4.31,0,0,TRUE
Male,Loyal Customer,64,Personal Travel,Eco,489,4,4,4,5,3,4,3,3,2,3,1,2,3,3.15,0,0,FALSE
Male,Disloyal Customer,37,Business Travel,Eco,159,2,3,1,3,1,4,4,4,4,4,4,4,4,3.23,180,217,FALSE
Male,Loyal Customer,54,Personal Travel,Eco,549,2,4,2,3,1,2,1,1,3,4,4,5,1,2.54,30,11,FALSE
Female,Disloyal Customer,44,Business Travel,Business,337,2,1,1,3,3,2,3,3,3,2,5,3,3,2.62,0,0,FALSE
Female,Loyal Customer,11,Personal Travel,Eco,622,2,5,2,3,4,2,4,4,5,2,4,5,4,3.54,6,1,FALSE
Female,Loyal Customer,23,Personal Travel,Business,255,4,3,4,2,4,4,4,4,4,2,5,2,4,3.54,0,0,FALSE
Female,Loyal Customer,60,Business Travel,Business,2566,1,1,1,1,3,2,3,1,1,2,1,3,3,1.77,4,0,FALSE
Female,Loyal Customer,53,Personal Travel,Eco Plus,2454,2,4,2,3,2,2,2,3,4,4,4,2,2,2.77,0,0,FALSE
Male,Loyal Customer,41,Personal Travel,Eco,247,5,5,5,5,4,5,4,4,3,3,4,3,4,4.15,0,0,TRUE
Male,Loyal Customer,50,Business Travel,Eco,575,2,2,2,2,3,2,3,3,4,4,3,1,3,2.62,0,0,FALSE
Female,Loyal Customer,30,Business Travel,Eco,231,0,0,0,1,5,0,5,5,3,1,5,5,5,2.69,0,0,TRUE
Male,Loyal Customer,52,Business Travel,Business,731,1,1,1,1,4,5,4,5,5,5,5,3,3,3.31,0,0,TRUE
Male,Loyal Customer,70,Personal Travel,Eco,516,3,3,3,4,1,3,1,1,2,3,4,2,1,2.38,0,0,FALSE
Female,Loyal Customer,60,Business Travel,Business,2454,2,4,3,4,2,3,3,3,3,3,2,2,4,2.92,0,0,FALSE
Male,Loyal Customer,48,Business Travel,Business,1754,5,5,5,5,4,4,4,5,5,5,5,3,5,4.62,67,74,TRUE
Female,Loyal Customer,28,Business Travel,Eco,399,2,4,4,4,2,2,2,2,3,2,3,2,2,2.62,0,0,FALSE
Female,Disloyal Customer,36,Business Travel,Eco,308,3,0,3,2,4,3,4,4,5,2,3,1,4,2.92,0,0,FALSE
Male,Disloyal Customer,29,Business Travel,Eco,802,3,4,4,2,3,4,3,3,3,4,3,1,3,3.08,0,0,FALSE
Male,Disloyal Customer,35,Business Travel,Eco,304,1,2,1,4,3,1,3,3,3,3,4,4,3,2.69,8,14,FALSE
Male,Loyal Customer,44,Personal Travel,Eco,841,3,4,3,4,4,3,4,4,3,2,4,2,4,3.38,0,3,FALSE
Female,Loyal Customer,7,Personal Travel,Eco,236,0,5,0,4,4,0,4,4,5,4,5,4,4,3.31,16,2,TRUE
Male,Loyal Customer,26,Business Travel,Eco,888,4,3,3,3,4,4,4,4,1,4,2,4,4,3.38,0,4,TRUE
Female,Disloyal Customer,24,Business Travel,Eco,883,2,2,2,3,3,2,3,3,2,5,4,2,3,2.77,11,8,FALSE
Female,Disloyal Customer,37,Business Travel,Eco,333,2,1,2,3,1,2,1,1,4,3,4,3,1,2.15,0,0,FALSE
Male,Loyal Customer,57,Personal Travel,Eco,907,4,1,4,3,4,4,4,4,1,4,2,3,4,3.23,0,0,FALSE
Female,Loyal Customer,26,Business Travel,Eco Plus,1721,3,4,4,4,3,2,3,3,1,5,4,4,3,3.31,0,0,FALSE
Male,Loyal Customer,24,Business Travel,Business,2283,1,1,1,1,4,4,4,4,2,2,3,3,4,2.62,12,7,TRUE
Male,Loyal Customer,55,Business Travel,Eco,2254,4,5,5,5,4,4,4,4,3,5,3,3,4,4.08,0,0,FALSE
Male,Loyal Customer,39,Business Travel,Business,1609,3,3,3,3,4,5,4,4,4,4,4,5,3,3.77,47,58,TRUE
Female,Disloyal Customer,17,Business Travel,Eco,641,3,2,3,4,5,3,5,5,3,1,3,4,5,3.54,0,0,FALSE
Male,Loyal Customer,10,Personal Travel,Eco,945,3,5,4,1,2,4,2,2,5,2,1,5,2,2.92,0,0,FALSE
Male,Disloyal Customer,30,Business Travel,Eco,89,4,4,4,4,4,4,4,4,2,3,3,1,4,3.46,0,0,FALSE
Male,Disloyal Customer,26,Business Travel,Business,373,2,4,3,2,5,3,1,5,3,4,5,5,5,3.62,0,1,FALSE
Female,Loyal Customer,59,Personal Travel,Eco,231,3,5,3,2,4,4,5,5,5,3,5,4,3,3.92,0,2,FALSE
Male,Loyal Customer,66,Personal Travel,Eco,404,2,4,2,1,4,2,4,4,3,4,4,3,4,3.15,0,0,FALSE
Female,Loyal Customer,38,Business Travel,Business,646,3,3,3,3,3,4,4,5,5,4,5,4,5,3.92,36,28,TRUE
Male,Loyal Customer,52,Business Travel,Business,1090,5,5,5,5,2,4,5,4,4,4,4,5,5,4.38,0,0,TRUE
Male,Loyal Customer,27,Business Travel,Business,1075,3,3,3,3,4,4,4,4,4,3,2,5,4,3.54,0,0,TRUE
Female,Loyal Customer,56,Business Travel,Business,733,5,5,5,5,2,5,5,5,5,5,5,5,3,4.62,0,0,TRUE
Female,Disloyal Customer,9,Business Travel,Eco,760,2,2,2,3,4,2,4,4,3,1,2,4,4,2.85,14,1,FALSE
Male,Disloyal Customer,35,Business Travel,Business,1010,3,3,3,2,3,3,3,3,4,4,4,3,3,3.15,0,0,FALSE
Female,Loyal Customer,12,Personal Travel,Eco,680,4,4,4,5,4,4,4,4,4,2,5,3,4,3.92,43,51,FALSE
Female,Loyal Customer,39,Business Travel,Business,201,4,4,4,4,1,2,4,5,5,4,3,4,5,3.77,7,1,TRUE
Male,Loyal Customer,66,Business Travel,Business,3416,2,4,4,4,3,3,3,2,2,2,2,3,2,2.77,0,0,FALSE
Female,Loyal Customer,63,Personal Travel,Eco,482,2,3,2,3,1,3,3,4,4,2,4,2,4,2.85,5,11,FALSE
Female,Loyal Customer,70,Personal Travel,Eco,390,2,2,2,3,5,4,4,5,5,2,3,2,2,3.15,5,3,FALSE
Female,Loyal Customer,35,Business Travel,Business,3981,4,4,4,4,4,5,4,4,1,4,2,4,4,3.69,155,,TRUE
Female,Loyal Customer,26,Business Travel,Business,2998,5,5,5,5,4,4,4,4,4,5,4,4,4,4.38,3,2,TRUE
Female,Loyal Customer,14,Personal Travel,Eco Plus,191,2,5,0,2,3,0,3,3,4,2,5,5,3,2.85,12,5,FALSE
Female,Disloyal Customer,27,Business Travel,Eco,551,3,5,3,2,2,3,2,2,3,4,3,4,2,2.92,0,5,FALSE
Male,Disloyal Customer,19,Business Travel,Eco,1055,4,4,4,4,1,4,1,1,3,5,4,3,1,3,0,6,FALSE
Female,Loyal Customer,30,Business Travel,Eco,1744,3,4,4,4,3,3,3,3,3,1,4,1,3,3,19,17,FALSE
Male,Loyal Customer,54,Business Travel,Business,261,2,2,2,2,2,5,4,4,4,4,4,2,3,3.08,0,0,TRUE
Female,Loyal Customer,53,Business Travel,Eco,601,1,3,3,3,1,4,4,2,2,1,2,2,3,2.38,0,0,FALSE
Female,Loyal Customer,51,Business Travel,Eco,447,5,5,5,5,1,3,1,5,5,5,5,5,3,4.08,2,0,TRUE
Female,Loyal Customer,50,Business Travel,Eco Plus,431,2,3,3,3,2,1,1,2,2,2,2,1,2,2,98,82,TRUE
Male,Disloyal Customer,22,Business Travel,Eco,867,3,3,3,2,2,3,1,2,5,5,4,5,2,3.08,3,0,FALSE
Female,Loyal Customer,39,Business Travel,Eco Plus,476,4,4,4,4,4,4,4,4,5,5,1,5,4,4,0,5,TRUE
Male,Loyal Customer,40,Business Travel,Business,2992,4,4,2,4,1,3,5,5,5,5,5,2,5,3.85,0,24,TRUE
Female,Loyal Customer,36,Business Travel,Business,2569,4,5,5,5,2,3,3,4,4,4,4,2,1,3.54,0,0,FALSE
Female,Loyal Customer,44,Business Travel,Business,1587,2,3,3,3,2,2,2,2,2,3,2,1,1,2.15,0,0,FALSE
Male,Loyal Customer,48,Business Travel,Business,2381,4,4,2,4,1,3,3,4,4,4,4,1,1,3,0,0,TRUE
Female,Loyal Customer,28,Business Travel,Business,746,3,4,4,4,3,3,3,3,1,4,4,2,3,3.15,10,17,FALSE
Male,Loyal Customer,29,Business Travel,Business,3053,4,5,5,5,4,4,4,4,4,3,4,3,4,4.08,0,0,FALSE
Male,Loyal Customer,47,Business Travel,Business,1992,2,2,2,2,4,4,4,4,4,4,4,4,5,3.46,0,0,TRUE
Female,Loyal Customer,19,Personal Travel,Eco,991,3,5,3,3,1,3,1,1,4,3,5,3,1,2.77,8,9,FALSE
Female,Loyal Customer,23,Personal Travel,Eco,2425,2,5,2,2,2,4,4,3,3,3,5,4,4,3.31,0,0,FALSE
Male,Loyal Customer,27,Business Travel,Business,2133,3,3,3,3,5,5,5,5,4,5,4,5,5,4.23,0,0,TRUE
Female,Loyal Customer,50,Business Travel,Business,3007,3,5,3,3,4,5,5,4,4,4,4,5,5,4.15,0,10,TRUE
Female,Loyal Customer,56,Business Travel,Eco,109,2,2,3,2,3,2,3,2,2,2,2,4,3,2.46,0,0,FALSE
Male,Loyal Customer,10,Personal Travel,Eco,1126,2,3,2,3,1,2,1,1,4,4,3,1,1,2.15,0,0,FALSE
Female,Loyal Customer,59,Business Travel,Business,1846,1,1,1,1,2,3,5,4,4,4,4,5,4,3,0,0,TRUE
Male,Loyal Customer,61,Business Travel,Eco,192,2,4,4,4,2,2,2,2,2,4,4,4,2,2.92,3,0,FALSE
Male,Loyal Customer,36,Personal Travel,Eco Plus,1102,2,5,1,2,2,1,2,2,5,3,4,4,2,2.69,0,0,FALSE
Female,Disloyal Customer,27,Business Travel,Business,255,2,2,2,1,5,2,5,5,5,5,5,3,5,3.62,0,6,FALSE
Male,Loyal Customer,24,Business Travel,Eco Plus,1189,5,5,5,5,5,5,5,5,3,5,2,2,5,4.38,0,0,TRUE
Male,Loyal Customer,41,Business Travel,Business,444,1,1,1,1,3,5,5,5,5,5,5,3,5,3.46,2,0,TRUE
Female,Loyal Customer,26,Personal Travel,Business,1744,3,0,3,4,5,3,5,5,5,3,4,4,5,3.77,0,0,FALSE
Male,Disloyal Customer,23,Business Travel,Business,1494,4,2,4,4,5,4,5,5,5,5,4,4,5,4.31,0,0,TRUE
Female,Loyal Customer,43,Business Travel,Eco,587,3,3,3,3,5,4,3,3,3,3,3,3,1,3.08,0,0,FALSE
Male,Loyal Customer,58,Personal Travel,Eco,1746,3,2,3,3,3,1,1,4,2,4,4,1,1,2.46,277,255,FALSE
Male,Loyal Customer,22,Business Travel,Business,1660,5,5,5,5,4,4,4,4,5,3,5,5,4,4.46,18,0,TRUE
Female,Loyal Customer,32,Business Travel,Eco Plus,986,2,5,5,5,2,1,2,2,1,3,2,4,2,2.77,1,0,FALSE
Female,Loyal Customer,49,Business Travel,Business,1704,1,1,1,1,4,4,4,3,3,4,5,4,4,3,138,134,TRUE
Female,Loyal Customer,60,Business Travel,Business,1532,3,3,3,3,2,4,4,5,5,5,5,3,5,3.85,35,28,TRUE
Female,Disloyal Customer,20,Business Travel,Eco,173,3,0,4,4,1,4,1,1,2,5,4,3,1,2.54,40,52,FALSE
Female,Loyal Customer,19,Business Travel,Business,937,3,3,3,3,4,4,4,4,5,4,5,3,4,3.77,0,0,TRUE
Female,Disloyal Customer,23,Business Travel,Business,1407,4,0,4,1,4,4,4,4,5,3,5,3,4,3.46,2,0,TRUE
Female,Loyal Customer,12,Personal Travel,Eco,1521,2,4,2,5,2,2,2,2,4,3,4,3,2,2.85,0,0,FALSE
Female,Loyal Customer,36,Business Travel,Eco Plus,223,5,4,4,4,5,5,5,5,2,2,2,1,5,3.77,13,2,TRUE
Female,Loyal Customer,40,Personal Travel,Eco,1750,3,5,2,3,1,2,1,1,4,4,4,1,1,2.46,47,41,FALSE
Female,Loyal Customer,68,Personal Travel,Eco,861,2,5,2,1,1,2,3,5,5,2,5,4,4,3.15,0,29,FALSE
Male,Loyal Customer,18,Personal Travel,Eco,280,2,5,2,4,4,2,4,4,1,3,4,4,4,3.31,0,0,FALSE
Female,Loyal Customer,8,Personal Travel,Eco,399,1,2,1,4,2,1,2,2,1,4,4,4,2,2.31,0,0,FALSE
Male,Loyal Customer,70,Personal Travel,Eco,591,3,5,3,2,3,3,3,3,3,2,5,4,3,3.23,4,1,FALSE
Male,Disloyal Customer,41,Business Travel,Business,358,1,0,0,3,3,0,3,3,3,1,2,4,3,2,9,21,FALSE
Female,Loyal Customer,48,Business Travel,Eco,373,1,4,3,4,5,3,4,1,1,1,1,1,3,2.46,3,0,FALSE
Male,Loyal Customer,55,Business Travel,Business,255,1,2,3,3,2,3,4,1,1,1,1,1,3,2,0,0,FALSE
Male,Loyal Customer,52,Business Travel,Business,407,5,5,5,5,3,5,2,4,4,4,4,4,4,4.15,49,36,TRUE
Male,Loyal Customer,41,Business Travel,Business,3655,2,2,2,2,3,5,4,4,4,4,4,3,3,3.23,0,0,TRUE
Male,Loyal Customer,46,Business Travel,Business,2537,3,3,3,3,2,4,4,5,5,5,5,3,3,3.69,0,3,TRUE
Female,Loyal Customer,71,Business Travel,Eco Plus,1771,1,2,2,2,4,3,3,1,1,1,1,2,2,1.92,0,0,FALSE
Male,Disloyal Customer,17,Business Travel,Eco,1399,4,3,3,3,1,4,1,1,4,1,5,4,1,2.69,0,0,TRUE
Female,Loyal Customer,35,Personal Travel,Eco,315,3,5,3,3,2,3,2,2,1,1,2,3,2,2.46,0,0,FALSE
Female,Loyal Customer,53,Business Travel,Eco,436,1,1,1,1,1,4,3,1,1,1,1,3,1,1.54,0,8,FALSE
Female,Disloyal Customer,26,Business Travel,Eco,944,1,1,1,3,4,1,4,4,2,2,4,3,4,2.62,25,25,FALSE
Female,Disloyal Customer,50,Business Travel,Business,166,4,4,4,4,1,4,1,1,4,4,4,3,1,3,0,0,FALSE
Male,Loyal Customer,45,Business Travel,Business,2350,5,5,2,5,5,3,5,4,4,4,4,4,5,4.23,0,0,TRUE
Male,Loyal Customer,38,Business Travel,Business,2052,4,1,1,1,3,1,1,4,4,4,4,3,4,2.69,4,0,FALSE
Male,Loyal Customer,33,Business Travel,Business,3937,3,3,4,3,3,3,3,3,1,1,4,1,3,2.69,0,0,FALSE
Male,Loyal Customer,30,Business Travel,Eco,1237,0,0,0,2,5,3,5,5,3,3,2,1,5,2.62,0,0,TRUE
Male,Loyal Customer,39,Business Travel,Business,2762,2,2,2,2,4,5,4,4,4,4,4,4,5,3.54,0,0,TRUE
Male,Loyal Customer,12,Personal Travel,Eco,143,2,5,2,2,5,2,2,5,2,4,3,3,5,3.23,0,0,FALSE
Female,Loyal Customer,54,Business Travel,Business,936,3,3,2,3,2,5,4,5,5,5,5,5,4,3.92,2,0,TRUE
Female,Loyal Customer,66,Personal Travel,Eco,621,1,4,1,3,4,5,4,1,1,1,1,3,5,2.62,14,6,FALSE
Female,Loyal Customer,41,Business Travel,Eco,296,2,3,3,3,2,2,2,2,1,1,4,3,2,2.31,0,0,FALSE
Female,Loyal Customer,34,Personal Travel,Eco,1379,3,3,4,3,1,4,1,1,3,1,3,2,1,2.31,2,0,FALSE
Male,Loyal Customer,51,Personal Travel,Eco,997,3,4,3,5,5,3,5,5,5,2,4,3,5,4,0,0,FALSE
Female,Disloyal Customer,28,Business Travel,Business,2556,4,4,4,4,3,4,3,3,5,2,4,4,3,3.62,0,0,FALSE
Female,Loyal Customer,19,Personal Travel,Eco,1927,4,5,4,2,5,4,5,5,4,2,3,4,5,4,1,12,FALSE
Male,Loyal Customer,46,Personal Travel,Eco,89,1,5,1,2,5,1,1,5,3,3,4,3,5,3,31,30,FALSE
Male,Loyal Customer,28,Personal Travel,Eco,2399,4,1,4,4,4,4,2,4,4,1,3,3,4,3.23,0,11,FALSE
Male,Disloyal Customer,25,Business Travel,Business,899,2,0,2,5,4,2,4,4,5,5,5,3,4,3.46,0,0,FALSE
Female,Loyal Customer,22,Business Travel,Business,3620,3,3,3,3,2,2,2,2,5,3,3,2,2,2.69,0,0,TRUE
Female,Loyal Customer,17,Personal Travel,Eco,1085,3,5,3,1,1,3,1,1,3,5,1,2,1,2.31,0,0,FALSE
Female,Loyal Customer,17,Personal Travel,Eco,570,5,1,5,4,5,5,5,5,2,1,3,4,5,3.85,0,0,TRUE
Female,Loyal Customer,63,Business Travel,Business,1596,2,4,5,4,3,4,4,2,2,2,2,3,2,3,0,0,FALSE
Female,Loyal Customer,29,Business Travel,Business,2143,2,2,2,2,4,4,4,4,1,1,3,3,4,2.77,0,0,TRUE
Male,Loyal Customer,62,Personal Travel,Eco Plus,236,3,4,3,3,3,3,3,3,3,4,5,5,3,3.46,37,27,FALSE
Male,Loyal Customer,58,Business Travel,Business,1729,2,2,2,2,2,5,5,3,3,4,3,5,5,3.31,0,0,TRUE
Female,Disloyal Customer,27,Business Travel,Business,312,4,4,4,1,5,4,5,5,3,4,4,4,5,4,0,0,TRUE
Female,Loyal Customer,45,Business Travel,Eco Plus,377,5,2,2,2,3,1,4,5,5,5,5,2,4,3.46,3,3,TRUE
Male,Loyal Customer,57,Business Travel,Business,1654,1,1,1,1,3,4,5,4,4,5,4,3,3,3,47,39,TRUE
Female,Loyal Customer,39,Business Travel,Business,3230,1,1,1,1,4,4,4,5,5,5,5,3,4,3.31,0,14,TRUE
Female,Loyal Customer,66,Personal Travel,Business,315,2,5,2,2,5,5,4,2,2,2,2,4,3,3.08,4,72,FALSE
Male,Disloyal Customer,23,Business Travel,Business,1500,4,0,4,3,4,4,4,4,4,2,4,4,4,3.46,6,5,TRUE
Male,Disloyal Customer,62,Business Travel,Eco,503,3,2,2,2,3,2,1,3,1,4,3,4,3,2.54,0,0,FALSE
Female,Loyal Customer,44,Personal Travel,Eco,1448,1,2,1,2,5,1,1,5,5,1,5,4,1,2.62,0,0,FALSE
Male,Loyal Customer,37,Personal Travel,Eco,517,4,5,4,2,4,4,4,4,5,3,4,5,4,4,67,81,FALSE
Male,Loyal Customer,49,Business Travel,Business,1921,1,1,1,1,3,5,4,5,5,5,5,4,3,3.31,3,0,TRUE
Male,Loyal Customer,56,Business Travel,Business,173,3,3,3,3,1,3,4,5,5,5,4,2,4,3.46,0,0,TRUE
Male,Loyal Customer,38,Personal Travel,Business,1121,1,5,1,2,5,5,4,2,2,1,2,3,4,2.85,0,0,FALSE
Male,Loyal Customer,52,Business Travel,Business,3403,2,2,4,2,2,5,5,4,4,4,4,4,4,3.54,0,0,TRUE
Male,Disloyal Customer,24,Business Travel,Business,368,4,2,4,2,5,4,5,5,1,2,3,3,5,3.46,0,0,FALSE
Male,Loyal Customer,42,Business Travel,Business,2611,3,1,1,1,3,3,3,1,5,1,2,3,3,2.31,54,53,FALSE
Female,Loyal Customer,15,Personal Travel,Eco,1728,4,4,4,3,5,4,5,5,3,2,5,4,5,4.08,2,6,FALSE
Female,Loyal Customer,41,Personal Travel,Eco,157,3,1,0,4,4,0,4,4,3,2,3,2,4,2.62,0,0,FALSE
Male,Loyal Customer,56,Business Travel,Business,772,1,1,1,1,3,4,5,5,5,4,5,5,5,3.46,0,4,TRUE
Male,Loyal Customer,34,Business Travel,Business,255,2,2,2,2,3,5,5,4,4,4,4,3,5,3.46,28,21,TRUE
Male,Disloyal Customer,25,Business Travel,Business,642,5,0,5,1,5,5,5,5,4,4,4,4,5,4,50,35,TRUE
Female,Loyal Customer,45,Personal Travel,Eco,1172,4,4,4,4,3,5,5,3,3,4,5,5,5,4.15,31,34,FALSE
Female,Loyal Customer,38,Business Travel,Business,1547,4,4,4,4,4,5,5,4,4,4,4,5,4,4.23,5,0,TRUE
Female,Disloyal Customer,17,Business Travel,Eco,502,4,1,4,3,1,4,1,1,4,3,2,2,1,2.38,1,19,FALSE
Male,Loyal Customer,20,Business Travel,Eco,238,5,3,2,2,5,5,5,5,3,4,1,3,5,3.69,85,77,TRUE
Male,Loyal Customer,18,Personal Travel,Eco,715,4,2,4,3,1,4,1,1,4,4,4,3,1,2.77,3,4,TRUE
Male,Loyal Customer,8,Personal Travel,Eco,1379,2,4,2,4,4,2,4,4,4,5,5,4,4,3.69,0,0,FALSE
Male,Disloyal Customer,25,Business Travel,Eco,1013,4,4,4,3,1,4,1,1,2,2,5,2,1,2.62,35,21,FALSE
Male,Loyal Customer,68,Personal Travel,Eco,414,2,4,2,4,2,2,3,2,3,2,3,3,2,2.62,40,30,FALSE
Male,Loyal Customer,53,Personal Travel,Eco,447,1,5,5,2,1,5,1,1,1,1,2,2,1,2.15,81,66,FALSE
Male,Disloyal Customer,39,Business Travel,Business,1024,5,5,5,3,2,5,2,2,5,4,4,4,2,3.69,9,0,TRUE
Male,Disloyal Customer,41,Business Travel,Eco,751,1,1,1,2,3,1,3,3,5,2,4,1,3,2.31,0,5,FALSE
Male,Disloyal Customer,41,Business Travel,Eco,152,3,4,3,3,1,3,1,1,2,3,4,1,1,2.31,49,44,FALSE
Female,Loyal Customer,18,Personal Travel,Eco,546,3,4,2,4,2,2,2,2,2,3,4,3,2,2.69,0,0,FALSE
Male,Disloyal Customer,20,Business Travel,Eco,247,1,0,2,2,2,2,2,2,3,4,5,3,2,2.31,0,4,FALSE
Female,Loyal Customer,70,Personal Travel,Eco,2176,3,4,3,2,3,1,1,4,4,3,3,1,1,2.54,207,176,FALSE
Female,Disloyal Customer,32,Business Travel,Eco,975,2,2,2,3,4,2,4,4,4,1,4,1,4,2.85,38,50,FALSE
Male,Loyal Customer,54,Business Travel,Business,2762,1,5,5,5,1,1,1,1,1,1,1,2,1,2,106,101,FALSE
Male,Loyal Customer,34,Business Travel,Eco,235,4,5,5,5,4,4,4,4,2,3,4,1,4,3.77,14,14,TRUE
Male,Disloyal Customer,23,Business Travel,Business,762,5,0,5,5,4,5,3,4,5,3,5,3,4,3.92,13,5,TRUE
Female,Loyal Customer,36,Business Travel,Business,2799,0,0,0,4,5,5,5,5,5,5,5,5,3,3.62,46,40,TRUE
Female,Loyal Customer,65,Personal Travel,Eco,738,3,4,3,2,4,4,5,5,5,3,5,5,3,3.92,4,13,FALSE
Female,Loyal Customer,28,Personal Travel,Eco,543,2,5,2,3,2,2,2,2,3,4,4,3,2,2.77,53,56,FALSE
Male,Loyal Customer,49,Business Travel,Business,187,1,1,1,1,3,1,5,5,5,5,3,5,4,3.08,11,0,TRUE
Female,Loyal Customer,36,Personal Travel,Eco,844,2,5,2,3,2,5,5,5,5,5,5,5,5,4.15,152,141,FALSE
Male,Loyal Customer,38,Business Travel,Eco,1074,2,4,3,4,2,2,2,2,2,1,4,2,2,2.46,0,0,TRUE
Female,Loyal Customer,40,Business Travel,Business,1596,1,1,1,1,5,4,5,4,4,4,4,5,5,3.38,2,0,TRUE
Male,Disloyal Customer,22,Business Travel,Eco,262,2,0,2,3,4,2,4,4,3,5,4,5,4,3.23,0,0,FALSE
Male,Loyal Customer,55,Business Travel,Business,1598,4,4,4,4,5,3,5,4,4,4,4,3,4,4,0,0,TRUE
Male,Loyal Customer,44,Business Travel,Business,2029,2,2,5,2,5,4,4,4,4,4,4,3,4,3.62,0,0,TRUE
Male,Loyal Customer,29,Business Travel,Eco,1400,3,3,3,3,3,3,3,3,1,5,4,1,3,2.92,3,0,FALSE
Female,Loyal Customer,40,Personal Travel,Eco,667,5,4,5,4,3,5,3,3,3,2,5,4,3,3.77,0,0,TRUE
Male,Disloyal Customer,20,Business Travel,Eco,408,3,2,3,4,2,3,2,2,4,5,3,3,2,2.92,9,0,FALSE
Female,Loyal Customer,23,Business Travel,Business,507,3,4,3,4,3,3,3,3,2,5,3,4,3,3.31,0,0,FALSE
Female,Loyal Customer,44,Business Travel,Business,2871,2,2,2,2,2,4,4,4,4,4,5,3,5,3.31,67,56,TRUE
Male,Disloyal Customer,24,Business Travel,Business,989,3,3,3,3,2,3,2,2,2,5,3,2,2,2.69,2,1,FALSE
Female,Loyal Customer,48,Personal Travel,Eco,551,2,4,2,5,2,5,2,1,1,2,3,2,5,2.77,0,4,FALSE
Female,Loyal Customer,54,Business Travel,Eco,475,4,3,3,3,5,1,5,4,4,4,4,1,3,3.38,0,1,TRUE
Female,Loyal Customer,39,Business Travel,Business,1504,4,1,1,1,1,2,2,4,4,3,4,3,4,2.62,55,13,FALSE
Female,Loyal Customer,20,Business Travel,Eco,775,5,5,5,5,5,5,3,5,4,4,5,4,5,4.62,1,17,TRUE
Female,Loyal Customer,44,Business Travel,Business,2635,2,2,2,2,4,5,5,5,5,5,4,5,3,3.77,0,4,TRUE
Female,Loyal Customer,42,Business Travel,Business,248,5,5,5,5,3,4,5,5,5,5,5,4,5,4.69,1,0,TRUE
Female,Loyal Customer,60,Business Travel,Business,2139,2,3,3,3,1,3,4,2,2,2,2,1,4,2.46,0,0,FALSE
Male,Loyal Customer,54,Business Travel,Business,2052,1,1,1,1,3,4,5,4,4,4,4,5,4,3.15,0,0,TRUE
Female,Loyal Customer,18,Personal Travel,Eco,604,3,4,3,2,3,3,3,3,4,5,5,4,3,3.46,0,0,FALSE
Female,Loyal Customer,57,Business Travel,Business,241,1,1,1,1,4,4,4,5,5,5,5,3,5,3.38,0,0,TRUE
Male,Loyal Customer,24,Business Travel,Eco Plus,639,0,3,0,1,2,0,2,2,5,5,3,3,2,2.15,1,5,TRUE
Male,Loyal Customer,39,Business Travel,Business,151,4,4,4,4,3,4,4,4,4,4,5,3,3,3.85,0,0,TRUE
Female,Loyal Customer,49,Business Travel,Business,3578,2,2,2,2,4,2,4,3,3,2,3,5,5,3,0,0,TRUE
Male,Loyal Customer,64,Personal Travel,Eco,405,3,5,3,4,5,3,5,5,2,5,5,3,5,4.08,0,0,FALSE
Female,Loyal Customer,63,Personal Travel,Eco Plus,751,2,5,2,4,2,1,1,4,4,5,4,1,1,2.77,168,180,FALSE
Male,Loyal Customer,58,Business Travel,Business,501,2,2,3,2,3,3,3,2,2,2,2,1,1,2.15,0,18,FALSE
Female,Loyal Customer,48,Business Travel,Business,1892,5,5,2,5,2,4,5,4,4,4,4,5,3,4,2,0,TRUE
Male,Disloyal Customer,32,Business Travel,Eco,163,1,3,1,5,5,1,1,5,3,1,3,5,5,3,0,10,FALSE
Male,Loyal Customer,64,Business Travel,Eco,152,4,5,5,5,4,4,4,4,3,5,3,1,4,3.92,0,0,FALSE
Female,Disloyal Customer,34,Business Travel,Business,3414,3,2,2,2,2,3,2,3,3,3,5,2,2,2.62,3,16,FALSE
Female,Loyal Customer,52,Business Travel,Business,1372,2,2,2,2,3,5,5,4,4,4,4,4,3,3.38,0,0,TRUE
Female,Loyal Customer,60,Business Travel,Business,3168,2,2,2,2,4,5,4,5,5,5,5,3,4,3.69,0,0,TRUE
Male,Loyal Customer,14,Personal Travel,Eco,213,4,3,4,2,3,4,3,3,3,4,3,4,3,3.31,0,0,FALSE
Female,Loyal Customer,35,Business Travel,Business,2149,5,5,5,5,2,5,1,4,4,4,4,5,4,4.08,0,0,TRUE
Male,Disloyal Customer,32,Business Travel,Business,925,3,3,3,1,1,3,1,1,4,4,5,5,1,2.69,12,0,FALSE
Female,Loyal Customer,50,Business Travel,Business,239,4,4,4,4,2,5,5,4,4,4,4,3,3,3.85,0,0,TRUE
Male,Loyal Customer,7,Personal Travel,Eco,479,3,4,3,3,2,3,2,2,1,5,5,5,2,3.08,0,0,FALSE
Female,Loyal Customer,44,Personal Travel,Eco,733,3,2,3,3,1,3,3,2,2,3,1,3,3,2.46,88,95,FALSE
Female,Disloyal Customer,23,Business Travel,Business,125,3,1,3,4,1,3,1,1,4,1,3,2,1,2.15,65,63,FALSE
Male,Loyal Customer,19,Personal Travel,Eco,680,5,5,5,1,5,5,5,5,5,4,5,5,5,4.62,0,0,TRUE
Male,Loyal Customer,25,Business Travel,Business,651,2,2,2,2,5,5,5,5,5,5,4,3,5,3.85,0,0,TRUE
Female,Disloyal Customer,41,Business Travel,Business,1546,2,2,2,2,3,2,3,3,3,3,5,3,3,2.77,0,0,FALSE
Female,Loyal Customer,69,Business Travel,Business,3932,0,4,0,3,5,1,3,5,5,5,5,2,4,3.23,0,0,TRUE
Female,Loyal Customer,37,Business Travel,Business,1476,3,3,3,3,4,4,5,5,5,5,5,3,4,4,0,0,TRUE
Male,Loyal Customer,34,Personal Travel,Eco,1488,2,4,2,2,5,2,5,5,5,4,3,3,5,3.62,0,0,FALSE
Male,Loyal Customer,31,Business Travel,Business,2139,2,1,1,1,2,2,2,2,2,1,3,2,2,1.77,0,0,FALSE
Male,Loyal Customer,11,Personal Travel,Eco,674,3,5,3,3,1,3,1,1,5,3,5,4,1,2.92,0,0,FALSE
Male,Loyal Customer,22,Business Travel,Business,550,5,2,5,5,5,5,5,5,4,4,2,2,5,4.15,0,0,TRUE
Female,Loyal Customer,19,Personal Travel,Eco,414,4,5,2,3,5,2,5,5,1,1,4,1,5,3.31,11,21,TRUE
Female,Loyal Customer,48,Business Travel,Business,1184,3,3,3,3,1,4,3,3,3,3,3,1,2,2.69,0,0,FALSE
Female,Loyal Customer,30,Personal Travel,Eco,297,3,3,3,1,3,3,3,3,5,5,5,4,3,3.38,12,0,FALSE
Male,Loyal Customer,31,Business Travel,Business,2847,4,4,4,4,5,5,5,5,3,4,5,5,5,4.46,0,0,TRUE
Male,Loyal Customer,46,Business Travel,Business,288,0,0,0,3,4,5,5,5,5,5,5,4,5,3.54,0,3,TRUE
Female,Loyal Customer,46,Personal Travel,Eco Plus,280,2,0,2,2,4,4,5,3,3,2,3,5,5,3.08,61,62,FALSE
Male,Disloyal Customer,62,Business Travel,Eco,1521,2,2,2,2,1,2,1,1,2,3,2,1,1,1.69,32,14,FALSE
Female,Loyal Customer,65,Business Travel,Business,347,3,3,1,3,1,2,2,4,4,4,4,4,4,3,0,5,TRUE
Male,Disloyal Customer,35,Business Travel,Eco,762,3,3,3,3,5,3,5,5,4,2,4,1,5,3.54,2,0,FALSE
Male,Loyal Customer,67,Personal Travel,Eco,1046,4,3,4,4,4,4,4,4,3,4,4,2,4,3.69,0,0,FALSE
Male,Loyal Customer,32,Personal Travel,Eco,965,3,5,2,2,2,2,1,2,4,5,4,3,2,2.85,0,0,FALSE
Male,Loyal Customer,53,Business Travel,Business,1859,3,2,2,2,5,4,4,3,3,3,3,1,4,3,46,45,FALSE
Male,Loyal Customer,65,Personal Travel,Eco,1091,3,2,3,3,4,3,4,4,3,2,3,4,4,3.23,4,1,FALSE
Male,Loyal Customer,24,Business Travel,Business,3309,4,4,4,4,4,4,4,4,2,4,1,4,4,3.62,0,0,TRUE
Male,Loyal Customer,68,Personal Travel,Eco,1089,2,3,2,1,2,2,2,2,2,5,4,1,2,2.31,0,0,FALSE
Male,Loyal Customer,29,Business Travel,Eco,563,4,2,4,2,4,4,4,4,3,1,3,2,4,3.15,0,0,TRUE
Female,Loyal Customer,16,Business Travel,Eco,764,3,4,5,5,3,3,4,3,4,2,3,2,3,3.38,0,7,FALSE
Male,Loyal Customer,57,Business Travel,Business,426,5,5,5,5,2,5,4,5,5,5,5,3,5,4.54,0,0,TRUE
Male,Disloyal Customer,39,Business Travel,Business,910,2,2,2,2,4,2,4,4,4,3,4,5,4,3.23,7,3,FALSE
Male,Loyal Customer,55,Business Travel,Eco Plus,153,5,3,3,3,5,5,5,5,2,4,4,5,5,4.15,0,0,TRUE
Female,Loyal Customer,40,Business Travel,Business,405,5,5,5,5,2,4,5,4,4,4,4,3,4,4.15,0,0,TRUE
Female,Loyal Customer,37,Business Travel,Business,2919,4,4,5,4,2,4,4,5,5,5,5,5,4,4.31,0,0,TRUE
Female,Loyal Customer,48,Business Travel,Eco,1749,2,4,5,4,3,2,3,1,1,2,1,1,2,2.38,10,8,FALSE
Female,Loyal Customer,52,Business Travel,Business,1747,3,3,3,3,5,3,2,5,5,5,5,3,1,3.54,0,7,TRUE
Male,Loyal Customer,58,Business Travel,Business,3338,3,3,3,3,4,5,4,5,5,5,5,4,5,4.15,0,26,TRUE
Female,Loyal Customer,47,Business Travel,Business,280,4,3,4,4,3,4,5,5,5,5,5,3,5,4.23,35,40,TRUE
Male,Loyal Customer,58,Business Travel,Business,1824,2,2,2,2,2,5,5,5,5,5,5,4,5,3.77,0,0,TRUE
Male,Loyal Customer,53,Personal Travel,Eco,383,2,5,3,2,2,3,2,2,5,3,5,3,2,3,0,0,FALSE
Female,Loyal Customer,40,Business Travel,Business,2835,4,4,4,4,4,4,4,5,5,5,5,3,3,4.15,0,0,TRUE
Female,Disloyal Customer,38,Business Travel,Eco,319,3,3,3,4,3,1,1,1,1,3,3,1,1,2.15,112,135,FALSE
Female,Loyal Customer,30,Business Travel,Business,2537,3,1,5,1,1,1,3,1,3,4,4,2,1,2.31,0,0,FALSE
Female,Loyal Customer,44,Business Travel,Business,1399,3,3,3,3,2,4,4,5,5,5,5,5,4,3.92,0,0,TRUE
Male,Loyal Customer,67,Business Travel,Business,3094,4,3,3,3,1,4,3,3,3,3,4,4,2,3.08,32,23,FALSE
Female,Disloyal Customer,23,Business Travel,Eco,109,0,4,0,2,2,0,2,2,3,5,4,4,2,2.31,0,0,TRUE
Female,Loyal Customer,12,Personal Travel,Eco,591,2,4,2,2,2,2,2,2,4,2,5,5,2,2.77,0,0,FALSE
Male,Loyal Customer,53,Business Travel,Eco,235,4,1,1,1,5,4,5,5,3,5,3,4,5,3.54,0,0,FALSE
Female,Loyal Customer,33,Personal Travel,Eco,2521,2,5,1,5,5,1,2,5,4,2,5,2,5,3.38,0,0,FALSE
Female,Loyal Customer,48,Personal Travel,Eco,829,4,4,4,2,5,5,4,3,3,4,3,4,3,3.69,6,16,FALSE
Male,Loyal Customer,35,Business Travel,Business,2622,5,5,5,5,4,2,1,5,5,5,3,4,4,4.08,0,0,TRUE
Female,Loyal Customer,44,Business Travel,Business,315,3,3,3,3,4,4,4,5,5,4,5,4,4,3.92,238,287,TRUE
Female,Loyal Customer,69,Personal Travel,Eco,1256,3,1,3,2,2,1,2,1,1,3,1,1,4,1.92,0,0,FALSE
Female,Loyal Customer,51,Business Travel,Business,481,4,4,4,4,5,2,5,5,5,5,5,3,4,4.23,0,0,TRUE
Male,Loyal Customer,47,Personal Travel,Business,449,2,5,2,3,4,3,2,1,1,2,2,3,4,2.62,0,0,FALSE
Male,Loyal Customer,39,Business Travel,Business,825,1,1,1,1,5,4,4,4,4,4,4,4,5,3.23,36,32,TRUE
Male,Disloyal Customer,11,Business Travel,Business,541,4,4,4,1,1,4,1,1,3,3,4,5,1,2.77,0,0,TRUE
Male,Loyal Customer,63,Personal Travel,Eco,550,2,0,2,3,3,2,3,3,3,5,4,3,3,2.77,0,2,FALSE
Female,Loyal Customer,66,Personal Travel,Eco,2556,1,1,1,4,1,4,3,1,1,1,1,2,2,1.77,0,4,FALSE
Male,Loyal Customer,36,Business Travel,Eco,917,5,1,1,1,5,5,5,5,2,3,1,3,5,3.23,8,0,TRUE
Male,Loyal Customer,48,Personal Travel,Eco,972,2,4,3,1,3,3,3,3,3,5,4,3,3,3.08,0,0,FALSE
Female,Loyal Customer,61,Business Travel,Eco,212,5,2,5,2,2,4,1,5,5,5,5,3,1,3.46,0,0,TRUE
Female,Disloyal Customer,15,Business Travel,Eco,727,2,2,2,2,4,2,4,4,1,1,2,1,4,2.38,0,0,FALSE
Male,Loyal Customer,24,Personal Travel,Eco,1182,3,4,3,3,5,3,5,5,4,3,3,5,5,3.92,0,0,FALSE
Male,Loyal Customer,22,Business Travel,Business,2458,4,2,2,2,4,4,4,4,3,3,4,4,4,3.38,0,7,FALSE
Female,Loyal Customer,13,Personal Travel,Eco,157,3,4,3,4,2,3,2,2,2,4,4,4,2,3,0,0,FALSE
Male,Loyal Customer,47,Business Travel,Business,248,0,0,0,4,4,4,4,5,5,5,5,4,5,3.46,11,13,TRUE
Female,Loyal Customer,30,Personal Travel,Eco,1024,3,5,3,2,5,3,5,5,2,3,4,2,5,3.62,4,9,FALSE
Female,Loyal Customer,12,Personal Travel,Eco,1119,4,4,4,1,3,4,3,3,5,4,5,3,3,3.54,0,0,FALSE
Male,Disloyal Customer,26,Business Travel,Business,1063,3,3,3,4,3,3,3,3,3,3,3,2,3,3,57,,FALSE
Male,Loyal Customer,34,Business Travel,Business,544,2,2,2,2,5,5,4,5,5,5,5,5,4,3.92,0,0,TRUE
Female,Disloyal Customer,18,Business Travel,Eco,337,2,0,2,3,5,2,5,5,4,4,4,4,5,3.46,0,0,FALSE
Male,Loyal Customer,49,Business Travel,Business,237,4,5,3,5,4,2,2,4,4,4,4,4,3,3.69,0,0,FALSE
Female,Disloyal Customer,23,Business Travel,Business,1117,5,4,5,3,2,5,2,2,3,5,4,4,2,3.54,0,0,TRUE
Female,Loyal Customer,60,Personal Travel,Eco,599,0,0,0,3,3,4,3,1,1,0,1,4,3,1.77,0,0,TRUE
Male,Loyal Customer,18,Business Travel,Eco Plus,373,2,3,3,3,2,2,4,2,3,2,3,4,2,2.69,0,7,FALSE
Male,Loyal Customer,50,Personal Travel,Eco,912,3,3,3,3,5,3,2,5,3,5,2,4,5,3.54,13,3,FALSE
Female,Loyal Customer,49,Personal Travel,Business,896,0,4,0,4,3,4,4,3,3,0,5,2,4,2.77,0,0,TRUE
Female,Disloyal Customer,20,Business Travel,Eco,507,4,5,4,5,5,4,3,5,3,3,3,2,5,3.92,0,0,FALSE
Female,Loyal Customer,44,Business Travel,Business,2820,1,1,1,1,5,5,4,5,5,5,5,4,5,3.62,0,0,TRUE
Male,Loyal Customer,7,Personal Travel,Eco,432,1,4,1,3,1,1,1,1,5,2,5,5,1,2.38,8,2,FALSE
Female,Loyal Customer,23,Business Travel,Business,612,5,3,5,5,5,5,5,5,5,4,5,4,5,4.69,29,26,TRUE
Female,Loyal Customer,66,Personal Travel,Eco Plus,547,2,5,2,1,4,4,4,4,4,2,4,4,5,3.46,2,0,FALSE
Female,Loyal Customer,43,Business Travel,Eco,671,5,3,5,3,5,3,5,4,4,5,4,5,5,4.31,0,8,TRUE
Male,Disloyal Customer,38,Business Travel,Eco,448,3,3,3,4,1,3,1,1,3,5,4,4,1,2.77,0,0,FALSE
Male,Loyal Customer,23,Business Travel,Business,762,5,5,4,5,5,5,5,5,3,2,4,4,5,4.38,4,85,TRUE
Male,Loyal Customer,15,Personal Travel,Business,228,2,5,2,3,4,2,4,4,3,2,5,5,4,3.46,13,0,FALSE
Female,Loyal Customer,33,Personal Travel,Eco,867,3,2,3,3,1,3,1,1,2,3,3,2,1,2.15,0,0,FALSE
Male,Disloyal Customer,24,Business Travel,Business,429,5,0,5,5,3,5,3,3,3,2,4,5,3,3.54,0,0,TRUE
Female,Disloyal Customer,37,Business Travel,Eco Plus,371,1,1,1,3,1,1,1,1,3,4,3,3,1,1.85,0,0,FALSE
Female,Loyal Customer,59,Business Travel,Eco,782,4,3,3,3,5,3,3,4,4,4,4,1,5,3.54,0,0,TRUE
Female,Loyal Customer,41,Business Travel,Business,787,2,2,2,2,3,5,4,5,5,5,5,5,3,3.69,7,14,TRUE
Female,Loyal Customer,26,Personal Travel,Eco,507,2,4,2,1,4,2,3,4,4,4,4,3,4,3.15,5,3,FALSE
Female,Loyal Customer,26,Business Travel,Business,2772,3,1,1,1,3,3,3,3,2,2,4,2,3,2.38,1,1,FALSE
Female,Loyal Customer,31,Business Travel,Business,1968,2,2,2,2,5,5,5,5,3,1,1,2,5,3.08,0,1,TRUE
Female,Loyal Customer,39,Personal Travel,Eco,551,2,4,2,3,3,2,3,3,4,4,3,2,3,2.92,0,0,FALSE
Female,Loyal Customer,35,Business Travel,Business,1637,3,4,3,3,5,4,5,4,4,4,4,5,4,4,0,0,TRUE
Female,Loyal Customer,55,Business Travel,Business,2218,1,5,5,5,3,2,2,1,1,1,1,2,1,2.31,0,0,FALSE
Male,Loyal Customer,41,Business Travel,Business,1862,2,2,2,2,4,4,4,4,4,4,4,5,5,3.54,0,0,TRUE
Male,Loyal Customer,42,Business Travel,Business,1044,5,5,2,5,3,5,5,2,2,2,2,3,4,3.46,0,5,TRUE
Female,Loyal Customer,42,Business Travel,Business,2685,3,5,5,5,3,3,4,3,3,3,3,2,2,3.38,0,0,FALSE
Male,Disloyal Customer,22,Business Travel,Business,612,5,4,5,1,2,5,2,2,5,3,5,3,2,3.38,92,99,TRUE
Male,Loyal Customer,58,Business Travel,Eco Plus,467,5,5,5,5,5,5,5,5,3,3,4,3,5,4.46,12,4,TRUE
Male,Loyal Customer,61,Personal Travel,Business,316,2,4,2,4,3,4,3,3,3,2,3,4,1,2.92,12,9,FALSE
Male,Loyal Customer,61,Personal Travel,Eco,546,2,2,2,4,1,2,1,1,1,1,4,2,1,1.85,47,49,FALSE
Male,Loyal Customer,57,Personal Travel,Eco,347,1,5,1,1,2,1,2,2,2,2,1,2,2,1.85,0,0,FALSE
Male,Loyal Customer,41,Business Travel,Business,802,2,2,2,2,2,5,4,5,5,5,5,5,5,3.77,24,15,TRUE
Male,Loyal Customer,50,Business Travel,Eco,1176,3,5,5,5,3,3,3,3,4,2,1,4,3,3.38,1,2,FALSE
Female,Disloyal Customer,25,Business Travel,Business,762,0,5,0,1,4,5,4,4,3,2,4,5,4,3.15,0,0,TRUE
Male,Loyal Customer,22,Personal Travel,Eco,425,2,4,2,4,3,2,3,3,1,3,4,4,3,2.92,0,1,FALSE
Male,Loyal Customer,54,Personal Travel,Eco,570,1,4,1,4,1,1,1,1,3,3,5,5,1,2.38,0,0,FALSE
Male,Loyal Customer,70,Personal Travel,Eco,846,1,5,1,2,4,1,4,4,4,3,4,5,4,3.23,0,0,FALSE
Male,Loyal Customer,32,Business Travel,Eco,907,4,4,4,4,4,4,4,4,4,4,4,5,4,4.08,0,1,TRUE
Female,Loyal Customer,38,Personal Travel,Eco,867,3,4,3,4,4,3,5,4,2,1,4,3,4,3.38,0,0,FALSE
Male,Loyal Customer,33,Business Travel,Business,3223,2,2,2,2,2,2,2,2,5,5,5,5,2,2.92,62,50,TRUE
Male,Loyal Customer,25,Business Travel,Business,954,4,4,4,4,4,4,4,4,1,3,5,3,4,3.69,1,0,TRUE
Female,Loyal Customer,39,Business Travel,Business,1548,0,5,0,4,4,4,5,5,5,3,3,3,5,3.54,5,0,TRUE
Female,Loyal Customer,54,Personal Travel,Eco,684,3,1,3,2,5,3,2,2,2,3,2,1,4,2.54,0,8,FALSE
Female,Loyal Customer,19,Personal Travel,Eco,436,1,4,1,2,4,1,4,4,4,2,3,1,4,2.69,22,41,FALSE
Male,Disloyal Customer,58,Personal Travel,Eco,253,3,4,3,5,2,3,2,2,1,5,5,1,2,2.92,2,53,FALSE
Female,Loyal Customer,27,Business Travel,Business,1126,3,3,3,3,4,4,4,4,5,5,4,3,4,3.77,0,0,TRUE
Male,Loyal Customer,12,Personal Travel,Eco,1008,1,4,1,4,4,1,4,4,1,5,3,3,4,3,37,22,FALSE
Male,Loyal Customer,41,Personal Travel,Eco,1024,3,4,3,4,2,3,1,2,3,2,5,5,2,3,19,29,FALSE
Male,Loyal Customer,30,Personal Travel,Eco,1175,2,4,2,2,2,2,5,2,5,3,5,3,2,3,0,0,FALSE
Female,Loyal Customer,30,Personal Travel,Eco,280,3,4,3,2,3,3,3,5,4,5,5,3,3,3.54,196,197,FALSE
Female,Loyal Customer,29,Business Travel,Business,2987,5,5,5,5,3,3,3,3,3,3,5,5,3,3.92,0,0,TRUE
Male,Loyal Customer,30,Personal Travel,Eco,650,3,4,3,3,3,3,3,3,2,2,4,4,3,3.08,0,0,FALSE
Male,Loyal Customer,31,Business Travel,Business,3655,5,5,5,5,4,4,4,4,4,2,4,3,4,4.08,0,0,TRUE
Female,Loyal Customer,67,Personal Travel,Eco,588,4,4,4,3,3,5,4,3,3,4,3,4,4,3.69,15,5,TRUE
Male,Loyal Customer,36,Business Travel,Eco,585,5,2,2,2,5,5,5,5,1,3,5,5,5,3.85,31,63,TRUE
Female,Disloyal Customer,50,Business Travel,Eco,457,3,4,3,4,2,3,2,2,2,1,3,2,2,2.54,0,0,FALSE
Female,Disloyal Customer,25,Business Travel,Eco Plus,406,3,3,3,4,4,3,4,4,2,5,4,1,4,3.38,1,,FALSE
Female,Disloyal Customer,24,Business Travel,Eco,1024,5,5,5,2,3,5,3,3,4,2,4,5,3,3.77,15,0,TRUE
Male,Loyal Customer,60,Business Travel,Business,3108,2,1,1,1,5,4,3,2,2,2,2,4,4,2.54,0,0,FALSE
Male,Loyal Customer,39,Business Travel,Business,1542,4,4,4,4,1,5,1,4,4,4,4,3,5,3.62,0,11,TRUE
Female,Loyal Customer,58,Personal Travel,Eco,596,1,1,1,2,2,3,2,1,1,1,1,2,1,1.46,0,0,FALSE
Female,Disloyal Customer,27,Business Travel,Eco Plus,112,3,3,3,3,3,3,2,3,2,5,5,3,3,3.15,49,40,FALSE
Female,Loyal Customer,59,Business Travel,Business,2128,4,4,4,4,4,4,5,4,4,5,4,4,4,4.15,0,0,TRUE
Female,Loyal Customer,56,Personal Travel,Eco,1587,4,5,4,3,4,4,4,4,4,4,4,3,3,3.85,4,0,FALSE
Male,Loyal Customer,45,Personal Travel,Eco,73,3,1,3,3,2,3,2,2,1,3,2,4,2,2.38,0,0,FALSE
Female,Loyal Customer,36,Personal Travel,Eco,447,3,3,3,1,3,3,1,3,2,1,2,5,3,2.54,0,0,FALSE
Female,Disloyal Customer,68,Personal Travel,Eco,700,3,5,3,3,5,3,5,5,4,4,4,4,5,4.08,0,0,FALSE
Male,Loyal Customer,52,Business Travel,Business,1597,1,5,5,5,5,2,4,1,1,1,1,3,1,2.69,0,1,FALSE
Male,Loyal Customer,36,Business Travel,Business,3302,1,3,3,3,5,3,4,1,1,1,1,3,3,2.46,0,0,FALSE
Male,Loyal Customer,58,Personal Travel,Eco,239,3,1,3,4,2,3,2,2,1,1,4,4,2,2.46,32,26,FALSE
Male,Loyal Customer,47,Personal Travel,Eco Plus,696,3,4,3,4,3,3,3,3,3,2,5,3,3,3.23,43,46,FALSE
Female,Loyal Customer,44,Business Travel,Business,484,1,2,2,2,5,4,3,1,1,1,1,2,1,2,0,0,FALSE
Male,Loyal Customer,51,Personal Travel,Eco,2475,3,2,3,3,1,3,1,1,1,5,3,4,1,2.38,4,19,FALSE
Male,Loyal Customer,46,Personal Travel,Business,199,1,4,1,3,5,5,4,4,4,1,4,4,3,3.31,6,1,FALSE
Female,Loyal Customer,30,Business Travel,Eco Plus,483,0,0,0,3,1,0,1,1,4,1,5,2,1,1.46,5,0,TRUE
Female,Loyal Customer,45,Personal Travel,Eco,522,4,4,4,3,3,4,5,5,5,4,5,3,4,4.08,23,39,FALSE
Male,Loyal Customer,46,Business Travel,Business,2221,4,4,4,4,2,4,4,5,5,4,5,5,4,4.15,0,0,TRUE
Male,Loyal Customer,44,Business Travel,Business,3815,3,3,3,3,3,5,5,4,4,4,4,4,3,3.69,0,7,TRUE
Female,Loyal Customer,63,Personal Travel,Eco,220,3,3,3,3,4,2,3,3,3,3,3,5,1,3,23,11,FALSE
Male,Loyal Customer,61,Personal Travel,Eco,2425,3,2,3,3,3,3,3,4,2,4,3,3,3,3,0,0,FALSE
Male,Loyal Customer,27,Personal Travel,Eco,515,4,5,4,1,3,4,3,3,5,4,5,4,3,3.69,18,0,FALSE
Male,Loyal Customer,18,Personal Travel,Eco,533,4,5,4,3,5,4,5,5,4,2,4,4,5,4.15,0,0,FALSE
Female,Disloyal Customer,38,Business Travel,Eco,628,1,4,1,4,4,1,4,4,4,2,3,1,4,2.85,39,31,FALSE
Female,Loyal Customer,33,Personal Travel,Eco,1310,2,5,2,3,5,2,5,5,5,3,3,4,5,3.77,24,12,FALSE
Female,Loyal Customer,17,Personal Travel,Eco,2586,2,1,2,1,2,3,3,1,5,2,2,3,3,2.31,127,112,FALSE
Female,Loyal Customer,62,Personal Travel,Eco,566,3,4,3,4,3,4,5,2,2,3,2,4,4,3.31,77,69,FALSE
Female,Loyal Customer,60,Business Travel,Business,569,1,2,2,2,4,3,2,1,1,2,1,2,3,2,0,0,FALSE
Male,Disloyal Customer,23,Business Travel,Eco,479,2,4,2,1,4,2,4,4,3,5,4,4,4,3.31,123,119,FALSE
Male,Loyal Customer,40,Business Travel,Business,2243,2,2,2,2,3,5,5,4,4,4,4,3,4,3.38,49,47,TRUE
Female,Loyal Customer,37,Business Travel,Business,3979,5,5,5,5,3,1,4,4,4,4,4,2,3,3.77,7,5,TRUE
Male,Loyal Customer,60,Business Travel,Business,2274,3,3,3,3,2,4,4,5,5,5,5,3,3,3.69,0,0,TRUE
Male,Loyal Customer,46,Business Travel,Eco Plus,954,4,4,4,4,4,4,4,4,1,2,1,1,4,3.15,0,0,TRUE
Female,Loyal Customer,48,Personal Travel,Eco,675,3,5,3,2,3,5,5,5,5,3,5,3,3,3.85,0,0,FALSE
Female,Loyal Customer,60,Business Travel,Business,250,0,0,0,2,4,4,5,4,4,5,5,4,3,3.08,0,0,TRUE
Male,Loyal Customer,19,Business Travel,Business,1979,3,4,4,4,3,4,3,3,2,4,3,3,3,3.31,0,0,FALSE
Male,Loyal Customer,52,Business Travel,Business,2450,3,3,3,3,2,4,4,4,4,5,4,5,4,3.69,0,0,TRUE
Male,Loyal Customer,35,Personal Travel,Eco,432,4,4,5,2,5,5,5,5,4,3,5,4,5,4.31,14,2,TRUE
Male,Disloyal Customer,21,Business Travel,Eco,447,2,5,2,4,2,2,2,2,5,2,5,5,2,3.08,0,0,FALSE
Female,Loyal Customer,28,Business Travel,Business,541,2,2,2,2,5,5,5,5,1,2,5,5,5,3.54,0,0,TRUE
Female,Loyal Customer,9,Personal Travel,Eco,908,2,5,2,4,5,2,3,5,5,4,5,4,5,3.92,0,7,FALSE
Female,Loyal Customer,27,Personal Travel,Eco,679,2,4,2,3,1,2,1,1,5,5,5,3,1,2.69,5,9,FALSE
Male,Disloyal Customer,40,Business Travel,Business,802,4,4,4,1,2,4,2,2,3,2,4,4,2,2.92,11,4,TRUE
Male,Disloyal Customer,21,Business Travel,Eco,190,5,0,5,3,2,5,2,2,5,3,1,3,2,2.92,0,0,TRUE
Female,Loyal Customer,47,Personal Travel,Eco Plus,237,2,5,2,1,3,5,5,1,1,2,1,5,4,2.85,0,7,FALSE
Female,Loyal Customer,34,Business Travel,Business,1464,2,2,3,2,4,5,5,3,3,4,3,4,5,3.46,2,0,TRUE
Female,Disloyal Customer,34,Business Travel,Eco,862,2,2,2,3,1,2,2,1,4,2,4,2,1,2.15,16,0,FALSE
Male,Loyal Customer,48,Business Travel,Business,201,2,1,2,2,2,4,4,4,4,5,5,5,4,3.38,0,0,TRUE
Male,Disloyal Customer,24,Business Travel,Eco,187,4,1,4,3,1,4,1,1,3,5,2,2,1,2.46,0,11,FALSE
Male,Loyal Customer,31,Business Travel,Eco,558,0,0,0,3,4,0,1,4,5,1,2,5,4,2.23,0,0,TRUE
Female,Loyal Customer,59,Business Travel,Business,3313,0,0,0,3,5,4,5,4,4,2,2,5,3,2.85,0,0,TRUE
Male,Loyal Customer,23,Personal Travel,Eco,416,3,5,3,4,3,3,3,3,3,4,2,2,3,3.15,0,0,FALSE
Female,Loyal Customer,54,Business Travel,Business,1235,4,4,4,4,3,4,4,4,4,5,4,5,4,4.08,0,0,TRUE
Female,Loyal Customer,29,Personal Travel,Eco,408,2,4,2,2,4,2,4,4,3,3,5,4,4,3.31,0,0,FALSE
Female,Loyal Customer,38,Business Travel,Business,2218,2,4,4,4,2,3,3,2,2,2,2,1,3,2.62,9,1,FALSE
Female,Loyal Customer,59,Personal Travel,Eco,1142,1,4,0,1,2,5,4,5,5,0,5,4,3,3,0,0,FALSE
Male,Loyal Customer,40,Business Travel,Business,2330,2,2,5,2,2,4,4,4,4,4,4,4,3,3.38,0,0,TRUE
Male,Loyal Customer,58,Business Travel,Eco,1728,3,1,1,1,3,3,3,3,4,4,3,3,3,2.69,10,15,FALSE
Female,Disloyal Customer,34,Business Travel,Eco,270,2,4,2,3,2,2,2,2,2,5,3,2,2,2.54,0,0,FALSE
Female,Loyal Customer,8,Personal Travel,Eco,2585,1,4,1,4,1,4,4,3,4,4,5,4,4,3.31,0,0,FALSE
Female,Disloyal Customer,29,Business Travel,Eco,1067,2,2,2,3,1,2,1,1,3,3,3,1,1,1.92,3,0,FALSE
Female,Loyal Customer,40,Personal Travel,Eco Plus,101,1,4,0,1,4,0,4,4,3,2,4,4,4,2.69,0,2,FALSE
Female,Loyal Customer,45,Business Travel,Eco,247,3,4,4,4,3,3,3,3,3,3,3,4,2,3.23,0,0,FALSE
Female,Loyal Customer,36,Business Travel,Business,332,3,3,3,3,3,4,5,5,5,5,5,3,5,4,0,3,TRUE
Female,Disloyal Customer,23,Business Travel,Business,1440,5,0,5,4,4,0,3,4,4,5,4,3,4,3.46,0,0,TRUE
Female,Loyal Customer,26,Personal Travel,Eco,442,3,5,3,3,4,3,4,4,4,1,2,3,4,3.31,0,0,FALSE
Male,Loyal Customer,38,Business Travel,Business,3137,4,4,4,4,5,5,5,5,5,5,5,3,4,4.46,0,2,TRUE
Male,Loyal Customer,33,Business Travel,Business,907,3,4,4,4,3,3,3,3,1,1,4,1,3,2.85,5,10,FALSE
Female,Loyal Customer,40,Business Travel,Business,2218,5,5,5,5,2,5,4,4,4,4,4,3,5,4.23,0,0,TRUE
Male,Loyal Customer,9,Personal Travel,Eco Plus,2454,1,2,1,4,1,2,2,3,4,3,3,2,2,2.31,36,6,FALSE
Female,Loyal Customer,52,Personal Travel,Eco,1156,1,4,1,4,2,4,4,4,4,1,4,2,2,2.85,2,0,FALSE
Male,Loyal Customer,66,Personal Travel,Business,296,2,4,2,3,3,5,4,3,3,2,3,5,3,3.23,0,0,FALSE
Female,Loyal Customer,21,Personal Travel,Eco,2125,3,4,3,4,3,3,3,3,2,5,4,1,3,3.15,4,0,FALSE
Male,Loyal Customer,54,Personal Travel,Business,369,3,4,4,3,5,3,1,5,5,4,5,5,1,3.69,0,0,FALSE
Male,Disloyal Customer,27,Business Travel,Eco,1749,1,0,0,4,4,1,4,4,1,1,2,3,4,2.23,22,49,FALSE
Female,Loyal Customer,44,Business Travel,Business,2169,5,5,5,5,2,5,4,5,5,5,5,4,3,4.46,47,35,TRUE
Female,Disloyal Customer,20,Business Travel,Eco,488,2,3,2,4,2,2,2,2,4,4,4,1,2,2.62,67,60,FALSE
Male,Loyal Customer,51,Personal Travel,Eco,280,3,1,3,4,1,3,1,1,4,2,3,3,1,2.31,0,0,FALSE
Male,Loyal Customer,53,Business Travel,Business,214,0,5,0,2,5,4,5,5,5,5,5,3,3,3.62,0,0,TRUE
Male,Loyal Customer,33,Business Travel,Business,1555,4,4,4,4,4,4,4,4,4,3,4,3,4,3.85,0,42,TRUE
Male,Disloyal Customer,23,Business Travel,Eco,678,3,3,3,3,3,3,4,3,4,4,4,3,3,3.31,0,0,FALSE
Female,Loyal Customer,30,Business Travel,Business,1635,2,3,3,3,2,2,2,2,3,1,2,2,2,2.23,0,0,FALSE
Male,Loyal Customer,60,Business Travel,Business,1390,3,3,3,3,3,5,4,5,5,5,5,4,3,3.92,65,41,TRUE
Male,Loyal Customer,24,Business Travel,Business,978,2,3,3,3,2,2,2,2,4,5,3,1,2,2.62,37,21,FALSE
Female,Loyal Customer,50,Business Travel,Business,733,4,4,4,4,2,4,5,4,4,4,4,3,4,3.85,44,21,TRUE
Female,Loyal Customer,30,Business Travel,Business,1768,1,1,1,1,5,5,5,1,3,4,3,5,5,3.08,151,134,TRUE
Male,Loyal Customer,35,Business Travel,Business,2565,3,3,3,3,5,5,5,5,5,5,5,3,4,4.15,21,0,TRUE
Male,Loyal Customer,54,Business Travel,Business,151,5,5,5,5,2,4,4,4,4,5,5,3,5,4.31,0,1,TRUE
Male,Loyal Customer,58,Business Travel,Business,1765,2,2,2,2,3,1,5,5,5,5,5,3,1,3.15,0,16,TRUE
Male,Disloyal Customer,50,Business Travel,Eco,1297,3,3,3,3,2,3,2,2,5,3,5,2,2,2.92,112,101,FALSE
Female,Disloyal Customer,52,Business Travel,Eco,612,4,4,4,4,2,4,2,2,3,3,4,1,2,3,45,85,FALSE
Male,Disloyal Customer,37,Business Travel,Business,2176,1,1,1,3,3,1,1,3,4,5,4,4,3,2.62,52,61,FALSE
Male,Loyal Customer,44,Business Travel,Business,2134,2,2,2,2,4,4,5,4,4,4,5,4,4,3.54,0,0,TRUE
Female,Loyal Customer,40,Business Travel,Business,2586,4,4,4,4,4,4,4,4,3,3,5,4,4,3.92,12,0,TRUE
Female,Loyal Customer,25,Personal Travel,Eco,319,3,4,3,4,2,3,2,2,2,1,5,5,2,2.92,0,0,FALSE
Female,Loyal Customer,50,Business Travel,Business,3881,2,2,2,2,4,4,4,5,5,5,5,5,4,3.77,0,0,TRUE
Female,Disloyal Customer,40,Business Travel,Business,936,1,1,1,4,5,1,5,5,3,2,3,1,5,2.85,39,39,FALSE
Female,Loyal Customer,50,Business Travel,Business,2379,1,1,1,1,5,4,5,4,4,4,4,4,5,3.31,0,2,TRUE
Male,Loyal Customer,68,Personal Travel,Eco,770,4,4,4,1,5,4,5,5,4,3,5,4,5,4.08,45,38,FALSE
Male,Loyal Customer,29,Business Travel,Business,1726,2,1,1,1,2,2,2,2,1,2,2,3,2,1.77,11,0,FALSE
Male,Loyal Customer,16,Business Travel,Business,1195,4,4,5,4,5,5,5,5,4,5,1,1,5,4.08,5,0,TRUE
Male,Loyal Customer,34,Personal Travel,Eco,1144,3,3,3,3,1,3,1,1,2,5,4,5,1,2.69,9,0,FALSE
Male,Loyal Customer,40,Business Travel,Business,529,4,4,4,4,3,5,5,4,4,4,4,5,5,4.23,0,0,TRUE
Female,Loyal Customer,51,Business Travel,Eco,689,3,2,2,2,4,4,3,3,3,3,3,3,3,2.92,10,19,FALSE
Male,Loyal Customer,43,Business Travel,Business,1428,1,2,2,2,5,4,4,1,1,1,1,3,1,2.15,14,9,FALSE
Female,Loyal Customer,60,Business Travel,Business,214,1,4,4,4,2,3,3,3,3,3,1,3,3,2.85,0,0,FALSE
Male,Loyal Customer,45,Business Travel,Business,1325,4,4,4,4,3,3,3,4,4,4,4,3,1,3.46,0,0,FALSE
Male,Loyal Customer,15,Personal Travel,Eco,916,3,1,3,2,2,3,2,2,4,3,2,1,2,2.31,0,0,FALSE
Female,Loyal Customer,50,Business Travel,Business,448,1,1,1,1,1,3,3,5,5,5,5,2,1,2.62,63,50,TRUE
Female,Loyal Customer,53,Business Travel,Business,979,4,4,4,4,4,4,1,5,5,5,5,4,5,4.15,0,0,TRUE
Male,Disloyal Customer,27,Business Travel,Business,1449,4,4,4,3,1,4,1,1,5,5,4,3,1,3.08,16,18,TRUE
Female,Loyal Customer,41,Business Travel,Business,2727,2,2,2,2,4,4,3,2,2,2,2,4,4,2.69,1,0,FALSE
Male,Loyal Customer,42,Business Travel,Eco,867,4,5,5,5,4,4,4,4,4,5,3,3,4,4.15,11,3,TRUE
Female,Disloyal Customer,23,Business Travel,Eco,152,1,1,1,4,4,1,1,4,2,1,4,3,4,2.38,8,16,FALSE
Female,Loyal Customer,37,Business Travel,Business,992,2,2,2,2,3,5,5,3,3,3,3,4,5,3.23,0,0,TRUE
Female,Loyal Customer,51,Business Travel,Business,3562,0,3,0,3,5,4,1,5,5,5,5,1,4,3.15,0,0,TRUE
Female,Loyal Customer,31,Business Travel,Business,2851,2,2,2,2,2,2,2,2,3,2,3,1,2,2.08,89,73,FALSE
Female,Loyal Customer,33,Personal Travel,Eco,888,3,2,3,4,3,3,3,3,4,2,3,2,3,2.92,51,16,FALSE
Male,Loyal Customer,39,Business Travel,Business,125,5,5,5,5,2,4,5,5,5,5,4,4,3,4.38,0,0,TRUE
Female,Loyal Customer,52,Business Travel,Eco,1047,1,3,2,3,4,4,3,1,1,1,1,4,2,2.31,0,0,FALSE
Male,Disloyal Customer,20,Business Travel,Eco,767,3,3,3,3,5,3,4,5,5,5,4,4,5,4,4,0,FALSE
Female,Loyal Customer,70,Business Travel,Business,701,2,2,2,2,2,3,4,2,2,2,2,4,4,2.54,92,76,FALSE
Female,Loyal Customer,59,Business Travel,Eco,2300,5,4,4,4,4,3,2,5,5,5,5,1,1,3.69,11,0,TRUE
Male,Loyal Customer,38,Business Travel,Eco Plus,762,5,2,2,2,5,4,5,5,1,4,3,4,5,3.62,19,12,FALSE
Female,Loyal Customer,53,Business Travel,Business,2475,1,5,5,5,2,1,1,2,4,3,2,1,1,2.54,6,6,FALSE
Male,Loyal Customer,53,Personal Travel,Business,1024,2,5,2,2,4,3,2,3,3,2,3,5,2,2.92,0,12,FALSE
Female,Disloyal Customer,25,Business Travel,Eco,412,5,2,5,3,1,5,1,1,2,4,5,2,1,2.85,0,0,TRUE
Female,Loyal Customer,50,Business Travel,Business,3845,5,5,5,5,5,5,5,3,1,4,5,5,5,4.46,0,3,TRUE
Male,Disloyal Customer,22,Business Travel,Eco,308,3,4,3,2,2,3,2,2,3,3,5,5,2,3,0,0,FALSE
Male,Loyal Customer,59,Business Travel,Business,328,3,3,3,3,4,5,5,5,5,5,5,5,5,4.31,0,0,TRUE
Female,Disloyal Customer,18,Business Travel,Eco,502,3,5,3,5,4,3,4,4,4,4,4,5,4,4,0,0,FALSE
Male,Loyal Customer,46,Business Travel,Business,3338,4,4,4,4,3,4,4,4,4,4,4,4,3,3.85,1,10,TRUE
Male,Loyal Customer,44,Business Travel,Business,834,3,4,3,3,3,4,5,5,5,5,5,4,3,4,41,36,TRUE
Male,Loyal Customer,55,Business Travel,Business,1728,4,4,4,4,3,4,5,5,5,5,5,5,5,4.46,6,0,TRUE
Female,Loyal Customer,60,Business Travel,Business,315,2,2,2,2,1,2,5,4,4,4,4,3,5,3.08,0,0,TRUE
Male,Loyal Customer,16,Business Travel,Business,770,1,1,5,1,1,1,1,1,1,3,4,2,1,1.77,0,0,FALSE
Female,Loyal Customer,36,Business Travel,Eco,359,5,3,3,3,5,5,5,5,5,3,5,1,5,4.08,8,18,TRUE
Male,Loyal Customer,10,Personal Travel,Eco,2689,3,5,3,3,4,3,4,4,4,4,4,5,4,3.85,0,3,FALSE
Male,Loyal Customer,34,Personal Travel,Eco,1073,4,5,3,1,5,3,5,5,4,2,4,3,5,3.77,0,0,FALSE
Male,Disloyal Customer,24,Business Travel,Eco,491,2,4,2,4,3,2,3,3,4,5,5,3,3,3.31,0,7,FALSE
Female,Disloyal Customer,28,Business Travel,Eco,2139,3,3,3,1,5,3,5,5,3,2,1,3,5,3.23,4,0,FALSE
Female,Loyal Customer,22,Business Travel,Eco,301,5,3,3,3,5,5,4,5,4,3,5,5,5,4.23,0,0,TRUE
Male,Disloyal Customer,40,Business Travel,Eco,589,3,1,3,3,4,3,4,4,2,5,3,1,4,3.08,16,4,FALSE
Female,Loyal Customer,39,Business Travel,Business,2121,3,3,3,3,4,4,4,5,3,5,5,4,4,3.85,149,152,TRUE
Female,Disloyal Customer,49,Business Travel,Business,1132,5,5,5,5,3,5,3,3,3,3,4,3,3,3.85,28,1,TRUE
Male,Loyal Customer,53,Personal Travel,Business,2521,0,3,0,3,2,4,4,3,3,3,3,3,1,2.46,0,3,TRUE
Female,Loyal Customer,22,Personal Travel,Eco,214,4,3,4,4,4,4,4,4,3,2,1,2,4,3.31,0,0,TRUE
Female,Loyal Customer,54,Business Travel,Eco,236,4,4,4,4,4,5,2,4,4,4,4,5,4,4,0,0,TRUE
Female,Loyal Customer,37,Personal Travel,Eco Plus,515,2,4,2,1,3,2,2,3,4,4,4,5,3,3,0,0,FALSE
Male,Disloyal Customer,24,Business Travel,Eco,188,3,4,3,2,1,3,1,1,5,4,5,1,1,2.62,34,23,FALSE
Female,Loyal Customer,22,Business Travel,Eco,1726,3,4,3,3,3,3,2,3,2,4,2,3,3,2.92,18,2,FALSE
Male,Loyal Customer,29,Business Travel,Business,1709,3,5,5,5,3,3,3,3,2,4,4,1,3,3.38,0,0,FALSE
Female,Disloyal Customer,35,Business Travel,Eco,846,2,1,1,3,3,1,3,3,3,2,4,3,3,2.46,28,24,FALSE
Male,Loyal Customer,39,Business Travel,Business,280,4,4,4,4,2,5,4,4,4,4,4,3,4,3.85,87,90,TRUE
Male,Loyal Customer,33,Personal Travel,Eco,677,4,4,4,4,1,4,1,1,4,2,4,5,1,3,0,0,FALSE
Female,Loyal Customer,41,Personal Travel,Eco Plus,335,3,5,3,1,2,4,5,2,2,3,2,4,3,3,0,0,FALSE
Male,Loyal Customer,43,Business Travel,Business,3980,2,3,3,3,5,3,4,2,2,2,2,4,1,2.77,0,0,FALSE
Male,Disloyal Customer,21,Business Travel,Eco,505,3,0,3,4,2,3,2,2,5,5,2,2,2,2.69,0,0,FALSE
Male,Disloyal Customer,21,Business Travel,Eco,328,3,0,3,1,1,3,1,1,5,4,4,5,1,2.46,23,113,FALSE
Male,Loyal Customer,50,Business Travel,Business,2792,5,5,5,5,4,5,5,2,2,2,2,4,5,3.92,7,0,TRUE
Female,Loyal Customer,44,Business Travel,Eco,421,2,2,2,2,2,2,2,2,2,2,2,2,2,2,110,139,FALSE
Female,Loyal Customer,76,Business Travel,Business,1622,3,4,4,4,2,3,3,3,3,3,3,3,1,3,3,0,FALSE
Female,Loyal Customer,23,Business Travel,Business,1613,2,4,4,4,2,2,2,2,1,4,4,2,2,2.69,1,0,FALSE
Male,Disloyal Customer,20,Business Travel,Eco,530,2,4,2,1,2,2,2,2,5,4,5,3,2,2.77,0,0,FALSE
Male,Loyal Customer,35,Personal Travel,Eco,216,3,0,3,3,2,3,2,2,3,5,3,3,2,2.62,0,0,FALSE
Female,Loyal Customer,18,Personal Travel,Eco,591,4,5,3,3,5,3,5,5,5,5,4,3,5,4.23,0,2,FALSE
Male,Disloyal Customer,39,Business Travel,Business,493,5,5,5,3,3,5,3,3,3,4,4,5,3,3.92,9,0,TRUE
Male,Loyal Customer,66,Business Travel,Eco Plus,134,2,1,1,1,1,2,1,1,4,4,3,2,1,1.85,0,0,TRUE
Male,Loyal Customer,49,Business Travel,Business,3553,2,2,2,2,4,5,4,4,4,4,4,4,5,3.54,0,0,TRUE
Male,Loyal Customer,56,Business Travel,Business,672,1,1,1,1,5,5,5,5,5,5,5,4,3,3.54,0,0,TRUE
Female,Disloyal Customer,29,Business Travel,Eco,762,2,2,2,1,1,2,1,1,5,1,4,1,1,1.85,0,0,FALSE
Female,Loyal Customer,42,Business Travel,Business,3543,2,4,3,3,4,4,3,2,2,2,2,4,3,2.92,0,1,FALSE
Female,Disloyal Customer,27,Business Travel,Eco,118,2,0,2,4,2,2,5,2,2,4,3,5,2,2.69,0,0,FALSE
Female,Loyal Customer,60,Business Travel,Business,453,3,3,3,3,5,5,5,3,3,3,3,3,5,3.62,2,0,TRUE
Female,Loyal Customer,27,Personal Travel,Eco,345,2,5,2,4,1,2,1,1,1,2,2,3,1,2.08,0,0,FALSE
Male,Loyal Customer,29,Business Travel,Business,2419,5,5,5,5,2,2,2,2,3,3,5,5,2,3.54,0,0,TRUE
Male,Loyal Customer,49,Business Travel,Eco,770,5,2,2,2,5,5,5,5,5,1,2,1,5,3.46,16,3,TRUE
Female,Disloyal Customer,54,Business Travel,Business,1235,4,4,4,2,1,4,1,1,3,4,4,3,1,2.77,38,17,TRUE
Female,Loyal Customer,53,Personal Travel,Eco,163,3,5,3,1,4,4,4,4,4,3,1,5,3,3.38,0,0,FALSE
Female,Disloyal Customer,22,Business Travel,Business,1449,4,5,4,4,1,4,1,1,4,4,4,4,1,3.15,27,22,TRUE
Male,Loyal Customer,44,Business Travel,Business,3872,5,5,5,5,4,4,4,5,3,5,5,4,4,4.46,145,140,TRUE
Female,Loyal Customer,61,Personal Travel,Eco,756,1,5,1,2,2,4,5,1,1,1,1,5,3,2.46,0,0,FALSE
Female,Disloyal Customer,18,Business Travel,Eco,204,3,0,2,2,5,2,5,5,4,5,3,2,5,3.31,0,0,FALSE
Male,Disloyal Customer,22,Business Travel,Business,230,0,0,0,1,4,0,4,4,1,4,5,1,4,2.15,0,0,TRUE
Male,Loyal Customer,39,Business Travel,Business,2043,5,5,5,5,5,4,4,4,4,4,4,3,4,4.31,0,0,TRUE
Male,Loyal Customer,45,Personal Travel,Business,901,3,3,3,1,5,4,2,3,3,3,3,4,2,3,0,29,FALSE
Female,Disloyal Customer,32,Business Travel,Business,874,2,2,2,3,5,2,5,5,5,3,5,3,5,3.62,4,0,FALSE
Female,Disloyal Customer,61,Business Travel,Eco Plus,326,3,3,3,4,3,3,3,3,5,5,2,1,3,3.15,71,77,FALSE
Female,Loyal Customer,49,Personal Travel,Eco,694,4,4,4,1,5,4,4,4,4,4,4,3,3,3.69,0,0,FALSE
Male,Loyal Customer,58,Business Travel,Business,1593,3,3,3,3,3,5,5,2,2,2,2,3,5,3.15,0,0,TRUE
Male,Disloyal Customer,30,Business Travel,Business,896,4,4,4,3,4,4,4,4,4,3,5,3,4,3.85,0,25,FALSE
Female,Disloyal Customer,24,Business Travel,Business,271,4,0,4,3,2,4,2,2,2,5,1,1,2,2.46,50,45,TRUE
Male,Loyal Customer,44,Personal Travel,Eco,680,3,1,3,3,1,3,1,1,1,1,3,1,1,1.77,10,47,FALSE
Male,Loyal Customer,28,Personal Travel,Eco,632,4,5,4,1,2,4,2,2,3,5,5,4,2,3.31,0,0,FALSE
Female,Loyal Customer,9,Personal Travel,Eco,1605,4,4,4,4,2,4,2,2,4,2,5,4,2,3.31,59,47,FALSE
Male,Disloyal Customer,46,Business Travel,Business,1072,3,3,3,3,3,3,5,3,3,3,4,1,3,3.08,10,0,FALSE
Male,Loyal Customer,22,Business Travel,Business,2110,5,5,5,5,3,3,3,3,5,3,3,3,3,3.77,43,34,TRUE
Female,Loyal Customer,48,Business Travel,Business,201,4,4,4,4,2,4,4,5,5,5,5,4,3,4.08,0,0,TRUE
Male,Loyal Customer,61,Business Travel,Business,1972,2,2,2,2,3,3,3,2,2,2,2,4,3,2.46,0,0,FALSE
Female,Disloyal Customer,37,Business Travel,Eco Plus,273,1,1,1,4,4,1,3,4,2,3,3,3,4,2.62,0,0,FALSE
Female,Loyal Customer,44,Business Travel,Business,3549,4,4,4,4,3,5,5,4,4,4,4,3,4,4,0,0,TRUE
Male,Disloyal Customer,25,Business Travel,Eco,862,2,3,3,4,2,3,2,2,1,5,3,4,2,2.77,0,0,FALSE
Male,Loyal Customer,55,Personal Travel,Eco,345,4,4,4,3,5,4,5,5,5,2,5,5,5,4.31,7,0,FALSE
Male,Loyal Customer,52,Business Travel,Business,2102,4,4,4,4,4,5,5,4,4,4,4,4,4,4.15,17,0,TRUE
Female,Loyal Customer,43,Business Travel,Business,1601,3,3,3,3,2,5,5,4,4,4,4,4,5,3.77,0,0,TRUE
Female,Disloyal Customer,45,Business Travel,Business,325,5,5,5,2,3,5,3,3,5,4,5,5,3,4.08,2,0,TRUE
Male,Loyal Customer,61,Personal Travel,Eco,236,3,5,3,2,2,3,2,2,4,5,4,4,2,3.15,0,0,FALSE
Female,Loyal Customer,30,Business Travel,Business,2419,2,2,2,2,2,2,2,2,1,2,3,3,2,2.08,4,11,FALSE
Female,Loyal Customer,15,Personal Travel,Eco Plus,2075,3,5,3,3,5,3,5,5,3,2,4,3,5,3.77,2,0,FALSE
Male,Loyal Customer,7,Personal Travel,Eco,2176,3,2,3,3,4,3,1,4,1,3,4,4,4,3,11,12,FALSE
Male,Loyal Customer,60,Business Travel,Eco,927,5,1,1,1,5,5,5,5,1,1,1,4,5,3.08,0,0,TRUE
Female,Loyal Customer,53,Personal Travel,Eco,867,3,1,3,4,5,4,4,5,5,3,5,2,3,3.62,0,0,FALSE
Female,Loyal Customer,41,Business Travel,Business,288,3,1,1,1,3,3,3,3,3,4,3,4,4,2.77,0,0,FALSE
Female,Loyal Customer,50,Business Travel,Business,2342,3,3,3,3,2,4,5,5,5,4,5,4,4,3.85,0,0,TRUE
Female,Loyal Customer,64,Business Travel,Eco,2496,4,2,2,2,4,4,4,5,3,4,5,4,4,3.62,0,0,TRUE
Female,Loyal Customer,39,Business Travel,Business,1763,2,2,2,2,4,5,3,4,4,4,4,2,2,3.08,0,0,TRUE
Male,Loyal Customer,47,Business Travel,Business,2549,2,2,2,2,4,5,4,3,3,4,3,3,4,3.15,1,0,TRUE
Female,Loyal Customer,55,Business Travel,Eco,1744,4,5,5,5,1,4,3,4,4,4,4,2,3,3.69,7,23,FALSE
Male,Loyal Customer,54,Business Travel,Business,1521,5,5,5,5,4,5,5,3,3,4,3,5,5,4.38,0,0,TRUE
Female,Loyal Customer,44,Business Travel,Eco Plus,872,4,1,1,1,3,5,2,4,4,4,4,5,2,3.08,43,21,TRUE
Female,Loyal Customer,20,Personal Travel,Eco,1056,4,5,4,3,5,4,5,5,5,5,4,4,5,4.46,9,2,FALSE
Male,Loyal Customer,44,Business Travel,Business,3849,4,3,3,3,1,4,3,4,4,4,4,3,1,3.15,0,0,FALSE
Female,Loyal Customer,52,Business Travel,Eco Plus,261,5,4,4,4,4,3,4,4,4,5,4,4,5,4.15,0,0,TRUE
Female,Loyal Customer,19,Business Travel,Business,2274,1,1,4,1,5,5,5,5,3,4,5,5,5,3.77,0,0,TRUE
Male,Loyal Customer,34,Business Travel,Eco,150,5,5,5,5,5,5,5,5,3,4,5,2,5,4.54,0,0,TRUE
Male,Loyal Customer,44,Business Travel,Business,2196,2,4,4,4,1,2,2,2,2,2,2,3,3,2.54,44,34,FALSE
Male,Loyal Customer,55,Business Travel,Eco Plus,1521,1,5,5,5,1,1,1,1,2,3,3,1,1,2.31,0,0,FALSE
Male,Loyal Customer,50,Business Travel,Eco,725,4,3,3,3,4,4,4,4,5,3,1,5,4,3.62,0,0,TRUE
Female,Loyal Customer,29,Business Travel,Business,3736,2,3,5,3,2,2,2,2,1,2,3,4,2,2.54,0,8,FALSE
Female,Loyal Customer,49,Personal Travel,Eco,205,3,1,3,3,1,4,3,4,4,3,4,1,3,2.85,0,0,FALSE
Male,Loyal Customer,11,Personal Travel,Eco,1471,2,4,2,3,3,2,4,3,5,4,4,3,3,3.23,0,0,FALSE
Male,Loyal Customer,52,Business Travel,Business,1464,3,3,3,3,5,5,4,4,4,4,4,5,3,3.85,0,0,TRUE
Male,Loyal Customer,37,Business Travel,Business,2042,1,1,1,1,2,4,3,4,4,4,5,2,4,2.77,0,0,TRUE
Female,Loyal Customer,45,Personal Travel,Eco,157,2,3,2,4,4,4,4,5,5,2,5,1,3,3.38,0,0,FALSE
Male,Loyal Customer,51,Business Travel,Business,3977,5,5,5,5,2,5,5,4,4,4,4,5,4,4.38,0,0,TRUE
Female,Loyal Customer,67,Personal Travel,Eco,1080,4,5,4,1,3,4,5,5,5,4,4,4,5,4.08,0,11,FALSE
Female,Loyal Customer,32,Personal Travel,Eco,480,1,3,1,3,2,1,4,2,4,5,3,1,2,2.46,0,0,FALSE
Male,Loyal Customer,29,Business Travel,Business,2739,4,4,4,4,5,5,5,5,5,5,2,1,5,4.15,0,0,TRUE
Male,Disloyal Customer,24,Business Travel,Business,237,4,4,4,4,1,4,1,1,4,3,4,4,1,3,1,0,TRUE
Female,Loyal Customer,65,Personal Travel,Eco,920,4,2,4,4,3,3,4,3,3,4,3,4,1,3.23,0,0,FALSE
Female,Loyal Customer,31,Business Travel,Business,1021,2,2,2,2,4,4,4,4,3,5,5,3,4,3.38,0,0,TRUE
Male,Loyal Customer,43,Business Travel,Business,258,3,3,3,3,4,4,5,5,5,5,5,5,5,4.23,0,0,TRUE
Female,Loyal Customer,46,Business Travel,Business,1121,3,3,3,3,3,4,5,4,4,4,4,3,5,3.69,0,0,TRUE
Female,Loyal Customer,62,Business Travel,Business,2292,3,2,2,2,2,2,2,3,3,3,3,4,4,2.69,0,2,FALSE
Male,Loyal Customer,54,Personal Travel,Eco,672,2,4,2,1,3,2,2,3,3,5,4,4,3,2.92,9,0,FALSE
Male,Loyal Customer,62,Business Travel,Eco,446,4,2,2,2,4,4,4,4,5,1,5,3,4,3.38,39,34,TRUE
Female,Loyal Customer,54,Business Travel,Business,2556,2,2,2,2,2,4,5,2,2,3,2,4,3,2.69,3,0,TRUE
Male,Loyal Customer,48,Personal Travel,Eco,1208,3,3,3,4,4,3,4,4,4,2,3,2,4,3.31,0,0,FALSE
Male,Disloyal Customer,36,Business Travel,Eco,299,3,2,4,4,5,4,5,5,2,1,3,4,5,3.62,49,45,FALSE
Female,Loyal Customer,52,Business Travel,Business,2966,3,3,3,3,5,5,5,5,5,5,5,4,4,4.23,0,1,TRUE
Male,Loyal Customer,26,Business Travel,Business,1548,4,4,4,4,5,5,5,5,1,4,1,3,5,3.85,27,33,TRUE
Female,Loyal Customer,64,Personal Travel,Business,404,3,5,3,3,4,5,5,3,3,3,2,3,3,3.46,1,0,FALSE
Female,Loyal Customer,42,Business Travel,Eco,1121,5,2,1,2,1,4,2,5,5,5,5,4,5,3.54,58,46,TRUE
Female,Loyal Customer,37,Personal Travel,Eco,907,1,4,2,3,3,2,3,3,4,2,5,4,3,3,1,0,FALSE
Male,Loyal Customer,66,Personal Travel,Eco,409,3,4,3,2,3,3,1,3,5,5,4,5,3,3.38,32,41,FALSE
Female,Loyal Customer,24,Personal Travel,Eco,401,1,2,1,4,1,3,3,1,1,4,4,3,3,2.38,214,201,FALSE
Male,Loyal Customer,39,Business Travel,Eco,110,4,1,1,1,4,4,4,4,2,3,3,4,4,3,0,0,TRUE
Male,Loyal Customer,53,Business Travel,Business,422,5,5,5,5,3,4,4,4,4,3,4,5,5,4.31,0,0,TRUE
Female,Loyal Customer,23,Personal Travel,Eco,1999,2,3,1,1,2,1,2,2,2,1,5,3,2,2.08,14,24,FALSE
Female,Loyal Customer,70,Personal Travel,Eco Plus,239,2,3,2,3,1,3,3,2,2,2,5,2,1,2.38,1,1,FALSE
Male,Loyal Customer,10,Personal Travel,Eco Plus,1009,2,5,2,2,4,2,5,4,5,4,2,1,4,3.23,0,0,FALSE
Female,Disloyal Customer,50,Business Travel,Eco,223,2,4,2,3,1,2,1,1,2,1,4,3,1,2.08,0,0,FALSE
Female,Loyal Customer,61,Personal Travel,Eco,1660,3,3,4,3,2,5,3,3,3,4,3,5,1,3.23,0,0,FALSE
Male,Loyal Customer,50,Personal Travel,Eco,2422,1,2,1,4,1,4,4,2,2,3,3,4,4,2.69,0,0,FALSE
Male,Loyal Customer,47,Business Travel,Business,500,3,3,3,3,4,3,3,3,3,3,3,1,4,3,0,1,FALSE
Male,Loyal Customer,48,Personal Travel,Eco,2422,2,5,2,5,4,2,5,4,5,3,4,5,4,3.85,0,0,FALSE
Female,Disloyal Customer,22,Business Travel,Eco,1201,2,2,2,3,5,2,2,5,4,3,5,2,5,3.23,0,0,FALSE
Female,Loyal Customer,59,Business Travel,Business,2079,2,5,5,5,5,4,4,2,2,3,2,1,4,3.38,0,0,FALSE
Female,Loyal Customer,62,Personal Travel,Eco,544,4,5,4,4,2,1,3,4,4,4,4,1,2,3.23,0,0,FALSE
Female,Loyal Customer,64,Business Travel,Business,2253,4,5,4,4,5,4,4,5,5,5,5,3,5,4.46,0,0,TRUE
Female,Loyal Customer,16,Personal Travel,Eco,1990,1,5,1,3,2,1,1,2,5,3,3,1,2,2.31,2,7,FALSE
Female,Disloyal Customer,29,Business Travel,Eco,503,3,4,3,4,4,3,4,4,3,4,2,3,4,3.46,0,0,FALSE
Female,Loyal Customer,31,Business Travel,Eco,2569,5,5,5,5,5,5,5,2,4,5,4,5,5,4.62,29,13,TRUE
Male,Loyal Customer,68,Personal Travel,Eco,862,3,4,4,4,4,4,1,4,4,5,4,4,4,3.77,43,54,FALSE
Male,Disloyal Customer,11,Business Travel,Eco,1265,4,4,4,2,3,4,3,3,1,3,1,3,3,2.92,0,1,FALSE
Male,Loyal Customer,8,Personal Travel,Eco,834,4,4,4,3,2,4,1,2,1,3,1,4,2,2.69,0,0,FALSE
Male,Loyal Customer,25,Business Travel,Eco Plus,697,4,5,5,5,4,4,4,4,3,1,5,1,4,3.77,0,0,TRUE
Male,Loyal Customer,53,Business Travel,Eco,679,3,4,1,4,3,3,3,3,4,1,4,1,3,2.85,16,9,FALSE
Male,Loyal Customer,29,Business Travel,Business,738,4,4,4,4,4,4,4,4,5,3,5,3,4,4,13,5,TRUE
Male,Loyal Customer,49,Business Travel,Business,1014,2,2,2,2,3,5,4,4,4,4,4,5,5,3.54,0,0,TRUE
Female,Loyal Customer,59,Business Travel,Business,2635,5,5,1,5,2,5,5,5,5,5,5,5,4,4.38,7,0,TRUE
Female,Disloyal Customer,31,Business Travel,Eco,985,3,3,3,3,4,3,2,4,1,4,4,1,4,3,64,85,FALSE
Male,Loyal Customer,47,Business Travel,Eco,895,5,2,2,2,5,5,5,5,5,5,5,3,5,4.15,0,0,TRUE
Male,Loyal Customer,45,Business Travel,Business,489,3,5,5,5,2,4,3,3,3,3,3,2,1,3.23,7,0,FALSE
Male,Disloyal Customer,38,Business Travel,Business,391,2,3,3,3,2,3,2,2,5,3,5,5,2,3.08,43,23,FALSE
Male,Loyal Customer,29,Personal Travel,Eco,237,2,5,2,2,5,2,5,5,5,3,5,3,5,3.77,0,0,FALSE
Female,Loyal Customer,42,Business Travel,Business,151,3,3,3,3,5,3,3,4,4,4,4,2,5,3.54,106,104,TRUE
Female,Loyal Customer,43,Business Travel,Business,3291,2,2,2,2,1,4,5,5,5,5,5,4,2,3.38,0,0,TRUE
Male,Loyal Customer,49,Business Travel,Business,406,5,5,5,5,2,5,4,4,4,4,4,5,3,4.23,0,0,TRUE
Male,Loyal Customer,40,Personal Travel,Eco,860,5,1,5,3,3,5,3,3,4,3,3,1,3,3.23,0,0,TRUE
Male,Loyal Customer,23,Personal Travel,Eco,563,4,4,4,1,1,4,1,1,3,3,4,4,1,2.69,52,54,FALSE
Male,Loyal Customer,29,Business Travel,Business,1189,5,5,5,5,3,4,3,3,5,4,5,3,3,4.08,0,0,TRUE
Female,Loyal Customer,9,Personal Travel,Eco Plus,671,3,4,4,3,2,4,2,2,4,5,4,4,2,3.31,0,0,FALSE
Female,Loyal Customer,29,Business Travel,Business,3676,2,1,1,1,2,2,2,2,1,2,4,4,2,2,0,0,FALSE
Male,Loyal Customer,13,Personal Travel,Eco,374,1,3,1,3,2,1,2,2,1,3,4,4,2,2.23,102,101,FALSE
Male,Loyal Customer,23,Personal Travel,Eco,248,1,5,0,2,4,0,4,4,4,2,5,5,4,3.08,39,36,FALSE
Male,Loyal Customer,16,Personal Travel,Eco,425,4,3,5,4,3,5,3,3,5,3,4,5,3,3.85,7,0,TRUE
Female,Loyal Customer,21,Personal Travel,Eco,236,3,4,3,1,3,3,3,3,5,4,5,3,3,3.31,2,0,FALSE
Female,Disloyal Customer,35,Business Travel,Business,762,2,1,1,1,3,1,3,3,4,4,4,3,3,2.54,14,25,FALSE
Male,Disloyal Customer,31,Business Travel,Eco,1036,1,1,1,4,4,1,3,4,2,4,4,3,4,2.77,2,0,FALSE
Male,Loyal Customer,49,Business Travel,Business,3846,3,3,3,3,5,4,5,4,4,4,4,5,4,3.92,66,60,TRUE
Female,Loyal Customer,45,Business Travel,Business,2653,3,5,5,5,2,3,3,3,3,3,3,4,4,3.54,0,0,FALSE
Female,Loyal Customer,31,Personal Travel,Eco,590,1,5,1,2,2,1,2,2,2,1,3,2,2,2,0,0,FALSE
Female,Loyal Customer,39,Business Travel,Business,946,3,3,3,3,2,5,4,3,3,3,3,5,3,3.31,0,10,TRUE
Male,Loyal Customer,41,Business Travel,Business,238,2,2,2,2,3,4,4,4,4,4,4,4,4,3.31,0,0,TRUE
Male,Loyal Customer,34,Business Travel,Business,3110,3,3,3,3,5,4,2,5,5,5,5,2,2,3.62,37,19,TRUE
Female,Loyal Customer,49,Business Travel,Business,748,5,5,5,5,3,5,4,5,5,5,5,4,3,4.54,12,14,TRUE
Male,Loyal Customer,47,Business Travel,Business,3137,4,2,4,2,3,4,4,4,4,4,4,3,2,3.38,0,5,FALSE
Female,Loyal Customer,65,Personal Travel,Eco,134,4,5,4,3,3,3,5,2,2,4,2,2,2,3.15,41,38,FALSE
Female,Disloyal Customer,23,Business Travel,Eco,581,3,2,3,3,1,3,1,1,3,4,4,2,1,2.38,10,25,FALSE
Female,Loyal Customer,53,Personal Travel,Eco,1276,4,4,4,4,5,5,5,4,4,4,4,3,5,4.23,0,0,FALSE
Female,Disloyal Customer,22,Business Travel,Eco,474,4,0,4,3,5,4,5,5,3,4,2,1,5,3.46,27,19,TRUE
Female,Loyal Customer,69,Business Travel,Eco,228,3,3,3,3,4,4,3,3,3,3,3,4,1,3.08,5,13,FALSE
Female,Loyal Customer,39,Business Travel,Eco Plus,299,4,3,3,3,4,4,4,4,2,3,3,4,4,3.46,137,143,FALSE
Female,Loyal Customer,49,Business Travel,Business,190,5,5,5,5,4,5,1,5,5,5,5,1,1,4,0,27,TRUE
Male,Loyal Customer,51,Personal Travel,Eco,417,3,4,5,3,3,5,2,3,5,1,3,2,3,3.23,3,4,FALSE
Male,Disloyal Customer,27,Business Travel,Business,863,4,5,5,2,3,5,3,3,4,4,5,3,3,3.77,0,0,TRUE
Male,Loyal Customer,8,Business Travel,Business,2253,2,4,5,4,2,2,2,2,1,5,3,2,2,2.77,11,0,FALSE
Female,Loyal Customer,15,Personal Travel,Eco,594,3,5,3,1,1,3,1,1,5,2,2,3,1,2.38,4,8,FALSE
Male,Loyal Customer,48,Business Travel,Business,3918,3,4,2,4,1,3,2,3,3,3,3,4,1,2.77,0,0,FALSE
Male,Loyal Customer,9,Personal Travel,Eco,758,2,5,2,1,4,2,4,4,3,2,4,3,4,3.08,0,1,FALSE
Female,Disloyal Customer,14,Business Travel,Eco,980,5,5,5,3,3,5,3,3,5,5,5,3,3,4.08,0,0,TRUE
Female,Loyal Customer,52,Business Travel,Business,3277,3,3,3,3,1,4,2,4,4,4,4,1,5,3.15,0,0,TRUE
Female,Loyal Customer,39,Personal Travel,Eco Plus,922,2,3,2,3,5,2,3,5,1,5,5,4,5,3.46,0,0,FALSE
Female,Disloyal Customer,23,Business Travel,Business,270,4,3,5,2,5,5,5,5,3,3,5,5,5,4.23,0,16,TRUE
Female,Disloyal Customer,40,Business Travel,Business,397,5,0,0,2,4,0,4,4,1,1,2,1,4,2.15,0,0,TRUE
Male,Loyal Customer,39,Business Travel,Business,3304,4,4,4,4,5,5,2,5,5,5,5,3,5,4.31,0,0,TRUE
Female,Loyal Customer,44,Personal Travel,Eco,780,4,5,4,4,3,5,5,4,4,4,4,4,3,4.08,53,31,TRUE
Male,Loyal Customer,33,Personal Travel,Eco,337,1,5,3,3,5,3,5,5,4,3,4,3,5,3.77,26,14,FALSE
Male,Disloyal Customer,25,Business Travel,Eco,403,3,0,3,5,5,3,5,5,1,3,4,4,5,3.54,0,0,FALSE
Male,Loyal Customer,39,Business Travel,Business,482,3,5,5,5,4,4,3,3,3,4,3,4,3,3.77,5,7,FALSE
Female,Loyal Customer,44,Business Travel,Business,1368,5,4,5,5,3,3,1,5,5,5,5,2,2,3.85,0,0,TRUE
Female,Loyal Customer,53,Business Travel,Business,1437,2,2,2,2,5,5,4,5,5,5,5,5,5,4,0,0,TRUE
Male,Disloyal Customer,24,Business Travel,Eco,547,2,3,2,3,1,2,1,1,3,5,3,4,1,2.38,0,0,FALSE
Female,Disloyal Customer,30,Business Travel,Business,990,4,3,3,4,2,3,1,2,4,2,4,4,2,2.92,0,6,TRUE
Male,Disloyal Customer,27,Business Travel,Business,522,4,4,4,4,4,4,4,4,5,3,5,4,4,4.08,108,93,FALSE
Male,Loyal Customer,36,Business Travel,Eco,662,4,3,3,3,4,4,4,4,2,1,3,2,4,3.15,5,0,FALSE
Male,Loyal Customer,54,Business Travel,Business,1650,5,5,5,5,4,5,4,4,4,4,4,3,5,4.38,17,19,TRUE
Female,Disloyal Customer,40,Business Travel,Business,102,4,4,4,2,2,4,2,2,4,4,5,2,2,3.15,5,4,FALSE
Female,Loyal Customer,17,Business Travel,Eco Plus,463,2,1,5,1,2,2,2,2,3,3,4,1,2,2.31,29,54,FALSE
Male,Loyal Customer,52,Business Travel,Eco,308,5,1,1,1,5,5,5,5,2,1,5,3,5,3.38,0,0,TRUE
Male,Loyal Customer,49,Personal Travel,Eco,1183,4,4,4,3,4,4,4,4,3,4,4,5,4,3.92,0,0,TRUE
Female,Loyal Customer,57,Business Travel,Business,2125,2,2,2,2,4,5,4,5,5,5,5,3,3,3.62,0,0,TRUE
Male,Loyal Customer,31,Business Travel,Eco,364,3,2,2,2,3,2,3,3,2,1,4,3,3,2.54,6,1,FALSE
Male,Loyal Customer,41,Business Travel,Business,2244,3,3,1,3,5,5,5,4,4,4,4,3,4,3.69,0,0,TRUE
Male,Loyal Customer,53,Business Travel,Business,1895,3,3,3,3,3,5,4,5,5,5,5,4,5,4.08,1,0,TRUE
Male,Loyal Customer,34,Personal Travel,Eco,763,4,5,4,1,4,2,4,3,5,5,4,4,4,3.77,177,178,TRUE
Female,Disloyal Customer,39,Business Travel,Business,331,1,1,1,2,1,1,1,1,5,2,5,3,1,1.92,0,0,FALSE
Female,Loyal Customer,44,Personal Travel,Eco,610,1,5,1,1,2,5,5,4,4,1,4,5,5,3.31,5,0,FALSE
Male,Loyal Customer,39,Business Travel,Eco,129,2,1,1,1,2,2,2,2,2,4,4,3,2,2.15,4,6,FALSE
Female,Loyal Customer,7,Personal Travel,Eco,888,3,1,3,3,5,3,5,5,3,5,3,3,5,3.62,1,23,FALSE
Female,Disloyal Customer,39,Business Travel,Business,209,1,2,2,1,3,2,3,3,2,3,5,4,3,2.62,83,75,FALSE
Female,Loyal Customer,44,Business Travel,Business,3493,4,4,4,4,5,3,3,2,2,3,4,3,2,3.31,61,54,FALSE
Female,Loyal Customer,44,Business Travel,Business,2887,4,4,4,4,2,5,5,5,5,5,5,1,3,4,0,8,TRUE
Female,Loyal Customer,35,Business Travel,Eco,2288,4,3,3,3,4,5,4,4,4,4,3,5,4,3.85,3,8,TRUE
Male,Loyal Customer,24,Business Travel,Business,1532,4,3,3,3,4,4,4,4,4,5,4,1,4,3.62,2,3,FALSE
Female,Loyal Customer,62,Personal Travel,Eco,86,1,5,1,5,1,1,1,4,4,1,4,3,1,2.46,0,0,FALSE
Male,Loyal Customer,25,Personal Travel,Eco Plus,679,3,4,3,2,4,3,4,4,5,5,4,5,4,3.85,0,0,FALSE
Male,Loyal Customer,26,Business Travel,Business,1399,4,4,4,4,4,4,4,4,3,2,4,4,4,3.77,0,0,TRUE
Female,Disloyal Customer,22,Business Travel,Eco,838,4,4,4,2,2,4,2,2,1,2,2,2,2,2.54,0,0,TRUE
Female,Loyal Customer,44,Business Travel,Business,2847,3,3,3,3,3,5,5,5,5,5,5,3,5,4.08,0,7,TRUE
Male,Loyal Customer,34,Business Travel,Business,3684,5,5,3,5,4,5,4,4,4,4,4,3,3,4.08,4,5,TRUE
Female,Disloyal Customer,27,Business Travel,Business,577,5,5,5,4,3,5,3,3,5,3,4,4,3,4,0,5,TRUE
Female,Disloyal Customer,22,Business Travel,Eco,273,1,4,1,1,2,1,2,2,4,5,4,5,2,2.62,22,23,FALSE
Female,Loyal Customer,22,Personal Travel,Eco,157,2,5,2,2,3,2,3,3,3,3,4,3,3,2.92,0,0,FALSE
Male,Disloyal Customer,24,Business Travel,Eco,760,2,2,2,3,5,2,5,5,1,1,3,1,5,2.85,105,109,FALSE
Female,Loyal Customer,19,Personal Travel,Eco,710,2,5,2,1,4,2,4,4,5,5,4,3,4,3.46,0,0,FALSE
Female,Loyal Customer,48,Personal Travel,Eco,500,3,5,5,3,2,5,4,1,1,5,1,4,5,3.38,19,18,FALSE
Female,Loyal Customer,45,Business Travel,Business,2364,2,2,2,2,3,5,4,5,5,5,5,5,5,3.85,0,0,TRUE
Male,Disloyal Customer,23,Business Travel,Eco,588,4,5,4,2,2,4,2,2,3,5,5,5,2,3.46,0,0,FALSE
Female,Disloyal Customer,41,Business Travel,Business,164,3,3,3,1,5,3,5,5,2,2,1,5,5,3.31,0,0,FALSE
Female,Disloyal Customer,74,Business Travel,Eco,858,2,2,2,4,2,1,1,1,3,3,3,1,1,2,0,37,FALSE
Female,Loyal Customer,13,Personal Travel,Eco,337,3,4,3,1,5,3,2,5,5,2,4,4,5,3.54,0,12,FALSE
Female,Loyal Customer,31,Business Travel,Business,1587,2,5,5,5,2,2,2,2,1,5,2,3,2,2.92,2,0,FALSE
Male,Loyal Customer,46,Business Travel,Business,406,3,3,1,3,4,5,5,5,5,5,5,5,5,4.15,0,0,TRUE
Male,Loyal Customer,73,Business Travel,Eco,409,3,1,1,1,3,3,3,2,1,4,3,3,3,2.38,192,182,FALSE
Male,Loyal Customer,66,Personal Travel,Eco,606,4,4,4,1,3,4,3,3,4,2,5,3,3,3.31,30,25,FALSE
Female,Loyal Customer,25,Business Travel,Business,2582,2,2,2,2,2,1,2,2,1,5,4,3,2,2.31,0,6,FALSE
Male,Loyal Customer,56,Business Travel,Business,3170,3,3,4,3,2,5,5,4,4,4,4,4,5,3.85,70,62,TRUE
Female,Loyal Customer,30,Business Travel,Eco,240,0,0,0,1,3,0,3,3,2,4,5,3,3,2.08,0,0,TRUE
Male,Loyal Customer,36,Business Travel,Eco,153,1,4,4,4,1,1,1,1,1,5,3,1,1,2.15,0,0,FALSE
Female,Loyal Customer,66,Personal Travel,Eco,329,1,4,1,3,2,3,4,2,2,1,2,2,4,2.38,0,0,FALSE
Male,Loyal Customer,51,Personal Travel,Eco,679,2,5,2,4,5,2,5,5,5,3,4,4,5,3.92,75,77,FALSE
Female,Loyal Customer,37,Personal Travel,Eco,744,3,5,3,3,2,3,2,2,5,4,5,3,2,3.23,0,0,FALSE
Male,Loyal Customer,27,Business Travel,Business,164,2,2,2,2,5,5,5,5,5,5,3,4,5,3.85,0,0,TRUE
Male,Disloyal Customer,22,Business Travel,Business,541,4,0,4,4,3,4,3,3,3,2,5,4,3,3.23,0,0,TRUE
Female,Loyal Customer,57,Business Travel,Business,1721,5,5,5,5,3,3,5,4,4,4,4,5,5,4.38,19,24,TRUE
Male,Loyal Customer,59,Business Travel,Business,3064,5,5,5,5,5,4,4,5,5,5,5,4,5,4.77,5,0,TRUE
Male,Loyal Customer,41,Personal Travel,Eco,689,1,3,0,3,2,0,2,2,5,4,2,5,2,2.38,0,0,FALSE
Female,Loyal Customer,39,Business Travel,Business,999,3,5,5,5,4,4,3,3,3,3,3,4,1,3.54,0,0,FALSE
Female,Loyal Customer,54,Personal Travel,Eco,746,3,5,3,4,3,5,4,5,5,3,5,4,4,4.08,4,0,FALSE
Female,Loyal Customer,24,Personal Travel,Business,438,2,3,2,3,5,2,3,5,3,3,2,4,5,3.23,0,0,FALSE
Male,Loyal Customer,63,Personal Travel,Eco,472,1,4,1,4,2,1,2,2,1,3,5,2,2,2.31,24,41,FALSE
Female,Disloyal Customer,21,Business Travel,Eco,521,5,0,4,4,4,4,4,4,2,1,4,4,4,3.38,0,0,TRUE
Female,Disloyal Customer,36,Business Travel,Business,2075,1,1,1,3,4,1,4,4,4,4,4,5,4,3.08,0,0,FALSE
Female,Loyal Customer,68,Personal Travel,Eco Plus,758,3,3,3,3,1,3,4,5,5,3,1,3,2,3,0,0,FALSE
Female,Loyal Customer,30,Business Travel,Business,1699,3,3,3,3,3,3,3,3,4,4,3,2,3,3.08,0,0,FALSE
Female,Loyal Customer,16,Personal Travel,Eco,328,4,0,4,3,1,4,1,1,3,2,5,5,1,2.62,0,0,FALSE
Female,Loyal Customer,41,Business Travel,Business,210,1,1,1,1,5,4,5,3,3,4,4,5,5,3.23,138,161,TRUE
Female,Loyal Customer,46,Personal Travel,Eco,125,4,3,4,4,1,5,1,3,3,4,3,4,2,3.15,0,0,TRUE
Male,Loyal Customer,48,Business Travel,Business,746,3,3,3,3,5,4,4,4,4,4,4,3,3,3.62,0,1,TRUE
Female,Loyal Customer,47,Business Travel,Eco,986,4,4,4,4,2,3,3,4,4,4,4,2,1,3.31,0,0,FALSE
Female,Loyal Customer,63,Business Travel,Eco,451,4,3,3,3,1,2,2,4,4,4,4,2,5,3.15,1,6,TRUE
Male,Loyal Customer,56,Personal Travel,Eco,522,3,5,3,4,3,3,3,3,4,5,5,5,3,3.77,6,14,FALSE
Female,Loyal Customer,41,Personal Travel,Eco,283,3,5,3,1,3,3,3,3,5,3,5,4,3,3.38,0,3,FALSE
Female,Loyal Customer,10,Personal Travel,Eco,697,2,4,2,1,1,2,1,1,3,5,5,5,1,2.54,6,5,FALSE
Female,Loyal Customer,31,Business Travel,Eco,1587,2,1,4,4,2,3,2,2,1,3,3,1,2,2.31,11,4,FALSE
Female,Loyal Customer,35,Business Travel,Business,2113,0,0,0,1,2,1,2,3,3,3,2,3,4,1.85,0,0,TRUE
Male,Loyal Customer,40,Personal Travel,Eco,626,2,2,2,3,2,2,2,2,2,5,3,3,2,2.46,0,0,FALSE
Female,Loyal Customer,52,Business Travel,Business,3416,4,4,5,4,2,4,4,4,4,4,4,3,4,3.85,0,0,TRUE
Female,Loyal Customer,20,Business Travel,Business,2454,5,5,5,5,5,5,5,5,4,3,5,3,5,4.62,124,109,TRUE
Female,Loyal Customer,33,Business Travel,Business,985,1,1,1,1,3,5,5,4,4,4,4,3,5,3.15,16,6,TRUE
Female,Loyal Customer,59,Personal Travel,Eco,2139,4,3,4,2,2,1,3,2,2,4,2,4,1,2.62,5,0,FALSE
Female,Loyal Customer,58,Business Travel,Business,677,2,2,2,2,4,4,4,4,4,4,4,5,5,3.54,14,0,TRUE
Male,Loyal Customer,65,Business Travel,Business,432,3,4,4,4,1,3,3,3,3,3,3,2,1,2.85,0,6,FALSE
Male,Loyal Customer,47,Business Travel,Business,3292,2,3,3,3,2,2,2,2,2,1,2,2,1,2.08,1,6,FALSE
Male,Disloyal Customer,29,Business Travel,Business,912,3,3,3,4,3,3,4,3,5,3,5,4,3,3.54,0,0,FALSE
Female,Loyal Customer,43,Business Travel,Business,808,3,3,1,3,4,4,5,4,4,4,4,3,5,3.62,12,8,TRUE
Male,Loyal Customer,45,Business Travel,Business,3142,3,3,3,3,4,4,5,5,5,5,5,3,3,3.92,0,7,TRUE
Male,Loyal Customer,47,Personal Travel,Eco,414,4,3,4,4,5,4,5,5,4,3,4,2,5,4,0,0,TRUE
Female,Loyal Customer,37,Business Travel,Eco,1249,5,3,3,3,5,5,5,5,5,4,4,3,5,4.23,0,0,TRUE
Male,Disloyal Customer,31,Business Travel,Business,1723,2,2,2,1,1,2,1,1,4,3,3,5,1,2.15,39,41,FALSE
Male,Loyal Customer,57,Business Travel,Business,1797,1,1,1,1,2,3,4,5,5,5,5,5,5,3.31,1,3,TRUE
Female,Loyal Customer,57,Business Travel,Eco Plus,152,3,4,4,4,2,1,2,4,4,3,4,5,1,3.15,0,0,TRUE
Male,Loyal Customer,59,Business Travel,Business,2504,2,2,2,2,5,4,5,4,4,4,4,3,4,3.46,0,0,TRUE
Male,Loyal Customer,55,Business Travel,Business,480,3,3,3,3,4,5,5,4,4,4,4,4,5,3.92,0,0,TRUE
Female,Loyal Customer,43,Personal Travel,Eco,1024,3,3,2,5,1,5,4,3,3,2,2,3,2,2.92,14,0,FALSE
Male,Loyal Customer,26,Business Travel,Eco,365,4,5,1,5,4,4,2,4,3,3,4,1,4,3.38,0,0,FALSE
Male,Loyal Customer,57,Business Travel,Eco,515,3,3,3,3,3,3,3,3,3,1,3,2,3,2.77,4,1,FALSE
Male,Loyal Customer,38,Business Travel,Eco,299,4,1,3,3,4,4,4,4,4,4,3,5,4,3.62,3,14,TRUE
Female,Disloyal Customer,26,Business Travel,Business,1184,2,2,2,2,2,2,2,2,4,4,4,3,2,2.54,0,0,FALSE
Male,Loyal Customer,41,Business Travel,Business,1520,4,4,4,4,3,4,5,5,5,5,5,5,3,4.31,0,0,TRUE
Female,Loyal Customer,21,Personal Travel,Eco,1303,2,5,2,4,4,2,4,4,3,3,3,4,4,3.38,31,63,FALSE
Male,Loyal Customer,39,Business Travel,Eco,208,4,4,4,4,4,4,4,4,1,2,1,5,4,3.46,30,22,TRUE
Male,Loyal Customer,52,Business Travel,Eco,173,1,4,4,4,1,1,1,1,4,4,3,1,1,2.31,40,61,FALSE
Male,Loyal Customer,58,Business Travel,Business,665,1,1,1,1,4,5,5,4,4,4,4,3,1,2.92,5,16,TRUE
Male,Disloyal Customer,49,Business Travel,Business,1927,5,5,5,3,2,5,2,2,5,5,3,3,2,3.62,48,30,TRUE
Female,Loyal Customer,61,Personal Travel,Eco,1448,2,5,2,3,5,4,5,3,3,2,2,2,2,3.08,5,0,FALSE
Female,Disloyal Customer,26,Business Travel,Eco,817,3,3,3,4,2,3,3,2,3,2,3,3,2,2.77,0,0,FALSE
Female,Loyal Customer,54,Business Travel,Business,2727,3,3,3,3,2,5,4,5,5,5,5,3,5,3.92,0,0,TRUE
Female,Loyal Customer,65,Personal Travel,Eco,1474,2,5,2,3,4,4,4,5,5,2,5,5,4,3.85,35,34,FALSE
Female,Loyal Customer,42,Personal Travel,Eco Plus,125,3,3,0,4,4,4,4,2,2,0,3,1,2,2.46,119,100,FALSE
Male,Loyal Customer,24,Personal Travel,Eco,1012,3,2,3,4,5,3,5,5,1,2,4,3,5,3.46,0,0,FALSE
Female,Loyal Customer,58,Personal Travel,Eco,937,1,4,1,2,4,5,5,5,5,1,5,3,5,3.54,31,23,FALSE
Male,Loyal Customer,56,Business Travel,Business,447,2,2,2,2,4,4,4,3,3,3,3,3,4,3,41,50,TRUE
Male,Loyal Customer,24,Business Travel,Eco,500,2,4,4,4,2,2,2,2,4,2,3,3,2,2.77,0,0,FALSE
Male,Loyal Customer,47,Business Travel,Eco,765,5,2,2,2,5,5,5,5,5,4,1,4,5,3.85,0,0,TRUE
Male,Loyal Customer,53,Business Travel,Business,2305,3,5,5,5,3,4,3,3,3,3,3,3,1,3.38,0,0,FALSE
Female,Disloyal Customer,46,Business Travel,Business,1491,1,1,1,4,1,1,2,1,4,3,5,3,1,2.15,5,0,FALSE
Female,Loyal Customer,25,Business Travel,Business,2126,2,2,2,2,5,5,5,5,2,4,3,2,5,3.38,8,0,TRUE
Male,Loyal Customer,54,Business Travel,Business,2890,5,5,4,5,4,4,5,5,5,5,5,4,4,4.62,16,1,TRUE
Female,Disloyal Customer,24,Business Travel,Business,571,5,0,5,4,1,5,1,1,3,1,4,2,1,2.54,0,0,TRUE
Male,Loyal Customer,47,Business Travel,Business,1744,2,2,1,2,5,3,4,4,4,4,4,4,4,3.31,5,0,TRUE
Female,Disloyal Customer,23,Business Travel,Business,335,5,5,5,3,1,5,1,1,3,5,5,5,1,3.46,3,30,TRUE
Male,Disloyal Customer,22,Business Travel,Business,1449,0,0,0,3,2,0,2,2,4,5,4,5,2,2.23,7,12,TRUE
Male,Disloyal Customer,28,Business Travel,Eco,804,2,2,2,4,1,2,1,1,1,1,3,2,1,1.77,0,0,FALSE
Male,Loyal Customer,56,Business Travel,Business,460,4,4,4,4,5,5,4,5,5,5,5,5,3,4.46,19,12,TRUE
Female,Disloyal Customer,17,Business Travel,Eco,1499,3,3,3,3,4,3,4,4,5,4,1,3,4,3.38,0,5,FALSE
Female,Loyal Customer,35,Personal Travel,Eco,528,3,5,3,1,3,3,4,3,4,4,4,3,3,3.31,0,6,FALSE
Female,Disloyal Customer,20,Business Travel,Eco,491,4,0,5,2,3,5,3,3,4,3,4,4,3,3.31,0,23,FALSE
Female,Loyal Customer,41,Business Travel,Eco,594,4,4,4,4,4,4,4,4,1,4,2,3,4,3.54,7,4,TRUE
Male,Disloyal Customer,45,Business Travel,Eco,287,1,0,1,1,1,2,5,1,2,2,3,5,5,2.23,156,139,FALSE
Female,Loyal Customer,41,Personal Travel,Business,1947,1,5,1,2,2,4,5,2,2,1,3,5,4,2.85,0,0,FALSE
Female,Disloyal Customer,47,Business Travel,Eco,143,1,2,1,4,2,1,2,2,3,1,4,4,2,2.23,39,25,FALSE
Male,Loyal Customer,29,Business Travel,Business,1127,4,4,4,4,4,4,4,4,4,3,4,3,4,3.85,8,0,TRUE
Female,Loyal Customer,54,Personal Travel,Eco,223,4,0,4,3,4,4,5,5,5,4,5,4,3,3.85,52,46,TRUE
Male,Loyal Customer,37,Personal Travel,Eco,1199,2,2,1,3,4,1,4,4,1,3,4,2,4,2.69,2,0,FALSE
Female,Loyal Customer,43,Business Travel,Business,3818,2,2,2,2,4,5,5,4,4,4,4,4,5,3.62,2,0,TRUE
Male,Loyal Customer,16,Business Travel,Business,1721,3,1,1,1,3,3,3,3,4,2,4,3,3,2.62,0,0,FALSE
Female,Disloyal Customer,25,Business Travel,Eco,828,1,1,1,3,5,1,2,5,2,5,2,2,5,2.69,0,0,FALSE
Male,Disloyal Customer,37,Business Travel,Business,250,5,5,5,3,3,5,3,3,4,3,4,4,3,3.85,0,0,TRUE
Female,Disloyal Customer,20,Business Travel,Eco,147,5,5,5,4,1,5,1,1,4,4,5,5,1,3.54,0,0,TRUE
Female,Loyal Customer,22,Business Travel,Eco Plus,413,0,4,0,4,3,0,3,3,1,5,1,4,3,2.38,0,0,TRUE
Male,Loyal Customer,48,Business Travel,Eco,669,1,5,5,5,2,1,2,2,2,2,3,1,2,2.54,110,125,FALSE
Female,Loyal Customer,34,Business Travel,Business,2750,4,2,2,2,5,3,4,4,4,4,4,1,2,3.15,0,1,FALSE
Female,Disloyal Customer,23,Business Travel,Eco,1158,1,1,1,3,5,1,5,5,4,2,2,1,5,2.77,0,0,FALSE
Female,Loyal Customer,48,Personal Travel,Business,529,4,5,4,5,4,4,4,1,1,4,4,5,5,3.85,0,0,FALSE
Male,Disloyal Customer,17,Business Travel,Eco,731,1,1,1,3,3,1,3,3,3,3,4,4,3,2.54,0,0,FALSE
Female,Loyal Customer,36,Business Travel,Business,2253,3,3,3,3,1,3,5,4,4,4,4,1,5,3.31,0,0,TRUE
Male,Loyal Customer,50,Business Travel,Business,235,2,2,2,2,2,4,5,5,5,5,5,3,3,3.46,3,0,TRUE
Female,Loyal Customer,10,Personal Travel,Eco,479,4,2,5,2,1,5,1,1,3,1,3,1,1,2.31,0,0,FALSE
Male,Loyal Customer,49,Business Travel,Business,2442,2,3,3,3,2,2,3,2,2,3,2,4,2,2.54,60,56,FALSE
Female,Loyal Customer,22,Business Travel,Business,102,2,2,2,2,4,4,4,4,1,3,2,1,4,2.69,2,0,TRUE
Female,Loyal Customer,46,Business Travel,Business,1546,4,4,1,4,2,5,5,3,3,2,3,4,3,3.31,9,2,TRUE
Male,Loyal Customer,43,Business Travel,Business,2934,4,4,4,4,4,5,5,5,5,5,5,5,3,4.46,2,20,TRUE
Male,Disloyal Customer,37,Business Travel,Business,281,4,3,3,2,1,3,1,1,4,5,5,4,1,2.85,35,21,FALSE
Female,Loyal Customer,31,Business Travel,Eco,416,3,2,2,2,3,4,3,3,2,2,3,2,3,2.62,4,0,FALSE
Male,Loyal Customer,42,Personal Travel,Eco,689,1,1,0,3,1,0,1,1,1,2,3,4,1,1.46,0,5,FALSE
Male,Disloyal Customer,37,Business Travel,Eco,496,2,5,2,5,5,2,5,5,3,3,5,4,5,3.92,59,72,FALSE
Female,Disloyal Customer,25,Business Travel,Business,1299,5,4,5,5,1,5,1,1,3,5,4,4,1,3.38,12,0,TRUE
Male,Loyal Customer,37,Personal Travel,Eco,862,1,3,1,4,1,1,1,1,5,4,4,2,1,2.23,0,0,FALSE
Female,Loyal Customer,44,Business Travel,Business,594,3,3,3,3,1,4,3,3,3,3,3,1,3,2.77,0,0,FALSE
Male,Disloyal Customer,27,Business Travel,Business,259,5,5,5,4,3,5,3,3,4,2,4,3,3,3.77,53,45,TRUE
Male,Loyal Customer,47,Business Travel,Business,710,2,2,5,2,4,5,4,4,4,4,4,3,3,3.54,0,0,TRUE
Female,Loyal Customer,11,Personal Travel,Eco,1005,1,4,1,4,3,1,3,3,3,3,5,4,3,2.92,0,0,FALSE
Male,Disloyal Customer,16,Business Travel,Eco,562,4,0,4,3,3,4,1,3,5,3,4,4,3,3.15,26,19,TRUE
Female,Loyal Customer,21,Business Travel,Business,2271,5,5,5,5,4,4,4,4,3,2,4,3,4,4,0,0,TRUE
Male,Loyal Customer,42,Business Travel,Eco,101,2,3,3,3,1,2,1,1,5,1,4,2,1,2.23,0,4,TRUE
Female,Loyal Customer,47,Business Travel,Business,1782,5,1,5,5,3,1,4,4,4,4,4,1,4,3.46,124,112,TRUE
Male,Loyal Customer,41,Personal Travel,Eco,130,0,4,0,4,1,0,1,1,2,5,3,1,1,1.77,0,0,TRUE
Female,Loyal Customer,31,Business Travel,Business,3468,4,4,4,4,2,2,2,2,3,2,4,5,2,3.08,0,0,TRUE
Female,Disloyal Customer,26,Business Travel,Business,584,1,4,1,4,5,1,2,5,1,4,3,3,5,3,0,0,FALSE
Male,Disloyal Customer,29,Business Travel,Business,2640,1,1,1,4,2,1,2,2,4,5,4,1,2,2.31,58,10,FALSE
Female,Loyal Customer,36,Business Travel,Business,3745,3,3,3,3,3,2,5,4,4,4,4,1,2,3.15,0,0,TRUE
Male,Disloyal Customer,29,Business Travel,Business,1590,4,4,4,3,3,4,3,3,3,2,4,5,3,3.46,0,0,TRUE
Male,Loyal Customer,51,Personal Travel,Eco,867,2,4,2,3,3,2,3,3,5,4,2,2,3,2.92,2,17,FALSE
Male,Loyal Customer,33,Business Travel,Business,1905,4,4,4,4,4,4,4,4,4,4,4,4,4,4,0,0,TRUE
Female,Loyal Customer,9,Personal Travel,Eco,516,3,2,3,4,4,3,2,4,4,3,4,3,4,3.31,0,0,FALSE
Male,Loyal Customer,21,Business Travel,Eco,563,0,4,0,2,3,0,1,3,5,2,4,3,3,2.31,2,0,TRUE
Female,Loyal Customer,24,Business Travel,Business,577,1,1,1,1,4,4,4,4,5,2,4,5,4,3.08,7,4,TRUE
Female,Loyal Customer,55,Business Travel,Eco,846,4,5,5,5,5,1,4,4,4,4,4,2,3,3.85,0,0,TRUE
Female,Loyal Customer,66,Personal Travel,Eco,1028,3,4,3,3,3,5,5,3,3,3,3,4,5,3.62,17,10,FALSE
Female,Loyal Customer,62,Personal Travel,Eco,473,3,4,3,4,3,1,1,5,5,3,5,3,4,3.38,0,0,FALSE
Female,Loyal Customer,44,Business Travel,Business,2709,2,2,2,2,3,5,5,5,5,5,5,4,5,3.85,0,0,TRUE
Male,Loyal Customer,65,Personal Travel,Eco,1670,1,1,2,3,3,2,3,3,2,2,3,1,3,2.23,13,55,FALSE
Male,Loyal Customer,17,Personal Travel,Eco,423,4,0,4,2,4,4,4,4,3,2,3,3,4,3.15,16,1,TRUE
Male,Loyal Customer,23,Business Travel,Business,2106,1,3,3,3,1,1,1,1,1,4,3,1,1,1.85,219,190,FALSE
Male,Loyal Customer,54,Business Travel,Business,408,2,2,2,2,2,4,5,5,5,5,5,5,5,3.77,0,0,TRUE
Male,Disloyal Customer,27,Business Travel,Eco,991,2,3,3,4,4,3,4,4,2,5,3,1,4,3.23,18,12,FALSE
Male,Disloyal Customer,45,Business Travel,Eco,991,1,1,1,3,2,1,5,2,5,5,2,2,2,2.46,8,0,FALSE
Male,Loyal Customer,25,Business Travel,Eco,719,2,1,1,1,2,2,4,2,1,5,4,2,2,2.23,20,80,FALSE
Male,Loyal Customer,59,Business Travel,Business,1993,4,4,4,4,4,5,4,5,5,5,4,4,5,4.38,0,0,TRUE
Female,Loyal Customer,16,Personal Travel,Eco,1107,2,4,2,4,4,2,4,4,5,4,5,4,4,3.69,0,0,FALSE
Male,Disloyal Customer,24,Business Travel,Eco,329,2,0,2,4,2,2,2,2,3,1,3,3,2,2.15,0,0,FALSE
Male,Loyal Customer,31,Business Travel,Business,3748,3,1,3,3,4,4,4,4,5,2,4,3,4,3.38,22,18,TRUE
Female,Loyal Customer,36,Business Travel,Eco,946,4,1,1,1,4,4,4,4,5,3,3,1,4,3,0,0,TRUE
Female,Loyal Customer,60,Business Travel,Business,144,2,3,3,3,4,4,3,3,3,3,2,3,3,3,0,0,FALSE
Male,Disloyal Customer,29,Business Travel,Eco,825,1,1,1,3,2,1,2,2,2,4,2,1,2,1.85,0,0,FALSE
Male,Loyal Customer,31,Personal Travel,Eco,738,3,4,3,4,1,3,2,1,3,4,4,3,1,2.77,0,0,FALSE
Female,Loyal Customer,45,Personal Travel,Eco,666,3,4,4,4,3,4,5,2,2,4,2,4,5,3.54,0,0,FALSE
Male,Loyal Customer,16,Personal Travel,Eco,570,4,4,4,3,1,4,1,1,5,5,4,4,1,3.15,4,0,TRUE
Female,Loyal Customer,60,Business Travel,Eco Plus,423,2,2,2,2,2,3,3,2,2,2,2,4,1,2.23,0,16,FALSE
Female,Loyal Customer,26,Personal Travel,Eco,430,2,5,2,5,1,2,1,1,5,3,3,5,1,2.77,0,0,FALSE
Female,Loyal Customer,14,Personal Travel,Eco,1846,2,0,2,5,5,2,5,5,5,5,5,5,5,3.92,2,0,FALSE
Female,Loyal Customer,29,Business Travel,Business,481,5,5,5,5,5,4,5,5,3,3,4,4,5,4.46,27,43,FALSE
Female,Loyal Customer,21,Business Travel,Business,1522,2,3,3,3,2,2,2,2,4,5,3,3,2,2.77,0,0,FALSE
Female,Loyal Customer,46,Business Travel,Business,3064,4,4,4,4,5,4,4,4,4,4,4,4,3,4,0,0,TRUE
Male,Loyal Customer,47,Business Travel,Eco,1076,4,3,3,3,4,4,4,4,3,1,1,1,4,3,0,0,TRUE
Female,Loyal Customer,23,Personal Travel,Eco,2583,3,3,3,2,3,1,1,5,1,4,1,1,1,2.23,98,96,FALSE
Male,Loyal Customer,45,Personal Travel,Eco,1431,2,5,2,4,2,2,2,2,3,5,3,4,2,2.92,0,4,FALSE
Female,Loyal Customer,46,Personal Travel,Eco,1587,2,5,2,3,3,3,5,2,2,2,2,4,4,3,13,9,FALSE
Female,Loyal Customer,55,Personal Travel,Eco Plus,813,2,2,2,3,1,3,4,5,5,2,5,2,4,3.08,0,0,FALSE
Female,Loyal Customer,48,Personal Travel,Eco,1464,1,4,1,3,2,3,5,3,3,1,3,4,5,2.92,0,0,FALSE
Male,Loyal Customer,55,Business Travel,Eco,119,5,2,4,2,5,5,5,5,1,1,1,5,5,3.54,0,0,TRUE
Female,Loyal Customer,45,Business Travel,Business,3771,2,2,2,2,3,5,4,5,5,5,5,5,3,3.69,0,0,TRUE
Female,Disloyal Customer,35,Business Travel,Eco,795,3,3,3,3,4,3,4,4,1,2,2,4,4,3.08,4,38,FALSE
Male,Loyal Customer,49,Business Travel,Business,3471,2,4,3,4,2,3,3,2,2,2,2,2,1,2.46,0,0,FALSE
Female,Disloyal Customer,25,Business Travel,Eco,630,1,2,1,3,2,1,2,2,4,2,4,1,2,2.08,61,52,FALSE
Female,Loyal Customer,16,Personal Travel,Eco,1444,2,5,2,5,4,2,4,4,4,2,5,3,4,3.54,0,19,FALSE
Female,Loyal Customer,42,Business Travel,Business,1670,2,1,3,1,2,1,2,2,2,2,2,1,4,1.92,54,27,FALSE
Female,Loyal Customer,48,Business Travel,Business,719,4,4,4,4,3,5,4,4,4,4,4,3,3,3.85,120,124,TRUE
Male,Loyal Customer,38,Personal Travel,Eco,965,3,4,3,3,1,3,1,1,2,4,4,4,1,2.62,0,0,FALSE
Male,Loyal Customer,26,Personal Travel,Eco Plus,328,1,4,3,3,5,3,5,5,1,2,4,4,5,3.46,0,0,FALSE
Male,Loyal Customer,32,Personal Travel,Eco,371,3,1,4,3,2,4,3,2,1,1,4,2,2,2.46,0,6,FALSE
Male,Loyal Customer,46,Personal Travel,Eco,526,4,5,4,2,4,4,4,4,5,2,5,4,4,3.92,0,0,FALSE
Female,Loyal Customer,19,Business Travel,Business,1952,4,3,3,3,4,4,4,4,4,3,4,4,4,3.69,0,0,FALSE
Female,Loyal Customer,9,Personal Travel,Eco,577,1,4,1,3,1,1,1,1,5,2,5,3,1,2.23,0,0,FALSE
Male,Loyal Customer,41,Business Travel,Business,2405,4,4,4,4,4,4,5,4,4,4,5,4,5,4.23,10,7,TRUE
Female,Loyal Customer,36,Business Travel,Eco Plus,216,4,4,4,4,4,4,4,4,4,3,2,1,4,3.54,10,13,TRUE
Female,Loyal Customer,20,Business Travel,Eco Plus,429,3,4,4,4,3,3,3,3,2,2,4,3,3,3.15,0,0,FALSE
Female,Loyal Customer,50,Business Travel,Business,1846,1,2,2,2,5,3,4,1,1,1,1,1,2,2,0,0,FALSE
Male,Disloyal Customer,52,Business Travel,Business,991,5,5,5,4,5,4,4,4,3,5,5,4,4,4.38,200,192,TRUE
Female,Loyal Customer,33,Business Travel,Business,2282,1,2,2,2,2,1,1,4,3,4,3,1,1,2.08,140,152,FALSE
Male,Loyal Customer,44,Business Travel,Business,3426,2,2,2,2,5,5,5,3,3,3,3,5,5,3.46,0,0,TRUE
Female,Loyal Customer,62,Personal Travel,Eco,1013,2,4,2,2,1,1,5,4,4,2,4,4,2,2.85,30,28,FALSE
Male,Loyal Customer,53,Business Travel,Business,1090,3,3,2,3,4,5,4,4,4,4,4,3,4,3.62,4,8,TRUE
Male,Loyal Customer,35,Business Travel,Eco,907,3,3,3,3,3,3,3,3,5,4,5,5,3,3.54,98,79,TRUE
Female,Loyal Customer,54,Business Travel,Business,199,5,5,4,5,2,5,4,5,5,5,4,4,4,4.38,0,0,TRUE
Female,Loyal Customer,36,Personal Travel,Eco,140,3,4,3,4,1,3,1,1,1,5,2,4,1,2.54,0,0,FALSE
Female,Loyal Customer,10,Personal Travel,Eco,1532,4,3,4,3,2,4,2,2,2,3,3,1,2,2.69,118,91,FALSE
Male,Disloyal Customer,26,Business Travel,Business,255,4,0,4,2,5,4,5,5,4,2,5,3,5,3.69,24,19,TRUE
Female,Loyal Customer,42,Personal Travel,Eco,1250,3,4,3,4,5,3,4,4,4,3,3,4,4,3.69,0,0,FALSE
Male,Loyal Customer,23,Business Travel,Business,3350,2,2,2,2,3,3,3,3,5,4,5,5,3,3.23,6,6,TRUE
Male,Loyal Customer,63,Business Travel,Business,3490,5,5,5,5,5,5,5,5,5,5,5,4,5,4.92,0,4,TRUE
Male,Loyal Customer,10,Personal Travel,Eco,728,3,5,3,4,3,3,3,3,3,3,5,2,3,3.31,3,18,FALSE
Female,Loyal Customer,27,Personal Travel,Eco,297,1,3,1,2,2,1,3,2,1,1,4,4,2,2.08,6,0,FALSE
Female,Loyal Customer,41,Business Travel,Eco,605,5,5,5,5,5,5,5,5,3,3,2,2,5,4.23,7,14,TRUE
Male,Loyal Customer,44,Business Travel,Eco,373,4,1,1,1,4,4,4,4,3,1,4,2,4,2.85,0,0,TRUE
Male,Loyal Customer,36,Personal Travel,Eco,1628,3,4,3,1,4,3,4,4,4,5,5,3,4,3.62,44,30,FALSE
Female,Loyal Customer,70,Personal Travel,Eco,762,3,5,3,5,3,5,4,2,2,3,2,3,5,3.46,66,73,FALSE
Male,Loyal Customer,45,Personal Travel,Eco,948,1,2,1,3,2,1,2,2,2,4,4,2,2,2.15,72,77,FALSE
Female,Loyal Customer,55,Personal Travel,Eco,369,4,3,3,2,5,2,2,4,4,3,4,4,1,3.15,0,0,FALSE
Female,Loyal Customer,25,Personal Travel,Eco,1521,3,1,3,4,1,3,2,1,2,3,4,4,1,2.46,44,28,FALSE
Female,Loyal Customer,56,Business Travel,Business,1431,5,5,5,5,3,4,4,4,4,5,4,5,3,4.31,0,0,TRUE
Male,Loyal Customer,46,Business Travel,Business,1865,1,1,1,1,3,4,5,5,5,5,5,5,5,3.54,0,0,TRUE
Male,Disloyal Customer,27,Business Travel,Eco,370,2,5,2,4,1,2,1,1,1,3,5,5,1,2.54,0,0,FALSE
Female,Loyal Customer,27,Business Travel,Business,2556,5,5,5,5,5,5,5,5,2,5,4,3,5,4.54,0,0,TRUE
Male,Disloyal Customer,43,Business Travel,Eco,109,3,4,3,1,3,3,3,3,4,1,4,3,3,2.92,8,3,FALSE
Male,Loyal Customer,47,Personal Travel,Eco,813,3,3,3,3,4,3,4,4,4,4,3,3,4,3.46,0,0,FALSE
Male,Loyal Customer,46,Business Travel,Business,2038,1,4,4,4,2,4,4,1,1,1,1,2,4,2.54,0,0,FALSE
Female,Loyal Customer,51,Business Travel,Business,965,1,1,1,1,2,5,4,5,5,5,5,5,4,3.38,1,18,TRUE
Female,Loyal Customer,55,Business Travel,Business,2164,3,3,3,3,5,5,4,4,4,4,4,5,3,3.85,8,0,TRUE
Male,Loyal Customer,62,Personal Travel,Eco,528,3,5,3,3,3,3,3,3,4,4,5,3,3,3.46,0,0,FALSE
Male,Loyal Customer,67,Personal Travel,Business,86,3,4,3,3,4,4,4,3,3,3,3,4,3,3.38,0,0,FALSE
Female,Disloyal Customer,21,Business Travel,Eco,479,2,4,2,3,3,2,3,3,1,4,3,1,3,2.62,22,13,FALSE
Male,Loyal Customer,52,Business Travel,Business,3562,0,0,0,2,2,5,5,5,5,4,4,3,5,3.08,0,0,TRUE
Female,Loyal Customer,22,Business Travel,Eco,221,4,4,4,4,4,4,4,4,2,3,5,3,4,3.77,0,0,TRUE
Female,Loyal Customer,35,Personal Travel,Eco,451,2,5,2,3,4,2,4,4,4,3,1,4,4,3.23,0,0,FALSE
Female,Loyal Customer,41,Personal Travel,Eco,748,1,3,1,1,2,1,2,2,5,3,4,1,2,2.15,0,0,FALSE
Female,Disloyal Customer,22,Business Travel,Eco,416,1,2,1,4,1,1,1,1,4,2,4,1,1,1.85,0,0,FALSE
Female,Disloyal Customer,12,Business Travel,Eco,745,3,3,3,4,3,3,3,3,5,2,5,5,3,3.46,0,0,FALSE
Female,Loyal Customer,51,Personal Travel,Eco,588,3,5,3,5,2,5,5,2,2,3,2,5,4,3.54,0,5,FALSE
Male,Disloyal Customer,39,Business Travel,Eco,1009,4,5,5,3,5,5,5,5,3,2,4,1,5,4,0,0,FALSE
Male,Loyal Customer,50,Business Travel,Eco Plus,174,5,2,3,2,5,5,5,5,2,3,1,3,5,3.54,7,0,TRUE
Female,Loyal Customer,46,Business Travel,Business,1522,2,3,3,3,4,4,3,2,2,2,2,3,3,2.77,0,5,FALSE
Male,Loyal Customer,53,Personal Travel,Eco,109,3,0,3,3,1,3,1,1,4,5,4,5,1,2.62,0,0,FALSE
Male,Loyal Customer,46,Business Travel,Business,3824,1,1,1,1,4,5,5,5,5,4,5,4,3,3.38,0,0,TRUE
Male,Loyal Customer,16,Personal Travel,Eco Plus,199,3,5,0,3,5,0,5,5,5,3,5,3,5,3.62,4,,FALSE
Male,Loyal Customer,58,Personal Travel,Eco,965,2,5,2,2,3,2,3,3,5,5,5,3,3,3.31,46,38,FALSE
Female,Loyal Customer,42,Business Travel,Business,3014,1,3,3,3,1,2,3,2,2,2,1,4,1,2.15,30,32,FALSE
Female,Disloyal Customer,27,Business Travel,Business,669,2,2,2,5,2,2,2,2,5,2,5,5,2,2.92,57,33,FALSE
Female,Loyal Customer,8,Personal Travel,Eco,143,1,5,1,4,3,1,2,3,2,3,3,3,3,2.62,0,0,FALSE
Female,Loyal Customer,48,Business Travel,Eco,356,5,2,3,2,4,1,5,5,5,5,5,3,4,3.77,26,18,TRUE
Male,Loyal Customer,24,Personal Travel,Eco,967,1,4,1,3,2,1,2,2,5,1,1,2,2,2.08,6,0,FALSE
Female,Loyal Customer,31,Business Travel,Business,534,5,5,5,5,3,3,3,3,4,2,4,3,3,3.69,18,16,TRUE
Male,Loyal Customer,51,Personal Travel,Eco,2239,1,1,1,3,3,1,3,3,2,2,2,4,3,2.23,0,0,FALSE
Male,Disloyal Customer,32,Business Travel,Business,762,1,1,1,4,4,1,4,4,3,3,5,5,4,3.08,0,0,FALSE
Female,Disloyal Customer,15,Business Travel,Eco,562,4,5,4,3,3,4,3,3,4,5,4,1,3,3.54,0,0,TRUE
Male,Loyal Customer,15,Business Travel,Eco,828,3,3,3,3,3,4,3,2,4,4,3,3,3,3.15,342,364,FALSE
Male,Loyal Customer,59,Business Travel,Business,2698,5,5,5,5,4,1,5,5,5,5,5,3,2,4.23,0,0,TRUE
Male,Loyal Customer,43,Business Travel,Business,150,3,3,3,3,3,2,2,5,5,5,5,4,2,3.46,0,0,TRUE
Male,Loyal Customer,44,Business Travel,Business,1372,3,3,3,3,5,5,5,3,4,5,4,5,5,4.08,394,407,TRUE
Female,Loyal Customer,66,Personal Travel,Eco,374,2,4,2,5,2,3,1,5,5,2,5,3,4,3.31,0,0,FALSE
Female,Loyal Customer,18,Personal Travel,Eco,500,3,4,4,5,3,4,3,3,3,3,5,3,3,3.54,0,5,FALSE
Male,Disloyal Customer,27,Business Travel,Eco,501,2,4,2,3,2,2,2,2,1,3,4,4,2,2.54,9,0,FALSE
Female,Loyal Customer,36,Business Travel,Business,283,4,4,4,4,4,5,4,5,5,5,5,3,5,4.38,0,0,TRUE
Male,Loyal Customer,63,Personal Travel,Eco,1195,0,5,0,4,3,0,3,3,4,2,3,1,3,2.38,0,0,TRUE
Female,Disloyal Customer,23,Business Travel,Eco,2486,3,3,3,3,2,3,2,2,2,2,2,2,2,2.38,6,1,FALSE
Female,Loyal Customer,54,Business Travel,Eco,651,5,5,2,5,1,1,4,5,5,5,5,2,5,3.85,0,0,TRUE
Female,Loyal Customer,42,Business Travel,Business,1431,5,5,4,5,3,4,4,4,4,4,4,5,3,4.15,17,44,TRUE
Female,Loyal Customer,15,Personal Travel,Eco,1190,5,5,5,3,3,5,3,3,3,2,5,5,3,3.85,0,15,TRUE
Female,Disloyal Customer,26,Business Travel,Business,2475,5,5,5,5,5,3,3,3,3,5,4,3,3,4,0,2,TRUE
Female,Loyal Customer,58,Business Travel,Business,1929,2,5,5,5,1,4,3,2,2,2,2,2,4,3,0,0,FALSE
Male,Loyal Customer,32,Business Travel,Eco,957,3,4,4,4,3,3,3,3,1,5,3,3,3,3.23,0,10,FALSE
Male,Loyal Customer,20,Business Travel,Eco,1846,2,1,1,1,2,2,3,2,3,1,3,2,2,1.92,51,41,FALSE
Male,Loyal Customer,33,Business Travel,Eco,214,2,2,2,2,2,2,2,2,2,4,4,2,2,2.31,168,156,FALSE
Male,Loyal Customer,64,Personal Travel,Eco,239,3,4,3,4,1,3,1,1,4,5,5,1,1,2.77,0,0,FALSE
Male,Loyal Customer,20,Personal Travel,Eco Plus,214,2,0,0,4,3,0,3,3,1,2,2,1,3,1.85,0,0,FALSE
Female,Loyal Customer,48,Business Travel,Business,1936,3,3,3,3,4,5,4,2,2,2,2,3,4,3.08,0,4,TRUE
Female,Loyal Customer,26,Personal Travel,Eco,1325,2,5,2,5,4,2,1,4,4,4,5,3,4,3.46,0,0,FALSE
Female,Loyal Customer,53,Business Travel,Business,2133,5,5,5,5,4,3,5,5,5,5,5,5,4,4.69,5,0,TRUE
Female,Loyal Customer,28,Business Travel,Business,236,2,2,2,2,4,4,4,4,5,3,3,3,4,3.23,0,2,TRUE
Male,Loyal Customer,68,Personal Travel,Eco,125,2,4,2,3,1,2,1,1,1,3,2,5,1,2.15,14,10,FALSE
Female,Loyal Customer,48,Business Travel,Business,3131,5,5,5,5,5,5,5,4,4,4,4,3,4,4.46,0,0,TRUE
Male,Loyal Customer,27,Business Travel,Business,3904,3,3,3,3,5,5,5,4,4,3,3,5,5,3.92,0,0,TRUE
Female,Loyal Customer,48,Personal Travel,Business,338,2,2,0,4,2,3,3,4,4,0,5,2,3,2.62,14,11,FALSE
Female,Loyal Customer,28,Business Travel,Business,321,5,5,5,5,4,4,4,4,3,3,5,4,4,4.23,2,0,TRUE
Male,Loyal Customer,48,Business Travel,Business,3567,5,5,5,5,4,4,5,4,4,5,4,4,4,4.46,0,0,TRUE
Male,Loyal Customer,28,Business Travel,Business,3854,3,5,5,5,3,3,3,3,2,5,3,2,3,3.46,0,0,FALSE
Female,Loyal Customer,42,Personal Travel,Eco,991,3,5,3,3,3,4,5,3,3,3,3,3,3,3.38,27,39,FALSE
Male,Loyal Customer,39,Business Travel,Business,3357,1,1,1,1,4,4,4,4,4,4,4,3,4,3,11,7,TRUE
Male,Disloyal Customer,54,Business Travel,Eco,867,2,2,2,2,4,2,2,4,1,3,2,1,4,2.38,0,0,FALSE
Female,Disloyal Customer,24,Business Travel,Eco,363,5,0,5,5,5,5,5,5,4,2,2,5,5,4.08,0,1,TRUE
Male,Loyal Customer,49,Business Travel,Business,964,1,1,1,1,2,5,5,5,5,5,5,3,5,3.38,0,0,TRUE
Female,Loyal Customer,41,Business Travel,Business,1947,1,1,1,1,4,3,4,4,4,4,4,3,5,3,0,0,TRUE
Male,Loyal Customer,35,Personal Travel,Eco,628,2,3,2,2,2,2,2,2,1,1,3,3,2,2.08,3,0,FALSE
Female,Loyal Customer,72,Business Travel,Business,1671,1,3,3,3,4,2,4,1,1,1,1,1,1,2,4,0,FALSE
Female,Loyal Customer,60,Personal Travel,Eco,895,0,1,0,3,4,3,4,2,2,0,2,4,1,2,10,2,TRUE
Male,Loyal Customer,44,Business Travel,Business,874,3,2,3,3,4,5,4,5,5,5,5,5,5,4.15,0,0,TRUE
Male,Loyal Customer,58,Business Travel,Business,1050,5,5,5,5,5,4,5,4,4,4,4,4,3,4.38,37,25,TRUE
Female,Loyal Customer,30,Personal Travel,Eco Plus,775,2,2,2,4,5,2,5,5,1,5,4,4,5,3.54,0,0,FALSE
Male,Loyal Customer,21,Business Travel,Business,690,3,3,3,3,3,3,3,3,1,4,4,2,3,2.92,0,0,FALSE
Male,Loyal Customer,52,Personal Travel,Business,489,3,2,3,4,3,4,3,3,3,3,3,1,2,2.85,0,6,FALSE
Female,Loyal Customer,14,Personal Travel,Eco,719,0,5,0,4,1,0,1,1,5,2,5,3,1,2.15,0,0,TRUE
Female,Disloyal Customer,24,Business Travel,Eco,139,2,1,2,3,3,2,2,3,4,2,4,3,3,2.62,79,76,FALSE
Female,Loyal Customer,45,Business Travel,Business,2800,2,2,2,2,2,4,4,4,4,4,4,4,5,3.31,71,65,TRUE
Female,Disloyal Customer,12,Business Travel,Eco,1416,3,3,3,3,3,3,3,3,4,3,5,4,3,3.31,0,0,FALSE
Female,Loyal Customer,59,Personal Travel,Eco,210,4,4,4,3,1,4,4,1,1,4,1,4,2,2.85,0,0,TRUE
Female,Disloyal Customer,32,Business Travel,Business,258,2,2,2,2,1,2,1,1,3,3,5,5,1,2.31,0,0,FALSE
Female,Loyal Customer,47,Business Travel,Business,2557,4,4,3,4,5,5,5,4,2,5,4,5,5,4.23,131,125,TRUE
Female,Disloyal Customer,25,Business Travel,Eco,209,3,2,3,4,4,3,5,4,2,3,3,2,4,3.23,0,0,FALSE
Female,Disloyal Customer,37,Business Travel,Eco,365,4,4,5,4,5,5,5,1,2,3,3,5,5,3.92,220,225,FALSE
Male,Loyal Customer,15,Personal Travel,Eco Plus,622,5,5,5,3,5,5,5,5,5,5,4,3,5,4.62,0,0,TRUE
Male,Loyal Customer,66,Personal Travel,Eco,725,3,3,3,3,2,3,5,2,2,1,4,4,2,2.85,10,19,FALSE
Female,Loyal Customer,39,Business Travel,Business,3762,3,4,3,4,5,3,2,3,3,3,3,2,1,3,46,44,FALSE
Male,Loyal Customer,32,Business Travel,Business,562,5,5,5,5,4,4,4,4,4,2,2,4,4,4,183,192,TRUE
Male,Loyal Customer,28,Business Travel,Eco,170,5,2,2,2,5,5,5,5,5,5,3,1,5,3.85,0,0,TRUE
Male,Disloyal Customer,41,Business Travel,Eco,301,2,2,2,3,2,2,2,2,4,3,4,4,2,2.62,38,27,FALSE
Female,Disloyal Customer,33,Business Travel,Eco,106,4,0,3,3,1,3,1,1,4,2,2,3,1,2.15,0,0,FALSE
Female,Loyal Customer,39,Business Travel,Business,2895,3,3,5,3,3,4,5,4,4,4,4,5,4,3.92,31,5,TRUE
Male,Loyal Customer,50,Business Travel,Business,971,1,5,4,5,5,4,4,1,1,1,1,1,2,2.69,4,16,FALSE
Female,Loyal Customer,24,Business Travel,Business,1399,5,5,2,5,5,5,5,5,3,5,1,1,5,4,0,0,TRUE
Female,Loyal Customer,67,Personal Travel,Eco,2072,2,4,2,3,5,4,4,2,2,2,2,5,5,3.23,0,0,FALSE
Male,Loyal Customer,46,Business Travel,Business,2156,2,2,4,2,3,4,4,5,5,5,5,5,3,3.77,27,22,TRUE
Male,Loyal Customer,24,Business Travel,Business,677,2,2,2,2,5,5,5,5,3,3,4,4,5,3.62,0,0,TRUE
Female,Loyal Customer,60,Business Travel,Business,912,1,1,1,1,2,5,5,4,4,4,4,5,5,3.23,0,0,TRUE
Male,Loyal Customer,64,Personal Travel,Eco Plus,817,2,3,2,1,4,2,5,4,1,4,1,3,4,2.77,0,0,FALSE
Male,Loyal Customer,20,Personal Travel,Eco Plus,534,4,3,4,2,4,4,4,4,4,3,2,1,4,3.31,0,0,TRUE
Male,Loyal Customer,60,Business Travel,Business,682,4,4,4,4,4,4,5,2,2,2,2,5,5,3.62,0,11,TRUE
Female,Disloyal Customer,39,Business Travel,Business,457,1,1,1,3,1,1,1,1,1,1,3,2,1,1.38,0,0,FALSE
Female,Loyal Customer,53,Personal Travel,Eco,495,3,5,3,3,1,4,1,5,5,3,5,3,5,3.54,15,21,FALSE
Male,Disloyal Customer,25,Business Travel,Eco,620,1,0,1,2,4,1,4,4,1,5,4,4,4,2.69,0,0,FALSE
Female,Loyal Customer,32,Personal Travel,Eco,912,0,5,0,1,3,0,5,3,5,4,4,4,3,2.85,3,0,TRUE
Female,Disloyal Customer,31,Business Travel,Eco,1013,3,3,3,3,1,3,1,1,4,3,3,3,1,2.46,0,,FALSE
Male,Loyal Customer,34,Business Travel,Business,1771,4,4,5,4,5,3,2,3,3,4,3,4,1,3.46,5,24,TRUE
Female,Loyal Customer,43,Business Travel,Business,3132,4,4,4,4,2,5,5,5,5,5,5,5,1,4.15,0,2,TRUE
Female,Loyal Customer,49,Business Travel,Business,861,2,3,3,3,1,2,2,2,2,2,2,1,4,2.23,17,3,FALSE
Female,Loyal Customer,46,Business Travel,Business,2091,4,4,4,4,3,5,3,5,5,5,4,3,5,4.15,0,0,TRUE
Female,Loyal Customer,54,Business Travel,Eco,212,2,3,3,3,1,3,3,2,2,2,2,1,4,2.38,5,2,FALSE
Male,Loyal Customer,49,Business Travel,Eco,119,2,4,4,4,3,2,3,3,5,5,4,1,3,3.31,0,0,TRUE
Female,Loyal Customer,46,Business Travel,Business,946,3,3,4,3,3,5,5,4,4,4,4,4,5,3.92,0,0,TRUE
Female,Disloyal Customer,20,Business Travel,Business,449,1,1,1,4,1,1,1,1,1,3,4,3,1,1.77,2,9,FALSE
Male,Loyal Customer,63,Personal Travel,Business,489,4,2,4,3,5,4,4,2,2,4,2,4,3,3.31,25,22,FALSE
Female,Loyal Customer,28,Personal Travel,Eco,1091,2,5,2,3,3,2,3,3,3,4,5,3,3,3.15,0,0,FALSE
Female,Loyal Customer,16,Personal Travel,Eco,1426,1,2,1,3,5,1,5,5,4,3,2,4,5,3.15,0,0,FALSE
Male,Loyal Customer,57,Business Travel,Business,214,5,5,5,5,4,5,4,4,4,4,5,3,3,4.31,0,45,TRUE
Male,Loyal Customer,37,Business Travel,Business,3905,4,3,3,3,1,3,4,4,4,4,4,3,2,3.23,69,34,FALSE
Female,Loyal Customer,44,Personal Travel,Eco,685,3,5,3,4,3,4,5,2,2,3,4,5,3,3.54,18,23,FALSE
Female,Loyal Customer,53,Business Travel,Business,3009,4,4,4,4,2,1,1,4,4,4,5,1,1,3,0,0,TRUE
Male,Loyal Customer,9,Business Travel,Business,2795,1,4,4,4,1,1,1,1,3,1,3,3,1,2.15,4,0,FALSE
Female,Loyal Customer,37,Business Travel,Business,277,4,5,5,5,4,2,2,4,4,4,4,3,3,3.77,24,21,FALSE
Female,Loyal Customer,24,Personal Travel,Eco,227,2,4,0,2,1,0,1,1,3,3,4,3,1,1.92,0,0,FALSE
Male,Disloyal Customer,39,Business Travel,Business,1624,4,4,4,4,3,4,3,3,3,2,4,5,3,3.54,0,0,FALSE
Male,Loyal Customer,30,Business Travel,Business,2908,1,1,5,1,5,4,5,5,4,4,4,3,5,3.62,2,0,TRUE
Male,Loyal Customer,57,Business Travel,Business,2760,3,4,4,4,2,3,3,1,4,4,3,3,3,3.15,0,19,FALSE
Male,Loyal Customer,39,Business Travel,Business,1620,2,2,4,2,4,5,4,4,4,4,4,3,4,3.54,0,36,TRUE
Male,Loyal Customer,36,Business Travel,Business,429,5,5,5,5,3,1,3,5,5,5,5,5,1,4.08,0,0,TRUE
Female,Loyal Customer,65,Business Travel,Business,2068,5,5,3,5,4,5,5,4,4,4,4,5,3,4.31,0,,TRUE
Female,Loyal Customer,45,Personal Travel,Eco,1167,3,4,3,3,3,3,3,1,1,3,1,1,3,2.46,5,0,FALSE
Male,Loyal Customer,47,Business Travel,Business,3429,4,1,4,4,3,4,4,5,5,5,5,4,5,4.08,19,43,TRUE
Male,Loyal Customer,49,Business Travel,Business,1755,1,1,1,1,5,5,5,4,4,4,4,3,4,3.23,0,0,TRUE
Male,Disloyal Customer,47,Business Travel,Business,113,1,1,1,3,4,1,1,4,1,3,4,2,4,2.31,0,0,FALSE
Female,Disloyal Customer,62,Business Travel,Business,447,2,2,2,5,4,2,4,4,4,4,4,4,4,3.46,0,0,FALSE
Female,Disloyal Customer,27,Business Travel,Eco,163,1,3,1,4,5,1,5,5,4,1,4,4,5,3.31,7,9,FALSE
Male,Loyal Customer,58,Personal Travel,Eco,468,3,3,3,2,2,3,2,2,1,1,2,3,2,2.23,6,11,FALSE
Female,Loyal Customer,46,Business Travel,Business,888,1,1,1,1,5,4,4,4,4,5,4,3,5,3.23,10,20,TRUE
Female,Loyal Customer,48,Business Travel,Business,2919,5,5,5,5,4,3,3,5,5,5,5,2,2,4.15,0,0,TRUE
Female,Loyal Customer,57,Business Travel,Business,3382,1,1,1,1,4,4,5,4,4,5,5,4,3,3.23,0,0,TRUE
Male,Loyal Customer,56,Business Travel,Business,3980,4,4,4,4,3,5,5,4,4,4,4,5,3,4.08,8,9,TRUE
Male,Loyal Customer,70,Personal Travel,Eco,577,4,5,4,4,4,4,4,4,3,4,5,5,4,4.15,51,63,FALSE
Female,Loyal Customer,57,Personal Travel,Eco,425,3,0,3,2,5,4,4,4,4,3,4,5,3,3.38,0,0,FALSE
Female,Loyal Customer,22,Personal Travel,Eco,1452,2,3,2,4,3,2,3,3,2,3,4,1,3,2.69,25,22,FALSE
Male,Disloyal Customer,27,Business Travel,Business,534,1,1,1,1,1,1,1,1,5,3,4,4,1,1.92,55,54,FALSE
Female,Loyal Customer,29,Personal Travel,Business,604,5,4,5,5,4,5,1,4,5,4,4,4,4,4.15,0,4,TRUE
Male,Loyal Customer,49,Business Travel,Eco Plus,483,4,2,2,2,5,4,5,5,5,1,5,1,5,3.54,0,0,TRUE
Female,Loyal Customer,39,Business Travel,Business,2674,2,2,5,2,3,4,5,4,4,4,4,5,3,3.62,97,98,TRUE
Male,Disloyal Customer,33,Business Travel,Eco,413,4,3,4,3,5,4,2,5,4,4,1,2,5,3.54,40,30,FALSE
Male,Loyal Customer,36,Business Travel,Business,1504,1,2,2,2,1,4,3,1,1,1,1,2,1,1.69,2,0,FALSE
Female,Loyal Customer,46,Business Travel,Business,1846,1,1,1,1,2,5,4,5,5,5,5,3,3,3.15,2,9,TRUE
Female,Loyal Customer,39,Business Travel,Eco,328,4,2,2,2,4,4,4,4,3,1,3,2,4,3,0,0,FALSE
Male,Loyal Customer,64,Personal Travel,Eco,788,3,5,3,1,2,3,2,2,5,4,4,5,2,3.15,0,0,FALSE
Female,Loyal Customer,65,Personal Travel,Eco,584,4,4,4,2,5,4,5,2,2,4,2,3,5,3.54,1,1,FALSE
Male,Loyal Customer,41,Business Travel,Business,1139,3,3,3,3,4,5,4,5,5,5,5,5,3,4.08,5,0,TRUE
Male,Disloyal Customer,20,Business Travel,Eco,300,2,0,2,4,4,2,1,4,5,1,3,4,4,2.77,0,0,FALSE
Male,Loyal Customer,30,Personal Travel,Eco,500,1,4,1,4,4,1,4,4,1,2,3,4,4,2.85,15,6,FALSE
Female,Disloyal Customer,20,Business Travel,Business,1073,5,5,5,4,5,5,5,5,3,2,5,5,5,4.54,52,29,TRUE
Male,Loyal Customer,37,Personal Travel,Eco,314,1,4,1,5,4,1,4,4,4,2,4,5,4,3.31,15,13,FALSE
Female,Loyal Customer,23,Personal Travel,Eco,261,2,4,2,4,5,2,5,5,1,1,3,4,5,3.31,0,0,FALSE
Male,Loyal Customer,51,Personal Travel,Eco,759,3,3,4,3,4,4,3,4,5,3,3,5,4,3.69,0,0,FALSE
Male,Loyal Customer,45,Business Travel,Business,759,1,1,2,1,3,2,3,4,4,4,4,1,4,2.62,14,4,TRUE
Male,Loyal Customer,30,Business Travel,Business,3133,2,2,2,2,4,4,4,4,5,4,2,1,4,3.08,9,0,TRUE
Female,Loyal Customer,70,Personal Travel,Eco,337,1,4,1,2,4,5,4,4,4,1,4,5,3,3.23,2,0,FALSE
Male,Loyal Customer,42,Business Travel,Business,2488,2,2,2,2,5,4,5,4,4,4,4,5,4,3.62,0,0,TRUE
Male,Loyal Customer,47,Personal Travel,Eco,1464,3,5,3,3,5,3,5,5,3,3,4,5,5,4,0,0,FALSE
Male,Loyal Customer,44,Personal Travel,Eco,896,1,5,1,4,3,1,3,3,3,5,5,3,3,3.08,0,0,FALSE
Female,Loyal Customer,56,Personal Travel,Eco,399,4,4,4,3,5,4,4,1,1,4,1,5,5,3.46,0,0,FALSE
Female,Loyal Customer,56,Business Travel,Business,280,4,4,4,4,4,5,4,5,5,5,5,4,3,4.31,10,4,TRUE
Male,Loyal Customer,39,Personal Travel,Eco Plus,1481,3,4,4,4,1,4,1,1,5,5,5,5,1,3.31,0,0,FALSE
Male,Loyal Customer,41,Business Travel,Eco Plus,1250,5,4,4,4,5,5,5,5,5,1,4,1,5,4.08,19,20,TRUE
Male,Loyal Customer,44,Business Travel,Business,2760,2,4,4,4,3,3,4,2,2,2,2,3,2,2.85,0,0,FALSE
Female,Loyal Customer,45,Business Travel,Business,3560,4,4,4,4,2,5,4,3,3,3,3,3,3,3.46,0,0,TRUE
Male,Loyal Customer,70,Personal Travel,Eco,1182,5,4,5,1,4,5,4,4,3,4,3,3,4,3.77,0,0,TRUE
Female,Loyal Customer,23,Personal Travel,Eco,594,5,4,5,5,4,5,4,4,4,2,3,1,4,3.85,0,5,TRUE
Female,Loyal Customer,44,Business Travel,Business,2033,5,5,5,5,3,4,4,5,5,5,5,4,4,4.54,0,0,TRUE
Female,Loyal Customer,44,Business Travel,Business,2149,3,3,4,3,4,5,1,4,4,4,4,1,3,3.31,0,0,TRUE
Male,Loyal Customer,39,Personal Travel,Eco,1182,1,5,2,4,2,2,2,2,4,3,4,1,2,2.62,0,0,FALSE
Female,Loyal Customer,33,Business Travel,Business,1379,3,3,3,3,2,5,5,3,3,4,3,4,4,3.46,0,8,TRUE
Male,Loyal Customer,46,Business Travel,Eco,957,1,2,2,2,1,1,1,1,4,2,3,4,1,1.92,0,0,FALSE
Female,Loyal Customer,47,Business Travel,Business,3724,3,3,3,3,4,4,5,5,5,5,5,4,4,4.08,11,42,TRUE
Female,Loyal Customer,24,Business Travel,Business,2944,3,3,3,3,4,4,4,4,1,2,4,1,4,3.08,7,0,TRUE
Male,Loyal Customer,15,Business Travel,Business,725,3,5,5,5,3,3,3,3,4,1,3,1,3,3.23,11,8,FALSE
Female,Loyal Customer,19,Personal Travel,Eco,264,1,2,1,3,3,1,3,3,2,3,4,3,3,2.46,0,0,FALSE
Male,Disloyal Customer,40,Business Travel,Eco,926,4,4,4,4,1,4,1,1,4,1,4,1,1,2.62,2,0,TRUE
Male,Loyal Customer,38,Business Travel,Business,3185,5,5,2,5,1,2,2,4,4,4,5,1,4,3.38,0,0,TRUE
Male,Loyal Customer,51,Business Travel,Business,3529,3,3,3,3,5,5,4,3,3,4,3,3,5,3.62,0,0,TRUE
Female,Loyal Customer,27,Personal Travel,Eco,675,5,4,5,3,1,5,1,1,1,5,3,1,1,2.77,0,0,TRUE
Male,Disloyal Customer,50,Business Travel,Business,1476,3,2,2,4,4,3,4,4,3,2,5,5,4,3.46,0,0,FALSE
Male,Loyal Customer,18,Personal Travel,Eco,109,3,3,3,4,5,3,5,5,1,3,4,1,5,3.46,0,2,FALSE
Male,Loyal Customer,10,Personal Travel,Eco Plus,679,2,4,2,3,4,2,4,4,5,5,5,4,4,3.69,0,0,FALSE
Male,Loyal Customer,16,Personal Travel,Eco,1390,3,4,3,4,3,3,3,3,5,4,5,4,3,3.62,12,0,FALSE
Male,Loyal Customer,48,Personal Travel,Eco,641,2,1,2,4,1,2,1,1,4,2,4,2,1,2.08,2,0,FALSE
Female,Loyal Customer,37,Business Travel,Eco Plus,294,2,4,4,4,2,2,2,2,4,4,3,2,2,2.85,0,0,FALSE
Female,Loyal Customer,46,Business Travel,Business,1444,2,2,2,2,3,5,5,4,4,4,4,4,5,3.54,19,14,TRUE
Female,Disloyal Customer,24,Business Travel,Eco,351,3,0,3,3,5,3,5,5,5,2,4,4,5,3.62,10,0,FALSE
Female,Loyal Customer,48,Personal Travel,Eco,1072,1,4,1,3,5,5,5,3,3,1,5,4,5,3.46,0,1,FALSE
Female,Loyal Customer,48,Business Travel,Business,1858,3,4,4,4,5,4,3,3,3,3,3,2,3,3.38,73,79,FALSE
Female,Loyal Customer,44,Business Travel,Business,2119,5,5,5,5,5,4,4,3,3,4,3,5,5,4.31,0,0,TRUE
Female,Loyal Customer,31,Business Travel,Business,2174,3,2,3,3,2,2,2,2,4,3,2,5,2,2.69,0,0,TRUE
Male,Loyal Customer,34,Business Travel,Business,837,5,5,5,5,5,5,4,4,4,5,4,5,5,4.69,84,77,TRUE
Male,Disloyal Customer,27,Business Travel,Business,948,1,1,1,4,3,1,1,3,5,3,4,4,3,2.62,46,28,FALSE
Female,Loyal Customer,51,Business Travel,Business,484,2,4,4,4,4,3,3,2,2,3,2,1,2,2.77,0,0,FALSE
Female,Disloyal Customer,35,Business Travel,Eco,1788,2,1,1,3,5,2,5,5,3,4,4,3,5,3.31,0,0,FALSE
Male,Loyal Customer,53,Business Travel,Eco,395,3,4,4,4,3,3,3,3,1,3,4,2,3,3.08,0,0,FALSE
Male,Loyal Customer,29,Personal Travel,Eco Plus,964,3,4,3,3,2,3,2,2,4,4,4,3,2,3,8,0,FALSE
Male,Loyal Customer,38,Business Travel,Eco,280,1,3,3,3,1,1,1,1,3,4,3,4,1,2.23,16,35,FALSE
Female,Loyal Customer,10,Personal Travel,Eco,853,3,4,3,3,3,4,4,4,5,4,4,4,4,3.77,372,368,FALSE
Female,Loyal Customer,39,Personal Travel,Eco,200,3,2,3,4,2,3,2,2,1,5,4,4,2,2.85,1,0,FALSE
Female,Loyal Customer,40,Business Travel,Business,1590,3,3,3,3,2,4,5,4,4,4,4,5,4,3.69,0,4,TRUE
Female,Loyal Customer,31,Business Travel,Business,2223,5,5,5,5,5,5,5,5,4,4,2,5,5,4.62,0,0,TRUE
Male,Loyal Customer,31,Business Travel,Eco,493,5,1,1,1,5,5,5,5,1,5,1,3,5,3.31,0,0,TRUE
Male,Disloyal Customer,22,Business Travel,Business,224,4,0,5,4,1,5,1,1,3,5,4,5,1,3,31,33,TRUE
Female,Loyal Customer,46,Personal Travel,Eco Plus,2556,4,1,4,1,4,2,2,2,2,4,5,1,3,2.69,0,0,FALSE
Female,Loyal Customer,60,Personal Travel,Eco,409,3,4,3,4,3,3,3,1,1,3,1,1,1,2.38,0,0,FALSE
Male,Loyal Customer,45,Business Travel,Business,179,1,1,1,1,2,5,3,5,5,5,5,4,2,3.08,0,0,TRUE
Male,Loyal Customer,33,Business Travel,Business,2688,1,5,2,5,1,1,1,1,3,4,3,4,1,2.46,14,8,FALSE
Male,Loyal Customer,41,Business Travel,Eco Plus,1075,4,1,1,1,5,4,5,5,4,3,4,2,5,3.38,0,0,TRUE
Female,Loyal Customer,42,Business Travel,Business,1276,3,3,3,3,4,5,4,5,5,5,5,3,4,4,0,0,TRUE
Male,Loyal Customer,51,Personal Travel,Eco,247,3,4,0,2,3,0,3,3,4,5,5,4,3,3,0,0,FALSE
Male,Loyal Customer,26,Business Travel,Business,2595,3,3,3,3,4,4,4,4,5,4,5,3,4,3.77,5,0,TRUE
Female,Loyal Customer,25,Business Travel,Business,602,2,2,2,2,4,4,4,4,3,4,5,4,4,3.38,2,0,TRUE
Male,Loyal Customer,33,Business Travel,Business,2669,3,1,4,4,3,3,3,3,2,1,3,1,3,2.62,0,0,FALSE
Female,Loyal Customer,10,Personal Travel,Eco,838,1,4,1,4,5,1,4,5,2,5,4,1,5,3.23,0,0,FALSE
Female,Loyal Customer,57,Business Travel,Business,1936,2,2,2,2,1,4,2,5,5,5,4,1,4,3,0,0,TRUE
Male,Loyal Customer,53,Personal Travel,Eco,583,2,4,2,3,2,2,2,2,3,4,4,5,2,2.85,93,77,FALSE
Female,Loyal Customer,41,Business Travel,Business,2136,4,4,4,4,2,4,4,4,4,4,4,1,3,3.54,6,4,FALSE
Female,Loyal Customer,15,Business Travel,Business,647,2,4,4,4,2,2,2,2,3,2,4,1,2,2.62,17,27,FALSE
Male,Loyal Customer,45,Business Travel,Eco,306,5,4,4,4,5,5,5,5,1,5,2,1,5,3.92,1,0,TRUE
Male,Disloyal Customer,48,Business Travel,Business,212,4,4,4,3,4,4,2,4,4,4,4,5,4,3.85,0,0,FALSE
Male,Loyal Customer,36,Personal Travel,Eco,644,5,5,5,3,4,5,4,4,3,2,4,5,4,4.08,22,17,TRUE
Female,Disloyal Customer,28,Business Travel,Eco,102,4,5,4,5,5,4,5,5,1,3,1,3,5,3.85,0,0,FALSE
Male,Loyal Customer,24,Personal Travel,Eco,1121,3,5,3,3,1,3,1,1,4,3,5,4,1,2.85,0,0,FALSE
Male,Disloyal Customer,38,Business Travel,Eco,328,3,1,3,4,1,3,3,1,2,2,4,4,1,2.46,21,20,FALSE
Female,Loyal Customer,28,Personal Travel,Eco,983,2,4,2,3,5,2,1,5,5,4,4,4,5,3.54,0,0,FALSE
Male,Disloyal Customer,33,Business Travel,Business,647,2,2,2,2,5,2,5,5,5,4,5,5,5,3.77,30,29,FALSE
Male,Loyal Customer,23,Business Travel,Business,331,1,5,5,5,1,1,1,1,1,4,4,1,1,2.38,91,73,FALSE
Female,Disloyal Customer,20,Business Travel,Eco,209,3,3,3,3,4,3,4,4,5,5,3,2,4,3.54,24,14,FALSE
Female,Loyal Customer,49,Business Travel,Business,3370,1,1,1,1,5,2,2,1,1,1,1,3,2,1.69,13,13,FALSE
Male,Loyal Customer,10,Personal Travel,Eco,328,1,1,3,3,2,3,2,2,4,2,4,4,2,2.54,0,0,FALSE
Female,Loyal Customer,40,Personal Travel,Eco,181,4,4,0,2,3,0,3,3,2,4,3,4,3,2.69,0,0,FALSE
Male,Loyal Customer,68,Business Travel,Business,746,3,5,3,5,3,3,4,3,3,3,3,1,2,3.15,130,129,FALSE
Male,Loyal Customer,26,Business Travel,Business,3332,4,4,4,4,5,5,5,5,5,3,5,5,5,4.54,0,0,TRUE
Male,Loyal Customer,28,Business Travel,Business,1703,5,5,5,5,5,4,5,5,3,5,3,4,5,4.54,0,0,TRUE
Male,Loyal Customer,40,Business Travel,Business,1588,3,3,3,3,4,4,4,4,4,4,4,5,5,3.85,46,48,TRUE
Male,Loyal Customer,31,Business Travel,Business,3204,3,3,3,3,3,3,3,3,3,2,2,2,3,2.77,0,11,FALSE
Female,Loyal Customer,44,Business Travel,Business,2475,4,4,4,4,4,3,5,5,5,5,5,3,4,4.23,0,0,TRUE
Female,Disloyal Customer,65,Business Travel,Business,236,3,3,3,3,2,3,2,2,2,4,4,4,2,2.85,48,38,FALSE
Female,Loyal Customer,52,Business Travel,Business,2892,4,4,5,4,2,4,4,5,5,5,4,4,4,4.15,9,13,TRUE
Female,Loyal Customer,62,Personal Travel,Eco Plus,695,5,4,5,3,5,4,5,5,5,5,5,3,4,4.46,0,0,TRUE
Male,Loyal Customer,42,Business Travel,Business,2586,2,5,5,5,2,2,2,2,1,2,3,2,2,2.69,7,34,FALSE
Female,Loyal Customer,57,Personal Travel,Eco,496,2,5,5,3,2,4,4,1,1,5,4,4,3,3.31,0,0,FALSE
Female,Disloyal Customer,24,Business Travel,Eco,558,1,4,1,3,1,1,1,1,3,3,4,1,1,1.92,22,18,FALSE
Male,Loyal Customer,59,Business Travel,Business,775,5,5,4,5,5,5,4,5,5,5,5,3,4,4.62,0,0,TRUE
Male,Loyal Customer,58,Personal Travel,Eco,447,1,5,1,2,4,1,4,4,4,1,4,1,4,2.77,0,0,FALSE
Female,Loyal Customer,9,Personal Travel,Eco,872,4,4,3,4,4,3,4,4,2,5,3,4,4,3.69,16,14,FALSE
Male,Loyal Customer,41,Business Travel,Business,2499,5,5,5,5,3,4,4,4,4,4,4,5,3,4.23,3,1,TRUE
Female,Disloyal Customer,18,Business Travel,Eco,1444,4,4,4,3,1,4,1,1,3,2,4,1,1,2.54,16,21,FALSE
Male,Loyal Customer,60,Personal Travel,Eco,192,5,5,5,1,5,5,5,5,3,4,5,3,5,4.31,0,0,TRUE
Male,Disloyal Customer,32,Business Travel,Business,925,3,3,3,4,1,3,2,1,5,2,4,5,1,2.85,4,16,FALSE
Male,Loyal Customer,37,Business Travel,Eco,272,4,3,3,3,4,4,4,4,5,5,2,5,4,3.85,0,0,TRUE
Male,Loyal Customer,58,Business Travel,Business,1773,1,1,1,1,5,4,4,4,4,4,4,3,5,3.15,0,0,TRUE
Female,Loyal Customer,26,Business Travel,Eco,605,0,5,0,3,2,0,1,2,4,2,5,3,2,2.23,0,0,TRUE
Female,Loyal Customer,61,Business Travel,Eco,696,4,5,5,5,3,3,3,5,5,4,5,2,3,4,36,39,FALSE
Female,Loyal Customer,35,Personal Travel,Eco,1471,3,4,3,4,4,3,4,4,4,3,4,4,4,3.69,16,0,FALSE
Male,Loyal Customer,10,Business Travel,Eco Plus,482,3,4,4,4,3,3,1,3,2,5,3,3,3,3.15,1,6,FALSE
Female,Disloyal Customer,59,Business Travel,Eco,86,1,0,1,3,3,1,4,3,3,4,1,2,3,2.23,17,16,FALSE
Female,Loyal Customer,23,Business Travel,Business,3076,1,1,1,1,5,5,5,5,4,5,4,5,5,3.62,0,9,TRUE
Male,Loyal Customer,63,Personal Travel,Business,933,3,1,3,3,4,3,3,2,2,3,2,2,3,2.62,13,0,FALSE
Male,Disloyal Customer,40,Business Travel,Eco,84,3,3,3,2,1,3,1,1,2,4,2,2,1,2.15,103,103,FALSE
Female,Disloyal Customer,22,Business Travel,Eco,1041,5,5,5,4,3,5,3,3,5,5,4,3,3,4.08,0,0,TRUE
Female,Loyal Customer,40,Business Travel,Eco,744,4,2,2,2,4,4,4,4,2,3,4,1,4,3.08,6,0,TRUE
Female,Loyal Customer,16,Personal Travel,Eco,209,4,2,4,4,4,4,4,4,4,1,4,3,4,3.54,0,0,FALSE
Male,Loyal Customer,47,Business Travel,Business,140,0,4,0,2,3,2,2,4,4,4,4,3,1,2.54,18,27,TRUE
Male,Loyal Customer,41,Business Travel,Business,2798,3,3,3,3,5,4,5,4,4,4,4,3,3,3.69,0,0,TRUE
Male,Loyal Customer,39,Business Travel,Business,2697,0,4,0,4,4,5,5,1,1,1,1,3,5,2.62,0,17,TRUE
Male,Loyal Customer,64,Business Travel,Business,907,1,1,1,1,1,3,3,1,1,1,1,2,4,1.62,5,0,FALSE
Male,Loyal Customer,59,Business Travel,Business,3862,3,3,3,3,3,4,4,4,4,4,4,4,5,3.69,0,0,TRUE
Female,Loyal Customer,27,Business Travel,Business,2272,2,2,5,2,5,5,5,5,4,3,4,3,5,3.85,0,0,TRUE
Female,Disloyal Customer,37,Business Travel,Eco,399,1,1,1,3,2,1,2,2,3,1,3,4,2,2,0,3,FALSE
Female,Loyal Customer,41,Personal Travel,Eco,663,3,5,3,2,3,3,2,3,1,3,2,3,3,2.77,26,12,FALSE
Male,Loyal Customer,41,Business Travel,Business,2169,3,3,3,3,5,4,5,4,4,4,4,3,5,3.85,37,30,TRUE
Female,Disloyal Customer,30,Business Travel,Business,408,3,3,3,1,3,3,3,3,3,5,4,3,3,3.08,0,0,FALSE
Male,Loyal Customer,23,Business Travel,Business,2442,3,3,3,3,5,4,5,5,4,5,5,4,5,4.15,0,0,TRUE
Female,Loyal Customer,40,Business Travel,Business,2704,4,4,5,4,4,4,4,4,4,4,4,4,4,4.08,0,0,TRUE
Female,Loyal Customer,45,Business Travel,Business,2351,3,3,3,3,5,5,5,3,3,4,3,5,4,3.77,0,0,TRUE
Male,Disloyal Customer,38,Business Travel,Business,216,4,4,4,4,4,4,4,4,2,4,4,2,4,3.69,6,12,TRUE
Male,Disloyal Customer,27,Business Travel,Business,1041,4,4,4,2,5,4,4,5,4,4,4,5,5,4.15,0,0,TRUE
Female,Loyal Customer,46,Business Travel,Business,3117,1,1,2,1,3,5,4,4,4,4,4,4,3,3.08,36,48,TRUE
Male,Loyal Customer,58,Business Travel,Business,964,3,3,3,3,5,5,4,1,1,2,1,3,4,2.92,85,84,TRUE
Female,Loyal Customer,22,Personal Travel,Eco,130,2,0,0,4,1,0,1,1,5,5,5,3,1,2.15,0,21,FALSE
Male,Disloyal Customer,21,Business Travel,Eco,594,3,2,3,4,2,3,2,2,3,3,3,2,2,2.62,1,0,FALSE
Female,Loyal Customer,36,Personal Travel,Eco,163,4,4,4,4,3,4,3,3,3,5,5,5,3,3.85,0,0,FALSE
Male,Loyal Customer,43,Business Travel,Business,2029,1,2,2,2,4,3,3,1,1,1,1,1,2,1.85,0,6,FALSE
Male,Loyal Customer,21,Personal Travel,Business,853,2,4,2,3,5,2,5,5,3,2,4,4,5,3.54,0,3,FALSE
Female,Loyal Customer,62,Business Travel,Eco,414,5,2,2,2,3,1,4,5,5,5,5,2,3,3.38,96,90,TRUE
Male,Disloyal Customer,25,Business Travel,Business,240,2,0,3,4,2,3,4,2,4,4,4,4,2,2.92,4,3,FALSE
Male,Loyal Customer,38,Personal Travel,Eco,257,1,3,1,3,2,1,2,2,1,5,3,2,2,2.15,0,0,FALSE
Female,Loyal Customer,21,Personal Travel,Business,1027,2,5,2,1,5,2,5,5,3,4,5,3,5,3.62,0,1,FALSE
Female,Loyal Customer,24,Business Travel,Business,361,3,2,2,2,3,3,3,3,4,5,3,1,3,2.85,0,12,FALSE
Female,Loyal Customer,36,Business Travel,Business,337,5,5,5,5,5,3,3,4,4,4,4,2,4,4.08,16,23,TRUE
Female,Disloyal Customer,24,Business Travel,Eco,692,3,2,2,3,4,2,4,4,2,4,4,2,4,3.08,15,2,FALSE
Male,Loyal Customer,24,Personal Travel,Eco,651,4,4,4,3,2,4,2,2,3,4,4,5,2,3.31,0,0,FALSE
Male,Loyal Customer,30,Business Travel,Business,1943,2,2,2,2,5,5,5,5,5,3,3,4,5,3.69,0,5,TRUE
Male,Loyal Customer,59,Business Travel,Business,1670,5,5,5,5,5,4,4,5,5,5,5,5,5,4.85,0,0,TRUE
Female,Loyal Customer,33,Business Travel,Eco,1825,4,4,4,4,4,4,4,4,2,1,5,3,4,3.62,14,0,TRUE
Male,Loyal Customer,57,Business Travel,Eco,605,1,3,3,3,1,1,1,1,4,5,4,3,1,2.38,21,18,FALSE
Male,Loyal Customer,52,Business Travel,Business,802,4,4,4,4,2,5,5,4,4,4,4,3,3,3.85,0,0,TRUE
Male,Loyal Customer,35,Personal Travel,Eco,1235,3,5,3,1,5,3,5,5,3,2,3,5,5,3.69,0,0,FALSE
Female,Loyal Customer,27,Business Travel,Business,1400,4,4,4,4,5,5,5,5,5,5,5,5,5,4.69,0,5,TRUE
Male,Loyal Customer,67,Personal Travel,Eco,1355,0,2,0,3,2,0,2,2,4,3,3,3,2,2,0,0,TRUE
Female,Loyal Customer,48,Business Travel,Business,2133,1,1,1,1,4,4,1,5,5,5,5,3,4,3.08,72,61,TRUE
Female,Loyal Customer,64,Personal Travel,Eco,1670,2,4,2,3,2,2,3,4,4,2,4,4,1,2.85,3,0,FALSE
Female,Loyal Customer,49,Personal Travel,Eco,399,3,4,3,3,3,4,5,4,4,3,4,4,5,3.77,6,13,FALSE
Male,Loyal Customer,44,Business Travel,Eco,689,2,2,2,2,2,2,2,2,4,1,3,4,2,2.31,0,0,TRUE
Male,Disloyal Customer,22,Business Travel,Business,1157,2,4,2,3,4,2,4,4,4,5,3,3,4,3.38,13,4,FALSE
Male,Loyal Customer,65,Personal Travel,Eco,1276,2,4,2,5,1,2,1,1,3,5,4,3,1,2.62,0,1,FALSE
Male,Loyal Customer,10,Business Travel,Business,731,4,4,4,4,5,5,5,5,3,2,5,3,5,4.15,0,0,TRUE
Female,Loyal Customer,63,Business Travel,Business,337,2,2,2,2,2,4,5,4,4,4,4,3,4,3.23,0,0,TRUE
Male,Loyal Customer,70,Personal Travel,Business,197,2,5,2,3,5,1,1,3,3,2,3,1,5,2.77,2,0,FALSE
Female,Loyal Customer,53,Business Travel,Business,1637,2,2,2,2,3,5,5,4,4,4,4,5,5,3.62,25,35,TRUE
Female,Loyal Customer,53,Personal Travel,Eco,309,2,3,4,3,3,4,4,4,4,4,4,4,4,3.62,0,0,FALSE
Female,Loyal Customer,29,Business Travel,Business,849,3,3,3,3,3,3,3,3,2,5,4,2,3,3.08,22,8,FALSE
Female,Loyal Customer,71,Business Travel,Eco,337,5,1,1,1,3,4,1,5,5,5,5,5,1,3.23,0,0,TRUE
Female,Loyal Customer,29,Business Travel,Business,1357,4,4,4,4,4,4,4,4,4,3,5,3,4,3.92,3,0,TRUE
Male,Loyal Customer,48,Business Travel,Business,3948,5,5,5,5,2,4,4,5,5,5,5,4,4,4.46,0,0,TRUE
Male,Disloyal Customer,26,Business Travel,Business,361,3,3,3,1,3,3,1,3,4,3,4,3,3,2.85,0,0,FALSE
Male,Loyal Customer,31,Business Travel,Business,448,5,5,5,5,2,3,2,2,4,2,5,3,2,3.46,0,3,TRUE
Male,Loyal Customer,9,Business Travel,Eco Plus,580,2,4,3,3,2,1,4,2,3,5,4,4,2,3,31,15,FALSE
Male,Loyal Customer,55,Business Travel,Eco,964,2,1,3,1,2,2,2,2,2,3,4,1,2,2.08,0,0,FALSE
Male,Loyal Customer,27,Business Travel,Business,2586,4,4,4,4,4,4,4,4,4,4,5,3,4,4,4,0,TRUE
Female,Loyal Customer,67,Business Travel,Business,264,4,5,5,5,1,4,4,4,4,4,4,3,2,3.77,0,0,FALSE
Female,Loyal Customer,13,Personal Travel,Eco,373,2,1,3,3,5,3,5,5,4,3,2,4,5,3.46,0,0,FALSE
Male,Disloyal Customer,24,Business Travel,Eco,1035,1,1,1,3,4,1,4,4,5,1,2,3,4,2.62,0,0,FALSE
Female,Loyal Customer,34,Personal Travel,Eco,338,2,5,2,1,3,2,3,3,4,3,4,4,3,3,0,0,FALSE
Female,Loyal Customer,25,Business Travel,Business,1726,1,4,4,4,1,1,1,1,2,5,3,3,1,2.38,14,0,FALSE
Female,Loyal Customer,55,Personal Travel,Eco,364,5,5,5,3,5,4,5,4,4,5,4,5,3,4.38,0,0,TRUE
Male,Loyal Customer,58,Business Travel,Business,3884,1,1,1,1,5,4,5,5,5,5,5,5,3,3.54,0,0,TRUE
Male,Loyal Customer,33,Business Travel,Business,2704,3,3,3,3,4,4,4,4,5,3,4,5,4,3.77,3,21,TRUE
Male,Loyal Customer,54,Business Travel,Eco,192,2,4,4,4,2,2,2,2,4,5,3,4,2,3.08,0,0,FALSE
Female,Disloyal Customer,45,Business Travel,Eco,347,1,0,1,4,3,1,4,3,2,4,2,2,3,2.31,0,9,FALSE
Male,Loyal Customer,56,Business Travel,Business,2071,3,1,1,1,3,3,3,3,3,3,3,3,2,2.46,40,33,FALSE
Male,Loyal Customer,15,Personal Travel,Eco,246,1,4,1,4,4,1,2,4,3,3,5,3,4,3,0,5,FALSE
Male,Loyal Customer,42,Personal Travel,Eco,809,1,4,1,3,5,1,5,5,3,3,3,3,5,3.23,66,52,FALSE
Male,Loyal Customer,52,Personal Travel,Business,1188,2,5,2,1,2,4,5,1,1,2,1,3,5,2.62,21,9,FALSE
Male,Loyal Customer,41,Business Travel,Eco,401,2,5,5,5,2,2,2,1,2,3,3,2,2,2.77,30,134,FALSE
Male,Loyal Customer,60,Business Travel,Eco,213,4,2,2,2,4,4,4,4,3,2,4,3,4,3.23,27,24,TRUE
Male,Loyal Customer,38,Business Travel,Eco,192,4,1,4,1,4,4,4,4,5,3,3,5,4,3.54,0,0,TRUE
Male,Loyal Customer,35,Business Travel,Eco,1076,4,2,2,2,4,4,4,4,3,5,2,1,4,3.15,0,0,TRUE
Male,Loyal Customer,35,Personal Travel,Eco,311,3,5,5,3,1,5,1,1,4,4,5,5,1,3.31,0,0,FALSE
Female,Loyal Customer,26,Personal Travel,Eco,992,4,4,3,4,4,3,5,4,3,4,4,4,4,3.85,110,107,FALSE
Female,Loyal Customer,30,Personal Travel,Eco,621,3,4,3,5,4,3,4,4,4,5,5,5,4,4.08,0,0,FALSE
Female,Loyal Customer,33,Personal Travel,Eco,771,5,5,5,3,3,5,2,3,4,5,4,5,3,4,103,98,TRUE
Female,Loyal Customer,53,Business Travel,Business,2442,4,4,4,4,5,5,5,3,2,5,5,5,5,4.31,137,166,TRUE
Female,Loyal Customer,21,Business Travel,Business,829,5,5,5,5,4,4,4,4,5,5,2,2,4,4.15,0,0,TRUE
Male,Loyal Customer,37,Business Travel,Business,528,4,4,3,4,4,4,5,5,5,5,5,5,5,4.46,0,0,TRUE
Female,Loyal Customer,47,Business Travel,Business,317,3,1,1,1,4,4,3,3,3,3,3,4,4,2.85,19,6,FALSE
Female,Loyal Customer,45,Business Travel,Eco,224,5,3,3,3,3,5,2,5,5,5,5,3,5,4,0,0,TRUE
Female,Loyal Customer,46,Business Travel,Business,2279,5,5,4,5,4,4,4,4,4,5,4,4,4,4.31,0,0,TRUE
Male,Loyal Customer,50,Personal Travel,Eco,191,2,4,2,3,2,2,3,2,4,4,5,4,2,3,0,7,FALSE
Female,Loyal Customer,29,Personal Travel,Eco,581,1,5,1,3,1,1,1,1,4,5,5,5,1,2.62,0,0,FALSE
Female,Loyal Customer,61,Personal Travel,Eco,2979,4,4,4,3,4,2,2,5,2,3,5,2,2,3.23,0,0,TRUE
Male,Loyal Customer,9,Personal Travel,Eco Plus,2475,1,1,1,3,1,1,5,1,1,2,3,1,1,1.69,6,15,FALSE
Male,Loyal Customer,35,Business Travel,Business,604,3,3,3,3,4,4,5,5,5,5,5,5,4,4.15,0,0,TRUE
Female,Loyal Customer,33,Business Travel,Business,78,5,5,4,5,1,3,4,5,5,5,5,2,5,4.15,0,0,TRUE
Male,Disloyal Customer,27,Business Travel,Eco,733,3,3,3,4,3,3,3,3,3,2,4,4,3,3.15,2,8,FALSE
Male,Loyal Customer,53,Business Travel,Business,2923,1,1,1,1,2,4,5,4,4,4,4,3,3,2.85,0,0,TRUE
Male,Loyal Customer,62,Personal Travel,Eco,266,3,4,3,2,3,3,3,3,2,2,1,2,3,2.62,0,0,FALSE
Female,Loyal Customer,55,Business Travel,Eco,126,3,1,1,1,3,3,3,2,2,3,2,2,1,2.08,0,0,FALSE
Female,Disloyal Customer,19,Business Travel,Eco,116,4,4,4,4,2,4,2,2,3,3,3,2,2,3,0,5,FALSE
Female,Loyal Customer,73,Business Travel,Business,2047,2,3,3,3,2,3,4,4,4,4,2,3,2,3,3,12,FALSE
Male,Disloyal Customer,17,Business Travel,Eco,429,1,4,1,3,2,1,2,2,1,4,3,4,2,2.31,23,18,FALSE
Female,Loyal Customer,41,Personal Travel,Eco,265,3,3,0,2,2,0,2,2,4,4,5,3,2,2.46,49,77,FALSE
Male,Loyal Customer,53,Business Travel,Business,366,2,2,2,2,3,5,4,4,4,4,4,5,4,3.46,0,0,TRUE
Female,Loyal Customer,47,Business Travel,Business,3892,3,3,3,3,3,5,4,4,4,4,4,3,4,3.62,0,0,TRUE
Male,Disloyal Customer,28,Business Travel,Eco,261,1,3,1,2,3,1,3,3,3,3,3,2,3,2.38,0,0,FALSE
Male,Loyal Customer,7,Personal Travel,Eco,888,2,3,2,1,2,2,2,2,5,1,4,4,2,2.46,0,18,FALSE
Male,Loyal Customer,57,Business Travel,Business,2495,1,5,5,5,2,4,3,1,1,1,1,4,2,2.69,128,128,FALSE
Female,Loyal Customer,33,Personal Travel,Eco,545,2,3,2,2,3,2,3,3,4,2,3,4,3,2.77,0,0,FALSE
Male,Disloyal Customer,55,Business Travel,Business,280,5,2,2,1,4,5,4,4,4,2,4,3,4,3.38,0,0,TRUE
Female,Loyal Customer,22,Business Travel,Business,557,5,5,4,5,4,5,4,4,4,5,5,5,4,4.54,0,6,TRUE
Male,Loyal Customer,61,Business Travel,Eco,270,4,3,3,3,4,4,4,4,1,2,3,3,4,3.23,0,0,FALSE
Male,Loyal Customer,50,Business Travel,Business,3281,3,3,3,3,5,4,5,4,4,4,4,4,3,3.77,0,0,TRUE
Male,Loyal Customer,51,Business Travel,Business,3743,2,2,2,2,3,5,4,4,4,4,4,5,4,3.46,0,0,TRUE
Male,Disloyal Customer,23,Business Travel,Eco,646,2,0,2,5,3,2,3,3,4,2,4,1,3,2.62,0,2,FALSE
Female,Loyal Customer,26,Business Travel,Business,1894,2,2,2,2,4,4,4,4,5,4,5,3,4,3.46,0,0,TRUE
Female,Loyal Customer,23,Personal Travel,Eco,838,3,5,3,4,2,3,2,2,5,4,5,5,2,3.46,32,11,FALSE
Female,Loyal Customer,54,Personal Travel,Eco,373,3,0,3,3,5,1,5,5,5,3,5,2,4,3.38,0,0,FALSE
Female,Disloyal Customer,37,Business Travel,Business,581,3,2,2,4,4,2,3,4,4,5,4,3,4,3.38,3,0,TRUE
Male,Loyal Customer,67,Personal Travel,Eco,577,4,2,4,2,1,4,1,1,2,1,2,4,1,2.23,0,0,FALSE
Female,Disloyal Customer,42,Business Travel,Eco,236,3,0,3,5,1,3,1,1,3,3,4,2,1,2.31,0,0,FALSE
Male,Loyal Customer,39,Personal Travel,Eco,1489,3,3,3,3,1,3,1,1,3,5,3,2,1,2.46,61,56,FALSE
Female,Loyal Customer,53,Business Travel,Business,2180,4,4,4,4,2,5,4,5,5,5,5,4,4,4.23,90,99,TRUE
Male,Loyal Customer,34,Business Travel,Business,1091,2,2,2,2,4,2,3,5,5,5,5,3,1,3.15,0,0,TRUE
Female,Loyal Customer,41,Personal Travel,Eco,377,4,5,4,2,4,4,4,4,3,5,4,5,4,4,0,0,FALSE
Female,Disloyal Customer,27,Business Travel,Eco,834,3,3,3,3,2,3,2,2,4,3,4,3,2,2.85,0,0,FALSE
Male,Disloyal Customer,22,Business Travel,Eco,632,3,4,3,3,2,3,3,2,4,4,5,5,2,3.31,0,0,FALSE
Female,Loyal Customer,48,Business Travel,Eco,1014,3,1,1,1,3,4,4,3,3,3,3,2,4,2.69,25,31,FALSE
Male,Loyal Customer,70,Business Travel,Business,3490,2,2,2,2,1,3,1,4,4,4,4,1,4,2.62,23,25,TRUE
Male,Disloyal Customer,18,Business Travel,Business,1192,2,4,2,3,3,2,3,3,1,5,4,4,3,3,0,2,FALSE
Female,Loyal Customer,57,Business Travel,Eco,89,2,4,4,4,4,3,3,2,2,2,2,4,1,2.85,0,0,FALSE
Female,Loyal Customer,30,Business Travel,Business,781,2,4,4,4,2,2,2,2,3,4,3,2,2,2.77,0,0,FALSE
Female,Loyal Customer,54,Business Travel,Business,3455,4,4,4,4,2,1,2,5,5,5,5,2,5,3.69,0,0,TRUE
Female,Loyal Customer,20,Personal Travel,Eco,544,3,4,5,2,5,5,5,5,4,2,1,4,5,3.85,0,0,FALSE
Female,Disloyal Customer,26,Business Travel,Business,164,3,0,3,4,4,3,2,4,5,2,4,4,4,3.23,0,0,FALSE
Male,Disloyal Customer,21,Business Travel,Eco,762,3,3,3,3,2,3,2,2,2,4,4,3,2,2.77,0,0,FALSE
Male,Loyal Customer,70,Personal Travel,Eco,2267,4,5,4,2,3,4,3,3,3,3,5,4,3,3.54,0,4,TRUE
Female,Loyal Customer,45,Personal Travel,Eco,1844,1,4,1,4,5,4,4,4,4,1,4,3,3,3.23,34,28,FALSE
Female,Loyal Customer,56,Business Travel,Business,813,4,2,4,4,2,4,4,5,5,4,5,5,5,4.08,81,70,TRUE
Female,Disloyal Customer,29,Business Travel,Business,139,5,5,5,4,5,5,5,5,5,4,4,5,5,4.77,0,0,TRUE
Female,Loyal Customer,70,Personal Travel,Eco,1444,2,3,2,1,5,1,3,5,5,2,5,1,5,3.08,31,16,FALSE
Female,Loyal Customer,53,Business Travel,Business,3310,1,1,1,1,5,5,5,5,5,4,5,3,4,3.46,1,0,TRUE
Male,Loyal Customer,60,Business Travel,Eco,101,4,2,5,5,4,4,4,4,3,3,3,3,4,3.69,23,23,TRUE
Male,Loyal Customer,14,Business Travel,Business,1390,2,2,2,2,2,2,2,2,2,1,3,2,2,2,70,67,FALSE
Male,Loyal Customer,49,Business Travel,Business,1985,0,4,0,4,3,5,5,3,3,3,3,5,5,3.31,31,27,TRUE
Male,Loyal Customer,51,Personal Travel,Eco,1120,2,4,2,4,2,5,5,5,5,4,4,5,5,4,90,134,FALSE
Female,Disloyal Customer,32,Business Travel,Eco,391,2,5,2,1,4,2,4,4,3,4,4,5,4,3.38,82,79,FALSE
Female,Loyal Customer,39,Business Travel,Business,325,1,1,3,1,3,5,4,4,4,4,4,4,3,3.15,1,1,TRUE
Female,Loyal Customer,68,Personal Travel,Eco,562,2,4,2,5,2,4,2,1,1,2,1,3,4,2.54,0,0,FALSE
Female,Loyal Customer,32,Personal Travel,Eco,1444,3,0,3,1,2,3,2,2,5,5,5,4,2,2.85,59,69,FALSE
Male,Loyal Customer,20,Business Travel,Business,1021,2,1,1,1,2,2,2,2,3,5,3,2,2,2.15,0,0,FALSE
Female,Loyal Customer,66,Personal Travel,Eco,547,3,4,3,4,5,2,4,4,4,3,1,4,4,3.46,7,3,FALSE
Female,Disloyal Customer,63,Business Travel,Eco,305,4,1,4,2,2,4,2,2,4,5,1,3,2,2.77,0,0,FALSE
Male,Loyal Customer,59,Personal Travel,Eco,306,2,2,2,3,5,2,5,5,1,2,4,2,5,3.08,0,0,FALSE
Female,Loyal Customer,60,Business Travel,Business,2029,4,4,4,4,3,4,5,5,5,5,5,4,5,4.38,37,39,TRUE
Male,Loyal Customer,59,Business Travel,Business,272,3,3,3,3,4,4,5,5,5,5,5,4,5,4.15,0,10,TRUE
Male,Loyal Customer,33,Personal Travel,Eco,954,2,4,2,1,1,2,1,1,3,5,5,3,1,2.38,99,74,FALSE
Female,Disloyal Customer,28,Business Travel,Business,689,1,1,1,3,1,1,1,1,3,4,4,3,1,1.92,0,17,FALSE
Female,Loyal Customer,52,Business Travel,Business,1733,1,1,1,1,3,3,5,5,5,5,5,4,4,3.31,22,17,TRUE
Female,Loyal Customer,43,Business Travel,Business,2132,3,3,3,3,5,4,5,3,3,4,3,5,3,3.62,15,13,TRUE
Female,Loyal Customer,57,Business Travel,Business,157,1,1,1,1,1,1,3,5,5,5,3,3,4,2.62,0,0,TRUE
Male,Disloyal Customer,16,Business Travel,Eco,174,1,1,1,3,5,1,5,5,1,4,4,1,5,2.85,0,0,FALSE
Female,Loyal Customer,30,Personal Travel,Business,405,1,4,1,4,3,1,3,3,2,2,3,4,3,2.62,0,0,FALSE
Male,Loyal Customer,31,Business Travel,Business,3871,3,3,4,3,4,4,4,4,5,5,4,5,4,4,2,0,TRUE
Female,Loyal Customer,56,Business Travel,Business,1850,1,1,1,1,4,4,5,5,5,4,5,5,4,3.46,0,0,TRUE
Female,Loyal Customer,40,Business Travel,Business,1610,3,3,3,3,4,2,4,3,3,4,5,1,3,3.15,0,0,TRUE
Female,Disloyal Customer,25,Business Travel,Business,696,3,4,3,2,5,3,5,5,3,5,5,3,5,3.92,0,0,FALSE
Female,Loyal Customer,46,Personal Travel,Eco Plus,226,2,1,2,2,1,2,1,1,1,2,1,2,2,1.54,0,0,FALSE
Male,Loyal Customer,54,Business Travel,Business,293,5,5,5,5,2,5,4,4,4,5,4,4,3,4.23,20,21,TRUE
Male,Loyal Customer,9,Personal Travel,Eco,888,1,4,1,3,2,1,5,2,2,1,4,2,2,2.31,13,0,FALSE
Female,Disloyal Customer,32,Business Travel,Business,401,4,4,4,2,4,4,4,4,3,2,4,4,4,3.62,12,4,FALSE
Male,Loyal Customer,62,Personal Travel,Eco,1014,2,3,2,4,5,2,5,5,4,2,4,1,5,3.38,33,27,FALSE
Male,Loyal Customer,51,Business Travel,Business,370,5,5,5,5,4,4,5,4,4,4,4,5,5,4.54,0,0,TRUE
Female,Loyal Customer,31,Personal Travel,Eco,1197,2,5,2,4,1,2,1,1,1,5,4,3,1,2.46,0,0,FALSE
Female,Disloyal Customer,19,Business Travel,Eco,1242,2,2,2,1,2,2,2,2,3,3,5,3,2,2.38,8,0,TRUE
Male,Disloyal Customer,25,Business Travel,Eco,383,1,3,1,2,3,1,3,3,4,5,3,2,3,2.62,12,12,FALSE
Male,Loyal Customer,53,Personal Travel,Eco,689,3,5,3,4,4,3,4,4,4,2,5,4,4,3.77,2,0,FALSE
Male,Loyal Customer,52,Business Travel,Business,3785,4,4,4,4,2,4,4,4,4,4,4,4,5,3.92,0,0,TRUE
Female,Loyal Customer,58,Business Travel,Business,297,4,3,3,3,3,3,3,4,4,3,4,1,3,3.15,0,1,FALSE
Female,Loyal Customer,62,Personal Travel,Eco,489,4,1,4,2,4,2,3,1,1,4,1,4,1,2.46,0,0,FALSE
Male,Loyal Customer,52,Personal Travel,Eco,719,2,5,2,5,1,2,2,1,3,3,5,4,1,2.77,0,0,FALSE
Male,Loyal Customer,27,Personal Travel,Business,862,2,2,2,4,1,2,1,1,4,3,4,3,1,2.31,12,12,FALSE
Female,Loyal Customer,41,Business Travel,Business,3705,1,1,1,1,2,4,4,4,4,4,4,5,4,3,0,0,TRUE
Female,Loyal Customer,26,Personal Travel,Eco,1147,2,5,2,3,2,1,2,5,2,5,5,2,2,2.92,154,139,FALSE
Male,Disloyal Customer,38,Business Travel,Business,472,2,2,2,3,5,2,4,5,3,3,3,3,5,3.23,85,72,FALSE
Male,Loyal Customer,42,Personal Travel,Eco,1310,4,4,4,4,4,5,3,5,3,4,5,3,3,3.92,183,183,TRUE
Male,Loyal Customer,39,Business Travel,Business,719,4,4,4,4,2,5,4,4,4,4,4,4,3,3.85,47,54,TRUE
Male,Disloyal Customer,45,Business Travel,Business,1440,3,3,3,3,5,3,5,5,4,3,4,5,5,3.92,0,0,FALSE
Male,Loyal Customer,19,Business Travel,Eco,539,3,1,1,1,3,3,1,3,3,5,3,3,3,2.54,12,14,FALSE
Female,Loyal Customer,58,Business Travel,Business,1749,2,2,2,2,3,3,4,5,5,5,5,4,5,3.62,0,0,TRUE
Female,Loyal Customer,68,Business Travel,Business,3535,4,2,5,2,2,3,3,4,4,4,4,4,3,3.38,31,21,FALSE
Male,Loyal Customer,41,Business Travel,Business,447,1,1,1,1,2,2,1,4,4,4,4,4,2,2.38,0,0,TRUE
Male,Loyal Customer,52,Business Travel,Business,224,4,5,5,5,1,4,4,4,4,4,4,3,4,3.92,0,0,FALSE
Male,Loyal Customer,44,Business Travel,Business,159,0,5,0,3,2,4,4,4,4,4,1,4,4,3,36,39,TRUE
Female,Loyal Customer,45,Business Travel,Business,2454,2,2,2,2,5,5,5,4,5,5,4,5,5,3.92,39,46,TRUE
Male,Disloyal Customer,20,Business Travel,Eco,829,3,3,3,3,4,3,4,4,3,1,3,1,4,3,46,16,FALSE
Female,Loyal Customer,22,Business Travel,Business,331,0,0,0,2,3,3,3,3,4,4,3,5,3,2.54,0,0,TRUE
Female,Loyal Customer,47,Business Travel,Business,197,2,5,4,4,1,2,3,1,1,1,2,2,1,2.23,0,0,FALSE
Male,Loyal Customer,32,Personal Travel,Eco,594,4,3,4,4,5,4,4,5,2,2,3,4,5,3.77,4,5,FALSE
Female,Loyal Customer,40,Business Travel,Business,2543,4,4,4,4,5,5,4,3,3,3,3,5,3,3.85,1,0,TRUE
Male,Loyal Customer,47,Business Travel,Business,3796,4,4,4,4,5,4,4,3,3,4,3,3,5,3.85,0,0,TRUE
Female,Loyal Customer,31,Business Travel,Business,834,2,1,5,1,2,2,2,2,4,4,3,4,2,2.62,0,0,FALSE
Female,Loyal Customer,59,Personal Travel,Eco Plus,391,1,3,1,5,1,2,3,4,4,1,4,1,1,2.38,0,0,FALSE
Female,Loyal Customer,36,Personal Travel,Eco,651,3,4,3,3,1,3,1,1,3,3,5,4,1,2.69,9,1,FALSE
Male,Loyal Customer,37,Business Travel,Business,2094,1,1,1,1,5,4,4,5,5,5,5,4,4,3.46,0,0,TRUE
Female,Loyal Customer,37,Business Travel,Business,140,5,5,5,5,4,4,5,4,4,5,5,3,5,4.54,6,0,TRUE
Male,Loyal Customer,37,Personal Travel,Eco,134,3,3,3,4,5,3,5,5,3,2,4,5,5,3.85,0,0,FALSE
Male,Loyal Customer,47,Personal Travel,Eco,678,2,4,1,3,3,1,3,3,5,3,4,4,3,3,0,0,FALSE
Male,Disloyal Customer,40,Business Travel,Eco,843,4,4,4,3,3,4,3,3,1,4,4,1,3,3.15,0,0,TRUE
Male,Loyal Customer,49,Business Travel,Business,3854,1,1,1,1,2,5,4,4,4,4,4,5,4,3.08,0,0,TRUE
Male,Loyal Customer,50,Business Travel,Business,2725,4,4,4,4,3,5,5,4,4,4,4,3,4,4,0,2,TRUE
Male,Loyal Customer,64,Business Travel,Business,322,2,3,3,3,5,3,4,2,2,2,2,3,4,2.92,0,0,FALSE
Female,Disloyal Customer,39,Business Travel,Business,406,2,2,2,3,3,2,3,3,4,5,5,4,3,3.15,0,4,FALSE
Male,Loyal Customer,32,Business Travel,Business,3510,4,3,4,4,4,4,5,4,3,4,4,5,4,4,0,0,TRUE
Female,Loyal Customer,43,Personal Travel,Eco,759,2,5,2,3,5,5,5,1,1,2,1,5,3,3.08,24,14,FALSE
Male,Loyal Customer,60,Business Travel,Business,674,1,1,1,1,4,4,5,2,2,2,2,4,4,2.54,0,14,TRUE
Female,Loyal Customer,20,Business Travel,Business,1491,5,5,5,5,4,4,4,4,4,2,5,3,4,4.15,21,8,TRUE
Male,Loyal Customer,48,Business Travel,Eco Plus,1499,3,1,1,1,3,3,3,3,2,2,2,4,3,2.38,12,11,TRUE
Female,Loyal Customer,34,Business Travel,Eco Plus,645,4,1,1,1,4,4,4,4,4,2,3,1,4,2.85,89,82,TRUE
Male,Loyal Customer,49,Personal Travel,Eco Plus,873,3,4,3,3,3,3,3,3,4,3,3,3,3,3.15,0,0,FALSE
Female,Loyal Customer,8,Personal Travel,Eco Plus,985,2,1,2,1,4,2,4,4,3,1,2,2,4,2.46,0,0,FALSE
Male,Disloyal Customer,39,Business Travel,Eco,369,2,2,2,4,3,2,3,3,1,1,4,2,3,2.46,0,0,FALSE
Female,Disloyal Customer,26,Business Travel,Business,541,3,0,3,5,5,3,5,5,3,4,4,3,5,3.69,5,6,FALSE
Female,Loyal Customer,59,Business Travel,Business,1585,4,5,5,5,3,4,4,2,2,2,4,4,1,3.46,0,0,FALSE
Male,Loyal Customer,21,Personal Travel,Eco,1972,1,4,0,2,1,0,1,1,5,3,5,4,1,2.15,16,3,FALSE
Female,Disloyal Customer,44,Business Travel,Eco,721,2,2,2,4,1,2,2,1,4,1,4,1,1,2.08,0,0,FALSE
Male,Disloyal Customer,22,Business Travel,Business,1045,5,4,5,5,5,5,5,5,4,3,5,5,5,4.69,17,9,TRUE
Male,Loyal Customer,40,Business Travel,Business,3866,2,2,2,2,4,4,4,3,3,3,3,4,4,3.08,17,15,TRUE
Female,Loyal Customer,65,Business Travel,Eco,192,5,2,2,2,1,5,5,5,5,5,5,1,4,3.62,0,0,TRUE
Male,Loyal Customer,39,Personal Travel,Eco,630,1,2,1,4,3,1,5,3,3,5,4,3,3,2.92,2,1,FALSE
Male,Loyal Customer,52,Personal Travel,Eco,89,3,4,3,5,1,3,3,1,1,2,3,1,1,2.38,16,13,FALSE
Male,Loyal Customer,41,Business Travel,Business,3516,5,5,2,5,4,5,4,4,4,5,4,3,5,4.23,3,0,TRUE
Female,Loyal Customer,61,Business Travel,Eco Plus,304,5,5,5,5,2,5,1,5,5,5,5,5,1,4.15,4,22,TRUE
Female,Loyal Customer,40,Personal Travel,Eco,391,2,4,2,4,5,2,5,5,3,4,5,4,5,3.85,58,65,FALSE
Male,Loyal Customer,51,Business Travel,Business,150,1,1,1,1,3,4,5,5,5,5,4,4,3,3.23,0,0,TRUE
Female,Disloyal Customer,20,Business Travel,Eco,316,1,0,1,4,5,1,5,5,1,3,2,1,5,2.62,4,0,FALSE
Female,Loyal Customer,48,Business Travel,Business,631,2,2,2,2,3,4,4,3,3,4,3,5,3,3.08,3,0,TRUE
Male,Disloyal Customer,26,Business Travel,Eco,612,3,2,2,3,4,2,4,4,4,3,3,4,4,3.23,0,21,FALSE
Female,Loyal Customer,57,Personal Travel,Eco,265,3,5,3,1,4,5,1,5,5,3,5,2,5,3.62,0,0,FALSE
Female,Loyal Customer,8,Personal Travel,Eco,1188,2,2,2,3,2,2,2,2,1,1,3,2,2,2,0,0,FALSE
Female,Loyal Customer,56,Business Travel,Business,446,5,5,2,5,2,4,4,2,2,2,2,3,5,3.31,0,0,TRUE
Female,Disloyal Customer,26,Business Travel,Eco,116,1,0,1,4,3,1,2,3,4,4,4,2,3,2.46,0,0,FALSE
Male,Loyal Customer,47,Business Travel,Eco Plus,345,1,1,1,1,1,1,1,1,2,5,4,1,1,1.62,6,10,FALSE
Female,Loyal Customer,61,Business Travel,Eco,1943,2,2,2,2,5,3,3,2,2,2,2,4,2,2.54,0,0,FALSE
Female,Loyal Customer,67,Personal Travel,Business,2077,5,4,4,2,3,5,5,3,3,4,3,3,3,3.62,0,0,TRUE
Female,Loyal Customer,35,Business Travel,Business,288,3,3,3,3,4,1,5,4,4,4,4,2,1,3.15,0,0,TRUE
Male,Loyal Customer,55,Business Travel,Business,317,4,3,3,3,3,1,2,4,4,4,4,1,1,2.85,16,21,FALSE
Male,Loyal Customer,63,Personal Travel,Eco,1771,1,2,1,3,1,1,1,1,4,4,3,2,1,1.92,0,6,FALSE
Female,Loyal Customer,52,Business Travel,Business,1945,3,3,3,3,4,5,4,5,5,5,5,3,4,4,4,19,TRUE
Female,Disloyal Customer,40,Business Travel,Business,458,3,3,3,1,3,3,3,3,5,5,4,4,3,3.31,0,0,FALSE
Female,Loyal Customer,59,Business Travel,Eco,1269,2,4,4,4,5,3,4,2,2,2,2,3,1,2.92,0,0,FALSE
Female,Loyal Customer,64,Business Travel,Eco Plus,331,5,3,3,3,2,1,4,5,5,5,5,1,4,3.54,38,35,TRUE
Male,Disloyal Customer,38,Business Travel,Eco,404,1,0,2,5,4,2,4,4,2,2,5,2,4,2.85,0,1,FALSE
Female,Loyal Customer,29,Personal Travel,Eco,122,3,2,3,2,3,3,2,3,1,1,3,2,3,2.38,0,0,FALSE
Male,Loyal Customer,57,Business Travel,Business,563,2,2,2,2,5,5,4,5,5,5,5,4,4,3.85,0,0,TRUE
Male,Loyal Customer,30,Business Travel,Business,2748,1,1,1,1,1,1,1,1,1,3,4,2,1,1.46,0,0,FALSE
Male,Loyal Customer,49,Business Travel,Business,3651,3,3,3,3,5,5,5,4,4,4,4,3,3,3.77,0,0,TRUE
Male,Loyal Customer,44,Personal Travel,Eco,151,3,2,3,3,5,3,5,5,3,1,4,1,5,3.31,66,54,FALSE
Female,Loyal Customer,54,Personal Travel,Eco,2434,3,4,2,2,2,4,4,4,3,4,4,4,4,3.38,2,5,FALSE
Female,Loyal Customer,67,Personal Travel,Eco,1121,1,4,1,1,5,5,4,5,5,1,5,3,3,3.31,49,57,FALSE
Female,Loyal Customer,13,Personal Travel,Eco,781,1,4,1,4,5,1,5,5,3,5,4,4,5,3.62,15,6,FALSE
Male,Loyal Customer,43,Business Travel,Business,913,4,4,4,4,5,1,1,3,3,3,3,2,1,2.92,30,12,TRUE
Male,Loyal Customer,67,Personal Travel,Eco,651,3,3,3,4,4,3,4,4,1,4,4,3,4,3.38,0,0,FALSE
Male,Loyal Customer,9,Personal Travel,Eco Plus,280,3,5,3,3,5,3,5,5,4,2,4,3,5,3.85,0,0,FALSE
Male,Loyal Customer,49,Business Travel,Business,191,3,3,3,3,5,4,5,4,4,4,5,3,4,3.85,0,0,TRUE
Male,Loyal Customer,41,Business Travel,Business,191,0,5,0,4,1,3,1,5,5,2,2,1,1,2.31,0,2,TRUE
Male,Loyal Customer,33,Personal Travel,Eco,733,3,2,3,1,4,3,4,4,3,2,1,2,4,2.77,0,0,FALSE
Female,Loyal Customer,12,Business Travel,Business,1035,2,5,5,5,2,2,2,2,2,5,3,4,2,3.15,0,0,FALSE
Female,Loyal Customer,19,Personal Travel,Eco,312,4,2,4,3,2,4,2,2,1,3,3,3,2,2.69,16,10,TRUE
Female,Loyal Customer,45,Business Travel,Business,2966,4,1,1,1,5,4,4,4,4,4,4,1,2,3,29,33,FALSE
Male,Loyal Customer,38,Business Travel,Business,100,5,5,5,5,2,2,4,4,4,4,4,4,4,4,0,0,TRUE
Male,Loyal Customer,67,Personal Travel,Eco,224,1,4,0,3,5,0,5,5,3,2,4,4,5,3.15,36,28,FALSE
Female,Loyal Customer,37,Business Travel,Business,3793,2,5,5,5,2,3,3,2,2,2,2,3,4,3.08,111,112,FALSE
Male,Loyal Customer,59,Business Travel,Business,3820,3,3,3,3,2,2,4,4,4,4,5,1,5,3.31,0,0,TRUE
Female,Loyal Customer,48,Business Travel,Business,678,2,2,2,2,5,4,4,5,5,4,5,3,5,3.69,0,0,TRUE
Male,Loyal Customer,30,Business Travel,Business,1880,4,2,2,2,4,4,4,4,3,2,2,1,4,2.92,1,11,FALSE
Female,Disloyal Customer,40,Business Travel,Business,129,1,1,1,3,4,1,4,4,2,5,4,1,4,2.69,0,0,FALSE
Female,Loyal Customer,32,Personal Travel,Eco,369,5,4,5,2,3,5,3,3,5,3,1,2,3,3.38,0,0,TRUE
Female,Disloyal Customer,29,Business Travel,Business,1306,3,3,3,3,5,3,5,5,3,2,4,5,5,3.77,0,0,FALSE
Male,Loyal Customer,50,Personal Travel,Eco,502,4,5,4,3,1,4,1,1,5,3,5,3,1,3.08,6,17,FALSE
Female,Disloyal Customer,27,Business Travel,Eco,383,2,1,2,2,4,2,4,4,1,2,2,1,4,2.38,4,0,FALSE
Male,Loyal Customer,69,Personal Travel,Eco,253,1,4,1,2,5,1,5,5,4,4,5,5,5,3.62,0,0,FALSE
Female,Disloyal Customer,22,Business Travel,Business,589,4,4,4,5,1,4,4,1,4,4,4,4,1,3.38,2,15,TRUE
Female,Loyal Customer,58,Business Travel,Business,2278,5,5,5,5,5,5,4,5,5,4,5,4,4,4.69,0,0,TRUE
Female,Loyal Customer,22,Personal Travel,Eco,2475,1,4,0,3,4,0,4,4,4,2,4,1,4,2.69,0,0,FALSE
Male,Loyal Customer,26,Personal Travel,Eco,1671,1,1,2,2,4,2,4,4,3,3,2,1,4,2.54,0,0,FALSE
Male,Loyal Customer,64,Business Travel,Eco,130,2,4,4,4,1,2,1,1,1,3,1,3,1,2.15,16,8,TRUE
Male,Loyal Customer,19,Business Travel,Business,3515,2,4,2,2,4,4,4,4,4,3,1,4,4,3.23,0,0,TRUE
Male,Loyal Customer,43,Personal Travel,Eco,671,2,5,2,3,5,2,5,5,2,4,5,1,5,3.54,0,0,FALSE
Female,Disloyal Customer,62,Business Travel,Business,364,2,2,2,4,5,2,3,5,4,2,4,2,5,3.23,1,4,FALSE
Male,Disloyal Customer,26,Business Travel,Business,214,0,5,0,4,4,0,2,4,4,2,4,5,4,2.92,0,0,TRUE
Female,Loyal Customer,32,Business Travel,Business,862,3,3,3,3,3,3,3,3,4,2,4,4,3,3.15,0,20,FALSE
Female,Disloyal Customer,39,Business Travel,Eco,102,1,1,1,4,1,1,1,1,2,4,3,3,1,1.85,0,0,FALSE
Female,Loyal Customer,64,Personal Travel,Eco Plus,594,2,4,2,4,5,3,4,2,2,2,2,4,4,3.08,0,0,FALSE
Female,Loyal Customer,21,Business Travel,Business,228,0,0,0,2,5,5,5,5,3,1,3,5,5,3,0,0,TRUE
Female,Loyal Customer,38,Business Travel,Eco Plus,563,3,3,3,3,3,3,3,3,3,2,5,4,3,3.15,61,47,TRUE
Male,Loyal Customer,12,Personal Travel,Eco,507,1,4,1,2,3,1,4,3,4,3,4,5,3,2.92,0,0,FALSE
Male,Loyal Customer,59,Business Travel,Eco Plus,308,2,5,2,5,2,2,2,2,2,1,1,4,2,2.46,0,0,TRUE
Male,Loyal Customer,50,Business Travel,Eco Plus,1105,4,4,4,4,4,4,4,4,5,2,5,3,4,3.92,0,3,TRUE
Female,Loyal Customer,45,Business Travel,Business,1684,3,3,3,3,5,5,4,4,4,4,4,4,4,3.85,0,0,TRUE
Male,Loyal Customer,43,Business Travel,Business,2447,3,3,3,3,3,3,5,3,3,3,3,4,3,3.23,31,5,TRUE
Male,Loyal Customer,70,Personal Travel,Eco,835,1,4,0,2,5,0,5,5,5,3,5,4,5,3.38,0,0,FALSE
Male,Disloyal Customer,42,Business Travel,Business,4963,2,2,2,5,2,1,1,3,3,4,5,1,1,2.46,1,25,FALSE
Male,Loyal Customer,28,Business Travel,Business,312,5,5,5,5,5,5,5,5,5,3,4,4,5,4.69,52,48,TRUE
Male,Loyal Customer,43,Business Travel,Business,323,0,0,0,4,2,1,4,4,4,4,4,2,3,2.46,3,32,TRUE
Female,Loyal Customer,60,Business Travel,Business,3913,3,3,3,3,2,3,4,3,3,3,3,1,1,2.69,0,0,FALSE
Male,Loyal Customer,23,Personal Travel,Eco,500,4,4,4,2,3,4,3,3,5,4,4,3,3,3.54,0,0,TRUE
Female,Disloyal Customer,19,Business Travel,Eco,1188,4,4,4,3,3,4,3,3,3,3,4,4,3,3.46,0,0,TRUE
Female,Loyal Customer,55,Business Travel,Business,3218,2,2,2,2,2,5,4,5,5,5,4,4,5,3.62,6,1,TRUE
Female,Loyal Customer,44,Personal Travel,Eco,377,5,3,5,2,1,2,3,5,5,5,5,1,1,3.31,0,0,TRUE
Female,Loyal Customer,56,Business Travel,Business,1851,5,5,5,5,2,3,5,4,4,4,4,3,4,4.08,0,0,TRUE
Male,Loyal Customer,7,Personal Travel,Eco,1036,1,5,2,3,1,2,1,1,5,2,5,5,1,2.62,0,0,FALSE
Female,Loyal Customer,48,Business Travel,Business,2683,2,2,2,2,4,4,5,5,5,5,5,5,4,3.85,0,0,TRUE
Male,Disloyal Customer,50,Business Travel,Business,1045,5,5,5,3,4,5,4,4,4,5,5,3,4,4.31,0,0,TRUE
Male,Loyal Customer,36,Business Travel,Business,3753,2,2,2,2,4,4,4,3,3,4,3,2,2,2.85,92,88,TRUE
Female,Loyal Customer,27,Business Travel,Eco Plus,1276,1,3,4,3,1,1,1,1,1,3,4,3,1,2.08,0,0,FALSE
Male,Loyal Customer,39,Business Travel,Business,2654,2,2,2,2,5,5,5,4,4,4,4,3,5,3.62,18,13,TRUE
Male,Loyal Customer,25,Business Travel,Business,762,2,2,2,2,2,2,2,2,2,5,3,1,2,2.23,3,29,FALSE
Male,Loyal Customer,69,Personal Travel,Eco,2077,3,5,3,3,4,3,1,4,4,4,4,3,4,3.46,0,0,FALSE
Male,Loyal Customer,45,Business Travel,Business,250,4,4,4,4,2,4,5,4,4,4,4,3,5,3.92,0,0,TRUE
Male,Loyal Customer,50,Personal Travel,Eco,1747,3,0,3,2,1,3,1,1,3,5,5,3,1,2.38,0,0,FALSE
Female,Loyal Customer,37,Personal Travel,Eco,1096,2,1,2,3,1,2,1,1,4,2,3,2,1,1.92,0,0,FALSE
Male,Loyal Customer,22,Business Travel,Business,3008,5,5,5,5,4,4,4,4,2,3,2,1,4,3.69,0,0,TRUE
Female,Loyal Customer,52,Business Travel,Business,3163,5,5,4,5,2,5,5,4,4,4,4,5,4,4.31,11,3,TRUE
Female,Loyal Customer,49,Business Travel,Business,3955,4,4,4,4,2,5,5,5,5,5,5,3,3,4.15,21,18,TRUE
Female,Loyal Customer,10,Personal Travel,Eco Plus,405,1,4,1,4,4,1,4,4,4,4,4,3,4,3.23,0,0,FALSE
Male,Loyal Customer,58,Business Travel,Business,2322,4,4,4,4,3,4,5,5,5,5,5,4,4,4.31,58,50,TRUE
Female,Loyal Customer,45,Business Travel,Business,2857,4,4,4,4,2,5,5,4,4,4,4,5,5,4.15,0,0,TRUE
Male,Loyal Customer,43,Business Travel,Business,1020,3,1,1,1,2,3,3,3,3,3,3,1,3,2.31,24,5,FALSE
Female,Loyal Customer,45,Business Travel,Business,1947,1,1,1,1,3,3,4,4,4,4,4,4,4,2.92,0,0,TRUE
Female,Loyal Customer,25,Personal Travel,Eco,595,4,4,4,4,3,4,3,3,3,3,4,4,3,3.54,0,0,FALSE
Female,Loyal Customer,28,Personal Travel,Eco,127,2,4,2,1,4,2,1,4,3,3,3,4,4,2.85,5,0,FALSE
Male,Loyal Customer,46,Business Travel,Business,134,3,4,4,4,2,4,4,2,2,2,3,4,3,3.15,0,0,FALSE
Male,Loyal Customer,13,Personal Travel,Eco,588,5,4,5,2,2,4,2,2,5,2,5,5,2,3.46,0,0,TRUE
Male,Loyal Customer,57,Business Travel,Business,483,3,3,3,3,3,5,2,4,4,4,4,5,1,3.38,0,0,TRUE
Female,Loyal Customer,45,Personal Travel,Eco,737,4,5,4,4,5,5,5,4,4,4,4,4,4,4.31,0,0,FALSE
Male,Loyal Customer,46,Business Travel,Business,1756,1,1,1,1,4,4,4,4,4,4,4,3,3,2.92,2,0,TRUE
Female,Loyal Customer,53,Personal Travel,Eco,992,5,4,5,4,5,4,5,4,4,5,4,5,4,4.46,28,20,TRUE
Male,Loyal Customer,40,Business Travel,Business,3278,5,3,5,5,3,5,5,4,4,4,4,4,4,4.23,27,27,TRUE
Female,Loyal Customer,47,Business Travel,Eco,1504,4,5,5,5,1,5,4,4,4,4,4,5,5,4.23,0,0,TRUE
Female,Loyal Customer,42,Personal Travel,Eco Plus,737,2,4,2,2,4,4,5,4,4,2,4,3,5,3.46,60,52,FALSE
Male,Loyal Customer,20,Personal Travel,Eco,247,3,5,3,4,4,3,4,4,3,3,5,5,4,3.85,21,21,FALSE
Female,Loyal Customer,52,Personal Travel,Eco,680,4,4,4,3,4,4,5,2,2,4,2,5,3,3.54,0,0,FALSE
Female,Loyal Customer,59,Business Travel,Business,1023,4,4,4,4,3,4,5,4,4,4,4,5,5,4.15,0,0,TRUE
Female,Loyal Customer,28,Business Travel,Business,621,4,4,4,4,4,4,4,4,3,4,5,3,4,3.92,8,22,TRUE
Male,Loyal Customer,57,Business Travel,Business,3931,4,3,3,3,3,3,3,4,4,4,4,1,4,3.31,0,4,FALSE
Male,Loyal Customer,55,Business Travel,Business,3614,5,5,5,5,2,5,5,4,4,4,4,4,3,4.23,0,0,TRUE
Male,Loyal Customer,42,Business Travel,Eco Plus,191,4,1,1,1,4,4,4,4,5,2,1,4,4,3,0,0,TRUE
Male,Loyal Customer,33,Business Travel,Business,1592,3,3,3,3,4,4,4,4,5,1,3,2,4,3.31,0,0,TRUE
Female,Loyal Customer,67,Personal Travel,Eco,486,4,1,4,3,2,3,3,3,3,4,3,3,3,3,11,2,FALSE
Male,Loyal Customer,55,Business Travel,Business,868,3,3,3,3,3,4,5,4,4,4,4,3,4,3.62,0,0,TRUE
Female,Disloyal Customer,25,Business Travel,Business,735,1,5,1,2,1,1,1,1,4,5,5,4,1,2.46,16,7,FALSE
Female,Loyal Customer,70,Personal Travel,Eco,283,3,5,3,3,5,4,4,2,2,3,2,5,4,3.46,18,12,FALSE
Male,Loyal Customer,37,Business Travel,Business,1892,5,5,5,5,3,4,4,3,3,3,3,4,3,3.85,1,0,TRUE
Female,Loyal Customer,10,Personal Travel,Eco,1749,1,4,1,3,3,1,1,3,3,1,3,3,3,2.31,1,0,FALSE
Male,Loyal Customer,43,Business Travel,Eco,1290,4,1,1,1,3,4,3,3,5,3,3,2,3,2.77,0,0,TRUE
Male,Loyal Customer,26,Business Travel,Business,1598,4,3,3,3,4,4,4,1,4,2,3,4,4,3.31,123,141,FALSE
Male,Loyal Customer,40,Business Travel,Business,3105,1,1,1,1,3,4,4,4,4,4,4,3,5,3,0,0,TRUE
Male,Loyal Customer,62,Business Travel,Eco,2239,1,4,4,4,1,1,1,1,3,4,3,2,1,2.31,0,0,FALSE
Male,Loyal Customer,53,Business Travel,Eco,209,4,3,3,3,4,4,4,4,1,3,3,3,4,3.31,0,0,TRUE
Female,Loyal Customer,58,Business Travel,Eco,679,2,1,1,1,4,3,3,3,3,2,3,2,1,2.23,77,60,FALSE
Male,Loyal Customer,51,Business Travel,Business,1565,4,4,4,4,2,4,4,4,4,4,4,3,4,3.77,0,0,TRUE
Male,Loyal Customer,35,Business Travel,Business,1731,5,5,5,5,2,5,4,5,5,5,5,5,4,4.62,15,4,TRUE
Male,Loyal Customer,70,Personal Travel,Eco,500,3,1,3,3,2,3,2,2,1,3,3,4,2,2.46,0,0,FALSE
Female,Loyal Customer,42,Business Travel,Business,2015,2,2,2,2,1,3,3,4,4,4,5,5,3,3.08,0,0,TRUE
Female,Loyal Customer,68,Personal Travel,Eco,488,4,4,4,3,4,5,5,5,5,4,5,3,5,4.31,31,23,TRUE
Female,Loyal Customer,58,Personal Travel,Eco,1558,2,5,2,4,3,4,4,5,5,2,5,5,3,3.77,7,0,FALSE
Male,Loyal Customer,29,Business Travel,Business,562,1,1,3,3,1,1,1,1,2,5,4,2,1,2,6,8,FALSE
Female,Disloyal Customer,22,Business Travel,Business,1027,2,3,2,3,4,2,4,4,4,3,4,4,4,3.31,7,0,FALSE
Male,Disloyal Customer,23,Business Travel,Eco,110,4,0,4,1,4,4,3,4,2,2,5,1,4,2.92,0,3,TRUE
Male,Loyal Customer,39,Business Travel,Business,861,1,1,1,1,4,4,4,5,5,5,5,5,5,3.54,0,0,TRUE
Female,Loyal Customer,25,Personal Travel,Eco,224,3,4,3,3,2,3,2,2,3,2,5,5,2,3,0,8,FALSE
Male,Loyal Customer,36,Personal Travel,Eco,607,2,5,2,4,2,4,4,4,5,4,4,4,4,3.69,139,195,FALSE
Female,Loyal Customer,31,Business Travel,Eco,334,1,2,2,2,1,1,1,1,1,1,3,3,1,1.54,0,20,FALSE
Male,Disloyal Customer,26,Business Travel,Business,967,4,4,4,4,2,4,2,2,3,4,5,5,2,3.46,0,2,TRUE
Male,Loyal Customer,48,Business Travel,Business,3497,0,1,1,1,5,5,5,3,3,4,4,1,1,2.62,0,0,TRUE
Male,Loyal Customer,11,Personal Travel,Eco,247,1,4,1,4,5,1,5,5,3,3,5,3,5,3.46,23,22,FALSE
Female,Loyal Customer,38,Personal Travel,Business,783,3,4,3,2,2,4,4,3,3,3,3,5,4,3.31,27,22,FALSE
Male,Loyal Customer,47,Personal Travel,Business,546,2,2,2,4,3,4,4,2,2,2,2,1,3,2.54,73,52,FALSE
Male,Loyal Customer,11,Personal Travel,Eco,595,2,4,2,3,3,2,3,3,4,1,4,4,3,2.92,0,0,FALSE
Female,Loyal Customer,42,Business Travel,Eco,978,2,3,3,3,2,3,3,2,2,2,2,1,3,2.38,0,0,FALSE
Male,Loyal Customer,41,Business Travel,Eco,602,2,5,5,5,2,2,2,2,4,4,4,2,2,3.15,1,0,FALSE
Male,Disloyal Customer,23,Business Travel,Eco,903,2,2,2,4,3,2,2,3,3,2,4,4,3,2.77,0,0,FALSE
Female,Loyal Customer,33,Business Travel,Business,2970,3,2,2,2,2,3,3,3,3,3,3,2,1,2.46,10,18,FALSE
Female,Loyal Customer,61,Personal Travel,Eco,862,2,5,2,1,2,4,5,1,1,2,1,4,5,2.69,0,10,FALSE
Male,Loyal Customer,38,Personal Travel,Eco,83,4,3,0,3,1,0,1,1,1,1,3,4,1,1.77,0,0,FALSE
Female,Loyal Customer,9,Personal Travel,Eco,1744,2,4,2,2,1,2,1,1,4,2,3,4,1,2.23,1,32,FALSE
Female,Disloyal Customer,27,Business Travel,Business,2422,1,1,1,4,1,1,1,4,3,4,4,1,1,2.08,0,0,FALSE
Female,Loyal Customer,47,Business Travel,Business,3322,5,5,5,5,2,4,5,5,5,5,5,4,3,4.46,37,49,TRUE
Male,Loyal Customer,58,Business Travel,Business,1389,4,4,4,4,2,4,5,4,4,4,4,4,3,3.85,13,10,TRUE
Female,Loyal Customer,47,Business Travel,Business,2861,3,3,3,3,3,5,4,5,5,5,5,4,3,3.92,2,0,TRUE
Male,Loyal Customer,43,Business Travel,Business,1500,2,2,2,2,1,3,4,4,4,4,4,5,3,3.08,18,2,TRUE
Female,Loyal Customer,33,Business Travel,Business,583,4,3,3,3,3,4,3,4,4,3,4,3,4,3.46,0,0,FALSE
Female,Loyal Customer,44,Business Travel,Business,1978,1,1,3,1,5,4,5,2,2,3,2,4,4,2.85,0,0,TRUE
Female,Loyal Customer,77,Business Travel,Business,1682,1,3,3,3,3,2,3,1,1,1,1,2,2,2,0,0,FALSE
Female,Loyal Customer,25,Business Travel,Business,270,0,0,0,3,3,3,3,3,3,2,5,3,3,2.38,0,8,TRUE
Male,Loyal Customer,63,Personal Travel,Eco,1276,3,4,3,4,5,3,1,5,3,2,3,4,5,3.46,0,0,FALSE
Female,Loyal Customer,69,Personal Travel,Eco,189,3,4,3,3,2,5,4,4,4,3,4,3,3,3.46,13,18,FALSE
Female,Loyal Customer,68,Personal Travel,Eco,371,4,0,4,3,3,2,3,3,3,4,3,1,4,2.85,19,9,FALSE
Male,Loyal Customer,36,Business Travel,Business,1416,4,4,4,4,1,5,5,3,3,4,3,4,1,3.46,0,0,TRUE
Female,Loyal Customer,36,Business Travel,Eco,347,5,5,5,5,5,5,5,5,5,2,1,3,5,4.31,0,0,TRUE
Female,Loyal Customer,57,Business Travel,Eco,355,4,4,4,4,4,5,1,4,4,4,4,4,1,3.62,0,0,TRUE
Female,Loyal Customer,38,Business Travel,Business,270,1,3,5,5,4,3,4,1,1,1,1,3,3,2.69,0,11,FALSE
Female,Disloyal Customer,37,Business Travel,Eco Plus,109,2,2,2,2,4,2,5,4,1,5,4,4,4,3.15,0,0,FALSE
Male,Loyal Customer,48,Personal Travel,Eco,500,3,4,3,3,3,3,3,3,1,1,3,1,3,2.62,0,0,FALSE
Female,Loyal Customer,25,Business Travel,Eco,2355,4,1,2,2,4,4,4,4,2,5,4,1,4,3.15,0,4,TRUE
Female,Loyal Customer,18,Personal Travel,Eco,957,4,5,4,3,1,4,4,1,3,5,5,3,1,3.31,0,5,TRUE
Male,Disloyal Customer,36,Business Travel,Eco,239,3,1,3,4,3,3,3,3,3,1,3,2,3,2.69,22,19,FALSE
Male,Loyal Customer,60,Business Travel,Eco,2075,2,5,5,5,2,2,2,2,4,1,1,2,2,2.69,137,99,FALSE
Female,Disloyal Customer,25,Business Travel,Business,678,3,0,3,5,5,3,5,5,3,3,5,5,5,3.85,2,0,FALSE
Female,Disloyal Customer,18,Business Travel,Eco,849,3,3,3,2,3,3,3,3,3,2,5,4,3,3.08,6,0,FALSE
Male,Loyal Customer,35,Personal Travel,Eco,448,2,4,2,3,5,2,5,5,1,3,3,4,5,3.38,0,0,FALSE
Male,Loyal Customer,47,Business Travel,Business,1504,4,4,4,4,5,4,5,5,5,5,5,5,3,4.46,48,40,TRUE
Female,Loyal Customer,36,Business Travel,Eco,843,4,5,5,5,4,4,4,4,5,1,2,5,4,4,0,0,TRUE
Male,Disloyal Customer,38,Business Travel,Business,936,2,2,2,4,1,2,1,1,3,5,4,5,1,2.54,0,0,FALSE
Female,Loyal Customer,51,Business Travel,Business,2565,2,2,5,2,3,4,5,4,4,4,4,5,4,3.69,30,33,TRUE
Male,Loyal Customer,30,Personal Travel,Eco,1541,1,5,1,3,2,1,2,2,2,3,4,1,2,2.23,0,0,FALSE
Female,Disloyal Customer,40,Business Travel,Business,883,3,4,4,2,4,4,4,4,2,4,3,4,4,3.54,16,9,FALSE
Female,Loyal Customer,34,Business Travel,Business,1634,3,4,4,4,3,3,3,3,3,3,3,1,3,3.08,0,0,FALSE
Female,Loyal Customer,60,Business Travel,Business,2148,1,1,1,1,5,5,4,4,4,4,4,3,5,3.23,0,0,TRUE
Female,Loyal Customer,56,Business Travel,Business,337,2,2,2,2,4,4,5,4,4,4,4,3,5,3.46,0,2,TRUE
Female,Disloyal Customer,25,Business Travel,Business,214,5,4,5,3,2,5,2,2,5,5,4,4,2,3.69,0,1,TRUE
Female,Loyal Customer,29,Business Travel,Business,2884,4,4,4,4,4,4,4,4,5,3,4,3,4,3.92,0,0,TRUE
Female,Loyal Customer,50,Personal Travel,Business,874,1,2,1,4,4,4,4,3,3,1,3,3,3,2.77,16,,FALSE
Male,Loyal Customer,41,Business Travel,Business,888,1,1,1,1,2,4,5,4,4,4,4,3,3,2.85,19,4,TRUE
Male,Loyal Customer,41,Business Travel,Business,3754,4,4,4,4,1,1,5,4,4,4,4,3,3,3.46,0,0,TRUE
Male,Disloyal Customer,20,Business Travel,Business,562,4,0,4,3,3,4,3,3,3,3,4,3,3,3.08,0,0,TRUE
Female,Disloyal Customer,26,Business Travel,Business,583,2,2,2,3,1,2,1,1,4,5,3,3,1,2.31,6,0,FALSE
Female,Loyal Customer,57,Business Travel,Business,544,2,4,4,4,3,3,3,2,2,2,2,3,4,2.92,0,16,FALSE
Male,Disloyal Customer,21,Business Travel,Eco,944,1,1,1,4,2,1,2,2,4,2,4,4,2,2.31,0,0,FALSE
Male,Loyal Customer,62,Personal Travel,Eco Plus,301,2,4,2,5,1,2,1,1,4,3,5,2,1,2.54,0,0,FALSE
Male,Disloyal Customer,10,Business Travel,Eco,991,3,3,3,4,5,3,5,5,1,5,4,3,5,3.77,1,0,FALSE
Male,Loyal Customer,26,Personal Travel,Eco,882,4,1,4,4,1,4,2,1,4,5,3,3,1,2.85,0,0,FALSE
Male,Loyal Customer,40,Business Travel,Business,3808,2,1,1,1,4,2,4,2,5,3,3,4,4,2.77,218,212,FALSE
Female,Disloyal Customer,25,Business Travel,Business,1124,1,0,1,4,1,1,1,1,3,2,4,4,1,1.85,0,0,FALSE
Male,Disloyal Customer,29,Business Travel,Eco,862,4,4,4,4,5,4,5,5,2,5,3,2,5,4,2,0,FALSE
Male,Loyal Customer,54,Personal Travel,Eco,746,3,2,3,4,5,3,5,5,4,1,3,2,5,3.46,99,101,FALSE
Female,Loyal Customer,39,Personal Travel,Eco,641,3,5,3,2,4,3,4,4,3,4,5,5,4,3.77,0,0,FALSE
Female,Loyal Customer,42,Personal Travel,Eco,999,3,3,3,3,5,5,5,1,1,3,1,4,4,3.15,0,5,FALSE
Female,Disloyal Customer,33,Business Travel,Eco,102,1,4,1,1,1,1,1,1,3,3,2,5,1,1.92,0,1,FALSE
Female,Loyal Customer,58,Business Travel,Business,262,1,1,1,1,3,5,3,4,4,4,4,4,1,2.77,1,0,TRUE
Female,Disloyal Customer,27,Business Travel,Business,862,3,3,3,4,1,3,1,1,3,2,4,3,1,2.46,33,28,FALSE
Male,Loyal Customer,7,Personal Travel,Eco,733,1,5,1,1,5,1,2,5,2,2,3,5,5,2.92,0,0,FALSE
Male,Disloyal Customer,55,Business Travel,Eco,597,1,4,1,3,3,1,3,3,1,3,5,2,3,2.54,5,0,FALSE
Female,Loyal Customer,57,Personal Travel,Eco,1050,5,5,5,1,2,4,5,2,2,5,2,3,4,3.46,0,0,TRUE
Female,Loyal Customer,44,Business Travel,Business,3955,3,3,3,3,3,4,5,4,4,4,4,4,4,3.69,0,0,TRUE
Male,Loyal Customer,31,Business Travel,Business,601,4,1,5,1,4,3,4,4,2,1,2,3,4,2.92,0,0,FALSE
Male,Disloyal Customer,20,Business Travel,Eco,516,4,0,5,3,5,5,5,5,3,3,5,5,5,4.08,0,11,FALSE
Male,Loyal Customer,45,Business Travel,Business,3815,1,0,0,3,5,4,4,2,2,0,2,1,1,1.92,71,72,FALSE
Female,Loyal Customer,8,Personal Travel,Eco,158,2,5,2,4,5,2,5,5,4,4,4,5,5,4,30,22,FALSE
Male,Disloyal Customer,27,Business Travel,Business,1118,2,2,2,3,2,2,4,2,4,2,3,2,2,2.46,111,106,FALSE
Female,Loyal Customer,59,Business Travel,Business,3864,3,3,3,3,2,5,4,5,5,5,5,5,5,4.08,11,9,TRUE
Male,Loyal Customer,48,Business Travel,Eco,579,2,2,4,4,2,2,2,2,2,2,3,2,2,2.38,0,0,FALSE
Female,Loyal Customer,54,Business Travel,Business,2788,2,4,4,4,2,4,4,2,2,2,2,2,3,2.85,9,14,FALSE
Male,Loyal Customer,53,Business Travel,Eco,222,1,2,4,4,1,1,1,1,4,1,3,3,1,2.08,4,7,FALSE
Male,Loyal Customer,33,Business Travel,Business,3286,1,1,1,1,4,4,4,4,2,5,2,5,4,2.92,0,0,TRUE
Female,Loyal Customer,10,Personal Travel,Eco Plus,356,2,5,2,2,1,2,1,1,5,4,4,4,1,2.62,0,0,FALSE
Female,Loyal Customer,35,Personal Travel,Eco,903,4,4,4,3,5,4,5,5,2,5,4,3,5,4.08,0,0,FALSE
Male,Disloyal Customer,43,Business Travel,Business,632,5,5,5,5,2,5,2,2,5,3,4,4,2,3.77,0,0,TRUE
Male,Disloyal Customer,25,Business Travel,Eco,296,1,1,1,4,2,1,2,2,3,3,4,3,2,2.23,52,59,FALSE
Male,Loyal Customer,59,Personal Travel,Business,1182,0,5,0,2,2,3,4,1,1,0,4,3,3,2.15,0,0,TRUE
Female,Loyal Customer,46,Personal Travel,Eco,2442,2,2,2,3,4,3,2,2,2,2,2,2,3,2.38,0,0,FALSE
Female,Loyal Customer,24,Business Travel,Business,562,1,1,1,1,4,4,4,4,5,2,5,3,4,3,64,51,TRUE
Male,Loyal Customer,70,Business Travel,Business,2654,1,1,1,1,2,3,5,4,4,4,4,2,4,2.77,32,41,TRUE
Female,Loyal Customer,25,Business Travel,Business,1890,3,2,2,2,3,3,3,3,1,5,3,2,3,2.69,0,0,FALSE
Male,Loyal Customer,54,Personal Travel,Eco,1609,5,5,5,3,2,5,3,2,5,2,3,3,2,3.46,0,0,TRUE
Female,Loyal Customer,52,Business Travel,Eco,116,5,4,4,4,4,4,2,5,5,5,5,2,5,4.15,0,0,TRUE
Female,Loyal Customer,29,Business Travel,Eco,262,4,5,5,5,4,4,4,4,5,5,2,4,4,4.23,0,0,TRUE
Female,Loyal Customer,40,Business Travel,Business,2034,0,0,0,5,2,5,5,5,5,5,5,3,5,3.46,31,39,TRUE
Male,Loyal Customer,24,Business Travel,Eco Plus,2402,2,3,3,3,2,1,2,2,5,4,4,2,2,2.69,0,0,FALSE
Female,Loyal Customer,35,Personal Travel,Business,315,2,4,2,3,2,5,5,5,5,2,5,4,4,3.69,0,0,FALSE
Female,Disloyal Customer,41,Business Travel,Business,147,2,2,2,2,3,2,3,3,5,1,5,2,3,2.69,0,0,FALSE
Female,Loyal Customer,41,Personal Travel,Eco,432,0,4,0,3,4,0,4,4,2,4,4,2,4,2.69,0,0,TRUE
Male,Loyal Customer,36,Business Travel,Business,3846,3,3,3,3,2,2,2,3,3,3,3,2,4,2.77,0,0,FALSE
Male,Loyal Customer,26,Business Travel,Business,170,2,2,2,2,4,4,4,4,1,2,2,4,4,2.85,26,21,TRUE
Female,Loyal Customer,51,Business Travel,Business,416,4,4,4,4,4,4,5,5,5,5,5,3,4,4.31,0,0,TRUE
Male,Disloyal Customer,30,Business Travel,Eco,496,3,4,3,3,5,3,5,5,4,3,3,2,5,3.69,76,60,FALSE
Female,Loyal Customer,52,Business Travel,Business,316,0,0,0,4,1,1,3,5,4,5,5,3,3,2.62,298,287,TRUE
Male,Loyal Customer,54,Business Travel,Business,2218,3,3,3,3,4,4,5,5,5,5,5,3,5,4.08,0,0,TRUE
Male,Loyal Customer,48,Personal Travel,Eco,606,2,4,2,5,4,2,2,4,5,4,5,5,4,3.69,0,0,FALSE
Female,Loyal Customer,31,Personal Travel,Eco,325,3,5,3,2,5,3,5,5,5,5,5,4,5,4.23,34,29,FALSE
Female,Loyal Customer,14,Personal Travel,Eco,2106,1,2,1,2,1,1,1,1,2,3,2,3,1,1.62,0,10,FALSE
Female,Loyal Customer,26,Business Travel,Eco,621,1,4,4,4,1,2,2,1,4,3,3,2,1,2.46,0,0,FALSE
Male,Loyal Customer,39,Business Travel,Business,3867,4,4,4,4,2,4,4,4,4,4,4,3,5,3.85,5,0,TRUE
Male,Loyal Customer,17,Personal Travel,Eco,305,3,4,2,4,2,2,2,2,5,4,2,4,2,2.92,0,1,FALSE
Female,Loyal Customer,27,Business Travel,Business,837,4,4,4,4,4,4,4,4,4,2,3,2,4,3.62,130,124,TRUE
Male,Loyal Customer,46,Personal Travel,Eco,550,2,3,2,4,4,2,4,4,1,1,4,4,4,3,3,5,FALSE
Male,Loyal Customer,53,Business Travel,Business,2893,1,1,1,1,2,3,3,1,1,1,1,1,1,1.38,3,0,FALSE
Male,Loyal Customer,36,Business Travel,Business,3337,4,1,1,1,3,3,4,2,2,2,4,3,3,2.54,6,0,FALSE
Male,Loyal Customer,62,Business Travel,Business,101,1,1,1,1,4,5,5,4,4,4,3,1,2,2.77,0,0,TRUE
Female,Loyal Customer,42,Business Travel,Business,549,5,5,5,5,3,4,4,4,4,4,4,3,3,4.08,0,0,TRUE
Male,Loyal Customer,52,Business Travel,Eco,226,2,4,4,4,2,2,2,2,3,3,4,4,2,2.92,0,0,FALSE
Male,Loyal Customer,37,Business Travel,Eco,250,4,3,3,3,4,3,4,4,4,5,3,2,4,3.54,0,0,FALSE
Female,Loyal Customer,47,Business Travel,Business,1679,4,4,4,4,4,5,5,5,5,5,5,3,4,4.38,0,0,TRUE
Male,Loyal Customer,37,Personal Travel,Eco,762,3,2,3,3,2,3,2,2,1,1,4,4,2,2.46,0,0,FALSE
Male,Loyal Customer,57,Business Travel,Business,3572,2,2,2,2,5,5,4,5,5,5,5,5,3,3.85,0,0,TRUE
Female,Loyal Customer,57,Personal Travel,Eco Plus,402,3,4,3,3,2,5,5,5,5,3,5,5,4,4,4,0,FALSE
Female,Loyal Customer,37,Personal Travel,Business,1258,3,4,3,2,5,5,4,3,3,3,2,5,4,3.54,65,90,FALSE
Female,Loyal Customer,45,Business Travel,Business,2688,3,3,3,3,5,4,5,3,3,4,3,4,5,3.69,0,0,TRUE
Male,Loyal Customer,55,Business Travel,Business,1090,3,3,3,3,2,5,4,3,3,3,3,5,3,3.31,22,19,TRUE
Female,Loyal Customer,39,Business Travel,Business,2849,2,2,2,2,2,4,5,4,4,5,4,3,3,3.23,0,0,TRUE
Male,Loyal Customer,55,Business Travel,Eco Plus,233,3,1,5,1,3,3,3,1,4,4,4,3,3,2.92,324,290,FALSE
Male,Loyal Customer,7,Personal Travel,Eco,280,3,4,3,3,3,3,5,3,3,2,5,4,3,3.38,0,86,FALSE
Male,Loyal Customer,46,Personal Travel,Eco,594,4,2,4,3,4,4,4,4,1,5,3,2,4,3.38,0,0,TRUE
Male,Loyal Customer,64,Personal Travel,Eco,522,3,5,3,3,5,3,5,5,3,5,5,3,5,4.08,0,0,FALSE
Female,Loyal Customer,22,Personal Travel,Eco,342,2,3,2,1,4,2,4,4,5,1,5,3,4,3.08,43,40,FALSE
Male,Loyal Customer,40,Business Travel,Business,2422,5,5,5,5,5,5,4,5,5,5,5,4,5,4.85,0,0,TRUE
Male,Disloyal Customer,18,Business Travel,Eco,1041,4,4,4,1,4,4,4,4,4,5,4,3,4,3.77,0,0,TRUE
Female,Disloyal Customer,40,Business Travel,Business,197,3,3,3,4,2,3,2,2,3,5,4,4,2,3.08,20,9,FALSE
Male,Loyal Customer,45,Business Travel,Eco Plus,1024,3,2,2,2,2,3,2,2,3,4,3,3,2,2.54,10,10,FALSE
Male,Loyal Customer,31,Business Travel,Business,2033,1,1,1,1,4,4,4,4,4,1,1,4,4,2.62,38,31,TRUE
Female,Loyal Customer,38,Business Travel,Business,3389,4,4,4,4,5,4,4,3,3,2,3,5,3,3.69,0,0,TRUE
Male,Loyal Customer,50,Business Travel,Business,2992,1,1,1,1,2,5,4,2,2,2,2,4,4,2.38,51,45,TRUE
Female,Disloyal Customer,29,Business Travel,Eco Plus,602,4,4,4,4,4,4,4,4,5,4,5,2,4,4,1,0,FALSE
Male,Disloyal Customer,54,Business Travel,Eco,1242,1,1,1,4,2,1,2,2,4,2,4,1,2,2.08,5,0,FALSE
Male,Loyal Customer,39,Personal Travel,Eco,427,1,2,3,4,4,3,4,4,3,2,3,3,4,3.08,0,0,FALSE
Male,Loyal Customer,62,Business Travel,Business,715,4,4,4,4,3,5,5,4,4,4,4,3,3,3.92,10,3,TRUE
Female,Loyal Customer,60,Personal Travel,Eco,853,2,5,3,2,5,4,5,5,5,3,5,4,4,4,29,15,FALSE
Male,Loyal Customer,59,Business Travel,Eco Plus,101,2,5,5,5,2,2,2,2,3,5,5,5,2,3.46,0,3,TRUE
Female,Loyal Customer,50,Personal Travel,Eco,628,1,4,1,3,3,5,5,4,4,1,4,4,3,3.23,0,0,FALSE
Female,Disloyal Customer,25,Business Travel,Business,1014,5,0,5,4,2,5,4,2,5,2,3,4,2,3.31,2,0,TRUE
Female,Loyal Customer,42,Business Travel,Eco,301,2,5,3,5,2,3,3,5,1,1,2,3,3,2.92,134,122,TRUE
Male,Loyal Customer,22,Business Travel,Eco Plus,760,2,1,3,3,2,2,1,2,2,3,3,1,2,2.08,49,47,FALSE
Male,Loyal Customer,60,Business Travel,Business,2052,2,2,2,2,4,4,5,5,5,5,5,4,4,3.77,0,0,TRUE
Female,Loyal Customer,33,Personal Travel,Eco Plus,1085,4,4,5,2,2,5,1,2,4,5,4,3,2,3.31,0,0,FALSE
Female,Loyal Customer,43,Personal Travel,Eco,867,4,4,4,4,4,3,2,3,3,4,3,3,1,3.23,0,1,FALSE
Male,Loyal Customer,58,Personal Travel,Eco,361,0,5,0,3,4,0,4,4,5,4,4,3,4,3.08,11,15,TRUE
Female,Loyal Customer,28,Personal Travel,Eco Plus,98,4,5,0,3,1,0,1,1,3,4,5,5,1,2.54,0,11,FALSE
Female,Disloyal Customer,24,Business Travel,Eco,516,0,0,0,5,3,0,3,3,1,2,2,1,3,1.77,0,0,TRUE
Female,Loyal Customer,39,Business Travel,Business,1958,2,3,3,3,4,3,3,2,2,2,2,1,3,2.54,0,0,FALSE
Male,Loyal Customer,38,Business Travel,Business,2610,4,4,4,4,2,2,4,4,4,4,4,2,2,3.38,0,0,TRUE
Female,Loyal Customer,10,Personal Travel,Eco,1096,3,4,3,1,4,3,4,4,1,4,3,3,4,3.15,0,0,FALSE
Male,Disloyal Customer,59,Business Travel,Business,199,3,3,3,2,1,3,1,1,4,4,5,4,1,2.69,0,0,FALSE
Female,Loyal Customer,40,Personal Travel,Eco,488,2,4,2,2,4,2,2,4,3,5,4,4,4,3.23,1,0,FALSE
Male,Loyal Customer,48,Business Travel,Business,163,3,5,5,5,5,4,3,2,2,2,3,3,4,3.54,5,7,FALSE
Male,Loyal Customer,42,Personal Travel,Eco,861,3,5,3,3,3,3,3,3,5,3,5,4,3,3.54,3,0,FALSE
Female,Loyal Customer,28,Business Travel,Eco,775,4,3,4,4,4,4,4,4,2,4,5,1,4,3.62,0,7,TRUE
Male,Disloyal Customer,26,Business Travel,Eco,907,3,3,3,2,5,3,4,5,3,1,1,1,5,3,7,2,FALSE
Female,Loyal Customer,58,Business Travel,Business,1404,1,2,3,2,5,3,4,1,1,1,1,3,3,2.31,0,0,FALSE
Male,Loyal Customer,44,Business Travel,Business,2611,5,5,5,5,4,4,4,4,5,3,2,4,4,4.15,21,10,TRUE
Female,Loyal Customer,58,Business Travel,Business,1075,2,1,1,1,4,1,1,2,2,2,2,1,2,1.69,13,10,FALSE
Female,Loyal Customer,49,Business Travel,Eco,1024,2,2,2,2,4,2,2,2,2,2,2,3,3,2.31,0,0,FALSE
Female,Loyal Customer,47,Personal Travel,Eco,1304,2,5,2,3,3,4,5,5,5,2,5,3,5,3.77,0,0,FALSE
Female,Loyal Customer,26,Personal Travel,Eco,109,2,2,2,4,5,2,5,5,4,4,4,4,5,3.69,0,0,FALSE
Female,Loyal Customer,16,Personal Travel,Eco,641,2,4,2,2,5,2,5,5,3,5,4,5,5,3.77,27,12,FALSE
Female,Loyal Customer,16,Business Travel,Eco,1096,3,4,4,4,3,3,3,3,3,3,3,4,3,3.31,29,39,FALSE
Female,Disloyal Customer,37,Business Travel,Eco,590,3,2,2,4,5,2,5,5,4,1,4,2,5,3.38,0,3,FALSE
Male,Disloyal Customer,25,Business Travel,Eco,993,3,3,3,1,3,5,5,1,2,5,4,5,5,3.46,15,3,FALSE
Male,Disloyal Customer,56,Business Travel,Eco,128,3,5,3,4,1,3,1,1,1,2,5,4,1,2.62,4,0,FALSE
Male,Loyal Customer,62,Business Travel,Eco,1262,3,1,1,1,3,3,3,3,1,3,3,4,3,2.46,0,0,FALSE
Female,Loyal Customer,16,Business Travel,Eco,834,1,3,3,3,1,1,2,1,2,3,4,3,1,2.15,67,54,FALSE
Male,Loyal Customer,47,Business Travel,Eco Plus,147,3,4,4,4,3,3,3,1,2,3,4,3,3,3.08,184,176,FALSE
Male,Disloyal Customer,21,Business Travel,Eco,445,0,5,0,4,3,0,3,3,3,2,1,5,3,2.46,0,10,TRUE
Male,Loyal Customer,14,Personal Travel,Eco,931,1,4,1,4,4,1,4,4,3,4,4,5,4,3.31,73,83,FALSE
Male,Loyal Customer,53,Business Travel,Eco Plus,489,2,2,3,2,2,2,2,2,1,4,3,3,2,2.31,16,6,FALSE
Male,Disloyal Customer,49,Business Travel,Business,770,2,2,2,1,2,2,2,2,5,5,5,3,2,2.69,77,68,FALSE
Male,Loyal Customer,45,Business Travel,Business,408,4,4,3,4,2,5,4,5,5,5,5,5,3,4.15,0,4,TRUE
Male,Loyal Customer,42,Personal Travel,Eco,305,1,4,1,1,5,1,5,5,4,3,5,5,5,3.46,0,0,FALSE
Male,Disloyal Customer,28,Business Travel,Business,1085,0,0,0,5,5,0,5,5,5,5,5,3,5,3.31,0,0,TRUE
Female,Loyal Customer,58,Business Travel,Business,2078,2,5,5,5,1,4,3,3,3,3,2,3,3,3.23,0,0,FALSE
Male,Loyal Customer,24,Business Travel,Business,2300,2,1,1,1,2,2,2,2,3,1,3,1,2,1.77,0,0,FALSE
Female,Loyal Customer,41,Business Travel,Business,2378,2,2,2,2,4,5,5,4,4,5,4,3,5,3.62,42,38,TRUE
Female,Loyal Customer,77,Business Travel,Business,3708,3,1,1,1,1,2,2,3,3,3,3,4,3,2.31,77,69,FALSE
Female,Disloyal Customer,21,Business Travel,Eco,369,1,2,1,4,1,1,1,1,3,2,4,2,1,1.85,0,0,FALSE
Male,Loyal Customer,30,Business Travel,Business,2992,4,4,4,4,3,4,3,3,4,4,1,4,3,3.46,0,13,TRUE
Female,Loyal Customer,37,Business Travel,Eco Plus,255,4,5,3,5,4,4,4,4,2,5,3,4,4,3.92,8,6,TRUE
Female,Disloyal Customer,33,Business Travel,Eco,67,2,0,2,1,5,2,3,5,3,5,1,4,5,2.92,0,0,FALSE
Female,Loyal Customer,34,Business Travel,Business,1547,2,5,5,5,2,2,2,4,5,3,4,2,2,3.31,252,234,FALSE
Male,Loyal Customer,25,Business Travel,Business,2977,4,4,4,4,5,5,5,5,4,3,5,4,5,4.38,0,0,TRUE
Male,Loyal Customer,53,Business Travel,Business,1833,3,3,3,3,2,4,5,5,5,5,5,4,4,3.92,0,17,TRUE
Female,Loyal Customer,44,Business Travel,Business,2425,2,2,5,2,3,4,5,5,5,5,5,3,4,3.85,0,0,TRUE
Female,Loyal Customer,56,Business Travel,Business,2243,1,1,4,1,2,5,5,4,4,4,4,3,3,3.15,0,4,TRUE
Female,Loyal Customer,13,Personal Travel,Eco,253,3,5,3,2,4,3,3,4,3,3,5,1,4,3.31,0,0,FALSE
Male,Loyal Customer,54,Personal Travel,Eco,396,3,5,3,1,2,3,2,2,4,3,5,5,2,3.08,0,20,FALSE
Male,Loyal Customer,28,Personal Travel,Eco,356,2,2,2,3,2,2,2,2,1,5,4,1,2,2.31,6,5,FALSE
Female,Disloyal Customer,25,Business Travel,Eco Plus,669,0,0,0,5,1,0,1,1,5,2,5,1,1,1.69,0,0,TRUE
Male,Loyal Customer,33,Personal Travel,Eco,748,2,4,2,5,1,2,5,1,3,4,4,3,1,2.85,0,0,FALSE
Male,Loyal Customer,45,Business Travel,Business,3921,3,3,3,3,4,5,5,5,5,5,5,5,5,4.31,0,15,TRUE
Female,Loyal Customer,45,Business Travel,Eco,253,4,3,3,3,2,4,4,5,5,4,5,5,4,3.92,0,0,TRUE
Female,Loyal Customer,49,Personal Travel,Eco,773,2,4,2,4,4,5,5,5,5,2,5,3,3,3.77,0,0,FALSE
Female,Disloyal Customer,36,Business Travel,Eco Plus,145,2,2,2,3,4,2,1,4,4,5,5,1,4,3,0,0,FALSE
Female,Loyal Customer,53,Business Travel,Business,3268,3,3,3,3,4,5,4,4,4,4,4,4,3,3.69,13,25,TRUE
Female,Loyal Customer,52,Personal Travel,Eco,646,2,1,2,2,5,3,2,4,4,2,3,4,1,2.69,52,40,FALSE
Female,Loyal Customer,15,Personal Travel,Eco,1635,3,5,3,4,5,3,5,5,3,3,5,5,5,4.15,7,0,FALSE
Male,Loyal Customer,48,Personal Travel,Eco,335,2,1,2,4,1,2,1,1,1,3,3,2,1,1.85,0,0,FALSE
Male,Loyal Customer,52,Personal Travel,Eco,990,3,2,3,3,5,3,5,5,2,1,3,2,5,3.23,53,28,FALSE
Female,Loyal Customer,53,Business Travel,Business,323,2,2,2,2,2,5,4,4,4,4,4,3,3,3.15,0,1,TRUE
Male,Loyal Customer,33,Business Travel,Business,2088,3,3,3,3,5,4,5,5,2,4,3,1,5,3.54,3,3,TRUE
Male,Loyal Customer,55,Business Travel,Business,2875,2,2,2,2,3,4,5,4,4,4,4,4,5,3.46,0,4,TRUE
Female,Loyal Customer,44,Business Travel,Eco,216,4,1,1,1,5,3,3,4,4,4,4,1,3,2.92,0,0,FALSE
Male,Loyal Customer,69,Personal Travel,Eco,1524,2,4,2,4,3,2,3,3,1,2,2,2,3,2.54,36,15,FALSE
Female,Loyal Customer,9,Personal Travel,Eco,2288,3,2,4,3,3,4,1,3,1,5,4,3,3,3,28,17,FALSE
Female,Disloyal Customer,39,Business Travel,Business,300,3,3,3,3,4,3,4,4,2,4,3,4,4,3.38,23,39,FALSE
Male,Loyal Customer,54,Business Travel,Business,2092,1,1,1,1,4,5,4,5,5,5,5,5,3,3.46,0,0,TRUE
Male,Loyal Customer,44,Business Travel,Business,3939,5,5,5,5,2,4,5,4,4,4,4,5,4,4.31,0,0,TRUE
Male,Loyal Customer,58,Business Travel,Business,1590,5,5,5,5,2,3,5,4,4,4,4,3,3,4,29,7,TRUE
Female,Loyal Customer,49,Business Travel,Business,2813,3,4,4,4,5,2,3,3,3,3,3,4,2,3.31,0,0,FALSE
Female,Loyal Customer,52,Business Travel,Business,3138,2,2,4,2,4,4,4,4,4,4,4,5,3,3.54,13,18,TRUE
Male,Loyal Customer,52,Business Travel,Business,2461,4,4,1,4,3,4,5,5,5,5,5,3,4,4,0,0,TRUE
Female,Loyal Customer,56,Personal Travel,Eco,251,3,5,3,3,3,4,5,1,1,3,1,3,3,2.92,0,0,FALSE
Female,Loyal Customer,31,Business Travel,Business,2467,1,1,1,1,4,4,4,4,5,4,1,1,4,2.69,0,21,TRUE
Male,Loyal Customer,41,Business Travel,Business,1716,4,4,4,4,5,4,4,4,4,4,4,3,4,4,5,0,TRUE
Female,Loyal Customer,35,Business Travel,Business,1024,4,2,1,2,4,3,2,4,4,4,4,3,1,2.92,0,0,FALSE
Female,Loyal Customer,23,Personal Travel,Eco,1010,3,4,3,4,5,3,5,5,3,5,4,1,5,3.85,0,0,FALSE
Male,Loyal Customer,48,Personal Travel,Eco,337,2,4,2,3,2,2,2,2,4,3,5,4,2,2.85,0,0,FALSE
Female,Loyal Customer,19,Personal Travel,Eco,253,3,3,3,4,1,3,1,1,1,5,3,2,1,2.38,11,38,FALSE
Female,Loyal Customer,23,Personal Travel,Eco,190,3,5,3,3,3,3,3,3,5,5,5,4,3,3.69,0,0,FALSE
Male,Disloyal Customer,39,Business Travel,Eco,834,2,2,2,2,4,2,4,4,4,5,2,1,4,2.92,0,0,FALSE
Female,Loyal Customer,67,Personal Travel,Eco,446,2,3,2,2,5,3,3,1,1,2,2,1,1,2.15,0,0,FALSE
Female,Loyal Customer,51,Business Travel,Business,1389,3,3,3,3,2,5,5,4,4,4,4,4,3,3.62,38,8,TRUE
Female,Loyal Customer,52,Business Travel,Business,1605,4,4,4,4,3,4,5,3,3,2,3,5,4,3.69,96,106,TRUE
Male,Loyal Customer,28,Business Travel,Eco,140,4,4,4,4,4,4,4,4,1,5,2,2,4,3.54,19,27,FALSE
Female,Loyal Customer,27,Business Travel,Business,1660,4,4,4,4,4,4,4,4,5,3,4,4,4,4,0,0,TRUE
Male,Loyal Customer,25,Business Travel,Eco Plus,589,4,3,1,3,4,4,4,4,1,1,3,4,4,3.08,5,7,FALSE
Male,Loyal Customer,34,Business Travel,Business,1506,1,5,4,5,2,2,1,1,1,1,1,2,4,2.31,1,0,FALSE
Male,Disloyal Customer,23,Business Travel,Eco,544,4,4,4,5,1,4,1,1,5,2,4,5,1,3.15,0,0,FALSE
Female,Loyal Customer,56,Personal Travel,Eco,872,1,1,1,2,1,2,3,4,4,1,4,3,4,2.38,1,0,FALSE
Female,Disloyal Customer,44,Business Travel,Business,368,1,1,1,4,1,1,1,1,1,2,3,1,1,1.46,0,17,FALSE
Male,Loyal Customer,53,Business Travel,Business,2569,5,5,5,5,2,4,5,4,4,5,4,4,3,4.23,61,69,TRUE
Male,Loyal Customer,31,Business Travel,Eco,1874,4,1,1,1,4,4,4,4,2,5,5,2,4,3.15,2,0,TRUE
Female,Disloyal Customer,22,Business Travel,Business,236,5,0,5,4,2,5,2,2,5,2,5,4,2,3.31,27,18,TRUE
Male,Loyal Customer,65,Personal Travel,Eco,1892,2,1,2,3,2,2,2,2,3,3,2,4,2,2.31,28,10,FALSE
Female,Loyal Customer,52,Business Travel,Business,2425,3,3,3,3,5,5,5,5,3,4,4,5,5,4.08,0,0,TRUE
Male,Loyal Customer,60,Business Travel,Business,507,5,5,5,5,3,5,5,4,4,4,4,3,5,4.38,0,0,TRUE
Male,Loyal Customer,36,Business Travel,Eco,448,4,2,2,2,4,5,4,4,1,2,5,2,4,3.15,0,0,TRUE
Female,Loyal Customer,9,Business Travel,Eco,991,4,3,3,3,4,4,3,4,3,3,4,1,4,3.31,6,23,FALSE
Female,Loyal Customer,21,Personal Travel,Eco,1400,4,4,4,2,2,4,2,2,3,4,3,3,2,3,5,0,FALSE
Female,Loyal Customer,59,Business Travel,Business,3160,3,4,4,4,4,4,3,3,3,3,3,3,1,3.23,21,17,FALSE
Male,Disloyal Customer,42,Business Travel,Business,864,4,4,4,4,4,4,4,4,3,4,4,3,4,3.85,78,71,TRUE
Female,Loyal Customer,32,Business Travel,Eco Plus,503,2,1,1,1,2,2,2,2,3,1,3,4,2,2,47,35,FALSE
Male,Loyal Customer,23,Business Travel,Business,3341,3,5,3,3,5,5,5,1,1,1,2,5,5,3.38,0,0,TRUE
Female,Disloyal Customer,21,Business Travel,Eco,1178,4,4,4,3,4,1,2,3,5,4,4,2,2,3.23,76,102,FALSE
Male,Loyal Customer,56,Personal Travel,Eco,954,3,2,3,3,4,3,4,4,3,2,3,3,4,3.15,0,0,FALSE
Male,Loyal Customer,9,Personal Travel,Eco,452,4,5,4,3,2,4,2,2,2,3,3,5,2,3.15,0,0,TRUE
Female,Loyal Customer,44,Business Travel,Business,2935,3,3,3,3,4,5,5,4,4,4,4,4,4,3.85,32,27,TRUE
Male,Loyal Customer,43,Business Travel,Business,3132,5,5,5,5,2,4,4,5,5,5,5,4,3,4.38,9,0,TRUE
Female,Disloyal Customer,24,Business Travel,Eco,404,1,0,1,5,1,1,1,1,4,5,5,2,1,2.15,0,0,FALSE
Female,Disloyal Customer,40,Business Travel,Business,370,2,2,2,3,3,2,3,3,1,1,5,2,3,2.46,0,0,FALSE
Female,Disloyal Customer,38,Business Travel,Eco,226,3,1,3,3,1,3,1,1,3,1,4,2,1,2.08,30,37,FALSE
Male,Loyal Customer,22,Business Travel,Business,2841,2,2,2,2,3,3,3,3,4,5,1,3,3,2.77,0,0,TRUE
Female,Loyal Customer,48,Business Travel,Business,259,2,2,2,2,5,4,5,4,4,4,4,5,4,3.62,6,1,TRUE
Female,Loyal Customer,37,Business Travel,Eco,986,3,4,4,4,3,3,3,3,3,3,4,5,3,3.46,0,0,TRUE
Female,Loyal Customer,29,Personal Travel,Eco,1056,3,4,3,2,2,3,2,2,2,2,4,3,2,2.62,40,30,FALSE
Male,Disloyal Customer,22,Business Travel,Eco,1703,3,3,3,3,2,3,2,2,4,2,2,2,2,2.54,0,0,FALSE
Female,Loyal Customer,62,Business Travel,Eco,236,3,1,3,3,5,4,4,3,3,3,3,1,3,3,0,0,FALSE
Male,Loyal Customer,30,Personal Travel,Eco,409,1,5,1,2,3,1,3,3,4,5,5,3,3,3,0,4,FALSE
Male,Disloyal Customer,65,Business Travel,Eco,126,2,1,2,2,2,5,1,2,3,1,1,1,1,1.85,195,184,FALSE
Male,Disloyal Customer,20,Business Travel,Eco,802,3,3,3,4,4,3,2,4,5,3,4,4,4,3.54,14,0,FALSE
Male,Loyal Customer,29,Business Travel,Business,758,2,2,2,2,4,3,4,4,3,5,5,3,4,3.31,7,0,TRUE
Female,Loyal Customer,33,Business Travel,Business,1947,4,5,4,4,3,4,4,5,5,5,5,3,4,4.23,0,0,TRUE
Male,Loyal Customer,38,Personal Travel,Eco,300,4,4,4,3,3,4,3,3,5,4,4,5,3,3.77,0,0,FALSE
Female,Disloyal Customer,29,Business Travel,Eco Plus,862,3,3,3,4,1,3,1,1,3,5,3,1,1,2.46,1,0,FALSE
Male,Loyal Customer,75,Business Travel,Eco,399,3,2,2,2,3,3,3,3,4,4,3,3,3,2.92,8,30,FALSE
Male,Loyal Customer,47,Personal Travel,Eco,261,4,4,0,4,3,0,3,3,4,2,3,1,3,2.62,21,25,FALSE
Male,Loyal Customer,61,Personal Travel,Eco Plus,163,1,5,1,2,3,1,3,3,3,5,5,5,3,3.08,0,0,FALSE
Female,Loyal Customer,39,Business Travel,Business,2182,3,3,3,3,2,4,4,4,4,4,4,5,4,3.62,1,15,TRUE
Female,Loyal Customer,66,Business Travel,Business,2928,3,1,1,1,5,3,4,3,3,4,3,3,3,2.85,0,0,FALSE
Male,Loyal Customer,36,Business Travel,Business,2586,4,4,4,4,2,4,5,5,5,5,5,5,5,4.38,7,11,TRUE
Male,Loyal Customer,26,Business Travel,Eco,666,1,2,2,2,1,2,1,1,4,3,2,1,1,1.77,215,232,FALSE
Female,Loyal Customer,13,Personal Travel,Eco,140,3,3,3,3,5,3,5,5,2,5,4,4,5,3.85,0,0,FALSE
Female,Loyal Customer,59,Personal Travel,Eco,2586,3,2,3,3,2,3,3,1,1,3,2,2,1,2.23,0,0,FALSE
Male,Loyal Customer,47,Business Travel,Business,3282,4,4,4,4,3,3,3,4,4,4,4,2,1,3.38,0,0,FALSE
Female,Loyal Customer,48,Personal Travel,Eco,689,2,4,2,3,5,5,4,2,2,2,2,3,4,3.08,0,0,FALSE
Male,Loyal Customer,23,Business Travel,Business,1258,3,3,3,3,4,4,4,4,5,2,4,3,4,3.54,0,3,TRUE
Female,Loyal Customer,40,Personal Travel,Eco,530,2,5,2,3,1,2,1,1,5,2,5,3,1,2.54,0,0,FALSE
Female,Loyal Customer,40,Business Travel,Business,3380,2,2,4,2,5,5,4,3,3,3,3,3,3,3.23,0,0,TRUE
Male,Loyal Customer,69,Personal Travel,Eco,495,3,5,3,5,5,3,5,5,4,5,4,3,5,4.23,21,9,FALSE
Female,Loyal Customer,42,Business Travel,Business,3445,4,4,4,4,5,5,4,5,5,5,5,4,3,4.38,4,0,TRUE
Male,Disloyal Customer,37,Business Travel,Business,393,5,5,5,4,1,5,1,1,5,2,5,4,1,3.38,19,0,TRUE
Male,Loyal Customer,41,Business Travel,Business,2227,1,1,1,1,3,3,4,5,5,5,5,3,4,3.15,0,0,TRUE
Male,Loyal Customer,53,Business Travel,Business,2186,3,5,5,5,4,3,3,3,3,3,3,1,1,3.23,0,8,FALSE
Female,Loyal Customer,20,Business Travel,Business,2586,5,1,5,5,5,4,5,5,4,4,5,3,5,4.31,0,0,TRUE
Male,Loyal Customer,43,Business Travel,Business,1860,3,3,2,3,4,4,4,5,5,5,5,5,3,3.92,25,7,TRUE
Male,Disloyal Customer,26,Business Travel,Business,717,3,3,3,4,1,3,2,1,5,3,5,5,1,3,0,0,FALSE
Male,Loyal Customer,61,Business Travel,Business,207,0,4,0,2,1,2,2,3,3,3,3,1,4,2.15,0,0,TRUE
Male,Loyal Customer,16,Personal Travel,Eco,899,3,5,3,2,3,3,5,3,4,5,5,5,3,3.77,0,0,FALSE
Female,Loyal Customer,63,Personal Travel,Eco,526,1,4,4,3,5,4,4,2,2,4,2,3,5,3.31,0,0,FALSE
Male,Loyal Customer,54,Business Travel,Eco,363,2,4,4,4,2,2,2,2,4,4,4,2,2,2.92,0,0,FALSE
Male,Loyal Customer,68,Personal Travel,Business,1454,2,2,2,4,4,4,4,4,4,2,4,4,3,3.31,0,0,FALSE
Female,Loyal Customer,54,Business Travel,Business,2077,4,4,4,4,3,5,4,5,5,5,5,3,4,4.23,30,0,TRUE
Female,Loyal Customer,31,Business Travel,Business,1988,3,3,1,3,3,4,3,3,1,1,4,4,3,2.77,0,0,TRUE
Male,Loyal Customer,61,Business Travel,Business,1024,4,2,4,4,3,5,3,4,4,4,4,1,4,3.54,4,0,TRUE
Male,Disloyal Customer,21,Business Travel,Business,1111,4,2,5,3,4,5,4,4,5,2,4,5,4,3.92,11,4,TRUE
Male,Loyal Customer,50,Business Travel,Business,3636,2,2,2,2,2,4,3,2,2,2,2,2,1,2.15,0,1,FALSE
Male,Loyal Customer,56,Business Travel,Business,1618,2,2,2,2,5,5,5,3,3,4,3,3,3,3.23,5,0,TRUE
Female,Loyal Customer,44,Business Travel,Business,2405,4,4,4,4,4,5,4,2,2,2,2,5,5,3.62,58,66,TRUE
Female,Disloyal Customer,23,Business Travel,Eco,522,4,3,4,4,3,4,3,3,4,3,5,1,3,3.38,95,105,FALSE
Male,Loyal Customer,56,Business Travel,Business,3473,2,2,2,2,4,4,4,5,5,5,5,3,3,3.54,0,16,TRUE
Male,Loyal Customer,58,Business Travel,Eco,834,1,3,3,3,1,1,1,1,3,5,4,1,1,2.15,0,0,FALSE
Female,Loyal Customer,57,Business Travel,Business,3847,4,4,4,4,3,1,2,5,5,4,3,5,5,3.77,0,1,TRUE
Female,Loyal Customer,49,Business Travel,Business,1735,3,3,3,3,5,4,5,5,5,5,5,5,3,4.15,3,0,TRUE
Male,Loyal Customer,37,Business Travel,Business,2276,1,1,1,1,3,3,3,5,4,5,5,3,3,2.92,0,0,TRUE
Male,Disloyal Customer,22,Business Travel,Eco,1277,3,3,3,3,1,3,1,1,2,1,3,4,1,2.23,0,0,FALSE
Female,Loyal Customer,69,Personal Travel,Eco,264,3,2,3,4,1,3,3,3,3,3,3,4,3,2.92,0,0,FALSE
Male,Disloyal Customer,36,Business Travel,Eco,387,2,2,2,3,3,2,3,3,1,5,3,1,3,2.54,0,0,FALSE
Female,Disloyal Customer,21,Business Travel,Eco,468,2,0,1,1,4,1,4,4,3,3,5,3,4,2.69,0,13,FALSE
Male,Loyal Customer,39,Personal Travel,Eco,397,2,1,2,3,3,2,3,3,2,3,4,3,3,2.62,10,5,FALSE
Male,Disloyal Customer,64,Business Travel,Business,1009,5,5,5,4,2,5,2,2,5,5,5,4,2,3.92,0,3,TRUE
Male,Loyal Customer,18,Personal Travel,Eco Plus,198,1,4,1,5,5,1,5,5,5,3,5,3,5,3.69,0,0,FALSE
Female,Disloyal Customer,23,Business Travel,Eco,431,4,0,4,5,4,4,4,4,4,2,5,4,4,3.69,29,29,FALSE
Male,Disloyal Customer,28,Business Travel,Business,907,1,1,1,3,2,1,3,2,4,3,5,4,2,2.46,0,0,FALSE
Female,Loyal Customer,55,Business Travel,Business,2821,1,1,1,1,3,2,3,5,5,5,5,1,2,2.69,0,0,TRUE
Female,Disloyal Customer,35,Business Travel,Eco,301,3,4,3,4,5,3,5,5,1,4,4,3,5,3.77,0,0,FALSE
Male,Loyal Customer,39,Business Travel,Eco,972,2,4,4,4,2,2,2,2,2,4,4,2,2,2.77,0,0,FALSE
Male,Loyal Customer,45,Personal Travel,Eco,628,2,4,2,3,5,2,2,5,1,4,3,1,5,3,0,0,FALSE
Male,Loyal Customer,66,Personal Travel,Eco,516,5,1,5,2,2,5,5,2,1,5,3,3,2,3.15,0,20,TRUE
Female,Loyal Customer,57,Business Travel,Eco,1399,4,2,2,2,4,4,5,4,4,4,4,5,3,3.62,0,0,TRUE
Female,Loyal Customer,42,Business Travel,Eco,1666,4,1,1,1,5,4,4,4,4,4,4,5,3,3.38,11,0,TRUE
Female,Loyal Customer,39,Business Travel,Eco,207,5,3,3,3,5,5,5,5,2,1,3,4,5,3.77,0,0,TRUE
Male,Loyal Customer,33,Personal Travel,Eco,1744,3,4,3,2,2,3,2,2,3,2,5,4,2,2.85,32,9,FALSE
Male,Disloyal Customer,23,Business Travel,Eco,594,3,0,3,3,1,3,1,1,5,5,5,4,1,2.69,0,0,FALSE
Female,Loyal Customer,43,Business Travel,Business,3247,3,3,3,3,5,3,2,3,3,3,3,2,1,2.85,0,26,FALSE
Female,Loyal Customer,34,Personal Travel,Eco,399,1,4,1,3,2,1,2,2,5,3,5,5,2,2.77,0,0,FALSE
Male,Loyal Customer,47,Business Travel,Business,2809,0,1,1,2,5,5,4,5,5,5,5,5,4,3.62,9,14,TRUE
Female,Loyal Customer,49,Business Travel,Eco,718,1,1,1,1,4,3,3,1,1,1,1,3,4,1.92,26,32,FALSE
Male,Disloyal Customer,42,Business Travel,Eco,451,2,5,2,4,5,2,5,5,4,3,4,3,5,3.77,72,59,FALSE
Female,Loyal Customer,35,Business Travel,Business,2336,5,5,5,5,2,5,5,5,5,5,5,5,5,4.77,0,0,TRUE
Female,Disloyal Customer,25,Business Travel,Eco,296,1,1,1,4,3,1,3,3,2,4,4,3,3,2.54,48,58,FALSE
Female,Loyal Customer,42,Business Travel,Business,1024,2,2,3,2,2,4,4,4,4,4,4,4,3,3.23,50,42,TRUE
Male,Loyal Customer,55,Business Travel,Business,2174,3,2,2,2,2,3,3,3,3,3,3,1,3,2.54,0,0,FALSE
Female,Loyal Customer,43,Personal Travel,Eco,351,1,3,1,4,2,4,3,2,2,1,2,4,3,2.46,0,0,FALSE
Female,Loyal Customer,41,Personal Travel,Eco,101,5,5,5,1,1,5,1,1,3,4,5,4,1,3.15,0,0,TRUE
Female,Loyal Customer,45,Business Travel,Eco,2422,2,5,5,5,2,2,2,1,3,3,2,2,2,2.77,0,2,FALSE
Female,Disloyal Customer,40,Business Travel,Business,453,2,2,2,3,4,2,4,4,4,3,4,4,4,3.23,0,3,FALSE
Female,Loyal Customer,39,Business Travel,Business,3314,3,3,3,3,2,4,5,4,4,4,4,4,5,3.69,0,17,TRUE
Male,Loyal Customer,29,Business Travel,Business,971,1,2,2,2,1,1,1,1,1,4,3,1,1,1.62,39,15,FALSE
Female,Loyal Customer,57,Business Travel,Business,453,5,5,5,5,4,4,5,4,4,4,4,5,5,4.54,3,4,TRUE
Male,Loyal Customer,10,Personal Travel,Eco,848,2,5,2,3,3,2,3,3,4,4,5,5,3,3.38,0,0,FALSE
Female,Loyal Customer,34,Business Travel,Business,2314,2,3,3,3,2,1,2,2,2,2,2,3,3,2.31,30,18,FALSE
Male,Loyal Customer,65,Personal Travel,Eco,184,4,1,4,3,4,4,4,4,3,1,4,3,4,3.31,0,0,FALSE
Male,Loyal Customer,19,Personal Travel,Eco,997,2,5,2,5,2,2,2,2,4,3,5,4,2,3.08,2,0,FALSE
Male,Loyal Customer,47,Business Travel,Eco,224,4,5,5,5,4,4,4,4,3,1,4,2,4,3.77,0,0,FALSE
Female,Loyal Customer,51,Personal Travel,Eco,1235,3,4,3,3,2,3,3,3,3,3,3,4,3,3.08,14,6,FALSE
Male,Loyal Customer,50,Personal Travel,Eco,1416,3,1,3,3,1,3,1,1,2,5,3,2,1,2.23,0,0,FALSE
Female,Loyal Customer,24,Personal Travel,Eco,562,1,5,1,1,3,1,3,3,4,5,5,3,3,2.92,27,28,FALSE
Male,Loyal Customer,36,Business Travel,Business,459,2,2,2,2,1,3,2,4,4,4,4,1,3,2.62,0,0,TRUE
Female,Loyal Customer,41,Business Travel,Business,2905,5,5,5,5,4,5,5,2,2,2,2,4,3,3.77,0,0,TRUE
Female,Loyal Customer,60,Business Travel,Eco,679,2,5,5,5,5,1,1,2,2,2,2,4,1,2.85,0,0,FALSE
Male,Loyal Customer,13,Personal Travel,Eco,102,3,5,3,4,2,3,2,2,4,5,5,4,2,3.38,2,2,FALSE
Male,Loyal Customer,66,Personal Travel,Eco,302,3,4,3,5,2,3,2,2,3,3,3,4,2,3,0,0,FALSE
Male,Disloyal Customer,43,Business Travel,Eco,719,2,2,2,4,4,2,4,4,1,3,3,2,4,2.85,0,0,FALSE
Male,Loyal Customer,29,Business Travel,Business,3044,5,5,5,5,4,4,4,4,5,5,4,4,4,4.46,78,73,TRUE
Male,Loyal Customer,58,Business Travel,Business,2311,3,3,3,3,5,5,4,5,5,5,5,4,4,4.15,0,0,TRUE
Male,Loyal Customer,43,Personal Travel,Eco,2588,2,5,2,3,2,4,3,3,2,4,5,3,3,3.15,153,177,FALSE
Male,Loyal Customer,54,Business Travel,Eco,964,4,1,1,1,4,4,4,4,5,4,3,4,4,3.31,0,0,TRUE
Female,Disloyal Customer,23,Business Travel,Eco,162,5,0,4,4,4,4,4,4,2,1,1,1,4,2.92,33,27,TRUE
Male,Disloyal Customer,38,Business Travel,Business,999,1,1,1,2,1,1,1,1,4,4,4,3,1,1.92,20,9,FALSE
Female,Loyal Customer,36,Personal Travel,Eco,307,4,5,4,3,2,4,2,2,1,3,1,1,2,2.62,60,71,FALSE
Female,Loyal Customer,56,Business Travel,Business,469,2,2,2,2,4,5,5,5,5,5,5,5,3,3.85,0,0,TRUE
Male,Disloyal Customer,33,Business Travel,Business,216,2,2,2,1,4,2,2,4,3,5,4,2,4,2.85,0,0,FALSE
Male,Loyal Customer,17,Business Travel,Eco Plus,1747,2,5,5,5,2,2,3,2,2,5,3,1,2,3,12,14,FALSE
Female,Loyal Customer,63,Personal Travel,Eco,1428,2,4,2,3,5,2,5,1,1,2,1,3,4,2.69,0,29,FALSE
Male,Loyal Customer,59,Personal Travel,Eco,731,3,2,3,4,5,3,5,5,3,4,4,4,5,3.85,0,0,FALSE
Male,Disloyal Customer,21,Business Travel,Business,550,5,0,5,4,4,0,4,4,3,5,5,4,4,3.62,21,20,TRUE
Male,Loyal Customer,37,Personal Travel,Eco,802,2,5,2,3,4,2,4,4,5,5,5,3,4,3.69,0,0,FALSE
Female,Loyal Customer,60,Personal Travel,Eco Plus,675,4,5,4,3,2,2,3,2,2,4,2,2,1,2.77,50,32,FALSE
Female,Disloyal Customer,12,Business Travel,Eco,1086,4,4,4,4,3,4,3,3,4,3,4,4,3,3.62,12,0,FALSE
Male,Loyal Customer,53,Business Travel,Business,1131,5,5,1,5,3,4,5,5,5,5,5,3,5,4.31,0,0,TRUE
Female,Loyal Customer,37,Personal Travel,Business,632,4,5,4,2,4,4,5,1,1,4,1,4,3,3.23,0,0,TRUE
Female,Disloyal Customer,33,Business Travel,Eco,425,2,3,3,4,5,3,5,5,2,3,4,1,5,3.46,0,0,FALSE
Female,Loyal Customer,48,Business Travel,Eco,236,1,1,1,1,5,4,3,1,1,1,1,4,2,2,0,6,FALSE
Female,Loyal Customer,49,Business Travel,Business,1721,2,2,3,2,2,4,4,4,4,4,4,4,4,3.31,117,115,TRUE
Male,Loyal Customer,56,Business Travel,Business,3355,3,3,3,3,2,3,3,3,3,3,3,4,2,2.92,0,0,FALSE
Male,Loyal Customer,60,Business Travel,Business,3998,3,3,2,3,4,4,4,5,5,5,5,3,4,3.85,40,37,TRUE
Female,Disloyal Customer,28,Business Travel,Business,696,4,4,4,4,5,4,5,5,3,3,5,3,5,4.15,0,0,TRUE
Female,Loyal Customer,49,Business Travel,Business,3996,2,2,2,2,5,4,5,5,5,5,5,5,3,3.85,46,56,TRUE
Female,Loyal Customer,52,Business Travel,Eco,102,4,4,4,4,3,1,4,5,5,4,5,5,3,3.92,0,10,TRUE
Female,Loyal Customer,59,Business Travel,Business,3328,4,4,4,4,2,1,5,5,5,5,5,3,3,3.85,0,1,TRUE
Female,Loyal Customer,60,Business Travel,Business,1205,4,4,4,4,2,4,5,4,4,4,4,5,3,3.92,0,3,TRUE
Female,Disloyal Customer,19,Business Travel,Eco,711,2,2,2,5,2,2,2,2,4,3,4,4,2,2.77,0,0,FALSE
Male,Loyal Customer,32,Business Travel,Business,3202,2,2,2,2,4,4,4,4,3,5,4,4,4,3.38,14,0,TRUE
Male,Loyal Customer,19,Personal Travel,Eco,403,1,4,1,3,3,1,3,3,4,4,4,5,3,3,0,8,FALSE
Male,Loyal Customer,38,Personal Travel,Eco Plus,102,1,5,1,1,4,1,1,4,3,2,3,5,4,2.69,0,8,FALSE
Male,Loyal Customer,47,Business Travel,Business,1964,4,4,4,4,4,5,5,4,4,4,4,5,5,4.31,0,0,TRUE
Female,Loyal Customer,13,Personal Travel,Eco Plus,874,3,1,3,3,3,3,3,3,3,1,2,4,3,2.69,0,0,FALSE
Female,Disloyal Customer,21,Business Travel,Eco,288,4,0,4,1,5,4,4,5,4,2,4,3,5,3.46,0,0,TRUE
Female,Loyal Customer,40,Business Travel,Business,2291,1,1,1,1,5,4,5,5,5,5,5,5,3,3.54,0,0,TRUE
Male,Loyal Customer,43,Business Travel,Eco Plus,2417,5,5,5,5,5,5,5,5,5,2,5,3,5,4.62,0,0,TRUE
Male,Loyal Customer,38,Personal Travel,Eco,453,2,1,2,3,2,2,2,2,4,2,3,1,2,2.15,0,0,FALSE
Male,Loyal Customer,29,Business Travel,Business,2610,0,4,0,1,2,2,2,2,5,4,4,5,2,2.54,0,0,TRUE
Female,Loyal Customer,52,Personal Travel,Eco,376,2,4,2,3,4,5,4,2,2,2,3,4,4,3.15,0,0,FALSE
Female,Disloyal Customer,42,Business Travel,Business,948,5,5,5,4,4,5,4,4,4,4,5,4,4,4.38,1,0,TRUE
Male,Loyal Customer,12,Personal Travel,Eco,1770,3,4,3,3,1,3,1,1,2,4,1,4,1,2.38,0,11,FALSE
Female,Loyal Customer,54,Business Travel,Business,2448,3,3,1,3,2,4,4,4,4,5,4,5,3,3.46,3,8,TRUE
Male,Loyal Customer,33,Business Travel,Business,1566,2,3,3,3,2,2,2,2,2,2,4,1,2,2.31,0,0,FALSE
Female,Loyal Customer,55,Business Travel,Business,3025,4,4,4,4,3,5,5,5,5,5,5,5,3,4.38,0,0,TRUE
Male,Loyal Customer,51,Personal Travel,Eco,1069,3,3,3,2,1,3,1,1,3,5,3,2,1,2.38,0,0,FALSE
Male,Loyal Customer,30,Business Travel,Business,1634,2,3,2,2,5,5,5,5,3,2,4,5,5,3.69,2,0,TRUE
Male,Loyal Customer,43,Business Travel,Business,1634,3,2,3,3,5,5,4,5,5,5,4,4,4,4,0,0,TRUE
Male,Disloyal Customer,38,Business Travel,Eco,583,3,4,2,3,2,2,2,2,4,2,4,2,2,2.62,70,50,FALSE
Male,Disloyal Customer,25,Business Travel,Business,522,4,0,3,3,5,3,5,5,3,5,5,3,5,3.77,0,0,TRUE
Female,Loyal Customer,37,Personal Travel,Business,1131,2,2,2,3,4,4,3,3,3,2,3,2,1,2.62,0,0,FALSE
Male,Loyal Customer,57,Business Travel,Eco,920,3,2,2,2,3,3,3,1,4,3,4,3,3,2.77,160,182,FALSE
Male,Loyal Customer,51,Personal Travel,Eco,158,3,5,3,4,1,3,2,1,5,3,5,5,1,3.15,0,0,FALSE
Male,Disloyal Customer,48,Business Travel,Eco,969,2,2,2,5,5,2,5,5,5,2,3,2,5,3.46,0,0,FALSE
Male,Loyal Customer,26,Business Travel,Business,1608,3,3,5,3,2,2,2,2,5,3,3,4,2,3,26,16,TRUE
Male,Loyal Customer,45,Business Travel,Business,125,3,3,3,3,3,2,2,4,4,3,3,4,1,2.92,0,0,FALSE
Male,Loyal Customer,30,Business Travel,Business,2881,3,3,3,3,4,4,4,4,4,2,5,5,4,3.69,0,0,TRUE
Female,Disloyal Customer,20,Business Travel,Business,191,5,0,5,4,2,5,2,2,4,2,4,4,2,3.15,16,18,TRUE
Male,Loyal Customer,54,Business Travel,Business,647,2,2,2,2,3,4,4,4,4,4,4,4,4,3.31,0,0,TRUE
Female,Loyal Customer,37,Personal Travel,Eco,1590,4,4,4,4,3,4,3,3,3,5,3,5,3,3.69,87,69,FALSE
Female,Loyal Customer,37,Personal Travel,Eco,853,1,4,1,2,5,1,5,5,3,2,5,4,5,3.31,0,23,FALSE
Female,Loyal Customer,37,Business Travel,Business,404,2,4,4,4,1,3,3,2,2,2,2,1,3,2.54,0,0,FALSE
Male,Loyal Customer,37,Personal Travel,Eco Plus,463,4,5,4,3,2,4,2,2,5,2,4,4,2,3.31,0,0,FALSE
Female,Loyal Customer,34,Business Travel,Business,157,4,4,4,4,1,3,4,1,1,1,4,2,3,2.77,0,0,FALSE
Female,Loyal Customer,14,Personal Travel,Eco,1085,2,1,2,3,4,2,4,4,3,4,4,3,4,3.08,13,4,FALSE
Female,Loyal Customer,56,Personal Travel,Eco,1009,2,4,2,2,3,5,5,4,4,2,2,3,4,3.23,0,0,FALSE
Male,Loyal Customer,46,Business Travel,Business,328,0,0,0,3,3,4,4,2,2,2,2,5,5,2.46,0,0,TRUE
Male,Loyal Customer,50,Personal Travel,Eco,1438,4,5,4,4,2,4,2,2,3,3,4,3,2,3.23,0,0,TRUE
Female,Loyal Customer,43,Business Travel,Eco,944,5,2,2,2,3,5,4,4,4,5,4,1,2,3.31,0,0,TRUE
Female,Loyal Customer,51,Business Travel,Eco Plus,583,2,2,2,2,2,2,4,2,2,2,2,3,2,2.23,0,12,TRUE
Male,Loyal Customer,33,Business Travel,Business,2860,3,3,4,3,4,4,4,4,5,4,5,3,4,3.85,0,7,TRUE
Female,Loyal Customer,32,Business Travel,Business,440,4,2,2,2,4,3,4,4,3,3,3,4,4,3.23,0,28,FALSE
Female,Loyal Customer,66,Business Travel,Eco,315,1,1,2,2,2,2,3,1,1,1,1,1,3,1.62,0,0,FALSE
Female,Loyal Customer,64,Personal Travel,Eco,1635,0,5,0,3,4,5,4,2,2,0,2,3,3,2.54,0,0,TRUE
Female,Loyal Customer,62,Business Travel,Eco,184,5,3,3,3,4,2,3,5,5,5,5,5,3,3.92,3,0,TRUE
Male,Loyal Customer,54,Business Travel,Business,453,2,2,2,2,3,5,4,2,2,2,2,4,4,2.77,0,0,TRUE
Female,Disloyal Customer,25,Business Travel,Business,228,3,0,3,1,3,3,3,3,4,2,5,3,3,2.77,15,3,FALSE
Male,Disloyal Customer,46,Personal Travel,Eco,345,3,4,3,4,5,3,5,5,5,5,4,3,5,4.15,13,11,FALSE
Male,Loyal Customer,59,Business Travel,Eco,687,2,2,2,2,3,2,3,3,3,5,3,4,3,2.85,4,3,FALSE
Female,Disloyal Customer,12,Business Travel,Eco,692,4,4,4,4,2,4,2,2,2,3,4,4,2,3.15,0,0,TRUE
Female,Loyal Customer,35,Personal Travel,Eco,184,2,3,2,3,4,2,3,4,4,3,4,3,4,3.15,0,0,FALSE
Male,Loyal Customer,55,Business Travel,Business,3764,4,4,4,4,5,1,3,5,5,5,5,4,1,3.85,0,0,TRUE
Female,Disloyal Customer,49,Business Travel,Business,187,3,3,3,3,2,3,2,2,4,4,4,3,2,2.92,4,5,FALSE
Female,Loyal Customer,51,Personal Travel,Eco,2586,3,2,3,4,2,4,4,2,2,3,2,4,3,2.92,0,0,FALSE
Female,Loyal Customer,36,Personal Travel,Eco,214,2,0,2,1,3,2,3,3,4,4,3,3,3,2.54,0,0,FALSE
Male,Loyal Customer,41,Business Travel,Business,3639,3,3,3,3,4,2,5,4,4,4,4,1,1,3.15,0,0,TRUE
Female,Loyal Customer,58,Personal Travel,Eco,332,4,4,4,1,5,5,4,4,4,4,4,3,3,3.77,0,0,FALSE
Male,Loyal Customer,28,Personal Travel,Eco,621,1,3,1,4,3,1,3,3,4,2,2,5,3,2.69,26,19,FALSE
Male,Disloyal Customer,36,Business Travel,Eco,246,2,4,2,4,5,2,5,5,3,3,1,3,5,3.38,0,0,FALSE
Female,Loyal Customer,42,Business Travel,Business,1642,1,1,1,1,2,5,4,4,4,4,4,4,5,3.08,124,123,TRUE
Female,Disloyal Customer,26,Business Travel,Eco,214,2,2,2,4,2,2,2,2,3,4,3,1,2,2.38,55,48,FALSE
Male,Disloyal Customer,38,Business Travel,Eco,409,2,0,2,1,2,2,2,2,5,2,2,3,2,2.08,1,0,FALSE
Male,Loyal Customer,53,Business Travel,Business,3140,3,3,3,3,3,5,5,4,4,4,4,4,5,3.85,12,15,TRUE
Male,Loyal Customer,60,Business Travel,Business,867,5,5,5,5,5,4,4,4,4,4,4,5,3,4.38,3,0,TRUE
Male,Loyal Customer,58,Personal Travel,Eco,834,3,5,3,3,2,3,2,2,5,5,5,4,2,3.38,0,0,FALSE
Female,Disloyal Customer,30,Business Travel,Business,759,4,4,4,4,2,4,2,2,3,2,5,5,2,3.31,23,17,TRUE
Male,Loyal Customer,48,Business Travel,Business,2518,2,2,2,2,5,5,5,5,5,5,5,4,3,3.85,17,21,TRUE
Male,Loyal Customer,17,Personal Travel,Eco,409,2,4,2,3,5,2,5,5,4,4,5,5,5,3.92,0,0,FALSE
Male,Loyal Customer,43,Business Travel,Eco,200,2,2,5,2,2,2,2,2,4,1,3,3,2,2.46,6,0,FALSE
Male,Loyal Customer,44,Business Travel,Business,2185,0,0,0,3,3,4,4,2,2,2,4,4,4,2.46,0,0,TRUE
Female,Disloyal Customer,27,Business Travel,Eco,761,2,2,2,3,3,2,5,3,4,2,3,5,3,3,0,5,FALSE
Female,Loyal Customer,40,Business Travel,Business,1814,3,3,3,3,2,5,4,5,5,5,5,3,4,3.85,0,3,TRUE
Female,Loyal Customer,52,Personal Travel,Eco,925,2,5,3,2,5,5,4,4,4,3,4,4,4,3.77,15,21,FALSE
Female,Loyal Customer,57,Business Travel,Business,3426,1,1,1,1,5,5,5,2,2,3,2,4,4,2.77,0,0,TRUE
Female,Loyal Customer,51,Business Travel,Business,1464,4,3,4,4,4,5,5,5,5,5,5,3,4,4.31,0,0,TRUE
Male,Disloyal Customer,9,Business Travel,Eco,921,1,1,1,3,1,1,1,1,1,4,4,2,1,1.69,29,24,FALSE
Male,Loyal Customer,54,Personal Travel,Eco Plus,453,2,5,2,2,3,2,3,3,4,5,5,3,3,3.23,0,0,FALSE
Female,Disloyal Customer,21,Business Travel,Eco,735,4,4,4,2,2,4,2,2,4,4,2,2,2,2.92,43,34,FALSE
Male,Loyal Customer,21,Business Travel,Business,234,3,4,4,4,3,3,3,3,1,3,4,4,3,3.23,0,0,FALSE
Female,Loyal Customer,29,Business Travel,Business,2425,3,3,3,3,5,5,5,5,2,4,3,3,5,3.77,1,14,TRUE
Male,Loyal Customer,15,Business Travel,Eco,349,3,3,3,3,3,3,1,3,4,5,2,3,3,3,13,18,FALSE
Male,Loyal Customer,16,Business Travel,Eco,153,2,2,2,2,2,2,2,2,1,1,2,1,2,1.77,10,12,FALSE
Male,Loyal Customer,58,Business Travel,Business,2436,4,4,4,4,4,5,5,3,3,3,3,4,5,3.92,22,9,TRUE
Male,Loyal Customer,16,Personal Travel,Eco,1773,2,2,1,2,1,1,4,1,2,5,2,4,1,2.15,0,0,FALSE
Male,Loyal Customer,24,Personal Travel,Eco,237,1,5,1,4,5,1,3,5,5,4,4,5,5,3.69,33,44,FALSE
Female,Loyal Customer,67,Personal Travel,Eco,1010,5,3,5,2,4,2,4,1,1,5,1,1,4,2.92,7,0,TRUE
Male,Loyal Customer,56,Business Travel,Eco,692,2,1,1,1,2,2,2,2,4,4,3,2,2,2.15,9,0,FALSE
Male,Loyal Customer,50,Business Travel,Business,1127,2,2,2,2,2,4,4,2,2,3,2,5,5,2.85,0,0,TRUE
Male,Loyal Customer,55,Business Travel,Eco,503,3,5,5,5,2,3,2,2,3,3,3,1,2,3,3,21,FALSE
Male,Loyal Customer,32,Business Travel,Business,2606,2,1,1,1,2,2,2,2,1,5,3,2,2,2,0,0,FALSE
Male,Loyal Customer,41,Personal Travel,Eco Plus,501,1,3,1,4,1,1,1,1,1,1,3,1,1,1.54,0,0,FALSE
Male,Loyal Customer,57,Personal Travel,Eco,802,4,3,3,2,4,3,1,4,2,1,4,4,4,3,10,17,FALSE
Female,Disloyal Customer,44,Business Travel,Eco Plus,151,1,1,1,4,1,1,1,1,1,1,4,3,1,1.62,0,6,FALSE
Female,Disloyal Customer,32,Business Travel,Business,308,2,2,2,1,5,2,5,5,3,3,4,3,5,3.23,31,13,FALSE
Male,Loyal Customer,40,Business Travel,Business,468,3,3,3,3,5,4,3,3,3,3,3,4,4,3.38,0,0,FALSE
Male,Loyal Customer,15,Business Travel,Eco Plus,871,4,5,5,5,4,4,3,4,3,1,3,4,4,3.77,21,15,TRUE
Male,Disloyal Customer,22,Business Travel,Business,408,4,0,4,1,2,4,5,2,3,3,5,3,2,2.92,0,8,TRUE
Male,Loyal Customer,29,Business Travel,Business,2515,1,0,0,4,4,0,4,4,1,5,4,3,4,2.62,0,28,FALSE
Female,Loyal Customer,65,Personal Travel,Eco,153,2,4,0,1,2,4,4,4,4,0,4,3,5,2.85,0,0,FALSE
Male,Loyal Customer,46,Business Travel,Business,340,0,0,0,2,1,5,1,3,3,2,2,4,5,2.15,0,43,TRUE
Male,Loyal Customer,12,Personal Travel,Eco,1046,2,5,2,2,5,2,5,5,4,5,4,5,5,3.92,37,24,FALSE
Male,Loyal Customer,50,Business Travel,Business,2230,3,3,3,3,2,5,4,5,5,5,5,5,4,4,11,0,TRUE
Male,Loyal Customer,42,Business Travel,Business,1547,1,1,1,1,5,4,4,4,4,4,4,5,4,3.23,28,26,TRUE
Male,Loyal Customer,44,Business Travel,Business,373,2,2,2,2,2,5,4,4,4,4,4,4,3,3.23,0,0,TRUE
Female,Loyal Customer,21,Personal Travel,Eco,529,2,5,2,5,2,2,5,2,5,4,5,3,2,3.38,0,4,FALSE
Male,Loyal Customer,34,Business Travel,Business,925,2,2,2,2,4,5,5,5,5,5,5,3,4,3.77,14,0,TRUE
Female,Loyal Customer,61,Business Travel,Business,1640,3,4,4,4,3,3,3,3,3,3,3,2,2,3.08,4,2,FALSE
Male,Loyal Customer,64,Personal Travel,Eco,446,3,4,3,4,4,3,4,4,3,4,4,4,4,3.69,11,7,FALSE
Male,Disloyal Customer,34,Business Travel,Business,2704,3,3,3,3,3,5,5,3,1,4,3,5,5,3.54,4,9,FALSE
Female,Loyal Customer,41,Business Travel,Business,3234,4,4,4,4,5,5,5,5,5,5,5,3,3,4.38,94,92,TRUE
Male,Loyal Customer,31,Business Travel,Business,3758,1,4,4,4,1,2,1,1,3,5,4,1,1,2.46,68,56,FALSE
Female,Loyal Customer,56,Business Travel,Business,1205,4,4,4,4,4,4,4,4,4,4,4,3,3,3.85,0,0,TRUE
Female,Loyal Customer,43,Business Travel,Business,483,2,5,2,2,1,1,1,3,3,4,3,2,4,2.54,40,59,TRUE
Male,Loyal Customer,28,Business Travel,Business,1491,3,3,3,3,4,4,4,4,5,4,5,4,4,3.85,0,0,TRUE
Female,Loyal Customer,41,Business Travel,Business,581,2,2,2,2,1,3,3,2,2,1,2,1,1,1.85,0,0,FALSE
Male,Loyal Customer,11,Personal Travel,Eco Plus,1352,3,5,3,3,4,3,4,4,4,3,3,4,4,3.62,0,0,FALSE
Male,Loyal Customer,56,Business Travel,Business,667,4,1,1,1,1,4,4,4,4,4,4,2,1,2.69,0,0,FALSE
Female,Loyal Customer,58,Personal Travel,Eco Plus,1089,4,2,4,3,3,4,4,5,5,4,5,1,4,3.69,21,0,FALSE
Male,Loyal Customer,7,Personal Travel,Eco,1916,4,5,4,3,3,4,3,3,3,2,4,4,3,3.46,0,2,FALSE
Female,Loyal Customer,23,Business Travel,Eco,751,5,2,2,2,5,5,3,5,5,1,1,2,5,3.31,0,3,TRUE
Female,Loyal Customer,53,Business Travel,Business,2275,4,4,4,4,2,3,1,5,5,5,5,2,1,3.46,0,0,TRUE
Female,Loyal Customer,44,Business Travel,Business,1452,2,2,2,2,3,4,4,4,4,4,4,3,4,3.23,2,0,TRUE
Female,Loyal Customer,22,Business Travel,Eco Plus,989,4,3,4,3,4,4,3,4,5,4,2,3,4,3.62,0,0,TRUE
Female,Loyal Customer,36,Business Travel,Business,1269,3,3,3,3,5,4,4,3,3,3,3,2,3,3.23,57,43,FALSE
Male,Loyal Customer,58,Business Travel,Business,3528,4,4,2,4,3,5,4,2,2,2,2,5,4,3.31,0,0,TRUE
Female,Disloyal Customer,21,Business Travel,Business,1195,0,0,0,4,1,0,1,1,3,5,2,5,1,1.77,0,0,TRUE
Male,Loyal Customer,56,Business Travel,Business,1838,2,2,4,2,2,5,4,4,4,5,4,4,4,3.54,0,0,TRUE
Female,Disloyal Customer,38,Business Travel,Eco,416,2,2,2,4,5,2,2,5,1,2,3,3,5,2.92,46,41,FALSE
Male,Loyal Customer,56,Business Travel,Business,1845,4,4,4,4,2,4,4,2,2,2,2,4,4,3.23,0,0,TRUE
Male,Loyal Customer,19,Personal Travel,Eco,196,4,5,4,3,1,4,1,1,4,5,5,4,1,3.23,0,0,FALSE
Male,Loyal Customer,37,Business Travel,Eco,156,5,1,1,1,5,5,5,5,5,3,2,1,5,3.38,0,0,TRUE
Male,Loyal Customer,62,Personal Travel,Eco,665,3,2,3,3,5,3,5,5,3,5,4,2,5,3.69,0,2,FALSE
Female,Disloyal Customer,26,Business Travel,Eco,563,4,0,4,5,4,4,4,4,1,5,4,3,4,3.54,0,0,TRUE
Male,Disloyal Customer,22,Business Travel,Business,631,5,2,5,1,2,5,2,2,5,5,4,5,2,3.46,0,0,TRUE
Male,Loyal Customer,59,Business Travel,Business,1927,3,2,2,2,4,4,3,3,3,3,3,1,2,2.69,0,0,FALSE
Female,Disloyal Customer,30,Business Travel,Eco,837,1,1,1,3,5,1,2,5,2,1,4,4,5,2.69,0,0,FALSE
Female,Loyal Customer,24,Business Travel,Business,2337,3,3,3,3,3,4,3,3,1,5,2,5,3,3.15,8,3,TRUE
Female,Loyal Customer,45,Business Travel,Business,1589,5,5,5,5,2,3,5,3,3,4,3,5,3,3.92,0,0,TRUE
Female,Loyal Customer,58,Personal Travel,Eco,1276,4,5,4,4,4,4,4,3,3,4,3,4,5,3.92,0,0,FALSE
Female,Loyal Customer,55,Business Travel,Business,2879,3,5,5,5,3,4,3,3,3,3,3,2,4,3.54,0,0,FALSE
Female,Loyal Customer,49,Business Travel,Business,534,1,1,1,1,5,5,5,3,3,4,3,5,3,3.08,0,0,TRUE
Female,Loyal Customer,45,Business Travel,Business,2498,0,0,0,1,5,5,4,4,4,4,4,3,4,2.92,0,0,TRUE
Male,Loyal Customer,13,Personal Travel,Eco,1979,2,3,1,4,2,1,2,2,5,5,5,4,2,2.92,0,0,FALSE
Female,Loyal Customer,42,Personal Travel,Eco,1521,1,4,1,1,2,5,5,1,1,1,1,5,3,2.38,1,0,FALSE
Male,Disloyal Customer,56,Business Travel,Eco,481,2,3,2,3,5,2,1,5,3,1,4,1,5,2.85,0,0,FALSE
Female,Loyal Customer,17,Personal Travel,Eco,882,1,4,1,4,1,1,1,1,2,2,3,4,1,2,66,62,FALSE
Male,Loyal Customer,61,Personal Travel,Eco,544,2,1,2,4,4,2,4,4,3,3,4,2,4,3,0,0,FALSE
Male,Loyal Customer,33,Business Travel,Eco Plus,853,1,5,5,5,1,1,1,1,4,4,3,3,1,2.69,92,94,FALSE
Female,Disloyal Customer,27,Business Travel,Eco,1465,1,1,1,1,5,1,5,5,3,4,3,4,5,3,21,31,FALSE
Female,Disloyal Customer,54,Business Travel,Business,1440,4,4,4,3,2,4,2,2,3,5,5,5,2,3.46,5,0,TRUE
Female,Loyal Customer,39,Personal Travel,Eco,345,2,4,2,1,5,2,5,5,4,4,1,3,5,3.31,9,4,FALSE
Female,Disloyal Customer,42,Business Travel,Business,854,2,3,3,4,2,2,2,2,3,2,3,4,2,2.62,0,0,FALSE
Male,Loyal Customer,36,Business Travel,Business,184,0,4,1,1,4,5,5,4,4,4,4,4,4,3.38,0,0,TRUE
Female,Loyal Customer,53,Personal Travel,Business,223,1,3,1,1,1,2,2,5,5,1,5,2,1,2.31,1,42,FALSE
Male,Disloyal Customer,65,Personal Travel,Eco,436,3,4,3,4,4,3,4,4,5,2,4,3,4,3.62,46,33,FALSE
Female,Loyal Customer,32,Business Travel,Business,1068,1,1,1,1,4,4,4,4,5,2,5,3,4,3,8,0,TRUE
Female,Disloyal Customer,29,Business Travel,Eco,208,4,0,4,2,5,4,1,5,2,4,5,5,5,3.54,0,1,TRUE
Male,Loyal Customer,36,Business Travel,Business,942,4,4,4,4,2,2,4,5,5,4,5,4,1,3.69,16,0,TRUE
Female,Disloyal Customer,25,Business Travel,Eco,1009,1,2,2,4,2,2,5,2,4,2,4,3,2,2.69,0,13,FALSE
Male,Loyal Customer,52,Personal Travel,Business,600,3,0,3,3,4,5,3,1,1,3,1,3,3,2.54,0,0,FALSE
Male,Loyal Customer,51,Personal Travel,Eco Plus,1276,4,5,3,1,5,3,5,5,5,3,4,5,5,4.08,0,0,TRUE
Female,Loyal Customer,22,Business Travel,Eco,913,3,3,4,3,3,3,3,3,1,2,3,3,3,2.85,0,0,FALSE
Male,Disloyal Customer,10,Business Travel,Eco,1075,5,5,5,4,4,5,4,4,1,5,2,3,4,3.92,0,0,TRUE
Male,Loyal Customer,50,Personal Travel,Eco Plus,395,0,4,0,3,1,0,1,1,4,4,4,3,1,2,0,0,TRUE
Male,Loyal Customer,42,Business Travel,Business,2672,5,5,5,5,3,3,4,2,2,2,2,1,1,3.08,0,3,TRUE
Female,Disloyal Customer,27,Business Travel,Eco,365,3,2,3,4,4,3,4,4,3,3,4,1,4,3.23,3,0,FALSE
Male,Loyal Customer,60,Business Travel,Business,3416,5,5,5,5,4,4,5,5,5,5,5,4,3,4.62,14,0,TRUE
Female,Loyal Customer,20,Personal Travel,Eco,925,1,2,1,4,3,1,4,3,4,4,4,1,3,2.69,0,0,FALSE
Male,Loyal Customer,22,Personal Travel,Eco,862,3,1,3,4,4,3,1,4,2,3,3,1,4,2.77,27,0,FALSE
Female,Loyal Customer,7,Personal Travel,Eco,236,2,5,2,3,3,2,3,3,1,1,3,4,3,2.69,0,0,FALSE
Female,Loyal Customer,60,Business Travel,Business,1620,3,3,3,3,2,5,5,4,4,4,4,3,5,3.69,22,12,TRUE
Male,Loyal Customer,46,Business Travel,Business,331,4,4,4,4,4,1,3,4,4,4,4,3,1,3.38,0,0,TRUE
Female,Loyal Customer,36,Business Travel,Business,1823,3,3,3,3,2,4,5,4,4,4,4,4,4,3.62,56,49,TRUE
Female,Disloyal Customer,18,Business Travel,Eco,594,3,2,3,3,3,3,5,3,4,3,3,1,3,3,7,21,FALSE
Female,Loyal Customer,54,Personal Travel,Eco,2717,1,4,1,1,1,3,3,5,5,4,5,3,3,3,0,12,FALSE
Male,Loyal Customer,56,Business Travel,Business,1145,5,5,5,5,3,5,4,4,4,4,4,3,5,4.31,0,15,TRUE
Male,Disloyal Customer,23,Business Travel,Eco,365,1,0,1,2,2,1,2,2,4,3,5,3,2,2.15,22,20,FALSE
Female,Loyal Customer,62,Personal Travel,Eco,956,3,5,3,3,2,5,5,5,5,3,5,4,5,4.08,41,42,FALSE
Male,Loyal Customer,33,Personal Travel,Business,272,3,0,3,5,5,3,2,5,5,5,5,3,5,3.77,0,0,FALSE
Female,Loyal Customer,47,Business Travel,Eco,236,4,5,5,5,2,3,1,4,4,4,4,3,4,3.69,0,0,TRUE
Male,Loyal Customer,18,Business Travel,Business,228,3,3,3,3,5,5,5,5,5,2,2,2,5,3.69,0,0,TRUE
Female,Loyal Customer,14,Personal Travel,Business,1931,5,5,5,2,4,5,1,4,5,3,5,4,4,4,1,0,TRUE
Female,Loyal Customer,45,Personal Travel,Eco Plus,854,2,5,2,2,2,4,4,2,2,2,2,5,5,3,13,7,FALSE
Male,Loyal Customer,51,Personal Travel,Eco,436,3,5,3,3,5,3,5,5,4,3,4,3,5,3.92,0,0,FALSE
Male,Loyal Customer,32,Personal Travel,Eco,331,2,5,2,5,3,2,3,3,4,2,1,4,3,3,0,0,FALSE
Male,Loyal Customer,54,Business Travel,Business,2600,5,5,5,5,1,4,5,4,4,4,4,4,3,4.08,0,0,TRUE
Male,Loyal Customer,31,Business Travel,Business,3324,2,2,2,2,4,4,4,4,4,2,5,4,4,3.31,0,0,TRUE
Female,Loyal Customer,23,Personal Travel,Eco,237,4,4,4,3,4,4,2,4,4,5,5,4,4,3.92,0,13,FALSE
Female,Loyal Customer,52,Personal Travel,Business,1092,1,1,0,3,1,3,4,5,5,0,5,3,3,2.62,96,127,FALSE
Male,Loyal Customer,42,Business Travel,Business,3222,5,5,5,5,5,5,4,4,4,5,4,5,4,4.62,0,0,TRUE
Male,Loyal Customer,58,Business Travel,Business,2563,5,5,5,5,2,4,5,4,4,4,4,3,5,4.23,57,36,TRUE
Female,Loyal Customer,36,Business Travel,Eco,173,2,3,4,4,2,2,2,2,1,2,3,3,2,2.46,0,0,FALSE
Female,Disloyal Customer,32,Business Travel,Business,312,2,2,2,2,5,2,5,5,3,3,4,4,5,3.38,11,20,FALSE
Male,Loyal Customer,50,Personal Travel,Eco,1061,2,5,3,3,4,3,4,4,4,2,5,4,4,3.62,5,0,FALSE
Female,Loyal Customer,49,Business Travel,Business,2306,2,2,2,2,1,3,1,3,3,4,3,3,1,2.31,8,0,TRUE
Female,Loyal Customer,46,Business Travel,Business,2861,2,4,4,4,3,2,2,2,2,2,2,3,2,2.62,0,0,FALSE
Female,Loyal Customer,49,Business Travel,Business,3320,2,2,2,2,2,5,5,5,5,5,5,3,5,3.69,53,56,TRUE
Female,Loyal Customer,65,Business Travel,Business,163,2,2,2,2,5,3,4,4,4,4,5,4,1,3.23,0,0,TRUE
Female,Disloyal Customer,26,Business Travel,Eco,130,2,3,2,5,3,2,2,3,3,4,5,4,3,3.15,85,91,FALSE
Male,Loyal Customer,22,Business Travel,Eco,643,4,4,4,4,4,4,4,4,2,2,4,1,4,3.46,0,0,FALSE
Male,Loyal Customer,67,Business Travel,Business,1624,5,5,5,5,5,5,5,4,4,4,4,4,3,4.46,0,7,TRUE
Male,Loyal Customer,46,Personal Travel,Eco,109,3,3,0,3,1,0,1,1,2,5,4,3,1,2.08,43,37,FALSE
Female,Loyal Customer,24,Personal Travel,Eco,450,2,2,2,2,2,2,2,2,2,5,3,1,2,2.23,0,5,FALSE
Female,Loyal Customer,59,Personal Travel,Eco Plus,2475,5,4,5,3,4,4,4,3,4,4,4,4,4,4,0,0,TRUE
Male,Loyal Customer,52,Business Travel,Business,404,3,3,3,3,3,5,5,5,5,5,5,4,4,4.08,129,107,TRUE
Female,Loyal Customer,37,Business Travel,Business,2908,5,5,5,5,4,2,2,3,3,3,3,3,5,3.69,0,13,TRUE
Female,Loyal Customer,28,Business Travel,Business,409,4,4,5,4,4,4,4,1,2,3,4,4,4,3.62,227,208,FALSE
Female,Loyal Customer,16,Personal Travel,Eco,679,4,4,4,2,4,4,1,4,4,4,5,5,4,3.77,0,0,FALSE
Female,Loyal Customer,26,Personal Travel,Eco,813,4,4,4,4,1,4,1,1,4,5,3,2,1,2.92,4,0,TRUE
Female,Disloyal Customer,20,Business Travel,Eco,618,2,1,2,3,3,2,3,3,3,4,4,1,3,2.62,0,0,FALSE
Female,Loyal Customer,24,Business Travel,Eco,340,3,3,4,3,3,3,4,3,3,1,4,3,3,3.08,0,10,FALSE
Female,Loyal Customer,8,Business Travel,Business,1738,2,1,2,2,2,2,2,2,3,5,3,4,2,2.46,4,3,FALSE
Female,Loyal Customer,43,Business Travel,Business,3749,1,1,1,1,2,4,2,3,3,3,3,5,2,2.38,1,0,TRUE
Female,Loyal Customer,42,Business Travel,Business,1812,5,5,5,5,2,5,5,4,4,4,4,3,4,4.23,0,1,TRUE
Female,Loyal Customer,64,Personal Travel,Eco,2370,3,5,3,4,2,4,4,2,2,3,1,3,4,3.08,0,0,FALSE
Female,Disloyal Customer,26,Business Travel,Business,602,1,1,1,2,1,1,1,1,4,5,5,3,1,2.08,0,0,FALSE
Female,Loyal Customer,9,Personal Travel,Eco,1726,2,5,2,1,3,2,3,3,4,2,5,2,3,2.85,0,0,FALSE
Female,Disloyal Customer,38,Business Travel,Eco,492,2,1,2,4,5,2,5,5,1,3,3,3,5,3.15,14,8,FALSE
Female,Loyal Customer,38,Personal Travel,Eco,727,1,3,2,3,4,2,4,4,3,3,4,1,4,2.92,0,0,FALSE
Male,Loyal Customer,28,Business Travel,Business,1020,4,4,4,4,5,5,5,5,5,5,4,3,5,4.46,0,14,TRUE
Male,Disloyal Customer,22,Business Travel,Eco,432,2,5,2,2,2,2,2,2,5,2,5,3,2,2.77,0,0,FALSE
Male,Loyal Customer,58,Business Travel,Business,3534,2,2,2,2,2,5,4,5,5,5,5,5,5,3.77,0,0,TRUE
Female,Loyal Customer,53,Business Travel,Business,373,1,1,2,2,5,2,2,1,1,1,1,1,3,1.77,58,63,FALSE
Female,Loyal Customer,8,Personal Travel,Eco Plus,125,2,1,2,3,4,2,1,4,2,1,3,4,4,2.54,0,0,FALSE
Female,Loyal Customer,8,Personal Travel,Eco,224,3,3,3,3,3,3,4,3,1,5,4,2,3,3.08,0,0,FALSE
Female,Loyal Customer,29,Business Travel,Business,1537,4,4,5,4,4,4,4,4,5,2,4,5,4,4.08,15,0,TRUE
Female,Loyal Customer,22,Business Travel,Business,521,3,3,3,3,4,4,4,4,4,4,2,5,4,3.62,0,7,TRUE
Female,Loyal Customer,11,Personal Travel,Eco,599,2,1,2,4,4,2,4,4,2,5,3,1,4,2.92,0,0,FALSE
Female,Disloyal Customer,20,Business Travel,Eco,679,1,1,1,3,1,1,1,1,2,5,2,4,1,1.85,0,0,FALSE
Female,Loyal Customer,35,Business Travel,Business,1666,1,1,1,1,1,5,4,4,4,4,4,2,1,2.54,14,0,TRUE
Male,Disloyal Customer,21,Business Travel,Eco,337,2,5,2,2,5,2,4,5,3,4,3,1,5,3.31,0,0,FALSE
Male,Loyal Customer,20,Personal Travel,Eco,926,1,5,0,3,3,0,3,3,1,3,3,3,3,2.38,0,7,FALSE
Male,Loyal Customer,42,Business Travel,Business,3816,2,2,2,2,2,4,4,5,5,5,5,2,3,3.31,0,0,TRUE
Male,Loyal Customer,37,Business Travel,Business,2887,2,4,4,4,1,3,3,3,3,3,2,1,3,2.77,36,22,FALSE
Male,Loyal Customer,51,Personal Travel,Eco,1416,4,1,4,2,5,4,4,5,4,4,2,2,5,3.54,23,10,FALSE
Male,Disloyal Customer,16,Business Travel,Eco,1138,2,2,2,4,2,2,2,2,4,3,4,3,2,2.62,100,94,FALSE
Female,Loyal Customer,43,Business Travel,Eco,936,2,1,1,1,5,4,2,2,2,2,2,2,2,2.15,9,14,TRUE
Male,Loyal Customer,66,Personal Travel,Eco Plus,722,2,2,2,3,4,2,5,4,3,1,4,3,4,3,1,0,FALSE
Female,Loyal Customer,39,Personal Travel,Eco,393,3,4,3,5,2,3,2,2,4,5,5,4,2,3.38,0,0,FALSE
Male,Loyal Customer,32,Business Travel,Business,1723,2,3,3,3,2,2,2,2,4,3,2,1,2,2.38,13,1,FALSE
Female,Loyal Customer,49,Business Travel,Business,3487,0,0,0,3,3,5,4,3,3,3,3,5,5,2.85,15,3,TRUE
Female,Loyal Customer,43,Business Travel,Eco,670,2,5,5,5,5,4,3,2,2,2,2,2,4,3.31,2,4,FALSE
Female,Loyal Customer,33,Business Travel,Business,2476,1,1,1,1,3,4,4,1,1,1,1,2,1,1.69,18,19,FALSE
Male,Loyal Customer,24,Personal Travel,Eco,721,0,1,0,3,3,0,2,3,2,2,3,4,3,2,0,0,TRUE
Female,Loyal Customer,25,Business Travel,Eco,817,4,1,1,1,4,4,3,4,1,1,2,2,4,2.46,0,0,TRUE
Female,Loyal Customer,60,Business Travel,Eco Plus,956,2,2,2,2,3,4,4,3,3,2,3,2,4,2.77,0,0,FALSE
Male,Loyal Customer,51,Business Travel,Business,3182,3,3,3,3,2,5,5,3,3,3,3,3,5,3.38,0,0,TRUE
Male,Loyal Customer,32,Personal Travel,Eco,468,3,5,3,1,5,3,5,5,5,5,4,3,5,4,0,0,FALSE
Male,Disloyal Customer,42,Business Travel,Business,391,2,2,2,3,4,2,3,4,3,3,2,4,4,2.92,48,40,FALSE
Male,Loyal Customer,54,Business Travel,Business,2371,2,2,4,2,3,4,4,4,4,4,4,4,4,3.46,7,28,TRUE
Female,Loyal Customer,9,Personal Travel,Business,697,2,2,3,3,3,3,3,3,3,4,4,3,3,3,0,0,FALSE
Male,Disloyal Customer,49,Business Travel,Business,1072,4,4,4,2,4,4,4,4,5,4,2,1,4,3.54,11,4,TRUE
Female,Loyal Customer,28,Personal Travel,Business,190,2,2,2,3,3,2,5,3,3,2,3,4,3,2.85,6,11,FALSE
Female,Loyal Customer,37,Business Travel,Business,1428,3,3,3,3,4,3,2,5,5,5,5,5,2,3.69,0,0,TRUE
Female,Loyal Customer,70,Personal Travel,Eco,2422,2,1,2,2,2,2,2,1,1,2,1,2,1,1.62,92,81,FALSE
Male,Loyal Customer,8,Personal Travel,Eco,214,2,4,2,4,5,2,5,5,4,3,3,1,5,3.46,0,7,FALSE
Male,Loyal Customer,58,Business Travel,Eco,484,3,5,2,5,3,3,3,3,1,3,4,1,3,3,11,26,FALSE
Male,Loyal Customer,24,Business Travel,Eco Plus,1189,4,5,5,5,4,4,5,4,5,2,4,1,4,4,0,0,TRUE
Male,Loyal Customer,9,Personal Travel,Eco,984,1,3,0,2,5,0,5,5,3,4,3,4,5,3.08,26,26,FALSE
Male,Disloyal Customer,29,Business Travel,Eco,925,5,5,5,4,3,5,3,3,1,2,2,3,3,3.38,0,0,TRUE
Male,Loyal Customer,34,Business Travel,Business,3224,4,4,4,4,2,5,5,5,5,5,5,5,3,4.31,0,0,TRUE
Female,Disloyal Customer,27,Business Travel,Eco,628,2,4,2,4,1,2,1,1,4,3,4,1,1,2.31,8,5,FALSE
Female,Loyal Customer,33,Business Travel,Business,2456,5,5,5,5,1,5,2,4,4,4,4,2,3,3.77,0,0,TRUE
Female,Disloyal Customer,29,Business Travel,Business,1846,3,3,3,1,3,3,4,3,4,3,5,5,3,3.31,0,0,FALSE
Female,Loyal Customer,47,Personal Travel,Eco,413,4,5,3,5,3,4,4,2,2,3,1,4,5,3.46,9,0,TRUE
Female,Loyal Customer,52,Business Travel,Business,3897,1,1,1,1,3,4,5,5,5,5,5,3,4,3.31,33,37,TRUE
Female,Loyal Customer,51,Business Travel,Eco Plus,622,2,1,5,1,4,3,4,2,2,2,2,2,1,2.38,0,0,FALSE
Female,Loyal Customer,29,Business Travel,Business,2838,2,2,2,2,5,5,5,5,2,2,5,5,5,3.62,4,0,TRUE
Male,Loyal Customer,55,Business Travel,Business,1996,5,4,2,4,4,4,3,5,5,4,5,1,1,3.62,14,16,FALSE
Male,Loyal Customer,32,Personal Travel,Eco,419,4,5,4,4,5,4,5,5,2,1,1,1,5,3.54,0,0,TRUE
Male,Loyal Customer,35,Personal Travel,Eco,466,2,4,2,2,4,2,4,4,3,3,4,4,4,3.23,0,0,FALSE
Male,Loyal Customer,30,Business Travel,Business,3835,1,2,2,2,1,1,1,1,2,1,3,4,1,1.69,5,0,FALSE
Male,Loyal Customer,49,Business Travel,Eco,469,5,4,4,4,5,5,5,5,2,4,1,1,5,3.85,0,0,TRUE
Male,Loyal Customer,36,Personal Travel,Eco Plus,240,1,4,0,2,5,0,5,5,3,3,4,3,5,3.08,0,0,FALSE
Female,Loyal Customer,41,Business Travel,Business,3842,4,2,2,2,3,3,3,4,4,3,4,2,4,3.08,0,0,FALSE
Male,Loyal Customer,43,Business Travel,Business,328,5,5,5,5,4,5,5,4,4,4,4,5,3,4.46,0,0,TRUE
Female,Disloyal Customer,36,Business Travel,Business,655,4,4,4,1,1,4,1,1,3,2,5,4,1,2.69,0,0,FALSE
Female,Loyal Customer,18,Business Travel,Business,641,5,5,5,5,4,4,4,4,4,2,5,5,4,4.31,0,6,TRUE
Male,Loyal Customer,24,Business Travel,Business,1954,1,1,1,1,4,4,4,4,4,4,5,5,4,3.23,58,54,TRUE
Male,Loyal Customer,37,Business Travel,Business,2637,2,2,2,2,2,5,5,4,4,4,4,4,4,3.38,0,4,TRUE
Female,Loyal Customer,56,Business Travel,Business,882,2,2,2,2,5,4,5,4,4,4,4,3,4,3.46,0,0,TRUE
Male,Loyal Customer,35,Business Travel,Business,2258,5,5,4,5,2,5,4,4,4,4,5,5,4,4.31,0,113,TRUE
Female,Loyal Customer,45,Personal Travel,Eco,640,4,5,4,3,2,4,4,1,1,4,1,4,4,3.15,9,8,FALSE
Male,Loyal Customer,40,Business Travel,Eco,224,1,2,5,5,1,1,1,1,2,2,4,4,1,2.31,0,7,FALSE
Female,Disloyal Customer,37,Business Travel,Eco,134,2,5,2,5,1,2,2,1,3,4,3,2,1,2.54,0,0,FALSE
Female,Loyal Customer,7,Personal Travel,Eco Plus,2586,3,2,3,3,3,4,4,1,2,3,3,4,4,3,0,0,FALSE
Female,Loyal Customer,22,Business Travel,Business,2967,2,3,3,3,2,2,2,2,1,2,3,2,2,2.23,0,12,FALSE
Female,Loyal Customer,42,Business Travel,Business,562,5,5,5,5,3,5,4,4,4,4,4,5,3,4.31,3,0,TRUE
Male,Loyal Customer,32,Business Travel,Business,2685,4,4,4,4,5,5,5,5,3,5,5,5,5,4.54,0,0,TRUE
Female,Disloyal Customer,14,Business Travel,Eco,1075,4,4,4,2,1,4,1,1,3,2,5,4,1,2.77,6,1,FALSE
Female,Disloyal Customer,46,Business Travel,Eco,370,2,0,2,3,5,2,4,5,1,5,5,2,5,3.15,0,0,FALSE
Female,Loyal Customer,42,Business Travel,Business,2475,1,1,1,1,3,4,4,5,5,5,5,3,5,3.31,0,0,TRUE
Female,Loyal Customer,24,Business Travel,Eco Plus,404,1,4,4,4,1,1,4,1,4,1,4,2,1,2.46,1,0,FALSE
Female,Loyal Customer,33,Personal Travel,Eco,320,3,3,3,3,4,3,4,4,2,1,4,5,4,3.31,0,0,FALSE
Female,Loyal Customer,30,Business Travel,Eco,541,4,1,5,1,4,4,4,4,4,3,3,3,4,3.38,0,0,TRUE
Female,Loyal Customer,29,Business Travel,Business,2714,2,2,1,2,4,4,4,4,1,1,3,4,4,2.77,0,0,TRUE
Male,Loyal Customer,24,Personal Travel,Eco Plus,1035,3,4,3,3,5,3,5,5,5,3,5,4,5,4.08,0,0,FALSE
Female,Loyal Customer,55,Personal Travel,Eco,594,3,3,3,5,2,4,1,4,4,3,4,4,5,3.46,8,10,FALSE
Male,Disloyal Customer,25,Business Travel,Business,813,5,5,5,1,5,5,5,5,4,2,5,4,5,4.31,0,0,TRUE
Female,Loyal Customer,58,Personal Travel,Eco,821,3,4,3,4,2,4,3,4,4,3,4,2,4,3.38,0,0,FALSE
Male,Loyal Customer,64,Business Travel,Business,3345,2,1,1,1,3,3,3,2,2,2,2,3,2,2.08,0,0,FALSE
Female,Loyal Customer,12,Personal Travel,Eco,391,4,4,4,2,3,4,4,3,4,4,4,5,3,3.69,0,0,FALSE
Male,Loyal Customer,30,Business Travel,Business,2175,1,1,1,1,5,4,5,5,5,2,5,5,5,3.46,0,0,TRUE
Female,Loyal Customer,25,Business Travel,Business,650,4,4,4,4,4,5,4,4,4,5,5,5,4,4.31,0,16,TRUE
Male,Loyal Customer,23,Personal Travel,Eco,666,2,5,2,1,3,2,1,3,1,5,3,4,3,2.69,0,0,FALSE
Male,Loyal Customer,47,Personal Travel,Eco,820,2,4,2,3,5,2,5,5,1,5,3,2,5,3.38,0,0,FALSE
Male,Loyal Customer,23,Business Travel,Business,486,4,4,4,4,5,5,5,5,3,5,4,5,5,4.46,0,0,TRUE
Female,Loyal Customer,65,Business Travel,Eco,320,1,1,1,1,3,4,4,1,1,1,1,3,3,1.92,0,0,FALSE
Male,Loyal Customer,50,Business Travel,Eco,129,5,5,5,5,5,5,5,5,1,5,5,2,5,4.46,0,0,TRUE
Female,Loyal Customer,42,Business Travel,Eco,300,3,5,5,5,3,3,3,3,3,3,3,4,1,3.38,41,52,FALSE
Male,Loyal Customer,58,Personal Travel,Eco,507,3,5,3,2,1,3,2,1,4,5,5,3,1,2.92,6,0,FALSE
Male,Loyal Customer,32,Business Travel,Eco,912,4,1,2,2,4,4,4,4,1,1,3,1,4,2.69,3,0,FALSE
Male,Loyal Customer,17,Personal Travel,Eco,557,1,5,1,3,3,1,3,3,5,2,1,4,3,2.69,127,115,FALSE
Female,Disloyal Customer,25,Business Travel,Eco,680,1,1,1,3,3,1,1,3,3,2,3,4,3,2.23,0,0,FALSE
Female,Loyal Customer,48,Business Travel,Eco Plus,145,5,3,5,5,1,5,4,5,5,5,5,1,1,3.85,0,0,TRUE
Male,Loyal Customer,53,Personal Travel,Eco Plus,1744,1,4,1,4,2,1,3,2,1,1,2,4,2,2.15,2,0,FALSE
Male,Loyal Customer,60,Business Travel,Eco,859,3,4,4,4,4,3,4,4,4,4,3,3,4,3.69,16,44,FALSE
Female,Loyal Customer,31,Personal Travel,Eco,259,3,3,3,2,1,3,1,1,1,3,4,2,1,2.15,3,4,FALSE
Male,Disloyal Customer,25,Business Travel,Eco,758,4,4,4,4,5,4,2,5,5,5,2,5,5,4.15,0,57,FALSE
Female,Loyal Customer,43,Business Travel,Business,3228,5,3,5,5,1,5,1,4,4,4,4,3,3,3.62,21,0,TRUE
Female,Loyal Customer,39,Business Travel,Business,1066,5,5,5,5,3,5,4,4,4,4,4,5,3,4.31,0,0,TRUE
Female,Loyal Customer,36,Business Travel,Business,2503,3,1,1,1,2,3,4,3,3,3,3,4,1,2.46,0,0,FALSE
Female,Loyal Customer,26,Personal Travel,Eco,589,2,4,2,4,3,2,3,3,4,5,5,5,3,3.46,0,0,FALSE
Female,Loyal Customer,35,Personal Travel,Eco,618,4,3,5,2,4,5,4,4,3,5,5,1,4,3.77,0,11,FALSE
Female,Loyal Customer,32,Business Travel,Business,1313,3,2,3,3,5,5,5,5,3,5,5,3,5,4,0,5,TRUE
Female,Loyal Customer,59,Personal Travel,Eco,1024,1,4,1,5,5,5,5,2,2,1,2,4,4,3.15,0,0,FALSE
Female,Loyal Customer,36,Personal Travel,Eco,718,4,4,4,4,2,4,5,2,2,5,3,4,2,3.46,3,11,FALSE
Female,Loyal Customer,47,Business Travel,Business,781,2,5,5,5,2,2,2,4,2,3,3,2,2,3,146,133,FALSE
Male,Loyal Customer,62,Business Travel,Eco,223,2,3,3,3,2,2,2,2,2,2,4,1,2,2.31,16,7,FALSE
Female,Loyal Customer,51,Business Travel,Business,3731,2,4,4,4,2,3,3,2,2,2,2,3,3,2.77,29,35,FALSE
Female,Loyal Customer,31,Personal Travel,Eco Plus,2475,1,5,1,3,1,3,3,3,4,5,5,3,3,3.08,0,1,FALSE
Female,Loyal Customer,8,Personal Travel,Eco,697,1,5,1,2,2,1,2,2,1,2,3,5,2,2.23,0,0,FALSE
Female,Loyal Customer,47,Business Travel,Business,2134,4,4,4,4,5,4,5,4,4,4,4,3,5,4.15,0,25,TRUE
Female,Loyal Customer,48,Business Travel,Business,3544,2,3,3,3,1,2,3,2,2,2,2,1,4,2.31,0,11,FALSE
Female,Loyal Customer,57,Business Travel,Business,846,1,1,1,1,2,5,4,5,5,5,5,3,5,3.31,24,34,TRUE
Female,Loyal Customer,49,Business Travel,Business,1503,4,4,4,4,4,5,5,5,5,5,5,3,3,4.31,16,21,TRUE
Male,Disloyal Customer,39,Business Travel,Business,1487,2,2,2,4,4,2,4,4,4,5,5,4,4,3.54,0,22,FALSE
Male,Loyal Customer,37,Personal Travel,Eco,305,0,4,0,1,5,0,5,5,4,2,4,3,5,2.92,0,0,TRUE
Female,Loyal Customer,64,Personal Travel,Eco,371,4,3,4,4,4,4,3,5,5,4,5,4,3,4,0,0,TRUE
Male,Loyal Customer,30,Business Travel,Business,725,3,3,3,3,4,4,4,4,5,5,4,3,4,3.77,0,1,TRUE
Male,Loyal Customer,61,Business Travel,Business,362,1,1,1,1,2,5,4,4,4,4,4,4,1,2.77,39,77,TRUE
Female,Loyal Customer,47,Business Travel,Business,147,2,4,4,4,3,2,3,2,4,3,2,3,3,3,195,200,FALSE
Female,Disloyal Customer,45,Business Travel,Business,328,5,5,5,4,2,5,1,2,4,4,5,3,2,3.62,0,3,TRUE
Female,Loyal Customer,47,Personal Travel,Eco,1521,4,4,4,1,5,4,5,3,3,4,3,3,5,3.69,2,0,TRUE
Male,Loyal Customer,54,Personal Travel,Eco,248,4,5,4,5,2,4,2,2,4,3,4,5,2,3.54,6,0,FALSE
Female,Loyal Customer,12,Personal Travel,Eco,328,2,3,3,3,5,3,5,5,2,4,3,4,5,3.62,27,22,FALSE
Female,Loyal Customer,41,Business Travel,Business,3163,2,1,4,1,3,3,4,2,2,2,2,2,1,2.23,0,0,FALSE
Male,Loyal Customer,35,Business Travel,Business,3810,3,3,3,3,3,5,4,5,5,5,5,4,4,4,17,8,TRUE
Female,Loyal Customer,40,Personal Travel,Eco,280,4,4,4,3,4,4,4,4,4,4,4,4,4,3.92,0,4,FALSE
Female,Loyal Customer,30,Business Travel,Business,480,1,1,1,1,5,5,5,5,3,4,4,3,5,3.31,21,17,TRUE
Male,Loyal Customer,61,Business Travel,Business,3639,1,1,1,1,4,5,5,5,5,4,5,3,3,3.31,0,7,TRUE
Female,Disloyal Customer,29,Business Travel,Business,853,2,2,2,3,1,2,1,1,2,5,3,3,1,2.15,0,10,FALSE
Male,Loyal Customer,68,Personal Travel,Eco,395,2,5,2,2,4,2,3,4,5,5,4,5,4,3.62,17,20,FALSE
Female,Disloyal Customer,11,Business Travel,Business,980,4,0,4,5,5,4,5,5,3,2,5,4,5,3.92,0,0,TRUE
Female,Loyal Customer,24,Personal Travel,Eco Plus,460,2,5,2,1,2,2,2,2,5,4,4,3,2,2.77,0,0,FALSE
Female,Loyal Customer,41,Business Travel,Business,1605,3,4,4,4,4,4,4,3,3,3,3,3,2,3.38,47,25,FALSE
Male,Loyal Customer,24,Personal Travel,Eco,948,2,2,2,4,1,2,1,1,1,5,3,2,1,2.08,0,0,FALSE
Male,Disloyal Customer,48,Business Travel,Eco,208,4,5,3,5,1,3,1,1,4,3,2,3,1,2.77,103,96,FALSE
Male,Loyal Customer,43,Business Travel,Business,2480,5,5,4,5,3,4,5,2,2,3,2,4,5,3.77,1,0,TRUE
Female,Loyal Customer,50,Business Travel,Business,3295,3,1,1,1,3,4,4,3,3,2,3,4,1,2.54,0,0,FALSE
Male,Loyal Customer,53,Business Travel,Eco,399,4,1,1,1,4,4,4,4,5,2,5,3,4,3.23,59,56,TRUE
Male,Loyal Customer,69,Personal Travel,Eco,552,1,1,1,2,4,1,4,4,3,5,3,3,4,2.77,0,0,FALSE
Female,Loyal Customer,34,Personal Travel,Eco,501,4,4,4,4,3,4,5,3,5,4,4,3,3,3.85,4,1,TRUE
Female,Loyal Customer,23,Business Travel,Eco Plus,534,4,5,5,5,4,4,2,4,3,1,3,4,4,3.69,0,0,FALSE
Male,Loyal Customer,45,Business Travel,Business,237,5,5,5,5,4,5,5,5,5,5,5,3,4,4.69,2,0,TRUE
Female,Loyal Customer,41,Business Travel,Eco,637,4,2,2,2,4,4,4,4,3,4,4,5,4,3.54,0,0,TRUE
Female,Loyal Customer,57,Personal Travel,Eco,153,4,5,4,2,3,4,4,2,2,4,2,3,4,3.31,0,0,FALSE
Female,Disloyal Customer,22,Business Travel,Eco,121,3,4,3,3,1,3,1,1,3,1,3,2,1,2.23,0,0,FALSE
Male,Loyal Customer,9,Personal Travel,Eco,447,2,4,2,3,3,2,3,3,3,3,4,3,3,2.92,3,5,FALSE
Male,Disloyal Customer,28,Business Travel,Eco,2300,2,3,3,4,2,2,2,1,1,2,3,2,2,2.23,0,0,FALSE
Male,Loyal Customer,45,Business Travel,Eco Plus,1008,2,5,5,5,2,2,2,2,5,5,5,4,2,3.54,0,0,TRUE
Male,Disloyal Customer,21,Business Travel,Eco,342,3,0,2,4,1,2,1,1,2,5,1,1,1,1.85,0,0,FALSE
Female,Loyal Customer,37,Personal Travel,Eco,451,3,4,2,5,3,2,2,3,4,3,4,4,3,3.23,0,0,FALSE
Male,Loyal Customer,7,Personal Travel,Eco,358,5,4,5,2,3,5,3,3,4,5,4,4,3,3.85,0,2,TRUE
Female,Loyal Customer,11,Personal Travel,Eco,255,3,3,0,4,1,0,1,1,5,2,4,5,1,2.31,2,0,FALSE
Female,Loyal Customer,45,Business Travel,Business,1600,3,2,2,2,4,4,4,3,3,3,3,2,4,3,0,0,FALSE
Female,Disloyal Customer,22,Business Travel,Eco,1262,1,1,1,4,2,1,5,2,4,4,5,4,2,2.77,0,0,FALSE
Male,Loyal Customer,57,Business Travel,Business,3666,0,0,0,3,5,4,4,3,3,3,3,4,5,2.85,6,0,TRUE
Female,Loyal Customer,28,Personal Travel,Eco,867,2,4,2,4,5,2,4,5,2,5,3,4,5,3.62,0,0,FALSE
Female,Loyal Customer,39,Business Travel,Business,3254,5,5,5,5,3,4,4,4,4,4,4,5,3,4.23,0,0,TRUE
Female,Loyal Customer,65,Personal Travel,Eco,241,3,4,3,3,2,4,5,4,4,3,4,5,4,3.69,0,2,FALSE
Male,Loyal Customer,30,Business Travel,Business,1947,4,4,4,4,4,4,4,4,5,4,4,5,4,4.15,0,0,TRUE
Female,Disloyal Customer,39,Business Travel,Eco,611,2,0,2,1,4,2,4,4,1,2,1,1,4,2.15,0,0,FALSE
Male,Loyal Customer,55,Business Travel,Business,1616,5,5,5,5,4,4,4,4,4,4,4,5,4,4.38,43,48,TRUE
Male,Loyal Customer,50,Business Travel,Eco Plus,989,5,4,5,4,5,5,5,5,4,1,1,1,5,3.85,0,0,TRUE
Male,Loyal Customer,28,Business Travel,Business,1744,1,1,1,1,4,4,4,4,4,3,3,4,4,2.92,6,0,TRUE
Male,Loyal Customer,58,Business Travel,Business,1371,5,5,5,5,2,5,5,4,4,4,4,4,4,4.31,9,31,TRUE
Male,Loyal Customer,23,Business Travel,Business,2024,4,4,4,4,4,4,4,4,5,3,5,3,4,4,0,0,TRUE
Male,Loyal Customer,17,Personal Travel,Eco,449,4,3,1,4,4,1,3,4,1,3,1,5,4,2.92,0,16,TRUE
Female,Loyal Customer,38,Personal Travel,Eco,116,3,1,0,4,1,0,1,1,2,3,3,3,1,1.77,0,0,FALSE
Female,Loyal Customer,19,Business Travel,Eco,589,5,2,2,2,5,5,5,5,1,1,4,4,5,3.54,103,92,TRUE
Female,Loyal Customer,44,Personal Travel,Eco,89,1,4,1,4,5,5,4,2,2,1,2,5,5,3.15,14,6,FALSE
Female,Loyal Customer,53,Business Travel,Business,3019,3,3,3,3,1,1,3,5,5,5,5,2,1,3.08,12,50,TRUE
Female,Loyal Customer,34,Business Travel,Business,1620,5,5,5,5,3,3,3,5,3,5,5,3,3,4.08,273,308,TRUE
Female,Disloyal Customer,24,Business Travel,Eco,628,2,4,3,4,5,3,5,5,2,2,4,1,5,3.46,20,13,FALSE
Male,Loyal Customer,33,Business Travel,Eco Plus,305,0,0,0,2,3,0,1,3,4,3,2,4,3,1.92,0,0,TRUE
Female,Loyal Customer,21,Business Travel,Eco Plus,1005,1,4,4,4,1,1,2,1,4,1,4,4,1,2.46,1,11,FALSE
Male,Loyal Customer,36,Business Travel,Business,2133,4,4,4,4,4,3,4,4,4,4,4,3,3,3.77,0,0,TRUE
Female,Loyal Customer,59,Personal Travel,Business,1061,2,4,2,1,5,4,4,3,3,2,3,5,3,3.15,0,7,FALSE
Female,Loyal Customer,25,Business Travel,Eco,507,4,1,1,1,4,4,1,4,2,3,4,1,4,2.62,0,26,FALSE
Male,Loyal Customer,18,Personal Travel,Business,749,3,2,3,3,2,3,2,2,4,2,3,1,2,2.46,16,9,FALSE
Female,Loyal Customer,23,Business Travel,Business,1931,3,3,3,3,4,4,4,4,4,3,4,5,4,3.69,30,23,TRUE
Male,Disloyal Customer,30,Business Travel,Business,723,4,4,4,3,1,4,1,1,3,4,5,4,1,3,6,1,TRUE
Female,Loyal Customer,41,Business Travel,Business,297,2,3,3,3,3,2,3,2,2,2,2,4,1,2.46,0,21,FALSE
Female,Loyal Customer,64,Personal Travel,Eco,533,3,4,3,4,5,4,4,2,2,3,4,3,5,3.54,122,103,FALSE
Male,Loyal Customer,46,Personal Travel,Eco,764,2,3,2,3,1,2,1,1,5,1,3,2,1,2.08,0,0,FALSE
Male,Loyal Customer,64,Business Travel,Eco,1089,1,3,3,3,1,1,1,1,4,4,4,4,1,2.38,0,0,FALSE
Female,Disloyal Customer,22,Business Travel,Eco,1235,5,5,5,4,2,5,2,2,2,1,2,3,2,3.08,0,0,TRUE
Female,Loyal Customer,35,Business Travel,Business,1055,1,1,1,1,3,5,4,4,4,5,4,5,4,3.23,0,0,TRUE
Female,Disloyal Customer,22,Business Travel,Eco,1008,3,3,3,3,2,3,2,2,4,1,1,4,2,2.54,0,0,FALSE
Male,Loyal Customer,45,Business Travel,Business,2141,3,3,3,3,5,5,4,4,4,4,4,4,3,3.77,0,0,TRUE
Female,Loyal Customer,40,Business Travel,Business,2279,1,3,3,3,3,3,3,1,1,1,1,2,2,2.08,0,1,FALSE
Female,Loyal Customer,27,Personal Travel,Eco,429,3,3,3,3,4,3,4,4,2,3,4,4,4,3.38,0,0,FALSE
Male,Loyal Customer,39,Business Travel,Business,3176,1,1,1,1,3,5,4,4,4,4,5,4,3,3.08,0,0,TRUE
Female,Loyal Customer,33,Business Travel,Business,1544,2,4,4,4,4,4,3,2,2,2,2,1,3,2.85,0,0,FALSE
Male,Loyal Customer,30,Business Travel,Business,2009,4,4,4,4,4,4,4,4,4,2,1,3,4,3.54,0,0,TRUE
Male,Loyal Customer,39,Business Travel,Eco,432,3,4,4,4,3,2,3,3,2,1,2,2,3,2.77,0,2,FALSE
Male,Disloyal Customer,42,Business Travel,Business,417,4,4,4,3,2,4,2,2,4,2,4,3,2,3.08,0,8,TRUE
Female,Loyal Customer,38,Business Travel,Business,1162,3,5,5,5,1,3,4,3,3,2,3,3,1,3.15,0,0,FALSE
Male,Loyal Customer,18,Personal Travel,Eco,1313,4,5,4,5,1,4,1,1,5,3,5,4,1,3.31,20,11,FALSE
Female,Disloyal Customer,25,Business Travel,Eco,693,3,3,3,3,1,3,2,1,4,2,5,2,1,2.54,19,15,FALSE
Male,Loyal Customer,11,Personal Travel,Eco,715,4,5,4,3,2,4,2,2,5,3,5,5,2,3.54,8,0,TRUE
Female,Loyal Customer,58,Business Travel,Business,1090,2,2,3,2,3,4,5,4,4,4,4,3,4,3.38,0,2,TRUE
Female,Disloyal Customer,61,Business Travel,Business,308,4,4,4,3,3,4,3,3,3,3,4,3,3,3.38,0,0,FALSE
Female,Loyal Customer,33,Business Travel,Eco,262,0,0,0,3,3,0,3,3,2,2,1,3,3,1.77,0,0,TRUE
Female,Loyal Customer,30,Personal Travel,Eco,838,5,5,5,4,4,5,4,4,4,4,4,4,4,4.31,0,0,TRUE
Female,Loyal Customer,45,Business Travel,Business,2701,3,5,5,5,3,3,3,2,4,2,4,3,3,3.46,0,0,FALSE
Male,Loyal Customer,46,Business Travel,Business,3237,4,4,4,4,3,5,4,4,4,4,4,3,5,4,0,0,TRUE
Male,Loyal Customer,55,Business Travel,Eco,802,4,2,2,2,4,4,4,4,5,4,5,5,4,3.77,0,0,TRUE
Male,Loyal Customer,12,Personal Travel,Eco,1080,5,4,5,5,3,4,3,3,4,4,5,3,3,3.92,0,0,TRUE
Male,Loyal Customer,64,Personal Travel,Eco,1073,4,5,4,5,4,4,5,4,3,3,5,4,4,4.15,0,12,FALSE
Female,Loyal Customer,46,Business Travel,Business,3472,2,2,2,2,3,5,4,5,5,4,5,5,5,3.77,0,0,TRUE
Male,Disloyal Customer,24,Business Travel,Eco,414,1,3,1,2,2,1,2,2,2,4,3,1,2,2,19,18,FALSE
Female,Disloyal Customer,39,Business Travel,Business,712,3,3,3,4,1,3,1,1,4,4,4,3,1,2.69,0,0,FALSE
Male,Loyal Customer,63,Personal Travel,Eco Plus,666,1,5,1,4,4,1,5,4,4,1,1,3,4,2.92,0,2,FALSE
Male,Loyal Customer,21,Personal Travel,Eco,314,2,4,2,1,2,2,2,2,3,5,4,3,2,2.62,1,23,FALSE
Female,Loyal Customer,10,Personal Travel,Eco,986,4,5,4,5,5,4,5,5,3,4,5,4,5,4.46,0,0,FALSE
Male,Loyal Customer,59,Business Travel,Eco,927,1,4,4,4,1,1,1,1,3,5,4,1,1,2.38,0,0,FALSE
Female,Disloyal Customer,38,Business Travel,Eco,234,3,2,3,2,1,3,1,1,2,3,2,2,1,2,7,1,FALSE
Female,Loyal Customer,48,Personal Travel,Eco,919,1,3,1,3,5,4,3,3,3,1,3,2,2,2.62,11,2,FALSE
Female,Loyal Customer,49,Business Travel,Business,570,4,4,3,4,3,4,5,4,4,5,4,5,5,4.15,1,0,TRUE
Female,Loyal Customer,42,Business Travel,Business,2641,3,3,2,3,4,4,5,5,5,5,5,4,5,4.08,0,0,TRUE
Male,Loyal Customer,23,Business Travel,Business,1504,5,5,5,5,4,4,4,4,3,1,1,4,4,3.77,9,0,TRUE
Male,Loyal Customer,55,Personal Travel,Eco,89,2,5,2,3,3,2,3,3,1,3,5,3,3,2.92,4,0,FALSE
Female,Loyal Customer,43,Business Travel,Eco Plus,1085,1,3,3,3,3,3,3,1,1,1,1,4,2,2.23,59,61,FALSE
Female,Loyal Customer,45,Personal Travel,Eco Plus,589,3,4,3,3,2,4,5,3,3,3,3,4,4,3.38,8,0,FALSE
Male,Loyal Customer,22,Personal Travel,Eco Plus,228,3,4,3,3,3,3,5,3,5,3,4,4,3,3.54,4,34,FALSE
Male,Loyal Customer,52,Personal Travel,Eco,1192,3,5,3,2,2,3,2,2,5,3,5,3,2,3.08,0,0,FALSE
Male,Loyal Customer,52,Business Travel,Business,3571,4,4,4,4,2,4,5,4,4,4,4,5,5,4.08,1,0,TRUE
Male,Loyal Customer,78,Business Travel,Eco,842,2,4,4,4,2,2,2,2,3,2,4,3,2,2.77,66,52,FALSE
Female,Loyal Customer,32,Personal Travel,Eco,1504,4,2,4,1,5,4,5,5,1,1,2,1,5,3.08,17,0,TRUE
Male,Loyal Customer,30,Business Travel,Business,3540,4,4,4,4,5,5,5,5,4,1,4,2,5,4,0,10,TRUE
Male,Loyal Customer,25,Personal Travel,Eco Plus,657,4,4,3,4,2,3,4,2,3,5,4,3,2,3.31,5,0,TRUE
Male,Loyal Customer,15,Personal Travel,Eco,1605,1,5,1,2,3,1,3,3,4,3,5,4,3,2.92,45,21,FALSE
Male,Loyal Customer,56,Personal Travel,Eco,337,2,3,2,2,2,2,2,2,5,4,5,3,2,2.77,0,0,FALSE
Female,Loyal Customer,54,Personal Travel,Eco,476,5,4,1,3,2,3,4,4,4,1,4,1,4,3.08,0,0,TRUE
Male,Loyal Customer,37,Business Travel,Business,1009,5,5,5,5,3,5,4,4,4,4,4,4,3,4.23,0,0,TRUE
Male,Loyal Customer,34,Personal Travel,Eco,1028,2,3,2,4,2,2,2,2,4,4,4,1,2,2.62,0,0,FALSE
Female,Loyal Customer,39,Business Travel,Eco,227,3,1,1,1,3,3,3,3,3,2,3,4,3,2.54,6,5,FALSE
Female,Loyal Customer,43,Business Travel,Business,3785,3,3,3,3,4,4,3,1,1,2,3,3,4,2.85,0,0,FALSE
Male,Loyal Customer,25,Business Travel,Eco,771,4,3,3,3,4,4,5,4,1,4,4,2,4,3.46,0,0,TRUE
Male,Disloyal Customer,36,Business Travel,Eco,1040,2,2,2,1,4,2,4,4,1,3,1,5,4,2.69,12,0,FALSE
Male,Loyal Customer,22,Personal Travel,Eco,1075,3,5,3,3,4,3,4,4,3,5,4,1,4,3.54,30,5,FALSE
Male,Loyal Customer,28,Business Travel,Business,752,4,4,3,4,4,4,4,4,3,5,4,4,4,3.92,20,40,TRUE
Male,Loyal Customer,25,Personal Travel,Eco,749,1,2,1,3,3,1,4,3,2,1,3,1,3,2.15,13,13,FALSE
Male,Loyal Customer,53,Personal Travel,Eco,602,2,4,2,5,2,2,2,2,1,2,3,4,2,2.54,4,8,FALSE
Male,Disloyal Customer,48,Business Travel,Eco,794,1,2,2,3,3,1,3,3,4,1,4,2,3,2.46,0,0,FALSE
Female,Loyal Customer,60,Business Travel,Eco,457,4,4,4,4,4,2,1,5,5,4,5,1,3,3.54,0,0,TRUE
Male,Loyal Customer,24,Business Travel,Business,1728,1,1,1,1,4,4,4,4,4,5,4,3,4,3.08,1,0,TRUE
Female,Loyal Customer,52,Personal Travel,Eco,404,1,4,1,2,2,4,4,2,2,1,2,5,3,2.54,0,0,FALSE
Male,Loyal Customer,65,Business Travel,Eco,109,3,5,2,5,3,3,3,3,2,3,1,3,3,3,0,0,FALSE
Female,Loyal Customer,23,Business Travel,Business,1662,4,4,4,4,5,5,5,5,4,5,4,4,5,4.46,18,23,TRUE
Female,Loyal Customer,46,Business Travel,Business,1476,4,4,4,4,2,1,3,4,4,4,4,5,4,3.62,0,0,TRUE
Male,Loyal Customer,46,Business Travel,Business,1923,4,4,4,4,3,4,5,4,4,4,4,5,4,4.08,4,3,TRUE
Female,Loyal Customer,52,Personal Travel,Eco Plus,1849,5,4,5,1,4,5,1,3,3,5,3,2,4,3.46,0,0,TRUE
Male,Loyal Customer,80,Business Travel,Eco,572,3,5,5,5,3,3,3,3,4,1,4,2,3,3.38,12,30,FALSE
Male,Disloyal Customer,24,Business Travel,Business,590,5,5,5,2,4,5,4,4,3,2,4,3,4,3.85,0,0,TRUE
Female,Loyal Customer,9,Personal Travel,Eco Plus,1849,3,1,3,2,2,3,2,2,2,2,3,2,2,2.23,0,7,FALSE
Female,Loyal Customer,35,Personal Travel,Eco,1028,4,4,4,4,4,5,5,3,4,5,5,5,5,4.38,187,197,FALSE
Male,Loyal Customer,46,Business Travel,Business,147,2,2,2,2,5,4,4,5,5,5,3,1,5,3.46,0,0,TRUE
Female,Loyal Customer,43,Personal Travel,Eco,258,4,2,4,3,4,3,4,1,1,4,1,1,1,2.54,6,5,FALSE
Female,Loyal Customer,51,Business Travel,Business,1587,1,1,1,1,3,5,4,4,4,4,4,4,5,3.15,0,0,TRUE
Male,Loyal Customer,48,Business Travel,Eco,1028,5,4,4,4,5,5,5,5,1,2,1,5,5,3.92,0,0,TRUE
Female,Disloyal Customer,23,Business Travel,Eco,435,2,0,2,4,5,2,3,5,5,4,5,1,5,3.31,0,0,FALSE
Female,Loyal Customer,52,Business Travel,Eco,647,2,5,1,1,2,4,3,2,2,2,2,1,2,2.23,0,0,FALSE
Female,Loyal Customer,43,Business Travel,Business,926,1,1,1,1,3,5,5,4,4,5,4,5,3,3.23,23,34,TRUE
Female,Loyal Customer,36,Business Travel,Eco,404,4,5,5,5,4,4,4,4,1,4,3,3,4,3.85,45,51,FALSE
Male,Loyal Customer,39,Business Travel,Business,3631,1,2,2,2,2,3,3,1,1,1,1,2,4,1.92,12,8,FALSE
Male,Loyal Customer,70,Personal Travel,Business,647,3,4,3,1,2,2,3,3,3,3,3,5,4,3,1,0,FALSE
Male,Loyal Customer,55,Business Travel,Business,1760,3,3,3,3,4,4,4,5,5,5,5,5,5,4.15,7,5,TRUE
Female,Loyal Customer,41,Business Travel,Business,761,3,3,3,3,5,4,5,4,4,4,4,4,3,3.77,0,0,TRUE
Female,Loyal Customer,15,Personal Travel,Eco,920,1,3,1,3,1,1,1,1,2,2,4,3,1,1.85,0,8,FALSE
Female,Loyal Customer,50,Business Travel,Business,1635,1,1,1,1,4,5,5,3,3,2,3,5,5,3,12,7,TRUE
Male,Disloyal Customer,22,Business Travel,Eco,399,2,0,3,5,1,3,1,1,2,3,4,1,1,2.08,0,0,FALSE
Female,Loyal Customer,41,Business Travel,Business,907,3,3,3,3,5,4,5,4,4,4,4,4,5,3.92,11,2,TRUE
Male,Loyal Customer,51,Business Travel,Business,480,1,1,1,1,5,4,5,3,3,3,3,5,5,3.08,0,3,TRUE
Female,Disloyal Customer,44,Business Travel,Eco,212,3,0,3,4,3,4,4,1,4,1,2,4,4,2.85,145,148,FALSE
Male,Loyal Customer,22,Personal Travel,Eco,842,3,3,3,2,4,3,1,4,1,3,2,3,4,2.77,7,2,FALSE
Female,Loyal Customer,24,Business Travel,Business,2818,4,4,4,4,4,3,4,4,4,2,3,1,4,3.46,1,18,FALSE
Female,Disloyal Customer,20,Business Travel,Eco,967,5,5,5,3,3,5,3,3,3,3,5,5,3,3.92,4,0,TRUE
Female,Loyal Customer,44,Personal Travel,Eco Plus,308,3,4,3,1,5,4,4,3,3,3,3,3,5,3.38,0,22,FALSE
Male,Loyal Customer,25,Business Travel,Eco,819,1,3,3,3,1,1,3,1,2,3,3,3,1,2.15,2,13,FALSE
Female,Disloyal Customer,16,Business Travel,Eco,1124,3,3,3,4,5,3,5,5,2,1,4,1,5,3.38,0,8,FALSE
Male,Loyal Customer,20,Personal Travel,Eco,964,1,2,1,4,4,1,4,4,2,3,4,1,4,2.69,0,0,FALSE
Male,Loyal Customer,34,Business Travel,Business,936,3,3,3,3,2,2,5,4,4,4,4,4,5,3.54,26,14,TRUE
Male,Disloyal Customer,25,Business Travel,Eco,896,1,1,1,1,3,1,5,3,4,5,5,3,3,2.77,4,10,FALSE
Male,Loyal Customer,42,Business Travel,Business,3075,4,3,3,3,4,3,4,4,4,4,4,4,1,3.46,71,66,FALSE
Male,Loyal Customer,50,Personal Travel,Eco,689,0,4,0,1,1,0,1,1,4,4,4,4,1,1.92,0,0,TRUE
Female,Loyal Customer,12,Business Travel,Eco Plus,773,5,5,5,5,5,5,4,5,5,1,3,5,5,4.46,0,3,TRUE
Male,Loyal Customer,27,Personal Travel,Eco,867,2,5,3,1,4,3,4,4,4,4,2,2,4,3.23,27,28,FALSE
Female,Disloyal Customer,29,Business Travel,Eco Plus,1107,2,2,2,1,1,2,1,1,2,2,5,3,1,1.92,0,0,FALSE
Male,Loyal Customer,23,Business Travel,Eco,567,3,5,5,5,3,3,1,3,2,2,3,3,3,3.15,20,16,FALSE
Female,Loyal Customer,50,Business Travel,Business,404,3,3,3,3,3,5,5,4,4,4,4,3,5,3.77,0,0,TRUE
Male,Loyal Customer,34,Personal Travel,Eco,2611,3,2,3,3,3,5,5,1,5,3,2,5,5,3.46,0,6,FALSE
Male,Loyal Customer,56,Business Travel,Business,224,3,3,3,3,5,5,5,5,5,5,5,3,3,4.08,0,0,TRUE
Female,Loyal Customer,68,Personal Travel,Eco,308,2,5,2,2,5,5,5,2,2,2,2,5,4,3.31,68,64,FALSE
Female,Disloyal Customer,19,Business Travel,Eco Plus,1199,2,3,2,3,5,2,5,5,3,4,3,3,5,3.46,84,109,FALSE
Female,Disloyal Customer,21,Business Travel,Eco,383,1,2,1,4,3,1,3,3,3,5,4,2,3,2.69,36,26,FALSE
Female,Loyal Customer,41,Personal Travel,Eco,354,1,3,1,3,2,1,2,2,2,5,3,2,2,2.23,0,0,FALSE
Male,Loyal Customer,23,Personal Travel,Eco,101,3,4,3,3,2,3,2,2,1,2,2,3,2,2.46,1,3,FALSE
Male,Loyal Customer,51,Business Travel,Business,2042,2,2,2,2,4,5,4,4,4,4,4,4,4,3.46,8,0,TRUE
Female,Disloyal Customer,29,Business Travel,Eco,1337,3,3,3,3,5,3,5,5,2,2,3,2,5,3.38,0,0,FALSE
Male,Loyal Customer,69,Personal Travel,Eco,399,2,3,2,3,3,2,1,3,4,4,2,2,3,2.62,3,0,FALSE
Male,Loyal Customer,38,Business Travel,Eco,67,4,5,5,5,4,4,4,4,3,5,4,2,4,4.08,0,0,TRUE
Female,Loyal Customer,50,Business Travel,Eco,1121,3,5,5,5,5,4,4,3,3,3,3,4,2,3.77,4,0,FALSE
Male,Loyal Customer,64,Personal Travel,Eco,737,3,1,3,2,3,3,4,3,1,2,2,4,3,2.62,14,24,FALSE
Male,Loyal Customer,34,Personal Travel,Eco,369,2,4,2,1,5,2,5,5,4,2,5,3,5,3.46,0,0,FALSE
Female,Loyal Customer,47,Business Travel,Eco,816,3,1,2,1,4,3,2,3,3,3,3,3,1,2.46,23,8,FALSE
Male,Loyal Customer,19,Business Travel,Business,2561,3,5,5,5,3,3,3,3,2,3,4,2,3,3.38,0,3,FALSE
Male,Loyal Customer,51,Business Travel,Business,2329,3,3,3,3,4,4,5,4,4,5,4,4,5,3.92,0,0,TRUE
Female,Loyal Customer,22,Personal Travel,Eco,476,1,4,1,3,1,1,1,1,4,5,2,3,1,2.15,0,0,FALSE
Female,Loyal Customer,42,Business Travel,Business,3162,4,5,5,5,5,4,4,1,1,1,4,2,4,3.46,0,0,FALSE
Male,Disloyal Customer,39,Business Travel,Business,347,1,1,1,4,2,1,2,2,5,4,5,4,2,2.62,0,0,FALSE
Male,Disloyal Customer,51,Business Travel,Eco,468,1,2,0,2,5,0,5,5,4,4,2,4,5,3,125,118,FALSE
Female,Loyal Customer,45,Business Travel,Eco,241,4,2,4,2,1,1,4,4,4,4,4,1,4,3,0,0,TRUE
Male,Disloyal Customer,14,Business Travel,Business,3904,2,4,3,4,3,5,5,4,5,4,4,5,5,4.08,9,12,FALSE
Female,Loyal Customer,16,Personal Travel,Eco,252,4,4,4,2,3,4,3,3,5,3,4,5,3,3.62,0,0,TRUE
Male,Loyal Customer,39,Personal Travel,Eco,649,1,3,1,5,5,1,5,5,4,2,1,2,5,3.08,13,8,FALSE
Female,Loyal Customer,49,Business Travel,Eco Plus,214,2,1,1,1,1,3,2,2,2,2,2,1,3,1.77,0,0,FALSE
Male,Disloyal Customer,25,Business Travel,Eco,163,3,0,3,4,3,3,3,3,5,5,5,4,3,3.38,0,0,FALSE
Female,Loyal Customer,54,Business Travel,Business,3238,3,3,3,3,3,5,5,4,4,4,4,3,4,3.69,15,6,TRUE
Male,Loyal Customer,45,Business Travel,Eco Plus,370,5,5,5,5,5,5,5,5,3,2,1,4,5,4.23,0,0,TRUE
Female,Loyal Customer,73,Business Travel,Eco Plus,397,2,2,2,2,1,3,4,2,2,2,2,2,3,2.23,0,0,FALSE
Male,Loyal Customer,41,Business Travel,Business,1645,5,5,5,5,2,4,4,5,5,5,5,3,5,4.46,0,0,TRUE
Male,Loyal Customer,24,Business Travel,Business,3818,3,3,4,3,4,4,4,4,1,2,3,1,4,3.08,1,1,TRUE
Male,Loyal Customer,26,Business Travel,Eco,1050,3,2,2,2,3,4,3,3,2,4,3,3,3,2.85,0,0,TRUE
Male,Loyal Customer,48,Business Travel,Business,1728,2,2,2,2,3,5,5,4,4,5,4,5,4,3.62,0,9,TRUE
Male,Loyal Customer,32,Personal Travel,Eco,101,2,5,2,5,3,2,3,3,5,3,4,5,3,3.46,0,0,FALSE
Male,Loyal Customer,44,Business Travel,Business,2701,3,5,5,5,5,4,3,3,3,3,3,3,4,3.77,3,7,FALSE
Male,Loyal Customer,69,Business Travel,Business,2230,1,1,1,1,1,3,4,1,1,2,1,3,1,1.62,0,0,FALSE
Female,Loyal Customer,44,Business Travel,Business,594,3,3,3,3,5,4,5,5,5,4,5,5,4,4.15,0,2,TRUE
Male,Loyal Customer,43,Business Travel,Business,2130,4,4,4,4,2,5,5,3,3,4,3,3,4,3.69,5,0,TRUE
Male,Loyal Customer,66,Personal Travel,Eco,1123,2,4,2,1,1,2,1,1,3,2,3,3,1,2,0,8,FALSE
Female,Loyal Customer,29,Business Travel,Eco,1846,2,2,2,2,2,2,2,2,3,3,4,3,2,2.38,16,6,FALSE
Female,Loyal Customer,53,Business Travel,Business,408,1,1,1,1,5,5,5,5,5,5,5,3,4,3.54,0,0,TRUE
Male,Loyal Customer,49,Business Travel,Business,2454,1,1,1,1,3,4,4,3,3,4,4,4,4,2.85,340,341,TRUE
Male,Loyal Customer,63,Personal Travel,Eco,239,1,5,1,1,3,1,3,3,3,2,3,4,3,2.54,36,27,FALSE
Male,Loyal Customer,58,Business Travel,Business,3891,3,3,3,3,1,3,4,3,3,3,3,4,1,2.85,1,0,FALSE
Male,Loyal Customer,7,Personal Travel,Eco,73,1,5,0,1,4,0,4,4,3,2,3,3,4,2.62,69,84,FALSE
Female,Loyal Customer,56,Business Travel,Business,281,4,1,1,1,4,3,4,4,4,3,4,1,3,2.85,0,0,FALSE
Female,Loyal Customer,11,Personal Travel,Eco,257,3,2,3,3,1,3,1,1,1,5,3,3,1,2.31,0,4,FALSE
Female,Loyal Customer,61,Personal Travel,Eco,683,2,3,2,4,1,3,4,2,2,2,2,5,3,2.69,0,6,FALSE
Female,Loyal Customer,21,Personal Travel,Eco Plus,1990,0,2,0,3,5,2,5,5,3,1,3,2,5,2.77,27,8,TRUE
Female,Loyal Customer,33,Business Travel,Business,399,1,1,1,1,2,4,4,5,5,5,5,4,4,3.23,0,0,TRUE
Female,Loyal Customer,60,Business Travel,Business,3952,4,4,4,4,2,4,5,4,4,4,4,3,4,3.85,0,0,TRUE
Female,Loyal Customer,30,Business Travel,Eco,143,4,4,4,4,4,4,4,4,3,5,4,3,4,3.92,0,0,TRUE
Male,Loyal Customer,29,Business Travel,Business,1120,2,2,2,2,5,5,5,5,3,5,4,4,5,3.77,66,54,TRUE
Male,Loyal Customer,31,Personal Travel,Eco,867,1,1,1,3,3,1,3,3,4,1,4,4,3,2.46,95,121,FALSE
Female,Loyal Customer,25,Business Travel,Business,2475,2,2,2,2,4,4,4,4,3,3,1,5,4,3.08,5,0,TRUE
Female,Loyal Customer,58,Personal Travel,Eco,331,2,5,2,2,3,5,4,2,2,2,4,5,5,3.31,0,0,FALSE
Male,Loyal Customer,36,Business Travel,Eco,239,5,2,2,2,5,5,5,5,3,2,5,3,5,3.77,19,0,TRUE
Female,Loyal Customer,70,Personal Travel,Eco Plus,980,2,3,2,3,2,3,4,2,2,2,2,1,1,2.23,0,0,FALSE
Female,Loyal Customer,54,Business Travel,Business,1460,1,1,1,1,3,5,5,4,4,4,4,3,5,3.15,0,0,TRUE
Male,Loyal Customer,28,Business Travel,Business,667,3,3,3,3,5,5,5,5,4,5,4,5,5,4.23,0,0,TRUE
Male,Loyal Customer,53,Business Travel,Business,300,0,0,0,3,1,1,1,5,3,5,4,1,1,1.92,214,228,TRUE
Male,Loyal Customer,37,Personal Travel,Eco,460,4,4,2,3,1,2,1,1,2,3,1,3,1,2.15,0,0,FALSE
Male,Loyal Customer,49,Business Travel,Business,2842,1,1,1,1,4,4,5,4,4,5,5,4,5,3.38,0,0,TRUE
Male,Loyal Customer,42,Business Travel,Business,2333,1,4,4,4,3,3,3,1,1,1,1,4,2,2.46,0,0,FALSE
Male,Loyal Customer,9,Personal Travel,Eco,223,1,4,1,1,3,1,5,3,5,4,5,3,3,3,0,0,FALSE
Female,Loyal Customer,45,Business Travel,Business,1581,2,5,5,5,2,3,4,2,2,2,2,4,2,3.08,24,13,FALSE
Male,Loyal Customer,16,Personal Travel,Eco Plus,872,4,5,4,4,4,4,4,4,1,2,5,3,4,3.69,16,28,FALSE
Male,Loyal Customer,56,Business Travel,Business,3162,1,1,1,1,5,3,3,4,4,4,4,2,5,2.92,0,0,TRUE
Male,Disloyal Customer,39,Business Travel,Eco,290,2,1,2,2,5,2,1,5,4,3,2,4,5,2.92,0,0,FALSE
Male,Disloyal Customer,37,Business Travel,Business,528,4,4,4,5,4,4,4,4,5,4,4,3,4,4.08,0,16,TRUE
Male,Disloyal Customer,22,Business Travel,Eco,590,0,0,0,3,1,0,1,1,4,5,2,5,1,1.77,3,18,TRUE
Female,Loyal Customer,53,Business Travel,Business,3414,3,3,3,3,5,5,5,3,5,4,5,5,5,4.15,5,0,TRUE
Male,Loyal Customer,26,Business Travel,Business,2213,2,4,4,4,2,1,2,2,1,2,3,4,2,2.54,6,5,FALSE
Female,Loyal Customer,35,Business Travel,Business,1504,5,5,2,5,3,5,5,4,4,4,4,3,1,3.85,0,0,TRUE
Male,Disloyal Customer,33,Business Travel,Eco,160,3,4,3,3,5,3,5,5,5,1,2,4,5,3.69,0,0,FALSE
Male,Loyal Customer,59,Personal Travel,Eco,1517,2,5,2,3,3,2,3,3,5,2,4,4,3,3.15,0,0,FALSE
Female,Loyal Customer,68,Personal Travel,Eco,632,3,4,3,3,2,4,5,4,4,3,4,5,4,3.69,0,0,FALSE
Female,Disloyal Customer,23,Business Travel,Eco,882,4,4,4,1,4,4,4,4,4,5,4,3,4,3.77,21,28,FALSE
Female,Loyal Customer,55,Personal Travel,Eco,308,4,4,4,3,2,3,3,4,4,4,4,4,3,3.54,0,0,FALSE
Male,Loyal Customer,58,Business Travel,Business,2946,0,5,0,3,4,4,5,5,5,5,5,5,3,3.77,37,46,TRUE
Female,Loyal Customer,54,Personal Travel,Eco,1235,3,4,3,5,2,3,4,5,5,3,5,4,3,3.77,52,42,FALSE
Female,Loyal Customer,55,Business Travel,Business,2185,1,1,1,1,5,4,4,3,3,4,3,5,3,2.92,0,6,TRUE
Male,Loyal Customer,43,Business Travel,Eco,576,5,2,2,2,5,5,5,5,3,1,1,4,5,3.46,0,0,TRUE
Female,Disloyal Customer,54,Business Travel,Eco,639,1,2,1,1,2,1,2,2,1,4,1,2,2,1.69,5,13,FALSE
Female,Loyal Customer,50,Business Travel,Business,1961,3,3,3,3,2,4,5,4,4,4,4,4,4,3.62,0,0,TRUE
Male,Disloyal Customer,23,Business Travel,Eco,1504,2,2,2,3,4,2,4,4,3,3,1,5,4,3,6,12,TRUE
Male,Loyal Customer,70,Personal Travel,Eco,205,1,3,1,1,3,1,3,3,4,4,1,3,3,2.38,0,0,FALSE
Female,Loyal Customer,68,Business Travel,Eco,429,4,2,2,2,5,3,2,4,4,4,4,1,2,3,0,0,TRUE
Male,Loyal Customer,53,Business Travel,Eco,577,2,1,1,1,2,2,2,2,1,2,3,3,2,1.85,26,11,FALSE
Male,Disloyal Customer,24,Business Travel,Business,1299,4,5,4,5,3,4,2,3,3,3,5,5,3,3.77,15,66,TRUE
Male,Loyal Customer,44,Business Travel,Eco,391,2,5,5,5,2,2,2,2,2,5,3,4,2,3.15,22,19,FALSE
Male,Loyal Customer,56,Business Travel,Eco Plus,946,2,3,3,3,2,2,2,2,3,4,4,1,2,2.54,0,0,FALSE
Female,Loyal Customer,49,Business Travel,Business,3292,2,2,2,2,2,4,5,5,5,5,5,5,3,3.62,0,0,TRUE
Male,Loyal Customer,43,Personal Travel,Eco,2462,3,4,3,1,3,3,3,5,2,5,5,3,3,3.31,0,0,FALSE
Female,Loyal Customer,63,Personal Travel,Eco,738,2,4,2,1,3,4,4,4,4,2,4,4,5,3.31,0,0,FALSE
Male,Loyal Customer,35,Business Travel,Business,3855,3,3,3,3,4,4,4,4,4,4,4,5,4,3.77,14,23,TRUE
Male,Disloyal Customer,27,Business Travel,Eco,1514,2,2,2,3,3,2,2,3,1,1,3,1,3,2.15,93,131,FALSE
Female,Loyal Customer,43,Business Travel,Business,3150,3,3,3,3,5,5,5,5,5,5,5,4,4,4.23,0,0,TRUE
Female,Loyal Customer,49,Business Travel,Business,1947,3,3,3,3,2,4,4,4,4,4,4,4,3,3.46,8,0,TRUE
Male,Loyal Customer,15,Personal Travel,Eco,630,4,5,4,5,5,4,5,5,5,3,4,4,5,4.46,11,0,FALSE
Male,Loyal Customer,27,Personal Travel,Eco,283,4,5,4,4,3,4,4,3,3,2,5,4,3,3.69,0,0,TRUE
Male,Disloyal Customer,57,Business Travel,Eco,134,3,2,3,4,2,3,2,2,3,4,4,1,2,2.69,0,2,FALSE
Female,Loyal Customer,9,Business Travel,Eco Plus,986,3,2,2,2,3,3,1,3,4,1,3,1,3,2.38,43,29,FALSE
Female,Loyal Customer,40,Business Travel,Business,407,3,3,3,3,5,3,4,3,3,3,3,4,2,3.23,0,0,FALSE
Female,Disloyal Customer,44,Business Travel,Eco,708,1,1,1,2,2,1,4,2,5,1,5,5,2,2.46,22,38,FALSE
Male,Loyal Customer,43,Business Travel,Business,2444,5,5,5,5,3,4,5,5,5,5,5,4,3,4.54,0,0,TRUE
Male,Loyal Customer,58,Business Travel,Business,3957,0,0,0,2,2,4,5,5,5,5,5,4,4,3.15,0,0,TRUE
Female,Disloyal Customer,25,Business Travel,Business,925,4,5,3,4,2,3,2,2,4,4,4,4,2,3.31,3,0,TRUE
Female,Loyal Customer,49,Business Travel,Business,1749,5,5,5,5,3,5,4,4,4,4,4,3,3,4.15,49,57,TRUE
Female,Loyal Customer,60,Business Travel,Business,1464,2,2,2,2,3,4,5,4,4,4,4,3,3,3.23,0,0,TRUE
Female,Loyal Customer,53,Business Travel,Business,1587,1,1,1,1,4,5,5,5,5,5,5,3,5,3.54,2,0,TRUE
Female,Loyal Customer,44,Personal Travel,Eco,1609,2,4,1,1,2,4,4,3,3,1,3,3,4,2.69,11,9,FALSE
Male,Loyal Customer,45,Personal Travel,Eco,328,5,5,5,5,2,5,2,2,5,3,4,3,2,3.69,0,0,TRUE
Male,Loyal Customer,48,Business Travel,Eco Plus,157,4,1,3,1,5,4,5,5,1,5,5,5,5,3.77,0,0,TRUE
Male,Loyal Customer,43,Business Travel,Eco,196,4,2,2,2,4,4,4,4,3,1,2,3,4,3,0,3,TRUE
Male,Loyal Customer,36,Business Travel,Eco,264,5,3,3,3,5,5,5,5,2,3,2,5,5,3.92,0,0,TRUE
Female,Loyal Customer,26,Personal Travel,Business,2092,1,0,1,2,1,1,1,1,4,3,1,4,1,1.62,0,0,FALSE
Male,Loyal Customer,41,Business Travel,Business,765,5,5,5,5,5,5,5,5,5,5,5,4,3,4.77,6,0,TRUE
Female,Disloyal Customer,49,Business Travel,Business,646,3,3,3,2,4,3,2,4,3,5,4,4,4,3.38,0,0,FALSE
Male,Loyal Customer,23,Personal Travel,Eco,503,2,5,2,1,1,2,1,1,3,3,5,4,1,2.38,29,18,FALSE
Male,Disloyal Customer,55,Business Travel,Business,226,2,2,2,3,3,2,3,3,3,3,4,2,3,2.69,0,0,FALSE
Male,Loyal Customer,49,Personal Travel,Eco,1874,2,4,2,3,3,2,3,3,2,1,2,5,3,2.69,14,6,FALSE
Female,Disloyal Customer,22,Business Travel,Eco,507,2,0,3,2,3,3,3,3,4,4,4,5,3,3,0,0,FALSE
Male,Disloyal Customer,44,Business Travel,Eco,239,4,2,4,3,3,4,3,3,1,5,4,3,3,3.23,5,0,FALSE
Female,Disloyal Customer,39,Business Travel,Business,325,3,3,3,3,2,3,2,2,2,2,4,3,2,2.62,0,2,FALSE
Male,Loyal Customer,57,Personal Travel,Eco,1190,3,5,3,1,5,3,5,5,3,4,4,4,5,3.85,33,49,FALSE
Female,Loyal Customer,60,Business Travel,Business,3250,2,2,2,2,4,5,5,5,5,5,5,4,4,3.85,25,36,TRUE
Male,Loyal Customer,59,Personal Travel,Eco,872,3,3,3,3,4,3,4,4,5,3,5,5,4,3.77,0,0,FALSE
Female,Loyal Customer,80,Business Travel,Business,633,5,1,3,1,5,3,3,5,5,4,5,3,4,3.62,0,0,FALSE
Female,Loyal Customer,37,Business Travel,Business,1773,2,2,2,2,5,5,4,5,5,5,5,4,3,3.77,18,0,TRUE
Male,Loyal Customer,50,Business Travel,Eco,1249,5,1,1,1,5,5,5,5,5,5,5,5,5,4.08,0,0,TRUE
Female,Loyal Customer,49,Business Travel,Business,1990,4,4,4,4,4,4,5,4,4,4,4,3,3,3.92,0,0,TRUE
Male,Loyal Customer,26,Personal Travel,Eco,472,2,3,2,3,2,2,4,2,5,3,1,2,2,2.54,0,0,FALSE
Female,Disloyal Customer,20,Business Travel,Eco,631,1,0,1,1,2,1,2,2,4,3,4,5,2,2.15,0,0,FALSE
Female,Loyal Customer,44,Business Travel,Eco,545,2,3,3,3,4,3,3,1,1,2,1,1,4,2.38,10,14,FALSE
Male,Loyal Customer,38,Personal Travel,Eco,1727,2,4,1,3,3,1,2,3,3,1,3,1,3,2.31,0,0,FALSE
Male,Loyal Customer,50,Business Travel,Business,1747,1,1,1,1,3,3,5,3,3,3,3,3,5,2.69,0,0,TRUE
Female,Loyal Customer,48,Business Travel,Business,2532,5,5,3,5,5,5,5,4,4,4,4,4,4,4.38,0,0,TRUE
Female,Disloyal Customer,44,Business Travel,Business,337,3,3,3,2,1,3,1,1,3,3,4,5,1,2.54,11,0,FALSE
Female,Loyal Customer,53,Personal Travel,Eco,102,2,4,2,3,4,5,4,2,2,2,2,3,3,2.92,3,5,FALSE
Female,Loyal Customer,37,Business Travel,Business,3828,3,3,3,3,3,5,5,5,5,5,5,4,4,4.08,0,0,TRUE
Male,Loyal Customer,47,Business Travel,Business,3157,2,2,2,2,3,4,5,1,1,2,1,3,3,2.38,98,103,TRUE
Female,Loyal Customer,35,Business Travel,Business,2863,5,5,5,5,4,5,4,4,4,5,4,4,5,4.54,0,0,TRUE
Male,Loyal Customer,55,Business Travel,Eco Plus,304,2,1,3,1,3,2,3,3,3,3,3,3,3,2.54,0,0,FALSE
Female,Loyal Customer,61,Personal Travel,Eco,239,3,5,3,4,3,5,5,5,5,3,5,5,4,4.23,27,26,FALSE
Male,Loyal Customer,57,Personal Travel,Eco,2504,2,2,2,4,5,2,5,5,1,5,4,1,5,3.31,4,0,FALSE
Female,Loyal Customer,52,Personal Travel,Eco Plus,622,3,5,3,4,5,4,4,4,4,3,4,3,4,3.85,0,20,FALSE
Male,Disloyal Customer,25,Business Travel,Eco,691,3,4,4,3,4,4,4,4,3,3,4,4,4,3.69,0,0,FALSE
Female,Loyal Customer,37,Personal Travel,Eco Plus,528,2,5,2,5,5,2,5,5,3,5,4,4,5,4,59,83,FALSE
Female,Loyal Customer,42,Business Travel,Business,723,5,1,5,5,2,5,5,5,5,4,5,4,5,4.31,1,22,TRUE
Male,Loyal Customer,78,Business Travel,Business,2480,1,5,5,5,5,3,3,1,1,2,1,3,1,2.77,32,32,FALSE
Female,Loyal Customer,46,Business Travel,Business,3335,0,0,0,5,3,4,4,5,5,5,5,3,4,3.31,1,0,TRUE
Female,Disloyal Customer,25,Business Travel,Business,449,3,0,3,4,4,3,4,4,3,4,4,5,4,3.46,19,10,FALSE
Female,Loyal Customer,50,Business Travel,Eco,602,2,4,4,4,1,4,3,2,2,2,2,2,2,2.62,16,14,FALSE
Female,Loyal Customer,38,Business Travel,Business,1711,3,3,3,3,4,5,2,5,5,5,5,4,1,3.69,7,0,TRUE
Male,Loyal Customer,38,Personal Travel,Business,588,4,4,3,2,5,5,5,1,1,3,1,3,4,3.15,0,0,FALSE
Male,Loyal Customer,26,Personal Travel,Business,231,1,4,1,3,2,1,2,2,5,2,5,5,2,2.69,0,0,FALSE
Female,Loyal Customer,37,Business Travel,Business,3386,3,3,3,3,2,5,5,5,5,5,5,5,5,4.15,0,3,TRUE
Female,Loyal Customer,68,Personal Travel,Eco,580,2,5,2,3,3,5,5,3,3,2,3,4,4,3.38,5,3,FALSE
Male,Loyal Customer,56,Business Travel,Business,1055,4,4,4,4,3,5,5,5,5,5,5,3,4,4.31,0,1,TRUE
Male,Loyal Customer,27,Business Travel,Business,1089,2,2,2,2,5,5,5,4,3,5,5,5,5,3.85,215,254,TRUE
Male,Loyal Customer,44,Business Travel,Business,188,4,2,2,2,4,3,3,3,3,3,4,3,4,3.08,35,29,FALSE
Female,Loyal Customer,37,Business Travel,Business,1744,1,1,1,1,5,3,5,5,5,4,5,4,4,3.38,0,22,TRUE
Male,Loyal Customer,7,Business Travel,Business,1020,1,1,1,1,4,4,4,4,3,5,4,4,4,3.08,0,0,TRUE
Female,Loyal Customer,19,Personal Travel,Eco,1464,3,5,3,4,4,3,4,4,3,4,5,4,4,3.85,42,27,FALSE
Male,Loyal Customer,65,Business Travel,Business,408,3,4,4,4,2,3,3,3,3,3,3,3,3,3.15,0,0,FALSE
Female,Loyal Customer,8,Personal Travel,Eco,502,2,3,2,3,2,2,3,2,1,3,3,1,2,2.23,0,0,FALSE
Male,Loyal Customer,40,Business Travel,Business,813,3,3,3,3,4,5,5,2,2,3,2,5,4,3.38,12,7,TRUE
Male,Disloyal Customer,25,Business Travel,Business,201,4,0,4,1,5,4,5,5,4,5,4,4,5,3.85,0,0,TRUE
Female,Loyal Customer,22,Business Travel,Eco Plus,163,4,4,3,3,4,4,3,4,4,2,2,3,4,3.38,0,0,FALSE
Female,Disloyal Customer,22,Business Travel,Eco,356,0,0,0,2,3,0,3,3,5,2,5,5,3,2.38,0,0,TRUE
Female,Loyal Customer,59,Business Travel,Business,678,5,5,5,5,4,5,4,5,5,5,5,5,5,4.85,0,0,TRUE
Male,Loyal Customer,55,Business Travel,Business,2227,5,5,5,5,2,4,4,5,5,5,5,4,3,4.38,1,0,TRUE
Female,Loyal Customer,34,Business Travel,Eco,1436,4,4,4,4,4,4,4,4,2,4,5,2,4,3.77,3,1,TRUE
Female,Loyal Customer,26,Business Travel,Business,1121,3,3,3,3,4,4,4,4,4,4,5,5,4,3.85,2,0,TRUE
Male,Loyal Customer,24,Personal Travel,Eco,447,2,4,3,3,4,3,5,4,2,2,3,1,4,3.08,0,26,FALSE
Male,Loyal Customer,33,Business Travel,Business,1290,3,3,3,3,3,3,3,3,3,1,3,3,3,2.85,0,1,FALSE
Male,Loyal Customer,11,Personal Travel,Eco,813,2,2,3,4,1,3,1,1,4,2,3,1,1,2.15,0,0,FALSE
Male,Disloyal Customer,32,Business Travel,Eco,448,1,2,1,2,5,1,5,5,3,5,2,1,5,2.92,27,25,FALSE
Female,Loyal Customer,41,Business Travel,Business,1624,4,4,4,4,3,3,4,4,4,4,4,4,4,3.85,36,22,FALSE
Female,Loyal Customer,7,Business Travel,Eco Plus,2329,2,5,5,5,2,2,4,2,3,3,3,3,2,3.15,0,0,FALSE
Female,Loyal Customer,8,Personal Travel,Eco,997,3,5,3,3,4,3,1,4,1,3,2,5,4,3.15,42,54,FALSE
Female,Loyal Customer,33,Personal Travel,Business,548,1,1,1,2,3,1,2,5,5,1,5,3,3,2.54,0,0,FALSE
Female,Disloyal Customer,23,Business Travel,Business,1562,0,0,0,1,1,0,1,1,4,5,5,4,1,1.77,0,0,TRUE
Female,Disloyal Customer,30,Business Travel,Eco,391,2,0,2,2,1,2,1,1,1,2,3,4,1,1.69,0,0,FALSE
Female,Loyal Customer,34,Business Travel,Business,2542,5,5,5,5,5,5,4,5,5,5,4,4,3,4.62,0,0,TRUE
Male,Loyal Customer,34,Personal Travel,Eco,86,1,4,1,3,4,1,4,4,3,4,4,5,4,3.23,0,0,FALSE
Female,Loyal Customer,34,Personal Travel,Eco,393,4,5,4,4,3,4,3,3,1,1,5,2,3,3.23,0,0,FALSE
Female,Loyal Customer,32,Business Travel,Business,3067,2,3,3,3,2,2,2,2,3,2,4,2,2,2.46,5,6,FALSE
Male,Loyal Customer,42,Business Travel,Business,2035,3,5,5,5,1,4,3,3,3,3,3,1,1,3.08,7,10,FALSE
Female,Loyal Customer,60,Business Travel,Business,674,3,3,3,3,4,4,4,5,5,4,5,5,3,3.92,37,25,TRUE
Female,Disloyal Customer,37,Business Travel,Eco,1048,3,3,3,4,1,3,1,1,1,5,3,1,1,2.31,0,0,FALSE
Male,Disloyal Customer,29,Business Travel,Business,1488,5,5,5,4,4,5,4,4,4,3,4,3,4,4.15,0,0,TRUE
Female,Loyal Customer,14,Personal Travel,Eco,431,3,5,3,1,1,3,1,1,2,5,3,4,1,2.54,0,0,FALSE
Male,Disloyal Customer,25,Business Travel,Eco,643,4,0,4,4,3,4,3,3,4,3,4,2,3,3.15,0,0,FALSE
Female,Loyal Customer,62,Personal Travel,Eco,1020,4,4,4,4,5,4,3,5,5,4,5,3,4,4.15,46,18,FALSE
Female,Disloyal Customer,37,Business Travel,Eco,718,3,3,3,3,3,3,3,3,4,3,3,1,3,2.92,3,12,FALSE
Male,Loyal Customer,19,Business Travel,Business,1522,2,2,2,2,4,4,4,4,3,3,5,4,4,3.31,8,0,TRUE
Female,Loyal Customer,10,Personal Travel,Eco,2306,3,5,2,5,2,1,1,4,3,3,5,1,1,2.77,39,91,FALSE
Female,Disloyal Customer,24,Business Travel,Business,534,0,0,0,4,4,0,3,4,5,2,5,4,4,2.69,19,15,TRUE
Female,Loyal Customer,73,Business Travel,Eco,783,4,5,5,5,4,1,4,4,4,4,4,2,3,3.77,0,0,TRUE
Female,Loyal Customer,15,Personal Travel,Eco,594,1,5,1,5,3,1,2,3,2,3,1,3,3,2.54,0,0,FALSE
Male,Loyal Customer,65,Personal Travel,Eco,946,1,3,1,3,4,1,4,4,2,3,3,3,4,2.77,2,8,FALSE
Female,Disloyal Customer,37,Business Travel,Business,266,3,3,3,3,4,3,4,4,2,2,4,1,4,3.08,112,109,FALSE
Female,Loyal Customer,32,Personal Travel,Business,1129,2,5,2,4,1,2,2,1,4,5,3,3,1,2.69,2,0,FALSE
Male,Loyal Customer,29,Business Travel,Business,1510,3,1,2,1,3,3,3,3,3,2,4,4,3,2.69,21,39,FALSE
Male,Loyal Customer,49,Business Travel,Eco Plus,170,5,2,5,2,5,5,5,5,2,1,3,3,5,3.69,38,43,TRUE
Male,Disloyal Customer,36,Business Travel,Business,404,4,5,5,5,2,5,2,2,3,3,4,5,2,3.62,0,0,FALSE
Female,Disloyal Customer,39,Business Travel,Business,1865,1,1,1,1,1,1,1,1,5,5,5,3,1,2.08,19,13,FALSE
Male,Loyal Customer,33,Business Travel,Business,1737,1,3,3,3,1,1,1,1,2,4,2,2,1,1.92,0,24,FALSE
Male,Loyal Customer,51,Business Travel,Business,251,2,4,4,4,1,4,3,2,2,2,2,1,3,2.62,0,6,FALSE
Female,Loyal Customer,51,Business Travel,Business,3955,4,4,4,4,5,4,5,4,4,4,4,4,3,4.08,0,2,TRUE
Male,Loyal Customer,52,Personal Travel,Business,239,2,5,2,4,3,5,5,5,5,2,5,5,3,3.92,0,7,FALSE
Male,Loyal Customer,52,Business Travel,Business,373,3,5,3,3,4,4,3,3,3,3,3,3,4,3.38,0,0,FALSE
Male,Loyal Customer,50,Business Travel,Business,125,4,4,4,4,5,2,3,4,4,4,3,1,5,3.62,6,8,TRUE
Male,Loyal Customer,65,Personal Travel,Eco,491,4,0,4,1,2,4,2,2,5,2,5,4,2,2.85,0,29,FALSE
Female,Loyal Customer,37,Business Travel,Eco Plus,388,5,2,2,2,5,5,5,5,5,3,5,1,5,3.85,0,1,TRUE
Female,Loyal Customer,69,Business Travel,Business,516,3,5,5,5,4,3,3,3,3,3,3,2,2,3.38,0,0,FALSE
Male,Loyal Customer,33,Business Travel,Eco,305,5,2,2,2,5,5,5,5,2,4,5,2,5,3.77,0,0,TRUE
Male,Loyal Customer,29,Personal Travel,Eco,305,3,5,3,5,2,3,2,2,3,4,5,4,2,3.31,0,0,FALSE
Male,Disloyal Customer,24,Business Travel,Eco,617,3,2,3,2,3,3,3,3,2,1,1,1,3,2.31,4,51,FALSE
Male,Loyal Customer,39,Personal Travel,Eco,368,1,5,1,4,5,1,5,5,5,1,1,5,5,3.38,0,0,FALSE
Female,Loyal Customer,64,Business Travel,Business,2010,1,1,1,1,3,2,2,3,3,3,1,1,3,1.92,0,0,FALSE
Female,Loyal Customer,44,Business Travel,Eco,785,2,3,3,3,4,3,2,2,2,2,2,4,4,2.77,0,29,FALSE
Male,Loyal Customer,20,Personal Travel,Eco,2161,4,5,4,4,1,4,1,1,5,2,4,5,1,3.15,0,0,TRUE
Female,Loyal Customer,54,Business Travel,Business,158,5,5,5,5,3,5,5,4,4,4,4,5,3,4.38,0,0,TRUE
Male,Loyal Customer,29,Business Travel,Business,1519,2,4,2,2,5,5,5,5,5,3,5,5,5,4.08,6,4,TRUE
Male,Loyal Customer,43,Business Travel,Eco,762,5,4,4,4,4,5,4,4,4,2,4,4,4,4,18,0,TRUE
Female,Loyal Customer,19,Personal Travel,Eco,134,1,5,1,2,4,1,4,4,4,5,5,3,4,3.31,0,0,FALSE
Male,Loyal Customer,44,Business Travel,Business,1428,4,4,4,4,3,5,4,4,4,4,4,5,4,4.08,1,0,TRUE
Female,Loyal Customer,67,Business Travel,Eco,1060,4,3,3,3,4,1,2,4,4,4,4,2,3,3.15,15,1,TRUE
Male,Loyal Customer,59,Business Travel,Business,281,2,2,2,2,3,4,4,2,2,2,2,3,2,2.46,22,16,FALSE
Male,Loyal Customer,47,Personal Travel,Eco,811,3,3,4,1,4,4,4,4,3,1,2,3,4,3.08,0,0,FALSE
Female,Loyal Customer,60,Personal Travel,Business,458,0,4,0,4,4,3,4,3,3,0,3,1,4,2.54,20,4,TRUE
Female,Loyal Customer,29,Business Travel,Business,1546,1,1,1,1,1,2,1,1,2,1,3,1,1,1.31,13,0,FALSE
Female,Loyal Customer,49,Business Travel,Business,2252,3,3,3,3,3,5,4,5,5,5,5,3,3,3.85,0,0,TRUE
Female,Disloyal Customer,26,Business Travel,Business,602,3,5,3,2,5,3,5,5,5,4,5,5,5,4.23,0,0,FALSE
Female,Disloyal Customer,38,Business Travel,Business,468,3,3,3,4,3,3,3,3,3,4,5,3,3,3.31,4,0,FALSE
Female,Loyal Customer,35,Personal Travel,Business,421,1,3,5,3,1,2,4,3,3,5,3,5,5,3.31,25,42,FALSE
Female,Loyal Customer,21,Personal Travel,Eco,834,4,4,4,2,4,4,5,4,4,2,3,1,4,3.46,0,0,TRUE
Male,Loyal Customer,68,Personal Travel,Eco,1739,1,5,1,3,2,1,2,2,5,3,3,5,2,2.69,1,20,FALSE
Male,Disloyal Customer,40,Business Travel,Business,612,3,4,4,1,3,4,5,3,5,5,4,5,3,3.77,0,0,FALSE
Female,Loyal Customer,54,Personal Travel,Eco,1075,3,4,4,3,2,4,5,1,1,4,1,5,5,3.23,0,5,FALSE
Male,Loyal Customer,73,Business Travel,Eco,283,1,2,5,2,1,1,1,1,1,2,4,4,1,2,0,0,FALSE
Male,Loyal Customer,22,Business Travel,Business,3742,3,5,4,5,3,3,3,3,1,2,4,1,3,3.08,0,0,FALSE
Male,Loyal Customer,36,Business Travel,Business,2451,5,5,5,5,2,5,4,4,4,4,4,4,3,4.15,0,0,TRUE
Male,Loyal Customer,45,Business Travel,Business,1634,4,4,4,4,3,2,2,2,2,2,2,4,4,3,19,13,TRUE
Male,Loyal Customer,42,Business Travel,Business,3708,2,2,2,2,2,4,5,4,4,3,4,4,5,3.31,3,6,TRUE
Male,Loyal Customer,35,Business Travel,Eco,584,4,4,4,4,4,4,4,4,3,5,1,3,4,3.69,0,0,TRUE
Male,Loyal Customer,64,Personal Travel,Eco,1050,4,4,4,1,2,4,5,2,5,5,5,4,2,3.62,0,0,FALSE
Male,Loyal Customer,39,Personal Travel,Eco,867,2,0,2,5,3,2,3,3,3,2,4,5,3,2.85,0,0,FALSE
Male,Loyal Customer,44,Business Travel,Business,2684,5,5,5,5,5,4,4,4,4,5,4,4,3,4.38,39,27,TRUE
Male,Loyal Customer,39,Business Travel,Business,1634,5,5,5,5,4,5,4,4,4,4,4,3,5,4.38,0,0,TRUE
Male,Loyal Customer,32,Business Travel,Business,491,2,2,2,2,2,2,2,2,2,4,3,2,2,2.23,30,17,FALSE
Female,Disloyal Customer,28,Business Travel,Business,1258,2,2,2,4,2,2,2,2,3,5,4,4,2,2.77,0,0,FALSE
Male,Loyal Customer,13,Personal Travel,Eco,163,3,5,0,4,1,0,1,1,3,4,4,5,1,2.46,0,0,FALSE
Male,Loyal Customer,11,Personal Travel,Business,651,3,3,3,4,3,3,3,3,2,4,4,4,3,3.23,0,0,FALSE
Male,Disloyal Customer,25,Business Travel,Eco,1042,2,2,2,3,5,2,5,5,4,2,4,3,5,3.38,29,8,FALSE
Male,Loyal Customer,25,Business Travel,Business,3455,5,5,5,5,5,4,5,5,3,5,5,3,5,4.62,0,0,TRUE
Female,Loyal Customer,40,Personal Travel,Eco,2176,3,2,3,3,4,3,4,4,2,2,4,2,4,3.08,22,24,FALSE
Female,Loyal Customer,15,Business Travel,Business,3854,3,2,2,2,3,3,3,3,3,5,4,1,3,2.85,0,0,FALSE
Female,Loyal Customer,65,Personal Travel,Eco,546,1,5,1,5,3,2,5,2,2,1,1,1,2,2.38,28,29,FALSE
Male,Loyal Customer,47,Business Travel,Business,1449,5,5,5,5,2,5,4,5,5,5,5,4,4,4.54,22,0,TRUE
Female,Loyal Customer,51,Business Travel,Eco Plus,86,4,3,3,3,3,1,4,5,5,4,5,2,2,3.38,0,10,TRUE
Male,Loyal Customer,41,Business Travel,Eco,290,4,1,1,1,4,4,4,4,2,3,1,1,4,2.62,0,0,TRUE
Male,Loyal Customer,17,Business Travel,Eco Plus,268,3,2,2,2,3,3,1,3,3,4,4,4,3,2.85,0,65,FALSE
Female,Loyal Customer,59,Business Travel,Business,1995,4,4,4,4,2,4,4,4,4,4,4,3,5,3.85,0,0,TRUE
Male,Disloyal Customer,29,Business Travel,Eco,474,2,2,3,3,2,3,2,2,3,5,3,3,2,2.69,0,45,FALSE
Female,Disloyal Customer,64,Business Travel,Business,358,5,5,5,3,3,5,3,3,3,4,5,5,3,4,0,0,TRUE
Male,Loyal Customer,64,Personal Travel,Eco,451,1,2,4,3,1,4,1,1,2,3,3,3,1,2.23,0,0,FALSE
Male,Loyal Customer,56,Personal Travel,Eco,258,3,3,3,1,1,3,1,1,3,1,4,2,1,2.08,82,86,FALSE
Female,Loyal Customer,55,Business Travel,Business,3606,4,4,1,4,3,4,5,5,5,5,5,5,5,4.23,12,0,TRUE
Female,Loyal Customer,49,Business Travel,Business,3845,1,1,1,1,3,4,4,5,5,5,5,5,3,3.31,0,0,TRUE
Female,Disloyal Customer,24,Business Travel,Eco,289,2,0,2,1,1,2,1,1,5,2,1,2,1,1.62,0,4,FALSE
Male,Loyal Customer,48,Personal Travel,Business,1096,4,4,4,5,5,5,1,5,5,4,5,3,2,4,0,0,FALSE
Female,Loyal Customer,41,Business Travel,Business,335,1,1,1,1,3,4,5,5,5,5,5,3,4,3.31,0,0,TRUE
Female,Loyal Customer,22,Personal Travel,Eco,1035,3,5,3,2,3,3,3,3,3,3,4,3,3,3.15,0,3,FALSE
Female,Loyal Customer,25,Personal Travel,Eco,1464,5,5,5,3,4,5,4,4,5,2,5,4,4,4.23,7,0,TRUE
Female,Loyal Customer,54,Business Travel,Eco,620,5,2,5,5,3,1,1,5,5,5,5,2,3,3.62,0,0,TRUE
Female,Loyal Customer,11,Personal Travel,Eco,717,2,4,2,1,2,2,3,2,5,4,1,3,2,2.54,20,10,FALSE
Male,Loyal Customer,39,Business Travel,Eco,835,5,4,4,4,5,5,5,5,5,2,4,1,5,4.15,2,74,TRUE
Male,Loyal Customer,31,Business Travel,Eco Plus,2425,1,4,2,2,1,1,1,3,1,3,4,1,1,1.92,0,0,FALSE
Male,Loyal Customer,55,Personal Travel,Eco,589,3,4,3,4,3,3,3,3,1,3,4,4,3,3.15,62,68,FALSE
Male,Loyal Customer,29,Business Travel,Eco,1440,1,2,2,2,1,1,1,1,1,5,1,4,1,1.77,48,33,FALSE
Female,Disloyal Customer,22,Business Travel,Eco,752,3,3,3,1,2,3,2,2,4,2,1,2,2,2.31,19,8,FALSE
Male,Disloyal Customer,55,Business Travel,Eco,1205,2,2,2,3,2,2,2,2,4,5,4,2,2,2.62,0,0,FALSE
Female,Loyal Customer,52,Business Travel,Business,789,5,5,5,5,4,5,5,5,5,5,5,3,4,4.69,33,34,TRUE
Male,Disloyal Customer,27,Business Travel,Business,528,1,1,1,3,3,1,3,3,5,5,4,3,3,2.77,0,0,FALSE
Female,Loyal Customer,30,Personal Travel,Eco,1218,1,0,1,4,3,1,1,3,4,2,5,3,3,2.38,3,0,FALSE
Male,Disloyal Customer,17,Business Travel,Eco,842,4,3,3,2,3,3,3,3,4,2,5,3,3,3.15,21,14,TRUE
Male,Loyal Customer,23,Business Travel,Business,782,1,1,1,1,3,4,3,3,2,5,2,4,3,2.54,16,7,TRUE
Female,Disloyal Customer,27,Business Travel,Business,1171,3,3,3,4,3,3,3,3,1,1,4,3,3,2.85,0,0,FALSE
Male,Disloyal Customer,42,Business Travel,Business,281,5,5,5,4,4,5,4,4,5,3,4,4,4,4.31,34,36,TRUE
Male,Loyal Customer,43,Business Travel,Business,1444,1,5,5,5,5,4,3,1,1,2,1,3,3,3,0,10,FALSE
Female,Loyal Customer,39,Business Travel,Business,3447,4,1,4,4,3,5,4,5,5,5,5,4,5,4.15,0,0,TRUE
Female,Loyal Customer,30,Business Travel,Eco Plus,2355,0,0,0,1,3,0,3,3,4,1,1,3,3,1.69,0,0,TRUE
Female,Loyal Customer,44,Business Travel,Business,2811,1,1,1,1,3,2,3,5,5,5,5,4,3,3,119,124,TRUE
Male,Loyal Customer,53,Personal Travel,Eco Plus,399,3,5,3,3,4,3,4,4,4,3,5,5,4,3.85,0,0,FALSE
Female,Loyal Customer,25,Business Travel,Business,627,5,5,5,5,5,5,5,5,2,1,3,1,5,4,1,1,TRUE
Female,Loyal Customer,53,Business Travel,Business,3942,5,5,5,5,3,2,5,5,5,5,5,4,2,4.31,88,124,TRUE
Female,Disloyal Customer,23,Business Travel,Eco,551,3,0,3,1,5,3,5,5,1,3,3,4,5,3.15,5,0,FALSE
Male,Loyal Customer,38,Business Travel,Eco,109,5,1,1,1,5,5,5,5,1,5,5,1,5,3.46,0,0,TRUE
Female,Disloyal Customer,37,Business Travel,Eco,147,2,0,2,2,5,2,5,5,1,2,5,1,5,2.85,22,15,FALSE
Male,Loyal Customer,60,Personal Travel,Eco,328,2,5,2,5,1,2,1,1,2,4,5,4,1,2.69,0,4,FALSE
Male,Loyal Customer,48,Business Travel,Business,547,1,1,2,1,5,4,4,5,5,5,5,5,5,3.69,0,0,TRUE
Female,Loyal Customer,27,Personal Travel,Eco,921,2,4,2,1,3,2,3,3,4,5,5,3,3,3.08,11,2,FALSE
Female,Disloyal Customer,30,Business Travel,Eco,846,3,3,3,4,2,3,2,2,2,1,3,2,2,2.46,11,0,FALSE
Male,Loyal Customer,37,Business Travel,Business,2012,1,1,1,1,3,1,4,4,4,4,4,4,4,2.77,56,58,TRUE
Female,Loyal Customer,10,Personal Travel,Eco,2677,2,5,2,1,3,2,3,3,5,1,3,3,3,2.77,0,0,FALSE
Male,Loyal Customer,55,Business Travel,Business,2253,4,4,4,4,4,3,4,4,4,5,4,4,4,4,3,0,TRUE
Male,Loyal Customer,33,Business Travel,Business,728,5,5,5,5,3,4,3,3,5,2,5,4,3,4,0,0,TRUE
Male,Disloyal Customer,37,Business Travel,Business,223,4,4,4,1,2,4,2,2,1,3,3,5,2,2.85,0,0,FALSE
Male,Loyal Customer,51,Personal Travel,Eco,283,5,5,5,2,3,5,4,3,3,4,4,5,3,3.92,0,0,TRUE
Male,Loyal Customer,43,Business Travel,Business,1719,3,3,5,5,4,4,3,3,3,3,3,2,1,3.23,0,0,FALSE
Female,Disloyal Customer,34,Business Travel,Eco,773,2,2,2,3,4,2,4,4,4,1,3,5,4,3.08,3,10,FALSE
Male,Loyal Customer,55,Business Travel,Business,2475,5,5,5,5,5,4,4,5,3,4,4,4,4,4.38,6,13,TRUE
Female,Loyal Customer,33,Business Travel,Business,436,2,1,1,1,5,4,4,2,2,2,2,4,3,2.54,7,11,FALSE
Male,Loyal Customer,40,Business Travel,Business,2246,5,5,5,5,3,5,5,5,5,5,5,5,4,4.77,0,0,TRUE
Male,Disloyal Customer,22,Business Travel,Eco,484,2,1,2,1,5,2,5,5,2,4,1,4,5,3,20,12,FALSE
Female,Loyal Customer,30,Business Travel,Business,2185,3,3,3,3,2,2,2,2,5,2,5,3,2,2.85,0,0,TRUE
Male,Loyal Customer,54,Business Travel,Business,3314,3,3,3,3,2,5,4,5,5,5,5,3,4,3.85,0,0,TRUE
Male,Loyal Customer,65,Business Travel,Business,691,2,2,2,2,4,1,2,2,2,3,2,4,4,2.46,37,13,FALSE
Male,Loyal Customer,34,Business Travel,Business,3364,2,3,3,3,3,4,4,2,2,2,2,1,4,2.69,0,0,FALSE
Female,Loyal Customer,37,Business Travel,Business,2696,0,5,0,3,5,5,4,1,1,1,1,3,5,2.62,0,0,TRUE
Male,Loyal Customer,53,Business Travel,Business,3286,2,2,3,2,1,4,2,4,4,4,4,3,2,2.85,34,22,TRUE
Male,Loyal Customer,37,Personal Travel,Eco,2475,4,5,4,2,4,3,3,3,3,4,5,3,3,3.54,1,27,FALSE
Female,Disloyal Customer,38,Business Travel,Business,667,2,2,2,1,5,2,5,5,3,4,4,3,5,3.31,0,0,FALSE
Male,Loyal Customer,66,Personal Travel,Eco,1499,3,4,2,3,3,2,3,3,3,1,1,5,3,2.77,0,0,FALSE
Female,Loyal Customer,55,Personal Travel,Business,590,2,5,2,3,4,5,4,4,4,2,4,3,4,3.54,22,14,FALSE
Male,Disloyal Customer,21,Business Travel,Eco,1133,3,2,2,1,2,3,3,4,2,3,4,3,3,2.69,0,12,FALSE
Male,Loyal Customer,37,Business Travel,Business,2767,1,1,5,1,2,5,5,5,5,5,5,5,5,3.85,41,47,TRUE
Male,Disloyal Customer,30,Business Travel,Eco Plus,259,1,1,1,2,1,1,1,1,3,5,3,1,1,1.69,0,14,FALSE
Female,Loyal Customer,35,Personal Travel,Eco,581,1,4,1,3,1,1,1,1,4,2,3,1,1,1.85,0,0,FALSE
Female,Loyal Customer,50,Business Travel,Business,1972,2,2,2,2,5,5,5,5,5,5,5,3,3,3.77,2,0,TRUE
Female,Loyal Customer,72,Business Travel,Business,3465,3,4,4,4,5,3,3,3,3,3,3,2,3,3.31,0,0,FALSE
Male,Loyal Customer,45,Personal Travel,Eco,829,2,5,2,4,5,2,2,5,3,4,4,4,5,3.62,2,0,FALSE
Male,Loyal Customer,47,Personal Travel,Eco,152,1,4,1,4,5,1,5,5,3,5,4,3,5,3.54,51,46,FALSE
Male,Loyal Customer,32,Personal Travel,Eco,522,4,4,4,3,4,4,4,4,5,4,4,5,4,4.08,106,104,FALSE
Female,Loyal Customer,21,Personal Travel,Eco,297,1,2,1,3,5,1,5,5,1,3,4,2,5,2.92,0,0,FALSE
Female,Disloyal Customer,26,Business Travel,Eco Plus,282,1,5,0,3,1,0,3,1,4,5,5,1,1,2.31,0,0,FALSE
Female,Loyal Customer,37,Business Travel,Business,1643,3,1,1,1,2,4,4,3,3,3,3,1,3,2.46,0,0,FALSE
Female,Loyal Customer,51,Business Travel,Business,2586,2,2,2,2,3,5,5,4,4,4,4,4,5,3.54,2,0,TRUE
Male,Loyal Customer,36,Business Travel,Eco,508,3,3,2,3,3,3,3,2,3,4,3,3,3,2.92,143,148,FALSE
Male,Loyal Customer,56,Business Travel,Business,591,5,5,5,5,4,5,4,2,2,2,2,3,4,3.69,21,16,TRUE
Male,Loyal Customer,45,Business Travel,Business,3801,4,4,4,4,3,4,5,4,4,4,4,3,5,4,11,2,TRUE
Female,Loyal Customer,20,Personal Travel,Eco,213,2,4,2,1,4,2,4,4,3,2,2,2,4,2.77,0,0,FALSE
Male,Loyal Customer,48,Personal Travel,Eco,1744,2,5,2,4,2,4,4,3,2,4,5,4,4,3.46,185,177,FALSE
Female,Loyal Customer,29,Business Travel,Eco,2296,3,2,2,2,3,3,3,3,4,3,4,2,3,2.85,10,0,FALSE
Male,Loyal Customer,39,Business Travel,Business,2446,4,4,3,4,3,5,5,4,4,5,4,4,3,4,60,57,TRUE
Male,Loyal Customer,34,Business Travel,Business,1506,2,2,2,2,5,1,1,5,5,4,5,1,5,3.08,0,0,TRUE
Female,Loyal Customer,42,Business Travel,Eco,1235,1,1,1,1,3,4,4,1,1,1,1,2,3,1.85,5,2,FALSE
Male,Disloyal Customer,36,Business Travel,Business,459,1,1,1,1,5,1,5,5,3,2,5,3,5,2.92,22,18,FALSE
Female,Loyal Customer,47,Business Travel,Business,925,5,5,5,5,4,2,1,4,4,4,4,5,3,3.92,88,85,TRUE
Female,Loyal Customer,42,Personal Travel,Business,1533,3,2,3,3,1,4,4,2,2,3,2,4,3,2.77,0,0,FALSE
Female,Disloyal Customer,24,Business Travel,Eco,796,3,3,3,1,1,3,1,1,4,2,3,4,1,2.31,8,1,FALSE
Female,Loyal Customer,28,Personal Travel,Eco,661,2,1,2,3,2,2,2,2,3,2,3,2,2,2.15,0,0,FALSE
Male,Loyal Customer,17,Personal Travel,Eco,762,4,2,4,4,1,4,1,1,4,2,3,2,1,2.54,0,0,FALSE
Female,Disloyal Customer,28,Business Travel,Eco,533,2,1,2,3,2,2,2,2,4,4,3,3,2,2.46,0,4,FALSE
Male,Loyal Customer,20,Personal Travel,Eco,1120,2,4,2,4,2,2,2,2,4,4,5,3,2,2.92,19,65,FALSE
Female,Loyal Customer,7,Personal Travel,Eco Plus,173,2,5,0,2,2,0,2,2,5,2,5,3,2,2.46,18,35,FALSE
Female,Loyal Customer,60,Personal Travel,Eco,2475,4,1,4,2,3,2,1,3,3,4,1,2,1,2.38,6,0,FALSE
Male,Loyal Customer,36,Business Travel,Business,1937,3,3,3,3,1,1,3,4,4,4,4,3,5,3.15,0,0,TRUE
Male,Loyal Customer,33,Personal Travel,Eco,749,2,4,2,4,3,2,3,3,2,4,1,2,3,2.69,0,0,FALSE
Female,Loyal Customer,42,Business Travel,Business,327,4,5,5,5,1,4,3,4,4,4,4,4,3,3.85,13,6,FALSE
Male,Loyal Customer,50,Business Travel,Business,2449,1,1,3,1,4,5,4,4,4,5,4,5,4,3.46,0,0,TRUE
Male,Loyal Customer,55,Business Travel,Business,977,5,5,5,5,5,4,5,2,2,2,2,4,5,3.92,0,14,TRUE
Male,Loyal Customer,22,Personal Travel,Eco,404,2,4,3,2,4,3,4,4,3,2,4,5,4,3.38,6,17,FALSE
Female,Loyal Customer,43,Business Travel,Business,3727,2,2,2,2,3,4,2,3,3,4,3,1,5,2.77,0,0,TRUE
Male,Loyal Customer,44,Business Travel,Eco Plus,236,2,4,4,4,2,2,2,2,2,4,3,2,2,2.69,28,16,FALSE
Female,Disloyal Customer,22,Business Travel,Eco,257,2,0,2,5,3,2,4,3,1,1,2,1,3,2.23,10,3,FALSE
Male,Loyal Customer,39,Business Travel,Business,1475,1,3,1,1,3,5,5,4,4,4,4,3,3,3.15,0,10,TRUE
Female,Loyal Customer,44,Business Travel,Business,2173,3,3,3,3,4,2,3,3,3,3,3,4,3,3.08,56,63,FALSE
Male,Loyal Customer,56,Business Travel,Business,2651,2,2,2,2,5,5,2,5,5,5,3,2,3,3.31,0,3,TRUE
Male,Loyal Customer,43,Business Travel,Business,1615,4,4,4,4,2,4,5,2,2,2,2,4,5,3.38,73,61,TRUE
Male,Loyal Customer,49,Business Travel,Business,2279,2,2,2,2,2,4,5,3,3,3,3,5,4,3.08,6,0,TRUE
Female,Loyal Customer,58,Business Travel,Business,3629,2,2,2,2,3,5,5,4,4,4,4,4,4,3.46,0,0,TRUE
Female,Loyal Customer,53,Personal Travel,Eco,2079,3,3,2,3,2,2,1,4,4,4,3,1,1,2.54,104,150,FALSE
Male,Disloyal Customer,62,Business Travel,Eco,391,3,0,3,5,3,3,5,3,4,4,5,5,3,3.54,24,20,FALSE
Male,Loyal Customer,41,Personal Travel,Eco,438,4,5,4,1,5,4,5,5,4,3,5,4,5,4.15,0,0,FALSE
Female,Disloyal Customer,23,Business Travel,Eco,413,3,3,3,3,4,3,4,4,4,3,3,3,4,3.38,47,30,FALSE
Female,Loyal Customer,52,Business Travel,Eco,1197,2,4,4,4,1,4,3,2,2,2,2,1,2,2.54,21,24,FALSE
Male,Disloyal Customer,33,Business Travel,Business,366,3,2,2,3,4,2,4,4,5,4,5,3,4,3.46,0,0,FALSE
Male,Loyal Customer,29,Business Travel,Business,2362,4,4,4,4,5,5,5,5,5,5,5,5,5,4.69,0,6,TRUE
Male,Disloyal Customer,48,Business Travel,Eco,2306,3,3,3,4,1,3,1,1,3,1,4,4,1,2.46,0,0,FALSE
Female,Loyal Customer,33,Personal Travel,Eco Plus,647,1,1,1,3,3,1,3,3,4,1,3,3,3,2.31,0,0,FALSE
Female,Loyal Customer,51,Business Travel,Business,3787,1,4,4,4,1,3,3,3,3,3,1,2,3,2.69,12,0,FALSE
Male,Loyal Customer,54,Business Travel,Business,2308,2,2,3,2,1,2,3,5,5,5,5,3,1,3,0,0,TRUE
Male,Loyal Customer,39,Business Travel,Business,1517,2,2,3,2,2,5,5,4,4,4,4,5,5,3.62,0,0,TRUE
Female,Loyal Customer,47,Business Travel,Business,3637,1,1,1,1,4,1,1,5,5,5,5,3,2,2.69,0,0,TRUE
Female,Loyal Customer,28,Personal Travel,Eco,833,2,5,2,3,4,2,4,4,3,4,4,3,4,3.38,0,0,FALSE
Female,Loyal Customer,48,Business Travel,Business,2106,1,0,0,1,3,1,1,1,1,0,1,4,2,1.23,97,84,FALSE
Female,Disloyal Customer,24,Business Travel,Business,2586,5,4,5,3,1,4,1,1,4,5,4,3,1,3.15,0,0,TRUE
Female,Loyal Customer,20,Personal Travel,Eco,562,2,4,1,2,1,4,4,5,2,4,5,4,4,3.23,175,186,FALSE
Male,Loyal Customer,26,Personal Travel,Eco,992,3,5,3,1,5,3,5,5,5,5,4,4,5,4.08,18,64,FALSE
Male,Loyal Customer,50,Personal Travel,Eco,2917,4,4,3,3,3,3,3,4,4,3,5,3,3,3.46,0,13,FALSE
Male,Loyal Customer,41,Business Travel,Business,547,4,4,4,4,3,5,5,5,5,5,5,3,3,4.23,0,0,TRUE
Female,Disloyal Customer,25,Business Travel,Eco,592,4,3,4,4,1,4,1,1,3,4,4,1,1,2.69,2,12,FALSE
Male,Disloyal Customer,22,Business Travel,Eco,846,3,3,3,2,3,3,4,3,2,3,1,2,3,2.69,0,0,FALSE
Male,Loyal Customer,41,Business Travel,Business,2625,5,5,5,5,3,5,5,4,4,4,4,5,5,4.54,15,9,TRUE
Female,Loyal Customer,38,Business Travel,Business,2767,1,0,0,3,2,3,3,1,1,0,1,3,1,1.46,0,0,FALSE
Male,Loyal Customer,39,Business Travel,Business,535,1,1,1,1,4,5,5,5,5,5,5,4,5,3.62,4,0,TRUE
Male,Disloyal Customer,25,Business Travel,Business,546,4,2,4,3,2,4,2,2,5,4,5,5,2,3.38,1,0,TRUE
Female,Loyal Customer,24,Personal Travel,Eco,861,2,2,2,1,2,2,2,2,2,3,2,1,2,1.92,44,42,FALSE
Female,Disloyal Customer,20,Business Travel,Eco,669,2,1,2,2,5,2,2,5,2,5,2,2,5,2.85,34,28,FALSE
Female,Loyal Customer,57,Personal Travel,Eco,853,4,5,4,3,3,4,4,4,4,4,4,4,3,3.85,0,9,FALSE
Male,Loyal Customer,26,Personal Travel,Eco,1585,2,1,2,1,4,2,1,4,2,1,1,1,4,2,10,0,FALSE
Female,Disloyal Customer,55,Business Travel,Eco,1773,3,3,3,3,4,3,4,4,3,4,2,1,4,3.15,0,0,FALSE
Female,Loyal Customer,67,Personal Travel,Eco,1047,4,4,4,3,5,4,4,5,5,4,5,3,4,4.15,0,0,FALSE
Male,Disloyal Customer,23,Business Travel,Business,628,3,3,4,2,4,1,1,2,4,2,3,1,1,2.38,194,218,FALSE
Male,Loyal Customer,35,Personal Travel,Eco,2176,3,4,3,4,4,3,4,4,1,1,2,4,4,3.15,3,4,FALSE
Female,Loyal Customer,25,Business Travel,Business,2367,5,5,5,5,2,2,2,2,5,4,4,5,2,3.69,0,0,TRUE
Male,Loyal Customer,44,Business Travel,Business,1537,3,3,3,3,2,4,4,5,5,5,4,3,4,3.69,8,8,TRUE
Female,Loyal Customer,64,Business Travel,Business,3346,4,4,4,4,1,3,3,3,3,3,4,3,2,3.15,0,0,FALSE
Male,Disloyal Customer,28,Business Travel,Eco,187,1,0,1,4,4,1,4,4,5,5,5,1,4,3,3,0,FALSE
Female,Disloyal Customer,24,Business Travel,Eco,101,3,2,3,4,4,3,4,4,1,3,3,2,4,3.08,0,0,FALSE
Female,Loyal Customer,40,Business Travel,Business,1497,3,3,3,3,4,5,4,4,4,4,4,4,4,3.77,16,0,TRUE
Female,Loyal Customer,33,Business Travel,Business,407,5,5,5,5,3,4,5,4,4,4,4,4,3,4.23,13,6,TRUE
Female,Loyal Customer,32,Personal Travel,Eco,1069,1,4,1,1,4,1,4,4,5,5,4,4,4,3.23,0,0,FALSE
Male,Loyal Customer,37,Business Travel,Eco,201,4,5,5,5,4,4,4,4,4,2,3,5,4,4.08,8,0,TRUE
Female,Loyal Customer,20,Business Travel,Business,571,2,2,2,2,4,4,4,4,2,4,3,3,4,3.08,0,1,TRUE
Female,Loyal Customer,7,Personal Travel,Eco,432,1,4,2,3,4,2,4,4,4,1,5,3,4,3.15,0,0,FALSE
Male,Loyal Customer,46,Business Travel,Business,2131,3,3,3,3,3,5,4,5,5,4,5,3,3,3.77,0,0,TRUE
Female,Loyal Customer,58,Business Travel,Business,1744,2,2,2,2,2,4,5,4,4,4,4,3,5,3.31,5,0,TRUE
Male,Loyal Customer,48,Business Travel,Business,2427,2,2,2,2,5,4,5,4,4,4,4,3,4,3.46,1,0,TRUE
Female,Loyal Customer,40,Personal Travel,Eco,1532,3,5,2,2,1,2,1,1,3,5,3,4,1,2.54,1,0,FALSE
Male,Loyal Customer,68,Business Travel,Business,3314,4,2,2,2,3,2,1,4,4,3,4,1,3,2.69,0,0,FALSE
Male,Loyal Customer,31,Personal Travel,Eco,528,2,5,2,5,1,2,1,1,4,3,5,4,1,2.77,0,0,FALSE
Female,Loyal Customer,40,Business Travel,Business,3391,3,4,1,4,4,3,3,2,2,2,3,4,2,2.85,0,0,FALSE
Female,Loyal Customer,49,Business Travel,Business,781,1,1,1,1,3,5,4,5,5,5,5,3,5,3.38,0,0,TRUE
Female,Loyal Customer,45,Business Travel,Business,1865,5,5,5,5,2,3,5,4,4,4,4,3,5,4.15,0,0,TRUE
Male,Disloyal Customer,44,Business Travel,Business,373,4,4,4,1,2,4,5,2,3,3,5,3,2,3.23,0,0,TRUE
Male,Loyal Customer,49,Business Travel,Business,3077,3,3,3,3,2,5,5,5,5,5,5,5,3,4,9,0,TRUE
Female,Loyal Customer,70,Personal Travel,Business,550,2,0,2,2,3,4,4,5,5,2,2,4,5,3.08,0,0,FALSE
Female,Loyal Customer,63,Personal Travel,Eco,547,2,3,2,4,4,5,2,1,1,2,1,3,3,2.54,39,32,FALSE
Female,Disloyal Customer,28,Business Travel,Eco,669,2,2,2,4,5,2,5,5,3,4,4,3,5,3.54,13,4,FALSE
Female,Loyal Customer,47,Business Travel,Business,2275,4,4,4,4,5,4,5,4,4,4,4,3,3,4,3,0,TRUE
Female,Loyal Customer,53,Business Travel,Business,522,1,1,1,1,2,4,5,4,4,4,4,3,5,3,0,0,TRUE
Female,Loyal Customer,46,Personal Travel,Eco,1222,2,1,3,3,4,3,3,5,5,3,4,4,4,3.38,13,2,FALSE
Female,Loyal Customer,37,Personal Travel,Eco,140,3,2,0,3,3,0,3,3,4,4,4,2,3,2.62,20,34,FALSE
Male,Loyal Customer,68,Business Travel,Business,446,4,2,2,2,2,3,4,4,4,4,4,3,1,3,0,0,FALSE
Female,Disloyal Customer,26,Business Travel,Eco Plus,562,2,1,1,4,3,1,3,3,1,1,4,2,3,2.23,6,29,FALSE
Male,Loyal Customer,59,Personal Travel,Eco Plus,692,3,4,3,1,5,3,5,5,3,4,4,5,5,3.85,43,56,FALSE
Female,Loyal Customer,47,Personal Travel,Eco,147,2,4,2,1,5,5,5,4,4,2,5,3,3,3.46,0,8,FALSE
Male,Loyal Customer,34,Personal Travel,Eco,550,1,4,1,1,4,1,4,4,5,5,5,3,4,3.23,0,0,FALSE
Female,Loyal Customer,15,Personal Travel,Eco,1119,3,4,4,1,4,4,4,4,3,4,4,3,4,3.54,3,0,FALSE
Female,Loyal Customer,50,Business Travel,Business,1999,5,5,5,5,3,5,5,4,4,4,4,4,5,4.46,3,0,TRUE
Male,Disloyal Customer,27,Business Travel,Business,409,5,5,5,1,3,5,3,3,4,5,5,3,3,3.85,0,0,TRUE
Female,Loyal Customer,54,Business Travel,Business,1524,2,5,5,5,3,4,3,2,2,2,2,1,2,2.92,41,23,FALSE
Male,Loyal Customer,41,Business Travel,Business,364,2,2,2,2,3,5,5,4,4,4,4,5,4,3.54,0,0,TRUE
Female,Loyal Customer,45,Personal Travel,Eco,696,3,3,3,4,2,4,3,1,1,3,1,1,4,2.54,108,116,FALSE
Male,Loyal Customer,53,Business Travel,Business,3933,2,2,2,2,3,4,5,5,5,5,5,4,5,3.77,0,42,TRUE
Female,Loyal Customer,31,Personal Travel,Eco,1197,4,4,4,3,3,4,3,3,3,4,5,5,3,3.69,0,0,FALSE
Male,Loyal Customer,49,Business Travel,Business,3145,3,3,3,3,4,5,5,4,4,4,4,4,4,3.85,0,0,TRUE
Female,Loyal Customer,70,Personal Travel,Eco,1208,2,4,2,3,3,4,3,1,1,2,1,3,3,2.46,39,53,FALSE
Male,Loyal Customer,44,Personal Travel,Eco,2218,2,1,2,2,1,2,1,1,1,4,3,4,1,1.92,0,0,FALSE
Female,Loyal Customer,45,Personal Travel,Eco,1620,2,4,2,4,2,3,5,2,2,2,2,3,3,2.77,0,0,FALSE
Male,Loyal Customer,26,Personal Travel,Eco,432,4,4,4,3,4,4,4,4,3,2,1,5,4,3.54,0,0,TRUE
Female,Disloyal Customer,57,Business Travel,Business,1144,5,5,5,1,3,5,3,3,4,2,5,4,3,3.69,0,0,TRUE
Female,Disloyal Customer,26,Business Travel,Eco,389,4,2,4,2,1,4,4,1,1,5,2,1,1,2.46,51,54,FALSE
Male,Loyal Customer,40,Business Travel,Business,590,1,1,1,1,4,5,5,5,5,5,5,4,3,3.46,12,9,TRUE
Male,Disloyal Customer,20,Business Travel,Eco,583,2,2,2,3,5,2,5,5,4,1,4,2,5,3.23,0,0,FALSE
Female,Loyal Customer,36,Personal Travel,Business,169,2,5,2,3,3,4,5,4,4,2,4,4,5,3.62,0,0,FALSE
Male,Loyal Customer,31,Business Travel,Business,1797,5,5,5,5,3,4,3,3,4,2,5,3,3,3.85,0,0,TRUE
Female,Loyal Customer,42,Business Travel,Business,325,0,0,0,4,3,5,4,5,5,5,5,4,5,3.46,77,78,TRUE
Female,Loyal Customer,44,Business Travel,Business,2495,5,5,5,5,4,4,1,4,4,4,4,3,5,4.08,0,0,TRUE
Female,Loyal Customer,26,Business Travel,Business,2486,4,4,4,4,2,2,2,2,3,3,4,4,2,3.08,13,0,TRUE
Male,Loyal Customer,54,Business Travel,Business,631,2,2,5,2,3,4,5,4,4,4,4,4,5,3.69,6,0,TRUE
Male,Loyal Customer,53,Business Travel,Business,3230,1,5,5,5,1,4,4,1,1,1,1,3,4,2.77,3,0,FALSE
Male,Disloyal Customer,20,Business Travel,Eco,319,2,0,2,2,5,2,5,5,1,5,5,2,5,3.15,0,0,FALSE
Female,Disloyal Customer,56,Business Travel,Eco,95,3,2,3,3,3,3,5,3,1,3,3,4,3,3,3,0,FALSE
Male,Loyal Customer,44,Business Travel,Business,1991,2,2,2,2,5,4,5,5,5,5,5,5,4,3.92,4,0,TRUE
Female,Loyal Customer,25,Business Travel,Business,1823,3,3,3,3,4,4,4,4,3,2,5,1,4,3.31,0,0,TRUE
Female,Loyal Customer,56,Business Travel,Business,3150,5,5,5,5,2,3,2,5,5,5,5,4,5,4.31,0,2,TRUE
Male,Loyal Customer,34,Personal Travel,Business,529,4,4,4,4,5,5,4,4,4,4,4,3,3,4,0,0,TRUE
Male,Loyal Customer,26,Business Travel,Eco Plus,669,1,1,4,1,1,1,2,1,4,3,2,1,1,1.77,0,0,FALSE
Female,Disloyal Customer,22,Business Travel,Eco,399,3,1,3,3,2,3,2,2,2,3,4,4,2,2.62,52,46,FALSE
Male,Loyal Customer,42,Business Travel,Business,3015,1,1,1,1,2,4,4,5,5,4,5,5,5,3.31,0,0,TRUE
Female,Loyal Customer,64,Personal Travel,Eco Plus,1081,4,4,4,2,3,2,3,4,4,4,4,5,1,3.38,81,85,FALSE
Male,Loyal Customer,65,Personal Travel,Eco,862,4,5,4,3,3,4,3,3,4,3,4,4,3,3.62,3,0,FALSE
Male,Loyal Customer,34,Business Travel,Business,3695,2,2,2,2,4,2,2,2,2,2,2,2,3,2.23,0,0,FALSE
Female,Disloyal Customer,28,Business Travel,Eco,370,1,3,1,3,1,1,1,1,3,3,3,1,1,1.77,0,1,FALSE
Male,Loyal Customer,55,Business Travel,Business,373,2,2,2,2,3,4,1,4,4,4,4,4,2,2.92,0,0,TRUE
Male,Loyal Customer,12,Personal Travel,Eco,337,2,4,3,3,2,3,2,2,4,2,5,5,2,3,0,1,FALSE
Male,Disloyal Customer,27,Business Travel,Eco,253,2,3,2,4,4,2,4,4,3,2,4,2,4,3.08,0,8,FALSE
Male,Loyal Customer,33,Business Travel,Business,1843,3,3,3,3,2,2,2,2,3,2,5,3,2,2.69,59,64,TRUE
Male,Loyal Customer,53,Business Travel,Business,2387,4,4,4,4,4,3,3,1,1,1,4,4,1,2.92,0,0,FALSE
Male,Loyal Customer,42,Business Travel,Business,965,3,3,3,3,4,4,5,5,5,5,5,5,5,4.23,0,0,TRUE
Male,Disloyal Customer,24,Business Travel,Business,787,0,4,0,1,5,0,5,5,3,4,5,3,5,3.08,25,11,TRUE
Female,Loyal Customer,48,Business Travel,Business,3586,5,5,5,5,4,5,4,3,3,4,3,5,5,4.31,7,0,TRUE
Male,Loyal Customer,60,Business Travel,Business,3415,1,3,3,3,1,3,4,1,1,2,1,3,1,2.08,0,0,FALSE
Female,Loyal Customer,65,Business Travel,Eco,174,3,3,3,3,5,4,3,3,3,3,3,2,1,3,0,0,FALSE
Female,Loyal Customer,68,Personal Travel,Eco,833,2,5,2,2,3,5,4,2,2,2,2,3,3,2.85,0,0,FALSE
Female,Disloyal Customer,44,Business Travel,Business,284,3,3,3,3,3,3,3,3,5,5,5,4,3,3.54,0,23,FALSE
Female,Loyal Customer,32,Personal Travel,Eco,335,3,4,3,2,5,3,4,5,3,4,4,4,5,3.77,0,16,FALSE
Male,Loyal Customer,36,Business Travel,Eco,944,2,3,3,3,2,2,2,2,2,3,4,2,2,2.46,0,1,TRUE
Male,Loyal Customer,67,Personal Travel,Eco,404,3,5,4,3,4,4,4,4,4,2,4,5,4,3.85,10,6,FALSE
Female,Loyal Customer,68,Personal Travel,Eco,829,0,5,1,1,3,4,4,4,4,1,2,5,3,2.85,0,4,TRUE
Male,Loyal Customer,71,Business Travel,Eco,73,5,1,5,1,5,5,5,5,1,4,5,1,5,3.69,0,5,TRUE
Female,Loyal Customer,31,Personal Travel,Eco,373,1,3,1,4,4,1,5,4,2,1,2,4,4,2.77,12,14,FALSE
Male,Loyal Customer,10,Personal Travel,Eco,861,2,4,2,3,2,2,2,2,5,2,4,4,2,2.77,32,15,FALSE
Male,Loyal Customer,52,Business Travel,Business,1464,2,2,2,2,2,5,5,2,2,3,2,4,4,2.85,0,0,TRUE
Male,Loyal Customer,32,Business Travel,Eco Plus,503,4,2,2,2,4,4,4,1,1,4,3,4,4,3,266,270,FALSE
Male,Loyal Customer,74,Business Travel,Business,300,3,3,3,3,3,5,2,4,4,4,4,1,2,3.15,0,0,TRUE
Male,Loyal Customer,17,Personal Travel,Eco,328,2,2,2,2,2,4,4,2,3,2,2,4,4,2.69,137,130,FALSE
Male,Disloyal Customer,27,Business Travel,Business,323,5,5,5,1,5,5,5,5,5,4,4,5,5,4.54,0,0,TRUE
Male,Loyal Customer,30,Business Travel,Business,3800,1,1,1,1,4,4,4,4,3,5,4,5,4,3.15,0,7,TRUE
Female,Loyal Customer,40,Business Travel,Eco,1197,2,2,2,2,2,2,2,2,3,5,2,2,2,2.31,34,37,FALSE
Female,Loyal Customer,47,Business Travel,Business,1504,3,1,1,1,4,3,4,3,3,3,3,4,2,2.69,0,0,FALSE
Male,Loyal Customer,46,Business Travel,Business,911,2,1,1,1,4,3,4,2,2,2,2,4,2,2.31,0,0,FALSE
Female,Loyal Customer,47,Business Travel,Business,185,4,2,2,2,4,4,3,2,2,3,4,3,4,3,0,0,FALSE
Female,Loyal Customer,52,Personal Travel,Eco,214,3,0,0,2,2,4,5,5,5,0,5,5,5,3.15,1,6,FALSE
Male,Loyal Customer,49,Business Travel,Business,2386,3,4,4,4,5,3,2,3,3,3,3,2,2,3.15,46,57,FALSE
Female,Loyal Customer,54,Business Travel,Business,2502,5,5,5,5,3,5,4,4,4,4,4,5,3,4.31,3,0,TRUE
Male,Loyal Customer,43,Business Travel,Business,405,1,1,1,1,4,5,4,5,5,5,5,3,5,3.46,0,0,TRUE
Female,Disloyal Customer,39,Business Travel,Eco,998,3,3,3,3,4,3,4,4,2,4,3,4,4,3.38,0,2,FALSE
Male,Disloyal Customer,40,Business Travel,Business,2296,1,2,2,5,1,2,1,1,3,5,5,3,1,2.46,0,0,FALSE
Female,Loyal Customer,69,Personal Travel,Eco,214,2,3,2,4,4,4,4,3,3,2,3,1,1,2.77,0,0,FALSE
Male,Disloyal Customer,38,Business Travel,Business,216,4,4,4,4,4,4,4,4,2,1,4,2,4,3.46,0,0,FALSE
Female,Loyal Customer,43,Business Travel,Business,1416,3,3,3,3,2,5,4,2,2,2,2,3,5,3,0,6,TRUE
Male,Loyal Customer,9,Personal Travel,Eco,1237,1,4,1,3,2,1,2,2,5,4,4,4,2,2.69,47,28,FALSE
Female,Loyal Customer,56,Personal Travel,Eco,1475,2,5,2,3,4,3,5,2,2,2,2,3,3,2.92,0,0,FALSE
Male,Loyal Customer,55,Business Travel,Business,3932,3,3,3,3,4,5,3,5,5,5,4,1,4,3.69,9,3,TRUE
Male,Loyal Customer,49,Business Travel,Eco,1086,3,3,3,3,3,3,3,3,2,1,4,4,3,2.92,0,0,FALSE
Female,Disloyal Customer,36,Business Travel,Eco,451,2,4,2,3,2,2,2,2,2,1,3,2,2,2.23,0,0,FALSE
Male,Loyal Customer,14,Personal Travel,Business,425,2,4,5,1,3,5,3,3,4,5,4,3,3,3.46,3,20,FALSE
Female,Loyal Customer,25,Business Travel,Business,1917,1,1,1,1,4,4,4,4,5,3,3,4,4,3,2,3,TRUE
Female,Loyal Customer,32,Business Travel,Eco Plus,101,3,5,5,5,3,3,3,3,3,5,3,2,3,3.54,0,1,FALSE
Female,Disloyal Customer,57,Business Travel,Eco,1269,3,3,3,3,5,3,5,5,3,2,3,4,5,3.62,8,0,FALSE
Female,Loyal Customer,52,Business Travel,Business,3295,1,1,1,1,5,4,4,5,5,5,5,4,5,3.54,9,0,TRUE
Male,Loyal Customer,41,Business Travel,Business,1634,3,5,4,5,3,2,1,3,3,3,3,4,4,3.31,0,0,FALSE
Male,Loyal Customer,67,Business Travel,Business,3561,5,5,5,5,3,4,5,4,4,4,3,3,5,4.23,0,0,TRUE
Female,Loyal Customer,42,Business Travel,Eco Plus,289,1,4,5,4,3,4,3,1,1,1,1,2,1,2.38,108,93,FALSE
Female,Loyal Customer,37,Business Travel,Business,3138,2,1,1,1,5,3,3,2,2,2,2,1,3,2.15,0,0,FALSE
Male,Loyal Customer,57,Business Travel,Business,3107,4,4,4,4,5,5,5,5,5,5,5,5,3,4.54,106,104,TRUE
Male,Loyal Customer,59,Personal Travel,Eco,153,3,4,3,5,4,3,4,4,3,4,4,3,4,3.69,0,8,FALSE
Female,Loyal Customer,57,Business Travel,Eco,446,2,4,2,4,4,4,3,2,2,2,2,3,2,2.77,8,0,FALSE
Female,Disloyal Customer,54,Business Travel,Eco,950,2,2,2,5,3,2,5,3,1,4,2,4,3,2.92,10,26,FALSE
Female,Disloyal Customer,23,Business Travel,Eco Plus,376,0,0,0,1,2,0,2,2,2,4,2,1,2,1.38,0,0,TRUE
Female,Loyal Customer,37,Business Travel,Business,1024,2,2,2,2,2,5,4,4,4,4,4,4,5,3.38,17,14,TRUE
Male,Loyal Customer,39,Business Travel,Eco,466,5,3,5,3,5,5,5,5,2,3,3,5,5,4.15,120,120,TRUE
Male,Loyal Customer,37,Business Travel,Business,1619,2,2,2,2,5,2,3,5,5,5,5,4,1,3.31,8,0,TRUE
Female,Disloyal Customer,16,Business Travel,Eco,857,3,3,3,2,2,3,2,2,3,2,5,4,2,2.77,0,0,FALSE
Male,Loyal Customer,53,Business Travel,Business,2697,2,2,2,2,5,5,4,2,2,2,2,3,5,2.92,6,0,TRUE
Female,Loyal Customer,31,Personal Travel,Eco,444,3,4,3,1,5,3,5,5,4,5,5,4,5,4,0,0,FALSE
Female,Loyal Customer,50,Business Travel,Business,3528,1,1,1,1,5,4,5,5,5,5,5,4,4,3.54,34,20,TRUE
Male,Loyal Customer,27,Personal Travel,Eco Plus,409,1,1,4,4,2,4,2,2,3,2,3,4,2,2.62,0,0,FALSE
Male,Loyal Customer,41,Business Travel,Eco,1069,4,2,2,2,4,4,4,4,3,1,1,1,4,2.77,27,50,FALSE
Male,Loyal Customer,56,Personal Travel,Eco Plus,896,5,5,5,5,3,5,3,3,4,2,4,3,3,3.85,0,4,TRUE
Male,Loyal Customer,42,Business Travel,Eco,304,3,5,5,5,3,3,3,3,4,4,4,3,3,3.69,48,38,FALSE
Male,Loyal Customer,58,Personal Travel,Eco,333,2,5,5,2,5,5,5,5,1,2,1,3,5,3.54,0,0,FALSE
Male,Disloyal Customer,16,Business Travel,Eco,516,2,2,1,4,3,1,3,3,2,4,3,4,3,2.69,1,0,FALSE
Female,Loyal Customer,57,Business Travel,Business,468,1,1,1,1,4,5,5,4,4,4,4,5,5,3.38,41,37,TRUE
Male,Loyal Customer,8,Personal Travel,Eco,231,2,5,0,3,1,0,5,1,4,5,4,4,1,2.69,0,0,FALSE
Female,Loyal Customer,46,Business Travel,Business,3346,2,2,2,2,3,5,4,5,5,5,5,4,3,3.62,0,0,TRUE
Male,Loyal Customer,39,Personal Travel,Eco,812,2,1,2,3,3,2,3,3,2,2,4,2,3,2.46,0,0,FALSE
Female,Disloyal Customer,27,Business Travel,Eco,1115,2,2,2,3,3,2,3,3,3,2,3,3,3,2.62,6,0,FALSE
Female,Loyal Customer,65,Personal Travel,Eco,861,2,5,2,4,5,4,5,2,2,2,2,5,3,3.31,0,0,FALSE
Male,Loyal Customer,16,Personal Travel,Business,259,4,3,4,4,1,4,1,1,3,2,4,1,1,2.54,24,13,FALSE
Male,Loyal Customer,32,Business Travel,Business,2218,3,3,3,3,3,4,3,3,5,5,5,3,3,3.54,0,0,TRUE
Female,Loyal Customer,42,Business Travel,Eco,101,5,2,2,2,3,3,3,5,5,5,5,2,3,3.46,3,7,TRUE
Female,Disloyal Customer,37,Business Travel,Eco,459,2,2,3,2,3,3,2,3,3,3,3,2,3,2.62,0,6,FALSE
Male,Loyal Customer,58,Personal Travel,Eco,1303,1,5,1,5,1,1,3,1,3,5,4,3,1,2.62,0,7,FALSE
Female,Loyal Customer,53,Personal Travel,Eco,1069,3,4,3,3,5,4,4,4,4,3,4,5,5,3.92,15,11,FALSE
Male,Loyal Customer,48,Business Travel,Business,562,1,0,0,3,3,3,4,5,5,0,5,4,3,2.77,5,15,FALSE
Female,Loyal Customer,21,Personal Travel,Eco,2125,1,3,2,3,1,2,4,1,4,3,4,1,1,2.31,0,0,FALSE
Female,Loyal Customer,53,Business Travel,Eco,912,2,4,4,4,1,2,3,2,2,2,2,3,3,2.62,4,5,FALSE
Male,Loyal Customer,18,Personal Travel,Eco,2338,4,2,4,3,2,4,2,2,4,3,4,3,2,3,38,1,FALSE
Male,Loyal Customer,38,Business Travel,Business,3833,0,0,0,1,2,4,5,3,3,2,2,4,5,2.38,0,0,TRUE
Female,Loyal Customer,71,Business Travel,Business,3752,2,5,3,5,1,3,4,2,2,2,2,3,1,2.69,0,0,FALSE
Male,Loyal Customer,33,Business Travel,Business,376,4,4,5,4,5,5,5,5,4,3,4,1,5,4.15,40,39,TRUE
Female,Loyal Customer,29,Business Travel,Business,834,1,2,2,2,1,1,1,1,4,5,2,4,1,2.08,0,0,FALSE
Male,Loyal Customer,15,Personal Travel,Eco,679,3,5,3,3,1,3,1,1,4,5,4,3,1,2.85,0,0,FALSE
Female,Loyal Customer,55,Business Travel,Business,270,5,5,5,5,2,2,3,5,5,5,5,3,5,4.23,0,0,TRUE
Female,Loyal Customer,44,Personal Travel,Eco,321,3,2,3,3,3,3,3,1,1,3,1,3,1,2.31,0,0,FALSE
Female,Disloyal Customer,22,Business Travel,Business,666,5,0,5,2,5,5,5,5,3,3,5,4,5,4,0,0,TRUE
Female,Loyal Customer,48,Personal Travel,Eco,447,3,5,3,3,5,4,4,2,2,3,2,5,4,3.46,0,0,FALSE
Male,Disloyal Customer,27,Business Travel,Eco,930,3,2,2,3,2,2,2,2,4,2,4,3,2,2.54,0,0,FALSE
Male,Disloyal Customer,35,Business Travel,Business,1464,1,1,1,3,1,1,1,1,5,2,5,3,1,2,0,0,FALSE
Female,Loyal Customer,50,Business Travel,Business,2165,4,5,5,5,2,2,1,4,4,3,4,2,2,3.31,0,0,FALSE
Male,Loyal Customer,32,Business Travel,Business,1379,2,2,2,2,5,5,5,5,3,2,5,3,5,3.54,0,0,TRUE
Male,Loyal Customer,47,Business Travel,Business,946,3,3,3,3,5,4,5,5,5,5,5,5,5,4.31,0,0,TRUE
Male,Loyal Customer,26,Personal Travel,Eco,680,3,4,3,1,2,3,2,2,5,3,5,4,2,3,0,11,FALSE
Male,Loyal Customer,22,Business Travel,Eco,919,3,3,5,3,3,3,2,3,2,1,3,4,3,2.92,0,0,FALSE
Female,Loyal Customer,60,Personal Travel,Eco Plus,404,2,4,2,1,2,5,5,1,1,2,5,4,3,2.85,77,108,FALSE
Male,Disloyal Customer,25,Business Travel,Eco,846,2,2,2,3,2,2,2,2,5,4,1,2,2,2.38,4,3,FALSE
Female,Loyal Customer,12,Personal Travel,Eco,189,1,5,1,2,4,1,4,4,1,5,1,4,4,2.85,58,63,FALSE
Female,Loyal Customer,40,Business Travel,Eco,240,2,2,2,2,2,2,2,2,4,3,4,1,2,2.31,0,8,FALSE
Female,Loyal Customer,67,Business Travel,Business,404,1,1,1,1,4,5,5,4,4,4,4,5,3,3.23,0,7,TRUE
Female,Loyal Customer,45,Business Travel,Business,2414,1,1,1,1,5,5,5,4,4,4,4,4,5,3.38,0,17,TRUE
Male,Loyal Customer,59,Personal Travel,Eco,370,2,3,2,2,5,2,5,5,1,2,3,4,5,3.15,28,27,FALSE
Female,Disloyal Customer,25,Business Travel,Eco,432,2,3,2,3,1,2,1,1,2,3,4,4,1,2.23,32,23,FALSE
Male,Loyal Customer,24,Business Travel,Business,549,2,2,3,2,5,5,5,5,3,3,3,1,5,3.38,0,1,TRUE
Male,Loyal Customer,44,Business Travel,Eco,266,5,5,5,5,4,5,4,4,2,5,5,1,4,4.15,0,14,TRUE
Female,Loyal Customer,56,Business Travel,Business,2892,2,2,2,2,5,4,4,2,2,2,2,4,3,2.77,34,24,TRUE
Male,Loyal Customer,37,Business Travel,Business,1862,2,2,2,2,4,4,4,2,2,2,2,3,2,2.54,38,26,FALSE
Male,Loyal Customer,38,Business Travel,Business,3161,1,1,5,1,5,1,2,2,2,2,2,4,2,2.31,0,0,TRUE
Female,Loyal Customer,37,Personal Travel,Eco,669,4,5,4,3,1,4,3,1,3,2,4,3,1,2.92,31,27,FALSE
Female,Loyal Customer,63,Personal Travel,Eco,678,4,2,4,4,3,4,3,2,2,4,2,2,4,3.08,15,25,FALSE
Male,Loyal Customer,39,Business Travel,Business,89,2,2,5,2,4,2,4,4,4,4,5,2,1,3.15,0,0,TRUE
Male,Loyal Customer,58,Personal Travel,Eco,199,4,1,0,3,5,0,3,5,3,4,2,1,5,2.77,0,0,FALSE
Female,Loyal Customer,35,Personal Travel,Eco,909,1,4,1,5,3,1,3,3,3,3,3,3,3,2.77,70,,FALSE
Female,Loyal Customer,36,Personal Travel,Eco Plus,719,2,5,3,3,4,3,4,4,4,1,3,4,4,3.38,6,11,FALSE
Male,Loyal Customer,28,Business Travel,Business,957,3,3,3,3,5,5,5,5,5,2,4,3,5,3.92,0,1,TRUE
Female,Loyal Customer,49,Business Travel,Business,1185,2,2,2,2,5,5,4,5,5,5,5,5,3,3.85,28,17,TRUE
Female,Loyal Customer,69,Personal Travel,Business,2136,1,5,1,4,2,5,4,1,1,1,1,4,3,2.54,0,1,FALSE
Male,Loyal Customer,77,Business Travel,Business,3583,2,4,5,4,1,1,2,2,2,2,2,1,3,2.38,0,39,FALSE
Male,Loyal Customer,61,Personal Travel,Eco,280,1,4,1,2,4,1,4,4,4,2,5,5,4,3.15,0,0,FALSE
Male,Disloyal Customer,24,Business Travel,Business,1096,5,0,5,4,5,5,5,5,3,4,4,3,5,4.08,0,0,TRUE
Female,Loyal Customer,58,Personal Travel,Eco,399,2,5,3,1,4,4,5,4,4,3,4,5,5,3.77,15,12,FALSE
Male,Loyal Customer,62,Personal Travel,Eco,2300,3,4,3,4,3,3,3,3,3,4,4,5,3,3.46,0,5,FALSE
Female,Disloyal Customer,29,Business Travel,Business,868,4,4,4,1,4,4,2,4,5,5,4,5,4,3.85,16,13,TRUE
Male,Loyal Customer,60,Business Travel,Business,1020,2,3,3,3,2,3,3,2,2,2,2,2,1,2.31,29,6,FALSE
Male,Loyal Customer,19,Business Travel,Business,748,3,4,4,4,3,3,3,3,2,4,4,1,3,3.15,0,0,FALSE
Male,Loyal Customer,57,Personal Travel,Eco Plus,1126,2,4,2,4,5,2,1,5,3,3,4,4,5,3.38,9,0,FALSE
Female,Loyal Customer,33,Personal Travel,Eco,1034,2,5,2,2,5,2,2,5,3,2,4,5,5,3.38,26,21,FALSE
Male,Loyal Customer,67,Business Travel,Eco,620,4,2,5,2,4,4,4,4,5,3,1,3,4,3.46,6,0,TRUE
Female,Loyal Customer,47,Business Travel,Business,1782,3,1,1,1,5,3,4,3,3,2,3,3,2,2.62,23,16,FALSE
Female,Loyal Customer,40,Business Travel,Business,3096,2,2,2,2,4,5,5,4,4,4,4,4,1,3.31,0,8,TRUE
Male,Disloyal Customer,38,Business Travel,Business,919,3,3,3,2,1,3,1,1,4,4,4,4,1,2.62,0,0,FALSE
Female,Loyal Customer,64,Personal Travel,Eco,2237,4,5,3,1,2,5,5,5,5,3,5,4,4,3.92,7,0,TRUE
Female,Disloyal Customer,37,Business Travel,Eco,173,1,3,1,3,4,1,4,4,2,3,1,4,4,2.69,0,0,FALSE
Male,Disloyal Customer,14,Business Travel,Business,866,5,0,5,4,4,5,4,4,5,3,5,3,4,3.92,0,0,TRUE
Male,Disloyal Customer,36,Business Travel,Eco,1416,1,1,1,3,4,1,4,4,2,1,2,2,4,2.31,2,21,FALSE
Female,Loyal Customer,26,Business Travel,Business,909,5,5,4,5,4,4,4,4,5,5,4,4,4,4.38,2,0,TRUE
Female,Loyal Customer,46,Business Travel,Business,516,1,1,1,1,2,5,4,5,5,5,5,5,3,3.31,0,0,TRUE
Female,Disloyal Customer,26,Business Travel,Business,929,5,5,5,1,4,0,4,4,3,3,5,5,4,3.69,0,0,TRUE
Male,Loyal Customer,42,Business Travel,Business,3725,2,2,2,2,2,4,4,3,3,4,3,4,4,3,10,9,TRUE
Male,Loyal Customer,49,Personal Travel,Eco Plus,406,3,4,3,4,4,3,2,4,4,4,5,4,4,3.69,0,0,FALSE
Male,Loyal Customer,11,Personal Travel,Eco,621,1,5,1,4,4,1,4,4,3,5,5,5,4,3.54,0,0,FALSE
Female,Loyal Customer,53,Business Travel,Business,2170,0,0,0,1,3,4,5,4,4,4,4,5,5,3,18,7,TRUE
Female,Loyal Customer,36,Business Travel,Eco,633,1,3,2,3,1,1,1,1,4,5,3,3,1,2.23,56,44,FALSE
Male,Loyal Customer,21,Business Travel,Business,3815,4,4,4,4,3,3,3,3,4,3,5,4,3,3.62,0,0,TRUE
Female,Loyal Customer,14,Personal Travel,Eco,1846,1,4,1,1,5,1,5,5,5,2,4,4,5,3.31,0,0,FALSE
Female,Loyal Customer,71,Business Travel,Business,3404,3,3,2,3,5,4,4,4,4,4,4,5,4,3.77,0,0,TRUE
Male,Loyal Customer,20,Business Travel,Business,2454,2,2,2,2,2,2,2,2,3,3,4,4,2,2.46,0,0,TRUE
Female,Loyal Customer,59,Personal Travel,Eco,1303,3,5,3,3,3,4,4,5,5,3,5,4,3,3.85,0,0,FALSE
Female,Loyal Customer,22,Personal Travel,Eco,931,3,5,3,3,5,3,5,5,4,5,4,5,5,4.23,0,0,FALSE
Female,Loyal Customer,44,Business Travel,Business,2076,5,5,5,5,5,4,4,5,5,5,5,4,5,4.77,0,0,TRUE
Male,Loyal Customer,48,Personal Travel,Eco,130,4,4,4,1,5,4,5,5,1,1,2,3,5,3.38,0,2,FALSE
Female,Disloyal Customer,44,Business Travel,Eco,397,1,4,1,3,4,1,4,4,2,3,4,4,4,3,0,0,FALSE
Female,Loyal Customer,65,Personal Travel,Eco,1276,4,2,4,4,4,2,2,3,3,2,4,2,2,2.92,401,435,FALSE
Male,Loyal Customer,41,Business Travel,Business,2486,2,2,2,2,3,5,5,5,5,5,5,4,3,3.69,0,3,TRUE
Male,Loyal Customer,8,Personal Travel,Eco,86,1,5,0,2,5,0,5,5,3,2,4,5,5,3.23,0,0,FALSE
Female,Loyal Customer,33,Business Travel,Eco,2475,3,5,5,5,3,3,3,3,1,4,4,3,3,3.46,0,10,FALSE
Male,Loyal Customer,29,Personal Travel,Eco,864,1,1,1,3,4,1,4,4,3,1,4,1,4,2.46,0,1,FALSE
Female,Loyal Customer,13,Personal Travel,Eco,951,1,3,1,2,3,1,3,3,3,2,3,3,3,2.38,2,8,FALSE
Female,Loyal Customer,25,Business Travel,Business,2406,1,5,5,5,1,1,1,1,3,1,3,4,1,2.46,13,12,FALSE
Female,Loyal Customer,38,Business Travel,Eco,372,4,2,2,2,4,4,4,4,4,3,3,1,4,3.15,127,131,FALSE
Male,Disloyal Customer,23,Business Travel,Eco,590,2,2,3,3,2,3,3,2,4,1,4,2,2,2.54,0,7,FALSE
Male,Loyal Customer,57,Personal Travel,Eco,259,1,4,1,4,3,1,3,3,2,1,4,5,3,2.69,2,8,FALSE
Male,Loyal Customer,50,Business Travel,Business,3545,4,4,4,4,3,4,5,4,4,5,4,4,5,4.15,6,65,TRUE
Female,Loyal Customer,32,Business Travel,Business,2695,5,5,2,5,4,4,4,4,5,5,5,4,4,4.31,6,13,TRUE
Female,Disloyal Customer,26,Business Travel,Eco,447,2,1,2,4,1,2,1,1,4,5,4,4,1,2.46,0,0,FALSE
Female,Disloyal Customer,27,Business Travel,Eco,896,3,3,3,3,5,3,2,5,2,5,5,3,5,3.62,0,0,FALSE
Female,Loyal Customer,58,Business Travel,Eco,907,3,4,4,4,2,3,3,3,3,3,3,3,1,3,0,0,FALSE
Male,Loyal Customer,22,Business Travel,Business,241,1,1,1,1,5,5,5,5,5,1,4,3,5,3.23,0,0,TRUE
Male,Loyal Customer,51,Business Travel,Business,2521,1,1,1,1,2,5,4,4,4,4,4,4,4,3,80,63,TRUE
Male,Loyal Customer,29,Business Travel,Business,2125,1,1,1,1,5,5,5,5,3,2,4,5,5,3.31,9,14,TRUE
Female,Loyal Customer,57,Business Travel,Eco,216,3,2,2,2,1,1,3,3,3,3,3,2,2,2.31,0,0,TRUE
Female,Loyal Customer,17,Personal Travel,Business,814,3,5,3,2,2,3,3,2,3,4,5,4,2,3.15,24,28,FALSE
Male,Loyal Customer,18,Personal Travel,Eco,689,2,5,2,3,4,2,4,4,3,5,5,3,4,3.54,0,0,FALSE
Male,Loyal Customer,58,Business Travel,Business,2352,3,3,3,3,4,5,4,4,4,4,4,5,4,3.85,22,16,TRUE
Male,Loyal Customer,26,Business Travel,Business,3840,2,2,2,2,4,4,4,4,4,4,5,2,4,3.31,7,10,TRUE
Female,Loyal Customer,44,Business Travel,Business,3961,0,3,0,2,4,2,5,3,3,3,3,3,2,2.54,0,0,TRUE
Male,Loyal Customer,16,Personal Travel,Business,1751,2,5,2,1,1,2,1,1,3,2,2,5,1,2.15,0,0,FALSE
Female,Loyal Customer,43,Business Travel,Business,1747,2,2,2,2,2,3,4,4,4,4,4,4,4,3.15,0,0,TRUE
Male,Loyal Customer,41,Business Travel,Business,3098,1,2,2,2,1,4,3,1,1,1,1,1,3,1.77,0,0,FALSE
Male,Loyal Customer,41,Personal Travel,Eco,561,4,5,4,1,4,4,4,4,3,4,5,4,4,3.85,0,0,TRUE
Female,Loyal Customer,44,Personal Travel,Eco,325,2,1,2,4,1,4,4,3,3,2,3,1,4,2.62,25,18,FALSE
Male,Loyal Customer,46,Business Travel,Business,744,1,1,1,1,2,5,5,4,4,4,4,5,4,3.15,0,0,TRUE
Female,Disloyal Customer,8,Business Travel,Eco,1096,2,2,2,3,4,2,4,4,2,2,4,4,4,3,0,3,FALSE
Male,Loyal Customer,38,Personal Travel,Eco,118,4,5,4,1,5,4,5,5,5,4,2,2,5,3.92,0,13,FALSE
Male,Loyal Customer,54,Business Travel,Business,1587,4,4,4,4,2,4,5,4,4,4,4,5,5,4.08,0,0,TRUE
Male,Loyal Customer,45,Business Travel,Eco Plus,425,5,3,3,3,5,5,5,5,3,4,5,2,5,4.08,0,0,TRUE
Female,Loyal Customer,25,Business Travel,Business,992,1,4,4,4,1,1,1,1,3,1,3,1,1,2,0,3,FALSE
Female,Loyal Customer,52,Business Travel,Business,2176,4,4,4,4,4,3,4,4,4,4,4,4,5,4,0,0,TRUE
Male,Loyal Customer,55,Business Travel,Business,3690,5,5,2,5,4,4,4,5,5,5,5,3,3,4.23,2,0,TRUE
Female,Loyal Customer,56,Business Travel,Business,2176,3,3,3,3,5,5,5,5,2,5,5,5,5,4.15,118,161,TRUE
Female,Loyal Customer,47,Business Travel,Eco,984,4,1,1,1,3,5,2,4,4,4,4,1,5,3,0,0,TRUE
Male,Loyal Customer,45,Business Travel,Business,2004,3,3,3,3,3,5,5,5,5,5,5,5,5,4.23,0,0,TRUE
Female,Disloyal Customer,29,Business Travel,Business,907,5,4,4,3,5,4,5,5,4,4,4,5,5,4.38,10,11,TRUE
Male,Loyal Customer,65,Personal Travel,Eco,867,4,4,4,3,2,4,2,2,4,4,4,4,2,3.31,0,0,FALSE
Male,Loyal Customer,55,Personal Travel,Eco,1066,1,4,1,5,4,1,5,4,5,2,4,5,4,3.46,0,0,FALSE
Female,Loyal Customer,56,Business Travel,Business,596,1,1,1,1,5,5,5,4,4,4,4,3,4,3.23,0,0,TRUE
Female,Disloyal Customer,29,Business Travel,Business,1473,4,3,3,2,5,3,5,5,5,4,3,5,5,4,16,0,TRUE
Male,Disloyal Customer,23,Business Travel,Eco,590,0,3,0,1,4,0,4,4,3,3,5,4,4,2.69,0,3,TRUE
Male,Loyal Customer,61,Business Travel,Business,293,0,0,0,1,4,4,5,4,4,4,4,3,5,2.92,0,0,TRUE
Female,Loyal Customer,36,Business Travel,Business,3237,2,2,2,2,5,1,3,5,5,5,5,3,2,3.23,0,0,TRUE
Male,Loyal Customer,13,Personal Travel,Eco,1416,3,1,3,3,3,3,3,3,1,4,3,4,3,2.85,19,13,FALSE
Female,Loyal Customer,36,Personal Travel,Eco Plus,304,0,4,0,1,1,0,1,1,3,4,4,3,1,1.77,4,0,TRUE
Female,Loyal Customer,58,Business Travel,Business,1723,4,4,4,4,2,4,5,4,4,4,4,3,3,3.77,0,4,TRUE
Female,Loyal Customer,22,Personal Travel,Business,925,2,4,2,3,5,2,5,5,3,3,5,3,5,3.62,87,94,FALSE
Male,Loyal Customer,49,Business Travel,Business,1747,3,3,3,3,4,4,5,4,4,4,4,5,5,3.92,0,0,TRUE
Female,Loyal Customer,39,Business Travel,Business,2562,2,2,2,2,5,3,4,4,4,3,4,3,3,3.15,0,0,TRUE
Male,Loyal Customer,50,Business Travel,Eco,522,3,2,2,2,3,3,3,3,3,3,4,1,3,2.69,0,0,FALSE
Female,Loyal Customer,45,Personal Travel,Eco,395,3,5,3,3,2,5,4,3,3,3,2,4,4,3.38,0,0,FALSE
Female,Loyal Customer,80,Business Travel,Business,2101,3,5,3,3,3,4,5,5,5,5,5,5,4,4.23,0,0,TRUE
Male,Loyal Customer,11,Personal Travel,Eco,449,4,3,4,2,2,4,1,2,2,1,2,2,2,2.38,0,0,TRUE
Female,Loyal Customer,33,Business Travel,Business,3046,2,2,2,2,5,4,5,2,2,3,2,4,3,2.92,0,0,TRUE
Male,Loyal Customer,21,Personal Travel,Eco,999,5,1,5,1,1,5,1,1,1,3,1,3,1,2.23,7,43,TRUE
Male,Loyal Customer,53,Business Travel,Business,3421,1,1,1,1,5,5,4,4,4,4,4,3,5,3.23,0,0,TRUE
Female,Loyal Customer,16,Personal Travel,Eco,356,2,1,2,3,4,2,3,4,3,4,3,4,4,3,1,0,FALSE
Female,Loyal Customer,32,Business Travel,Business,814,5,5,5,5,4,4,4,4,5,4,4,4,4,4.38,0,0,TRUE
Female,Loyal Customer,60,Business Travel,Business,2852,4,4,4,4,4,2,2,5,5,4,5,3,4,3.85,1,0,TRUE
Female,Loyal Customer,41,Business Travel,Business,482,2,4,4,4,4,4,3,2,2,3,2,1,2,2.85,0,0,FALSE
Female,Loyal Customer,39,Business Travel,Business,2363,5,5,5,5,5,4,4,4,4,4,4,5,4,4.46,63,48,TRUE
Female,Disloyal Customer,10,Business Travel,Eco Plus,787,1,2,1,3,4,1,4,4,2,2,3,3,4,2.62,1,13,FALSE
Female,Disloyal Customer,36,Business Travel,Eco Plus,295,2,3,3,1,4,3,4,4,1,5,4,5,4,3.31,4,0,FALSE
Female,Loyal Customer,40,Business Travel,Business,3200,3,3,3,3,2,5,4,4,4,4,4,4,4,3.62,0,0,TRUE
Female,Loyal Customer,38,Business Travel,Eco,516,4,4,5,4,4,4,4,4,2,5,1,1,4,3.54,0,5,TRUE
Male,Loyal Customer,54,Personal Travel,Eco,746,2,4,2,2,2,2,2,2,1,1,5,2,2,2.23,0,0,FALSE
Male,Loyal Customer,67,Personal Travel,Eco,190,2,1,2,3,1,2,1,1,1,4,3,4,1,2,0,0,FALSE
Male,Disloyal Customer,30,Business Travel,Eco,404,3,4,3,4,3,3,3,3,3,5,4,2,3,3.31,24,17,FALSE
Female,Loyal Customer,37,Business Travel,Eco,361,2,4,4,4,2,2,2,2,1,2,4,3,2,2.62,0,27,FALSE
Male,Disloyal Customer,23,Business Travel,Eco,451,3,0,3,2,5,3,5,5,4,5,4,5,5,3.77,0,0,FALSE
Female,Loyal Customer,51,Personal Travel,Eco Plus,299,2,5,3,4,5,5,5,3,3,3,3,5,5,3.92,9,9,FALSE
Female,Loyal Customer,9,Personal Travel,Eco,441,3,5,3,4,1,3,1,1,4,2,1,4,1,2.54,8,7,FALSE
Male,Loyal Customer,37,Business Travel,Business,1542,2,2,2,2,4,4,4,5,5,5,5,2,3,3.46,0,0,TRUE
Female,Loyal Customer,21,Business Travel,Business,692,1,5,5,5,1,1,1,1,4,1,3,3,1,2.46,111,102,FALSE
Male,Loyal Customer,23,Business Travel,Business,1659,3,3,3,3,5,5,5,5,3,3,5,4,5,4,0,0,TRUE
Male,Loyal Customer,67,Personal Travel,Eco,989,1,5,1,2,3,1,3,3,3,2,4,5,3,2.77,31,3,FALSE
Male,Loyal Customer,43,Business Travel,Business,1199,3,3,3,3,4,4,5,4,4,4,4,3,3,3.62,1,0,TRUE
Male,Loyal Customer,7,Personal Travel,Eco,1728,5,5,5,5,3,5,3,3,1,4,5,1,3,3.69,0,0,TRUE
Female,Loyal Customer,57,Personal Travel,Eco Plus,621,2,1,2,2,2,2,2,1,1,2,1,1,3,1.69,0,7,FALSE
Male,Loyal Customer,38,Personal Travel,Business,393,2,4,2,1,4,5,5,5,5,2,1,3,4,3.31,0,0,FALSE
Female,Loyal Customer,69,Business Travel,Business,3581,5,5,5,5,3,1,1,5,5,5,5,4,4,4.08,0,0,TRUE
Male,Loyal Customer,38,Business Travel,Business,3441,4,4,4,4,5,5,4,4,4,4,4,3,4,4.08,0,3,TRUE
Male,Loyal Customer,48,Business Travel,Business,2582,1,1,1,1,5,5,5,5,5,4,5,3,3,3.38,0,0,TRUE
Male,Loyal Customer,55,Business Travel,Business,130,0,4,0,4,4,4,5,1,1,1,1,5,5,2.69,19,13,TRUE
Male,Loyal Customer,50,Business Travel,Business,3976,3,3,3,3,5,5,5,2,2,2,2,5,4,3.38,0,0,TRUE
Male,Loyal Customer,55,Personal Travel,Business,192,3,3,3,4,2,3,3,1,1,3,1,2,4,2.54,15,14,FALSE
Female,Disloyal Customer,29,Business Travel,Eco,427,1,2,1,4,4,1,4,4,4,5,3,4,4,3.15,0,0,FALSE
Male,Loyal Customer,53,Business Travel,Business,1902,4,4,4,4,2,4,4,3,3,4,3,3,5,3.62,0,0,TRUE
Female,Loyal Customer,14,Personal Travel,Business,2554,4,4,4,4,4,1,3,5,2,4,5,3,3,3.54,0,0,FALSE
Male,Loyal Customer,66,Personal Travel,Eco,250,4,4,4,3,2,4,2,2,2,4,4,3,2,3.08,0,0,FALSE
Male,Disloyal Customer,38,Business Travel,Eco,1460,1,1,1,3,3,1,3,3,2,2,3,3,3,2.23,1,15,FALSE
Male,Disloyal Customer,22,Business Travel,Business,362,4,0,4,2,4,4,4,4,5,4,4,5,4,3.69,13,4,TRUE
Male,Disloyal Customer,27,Business Travel,Business,1635,4,4,4,2,2,4,2,2,3,3,4,3,2,3,44,33,TRUE
Male,Loyal Customer,18,Business Travel,Business,2073,1,1,1,1,4,4,4,4,5,5,5,4,4,3.31,0,0,TRUE
Female,Loyal Customer,40,Business Travel,Business,594,2,2,4,2,3,5,4,5,5,5,5,5,4,3.92,20,16,TRUE
Male,Loyal Customer,28,Business Travel,Eco Plus,834,5,1,3,1,5,5,5,5,4,1,4,1,5,3.46,0,13,TRUE
Male,Loyal Customer,54,Business Travel,Business,3111,5,5,5,5,4,5,5,4,4,4,4,3,3,4.31,4,0,TRUE
Male,Loyal Customer,39,Business Travel,Business,411,3,2,3,2,5,3,3,3,3,3,3,1,1,2.69,0,0,FALSE
Male,Loyal Customer,39,Business Travel,Business,599,5,5,5,5,3,4,4,2,2,2,2,4,3,3.54,59,61,TRUE
Female,Loyal Customer,41,Business Travel,Eco,550,5,2,2,2,5,5,5,1,5,3,2,5,5,3.62,248,268,TRUE
Female,Loyal Customer,44,Business Travel,Business,1788,3,3,5,3,5,4,1,4,4,4,3,2,5,3.54,0,0,TRUE
Female,Loyal Customer,56,Business Travel,Eco,1127,1,2,2,2,3,4,3,1,1,1,1,4,2,2.08,0,0,FALSE
Female,Loyal Customer,85,Business Travel,Business,1689,3,5,5,5,2,3,2,4,4,3,4,2,2,3.38,0,0,FALSE
Female,Disloyal Customer,23,Business Travel,Eco,377,2,4,2,4,2,2,2,2,4,2,5,4,2,2.85,0,0,FALSE
Female,Loyal Customer,50,Business Travel,Eco,407,3,2,2,2,2,3,4,4,4,3,4,4,3,3.08,33,15,FALSE
Female,Loyal Customer,68,Personal Travel,Eco,646,2,2,2,3,4,3,2,2,2,2,2,2,1,2.23,0,1,FALSE
Male,Loyal Customer,42,Business Travel,Business,3391,2,2,2,2,3,5,5,5,5,4,5,5,5,3.85,0,0,TRUE
Female,Loyal Customer,57,Personal Travel,Eco Plus,1709,3,1,3,4,4,4,4,4,4,3,4,4,3,3.46,0,0,FALSE
Male,Loyal Customer,58,Business Travel,Business,758,1,1,3,1,2,4,5,4,4,4,4,4,4,3.15,1,0,TRUE
Male,Loyal Customer,25,Business Travel,Business,3689,5,5,5,5,5,5,5,5,2,2,1,3,5,4.08,16,17,TRUE
Male,Loyal Customer,60,Personal Travel,Eco Plus,937,2,5,2,2,3,2,3,3,5,2,4,4,3,3.08,0,0,FALSE
Male,Loyal Customer,33,Business Travel,Business,2322,1,1,1,1,5,5,5,5,4,1,3,2,5,3,0,0,TRUE
Male,Loyal Customer,62,Business Travel,Eco Plus,633,1,2,2,2,1,1,1,1,1,4,4,1,1,1.69,0,8,FALSE
Male,Disloyal Customer,38,Business Travel,Business,214,3,2,2,1,5,2,3,5,5,3,5,5,5,3.54,0,0,TRUE
Male,Loyal Customer,50,Business Travel,Business,337,0,0,0,2,4,4,5,4,4,4,4,4,4,3,0,0,TRUE
Female,Loyal Customer,55,Business Travel,Business,1524,3,3,3,3,4,5,5,5,5,5,5,3,4,4.08,0,0,TRUE
Male,Loyal Customer,25,Business Travel,Business,697,2,2,1,2,4,4,4,4,4,3,4,2,4,3.08,0,0,TRUE
Male,Loyal Customer,40,Business Travel,Business,3159,2,2,2,2,5,4,4,5,5,5,5,4,5,3.85,6,0,TRUE
Male,Loyal Customer,39,Business Travel,Eco Plus,224,3,4,4,4,3,3,3,3,2,4,2,2,3,3.08,59,63,TRUE
Male,Loyal Customer,51,Business Travel,Eco,127,5,5,5,5,5,5,5,5,5,1,5,1,5,4.38,0,0,TRUE
Male,Loyal Customer,25,Business Travel,Business,1670,1,1,1,1,1,1,1,1,3,4,3,2,1,1.62,20,16,FALSE
Female,Loyal Customer,52,Business Travel,Eco Plus,353,4,1,4,1,2,4,3,4,4,4,4,1,1,2.85,0,0,TRUE
Male,Loyal Customer,23,Business Travel,Business,606,2,2,2,2,2,2,2,2,1,1,3,4,2,2.08,0,0,FALSE
Male,Disloyal Customer,59,Business Travel,Business,192,3,3,3,4,4,3,4,4,5,3,5,5,4,3.85,3,0,TRUE
Female,Loyal Customer,64,Personal Travel,Eco,862,2,4,2,3,4,4,5,5,5,2,5,3,5,3.77,1,0,FALSE
Female,Loyal Customer,27,Personal Travel,Eco,604,0,5,0,1,0,3,3,5,5,4,5,3,3,2.85,180,175,TRUE
Male,Loyal Customer,25,Personal Travel,Eco,644,3,1,3,4,4,3,4,4,3,3,3,3,4,3.23,0,0,FALSE
Male,Loyal Customer,62,Personal Travel,Eco,397,5,1,5,1,2,5,2,2,3,2,2,4,2,2.77,3,0,TRUE
Male,Loyal Customer,45,Business Travel,Business,285,1,0,0,3,3,2,3,4,4,0,2,2,3,2.08,18,11,FALSE
Male,Loyal Customer,47,Business Travel,Business,2419,1,2,2,2,3,4,4,1,1,1,1,1,3,2,10,0,FALSE
Female,Disloyal Customer,21,Business Travel,Eco,1139,2,3,3,1,4,3,4,4,5,5,5,3,4,3.54,0,0,FALSE
Female,Disloyal Customer,41,Business Travel,Business,973,5,5,5,5,5,1,1,3,2,4,4,1,1,3.23,0,0,TRUE
Male,Disloyal Customer,18,Business Travel,Business,749,4,4,4,3,2,4,2,2,3,3,4,5,2,3.23,0,0,TRUE
Male,Loyal Customer,42,Business Travel,Business,2133,2,2,2,2,2,4,4,2,2,2,2,5,4,2.69,9,0,TRUE
Male,Loyal Customer,22,Personal Travel,Eco,1590,4,5,4,2,3,4,3,3,1,4,5,3,3,3.38,0,0,FALSE
Male,Loyal Customer,15,Business Travel,Business,3495,4,5,5,5,4,4,4,4,1,4,3,4,4,3.92,0,0,FALSE
Male,Loyal Customer,26,Personal Travel,Eco,255,4,4,0,1,2,0,2,2,4,4,5,5,2,2.69,10,12,TRUE
Male,Disloyal Customer,28,Business Travel,Eco,1218,3,4,4,4,1,4,1,1,4,2,3,3,1,2.69,1,0,FALSE
Female,Loyal Customer,42,Business Travel,Business,2930,5,5,5,5,5,5,5,4,4,4,4,3,4,4.46,8,11,TRUE
Male,Loyal Customer,47,Business Travel,Business,528,2,2,2,2,2,5,5,4,4,4,4,3,4,3.31,0,7,TRUE
Male,Loyal Customer,53,Business Travel,Business,3833,1,1,3,1,3,3,3,4,5,4,5,3,3,3,152,166,TRUE
Female,Loyal Customer,50,Personal Travel,Eco,1046,3,4,3,3,4,5,4,4,4,3,4,3,5,3.77,36,30,FALSE
Female,Loyal Customer,39,Business Travel,Business,3165,1,1,1,1,3,3,5,5,5,5,5,5,5,3.46,0,0,TRUE
Female,Disloyal Customer,24,Business Travel,Eco,1222,3,3,3,4,3,3,1,3,4,4,4,3,3,3.15,0,0,FALSE
Female,Loyal Customer,29,Business Travel,Eco,1990,5,1,2,1,5,5,5,5,5,1,5,1,5,3.54,39,38,TRUE
Female,Loyal Customer,34,Business Travel,Business,162,4,4,4,4,3,2,4,5,5,5,5,1,2,3.69,0,0,TRUE
Male,Loyal Customer,52,Business Travel,Business,1709,3,3,3,3,5,5,5,5,5,5,5,4,4,4.23,1,10,TRUE
Female,Loyal Customer,46,Business Travel,Business,427,4,4,4,4,3,4,4,2,2,2,2,5,3,3.31,0,0,TRUE
Male,Loyal Customer,47,Business Travel,Eco,1250,5,5,5,5,5,5,5,5,4,3,3,1,5,4.31,0,4,TRUE
Female,Loyal Customer,31,Business Travel,Eco,1487,2,1,3,1,2,2,2,2,2,1,4,1,2,1.92,0,0,FALSE
Male,Loyal Customer,48,Business Travel,Business,2837,2,1,1,1,1,4,4,2,2,2,2,4,1,2.08,12,13,FALSE
Male,Loyal Customer,26,Business Travel,Business,2319,4,4,4,4,4,4,4,4,5,4,5,4,4,4.15,0,3,TRUE
Male,Loyal Customer,25,Business Travel,Business,3036,1,1,1,1,4,4,4,4,3,4,3,2,4,2.77,5,9,TRUE
Male,Loyal Customer,52,Business Travel,Business,3471,3,2,2,2,4,3,4,3,3,3,3,4,1,2.85,6,30,FALSE
Male,Loyal Customer,37,Business Travel,Business,3913,5,5,5,5,3,5,5,5,5,5,5,4,4,4.69,23,42,TRUE
Female,Loyal Customer,59,Business Travel,Business,1971,2,1,1,1,3,4,4,2,2,3,2,1,3,2.23,0,0,FALSE
Male,Loyal Customer,71,Business Travel,Business,2327,1,1,1,1,5,4,2,4,4,4,4,2,2,2.69,0,0,TRUE
Female,Loyal Customer,73,Business Travel,Eco,1086,3,1,1,1,3,3,3,1,5,3,4,3,3,2.62,0,0,FALSE
Male,Disloyal Customer,22,Business Travel,Eco,1249,4,4,4,5,4,4,5,4,5,1,5,2,4,3.92,1,0,FALSE
Male,Loyal Customer,22,Business Travel,Business,1084,3,3,3,3,3,3,3,3,4,3,3,3,3,3.08,4,0,FALSE
Female,Loyal Customer,50,Business Travel,Business,929,4,4,3,4,2,5,4,4,4,4,4,5,4,3.92,30,38,TRUE
Male,Disloyal Customer,38,Business Travel,Business,1201,4,4,4,1,4,4,1,4,3,5,4,5,4,3.62,0,0,TRUE
Female,Loyal Customer,34,Business Travel,Business,258,1,2,2,2,3,2,2,1,1,1,1,4,4,2,5,7,FALSE
Male,Loyal Customer,34,Personal Travel,Eco,775,4,3,4,4,3,4,3,3,2,4,3,1,3,3.15,2,3,FALSE
Female,Loyal Customer,43,Personal Travel,Eco,337,1,4,3,3,4,5,5,3,3,3,3,5,3,3.46,0,0,FALSE
Female,Loyal Customer,54,Business Travel,Business,253,2,5,5,5,1,3,3,2,2,2,2,2,2,2.77,73,78,FALSE
Male,Disloyal Customer,25,Business Travel,Eco,370,2,5,2,1,4,2,4,4,2,2,3,4,4,3,0,0,FALSE
Male,Loyal Customer,39,Business Travel,Business,2244,3,2,2,2,2,4,3,3,3,3,3,4,2,2.77,0,0,FALSE
Male,Loyal Customer,20,Personal Travel,Eco,337,2,4,2,2,1,2,1,1,2,2,4,1,1,1.92,6,0,FALSE
Female,Loyal Customer,17,Personal Travel,Eco,456,1,2,1,4,1,1,1,1,2,4,3,2,1,1.85,3,6,FALSE
Male,Loyal Customer,53,Business Travel,Eco,817,5,2,2,2,5,5,5,5,2,3,4,2,5,3.62,0,0,TRUE
Male,Loyal Customer,22,Personal Travel,Eco,708,2,4,1,2,1,3,3,3,5,4,5,3,3,3,206,219,FALSE
Female,Loyal Customer,70,Personal Travel,Eco,209,4,2,4,3,2,3,3,2,2,4,2,4,2,2.85,10,3,FALSE
Male,Loyal Customer,54,Business Travel,Eco,479,4,1,1,1,4,4,4,4,1,2,5,4,4,3,14,13,TRUE
Female,Loyal Customer,63,Business Travel,Business,599,4,4,4,4,2,4,4,2,2,2,2,3,5,3.23,0,0,TRUE
Male,Loyal Customer,18,Personal Travel,Eco,396,5,4,3,1,2,3,2,2,5,3,5,5,2,3.23,0,0,TRUE
Female,Loyal Customer,15,Personal Travel,Eco,308,4,5,2,1,1,2,1,1,3,4,4,4,1,2.54,15,14,FALSE
Female,Loyal Customer,25,Personal Travel,Eco,997,1,5,1,1,4,1,4,4,4,4,5,3,4,3.15,37,21,FALSE
Male,Disloyal Customer,24,Business Travel,Eco,544,5,0,5,3,4,5,4,4,5,4,4,4,4,3.92,0,20,TRUE
Female,Loyal Customer,52,Business Travel,Business,3857,3,3,3,3,4,4,5,5,5,5,5,3,4,4,0,0,TRUE
Male,Loyal Customer,32,Business Travel,Business,2248,2,2,2,2,5,5,5,5,4,4,3,3,5,3.62,0,0,TRUE
Female,Loyal Customer,41,Business Travel,Business,765,5,5,5,5,3,4,4,4,4,4,4,5,4,4.31,0,0,TRUE
Male,Loyal Customer,9,Business Travel,Business,2504,3,1,1,1,3,3,3,3,3,3,4,1,3,2.46,0,0,FALSE
Male,Loyal Customer,10,Personal Travel,Eco Plus,621,4,4,4,3,2,4,2,2,3,4,5,4,2,3.31,0,0,FALSE
Male,Loyal Customer,29,Business Travel,Business,748,4,4,4,4,4,4,4,4,3,3,5,1,4,3.69,0,0,TRUE
Female,Loyal Customer,36,Business Travel,Eco,116,5,2,2,2,5,5,5,5,2,3,2,3,5,3.54,17,58,TRUE
Female,Loyal Customer,32,Business Travel,Business,1723,2,2,2,2,5,5,5,5,4,4,5,3,5,3.77,0,0,TRUE
Male,Loyal Customer,57,Business Travel,Business,1551,4,4,2,4,5,5,5,4,4,4,4,4,4,4.08,23,32,TRUE
Male,Loyal Customer,40,Personal Travel,Eco Plus,787,2,4,2,1,2,2,2,2,5,4,5,3,2,2.77,0,0,FALSE
Male,Loyal Customer,38,Personal Travel,Business,296,3,3,3,4,3,4,4,2,4,4,3,4,4,3.46,240,224,FALSE
Male,Loyal Customer,43,Business Travel,Business,936,2,2,2,2,4,4,5,5,5,5,5,4,3,3.69,0,0,TRUE
Male,Loyal Customer,54,Business Travel,Business,2248,1,1,1,1,5,3,5,5,5,5,5,5,5,3.62,0,0,TRUE
Female,Disloyal Customer,22,Business Travel,Business,1015,5,3,5,3,3,5,3,3,1,3,5,4,3,3.54,0,0,TRUE
Female,Loyal Customer,32,Personal Travel,Eco Plus,787,4,4,4,2,3,4,3,3,3,5,5,4,3,3.62,0,0,FALSE
Female,Loyal Customer,49,Personal Travel,Eco,190,2,2,2,3,3,4,4,5,5,2,5,3,1,3.15,0,0,FALSE
Male,Loyal Customer,21,Personal Travel,Eco,731,3,2,3,3,2,3,2,2,1,3,3,3,2,2.46,0,0,FALSE
Female,Loyal Customer,21,Personal Travel,Eco Plus,624,1,4,1,2,3,1,3,3,4,2,2,5,3,2.62,10,0,FALSE
Female,Loyal Customer,47,Business Travel,Business,1303,5,5,5,5,3,4,5,3,3,4,3,5,3,4.08,0,4,TRUE
Female,Loyal Customer,63,Personal Travel,Eco Plus,589,2,2,2,3,2,4,4,4,4,2,4,1,2,2.77,0,1,FALSE
Male,Loyal Customer,38,Business Travel,Business,3428,4,4,4,4,2,5,5,5,5,5,5,4,4,4.31,0,0,TRUE
Male,Disloyal Customer,25,Business Travel,Business,224,2,4,3,3,3,3,3,3,2,5,4,2,3,3.08,0,2,FALSE
Male,Loyal Customer,35,Business Travel,Business,399,2,2,2,2,1,1,5,4,4,4,4,2,1,2.62,39,61,TRUE
Male,Loyal Customer,32,Business Travel,Business,2218,1,1,1,1,5,5,5,5,5,5,5,3,5,3.62,7,4,TRUE
Male,Loyal Customer,32,Personal Travel,Eco,472,3,2,3,1,4,3,4,4,4,2,1,2,4,2.85,10,9,FALSE
Female,Loyal Customer,46,Business Travel,Business,3556,2,2,2,2,3,4,4,5,5,5,5,3,3,3.46,128,117,TRUE
Male,Loyal Customer,41,Business Travel,Business,1440,5,5,5,5,3,4,4,2,2,2,2,5,5,3.77,7,0,TRUE
Female,Loyal Customer,63,Business Travel,Business,173,3,3,2,3,1,2,2,2,2,3,3,4,1,2.38,0,0,FALSE
Male,Loyal Customer,59,Business Travel,Business,1960,5,5,5,5,5,4,5,4,4,4,4,4,3,4.38,0,0,TRUE
Male,Loyal Customer,39,Personal Travel,Eco,189,2,5,2,3,5,2,4,5,4,4,4,5,5,3.85,2,0,FALSE
Female,Loyal Customer,22,Business Travel,Business,792,1,1,1,1,2,2,2,2,1,4,1,5,2,1.92,20,1,TRUE
Male,Disloyal Customer,21,Business Travel,Eco,647,4,0,4,4,3,4,3,3,3,2,1,4,3,2.92,0,0,FALSE
Female,Loyal Customer,38,Business Travel,Business,1846,1,1,4,1,2,5,4,5,5,5,5,4,4,3.54,56,64,TRUE
Male,Loyal Customer,42,Business Travel,Business,125,1,1,1,1,1,1,1,4,4,2,3,1,1,1.69,192,185,FALSE
Female,Disloyal Customer,37,Business Travel,Business,2329,3,3,3,3,3,5,5,4,4,3,4,5,5,3.85,0,0,FALSE
Male,Loyal Customer,16,Business Travel,Business,936,1,1,1,1,1,1,1,1,1,3,3,1,1,1.31,0,0,FALSE
Male,Loyal Customer,52,Business Travel,Business,1797,1,2,2,2,4,2,4,1,1,1,1,1,1,1.77,0,0,FALSE
Male,Loyal Customer,29,Business Travel,Business,2715,5,5,5,5,4,4,4,4,5,4,5,3,4,4.38,0,0,TRUE
Male,Loyal Customer,24,Personal Travel,Eco,543,3,5,3,2,4,3,4,4,4,4,5,4,4,3.77,6,0,FALSE
Female,Disloyal Customer,25,Business Travel,Business,488,2,4,2,3,2,2,2,2,3,4,4,5,2,2.85,38,36,FALSE
Female,Loyal Customer,52,Personal Travel,Eco Plus,721,1,5,0,4,1,3,5,4,4,0,2,4,3,2.77,0,0,FALSE
Male,Disloyal Customer,34,Business Travel,Business,281,2,2,2,3,5,2,5,5,3,3,4,3,5,3.38,1,0,FALSE
Female,Loyal Customer,42,Business Travel,Business,268,0,0,0,3,3,5,4,3,3,3,3,4,3,2.62,0,0,TRUE
Male,Loyal Customer,24,Personal Travel,Eco,621,5,5,5,3,4,5,2,4,4,2,5,3,4,3.92,0,0,TRUE
Female,Loyal Customer,33,Personal Travel,Eco,337,3,4,3,4,5,3,5,5,5,1,1,2,5,3.54,118,119,FALSE
Female,Loyal Customer,32,Business Travel,Business,192,1,1,1,1,5,5,4,5,2,3,3,4,5,3.08,61,53,TRUE
Female,Disloyal Customer,33,Business Travel,Eco Plus,346,4,4,4,3,5,4,5,5,1,4,3,3,5,3.85,8,0,FALSE
Female,Loyal Customer,49,Business Travel,Business,3213,4,3,3,3,3,4,4,1,1,1,4,1,3,2.69,68,59,FALSE
Female,Loyal Customer,58,Business Travel,Eco,223,5,5,5,5,1,4,3,5,5,5,5,2,5,4.23,26,20,TRUE
Female,Loyal Customer,39,Business Travel,Business,2205,2,2,5,2,4,5,4,4,4,4,4,4,5,3.77,0,0,TRUE
Male,Loyal Customer,43,Personal Travel,Eco,621,1,5,1,5,1,1,1,1,5,1,1,2,1,2,0,0,FALSE
Male,Disloyal Customer,70,Personal Travel,Eco,859,1,5,1,4,3,1,3,3,3,3,5,4,5,3.15,0,0,FALSE
Female,Disloyal Customer,37,Business Travel,Eco,577,1,4,1,4,5,1,5,5,4,4,3,2,5,3.38,23,18,FALSE
Male,Loyal Customer,63,Personal Travel,Eco,622,3,5,3,1,5,3,5,5,5,2,4,5,5,3.92,70,105,FALSE
Female,Disloyal Customer,37,Business Travel,Eco,425,4,0,4,2,1,4,1,1,2,2,2,5,1,2.23,0,0,FALSE
Female,Loyal Customer,43,Business Travel,Business,366,2,5,3,5,1,3,4,2,2,2,2,3,2,2.77,0,26,FALSE
Male,Loyal Customer,16,Personal Travel,Eco,268,4,2,4,4,4,4,3,4,2,2,4,2,4,3.31,0,0,TRUE
Male,Loyal Customer,21,Business Travel,Business,693,3,3,3,3,5,5,5,5,1,4,2,2,5,3.54,0,0,TRUE
Male,Loyal Customer,36,Business Travel,Business,2596,3,3,5,3,2,4,5,4,4,4,4,5,4,3.85,4,0,TRUE
Female,Loyal Customer,35,Business Travel,Business,214,3,3,3,3,3,5,5,4,4,4,5,3,5,3.85,0,0,TRUE
Female,Loyal Customer,56,Business Travel,Business,1521,5,5,4,5,5,4,5,4,4,4,4,4,4,4.38,0,0,TRUE
Female,Disloyal Customer,42,Business Travel,Business,1096,5,5,5,2,4,5,4,4,4,3,4,4,4,4.08,0,0,TRUE
Male,Loyal Customer,10,Personal Travel,Business,899,2,4,2,1,5,2,5,5,5,2,5,4,5,3.62,48,41,FALSE
Male,Loyal Customer,40,Business Travel,Business,2613,1,1,1,1,4,4,4,4,4,4,4,4,4,3.08,8,0,TRUE
Male,Loyal Customer,52,Business Travel,Business,1345,5,5,5,5,3,5,5,5,5,5,5,3,4,4.62,0,0,TRUE
Male,Loyal Customer,52,Business Travel,Business,2233,1,1,1,1,3,4,3,1,1,1,1,1,4,1.77,0,0,FALSE
Male,Loyal Customer,45,Business Travel,Business,2721,1,1,1,1,2,4,5,5,5,5,5,3,5,3.31,1,0,TRUE
Female,Loyal Customer,57,Business Travel,Business,2288,2,2,2,2,5,5,4,5,5,5,5,3,4,3.77,1,0,TRUE
Male,Loyal Customer,24,Business Travel,Eco,925,4,2,2,2,4,4,3,4,2,1,3,1,4,2.77,0,0,TRUE
Male,Loyal Customer,33,Personal Travel,Eco,602,1,4,1,3,2,1,2,2,4,4,4,5,2,2.69,12,16,FALSE
Male,Loyal Customer,45,Personal Travel,Eco,534,1,4,1,4,3,1,3,3,3,1,3,2,3,2.46,0,0,FALSE
Female,Loyal Customer,44,Personal Travel,Eco,390,4,2,4,4,1,4,3,5,5,4,5,4,4,3.77,0,0,FALSE
Female,Disloyal Customer,23,Business Travel,Eco,1047,3,3,3,3,3,5,5,4,5,3,4,5,5,3.92,165,170,FALSE
Female,Disloyal Customer,25,Business Travel,Business,456,2,0,2,2,3,2,3,3,4,3,4,5,3,2.77,0,6,FALSE
Female,Loyal Customer,22,Business Travel,Business,2486,1,4,4,4,1,1,1,1,4,3,2,2,1,2.23,6,0,FALSE
Male,Loyal Customer,37,Business Travel,Business,2248,4,1,4,4,2,5,4,5,5,5,5,5,4,4.08,0,0,TRUE
Female,Loyal Customer,46,Business Travel,Business,2942,3,3,3,3,4,5,4,5,5,5,5,4,5,4.15,1,0,TRUE
Female,Loyal Customer,14,Personal Travel,Eco Plus,861,4,4,3,5,2,3,2,2,3,5,5,4,2,3.38,0,0,FALSE
Male,Loyal Customer,39,Business Travel,Eco,447,4,5,5,5,4,4,4,4,3,5,3,1,4,3.92,0,0,FALSE
Female,Loyal Customer,60,Business Travel,Business,3043,3,3,4,3,2,5,5,3,3,4,3,4,4,3.54,6,0,TRUE
Female,Disloyal Customer,23,Business Travel,Business,951,4,0,5,3,1,5,1,1,5,5,4,4,1,3,0,1,TRUE
Female,Loyal Customer,52,Business Travel,Business,1880,3,3,3,3,5,4,5,5,5,5,5,4,5,4.23,0,0,TRUE
Male,Loyal Customer,23,Business Travel,Eco,715,0,3,0,5,3,0,3,3,4,1,3,4,3,2.46,0,14,TRUE
Female,Loyal Customer,48,Personal Travel,Eco,258,1,5,0,2,5,3,5,5,5,0,5,5,5,3.54,14,23,FALSE
Male,Loyal Customer,25,Business Travel,Business,692,2,2,2,2,2,2,2,2,4,3,1,1,2,2.08,63,59,FALSE
Male,Loyal Customer,27,Personal Travel,Eco,937,1,4,1,4,4,1,4,4,3,3,4,3,4,3.08,72,88,FALSE
Female,Loyal Customer,46,Business Travel,Eco,759,5,1,3,1,4,3,4,5,5,5,5,3,5,3.77,0,0,TRUE
Female,Loyal Customer,58,Business Travel,Business,1576,3,1,1,1,4,2,2,3,3,3,3,4,4,2.62,34,34,FALSE
Male,Loyal Customer,39,Personal Travel,Eco,369,1,5,1,5,1,1,4,1,4,2,4,1,1,2.38,14,0,FALSE
Male,Disloyal Customer,50,Business Travel,Business,326,5,5,5,5,1,5,1,1,3,4,5,4,1,3.46,0,6,TRUE
Male,Loyal Customer,50,Personal Travel,Eco Plus,1389,2,2,2,4,1,2,1,1,1,3,4,1,1,1.92,15,4,FALSE
Male,Disloyal Customer,22,Business Travel,Eco,507,2,4,2,3,3,2,3,3,5,2,4,3,3,3,10,6,FALSE
Female,Disloyal Customer,20,Business Travel,Eco,73,1,0,1,2,3,1,2,3,4,1,3,1,3,1.92,0,17,FALSE
Male,Loyal Customer,49,Business Travel,Business,2851,2,2,2,2,2,5,5,4,4,4,4,4,4,3.38,0,0,TRUE
Male,Loyal Customer,30,Business Travel,Business,1726,3,5,4,5,3,3,3,3,1,5,3,2,3,3.31,52,83,FALSE
Male,Loyal Customer,21,Personal Travel,Eco,907,1,5,1,3,1,2,2,5,4,4,4,2,2,2.77,134,116,FALSE
Female,Loyal Customer,32,Business Travel,Eco,2762,4,3,4,4,4,4,4,4,3,4,3,5,4,3.85,0,0,TRUE
Female,Loyal Customer,41,Business Travel,Eco Plus,387,2,3,3,3,2,4,4,2,2,2,2,3,4,2.77,0,0,FALSE
Male,Disloyal Customer,23,Business Travel,Eco,1235,4,4,4,3,3,4,3,3,4,3,4,5,3,3.62,0,0,TRUE
Female,Loyal Customer,38,Personal Travel,Eco Plus,1174,2,5,2,4,1,2,4,1,5,2,5,5,1,3,0,0,FALSE
Male,Loyal Customer,45,Business Travel,Business,2044,5,5,5,5,1,3,5,4,4,4,4,4,1,3.85,0,0,TRUE
Male,Loyal Customer,45,Business Travel,Business,2672,4,4,4,4,2,5,5,5,5,5,5,4,5,4.38,0,0,TRUE
Female,Loyal Customer,51,Personal Travel,Eco,190,2,4,2,1,2,2,5,2,2,2,2,4,2,2.46,3,0,FALSE
Male,Loyal Customer,43,Business Travel,Eco,231,1,3,3,3,1,1,1,1,2,1,3,3,1,1.85,0,0,FALSE
Female,Loyal Customer,41,Personal Travel,Eco Plus,1026,2,5,1,2,4,4,4,5,5,1,5,4,4,3.54,84,92,FALSE
Female,Loyal Customer,18,Personal Travel,Eco,495,3,1,3,4,5,3,2,5,2,3,4,2,5,3.23,0,0,FALSE
Male,Loyal Customer,73,Business Travel,Eco Plus,203,1,1,3,1,2,1,2,2,1,5,3,4,2,2.15,3,0,FALSE
Female,Loyal Customer,59,Business Travel,Eco,760,3,5,5,5,1,4,4,3,3,3,3,2,2,3.31,0,6,FALSE
Female,Loyal Customer,41,Business Travel,Business,460,1,1,1,1,3,5,5,5,5,5,5,4,5,3.54,0,0,TRUE
Female,Loyal Customer,15,Personal Travel,Eco,285,3,5,3,1,2,3,2,2,3,5,4,4,2,3,1,0,FALSE
Female,Loyal Customer,27,Personal Travel,Business,642,4,5,4,4,4,3,3,3,4,4,5,3,3,3.77,83,150,TRUE
Female,Loyal Customer,20,Personal Travel,Eco,436,4,1,4,4,5,4,5,5,3,2,3,4,5,3.77,0,0,TRUE
Female,Loyal Customer,48,Personal Travel,Eco,1010,2,4,2,3,4,3,4,2,2,2,2,4,4,2.92,0,5,FALSE
Female,Loyal Customer,54,Business Travel,Business,1581,2,2,2,2,5,3,4,5,5,5,4,4,5,3.69,0,0,TRUE
Female,Loyal Customer,63,Personal Travel,Eco,852,3,4,3,2,2,5,4,5,5,3,3,5,5,3.77,12,0,FALSE
Female,Loyal Customer,54,Business Travel,Business,3513,0,0,0,2,3,5,5,1,1,1,1,3,5,2.08,19,20,TRUE
Male,Loyal Customer,28,Business Travel,Business,794,5,5,5,5,4,4,4,5,2,5,5,4,4,4.38,152,150,TRUE
Female,Loyal Customer,64,Personal Travel,Business,1050,3,1,2,3,4,3,3,5,5,2,5,4,2,3.23,0,0,FALSE
Female,Loyal Customer,17,Personal Travel,Eco,373,3,5,3,2,2,3,2,2,4,4,5,4,2,3.15,0,2,FALSE
Male,Loyal Customer,16,Personal Travel,Eco,287,3,2,3,3,1,3,5,1,3,3,4,3,1,2.69,0,0,FALSE
Female,Loyal Customer,38,Personal Travel,Eco,296,2,4,2,4,1,2,1,1,3,4,3,3,1,2.38,1,6,FALSE
Female,Loyal Customer,35,Business Travel,Business,337,4,4,3,4,5,4,5,4,4,4,4,5,4,4.15,14,0,TRUE
Female,Loyal Customer,69,Personal Travel,Eco Plus,304,3,5,3,3,2,5,4,1,1,3,4,4,3,3.15,0,0,FALSE
Female,Loyal Customer,60,Business Travel,Business,3648,4,4,4,4,2,5,5,5,5,4,5,3,3,4.08,0,0,TRUE
Female,Disloyal Customer,22,Business Travel,Eco,281,4,0,4,2,5,4,5,5,3,3,2,4,5,3.54,0,10,TRUE
Male,Loyal Customer,30,Business Travel,Business,1514,2,2,5,2,4,4,4,4,3,4,5,3,4,3.54,0,0,TRUE
Male,Disloyal Customer,23,Business Travel,Business,979,5,5,5,4,2,5,2,2,5,2,4,4,2,3.62,108,98,TRUE
Male,Loyal Customer,66,Personal Travel,Business,789,3,4,3,4,3,4,5,3,3,3,3,3,4,3.46,15,2,FALSE
Female,Loyal Customer,50,Personal Travel,Eco,544,3,5,3,3,4,5,1,4,4,3,3,5,4,3.62,0,0,FALSE
Female,Loyal Customer,61,Personal Travel,Eco,1276,2,5,2,1,4,4,4,3,3,2,3,5,4,3.23,31,24,FALSE
Female,Disloyal Customer,33,Business Travel,Business,190,1,0,0,4,3,0,3,3,3,2,4,3,3,2.23,0,0,FALSE
Female,Loyal Customer,21,Personal Travel,Eco,594,2,3,2,5,3,2,2,3,2,5,5,5,3,3.23,0,0,FALSE
Female,Disloyal Customer,25,Business Travel,Eco,547,3,0,4,3,5,4,5,5,2,4,4,4,5,3.69,0,0,FALSE
Male,Loyal Customer,40,Business Travel,Business,2429,4,4,4,4,4,5,5,3,3,3,3,5,3,3.85,121,105,TRUE
Male,Disloyal Customer,37,Business Travel,Business,404,5,5,5,1,4,5,4,4,4,3,4,5,4,4.08,25,22,TRUE
Male,Loyal Customer,47,Business Travel,Business,2520,1,1,1,1,3,5,4,4,4,4,4,3,3,2.92,0,0,TRUE
Female,Loyal Customer,48,Business Travel,Business,3385,2,2,2,2,3,5,4,5,5,5,5,4,4,3.69,94,84,TRUE
Female,Loyal Customer,50,Business Travel,Business,1706,5,5,5,5,4,5,5,5,5,5,5,4,4,4.77,24,8,TRUE
Male,Disloyal Customer,33,Personal Travel,Eco,462,3,4,2,1,5,2,5,5,3,3,5,5,5,3.69,0,9,FALSE
Male,Loyal Customer,14,Personal Travel,Eco Plus,749,3,3,3,1,4,3,4,4,3,4,2,4,4,3.23,7,11,FALSE
Male,Loyal Customer,48,Business Travel,Business,934,5,5,5,5,5,5,5,4,4,4,4,3,4,4.46,0,0,TRUE
Male,Loyal Customer,16,Personal Travel,Eco,985,2,5,2,1,4,2,4,4,5,4,5,3,4,3.46,0,0,FALSE
Female,Loyal Customer,46,Business Travel,Business,125,2,2,2,2,4,1,1,4,4,4,4,3,3,2.77,7,3,TRUE
Male,Loyal Customer,52,Business Travel,Business,328,1,2,1,1,4,5,5,4,4,4,4,4,5,3.38,0,0,TRUE
Female,Loyal Customer,54,Personal Travel,Eco,579,2,1,2,3,4,3,3,4,4,2,4,3,3,2.92,0,0,FALSE
Female,Loyal Customer,59,Business Travel,Business,920,4,4,4,4,5,4,5,4,4,4,4,4,3,4.08,0,0,TRUE
Male,Loyal Customer,25,Business Travel,Business,1620,3,3,3,3,4,4,4,4,5,4,5,3,4,3.77,82,57,TRUE
Male,Disloyal Customer,24,Business Travel,Eco,616,3,2,2,3,4,2,4,4,2,3,3,1,4,2.85,81,59,FALSE
Female,Loyal Customer,32,Business Travel,Business,1826,3,3,3,3,4,4,4,4,2,1,2,5,4,3.23,112,110,TRUE
Male,Disloyal Customer,23,Business Travel,Eco,979,2,2,2,3,5,2,5,5,3,4,4,3,5,3.46,40,54,FALSE
Male,Loyal Customer,59,Business Travel,Business,301,5,2,5,5,4,4,4,5,5,5,5,3,4,4.31,2,5,TRUE
Female,Loyal Customer,59,Personal Travel,Eco,951,3,3,3,1,5,4,4,4,4,3,5,1,2,3.23,0,25,FALSE
Male,Loyal Customer,15,Personal Travel,Eco,401,4,1,4,3,3,4,1,3,4,3,4,1,3,2.92,0,0,FALSE
Female,Disloyal Customer,26,Business Travel,Eco,1362,5,5,5,1,5,5,5,5,2,1,1,5,5,3.85,20,9,TRUE
Male,Disloyal Customer,25,Business Travel,Eco,596,1,0,1,4,1,1,1,1,4,1,4,1,1,1.62,0,0,FALSE
Male,Loyal Customer,55,Business Travel,Business,199,2,2,2,2,5,3,4,2,2,2,2,2,2,2.46,0,0,FALSE
Female,Loyal Customer,22,Business Travel,Business,616,1,5,5,5,1,1,1,1,3,1,4,4,1,2.54,17,11,FALSE
Female,Loyal Customer,15,Personal Travel,Eco,954,2,4,2,4,3,2,3,3,3,4,4,5,3,3.23,0,0,FALSE
Male,Disloyal Customer,44,Business Travel,Business,337,4,4,4,3,1,4,1,1,5,4,5,5,1,3.23,0,0,TRUE
Male,Loyal Customer,42,Business Travel,Business,1979,2,4,4,4,4,3,4,2,2,2,2,3,1,2.85,5,48,FALSE
Female,Disloyal Customer,44,Business Travel,Eco,110,1,1,1,2,1,1,1,1,4,3,2,2,1,1.62,11,6,FALSE
Male,Loyal Customer,39,Personal Travel,Eco,1090,4,4,4,1,4,2,2,2,3,3,1,2,2,2.62,199,203,FALSE
Female,Loyal Customer,60,Business Travel,Business,3533,4,4,4,4,5,5,4,5,5,5,5,3,5,4.46,0,5,TRUE
Female,Loyal Customer,53,Business Travel,Eco,125,4,2,2,2,2,5,5,4,4,4,4,1,4,3.31,8,13,TRUE
Female,Loyal Customer,28,Business Travel,Business,3125,4,4,4,4,4,4,4,4,3,4,5,5,4,4.08,45,23,TRUE
Male,Disloyal Customer,30,Business Travel,Business,931,3,3,3,3,2,3,2,2,4,3,4,4,2,2.92,0,0,FALSE
Female,Loyal Customer,35,Business Travel,Business,733,5,5,5,5,4,4,5,5,5,5,5,3,5,4.69,0,0,TRUE
Male,Loyal Customer,42,Business Travel,Business,859,3,3,3,3,2,4,5,4,4,4,4,4,5,3.69,22,16,TRUE
Male,Loyal Customer,38,Business Travel,Eco,200,4,5,5,5,4,4,4,4,2,2,4,1,4,3.69,0,0,TRUE
Male,Loyal Customer,49,Personal Travel,Eco Plus,761,1,4,1,3,2,1,4,2,3,3,5,4,2,2.69,0,0,FALSE
Female,Loyal Customer,69,Personal Travel,Eco,909,2,5,2,4,3,3,1,4,4,2,4,1,4,3,5,0,FALSE
Male,Loyal Customer,49,Personal Travel,Eco,1620,3,5,4,1,5,4,5,5,3,5,3,5,5,4.08,49,36,FALSE
Female,Loyal Customer,51,Business Travel,Business,1610,4,4,4,4,2,4,4,4,4,4,4,5,4,3.92,0,5,TRUE
Female,Loyal Customer,55,Personal Travel,Eco,1814,3,3,3,3,3,3,3,4,4,3,4,1,4,3.15,0,0,FALSE
Female,Loyal Customer,46,Business Travel,Business,1313,5,5,5,5,5,4,4,2,2,2,2,4,3,3.69,0,0,TRUE
Male,Loyal Customer,55,Business Travel,Business,408,1,1,1,1,3,5,4,4,4,4,4,4,4,3.08,0,0,TRUE
Male,Loyal Customer,56,Business Travel,Business,3638,1,1,1,1,1,1,5,4,4,4,4,4,3,2.62,18,16,TRUE
Male,Loyal Customer,55,Personal Travel,Eco Plus,534,2,5,2,3,3,2,3,3,3,5,5,3,3,3.23,24,4,FALSE
Female,Disloyal Customer,26,Business Travel,Business,867,4,4,4,1,4,4,4,4,5,5,5,4,4,4,0,0,FALSE
Male,Loyal Customer,70,Personal Travel,Eco,1009,3,4,3,4,3,3,5,3,1,1,3,3,3,3,0,25,FALSE
Female,Loyal Customer,46,Personal Travel,Eco,421,2,4,2,4,2,2,2,5,5,2,5,1,1,2.85,0,0,FALSE
Male,Loyal Customer,47,Business Travel,Business,594,3,3,3,3,3,4,5,5,5,4,5,5,3,3.92,43,100,TRUE
Male,Disloyal Customer,48,Business Travel,Business,199,3,3,3,3,4,3,4,4,5,2,5,3,4,3.54,0,0,FALSE
Male,Loyal Customer,36,Business Travel,Business,2486,5,5,5,5,5,4,5,4,4,4,4,3,5,4.46,0,0,TRUE
Male,Loyal Customer,38,Business Travel,Business,903,1,1,1,1,3,4,5,3,3,3,3,4,3,2.69,0,0,TRUE
Male,Loyal Customer,54,Business Travel,Business,3662,5,5,5,5,2,5,5,4,4,4,4,3,5,4.31,0,0,TRUE
Female,Loyal Customer,37,Personal Travel,Eco,328,4,2,4,3,1,4,1,1,3,2,4,1,1,2.38,0,0,TRUE
Female,Loyal Customer,18,Personal Travel,Eco,2358,3,5,3,5,2,3,2,2,3,5,3,3,2,3.15,9,0,FALSE
Female,Loyal Customer,48,Personal Travel,Eco,1438,0,5,0,3,3,4,4,4,4,0,2,5,3,2.85,8,0,TRUE
Female,Loyal Customer,54,Business Travel,Business,297,3,3,3,3,4,5,4,4,4,4,4,4,5,3.85,0,0,TRUE
Female,Loyal Customer,66,Personal Travel,Eco,689,4,4,4,3,4,5,5,5,5,4,5,3,3,4.15,3,0,FALSE
Female,Loyal Customer,60,Personal Travel,Eco,1587,2,4,1,4,3,4,5,3,3,1,3,3,4,3.08,0,0,FALSE
Female,Loyal Customer,55,Business Travel,Business,1020,4,4,4,4,5,4,4,5,5,5,5,3,3,4.23,0,0,TRUE
Female,Loyal Customer,44,Business Travel,Business,1440,5,5,5,5,3,5,5,4,4,4,4,5,4,4.46,51,45,TRUE
Male,Disloyal Customer,79,Business Travel,Eco,462,3,4,3,3,4,3,4,4,2,1,2,4,4,3.15,0,0,FALSE
Male,Loyal Customer,54,Business Travel,Business,390,4,4,4,4,3,4,4,5,5,5,5,4,5,4.31,0,0,TRUE
Male,Disloyal Customer,58,Business Travel,Business,447,4,4,4,4,5,4,5,5,4,2,4,4,5,4.15,41,21,TRUE
Female,Loyal Customer,41,Business Travel,Business,247,0,0,0,1,5,4,4,1,1,1,1,5,4,2.08,0,0,TRUE
Male,Loyal Customer,17,Personal Travel,Eco,2296,3,5,3,1,2,3,2,2,3,4,5,3,2,2.92,0,0,FALSE
Male,Disloyal Customer,29,Business Travel,Business,1235,1,1,1,4,1,1,1,1,4,4,3,4,1,2.08,2,0,FALSE
Male,Loyal Customer,52,Personal Travel,Business,1020,3,2,3,3,3,3,3,4,2,2,3,3,3,2.85,155,174,FALSE
Male,Loyal Customer,22,Business Travel,Business,3684,1,3,3,3,1,1,1,1,3,4,3,1,1,2,0,0,FALSE
Female,Loyal Customer,35,Business Travel,Business,1189,3,3,3,3,1,4,4,5,5,5,5,2,1,3.38,0,0,TRUE
Female,Disloyal Customer,25,Business Travel,Eco,192,1,4,2,3,4,2,1,4,3,5,3,4,4,3.08,0,0,FALSE
Male,Loyal Customer,59,Personal Travel,Eco,667,3,5,3,3,1,3,1,1,3,3,4,4,1,2.69,0,0,FALSE
Female,Loyal Customer,17,Personal Travel,Eco,1041,0,1,0,3,1,4,4,3,1,3,4,4,4,2.46,427,440,TRUE
Male,Loyal Customer,45,Business Travel,Business,594,4,4,4,4,1,4,2,4,4,4,4,3,1,3.31,0,0,TRUE
Female,Loyal Customer,69,Business Travel,Eco Plus,260,1,0,0,4,1,4,3,4,4,1,4,2,2,2.31,69,55,FALSE
Male,Loyal Customer,18,Personal Travel,Eco,986,3,4,3,2,3,3,3,3,4,4,5,4,3,3.38,0,0,FALSE
Female,Loyal Customer,38,Personal Travel,Eco,399,3,4,3,3,5,3,5,5,2,2,4,2,5,3.54,0,0,FALSE
Male,Disloyal Customer,57,Business Travel,Eco,802,3,3,3,1,5,3,5,5,3,2,1,2,5,3.15,9,0,FALSE
Female,Loyal Customer,11,Personal Travel,Eco,1504,1,4,1,2,4,1,4,4,2,4,3,2,4,2.77,0,0,FALSE
Male,Loyal Customer,35,Personal Travel,Eco Plus,468,2,4,2,4,2,2,2,2,5,2,5,4,2,2.92,0,1,FALSE
Female,Loyal Customer,16,Personal Travel,Eco,461,4,5,4,2,2,4,2,2,2,3,1,5,2,2.92,0,0,FALSE
Male,Loyal Customer,11,Personal Travel,Eco,445,3,4,3,2,3,3,3,3,5,4,5,3,3,3.38,7,15,FALSE
Male,Loyal Customer,13,Personal Travel,Eco,954,3,3,3,3,2,3,2,2,2,1,3,3,2,2.46,0,0,FALSE
Male,Loyal Customer,53,Business Travel,Business,3270,4,4,4,4,2,5,5,3,3,3,3,4,5,3.77,1,0,TRUE
Female,Loyal Customer,8,Personal Travel,Eco,867,1,5,1,2,5,1,5,5,3,2,4,3,5,3.23,0,0,FALSE
Male,Loyal Customer,40,Business Travel,Business,3764,1,1,1,1,5,4,5,5,5,5,5,3,5,3.54,3,0,TRUE
Male,Loyal Customer,51,Business Travel,Business,1615,1,1,1,1,3,1,1,5,5,5,4,1,2,2.38,0,1,TRUE
Male,Loyal Customer,56,Business Travel,Eco,742,1,3,3,3,1,1,1,1,4,1,4,2,1,2,14,13,FALSE
Female,Loyal Customer,66,Business Travel,Eco Plus,197,5,5,5,5,2,2,4,5,5,5,5,3,1,4,9,5,TRUE
Male,Loyal Customer,45,Business Travel,Eco,521,4,4,4,4,4,4,4,4,4,3,3,2,4,3.69,0,0,TRUE
Female,Loyal Customer,45,Business Travel,Business,2850,1,1,1,1,2,5,5,4,4,4,4,5,3,3.08,2,0,TRUE
Female,Loyal Customer,38,Business Travel,Eco,563,3,4,4,4,3,3,3,3,1,2,2,1,3,2.77,0,0,FALSE
Male,Loyal Customer,36,Personal Travel,Eco,782,5,4,5,4,1,5,3,1,3,2,5,4,1,3.31,0,0,TRUE
Male,Loyal Customer,25,Personal Travel,Eco,473,2,1,2,4,5,2,5,5,1,2,3,1,5,2.92,0,0,FALSE
Female,Loyal Customer,51,Business Travel,Business,1812,1,5,5,5,1,2,2,3,3,3,1,3,1,2.69,0,0,FALSE
Female,Loyal Customer,27,Personal Travel,Eco,321,3,5,3,1,4,3,4,4,2,3,3,1,4,3.08,13,8,FALSE
Male,Loyal Customer,35,Business Travel,Business,3465,2,2,2,2,5,5,5,5,5,5,5,5,5,4.08,4,0,TRUE
Female,Loyal Customer,40,Business Travel,Eco,767,1,0,0,4,4,0,4,4,1,5,4,1,4,2.46,0,8,FALSE
Female,Disloyal Customer,19,Business Travel,Business,918,0,5,0,5,1,0,1,1,5,5,5,3,1,2.46,0,0,TRUE
Female,Loyal Customer,46,Business Travel,Business,338,2,4,2,4,3,4,4,2,2,2,2,2,3,2.77,0,0,FALSE
Female,Loyal Customer,34,Business Travel,Business,2602,2,2,4,2,2,1,2,5,5,4,4,2,4,3,0,0,TRUE
Male,Loyal Customer,60,Business Travel,Business,3492,2,3,2,2,4,4,5,4,4,5,4,3,3,3.46,68,76,TRUE
Female,Loyal Customer,47,Business Travel,Business,413,5,5,5,5,2,5,3,4,4,4,4,3,4,4.08,0,0,TRUE
Female,Loyal Customer,22,Personal Travel,Eco Plus,235,4,4,4,1,2,4,5,2,4,5,5,3,2,3.46,0,0,FALSE
Male,Loyal Customer,55,Business Travel,Business,2316,4,4,4,4,1,2,2,5,5,4,3,5,4,3.62,3,0,TRUE
Male,Disloyal Customer,48,Business Travel,Eco,1325,2,2,2,4,2,2,2,2,4,5,3,4,2,2.77,51,37,FALSE
Male,Loyal Customer,35,Personal Travel,Eco,1084,2,4,2,1,1,2,1,1,5,4,5,5,1,2.62,0,0,FALSE
Female,Loyal Customer,39,Business Travel,Eco,341,2,5,5,5,2,2,2,2,3,3,3,1,2,2.85,0,0,FALSE
Male,Disloyal Customer,47,Business Travel,Business,980,4,4,4,1,2,4,2,2,5,4,4,3,2,3.15,0,0,FALSE
Female,Disloyal Customer,30,Business Travel,Eco,697,1,1,1,2,1,1,1,1,3,5,1,3,1,1.69,0,6,FALSE
Female,Loyal Customer,37,Personal Travel,Eco,440,4,4,2,4,1,2,1,1,5,3,4,5,1,2.85,11,0,FALSE
Female,Loyal Customer,51,Personal Travel,Eco,2554,2,5,3,4,3,2,2,2,4,4,2,2,2,2.85,0,0,FALSE
Female,Loyal Customer,79,Business Travel,Eco,736,4,4,3,4,5,2,3,4,4,4,4,1,1,3.31,0,0,TRUE
Male,Loyal Customer,22,Personal Travel,Eco,776,4,4,4,4,4,4,4,4,4,3,5,3,4,3.92,20,52,FALSE
Female,Loyal Customer,35,Personal Travel,Eco Plus,1121,3,4,3,2,5,3,3,5,3,3,5,4,5,3.69,14,0,FALSE
Male,Loyal Customer,27,Personal Travel,Eco,370,2,0,2,4,5,2,1,5,4,4,4,5,5,3.31,0,0,FALSE
Male,Loyal Customer,44,Business Travel,Business,2337,5,5,5,5,5,4,4,5,5,5,5,4,5,4.77,0,3,TRUE
Female,Loyal Customer,27,Personal Travel,Eco,749,4,4,4,1,2,4,2,2,3,5,4,3,2,3.08,0,0,FALSE
Female,Disloyal Customer,37,Business Travel,Eco,296,3,1,3,3,5,3,5,5,2,5,4,2,5,3.54,32,28,FALSE
Female,Loyal Customer,41,Business Travel,Business,2187,5,5,5,5,3,4,4,4,4,4,4,4,4,4.23,17,6,TRUE
Female,Loyal Customer,24,Personal Travel,Eco,1069,3,5,3,1,3,3,3,3,3,2,5,3,3,3.08,0,4,FALSE
Female,Loyal Customer,44,Business Travel,Business,822,1,1,1,1,3,5,4,3,3,4,3,4,5,2.92,0,12,TRUE
Male,Loyal Customer,30,Business Travel,Eco,680,5,5,5,5,5,5,5,5,4,2,5,2,5,4.46,0,0,TRUE
Male,Loyal Customer,34,Personal Travel,Eco,550,2,5,3,2,5,3,5,5,4,2,4,5,5,3.85,10,11,FALSE
Male,Disloyal Customer,33,Business Travel,Eco,550,3,2,3,3,3,3,3,3,4,1,4,2,3,2.85,0,0,FALSE
Male,Loyal Customer,54,Personal Travel,Eco,862,3,5,3,3,1,3,1,1,3,3,5,5,1,2.85,10,5,FALSE
Female,Loyal Customer,65,Personal Travel,Eco,2092,2,0,2,5,2,4,5,4,4,2,4,3,5,3.23,1,0,FALSE
Male,Loyal Customer,66,Personal Travel,Eco,236,4,5,4,4,5,4,5,5,5,2,5,3,5,4.31,0,0,TRUE
Female,Loyal Customer,45,Business Travel,Business,985,1,1,1,1,4,4,5,5,5,5,5,3,5,3.46,2,0,TRUE
Male,Disloyal Customer,25,Business Travel,Business,1097,0,0,0,2,2,0,3,2,4,5,5,1,2,2,86,124,TRUE
Female,Loyal Customer,67,Business Travel,Business,1448,3,3,3,3,5,5,4,5,5,5,5,4,5,4.23,0,0,TRUE
Female,Loyal Customer,48,Business Travel,Business,541,4,4,4,4,1,4,5,4,4,4,4,3,4,3.77,0,0,TRUE
Female,Loyal Customer,58,Business Travel,Business,2196,3,3,3,3,4,5,4,2,2,2,2,4,5,3.23,1,0,TRUE
Female,Loyal Customer,40,Business Travel,Eco,846,5,3,5,3,5,5,5,5,5,4,1,3,5,4.15,0,0,TRUE
Female,Loyal Customer,37,Business Travel,Business,2239,4,1,4,4,3,4,5,4,4,4,5,4,4,3.85,2,0,TRUE
Female,Disloyal Customer,25,Business Travel,Eco,1484,2,2,2,3,4,2,4,4,1,5,2,4,4,3,0,0,FALSE
Male,Loyal Customer,9,Personal Travel,Eco Plus,1023,3,4,3,4,2,3,2,2,2,3,5,4,2,3,0,0,FALSE
Male,Loyal Customer,11,Personal Travel,Eco,109,1,3,1,1,1,1,1,1,2,5,3,4,1,1.92,47,32,FALSE
Female,Loyal Customer,23,Personal Travel,Eco,944,2,4,2,2,4,2,4,4,4,4,5,5,4,3.54,5,0,FALSE
Female,Disloyal Customer,35,Business Travel,Eco,2153,1,2,2,3,1,2,2,1,3,1,3,2,2,1.92,0,0,FALSE
Female,Loyal Customer,62,Business Travel,Eco,728,3,2,2,2,2,2,3,3,3,3,3,3,1,2.46,0,12,FALSE
Male,Loyal Customer,35,Personal Travel,Eco,425,4,4,4,4,5,4,5,5,2,5,4,4,5,4.23,0,0,TRUE
Female,Loyal Customer,11,Business Travel,Business,1611,3,1,1,1,3,3,3,3,4,1,4,3,3,2.54,0,0,FALSE
Male,Disloyal Customer,36,Business Travel,Business,2075,1,1,1,5,4,1,4,4,5,2,5,4,4,3.15,30,29,FALSE
Male,Loyal Customer,64,Business Travel,Business,3142,1,1,1,1,1,1,1,3,3,4,3,3,1,1.85,0,0,TRUE
Female,Loyal Customer,47,Business Travel,Eco,372,4,5,5,5,2,2,1,4,4,4,4,3,2,3.46,66,,FALSE
Female,Loyal Customer,57,Personal Travel,Eco,1172,1,4,0,3,3,5,5,3,3,0,4,3,5,3,26,6,FALSE
Male,Loyal Customer,43,Business Travel,Business,2411,3,3,3,3,5,1,3,5,5,5,5,4,2,3.62,0,0,TRUE
Male,Loyal Customer,11,Personal Travel,Eco,1751,5,2,5,3,2,5,2,2,2,4,3,1,2,2.92,0,0,TRUE
Male,Loyal Customer,55,Personal Travel,Eco,1999,4,4,4,1,5,4,5,5,5,4,5,5,5,4.31,4,0,TRUE
Female,Loyal Customer,40,Business Travel,Business,3553,3,1,3,3,3,5,5,5,5,5,5,4,5,4,0,0,TRUE
Female,Loyal Customer,41,Business Travel,Eco,459,3,3,3,3,3,3,3,3,4,5,3,2,3,3.15,0,0,FALSE
Male,Loyal Customer,43,Business Travel,Business,3497,3,2,3,3,5,5,4,3,3,4,3,4,3,3.46,0,0,TRUE
Male,Loyal Customer,41,Business Travel,Eco Plus,2172,4,3,3,3,4,4,4,4,1,5,5,1,4,3.46,0,0,TRUE
Male,Loyal Customer,17,Personal Travel,Eco,328,4,2,4,2,1,4,1,1,2,5,1,3,1,2.38,47,35,FALSE
Female,Loyal Customer,45,Business Travel,Business,3101,4,4,4,4,1,5,4,4,4,4,4,2,4,3.69,5,0,TRUE
Female,Disloyal Customer,28,Business Travel,Business,1091,4,4,4,2,4,4,4,4,5,5,5,4,4,4.08,0,0,TRUE
Female,Loyal Customer,25,Personal Travel,Eco,442,2,4,2,3,3,2,3,3,3,2,5,3,3,2.92,5,0,FALSE
Male,Loyal Customer,35,Business Travel,Business,3776,4,1,1,1,2,3,3,4,4,4,4,3,1,2.69,0,0,FALSE
Male,Loyal Customer,32,Business Travel,Business,531,5,2,2,2,5,4,5,5,2,4,4,4,5,3.77,0,0,FALSE
Female,Loyal Customer,68,Personal Travel,Eco,759,4,4,4,4,5,4,2,4,4,4,4,3,1,3.62,0,0,FALSE
Female,Disloyal Customer,43,Business Travel,Eco,376,2,2,2,2,2,2,2,2,1,2,3,3,2,2.08,2,0,FALSE
Male,Loyal Customer,42,Business Travel,Eco,803,5,5,5,5,5,5,5,5,2,5,5,3,5,4.62,0,0,TRUE
Female,Disloyal Customer,24,Business Travel,Business,289,4,0,4,3,4,4,4,4,5,4,4,4,4,3.69,0,0,TRUE
Female,Loyal Customer,17,Personal Travel,Eco,130,2,0,2,3,2,2,2,2,5,4,4,3,2,2.54,29,38,FALSE
Female,Disloyal Customer,36,Business Travel,Eco,423,2,5,2,3,4,2,4,4,1,4,4,2,4,3.15,0,0,FALSE
Male,Loyal Customer,35,Business Travel,Business,2653,1,1,1,1,3,5,4,4,4,4,4,5,3,3.08,0,0,TRUE
Female,Loyal Customer,17,Business Travel,Business,134,3,3,3,3,1,1,3,1,4,5,3,1,1,2.46,32,15,FALSE
Female,Loyal Customer,48,Business Travel,Business,1947,3,3,3,3,5,4,4,4,4,4,4,3,3,3.62,0,1,TRUE
Male,Loyal Customer,30,Personal Travel,Eco,1269,1,4,1,3,5,1,5,5,5,5,4,4,5,3.69,18,33,FALSE
Male,Loyal Customer,22,Business Travel,Business,867,3,2,4,2,3,3,3,3,4,3,4,3,3,3.08,0,0,FALSE
Male,Loyal Customer,16,Business Travel,Business,3400,3,3,3,3,4,4,4,5,3,4,5,4,4,3.77,133,129,TRUE
Female,Loyal Customer,63,Business Travel,Business,3986,1,3,3,3,5,3,3,1,1,1,1,1,1,2.08,0,0,FALSE
Male,Loyal Customer,37,Personal Travel,Eco,332,3,4,3,3,5,3,5,5,3,4,5,5,5,4.08,0,0,FALSE
Male,Loyal Customer,11,Personal Travel,Eco,922,2,5,2,3,3,2,3,3,4,2,5,5,3,3.23,0,2,FALSE
Female,Loyal Customer,26,Personal Travel,Eco,480,3,1,5,3,1,5,1,1,4,4,4,3,1,2.77,27,17,FALSE
Male,Loyal Customer,48,Business Travel,Eco,369,2,1,1,1,2,2,2,2,5,5,1,5,2,2.38,0,0,TRUE
Male,Loyal Customer,67,Personal Travel,Eco,399,2,4,5,4,2,5,2,2,4,4,5,4,2,3.46,0,0,FALSE
Male,Loyal Customer,68,Personal Travel,Eco,299,1,5,1,3,3,1,3,3,3,2,4,3,3,2.69,0,0,FALSE
Male,Loyal Customer,33,Business Travel,Business,363,2,2,2,2,5,5,5,5,3,1,1,5,5,3.31,0,0,TRUE
Male,Disloyal Customer,24,Business Travel,Eco,283,3,0,3,4,1,3,1,1,3,5,4,3,1,2.46,29,33,FALSE
Female,Disloyal Customer,24,Business Travel,Business,594,0,4,0,3,2,0,3,2,4,3,4,3,2,2.31,11,10,TRUE
Male,Loyal Customer,41,Personal Travel,Eco,1754,1,1,2,3,1,2,1,1,2,2,3,1,1,1.62,33,11,FALSE
Female,Loyal Customer,67,Personal Travel,Eco,925,2,5,2,3,3,5,5,1,1,2,1,4,5,3,0,0,FALSE
Female,Loyal Customer,52,Business Travel,Business,402,1,1,1,1,2,4,4,4,4,4,4,3,3,2.77,11,0,TRUE
Female,Loyal Customer,44,Business Travel,Business,2249,4,4,4,4,3,4,5,4,4,4,4,5,3,4,0,0,TRUE
Male,Loyal Customer,62,Personal Travel,Eco,453,2,5,2,3,3,2,3,3,4,3,1,3,3,2.85,0,13,FALSE
Female,Loyal Customer,19,Personal Travel,Eco,546,4,1,4,4,4,4,4,4,4,4,3,2,4,3.54,0,0,TRUE
Male,Disloyal Customer,26,Business Travel,Eco,387,2,3,2,5,4,2,4,4,1,3,3,1,4,2.92,0,0,FALSE
Female,Loyal Customer,44,Business Travel,Business,3471,3,3,3,3,5,5,5,5,5,5,5,5,4,4.31,0,0,TRUE
Female,Loyal Customer,59,Business Travel,Business,1009,1,1,1,1,2,5,4,3,3,2,3,5,5,2.77,3,0,TRUE
Female,Loyal Customer,43,Personal Travel,Eco,210,2,2,2,4,2,3,3,4,4,2,4,4,1,2.85,44,48,FALSE
Male,Loyal Customer,50,Business Travel,Business,1532,2,2,2,2,2,4,4,2,2,2,2,3,4,2.54,0,0,FALSE
Female,Loyal Customer,48,Business Travel,Eco,502,3,1,3,3,3,3,3,3,2,4,4,3,3,2.92,116,162,FALSE
Female,Loyal Customer,33,Business Travel,Business,3283,0,5,0,2,2,2,2,3,3,2,2,3,3,2.23,0,0,TRUE
Male,Disloyal Customer,27,Business Travel,Business,1464,2,2,2,1,5,2,5,5,3,3,5,5,5,3.46,66,92,FALSE
Male,Loyal Customer,57,Business Travel,Eco,689,4,5,5,5,3,4,3,3,4,1,4,4,3,3.69,0,0,FALSE
Male,Loyal Customer,32,Business Travel,Eco,867,4,4,4,4,4,5,4,4,5,5,1,1,4,3.77,0,1,TRUE
Male,Loyal Customer,19,Personal Travel,Eco,1892,3,5,3,2,4,3,4,4,5,3,3,1,4,3.38,0,0,FALSE
Female,Disloyal Customer,34,Business Travel,Eco Plus,156,2,2,2,3,4,2,4,4,1,3,4,4,4,3,41,30,FALSE
Male,Loyal Customer,43,Business Travel,Business,480,2,4,4,4,1,1,1,2,2,2,2,4,3,2.46,16,19,FALSE
Male,Loyal Customer,50,Business Travel,Business,846,3,3,3,3,4,4,4,4,4,4,4,3,5,3.69,1,0,TRUE
Male,Loyal Customer,21,Personal Travel,Eco,784,5,3,5,4,1,5,1,1,1,1,4,1,1,2.54,0,0,TRUE
Female,Loyal Customer,66,Business Travel,Business,1652,4,3,3,3,5,2,3,4,4,4,4,1,1,3.15,0,0,FALSE
Female,Disloyal Customer,49,Business Travel,Business,1388,4,4,4,4,2,4,2,2,4,2,5,4,2,3.31,3,0,TRUE
Female,Loyal Customer,20,Personal Travel,Eco Plus,239,1,2,1,4,5,1,5,5,1,3,3,3,5,3,0,0,FALSE
Male,Loyal Customer,52,Business Travel,Business,376,4,5,5,5,3,4,4,4,4,4,4,2,1,3.77,1,0,FALSE
Female,Loyal Customer,50,Business Travel,Business,622,1,1,1,1,5,4,5,3,3,4,3,5,4,3.08,0,0,TRUE
Female,Loyal Customer,41,Business Travel,Business,162,3,3,3,3,3,5,2,5,5,5,5,2,1,3.46,0,0,TRUE
Female,Loyal Customer,39,Business Travel,Business,1598,2,2,2,2,3,5,5,5,5,5,5,4,3,3.69,74,53,TRUE
Male,Loyal Customer,58,Business Travel,Business,2569,5,5,3,5,3,5,4,4,4,4,4,3,5,4.15,0,0,TRUE
Female,Loyal Customer,24,Personal Travel,Business,528,4,5,4,1,5,4,5,5,3,5,5,4,5,4.23,0,0,TRUE
Female,Loyal Customer,62,Personal Travel,Eco,301,3,3,3,1,3,5,5,4,4,3,5,3,3,3.46,0,0,FALSE
Male,Loyal Customer,28,Business Travel,Business,594,1,3,3,3,1,2,1,1,4,5,4,2,1,2.38,0,4,FALSE
Female,Loyal Customer,35,Personal Travel,Eco Plus,289,1,4,1,5,4,1,4,4,5,3,4,5,4,3.46,8,1,FALSE
Female,Disloyal Customer,20,Business Travel,Eco,2586,2,2,2,3,2,4,4,1,5,4,4,4,4,3.15,95,104,FALSE
Female,Loyal Customer,36,Business Travel,Eco,612,2,1,4,1,2,3,2,2,2,3,3,3,2,2.31,29,25,FALSE
Male,Loyal Customer,27,Personal Travel,Eco,999,5,3,5,3,4,5,5,4,4,1,5,1,4,3.77,5,0,TRUE
Male,Loyal Customer,41,Business Travel,Eco,666,2,1,4,1,2,2,2,2,2,4,3,3,2,2.31,25,19,FALSE
Male,Loyal Customer,44,Personal Travel,Eco,666,4,4,4,2,3,4,2,3,4,1,5,1,3,3.08,0,0,FALSE
Female,Loyal Customer,39,Business Travel,Business,3366,1,1,1,1,4,1,2,5,5,5,4,1,2,2.54,0,0,TRUE
Female,Loyal Customer,39,Business Travel,Business,2506,2,3,3,3,1,4,4,2,2,2,2,2,2,2.46,6,11,FALSE
Female,Loyal Customer,58,Business Travel,Eco,1754,4,3,3,3,3,5,4,5,5,4,5,3,3,3.85,0,0,TRUE
Female,Loyal Customer,47,Business Travel,Eco,300,4,3,3,3,2,4,2,4,4,4,4,2,3,3.23,0,0,TRUE
Female,Loyal Customer,38,Business Travel,Eco Plus,95,4,3,3,3,4,4,4,4,2,1,3,4,4,3.31,0,0,TRUE
Male,Loyal Customer,50,Business Travel,Business,3038,2,2,2,2,2,5,4,5,5,5,5,5,5,3.77,5,0,TRUE
Male,Loyal Customer,12,Personal Travel,Eco,1208,2,1,1,3,4,1,4,4,4,4,4,2,4,2.92,0,0,FALSE
Male,Loyal Customer,19,Personal Travel,Eco,594,4,5,4,3,3,4,1,3,1,1,2,5,3,3,0,0,FALSE
Female,Loyal Customer,57,Personal Travel,Eco,447,1,5,1,3,3,4,5,3,3,1,3,3,5,3.08,1,0,FALSE
Male,Loyal Customer,46,Business Travel,Business,685,1,1,1,1,3,4,5,1,1,2,1,4,4,2.23,0,0,TRUE
Female,Loyal Customer,22,Business Travel,Business,1518,2,2,4,2,4,4,4,4,2,4,1,2,4,3,0,0,TRUE
Female,Loyal Customer,11,Personal Travel,Eco,321,0,1,0,3,3,0,3,3,1,2,3,2,3,1.85,0,0,TRUE
Female,Loyal Customer,41,Business Travel,Business,3303,5,4,5,5,3,4,4,5,5,5,5,3,4,4.38,0,2,TRUE
Male,Loyal Customer,57,Business Travel,Business,1547,4,4,4,4,2,5,4,4,4,4,4,5,4,4,0,0,TRUE
Female,Loyal Customer,10,Business Travel,Business,936,2,4,4,4,2,1,2,2,2,3,4,1,2,2.54,0,0,FALSE
Female,Disloyal Customer,22,Business Travel,Business,102,2,4,2,4,2,2,2,2,3,2,4,4,2,2.69,5,14,FALSE
Female,Loyal Customer,38,Business Travel,Business,813,2,2,2,2,2,4,5,5,5,5,5,4,5,3.69,0,0,TRUE
Male,Loyal Customer,60,Business Travel,Business,1788,5,5,5,5,2,5,5,4,4,4,4,5,5,4.46,0,0,TRUE
Male,Loyal Customer,46,Business Travel,Business,2637,1,1,1,1,1,1,1,1,5,4,3,1,1,1.69,0,11,FALSE
Male,Loyal Customer,54,Business Travel,Eco,2139,2,4,4,4,2,2,2,2,1,4,3,3,2,2.69,3,0,FALSE
Male,Disloyal Customer,21,Business Travel,Eco,331,2,5,2,2,1,2,1,1,4,4,5,4,1,2.62,0,0,FALSE
Female,Loyal Customer,25,Personal Travel,Eco,157,5,1,5,3,3,5,3,3,2,5,3,3,3,3.38,1,0,TRUE
Male,Loyal Customer,7,Personal Travel,Eco,991,4,4,4,3,3,4,3,3,3,4,4,4,3,3.54,0,11,FALSE
Male,Loyal Customer,49,Personal Travel,Eco Plus,1199,0,2,0,2,2,0,2,2,2,4,3,4,2,1.92,0,0,TRUE
Female,Loyal Customer,40,Personal Travel,Eco Plus,534,2,5,2,2,5,2,5,5,3,5,5,5,5,3.92,0,2,FALSE
Male,Loyal Customer,64,Business Travel,Business,3957,2,4,4,4,3,4,4,2,2,3,2,1,2,2.85,29,9,FALSE
Male,Loyal Customer,55,Business Travel,Business,2475,5,5,5,5,3,5,4,5,5,5,5,4,3,4.54,4,0,TRUE
Male,Loyal Customer,9,Personal Travel,Eco,489,3,0,3,5,1,3,4,1,5,5,5,4,1,3.08,0,0,FALSE
Male,Loyal Customer,32,Personal Travel,Eco Plus,451,2,4,2,2,5,2,5,5,4,5,5,3,5,3.77,76,72,FALSE
Male,Loyal Customer,57,Business Travel,Business,2140,2,1,1,1,1,3,4,2,2,2,2,2,3,2,1,3,FALSE
Male,Loyal Customer,53,Business Travel,Business,731,5,5,4,5,3,4,5,5,5,5,5,4,3,4.46,51,38,TRUE
Male,Loyal Customer,38,Business Travel,Business,308,4,4,4,4,3,5,5,4,4,4,4,3,4,4,47,40,TRUE
Male,Disloyal Customer,20,Business Travel,Business,1147,3,2,2,4,1,2,1,1,2,5,4,4,1,2.46,17,0,FALSE
Male,Loyal Customer,46,Business Travel,Eco,109,3,1,5,1,4,3,4,4,2,5,3,2,4,3.15,35,28,FALSE
Female,Loyal Customer,43,Personal Travel,Eco,888,3,4,4,2,3,4,5,4,4,4,4,4,5,3.85,0,0,FALSE
Male,Disloyal Customer,30,Business Travel,Eco,651,3,5,3,1,2,3,1,2,2,4,1,5,2,2.62,0,0,FALSE
Male,Loyal Customer,52,Business Travel,Business,2329,5,5,5,5,2,4,1,4,4,4,4,3,4,3.85,15,0,TRUE
Female,Loyal Customer,52,Business Travel,Business,405,3,2,2,2,4,3,4,3,3,3,3,4,3,3,3,5,FALSE
Female,Loyal Customer,42,Business Travel,Business,1543,5,5,5,5,3,4,4,2,2,2,2,4,4,3.62,7,8,TRUE
Male,Loyal Customer,20,Personal Travel,Eco,1190,2,4,2,1,2,1,1,4,2,3,4,1,1,2.15,198,,FALSE
Male,Loyal Customer,36,Business Travel,Eco,157,4,4,4,4,4,4,4,4,2,4,4,5,4,3.92,5,0,TRUE
Female,Loyal Customer,22,Personal Travel,Eco,354,3,5,3,3,3,3,1,3,3,3,4,5,3,3.23,0,0,FALSE
Male,Loyal Customer,63,Personal Travel,Eco Plus,606,3,4,3,3,2,3,2,2,3,5,4,5,2,3.15,0,0,FALSE
Female,Loyal Customer,70,Personal Travel,Eco,850,3,5,3,1,5,4,5,1,1,3,1,4,5,3.15,9,0,FALSE
Male,Loyal Customer,52,Business Travel,Business,3974,1,1,1,1,5,4,5,5,5,4,5,4,3,3.38,34,27,TRUE
Female,Loyal Customer,40,Business Travel,Business,534,3,5,3,3,4,4,5,5,5,5,5,4,3,4.15,3,0,TRUE
Female,Loyal Customer,70,Business Travel,Business,446,1,1,1,1,4,5,4,4,4,4,4,4,4,3.15,0,0,TRUE
Female,Loyal Customer,60,Business Travel,Business,2106,1,1,1,1,2,4,3,1,1,1,1,2,4,1.77,24,27,FALSE
Female,Loyal Customer,14,Business Travel,Business,2835,3,1,1,1,3,3,3,3,4,5,4,3,3,2.85,0,0,FALSE
Male,Loyal Customer,64,Personal Travel,Eco,950,1,4,1,2,3,1,3,3,5,1,5,4,3,2.77,2,0,FALSE
Male,Disloyal Customer,21,Business Travel,Eco,152,3,0,3,1,3,3,2,3,3,5,1,2,3,2.46,0,0,FALSE
Female,Loyal Customer,57,Business Travel,Business,1797,5,5,5,5,4,5,5,5,5,5,5,3,4,4.69,0,0,TRUE
Male,Loyal Customer,29,Personal Travel,Eco,464,0,5,0,2,1,0,1,1,5,5,5,3,1,2.23,14,5,TRUE
Male,Loyal Customer,23,Personal Travel,Eco,222,1,4,1,4,1,1,1,1,2,1,4,3,1,1.92,28,12,FALSE
Female,Disloyal Customer,27,Business Travel,Eco,390,2,0,2,4,5,2,5,5,3,1,2,3,5,3,18,18,FALSE
Male,Loyal Customer,41,Business Travel,Business,1846,2,2,2,2,2,4,5,5,5,5,5,4,4,3.62,0,17,TRUE
Female,Loyal Customer,47,Personal Travel,Eco,456,3,5,3,3,4,5,5,4,4,3,4,3,3,3.77,0,0,FALSE
Female,Loyal Customer,7,Personal Travel,Business,236,3,5,0,4,3,0,2,3,5,3,5,3,3,3,0,0,FALSE
Male,Loyal Customer,24,Personal Travel,Eco Plus,907,3,4,3,3,3,3,1,3,5,5,4,5,3,3.46,50,35,FALSE
Male,Loyal Customer,58,Personal Travel,Eco,1428,2,2,2,4,1,2,1,1,4,4,4,1,1,2.23,54,37,FALSE
Female,Loyal Customer,50,Business Travel,Business,2624,2,2,2,2,4,5,5,5,5,5,5,3,4,3.77,9,30,TRUE
Female,Disloyal Customer,29,Business Travel,Business,109,3,3,3,4,4,3,3,4,4,3,5,3,4,3.54,3,2,FALSE
Male,Loyal Customer,30,Personal Travel,Eco,689,2,1,2,3,4,2,4,4,1,1,3,4,4,2.69,0,0,FALSE
Male,Loyal Customer,44,Personal Travel,Eco,2174,3,4,3,3,3,3,3,3,2,1,4,3,3,2.92,0,0,FALSE
Male,Loyal Customer,31,Personal Travel,Eco,230,1,5,0,1,4,0,4,4,5,5,4,4,4,3.15,58,43,FALSE
Female,Loyal Customer,50,Business Travel,Eco,1242,5,4,5,4,5,4,4,2,2,5,5,4,4,4.08,134,147,TRUE
Female,Loyal Customer,61,Personal Travel,Eco Plus,546,2,4,2,5,3,4,2,2,2,2,2,2,5,2.85,55,53,FALSE
Female,Loyal Customer,64,Personal Travel,Eco,229,1,5,1,5,2,5,4,3,3,1,3,5,5,3.31,0,0,FALSE
Male,Loyal Customer,41,Business Travel,Business,667,5,5,4,5,2,4,4,4,4,4,4,3,4,4,0,0,TRUE
Female,Loyal Customer,43,Business Travel,Business,3166,2,2,2,2,2,5,4,4,4,4,4,4,3,3.23,8,0,TRUE
Male,Loyal Customer,52,Business Travel,Business,1735,3,3,3,3,3,4,4,4,4,4,4,5,4,3.69,0,5,TRUE
Male,Loyal Customer,53,Personal Travel,Eco,852,2,4,2,2,1,2,1,1,3,3,4,4,1,2.31,11,16,FALSE
Female,Loyal Customer,39,Personal Travel,Eco,248,1,4,0,3,1,0,5,1,4,4,4,4,1,2.46,0,0,FALSE
Female,Loyal Customer,35,Business Travel,Business,190,2,2,2,2,4,2,4,5,5,5,5,3,1,3.23,0,0,TRUE
Female,Loyal Customer,45,Business Travel,Business,157,2,2,2,2,3,4,5,5,5,5,5,5,3,3.69,0,0,TRUE
Female,Loyal Customer,36,Business Travel,Eco Plus,1488,1,4,4,4,1,1,1,1,1,2,4,3,1,2.15,3,0,FALSE
Male,Loyal Customer,39,Business Travel,Business,226,0,0,0,5,4,4,5,2,2,2,2,4,5,2.69,8,0,TRUE
Male,Loyal Customer,50,Business Travel,Business,2204,2,2,2,2,5,5,4,2,2,2,2,4,5,3,0,4,TRUE
Female,Loyal Customer,61,Business Travel,Eco,458,4,4,4,4,2,4,3,4,4,4,4,5,3,3.77,0,0,TRUE
Female,Loyal Customer,52,Business Travel,Business,2579,2,2,2,2,3,3,5,5,5,5,5,5,1,3.46,0,0,TRUE
Male,Loyal Customer,9,Personal Travel,Eco,337,3,3,3,4,3,3,3,3,4,1,3,4,3,3.08,10,2,FALSE
Male,Loyal Customer,11,Personal Travel,Eco Plus,1010,3,2,3,3,4,3,4,4,1,4,2,2,4,3,45,43,FALSE
Male,Loyal Customer,69,Personal Travel,Eco,1411,3,2,3,4,3,3,1,3,1,3,4,1,3,2.62,0,0,FALSE
Female,Loyal Customer,40,Business Travel,Business,2561,2,2,2,2,4,4,5,3,3,3,3,5,5,3.31,0,0,TRUE
Female,Loyal Customer,41,Personal Travel,Eco,1546,3,4,3,4,3,1,1,2,5,4,3,1,1,2.69,132,145,FALSE
Female,Disloyal Customer,28,Business Travel,Eco,896,1,2,2,5,2,2,1,2,3,3,1,1,2,2.08,2,8,FALSE
Female,Loyal Customer,58,Personal Travel,Eco,679,3,4,4,1,5,5,2,5,5,4,1,5,3,3.62,4,3,FALSE
Male,Loyal Customer,35,Personal Travel,Eco,1749,2,2,2,4,3,2,5,3,4,3,3,3,3,3,17,0,FALSE
Male,Disloyal Customer,30,Business Travel,Eco,289,2,2,2,3,4,2,3,4,2,2,3,3,4,2.77,0,0,FALSE
Male,Loyal Customer,50,Business Travel,Business,3298,2,2,2,2,1,3,3,4,4,4,4,4,2,2.85,0,0,TRUE
Female,Loyal Customer,62,Personal Travel,Eco,1256,3,4,3,3,2,3,4,3,3,3,3,5,5,3.38,0,0,FALSE
Male,Loyal Customer,55,Business Travel,Business,125,2,2,2,2,4,4,4,4,4,4,5,3,5,3.46,0,0,TRUE
Male,Loyal Customer,22,Business Travel,Business,651,1,2,2,2,1,1,1,1,4,2,3,3,1,1.85,27,25,FALSE
Male,Loyal Customer,59,Personal Travel,Eco,391,1,5,1,1,1,1,1,1,5,4,4,3,1,2.23,21,22,FALSE
Female,Loyal Customer,29,Personal Travel,Eco,369,2,1,5,3,5,5,5,5,2,4,3,4,5,3.77,0,0,FALSE
Male,Loyal Customer,31,Personal Travel,Eco Plus,1144,2,5,2,2,4,2,4,4,3,3,5,5,4,3.46,0,0,FALSE
Female,Disloyal Customer,37,Business Travel,Eco,894,3,3,3,1,2,3,2,2,1,1,3,2,2,2.15,0,0,FALSE
Female,Loyal Customer,51,Business Travel,Business,133,0,5,0,5,2,4,5,5,5,5,5,5,3,3.77,38,66,TRUE
Male,Loyal Customer,57,Personal Travel,Eco,895,3,4,3,3,1,3,1,1,5,3,4,5,1,2.85,0,0,FALSE
Female,Disloyal Customer,43,Business Travel,Eco,184,2,3,2,2,5,2,5,5,4,2,3,1,5,3.15,0,0,FALSE
Male,Loyal Customer,63,Business Travel,Business,1005,1,5,5,5,2,3,4,1,1,1,1,2,1,2.46,3,0,FALSE
Female,Disloyal Customer,30,Business Travel,Business,1558,5,5,5,1,4,5,4,4,4,3,5,5,4,4.15,0,0,TRUE
Male,Disloyal Customer,41,Business Travel,Business,328,3,4,4,3,3,4,5,3,5,5,4,5,5,4.08,206,208,TRUE
Male,Loyal Customer,41,Business Travel,Eco,156,2,5,5,5,2,2,2,2,4,1,4,5,2,3.15,36,28,TRUE
Female,Disloyal Customer,32,Business Travel,Business,733,3,3,3,2,4,3,4,4,4,3,5,4,4,3.54,0,0,FALSE
Male,Disloyal Customer,59,Business Travel,Business,271,1,1,1,3,1,1,1,1,1,5,4,3,1,1.85,0,8,FALSE
Female,Loyal Customer,42,Business Travel,Business,522,5,2,5,5,5,4,4,5,5,5,5,4,4,4.46,1,0,TRUE
Female,Loyal Customer,29,Business Travel,Business,1670,4,2,2,2,4,4,4,4,2,1,4,4,4,3.15,2,30,FALSE
Female,Loyal Customer,15,Personal Travel,Eco,925,1,4,1,3,1,1,1,1,5,2,4,5,1,2.31,7,0,FALSE
Female,Disloyal Customer,35,Business Travel,Business,2586,2,1,1,2,2,1,4,2,5,3,4,5,2,2.62,32,4,FALSE
Male,Disloyal Customer,52,Business Travel,Eco,526,3,0,4,4,2,4,2,2,2,4,4,5,2,2.92,0,0,FALSE
Female,Loyal Customer,46,Business Travel,Business,2099,3,3,3,3,3,4,4,4,4,4,4,5,3,3.62,49,40,TRUE
Female,Loyal Customer,30,Business Travel,Business,1545,3,3,4,3,5,5,5,5,2,4,5,2,5,3.92,0,11,TRUE
Male,Loyal Customer,41,Business Travel,Business,584,1,1,1,1,2,5,5,5,5,5,5,3,5,3.38,12,5,TRUE
Male,Disloyal Customer,42,Business Travel,Eco,1419,3,3,3,3,1,3,1,1,4,5,2,4,1,2.62,0,0,FALSE
Male,Loyal Customer,24,Business Travel,Eco Plus,954,3,4,4,4,3,3,1,3,4,3,3,1,3,3,0,0,FALSE
Male,Loyal Customer,59,Business Travel,Business,3644,3,3,3,3,4,5,5,5,5,5,5,4,3,4.08,0,6,TRUE
Female,Loyal Customer,49,Business Travel,Business,2529,1,1,1,1,5,5,4,5,5,4,5,3,4,3.38,15,0,TRUE
Male,Loyal Customer,60,Business Travel,Eco,1120,5,1,1,1,5,5,5,5,3,3,5,4,5,3.69,12,0,TRUE
Female,Disloyal Customer,39,Business Travel,Business,177,1,1,1,4,1,1,1,1,4,1,2,5,1,1.85,0,0,FALSE
Male,Loyal Customer,39,Business Travel,Business,530,1,4,3,4,3,4,3,1,1,1,1,4,3,2.54,0,0,FALSE
Male,Loyal Customer,51,Business Travel,Eco,1598,3,5,5,5,3,3,3,3,3,1,1,4,3,3.23,0,16,FALSE
Female,Loyal Customer,42,Business Travel,Business,2154,2,2,2,2,3,5,5,2,2,2,2,4,5,2.92,0,10,TRUE
Female,Loyal Customer,33,Business Travel,Eco,160,3,5,5,5,3,3,3,3,2,5,1,2,3,3.31,61,59,FALSE
Female,Loyal Customer,33,Business Travel,Eco Plus,416,0,0,0,2,4,0,4,4,4,4,5,1,4,2.46,0,0,TRUE
Male,Loyal Customer,48,Business Travel,Business,3816,3,2,4,2,2,3,4,3,3,3,3,1,2,2.69,2,0,FALSE
Female,Loyal Customer,24,Business Travel,Eco,191,2,4,1,4,2,2,2,2,3,2,4,3,2,2.54,2,6,FALSE
Male,Loyal Customer,47,Business Travel,Business,957,2,4,3,4,1,3,3,2,2,2,2,2,2,2.46,0,9,FALSE
Female,Loyal Customer,29,Personal Travel,Eco,1337,3,2,3,3,4,3,1,4,1,3,3,4,4,2.92,0,0,FALSE
Male,Loyal Customer,54,Business Travel,Business,3958,1,0,0,3,1,3,3,4,4,0,4,4,3,2.31,0,0,FALSE
Male,Loyal Customer,43,Business Travel,Eco,395,5,2,2,2,5,5,5,5,1,1,2,5,5,3.46,0,0,TRUE
Male,Loyal Customer,47,Personal Travel,Eco,495,5,5,5,2,4,5,4,4,3,5,4,4,4,4.15,4,1,TRUE
Male,Loyal Customer,51,Business Travel,Business,1895,1,4,4,4,1,3,3,3,3,3,1,3,1,2.62,0,0,FALSE
Female,Disloyal Customer,35,Business Travel,Eco,692,3,3,3,2,1,3,1,1,1,5,3,5,1,2.46,0,0,FALSE
Male,Loyal Customer,51,Business Travel,Business,3647,2,2,2,2,4,3,3,2,2,2,2,3,1,2.31,8,11,FALSE
Female,Disloyal Customer,56,Business Travel,Eco,102,1,2,1,3,1,1,1,1,3,4,3,4,1,2,0,0,FALSE
Female,Loyal Customer,60,Personal Travel,Eco,337,2,4,2,5,4,4,4,2,2,2,2,5,4,3.23,2,3,FALSE
Female,Disloyal Customer,27,Business Travel,Eco,874,1,1,1,4,5,1,5,5,1,4,3,2,5,2.92,27,15,FALSE
Female,Loyal Customer,34,Business Travel,Business,2596,1,1,1,1,5,5,4,4,4,4,4,5,3,3.23,57,53,TRUE
Male,Loyal Customer,27,Personal Travel,Eco,328,2,4,2,5,4,2,4,4,4,5,4,5,4,3.77,1,0,FALSE
Male,Loyal Customer,22,Personal Travel,Eco,1660,3,1,3,3,4,3,4,4,2,5,3,4,4,3.31,32,22,FALSE
Female,Loyal Customer,30,Business Travel,Business,1564,4,4,4,4,4,4,4,4,2,1,2,3,4,3.38,2,0,TRUE
Male,Loyal Customer,17,Personal Travel,Eco,201,3,1,0,2,3,0,3,3,1,2,2,3,3,2,4,3,FALSE
Female,Disloyal Customer,18,Business Travel,Eco,650,4,0,4,2,4,4,4,4,4,2,4,3,4,3.31,0,0,TRUE
Male,Loyal Customer,35,Business Travel,Eco,463,4,4,4,4,4,4,4,4,3,1,4,2,4,3.54,0,0,TRUE
Male,Loyal Customer,13,Personal Travel,Eco,239,3,5,3,2,4,3,4,4,1,4,4,1,4,3.23,4,0,FALSE
Female,Loyal Customer,42,Business Travel,Business,462,4,3,1,1,2,3,3,4,4,4,4,4,1,2.92,0,0,FALSE
Male,Loyal Customer,18,Personal Travel,Eco,200,2,5,2,3,1,2,1,1,3,5,1,5,1,2.46,0,0,FALSE
Male,Disloyal Customer,39,Business Travel,Business,468,3,3,3,3,2,3,5,2,3,5,5,3,2,3.23,43,48,FALSE
Male,Loyal Customer,35,Personal Travel,Eco,402,5,3,5,1,1,5,1,1,5,3,3,5,1,3,0,0,TRUE
Male,Disloyal Customer,29,Business Travel,Business,366,4,3,3,3,4,3,4,4,3,4,4,3,4,3.54,0,15,TRUE
Female,Loyal Customer,67,Personal Travel,Eco,632,5,5,5,4,4,5,5,2,2,5,2,4,4,4,0,0,TRUE
Male,Disloyal Customer,22,Business Travel,Business,214,5,0,5,5,3,5,3,3,5,4,4,3,3,3.69,54,53,TRUE
Female,Loyal Customer,33,Business Travel,Eco,312,1,1,1,1,1,1,1,1,1,5,3,4,1,1.69,0,0,FALSE
Female,Loyal Customer,26,Personal Travel,Eco,594,3,4,3,4,1,3,1,1,1,5,3,1,1,2.38,0,0,FALSE
Male,Disloyal Customer,35,Business Travel,Business,2295,1,1,1,1,2,1,2,2,4,4,5,3,2,2.23,12,14,FALSE
Male,Loyal Customer,23,Business Travel,Eco,639,5,2,2,2,5,5,5,5,2,2,1,1,5,3.23,2,1,TRUE
Female,Loyal Customer,55,Business Travel,Business,1788,3,3,3,3,5,5,4,4,4,4,4,5,5,4,0,0,TRUE
Female,Loyal Customer,46,Personal Travel,Eco,366,2,5,2,4,4,5,3,3,3,2,1,1,2,2.85,0,0,FALSE
Male,Loyal Customer,54,Personal Travel,Eco,919,3,4,3,2,5,3,4,5,5,5,4,5,5,4.08,0,0,FALSE
Female,Loyal Customer,58,Business Travel,Eco,262,4,4,4,4,2,4,3,4,4,4,4,2,2,3.46,0,0,TRUE
Male,Loyal Customer,26,Personal Travel,Eco,488,3,5,3,2,5,3,5,5,5,5,5,4,5,4.23,0,2,FALSE
Female,Loyal Customer,56,Personal Travel,Eco,304,4,2,4,4,1,3,4,3,3,4,3,2,1,2.92,4,0,TRUE
Female,Loyal Customer,34,Personal Travel,Eco,301,2,4,2,2,3,2,3,3,4,4,4,4,3,3.08,3,36,FALSE
Male,Loyal Customer,40,Business Travel,Business,404,1,1,4,1,2,4,5,3,3,4,3,3,3,2.85,0,0,TRUE
Female,Loyal Customer,52,Business Travel,Business,683,1,1,1,1,5,5,5,3,1,4,5,5,5,3.23,242,263,TRUE
Female,Loyal Customer,32,Business Travel,Business,3226,3,3,1,3,5,5,5,5,4,4,5,4,5,4,0,0,TRUE
Female,Disloyal Customer,28,Business Travel,Business,2565,4,5,5,5,4,5,4,4,4,3,4,5,4,4.31,0,0,FALSE
Male,Disloyal Customer,36,Business Travel,Eco,874,3,4,4,3,1,4,4,1,5,5,2,3,1,3.08,30,18,FALSE
Female,Disloyal Customer,44,Business Travel,Eco,337,1,3,1,3,5,1,5,5,4,4,2,2,5,3.15,0,0,FALSE
Male,Loyal Customer,29,Personal Travel,Eco,1246,1,5,1,4,2,1,1,2,3,5,4,5,2,2.77,8,18,FALSE
Male,Loyal Customer,36,Personal Travel,Eco,1080,3,4,3,4,2,3,2,2,4,3,4,5,2,3.15,105,89,FALSE
Female,Loyal Customer,21,Business Travel,Business,2682,2,2,2,2,5,5,5,3,2,4,5,5,5,3.62,153,141,TRUE
Female,Loyal Customer,58,Personal Travel,Eco,534,3,4,3,2,4,5,4,2,2,3,2,4,5,3.31,0,0,FALSE
Female,Loyal Customer,47,Business Travel,Business,1947,2,2,5,2,3,3,5,4,4,4,4,5,5,3.69,5,0,TRUE
Female,Loyal Customer,50,Business Travel,Eco,212,5,2,2,2,2,3,2,5,5,5,5,1,5,3.38,62,53,TRUE
Female,Loyal Customer,57,Business Travel,Business,3938,3,1,1,1,4,4,4,3,3,2,3,3,4,2.77,0,6,FALSE
Female,Loyal Customer,8,Personal Travel,Eco,759,1,5,1,3,1,1,1,1,3,4,5,4,1,2.38,0,0,FALSE
Male,Loyal Customer,43,Business Travel,Business,3716,0,4,0,3,5,3,1,4,4,3,3,2,1,2.54,0,0,TRUE
Female,Loyal Customer,40,Personal Travel,Business,677,3,3,3,3,4,3,4,3,3,3,2,3,4,3.15,0,0,FALSE
Female,Disloyal Customer,25,Business Travel,Business,640,4,4,4,3,1,4,1,1,5,2,4,5,1,3,81,73,TRUE
Male,Loyal Customer,41,Personal Travel,Eco,1027,1,5,1,2,3,1,1,3,3,4,5,5,3,2.85,0,0,FALSE
Female,Loyal Customer,36,Business Travel,Business,3129,4,3,3,3,4,4,3,4,4,4,4,3,3,3.54,26,29,FALSE
Female,Loyal Customer,44,Business Travel,Business,594,2,5,5,5,1,1,1,2,2,2,2,3,1,2.46,0,8,FALSE
Female,Disloyal Customer,41,Business Travel,Business,557,3,3,3,3,5,3,2,5,1,5,4,4,5,3.54,21,9,FALSE
Female,Loyal Customer,60,Personal Travel,Eco,853,4,4,4,2,2,4,4,3,3,4,2,5,3,3.38,11,7,FALSE
Female,Loyal Customer,50,Business Travel,Business,2042,3,4,4,4,3,3,3,4,1,3,3,3,3,3.15,0,0,FALSE
Female,Loyal Customer,37,Business Travel,Eco,1217,1,0,0,3,1,0,1,1,1,2,4,1,1,1.23,0,0,FALSE
Male,Loyal Customer,40,Business Travel,Business,1546,1,1,2,1,3,5,5,5,5,5,5,4,4,3.54,1,0,TRUE
Male,Loyal Customer,41,Personal Travel,Eco,192,1,3,0,5,3,0,3,3,4,3,1,2,3,2.38,0,0,FALSE
Male,Loyal Customer,42,Business Travel,Eco,850,5,1,3,3,5,5,5,5,5,2,3,1,5,3.69,27,35,TRUE
Female,Loyal Customer,77,Business Travel,Eco Plus,175,1,5,5,5,2,3,3,2,2,1,2,4,1,2.77,57,52,FALSE
Female,Loyal Customer,59,Business Travel,Business,3036,4,4,4,4,3,4,4,5,5,5,5,3,3,4.08,15,16,TRUE
Male,Loyal Customer,53,Personal Travel,Eco,414,2,5,5,4,1,5,1,1,5,2,2,4,1,2.92,57,45,FALSE
Male,Loyal Customer,57,Business Travel,Eco,109,2,1,1,1,2,2,2,2,2,2,4,5,2,2.15,7,11,TRUE
Female,Loyal Customer,41,Business Travel,Eco,331,4,4,4,4,4,4,4,4,1,4,1,3,4,3.46,0,0,TRUE
Female,Loyal Customer,59,Business Travel,Eco,323,1,1,1,1,1,1,1,4,3,4,3,1,1,1.77,150,153,FALSE
Male,Loyal Customer,24,Personal Travel,Eco Plus,920,2,3,2,4,4,2,4,4,3,2,3,3,4,3.08,0,5,FALSE
Male,Loyal Customer,58,Personal Travel,Eco,1121,2,4,2,1,1,2,1,1,3,2,4,5,1,2.23,0,0,FALSE
Male,Disloyal Customer,22,Business Travel,Eco,534,2,3,2,4,3,2,3,3,3,2,2,1,3,2.54,0,0,FALSE
Female,Loyal Customer,43,Personal Travel,Business,1024,3,5,3,2,2,3,4,2,2,3,2,4,2,2.85,0,21,FALSE
Male,Loyal Customer,16,Personal Travel,Eco,517,3,5,3,2,2,3,2,2,4,5,5,4,2,3.23,0,8,FALSE
Male,Loyal Customer,41,Business Travel,Business,590,2,2,2,2,3,5,4,5,5,5,5,5,3,3.69,45,50,TRUE
Female,Loyal Customer,38,Personal Travel,Eco,562,2,1,2,2,5,2,4,5,3,3,2,1,5,2.85,0,6,FALSE
Male,Loyal Customer,32,Personal Travel,Eco,611,3,4,3,4,4,3,5,4,3,2,4,5,4,3.69,0,0,FALSE
Male,Loyal Customer,33,Business Travel,Business,173,4,4,4,4,5,5,5,5,5,3,4,5,5,4.46,0,0,TRUE
Female,Loyal Customer,23,Personal Travel,Eco,290,2,5,2,1,3,2,2,3,5,5,4,3,3,3.08,0,0,FALSE
Male,Loyal Customer,45,Personal Travel,Business,1061,1,4,1,2,5,5,4,2,2,1,2,3,4,2.77,0,0,FALSE
Male,Loyal Customer,13,Personal Travel,Eco,986,3,5,4,3,3,4,3,3,3,3,4,5,3,3.54,22,14,FALSE
Female,Loyal Customer,43,Business Travel,Eco,406,4,4,4,4,3,3,3,4,4,4,4,1,3,3.46,0,15,FALSE
Female,Loyal Customer,43,Business Travel,Business,1805,5,5,5,5,3,5,5,4,4,4,4,4,3,4.31,77,86,TRUE
Male,Loyal Customer,61,Business Travel,Business,1524,2,2,2,2,3,5,5,2,2,2,2,5,3,2.85,0,0,TRUE
Female,Loyal Customer,62,Personal Travel,Business,140,1,4,1,5,4,5,4,4,4,1,4,2,5,3.38,0,0,FALSE
Male,Loyal Customer,39,Business Travel,Business,1021,3,3,3,3,3,5,4,4,4,4,4,4,3,3.62,0,0,TRUE
Female,Loyal Customer,67,Personal Travel,Eco,1121,2,5,2,4,4,5,4,3,3,2,3,4,5,3.54,38,24,FALSE
Female,Loyal Customer,52,Business Travel,Business,2722,5,5,5,5,5,4,4,2,2,2,2,3,4,3.69,0,0,TRUE
Female,Loyal Customer,43,Business Travel,Eco,425,2,3,3,3,3,4,3,2,2,2,2,2,1,2.46,33,28,FALSE
Female,Disloyal Customer,22,Business Travel,Eco,280,4,2,4,4,3,4,3,3,1,4,4,2,3,3.15,17,43,FALSE
Female,Disloyal Customer,20,Business Travel,Eco,346,4,0,4,2,1,4,1,1,3,5,5,2,1,2.54,1,0,TRUE
Female,Loyal Customer,57,Business Travel,Business,2939,0,0,0,2,2,4,4,3,3,3,3,5,4,2.54,0,0,TRUE
Male,Loyal Customer,33,Personal Travel,Eco,1533,2,5,2,4,5,2,5,5,3,5,3,5,5,3.92,0,0,FALSE
Female,Loyal Customer,62,Business Travel,Eco,190,3,4,4,4,5,4,3,3,3,3,3,2,2,3.31,10,13,FALSE
Male,Loyal Customer,26,Business Travel,Eco,280,2,1,4,1,2,2,3,2,3,5,3,2,2,2.46,0,0,FALSE
Male,Loyal Customer,14,Personal Travel,Eco,762,3,4,3,2,1,3,5,1,4,5,4,5,1,3.15,0,0,FALSE
Female,Loyal Customer,47,Business Travel,Business,358,2,2,2,2,3,4,4,4,4,4,4,4,4,3.31,0,0,TRUE
Female,Disloyal Customer,22,Business Travel,Eco,1303,2,2,2,1,3,2,3,3,5,4,3,4,3,2.85,0,0,FALSE
Female,Loyal Customer,11,Personal Travel,Eco Plus,833,2,5,2,1,3,2,2,3,5,5,4,5,3,3.23,0,0,FALSE
Female,Loyal Customer,53,Personal Travel,Eco,393,3,4,3,1,4,5,5,3,3,3,4,4,3,3.46,0,1,FALSE
Female,Loyal Customer,60,Business Travel,Business,1303,3,3,2,3,5,5,5,3,3,3,3,4,5,3.62,0,0,TRUE
Female,Loyal Customer,17,Personal Travel,Eco,1035,1,3,1,3,5,1,5,5,3,3,3,3,5,3.15,16,18,FALSE
Female,Loyal Customer,34,Business Travel,Eco,775,3,4,4,4,3,3,3,3,1,3,4,3,3,3.15,64,60,FALSE
Female,Loyal Customer,63,Business Travel,Business,308,0,0,0,1,3,5,4,5,5,2,2,2,2,2.38,0,7,TRUE
Male,Loyal Customer,59,Personal Travel,Eco,1220,4,2,4,3,1,4,1,1,4,4,2,4,1,2.69,0,0,FALSE
Female,Loyal Customer,44,Business Travel,Business,2938,3,3,3,3,2,4,5,2,2,2,2,3,5,3,5,0,TRUE
Male,Loyal Customer,16,Personal Travel,Eco Plus,163,3,4,3,2,5,3,1,5,5,2,5,3,5,3.54,6,4,FALSE
Female,Disloyal Customer,24,Business Travel,Eco,248,2,1,2,4,2,2,2,2,2,2,3,1,2,2.08,0,0,FALSE
Male,Loyal Customer,54,Personal Travel,Eco,496,1,4,5,2,1,5,1,1,3,2,5,3,1,2.62,0,0,FALSE
Female,Disloyal Customer,38,Business Travel,Eco,214,3,2,3,4,5,3,3,5,4,2,4,1,5,3.38,71,68,FALSE
Male,Loyal Customer,54,Personal Travel,Eco,1199,3,3,4,2,1,4,1,1,2,5,3,4,1,2.62,4,0,FALSE
Female,Loyal Customer,22,Personal Travel,Eco,806,4,5,4,2,5,4,5,5,1,2,5,3,5,3.85,6,0,FALSE
Female,Loyal Customer,57,Business Travel,Business,1814,5,5,3,5,3,4,5,4,4,4,4,3,3,4,0,0,TRUE
Male,Loyal Customer,23,Personal Travel,Eco,283,2,2,2,4,1,2,3,1,1,1,3,4,1,2.08,7,3,FALSE
Female,Disloyal Customer,30,Business Travel,Eco,817,3,3,3,4,1,3,1,1,1,3,4,1,1,2.23,0,0,FALSE
Male,Loyal Customer,56,Business Travel,Business,1593,4,4,4,4,5,4,5,3,3,3,3,5,4,3.92,0,0,TRUE
Male,Disloyal Customer,24,Business Travel,Eco,610,2,0,2,4,3,2,3,3,4,5,2,2,3,2.69,0,0,FALSE
Male,Loyal Customer,30,Business Travel,Business,157,2,2,2,2,4,4,3,4,3,5,5,4,4,3.38,2,0,TRUE
Female,Loyal Customer,51,Business Travel,Eco,721,4,4,4,4,3,5,5,4,4,4,4,2,5,4,3,2,TRUE
Female,Disloyal Customer,40,Business Travel,Business,108,3,3,3,4,5,3,5,5,1,3,4,4,5,3.69,0,0,FALSE
Male,Loyal Customer,50,Business Travel,Business,2378,1,1,1,1,5,4,5,4,4,4,4,4,3,3.15,28,25,TRUE
Male,Loyal Customer,9,Personal Travel,Eco,408,4,5,4,2,2,4,2,2,3,5,5,5,2,3.46,0,0,FALSE
Female,Loyal Customer,35,Personal Travel,Eco,1076,2,4,1,5,5,1,5,5,5,3,4,3,5,3.69,5,0,FALSE
Female,Loyal Customer,70,Personal Travel,Eco,475,1,4,1,1,1,5,5,1,1,1,1,5,5,2.46,63,50,FALSE
Female,Disloyal Customer,56,Business Travel,Eco,691,2,2,2,5,1,2,2,1,5,5,2,1,1,2.38,4,0,FALSE
Female,Loyal Customer,17,Business Travel,Business,3880,2,5,5,5,2,2,2,2,4,1,3,1,2,2.77,0,0,FALSE
Female,Loyal Customer,16,Personal Travel,Eco Plus,874,3,2,3,4,1,3,1,1,2,3,3,2,1,2.23,3,16,FALSE
Male,Disloyal Customer,36,Business Travel,Business,283,3,3,3,4,5,3,5,5,3,1,4,1,5,3.46,0,0,FALSE
Female,Loyal Customer,19,Personal Travel,Eco,363,3,5,3,3,5,3,5,5,5,3,5,5,5,4.23,0,0,FALSE
Male,Loyal Customer,34,Business Travel,Business,1846,3,3,3,3,3,4,5,4,4,4,4,4,5,3.77,1,0,TRUE
Female,Loyal Customer,52,Business Travel,Business,1188,3,2,2,2,4,3,2,3,3,3,3,4,4,2.92,0,12,FALSE
Male,Loyal Customer,40,Business Travel,Business,3160,4,3,4,4,2,4,5,5,5,5,5,3,4,4.08,0,0,TRUE
Female,Loyal Customer,40,Business Travel,Business,2405,2,2,2,2,3,5,5,4,4,4,4,3,3,3.31,35,40,TRUE
Female,Disloyal Customer,50,Business Travel,Eco,689,2,2,2,4,4,2,2,4,4,2,3,3,4,2.92,4,3,FALSE
Female,Loyal Customer,50,Personal Travel,Eco,239,2,5,0,1,4,4,4,5,5,0,5,4,5,3.38,19,16,FALSE
Female,Loyal Customer,72,Business Travel,Eco,1452,3,1,5,5,3,2,2,3,3,3,3,1,2,2.77,0,8,FALSE
Male,Disloyal Customer,22,Business Travel,Eco,1050,1,1,1,2,4,1,4,4,2,3,1,4,4,2.46,0,32,FALSE
Male,Loyal Customer,32,Business Travel,Eco Plus,151,1,5,5,5,1,1,1,1,4,2,4,2,1,2.54,0,0,FALSE
Female,Loyal Customer,43,Business Travel,Eco,1208,5,1,4,1,4,3,5,5,5,5,5,1,5,3.77,16,0,TRUE
Female,Loyal Customer,30,Personal Travel,Eco,828,3,5,3,3,5,3,5,5,5,5,5,5,5,4.38,22,39,FALSE
Female,Loyal Customer,23,Business Travel,Business,1927,2,2,2,2,4,4,4,4,5,4,3,4,4,3.38,21,24,TRUE
Male,Disloyal Customer,20,Business Travel,Eco,2565,3,3,3,1,3,5,5,4,5,4,4,5,5,3.85,0,0,FALSE
Female,Disloyal Customer,30,Business Travel,Eco,1445,3,3,3,3,5,3,2,5,2,4,2,1,5,3.15,19,16,FALSE
Male,Loyal Customer,52,Personal Travel,Eco,896,3,4,3,1,3,3,3,3,3,1,1,4,3,2.69,0,9,FALSE
Male,Loyal Customer,51,Business Travel,Business,3013,2,2,5,2,4,5,4,5,5,5,5,3,3,3.85,96,88,TRUE
Female,Disloyal Customer,28,Business Travel,Business,2342,4,3,3,3,3,3,1,3,5,2,3,4,3,3.08,0,5,TRUE
Male,Loyal Customer,50,Business Travel,Eco,584,5,1,1,1,5,5,5,5,4,1,3,3,5,3.38,0,0,TRUE
Male,Loyal Customer,47,Business Travel,Business,3907,5,5,4,5,3,5,5,5,5,5,5,3,5,4.62,0,0,TRUE
Female,Loyal Customer,56,Business Travel,Business,544,4,4,4,4,3,5,4,4,4,4,4,3,5,4,8,10,TRUE
Male,Loyal Customer,20,Business Travel,Business,484,3,3,3,3,3,3,3,3,4,1,4,1,3,2.85,0,0,FALSE
Female,Loyal Customer,43,Business Travel,Business,2901,5,2,5,5,5,4,4,5,5,5,5,5,4,4.54,68,73,TRUE
Male,Loyal Customer,54,Business Travel,Business,1588,1,1,1,1,5,5,5,3,3,3,3,4,3,2.92,1,3,TRUE
Male,Loyal Customer,20,Personal Travel,Eco,1147,2,4,2,2,5,2,5,5,5,3,3,3,5,3.54,0,36,FALSE
Male,Loyal Customer,70,Business Travel,Business,830,3,3,3,3,5,5,5,5,2,1,2,5,5,3.62,0,0,TRUE
Male,Loyal Customer,49,Personal Travel,Eco,295,2,4,2,1,2,2,4,2,3,2,5,4,2,2.69,0,0,FALSE
Female,Loyal Customer,43,Business Travel,Business,1677,4,4,4,4,5,4,4,5,5,4,5,4,5,4.38,0,4,TRUE
Male,Loyal Customer,16,Personal Travel,Eco,247,4,5,4,4,1,4,1,1,5,3,5,3,1,3.15,0,0,FALSE
Female,Loyal Customer,46,Business Travel,Business,803,3,1,1,1,1,3,3,3,3,3,3,3,1,2.23,0,7,FALSE
Male,Loyal Customer,39,Business Travel,Business,895,2,2,2,2,3,5,2,4,4,4,4,4,2,3.08,64,56,TRUE
Female,Loyal Customer,10,Personal Travel,Business,177,3,4,3,2,1,3,1,1,2,3,1,2,1,2.08,0,0,FALSE
Male,Loyal Customer,32,Personal Travel,Eco,405,3,2,3,3,4,3,4,4,2,1,3,4,4,3.08,0,2,FALSE
Male,Loyal Customer,46,Personal Travel,Eco,862,1,4,1,4,3,1,3,3,3,4,5,5,3,3.08,0,0,FALSE
Female,Disloyal Customer,34,Business Travel,Eco,266,3,0,3,3,2,3,2,2,4,3,3,4,2,2.62,0,0,FALSE
Male,Loyal Customer,15,Business Travel,Business,2131,2,2,2,2,2,2,2,2,3,5,3,2,2,2.38,32,33,FALSE
Male,Loyal Customer,16,Business Travel,Business,771,1,3,3,3,1,1,1,1,2,2,4,2,1,1.92,0,7,FALSE
Female,Loyal Customer,17,Personal Travel,Eco,308,2,3,2,3,5,2,4,5,2,1,3,2,5,3,15,11,FALSE
Male,Loyal Customer,22,Business Travel,Business,1372,4,2,2,2,4,3,4,4,1,1,4,2,4,2.85,0,0,FALSE
Female,Loyal Customer,38,Personal Travel,Eco,502,2,5,4,1,1,4,2,1,3,2,4,4,1,2.62,28,19,FALSE
Female,Loyal Customer,55,Business Travel,Business,3942,3,3,3,3,2,5,5,5,5,5,5,4,3,3.92,0,0,TRUE
Male,Loyal Customer,20,Personal Travel,Eco,349,3,4,3,4,3,3,3,3,3,4,5,4,3,3.46,2,2,FALSE
Female,Loyal Customer,68,Personal Travel,Eco,989,1,4,1,1,5,4,4,5,5,1,5,5,4,3.46,0,0,FALSE
Female,Loyal Customer,42,Personal Travel,Eco,230,3,2,3,4,3,4,4,5,5,3,5,4,3,3.69,5,11,FALSE
Female,Loyal Customer,55,Business Travel,Eco,216,3,3,3,3,5,3,4,2,2,3,2,3,1,2.85,0,4,FALSE
Female,Disloyal Customer,22,Business Travel,Business,588,4,4,4,5,5,4,5,5,4,1,3,5,5,4.15,0,2,TRUE
Male,Loyal Customer,67,Personal Travel,Eco,373,4,3,4,3,1,4,1,1,4,4,2,3,1,2.69,0,0,FALSE
Female,Loyal Customer,11,Personal Travel,Eco,209,3,5,3,1,5,3,5,5,3,1,5,1,5,3.46,42,56,FALSE
Male,Loyal Customer,42,Personal Travel,Eco,1747,1,2,1,4,3,1,3,3,4,2,4,2,3,2.54,0,0,FALSE
Female,Loyal Customer,54,Personal Travel,Business,1119,3,5,3,4,2,5,4,1,1,3,1,4,4,3.08,12,4,FALSE
Female,Loyal Customer,30,Business Travel,Business,2430,3,3,3,3,4,4,4,4,5,3,5,4,4,3.77,0,7,TRUE
Male,Loyal Customer,22,Personal Travel,Eco,187,2,5,2,4,1,2,1,1,5,4,5,5,1,2.92,0,0,FALSE
Male,Loyal Customer,59,Business Travel,Business,3091,1,1,1,1,5,5,4,5,5,5,5,4,3,3.46,0,0,TRUE
Male,Disloyal Customer,25,Business Travel,Business,358,4,0,4,4,4,4,4,4,3,5,4,4,4,3.69,16,15,TRUE
Female,Loyal Customer,41,Business Travel,Business,468,2,2,2,2,4,4,5,4,4,4,4,3,5,3.46,0,2,TRUE
Male,Disloyal Customer,29,Business Travel,Eco,1464,4,4,4,4,4,4,4,4,3,1,1,2,4,3.31,9,2,FALSE
Female,Disloyal Customer,29,Business Travel,Eco,846,2,2,2,4,1,2,1,1,3,1,3,2,1,1.92,0,6,FALSE
Male,Loyal Customer,38,Business Travel,Business,370,2,2,2,2,4,4,4,3,3,4,3,3,1,2.85,7,10,TRUE
Male,Loyal Customer,20,Business Travel,Business,3370,5,5,5,5,4,5,4,4,5,4,4,5,4,4.54,1,0,TRUE
Male,Loyal Customer,25,Personal Travel,Eco,1487,4,5,4,2,5,4,5,5,4,5,5,4,5,4.38,0,0,TRUE
Female,Disloyal Customer,26,Business Travel,Eco,137,1,1,1,3,1,1,1,1,2,4,3,3,1,1.77,57,55,FALSE
Female,Loyal Customer,56,Business Travel,Eco,436,2,1,1,1,5,1,2,2,2,2,2,2,3,2,0,12,FALSE
Female,Loyal Customer,41,Business Travel,Business,2556,5,5,5,5,5,5,5,5,2,4,5,5,5,4.69,14,38,TRUE
Female,Loyal Customer,29,Business Travel,Business,1742,1,1,1,1,1,1,1,1,2,3,4,4,1,1.69,42,39,FALSE
Male,Loyal Customer,45,Business Travel,Business,534,5,5,5,5,5,4,4,5,5,5,5,3,5,4.69,0,0,TRUE
Male,Disloyal Customer,19,Business Travel,Eco,1353,4,5,5,5,3,4,3,3,4,3,3,4,3,3.77,3,5,FALSE
Male,Loyal Customer,16,Personal Travel,Eco,461,2,4,2,3,2,2,2,2,5,3,4,5,2,2.92,0,0,FALSE
Female,Loyal Customer,44,Personal Travel,Eco Plus,594,3,1,3,2,5,1,1,2,2,3,2,1,3,2.23,0,0,FALSE
Male,Loyal Customer,41,Business Travel,Eco,712,2,4,4,4,2,2,2,2,3,3,4,1,2,2.69,0,18,FALSE
Female,Disloyal Customer,19,Business Travel,Eco,440,4,0,4,3,1,4,1,1,4,5,4,5,1,2.85,0,0,TRUE
Male,Loyal Customer,60,Business Travel,Business,2521,1,1,1,1,5,4,4,5,2,5,4,4,4,3.15,0,9,TRUE
Male,Loyal Customer,33,Business Travel,Business,184,1,1,1,1,5,5,4,5,3,2,5,4,5,3.23,0,0,TRUE
Female,Loyal Customer,48,Business Travel,Business,1547,4,4,4,4,4,5,5,4,4,4,4,4,4,4.15,13,4,TRUE
Male,Loyal Customer,38,Business Travel,Eco,139,5,4,4,4,5,5,5,5,2,1,4,3,5,4,0,0,TRUE
Female,Loyal Customer,66,Personal Travel,Eco,563,2,3,2,3,2,3,3,1,1,2,2,1,4,2.23,9,0,FALSE
Male,Disloyal Customer,40,Business Travel,Business,327,5,5,5,1,5,5,5,5,3,2,5,3,5,4.15,5,0,TRUE
Female,Loyal Customer,45,Business Travel,Business,1933,2,2,2,2,3,2,4,3,3,4,3,4,5,3,0,0,TRUE
Female,Loyal Customer,51,Business Travel,Eco Plus,599,3,2,5,2,2,3,4,2,2,3,2,1,3,2.62,1,0,FALSE
Male,Loyal Customer,46,Business Travel,Business,297,3,3,3,3,5,4,4,3,3,3,3,4,4,3.46,20,32,FALSE
Female,Loyal Customer,72,Business Travel,Business,3779,3,2,2,2,1,2,3,3,3,3,3,2,4,2.54,0,0,FALSE
Male,Loyal Customer,68,Personal Travel,Eco,787,1,5,1,2,4,1,3,4,3,2,4,3,4,2.85,0,0,FALSE
Male,Loyal Customer,57,Business Travel,Business,3326,2,2,4,2,2,5,5,4,4,5,4,4,4,3.62,48,66,TRUE
Male,Loyal Customer,50,Business Travel,Eco Plus,200,5,5,5,5,5,5,5,5,5,2,3,1,5,4.31,0,0,TRUE
Male,Disloyal Customer,34,Business Travel,Eco,1112,2,2,2,3,5,2,5,5,2,3,4,1,5,3.15,0,0,FALSE
Male,Loyal Customer,36,Business Travel,Eco,697,3,4,4,4,3,3,3,3,4,3,4,3,3,3.38,18,4,FALSE
Male,Loyal Customer,38,Business Travel,Eco,447,2,2,2,2,2,2,2,2,2,3,4,4,2,2.38,5,6,FALSE
Male,Loyal Customer,52,Personal Travel,Eco,337,1,2,5,3,5,5,5,5,2,2,3,2,5,3.46,0,0,FALSE
Female,Loyal Customer,45,Business Travel,Eco Plus,354,4,4,4,4,1,4,2,4,4,4,4,2,5,3.54,0,5,TRUE
Female,Loyal Customer,40,Business Travel,Business,1182,1,4,4,4,4,3,4,1,1,1,1,3,4,2.69,0,0,FALSE
Female,Loyal Customer,43,Business Travel,Business,3159,4,4,3,4,4,4,5,5,5,5,5,3,3,4.15,0,0,TRUE
Male,Loyal Customer,21,Personal Travel,Eco,383,2,3,4,2,4,4,4,2,5,3,3,4,4,3.38,145,165,FALSE
Female,Loyal Customer,44,Business Travel,Business,3728,4,4,4,4,1,4,2,3,3,4,3,4,5,3.46,0,0,TRUE
Female,Loyal Customer,25,Business Travel,Business,1837,1,5,5,5,1,1,1,1,1,2,3,2,1,2.23,0,0,FALSE
Female,Loyal Customer,18,Business Travel,Business,1971,1,1,1,1,4,4,4,4,1,5,2,3,4,2.69,0,2,TRUE
Female,Loyal Customer,46,Business Travel,Business,3993,5,5,5,5,4,4,5,4,4,4,4,4,3,4.31,2,0,TRUE
Male,Disloyal Customer,16,Business Travel,Eco,181,4,0,3,1,2,3,2,2,3,2,4,3,2,2.38,0,0,TRUE
Male,Loyal Customer,50,Personal Travel,Eco,1491,2,4,2,3,4,2,4,4,4,2,3,3,4,3.15,0,4,FALSE
Female,Disloyal Customer,24,Business Travel,Eco,838,3,3,3,3,2,3,5,2,3,2,4,3,2,2.92,18,0,FALSE
Male,Loyal Customer,33,Personal Travel,Eco,647,2,4,2,5,1,2,1,1,5,3,5,4,1,2.77,48,45,FALSE
Male,Disloyal Customer,17,Business Travel,Business,223,4,1,4,4,4,4,4,4,2,1,4,3,4,3.31,0,0,FALSE
Female,Loyal Customer,44,Business Travel,Business,2690,4,4,4,4,5,4,4,4,4,4,4,3,3,3.92,0,0,TRUE
Male,Loyal Customer,33,Personal Travel,Business,130,2,2,0,2,1,0,1,1,4,5,3,4,1,2,0,0,FALSE
Male,Disloyal Customer,34,Business Travel,Business,1609,3,3,3,1,4,3,4,4,4,2,4,3,4,3.23,0,0,FALSE
Female,Loyal Customer,16,Personal Travel,Eco Plus,432,2,4,5,1,5,5,5,5,4,2,4,3,5,3.85,1,62,FALSE
Female,Disloyal Customer,25,Business Travel,Eco,231,4,2,4,3,4,4,4,4,4,4,3,3,4,3.62,0,0,FALSE
Male,Loyal Customer,39,Personal Travel,Eco,240,2,5,2,2,1,2,1,1,1,4,1,2,1,1.92,0,34,FALSE
Female,Loyal Customer,37,Business Travel,Business,543,2,2,3,2,4,5,5,5,5,5,5,3,3,3.77,2,3,TRUE
Male,Loyal Customer,52,Business Travel,Business,1235,1,1,1,1,3,4,4,5,5,5,5,4,5,3.38,0,0,TRUE
Female,Loyal Customer,44,Business Travel,Business,738,1,1,1,1,4,5,5,5,5,5,5,4,4,3.54,0,0,TRUE
Female,Loyal Customer,41,Business Travel,Business,594,2,2,2,2,5,5,4,5,5,4,5,5,3,3.77,0,0,TRUE
Male,Disloyal Customer,32,Business Travel,Business,301,1,1,1,4,1,1,1,1,4,5,4,4,1,2.23,0,0,FALSE
Female,Loyal Customer,61,Business Travel,Eco Plus,226,5,3,3,3,4,2,1,5,5,5,5,1,5,3.62,6,17,TRUE
Female,Loyal Customer,36,Business Travel,Business,204,0,3,0,2,4,1,1,5,5,2,2,5,2,2.46,0,0,TRUE
Female,Disloyal Customer,32,Business Travel,Eco,707,1,1,1,2,3,1,3,3,4,3,2,3,3,2.31,0,0,FALSE
Male,Disloyal Customer,22,Business Travel,Eco,563,1,3,2,2,3,2,3,3,1,5,2,4,3,2.62,0,10,FALSE
Male,Loyal Customer,45,Business Travel,Eco,209,2,5,5,5,3,2,3,3,1,5,3,4,3,3.38,67,53,FALSE
Male,Loyal Customer,42,Personal Travel,Eco,228,5,2,5,4,5,5,5,5,4,5,4,1,5,4.23,0,1,TRUE
Male,Loyal Customer,49,Personal Travel,Eco,1399,2,4,1,3,2,1,2,2,5,4,4,4,2,2.77,0,0,FALSE
Male,Loyal Customer,31,Business Travel,Business,547,3,3,3,3,5,5,5,5,4,3,4,3,5,3.92,3,8,TRUE
Female,Loyal Customer,52,Business Travel,Eco,529,1,2,5,2,3,3,2,1,1,1,1,2,1,1.92,0,0,FALSE
Male,Loyal Customer,56,Business Travel,Eco Plus,895,1,0,0,4,1,1,1,1,1,5,3,3,1,1.69,5,0,FALSE
Female,Loyal Customer,28,Personal Travel,Eco,1744,1,2,1,3,1,4,4,4,5,3,3,4,4,3,138,106,FALSE
Male,Loyal Customer,24,Personal Travel,Eco,715,2,4,2,4,5,2,5,5,4,2,5,3,5,3.69,4,0,FALSE
Male,Loyal Customer,69,Personal Travel,Eco,2288,4,3,4,2,4,5,5,2,2,1,3,5,5,3.46,0,0,FALSE
Female,Disloyal Customer,23,Business Travel,Eco,436,1,0,1,3,2,1,2,2,3,2,5,3,2,2.08,17,0,FALSE
Female,Loyal Customer,36,Business Travel,Business,509,3,3,3,3,2,5,4,5,5,5,5,4,1,3.69,0,0,TRUE
Male,Loyal Customer,54,Business Travel,Business,3958,2,2,2,2,4,3,1,4,4,4,4,3,2,2.85,0,12,TRUE
Female,Disloyal Customer,48,Business Travel,Business,919,5,5,5,2,5,5,5,5,3,5,5,4,5,4.54,0,4,TRUE
Female,Disloyal Customer,22,Business Travel,Eco,946,4,4,4,3,4,4,4,4,5,2,3,5,4,3.85,8,0,FALSE
Female,Loyal Customer,31,Business Travel,Eco,157,5,1,1,1,5,5,5,5,4,2,4,4,5,3.62,0,0,TRUE
Female,Loyal Customer,16,Personal Travel,Eco,1222,1,0,2,4,4,2,4,4,5,3,5,5,4,3.31,1,0,FALSE
Female,Loyal Customer,23,Business Travel,Business,447,3,3,3,3,5,5,5,5,5,1,1,2,5,3.54,27,1,TRUE
Male,Loyal Customer,58,Business Travel,Business,1682,2,2,2,2,5,4,4,5,5,5,5,4,3,3.69,0,0,TRUE
Female,Loyal Customer,32,Personal Travel,Eco,944,2,5,1,4,5,1,4,5,3,2,3,3,5,3.31,31,35,FALSE
Female,Loyal Customer,34,Business Travel,Business,3362,1,1,1,1,3,3,5,5,5,5,5,1,2,2.92,0,17,TRUE
Male,Loyal Customer,15,Personal Travel,Eco,696,4,4,4,3,3,4,3,3,1,4,4,4,3,3.38,0,1,FALSE
Male,Loyal Customer,47,Personal Travel,Eco,1598,3,4,3,4,5,3,5,5,4,2,3,3,5,3.77,0,0,FALSE
Female,Loyal Customer,23,Personal Travel,Eco,903,3,2,3,3,3,3,1,3,3,3,3,2,3,2.69,0,0,FALSE
Male,Loyal Customer,35,Personal Travel,Eco,337,1,4,1,1,1,1,1,1,4,4,5,5,1,2.31,0,1,FALSE
Male,Disloyal Customer,22,Business Travel,Eco,644,3,1,3,4,3,3,3,3,4,1,3,4,3,2.92,6,0,FALSE
Male,Loyal Customer,28,Personal Travel,Eco Plus,468,4,3,4,4,4,4,4,4,1,3,3,4,4,3.54,0,0,TRUE
Female,Loyal Customer,36,Personal Travel,Eco,369,2,5,2,1,2,2,1,2,1,1,3,3,2,2.08,0,0,FALSE
Male,Loyal Customer,37,Business Travel,Business,668,5,5,5,5,5,5,5,5,5,5,5,4,4,4.85,14,28,TRUE
Female,Disloyal Customer,20,Business Travel,Eco,390,5,3,5,4,1,5,1,1,2,1,5,2,1,2.77,2,0,TRUE
Female,Loyal Customer,44,Personal Travel,Eco,842,4,4,4,4,1,4,4,5,5,4,5,3,3,3.85,4,0,FALSE
Female,Loyal Customer,48,Business Travel,Business,369,5,5,5,5,4,5,5,4,4,4,4,3,3,4.31,7,0,TRUE
Male,Loyal Customer,24,Personal Travel,Eco Plus,985,2,5,2,3,4,2,4,4,4,3,4,3,4,3.38,6,0,FALSE
Female,Loyal Customer,49,Business Travel,Eco,1276,2,4,4,4,2,2,2,3,2,3,3,2,2,2.69,133,157,FALSE
Female,Loyal Customer,38,Business Travel,Business,867,2,2,2,2,1,1,3,4,4,4,4,1,1,2.38,3,0,TRUE
Female,Loyal Customer,59,Business Travel,Business,695,2,5,4,4,2,3,3,2,2,2,2,2,3,2.77,0,0,FALSE
Female,Disloyal Customer,50,Business Travel,Eco,1190,2,2,2,2,5,2,1,5,2,2,3,3,5,2.77,0,8,FALSE
Male,Loyal Customer,45,Business Travel,Business,2266,2,4,4,4,5,3,4,2,2,1,2,4,1,2.92,0,0,FALSE
Female,Loyal Customer,23,Business Travel,Eco Plus,1182,3,5,5,5,3,3,2,3,1,2,4,3,3,3.23,0,0,FALSE
Male,Loyal Customer,28,Business Travel,Business,2382,2,2,2,2,2,2,2,2,4,2,5,3,2,2.46,38,41,TRUE
Male,Loyal Customer,55,Personal Travel,Eco Plus,425,2,3,2,4,5,2,5,5,1,2,2,2,5,3.08,11,0,FALSE
Female,Loyal Customer,51,Business Travel,Business,250,1,5,5,5,5,1,2,1,1,2,1,3,1,2.54,42,64,FALSE
Male,Loyal Customer,45,Business Travel,Eco,911,5,3,3,3,5,5,5,5,4,1,1,3,5,3.69,0,0,TRUE
Female,Loyal Customer,58,Business Travel,Business,3004,1,5,5,5,1,4,3,3,3,3,1,4,4,3.23,6,9,FALSE
Female,Disloyal Customer,37,Business Travel,Business,404,2,2,2,4,1,2,4,1,4,3,5,5,1,2.77,0,0,FALSE
Female,Loyal Customer,54,Business Travel,Eco,612,4,4,4,4,4,3,4,4,4,4,4,4,4,3.92,8,6,FALSE
Female,Loyal Customer,8,Business Travel,Business,3039,1,4,4,4,1,1,1,1,1,1,3,4,1,2.08,0,0,FALSE
Male,Loyal Customer,37,Personal Travel,Eco,1074,4,1,4,3,3,4,3,3,2,5,4,4,3,3.31,0,0,FALSE
Female,Loyal Customer,53,Business Travel,Business,427,2,2,2,2,3,4,5,3,3,3,3,4,4,3.08,1,0,TRUE
Female,Loyal Customer,25,Business Travel,Business,391,5,5,5,5,3,3,3,3,3,3,5,5,3,3.92,17,10,TRUE
Female,Loyal Customer,55,Personal Travel,Eco,332,1,2,1,3,4,4,4,2,2,1,3,2,1,2.31,0,0,FALSE
Male,Loyal Customer,44,Business Travel,Business,677,1,1,1,1,3,4,4,5,5,5,5,5,5,3.46,5,6,TRUE
Male,Loyal Customer,39,Business Travel,Business,2344,5,5,3,5,3,3,3,4,4,4,4,1,5,3.77,0,0,TRUE
Male,Loyal Customer,45,Business Travel,Business,3192,1,5,2,2,3,1,2,1,1,2,1,4,2,2.08,5,8,FALSE
Male,Loyal Customer,36,Personal Travel,Eco,946,3,4,3,2,5,3,5,5,3,5,4,2,5,3.77,23,59,FALSE
Male,Disloyal Customer,30,Business Travel,Eco Plus,1500,3,3,3,4,3,3,3,3,3,2,4,1,3,2.92,0,0,FALSE
Female,Loyal Customer,7,Personal Travel,Eco,602,2,5,2,4,3,2,3,3,1,1,3,4,3,2.77,9,1,FALSE
Female,Disloyal Customer,36,Business Travel,Business,937,3,3,3,2,1,3,2,1,3,3,5,3,1,2.54,69,47,FALSE
Female,Loyal Customer,49,Business Travel,Business,484,2,2,5,2,3,5,5,4,4,4,4,5,3,3.69,0,0,TRUE
Female,Disloyal Customer,23,Business Travel,Business,547,5,3,5,1,4,5,3,4,3,3,5,5,4,3.85,0,0,TRUE
Female,Loyal Customer,20,Business Travel,Business,3471,4,1,4,4,5,5,4,5,3,4,5,4,5,4.08,0,0,TRUE
Female,Disloyal Customer,48,Business Travel,Business,983,1,1,1,5,2,1,2,2,5,4,4,5,2,2.69,14,0,FALSE
Male,Loyal Customer,42,Business Travel,Business,2486,5,5,5,5,5,5,5,5,2,3,5,5,5,4.62,0,11,TRUE
Female,Loyal Customer,36,Business Travel,Eco Plus,460,5,5,5,5,5,5,5,5,1,1,4,3,5,4.15,0,0,TRUE
Male,Loyal Customer,65,Personal Travel,Eco,1023,2,2,2,2,4,2,4,4,2,4,2,3,4,2.85,0,0,FALSE
Male,Loyal Customer,24,Business Travel,Business,2348,3,4,4,4,3,3,3,3,1,3,1,3,3,2.92,8,17,FALSE
Female,Loyal Customer,54,Business Travel,Business,3620,5,5,5,5,3,1,1,5,5,4,5,3,2,3.77,22,9,TRUE
Female,Loyal Customer,37,Business Travel,Eco,862,1,5,2,2,1,1,1,1,2,4,3,2,1,2,0,0,FALSE
Female,Disloyal Customer,40,Business Travel,Business,955,1,1,1,2,4,1,4,4,4,1,3,2,4,2.46,26,12,FALSE
Female,Loyal Customer,36,Business Travel,Business,1088,5,5,5,5,2,2,4,5,5,5,5,3,2,4.08,0,0,TRUE
Female,Loyal Customer,42,Business Travel,Eco,595,3,4,5,4,3,3,4,3,3,3,3,3,2,3.31,2,3,FALSE
Female,Loyal Customer,40,Business Travel,Business,226,0,0,0,1,2,4,5,3,3,3,3,5,5,2.62,0,0,TRUE
Male,Loyal Customer,39,Personal Travel,Eco,306,1,5,1,4,2,1,4,2,5,2,4,4,2,2.85,0,0,FALSE
Male,Loyal Customer,54,Business Travel,Business,137,4,4,4,4,4,4,4,4,4,4,4,5,3,4,23,14,TRUE
Female,Loyal Customer,33,Business Travel,Business,3850,0,0,0,5,3,5,5,3,3,3,3,4,4,2.92,11,6,TRUE
Male,Loyal Customer,47,Business Travel,Business,2701,1,1,1,1,4,4,4,5,1,4,3,4,4,2.85,0,0,TRUE
Female,Loyal Customer,35,Personal Travel,Eco Plus,125,1,4,1,4,3,1,3,3,1,4,3,4,3,2.69,7,9,FALSE
Male,Loyal Customer,60,Business Travel,Eco,89,4,5,5,5,4,4,4,4,3,4,4,1,4,3.92,4,10,FALSE
Female,Loyal Customer,39,Business Travel,Eco,102,1,1,1,1,1,2,1,1,4,2,3,2,1,1.62,14,19,FALSE
Male,Loyal Customer,42,Business Travel,Eco Plus,819,4,1,1,1,4,4,4,4,1,3,2,5,4,2.92,2,107,TRUE
Male,Loyal Customer,55,Business Travel,Business,3988,4,4,4,4,4,5,4,5,5,5,5,5,5,4.54,2,0,TRUE
Female,Loyal Customer,14,Personal Travel,Eco,951,4,5,4,2,3,4,3,3,4,3,2,1,3,3.15,0,0,FALSE
Male,Disloyal Customer,24,Business Travel,Eco,1052,1,1,1,4,2,1,2,2,4,2,5,4,2,2.38,2,0,FALSE
Female,Loyal Customer,61,Personal Travel,Eco,109,4,3,4,3,4,3,3,2,2,4,2,1,1,2.77,0,0,FALSE
Male,Loyal Customer,55,Business Travel,Business,738,4,4,2,4,4,4,4,5,5,5,5,3,3,4,0,5,TRUE
Male,Loyal Customer,48,Business Travel,Business,2834,2,2,5,2,4,5,4,4,4,4,4,4,5,3.77,17,24,TRUE
Male,Loyal Customer,52,Business Travel,Eco Plus,1024,3,3,3,3,3,3,3,3,3,5,4,3,3,3.23,0,8,FALSE
Female,Loyal Customer,43,Business Travel,Business,2312,3,3,3,3,4,4,4,4,4,4,5,4,5,3.85,1,0,TRUE
Male,Disloyal Customer,26,Business Travel,Eco,946,2,2,2,3,2,2,2,2,3,4,3,2,2,2.38,5,20,FALSE
Female,Loyal Customer,61,Personal Travel,Eco,1107,2,4,2,2,2,4,5,3,3,2,3,4,4,3.08,0,0,FALSE
Male,Loyal Customer,48,Business Travel,Eco Plus,109,4,2,4,2,4,4,4,4,1,3,5,2,4,3.31,4,13,TRUE
Male,Loyal Customer,56,Business Travel,Business,3050,1,1,1,1,3,4,5,4,4,3,4,3,3,2.85,0,0,TRUE
Female,Loyal Customer,22,Personal Travel,Eco Plus,382,2,4,2,3,3,2,3,3,5,2,5,5,3,3.23,0,0,FALSE
Male,Loyal Customer,69,Personal Travel,Eco,224,3,4,3,3,5,3,5,5,3,5,4,4,5,4,1,0,FALSE
Female,Loyal Customer,20,Business Travel,Business,1666,5,5,5,5,4,4,4,4,4,4,3,2,4,4.08,19,15,TRUE
Female,Loyal Customer,35,Personal Travel,Eco,666,2,5,2,2,3,2,3,3,5,3,4,4,3,3.15,0,0,FALSE
Female,Loyal Customer,18,Personal Travel,Eco,409,1,3,1,3,2,1,4,2,4,4,3,5,2,2.69,0,5,FALSE
Female,Loyal Customer,35,Personal Travel,Eco,307,2,3,2,1,3,2,3,3,4,5,3,4,3,2.92,4,0,FALSE
Female,Loyal Customer,15,Personal Travel,Eco,407,3,5,3,5,4,3,4,4,2,5,5,4,4,3.92,3,0,FALSE
Male,Loyal Customer,23,Personal Travel,Eco Plus,861,4,4,4,2,5,4,5,5,4,4,5,5,5,4.31,0,37,FALSE
Male,Loyal Customer,34,Business Travel,Business,1856,5,5,5,5,3,4,3,4,4,5,4,5,3,4.23,27,16,TRUE
Female,Loyal Customer,63,Personal Travel,Eco,2288,3,5,3,2,5,3,3,1,1,3,1,3,2,2.69,3,5,FALSE
Male,Disloyal Customer,36,Business Travel,Eco,447,4,2,4,4,4,4,1,4,1,1,3,1,4,2.85,13,46,FALSE
Female,Disloyal Customer,31,Business Travel,Business,1849,2,2,2,2,3,2,3,3,4,5,5,3,3,3,0,0,FALSE
Male,Loyal Customer,17,Business Travel,Business,2248,1,5,5,5,1,1,1,1,4,3,3,4,1,2.69,0,9,FALSE
Female,Loyal Customer,43,Personal Travel,Eco,819,1,3,1,3,2,4,3,1,1,1,1,4,3,2.15,0,0,FALSE
Male,Loyal Customer,52,Business Travel,Business,2541,3,1,3,3,2,4,5,4,4,4,4,5,5,3.62,0,0,TRUE
Male,Loyal Customer,32,Business Travel,Business,546,4,4,4,4,5,5,5,5,4,3,4,3,5,4.23,0,0,TRUE
Male,Loyal Customer,42,Business Travel,Business,3488,2,2,4,2,1,2,3,2,2,2,2,2,1,2.08,0,0,FALSE
Female,Loyal Customer,35,Business Travel,Business,2102,0,0,0,3,1,4,4,5,5,5,5,3,2,2.85,0,33,TRUE
Female,Loyal Customer,41,Business Travel,Business,2552,1,1,1,1,3,4,4,4,4,4,4,4,3,2.92,24,24,TRUE
Female,Disloyal Customer,25,Business Travel,Eco,762,1,1,1,5,1,1,1,1,1,4,1,1,1,1.54,0,0,FALSE
Male,Disloyal Customer,37,Business Travel,Business,223,3,3,3,3,5,3,5,5,1,2,4,4,5,3.54,0,0,FALSE
Male,Loyal Customer,20,Personal Travel,Eco,1069,2,2,2,4,4,2,4,4,4,1,4,4,4,3.15,21,7,FALSE
Male,Disloyal Customer,21,Business Travel,Eco,247,4,0,4,4,4,4,4,4,5,3,5,3,4,3.69,0,0,FALSE
Female,Disloyal Customer,14,Business Travel,Eco,516,1,1,2,3,2,2,2,2,4,3,3,1,2,2.15,0,19,FALSE
Male,Loyal Customer,32,Personal Travel,Eco,640,2,4,2,5,1,2,1,1,3,2,5,5,1,2.62,1,0,FALSE
Male,Loyal Customer,33,Business Travel,Business,2077,2,3,3,3,2,2,2,2,4,3,4,1,2,2.54,0,6,FALSE
Female,Loyal Customer,13,Personal Travel,Eco,293,3,4,4,3,3,4,3,3,5,2,5,3,3,3.46,76,72,FALSE
Male,Loyal Customer,37,Personal Travel,Eco,496,4,4,2,2,5,2,5,5,5,4,5,4,5,4,0,2,TRUE
Male,Loyal Customer,30,Business Travel,Business,331,5,5,5,5,5,5,5,5,4,2,5,2,5,4.46,0,0,TRUE
Male,Loyal Customer,36,Business Travel,Business,356,5,1,5,5,3,4,5,3,3,3,3,4,5,3.77,0,0,TRUE
Male,Loyal Customer,50,Business Travel,Business,134,4,4,4,4,2,1,4,4,4,4,5,3,3,3.54,15,28,TRUE
Male,Disloyal Customer,24,Business Travel,Eco,679,5,5,5,3,3,5,5,3,4,4,5,5,3,4.23,0,0,TRUE
Female,Loyal Customer,52,Business Travel,Business,293,4,4,4,4,2,4,5,5,5,5,5,3,3,4.08,0,0,TRUE
Female,Disloyal Customer,25,Business Travel,Eco,373,4,4,4,5,4,4,4,4,1,4,2,3,4,3.62,0,1,FALSE
Female,Loyal Customer,42,Business Travel,Eco,3801,3,3,3,3,3,3,3,2,5,2,3,3,3,3,0,48,FALSE
Female,Loyal Customer,22,Business Travel,Business,266,5,5,5,5,5,5,5,5,4,4,4,1,5,4.46,0,0,TRUE
Male,Loyal Customer,52,Business Travel,Eco,1197,2,4,4,4,2,2,2,2,1,3,3,1,2,2.46,20,41,FALSE
Female,Disloyal Customer,19,Business Travel,Business,602,4,4,5,3,2,5,2,2,5,5,5,4,2,3.69,0,0,TRUE
Male,Disloyal Customer,23,Business Travel,Business,414,0,3,0,5,1,0,1,1,4,5,4,5,1,2.31,6,2,TRUE
Female,Loyal Customer,67,Personal Travel,Eco,386,1,1,1,2,5,2,2,3,3,1,3,4,3,2.38,0,0,FALSE
Female,Loyal Customer,67,Personal Travel,Eco,404,2,4,2,3,4,4,5,1,1,2,1,5,5,3,3,0,FALSE
Female,Disloyal Customer,40,Business Travel,Business,306,3,3,3,3,3,3,3,5,4,5,5,3,3,3.54,187,188,FALSE
Female,Loyal Customer,16,Personal Travel,Business,1189,0,5,0,3,5,0,5,5,4,3,5,5,5,3.46,0,0,TRUE
Male,Loyal Customer,59,Business Travel,Business,337,0,0,0,2,4,5,5,1,1,1,1,3,3,2,0,0,TRUE
Male,Loyal Customer,35,Business Travel,Business,3514,2,2,2,2,5,5,5,3,3,4,3,5,3,3.38,0,0,TRUE
Female,Loyal Customer,35,Personal Travel,Eco,998,3,2,3,4,2,3,2,2,1,1,3,2,2,2.31,11,0,FALSE
Male,Loyal Customer,53,Business Travel,Business,651,2,2,2,2,2,5,5,4,4,4,4,5,5,3.54,7,0,TRUE
Male,Loyal Customer,38,Business Travel,Eco Plus,849,4,3,3,3,4,4,4,4,3,2,5,4,4,3.62,0,0,TRUE
Male,Loyal Customer,50,Business Travel,Business,3901,1,1,1,1,2,5,5,5,5,5,5,3,3,3.23,8,4,TRUE
Male,Loyal Customer,29,Business Travel,Business,2042,1,1,1,1,5,5,5,5,4,3,3,4,5,3.31,0,0,TRUE
Female,Disloyal Customer,25,Business Travel,Eco,551,2,2,2,4,2,2,2,2,1,5,3,4,2,2.54,95,85,FALSE
Male,Loyal Customer,36,Business Travel,Business,2568,3,1,1,1,2,3,3,3,3,3,3,1,3,2.31,49,39,FALSE
Male,Loyal Customer,59,Business Travel,Business,3672,2,2,2,2,5,5,4,5,5,5,5,4,4,3.85,1,0,TRUE
Female,Loyal Customer,53,Personal Travel,Eco,1121,2,4,2,3,3,5,4,5,5,2,5,3,4,3.62,1,0,FALSE
Female,Loyal Customer,29,Personal Travel,Eco,228,0,2,0,3,1,0,1,1,2,1,3,1,1,1.23,0,0,TRUE
Female,Loyal Customer,33,Business Travel,Business,3177,4,4,4,4,4,3,5,3,3,3,3,5,4,3.77,21,16,TRUE
Male,Loyal Customer,36,Business Travel,Business,2731,4,5,5,5,1,2,2,4,4,4,4,1,3,3.38,0,0,FALSE
Male,Loyal Customer,45,Business Travel,Business,1597,2,5,3,5,4,2,3,2,2,2,2,4,1,2.85,1,0,FALSE
Male,Loyal Customer,20,Personal Travel,Eco,323,2,5,2,3,2,2,2,2,3,4,4,3,2,2.77,0,13,FALSE
Male,Loyal Customer,29,Business Travel,Business,1237,3,3,2,3,4,4,4,4,4,3,3,3,4,3.38,0,0,TRUE
Male,Loyal Customer,46,Business Travel,Business,642,4,2,4,4,5,4,5,4,4,4,4,5,4,4.08,1,0,TRUE
Male,Loyal Customer,61,Business Travel,Business,242,3,5,5,5,4,4,3,3,3,3,3,2,1,3.38,0,12,FALSE
Female,Loyal Customer,48,Business Travel,Business,2007,5,5,5,5,4,3,4,3,3,4,3,4,5,4.08,1,0,TRUE
Male,Loyal Customer,18,Personal Travel,Eco,272,1,0,1,5,2,1,4,2,5,4,5,3,2,2.69,0,1,FALSE
Male,Loyal Customer,60,Business Travel,Business,3358,0,4,0,2,2,5,4,5,5,5,5,3,5,3.46,0,0,TRUE
Female,Loyal Customer,23,Personal Travel,Eco,1739,1,1,1,3,4,1,4,4,2,2,2,3,4,2.46,19,18,FALSE
Female,Loyal Customer,48,Business Travel,Business,1778,3,3,2,3,4,4,4,4,4,4,4,4,3,3.54,12,12,TRUE
Male,Loyal Customer,40,Business Travel,Business,480,2,2,2,2,2,5,5,3,3,3,3,4,4,3.08,0,0,TRUE
Female,Loyal Customer,63,Personal Travel,Eco,328,2,5,2,1,5,4,3,2,2,2,5,3,5,3.15,2,0,FALSE
Female,Loyal Customer,22,Business Travel,Business,3546,1,1,3,1,3,3,3,3,3,3,1,1,3,2.23,0,0,TRUE
Male,Disloyal Customer,35,Business Travel,Business,332,4,4,4,1,2,4,2,2,3,5,5,3,2,3.15,0,0,FALSE
Male,Loyal Customer,59,Business Travel,Business,997,4,4,4,4,4,4,5,4,4,5,4,4,4,4.15,0,0,TRUE
Male,Loyal Customer,61,Personal Travel,Eco,637,4,4,4,3,1,4,1,1,3,2,5,5,1,2.92,1,16,FALSE
Female,Loyal Customer,57,Personal Travel,Eco,109,3,0,3,1,4,4,5,3,3,3,3,5,4,3.15,0,0,FALSE
Male,Loyal Customer,51,Business Travel,Business,3985,0,4,0,3,4,5,4,5,5,5,5,4,3,3.62,14,2,TRUE
Male,Disloyal Customer,25,Business Travel,Eco,1012,3,3,3,2,2,3,2,2,5,5,5,3,2,3.08,12,0,FALSE
Female,Loyal Customer,46,Business Travel,Business,1671,2,2,2,2,5,5,5,4,4,4,4,4,5,3.69,0,0,TRUE
Male,Disloyal Customer,40,Business Travel,Eco,141,1,0,1,3,2,1,2,2,3,5,3,2,2,2.08,0,0,FALSE
Male,Disloyal Customer,21,Business Travel,Eco,221,5,0,5,1,5,5,5,5,4,5,2,5,5,4,9,0,TRUE
Female,Loyal Customer,23,Business Travel,Business,502,2,5,2,2,5,5,5,5,3,2,5,5,5,3.92,0,0,TRUE
Male,Loyal Customer,33,Personal Travel,Eco,819,1,1,1,3,1,1,1,1,3,5,3,2,1,1.85,0,0,FALSE
Male,Loyal Customer,59,Business Travel,Eco,483,3,2,2,2,3,3,3,3,2,3,3,3,3,2.69,0,0,FALSE
Female,Loyal Customer,50,Business Travel,Business,2475,4,5,5,5,4,4,4,2,4,4,3,4,4,4,6,26,FALSE
Female,Disloyal Customer,22,Business Travel,Eco,1009,4,4,4,3,1,4,1,1,3,4,5,3,1,2.92,0,0,TRUE
Male,Loyal Customer,40,Business Travel,Business,3099,2,2,2,2,4,4,4,4,4,4,4,4,5,3.46,0,0,TRUE
Female,Loyal Customer,28,Personal Travel,Eco,2583,2,3,3,3,3,5,5,2,1,4,3,5,5,3.38,31,68,FALSE
Female,Loyal Customer,22,Business Travel,Eco Plus,1107,3,3,3,3,3,3,3,3,1,3,4,1,3,2.77,11,3,FALSE
Male,Loyal Customer,59,Personal Travel,Eco,140,4,4,4,4,2,4,2,2,3,4,2,4,2,3.15,0,0,FALSE
Female,Disloyal Customer,28,Business Travel,Eco,550,4,4,4,1,2,4,2,2,2,4,5,2,2,2.92,43,30,FALSE
Female,Loyal Customer,40,Business Travel,Business,1379,3,2,2,2,2,4,4,3,3,4,3,3,3,2.92,85,64,FALSE
Female,Loyal Customer,43,Personal Travel,Business,1372,3,4,3,3,2,3,3,4,4,3,4,1,4,3.15,0,0,FALSE
Female,Loyal Customer,36,Business Travel,Eco,966,1,2,2,2,1,1,1,1,3,4,4,3,1,2,0,0,FALSE
Female,Loyal Customer,48,Business Travel,Business,3469,0,0,0,2,4,5,5,1,1,1,1,3,5,2.15,0,0,TRUE
Female,Loyal Customer,45,Business Travel,Eco,391,3,3,3,3,1,3,3,3,3,3,3,2,1,2.62,15,37,FALSE
Male,Disloyal Customer,21,Business Travel,Eco,1598,4,4,4,3,4,4,4,4,3,2,3,5,4,3.69,0,0,FALSE
Male,Loyal Customer,42,Business Travel,Business,3335,2,2,2,2,5,4,4,1,1,1,2,3,4,2.54,0,0,FALSE
Female,Loyal Customer,19,Personal Travel,Eco,1670,3,3,4,2,2,4,2,2,1,3,2,2,2,2.46,17,8,FALSE
Female,Loyal Customer,44,Personal Travel,Eco Plus,463,3,5,3,3,2,2,5,4,4,3,4,4,4,3.54,0,0,FALSE
Male,Loyal Customer,35,Personal Travel,Eco,1506,4,5,4,2,4,4,5,4,4,5,4,3,4,4,2,0,FALSE
Male,Loyal Customer,59,Business Travel,Business,3051,0,4,0,3,4,4,5,4,4,3,3,4,3,3.15,7,0,TRUE
Female,Loyal Customer,49,Personal Travel,Eco,1048,4,4,4,3,5,4,5,1,1,4,1,5,3,3.38,0,0,TRUE
Male,Loyal Customer,17,Business Travel,Eco,846,4,2,2,2,4,4,5,4,1,1,5,5,4,3.31,0,0,TRUE
Female,Loyal Customer,68,Personal Travel,Eco,821,4,5,4,3,1,5,4,3,3,4,3,1,2,3.23,0,0,FALSE
Female,Loyal Customer,61,Business Travel,Business,258,2,5,5,5,3,4,4,2,2,2,2,2,3,3.15,0,0,FALSE
Male,Disloyal Customer,21,Business Travel,Eco,427,3,2,2,3,2,2,5,2,3,4,4,4,2,2.92,0,0,FALSE
Female,Disloyal Customer,26,Business Travel,Eco,489,2,3,2,3,2,2,1,2,1,5,4,3,2,2.46,0,6,FALSE
Female,Loyal Customer,56,Business Travel,Eco Plus,846,4,4,4,4,4,3,3,3,3,3,3,3,3,3.38,161,147,FALSE
Female,Loyal Customer,47,Business Travel,Business,1620,5,5,5,5,2,4,5,4,4,4,4,5,3,4.23,67,58,TRUE
Male,Loyal Customer,23,Business Travel,Business,3390,4,4,3,4,4,4,4,4,5,5,5,5,4,4.23,0,19,TRUE
Female,Disloyal Customer,22,Business Travel,Business,1171,4,0,4,3,2,4,2,2,4,4,5,5,2,3.15,0,0,TRUE
Male,Loyal Customer,20,Business Travel,Business,2370,3,3,3,3,4,4,4,3,3,3,5,4,4,3.54,0,0,TRUE
Female,Loyal Customer,24,Business Travel,Eco,1096,2,4,4,4,2,2,1,2,2,3,3,4,2,2.69,30,36,FALSE
Male,Loyal Customer,21,Personal Travel,Eco,1844,3,4,3,1,1,3,1,1,5,2,3,5,1,2.54,52,49,FALSE
Female,Loyal Customer,51,Business Travel,Business,2198,4,4,4,4,4,4,5,5,5,4,5,5,3,4.31,3,10,TRUE
Female,Loyal Customer,40,Business Travel,Eco,455,1,1,1,1,1,1,1,1,1,3,3,1,1,1.31,0,0,FALSE
Male,Loyal Customer,42,Business Travel,Business,287,0,0,0,4,4,4,4,2,2,2,2,5,4,2.54,72,64,TRUE
Female,Loyal Customer,48,Business Travel,Eco Plus,710,3,3,3,3,4,4,4,3,3,3,3,4,1,3.15,7,19,FALSE
Female,Disloyal Customer,42,Business Travel,Business,1587,4,4,4,4,4,4,4,4,4,3,5,5,4,4.08,2,13,FALSE
Male,Loyal Customer,51,Business Travel,Business,588,4,1,4,4,5,4,4,4,4,4,4,3,5,3.85,3,0,TRUE
Male,Loyal Customer,58,Business Travel,Business,110,5,5,4,5,4,1,4,4,4,4,5,4,2,3.92,39,42,TRUE
Male,Loyal Customer,64,Personal Travel,Business,1482,3,1,3,3,2,3,2,5,5,3,2,2,1,2.69,14,0,FALSE
Female,Loyal Customer,54,Business Travel,Business,3148,5,5,3,5,4,2,3,5,5,5,3,2,2,3.77,1,0,TRUE
Male,Disloyal Customer,26,Business Travel,Eco,125,3,1,2,2,5,2,5,5,3,4,3,2,5,3.23,35,28,FALSE
Female,Loyal Customer,70,Personal Travel,Eco,522,2,5,2,2,5,4,4,5,5,2,5,5,3,3.77,0,0,FALSE
Female,Loyal Customer,26,Personal Travel,Eco,481,3,4,3,1,5,3,5,5,2,4,5,1,5,3.54,0,0,FALSE
Male,Loyal Customer,31,Business Travel,Business,2473,2,2,2,2,2,3,2,2,2,2,4,2,2,2.23,0,0,FALSE
Male,Loyal Customer,41,Business Travel,Business,796,4,4,4,4,2,5,2,5,5,4,5,4,3,3.92,0,0,TRUE
Female,Disloyal Customer,74,Business Travel,Eco,577,2,1,3,4,5,3,5,5,1,5,4,2,5,3.46,0,0,FALSE
Male,Loyal Customer,48,Business Travel,Business,164,4,1,1,1,2,3,4,4,4,4,4,4,2,2.92,10,13,FALSE
Female,Loyal Customer,24,Personal Travel,Eco,1011,3,1,3,3,5,3,3,5,2,5,4,3,5,3.46,9,13,FALSE
Female,Loyal Customer,57,Personal Travel,Eco,744,4,5,5,2,2,4,5,1,1,5,1,4,4,3.31,0,4,FALSE
Male,Loyal Customer,47,Business Travel,Business,1847,5,5,5,5,3,4,4,4,4,4,4,3,5,4.23,0,1,TRUE
Male,Loyal Customer,56,Business Travel,Business,788,2,2,4,2,1,4,3,2,2,3,2,2,2,2.38,0,0,FALSE
Male,Loyal Customer,12,Personal Travel,Eco,731,1,4,1,5,1,1,1,1,1,3,3,4,1,2.08,31,10,FALSE
Female,Disloyal Customer,37,Business Travel,Business,936,3,3,3,3,3,3,3,3,3,3,3,4,3,3.08,0,0,FALSE
Male,Loyal Customer,52,Business Travel,Business,3326,4,4,4,4,5,5,5,5,5,5,5,4,5,4.62,16,24,TRUE
Male,Loyal Customer,35,Business Travel,Business,421,2,2,4,2,4,4,5,4,4,4,4,2,1,3.23,0,0,TRUE
Female,Loyal Customer,21,Personal Travel,Eco,1744,2,1,2,3,1,2,1,1,4,3,2,4,1,2.08,0,0,FALSE
Male,Loyal Customer,46,Business Travel,Business,3815,1,1,5,1,3,3,4,5,5,5,5,3,5,3.54,8,0,TRUE
Male,Loyal Customer,56,Business Travel,Business,2746,3,3,3,3,3,4,5,4,4,4,4,3,4,3.62,0,0,TRUE
Male,Disloyal Customer,24,Business Travel,Business,785,0,0,0,4,4,0,4,4,3,5,4,3,4,2.69,0,1,TRUE
Male,Loyal Customer,66,Personal Travel,Eco,170,2,5,2,4,3,2,4,3,5,2,3,1,3,3,34,26,FALSE
Male,Loyal Customer,40,Personal Travel,Eco,190,4,5,4,1,5,4,4,5,5,2,5,3,5,4,0,0,FALSE
Male,Loyal Customer,47,Business Travel,Business,2288,4,4,4,4,3,5,4,4,4,5,4,5,4,4.15,0,0,TRUE
Female,Loyal Customer,52,Business Travel,Business,2831,3,3,3,3,4,4,5,4,4,4,4,3,2,3.54,0,0,TRUE
Male,Loyal Customer,44,Business Travel,Business,3754,4,4,4,4,3,5,5,4,4,4,4,5,3,4.08,0,8,TRUE
Female,Loyal Customer,31,Personal Travel,Eco,601,1,4,1,4,1,1,1,1,3,2,4,3,1,2.08,0,0,FALSE
Male,Loyal Customer,50,Personal Travel,Eco Plus,189,2,3,0,5,5,0,5,5,1,5,2,4,5,3.23,19,0,FALSE
Male,Loyal Customer,45,Business Travel,Business,3154,4,4,4,4,4,5,5,5,5,5,5,4,4,4.46,0,20,TRUE
Male,Loyal Customer,30,Personal Travel,Eco,2075,3,4,3,1,1,3,1,1,4,4,3,4,1,2.54,0,0,FALSE
Male,Loyal Customer,44,Personal Travel,Eco,1190,3,5,2,1,4,2,1,4,5,5,5,3,4,3.38,0,0,FALSE
Male,Loyal Customer,77,Business Travel,Eco,200,3,2,4,2,4,3,4,4,3,3,2,4,4,3.23,0,0,FALSE
Male,Disloyal Customer,40,Business Travel,Eco,692,1,1,1,4,4,1,4,4,2,2,3,2,4,2.54,5,0,FALSE
Female,Loyal Customer,43,Business Travel,Business,2887,1,1,1,1,4,4,5,3,3,3,3,5,3,2.85,0,0,TRUE
Female,Loyal Customer,55,Business Travel,Business,404,1,1,1,1,4,4,4,4,4,4,4,5,5,3.23,5,4,TRUE
Male,Loyal Customer,9,Personal Travel,Eco,2248,2,4,2,3,2,2,2,2,4,3,5,5,2,2.92,46,37,FALSE
Male,Loyal Customer,40,Business Travel,Eco,1824,5,3,3,3,5,4,5,5,1,4,3,4,5,3.85,4,13,FALSE
Female,Disloyal Customer,36,Business Travel,Eco,398,3,4,3,3,1,3,1,1,1,2,1,4,1,2.15,0,0,FALSE
Female,Disloyal Customer,44,Business Travel,Business,1107,1,0,0,1,3,1,3,3,3,4,5,4,3,2.38,13,14,FALSE
Female,Loyal Customer,55,Business Travel,Business,1045,1,1,1,1,3,4,4,5,5,5,5,5,3,3.31,1,0,TRUE
Female,Loyal Customer,19,Personal Travel,Business,781,3,2,3,4,4,3,5,4,3,1,4,4,4,3.38,0,0,FALSE
Male,Loyal Customer,25,Business Travel,Business,1448,4,4,4,4,4,4,4,4,3,3,5,1,4,3.69,0,0,TRUE
Female,Loyal Customer,51,Personal Travel,Eco,957,1,4,1,2,2,4,4,2,2,1,3,3,3,2.46,0,1,FALSE
Male,Loyal Customer,59,Personal Travel,Eco,907,5,4,5,4,4,5,4,4,3,5,5,5,4,4.38,0,6,TRUE
Female,Loyal Customer,7,Personal Travel,Eco,405,0,3,0,2,1,0,1,1,2,2,5,1,1,1.46,0,0,TRUE
Male,Loyal Customer,39,Personal Travel,Eco,507,3,5,3,3,4,3,4,4,4,3,4,4,4,3.69,0,0,FALSE
Female,Loyal Customer,25,Personal Travel,Eco,414,2,3,2,4,4,2,1,4,5,4,5,5,4,3.46,8,18,FALSE
Male,Loyal Customer,47,Business Travel,Business,130,4,4,4,4,3,4,4,5,5,5,4,4,5,4.23,0,0,TRUE
Male,Disloyal Customer,37,Business Travel,Business,2288,1,1,1,4,5,1,5,5,4,4,4,3,5,3.31,3,5,FALSE
Female,Loyal Customer,25,Personal Travel,Business,334,4,2,4,3,3,4,3,3,2,5,4,1,3,3.15,8,0,FALSE
Female,Disloyal Customer,42,Business Travel,Business,280,4,4,4,3,2,4,2,2,2,1,3,3,2,2.77,85,85,FALSE
Female,Loyal Customer,39,Business Travel,Business,399,5,5,5,5,3,4,5,4,4,4,4,2,1,3.92,0,0,TRUE
Male,Loyal Customer,7,Personal Travel,Eco,462,3,4,1,3,4,1,4,4,4,2,2,4,4,3.08,0,16,FALSE
Male,Loyal Customer,39,Business Travel,Eco Plus,192,4,5,5,5,4,4,4,4,2,3,2,4,4,3.85,0,0,TRUE
Female,Loyal Customer,55,Business Travel,Eco,707,1,0,0,1,4,1,2,3,3,1,5,1,2,1.85,6,0,FALSE
Female,Loyal Customer,32,Personal Travel,Eco,765,1,4,1,1,1,1,1,1,4,4,4,5,1,2.23,0,1,FALSE
Male,Loyal Customer,67,Personal Travel,Eco,1096,1,2,0,4,2,0,2,2,3,4,3,1,2,2,0,0,FALSE
Male,Loyal Customer,68,Business Travel,Business,1891,3,3,3,3,2,4,4,3,3,3,3,3,4,3.15,0,4,FALSE
Male,Disloyal Customer,26,Business Travel,Business,338,4,4,3,1,3,3,3,3,4,4,5,5,3,3.46,4,0,TRUE
Female,Loyal Customer,20,Personal Travel,Eco,632,1,3,2,1,3,2,3,3,5,2,5,4,3,2.85,1,0,FALSE
Female,Loyal Customer,25,Personal Travel,Eco,1756,3,5,3,5,5,3,5,5,2,1,4,4,5,3.85,0,12,FALSE
Male,Loyal Customer,50,Personal Travel,Eco,431,2,5,4,2,2,4,2,2,3,5,4,4,2,3.15,6,9,FALSE
Female,Loyal Customer,34,Business Travel,Business,3342,5,5,5,5,4,5,5,5,5,5,5,3,5,4.77,0,0,TRUE
Male,Loyal Customer,38,Personal Travel,Eco,440,3,4,3,2,3,3,4,3,3,3,4,5,3,3.31,7,0,FALSE
Male,Loyal Customer,49,Personal Travel,Eco,399,2,5,2,5,5,2,5,5,4,5,4,5,5,4.15,0,0,FALSE
Female,Loyal Customer,39,Business Travel,Eco Plus,292,1,3,3,3,1,2,1,1,2,4,3,3,1,2.15,4,0,FALSE
Male,Disloyal Customer,43,Business Travel,Eco,645,2,0,2,4,4,2,1,4,4,4,4,4,4,3,21,13,FALSE
Male,Loyal Customer,57,Business Travel,Business,3428,2,2,2,2,2,5,5,4,4,4,4,4,5,3.46,0,0,TRUE
Male,Loyal Customer,45,Business Travel,Business,899,4,4,4,4,3,5,4,4,4,4,4,3,4,3.92,0,0,TRUE
Male,Loyal Customer,47,Business Travel,Business,1823,1,1,1,1,5,4,5,3,3,3,3,3,5,2.92,0,0,TRUE
Male,Disloyal Customer,30,Business Travel,Eco,86,2,2,2,4,5,2,5,5,2,1,3,2,5,3.08,0,0,FALSE
Male,Loyal Customer,40,Personal Travel,Eco,760,1,4,1,4,2,1,2,2,5,4,5,4,2,2.85,7,0,FALSE
Female,Disloyal Customer,33,Business Travel,Eco,4817,3,2,2,1,3,1,1,2,5,5,3,1,1,2.31,9,0,FALSE
Female,Loyal Customer,53,Personal Travel,Eco,409,3,4,3,2,4,5,5,4,4,3,4,2,3,3.54,8,0,FALSE
Male,Loyal Customer,43,Business Travel,Business,600,1,1,5,1,3,5,5,2,2,2,2,5,4,2.92,1,0,TRUE
Male,Loyal Customer,14,Personal Travel,Eco Plus,758,2,5,2,4,2,2,3,2,3,3,5,4,2,3,8,0,FALSE
Female,Disloyal Customer,23,Business Travel,Eco,190,4,5,4,2,4,4,4,4,2,3,4,3,4,3.62,0,0,TRUE
Male,Loyal Customer,57,Business Travel,Business,1524,3,3,3,3,2,5,4,5,5,5,5,3,5,3.92,0,0,TRUE
Male,Loyal Customer,40,Business Travel,Business,1747,5,5,5,5,2,4,3,5,5,5,5,5,3,4.38,0,5,TRUE
Male,Loyal Customer,42,Personal Travel,Business,338,2,4,2,2,2,3,2,2,2,2,2,5,2,2.46,0,0,FALSE
Female,Loyal Customer,47,Business Travel,Business,2254,5,5,5,5,3,5,5,5,5,5,5,3,4,4.62,0,0,TRUE
Female,Loyal Customer,31,Business Travel,Eco Plus,1028,0,0,0,1,2,0,2,2,5,1,1,2,2,1.38,0,0,TRUE
Female,Loyal Customer,18,Personal Travel,Eco,738,1,5,1,3,2,1,2,2,4,4,5,5,2,2.85,0,0,FALSE
Female,Loyal Customer,54,Business Travel,Eco Plus,143,3,3,3,3,5,3,5,2,2,3,2,1,1,2.77,0,0,TRUE
Male,Loyal Customer,36,Business Travel,Business,2284,4,3,3,3,2,4,4,4,4,3,4,4,4,3.54,0,0,FALSE
Male,Disloyal Customer,35,Business Travel,Business,874,2,2,2,3,1,2,1,1,4,3,4,5,1,2.38,0,0,FALSE
Female,Loyal Customer,37,Personal Travel,Eco,920,3,4,2,3,3,2,3,3,4,3,5,5,3,3.31,1,0,FALSE
Female,Loyal Customer,52,Business Travel,Business,1399,3,4,4,4,1,3,4,3,3,3,3,4,4,3.31,0,8,FALSE
Female,Loyal Customer,63,Business Travel,Business,2771,2,2,2,2,3,5,5,5,5,5,5,4,5,3.85,2,0,TRUE
Male,Loyal Customer,38,Business Travel,Eco Plus,406,2,3,3,3,2,2,2,2,4,1,3,2,2,2.38,12,34,FALSE
Male,Disloyal Customer,25,Business Travel,Business,1142,5,0,5,5,1,0,1,1,4,3,4,5,1,2.69,4,8,TRUE
Male,Loyal Customer,12,Personal Travel,Eco,413,5,5,5,1,5,5,3,5,3,2,4,4,5,4,0,7,TRUE
Male,Loyal Customer,42,Business Travel,Business,442,4,4,4,4,5,5,5,4,4,4,4,4,4,4.23,0,0,TRUE
Male,Disloyal Customer,22,Business Travel,Eco,544,2,2,2,3,4,2,3,4,1,1,2,3,4,2.54,0,0,FALSE
Female,Loyal Customer,40,Business Travel,Business,1912,2,1,1,1,2,4,4,3,3,3,2,4,4,2.62,0,0,FALSE
Male,Loyal Customer,56,Personal Travel,Eco,148,4,1,4,3,4,4,4,4,1,4,3,3,4,3.31,0,0,TRUE
Female,Loyal Customer,34,Personal Travel,Eco,920,4,4,4,5,4,4,5,4,3,5,5,5,4,4.31,9,0,TRUE
Male,Loyal Customer,55,Business Travel,Business,1802,1,1,5,1,5,5,5,5,5,5,4,3,5,3.85,0,0,TRUE
Female,Disloyal Customer,26,Business Travel,Business,547,2,0,1,1,3,1,2,3,3,3,4,4,3,2.31,38,29,FALSE
Female,Loyal Customer,50,Business Travel,Business,1514,5,5,5,5,3,5,4,4,4,5,4,4,3,4.31,1,0,TRUE
Male,Loyal Customer,17,Personal Travel,Eco,250,2,5,0,3,4,0,4,4,4,5,4,5,4,3.38,0,0,FALSE
Male,Loyal Customer,42,Business Travel,Business,3418,0,3,0,1,5,5,5,5,5,5,5,1,3,3.31,10,3,TRUE
Female,Loyal Customer,36,Business Travel,Business,2988,2,2,2,2,2,4,4,3,3,3,2,2,2,2.54,0,16,FALSE
Female,Loyal Customer,36,Business Travel,Business,975,2,4,4,4,3,3,3,2,2,2,2,1,2,2.62,0,0,FALSE
Female,Loyal Customer,47,Personal Travel,Eco,300,2,4,2,3,2,4,4,2,2,2,2,5,5,3,29,24,FALSE
Male,Loyal Customer,65,Personal Travel,Eco,120,4,3,4,2,3,4,1,3,4,3,1,5,3,3.08,47,42,TRUE
Female,Loyal Customer,20,Personal Travel,Eco,1744,3,4,3,4,5,3,5,5,4,3,3,3,5,3.85,0,0,FALSE
Female,Loyal Customer,55,Business Travel,Eco,177,2,1,1,1,1,3,4,2,2,2,2,3,3,2.08,0,0,FALSE
Male,Loyal Customer,35,Business Travel,Eco,447,4,3,3,3,4,4,4,4,3,3,4,1,4,3.38,98,114,FALSE
Male,Disloyal Customer,22,Business Travel,Eco,1062,2,2,2,4,3,2,3,3,4,4,4,3,3,3,66,39,FALSE
Male,Loyal Customer,22,Personal Travel,Eco,1671,1,1,1,3,1,1,1,1,2,5,4,1,1,1.77,0,9,FALSE
Male,Disloyal Customer,24,Business Travel,Business,333,5,0,5,5,5,5,5,5,5,5,5,4,5,4.54,3,0,TRUE
Female,Loyal Customer,37,Business Travel,Business,601,5,5,5,5,4,5,5,5,5,4,5,5,5,4.85,10,3,TRUE
Female,Disloyal Customer,59,Business Travel,Business,236,4,4,4,3,4,4,4,4,5,2,4,4,4,3.85,14,24,TRUE
Male,Loyal Customer,30,Business Travel,Business,1389,2,2,2,2,4,4,4,4,4,4,5,5,4,3.54,0,3,TRUE
Male,Loyal Customer,63,Personal Travel,Eco Plus,1121,4,4,4,4,3,4,3,3,3,3,5,5,3,3.69,0,0,FALSE
Male,Loyal Customer,53,Business Travel,Business,329,1,1,1,1,2,3,5,5,5,4,5,3,4,3.08,0,0,TRUE
Male,Disloyal Customer,23,Business Travel,Business,1121,4,0,4,1,1,4,3,1,4,3,4,3,1,2.54,0,0,TRUE
Female,Loyal Customer,58,Personal Travel,Eco,2454,5,1,5,3,4,3,3,3,3,5,3,1,1,3.08,0,0,TRUE
Male,Loyal Customer,42,Personal Travel,Eco,427,2,0,2,2,3,2,3,3,4,4,4,3,3,2.69,0,0,FALSE
Male,Loyal Customer,23,Business Travel,Business,1710,4,4,4,4,4,4,4,4,4,3,2,2,4,3.62,0,5,TRUE
Male,Loyal Customer,39,Personal Travel,Eco,1020,2,3,2,3,5,2,5,5,5,2,4,1,5,3.38,44,37,FALSE
Male,Disloyal Customer,25,Business Travel,Business,602,1,0,1,4,5,1,5,5,3,5,5,3,5,3.31,0,0,FALSE
Female,Loyal Customer,34,Personal Travel,Eco Plus,872,2,1,2,3,5,2,5,5,2,4,2,4,5,3.23,94,67,FALSE
Female,Loyal Customer,48,Business Travel,Business,1972,3,3,3,3,4,5,4,5,5,5,5,5,4,4.15,0,8,TRUE
Male,Loyal Customer,21,Business Travel,Business,3470,2,2,2,2,5,5,5,5,2,4,2,3,5,3.38,18,10,TRUE
Male,Loyal Customer,68,Personal Travel,Eco,631,2,1,2,2,4,2,3,4,4,3,3,3,4,2.85,0,0,FALSE
Female,Loyal Customer,44,Business Travel,Business,3259,1,1,1,1,1,4,2,5,5,5,5,4,3,2.92,0,0,TRUE
Female,Loyal Customer,47,Business Travel,Eco,374,5,5,5,5,2,4,1,5,5,5,5,2,1,3.85,55,44,TRUE
Female,Loyal Customer,51,Business Travel,Business,1416,4,4,4,4,3,5,4,5,5,5,5,3,4,4.23,0,0,TRUE
Female,Loyal Customer,7,Personal Travel,Eco,1306,4,5,4,3,1,4,1,1,4,4,5,5,1,3.23,0,0,FALSE
Female,Loyal Customer,33,Personal Travel,Eco,528,4,2,1,3,5,1,5,5,2,2,3,1,5,3,0,0,FALSE
Female,Disloyal Customer,38,Business Travel,Eco,391,2,4,1,3,3,1,3,3,1,5,3,1,3,2.54,10,0,FALSE
Male,Loyal Customer,24,Personal Travel,Eco Plus,162,3,5,3,4,3,3,5,3,3,3,4,3,3,3.46,0,6,FALSE
Female,Disloyal Customer,22,Business Travel,Eco,298,4,3,4,3,5,4,5,5,4,5,4,4,5,4.23,4,5,FALSE
Male,Loyal Customer,17,Business Travel,Eco,1183,2,4,4,4,2,1,3,2,4,5,4,2,2,3,19,25,FALSE
Male,Loyal Customer,28,Business Travel,Business,2399,4,2,4,4,5,5,5,5,3,4,3,4,5,4.08,21,23,TRUE
Male,Loyal Customer,41,Business Travel,Business,618,5,5,5,5,4,4,4,3,3,3,3,5,5,4.15,0,,TRUE
Male,Loyal Customer,53,Business Travel,Business,495,5,5,2,5,5,3,4,4,4,4,4,5,1,3.92,0,0,TRUE
Female,Loyal Customer,30,Business Travel,Eco,408,3,1,1,1,3,3,3,3,2,2,4,1,3,2.31,8,6,FALSE
Female,Loyal Customer,22,Personal Travel,Eco,1709,3,5,3,4,5,3,5,5,4,3,2,5,5,4,3,0,FALSE
Male,Loyal Customer,70,Personal Travel,Eco,436,4,5,4,2,4,4,5,4,4,3,5,5,4,4.08,0,0,FALSE
Male,Loyal Customer,43,Business Travel,Eco,141,5,4,4,4,5,5,5,5,1,2,5,1,5,3.92,6,0,TRUE
Female,Loyal Customer,36,Business Travel,Business,594,1,1,1,1,3,5,4,5,5,5,5,3,5,3.38,0,0,TRUE
Male,Loyal Customer,30,Business Travel,Eco Plus,101,2,2,2,2,2,2,2,2,1,2,4,4,2,2.23,81,76,FALSE
Male,Loyal Customer,32,Personal Travel,Eco,846,0,5,0,4,5,0,1,5,4,5,5,3,5,3.23,8,2,TRUE
Male,Loyal Customer,73,Business Travel,Eco,352,2,4,3,4,2,2,2,2,1,1,1,2,2,2.15,0,0,TRUE
Female,Loyal Customer,59,Personal Travel,Eco,2556,3,4,3,2,4,5,1,1,1,3,2,5,4,2.92,6,0,FALSE
Male,Loyal Customer,59,Business Travel,Business,1721,4,4,4,4,3,4,4,5,5,5,5,4,3,4.15,0,0,TRUE
Male,Loyal Customer,24,Business Travel,Business,1090,3,5,5,5,3,3,3,3,4,3,4,4,3,3.69,5,0,FALSE
Male,Loyal Customer,58,Business Travel,Business,304,4,5,5,5,1,3,3,4,4,4,4,4,2,3.69,13,27,FALSE
Female,Loyal Customer,42,Business Travel,Eco Plus,594,5,3,3,3,3,4,2,5,5,5,5,4,1,3.69,0,0,TRUE
Male,Loyal Customer,62,Personal Travel,Eco,251,2,1,2,4,2,2,2,2,1,3,4,3,2,2.31,40,33,FALSE
Female,Disloyal Customer,30,Business Travel,Eco,191,3,4,3,1,3,3,3,3,2,1,3,4,3,2.77,19,10,FALSE
Male,Loyal Customer,49,Personal Travel,Eco Plus,83,4,5,4,1,4,4,4,4,4,4,4,5,4,3.92,0,0,TRUE
Female,Loyal Customer,18,Personal Travel,Eco,364,3,4,5,3,2,5,2,2,5,2,4,3,2,3.23,0,5,FALSE
Female,Disloyal Customer,36,Business Travel,Business,577,1,1,1,4,2,1,2,2,2,3,3,4,2,2.15,0,0,FALSE
Male,Loyal Customer,38,Business Travel,Eco,363,5,4,4,4,5,5,5,5,4,5,1,2,5,4.15,0,0,TRUE
Male,Loyal Customer,12,Personal Travel,Eco Plus,1091,1,4,1,5,4,1,4,4,4,1,4,5,4,3.23,0,0,FALSE
Female,Loyal Customer,51,Business Travel,Business,2402,4,4,4,4,5,4,4,2,2,2,2,3,3,3.31,4,0,TRUE
Male,Loyal Customer,41,Business Travel,Business,1747,2,2,2,2,5,3,4,5,5,5,5,3,5,3.69,0,0,TRUE
Male,Loyal Customer,60,Personal Travel,Business,334,2,4,2,1,5,4,4,4,4,2,4,3,4,3.31,3,4,FALSE
Male,Loyal Customer,50,Business Travel,Eco,536,2,1,1,1,1,2,1,1,3,2,4,4,1,1.85,0,0,FALSE
Male,Loyal Customer,39,Business Travel,Business,2304,4,4,3,4,1,1,1,4,4,4,4,2,4,3.08,0,0,TRUE
Male,Loyal Customer,43,Personal Travel,Eco,247,3,1,3,3,4,3,4,4,4,1,3,3,4,3.08,0,0,FALSE
Male,Loyal Customer,42,Business Travel,Business,991,2,2,1,2,3,4,5,4,4,4,4,4,5,3.38,3,0,TRUE
Female,Loyal Customer,42,Personal Travel,Eco,773,4,3,4,2,5,3,3,5,5,4,4,1,3,3.54,0,3,FALSE
Female,Loyal Customer,10,Personal Travel,Eco Plus,337,2,5,3,3,3,3,3,3,5,5,4,5,3,3.62,0,2,FALSE
Male,Disloyal Customer,17,Business Travel,Business,1009,4,5,3,3,2,3,2,2,5,5,4,3,2,3.31,17,3,TRUE
Male,Loyal Customer,9,Personal Travel,Eco,148,2,2,2,4,3,2,3,3,2,4,3,2,3,2.69,10,5,FALSE
Female,Loyal Customer,55,Business Travel,Business,1827,5,5,5,5,5,4,5,4,4,4,4,3,5,4.46,0,0,TRUE
Male,Disloyal Customer,37,Business Travel,Eco,205,5,0,4,4,1,4,5,1,4,4,4,5,1,3.23,0,0,TRUE
Male,Loyal Customer,61,Personal Travel,Eco,1218,3,0,3,4,3,3,1,3,1,5,3,4,3,2.77,107,82,FALSE
Male,Loyal Customer,31,Personal Travel,Eco,594,3,2,3,4,3,3,3,3,1,2,4,1,3,2.69,2,0,FALSE
Female,Loyal Customer,45,Business Travel,Eco,1189,4,5,5,5,2,5,1,4,4,4,4,5,1,3.77,0,0,TRUE
Male,Loyal Customer,26,Business Travel,Business,3338,2,1,1,1,2,2,2,2,4,1,4,3,2,2.08,0,0,FALSE
Female,Loyal Customer,24,Personal Travel,Eco,1605,2,4,2,1,3,2,3,3,5,2,5,3,3,2.92,1,0,FALSE
Female,Loyal Customer,38,Business Travel,Eco,842,2,3,3,3,2,2,2,2,2,4,3,2,2,2.46,88,108,FALSE
Male,Loyal Customer,37,Personal Travel,Eco,200,2,4,2,1,1,2,1,1,5,4,4,4,1,2.46,0,0,FALSE
Male,Loyal Customer,58,Business Travel,Business,2781,1,1,1,1,5,4,4,4,4,4,4,5,4,3.23,0,0,TRUE
Female,Loyal Customer,27,Business Travel,Eco,265,4,1,1,1,4,4,4,4,4,3,4,5,4,3.31,0,0,TRUE
Female,Loyal Customer,29,Personal Travel,Eco,607,2,5,2,3,3,2,3,3,5,5,5,5,3,3.54,9,0,FALSE
Male,Loyal Customer,51,Business Travel,Eco,1592,2,3,3,3,2,2,2,2,1,2,2,3,2,2.23,27,8,FALSE
Male,Loyal Customer,47,Business Travel,Business,551,2,2,2,2,4,4,4,5,5,5,5,3,3,3.54,1,0,TRUE
Female,Disloyal Customer,49,Business Travel,Business,1337,3,3,3,1,3,3,3,3,5,2,4,5,3,3.15,13,64,FALSE
Female,Loyal Customer,60,Business Travel,Business,2401,5,5,5,5,2,5,4,5,5,4,5,5,5,4.62,20,6,TRUE
Male,Loyal Customer,21,Business Travel,Business,2676,3,1,2,1,3,3,3,3,1,2,3,3,3,2.38,0,0,FALSE
Female,Loyal Customer,56,Personal Travel,Eco,746,3,1,3,3,4,3,2,5,5,3,3,2,3,3.08,0,0,FALSE
Male,Loyal Customer,60,Business Travel,Business,1953,4,2,2,2,5,2,4,4,4,4,4,4,3,3.38,0,1,FALSE
Female,Loyal Customer,57,Business Travel,Business,2445,1,1,1,1,4,5,5,3,3,3,3,5,4,3,0,0,TRUE
Female,Loyal Customer,44,Personal Travel,Eco,429,3,1,3,3,1,3,2,2,2,3,2,4,1,2.31,0,0,FALSE
Female,Loyal Customer,19,Personal Travel,Eco,404,3,3,3,3,3,3,3,3,1,2,4,1,3,2.69,0,1,FALSE
Male,Loyal Customer,48,Business Travel,Business,3928,4,4,4,4,2,5,4,4,4,4,4,4,4,3.92,0,0,TRUE
Male,Loyal Customer,47,Business Travel,Eco,925,4,4,4,4,5,4,5,5,2,4,4,1,5,3.92,0,5,TRUE
Male,Loyal Customer,39,Personal Travel,Eco,190,3,4,3,1,2,3,2,2,5,4,4,3,2,2.92,0,0,FALSE
Female,Loyal Customer,33,Business Travel,Business,3504,2,5,5,5,3,4,4,2,2,2,2,4,4,3.38,25,14,FALSE
Female,Loyal Customer,51,Business Travel,Eco,416,3,5,5,5,3,3,4,3,3,3,3,4,4,3.69,0,0,FALSE
Male,Disloyal Customer,55,Business Travel,Eco,192,1,3,1,2,5,1,4,5,4,5,2,1,5,3,0,0,FALSE
Male,Loyal Customer,24,Business Travel,Business,3993,2,5,5,5,2,2,2,2,1,3,3,3,2,2.85,23,27,FALSE
Male,Loyal Customer,32,Personal Travel,Business,337,1,2,1,3,3,1,3,3,4,4,4,3,3,2.69,0,0,FALSE
Male,Loyal Customer,70,Personal Travel,Eco,2092,2,2,2,4,3,2,1,3,4,2,4,1,3,2.54,0,0,FALSE
Female,Loyal Customer,47,Business Travel,Business,649,5,5,5,5,2,4,5,3,3,3,3,4,3,3.85,0,0,TRUE
Female,Loyal Customer,68,Personal Travel,Eco Plus,737,1,4,1,3,3,5,4,2,2,1,1,3,3,2.54,0,0,FALSE
Female,Loyal Customer,44,Business Travel,Eco,867,4,1,1,1,5,3,2,4,4,4,4,2,4,3,0,0,TRUE
Male,Loyal Customer,56,Business Travel,Business,599,3,3,3,3,2,5,5,4,4,4,4,5,4,3.77,0,0,TRUE
Female,Loyal Customer,63,Business Travel,Business,2397,2,2,2,2,2,5,3,4,4,4,4,4,3,3.15,0,0,TRUE
Male,Loyal Customer,45,Personal Travel,Eco,121,1,1,1,4,2,1,2,2,3,1,3,3,2,2,0,0,FALSE
Male,Disloyal Customer,47,Business Travel,Eco,157,2,3,2,3,4,2,4,4,3,3,4,4,4,3.23,45,48,FALSE
Female,Loyal Customer,39,Business Travel,Business,2501,0,0,0,5,3,1,5,2,2,2,3,1,1,1.92,21,10,TRUE
Male,Loyal Customer,45,Personal Travel,Eco,594,1,3,1,4,3,1,3,3,1,4,2,5,3,2.62,0,0,FALSE
Female,Loyal Customer,11,Business Travel,Eco,610,5,1,1,1,5,5,5,5,5,4,1,2,5,3.46,82,65,TRUE
Female,Loyal Customer,41,Business Travel,Business,1464,2,2,4,2,2,4,5,3,3,3,3,3,4,3.08,1,0,TRUE
Male,Loyal Customer,48,Business Travel,Eco,213,2,3,3,3,2,2,2,2,3,4,1,1,2,2.31,0,0,TRUE
Female,Disloyal Customer,41,Business Travel,Business,224,3,3,3,4,3,2,2,1,4,4,5,2,2,2.92,262,256,TRUE
Male,Loyal Customer,64,Personal Travel,Eco,447,4,5,4,3,2,4,2,2,1,5,5,4,2,3.31,0,0,FALSE
Female,Loyal Customer,25,Personal Travel,Eco,693,2,5,2,4,3,2,3,3,3,2,5,3,3,3.08,12,29,FALSE
Female,Loyal Customer,46,Personal Travel,Eco,888,5,5,5,1,3,5,5,2,2,5,2,5,4,3.77,0,0,TRUE
Female,Disloyal Customer,25,Business Travel,Business,987,1,0,1,3,1,1,5,1,3,2,5,3,1,2.08,2,0,FALSE
Male,Loyal Customer,20,Personal Travel,Eco Plus,481,2,3,2,4,5,2,1,5,1,1,4,2,5,2.85,0,0,FALSE
Female,Loyal Customer,15,Personal Travel,Eco,611,3,4,3,1,1,3,1,1,5,4,5,3,1,2.69,14,5,FALSE
Male,Loyal Customer,48,Business Travel,Business,950,4,4,3,4,4,5,5,5,5,5,5,4,5,4.46,0,0,TRUE
Female,Loyal Customer,60,Business Travel,Eco Plus,531,1,1,1,1,5,3,3,1,1,1,1,4,4,2.08,37,30,FALSE
Male,Loyal Customer,29,Business Travel,Business,3914,3,1,1,1,3,3,3,3,1,2,4,4,3,2.46,0,0,FALSE
Female,Loyal Customer,52,Business Travel,Business,1677,1,1,1,1,2,4,4,4,4,4,4,3,3,2.77,20,13,TRUE
Female,Loyal Customer,52,Personal Travel,Eco,1671,2,5,2,3,5,1,4,5,5,2,5,2,5,3.54,0,0,FALSE
Female,Loyal Customer,20,Personal Travel,Eco Plus,67,2,5,2,4,2,4,4,3,3,4,5,4,4,3.54,228,232,FALSE
Female,Loyal Customer,57,Business Travel,Business,2797,1,1,1,1,5,5,5,2,5,4,4,5,5,3.38,0,0,TRUE
Female,Loyal Customer,39,Business Travel,Business,369,2,2,2,2,4,3,5,4,4,4,4,5,1,3.23,0,0,TRUE
Male,Loyal Customer,52,Personal Travel,Eco,235,3,5,3,4,3,3,3,3,4,4,4,5,3,3.62,2,7,FALSE
Female,Disloyal Customer,32,Business Travel,Business,271,3,3,3,4,3,3,3,3,4,5,4,5,3,3.54,0,0,FALSE
Male,Disloyal Customer,38,Business Travel,Business,337,5,5,5,1,5,5,5,5,5,5,4,3,5,4.46,18,5,TRUE
Male,Loyal Customer,34,Business Travel,Business,2475,3,3,3,3,3,3,3,4,3,5,4,3,3,3.31,0,0,TRUE
Male,Loyal Customer,57,Personal Travel,Eco,101,5,3,5,3,3,5,3,3,5,3,4,2,3,3.62,0,0,TRUE
Male,Loyal Customer,51,Personal Travel,Eco Plus,2556,2,4,2,2,2,5,5,5,2,3,5,5,5,3.62,3,22,FALSE
Male,Loyal Customer,12,Personal Travel,Business,134,1,1,1,4,1,3,5,2,1,4,3,5,5,2.77,156,168,FALSE
Male,Loyal Customer,52,Personal Travel,Eco,175,2,4,0,2,4,0,4,4,3,3,4,4,4,2.92,4,11,FALSE
Female,Loyal Customer,30,Business Travel,Business,3185,4,4,4,4,4,4,4,4,3,3,4,5,4,3.92,0,4,TRUE
Female,Loyal Customer,39,Business Travel,Business,2807,2,2,2,2,3,3,4,5,5,5,5,3,5,3.54,0,0,TRUE
Male,Loyal Customer,25,Business Travel,Business,3369,1,1,1,1,2,2,2,2,1,2,3,2,2,1.69,0,0,TRUE
Male,Disloyal Customer,25,Business Travel,Business,258,4,0,4,1,4,4,4,4,5,3,5,3,4,3.46,4,0,TRUE
Female,Loyal Customer,56,Business Travel,Eco,766,4,1,1,1,3,3,5,4,4,4,4,1,4,3,18,7,TRUE
Male,Loyal Customer,56,Personal Travel,Eco,1532,3,4,3,4,2,3,2,2,1,1,2,3,2,2.46,0,0,FALSE
Female,Loyal Customer,8,Personal Travel,Eco Plus,444,3,5,3,5,1,3,1,1,5,5,5,3,1,3.15,8,0,FALSE
Male,Loyal Customer,45,Business Travel,Business,854,1,1,1,1,4,4,5,5,5,5,5,5,3,3.46,0,2,TRUE
Female,Disloyal Customer,28,Business Travel,Business,436,5,5,5,5,1,5,1,1,3,2,4,3,1,3.15,0,0,TRUE
Male,Loyal Customer,57,Business Travel,Business,2125,3,3,3,3,4,5,5,5,5,5,5,4,5,4.23,0,0,TRUE
Female,Loyal Customer,22,Business Travel,Business,403,3,1,1,1,3,3,3,3,1,2,3,3,3,2.31,119,107,FALSE
Male,Loyal Customer,15,Personal Travel,Eco Plus,895,1,5,2,3,4,2,4,4,3,2,4,4,4,3.23,0,0,FALSE
Male,Loyal Customer,42,Personal Travel,Eco,677,3,1,3,3,4,3,4,4,1,1,3,1,4,2.69,0,0,FALSE
Male,Loyal Customer,36,Business Travel,Business,2329,1,1,5,1,2,4,5,5,5,5,5,5,5,3.77,10,12,TRUE
Male,Loyal Customer,61,Business Travel,Business,3154,2,2,2,2,5,5,4,5,5,5,5,4,3,3.77,0,6,TRUE
Male,Loyal Customer,42,Business Travel,Business,3965,3,3,3,3,5,5,5,5,5,5,5,5,4,4.31,0,0,TRUE
Male,Loyal Customer,38,Business Travel,Business,160,5,5,5,5,4,3,5,4,4,4,3,5,1,4.08,0,0,TRUE
Male,Loyal Customer,52,Business Travel,Business,316,1,1,1,1,1,3,3,3,3,4,3,5,3,2.46,0,0,TRUE
Male,Loyal Customer,31,Personal Travel,Eco,323,1,3,1,5,3,1,1,3,3,2,2,1,3,2.23,26,26,FALSE
Male,Disloyal Customer,42,Business Travel,Business,2556,2,2,2,5,2,3,3,3,3,4,5,3,3,3.08,25,27,FALSE
Male,Disloyal Customer,25,Business Travel,Business,569,3,4,3,3,2,3,2,2,5,3,4,3,2,3,1,0,FALSE
Male,Loyal Customer,39,Personal Travel,Eco,888,3,3,3,3,2,3,2,2,5,2,4,1,2,2.69,2,0,FALSE
Female,Loyal Customer,28,Business Travel,Business,2218,2,2,2,2,4,4,4,4,3,5,4,4,4,3.38,0,0,TRUE
Female,Loyal Customer,49,Business Travel,Business,3864,3,2,2,2,3,4,4,3,3,2,3,2,2,2.69,0,0,FALSE
Male,Loyal Customer,60,Business Travel,Business,2949,2,2,2,2,4,4,4,5,5,5,5,4,5,3.77,8,11,TRUE
Male,Loyal Customer,54,Business Travel,Business,2563,5,5,2,5,5,5,5,5,5,5,5,4,3,4.54,0,0,TRUE
Male,Loyal Customer,65,Personal Travel,Eco Plus,1771,4,1,4,2,4,4,5,4,2,5,3,1,4,3.31,0,0,FALSE
Male,Loyal Customer,66,Personal Travel,Eco,404,1,4,1,4,4,1,4,4,3,5,5,3,4,3.31,8,13,FALSE
Female,Loyal Customer,40,Business Travel,Business,337,3,3,3,3,2,5,5,4,4,4,4,3,3,3.54,0,0,TRUE
Female,Loyal Customer,41,Personal Travel,Eco,372,5,4,5,2,2,5,2,2,3,2,5,3,2,3.23,0,0,TRUE
Female,Loyal Customer,22,Personal Travel,Eco,632,2,5,2,4,5,2,4,5,4,4,4,5,5,3.92,9,0,FALSE
Female,Disloyal Customer,39,Business Travel,Business,159,5,5,5,3,4,5,4,4,3,2,4,4,4,4,40,44,TRUE
Female,Loyal Customer,58,Business Travel,Eco,302,4,4,4,4,4,3,2,4,4,4,4,1,5,3.62,3,5,TRUE
Male,Disloyal Customer,26,Business Travel,Eco,1199,2,2,2,3,4,2,4,4,3,1,3,3,4,2.85,0,3,FALSE
Female,Loyal Customer,45,Personal Travel,Eco,447,2,5,2,2,4,1,2,1,1,2,1,4,1,2.15,13,0,FALSE
Male,Loyal Customer,17,Personal Travel,Eco,868,3,4,3,3,1,3,1,1,2,4,3,2,1,2.38,0,2,FALSE
Male,Disloyal Customer,33,Business Travel,Eco,143,1,3,1,3,5,1,2,5,5,3,5,1,5,3.08,0,31,FALSE
Male,Disloyal Customer,22,Business Travel,Eco,679,5,5,5,3,3,0,3,3,1,4,5,2,3,3.23,0,0,TRUE
Male,Loyal Customer,57,Personal Travel,Eco,1590,3,1,3,3,5,3,5,5,2,4,2,3,5,3.38,0,0,FALSE
Male,Disloyal Customer,27,Business Travel,Eco,417,1,2,1,4,3,1,5,3,3,1,3,2,3,2.46,37,35,FALSE
Male,Loyal Customer,29,Personal Travel,Eco,1065,5,4,5,4,5,5,5,5,4,4,5,5,5,4.69,7,17,TRUE
Male,Loyal Customer,50,Personal Travel,Eco,2399,2,4,2,4,2,3,3,3,3,4,4,3,3,3.08,4,37,FALSE
Female,Disloyal Customer,42,Business Travel,Eco,447,2,3,2,4,3,2,3,3,4,4,3,1,3,2.85,0,6,FALSE
Male,Loyal Customer,8,Personal Travel,Eco,1744,2,5,1,4,2,1,2,2,4,2,3,4,2,2.62,26,17,FALSE
Female,Loyal Customer,25,Business Travel,Business,1013,3,2,2,2,3,3,3,3,3,3,4,2,3,2.77,50,73,FALSE
Female,Loyal Customer,45,Personal Travel,Eco Plus,507,2,4,4,5,2,5,5,2,2,4,2,4,3,3.38,0,0,FALSE
Male,Loyal Customer,45,Business Travel,Eco,202,2,2,2,2,2,2,2,2,3,5,3,2,2,2.38,0,0,FALSE
Female,Loyal Customer,41,Business Travel,Eco Plus,1448,5,4,4,4,1,3,4,5,5,5,5,1,2,3.69,0,0,TRUE
Female,Loyal Customer,36,Business Travel,Business,2050,1,0,0,3,5,3,4,3,3,0,1,4,3,2.31,5,13,FALSE
Female,Loyal Customer,47,Business Travel,Business,3605,4,4,4,4,4,4,5,5,5,5,5,3,5,4.38,0,0,TRUE
Male,Loyal Customer,30,Business Travel,Business,3411,5,5,2,5,2,2,2,2,5,4,5,3,2,3.38,15,22,TRUE
Female,Loyal Customer,44,Business Travel,Business,361,1,1,1,1,2,5,4,5,5,5,5,4,5,3.38,0,0,TRUE
Male,Disloyal Customer,39,Business Travel,Eco,458,2,3,2,3,4,2,4,4,1,2,3,2,4,2.77,116,122,FALSE
Male,Loyal Customer,40,Business Travel,Eco Plus,407,4,2,2,2,4,4,4,4,2,5,3,2,4,3.23,11,6,FALSE
Female,Loyal Customer,60,Business Travel,Business,896,4,4,4,4,4,5,5,4,4,4,4,5,5,4.31,5,14,TRUE
Female,Loyal Customer,41,Business Travel,Business,599,1,1,1,1,5,5,5,5,5,5,5,5,3,3.62,0,0,TRUE
Male,Loyal Customer,23,Personal Travel,Business,2614,3,1,3,3,4,3,4,4,3,1,3,4,4,3.08,0,0,FALSE
Female,Loyal Customer,40,Business Travel,Business,900,4,1,1,1,3,3,4,4,4,4,4,4,2,3,0,0,FALSE
Male,Disloyal Customer,25,Business Travel,Eco,403,3,1,3,3,5,3,5,5,4,5,3,1,5,3.54,15,6,FALSE
Male,Loyal Customer,41,Business Travel,Business,888,1,1,1,1,5,4,5,5,5,5,5,5,3,3.54,0,0,TRUE
Female,Loyal Customer,13,Personal Travel,Eco,926,1,4,1,3,3,1,3,3,5,4,4,5,3,3.08,0,0,FALSE
Female,Loyal Customer,43,Business Travel,Eco Plus,570,2,1,1,1,1,3,3,1,1,2,1,4,4,1.92,54,46,FALSE
Female,Loyal Customer,22,Business Travel,Eco Plus,417,1,3,3,3,1,1,1,1,3,3,3,3,1,2.08,2,0,FALSE
Male,Loyal Customer,29,Personal Travel,Eco,838,3,4,3,3,2,3,2,2,3,2,5,4,2,2.92,18,18,FALSE
Female,Loyal Customer,53,Business Travel,Business,3184,2,2,2,2,4,4,4,5,5,4,5,3,3,3.46,0,0,TRUE
Female,Loyal Customer,54,Business Travel,Business,1605,4,4,4,4,5,5,5,5,2,4,5,5,5,4.38,223,200,TRUE
Female,Disloyal Customer,39,Business Travel,Business,867,4,5,5,4,2,5,2,2,5,3,4,4,2,3.62,13,10,FALSE
Female,Loyal Customer,61,Personal Travel,Eco,89,1,1,1,3,1,3,3,5,5,1,2,3,2,2.38,0,0,FALSE
Female,Disloyal Customer,35,Business Travel,Eco Plus,1448,2,2,2,4,4,2,4,4,1,4,3,2,4,2.92,0,0,FALSE
Female,Disloyal Customer,32,Business Travel,Eco,272,3,0,3,4,4,3,4,4,1,3,5,1,4,3,0,0,FALSE
Male,Loyal Customer,37,Business Travel,Business,2489,4,4,4,4,2,5,5,5,5,5,5,4,4,4.31,11,1,TRUE
Female,Loyal Customer,55,Personal Travel,Eco,1042,5,5,4,4,2,5,4,2,2,4,2,4,5,3.69,0,0,TRUE
Female,Loyal Customer,47,Business Travel,Business,3584,2,2,2,2,5,4,4,5,5,5,5,5,3,3.77,0,0,TRUE
Female,Disloyal Customer,34,Business Travel,Eco,463,1,0,1,2,1,1,1,1,4,5,2,5,1,1.92,5,8,FALSE
Female,Loyal Customer,53,Personal Travel,Eco Plus,977,3,5,3,3,5,4,5,5,5,3,5,4,5,4.23,0,0,FALSE
Female,Loyal Customer,16,Personal Travel,Eco,696,3,4,3,4,2,3,2,2,4,5,4,5,2,3.31,0,0,FALSE
Male,Disloyal Customer,38,Business Travel,Eco,792,1,1,1,4,5,1,5,5,4,5,3,2,5,3.23,0,0,FALSE
Female,Loyal Customer,59,Business Travel,Eco,1085,2,5,5,5,2,3,3,2,2,2,2,2,1,2.77,0,29,FALSE
Male,Loyal Customer,30,Personal Travel,Eco,563,4,2,4,3,3,4,3,3,3,1,4,1,3,2.92,0,0,FALSE
Male,Loyal Customer,39,Business Travel,Business,2454,2,2,2,2,5,5,5,3,5,4,4,5,5,3.77,0,0,TRUE
Male,Loyal Customer,55,Business Travel,Business,3664,2,2,2,2,2,4,5,5,5,5,4,3,3,3.38,88,91,TRUE
Female,Loyal Customer,22,Business Travel,Business,3492,1,1,1,1,4,4,4,4,5,4,4,4,4,3.15,16,11,TRUE
Male,Loyal Customer,50,Personal Travel,Eco,345,2,4,2,1,5,2,5,5,5,2,5,3,5,3.54,0,0,FALSE
Male,Loyal Customer,50,Business Travel,Business,3766,5,2,5,5,2,4,4,4,4,5,4,5,3,4,35,19,TRUE
Female,Loyal Customer,64,Personal Travel,Eco,558,1,2,1,4,3,4,4,4,4,1,4,4,3,3,0,0,FALSE
Female,Loyal Customer,24,Personal Travel,Eco,2106,5,5,5,3,2,5,2,2,1,1,5,4,2,3.23,0,8,TRUE
Female,Loyal Customer,68,Personal Travel,Eco,2475,2,1,2,4,2,2,2,1,3,3,4,2,2,2.31,1,0,FALSE
Male,Loyal Customer,70,Business Travel,Eco,1411,2,1,1,1,2,2,2,2,2,5,3,2,2,2.08,0,0,FALSE
Female,Disloyal Customer,14,Business Travel,Eco,1197,3,3,3,2,3,3,3,3,3,5,4,5,3,3.31,0,0,FALSE
Male,Loyal Customer,47,Business Travel,Business,2454,5,5,5,5,5,5,5,5,2,5,4,5,5,4.69,9,0,TRUE
Female,Loyal Customer,43,Business Travel,Eco,1046,1,0,0,3,3,3,4,4,4,1,4,4,2,2.54,0,0,FALSE
Female,Loyal Customer,39,Business Travel,Business,2299,1,3,3,3,1,4,3,1,1,1,1,1,1,1.85,0,1,FALSE
Female,Loyal Customer,33,Business Travel,Business,1708,4,4,4,4,3,1,2,2,2,2,2,2,2,2.62,6,19,TRUE
Female,Loyal Customer,65,Business Travel,Business,2149,4,3,2,3,2,3,3,4,4,3,4,3,4,3.23,0,0,FALSE
Male,Loyal Customer,13,Personal Travel,Eco,629,1,1,1,1,3,1,3,3,3,4,1,2,3,2.08,39,18,FALSE
Female,Disloyal Customer,25,Business Travel,Business,602,1,0,1,2,5,1,2,5,4,4,5,3,5,2.92,0,0,FALSE
Female,Loyal Customer,49,Business Travel,Business,2905,5,5,5,5,5,4,4,2,2,2,2,3,5,3.77,4,24,TRUE
Female,Disloyal Customer,23,Business Travel,Business,1215,5,0,5,1,1,5,1,1,3,2,5,4,1,2.62,0,0,TRUE
Female,Loyal Customer,45,Personal Travel,Eco,546,3,3,3,2,1,2,3,2,2,3,2,4,4,2.62,0,0,FALSE
Female,Loyal Customer,8,Business Travel,Eco Plus,802,1,2,5,2,1,1,1,1,1,4,3,2,1,1.92,0,0,FALSE
Male,Loyal Customer,41,Personal Travel,Eco,590,3,3,4,4,4,4,5,4,1,4,4,1,4,3.46,1,13,FALSE
Female,Loyal Customer,53,Personal Travel,Eco,459,4,5,4,4,5,5,4,5,5,4,5,5,5,4.62,0,0,FALSE
Female,Loyal Customer,47,Business Travel,Business,696,4,4,2,4,4,5,5,4,4,4,4,5,4,4.08,1,12,TRUE
Male,Disloyal Customer,43,Business Travel,Eco,693,4,4,4,4,4,4,4,4,3,1,3,4,4,3.62,126,117,FALSE
Female,Loyal Customer,39,Business Travel,Business,3725,5,1,5,5,5,5,1,4,4,4,4,4,1,3.69,0,0,TRUE
Female,Loyal Customer,54,Business Travel,Business,3281,3,5,5,5,4,3,4,3,3,3,3,4,4,3.77,19,7,FALSE
Male,Loyal Customer,19,Personal Travel,Eco,868,4,3,4,4,5,4,5,5,5,5,1,5,5,4.23,0,15,FALSE
Male,Loyal Customer,44,Business Travel,Business,3764,3,3,2,3,5,5,5,4,4,4,4,4,3,3.77,12,0,TRUE
Female,Loyal Customer,44,Business Travel,Business,2454,5,5,5,5,4,4,4,5,4,5,5,4,4,4.54,0,0,TRUE
Female,Loyal Customer,49,Business Travel,Business,2266,4,3,4,4,4,4,5,4,4,4,4,1,1,3.54,28,,TRUE
Female,Loyal Customer,55,Business Travel,Business,2475,5,5,4,5,5,5,5,3,4,3,4,5,5,4.46,0,0,TRUE
Female,Loyal Customer,70,Personal Travel,Eco,1085,1,5,1,2,4,4,5,5,5,1,5,5,5,3.69,0,0,FALSE
Female,Disloyal Customer,37,Business Travel,Eco,1204,1,1,1,2,3,1,3,3,3,4,3,3,3,2.38,0,0,FALSE
Female,Loyal Customer,57,Personal Travel,Eco,125,2,3,2,4,5,2,2,1,1,2,1,4,2,2.38,0,0,FALSE
Female,Loyal Customer,61,Personal Travel,Eco Plus,468,3,5,3,3,4,4,5,4,4,3,4,5,5,4,5,0,FALSE
Female,Loyal Customer,32,Business Travel,Eco Plus,262,4,3,1,3,4,4,4,4,5,1,3,5,4,3.46,0,9,TRUE
Male,Disloyal Customer,28,Business Travel,Eco,1262,3,3,3,3,3,3,3,3,3,4,4,3,3,3.15,0,0,FALSE
Male,Loyal Customer,65,Personal Travel,Eco,591,3,3,3,4,4,3,3,4,5,3,1,2,4,3.23,0,0,FALSE
Female,Loyal Customer,49,Personal Travel,Eco,489,4,3,4,3,2,4,3,2,2,4,3,3,3,3.08,0,0,FALSE
Male,Loyal Customer,44,Business Travel,Business,618,2,3,3,3,3,3,4,2,2,2,2,2,3,2.62,0,0,FALSE
Male,Loyal Customer,24,Personal Travel,Eco,342,4,5,4,1,3,4,3,3,2,1,4,5,3,3.23,37,30,TRUE
Female,Disloyal Customer,44,Business Travel,Eco,1127,1,1,1,3,4,1,4,4,1,2,4,1,4,2.38,0,0,FALSE
Male,Loyal Customer,31,Business Travel,Eco,113,5,5,5,5,5,5,5,5,5,2,3,1,5,4.31,95,121,TRUE
Male,Loyal Customer,57,Personal Travel,Eco,372,3,0,3,4,4,3,4,4,3,3,4,5,4,3.38,0,0,FALSE
Male,Loyal Customer,42,Personal Travel,Eco,409,1,5,1,5,4,1,1,4,3,2,4,1,4,2.77,0,20,FALSE
Female,Loyal Customer,45,Business Travel,Business,761,4,4,4,4,3,1,4,4,4,4,4,4,1,3.46,25,22,TRUE
Female,Disloyal Customer,24,Business Travel,Eco,900,2,2,2,2,3,2,3,3,1,3,5,1,3,2.46,0,0,FALSE
Female,Loyal Customer,23,Business Travel,Eco,1056,2,3,3,3,2,3,2,2,3,5,4,3,2,2.85,0,0,FALSE
Male,Loyal Customer,36,Business Travel,Business,723,2,3,3,3,4,3,3,2,2,2,2,1,2,2.46,0,0,FALSE
Female,Loyal Customer,48,Personal Travel,Eco,301,3,4,3,4,4,5,4,5,5,3,5,3,5,4.08,0,0,FALSE
Male,Loyal Customer,39,Business Travel,Business,837,2,4,2,4,4,4,4,2,2,2,2,1,4,2.85,19,7,FALSE
Male,Loyal Customer,28,Business Travel,Business,1587,1,1,2,1,4,4,4,4,5,4,4,3,4,3.15,4,1,TRUE
Male,Loyal Customer,50,Personal Travel,Eco Plus,1249,3,2,3,4,3,3,3,3,4,2,4,4,3,3.15,8,0,FALSE
Female,Loyal Customer,23,Personal Travel,Business,817,3,2,3,3,2,3,5,2,2,1,3,1,2,2.46,0,0,FALSE
Female,Loyal Customer,42,Business Travel,Business,1744,3,2,2,2,5,1,2,3,3,3,3,3,4,2.77,0,0,FALSE
Male,Disloyal Customer,34,Business Travel,Business,1107,2,2,2,1,3,2,3,3,4,3,2,1,3,2.38,0,0,FALSE
Male,Loyal Customer,48,Business Travel,Business,516,1,1,1,1,5,5,5,3,3,3,3,3,3,2.85,0,0,TRUE
Male,Loyal Customer,22,Personal Travel,Eco Plus,301,3,5,5,4,2,5,2,2,3,5,5,5,2,3.69,0,0,FALSE
Male,Loyal Customer,59,Personal Travel,Eco,285,5,4,5,3,1,5,1,1,4,5,1,3,1,3,0,0,TRUE
Male,Loyal Customer,25,Personal Travel,Business,1400,4,2,3,3,5,3,5,5,2,4,3,3,5,3.62,3,0,FALSE
Male,Loyal Customer,47,Business Travel,Business,3827,3,3,3,3,3,5,5,4,4,4,4,3,3,3.62,10,13,TRUE
Male,Loyal Customer,66,Personal Travel,Eco,230,2,3,2,2,1,2,1,1,1,4,2,3,1,1.92,0,0,FALSE
Male,Disloyal Customer,27,Business Travel,Business,1075,3,2,2,4,4,2,4,4,1,1,4,1,4,2.77,0,3,FALSE
Male,Loyal Customer,36,Personal Travel,Eco,404,1,2,1,4,3,1,3,3,1,2,4,4,3,2.46,0,0,FALSE
Male,Disloyal Customer,16,Business Travel,Eco,651,1,5,1,4,1,5,5,4,5,5,5,5,5,3.92,192,185,FALSE
Female,Loyal Customer,43,Business Travel,Business,3281,4,4,4,4,4,1,5,5,5,5,5,5,2,4.08,0,0,TRUE
Female,Disloyal Customer,41,Business Travel,Eco,1744,3,3,3,4,4,3,4,4,4,3,3,1,4,3.31,0,0,FALSE
Male,Loyal Customer,45,Business Travel,Eco,689,3,1,1,1,3,3,3,3,3,4,3,2,3,2.54,31,29,FALSE
Male,Disloyal Customer,18,Business Travel,Eco,569,2,4,2,3,2,2,2,2,3,2,4,2,2,2.46,0,0,FALSE
Male,Loyal Customer,44,Business Travel,Business,3742,3,4,4,4,5,3,3,3,3,3,3,3,1,3.23,0,0,FALSE
Female,Loyal Customer,47,Business Travel,Business,3477,4,4,4,4,5,4,4,5,5,5,5,3,5,4.38,0,0,TRUE
Female,Disloyal Customer,17,Business Travel,Eco,1504,4,5,5,3,5,4,2,5,3,1,1,4,5,3.62,0,0,TRUE
Female,Loyal Customer,23,Business Travel,Business,594,5,5,5,5,5,5,5,5,4,4,1,5,5,4.54,0,12,TRUE
Female,Disloyal Customer,35,Business Travel,Business,342,2,2,2,3,3,2,4,3,3,4,5,5,3,3.15,0,0,FALSE
Male,Loyal Customer,42,Business Travel,Eco,120,1,3,3,3,1,1,1,1,4,5,3,4,1,2.38,0,0,FALSE
Female,Loyal Customer,59,Business Travel,Business,3843,5,5,5,5,2,5,5,4,4,4,4,4,3,4.23,55,51,TRUE
Female,Disloyal Customer,27,Business Travel,Eco,987,2,2,2,1,5,2,5,5,1,5,1,2,5,2.92,1,0,FALSE
Male,Loyal Customer,23,Business Travel,Business,395,3,2,2,2,3,3,3,3,4,2,3,4,3,2.85,56,55,FALSE
Male,Loyal Customer,10,Personal Travel,Business,588,3,4,3,2,4,3,4,4,1,5,4,1,4,3.23,113,112,FALSE
Male,Loyal Customer,23,Personal Travel,Eco,442,3,5,3,3,2,3,2,2,3,4,5,3,2,3.08,3,0,FALSE
Male,Loyal Customer,45,Business Travel,Business,2025,3,3,3,3,5,4,5,4,4,4,5,5,4,4,0,0,TRUE
Female,Loyal Customer,53,Business Travel,Eco,725,1,3,3,3,3,4,4,1,1,1,1,4,1,2.31,12,22,FALSE
Female,Loyal Customer,36,Business Travel,Business,2855,1,1,1,1,5,4,3,5,5,5,5,5,3,3.38,36,9,TRUE
Male,Loyal Customer,51,Business Travel,Business,1820,3,3,3,3,3,5,5,4,4,4,4,3,3,3.62,5,1,TRUE
Male,Loyal Customer,49,Business Travel,Eco Plus,794,4,1,1,1,4,4,4,4,5,5,5,2,4,3.38,0,0,TRUE
Female,Loyal Customer,58,Business Travel,Business,1927,2,2,2,2,4,5,5,5,5,5,5,5,4,3.92,0,18,TRUE
Female,Disloyal Customer,17,Business Travel,Eco,409,4,3,4,4,3,4,3,3,4,2,3,4,3,3.38,87,78,FALSE
Male,Disloyal Customer,24,Business Travel,Eco,569,2,2,2,4,3,2,3,3,4,1,3,2,3,2.62,0,0,FALSE
Female,Disloyal Customer,29,Business Travel,Eco,853,1,1,1,4,3,1,3,3,4,2,4,3,3,2.54,5,21,FALSE
Male,Loyal Customer,54,Business Travel,Business,280,0,0,0,4,4,5,4,2,2,1,1,4,5,2.46,0,0,TRUE
Male,Loyal Customer,40,Business Travel,Business,3870,2,2,2,2,4,4,5,3,3,3,3,3,4,3.08,48,41,TRUE
Female,Loyal Customer,41,Business Travel,Business,570,5,5,5,5,2,4,4,5,5,5,5,3,4,4.38,4,13,TRUE
Female,Loyal Customer,49,Business Travel,Business,3299,4,4,4,4,2,5,5,5,5,5,5,5,3,4.31,0,0,TRUE
Male,Disloyal Customer,23,Business Travel,Eco,1197,4,5,5,1,4,5,4,4,3,5,4,3,4,3.92,0,0,FALSE
Male,Loyal Customer,58,Personal Travel,Business,248,3,2,3,3,4,3,3,5,5,3,5,1,3,3.31,20,19,FALSE
Male,Loyal Customer,51,Personal Travel,Eco,134,0,1,0,4,5,0,5,5,1,5,3,1,5,2.69,2,12,TRUE
Male,Loyal Customer,41,Business Travel,Business,3726,4,4,1,4,2,5,5,2,2,2,2,4,4,3.15,30,9,TRUE
Female,Loyal Customer,24,Business Travel,Eco,481,0,5,0,2,4,0,4,4,3,1,4,4,4,2.69,21,85,TRUE
Female,Loyal Customer,48,Business Travel,Business,2010,2,2,2,2,3,3,4,2,2,2,2,5,3,2.62,5,13,TRUE
Female,Loyal Customer,45,Personal Travel,Eco,590,2,4,2,4,4,4,4,5,5,2,1,4,5,3.54,25,27,FALSE
Female,Loyal Customer,60,Personal Travel,Eco,395,0,5,0,3,4,4,5,1,1,0,1,4,3,2.38,0,0,TRUE
Male,Loyal Customer,41,Personal Travel,Eco,602,2,4,2,3,4,2,4,4,4,3,5,4,4,3.46,29,72,FALSE
Female,Loyal Customer,34,Business Travel,Business,341,0,0,0,2,4,4,5,5,5,3,3,4,3,2.92,1,5,TRUE
Male,Disloyal Customer,29,Business Travel,Eco,1180,3,3,3,3,4,3,4,4,1,2,4,4,4,3.23,0,0,FALSE
Female,Loyal Customer,21,Personal Travel,Eco,683,4,5,3,2,3,3,3,3,4,2,4,4,3,3.31,0,0,TRUE
Male,Loyal Customer,50,Business Travel,Business,1269,1,1,1,1,2,5,5,4,4,4,4,5,5,3.23,0,0,TRUE
Male,Disloyal Customer,25,Business Travel,Eco,1416,3,2,2,4,1,3,1,1,2,5,4,4,1,2.54,86,96,FALSE
Female,Loyal Customer,15,Personal Travel,Eco Plus,1276,3,4,3,2,2,3,2,2,3,5,3,5,2,3,0,7,FALSE
Male,Loyal Customer,39,Business Travel,Eco,236,3,2,4,2,3,3,3,3,3,4,4,3,3,3.08,0,0,FALSE
Female,Loyal Customer,39,Personal Travel,Eco,364,4,3,4,4,1,4,1,1,4,3,2,4,1,2.77,93,97,FALSE
Male,Loyal Customer,57,Business Travel,Business,1853,3,3,3,3,4,4,5,4,4,4,5,3,4,3.77,2,0,TRUE
Female,Loyal Customer,30,Personal Travel,Eco,501,3,4,3,3,1,3,1,1,5,4,5,3,1,2.85,0,0,FALSE
Male,Loyal Customer,39,Business Travel,Business,515,3,3,3,3,5,5,4,5,5,5,5,3,4,4.08,1,0,TRUE
Female,Loyal Customer,40,Business Travel,Business,1832,2,2,2,2,3,4,5,4,4,4,4,3,4,3.31,0,0,TRUE
Female,Loyal Customer,31,Personal Travel,Eco,432,5,5,5,4,2,5,2,2,3,3,5,2,2,3.46,0,0,TRUE
Male,Loyal Customer,36,Business Travel,Business,2631,4,4,4,4,5,5,5,1,1,4,5,5,5,4,0,30,TRUE
Female,Loyal Customer,44,Personal Travel,Eco,1089,2,3,2,1,4,5,4,2,2,2,2,4,4,2.85,21,0,FALSE
Female,Loyal Customer,55,Business Travel,Business,3252,3,3,3,3,2,4,5,5,5,4,5,5,4,3.92,12,0,TRUE
Male,Loyal Customer,54,Personal Travel,Eco Plus,563,4,5,4,4,5,4,5,5,3,2,5,5,5,4.31,1,0,FALSE
Male,Loyal Customer,44,Business Travel,Business,3551,4,4,4,4,5,5,4,5,5,5,5,3,4,4.38,19,9,TRUE
Female,Loyal Customer,64,Personal Travel,Eco Plus,473,3,3,1,3,3,1,3,3,3,1,3,4,5,2.77,7,0,FALSE
Male,Loyal Customer,43,Business Travel,Eco,1235,5,4,4,4,5,5,5,5,4,3,3,4,5,4.31,0,0,TRUE
Female,Loyal Customer,22,Personal Travel,Eco,122,2,4,0,4,3,0,3,3,4,4,3,2,3,2.69,0,0,FALSE
Female,Loyal Customer,47,Business Travel,Eco,925,4,3,3,3,1,4,3,4,4,4,4,2,2,3.15,0,0,FALSE
Female,Loyal Customer,38,Business Travel,Eco Plus,484,4,1,1,1,4,3,4,4,3,2,3,1,4,2.69,32,27,FALSE
Female,Disloyal Customer,39,Business Travel,Business,258,4,4,4,3,5,4,5,5,4,5,3,3,5,4.15,0,0,TRUE
Female,Loyal Customer,61,Personal Travel,Eco,1389,1,5,0,3,2,4,4,3,3,0,3,4,4,2.77,0,0,FALSE
Female,Disloyal Customer,38,Business Travel,Eco,854,3,3,3,4,3,3,5,3,2,4,3,4,3,3.31,11,7,FALSE
Female,Loyal Customer,43,Business Travel,Business,2586,5,5,5,5,5,5,5,5,2,5,5,5,5,4.77,15,33,TRUE
Male,Loyal Customer,7,Personal Travel,Eco,621,1,4,1,4,2,1,2,2,2,2,1,3,2,2.08,0,0,FALSE
Male,Loyal Customer,46,Business Travel,Business,2182,0,4,0,2,4,4,5,4,4,4,4,3,3,3.15,0,0,TRUE
Female,Loyal Customer,56,Business Travel,Business,1999,3,3,3,3,3,4,5,4,4,4,4,5,4,3.77,0,0,TRUE
Male,Loyal Customer,41,Personal Travel,Eco,1222,1,0,1,4,2,1,2,2,2,3,5,2,2,2.08,0,0,FALSE
Female,Loyal Customer,23,Personal Travel,Eco,546,3,1,3,3,5,3,5,5,3,2,4,1,5,3.31,8,13,FALSE
Male,Loyal Customer,45,Business Travel,Business,1946,2,2,2,2,4,5,5,5,5,5,5,4,5,3.92,28,29,TRUE
Female,Loyal Customer,40,Business Travel,Business,2306,2,2,2,2,5,4,5,4,4,4,4,5,4,3.62,0,0,TRUE
Female,Loyal Customer,57,Personal Travel,Eco,785,4,4,4,3,4,5,4,4,4,4,4,5,4,4.08,0,7,FALSE
Female,Loyal Customer,18,Personal Travel,Eco,1294,1,4,1,2,1,1,1,1,5,5,3,3,1,2.23,9,21,FALSE
Female,Loyal Customer,68,Business Travel,Business,3844,1,5,5,5,4,4,4,3,3,3,1,3,2,3.31,0,0,FALSE
Male,Loyal Customer,50,Business Travel,Business,1124,3,1,1,1,3,2,2,3,3,3,3,1,2,2.15,0,0,FALSE
Female,Disloyal Customer,24,Business Travel,Eco,1167,2,2,2,2,2,2,2,2,4,5,4,3,2,2.62,0,0,FALSE
Male,Loyal Customer,36,Business Travel,Business,3163,2,2,2,2,3,4,5,5,5,5,5,4,3,3.62,0,0,TRUE
Male,Disloyal Customer,41,Business Travel,Eco,328,1,5,1,3,3,1,3,3,4,3,5,2,3,2.85,0,0,FALSE
Male,Loyal Customer,37,Business Travel,Business,2684,1,0,0,2,3,3,2,3,3,0,5,1,3,2,0,6,FALSE
Male,Disloyal Customer,23,Business Travel,Eco,843,3,3,3,4,3,4,4,5,5,5,5,4,4,4,134,120,FALSE
Female,Loyal Customer,45,Business Travel,Business,794,1,1,1,1,3,2,2,2,2,2,2,1,4,1.85,8,2,TRUE
Male,Loyal Customer,38,Business Travel,Business,3144,1,2,2,2,5,4,4,1,1,1,1,3,3,2.31,0,2,FALSE
Female,Loyal Customer,32,Business Travel,Business,1547,4,1,1,1,4,4,4,4,4,3,3,3,4,3.08,4,13,FALSE
Male,Disloyal Customer,23,Business Travel,Eco,1562,1,1,1,3,5,1,5,5,2,2,2,3,5,2.77,14,0,FALSE
Male,Loyal Customer,68,Personal Travel,Eco,190,3,3,0,4,1,0,1,1,4,3,4,2,1,2.08,20,30,FALSE
Female,Disloyal Customer,36,Business Travel,Eco,228,3,0,3,2,3,3,3,3,2,3,4,5,3,2.85,0,0,FALSE
Male,Loyal Customer,40,Personal Travel,Eco,227,3,2,3,3,5,3,5,5,2,5,4,1,5,3.54,1,15,FALSE
Female,Loyal Customer,42,Business Travel,Business,2927,2,2,2,2,4,2,5,4,4,4,4,2,2,3,1,0,TRUE
Female,Loyal Customer,64,Business Travel,Business,987,5,3,3,3,4,3,3,5,5,4,5,3,1,3.62,2,7,FALSE
Male,Loyal Customer,41,Business Travel,Business,1609,4,4,4,4,2,5,5,5,5,5,5,5,5,4.46,11,0,TRUE
Male,Disloyal Customer,26,Business Travel,Business,236,3,4,3,3,1,3,1,1,3,3,4,3,1,2.54,0,0,FALSE
Female,Disloyal Customer,27,Business Travel,Business,862,3,2,2,3,2,2,4,2,3,5,5,5,2,3.08,8,11,FALSE
Male,Loyal Customer,34,Business Travel,Business,772,4,4,4,4,1,3,5,5,5,5,5,4,4,4.08,0,3,TRUE
Female,Loyal Customer,59,Personal Travel,Eco,733,1,5,1,3,3,3,5,2,2,1,2,4,3,2.69,0,9,FALSE
Male,Disloyal Customer,58,Business Travel,Eco,296,2,1,2,3,1,2,1,1,4,4,3,2,1,2.08,43,46,FALSE
Male,Disloyal Customer,26,Business Travel,Eco,605,2,3,2,4,5,2,5,5,4,5,3,3,5,3.69,3,0,FALSE
Female,Disloyal Customer,30,Business Travel,Eco,101,3,1,3,3,4,3,4,4,1,3,4,2,4,3,0,2,FALSE
Male,Loyal Customer,38,Business Travel,Business,2457,1,1,2,1,3,3,3,4,4,3,4,3,3,2.69,0,0,TRUE
Male,Loyal Customer,38,Business Travel,Eco,288,2,2,2,2,2,2,2,2,2,1,4,1,2,2,7,0,FALSE
Female,Loyal Customer,63,Business Travel,Business,1235,3,5,5,5,3,4,3,3,3,3,3,3,4,3.62,39,24,FALSE
Female,Loyal Customer,50,Business Travel,Eco,1399,1,2,2,2,4,3,4,1,1,1,1,1,4,2.08,0,5,FALSE
Female,Loyal Customer,16,Personal Travel,Eco,2486,2,1,1,3,4,1,5,4,1,1,1,2,4,2.31,2,4,FALSE
Male,Loyal Customer,44,Business Travel,Business,2216,4,4,4,4,2,4,5,4,4,4,4,5,3,3.92,1,0,TRUE
Female,Loyal Customer,65,Personal Travel,Eco,1024,2,1,2,2,3,2,1,3,3,2,3,1,1,2,8,0,FALSE
Female,Loyal Customer,62,Business Travel,Business,3855,5,5,5,5,1,4,3,5,5,5,5,1,5,4.15,0,0,TRUE
Female,Disloyal Customer,19,Business Travel,Eco,431,2,1,2,4,2,4,5,1,3,4,4,5,5,3.23,103,242,FALSE
Male,Loyal Customer,44,Business Travel,Eco Plus,369,3,3,3,3,3,3,3,3,1,2,3,2,3,2.69,7,0,FALSE
Female,Disloyal Customer,27,Business Travel,Eco,946,3,3,3,3,4,3,3,4,4,3,3,2,4,3.23,9,1,FALSE
Female,Loyal Customer,40,Business Travel,Business,2089,1,1,1,1,4,5,5,5,5,5,5,3,5,3.54,0,0,TRUE
Male,Loyal Customer,44,Business Travel,Business,1346,1,1,1,1,5,5,5,4,4,4,4,3,4,3.23,3,0,TRUE
Female,Loyal Customer,44,Personal Travel,Eco,1927,4,5,4,3,4,4,5,2,2,4,2,5,3,3.62,0,0,TRUE
Male,Disloyal Customer,23,Business Travel,Business,1389,4,5,3,3,5,3,5,5,4,2,5,5,5,4.15,0,0,TRUE
Male,Loyal Customer,45,Business Travel,Business,1506,4,4,4,4,3,4,4,2,2,2,2,3,4,3.23,0,0,TRUE
Male,Loyal Customer,46,Business Travel,Eco,344,4,4,4,4,4,4,4,4,3,4,4,4,4,3.92,75,65,TRUE
Female,Disloyal Customer,18,Business Travel,Eco,643,2,0,2,3,1,2,1,1,5,3,1,3,1,1.92,53,46,FALSE
Female,Disloyal Customer,32,Business Travel,Business,667,1,1,1,3,4,1,4,4,4,2,4,5,4,2.92,2,0,FALSE
Male,Loyal Customer,37,Business Travel,Business,3984,4,4,4,4,2,5,5,4,4,4,5,3,3,3.92,14,1,TRUE
Male,Loyal Customer,60,Personal Travel,Eco,328,1,3,4,5,4,4,5,4,2,4,1,3,4,3.38,0,5,FALSE
Female,Loyal Customer,57,Personal Travel,Eco,543,1,0,1,3,5,5,4,1,1,1,1,4,3,2.31,0,0,FALSE
Male,Loyal Customer,41,Business Travel,Business,1949,1,1,1,1,3,4,4,5,5,5,5,3,3,3.15,0,0,TRUE
Male,Disloyal Customer,20,Business Travel,Business,327,4,0,4,2,3,4,3,3,3,5,5,5,3,3.38,16,6,TRUE
Male,Loyal Customer,41,Business Travel,Business,308,3,3,3,3,1,3,2,5,5,5,5,2,1,3.15,0,0,TRUE
Male,Loyal Customer,57,Business Travel,Business,2504,4,4,4,4,3,3,3,4,4,3,4,3,3,3.54,0,5,TRUE
Male,Loyal Customer,50,Business Travel,Business,3309,2,2,2,2,3,4,4,5,5,5,5,4,5,3.69,35,33,TRUE
Male,Loyal Customer,68,Personal Travel,Eco,590,3,3,3,3,5,3,4,5,3,4,3,3,5,3.62,20,10,FALSE
Female,Loyal Customer,44,Personal Travel,Business,770,3,4,3,3,2,4,4,2,2,3,2,4,5,3.15,8,71,FALSE
Female,Loyal Customer,30,Business Travel,Eco Plus,2402,2,1,1,1,2,2,2,2,1,1,3,3,2,1.77,3,0,FALSE
Male,Loyal Customer,41,Business Travel,Business,2223,4,4,4,4,1,2,4,5,5,5,5,5,1,3.77,9,4,TRUE
Male,Loyal Customer,44,Business Travel,Eco,1012,1,2,1,2,1,1,1,2,4,2,3,1,1,1.69,256,257,FALSE
Male,Loyal Customer,10,Personal Travel,Eco,224,3,4,0,2,3,0,3,3,5,4,5,4,3,3,0,0,FALSE
Female,Loyal Customer,28,Business Travel,Business,954,1,3,3,3,1,1,1,1,2,2,3,2,1,1.85,52,56,FALSE
Female,Loyal Customer,65,Personal Travel,Eco,1703,3,2,4,4,2,3,3,1,1,4,1,4,4,2.77,1,11,FALSE
Male,Loyal Customer,50,Business Travel,Business,1048,5,5,5,5,5,4,4,4,4,4,4,4,4,4.38,0,0,TRUE
Male,Loyal Customer,45,Personal Travel,Eco,163,2,5,2,1,3,2,3,3,1,1,4,5,3,2.69,0,0,FALSE
Male,Loyal Customer,52,Business Travel,Business,516,2,1,2,2,1,2,3,2,2,2,2,4,4,2.23,104,94,TRUE
Female,Disloyal Customer,22,Business Travel,Business,545,0,0,0,3,4,0,4,4,2,1,4,1,4,2.08,1,4,TRUE
Female,Disloyal Customer,26,Business Travel,Business,282,5,0,5,3,1,5,1,1,3,2,5,4,1,2.77,0,0,TRUE
Male,Disloyal Customer,34,Personal Travel,Eco,789,2,5,2,2,5,2,1,5,3,5,5,4,5,3.54,0,0,FALSE
Male,Loyal Customer,11,Personal Travel,Eco,1258,2,1,2,3,4,2,4,4,3,5,1,1,4,2.77,17,20,FALSE
Female,Disloyal Customer,24,Business Travel,Eco,1034,4,4,4,4,4,4,4,4,3,2,5,3,4,3.77,7,0,TRUE
Male,Loyal Customer,16,Personal Travel,Eco,1542,2,4,2,1,1,2,1,1,4,3,3,3,1,2.15,0,0,FALSE
Female,Loyal Customer,9,Personal Travel,Eco,1013,4,5,4,5,4,4,4,4,5,4,1,4,4,4,12,68,FALSE
Male,Loyal Customer,40,Business Travel,Eco,689,5,1,1,1,5,5,5,5,2,4,2,1,5,3.23,0,7,TRUE
Female,Loyal Customer,52,Personal Travel,Eco Plus,200,4,4,0,4,5,5,3,4,4,0,5,3,5,3.54,0,0,FALSE
Female,Loyal Customer,43,Personal Travel,Eco,302,1,5,1,4,2,4,4,1,1,1,5,3,5,2.85,0,9,FALSE
Female,Loyal Customer,52,Business Travel,Business,3386,1,1,1,1,3,5,5,5,5,5,5,5,4,3.54,0,4,TRUE
Male,Disloyal Customer,21,Business Travel,Eco,588,2,0,2,4,2,2,2,2,2,3,4,5,2,2.46,2,0,FALSE
Female,Loyal Customer,74,Business Travel,Business,3256,3,3,3,3,2,5,4,5,5,5,5,5,5,4.08,75,131,TRUE
Male,Loyal Customer,60,Business Travel,Business,945,1,4,4,4,2,3,4,1,1,1,1,4,2,2.46,7,16,FALSE
Female,Loyal Customer,45,Business Travel,Eco,150,4,5,5,5,5,3,1,4,4,4,4,2,1,3.62,0,0,TRUE
Male,Loyal Customer,52,Business Travel,Business,972,1,1,1,1,2,4,5,4,4,4,4,5,2,2.92,0,5,TRUE
Male,Loyal Customer,23,Business Travel,Business,3392,2,2,5,2,2,3,2,2,1,1,3,4,2,2.38,0,30,FALSE
Male,Loyal Customer,60,Business Travel,Business,2615,4,4,4,4,3,4,5,5,5,5,5,5,5,4.46,0,0,TRUE
Male,Loyal Customer,70,Personal Travel,Eco,954,3,4,3,4,5,3,5,5,2,1,4,2,5,3.54,15,26,FALSE
Male,Disloyal Customer,48,Business Travel,Eco,773,1,1,1,3,2,1,4,2,3,2,4,4,2,2.31,0,0,FALSE
Male,Loyal Customer,27,Business Travel,Eco Plus,1222,2,5,5,5,2,2,2,2,2,3,3,1,2,2.77,4,0,FALSE
Female,Loyal Customer,49,Personal Travel,Eco Plus,546,3,1,2,3,3,4,3,4,4,2,4,3,2,2.92,0,0,FALSE
Male,Loyal Customer,11,Personal Travel,Eco,1107,3,2,3,3,3,3,3,3,1,4,3,1,3,2.69,0,0,FALSE
Female,Loyal Customer,23,Business Travel,Business,2222,1,2,5,2,4,4,1,4,1,1,3,3,4,2.69,7,12,FALSE
Male,Loyal Customer,48,Personal Travel,Eco,611,1,2,0,3,4,0,3,4,4,2,2,4,4,2.54,0,0,FALSE
Female,Loyal Customer,56,Business Travel,Business,1313,2,2,2,2,3,4,5,3,3,3,3,5,5,3.23,0,0,TRUE
Female,Disloyal Customer,23,Business Travel,Eco,147,5,4,5,2,5,5,5,5,3,2,5,3,5,4.15,0,0,TRUE
Female,Loyal Customer,51,Personal Travel,Eco,1546,2,5,2,1,3,4,4,3,3,2,3,3,4,3,3,0,FALSE
Male,Loyal Customer,43,Business Travel,Business,950,3,3,3,3,2,5,5,4,4,4,4,3,4,3.62,121,131,TRUE
Female,Loyal Customer,55,Business Travel,Eco,1660,1,3,3,3,1,2,4,1,1,1,1,2,2,1.92,13,55,FALSE
Female,Disloyal Customer,25,Business Travel,Business,67,1,0,1,5,3,1,3,3,4,4,4,5,3,2.85,0,0,FALSE
Male,Loyal Customer,47,Business Travel,Eco,663,3,2,2,2,3,3,3,3,1,3,3,4,3,2.69,9,21,FALSE
Female,Loyal Customer,51,Personal Travel,Eco,867,3,5,4,4,5,5,1,1,1,4,1,4,4,3.23,32,88,FALSE
Male,Loyal Customer,17,Personal Travel,Eco,628,3,5,3,3,1,3,2,1,3,4,4,4,1,2.85,64,62,FALSE
Male,Disloyal Customer,45,Business Travel,Eco,460,1,3,1,2,3,1,3,3,1,3,3,2,3,2.23,0,12,FALSE
Male,Loyal Customer,66,Business Travel,Eco Plus,239,4,4,4,4,4,4,4,4,1,1,2,4,4,3.38,0,0,TRUE
Female,Disloyal Customer,62,Business Travel,Business,462,1,1,1,2,1,1,1,1,3,5,5,3,1,2,0,0,FALSE
Male,Loyal Customer,54,Business Travel,Business,3248,3,3,2,3,3,4,4,5,5,5,5,5,4,3.92,17,7,TRUE
Female,Loyal Customer,44,Personal Travel,Eco,802,3,1,3,3,3,4,4,5,5,3,2,2,4,3.23,0,0,FALSE
Male,Loyal Customer,46,Business Travel,Business,2698,3,3,3,3,4,3,3,3,3,3,3,4,3,3.15,0,21,FALSE
Male,Loyal Customer,42,Business Travel,Business,2165,1,1,4,1,5,4,4,5,5,5,5,3,4,3.62,0,0,TRUE
Female,Loyal Customer,41,Business Travel,Business,3574,4,4,4,4,5,5,5,5,5,5,5,5,4,4.62,0,0,TRUE
Male,Loyal Customer,41,Business Travel,Eco,337,3,1,1,1,3,3,3,3,1,4,3,4,3,2.54,85,86,FALSE
Female,Disloyal Customer,22,Business Travel,Business,229,2,3,2,3,2,2,2,2,1,4,3,4,2,2.46,37,37,FALSE
Male,Disloyal Customer,35,Business Travel,Business,909,3,3,3,4,5,3,5,5,3,2,4,4,5,3.77,0,8,FALSE
Male,Loyal Customer,28,Personal Travel,Eco,840,1,5,1,4,2,1,2,2,5,2,5,3,2,2.69,0,0,FALSE
Male,Loyal Customer,35,Personal Travel,Business,247,1,4,0,2,4,4,4,3,3,0,3,5,5,2.92,0,0,FALSE
Male,Loyal Customer,49,Business Travel,Business,650,3,3,3,3,5,5,4,5,5,5,5,3,5,4.15,0,0,TRUE
Female,Loyal Customer,30,Business Travel,Business,2129,3,3,3,3,4,4,4,4,3,2,1,1,4,3,0,0,TRUE
Female,Loyal Customer,64,Business Travel,Eco,115,1,4,4,4,3,4,3,1,1,1,1,3,4,2.62,65,61,FALSE
Male,Loyal Customer,58,Business Travel,Business,1608,1,1,1,1,5,4,4,5,5,5,5,5,4,3.54,0,0,TRUE
Male,Loyal Customer,25,Personal Travel,Eco,631,2,5,2,1,2,2,4,2,2,4,5,1,2,2.62,0,0,FALSE
Female,Loyal Customer,45,Business Travel,Business,1890,3,3,4,3,4,4,5,4,4,4,4,4,3,3.77,0,0,TRUE
Male,Disloyal Customer,39,Business Travel,Eco,597,2,0,2,1,2,2,2,2,1,3,5,2,2,2,9,5,FALSE
Female,Loyal Customer,49,Business Travel,Business,888,5,5,5,5,5,5,5,5,5,5,5,3,5,4.85,5,0,TRUE
Female,Loyal Customer,60,Personal Travel,Eco,2075,2,5,2,3,3,4,4,4,4,2,4,5,4,3.54,0,0,FALSE
Male,Loyal Customer,56,Business Travel,Business,2662,4,4,4,4,2,5,5,3,3,3,3,4,3,3.62,0,0,TRUE
Male,Loyal Customer,54,Business Travel,Business,1299,4,4,5,4,5,4,4,4,4,4,4,5,3,4.15,0,0,TRUE
Male,Loyal Customer,33,Business Travel,Eco,590,0,0,0,1,3,0,3,3,1,1,3,3,3,1.62,73,55,TRUE
Male,Loyal Customer,55,Business Travel,Business,447,3,3,3,3,4,5,4,5,5,5,5,5,5,4.23,0,0,TRUE
Male,Loyal Customer,60,Business Travel,Business,2823,1,1,1,1,4,4,5,5,5,5,5,3,4,3.38,0,0,TRUE
Female,Loyal Customer,52,Business Travel,Business,507,4,4,4,4,4,5,4,4,4,4,4,5,3,4.08,0,5,TRUE
Female,Loyal Customer,66,Personal Travel,Eco,337,2,4,2,3,3,4,4,4,4,2,3,4,5,3.38,76,72,FALSE
Female,Loyal Customer,43,Personal Travel,Eco,247,0,5,0,4,5,4,4,1,1,0,5,3,3,2.69,0,12,TRUE
Male,Loyal Customer,31,Business Travel,Business,1565,1,1,1,1,5,5,5,5,3,3,5,4,5,3.38,7,17,TRUE
Male,Loyal Customer,39,Personal Travel,Eco,393,4,5,4,3,2,4,5,2,4,4,4,5,2,3.69,0,0,FALSE
Male,Disloyal Customer,25,Business Travel,Eco,1035,3,3,3,5,5,3,5,5,3,3,5,3,5,3.92,56,109,FALSE
Male,Loyal Customer,39,Personal Travel,Eco,1010,3,4,3,3,5,3,5,5,5,3,5,5,5,4.15,0,0,FALSE
Female,Disloyal Customer,28,Business Travel,Eco,731,1,1,1,4,3,1,3,3,4,5,3,2,3,2.62,83,95,FALSE
Male,Loyal Customer,7,Personal Travel,Eco,479,2,3,2,4,2,2,2,2,2,5,3,1,2,2.46,0,0,FALSE
Female,Loyal Customer,32,Business Travel,Business,590,2,2,2,2,5,5,5,5,5,3,5,4,5,3.85,11,6,TRUE
Female,Loyal Customer,70,Personal Travel,Eco,678,2,4,2,1,5,5,5,3,3,2,3,3,4,3.23,0,1,FALSE
Female,Loyal Customer,55,Personal Travel,Eco,397,2,2,2,3,5,4,3,1,1,2,1,3,2,2.38,24,13,FALSE
Male,Disloyal Customer,16,Business Travel,Eco,234,4,3,4,3,2,4,2,2,3,2,4,3,2,2.92,0,0,FALSE
Female,Loyal Customer,60,Business Travel,Business,1933,2,2,2,2,3,5,4,3,3,3,3,5,4,3.15,85,80,TRUE
Female,Loyal Customer,49,Business Travel,Business,414,1,1,3,1,4,5,5,5,5,5,5,4,4,3.69,0,0,TRUE
Male,Loyal Customer,33,Business Travel,Eco,108,5,2,2,2,5,5,5,5,3,1,4,1,5,3.46,0,17,TRUE
Female,Loyal Customer,16,Personal Travel,Business,1072,4,5,4,3,2,4,2,2,5,4,4,5,2,3.54,31,25,FALSE
Female,Loyal Customer,29,Business Travel,Eco,201,5,1,1,1,5,5,5,5,2,2,4,5,5,3.54,0,0,TRUE
Male,Disloyal Customer,25,Business Travel,Eco,920,2,2,2,3,4,2,4,4,2,3,4,1,4,2.85,0,0,FALSE
Female,Loyal Customer,56,Business Travel,Eco Plus,106,1,2,2,2,2,4,3,1,1,1,1,2,1,1.77,7,0,FALSE
Male,Loyal Customer,23,Business Travel,Eco,589,1,1,1,1,1,1,1,1,3,5,3,3,1,1.77,0,0,FALSE
Female,Loyal Customer,49,Business Travel,Business,2380,1,3,2,3,3,4,3,1,1,1,1,3,3,2.23,0,0,FALSE
Female,Loyal Customer,34,Business Travel,Business,1721,1,1,1,1,2,4,4,1,1,1,1,2,1,1.62,33,4,FALSE
Female,Disloyal Customer,21,Business Travel,Business,283,4,1,4,5,3,4,1,3,4,3,5,4,3,3.38,1,0,TRUE
Male,Loyal Customer,32,Business Travel,Business,2353,2,2,2,2,4,4,4,4,4,4,4,3,4,3.31,2,0,TRUE
Female,Loyal Customer,71,Business Travel,Eco Plus,612,4,2,2,2,1,4,4,4,4,4,4,2,2,3,0,0,FALSE
Male,Disloyal Customer,19,Business Travel,Eco,483,3,4,3,3,5,3,5,5,1,2,4,2,5,3.46,0,0,FALSE
Male,Loyal Customer,35,Business Travel,Eco,152,5,5,5,5,5,5,5,5,5,4,5,2,5,4.69,41,38,TRUE
Female,Loyal Customer,37,Business Travel,Eco,1037,3,5,5,5,3,3,3,3,1,5,4,2,3,3.46,0,11,FALSE
Male,Loyal Customer,40,Business Travel,Business,1371,5,5,5,5,4,4,4,5,5,5,5,5,5,4.77,26,13,TRUE
Female,Loyal Customer,47,Business Travel,Business,1246,2,2,2,2,4,4,4,4,4,4,4,5,5,3.54,0,0,TRUE
Female,Disloyal Customer,35,Business Travel,Business,2704,2,2,2,4,2,3,4,3,4,5,4,4,4,3.31,0,12,FALSE
Male,Loyal Customer,45,Business Travel,Business,1675,2,2,2,2,4,4,4,5,5,5,5,4,3,3.62,5,0,TRUE
Female,Loyal Customer,53,Business Travel,Business,542,1,1,2,1,4,5,4,5,5,5,5,3,3,3.38,15,31,TRUE
Male,Loyal Customer,53,Business Travel,Business,937,2,2,2,2,4,4,4,4,4,4,4,3,3,3.23,3,10,TRUE
Female,Loyal Customer,40,Business Travel,Business,2504,4,4,4,4,4,4,4,4,5,5,4,4,4,4.15,429,417,TRUE
Male,Loyal Customer,36,Business Travel,Business,190,4,5,4,4,4,1,4,4,4,4,4,3,4,3.77,0,0,TRUE
Female,Loyal Customer,45,Business Travel,Business,429,4,4,4,4,5,5,4,3,3,3,3,2,2,3.54,0,0,TRUE
Female,Disloyal Customer,24,Business Travel,Eco,1056,4,4,4,3,4,4,4,4,3,1,2,3,4,3.38,0,0,TRUE
Male,Loyal Customer,17,Business Travel,Eco Plus,501,2,3,3,3,2,2,1,2,4,1,3,4,2,2.46,0,10,FALSE
Female,Disloyal Customer,54,Business Travel,Business,189,3,3,3,1,2,3,2,2,4,5,4,5,2,3,84,73,FALSE
Female,Disloyal Customer,24,Business Travel,Business,804,0,0,0,3,5,0,5,5,5,5,4,4,5,3.15,3,0,TRUE
Male,Loyal Customer,62,Business Travel,Business,633,1,2,2,2,4,1,3,1,1,1,1,1,3,1.77,0,0,FALSE
Male,Loyal Customer,55,Business Travel,Eco,109,5,5,5,5,5,5,5,5,1,5,3,4,5,4.46,0,0,TRUE
Female,Loyal Customer,52,Business Travel,Business,2995,5,4,5,5,3,4,5,4,4,4,4,4,5,4.31,14,18,TRUE
Female,Loyal Customer,37,Business Travel,Business,3987,4,1,4,1,5,4,3,4,4,4,4,2,2,3.23,0,3,FALSE
Female,Loyal Customer,53,Personal Travel,Eco Plus,2153,3,4,3,3,4,3,4,4,4,3,4,5,5,3.77,0,6,FALSE
Male,Loyal Customer,48,Personal Travel,Eco,854,4,4,4,4,2,4,4,2,4,4,5,4,2,3.62,22,31,FALSE
Female,Loyal Customer,34,Business Travel,Business,3768,3,3,4,4,4,3,3,3,3,3,3,3,1,3.08,26,20,FALSE
Male,Loyal Customer,57,Business Travel,Business,3109,3,3,3,3,5,4,5,4,4,4,4,5,3,3.85,0,0,TRUE
Male,Loyal Customer,30,Business Travel,Business,3092,3,2,2,2,3,3,3,3,1,1,1,1,3,2.15,14,14,FALSE
Female,Loyal Customer,67,Personal Travel,Eco Plus,1437,3,2,3,3,4,4,4,4,4,3,4,4,3,3.46,0,0,FALSE
Female,Loyal Customer,59,Personal Travel,Eco,1013,3,4,3,5,3,3,5,4,4,3,1,1,4,3.31,6,61,FALSE
Female,Loyal Customer,34,Business Travel,Business,2521,4,4,4,4,4,4,4,4,5,5,4,4,4,4.15,52,48,TRUE
Male,Loyal Customer,19,Personal Travel,Eco,1362,4,4,5,3,1,5,1,1,3,5,4,3,1,3.08,28,21,FALSE
Female,Loyal Customer,27,Business Travel,Business,2093,4,3,3,3,4,4,4,4,1,2,4,1,4,3.15,13,4,FALSE
Male,Loyal Customer,63,Business Travel,Eco Plus,115,4,1,1,1,4,4,4,4,4,4,4,4,4,3.31,0,2,TRUE
Male,Loyal Customer,36,Business Travel,Business,1521,4,4,5,4,2,4,5,5,5,5,5,3,5,4.31,0,0,TRUE
Male,Disloyal Customer,22,Business Travel,Eco,529,4,1,4,2,5,4,5,5,5,2,3,1,5,3.54,31,7,TRUE
Female,Disloyal Customer,22,Business Travel,Eco,814,4,4,4,4,4,4,4,4,4,4,4,2,4,3.85,47,39,FALSE
Female,Disloyal Customer,45,Business Travel,Eco,987,1,1,1,1,5,1,5,5,1,3,5,2,5,2.77,0,0,FALSE
Male,Loyal Customer,53,Business Travel,Business,1565,5,5,5,5,5,5,5,4,4,4,5,5,1,4.46,0,0,TRUE
Female,Loyal Customer,52,Business Travel,Business,3389,4,4,4,4,4,2,4,4,4,4,3,4,4,3.77,5,20,TRUE
Male,Loyal Customer,44,Business Travel,Business,3647,5,5,2,5,1,3,4,5,5,5,5,5,2,4,0,0,TRUE
Female,Loyal Customer,45,Business Travel,Eco,371,5,5,5,5,5,5,5,3,5,3,4,5,5,4.62,133,120,TRUE
Male,Loyal Customer,52,Business Travel,Business,2348,3,2,2,2,5,4,4,3,3,3,3,2,1,2.85,17,21,FALSE
Female,Loyal Customer,45,Business Travel,Eco,913,1,3,3,3,3,3,4,1,1,1,1,1,2,2.08,0,0,FALSE
Male,Loyal Customer,47,Personal Travel,Eco,321,3,3,3,2,4,3,4,4,3,5,2,3,4,3.31,0,0,FALSE
Male,Loyal Customer,46,Business Travel,Eco Plus,472,4,3,3,3,4,4,4,4,1,4,2,5,4,3.46,0,0,TRUE
Female,Loyal Customer,46,Business Travel,Business,403,5,5,5,5,1,4,5,4,4,4,4,1,3,3.85,0,0,TRUE
Male,Loyal Customer,53,Business Travel,Business,1450,2,3,3,3,4,3,3,2,2,2,2,4,1,2.62,0,0,FALSE
Female,Loyal Customer,30,Business Travel,Business,1337,1,1,1,1,3,4,3,3,3,3,5,3,3,2.62,0,0,TRUE
Male,Disloyal Customer,24,Business Travel,Eco,591,0,5,0,4,2,0,2,2,3,4,5,4,2,2.54,0,0,TRUE
Female,Loyal Customer,24,Personal Travel,Eco,1476,3,4,3,2,4,3,4,4,4,5,2,5,4,3.62,0,0,FALSE
Female,Loyal Customer,56,Personal Travel,Eco,296,1,2,1,4,1,3,3,3,3,1,3,4,3,2.46,0,0,FALSE
Male,Loyal Customer,58,Personal Travel,Eco Plus,1609,4,5,4,2,5,4,5,5,5,4,5,5,5,4.46,2,0,TRUE
Male,Loyal Customer,43,Personal Travel,Eco,507,2,1,2,4,5,2,5,5,1,5,4,1,5,3.23,0,5,FALSE
Female,Loyal Customer,52,Personal Travel,Eco,846,4,3,4,1,2,3,2,5,5,4,5,2,4,3.38,0,0,TRUE
Female,Disloyal Customer,29,Business Travel,Business,469,2,2,2,3,4,2,4,4,4,5,5,5,4,3.54,0,0,FALSE
Male,Disloyal Customer,28,Business Travel,Business,1045,4,4,4,3,1,4,1,1,4,2,4,4,1,2.85,0,0,TRUE
Male,Disloyal Customer,30,Business Travel,Business,2358,3,3,3,3,3,3,3,3,1,1,4,3,3,2.77,0,0,FALSE
Male,Loyal Customer,14,Personal Travel,Eco,1258,1,4,1,3,4,1,4,4,5,5,4,3,4,3.31,0,10,FALSE
Female,Loyal Customer,9,Personal Travel,Eco,631,2,4,2,1,3,2,3,3,4,3,5,3,3,2.92,0,0,FALSE
Male,Disloyal Customer,25,Business Travel,Business,526,1,0,1,4,5,1,5,5,4,5,5,4,5,3.46,0,16,FALSE
Male,Loyal Customer,45,Business Travel,Eco,1592,1,5,2,5,1,1,1,1,2,5,2,4,1,2.38,0,0,FALSE
Male,Loyal Customer,26,Business Travel,Business,2161,5,4,4,4,5,4,5,5,3,2,4,2,5,4,0,0,FALSE
Female,Loyal Customer,26,Personal Travel,Eco,293,2,1,2,4,2,2,2,2,4,5,3,4,2,2.69,11,18,FALSE
Male,Loyal Customer,17,Business Travel,Eco Plus,405,5,5,5,5,5,5,4,5,4,3,1,3,5,4.23,0,0,TRUE
Female,Loyal Customer,39,Business Travel,Business,1732,1,1,1,1,5,1,3,4,4,4,4,1,5,2.69,14,14,TRUE
Male,Loyal Customer,24,Business Travel,Eco,689,5,1,1,1,5,4,5,5,4,3,5,4,5,3.69,3,0,TRUE
Male,Loyal Customer,49,Business Travel,Business,2718,2,2,2,2,4,5,5,4,4,4,4,4,5,3.62,0,9,TRUE
Male,Disloyal Customer,23,Business Travel,Eco,576,3,4,3,3,4,3,2,4,3,2,3,1,4,3,0,0,FALSE
Female,Loyal Customer,39,Business Travel,Eco,395,5,5,5,5,5,5,5,5,2,4,3,3,5,4.38,0,0,TRUE
Male,Loyal Customer,59,Business Travel,Business,546,1,1,2,1,5,5,5,5,5,5,5,3,5,3.69,0,0,TRUE
Male,Loyal Customer,52,Business Travel,Business,2300,5,5,5,5,5,5,5,4,4,4,4,4,5,4.62,0,0,TRUE
Female,Loyal Customer,71,Business Travel,Business,1201,3,3,5,3,4,2,1,4,4,4,4,3,2,3.23,11,0,TRUE
Female,Loyal Customer,33,Business Travel,Business,1476,5,5,3,5,4,5,4,4,4,4,4,4,3,4.15,1,0,TRUE
Female,Loyal Customer,50,Business Travel,Eco,212,5,5,5,5,2,4,4,5,5,5,5,4,4,4.46,0,0,TRUE
Male,Loyal Customer,50,Business Travel,Eco Plus,212,5,1,3,1,4,5,4,4,2,5,3,2,4,3.31,0,0,TRUE
Female,Loyal Customer,70,Business Travel,Business,316,4,4,4,4,4,5,4,5,5,5,5,5,3,4.38,0,0,TRUE
Female,Loyal Customer,24,Business Travel,Business,3108,4,4,4,4,4,4,4,4,5,4,5,5,4,4.23,0,21,TRUE
Female,Loyal Customer,42,Business Travel,Business,1620,2,2,2,2,5,4,5,4,4,4,4,5,3,3.54,0,16,TRUE
Male,Loyal Customer,24,Business Travel,Business,2378,5,5,5,5,5,5,5,5,4,4,5,5,5,4.85,2,0,TRUE
Female,Loyal Customer,56,Business Travel,Business,3122,1,1,1,1,3,5,5,2,2,2,2,4,4,2.54,2,3,TRUE
Female,Loyal Customer,31,Business Travel,Business,587,3,3,3,3,3,3,3,3,4,5,5,3,3,3.38,102,,TRUE
Female,Loyal Customer,36,Personal Travel,Eco,337,1,1,5,4,3,5,3,3,4,5,3,4,3,3.38,0,0,FALSE
Female,Loyal Customer,29,Business Travel,Business,2616,1,5,5,5,1,1,1,1,3,5,4,3,1,2.77,0,0,FALSE
Male,Loyal Customer,28,Personal Travel,Eco,1995,2,2,1,3,3,1,1,3,4,4,4,4,3,2.69,0,0,FALSE
Female,Loyal Customer,63,Personal Travel,Eco,78,2,5,0,2,4,5,5,5,5,0,4,5,4,3.54,0,0,FALSE
Female,Loyal Customer,54,Personal Travel,Eco,227,3,4,3,3,3,4,4,3,3,3,3,5,5,3.54,0,6,FALSE
Male,Loyal Customer,70,Personal Travel,Eco,907,1,3,2,2,3,2,3,3,1,3,2,3,3,2.38,0,23,FALSE
Female,Loyal Customer,52,Business Travel,Business,356,5,5,5,5,3,5,5,4,4,4,4,5,4,4.46,0,0,TRUE
Male,Loyal Customer,21,Personal Travel,Eco,1855,2,1,2,3,3,2,5,3,1,2,4,3,3,2.62,70,60,FALSE
Female,Loyal Customer,33,Business Travel,Business,758,4,4,4,4,5,5,5,5,5,5,5,4,5,4.62,11,0,TRUE
Female,Loyal Customer,41,Business Travel,Business,2731,4,4,4,4,4,4,5,5,5,5,5,3,5,4.38,0,0,TRUE
Female,Loyal Customer,27,Business Travel,Business,342,0,0,0,5,5,5,5,5,5,5,4,4,5,3.69,0,0,TRUE
Female,Loyal Customer,30,Business Travel,Business,2684,2,4,4,4,2,2,2,2,3,3,3,4,2,2.85,2,3,FALSE
Female,Loyal Customer,59,Business Travel,Business,937,1,3,3,3,5,2,3,1,1,1,1,3,2,2.23,0,0,FALSE
Female,Loyal Customer,68,Business Travel,Business,190,0,5,0,2,3,4,5,4,4,4,2,5,3,3.15,0,0,TRUE
Male,Loyal Customer,63,Personal Travel,Business,678,0,4,0,4,2,5,4,1,1,0,1,3,5,2.31,0,0,TRUE
Female,Loyal Customer,37,Business Travel,Business,448,3,3,1,3,2,4,1,4,4,4,4,3,2,2.92,60,51,TRUE
Female,Disloyal Customer,28,Business Travel,Business,1235,5,5,5,3,2,5,2,2,4,4,5,5,2,3.77,0,0,TRUE
Female,Loyal Customer,41,Business Travel,Business,2868,1,3,3,3,3,4,3,1,1,1,1,3,4,2.38,0,0,FALSE
Male,Loyal Customer,50,Business Travel,Business,1416,1,1,1,1,2,4,4,5,5,5,5,5,5,3.38,0,10,TRUE
Male,Loyal Customer,69,Personal Travel,Eco Plus,402,1,4,1,3,4,1,4,4,4,2,4,3,4,3,11,6,FALSE
Male,Loyal Customer,31,Business Travel,Business,3553,3,2,4,2,3,3,3,3,1,5,3,1,3,2.77,33,16,FALSE
Female,Loyal Customer,49,Business Travel,Business,101,1,4,4,4,3,4,3,2,2,2,1,1,3,2.62,11,14,FALSE
Female,Loyal Customer,72,Business Travel,Eco,1739,4,4,4,4,3,1,3,4,4,4,4,2,3,3.38,25,15,FALSE
Female,Disloyal Customer,25,Business Travel,Business,581,3,0,3,2,4,3,3,4,4,4,4,5,4,3.31,0,0,FALSE
Male,Loyal Customer,51,Business Travel,Business,3925,2,5,5,5,3,1,1,2,2,3,2,3,2,2.77,0,0,FALSE
Female,Loyal Customer,51,Personal Travel,Eco,1121,5,5,5,3,4,3,4,5,5,5,1,4,4,4.08,0,0,TRUE
Male,Loyal Customer,60,Business Travel,Business,1440,1,1,1,1,4,5,4,4,4,4,4,3,4,3.08,0,4,TRUE
Female,Disloyal Customer,27,Business Travel,Business,590,2,2,2,2,3,2,3,3,4,4,4,4,3,2.92,15,0,FALSE
Female,Loyal Customer,33,Business Travel,Eco Plus,127,2,4,4,4,2,2,2,2,1,4,3,2,2,2.62,75,58,FALSE
Female,Disloyal Customer,43,Business Travel,Eco Plus,162,4,3,3,2,2,4,2,2,4,2,1,2,2,2.54,80,75,FALSE
Female,Loyal Customer,58,Business Travel,Business,3392,4,4,4,4,3,4,4,4,4,4,4,3,4,3.85,33,13,TRUE
Female,Disloyal Customer,38,Business Travel,Eco,637,3,3,2,1,1,2,1,1,3,1,2,3,1,1.85,17,21,FALSE
Male,Disloyal Customer,22,Business Travel,Business,1111,5,3,5,4,1,5,1,1,5,3,5,5,1,3.38,86,84,TRUE
Male,Loyal Customer,27,Business Travel,Business,399,3,5,5,5,3,3,3,3,4,2,4,1,3,3.38,0,0,FALSE
Female,Loyal Customer,41,Personal Travel,Eco,533,2,5,2,4,5,2,4,5,5,4,4,4,5,3.92,4,0,FALSE
Female,Loyal Customer,22,Personal Travel,Eco,925,4,5,4,3,2,4,3,2,5,4,5,3,2,3.54,0,0,FALSE
Female,Loyal Customer,59,Business Travel,Eco,604,3,3,3,3,2,3,4,3,3,3,3,1,3,2.85,0,0,FALSE
Male,Loyal Customer,53,Personal Travel,Eco,515,3,4,3,4,5,3,5,5,3,4,5,5,5,4.15,0,0,FALSE
Female,Loyal Customer,60,Business Travel,Business,760,3,3,4,3,2,4,4,4,4,4,4,3,3,3.46,0,4,TRUE
Female,Disloyal Customer,30,Business Travel,Eco,100,3,3,3,3,2,3,2,2,2,5,3,1,2,2.62,0,0,FALSE
Female,Loyal Customer,32,Personal Travel,Eco,488,3,1,2,3,5,2,5,5,3,3,2,2,5,3.15,0,0,FALSE
Female,Loyal Customer,47,Business Travel,Business,2193,3,4,4,4,3,3,3,1,2,3,3,3,3,3,0,9,FALSE
Male,Loyal Customer,22,Business Travel,Business,1013,2,3,3,3,2,2,2,2,1,5,3,1,2,2.38,0,0,FALSE
Male,Loyal Customer,41,Business Travel,Business,1576,3,3,4,3,3,5,5,4,4,4,4,5,5,4,0,0,TRUE
Female,Loyal Customer,49,Business Travel,Eco,441,2,5,1,5,5,4,3,2,2,2,2,4,3,3.08,17,10,FALSE
Female,Loyal Customer,54,Personal Travel,Eco,157,5,4,5,2,2,5,5,5,5,5,5,3,4,4.23,0,0,TRUE
Female,Loyal Customer,41,Business Travel,Business,2796,2,2,2,2,3,5,4,5,5,5,5,3,5,3.69,1,0,TRUE
Male,Loyal Customer,44,Business Travel,Eco,376,3,4,4,4,3,3,3,3,2,5,3,4,3,3.38,6,1,TRUE
Female,Loyal Customer,37,Personal Travel,Eco,319,1,1,1,3,5,1,5,5,3,2,4,1,5,2.85,13,8,FALSE
Female,Disloyal Customer,38,Business Travel,Eco,143,3,2,3,4,1,3,1,1,4,4,3,3,1,2.54,0,0,FALSE
Female,Disloyal Customer,51,Business Travel,Eco,628,2,5,3,5,3,3,3,3,4,1,5,4,3,3.38,0,0,FALSE
Male,Loyal Customer,42,Business Travel,Business,2152,4,4,4,4,2,5,4,4,4,5,4,4,5,4.08,10,2,TRUE
Male,Loyal Customer,42,Business Travel,Eco Plus,192,4,5,5,5,4,4,4,4,1,1,4,5,4,3.85,0,1,TRUE
Male,Disloyal Customer,21,Business Travel,Business,281,4,0,4,5,1,4,1,1,4,4,4,5,1,2.92,0,2,TRUE
Female,Disloyal Customer,44,Business Travel,Eco,209,1,5,1,2,4,1,4,4,1,3,2,5,4,2.85,0,0,FALSE
Female,Disloyal Customer,47,Business Travel,Business,772,3,3,3,1,2,3,2,2,5,4,5,4,2,3,0,0,FALSE
Female,Loyal Customer,60,Business Travel,Business,3347,2,3,3,3,1,1,1,2,2,2,2,2,3,2.08,0,37,FALSE
Female,Loyal Customer,40,Business Travel,Business,2740,1,1,1,1,5,4,4,4,4,4,5,5,3,3.23,26,9,TRUE
Female,Disloyal Customer,22,Business Travel,Eco,304,3,4,3,4,5,3,5,5,3,4,3,3,5,3.85,5,2,FALSE
Male,Loyal Customer,28,Business Travel,Business,2776,1,2,2,2,1,1,1,1,2,3,3,2,1,1.69,45,22,FALSE
Female,Loyal Customer,27,Business Travel,Business,1914,5,5,5,5,4,4,4,4,5,5,2,1,4,4.08,0,0,TRUE
Male,Loyal Customer,51,Business Travel,Business,363,1,1,1,1,5,1,3,2,2,2,2,2,1,1.85,0,0,TRUE
Male,Loyal Customer,38,Business Travel,Business,1101,4,4,4,4,4,4,2,5,5,5,5,2,3,3.92,0,0,TRUE
Female,Loyal Customer,26,Business Travel,Eco Plus,679,4,3,3,3,4,4,4,4,3,3,4,4,4,3.62,0,0,TRUE
Male,Loyal Customer,54,Business Travel,Business,1488,5,5,5,5,3,4,5,4,4,4,4,5,3,4.31,0,0,TRUE
Male,Loyal Customer,22,Business Travel,Business,1887,2,3,4,3,2,3,2,2,1,5,4,2,2,2.69,0,0,FALSE
Female,Loyal Customer,48,Personal Travel,Eco,223,2,4,2,2,2,5,5,1,1,2,1,4,3,2.62,23,10,FALSE
Male,Loyal Customer,16,Personal Travel,Eco Plus,391,3,5,3,4,5,3,5,5,5,3,4,5,5,4.23,6,5,FALSE
Female,Loyal Customer,51,Business Travel,Eco,760,5,3,4,3,2,4,2,5,5,5,5,2,4,3.77,0,0,TRUE
Male,Loyal Customer,48,Business Travel,Business,3296,2,2,2,2,3,5,4,5,5,5,5,3,4,3.62,30,19,TRUE
Male,Loyal Customer,47,Business Travel,Business,134,2,3,3,3,4,4,4,2,2,2,2,2,2,2.69,0,0,FALSE
Female,Disloyal Customer,30,Business Travel,Eco,737,1,1,1,3,2,1,2,2,3,2,1,2,2,1.77,0,6,FALSE
Male,Disloyal Customer,21,Business Travel,Eco,1005,2,2,2,3,5,2,2,5,2,5,4,1,5,3.08,0,0,FALSE
Male,Loyal Customer,64,Personal Travel,Eco,1034,3,2,3,3,3,3,3,3,4,4,3,2,3,3,0,5,FALSE
Female,Loyal Customer,21,Personal Travel,Business,377,4,4,4,5,5,4,5,5,5,2,5,3,5,4.31,0,0,FALSE
Female,Loyal Customer,56,Personal Travel,Eco,323,3,4,3,4,5,3,4,5,5,3,5,2,2,3.69,3,0,FALSE
Female,Loyal Customer,53,Business Travel,Eco,932,3,3,3,3,4,4,3,4,4,3,4,4,4,3.54,34,45,FALSE
Female,Loyal Customer,57,Personal Travel,Eco Plus,447,2,2,2,4,3,3,3,4,4,2,3,4,1,2.85,3,3,FALSE
Male,Loyal Customer,46,Business Travel,Business,1956,4,4,4,4,3,3,4,3,3,4,3,5,5,3.77,5,0,TRUE
Female,Loyal Customer,43,Business Travel,Eco,86,5,2,2,2,2,3,5,5,5,5,5,4,5,3.85,0,0,TRUE
Male,Loyal Customer,40,Business Travel,Business,200,1,1,1,1,5,4,5,5,5,5,4,4,4,3.46,8,9,TRUE
Male,Loyal Customer,29,Personal Travel,Eco,425,4,5,4,1,1,4,1,1,3,2,5,3,1,2.69,21,19,FALSE
Female,Disloyal Customer,23,Business Travel,Business,992,5,5,5,2,5,5,5,5,3,4,4,4,5,4.38,0,1,TRUE
Female,Loyal Customer,53,Personal Travel,Eco,1400,3,1,3,3,3,4,3,4,4,3,4,3,1,3,0,0,FALSE
Female,Loyal Customer,41,Business Travel,Eco,1107,1,2,2,2,1,1,1,1,3,3,3,1,1,1.69,0,0,FALSE
Female,Loyal Customer,48,Business Travel,Business,1107,4,4,4,4,4,5,5,4,4,4,4,5,3,4.15,8,0,TRUE
Female,Loyal Customer,39,Business Travel,Business,3535,4,4,4,4,3,5,5,5,5,5,5,4,5,4.46,1,40,TRUE
Female,Loyal Customer,8,Personal Travel,Eco,583,1,5,1,1,2,1,3,2,4,2,4,3,2,2.38,0,0,FALSE
Female,Loyal Customer,40,Business Travel,Business,2059,4,4,4,4,4,4,5,4,4,4,4,5,5,4.23,6,0,TRUE
Male,Disloyal Customer,22,Business Travel,Eco,1085,3,3,3,4,3,4,4,1,4,3,4,4,4,3.38,131,152,FALSE
Male,Loyal Customer,14,Personal Travel,Eco,102,4,4,4,4,3,4,3,3,2,4,4,5,3,3.62,0,0,FALSE
Male,Loyal Customer,39,Business Travel,Business,1791,3,3,3,3,3,5,5,4,4,4,4,4,4,3.77,1,0,TRUE
Male,Loyal Customer,42,Personal Travel,Eco,777,2,3,2,4,2,2,3,2,5,3,3,3,2,2.77,26,23,FALSE
Male,Disloyal Customer,37,Business Travel,Eco,308,2,2,2,3,3,2,3,3,4,2,4,4,3,2.85,14,24,FALSE
Male,Loyal Customer,43,Personal Travel,Eco,333,3,4,3,2,4,3,4,4,5,5,4,5,4,3.85,0,0,FALSE
Male,Loyal Customer,59,Business Travel,Business,2475,2,2,2,2,2,2,2,1,1,3,4,2,2,2.08,157,171,FALSE
Male,Loyal Customer,45,Business Travel,Business,297,1,1,1,1,4,5,4,5,5,4,5,3,3,3.23,0,5,TRUE
Female,Loyal Customer,64,Business Travel,Eco Plus,814,4,4,4,4,1,1,1,4,4,4,4,2,2,3,77,68,TRUE
Male,Loyal Customer,13,Personal Travel,Business,631,1,4,1,1,1,1,1,1,3,2,4,5,1,2,94,82,FALSE
Female,Disloyal Customer,37,Business Travel,Eco,157,3,0,3,4,4,3,4,4,4,3,2,1,4,3,0,0,FALSE
Male,Loyal Customer,57,Business Travel,Business,1914,4,4,4,4,5,4,5,4,4,4,4,4,3,4.08,0,0,TRUE
Male,Disloyal Customer,28,Business Travel,Eco,1288,2,2,2,3,5,2,2,5,4,3,3,2,5,3.08,7,7,FALSE
Male,Loyal Customer,52,Personal Travel,Eco,542,1,5,1,3,1,1,2,1,4,5,5,3,1,2.54,0,6,FALSE
Female,Loyal Customer,42,Business Travel,Business,2073,4,4,4,4,4,5,5,4,4,4,4,4,4,4.15,0,0,TRUE
Female,Disloyal Customer,56,Business Travel,Eco Plus,1204,3,3,3,3,4,3,3,4,2,5,1,4,4,3.23,0,0,FALSE
Female,Loyal Customer,45,Business Travel,Eco,421,4,3,3,3,2,3,4,3,3,4,3,3,1,3,0,0,TRUE
Female,Loyal Customer,68,Personal Travel,Eco,844,3,5,3,3,2,4,4,1,1,3,3,3,5,3.08,13,14,FALSE
Male,Loyal Customer,62,Personal Travel,Eco,744,3,3,3,5,4,3,1,4,2,3,3,3,4,3.15,12,3,FALSE
Female,Loyal Customer,42,Business Travel,Eco,106,4,5,5,5,3,3,1,4,4,4,4,4,3,3.77,0,0,TRUE
Male,Loyal Customer,51,Business Travel,Business,271,5,5,5,5,5,5,4,4,4,4,4,3,3,4.31,6,0,TRUE
Female,Disloyal Customer,29,Business Travel,Eco Plus,1081,2,2,2,1,4,2,4,4,3,3,1,3,4,2.69,17,24,FALSE
Female,Loyal Customer,58,Business Travel,Business,2116,4,4,4,4,5,5,4,5,5,5,4,4,5,4.46,9,11,TRUE
Female,Loyal Customer,59,Business Travel,Eco,391,4,4,4,4,3,1,2,4,4,4,4,5,3,3.54,0,0,TRUE
Female,Disloyal Customer,25,Business Travel,Eco,834,3,3,3,5,2,3,2,2,2,4,4,4,2,3,0,2,FALSE
Female,Disloyal Customer,18,Business Travel,Business,627,0,4,0,3,1,0,1,1,5,5,5,4,1,2.31,0,0,TRUE
Male,Loyal Customer,35,Business Travel,Eco,971,3,4,5,4,2,3,3,2,5,3,3,3,3,3.31,373,358,FALSE
Female,Loyal Customer,11,Personal Travel,Eco,1497,3,5,3,3,2,3,2,2,4,2,4,3,2,2.92,4,0,FALSE
Female,Loyal Customer,28,Personal Travel,Eco,1045,2,5,2,1,3,2,3,3,3,5,5,4,3,3.15,0,0,FALSE
Female,Disloyal Customer,40,Business Travel,Business,300,3,3,3,3,1,3,1,1,5,3,4,4,1,2.69,0,7,FALSE
Female,Disloyal Customer,27,Business Travel,Business,908,3,3,3,5,4,3,1,4,5,2,4,3,4,3.38,0,0,FALSE
Male,Loyal Customer,67,Personal Travel,Eco,2565,0,4,0,3,4,1,1,2,1,4,4,1,1,2,32,0,TRUE
Female,Loyal Customer,78,Business Travel,Business,1845,4,4,4,4,3,3,4,4,4,4,4,5,5,4,0,0,TRUE
Male,Loyal Customer,39,Business Travel,Business,1846,5,5,5,5,3,4,4,5,5,5,5,3,5,4.54,0,0,TRUE
Male,Loyal Customer,70,Personal Travel,Eco,544,1,4,1,5,1,1,4,1,5,3,3,3,1,2.54,43,24,FALSE
Male,Loyal Customer,34,Business Travel,Business,522,5,5,5,5,2,4,5,4,4,4,4,3,5,4.23,0,0,TRUE
Female,Loyal Customer,60,Business Travel,Business,2071,2,2,2,2,5,5,4,4,4,4,4,5,5,3.69,4,0,TRUE
Female,Loyal Customer,11,Personal Travel,Eco Plus,761,1,4,1,4,1,1,1,1,5,5,5,4,1,2.62,73,104,FALSE
Female,Loyal Customer,55,Business Travel,Business,1488,1,1,1,1,3,5,4,5,5,5,5,3,5,3.38,0,0,TRUE
Male,Disloyal Customer,21,Business Travel,Eco,1322,1,1,1,1,5,1,4,5,5,3,3,2,5,2.85,40,34,FALSE
Male,Disloyal Customer,22,Business Travel,Business,361,5,0,5,3,1,5,1,1,3,2,4,3,1,2.62,29,30,TRUE
Male,Loyal Customer,24,Personal Travel,Eco,300,2,5,2,4,3,2,3,3,3,3,5,5,3,3.31,0,0,FALSE
Female,Disloyal Customer,21,Business Travel,Eco,341,3,4,3,2,4,3,4,4,2,5,4,3,4,3.46,0,0,FALSE
Female,Loyal Customer,60,Personal Travel,Eco,677,2,5,2,2,4,5,4,2,2,2,2,3,3,2.92,0,0,FALSE
Female,Loyal Customer,44,Business Travel,Business,1507,1,1,1,1,5,5,4,4,4,4,4,4,4,3.23,0,0,TRUE
Male,Disloyal Customer,28,Business Travel,Business,672,4,3,3,1,3,3,3,3,3,2,4,5,3,3.08,0,0,FALSE
Male,Disloyal Customer,44,Business Travel,Business,894,4,4,4,3,2,4,2,2,3,3,3,4,2,3.08,17,20,TRUE
Female,Loyal Customer,48,Personal Travel,Eco,742,1,5,2,1,5,5,4,4,4,2,4,4,5,3.54,21,7,FALSE
Male,Loyal Customer,40,Business Travel,Business,1028,1,1,1,1,4,2,4,3,3,3,3,1,5,2.46,0,0,TRUE
Male,Loyal Customer,48,Business Travel,Business,515,5,2,5,5,5,4,5,5,5,5,5,4,5,4.62,0,5,TRUE
Male,Loyal Customer,33,Business Travel,Business,1727,4,4,4,4,4,4,4,4,4,2,3,5,4,3.85,0,0,TRUE
Female,Loyal Customer,30,Business Travel,Business,1843,2,2,2,2,3,3,3,3,3,2,5,5,3,2.92,0,0,TRUE
Male,Disloyal Customer,25,Business Travel,Eco,854,3,3,3,3,5,3,5,5,5,4,3,2,5,3.77,2,23,FALSE
Male,Disloyal Customer,54,Business Travel,Eco,1062,2,1,1,4,2,1,2,2,4,5,3,3,2,2.46,0,19,FALSE
Female,Loyal Customer,22,Personal Travel,Eco,306,3,5,3,2,3,3,3,3,2,1,2,2,3,2.69,22,19,FALSE
Female,Loyal Customer,55,Business Travel,Business,3879,3,3,3,3,3,4,5,4,4,4,4,5,4,3.77,0,0,TRUE
Female,Loyal Customer,44,Personal Travel,Eco,604,2,5,2,4,4,5,5,1,1,2,1,3,3,2.92,0,0,FALSE
Male,Disloyal Customer,22,Business Travel,Eco,235,3,0,3,2,4,3,4,4,3,1,3,3,4,2.85,1,0,FALSE
Male,Loyal Customer,24,Personal Travel,Eco,1635,3,4,3,5,2,3,2,2,5,3,5,4,2,3.31,41,70,FALSE
Male,Loyal Customer,55,Personal Travel,Eco,611,3,4,3,2,2,3,2,2,5,5,2,3,2,2.92,2,0,FALSE
Female,Loyal Customer,46,Business Travel,Business,3754,3,3,3,3,5,5,5,5,5,4,5,5,5,4.31,0,0,TRUE
Female,Loyal Customer,52,Business Travel,Eco,416,4,2,2,2,2,5,4,5,5,4,5,3,2,3.46,0,0,TRUE
Female,Loyal Customer,54,Business Travel,Business,601,3,2,2,2,2,3,4,3,3,3,3,3,2,2.69,18,21,FALSE
Female,Loyal Customer,45,Business Travel,Eco,296,3,5,5,5,2,4,4,3,3,3,3,3,1,3.38,9,0,FALSE
Female,Disloyal Customer,47,Business Travel,Eco,469,2,3,3,4,1,3,1,1,4,2,4,5,1,2.62,0,0,FALSE
Male,Disloyal Customer,28,Business Travel,Business,1044,4,3,3,2,2,3,2,2,3,5,5,5,2,3.15,0,2,TRUE
Male,Loyal Customer,25,Personal Travel,Eco Plus,689,2,4,2,1,2,2,2,2,1,5,2,2,2,2.23,0,0,FALSE
Male,Loyal Customer,38,Business Travel,Eco,239,1,2,2,2,1,1,1,1,4,5,3,1,1,1.92,26,24,FALSE
Male,Loyal Customer,70,Personal Travel,Eco Plus,977,1,5,1,1,3,1,3,3,3,4,5,5,3,2.92,2,3,FALSE
Female,Disloyal Customer,25,Business Travel,Business,763,4,4,4,1,1,4,1,1,5,5,3,4,1,2.92,0,0,TRUE
Female,Loyal Customer,47,Personal Travel,Eco,462,2,4,4,2,2,5,3,2,2,4,2,4,5,3.15,0,0,FALSE
Male,Loyal Customer,30,Business Travel,Business,2885,5,5,5,5,5,5,5,5,3,2,5,4,5,4.54,0,0,TRUE
Female,Disloyal Customer,25,Business Travel,Business,235,3,5,3,1,4,3,4,4,3,3,5,5,4,3.62,0,0,FALSE
Female,Loyal Customer,44,Personal Travel,Eco,77,3,4,3,2,4,4,5,5,5,3,5,3,5,3.92,38,30,FALSE
Male,Loyal Customer,27,Personal Travel,Eco,937,2,4,2,4,5,2,1,5,3,2,5,2,5,3.23,50,49,FALSE
Male,Loyal Customer,51,Business Travel,Eco,541,2,3,3,3,2,2,2,2,3,1,3,2,2,2.31,6,14,FALSE
Female,Disloyal Customer,9,Business Travel,Eco,1990,1,1,1,3,4,1,4,4,3,1,2,2,4,2.38,0,0,FALSE
Male,Loyal Customer,40,Business Travel,Business,785,4,4,4,4,2,5,4,5,5,5,5,5,4,4.31,0,0,TRUE
Male,Disloyal Customer,21,Business Travel,Eco,502,3,2,4,4,2,4,2,2,1,4,4,3,2,2.85,0,13,FALSE
Male,Loyal Customer,46,Personal Travel,Eco,1733,4,5,4,3,4,4,4,4,4,2,4,4,4,3.85,7,0,TRUE
Female,Disloyal Customer,29,Business Travel,Business,761,0,0,0,3,5,0,5,5,5,2,4,4,5,2.92,0,0,TRUE
Male,Loyal Customer,12,Personal Travel,Eco,442,1,4,1,3,2,1,2,2,1,4,2,2,2,2.08,0,0,FALSE
Female,Loyal Customer,65,Business Travel,Business,239,2,3,5,3,3,3,2,2,2,2,2,1,1,2.38,20,24,FALSE
Female,Disloyal Customer,58,Business Travel,Business,277,4,4,4,3,5,4,1,5,4,5,4,5,5,4.08,0,0,TRUE
Male,Disloyal Customer,23,Business Travel,Business,453,5,0,5,2,2,5,2,2,4,5,4,3,2,3.15,0,0,TRUE
Male,Loyal Customer,61,Personal Travel,Eco,2106,4,5,3,2,5,3,5,5,1,2,1,5,5,3.54,0,24,FALSE
Female,Disloyal Customer,13,Business Travel,Business,969,5,0,5,3,4,5,4,4,3,4,3,4,4,3.69,0,0,TRUE
Female,Loyal Customer,12,Personal Travel,Eco,438,4,5,2,5,2,5,1,5,3,4,5,1,1,3.31,113,165,FALSE
Female,Loyal Customer,45,Business Travel,Business,1587,1,5,5,5,1,4,3,1,1,1,1,4,4,2.77,0,0,FALSE
Female,Loyal Customer,26,Business Travel,Business,1917,4,4,5,4,4,4,4,4,5,5,4,4,4,4.23,0,0,TRUE
Male,Loyal Customer,22,Business Travel,Eco,714,4,1,5,1,4,4,5,4,3,1,1,4,4,3.15,0,0,TRUE
Male,Disloyal Customer,38,Business Travel,Business,1076,3,3,3,4,1,3,1,1,3,5,3,2,1,2.54,40,33,FALSE
Male,Loyal Customer,51,Business Travel,Business,3179,5,3,5,5,3,5,4,5,5,5,5,5,4,4.54,0,0,TRUE
Male,Loyal Customer,30,Personal Travel,Eco Plus,1546,1,1,1,3,1,1,1,1,3,1,2,2,1,1.46,0,0,FALSE
Male,Loyal Customer,52,Business Travel,Business,882,5,5,5,5,2,4,4,2,2,2,2,4,4,3.54,0,15,TRUE
Female,Loyal Customer,72,Business Travel,Business,192,2,3,3,3,2,2,3,2,2,2,2,2,3,2.38,0,9,FALSE
Female,Loyal Customer,69,Personal Travel,Eco,2227,3,4,3,3,1,3,4,2,2,3,2,3,1,2.62,21,0,FALSE
Male,Loyal Customer,60,Business Travel,Business,369,2,2,1,2,2,2,3,2,2,2,2,3,2,2.08,38,41,FALSE
Female,Loyal Customer,72,Business Travel,Business,3122,0,5,0,5,5,4,5,2,2,2,2,5,5,3.23,0,0,TRUE
Male,Loyal Customer,43,Business Travel,Business,725,2,2,2,2,4,5,5,3,3,3,3,5,5,3.38,88,64,TRUE
Female,Loyal Customer,50,Personal Travel,Eco,189,2,4,2,5,5,4,4,1,1,2,1,5,5,3.15,0,0,FALSE
Female,Loyal Customer,37,Business Travel,Eco,315,2,5,5,5,2,2,2,3,4,4,3,2,2,3.15,153,227,FALSE
Male,Loyal Customer,31,Business Travel,Business,630,1,1,1,1,4,4,4,4,5,1,1,1,4,2.46,0,0,TRUE
Male,Loyal Customer,36,Business Travel,Business,650,2,1,1,1,4,3,4,2,2,2,2,3,3,2.31,0,5,FALSE
Male,Loyal Customer,11,Personal Travel,Eco,984,2,4,2,4,2,2,2,2,3,3,4,2,2,2.62,0,0,FALSE
Female,Loyal Customer,57,Business Travel,Business,1020,4,4,4,4,3,5,5,5,5,5,5,4,5,4.46,0,0,TRUE
Male,Loyal Customer,12,Personal Travel,Eco,2182,3,2,3,3,4,3,4,4,3,5,4,3,4,3.46,8,6,FALSE
Female,Loyal Customer,38,Business Travel,Business,1021,3,3,3,3,3,5,5,5,5,5,5,5,5,4.23,30,23,TRUE
Male,Disloyal Customer,17,Business Travel,Eco,972,3,3,3,3,1,3,1,1,3,1,4,4,1,2.38,0,0,FALSE
Female,Disloyal Customer,23,Business Travel,Eco,1127,3,3,3,3,2,3,4,2,4,2,5,4,2,3.08,0,0,FALSE
Female,Loyal Customer,31,Personal Travel,Eco,600,4,2,4,4,2,4,4,2,1,5,2,2,2,2.92,76,59,FALSE
Male,Loyal Customer,60,Business Travel,Business,473,1,4,4,4,5,3,4,1,1,1,1,2,3,2.62,0,0,FALSE
Male,Loyal Customer,67,Business Travel,Business,365,4,4,4,4,5,5,4,5,5,5,5,5,4,4.54,15,0,TRUE
Male,Loyal Customer,57,Business Travel,Business,312,3,3,3,3,3,5,5,4,4,4,4,5,3,3.77,13,12,TRUE
Female,Loyal Customer,36,Business Travel,Business,1638,2,2,3,2,2,5,5,4,4,4,5,3,4,3.46,0,0,TRUE
Female,Loyal Customer,46,Business Travel,Business,1886,3,3,3,3,3,5,5,4,4,4,4,4,3,3.69,0,0,TRUE
Male,Loyal Customer,21,Personal Travel,Eco,370,4,3,4,3,2,4,2,2,4,1,3,2,2,2.77,0,0,FALSE
Female,Loyal Customer,56,Personal Travel,Eco,304,4,3,4,3,1,4,3,4,4,4,4,1,3,3.23,5,0,FALSE
Female,Disloyal Customer,23,Business Travel,Eco,731,2,3,3,1,4,3,4,4,4,3,5,4,4,3.38,5,0,FALSE
Male,Loyal Customer,28,Business Travel,Business,3544,3,3,4,3,3,4,4,3,2,2,5,2,3,3.15,0,0,TRUE
Female,Loyal Customer,67,Personal Travel,Eco,950,2,4,2,1,4,4,4,1,1,2,1,3,4,2.54,0,0,FALSE
Female,Loyal Customer,54,Business Travel,Eco Plus,946,5,3,3,3,2,4,4,5,5,5,5,1,3,3.69,2,0,TRUE
Female,Loyal Customer,53,Business Travel,Business,2396,5,5,5,5,2,5,5,4,4,4,4,5,3,4.31,13,23,TRUE
Female,Disloyal Customer,21,Business Travel,Eco,362,1,3,1,4,4,1,4,4,3,4,4,4,4,3.15,0,0,FALSE
Female,Loyal Customer,28,Business Travel,Business,678,5,5,5,5,5,5,5,5,3,5,4,3,5,4.62,0,3,TRUE
Female,Loyal Customer,56,Business Travel,Business,1107,2,2,2,2,2,5,4,4,4,4,4,4,5,3.38,0,0,TRUE
Male,Disloyal Customer,35,Business Travel,Business,2288,3,4,4,3,4,4,2,4,4,3,4,3,4,3.54,0,0,FALSE
Female,Loyal Customer,42,Business Travel,Business,759,2,2,3,2,3,3,3,2,2,2,2,4,1,2.38,0,7,FALSE
Male,Loyal Customer,57,Business Travel,Business,1746,5,5,5,5,5,4,5,5,5,5,5,5,4,4.85,0,0,TRUE
Male,Loyal Customer,41,Business Travel,Business,2029,4,5,1,5,4,3,4,2,2,1,4,2,2,3,0,0,FALSE
Female,Loyal Customer,36,Business Travel,Business,1428,5,5,5,5,1,2,2,5,5,5,5,3,2,3.85,6,2,TRUE
Female,Loyal Customer,46,Business Travel,Business,2321,1,1,1,1,3,4,4,5,5,4,5,5,5,3.38,0,0,TRUE
Male,Loyal Customer,50,Business Travel,Business,486,5,5,5,5,4,4,4,5,5,5,5,3,4,4.54,0,0,TRUE
Female,Loyal Customer,63,Personal Travel,Eco,373,3,1,3,4,3,3,3,2,2,3,2,2,1,2.46,0,0,FALSE
Female,Disloyal Customer,62,Business Travel,Business,408,2,2,2,5,1,2,1,1,4,2,4,5,1,2.46,0,0,FALSE
Female,Loyal Customer,22,Business Travel,Business,2803,2,2,2,2,5,5,5,5,5,4,5,1,5,3.69,49,29,TRUE
Female,Loyal Customer,25,Business Travel,Business,571,3,3,1,3,4,4,4,4,3,4,1,4,4,3.23,0,0,TRUE
Male,Loyal Customer,59,Business Travel,Eco Plus,89,5,4,4,4,5,5,5,5,1,5,3,2,5,4.08,0,0,TRUE
Male,Loyal Customer,23,Personal Travel,Eco,1042,1,4,2,2,4,2,4,4,3,3,5,4,4,3.23,0,0,FALSE
Male,Disloyal Customer,24,Business Travel,Eco,489,4,0,3,3,4,3,4,4,4,3,3,4,4,3.31,0,0,FALSE
Female,Loyal Customer,21,Business Travel,Business,2031,4,4,5,4,2,2,2,2,3,4,4,5,2,3.31,1,0,TRUE
Male,Loyal Customer,43,Business Travel,Business,2106,5,5,5,5,4,4,4,2,2,2,2,3,3,3.54,0,0,TRUE
Male,Loyal Customer,33,Personal Travel,Eco Plus,911,4,4,5,3,3,5,3,3,4,4,4,5,3,3.85,11,0,TRUE
Female,Loyal Customer,52,Business Travel,Business,3656,4,4,4,4,3,4,5,4,4,4,4,3,3,3.85,8,41,TRUE
Female,Loyal Customer,25,Business Travel,Business,3043,5,5,5,5,5,4,5,5,1,2,5,1,5,4.08,1,0,TRUE
Female,Loyal Customer,25,Business Travel,Business,507,3,3,3,3,5,5,5,5,5,4,5,4,5,4.23,37,37,TRUE
Male,Disloyal Customer,23,Business Travel,Eco,813,3,3,3,3,3,3,3,3,5,2,4,4,3,3.23,2,9,FALSE
Female,Loyal Customer,51,Business Travel,Business,799,3,3,3,3,4,4,4,2,2,3,2,3,3,3,14,15,TRUE
Female,Loyal Customer,53,Personal Travel,Eco,813,2,2,3,4,1,2,4,1,1,3,1,3,4,2.38,0,0,FALSE
Male,Loyal Customer,44,Personal Travel,Eco,213,2,0,0,3,5,0,3,5,5,5,3,4,5,3.08,6,83,FALSE
Female,Loyal Customer,39,Business Travel,Business,1609,5,5,5,5,3,4,4,5,5,5,5,5,4,4.62,0,0,TRUE
Male,Loyal Customer,50,Personal Travel,Eco,583,2,5,2,3,2,2,2,2,4,5,4,5,2,3.08,0,0,FALSE
Female,Disloyal Customer,23,Business Travel,Eco,258,2,1,2,3,2,2,3,2,3,5,3,2,2,2.46,0,6,FALSE
Male,Loyal Customer,56,Personal Travel,Eco,562,3,5,3,2,2,3,2,2,4,2,5,5,2,3.08,2,0,FALSE
Male,Loyal Customer,54,Business Travel,Business,1481,5,5,5,5,4,4,5,5,5,5,5,5,5,4.85,0,8,TRUE
Male,Loyal Customer,26,Business Travel,Business,522,3,4,4,4,3,3,3,3,1,1,4,4,3,3.08,0,0,FALSE
Male,Loyal Customer,45,Business Travel,Business,2585,4,4,4,4,1,3,4,5,5,5,5,2,4,3.85,0,0,TRUE
Female,Loyal Customer,78,Business Travel,Business,1800,1,4,4,4,5,3,3,3,3,4,1,1,2,2.92,26,20,FALSE
Male,Loyal Customer,30,Personal Travel,Eco,405,2,5,3,1,4,3,4,4,3,3,5,3,4,3.38,0,0,FALSE
Male,Loyal Customer,43,Business Travel,Business,309,1,4,4,4,2,3,4,1,1,2,1,1,4,2.46,0,0,FALSE
Female,Loyal Customer,52,Business Travel,Business,3312,0,0,0,2,5,5,5,4,4,4,4,5,5,3.31,3,0,TRUE
Female,Loyal Customer,25,Business Travel,Business,859,3,3,3,3,3,3,3,3,4,3,5,4,3,3.31,42,18,TRUE
Female,Loyal Customer,49,Business Travel,Business,3982,4,3,3,3,1,3,3,4,4,4,4,4,3,3.31,0,3,FALSE
Male,Loyal Customer,57,Business Travel,Business,3413,2,3,3,3,4,3,3,2,2,2,2,2,1,2.46,0,0,FALSE
Male,Loyal Customer,23,Business Travel,Business,1692,2,1,1,1,2,2,2,1,4,4,4,2,2,2.15,195,195,FALSE
Female,Loyal Customer,28,Business Travel,Business,436,2,2,4,2,5,5,5,5,1,4,5,4,5,3.77,0,6,TRUE
Male,Disloyal Customer,27,Business Travel,Business,284,3,3,3,1,1,3,1,1,4,3,1,3,1,2.15,0,0,FALSE
Female,Loyal Customer,48,Business Travel,Business,3069,0,4,0,3,4,4,5,4,4,4,4,4,4,3.38,0,11,TRUE
Male,Disloyal Customer,34,Business Travel,Business,781,3,3,3,2,4,3,4,4,4,5,5,3,4,3.62,0,0,FALSE
Male,Loyal Customer,41,Business Travel,Business,1896,2,2,2,2,4,4,5,4,4,4,4,4,5,3.54,0,0,TRUE
Male,Loyal Customer,34,Business Travel,Business,2561,2,2,2,2,2,4,5,4,4,4,4,4,1,3.08,3,6,TRUE
Male,Loyal Customer,58,Business Travel,Business,3114,2,2,2,2,2,5,4,4,4,4,4,3,4,3.23,0,2,TRUE
Male,Disloyal Customer,39,Business Travel,Eco,600,3,1,3,3,5,3,5,5,2,4,4,2,5,3.46,0,0,FALSE
Female,Loyal Customer,33,Business Travel,Business,2876,3,3,3,3,3,5,5,5,5,5,5,5,3,4.08,0,0,TRUE
Male,Loyal Customer,62,Business Travel,Eco,458,4,4,4,4,4,4,4,4,3,5,3,5,4,4,47,38,TRUE
Male,Disloyal Customer,13,Business Travel,Eco,740,3,3,3,4,1,3,1,1,4,5,3,4,1,2.77,0,0,FALSE
Female,Loyal Customer,40,Business Travel,Eco,73,1,1,1,1,1,1,1,1,4,1,4,3,1,1.62,1,24,FALSE
Female,Loyal Customer,53,Business Travel,Eco,1201,3,3,3,3,2,4,4,3,3,3,3,2,2,2.92,0,13,FALSE
Female,Loyal Customer,41,Personal Travel,Eco,2165,4,1,4,3,2,4,2,2,3,5,3,2,2,2.85,0,0,FALSE
Male,Loyal Customer,27,Business Travel,Eco,300,3,5,5,5,3,3,3,3,2,4,4,3,3,3.54,0,0,FALSE
Female,Loyal Customer,20,Business Travel,Business,2587,3,3,3,3,3,4,3,3,5,4,5,4,3,3.54,0,0,TRUE
Male,Loyal Customer,19,Personal Travel,Eco Plus,1325,1,4,1,4,1,1,1,1,4,5,3,4,1,2.38,0,8,FALSE
Female,Loyal Customer,33,Business Travel,Eco Plus,793,2,3,1,3,2,2,2,2,3,5,3,3,2,2.54,22,18,FALSE
Male,Loyal Customer,49,Personal Travel,Eco,362,2,5,2,4,4,2,4,4,3,5,4,4,4,3.62,0,0,FALSE
Male,Loyal Customer,7,Personal Travel,Business,853,2,4,3,4,1,3,4,1,4,5,4,3,1,3,29,24,FALSE
Male,Loyal Customer,23,Business Travel,Business,1005,3,3,3,3,5,5,5,5,3,2,5,4,5,3.92,12,11,TRUE
Female,Loyal Customer,61,Personal Travel,Eco,268,1,3,1,2,1,5,3,5,5,1,5,1,1,2.62,0,0,FALSE
Male,Loyal Customer,34,Personal Travel,Eco,433,2,5,2,3,3,2,3,3,3,4,4,3,3,3.08,62,51,FALSE
Female,Loyal Customer,32,Business Travel,Business,2195,4,4,4,4,5,5,5,5,5,4,5,3,5,4.46,0,0,TRUE
Male,Loyal Customer,24,Personal Travel,Eco,106,3,5,3,3,2,3,5,2,4,5,4,4,2,3.46,5,0,FALSE
Female,Loyal Customer,37,Business Travel,Business,3987,3,1,3,3,5,1,1,5,5,5,5,4,5,3.54,10,23,TRUE
Male,Loyal Customer,51,Business Travel,Business,717,3,3,3,3,4,5,4,2,2,2,2,3,4,3.08,0,0,TRUE
Female,Loyal Customer,59,Personal Travel,Eco,526,2,4,2,3,2,5,5,1,1,2,1,5,5,2.92,0,0,FALSE
Female,Loyal Customer,40,Business Travel,Business,868,1,1,1,1,5,5,4,4,4,4,4,3,3,3.08,10,0,TRUE
Female,Disloyal Customer,25,Business Travel,Business,547,2,0,1,5,3,1,3,3,5,3,5,4,3,2.92,0,0,FALSE
Female,Loyal Customer,45,Business Travel,Eco,277,1,5,5,5,5,4,3,1,1,1,1,1,2,2.69,0,0,FALSE
Male,Loyal Customer,44,Business Travel,Business,2075,4,4,4,4,4,4,5,4,4,4,4,5,5,4.23,38,29,TRUE
Male,Loyal Customer,42,Personal Travel,Eco,1107,3,5,3,1,5,3,5,5,4,5,4,5,5,4.08,1,0,FALSE
Female,Loyal Customer,49,Business Travel,Business,3829,3,3,2,3,4,5,5,5,5,5,5,3,3,3.92,0,0,TRUE
Female,Disloyal Customer,26,Business Travel,Eco,1009,1,1,1,3,2,1,2,2,2,4,3,2,2,2,2,0,FALSE
Female,Loyal Customer,12,Personal Travel,Business,436,3,5,3,3,5,3,5,5,5,3,4,5,5,4.15,4,0,FALSE
Female,Loyal Customer,61,Business Travel,Business,2569,2,3,3,3,5,3,4,2,2,2,2,4,3,2.92,0,0,FALSE
Female,Loyal Customer,54,Personal Travel,Eco,772,1,4,1,1,3,2,1,3,3,1,3,4,5,2.46,0,0,FALSE
Female,Loyal Customer,51,Personal Travel,Business,1185,2,5,2,1,2,5,5,4,4,2,4,5,4,3.46,19,3,FALSE
Male,Loyal Customer,55,Business Travel,Eco,2521,4,4,4,4,4,4,4,3,3,1,2,4,4,3.46,0,0,FALSE
Female,Disloyal Customer,30,Business Travel,Eco,763,3,3,3,3,2,3,2,2,1,1,3,2,2,2.31,45,41,FALSE
Female,Loyal Customer,28,Business Travel,Business,2296,2,4,4,4,2,2,2,2,3,3,2,3,2,2.69,0,0,FALSE
Male,Loyal Customer,29,Business Travel,Business,2786,2,1,1,1,2,2,2,2,2,5,3,4,2,2.23,5,6,FALSE
Male,Loyal Customer,69,Personal Travel,Eco,1723,2,4,2,3,1,2,1,1,3,3,4,3,1,2.31,31,5,FALSE
Male,Loyal Customer,31,Business Travel,Business,3099,2,5,5,5,2,2,2,2,4,3,3,2,2,3,2,6,FALSE
Female,Loyal Customer,56,Business Travel,Business,2801,1,1,1,1,5,5,4,4,4,4,4,4,4,3.23,0,0,TRUE
Female,Loyal Customer,37,Business Travel,Business,258,3,2,2,2,3,3,3,3,3,3,3,4,3,2.85,0,0,FALSE
Male,Loyal Customer,39,Business Travel,Business,3907,1,4,4,4,4,2,2,1,1,1,1,3,2,2.31,0,0,FALSE
Male,Disloyal Customer,22,Business Travel,Business,862,4,3,4,4,4,4,4,4,1,1,3,1,4,3.15,81,46,FALSE
Female,Loyal Customer,51,Business Travel,Eco,399,5,5,2,5,2,3,3,5,5,5,5,1,5,3.92,0,0,TRUE
Male,Disloyal Customer,47,Business Travel,Eco,483,2,0,2,3,3,2,2,3,1,3,2,1,3,2.08,1,0,FALSE
Male,Loyal Customer,34,Personal Travel,Eco,507,3,4,3,3,1,3,1,1,3,3,5,4,1,2.69,0,0,FALSE
Male,Disloyal Customer,56,Business Travel,Eco,164,4,2,4,4,3,4,3,3,3,2,3,2,3,3.08,54,49,FALSE
Female,Loyal Customer,55,Business Travel,Business,1595,0,4,0,3,4,5,4,2,2,2,2,4,3,2.69,25,15,TRUE
Male,Loyal Customer,38,Personal Travel,Business,2762,4,4,4,1,4,1,1,1,2,5,2,1,1,2.38,0,14,TRUE
Male,Loyal Customer,40,Business Travel,Eco,118,2,1,1,1,2,2,2,2,1,1,1,5,2,1.77,0,10,TRUE
Female,Loyal Customer,16,Personal Travel,Eco,224,2,5,2,3,5,2,5,5,5,2,5,3,5,3.77,26,18,FALSE
Female,Loyal Customer,9,Personal Travel,Eco,909,1,1,1,4,3,1,3,3,3,4,3,3,3,2.54,24,15,FALSE
Female,Disloyal Customer,37,Business Travel,Eco,1788,3,3,3,4,3,3,3,3,3,2,3,4,3,3.08,12,7,FALSE
Female,Loyal Customer,14,Personal Travel,Eco,409,1,5,1,2,5,1,5,5,5,2,4,4,5,3.46,0,0,FALSE
Female,Loyal Customer,62,Personal Travel,Eco,337,3,4,3,5,2,5,4,2,2,3,1,4,4,3.23,0,0,FALSE
Male,Loyal Customer,46,Business Travel,Business,102,1,1,1,1,5,4,5,4,4,4,4,3,3,3.08,101,98,TRUE
Female,Loyal Customer,62,Personal Travel,Eco Plus,414,5,2,5,3,2,4,3,5,5,5,1,4,4,3.69,35,20,TRUE
Male,Disloyal Customer,22,Business Travel,Eco,272,3,4,3,3,3,3,3,3,3,5,5,3,3,3.38,0,0,FALSE
Female,Loyal Customer,46,Business Travel,Business,140,1,1,1,1,4,5,4,5,5,5,4,4,3,3.31,30,29,TRUE
Male,Loyal Customer,39,Personal Travel,Eco,201,1,3,1,2,2,1,4,2,3,4,2,4,2,2.38,0,0,FALSE
Male,Disloyal Customer,32,Business Travel,Eco,746,3,3,3,4,2,3,2,2,4,4,3,2,2,2.85,0,0,FALSE
Female,Disloyal Customer,48,Business Travel,Eco,670,1,1,1,3,2,1,5,2,4,1,2,2,2,2.08,8,10,FALSE
Male,Loyal Customer,66,Personal Travel,Eco,208,2,2,2,2,5,2,5,5,2,3,2,2,5,3,0,0,FALSE
Female,Loyal Customer,48,Business Travel,Business,1824,5,5,4,5,1,1,2,4,4,4,5,4,2,3.54,0,2,TRUE
Male,Loyal Customer,59,Business Travel,Business,218,4,4,4,4,5,5,5,4,4,4,5,4,3,4.23,0,0,TRUE
Male,Loyal Customer,49,Business Travel,Business,2728,5,2,5,5,5,4,5,4,4,4,4,4,4,4.23,6,12,TRUE
Female,Loyal Customer,54,Personal Travel,Eco,425,2,2,2,3,5,1,3,1,1,2,1,1,1,1.92,0,0,FALSE
Male,Disloyal Customer,38,Business Travel,Business,1180,2,2,2,4,5,2,5,5,3,3,5,3,5,3.54,19,17,FALSE
Female,Loyal Customer,22,Personal Travel,Eco,223,3,4,3,1,5,3,3,5,5,5,5,4,5,3.92,0,0,FALSE
Female,Loyal Customer,36,Business Travel,Eco,412,2,1,1,1,2,1,2,2,2,1,3,3,2,1.77,0,0,FALSE
Female,Loyal Customer,55,Personal Travel,Eco,205,1,4,1,4,2,2,3,3,3,1,3,2,2,2.38,0,0,FALSE
Female,Loyal Customer,32,Personal Travel,Eco,542,4,1,4,2,1,4,1,1,3,3,3,3,1,2.38,0,0,TRUE
Male,Loyal Customer,42,Business Travel,Eco,447,4,5,5,5,3,4,3,3,2,3,2,4,3,3.54,0,0,FALSE
Male,Loyal Customer,35,Personal Travel,Eco,362,3,4,3,3,2,3,2,2,3,5,5,3,2,3.08,0,0,FALSE
Male,Loyal Customer,68,Personal Travel,Eco,927,3,3,3,3,4,3,4,4,3,3,4,1,4,3.23,0,41,FALSE
Female,Loyal Customer,57,Business Travel,Business,1416,5,5,5,5,3,5,4,5,5,5,5,5,3,4.62,0,2,TRUE
Female,Loyal Customer,37,Business Travel,Business,2185,2,2,2,2,5,5,2,4,4,4,4,4,3,3.31,18,13,TRUE
Male,Disloyal Customer,38,Business Travel,Business,508,1,0,0,4,5,0,5,5,3,4,5,5,5,3.23,17,28,FALSE
Male,Loyal Customer,53,Business Travel,Business,2597,0,4,0,3,4,5,4,4,4,4,2,4,3,3.15,0,0,TRUE
Female,Loyal Customer,15,Personal Travel,Eco,216,3,2,0,3,3,0,4,3,1,5,4,3,3,2.62,0,0,FALSE
Female,Loyal Customer,9,Personal Travel,Eco,861,3,2,3,3,2,3,2,2,4,1,3,1,2,2.38,13,0,FALSE
Female,Loyal Customer,49,Personal Travel,Business,357,3,3,3,1,2,4,1,5,5,3,5,5,4,3.38,0,0,FALSE
Male,Loyal Customer,54,Personal Travel,Eco,868,2,1,2,3,3,2,3,3,2,1,3,1,3,2.23,0,0,FALSE
Male,Loyal Customer,60,Business Travel,Business,2153,5,2,5,5,5,4,4,4,4,4,4,3,4,4.08,14,0,TRUE
Female,Loyal Customer,70,Personal Travel,Eco,967,3,4,3,2,5,4,4,5,5,3,4,5,3,3.85,0,0,FALSE
Male,Loyal Customer,19,Personal Travel,Eco,1119,4,4,4,2,4,4,4,4,3,3,5,3,4,3.69,0,0,FALSE
Male,Loyal Customer,58,Business Travel,Business,1679,5,5,5,5,3,4,4,5,5,5,4,5,4,4.54,0,0,TRUE
Male,Disloyal Customer,25,Business Travel,Eco Plus,101,4,5,4,4,1,4,1,1,5,1,2,1,1,2.62,0,1,FALSE
Male,Loyal Customer,60,Personal Travel,Eco,1250,1,3,1,1,3,1,3,3,3,1,1,4,3,2.15,0,0,FALSE
Female,Loyal Customer,40,Business Travel,Business,3106,2,2,2,2,2,4,3,2,2,3,2,4,3,2.54,106,125,FALSE
Female,Loyal Customer,29,Personal Travel,Eco,315,5,5,5,4,2,5,2,2,4,5,4,3,2,3.69,0,13,TRUE
Female,Loyal Customer,33,Personal Travel,Eco Plus,1199,2,1,1,2,2,1,2,2,1,3,3,1,2,1.77,4,,FALSE
Female,Loyal Customer,57,Business Travel,Business,1846,4,4,4,4,5,3,5,4,4,4,4,5,4,4.15,16,4,TRUE
Male,Loyal Customer,58,Business Travel,Business,2959,1,1,1,1,5,5,5,4,4,4,4,3,4,3.23,0,0,TRUE
Female,Loyal Customer,33,Personal Travel,Eco,946,1,1,1,3,4,1,4,4,3,3,3,1,4,2.54,6,0,FALSE
Male,Loyal Customer,35,Business Travel,Eco Plus,140,5,3,3,3,5,4,5,5,1,5,4,3,5,3.92,0,0,TRUE
Male,Loyal Customer,47,Business Travel,Business,1778,4,4,4,4,5,5,5,5,5,4,5,3,4,4.38,0,0,TRUE
Male,Loyal Customer,25,Business Travel,Eco,738,3,5,5,5,3,3,3,2,5,4,3,3,3,3.62,420,416,FALSE
Male,Loyal Customer,37,Business Travel,Business,1679,3,5,4,5,3,3,3,1,1,3,2,3,3,3,133,119,FALSE
Male,Loyal Customer,33,Business Travel,Eco,447,1,0,0,3,4,0,4,4,1,2,4,1,4,2.15,52,53,FALSE
Female,Loyal Customer,48,Business Travel,Eco,480,3,1,1,1,3,3,3,1,3,1,1,3,3,2.08,169,134,FALSE
Male,Loyal Customer,34,Personal Travel,Eco,416,3,5,3,1,2,3,2,2,5,3,4,4,2,3,0,8,FALSE
Male,Loyal Customer,67,Personal Travel,Eco,843,3,5,2,1,1,2,1,1,5,4,4,4,1,2.62,33,24,FALSE
Male,Loyal Customer,55,Business Travel,Eco,1521,4,5,5,5,4,4,4,4,4,1,4,1,4,3.77,12,12,FALSE
Male,Loyal Customer,71,Business Travel,Business,157,2,2,2,2,3,3,4,5,5,5,3,3,2,3.15,1,6,TRUE
Female,Disloyal Customer,28,Business Travel,Business,1618,1,1,1,1,2,1,2,2,5,4,5,4,2,2.38,2,9,FALSE
Male,Disloyal Customer,22,Business Travel,Eco,533,3,0,3,2,4,3,4,4,4,1,4,3,4,3,0,0,FALSE
Male,Loyal Customer,36,Personal Travel,Eco,2442,3,4,3,5,5,3,5,5,4,3,4,5,5,4.15,0,0,FALSE
Female,Loyal Customer,27,Business Travel,Business,273,1,1,1,1,5,4,5,5,5,3,4,5,5,3.46,0,0,TRUE
Male,Loyal Customer,17,Personal Travel,Eco,239,3,4,3,3,4,3,1,4,3,3,5,5,4,3.46,0,0,FALSE
Female,Loyal Customer,35,Business Travel,Business,1753,0,5,0,1,4,4,4,5,5,5,5,3,4,3.46,0,0,TRUE
Female,Loyal Customer,28,Personal Travel,Eco,2704,3,4,4,3,4,5,4,4,3,4,4,4,4,3.85,3,0,FALSE
Male,Loyal Customer,43,Business Travel,Business,2419,2,2,2,2,4,5,5,2,4,5,3,5,5,3.54,53,62,TRUE
Female,Disloyal Customer,25,Business Travel,Business,867,0,5,0,2,1,0,1,1,4,4,4,5,1,2.15,5,0,TRUE
Male,Loyal Customer,45,Personal Travel,Eco,462,1,5,1,3,5,1,5,5,5,2,5,4,5,3.62,0,0,FALSE
Female,Disloyal Customer,62,Business Travel,Eco,1272,2,2,2,3,4,2,4,4,3,4,2,4,4,3.08,13,26,FALSE
Male,Disloyal Customer,72,Business Travel,Eco,387,2,0,2,1,4,2,4,4,2,5,3,4,4,2.85,5,0,FALSE
Female,Loyal Customer,60,Personal Travel,Eco,819,4,1,4,3,3,2,3,2,2,4,2,3,2,2.69,0,0,FALSE
Female,Loyal Customer,48,Personal Travel,Eco,1990,4,3,5,3,3,3,3,5,5,5,5,1,2,3.62,0,0,FALSE
Male,Loyal Customer,41,Business Travel,Business,859,1,1,2,1,2,4,5,4,4,4,4,4,5,3.15,0,2,TRUE
Female,Loyal Customer,9,Personal Travel,Eco,760,2,4,2,3,1,2,1,1,4,2,5,3,1,2.38,0,0,FALSE
Female,Disloyal Customer,20,Business Travel,Eco,438,3,0,4,1,5,4,3,5,4,5,4,4,5,3.62,0,0,FALSE
Male,Loyal Customer,51,Business Travel,Eco Plus,326,3,1,1,1,3,3,3,3,1,5,3,4,3,2.62,15,13,FALSE
Male,Loyal Customer,22,Business Travel,Eco Plus,1262,5,3,3,3,5,5,5,5,4,1,1,1,5,3.54,0,1,TRUE
Female,Loyal Customer,26,Business Travel,Business,1516,3,3,3,3,5,5,5,5,4,4,5,3,5,4.08,0,0,TRUE
Female,Disloyal Customer,24,Business Travel,Eco,679,1,1,1,1,4,1,4,4,4,5,5,3,4,2.92,0,2,FALSE
Male,Loyal Customer,66,Personal Travel,Eco,409,1,5,1,5,2,1,2,2,1,5,2,5,2,2.62,0,0,FALSE
Male,Disloyal Customer,69,Personal Travel,Eco,666,2,3,2,4,4,2,4,4,3,2,2,2,4,2.92,7,0,FALSE
Male,Loyal Customer,29,Personal Travel,Eco,528,1,4,1,4,2,1,2,2,1,4,5,2,2,2.38,0,0,FALSE
Female,Loyal Customer,48,Business Travel,Eco Plus,192,5,5,5,5,3,1,4,5,5,5,5,4,4,4.31,0,0,TRUE
Female,Loyal Customer,30,Personal Travel,Eco,1448,3,4,4,3,4,4,4,4,3,4,3,2,4,3.54,0,4,FALSE
Female,Loyal Customer,47,Business Travel,Business,2940,4,4,3,4,3,4,5,3,3,4,5,5,3,3.85,0,0,TRUE
Female,Loyal Customer,56,Personal Travel,Eco,239,2,2,2,4,3,3,3,4,4,2,5,3,2,3,9,33,FALSE
Female,Loyal Customer,45,Personal Travel,Eco,997,2,5,2,4,2,4,4,2,2,2,2,3,5,3,13,20,FALSE
Male,Loyal Customer,49,Business Travel,Business,2816,3,3,3,3,5,5,5,3,3,3,3,3,5,3.62,13,40,TRUE
Female,Loyal Customer,50,Business Travel,Business,2154,5,3,5,5,3,5,4,5,5,5,5,3,4,4.38,88,107,TRUE
Female,Disloyal Customer,21,Business Travel,Eco,282,2,3,2,3,1,2,1,1,4,4,4,4,1,2.46,0,0,FALSE
Female,Loyal Customer,30,Personal Travel,Eco Plus,1009,3,4,3,2,4,3,4,4,3,4,2,1,4,3.15,0,0,FALSE
Male,Loyal Customer,16,Personal Travel,Eco,1440,3,4,3,1,4,3,4,4,5,5,3,5,4,3.69,49,30,FALSE
Male,Loyal Customer,7,Personal Travel,Eco Plus,666,2,3,2,1,1,2,1,1,4,3,5,4,1,2.31,0,,FALSE
Female,Loyal Customer,52,Business Travel,Business,2475,3,3,3,3,5,4,4,4,4,4,4,5,4,3.85,0,0,TRUE
Male,Loyal Customer,48,Business Travel,Business,986,2,3,3,3,5,2,3,2,2,2,2,2,4,2.69,55,50,FALSE
Female,Loyal Customer,43,Business Travel,Eco,421,5,1,1,1,1,1,5,3,3,5,3,4,5,2.92,0,0,TRUE
Male,Loyal Customer,56,Business Travel,Business,3367,5,5,5,5,4,4,5,4,4,4,4,4,5,4.46,9,10,TRUE
Male,Loyal Customer,42,Personal Travel,Eco,776,4,1,4,2,1,4,1,1,4,3,1,1,1,2.15,25,4,FALSE
Female,Loyal Customer,36,Business Travel,Business,2724,3,3,3,3,3,2,5,5,5,5,3,4,5,3.77,0,0,TRUE
Female,Loyal Customer,35,Business Travel,Eco Plus,946,4,4,4,4,4,4,4,4,4,5,2,3,4,3.85,15,0,TRUE
Male,Loyal Customer,45,Business Travel,Business,1541,3,2,2,2,2,4,3,3,3,3,3,2,2,2.62,0,0,FALSE
Male,Loyal Customer,36,Business Travel,Business,770,4,4,4,4,4,5,5,4,4,4,4,5,4,4.23,0,0,TRUE
Female,Loyal Customer,36,Personal Travel,Eco,602,2,3,2,2,3,2,2,3,5,3,5,2,3,2.85,0,0,FALSE
Female,Loyal Customer,34,Business Travel,Business,2764,2,4,4,4,2,3,3,2,2,1,2,1,1,2.38,30,21,FALSE
Male,Disloyal Customer,39,Business Travel,Business,414,3,3,3,5,2,3,2,2,5,5,4,4,2,3.31,20,11,FALSE
Female,Disloyal Customer,64,Business Travel,Eco,321,3,1,4,4,4,4,1,4,4,1,4,2,4,3.08,13,4,FALSE
Female,Disloyal Customer,24,Business Travel,Eco,285,2,0,2,1,3,2,1,3,1,2,4,1,3,1.92,0,0,FALSE
Female,Loyal Customer,19,Business Travel,Business,1800,4,4,4,4,4,4,4,4,4,5,5,5,4,4.23,6,0,TRUE
Male,Loyal Customer,54,Business Travel,Eco,711,3,3,3,3,3,3,3,3,2,1,1,1,3,2.46,0,0,FALSE
Female,Loyal Customer,35,Business Travel,Eco,944,2,3,3,3,2,2,2,2,4,4,2,3,2,2.62,55,50,FALSE
Female,Loyal Customer,45,Business Travel,Business,2236,2,1,1,1,5,2,3,2,2,2,2,2,2,2.08,84,,FALSE
Female,Loyal Customer,36,Personal Travel,Eco,1709,5,4,5,1,1,5,1,1,5,5,4,2,1,3.08,16,3,TRUE
Female,Loyal Customer,41,Personal Travel,Business,1476,4,4,4,5,5,5,4,1,1,4,1,4,4,3.54,57,45,TRUE
Male,Loyal Customer,35,Business Travel,Business,2464,2,2,2,2,2,4,4,2,2,2,2,3,2,2.38,17,7,FALSE
Male,Disloyal Customer,32,Business Travel,Eco Plus,261,3,3,3,4,3,3,3,3,3,3,3,4,3,3.15,7,0,FALSE
Male,Loyal Customer,49,Business Travel,Business,2524,2,2,2,2,3,2,2,2,2,2,2,4,4,2.38,0,0,FALSE
Male,Disloyal Customer,30,Business Travel,Eco,696,4,5,5,4,2,5,2,2,4,1,5,4,2,3.46,0,0,TRUE
Male,Loyal Customer,48,Business Travel,Eco Plus,788,4,2,2,2,4,4,4,4,2,3,3,5,4,3.31,0,0,TRUE
Female,Loyal Customer,67,Personal Travel,Eco,1044,1,3,2,1,2,1,3,5,5,2,5,4,1,2.69,0,0,FALSE
Male,Disloyal Customer,21,Business Travel,Business,1066,3,1,4,3,1,4,1,1,4,5,2,1,1,2.38,28,16,FALSE
Male,Disloyal Customer,26,Business Travel,Eco,548,1,4,1,4,5,1,5,5,4,5,3,1,5,3.38,0,2,FALSE
Male,Loyal Customer,50,Personal Travel,Eco,1990,1,1,1,3,1,1,1,1,4,2,3,1,1,1.62,0,12,FALSE
Male,Loyal Customer,48,Business Travel,Business,3761,4,4,4,4,5,5,4,4,4,4,4,4,5,4.23,1,2,TRUE
Female,Disloyal Customer,30,Business Travel,Business,1546,0,0,0,2,2,0,2,2,4,5,5,4,2,2.15,3,31,TRUE
Female,Loyal Customer,49,Business Travel,Business,2486,2,2,2,2,4,4,4,5,5,5,5,4,5,3.77,0,0,TRUE
Female,Loyal Customer,70,Personal Travel,Eco,1182,3,4,3,3,5,3,2,4,4,3,4,3,1,3.23,0,3,FALSE
Male,Loyal Customer,47,Business Travel,Business,3068,5,5,5,5,2,4,5,4,4,4,4,4,4,4.23,15,0,TRUE
Male,Loyal Customer,41,Business Travel,Business,557,1,1,1,1,5,4,5,5,5,5,5,5,3,3.54,14,29,TRUE
Female,Loyal Customer,43,Business Travel,Business,3828,4,4,4,4,3,5,4,5,5,5,5,4,5,4.38,0,0,TRUE
Female,Disloyal Customer,35,Business Travel,Eco,1121,3,4,4,3,3,4,3,3,4,3,3,4,3,3.38,53,30,FALSE
Male,Disloyal Customer,26,Business Travel,Eco,1372,1,1,1,4,2,1,1,2,2,2,3,2,2,1.85,0,0,FALSE
Female,Loyal Customer,63,Personal Travel,Eco,1562,4,4,4,4,2,5,5,1,1,4,1,3,3,3.15,0,0,FALSE
Female,Loyal Customer,42,Business Travel,Business,2005,2,2,2,2,5,5,5,3,3,4,3,3,5,3.38,0,0,TRUE
Female,Loyal Customer,29,Personal Travel,Eco,266,2,0,2,2,5,2,5,5,5,5,5,3,5,3.54,0,0,FALSE
Male,Loyal Customer,47,Business Travel,Business,2650,2,2,2,2,3,5,4,4,4,4,4,5,4,3.46,0,0,TRUE
Female,Loyal Customer,59,Business Travel,Eco,419,2,1,3,3,3,2,3,2,2,2,2,4,4,2.54,13,9,FALSE
Female,Loyal Customer,39,Business Travel,Business,125,1,1,1,1,2,5,2,5,5,5,5,1,2,2.77,0,0,TRUE
Male,Disloyal Customer,9,Business Travel,Eco,601,3,0,3,1,5,3,2,5,4,2,5,3,5,3.15,0,1,FALSE
Male,Disloyal Customer,40,Business Travel,Eco,413,1,0,1,1,5,1,1,5,3,2,2,2,5,2.23,0,0,FALSE
Male,Loyal Customer,36,Personal Travel,Eco,1127,3,5,3,4,4,3,4,4,4,2,4,3,4,3.62,0,0,FALSE
Male,Loyal Customer,50,Business Travel,Eco,834,4,5,5,5,4,4,4,4,1,5,2,1,4,3.69,0,0,TRUE
Male,Loyal Customer,35,Personal Travel,Eco,621,1,4,1,4,3,1,4,3,4,5,4,4,3,3.15,0,0,FALSE
Female,Disloyal Customer,34,Business Travel,Eco,302,1,2,1,4,1,1,1,1,1,1,3,2,1,1.54,0,0,FALSE
Male,Loyal Customer,43,Business Travel,Eco,549,5,1,1,1,5,5,5,5,2,3,1,3,5,3.23,0,0,TRUE
Female,Loyal Customer,35,Business Travel,Eco Plus,285,5,4,4,4,5,5,5,5,5,3,1,3,5,4.15,0,0,TRUE
Male,Loyal Customer,58,Business Travel,Business,859,2,2,2,2,3,5,4,4,4,4,4,4,3,3.31,0,0,TRUE
Female,Loyal Customer,47,Business Travel,Business,2172,2,2,2,2,2,4,5,4,4,4,4,3,5,3.31,5,0,TRUE
Female,Loyal Customer,34,Business Travel,Business,2957,1,4,4,4,2,4,4,3,3,3,1,1,3,2.85,73,69,FALSE
Male,Loyal Customer,42,Business Travel,Business,3797,0,4,1,4,5,4,5,5,5,5,5,3,4,3.85,0,0,TRUE
Male,Loyal Customer,21,Personal Travel,Eco,2565,3,4,3,1,2,3,1,2,4,5,3,4,2,2.85,9,0,FALSE
Female,Loyal Customer,50,Business Travel,Eco,406,3,1,3,3,2,4,1,3,3,3,3,1,1,2.38,0,0,TRUE
Male,Loyal Customer,36,Business Travel,Business,3740,2,2,2,2,5,4,5,4,4,5,4,4,3,3.54,0,0,TRUE
Female,Loyal Customer,28,Business Travel,Eco Plus,925,2,4,4,4,2,2,2,2,1,3,3,1,2,2.46,7,5,FALSE
Male,Loyal Customer,35,Business Travel,Business,1953,3,3,3,3,5,5,5,2,5,5,2,5,5,3.92,142,123,TRUE
Female,Disloyal Customer,19,Business Travel,Eco Plus,607,4,0,4,4,4,1,2,5,4,4,3,2,2,3,142,145,FALSE
Female,Loyal Customer,34,Business Travel,Eco,837,4,1,1,1,4,4,4,4,4,4,2,2,4,3,0,0,TRUE
Male,Loyal Customer,43,Business Travel,Business,1638,3,1,5,1,5,4,4,3,3,3,3,4,1,3.08,0,0,FALSE
Male,Loyal Customer,59,Business Travel,Business,359,2,2,2,2,1,2,1,2,2,3,2,2,4,2.08,6,49,FALSE
Male,Loyal Customer,17,Personal Travel,Eco,562,4,4,4,3,4,4,3,4,4,2,5,3,4,3.69,3,6,FALSE
Male,Disloyal Customer,29,Business Travel,Business,925,4,4,4,1,4,4,5,4,5,4,5,4,4,4,21,25,TRUE
Female,Loyal Customer,23,Business Travel,Business,621,3,3,3,3,5,5,5,5,5,3,4,4,5,4.08,0,3,TRUE
Male,Loyal Customer,50,Personal Travel,Eco,907,3,1,3,3,2,3,2,2,1,4,4,4,2,2.62,0,8,FALSE
Female,Loyal Customer,45,Business Travel,Business,3795,1,0,0,4,2,3,3,4,4,0,4,3,3,2.38,13,4,FALSE
Male,Disloyal Customer,28,Business Travel,Business,746,3,3,3,3,1,3,1,1,5,4,5,4,1,2.85,8,20,FALSE
Female,Loyal Customer,22,Personal Travel,Eco,259,2,1,2,4,1,2,1,1,4,4,4,4,1,2.38,30,28,FALSE
Female,Loyal Customer,53,Business Travel,Eco,349,4,4,4,4,3,3,3,4,4,4,4,1,1,3.31,0,0,FALSE
Female,Loyal Customer,22,Business Travel,Business,1781,3,5,3,3,5,5,5,5,5,5,4,3,5,4.31,3,0,TRUE
Female,Loyal Customer,43,Business Travel,Eco,1081,4,3,3,3,5,3,4,4,4,4,4,1,5,3.62,0,0,TRUE
Female,Loyal Customer,64,Personal Travel,Eco,366,4,5,1,4,3,4,3,4,4,1,4,2,5,3.38,0,0,TRUE
Female,Disloyal Customer,45,Business Travel,Eco,622,0,0,0,2,3,0,3,3,3,2,3,2,3,1.85,75,69,TRUE
Male,Loyal Customer,63,Personal Travel,Eco,302,1,5,1,3,1,1,1,1,3,5,5,5,1,2.54,12,6,FALSE
Male,Disloyal Customer,26,Business Travel,Business,738,5,5,5,2,3,5,1,3,5,4,4,4,3,3.77,0,13,TRUE
Male,Disloyal Customer,26,Business Travel,Eco,785,3,3,3,3,3,3,2,3,3,4,3,2,3,2.92,0,0,FALSE
Female,Loyal Customer,15,Personal Travel,Eco,300,3,3,3,4,1,3,1,1,4,2,3,1,1,2.31,19,30,FALSE
Female,Loyal Customer,47,Business Travel,Business,3790,3,2,4,2,3,3,3,3,3,3,3,4,4,3.08,6,0,FALSE
Male,Loyal Customer,49,Business Travel,Business,369,2,2,2,2,2,3,3,2,2,2,2,2,2,2.15,80,69,FALSE
Female,Loyal Customer,49,Personal Travel,Eco,373,3,4,3,4,1,3,2,4,4,3,5,3,3,3.23,3,0,FALSE
Male,Disloyal Customer,25,Business Travel,Eco,997,2,2,2,4,1,2,1,1,3,4,4,2,1,2.23,0,0,FALSE
Male,Loyal Customer,55,Business Travel,Business,1033,2,2,2,2,4,5,5,3,3,3,3,4,5,3.31,15,6,TRUE
Male,Loyal Customer,11,Business Travel,Business,1237,3,3,3,3,5,5,5,5,4,1,2,3,5,3.62,0,0,TRUE
Male,Disloyal Customer,36,Business Travel,Business,223,3,3,3,3,4,3,4,4,5,4,5,4,4,3.77,0,0,FALSE
Female,Loyal Customer,25,Business Travel,Business,2238,3,2,3,3,4,4,3,4,3,4,3,3,4,3.31,0,0,TRUE
Female,Loyal Customer,54,Business Travel,Business,2190,5,5,5,5,3,5,5,5,5,4,5,4,4,4.62,0,0,TRUE
Female,Loyal Customer,54,Business Travel,Business,3419,5,5,5,5,2,5,2,4,4,4,4,2,5,4,0,0,TRUE
Female,Disloyal Customer,29,Business Travel,Eco,748,2,2,2,4,4,2,4,4,3,3,4,2,4,3.08,35,35,FALSE
Female,Disloyal Customer,27,Business Travel,Business,1337,3,4,4,2,2,4,2,2,3,4,4,3,2,3,23,20,FALSE
Female,Loyal Customer,26,Business Travel,Business,811,5,5,5,5,5,5,5,5,4,2,4,4,5,4.54,0,0,TRUE
Male,Loyal Customer,50,Personal Travel,Eco Plus,612,2,5,2,3,5,2,5,5,5,2,5,4,5,3.85,0,0,FALSE
Female,Disloyal Customer,22,Business Travel,Eco,175,1,0,1,3,3,1,2,3,1,1,5,4,3,2.15,0,0,FALSE
Male,Loyal Customer,57,Personal Travel,Eco,255,2,5,2,3,2,2,2,2,4,5,5,2,2,2.92,2,0,FALSE
Female,Loyal Customer,39,Business Travel,Business,1204,1,1,1,1,2,3,4,1,1,1,1,2,3,1.69,0,10,FALSE
Male,Loyal Customer,46,Business Travel,Business,2492,4,4,4,4,5,4,5,2,2,2,2,3,4,3.46,0,0,TRUE
Male,Loyal Customer,47,Personal Travel,Eco Plus,151,1,5,1,5,1,1,1,1,4,2,4,4,1,2.38,19,12,FALSE
Male,Loyal Customer,50,Personal Travel,Eco,1111,2,5,1,2,1,3,5,3,4,5,4,5,5,3.46,579,561,FALSE
Male,Loyal Customer,54,Business Travel,Business,189,2,2,4,2,5,5,5,4,4,4,5,3,4,3.77,0,0,TRUE
Male,Loyal Customer,44,Business Travel,Business,581,4,1,4,4,4,4,5,5,5,5,5,3,3,4,0,0,TRUE
Female,Loyal Customer,51,Business Travel,Business,86,4,4,4,4,3,1,1,5,5,5,5,3,1,3.46,0,0,TRUE
Female,Loyal Customer,34,Business Travel,Business,447,3,5,5,5,5,4,3,3,3,3,3,2,1,3.46,79,81,FALSE
Male,Disloyal Customer,23,Business Travel,Eco,677,2,2,2,2,4,2,2,4,3,5,5,5,4,3.23,0,0,FALSE
Male,Loyal Customer,22,Business Travel,Eco,515,0,5,0,3,3,0,1,3,2,3,5,5,3,2.54,5,6,TRUE
Male,Disloyal Customer,57,Business Travel,Business,689,2,2,2,3,4,2,4,4,1,5,3,3,4,3,114,93,FALSE
Male,Loyal Customer,32,Business Travel,Eco,190,5,2,2,2,5,5,5,5,1,3,5,1,5,3.54,0,0,TRUE
Female,Loyal Customer,32,Business Travel,Business,377,3,3,5,3,5,5,5,5,4,2,5,5,5,4.23,0,0,TRUE
Male,Loyal Customer,45,Personal Travel,Eco,438,3,4,3,1,2,3,2,2,4,4,3,1,2,2.62,0,0,FALSE
Male,Loyal Customer,48,Business Travel,Business,2636,4,4,4,4,2,4,1,4,4,5,3,1,4,3.38,0,0,TRUE
Male,Loyal Customer,35,Personal Travel,Eco Plus,719,5,4,5,3,5,4,5,5,3,5,4,3,5,4.31,0,0,TRUE
Male,Disloyal Customer,47,Business Travel,Eco,993,4,5,5,3,5,5,5,5,2,4,3,4,5,4.23,0,0,FALSE
Male,Loyal Customer,44,Business Travel,Business,3102,3,3,3,3,5,5,4,4,4,4,4,5,3,3.85,41,54,TRUE
Female,Loyal Customer,69,Business Travel,Eco,1035,5,1,1,1,4,5,1,5,5,5,5,4,1,3.31,0,0,TRUE
Female,Loyal Customer,39,Business Travel,Business,584,4,4,4,4,1,3,2,3,3,3,3,3,5,3.23,0,0,TRUE
Female,Loyal Customer,24,Personal Travel,Eco Plus,862,3,1,3,2,3,3,3,3,2,1,1,3,3,2.38,29,18,FALSE
Male,Disloyal Customer,21,Business Travel,Eco,130,2,4,2,4,3,2,3,3,3,4,5,5,3,3.31,15,18,FALSE
Male,Loyal Customer,45,Business Travel,Eco Plus,1069,4,1,1,1,5,4,5,5,2,3,5,3,5,3.38,15,18,TRUE
Male,Loyal Customer,67,Personal Travel,Eco,594,2,5,2,2,5,2,5,5,2,2,5,4,5,3.54,3,6,FALSE
Female,Loyal Customer,45,Business Travel,Business,1566,0,0,0,1,4,5,5,4,4,4,4,3,4,2.92,0,0,TRUE
Female,Disloyal Customer,22,Business Travel,Eco Plus,633,3,3,3,4,5,3,5,5,3,2,4,4,5,3.77,34,20,FALSE
Male,Loyal Customer,18,Business Travel,Eco,544,4,5,5,5,4,4,4,4,1,4,4,5,4,4.08,77,49,TRUE
Male,Loyal Customer,51,Personal Travel,Eco,844,2,5,2,2,2,2,2,2,5,4,4,3,2,2.85,2,0,FALSE
Male,Loyal Customer,22,Business Travel,Business,2106,4,4,1,4,5,5,5,5,4,2,2,2,5,3.69,14,2,TRUE
Male,Loyal Customer,40,Business Travel,Eco,674,5,3,3,3,5,5,5,5,4,5,1,5,5,4.15,5,4,TRUE
Female,Loyal Customer,29,Personal Travel,Eco,502,4,5,5,5,2,5,2,2,3,2,4,3,2,3.38,0,0,FALSE
Female,Loyal Customer,43,Business Travel,Business,888,3,3,3,3,5,5,4,3,3,3,3,3,3,3.38,107,115,TRUE
Male,Loyal Customer,50,Business Travel,Business,2982,3,3,3,3,4,5,4,3,3,3,3,4,3,3.38,0,0,TRUE
Female,Loyal Customer,64,Business Travel,Business,3240,1,1,1,1,5,3,2,1,1,1,1,4,4,2,93,86,FALSE
Male,Loyal Customer,14,Personal Travel,Eco Plus,813,4,4,3,4,5,3,5,5,5,4,4,5,5,4.31,0,0,FALSE
Female,Loyal Customer,28,Business Travel,Business,3098,2,2,5,2,2,2,2,2,1,4,3,1,2,2.31,0,5,FALSE
Male,Loyal Customer,47,Business Travel,Business,214,2,2,4,2,5,3,3,1,1,2,2,1,2,2.31,0,0,FALSE
Female,Disloyal Customer,24,Business Travel,Eco,1506,2,2,2,4,3,2,3,3,5,5,4,5,3,3.31,0,0,FALSE
Male,Loyal Customer,69,Personal Travel,Eco,230,2,4,2,2,1,2,1,1,4,3,4,3,1,2.31,0,0,FALSE
Female,Loyal Customer,48,Business Travel,Business,2586,5,5,5,5,2,5,5,3,3,4,3,4,5,4.15,0,0,TRUE
Female,Loyal Customer,66,Personal Travel,Eco,399,3,3,3,2,4,1,3,3,3,3,3,2,2,2.69,0,0,FALSE
Male,Disloyal Customer,34,Business Travel,Business,762,4,4,4,4,5,4,5,5,4,4,4,4,5,4.31,0,0,FALSE
Female,Loyal Customer,62,Business Travel,Eco,1100,4,5,5,5,2,1,2,4,4,4,4,3,3,3.54,14,0,FALSE
Male,Loyal Customer,38,Personal Travel,Business,338,1,4,1,4,2,5,4,1,1,1,1,4,3,2.46,0,0,FALSE
Female,Loyal Customer,44,Business Travel,Business,2288,4,4,4,4,5,5,4,2,2,2,2,4,5,3.62,0,0,TRUE
Female,Disloyal Customer,22,Business Travel,Eco,164,2,2,2,3,2,2,2,2,4,2,4,3,2,2.46,97,85,FALSE
Male,Loyal Customer,34,Business Travel,Eco Plus,1616,4,1,1,1,4,3,4,4,4,2,4,1,4,2.85,0,0,FALSE
Female,Disloyal Customer,24,Business Travel,Eco,309,1,5,1,2,4,1,2,4,3,4,4,5,4,3.08,0,0,FALSE
Female,Loyal Customer,22,Business Travel,Eco,694,5,1,1,1,5,5,3,5,3,2,2,3,5,3.15,0,0,TRUE
Male,Loyal Customer,36,Personal Travel,Eco,1605,2,5,2,3,4,2,4,4,4,2,4,4,4,3.38,5,29,FALSE
Female,Loyal Customer,30,Personal Travel,Eco,1183,3,4,3,3,5,3,2,5,4,2,3,3,5,3.46,16,12,FALSE
Male,Loyal Customer,27,Business Travel,Business,3588,2,2,2,2,5,5,5,5,5,5,5,5,5,4.08,0,0,TRUE
Female,Loyal Customer,24,Personal Travel,Eco Plus,1744,3,5,3,3,3,3,3,3,4,5,5,5,3,3.69,13,0,FALSE
Male,Loyal Customer,38,Business Travel,Eco Plus,1121,2,4,4,4,2,3,2,2,1,5,3,4,2,2.92,0,0,FALSE
Female,Loyal Customer,50,Business Travel,Business,250,3,3,3,3,4,4,5,4,4,4,4,5,4,3.85,0,0,TRUE
Female,Loyal Customer,61,Business Travel,Eco,349,1,0,0,3,1,4,3,4,4,1,4,1,4,2.31,2,0,FALSE
Male,Loyal Customer,58,Business Travel,Business,214,2,2,2,2,3,4,5,5,5,5,4,5,4,3.69,9,1,TRUE
Male,Loyal Customer,39,Business Travel,Business,1438,4,4,4,4,1,3,4,4,4,3,4,2,2,3.31,0,1,FALSE
Female,Loyal Customer,35,Business Travel,Business,2162,3,3,3,3,2,4,4,5,5,5,5,4,4,3.85,0,12,TRUE
Female,Loyal Customer,65,Personal Travel,Eco,511,5,5,5,4,2,5,5,1,1,5,2,4,3,3.62,0,0,TRUE
Male,Loyal Customer,62,Personal Travel,Eco,253,3,5,3,2,4,3,4,4,5,3,5,5,4,3.85,0,0,FALSE
Female,Loyal Customer,31,Business Travel,Business,993,5,5,5,5,4,4,4,4,5,5,4,3,4,4.38,0,3,TRUE
Female,Disloyal Customer,24,Business Travel,Eco,236,2,3,2,3,2,2,2,2,3,1,4,4,2,2.46,4,0,FALSE
Female,Disloyal Customer,22,Business Travel,Eco,749,2,2,2,3,4,2,4,4,2,4,3,1,4,2.85,0,13,FALSE
Female,Loyal Customer,28,Personal Travel,Eco,153,1,2,0,2,4,0,4,4,2,3,1,1,4,2.15,0,0,FALSE
Female,Loyal Customer,76,Business Travel,Business,205,2,2,2,2,1,5,2,4,4,4,5,3,4,3.08,0,0,TRUE
Male,Loyal Customer,58,Personal Travel,Eco Plus,950,3,4,3,4,4,3,4,4,1,4,4,2,4,3.38,0,0,FALSE
Male,Loyal Customer,37,Personal Travel,Eco,1154,2,4,2,4,4,2,4,4,2,2,2,1,4,2.85,20,41,FALSE
Female,Disloyal Customer,41,Business Travel,Eco,641,1,5,1,5,3,1,2,3,3,2,4,5,3,2.92,21,13,FALSE
Female,Loyal Customer,56,Personal Travel,Eco,1379,3,5,3,2,4,4,4,3,3,3,4,3,4,3.46,18,1,FALSE
Male,Loyal Customer,66,Personal Travel,Eco,1222,1,2,1,4,2,1,2,2,2,4,3,3,2,2.23,0,0,FALSE
Female,Loyal Customer,52,Personal Travel,Eco Plus,328,3,5,5,4,4,4,4,2,2,5,2,5,2,3.62,21,17,FALSE
Male,Loyal Customer,25,Business Travel,Business,315,4,3,3,3,4,4,4,4,2,1,4,3,4,3.31,0,10,FALSE
Male,Loyal Customer,52,Personal Travel,Eco,323,4,3,4,3,4,4,4,4,5,5,5,2,4,3.92,1,0,FALSE
Male,Loyal Customer,30,Personal Travel,Business,1009,2,4,2,1,3,2,3,3,5,5,4,5,3,3.23,0,0,FALSE
Female,Loyal Customer,38,Personal Travel,Eco,835,3,5,3,3,5,3,5,5,3,2,4,3,5,3.77,0,0,FALSE
Male,Loyal Customer,36,Personal Travel,Eco,584,1,1,2,2,3,2,3,3,3,3,2,3,3,2.38,0,0,FALSE
Female,Loyal Customer,47,Business Travel,Business,2227,1,1,1,1,2,3,5,5,5,5,5,3,3,3.08,2,0,TRUE
Male,Loyal Customer,31,Personal Travel,Eco,516,2,4,2,3,2,2,2,2,1,5,2,1,2,2.31,23,20,FALSE
Female,Loyal Customer,44,Business Travel,Business,1892,5,5,5,5,4,3,5,4,4,4,4,5,5,4.46,0,0,TRUE
Female,Loyal Customer,42,Business Travel,Business,258,0,0,0,3,4,5,4,3,2,4,4,4,4,2.85,183,187,TRUE
Male,Loyal Customer,20,Personal Travel,Eco Plus,329,2,4,2,2,1,2,1,1,5,2,1,5,1,2.23,0,0,FALSE
Male,Loyal Customer,61,Business Travel,Eco,786,1,1,1,1,1,1,1,1,3,2,2,2,1,1.38,33,26,FALSE
Female,Loyal Customer,53,Personal Travel,Eco,1721,0,4,0,4,4,5,5,3,3,0,5,5,5,3.31,84,86,TRUE
Female,Loyal Customer,46,Business Travel,Business,986,2,2,2,2,3,4,5,3,3,4,3,5,5,3.31,47,41,TRUE
Female,Loyal Customer,41,Personal Travel,Eco Plus,2248,4,4,4,5,4,1,1,4,1,3,3,1,1,2.77,14,28,FALSE
Male,Loyal Customer,31,Business Travel,Business,1609,5,5,5,5,5,5,5,5,5,3,4,2,5,4.54,0,0,TRUE
Male,Loyal Customer,21,Personal Travel,Eco,888,4,1,4,4,4,4,4,4,1,4,3,1,4,3.23,0,0,FALSE
Male,Loyal Customer,36,Business Travel,Business,2583,3,4,4,4,3,3,3,4,1,1,2,3,3,2.92,192,179,FALSE
Male,Disloyal Customer,24,Business Travel,Business,562,4,0,4,2,5,4,4,5,5,4,5,3,5,3.85,96,95,TRUE
Female,Loyal Customer,27,Business Travel,Business,2075,2,2,2,2,2,2,2,2,3,4,2,1,2,2.15,0,0,FALSE
Female,Loyal Customer,54,Personal Travel,Eco,1956,1,5,1,4,1,1,1,1,2,2,5,1,1,2,140,94,FALSE
Male,Loyal Customer,31,Personal Travel,Eco Plus,925,1,4,1,5,2,1,2,2,3,3,5,4,2,2.69,44,17,FALSE
Female,Disloyal Customer,32,Business Travel,Business,342,2,2,2,1,2,2,2,2,4,2,4,3,2,2.31,72,71,FALSE
Female,Loyal Customer,42,Business Travel,Business,188,2,2,2,2,4,3,3,3,3,3,2,2,4,2.69,0,1,FALSE
Male,Loyal Customer,38,Personal Travel,Eco,86,2,4,2,4,4,2,1,4,5,3,4,5,4,3.38,0,0,FALSE
Male,Loyal Customer,25,Business Travel,Business,954,3,3,3,3,4,4,4,4,2,3,2,1,4,3.08,0,0,TRUE
Female,Loyal Customer,9,Personal Travel,Business,695,2,4,1,2,2,1,2,2,3,2,5,3,2,2.38,1,0,FALSE
Female,Loyal Customer,58,Business Travel,Business,436,1,1,1,1,2,5,4,4,4,4,4,4,3,2.92,5,0,TRUE
Male,Loyal Customer,43,Business Travel,Business,667,2,2,2,2,3,4,5,4,4,4,4,4,4,3.38,34,32,TRUE
Female,Loyal Customer,38,Business Travel,Business,3385,2,2,2,2,1,3,4,2,2,2,2,3,3,2.31,5,0,FALSE
Female,Loyal Customer,60,Business Travel,Business,2414,2,2,2,2,1,3,4,3,3,4,5,1,3,2.69,0,0,TRUE
Male,Loyal Customer,37,Business Travel,Business,3988,5,5,5,5,5,5,1,4,4,4,4,3,2,4,0,0,TRUE
Male,Loyal Customer,25,Business Travel,Business,3093,1,3,3,3,1,1,1,1,3,5,3,2,1,2.15,6,0,FALSE
Female,Loyal Customer,39,Personal Travel,Eco,265,2,2,0,4,2,0,2,2,2,4,4,4,2,2.31,57,49,FALSE
Male,Loyal Customer,26,Personal Travel,Eco,109,3,4,3,4,5,3,5,5,3,3,5,2,5,3.85,7,0,FALSE
Female,Disloyal Customer,29,Business Travel,Eco Plus,1399,2,2,2,3,1,2,1,1,1,3,3,3,1,1.92,0,26,FALSE
Male,Disloyal Customer,15,Business Travel,Eco,634,1,5,1,4,4,1,3,4,5,1,3,4,4,3.08,34,39,FALSE
Male,Disloyal Customer,30,Business Travel,Eco,819,0,0,0,2,2,0,1,2,1,1,5,1,2,1.31,12,0,TRUE
Male,Loyal Customer,37,Business Travel,Eco,258,5,2,2,2,5,5,5,5,3,4,3,5,5,3.92,0,0,TRUE
Male,Loyal Customer,41,Personal Travel,Eco Plus,328,3,0,3,3,4,3,4,4,3,2,4,4,4,3.15,0,0,FALSE
Female,Loyal Customer,49,Business Travel,Business,3555,3,4,4,4,5,4,4,3,3,3,3,1,2,3.31,0,2,FALSE
Male,Loyal Customer,67,Personal Travel,Eco,604,3,4,3,3,4,3,4,4,5,3,5,4,4,3.77,0,3,FALSE
Female,Disloyal Customer,27,Business Travel,Eco,1056,1,1,1,4,3,1,3,3,4,1,3,4,3,2.46,0,0,FALSE
Female,Loyal Customer,31,Business Travel,Business,692,5,5,5,5,4,4,4,4,5,2,5,4,4,4.31,0,0,TRUE
Female,Disloyal Customer,40,Business Travel,Business,247,4,4,4,2,3,4,2,3,5,5,4,3,3,3.54,34,31,FALSE
Female,Loyal Customer,37,Personal Travel,Eco,399,3,2,3,3,1,3,1,1,3,5,4,3,1,2.54,0,0,FALSE
Female,Loyal Customer,56,Business Travel,Business,994,1,1,1,1,5,4,4,5,5,5,5,3,5,3.46,0,0,TRUE
Female,Loyal Customer,56,Personal Travel,Eco Plus,733,4,5,4,3,5,3,4,5,5,4,5,3,3,4.08,3,0,FALSE
Male,Loyal Customer,31,Business Travel,Business,2422,2,2,2,2,5,5,5,5,5,5,5,1,5,3.77,14,5,TRUE
Male,Disloyal Customer,20,Business Travel,Eco,717,2,2,2,3,2,2,2,4,3,5,5,2,2,2.77,0,29,FALSE
Male,Loyal Customer,38,Personal Travel,Eco,302,3,1,3,3,2,3,2,2,3,1,3,3,2,2.38,0,0,FALSE
Male,Loyal Customer,44,Personal Travel,Eco,2614,3,5,3,3,4,3,4,4,5,5,3,3,4,3.77,0,0,FALSE
Male,Loyal Customer,29,Business Travel,Business,2147,3,3,3,3,5,5,5,5,5,5,4,4,5,4.23,0,38,TRUE
Female,Disloyal Customer,27,Business Travel,Business,328,1,1,1,5,1,1,3,5,5,4,5,3,3,2.92,171,159,FALSE
Male,Disloyal Customer,19,Business Travel,Eco,971,4,4,4,4,3,4,3,3,2,1,3,4,3,3.23,29,31,FALSE
Female,Loyal Customer,50,Business Travel,Business,3829,5,5,5,5,5,5,5,4,4,4,4,4,4,4.54,0,12,TRUE
Male,Disloyal Customer,27,Business Travel,Eco,859,3,3,3,3,5,3,5,5,4,5,2,4,5,3.85,79,76,FALSE
Male,Loyal Customer,51,Business Travel,Business,759,2,3,3,3,5,4,4,2,2,2,2,2,4,2.92,0,2,FALSE
Male,Loyal Customer,66,Personal Travel,Eco,591,4,5,5,2,3,5,3,3,3,4,4,5,3,3.77,0,0,FALSE
Male,Loyal Customer,35,Business Travel,Business,3023,1,2,2,2,3,2,3,1,1,1,1,3,1,1.77,0,0,FALSE
Male,Disloyal Customer,34,Business Travel,Eco,577,2,0,2,1,2,2,2,2,5,3,4,1,2,2.15,0,0,FALSE
Male,Loyal Customer,52,Business Travel,Eco Plus,721,3,1,4,1,3,3,3,3,3,5,3,1,3,2.77,1,0,FALSE
Male,Loyal Customer,25,Business Travel,Eco,705,0,4,0,3,1,0,1,1,2,3,3,1,1,1.54,0,0,TRUE
Female,Loyal Customer,43,Business Travel,Business,248,0,0,0,4,4,4,5,3,3,2,2,4,4,2.69,20,15,TRUE
Male,Loyal Customer,41,Personal Travel,Eco,447,4,3,4,3,4,4,4,4,2,1,1,1,4,3,33,26,FALSE
Female,Loyal Customer,19,Personal Travel,Eco,179,4,4,4,4,5,4,5,5,4,4,4,4,5,4.31,0,14,TRUE
Female,Loyal Customer,23,Personal Travel,Eco,2296,3,4,3,3,3,2,2,3,2,5,5,2,2,3,0,9,FALSE
Female,Loyal Customer,53,Business Travel,Business,2419,4,4,4,4,2,5,4,4,4,4,4,4,3,3.85,0,0,TRUE
Male,Loyal Customer,47,Business Travel,Business,1592,2,2,2,2,2,4,5,5,5,5,5,5,5,3.77,25,0,TRUE
Female,Loyal Customer,31,Personal Travel,Eco,1099,3,1,3,4,5,3,5,5,4,4,4,3,5,3.77,0,0,FALSE
Female,Loyal Customer,37,Business Travel,Business,2380,1,1,1,1,5,2,3,5,5,5,4,3,2,2.92,17,16,TRUE
Female,Disloyal Customer,21,Business Travel,Business,271,5,4,5,1,1,5,1,1,3,3,5,5,1,3.08,0,0,TRUE
Female,Loyal Customer,56,Business Travel,Business,2657,1,1,1,1,2,5,5,4,4,4,4,4,3,3,1,0,TRUE
Male,Disloyal Customer,30,Business Travel,Eco,925,5,5,5,1,3,5,3,3,4,2,4,1,3,3.38,0,4,TRUE
Male,Loyal Customer,49,Business Travel,Eco,236,4,3,3,3,4,4,4,4,4,5,4,4,4,3.85,0,0,FALSE
Female,Loyal Customer,37,Business Travel,Business,2287,1,1,1,1,2,4,4,5,5,5,4,4,4,3.15,0,0,TRUE
Female,Loyal Customer,49,Business Travel,Eco,551,4,1,1,1,5,2,3,4,4,4,4,2,1,2.77,0,0,FALSE
Male,Loyal Customer,35,Business Travel,Business,868,4,4,3,4,4,4,4,4,4,4,4,3,5,3.92,0,0,TRUE
Male,Loyal Customer,39,Business Travel,Business,1090,3,3,3,3,3,4,4,5,5,5,5,3,5,3.92,2,0,TRUE
Male,Loyal Customer,28,Personal Travel,Eco,550,2,1,2,3,3,2,3,3,3,2,2,1,3,2.31,0,10,FALSE
Female,Loyal Customer,62,Personal Travel,Eco,2288,3,4,3,5,3,3,2,2,2,3,2,1,5,2.92,40,35,FALSE
Male,Loyal Customer,32,Personal Travel,Eco,1205,5,3,5,2,5,5,5,5,5,3,1,4,5,4.08,0,0,TRUE
Female,Loyal Customer,65,Business Travel,Business,1440,2,3,3,3,2,2,2,2,2,2,2,2,1,2.15,68,83,FALSE
Male,Disloyal Customer,36,Business Travel,Eco,325,3,0,3,1,1,3,1,1,3,1,5,3,1,2,0,0,FALSE
Male,Loyal Customer,44,Business Travel,Business,3966,3,4,4,4,5,3,3,3,3,3,3,2,1,3.15,60,67,FALSE
Female,Disloyal Customer,24,Business Travel,Eco,738,2,2,2,3,4,2,4,4,4,3,4,5,4,3.31,26,21,FALSE
Female,Loyal Customer,30,Business Travel,Business,3659,3,1,1,1,3,3,3,3,3,1,3,1,3,2.23,0,4,FALSE
Male,Disloyal Customer,42,Business Travel,Business,2342,3,3,3,2,3,2,2,4,3,4,5,2,2,2.92,38,71,FALSE
Male,Loyal Customer,59,Business Travel,Business,3023,5,5,5,5,5,2,4,4,4,4,3,3,4,4.08,0,0,TRUE
Male,Loyal Customer,62,Business Travel,Business,2923,5,5,5,5,5,4,3,4,4,4,4,3,3,4.15,0,0,TRUE
Male,Loyal Customer,31,Personal Travel,Eco,834,1,5,1,2,1,1,1,1,5,4,4,5,1,2.46,0,0,FALSE
Male,Loyal Customer,36,Business Travel,Business,1837,2,2,2,2,4,5,5,4,4,4,4,4,5,3.62,0,0,TRUE
Female,Loyal Customer,61,Business Travel,Business,3258,1,1,1,1,1,1,2,5,5,5,4,2,4,2.54,6,11,TRUE
Female,Disloyal Customer,25,Business Travel,Business,967,0,0,0,4,3,0,3,3,5,2,4,5,3,2.46,11,5,TRUE
Female,Loyal Customer,45,Personal Travel,Business,1085,3,5,2,3,3,4,5,4,4,2,4,4,3,3.54,23,0,FALSE
Female,Loyal Customer,56,Business Travel,Business,989,5,5,5,5,2,4,4,5,5,4,5,3,5,4.38,0,0,TRUE
Male,Disloyal Customer,36,Business Travel,Eco,176,1,3,1,4,3,1,2,3,2,1,3,3,3,2.31,16,17,FALSE
Female,Loyal Customer,29,Business Travel,Business,2947,5,1,1,1,5,4,5,5,2,2,3,3,5,3.23,0,0,FALSE
Male,Loyal Customer,59,Personal Travel,Eco,200,3,5,3,3,1,3,1,1,1,4,1,4,1,2.38,0,0,FALSE
Female,Loyal Customer,48,Personal Travel,Eco,102,2,4,2,4,2,3,3,2,2,2,2,2,2,2.46,0,0,FALSE
Male,Disloyal Customer,39,Business Travel,Eco,1325,3,3,3,1,3,3,4,3,2,2,2,5,3,2.85,37,21,TRUE
Female,Loyal Customer,58,Personal Travel,Eco,308,2,4,2,3,4,4,5,5,5,2,5,5,5,3.92,5,9,FALSE
Male,Loyal Customer,18,Personal Travel,Eco,197,2,4,2,1,5,2,5,5,4,3,5,5,5,3.69,1,7,FALSE
Female,Loyal Customer,66,Business Travel,Eco,2125,4,4,4,4,4,2,3,4,4,4,4,1,3,3.46,1,0,FALSE
Male,Loyal Customer,19,Personal Travel,Eco Plus,1020,3,4,3,1,1,3,1,1,2,4,2,5,1,2.38,5,0,FALSE
Male,Disloyal Customer,33,Business Travel,Eco,163,4,0,5,4,4,5,2,4,1,2,3,2,4,3.08,0,0,FALSE
Female,Disloyal Customer,36,Business Travel,Business,293,2,2,2,5,2,2,2,2,4,5,5,4,2,3,0,0,FALSE
Female,Disloyal Customer,13,Business Travel,Eco Plus,1118,2,0,2,4,3,2,3,3,5,1,3,2,3,2.54,17,27,FALSE
Male,Loyal Customer,44,Personal Travel,Eco Plus,89,2,4,2,3,4,2,4,4,5,5,4,3,4,3.54,0,0,FALSE
Male,Disloyal Customer,32,Business Travel,Eco,290,2,5,2,3,5,2,5,5,2,4,4,5,5,3.77,0,0,FALSE
Male,Disloyal Customer,36,Business Travel,Eco,474,3,5,3,3,4,3,1,4,2,5,3,2,4,3.23,0,5,FALSE
Female,Loyal Customer,43,Personal Travel,Eco,1055,1,2,1,3,4,3,3,3,3,1,3,2,3,2.46,0,0,FALSE
Female,Loyal Customer,34,Personal Travel,Eco,1379,0,4,0,3,4,0,4,4,5,5,3,4,4,3.08,17,1,TRUE
Female,Disloyal Customer,26,Business Travel,Business,1061,2,2,2,2,1,2,1,1,4,4,4,3,1,2.23,0,0,FALSE
Male,Loyal Customer,59,Business Travel,Business,3790,0,0,0,2,3,5,5,4,4,4,4,4,4,3,0,0,TRUE
Male,Loyal Customer,45,Business Travel,Business,3953,4,4,4,4,2,4,4,4,4,5,4,3,4,3.85,0,0,TRUE
Male,Loyal Customer,49,Business Travel,Business,2926,3,4,4,4,2,3,3,3,3,3,3,1,4,3.08,0,0,FALSE
Male,Loyal Customer,19,Personal Travel,Eco,760,5,3,5,3,5,5,4,5,2,3,4,1,5,3.85,4,0,TRUE
Male,Loyal Customer,57,Personal Travel,Eco,449,2,3,3,3,2,3,2,2,5,5,5,1,2,2.92,0,0,FALSE
Male,Loyal Customer,66,Personal Travel,Eco,1192,5,5,5,3,1,5,1,1,5,4,3,5,1,3.38,5,21,TRUE
Male,Disloyal Customer,50,Business Travel,Business,1892,4,4,4,5,4,4,4,4,4,2,4,4,4,3.92,0,0,TRUE
Female,Loyal Customer,48,Business Travel,Eco,925,4,2,2,2,1,1,2,5,5,4,5,4,4,3.15,4,0,TRUE
Female,Loyal Customer,53,Business Travel,Business,3637,3,1,1,1,2,3,4,3,3,3,3,3,2,2.46,24,10,FALSE
Male,Loyal Customer,62,Business Travel,Business,2542,1,5,1,5,2,3,3,3,3,3,1,3,4,2.85,0,0,FALSE
Female,Loyal Customer,64,Personal Travel,Eco,1839,3,4,3,1,3,4,4,1,1,3,1,4,3,2.69,30,10,FALSE
Male,Loyal Customer,46,Business Travel,Business,930,2,2,2,2,2,5,4,5,5,5,5,4,3,3.54,0,0,TRUE
Male,Loyal Customer,42,Business Travel,Business,2788,4,4,4,4,4,3,4,3,3,4,3,5,4,3.77,16,4,TRUE
Female,Loyal Customer,70,Personal Travel,Eco,990,5,1,5,3,4,3,3,4,4,5,3,2,1,3.31,0,0,TRUE
Female,Loyal Customer,26,Personal Travel,Eco,1598,4,4,4,2,5,4,5,5,3,4,3,4,5,4,0,0,TRUE
Male,Loyal Customer,63,Personal Travel,Eco,2342,3,2,3,2,1,3,3,1,3,4,2,1,1,2.23,0,0,FALSE
Male,Loyal Customer,51,Business Travel,Business,2935,3,1,3,3,1,3,3,3,3,3,3,1,4,2.62,19,27,FALSE
Male,Loyal Customer,40,Personal Travel,Eco,541,4,4,4,5,2,4,1,2,4,3,5,5,2,3.46,0,0,FALSE
Female,Loyal Customer,34,Personal Travel,Eco,542,3,4,3,5,4,3,4,4,5,2,5,3,4,3.77,0,0,FALSE
Male,Loyal Customer,38,Personal Travel,Eco,665,3,4,3,4,5,3,5,5,1,3,5,2,5,3.69,0,0,FALSE
Male,Loyal Customer,46,Business Travel,Business,3282,2,3,4,4,4,3,2,2,2,2,2,3,4,2.85,0,24,FALSE
Male,Disloyal Customer,25,Business Travel,Business,611,4,0,4,2,4,4,4,4,5,4,4,3,4,3.54,2,0,TRUE
Female,Disloyal Customer,24,Business Travel,Eco,1195,2,3,3,3,3,3,3,3,2,2,4,3,3,2.85,0,0,FALSE
Male,Loyal Customer,55,Business Travel,Eco,596,2,3,3,3,2,2,2,2,3,3,4,5,2,2.77,0,0,TRUE
Female,Loyal Customer,31,Business Travel,Eco,391,0,0,0,2,3,0,3,3,1,2,3,1,3,1.62,0,0,TRUE
Male,Loyal Customer,46,Business Travel,Eco,861,3,2,2,2,3,3,3,3,2,1,1,1,3,2.23,10,0,FALSE
Female,Loyal Customer,56,Business Travel,Business,452,3,3,3,3,5,5,5,4,4,4,4,4,4,3.92,3,0,TRUE
Female,Loyal Customer,17,Personal Travel,Eco Plus,2586,0,4,0,1,0,4,4,3,5,3,5,4,4,2.85,0,1,TRUE
Female,Loyal Customer,49,Business Travel,Business,3919,1,1,1,1,5,5,4,5,5,5,5,5,5,3.69,10,0,TRUE
Female,Loyal Customer,33,Business Travel,Business,3784,1,1,1,1,3,4,5,4,4,5,4,4,5,3.23,5,7,TRUE
Male,Loyal Customer,52,Business Travel,Business,1504,1,1,1,1,3,5,5,4,4,4,4,5,5,3.31,7,0,TRUE
Female,Loyal Customer,23,Business Travel,Business,391,4,5,4,4,3,4,3,3,1,1,2,4,3,3.15,44,68,TRUE
Male,Disloyal Customer,26,Business Travel,Eco,1797,4,4,4,3,5,4,1,5,2,5,2,1,5,3.46,0,0,FALSE
Female,Loyal Customer,29,Business Travel,Business,2829,3,3,3,3,5,5,5,5,1,1,3,3,5,3.46,17,36,TRUE
Female,Loyal Customer,54,Business Travel,Business,1510,1,1,1,1,3,4,5,4,4,5,5,3,5,3.23,0,0,TRUE
Female,Loyal Customer,48,Personal Travel,Eco,349,3,4,5,4,5,4,4,5,5,5,5,5,3,4.38,0,0,FALSE
Male,Loyal Customer,48,Business Travel,Eco,1431,1,2,2,2,1,1,1,1,4,1,2,4,1,1.77,0,3,FALSE
Male,Loyal Customer,32,Personal Travel,Eco,1127,4,4,4,3,3,4,3,3,3,5,3,5,3,3.62,0,0,FALSE
Female,Loyal Customer,26,Personal Travel,Eco Plus,1201,3,1,4,2,1,4,1,1,4,5,2,3,1,2.46,0,0,FALSE
Female,Disloyal Customer,20,Business Travel,Eco,589,2,0,2,3,3,2,3,3,1,2,1,2,3,2.08,20,0,FALSE
Male,Loyal Customer,29,Business Travel,Business,1851,4,1,1,1,4,3,4,4,2,3,4,4,4,3,0,0,FALSE
Female,Loyal Customer,40,Business Travel,Business,690,4,2,4,2,3,3,3,4,4,4,4,3,4,3.38,0,0,FALSE
Male,Loyal Customer,23,Business Travel,Eco Plus,1984,0,1,1,1,0,1,2,0,1,4,4,4,0,1.46,0,0,FALSE
Female,Loyal Customer,60,Business Travel,Business,2342,3,3,4,3,4,4,4,4,4,4,4,5,4,3.85,8,0,TRUE
Female,Loyal Customer,44,Business Travel,Business,2862,2,2,2,2,5,4,5,5,5,5,5,3,3,3.69,0,0,TRUE
Female,Loyal Customer,63,Business Travel,Business,2681,1,1,1,1,5,4,1,5,5,5,5,2,1,2.85,5,0,TRUE
Female,Loyal Customer,15,Business Travel,Business,2417,1,1,1,1,5,5,5,5,1,4,5,1,5,3.08,8,0,TRUE
Female,Loyal Customer,23,Personal Travel,Eco,250,0,5,0,2,2,0,2,2,2,5,4,4,2,2.31,70,72,TRUE
Male,Loyal Customer,29,Personal Travel,Eco,416,4,5,3,4,4,3,3,4,2,2,4,3,4,3.46,0,0,FALSE
Male,Loyal Customer,25,Personal Travel,Eco,399,3,3,3,3,1,3,1,1,1,3,3,1,1,2.08,13,13,FALSE
Male,Loyal Customer,29,Personal Travel,Eco,1882,1,2,1,4,5,1,5,5,3,4,3,4,5,3.31,0,0,FALSE
Male,Loyal Customer,39,Business Travel,Business,2050,1,1,1,1,5,5,4,5,5,5,5,4,4,3.54,0,0,TRUE
Female,Loyal Customer,69,Personal Travel,Eco,404,2,5,4,2,4,5,4,3,3,4,3,3,4,3.54,9,0,FALSE
Female,Loyal Customer,47,Personal Travel,Business,602,0,5,0,3,4,4,5,4,4,0,1,5,4,3,26,12,TRUE
Male,Loyal Customer,30,Business Travel,Business,448,3,3,3,3,4,4,4,4,1,1,4,1,4,3,0,5,TRUE
Female,Loyal Customer,23,Personal Travel,Eco,337,3,5,3,4,5,3,5,5,4,2,4,3,5,3.92,0,1,FALSE
Male,Loyal Customer,41,Personal Travel,Eco,1180,3,5,3,4,2,3,2,2,3,5,4,4,2,3.23,8,36,FALSE
Male,Loyal Customer,55,Business Travel,Eco Plus,679,4,5,2,5,4,4,4,4,1,1,2,4,4,3.38,54,68,TRUE
Female,Loyal Customer,50,Business Travel,Business,414,5,5,5,5,2,4,4,3,3,3,3,3,5,3.85,1,0,TRUE
Female,Loyal Customer,72,Business Travel,Business,3184,2,3,2,2,1,3,4,4,4,4,4,1,2,2.77,0,0,TRUE
Female,Disloyal Customer,38,Business Travel,Business,187,3,3,3,3,5,3,5,5,4,4,4,4,5,3.92,0,0,FALSE
Male,Loyal Customer,37,Personal Travel,Eco,647,3,3,3,3,2,3,5,2,5,1,3,3,2,2.92,67,53,FALSE
Female,Loyal Customer,33,Business Travel,Business,1606,3,3,3,3,3,5,4,5,5,5,5,4,4,4,0,0,TRUE
Male,Loyal Customer,41,Personal Travel,Eco,332,4,1,2,4,1,2,1,1,3,3,3,1,1,2.08,0,0,FALSE
Female,Loyal Customer,51,Business Travel,Business,2565,1,1,1,1,3,3,3,3,5,3,5,3,3,2.69,61,67,TRUE
Male,Loyal Customer,46,Business Travel,Business,2241,3,3,3,3,3,4,4,5,5,5,5,5,5,4.08,35,49,TRUE
Male,Loyal Customer,53,Personal Travel,Eco,867,3,4,2,3,5,2,5,5,4,2,4,3,5,3.62,0,0,FALSE
Female,Loyal Customer,49,Business Travel,Business,826,3,3,3,3,2,4,5,3,3,3,3,3,5,3.31,0,25,TRUE
Female,Loyal Customer,28,Business Travel,Business,606,3,1,1,1,3,3,3,3,3,3,4,1,3,2.46,52,46,FALSE
Female,Disloyal Customer,26,Business Travel,Eco,784,3,3,3,5,5,3,5,5,1,3,3,2,5,3.54,0,0,FALSE
Male,Disloyal Customer,25,Business Travel,Eco Plus,529,3,4,2,4,2,2,1,2,3,3,4,4,2,2.77,25,26,FALSE
Male,Loyal Customer,35,Business Travel,Business,391,1,1,1,1,2,3,3,5,5,5,5,4,5,3.15,3,0,TRUE
Male,Loyal Customer,46,Business Travel,Business,433,4,4,4,4,2,2,1,4,4,4,4,3,5,3.46,0,0,TRUE
Female,Disloyal Customer,29,Business Travel,Eco,647,2,2,2,3,5,2,4,5,3,3,3,3,5,3.23,29,27,FALSE
Female,Loyal Customer,44,Business Travel,Business,2028,0,0,0,3,2,4,4,1,1,1,1,5,4,2,0,0,TRUE
Female,Loyal Customer,23,Business Travel,Business,674,5,5,5,5,4,4,4,4,1,3,1,2,4,3.62,30,59,TRUE
Male,Loyal Customer,52,Personal Travel,Eco Plus,1028,1,5,1,3,2,1,2,2,5,4,5,4,2,2.85,0,0,FALSE
Female,Loyal Customer,26,Personal Travel,Eco,1428,1,4,1,3,2,1,2,2,4,4,5,5,2,2.77,0,0,FALSE
Male,Loyal Customer,13,Personal Travel,Eco,957,1,5,1,3,5,1,5,5,4,3,4,4,5,3.54,0,0,FALSE
Male,Disloyal Customer,29,Business Travel,Business,685,4,4,4,1,5,4,5,5,5,4,4,4,5,4.15,0,17,TRUE
Female,Loyal Customer,53,Business Travel,Business,2860,3,2,4,4,5,2,4,3,3,3,3,2,1,3,0,0,FALSE
Female,Loyal Customer,59,Business Travel,Eco,541,4,1,1,1,2,4,4,4,4,4,4,4,5,3.23,0,0,TRUE
Male,Loyal Customer,52,Business Travel,Eco,1182,4,4,4,4,5,4,5,5,5,2,4,4,5,4.23,0,0,TRUE
Female,Loyal Customer,65,Personal Travel,Eco Plus,413,1,4,2,3,3,5,5,4,4,2,4,3,3,3.31,0,0,FALSE
Female,Loyal Customer,41,Business Travel,Business,1905,0,0,0,3,3,4,5,5,5,5,5,4,4,3.31,0,0,TRUE
Male,Loyal Customer,47,Personal Travel,Business,362,2,5,2,3,4,4,4,4,4,2,4,3,3,3.38,4,0,FALSE
Male,Disloyal Customer,39,Business Travel,Business,544,4,4,4,4,4,4,4,4,4,4,5,3,4,4,0,0,FALSE
Male,Loyal Customer,56,Business Travel,Business,3464,4,4,3,4,2,5,5,5,5,5,5,4,4,4.23,3,4,TRUE
Male,Loyal Customer,8,Personal Travel,Eco,402,1,4,5,2,3,5,3,3,3,2,5,4,3,3.31,19,17,FALSE
Male,Loyal Customer,30,Business Travel,Business,416,3,1,1,1,3,3,3,3,1,1,4,4,3,2.38,0,10,FALSE
Male,Loyal Customer,54,Business Travel,Business,628,1,1,1,1,2,4,5,4,4,4,4,5,3,3,0,0,TRUE
Female,Disloyal Customer,9,Business Travel,Eco,1187,4,4,4,3,1,4,1,1,1,3,4,3,1,2.62,0,0,FALSE
Female,Loyal Customer,24,Business Travel,Business,3948,2,2,2,2,3,3,3,3,5,5,4,5,3,3.23,14,12,TRUE
Female,Loyal Customer,45,Business Travel,Business,419,4,4,4,4,3,5,4,4,4,4,4,5,4,4.08,3,1,TRUE
Female,Disloyal Customer,24,Business Travel,Business,1050,2,1,2,4,3,2,3,3,2,5,4,2,3,2.77,0,0,FALSE
Female,Loyal Customer,38,Business Travel,Business,533,1,1,1,1,5,3,4,5,5,5,5,3,5,3.38,0,0,TRUE
Male,Disloyal Customer,36,Business Travel,Business,583,2,2,2,3,4,2,4,4,4,5,4,3,4,3.31,1,0,FALSE
Female,Loyal Customer,66,Personal Travel,Eco,1590,2,4,3,3,4,4,1,4,4,3,4,4,2,3.23,38,33,FALSE
Male,Loyal Customer,42,Business Travel,Business,1499,1,1,4,1,4,1,3,2,2,2,2,3,4,2.31,0,0,TRUE
Male,Loyal Customer,51,Business Travel,Business,2998,3,3,3,3,3,3,2,3,3,3,3,3,2,2.85,32,34,FALSE
Male,Loyal Customer,54,Business Travel,Eco Plus,174,5,4,4,4,5,5,5,5,4,3,5,4,5,4.46,0,0,TRUE
Female,Loyal Customer,47,Personal Travel,Eco Plus,552,2,4,2,3,4,3,3,4,4,2,4,4,2,3.15,0,26,FALSE
Male,Loyal Customer,58,Business Travel,Eco,284,1,1,1,1,1,1,1,4,2,4,4,1,1,1.77,235,230,FALSE
Female,Loyal Customer,37,Business Travel,Eco,546,4,2,2,2,4,4,4,4,3,5,3,3,4,3.38,0,0,TRUE
Male,Loyal Customer,60,Personal Travel,Eco,1096,3,4,4,5,1,4,1,1,4,5,4,3,1,3.08,0,48,FALSE
Male,Loyal Customer,39,Business Travel,Eco,164,5,4,4,4,5,5,5,5,3,3,5,3,5,4.31,0,0,TRUE
Female,Loyal Customer,40,Personal Travel,Eco,912,3,5,3,2,1,3,1,1,4,5,4,3,1,2.77,0,0,FALSE
Male,Loyal Customer,50,Personal Travel,Eco,370,5,4,1,4,2,1,2,2,1,3,3,1,2,2.38,0,0,TRUE
Male,Loyal Customer,45,Business Travel,Business,1739,3,3,3,3,2,3,4,5,5,5,5,3,3,3.62,22,12,TRUE
Male,Loyal Customer,30,Business Travel,Business,1372,1,4,2,4,1,2,1,1,2,5,2,3,1,2.23,25,0,FALSE
Male,Disloyal Customer,37,Business Travel,Eco,715,2,3,3,4,1,3,1,1,4,4,3,5,1,2.69,0,0,FALSE
Female,Loyal Customer,54,Business Travel,Business,2551,4,2,4,4,5,4,5,2,2,2,2,3,5,3.38,19,42,TRUE
Male,Loyal Customer,26,Personal Travel,Eco,1069,2,4,2,3,3,2,3,3,3,2,4,4,3,2.92,10,3,FALSE
Male,Loyal Customer,44,Personal Travel,Eco,414,3,5,3,5,3,3,3,3,4,2,5,2,3,3.38,98,109,FALSE
Male,Loyal Customer,61,Personal Travel,Eco Plus,447,1,4,2,5,3,2,3,3,4,5,4,4,3,3.31,4,0,FALSE
Male,Loyal Customer,41,Business Travel,Business,349,3,1,1,1,1,4,3,3,3,3,3,2,1,2.23,0,0,FALSE
Male,Loyal Customer,32,Business Travel,Business,3919,2,2,2,2,4,4,4,5,4,1,5,4,4,3.31,137,148,TRUE
Male,Loyal Customer,52,Business Travel,Eco,558,4,3,3,3,4,4,4,4,1,4,3,4,4,3.46,0,0,TRUE
Male,Loyal Customer,29,Personal Travel,Eco,919,2,5,2,5,4,2,4,4,4,4,5,4,4,3.77,0,0,FALSE
Male,Loyal Customer,40,Business Travel,Business,472,2,2,2,2,1,1,5,4,4,4,4,2,3,2.77,0,0,TRUE
Male,Loyal Customer,44,Business Travel,Business,2612,2,3,3,3,1,3,3,2,2,2,2,1,2,2.23,8,0,FALSE
Female,Loyal Customer,56,Personal Travel,Eco,475,3,1,3,3,1,3,2,5,5,3,5,1,3,2.92,0,0,FALSE
Male,Loyal Customer,34,Business Travel,Business,2506,2,4,4,4,2,4,4,2,2,2,2,4,2,2.92,0,0,FALSE
Male,Loyal Customer,69,Personal Travel,Eco,116,2,4,0,4,0,3,3,1,1,3,4,3,3,2.38,166,167,FALSE
Female,Loyal Customer,57,Business Travel,Business,1766,5,5,3,5,4,5,5,5,5,5,5,3,3,4.46,0,37,TRUE
Female,Disloyal Customer,20,Business Travel,Eco,192,0,4,0,4,4,0,4,4,3,2,5,5,4,3,0,0,TRUE
Female,Loyal Customer,57,Business Travel,Business,2916,3,3,3,3,4,4,4,4,4,4,4,4,5,3.77,0,0,TRUE
Female,Loyal Customer,26,Business Travel,Business,616,4,4,4,4,4,4,4,4,3,3,4,3,4,3.77,19,30,TRUE
Male,Loyal Customer,56,Business Travel,Business,997,5,5,5,5,4,4,4,4,4,4,4,5,3,4.31,0,0,TRUE
Male,Loyal Customer,33,Business Travel,Business,2253,2,2,2,2,4,4,4,4,3,3,3,3,4,3.08,14,10,TRUE
Male,Loyal Customer,48,Business Travel,Eco,175,2,4,4,4,2,2,2,2,5,3,2,4,2,2.92,0,0,TRUE
Male,Disloyal Customer,18,Business Travel,Eco,954,1,1,1,4,3,1,1,3,3,1,3,4,3,2.23,108,119,FALSE
Male,Loyal Customer,43,Business Travel,Business,2583,3,2,2,2,3,4,4,3,3,3,3,3,1,2.77,31,28,FALSE
Male,Disloyal Customer,49,Business Travel,Eco Plus,302,5,5,5,1,3,5,3,3,1,4,1,2,3,3.15,0,0,TRUE
Female,Loyal Customer,24,Personal Travel,Eco,349,3,4,3,4,5,3,5,5,4,3,4,5,5,4.08,3,0,FALSE
Female,Loyal Customer,24,Business Travel,Business,3392,1,1,3,1,4,4,4,4,4,4,4,4,4,3.23,12,2,TRUE
Male,Loyal Customer,39,Business Travel,Business,2350,5,5,5,5,4,4,5,4,4,4,4,5,5,4.54,0,0,TRUE
Male,Loyal Customer,70,Personal Travel,Eco Plus,967,5,5,5,3,3,5,3,3,3,2,5,4,3,3.77,0,0,TRUE
Female,Loyal Customer,43,Business Travel,Business,2754,3,3,3,3,3,5,2,4,4,4,4,5,4,3.62,0,0,TRUE
Male,Loyal Customer,62,Personal Travel,Eco Plus,372,3,0,3,1,5,3,5,5,4,5,5,5,5,3.77,72,65,FALSE
Female,Loyal Customer,32,Personal Travel,Eco,359,3,4,3,1,2,3,2,2,5,4,5,5,2,3.15,0,0,FALSE
Male,Disloyal Customer,35,Business Travel,Eco,954,3,3,3,4,4,3,4,4,2,3,4,2,4,3.31,0,7,FALSE
Female,Loyal Customer,15,Personal Travel,Eco,1846,2,5,1,4,2,1,4,2,3,3,4,3,2,2.77,1,0,FALSE
Male,Disloyal Customer,25,Business Travel,Eco Plus,109,2,0,2,2,3,2,3,3,5,4,1,3,3,2.54,0,0,FALSE
Male,Loyal Customer,49,Personal Travel,Eco,190,1,1,0,4,4,0,4,4,2,2,3,3,4,2.46,0,0,FALSE
Male,Loyal Customer,52,Business Travel,Business,349,1,1,1,1,4,5,5,5,5,5,5,5,4,3.62,0,6,TRUE
Female,Loyal Customer,39,Personal Travel,Eco,2296,2,2,2,3,4,2,4,4,1,5,3,4,4,3.08,0,0,FALSE
Male,Disloyal Customer,30,Business Travel,Eco,697,1,1,1,3,3,1,3,3,3,2,3,4,3,2.38,0,0,FALSE
Female,Loyal Customer,22,Business Travel,Eco,674,1,1,1,1,1,1,3,1,4,3,4,1,1,1.77,0,0,FALSE
Male,Loyal Customer,48,Business Travel,Business,2007,3,3,3,3,2,5,5,5,5,4,5,4,5,4,4,3,TRUE
Female,Loyal Customer,60,Business Travel,Business,452,5,5,5,5,4,5,5,4,4,4,4,4,4,4.46,0,0,TRUE
Male,Loyal Customer,36,Business Travel,Business,3634,5,5,5,5,2,4,1,5,5,5,4,5,1,4,0,0,TRUE
Male,Loyal Customer,45,Personal Travel,Eco,1754,5,3,5,3,4,5,4,4,2,4,4,4,4,3.92,0,0,TRUE
Female,Loyal Customer,29,Business Travel,Business,1744,2,2,2,2,2,2,2,2,4,1,3,3,2,2.23,4,5,FALSE
Male,Loyal Customer,43,Business Travel,Business,3162,2,2,2,2,4,4,5,4,4,4,4,4,4,3.46,0,0,TRUE
Female,Loyal Customer,55,Business Travel,Business,1449,4,4,4,4,4,5,4,4,4,5,4,3,5,4.15,3,0,TRUE
Female,Loyal Customer,16,Personal Travel,Eco,432,3,5,3,4,3,3,3,3,3,4,4,3,3,3.38,0,0,FALSE
Female,Loyal Customer,29,Business Travel,Eco Plus,1008,3,2,2,2,3,3,3,3,3,2,4,3,3,2.77,21,27,FALSE
Female,Disloyal Customer,22,Business Travel,Eco,262,3,0,3,4,4,3,4,4,3,1,4,2,4,3,0,0,FALSE
Female,Loyal Customer,54,Business Travel,Eco,460,3,3,3,3,4,1,1,2,2,3,2,3,5,2.69,0,3,TRUE
Female,Loyal Customer,29,Business Travel,Eco,1156,4,5,5,5,4,4,4,4,3,3,4,2,4,3.92,0,0,FALSE
Female,Loyal Customer,59,Personal Travel,Eco,500,3,5,3,4,4,4,5,4,4,3,4,4,5,4,17,23,FALSE
Male,Loyal Customer,63,Personal Travel,Eco,534,0,5,0,4,1,0,2,1,3,2,1,1,1,1.62,6,1,TRUE
Male,Loyal Customer,25,Personal Travel,Eco,277,2,1,2,3,4,2,3,4,2,1,3,1,4,2.46,0,0,FALSE
Female,Loyal Customer,58,Personal Travel,Eco,283,3,4,3,4,2,5,4,2,2,3,2,3,5,3.23,0,0,FALSE
Female,Loyal Customer,51,Business Travel,Business,3424,3,4,4,4,5,3,3,3,3,3,3,4,4,3.54,44,42,FALSE
Female,Loyal Customer,43,Business Travel,Eco,362,3,5,5,5,3,4,4,3,3,3,3,2,3,3.54,0,0,FALSE
Female,Disloyal Customer,21,Business Travel,Eco,1062,4,4,4,3,1,4,1,1,3,3,4,4,1,2.85,0,0,FALSE
Female,Loyal Customer,60,Business Travel,Business,1531,2,5,5,5,2,2,2,1,3,4,4,2,2,3,140,133,FALSE
Female,Disloyal Customer,23,Business Travel,Eco,318,1,5,1,3,4,1,4,4,3,5,5,3,4,3.31,39,70,FALSE
Female,Loyal Customer,24,Personal Travel,Eco,632,5,5,5,2,5,5,1,5,4,4,5,4,5,4.23,0,0,TRUE
Female,Loyal Customer,23,Business Travel,Eco,1091,5,2,3,3,5,5,3,5,1,5,4,2,5,3.69,0,0,TRUE
Male,Loyal Customer,49,Business Travel,Business,3296,4,4,4,4,2,5,4,4,4,4,4,5,3,3.92,1,0,TRUE
Male,Disloyal Customer,34,Business Travel,Eco,237,3,0,3,3,4,3,4,4,3,2,4,2,4,3,0,0,FALSE
Female,Loyal Customer,31,Personal Travel,Eco,558,4,3,4,4,1,4,1,1,3,1,4,2,1,2.54,0,0,FALSE
Male,Loyal Customer,50,Business Travel,Eco,253,4,2,2,2,4,4,4,2,5,1,3,4,4,3.15,348,351,TRUE
Female,Loyal Customer,33,Business Travel,Business,3425,4,4,4,4,5,4,5,4,4,4,4,5,3,4.15,8,13,TRUE
Male,Loyal Customer,52,Business Travel,Business,3229,4,4,4,4,3,5,5,4,4,4,4,4,4,4.08,20,6,TRUE
Male,Loyal Customer,55,Personal Travel,Eco,552,2,0,2,4,3,2,3,3,4,5,5,4,3,3.08,0,0,FALSE
Female,Loyal Customer,53,Business Travel,Eco,986,3,1,1,1,1,3,3,3,3,3,3,3,3,2.38,0,0,FALSE
Male,Loyal Customer,34,Personal Travel,Business,696,3,4,3,3,2,4,5,1,1,3,1,3,5,2.92,51,50,FALSE
Male,Loyal Customer,62,Business Travel,Business,530,3,2,2,2,4,3,3,3,3,3,3,2,1,2.62,0,0,FALSE
Female,Loyal Customer,39,Business Travel,Business,3273,4,4,4,4,3,5,4,5,5,5,5,3,4,4.23,0,11,TRUE
Male,Loyal Customer,56,Business Travel,Business,73,4,4,4,4,4,5,3,5,5,5,4,2,5,4.15,0,0,TRUE
Female,Loyal Customer,48,Business Travel,Eco,193,3,5,5,5,2,3,3,3,3,3,3,1,1,3.08,0,0,FALSE
Female,Loyal Customer,41,Business Travel,Business,3937,4,4,4,4,2,5,4,3,3,3,3,4,5,3.69,57,57,TRUE
Female,Loyal Customer,38,Business Travel,Business,3690,4,4,4,4,4,4,4,4,4,4,5,3,3,3.92,0,0,TRUE
Male,Loyal Customer,36,Personal Travel,Eco Plus,984,5,5,5,2,2,5,2,2,4,5,4,4,2,3.62,10,0,TRUE
Male,Loyal Customer,25,Personal Travel,Eco,589,4,3,5,2,2,5,3,2,2,3,2,3,2,2.92,0,0,TRUE
Female,Loyal Customer,20,Personal Travel,Eco,1522,3,4,3,3,2,3,2,2,5,3,4,5,2,3.15,0,0,FALSE
Female,Loyal Customer,55,Business Travel,Business,763,3,4,4,4,2,3,3,3,3,3,3,4,4,3.31,4,0,FALSE
Male,Loyal Customer,44,Personal Travel,Eco,462,2,5,2,1,4,2,4,4,4,3,4,3,4,3.23,0,8,FALSE
Female,Loyal Customer,56,Personal Travel,Eco Plus,309,2,5,3,3,5,5,4,2,2,3,2,5,5,3.54,0,0,FALSE
Female,Disloyal Customer,45,Business Travel,Business,925,2,3,3,3,2,2,2,2,3,2,4,3,2,2.54,31,9,FALSE
Female,Loyal Customer,60,Personal Travel,Eco Plus,2419,2,5,1,4,1,1,1,3,2,3,4,1,1,2.23,0,0,FALSE
Male,Loyal Customer,21,Business Travel,Business,3740,2,2,2,2,5,5,5,5,3,3,5,4,5,3.69,6,1,TRUE
Male,Disloyal Customer,25,Business Travel,Eco,872,2,1,1,4,2,1,2,2,1,4,3,2,2,2.08,0,0,FALSE
Female,Loyal Customer,29,Business Travel,Business,1076,2,2,2,2,3,2,3,3,5,3,5,5,3,3.08,5,0,TRUE
Male,Loyal Customer,17,Personal Travel,Business,101,0,4,0,3,1,0,1,1,4,4,4,3,1,2,0,0,TRUE
Male,Loyal Customer,51,Business Travel,Business,429,5,5,4,5,4,4,4,5,5,5,5,5,4,4.62,0,1,TRUE
Female,Loyal Customer,27,Personal Travel,Eco,102,4,3,4,2,4,4,4,4,5,4,3,4,4,3.77,0,0,FALSE
Male,Disloyal Customer,37,Business Travel,Business,220,2,3,3,2,2,3,2,2,3,2,5,3,2,2.62,14,21,FALSE
Female,Disloyal Customer,59,Business Travel,Business,226,3,3,3,3,5,3,3,5,3,4,4,4,5,3.69,0,0,FALSE
Female,Disloyal Customer,23,Business Travel,Eco,200,4,3,4,4,4,4,1,4,1,4,4,4,4,3.46,61,63,FALSE
Male,Loyal Customer,50,Business Travel,Business,3503,5,5,3,5,4,5,5,2,2,2,2,5,4,3.77,0,0,TRUE
Male,Loyal Customer,57,Business Travel,Business,2170,4,4,4,4,2,4,4,4,4,4,4,3,4,3.77,3,20,TRUE
Male,Loyal Customer,51,Personal Travel,Eco,1999,2,5,2,3,1,2,1,1,3,2,4,4,1,2.38,1,62,FALSE
Male,Disloyal Customer,18,Business Travel,Eco,399,3,3,3,4,3,3,3,3,3,1,4,1,3,2.85,0,29,FALSE
Female,Loyal Customer,60,Personal Travel,Eco,2402,5,4,5,3,5,2,2,5,2,4,5,2,2,3.54,4,4,TRUE
Female,Disloyal Customer,29,Business Travel,Business,1379,4,4,4,4,4,4,4,4,3,5,4,5,4,4.08,0,0,TRUE
Female,Loyal Customer,57,Business Travel,Business,3130,2,2,2,2,2,4,4,5,5,5,5,4,3,3.46,0,0,TRUE
Female,Disloyal Customer,7,Business Travel,Eco,1386,4,4,4,4,2,4,2,2,3,2,5,4,2,3.23,4,0,FALSE
Female,Disloyal Customer,43,Business Travel,Business,832,4,4,4,3,5,4,5,5,4,3,4,3,5,4.08,0,0,TRUE
Female,Loyal Customer,25,Business Travel,Business,679,2,2,2,2,5,5,5,5,5,3,4,3,5,3.69,0,0,TRUE
Female,Loyal Customer,47,Business Travel,Business,526,4,4,5,4,2,4,5,5,5,5,5,5,5,4.46,0,0,TRUE
Male,Loyal Customer,40,Personal Travel,Eco,983,4,1,4,3,3,4,4,3,3,3,3,1,3,3,0,0,TRUE
Female,Loyal Customer,56,Business Travel,Business,248,3,3,2,3,4,4,3,3,3,3,3,4,3,3.15,23,17,FALSE
Female,Loyal Customer,61,Business Travel,Business,2976,5,2,5,5,5,2,4,5,5,5,5,5,5,4.46,0,0,TRUE
Male,Disloyal Customer,38,Business Travel,Business,210,3,3,3,4,1,3,1,1,5,2,5,3,1,2.69,0,0,FALSE
Male,Disloyal Customer,36,Business Travel,Eco,1258,3,3,3,4,3,3,3,3,3,4,3,1,3,3,0,0,FALSE
Female,Disloyal Customer,55,Business Travel,Business,873,5,5,5,1,5,5,4,5,3,5,3,5,5,4.31,0,0,TRUE
Male,Loyal Customer,30,Business Travel,Business,2586,4,4,4,4,4,4,4,4,3,3,5,4,4,3.92,26,3,TRUE
Male,Loyal Customer,64,Personal Travel,Eco,1390,2,4,2,5,3,2,3,3,4,5,3,4,3,3.31,4,0,FALSE
Male,Loyal Customer,40,Business Travel,Business,937,5,5,1,5,4,2,5,4,4,4,4,3,1,3.62,0,0,TRUE
Male,Disloyal Customer,40,Business Travel,Eco,674,3,3,3,3,2,3,2,2,2,5,1,5,2,2.77,0,0,FALSE
Female,Loyal Customer,32,Business Travel,Eco,101,5,5,2,5,5,5,5,5,5,5,4,1,5,4.38,0,0,TRUE
Female,Loyal Customer,19,Business Travel,Business,3320,5,5,5,5,5,5,5,5,3,4,5,4,5,4.69,0,11,TRUE
Male,Loyal Customer,50,Business Travel,Business,229,2,4,4,4,5,4,3,2,2,2,2,1,1,2.77,0,0,FALSE
Female,Disloyal Customer,20,Business Travel,Business,853,5,3,5,1,1,5,1,1,3,3,4,3,1,2.77,1,0,TRUE
Female,Loyal Customer,49,Business Travel,Business,1107,5,5,5,5,3,4,5,5,5,5,5,5,5,4.77,0,0,TRUE
Female,Loyal Customer,54,Business Travel,Business,3894,3,2,2,2,5,2,2,3,3,3,3,1,3,2.62,0,0,FALSE
Male,Loyal Customer,43,Personal Travel,Business,1120,1,4,1,1,5,4,4,4,4,1,4,5,3,3.15,3,0,FALSE
Female,Loyal Customer,20,Personal Travel,Eco,427,4,2,4,3,5,4,5,5,2,1,3,4,5,3.62,22,15,FALSE
Female,Loyal Customer,59,Business Travel,Business,3132,4,4,4,4,5,5,4,5,5,5,5,5,3,4.46,0,1,TRUE
Male,Disloyal Customer,28,Business Travel,Eco,1226,3,3,3,4,3,3,3,3,3,2,5,4,3,3.23,15,17,FALSE
Male,Loyal Customer,31,Business Travel,Business,3252,1,1,1,1,4,4,4,4,5,3,4,3,4,3,19,29,TRUE
Male,Loyal Customer,57,Business Travel,Eco Plus,528,5,3,2,3,5,5,5,5,1,1,4,5,5,3.77,0,15,TRUE
Male,Loyal Customer,28,Personal Travel,Eco Plus,611,2,3,2,2,4,2,4,4,4,3,2,2,4,2.92,0,15,FALSE
Female,Disloyal Customer,19,Business Travel,Eco,1364,5,4,4,3,4,5,4,4,3,2,4,4,4,3.85,0,0,TRUE
Male,Loyal Customer,31,Business Travel,Eco,341,3,3,3,3,5,5,5,5,3,3,1,2,5,3.54,0,0,TRUE
Female,Disloyal Customer,39,Business Travel,Business,862,1,1,1,3,2,1,2,2,4,4,4,3,2,2.31,0,0,FALSE
Female,Loyal Customer,15,Personal Travel,Eco,2342,2,1,2,2,4,2,4,4,1,4,2,1,4,2.54,1,6,FALSE
Female,Disloyal Customer,56,Business Travel,Eco,597,2,5,2,3,4,2,4,4,1,5,4,4,4,3.38,0,0,FALSE
Female,Loyal Customer,43,Personal Travel,Eco,711,2,3,2,4,5,3,2,3,3,2,3,1,3,2.77,0,3,FALSE
Male,Disloyal Customer,27,Business Travel,Business,1050,2,2,2,3,3,2,1,3,3,5,4,4,3,2.85,0,0,FALSE
Female,Loyal Customer,48,Business Travel,Business,3540,2,2,2,2,3,4,4,5,5,5,5,5,5,3.77,0,0,TRUE
Male,Loyal Customer,28,Personal Travel,Business,1496,3,5,3,3,2,3,2,2,4,2,3,4,2,2.92,41,48,FALSE
Female,Loyal Customer,65,Business Travel,Business,1993,3,4,4,4,2,4,4,3,3,3,3,1,3,3.15,0,0,FALSE
Female,Loyal Customer,28,Business Travel,Business,2586,2,2,2,2,4,4,4,4,1,1,5,4,4,3,0,0,TRUE
Female,Disloyal Customer,24,Business Travel,Business,594,5,5,5,1,5,5,5,5,5,4,5,4,5,4.54,0,5,TRUE
Female,Loyal Customer,62,Personal Travel,Eco,1737,3,5,3,3,3,5,5,2,2,3,2,4,5,3.46,0,0,FALSE
Female,Loyal Customer,29,Business Travel,Business,3270,3,1,4,1,3,3,3,3,1,4,1,3,3,2.54,0,0,FALSE
Female,Loyal Customer,32,Personal Travel,Eco,351,2,4,2,3,1,2,1,1,4,4,5,3,1,2.54,0,0,FALSE
Male,Loyal Customer,48,Business Travel,Business,2114,5,5,5,5,2,4,5,4,4,4,4,4,4,4.23,0,0,TRUE
Female,Disloyal Customer,28,Business Travel,Business,488,4,4,4,3,5,4,5,5,5,2,5,5,5,4.31,71,85,TRUE
Female,Loyal Customer,35,Personal Travel,Eco,1205,1,3,0,4,4,0,4,4,3,5,3,3,4,2.92,5,0,FALSE
Female,Loyal Customer,50,Personal Travel,Eco,351,0,4,0,1,5,5,5,5,5,0,4,5,4,3.31,0,0,TRUE
Male,Loyal Customer,40,Personal Travel,Eco Plus,912,3,5,3,5,1,3,1,1,5,5,4,4,1,3.15,0,0,FALSE
Male,Loyal Customer,55,Business Travel,Business,2961,2,2,2,2,4,2,5,4,4,4,4,5,2,3.23,0,43,TRUE
Male,Disloyal Customer,21,Business Travel,Eco,1262,3,3,3,2,3,3,3,1,2,2,2,3,3,2.54,0,0,FALSE
Female,Disloyal Customer,48,Business Travel,Business,737,3,3,3,2,5,3,5,5,5,2,4,5,5,3.85,72,54,FALSE
Male,Loyal Customer,59,Business Travel,Business,602,2,2,2,2,5,5,4,4,4,4,4,4,4,3.54,0,0,TRUE
Male,Loyal Customer,22,Business Travel,Business,2689,5,5,4,5,2,2,2,2,2,1,4,2,2,2.92,1,0,TRUE
Male,Loyal Customer,11,Personal Travel,Eco Plus,222,1,3,0,3,2,0,2,2,1,3,2,2,2,1.77,0,0,FALSE
Male,Loyal Customer,48,Personal Travel,Eco,895,5,4,5,1,3,5,3,3,1,3,3,4,3,3.31,0,0,TRUE
Male,Disloyal Customer,27,Business Travel,Eco,907,3,3,3,4,4,3,4,4,1,4,3,2,4,3.23,10,4,FALSE
Female,Disloyal Customer,30,Business Travel,Eco,1372,2,2,2,3,4,2,4,4,4,4,3,1,4,3,0,0,FALSE
Male,Disloyal Customer,19,Business Travel,Eco,163,3,0,3,5,5,3,3,5,3,5,4,4,5,3.69,0,0,FALSE
Female,Loyal Customer,44,Business Travel,Business,2657,4,4,4,4,5,4,5,3,3,3,3,4,3,3.77,5,0,TRUE
Male,Disloyal Customer,57,Business Travel,Eco,153,1,5,1,5,4,1,4,4,3,4,5,2,4,3.31,33,27,FALSE
Male,Loyal Customer,9,Personal Travel,Eco,775,3,3,3,3,4,3,5,4,3,4,3,2,4,3.38,100,93,FALSE
Female,Loyal Customer,42,Business Travel,Eco,328,3,1,1,1,5,2,2,3,3,3,3,4,1,2.46,0,0,FALSE
Male,Loyal Customer,48,Business Travel,Business,1379,2,2,2,2,5,4,4,5,5,5,5,3,3,3.62,0,0,TRUE
Female,Loyal Customer,25,Business Travel,Business,3918,2,2,2,2,4,4,4,4,5,4,4,3,4,3.38,0,0,TRUE
Female,Loyal Customer,30,Personal Travel,Eco,1814,4,3,4,1,4,4,4,4,2,4,4,1,4,3.31,0,0,FALSE
Male,Disloyal Customer,50,Business Travel,Business,234,2,1,1,2,3,2,3,3,2,2,5,4,3,2.54,0,0,FALSE
Female,Disloyal Customer,36,Business Travel,Eco,628,3,1,3,4,4,3,3,4,1,1,4,4,4,3,0,0,FALSE
Male,Loyal Customer,39,Business Travel,Business,630,2,2,2,2,2,4,5,5,5,4,5,3,5,3.54,0,0,TRUE
Female,Loyal Customer,61,Personal Travel,Eco,2475,2,5,2,3,4,4,5,1,1,2,1,3,4,2.85,1,0,FALSE
Male,Loyal Customer,23,Business Travel,Business,3449,5,5,5,5,4,4,4,4,4,4,4,5,4,4.38,0,0,TRUE
Female,Disloyal Customer,25,Business Travel,Eco,602,2,0,2,1,4,2,4,4,2,3,4,3,4,2.69,61,89,FALSE
Female,Loyal Customer,57,Business Travel,Business,3481,2,2,4,2,4,5,5,4,4,4,4,4,3,3.62,0,0,TRUE
Female,Loyal Customer,8,Personal Travel,Eco,1069,3,4,3,2,2,3,3,2,4,2,4,4,2,2.92,25,19,FALSE
Male,Loyal Customer,47,Business Travel,Business,3200,0,0,0,3,5,1,3,4,4,4,4,4,2,2.62,0,0,TRUE
Male,Loyal Customer,28,Personal Travel,Business,1183,4,2,4,3,2,4,2,2,1,4,2,2,2,2.62,31,28,FALSE
Female,Loyal Customer,12,Personal Travel,Eco,399,2,5,2,2,3,2,3,3,3,2,5,3,3,2.92,0,0,FALSE
Male,Disloyal Customer,36,Business Travel,Business,1521,3,3,3,1,3,3,3,3,3,2,4,5,3,3,21,6,FALSE
Female,Loyal Customer,37,Business Travel,Business,528,5,4,5,5,2,4,4,4,4,4,4,4,4,4.08,0,0,TRUE
Male,Loyal Customer,56,Personal Travel,Eco,1096,4,2,4,2,1,4,1,1,2,1,2,2,1,2.08,4,0,FALSE
Male,Loyal Customer,13,Personal Travel,Eco,356,5,2,5,4,3,5,3,3,2,4,3,2,3,3.38,5,0,TRUE
Female,Loyal Customer,45,Personal Travel,Eco Plus,223,1,4,0,2,3,4,4,5,5,0,1,4,4,2.85,86,76,FALSE
Male,Loyal Customer,18,Personal Travel,Eco,590,4,5,3,3,4,3,4,4,3,5,5,5,4,4,5,5,FALSE
Female,Disloyal Customer,21,Business Travel,Business,423,0,0,0,1,3,0,4,3,4,2,4,4,3,2.15,0,3,TRUE
Male,Disloyal Customer,22,Business Travel,Eco,455,4,1,4,2,2,4,4,2,4,4,2,1,2,2.77,6,20,FALSE
Female,Loyal Customer,25,Business Travel,Eco,787,3,4,4,4,3,3,1,3,4,1,3,3,3,3,38,33,FALSE
Female,Loyal Customer,48,Personal Travel,Eco,1034,3,4,3,4,4,4,5,5,5,3,3,5,5,4.08,0,0,FALSE
Male,Loyal Customer,54,Business Travel,Eco,1208,5,4,2,4,4,5,4,4,4,2,4,5,4,3.92,0,0,TRUE
Male,Loyal Customer,26,Business Travel,Business,761,2,2,2,2,3,4,3,3,3,4,5,4,3,3.08,121,108,TRUE
Female,Disloyal Customer,36,Business Travel,Eco,352,1,3,1,4,2,1,5,2,4,3,2,4,2,2.62,0,0,FALSE
Male,Loyal Customer,30,Personal Travel,Eco,1142,2,5,1,3,2,1,2,2,4,3,5,5,2,2.85,0,0,FALSE
Female,Disloyal Customer,20,Business Travel,Eco,356,3,0,2,3,1,2,1,1,1,2,4,3,1,1.85,0,0,FALSE
Female,Disloyal Customer,55,Business Travel,Business,1744,2,2,2,3,5,2,5,5,3,2,3,5,5,3.38,28,0,FALSE
Female,Loyal Customer,29,Personal Travel,Eco,1182,2,4,3,2,5,3,5,5,3,3,5,3,5,3.69,0,3,FALSE
Female,Loyal Customer,51,Business Travel,Eco,316,2,5,5,5,3,2,2,2,2,2,2,1,3,2.77,0,5,FALSE
Male,Loyal Customer,22,Business Travel,Eco,363,3,2,3,2,3,3,3,3,4,3,4,4,3,3.08,0,2,FALSE
Female,Loyal Customer,68,Business Travel,Business,676,4,4,4,4,2,4,5,4,4,5,4,4,4,4,0,0,TRUE
Male,Disloyal Customer,21,Business Travel,Business,1076,3,3,3,4,3,4,4,4,5,4,4,4,4,3.77,157,161,FALSE
Female,Loyal Customer,51,Business Travel,Business,2182,3,3,3,3,4,1,2,4,4,4,4,5,2,3.23,0,0,TRUE
Female,Loyal Customer,56,Business Travel,Eco Plus,1504,5,4,4,4,1,2,5,3,3,5,3,2,4,3.46,0,3,TRUE
Female,Disloyal Customer,23,Business Travel,Business,230,0,0,0,1,3,0,3,3,1,2,3,1,3,1.54,0,0,TRUE
Male,Disloyal Customer,25,Business Travel,Business,164,4,0,4,4,5,4,1,5,5,5,4,4,5,3.85,47,57,TRUE
Male,Loyal Customer,23,Business Travel,Business,2614,5,5,3,5,4,4,4,4,1,4,5,4,4,4,0,8,TRUE
Female,Loyal Customer,22,Business Travel,Business,2739,5,5,5,5,5,5,5,5,4,5,5,5,5,4.92,0,0,TRUE
Male,Loyal Customer,43,Business Travel,Business,868,2,2,2,2,2,4,4,4,4,4,4,4,3,3.15,44,25,TRUE
Male,Loyal Customer,34,Personal Travel,Eco,1222,3,3,3,4,2,3,2,2,1,5,4,2,2,2.77,2,27,FALSE
Male,Loyal Customer,32,Business Travel,Business,227,3,5,5,5,3,3,3,3,1,3,3,2,3,3.23,0,0,FALSE
Male,Disloyal Customer,23,Business Travel,Eco,417,2,4,1,2,2,1,2,2,5,5,4,1,2,2.54,8,0,FALSE
Female,Loyal Customer,8,Personal Travel,Eco,2106,4,3,4,3,5,4,5,5,3,2,2,3,5,3.69,1,0,TRUE
Female,Disloyal Customer,24,Business Travel,Eco,404,1,1,1,3,2,1,2,2,1,5,3,3,2,2.08,1,5,FALSE
Female,Loyal Customer,30,Business Travel,Business,1538,4,4,4,4,4,4,4,4,5,1,2,1,4,3.46,0,6,TRUE
Female,Loyal Customer,44,Business Travel,Business,2144,1,1,1,1,4,4,5,4,4,4,4,3,3,3,0,8,TRUE
Male,Loyal Customer,43,Personal Travel,Eco Plus,945,3,2,3,3,5,3,5,5,2,5,3,2,5,3.54,58,52,FALSE
Female,Loyal Customer,17,Personal Travel,Eco,773,2,1,2,2,2,2,2,2,2,4,3,3,2,2.23,0,0,FALSE
Male,Loyal Customer,46,Business Travel,Business,1379,2,5,5,5,3,4,4,2,2,2,2,4,2,3.23,0,0,FALSE
Male,Loyal Customer,49,Personal Travel,Eco,409,2,4,2,5,3,2,1,3,5,5,4,4,3,3.31,0,0,FALSE
Female,Loyal Customer,17,Personal Travel,Business,529,2,5,2,3,4,2,4,4,5,2,5,5,4,3.62,0,0,FALSE
Male,Loyal Customer,51,Business Travel,Business,2647,1,1,1,1,1,4,4,1,1,2,1,2,4,1.85,0,0,FALSE
Female,Disloyal Customer,25,Business Travel,Eco,216,2,0,2,3,4,2,4,4,4,5,3,1,4,2.92,0,5,FALSE
Female,Disloyal Customer,47,Business Travel,Eco,159,3,3,3,3,5,3,5,5,1,1,2,5,5,3.38,0,0,FALSE
Male,Disloyal Customer,21,Business Travel,Eco,397,3,2,3,3,2,3,2,2,3,5,4,4,2,2.92,0,0,FALSE
Female,Loyal Customer,57,Personal Travel,Eco,157,3,4,3,2,5,4,5,5,5,3,5,4,5,4.08,47,41,FALSE
Female,Loyal Customer,39,Business Travel,Business,368,4,4,4,4,3,5,4,4,4,4,4,4,3,3.92,0,0,TRUE
Female,Loyal Customer,47,Business Travel,Business,2260,3,3,3,3,2,4,5,5,5,4,5,3,3,3.69,1,15,TRUE
Female,Loyal Customer,60,Business Travel,Eco,1576,5,3,3,3,2,4,2,5,5,5,5,2,2,3.54,0,0,TRUE
Female,Loyal Customer,18,Business Travel,Business,1590,1,3,3,3,1,1,1,1,2,4,3,2,1,2,0,0,FALSE
Female,Disloyal Customer,26,Business Travel,Business,998,5,5,5,2,3,5,3,3,5,5,5,5,3,4.15,9,0,TRUE
Female,Loyal Customer,56,Business Travel,Business,1514,2,1,2,2,5,5,4,4,4,4,4,3,5,3.46,0,0,TRUE
Female,Loyal Customer,38,Business Travel,Business,1925,4,2,2,2,2,3,3,4,4,3,4,3,3,3,0,0,FALSE
Female,Loyal Customer,12,Personal Travel,Eco,693,2,5,2,5,3,2,3,3,3,3,4,4,3,3.23,1,1,FALSE
Female,Loyal Customer,9,Personal Travel,Eco,230,5,5,5,5,3,5,3,3,5,5,5,3,3,4.23,0,0,TRUE
Female,Loyal Customer,54,Business Travel,Eco Plus,166,4,3,3,3,2,4,4,4,4,4,4,3,4,3.54,0,0,FALSE
Female,Loyal Customer,18,Personal Travel,Eco,569,2,4,2,4,4,2,4,4,5,4,5,3,4,3.62,0,10,FALSE
Male,Disloyal Customer,26,Business Travel,Eco,101,4,4,4,3,3,4,3,3,3,3,4,2,3,3.31,0,0,FALSE
Female,Loyal Customer,40,Business Travel,Eco Plus,1056,3,5,2,5,3,3,3,3,2,3,1,3,3,3,0,0,TRUE
Male,Disloyal Customer,36,Business Travel,Business,935,3,3,3,4,1,3,1,1,3,4,4,5,1,2.77,0,0,FALSE
Male,Loyal Customer,56,Business Travel,Business,2209,2,2,2,2,4,4,4,4,4,4,4,3,4,3.31,0,0,TRUE
Male,Loyal Customer,52,Business Travel,Business,3826,2,3,2,2,3,5,4,4,4,4,4,5,3,3.46,0,0,TRUE
Male,Loyal Customer,55,Business Travel,Business,543,2,2,2,2,5,4,4,2,2,2,2,4,5,2.92,12,6,TRUE
Male,Loyal Customer,50,Personal Travel,Eco,301,1,4,1,1,3,1,3,3,3,3,4,5,3,2.69,0,18,FALSE
Male,Loyal Customer,48,Personal Travel,Eco Plus,447,4,5,2,2,4,2,4,4,2,1,5,4,4,3.31,13,8,FALSE
Male,Loyal Customer,22,Personal Travel,Eco,134,3,2,3,4,4,3,4,4,4,1,3,3,4,3.23,0,0,FALSE
Male,Loyal Customer,53,Business Travel,Business,985,4,4,4,4,2,5,5,3,3,3,3,5,5,3.85,0,0,TRUE
Male,Loyal Customer,58,Personal Travel,Eco,1931,2,2,1,2,3,1,3,3,4,1,2,2,3,2.23,4,0,FALSE
Female,Loyal Customer,58,Personal Travel,Eco,281,4,2,4,2,3,3,2,4,4,4,4,4,2,3.23,2,0,TRUE
Male,Loyal Customer,44,Business Travel,Eco,576,3,3,3,3,4,3,4,4,1,1,4,2,4,3,0,10,TRUE
Male,Loyal Customer,51,Business Travel,Business,460,4,4,4,4,2,4,4,5,5,5,5,3,5,4.15,35,34,TRUE
Female,Loyal Customer,59,Personal Travel,Eco,417,3,3,2,3,2,5,3,4,4,2,2,2,3,2.92,32,32,FALSE
Male,Loyal Customer,57,Personal Travel,Eco,854,2,4,2,2,5,2,1,5,5,3,4,3,5,3.31,1,6,FALSE
Female,Loyal Customer,42,Business Travel,Business,1009,1,1,1,1,2,5,5,5,5,5,5,5,3,3.38,0,0,TRUE
Male,Loyal Customer,54,Business Travel,Business,3621,2,2,2,2,5,5,4,2,2,3,2,4,5,3.08,0,0,TRUE
Male,Loyal Customer,46,Business Travel,Business,1838,2,2,2,2,2,3,4,4,4,4,4,4,5,3.23,30,27,TRUE
Female,Loyal Customer,55,Business Travel,Business,596,1,1,3,1,2,5,5,4,4,4,4,5,3,3.23,0,0,TRUE
Female,Loyal Customer,33,Business Travel,Business,2686,3,3,4,3,4,1,5,5,5,5,5,2,4,3.77,24,68,TRUE
Male,Loyal Customer,24,Personal Travel,Business,2586,3,4,3,2,3,4,4,4,4,4,5,4,4,3.69,14,0,FALSE
Female,Loyal Customer,54,Personal Travel,Eco,528,4,1,4,2,1,2,2,1,1,4,2,1,1,2,101,72,FALSE
Male,Disloyal Customer,30,Business Travel,Business,821,4,4,4,1,3,4,4,3,5,4,5,4,3,3.69,25,36,FALSE
Female,Loyal Customer,19,Business Travel,Business,1997,2,5,5,5,2,2,2,2,3,2,3,4,2,3,18,11,FALSE
Male,Loyal Customer,57,Personal Travel,Eco,196,3,4,3,2,5,3,5,5,5,4,3,2,5,3.77,6,29,FALSE
Female,Disloyal Customer,26,Business Travel,Eco,1547,3,3,3,2,5,3,5,5,1,5,2,3,5,3.46,0,0,FALSE
Female,Disloyal Customer,25,Business Travel,Business,2295,3,5,3,2,4,3,4,4,3,5,4,3,4,3.62,1,0,FALSE
Male,Loyal Customer,35,Business Travel,Business,731,5,3,5,5,2,5,5,4,4,4,4,3,4,4.08,2,1,TRUE
Female,Loyal Customer,44,Business Travel,Business,2704,1,4,3,3,1,1,1,2,1,4,3,1,1,2,27,39,FALSE
Female,Disloyal Customer,40,Business Travel,Business,354,4,3,3,1,4,3,4,4,3,5,3,3,4,3.38,0,0,TRUE
Female,Loyal Customer,76,Business Travel,Eco,423,3,3,3,3,5,2,2,4,4,3,4,2,1,3,22,13,FALSE
Male,Loyal Customer,47,Business Travel,Business,692,3,3,3,3,4,4,4,5,5,5,5,5,3,4,13,1,TRUE
Female,Loyal Customer,60,Business Travel,Business,1823,2,1,4,4,1,3,2,2,2,2,2,3,2,2.31,32,46,FALSE
Female,Loyal Customer,51,Business Travel,Business,3892,2,3,3,3,3,4,3,2,2,2,2,2,4,2.69,0,0,FALSE
Female,Loyal Customer,65,Personal Travel,Eco,1620,1,5,1,4,4,4,4,1,1,1,1,5,4,2.77,4,0,FALSE
Female,Loyal Customer,13,Personal Travel,Eco,1144,2,4,2,1,2,2,2,2,5,3,4,5,2,2.77,13,6,FALSE
Male,Loyal Customer,38,Business Travel,Eco Plus,543,3,4,4,4,3,3,3,3,2,3,4,2,3,3.15,21,6,FALSE
Male,Disloyal Customer,21,Business Travel,Eco,853,3,3,3,3,5,3,5,5,2,2,3,1,5,3.31,0,0,FALSE
Male,Loyal Customer,27,Personal Travel,Eco,109,5,5,5,2,1,5,1,1,5,3,4,5,1,3.31,0,0,TRUE
Male,Loyal Customer,55,Personal Travel,Eco,374,3,4,3,3,3,2,2,4,3,4,5,2,2,3.08,202,182,FALSE
Male,Loyal Customer,33,Business Travel,Business,1555,3,3,3,3,3,3,3,3,1,1,4,3,3,2.77,9,1,FALSE
Female,Loyal Customer,48,Business Travel,Business,532,5,5,5,5,3,5,1,5,5,5,5,5,2,4.31,0,0,TRUE
Female,Loyal Customer,42,Business Travel,Business,1892,4,4,4,4,3,3,5,4,4,4,4,5,3,3.92,0,12,TRUE
Male,Loyal Customer,44,Business Travel,Business,3302,4,4,4,4,4,5,4,4,4,5,4,3,4,4.08,0,0,TRUE
Male,Loyal Customer,63,Personal Travel,Eco,950,1,0,1,4,5,1,5,5,4,2,5,3,5,3.15,1,0,FALSE
Male,Loyal Customer,65,Business Travel,Eco Plus,221,3,5,5,5,3,3,3,3,1,2,1,5,3,3.23,0,0,TRUE
Female,Loyal Customer,40,Business Travel,Business,853,1,1,1,1,2,5,4,5,5,5,5,3,3,3.15,31,17,TRUE
Female,Disloyal Customer,25,Business Travel,Eco,712,2,2,2,3,5,2,2,5,4,2,4,2,5,3.08,0,0,FALSE
Male,Loyal Customer,44,Business Travel,Eco,163,1,4,4,4,1,1,1,1,1,2,4,3,1,2.15,0,0,FALSE
Male,Loyal Customer,30,Business Travel,Business,516,4,4,1,4,5,5,5,5,3,2,4,5,5,4,0,15,TRUE
Female,Loyal Customer,24,Business Travel,Business,680,2,2,2,2,5,5,5,5,3,3,5,5,5,3.77,0,0,TRUE
Male,Disloyal Customer,20,Business Travel,Eco,866,2,2,2,3,2,2,2,2,3,2,3,4,2,2.38,1,0,FALSE
Male,Loyal Customer,68,Personal Travel,Eco,731,3,1,3,2,2,3,2,2,4,2,1,1,2,2.15,13,0,FALSE
Male,Loyal Customer,42,Business Travel,Business,235,1,1,1,1,2,4,5,4,4,4,4,4,3,2.92,0,0,TRUE
Female,Disloyal Customer,39,Business Travel,Business,770,5,5,5,3,3,5,3,3,5,4,1,1,3,3.54,13,19,TRUE
Female,Loyal Customer,17,Business Travel,Business,820,4,4,3,4,4,4,4,4,3,1,2,2,4,3.31,5,2,TRUE
Female,Disloyal Customer,20,Business Travel,Business,925,4,5,4,3,4,4,4,4,5,5,4,3,4,4.08,17,6,TRUE
Female,Loyal Customer,48,Business Travel,Business,2397,3,3,3,3,3,4,5,5,5,5,5,3,5,4,27,44,TRUE
Male,Loyal Customer,30,Business Travel,Eco,488,3,4,4,4,3,3,3,3,2,3,3,1,3,3,0,0,FALSE
Male,Loyal Customer,8,Personal Travel,Eco,430,3,3,3,3,4,3,4,4,3,1,3,1,4,3,0,0,FALSE
Female,Loyal Customer,20,Personal Travel,Business,521,5,5,5,1,2,5,2,2,4,5,4,4,2,3.54,0,0,TRUE
Male,Disloyal Customer,20,Business Travel,Eco,1346,4,4,4,1,2,4,2,2,3,4,5,3,2,3.08,2,0,TRUE
Male,Disloyal Customer,38,Business Travel,Business,589,3,2,2,3,2,2,2,2,4,1,4,1,2,2.31,0,0,FALSE
Female,Loyal Customer,41,Business Travel,Eco,73,5,1,1,1,5,5,5,5,2,1,1,2,5,3,56,82,TRUE
Male,Loyal Customer,38,Personal Travel,Eco,744,1,3,1,4,1,1,1,1,5,3,3,5,1,2.31,0,14,FALSE
Male,Loyal Customer,31,Business Travel,Business,3951,5,5,5,5,5,5,5,5,4,2,4,5,5,4.62,26,15,TRUE
Male,Loyal Customer,53,Personal Travel,Eco,209,1,2,1,4,3,1,3,3,4,3,3,3,3,2.62,0,2,FALSE
Female,Disloyal Customer,27,Business Travel,Business,581,1,1,1,4,1,1,1,1,5,2,5,3,1,2.08,0,0,FALSE
Female,Loyal Customer,50,Business Travel,Business,2867,2,2,2,2,2,4,5,4,4,4,4,3,4,3.23,0,10,TRUE
Female,Disloyal Customer,44,Business Travel,Eco,862,1,1,1,4,4,1,4,4,1,4,4,3,4,2.77,0,0,FALSE
Male,Loyal Customer,38,Personal Travel,Eco,631,2,3,1,2,3,1,3,3,3,2,3,4,3,2.54,40,48,FALSE
Male,Loyal Customer,35,Personal Travel,Eco,190,2,1,2,4,3,2,3,3,4,5,4,2,3,2.92,0,0,FALSE
Female,Loyal Customer,59,Business Travel,Business,2626,5,1,5,5,3,5,5,4,4,4,4,3,5,4.08,7,0,TRUE
Male,Loyal Customer,42,Business Travel,Eco,271,4,4,4,4,3,4,3,3,5,3,2,4,3,3.54,4,3,TRUE
Female,Loyal Customer,33,Business Travel,Business,2853,1,1,1,1,5,4,4,4,4,4,4,3,3,3,0,0,TRUE
Male,Loyal Customer,51,Business Travel,Business,1709,2,5,2,5,2,2,2,2,2,2,2,2,3,2.54,1,2,FALSE
Female,Disloyal Customer,25,Business Travel,Business,345,3,0,2,5,1,2,1,1,5,3,5,5,1,2.62,0,0,FALSE
Female,Loyal Customer,29,Personal Travel,Eco,577,1,5,1,4,1,3,3,4,4,5,5,3,3,3.23,42,219,FALSE
Female,Loyal Customer,38,Personal Travel,Eco,1709,3,3,3,4,2,3,2,2,2,2,3,1,2,2.46,1,0,FALSE
Female,Loyal Customer,65,Personal Travel,Eco,547,3,0,3,1,3,1,1,4,4,3,4,5,1,2.54,53,35,FALSE
Female,Loyal Customer,57,Business Travel,Eco,793,2,1,1,1,4,3,3,2,2,2,2,3,3,2.23,51,32,FALSE
Female,Loyal Customer,25,Business Travel,Eco,733,2,5,3,3,2,2,1,2,1,5,3,2,2,2.54,61,53,FALSE
Female,Loyal Customer,70,Personal Travel,Eco,1042,4,4,4,4,4,5,3,1,1,4,1,1,1,2.85,0,0,FALSE
Male,Loyal Customer,28,Business Travel,Business,2163,3,3,4,3,3,3,3,3,1,3,4,3,3,3,11,0,FALSE
Male,Loyal Customer,43,Business Travel,Business,621,3,3,3,3,1,4,3,3,3,3,3,3,3,2.92,16,19,FALSE
Female,Loyal Customer,59,Business Travel,Business,2473,1,1,1,1,3,5,4,4,4,4,4,3,4,3,0,0,TRUE
Male,Disloyal Customer,56,Business Travel,Business,192,3,4,4,3,2,3,2,2,4,3,5,4,2,3.15,0,4,FALSE
Male,Disloyal Customer,50,Business Travel,Business,473,3,3,3,2,5,3,4,5,3,4,5,5,5,3.85,0,0,FALSE
Female,Loyal Customer,57,Personal Travel,Eco Plus,247,2,5,2,2,2,5,4,4,4,2,4,3,3,3.23,0,0,FALSE
Male,Disloyal Customer,28,Business Travel,Business,1726,2,1,1,3,2,1,2,2,5,3,5,4,2,2.54,17,3,FALSE
Male,Loyal Customer,66,Business Travel,Business,1555,1,0,0,3,2,4,3,1,1,0,1,1,1,1.38,0,0,FALSE
Female,Loyal Customer,40,Business Travel,Business,1964,4,4,4,4,1,4,2,5,5,5,5,2,4,3.77,0,0,TRUE
Female,Disloyal Customer,61,Business Travel,Business,265,1,1,1,3,2,1,2,2,5,3,5,4,2,2.46,3,16,FALSE
Male,Loyal Customer,9,Personal Travel,Eco,308,4,4,4,1,4,4,1,4,4,2,4,4,4,3.38,0,0,TRUE
Male,Disloyal Customer,61,Business Travel,Business,333,3,3,3,1,3,3,3,3,5,2,5,5,3,3.23,6,0,FALSE
Male,Loyal Customer,38,Business Travel,Business,672,5,5,5,5,2,4,4,4,4,4,4,4,4,4.15,0,0,TRUE
Male,Loyal Customer,49,Personal Travel,Eco,642,2,2,2,3,3,2,3,3,2,5,4,1,3,2.69,0,0,FALSE
Male,Loyal Customer,43,Business Travel,Business,2697,1,1,1,1,1,1,5,4,4,4,4,1,2,2.31,0,0,TRUE
Male,Loyal Customer,27,Personal Travel,Eco,888,2,5,2,4,2,2,2,2,5,5,4,4,2,3.15,42,9,FALSE
Male,Loyal Customer,59,Business Travel,Eco Plus,356,1,3,3,3,1,1,1,1,4,5,4,3,1,2.38,0,0,FALSE
Male,Loyal Customer,69,Business Travel,Business,2134,1,1,1,1,4,2,3,4,4,4,4,5,3,2.85,0,0,TRUE
Male,Loyal Customer,53,Business Travel,Business,2902,2,2,2,2,4,5,4,4,4,4,4,4,3,3.38,0,0,TRUE
Female,Loyal Customer,60,Business Travel,Eco,1068,2,4,5,4,3,1,2,2,2,2,2,4,3,2.77,0,11,FALSE
Female,Loyal Customer,18,Personal Travel,Eco,547,3,5,3,1,5,3,5,5,4,1,5,3,5,3.69,0,0,FALSE
Male,Loyal Customer,31,Business Travel,Eco Plus,507,3,5,5,5,3,3,3,3,4,2,4,1,3,3.38,0,15,FALSE
Male,Loyal Customer,23,Business Travel,Business,1521,1,1,5,1,4,4,4,4,5,5,4,5,4,3.62,0,0,TRUE
Male,Disloyal Customer,37,Business Travel,Eco,796,1,2,2,3,2,2,3,2,2,5,1,4,2,2.38,0,0,FALSE
Male,Loyal Customer,37,Business Travel,Business,204,3,3,3,3,3,5,4,5,5,5,4,4,3,3.85,0,0,TRUE
Female,Loyal Customer,79,Business Travel,Business,338,4,4,4,4,3,3,3,4,4,4,4,3,4,3.69,0,0,FALSE
Female,Disloyal Customer,36,Business Travel,Eco,427,4,2,4,4,1,4,1,1,4,2,4,4,1,2.77,0,0,FALSE
Female,Loyal Customer,44,Business Travel,Business,1943,1,1,1,1,5,4,5,3,3,4,3,5,5,3.15,0,0,TRUE
Female,Disloyal Customer,20,Business Travel,Business,1014,4,1,4,4,5,4,2,5,4,5,4,3,5,3.85,0,0,TRUE
Female,Loyal Customer,46,Business Travel,Eco,551,2,5,5,5,4,3,3,2,2,2,2,2,4,3.15,0,1,FALSE
Female,Disloyal Customer,30,Business Travel,Eco,761,1,1,1,3,1,1,1,1,1,3,2,4,1,1.62,0,0,FALSE
Male,Disloyal Customer,22,Business Travel,Eco,1173,3,4,4,3,2,4,2,2,2,5,2,3,2,2.92,7,12,FALSE
Female,Loyal Customer,19,Personal Travel,Eco,192,3,4,3,3,3,3,1,3,4,3,5,5,3,3.31,29,20,FALSE
Female,Disloyal Customer,25,Business Travel,Eco,1011,4,4,4,4,2,4,2,2,2,4,4,1,2,3,13,8,FALSE
Female,Disloyal Customer,40,Business Travel,Business,228,4,4,4,5,3,4,3,3,2,1,5,2,3,3.31,0,0,FALSE
Male,Loyal Customer,52,Business Travel,Eco,77,3,1,1,1,2,3,2,2,3,4,4,2,2,2.31,0,1,TRUE
Female,Loyal Customer,59,Personal Travel,Eco,302,3,5,3,1,4,4,4,2,2,3,5,4,5,3.46,4,0,FALSE
Male,Loyal Customer,46,Personal Travel,Eco,550,3,0,2,1,5,2,3,5,3,5,5,4,5,3.31,0,0,FALSE
Female,Loyal Customer,53,Personal Travel,Eco Plus,861,3,3,3,2,4,1,5,4,4,3,4,5,2,3.31,0,0,FALSE
Female,Loyal Customer,53,Personal Travel,Eco Plus,802,1,4,1,4,1,3,4,1,1,1,1,3,3,2.15,21,14,FALSE
Male,Loyal Customer,35,Business Travel,Business,1522,1,1,1,1,2,1,1,4,4,4,4,2,2,2.15,109,83,TRUE
Female,Loyal Customer,40,Business Travel,Business,2486,5,5,4,5,3,5,5,5,5,5,5,5,3,4.62,0,0,TRUE
Male,Disloyal Customer,25,Business Travel,Eco,302,1,4,1,4,3,1,3,3,4,1,3,4,3,2.69,0,0,FALSE
Female,Loyal Customer,25,Business Travel,Business,786,2,2,2,2,5,5,5,5,5,2,5,3,5,3.69,30,0,TRUE
Female,Loyal Customer,60,Personal Travel,Eco,2367,1,4,1,1,5,5,4,2,2,1,2,5,5,2.92,5,0,FALSE
Female,Disloyal Customer,26,Business Travel,Business,628,5,5,5,3,4,5,4,4,4,5,4,4,4,4.31,6,0,TRUE
Female,Loyal Customer,49,Business Travel,Business,3814,2,2,2,2,4,5,4,4,4,4,4,3,4,3.38,0,0,TRUE
Female,Loyal Customer,80,Business Travel,Eco Plus,525,3,1,1,1,3,3,4,3,3,3,3,1,2,2.38,3,0,FALSE
Female,Disloyal Customer,44,Business Travel,Eco,101,3,0,2,2,3,2,3,3,1,4,1,1,3,2.15,2,15,FALSE
Male,Loyal Customer,45,Business Travel,Business,1183,4,2,2,2,4,3,4,4,4,4,4,1,4,3.23,3,10,FALSE
Male,Loyal Customer,41,Personal Travel,Eco,337,4,4,4,4,5,4,5,5,5,5,5,3,5,4.46,39,33,TRUE
Male,Loyal Customer,56,Personal Travel,Eco,1464,4,4,4,1,4,4,4,4,4,2,5,3,4,3.62,0,0,FALSE
Female,Loyal Customer,59,Business Travel,Eco,589,3,2,2,2,1,3,4,4,4,3,4,3,3,2.92,27,11,FALSE
Male,Loyal Customer,34,Personal Travel,Eco,1671,2,3,2,3,2,2,2,2,3,3,3,2,2,2.38,22,10,FALSE
Male,Loyal Customer,62,Personal Travel,Eco,214,3,4,3,1,5,3,2,5,3,2,4,4,5,3.38,0,0,FALSE
Female,Loyal Customer,25,Business Travel,Business,3580,1,5,5,5,1,1,1,1,2,5,4,1,1,2.54,0,4,FALSE
Female,Disloyal Customer,41,Business Travel,Business,1124,4,4,4,3,2,4,2,2,4,2,3,5,2,3.15,120,119,TRUE
Male,Loyal Customer,13,Personal Travel,Eco,1102,3,3,3,1,5,3,5,5,4,5,3,5,5,3.85,1,2,FALSE
Female,Loyal Customer,26,Business Travel,Business,507,2,5,5,5,2,2,2,2,1,4,4,1,2,2.85,0,2,FALSE
Male,Loyal Customer,38,Personal Travel,Eco,327,2,3,2,2,4,2,4,4,4,3,4,3,4,3.15,59,63,FALSE
Male,Loyal Customer,43,Business Travel,Business,3346,3,5,5,5,5,2,2,3,3,3,3,3,3,3.46,90,88,FALSE
Male,Loyal Customer,22,Business Travel,Eco,646,2,5,5,5,2,2,4,2,2,4,3,2,2,3.08,0,0,FALSE
Male,Loyal Customer,62,Personal Travel,Eco Plus,247,2,4,2,3,5,2,5,5,3,2,5,5,5,3.69,9,10,FALSE
Female,Disloyal Customer,25,Business Travel,Business,602,5,0,5,1,1,5,1,1,4,5,5,5,1,3,19,25,TRUE
Male,Loyal Customer,9,Personal Travel,Business,985,2,4,2,3,5,2,5,5,3,5,5,4,5,3.85,0,0,FALSE
Female,Loyal Customer,62,Business Travel,Business,406,2,5,5,5,2,3,4,2,2,2,2,1,1,2.77,2,7,FALSE
Female,Loyal Customer,53,Personal Travel,Eco,761,3,3,3,4,3,2,2,5,5,3,5,5,3,3.54,0,17,FALSE
Male,Disloyal Customer,27,Business Travel,Eco,158,2,2,2,3,2,2,2,2,3,5,4,4,2,2.69,0,2,FALSE
Male,Disloyal Customer,21,Business Travel,Eco,544,3,4,3,4,3,3,2,3,1,2,3,1,3,2.69,0,0,FALSE
Male,Loyal Customer,33,Personal Travel,Eco,1199,2,1,2,4,2,2,2,2,4,2,3,1,2,2.23,0,0,FALSE
Female,Loyal Customer,60,Business Travel,Business,482,3,4,4,4,2,3,3,4,3,4,3,3,3,3.31,171,149,FALSE
Female,Loyal Customer,17,Personal Travel,Eco,802,3,4,3,3,2,3,2,2,4,2,5,2,2,2.85,0,0,FALSE
Female,Loyal Customer,23,Personal Travel,Eco Plus,604,3,4,3,4,3,3,3,3,4,4,5,4,3,3.54,20,23,FALSE
Male,Loyal Customer,69,Business Travel,Business,2531,2,2,5,2,3,4,3,2,2,2,2,2,4,2.69,0,9,FALSE
Female,Loyal Customer,30,Business Travel,Business,2907,1,1,1,1,3,3,3,3,5,1,5,5,3,2.69,8,0,TRUE
Female,Loyal Customer,50,Business Travel,Business,627,4,4,4,4,3,3,2,3,3,3,3,2,2,3.08,25,27,TRUE
Female,Loyal Customer,37,Business Travel,Eco,370,4,3,3,3,4,4,4,4,3,2,3,2,4,3.31,22,11,FALSE
Male,Loyal Customer,41,Personal Travel,Eco,604,3,4,3,4,1,3,1,1,3,2,5,4,1,2.69,12,12,FALSE
Female,Loyal Customer,53,Business Travel,Business,3354,2,2,2,2,3,4,4,4,4,4,4,4,3,3.23,10,13,TRUE
Female,Loyal Customer,39,Business Travel,Business,2655,5,5,5,5,5,4,4,5,5,5,5,4,4,4.69,0,0,TRUE
Male,Loyal Customer,30,Business Travel,Business,2378,4,4,4,4,5,5,5,5,4,5,5,5,5,4.62,0,0,TRUE
Female,Loyal Customer,37,Business Travel,Business,391,1,1,1,1,4,2,2,4,4,4,4,2,5,2.69,0,0,TRUE
Female,Disloyal Customer,44,Business Travel,Business,354,3,2,2,3,5,3,5,5,1,4,2,2,5,3.23,22,20,FALSE
Male,Disloyal Customer,34,Business Travel,Eco,844,3,4,4,1,2,4,2,2,5,3,1,3,2,2.77,0,0,FALSE
Male,Loyal Customer,22,Business Travel,Business,2689,2,2,2,2,5,5,5,5,4,3,5,4,5,3.77,10,27,TRUE
Female,Disloyal Customer,52,Business Travel,Eco Plus,590,2,2,2,3,1,2,1,1,3,1,3,3,1,1.92,0,0,FALSE
Female,Loyal Customer,56,Business Travel,Business,2475,4,4,4,4,4,3,2,4,4,4,4,3,4,3.69,0,0,FALSE
Female,Loyal Customer,19,Business Travel,Business,2392,5,5,5,5,4,4,4,4,1,2,5,1,4,3.77,48,55,TRUE
Female,Loyal Customer,44,Personal Travel,Eco Plus,366,5,5,5,2,5,3,2,4,4,5,2,2,4,3.69,1,0,TRUE
Male,Loyal Customer,46,Business Travel,Business,1978,2,2,2,2,5,5,5,5,5,5,5,5,5,4.08,0,0,TRUE
Female,Loyal Customer,58,Business Travel,Business,1237,4,2,2,2,3,3,2,4,4,4,4,1,4,3,42,47,FALSE
Female,Loyal Customer,33,Business Travel,Business,369,1,1,1,1,5,2,3,3,3,4,3,1,4,2.46,0,0,TRUE
Female,Loyal Customer,13,Personal Travel,Eco,413,2,4,2,4,2,2,2,2,4,1,3,1,2,2.38,4,1,FALSE
Female,Disloyal Customer,25,Business Travel,Eco,1118,2,2,2,1,4,2,4,4,3,2,5,4,4,3,0,0,FALSE
Female,Loyal Customer,29,Business Travel,Eco Plus,761,3,3,3,3,3,4,3,3,3,1,1,5,3,2.92,16,12,TRUE
Male,Loyal Customer,22,Personal Travel,Eco Plus,326,2,5,2,2,4,2,4,4,2,1,4,5,4,3.15,3,4,FALSE
Female,Loyal Customer,41,Personal Travel,Eco Plus,501,2,3,2,4,5,4,2,5,5,2,5,4,4,3.62,0,0,FALSE
Male,Loyal Customer,42,Business Travel,Business,1269,5,5,1,5,2,4,5,2,2,2,2,4,5,3.38,0,0,TRUE
Male,Loyal Customer,32,Business Travel,Business,3960,3,3,3,3,4,5,4,4,5,4,4,5,4,3.92,0,0,TRUE
Female,Loyal Customer,47,Business Travel,Business,3496,4,4,4,4,2,4,5,4,4,4,4,3,5,3.92,19,6,TRUE
Male,Loyal Customer,51,Business Travel,Eco Plus,1744,4,1,1,1,4,4,4,4,2,1,2,2,4,2.62,76,57,FALSE
Female,Loyal Customer,26,Business Travel,Business,3404,1,2,2,2,1,1,1,1,3,3,4,2,1,1.85,0,0,FALSE
Female,Loyal Customer,20,Personal Travel,Eco,1262,3,5,3,1,3,3,3,3,4,2,5,5,3,3.31,0,0,FALSE
Male,Loyal Customer,27,Personal Travel,Eco,1028,3,4,3,4,5,3,3,5,3,3,4,5,5,3.85,15,5,FALSE
Male,Disloyal Customer,20,Business Travel,Eco,327,4,4,4,1,4,4,4,4,5,4,4,5,4,3.92,16,10,TRUE
Male,Disloyal Customer,62,Business Travel,Business,2075,2,2,2,1,1,2,1,1,4,2,5,4,1,2.15,0,0,FALSE
Female,Loyal Customer,41,Business Travel,Business,868,2,2,5,2,2,4,4,5,5,5,5,5,4,3.85,18,14,TRUE
Female,Disloyal Customer,25,Business Travel,Eco,533,5,0,5,4,3,5,3,3,1,2,1,2,3,2.85,0,4,TRUE
Male,Loyal Customer,40,Business Travel,Business,2039,1,1,1,1,5,5,5,4,4,4,4,5,5,3.46,0,0,TRUE
Male,Loyal Customer,41,Business Travel,Business,173,4,4,4,4,3,2,5,4,4,4,4,1,1,3.38,0,0,TRUE
Male,Loyal Customer,50,Business Travel,Eco,259,5,2,2,2,5,5,5,5,3,3,1,2,5,3.46,30,26,TRUE
Male,Loyal Customer,41,Business Travel,Business,369,1,1,1,1,1,1,1,3,3,3,3,1,4,1.85,0,0,TRUE
Male,Loyal Customer,16,Personal Travel,Eco,1262,3,5,3,5,5,3,5,5,5,4,3,5,5,4.31,4,0,FALSE
Male,Loyal Customer,45,Business Travel,Business,547,1,1,1,1,3,4,5,5,5,4,5,3,5,3.31,0,0,TRUE
Female,Loyal Customer,14,Personal Travel,Eco,872,2,0,2,3,2,2,2,2,3,5,5,5,2,2.69,0,12,FALSE
Male,Loyal Customer,46,Business Travel,Business,240,0,0,0,3,3,5,5,1,1,1,1,5,5,2.31,0,0,TRUE
Male,Loyal Customer,30,Business Travel,Business,3156,2,4,4,4,1,1,2,1,2,2,3,2,1,2.23,0,0,FALSE
Male,Loyal Customer,36,Business Travel,Business,3035,2,2,2,2,2,2,2,4,4,4,4,5,1,2.77,0,0,TRUE
Female,Loyal Customer,29,Business Travel,Business,1616,1,3,4,3,1,1,1,1,2,1,4,3,1,2,24,9,FALSE
Female,Loyal Customer,46,Business Travel,Eco,1617,2,2,5,5,3,2,2,2,2,2,2,4,1,2.62,11,13,FALSE
Male,Loyal Customer,27,Personal Travel,Eco,337,3,4,2,2,5,2,5,5,5,5,5,3,5,3.92,121,115,FALSE
Female,Disloyal Customer,22,Business Travel,Eco,842,3,3,3,1,1,3,1,1,3,1,1,1,1,1.77,0,7,FALSE
Female,Loyal Customer,25,Business Travel,Business,3611,2,4,4,4,2,2,2,2,1,3,4,1,2,2.54,0,0,FALSE
Male,Loyal Customer,42,Personal Travel,Eco,1149,2,5,2,3,5,2,5,5,4,3,4,4,5,3.77,10,3,FALSE
Male,Loyal Customer,66,Personal Travel,Eco,793,0,5,0,2,0,2,2,4,5,4,5,2,2,2.54,143,142,TRUE
Male,Loyal Customer,40,Business Travel,Business,1565,3,3,5,3,5,4,5,5,5,5,5,5,5,4.46,11,23,TRUE
Male,Loyal Customer,32,Business Travel,Eco,909,4,1,1,1,4,4,4,4,4,5,4,3,4,3.31,3,0,FALSE
Female,Loyal Customer,60,Business Travel,Eco,570,4,2,2,2,5,3,2,4,4,4,4,1,2,3,0,0,FALSE
Female,Disloyal Customer,38,Business Travel,Business,1475,1,1,1,4,4,1,4,4,4,2,5,3,4,2.92,29,23,FALSE
Male,Loyal Customer,62,Business Travel,Business,2085,5,2,2,2,2,4,3,5,5,4,5,1,2,3.23,61,57,FALSE
Female,Loyal Customer,56,Business Travel,Business,602,5,5,5,5,3,5,4,5,5,5,5,3,3,4.46,0,0,TRUE
Female,Disloyal Customer,20,Business Travel,Eco,1015,1,1,1,3,4,1,4,4,1,4,4,2,4,2.62,2,36,FALSE
Female,Loyal Customer,16,Business Travel,Business,373,3,2,2,2,3,3,3,3,4,1,3,2,3,2.62,12,0,FALSE
Male,Loyal Customer,57,Business Travel,Eco Plus,406,4,4,4,4,4,4,4,4,5,2,3,1,4,3.62,68,67,TRUE
Male,Loyal Customer,49,Business Travel,Business,2678,2,5,5,5,2,2,1,2,2,2,2,2,4,2.77,51,25,FALSE
Male,Loyal Customer,34,Personal Travel,Eco,1303,2,4,2,2,4,2,4,4,5,2,5,5,4,3.46,0,0,FALSE
Female,Loyal Customer,37,Personal Travel,Eco,595,1,4,1,3,3,1,3,3,4,4,4,4,3,2.92,8,0,FALSE
Male,Loyal Customer,24,Personal Travel,Eco,866,3,3,3,4,2,3,2,2,4,1,3,1,2,2.54,0,13,FALSE
Female,Loyal Customer,9,Business Travel,Eco,936,3,4,4,4,3,4,3,3,4,3,4,2,3,3.38,0,0,FALSE
Female,Loyal Customer,56,Business Travel,Eco,1671,4,3,5,3,3,2,3,4,4,4,4,2,1,3.23,2,0,FALSE
Female,Loyal Customer,62,Personal Travel,Eco Plus,1199,1,5,1,2,4,4,1,5,5,1,5,1,4,3,3,1,FALSE
Male,Loyal Customer,53,Personal Travel,Eco,364,2,4,2,1,3,2,3,3,4,4,5,4,3,3.08,0,6,FALSE
Female,Disloyal Customer,57,Business Travel,Eco,1012,1,0,0,4,3,0,3,3,1,3,3,1,3,1.92,0,3,FALSE
Female,Loyal Customer,60,Business Travel,Business,3534,3,3,3,3,3,5,5,4,4,4,4,3,4,3.69,0,0,TRUE
Male,Disloyal Customer,49,Business Travel,Business,926,4,4,4,1,1,4,1,1,4,2,5,5,1,2.85,0,0,TRUE
Female,Loyal Customer,54,Business Travel,Eco Plus,516,4,4,4,4,2,4,3,4,4,4,4,2,4,3.62,17,16,FALSE
Male,Loyal Customer,40,Personal Travel,Eco,321,1,4,1,4,5,1,3,5,4,3,4,1,5,3.15,0,0,FALSE
Female,Disloyal Customer,20,Business Travel,Eco,447,2,0,2,4,5,2,5,5,5,1,3,3,5,3.23,0,0,FALSE
Male,Loyal Customer,74,Business Travel,Eco Plus,128,4,4,4,4,4,4,4,4,3,1,4,1,4,3.46,0,0,TRUE
Male,Loyal Customer,23,Personal Travel,Eco,458,2,3,2,2,1,2,2,1,3,5,5,1,1,2.31,0,0,FALSE
Male,Loyal Customer,27,Personal Travel,Eco Plus,354,3,5,3,1,3,3,3,3,4,4,5,3,3,3.31,0,0,FALSE
Female,Loyal Customer,33,Business Travel,Business,2814,4,4,4,4,5,2,1,2,2,2,2,4,4,3.08,0,0,TRUE
Male,Loyal Customer,30,Business Travel,Business,862,3,3,3,3,5,5,5,5,5,5,5,4,5,4.31,10,0,TRUE
Female,Loyal Customer,22,Personal Travel,Eco,674,2,2,2,3,3,2,3,3,1,1,3,2,3,2.31,0,33,FALSE
Female,Disloyal Customer,20,Business Travel,Eco,641,1,1,0,3,1,0,1,1,1,4,2,1,1,1.31,5,0,FALSE
Female,Loyal Customer,44,Business Travel,Business,320,4,4,4,4,5,1,2,5,5,5,5,4,4,4,0,2,TRUE
Female,Loyal Customer,48,Business Travel,Business,2658,3,3,3,3,4,4,5,2,2,3,2,4,3,3.15,11,14,TRUE
Female,Loyal Customer,41,Business Travel,Business,919,4,4,3,4,3,5,5,4,4,4,4,4,5,4.08,0,19,TRUE
Male,Loyal Customer,47,Personal Travel,Eco,248,2,4,2,4,5,2,5,5,3,3,4,4,5,3.69,0,0,FALSE
Male,Loyal Customer,55,Business Travel,Business,3251,2,2,2,2,5,5,5,4,4,4,4,5,5,3.77,0,0,TRUE
Male,Loyal Customer,25,Business Travel,Business,2227,1,2,2,2,1,1,1,1,2,5,2,1,1,1.69,0,0,FALSE
Female,Loyal Customer,21,Personal Travel,Eco,546,5,3,5,3,2,5,3,2,5,1,4,2,2,3.23,71,80,TRUE
Male,Loyal Customer,44,Business Travel,Business,2591,5,5,5,5,3,3,3,5,5,5,4,2,2,4,0,0,TRUE
Female,Loyal Customer,53,Business Travel,Business,2418,3,4,4,4,3,3,3,3,5,2,2,3,3,3.23,930,952,FALSE
Female,Loyal Customer,65,Business Travel,Eco,196,1,5,5,5,2,2,2,1,1,1,1,3,3,2.46,0,12,FALSE
Female,Disloyal Customer,21,Business Travel,Eco,228,2,4,2,3,4,2,4,4,5,4,4,5,4,3.62,0,0,FALSE
Female,Loyal Customer,22,Business Travel,Eco,370,3,3,3,3,3,3,2,3,4,2,4,1,3,2.85,0,16,FALSE
Male,Loyal Customer,32,Business Travel,Business,3497,3,3,3,3,5,5,5,5,3,2,5,2,5,3.77,0,0,TRUE
Male,Loyal Customer,39,Personal Travel,Eco,666,4,1,4,4,1,4,1,1,1,5,3,2,1,2.46,0,0,FALSE
Male,Loyal Customer,60,Business Travel,Business,1811,5,5,5,5,2,5,4,4,4,4,4,4,5,4.31,7,0,TRUE
Female,Loyal Customer,60,Business Travel,Business,434,2,4,2,2,3,2,4,4,4,4,4,4,2,3.15,0,0,TRUE
Female,Loyal Customer,39,Business Travel,Business,2495,2,2,2,2,3,4,5,5,5,5,5,3,3,3.54,111,110,TRUE
Male,Loyal Customer,43,Business Travel,Business,2145,3,3,3,3,2,1,4,5,5,4,5,3,2,3.31,0,0,TRUE
Female,Loyal Customer,54,Personal Travel,Eco Plus,187,1,5,1,1,2,4,5,2,2,1,2,3,4,2.54,16,10,FALSE
Male,Loyal Customer,64,Personal Travel,Eco,758,2,3,2,2,4,2,4,4,4,3,2,2,4,2.92,10,0,FALSE
Male,Loyal Customer,60,Business Travel,Business,1517,1,1,1,1,2,5,5,5,5,5,5,4,3,3.31,0,0,TRUE
Female,Loyal Customer,32,Business Travel,Business,373,3,3,3,3,5,5,5,5,5,5,5,4,5,4.31,0,0,TRUE
Male,Disloyal Customer,26,Business Travel,Business,373,2,5,2,2,5,2,5,5,5,3,4,3,5,3.69,7,13,FALSE
Female,Disloyal Customer,26,Business Travel,Business,1076,3,3,3,3,3,3,5,3,4,3,4,2,3,3.23,0,0,FALSE
Male,Loyal Customer,22,Business Travel,Business,1982,2,2,1,1,2,2,2,2,2,2,3,2,2,1.92,67,67,FALSE
Female,Loyal Customer,65,Business Travel,Eco Plus,1726,3,3,3,3,3,1,3,3,3,3,3,2,4,2.85,3,0,FALSE
Male,Disloyal Customer,23,Business Travel,Eco,782,4,5,5,4,4,5,5,3,5,2,3,5,5,4.23,0,4,FALSE
Male,Loyal Customer,41,Business Travel,Business,3712,4,4,4,4,2,4,4,5,5,5,5,4,4,4.15,0,0,TRUE
Male,Loyal Customer,52,Business Travel,Business,1192,2,2,2,2,4,4,4,5,5,5,5,3,5,3.69,0,0,TRUE
Female,Loyal Customer,31,Business Travel,Business,2588,2,2,2,2,4,4,4,2,4,3,2,4,4,3,65,102,TRUE
Male,Loyal Customer,18,Personal Travel,Eco,2454,1,5,2,3,4,2,4,4,4,2,4,5,4,3.38,9,0,FALSE
Male,Loyal Customer,49,Business Travel,Business,1959,1,1,1,1,4,4,4,4,4,4,5,4,4,3.15,1017,1011,TRUE
Female,Loyal Customer,57,Personal Travel,Eco Plus,310,3,5,3,2,3,5,5,2,2,3,4,3,4,3.38,0,0,FALSE
Female,Disloyal Customer,21,Business Travel,Eco,350,1,3,1,3,4,1,4,4,1,4,3,1,4,2.62,18,10,FALSE
Male,Disloyal Customer,34,Business Travel,Eco,792,3,3,3,4,4,3,4,4,5,3,3,3,4,3.54,71,74,FALSE
Female,Loyal Customer,41,Business Travel,Eco,1739,2,5,5,5,2,2,2,2,3,1,2,3,2,2.77,1,0,FALSE
Male,Loyal Customer,39,Business Travel,Business,2887,4,4,4,4,3,5,5,5,5,5,5,4,5,4.46,0,0,TRUE
Female,Loyal Customer,43,Business Travel,Business,3711,2,2,2,2,5,4,4,4,4,4,4,3,3,3.31,12,28,TRUE
Female,Loyal Customer,25,Personal Travel,Eco,980,4,3,4,4,2,4,2,2,2,2,3,4,2,2.92,12,9,FALSE
Female,Loyal Customer,15,Personal Travel,Business,196,1,4,1,2,3,1,3,3,5,4,5,3,3,2.92,3,0,FALSE
Female,Disloyal Customer,44,Business Travel,Business,1372,4,4,4,3,2,4,2,2,3,3,5,4,2,3.23,12,0,TRUE
Male,Loyal Customer,17,Personal Travel,Eco,630,1,5,1,2,1,2,2,4,3,5,5,2,2,2.69,156,157,FALSE
Female,Loyal Customer,40,Business Travel,Business,920,3,4,2,4,3,3,3,3,3,3,3,1,2,2.85,3,5,FALSE
Male,Loyal Customer,56,Business Travel,Business,1617,1,1,1,1,4,5,5,5,5,5,5,5,5,3.69,0,0,TRUE
Female,Disloyal Customer,23,Business Travel,Eco,258,3,3,4,4,3,4,3,3,1,2,4,4,3,3.15,6,0,FALSE
Male,Disloyal Customer,17,Business Travel,Eco,1145,4,4,4,1,2,4,2,2,3,2,5,3,2,2.92,0,1,TRUE
Female,Loyal Customer,17,Personal Travel,Eco,894,4,4,4,4,3,4,3,3,4,5,4,3,3,3.69,0,0,FALSE
Female,Loyal Customer,38,Business Travel,Business,2648,5,5,5,5,2,2,3,5,5,5,4,3,3,4,14,3,TRUE
Male,Loyal Customer,40,Business Travel,Eco Plus,647,1,5,5,5,1,1,1,1,1,5,3,4,1,2.62,56,52,FALSE
Male,Disloyal Customer,26,Business Travel,Eco,414,2,3,2,4,1,2,1,1,3,4,4,1,1,2.23,0,0,FALSE
Female,Loyal Customer,43,Business Travel,Business,2437,1,1,1,1,5,5,5,4,4,4,4,4,3,3.23,0,53,TRUE
Female,Loyal Customer,47,Business Travel,Business,2642,3,3,3,3,2,5,5,5,5,5,5,5,3,4,0,0,TRUE
Female,Loyal Customer,42,Business Travel,Business,2644,4,4,1,4,3,4,5,5,5,5,4,3,3,3.85,0,0,TRUE
Male,Loyal Customer,63,Business Travel,Business,2197,2,2,2,2,4,5,5,4,4,4,4,5,4,3.62,0,0,TRUE
Male,Loyal Customer,30,Business Travel,Business,775,5,2,5,5,5,5,5,5,1,3,1,2,5,3.77,0,0,TRUE
Female,Loyal Customer,59,Business Travel,Business,3646,4,5,4,4,5,4,4,5,5,5,5,3,4,4.38,12,4,TRUE
Female,Loyal Customer,50,Business Travel,Business,3558,0,0,0,1,2,5,5,1,1,1,1,3,4,1.85,0,0,TRUE
Female,Loyal Customer,25,Personal Travel,Eco Plus,1440,3,4,3,3,3,4,4,5,5,4,4,4,4,3.85,187,194,FALSE
Female,Loyal Customer,45,Business Travel,Eco,226,5,1,1,1,5,5,4,5,5,5,5,4,3,3.77,0,0,TRUE
Female,Loyal Customer,69,Personal Travel,Eco,134,1,4,0,3,4,4,3,1,1,0,1,4,2,2.15,10,0,FALSE
Female,Disloyal Customer,16,Business Travel,Eco,409,3,4,3,4,4,3,4,4,4,3,4,2,4,3.54,62,94,FALSE
Female,Loyal Customer,44,Business Travel,Business,2227,4,4,4,4,3,4,5,5,5,4,5,4,3,4.15,0,0,TRUE
Female,Loyal Customer,39,Business Travel,Business,1671,2,2,2,2,2,4,4,5,5,5,5,3,4,3.46,0,0,TRUE
Male,Loyal Customer,45,Business Travel,Business,594,5,5,5,5,3,4,4,5,5,5,5,3,3,4.38,42,36,TRUE
Male,Disloyal Customer,39,Business Travel,Eco,790,4,4,4,3,2,4,2,2,4,1,4,4,2,3.08,23,0,TRUE
Male,Loyal Customer,33,Business Travel,Business,1514,3,3,2,2,3,3,3,3,3,2,3,2,3,2.69,0,,FALSE
Male,Loyal Customer,45,Business Travel,Eco,634,2,3,3,3,2,2,2,2,2,2,3,1,2,2.23,42,31,TRUE
Male,Loyal Customer,35,Business Travel,Business,2926,5,5,5,5,2,5,5,5,5,5,5,3,3,4.46,0,0,TRUE
Female,Loyal Customer,68,Personal Travel,Eco Plus,669,3,5,3,2,3,4,5,3,3,3,3,3,4,3.38,0,0,FALSE
Female,Loyal Customer,54,Business Travel,Business,304,0,0,0,1,4,5,5,4,4,4,4,5,5,3.15,45,42,TRUE
Female,Loyal Customer,48,Personal Travel,Eco,1447,3,1,3,3,4,4,4,5,5,3,2,3,4,3.38,0,0,FALSE
Male,Loyal Customer,42,Personal Travel,Eco,667,3,4,4,1,3,4,3,3,3,5,5,5,3,3.54,0,0,FALSE
Male,Disloyal Customer,50,Business Travel,Business,473,3,3,3,3,1,3,1,1,3,4,4,5,1,2.69,5,0,FALSE
Female,Disloyal Customer,21,Business Travel,Business,1303,5,0,5,4,2,5,2,2,3,2,4,3,2,3,16,0,TRUE
Female,Loyal Customer,40,Business Travel,Eco,602,3,1,1,1,3,4,3,3,3,4,2,1,3,2.46,6,9,TRUE
Male,Loyal Customer,68,Personal Travel,Eco,1620,3,5,3,1,4,3,5,4,4,5,5,4,4,3.85,60,55,FALSE
Female,Loyal Customer,40,Business Travel,Business,522,3,3,3,3,5,4,5,5,5,5,5,5,5,4.31,81,130,TRUE
Female,Loyal Customer,44,Business Travel,Business,3080,2,2,2,2,4,4,4,5,5,5,5,4,4,3.69,0,0,TRUE
Female,Loyal Customer,28,Business Travel,Business,486,3,3,3,3,5,5,5,5,4,2,4,5,5,4,0,0,TRUE
Female,Loyal Customer,23,Personal Travel,Eco Plus,2288,2,5,2,1,2,2,2,2,2,4,3,3,2,2.46,0,0,FALSE
Female,Loyal Customer,55,Business Travel,Business,2630,2,2,2,2,2,4,4,4,4,4,4,4,3,3.15,0,0,TRUE
Male,Loyal Customer,50,Business Travel,Eco,192,4,2,2,2,4,4,4,4,3,2,5,4,4,3.38,6,0,TRUE
Female,Loyal Customer,24,Business Travel,Eco,489,2,2,2,2,2,2,3,2,3,3,3,2,2,2.31,0,6,FALSE
Male,Loyal Customer,51,Business Travel,Eco Plus,326,5,5,5,5,5,5,5,5,2,3,3,2,5,4.23,0,0,TRUE
Male,Loyal Customer,43,Business Travel,Eco,259,5,3,3,3,5,5,5,5,5,5,2,2,5,4.08,0,0,TRUE
Male,Disloyal Customer,34,Business Travel,Business,391,3,3,3,2,1,3,1,1,4,5,4,4,1,2.69,18,12,FALSE
Male,Loyal Customer,29,Business Travel,Business,1826,1,1,1,1,5,5,5,5,5,3,4,5,5,3.54,19,0,TRUE
Male,Loyal Customer,44,Personal Travel,Business,1052,4,4,4,4,2,5,5,5,5,4,5,5,4,4.31,0,2,FALSE
Male,Loyal Customer,46,Business Travel,Business,3363,3,3,3,3,2,3,4,3,3,3,3,2,4,3,14,42,FALSE
Male,Loyal Customer,35,Personal Travel,Eco,227,1,5,0,1,5,0,5,5,5,4,4,5,5,3.46,0,18,FALSE
Male,Loyal Customer,37,Business Travel,Business,308,4,4,4,4,2,4,5,5,5,5,5,4,3,4.15,0,8,TRUE
Female,Loyal Customer,49,Business Travel,Business,2556,4,5,5,5,4,4,4,2,4,1,1,4,4,3.62,0,7,FALSE
Male,Loyal Customer,41,Business Travel,Business,1182,5,5,5,5,4,5,4,5,5,5,5,3,3,4.54,0,0,TRUE
Male,Disloyal Customer,13,Business Travel,Eco,1235,4,4,4,3,2,4,4,2,5,3,5,2,2,3.38,0,9,TRUE
Female,Loyal Customer,57,Business Travel,Business,2133,1,1,1,1,4,4,3,1,1,1,1,2,3,1.85,0,0,FALSE
Female,Loyal Customer,39,Personal Travel,Eco,368,3,5,3,1,2,3,2,2,3,2,5,1,2,2.62,0,0,FALSE
Female,Loyal Customer,13,Business Travel,Eco Plus,657,1,3,3,3,2,3,1,4,5,3,4,1,1,2.62,201,186,FALSE
Male,Loyal Customer,50,Business Travel,Eco,447,4,3,3,3,4,4,4,4,3,5,5,3,4,3.77,30,26,TRUE
Female,Loyal Customer,54,Personal Travel,Eco Plus,697,3,4,3,2,3,3,1,4,4,3,4,2,3,3,17,6,FALSE
Female,Loyal Customer,61,Business Travel,Business,3440,5,5,5,5,3,2,3,5,5,4,5,2,3,4,0,0,FALSE
Female,Disloyal Customer,23,Business Travel,Business,1187,4,3,4,5,4,4,4,4,4,4,4,4,4,4,0,0,TRUE
Female,Loyal Customer,44,Business Travel,Eco,1145,1,2,2,2,1,2,2,3,3,3,3,2,2,2.15,152,151,FALSE
Male,Disloyal Customer,22,Business Travel,Business,594,4,0,4,3,5,4,5,5,3,4,4,3,5,3.77,0,0,TRUE
Female,Disloyal Customer,34,Business Travel,Business,306,2,2,2,2,4,2,4,4,3,5,5,3,4,3.23,0,0,FALSE
Male,Loyal Customer,43,Personal Travel,Eco,2475,3,4,3,4,3,1,1,3,2,3,4,1,1,2.54,11,0,FALSE
Female,Disloyal Customer,30,Business Travel,Eco,129,4,1,5,4,1,5,1,1,1,3,3,1,1,2.38,0,0,FALSE
Female,Disloyal Customer,37,Business Travel,Eco Plus,347,2,2,2,2,4,2,4,4,2,2,2,3,4,2.69,0,0,FALSE
Male,Loyal Customer,53,Personal Travel,Eco Plus,2454,1,1,1,3,2,1,2,2,4,5,3,4,2,2.38,9,0,FALSE
Female,Disloyal Customer,30,Business Travel,Eco Plus,314,0,0,0,4,2,0,2,2,5,3,1,4,2,1.92,0,0,TRUE
Female,Disloyal Customer,26,Business Travel,Eco,366,4,0,4,3,2,4,2,2,2,3,1,4,2,2.54,0,0,FALSE
Female,Loyal Customer,60,Business Travel,Business,1896,2,2,2,2,3,4,4,5,5,5,5,3,5,3.62,0,0,TRUE
Female,Loyal Customer,54,Business Travel,Eco,577,3,4,4,4,1,4,4,3,3,3,3,4,4,3.38,0,10,FALSE
Female,Loyal Customer,45,Business Travel,Business,349,3,3,3,3,2,2,3,4,4,4,4,1,1,2.85,0,0,TRUE
Female,Loyal Customer,58,Business Travel,Eco,288,4,5,5,5,4,3,4,4,4,4,4,1,3,3.85,6,1,TRUE
Male,Loyal Customer,43,Personal Travel,Eco,689,3,3,3,3,5,3,5,5,1,5,3,2,5,3.54,0,0,FALSE
Male,Loyal Customer,45,Business Travel,Business,2402,2,1,2,2,3,4,4,5,5,5,5,4,3,3.46,0,0,TRUE
Male,Loyal Customer,39,Business Travel,Business,2712,2,2,2,2,5,5,5,4,4,4,4,3,5,3.62,0,0,TRUE
Female,Loyal Customer,50,Personal Travel,Eco,2174,5,4,5,3,2,4,5,2,2,5,2,5,5,3.77,0,0,TRUE
Female,Loyal Customer,45,Personal Travel,Eco Plus,802,4,3,4,4,1,4,4,4,4,4,5,2,1,3.38,0,0,TRUE
Female,Loyal Customer,65,Personal Travel,Eco Plus,1521,2,2,2,2,3,1,2,4,4,2,4,4,3,2.69,1,0,FALSE
Male,Loyal Customer,21,Personal Travel,Eco,986,2,5,2,1,4,2,4,4,4,3,5,3,4,3.31,23,25,FALSE
Female,Loyal Customer,30,Business Travel,Business,2753,4,4,4,4,4,4,4,4,1,3,1,3,4,3.38,2,8,FALSE
Male,Loyal Customer,22,Business Travel,Eco Plus,669,2,1,1,1,2,2,4,2,1,3,4,3,2,2.15,0,0,FALSE
Male,Loyal Customer,20,Business Travel,Eco Plus,216,4,3,3,3,4,4,3,4,2,3,1,4,4,3.23,11,5,TRUE
Male,Loyal Customer,7,Personal Travel,Business,1062,2,4,2,3,2,2,2,2,4,4,4,5,2,2.92,0,0,FALSE
Male,Disloyal Customer,48,Business Travel,Business,785,5,5,5,4,1,5,5,1,3,4,4,4,1,3.62,0,0,TRUE
Female,Loyal Customer,54,Business Travel,Business,3639,1,1,1,1,2,5,4,5,5,5,5,4,4,3.31,0,0,TRUE
Female,Loyal Customer,50,Business Travel,Business,110,5,3,5,5,2,1,1,3,3,4,4,4,2,3.23,22,24,TRUE
Female,Loyal Customer,17,Business Travel,Eco Plus,372,3,5,5,5,3,3,3,3,4,2,4,1,3,3.38,0,3,FALSE
Female,Disloyal Customer,29,Business Travel,Business,785,2,2,2,4,4,2,3,4,4,3,5,4,4,3.31,0,0,FALSE
Female,Loyal Customer,11,Personal Travel,Eco,853,3,5,3,2,5,3,5,5,3,2,4,5,5,3.85,0,0,FALSE
Male,Loyal Customer,47,Personal Travel,Eco,164,1,4,0,2,5,0,5,5,4,2,4,3,5,3.08,0,3,FALSE
Female,Loyal Customer,45,Personal Travel,Eco Plus,296,2,4,2,2,4,4,4,5,5,2,4,5,4,3.62,0,0,FALSE
Male,Disloyal Customer,23,Business Travel,Eco,685,0,0,0,1,1,0,1,1,4,4,4,5,1,1.69,0,0,TRUE
Male,Loyal Customer,53,Business Travel,Eco,633,5,1,4,1,5,5,5,5,4,3,4,1,5,3.69,12,3,TRUE
Male,Disloyal Customer,22,Business Travel,Eco,337,1,2,1,3,4,1,4,4,2,1,4,1,4,2.46,0,0,FALSE
Female,Disloyal Customer,37,Business Travel,Business,602,2,2,2,2,2,2,2,2,5,3,4,3,2,2.54,0,0,FALSE
Female,Loyal Customer,55,Business Travel,Eco,612,1,5,5,5,4,3,3,1,1,1,1,3,3,2.77,0,0,FALSE
Male,Loyal Customer,46,Business Travel,Business,1948,4,4,2,4,5,5,4,5,5,5,5,3,3,4.15,0,0,TRUE
Female,Loyal Customer,63,Personal Travel,Business,632,3,2,3,4,1,3,4,4,4,3,4,2,4,3.15,17,0,FALSE
Male,Loyal Customer,12,Business Travel,Business,1532,2,2,2,2,5,5,5,5,5,3,5,5,5,3.92,0,0,TRUE
Male,Loyal Customer,63,Business Travel,Business,265,5,5,5,5,5,2,2,5,5,5,5,4,5,4.46,10,2,TRUE
Female,Disloyal Customer,33,Business Travel,Eco,102,2,1,2,4,5,2,2,5,4,1,3,2,5,2.92,0,15,FALSE
Male,Loyal Customer,57,Business Travel,Business,1496,1,1,1,1,3,5,5,4,4,4,4,4,4,3.15,0,15,TRUE
Female,Loyal Customer,35,Business Travel,Business,3943,2,2,2,2,4,5,5,3,3,3,3,3,3,3.08,10,2,TRUE
Male,Loyal Customer,64,Personal Travel,Eco,1416,2,4,2,1,1,2,1,1,4,4,5,3,1,2.38,8,20,FALSE
Female,Disloyal Customer,26,Business Travel,Eco,584,2,1,2,4,1,2,1,1,4,2,4,3,1,2.15,0,0,FALSE
Male,Loyal Customer,29,Business Travel,Business,1959,2,3,3,3,2,2,2,2,4,2,2,3,2,2.46,0,0,FALSE
Female,Loyal Customer,30,Personal Travel,Eco,373,2,5,2,4,3,2,3,3,1,3,3,4,3,2.92,0,7,FALSE
Male,Loyal Customer,38,Personal Travel,Eco,516,2,5,5,1,3,5,1,3,2,4,2,3,3,3,0,0,FALSE
Female,Loyal Customer,50,Personal Travel,Business,1276,3,4,3,2,5,4,5,3,3,3,1,3,4,3.31,0,4,FALSE
Male,Loyal Customer,42,Business Travel,Business,3703,5,5,4,5,5,4,4,4,4,5,4,4,4,4.38,9,8,TRUE
Male,Loyal Customer,42,Business Travel,Business,1797,2,2,2,2,4,4,5,5,5,5,5,5,3,3.77,10,0,TRUE
Female,Loyal Customer,22,Business Travel,Business,1797,4,5,5,5,4,4,4,4,3,2,4,2,4,3.85,0,0,FALSE
Female,Loyal Customer,66,Personal Travel,Eco,629,2,5,2,3,2,4,5,1,1,2,1,5,4,2.85,0,4,FALSE
Female,Loyal Customer,12,Personal Travel,Eco,944,3,4,3,3,4,3,4,4,2,5,2,5,4,3.54,0,3,FALSE
Female,Loyal Customer,28,Business Travel,Business,3885,3,3,3,3,4,4,4,4,4,4,4,5,4,3.77,6,12,TRUE
Female,Loyal Customer,44,Business Travel,Business,2192,3,3,3,3,4,5,5,4,4,5,4,4,3,3.85,27,23,TRUE
Female,Loyal Customer,13,Personal Travel,Eco,1744,2,5,2,2,1,2,1,1,5,2,5,3,1,2.46,3,16,FALSE
Female,Loyal Customer,30,Personal Travel,Eco,1075,2,4,2,3,1,2,1,1,3,5,5,5,1,2.69,0,0,FALSE
Female,Loyal Customer,54,Business Travel,Eco,569,5,5,4,5,4,1,5,5,5,5,5,1,3,4.08,0,10,TRUE
Male,Loyal Customer,28,Business Travel,Business,964,5,5,5,5,4,4,4,4,5,5,4,3,4,4.38,0,8,TRUE
Male,Loyal Customer,45,Business Travel,Business,1389,5,5,5,5,5,4,5,5,5,5,5,5,3,4.77,25,7,TRUE
Male,Loyal Customer,65,Business Travel,Business,3785,2,2,3,2,2,3,4,5,5,5,5,5,2,3.46,0,0,TRUE
Male,Loyal Customer,36,Business Travel,Business,1242,4,4,4,4,2,5,4,5,5,5,5,4,5,4.31,0,0,TRUE
Female,Loyal Customer,36,Personal Travel,Eco,1044,2,4,3,4,2,3,2,2,5,5,4,3,2,3.15,12,9,FALSE
Male,Loyal Customer,25,Personal Travel,Eco,270,1,2,1,4,2,1,2,2,1,2,4,3,2,2.08,9,10,FALSE
Male,Loyal Customer,66,Business Travel,Eco,1947,1,2,5,5,1,1,1,1,1,3,2,1,1,1.92,0,0,FALSE
Female,Loyal Customer,22,Business Travel,Business,2159,3,4,4,4,3,3,3,3,2,3,3,3,3,3.15,9,10,FALSE
Female,Loyal Customer,69,Personal Travel,Eco Plus,531,1,4,1,3,5,5,4,2,2,1,1,3,3,2.69,0,8,FALSE
Male,Loyal Customer,38,Personal Travel,Business,2602,1,4,1,1,5,3,5,2,2,1,2,4,4,2.69,40,1,FALSE
Female,Loyal Customer,12,Business Travel,Business,1670,3,1,1,1,3,3,3,3,2,4,2,2,3,2.38,12,6,FALSE
Female,Loyal Customer,77,Business Travel,Business,1512,1,3,3,3,1,4,4,1,1,1,1,3,4,2.31,22,29,FALSE
Male,Loyal Customer,19,Personal Travel,Eco,1303,4,5,4,1,2,4,2,2,4,5,5,3,2,3.31,35,35,FALSE
Male,Loyal Customer,44,Business Travel,Business,590,2,2,2,2,2,4,4,5,5,5,5,4,4,3.54,0,0,TRUE
Female,Loyal Customer,56,Personal Travel,Eco,1533,5,5,5,2,3,3,4,2,2,5,2,4,4,3.54,0,0,TRUE
Female,Loyal Customer,19,Personal Travel,Eco,191,1,5,1,5,5,1,5,5,5,3,5,5,5,3.92,1,1,FALSE
Female,Disloyal Customer,50,Business Travel,Business,109,1,1,1,4,1,1,1,1,4,4,5,3,1,2.15,0,13,FALSE
Female,Loyal Customer,39,Business Travel,Eco,599,4,4,4,4,4,4,4,4,4,4,2,1,4,3.62,70,65,TRUE
Female,Loyal Customer,31,Business Travel,Eco,433,3,5,5,5,3,4,3,3,1,3,2,2,3,3.23,13,1,TRUE
Male,Loyal Customer,21,Personal Travel,Business,447,1,4,1,5,5,1,5,5,4,2,4,3,5,3.46,86,66,FALSE
Female,Loyal Customer,55,Business Travel,Eco,1618,4,4,4,4,1,4,3,5,5,4,5,2,1,3.54,22,0,FALSE
Female,Loyal Customer,32,Business Travel,Business,680,2,2,2,2,5,5,5,2,4,5,5,5,5,3.77,100,170,TRUE
Male,Loyal Customer,41,Personal Travel,Business,1471,3,5,3,1,2,5,4,3,3,3,3,5,5,3.46,2,14,FALSE
Male,Loyal Customer,16,Business Travel,Business,563,2,2,2,2,4,4,4,4,5,3,5,2,4,3.31,0,7,TRUE
Male,Disloyal Customer,27,Business Travel,Eco,250,3,5,3,5,5,3,3,5,5,4,3,1,5,3.85,89,101,FALSE
Female,Disloyal Customer,38,Business Travel,Business,347,3,3,3,3,3,3,3,3,4,3,5,3,3,3.23,0,0,FALSE
Male,Disloyal Customer,40,Business Travel,Business,356,1,1,1,1,3,1,4,3,2,2,4,1,3,2.08,0,0,FALSE
Male,Loyal Customer,67,Personal Travel,Eco,1262,1,5,1,1,5,1,5,5,3,3,4,3,5,3.23,0,0,FALSE
Male,Loyal Customer,22,Personal Travel,Eco,1144,3,4,3,4,2,3,4,2,5,2,3,5,2,3.23,0,0,FALSE
Female,Loyal Customer,44,Business Travel,Business,1024,2,2,2,2,1,2,1,2,2,2,2,1,4,1.92,0,0,TRUE
Male,Loyal Customer,33,Business Travel,Business,342,5,5,5,5,4,5,4,4,3,3,4,3,4,4.15,13,5,TRUE
Male,Loyal Customer,32,Personal Travel,Eco Plus,817,3,4,3,4,5,3,3,5,2,5,3,2,5,3.62,0,0,FALSE
Male,Loyal Customer,46,Personal Travel,Eco,631,1,4,1,4,3,1,4,3,4,5,5,4,3,3.23,14,55,FALSE
Female,Loyal Customer,59,Personal Travel,Eco,321,3,2,3,4,4,4,4,1,1,3,1,1,1,2.46,0,0,FALSE
Female,Disloyal Customer,33,Business Travel,Business,356,3,3,3,5,3,3,3,3,3,5,5,4,3,3.54,0,3,FALSE
Female,Loyal Customer,36,Business Travel,Eco,190,2,2,2,2,2,2,2,2,1,2,3,3,2,2.08,0,0,FALSE
Female,Loyal Customer,57,Business Travel,Business,472,3,2,3,3,4,2,5,4,4,4,4,3,1,3.23,5,10,TRUE
Male,Loyal Customer,17,Personal Travel,Eco,304,3,4,3,5,1,3,3,1,4,4,5,5,1,3.23,0,0,FALSE
Male,Loyal Customer,53,Business Travel,Business,299,5,5,5,5,5,5,4,4,4,4,4,5,3,4.46,0,6,TRUE
Female,Loyal Customer,24,Business Travel,Business,2143,0,0,0,3,1,1,1,1,5,4,3,5,1,1.92,86,82,TRUE
Female,Loyal Customer,35,Business Travel,Business,1879,4,2,2,2,5,4,3,4,4,4,4,3,3,3.38,13,14,FALSE
Female,Disloyal Customer,27,Business Travel,Eco,528,4,4,4,3,3,4,3,3,4,1,4,4,3,3.38,0,0,FALSE
Female,Loyal Customer,38,Personal Travel,Eco,3784,1,1,1,3,1,4,4,2,4,2,2,4,4,2.54,0,0,FALSE
Male,Loyal Customer,38,Personal Travel,Eco Plus,2288,3,1,2,3,1,2,1,1,1,2,4,2,1,1.85,0,0,FALSE
Female,Loyal Customer,71,Business Travel,Business,3439,3,1,5,1,3,1,2,3,3,3,3,4,2,2.62,0,0,FALSE
Female,Loyal Customer,61,Personal Travel,Eco Plus,1554,2,2,2,3,2,4,3,5,5,2,5,3,1,3,0,2,FALSE
Male,Loyal Customer,38,Personal Travel,Eco,707,3,5,3,5,4,3,4,4,5,2,5,5,4,4,3,0,FALSE
Female,Loyal Customer,55,Personal Travel,Business,280,3,3,4,3,3,2,2,3,3,4,1,1,2,2.62,0,0,FALSE
Female,Disloyal Customer,28,Business Travel,Eco,675,3,3,3,3,2,3,4,2,4,3,3,1,2,2.77,0,0,FALSE
Male,Loyal Customer,51,Business Travel,Business,500,5,5,5,5,5,5,4,3,3,3,3,4,4,4.15,64,50,TRUE
Male,Loyal Customer,40,Business Travel,Business,2907,2,2,2,2,2,5,5,5,5,5,5,5,3,3.69,3,0,TRUE
Male,Loyal Customer,39,Business Travel,Business,1342,1,1,1,1,2,4,5,5,5,5,5,4,3,3.23,0,0,TRUE
Female,Loyal Customer,16,Personal Travel,Eco,647,3,5,3,5,2,3,2,2,2,4,5,4,2,3.23,0,0,FALSE
Male,Loyal Customer,48,Business Travel,Business,569,1,1,1,1,2,2,5,4,4,3,4,3,1,2.46,0,0,TRUE
Female,Loyal Customer,37,Personal Travel,Eco,363,2,3,2,2,3,2,3,3,3,1,2,3,3,2.46,22,8,FALSE
Male,Loyal Customer,25,Business Travel,Eco,348,3,2,2,2,3,3,4,3,1,1,4,3,3,2.62,19,10,FALSE
Male,Loyal Customer,50,Business Travel,Business,1630,0,0,0,2,4,4,5,5,5,5,5,3,3,3.15,6,2,TRUE
Male,Disloyal Customer,27,Business Travel,Business,1120,4,3,3,3,4,3,4,4,4,2,4,4,4,3.54,0,0,FALSE
Male,Loyal Customer,28,Business Travel,Business,1610,2,2,2,2,4,4,4,4,4,2,5,4,4,3.31,0,0,TRUE
Male,Loyal Customer,40,Business Travel,Business,3043,4,2,2,2,3,4,4,1,1,1,4,1,2,2.38,38,29,FALSE
Male,Loyal Customer,29,Personal Travel,Eco,1306,2,3,2,3,4,2,4,4,2,4,4,1,4,3,0,0,FALSE
Female,Disloyal Customer,50,Business Travel,Business,430,2,1,1,1,2,2,2,2,3,2,5,4,2,2.23,0,0,FALSE
Female,Loyal Customer,34,Personal Travel,Eco,1237,3,4,3,4,2,3,2,2,3,4,1,1,2,2.62,34,25,FALSE
Male,Loyal Customer,28,Business Travel,Business,2837,4,5,5,5,4,4,4,4,3,1,2,3,4,3.69,34,37,FALSE
Male,Loyal Customer,25,Business Travel,Business,1805,2,3,3,3,2,2,2,2,3,1,3,3,2,2.38,8,0,FALSE
Male,Loyal Customer,56,Personal Travel,Eco,475,3,4,3,3,5,3,5,5,2,3,3,3,5,3.62,0,0,FALSE
Male,Disloyal Customer,30,Business Travel,Eco,777,2,2,2,5,2,2,2,2,3,5,1,3,2,2.54,0,0,FALSE
Male,Loyal Customer,63,Personal Travel,Eco,1589,1,5,0,2,3,0,3,3,3,4,5,4,3,2.77,0,43,FALSE
Female,Loyal Customer,67,Business Travel,Eco,444,1,2,2,2,5,4,4,2,2,1,2,3,3,2.54,0,0,FALSE
Male,Loyal Customer,54,Business Travel,Business,829,2,2,2,2,5,4,4,4,4,4,4,5,5,3.62,0,0,TRUE
Female,Loyal Customer,51,Business Travel,Business,640,2,2,5,2,3,4,4,3,3,4,3,4,4,3.31,28,20,TRUE
Female,Loyal Customer,44,Business Travel,Business,2562,1,1,1,1,5,4,4,5,5,5,5,3,5,3.46,0,0,TRUE
Male,Loyal Customer,22,Personal Travel,Eco Plus,896,3,4,3,3,4,3,2,4,2,2,2,3,4,3,19,28,FALSE
Female,Loyal Customer,35,Personal Travel,Eco,448,5,5,5,1,4,5,4,4,3,4,5,3,4,4,47,44,TRUE
Female,Loyal Customer,31,Business Travel,Business,190,3,3,3,3,4,4,4,4,2,2,4,1,4,3.15,0,0,TRUE
Male,Loyal Customer,36,Business Travel,Business,3318,5,5,5,5,1,3,4,5,5,5,3,5,3,4.15,9,0,TRUE
Male,Loyal Customer,42,Personal Travel,Eco,1431,1,4,1,5,2,1,5,2,5,2,4,3,2,2.85,0,0,FALSE
Female,Loyal Customer,46,Business Travel,Business,854,5,5,5,5,4,5,1,4,4,4,4,5,5,4.31,0,0,TRUE
Female,Disloyal Customer,23,Business Travel,Eco,402,3,3,3,3,1,3,2,1,1,4,4,2,1,2.38,0,1,FALSE
Female,Loyal Customer,35,Personal Travel,Eco,1065,1,5,1,1,5,1,1,5,3,3,5,5,5,3.15,11,0,FALSE
Female,Disloyal Customer,18,Business Travel,Eco Plus,369,2,4,2,3,3,2,5,3,1,1,4,1,3,2.62,0,0,FALSE
Female,Loyal Customer,34,Personal Travel,Eco,2089,3,5,3,1,3,3,2,3,3,4,4,4,3,3.15,0,0,FALSE
Female,Loyal Customer,56,Personal Travel,Eco,425,5,0,5,3,1,3,5,2,2,5,5,5,2,3.31,2,3,TRUE
Female,Disloyal Customer,33,Business Travel,Eco,189,3,4,2,4,3,2,1,3,3,3,3,4,3,2.92,4,10,FALSE
Female,Loyal Customer,68,Business Travel,Business,305,4,4,4,4,5,3,3,4,4,4,4,3,2,3.69,0,0,TRUE
Female,Loyal Customer,25,Business Travel,Eco Plus,607,4,3,3,3,4,4,3,4,5,3,5,4,4,3.77,8,0,TRUE
Male,Loyal Customer,45,Business Travel,Business,3769,4,3,3,3,1,3,3,4,4,4,4,2,4,3.23,0,0,FALSE
Female,Disloyal Customer,39,Business Travel,Business,369,1,1,1,5,1,1,1,1,1,5,1,2,1,1.69,0,0,FALSE
Male,Disloyal Customer,43,Business Travel,Business,577,3,3,3,2,3,5,5,5,4,5,5,5,5,4.08,921,924,FALSE
Male,Loyal Customer,41,Personal Travel,Eco,534,1,5,1,5,5,1,3,5,3,2,4,3,5,3.31,0,0,FALSE
Male,Disloyal Customer,49,Business Travel,Business,1562,4,5,5,3,2,4,2,2,3,4,5,3,2,3.38,1,4,TRUE
Male,Loyal Customer,64,Business Travel,Business,2342,1,1,1,1,3,2,3,1,1,1,1,4,4,1.85,3,0,FALSE
Male,Loyal Customer,35,Personal Travel,Eco,326,4,4,4,4,5,4,5,5,3,3,4,2,5,4,0,10,FALSE
Female,Loyal Customer,56,Business Travel,Business,227,5,5,5,5,5,1,3,5,5,5,5,3,1,4.08,7,0,TRUE
Female,Disloyal Customer,26,Business Travel,Eco,353,2,5,2,4,4,2,1,4,2,3,5,1,4,3,8,3,FALSE
Female,Loyal Customer,49,Business Travel,Business,270,3,3,3,3,5,5,4,4,4,4,4,3,4,3.77,2,0,TRUE
Female,Loyal Customer,24,Personal Travel,Eco Plus,427,5,2,5,4,3,5,3,3,3,1,4,4,3,3.46,0,0,TRUE
Female,Loyal Customer,26,Business Travel,Eco,694,4,1,2,2,4,4,5,4,5,3,2,4,4,3.38,0,0,TRUE
Female,Loyal Customer,59,Business Travel,Eco,680,1,2,2,2,2,3,3,1,1,1,1,2,4,1.92,9,38,FALSE
Male,Loyal Customer,31,Business Travel,Eco,1417,1,4,4,4,1,1,1,1,3,1,3,1,1,2,0,0,FALSE
Male,Loyal Customer,19,Personal Travel,Eco,483,4,1,4,3,5,4,5,5,2,3,3,1,5,3.46,30,38,FALSE
Male,Loyal Customer,41,Business Travel,Eco,978,2,3,3,3,2,2,2,2,1,4,3,4,2,2.54,0,0,FALSE
Female,Disloyal Customer,40,Business Travel,Business,328,3,3,3,1,3,3,3,3,1,3,3,2,3,2.62,0,0,FALSE
Male,Loyal Customer,52,Business Travel,Business,435,2,2,2,2,3,4,5,4,4,4,4,4,4,3.38,0,0,TRUE
Female,Loyal Customer,48,Business Travel,Business,1874,4,4,2,4,2,4,4,5,5,5,5,2,3,3.77,45,50,TRUE
Male,Loyal Customer,64,Business Travel,Business,328,0,0,0,1,2,5,4,5,5,5,5,2,1,2.69,0,0,TRUE
Female,Loyal Customer,61,Business Travel,Business,337,1,1,1,1,2,4,5,5,5,4,5,5,5,3.38,0,0,TRUE
Male,Loyal Customer,55,Business Travel,Business,1357,3,3,3,3,4,4,5,4,4,4,4,5,3,3.77,0,0,TRUE
Male,Loyal Customer,15,Personal Travel,Eco,358,2,4,2,2,5,2,5,5,3,4,4,5,5,3.69,3,0,FALSE
Male,Loyal Customer,56,Business Travel,Business,1747,4,4,4,4,5,4,5,4,4,4,4,4,5,4.23,0,0,TRUE
Female,Disloyal Customer,27,Business Travel,Business,1389,5,5,5,4,2,5,2,2,4,2,5,5,2,3.69,75,103,TRUE
Male,Loyal Customer,59,Business Travel,Business,1846,5,5,5,5,3,3,5,5,5,5,5,5,4,4.62,0,3,TRUE
Female,Loyal Customer,66,Business Travel,Business,3421,3,3,3,3,2,3,3,3,3,3,3,3,1,2.77,0,0,FALSE
Female,Loyal Customer,59,Business Travel,Eco,835,4,4,2,4,4,4,5,4,4,4,4,3,3,3.77,3,0,TRUE
Female,Loyal Customer,39,Personal Travel,Eco,1756,2,5,2,4,5,2,5,5,1,5,3,5,5,3.77,0,1,FALSE
Female,Loyal Customer,49,Business Travel,Business,1643,3,3,3,3,1,3,3,3,3,3,3,2,3,2.77,18,34,FALSE
Female,Loyal Customer,31,Personal Travel,Eco,584,2,4,2,2,2,2,1,2,4,4,5,3,2,2.69,0,0,FALSE
Male,Loyal Customer,9,Business Travel,Business,1890,1,1,4,1,4,4,4,4,4,2,4,4,4,3.15,0,0,TRUE
Female,Loyal Customer,22,Business Travel,Business,160,1,5,5,5,1,1,1,1,3,2,3,2,1,2.38,0,0,FALSE
Female,Disloyal Customer,21,Business Travel,Eco,1108,3,3,3,2,3,4,4,5,4,3,5,4,4,3.62,0,0,FALSE
Female,Loyal Customer,69,Personal Travel,Eco,1475,3,4,3,3,1,2,3,5,5,3,5,4,3,3.38,0,3,FALSE
Male,Loyal Customer,45,Personal Travel,Eco Plus,1188,4,2,4,3,2,4,2,2,4,3,1,3,2,2.77,0,0,FALSE
Male,Disloyal Customer,35,Business Travel,Eco,1197,3,3,3,1,1,3,1,1,4,4,5,2,1,2.46,0,0,FALSE
Female,Loyal Customer,47,Business Travel,Business,2133,1,1,1,1,4,4,5,3,3,3,3,3,4,2.77,0,0,TRUE
Male,Loyal Customer,61,Personal Travel,Eco,436,2,4,2,5,3,2,3,3,5,5,4,3,3,3.38,24,24,FALSE
Female,Disloyal Customer,37,Business Travel,Eco,548,4,2,4,3,3,4,3,3,4,5,4,1,3,3.31,10,6,FALSE
Female,Loyal Customer,58,Business Travel,Business,2399,2,5,2,2,3,5,4,5,5,5,5,5,5,4.08,2,0,TRUE
Female,Disloyal Customer,25,Business Travel,Eco,67,1,2,1,2,4,1,4,4,1,2,1,1,4,2.15,0,0,FALSE
Male,Loyal Customer,49,Personal Travel,Eco,374,3,4,3,4,3,3,1,3,2,2,2,2,3,2.69,0,0,FALSE
Female,Loyal Customer,32,Personal Travel,Eco,1037,1,4,0,1,5,0,5,5,5,4,5,4,5,3.38,0,0,FALSE
Female,Loyal Customer,55,Business Travel,Business,1235,5,5,5,5,2,5,4,4,4,4,4,4,4,4.23,0,0,TRUE
Male,Loyal Customer,21,Personal Travel,Eco,205,3,1,0,2,5,0,5,5,4,5,2,4,5,3.15,0,0,FALSE
Male,Loyal Customer,49,Personal Travel,Eco Plus,153,2,4,2,3,5,2,5,5,4,2,5,4,5,3.69,12,8,FALSE
Male,Loyal Customer,49,Business Travel,Business,2609,3,3,4,3,3,5,4,5,5,4,5,5,5,4.15,50,37,TRUE
Female,Loyal Customer,55,Business Travel,Business,377,2,3,2,2,1,2,1,5,5,4,5,1,1,2.62,11,0,TRUE
Male,Disloyal Customer,37,Business Travel,Business,835,5,5,5,3,3,5,3,3,4,4,4,3,3,3.85,24,26,TRUE
Male,Loyal Customer,52,Business Travel,Business,2800,3,3,3,3,4,5,5,5,5,5,5,4,5,4.23,0,0,TRUE
Female,Loyal Customer,55,Business Travel,Business,271,4,4,4,4,2,5,5,5,5,5,5,4,3,4.23,0,0,TRUE
Male,Loyal Customer,31,Business Travel,Business,2468,0,4,1,1,1,1,1,1,3,5,1,1,1,1.62,0,0,TRUE
Female,Loyal Customer,24,Personal Travel,Eco,738,1,4,1,3,3,1,2,3,4,4,5,3,3,2.85,51,61,FALSE
Male,Loyal Customer,8,Personal Travel,Eco,447,3,5,3,1,2,3,2,2,4,2,1,3,2,2.54,0,0,FALSE
Male,Loyal Customer,52,Business Travel,Business,1605,2,4,4,4,2,4,4,2,2,2,2,2,2,2.77,0,0,FALSE
Female,Loyal Customer,43,Business Travel,Business,3272,4,2,4,4,4,4,4,3,1,2,4,4,4,3.38,144,148,TRUE
Male,Disloyal Customer,61,Personal Travel,Eco,349,4,5,4,2,5,4,5,5,3,3,5,4,5,4.15,0,0,TRUE
Female,Loyal Customer,11,Personal Travel,Eco,192,1,5,0,4,4,0,4,4,3,3,5,4,4,3.15,8,4,FALSE
Female,Disloyal Customer,30,Business Travel,Eco,1571,1,2,2,3,3,1,3,3,1,1,3,3,3,2.23,45,37,FALSE
Male,Disloyal Customer,39,Business Travel,Eco,594,2,2,2,3,3,2,3,3,2,1,3,4,3,2.54,0,0,FALSE
Male,Loyal Customer,44,Personal Travel,Eco Plus,406,4,4,4,1,2,4,2,2,4,5,4,4,2,3.23,1,0,FALSE
Male,Loyal Customer,57,Personal Travel,Eco,235,3,4,3,2,4,3,4,4,3,5,5,5,4,3.77,0,0,FALSE
Female,Loyal Customer,59,Business Travel,Eco,854,1,3,3,3,3,4,4,1,1,1,1,2,1,2.15,6,0,FALSE
Male,Loyal Customer,40,Business Travel,Business,2189,4,4,4,4,5,4,4,5,5,5,5,3,5,4.38,0,2,TRUE
Female,Loyal Customer,40,Business Travel,Business,528,4,4,4,4,5,5,4,4,4,4,4,5,5,4.31,30,8,TRUE
Female,Loyal Customer,34,Personal Travel,Eco Plus,869,4,1,4,4,4,5,4,3,2,4,4,4,4,3.62,185,170,FALSE
Male,Loyal Customer,38,Business Travel,Business,1025,5,5,5,5,3,5,4,3,3,4,3,4,4,4.08,4,17,TRUE
Female,Loyal Customer,45,Business Travel,Business,3675,4,1,1,1,1,3,3,4,4,4,4,1,2,2.54,0,0,FALSE
Female,Loyal Customer,43,Business Travel,Business,3876,2,1,1,1,1,2,3,2,2,1,2,4,4,2,70,66,FALSE
Male,Loyal Customer,41,Personal Travel,Eco,925,2,2,2,4,3,2,3,3,3,3,3,3,3,2.77,64,53,FALSE
Female,Loyal Customer,30,Business Travel,Business,1747,2,2,2,2,5,5,5,5,4,5,4,3,5,3.77,83,84,TRUE
Male,Loyal Customer,29,Personal Travel,Eco,854,0,4,0,4,0,2,2,3,3,5,5,2,2,2.46,158,222,TRUE
Female,Disloyal Customer,80,Business Travel,Eco,201,2,4,2,5,4,2,4,4,4,3,5,2,4,3.46,0,0,FALSE
Female,Loyal Customer,32,Business Travel,Business,3473,4,4,4,4,4,4,4,4,3,4,5,4,4,4,0,0,TRUE
Female,Loyal Customer,31,Business Travel,Business,1452,5,5,5,5,4,4,4,4,4,1,3,5,4,4.08,25,11,TRUE
Male,Disloyal Customer,24,Business Travel,Eco,957,1,1,1,2,2,1,3,2,1,4,3,3,2,2,0,0,FALSE
Female,Loyal Customer,68,Personal Travel,Eco,1081,2,3,2,1,3,1,3,3,3,2,4,3,4,2.62,0,0,FALSE
Male,Loyal Customer,43,Business Travel,Business,2172,1,1,1,1,4,3,5,4,4,4,4,4,5,3.15,0,0,TRUE
Female,Loyal Customer,25,Personal Travel,Eco,1810,1,4,1,4,4,1,1,4,4,5,4,3,4,3.08,0,0,FALSE
Female,Loyal Customer,31,Business Travel,Business,813,4,4,4,4,4,4,4,4,3,2,5,3,4,3.77,0,0,TRUE
Male,Loyal Customer,11,Personal Travel,Eco,666,2,4,2,4,5,2,5,5,4,1,4,1,5,3.38,0,0,FALSE
Male,Loyal Customer,30,Personal Travel,Eco,237,5,4,0,3,3,0,3,3,3,4,4,1,3,2.77,1,3,TRUE
Female,Loyal Customer,45,Business Travel,Eco,912,1,4,5,4,5,3,3,1,1,1,1,4,2,2.69,0,0,FALSE
Female,Loyal Customer,40,Business Travel,Business,1560,3,3,3,3,5,4,5,4,4,3,4,5,3,3.77,42,42,TRUE
Female,Loyal Customer,46,Business Travel,Business,3601,5,5,5,5,4,2,5,4,4,5,4,1,1,3.85,2,0,TRUE
Male,Loyal Customer,23,Business Travel,Eco,872,4,5,5,5,4,4,4,4,3,5,4,5,4,4.31,117,126,TRUE
Female,Disloyal Customer,22,Business Travel,Eco,431,1,4,1,4,3,1,4,3,1,1,4,1,3,2.38,0,0,FALSE
Female,Loyal Customer,27,Business Travel,Business,2700,1,2,2,2,1,1,1,1,3,1,3,3,1,1.69,0,0,FALSE
Male,Loyal Customer,38,Business Travel,Eco,761,2,5,5,5,2,2,2,2,4,2,2,5,2,3.08,36,26,TRUE
Female,Loyal Customer,54,Business Travel,Business,1652,1,1,1,1,2,4,5,5,5,5,5,3,4,3.23,0,0,TRUE
Male,Loyal Customer,62,Personal Travel,Eco,644,3,4,3,3,4,3,1,4,3,3,1,4,4,3.08,1,4,FALSE
Male,Loyal Customer,53,Business Travel,Business,2232,1,1,5,1,3,5,4,5,5,5,5,4,4,3.69,8,17,TRUE
Male,Loyal Customer,42,Business Travel,Eco,570,4,5,5,5,4,4,4,4,2,4,3,4,4,4,0,0,FALSE
Male,Loyal Customer,42,Business Travel,Business,370,1,4,4,4,2,3,4,1,1,1,1,4,1,2.38,0,2,FALSE
Male,Loyal Customer,35,Business Travel,Business,1482,4,4,4,4,1,4,3,5,5,5,5,5,1,3.85,23,4,TRUE
Male,Loyal Customer,41,Business Travel,Business,692,2,2,2,2,5,5,4,5,5,5,5,5,3,3.85,0,17,TRUE
Female,Loyal Customer,44,Business Travel,Business,2172,1,1,1,1,3,4,4,5,5,5,5,4,5,3.38,0,8,TRUE
Female,Disloyal Customer,21,Business Travel,Eco,501,5,0,5,5,3,5,4,3,4,4,4,5,3,3.85,0,7,TRUE
Female,Disloyal Customer,23,Business Travel,Eco,444,4,3,4,4,1,4,1,1,4,5,3,4,1,3,0,6,FALSE
Female,Loyal Customer,67,Personal Travel,Business,761,1,5,1,5,3,4,4,4,4,1,4,3,5,3.38,4,0,FALSE
Female,Disloyal Customer,16,Business Travel,Eco,405,2,2,2,4,3,2,3,3,3,1,4,3,3,2.69,0,0,FALSE
Male,Loyal Customer,61,Personal Travel,Eco Plus,551,2,4,3,4,5,3,5,5,1,5,3,3,5,3.69,0,0,FALSE
Female,Disloyal Customer,30,Business Travel,Eco,872,3,3,3,3,4,3,4,4,4,3,3,1,4,3.23,17,8,FALSE
Female,Loyal Customer,39,Business Travel,Business,867,1,4,4,4,4,4,3,1,1,1,1,2,1,2.38,27,7,FALSE
Male,Loyal Customer,45,Personal Travel,Eco,864,5,5,5,1,1,5,1,1,3,4,4,5,1,3.15,0,0,TRUE
Male,Loyal Customer,37,Personal Travel,Eco,925,1,2,1,3,4,1,4,4,2,3,3,1,4,2.54,5,0,FALSE
Male,Loyal Customer,26,Business Travel,Eco,1956,5,5,5,5,5,5,5,5,5,3,5,3,5,4.69,0,0,TRUE
Male,Loyal Customer,59,Personal Travel,Business,507,3,1,3,4,1,4,4,3,3,3,3,4,2,2.92,14,37,FALSE
Male,Loyal Customer,37,Business Travel,Business,222,1,1,5,1,1,5,4,4,4,4,4,1,5,3.08,0,0,TRUE
Male,Loyal Customer,69,Business Travel,Business,3766,4,1,1,1,1,3,3,4,4,4,4,3,3,2.77,0,0,FALSE
Male,Loyal Customer,19,Personal Travel,Eco,621,3,4,3,4,3,3,3,3,5,4,5,5,3,3.69,0,0,FALSE
Male,Loyal Customer,30,Business Travel,Business,545,3,3,3,3,3,3,3,3,2,4,4,2,3,3,0,0,FALSE
Female,Loyal Customer,80,Business Travel,Business,3709,2,5,5,5,1,4,3,2,2,2,2,4,4,3.15,31,22,FALSE
Female,Disloyal Customer,27,Business Travel,Eco Plus,602,3,3,3,3,5,3,5,5,2,4,4,2,5,3.62,28,19,FALSE
Male,Loyal Customer,49,Business Travel,Business,3353,2,2,2,2,3,5,4,4,4,4,4,5,3,3.38,73,68,TRUE
Female,Disloyal Customer,36,Business Travel,Eco,231,3,1,2,3,1,2,1,1,2,5,4,3,1,2.23,0,0,FALSE
Female,Loyal Customer,51,Business Travel,Business,602,5,5,5,5,5,5,5,4,4,4,4,3,5,4.54,24,29,TRUE
Female,Loyal Customer,23,Business Travel,Business,744,4,4,4,4,4,4,4,1,3,2,2,4,4,3.38,295,274,FALSE
Female,Loyal Customer,56,Business Travel,Eco,944,2,3,2,3,1,3,3,2,2,2,2,4,4,2.54,19,10,FALSE
Male,Loyal Customer,8,Personal Travel,Eco,772,3,3,3,2,5,3,5,5,3,2,3,3,5,3.46,0,0,FALSE
Male,Loyal Customer,53,Personal Travel,Eco,1431,4,5,4,3,3,4,3,3,4,5,3,3,3,3.62,1,0,TRUE
Male,Loyal Customer,70,Business Travel,Business,271,1,1,2,1,3,4,4,4,4,4,4,4,5,3.15,0,2,TRUE
Female,Loyal Customer,35,Business Travel,Eco,2475,4,5,5,5,4,4,4,4,4,4,4,4,4,4.23,1,18,FALSE
Female,Loyal Customer,48,Business Travel,Business,3145,3,3,3,3,3,5,4,4,4,4,4,5,5,3.85,0,0,TRUE
Male,Loyal Customer,13,Personal Travel,Eco,247,3,5,0,3,2,0,2,2,3,5,4,5,2,2.77,38,31,FALSE
Male,Disloyal Customer,29,Business Travel,Eco,1013,3,3,3,3,1,3,1,1,2,3,3,2,1,2.23,0,0,FALSE
Male,Loyal Customer,48,Business Travel,Business,547,3,3,3,3,2,4,4,4,4,4,4,5,5,3.69,0,0,TRUE
Female,Loyal Customer,47,Business Travel,Eco,854,3,2,2,2,5,1,5,3,3,3,3,3,3,2.92,0,0,TRUE
Female,Loyal Customer,67,Personal Travel,Eco,135,1,2,1,3,3,4,3,3,3,1,1,3,4,2.46,102,91,FALSE
Female,Loyal Customer,55,Business Travel,Business,909,2,2,2,2,3,5,4,5,5,5,5,5,5,3.85,0,0,TRUE
Female,Loyal Customer,47,Business Travel,Business,192,4,4,4,4,2,4,4,5,5,5,5,4,5,4.23,47,36,TRUE
Male,Loyal Customer,44,Business Travel,Business,1562,3,3,3,3,4,5,5,5,5,5,5,5,3,4.15,1,0,TRUE
Female,Loyal Customer,44,Personal Travel,Eco,210,4,1,0,3,5,3,3,3,3,0,1,4,4,2.62,71,79,FALSE
Male,Loyal Customer,61,Business Travel,Business,3992,3,3,3,3,2,4,3,3,3,3,3,2,2,2.85,0,0,FALSE
Female,Loyal Customer,43,Business Travel,Business,205,4,4,4,4,5,4,4,4,4,4,4,4,5,4.15,0,0,TRUE
Male,Loyal Customer,50,Business Travel,Eco,846,4,4,4,4,4,4,4,4,2,3,5,3,4,3.77,0,0,TRUE
Female,Disloyal Customer,24,Business Travel,Eco,1069,5,5,5,3,1,5,1,1,5,2,4,3,1,3.15,0,13,TRUE
Female,Loyal Customer,75,Business Travel,Eco,247,4,1,1,1,2,4,2,4,4,4,4,3,3,2.85,5,0,TRUE
Female,Disloyal Customer,22,Business Travel,Eco,763,2,2,2,4,3,2,5,3,3,3,3,1,3,2.77,8,15,FALSE
Female,Loyal Customer,26,Business Travel,Business,2237,3,3,3,3,3,4,3,3,4,3,4,3,3,3.23,0,0,TRUE
Female,Loyal Customer,22,Business Travel,Business,2369,5,5,5,5,4,4,4,4,2,3,4,4,4,4.08,0,0,TRUE
Female,Loyal Customer,47,Business Travel,Eco,563,3,1,1,1,4,2,3,3,3,3,3,1,4,2.46,0,13,FALSE
Male,Loyal Customer,20,Business Travel,Eco,201,5,4,4,4,5,5,5,5,4,3,5,5,5,4.54,0,5,TRUE
Female,Loyal Customer,25,Personal Travel,Eco,223,4,2,0,1,5,0,5,5,1,1,2,1,5,2.46,45,29,FALSE
Male,Loyal Customer,54,Personal Travel,Eco,436,2,4,2,2,2,2,2,2,5,3,4,5,2,2.85,0,0,FALSE
Female,Loyal Customer,26,Personal Travel,Eco,108,5,4,5,5,5,5,5,5,5,4,5,3,5,4.69,0,0,TRUE
Female,Loyal Customer,46,Business Travel,Business,1521,5,5,5,5,3,5,5,5,5,5,5,4,3,4.62,0,0,TRUE
Male,Loyal Customer,18,Personal Travel,Eco,1576,3,5,3,1,5,3,4,5,3,5,4,4,5,3.85,0,2,FALSE
Female,Loyal Customer,44,Business Travel,Business,888,1,2,5,2,5,3,3,1,1,1,1,4,3,2.46,0,0,FALSE
Male,Loyal Customer,41,Business Travel,Eco,503,3,5,3,5,3,3,3,3,3,5,3,2,3,3.38,0,2,FALSE
Male,Loyal Customer,37,Business Travel,Business,1048,5,5,5,5,2,1,2,4,4,4,4,5,2,3.69,0,3,TRUE
Female,Disloyal Customer,27,Business Travel,Eco,472,2,2,2,3,1,2,1,1,4,3,3,1,1,2,103,108,FALSE
Male,Loyal Customer,34,Personal Travel,Eco,67,1,4,1,3,1,5,5,4,5,5,4,5,5,3.69,202,194,FALSE
Female,Loyal Customer,42,Business Travel,Business,849,2,1,1,1,2,4,3,2,2,2,2,1,1,1.85,0,0,FALSE
Male,Loyal Customer,23,Personal Travel,Eco,201,3,3,3,3,5,3,5,5,2,1,3,1,5,3.23,0,0,FALSE
Female,Disloyal Customer,25,Business Travel,Business,223,4,0,4,1,1,4,1,1,4,4,4,4,1,2.54,20,17,TRUE
Female,Loyal Customer,53,Personal Travel,Eco,1448,2,3,2,3,3,5,4,5,5,2,5,4,1,3.38,0,0,FALSE
Female,Loyal Customer,28,Personal Travel,Eco,991,3,4,3,4,5,3,5,5,5,5,5,4,5,4.31,22,14,FALSE
Male,Loyal Customer,38,Business Travel,Eco,346,3,5,5,5,3,3,3,3,1,1,1,4,3,3.08,0,21,TRUE
Male,Loyal Customer,15,Business Travel,Business,3493,5,5,5,5,5,5,5,5,2,5,1,3,5,4.31,0,0,TRUE
Male,Loyal Customer,57,Personal Travel,Eco,404,4,3,4,1,3,4,3,3,5,5,3,4,3,3.46,0,0,TRUE
Female,Disloyal Customer,41,Business Travel,Eco Plus,2419,3,3,3,1,3,4,4,1,1,4,1,4,4,2.77,10,26,FALSE
Male,Loyal Customer,43,Personal Travel,Eco,1972,1,5,1,5,3,1,3,3,3,5,5,4,3,3.23,0,0,FALSE
Male,Loyal Customer,32,Personal Travel,Eco,650,4,5,4,4,3,4,3,3,5,3,3,2,3,3.54,18,9,FALSE
Female,Disloyal Customer,45,Business Travel,Eco,356,2,3,2,3,3,2,3,3,1,1,4,2,3,2.46,0,0,FALSE
Female,Loyal Customer,39,Business Travel,Business,3801,2,2,2,2,4,4,4,2,1,3,2,4,4,2.77,0,0,TRUE
Female,Loyal Customer,8,Business Travel,Business,585,2,1,2,1,2,2,2,2,1,1,4,3,2,1.92,3,0,FALSE
Male,Loyal Customer,42,Business Travel,Business,599,3,3,3,3,4,5,1,5,5,5,5,1,4,3.62,25,26,TRUE
Male,Loyal Customer,12,Business Travel,Business,1390,2,2,2,2,4,4,4,4,4,3,4,4,4,3.31,15,0,TRUE
Female,Loyal Customer,47,Business Travel,Business,835,2,4,4,4,2,4,3,2,2,2,2,4,4,3,0,23,FALSE
Female,Disloyal Customer,20,Business Travel,Eco,1250,4,4,4,1,4,5,5,5,3,5,1,5,5,3.92,196,170,TRUE
Female,Loyal Customer,43,Personal Travel,Eco,226,4,5,4,1,3,5,4,5,5,4,5,3,3,3.92,0,1,FALSE
Female,Loyal Customer,56,Business Travel,Eco,534,4,1,1,1,3,4,4,4,4,4,4,4,1,3,15,6,FALSE
Male,Loyal Customer,38,Personal Travel,Eco,253,3,4,3,5,4,3,4,4,4,1,1,1,4,3.15,0,3,FALSE
Male,Disloyal Customer,27,Business Travel,Business,2917,2,2,2,3,1,2,1,1,3,2,4,3,1,2.08,0,0,FALSE
Male,Loyal Customer,44,Business Travel,Business,1900,2,2,2,2,3,4,4,4,4,4,4,5,3,3.31,1,6,TRUE
Male,Disloyal Customer,37,Business Travel,Business,433,3,3,3,4,5,3,5,5,4,3,5,4,5,4,0,0,FALSE
Female,Loyal Customer,40,Business Travel,Eco,735,3,3,3,3,3,3,3,3,3,5,4,2,3,3.15,0,0,FALSE
Female,Loyal Customer,34,Personal Travel,Eco,802,1,5,1,3,1,1,1,1,3,2,3,1,1,1.85,0,0,FALSE
Male,Loyal Customer,23,Business Travel,Business,3395,4,5,5,5,4,4,4,4,2,2,4,2,4,3.77,0,0,FALSE
Female,Loyal Customer,58,Personal Travel,Eco,1440,1,4,1,1,5,3,5,5,5,1,5,5,5,3.54,2,0,FALSE
Female,Loyal Customer,52,Business Travel,Business,1855,3,3,3,3,4,5,5,5,5,5,5,3,4,4.08,0,0,TRUE
Female,Disloyal Customer,23,Business Travel,Eco Plus,405,3,2,3,4,3,3,3,3,4,2,4,2,3,3,5,6,FALSE
Male,Loyal Customer,28,Personal Travel,Eco,500,2,4,2,1,4,2,5,4,5,3,4,5,4,3.46,0,0,FALSE
Male,Loyal Customer,46,Business Travel,Eco,283,3,3,3,3,3,3,3,3,3,3,3,3,3,3,8,10,FALSE
Male,Loyal Customer,55,Business Travel,Business,3530,5,5,5,5,2,5,5,4,4,4,4,3,4,4.23,0,0,TRUE
Female,Loyal Customer,60,Business Travel,Eco,776,4,3,3,3,3,1,5,4,4,4,4,3,3,3.38,12,3,TRUE
Male,Loyal Customer,50,Personal Travel,Eco,925,0,4,0,1,3,0,3,3,3,2,5,1,3,2.15,0,0,TRUE
Male,Loyal Customer,22,Personal Travel,Eco,228,3,4,3,4,2,3,2,2,3,3,4,1,2,2.77,0,0,FALSE
Male,Loyal Customer,46,Personal Travel,Eco,908,0,3,0,1,5,0,3,5,1,5,1,3,5,2.46,0,0,TRUE
Male,Disloyal Customer,14,Business Travel,Business,1083,2,2,2,3,3,2,3,3,1,3,4,1,3,2.46,8,9,FALSE
Female,Loyal Customer,60,Business Travel,Business,2078,4,4,4,4,5,2,3,4,4,4,4,2,4,3.69,0,0,TRUE
Male,Loyal Customer,47,Business Travel,Business,1501,1,1,1,1,4,5,4,4,4,4,4,4,3,3.08,0,0,TRUE
Female,Disloyal Customer,15,Business Travel,Eco,312,3,4,3,3,5,3,5,5,4,3,4,4,5,3.92,75,87,FALSE
Female,Disloyal Customer,26,Business Travel,Eco,1345,3,3,3,2,3,3,3,3,2,3,2,4,3,2.85,0,0,FALSE
Male,Loyal Customer,32,Business Travel,Business,1452,1,1,1,1,5,5,5,5,3,4,5,2,5,3.31,2,0,TRUE
Female,Loyal Customer,59,Business Travel,Business,86,0,4,0,5,2,5,5,1,1,1,1,4,3,2.46,8,3,TRUE
Male,Loyal Customer,67,Personal Travel,Business,616,3,5,3,1,1,3,5,3,3,3,3,5,1,3,27,26,FALSE
Female,Disloyal Customer,38,Business Travel,Business,436,2,2,2,3,4,2,4,4,1,2,4,4,4,2.92,0,0,FALSE
Female,Loyal Customer,52,Personal Travel,Eco,501,3,2,3,4,5,3,3,2,2,3,2,4,1,2.85,0,0,FALSE
Male,Loyal Customer,35,Personal Travel,Eco,187,5,5,0,5,2,0,2,2,4,3,5,4,2,3,0,0,TRUE
Female,Disloyal Customer,27,Business Travel,Eco Plus,546,3,3,3,4,5,3,3,5,1,3,4,2,5,3.38,0,0,FALSE
Male,Loyal Customer,49,Business Travel,Eco,544,3,1,1,1,3,3,3,3,1,5,4,5,3,2.77,0,0,TRUE
Male,Loyal Customer,9,Personal Travel,Eco,337,3,1,3,3,3,3,3,3,2,1,2,4,3,2.62,23,20,FALSE
Female,Disloyal Customer,26,Business Travel,Eco,584,4,5,3,2,4,3,2,4,4,2,4,1,4,3.23,0,0,FALSE
Female,Loyal Customer,29,Personal Travel,Eco,857,3,1,3,4,3,3,3,3,1,4,4,1,3,2.77,38,16,FALSE
Female,Loyal Customer,68,Personal Travel,Eco,524,2,3,2,5,4,4,5,4,4,2,4,5,4,3.69,119,118,FALSE
Female,Loyal Customer,29,Business Travel,Business,1276,3,3,3,3,4,4,4,4,5,4,4,4,4,3.77,0,0,TRUE
Female,Loyal Customer,37,Personal Travel,Eco,393,0,2,0,3,3,0,3,3,3,5,4,4,3,2.54,0,0,TRUE
Female,Loyal Customer,28,Business Travel,Business,1557,2,4,2,2,2,2,2,2,1,2,3,2,2,2.15,20,20,FALSE
Male,Disloyal Customer,27,Business Travel,Business,528,4,4,4,2,2,4,2,2,4,4,4,3,2,3.15,4,0,TRUE
Male,Loyal Customer,41,Personal Travel,Eco,711,2,5,2,3,4,2,5,4,4,2,2,2,4,3.15,0,0,FALSE
Male,Disloyal Customer,35,Business Travel,Eco,1342,1,1,1,4,1,1,1,1,3,5,3,3,1,2,69,67,FALSE
Female,Disloyal Customer,34,Business Travel,Eco,282,2,3,2,4,4,2,4,4,1,3,4,2,4,3,6,7,FALSE
Male,Loyal Customer,58,Personal Travel,Eco Plus,399,4,4,4,4,5,4,5,5,3,5,3,4,5,4.23,0,0,FALSE
Male,Loyal Customer,50,Personal Travel,Eco Plus,719,4,5,4,3,3,4,3,3,5,4,5,4,3,3.85,3,4,TRUE
Female,Loyal Customer,43,Business Travel,Business,408,1,1,1,1,3,4,4,4,4,4,4,3,5,3,0,0,TRUE
Male,Loyal Customer,32,Personal Travel,Eco,399,1,5,1,1,3,1,2,3,4,4,5,5,3,2.92,3,26,FALSE
Male,Disloyal Customer,24,Business Travel,Eco,733,3,3,3,3,4,3,2,4,5,4,5,5,4,3.69,0,0,FALSE
Male,Loyal Customer,28,Personal Travel,Eco,327,1,0,2,1,3,2,3,3,3,4,5,5,3,2.69,25,27,FALSE
Female,Loyal Customer,56,Business Travel,Business,2509,3,3,3,3,4,5,5,3,3,4,3,4,5,3.69,27,36,TRUE
Female,Loyal Customer,29,Business Travel,Eco Plus,991,3,3,3,3,3,3,3,3,3,4,3,1,3,2.92,9,0,FALSE
Female,Loyal Customer,35,Personal Travel,Eco,516,3,1,3,4,4,3,4,4,1,5,4,3,4,3.31,0,0,FALSE
Female,Loyal Customer,11,Personal Travel,Business,190,3,3,3,3,3,3,3,3,1,3,2,3,3,2.77,17,5,FALSE
Male,Loyal Customer,24,Business Travel,Business,1947,3,4,4,4,3,3,3,3,4,1,1,3,3,3,370,341,FALSE
Female,Loyal Customer,30,Business Travel,Eco,1020,2,2,2,2,2,2,2,2,2,1,2,2,2,1.92,36,35,FALSE
Male,Loyal Customer,61,Personal Travel,Eco,460,3,5,3,3,3,3,3,3,5,3,5,5,3,3.62,0,0,FALSE
Female,Disloyal Customer,23,Business Travel,Eco,1020,1,1,1,3,1,1,1,1,4,4,5,4,1,2.15,0,0,FALSE
Female,Loyal Customer,20,Personal Travel,Eco,258,4,3,4,4,2,4,2,2,3,5,4,1,2,3.08,2,0,FALSE
Male,Loyal Customer,35,Business Travel,Eco,139,2,1,1,1,2,2,2,2,3,1,4,3,2,2,0,6,FALSE
Female,Disloyal Customer,27,Business Travel,Business,2125,3,3,3,2,3,3,3,3,3,5,5,3,3,3.23,0,0,FALSE
Female,Loyal Customer,13,Personal Travel,Eco,515,3,1,3,3,2,3,2,2,1,3,3,1,2,2.23,39,48,FALSE
Female,Loyal Customer,47,Personal Travel,Eco,687,1,4,1,3,3,5,5,3,3,1,3,5,4,3.15,62,49,FALSE
Female,Loyal Customer,41,Business Travel,Business,3106,4,2,4,4,5,1,5,4,4,4,4,5,4,3.85,129,107,TRUE
Male,Loyal Customer,58,Business Travel,Business,3681,5,5,5,5,2,5,5,5,5,5,5,4,5,4.69,0,0,TRUE
Female,Disloyal Customer,30,Business Travel,Eco,432,2,3,2,3,2,2,2,2,3,2,4,4,2,2.54,6,4,FALSE
Female,Loyal Customer,41,Personal Travel,Eco,1061,4,4,4,4,4,4,2,4,3,4,4,4,4,3.77,7,0,FALSE
Female,Loyal Customer,47,Business Travel,Business,2518,5,5,5,5,2,5,4,3,3,3,3,4,5,4,0,0,TRUE
Female,Loyal Customer,33,Business Travel,Business,412,2,2,2,2,4,5,5,5,5,5,5,2,2,3.54,0,0,TRUE
Male,Loyal Customer,57,Business Travel,Business,595,2,2,2,2,3,4,5,4,4,4,4,4,5,3.46,0,0,TRUE
Female,Loyal Customer,58,Business Travel,Business,1510,0,5,1,3,3,3,2,2,2,2,2,2,1,2.15,0,0,TRUE
Male,Loyal Customer,24,Business Travel,Eco Plus,1576,3,3,3,3,3,4,3,3,4,4,2,1,3,3,0,0,TRUE
Female,Loyal Customer,48,Business Travel,Business,2684,1,1,1,1,3,5,4,5,5,5,5,4,3,3.31,0,0,TRUE
Female,Loyal Customer,39,Personal Travel,Eco,226,2,4,2,1,5,2,5,5,3,2,5,4,5,3.46,0,0,FALSE
Male,Loyal Customer,19,Business Travel,Business,3205,2,5,5,5,2,2,2,2,3,4,4,1,2,3,0,6,FALSE
Male,Loyal Customer,36,Business Travel,Business,2614,4,4,4,4,2,4,4,5,5,5,5,4,3,4.08,0,11,TRUE
Female,Loyal Customer,51,Business Travel,Eco,1023,4,3,3,3,2,3,4,4,4,4,4,2,2,3.23,0,0,TRUE
Female,Loyal Customer,41,Business Travel,Business,2926,1,1,1,1,5,5,5,3,5,5,4,5,5,3.54,159,157,TRUE
Female,Loyal Customer,40,Business Travel,Eco,212,5,3,3,3,5,5,5,5,4,1,2,4,5,3.85,15,8,TRUE
Male,Loyal Customer,43,Business Travel,Eco,589,4,3,3,3,4,4,4,4,3,3,1,3,4,3.31,0,0,TRUE
Female,Loyal Customer,36,Business Travel,Eco,1576,1,4,1,4,1,1,1,1,3,4,2,2,1,2,0,2,FALSE
Male,Loyal Customer,39,Business Travel,Business,907,3,3,3,3,1,2,3,3,3,3,3,3,1,2.62,10,5,FALSE
Female,Loyal Customer,26,Business Travel,Business,639,2,2,2,2,5,5,5,5,4,3,4,4,5,3.69,17,11,TRUE
Female,Disloyal Customer,13,Personal Travel,Eco,781,1,5,1,5,5,1,3,5,3,5,5,5,5,3.77,0,0,FALSE
Male,Loyal Customer,25,Personal Travel,Eco,1452,3,5,3,2,3,3,3,3,5,5,4,5,3,3.62,13,8,FALSE
Male,Loyal Customer,17,Personal Travel,Eco Plus,391,4,4,4,4,4,4,4,4,4,5,4,1,4,3.85,0,0,TRUE
Female,Disloyal Customer,24,Business Travel,Business,337,4,5,4,4,1,4,1,1,2,1,3,2,1,2.54,4,5,TRUE
Female,Loyal Customer,20,Personal Travel,Eco,1250,2,2,2,3,3,2,1,3,1,2,4,2,3,2.31,0,0,FALSE
Female,Loyal Customer,39,Business Travel,Business,3509,5,3,5,5,2,4,5,5,5,5,4,4,3,4.23,32,47,TRUE
Female,Loyal Customer,7,Personal Travel,Eco,302,5,2,1,3,5,1,5,5,2,4,3,3,5,3.38,0,0,TRUE
Female,Disloyal Customer,25,Business Travel,Business,603,4,4,5,4,5,5,5,5,3,4,5,5,5,4.54,0,0,TRUE
Male,Loyal Customer,20,Personal Travel,Eco,651,4,1,4,4,4,1,1,4,4,4,4,1,1,2.85,144,137,FALSE
Female,Loyal Customer,51,Business Travel,Business,258,3,2,2,2,1,2,3,3,3,3,3,3,4,2.62,0,0,FALSE
Male,Loyal Customer,24,Business Travel,Eco,986,2,3,3,3,2,2,3,2,2,2,4,1,2,2.38,34,12,FALSE
Male,Loyal Customer,41,Business Travel,Business,1710,2,2,2,2,4,5,4,3,3,3,3,3,4,3.08,0,0,TRUE
Male,Loyal Customer,9,Personal Travel,Eco Plus,1671,3,3,3,2,4,3,4,4,1,4,1,2,4,2.92,0,0,FALSE
Female,Loyal Customer,46,Business Travel,Eco,209,5,3,3,3,5,2,4,5,5,5,5,2,5,4,32,38,TRUE
Male,Loyal Customer,56,Business Travel,Business,4000,1,1,1,1,4,5,3,4,4,4,4,1,5,2.92,47,55,TRUE
Male,Disloyal Customer,24,Business Travel,Business,581,0,0,0,1,4,0,5,4,4,4,4,3,4,2.54,0,0,TRUE
Male,Loyal Customer,30,Business Travel,Business,1802,1,1,1,1,4,4,4,4,5,4,4,5,4,3.23,0,0,TRUE
Male,Loyal Customer,15,Personal Travel,Eco,403,3,5,4,3,4,4,4,4,4,5,5,3,4,4,0,0,FALSE
Female,Loyal Customer,62,Business Travel,Business,2989,2,2,4,2,4,3,5,4,4,4,4,5,2,3.46,0,0,TRUE
Male,Loyal Customer,42,Business Travel,Business,2116,5,5,2,5,5,5,5,3,3,3,3,4,3,3.92,0,0,TRUE
Female,Loyal Customer,19,Personal Travel,Eco,762,1,5,1,4,4,1,4,4,3,3,4,4,4,3.23,102,112,FALSE
Female,Loyal Customer,60,Personal Travel,Eco,541,2,4,2,1,3,4,4,5,5,2,5,5,4,3.54,37,25,FALSE
Male,Loyal Customer,32,Business Travel,Eco,308,5,1,1,1,5,5,5,5,2,1,5,1,5,3.23,0,0,TRUE
Female,Loyal Customer,58,Business Travel,Business,3206,4,4,4,4,5,4,5,2,2,2,2,4,4,3.54,9,0,TRUE
Male,Disloyal Customer,37,Business Travel,Eco,859,4,4,4,3,4,4,4,4,4,2,4,5,4,3.85,0,0,FALSE
Female,Loyal Customer,23,Business Travel,Business,1993,2,5,5,5,2,2,2,2,1,3,3,2,2,2.77,0,0,FALSE
Male,Loyal Customer,40,Business Travel,Business,2704,2,2,2,2,4,3,5,5,5,5,5,4,5,3.77,0,0,TRUE
Female,Loyal Customer,53,Personal Travel,Eco,756,1,5,1,1,3,5,4,1,1,1,1,5,5,2.62,39,29,FALSE
Male,Disloyal Customer,21,Business Travel,Eco,491,1,0,1,3,4,1,4,4,3,5,4,3,4,2.85,0,0,FALSE
Male,Loyal Customer,45,Personal Travel,Eco,370,4,4,4,1,2,4,2,2,4,2,5,5,2,3.15,44,28,FALSE
Female,Loyal Customer,47,Personal Travel,Eco,216,1,4,1,4,2,4,4,4,4,1,4,2,1,2.77,4,12,FALSE
Male,Disloyal Customer,37,Business Travel,Eco,434,2,2,2,3,5,2,5,5,3,1,3,2,5,3.08,19,14,FALSE
Female,Loyal Customer,52,Business Travel,Business,590,2,2,2,2,2,5,5,3,3,3,3,3,4,3,1,0,TRUE
Female,Loyal Customer,51,Business Travel,Business,1056,4,4,4,4,5,5,5,3,3,5,5,5,5,4.38,0,18,TRUE
Male,Disloyal Customer,27,Business Travel,Business,1088,3,3,3,1,2,3,2,2,3,1,2,1,2,2.15,0,9,FALSE
Male,Disloyal Customer,38,Business Travel,Business,401,3,3,3,2,5,3,5,5,4,3,4,4,5,3.77,26,14,TRUE
Female,Loyal Customer,21,Personal Travel,Eco,130,5,3,5,4,4,5,5,4,4,1,4,2,4,3.85,4,0,TRUE
Female,Loyal Customer,54,Business Travel,Business,594,5,5,5,5,2,5,4,4,4,4,4,4,3,4.15,10,27,TRUE
Male,Loyal Customer,39,Business Travel,Business,1096,3,3,3,3,5,4,5,5,5,5,5,3,4,4.08,0,0,TRUE
Male,Loyal Customer,26,Business Travel,Eco,936,5,4,4,4,5,5,3,5,4,3,4,2,5,4.08,0,43,TRUE
Female,Loyal Customer,24,Business Travel,Business,3581,3,2,2,2,3,3,3,3,2,3,4,2,3,2.69,8,3,FALSE
Female,Loyal Customer,36,Business Travel,Eco,223,5,2,2,2,5,4,5,5,2,1,3,3,5,3.38,0,0,FALSE
Female,Disloyal Customer,72,Business Travel,Business,122,3,3,3,4,3,3,3,3,2,5,3,4,3,3.23,0,0,FALSE
Female,Loyal Customer,56,Business Travel,Business,1340,3,3,3,3,2,4,4,5,5,5,5,3,5,3.85,2,0,TRUE
Female,Loyal Customer,49,Personal Travel,Eco,651,1,2,1,3,3,1,3,4,4,1,4,2,3,2.46,0,0,FALSE
Female,Disloyal Customer,46,Business Travel,Business,2556,3,3,3,3,1,3,1,1,4,5,5,5,1,2.92,1,0,FALSE
Male,Loyal Customer,31,Business Travel,Business,1616,5,5,5,5,4,4,4,4,3,4,5,5,4,4.38,0,0,TRUE
Female,Loyal Customer,57,Business Travel,Eco,184,5,1,2,1,1,3,3,5,5,5,5,5,1,3.23,0,0,TRUE
Male,Loyal Customer,12,Personal Travel,Eco,605,4,4,4,4,5,4,5,5,4,5,5,3,5,4.38,6,0,TRUE
Female,Loyal Customer,57,Business Travel,Business,672,4,3,2,3,2,2,3,4,4,3,4,4,4,3.23,0,0,FALSE
Female,Loyal Customer,68,Personal Travel,Eco,473,1,3,1,3,5,4,3,3,3,1,3,3,2,2.69,0,0,FALSE
Female,Loyal Customer,52,Business Travel,Business,1711,2,2,2,2,5,4,5,2,2,2,2,4,5,3,0,0,TRUE
Female,Loyal Customer,64,Business Travel,Business,977,5,5,5,5,2,4,2,4,4,3,4,4,4,3.92,0,0,TRUE
Female,Loyal Customer,64,Personal Travel,Eco,1173,3,5,3,1,5,5,5,3,3,3,3,5,5,3.77,79,80,FALSE
Male,Loyal Customer,7,Personal Travel,Business,237,2,5,2,4,1,2,1,1,4,2,4,5,1,2.62,2,0,FALSE
Female,Loyal Customer,41,Business Travel,Business,2259,4,4,4,4,3,5,5,5,5,5,5,4,3,4.31,112,102,TRUE
Male,Disloyal Customer,17,Business Travel,Eco,621,3,0,3,3,1,3,1,1,4,3,4,5,1,2.46,0,0,FALSE
Male,Loyal Customer,57,Personal Travel,Eco,157,2,5,0,2,5,0,5,5,4,5,5,5,5,3.69,8,0,FALSE
Female,Disloyal Customer,20,Business Travel,Eco,438,3,4,3,3,3,3,3,3,2,3,3,4,3,3.08,95,104,FALSE
Male,Disloyal Customer,22,Business Travel,Eco,413,2,0,2,5,1,2,1,1,4,5,3,4,1,2.38,0,0,FALSE
Male,Loyal Customer,38,Business Travel,Business,2034,4,4,2,4,3,4,4,5,5,5,5,4,5,4.15,0,0,TRUE
Male,Loyal Customer,64,Business Travel,Business,301,1,1,1,1,4,2,4,5,5,5,5,3,4,3.15,111,113,TRUE
Male,Loyal Customer,15,Personal Travel,Eco,325,2,4,2,2,2,2,5,2,4,2,4,5,2,2.92,0,0,FALSE
Female,Loyal Customer,33,Personal Travel,Eco,692,3,5,3,4,3,3,2,3,5,4,5,4,3,3.62,0,0,FALSE
Male,Loyal Customer,29,Business Travel,Business,1183,3,4,4,4,3,3,3,3,2,5,4,2,3,3.31,0,0,FALSE
Female,Loyal Customer,32,Personal Travel,Eco Plus,1357,1,5,1,3,5,1,5,5,5,4,4,4,5,3.69,3,13,FALSE
Female,Loyal Customer,46,Business Travel,Eco,449,3,1,1,1,3,3,3,4,4,3,4,4,2,2.77,4,0,FALSE
Male,Loyal Customer,55,Personal Travel,Eco,373,3,0,3,5,4,3,4,4,4,3,5,3,4,3.46,0,0,FALSE
Female,Loyal Customer,68,Business Travel,Business,351,3,2,2,2,4,3,3,3,3,3,3,1,3,2.69,0,0,FALSE
Female,Loyal Customer,70,Personal Travel,Eco Plus,349,2,4,2,4,2,4,5,5,5,2,5,4,3,3.62,0,0,FALSE
Female,Disloyal Customer,22,Business Travel,Eco,541,2,4,2,5,3,2,3,3,5,3,4,4,3,3.31,0,0,FALSE
Male,Loyal Customer,49,Business Travel,Business,2556,2,2,3,2,5,5,5,5,5,5,4,5,5,4.08,0,0,TRUE
Female,Disloyal Customer,42,Business Travel,Eco,2153,4,4,4,4,4,4,4,4,1,3,3,1,4,3.38,2,0,FALSE
Male,Loyal Customer,47,Personal Travel,Eco,2182,4,3,5,2,3,5,3,3,4,3,3,5,3,3.54,1,0,FALSE
Male,Loyal Customer,41,Business Travel,Eco Plus,978,5,3,5,3,5,5,5,5,2,1,3,3,5,3.85,0,0,TRUE
Female,Disloyal Customer,29,Business Travel,Eco Plus,655,4,4,4,4,5,4,5,5,3,5,3,2,5,4.08,0,0,FALSE
Female,Loyal Customer,45,Business Travel,Eco,1041,4,2,2,2,4,4,2,4,4,4,4,3,3,3.23,0,0,TRUE
Female,Loyal Customer,14,Personal Travel,Eco,109,2,5,2,3,5,2,5,5,3,3,4,2,5,3.54,0,0,FALSE
Male,Loyal Customer,57,Business Travel,Business,1966,1,4,4,4,3,3,4,1,1,2,1,3,3,2.62,4,3,FALSE
Female,Loyal Customer,45,Business Travel,Business,861,2,1,2,2,4,3,4,2,2,2,2,3,4,2.54,0,0,FALSE
Female,Loyal Customer,69,Personal Travel,Eco,936,4,3,5,3,3,2,2,5,5,5,2,3,3,3.46,0,0,FALSE
Male,Loyal Customer,39,Business Travel,Business,3755,3,3,3,3,5,5,5,5,5,5,1,5,5,4.08,151,150,TRUE
Female,Loyal Customer,58,Personal Travel,Eco Plus,528,3,4,3,4,5,4,4,2,2,3,2,3,4,3.31,47,25,FALSE
Female,Loyal Customer,45,Business Travel,Eco,696,3,5,5,5,4,4,4,2,2,3,2,4,2,3.46,1,0,FALSE
Female,Loyal Customer,44,Business Travel,Business,2749,0,5,0,2,3,4,5,5,5,5,5,4,3,3.54,0,12,TRUE
Male,Disloyal Customer,27,Business Travel,Business,1299,4,4,4,3,3,4,3,3,3,3,5,3,3,3.46,27,17,TRUE
Female,Loyal Customer,60,Personal Travel,Eco,399,2,2,2,2,5,2,2,5,5,2,5,4,2,3.08,33,30,FALSE
Female,Loyal Customer,12,Personal Travel,Eco,848,2,5,2,4,1,2,1,1,5,2,4,3,1,2.54,0,3,FALSE
Male,Loyal Customer,11,Personal Travel,Eco,937,2,5,2,2,2,2,2,2,4,2,5,4,2,2.77,11,0,FALSE
Female,Loyal Customer,23,Business Travel,Business,2712,2,1,1,1,2,2,2,2,4,1,4,4,2,2.15,0,0,FALSE
Female,Disloyal Customer,11,Business Travel,Eco,907,2,2,2,5,2,2,2,2,5,5,4,3,2,2.92,0,0,FALSE
Female,Loyal Customer,59,Personal Travel,Eco,1721,3,3,3,4,4,4,4,4,4,3,4,1,3,3.38,9,0,FALSE
Female,Disloyal Customer,33,Business Travel,Eco,672,3,3,3,1,5,3,5,5,3,5,2,3,5,3.54,1,0,FALSE
Female,Disloyal Customer,27,Business Travel,Eco,213,4,2,4,1,2,4,2,2,2,1,1,4,2,2.38,6,4,FALSE
Male,Loyal Customer,37,Business Travel,Eco,1265,5,4,4,4,5,5,5,5,5,4,5,1,5,4.38,0,0,TRUE
Male,Loyal Customer,37,Business Travel,Eco,163,3,2,3,3,3,3,3,3,4,2,3,3,3,2.92,0,3,FALSE
Male,Loyal Customer,44,Personal Travel,Eco,731,3,1,2,3,2,2,4,2,1,3,2,1,2,2.15,0,0,FALSE
Female,Disloyal Customer,25,Business Travel,Eco,895,4,4,4,4,3,4,3,3,1,4,3,2,3,3.23,21,9,FALSE
Male,Loyal Customer,38,Business Travel,Eco Plus,1249,4,4,4,4,4,5,4,4,5,1,3,4,4,3.85,0,12,TRUE
Male,Loyal Customer,33,Personal Travel,Eco,888,5,4,5,4,4,5,4,4,5,4,4,4,4,4.31,7,0,TRUE
Male,Disloyal Customer,24,Business Travel,Eco,247,4,5,4,4,2,4,2,2,5,5,5,5,2,3.77,0,0,TRUE
Male,Loyal Customer,50,Business Travel,Business,2303,3,5,3,3,2,4,5,5,5,5,5,3,3,3.92,0,0,TRUE
Female,Disloyal Customer,44,Business Travel,Business,257,3,3,3,3,4,3,4,4,4,3,4,4,4,3.54,20,7,FALSE
Male,Loyal Customer,47,Personal Travel,Eco,748,2,4,2,1,2,2,2,2,4,3,1,1,2,2.15,43,18,FALSE
Male,Loyal Customer,43,Business Travel,Business,102,1,1,1,1,5,5,4,5,5,5,4,5,5,3.62,0,0,TRUE
Female,Loyal Customer,43,Business Travel,Eco Plus,596,4,5,5,5,5,2,2,4,4,4,4,4,4,4,14,23,FALSE
Male,Loyal Customer,35,Business Travel,Eco Plus,425,1,5,2,5,1,1,1,1,3,5,4,3,1,2.54,0,0,FALSE
Female,Loyal Customer,34,Business Travel,Business,3790,3,4,2,4,2,4,4,3,3,3,3,1,4,3.08,26,27,FALSE
Female,Disloyal Customer,23,Business Travel,Eco,738,0,0,0,2,2,0,2,2,3,4,5,2,2,1.85,0,0,TRUE
Male,Loyal Customer,12,Personal Travel,Eco,214,3,1,3,3,5,3,5,5,3,1,3,3,5,3.31,0,0,FALSE
Female,Loyal Customer,19,Business Travel,Business,2429,1,1,1,1,5,5,5,5,2,1,4,3,5,3,0,0,TRUE
Female,Loyal Customer,45,Business Travel,Business,3783,2,3,2,2,2,4,5,4,4,5,4,5,3,3.46,88,84,TRUE
Male,Disloyal Customer,23,Business Travel,Eco,1357,4,4,4,3,2,4,2,2,3,2,4,4,2,3.08,0,0,FALSE
Male,Loyal Customer,55,Business Travel,Business,192,5,1,5,5,2,4,2,5,5,5,3,4,3,3.77,6,0,TRUE
Female,Loyal Customer,40,Business Travel,Business,2910,1,1,1,1,3,1,1,1,1,1,1,3,4,1.54,0,45,FALSE
Male,Loyal Customer,44,Business Travel,Business,2000,1,1,1,1,5,5,4,5,5,5,5,5,3,3.54,0,2,TRUE
Female,Loyal Customer,22,Business Travel,Business,2465,1,1,1,1,4,4,4,4,3,2,5,2,4,2.77,0,0,TRUE
Male,Loyal Customer,55,Business Travel,Business,951,3,3,3,3,5,5,5,5,5,5,5,5,5,4.38,0,0,TRUE
Female,Loyal Customer,38,Personal Travel,Eco,419,2,4,2,3,1,2,1,1,2,4,2,4,1,2.23,0,0,FALSE
Male,Loyal Customer,42,Business Travel,Eco,833,3,4,4,4,3,3,3,3,2,2,3,4,3,3.15,55,39,FALSE
Female,Loyal Customer,61,Business Travel,Eco Plus,597,4,2,2,2,1,3,3,4,4,4,4,3,5,3.15,14,14,TRUE
Female,Loyal Customer,71,Business Travel,Eco,1215,5,5,2,2,3,5,5,5,5,5,5,4,1,4,0,0,TRUE
Male,Loyal Customer,50,Personal Travel,Eco,2586,3,4,3,2,1,3,1,1,4,5,3,3,1,2.62,0,1,FALSE
Male,Loyal Customer,16,Personal Travel,Eco,978,3,5,3,5,2,3,2,2,4,3,4,5,2,3.31,0,0,FALSE
Female,Disloyal Customer,23,Business Travel,Eco,533,4,4,4,3,3,4,3,3,3,3,5,3,3,3.46,71,65,TRUE
Female,Disloyal Customer,24,Business Travel,Business,936,5,2,5,2,2,5,2,2,3,3,4,5,2,3.23,0,0,TRUE
Female,Loyal Customer,60,Personal Travel,Eco,316,3,0,3,1,2,5,5,4,4,3,4,3,5,3.23,7,2,FALSE
Male,Disloyal Customer,37,Business Travel,Eco,723,1,2,2,3,1,2,1,1,2,3,3,4,1,2,0,7,FALSE
Male,Loyal Customer,71,Business Travel,Business,1384,3,3,3,3,2,1,3,4,4,4,4,2,2,2.92,0,16,TRUE
Male,Disloyal Customer,38,Business Travel,Business,270,4,3,3,3,2,3,2,2,4,4,3,1,2,2.77,0,0,FALSE
Male,Loyal Customer,46,Business Travel,Business,3947,5,5,5,5,3,5,5,4,4,4,4,4,3,4.31,0,0,TRUE
Male,Loyal Customer,39,Business Travel,Business,1663,3,2,2,2,3,4,3,3,3,3,3,4,2,2.85,0,0,FALSE
Male,Loyal Customer,43,Business Travel,Business,361,2,4,4,4,5,2,3,2,2,2,2,4,4,3.08,17,57,FALSE
Female,Loyal Customer,48,Personal Travel,Eco,1846,2,4,2,1,2,5,5,2,2,2,2,4,5,2.92,0,0,FALSE
Female,Disloyal Customer,26,Business Travel,Business,436,4,3,3,2,4,3,4,4,5,4,5,4,4,3.77,0,0,TRUE
Female,Loyal Customer,51,Business Travel,Business,3895,4,4,4,4,4,5,5,5,5,5,5,5,5,4.62,0,0,TRUE
Male,Loyal Customer,45,Personal Travel,Eco,2521,3,4,3,4,4,3,4,4,3,5,3,3,4,3.62,0,12,FALSE
Male,Loyal Customer,37,Business Travel,Business,2463,5,5,5,5,2,4,4,4,4,4,4,3,4,4.08,0,0,TRUE
Male,Loyal Customer,59,Business Travel,Business,150,3,3,3,3,1,3,2,3,3,3,3,3,3,2.77,0,0,FALSE
Female,Loyal Customer,38,Personal Travel,Business,328,2,4,2,2,1,4,4,4,4,2,4,2,5,3.08,0,0,FALSE
Male,Disloyal Customer,25,Business Travel,Business,874,2,0,2,2,3,2,4,3,5,5,4,3,3,2.92,4,7,FALSE
Male,Loyal Customer,23,Business Travel,Business,489,3,3,3,3,4,4,4,4,3,2,1,1,4,3,3,23,TRUE
Male,Loyal Customer,26,Business Travel,Eco,1739,2,2,2,2,2,2,2,2,3,3,4,1,2,2.23,0,0,FALSE
Male,Loyal Customer,52,Business Travel,Eco Plus,605,4,4,4,4,4,4,4,4,2,4,1,1,4,3.38,3,0,TRUE
Male,Loyal Customer,41,Business Travel,Business,1017,1,1,1,1,2,5,5,4,4,5,4,5,4,3.23,16,37,TRUE
Female,Loyal Customer,49,Business Travel,Business,950,2,2,2,2,5,4,4,4,4,4,4,3,5,3.46,3,72,TRUE
Female,Disloyal Customer,36,Business Travel,Business,251,3,3,3,3,5,3,5,5,5,4,4,3,5,3.92,6,1,FALSE
Male,Loyal Customer,41,Business Travel,Business,2189,0,0,0,5,3,4,5,2,2,2,2,4,5,2.62,0,0,TRUE
Male,Loyal Customer,35,Personal Travel,Eco,227,2,3,2,3,4,2,4,4,4,4,1,3,4,3.08,0,10,FALSE
Male,Loyal Customer,57,Business Travel,Business,130,3,3,3,3,4,4,5,4,4,4,5,3,3,3.69,0,0,TRUE
Female,Loyal Customer,54,Personal Travel,Eco,451,5,2,5,4,3,4,4,4,4,5,4,2,2,3.69,0,0,TRUE
Male,Loyal Customer,58,Personal Travel,Eco Plus,1990,3,4,3,2,4,3,4,4,3,1,3,5,4,3.31,8,7,FALSE
Female,Disloyal Customer,47,Business Travel,Eco,113,3,4,3,4,4,3,4,4,4,5,4,1,4,3.62,0,0,FALSE
Female,Disloyal Customer,27,Business Travel,Eco,1496,2,2,2,4,1,2,1,1,3,3,4,3,1,2.23,74,82,FALSE
Male,Disloyal Customer,34,Business Travel,Business,2552,3,3,3,3,3,1,1,3,3,4,5,1,1,2.62,0,20,FALSE
Female,Loyal Customer,33,Business Travel,Business,907,3,1,3,3,4,2,5,5,5,5,5,1,1,3.31,0,0,TRUE
Female,Loyal Customer,52,Business Travel,Business,2704,3,4,3,3,5,5,5,3,5,3,5,5,5,4.15,1,0,TRUE
Male,Loyal Customer,51,Business Travel,Business,2337,4,2,2,2,5,3,4,3,3,2,4,1,3,2.92,0,0,FALSE
Male,Disloyal Customer,30,Business Travel,Eco,432,2,0,2,5,1,2,1,1,3,2,3,1,1,1.85,88,82,FALSE
Female,Disloyal Customer,21,Business Travel,Eco,391,2,2,2,4,1,2,1,1,4,2,3,3,1,2.15,27,39,FALSE
Female,Loyal Customer,31,Business Travel,Business,460,1,1,1,1,4,4,4,4,5,4,3,3,4,3,0,7,TRUE
Female,Loyal Customer,63,Business Travel,Eco,501,1,4,4,4,1,3,3,2,2,1,2,3,3,2.54,32,20,FALSE
Male,Loyal Customer,12,Personal Travel,Eco,229,3,5,3,2,3,3,1,3,5,4,4,4,3,3.31,0,5,FALSE
Female,Loyal Customer,55,Business Travel,Business,2129,5,5,5,5,3,4,5,5,5,5,4,3,4,4.46,0,0,TRUE
Female,Loyal Customer,11,Personal Travel,Eco,277,1,4,1,2,2,1,2,2,3,2,4,3,2,2.23,12,14,FALSE
Male,Disloyal Customer,26,Business Travel,Eco,899,2,2,2,3,2,2,2,2,1,2,5,2,2,2.23,0,4,FALSE
Male,Disloyal Customer,25,Business Travel,Business,306,3,0,3,5,3,3,3,3,5,3,4,3,3,3.15,24,26,FALSE
Male,Loyal Customer,36,Personal Travel,Eco,933,2,4,2,2,3,2,3,3,3,4,5,4,3,3.08,0,2,FALSE
Male,Disloyal Customer,36,Business Travel,Business,587,3,3,3,1,5,3,5,5,3,4,4,4,5,3.69,1,0,FALSE
Female,Loyal Customer,30,Personal Travel,Eco,370,2,2,2,2,3,2,3,3,1,4,3,3,3,2.54,54,48,FALSE
Male,Loyal Customer,31,Personal Travel,Eco,867,2,2,2,4,3,2,3,3,3,2,4,4,3,2.85,0,0,FALSE
Female,Disloyal Customer,46,Business Travel,Eco,1365,2,2,2,3,1,2,1,1,3,1,2,4,1,1.92,0,0,FALSE
Female,Loyal Customer,69,Personal Travel,Eco Plus,425,3,5,3,3,4,5,4,2,2,3,2,4,4,3.38,3,9,FALSE
Male,Loyal Customer,30,Business Travel,Business,2308,3,3,3,3,3,3,3,3,5,4,4,3,3,3.31,0,0,TRUE
Female,Loyal Customer,56,Personal Travel,Eco,1590,1,2,0,2,2,2,2,4,4,0,4,1,1,1.92,0,25,FALSE
Female,Disloyal Customer,35,Business Travel,Business,1357,4,4,4,3,4,4,4,4,4,3,4,4,4,3.85,17,25,FALSE
Female,Loyal Customer,37,Personal Travel,Eco,463,5,5,5,2,1,5,1,1,1,4,2,4,1,2.85,0,0,TRUE
Female,Loyal Customer,33,Business Travel,Business,3940,4,4,4,4,3,4,4,3,3,4,3,4,5,3.77,0,0,TRUE
Male,Loyal Customer,10,Personal Travel,Business,109,4,5,4,4,3,4,3,3,4,2,1,5,3,3.46,0,0,FALSE
Female,Loyal Customer,36,Personal Travel,Eco,414,3,1,3,3,3,3,1,3,1,1,2,1,3,2.15,0,0,FALSE
Female,Loyal Customer,70,Business Travel,Eco Plus,261,4,5,5,5,3,3,4,4,4,4,4,1,1,3.62,1,1,FALSE
Male,Disloyal Customer,42,Business Travel,Business,224,3,3,3,1,4,3,4,4,3,1,4,3,4,3.08,60,55,FALSE
Female,Disloyal Customer,8,Business Travel,Eco Plus,738,3,3,3,4,3,3,3,3,3,2,4,1,3,2.92,2,5,FALSE
Male,Loyal Customer,42,Business Travel,Eco,109,3,2,1,2,3,3,3,3,1,1,1,2,3,2.15,0,0,FALSE
Female,Disloyal Customer,27,Business Travel,Eco,2611,4,4,4,2,2,4,2,2,3,5,4,1,2,3,0,0,FALSE
Female,Disloyal Customer,49,Business Travel,Business,1205,2,2,2,2,4,2,4,4,5,4,5,5,4,3.46,0,0,FALSE
Male,Loyal Customer,32,Business Travel,Eco,2541,5,5,5,5,5,5,5,5,4,1,4,3,5,4.38,30,17,TRUE
Female,Loyal Customer,32,Personal Travel,Eco,1514,2,5,3,2,3,3,3,3,5,3,4,4,3,3.31,0,0,FALSE
Male,Loyal Customer,48,Business Travel,Business,3813,4,5,2,5,2,3,3,4,4,4,4,4,4,3.69,93,86,FALSE
Female,Loyal Customer,56,Business Travel,Business,285,1,1,1,1,3,4,5,5,5,5,5,5,3,3.38,0,0,TRUE
Male,Loyal Customer,57,Business Travel,Eco,387,4,1,1,1,4,4,4,4,4,2,3,2,4,2.92,0,0,TRUE
Male,Loyal Customer,42,Personal Travel,Eco,689,2,4,2,4,1,2,1,1,2,1,3,4,1,2.15,0,0,FALSE
Female,Loyal Customer,50,Business Travel,Business,1777,4,4,4,4,2,5,5,4,4,4,5,4,5,4.15,0,0,TRUE
Female,Loyal Customer,21,Personal Travel,Eco Plus,315,3,4,3,5,4,3,4,4,5,2,5,5,4,3.92,28,20,FALSE
Female,Loyal Customer,62,Personal Travel,Eco,920,1,5,1,3,5,4,5,2,2,1,2,3,4,2.92,55,48,FALSE
Male,Loyal Customer,57,Business Travel,Business,1072,4,4,4,4,5,5,4,5,5,5,5,5,3,4.46,14,4,TRUE
Male,Loyal Customer,50,Business Travel,Eco,255,3,1,1,1,4,3,4,4,1,5,3,1,4,2.69,0,0,FALSE
Female,Disloyal Customer,30,Business Travel,Eco,1030,2,3,3,3,1,3,1,1,1,2,3,3,1,2.08,2,10,FALSE
Female,Loyal Customer,44,Personal Travel,Eco,1046,4,5,3,1,4,4,4,3,3,3,1,3,3,3.15,0,0,FALSE
Female,Loyal Customer,33,Business Travel,Business,2722,2,5,2,2,4,4,2,2,2,2,2,4,5,2.92,25,10,TRUE
Female,Loyal Customer,11,Personal Travel,Eco,944,3,3,3,1,2,3,1,2,3,5,4,5,2,2.85,120,103,FALSE
Female,Loyal Customer,39,Business Travel,Business,3110,2,3,2,2,3,5,4,4,4,4,4,1,3,3.15,33,25,TRUE
Female,Loyal Customer,33,Personal Travel,Eco,524,1,4,3,5,3,3,3,3,4,4,4,4,3,3.38,0,2,FALSE
Female,Loyal Customer,24,Business Travel,Business,546,5,5,4,5,5,5,5,5,5,2,5,5,5,4.69,0,0,TRUE
Male,Loyal Customer,11,Personal Travel,Eco,1090,2,4,2,3,2,2,2,2,1,5,1,4,2,2.46,0,0,FALSE
Female,Loyal Customer,39,Business Travel,Business,2684,2,2,4,2,2,4,5,4,4,4,4,3,4,3.38,0,0,TRUE
Male,Disloyal Customer,26,Business Travel,Business,89,4,3,4,4,4,4,3,4,1,1,3,2,4,3.15,29,25,FALSE
Female,Loyal Customer,44,Business Travel,Business,1688,1,1,1,1,5,4,4,5,5,5,5,4,4,3.46,13,13,TRUE
Female,Disloyal Customer,34,Business Travel,Business,338,1,1,1,4,3,1,3,3,5,2,4,3,3,2.62,0,0,FALSE
Female,Loyal Customer,12,Business Travel,Business,594,3,1,1,1,3,3,3,3,3,3,4,4,3,2.69,0,0,FALSE
Male,Loyal Customer,25,Personal Travel,Eco,209,2,2,2,3,3,2,3,3,1,4,4,2,3,2.62,41,33,FALSE
Female,Disloyal Customer,48,Business Travel,Business,304,5,5,5,2,3,5,3,3,5,5,5,4,3,4.08,0,0,TRUE
Female,Loyal Customer,30,Business Travel,Business,667,4,4,3,4,3,4,3,3,5,3,4,4,3,3.62,0,0,TRUE
Female,Loyal Customer,47,Business Travel,Business,992,4,4,4,4,5,5,5,4,4,4,4,4,5,4.31,0,0,TRUE
Male,Loyal Customer,28,Business Travel,Eco Plus,563,5,1,1,1,5,5,5,5,3,1,5,5,5,3.62,0,0,TRUE
Female,Loyal Customer,45,Personal Travel,Eco,370,1,2,1,2,5,2,2,3,3,1,3,1,4,2.31,54,47,FALSE
Female,Loyal Customer,60,Business Travel,Business,3939,2,2,2,2,5,5,4,5,5,5,4,5,3,3.77,33,26,TRUE
Female,Loyal Customer,57,Business Travel,Business,679,3,3,3,3,2,4,5,5,5,5,5,3,5,3.92,1,0,TRUE
Male,Loyal Customer,46,Business Travel,Business,1895,3,3,3,3,2,4,5,4,4,4,4,5,4,3.69,0,1,TRUE
Female,Loyal Customer,26,Business Travel,Business,2346,5,2,5,5,5,5,5,5,2,5,1,5,5,4.23,0,0,TRUE
Female,Loyal Customer,40,Business Travel,Eco Plus,946,3,1,1,1,3,3,3,3,4,1,2,4,3,2.46,0,0,FALSE
Female,Loyal Customer,33,Business Travel,Business,2873,2,3,3,3,2,4,3,2,2,2,2,2,1,2.38,0,0,FALSE
Male,Loyal Customer,22,Business Travel,Business,972,3,1,1,1,3,3,3,3,2,3,2,1,3,2.23,12,52,FALSE
Female,Loyal Customer,31,Business Travel,Business,3234,1,1,5,1,5,5,5,5,4,2,5,3,5,3.62,0,0,TRUE
Female,Loyal Customer,31,Personal Travel,Eco,1050,2,5,2,5,4,2,4,4,4,2,5,4,4,3.62,0,0,FALSE
Male,Disloyal Customer,38,Business Travel,Business,352,4,4,4,5,2,4,2,2,5,2,4,3,2,3.31,52,40,TRUE
Male,Loyal Customer,14,Personal Travel,Eco,147,3,5,3,3,1,3,1,1,3,5,5,4,1,2.92,0,0,FALSE
Male,Loyal Customer,36,Business Travel,Business,1714,2,2,2,2,3,4,5,5,5,5,5,4,1,3.46,0,0,TRUE
Male,Disloyal Customer,23,Business Travel,Business,197,5,5,5,3,3,5,3,3,3,3,5,4,3,3.85,86,73,TRUE
Male,Loyal Customer,56,Business Travel,Business,2049,4,1,1,1,3,3,3,4,4,4,4,2,1,2.69,0,0,FALSE
Female,Loyal Customer,58,Business Travel,Business,2274,1,1,1,1,4,4,5,5,5,5,5,4,4,3.46,54,86,TRUE
Male,Loyal Customer,60,Personal Travel,Eco,919,4,5,4,2,4,4,4,4,4,2,4,4,4,3.77,0,0,TRUE
Female,Loyal Customer,25,Personal Travel,Eco,280,1,3,1,4,3,1,3,3,4,2,3,3,3,2.62,0,0,FALSE
Female,Loyal Customer,32,Personal Travel,Eco,2556,4,3,4,4,4,2,2,3,3,3,4,2,2,3.08,39,52,FALSE
Male,Disloyal Customer,25,Business Travel,Eco,869,1,1,1,4,1,1,1,1,3,3,4,1,1,1.77,0,0,FALSE
Female,Disloyal Customer,33,Business Travel,Business,181,2,2,2,5,5,2,5,5,5,5,4,3,5,3.85,5,17,FALSE
Male,Disloyal Customer,22,Business Travel,Eco,612,3,1,3,4,3,3,3,3,2,1,4,2,3,2.69,0,0,FALSE
Female,Loyal Customer,44,Personal Travel,Eco,1211,0,4,0,3,3,4,5,2,2,0,2,4,4,2.54,0,0,TRUE
Female,Loyal Customer,13,Business Travel,Business,488,3,3,3,3,3,3,3,3,3,1,3,2,3,2.77,23,28,FALSE
Male,Loyal Customer,31,Business Travel,Eco Plus,545,2,2,5,5,2,2,2,2,1,1,4,2,2,2.46,0,0,FALSE
Male,Disloyal Customer,37,Business Travel,Business,646,3,3,3,3,4,3,4,4,3,4,5,4,4,3.62,0,0,FALSE
Female,Loyal Customer,50,Business Travel,Business,1928,5,5,5,5,5,4,5,5,5,5,5,5,3,4.77,3,0,TRUE
Female,Loyal Customer,37,Business Travel,Eco,368,2,2,2,2,2,2,2,2,1,3,4,4,2,2.31,0,0,FALSE
Female,Loyal Customer,49,Business Travel,Business,269,3,3,3,3,4,5,4,5,5,5,5,4,3,4,0,0,TRUE
Female,Loyal Customer,68,Personal Travel,Eco,303,3,5,3,3,3,4,4,5,5,3,5,5,4,4,5,18,FALSE
Male,Disloyal Customer,32,Business Travel,Business,290,1,1,1,4,2,1,2,2,5,4,5,3,2,2.54,0,0,FALSE
Female,Loyal Customer,32,Personal Travel,Eco,612,2,1,3,2,3,3,3,3,3,4,1,3,3,2.62,0,0,FALSE
Female,Disloyal Customer,39,Business Travel,Eco,358,1,1,1,3,4,1,4,4,2,1,3,3,4,2.46,27,30,FALSE
Female,Disloyal Customer,31,Business Travel,Eco Plus,1814,3,3,3,3,4,3,5,4,4,1,4,2,4,3.31,90,76,FALSE
Male,Loyal Customer,44,Personal Travel,Eco,761,4,2,4,3,4,4,4,4,2,4,3,2,4,3.38,0,0,FALSE
Male,Disloyal Customer,37,Business Travel,Eco,1252,2,2,2,3,2,2,2,2,2,5,2,3,2,2.38,0,1,FALSE
Female,Loyal Customer,43,Business Travel,Business,2182,2,5,5,5,2,3,4,2,2,2,2,4,2,3.08,5,0,FALSE
Female,Disloyal Customer,28,Business Travel,Eco,965,4,4,4,4,4,4,4,4,2,1,3,3,4,3.46,0,0,FALSE
Female,Loyal Customer,60,Business Travel,Eco,967,2,5,1,5,2,4,4,2,2,2,2,3,1,2.69,33,25,FALSE
Female,Disloyal Customer,24,Business Travel,Business,258,5,0,5,1,2,5,2,2,3,2,4,5,2,2.92,4,0,TRUE
Male,Loyal Customer,30,Personal Travel,Eco Plus,369,2,3,2,4,4,2,4,4,2,4,3,4,4,3.23,0,0,FALSE
Female,Disloyal Customer,31,Personal Travel,Eco,429,3,4,3,3,5,3,5,5,3,1,3,4,5,3.62,69,60,FALSE
Male,Loyal Customer,58,Business Travel,Business,1698,1,4,4,4,5,3,2,1,1,1,1,1,3,2.38,52,40,FALSE
Female,Loyal Customer,52,Business Travel,Business,626,5,5,5,5,4,4,5,4,4,4,4,4,5,4.46,0,0,TRUE
Male,Loyal Customer,67,Personal Travel,Eco,868,3,2,3,3,4,3,4,4,3,4,2,1,4,3.08,0,0,FALSE
Male,Loyal Customer,53,Personal Travel,Business,404,4,5,5,3,5,3,3,1,3,5,2,3,3,3.46,61,134,FALSE
Female,Loyal Customer,51,Business Travel,Eco Plus,461,5,4,4,4,4,1,1,5,5,5,5,2,1,3.54,0,0,TRUE
Female,Loyal Customer,48,Business Travel,Eco,628,1,1,1,1,2,3,2,1,1,1,1,1,3,1.46,80,70,FALSE
Male,Loyal Customer,47,Business Travel,Business,1737,3,3,3,3,2,4,5,2,2,2,2,4,4,3,2,0,TRUE
Male,Loyal Customer,36,Business Travel,Business,2418,5,4,4,4,3,2,3,5,5,4,5,3,2,3.77,22,16,FALSE
Female,Loyal Customer,34,Personal Travel,Eco,395,1,5,1,3,2,1,2,2,3,5,5,3,2,2.69,10,5,FALSE
Female,Loyal Customer,10,Personal Travel,Eco,937,2,4,1,2,4,1,4,4,5,2,5,3,4,3.15,4,17,FALSE
Male,Loyal Customer,65,Personal Travel,Eco,1009,3,5,3,5,2,3,2,2,4,2,5,3,2,3.15,10,9,FALSE
Female,Loyal Customer,48,Business Travel,Business,2463,5,5,5,5,2,4,5,4,4,4,4,4,3,4.15,0,0,TRUE
Male,Loyal Customer,18,Personal Travel,Eco,759,2,4,2,1,2,2,2,2,3,2,4,4,2,2.46,72,78,FALSE
Female,Loyal Customer,45,Business Travel,Eco,834,2,5,5,5,2,4,1,1,1,2,1,4,4,2.85,0,0,TRUE
Female,Loyal Customer,18,Business Travel,Business,1960,3,2,2,2,3,3,3,4,3,4,3,3,3,2.92,184,183,FALSE
Female,Disloyal Customer,33,Business Travel,Eco,130,2,4,1,4,5,1,5,5,4,1,3,4,5,3.38,1,6,FALSE
Female,Loyal Customer,62,Business Travel,Business,2884,5,5,5,5,5,5,4,5,5,5,5,4,4,4.77,0,0,TRUE
Female,Loyal Customer,58,Business Travel,Business,1902,1,1,1,1,5,5,4,4,4,4,4,3,4,3.15,0,0,TRUE
Female,Loyal Customer,29,Business Travel,Eco,2342,2,4,4,4,2,2,2,2,4,4,3,2,2,2.85,9,25,FALSE
Female,Disloyal Customer,23,Business Travel,Eco,926,5,5,5,3,1,5,1,1,5,4,5,5,1,3.54,23,3,TRUE
Male,Disloyal Customer,27,Business Travel,Eco,300,4,0,4,2,4,4,1,4,4,5,3,4,4,3.31,20,11,FALSE
Male,Loyal Customer,39,Personal Travel,Eco,337,1,5,1,3,1,1,1,1,1,2,2,2,1,1.69,0,0,FALSE
Male,Loyal Customer,40,Business Travel,Business,2342,2,2,2,2,3,3,5,4,4,4,4,3,4,3.23,0,0,TRUE
Male,Disloyal Customer,25,Business Travel,Business,1174,5,0,4,5,3,4,1,3,4,1,2,3,3,2.92,0,0,TRUE
Female,Loyal Customer,67,Personal Travel,Eco,345,2,3,2,3,1,3,4,2,2,2,2,4,1,2.38,8,0,FALSE
Female,Loyal Customer,57,Business Travel,Business,2603,4,4,5,4,4,4,4,5,5,5,5,4,4,4.38,118,114,TRUE
Female,Loyal Customer,21,Personal Travel,Eco,377,2,4,2,1,3,2,3,3,3,5,4,4,3,3,7,20,FALSE
Female,Loyal Customer,26,Business Travel,Business,1947,4,4,4,4,4,4,4,4,4,3,4,5,4,4,2,0,TRUE
Male,Loyal Customer,59,Personal Travel,Eco,1105,2,3,2,5,3,2,3,3,5,5,5,4,3,3.46,0,0,FALSE
Female,Disloyal Customer,24,Business Travel,Eco,102,0,5,0,1,3,5,3,3,4,1,3,5,3,2.77,11,12,TRUE
Female,Loyal Customer,43,Business Travel,Business,1089,4,4,4,4,5,5,5,2,2,2,2,4,4,3.62,0,0,TRUE
Female,Disloyal Customer,37,Business Travel,Business,404,4,4,4,3,5,4,5,5,4,4,5,5,5,4.38,35,27,TRUE
Male,Loyal Customer,66,Personal Travel,Eco,460,3,5,3,2,3,3,1,3,3,3,5,5,3,3.23,0,0,FALSE
Female,Loyal Customer,7,Business Travel,Business,3395,4,4,4,4,5,5,5,5,5,1,2,1,5,3.85,0,0,TRUE
Male,Disloyal Customer,37,Business Travel,Eco,1013,2,1,1,3,3,1,3,3,4,4,3,4,3,2.69,35,32,FALSE
Male,Loyal Customer,56,Personal Travel,Eco,1012,3,5,3,4,1,3,1,1,5,3,4,2,1,2.77,0,0,FALSE
Male,Loyal Customer,49,Business Travel,Business,2052,2,2,2,2,1,2,3,2,2,2,2,1,1,1.85,10,0,FALSE
Female,Disloyal Customer,45,Business Travel,Business,503,3,3,3,5,4,3,4,4,5,2,4,5,4,3.77,8,3,FALSE
Female,Loyal Customer,52,Personal Travel,Eco,740,3,4,3,2,3,4,5,5,5,3,5,5,5,4,0,0,FALSE
Male,Loyal Customer,29,Business Travel,Eco Plus,874,3,2,2,2,3,3,3,3,3,1,3,3,3,2.62,56,50,FALSE
Female,Loyal Customer,25,Business Travel,Business,1853,3,5,5,5,3,3,3,3,2,2,4,4,3,3.46,13,15,FALSE
Male,Loyal Customer,33,Business Travel,Eco Plus,160,0,0,0,2,2,0,2,2,1,2,5,5,2,1.77,4,0,TRUE
Male,Loyal Customer,47,Business Travel,Business,2769,3,3,3,3,1,3,3,4,4,3,3,1,1,2.69,0,0,FALSE
Male,Loyal Customer,39,Business Travel,Business,530,2,2,2,2,5,4,5,3,3,4,3,3,5,3.31,0,0,TRUE
Male,Loyal Customer,26,Personal Travel,Eco,883,3,2,3,4,3,3,3,3,4,1,4,3,3,3,4,7,FALSE
Male,Disloyal Customer,21,Business Travel,Eco,591,2,1,2,3,2,2,2,2,4,5,3,2,2,2.46,30,27,FALSE
Male,Loyal Customer,22,Personal Travel,Business,253,2,1,2,2,4,2,4,4,2,3,3,2,4,2.69,0,0,FALSE
Male,Loyal Customer,51,Personal Travel,Eco,643,2,4,2,3,1,2,1,1,4,4,4,5,1,2.62,0,0,FALSE
Female,Loyal Customer,36,Business Travel,Business,2498,1,1,1,1,4,4,4,1,1,1,1,3,3,2,0,8,FALSE
Female,Loyal Customer,34,Business Travel,Business,599,4,4,4,4,2,4,5,5,5,5,5,5,3,4.23,0,0,TRUE
Female,Loyal Customer,55,Business Travel,Business,3850,1,1,1,1,4,5,4,4,4,4,4,3,4,3.08,0,0,TRUE
Male,Disloyal Customer,30,Business Travel,Business,693,0,0,0,1,2,0,2,2,5,4,5,5,2,2.15,19,32,TRUE
Male,Disloyal Customer,24,Business Travel,Business,233,2,2,2,3,2,2,2,2,1,5,4,3,2,2.46,0,0,FALSE
Female,Loyal Customer,54,Business Travel,Business,315,2,2,2,2,4,5,5,5,5,5,5,3,5,3.85,0,0,TRUE
Female,Loyal Customer,43,Business Travel,Business,405,4,4,4,4,4,4,5,5,5,5,5,4,5,4.46,16,15,TRUE
Female,Loyal Customer,60,Business Travel,Business,3661,1,1,1,1,3,5,5,5,5,5,5,5,3,3.46,0,0,TRUE
Male,Loyal Customer,50,Personal Travel,Eco,496,3,5,2,4,4,2,4,4,5,4,4,5,4,3.85,0,0,FALSE
Female,Disloyal Customer,25,Business Travel,Business,549,1,4,1,5,4,1,1,4,3,5,4,5,4,3.23,0,0,FALSE
Female,Loyal Customer,52,Business Travel,Business,2262,5,5,5,5,1,3,2,3,3,3,3,4,4,3.54,0,0,TRUE
Female,Loyal Customer,69,Business Travel,Eco,1016,2,3,3,3,1,4,3,2,2,2,2,2,2,2.38,0,0,FALSE
Female,Loyal Customer,55,Business Travel,Business,834,1,1,1,1,5,5,4,4,4,4,4,4,3,3.15,78,68,TRUE
Female,Loyal Customer,42,Business Travel,Eco,926,2,3,3,3,2,2,2,4,2,4,4,2,2,2.69,122,195,FALSE
Male,Loyal Customer,61,Business Travel,Eco Plus,253,4,3,3,3,4,4,4,4,4,5,1,1,4,3.38,0,0,TRUE
Female,Loyal Customer,41,Business Travel,Eco,432,1,1,1,1,1,1,1,1,3,4,3,2,1,1.62,52,49,FALSE
Male,Disloyal Customer,43,Business Travel,Business,1471,5,5,5,4,5,5,5,5,4,2,4,5,5,4.54,0,0,TRUE
Female,Disloyal Customer,33,Business Travel,Business,364,4,4,4,4,1,4,1,1,5,5,5,3,1,3.23,0,11,FALSE
Male,Loyal Customer,43,Business Travel,Eco,1017,1,1,1,1,1,1,1,1,4,5,3,4,1,1.92,0,0,FALSE
Male,Loyal Customer,33,Business Travel,Eco,413,4,5,2,5,4,4,4,4,4,3,3,3,4,3.77,19,24,FALSE
Female,Loyal Customer,57,Business Travel,Business,337,3,5,3,3,5,4,5,3,3,4,3,4,4,3.77,24,21,TRUE
Male,Loyal Customer,67,Personal Travel,Eco,587,2,5,2,3,1,2,1,1,4,3,5,5,1,2.69,79,64,FALSE
Female,Loyal Customer,54,Business Travel,Eco,126,5,3,3,3,3,4,2,5,5,5,5,2,2,3.62,0,0,TRUE
Female,Disloyal Customer,44,Business Travel,Eco,1176,3,3,3,4,1,3,1,1,4,5,4,1,1,2.62,10,27,FALSE
Male,Loyal Customer,59,Personal Travel,Eco,106,2,4,2,2,1,2,1,1,3,5,5,1,1,2.31,3,17,FALSE
Male,Loyal Customer,54,Business Travel,Business,1096,4,4,4,4,3,4,5,2,2,2,2,4,5,3.46,0,0,TRUE
Female,Loyal Customer,34,Business Travel,Business,2149,3,3,3,3,5,4,4,4,4,4,4,5,3,3.77,0,0,TRUE
Male,Loyal Customer,26,Business Travel,Business,1560,1,1,1,1,4,4,4,4,3,5,5,5,4,3.23,17,9,TRUE
Female,Loyal Customer,52,Business Travel,Business,2971,0,4,0,2,1,1,1,5,4,4,5,1,1,2.23,147,139,TRUE
Female,Loyal Customer,50,Business Travel,Business,1725,2,2,2,2,4,4,4,4,4,5,4,3,3,3.31,4,10,TRUE
Male,Loyal Customer,36,Business Travel,Business,746,2,2,2,2,1,4,2,4,4,4,4,4,3,2.92,32,23,TRUE
Male,Loyal Customer,26,Business Travel,Business,2880,4,4,4,4,4,4,4,4,2,3,3,2,4,3.54,3,0,FALSE
Female,Disloyal Customer,20,Business Travel,Eco,985,3,3,3,3,2,3,2,2,4,5,5,4,2,3.15,0,0,FALSE
Female,Loyal Customer,45,Business Travel,Business,2978,3,2,2,2,4,3,3,2,2,2,3,3,2,2.54,0,0,FALSE
Male,Loyal Customer,52,Personal Travel,Eco,342,3,4,2,3,1,2,1,1,5,5,5,4,1,2.85,9,24,FALSE
Male,Loyal Customer,31,Personal Travel,Eco,500,4,4,3,5,4,3,4,4,4,2,4,5,4,3.85,0,0,TRUE
Male,Loyal Customer,59,Business Travel,Business,212,0,3,0,4,3,4,2,5,5,5,5,4,2,3.23,0,0,TRUE
Female,Loyal Customer,32,Business Travel,Eco,101,5,1,1,1,5,5,5,5,4,2,5,4,5,3.69,0,11,TRUE
Male,Disloyal Customer,41,Business Travel,Business,322,2,3,3,1,5,2,5,5,5,2,4,4,5,3.54,0,4,TRUE
Female,Loyal Customer,54,Business Travel,Business,1685,2,4,2,2,3,4,5,4,4,4,4,3,3,3.38,31,20,TRUE
Male,Loyal Customer,47,Business Travel,Business,403,3,3,3,3,2,4,4,4,4,4,4,4,4,3.54,111,101,TRUE
Male,Loyal Customer,53,Personal Travel,Eco,296,2,4,2,3,1,2,1,1,3,5,5,4,1,2.62,43,38,FALSE
Male,Disloyal Customer,27,Business Travel,Business,432,2,2,2,2,4,2,4,4,3,3,4,5,4,3.15,0,0,FALSE
Female,Loyal Customer,63,Personal Travel,Eco,479,1,5,5,1,5,5,2,4,4,5,4,2,5,3.69,12,8,FALSE
Male,Loyal Customer,44,Business Travel,Eco,1034,5,5,5,5,5,5,5,5,4,5,1,1,5,4.31,0,0,TRUE
Female,Loyal Customer,47,Business Travel,Business,1235,5,5,5,5,2,5,4,5,5,5,5,5,3,4.54,0,0,TRUE
Female,Loyal Customer,58,Business Travel,Eco,547,3,4,4,4,3,4,4,3,3,3,3,4,3,3.46,7,11,FALSE
Female,Loyal Customer,56,Personal Travel,Eco,912,1,4,1,5,4,5,5,2,2,1,2,5,4,3.15,0,19,FALSE
Female,Loyal Customer,54,Business Travel,Business,1069,4,4,4,4,4,5,4,2,2,2,2,5,5,3.62,0,0,TRUE
Female,Disloyal Customer,25,Business Travel,Eco,1055,1,1,1,4,2,1,2,2,2,1,3,4,2,2,0,0,FALSE
Female,Loyal Customer,45,Personal Travel,Eco,1009,3,4,3,4,4,1,1,3,3,3,3,5,4,3.15,43,36,FALSE
Male,Disloyal Customer,39,Business Travel,Eco,188,1,0,0,3,5,0,2,5,5,5,1,1,5,2.54,0,0,FALSE
Female,Loyal Customer,41,Business Travel,Business,3839,3,1,1,1,3,3,3,2,1,3,3,3,3,2.31,289,285,FALSE
Male,Loyal Customer,45,Business Travel,Business,1700,2,2,2,2,3,3,3,2,2,2,2,3,1,2.23,7,0,FALSE
Male,Loyal Customer,35,Business Travel,Business,3322,1,5,1,1,3,4,5,4,4,4,4,3,3,3.23,0,0,TRUE
Female,Loyal Customer,55,Personal Travel,Eco,1440,4,1,4,3,5,4,3,5,5,4,5,3,4,3.85,0,0,FALSE
Male,Loyal Customer,48,Business Travel,Business,597,2,2,2,2,3,4,5,4,4,4,4,5,4,3.46,0,0,TRUE
Female,Disloyal Customer,27,Business Travel,Business,1590,5,5,5,1,3,5,5,3,3,3,5,3,3,3.77,0,0,TRUE
Female,Loyal Customer,53,Business Travel,Business,189,4,2,4,4,5,5,4,5,5,4,4,4,4,4.15,5,16,TRUE
Male,Loyal Customer,36,Business Travel,Eco,1874,1,3,3,3,1,2,1,1,3,2,4,4,1,2.23,33,53,TRUE
Female,Loyal Customer,40,Personal Travel,Business,456,2,2,2,4,3,3,4,3,3,2,4,1,2,2.69,0,0,FALSE
Female,Disloyal Customer,20,Business Travel,Business,299,4,3,4,3,3,4,4,3,5,5,5,5,3,3.92,0,5,TRUE
Female,Loyal Customer,45,Business Travel,Business,1617,3,3,4,3,1,3,3,3,3,2,3,2,3,2.77,6,0,FALSE
Male,Loyal Customer,52,Business Travel,Business,2066,3,3,3,3,3,5,4,4,4,4,5,4,4,3.77,0,0,TRUE
Female,Loyal Customer,11,Business Travel,Business,1744,4,3,3,3,4,4,4,4,4,2,4,4,4,3.62,0,9,FALSE
Female,Loyal Customer,14,Personal Travel,Eco Plus,1259,3,4,3,5,3,3,5,5,3,3,4,5,5,3.92,145,123,FALSE
Female,Loyal Customer,39,Business Travel,Eco Plus,432,2,2,2,2,2,2,2,2,3,2,2,2,2,2.08,0,0,FALSE
Female,Loyal Customer,69,Personal Travel,Eco,862,1,3,1,3,1,2,3,4,4,1,4,1,3,2.38,0,0,FALSE
Male,Loyal Customer,28,Personal Travel,Eco,896,3,4,3,1,3,3,3,3,5,3,5,4,3,3.31,91,77,FALSE
Female,Disloyal Customer,27,Business Travel,Eco,612,1,4,1,4,4,1,4,4,2,4,4,1,4,2.92,17,25,FALSE
Female,Loyal Customer,49,Personal Travel,Business,657,3,5,3,1,3,4,3,4,4,3,4,5,1,3.31,0,0,FALSE
Female,Loyal Customer,24,Personal Travel,Eco,761,1,4,1,4,1,1,1,1,3,3,3,2,1,2,0,0,FALSE
Male,Loyal Customer,74,Business Travel,Business,399,2,1,1,1,2,4,4,2,2,2,2,1,4,2.15,28,24,FALSE
Female,Disloyal Customer,27,Business Travel,Eco,489,2,3,2,3,3,2,3,3,4,2,4,3,3,2.85,0,0,FALSE
Male,Loyal Customer,68,Business Travel,Business,2066,3,5,5,5,2,2,3,3,3,4,3,2,4,3.38,0,0,FALSE
Male,Loyal Customer,46,Business Travel,Business,2248,5,5,5,5,5,3,4,5,5,5,5,5,4,4.69,6,0,TRUE
Female,Loyal Customer,66,Business Travel,Business,1726,4,4,4,4,3,5,4,4,4,4,4,5,4,4.08,0,0,TRUE
Male,Disloyal Customer,23,Business Travel,Business,580,5,2,5,1,4,5,4,4,5,5,5,4,4,4.08,19,11,TRUE
Female,Loyal Customer,53,Personal Travel,Eco,1192,2,4,2,3,4,4,4,4,4,2,4,4,4,3.46,0,1,FALSE
Male,Loyal Customer,23,Business Travel,Eco Plus,577,5,2,2,2,5,5,5,5,3,1,2,2,5,3.38,0,0,TRUE
Female,Disloyal Customer,21,Business Travel,Eco,1069,4,4,4,4,4,2,2,3,3,3,4,2,2,3.15,0,0,FALSE
Male,Loyal Customer,30,Business Travel,Eco Plus,634,5,3,3,3,5,5,5,5,2,4,5,2,5,4,0,0,TRUE
Male,Loyal Customer,55,Business Travel,Business,2342,5,5,5,5,4,5,4,4,4,4,4,5,4,4.46,5,1,TRUE
Male,Loyal Customer,49,Business Travel,Business,370,2,2,2,2,4,5,5,4,4,4,4,4,4,3.54,0,7,TRUE
Male,Loyal Customer,23,Business Travel,Business,671,3,3,3,3,4,4,4,4,2,5,1,2,4,3.23,0,0,TRUE
Male,Loyal Customer,57,Business Travel,Business,2434,3,3,3,3,3,5,4,4,4,4,4,4,4,3.69,4,0,TRUE
Male,Loyal Customer,29,Business Travel,Business,2029,2,2,2,2,4,4,4,4,4,5,4,5,4,3.54,53,50,TRUE
Female,Loyal Customer,33,Personal Travel,Eco,248,4,4,4,1,2,4,2,2,5,3,4,3,2,3.08,0,1,FALSE
Male,Loyal Customer,28,Business Travel,Business,1407,3,1,3,3,2,2,2,2,3,2,5,3,2,2.54,10,0,TRUE
Male,Loyal Customer,36,Business Travel,Eco,293,3,5,5,5,3,3,3,3,2,3,4,1,3,3.31,2,0,FALSE
Male,Loyal Customer,8,Personal Travel,Eco,508,4,5,4,1,3,4,3,3,4,2,5,3,3,3.38,0,0,TRUE
Female,Loyal Customer,13,Personal Travel,Eco,236,1,1,1,2,4,1,4,4,4,1,3,2,4,2.46,0,0,FALSE
Male,Loyal Customer,26,Business Travel,Business,2346,2,4,4,4,2,2,2,2,1,3,4,1,2,2.54,49,44,FALSE
Male,Loyal Customer,18,Business Travel,Business,1809,4,4,4,4,4,4,4,4,4,4,5,5,4,4.15,0,0,TRUE
Male,Loyal Customer,28,Personal Travel,Eco,388,3,5,3,2,3,3,3,3,4,2,4,5,3,3.31,67,56,FALSE
Female,Disloyal Customer,27,Business Travel,Business,1310,3,3,3,3,4,3,4,4,4,5,5,5,4,3.85,0,0,FALSE
Female,Loyal Customer,53,Business Travel,Business,2466,4,4,4,4,5,5,5,3,2,3,2,5,5,3.92,0,0,TRUE
Female,Loyal Customer,50,Business Travel,Business,1912,3,3,3,3,3,5,5,5,5,5,5,3,3,3.92,20,18,TRUE
Male,Loyal Customer,31,Business Travel,Business,2988,1,4,4,4,1,1,1,1,1,3,4,2,1,2.15,0,0,FALSE
Male,Loyal Customer,34,Business Travel,Business,1124,2,2,3,2,2,4,4,5,5,5,5,5,4,3.69,4,0,TRUE
Male,Loyal Customer,13,Personal Travel,Eco,386,2,4,5,4,2,5,2,2,3,2,5,4,2,3.23,0,0,FALSE
Female,Loyal Customer,34,Personal Travel,Eco,436,2,5,2,4,2,2,2,2,4,2,5,3,2,2.85,13,26,FALSE
Male,Loyal Customer,14,Personal Travel,Eco,723,1,5,1,1,2,1,2,2,2,2,2,1,2,1.85,32,32,FALSE
Female,Disloyal Customer,22,Business Travel,Eco,1136,2,2,2,4,3,2,3,3,1,4,4,1,3,2.62,60,52,FALSE
Male,Loyal Customer,22,Business Travel,Business,1844,4,4,4,4,5,5,5,5,5,4,4,5,5,4.54,147,205,TRUE
Female,Loyal Customer,47,Personal Travel,Eco,228,1,4,1,3,1,4,4,2,2,1,2,2,2,2.23,0,0,FALSE
Female,Loyal Customer,17,Personal Travel,Business,224,3,1,3,2,3,3,2,3,2,4,2,3,3,2.62,0,0,FALSE
Male,Loyal Customer,26,Business Travel,Business,3906,2,2,2,2,4,4,4,4,4,5,1,4,4,3.23,31,78,TRUE
Female,Loyal Customer,32,Business Travel,Business,2537,2,2,2,2,4,4,4,4,3,3,4,4,4,3.23,0,0,TRUE
Female,Disloyal Customer,25,Business Travel,Business,1044,2,5,2,5,2,2,3,2,5,3,4,4,2,3.15,0,0,FALSE
Female,Loyal Customer,12,Personal Travel,Eco Plus,296,4,3,4,3,1,4,5,1,2,2,4,3,1,2.85,0,7,FALSE
Male,Loyal Customer,38,Business Travel,Business,1300,4,4,4,4,3,4,4,5,5,5,5,5,4,4.31,0,0,TRUE
Male,Loyal Customer,58,Personal Travel,Eco,2402,3,4,3,3,3,5,4,4,5,5,4,4,4,3.92,0,0,FALSE
Female,Loyal Customer,48,Business Travel,Business,645,4,4,4,4,2,5,2,2,2,2,2,4,3,3.08,0,0,TRUE
Male,Disloyal Customer,27,Business Travel,Business,1562,2,2,2,3,2,2,2,2,3,3,4,5,2,2.62,0,0,FALSE
Male,Disloyal Customer,44,Business Travel,Business,338,3,3,3,1,5,3,5,5,5,2,4,4,5,3.69,1,0,FALSE
Male,Loyal Customer,44,Business Travel,Business,817,3,3,3,3,1,2,1,5,5,5,5,5,3,3.38,2,0,TRUE
Female,Loyal Customer,21,Personal Travel,Eco,337,2,4,3,3,1,3,1,1,4,5,5,4,1,2.85,0,0,FALSE
Male,Loyal Customer,38,Business Travel,Business,1710,2,2,5,2,3,4,4,2,2,2,2,2,1,2.54,3,12,FALSE
Female,Loyal Customer,17,Personal Travel,Eco,965,3,5,4,4,3,4,5,3,4,4,5,5,3,4,0,0,FALSE
Male,Loyal Customer,46,Business Travel,Business,925,1,1,1,1,4,4,4,5,5,5,5,4,5,3.46,0,0,TRUE
Male,Loyal Customer,32,Business Travel,Eco,937,3,1,1,1,3,3,3,3,1,2,4,2,3,2.31,0,0,FALSE
Male,Loyal Customer,43,Business Travel,Business,1903,3,3,3,3,2,5,4,3,3,3,3,5,5,3.46,0,21,TRUE
Female,Loyal Customer,59,Business Travel,Business,978,1,1,1,1,2,4,5,4,4,4,4,3,3,2.85,0,0,TRUE
Female,Loyal Customer,37,Business Travel,Business,3355,2,2,4,2,1,3,3,2,2,2,2,4,3,2.46,0,6,FALSE
Male,Loyal Customer,21,Personal Travel,Eco,2640,3,5,3,1,5,3,5,5,2,3,5,3,5,3.69,28,0,FALSE
Female,Loyal Customer,19,Personal Travel,Eco Plus,551,1,3,1,2,3,1,3,3,4,5,1,4,3,2.62,6,0,FALSE
Female,Loyal Customer,39,Business Travel,Business,3624,1,3,1,1,2,5,4,5,5,5,5,5,5,3.62,2,0,TRUE
Female,Loyal Customer,47,Business Travel,Eco,237,2,3,3,3,4,4,4,2,2,2,2,2,2,2.69,0,0,FALSE
Male,Loyal Customer,33,Personal Travel,Eco,391,3,5,3,1,5,3,5,5,4,3,4,3,5,3.77,0,0,FALSE
Female,Loyal Customer,20,Personal Travel,Eco,738,4,5,5,3,4,5,2,4,4,5,5,4,4,4.15,0,0,FALSE
Female,Loyal Customer,31,Business Travel,Business,859,3,3,5,3,4,4,4,4,3,2,4,5,4,3.69,3,2,TRUE
Male,Loyal Customer,41,Business Travel,Business,2652,2,2,2,2,2,4,5,4,4,4,4,3,3,3.15,0,0,TRUE
Male,Loyal Customer,50,Business Travel,Business,352,1,1,1,1,3,4,5,4,4,4,4,4,5,3.15,4,0,TRUE
Male,Loyal Customer,69,Personal Travel,Eco,1491,1,4,1,3,2,1,2,2,2,5,4,4,2,2.54,24,12,FALSE
Male,Disloyal Customer,25,Business Travel,Eco Plus,892,2,2,2,4,1,2,1,1,1,4,3,2,1,2,0,3,FALSE
Female,Loyal Customer,28,Business Travel,Business,1189,1,2,5,2,1,1,1,1,1,3,3,3,1,1.92,29,18,FALSE
Male,Loyal Customer,18,Personal Travel,Eco,1694,2,4,2,4,2,2,2,2,3,5,1,2,2,2.54,0,0,FALSE
Male,Loyal Customer,60,Business Travel,Business,466,1,0,0,3,5,3,4,2,2,0,2,3,3,2.15,4,0,FALSE
Male,Disloyal Customer,24,Business Travel,Eco,541,4,0,4,4,4,4,4,4,4,5,5,3,4,3.77,0,35,FALSE
Male,Loyal Customer,37,Personal Travel,Eco,805,2,4,2,3,2,2,4,2,1,1,2,1,2,2.15,0,0,FALSE
Male,Disloyal Customer,34,Business Travel,Business,671,2,2,2,3,4,2,4,4,4,3,4,4,4,3.23,8,9,FALSE
Female,Loyal Customer,41,Business Travel,Business,1555,0,0,0,4,3,5,5,4,4,4,4,3,4,3.08,0,0,TRUE
Female,Loyal Customer,43,Business Travel,Business,957,3,4,4,4,5,4,3,3,3,3,3,1,3,3.31,3,0,FALSE
Female,Loyal Customer,56,Business Travel,Business,3714,1,1,1,1,3,4,5,4,4,4,4,5,3,3.08,0,0,TRUE
Male,Loyal Customer,27,Personal Travel,Eco,404,2,5,4,3,1,4,1,1,3,4,4,4,1,2.85,1,0,FALSE
Female,Disloyal Customer,16,Business Travel,Eco,425,4,2,5,2,4,5,5,4,4,2,3,5,4,3.77,0,0,TRUE
Female,Loyal Customer,16,Business Travel,Eco Plus,512,2,4,2,4,2,2,1,2,3,3,4,4,2,2.69,12,17,FALSE
Female,Loyal Customer,31,Business Travel,Business,2270,5,3,5,5,5,5,4,5,5,3,4,3,5,4.38,18,11,TRUE
Female,Loyal Customer,51,Personal Travel,Eco,2521,2,4,2,4,2,1,1,3,3,3,4,1,1,2.38,0,0,FALSE
Female,Loyal Customer,29,Business Travel,Business,3051,2,4,4,4,2,2,2,2,3,1,2,1,2,2.38,0,0,FALSE
Male,Loyal Customer,47,Business Travel,Business,2862,1,1,5,1,3,5,5,4,4,4,4,5,3,3.46,0,0,TRUE
Female,Loyal Customer,33,Personal Travel,Eco,304,2,4,2,3,1,2,1,1,4,4,4,3,1,2.46,67,110,FALSE
Male,Loyal Customer,35,Business Travel,Eco,261,5,2,2,2,5,5,5,5,2,4,2,5,5,3.77,0,0,TRUE
Female,Loyal Customer,39,Business Travel,Business,895,1,1,1,1,4,5,4,4,4,4,4,3,3,3,0,0,TRUE
Female,Disloyal Customer,26,Business Travel,Business,546,3,4,3,3,1,3,1,1,4,3,4,5,1,2.77,3,11,FALSE
Male,Disloyal Customer,39,Business Travel,Eco,84,2,4,2,1,4,2,4,4,1,3,4,2,4,2.85,0,0,FALSE
Male,Loyal Customer,9,Personal Travel,Eco,1028,1,5,1,3,4,1,4,4,4,2,5,5,4,3.31,1,0,FALSE
Male,Loyal Customer,48,Business Travel,Business,3075,4,4,4,4,1,5,2,4,4,4,4,1,3,3.38,0,0,TRUE
Male,Loyal Customer,39,Business Travel,Business,1553,4,4,4,4,1,3,3,5,5,5,4,5,5,4,0,0,TRUE
Male,Loyal Customer,28,Business Travel,Business,2475,3,1,1,1,3,2,3,3,4,2,4,2,3,2.46,0,5,FALSE
Male,Loyal Customer,14,Personal Travel,Eco,268,3,1,3,3,1,3,1,1,4,2,4,1,1,2.15,0,0,FALSE
Male,Loyal Customer,25,Business Travel,Eco,481,2,2,2,2,2,2,4,2,4,4,4,2,2,2.62,56,61,FALSE
Female,Loyal Customer,13,Personal Travel,Eco,416,3,2,1,4,4,1,4,4,2,5,3,1,4,2.92,0,0,FALSE
Female,Disloyal Customer,26,Business Travel,Eco,259,3,4,2,4,2,2,4,2,3,2,4,3,2,2.85,9,10,FALSE
Male,Loyal Customer,21,Business Travel,Business,1660,2,2,2,2,2,2,2,2,4,1,3,1,2,2.08,0,0,FALSE
Female,Loyal Customer,37,Personal Travel,Eco,2454,3,1,3,3,2,3,1,2,1,3,3,3,2,2.31,0,0,FALSE
Male,Loyal Customer,54,Personal Travel,Eco,829,3,4,4,3,3,4,5,3,4,4,5,5,3,3.85,39,33,FALSE
Female,Disloyal Customer,38,Business Travel,Eco,214,3,4,3,3,4,3,4,4,3,5,4,1,4,3.46,0,3,FALSE
Male,Loyal Customer,57,Personal Travel,Eco,159,3,5,3,3,1,3,1,1,3,4,4,5,1,2.85,83,82,FALSE
Female,Disloyal Customer,33,Business Travel,Eco,342,2,3,2,3,4,2,4,4,3,2,3,4,4,3.08,84,84,FALSE
Female,Disloyal Customer,27,Business Travel,Eco Plus,436,1,0,0,3,4,0,4,4,4,4,4,4,4,2.77,21,3,FALSE
Male,Loyal Customer,67,Personal Travel,Business,551,2,3,2,2,3,3,2,3,3,2,3,3,4,2.69,0,9,FALSE
Male,Loyal Customer,31,Business Travel,Eco,731,3,4,4,4,3,3,3,3,3,2,3,2,3,3.08,28,20,FALSE
Male,Loyal Customer,50,Personal Travel,Business,1262,2,4,2,3,2,4,4,4,4,2,4,4,4,3.31,7,8,FALSE
Female,Loyal Customer,28,Business Travel,Business,516,2,1,1,1,2,2,2,2,3,3,3,2,2,2,54,42,FALSE
Male,Loyal Customer,41,Business Travel,Business,2449,5,5,2,5,4,4,4,3,3,5,4,4,4,4,114,155,TRUE
Male,Loyal Customer,60,Personal Travel,Eco Plus,163,2,2,2,3,3,2,5,3,3,5,4,4,3,3.15,0,0,FALSE
Male,Loyal Customer,54,Personal Travel,Eco,1047,3,4,3,4,4,3,4,4,5,5,5,3,4,3.92,20,0,FALSE
Female,Loyal Customer,18,Business Travel,Business,1608,5,5,5,5,4,4,4,4,2,3,3,4,4,4,0,0,TRUE
Male,Loyal Customer,42,Personal Travel,Eco,946,4,4,4,4,5,4,5,5,3,3,5,5,5,4.31,0,0,TRUE
Male,Loyal Customer,65,Personal Travel,Eco,236,3,2,3,3,1,3,1,1,3,2,2,2,1,2.08,2,0,FALSE
Male,Disloyal Customer,42,Business Travel,Business,1671,4,4,4,3,4,4,4,4,3,3,3,5,4,3.77,0,0,TRUE
Female,Disloyal Customer,54,Business Travel,Eco,1506,2,2,2,4,4,2,2,4,2,5,3,4,4,3.08,26,8,FALSE
Female,Loyal Customer,40,Business Travel,Eco,230,4,1,1,1,4,4,4,4,5,1,3,4,4,3.08,0,0,TRUE
Male,Disloyal Customer,22,Business Travel,Business,920,0,0,0,1,5,0,5,5,3,5,4,5,5,2.92,0,0,TRUE
Female,Loyal Customer,60,Business Travel,Business,1020,4,5,4,4,3,5,4,4,4,4,4,4,4,4.08,0,0,TRUE
Male,Loyal Customer,41,Business Travel,Business,1416,2,2,2,2,5,4,4,4,4,4,4,3,4,3.38,0,0,TRUE
Female,Loyal Customer,18,Business Travel,Eco Plus,770,3,5,5,5,3,3,2,3,1,1,3,4,3,3.15,56,47,FALSE
Female,Disloyal Customer,20,Business Travel,Eco,486,4,0,4,5,3,4,3,3,5,2,4,5,3,3.46,3,18,TRUE
Male,Loyal Customer,24,Business Travel,Business,3037,3,3,3,3,3,3,3,3,3,2,2,4,3,2.92,0,0,FALSE
Female,Disloyal Customer,21,Business Travel,Eco,603,1,0,1,3,3,1,5,3,5,5,5,5,3,3.08,0,0,FALSE
Male,Loyal Customer,63,Personal Travel,Eco,447,4,5,4,1,3,4,3,3,3,2,4,5,3,3.38,0,0,FALSE
Female,Loyal Customer,51,Business Travel,Business,2457,2,4,2,2,2,5,4,4,4,4,4,3,4,3.38,0,0,TRUE
Male,Loyal Customer,36,Personal Travel,Eco,296,5,4,5,4,4,5,4,4,1,2,4,1,4,3.62,0,0,TRUE
Male,Loyal Customer,53,Business Travel,Business,2530,2,2,2,2,3,5,4,5,5,5,5,3,4,3.62,37,51,TRUE
Female,Disloyal Customer,40,Business Travel,Business,853,5,5,5,3,5,5,5,5,5,5,5,3,5,4.69,12,0,TRUE
Male,Loyal Customer,44,Business Travel,Eco Plus,1709,3,5,5,5,3,3,3,3,4,5,2,2,3,3.54,16,0,FALSE
Male,Loyal Customer,67,Personal Travel,Eco,1739,2,4,2,2,4,2,4,4,5,4,4,3,4,3.38,0,0,FALSE
Male,Loyal Customer,68,Personal Travel,Eco,564,2,4,2,4,4,2,2,4,3,4,4,5,4,3.38,0,0,FALSE
Male,Loyal Customer,69,Business Travel,Eco,641,4,1,3,3,5,4,5,5,3,5,3,5,5,3.92,0,0,TRUE
Female,Loyal Customer,46,Business Travel,Business,3518,4,4,4,4,2,5,4,4,4,4,4,3,3,3.77,0,0,TRUE
Female,Disloyal Customer,24,Business Travel,Eco,190,2,5,2,4,1,2,1,1,3,1,3,3,1,2.23,0,2,FALSE
Female,Loyal Customer,53,Business Travel,Business,1846,2,2,2,2,5,4,4,5,5,5,5,5,4,3.85,3,0,TRUE
Male,Disloyal Customer,26,Business Travel,Eco,248,3,4,3,4,5,3,5,5,1,4,4,2,5,3.69,8,5,FALSE
Male,Loyal Customer,30,Personal Travel,Eco,602,3,5,3,2,4,3,4,4,4,3,5,4,4,3.69,0,0,FALSE
Male,Loyal Customer,60,Business Travel,Eco Plus,383,2,4,4,4,2,2,2,2,4,1,4,1,2,2.62,12,11,FALSE
Female,Loyal Customer,39,Business Travel,Eco,550,3,4,4,4,3,3,3,3,1,5,4,2,3,3.23,0,0,FALSE
Male,Disloyal Customer,42,Business Travel,Business,888,2,3,3,3,5,2,5,5,4,4,4,5,5,3.85,0,0,FALSE
Male,Loyal Customer,56,Business Travel,Business,2274,1,2,1,1,4,5,4,4,4,4,4,3,5,3.23,0,0,TRUE
Male,Loyal Customer,47,Business Travel,Business,2632,2,1,1,1,2,3,3,2,2,2,2,1,1,1.77,0,1,FALSE
Male,Loyal Customer,48,Business Travel,Business,401,4,4,4,4,4,5,5,5,5,5,5,5,5,4.62,7,12,TRUE
Male,Loyal Customer,34,Personal Travel,Eco,1068,1,5,1,3,5,1,5,5,3,3,4,4,5,3.46,0,0,FALSE
Male,Loyal Customer,10,Personal Travel,Eco,495,3,4,2,4,3,2,3,3,4,2,5,4,3,3.23,10,10,FALSE
Male,Loyal Customer,61,Business Travel,Eco,289,2,4,4,4,2,2,2,2,2,5,3,1,2,2.69,0,0,FALSE
Female,Loyal Customer,44,Business Travel,Eco,676,4,5,5,5,4,4,4,2,3,3,4,4,4,3.92,107,132,TRUE
Female,Loyal Customer,44,Personal Travel,Eco,312,1,5,5,1,4,5,4,5,5,5,5,4,4,4.08,47,51,FALSE
Male,Disloyal Customer,23,Business Travel,Eco,534,3,1,4,4,4,4,4,4,4,5,3,1,4,3.46,0,1,FALSE
Female,Loyal Customer,28,Personal Travel,Eco,404,1,4,1,3,4,1,4,4,4,5,3,3,4,3.15,8,0,FALSE
Female,Loyal Customer,28,Personal Travel,Eco,1892,5,3,5,3,4,5,4,4,1,4,3,2,4,3.62,0,8,TRUE
Male,Loyal Customer,39,Business Travel,Eco,160,4,4,4,4,4,4,4,4,1,5,5,3,4,3.85,0,0,TRUE
Male,Loyal Customer,23,Personal Travel,Eco,489,2,5,2,3,3,2,3,3,1,2,4,5,3,2.92,0,0,FALSE
Male,Loyal Customer,53,Personal Travel,Eco,413,3,4,3,4,5,3,5,5,5,5,4,3,5,4.15,0,15,FALSE
Female,Loyal Customer,53,Business Travel,Business,1222,2,2,2,2,2,5,4,4,4,4,4,3,5,3.31,0,0,TRUE
Female,Disloyal Customer,38,Business Travel,Business,405,2,2,2,1,3,2,3,3,5,4,4,3,3,2.85,0,0,FALSE
Male,Loyal Customer,11,Personal Travel,Eco,2075,4,5,4,1,4,4,4,4,5,5,5,3,4,4,12,0,TRUE
Male,Loyal Customer,64,Personal Travel,Eco,316,3,5,3,2,1,3,1,1,1,4,1,3,1,2.23,0,0,FALSE
Female,Loyal Customer,40,Business Travel,Eco,589,3,2,2,2,3,3,3,3,4,2,4,4,3,2.92,0,0,FALSE
Male,Loyal Customer,35,Business Travel,Business,301,3,3,3,3,5,3,3,3,3,3,3,2,1,2.92,0,0,FALSE
Male,Loyal Customer,48,Personal Travel,Eco,1276,2,5,2,3,5,2,5,5,4,3,5,4,5,3.85,26,20,FALSE
Female,Loyal Customer,28,Business Travel,Business,2330,2,2,3,2,3,3,3,5,5,5,5,3,3,3.38,99,105,TRUE
Female,Loyal Customer,58,Business Travel,Business,3645,5,5,5,5,3,5,4,3,3,4,3,5,5,4.23,0,0,TRUE
Male,Loyal Customer,69,Personal Travel,Eco,431,1,4,1,1,4,1,4,4,3,3,5,3,4,2.92,0,0,FALSE
Male,Loyal Customer,23,Business Travel,Eco Plus,872,0,3,0,1,1,0,1,1,5,1,1,1,1,1.23,0,5,TRUE
Male,Loyal Customer,54,Personal Travel,Eco,1222,4,1,4,4,4,4,4,4,4,2,4,3,4,3.54,12,9,FALSE
Female,Loyal Customer,34,Business Travel,Business,2818,5,5,5,5,5,2,3,5,5,5,5,1,5,4.31,0,0,TRUE
Female,Disloyal Customer,25,Business Travel,Business,530,3,0,2,1,4,2,5,4,5,4,4,5,4,3.31,2,3,FALSE
Female,Loyal Customer,24,Business Travel,Eco,964,5,5,5,5,5,4,3,5,5,3,4,2,5,4.31,82,65,TRUE
Male,Loyal Customer,44,Business Travel,Business,2797,1,1,1,1,1,5,2,4,4,4,4,2,3,2.54,0,0,TRUE
Male,Loyal Customer,33,Business Travel,Business,383,3,3,3,3,4,4,4,4,3,5,4,4,4,3.69,6,25,TRUE
Female,Loyal Customer,41,Business Travel,Business,3094,2,3,3,3,3,3,4,2,2,2,2,2,3,2.62,128,115,FALSE
Female,Loyal Customer,28,Personal Travel,Eco,425,3,0,3,1,3,3,3,3,5,5,4,4,3,3.08,21,16,FALSE
Female,Loyal Customer,59,Business Travel,Business,2811,1,1,1,1,5,4,5,5,5,5,5,3,3,3.38,0,0,TRUE
Female,Loyal Customer,26,Business Travel,Business,2421,2,4,4,4,2,2,2,2,2,5,4,4,2,3,0,10,FALSE
Female,Loyal Customer,46,Business Travel,Business,2146,4,5,5,5,3,3,2,4,4,4,4,4,2,3.77,35,28,FALSE
Male,Loyal Customer,50,Personal Travel,Eco,406,4,4,4,3,1,4,1,1,5,2,1,3,1,2.62,0,0,FALSE
Male,Loyal Customer,16,Personal Travel,Business,489,1,3,1,3,1,1,1,1,3,3,4,3,1,2,0,0,FALSE
Male,Loyal Customer,46,Business Travel,Business,223,1,1,1,1,5,4,3,2,2,2,1,3,2,2.15,0,0,FALSE
Female,Disloyal Customer,21,Business Travel,Eco,351,5,0,5,3,5,5,5,5,4,3,4,3,5,4,0,0,TRUE
Male,Loyal Customer,45,Business Travel,Eco Plus,300,5,2,2,2,5,5,5,5,5,2,2,4,5,3.77,12,5,TRUE
Male,Loyal Customer,39,Business Travel,Business,1896,2,2,2,2,2,2,3,4,4,4,4,1,5,2.85,14,3,TRUE
Male,Loyal Customer,38,Personal Travel,Eco,842,5,2,5,2,5,3,3,1,3,2,3,3,3,3.08,176,189,TRUE
Male,Loyal Customer,41,Business Travel,Eco,1299,3,4,4,4,2,3,2,2,1,3,2,2,2,2.62,0,0,FALSE
Female,Loyal Customer,14,Personal Travel,Eco,214,2,1,2,4,3,2,3,3,3,2,5,4,3,2.85,0,0,FALSE
Male,Disloyal Customer,30,Business Travel,Business,1310,2,3,3,2,1,3,1,1,3,3,5,3,1,2.38,65,49,FALSE
Female,Disloyal Customer,35,Business Travel,Eco,1134,1,1,1,3,3,1,3,3,4,2,3,1,3,2.23,0,0,FALSE
Male,Loyal Customer,54,Business Travel,Eco,999,3,5,5,5,3,3,3,3,2,5,4,2,3,3.54,0,0,FALSE
Male,Loyal Customer,19,Personal Travel,Eco,550,2,4,2,3,3,2,3,3,3,3,4,5,3,3.08,14,9,FALSE
Male,Loyal Customer,67,Personal Travel,Eco,248,2,4,2,3,2,2,2,2,5,5,4,5,2,3.08,0,0,FALSE
Female,Disloyal Customer,38,Business Travel,Eco,446,2,3,2,2,3,2,4,3,2,4,3,1,3,2.62,16,17,FALSE
Male,Disloyal Customer,24,Business Travel,Eco,554,2,0,2,1,1,2,1,1,2,3,3,2,1,1.62,0,7,FALSE
Male,Loyal Customer,47,Business Travel,Eco,191,3,4,4,4,3,3,3,3,3,1,3,4,3,3.15,10,9,FALSE
Male,Loyal Customer,26,Business Travel,Business,2139,2,2,2,2,5,5,5,5,3,5,4,4,5,3.77,1,0,TRUE
Female,Loyal Customer,40,Business Travel,Eco,200,4,3,3,3,4,4,4,4,3,1,4,3,4,3.38,0,49,FALSE
Female,Loyal Customer,49,Personal Travel,Eco,813,1,0,1,4,3,4,5,2,2,1,2,5,3,2.54,0,0,FALSE
Male,Loyal Customer,31,Business Travel,Business,1075,3,3,3,3,4,4,4,4,5,3,5,5,4,3.85,31,36,TRUE
Male,Loyal Customer,39,Business Travel,Eco Plus,337,5,4,4,4,5,5,5,5,3,2,4,2,5,4.08,0,0,TRUE
Male,Loyal Customer,47,Business Travel,Eco,859,5,5,5,5,5,5,5,5,1,5,2,5,5,4.46,25,23,TRUE
Male,Loyal Customer,18,Personal Travel,Eco,241,3,5,0,2,5,0,2,5,3,2,5,4,5,3.15,0,0,FALSE
Male,Loyal Customer,41,Business Travel,Eco,500,1,3,2,3,1,1,1,1,4,4,4,4,1,2.31,11,8,FALSE
Male,Loyal Customer,20,Personal Travel,Business,651,5,4,5,1,1,4,1,1,2,4,5,1,1,2.69,20,6,TRUE
Male,Loyal Customer,52,Business Travel,Business,1595,0,0,0,4,3,5,1,5,5,5,5,5,5,3.31,0,0,TRUE
Female,Loyal Customer,56,Business Travel,Eco,674,4,2,1,2,1,4,4,4,4,4,4,1,2,2.85,16,11,TRUE
Male,Loyal Customer,19,Personal Travel,Eco Plus,852,3,5,3,5,5,3,5,5,5,5,4,5,5,4.46,16,6,FALSE
Female,Loyal Customer,15,Personal Travel,Eco,200,1,1,1,4,5,1,5,5,3,4,4,1,5,3.08,0,0,FALSE
Male,Loyal Customer,47,Business Travel,Business,2418,1,1,1,1,4,5,4,4,4,4,4,4,3,3.08,12,4,TRUE
Male,Loyal Customer,46,Business Travel,Business,536,4,4,4,4,1,1,1,4,4,4,4,5,2,3.23,0,0,TRUE
Female,Loyal Customer,55,Business Travel,Business,3437,4,4,4,4,5,4,5,4,4,4,4,5,5,4.31,5,41,TRUE
Female,Loyal Customer,37,Business Travel,Eco,305,4,2,2,2,4,4,4,4,4,1,3,4,4,3.23,12,11,FALSE
Male,Loyal Customer,44,Business Travel,Business,551,1,1,1,1,4,4,4,5,5,5,5,5,4,3.46,0,0,TRUE
Male,Disloyal Customer,28,Business Travel,Eco,986,3,3,3,3,2,3,2,2,4,2,3,4,2,2.77,21,26,FALSE
Female,Loyal Customer,59,Personal Travel,Eco,438,2,5,2,4,5,5,4,5,5,2,5,5,4,4.08,0,0,FALSE
Male,Loyal Customer,64,Business Travel,Business,1582,3,4,4,4,1,3,3,3,3,2,3,3,2,2.92,21,1,FALSE
Female,Loyal Customer,48,Business Travel,Eco Plus,692,2,4,4,4,4,1,3,2,2,2,2,2,4,2.77,60,55,TRUE
Male,Loyal Customer,49,Business Travel,Business,89,0,4,0,1,3,5,4,3,3,3,3,3,5,2.85,21,15,TRUE
Female,Loyal Customer,51,Business Travel,Business,3635,1,3,3,3,3,2,2,1,1,1,1,2,3,2,0,0,FALSE
Male,Loyal Customer,63,Personal Travel,Eco Plus,524,2,2,3,3,4,3,4,4,4,1,2,3,4,3,0,0,FALSE
Female,Loyal Customer,56,Business Travel,Business,1507,0,0,0,3,3,5,5,2,2,3,3,4,3,2.54,10,12,TRUE
Male,Loyal Customer,60,Business Travel,Business,2131,5,5,3,5,5,3,4,5,5,5,5,1,1,4,0,0,TRUE
Male,Loyal Customer,11,Personal Travel,Eco,199,3,4,0,2,4,0,4,4,5,2,5,3,4,3.08,14,14,FALSE
Female,Disloyal Customer,27,Business Travel,Eco,447,2,3,2,4,4,2,4,4,4,4,3,2,4,3.23,7,5,FALSE
Female,Disloyal Customer,36,Business Travel,Business,993,2,1,1,3,1,1,5,1,5,2,4,4,1,2.38,0,0,FALSE
Female,Loyal Customer,50,Business Travel,Business,152,1,2,2,2,5,2,3,2,2,2,1,1,1,2,0,15,FALSE
Female,Loyal Customer,34,Business Travel,Business,373,2,2,2,2,1,4,3,4,4,4,4,4,5,3.15,0,5,TRUE
Female,Loyal Customer,28,Business Travel,Business,3612,4,4,4,4,4,5,4,4,5,3,4,4,4,4.08,0,0,TRUE
Male,Disloyal Customer,25,Business Travel,Eco,1262,3,3,3,4,3,3,3,3,3,4,3,4,3,3.23,20,1,FALSE
Male,Loyal Customer,27,Personal Travel,Eco,2475,2,2,2,4,2,2,2,2,2,5,3,3,2,2.54,4,0,FALSE
Male,Loyal Customer,41,Personal Travel,Business,602,3,2,3,4,4,4,4,4,4,3,4,2,2,3.31,0,0,FALSE
Male,Loyal Customer,58,Personal Travel,Eco,2402,4,5,4,2,4,3,3,5,2,4,4,3,3,3.54,3,0,TRUE
Female,Loyal Customer,25,Business Travel,Eco Plus,521,4,1,1,1,4,4,4,4,4,4,5,4,4,3.38,0,0,TRUE
Male,Loyal Customer,54,Business Travel,Business,2887,1,1,5,1,5,5,5,3,3,4,5,5,5,3.69,1,0,TRUE
Male,Loyal Customer,35,Business Travel,Business,1475,4,4,4,4,4,4,5,5,5,5,5,3,3,4.23,0,0,TRUE
Female,Disloyal Customer,10,Business Travel,Eco,980,3,3,3,3,5,3,5,5,2,1,4,3,5,3.46,43,21,FALSE
Male,Loyal Customer,57,Business Travel,Business,3041,2,5,5,5,4,4,3,2,2,2,2,4,2,3.23,3,9,FALSE
Female,Disloyal Customer,22,Business Travel,Eco,306,3,0,3,2,1,3,1,1,4,5,1,3,1,2.15,0,0,FALSE
Female,Loyal Customer,49,Personal Travel,Eco,328,3,2,3,4,1,4,3,3,3,3,4,3,1,2.85,1,0,FALSE
Female,Loyal Customer,35,Business Travel,Eco,1123,3,2,2,2,4,3,3,3,2,3,1,3,3,2.62,194,188,TRUE
Male,Disloyal Customer,30,Business Travel,Eco,631,2,3,3,3,5,3,5,5,4,5,4,1,5,3.69,15,0,FALSE
Female,Loyal Customer,35,Personal Travel,Eco,1399,4,4,4,1,4,4,4,4,5,2,3,3,4,3.54,0,0,TRUE
Female,Disloyal Customer,35,Business Travel,Business,2565,2,2,2,4,2,5,5,3,3,4,5,5,5,3.62,5,0,FALSE
Female,Loyal Customer,54,Business Travel,Business,3460,4,4,4,4,2,4,5,4,4,4,4,5,5,4.08,0,0,TRUE
Female,Disloyal Customer,27,Business Travel,Eco,1235,3,4,4,2,4,4,4,4,5,5,1,1,4,3.46,0,0,FALSE
Female,Loyal Customer,41,Business Travel,Business,696,2,2,2,2,3,4,5,4,4,4,4,4,3,3.31,3,0,TRUE
Female,Loyal Customer,50,Business Travel,Business,581,1,0,0,3,5,3,3,5,5,0,5,3,4,2.85,8,2,FALSE
Female,Loyal Customer,46,Business Travel,Business,2239,4,4,4,4,4,4,4,4,5,5,4,4,4,4.15,0,0,TRUE
Male,Loyal Customer,24,Personal Travel,Eco,309,0,5,0,5,2,0,2,2,3,3,4,4,2,2.46,0,0,TRUE
Male,Loyal Customer,44,Personal Travel,Eco,781,2,5,2,2,3,2,3,3,4,2,3,3,3,2.85,0,0,FALSE
Female,Loyal Customer,32,Personal Travel,Eco,867,1,5,0,3,3,0,3,3,1,2,2,4,3,2.31,0,0,FALSE
Female,Loyal Customer,54,Business Travel,Business,1894,3,3,3,3,3,4,5,5,5,5,5,4,5,4.08,5,0,TRUE
Male,Loyal Customer,45,Business Travel,Eco,147,4,3,3,3,4,4,4,4,2,4,2,1,4,3.23,0,0,TRUE
Female,Loyal Customer,41,Business Travel,Business,253,0,0,0,4,2,1,5,2,2,2,4,1,1,1.85,0,0,TRUE
Female,Loyal Customer,68,Personal Travel,Eco Plus,2065,1,4,1,1,3,3,4,1,1,1,1,3,3,2.08,5,0,FALSE
Male,Loyal Customer,22,Business Travel,Eco,222,3,3,3,3,3,3,1,3,1,1,2,1,3,2.31,0,13,FALSE
Female,Loyal Customer,36,Personal Travel,Eco,507,1,3,1,4,4,1,4,4,4,4,4,3,4,3.15,0,0,FALSE
Male,Loyal Customer,54,Personal Travel,Eco,641,1,4,1,2,5,1,5,5,3,3,5,3,5,3.31,0,0,FALSE
Female,Disloyal Customer,26,Business Travel,Eco,145,4,0,3,2,4,3,4,4,5,5,2,2,4,3.23,0,0,TRUE
Female,Loyal Customer,47,Business Travel,Business,371,3,3,3,3,4,2,4,4,4,4,4,1,2,3.15,0,0,TRUE
Female,Loyal Customer,40,Business Travel,Business,2586,4,4,4,4,4,4,4,4,4,4,4,3,4,3.92,0,0,TRUE
Female,Disloyal Customer,24,Business Travel,Eco,985,3,2,2,2,5,2,5,5,5,2,4,5,5,3.62,0,0,FALSE
Male,Loyal Customer,43,Business Travel,Business,3965,5,5,5,5,3,5,4,5,5,5,5,4,5,4.69,0,0,TRUE
Male,Disloyal Customer,26,Business Travel,Business,484,2,2,2,1,3,2,3,3,3,5,4,5,3,2.92,1,0,FALSE
Male,Loyal Customer,36,Business Travel,Business,3382,1,2,5,2,4,3,4,1,1,1,1,1,2,2.15,0,0,FALSE
Female,Loyal Customer,67,Business Travel,Business,762,4,3,3,3,3,3,4,4,4,4,4,1,3,3.31,0,0,FALSE
Male,Loyal Customer,60,Business Travel,Business,2869,3,3,3,3,2,5,5,4,4,4,4,4,3,3.62,0,0,TRUE
Male,Loyal Customer,37,Personal Travel,Eco,718,4,4,4,2,3,4,3,3,3,4,4,5,3,3.54,21,20,FALSE
Female,Loyal Customer,57,Personal Travel,Eco,528,1,5,5,5,3,5,4,5,5,5,3,3,4,4.08,0,0,FALSE
Female,Loyal Customer,54,Business Travel,Business,834,2,3,3,3,2,4,3,2,2,3,2,4,2,2.69,0,3,FALSE
Female,Loyal Customer,68,Business Travel,Business,605,3,3,3,3,1,5,5,4,4,5,4,1,1,3.23,0,0,TRUE
Female,Loyal Customer,12,Personal Travel,Eco,399,4,4,4,1,2,4,2,2,4,2,4,4,2,3,0,0,TRUE
Female,Disloyal Customer,21,Business Travel,Business,641,4,3,4,1,3,4,3,3,4,4,2,4,3,3.23,0,0,TRUE
Male,Loyal Customer,53,Personal Travel,Eco,296,3,4,3,2,4,3,4,4,3,4,4,4,4,3.54,46,33,FALSE
Male,Loyal Customer,35,Personal Travel,Eco,399,2,4,2,5,4,2,4,4,5,2,5,4,4,3.62,0,14,FALSE
Male,Loyal Customer,62,Personal Travel,Business,991,3,3,3,4,4,4,4,1,1,3,1,1,3,2.69,0,0,FALSE
Female,Disloyal Customer,27,Business Travel,Eco Plus,748,3,3,3,3,1,3,1,1,2,1,3,4,1,2.23,0,0,FALSE
Female,Loyal Customer,48,Business Travel,Business,3945,5,5,5,5,3,4,4,5,5,5,5,5,5,4.69,0,18,TRUE
Male,Loyal Customer,48,Business Travel,Business,1708,2,2,2,2,2,4,4,2,2,2,2,3,3,2.46,19,22,TRUE
Female,Disloyal Customer,9,Business Travel,Business,644,3,3,3,3,1,3,1,1,3,3,3,2,1,2.31,1,10,FALSE
Female,Loyal Customer,45,Personal Travel,Eco,328,4,3,4,4,5,3,3,2,2,4,2,3,2,3.15,5,,FALSE
Female,Loyal Customer,33,Business Travel,Business,2954,3,3,3,3,5,5,4,5,5,5,5,3,3,4,0,0,TRUE
Female,Disloyal Customer,37,Business Travel,Eco Plus,283,2,2,2,3,1,2,1,1,1,5,4,3,1,2.15,61,50,FALSE
Male,Loyal Customer,38,Business Travel,Eco,1362,4,4,3,4,4,4,4,4,4,4,5,4,4,4,1,0,TRUE
Male,Disloyal Customer,38,Business Travel,Eco,519,2,4,2,3,1,2,1,1,2,2,3,1,1,1.92,0,0,FALSE
Female,Loyal Customer,27,Business Travel,Business,563,3,3,3,3,3,3,3,3,1,5,3,1,3,2.85,0,0,FALSE
Male,Loyal Customer,19,Personal Travel,Eco Plus,1379,1,1,1,4,2,1,2,2,3,3,3,4,2,2.23,0,0,FALSE
Female,Loyal Customer,46,Business Travel,Business,1488,2,2,2,2,3,5,5,5,5,5,5,5,3,3.77,0,10,TRUE
Male,Disloyal Customer,24,Business Travel,Eco,601,1,1,1,3,2,1,2,2,1,3,4,2,2,1.92,43,36,FALSE
Male,Loyal Customer,37,Business Travel,Business,2883,2,2,2,2,5,4,4,3,3,3,3,4,4,3.15,0,0,TRUE
Female,Loyal Customer,31,Personal Travel,Eco,566,3,5,3,3,5,3,5,5,5,4,5,5,5,4.31,0,1,FALSE
Male,Loyal Customer,34,Personal Travel,Eco,761,2,4,2,3,4,2,4,4,5,4,4,3,4,3.46,0,0,FALSE
Male,Loyal Customer,42,Personal Travel,Eco,528,2,5,4,1,5,4,1,5,4,4,4,5,5,3.77,0,0,FALSE
Female,Loyal Customer,16,Business Travel,Eco,1035,4,3,3,3,4,4,2,4,1,3,3,1,4,3,32,19,FALSE
Female,Loyal Customer,57,Business Travel,Business,1119,1,1,1,1,5,5,5,5,5,5,5,4,5,3.69,0,0,TRUE
Female,Disloyal Customer,37,Business Travel,Eco,646,2,2,2,4,2,2,2,2,3,5,4,3,2,2.69,0,0,FALSE
Female,Loyal Customer,52,Business Travel,Business,2922,4,4,4,4,3,5,4,5,5,5,5,3,3,4.15,0,0,TRUE
Female,Loyal Customer,28,Personal Travel,Eco,1616,1,5,0,3,4,0,4,4,5,5,5,3,4,3.31,0,0,FALSE
Female,Loyal Customer,57,Business Travel,Eco Plus,98,4,3,3,3,2,2,5,4,4,4,4,3,5,3.54,0,0,TRUE
Male,Loyal Customer,36,Business Travel,Eco,1598,4,4,4,4,4,4,4,4,5,1,5,5,4,4,29,12,TRUE
Female,Loyal Customer,21,Business Travel,Business,1998,3,1,1,1,3,3,3,3,3,3,4,2,3,2.54,0,0,FALSE
Male,Loyal Customer,54,Business Travel,Business,1924,1,1,3,1,5,4,4,5,5,5,5,4,3,3.54,0,0,TRUE
Male,Disloyal Customer,17,Business Travel,Eco,925,4,4,4,3,4,4,5,4,3,2,4,5,4,3.85,14,20,FALSE
Female,Loyal Customer,13,Personal Travel,Eco,1379,1,5,1,3,1,1,1,1,4,4,3,4,1,2.31,0,0,FALSE
Female,Loyal Customer,52,Business Travel,Eco,332,3,1,1,1,2,3,2,2,2,3,2,4,1,2.08,0,22,TRUE
Male,Loyal Customer,40,Business Travel,Business,255,0,0,0,3,3,4,4,2,2,2,2,5,3,2.31,0,0,TRUE
Male,Loyal Customer,68,Personal Travel,Eco,287,2,4,2,1,4,2,4,4,4,3,5,3,4,3.23,100,84,FALSE
Female,Loyal Customer,44,Business Travel,Eco,495,4,1,1,1,1,4,3,3,3,4,3,1,1,2.31,0,0,TRUE
Male,Loyal Customer,50,Personal Travel,Eco,134,3,1,3,1,4,3,1,4,3,4,1,3,4,2.69,0,7,FALSE
Female,Loyal Customer,49,Personal Travel,Eco,423,2,3,2,4,1,3,3,4,4,2,2,4,3,2.85,49,33,FALSE
Female,Disloyal Customer,35,Business Travel,Business,1916,3,3,3,2,1,3,4,1,4,3,3,5,1,2.77,1,0,FALSE
Female,Loyal Customer,53,Business Travel,Business,2125,2,2,2,2,3,3,5,4,4,4,4,4,5,3.38,0,0,TRUE
Female,Loyal Customer,39,Personal Travel,Eco,1120,2,4,2,3,5,2,5,5,3,3,4,5,5,3.69,9,5,FALSE
Female,Loyal Customer,38,Business Travel,Eco,1598,2,2,2,2,2,2,2,2,4,4,3,2,2,2.38,148,139,FALSE
Male,Loyal Customer,42,Personal Travel,Eco,345,4,4,4,4,1,4,1,1,4,5,5,4,1,3.23,0,0,FALSE
Female,Disloyal Customer,23,Business Travel,Eco,762,3,3,3,2,2,3,2,2,3,2,5,4,2,2.77,0,0,FALSE
Female,Disloyal Customer,38,Business Travel,Eco Plus,347,2,2,2,3,5,2,5,5,3,4,3,4,5,3.46,69,52,FALSE
Male,Loyal Customer,59,Personal Travel,Eco,581,3,5,3,2,1,3,5,1,4,2,4,4,1,2.92,0,2,FALSE
Male,Loyal Customer,40,Business Travel,Business,1803,3,3,3,3,3,4,5,5,5,5,5,4,3,3.92,0,0,TRUE
Female,Loyal Customer,28,Personal Travel,Eco,1616,4,4,4,1,2,4,2,2,4,4,3,5,2,3.15,2,3,FALSE
Female,Loyal Customer,41,Business Travel,Business,1754,2,2,2,2,5,4,4,5,5,5,5,4,4,3.77,13,0,TRUE
Female,Loyal Customer,37,Personal Travel,Eco,109,3,5,0,3,3,0,2,3,3,2,5,3,3,2.69,89,91,FALSE
Female,Loyal Customer,24,Personal Travel,Eco,787,3,5,3,3,5,3,5,5,5,4,4,5,5,4.23,18,2,FALSE
Male,Loyal Customer,41,Business Travel,Business,1912,4,3,3,3,1,2,2,4,4,3,4,3,3,3,74,65,FALSE
Male,Loyal Customer,68,Business Travel,Business,1587,1,1,1,1,2,4,4,4,4,4,4,4,4,2.92,0,0,TRUE
Female,Loyal Customer,57,Business Travel,Eco Plus,391,4,1,5,5,2,4,5,4,4,4,4,2,2,3.54,4,3,TRUE
Male,Loyal Customer,9,Personal Travel,Eco,495,3,4,3,2,4,3,4,4,3,4,5,3,4,3.54,0,0,FALSE
Female,Loyal Customer,67,Personal Travel,Business,936,3,4,3,2,2,4,5,3,3,3,3,4,4,3.31,0,0,FALSE
Female,Loyal Customer,26,Personal Travel,Eco,602,4,3,4,4,5,4,5,5,3,3,4,2,5,3.92,0,0,FALSE
Female,Loyal Customer,10,Personal Travel,Eco,738,4,5,4,3,4,4,4,4,4,4,5,3,4,4,0,0,FALSE
Male,Loyal Customer,53,Personal Travel,Eco,262,5,2,0,4,5,0,5,5,4,4,3,4,5,3.54,0,0,TRUE
Female,Loyal Customer,30,Personal Travel,Eco,696,2,5,2,1,2,2,2,2,5,3,5,5,2,2.92,0,0,FALSE
Male,Loyal Customer,70,Business Travel,Business,2247,1,1,1,1,2,5,5,5,5,5,5,4,5,3.46,0,0,TRUE
Male,Loyal Customer,60,Business Travel,Business,1938,5,5,5,5,2,4,5,4,4,4,4,5,4,4.31,0,0,TRUE
Female,Loyal Customer,48,Business Travel,Eco,140,2,4,4,4,2,1,2,2,2,2,2,4,2,2.54,0,0,FALSE
Male,Loyal Customer,42,Business Travel,Business,1166,2,2,2,2,2,4,4,4,4,4,4,3,3,3.08,29,4,TRUE
Male,Loyal Customer,69,Personal Travel,Eco,646,4,3,4,2,5,4,5,5,1,3,2,3,5,3.54,0,0,FALSE
Male,Loyal Customer,55,Business Travel,Business,1235,5,5,5,5,3,4,5,4,4,4,4,5,4,4.38,0,0,TRUE
Male,Loyal Customer,9,Personal Travel,Eco,678,2,4,2,3,3,2,5,3,5,4,4,4,3,3.38,84,68,FALSE
Female,Loyal Customer,30,Personal Travel,Eco,386,2,2,2,3,4,2,4,4,4,3,3,2,4,3,10,0,FALSE
Female,Loyal Customer,69,Business Travel,Business,3662,3,5,5,5,1,3,4,3,3,3,3,1,3,3.23,0,0,FALSE
Female,Loyal Customer,26,Business Travel,Eco,587,1,4,4,4,1,1,1,1,3,5,3,1,1,2.31,29,32,FALSE
Female,Loyal Customer,36,Business Travel,Business,1951,1,0,0,4,1,4,4,2,2,0,2,1,3,1.85,0,0,FALSE
Female,Disloyal Customer,35,Business Travel,Eco,250,1,1,1,3,4,1,5,4,1,1,4,2,4,2.46,3,0,FALSE
Female,Loyal Customer,39,Personal Travel,Eco,1379,5,4,5,1,3,5,3,3,3,2,4,4,3,3.46,0,0,TRUE
Female,Loyal Customer,30,Business Travel,Eco,2173,4,1,1,1,4,4,4,4,4,1,2,4,4,2.92,0,0,FALSE
Male,Loyal Customer,50,Business Travel,Business,802,2,2,2,2,5,4,5,4,4,4,4,5,3,3.54,0,0,TRUE
Female,Loyal Customer,33,Business Travel,Business,1674,3,1,3,3,1,5,2,5,5,5,5,1,5,3.38,0,12,TRUE
Male,Loyal Customer,37,Business Travel,Eco,373,4,3,3,3,4,4,4,4,2,4,3,3,4,3.46,8,0,TRUE
Male,Loyal Customer,8,Personal Travel,Eco,134,2,2,0,3,3,0,3,3,3,5,2,2,3,2.38,0,0,FALSE
Female,Loyal Customer,51,Business Travel,Business,2064,2,5,1,1,3,4,4,2,2,1,2,1,1,2.23,12,2,FALSE
Female,Loyal Customer,32,Personal Travel,Eco,347,3,4,3,4,1,3,1,1,4,4,4,3,1,2.77,53,50,FALSE
Female,Loyal Customer,60,Business Travel,Business,3041,3,3,3,3,2,5,4,5,5,5,5,4,3,3.85,0,,TRUE
Male,Loyal Customer,58,Personal Travel,Eco,73,1,5,1,3,3,1,3,3,2,3,5,4,3,2.85,0,0,FALSE
Female,Loyal Customer,51,Business Travel,Eco Plus,693,5,1,1,1,2,4,1,5,5,5,5,4,2,3.15,0,57,TRUE
Male,Loyal Customer,7,Personal Travel,Eco Plus,486,4,3,4,2,2,4,1,2,1,5,3,4,2,2.85,0,0,FALSE
Female,Loyal Customer,46,Personal Travel,Eco,2496,1,5,1,1,5,3,1,3,3,1,5,3,1,2.54,0,0,FALSE
Male,Loyal Customer,51,Business Travel,Business,235,5,5,5,5,2,5,5,5,5,4,5,3,4,4.46,0,0,TRUE
Female,Loyal Customer,14,Personal Travel,Eco,1096,2,4,2,1,5,2,5,5,5,5,4,3,5,3.69,0,0,FALSE
Female,Loyal Customer,47,Business Travel,Business,300,1,2,2,2,1,4,4,1,1,1,1,4,2,2,0,0,FALSE
Female,Loyal Customer,45,Business Travel,Business,2457,3,2,2,2,3,3,3,2,5,4,4,3,3,3,25,24,FALSE
Female,Loyal Customer,60,Business Travel,Business,230,2,2,1,2,3,4,5,5,5,5,5,3,1,3.31,0,0,TRUE
Female,Loyal Customer,30,Personal Travel,Eco,347,2,5,2,4,3,2,3,3,4,2,5,3,3,3.15,72,80,FALSE
Male,Loyal Customer,26,Business Travel,Business,1744,3,3,3,3,5,5,5,5,5,3,3,3,5,3.92,0,0,TRUE
Male,Loyal Customer,49,Business Travel,Business,3141,3,3,3,3,4,3,4,3,3,3,3,1,1,2.85,0,0,FALSE
Female,Disloyal Customer,28,Business Travel,Eco,331,2,4,2,3,5,2,5,5,3,2,3,4,5,3.46,0,0,FALSE
Male,Loyal Customer,38,Business Travel,Eco,770,4,1,1,1,4,4,4,4,2,2,2,3,4,2.77,0,30,TRUE
Female,Disloyal Customer,23,Business Travel,Eco,89,4,0,4,4,4,4,4,4,4,4,5,2,4,3.62,0,0,TRUE
Male,Loyal Customer,22,Personal Travel,Eco,564,2,4,2,4,2,2,2,2,5,5,5,5,2,3.23,0,0,FALSE
Female,Disloyal Customer,20,Business Travel,Eco,1235,2,2,2,5,4,2,1,4,3,5,4,4,4,3.23,5,0,TRUE
Female,Loyal Customer,43,Business Travel,Business,1916,5,3,5,5,3,4,4,4,4,4,4,4,3,4,5,0,TRUE
Female,Loyal Customer,31,Business Travel,Business,1802,4,4,5,4,4,5,4,4,2,4,5,2,4,3.92,4,0,TRUE
Male,Loyal Customer,35,Personal Travel,Eco,444,0,4,0,3,2,0,2,2,5,4,4,4,2,2.46,2,3,TRUE
Male,Loyal Customer,37,Business Travel,Business,471,2,2,2,2,3,4,5,4,4,4,4,3,3,3.23,2,0,TRUE
Female,Disloyal Customer,39,Business Travel,Eco,102,2,0,2,3,5,2,5,5,2,5,2,3,5,3.15,0,0,FALSE
Male,Loyal Customer,44,Business Travel,Business,641,3,3,3,3,3,4,4,4,4,4,4,4,5,3.69,0,14,TRUE
Male,Disloyal Customer,46,Business Travel,Business,1072,2,2,2,3,2,2,2,2,5,4,5,5,2,2.92,0,0,FALSE
Female,Loyal Customer,31,Personal Travel,Eco,280,1,5,4,1,4,4,1,4,3,5,5,5,4,3.54,0,0,FALSE
Male,Loyal Customer,22,Personal Travel,Business,773,3,4,2,2,2,2,2,2,3,2,5,3,2,2.62,13,69,FALSE
Male,Loyal Customer,41,Personal Travel,Eco,152,4,5,4,1,5,4,5,5,5,3,4,4,5,4.15,0,9,FALSE
Female,Loyal Customer,62,Personal Travel,Business,127,2,1,2,3,4,1,3,3,3,2,3,4,2,2.54,16,13,FALSE
Female,Loyal Customer,36,Business Travel,Business,1818,4,4,4,4,2,4,4,5,5,5,5,5,5,4.31,0,4,TRUE
Male,Disloyal Customer,21,Business Travel,Eco,472,0,0,0,4,3,0,3,3,5,4,4,5,3,2.62,79,75,TRUE
Female,Loyal Customer,47,Personal Travel,Eco,861,2,1,2,3,1,4,3,4,4,2,2,1,1,2.31,0,3,FALSE
Male,Loyal Customer,43,Business Travel,Business,1182,5,5,5,5,3,4,4,4,4,4,4,5,4,4.31,17,0,TRUE
Female,Disloyal Customer,23,Business Travel,Eco Plus,402,5,0,5,5,3,5,1,3,1,2,2,4,3,3,0,0,TRUE
Female,Loyal Customer,45,Business Travel,Business,1521,4,4,4,4,3,4,5,5,5,5,5,5,5,4.46,0,0,TRUE
Male,Loyal Customer,71,Business Travel,Eco Plus,836,2,3,3,3,1,2,1,1,1,4,2,3,1,2.08,0,0,FALSE
Female,Loyal Customer,25,Personal Travel,Eco,1050,2,4,2,2,2,2,2,2,3,5,5,4,2,2.85,15,17,FALSE
Female,Disloyal Customer,20,Business Travel,Eco,414,4,3,4,3,2,4,3,2,4,5,4,3,2,3.31,11,8,FALSE
Female,Disloyal Customer,22,Business Travel,Business,338,4,5,3,2,1,3,1,1,4,2,4,4,1,2.69,46,36,TRUE
Female,Loyal Customer,68,Business Travel,Business,2131,2,2,3,2,2,4,3,5,5,5,3,5,3,3.38,0,0,TRUE
Female,Disloyal Customer,20,Business Travel,Eco,451,1,0,1,3,3,1,3,3,2,4,1,5,3,2.31,0,0,FALSE
Male,Loyal Customer,41,Personal Travel,Eco,762,3,5,3,3,1,3,1,1,4,5,5,4,1,3,0,12,FALSE
Female,Loyal Customer,67,Business Travel,Business,425,3,3,3,3,3,4,4,3,3,3,3,1,4,3.08,0,0,FALSE
Male,Loyal Customer,31,Business Travel,Business,204,1,1,1,1,1,1,1,1,1,1,3,1,1,1.15,0,7,FALSE
Male,Loyal Customer,44,Business Travel,Business,1630,3,1,1,1,3,1,2,3,3,3,3,4,1,2.23,0,0,FALSE
Male,Disloyal Customer,9,Business Travel,Eco,1400,3,3,3,3,2,3,2,2,4,2,3,2,2,2.62,0,4,FALSE
Male,Loyal Customer,37,Business Travel,Eco,846,3,4,4,4,3,3,3,3,2,3,4,2,3,3.15,0,0,FALSE
Male,Loyal Customer,36,Business Travel,Business,2475,2,1,1,1,5,3,4,2,2,3,2,2,4,2.46,0,0,FALSE
Female,Disloyal Customer,30,Business Travel,Business,1744,3,3,3,1,1,3,1,1,4,2,4,4,1,2.38,18,37,FALSE
Female,Loyal Customer,37,Business Travel,Business,3236,0,5,0,1,2,5,1,3,3,3,3,2,4,2.46,0,0,TRUE
Female,Loyal Customer,56,Business Travel,Business,980,1,1,1,1,2,5,5,5,5,5,5,4,5,3.46,15,4,TRUE
Female,Loyal Customer,24,Personal Travel,Eco,546,4,2,4,3,1,4,1,1,1,1,4,2,1,2.23,0,0,TRUE
Male,Loyal Customer,34,Business Travel,Business,3801,3,3,3,3,2,4,4,5,5,5,5,5,3,3.85,8,0,TRUE
Male,Loyal Customer,31,Personal Travel,Eco,860,1,4,1,4,1,1,1,1,3,4,4,4,1,2.31,0,0,FALSE
Male,Loyal Customer,62,Personal Travel,Eco,404,1,4,1,4,5,1,5,5,3,5,4,5,5,3.69,0,0,FALSE
Male,Loyal Customer,17,Personal Travel,Eco,1121,2,4,2,4,5,2,5,5,3,3,4,5,5,3.77,0,0,FALSE
Female,Loyal Customer,42,Business Travel,Eco,634,2,2,2,2,3,3,3,3,3,2,3,1,3,2.46,0,0,FALSE
Female,Disloyal Customer,35,Business Travel,Business,712,1,0,0,1,4,0,4,4,5,4,4,4,4,2.69,0,7,FALSE
Female,Loyal Customer,8,Personal Travel,Eco,1105,3,0,3,4,5,3,5,5,3,4,5,4,5,3.77,0,0,FALSE
Female,Loyal Customer,60,Business Travel,Business,386,1,1,1,1,5,4,4,4,4,4,4,5,3,3.15,0,0,TRUE
Male,Loyal Customer,56,Personal Travel,Eco,630,3,4,3,3,2,3,2,2,5,2,5,1,2,2.85,10,12,FALSE
Male,Loyal Customer,60,Personal Travel,Eco,631,1,5,1,2,5,1,5,5,4,4,5,2,5,3.46,3,1,FALSE
Female,Loyal Customer,64,Personal Travel,Eco,347,2,5,2,4,4,4,4,5,5,2,4,3,4,3.69,0,6,FALSE
Female,Loyal Customer,14,Personal Travel,Eco,425,1,3,1,3,2,1,4,2,2,1,3,2,2,2.08,11,0,FALSE
Male,Loyal Customer,26,Business Travel,Eco Plus,1011,4,2,2,2,4,4,3,4,1,2,3,3,4,2.92,0,1,FALSE
Male,Loyal Customer,44,Business Travel,Business,3481,5,5,4,5,3,5,4,4,4,5,4,5,5,4.46,0,0,TRUE
Male,Loyal Customer,44,Personal Travel,Eco,838,1,5,1,2,3,1,3,3,3,3,4,4,3,2.77,19,0,FALSE
Male,Loyal Customer,54,Business Travel,Business,1700,1,1,1,1,2,4,5,5,5,5,5,3,5,3.31,0,0,TRUE
Male,Loyal Customer,39,Business Travel,Business,2344,5,5,5,5,2,4,5,5,5,5,5,3,4,4.46,0,0,TRUE
Female,Disloyal Customer,36,Business Travel,Eco,989,3,3,3,4,3,3,3,3,5,3,4,3,3,3.31,206,201,FALSE
Male,Loyal Customer,55,Personal Travel,Eco,545,2,1,2,3,5,2,5,5,1,3,2,1,5,2.85,40,46,FALSE
Male,Loyal Customer,18,Personal Travel,Eco,414,2,2,2,3,3,2,3,3,4,1,4,2,3,2.62,0,0,FALSE
Female,Disloyal Customer,34,Business Travel,Eco,679,1,1,1,2,4,1,4,4,5,5,2,4,4,2.92,6,0,FALSE
Male,Loyal Customer,23,Business Travel,Eco Plus,641,4,4,4,4,4,4,1,4,1,1,3,2,4,3.08,0,6,FALSE
Male,Loyal Customer,60,Personal Travel,Eco,300,4,5,4,2,2,4,1,2,3,5,1,1,2,2.77,0,6,FALSE
Male,Loyal Customer,43,Business Travel,Business,1085,5,5,5,5,3,5,4,2,2,2,2,3,4,3.62,17,0,TRUE
Female,Loyal Customer,51,Business Travel,Business,3857,0,0,0,4,5,4,5,1,1,1,1,4,5,2.38,0,0,TRUE
Female,Loyal Customer,34,Personal Travel,Eco,1754,0,4,0,4,2,0,2,2,3,1,4,3,2,2.08,0,0,TRUE
Male,Loyal Customer,28,Business Travel,Eco,589,0,0,0,3,5,0,5,5,5,3,4,1,5,2.77,2,0,TRUE
Male,Loyal Customer,60,Business Travel,Eco,484,5,3,3,3,5,5,5,5,2,3,4,1,5,3.77,16,1,TRUE
Female,Loyal Customer,54,Personal Travel,Eco,447,3,4,3,3,3,5,5,3,3,3,4,3,4,3.54,42,43,FALSE
Male,Loyal Customer,9,Personal Travel,Eco,834,3,2,3,2,2,3,2,2,1,2,3,2,2,2.23,0,17,FALSE
Male,Loyal Customer,68,Personal Travel,Eco,227,2,4,0,4,5,0,5,5,4,5,4,1,5,3.38,0,0,FALSE
Male,Loyal Customer,30,Business Travel,Eco Plus,679,4,3,3,3,4,4,4,4,4,3,5,5,4,3.85,0,0,TRUE
Female,Loyal Customer,45,Business Travel,Eco,1165,3,4,4,4,5,4,4,3,3,3,3,4,3,3.62,0,0,FALSE
Female,Loyal Customer,14,Personal Travel,Eco,209,2,4,0,3,2,0,2,2,3,3,3,4,2,2.31,0,0,FALSE
Female,Loyal Customer,13,Personal Travel,Eco,308,1,1,1,4,3,1,4,3,2,2,4,3,3,2.46,0,0,FALSE
Female,Loyal Customer,56,Personal Travel,Eco,417,3,2,3,3,2,3,3,1,1,3,1,1,4,2.31,29,35,FALSE
Male,Disloyal Customer,29,Business Travel,Eco,636,1,2,1,3,1,1,1,1,2,4,3,4,1,1.92,0,0,FALSE
Female,Loyal Customer,36,Business Travel,Eco Plus,73,1,3,3,3,1,1,1,1,2,3,3,4,1,2.08,0,11,FALSE
Female,Loyal Customer,43,Business Travel,Business,2972,2,2,5,2,3,4,3,4,4,4,2,4,3,3.23,12,25,FALSE
Male,Loyal Customer,57,Business Travel,Business,1898,5,5,5,5,2,4,5,4,4,4,4,3,5,4.23,0,0,TRUE
Female,Loyal Customer,45,Personal Travel,Eco,1562,2,4,2,4,2,5,4,2,2,2,2,4,3,2.92,19,1,FALSE
Female,Loyal Customer,66,Business Travel,Business,3205,0,0,0,5,5,1,4,3,3,3,3,5,5,2.85,0,0,TRUE
Male,Loyal Customer,47,Business Travel,Business,1863,2,2,2,2,1,1,4,3,3,3,3,2,3,2.38,0,0,TRUE
Male,Disloyal Customer,25,Business Travel,Business,936,1,5,1,1,3,1,5,3,3,3,5,3,3,2.85,0,0,FALSE
Female,Loyal Customer,39,Personal Travel,Eco,2521,3,3,2,5,2,3,3,4,3,4,5,3,3,3.31,6,52,FALSE
Male,Loyal Customer,39,Business Travel,Business,451,5,5,2,5,1,1,5,5,5,5,5,5,1,3.85,0,0,TRUE
Female,Loyal Customer,33,Personal Travel,Eco,645,2,4,2,3,5,2,1,5,3,3,4,5,5,3.38,29,12,FALSE
Female,Loyal Customer,33,Business Travel,Business,1900,2,2,2,2,3,3,5,5,5,5,5,4,4,3.62,1,0,TRUE
Female,Loyal Customer,40,Business Travel,Business,1745,4,4,4,4,5,4,5,5,5,5,5,4,3,4.38,0,0,TRUE
Female,Disloyal Customer,26,Business Travel,Eco,228,3,5,3,1,4,3,2,4,1,1,1,2,4,2.62,0,8,FALSE
Female,Loyal Customer,64,Personal Travel,Eco,1814,2,4,3,3,3,4,4,2,2,3,2,5,4,3.15,10,,FALSE
Female,Loyal Customer,27,Business Travel,Business,1717,5,5,5,5,4,4,4,4,5,4,4,1,4,4.15,0,0,TRUE
Male,Loyal Customer,46,Business Travel,Eco,1121,5,5,5,5,5,5,5,5,3,2,1,4,5,4.23,0,0,TRUE
Male,Loyal Customer,53,Personal Travel,Eco,551,4,1,4,4,1,4,4,1,2,4,3,4,1,2.85,0,0,FALSE
Female,Disloyal Customer,57,Business Travel,Eco,101,4,0,4,1,2,4,2,2,4,2,4,5,2,2.77,0,0,FALSE
Male,Loyal Customer,42,Personal Travel,Eco,2565,3,1,3,2,3,1,1,1,3,1,2,1,1,1.77,8,0,FALSE
Female,Loyal Customer,54,Business Travel,Business,1999,3,3,3,3,3,4,5,4,4,4,4,4,4,3.69,11,0,TRUE
Female,Disloyal Customer,25,Business Travel,Eco,516,1,4,1,1,5,1,5,5,1,4,2,4,5,3,0,16,FALSE
Male,Loyal Customer,45,Business Travel,Business,2454,2,2,2,2,4,5,4,4,4,5,4,5,4,3.62,0,0,TRUE
Male,Loyal Customer,45,Business Travel,Business,3597,1,1,1,1,4,5,5,5,5,5,5,4,4,3.54,39,35,TRUE
Female,Loyal Customer,43,Business Travel,Business,2880,1,1,1,1,4,5,5,5,5,4,5,4,4,3.46,0,0,TRUE
Male,Loyal Customer,22,Business Travel,Business,2027,1,2,2,2,1,1,1,1,1,5,2,2,1,1.69,8,0,FALSE
Male,Loyal Customer,44,Business Travel,Business,2695,5,5,5,5,4,5,4,5,5,4,5,3,4,4.54,9,15,TRUE
Female,Loyal Customer,47,Business Travel,Business,2212,5,1,5,5,5,1,3,5,5,5,5,1,5,3.92,0,0,TRUE
Female,Loyal Customer,18,Personal Travel,Eco,617,3,3,3,4,4,3,4,4,4,5,3,4,4,3.69,0,0,FALSE
Male,Disloyal Customer,22,Business Travel,Eco,992,1,0,0,1,4,0,4,4,5,3,4,3,4,2.54,21,18,FALSE
Female,Loyal Customer,44,Personal Travel,Business,351,1,5,3,4,2,5,5,3,3,3,3,4,5,3.54,0,0,FALSE
Female,Loyal Customer,56,Business Travel,Business,1064,3,2,3,3,4,4,5,4,4,4,4,3,1,3.38,57,46,TRUE
Female,Loyal Customer,40,Business Travel,Eco Plus,594,3,1,1,1,3,3,3,3,4,3,3,4,3,2.69,48,31,FALSE
Male,Loyal Customer,46,Business Travel,Business,1758,1,1,1,1,4,5,5,5,5,5,5,5,4,3.62,0,0,TRUE
Female,Loyal Customer,46,Business Travel,Business,3703,3,3,5,3,4,5,5,5,5,5,5,3,5,4.31,52,86,TRUE
Male,Loyal Customer,25,Business Travel,Business,2174,2,4,4,4,2,2,2,2,3,2,4,2,2,2.69,0,0,FALSE
Female,Loyal Customer,58,Business Travel,Business,667,4,4,4,4,2,5,5,4,4,4,4,4,5,4.08,0,0,TRUE
Female,Loyal Customer,28,Personal Travel,Eco,1723,1,4,0,1,4,0,4,4,5,2,5,5,4,3,20,25,FALSE
Female,Loyal Customer,54,Business Travel,Business,2689,4,4,2,4,5,5,5,4,4,4,4,5,5,4.23,0,0,TRUE
Female,Loyal Customer,54,Business Travel,Eco,775,2,5,4,5,2,4,4,2,2,2,2,4,3,3.15,0,0,FALSE
Male,Disloyal Customer,56,Business Travel,Eco,67,2,0,2,5,1,2,1,1,2,2,3,4,1,2,0,0,FALSE
Female,Loyal Customer,60,Business Travel,Business,683,2,2,2,2,3,4,4,4,4,5,4,4,5,3.46,0,0,TRUE
Female,Loyal Customer,51,Business Travel,Business,2867,3,3,5,3,4,5,4,5,5,5,5,4,4,4.23,0,0,TRUE
Female,Loyal Customer,33,Business Travel,Business,1096,5,5,5,5,5,4,4,4,4,3,4,4,5,4.38,28,54,TRUE
Male,Loyal Customer,51,Business Travel,Eco Plus,2588,4,3,3,3,4,4,4,1,5,2,4,4,4,3.46,0,2,FALSE
Male,Loyal Customer,52,Personal Travel,Eco Plus,147,1,5,1,2,1,1,1,1,5,2,4,5,1,2.31,0,0,FALSE
Female,Disloyal Customer,32,Business Travel,Business,148,4,4,4,3,3,4,5,3,3,3,5,3,3,3.62,0,13,FALSE
Female,Loyal Customer,58,Business Travel,Business,3780,3,3,3,3,4,5,4,5,5,5,5,3,4,4,0,5,TRUE
Male,Loyal Customer,68,Personal Travel,Business,259,4,3,4,4,5,5,1,4,4,4,4,3,2,3.62,0,0,FALSE
Male,Loyal Customer,53,Business Travel,Business,1822,2,1,4,4,1,2,3,1,1,1,2,3,3,2.15,0,0,FALSE
Female,Loyal Customer,33,Personal Travel,Eco,984,2,5,2,4,5,2,5,5,4,3,5,3,5,3.85,0,0,FALSE
Female,Loyal Customer,8,Personal Travel,Eco,373,4,3,2,4,4,2,4,4,2,3,3,3,4,3.23,102,94,FALSE
Male,Loyal Customer,26,Business Travel,Business,1372,1,1,1,1,5,5,5,5,5,5,5,4,5,3.69,55,76,TRUE
Male,Loyal Customer,35,Business Travel,Eco Plus,602,1,2,2,2,1,1,1,1,4,5,2,4,1,2.08,1,0,FALSE
Male,Loyal Customer,8,Personal Travel,Eco,931,4,4,4,4,5,4,4,5,4,5,4,1,5,4.08,0,0,FALSE
Male,Loyal Customer,50,Personal Travel,Eco,869,1,5,1,2,3,1,3,3,4,5,3,1,3,2.69,0,0,FALSE
Female,Loyal Customer,47,Business Travel,Business,507,2,2,2,2,5,4,5,4,4,4,4,4,3,3.46,0,1,TRUE
Female,Loyal Customer,16,Personal Travel,Eco,852,4,4,4,3,5,4,2,5,5,4,5,5,5,4.23,0,0,FALSE
Male,Loyal Customer,59,Personal Travel,Eco,163,2,4,0,3,1,0,1,1,5,3,5,4,1,2.31,0,0,FALSE
Female,Loyal Customer,52,Business Travel,Business,2531,2,2,2,2,2,4,4,4,4,4,4,4,3,3.15,0,0,TRUE
Male,Loyal Customer,40,Business Travel,Business,2496,1,1,1,1,4,4,4,5,2,5,4,4,4,3.08,0,0,TRUE
Male,Loyal Customer,49,Personal Travel,Eco,645,3,4,3,2,4,3,2,4,4,4,5,4,4,3.54,61,73,FALSE
Male,Disloyal Customer,24,Business Travel,Eco,859,4,4,4,2,2,4,2,2,3,5,5,2,2,3.15,0,0,TRUE
Female,Loyal Customer,52,Business Travel,Business,425,2,2,2,2,2,5,5,4,4,4,4,5,3,3.38,49,45,TRUE
Female,Loyal Customer,39,Business Travel,Business,1303,3,3,3,3,5,4,4,5,5,5,5,4,3,4,0,0,TRUE
Male,Loyal Customer,55,Business Travel,Business,2387,5,5,5,5,4,4,4,5,5,5,5,4,4,4.62,0,0,TRUE
Male,Loyal Customer,44,Personal Travel,Eco,680,2,5,1,2,3,1,3,3,4,2,5,4,3,2.92,17,14,FALSE
Male,Disloyal Customer,25,Business Travel,Business,404,3,0,3,4,3,3,3,3,5,5,5,5,3,3.46,2,0,FALSE
Male,Loyal Customer,37,Business Travel,Eco,227,4,3,3,3,4,3,4,4,2,3,1,4,4,3.23,0,0,TRUE
Female,Loyal Customer,54,Business Travel,Business,1020,3,5,5,5,2,3,4,3,3,3,3,2,3,3.38,0,0,FALSE
Female,Loyal Customer,19,Business Travel,Business,226,3,3,3,3,5,5,5,5,5,3,4,3,5,4,0,0,TRUE
Male,Disloyal Customer,18,Business Travel,Business,1121,0,5,0,3,5,0,5,5,4,2,5,3,5,3.23,22,0,TRUE
Female,Loyal Customer,41,Personal Travel,Eco,725,2,4,2,3,2,2,2,2,5,5,4,2,2,2.85,128,112,FALSE
Female,Loyal Customer,10,Personal Travel,Eco,1139,2,4,2,4,5,2,5,5,3,2,5,3,5,3.62,0,15,FALSE
Female,Disloyal Customer,24,Business Travel,Eco,328,5,0,4,1,2,4,2,2,5,4,5,5,2,3.15,31,25,TRUE
Female,Disloyal Customer,13,Business Travel,Eco,1590,3,3,3,3,5,3,5,5,1,1,2,2,5,3.15,7,14,FALSE
Female,Loyal Customer,51,Business Travel,Business,1801,3,3,3,3,3,4,3,5,5,5,5,1,4,3.62,0,0,TRUE
Male,Loyal Customer,26,Personal Travel,Eco,293,3,4,3,3,2,3,2,2,5,5,4,5,2,3.31,2,0,FALSE
Female,Disloyal Customer,23,Business Travel,Business,373,3,1,2,4,4,2,4,4,3,3,3,3,4,3.08,0,0,FALSE
Female,Loyal Customer,26,Personal Travel,Eco,417,1,2,1,4,2,1,2,2,2,5,3,4,2,2.38,7,8,FALSE
Female,Loyal Customer,69,Business Travel,Business,2191,3,2,2,2,1,4,3,3,3,2,3,2,3,2.54,0,4,FALSE
Male,Loyal Customer,52,Business Travel,Business,356,5,5,5,5,5,4,4,3,3,3,3,3,4,4,21,16,TRUE
Female,Loyal Customer,42,Business Travel,Business,767,4,4,4,4,3,4,5,5,5,5,5,3,5,4.31,0,0,TRUE
Male,Loyal Customer,31,Business Travel,Eco,216,4,5,5,5,4,4,4,4,3,5,1,4,4,4,0,9,TRUE
Female,Loyal Customer,55,Business Travel,Eco,936,2,1,1,1,2,4,4,2,2,2,2,3,2,2.15,0,0,FALSE
Male,Disloyal Customer,23,Business Travel,Eco,867,2,2,2,4,1,2,1,1,4,3,5,3,1,2.38,78,61,FALSE
Female,Loyal Customer,12,Personal Travel,Eco,372,3,4,3,3,2,3,2,2,3,1,3,3,2,2.62,7,0,FALSE
Male,Loyal Customer,34,Personal Travel,Eco,2541,4,5,4,2,2,4,2,2,3,5,4,3,2,3.23,0,0,FALSE
Male,Loyal Customer,7,Personal Travel,Eco,317,4,5,4,2,5,4,5,5,2,5,1,3,5,3.85,0,2,TRUE
Male,Loyal Customer,60,Business Travel,Business,305,1,1,1,1,4,4,4,5,5,5,5,5,3,3.38,1,0,TRUE
Male,Loyal Customer,22,Personal Travel,Eco,205,2,2,2,2,1,2,1,1,1,5,2,4,1,2,8,12,FALSE
Female,Loyal Customer,18,Personal Travel,Eco,489,4,3,3,3,3,3,3,3,4,3,3,3,3,3.15,0,6,FALSE
Male,Loyal Customer,66,Personal Travel,Eco,775,3,5,3,2,2,3,5,2,3,3,4,4,2,3.15,0,7,FALSE
Female,Loyal Customer,59,Business Travel,Business,670,3,3,3,3,2,5,5,4,4,4,4,5,5,3.85,13,16,TRUE
Female,Loyal Customer,59,Business Travel,Business,1325,3,3,4,3,2,5,5,5,5,5,5,3,4,4,0,0,TRUE
Female,Loyal Customer,34,Business Travel,Business,2611,2,2,2,2,2,2,2,1,2,4,4,2,2,2.23,2,10,FALSE
Female,Loyal Customer,15,Personal Travel,Eco,2075,4,5,5,3,4,5,4,4,5,1,4,3,4,3.92,4,33,TRUE
Female,Loyal Customer,41,Business Travel,Business,3847,2,2,2,2,4,4,5,5,5,5,5,5,3,3.77,5,0,TRUE
Female,Loyal Customer,19,Personal Travel,Eco,1067,1,5,1,4,5,1,5,5,5,2,4,3,5,3.54,11,9,FALSE
Female,Loyal Customer,60,Business Travel,Business,2247,4,4,4,4,2,2,2,4,4,4,4,2,2,3.23,190,200,TRUE
Female,Loyal Customer,17,Personal Travel,Eco,819,2,4,2,2,3,2,3,3,3,4,1,1,3,2.54,94,99,FALSE
Female,Loyal Customer,7,Personal Travel,Eco,562,2,2,2,4,5,2,5,5,1,4,3,1,5,3.15,12,9,FALSE
Female,Disloyal Customer,26,Business Travel,Eco,692,2,2,2,3,1,2,1,1,2,4,3,4,1,2.15,0,0,FALSE
Female,Loyal Customer,53,Business Travel,Eco Plus,429,5,2,2,2,5,3,3,5,5,5,5,1,3,3.54,6,19,TRUE
Male,Loyal Customer,32,Business Travel,Business,1904,2,1,1,1,2,2,2,2,2,2,3,4,2,2,0,0,FALSE
Female,Loyal Customer,49,Business Travel,Business,261,3,3,3,3,4,5,3,4,4,4,4,4,1,3.46,0,0,TRUE
Male,Loyal Customer,30,Personal Travel,Eco,879,3,2,3,2,2,3,4,2,2,5,3,4,2,2.85,0,0,FALSE
Female,Loyal Customer,62,Personal Travel,Business,341,2,5,2,3,3,5,5,4,4,2,4,4,4,3.62,0,0,FALSE
Male,Loyal Customer,49,Personal Travel,Eco,861,4,4,4,4,5,4,5,5,3,2,5,4,5,4.15,8,0,FALSE
Female,Loyal Customer,49,Business Travel,Business,2909,3,5,4,5,2,2,3,3,3,3,3,4,3,3.31,0,2,FALSE
Male,Loyal Customer,39,Business Travel,Business,406,3,3,3,3,5,5,5,5,5,5,5,5,4,4.31,0,0,TRUE
Female,Loyal Customer,14,Personal Travel,Eco Plus,878,5,3,5,3,3,5,3,3,2,4,2,3,3,3.38,5,0,TRUE
Female,Loyal Customer,36,Business Travel,Business,2279,3,3,3,3,3,4,4,3,3,3,3,3,3,3.15,0,0,TRUE
Male,Loyal Customer,31,Business Travel,Business,834,1,5,5,5,1,1,1,1,4,2,3,4,1,2.62,0,0,FALSE
Male,Loyal Customer,43,Business Travel,Eco,406,5,2,2,2,5,5,5,5,1,4,4,1,5,3.54,2,0,TRUE
Male,Loyal Customer,59,Business Travel,Business,3147,2,2,5,2,2,4,2,4,4,4,5,1,1,2.92,10,6,TRUE
Female,Loyal Customer,52,Personal Travel,Eco,557,3,3,3,4,1,3,3,2,2,3,5,2,2,2.77,12,4,FALSE
Female,Loyal Customer,45,Business Travel,Business,2222,4,4,4,4,5,4,4,5,5,5,5,5,3,4.38,12,6,TRUE
Female,Loyal Customer,62,Personal Travel,Eco,2367,1,5,1,3,1,2,2,1,1,5,1,2,2,2.08,195,170,FALSE
Male,Loyal Customer,41,Business Travel,Eco,1068,5,2,3,2,5,5,5,5,2,3,4,5,5,3.92,10,2,TRUE
Male,Loyal Customer,50,Business Travel,Business,3376,3,3,3,3,4,4,5,5,5,5,5,4,4,4.08,4,1,TRUE
Male,Loyal Customer,52,Business Travel,Eco,432,5,4,4,4,5,5,5,5,5,2,3,3,5,4.23,1,0,TRUE
Male,Loyal Customer,50,Business Travel,Eco Plus,677,2,2,2,2,2,2,2,2,3,4,3,2,2,2.31,0,0,FALSE
Female,Loyal Customer,40,Business Travel,Business,1723,5,5,5,5,4,4,5,5,5,4,5,5,5,4.77,1,5,TRUE
Female,Loyal Customer,51,Business Travel,Eco,189,3,4,4,4,5,4,4,3,3,3,3,4,2,3.54,0,9,FALSE
Female,Loyal Customer,50,Business Travel,Eco,480,3,2,4,4,5,4,5,3,3,3,3,4,4,3.62,13,0,TRUE
Male,Disloyal Customer,30,Business Travel,Eco,693,3,3,3,3,4,3,4,4,3,1,4,3,4,3.23,0,0,FALSE
Female,Loyal Customer,39,Personal Travel,Eco,616,2,5,2,4,3,2,5,3,1,2,1,1,3,2.62,1,1,FALSE
Male,Loyal Customer,40,Business Travel,Eco,2586,5,3,3,3,5,5,5,5,3,3,4,3,5,4,7,0,TRUE
Male,Loyal Customer,58,Business Travel,Business,2049,3,3,3,3,1,2,3,4,4,4,4,3,4,3.15,0,0,TRUE
Male,Loyal Customer,48,Personal Travel,Eco,1183,1,5,1,1,1,1,1,1,4,3,4,4,1,2.15,0,0,FALSE
Female,Loyal Customer,52,Business Travel,Business,2088,1,1,1,1,4,3,5,5,5,5,5,5,4,3.46,0,0,TRUE
Female,Loyal Customer,59,Business Travel,Business,3497,4,4,4,4,2,4,5,2,2,2,2,4,4,3.31,0,0,TRUE
Male,Loyal Customer,20,Business Travel,Business,733,3,3,3,3,5,5,5,5,3,3,4,3,5,3.85,0,0,TRUE
Male,Loyal Customer,42,Business Travel,Business,3228,5,5,5,5,4,5,5,5,5,4,5,3,4,4.62,57,51,TRUE
Female,Loyal Customer,37,Business Travel,Eco Plus,271,3,5,1,1,3,3,3,4,5,4,4,3,3,3.23,222,220,FALSE
Female,Loyal Customer,45,Business Travel,Business,1346,1,2,2,2,5,3,4,1,1,1,1,3,2,2.15,0,0,FALSE
Male,Loyal Customer,39,Business Travel,Business,2006,4,4,4,4,3,4,4,4,4,4,4,3,3,3.77,2,2,TRUE
Male,Loyal Customer,58,Personal Travel,Eco,722,2,4,2,2,2,2,2,2,5,1,1,2,2,2.23,108,103,FALSE
Male,Loyal Customer,42,Business Travel,Business,421,5,5,2,5,2,5,4,3,3,3,3,3,4,3.62,0,0,TRUE
Male,Loyal Customer,25,Business Travel,Business,1119,2,2,2,2,4,4,4,4,4,5,4,3,4,3.38,0,0,TRUE
Male,Loyal Customer,70,Personal Travel,Eco,644,4,3,4,3,5,4,3,5,2,1,4,2,5,3.46,4,0,TRUE
Male,Loyal Customer,52,Business Travel,Business,1158,4,4,4,4,2,5,5,5,5,5,5,5,4,4.38,0,0,TRUE
Female,Loyal Customer,7,Personal Travel,Eco,632,2,5,2,3,4,2,4,4,4,5,4,3,4,3.54,0,23,FALSE
Male,Loyal Customer,22,Personal Travel,Eco,337,0,5,0,1,5,0,5,5,5,2,4,5,5,3.23,0,0,TRUE
Female,Loyal Customer,25,Personal Travel,Eco,612,2,5,2,5,5,2,5,5,4,2,5,5,5,4,4,0,FALSE
Female,Loyal Customer,46,Personal Travel,Business,965,2,4,2,3,3,4,4,3,3,2,3,3,4,3.08,12,2,FALSE
Male,Loyal Customer,45,Business Travel,Business,1947,1,1,1,1,5,3,5,4,4,4,4,4,4,3.15,0,0,TRUE
Female,Loyal Customer,37,Business Travel,Business,2532,2,2,2,2,4,1,1,3,3,4,3,5,4,2.77,0,0,TRUE
Male,Disloyal Customer,25,Business Travel,Business,1379,0,5,0,3,4,0,4,4,3,4,4,5,4,3.08,0,0,TRUE
Female,Loyal Customer,44,Business Travel,Business,1511,1,4,4,4,1,4,4,4,4,4,1,2,3,3.08,0,0,FALSE
Female,Loyal Customer,39,Business Travel,Eco,759,4,3,3,3,4,4,4,4,1,3,1,4,4,3.23,0,11,TRUE
Male,Loyal Customer,56,Business Travel,Business,1599,5,5,5,5,4,5,5,4,4,4,5,3,5,4.54,0,0,TRUE
Male,Loyal Customer,45,Personal Travel,Eco,1062,3,5,3,3,1,3,5,1,4,5,5,3,1,3.23,0,0,FALSE
Female,Loyal Customer,44,Business Travel,Business,1149,3,3,5,3,3,4,5,4,4,5,4,3,3,3.77,0,0,TRUE
Male,Loyal Customer,13,Personal Travel,Eco,854,2,1,2,4,4,2,4,4,3,5,3,4,4,3.23,0,0,FALSE
Female,Loyal Customer,53,Business Travel,Business,695,4,4,4,4,2,4,4,4,4,4,4,4,5,3.92,0,14,TRUE
Male,Loyal Customer,16,Personal Travel,Eco,967,3,2,3,4,1,3,1,1,4,2,4,2,1,2.38,0,0,FALSE
Female,Loyal Customer,52,Business Travel,Business,315,5,5,3,5,4,4,5,4,4,4,4,5,5,4.38,0,0,TRUE
Male,Loyal Customer,47,Business Travel,Eco,200,3,3,3,3,3,3,3,3,4,1,4,2,3,2.92,0,0,FALSE
Male,Loyal Customer,31,Personal Travel,Eco Plus,547,4,0,4,2,1,4,4,1,5,4,2,1,1,2.54,0,0,FALSE
Male,Loyal Customer,27,Personal Travel,Eco,607,2,4,2,3,3,2,3,3,4,5,5,5,3,3.38,0,0,FALSE
Female,Loyal Customer,35,Business Travel,Business,2525,4,1,1,1,1,3,3,2,2,2,4,1,4,2.23,0,0,FALSE
Male,Loyal Customer,22,Personal Travel,Eco Plus,1739,2,5,2,3,5,2,5,5,3,3,4,5,5,3.77,0,0,FALSE
Male,Disloyal Customer,28,Business Travel,Business,395,4,4,4,5,4,4,4,4,5,2,5,4,4,4.08,0,0,TRUE
Female,Loyal Customer,52,Business Travel,Business,2944,4,4,4,4,5,4,5,4,4,4,4,3,3,4,0,0,TRUE
Female,Loyal Customer,34,Business Travel,Business,1799,4,4,4,4,5,5,1,5,5,4,5,2,4,4,0,0,TRUE
Male,Loyal Customer,44,Business Travel,Business,3129,3,3,3,3,3,5,4,2,2,2,2,1,3,2.77,1,36,TRUE
Male,Loyal Customer,36,Business Travel,Eco,373,4,1,1,1,4,4,4,4,1,4,2,5,4,3,0,0,TRUE
Male,Loyal Customer,48,Business Travel,Business,936,1,1,1,1,2,5,4,5,5,5,5,3,5,3.31,0,0,TRUE
Male,Loyal Customer,16,Personal Travel,Eco,255,3,3,3,3,2,3,2,2,1,3,4,1,2,2.46,0,0,FALSE
Female,Loyal Customer,40,Personal Travel,Eco,255,4,3,4,4,3,4,1,3,3,3,4,3,3,3.23,0,5,TRUE
Female,Loyal Customer,24,Business Travel,Business,2556,2,3,3,3,2,2,2,4,5,4,3,2,2,2.85,1,8,FALSE
Male,Loyal Customer,24,Business Travel,Business,3516,1,1,1,1,2,2,2,2,5,5,4,4,2,2.46,0,6,TRUE
Female,Loyal Customer,16,Personal Travel,Eco,1096,1,0,1,2,5,1,5,5,3,3,4,4,5,3,0,0,FALSE
Male,Disloyal Customer,30,Business Travel,Business,912,4,5,5,1,5,5,5,5,3,2,5,5,5,4.23,0,0,TRUE
Female,Loyal Customer,44,Personal Travel,Eco,1014,2,5,2,2,5,3,1,5,5,2,5,5,2,3.38,117,119,FALSE
Male,Loyal Customer,10,Personal Travel,Eco,86,4,4,0,4,5,0,5,5,1,2,1,2,5,2.92,0,2,TRUE
Male,Loyal Customer,58,Business Travel,Business,1562,2,2,2,2,5,5,4,2,2,2,2,4,4,2.92,0,0,TRUE
Female,Loyal Customer,36,Personal Travel,Eco,1009,2,2,2,4,1,2,1,1,3,3,3,1,1,2,60,55,FALSE
Male,Loyal Customer,41,Business Travel,Business,3233,3,3,3,3,3,4,5,5,5,5,5,4,5,4.08,12,5,TRUE
Male,Loyal Customer,14,Personal Travel,Eco,143,2,4,0,3,3,0,5,3,2,3,4,3,3,2.69,23,26,FALSE
Male,Loyal Customer,50,Business Travel,Business,1809,5,5,5,5,3,4,4,3,3,3,3,3,4,3.85,5,0,TRUE
Female,Disloyal Customer,26,Business Travel,Business,368,2,3,3,4,1,3,1,1,2,5,3,2,1,2.38,0,0,FALSE
Male,Loyal Customer,42,Business Travel,Business,675,5,5,5,5,3,4,4,4,4,4,4,5,3,4.23,74,62,TRUE
Male,Disloyal Customer,51,Business Travel,Eco,594,3,1,3,3,2,3,2,2,4,1,3,2,2,2.38,0,0,FALSE
Female,Loyal Customer,16,Personal Travel,Eco,265,2,4,2,3,4,2,4,4,2,5,3,3,4,3.23,0,0,FALSE
Female,Loyal Customer,32,Business Travel,Business,1867,1,5,5,5,1,1,1,1,1,1,3,3,1,2.23,40,34,FALSE
Female,Loyal Customer,63,Business Travel,Business,1674,4,3,3,3,1,1,2,4,4,4,4,1,3,2.85,0,8,FALSE
Female,Loyal Customer,41,Business Travel,Business,2704,4,4,2,4,5,4,2,4,4,4,4,4,3,3.69,29,9,TRUE
Female,Loyal Customer,32,Business Travel,Business,2407,1,1,1,1,4,4,4,4,3,3,5,5,4,3.08,0,0,TRUE
Female,Loyal Customer,58,Business Travel,Business,3955,2,2,2,2,5,5,5,3,5,4,5,5,5,3.85,205,206,TRUE
Female,Loyal Customer,21,Personal Travel,Eco,337,2,5,2,4,3,2,3,3,4,5,5,3,3,3.38,0,0,FALSE
Male,Loyal Customer,65,Personal Travel,Eco,2496,2,2,2,4,2,2,2,3,4,4,3,2,2,2.62,0,0,FALSE
Male,Loyal Customer,19,Business Travel,Business,581,1,1,1,1,4,4,4,4,3,3,4,4,4,2.92,0,0,TRUE
Female,Disloyal Customer,38,Business Travel,Business,414,2,2,2,4,1,2,1,1,5,3,5,4,1,2.54,0,4,FALSE
Male,Loyal Customer,53,Personal Travel,Eco,372,2,0,2,2,3,2,3,3,5,1,4,2,3,2.46,42,38,FALSE
Female,Loyal Customer,59,Business Travel,Business,821,2,2,2,2,2,4,4,5,5,5,5,3,3,3.38,0,0,TRUE
Female,Loyal Customer,35,Personal Travel,Eco,192,4,3,4,4,4,4,4,4,3,1,4,3,4,3.54,0,4,FALSE
Female,Loyal Customer,37,Personal Travel,Eco,122,1,4,1,2,3,1,3,3,5,1,2,1,3,2.31,0,0,FALSE
Male,Disloyal Customer,38,Business Travel,Eco,163,4,0,4,3,1,4,1,1,5,4,2,3,1,2.54,0,0,FALSE
Female,Loyal Customer,55,Business Travel,Eco Plus,1721,1,3,3,3,1,1,1,4,5,2,3,1,1,2.23,204,196,FALSE
Male,Loyal Customer,41,Business Travel,Business,3206,1,1,1,1,2,5,4,5,5,5,5,4,5,3.38,0,0,TRUE
Male,Loyal Customer,49,Personal Travel,Eco,1670,1,4,1,2,3,1,3,3,2,3,5,2,3,2.54,0,0,FALSE
Female,Loyal Customer,18,Personal Travel,Eco,326,2,1,2,4,2,4,4,2,1,4,3,4,4,2.85,306,306,FALSE
Male,Loyal Customer,51,Business Travel,Business,862,3,4,4,4,3,4,3,3,3,3,3,4,4,3.46,25,10,FALSE
Male,Loyal Customer,54,Business Travel,Eco,424,5,3,3,3,5,5,5,5,5,1,1,1,5,3.62,0,0,TRUE
Male,Disloyal Customer,27,Business Travel,Eco Plus,541,3,3,3,3,3,3,3,3,1,5,1,5,3,3,9,10,FALSE
Female,Loyal Customer,12,Personal Travel,Eco,151,2,4,2,3,3,2,3,3,3,4,5,4,3,3.15,0,0,FALSE
Female,Loyal Customer,48,Business Travel,Business,1986,2,2,4,2,2,4,5,4,4,4,4,4,4,3.46,0,0,TRUE
Male,Loyal Customer,45,Business Travel,Business,589,1,3,3,3,2,2,3,1,1,1,1,3,2,2,0,0,FALSE
Male,Loyal Customer,53,Business Travel,Business,936,3,3,3,3,5,4,5,5,5,5,5,3,3,4,4,3,TRUE
Female,Disloyal Customer,42,Business Travel,Business,1464,2,3,3,5,5,2,4,5,5,5,4,4,5,4,0,0,FALSE
Male,Loyal Customer,67,Personal Travel,Eco,1188,3,3,3,1,5,3,1,5,2,1,5,1,5,2.92,14,6,FALSE
Female,Loyal Customer,36,Personal Travel,Eco Plus,429,3,3,5,3,4,5,4,4,5,5,1,5,4,3.92,0,0,FALSE
Male,Disloyal Customer,25,Business Travel,Business,583,2,0,2,1,2,2,2,2,5,2,4,4,2,2.31,0,0,FALSE
Male,Loyal Customer,23,Business Travel,Business,3905,4,4,4,4,5,5,5,5,1,4,3,4,5,4.08,7,0,TRUE
Female,Loyal Customer,41,Business Travel,Business,2729,1,1,3,1,3,4,4,4,4,4,4,4,5,3.23,22,9,TRUE
Female,Disloyal Customer,26,Business Travel,Business,692,2,4,2,2,4,2,2,4,3,4,5,5,4,3.31,11,20,FALSE
Male,Disloyal Customer,16,Business Travel,Eco,86,1,2,1,4,5,1,1,5,2,4,3,3,5,2.85,83,73,FALSE
Female,Loyal Customer,43,Personal Travel,Eco,1384,3,5,3,3,5,3,4,1,1,3,1,4,4,3.08,38,79,FALSE
Female,Loyal Customer,26,Personal Travel,Business,368,2,5,2,4,1,2,1,1,5,2,1,2,1,2.23,0,0,FALSE
Male,Loyal Customer,40,Business Travel,Business,337,5,5,5,5,3,5,4,4,4,4,4,5,3,4.31,12,0,TRUE
Female,Loyal Customer,49,Business Travel,Business,237,2,1,2,2,4,3,3,2,2,2,2,2,2,2.23,3,8,FALSE
Female,Loyal Customer,60,Business Travel,Business,361,1,1,1,1,1,5,1,5,5,5,5,5,5,3.15,7,5,TRUE
Female,Loyal Customer,41,Personal Travel,Eco,205,5,4,0,4,3,0,3,3,3,3,1,3,3,2.69,5,0,TRUE
Female,Loyal Customer,53,Business Travel,Business,674,3,3,3,3,3,3,3,4,4,4,4,2,2,3.15,0,0,TRUE
Male,Loyal Customer,39,Business Travel,Business,992,1,1,1,1,4,5,4,4,4,4,4,4,5,3.23,0,0,TRUE
Male,Loyal Customer,57,Business Travel,Business,2865,2,2,1,2,5,5,4,5,5,5,5,3,5,3.77,25,16,TRUE
Male,Loyal Customer,29,Business Travel,Business,2561,4,4,4,4,4,4,4,4,3,2,4,4,4,3.77,50,45,TRUE
Male,Disloyal Customer,42,Business Travel,Eco,2329,2,2,2,3,2,2,2,2,1,1,3,3,2,2.08,0,0,FALSE
Female,Loyal Customer,7,Personal Travel,Eco,1440,4,4,4,2,5,4,5,5,3,4,4,4,5,4.08,2,12,FALSE
Female,Loyal Customer,48,Business Travel,Business,2422,2,2,2,2,2,4,5,4,4,4,4,5,3,3.31,5,11,TRUE
Male,Loyal Customer,64,Personal Travel,Eco Plus,581,3,4,3,3,5,3,2,5,4,2,4,3,5,3.54,71,60,FALSE
Male,Loyal Customer,47,Business Travel,Business,2583,0,5,0,2,3,5,5,4,4,5,5,5,4,3.62,0,0,TRUE
Female,Disloyal Customer,39,Business Travel,Eco,209,2,3,2,1,3,2,3,3,2,3,2,5,3,2.62,0,0,FALSE
Male,Loyal Customer,52,Business Travel,Eco,73,2,5,5,5,2,2,2,2,4,3,3,1,2,2.92,0,0,TRUE
Male,Loyal Customer,68,Personal Travel,Eco,585,2,5,3,2,5,3,5,5,3,4,4,3,5,3.77,10,18,FALSE
Male,Disloyal Customer,25,Business Travel,Eco,125,2,2,2,3,3,2,3,3,2,3,3,2,3,2.54,45,61,FALSE
Male,Loyal Customer,48,Business Travel,Business,597,3,3,3,3,2,5,5,5,5,5,5,5,4,4.08,0,0,TRUE
Female,Loyal Customer,24,Personal Travel,Eco,512,2,5,2,2,1,2,1,1,5,4,4,3,1,2.54,12,3,FALSE
Female,Loyal Customer,62,Business Travel,Business,3673,4,4,3,4,3,5,1,4,4,4,4,2,3,3.46,0,0,TRUE
Female,Loyal Customer,33,Business Travel,Eco,1173,4,5,4,5,4,4,4,4,3,4,2,2,4,3.77,0,0,TRUE
Male,Loyal Customer,56,Business Travel,Business,2444,5,5,5,5,5,5,5,4,3,5,4,5,5,4.69,165,133,TRUE
Male,Loyal Customer,43,Business Travel,Eco Plus,1192,2,1,1,1,2,2,2,2,1,5,4,2,2,2.08,0,0,FALSE
Female,Loyal Customer,17,Personal Travel,Eco,1698,2,3,2,3,1,2,1,1,2,4,3,3,1,2.15,8,6,FALSE
Female,Loyal Customer,14,Personal Travel,Eco,399,2,4,2,2,5,2,5,5,4,5,5,2,5,3.69,0,0,FALSE
Female,Loyal Customer,52,Personal Travel,Eco Plus,1056,3,4,3,2,3,2,4,3,3,3,3,2,2,2.85,76,92,FALSE
Male,Loyal Customer,55,Business Travel,Business,936,3,3,3,3,5,5,4,5,5,5,5,5,3,4.15,0,3,TRUE
Female,Loyal Customer,46,Business Travel,Business,1616,4,4,5,4,5,3,5,5,5,5,5,5,4,4.54,7,0,TRUE
Male,Loyal Customer,32,Business Travel,Eco Plus,528,2,5,5,5,2,2,2,2,1,3,2,2,2,2.69,74,65,FALSE
Male,Loyal Customer,12,Personal Travel,Eco,201,3,1,0,4,3,0,3,3,2,3,4,1,3,2.31,23,14,FALSE
Female,Disloyal Customer,27,Business Travel,Eco,261,2,0,2,2,3,2,2,3,4,2,2,5,3,2.46,0,0,FALSE
Female,Disloyal Customer,13,Business Travel,Business,861,3,2,3,3,3,1,1,1,1,3,4,1,1,2.08,378,424,FALSE
Male,Loyal Customer,37,Business Travel,Business,468,1,3,3,3,2,3,3,1,1,1,1,2,1,1.92,0,0,FALSE
Male,Loyal Customer,41,Business Travel,Eco,125,2,3,4,3,2,2,2,2,1,3,3,4,2,2.54,30,27,FALSE
Male,Loyal Customer,50,Personal Travel,Eco,991,4,4,4,5,1,4,1,1,3,5,4,3,1,3.08,0,0,FALSE
Female,Disloyal Customer,48,Business Travel,Business,239,1,0,0,1,3,1,1,3,3,2,5,3,3,2,0,0,FALSE
Male,Disloyal Customer,36,Business Travel,Eco,399,2,3,2,4,4,2,1,4,1,4,3,2,4,2.77,0,0,FALSE
Male,Loyal Customer,50,Business Travel,Business,235,5,5,5,5,3,5,4,4,4,4,4,4,3,4.23,27,40,TRUE
Female,Disloyal Customer,30,Business Travel,Eco,224,2,5,2,4,4,2,4,4,5,2,3,2,4,3.31,2,0,FALSE
Female,Loyal Customer,60,Business Travel,Business,592,4,4,4,4,2,4,5,3,3,3,3,3,4,3.54,0,0,TRUE
Female,Loyal Customer,54,Business Travel,Business,2818,3,5,5,5,3,3,3,3,3,3,3,1,4,3.38,0,13,FALSE
Male,Loyal Customer,21,Personal Travel,Eco,694,1,4,1,4,2,1,2,2,4,4,5,3,2,2.69,88,78,FALSE
Female,Loyal Customer,16,Personal Travel,Eco,2486,4,5,4,4,5,4,5,5,3,4,4,4,5,4.31,36,16,FALSE
Male,Loyal Customer,53,Personal Travel,Eco,438,2,2,2,3,3,2,3,3,3,4,2,1,3,2.54,0,0,FALSE
Male,Disloyal Customer,33,Business Travel,Business,666,3,3,3,4,2,3,2,2,3,3,4,4,2,2.92,0,1,FALSE
Male,Loyal Customer,25,Personal Travel,Eco Plus,2295,3,2,3,4,5,3,5,5,4,3,3,4,5,3.77,16,0,FALSE
Female,Loyal Customer,55,Personal Travel,Eco,808,2,4,2,3,1,3,3,4,4,2,4,3,3,2.92,0,0,FALSE
Female,Loyal Customer,40,Personal Travel,Eco,836,2,5,2,4,3,2,3,3,3,3,4,3,3,3.08,1,0,FALSE
Male,Loyal Customer,64,Business Travel,Business,3544,4,4,4,4,1,1,1,5,5,5,5,5,2,3.54,0,0,TRUE
Male,Loyal Customer,39,Personal Travel,Eco,1524,2,5,2,3,1,2,1,1,3,2,3,4,1,2.31,29,48,FALSE
Female,Loyal Customer,51,Business Travel,Business,2001,1,1,1,1,5,4,4,3,3,4,3,4,3,2.85,2,12,TRUE
Female,Loyal Customer,46,Business Travel,Eco,896,5,3,5,5,5,5,2,5,5,5,5,4,5,4.54,7,14,TRUE
Female,Loyal Customer,52,Business Travel,Business,368,5,5,5,5,5,5,5,4,4,4,4,3,3,4.38,0,2,TRUE
Female,Disloyal Customer,26,Business Travel,Eco,751,3,3,3,3,3,3,5,3,5,1,1,2,3,2.92,0,0,FALSE
Female,Loyal Customer,48,Business Travel,Business,1998,3,3,3,3,3,5,4,5,5,5,5,5,4,4.08,0,0,TRUE
Female,Loyal Customer,48,Business Travel,Business,3407,5,5,4,5,5,5,5,3,3,4,4,3,3,4.15,0,0,TRUE
Male,Disloyal Customer,38,Business Travel,Eco,101,4,4,4,2,2,4,5,2,1,4,5,1,2,3.08,0,4,FALSE
Female,Disloyal Customer,17,Business Travel,Eco,130,3,4,3,4,3,3,3,3,1,5,3,1,3,3,5,0,FALSE
Female,Disloyal Customer,40,Business Travel,Business,584,4,4,4,3,4,4,4,4,1,1,1,3,4,3.15,0,0,TRUE
Female,Loyal Customer,36,Personal Travel,Eco Plus,216,1,0,1,4,4,1,4,4,3,1,1,2,4,2.31,0,0,FALSE
Female,Loyal Customer,57,Personal Travel,Eco,1047,1,4,1,1,2,4,5,4,4,1,4,4,5,3.08,11,0,FALSE
Female,Loyal Customer,65,Personal Travel,Eco,1139,4,5,3,2,2,5,4,1,1,3,1,4,5,3.08,7,0,FALSE
Male,Loyal Customer,40,Business Travel,Eco,319,5,1,5,1,5,5,5,5,4,1,5,2,5,3.77,0,0,TRUE
Female,Disloyal Customer,34,Business Travel,Eco,2556,1,1,1,4,2,1,2,2,5,1,5,1,2,2.15,15,0,FALSE
Female,Loyal Customer,31,Business Travel,Business,1571,2,2,2,2,5,5,5,5,3,3,4,4,5,3.62,119,96,TRUE
Female,Loyal Customer,52,Business Travel,Business,1416,1,1,1,1,3,3,4,1,1,1,1,2,3,1.77,70,65,FALSE
Male,Loyal Customer,39,Business Travel,Eco,806,5,2,2,2,5,5,5,5,3,1,5,2,5,3.62,93,77,TRUE
Female,Loyal Customer,20,Personal Travel,Eco,258,3,1,3,4,5,3,5,5,2,5,3,4,5,3.69,5,4,FALSE
Male,Loyal Customer,10,Business Travel,Eco Plus,550,1,4,4,4,1,1,1,1,2,1,3,1,1,1.92,12,10,FALSE
Female,Loyal Customer,39,Personal Travel,Eco,1171,3,5,3,3,4,3,4,4,5,5,3,4,4,3.85,16,14,FALSE
Male,Loyal Customer,55,Personal Travel,Eco Plus,419,3,4,3,3,5,3,5,5,5,1,3,2,5,3.62,0,0,FALSE
Male,Loyal Customer,30,Business Travel,Business,2696,3,4,4,4,3,3,3,3,1,1,4,1,3,2.85,0,6,FALSE
Female,Loyal Customer,61,Business Travel,Eco,1095,3,2,2,2,1,3,4,2,2,3,2,2,4,2.46,0,0,FALSE
Male,Loyal Customer,39,Business Travel,Business,3045,2,2,2,2,4,5,5,5,5,5,5,4,4,3.85,0,0,TRUE
Male,Loyal Customer,31,Business Travel,Business,2413,5,5,5,5,3,4,3,3,5,2,4,5,3,4,0,0,TRUE
Female,Disloyal Customer,39,Business Travel,Business,349,4,4,4,2,3,4,3,3,2,5,3,1,3,3.15,0,0,FALSE
Male,Loyal Customer,35,Personal Travel,Eco,601,1,1,1,3,5,1,5,5,4,4,3,2,5,3.08,17,3,FALSE
Female,Disloyal Customer,26,Business Travel,Eco,1310,2,2,2,3,1,2,1,1,2,1,3,3,1,1.85,0,34,FALSE
Male,Loyal Customer,19,Business Travel,Business,1197,4,4,4,4,3,4,3,3,1,3,3,4,3,3.31,0,7,TRUE
Male,Loyal Customer,53,Personal Travel,Business,1096,4,2,4,4,4,4,4,2,2,4,2,1,3,3.08,1,0,FALSE
Female,Disloyal Customer,40,Business Travel,Business,306,4,4,4,3,4,4,5,4,4,2,5,5,4,4,0,0,TRUE
Male,Loyal Customer,59,Business Travel,Business,1379,3,1,1,1,4,3,3,3,3,3,3,2,1,2.38,1,0,FALSE
Female,Disloyal Customer,62,Business Travel,Business,446,3,3,3,1,2,3,1,2,4,2,5,3,2,2.62,61,55,FALSE
Male,Loyal Customer,68,Personal Travel,Eco,748,1,4,1,3,2,1,2,2,5,3,4,3,2,2.54,0,0,FALSE
Female,Disloyal Customer,25,Business Travel,Eco,868,2,2,2,3,4,2,4,4,2,4,2,1,4,2.77,2,8,FALSE
Male,Loyal Customer,15,Personal Travel,Eco,813,3,0,3,2,4,3,3,4,5,2,4,1,4,2.92,1,0,FALSE
Male,Loyal Customer,25,Business Travel,Business,1846,2,5,5,5,2,2,2,2,2,5,4,4,2,3.23,0,27,FALSE
Male,Disloyal Customer,35,Business Travel,Business,309,2,2,2,2,5,2,5,5,5,5,5,4,5,3.77,8,4,FALSE
Female,Loyal Customer,24,Personal Travel,Eco,370,2,3,2,4,5,2,5,5,3,2,4,3,5,3.46,31,26,FALSE
Female,Loyal Customer,8,Personal Travel,Eco,1635,3,5,3,5,1,3,1,1,4,4,5,5,1,3.15,2,11,FALSE
Male,Loyal Customer,27,Personal Travel,Eco,423,1,3,1,3,4,1,4,4,4,5,4,4,4,3.23,5,40,FALSE
Male,Loyal Customer,55,Business Travel,Business,1589,2,2,2,2,5,5,4,5,5,4,5,3,5,3.77,5,0,TRUE
Female,Loyal Customer,56,Business Travel,Business,1841,4,4,4,4,5,5,4,4,4,4,4,5,3,4.15,0,0,TRUE
Male,Loyal Customer,19,Personal Travel,Eco Plus,337,2,4,2,2,2,2,2,2,4,4,1,2,2,2.38,5,0,FALSE
Female,Disloyal Customer,26,Business Travel,Eco,532,2,3,2,3,3,2,3,3,5,2,3,2,3,2.77,0,0,FALSE
Male,Loyal Customer,67,Personal Travel,Eco,563,3,4,3,3,1,3,1,1,5,5,4,4,1,2.92,2,4,FALSE
Female,Loyal Customer,49,Business Travel,Business,297,5,5,5,5,5,4,5,5,5,5,5,5,5,4.92,0,0,TRUE
Female,Loyal Customer,30,Business Travel,Business,2473,4,4,4,4,4,4,4,4,4,4,4,3,4,3.92,0,0,TRUE
Female,Loyal Customer,47,Business Travel,Eco,395,5,2,5,5,1,1,5,5,5,5,5,1,5,3.85,0,0,TRUE
Female,Loyal Customer,51,Business Travel,Business,2002,5,5,5,5,3,2,4,5,5,4,5,3,1,4,0,0,TRUE
Male,Loyal Customer,40,Business Travel,Business,3452,5,5,5,5,1,5,1,5,5,5,5,5,4,4.31,0,0,TRUE
Female,Disloyal Customer,48,Business Travel,Eco Plus,300,1,1,1,5,4,1,3,4,5,3,3,1,4,2.77,15,0,FALSE
Female,Loyal Customer,41,Business Travel,Business,3009,0,0,0,3,3,4,4,5,5,5,5,3,3,3.08,5,6,TRUE
Male,Loyal Customer,17,Business Travel,Eco Plus,302,2,5,5,5,2,2,3,2,1,1,3,3,2,2.77,21,4,FALSE
Female,Disloyal Customer,55,Business Travel,Eco,346,2,2,2,3,5,2,5,5,1,3,4,2,5,3.15,0,0,FALSE
Male,Loyal Customer,18,Personal Travel,Eco,692,1,5,1,3,4,1,2,4,5,3,4,4,4,3.15,0,0,FALSE
Female,Loyal Customer,56,Personal Travel,Eco,125,1,1,1,2,4,2,2,1,1,1,4,2,2,1.85,0,0,FALSE
Male,Disloyal Customer,50,Business Travel,Eco,975,1,1,1,4,1,4,1,1,2,3,4,1,1,1.92,0,3,FALSE
Male,Loyal Customer,39,Business Travel,Business,3107,1,1,3,1,4,5,4,2,2,2,2,5,5,2.85,0,0,TRUE
Male,Loyal Customer,31,Personal Travel,Eco,247,1,5,0,3,1,0,1,1,3,3,5,3,1,2.08,0,0,FALSE
Male,Loyal Customer,69,Business Travel,Eco,109,4,3,4,3,4,4,4,4,3,1,1,5,4,3.38,11,4,TRUE
Male,Loyal Customer,46,Business Travel,Business,2370,5,5,5,5,2,4,5,5,5,5,5,5,3,4.54,0,4,TRUE
Female,Loyal Customer,31,Personal Travel,Eco,315,2,5,2,3,3,2,4,3,5,2,4,5,3,3.31,6,6,FALSE
Male,Loyal Customer,57,Personal Travel,Eco,2521,1,3,1,3,1,4,4,3,1,2,3,4,4,2.62,160,165,FALSE
Male,Disloyal Customer,9,Business Travel,Eco,1005,3,3,3,3,2,3,2,2,1,2,4,3,2,2.54,0,0,FALSE
Female,Loyal Customer,51,Personal Travel,Eco,675,3,1,3,3,4,4,3,2,2,3,2,1,2,2.54,0,0,FALSE
Male,Loyal Customer,44,Business Travel,Business,2771,1,1,3,1,5,4,4,4,4,4,4,4,3,3.23,0,0,TRUE
Female,Loyal Customer,29,Business Travel,Business,2133,3,2,2,2,3,3,3,3,3,5,4,3,3,3,12,0,FALSE
Male,Loyal Customer,49,Business Travel,Business,2379,5,5,5,5,2,4,5,5,5,5,5,4,3,4.46,0,0,TRUE
Female,Loyal Customer,68,Personal Travel,Eco,1197,3,4,3,2,5,4,4,5,5,3,5,3,3,3.77,59,48,FALSE
Female,Loyal Customer,69,Business Travel,Business,196,1,2,4,2,2,1,2,1,1,1,1,4,4,2,16,21,FALSE
Male,Loyal Customer,35,Business Travel,Eco,2282,3,4,4,4,3,3,3,3,2,5,4,1,3,3.23,6,8,FALSE
Male,Loyal Customer,51,Personal Travel,Eco,1542,3,4,3,4,1,3,1,1,3,5,5,3,1,2.85,0,0,FALSE
Male,Loyal Customer,45,Business Travel,Business,3798,1,1,1,1,4,5,4,5,5,5,5,3,4,3.38,5,1,TRUE
Female,Disloyal Customer,22,Business Travel,Eco,259,4,0,4,3,5,4,5,5,3,3,3,3,5,3.62,0,0,FALSE
Female,Disloyal Customer,39,Business Travel,Business,453,4,3,3,3,3,3,3,3,3,2,5,4,3,3.23,3,0,FALSE
Female,Disloyal Customer,39,Business Travel,Eco,374,4,5,4,1,3,4,3,3,1,4,1,3,3,3,0,0,FALSE
Female,Disloyal Customer,37,Business Travel,Eco,676,1,1,1,4,4,1,4,4,2,5,3,2,4,2.77,0,7,FALSE
Male,Loyal Customer,75,Business Travel,Business,3694,4,4,4,4,3,3,5,3,3,2,3,4,5,3.62,0,0,TRUE
Male,Loyal Customer,7,Personal Travel,Business,135,5,0,5,1,3,5,3,3,2,2,1,2,3,2.69,0,0,TRUE
Female,Disloyal Customer,21,Business Travel,Eco,262,4,4,3,5,3,3,3,3,1,3,3,1,3,3,0,0,TRUE
Male,Loyal Customer,60,Business Travel,Eco,399,3,2,4,2,3,3,3,3,2,5,3,4,3,3.08,66,58,FALSE
Male,Disloyal Customer,49,Business Travel,Business,283,2,2,2,4,5,2,5,5,4,4,4,5,5,3.77,5,10,FALSE
Male,Loyal Customer,49,Business Travel,Business,2841,2,2,2,2,4,5,4,3,3,3,3,5,3,3.15,0,0,TRUE
Female,Disloyal Customer,57,Business Travel,Eco,277,1,0,1,3,4,1,4,4,4,2,5,1,4,2.62,0,0,FALSE
Female,Disloyal Customer,24,Business Travel,Eco,920,2,2,2,3,4,2,1,4,3,4,3,2,4,2.77,0,0,FALSE
Male,Loyal Customer,60,Personal Travel,Eco,1044,1,4,2,2,3,2,5,3,5,5,5,2,3,3.23,0,2,FALSE
Male,Disloyal Customer,9,Business Travel,Business,603,0,0,0,1,4,0,4,4,4,3,5,3,4,2.46,0,0,TRUE
Female,Loyal Customer,52,Business Travel,Business,2111,3,2,2,2,1,3,3,3,3,3,3,1,3,2.46,0,0,FALSE
Male,Loyal Customer,17,Personal Travel,Eco,1620,2,5,2,2,1,2,1,1,5,3,4,3,1,2.46,37,18,FALSE
Female,Loyal Customer,32,Personal Travel,Eco,1020,2,2,2,3,2,2,2,2,2,3,2,2,2,2.15,0,0,FALSE
Male,Disloyal Customer,47,Personal Travel,Eco,544,2,4,2,2,2,2,2,2,4,5,2,2,2,2.54,0,0,FALSE
Male,Loyal Customer,33,Business Travel,Business,817,2,2,2,2,4,5,4,4,5,3,5,4,4,3.54,0,0,TRUE
Male,Disloyal Customer,47,Business Travel,Eco,404,2,0,2,3,1,2,1,1,4,3,3,2,1,1.92,0,9,FALSE
Female,Loyal Customer,54,Business Travel,Business,3274,1,1,1,1,4,5,5,4,4,4,4,5,3,3.23,0,4,TRUE
Male,Loyal Customer,53,Business Travel,Business,794,2,2,2,2,2,5,4,5,5,5,5,5,4,3.69,42,37,TRUE
Female,Disloyal Customer,40,Business Travel,Business,571,2,2,2,3,1,2,1,1,4,1,4,1,1,1.92,0,0,FALSE
Male,Loyal Customer,20,Business Travel,Business,404,3,1,1,1,3,3,3,3,1,2,3,4,3,2.38,0,0,FALSE
Female,Loyal Customer,57,Business Travel,Business,334,2,2,2,2,4,5,4,4,4,4,4,2,5,3.38,0,0,TRUE
Female,Loyal Customer,29,Personal Travel,Eco,403,5,5,5,3,4,5,4,4,5,2,4,3,4,4.08,0,0,TRUE
Male,Loyal Customer,44,Business Travel,Eco,134,3,2,2,2,2,3,2,2,1,5,3,1,2,2.31,0,0,FALSE
Male,Loyal Customer,28,Personal Travel,Eco,2475,3,3,4,4,2,4,2,2,2,1,4,4,2,2.85,59,25,FALSE
Female,Loyal Customer,11,Personal Travel,Eco,1670,3,5,3,4,5,3,5,5,3,1,5,1,5,3.69,4,0,FALSE
Male,Loyal Customer,22,Business Travel,Business,2938,2,2,2,2,5,5,5,5,4,3,4,3,5,3.62,0,0,TRUE
Male,Loyal Customer,56,Business Travel,Business,2654,3,3,3,3,3,5,4,5,5,5,5,3,3,3.85,3,4,TRUE
Male,Loyal Customer,59,Business Travel,Business,1758,4,2,2,2,4,2,1,4,4,4,4,4,4,3.15,91,,FALSE
Female,Loyal Customer,52,Personal Travel,Eco,354,5,5,5,3,5,4,5,4,4,5,4,3,5,4.38,0,0,TRUE
Female,Loyal Customer,50,Business Travel,Business,2182,3,3,3,3,3,3,5,4,4,4,4,5,3,3.62,0,0,TRUE
Female,Loyal Customer,16,Personal Travel,Eco,432,2,2,4,3,4,4,4,4,2,5,4,4,4,3.54,0,0,FALSE
Male,Disloyal Customer,24,Business Travel,Eco,237,3,2,3,4,3,3,3,3,4,5,3,2,3,3.15,0,0,FALSE
Male,Loyal Customer,59,Personal Travel,Eco,1067,3,2,3,3,4,3,5,4,3,5,4,1,4,3.38,24,27,FALSE
Male,Loyal Customer,40,Business Travel,Business,1984,1,1,4,1,5,4,5,4,4,4,4,3,5,3.46,41,24,TRUE
Female,Loyal Customer,34,Business Travel,Business,2110,4,4,4,4,4,4,5,4,4,4,4,4,3,4,5,0,TRUE
Female,Loyal Customer,28,Business Travel,Eco,547,1,4,4,4,1,1,1,1,4,2,4,3,1,2.38,11,0,FALSE
Female,Loyal Customer,56,Personal Travel,Eco,679,1,4,1,4,5,5,4,3,3,1,3,5,3,3.23,10,11,FALSE
Male,Disloyal Customer,15,Business Travel,Eco,546,2,1,2,3,2,2,2,2,1,1,3,2,2,1.92,0,0,FALSE
Male,Loyal Customer,38,Business Travel,Eco Plus,399,5,5,5,5,5,5,5,5,4,4,2,4,5,4.54,0,0,TRUE
Female,Loyal Customer,46,Business Travel,Business,2985,3,2,2,2,2,3,4,3,3,3,3,1,4,2.69,1,0,FALSE
Male,Loyal Customer,48,Business Travel,Eco,356,5,1,4,1,5,5,5,5,3,3,3,5,5,3.85,12,11,TRUE
Female,Loyal Customer,77,Business Travel,Business,3580,3,1,1,1,5,4,4,3,3,3,3,1,3,2.69,0,0,FALSE
Female,Loyal Customer,56,Business Travel,Eco,391,2,1,3,1,2,4,5,2,2,2,2,1,1,2.15,0,0,TRUE
Male,Loyal Customer,54,Personal Travel,Eco Plus,819,3,3,3,4,5,3,5,5,1,1,3,1,5,3.23,29,27,FALSE
Female,Loyal Customer,46,Business Travel,Business,3006,4,1,1,1,5,4,3,4,4,4,4,4,4,3.31,18,13,FALSE
Male,Loyal Customer,29,Business Travel,Business,3882,1,5,5,5,1,1,1,1,3,1,4,4,1,2.54,15,6,FALSE
Female,Loyal Customer,68,Business Travel,Eco,812,3,4,3,4,4,4,4,3,3,3,3,1,3,3.23,0,0,FALSE
Male,Loyal Customer,51,Personal Travel,Eco,522,2,2,2,4,2,2,2,2,2,1,3,4,2,2.31,0,0,FALSE
Female,Loyal Customer,58,Business Travel,Eco,302,4,2,1,1,4,4,3,4,4,4,4,1,4,3.08,0,6,FALSE
Female,Loyal Customer,32,Business Travel,Business,576,2,3,5,3,2,2,2,2,1,2,3,3,2,2.46,0,0,FALSE
Male,Loyal Customer,46,Business Travel,Business,3059,1,1,1,1,4,2,2,5,5,5,4,4,3,2.92,0,0,TRUE
Male,Loyal Customer,50,Business Travel,Business,2446,5,2,5,5,5,5,4,5,5,5,5,3,5,4.54,37,17,TRUE
Male,Disloyal Customer,22,Business Travel,Business,1465,4,0,4,3,4,4,4,4,4,5,3,5,4,3.69,0,0,TRUE
Male,Loyal Customer,26,Personal Travel,Eco,1312,2,1,2,2,4,2,4,4,2,4,2,2,4,2.69,9,0,FALSE
Male,Loyal Customer,58,Business Travel,Business,3658,2,2,2,2,3,4,4,5,5,5,4,5,4,3.62,21,22,TRUE
Female,Loyal Customer,34,Business Travel,Business,3752,4,4,4,4,1,4,2,5,5,5,4,3,3,3.69,89,91,TRUE
Male,Loyal Customer,48,Business Travel,Business,644,2,2,2,2,2,5,5,4,4,4,4,4,4,3.38,0,0,TRUE
Female,Disloyal Customer,29,Business Travel,Eco,1217,3,3,3,4,2,3,2,2,4,2,3,1,2,2.62,12,3,FALSE
Male,Disloyal Customer,25,Business Travel,Eco,1092,3,3,3,4,2,3,2,2,5,5,4,3,2,3.15,13,26,FALSE
Male,Loyal Customer,15,Personal Travel,Eco,213,2,5,2,4,5,2,5,5,4,4,4,3,5,3.85,0,29,FALSE
Female,Loyal Customer,34,Business Travel,Business,594,3,3,3,3,5,4,5,5,5,5,5,3,5,4.15,0,0,TRUE
Female,Loyal Customer,57,Business Travel,Business,356,2,2,2,2,4,4,4,4,4,4,4,5,4,3.46,0,0,TRUE
Male,Loyal Customer,18,Business Travel,Business,3299,3,1,1,1,3,3,3,3,3,3,3,1,3,2.38,18,2,FALSE
Female,Loyal Customer,45,Personal Travel,Eco,429,1,4,1,3,4,4,4,5,5,1,5,1,3,3.15,6,4,FALSE
Male,Loyal Customer,63,Business Travel,Eco,209,2,2,2,2,2,2,2,2,2,2,3,2,2,2.08,31,48,FALSE
Male,Loyal Customer,33,Business Travel,Eco Plus,308,2,1,1,1,2,2,2,2,1,5,4,3,2,2.15,0,0,FALSE
Female,Loyal Customer,20,Personal Travel,Eco,1222,3,4,3,3,4,3,4,4,5,2,4,4,4,3.62,0,0,FALSE
Male,Loyal Customer,39,Business Travel,Eco,190,5,4,4,4,5,5,5,4,2,4,4,5,5,4.31,183,189,TRUE
Female,Loyal Customer,18,Business Travel,Business,680,5,5,5,5,4,4,4,3,4,5,2,4,4,4.15,595,589,TRUE
Male,Loyal Customer,33,Personal Travel,Business,214,4,0,4,3,3,4,3,3,4,3,5,3,3,3.23,0,0,FALSE
Female,Loyal Customer,60,Business Travel,Business,2428,2,4,2,2,3,4,4,4,4,4,4,3,3,3.31,0,0,TRUE
Female,Loyal Customer,52,Personal Travel,Eco,846,1,5,1,1,2,3,2,3,3,1,3,1,1,2.08,7,4,FALSE
Male,Loyal Customer,47,Business Travel,Business,1086,2,2,2,2,5,4,4,5,5,5,5,3,3,3.62,0,0,TRUE
Female,Loyal Customer,23,Business Travel,Business,2419,3,5,5,5,3,3,3,3,1,1,2,1,3,2.92,27,0,FALSE
Male,Loyal Customer,14,Personal Travel,Eco,447,4,1,4,3,5,4,5,5,1,3,4,1,5,3.46,7,0,FALSE
Male,Disloyal Customer,26,Business Travel,Business,523,3,3,3,2,5,3,5,5,4,5,5,4,5,4,31,37,FALSE
Male,Loyal Customer,44,Business Travel,Business,1741,5,5,5,5,5,5,5,4,4,4,4,4,4,4.54,0,15,TRUE
Male,Loyal Customer,38,Business Travel,Eco,1012,1,0,0,3,0,3,3,4,3,4,3,3,3,2.31,162,156,FALSE
Male,Loyal Customer,57,Business Travel,Business,1760,0,4,0,4,3,5,5,2,2,2,2,5,5,3,0,0,TRUE
Male,Loyal Customer,46,Personal Travel,Eco,760,3,4,3,3,3,3,3,3,5,5,5,3,3,3.54,1,0,FALSE
Female,Loyal Customer,41,Personal Travel,Eco,1891,1,2,1,3,5,1,5,5,1,1,4,1,5,2.69,37,4,FALSE
Female,Loyal Customer,51,Personal Travel,Eco,283,2,5,2,3,5,5,5,2,2,2,2,5,3,3.31,27,26,FALSE
Female,Loyal Customer,53,Business Travel,Eco,804,1,3,3,3,2,3,3,1,1,1,1,1,1,1.85,10,0,FALSE
Female,Disloyal Customer,22,Business Travel,Eco,1845,3,3,3,4,2,3,2,2,4,1,4,3,2,2.77,31,15,FALSE
Female,Loyal Customer,14,Personal Travel,Eco Plus,299,3,4,3,3,3,3,3,3,3,3,5,3,3,3.23,0,0,FALSE
Male,Loyal Customer,42,Business Travel,Business,510,4,1,4,4,2,4,3,4,4,3,4,2,3,3.23,36,13,FALSE
Female,Loyal Customer,47,Business Travel,Eco,589,5,3,3,3,1,4,2,5,5,5,5,4,1,3.54,0,0,TRUE
Female,Disloyal Customer,20,Business Travel,Eco,1199,1,0,0,1,3,0,4,3,3,3,5,4,3,2.31,0,7,FALSE
Male,Loyal Customer,40,Business Travel,Business,630,5,5,5,5,5,4,5,4,4,4,4,4,4,4.46,0,0,TRUE
Male,Loyal Customer,37,Personal Travel,Business,332,3,4,3,4,4,5,5,2,2,3,2,4,3,3.38,17,18,FALSE
Male,Disloyal Customer,37,Business Travel,Eco,89,2,0,2,1,3,2,1,3,5,1,4,2,3,2.23,0,0,FALSE
Female,Disloyal Customer,20,Business Travel,Business,192,5,5,5,1,5,5,5,5,3,2,4,4,5,4.15,0,0,TRUE
Male,Loyal Customer,35,Business Travel,Eco,1190,5,1,1,1,5,5,5,5,3,5,5,4,5,3.85,0,0,TRUE
Male,Loyal Customer,67,Personal Travel,Eco,199,3,2,3,3,4,3,4,4,1,1,4,1,4,2.85,67,49,FALSE
Male,Loyal Customer,61,Business Travel,Business,2002,4,4,4,4,4,4,5,3,3,3,3,3,5,3.77,0,0,TRUE
Female,Loyal Customer,46,Business Travel,Business,1558,3,3,3,3,5,5,4,3,3,4,3,3,3,3.46,0,0,TRUE
Male,Loyal Customer,68,Personal Travel,Eco,204,4,4,4,4,5,4,5,5,2,5,1,3,5,3.92,0,5,TRUE
Female,Loyal Customer,43,Business Travel,Eco,989,4,4,4,4,2,2,3,4,4,4,4,2,2,3.31,0,0,TRUE
Female,Loyal Customer,65,Personal Travel,Eco,502,3,4,3,3,2,4,4,5,5,3,2,5,3,3.54,51,36,FALSE
Female,Loyal Customer,35,Personal Travel,Eco Plus,337,3,4,3,4,3,3,3,3,4,4,4,3,3,3.38,0,11,FALSE
Female,Disloyal Customer,39,Business Travel,Business,552,3,3,3,5,3,3,4,3,3,5,5,3,3,3.54,0,0,FALSE
Female,Loyal Customer,56,Business Travel,Eco Plus,372,5,1,1,1,1,5,3,5,5,5,5,5,3,3.46,4,0,TRUE
Female,Loyal Customer,49,Business Travel,Business,1810,0,5,0,4,4,5,4,2,2,2,2,4,5,3,11,12,TRUE
Male,Loyal Customer,54,Personal Travel,Eco,920,3,4,3,1,5,3,5,5,5,3,5,3,5,3.85,0,0,FALSE
Female,Disloyal Customer,42,Business Travel,Eco Plus,837,2,2,2,3,5,2,5,5,2,3,1,5,5,3.23,0,20,FALSE
Female,Disloyal Customer,30,Business Travel,Eco Plus,913,1,1,1,4,3,1,5,3,2,1,3,4,3,2.46,4,4,FALSE
Male,Loyal Customer,12,Personal Travel,Eco,2586,3,3,3,2,3,1,1,3,5,4,2,1,1,2.46,0,0,FALSE
Male,Disloyal Customer,27,Business Travel,Eco,546,1,0,1,4,4,1,4,4,5,5,2,1,4,2.77,0,0,FALSE
Male,Loyal Customer,43,Business Travel,Business,3163,3,3,3,3,2,5,4,5,5,4,5,4,3,3.77,6,0,TRUE
Male,Loyal Customer,16,Business Travel,Business,1727,2,2,2,2,4,4,4,4,4,4,3,3,4,3.23,0,0,TRUE
Female,Loyal Customer,36,Business Travel,Business,2935,5,5,5,5,4,1,4,5,5,5,5,2,5,4.31,0,0,TRUE
Male,Loyal Customer,35,Business Travel,Business,544,3,3,4,3,3,5,4,5,5,5,5,4,4,4.08,2,0,TRUE
Male,Loyal Customer,37,Business Travel,Business,1891,4,4,4,4,4,4,5,4,4,4,4,5,5,4.23,0,0,TRUE
Female,Loyal Customer,46,Personal Travel,Eco Plus,1558,4,3,4,3,3,3,3,4,4,4,4,4,4,3.62,5,0,FALSE
Male,Loyal Customer,33,Personal Travel,Eco,366,2,2,2,3,1,2,1,1,3,2,3,3,1,2,0,0,FALSE
Male,Loyal Customer,28,Business Travel,Business,1620,5,5,2,5,4,4,4,4,4,3,5,3,4,4,0,0,TRUE
Female,Loyal Customer,19,Personal Travel,Eco,1849,3,5,3,4,5,3,5,5,5,4,4,1,5,4,45,42,FALSE
Male,Loyal Customer,63,Business Travel,Business,1855,2,5,5,5,3,3,3,4,4,4,2,3,3,3.54,0,0,FALSE
Female,Loyal Customer,48,Business Travel,Business,290,0,0,0,1,5,5,5,5,5,5,5,3,5,3.38,0,0,TRUE
Male,Loyal Customer,60,Business Travel,Business,309,2,4,5,4,1,3,3,2,2,2,2,1,1,2.46,0,1,FALSE
Male,Loyal Customer,58,Business Travel,Business,2486,3,3,1,3,5,5,4,4,4,4,4,3,5,3.69,0,0,TRUE
Male,Loyal Customer,24,Personal Travel,Eco,546,3,5,3,1,5,3,5,5,3,3,5,4,5,3.85,0,2,FALSE
Female,Loyal Customer,56,Business Travel,Business,1438,5,5,5,5,4,4,4,5,5,5,5,3,3,4.46,0,0,TRUE
Male,Loyal Customer,31,Business Travel,Eco,86,4,4,4,4,4,4,4,4,3,3,1,2,4,3.46,0,0,TRUE
Female,Loyal Customer,50,Business Travel,Business,3616,4,4,4,4,2,5,5,4,4,4,5,4,3,4,26,26,TRUE
Female,Loyal Customer,57,Business Travel,Business,775,5,5,5,5,3,4,5,4,4,4,4,3,5,4.31,10,11,TRUE
Male,Disloyal Customer,22,Business Travel,Eco,2227,4,4,4,3,2,4,2,2,4,2,1,1,2,2.69,0,7,FALSE
Female,Disloyal Customer,24,Business Travel,Eco,533,2,5,3,2,2,3,2,2,4,4,4,3,2,2.92,0,0,FALSE
Male,Loyal Customer,44,Business Travel,Business,1666,5,5,5,5,4,4,5,2,2,2,2,3,3,3.62,76,75,TRUE
Female,Loyal Customer,56,Business Travel,Eco,2075,2,4,4,4,3,4,4,2,2,2,2,1,4,2.92,2,0,FALSE
Male,Loyal Customer,51,Business Travel,Business,1096,5,5,5,5,3,4,5,4,4,4,4,5,3,4.31,4,0,TRUE
Female,Loyal Customer,38,Business Travel,Business,2032,2,2,2,2,2,5,5,3,3,3,3,4,3,3,0,0,TRUE
Female,Loyal Customer,44,Personal Travel,Business,472,2,5,2,1,4,4,5,5,5,2,5,5,4,3.77,7,5,FALSE
Female,Loyal Customer,38,Personal Travel,Eco,849,4,4,4,3,5,4,5,5,3,4,4,4,5,4.15,5,8,TRUE
Male,Loyal Customer,29,Business Travel,Business,2076,3,2,3,3,4,4,4,3,4,5,5,4,4,3.69,131,119,TRUE
Female,Loyal Customer,40,Business Travel,Business,3137,5,5,5,5,4,4,5,5,5,5,5,3,5,4.69,24,25,TRUE
Male,Disloyal Customer,20,Business Travel,Eco,491,4,4,4,4,3,4,3,3,4,2,5,5,3,3.69,0,0,TRUE
Male,Loyal Customer,51,Personal Travel,Eco,500,3,5,3,2,2,3,1,2,4,2,4,5,2,2.92,0,0,FALSE
Female,Loyal Customer,44,Business Travel,Business,308,3,3,3,3,4,4,3,4,4,4,4,5,1,3.46,7,10,TRUE
Male,Loyal Customer,26,Personal Travel,Eco,628,2,3,2,4,1,2,1,1,3,1,3,3,1,2.08,12,12,FALSE
Male,Loyal Customer,48,Business Travel,Business,931,2,2,2,2,5,5,5,5,5,5,5,5,4,4,0,0,TRUE
Male,Loyal Customer,27,Personal Travel,Eco,1598,4,2,3,4,2,3,2,2,3,2,2,3,2,2.62,0,0,FALSE
Male,Loyal Customer,55,Business Travel,Business,581,4,4,4,4,3,4,5,5,5,5,5,5,5,4.46,0,0,TRUE
Female,Disloyal Customer,20,Business Travel,Eco,134,4,4,4,2,2,4,2,2,3,3,5,3,2,3.08,34,21,FALSE
Female,Loyal Customer,66,Personal Travel,Eco,277,1,5,1,3,2,4,2,1,1,1,1,4,3,2.23,0,1,FALSE
Female,Loyal Customer,44,Personal Travel,Eco,674,3,4,3,1,2,2,3,5,5,3,5,1,4,3.15,5,0,FALSE
Female,Loyal Customer,61,Personal Travel,Eco,2586,2,2,2,3,2,4,4,3,5,3,3,4,4,3.15,0,0,FALSE
Female,Loyal Customer,28,Business Travel,Business,1389,3,2,2,2,3,3,3,3,1,2,3,1,3,2.38,0,13,FALSE
Female,Loyal Customer,22,Business Travel,Business,3335,2,2,2,2,4,4,4,4,4,2,4,4,4,3.23,18,18,TRUE
Female,Disloyal Customer,49,Business Travel,Eco Plus,692,4,4,4,2,5,4,5,5,2,3,5,4,5,4,28,48,TRUE
Male,Loyal Customer,47,Business Travel,Business,2506,1,1,1,1,5,5,4,5,5,5,5,2,1,3.15,0,14,TRUE
Female,Loyal Customer,39,Business Travel,Business,1771,5,5,5,5,3,5,5,5,5,5,5,5,5,4.85,0,0,TRUE
Male,Loyal Customer,46,Personal Travel,Eco,343,2,4,2,2,3,2,3,3,4,2,4,5,3,3,0,8,FALSE
Male,Loyal Customer,44,Business Travel,Business,2813,5,2,5,5,5,5,4,4,4,4,4,5,5,4.38,0,3,TRUE
Female,Loyal Customer,30,Business Travel,Business,3830,5,5,5,5,4,4,4,4,3,5,4,4,4,4.31,0,0,TRUE
Female,Loyal Customer,61,Business Travel,Business,2949,4,2,2,2,4,4,3,4,4,4,4,1,1,3,33,23,FALSE
Female,Disloyal Customer,26,Business Travel,Eco,302,3,2,3,4,4,3,5,4,1,4,3,1,4,3.15,0,19,FALSE
Male,Loyal Customer,48,Business Travel,Business,2038,3,3,3,3,3,4,4,4,4,4,4,5,3,3.62,0,0,TRUE
Female,Loyal Customer,11,Personal Travel,Eco,649,1,4,1,5,3,1,3,3,1,2,4,1,3,2.46,0,0,FALSE
Female,Disloyal Customer,39,Business Travel,Business,1440,3,2,2,2,4,2,4,4,2,2,2,3,4,2.77,33,35,FALSE
Male,Disloyal Customer,20,Business Travel,Eco,1605,3,3,3,2,1,3,1,1,3,5,3,5,1,2.62,3,0,FALSE
Female,Loyal Customer,42,Business Travel,Business,2542,3,3,3,3,3,2,1,3,3,3,3,1,5,2.77,21,18,TRUE
Female,Loyal Customer,60,Personal Travel,Eco,1062,5,4,5,4,5,4,5,1,1,5,1,3,3,3.54,0,2,TRUE
Male,Loyal Customer,54,Personal Travel,Eco,227,3,4,0,3,0,1,1,5,5,4,5,1,1,2.54,236,237,FALSE
Female,Disloyal Customer,29,Business Travel,Business,835,4,4,4,5,4,3,3,3,3,5,4,3,3,3.69,179,177,FALSE
Female,Disloyal Customer,23,Business Travel,Eco,451,3,5,3,3,3,3,5,3,3,4,4,5,3,3.62,55,41,FALSE
Male,Loyal Customer,35,Personal Travel,Eco,386,1,4,1,5,4,1,4,4,3,2,4,4,4,3.15,0,0,FALSE
Female,Loyal Customer,35,Business Travel,Business,370,4,4,4,4,4,5,4,4,4,4,4,4,3,4,15,5,TRUE
Female,Loyal Customer,32,Business Travel,Business,224,4,4,4,4,5,5,5,5,3,5,5,3,5,4.38,36,81,TRUE
Male,Loyal Customer,64,Personal Travel,Eco,369,1,4,2,3,5,2,5,5,1,1,4,2,5,3.08,6,15,FALSE
Female,Loyal Customer,42,Personal Travel,Eco,733,1,1,1,4,3,5,5,4,4,1,4,4,4,3.15,0,0,FALSE
Male,Disloyal Customer,26,Business Travel,Eco,424,1,2,1,4,1,5,5,2,3,3,4,5,5,3.15,491,485,FALSE
Female,Loyal Customer,31,Business Travel,Business,641,3,1,1,1,3,3,3,3,4,1,4,4,3,2.62,0,0,FALSE
Female,Loyal Customer,62,Business Travel,Eco,101,3,4,4,4,5,3,3,3,3,3,3,3,1,3.23,0,0,FALSE
Male,Loyal Customer,58,Business Travel,Business,1773,1,1,1,1,5,5,4,4,4,4,4,5,4,3.31,6,0,TRUE
Male,Loyal Customer,56,Business Travel,Business,2826,4,4,4,4,4,5,5,4,4,4,4,5,4,4.23,0,2,TRUE
Female,Loyal Customer,64,Personal Travel,Eco,836,2,3,2,3,5,2,2,1,1,2,1,3,3,2.31,13,18,FALSE
Female,Disloyal Customer,24,Business Travel,Eco,73,4,0,4,1,2,4,2,2,2,5,5,1,2,2.62,0,0,FALSE
Male,Loyal Customer,65,Business Travel,Business,1126,1,3,3,3,4,4,3,1,1,1,1,3,4,2.46,53,63,FALSE
Male,Loyal Customer,60,Personal Travel,Eco,845,2,2,2,3,2,2,2,2,4,4,4,3,2,2.62,1,11,FALSE
Male,Disloyal Customer,29,Business Travel,Business,631,3,3,3,3,3,3,3,3,4,4,4,5,3,3.38,37,20,FALSE
Female,Loyal Customer,52,Business Travel,Business,1739,4,4,2,4,5,5,4,5,5,4,5,5,3,4.23,60,36,TRUE
Female,Loyal Customer,57,Personal Travel,Eco,1023,1,0,1,2,2,4,5,2,2,1,2,3,5,2.31,45,57,FALSE
Male,Loyal Customer,34,Business Travel,Business,1846,2,2,2,2,2,4,3,2,2,2,2,1,1,2.08,34,36,FALSE
Female,Loyal Customer,22,Personal Travel,Eco,266,1,5,1,3,2,1,2,2,3,1,1,4,2,2.15,0,0,FALSE
Male,Loyal Customer,21,Personal Travel,Eco,397,2,5,2,4,2,2,2,2,3,3,4,4,2,2.85,3,0,FALSE
Male,Loyal Customer,57,Business Travel,Business,1488,2,2,2,2,2,5,4,5,5,5,5,5,4,3.69,0,4,TRUE
Female,Disloyal Customer,20,Business Travel,Eco,808,3,3,3,2,5,3,5,5,3,2,5,4,5,3.69,0,0,FALSE
Male,Loyal Customer,40,Business Travel,Business,1020,4,4,4,4,4,4,4,5,5,5,5,5,3,4.31,0,0,TRUE
Male,Loyal Customer,48,Business Travel,Eco Plus,321,4,5,5,5,3,4,3,3,1,5,2,5,3,3.69,0,0,TRUE
Female,Disloyal Customer,29,Business Travel,Eco,978,1,1,1,4,5,1,5,5,3,2,3,2,5,2.92,0,0,FALSE
Male,Loyal Customer,18,Business Travel,Business,599,1,1,3,1,5,4,5,5,4,1,2,2,5,3,0,0,TRUE
Male,Loyal Customer,67,Personal Travel,Eco,1009,3,3,3,4,3,3,3,3,2,5,3,1,3,3,0,0,FALSE
Female,Loyal Customer,8,Personal Travel,Eco,472,4,5,4,3,1,4,1,1,3,2,5,3,1,2.85,55,50,TRUE
Female,Loyal Customer,52,Business Travel,Business,2253,1,1,1,1,2,4,5,4,4,4,4,4,4,3,0,0,TRUE
Female,Loyal Customer,41,Business Travel,Business,1757,1,1,1,1,5,5,5,5,5,5,5,4,5,3.69,0,0,TRUE
Male,Loyal Customer,40,Business Travel,Business,1819,1,1,1,1,2,4,4,4,4,4,4,3,4,2.85,55,49,TRUE
Female,Loyal Customer,68,Personal Travel,Eco,223,4,2,4,3,2,3,3,2,2,4,2,3,1,2.69,0,2,FALSE
Male,Loyal Customer,37,Business Travel,Business,2532,1,1,1,1,3,4,4,5,5,5,5,5,4,3.38,2,4,TRUE
Male,Loyal Customer,32,Business Travel,Business,3457,4,4,4,4,5,5,4,5,4,3,4,3,5,4.15,111,115,TRUE
Male,Loyal Customer,49,Business Travel,Business,1167,2,4,5,5,3,1,2,2,2,2,2,3,3,2.77,9,9,FALSE
Male,Loyal Customer,33,Personal Travel,Eco,1744,2,5,2,2,2,2,2,2,5,2,4,3,2,2.69,0,0,FALSE
Female,Loyal Customer,57,Business Travel,Eco,192,2,3,3,3,2,1,1,2,2,2,2,4,3,2.31,8,4,TRUE
Male,Loyal Customer,59,Personal Travel,Business,1068,5,4,4,2,5,5,4,4,4,4,4,4,3,4,1,2,TRUE
Female,Loyal Customer,33,Personal Travel,Eco,1099,3,3,3,4,3,3,3,3,3,2,4,1,3,2.92,0,0,FALSE
Male,Disloyal Customer,43,Business Travel,Business,2165,2,2,2,5,2,2,2,2,3,5,5,4,2,2.92,0,0,FALSE
Male,Loyal Customer,60,Business Travel,Business,3342,1,3,1,1,4,5,4,5,5,5,5,4,4,3.62,0,0,TRUE
Male,Disloyal Customer,37,Business Travel,Eco,265,2,2,2,4,5,2,5,5,1,3,4,4,5,3.38,0,0,FALSE
Male,Loyal Customer,56,Business Travel,Eco,197,1,2,2,2,1,1,1,1,2,2,4,3,1,1.77,0,0,FALSE
Male,Disloyal Customer,25,Business Travel,Business,479,5,4,5,5,5,5,5,5,5,5,5,5,5,4.92,6,0,TRUE
Female,Disloyal Customer,35,Business Travel,Eco,1085,1,1,1,3,3,1,3,3,4,4,3,2,3,2.46,0,9,FALSE
Female,Loyal Customer,26,Business Travel,Business,594,3,2,2,2,3,3,3,3,1,2,4,3,3,2.62,0,0,FALSE
Female,Loyal Customer,60,Business Travel,Business,2583,5,5,5,5,4,4,4,5,3,4,5,4,4,4.38,0,0,TRUE
Female,Disloyal Customer,24,Business Travel,Eco,1222,5,5,5,4,5,5,3,5,3,3,3,5,5,4.31,7,0,TRUE
Male,Loyal Customer,46,Business Travel,Eco,191,3,1,1,1,3,3,3,3,1,2,1,4,3,2.23,0,0,TRUE
Female,Loyal Customer,38,Business Travel,Business,2999,2,2,2,2,5,1,4,5,5,5,4,2,4,3.31,0,0,TRUE
Male,Loyal Customer,47,Business Travel,Eco,599,1,2,5,2,1,1,1,1,1,3,3,3,1,1.92,96,85,FALSE
Male,Loyal Customer,61,Personal Travel,Eco,637,3,5,3,2,5,3,5,5,3,3,5,4,5,3.92,48,46,FALSE
Female,Loyal Customer,22,Personal Travel,Eco,250,2,5,2,2,3,2,3,3,5,4,4,5,3,3.31,0,0,FALSE
Female,Loyal Customer,34,Business Travel,Eco,199,4,4,4,4,4,3,4,4,2,1,3,3,4,3.38,0,0,FALSE
Male,Loyal Customer,49,Personal Travel,Eco,188,5,2,5,3,4,5,5,4,2,3,2,4,4,3.69,0,0,TRUE
Male,Loyal Customer,36,Business Travel,Eco,862,5,5,5,5,5,4,5,5,4,3,4,1,5,4.31,0,0,FALSE
Male,Loyal Customer,41,Business Travel,Business,544,1,1,1,1,4,5,5,5,5,4,5,5,4,3.54,0,2,TRUE
Male,Loyal Customer,22,Business Travel,Eco,369,4,1,1,1,4,4,3,4,1,3,3,5,4,2.92,0,0,TRUE
Female,Loyal Customer,39,Business Travel,Business,3012,2,2,2,2,3,4,5,5,5,5,5,5,3,3.69,0,0,TRUE
Male,Loyal Customer,37,Business Travel,Business,328,2,4,4,4,5,4,3,2,2,2,2,4,1,3,0,4,FALSE
Male,Loyal Customer,52,Business Travel,Eco Plus,1237,2,3,1,1,2,2,2,2,4,1,2,5,2,2.23,0,0,TRUE
Male,Loyal Customer,16,Personal Travel,Eco,237,1,5,0,5,4,0,4,4,3,3,5,4,4,3.23,0,0,FALSE
Female,Loyal Customer,37,Business Travel,Business,224,1,3,4,4,2,2,3,2,2,2,1,1,3,2.31,22,15,FALSE
Male,Loyal Customer,57,Personal Travel,Eco,1947,3,4,4,1,5,4,2,5,5,2,4,3,5,3.62,112,89,FALSE
Male,Loyal Customer,30,Business Travel,Business,2911,2,2,3,2,4,3,4,4,4,5,5,5,4,3.62,1,25,TRUE
Male,Loyal Customer,25,Business Travel,Business,2028,2,2,2,2,4,4,4,4,5,3,4,5,4,3.46,15,7,TRUE
Male,Loyal Customer,45,Business Travel,Business,3048,3,3,4,3,5,4,3,3,3,3,3,1,1,3,0,0,FALSE
Female,Loyal Customer,30,Business Travel,Business,1841,3,3,3,3,5,5,5,5,4,4,4,5,5,4.15,16,5,TRUE
Female,Loyal Customer,61,Business Travel,Business,2569,2,4,4,4,1,3,4,2,2,2,2,4,1,2.69,6,0,FALSE
Female,Loyal Customer,42,Business Travel,Business,3156,3,3,3,3,2,5,5,4,4,5,5,3,3,3.69,20,20,TRUE
Male,Loyal Customer,58,Business Travel,Business,436,1,1,1,1,5,5,4,4,4,4,4,4,3,3.15,21,25,TRUE
Female,Loyal Customer,24,Personal Travel,Eco,399,2,5,2,3,1,2,1,1,4,4,4,4,1,2.62,0,0,FALSE
Female,Loyal Customer,14,Personal Travel,Eco,365,1,5,5,1,1,5,1,1,4,4,4,4,1,2.85,19,17,FALSE
Male,Loyal Customer,72,Business Travel,Eco Plus,508,2,1,1,1,2,2,2,2,2,2,4,2,2,1.92,0,0,TRUE
Male,Loyal Customer,31,Personal Travel,Eco Plus,1726,3,5,4,3,4,2,1,4,4,5,5,1,1,3.23,469,443,FALSE
Male,Loyal Customer,20,Personal Travel,Eco,666,1,5,1,1,2,1,2,2,3,2,5,2,2,2.23,0,14,FALSE
Female,Disloyal Customer,22,Business Travel,Business,1033,5,4,5,2,4,5,4,4,4,3,5,3,4,4,0,0,TRUE
Male,Loyal Customer,57,Personal Travel,Eco Plus,2133,2,4,2,3,3,2,3,3,5,4,5,4,3,3.31,1,21,FALSE
Male,Loyal Customer,54,Business Travel,Business,862,2,4,4,4,3,3,3,2,2,2,2,3,3,2.85,0,0,FALSE
Male,Loyal Customer,46,Business Travel,Business,1916,3,1,1,1,2,2,3,3,3,3,3,1,4,2.31,0,0,FALSE
Male,Disloyal Customer,36,Business Travel,Business,258,4,4,4,4,4,4,4,4,5,4,5,5,4,4.23,16,6,FALSE
Female,Loyal Customer,60,Business Travel,Business,1416,1,1,1,1,4,4,5,2,2,2,2,5,3,2.54,0,0,TRUE
Female,Loyal Customer,37,Business Travel,Business,3955,5,5,5,5,3,4,5,3,3,3,3,5,5,4.15,13,7,TRUE
Female,Loyal Customer,54,Business Travel,Business,2248,2,3,3,3,3,2,3,2,2,2,2,1,3,2.38,0,0,FALSE
Male,Loyal Customer,31,Personal Travel,Eco,761,4,4,4,1,5,4,5,5,5,4,4,5,5,4.23,41,30,FALSE
Male,Loyal Customer,72,Business Travel,Business,1521,4,2,2,2,2,3,3,4,4,4,4,4,2,3.08,0,35,FALSE
Male,Loyal Customer,48,Business Travel,Business,1379,3,3,3,3,5,4,4,4,4,4,4,4,4,3.77,73,66,TRUE
Male,Loyal Customer,51,Business Travel,Business,2429,3,3,3,3,3,4,4,5,5,5,5,4,3,3.85,13,11,TRUE
Female,Loyal Customer,13,Personal Travel,Eco,765,3,5,3,3,2,3,2,2,5,2,5,3,2,3.08,11,0,FALSE
Female,Loyal Customer,24,Personal Travel,Eco,356,1,5,1,1,1,1,1,1,3,3,4,5,1,2.15,0,3,FALSE
Female,Loyal Customer,44,Business Travel,Business,1121,2,5,5,5,2,3,3,2,2,2,2,4,3,3.08,1,10,FALSE
Male,Loyal Customer,51,Personal Travel,Eco,874,3,3,3,3,5,3,5,5,4,5,4,4,5,4,31,67,FALSE
Female,Loyal Customer,50,Business Travel,Business,2607,3,3,3,3,2,4,1,2,2,3,2,2,2,2.46,0,0,TRUE
Male,Loyal Customer,49,Personal Travel,Business,674,2,4,2,2,2,5,5,3,3,2,5,3,5,3.31,0,0,FALSE
Female,Loyal Customer,41,Personal Travel,Eco,184,2,4,2,1,5,2,5,5,3,3,4,3,5,3.38,0,0,FALSE
Female,Loyal Customer,33,Personal Travel,Eco,1046,1,4,1,1,2,1,2,2,4,2,5,5,2,2.46,22,23,FALSE
Male,Disloyal Customer,28,Business Travel,Eco,989,2,2,2,1,5,2,5,5,1,3,1,2,5,2.77,19,4,FALSE
Female,Loyal Customer,38,Business Travel,Eco,67,5,4,4,4,5,5,5,5,5,3,3,1,5,4.15,0,0,TRUE
Female,Disloyal Customer,21,Business Travel,Business,417,0,4,0,3,5,0,5,5,2,3,3,5,5,3.08,0,0,TRUE
Female,Loyal Customer,42,Business Travel,Business,1608,3,4,3,3,3,3,5,5,5,5,5,4,5,4.08,0,0,TRUE
Female,Disloyal Customer,17,Business Travel,Business,229,3,3,3,3,2,3,2,2,4,5,3,3,2,2.92,0,0,FALSE
Female,Loyal Customer,8,Personal Travel,Eco Plus,200,4,4,4,2,3,4,3,3,4,4,5,4,3,3.62,0,0,FALSE
Female,Loyal Customer,64,Personal Travel,Eco,404,3,2,3,3,3,2,2,2,2,3,2,2,1,2.31,0,0,FALSE
Male,Loyal Customer,44,Business Travel,Business,2295,3,3,3,3,1,3,2,3,3,3,3,1,2,2.54,7,23,FALSE
Female,Loyal Customer,43,Business Travel,Eco,201,5,3,3,3,5,2,4,5,5,5,5,5,5,4.23,0,0,TRUE
Female,Loyal Customer,52,Business Travel,Business,2032,4,4,2,4,5,4,5,4,4,4,4,5,3,4,0,8,TRUE
Female,Loyal Customer,51,Personal Travel,Eco,733,0,3,0,3,3,4,5,2,2,0,2,2,2,2.15,0,0,TRUE
Male,Loyal Customer,52,Business Travel,Eco,765,3,1,1,1,2,3,2,2,1,1,3,4,2,2,0,0,FALSE
Female,Loyal Customer,9,Personal Travel,Eco,868,3,5,3,3,5,3,5,5,4,3,3,3,5,3.85,0,0,FALSE
Male,Loyal Customer,66,Personal Travel,Eco,731,3,1,3,1,2,3,2,2,1,4,2,3,2,2.23,0,0,FALSE
Male,Loyal Customer,67,Personal Travel,Eco,1671,2,4,2,2,3,2,3,3,4,5,1,1,3,2.69,0,5,FALSE
Female,Loyal Customer,63,Personal Travel,Eco Plus,214,1,2,1,3,5,3,4,2,2,1,2,3,4,2.54,0,0,FALSE
Male,Disloyal Customer,38,Business Travel,Eco,89,3,4,4,4,1,4,1,1,4,3,1,3,1,2.62,52,46,FALSE
Male,Loyal Customer,56,Personal Travel,Eco,846,2,4,2,1,3,2,3,3,4,3,5,4,3,3,31,25,FALSE
Male,Loyal Customer,53,Business Travel,Eco,533,4,5,5,5,4,4,4,4,5,3,4,5,4,4.31,1,3,TRUE
Female,Loyal Customer,36,Personal Travel,Eco,414,2,2,2,4,2,1,2,3,1,4,3,2,2,2.31,147,157,FALSE
Male,Disloyal Customer,25,Business Travel,Business,591,2,4,2,1,1,2,1,1,4,5,5,4,1,2.54,0,0,FALSE
Female,Loyal Customer,46,Business Travel,Business,3818,3,5,3,3,3,4,4,5,5,5,5,5,4,4.15,0,15,TRUE
Male,Loyal Customer,46,Personal Travel,Eco,1739,3,1,3,4,2,3,2,2,4,4,2,2,2,2.62,0,1,FALSE
Male,Loyal Customer,60,Personal Travel,Eco,954,1,5,1,3,4,1,4,4,2,1,2,3,4,2.69,0,0,FALSE
Male,Loyal Customer,14,Personal Travel,Eco,1956,4,0,4,3,2,4,4,2,3,3,4,4,2,3,19,8,FALSE
Male,Disloyal Customer,8,Business Travel,Eco,2075,3,3,3,3,1,3,1,1,3,4,2,2,1,2.31,0,0,FALSE
Female,Loyal Customer,67,Personal Travel,Eco,563,3,4,3,4,5,5,5,4,4,3,4,5,5,4.15,18,7,FALSE
Female,Loyal Customer,13,Personal Travel,Eco,1096,2,3,2,3,1,2,1,1,4,5,3,2,1,2.31,49,33,FALSE
Female,Disloyal Customer,25,Business Travel,Eco,280,1,4,1,4,4,1,4,4,3,3,4,4,4,3.15,36,35,FALSE
Female,Disloyal Customer,22,Business Travel,Eco,806,2,2,2,4,5,2,5,5,2,2,4,4,5,3.38,0,0,FALSE
Female,Disloyal Customer,33,Business Travel,Eco,128,3,1,3,3,1,3,1,1,2,5,3,2,1,2.23,0,0,FALSE
Female,Loyal Customer,13,Personal Travel,Eco,140,4,3,4,3,5,4,5,5,1,5,2,1,5,3.62,3,0,FALSE
Male,Loyal Customer,8,Business Travel,Business,2125,5,5,5,5,4,4,4,4,3,2,3,4,4,4,0,0,TRUE
Female,Loyal Customer,47,Business Travel,Business,2739,2,2,2,2,3,2,2,4,4,4,4,2,5,2.92,0,0,TRUE
Female,Disloyal Customer,24,Business Travel,Eco,1069,1,1,1,3,3,1,1,3,4,2,4,3,3,2.31,61,51,FALSE
Male,Disloyal Customer,43,Business Travel,Business,606,1,1,1,1,1,1,1,1,3,4,5,5,1,2,5,17,FALSE
Female,Disloyal Customer,22,Business Travel,Eco,517,5,0,5,4,4,5,4,4,5,5,5,3,4,4.08,54,51,TRUE
Female,Loyal Customer,16,Personal Travel,Eco Plus,1916,4,2,4,3,4,4,3,4,3,2,3,1,4,3.15,0,0,FALSE
Male,Loyal Customer,36,Business Travel,Business,2737,1,1,1,1,2,4,1,4,4,4,3,1,2,2.23,0,4,TRUE
Male,Disloyal Customer,26,Business Travel,Eco,872,1,1,1,3,4,1,1,4,3,3,2,5,4,2.54,55,30,FALSE
Female,Loyal Customer,41,Business Travel,Business,2218,2,4,5,4,5,4,3,2,2,2,2,1,1,2.85,0,0,FALSE
Female,Disloyal Customer,36,Business Travel,Eco,468,2,4,2,3,5,2,5,5,2,2,3,3,5,3.31,0,6,FALSE
Female,Loyal Customer,9,Personal Travel,Eco,550,3,0,3,4,4,3,4,4,4,2,5,5,4,3.46,0,0,FALSE
Female,Loyal Customer,54,Personal Travel,Eco,347,3,5,3,4,2,2,3,3,3,3,3,3,1,2.92,0,7,FALSE
Male,Disloyal Customer,35,Business Travel,Eco,515,4,3,5,3,1,5,1,1,1,3,4,3,1,2.69,0,0,FALSE
Male,Loyal Customer,34,Business Travel,Business,1784,3,3,3,3,1,3,4,3,3,4,5,5,2,3.23,62,78,TRUE
Male,Loyal Customer,52,Business Travel,Business,2095,4,4,4,4,1,5,2,4,4,4,4,3,4,3.62,0,0,TRUE
Female,Disloyal Customer,32,Business Travel,Eco,295,1,1,1,3,3,1,3,3,4,5,3,2,3,2.54,19,17,FALSE
Male,Loyal Customer,41,Business Travel,Business,1631,1,1,1,1,5,4,5,4,4,4,4,4,3,3.15,0,5,TRUE
Male,Disloyal Customer,48,Business Travel,Business,228,3,3,3,4,2,3,1,2,1,3,4,3,2,2.62,11,6,FALSE
Female,Loyal Customer,25,Business Travel,Business,2369,2,2,2,2,5,5,5,5,4,5,2,1,5,3.46,0,0,TRUE
Male,Disloyal Customer,27,Business Travel,Business,861,2,2,2,4,3,2,1,3,3,3,4,5,3,2.85,17,27,FALSE
Female,Loyal Customer,45,Personal Travel,Eco,746,2,4,1,3,5,4,3,2,2,1,2,3,1,2.54,2,0,FALSE
Male,Loyal Customer,47,Business Travel,Business,173,2,3,2,3,1,4,3,2,2,3,2,3,1,2.38,0,0,FALSE
Male,Loyal Customer,58,Personal Travel,Eco,200,2,4,2,3,2,2,2,2,3,5,3,2,2,2.62,0,0,FALSE
Female,Loyal Customer,45,Business Travel,Business,2153,1,1,1,1,5,3,5,3,3,3,3,4,3,2.77,5,33,TRUE
Female,Loyal Customer,44,Business Travel,Eco Plus,201,4,1,1,1,2,2,3,3,3,4,3,3,3,2.54,0,0,FALSE
Female,Loyal Customer,24,Business Travel,Eco,773,3,1,1,1,3,3,1,3,3,5,4,3,3,2.62,0,0,FALSE
Male,Loyal Customer,16,Business Travel,Business,213,3,5,3,5,2,2,3,2,1,5,4,1,2,2.92,0,0,FALSE
Female,Loyal Customer,60,Personal Travel,Eco,67,1,4,1,4,3,4,4,3,3,1,3,3,3,2.85,0,13,FALSE
Male,Loyal Customer,38,Business Travel,Business,224,5,5,3,5,3,4,1,4,4,4,4,2,2,3.54,0,0,TRUE
Male,Loyal Customer,27,Business Travel,Eco,1211,3,2,2,2,5,5,5,5,2,3,5,3,5,3.62,4,23,TRUE
Male,Loyal Customer,23,Business Travel,Business,1835,3,3,5,3,3,3,3,3,1,2,4,2,3,2.92,11,12,FALSE
Female,Disloyal Customer,40,Business Travel,Business,294,4,4,4,4,4,4,4,4,1,5,4,4,4,3.85,0,0,FALSE
Female,Disloyal Customer,25,Business Travel,Business,1023,2,5,2,5,3,2,3,3,3,3,5,5,3,3.38,0,9,FALSE
Female,Loyal Customer,39,Business Travel,Business,1874,5,5,5,5,4,4,5,5,5,5,5,3,4,4.62,2,0,TRUE
Female,Loyal Customer,31,Business Travel,Business,2357,3,5,5,5,3,3,3,3,4,2,3,2,3,3.38,0,0,FALSE
Female,Loyal Customer,18,Personal Travel,Eco,1620,2,5,2,2,2,2,2,2,3,5,3,3,2,2.69,1,0,FALSE
Male,Loyal Customer,64,Personal Travel,Eco,125,1,2,1,3,2,1,2,2,3,1,3,4,2,2.08,0,0,FALSE
Female,Loyal Customer,48,Business Travel,Business,3336,4,4,4,4,3,4,4,5,5,5,5,3,4,4.15,0,0,TRUE
Male,Loyal Customer,57,Business Travel,Business,3428,4,4,4,4,3,4,4,4,4,4,4,3,5,3.92,0,0,TRUE
Male,Loyal Customer,42,Business Travel,Business,2094,2,2,2,2,4,2,2,5,5,5,5,1,1,2.92,0,0,TRUE
Female,Loyal Customer,43,Business Travel,Business,806,4,4,4,4,5,4,4,5,5,5,5,3,5,4.38,0,0,TRUE
Female,Loyal Customer,34,Business Travel,Business,1576,4,4,4,4,3,5,4,5,5,5,5,4,5,4.38,0,0,TRUE
Female,Disloyal Customer,19,Business Travel,Eco,544,3,4,3,4,5,3,5,5,5,2,4,3,5,3.92,0,0,FALSE
Female,Loyal Customer,60,Personal Travel,Eco,214,1,3,1,3,2,4,4,1,1,1,1,3,1,2,0,0,FALSE
Female,Loyal Customer,40,Personal Travel,Eco,834,4,5,4,2,1,4,1,1,5,5,5,4,1,3.23,30,17,FALSE
Female,Loyal Customer,31,Personal Travel,Eco,89,1,4,1,3,3,1,3,3,4,3,3,5,3,2.85,0,2,FALSE
Female,Loyal Customer,40,Business Travel,Business,1698,2,2,2,2,3,5,4,5,5,5,5,3,3,3.54,8,8,TRUE
Female,Loyal Customer,48,Business Travel,Eco,788,5,1,1,1,1,3,4,5,5,5,5,3,2,3.15,10,19,TRUE
Female,Loyal Customer,29,Business Travel,Business,3561,3,3,3,3,4,4,4,4,5,4,5,3,4,3.77,1,0,TRUE
Male,Disloyal Customer,41,Business Travel,Business,1001,4,4,4,2,3,4,3,3,3,3,4,5,3,3.46,0,10,TRUE
Male,Loyal Customer,58,Business Travel,Eco,867,3,5,5,5,3,3,3,3,4,4,4,3,3,3.69,0,0,FALSE
Male,Loyal Customer,51,Personal Travel,Eco,328,3,4,3,4,1,3,1,1,3,2,4,3,1,2.54,0,0,FALSE
Female,Loyal Customer,47,Business Travel,Business,2045,3,4,1,4,4,3,4,3,3,3,3,4,4,3.31,87,78,FALSE
Female,Loyal Customer,51,Business Travel,Business,611,4,4,4,4,5,5,5,4,4,4,4,3,4,4.15,30,52,TRUE
Male,Loyal Customer,67,Personal Travel,Eco,957,4,4,5,3,3,5,3,3,3,2,4,5,3,3.62,0,0,FALSE
Male,Loyal Customer,43,Personal Travel,Eco,1947,2,2,2,2,1,2,1,1,2,4,2,1,1,1.77,27,46,FALSE
Male,Loyal Customer,18,Business Travel,Eco Plus,143,5,1,1,1,5,5,3,5,1,2,5,5,5,3.38,1,0,TRUE
Male,Loyal Customer,10,Personal Travel,Eco,490,3,4,3,3,2,3,2,2,5,1,2,1,2,2.54,3,0,FALSE
Female,Loyal Customer,42,Personal Travel,Eco,301,1,4,1,5,5,4,5,3,3,1,3,3,4,3.23,0,0,FALSE
Female,Loyal Customer,48,Business Travel,Business,2567,1,4,1,1,4,5,4,5,5,5,5,4,4,3.69,32,26,TRUE
Male,Disloyal Customer,18,Business Travel,Eco,758,0,0,0,3,2,0,2,2,1,4,1,5,2,1.69,0,3,TRUE
Male,Loyal Customer,7,Personal Travel,Eco,421,5,1,2,2,2,2,2,2,4,5,2,4,2,2.69,0,0,TRUE
Male,Loyal Customer,14,Personal Travel,Eco,602,4,3,3,2,4,3,2,4,5,1,3,2,4,3.08,3,0,FALSE
Male,Loyal Customer,35,Business Travel,Business,2374,2,2,2,2,4,3,1,4,4,4,4,4,4,3.08,79,69,TRUE
Female,Loyal Customer,8,Personal Travel,Eco,2296,4,5,4,4,3,4,3,3,3,2,5,5,3,3.69,22,6,TRUE
Male,Disloyal Customer,23,Business Travel,Eco,692,1,1,1,4,4,1,4,4,3,3,3,2,4,2.69,33,21,FALSE
Female,Disloyal Customer,19,Business Travel,Eco,752,3,3,3,4,2,3,2,2,4,2,4,1,2,2.69,0,0,FALSE
Female,Disloyal Customer,22,Business Travel,Business,107,4,0,3,2,3,3,4,3,5,4,5,2,3,3.15,0,0,TRUE
Male,Loyal Customer,12,Personal Travel,Eco,1050,2,1,2,2,3,2,3,3,3,4,2,2,3,2.46,16,18,FALSE
Female,Disloyal Customer,20,Business Travel,Eco,950,3,3,3,2,3,3,3,3,1,2,3,1,3,2.54,0,0,FALSE
Female,Disloyal Customer,21,Business Travel,Eco,101,4,4,5,4,5,5,5,5,4,5,4,1,5,4.31,5,7,FALSE
Female,Disloyal Customer,46,Business Travel,Business,1235,4,4,4,4,3,4,3,3,3,2,4,5,3,3.54,6,10,TRUE
Male,Loyal Customer,56,Personal Travel,Eco,226,3,4,3,2,4,3,4,4,5,4,4,4,4,3.69,0,10,FALSE
Male,Loyal Customer,31,Personal Travel,Eco,862,3,4,3,4,3,2,5,3,2,4,4,5,5,3.62,139,164,FALSE
Female,Loyal Customer,22,Business Travel,Business,599,2,4,4,4,2,1,2,2,3,3,4,3,2,2.77,0,4,FALSE
Male,Loyal Customer,50,Business Travel,Eco,299,3,5,5,5,2,3,2,2,2,5,5,1,2,3.23,0,2,TRUE
Female,Loyal Customer,69,Business Travel,Eco,364,2,5,5,5,1,4,4,2,2,2,2,2,4,3.08,11,2,FALSE
Female,Disloyal Customer,22,Business Travel,Business,998,0,0,0,5,3,0,3,3,4,4,5,3,3,2.54,5,13,TRUE
Male,Loyal Customer,27,Business Travel,Eco Plus,965,5,1,1,1,5,5,5,5,1,3,5,4,5,3.54,0,2,TRUE
Female,Loyal Customer,59,Business Travel,Business,2490,1,1,4,1,1,4,4,4,4,4,4,5,2,3,0,1,TRUE
Female,Disloyal Customer,35,Business Travel,Business,250,3,3,3,2,3,3,3,3,4,4,5,4,3,3.31,0,0,FALSE
Female,Loyal Customer,27,Business Travel,Eco Plus,967,3,4,4,4,3,3,3,3,1,4,4,4,3,3.31,46,21,FALSE
Male,Loyal Customer,53,Business Travel,Business,679,3,2,2,2,5,3,3,3,3,3,3,1,2,2.69,0,0,FALSE
Female,Loyal Customer,55,Business Travel,Business,1965,0,4,0,5,3,4,4,3,3,3,3,5,5,3.23,54,55,TRUE
Male,Loyal Customer,57,Business Travel,Business,767,5,5,5,5,5,5,5,4,4,4,4,4,3,4.46,0,3,TRUE
Male,Loyal Customer,25,Business Travel,Business,1119,5,5,5,5,4,4,4,4,4,3,5,3,4,4.23,0,0,TRUE
Male,Loyal Customer,42,Business Travel,Business,109,0,5,0,2,5,5,5,4,4,4,4,4,4,3.54,9,8,TRUE
Male,Loyal Customer,31,Personal Travel,Eco,599,4,5,3,4,1,3,1,1,1,1,3,1,1,2.23,0,7,FALSE
Male,Loyal Customer,37,Business Travel,Business,599,2,2,1,2,2,5,5,5,5,5,5,3,3,3.46,0,0,TRUE
Female,Loyal Customer,38,Business Travel,Eco,680,5,1,1,1,5,5,5,5,4,3,5,1,5,3.54,0,3,TRUE
Male,Loyal Customer,55,Business Travel,Business,2004,2,2,2,2,4,5,5,4,4,4,4,1,4,3.31,18,14,TRUE
Female,Loyal Customer,59,Personal Travel,Eco,416,1,2,1,4,2,3,3,4,4,1,4,1,2,2.46,0,0,FALSE
Female,Loyal Customer,38,Personal Travel,Eco,2402,1,1,1,3,4,1,4,4,3,1,3,2,4,2.46,0,0,FALSE
Female,Loyal Customer,17,Personal Travel,Eco,409,3,3,3,4,1,3,1,1,2,4,2,4,1,2.46,3,0,FALSE
Female,Loyal Customer,43,Business Travel,Business,707,2,5,2,2,5,4,5,5,5,5,5,5,3,4.08,0,0,TRUE
Female,Disloyal Customer,26,Business Travel,Business,184,0,5,0,4,1,0,1,1,5,2,4,3,1,2.08,43,49,TRUE
Female,Loyal Customer,37,Personal Travel,Eco,783,2,1,2,2,5,2,5,5,2,5,3,2,5,3.15,0,0,FALSE
Male,Loyal Customer,17,Personal Travel,Business,2475,1,4,1,4,1,5,1,1,2,3,3,1,1,2.15,0,0,FALSE
Male,Loyal Customer,49,Business Travel,Eco,250,4,4,3,4,4,4,4,4,3,3,4,2,4,3.62,0,0,FALSE
Male,Disloyal Customer,30,Business Travel,Eco Plus,667,2,2,2,2,3,2,3,3,4,3,1,2,3,2.46,41,27,FALSE
Male,Loyal Customer,15,Personal Travel,Eco,503,2,5,2,5,5,2,5,5,4,5,5,5,5,4.23,43,46,FALSE
Male,Disloyal Customer,47,Business Travel,Eco,977,2,3,3,3,3,3,2,3,2,1,3,1,3,2.46,31,24,FALSE
Male,Loyal Customer,48,Business Travel,Business,2805,0,3,0,4,5,5,4,2,2,5,3,4,4,3.15,182,179,TRUE
Female,Loyal Customer,39,Business Travel,Business,1549,3,3,3,3,2,3,1,5,5,5,3,2,4,3.23,0,5,TRUE
Female,Disloyal Customer,33,Business Travel,Eco,809,1,1,1,4,5,1,5,5,4,4,2,3,5,3.15,0,0,FALSE
Male,Loyal Customer,47,Business Travel,Business,2221,2,2,2,2,2,5,5,4,4,4,4,4,4,3.38,26,13,TRUE
Female,Loyal Customer,22,Business Travel,Business,3958,2,2,2,2,5,5,5,5,3,4,4,3,5,3.62,0,2,TRUE
Female,Loyal Customer,22,Personal Travel,Eco Plus,404,2,5,2,2,3,2,3,3,5,4,4,3,3,3.15,7,8,FALSE
Male,Disloyal Customer,28,Business Travel,Business,325,2,2,2,4,2,2,4,2,3,3,4,4,2,2.77,0,0,FALSE
Male,Disloyal Customer,24,Business Travel,Eco,986,1,1,1,4,1,1,1,1,5,4,4,3,1,2.15,0,0,FALSE
Male,Disloyal Customer,34,Business Travel,Business,1723,3,3,3,5,3,3,4,3,3,3,4,4,3,3.38,0,0,FALSE
Female,Loyal Customer,35,Personal Travel,Eco,347,2,5,2,1,2,2,2,2,5,4,4,4,2,2.85,17,17,FALSE
Male,Loyal Customer,52,Personal Travel,Eco,1096,3,4,3,1,3,1,5,1,4,4,1,5,5,3.08,202,197,FALSE
Male,Loyal Customer,29,Personal Travel,Eco,429,4,1,4,3,5,4,5,5,2,1,3,1,5,3.31,0,0,FALSE
Female,Loyal Customer,64,Business Travel,Business,3143,2,2,2,2,5,5,5,5,5,5,5,4,5,4,0,0,TRUE
Male,Disloyal Customer,25,Business Travel,Business,546,5,0,5,1,1,5,1,1,4,4,5,4,1,2.85,0,0,TRUE
Female,Disloyal Customer,27,Business Travel,Eco,253,2,4,1,3,3,1,3,3,2,5,3,2,3,2.69,0,0,FALSE
Female,Loyal Customer,64,Personal Travel,Eco,558,3,2,3,4,5,4,3,2,2,3,2,3,4,3.08,0,0,FALSE
Female,Disloyal Customer,46,Business Travel,Business,2422,4,4,4,4,4,1,5,5,4,4,5,5,5,4.15,204,190,TRUE
Female,Loyal Customer,57,Business Travel,Eco,1013,5,5,4,5,3,5,4,5,5,5,5,5,3,4.54,38,36,TRUE
Male,Loyal Customer,19,Business Travel,Business,2153,2,1,1,1,2,3,2,2,4,2,4,3,2,2.23,0,0,FALSE
Male,Loyal Customer,45,Personal Travel,Eco,2182,3,3,3,4,5,3,5,5,4,4,4,3,5,3.92,3,2,FALSE
Male,Loyal Customer,40,Personal Travel,Eco,533,3,2,3,3,2,3,2,2,2,2,4,4,2,2.62,0,0,FALSE
Male,Loyal Customer,48,Business Travel,Eco,304,5,1,1,1,5,5,5,5,4,2,3,4,5,3.54,0,0,TRUE
Female,Disloyal Customer,29,Business Travel,Business,2552,5,5,5,2,2,5,2,2,5,4,3,5,2,3.62,0,0,TRUE
Male,Loyal Customer,46,Business Travel,Business,402,4,4,4,4,1,3,5,5,5,5,5,4,4,4.08,0,0,TRUE
Male,Loyal Customer,26,Business Travel,Business,515,2,2,2,2,4,4,4,4,3,4,5,5,4,3.46,0,0,TRUE
Male,Loyal Customer,49,Personal Travel,Eco,422,3,4,3,3,3,3,3,3,5,1,3,5,3,3.23,0,0,FALSE
Male,Loyal Customer,58,Business Travel,Business,602,1,1,1,1,4,4,5,4,4,4,4,5,3,3.15,0,3,TRUE
Male,Loyal Customer,32,Personal Travel,Eco,255,1,5,1,2,2,1,2,2,4,4,4,3,2,2.54,0,0,FALSE
Female,Loyal Customer,40,Business Travel,Business,3858,1,1,2,1,4,5,1,4,4,5,3,2,3,2.77,0,0,TRUE
Female,Loyal Customer,42,Business Travel,Eco,605,4,4,4,4,1,2,2,4,4,4,4,4,5,3.54,0,0,TRUE
Male,Loyal Customer,28,Business Travel,Eco Plus,480,1,3,3,3,1,1,1,1,4,2,1,3,1,1.92,0,2,FALSE
Male,Loyal Customer,44,Business Travel,Eco,957,1,1,1,1,1,1,1,1,4,3,3,1,1,1.54,0,0,FALSE
Male,Loyal Customer,32,Business Travel,Business,2446,5,5,5,5,4,4,4,4,3,4,3,5,4,4.23,30,15,TRUE
Male,Loyal Customer,29,Personal Travel,Eco,646,3,1,3,3,2,3,2,2,3,5,2,2,2,2.54,0,0,FALSE
Male,Loyal Customer,45,Business Travel,Business,2387,4,4,5,4,5,2,2,5,5,5,5,5,5,4.31,39,35,TRUE
Male,Loyal Customer,62,Business Travel,Eco,966,3,2,2,2,4,3,4,4,3,4,3,3,4,3.15,0,0,FALSE
Female,Loyal Customer,61,Personal Travel,Business,500,2,4,2,3,4,5,4,1,1,2,1,5,5,3,9,3,FALSE
Male,Loyal Customer,44,Personal Travel,Eco,696,4,4,4,3,4,4,1,4,5,3,5,4,4,3.77,0,0,FALSE
Female,Disloyal Customer,27,Business Travel,Eco Plus,737,1,1,1,3,4,1,1,4,5,3,2,3,4,2.54,15,,FALSE
Male,Loyal Customer,29,Business Travel,Business,3772,2,2,2,2,5,4,5,5,2,1,1,2,5,2.92,88,75,TRUE
Male,Loyal Customer,50,Personal Travel,Business,130,2,2,0,4,1,3,3,4,4,0,4,4,1,2.46,0,16,FALSE
Female,Disloyal Customer,23,Business Travel,Eco Plus,141,5,4,5,2,4,5,5,4,4,5,5,2,4,4.15,10,5,TRUE
Male,Loyal Customer,8,Personal Travel,Eco,1121,3,5,3,3,5,3,5,5,3,5,3,3,5,3.92,0,0,FALSE
Female,Loyal Customer,42,Business Travel,Business,1820,3,3,3,3,5,5,5,4,4,4,5,5,5,4.15,173,166,TRUE
Male,Disloyal Customer,27,Business Travel,Business,228,3,3,3,1,4,3,2,4,4,5,4,4,4,3.38,85,,FALSE
Male,Loyal Customer,57,Business Travel,Business,1631,4,4,4,4,2,5,5,4,4,4,4,5,3,4,0,0,TRUE
Male,Loyal Customer,40,Business Travel,Business,1628,5,5,5,5,3,5,5,5,5,5,5,3,3,4.54,0,0,TRUE
Male,Loyal Customer,53,Business Travel,Eco Plus,719,2,3,3,3,2,2,2,2,2,3,3,1,2,2.31,0,3,FALSE
Male,Loyal Customer,61,Personal Travel,Eco,374,2,0,2,3,1,2,1,1,4,5,4,5,1,2.38,0,0,FALSE
Female,Loyal Customer,53,Business Travel,Business,1235,5,5,5,5,3,4,4,5,5,4,5,4,5,4.54,8,5,TRUE
Female,Disloyal Customer,24,Business Travel,Eco,134,3,0,3,2,3,3,2,3,3,4,4,3,3,2.77,0,0,FALSE
Female,Loyal Customer,53,Business Travel,Business,679,5,5,5,5,5,4,4,3,2,4,4,4,4,4.15,235,243,TRUE
Female,Loyal Customer,70,Business Travel,Eco Plus,333,5,3,3,3,1,1,2,5,5,5,5,1,2,3.15,11,4,TRUE
Female,Loyal Customer,49,Business Travel,Business,1529,4,4,1,4,4,5,4,3,3,3,3,5,4,3.62,0,0,TRUE
Female,Loyal Customer,18,Business Travel,Business,2295,3,3,3,3,4,4,4,4,4,5,5,4,4,3.85,52,22,TRUE
Male,Loyal Customer,8,Personal Travel,Eco,626,2,5,2,3,2,2,2,2,3,5,4,3,2,2.85,0,0,FALSE
Male,Loyal Customer,70,Personal Travel,Eco,163,3,4,3,3,4,3,2,4,1,2,3,2,4,2.92,0,0,FALSE
Female,Loyal Customer,28,Personal Travel,Eco,369,2,1,2,4,4,2,2,4,4,4,3,2,4,2.92,1,0,FALSE
Female,Loyal Customer,28,Personal Travel,Eco,937,3,4,3,1,2,3,5,2,4,5,5,3,2,3.23,0,0,FALSE
Female,Loyal Customer,68,Business Travel,Business,1201,2,2,2,2,5,1,5,4,4,4,4,5,5,3.46,0,0,TRUE
Male,Disloyal Customer,27,Business Travel,Eco,844,1,1,1,3,3,1,2,3,2,1,2,3,3,2,0,0,FALSE
Female,Loyal Customer,12,Personal Travel,Eco,223,5,4,5,1,5,5,2,5,5,4,5,3,5,4.15,7,4,TRUE
Female,Loyal Customer,46,Business Travel,Business,3319,4,1,1,1,1,4,3,4,4,4,4,3,2,2.77,3,7,FALSE
Male,Loyal Customer,53,Business Travel,Business,2090,5,5,5,5,3,5,4,5,5,5,5,4,4,4.62,0,3,TRUE
Female,Loyal Customer,7,Personal Travel,Eco,576,4,4,4,4,4,4,4,4,5,2,4,4,4,3.92,0,0,FALSE
Male,Loyal Customer,56,Business Travel,Business,3497,1,1,1,1,2,4,4,2,2,2,2,3,4,2.23,14,21,TRUE
Male,Loyal Customer,52,Business Travel,Business,787,3,3,3,3,2,4,5,5,5,5,5,5,5,4.08,0,0,TRUE
Female,Loyal Customer,66,Personal Travel,Eco,441,3,4,3,3,5,3,1,3,3,3,3,5,5,3.38,0,0,FALSE
Male,Loyal Customer,41,Personal Travel,Eco,259,0,5,0,4,1,0,1,1,5,2,5,2,1,2.08,0,0,TRUE
Female,Loyal Customer,47,Business Travel,Business,2547,2,2,2,2,5,5,4,2,2,2,2,5,5,3.08,1,0,TRUE
Female,Disloyal Customer,25,Business Travel,Business,600,4,2,4,3,3,4,3,3,3,4,4,4,3,3.38,28,17,TRUE
Female,Loyal Customer,53,Business Travel,Business,2153,2,5,3,3,3,3,2,2,2,1,2,2,2,2.46,0,13,FALSE
Male,Loyal Customer,79,Business Travel,Business,2032,3,4,4,4,4,3,3,3,3,3,3,2,2,3.15,2,8,FALSE
Female,Loyal Customer,42,Business Travel,Eco,649,2,4,4,4,4,3,4,2,2,2,2,2,1,2.77,0,0,FALSE
Female,Loyal Customer,12,Personal Travel,Eco,325,4,2,4,4,5,4,5,5,1,1,4,1,5,3.46,0,0,TRUE
Female,Loyal Customer,61,Business Travel,Business,3395,2,2,2,2,1,2,3,4,4,4,4,4,5,3,0,0,TRUE
Female,Loyal Customer,57,Personal Travel,Eco,1259,4,5,4,4,5,4,4,3,3,4,5,3,5,4.08,45,41,FALSE
Female,Loyal Customer,30,Business Travel,Business,1619,3,3,5,3,5,5,5,5,4,4,5,4,5,4.31,0,0,TRUE
Male,Loyal Customer,26,Business Travel,Eco Plus,1134,5,3,3,3,5,5,5,5,2,1,4,2,5,3.69,0,0,TRUE
Male,Loyal Customer,50,Business Travel,Business,2276,5,5,5,5,3,5,5,5,5,5,5,3,5,4.69,0,0,TRUE
Male,Loyal Customer,60,Personal Travel,Eco,978,3,4,3,4,5,3,5,5,3,2,3,2,5,3.62,0,16,FALSE
Male,Loyal Customer,43,Business Travel,Business,1526,2,5,5,5,2,4,4,2,2,2,2,1,3,3,0,0,FALSE
Female,Loyal Customer,10,Personal Travel,Eco,1372,4,4,4,2,5,4,5,5,3,3,4,5,5,4.08,0,0,TRUE
Male,Disloyal Customer,22,Business Travel,Eco,163,2,0,2,4,5,2,5,5,3,1,5,2,5,3.15,14,5,FALSE
Female,Loyal Customer,58,Business Travel,Business,2907,4,4,4,4,5,5,5,4,4,4,5,5,5,4.46,180,208,TRUE
Male,Loyal Customer,59,Business Travel,Eco Plus,201,2,1,1,1,1,2,1,1,1,3,4,1,1,1.54,0,0,FALSE
Female,Loyal Customer,60,Business Travel,Eco,370,4,5,5,5,2,4,4,4,4,4,4,4,2,3.92,15,6,FALSE
Female,Loyal Customer,64,Personal Travel,Eco,130,1,5,1,5,3,5,5,4,4,1,4,4,5,3.62,1,0,FALSE
Female,Loyal Customer,58,Business Travel,Business,680,5,5,5,5,3,5,4,4,4,4,4,5,3,4.31,0,0,TRUE
Male,Loyal Customer,16,Business Travel,Eco,603,4,5,5,5,4,4,2,4,2,2,3,1,4,3.46,23,10,FALSE
Female,Loyal Customer,24,Business Travel,Business,3415,3,3,2,3,3,3,3,3,3,2,3,1,3,2.69,0,5,FALSE
Male,Loyal Customer,17,Personal Travel,Eco,198,2,2,2,3,4,2,4,4,3,4,4,2,4,3.08,0,0,FALSE
Female,Disloyal Customer,24,Business Travel,Business,541,4,5,4,4,2,4,2,2,3,2,5,3,2,3.23,0,0,TRUE
Female,Loyal Customer,40,Business Travel,Business,594,3,3,3,3,2,5,4,3,3,4,3,4,5,3.46,0,0,TRUE
Male,Loyal Customer,53,Business Travel,Business,493,3,4,4,4,5,3,4,3,3,2,3,2,3,3.31,0,0,FALSE
Female,Loyal Customer,13,Personal Travel,Eco,1521,0,5,1,3,2,1,2,2,4,5,4,5,2,2.77,0,0,TRUE
Female,Loyal Customer,12,Personal Travel,Eco,996,1,4,1,4,4,1,4,4,3,3,5,5,4,3.31,52,68,FALSE
Female,Loyal Customer,28,Personal Travel,Eco,852,2,5,3,1,5,3,5,5,5,3,4,4,5,3.85,0,0,FALSE
Female,Disloyal Customer,27,Business Travel,Eco,995,3,3,3,3,5,3,5,5,4,1,3,1,5,3.38,0,0,FALSE
Female,Loyal Customer,59,Personal Travel,Eco,483,2,1,2,4,4,4,3,2,2,2,2,4,3,2.69,103,102,FALSE
Female,Loyal Customer,70,Personal Travel,Eco,1171,1,2,1,3,1,4,3,1,1,1,1,1,1,1.62,0,0,FALSE
Male,Loyal Customer,25,Business Travel,Eco,1017,2,3,3,3,2,2,1,2,3,1,4,1,2,2.23,0,21,FALSE
Male,Loyal Customer,19,Personal Travel,Eco,899,0,4,0,1,2,0,2,2,5,5,4,5,2,2.46,6,0,TRUE
Male,Loyal Customer,34,Business Travel,Business,432,5,5,5,5,4,4,5,4,4,4,4,5,4,4.46,4,30,TRUE
Female,Loyal Customer,19,Business Travel,Eco Plus,2586,3,5,5,5,4,5,3,2,5,1,1,3,3,3.46,52,91,TRUE
Female,Loyal Customer,41,Business Travel,Business,457,1,1,1,1,5,5,4,5,5,5,5,3,3,3.38,0,3,TRUE
Male,Disloyal Customer,54,Business Travel,Eco,153,1,0,1,3,5,1,3,5,4,4,5,1,5,2.92,0,0,FALSE
Male,Loyal Customer,54,Business Travel,Business,2038,1,1,1,1,4,4,4,4,4,4,4,5,3,3.08,2,0,TRUE
Female,Loyal Customer,24,Personal Travel,Eco,147,4,1,4,2,2,4,2,2,2,1,2,1,2,2.23,0,0,FALSE
Female,Loyal Customer,69,Personal Travel,Eco,552,2,4,2,3,3,4,5,4,4,2,4,3,5,3.46,0,10,FALSE
Female,Disloyal Customer,23,Business Travel,Eco,936,0,0,0,4,4,0,1,4,5,5,5,3,4,2.69,0,0,TRUE
Female,Loyal Customer,35,Personal Travel,Business,1587,2,5,2,3,5,5,4,4,4,2,4,5,3,3.69,0,0,FALSE
Male,Loyal Customer,51,Business Travel,Business,2586,3,3,3,3,4,4,4,4,3,2,4,4,4,3.46,0,14,TRUE
Male,Disloyal Customer,24,Business Travel,Eco,1149,1,1,1,3,1,1,1,1,1,5,3,4,1,1.85,0,0,FALSE
Female,Loyal Customer,19,Business Travel,Eco,814,3,4,4,4,3,3,4,3,4,2,3,4,3,3.38,0,8,FALSE
Male,Loyal Customer,28,Personal Travel,Eco,1041,1,5,1,1,5,1,3,5,3,3,5,5,5,3.31,0,0,FALSE
Female,Disloyal Customer,27,Business Travel,Eco,1067,4,4,4,3,4,4,4,4,3,4,4,1,4,3.62,0,0,FALSE
Female,Loyal Customer,67,Business Travel,Eco,101,4,5,5,5,3,3,2,4,4,4,4,3,4,3.85,2,14,FALSE
Male,Loyal Customer,32,Personal Travel,Business,1085,1,4,1,1,4,1,4,4,4,3,4,4,4,3,7,0,FALSE
Female,Disloyal Customer,39,Business Travel,Business,325,2,2,2,4,3,2,3,3,5,2,4,4,3,3,0,0,FALSE
Male,Loyal Customer,21,Personal Travel,Eco,628,4,5,4,3,4,4,5,4,3,3,4,4,4,3.92,0,0,FALSE
Female,Loyal Customer,36,Personal Travel,Eco,650,2,4,2,3,1,2,1,1,4,4,5,2,1,2.46,36,38,FALSE
Male,Loyal Customer,35,Business Travel,Business,2768,1,1,1,1,5,2,2,5,5,5,5,5,3,3.15,0,13,TRUE
Male,Loyal Customer,43,Business Travel,Business,3396,4,4,4,4,2,4,5,4,4,4,4,5,4,4,0,0,TRUE
Male,Loyal Customer,37,Business Travel,Business,2865,1,1,1,1,3,3,5,4,4,4,4,2,2,2.69,0,0,TRUE
Male,Loyal Customer,57,Business Travel,Business,3850,1,1,1,1,4,5,5,4,4,4,4,5,5,3.38,0,0,TRUE
Female,Loyal Customer,49,Personal Travel,Eco,264,1,1,1,2,4,2,3,1,1,1,1,3,3,1.85,0,0,FALSE
Male,Loyal Customer,29,Business Travel,Business,3911,4,4,4,4,5,5,5,5,4,3,4,4,5,4.31,0,21,TRUE
Male,Disloyal Customer,23,Business Travel,Eco,931,2,2,2,4,4,2,4,4,1,1,3,4,4,2.85,2,5,FALSE
Female,Loyal Customer,34,Business Travel,Business,1514,2,2,2,2,5,5,4,4,4,4,4,5,3,3.54,0,0,TRUE
Female,Loyal Customer,33,Personal Travel,Eco,650,1,5,1,2,2,1,2,2,5,3,4,1,2,2.38,0,0,FALSE
Male,Disloyal Customer,19,Business Travel,Business,551,5,0,5,3,1,5,1,1,5,2,4,4,1,2.85,8,4,TRUE
Male,Loyal Customer,42,Business Travel,Eco,1024,5,5,2,5,5,5,5,5,5,5,3,5,5,4.62,0,31,TRUE
Male,Loyal Customer,54,Personal Travel,Eco,813,5,3,5,1,4,5,4,4,4,1,4,2,4,3.54,0,0,TRUE
Male,Loyal Customer,52,Business Travel,Business,515,4,4,4,4,5,2,5,5,5,4,5,5,5,4.38,28,22,TRUE
Female,Loyal Customer,41,Business Travel,Business,606,5,5,5,5,2,4,5,5,5,4,5,3,4,4.38,26,23,TRUE
Male,Disloyal Customer,26,Business Travel,Business,429,1,0,1,5,5,1,5,5,3,4,5,3,5,3.31,0,0,FALSE
Female,Loyal Customer,23,Business Travel,Business,628,2,3,3,3,2,2,2,2,4,4,4,2,2,2.69,30,22,FALSE
Male,Loyal Customer,68,Personal Travel,Eco,1310,1,3,1,4,4,1,4,4,2,4,2,4,4,2.92,2,0,FALSE
Female,Disloyal Customer,27,Business Travel,Business,542,2,2,2,3,5,2,5,5,5,5,5,4,5,3.85,8,4,FALSE
Male,Loyal Customer,53,Personal Travel,Eco,2565,1,1,1,3,3,1,1,3,2,3,3,3,3,2.15,0,0,FALSE
Male,Loyal Customer,52,Business Travel,Business,2171,3,3,3,3,2,5,4,4,4,4,4,5,4,3.69,0,0,TRUE
Female,Loyal Customer,46,Personal Travel,Eco,399,3,5,3,3,4,4,5,1,1,3,1,4,4,3.15,0,0,FALSE
Male,Loyal Customer,33,Business Travel,Business,859,4,4,4,4,4,4,4,4,5,4,4,5,4,4.15,0,0,TRUE
Male,Loyal Customer,40,Business Travel,Business,3925,1,1,1,1,5,4,4,2,2,2,2,3,5,2.54,0,0,TRUE
Male,Loyal Customer,37,Business Travel,Eco Plus,177,1,2,4,2,1,1,1,3,5,4,4,1,1,2.31,110,144,FALSE
Male,Loyal Customer,15,Business Travel,Business,391,2,4,4,4,2,3,2,2,3,1,4,1,2,2.62,0,0,FALSE
Male,Disloyal Customer,36,Business Travel,Business,368,2,2,2,4,3,2,3,3,3,5,5,5,3,3.23,26,25,FALSE
Male,Loyal Customer,56,Business Travel,Business,909,4,4,4,4,2,4,5,5,5,5,5,5,3,4.23,4,0,TRUE
Male,Loyal Customer,27,Personal Travel,Eco,399,5,1,5,2,3,5,3,3,4,3,1,1,3,3,0,0,TRUE
Male,Loyal Customer,46,Business Travel,Business,259,0,0,0,4,2,4,5,4,4,4,4,4,5,3.08,0,0,TRUE
Female,Loyal Customer,36,Personal Travel,Eco,248,4,4,4,4,2,4,2,2,5,3,5,4,2,3.46,0,0,FALSE
Female,Loyal Customer,55,Business Travel,Business,2809,1,1,5,1,4,5,4,4,4,4,4,3,5,3.46,106,93,TRUE
Female,Disloyal Customer,35,Business Travel,Business,342,2,2,2,3,5,2,5,5,5,4,4,5,5,3.77,18,16,FALSE
Female,Loyal Customer,33,Business Travel,Business,305,1,0,0,4,2,3,4,5,5,0,3,2,4,2.54,1,0,FALSE
Male,Loyal Customer,50,Business Travel,Business,1618,2,2,2,2,2,4,3,5,5,5,5,4,5,3.54,0,0,TRUE
Female,Loyal Customer,38,Business Travel,Business,2125,4,4,4,4,4,5,4,4,4,4,4,4,3,4,0,0,TRUE
Female,Loyal Customer,50,Business Travel,Eco,544,5,4,4,4,2,5,4,5,5,5,5,1,2,3.92,0,0,TRUE
Female,Loyal Customer,35,Business Travel,Business,1883,0,4,0,1,3,1,4,3,3,3,2,5,3,2.46,1,0,TRUE
Male,Loyal Customer,20,Personal Travel,Eco,1111,3,5,4,3,5,4,5,5,4,4,5,5,5,4.38,0,2,FALSE
Female,Loyal Customer,47,Business Travel,Business,2322,5,5,5,5,4,4,5,5,5,5,5,2,4,4.54,30,23,TRUE
Male,Loyal Customer,24,Business Travel,Eco,737,1,1,1,1,1,1,1,1,2,5,3,4,1,1.77,73,49,FALSE
Female,Loyal Customer,55,Business Travel,Business,3025,4,4,4,4,3,3,3,5,5,5,3,2,3,3.69,0,7,TRUE
Female,Loyal Customer,67,Personal Travel,Eco,2454,2,4,2,3,2,1,1,2,5,3,3,1,1,2.31,1,1,FALSE
Female,Disloyal Customer,25,Business Travel,Eco,1320,2,2,2,4,4,2,4,4,2,4,3,3,4,3.08,7,1,FALSE
Female,Loyal Customer,52,Business Travel,Business,2077,4,4,4,4,5,4,5,4,4,4,4,5,3,4.15,0,0,TRUE
Female,Disloyal Customer,24,Business Travel,Eco,920,3,3,3,3,3,3,3,3,2,3,4,2,3,2.92,0,0,FALSE
Male,Loyal Customer,12,Personal Travel,Eco,395,2,2,2,4,3,2,3,3,4,3,3,4,3,2.92,126,115,FALSE
Female,Disloyal Customer,33,Business Travel,Eco Plus,588,2,2,2,3,2,2,2,2,1,4,4,1,2,2.23,0,14,FALSE
Male,Loyal Customer,47,Business Travel,Business,1846,5,5,5,5,4,5,4,4,4,4,4,4,4,4.38,0,0,TRUE
Male,Disloyal Customer,21,Business Travel,Eco,1282,3,3,3,4,5,3,5,5,3,2,3,2,5,3.54,3,4,FALSE
Female,Loyal Customer,23,Personal Travel,Eco,628,1,5,1,4,1,1,1,1,5,5,4,4,1,2.62,0,29,FALSE
Male,Loyal Customer,42,Business Travel,Eco,460,2,3,3,3,2,2,2,2,4,4,3,2,2,2.62,29,11,FALSE
Female,Loyal Customer,70,Personal Travel,Eco,129,3,3,3,1,3,5,4,4,4,3,4,4,5,3.54,0,12,FALSE
Male,Loyal Customer,27,Personal Travel,Eco,337,3,3,3,4,3,3,3,3,3,3,4,4,3,3.23,12,7,FALSE
Male,Loyal Customer,41,Business Travel,Business,1514,4,3,3,3,5,4,4,4,4,4,4,2,4,3.69,0,5,FALSE
Female,Loyal Customer,19,Personal Travel,Eco,1771,4,2,4,3,1,4,2,1,3,2,2,1,1,2.31,0,0,FALSE
Female,Disloyal Customer,23,Business Travel,Business,265,1,4,0,3,3,0,3,3,1,1,4,4,3,2.31,0,6,FALSE
Female,Disloyal Customer,22,Business Travel,Eco,1259,3,3,3,4,2,3,2,2,4,2,3,1,2,2.62,0,0,FALSE
Male,Loyal Customer,63,Personal Travel,Business,802,2,4,2,1,2,4,4,4,4,2,5,5,4,3.31,0,6,FALSE
Female,Loyal Customer,50,Business Travel,Business,1694,1,1,1,1,3,4,5,5,5,5,5,3,4,3.31,0,0,TRUE
Male,Loyal Customer,27,Business Travel,Eco Plus,1303,3,1,2,1,3,3,3,3,1,4,4,2,3,2.54,0,31,FALSE
Female,Loyal Customer,56,Personal Travel,Eco,859,3,5,3,2,3,4,3,1,1,3,1,4,4,2.85,0,0,FALSE
Male,Loyal Customer,9,Personal Travel,Eco,516,3,1,3,4,1,3,1,1,4,5,4,4,1,2.69,0,0,FALSE
Female,Loyal Customer,60,Business Travel,Business,3915,2,5,5,5,5,4,4,2,2,2,2,1,1,3.08,86,88,FALSE
Female,Loyal Customer,60,Personal Travel,Eco,157,1,2,1,2,4,3,2,3,3,1,3,2,3,2.31,0,3,FALSE
Male,Loyal Customer,25,Business Travel,Eco,281,2,2,2,2,2,2,3,2,4,4,4,2,2,2.54,0,0,FALSE
Female,Loyal Customer,47,Business Travel,Business,3967,3,3,3,3,3,4,4,5,5,5,5,4,5,4,0,0,TRUE
Male,Loyal Customer,60,Personal Travel,Eco Plus,386,3,4,3,3,1,3,1,1,4,4,4,5,1,2.85,0,0,FALSE
Male,Loyal Customer,20,Personal Travel,Eco Plus,950,4,2,3,3,4,3,4,4,3,3,3,3,4,3.31,0,0,FALSE
Female,Disloyal Customer,31,Business Travel,Eco,1061,1,1,1,4,4,1,4,4,1,4,4,1,4,2.62,0,0,FALSE
Male,Loyal Customer,22,Business Travel,Business,1618,5,5,5,5,4,4,4,4,4,5,3,3,4,4.23,21,22,TRUE
Male,Loyal Customer,25,Personal Travel,Eco,299,2,2,2,3,3,2,3,3,1,5,4,1,3,2.62,42,37,FALSE
Male,Disloyal Customer,25,Business Travel,Business,1183,4,4,4,2,2,4,2,2,3,5,5,5,2,3.38,3,1,TRUE
Female,Disloyal Customer,23,Business Travel,Business,668,0,0,0,3,1,0,1,1,3,4,4,5,1,1.77,38,47,TRUE
Female,Disloyal Customer,10,Business Travel,Eco,1195,2,2,2,4,2,2,2,2,2,5,4,1,2,2.46,59,54,FALSE
Female,Loyal Customer,40,Personal Travel,Eco,140,3,5,3,4,3,3,3,3,5,2,2,1,3,3.08,0,0,FALSE
Female,Loyal Customer,70,Personal Travel,Eco,2677,4,2,4,3,4,2,2,3,5,2,3,2,2,2.92,0,0,TRUE
Female,Loyal Customer,48,Business Travel,Eco,388,5,5,5,5,1,3,5,5,5,5,5,5,5,4.54,0,0,TRUE
Female,Disloyal Customer,30,Business Travel,Business,985,2,2,2,4,3,2,3,3,3,2,5,5,3,3,0,0,FALSE
Female,Loyal Customer,52,Business Travel,Business,1990,3,3,3,3,2,5,4,5,5,5,5,4,5,4,10,0,TRUE
Male,Loyal Customer,46,Business Travel,Business,328,5,5,5,5,2,5,5,4,4,4,4,3,3,4.15,0,0,TRUE
Female,Loyal Customer,23,Business Travel,Eco,1739,3,4,4,4,3,3,3,3,2,3,3,3,3,3.15,0,41,FALSE
Female,Loyal Customer,58,Personal Travel,Eco,677,3,5,3,3,1,1,1,5,5,3,2,3,1,2.77,18,16,FALSE
Female,Loyal Customer,37,Business Travel,Business,230,3,2,3,2,1,2,2,3,3,3,3,3,3,2.54,14,18,FALSE
Female,Loyal Customer,10,Personal Travel,Eco,622,5,4,5,3,3,5,3,3,4,2,4,3,3,3.62,0,2,TRUE
Female,Loyal Customer,61,Business Travel,Eco,528,3,3,3,3,5,2,2,3,3,3,3,4,2,3,0,0,FALSE
Female,Disloyal Customer,37,Business Travel,Business,867,4,4,4,3,4,4,4,4,3,5,4,4,4,3.92,0,0,TRUE
Male,Loyal Customer,14,Personal Travel,Eco,77,3,4,3,3,1,3,1,1,4,2,5,4,1,2.69,0,0,FALSE
Male,Loyal Customer,43,Business Travel,Business,480,3,4,4,4,3,3,3,3,3,2,3,1,4,3.08,0,0,FALSE
Female,Loyal Customer,9,Personal Travel,Eco,192,2,4,2,1,3,2,2,3,3,4,5,4,3,2.92,48,32,FALSE
Male,Loyal Customer,29,Business Travel,Business,3591,3,3,3,3,5,5,5,5,3,3,2,4,5,3.77,0,13,TRUE
Male,Loyal Customer,47,Business Travel,Business,2419,2,1,1,1,1,3,3,2,2,2,2,4,3,2.08,5,5,FALSE
Female,Loyal Customer,60,Business Travel,Eco,468,1,2,2,2,5,3,3,1,1,1,1,2,4,2.15,20,16,FALSE
Female,Loyal Customer,41,Personal Travel,Business,1249,2,5,2,5,3,3,4,5,5,2,5,4,3,3.69,45,72,FALSE
Female,Disloyal Customer,55,Business Travel,Eco Plus,147,2,2,2,4,5,2,4,5,3,4,2,3,5,3.31,63,59,FALSE
Female,Loyal Customer,25,Business Travel,Eco Plus,612,1,5,2,5,1,1,4,1,1,4,3,1,1,2.31,0,0,FALSE
Male,Disloyal Customer,15,Business Travel,Eco,373,3,3,3,3,4,3,4,4,2,1,3,3,4,3.08,0,0,FALSE
Male,Loyal Customer,37,Personal Travel,Eco,821,0,4,0,3,4,0,4,4,1,2,3,3,4,2.46,0,0,TRUE
Female,Disloyal Customer,30,Business Travel,Eco,1747,1,2,2,3,4,1,4,4,4,3,2,3,4,2.85,26,13,FALSE
Male,Loyal Customer,40,Business Travel,Business,1440,4,4,4,4,5,5,4,4,4,4,4,5,5,4.31,0,0,TRUE
Female,Loyal Customer,31,Business Travel,Eco Plus,773,5,4,4,4,5,5,5,5,1,3,5,4,5,4.23,29,17,TRUE
Female,Disloyal Customer,37,Business Travel,Eco,201,2,1,2,4,1,2,1,1,1,5,3,3,1,2.08,0,0,FALSE
Male,Disloyal Customer,37,Business Travel,Eco,170,3,5,3,2,1,3,1,1,4,3,5,3,1,2.69,1,4,FALSE
Female,Loyal Customer,9,Personal Travel,Eco,590,5,4,5,1,1,5,1,1,3,5,2,2,1,2.77,0,0,TRUE
Male,Disloyal Customer,38,Business Travel,Business,781,3,3,3,4,1,3,1,1,5,3,4,3,1,2.69,15,20,FALSE
Female,Loyal Customer,51,Personal Travel,Eco,1303,2,5,2,5,3,5,4,5,5,2,5,5,5,4.08,5,1,FALSE
Female,Loyal Customer,50,Business Travel,Business,2549,1,1,1,1,5,4,4,5,5,5,5,4,4,3.46,17,8,TRUE
Female,Loyal Customer,59,Business Travel,Business,2688,3,3,3,3,5,5,5,3,5,5,3,5,5,4.08,0,0,TRUE
Male,Loyal Customer,21,Business Travel,Business,3255,2,2,2,2,3,2,3,3,5,2,4,4,3,2.85,4,3,TRUE
Female,Disloyal Customer,38,Business Travel,Eco,265,2,1,2,2,2,2,2,2,2,1,2,4,2,2,47,40,FALSE
Female,Loyal Customer,58,Personal Travel,Eco,834,1,5,1,3,5,5,5,5,5,1,5,5,5,3.92,69,87,FALSE
Female,Loyal Customer,58,Personal Travel,Eco,391,2,3,1,4,3,4,1,3,3,1,3,5,2,2.69,0,4,FALSE
Female,Loyal Customer,24,Business Travel,Eco,362,1,5,4,5,1,1,4,1,1,4,4,4,1,2.77,44,35,FALSE
Female,Loyal Customer,36,Business Travel,Business,1034,3,3,3,3,4,1,5,4,4,4,4,5,3,3.54,0,0,TRUE
Female,Loyal Customer,26,Business Travel,Eco Plus,1379,2,1,1,1,2,2,2,2,1,4,3,2,2,1.92,10,1,FALSE
Male,Loyal Customer,42,Personal Travel,Business,1379,4,4,3,1,3,5,5,2,2,3,4,5,4,3.46,28,24,FALSE
Male,Loyal Customer,44,Business Travel,Business,3366,1,1,1,1,3,2,2,1,1,2,1,2,3,1.62,0,0,FALSE
Female,Loyal Customer,7,Personal Travel,Eco,517,5,4,5,2,2,5,2,2,3,5,4,5,2,3.54,58,97,TRUE
Female,Loyal Customer,49,Business Travel,Eco,2342,4,1,5,1,1,4,3,4,4,4,4,2,1,2.92,0,12,FALSE
Female,Loyal Customer,16,Business Travel,Business,2548,3,3,3,3,5,4,5,5,4,4,4,4,5,4,11,0,TRUE
Female,Loyal Customer,28,Personal Travel,Eco,401,2,4,2,5,4,2,1,4,3,2,5,3,4,3.15,20,22,FALSE
Female,Loyal Customer,68,Business Travel,Eco Plus,304,4,2,1,2,4,4,3,3,3,4,3,5,2,3.08,0,0,TRUE
Female,Disloyal Customer,27,Business Travel,Eco,448,3,4,3,4,1,3,2,1,2,2,1,2,1,2.23,0,0,FALSE
Female,Loyal Customer,45,Business Travel,Business,258,5,5,5,5,2,5,4,5,5,5,5,3,4,4.46,22,17,TRUE
Female,Disloyal Customer,19,Business Travel,Eco,594,1,2,2,4,4,2,4,4,1,5,3,2,4,2.92,0,0,FALSE
Male,Disloyal Customer,25,Business Travel,Eco,1244,2,1,1,1,3,1,3,3,5,4,5,3,3,2.69,0,0,FALSE
Male,Loyal Customer,31,Personal Travel,Eco,776,1,5,1,1,1,1,1,1,5,2,4,4,1,2.15,0,0,FALSE
Female,Loyal Customer,29,Business Travel,Eco Plus,587,1,2,2,2,1,1,1,1,4,1,3,2,1,1.69,1,0,FALSE
Female,Loyal Customer,69,Personal Travel,Eco,762,3,3,3,4,3,4,4,2,2,3,2,2,2,2.85,0,0,FALSE
Female,Loyal Customer,33,Business Travel,Business,927,5,5,5,5,2,4,5,5,5,5,5,3,3,4.38,15,0,TRUE
Female,Loyal Customer,46,Business Travel,Business,1691,2,2,2,2,2,5,5,4,4,4,4,5,5,3.54,5,1,TRUE
Male,Loyal Customer,49,Business Travel,Business,2288,3,3,3,3,2,4,5,4,4,4,4,3,5,3.62,32,21,TRUE
Male,Loyal Customer,7,Personal Travel,Eco,370,5,1,5,3,3,5,3,3,3,5,4,3,3,3.54,1,0,TRUE
Male,Loyal Customer,50,Personal Travel,Eco,820,4,5,4,2,5,4,5,5,2,5,1,4,5,3.92,0,0,FALSE
Female,Loyal Customer,25,Personal Travel,Eco,460,4,3,4,3,5,4,1,5,4,4,2,4,5,3.69,0,0,FALSE
Male,Loyal Customer,49,Business Travel,Business,3437,1,4,1,1,2,5,5,4,4,5,4,5,3,3.38,1,0,TRUE
Female,Loyal Customer,27,Personal Travel,Eco Plus,1744,2,5,1,3,3,1,3,3,5,4,3,5,3,3.15,2,1,FALSE
Male,Loyal Customer,35,Business Travel,Eco,297,2,1,3,1,2,2,2,2,1,4,3,2,2,2.08,0,18,FALSE
Female,Loyal Customer,34,Personal Travel,Eco,427,3,4,3,2,5,3,2,5,4,1,5,5,5,3.62,0,0,FALSE
Male,Loyal Customer,28,Business Travel,Business,1734,4,4,4,4,2,2,2,2,3,2,4,3,2,2.92,0,0,TRUE
Female,Loyal Customer,51,Business Travel,Eco,173,2,3,3,3,3,2,2,2,2,2,2,2,3,2.38,0,0,FALSE
Male,Disloyal Customer,32,Business Travel,Eco,328,2,2,2,3,4,2,1,4,2,1,4,1,4,2.46,23,44,FALSE
Female,Loyal Customer,12,Personal Travel,Eco,282,3,3,3,4,1,3,5,1,1,1,1,2,1,2.23,0,0,FALSE
Female,Loyal Customer,50,Personal Travel,Eco,945,3,4,3,1,4,1,4,3,3,3,3,1,4,2.85,0,8,FALSE
Male,Loyal Customer,41,Business Travel,Business,2225,2,4,4,4,3,4,4,2,2,2,2,4,4,3.15,0,0,FALSE
Male,Loyal Customer,24,Business Travel,Business,3719,5,5,5,5,5,5,5,5,5,4,5,4,5,4.85,18,21,TRUE
Female,Loyal Customer,22,Business Travel,Business,2051,2,4,4,4,2,3,2,2,2,4,4,1,2,2.77,22,53,FALSE
Male,Loyal Customer,44,Business Travel,Business,468,4,4,4,4,2,4,5,3,3,3,3,5,5,3.77,0,0,TRUE
Male,Loyal Customer,46,Business Travel,Eco Plus,526,4,5,5,5,4,4,4,4,1,3,4,1,4,3.69,83,101,TRUE
Male,Disloyal Customer,27,Business Travel,Eco,805,3,3,3,3,3,3,3,3,3,1,2,3,3,2.77,0,0,FALSE
Female,Loyal Customer,52,Business Travel,Business,2704,2,3,3,3,1,2,4,2,2,2,2,4,3,2.54,1,0,FALSE
Male,Loyal Customer,50,Business Travel,Eco,503,2,2,2,2,2,2,2,2,5,1,4,3,2,2.38,12,11,TRUE
Male,Loyal Customer,9,Personal Travel,Eco,854,2,4,2,2,1,2,1,1,5,3,4,5,1,2.54,30,19,FALSE
Male,Loyal Customer,67,Personal Travel,Eco,1069,1,5,1,5,5,1,5,5,3,3,4,5,5,3.69,1,3,FALSE
Female,Loyal Customer,41,Personal Travel,Eco Plus,1379,2,5,2,3,2,5,4,1,1,2,1,3,5,2.77,0,0,FALSE
Female,Loyal Customer,41,Business Travel,Eco,1199,3,1,1,1,2,3,2,2,1,5,4,2,2,2.23,0,42,FALSE
Female,Loyal Customer,58,Business Travel,Business,2950,3,3,3,3,4,5,4,5,5,5,5,3,3,3.92,0,0,TRUE
Male,Loyal Customer,50,Personal Travel,Business,406,1,5,1,5,2,5,5,3,3,1,3,4,4,3.23,0,0,FALSE
Male,Loyal Customer,38,Personal Travel,Eco,1476,3,4,3,2,1,3,1,1,5,4,5,3,1,2.77,0,6,FALSE
Male,Loyal Customer,50,Business Travel,Business,2441,0,0,0,5,5,4,5,1,1,1,1,3,3,2.23,15,0,TRUE
Female,Disloyal Customer,32,Business Travel,Business,239,3,3,3,5,2,3,2,2,4,3,4,4,2,3.08,7,12,FALSE
Male,Loyal Customer,24,Personal Travel,Eco,972,1,4,1,1,4,1,4,4,5,2,5,4,4,3.08,21,16,FALSE
Male,Loyal Customer,52,Business Travel,Business,861,5,5,5,5,3,4,4,5,5,5,5,3,4,4.46,0,0,TRUE
Female,Disloyal Customer,10,Personal Travel,Business,228,1,4,1,1,4,1,3,4,2,5,5,5,4,3.08,1,9,FALSE
Female,Loyal Customer,25,Business Travel,Business,1598,3,4,4,4,3,3,3,4,5,4,3,3,3,3.54,139,128,FALSE
Male,Loyal Customer,23,Business Travel,Business,1579,5,5,5,5,5,5,5,5,4,3,1,4,5,4.38,0,11,TRUE
Female,Loyal Customer,19,Personal Travel,Eco,927,3,4,3,2,5,3,5,5,5,4,4,5,5,4.08,0,7,FALSE
Male,Loyal Customer,33,Business Travel,Business,431,5,5,5,5,4,4,4,4,3,5,5,4,4,4.38,0,0,TRUE
Male,Loyal Customer,34,Personal Travel,Eco,558,4,4,4,3,5,4,5,5,2,1,3,1,5,3.54,0,0,FALSE
Female,Loyal Customer,24,Personal Travel,Eco,250,3,3,3,4,2,3,1,2,1,2,3,4,2,2.54,4,17,FALSE
Female,Loyal Customer,16,Business Travel,Business,2884,3,3,3,3,3,4,3,3,3,5,1,1,3,2.92,63,62,TRUE
Male,Disloyal Customer,24,Business Travel,Business,216,4,0,4,3,2,4,2,2,4,3,3,3,2,2.77,32,32,FALSE
Female,Loyal Customer,46,Business Travel,Eco Plus,280,5,3,3,3,5,4,1,5,5,5,5,1,1,3.54,0,0,TRUE
Female,Loyal Customer,56,Business Travel,Eco,849,3,4,4,4,3,3,3,3,3,3,3,2,4,3.23,28,23,FALSE
Male,Loyal Customer,53,Business Travel,Eco,834,2,2,2,2,2,2,2,2,3,4,2,1,2,2.15,0,0,FALSE
Male,Loyal Customer,54,Business Travel,Business,196,1,1,1,1,4,4,4,4,5,4,5,4,4,3.23,152,138,TRUE
Female,Loyal Customer,61,Business Travel,Business,1009,2,1,5,5,4,2,3,2,2,2,2,1,2,2.54,0,6,FALSE
Male,Loyal Customer,35,Personal Travel,Eco,342,3,4,3,4,3,3,3,3,1,2,3,3,3,2.92,25,22,FALSE
Male,Loyal Customer,39,Business Travel,Business,2419,1,1,1,1,4,3,5,5,5,5,5,5,5,3.54,14,1,TRUE
Male,Loyal Customer,40,Business Travel,Business,1927,1,1,1,1,2,4,4,5,5,4,5,4,4,3.15,0,0,TRUE
Male,Loyal Customer,39,Personal Travel,Eco,247,2,1,0,2,5,0,5,5,3,5,2,4,5,3,0,6,FALSE
Female,Loyal Customer,41,Business Travel,Business,2948,3,1,2,1,4,4,3,3,3,3,3,4,2,2.77,0,0,FALSE
Male,Loyal Customer,30,Business Travel,Business,2207,1,1,1,1,1,1,1,1,1,2,3,4,1,1.46,76,56,FALSE
Female,Disloyal Customer,37,Business Travel,Eco,273,2,3,1,3,5,1,5,5,4,1,3,1,5,3,35,36,FALSE
Male,Loyal Customer,29,Business Travel,Business,643,4,4,4,4,4,4,4,4,2,1,4,2,4,3.46,0,14,FALSE
Male,Loyal Customer,28,Personal Travel,Eco,436,4,5,4,3,1,4,1,1,5,3,5,3,1,3.08,7,0,FALSE
Female,Disloyal Customer,20,Business Travel,Eco,612,1,5,2,2,2,2,3,2,2,4,4,4,2,2.69,17,11,FALSE
Female,Loyal Customer,28,Business Travel,Eco Plus,109,5,3,3,3,5,5,5,5,2,2,1,1,5,3.46,0,0,TRUE
Male,Loyal Customer,65,Personal Travel,Eco,491,3,4,3,4,4,3,4,4,4,3,4,4,4,3.69,0,0,FALSE
Male,Loyal Customer,51,Personal Travel,Eco,295,2,5,2,2,1,2,1,1,3,3,4,3,1,2.31,0,0,FALSE
Female,Disloyal Customer,42,Business Travel,Eco,209,3,0,3,5,1,3,1,1,2,5,2,1,1,2.15,2,0,FALSE
Female,Disloyal Customer,72,Business Travel,Eco,689,3,3,3,1,2,3,2,2,4,4,3,1,2,2.54,0,0,FALSE
Female,Loyal Customer,60,Business Travel,Business,802,4,4,3,4,4,5,4,3,3,3,3,4,5,3.77,0,3,TRUE
Female,Loyal Customer,58,Business Travel,Business,1591,1,1,1,1,3,5,5,4,4,5,4,3,4,3.15,0,0,TRUE
Female,Loyal Customer,58,Business Travel,Business,1748,4,4,4,4,5,5,5,5,5,5,5,5,3,4.54,84,52,TRUE
Male,Loyal Customer,58,Personal Travel,Eco,1199,4,4,4,2,1,4,1,1,3,4,5,3,1,2.85,61,33,FALSE
Female,Loyal Customer,30,Business Travel,Business,3676,1,2,2,2,1,2,1,1,4,1,3,4,1,1.92,38,33,FALSE
Female,Loyal Customer,18,Personal Travel,Eco,731,3,3,4,3,3,4,3,3,1,4,3,4,3,3.15,0,28,FALSE
Male,Loyal Customer,49,Business Travel,Business,3256,4,4,4,4,2,4,4,5,5,5,5,5,3,4.15,21,0,TRUE
Male,Disloyal Customer,20,Business Travel,Eco,373,2,0,2,2,2,2,2,2,5,5,4,5,2,2.69,2,0,FALSE
Female,Loyal Customer,32,Personal Travel,Eco,584,3,5,3,4,5,3,5,5,5,2,5,3,5,4.08,0,0,FALSE
Female,Loyal Customer,60,Business Travel,Business,200,5,5,5,5,3,4,1,4,4,4,4,4,4,4,0,0,TRUE
Female,Loyal Customer,50,Business Travel,Business,3480,4,4,4,4,2,4,5,5,5,4,5,5,3,4.15,0,14,TRUE
Male,Loyal Customer,37,Personal Travel,Eco,447,4,3,4,4,3,4,4,3,1,4,2,5,3,3.38,0,0,FALSE
Male,Disloyal Customer,48,Business Travel,Business,983,5,5,5,2,5,5,5,5,4,5,5,5,5,4.69,0,0,TRUE
Female,Loyal Customer,54,Business Travel,Business,1389,4,4,4,4,4,5,4,3,3,3,3,4,3,3.69,0,3,TRUE
Female,Loyal Customer,56,Personal Travel,Eco,453,3,4,3,4,1,4,5,3,3,3,3,1,2,3,129,131,FALSE
Male,Loyal Customer,59,Business Travel,Business,1726,2,2,2,2,4,3,5,5,5,5,5,5,3,3.69,0,0,TRUE
Female,Loyal Customer,64,Personal Travel,Eco,743,2,2,2,2,5,3,3,4,4,2,4,3,1,2.85,57,57,FALSE
Male,Loyal Customer,45,Business Travel,Business,2502,2,4,4,4,2,4,3,2,2,2,2,2,4,2.85,39,33,FALSE
Female,Loyal Customer,20,Business Travel,Business,3648,2,2,2,2,5,5,5,5,4,3,4,1,5,3.46,0,0,TRUE
Male,Loyal Customer,49,Business Travel,Business,967,3,3,3,3,5,4,5,5,5,5,5,5,4,4.23,0,0,TRUE
Male,Loyal Customer,41,Business Travel,Business,3328,4,4,4,4,2,5,4,5,5,4,5,5,5,4.31,0,0,TRUE
Female,Loyal Customer,25,Business Travel,Business,871,2,2,2,2,5,5,5,5,2,4,5,1,5,3.46,0,26,TRUE
Male,Loyal Customer,40,Personal Travel,Eco,545,1,4,1,2,5,1,5,5,3,1,2,2,5,2.85,0,1,FALSE
Male,Loyal Customer,35,Personal Travel,Eco,442,1,2,1,3,3,1,3,3,3,1,3,3,3,2.31,0,1,FALSE
Female,Loyal Customer,65,Personal Travel,Business,581,3,5,3,3,5,4,5,1,1,3,1,4,4,3.23,4,0,FALSE
Female,Loyal Customer,54,Business Travel,Eco,406,4,1,1,1,4,4,4,3,4,4,5,4,4,3.31,180,196,TRUE
Female,Loyal Customer,29,Personal Travel,Eco,600,2,4,3,4,3,3,3,3,3,3,4,4,3,3.23,40,23,FALSE
Female,Disloyal Customer,26,Business Travel,Eco,1028,3,2,2,3,3,2,3,3,1,4,3,2,3,2.62,108,100,FALSE
Male,Loyal Customer,39,Business Travel,Eco Plus,231,2,5,5,5,2,2,2,2,5,2,4,2,2,3.08,14,12,TRUE
Female,Disloyal Customer,65,Business Travel,Business,236,2,2,2,5,5,2,5,5,5,3,4,5,5,3.85,0,16,FALSE
Male,Disloyal Customer,24,Business Travel,Eco,684,3,3,3,3,4,3,4,4,1,3,3,1,4,3,0,0,FALSE
Female,Loyal Customer,27,Business Travel,Business,3044,1,1,1,1,5,5,5,5,3,2,5,4,5,3.31,14,10,TRUE
Male,Loyal Customer,41,Business Travel,Business,566,3,3,3,3,5,2,2,4,4,4,4,1,4,3.23,11,11,TRUE
Female,Loyal Customer,33,Business Travel,Business,1598,3,3,3,3,3,2,3,3,3,3,3,1,3,2.77,0,0,FALSE
Female,Loyal Customer,39,Business Travel,Business,2890,4,4,4,4,4,4,5,4,4,4,4,3,3,3.92,0,0,TRUE
Male,Loyal Customer,40,Business Travel,Business,1836,1,1,1,1,2,5,5,5,5,5,5,4,4,3.38,61,61,TRUE
Male,Disloyal Customer,21,Business Travel,Business,1947,5,0,5,3,4,5,4,4,4,5,4,5,4,4,1,9,TRUE
Male,Loyal Customer,47,Business Travel,Business,1558,4,4,5,4,5,4,4,4,4,4,4,5,4,4.23,0,0,TRUE
Female,Disloyal Customer,23,Business Travel,Eco,101,5,0,5,1,4,5,4,4,5,1,1,4,4,3.31,0,0,TRUE
Female,Loyal Customer,19,Personal Travel,Eco,669,3,3,3,1,3,3,3,3,4,5,5,2,3,3.15,1,0,FALSE
Female,Loyal Customer,46,Business Travel,Business,3294,3,3,3,3,1,3,4,3,3,3,3,4,3,3,15,19,FALSE
Female,Loyal Customer,41,Personal Travel,Eco,2174,3,3,3,3,1,3,1,1,4,1,4,1,1,2.23,0,0,FALSE
Female,Loyal Customer,9,Personal Travel,Eco,725,3,3,2,4,1,2,1,1,1,2,4,3,1,2.15,0,0,FALSE
Female,Disloyal Customer,30,Business Travel,Business,1680,5,5,5,4,3,5,3,3,4,4,5,5,3,4.15,8,0,TRUE
Male,Loyal Customer,13,Personal Travel,Eco,333,3,5,3,3,3,3,3,3,3,2,5,4,3,3.31,8,21,FALSE
Female,Loyal Customer,58,Personal Travel,Business,1440,3,3,2,4,2,2,3,4,4,2,1,1,4,2.69,3,0,FALSE
Male,Loyal Customer,9,Personal Travel,Eco Plus,802,2,5,2,5,1,2,1,1,3,5,1,4,1,2.54,27,9,FALSE
Female,Loyal Customer,40,Business Travel,Business,1463,5,5,4,5,4,4,4,5,2,5,3,4,4,4.15,154,163,TRUE
Male,Disloyal Customer,23,Business Travel,Eco,1180,1,1,1,4,4,1,5,4,4,2,4,3,4,2.92,0,10,FALSE
Male,Loyal Customer,42,Business Travel,Business,238,2,2,2,2,3,4,5,4,4,5,4,5,1,3.31,61,60,TRUE
Male,Loyal Customer,44,Business Travel,Business,1205,4,4,4,4,5,4,5,4,4,4,4,3,3,4,21,4,TRUE
Male,Loyal Customer,56,Business Travel,Business,1581,1,1,1,1,3,4,4,5,5,5,5,3,4,3.23,9,6,TRUE
Male,Disloyal Customer,25,Business Travel,Eco,308,2,3,2,3,2,2,2,2,2,1,4,1,2,2.15,19,23,FALSE
Male,Disloyal Customer,16,Business Travel,Eco,1343,3,3,3,4,1,3,1,1,1,1,4,3,1,2.23,0,3,FALSE
Female,Loyal Customer,59,Business Travel,Business,3652,5,5,5,5,5,4,5,5,5,4,5,4,5,4.77,0,0,TRUE
Female,Disloyal Customer,48,Business Travel,Business,2521,2,2,2,4,4,2,3,4,4,2,3,5,4,3.15,72,,FALSE
Male,Loyal Customer,41,Business Travel,Business,1325,1,2,2,2,3,4,3,1,1,1,1,1,4,2,2,10,FALSE
Male,Loyal Customer,51,Business Travel,Business,3592,1,1,1,1,3,4,1,3,3,5,3,1,1,2.15,43,55,TRUE
Male,Loyal Customer,51,Business Travel,Business,3874,1,3,3,3,5,2,2,3,3,3,1,3,2,2.62,0,0,FALSE
Male,Loyal Customer,24,Business Travel,Business,2829,4,4,4,4,5,5,5,5,3,4,1,2,5,3.92,0,0,TRUE
Male,Loyal Customer,34,Business Travel,Business,2454,1,1,1,1,5,5,5,4,4,4,4,3,5,3.31,19,0,TRUE
Male,Loyal Customer,48,Business Travel,Business,650,4,4,4,4,4,4,4,4,4,4,4,3,4,3.92,68,63,TRUE
Female,Loyal Customer,59,Personal Travel,Eco,447,4,4,4,1,4,4,4,4,4,4,4,4,5,3.85,0,0,TRUE
Male,Loyal Customer,42,Personal Travel,Business,507,2,3,2,4,3,1,4,2,2,2,1,3,1,2.31,5,0,FALSE
Male,Loyal Customer,22,Business Travel,Business,1619,5,5,1,5,4,4,4,4,3,4,5,1,4,3.77,0,0,TRUE
Female,Loyal Customer,46,Business Travel,Business,3229,2,2,2,2,5,5,5,3,3,4,4,5,5,3.62,199,194,TRUE
Male,Disloyal Customer,26,Business Travel,Eco,254,2,2,2,3,4,2,4,4,4,5,4,3,4,3.31,0,0,FALSE
Male,Loyal Customer,52,Business Travel,Business,3153,2,3,3,3,4,2,3,2,2,2,2,3,1,2.46,0,0,FALSE
Male,Loyal Customer,16,Personal Travel,Eco,1532,3,5,3,3,5,3,5,5,4,3,5,3,5,4,0,0,FALSE
Female,Loyal Customer,56,Business Travel,Business,1651,3,4,4,4,4,3,3,3,3,3,3,1,1,3,0,0,FALSE
Male,Loyal Customer,43,Personal Travel,Eco,677,1,3,1,1,5,1,5,5,1,4,4,5,5,3.15,6,18,FALSE
Female,Loyal Customer,27,Business Travel,Business,1739,4,3,4,4,5,5,5,5,5,4,4,3,5,4.31,0,0,TRUE
Female,Loyal Customer,50,Personal Travel,Eco,1166,2,4,2,1,3,4,4,5,5,2,5,5,4,3.54,41,30,FALSE
Female,Loyal Customer,38,Business Travel,Business,3348,3,3,3,3,3,4,3,4,4,4,4,3,4,3.46,25,22,TRUE
Male,Loyal Customer,32,Business Travel,Business,3498,3,5,5,5,3,3,3,3,3,1,3,4,3,3.38,9,33,FALSE
Male,Disloyal Customer,33,Business Travel,Business,337,3,3,3,5,2,3,2,2,5,4,4,4,2,3.23,0,0,FALSE
Male,Loyal Customer,39,Business Travel,Business,1711,3,3,3,3,1,4,5,5,5,5,5,2,3,3.62,0,1,TRUE
Male,Loyal Customer,45,Business Travel,Business,3923,3,3,4,3,4,4,4,4,4,4,4,4,4,3.77,11,11,TRUE
Male,Disloyal Customer,38,Business Travel,Business,912,2,2,2,2,5,2,2,5,3,3,4,4,5,3.15,45,55,TRUE
Female,Loyal Customer,36,Personal Travel,Eco,2446,3,3,3,4,3,3,3,4,2,5,5,3,3,3.38,27,35,FALSE
Male,Loyal Customer,30,Business Travel,Business,109,1,1,4,1,5,5,5,5,1,1,5,5,5,3.38,41,40,TRUE
Male,Loyal Customer,47,Business Travel,Eco Plus,788,1,1,1,1,1,1,1,1,2,1,4,1,1,1.31,18,4,FALSE
Male,Loyal Customer,60,Business Travel,Business,630,3,3,3,3,5,4,4,4,4,4,4,5,3,3.77,0,0,TRUE
Male,Loyal Customer,27,Personal Travel,Eco,983,3,4,3,1,1,3,2,1,5,2,5,4,1,2.69,0,0,FALSE
Male,Loyal Customer,19,Business Travel,Eco Plus,153,2,2,2,2,2,2,1,2,2,4,3,1,2,2.08,70,64,FALSE
Male,Loyal Customer,16,Personal Travel,Eco,644,3,1,3,2,5,3,5,5,1,3,2,1,5,3,1,0,FALSE
Male,Loyal Customer,41,Personal Travel,Eco,1041,1,5,1,1,4,1,1,4,4,4,5,4,4,3,0,0,FALSE
Female,Loyal Customer,54,Personal Travel,Eco,438,2,4,4,2,4,5,4,4,4,4,4,3,5,3.77,11,5,FALSE
Female,Loyal Customer,45,Business Travel,Business,1325,1,1,1,1,5,5,4,5,5,5,5,4,4,3.54,0,5,TRUE
Female,Loyal Customer,17,Personal Travel,Eco,594,3,4,3,4,5,3,5,5,2,5,4,2,5,3.85,21,9,FALSE
Male,Loyal Customer,39,Business Travel,Business,3028,1,1,1,1,5,4,5,2,2,2,2,3,4,2.54,7,9,TRUE
Male,Loyal Customer,31,Business Travel,Business,3272,3,3,3,3,5,5,5,5,3,4,4,5,5,4.08,0,0,TRUE
Female,Loyal Customer,53,Business Travel,Business,580,2,2,2,2,4,5,4,5,5,5,5,5,3,3.77,2,0,TRUE
Male,Loyal Customer,37,Business Travel,Business,3960,3,2,3,2,2,4,3,3,3,2,3,4,1,2.69,9,8,FALSE
Female,Loyal Customer,36,Business Travel,Business,2086,2,2,2,2,3,4,5,5,5,5,5,4,3,3.62,0,0,TRUE
Female,Loyal Customer,46,Business Travel,Business,3407,0,0,0,1,2,5,5,5,5,5,5,5,4,3.23,10,4,TRUE
Male,Loyal Customer,69,Personal Travel,Eco,480,3,5,3,3,4,3,4,4,3,2,1,5,4,3.38,28,48,FALSE
Female,Loyal Customer,59,Personal Travel,Eco,711,5,3,5,4,3,2,1,3,3,5,4,3,4,3.46,21,24,TRUE
Female,Loyal Customer,42,Business Travel,Business,3175,2,2,2,2,4,4,4,4,4,4,4,4,4,3.38,0,0,TRUE
Female,Loyal Customer,46,Business Travel,Eco,862,4,1,1,1,4,2,1,4,4,4,4,3,2,2.69,0,9,FALSE
Male,Loyal Customer,11,Personal Travel,Eco,247,1,3,1,2,5,1,4,5,4,4,2,1,5,2.92,0,0,FALSE
Male,Loyal Customer,53,Business Travel,Business,1835,4,4,4,4,4,3,2,5,5,5,5,1,1,3.62,0,0,TRUE
Male,Loyal Customer,47,Personal Travel,Eco,1005,3,4,3,3,4,3,4,4,3,5,5,5,4,3.85,29,31,FALSE
Male,Loyal Customer,11,Personal Travel,Eco,370,3,2,3,2,1,3,1,1,2,1,3,4,1,2.08,70,71,FALSE
Female,Loyal Customer,51,Personal Travel,Eco,2106,4,5,4,1,3,5,1,2,2,4,2,4,4,3.15,0,0,FALSE
Female,Loyal Customer,40,Business Travel,Eco,550,4,4,4,4,4,4,4,4,4,2,1,1,4,3.38,0,0,TRUE
Female,Loyal Customer,49,Business Travel,Business,261,2,2,2,2,4,2,1,5,5,5,5,3,5,3.31,0,0,TRUE
Female,Loyal Customer,33,Business Travel,Eco Plus,293,1,1,1,1,1,1,1,1,3,4,3,1,1,1.54,50,53,FALSE
Female,Loyal Customer,62,Business Travel,Business,3375,4,1,1,1,3,3,4,4,4,4,4,2,4,3,26,36,FALSE
Male,Loyal Customer,41,Business Travel,Eco,612,5,2,5,5,5,5,5,5,1,4,3,4,5,4.15,1,0,TRUE
Male,Loyal Customer,59,Personal Travel,Business,1709,3,3,4,2,3,2,4,3,3,4,3,3,5,3.23,0,17,FALSE
Female,Loyal Customer,46,Business Travel,Business,2131,5,5,5,5,4,4,5,5,5,5,5,5,4,4.77,48,22,TRUE
Female,Loyal Customer,36,Business Travel,Business,624,2,3,3,3,5,4,4,2,2,2,2,3,1,2.77,0,0,FALSE
Male,Loyal Customer,52,Business Travel,Business,3527,4,4,4,4,2,2,2,5,3,4,4,2,2,3.23,199,254,TRUE
Male,Loyal Customer,33,Personal Travel,Eco,562,1,5,1,2,1,1,1,1,3,5,5,1,1,2.15,0,0,FALSE
Female,Loyal Customer,36,Business Travel,Business,599,3,3,3,3,2,4,4,4,4,4,4,4,4,3.54,0,0,TRUE
Male,Loyal Customer,57,Business Travel,Business,323,1,1,1,1,5,4,5,5,5,5,5,5,4,3.62,2,0,TRUE
Female,Disloyal Customer,25,Business Travel,Eco,980,3,3,3,3,5,3,5,5,3,2,3,3,5,3.54,62,50,FALSE
Female,Disloyal Customer,24,Business Travel,Eco,395,2,2,2,4,2,2,2,2,4,1,3,4,2,2.46,8,10,FALSE
Female,Loyal Customer,19,Personal Travel,Eco,533,2,1,2,3,2,4,4,1,4,3,4,4,4,2.92,156,162,FALSE
Male,Loyal Customer,72,Business Travel,Eco,421,4,5,5,5,4,4,4,4,5,5,3,4,4,4.31,12,2,TRUE
Female,Loyal Customer,20,Personal Travel,Eco,867,1,4,1,3,3,1,3,3,4,1,4,4,3,2.69,0,0,FALSE
Male,Loyal Customer,24,Personal Travel,Eco,490,4,3,4,2,2,4,1,2,1,5,5,3,2,2.92,16,14,FALSE
Male,Loyal Customer,59,Business Travel,Business,2985,2,2,2,2,4,5,5,4,4,4,4,5,5,3.69,22,30,TRUE
Female,Loyal Customer,61,Personal Travel,Eco,867,3,2,3,4,5,3,3,5,5,3,5,4,4,3.77,0,0,FALSE
Female,Loyal Customer,68,Personal Travel,Eco Plus,376,3,4,3,5,3,5,5,4,4,3,4,5,3,3.92,0,0,FALSE
Male,Loyal Customer,43,Business Travel,Business,446,2,2,2,2,4,4,4,2,2,2,2,2,1,2.38,0,,FALSE
Female,Loyal Customer,38,Business Travel,Eco Plus,1635,3,1,1,1,3,3,3,3,2,4,4,4,3,2.69,17,9,FALSE
Male,Loyal Customer,55,Personal Travel,Eco,224,4,4,4,1,2,4,2,2,3,5,4,5,2,3.23,0,0,FALSE
Male,Loyal Customer,54,Business Travel,Business,599,5,3,3,3,4,3,2,5,5,4,5,1,2,3.46,0,0,FALSE
Female,Disloyal Customer,18,Business Travel,Eco,606,3,3,3,4,1,3,1,1,2,3,3,4,1,2.46,0,11,FALSE
Male,Loyal Customer,40,Business Travel,Business,2579,5,5,5,5,2,4,5,4,4,4,4,4,5,4.31,0,0,TRUE
Female,Loyal Customer,64,Personal Travel,Business,546,4,3,1,3,5,4,4,3,3,1,3,1,3,2.92,0,0,FALSE
Male,Loyal Customer,61,Personal Travel,Eco,731,1,2,1,3,5,1,5,5,1,1,2,2,5,2.62,45,29,FALSE
Male,Disloyal Customer,21,Business Travel,Eco,451,3,1,2,4,3,2,3,3,4,1,4,4,3,2.85,21,19,FALSE
Male,Loyal Customer,36,Business Travel,Eco,967,4,1,1,1,4,4,4,4,1,4,3,4,4,3,23,6,FALSE
Female,Loyal Customer,30,Business Travel,Eco,96,1,5,5,5,1,2,1,1,1,4,3,3,1,2.54,0,2,FALSE
Male,Disloyal Customer,72,Business Travel,Business,279,4,4,4,2,1,4,1,1,1,4,2,3,1,2.46,0,0,TRUE
Female,Loyal Customer,51,Business Travel,Business,599,1,1,1,1,4,4,5,4,4,4,4,5,3,3.15,28,46,TRUE
Female,Disloyal Customer,27,Business Travel,Business,569,1,1,1,4,1,1,1,1,3,4,5,4,1,2.15,0,0,FALSE
Male,Loyal Customer,18,Personal Travel,Eco,761,1,5,2,3,5,2,5,5,5,3,5,3,5,3.77,0,13,FALSE
Male,Loyal Customer,49,Personal Travel,Business,1069,2,4,2,3,5,5,4,5,5,2,5,4,3,3.77,8,10,FALSE
Male,Disloyal Customer,37,Business Travel,Eco,369,1,3,1,3,3,1,3,3,4,5,4,2,3,2.77,55,53,FALSE
Male,Loyal Customer,41,Business Travel,Eco Plus,89,5,2,2,2,5,5,5,5,2,3,1,2,5,3.38,0,0,TRUE
Male,Loyal Customer,60,Business Travel,Eco,649,5,1,1,1,5,5,5,5,2,5,2,5,5,3.62,84,92,TRUE
Male,Loyal Customer,63,Business Travel,Eco Plus,412,2,5,5,5,2,2,2,2,4,3,4,1,2,3,0,0,FALSE
Male,Loyal Customer,44,Business Travel,Business,2574,2,2,4,2,4,4,5,5,5,5,5,3,4,3.85,38,34,TRUE
Female,Loyal Customer,29,Business Travel,Business,1794,2,2,5,2,4,4,4,4,4,4,5,4,4,3.69,0,0,TRUE
Male,Loyal Customer,40,Business Travel,Business,2738,1,1,1,1,5,5,4,4,4,4,4,5,4,3.31,0,3,TRUE
Male,Loyal Customer,57,Personal Travel,Eco,224,2,5,0,1,4,0,3,4,3,3,4,3,4,2.77,0,0,FALSE
Male,Loyal Customer,59,Business Travel,Business,1709,3,2,2,2,5,1,1,3,3,3,3,3,2,2.54,0,0,FALSE
Male,Loyal Customer,39,Business Travel,Business,3483,4,4,4,4,5,5,5,5,5,5,3,3,2,4.15,8,9,TRUE
Male,Loyal Customer,30,Business Travel,Business,3940,1,3,3,3,1,1,1,1,2,2,3,2,1,1.85,0,13,FALSE
Female,Loyal Customer,50,Business Travel,Eco,812,3,5,4,4,2,5,1,3,3,3,3,2,4,3.23,0,0,TRUE
Female,Loyal Customer,35,Business Travel,Business,765,4,4,4,4,1,5,3,5,5,5,5,4,4,4.08,0,0,TRUE
Female,Loyal Customer,55,Business Travel,Eco,369,5,1,1,1,3,5,1,5,5,5,5,5,2,3.38,0,0,TRUE
Female,Loyal Customer,43,Business Travel,Business,2737,5,5,5,5,2,4,5,4,4,4,4,4,5,4.31,0,7,TRUE
Female,Loyal Customer,29,Business Travel,Business,3002,4,4,1,4,4,4,4,4,1,3,3,4,4,3.38,1,0,TRUE
Female,Loyal Customer,11,Personal Travel,Eco Plus,1249,2,5,2,1,2,2,2,2,5,4,4,3,2,2.77,106,119,FALSE
Female,Loyal Customer,48,Business Travel,Eco,867,5,1,1,1,1,3,1,5,5,5,5,1,5,3,8,14,TRUE
Male,Loyal Customer,36,Business Travel,Business,3963,3,2,4,2,1,4,3,3,3,3,3,1,3,2.69,6,0,FALSE
Female,Loyal Customer,71,Business Travel,Eco Plus,692,3,5,5,5,2,4,4,2,2,3,2,2,3,3.23,0,0,FALSE
Female,Loyal Customer,58,Personal Travel,Eco,989,3,5,3,4,2,5,5,5,5,3,5,3,3,3.92,0,0,FALSE
Male,Loyal Customer,19,Personal Travel,Eco,631,3,4,3,4,5,3,5,5,3,4,5,5,5,4.15,0,7,FALSE
Female,Loyal Customer,36,Business Travel,Eco Plus,708,4,5,5,5,4,5,4,4,3,4,3,4,4,4.15,20,3,TRUE
Female,Loyal Customer,41,Personal Travel,Eco,733,3,4,3,3,2,3,2,2,4,3,4,1,2,2.77,14,0,FALSE
Male,Disloyal Customer,21,Business Travel,Eco,585,3,3,3,2,2,3,2,2,3,2,1,5,2,2.54,0,0,FALSE
Female,Loyal Customer,57,Business Travel,Business,1583,0,0,0,3,4,5,4,4,4,4,4,3,4,3,0,0,TRUE
Male,Disloyal Customer,52,Business Travel,Eco,600,1,2,1,3,3,1,3,3,2,4,3,4,3,2.54,2,9,FALSE
Female,Disloyal Customer,20,Business Travel,Eco,846,1,1,1,5,1,1,1,1,3,5,4,3,1,2.15,8,0,FALSE
Female,Loyal Customer,46,Business Travel,Business,2565,2,2,2,2,5,5,5,5,2,4,5,5,5,3.77,0,0,TRUE
Male,Disloyal Customer,38,Business Travel,Business,1147,4,4,4,5,4,4,3,4,3,2,5,3,4,3.77,1,0,TRUE
Male,Disloyal Customer,39,Business Travel,Eco,209,4,0,4,4,4,4,1,4,2,3,4,1,4,3,0,0,FALSE
Male,Loyal Customer,64,Personal Travel,Business,297,2,4,2,3,5,4,3,1,1,2,1,3,2,2.54,0,0,FALSE
Female,Disloyal Customer,30,Business Travel,Eco,526,2,4,2,3,2,2,2,2,4,5,3,3,2,2.77,22,22,FALSE
Male,Loyal Customer,59,Business Travel,Business,3918,1,1,4,1,3,4,4,5,5,5,5,4,5,3.62,0,0,TRUE
Male,Loyal Customer,25,Business Travel,Eco,641,3,4,4,4,3,2,3,1,4,3,2,3,3,3,148,145,FALSE
Male,Loyal Customer,44,Business Travel,Business,2883,5,5,5,5,4,1,5,4,4,4,4,2,3,3.92,3,0,TRUE
Female,Loyal Customer,58,Business Travel,Business,3213,2,2,2,2,2,4,4,3,3,3,3,3,5,2.92,1,11,TRUE
Male,Loyal Customer,57,Business Travel,Business,3470,5,5,5,5,4,4,5,2,2,2,2,3,3,3.62,6,0,TRUE
Female,Loyal Customer,64,Personal Travel,Eco,2161,4,5,4,2,3,4,5,5,5,4,5,4,5,4.23,16,45,TRUE
Male,Loyal Customer,60,Business Travel,Eco Plus,328,2,4,4,4,2,2,2,2,1,2,3,1,2,2.38,0,0,FALSE
Male,Loyal Customer,48,Business Travel,Business,3076,2,2,4,2,3,5,4,4,4,4,4,4,5,3.62,0,0,TRUE
Male,Loyal Customer,44,Business Travel,Business,605,1,0,0,3,2,3,3,3,3,0,2,3,3,2,0,7,FALSE
Female,Loyal Customer,37,Business Travel,Business,631,2,2,2,2,2,4,4,4,4,4,4,5,3,3.23,0,0,TRUE
Male,Loyal Customer,56,Business Travel,Business,600,2,1,2,2,3,4,4,4,4,4,4,4,4,3.23,92,82,TRUE
Male,Loyal Customer,53,Personal Travel,Eco,1431,1,5,1,3,4,1,4,4,3,2,3,5,4,3.08,0,0,FALSE
Female,Loyal Customer,44,Business Travel,Eco,1211,4,4,4,4,4,3,4,4,4,4,4,5,3,3.92,0,0,TRUE
Male,Loyal Customer,18,Business Travel,Eco,950,4,1,1,1,4,4,1,4,3,5,4,2,4,2.92,0,0,FALSE
Female,Loyal Customer,47,Personal Travel,Eco Plus,534,4,5,4,3,5,4,4,1,1,4,1,3,5,3.38,0,3,FALSE
Male,Loyal Customer,31,Personal Travel,Eco,290,3,4,3,3,3,3,3,3,1,4,4,5,3,3.23,25,42,FALSE
Male,Loyal Customer,49,Business Travel,Eco,395,2,2,3,2,2,2,2,2,3,5,5,3,2,2.69,39,19,TRUE
Male,Loyal Customer,33,Business Travel,Business,2445,3,3,3,3,5,5,5,5,3,3,4,5,5,4,18,38,TRUE
Male,Loyal Customer,43,Personal Travel,Eco,2586,2,4,2,4,5,2,4,5,4,4,3,3,5,3.62,54,48,FALSE
Male,Loyal Customer,41,Personal Travel,Eco,1598,4,5,4,3,5,4,3,5,5,4,5,4,5,4.31,0,0,FALSE
Female,Loyal Customer,53,Business Travel,Business,3919,2,2,2,2,5,5,5,5,5,5,5,5,4,4,20,18,TRUE
Female,Loyal Customer,35,Personal Travel,Eco,253,4,4,4,3,1,4,5,1,4,3,4,1,1,3,0,0,FALSE
Male,Loyal Customer,43,Business Travel,Eco,545,5,4,4,4,5,5,5,5,5,2,4,2,5,4.23,0,0,TRUE
Male,Loyal Customer,23,Personal Travel,Eco,2075,2,4,2,5,2,2,4,2,3,5,1,2,2,2.77,6,10,FALSE
Female,Disloyal Customer,39,Business Travel,Business,402,4,4,4,3,4,4,1,4,1,4,4,5,4,3.54,0,0,TRUE
Female,Loyal Customer,30,Business Travel,Business,2586,1,1,1,1,4,4,4,5,4,4,4,4,4,3.15,0,0,TRUE
Female,Loyal Customer,26,Personal Travel,Eco,985,3,4,3,4,3,3,3,3,4,4,5,4,3,3.54,13,8,FALSE
Female,Loyal Customer,29,Personal Travel,Eco Plus,143,2,5,2,5,2,2,2,2,2,3,2,4,2,2.69,0,0,FALSE
Female,Loyal Customer,63,Personal Travel,Eco Plus,1096,1,0,1,5,2,4,5,2,2,1,4,1,4,2.46,0,24,FALSE
Female,Disloyal Customer,19,Business Travel,Business,1023,5,0,5,1,1,5,4,1,3,5,5,4,1,3.08,0,0,TRUE
Male,Disloyal Customer,26,Business Travel,Business,1096,4,4,4,3,1,4,1,1,1,2,4,1,1,2.38,0,0,FALSE
Female,Loyal Customer,46,Business Travel,Business,337,4,4,4,4,2,4,3,5,5,5,5,3,3,3.92,0,0,TRUE
Male,Loyal Customer,35,Business Travel,Business,1703,4,4,4,4,5,4,4,4,4,4,4,3,3,3.92,7,0,TRUE
Female,Loyal Customer,44,Business Travel,Eco,1171,2,4,4,4,2,3,4,2,2,2,2,4,3,2.92,10,6,FALSE
Male,Loyal Customer,36,Business Travel,Eco,1065,2,3,3,3,2,2,2,2,1,3,3,2,2,2.31,0,0,FALSE
Female,Loyal Customer,29,Business Travel,Business,3079,2,2,2,2,4,5,4,4,3,3,4,4,4,3.31,0,0,TRUE
Female,Disloyal Customer,39,Business Travel,Business,925,3,3,3,4,2,3,2,2,1,5,4,2,2,2.77,0,0,FALSE
Male,Loyal Customer,41,Business Travel,Business,1379,1,1,1,1,4,4,4,4,4,4,4,3,5,3.08,68,51,TRUE
Female,Loyal Customer,51,Personal Travel,Eco,946,2,4,2,4,3,3,3,5,5,2,4,2,4,3.31,4,0,FALSE
Male,Loyal Customer,54,Personal Travel,Eco,201,5,4,5,3,2,5,2,2,1,4,4,1,2,3.08,1,0,TRUE
Male,Loyal Customer,60,Personal Travel,Eco,404,3,3,3,4,3,3,3,3,2,2,4,2,3,2.92,15,0,FALSE
Female,Loyal Customer,69,Personal Travel,Eco,544,3,2,3,3,3,4,4,2,2,3,3,3,1,2.77,0,0,FALSE
Male,Loyal Customer,57,Business Travel,Eco Plus,461,5,2,2,2,5,5,5,5,4,1,5,3,5,3.77,0,0,TRUE
Female,Loyal Customer,27,Personal Travel,Eco,912,2,3,2,4,1,2,1,1,1,4,4,3,1,2.23,0,0,FALSE
Female,Loyal Customer,19,Personal Travel,Eco,493,3,5,3,1,1,3,1,1,3,2,4,4,1,2.46,0,0,FALSE
Female,Loyal Customer,35,Business Travel,Business,447,1,4,4,4,1,4,4,1,1,1,1,3,2,2.38,0,0,FALSE
Male,Loyal Customer,58,Personal Travel,Eco,590,1,4,1,3,2,1,2,2,3,3,4,5,2,2.54,0,0,FALSE
Male,Disloyal Customer,36,Business Travel,Business,1092,2,3,3,3,1,3,3,1,4,3,5,4,1,2.77,20,15,FALSE
Male,Loyal Customer,58,Business Travel,Business,3224,4,4,4,4,5,4,4,4,4,4,4,3,3,3.92,2,0,TRUE
Female,Loyal Customer,27,Business Travel,Business,1471,1,1,1,1,3,4,3,3,3,3,4,4,3,2.62,0,0,TRUE
Female,Loyal Customer,50,Business Travel,Business,153,1,1,1,1,2,4,4,4,4,4,4,4,4,2.92,0,0,TRUE
Female,Loyal Customer,28,Business Travel,Business,1069,2,2,2,2,2,3,2,2,3,2,4,3,2,2.38,0,13,FALSE
Female,Disloyal Customer,25,Business Travel,Eco,150,2,0,2,3,4,2,2,4,4,1,3,1,4,2.46,0,0,FALSE
Male,Loyal Customer,30,Business Travel,Business,423,4,5,5,5,4,4,4,4,2,3,3,3,4,3.85,40,39,FALSE
Male,Disloyal Customer,24,Business Travel,Business,589,4,0,3,2,4,3,4,4,5,4,5,5,4,3.62,37,33,TRUE
Female,Loyal Customer,41,Business Travel,Business,569,4,5,4,4,4,4,4,5,5,5,5,5,4,4.46,0,0,TRUE
Female,Loyal Customer,68,Personal Travel,Eco,116,3,4,3,3,1,3,2,4,4,3,4,2,5,3.15,0,19,FALSE
Male,Loyal Customer,47,Business Travel,Business,1142,5,4,5,5,4,5,5,5,3,4,5,5,5,4.62,88,141,TRUE
Female,Loyal Customer,53,Business Travel,Eco,308,4,1,1,1,4,4,4,4,4,4,4,4,1,3.08,38,39,TRUE
Male,Loyal Customer,48,Business Travel,Business,3655,3,3,3,3,2,4,4,2,2,2,2,4,5,3,0,0,TRUE
Female,Loyal Customer,26,Business Travel,Business,2611,4,4,4,4,4,4,4,4,3,5,5,2,4,3.92,6,9,TRUE
Female,Loyal Customer,34,Business Travel,Business,235,2,5,5,5,4,4,4,2,2,2,2,4,1,3.23,0,0,FALSE
Female,Loyal Customer,15,Business Travel,Business,569,2,2,2,2,4,4,4,4,4,3,4,5,4,3.38,0,0,TRUE
Male,Loyal Customer,43,Business Travel,Eco,696,5,1,1,1,5,5,5,5,3,3,2,4,5,3.46,60,47,TRUE
Male,Loyal Customer,52,Business Travel,Eco,483,2,5,5,5,2,2,2,2,4,5,4,1,2,3.15,5,0,FALSE
Female,Loyal Customer,50,Business Travel,Eco,101,2,2,2,2,1,2,1,2,2,2,2,4,2,2,0,2,TRUE
Female,Loyal Customer,24,Personal Travel,Eco,977,1,4,0,4,3,0,3,3,3,2,5,3,3,2.62,0,0,FALSE
Female,Disloyal Customer,22,Business Travel,Eco,647,1,4,1,4,4,1,4,4,1,1,3,1,4,2.54,0,0,FALSE
Male,Loyal Customer,53,Business Travel,Business,575,5,5,5,5,3,5,5,4,4,4,4,3,3,4.23,69,64,TRUE
Female,Disloyal Customer,29,Business Travel,Eco Plus,2556,1,1,1,3,2,1,2,2,3,4,3,1,2,2,0,0,FALSE
Female,Disloyal Customer,25,Business Travel,Eco,277,2,2,2,4,2,2,1,2,2,4,3,1,2,2.23,0,29,FALSE
Female,Loyal Customer,36,Business Travel,Business,3322,4,4,4,4,3,5,5,3,3,4,3,3,5,3.85,25,42,TRUE
Male,Disloyal Customer,36,Business Travel,Eco,129,4,4,4,2,5,4,5,5,3,5,3,4,5,4.08,0,,FALSE
Male,Disloyal Customer,30,Business Travel,Business,1844,1,1,1,1,4,1,4,4,4,3,4,3,4,2.69,3,6,FALSE
Male,Loyal Customer,68,Personal Travel,Eco,257,0,4,0,3,5,0,5,5,5,5,2,3,5,3.23,6,18,TRUE
Male,Loyal Customer,10,Personal Travel,Eco,447,2,5,2,1,4,2,4,4,4,5,5,5,4,3.62,0,0,FALSE
Male,Loyal Customer,33,Business Travel,Eco,1721,1,0,0,4,5,0,5,5,3,4,4,4,5,3.08,3,5,FALSE
Female,Loyal Customer,32,Personal Travel,Eco,1235,1,1,1,2,3,1,3,3,2,4,2,2,3,2.15,0,0,FALSE
Male,Loyal Customer,77,Business Travel,Business,2039,1,1,1,1,2,1,1,1,1,1,1,1,3,1.23,0,0,FALSE
Male,Loyal Customer,62,Personal Travel,Eco,1075,2,4,2,1,5,2,5,5,3,4,4,4,5,3.54,88,88,FALSE
Female,Loyal Customer,19,Business Travel,Business,1968,3,2,3,3,4,4,4,4,4,4,5,3,4,3.62,0,0,TRUE
Female,Loyal Customer,60,Business Travel,Business,2586,2,5,5,5,2,2,2,3,1,4,4,2,2,3,0,0,FALSE
Male,Loyal Customer,52,Business Travel,Business,184,0,5,0,3,5,4,5,3,3,3,3,4,4,3.23,0,0,TRUE
Male,Loyal Customer,55,Business Travel,Business,429,2,2,2,2,5,4,4,4,4,4,4,4,5,3.54,0,0,TRUE
Male,Loyal Customer,48,Personal Travel,Eco,819,4,3,4,4,5,4,5,5,1,1,4,1,5,3.54,0,0,FALSE
Female,Loyal Customer,57,Business Travel,Business,3173,1,1,1,1,3,5,5,5,5,5,5,5,4,3.54,0,0,TRUE
Female,Loyal Customer,51,Business Travel,Business,3510,4,4,4,4,2,4,4,5,5,4,5,5,3,4.08,18,29,TRUE
Male,Disloyal Customer,30,Business Travel,Business,2153,2,2,2,3,5,2,5,5,4,3,4,5,5,3.62,0,0,FALSE
Male,Loyal Customer,29,Personal Travel,Eco,164,1,5,1,4,4,1,3,4,4,5,5,3,4,3.38,0,0,FALSE
Male,Disloyal Customer,55,Business Travel,Business,113,4,4,4,3,4,4,4,4,3,4,5,5,4,4,0,0,TRUE
Male,Loyal Customer,53,Business Travel,Business,432,3,3,3,3,3,5,4,5,5,5,5,3,5,4,0,0,TRUE
Male,Disloyal Customer,22,Business Travel,Eco,483,4,0,4,4,5,4,5,5,3,5,4,5,5,4.08,0,0,TRUE
Female,Loyal Customer,43,Business Travel,Eco,867,1,4,4,4,4,4,3,1,1,1,1,1,2,2.38,0,18,FALSE
Female,Disloyal Customer,35,Business Travel,Business,964,1,1,1,3,4,1,2,4,4,4,5,4,4,2.92,0,0,FALSE
Male,Loyal Customer,46,Business Travel,Business,1816,2,2,2,2,2,5,5,3,3,3,3,5,4,3.15,0,0,TRUE
Female,Loyal Customer,38,Business Travel,Business,201,0,5,0,4,4,5,5,4,4,4,4,5,3,3.62,9,11,TRUE
Female,Loyal Customer,50,Business Travel,Business,1562,3,3,1,3,3,5,4,2,2,2,2,3,5,2.92,6,2,TRUE
Male,Loyal Customer,9,Personal Travel,Eco,895,1,5,1,2,2,1,2,2,5,4,4,4,2,2.69,98,95,FALSE
Female,Loyal Customer,17,Personal Travel,Eco,1119,1,4,1,3,5,1,5,5,3,3,4,2,5,3.23,0,0,FALSE
Male,Loyal Customer,26,Personal Travel,Eco,160,3,1,3,3,5,3,5,5,4,5,3,4,5,3.77,7,0,FALSE
Male,Loyal Customer,48,Business Travel,Business,545,3,3,3,3,5,5,5,5,5,5,5,5,3,4.23,0,0,TRUE
Female,Loyal Customer,38,Business Travel,Eco,102,3,4,4,4,3,3,3,3,3,2,2,3,3,3.08,0,1,TRUE
Female,Loyal Customer,56,Business Travel,Business,364,2,2,2,2,5,5,4,3,3,3,3,5,5,3.38,0,3,TRUE
Female,Loyal Customer,24,Personal Travel,Eco,1119,2,4,2,3,3,2,2,3,4,5,5,4,3,3.23,57,54,FALSE
Female,Loyal Customer,41,Business Travel,Business,2656,5,5,5,5,2,4,5,5,5,5,5,4,4,4.54,0,0,TRUE
Male,Loyal Customer,20,Personal Travel,Eco,78,3,5,3,3,1,3,1,1,4,5,5,5,1,3.08,0,0,FALSE
Male,Loyal Customer,37,Business Travel,Business,372,2,5,5,5,3,4,4,2,2,2,2,4,1,3.15,0,0,FALSE
Female,Loyal Customer,18,Personal Travel,Eco,1096,2,1,2,4,5,2,5,5,1,4,3,1,5,3.08,57,39,FALSE
Male,Loyal Customer,65,Personal Travel,Eco,562,3,5,3,4,5,3,5,5,3,5,4,5,5,4.23,21,26,FALSE
Male,Loyal Customer,40,Business Travel,Business,158,0,4,0,5,4,4,4,4,4,4,4,3,3,3.31,0,0,TRUE
Male,Loyal Customer,58,Business Travel,Business,1282,3,3,3,3,4,4,4,5,5,5,5,3,4,3.92,0,0,TRUE
Male,Loyal Customer,41,Business Travel,Business,644,4,4,4,4,4,4,4,4,4,4,4,3,4,3.92,0,0,TRUE
Male,Loyal Customer,32,Business Travel,Business,2367,5,1,5,5,4,4,4,4,4,3,4,4,4,3.92,0,0,TRUE
Male,Loyal Customer,14,Personal Travel,Eco,214,3,1,3,1,2,3,2,2,4,4,1,3,2,2.38,0,0,FALSE
Male,Loyal Customer,60,Business Travel,Business,302,2,2,4,2,2,2,5,4,4,4,4,2,4,3.15,33,19,TRUE
Female,Loyal Customer,60,Personal Travel,Eco,581,2,4,2,4,3,3,4,2,2,2,2,1,2,2.54,3,3,FALSE
Female,Loyal Customer,13,Personal Travel,Eco,1368,1,4,0,3,2,0,2,2,5,3,5,5,2,2.62,0,3,FALSE
Female,Loyal Customer,51,Business Travel,Business,2441,1,1,5,1,4,4,4,3,3,3,3,5,5,3.23,0,0,TRUE
Female,Loyal Customer,42,Business Travel,Business,3569,2,2,2,2,3,4,5,4,4,4,4,5,5,3.54,0,0,TRUE
Male,Loyal Customer,20,Business Travel,Business,2409,5,5,5,5,5,4,5,5,3,3,4,3,5,4.38,1,4,TRUE
Female,Loyal Customer,42,Business Travel,Business,3097,2,1,1,1,5,4,3,2,2,2,2,4,4,2.54,4,5,FALSE
Male,Loyal Customer,24,Business Travel,Eco,689,1,4,2,4,1,1,2,1,3,1,4,2,1,2.08,0,0,FALSE
Male,Loyal Customer,43,Business Travel,Business,2860,5,5,5,5,4,4,4,5,3,3,5,4,4,4.31,26,19,TRUE
Female,Loyal Customer,35,Personal Travel,Eco,501,3,5,3,3,5,3,5,5,3,4,4,5,5,4.08,0,0,FALSE
Male,Loyal Customer,57,Personal Travel,Eco,306,3,4,3,2,5,3,2,5,3,3,4,3,5,3.46,0,0,FALSE
Female,Loyal Customer,64,Personal Travel,Eco,321,4,3,4,3,5,3,4,2,2,4,3,2,1,3.08,0,0,TRUE
Female,Disloyal Customer,30,Business Travel,Eco,547,3,3,3,2,4,3,3,4,2,1,2,1,4,2.69,0,0,FALSE
Male,Loyal Customer,41,Personal Travel,Eco,109,3,2,3,4,4,3,3,4,4,5,3,4,4,3.54,30,31,FALSE
Female,Loyal Customer,34,Business Travel,Business,3141,3,3,3,3,4,4,4,3,4,4,4,4,4,3.62,164,143,TRUE
Female,Loyal Customer,16,Business Travel,Eco Plus,2248,0,3,0,2,2,0,2,2,3,2,4,3,2,1.92,0,0,TRUE
Female,Disloyal Customer,24,Business Travel,Business,761,5,4,5,3,4,5,5,4,2,4,1,4,4,3.85,3,0,TRUE
Female,Loyal Customer,49,Business Travel,Eco Plus,187,4,4,4,4,3,4,4,4,4,4,4,3,1,3.62,13,10,FALSE
Female,Disloyal Customer,44,Business Travel,Eco,1797,1,1,1,2,2,1,3,2,2,2,1,1,2,1.62,0,0,FALSE
Male,Loyal Customer,42,Business Travel,Business,321,1,2,2,2,4,3,4,1,1,1,1,2,2,2,0,0,FALSE
Male,Loyal Customer,38,Business Travel,Eco,1060,5,4,4,4,5,5,5,5,3,4,1,1,5,3.92,0,0,TRUE
Male,Loyal Customer,33,Business Travel,Business,2292,5,5,5,5,3,3,3,3,1,5,2,4,3,3.62,17,0,TRUE
Male,Loyal Customer,15,Business Travel,Eco Plus,550,4,5,4,5,4,4,3,4,2,3,4,4,4,3.85,0,0,FALSE
Female,Loyal Customer,42,Business Travel,Business,600,2,5,5,5,5,4,3,2,2,2,2,3,2,3.23,1,0,FALSE
Female,Loyal Customer,68,Personal Travel,Eco Plus,430,1,4,3,3,2,4,5,4,4,3,4,4,4,3.46,0,0,FALSE
Male,Loyal Customer,24,Business Travel,Business,669,4,4,4,4,5,5,5,5,5,5,5,5,5,4.69,64,64,TRUE
Male,Loyal Customer,41,Business Travel,Business,3854,0,1,1,1,2,4,4,4,4,4,4,4,3,2.77,0,0,TRUE
Male,Loyal Customer,25,Personal Travel,Eco,214,1,5,1,2,3,1,3,3,4,5,4,1,3,2.77,0,0,FALSE
Female,Loyal Customer,56,Business Travel,Business,2181,4,4,4,4,2,4,5,4,4,4,4,5,3,3.92,19,20,TRUE
Male,Disloyal Customer,25,Business Travel,Eco,989,4,4,4,3,5,4,5,5,2,1,2,2,5,3.54,0,0,TRUE
Female,Loyal Customer,43,Business Travel,Business,304,1,1,1,1,5,4,5,4,4,4,4,4,3,3.15,0,0,TRUE
Male,Loyal Customer,52,Business Travel,Business,460,1,0,0,4,3,4,4,4,4,0,1,1,3,2.23,0,0,FALSE
Male,Loyal Customer,46,Personal Travel,Eco,812,3,2,3,4,3,3,3,3,1,1,3,1,3,2.54,0,0,FALSE
Male,Disloyal Customer,27,Business Travel,Business,507,2,2,2,1,5,2,5,5,3,3,4,5,5,3.38,0,5,FALSE
Female,Loyal Customer,7,Personal Travel,Business,587,4,4,4,3,2,4,4,2,4,2,4,5,2,3.38,73,98,FALSE
Male,Loyal Customer,25,Business Travel,Eco,310,4,4,4,4,4,4,5,4,2,3,2,3,4,3.62,24,25,TRUE
Female,Loyal Customer,26,Personal Travel,Eco,862,0,4,0,2,1,0,1,1,4,5,4,5,1,2.15,0,4,TRUE
Female,Loyal Customer,26,Personal Travel,Eco,1576,2,5,3,1,2,3,2,2,3,5,5,3,2,2.92,1,8,FALSE
Male,Loyal Customer,41,Personal Travel,Eco,1086,3,5,3,3,1,3,1,1,3,2,4,5,1,2.69,0,13,FALSE
Male,Loyal Customer,7,Personal Travel,Eco,272,4,4,4,3,2,4,2,2,3,2,4,3,2,3,0,5,FALSE
Female,Disloyal Customer,22,Business Travel,Eco,746,0,0,0,3,3,0,3,3,2,3,5,2,3,2.08,26,3,TRUE
Female,Loyal Customer,38,Business Travel,Business,489,2,2,3,2,4,2,5,3,3,3,3,1,4,2.85,17,19,TRUE
Male,Loyal Customer,20,Personal Travel,Eco,271,3,0,3,2,2,3,5,2,4,2,5,5,2,2.92,0,0,FALSE
Male,Loyal Customer,39,Business Travel,Business,1819,5,5,5,5,5,4,4,5,5,4,5,3,5,4.62,61,75,TRUE
Female,Disloyal Customer,14,Business Travel,Eco,1990,2,2,2,3,2,2,2,2,2,2,2,1,2,2,0,0,FALSE
Female,Loyal Customer,17,Personal Travel,Eco,1037,3,1,3,4,4,3,4,4,4,4,4,2,4,3.38,0,12,FALSE
Male,Disloyal Customer,42,Business Travel,Business,372,1,1,1,5,1,1,1,1,5,5,4,3,1,2.31,0,0,FALSE
Female,Loyal Customer,42,Business Travel,Business,2405,3,3,2,3,4,4,5,5,5,5,5,5,4,4.08,29,19,TRUE
Female,Loyal Customer,55,Business Travel,Business,2018,1,0,5,0,4,4,4,1,1,1,1,3,4,2.23,0,0,TRUE
Male,Loyal Customer,52,Personal Travel,Eco,1814,2,5,2,1,3,2,3,3,5,4,3,4,3,3.08,0,0,FALSE
Female,Loyal Customer,60,Business Travel,Eco,372,5,2,2,2,2,5,2,5,5,5,5,3,4,3.62,0,0,TRUE
Male,Disloyal Customer,49,Business Travel,Eco,1102,4,4,4,1,1,4,1,1,4,4,1,4,1,2.62,56,43,FALSE
Male,Loyal Customer,46,Business Travel,Business,2551,1,1,1,1,3,5,5,3,3,3,3,5,5,3,3,0,TRUE
Male,Loyal Customer,65,Personal Travel,Eco,405,2,1,2,4,5,2,5,5,1,2,3,1,5,2.92,3,0,FALSE
Female,Loyal Customer,29,Business Travel,Business,2611,2,2,2,2,4,4,4,4,3,4,4,3,4,3.23,0,0,TRUE
Male,Disloyal Customer,29,Business Travel,Business,971,4,4,4,4,4,4,2,4,3,3,5,4,4,3.77,0,0,TRUE
Female,Loyal Customer,66,Business Travel,Business,2573,3,5,5,5,1,2,2,3,3,3,3,1,2,2.92,0,0,FALSE
Male,Loyal Customer,48,Business Travel,Eco Plus,399,5,4,4,4,5,5,5,5,5,3,3,3,5,4.31,0,0,TRUE
Male,Disloyal Customer,28,Business Travel,Business,1504,1,1,1,1,5,1,1,5,4,2,4,5,5,2.77,24,0,FALSE
Male,Disloyal Customer,33,Business Travel,Business,2777,1,1,1,1,4,1,4,4,3,5,5,5,4,3,0,0,FALSE
Female,Loyal Customer,47,Personal Travel,Eco,1489,5,5,5,4,5,3,5,2,2,5,2,1,1,3.46,0,0,TRUE
Male,Loyal Customer,32,Business Travel,Business,1736,4,4,4,4,3,2,3,3,2,5,4,3,3,3.38,38,31,TRUE
Female,Loyal Customer,14,Personal Travel,Business,1874,3,1,4,4,4,4,4,4,3,1,3,3,4,3.23,12,0,FALSE
Female,Disloyal Customer,29,Business Travel,Business,1068,3,3,3,3,2,3,2,2,3,5,5,3,2,3,95,77,FALSE
Male,Loyal Customer,21,Personal Travel,Business,1438,3,2,3,4,5,3,5,5,3,3,4,1,5,3.54,20,36,FALSE
Female,Loyal Customer,61,Business Travel,Eco,404,2,5,5,5,4,4,3,2,2,2,2,2,2,3.08,7,0,FALSE
Male,Loyal Customer,33,Personal Travel,Eco,2139,1,5,0,3,5,0,5,5,5,5,3,3,5,3.46,0,0,FALSE
Female,Loyal Customer,48,Business Travel,Business,912,4,4,4,4,5,5,5,4,4,4,4,3,5,4.23,0,2,TRUE
Male,Loyal Customer,45,Business Travel,Eco Plus,253,2,3,3,3,2,2,2,2,2,3,3,3,2,2.46,0,0,FALSE
Male,Loyal Customer,54,Business Travel,Business,3039,2,3,5,5,3,2,4,2,1,4,3,4,4,3.23,326,317,FALSE
Female,Loyal Customer,50,Personal Travel,Eco,408,4,4,4,4,3,5,4,4,4,4,3,4,5,4,0,2,FALSE
Male,Loyal Customer,56,Personal Travel,Eco,160,3,5,0,2,0,2,2,4,4,4,4,2,2,2.62,319,317,FALSE
Male,Loyal Customer,41,Business Travel,Business,3968,3,3,3,3,5,4,4,5,5,5,5,5,4,4.15,6,13,TRUE
Male,Loyal Customer,42,Business Travel,Eco,500,4,5,5,5,4,4,4,4,5,3,4,5,4,4.31,0,0,TRUE
Female,Loyal Customer,41,Personal Travel,Eco,861,1,4,1,5,2,1,5,2,4,2,5,3,2,2.85,0,0,FALSE
Male,Disloyal Customer,28,Business Travel,Business,833,4,4,4,1,3,4,3,3,4,3,5,3,3,3.38,0,0,FALSE
Male,Disloyal Customer,25,Business Travel,Eco,383,1,2,1,3,3,1,3,3,2,3,4,4,3,2.54,0,8,FALSE
Male,Loyal Customer,40,Business Travel,Business,2354,1,1,1,1,5,3,3,1,1,1,1,4,4,2.08,26,21,FALSE
Male,Loyal Customer,44,Business Travel,Business,1872,3,3,4,3,4,4,4,2,2,2,2,5,5,3.31,0,0,TRUE
Female,Loyal Customer,39,Personal Travel,Eco,317,2,4,3,1,1,3,1,1,3,1,1,1,1,1.77,0,0,FALSE
Male,Loyal Customer,47,Personal Travel,Eco,549,1,0,1,1,4,1,4,4,3,4,4,5,4,2.77,0,0,FALSE
Female,Loyal Customer,34,Business Travel,Business,2169,2,5,5,5,1,3,4,2,2,2,2,2,3,2.92,9,8,FALSE
Male,Loyal Customer,70,Personal Travel,Eco,2342,4,3,4,3,4,4,4,4,2,1,4,3,4,3.38,0,0,TRUE
Female,Loyal Customer,31,Business Travel,Business,1499,1,1,1,1,4,4,4,4,4,5,4,5,4,3.23,11,0,TRUE
Male,Loyal Customer,8,Personal Travel,Eco,334,1,4,1,3,5,1,5,5,4,2,3,1,5,3.08,69,49,FALSE
Female,Loyal Customer,58,Business Travel,Business,3090,5,3,5,5,3,4,5,4,4,4,4,4,4,4.15,0,0,TRUE
Female,Loyal Customer,40,Business Travel,Eco,745,4,1,1,1,4,4,4,4,2,5,4,5,4,3.31,0,0,TRUE
Male,Disloyal Customer,21,Business Travel,Business,936,5,0,5,3,1,5,1,1,3,2,4,4,1,2.69,0,10,TRUE
Female,Loyal Customer,27,Business Travel,Business,2680,3,3,3,3,4,4,4,4,3,5,4,4,4,3.69,42,33,TRUE
Female,Disloyal Customer,39,Business Travel,Eco,160,2,5,2,3,5,2,5,5,3,3,4,3,5,3.62,11,0,FALSE
Male,Loyal Customer,42,Business Travel,Eco,447,3,2,3,2,3,3,3,3,4,1,3,4,3,2.85,30,24,FALSE
Male,Disloyal Customer,23,Business Travel,Eco,1500,5,5,5,4,4,5,2,4,5,4,4,4,4,4.23,0,0,TRUE
Female,Loyal Customer,44,Personal Travel,Eco,444,3,4,1,3,3,3,5,1,1,1,1,2,2,2.31,0,0,FALSE
Male,Loyal Customer,26,Business Travel,Business,2450,3,4,4,4,1,1,3,1,4,2,2,4,1,2.62,0,0,FALSE
Female,Loyal Customer,15,Business Travel,Business,1546,3,3,3,3,4,4,4,4,3,3,4,3,4,3.46,20,16,TRUE
Male,Loyal Customer,56,Business Travel,Business,2312,4,3,3,3,2,4,3,4,4,4,4,4,3,3.46,1,30,FALSE
Male,Loyal Customer,30,Business Travel,Business,2065,1,1,1,1,5,5,5,5,4,4,2,2,5,3.15,0,0,TRUE
Female,Loyal Customer,68,Personal Travel,Eco,954,2,2,2,3,5,4,3,4,4,2,4,2,3,3.08,0,5,FALSE
Male,Disloyal Customer,26,Business Travel,Eco,109,5,0,5,4,4,5,4,4,5,3,3,1,4,3.62,8,15,TRUE
Female,Disloyal Customer,20,Business Travel,Eco,1194,2,2,2,3,2,2,2,2,2,3,3,3,2,2.31,0,41,FALSE
Female,Loyal Customer,39,Business Travel,Eco,1005,2,1,1,1,2,2,2,2,3,4,3,1,2,2,99,82,FALSE
Male,Disloyal Customer,47,Business Travel,Eco,978,2,2,2,3,1,2,1,1,1,1,3,2,1,1.69,0,0,FALSE
Male,Disloyal Customer,29,Business Travel,Business,762,1,1,1,1,3,1,3,3,4,2,4,5,3,2.46,0,0,FALSE
Female,Loyal Customer,47,Business Travel,Business,395,5,5,5,5,2,5,5,3,3,3,3,5,5,4.15,0,0,TRUE
Female,Loyal Customer,43,Business Travel,Business,3102,0,4,0,1,3,4,4,3,3,3,3,4,4,2.77,0,0,TRUE
Male,Loyal Customer,62,Personal Travel,Eco,294,4,5,4,2,5,4,5,5,3,4,4,4,5,4.15,0,0,FALSE
Male,Disloyal Customer,33,Business Travel,Eco,768,2,2,2,4,2,4,4,1,3,3,3,4,4,2.92,11,8,FALSE
Male,Loyal Customer,29,Business Travel,Business,496,5,5,5,5,2,2,2,2,5,2,5,5,2,3.62,45,29,TRUE
Female,Loyal Customer,60,Personal Travel,Eco,764,1,2,0,2,3,3,2,2,2,0,2,3,4,2,19,27,FALSE
Female,Loyal Customer,24,Personal Travel,Eco,265,4,3,0,4,1,0,1,1,1,2,3,3,1,1.85,0,0,FALSE
Female,Disloyal Customer,21,Business Travel,Eco,844,4,3,3,3,2,3,2,2,1,4,3,5,2,2.85,0,0,TRUE
Female,Loyal Customer,27,Personal Travel,Eco,859,5,2,5,4,5,5,5,5,2,2,4,3,5,4,0,0,TRUE
Male,Loyal Customer,58,Business Travel,Business,1355,5,5,5,5,4,4,5,5,5,5,5,4,4,4.69,0,0,TRUE
Female,Loyal Customer,58,Business Travel,Business,1506,3,3,3,3,3,2,1,4,4,4,4,1,3,2.92,17,8,TRUE
Female,Loyal Customer,8,Personal Travel,Eco,577,4,5,4,5,2,4,1,2,5,4,4,4,2,3.54,0,0,FALSE
Female,Loyal Customer,43,Business Travel,Eco,463,4,4,4,4,5,1,4,4,4,4,4,2,4,3.69,0,0,TRUE
Male,Loyal Customer,17,Business Travel,Eco Plus,409,4,3,3,3,4,2,4,3,1,3,4,4,4,3.23,437,518,FALSE
Female,Loyal Customer,36,Personal Travel,Eco,419,3,4,3,4,2,3,2,2,1,3,4,3,2,2.77,63,92,FALSE
Female,Loyal Customer,50,Business Travel,Business,989,5,5,5,5,5,5,5,3,3,3,3,3,5,4.23,0,0,TRUE
Female,Loyal Customer,47,Business Travel,Business,2789,4,4,5,4,5,4,5,4,4,4,4,3,3,4.08,0,0,TRUE
Female,Loyal Customer,30,Business Travel,Business,3241,2,2,2,2,5,5,5,5,5,5,4,3,5,3.85,0,0,TRUE
Male,Loyal Customer,42,Business Travel,Eco,1107,2,1,1,1,2,2,2,2,1,5,2,1,2,1.85,0,0,FALSE
Male,Loyal Customer,66,Business Travel,Eco,1020,1,2,2,2,1,1,1,1,4,5,4,1,1,2,90,79,FALSE
Female,Loyal Customer,45,Business Travel,Eco,472,5,3,3,3,4,4,1,5,5,5,5,5,4,4,0,0,TRUE
Female,Disloyal Customer,36,Business Travel,Eco,489,4,3,4,3,1,4,1,1,1,2,4,3,1,2.46,0,4,FALSE
Male,Loyal Customer,53,Business Travel,Eco Plus,373,4,1,1,1,4,4,4,4,2,3,5,3,4,3.08,0,0,TRUE
Male,Loyal Customer,58,Business Travel,Business,3103,4,4,4,4,4,5,4,5,5,4,5,4,5,4.38,0,9,TRUE
Female,Loyal Customer,44,Personal Travel,Eco,201,3,4,0,3,4,3,3,1,1,0,1,4,1,2.15,4,0,FALSE
Female,Loyal Customer,65,Business Travel,Eco,377,4,1,3,1,1,4,1,4,4,4,4,3,4,2.92,2,1,TRUE
Male,Loyal Customer,62,Personal Travel,Eco,187,1,5,1,3,3,1,3,3,4,3,1,4,3,2.69,5,0,FALSE
Male,Loyal Customer,27,Business Travel,Eco Plus,744,5,3,3,3,5,5,5,5,5,5,3,5,5,4.38,29,36,TRUE
Male,Loyal Customer,28,Business Travel,Business,355,3,5,5,5,3,3,3,3,1,3,4,2,3,3.31,0,1,FALSE
Female,Loyal Customer,21,Business Travel,Business,2626,1,1,1,1,4,4,4,4,3,3,5,4,4,3,26,25,TRUE
Female,Disloyal Customer,27,Business Travel,Business,1050,5,5,5,3,1,5,1,1,5,2,5,4,1,3.31,29,14,TRUE
Male,Loyal Customer,47,Business Travel,Business,628,3,3,3,3,2,4,5,4,4,5,4,3,5,3.69,3,0,TRUE
Female,Loyal Customer,16,Business Travel,Business,2864,4,4,5,4,4,4,4,4,5,5,5,3,4,4.23,22,13,TRUE
Male,Loyal Customer,22,Business Travel,Business,2367,3,3,3,3,1,2,1,1,5,1,3,2,1,2.23,0,4,TRUE
Male,Loyal Customer,69,Business Travel,Business,3857,4,4,4,4,5,4,4,4,4,4,4,4,3,4,0,0,TRUE
Male,Loyal Customer,38,Business Travel,Eco Plus,102,5,3,3,3,5,5,5,5,3,1,4,3,5,3.85,0,0,TRUE
Male,Disloyal Customer,23,Business Travel,Eco,1258,1,0,0,5,4,0,4,4,4,5,4,3,4,2.92,0,19,FALSE
Female,Loyal Customer,44,Business Travel,Business,1846,1,1,1,1,2,5,5,4,4,4,4,5,5,3.23,4,8,TRUE
Male,Loyal Customer,58,Business Travel,Eco,246,5,4,4,4,5,5,5,5,2,5,1,4,5,4.15,0,0,TRUE
Female,Loyal Customer,39,Business Travel,Eco,102,3,5,5,5,3,3,3,3,4,5,1,2,3,3.46,0,0,TRUE
Female,Loyal Customer,39,Business Travel,Business,312,0,0,0,4,5,5,5,3,3,3,3,5,5,3.15,0,0,TRUE
Male,Loyal Customer,28,Business Travel,Business,680,5,5,5,5,1,2,1,1,4,1,3,1,1,2.69,0,0,TRUE
Male,Loyal Customer,66,Business Travel,Business,1044,4,4,4,4,5,5,5,4,4,4,4,4,4,4.23,0,0,TRUE
Female,Loyal Customer,50,Business Travel,Business,3332,3,3,3,3,3,4,5,4,4,4,4,3,4,3.62,39,34,TRUE
Male,Loyal Customer,53,Business Travel,Business,3935,1,1,1,1,3,4,5,5,5,5,5,4,5,3.46,0,0,TRUE
Male,Loyal Customer,42,Business Travel,Eco,920,2,3,3,3,2,2,2,2,2,5,4,1,2,2.54,0,0,FALSE
Female,Loyal Customer,41,Business Travel,Business,1754,3,3,3,3,4,5,4,5,5,5,4,4,4,4,53,49,TRUE
Female,Disloyal Customer,24,Business Travel,Eco,475,5,0,5,1,5,5,5,5,2,3,1,3,5,3.46,0,0,TRUE
Male,Loyal Customer,20,Personal Travel,Eco,395,2,4,2,3,5,2,5,5,4,5,3,3,5,3.69,3,0,FALSE
Female,Loyal Customer,22,Business Travel,Eco Plus,859,3,1,1,1,3,3,1,3,4,5,3,2,3,2.54,0,12,FALSE
Female,Disloyal Customer,23,Business Travel,Eco,533,3,3,3,3,4,3,4,4,4,2,3,2,4,3.23,0,1,FALSE
Female,Loyal Customer,21,Personal Travel,Eco Plus,813,3,4,3,3,3,3,3,3,4,5,4,5,3,3.54,1,0,FALSE
Male,Loyal Customer,47,Personal Travel,Eco,692,1,4,1,4,3,1,5,3,5,2,5,3,3,3.08,0,0,FALSE
Female,Loyal Customer,42,Personal Travel,Eco,546,2,3,1,3,4,3,4,5,5,1,5,2,1,3,18,7,FALSE
Male,Loyal Customer,24,Business Travel,Business,356,3,5,5,5,3,3,3,3,4,5,3,1,3,3.54,0,0,FALSE
Male,Loyal Customer,54,Business Travel,Business,2190,3,3,3,3,3,5,5,5,5,5,5,5,5,4.23,0,0,TRUE
Female,Loyal Customer,43,Business Travel,Business,3897,2,2,2,2,4,4,4,5,5,5,5,4,5,3.77,12,0,TRUE
Female,Disloyal Customer,20,Business Travel,Eco,290,3,0,3,1,5,3,5,5,1,2,4,3,5,3.08,0,0,FALSE
Male,Loyal Customer,55,Business Travel,Business,1592,4,4,4,4,3,3,5,4,4,4,4,4,5,4,0,0,TRUE
Male,Loyal Customer,7,Business Travel,Business,723,2,1,2,1,2,3,2,2,3,3,3,1,2,2.08,1,11,FALSE
Female,Loyal Customer,47,Business Travel,Business,3232,3,4,4,4,2,3,4,3,3,3,3,4,1,3.15,0,0,FALSE
Male,Loyal Customer,65,Personal Travel,Eco,448,2,1,2,3,5,2,5,5,2,4,3,3,5,3.23,11,28,FALSE
Male,Loyal Customer,56,Business Travel,Business,3373,5,5,5,5,2,5,4,5,5,5,5,4,3,4.46,21,42,TRUE
Female,Loyal Customer,14,Personal Travel,Eco,451,2,1,2,3,2,2,2,2,4,3,3,3,2,2.38,0,6,FALSE
Female,Disloyal Customer,25,Business Travel,Business,1080,2,5,2,5,2,2,4,2,3,5,4,4,2,3.23,0,0,FALSE
Male,Loyal Customer,26,Business Travel,Eco,164,5,2,4,4,5,5,5,5,2,2,3,1,5,3.69,0,0,TRUE
Male,Loyal Customer,47,Business Travel,Business,177,2,4,4,4,1,3,3,3,3,3,2,4,4,3.08,0,0,FALSE
Female,Disloyal Customer,39,Business Travel,Business,327,3,3,3,2,2,3,2,2,4,4,3,2,2,2.69,21,20,FALSE
Female,Loyal Customer,10,Personal Travel,Eco,1013,1,3,1,4,4,1,4,4,4,3,4,4,4,3.15,0,0,FALSE
Male,Disloyal Customer,30,Business Travel,Business,272,3,3,3,1,1,3,1,1,5,1,2,4,1,2.23,11,0,FALSE
Female,Loyal Customer,29,Business Travel,Business,2415,5,1,1,1,5,4,5,5,4,2,3,4,5,3.46,22,17,FALSE
Female,Loyal Customer,22,Personal Travel,Eco,1119,2,4,2,5,2,2,2,2,4,4,5,4,2,3.08,4,0,FALSE
Male,Loyal Customer,60,Personal Travel,Eco,328,2,5,3,1,3,3,3,3,5,5,4,5,3,3.46,13,10,FALSE
Female,Loyal Customer,63,Personal Travel,Eco,674,4,4,4,1,4,5,5,1,1,4,1,4,4,3.23,0,0,FALSE
Male,Loyal Customer,42,Business Travel,Business,2211,1,1,1,1,3,2,2,3,3,3,1,4,1,2,56,51,FALSE
Female,Loyal Customer,56,Business Travel,Business,453,5,5,5,5,2,5,5,4,4,4,4,5,3,4.31,0,0,TRUE
Female,Loyal Customer,61,Personal Travel,Eco,677,2,4,2,4,4,3,4,5,5,2,5,4,2,3.54,28,23,FALSE
Male,Loyal Customer,30,Personal Travel,Eco,1096,1,1,1,3,1,1,1,2,3,4,3,1,1,1.77,179,166,FALSE
Female,Loyal Customer,67,Personal Travel,Eco,626,3,4,3,3,4,4,4,2,2,3,2,5,3,3.23,0,0,FALSE
Male,Loyal Customer,55,Business Travel,Business,312,1,1,4,1,4,4,5,4,4,4,4,4,5,3.46,77,80,TRUE
Female,Loyal Customer,47,Business Travel,Business,2075,3,3,3,3,4,5,5,4,4,4,4,3,4,3.77,0,8,TRUE
Female,Loyal Customer,24,Personal Travel,Eco,516,3,3,3,2,1,3,1,1,2,1,3,2,1,2,34,26,FALSE
Male,Loyal Customer,19,Business Travel,Business,2206,3,3,3,3,3,3,3,3,3,4,3,2,3,3,81,72,FALSE
Female,Loyal Customer,40,Business Travel,Business,3184,3,3,3,3,2,4,5,4,4,4,5,4,3,3.62,0,0,TRUE
Male,Disloyal Customer,39,Business Travel,Business,859,5,4,4,4,2,4,2,2,5,2,5,5,2,3.54,0,0,TRUE
Female,Loyal Customer,66,Personal Travel,Eco,140,5,2,5,4,5,4,4,2,2,5,2,2,1,3.31,0,0,TRUE
Female,Disloyal Customer,38,Business Travel,Eco,372,2,2,3,2,1,3,1,1,3,1,1,2,1,1.77,0,4,FALSE
Male,Loyal Customer,47,Business Travel,Eco,241,4,1,1,1,4,4,4,4,4,2,3,4,4,3.08,0,0,TRUE
Female,Loyal Customer,56,Business Travel,Business,404,4,4,4,4,2,4,4,4,4,4,4,3,3,3.69,4,0,TRUE
Female,Loyal Customer,65,Personal Travel,Eco,1013,2,2,2,4,2,4,4,4,4,2,4,1,1,2.77,0,0,FALSE
Female,Loyal Customer,36,Personal Travel,Eco,447,2,4,2,1,1,2,1,1,4,3,4,5,1,2.38,0,0,FALSE
Male,Loyal Customer,34,Business Travel,Business,397,5,5,5,5,2,5,4,4,4,4,4,3,4,4.15,17,14,TRUE
Male,Loyal Customer,39,Business Travel,Business,3825,2,2,3,2,4,4,5,4,4,5,4,4,4,3.62,12,7,TRUE
Male,Loyal Customer,52,Business Travel,Eco,990,2,4,4,4,2,2,2,2,3,1,3,2,2,2.54,45,101,FALSE
Female,Loyal Customer,51,Business Travel,Business,1981,3,3,3,3,3,4,5,5,5,5,5,5,3,4,6,10,TRUE
Male,Loyal Customer,80,Business Travel,Eco,460,2,3,3,3,2,2,2,2,1,2,4,3,2,2.38,22,9,FALSE
Male,Loyal Customer,53,Business Travel,Business,326,1,1,1,1,1,5,5,4,4,4,4,5,4,3.08,2,6,TRUE
Female,Loyal Customer,27,Business Travel,Eco Plus,835,2,3,3,3,2,2,2,2,3,4,3,3,2,2.62,15,2,FALSE
Male,Disloyal Customer,37,Business Travel,Eco,315,2,3,2,3,5,2,3,5,1,3,3,2,5,3,0,0,FALSE
Male,Loyal Customer,48,Business Travel,Eco,404,3,2,2,2,3,3,3,3,4,5,2,3,3,2.92,0,18,FALSE
Male,Disloyal Customer,22,Business Travel,Eco,216,2,5,1,2,2,1,2,2,2,4,1,2,2,2.15,0,0,FALSE
Female,Loyal Customer,41,Business Travel,Business,2539,1,1,1,1,5,4,4,4,4,4,4,4,5,3.23,0,0,TRUE
Male,Loyal Customer,69,Personal Travel,Eco Plus,588,2,5,2,3,2,2,2,2,5,2,4,3,2,2.77,7,0,FALSE
Female,Loyal Customer,28,Personal Travel,Eco,350,3,4,3,1,5,3,5,5,5,4,5,3,5,3.92,0,0,FALSE
Female,Loyal Customer,11,Personal Travel,Eco,483,2,4,2,1,4,2,3,4,4,4,4,4,4,3.23,22,16,FALSE
Male,Loyal Customer,22,Business Travel,Eco Plus,986,3,5,5,5,3,3,2,3,1,1,4,1,3,3,126,119,FALSE
Female,Loyal Customer,9,Personal Travel,Eco,1056,4,4,4,1,3,4,2,3,4,5,4,4,3,3.46,70,50,FALSE
Male,Loyal Customer,48,Business Travel,Eco,201,1,3,3,3,1,1,1,1,3,4,3,1,1,2,47,42,FALSE
Male,Loyal Customer,43,Personal Travel,Eco,854,1,3,1,2,3,1,3,3,2,2,3,3,3,2.31,34,19,FALSE
Male,Loyal Customer,35,Personal Travel,Eco,1797,2,5,2,3,4,2,4,4,3,4,3,5,4,3.46,3,0,FALSE
Male,Loyal Customer,48,Business Travel,Business,3948,5,5,5,5,4,4,5,5,5,5,5,4,5,4.77,0,0,TRUE
Male,Loyal Customer,36,Personal Travel,Eco Plus,679,3,3,3,5,1,3,1,1,3,4,1,2,1,2.38,0,0,FALSE
Male,Loyal Customer,42,Business Travel,Eco,1995,2,4,4,4,2,2,2,2,3,2,3,3,2,2.69,0,3,FALSE
Male,Loyal Customer,61,Personal Travel,Eco,502,5,5,5,1,5,5,5,5,3,2,5,5,5,4.31,0,3,TRUE
Female,Disloyal Customer,30,Business Travel,Eco,147,3,1,3,3,1,3,1,1,1,3,4,2,1,2.08,0,0,FALSE
Female,Loyal Customer,35,Personal Travel,Eco,425,2,0,2,1,1,2,1,1,5,3,5,3,1,2.08,27,18,FALSE
Female,Loyal Customer,11,Personal Travel,Eco Plus,536,3,5,3,1,3,5,5,3,2,5,4,5,5,3.77,165,179,FALSE
Female,Loyal Customer,26,Personal Travel,Eco,140,1,0,1,1,1,1,1,1,4,3,5,5,1,1.92,0,0,FALSE
Female,Loyal Customer,41,Personal Travel,Eco,792,4,4,5,3,5,5,5,5,4,5,5,4,5,4.54,7,16,FALSE
Female,Loyal Customer,35,Business Travel,Eco,500,4,4,3,3,4,4,4,4,5,4,4,3,4,3.85,11,0,TRUE
Male,Loyal Customer,34,Business Travel,Eco,377,2,2,5,5,2,2,2,2,3,1,3,2,2,2.54,24,21,FALSE
Male,Disloyal Customer,29,Business Travel,Business,130,1,1,1,1,2,1,2,2,4,3,5,3,2,2.15,0,3,FALSE
Female,Loyal Customer,7,Personal Travel,Eco Plus,630,1,2,1,3,5,1,3,5,3,3,4,3,5,3,0,0,FALSE
Male,Loyal Customer,37,Business Travel,Business,1464,3,3,3,3,3,5,4,4,4,5,4,5,3,3.77,0,6,TRUE
Male,Loyal Customer,66,Personal Travel,Eco,1127,1,4,1,2,4,1,4,4,4,3,5,3,4,3.08,0,0,FALSE
Female,Loyal Customer,54,Personal Travel,Eco,937,3,4,3,4,3,4,4,2,2,3,2,4,1,3,47,32,FALSE
Female,Loyal Customer,45,Business Travel,Business,525,3,4,3,3,5,4,5,5,5,5,5,3,3,4.08,19,31,TRUE
Male,Disloyal Customer,26,Business Travel,Business,1389,1,1,1,1,3,1,3,3,3,2,5,5,3,2.46,57,80,FALSE
Male,Loyal Customer,48,Personal Travel,Eco,503,3,3,1,4,3,1,3,3,4,3,4,3,3,2.92,25,27,FALSE
Female,Loyal Customer,44,Personal Travel,Eco,907,3,1,4,3,3,2,3,3,3,4,3,1,3,2.77,0,1,FALSE
Male,Loyal Customer,65,Personal Travel,Eco,368,2,5,2,3,3,2,3,3,5,5,5,2,3,3.31,0,0,FALSE
Male,Loyal Customer,46,Business Travel,Eco,308,5,1,1,1,5,5,5,5,3,2,5,5,5,3.69,0,0,TRUE
Female,Loyal Customer,35,Business Travel,Business,2121,1,5,5,5,3,3,2,1,1,1,1,4,3,2.69,35,82,FALSE
Female,Loyal Customer,44,Personal Travel,Eco,2296,4,4,4,3,3,3,5,2,2,4,2,4,4,3.38,23,13,FALSE
Female,Loyal Customer,43,Personal Travel,Eco,1635,4,4,4,4,5,3,4,1,1,4,1,5,4,3.38,0,0,FALSE
Male,Loyal Customer,52,Business Travel,Business,2586,2,2,2,2,3,3,5,2,2,2,2,3,5,2.69,88,64,TRUE
Male,Disloyal Customer,22,Business Travel,Eco,594,3,0,3,3,2,3,2,2,5,4,5,3,2,2.85,18,25,FALSE
Male,Loyal Customer,52,Business Travel,Eco,1448,5,4,3,4,5,5,5,5,3,3,5,4,5,4.31,0,0,TRUE
Female,Loyal Customer,34,Personal Travel,Eco,236,4,2,0,4,5,0,5,5,3,3,4,1,5,3.15,56,44,FALSE
Male,Disloyal Customer,49,Business Travel,Eco,1205,1,1,1,3,5,1,5,5,4,1,2,1,5,2.69,58,49,FALSE
Male,Disloyal Customer,23,Business Travel,Eco,528,5,0,5,1,2,5,2,2,4,4,4,3,2,3,0,25,TRUE
Female,Disloyal Customer,23,Business Travel,Eco,508,4,4,4,1,3,4,3,3,3,4,3,4,3,3.31,0,0,TRUE
Male,Loyal Customer,66,Business Travel,Business,994,1,0,0,3,3,3,4,1,1,0,1,2,4,1.77,0,0,FALSE
Male,Disloyal Customer,24,Business Travel,Eco,453,3,0,3,2,3,3,3,3,3,2,5,5,3,2.92,0,0,FALSE
Female,Loyal Customer,55,Business Travel,Business,1727,1,1,3,1,3,4,3,1,1,1,1,1,3,1.85,0,0,FALSE
Male,Loyal Customer,14,Personal Travel,Eco,449,5,5,5,1,1,5,1,1,5,2,4,4,1,3.08,1,0,TRUE
Female,Loyal Customer,43,Personal Travel,Eco,2475,4,4,4,2,4,5,5,1,3,5,5,5,5,4,0,0,FALSE
Female,Loyal Customer,60,Personal Travel,Eco,1037,2,4,2,1,3,5,4,4,4,2,4,4,3,3.23,23,14,FALSE
Female,Disloyal Customer,37,Business Travel,Eco,850,4,4,4,2,5,4,5,5,4,5,1,1,5,3.77,0,12,FALSE
Female,Loyal Customer,31,Business Travel,Eco,1620,5,1,1,1,5,5,5,5,3,4,5,3,5,3.69,15,38,TRUE
Female,Loyal Customer,46,Personal Travel,Eco,1754,4,4,4,4,1,4,4,3,3,4,3,4,4,3.54,0,7,TRUE
Female,Loyal Customer,54,Business Travel,Eco,268,4,3,3,3,2,2,3,4,4,4,4,1,4,3.15,58,55,TRUE
Female,Loyal Customer,49,Business Travel,Business,3793,4,4,2,4,3,5,1,5,5,5,5,4,4,3.92,25,16,TRUE
Male,Loyal Customer,11,Personal Travel,Eco Plus,602,3,4,3,4,1,3,1,1,4,4,4,2,1,2.69,0,0,FALSE
Female,Loyal Customer,48,Business Travel,Business,2681,2,3,2,2,1,4,4,5,5,5,5,5,4,3.62,0,0,TRUE
Female,Loyal Customer,34,Business Travel,Business,2434,1,1,1,1,5,4,4,4,3,3,5,4,4,3.08,19,8,TRUE
Male,Loyal Customer,49,Business Travel,Business,2125,2,3,1,3,2,4,3,2,2,2,2,4,1,2.38,0,0,FALSE
Male,Loyal Customer,41,Personal Travel,Eco,73,1,3,1,1,3,1,3,3,5,1,4,2,3,2.38,4,0,FALSE
Male,Loyal Customer,47,Business Travel,Business,1258,3,3,3,3,2,5,4,4,4,4,4,5,5,3.77,0,0,TRUE
Male,Loyal Customer,29,Business Travel,Business,2630,2,2,2,2,4,5,4,4,5,5,4,4,4,3.62,0,0,TRUE
Female,Loyal Customer,40,Business Travel,Business,1846,5,5,5,5,4,5,4,4,4,4,4,4,5,4.46,10,6,TRUE
Male,Disloyal Customer,29,Business Travel,Business,1116,4,4,4,4,2,4,2,2,3,2,5,5,2,3.31,0,0,TRUE
Male,Loyal Customer,64,Personal Travel,Eco,895,1,5,1,1,4,1,4,4,4,4,4,4,4,3.15,1,0,FALSE
Female,Loyal Customer,48,Business Travel,Business,675,5,5,5,5,2,4,5,4,4,4,4,5,3,4.23,18,12,TRUE
Female,Loyal Customer,57,Business Travel,Business,432,2,2,2,2,3,5,5,4,4,4,4,3,3,3.31,0,0,TRUE
Male,Loyal Customer,7,Personal Travel,Eco,1276,4,4,4,2,3,4,3,3,3,5,5,4,3,3.62,0,0,TRUE
Male,Disloyal Customer,29,Business Travel,Eco Plus,828,3,3,3,5,1,3,2,1,5,2,2,2,1,2.54,0,3,FALSE
Male,Loyal Customer,46,Business Travel,Business,1970,2,2,2,2,5,4,5,5,5,5,5,3,4,3.77,0,0,TRUE
Female,Loyal Customer,24,Business Travel,Business,522,5,5,4,5,2,3,2,2,4,5,3,5,2,3.62,35,15,TRUE
Female,Loyal Customer,25,Business Travel,Eco Plus,235,2,2,2,2,2,2,2,2,2,2,3,3,2,2.15,0,0,FALSE
Male,Loyal Customer,49,Business Travel,Business,2538,3,3,3,3,4,5,5,4,4,5,4,3,5,3.92,0,1,TRUE
Male,Disloyal Customer,24,Business Travel,Eco,386,3,0,3,3,4,3,4,4,5,4,5,5,4,3.62,0,0,FALSE
Male,Loyal Customer,52,Business Travel,Business,599,2,2,2,2,5,5,4,5,5,5,5,5,5,4,3,2,TRUE
Male,Loyal Customer,37,Business Travel,Business,2833,1,1,1,1,5,4,5,4,4,4,4,5,3,3.23,9,4,TRUE
Male,Loyal Customer,23,Business Travel,Business,2845,3,2,4,4,3,3,3,1,3,2,3,3,3,2.85,0,14,FALSE
Female,Loyal Customer,44,Business Travel,Business,563,1,1,1,1,3,4,5,2,2,3,2,2,3,2.31,4,0,TRUE
Male,Disloyal Customer,30,Business Travel,Eco,1464,4,4,4,1,3,4,3,3,2,5,3,3,3,3.23,14,5,FALSE
Male,Loyal Customer,52,Business Travel,Business,2391,1,1,4,1,4,5,5,5,5,5,5,4,5,3.85,17,10,TRUE
Female,Loyal Customer,39,Business Travel,Business,1547,4,4,4,4,2,4,4,5,5,5,5,3,5,4.15,0,0,TRUE
Male,Loyal Customer,52,Business Travel,Business,3791,3,3,3,3,4,1,4,5,5,5,5,4,4,3.77,0,0,TRUE
Male,Loyal Customer,17,Personal Travel,Eco,733,1,1,1,3,4,1,4,4,2,1,3,4,4,2.54,0,21,FALSE
Female,Loyal Customer,37,Business Travel,Eco,1262,2,2,2,2,2,2,2,2,1,2,5,3,2,2.23,0,0,TRUE
Male,Loyal Customer,8,Personal Travel,Business,1121,1,4,1,2,5,1,3,5,4,3,5,3,5,3.23,0,7,FALSE
Male,Loyal Customer,53,Personal Travel,Eco,1005,2,1,2,2,1,2,1,1,2,4,3,1,1,1.77,0,0,FALSE
Male,Loyal Customer,35,Personal Travel,Eco,1142,3,5,3,2,5,3,4,5,5,3,4,2,5,3.77,0,0,FALSE
Female,Loyal Customer,40,Personal Travel,Eco,946,2,1,2,4,4,2,4,4,1,2,4,1,4,2.69,6,0,FALSE
Female,Loyal Customer,54,Personal Travel,Eco,201,3,5,3,3,4,3,5,2,2,3,2,5,5,3.46,3,3,FALSE
Male,Loyal Customer,50,Business Travel,Business,2475,2,2,2,2,4,5,5,5,2,5,4,5,5,3.69,10,16,TRUE
Male,Loyal Customer,25,Business Travel,Eco,541,2,4,4,4,2,3,3,2,1,5,3,4,2,3,3,15,FALSE
Male,Loyal Customer,55,Business Travel,Business,2093,1,1,1,1,4,5,5,4,4,4,4,3,5,3.23,32,7,TRUE
Male,Loyal Customer,39,Personal Travel,Eco,296,2,3,1,4,2,1,5,2,2,2,3,3,2,2.46,1,8,FALSE
Female,Disloyal Customer,38,Business Travel,Eco,250,2,1,2,4,5,2,5,5,4,4,3,4,5,3.54,0,0,FALSE
Female,Loyal Customer,38,Business Travel,Business,2173,1,1,3,1,3,5,1,4,4,4,4,3,1,2.69,10,0,TRUE
Male,Loyal Customer,55,Business Travel,Eco,990,4,5,5,5,4,4,4,4,3,3,3,3,4,3.92,5,0,FALSE
Male,Loyal Customer,67,Personal Travel,Eco Plus,189,3,5,3,3,4,3,3,4,3,3,5,3,4,3.54,28,23,FALSE
Male,Loyal Customer,68,Personal Travel,Eco,409,2,5,2,2,5,2,5,5,5,5,4,3,5,3.85,0,0,FALSE
Female,Loyal Customer,45,Business Travel,Business,2611,4,4,4,4,4,4,4,3,5,3,4,4,4,3.92,1,5,TRUE
Male,Loyal Customer,62,Business Travel,Business,3719,5,5,5,5,1,3,1,5,5,5,4,4,3,3.92,0,0,TRUE
Male,Loyal Customer,57,Business Travel,Business,2604,2,2,2,2,4,4,5,5,5,5,5,3,4,3.69,0,0,TRUE
Male,Loyal Customer,54,Business Travel,Eco,323,4,3,3,3,4,4,4,4,4,2,2,5,4,3.54,0,0,TRUE
Male,Loyal Customer,62,Business Travel,Business,2999,2,2,2,2,5,4,4,4,4,4,4,4,4,3.46,0,7,TRUE
Male,Loyal Customer,56,Business Travel,Business,3074,0,0,0,2,4,4,4,5,5,2,2,2,4,2.62,0,0,TRUE
Male,Loyal Customer,38,Business Travel,Business,3867,5,5,1,5,4,5,5,4,4,4,4,4,3,4.08,0,13,TRUE
Male,Disloyal Customer,22,Business Travel,Business,770,4,0,4,3,1,4,1,1,5,4,4,3,1,2.69,0,0,TRUE
Male,Loyal Customer,39,Personal Travel,Business,650,2,3,2,3,1,1,1,5,5,2,5,1,4,2.69,0,1,FALSE
Male,Loyal Customer,49,Business Travel,Business,1506,4,4,2,4,4,4,5,4,4,4,4,4,4,3.92,0,0,TRUE
Female,Loyal Customer,24,Business Travel,Business,1047,1,5,2,5,1,1,1,1,3,1,3,3,1,2.15,22,20,FALSE
Female,Loyal Customer,42,Business Travel,Business,1708,3,3,3,3,5,5,5,2,2,3,2,5,5,3.54,0,0,TRUE
Male,Loyal Customer,11,Personal Travel,Eco,1814,2,5,2,3,4,2,4,4,3,3,4,3,4,3.31,5,0,FALSE
Female,Loyal Customer,40,Business Travel,Business,444,3,5,5,5,2,2,2,3,3,3,3,4,2,3.23,13,4,FALSE
Female,Loyal Customer,69,Personal Travel,Eco,1188,2,5,2,1,4,3,4,4,4,2,4,5,5,3.46,9,18,FALSE
Male,Loyal Customer,58,Personal Travel,Business,812,4,1,4,4,3,3,4,2,2,4,2,4,1,2.92,0,0,TRUE
Male,Loyal Customer,30,Business Travel,Business,3431,2,2,2,2,4,4,4,4,4,4,4,4,4,3.38,0,0,TRUE
Female,Loyal Customer,44,Business Travel,Business,2258,1,1,1,1,2,4,4,4,4,4,4,3,4,2.85,0,0,TRUE
Female,Loyal Customer,22,Personal Travel,Eco,1371,3,4,3,1,5,3,5,5,3,3,4,5,5,3.77,0,0,FALSE
Female,Loyal Customer,41,Business Travel,Business,302,4,4,4,4,2,5,5,4,4,4,4,5,4,4.08,30,64,TRUE
Male,Loyal Customer,46,Business Travel,Business,1612,1,1,1,1,2,4,5,5,5,5,5,4,5,3.38,0,0,TRUE
Male,Loyal Customer,44,Business Travel,Business,1685,1,1,1,1,3,4,5,5,5,5,4,3,4,3.23,0,0,TRUE
Male,Loyal Customer,45,Business Travel,Business,2475,3,5,5,5,3,3,3,2,5,4,4,3,3,3.69,171,164,FALSE
Male,Loyal Customer,24,Business Travel,Business,3820,2,1,1,1,2,2,2,2,4,1,3,1,2,1.85,13,17,FALSE
Male,Loyal Customer,45,Business Travel,Eco,627,4,1,1,1,4,4,4,1,2,2,3,4,4,2.69,167,168,FALSE
Female,Loyal Customer,39,Business Travel,Business,1914,2,2,2,2,5,5,4,4,4,4,4,4,4,3.54,0,0,TRUE
Female,Loyal Customer,40,Business Travel,Business,2611,1,1,1,1,5,5,5,4,4,5,5,5,5,3.62,14,6,TRUE
Male,Disloyal Customer,30,Business Travel,Eco,889,4,4,4,1,3,4,3,3,2,1,3,3,3,2.92,24,0,FALSE
Female,Disloyal Customer,28,Business Travel,Business,1726,5,5,5,4,5,5,5,5,4,5,4,5,5,4.77,0,0,TRUE
Male,Loyal Customer,16,Business Travel,Business,2704,4,4,4,4,4,4,4,4,2,3,5,4,4,3.85,2,0,TRUE
Male,Loyal Customer,65,Personal Travel,Business,817,3,5,3,1,5,5,4,4,4,3,4,4,5,3.85,0,3,FALSE
Female,Disloyal Customer,25,Business Travel,Business,762,1,0,1,1,1,1,1,1,4,2,4,4,1,1.69,0,0,FALSE
Male,Loyal Customer,36,Business Travel,Business,844,1,1,1,1,2,1,3,4,4,4,4,4,2,2.46,0,0,TRUE
Male,Loyal Customer,45,Business Travel,Business,2969,1,1,1,1,5,4,5,4,4,4,4,5,4,3.31,36,48,TRUE
Female,Loyal Customer,63,Business Travel,Eco,746,2,2,2,2,4,2,3,2,2,2,2,2,2,2.23,35,20,FALSE
Female,Disloyal Customer,31,Business Travel,Eco,1123,2,2,2,3,1,2,1,1,2,2,4,2,1,1.92,0,0,FALSE
Female,Loyal Customer,47,Business Travel,Business,3752,1,4,4,4,2,3,4,1,1,1,1,1,1,2.15,9,95,FALSE
Female,Loyal Customer,42,Personal Travel,Eco,370,4,5,4,2,1,3,2,3,3,4,3,5,4,3.31,0,0,FALSE
Female,Loyal Customer,44,Personal Travel,Eco,725,4,2,4,4,3,4,4,3,3,4,3,3,1,3.23,0,0,FALSE
Male,Disloyal Customer,25,Business Travel,Business,373,2,0,2,2,5,2,3,5,4,5,5,3,5,3.31,0,0,FALSE
Male,Loyal Customer,27,Personal Travel,Eco,991,4,4,4,3,4,4,4,4,4,4,4,3,4,3.85,106,102,FALSE
Male,Loyal Customer,60,Business Travel,Eco Plus,116,3,2,2,2,3,3,3,3,4,3,3,4,3,2.92,1,0,FALSE
Male,Disloyal Customer,42,Business Travel,Business,975,5,4,4,3,1,5,1,1,3,3,3,5,1,3,0,30,TRUE
Male,Loyal Customer,50,Business Travel,Business,528,4,4,4,4,3,5,4,4,4,4,4,4,3,3.92,43,37,TRUE
Male,Disloyal Customer,18,Business Travel,Eco,282,4,4,5,3,4,5,4,4,2,5,3,1,4,3.69,0,0,FALSE
Male,Loyal Customer,41,Business Travel,Business,1346,3,3,3,3,4,5,5,5,5,5,5,4,4,4.15,0,0,TRUE
Female,Loyal Customer,51,Business Travel,Business,1444,4,4,4,4,2,5,4,5,5,5,5,4,5,4.31,0,0,TRUE
Male,Loyal Customer,45,Personal Travel,Eco,1919,2,5,2,3,5,2,5,5,5,5,5,4,5,4.08,5,0,FALSE
Male,Loyal Customer,9,Personal Travel,Business,541,1,5,1,5,3,1,3,3,3,2,2,1,3,2.54,117,119,FALSE
Male,Disloyal Customer,21,Business Travel,Eco,308,5,0,5,3,1,5,5,1,2,4,2,4,1,2.92,0,0,TRUE
Female,Loyal Customer,37,Business Travel,Business,764,4,4,4,4,2,4,5,5,5,5,5,3,5,4.23,0,0,TRUE
Male,Loyal Customer,59,Business Travel,Eco,304,3,5,5,5,3,3,3,3,1,1,3,4,3,3.23,4,0,FALSE
Male,Loyal Customer,14,Personal Travel,Eco,501,2,4,2,1,4,2,4,4,5,5,5,4,4,3.54,0,12,FALSE
Female,Loyal Customer,56,Business Travel,Eco,842,4,5,1,5,4,1,5,4,4,4,4,4,3,3.69,0,0,TRUE
Female,Loyal Customer,22,Personal Travel,Eco,255,2,4,2,3,4,2,5,4,1,4,2,3,4,3.08,13,4,FALSE
Female,Loyal Customer,71,Business Travel,Business,366,2,3,3,3,3,3,3,2,2,2,2,4,3,2.69,0,0,FALSE
Female,Loyal Customer,21,Business Travel,Business,2497,2,2,2,2,5,5,4,5,4,4,4,3,5,3.62,0,0,TRUE
Female,Loyal Customer,13,Personal Travel,Eco,2153,5,5,5,1,4,5,4,4,2,5,5,4,4,4.08,0,0,TRUE
Female,Loyal Customer,40,Business Travel,Business,3229,1,1,1,1,3,4,3,1,1,1,1,2,2,1.69,11,1,FALSE
Male,Loyal Customer,20,Personal Travel,Eco,631,2,5,2,2,2,2,2,2,1,1,4,2,2,2.23,0,0,FALSE
Female,Loyal Customer,47,Business Travel,Business,2431,2,2,2,2,2,5,4,4,4,4,4,3,3,3.15,0,0,TRUE
Female,Loyal Customer,22,Business Travel,Business,475,5,5,5,5,4,3,4,4,2,2,4,1,4,3.69,0,0,TRUE
Female,Loyal Customer,53,Business Travel,Business,2554,4,4,5,4,5,5,4,5,5,5,5,5,3,4.54,16,0,TRUE
Female,Loyal Customer,54,Business Travel,Eco Plus,306,3,3,3,3,4,3,4,3,3,3,3,1,1,2.85,0,0,FALSE
Male,Loyal Customer,22,Business Travel,Eco,644,3,1,1,1,3,3,1,3,2,3,3,1,3,2.15,7,10,FALSE
Male,Loyal Customer,59,Business Travel,Business,190,3,3,3,3,4,3,3,2,2,2,3,3,3,2.85,1,3,FALSE
Male,Disloyal Customer,21,Business Travel,Eco,89,2,2,2,3,1,2,1,1,3,4,3,3,1,2.15,0,2,FALSE
Female,Loyal Customer,24,Business Travel,Business,3871,2,3,3,3,2,3,2,2,2,1,4,3,2,2.46,0,0,FALSE
Male,Loyal Customer,52,Personal Travel,Eco,759,4,5,4,2,2,4,2,2,4,3,5,5,2,3.38,2,0,FALSE
Male,Loyal Customer,51,Business Travel,Eco Plus,842,5,4,4,4,5,5,5,5,3,3,1,5,5,4.15,47,35,TRUE
Female,Loyal Customer,67,Business Travel,Business,3850,4,5,5,5,1,2,2,4,4,4,4,4,4,3.69,67,70,FALSE
Male,Loyal Customer,53,Business Travel,Business,3062,1,1,1,1,2,5,4,4,4,4,4,3,3,2.85,41,44,TRUE
Female,Loyal Customer,50,Personal Travel,Eco Plus,337,3,3,3,3,1,1,1,3,3,3,3,4,5,2.77,43,29,FALSE
Male,Loyal Customer,11,Personal Travel,Eco,1947,4,5,4,2,3,4,5,3,4,3,3,3,3,3.54,14,0,FALSE
Male,Loyal Customer,51,Business Travel,Business,2129,2,2,2,2,5,5,4,5,5,5,5,5,5,4,0,0,TRUE
Male,Loyal Customer,70,Personal Travel,Eco,403,4,5,4,3,4,4,4,4,3,2,5,4,4,3.85,0,0,FALSE
Female,Loyal Customer,32,Personal Travel,Eco,696,0,4,0,1,2,0,2,2,5,3,5,3,2,2.23,0,0,TRUE
Male,Loyal Customer,47,Personal Travel,Eco Plus,237,2,4,2,2,1,2,1,1,5,2,4,4,1,2.38,0,0,FALSE
Female,Disloyal Customer,22,Business Travel,Eco,190,4,2,4,3,4,4,4,4,2,4,4,2,4,3.46,0,0,FALSE
Female,Disloyal Customer,47,Business Travel,Business,89,2,2,2,5,4,2,2,4,3,5,4,4,4,3.31,0,0,FALSE
Male,Loyal Customer,46,Business Travel,Business,279,5,5,5,5,5,5,5,5,5,5,5,4,4,4.85,0,0,TRUE
Female,Loyal Customer,49,Personal Travel,Eco,601,5,4,5,2,1,1,4,5,5,5,5,3,4,3.77,0,0,TRUE
Male,Loyal Customer,19,Business Travel,Business,2990,2,1,3,1,2,2,2,2,1,4,3,2,2,2.08,0,0,FALSE
Male,Loyal Customer,46,Personal Travel,Eco,783,1,4,1,3,2,1,2,2,4,3,5,5,2,2.69,0,0,FALSE
Male,Loyal Customer,44,Business Travel,Business,1754,4,4,4,4,3,5,4,5,5,5,5,4,2,4.15,0,29,TRUE
Male,Loyal Customer,29,Business Travel,Business,2928,5,5,5,5,5,4,5,5,5,1,1,5,5,4.31,0,0,TRUE
Female,Loyal Customer,47,Personal Travel,Eco,416,3,2,3,4,2,4,4,1,1,3,3,3,3,2.77,22,14,FALSE
Male,Loyal Customer,61,Personal Travel,Eco Plus,1199,2,5,2,1,2,2,2,2,3,4,1,1,2,2.23,4,31,FALSE
Male,Loyal Customer,47,Business Travel,Eco,996,5,1,1,1,5,5,5,5,4,2,2,2,5,3.31,80,54,TRUE
Female,Loyal Customer,65,Personal Travel,Eco,463,3,4,3,1,5,5,5,1,1,3,5,3,4,3.31,0,7,FALSE
Male,Loyal Customer,50,Business Travel,Business,2486,2,1,2,2,4,4,4,5,3,3,4,4,4,3.23,34,23,TRUE
Female,Loyal Customer,47,Business Travel,Business,3598,0,0,0,1,5,4,4,2,2,2,2,5,4,2.38,20,26,TRUE
Male,Disloyal Customer,39,Business Travel,Eco,448,1,4,1,3,5,1,5,5,4,5,4,4,5,3.62,22,31,FALSE
Male,Loyal Customer,48,Business Travel,Business,937,5,5,5,5,2,4,5,4,4,4,4,4,4,4.23,14,8,TRUE
Female,Loyal Customer,45,Personal Travel,Eco,408,3,1,3,4,2,3,4,1,1,3,1,3,1,2.31,2,15,FALSE
Female,Loyal Customer,27,Business Travel,Business,2136,4,4,4,4,5,5,5,5,3,5,5,4,5,4.46,0,0,TRUE
Male,Loyal Customer,56,Business Travel,Business,3809,3,3,3,3,4,5,4,5,5,4,5,4,3,3.92,0,13,TRUE
Female,Loyal Customer,36,Personal Travel,Eco,590,3,5,3,3,2,3,2,2,5,2,5,3,2,3.08,0,0,FALSE
Female,Loyal Customer,54,Business Travel,Business,425,3,3,5,3,5,4,5,5,5,5,5,5,4,4.38,0,0,TRUE
Male,Loyal Customer,32,Business Travel,Business,2291,5,5,5,5,4,4,4,4,2,4,1,1,4,3.69,22,10,TRUE
Female,Loyal Customer,14,Personal Travel,Eco,2404,2,3,2,2,2,2,2,5,1,5,2,2,2,2.46,0,0,FALSE
Female,Loyal Customer,46,Business Travel,Eco,522,5,1,1,1,5,4,3,5,5,5,5,3,2,3.46,0,0,TRUE
Male,Loyal Customer,49,Personal Travel,Eco,216,3,0,3,5,5,3,5,5,3,3,5,1,5,3.54,0,0,FALSE
Male,Loyal Customer,41,Business Travel,Business,765,2,2,2,2,4,5,5,4,4,5,4,4,4,3.62,0,27,TRUE
Female,Loyal Customer,39,Business Travel,Business,3045,0,0,0,5,4,1,2,5,5,5,5,1,3,2.77,0,0,TRUE
Female,Loyal Customer,37,Business Travel,Business,280,0,0,0,3,5,5,5,5,5,2,2,3,4,3,0,7,TRUE
Female,Loyal Customer,59,Business Travel,Business,3959,3,3,5,3,5,4,4,2,2,2,2,4,4,3.31,5,49,TRUE
Male,Loyal Customer,36,Personal Travel,Business,954,4,5,4,4,3,5,5,2,2,4,3,5,5,3.92,0,5,TRUE
Female,Loyal Customer,78,Business Travel,Eco,129,4,2,2,2,4,1,2,4,4,4,4,3,4,3.08,0,0,TRUE
Male,Loyal Customer,55,Personal Travel,Eco,1028,2,5,2,3,3,2,5,3,3,2,4,4,3,3.15,19,8,FALSE
Female,Loyal Customer,53,Business Travel,Eco,554,3,3,3,3,3,4,3,3,3,3,3,1,2,2.85,0,0,FALSE
Female,Disloyal Customer,23,Business Travel,Eco,517,2,1,2,2,2,2,2,2,2,2,3,2,2,2,0,0,FALSE
Male,Loyal Customer,44,Business Travel,Business,2842,2,2,2,2,5,5,4,5,5,5,5,5,4,3.92,0,0,TRUE
Female,Loyal Customer,26,Personal Travel,Eco,1698,2,1,2,3,3,2,3,3,3,4,4,3,3,2.77,26,38,FALSE
Female,Loyal Customer,11,Personal Travel,Eco,423,2,2,2,4,2,1,1,2,3,3,4,1,1,2.15,186,184,FALSE
Male,Loyal Customer,47,Business Travel,Business,2341,4,3,3,3,1,3,4,4,4,4,4,4,4,3.46,0,8,FALSE
Male,Loyal Customer,48,Business Travel,Eco,1208,5,1,1,1,5,5,5,5,3,5,3,3,5,3.62,8,0,TRUE
Male,Loyal Customer,34,Business Travel,Business,3625,4,4,4,4,2,3,4,4,4,3,4,4,2,3.54,0,0,TRUE
Male,Disloyal Customer,21,Business Travel,Eco Plus,643,5,4,5,4,5,5,5,5,2,5,2,5,5,4.38,0,0,TRUE
Male,Loyal Customer,61,Personal Travel,Eco,1249,3,5,3,2,4,3,4,4,3,4,5,3,4,3.62,2,0,FALSE
Female,Loyal Customer,60,Business Travel,Business,1558,1,1,1,1,3,4,4,5,5,5,5,4,4,3.31,0,0,TRUE
Female,Disloyal Customer,25,Business Travel,Eco,209,3,0,3,3,3,3,3,3,3,4,5,2,3,2.92,0,0,FALSE
Male,Loyal Customer,57,Business Travel,Business,1914,4,4,4,4,3,5,4,5,5,5,5,3,4,4.23,0,0,TRUE
Male,Loyal Customer,53,Personal Travel,Eco,201,2,1,2,4,2,2,2,2,2,3,3,4,2,2.38,35,36,FALSE
Male,Loyal Customer,64,Business Travel,Business,989,2,4,4,4,1,4,4,2,2,2,2,2,3,2.77,10,4,FALSE
Female,Loyal Customer,48,Personal Travel,Eco Plus,393,2,1,2,4,1,3,4,5,5,2,5,1,3,2.92,3,0,FALSE
Female,Loyal Customer,39,Business Travel,Business,1400,2,2,2,2,3,5,5,5,5,5,5,3,5,3.77,0,0,TRUE
Female,Loyal Customer,21,Business Travel,Eco,1023,3,3,2,3,3,4,5,3,2,3,2,2,3,2.92,41,14,TRUE
Male,Disloyal Customer,34,Business Travel,Business,469,3,3,3,2,3,3,3,3,3,5,5,4,3,3.31,0,0,FALSE
Male,Loyal Customer,47,Business Travel,Business,2437,1,1,1,1,3,5,5,5,5,5,5,4,5,3.54,14,0,TRUE
Female,Disloyal Customer,48,Business Travel,Business,328,5,5,5,4,5,5,5,5,5,2,5,4,5,4.62,0,0,TRUE
Male,Disloyal Customer,11,Business Travel,Eco,864,3,3,3,3,2,3,2,2,3,5,4,2,2,2.85,34,37,FALSE
Male,Loyal Customer,40,Business Travel,Business,3324,3,1,3,3,2,3,1,4,4,4,4,5,5,3.23,10,0,TRUE
Male,Loyal Customer,41,Business Travel,Business,2069,4,4,3,4,3,4,5,4,4,4,4,5,4,4,51,51,TRUE
Female,Loyal Customer,50,Business Travel,Business,1765,4,4,1,4,5,5,5,4,4,4,4,5,5,4.15,0,0,TRUE
Male,Loyal Customer,47,Business Travel,Eco,566,3,4,4,4,3,3,3,3,4,1,3,4,3,3.23,0,0,FALSE
Male,Loyal Customer,49,Business Travel,Business,259,4,4,4,4,4,4,5,5,5,5,5,5,3,4.38,0,4,TRUE
Female,Loyal Customer,22,Personal Travel,Eco,956,3,5,3,1,4,3,4,4,4,5,4,5,4,3.77,2,0,FALSE
Female,Loyal Customer,31,Business Travel,Business,3790,5,5,4,5,5,5,5,5,4,5,3,4,5,4.62,0,8,TRUE
Female,Loyal Customer,39,Business Travel,Business,2981,2,2,2,2,2,5,5,4,4,4,4,5,5,3.54,0,0,TRUE
Male,Loyal Customer,55,Business Travel,Business,2679,3,2,2,2,4,2,2,3,3,3,3,3,3,2.69,2,1,FALSE
Female,Loyal Customer,43,Personal Travel,Eco,1797,4,4,4,1,4,3,4,5,5,4,5,5,3,3.92,33,15,FALSE
Female,Loyal Customer,30,Business Travel,Eco Plus,632,3,2,1,2,3,3,3,3,1,5,3,4,3,2.77,0,0,FALSE
Female,Disloyal Customer,28,Business Travel,Business,759,1,1,1,1,3,1,3,3,4,2,5,5,3,2.54,0,0,FALSE
Female,Loyal Customer,64,Personal Travel,Business,184,3,5,3,3,5,5,4,4,4,3,4,3,5,3.92,0,0,FALSE
Female,Loyal Customer,8,Personal Travel,Eco,1123,2,5,2,3,2,2,2,2,3,4,3,3,2,2.69,0,0,FALSE
Male,Disloyal Customer,22,Business Travel,Business,1389,5,0,5,3,3,5,3,3,3,4,4,3,3,3.38,3,2,TRUE
Female,Loyal Customer,16,Personal Travel,Eco,1276,1,5,1,4,3,1,3,3,3,5,3,5,3,3.08,14,0,FALSE
Male,Loyal Customer,60,Business Travel,Eco,147,4,3,5,5,4,4,4,4,4,4,1,1,4,3.62,46,50,TRUE
Female,Disloyal Customer,38,Business Travel,Business,457,4,4,4,4,2,4,2,2,3,2,5,4,2,3.23,9,8,TRUE
Male,Loyal Customer,27,Business Travel,Business,2936,3,5,4,5,3,3,3,3,1,5,3,2,3,3.31,10,0,FALSE
Male,Loyal Customer,33,Business Travel,Business,2294,5,5,5,5,4,4,4,4,4,4,5,2,4,4.23,0,0,TRUE
Male,Loyal Customer,51,Business Travel,Business,1521,1,1,1,1,5,5,4,4,4,4,4,5,3,3.23,0,1,TRUE
Male,Loyal Customer,39,Business Travel,Business,239,2,5,5,5,2,4,4,2,2,2,2,2,4,3.15,51,55,FALSE
Female,Loyal Customer,25,Business Travel,Business,1618,4,4,4,4,4,4,4,4,5,3,3,4,4,3.92,0,10,TRUE
Male,Loyal Customer,52,Personal Travel,Eco,551,2,4,2,5,3,2,3,3,5,1,2,4,3,3,4,0,FALSE
Male,Loyal Customer,36,Business Travel,Eco,1546,2,5,1,5,2,2,2,2,2,5,2,4,2,2.77,0,0,FALSE
Male,Disloyal Customer,25,Business Travel,Business,765,3,0,3,4,3,5,5,4,3,4,5,5,5,3.77,172,172,FALSE
Male,Disloyal Customer,27,Business Travel,Eco,503,3,5,3,3,3,3,3,3,4,3,3,4,3,3.31,0,0,FALSE
Female,Loyal Customer,31,Personal Travel,Eco Plus,236,3,3,3,5,3,3,3,3,3,2,2,5,3,3.15,0,5,FALSE
Female,Loyal Customer,40,Business Travel,Business,802,3,3,3,3,4,5,4,4,4,4,4,5,3,3.77,0,0,TRUE
Female,Loyal Customer,59,Personal Travel,Eco,781,2,5,2,4,5,4,5,1,1,2,2,4,5,3.23,1,0,FALSE
Female,Loyal Customer,32,Business Travel,Business,1674,3,3,3,3,3,3,3,3,2,5,4,4,3,3.23,0,0,FALSE
Female,Loyal Customer,56,Business Travel,Business,3644,4,2,2,2,4,4,4,2,4,3,4,4,4,3.31,108,153,FALSE
Male,Disloyal Customer,21,Business Travel,Eco,760,3,3,3,4,3,5,5,3,2,3,4,5,5,3.69,345,350,FALSE
Male,Loyal Customer,39,Personal Travel,Eco,1235,2,1,2,2,2,2,2,2,2,5,3,4,2,2.38,8,6,FALSE
Male,Disloyal Customer,60,Business Travel,Business,1144,1,1,1,3,3,1,3,3,4,1,2,4,3,2.31,73,81,FALSE
Male,Loyal Customer,42,Business Travel,Business,3065,2,1,1,1,1,4,4,2,2,1,2,2,4,2.08,0,11,FALSE
Male,Loyal Customer,31,Business Travel,Business,1754,4,4,4,4,5,5,5,5,4,5,5,5,5,4.62,0,0,TRUE
Female,Disloyal Customer,36,Business Travel,Eco,1065,4,4,4,2,5,4,5,5,4,4,1,1,5,3.69,0,0,FALSE
Female,Loyal Customer,38,Personal Travel,Eco,257,0,5,0,3,3,0,3,3,3,1,5,2,3,2.38,0,0,TRUE
Male,Disloyal Customer,21,Business Travel,Eco,895,1,0,0,3,2,0,2,2,3,3,5,4,2,2.08,1,0,FALSE
Male,Loyal Customer,44,Business Travel,Business,1575,2,1,2,2,2,4,4,3,3,4,3,5,5,3.08,0,0,TRUE
Female,Loyal Customer,44,Business Travel,Eco,214,4,3,3,3,4,5,1,4,4,4,4,5,3,3.62,6,0,TRUE
Male,Loyal Customer,34,Business Travel,Business,594,4,4,5,4,4,5,5,5,5,4,5,5,5,4.62,0,0,TRUE
Male,Disloyal Customer,32,Business Travel,Business,812,2,2,2,3,2,2,5,2,4,2,5,4,2,2.85,22,69,FALSE
Male,Loyal Customer,44,Business Travel,Business,3795,5,5,5,5,3,5,5,4,4,4,4,4,3,4.31,0,0,TRUE
Female,Loyal Customer,35,Business Travel,Eco,280,4,5,5,5,4,5,4,4,5,2,1,5,4,4.08,52,59,TRUE
Male,Loyal Customer,50,Personal Travel,Eco,1025,2,5,2,1,3,2,3,3,5,3,4,5,3,3.15,7,20,FALSE
Female,Loyal Customer,60,Personal Travel,Eco,419,4,5,5,4,4,2,4,2,2,5,2,4,3,3.54,0,12,FALSE
Female,Disloyal Customer,20,Business Travel,Business,1242,4,0,4,2,4,4,4,4,5,2,5,4,4,3.54,25,24,TRUE
Male,Loyal Customer,67,Business Travel,Business,2443,1,1,5,1,2,5,5,5,5,5,4,3,5,3.62,0,4,TRUE
Female,Disloyal Customer,14,Business Travel,Eco,978,3,3,3,4,4,3,5,4,1,1,4,4,4,3.31,0,0,FALSE
Male,Loyal Customer,62,Business Travel,Eco,757,2,3,3,3,2,2,2,2,1,2,3,2,2,2.23,0,0,FALSE
Male,Loyal Customer,55,Business Travel,Business,358,4,4,4,4,3,5,4,4,4,4,4,3,3,3.85,0,0,TRUE
Male,Disloyal Customer,26,Business Travel,Business,1045,1,1,1,5,4,1,4,4,3,5,5,3,4,3.15,0,0,FALSE
Male,Disloyal Customer,36,Business Travel,Business,214,4,4,4,3,3,4,5,3,1,4,2,4,3,3.38,4,3,FALSE
Female,Loyal Customer,18,Personal Travel,Eco,945,3,4,3,1,2,3,4,2,4,2,4,3,2,2.85,0,10,FALSE
Female,Loyal Customer,42,Business Travel,Business,2342,1,1,4,1,2,3,5,5,5,5,5,4,4,3.46,0,0,TRUE
Female,Loyal Customer,23,Business Travel,Business,630,1,1,1,1,5,5,5,5,2,5,4,5,5,3.46,0,0,TRUE
Male,Loyal Customer,60,Business Travel,Business,2142,2,2,2,2,3,5,5,3,3,3,3,5,3,3.15,2,0,TRUE
Female,Loyal Customer,37,Personal Travel,Eco,861,4,5,4,2,5,4,5,5,5,4,5,4,5,4.38,4,5,FALSE
Female,Loyal Customer,46,Business Travel,Business,3126,0,0,0,1,4,4,3,2,2,2,2,5,5,2.31,0,0,TRUE
Male,Loyal Customer,41,Personal Travel,Eco,1533,1,1,1,3,4,1,4,4,4,3,1,4,4,2.69,0,0,FALSE
Female,Loyal Customer,42,Personal Travel,Eco Plus,1045,2,2,2,3,2,4,4,4,4,2,4,2,1,2.77,1,0,FALSE
Female,Loyal Customer,39,Business Travel,Eco,233,5,2,2,2,5,5,5,5,5,4,5,2,5,4,3,0,TRUE
Female,Disloyal Customer,30,Business Travel,Eco,925,3,3,3,2,5,3,5,5,1,3,1,5,5,3.38,0,0,FALSE
Male,Disloyal Customer,29,Business Travel,Eco,406,2,0,3,1,1,3,1,1,1,3,4,5,1,2,7,0,FALSE
Male,Loyal Customer,51,Business Travel,Business,2521,2,2,4,2,4,5,4,5,5,5,5,5,3,3.92,5,0,TRUE
Female,Loyal Customer,40,Business Travel,Business,3926,2,2,4,2,4,5,5,4,4,4,4,4,4,3.69,25,31,TRUE
Male,Loyal Customer,37,Personal Travel,Eco,2454,3,4,3,3,5,3,4,5,1,2,3,1,5,3.23,0,0,FALSE
Male,Loyal Customer,38,Business Travel,Eco,926,1,4,4,4,1,1,1,1,1,2,4,1,1,2,0,0,FALSE
Female,Loyal Customer,53,Business Travel,Business,1788,2,4,4,4,4,2,4,2,2,2,2,2,4,2.92,0,0,FALSE
Female,Loyal Customer,58,Personal Travel,Eco Plus,602,3,4,3,4,1,5,5,5,5,3,5,3,1,3.62,0,0,FALSE
Male,Loyal Customer,39,Business Travel,Business,1180,5,5,2,5,3,5,5,5,5,5,5,3,3,4.31,58,40,TRUE
Male,Loyal Customer,47,Business Travel,Business,926,3,3,3,3,3,5,5,5,5,5,5,3,4,4,3,0,TRUE
Male,Loyal Customer,37,Business Travel,Eco,468,3,1,1,1,3,3,3,3,4,2,3,2,3,2.46,0,16,FALSE
Female,Loyal Customer,31,Business Travel,Business,2597,1,3,3,3,1,1,1,1,2,4,4,3,1,2.15,0,0,FALSE
Male,Loyal Customer,47,Personal Travel,Eco Plus,452,3,5,3,5,3,3,3,3,3,2,5,3,3,3.38,0,0,FALSE
Female,Loyal Customer,43,Business Travel,Business,2480,2,2,2,2,2,5,4,4,4,4,4,3,5,3.31,6,4,TRUE
Female,Loyal Customer,56,Personal Travel,Eco,403,3,4,3,4,2,4,5,4,4,3,4,3,4,3.62,0,0,FALSE
Male,Loyal Customer,48,Business Travel,Business,427,3,3,3,3,2,2,2,4,4,4,4,1,5,3.08,1,0,TRUE
Female,Disloyal Customer,22,Business Travel,Eco,1235,4,4,4,4,5,4,5,5,3,5,4,4,5,4.31,0,0,TRUE
Female,Loyal Customer,58,Business Travel,Business,236,3,3,3,3,5,5,5,5,5,5,5,5,5,4.38,0,9,TRUE
Female,Loyal Customer,58,Business Travel,Business,1024,2,2,4,2,5,4,4,4,3,4,5,4,4,3.62,259,248,TRUE
Female,Loyal Customer,24,Personal Travel,Eco,2475,2,4,2,5,2,4,4,1,1,4,5,4,4,3.23,12,66,FALSE
Female,Loyal Customer,42,Personal Travel,Eco,588,3,5,3,4,4,5,5,2,2,3,2,5,3,3.54,0,0,FALSE
Male,Loyal Customer,60,Personal Travel,Eco Plus,813,2,2,2,4,5,2,5,5,3,5,4,2,5,3.54,0,0,FALSE
Female,Disloyal Customer,23,Business Travel,Eco,1048,2,2,2,4,3,2,3,3,5,2,5,3,3,3,1,0,TRUE
Female,Disloyal Customer,50,Business Travel,Business,425,4,4,4,1,3,4,3,3,5,2,5,4,3,3.46,10,6,TRUE
Female,Loyal Customer,48,Business Travel,Business,2187,3,3,3,3,4,4,4,5,5,4,5,3,5,3.92,3,0,TRUE
Male,Loyal Customer,42,Business Travel,Business,3612,1,1,1,1,3,4,5,4,4,4,4,5,5,3.23,13,17,TRUE
Male,Loyal Customer,11,Personal Travel,Eco,838,3,5,3,3,5,3,5,5,4,2,4,5,5,4,53,40,FALSE
Female,Loyal Customer,19,Business Travel,Business,3615,3,3,3,3,5,5,5,5,3,3,4,3,5,3.85,0,0,TRUE
Female,Loyal Customer,45,Business Travel,Business,621,3,3,3,3,4,4,5,4,4,4,4,5,5,3.92,19,14,TRUE
Female,Disloyal Customer,26,Business Travel,Business,175,1,1,1,1,4,1,4,4,4,4,4,5,4,2.92,0,0,FALSE
Female,Disloyal Customer,11,Business Travel,Eco,587,2,1,2,4,5,2,2,5,4,2,3,2,5,3,40,36,FALSE
Male,Loyal Customer,39,Business Travel,Business,3704,4,3,3,3,5,4,4,2,2,2,4,2,1,3,19,12,FALSE
Female,Loyal Customer,31,Personal Travel,Eco,591,3,5,4,4,4,4,4,4,1,2,1,2,4,3.23,19,11,FALSE
Female,Loyal Customer,53,Business Travel,Business,1389,1,1,1,1,2,4,5,4,4,4,4,3,3,2.85,22,26,TRUE
Male,Disloyal Customer,25,Business Travel,Business,772,0,0,0,3,4,0,4,4,4,4,4,3,4,2.62,0,0,TRUE
Female,Disloyal Customer,36,Business Travel,Eco,368,1,2,1,4,5,1,5,5,4,1,4,3,5,3.15,0,0,FALSE
Male,Loyal Customer,39,Business Travel,Business,431,2,2,2,2,5,5,4,4,4,4,4,4,3,3.46,0,0,TRUE
Male,Loyal Customer,47,Business Travel,Business,1747,1,1,1,1,2,5,5,3,3,3,3,4,5,2.85,0,0,TRUE
Male,Loyal Customer,56,Business Travel,Business,1979,1,1,1,1,2,4,5,4,4,4,4,5,3,3,0,0,TRUE
Female,Loyal Customer,53,Personal Travel,Eco,413,3,2,3,2,1,2,2,5,5,3,5,2,1,2.77,0,0,FALSE
Male,Loyal Customer,58,Business Travel,Business,731,5,5,5,5,2,4,4,3,3,3,3,3,5,3.85,0,0,TRUE
Female,Loyal Customer,63,Personal Travel,Eco,679,3,4,3,2,3,4,5,1,1,3,1,4,5,3,8,0,FALSE
Male,Loyal Customer,48,Business Travel,Business,1014,3,4,4,4,2,3,2,3,3,3,3,2,3,3,0,1,FALSE
Male,Loyal Customer,52,Personal Travel,Business,351,1,4,1,5,3,4,5,5,5,1,5,4,5,3.69,0,0,FALSE
Female,Disloyal Customer,47,Business Travel,Business,1073,5,5,5,2,5,5,5,5,3,5,5,5,5,4.62,0,5,TRUE
Female,Disloyal Customer,17,Business Travel,Eco,1153,4,4,4,3,4,4,3,5,2,4,4,3,3,3.62,19,10,TRUE
Female,Loyal Customer,16,Business Travel,Business,612,2,3,3,3,2,2,2,2,1,3,3,4,2,2.46,33,33,FALSE
Female,Loyal Customer,60,Personal Travel,Eco,846,1,5,0,4,2,5,4,2,2,0,2,4,4,2.69,11,20,FALSE
Female,Loyal Customer,42,Business Travel,Business,399,2,2,2,2,5,4,5,4,4,4,4,1,4,3.31,25,27,TRUE
Female,Loyal Customer,37,Business Travel,Business,1712,2,2,2,2,3,5,5,4,4,4,4,3,5,3.46,0,10,TRUE
Male,Loyal Customer,58,Business Travel,Business,1444,2,2,3,2,2,4,5,4,4,4,4,4,4,3.38,26,31,TRUE
Male,Disloyal Customer,24,Business Travel,Eco,536,4,0,4,5,2,4,2,2,4,5,4,5,2,3.31,7,0,TRUE
Female,Loyal Customer,28,Business Travel,Business,1605,2,1,2,2,5,5,5,5,5,2,5,5,5,3.77,0,0,TRUE
Female,Disloyal Customer,54,Business Travel,Eco,655,5,0,5,1,2,5,2,2,5,4,1,4,2,2.92,0,0,TRUE
Female,Loyal Customer,42,Personal Travel,Eco Plus,802,3,3,2,1,3,5,1,5,5,2,5,4,4,3.31,74,74,FALSE
Female,Disloyal Customer,22,Business Travel,Eco,1060,3,3,3,3,5,3,5,5,3,2,4,3,5,3.62,2,0,FALSE
Female,Loyal Customer,39,Business Travel,Eco,846,5,2,2,2,5,5,5,5,1,4,2,5,5,3.69,39,30,TRUE
Male,Disloyal Customer,27,Business Travel,Business,1233,0,0,0,4,4,0,4,4,4,3,4,3,4,2.62,0,0,TRUE
Male,Loyal Customer,16,Personal Travel,Eco,1066,3,4,3,3,4,3,4,4,5,4,5,3,4,3.77,36,37,FALSE
Male,Loyal Customer,59,Business Travel,Business,1189,1,1,1,1,3,5,5,4,4,4,4,3,4,3.08,33,9,TRUE
Female,Loyal Customer,52,Personal Travel,Eco,680,2,5,2,4,5,5,5,1,1,2,1,3,5,3.15,77,67,FALSE
Female,Loyal Customer,63,Business Travel,Eco,515,4,2,3,3,4,4,4,4,4,4,4,2,2,3.38,0,0,FALSE
Male,Loyal Customer,56,Business Travel,Business,426,5,5,5,5,2,4,4,4,4,4,4,5,3,4.15,81,71,TRUE
Male,Loyal Customer,66,Personal Travel,Eco,1107,2,4,2,1,2,2,2,2,2,3,5,2,2,2.38,0,0,FALSE
Female,Loyal Customer,25,Business Travel,Business,1586,2,2,2,2,5,5,5,5,3,4,5,1,5,3.54,98,100,TRUE
Male,Loyal Customer,41,Business Travel,Business,1826,3,3,3,3,3,3,5,5,5,5,5,2,1,3.54,0,4,TRUE
Female,Disloyal Customer,38,Business Travel,Business,431,2,1,1,4,5,1,5,5,5,4,5,4,5,3.62,0,0,FALSE
Female,Loyal Customer,19,Personal Travel,Eco Plus,370,2,0,2,3,3,2,3,3,5,2,5,4,3,2.85,0,0,FALSE
Male,Loyal Customer,53,Business Travel,Business,453,4,5,5,5,5,3,4,4,4,3,4,3,4,4.08,0,0,FALSE
Male,Loyal Customer,30,Business Travel,Business,78,4,4,4,4,5,5,3,5,3,5,4,2,5,4.08,0,0,TRUE
Male,Loyal Customer,60,Personal Travel,Eco Plus,1750,4,3,4,4,3,4,1,3,4,5,3,2,3,3.31,0,11,FALSE
Male,Loyal Customer,26,Personal Travel,Eco,534,2,4,2,3,3,2,3,3,4,4,5,4,3,3.23,0,0,FALSE
Male,Loyal Customer,56,Business Travel,Business,3601,5,5,2,5,4,4,4,5,5,5,5,5,3,4.38,85,88,TRUE
Female,Disloyal Customer,23,Business Travel,Eco,449,2,0,2,4,2,2,1,2,4,3,5,5,2,2.62,0,0,FALSE
Male,Loyal Customer,31,Business Travel,Business,956,5,5,5,5,4,4,4,4,2,1,3,3,4,3.77,0,0,TRUE
Female,Loyal Customer,34,Business Travel,Eco,846,3,2,2,2,3,3,3,3,1,4,3,2,3,2.62,9,5,FALSE
Male,Loyal Customer,31,Personal Travel,Eco,1189,3,4,2,4,5,2,5,5,3,2,5,4,5,3.77,21,5,FALSE
Male,Loyal Customer,40,Business Travel,Business,1919,4,4,4,4,4,4,4,4,4,4,4,5,3,4,0,0,TRUE
Male,Disloyal Customer,23,Business Travel,Business,1357,4,0,4,5,4,4,4,4,3,3,5,5,4,3.77,0,0,TRUE
Male,Loyal Customer,80,Business Travel,Business,3336,2,3,3,3,4,3,4,2,2,3,2,2,4,2.85,56,51,FALSE
Male,Loyal Customer,19,Business Travel,Business,522,4,4,4,4,5,5,5,5,5,2,3,4,5,4.23,0,0,TRUE
Female,Loyal Customer,36,Business Travel,Eco,620,3,4,4,4,3,3,3,3,2,1,3,2,3,2.92,21,56,FALSE
Male,Loyal Customer,29,Business Travel,Business,1235,2,2,2,2,5,5,5,5,5,5,4,3,5,3.85,36,44,TRUE
Female,Loyal Customer,66,Personal Travel,Eco,289,1,5,1,1,5,4,4,2,2,1,2,5,4,2.85,0,0,FALSE
Male,Loyal Customer,45,Business Travel,Eco,141,4,2,2,2,4,4,4,4,1,1,4,4,4,3.08,1,0,TRUE
Male,Loyal Customer,42,Business Travel,Business,3125,5,5,5,5,2,4,5,5,5,5,5,3,3,4.38,2,0,TRUE
Female,Loyal Customer,15,Business Travel,Business,483,1,1,1,1,1,1,1,1,1,5,4,2,1,1.62,0,0,FALSE
Male,Loyal Customer,68,Business Travel,Eco,867,3,4,4,4,3,3,3,3,4,3,3,4,3,3.38,22,23,FALSE
Male,Disloyal Customer,22,Business Travel,Eco,762,5,5,5,5,4,5,4,4,5,3,4,3,4,4.31,22,7,TRUE
Female,Loyal Customer,12,Personal Travel,Eco,216,1,4,0,3,5,0,3,5,3,2,5,3,5,3,16,18,FALSE
Male,Loyal Customer,57,Business Travel,Business,89,0,4,0,4,3,4,5,4,4,4,4,5,4,3.46,0,0,TRUE
Female,Loyal Customer,46,Business Travel,Business,1947,4,4,4,4,4,5,4,4,4,4,4,3,4,4,0,0,TRUE
Female,Loyal Customer,31,Business Travel,Business,545,3,4,4,4,3,3,3,3,4,4,3,2,3,3.31,0,0,FALSE
Male,Loyal Customer,38,Business Travel,Business,1036,3,3,3,3,4,5,5,4,4,4,4,5,4,3.92,19,7,TRUE
Male,Loyal Customer,60,Personal Travel,Eco,672,5,4,4,4,4,4,4,4,1,3,3,4,4,3.69,0,0,TRUE
Male,Loyal Customer,49,Business Travel,Business,1744,3,3,3,3,2,4,5,3,3,4,3,3,3,3.23,9,5,TRUE
Female,Loyal Customer,56,Business Travel,Eco,925,2,4,4,4,5,4,3,2,2,2,2,2,1,2.85,0,0,FALSE
Male,Disloyal Customer,23,Business Travel,Eco,802,3,3,3,2,3,3,3,3,5,5,5,5,3,3.54,0,0,FALSE
Female,Loyal Customer,54,Business Travel,Eco Plus,325,1,1,1,1,2,2,3,1,1,1,1,1,3,1.46,92,90,FALSE
Male,Loyal Customer,44,Business Travel,Business,308,3,4,3,3,2,5,4,4,4,4,4,3,3,3.54,24,24,TRUE
Male,Loyal Customer,37,Business Travel,Eco,907,5,2,2,2,5,4,5,5,1,4,3,2,5,3.46,0,11,FALSE
Male,Disloyal Customer,38,Business Travel,Business,214,1,1,1,1,4,1,3,4,1,4,2,3,4,2.31,0,0,FALSE
Female,Loyal Customer,47,Business Travel,Eco,711,1,5,5,5,1,3,3,1,1,1,1,4,3,2.62,0,0,FALSE
Male,Loyal Customer,43,Business Travel,Eco,845,5,5,5,5,5,5,5,5,5,1,2,1,5,4.15,0,0,TRUE
Male,Loyal Customer,35,Business Travel,Eco,563,4,4,4,4,4,4,4,4,5,1,5,3,4,3.85,113,104,TRUE
Male,Loyal Customer,33,Personal Travel,Eco,605,4,5,4,3,4,4,4,4,1,3,5,2,4,3.62,0,0,TRUE
Male,Loyal Customer,50,Business Travel,Eco,2306,4,5,5,5,4,4,4,4,4,5,5,3,4,4.31,0,0,TRUE
Female,Loyal Customer,32,Personal Travel,Eco,595,3,2,4,3,2,4,2,2,3,2,3,2,2,2.62,3,0,FALSE
Female,Loyal Customer,80,Business Travel,Eco Plus,526,3,3,3,3,1,4,3,3,3,3,3,3,3,2.92,0,6,FALSE
Female,Loyal Customer,44,Business Travel,Business,873,4,4,4,4,5,5,1,4,4,4,4,1,1,3.46,0,0,TRUE
Female,Loyal Customer,47,Business Travel,Business,2966,1,1,1,1,4,5,2,4,4,4,4,4,5,3.08,0,0,TRUE
Male,Loyal Customer,30,Personal Travel,Eco,725,1,4,1,4,3,1,3,3,3,5,2,2,3,2.69,25,0,FALSE
Female,Loyal Customer,64,Personal Travel,Eco,723,1,5,0,2,1,4,4,4,4,0,5,3,2,2.69,0,0,FALSE
Female,Loyal Customer,43,Business Travel,Business,883,1,1,2,1,4,5,4,5,5,5,5,5,4,3.62,0,10,TRUE
Female,Loyal Customer,48,Business Travel,Business,1597,5,5,5,5,4,5,5,5,5,5,5,5,3,4.77,0,0,TRUE
Female,Loyal Customer,39,Business Travel,Eco,109,5,5,5,5,5,5,5,5,1,2,4,2,5,4.15,0,0,TRUE
Female,Loyal Customer,24,Personal Travel,Eco,719,2,4,2,4,2,1,1,3,2,5,5,1,1,2.54,264,261,FALSE
Female,Loyal Customer,11,Personal Travel,Eco Plus,1208,3,3,3,2,2,3,1,2,2,4,3,3,2,2.54,0,0,FALSE
Female,Loyal Customer,27,Business Travel,Business,3344,2,2,2,2,4,4,4,4,3,3,4,4,4,3.23,0,0,TRUE
Female,Loyal Customer,31,Business Travel,Business,1075,2,2,2,2,4,4,4,4,3,1,2,5,4,3,0,11,TRUE
Male,Loyal Customer,32,Business Travel,Business,3280,2,2,2,2,2,2,2,2,2,5,3,1,2,2.23,15,21,FALSE
Male,Loyal Customer,55,Personal Travel,Eco Plus,604,2,5,2,4,4,2,4,4,3,4,4,3,4,3.46,93,81,FALSE
Female,Disloyal Customer,41,Business Travel,Eco,1771,3,3,3,3,2,3,2,2,4,4,2,3,2,2.77,20,23,FALSE
Male,Loyal Customer,35,Business Travel,Eco,2446,2,3,3,3,2,3,2,2,4,1,1,4,2,2.46,0,0,FALSE
Male,Loyal Customer,9,Business Travel,Eco,731,3,4,4,4,3,2,4,3,1,1,4,1,3,2.85,2,0,FALSE
Female,Loyal Customer,11,Personal Travel,Eco,1416,2,5,2,5,2,1,1,2,3,1,1,1,1,2.08,201,216,FALSE
Male,Loyal Customer,56,Business Travel,Eco Plus,1416,4,1,1,1,5,4,5,5,4,5,3,4,5,3.62,0,0,TRUE
Female,Loyal Customer,14,Personal Travel,Eco,337,4,5,4,2,2,4,1,2,3,5,4,3,2,3.15,0,7,FALSE
Male,Loyal Customer,23,Business Travel,Business,2935,5,5,5,5,4,4,4,4,5,1,4,1,4,3.92,10,1,TRUE
Female,Loyal Customer,23,Business Travel,Business,1448,4,4,4,4,4,4,4,4,3,3,5,4,4,3.92,0,0,TRUE
Female,Loyal Customer,58,Business Travel,Business,954,5,5,5,5,2,5,5,4,4,4,4,4,5,4.38,14,8,TRUE
Male,Disloyal Customer,45,Business Travel,Business,861,4,4,4,1,4,4,4,4,5,5,5,5,4,4.08,0,0,FALSE
Female,Loyal Customer,29,Personal Travel,Eco,404,5,4,5,4,3,5,3,3,4,4,4,3,3,3.85,18,0,TRUE
Male,Loyal Customer,39,Personal Travel,Eco Plus,401,3,5,3,1,1,3,1,1,4,4,5,4,1,2.77,27,20,FALSE
Female,Loyal Customer,30,Personal Travel,Eco,1620,2,4,2,1,2,2,2,2,3,3,5,4,2,2.62,0,0,FALSE
Female,Loyal Customer,31,Business Travel,Business,2645,5,5,5,5,5,5,4,5,3,1,1,5,5,4.15,23,13,TRUE
Male,Loyal Customer,41,Business Travel,Business,231,2,2,2,2,3,4,4,4,4,4,4,1,5,3.15,0,0,TRUE
Female,Loyal Customer,53,Business Travel,Business,3529,1,2,2,2,4,3,3,1,1,1,1,2,3,2,9,11,FALSE
Female,Loyal Customer,8,Personal Travel,Eco,581,2,5,2,3,1,2,1,1,3,4,4,3,1,2.46,0,0,FALSE
Female,Loyal Customer,48,Business Travel,Business,1598,4,4,4,4,5,4,4,4,4,4,4,3,4,4,0,0,TRUE
Male,Loyal Customer,57,Personal Travel,Business,1042,4,5,5,3,2,5,4,1,1,5,1,3,4,3.31,0,0,TRUE
Female,Loyal Customer,41,Personal Travel,Eco Plus,532,4,4,3,5,5,4,5,3,3,3,3,4,5,3.92,0,3,FALSE
Male,Disloyal Customer,33,Business Travel,Business,577,2,2,2,2,2,2,2,2,4,4,4,4,2,2.62,1,4,FALSE
Male,Loyal Customer,57,Personal Travel,Eco,2399,1,4,1,5,4,1,3,4,3,4,4,4,4,3.23,0,0,FALSE
Male,Loyal Customer,22,Business Travel,Business,3592,1,1,1,1,1,1,1,1,3,2,3,1,1,1.38,9,36,FALSE
Male,Disloyal Customer,31,Business Travel,Eco,1608,3,3,3,3,4,3,4,4,3,2,3,4,4,3.31,0,9,FALSE
Male,Loyal Customer,72,Business Travel,Eco,1797,4,2,2,2,4,4,4,4,1,5,3,2,4,3.15,26,30,FALSE
Female,Loyal Customer,34,Personal Travel,Eco,624,2,2,2,3,5,2,5,5,4,2,3,2,5,3.23,0,2,FALSE
Female,Loyal Customer,28,Business Travel,Business,1091,4,4,4,4,4,4,4,4,5,1,3,3,4,3.69,0,2,TRUE
Male,Loyal Customer,10,Personal Travel,Eco,604,4,5,4,3,2,4,2,2,4,2,5,3,2,3.23,0,0,FALSE
Male,Loyal Customer,28,Personal Travel,Business,236,2,2,2,3,4,2,4,4,2,2,3,2,4,2.77,0,0,FALSE
Female,Loyal Customer,21,Personal Travel,Eco,813,1,0,1,3,1,1,1,1,5,2,5,3,1,1.92,0,0,FALSE
Male,Loyal Customer,36,Business Travel,Eco,733,4,5,5,5,4,4,4,4,2,1,3,1,4,3.54,1,0,FALSE
Female,Loyal Customer,40,Business Travel,Eco Plus,759,1,5,5,5,1,1,1,1,2,3,3,4,1,2.54,0,0,FALSE
Male,Loyal Customer,37,Business Travel,Business,2693,2,4,4,4,3,3,3,2,2,2,2,4,3,2.92,0,0,FALSE
Male,Loyal Customer,31,Business Travel,Business,1682,4,1,1,1,4,4,4,4,4,4,3,4,4,3.23,10,9,FALSE
Female,Disloyal Customer,39,Business Travel,Business,349,3,4,4,1,4,4,4,4,3,5,5,4,4,3.77,0,0,TRUE
Female,Loyal Customer,45,Business Travel,Eco,853,2,2,2,2,2,3,3,2,2,2,2,4,2,2.31,10,0,FALSE
Male,Loyal Customer,25,Personal Travel,Eco,1069,3,5,3,3,1,3,1,1,5,3,4,4,1,2.85,49,29,FALSE
Female,Loyal Customer,50,Business Travel,Business,1269,4,4,4,4,5,4,5,4,4,4,4,4,3,4.08,0,0,TRUE
Female,Loyal Customer,54,Business Travel,Business,372,1,1,1,1,4,1,4,4,4,3,4,3,1,2.46,48,31,TRUE
Male,Loyal Customer,19,Business Travel,Business,2565,3,3,3,3,4,5,4,4,3,5,4,3,4,3.69,1,0,TRUE
Female,Loyal Customer,17,Personal Travel,Eco Plus,106,5,1,5,2,3,5,3,3,4,4,3,3,3,3.38,0,5,TRUE
Male,Loyal Customer,34,Business Travel,Business,2928,3,3,2,3,4,4,4,5,5,5,5,5,5,4.08,0,0,TRUE
Female,Loyal Customer,23,Personal Travel,Eco,328,2,2,2,3,4,2,3,4,1,1,3,3,4,2.62,0,0,FALSE
Male,Loyal Customer,42,Business Travel,Business,3363,5,5,1,5,5,5,5,5,5,5,5,5,3,4.54,0,0,TRUE
Male,Disloyal Customer,28,Business Travel,Eco,1444,3,3,3,3,5,3,5,5,1,2,3,2,5,3.31,0,0,FALSE
Female,Loyal Customer,31,Business Travel,Business,3387,1,1,4,1,1,1,1,1,3,4,4,4,1,2.08,0,6,FALSE
Female,Disloyal Customer,22,Business Travel,Business,1269,0,5,0,3,1,0,1,1,5,5,4,4,1,2.31,0,0,TRUE
Female,Loyal Customer,52,Personal Travel,Eco,1489,3,3,3,4,4,3,3,4,4,3,4,2,3,3.31,23,11,FALSE
Female,Loyal Customer,40,Business Travel,Eco,1357,1,0,0,4,1,0,1,1,1,1,4,4,1,1.46,3,0,FALSE
Male,Loyal Customer,55,Business Travel,Business,622,3,3,2,3,4,4,5,5,5,5,5,3,4,3.92,4,2,TRUE
Female,Loyal Customer,51,Business Travel,Business,3619,5,4,5,5,2,4,5,4,4,4,4,3,4,4.08,18,41,TRUE
Female,Loyal Customer,44,Personal Travel,Eco,227,2,4,2,1,5,5,3,4,4,2,4,1,5,3.23,19,24,FALSE
Female,Loyal Customer,37,Personal Travel,Eco,84,3,3,3,2,2,3,2,2,3,4,2,2,2,2.54,5,9,FALSE
Male,Loyal Customer,23,Business Travel,Business,2661,2,2,2,2,5,5,5,5,5,3,5,3,5,3.77,0,0,TRUE
Male,Loyal Customer,41,Personal Travel,Eco,1165,1,4,1,3,5,1,5,5,3,3,4,4,5,3.38,9,8,FALSE
Female,Disloyal Customer,25,Business Travel,Business,589,2,5,2,3,3,2,3,3,3,2,5,3,3,3,0,0,FALSE
Male,Loyal Customer,55,Business Travel,Business,3732,4,4,4,4,2,5,4,4,4,5,4,5,3,4,27,22,TRUE
Female,Disloyal Customer,19,Business Travel,Business,184,0,0,0,3,5,0,5,5,5,5,5,3,5,3.15,0,0,TRUE
Male,Loyal Customer,42,Business Travel,Eco,240,3,5,5,5,3,3,3,3,3,2,3,2,3,3.31,0,0,FALSE
Female,Disloyal Customer,19,Business Travel,Eco,1182,3,3,3,3,2,3,2,2,4,5,5,4,2,3.15,43,49,FALSE
Male,Loyal Customer,23,Business Travel,Business,270,2,2,2,2,4,4,4,4,3,3,5,4,4,3.31,65,60,TRUE
Female,Loyal Customer,56,Business Travel,Business,125,2,2,2,2,4,3,3,2,2,2,2,1,1,2.15,0,1,FALSE
Female,Disloyal Customer,27,Business Travel,Business,2039,1,1,1,3,5,1,2,5,4,2,5,3,5,2.92,0,0,FALSE
Male,Loyal Customer,60,Personal Travel,Eco,1448,3,2,4,3,5,4,5,5,4,5,3,4,5,4,0,0,FALSE
Female,Loyal Customer,28,Business Travel,Eco Plus,2300,1,3,3,3,1,1,1,1,4,2,4,4,1,2.23,0,0,FALSE
Female,Loyal Customer,59,Personal Travel,Eco,2329,4,4,4,5,1,4,3,1,1,4,1,2,4,2.92,0,0,FALSE
Female,Disloyal Customer,24,Business Travel,Eco,895,4,4,4,1,2,4,2,2,5,2,5,5,2,3.23,0,0,TRUE
Male,Loyal Customer,50,Business Travel,Business,1123,4,4,4,4,5,4,4,3,3,3,3,3,3,3.62,0,0,TRUE
Male,Loyal Customer,61,Personal Travel,Eco,2125,4,3,4,4,5,4,5,5,5,2,5,3,5,4.15,0,0,FALSE
Female,Loyal Customer,46,Business Travel,Business,3498,2,2,2,2,5,5,4,4,4,4,4,4,3,3.46,5,0,TRUE
Male,Loyal Customer,49,Personal Travel,Eco,179,2,5,2,4,2,2,3,3,2,4,4,3,3,3,152,162,FALSE
Female,Loyal Customer,31,Business Travel,Business,723,4,4,4,4,5,5,5,5,3,4,4,4,5,4.31,1,0,TRUE
Female,Loyal Customer,45,Business Travel,Business,3973,1,1,2,1,3,3,2,5,5,5,5,5,2,3.08,0,0,TRUE
Male,Loyal Customer,27,Business Travel,Business,786,5,5,5,5,3,3,3,3,5,2,4,4,3,3.85,0,5,TRUE
Female,Loyal Customer,52,Business Travel,Business,4983,3,5,5,5,3,3,3,3,3,3,5,3,3,3.62,16,0,TRUE
Female,Loyal Customer,35,Personal Travel,Eco,300,3,5,3,3,5,3,5,5,4,2,5,5,5,4.08,0,0,FALSE
Male,Loyal Customer,18,Personal Travel,Eco,813,1,4,1,3,4,1,4,4,3,1,3,1,4,2.62,7,0,FALSE
Female,Loyal Customer,33,Personal Travel,Eco,872,1,1,1,3,2,1,2,2,2,3,1,1,2,1.69,44,46,FALSE
Female,Loyal Customer,38,Business Travel,Eco Plus,349,5,1,1,1,5,5,5,5,1,3,5,2,5,3.38,0,0,TRUE
Male,Disloyal Customer,26,Business Travel,Eco,526,3,2,3,4,4,3,4,4,4,2,3,2,4,3.23,0,0,FALSE
Female,Loyal Customer,56,Business Travel,Eco,414,4,2,2,2,1,5,3,3,3,4,3,2,3,2.85,0,0,TRUE
Female,Loyal Customer,66,Business Travel,Business,302,5,5,5,5,4,4,2,4,4,4,4,4,2,4,0,0,TRUE
Female,Disloyal Customer,45,Business Travel,Business,581,2,2,2,4,1,2,4,1,3,2,4,4,1,2.46,0,0,TRUE
Male,Loyal Customer,51,Business Travel,Eco,370,5,4,4,4,5,5,5,5,5,1,4,3,5,4.23,22,24,TRUE
Male,Disloyal Customer,45,Business Travel,Business,862,1,2,2,1,4,1,4,4,5,4,5,3,4,3.08,4,4,FALSE
Female,Loyal Customer,55,Business Travel,Business,2946,5,5,4,5,5,1,1,5,5,5,5,4,3,4.08,14,0,TRUE
Female,Loyal Customer,22,Personal Travel,Eco,637,4,5,4,1,3,4,3,3,3,4,5,5,3,3.62,58,45,FALSE
Female,Loyal Customer,30,Business Travel,Business,1636,1,1,1,1,4,4,4,4,2,1,3,1,4,2.38,0,0,TRUE
Female,Disloyal Customer,23,Business Travel,Eco,448,3,2,3,1,3,3,3,3,1,2,1,3,3,2.38,4,0,FALSE
Female,Loyal Customer,18,Business Travel,Eco,936,2,5,5,5,2,2,2,2,3,3,4,3,2,3.08,0,1,FALSE
Male,Loyal Customer,41,Personal Travel,Eco Plus,190,4,4,4,3,5,4,5,5,4,5,4,4,5,4.31,86,118,FALSE
Male,Disloyal Customer,34,Business Travel,Business,516,2,2,2,4,2,2,2,2,4,2,5,4,2,2.69,8,17,FALSE
Male,Loyal Customer,49,Business Travel,Business,3317,4,4,4,4,5,5,4,2,2,3,2,4,4,3.62,0,0,TRUE
Male,Loyal Customer,25,Personal Travel,Eco,869,3,2,3,4,1,3,4,1,1,3,3,1,1,2.31,0,0,FALSE
Male,Loyal Customer,12,Personal Travel,Eco,1013,4,5,4,3,3,4,4,3,3,4,1,5,3,3.54,9,0,FALSE
Male,Loyal Customer,49,Business Travel,Business,783,1,1,1,1,5,4,4,4,4,4,4,5,4,3.23,3,4,TRUE
Female,Loyal Customer,45,Business Travel,Business,2871,1,1,1,1,5,4,4,4,4,4,4,3,5,3.15,1,0,TRUE
Female,Loyal Customer,36,Personal Travel,Eco,387,2,4,2,2,1,2,1,1,5,4,5,5,1,2.69,0,0,FALSE
Male,Loyal Customer,69,Business Travel,Business,2764,1,4,4,4,1,4,3,1,1,1,1,1,3,2.23,29,15,FALSE
Female,Loyal Customer,43,Business Travel,Business,645,1,1,1,1,3,5,5,4,4,4,4,5,5,3.31,9,5,TRUE
Female,Loyal Customer,47,Personal Travel,Eco,628,3,4,3,5,2,5,4,4,4,3,1,3,5,3.54,0,0,FALSE
Female,Loyal Customer,40,Business Travel,Business,409,5,5,5,5,3,4,5,5,5,5,5,3,4,4.54,0,0,TRUE
Female,Loyal Customer,55,Business Travel,Eco,689,4,2,2,2,2,4,1,4,4,4,4,3,2,2.92,52,51,TRUE
Male,Loyal Customer,57,Business Travel,Business,3975,1,1,1,1,5,5,5,3,2,4,4,5,5,3.23,228,219,TRUE
Female,Loyal Customer,61,Personal Travel,Eco,543,2,5,2,3,5,5,5,1,1,2,1,5,3,3.08,0,0,FALSE
Male,Loyal Customer,35,Business Travel,Business,264,2,2,2,2,2,5,4,4,4,4,4,5,5,3.46,2,7,TRUE
Male,Loyal Customer,42,Business Travel,Business,3177,3,3,3,3,4,4,4,3,3,3,3,4,4,3.38,3,36,TRUE
Female,Loyal Customer,69,Personal Travel,Eco,297,4,2,4,3,4,4,4,1,1,4,1,3,4,3,36,21,FALSE
Male,Loyal Customer,29,Business Travel,Business,3833,3,3,3,3,5,5,5,5,3,3,5,3,5,3.92,0,0,TRUE
Male,Loyal Customer,46,Personal Travel,Eco,303,1,5,1,4,4,1,4,4,3,3,5,4,4,3.31,0,0,FALSE
Female,Loyal Customer,42,Business Travel,Business,3226,0,0,0,1,2,4,4,2,2,2,2,4,4,2.08,0,0,TRUE
Female,Disloyal Customer,21,Business Travel,Business,325,4,4,4,4,2,4,2,2,5,2,4,5,2,3.38,1,0,TRUE
Female,Disloyal Customer,30,Business Travel,Eco,534,3,1,3,3,2,3,2,2,3,5,2,1,2,2.46,25,19,FALSE
Female,Loyal Customer,48,Personal Travel,Eco Plus,1504,1,5,0,4,5,2,3,5,5,0,5,3,1,3,0,0,FALSE
Female,Loyal Customer,37,Business Travel,Business,1521,5,5,3,5,5,5,4,2,2,2,2,4,3,3.62,10,0,TRUE
Female,Loyal Customer,66,Business Travel,Business,3363,2,2,1,2,4,4,3,2,2,2,2,4,4,2.62,0,0,FALSE
Female,Loyal Customer,45,Business Travel,Business,3364,3,3,3,3,3,1,4,4,4,4,5,5,4,3.54,0,24,TRUE
Female,Loyal Customer,58,Personal Travel,Eco,781,2,5,2,2,2,2,1,5,5,2,5,2,2,2.85,0,0,FALSE
Female,Loyal Customer,58,Business Travel,Business,3033,4,4,4,4,5,4,5,5,5,5,5,3,5,4.46,0,0,TRUE
Male,Disloyal Customer,75,Business Travel,Eco,972,2,2,2,1,4,2,4,4,5,3,4,5,4,3.23,0,0,FALSE
Female,Loyal Customer,29,Business Travel,Eco Plus,542,3,5,5,5,3,3,3,3,2,1,3,4,3,3.31,86,89,FALSE
Male,Loyal Customer,45,Business Travel,Eco,874,2,4,4,4,2,2,2,2,3,5,3,4,2,3,0,0,FALSE
Female,Disloyal Customer,33,Business Travel,Eco,153,3,1,3,3,1,3,1,1,3,2,3,1,1,2,44,54,FALSE
Male,Disloyal Customer,34,Business Travel,Business,416,2,2,2,2,4,2,4,4,3,4,5,5,4,3.31,77,65,FALSE
Female,Loyal Customer,55,Business Travel,Business,362,2,2,1,2,2,5,4,5,5,5,5,4,4,3.54,3,7,TRUE
Female,Loyal Customer,7,Personal Travel,Eco,409,2,4,2,5,5,2,5,5,4,5,4,4,5,4,7,0,FALSE
Female,Loyal Customer,53,Business Travel,Eco Plus,237,5,2,5,2,4,5,2,5,5,5,5,4,1,3.85,0,0,TRUE
Male,Loyal Customer,54,Business Travel,Business,852,3,3,3,3,4,4,4,5,5,5,5,4,5,4.08,0,0,TRUE
Female,Loyal Customer,54,Business Travel,Business,3330,2,2,2,2,5,4,4,4,4,4,4,5,3,3.46,0,28,TRUE
Male,Loyal Customer,42,Personal Travel,Eco,406,3,3,3,3,2,3,5,2,2,2,3,3,2,2.77,0,0,FALSE
Female,Loyal Customer,19,Personal Travel,Eco,248,4,4,4,2,2,4,2,2,5,2,5,4,2,3.23,0,0,TRUE
Female,Loyal Customer,50,Business Travel,Eco,1874,2,4,4,4,1,2,3,2,2,2,2,1,4,2.54,4,0,FALSE
Male,Loyal Customer,49,Personal Travel,Eco,337,3,4,3,2,4,3,4,4,5,1,2,3,4,3.23,0,0,FALSE
Female,Loyal Customer,26,Business Travel,Eco Plus,376,4,4,4,4,5,5,4,5,1,2,4,3,5,3.85,0,0,TRUE
Female,Loyal Customer,22,Business Travel,Eco,354,1,3,3,3,1,1,4,1,2,3,3,4,1,2.31,27,19,FALSE
Male,Loyal Customer,58,Personal Travel,Eco,356,5,4,5,2,2,5,2,2,3,4,5,4,2,3.46,12,0,TRUE
Male,Loyal Customer,42,Business Travel,Business,3959,2,2,2,2,2,4,5,5,5,5,5,3,4,3.54,0,0,TRUE
Male,Loyal Customer,54,Business Travel,Business,2368,2,2,2,2,4,5,5,5,5,5,5,3,4,3.77,0,0,TRUE
Male,Loyal Customer,59,Business Travel,Business,1096,2,2,2,2,3,4,4,4,4,4,4,5,5,3.46,0,0,TRUE
Female,Loyal Customer,56,Business Travel,Business,907,2,2,2,2,5,4,5,4,4,4,4,5,5,3.69,28,15,TRUE
Female,Disloyal Customer,19,Business Travel,Eco Plus,456,2,2,2,4,2,1,1,4,4,4,4,1,1,2.46,141,127,FALSE
Female,Loyal Customer,34,Business Travel,Business,2347,4,4,4,4,5,5,2,4,4,4,4,4,5,4.08,7,0,TRUE
Female,Loyal Customer,60,Business Travel,Business,2584,1,1,1,1,4,4,4,4,4,4,4,3,4,3,0,0,TRUE
Female,Loyal Customer,48,Business Travel,Business,253,1,5,5,5,2,3,3,1,1,1,1,1,2,2.38,37,30,FALSE
Female,Loyal Customer,42,Business Travel,Business,2307,3,2,2,2,3,3,4,3,3,3,3,4,4,3,0,3,FALSE
Male,Loyal Customer,39,Business Travel,Business,2297,4,1,1,1,3,3,3,2,2,2,4,4,4,2.62,40,28,FALSE
Female,Loyal Customer,52,Business Travel,Business,1605,3,3,5,3,4,4,5,4,4,4,4,5,3,3.92,0,0,TRUE
Male,Loyal Customer,29,Personal Travel,Eco,369,5,1,5,4,5,5,5,5,3,2,3,2,5,3.85,0,0,TRUE
Male,Loyal Customer,45,Business Travel,Business,3458,3,5,5,5,4,4,3,3,3,3,3,1,4,3.54,0,0,FALSE
Male,Loyal Customer,46,Business Travel,Business,368,4,4,4,4,5,4,4,5,5,5,5,5,4,4.46,0,0,TRUE
Male,Loyal Customer,57,Business Travel,Business,237,2,4,4,4,2,4,4,2,2,2,2,3,2,2.85,58,58,FALSE
Male,Disloyal Customer,36,Business Travel,Business,1044,2,2,2,2,2,2,2,2,5,4,5,5,2,2.85,53,53,FALSE
Female,Disloyal Customer,40,Business Travel,Business,957,5,5,5,3,4,5,5,4,3,4,5,5,4,4.38,11,23,TRUE
Female,Loyal Customer,47,Business Travel,Business,1861,5,5,5,5,4,5,5,4,4,4,4,3,4,4.38,23,17,TRUE
Female,Loyal Customer,45,Business Travel,Business,1735,1,1,1,1,2,4,1,4,4,5,4,1,1,2.31,0,0,TRUE
Female,Loyal Customer,44,Business Travel,Business,2736,4,4,4,4,5,4,4,5,5,5,5,3,5,4.38,10,15,TRUE
Female,Disloyal Customer,20,Business Travel,Eco,612,3,4,3,3,2,3,1,2,4,4,4,2,2,2.85,20,16,FALSE
Male,Loyal Customer,39,Business Travel,Business,1947,3,3,3,3,2,3,5,4,4,4,4,4,5,3.62,27,14,TRUE
Female,Loyal Customer,46,Business Travel,Business,2749,2,1,1,1,2,4,4,2,2,2,2,2,3,2.15,0,0,FALSE
Male,Loyal Customer,44,Business Travel,Business,1903,5,5,5,5,5,5,4,4,4,4,4,5,4,4.54,0,1,TRUE
Male,Loyal Customer,67,Personal Travel,Eco,809,3,4,3,4,3,3,3,3,4,1,3,2,3,3,0,0,FALSE
Female,Loyal Customer,31,Personal Travel,Eco,353,1,5,1,3,4,1,4,4,3,2,4,2,4,2.92,0,0,FALSE
Male,Loyal Customer,57,Business Travel,Business,214,5,5,5,5,2,5,5,4,4,4,5,4,4,4.38,0,0,TRUE
Male,Loyal Customer,62,Personal Travel,Eco,585,3,5,3,2,3,3,3,3,3,5,4,3,3,3.31,39,32,FALSE
Male,Loyal Customer,34,Business Travel,Eco,758,5,1,1,1,5,5,5,5,1,4,5,4,5,3.62,0,0,TRUE
Female,Loyal Customer,17,Business Travel,Business,3898,1,1,1,1,4,4,4,4,4,2,2,2,4,2.62,0,5,TRUE
Male,Loyal Customer,42,Business Travel,Business,2653,2,2,1,2,2,4,5,2,2,2,2,3,4,2.54,0,0,TRUE
Male,Loyal Customer,43,Business Travel,Business,2218,3,3,2,3,2,3,5,5,5,5,5,5,3,3.77,0,3,TRUE
Male,Disloyal Customer,36,Business Travel,Business,1635,3,2,2,1,1,2,1,1,4,5,3,5,1,2.38,0,0,FALSE
Male,Loyal Customer,48,Business Travel,Business,204,4,3,3,3,4,3,3,3,3,3,4,1,2,3,0,0,FALSE
Male,Loyal Customer,23,Business Travel,Business,2257,2,2,2,2,4,4,4,4,4,3,4,3,4,3.23,0,0,TRUE
Male,Loyal Customer,53,Business Travel,Business,447,4,4,4,4,2,4,4,5,5,5,5,5,3,4.15,8,0,TRUE
Male,Loyal Customer,48,Business Travel,Business,2915,4,4,4,4,3,4,5,4,4,5,4,5,5,4.23,0,0,TRUE
Female,Loyal Customer,48,Business Travel,Eco,1024,3,5,5,5,1,3,2,3,3,3,3,4,1,3.15,0,15,FALSE
Male,Loyal Customer,47,Business Travel,Business,2576,1,1,4,1,3,3,4,5,5,5,5,4,2,3.31,14,48,TRUE
Male,Loyal Customer,18,Personal Travel,Eco,639,4,4,3,4,2,3,2,2,5,2,5,5,2,3.31,0,5,FALSE
Male,Loyal Customer,31,Business Travel,Business,532,3,1,1,1,3,3,3,3,1,2,4,1,3,2.23,0,0,FALSE
Male,Loyal Customer,49,Business Travel,Eco,2475,3,4,4,4,3,3,3,3,1,2,4,2,3,3,4,10,FALSE
Female,Disloyal Customer,20,Business Travel,Eco,239,4,0,4,4,1,4,3,1,3,3,5,3,1,2.77,0,0,TRUE
Female,Disloyal Customer,22,Business Travel,Eco,130,2,3,1,1,2,1,2,2,4,4,2,5,2,2.38,5,20,FALSE
Male,Loyal Customer,44,Business Travel,Business,423,4,4,4,4,4,4,4,4,4,4,4,5,3,4,100,96,TRUE
Female,Loyal Customer,44,Business Travel,Business,3922,1,1,2,1,2,5,5,3,3,4,3,3,3,2.77,0,0,TRUE
Male,Loyal Customer,29,Business Travel,Business,1641,1,1,5,1,4,4,4,4,4,5,5,3,4,3.46,0,0,TRUE
Female,Loyal Customer,34,Business Travel,Business,641,1,1,1,1,4,4,4,5,5,5,5,5,5,3.54,7,0,TRUE
Male,Loyal Customer,51,Business Travel,Business,539,3,3,5,3,4,5,3,5,5,5,5,5,3,4.15,13,2,TRUE
Male,Loyal Customer,52,Business Travel,Business,3227,4,4,4,4,3,5,4,4,4,5,4,3,3,3.92,0,0,TRUE
Male,Loyal Customer,51,Personal Travel,Eco Plus,436,4,3,5,3,3,5,3,3,1,2,3,4,3,3.23,0,0,FALSE
Female,Loyal Customer,40,Business Travel,Business,1416,1,1,1,1,4,5,5,4,4,4,4,4,4,3.23,1,0,TRUE
Male,Loyal Customer,18,Personal Travel,Eco,265,2,2,2,3,2,2,2,2,4,2,3,4,2,2.46,7,29,FALSE
Female,Loyal Customer,58,Business Travel,Business,3834,0,1,1,5,3,4,4,2,2,2,2,3,4,2.54,15,7,TRUE
Male,Loyal Customer,39,Business Travel,Eco,101,5,3,3,3,5,5,5,5,1,2,1,2,5,3.46,0,0,TRUE
Male,Loyal Customer,44,Business Travel,Business,946,1,1,1,1,2,5,4,5,5,5,5,3,4,3.23,8,5,TRUE
Male,Loyal Customer,50,Business Travel,Business,2436,4,4,4,4,1,4,4,4,4,4,4,1,4,3.54,0,0,FALSE
Male,Loyal Customer,39,Business Travel,Eco,1107,5,3,1,3,5,5,5,5,4,3,4,4,5,4,36,37,TRUE
Male,Loyal Customer,53,Business Travel,Eco,1428,4,4,3,3,4,4,4,4,1,2,3,4,4,3.38,0,0,TRUE
Female,Loyal Customer,37,Business Travel,Eco Plus,427,2,2,5,2,2,2,2,2,1,5,3,1,2,2.38,33,51,FALSE
Female,Loyal Customer,44,Business Travel,Business,2211,1,1,1,1,5,4,4,2,2,2,2,3,4,2.46,0,5,TRUE
Male,Loyal Customer,31,Business Travel,Business,2391,5,5,5,5,5,5,5,5,4,4,5,4,5,4.77,0,0,TRUE
Female,Loyal Customer,40,Business Travel,Business,2402,2,3,3,3,4,3,2,2,2,2,2,3,2,2.54,18,21,FALSE
Male,Loyal Customer,26,Business Travel,Business,2195,5,1,4,4,5,4,5,5,1,1,3,4,5,3.62,3,0,FALSE
Male,Loyal Customer,42,Business Travel,Business,288,4,4,3,4,4,1,2,4,4,4,4,5,1,3.38,90,91,TRUE
Female,Loyal Customer,50,Personal Travel,Business,1541,1,4,1,3,2,4,4,5,5,1,5,5,3,3.31,26,21,FALSE
Female,Loyal Customer,56,Business Travel,Business,1524,3,3,3,3,2,4,4,5,5,5,5,4,5,3.92,1,0,TRUE
Female,Loyal Customer,54,Business Travel,Eco,895,4,1,1,1,4,3,4,4,4,4,4,4,1,3,0,13,FALSE
Female,Loyal Customer,50,Business Travel,Business,1947,5,5,5,5,5,5,5,4,4,4,4,3,5,4.54,0,3,TRUE
Male,Loyal Customer,52,Business Travel,Eco,89,5,2,2,2,5,5,5,5,1,3,2,2,5,3.38,0,0,TRUE
Male,Loyal Customer,14,Personal Travel,Eco,1096,2,0,1,5,5,1,5,5,3,2,5,5,5,3.38,0,0,FALSE
Male,Loyal Customer,43,Business Travel,Eco,223,5,1,1,1,5,5,5,5,1,4,1,4,5,3.31,32,30,TRUE
Female,Disloyal Customer,45,Business Travel,Eco,899,3,3,3,4,5,3,5,5,2,5,3,3,5,3.77,22,22,FALSE
Male,Loyal Customer,41,Business Travel,Eco,190,3,2,2,2,3,3,3,3,2,4,3,2,3,2.69,56,37,FALSE
Male,Loyal Customer,53,Business Travel,Business,2818,2,2,2,2,4,5,5,4,4,4,4,5,5,3.69,0,0,TRUE
Male,Loyal Customer,48,Business Travel,Business,3998,2,2,2,2,1,2,4,5,5,5,4,5,2,3.15,0,2,TRUE
Female,Loyal Customer,58,Business Travel,Eco Plus,496,2,3,3,3,1,3,3,2,2,2,2,4,3,2.54,0,18,FALSE
Female,Disloyal Customer,15,Business Travel,Eco,992,4,4,4,4,1,4,1,1,4,3,3,2,1,2.77,38,29,FALSE
Male,Loyal Customer,20,Personal Travel,Eco,912,2,4,2,2,3,2,5,3,4,5,5,3,3,3.31,15,4,FALSE
Female,Loyal Customer,36,Business Travel,Eco Plus,386,4,1,2,1,4,4,4,4,3,4,3,1,4,3,5,0,FALSE
Male,Loyal Customer,45,Business Travel,Business,3711,5,5,5,5,2,2,2,3,3,4,4,2,2,3.38,12,7,TRUE
Male,Loyal Customer,60,Business Travel,Business,2483,5,5,5,5,5,5,4,4,4,4,4,4,3,4.38,0,0,TRUE
Female,Disloyal Customer,26,Business Travel,Eco,362,3,4,3,4,1,3,1,1,4,3,3,4,1,2.69,13,12,FALSE
Male,Loyal Customer,49,Business Travel,Business,3632,4,2,4,4,3,4,4,5,5,5,5,3,4,4,0,11,TRUE
Male,Loyal Customer,56,Business Travel,Business,2614,4,4,4,4,1,3,3,5,5,5,5,2,3,3.69,0,0,TRUE
Male,Loyal Customer,36,Personal Travel,Eco,787,4,4,4,4,2,4,2,2,4,4,4,3,2,3.31,3,0,FALSE
Female,Loyal Customer,59,Business Travel,Business,3478,5,5,5,5,3,5,5,5,5,5,5,4,4,4.69,0,5,TRUE
Male,Loyal Customer,70,Personal Travel,Eco,588,1,4,1,1,1,4,4,5,5,4,5,4,4,3.31,88,158,FALSE
Male,Loyal Customer,23,Business Travel,Business,270,5,5,5,5,5,5,5,5,1,1,3,2,5,4,0,0,TRUE
Female,Loyal Customer,46,Personal Travel,Eco,2504,2,1,2,2,3,3,3,3,3,2,3,3,3,2.54,0,0,FALSE
Male,Loyal Customer,40,Business Travel,Business,3888,3,3,3,3,5,4,5,5,5,5,5,4,3,4.08,2,7,TRUE
Female,Loyal Customer,70,Personal Travel,Eco,188,2,4,2,3,5,5,5,4,4,2,4,5,3,3.69,0,0,FALSE
Female,Loyal Customer,29,Personal Travel,Eco,240,2,4,2,4,1,2,1,1,5,3,4,4,1,2.62,41,41,FALSE
Female,Disloyal Customer,15,Business Travel,Eco,432,2,3,1,4,1,1,1,1,3,4,3,4,1,2.23,0,0,FALSE
Female,Loyal Customer,49,Personal Travel,Eco,2556,2,4,2,3,2,5,5,5,5,5,4,5,5,4,0,14,FALSE
Female,Loyal Customer,7,Personal Travel,Eco,86,1,2,1,4,3,1,4,3,2,2,4,4,3,2.62,94,89,FALSE
Male,Loyal Customer,35,Business Travel,Business,2175,5,5,5,5,2,5,4,5,5,5,5,2,1,4.15,58,50,TRUE
Male,Loyal Customer,66,Personal Travel,Eco,427,1,3,1,4,4,1,4,4,3,4,4,2,4,3,14,14,FALSE
Female,Loyal Customer,50,Business Travel,Business,4983,4,4,4,4,4,4,4,2,2,4,4,4,4,3.69,0,0,TRUE
Male,Loyal Customer,14,Business Travel,Eco,872,3,2,3,2,3,3,4,3,3,1,3,3,3,2.77,0,0,FALSE
Male,Loyal Customer,27,Business Travel,Business,1744,1,2,2,2,1,1,1,1,3,1,2,4,1,1.69,0,4,FALSE
Female,Loyal Customer,30,Business Travel,Business,3311,1,1,1,1,2,2,2,2,4,2,4,3,2,2.08,0,0,TRUE
Male,Loyal Customer,62,Business Travel,Business,226,3,3,3,3,4,5,4,5,5,5,5,3,3,3.92,0,0,TRUE
Male,Loyal Customer,32,Business Travel,Business,2656,2,2,2,2,5,5,5,5,3,4,4,5,5,3.77,0,0,TRUE
Female,Loyal Customer,47,Personal Travel,Eco,459,4,2,4,3,3,4,3,2,2,4,2,4,1,2.92,2,,TRUE
Female,Loyal Customer,60,Business Travel,Business,3819,1,1,1,1,4,5,5,4,4,5,4,3,5,3.31,4,0,TRUE
Female,Loyal Customer,51,Business Travel,Business,2139,3,3,3,3,4,4,4,5,5,5,5,5,3,4,10,0,TRUE
Female,Disloyal Customer,13,Business Travel,Eco,935,2,2,2,5,3,2,4,3,3,3,4,4,3,3.08,8,1,FALSE
Male,Loyal Customer,61,Personal Travel,Eco,229,4,4,4,1,5,4,3,5,3,2,5,5,5,3.85,0,0,FALSE
Male,Disloyal Customer,22,Business Travel,Eco,543,3,0,3,1,3,3,3,3,5,5,5,3,3,3.08,19,8,FALSE
Female,Loyal Customer,44,Business Travel,Business,2133,2,2,2,2,3,4,5,4,4,4,4,4,4,3.38,1,0,TRUE
Female,Loyal Customer,43,Business Travel,Business,641,5,5,5,5,5,4,5,2,2,2,2,4,5,3.92,0,0,TRUE
Male,Loyal Customer,46,Business Travel,Business,3469,2,2,2,2,3,5,4,4,4,4,4,3,3,3.23,60,41,TRUE
Female,Disloyal Customer,25,Business Travel,Eco,925,1,1,1,4,2,1,2,2,3,5,3,1,2,2.15,9,0,FALSE
Male,Loyal Customer,47,Business Travel,Eco Plus,473,2,5,5,5,2,2,2,2,4,5,4,1,2,3.15,0,0,FALSE
Male,Loyal Customer,14,Personal Travel,Eco,404,3,4,2,1,4,2,4,4,4,4,5,4,4,3.46,0,0,FALSE
Male,Loyal Customer,49,Personal Travel,Eco,692,4,4,4,3,4,4,4,4,3,3,4,4,4,3.77,0,0,FALSE
Female,Loyal Customer,23,Personal Travel,Eco,631,3,5,3,1,2,3,4,2,4,3,2,1,2,2.69,0,0,FALSE
Female,Loyal Customer,50,Business Travel,Business,599,5,5,5,5,2,4,4,5,5,5,5,4,3,4.38,0,0,TRUE
Female,Loyal Customer,63,Business Travel,Eco,109,3,5,4,4,1,1,2,3,3,3,3,3,1,2.77,6,9,FALSE
Female,Disloyal Customer,28,Business Travel,Business,1709,4,4,4,4,5,4,5,5,4,2,4,4,5,4.15,0,0,FALSE
Male,Loyal Customer,55,Business Travel,Business,3181,2,2,2,2,4,5,5,5,5,5,5,5,4,3.92,3,0,TRUE
Male,Loyal Customer,69,Personal Travel,Business,528,3,4,3,3,5,3,3,2,2,3,2,1,4,2.92,50,35,FALSE
Female,Loyal Customer,45,Personal Travel,Eco,200,4,3,4,2,2,3,5,2,2,4,2,4,5,3.23,0,0,FALSE
Male,Disloyal Customer,35,Business Travel,Business,327,3,3,3,5,4,3,4,4,3,5,5,5,4,3.92,0,0,FALSE
Female,Loyal Customer,38,Business Travel,Eco,2611,3,1,1,1,3,3,3,3,3,1,4,3,3,2.46,30,5,FALSE
Male,Loyal Customer,64,Business Travel,Business,369,2,5,5,5,5,3,3,2,2,2,2,2,4,3.23,0,0,FALSE
Male,Loyal Customer,27,Personal Travel,Eco Plus,838,4,3,4,3,5,4,5,5,2,1,4,4,5,3.77,0,0,FALSE
Male,Loyal Customer,45,Business Travel,Business,2036,5,5,5,5,3,3,4,5,5,5,5,5,3,4.46,6,0,TRUE
Female,Loyal Customer,31,Business Travel,Business,3747,1,1,1,1,5,5,5,5,3,5,5,5,5,3.62,0,0,TRUE
Female,Disloyal Customer,30,Business Travel,Eco Plus,666,3,3,3,1,5,3,5,5,4,4,3,2,5,3.54,5,0,FALSE
Male,Loyal Customer,55,Business Travel,Business,3072,0,5,0,3,3,4,4,3,3,4,4,5,3,3.15,9,0,TRUE
Female,Loyal Customer,25,Personal Travel,Eco,590,3,4,3,3,4,3,1,4,4,5,4,4,4,3.54,0,0,FALSE
Female,Disloyal Customer,37,Business Travel,Eco,950,2,2,2,4,1,2,1,1,4,4,2,1,1,2.08,0,0,FALSE
Male,Disloyal Customer,38,Business Travel,Eco,456,3,3,2,4,2,5,4,2,3,3,3,4,4,3.23,156,158,FALSE
Female,Loyal Customer,32,Business Travel,Business,2300,3,3,3,3,5,5,5,5,5,4,5,4,5,4.23,1,0,TRUE
Female,Disloyal Customer,22,Business Travel,Eco,370,2,1,2,4,2,2,2,2,1,4,4,1,2,2.23,4,8,FALSE
Female,Loyal Customer,31,Business Travel,Business,1704,1,5,1,1,4,4,4,4,4,2,4,4,4,3.23,12,9,TRUE
Male,Loyal Customer,61,Personal Travel,Eco,495,2,5,2,3,1,2,1,1,5,3,1,3,1,2.31,105,88,FALSE
Female,Disloyal Customer,20,Business Travel,Eco,214,2,0,2,1,3,2,5,3,5,5,5,3,3,3,0,0,FALSE
Female,Disloyal Customer,33,Business Travel,Eco,618,2,0,2,1,2,2,2,2,5,2,2,2,2,2,0,0,FALSE
Female,Loyal Customer,62,Personal Travel,Eco Plus,1180,3,5,3,3,2,5,5,3,3,3,3,3,5,3.54,0,15,FALSE
Female,Loyal Customer,24,Business Travel,Eco,337,5,5,5,5,5,5,4,5,1,4,2,1,5,4,0,0,TRUE
Male,Loyal Customer,54,Business Travel,Business,577,3,3,3,3,4,5,4,5,5,5,5,3,3,3.92,0,0,TRUE
Female,Loyal Customer,7,Personal Travel,Eco,888,2,5,2,3,5,2,5,5,5,3,4,4,5,3.85,0,4,FALSE
Female,Disloyal Customer,36,Business Travel,Business,271,4,4,4,2,3,4,3,3,5,3,5,3,3,3.54,0,0,FALSE
Male,Loyal Customer,53,Business Travel,Business,3395,3,4,4,4,2,4,3,3,3,3,3,3,3,3.23,0,0,FALSE
Male,Disloyal Customer,18,Business Travel,Eco,730,5,5,5,3,4,5,4,4,3,3,4,5,4,4.15,0,0,TRUE
Female,Loyal Customer,32,Business Travel,Business,1865,4,4,4,4,5,5,5,5,4,2,5,4,5,4.31,0,0,TRUE
Female,Loyal Customer,55,Business Travel,Eco,770,5,4,4,4,2,2,2,5,5,5,5,2,4,3.77,5,12,TRUE
Female,Disloyal Customer,36,Business Travel,Business,397,3,2,2,3,1,2,1,1,3,5,4,3,1,2.38,6,1,FALSE
Female,Loyal Customer,27,Business Travel,Business,550,3,4,4,4,3,3,3,3,3,5,2,1,3,3.15,2,0,FALSE
Male,Loyal Customer,58,Business Travel,Business,2402,4,4,4,4,5,5,5,4,4,4,4,4,5,4.31,0,0,TRUE
Male,Loyal Customer,35,Business Travel,Business,3102,1,1,1,1,2,4,4,1,1,1,1,2,3,1.77,20,15,FALSE
Female,Disloyal Customer,44,Business Travel,Business,316,5,5,5,3,2,5,4,2,5,3,5,3,2,3.77,50,47,TRUE
Female,Loyal Customer,44,Business Travel,Business,363,2,3,1,3,5,3,3,2,2,2,2,1,1,2.31,1,1,FALSE
Female,Loyal Customer,54,Business Travel,Eco,109,2,4,4,4,5,4,4,2,2,2,2,1,3,3,0,6,FALSE
Male,Loyal Customer,34,Personal Travel,Eco,978,2,5,2,3,2,2,2,2,3,5,5,5,2,3.08,0,0,FALSE
Male,Loyal Customer,58,Personal Travel,Eco Plus,89,3,3,3,4,4,3,4,4,4,3,3,1,4,3.31,2,17,FALSE
Female,Loyal Customer,53,Business Travel,Eco Plus,1521,2,4,4,4,5,4,4,2,2,2,2,3,1,3,0,0,FALSE
Male,Loyal Customer,51,Business Travel,Business,2639,1,1,1,1,5,4,4,4,4,4,4,3,3,3,0,0,TRUE
Male,Loyal Customer,56,Personal Travel,Eco,1005,3,5,3,2,1,3,1,1,2,4,3,4,1,2.54,10,25,FALSE
Male,Loyal Customer,66,Personal Travel,Eco,373,5,5,5,5,2,5,2,2,4,1,1,4,2,3.31,9,0,TRUE
Female,Loyal Customer,39,Business Travel,Eco Plus,596,4,4,4,4,4,4,4,4,5,5,2,3,4,3.92,46,43,TRUE
Male,Disloyal Customer,27,Business Travel,Eco,534,4,4,4,4,4,4,4,4,1,2,4,1,4,3.38,0,0,FALSE
Female,Loyal Customer,28,Business Travel,Eco,2704,0,0,0,5,0,4,3,2,5,5,5,3,3,2.69,0,2,TRUE
Male,Loyal Customer,71,Business Travel,Eco,409,3,4,4,4,3,3,3,3,4,3,4,3,3,3.38,112,133,FALSE
Female,Loyal Customer,50,Business Travel,Eco,737,5,3,3,3,1,2,5,5,5,5,5,3,5,3.85,0,0,TRUE
Male,Disloyal Customer,23,Business Travel,Business,701,4,0,4,2,1,4,1,1,4,4,5,5,1,2.77,0,0,TRUE
Male,Loyal Customer,50,Business Travel,Business,2300,1,1,4,1,2,5,4,5,5,4,5,4,4,3.46,18,40,TRUE
Male,Loyal Customer,46,Business Travel,Business,2582,2,2,2,2,2,4,4,5,5,5,5,4,4,3.54,0,0,TRUE
Female,Loyal Customer,56,Personal Travel,Eco,936,0,4,0,4,5,4,4,2,2,0,2,3,1,2.38,0,0,TRUE
Female,Loyal Customer,55,Business Travel,Business,2233,2,2,2,2,5,5,4,4,4,4,4,4,5,3.62,3,4,TRUE
Female,Disloyal Customer,17,Business Travel,Eco,1240,2,2,2,4,4,2,4,4,4,4,2,4,4,3.23,2,0,FALSE
Male,Disloyal Customer,27,Business Travel,Eco,909,1,1,1,2,5,1,5,5,4,4,2,1,5,2.85,0,15,FALSE
Male,Disloyal Customer,26,Business Travel,Business,697,5,4,4,3,1,4,1,1,4,2,4,3,1,2.85,34,33,TRUE
Male,Loyal Customer,49,Business Travel,Eco,432,5,4,4,4,5,5,5,5,4,1,1,3,5,3.92,0,0,TRUE
Male,Loyal Customer,20,Business Travel,Eco,746,4,1,1,1,4,5,3,4,1,5,5,2,4,3.08,0,0,TRUE
Female,Loyal Customer,64,Personal Travel,Eco,1190,3,4,3,1,2,3,4,3,3,3,3,3,4,3,23,0,FALSE
Female,Loyal Customer,45,Business Travel,Eco,201,5,5,3,5,2,5,1,5,5,5,5,5,5,4.31,0,3,TRUE
Male,Loyal Customer,51,Personal Travel,Eco,352,2,5,4,3,4,4,5,4,5,2,4,5,4,3.92,63,56,FALSE
Female,Loyal Customer,33,Business Travel,Business,3924,4,4,4,4,4,3,4,4,4,4,4,4,1,3.69,0,0,FALSE
Female,Loyal Customer,41,Business Travel,Business,1416,4,4,4,4,3,4,4,5,5,5,5,3,3,4.08,55,41,TRUE
Male,Loyal Customer,52,Business Travel,Eco,929,2,5,5,5,2,2,2,2,1,1,2,2,2,2.54,23,8,FALSE
Female,Loyal Customer,34,Personal Travel,Eco,270,1,1,2,4,1,2,1,1,4,5,4,2,1,2.23,0,0,FALSE
Female,Loyal Customer,36,Business Travel,Business,2983,3,2,2,2,3,2,3,3,3,3,3,4,4,2.85,38,23,FALSE
Female,Loyal Customer,19,Personal Travel,Eco,337,4,5,4,4,2,4,1,2,4,2,4,3,2,3.15,8,4,TRUE
Male,Loyal Customer,48,Business Travel,Business,1639,3,3,4,3,3,4,5,2,2,2,2,4,4,3.15,0,0,TRUE
Female,Loyal Customer,51,Personal Travel,Eco,737,4,1,4,2,5,2,1,2,2,4,2,3,1,2.54,39,48,FALSE
Male,Disloyal Customer,40,Business Travel,Business,325,1,1,1,2,5,1,5,5,4,3,5,4,5,3.23,0,0,FALSE
Female,Loyal Customer,27,Business Travel,Business,2342,3,1,4,1,3,3,3,3,1,2,2,2,3,2.38,8,0,FALSE
Male,Loyal Customer,40,Personal Travel,Eco Plus,110,4,4,4,4,3,4,3,3,4,4,5,2,3,3.62,0,0,FALSE
Female,Loyal Customer,52,Business Travel,Business,1773,3,3,3,3,4,4,4,4,4,5,4,3,4,3.69,49,27,TRUE
Male,Disloyal Customer,37,Business Travel,Eco,177,2,4,2,4,5,2,4,5,1,3,5,3,5,3.46,0,0,FALSE
Female,Loyal Customer,13,Personal Travel,Eco,760,3,4,3,2,4,3,2,4,4,3,5,5,4,3.54,0,0,FALSE
Male,Loyal Customer,17,Business Travel,Business,2852,3,1,3,1,3,3,3,3,1,2,3,4,3,2.54,0,0,FALSE
Female,Loyal Customer,37,Business Travel,Business,2910,5,5,5,5,3,5,3,4,4,4,3,3,5,4.15,0,0,TRUE
Female,Loyal Customer,36,Business Travel,Business,3127,3,2,2,2,5,3,4,3,3,3,3,3,2,2.92,69,62,FALSE
Female,Loyal Customer,43,Business Travel,Eco,781,3,5,5,5,5,2,3,3,3,3,3,1,1,3.23,10,4,FALSE
Female,Loyal Customer,36,Personal Travel,Eco,1199,1,4,1,1,4,1,4,4,1,1,4,1,4,2.38,0,4,FALSE
Female,Loyal Customer,16,Business Travel,Eco,2486,5,5,5,5,5,5,5,4,5,4,5,5,5,4.85,0,35,TRUE
Male,Disloyal Customer,36,Business Travel,Eco,325,4,2,4,4,1,4,1,1,2,1,4,1,1,2.31,59,48,FALSE
Male,Loyal Customer,41,Personal Travel,Eco,903,2,5,2,2,2,2,2,2,4,4,4,4,2,2.85,0,0,FALSE
Female,Disloyal Customer,29,Business Travel,Business,721,2,2,2,4,5,2,5,5,5,4,4,5,5,3.85,3,0,FALSE
Female,Loyal Customer,16,Business Travel,Business,2402,2,2,2,2,5,5,5,5,4,2,5,3,5,3.62,0,0,TRUE
Female,Loyal Customer,40,Business Travel,Business,2475,1,1,3,1,2,5,4,5,5,5,5,3,5,3.46,0,0,TRUE
Male,Loyal Customer,37,Business Travel,Business,700,1,1,1,1,2,5,5,3,3,3,3,4,4,2.77,0,0,TRUE
Male,Disloyal Customer,24,Business Travel,Eco,463,5,5,5,2,2,5,2,2,5,5,5,5,2,3.85,0,9,TRUE
Female,Loyal Customer,56,Business Travel,Business,3568,1,1,1,1,2,5,5,4,4,4,4,4,5,3.15,0,0,TRUE
Female,Loyal Customer,49,Business Travel,Business,2808,4,4,4,4,3,5,5,4,4,4,4,5,4,4.15,28,19,TRUE
Female,Loyal Customer,54,Personal Travel,Eco,224,3,4,3,1,3,4,3,5,5,3,5,1,5,3.46,0,3,FALSE
Female,Disloyal Customer,22,Business Travel,Eco,496,2,3,2,4,3,2,3,3,2,5,2,1,3,2.69,0,0,FALSE
Female,Loyal Customer,27,Personal Travel,Eco,151,5,5,0,3,5,0,1,5,5,3,4,3,5,3.38,0,0,TRUE
Female,Loyal Customer,39,Business Travel,Business,3124,5,5,5,5,2,4,5,5,5,5,5,4,4,4.54,24,11,TRUE
Female,Loyal Customer,40,Business Travel,Business,3659,2,2,2,2,2,5,4,5,5,5,4,3,3,3.38,2,0,TRUE
Male,Loyal Customer,44,Business Travel,Eco Plus,109,4,3,3,3,4,4,4,4,3,1,2,1,4,3.08,0,0,TRUE
Female,Loyal Customer,26,Business Travel,Business,3186,2,2,2,2,5,5,5,5,3,4,5,5,5,3.85,299,285,TRUE
Male,Loyal Customer,46,Business Travel,Eco,537,5,2,2,2,5,5,5,5,2,5,1,1,5,3.46,18,0,TRUE
Male,Loyal Customer,19,Personal Travel,Eco,1034,2,4,2,2,5,2,3,5,5,5,4,5,5,3.77,0,0,FALSE
Male,Loyal Customer,52,Business Travel,Business,1671,1,1,1,1,4,4,4,4,4,4,4,5,5,3.23,0,0,TRUE
Female,Loyal Customer,28,Personal Travel,Business,317,3,5,3,2,4,3,4,4,3,5,4,1,4,3.46,0,0,FALSE
Female,Loyal Customer,30,Personal Travel,Eco,200,2,2,0,2,4,0,4,4,1,4,2,4,4,2.54,0,23,FALSE
Female,Loyal Customer,49,Personal Travel,Eco,926,3,4,2,5,3,5,5,1,1,2,1,5,5,3.23,0,0,FALSE
Male,Loyal Customer,50,Business Travel,Business,2043,3,3,3,3,3,4,5,4,4,4,4,4,4,3.69,5,0,TRUE
Female,Loyal Customer,41,Business Travel,Business,199,3,3,3,3,1,1,3,4,4,4,4,2,4,3,0,0,TRUE
Male,Loyal Customer,59,Personal Travel,Eco,972,3,5,3,2,2,3,5,2,4,2,5,4,2,3.23,0,0,FALSE
Male,Disloyal Customer,24,Business Travel,Eco,1739,1,1,1,3,5,1,5,5,3,3,2,2,5,2.85,0,0,FALSE
Male,Loyal Customer,50,Personal Travel,Eco,361,4,5,4,3,4,4,4,4,5,2,5,5,4,4.08,0,0,FALSE
Male,Loyal Customer,33,Personal Travel,Eco,259,2,3,0,4,4,0,4,4,2,2,1,1,4,2.38,0,0,FALSE
Female,Loyal Customer,27,Business Travel,Business,1598,4,4,4,4,4,4,4,4,4,3,4,3,4,3.85,0,0,TRUE
Male,Loyal Customer,70,Personal Travel,Eco,746,1,2,1,4,2,1,5,2,1,3,3,4,2,2.38,45,49,FALSE
Male,Loyal Customer,64,Personal Travel,Eco,928,3,3,3,1,1,3,1,1,4,3,4,1,1,2.23,19,17,FALSE
Female,Disloyal Customer,16,Business Travel,Eco Plus,838,3,1,3,4,2,3,2,2,2,5,3,2,2,2.62,1,0,FALSE
Female,Loyal Customer,43,Business Travel,Business,954,4,4,4,4,4,4,4,5,5,5,5,5,4,4.38,0,0,TRUE
Female,Disloyal Customer,40,Business Travel,Business,663,4,4,4,3,1,4,1,1,3,2,4,5,1,2.85,0,0,TRUE
Female,Loyal Customer,10,Personal Travel,Eco,86,4,2,4,3,4,4,4,4,2,1,4,1,4,3.15,0,0,FALSE
Female,Loyal Customer,38,Business Travel,Business,358,2,2,4,2,5,5,5,4,4,5,4,5,5,4,0,0,TRUE
Male,Disloyal Customer,50,Business Travel,Business,1947,3,3,3,1,1,3,1,1,4,2,3,5,1,2.38,0,6,FALSE
Male,Loyal Customer,35,Business Travel,Eco Plus,852,5,3,3,3,5,5,5,5,1,5,5,4,5,4.15,80,57,TRUE
Male,Loyal Customer,34,Business Travel,Business,861,2,2,2,2,4,3,2,5,5,5,5,4,4,3.46,0,0,TRUE
Female,Loyal Customer,56,Business Travel,Business,1724,2,2,2,2,1,5,1,5,5,5,5,1,5,3.15,0,0,TRUE
Male,Loyal Customer,59,Business Travel,Business,1045,1,1,4,1,2,4,5,2,2,2,2,4,4,2.62,9,0,TRUE
Male,Loyal Customer,25,Business Travel,Business,2615,3,3,3,3,3,3,3,3,5,2,4,3,3,3.15,16,6,TRUE
Female,Loyal Customer,17,Personal Travel,Eco,1167,1,5,1,2,3,1,3,3,5,2,5,4,3,2.92,0,0,FALSE
Female,Loyal Customer,46,Business Travel,Business,2560,2,1,3,3,2,3,4,2,2,2,2,2,2,2.31,0,0,FALSE
Female,Loyal Customer,62,Business Travel,Business,746,2,4,1,1,2,4,4,2,2,2,2,3,4,2.54,0,0,FALSE
Female,Loyal Customer,37,Personal Travel,Eco,993,1,4,1,1,5,1,5,5,3,4,4,4,5,3.31,0,0,FALSE
Male,Loyal Customer,38,Business Travel,Business,1581,4,4,4,4,5,5,5,3,3,3,3,2,1,3.54,11,11,TRUE
Female,Loyal Customer,62,Personal Travel,Eco,501,4,5,4,2,4,4,4,4,4,4,4,5,5,4.08,0,0,TRUE
Female,Disloyal Customer,27,Business Travel,Eco,605,2,5,2,1,1,2,1,1,4,2,4,3,1,2.23,0,0,FALSE
Female,Loyal Customer,64,Business Travel,Business,365,1,1,1,1,3,4,4,5,5,5,5,4,5,3.38,0,0,TRUE
Female,Disloyal Customer,33,Business Travel,Eco,669,1,1,1,3,5,1,5,5,4,3,3,4,5,3.15,0,7,FALSE
Female,Loyal Customer,47,Business Travel,Eco Plus,216,5,3,3,3,1,3,1,5,5,5,5,1,1,3.15,0,0,TRUE
Female,Loyal Customer,48,Business Travel,Business,2089,1,1,1,1,3,4,5,5,5,5,5,5,4,3.46,0,0,TRUE
Male,Loyal Customer,69,Business Travel,Business,3358,2,4,4,4,2,3,4,3,3,3,2,1,1,2.77,0,27,FALSE
Male,Loyal Customer,67,Personal Travel,Eco,925,2,5,2,2,2,5,5,3,2,1,4,5,5,3.31,182,162,FALSE
Female,Disloyal Customer,36,Business Travel,Business,605,3,3,3,3,5,3,5,5,3,3,4,4,5,3.77,15,3,FALSE
Male,Loyal Customer,40,Business Travel,Business,1922,2,2,5,2,5,4,5,5,5,5,4,3,3,3.85,0,0,TRUE
Female,Loyal Customer,15,Personal Travel,Eco,500,3,4,3,1,3,3,3,3,3,5,5,4,3,3.31,0,0,FALSE
Male,Loyal Customer,10,Business Travel,Business,986,4,3,3,3,4,4,4,4,3,3,2,3,4,3.38,7,8,FALSE
Male,Loyal Customer,54,Business Travel,Business,3128,5,5,5,5,2,5,5,4,4,4,4,4,4,4.31,3,0,TRUE
Male,Loyal Customer,56,Personal Travel,Eco,325,4,5,4,3,4,4,4,4,1,2,2,4,4,3.46,0,4,TRUE
Male,Loyal Customer,45,Personal Travel,Eco,577,4,4,4,5,1,4,1,1,5,5,4,4,1,3.31,6,7,FALSE
Female,Loyal Customer,41,Business Travel,Business,2246,1,1,1,1,2,5,5,4,4,5,4,3,3,3,27,20,TRUE
Female,Loyal Customer,34,Business Travel,Business,1074,3,3,3,3,2,5,1,3,3,4,3,1,5,3,34,1,TRUE
Male,Disloyal Customer,61,Business Travel,Business,347,4,4,4,3,1,4,1,1,3,4,4,4,1,2.92,0,0,TRUE
Male,Loyal Customer,52,Personal Travel,Eco,529,1,5,2,1,4,2,4,4,3,4,5,5,4,3.38,0,0,FALSE
Male,Loyal Customer,66,Personal Travel,Eco,919,3,3,3,3,5,3,5,5,3,3,3,2,5,3.54,0,0,FALSE
Male,Disloyal Customer,43,Business Travel,Eco,169,2,0,2,3,1,2,1,1,3,4,2,3,1,1.92,0,0,FALSE
Female,Loyal Customer,20,Personal Travel,Eco,296,4,4,4,3,1,4,1,1,5,4,5,4,1,3.15,11,4,FALSE
Female,Disloyal Customer,33,Business Travel,Business,612,2,2,2,3,2,2,5,2,5,4,5,3,2,3,10,9,FALSE
Female,Loyal Customer,47,Business Travel,Business,214,1,1,1,1,5,5,5,5,5,5,4,5,5,3.69,0,10,TRUE
Male,Loyal Customer,29,Personal Travel,Eco,334,3,5,3,1,1,3,1,1,1,1,4,3,1,2.15,56,54,FALSE
Female,Loyal Customer,42,Business Travel,Business,2884,5,2,5,5,2,4,5,5,5,5,5,3,4,4.23,0,0,TRUE
Male,Loyal Customer,54,Business Travel,Business,1747,3,5,5,5,2,4,3,3,3,3,3,1,1,3.15,0,0,FALSE
Male,Loyal Customer,55,Business Travel,Business,853,2,2,2,2,1,1,3,4,4,4,4,4,3,2.77,0,0,TRUE
Female,Disloyal Customer,22,Business Travel,Eco,223,3,3,3,4,4,3,3,4,1,2,3,3,4,3.08,22,14,FALSE
Female,Loyal Customer,54,Business Travel,Business,696,4,3,3,3,3,2,3,4,4,3,4,4,4,3.38,0,0,FALSE
Female,Loyal Customer,35,Business Travel,Business,2650,2,3,1,3,5,2,3,2,2,2,2,2,4,2.54,45,35,FALSE
Male,Loyal Customer,37,Business Travel,Business,1024,2,2,2,2,1,3,1,5,5,5,5,3,4,3.08,0,14,TRUE
Male,Loyal Customer,39,Personal Travel,Eco,547,2,2,2,3,2,2,2,2,4,4,3,2,2,2.46,0,0,FALSE
Male,Loyal Customer,47,Business Travel,Eco,296,4,4,4,4,4,4,4,4,1,2,1,4,4,3.38,0,0,TRUE
Female,Loyal Customer,52,Business Travel,Business,966,4,4,4,4,2,4,5,4,4,4,4,5,5,4.08,3,0,TRUE
Female,Loyal Customer,39,Business Travel,Business,3894,2,2,5,2,1,5,3,5,5,5,5,1,5,3.54,0,7,TRUE
Female,Loyal Customer,27,Business Travel,Business,719,5,5,5,5,5,5,5,5,5,4,5,5,5,4.92,0,0,TRUE
Female,Disloyal Customer,33,Business Travel,Business,395,4,4,4,4,4,4,4,4,5,2,5,5,4,4.08,20,0,FALSE
Male,Loyal Customer,10,Personal Travel,Eco,539,3,5,3,1,4,3,5,4,4,2,5,5,4,3.69,0,0,FALSE
Female,Loyal Customer,70,Personal Travel,Eco,1300,2,4,1,3,2,4,5,1,1,1,2,3,5,2.62,14,0,FALSE
Male,Loyal Customer,16,Business Travel,Business,296,4,4,1,4,4,4,4,4,4,5,4,4,4,3.85,0,0,TRUE
Female,Loyal Customer,38,Business Travel,Business,925,1,1,1,1,4,4,4,5,5,5,5,3,3,3.23,54,33,TRUE
Female,Loyal Customer,40,Business Travel,Eco Plus,641,2,4,1,4,2,2,2,2,2,3,4,3,2,2.54,51,45,FALSE
Female,Loyal Customer,14,Personal Travel,Eco,293,5,5,5,3,1,5,1,1,3,4,4,3,1,3.15,16,13,TRUE
Female,Loyal Customer,28,Personal Travel,Eco Plus,299,3,2,3,2,4,3,4,4,3,3,1,4,4,3.08,0,0,FALSE
Male,Disloyal Customer,22,Business Travel,Eco,1249,2,2,2,3,4,2,4,4,1,5,3,1,4,2.85,0,6,FALSE
Male,Loyal Customer,49,Business Travel,Business,2446,4,5,5,5,4,4,4,1,5,2,4,4,4,3.92,136,129,FALSE
Male,Disloyal Customer,29,Business Travel,Eco,599,3,3,3,3,5,3,5,5,3,4,4,4,5,3.85,58,38,FALSE
Male,Loyal Customer,38,Business Travel,Business,1475,2,4,4,4,1,3,3,2,2,2,2,2,3,2.62,0,8,FALSE
Female,Disloyal Customer,29,Business Travel,Eco,859,3,3,3,4,4,3,4,4,4,1,3,3,4,3.31,2,0,FALSE
Male,Loyal Customer,45,Business Travel,Business,1440,2,2,2,2,5,5,4,5,5,5,5,5,5,4,0,10,TRUE
Male,Loyal Customer,24,Personal Travel,Eco,731,4,1,4,3,2,4,2,2,4,3,4,1,2,2.77,2,0,FALSE
Male,Loyal Customer,55,Business Travel,Business,3900,2,5,5,5,2,3,3,2,2,2,2,2,1,2.77,0,0,FALSE
Female,Disloyal Customer,49,Business Travel,Business,2556,4,4,4,3,4,4,4,4,5,4,3,4,4,3.92,60,25,TRUE
Female,Loyal Customer,54,Business Travel,Eco,447,3,5,5,5,5,3,3,3,3,3,3,4,2,3.62,0,0,FALSE
Female,Loyal Customer,40,Business Travel,Business,1654,4,3,3,3,3,4,4,1,1,2,4,3,4,3,0,0,FALSE
Female,Loyal Customer,27,Personal Travel,Eco,101,3,5,3,1,1,3,4,1,3,2,2,5,1,2.62,0,0,FALSE
Male,Loyal Customer,85,Business Travel,Business,1666,3,1,1,1,3,3,3,4,2,4,3,3,3,2.62,0,5,FALSE
Male,Loyal Customer,35,Personal Travel,Eco Plus,1670,3,2,3,2,3,3,3,3,4,1,3,2,3,2.69,14,0,FALSE
Female,Loyal Customer,56,Business Travel,Business,1827,3,3,3,3,2,3,3,3,3,3,3,1,4,2.85,0,0,FALSE
Female,Loyal Customer,11,Personal Travel,Eco,543,2,5,2,4,3,2,1,3,4,2,4,4,3,3,40,29,FALSE
Female,Loyal Customer,31,Personal Travel,Eco,829,1,4,1,4,3,1,3,3,4,4,4,4,3,3,11,0,FALSE
Male,Loyal Customer,59,Business Travel,Eco,888,3,5,5,5,3,3,3,3,2,5,3,1,3,3.38,2,0,FALSE
Female,Disloyal Customer,37,Business Travel,Eco,1204,2,2,2,4,3,2,3,3,3,3,4,2,3,2.77,0,0,FALSE
Female,Loyal Customer,57,Personal Travel,Eco,407,2,5,2,2,3,3,4,2,2,2,2,5,5,3,23,4,FALSE
Female,Disloyal Customer,10,Business Travel,Eco,861,3,3,3,3,3,3,5,3,2,3,3,5,5,3.38,263,257,FALSE
Female,Loyal Customer,31,Business Travel,Business,746,3,3,3,3,5,5,5,5,5,3,5,4,5,4.15,0,0,TRUE
Female,Loyal Customer,41,Business Travel,Business,1444,2,2,3,2,4,5,4,3,3,3,3,5,5,3.38,2,0,TRUE
Female,Loyal Customer,42,Business Travel,Business,2895,4,4,4,4,5,5,5,5,5,5,5,4,5,4.62,20,7,TRUE
Female,Loyal Customer,9,Personal Travel,Eco,2065,1,4,1,1,1,2,2,4,5,4,4,2,2,2.54,144,117,FALSE
Male,Loyal Customer,51,Business Travel,Business,3598,3,3,3,3,4,5,4,5,5,5,5,5,3,4.08,84,91,TRUE
Female,Loyal Customer,58,Business Travel,Business,2869,4,4,4,4,5,3,3,4,4,4,4,3,1,3.62,0,0,FALSE
Female,Loyal Customer,36,Personal Travel,Eco,405,2,3,2,4,5,2,2,5,1,1,5,5,5,3.23,10,10,FALSE
Male,Loyal Customer,51,Business Travel,Business,1875,5,5,5,5,5,4,4,4,4,4,4,3,4,4.31,0,4,TRUE
Female,Loyal Customer,50,Business Travel,Business,3444,2,2,3,2,4,5,4,4,4,4,4,5,4,3.62,0,0,TRUE
Female,Disloyal Customer,34,Business Travel,Business,920,1,1,1,1,5,1,5,5,3,4,5,3,5,3.08,81,120,FALSE
Female,Disloyal Customer,28,Business Travel,Eco,733,1,1,1,3,1,1,3,3,1,4,3,3,3,2.15,0,13,FALSE
Male,Loyal Customer,17,Personal Travel,Eco,563,2,4,2,3,1,2,1,1,5,3,4,4,1,2.54,0,13,FALSE
Female,Loyal Customer,58,Personal Travel,Eco,399,3,2,3,2,3,2,3,5,5,3,5,4,1,3.15,0,0,FALSE
Male,Loyal Customer,65,Personal Travel,Eco,760,2,5,2,1,1,2,1,1,1,5,2,3,1,2.08,0,0,FALSE
Male,Loyal Customer,55,Personal Travel,Eco,236,4,5,4,4,4,4,4,4,3,2,4,5,4,3.92,0,0,FALSE
Male,Loyal Customer,43,Business Travel,Business,2696,2,5,5,5,4,4,4,2,2,2,2,3,3,3.31,0,10,FALSE
Female,Disloyal Customer,27,Business Travel,Eco,728,2,2,2,4,5,2,5,5,1,4,3,1,5,3.15,1,0,FALSE
Male,Loyal Customer,65,Personal Travel,Eco,259,1,4,1,3,2,1,2,2,3,2,3,3,2,2.23,0,0,FALSE
Female,Loyal Customer,45,Personal Travel,Eco,895,2,5,2,4,4,3,2,2,2,2,2,1,3,2.62,11,0,FALSE
Female,Loyal Customer,42,Personal Travel,Eco,763,2,4,2,3,2,4,5,2,2,2,4,3,3,2.92,0,0,FALSE
Female,Loyal Customer,21,Personal Travel,Eco,369,3,3,4,2,4,4,4,4,3,3,2,2,4,3.23,0,0,FALSE
Female,Disloyal Customer,61,Business Travel,Eco,359,2,1,2,3,3,2,3,3,2,3,4,3,3,2.62,0,0,FALSE
Male,Loyal Customer,42,Business Travel,Business,3001,2,2,2,2,3,4,5,5,5,5,5,3,3,3.54,0,15,TRUE
Male,Loyal Customer,40,Business Travel,Eco,125,3,1,1,1,3,3,3,3,2,1,3,1,3,2.15,8,6,TRUE
Female,Loyal Customer,44,Business Travel,Business,1905,5,5,5,5,4,5,1,5,5,5,5,4,3,4.38,0,0,TRUE
Male,Loyal Customer,56,Business Travel,Eco,925,2,4,3,4,2,2,2,2,1,2,4,1,2,2.38,0,0,FALSE
Female,Loyal Customer,62,Personal Travel,Eco,1416,1,4,1,3,4,4,5,1,1,1,1,3,1,2.31,0,1,FALSE
Female,Loyal Customer,46,Business Travel,Eco,1739,1,3,3,3,4,3,2,1,1,1,1,1,3,2.08,36,4,FALSE
Female,Disloyal Customer,27,Business Travel,Business,515,3,3,3,2,5,3,5,5,4,5,4,3,5,3.85,0,7,FALSE
Male,Loyal Customer,37,Business Travel,Eco Plus,1340,3,1,1,1,3,4,3,3,2,2,4,1,3,2.38,5,2,FALSE
Female,Loyal Customer,46,Business Travel,Business,3736,5,5,5,5,2,1,4,5,5,5,5,4,3,4.15,21,31,TRUE
Male,Loyal Customer,51,Personal Travel,Business,125,1,2,1,4,3,4,4,4,4,1,1,2,3,2.62,18,21,FALSE
Female,Loyal Customer,21,Personal Travel,Eco Plus,425,1,2,1,3,4,1,4,4,3,1,4,4,4,2.77,0,0,FALSE
Female,Loyal Customer,31,Personal Travel,Eco Plus,895,1,5,1,2,5,1,5,5,4,2,4,4,5,3.38,5,0,FALSE
Female,Loyal Customer,40,Business Travel,Business,224,5,5,5,5,5,4,5,5,5,5,5,5,5,4.92,9,0,TRUE
Female,Loyal Customer,42,Business Travel,Business,472,4,4,4,4,2,4,5,5,5,5,5,5,5,4.38,0,0,TRUE
Female,Disloyal Customer,28,Business Travel,Eco Plus,1620,3,3,3,4,5,3,5,5,1,4,2,2,5,3.46,36,17,FALSE
Female,Loyal Customer,51,Business Travel,Business,3117,4,4,4,4,3,5,5,5,5,5,5,3,4,4.31,0,0,TRUE
Female,Disloyal Customer,56,Business Travel,Eco,270,1,0,2,2,3,2,3,3,5,5,5,2,3,2.77,0,0,FALSE
Male,Loyal Customer,51,Business Travel,Business,2773,3,3,5,3,4,4,5,5,5,5,5,5,4,4.31,0,0,TRUE
Female,Disloyal Customer,22,Business Travel,Business,622,5,0,5,3,4,5,4,4,5,5,4,5,4,4.08,0,0,TRUE
Male,Loyal Customer,42,Business Travel,Business,2584,4,4,4,4,3,3,3,4,4,3,4,4,2,3.54,4,0,FALSE
Male,Loyal Customer,56,Business Travel,Eco,760,2,3,2,3,2,2,2,2,4,4,1,3,2,2.46,0,0,TRUE
Female,Loyal Customer,36,Business Travel,Business,2474,1,1,1,1,3,5,4,5,5,5,4,5,5,3.46,0,0,TRUE
Female,Disloyal Customer,21,Business Travel,Eco,118,3,2,3,3,2,3,2,2,1,2,4,2,2,2.38,0,0,FALSE
Female,Disloyal Customer,22,Business Travel,Eco,1099,4,4,4,3,1,4,1,1,3,2,5,3,1,2.77,0,0,TRUE
Female,Loyal Customer,34,Business Travel,Business,2508,2,3,3,3,2,1,2,2,2,2,2,4,3,2.38,0,0,FALSE
Female,Loyal Customer,51,Business Travel,Business,2293,5,5,5,5,2,4,5,4,4,4,4,4,4,4.23,0,0,TRUE
Female,Loyal Customer,53,Personal Travel,Eco,223,3,4,3,5,3,4,5,3,3,3,5,3,4,3.69,0,0,FALSE
Male,Loyal Customer,47,Business Travel,Business,366,3,3,3,3,2,5,4,5,5,5,5,3,3,3.77,0,0,TRUE
Female,Loyal Customer,37,Business Travel,Business,301,3,4,4,4,4,3,3,3,3,3,3,1,1,3,79,59,FALSE
Female,Loyal Customer,54,Business Travel,Business,432,2,2,2,2,4,4,4,4,4,4,4,4,3,3.31,0,0,TRUE
Male,Loyal Customer,21,Business Travel,Business,2014,3,1,5,5,3,3,3,3,1,3,3,4,3,3.08,22,16,FALSE
Female,Disloyal Customer,28,Business Travel,Eco,679,2,2,2,2,1,2,3,1,2,3,2,3,1,2,46,39,FALSE
Male,Disloyal Customer,47,Business Travel,Business,232,1,1,1,4,5,1,2,5,4,1,4,2,5,2.77,0,0,FALSE
Female,Loyal Customer,42,Business Travel,Business,337,2,2,2,2,2,5,4,5,5,5,5,3,4,3.54,58,57,TRUE
Female,Loyal Customer,24,Business Travel,Business,2582,3,3,5,3,5,5,5,5,4,1,4,1,5,3.77,0,0,TRUE
Female,Loyal Customer,32,Personal Travel,Eco,329,3,5,3,3,2,3,2,2,4,5,3,5,2,3.23,3,0,FALSE
Male,Loyal Customer,49,Business Travel,Business,3036,2,5,5,5,5,4,3,2,2,2,2,1,3,3.15,0,14,FALSE
Female,Loyal Customer,32,Personal Travel,Eco,829,4,4,4,1,3,4,2,3,3,5,5,4,3,3.46,5,0,FALSE
Male,Loyal Customer,15,Business Travel,Eco,1990,3,5,2,2,3,3,1,3,3,3,4,1,3,2.77,0,0,FALSE
Male,Loyal Customer,26,Business Travel,Business,2295,3,3,3,3,2,2,2,3,4,5,4,2,2,2.92,17,11,TRUE
Male,Loyal Customer,51,Business Travel,Business,325,1,1,4,1,2,5,5,4,4,4,4,5,3,3.31,0,0,TRUE
Female,Disloyal Customer,21,Business Travel,Eco,404,2,1,2,3,4,2,4,4,3,4,3,1,4,2.85,0,6,FALSE
Male,Loyal Customer,25,Personal Travel,Eco,216,0,5,0,3,5,0,5,5,3,2,5,4,5,3.23,0,0,TRUE
Male,Disloyal Customer,26,Business Travel,Eco,1754,2,2,2,2,3,2,3,3,2,2,3,3,3,2.46,69,52,FALSE
Male,Disloyal Customer,20,Business Travel,Eco,594,5,3,5,2,1,5,1,1,2,3,3,1,1,2.54,1,0,TRUE
Male,Loyal Customer,42,Business Travel,Eco,554,5,1,1,1,5,5,5,5,1,3,4,1,5,3.23,34,34,TRUE
Female,Loyal Customer,43,Business Travel,Business,3967,5,5,5,5,3,4,4,5,5,5,5,3,3,4.38,1,0,TRUE
Female,Loyal Customer,36,Personal Travel,Eco,101,4,1,4,2,3,4,3,3,2,2,1,2,3,2.62,24,21,TRUE
Female,Disloyal Customer,26,Business Travel,Eco,101,3,1,3,4,5,3,5,5,1,3,3,1,5,3.23,0,6,FALSE
Male,Loyal Customer,50,Business Travel,Eco,551,1,3,3,3,1,1,1,1,1,3,4,2,1,1.92,0,0,FALSE
Female,Loyal Customer,61,Personal Travel,Eco,391,1,4,1,2,2,4,4,5,5,1,5,3,5,3.23,0,9,FALSE
Male,Loyal Customer,46,Business Travel,Business,130,1,1,1,1,2,5,5,4,4,4,4,4,5,3.15,0,0,TRUE
Male,Loyal Customer,45,Business Travel,Business,3423,4,1,1,1,2,3,4,4,4,4,4,3,1,2.77,0,0,FALSE
Male,Loyal Customer,38,Personal Travel,Eco,409,2,5,2,5,2,2,2,2,5,2,5,3,2,3,0,0,FALSE
Female,Loyal Customer,32,Personal Travel,Eco,175,2,5,2,1,1,2,1,1,3,5,4,5,1,2.54,0,0,FALSE
Male,Loyal Customer,37,Business Travel,Business,3041,2,5,5,5,2,3,2,3,3,3,2,3,4,3.23,0,1,FALSE
Male,Disloyal Customer,15,Business Travel,Business,668,5,0,5,5,3,5,3,3,4,3,4,5,3,3.69,0,0,TRUE
Female,Loyal Customer,17,Personal Travel,Eco,677,3,4,3,1,5,3,5,5,3,5,5,3,5,3.85,0,0,FALSE
Male,Loyal Customer,57,Personal Travel,Eco Plus,196,3,3,3,1,2,3,3,2,5,1,4,1,2,2.54,50,45,FALSE
Male,Loyal Customer,44,Business Travel,Business,270,3,2,2,2,3,3,3,3,3,3,3,4,4,2.92,0,0,FALSE
Female,Loyal Customer,52,Business Travel,Business,3177,4,4,4,4,4,4,4,3,1,3,1,4,4,3.38,77,65,TRUE
Male,Disloyal Customer,23,Business Travel,Eco,1019,4,4,4,2,4,4,4,4,3,5,5,5,4,4,0,4,TRUE
Female,Disloyal Customer,24,Business Travel,Eco,274,3,5,3,2,1,3,1,1,5,1,5,2,1,2.54,17,22,FALSE
Female,Disloyal Customer,72,Business Travel,Eco,308,2,0,2,1,1,2,1,1,4,5,5,1,1,2,93,91,FALSE
Male,Loyal Customer,54,Business Travel,Business,2422,1,1,1,1,4,4,4,4,4,4,4,4,3,3,0,0,TRUE
Female,Loyal Customer,57,Business Travel,Business,3760,5,5,5,5,4,4,5,3,3,4,3,4,5,4.23,0,13,TRUE
Male,Loyal Customer,23,Business Travel,Eco Plus,383,5,4,4,4,5,5,5,5,5,1,5,3,5,4.31,9,5,TRUE
Male,Loyal Customer,42,Business Travel,Eco,239,3,3,4,4,3,3,3,3,2,1,3,4,3,3,0,0,FALSE
Male,Loyal Customer,35,Business Travel,Business,590,4,3,4,4,2,5,4,4,4,4,4,4,4,3.85,12,103,TRUE
Male,Disloyal Customer,27,Business Travel,Business,1121,3,3,3,3,3,3,3,3,2,5,3,2,3,3,3,1,FALSE
Male,Loyal Customer,39,Business Travel,Business,2415,4,4,4,4,4,4,5,4,4,4,4,3,4,4,6,13,TRUE
Male,Loyal Customer,29,Business Travel,Eco Plus,1065,1,1,1,1,1,1,1,1,1,1,4,3,1,1.38,0,0,FALSE
Male,Loyal Customer,10,Personal Travel,Eco,1120,3,5,2,2,3,2,3,3,5,3,5,4,3,3.31,105,111,FALSE
Female,Loyal Customer,48,Business Travel,Eco,1127,2,4,4,4,2,1,2,2,2,2,2,3,1,2.38,19,20,FALSE
Female,Disloyal Customer,52,Business Travel,Eco,861,1,1,1,4,4,1,4,4,1,1,4,1,4,2.38,0,1,FALSE
Female,Loyal Customer,47,Business Travel,Eco,1044,2,2,2,2,5,4,3,2,2,2,2,2,4,2.62,5,8,FALSE
Female,Loyal Customer,37,Business Travel,Business,1847,3,3,3,3,2,4,5,5,5,5,5,5,3,3.92,0,0,TRUE
Male,Loyal Customer,57,Business Travel,Eco,612,2,4,4,4,2,2,2,2,3,5,4,3,2,3,30,36,TRUE
Female,Disloyal Customer,41,Business Travel,Business,353,5,4,4,2,1,5,1,1,1,4,1,1,1,2.38,0,0,TRUE
Female,Loyal Customer,35,Personal Travel,Eco,550,4,2,4,3,2,4,5,2,2,5,1,1,2,2.85,0,0,FALSE
Male,Loyal Customer,63,Personal Travel,Eco,852,1,4,1,4,1,1,1,1,5,5,4,3,1,2.46,48,77,FALSE
Male,Loyal Customer,48,Business Travel,Eco,271,3,1,1,1,3,3,3,3,2,5,3,2,3,2.54,0,0,FALSE
Female,Loyal Customer,49,Personal Travel,Eco,964,4,4,4,1,5,5,4,2,2,4,3,3,5,3.54,0,0,FALSE
Female,Loyal Customer,36,Business Travel,Business,3080,3,3,3,3,2,1,1,5,5,5,5,2,1,3,20,0,TRUE
Male,Loyal Customer,53,Business Travel,Business,296,3,3,3,3,5,5,4,5,5,4,5,4,3,4,0,0,TRUE
Female,Loyal Customer,38,Business Travel,Business,189,0,5,0,2,4,4,4,2,2,2,2,5,3,2.69,0,0,TRUE
Female,Loyal Customer,67,Personal Travel,Eco,1129,2,1,2,3,5,2,4,5,5,2,5,2,3,3.15,2,0,FALSE
Male,Loyal Customer,39,Business Travel,Business,1547,4,4,4,4,4,5,4,5,5,5,5,3,4,4.31,0,0,TRUE
Female,Loyal Customer,27,Business Travel,Business,1846,2,2,2,2,3,4,3,3,5,4,5,5,3,3.31,0,0,TRUE
Male,Loyal Customer,37,Business Travel,Eco Plus,1046,1,1,1,1,1,1,1,3,4,4,3,1,1,1.77,123,138,FALSE
Female,Loyal Customer,35,Business Travel,Eco,587,4,4,4,4,4,4,4,4,3,4,4,3,4,3.85,7,0,TRUE
Male,Loyal Customer,61,Personal Travel,Eco,1014,3,2,3,4,2,3,2,2,1,5,4,1,2,2.62,0,0,FALSE
Male,Loyal Customer,28,Personal Travel,Eco,502,2,4,2,4,1,2,1,1,3,4,3,3,1,2.38,0,37,FALSE
Female,Loyal Customer,18,Personal Travel,Business,862,4,5,5,4,4,5,4,4,4,1,4,3,4,3.92,0,0,FALSE
Male,Loyal Customer,58,Business Travel,Business,334,1,1,1,1,2,5,5,5,5,5,5,5,3,3.38,0,0,TRUE
Male,Loyal Customer,43,Business Travel,Business,657,4,4,4,4,1,2,5,4,4,4,4,2,5,3.62,0,0,TRUE
Female,Disloyal Customer,10,Business Travel,Eco,585,1,0,1,3,4,1,2,4,1,2,5,3,4,2.38,0,2,FALSE
Male,Loyal Customer,29,Personal Travel,Eco,1488,1,1,1,2,4,1,5,4,3,1,3,2,4,2.46,6,3,FALSE
Female,Disloyal Customer,13,Business Travel,Business,551,0,0,0,5,3,0,3,3,3,4,5,4,3,2.54,76,69,TRUE
Male,Loyal Customer,44,Business Travel,Business,427,3,4,4,4,3,4,3,3,3,3,3,2,1,3.08,87,76,FALSE
Female,Loyal Customer,46,Personal Travel,Eco,216,1,0,1,2,2,2,3,3,3,1,4,1,3,2,0,0,FALSE
Male,Loyal Customer,30,Business Travel,Business,3190,5,5,5,5,2,2,2,2,4,3,3,2,2,3.23,0,0,TRUE
Female,Loyal Customer,26,Business Travel,Business,1205,5,5,5,5,4,4,4,4,5,3,5,3,4,4.31,0,0,TRUE
Female,Disloyal Customer,14,Business Travel,Eco,530,3,4,2,4,3,2,3,3,1,5,4,2,3,3,0,0,FALSE
Female,Loyal Customer,25,Business Travel,Business,1716,1,1,1,1,2,2,2,2,3,5,4,5,2,2.38,0,0,TRUE
Female,Loyal Customer,44,Personal Travel,Eco,954,4,5,4,3,3,3,4,2,2,4,5,2,1,3.23,0,10,FALSE
Female,Loyal Customer,32,Personal Travel,Eco,491,2,2,2,4,1,2,1,1,1,3,4,4,1,2.15,0,0,FALSE
Female,Loyal Customer,52,Personal Travel,Eco Plus,948,4,4,4,4,3,2,3,3,3,4,3,3,4,3.38,0,0,TRUE
Male,Loyal Customer,57,Business Travel,Business,3370,2,2,3,2,3,5,5,4,4,4,4,4,5,3.62,18,8,TRUE
Female,Loyal Customer,32,Personal Travel,Eco,564,2,4,2,1,3,2,3,3,4,3,5,5,3,3.08,0,0,FALSE
Male,Loyal Customer,45,Personal Travel,Eco,680,2,1,2,4,5,2,1,5,3,4,4,2,5,3.08,0,2,FALSE
Male,Loyal Customer,28,Personal Travel,Eco,2475,1,4,1,3,2,1,2,2,4,5,3,5,2,2.69,55,42,FALSE
Male,Loyal Customer,53,Business Travel,Business,2902,1,1,1,1,4,5,5,4,4,4,4,3,5,3.23,122,110,TRUE
Male,Disloyal Customer,71,Business Travel,Eco,1080,2,2,2,2,1,2,1,1,2,1,2,3,1,1.69,3,11,FALSE
Male,Loyal Customer,62,Personal Travel,Eco,737,3,4,3,3,3,3,3,3,5,2,5,1,3,3.15,0,0,FALSE
Male,Loyal Customer,38,Personal Travel,Eco,489,5,2,2,4,4,2,4,4,2,4,3,3,4,3.31,0,0,TRUE
Male,Disloyal Customer,36,Business Travel,Eco,125,2,0,2,1,3,2,4,3,4,5,1,4,3,2.62,0,0,FALSE
Male,Loyal Customer,53,Business Travel,Business,2488,1,1,1,1,4,4,5,2,2,2,2,5,5,2.69,0,4,TRUE
Male,Loyal Customer,67,Personal Travel,Eco,315,3,4,3,4,5,3,5,5,1,3,4,3,5,3.69,6,0,FALSE
Female,Loyal Customer,45,Personal Travel,Eco,405,2,4,4,3,4,1,1,3,2,4,5,1,1,2.69,148,137,FALSE
Female,Loyal Customer,46,Personal Travel,Eco,557,3,4,3,1,4,5,5,5,5,3,5,5,3,3.92,14,24,FALSE
Male,Loyal Customer,42,Personal Travel,Eco,332,3,2,3,4,5,3,5,5,1,3,4,1,5,3.38,0,0,FALSE
Male,Loyal Customer,66,Personal Travel,Eco,1035,5,4,5,5,5,5,5,5,5,3,4,5,5,4.69,0,0,TRUE
Female,Loyal Customer,23,Business Travel,Business,1558,3,3,3,3,3,3,3,3,1,5,3,1,3,2.85,6,4,FALSE
Male,Loyal Customer,68,Personal Travel,Business,240,4,4,4,5,3,4,4,3,3,4,4,3,3,3.69,0,0,TRUE
Female,Loyal Customer,42,Business Travel,Business,983,2,2,2,2,3,5,5,4,4,5,4,3,3,3.38,4,0,TRUE
Male,Loyal Customer,55,Business Travel,Business,2917,2,2,2,2,2,5,5,5,5,5,5,5,5,3.85,6,10,TRUE
Female,Loyal Customer,45,Business Travel,Eco,695,4,3,3,3,5,4,4,4,4,4,4,5,4,3.92,0,0,TRUE
Female,Loyal Customer,36,Personal Travel,Eco,2036,4,4,4,2,3,4,3,3,3,4,5,3,3,3.46,0,0,FALSE
Female,Loyal Customer,9,Personal Travel,Eco Plus,1199,2,3,2,1,1,2,1,1,5,5,5,2,1,2.38,15,15,FALSE
Male,Loyal Customer,27,Business Travel,Business,160,2,2,2,2,5,5,5,5,3,5,4,1,5,3.54,0,0,TRUE
Female,Loyal Customer,77,Business Travel,Eco,2288,3,1,1,1,4,3,2,3,3,3,3,3,3,2.54,47,28,FALSE
Male,Loyal Customer,37,Business Travel,Business,2069,3,3,3,3,3,5,4,5,5,5,4,2,1,3.54,0,0,TRUE
Female,Disloyal Customer,40,Business Travel,Business,239,2,2,2,5,4,2,4,4,3,4,4,3,4,3.31,0,0,FALSE
Male,Loyal Customer,43,Business Travel,Business,2139,4,4,4,4,2,4,5,4,4,4,4,5,5,4.08,2,0,TRUE
Male,Loyal Customer,53,Business Travel,Business,2264,4,4,4,4,4,4,4,4,4,4,4,4,4,4,0,0,TRUE
Female,Disloyal Customer,37,Business Travel,Eco,369,1,4,1,4,5,1,5,5,3,1,1,3,5,3,0,0,FALSE
Female,Loyal Customer,33,Business Travel,Business,3010,5,5,5,5,3,5,5,3,3,3,3,4,3,4,0,0,TRUE
Male,Loyal Customer,32,Personal Travel,Eco Plus,500,2,5,5,1,1,5,1,1,5,5,5,3,1,3.08,0,0,FALSE
Female,Loyal Customer,57,Business Travel,Eco,139,3,5,5,5,3,2,3,4,4,3,4,1,1,3.31,0,4,FALSE
Female,Loyal Customer,40,Business Travel,Business,2847,1,1,1,1,5,5,5,4,4,4,4,5,5,3.46,7,0,TRUE
Male,Loyal Customer,35,Business Travel,Eco,2475,4,5,5,5,4,4,4,1,1,5,2,4,4,3.69,0,4,TRUE
Male,Loyal Customer,43,Personal Travel,Eco,692,2,5,2,2,2,2,2,2,4,3,2,5,2,2.69,48,37,FALSE
Female,Loyal Customer,61,Business Travel,Business,413,3,5,5,5,4,2,3,3,3,3,3,1,4,3.38,20,33,FALSE
Male,Loyal Customer,24,Personal Travel,Eco,581,3,5,3,5,4,3,4,4,3,5,4,3,4,3.85,53,58,FALSE
Female,Loyal Customer,57,Business Travel,Business,484,2,2,2,2,3,4,5,4,4,5,4,5,5,3.62,0,0,TRUE
Male,Disloyal Customer,22,Business Travel,Eco,231,4,4,4,5,2,4,2,2,5,4,4,5,2,3.62,0,0,FALSE
Male,Loyal Customer,45,Personal Travel,Eco,1892,3,2,3,3,4,3,4,4,2,5,3,3,4,3.31,0,0,FALSE
Male,Loyal Customer,69,Personal Travel,Eco,1276,3,4,3,3,5,3,5,5,5,2,4,3,5,3.85,0,0,FALSE
Male,Loyal Customer,35,Business Travel,Business,442,4,4,4,4,2,5,4,3,3,3,3,5,4,3.69,0,7,TRUE
Male,Loyal Customer,38,Personal Travel,Eco,591,3,4,2,2,1,2,1,1,3,3,5,3,1,2.38,0,0,FALSE
Male,Loyal Customer,38,Personal Travel,Eco,356,4,1,4,3,3,4,3,3,4,4,4,4,3,3.38,8,2,TRUE
Male,Loyal Customer,57,Business Travel,Business,2814,5,4,5,5,4,4,4,4,4,4,4,3,3,4.08,15,14,TRUE
Female,Loyal Customer,37,Business Travel,Eco,1010,5,5,5,5,5,4,5,5,4,3,5,4,5,4.62,0,0,TRUE
Female,Loyal Customer,49,Personal Travel,Eco,402,2,5,2,2,4,4,4,4,4,2,4,4,3,3.38,0,0,FALSE
Female,Loyal Customer,40,Business Travel,Business,2215,5,5,5,5,5,5,5,2,2,2,2,4,4,3.92,0,0,TRUE
Male,Loyal Customer,49,Business Travel,Business,2276,3,5,5,5,3,3,2,4,4,4,3,4,4,3.77,0,8,FALSE
Female,Loyal Customer,47,Business Travel,Business,2935,4,4,4,4,5,4,4,2,2,2,2,3,5,3.46,13,0,TRUE
Male,Loyal Customer,28,Business Travel,Business,3711,1,3,3,3,1,1,1,4,5,3,3,1,1,2.31,0,0,FALSE
Female,Loyal Customer,42,Business Travel,Business,762,3,3,3,3,2,5,5,4,4,4,4,4,4,3.69,0,0,TRUE
Male,Loyal Customer,30,Business Travel,Eco,129,2,1,1,1,2,2,2,2,2,2,3,4,2,2,0,0,FALSE
Female,Loyal Customer,66,Personal Travel,Eco,509,1,5,1,1,4,4,4,3,3,1,3,5,5,3.08,0,0,FALSE
Male,Loyal Customer,19,Personal Travel,Eco,109,3,5,3,4,1,3,1,1,4,2,2,2,1,2.46,51,51,FALSE
Male,Loyal Customer,43,Business Travel,Eco Plus,1129,1,5,5,5,1,1,1,1,4,1,3,1,1,2.31,11,7,FALSE
Female,Disloyal Customer,30,Business Travel,Eco,258,3,0,3,3,3,3,3,3,2,3,4,1,3,2.62,0,0,FALSE
Female,Loyal Customer,44,Business Travel,Business,867,4,4,4,4,5,5,4,4,4,4,4,3,5,4.15,0,0,TRUE
Female,Loyal Customer,40,Personal Travel,Eco,946,2,3,2,4,4,2,4,4,5,3,1,3,4,3.15,0,0,FALSE
Male,Loyal Customer,31,Business Travel,Business,1956,2,2,2,2,3,3,3,3,3,5,3,3,3,2.85,0,0,TRUE
Male,Loyal Customer,44,Business Travel,Business,3879,4,4,4,4,3,5,4,4,4,5,4,5,5,4.23,6,0,TRUE
Female,Disloyal Customer,20,Business Travel,Eco,196,5,0,5,3,4,5,3,4,2,3,5,1,4,3.38,0,0,TRUE
Male,Loyal Customer,31,Business Travel,Eco Plus,2496,4,4,4,4,4,4,4,1,3,2,4,4,4,3.54,20,31,FALSE
Male,Loyal Customer,47,Personal Travel,Eco,404,2,1,2,3,2,2,4,2,2,3,3,3,2,2.38,0,0,FALSE
Female,Loyal Customer,46,Business Travel,Business,2605,2,4,4,4,2,3,4,2,2,2,2,3,3,2.85,0,0,FALSE
Female,Loyal Customer,37,Business Travel,Eco,216,2,1,3,1,2,2,2,2,3,4,4,3,2,2.38,0,0,FALSE
Female,Loyal Customer,47,Business Travel,Business,1555,5,5,5,5,4,5,4,4,4,4,4,3,4,4.31,0,29,TRUE
Male,Loyal Customer,19,Personal Travel,Business,137,3,0,3,3,2,3,1,2,3,5,4,1,2,2.46,20,37,FALSE
Female,Disloyal Customer,22,Business Travel,Business,429,5,5,5,3,1,5,1,1,5,3,5,4,1,3.38,0,7,TRUE
Female,Loyal Customer,56,Business Travel,Business,2916,1,1,5,1,2,4,4,4,4,5,4,4,4,3.31,0,0,TRUE
Female,Loyal Customer,62,Business Travel,Eco Plus,650,4,1,2,1,4,1,1,4,4,4,4,2,4,2.77,5,0,TRUE
Male,Loyal Customer,51,Business Travel,Business,3559,4,1,4,4,2,4,4,4,4,4,4,4,5,3.69,16,0,TRUE
Male,Loyal Customer,32,Personal Travel,Eco,139,3,3,3,3,1,3,1,1,3,2,4,1,1,2.23,0,0,FALSE
Male,Disloyal Customer,27,Business Travel,Business,290,2,3,3,4,1,3,1,1,5,5,4,4,1,2.85,0,0,FALSE
Female,Loyal Customer,45,Personal Travel,Eco,1299,2,5,2,4,4,4,5,1,1,2,1,4,5,3.08,0,6,FALSE
Female,Loyal Customer,51,Business Travel,Business,2006,5,5,5,5,2,2,2,5,2,5,4,2,2,3.54,145,142,TRUE
Female,Loyal Customer,57,Personal Travel,Eco,486,2,4,3,3,4,4,4,5,5,3,5,3,1,3.54,1,0,FALSE
Male,Loyal Customer,44,Personal Travel,Eco,854,2,4,2,3,3,2,3,3,5,5,5,4,3,3.38,0,0,FALSE
Male,Loyal Customer,40,Business Travel,Eco,130,2,2,2,2,2,2,2,2,2,3,2,4,2,2.23,0,0,FALSE
Female,Loyal Customer,51,Business Travel,Business,3820,4,4,4,4,3,5,5,3,3,4,3,4,5,3.92,31,24,TRUE
Female,Loyal Customer,38,Business Travel,Business,3827,3,3,3,3,2,4,1,4,4,4,5,5,4,3.46,0,0,TRUE
Female,Loyal Customer,57,Personal Travel,Business,481,3,1,3,3,2,2,2,3,3,3,3,3,3,2.62,0,34,FALSE
Male,Loyal Customer,66,Business Travel,Business,201,2,2,2,2,2,1,2,4,4,4,3,2,1,2.38,0,0,TRUE
Female,Loyal Customer,24,Personal Travel,Eco,1041,1,5,1,4,1,1,1,1,4,5,4,4,1,2.54,1,27,FALSE
Female,Loyal Customer,40,Business Travel,Business,547,3,3,3,3,5,4,4,4,4,5,4,3,1,3.54,38,15,TRUE
Female,Disloyal Customer,8,Business Travel,Eco,678,3,3,3,3,3,3,2,3,3,1,4,2,3,2.77,0,0,FALSE
Male,Loyal Customer,31,Personal Travel,Eco,304,1,5,1,1,4,1,4,4,5,3,5,3,4,3.15,6,0,FALSE
Male,Loyal Customer,57,Business Travel,Business,193,3,3,3,3,3,5,5,5,5,5,5,4,5,4.15,0,0,TRUE
Male,Loyal Customer,65,Business Travel,Eco,374,4,2,1,2,4,4,4,4,4,5,5,1,4,3.38,0,0,TRUE
Male,Disloyal Customer,23,Business Travel,Business,192,4,2,4,4,2,4,2,2,5,3,4,3,2,3.15,7,0,TRUE
Female,Loyal Customer,44,Business Travel,Business,2181,5,5,5,5,4,5,4,4,4,4,5,3,3,4.31,0,0,TRUE
Female,Loyal Customer,40,Business Travel,Business,2556,2,2,2,2,4,4,4,3,3,4,5,4,4,3.31,319,295,TRUE
Female,Loyal Customer,75,Business Travel,Business,1869,2,2,2,2,3,4,5,4,4,4,4,4,5,3.46,0,0,TRUE
Female,Loyal Customer,40,Personal Travel,Eco,224,3,2,3,3,2,3,2,2,1,3,4,3,2,2.54,0,0,FALSE
Female,Loyal Customer,15,Personal Travel,Business,299,1,4,1,1,5,1,5,5,4,2,5,5,5,3.38,18,14,FALSE
Male,Loyal Customer,34,Business Travel,Business,143,0,3,0,3,5,2,2,3,3,3,3,5,5,2.85,0,0,TRUE
Male,Loyal Customer,31,Business Travel,Business,3525,5,5,5,5,5,5,5,5,3,3,5,4,5,4.62,0,0,TRUE
Male,Loyal Customer,25,Personal Travel,Eco,456,2,5,2,4,1,2,1,1,5,4,5,4,1,2.85,30,65,FALSE
Female,Disloyal Customer,26,Business Travel,Business,332,2,2,2,5,4,2,4,4,3,2,4,4,4,3.23,0,7,FALSE
Male,Loyal Customer,30,Business Travel,Business,3189,3,3,3,3,5,5,5,5,3,2,4,5,5,3.92,0,0,TRUE
Male,Loyal Customer,26,Business Travel,Business,270,2,5,5,5,2,2,2,2,1,1,3,2,2,2.62,0,0,FALSE
Female,Loyal Customer,57,Business Travel,Business,3953,5,5,5,5,4,4,4,4,4,4,4,4,4,4.31,30,28,TRUE
Male,Loyal Customer,67,Personal Travel,Eco,1117,3,5,3,5,3,3,3,3,5,5,5,5,3,3.92,38,13,FALSE
Male,Loyal Customer,36,Personal Travel,Eco Plus,631,3,4,4,1,1,4,1,1,3,2,4,3,1,2.46,0,0,FALSE
Female,Loyal Customer,47,Personal Travel,Eco,1185,2,5,2,3,3,3,4,5,5,2,5,5,3,3.62,0,27,FALSE
Female,Loyal Customer,51,Business Travel,Eco Plus,1086,4,5,5,5,2,4,3,3,3,4,3,4,3,3.69,0,0,TRUE
Male,Loyal Customer,16,Personal Travel,Eco Plus,802,3,5,3,3,2,3,2,2,4,5,5,3,2,3.23,13,21,FALSE
Female,Loyal Customer,58,Business Travel,Eco,862,3,1,4,1,1,3,4,4,4,3,4,4,1,2.85,32,24,FALSE
Female,Loyal Customer,9,Personal Travel,Eco,696,3,5,3,1,3,4,4,2,2,2,1,4,4,2.92,134,121,FALSE
Male,Loyal Customer,26,Business Travel,Business,1448,3,3,3,3,4,4,4,4,5,5,3,2,4,3.62,0,0,TRUE
Male,Disloyal Customer,22,Business Travel,Eco,474,4,0,4,3,4,2,2,2,5,4,1,2,2,2.69,164,226,TRUE
Male,Loyal Customer,53,Personal Travel,Eco,1703,1,2,2,3,4,2,4,4,4,5,4,4,4,3.31,22,3,FALSE
Female,Loyal Customer,38,Business Travel,Eco Plus,145,4,5,5,5,4,4,4,4,1,1,4,4,4,3.77,35,32,TRUE
Male,Loyal Customer,49,Business Travel,Business,761,3,1,4,1,1,4,4,3,3,3,3,1,1,2.46,0,0,FALSE
Male,Loyal Customer,44,Business Travel,Eco,224,5,5,5,5,5,5,5,5,1,1,3,4,5,4.15,0,0,TRUE
Male,Loyal Customer,31,Business Travel,Business,3157,5,5,5,5,5,5,5,5,5,3,5,3,5,4.69,0,0,TRUE
Female,Loyal Customer,35,Personal Travel,Eco,312,5,4,4,1,2,4,3,2,4,5,4,4,2,3.38,14,22,TRUE
Female,Disloyal Customer,25,Business Travel,Business,1416,2,0,2,1,5,2,5,5,4,5,4,3,5,3.31,18,17,FALSE
Male,Loyal Customer,65,Business Travel,Business,1695,3,3,3,3,4,4,5,5,5,4,5,4,4,4,0,0,TRUE
Female,Loyal Customer,46,Business Travel,Business,533,1,4,4,4,4,4,3,1,1,2,1,2,3,2.62,0,0,FALSE
Female,Disloyal Customer,18,Business Travel,Eco,543,1,3,1,4,2,1,2,2,4,5,4,1,2,2.46,29,33,FALSE
Male,Disloyal Customer,27,Business Travel,Business,1189,2,2,2,2,3,2,2,3,1,3,3,3,3,2.38,15,11,FALSE
Female,Loyal Customer,54,Personal Travel,Eco Plus,545,3,1,3,2,1,3,2,4,4,3,4,4,1,2.69,43,51,FALSE
Female,Loyal Customer,8,Personal Travel,Business,2556,3,2,3,4,3,1,1,1,2,3,4,1,1,2.23,0,0,FALSE
Female,Loyal Customer,25,Business Travel,Eco,1013,3,2,2,2,3,2,2,3,4,2,3,4,3,2.69,0,0,FALSE
Male,Loyal Customer,16,Business Travel,Eco,599,1,3,3,3,1,1,1,1,1,3,4,4,1,2.08,0,0,FALSE
Female,Loyal Customer,49,Business Travel,Business,1834,2,1,1,1,3,4,4,2,2,2,2,1,4,2.23,0,15,FALSE
Female,Disloyal Customer,29,Business Travel,Eco,190,1,3,1,4,2,1,2,2,5,2,3,1,2,2.23,0,0,FALSE
Male,Loyal Customer,40,Business Travel,Business,2556,1,5,5,5,1,4,4,1,1,1,1,2,1,2.46,0,0,FALSE
Male,Loyal Customer,31,Business Travel,Business,3325,5,5,5,5,4,4,4,4,4,1,1,4,4,3.85,0,0,TRUE
Female,Loyal Customer,47,Business Travel,Business,2983,4,4,4,4,4,5,5,4,4,4,4,4,3,4.08,26,37,TRUE
Male,Loyal Customer,70,Personal Travel,Eco,2282,3,0,3,2,3,1,5,2,1,5,4,5,5,3,0,14,FALSE
Female,Loyal Customer,57,Personal Travel,Eco,925,1,4,1,1,3,4,5,5,5,1,5,5,3,3.31,5,1,FALSE
Male,Loyal Customer,39,Business Travel,Business,2586,3,1,5,1,3,3,4,3,3,3,3,2,2,2.77,0,20,FALSE
Female,Loyal Customer,24,Personal Travel,Eco,925,2,4,1,4,1,1,1,1,3,4,4,4,1,2.38,0,3,FALSE
Female,Loyal Customer,53,Business Travel,Eco,222,4,4,4,4,2,4,3,4,4,4,4,1,1,3.31,0,0,FALSE
Male,Loyal Customer,59,Business Travel,Business,616,5,5,5,5,2,5,5,4,4,4,4,3,3,4.15,31,26,TRUE
Female,Disloyal Customer,7,Business Travel,Eco Plus,862,3,3,2,4,4,2,4,4,2,4,4,2,4,3.23,3,0,FALSE
Male,Loyal Customer,39,Business Travel,Business,1440,2,1,1,1,2,3,3,2,2,2,2,3,1,1.92,0,0,FALSE
Female,Loyal Customer,39,Business Travel,Business,1993,1,1,1,1,5,5,5,4,4,4,4,5,3,3.31,0,0,TRUE
Male,Loyal Customer,40,Business Travel,Business,3987,1,5,1,1,5,5,5,4,4,4,4,3,4,3.54,22,14,TRUE
Female,Loyal Customer,33,Business Travel,Business,1649,5,5,3,5,2,5,4,5,5,5,5,3,5,4.38,0,0,TRUE
Female,Loyal Customer,24,Business Travel,Business,429,1,1,1,1,4,4,4,4,5,4,4,1,4,2.92,75,76,TRUE
Male,Loyal Customer,59,Personal Travel,Eco,1947,2,4,2,1,4,2,5,4,5,5,4,3,4,3.46,0,0,FALSE
Male,Loyal Customer,20,Personal Travel,Eco,600,5,1,5,4,2,5,2,2,4,1,4,2,2,3,0,5,TRUE
Female,Disloyal Customer,36,Business Travel,Eco,1249,3,2,2,3,3,2,3,3,4,4,2,3,3,2.85,90,71,FALSE
Male,Loyal Customer,34,Personal Travel,Eco,391,2,5,2,3,5,2,5,5,4,5,5,5,5,4.08,0,0,FALSE
Male,Loyal Customer,35,Business Travel,Eco Plus,846,1,3,2,2,1,1,1,1,4,4,4,2,1,2.08,25,21,FALSE
Male,Disloyal Customer,22,Business Travel,Eco,328,5,4,5,2,4,5,4,4,5,2,5,4,4,4.08,0,18,TRUE
Male,Disloyal Customer,23,Business Travel,Eco,639,4,0,4,4,4,4,5,4,4,4,4,4,4,3.77,25,3,TRUE
Female,Loyal Customer,38,Personal Travel,Business,761,2,4,2,3,5,5,4,5,5,2,3,5,3,3.69,0,0,FALSE
Male,Loyal Customer,60,Personal Travel,Eco,507,3,4,3,4,2,3,3,2,4,3,5,3,2,3.15,0,0,FALSE
Male,Loyal Customer,23,Business Travel,Business,1879,1,1,2,2,1,1,1,1,2,5,3,2,1,1.77,0,0,FALSE
Female,Loyal Customer,43,Business Travel,Business,488,4,4,4,4,2,5,1,4,4,4,4,5,3,3.69,0,0,TRUE
Male,Disloyal Customer,41,Business Travel,Eco,690,4,4,4,3,2,4,2,2,3,4,3,2,2,3,5,0,FALSE
Male,Loyal Customer,30,Business Travel,Business,2640,1,1,1,1,5,5,5,5,5,1,5,2,5,3.23,1,2,TRUE
Female,Loyal Customer,34,Personal Travel,Eco,1399,4,4,3,3,5,3,1,5,5,2,5,3,5,3.69,0,0,TRUE
Male,Loyal Customer,60,Business Travel,Business,1085,2,3,2,2,3,5,4,5,5,5,5,3,5,3.77,4,0,TRUE
Male,Loyal Customer,16,Business Travel,Business,3602,1,1,1,1,4,4,4,4,3,2,1,2,4,2.46,0,0,TRUE
Female,Loyal Customer,51,Business Travel,Eco Plus,735,1,1,1,1,4,3,4,1,1,1,1,2,2,1.77,0,0,FALSE
Male,Loyal Customer,13,Personal Travel,Eco,594,5,4,5,3,4,5,4,4,5,4,4,5,4,4.31,0,0,TRUE
Male,Disloyal Customer,64,Business Travel,Eco,406,3,0,3,5,2,3,2,2,1,5,2,3,2,2.54,0,0,FALSE
Female,Loyal Customer,72,Business Travel,Business,2072,4,4,2,4,2,3,5,4,4,5,4,4,4,3.77,2,9,TRUE
Male,Disloyal Customer,16,Business Travel,Eco,351,2,1,3,3,5,3,5,5,4,4,4,1,5,3.46,0,0,FALSE
Male,Loyal Customer,41,Business Travel,Business,1744,2,2,3,2,5,5,4,5,5,5,5,3,3,3.77,8,0,TRUE
Female,Loyal Customer,49,Business Travel,Business,1794,4,4,4,4,2,5,4,4,4,4,4,5,5,4.08,16,4,TRUE
Male,Loyal Customer,41,Business Travel,Business,594,2,2,2,2,3,4,4,3,3,4,3,3,3,2.92,0,0,TRUE
Male,Loyal Customer,47,Business Travel,Business,2767,4,4,4,4,2,5,4,5,5,5,5,5,4,4.31,0,0,TRUE
Male,Loyal Customer,33,Business Travel,Eco Plus,421,4,3,3,3,4,4,4,4,1,1,5,2,4,3.23,0,2,TRUE
Male,Loyal Customer,40,Personal Travel,Eco,618,3,5,3,4,5,3,1,5,5,2,4,3,5,3.69,35,8,FALSE
Male,Loyal Customer,54,Business Travel,Business,2973,2,5,4,5,3,4,3,2,2,3,2,3,4,3.23,66,53,FALSE
Female,Loyal Customer,31,Personal Travel,Eco,554,4,4,4,3,4,4,2,4,5,4,4,4,4,3.85,0,0,FALSE
Female,Loyal Customer,32,Business Travel,Eco Plus,247,2,2,2,2,2,3,2,2,3,1,3,4,2,2.31,29,38,FALSE
Female,Disloyal Customer,57,Business Travel,Business,1558,3,3,3,3,5,3,5,5,5,5,4,4,5,4.08,0,1,TRUE
Male,Loyal Customer,24,Business Travel,Business,1862,4,4,4,4,5,5,5,5,4,3,2,1,5,3.92,11,4,TRUE
Male,Loyal Customer,29,Personal Travel,Eco,874,1,2,1,3,2,1,1,2,1,2,3,1,2,1.69,0,3,FALSE
Female,Loyal Customer,18,Personal Travel,Eco,305,4,3,1,3,3,1,3,3,1,1,3,4,3,2.54,0,15,FALSE
Male,Loyal Customer,53,Business Travel,Business,1653,3,1,1,1,3,3,4,3,3,3,3,2,3,2.54,7,0,FALSE
Female,Loyal Customer,36,Business Travel,Business,1845,4,4,4,4,2,4,5,5,5,5,5,4,5,4.31,9,5,TRUE
Male,Loyal Customer,36,Personal Travel,Eco,302,3,5,3,1,5,3,5,5,3,2,4,4,5,3.69,1,0,FALSE
Male,Loyal Customer,32,Business Travel,Business,680,1,1,1,1,3,5,3,3,3,2,1,3,3,2.31,2,0,TRUE
Female,Disloyal Customer,48,Business Travel,Business,1264,2,2,2,3,2,2,2,2,4,4,5,5,2,2.85,0,0,TRUE
Female,Disloyal Customer,25,Business Travel,Business,1703,2,4,2,1,2,5,5,3,3,5,4,5,5,3.54,192,188,FALSE
Female,Loyal Customer,48,Business Travel,Eco,1587,4,2,2,2,4,4,3,4,4,4,4,4,3,3.38,10,0,FALSE
Male,Loyal Customer,23,Business Travel,Business,352,0,0,0,1,1,1,1,1,4,3,5,3,1,1.62,2,4,TRUE
Male,Loyal Customer,56,Business Travel,Business,1197,3,3,3,3,3,4,4,5,5,5,5,5,3,3.92,2,0,TRUE
Female,Loyal Customer,45,Personal Travel,Eco,2288,2,4,2,4,3,4,3,3,3,2,3,4,2,3,0,0,FALSE
Female,Loyal Customer,55,Business Travel,Business,913,2,1,1,1,4,3,4,2,2,2,2,2,3,2.23,0,0,FALSE
Male,Loyal Customer,45,Business Travel,Eco,526,5,3,3,3,5,5,5,5,3,4,1,2,5,3.77,0,0,TRUE
Female,Loyal Customer,17,Personal Travel,Eco Plus,679,2,4,2,2,5,2,5,5,3,2,5,3,5,3.46,0,0,FALSE
Female,Loyal Customer,25,Business Travel,Eco Plus,925,0,4,0,1,4,0,5,4,4,5,2,5,4,2.92,4,0,TRUE
Male,Loyal Customer,43,Business Travel,Business,1899,3,5,5,5,2,3,4,3,3,3,3,2,2,3.31,0,0,FALSE
Male,Loyal Customer,44,Business Travel,Business,937,5,5,5,5,5,4,5,5,5,5,5,4,4,4.77,0,0,TRUE
Male,Loyal Customer,50,Business Travel,Eco Plus,429,2,2,2,2,2,2,2,2,1,5,3,3,2,2.31,4,0,FALSE
Female,Loyal Customer,60,Business Travel,Business,2777,4,4,4,4,3,5,5,3,3,4,3,5,5,4,0,0,TRUE
Female,Loyal Customer,47,Business Travel,Business,992,4,1,4,4,3,5,4,5,5,5,5,5,5,4.23,0,11,TRUE
Male,Disloyal Customer,25,Business Travel,Eco,551,3,4,4,5,4,4,4,4,2,1,3,1,4,3.31,0,0,FALSE
Female,Loyal Customer,57,Personal Travel,Business,259,2,1,0,3,2,3,3,3,3,0,3,1,3,2.08,0,1,FALSE
Male,Loyal Customer,55,Business Travel,Business,1444,3,3,3,3,2,4,3,3,3,3,3,1,1,2.69,1,9,FALSE
Female,Loyal Customer,51,Business Travel,Business,429,4,4,4,4,4,4,5,5,5,5,5,3,4,4.31,0,10,TRUE
Female,Loyal Customer,60,Business Travel,Business,2338,4,4,4,4,2,4,5,3,3,4,3,5,5,3.85,0,0,TRUE
Female,Loyal Customer,23,Business Travel,Eco Plus,1182,5,2,2,2,5,5,5,5,5,1,4,3,5,3.77,0,0,TRUE
Female,Loyal Customer,66,Personal Travel,Eco,391,1,4,1,4,1,3,2,1,1,1,1,5,2,2.08,0,0,FALSE
Male,Loyal Customer,57,Business Travel,Business,3510,5,5,5,5,5,4,5,4,4,4,4,1,1,4,6,0,TRUE
Female,Loyal Customer,41,Business Travel,Eco,2422,4,4,4,4,4,4,4,4,5,2,5,1,4,3.77,22,1,TRUE
Female,Disloyal Customer,36,Business Travel,Eco,395,3,0,3,2,5,3,5,5,5,2,5,5,5,3.69,0,0,FALSE
Female,Loyal Customer,45,Business Travel,Business,2419,5,5,5,5,2,3,5,4,4,4,4,4,3,4.08,13,3,TRUE
Male,Loyal Customer,35,Personal Travel,Eco,1497,3,5,3,4,5,3,5,5,4,4,3,4,5,4.08,8,4,FALSE
Female,Loyal Customer,57,Business Travel,Business,1379,4,4,4,4,4,4,5,5,5,4,5,4,3,4.23,2,0,TRUE
Female,Loyal Customer,42,Business Travel,Business,3757,4,4,4,4,4,5,4,5,5,5,5,4,5,4.46,0,0,TRUE
Male,Loyal Customer,46,Personal Travel,Eco,853,3,4,3,2,3,5,5,4,2,5,5,5,5,3.92,167,169,FALSE
Male,Loyal Customer,45,Business Travel,Business,604,4,4,4,4,5,4,4,5,5,5,5,5,5,4.54,0,0,TRUE
Male,Loyal Customer,51,Business Travel,Business,2300,5,5,5,5,4,5,5,4,4,4,4,3,4,4.38,20,0,TRUE
Female,Loyal Customer,54,Business Travel,Business,3845,0,5,0,3,4,4,4,1,1,1,1,3,3,2.31,0,0,TRUE
Female,Loyal Customer,28,Business Travel,Eco,352,4,5,5,5,4,5,4,4,5,1,1,3,4,3.85,0,0,TRUE
Male,Loyal Customer,40,Business Travel,Business,3136,4,4,4,4,5,5,5,3,5,4,5,5,5,4.46,162,157,TRUE
Male,Loyal Customer,61,Business Travel,Business,1626,3,2,2,2,2,4,4,3,3,3,3,4,2,2.85,0,2,FALSE
Male,Disloyal Customer,28,Business Travel,Eco,957,2,2,2,3,4,2,4,4,5,1,5,2,4,3.08,5,4,FALSE
Female,Loyal Customer,33,Personal Travel,Eco,451,2,5,2,1,3,2,3,3,1,2,1,5,3,2.54,10,18,FALSE
Female,Loyal Customer,27,Business Travel,Business,2297,4,5,5,5,4,4,4,3,2,4,3,4,4,3.92,200,175,FALSE
Female,Loyal Customer,58,Personal Travel,Eco,301,3,4,3,2,3,5,2,4,4,3,4,5,3,3.46,0,0,FALSE
Male,Loyal Customer,62,Personal Travel,Eco,189,3,5,0,4,4,0,4,4,1,3,1,2,4,2.69,16,10,FALSE
Female,Loyal Customer,51,Business Travel,Business,1517,3,3,3,3,2,5,5,4,4,4,4,4,4,3.69,0,0,TRUE
Female,Loyal Customer,35,Business Travel,Eco,196,4,2,2,2,4,4,4,4,4,3,2,3,4,3.23,9,0,TRUE
Female,Disloyal Customer,29,Business Travel,Business,414,5,5,5,4,1,5,1,1,4,3,4,4,1,3.31,0,0,TRUE
Male,Loyal Customer,39,Business Travel,Eco Plus,248,4,1,1,1,4,4,4,4,5,5,4,5,4,3.54,0,0,TRUE
Female,Loyal Customer,48,Business Travel,Business,813,2,2,2,2,4,4,5,4,4,4,4,4,5,3.54,0,0,TRUE
Female,Disloyal Customer,27,Business Travel,Eco,2465,2,2,2,3,2,3,3,1,4,2,2,3,3,2.46,10,10,FALSE
Male,Loyal Customer,30,Personal Travel,Business,304,3,3,3,2,4,3,4,4,2,4,1,4,4,3.15,0,0,FALSE
Female,Loyal Customer,58,Business Travel,Business,1224,4,4,4,4,5,4,5,5,5,5,5,4,5,4.54,0,0,TRUE
Male,Disloyal Customer,50,Business Travel,Eco,190,4,2,4,4,5,4,5,5,4,3,3,3,5,3.92,18,12,FALSE
Female,Loyal Customer,30,Business Travel,Business,95,4,4,4,4,3,4,3,3,4,1,4,5,3,3.54,2,16,TRUE
Male,Loyal Customer,48,Business Travel,Business,2877,2,2,3,2,3,5,4,2,2,2,2,5,3,2.85,130,124,TRUE
Male,Loyal Customer,11,Personal Travel,Eco,836,3,1,3,1,4,3,4,4,1,5,1,3,4,2.85,27,31,FALSE
Male,Loyal Customer,46,Business Travel,Business,996,3,3,3,3,2,5,5,4,4,5,4,4,3,3.69,0,4,TRUE
Female,Loyal Customer,65,Business Travel,Business,3341,1,1,5,1,2,4,2,5,5,5,5,1,4,3.15,0,0,TRUE
Male,Disloyal Customer,25,Business Travel,Business,950,2,0,2,2,3,2,3,3,3,5,4,3,3,2.69,26,4,FALSE
Male,Loyal Customer,49,Business Travel,Eco,680,5,5,5,5,5,5,5,5,2,4,1,2,5,4.15,0,0,TRUE
Male,Loyal Customer,54,Business Travel,Business,453,3,3,3,3,5,5,4,5,5,5,5,3,4,4.08,0,0,TRUE
Male,Loyal Customer,48,Business Travel,Eco Plus,804,3,2,4,2,3,3,3,3,2,3,3,3,3,2.85,5,3,FALSE
Female,Loyal Customer,48,Business Travel,Business,1749,5,5,5,5,4,3,5,4,4,4,4,5,3,4.31,39,45,TRUE
Female,Loyal Customer,38,Business Travel,Eco,189,3,3,3,3,3,3,3,3,3,2,3,4,3,3,0,1,FALSE
Female,Loyal Customer,58,Personal Travel,Eco,187,4,4,0,3,3,4,5,2,2,0,2,3,4,2.77,13,3,FALSE
Female,Loyal Customer,40,Business Travel,Eco,986,3,4,4,4,3,3,3,3,4,4,2,3,3,3.31,0,0,FALSE
Male,Loyal Customer,37,Personal Travel,Eco,471,3,5,3,5,5,3,5,5,1,3,3,5,5,3.92,0,0,FALSE
Male,Disloyal Customer,19,Business Travel,Business,140,2,3,2,4,5,2,5,5,1,1,4,2,5,3.15,0,0,FALSE
Male,Loyal Customer,52,Business Travel,Business,325,2,3,1,3,4,4,4,2,2,2,2,3,3,2.69,85,87,FALSE
Male,Loyal Customer,22,Personal Travel,Eco,296,3,1,3,4,3,3,2,3,4,1,4,3,3,2.85,0,0,FALSE
Male,Loyal Customer,59,Business Travel,Business,295,0,0,0,1,4,5,4,2,2,3,3,3,4,2.38,60,51,TRUE
Female,Loyal Customer,56,Personal Travel,Eco,453,1,4,1,3,5,5,4,4,4,1,5,5,4,3.54,0,0,FALSE
Male,Loyal Customer,40,Business Travel,Eco,571,3,1,1,1,3,2,3,3,4,3,3,4,3,2.62,0,0,FALSE
Male,Loyal Customer,31,Business Travel,Business,3070,4,4,4,4,4,4,4,4,3,4,4,4,4,3.92,0,0,TRUE
Male,Loyal Customer,42,Business Travel,Business,3469,2,2,2,2,5,5,2,5,5,4,4,4,5,3.62,0,0,TRUE
Male,Loyal Customer,46,Business Travel,Eco,594,3,3,3,3,3,3,3,3,1,1,4,4,3,2.85,0,6,FALSE
Male,Loyal Customer,50,Business Travel,Eco,427,4,1,1,1,3,4,3,3,4,1,1,4,3,2.54,0,0,TRUE
Male,Loyal Customer,25,Personal Travel,Eco,377,3,5,3,2,5,3,5,5,3,5,4,3,5,3.92,0,0,FALSE
Female,Loyal Customer,24,Business Travel,Business,3663,2,4,4,4,2,2,2,2,2,3,4,1,2,2.62,0,0,FALSE
Female,Loyal Customer,63,Personal Travel,Eco,1190,2,5,2,1,5,4,5,3,3,2,3,5,4,3.38,32,16,FALSE
Male,Loyal Customer,57,Business Travel,Business,2165,5,5,5,5,5,5,5,4,4,4,4,4,3,4.46,2,1,TRUE
Male,Loyal Customer,21,Personal Travel,Eco,399,5,2,5,2,3,5,3,3,1,5,2,4,3,3.31,0,0,TRUE
Male,Disloyal Customer,46,Business Travel,Business,967,5,5,5,1,3,5,5,3,5,2,4,4,3,3.85,0,0,TRUE
Male,Loyal Customer,65,Business Travel,Business,1771,2,3,3,3,5,3,4,2,2,2,2,3,2,2.77,0,0,FALSE
Male,Loyal Customer,37,Business Travel,Business,2598,2,2,2,2,2,4,4,4,4,4,4,4,4,3.23,6,5,TRUE
Male,Loyal Customer,53,Business Travel,Business,326,2,2,2,2,4,3,3,4,4,4,4,2,2,2.92,0,0,TRUE
Female,Disloyal Customer,38,Business Travel,Business,1671,3,3,3,2,1,3,1,1,4,5,4,3,1,2.62,4,0,FALSE
Male,Loyal Customer,37,Personal Travel,Eco,296,3,4,3,1,3,3,1,3,5,3,4,3,3,3,0,0,FALSE
Female,Disloyal Customer,61,Personal Travel,Eco,1303,3,4,3,3,4,3,4,4,3,4,4,3,4,3.54,89,88,FALSE
Male,Disloyal Customer,20,Business Travel,Eco,404,3,0,3,1,2,3,2,2,5,3,4,4,2,2.62,13,14,FALSE
Male,Loyal Customer,26,Business Travel,Business,456,3,3,3,3,4,4,4,4,5,4,4,4,4,3.77,0,0,TRUE
Male,Loyal Customer,46,Personal Travel,Eco,611,2,5,1,4,1,1,1,1,4,2,5,4,1,2.46,0,2,FALSE
Female,Loyal Customer,8,Personal Travel,Eco,712,2,5,2,2,4,2,4,4,4,3,5,3,4,3.38,0,0,FALSE
Female,Loyal Customer,45,Business Travel,Business,1549,2,2,2,2,4,5,5,5,5,5,5,5,4,3.92,0,0,TRUE
Female,Loyal Customer,60,Business Travel,Eco Plus,353,5,2,2,2,5,5,4,5,5,5,5,5,1,3.92,0,0,TRUE
Male,Loyal Customer,42,Business Travel,Business,372,3,3,3,3,4,2,5,5,5,5,5,4,5,4,0,0,TRUE
Female,Loyal Customer,42,Personal Travel,Eco,584,4,5,4,5,3,4,5,1,1,4,1,5,3,3.46,0,0,TRUE
Female,Loyal Customer,43,Business Travel,Business,3487,5,5,5,5,1,4,3,4,4,5,4,1,4,3.85,16,14,TRUE
Female,Loyal Customer,23,Business Travel,Business,1372,2,2,2,2,2,2,2,2,3,5,3,4,2,2.54,39,23,FALSE
Female,Loyal Customer,58,Business Travel,Business,337,1,1,1,1,2,5,4,5,5,5,5,3,5,3.31,0,0,TRUE
Female,Disloyal Customer,38,Business Travel,Eco Plus,987,3,2,2,2,3,2,3,3,3,5,5,4,3,3.08,0,0,FALSE
Male,Loyal Customer,54,Business Travel,Business,2903,2,2,2,2,4,5,5,4,4,4,4,3,3,3.38,0,0,TRUE
Female,Disloyal Customer,36,Business Travel,Eco,859,4,4,4,4,4,4,4,4,1,4,3,2,4,3.54,25,39,FALSE
Female,Disloyal Customer,16,Business Travel,Eco,1744,1,1,1,4,4,1,4,4,3,2,4,3,4,2.77,0,0,FALSE
Male,Loyal Customer,19,Personal Travel,Eco,158,2,4,2,4,4,2,4,4,3,5,5,3,4,3.54,0,0,FALSE
Male,Disloyal Customer,31,Business Travel,Eco,957,2,2,2,4,4,2,4,4,4,2,4,3,4,3.15,15,22,FALSE
Female,Loyal Customer,44,Business Travel,Business,1072,1,1,1,1,2,4,5,5,5,5,5,3,3,3.15,37,38,TRUE
Female,Loyal Customer,64,Personal Travel,Eco,666,1,5,1,4,3,5,2,2,2,1,2,4,4,2.77,0,0,FALSE
Female,Loyal Customer,55,Business Travel,Business,3591,5,5,5,5,5,5,5,5,5,5,5,4,5,4.92,0,0,TRUE
Female,Loyal Customer,21,Personal Travel,Eco,551,4,5,4,3,2,4,2,2,1,1,3,1,2,2.62,0,0,FALSE
Female,Loyal Customer,48,Business Travel,Eco,483,2,5,5,5,5,4,3,2,2,2,2,1,4,3.23,26,4,FALSE
Male,Loyal Customer,36,Personal Travel,Eco,842,2,4,2,3,3,2,3,3,5,1,4,1,3,2.77,93,125,FALSE
Male,Loyal Customer,54,Business Travel,Business,2107,2,2,2,2,4,5,4,5,5,5,5,4,5,3.85,0,0,TRUE
Female,Loyal Customer,35,Personal Travel,Eco,552,2,4,2,4,2,2,2,2,1,2,3,3,2,2.38,6,1,FALSE
Female,Loyal Customer,51,Business Travel,Business,2100,5,5,5,5,3,3,3,5,5,4,5,5,2,4.23,0,3,TRUE
Male,Disloyal Customer,44,Business Travel,Business,682,2,3,3,5,3,2,5,3,3,3,5,4,3,3.38,24,2,FALSE
Male,Loyal Customer,59,Business Travel,Business,2809,5,2,5,5,2,5,4,4,4,4,4,4,4,4,0,0,TRUE
Male,Loyal Customer,44,Personal Travel,Eco,1023,4,5,4,2,2,4,2,2,5,1,3,3,2,3,0,0,TRUE
Male,Loyal Customer,33,Business Travel,Business,2882,5,5,5,5,4,5,5,4,5,5,4,4,4,4.62,0,0,TRUE
Female,Loyal Customer,48,Personal Travel,Eco Plus,595,4,3,4,4,4,3,4,4,4,4,4,2,4,3.69,0,14,FALSE
Female,Disloyal Customer,29,Business Travel,Eco,357,1,0,2,3,3,2,2,3,4,1,4,2,3,2.31,0,0,FALSE
Male,Loyal Customer,52,Business Travel,Business,544,4,4,4,4,3,4,4,4,4,5,4,4,5,4.08,0,0,TRUE
Male,Loyal Customer,18,Personal Travel,Eco,493,3,5,3,4,3,3,1,3,4,4,5,4,3,3.46,0,0,FALSE
Male,Loyal Customer,45,Personal Travel,Eco,842,3,5,3,2,5,3,5,5,4,5,5,3,5,4.08,0,0,FALSE
Female,Loyal Customer,50,Business Travel,Business,109,5,5,5,5,4,2,2,4,4,4,5,1,5,3.92,0,21,TRUE
Female,Disloyal Customer,40,Business Travel,Business,1773,2,2,2,4,2,2,2,2,2,3,3,1,2,2.23,0,0,FALSE
Male,Loyal Customer,28,Business Travel,Business,1620,3,3,3,3,5,5,5,5,4,2,5,5,5,4.08,60,111,TRUE
Female,Loyal Customer,50,Business Travel,Business,2955,1,1,1,1,4,5,4,5,5,5,5,3,5,3.46,0,0,TRUE
Male,Loyal Customer,47,Business Travel,Business,3716,0,0,0,4,2,5,4,2,2,2,2,3,3,2.23,68,79,TRUE
Male,Loyal Customer,36,Business Travel,Eco Plus,391,2,1,2,1,2,2,2,2,3,2,4,2,2,2.08,0,0,FALSE
Male,Loyal Customer,31,Personal Travel,Eco,321,3,3,3,4,3,3,3,3,3,3,1,2,3,2.85,0,0,FALSE
Male,Loyal Customer,44,Business Travel,Business,1814,4,4,4,4,4,4,4,5,5,5,5,5,3,4.31,25,0,TRUE
Female,Loyal Customer,45,Business Travel,Business,447,1,1,4,1,5,2,4,2,2,2,2,2,5,2.54,0,0,TRUE
Male,Loyal Customer,58,Personal Travel,Eco,113,1,4,1,4,1,1,1,1,4,5,2,3,1,2.23,0,0,FALSE
Female,Loyal Customer,45,Business Travel,Eco,937,3,5,5,5,1,4,3,3,3,3,3,1,1,3.08,0,0,FALSE
Female,Loyal Customer,53,Business Travel,Business,1672,2,1,2,2,2,4,4,4,4,4,4,4,5,3.23,1,0,TRUE
Female,Loyal Customer,40,Business Travel,Business,3559,5,4,5,5,1,2,2,5,5,5,5,1,4,3.77,0,0,TRUE
Female,Loyal Customer,56,Personal Travel,Eco,2133,3,4,3,4,2,3,4,2,2,3,5,3,4,3.23,0,0,FALSE
Female,Loyal Customer,41,Business Travel,Business,2047,1,1,1,1,5,5,5,5,5,5,5,4,3,3.54,6,0,TRUE
Female,Loyal Customer,43,Business Travel,Business,273,0,0,0,5,3,4,5,4,4,4,4,4,3,3.08,21,22,TRUE
Female,Disloyal Customer,40,Business Travel,Business,224,3,3,3,3,4,3,4,4,1,3,3,2,4,3.08,0,0,FALSE
Male,Loyal Customer,34,Business Travel,Eco,153,0,0,0,3,1,0,1,1,4,1,2,5,1,1.46,0,0,TRUE
Female,Loyal Customer,63,Business Travel,Eco,152,5,5,5,5,4,4,4,4,4,5,4,5,1,4.23,0,0,TRUE
Female,Loyal Customer,40,Business Travel,Business,1197,4,4,4,4,5,4,5,2,2,2,2,3,4,3.46,4,2,TRUE
Female,Loyal Customer,32,Personal Travel,Eco,200,3,2,3,4,5,3,5,5,3,4,4,1,5,3.62,0,0,FALSE
Female,Loyal Customer,45,Personal Travel,Eco Plus,710,1,5,1,4,2,4,5,3,3,1,3,4,3,3,0,0,FALSE
Male,Loyal Customer,26,Business Travel,Business,1444,2,2,2,2,4,4,4,4,4,3,5,4,4,3.38,11,13,TRUE
Female,Loyal Customer,43,Business Travel,Business,377,5,5,5,5,4,5,4,4,4,4,4,2,5,4.31,2,0,TRUE
Female,Loyal Customer,7,Personal Travel,Eco Plus,264,4,4,0,4,0,5,5,1,1,3,3,5,5,3.08,169,158,FALSE
Male,Loyal Customer,23,Personal Travel,Eco Plus,2554,3,1,3,4,4,3,5,4,2,2,4,3,4,3.23,5,7,FALSE
Female,Loyal Customer,59,Business Travel,Business,3875,5,5,2,5,4,5,5,4,4,4,4,4,3,4.15,0,0,TRUE
Female,Loyal Customer,49,Business Travel,Business,3319,1,1,1,1,5,5,4,5,5,5,5,3,4,3.46,0,0,TRUE
Female,Loyal Customer,64,Personal Travel,Eco,113,2,4,2,4,2,4,2,5,5,2,5,5,2,3.38,0,8,FALSE
Female,Loyal Customer,59,Personal Travel,Business,368,2,4,4,2,1,5,5,2,2,4,2,4,1,2.92,20,16,FALSE
Male,Loyal Customer,31,Personal Travel,Business,73,3,3,3,3,4,3,4,4,3,2,4,2,4,3.23,0,0,FALSE
Male,Loyal Customer,23,Business Travel,Business,3205,4,4,4,4,5,5,5,5,3,3,5,4,5,4.31,0,0,TRUE
Female,Loyal Customer,57,Business Travel,Business,3504,5,5,5,5,3,5,5,4,4,4,4,3,5,4.38,6,4,TRUE
Female,Disloyal Customer,24,Business Travel,Business,611,3,1,3,2,5,3,1,5,1,3,2,2,5,2.77,51,71,FALSE
Female,Loyal Customer,49,Business Travel,Business,2650,3,3,3,3,2,5,5,4,4,4,5,4,3,3.69,66,55,TRUE
Male,Loyal Customer,25,Business Travel,Eco Plus,533,5,1,1,1,5,5,4,5,2,3,3,2,5,3.23,3,0,TRUE
Female,Loyal Customer,30,Business Travel,Business,3926,5,5,5,5,5,5,5,5,3,4,5,4,5,4.69,0,0,TRUE
Female,Loyal Customer,65,Business Travel,Business,3822,3,3,3,3,1,3,3,3,3,3,3,2,1,2.62,0,0,FALSE
Male,Loyal Customer,45,Personal Travel,Eco,762,4,3,4,3,5,4,5,5,4,4,3,3,5,4,0,0,FALSE
Male,Loyal Customer,40,Business Travel,Business,2704,3,3,3,3,5,5,5,3,4,3,5,5,5,4,63,54,TRUE
Female,Loyal Customer,48,Business Travel,Eco,230,4,4,4,4,2,5,1,4,4,4,4,4,5,3.77,12,18,TRUE
Female,Disloyal Customer,22,Business Travel,Eco,1558,1,0,0,4,5,1,5,5,4,4,3,4,5,3.15,18,10,FALSE
Male,Loyal Customer,41,Business Travel,Business,404,1,2,2,2,4,4,4,1,1,1,1,1,2,2,9,2,FALSE
Female,Loyal Customer,43,Business Travel,Eco Plus,1190,2,4,4,4,4,5,1,2,2,2,2,5,3,3.08,0,12,TRUE
Male,Disloyal Customer,23,Business Travel,Eco,544,5,4,5,4,3,5,3,3,4,2,5,3,3,3.77,0,0,TRUE
Male,Loyal Customer,53,Business Travel,Eco,743,5,1,3,3,5,5,5,5,2,1,5,1,5,3.54,68,67,TRUE
Male,Loyal Customer,20,Personal Travel,Eco,1558,1,5,1,1,5,1,5,5,4,3,3,5,5,3.38,6,0,FALSE
Female,Loyal Customer,23,Business Travel,Eco,834,3,4,4,4,3,3,1,3,4,4,2,2,3,3.08,0,0,FALSE
Male,Loyal Customer,14,Personal Travel,Eco,222,5,5,0,1,3,0,3,3,3,3,2,3,3,2.62,4,0,TRUE
Male,Loyal Customer,52,Business Travel,Business,1726,2,2,2,2,4,3,5,5,5,5,5,5,5,3.85,26,18,TRUE
Female,Loyal Customer,58,Business Travel,Business,164,1,1,1,1,5,5,4,5,5,5,4,5,4,3.54,0,0,TRUE
Male,Loyal Customer,20,Personal Travel,Business,1312,1,5,1,1,2,1,2,2,5,4,5,4,2,2.69,0,0,FALSE
Female,Loyal Customer,22,Personal Travel,Eco,1562,4,5,4,1,1,4,1,1,3,3,5,5,1,2.92,0,0,FALSE
Female,Loyal Customer,54,Business Travel,Business,1092,2,2,2,2,5,5,5,2,2,2,2,4,3,2.92,27,4,TRUE
Female,Loyal Customer,55,Business Travel,Business,690,4,4,4,4,3,4,5,5,5,5,5,3,3,4.15,0,0,TRUE
Female,Loyal Customer,7,Personal Travel,Eco,1157,2,5,2,2,1,2,1,1,3,5,4,3,1,2.46,0,0,FALSE
Female,Loyal Customer,45,Personal Travel,Eco,1024,2,4,2,2,5,4,4,5,5,2,2,5,3,3.46,0,0,FALSE
Male,Loyal Customer,29,Personal Travel,Business,708,2,3,2,3,3,2,3,3,2,5,3,4,3,2.92,15,5,FALSE
Male,Loyal Customer,57,Business Travel,Business,3263,5,5,5,5,3,4,4,5,5,5,5,5,4,4.62,1,0,TRUE
Male,Loyal Customer,22,Business Travel,Eco Plus,541,2,5,5,5,2,2,1,2,2,5,4,2,2,3,0,0,FALSE
Female,Loyal Customer,45,Business Travel,Business,718,4,4,4,4,4,4,4,5,5,5,5,5,3,4.31,6,2,TRUE
Male,Disloyal Customer,37,Business Travel,Business,1044,3,3,3,4,2,3,1,2,3,4,4,4,2,2.92,0,2,FALSE
Female,Disloyal Customer,15,Business Travel,Eco,1310,3,3,3,2,2,3,2,2,4,5,4,5,2,3.08,0,0,FALSE
Male,Loyal Customer,23,Business Travel,Business,1205,3,3,3,3,3,3,3,3,4,2,4,3,3,3.08,0,0,TRUE
Male,Disloyal Customer,26,Business Travel,Business,1205,5,5,5,2,5,2,2,4,4,4,4,2,2,3.54,452,444,TRUE
Male,Loyal Customer,54,Business Travel,Business,1718,1,1,1,1,2,4,5,4,4,4,4,3,5,3,0,0,TRUE
Male,Disloyal Customer,33,Business Travel,Business,214,2,2,2,5,2,2,2,2,5,3,4,4,2,2.85,0,0,FALSE
Female,Disloyal Customer,18,Business Travel,Eco,192,2,0,2,3,5,2,2,5,3,5,5,4,5,3.31,0,0,FALSE
Female,Loyal Customer,36,Business Travel,Business,2133,2,5,5,5,5,1,1,2,2,2,2,1,4,2.85,17,26,FALSE
Female,Loyal Customer,42,Business Travel,Eco,130,3,3,3,3,2,4,4,3,3,3,3,4,3,3.15,0,7,TRUE
Male,Disloyal Customer,47,Business Travel,Eco,954,2,2,2,3,5,2,5,5,1,1,4,3,5,3.08,0,16,FALSE
Female,Loyal Customer,41,Business Travel,Business,1514,4,4,4,4,3,5,4,5,5,5,5,5,5,4.46,0,19,TRUE
Male,Disloyal Customer,30,Business Travel,Eco,1121,2,2,2,1,1,2,1,1,3,1,2,3,1,1.69,5,0,FALSE
Female,Loyal Customer,62,Business Travel,Business,261,1,1,1,1,2,4,1,4,4,4,4,2,5,2.62,0,7,TRUE
Male,Loyal Customer,51,Business Travel,Eco,234,2,2,2,2,2,2,2,2,1,5,1,2,2,2.08,0,0,FALSE
Female,Disloyal Customer,20,Business Travel,Business,446,5,2,5,3,2,2,2,2,3,5,4,3,2,3.08,2,1,TRUE
Female,Loyal Customer,37,Business Travel,Business,1535,4,4,4,4,2,5,5,5,5,5,5,4,3,4.23,45,62,TRUE
Male,Loyal Customer,65,Business Travel,Eco,725,2,3,4,3,2,2,2,2,2,5,3,2,2,2.62,8,0,FALSE
Male,Disloyal Customer,24,Business Travel,Eco,468,3,4,3,3,2,3,2,2,4,3,3,1,2,2.69,0,0,FALSE
Female,Loyal Customer,54,Business Travel,Eco Plus,526,2,4,4,4,2,4,3,2,2,2,2,2,3,2.77,0,0,FALSE
Female,Disloyal Customer,32,Business Travel,Eco Plus,403,2,2,2,3,2,2,2,2,4,5,4,3,2,2.69,0,0,FALSE
Male,Disloyal Customer,38,Business Travel,Business,618,4,4,4,3,2,4,2,2,3,5,4,3,2,3.23,7,0,TRUE
Male,Loyal Customer,41,Personal Travel,Eco,228,3,3,3,1,4,3,4,4,5,4,1,3,4,3.23,25,68,FALSE
Female,Disloyal Customer,38,Business Travel,Eco,337,3,2,3,4,4,3,4,4,2,2,4,1,4,3.08,0,0,FALSE
Male,Loyal Customer,46,Business Travel,Eco Plus,270,4,1,1,1,4,4,4,4,3,2,4,4,4,3.08,26,9,TRUE
Male,Loyal Customer,51,Personal Travel,Eco,1504,5,4,5,2,1,5,1,1,4,5,4,4,1,3.23,0,1,TRUE
Male,Loyal Customer,67,Personal Travel,Eco,1068,3,5,2,3,4,2,4,4,5,2,2,4,4,3.38,0,0,FALSE
Female,Loyal Customer,31,Business Travel,Business,2184,2,2,2,2,5,5,5,5,2,5,4,4,5,3.69,0,0,TRUE
Male,Loyal Customer,65,Business Travel,Eco,357,4,4,4,4,4,4,4,4,4,3,4,1,4,3.69,0,0,FALSE
Male,Loyal Customer,39,Personal Travel,Eco,216,1,5,1,5,4,1,4,4,3,2,5,5,4,3.38,0,0,FALSE
Female,Loyal Customer,40,Personal Travel,Eco,731,1,4,1,4,2,1,2,2,2,4,5,5,2,2.69,0,6,FALSE
Female,Disloyal Customer,45,Business Travel,Business,1075,2,2,2,4,5,2,5,5,4,3,3,1,5,3.31,0,6,FALSE
Male,Loyal Customer,51,Business Travel,Business,2416,4,4,4,4,3,4,5,5,5,5,5,5,3,4.31,67,80,TRUE
Female,Disloyal Customer,55,Business Travel,Eco,188,2,2,2,3,2,2,2,2,2,4,3,3,2,2.38,0,0,FALSE
Female,Loyal Customer,23,Personal Travel,Eco,250,4,5,4,4,4,4,4,4,3,3,4,3,4,3.85,0,0,TRUE
Male,Disloyal Customer,19,Business Travel,Eco,488,1,3,1,2,1,1,1,1,4,1,3,2,1,1.69,22,14,FALSE
Female,Loyal Customer,61,Business Travel,Business,2388,0,5,0,1,3,1,2,2,2,2,2,3,1,1.85,4,0,TRUE
Male,Loyal Customer,27,Business Travel,Business,1521,1,1,1,1,4,4,4,4,5,4,3,5,4,3.15,8,44,TRUE
Male,Loyal Customer,37,Business Travel,Business,2990,3,3,3,3,4,5,4,4,4,4,4,4,3,3.69,111,129,TRUE
Male,Loyal Customer,31,Business Travel,Business,2278,2,2,2,2,2,2,2,2,3,2,5,3,2,2.38,33,23,TRUE
Female,Loyal Customer,60,Business Travel,Business,2201,5,5,2,5,5,5,5,4,5,5,5,5,5,4.69,138,179,TRUE
Female,Loyal Customer,18,Personal Travel,Eco,190,3,5,0,3,3,0,3,3,5,4,5,4,3,3.15,0,0,FALSE
Male,Loyal Customer,62,Personal Travel,Business,1250,3,3,3,3,5,4,4,2,2,3,2,1,4,3,0,0,FALSE
Female,Loyal Customer,38,Business Travel,Business,1522,1,2,2,2,5,3,4,1,1,1,1,3,3,2.23,3,0,FALSE
Female,Loyal Customer,38,Business Travel,Eco,189,2,1,1,1,2,2,2,2,1,2,4,1,2,1.77,0,0,FALSE
Male,Disloyal Customer,61,Business Travel,Eco,337,3,2,4,4,2,4,2,2,4,1,4,2,2,2.77,0,0,FALSE
Male,Loyal Customer,37,Business Travel,Business,363,3,3,3,3,5,5,5,3,4,2,2,5,5,3.69,141,126,TRUE
Male,Loyal Customer,47,Business Travel,Eco Plus,672,4,3,3,3,5,4,5,5,1,5,3,2,5,3.69,0,0,FALSE
Male,Loyal Customer,55,Personal Travel,Eco Plus,1105,2,1,3,4,3,3,3,3,1,4,3,1,3,2.62,0,1,FALSE
Male,Loyal Customer,50,Personal Travel,Eco,802,2,2,2,4,4,2,4,4,1,2,4,1,4,2.77,17,0,FALSE
Female,Loyal Customer,27,Personal Travel,Eco,1189,3,4,3,1,5,3,5,5,4,3,4,3,5,3.69,27,33,FALSE
Female,Loyal Customer,10,Business Travel,Business,588,1,3,1,3,1,1,1,1,3,5,4,4,1,2.23,52,45,FALSE
Female,Disloyal Customer,55,Business Travel,Business,1605,4,4,4,2,4,4,4,4,5,5,5,5,4,4.15,0,0,TRUE
Female,Loyal Customer,23,Business Travel,Business,2966,4,2,4,4,5,5,5,5,4,4,5,5,5,4.38,0,0,TRUE
Male,Loyal Customer,52,Personal Travel,Eco,723,2,4,3,3,3,3,3,3,5,4,4,4,3,3.38,22,15,FALSE
Male,Disloyal Customer,23,Business Travel,Eco,507,2,3,2,1,4,2,4,4,5,5,4,5,4,3.46,0,0,FALSE
Male,Loyal Customer,40,Business Travel,Business,3231,1,1,4,4,2,4,3,1,1,1,1,3,3,2.23,12,52,FALSE
Male,Loyal Customer,14,Personal Travel,Eco,666,2,3,2,4,4,2,5,4,3,2,1,3,4,3,0,0,FALSE
Female,Disloyal Customer,26,Business Travel,Business,728,4,4,4,1,2,4,2,2,4,5,5,5,2,3.38,0,0,TRUE
Male,Loyal Customer,15,Personal Travel,Eco,1452,3,2,3,2,5,3,5,5,2,2,1,2,5,3.08,0,0,FALSE
Female,Loyal Customer,62,Personal Travel,Eco,425,0,0,0,1,4,4,4,1,1,0,1,3,4,1.77,0,0,TRUE
Female,Loyal Customer,38,Business Travel,Business,3192,2,2,3,2,4,5,5,5,5,5,5,4,5,4,0,0,TRUE
Male,Loyal Customer,51,Personal Travel,Eco,2300,2,4,2,4,5,2,5,5,4,3,3,5,5,3.77,1,0,FALSE
Female,Disloyal Customer,20,Business Travel,Eco Plus,1009,2,0,2,3,3,2,2,3,3,1,3,3,3,2.31,2,0,FALSE
Female,Loyal Customer,27,Personal Travel,Eco,188,2,4,2,3,3,2,3,3,3,3,4,3,3,2.92,0,0,FALSE
Male,Loyal Customer,51,Business Travel,Business,2776,4,4,3,4,3,4,4,4,4,4,4,3,3,3.69,0,0,TRUE
Male,Disloyal Customer,36,Business Travel,Eco,197,2,2,2,2,5,2,5,5,2,4,1,1,5,2.92,42,46,FALSE
Female,Loyal Customer,34,Business Travel,Business,425,4,4,4,4,2,3,5,5,5,5,5,1,5,4,0,1,TRUE
Female,Loyal Customer,30,Personal Travel,Eco,1709,3,3,3,4,4,3,4,4,5,3,1,1,4,3.23,24,33,FALSE
Female,Disloyal Customer,38,Business Travel,Business,328,3,3,3,3,4,3,1,4,4,3,4,3,4,3.23,0,0,FALSE
Female,Loyal Customer,25,Business Travel,Business,2685,3,3,3,3,3,3,3,3,5,4,5,5,3,3.54,0,1,TRUE
Female,Loyal Customer,42,Business Travel,Business,414,5,5,1,5,5,5,4,4,4,4,4,5,4,4.23,11,0,TRUE
Male,Loyal Customer,63,Personal Travel,Eco,293,3,5,3,3,5,3,5,5,4,4,5,5,5,4.23,6,5,FALSE
Male,Loyal Customer,34,Business Travel,Business,1744,2,1,1,1,2,1,2,2,2,2,2,1,4,1.77,52,62,FALSE
Female,Disloyal Customer,37,Business Travel,Eco,153,3,1,3,4,4,3,4,4,1,4,3,4,4,3.23,0,0,FALSE
Female,Loyal Customer,35,Business Travel,Business,3855,2,2,2,2,3,5,5,5,5,5,4,5,5,3.85,11,8,TRUE
Male,Loyal Customer,48,Business Travel,Business,2963,0,5,0,4,5,5,4,5,5,5,5,5,3,3.92,0,0,TRUE
Male,Loyal Customer,34,Business Travel,Business,228,4,4,4,4,2,5,4,5,5,5,5,4,3,4.15,52,65,TRUE
Male,Loyal Customer,42,Business Travel,Business,3609,5,5,5,5,4,5,5,4,4,4,4,5,5,4.62,0,0,TRUE
Female,Loyal Customer,54,Business Travel,Business,1999,1,1,1,1,3,5,5,5,5,5,5,5,3,3.46,0,0,TRUE
Male,Disloyal Customer,48,Business Travel,Business,192,3,3,3,1,5,3,5,5,5,5,4,3,5,3.85,0,0,FALSE
Male,Loyal Customer,80,Business Travel,Business,2689,5,5,5,5,4,4,4,5,5,5,5,4,4,4.62,0,0,TRUE
Female,Loyal Customer,27,Business Travel,Business,419,3,2,4,2,3,3,3,3,1,5,3,2,3,2.85,49,47,FALSE
Male,Loyal Customer,69,Personal Travel,Eco,1189,2,5,2,5,2,2,1,2,3,4,4,5,2,3,0,0,FALSE
Male,Loyal Customer,57,Business Travel,Business,147,5,5,5,5,2,4,5,4,4,4,4,4,4,4.23,0,0,TRUE
Male,Disloyal Customer,21,Business Travel,Business,403,3,3,3,2,1,3,1,1,2,5,3,4,1,2.46,0,0,FALSE
Female,Disloyal Customer,49,Business Travel,Business,304,3,3,3,2,4,3,5,4,5,5,5,4,4,3.85,0,0,FALSE
Male,Loyal Customer,44,Personal Travel,Eco,584,3,2,3,3,3,3,3,3,4,4,4,4,3,3.23,0,5,FALSE
Female,Disloyal Customer,18,Business Travel,Eco Plus,86,3,0,3,3,1,3,2,1,4,1,4,5,1,2.38,0,2,FALSE
Female,Loyal Customer,8,Personal Travel,Eco,821,3,5,3,2,4,3,4,4,4,4,1,3,4,3.38,29,15,FALSE
Male,Loyal Customer,14,Personal Travel,Eco Plus,2475,3,5,4,2,2,4,2,2,3,3,3,5,2,3.08,0,0,FALSE
Female,Disloyal Customer,29,Business Travel,Business,682,1,1,1,3,2,1,2,2,3,2,5,4,2,2.23,0,0,FALSE
Female,Loyal Customer,51,Business Travel,Business,2640,3,5,5,5,3,3,3,3,1,2,4,3,3,3.31,0,0,FALSE
Male,Disloyal Customer,27,Business Travel,Eco,77,1,3,1,4,2,1,2,2,3,1,4,4,2,2.31,33,33,FALSE
Male,Loyal Customer,25,Business Travel,Business,3367,5,5,5,5,4,4,4,4,4,3,5,3,4,4.23,11,0,TRUE
Female,Loyal Customer,40,Business Travel,Business,3670,1,1,1,1,4,4,5,3,3,4,5,4,3,3,0,0,TRUE
Female,Loyal Customer,48,Business Travel,Business,1041,2,2,2,2,3,4,4,3,3,3,3,3,4,2.92,0,0,TRUE
Male,Loyal Customer,65,Personal Travel,Eco Plus,980,3,4,4,2,4,4,4,4,4,2,5,3,4,3.62,15,20,FALSE
Female,Loyal Customer,27,Personal Travel,Eco Plus,2105,1,0,1,2,4,1,4,4,3,2,5,3,4,2.62,0,0,FALSE
Male,Loyal Customer,41,Business Travel,Business,1514,4,4,4,4,2,5,5,4,4,4,4,4,4,4,31,27,TRUE
Male,Loyal Customer,15,Personal Travel,Eco,581,1,4,1,1,2,1,2,2,4,4,5,4,2,2.54,19,18,FALSE
Female,Loyal Customer,22,Business Travel,Business,2497,4,3,4,4,4,4,4,4,3,2,4,1,4,3.46,0,0,TRUE
Male,Disloyal Customer,24,Business Travel,Eco,332,1,1,0,4,2,0,2,2,4,2,3,3,2,2,4,4,FALSE
Female,Loyal Customer,47,Business Travel,Business,1389,4,4,4,4,5,4,4,4,4,4,4,4,3,4,0,0,TRUE
Female,Loyal Customer,24,Business Travel,Business,2746,3,5,5,5,3,3,3,3,4,2,3,1,3,3.31,0,18,FALSE
Female,Loyal Customer,53,Business Travel,Business,337,1,1,4,1,4,5,4,4,4,4,4,4,3,3.31,0,9,TRUE
Male,Loyal Customer,51,Business Travel,Business,1963,3,3,3,3,2,5,5,4,4,5,4,3,5,3.77,27,36,TRUE
Female,Loyal Customer,48,Business Travel,Business,453,4,4,4,4,3,4,5,3,3,2,3,4,5,3.69,0,0,TRUE
Male,Loyal Customer,66,Personal Travel,Eco,1482,2,4,2,4,1,2,1,1,4,5,4,3,1,2.62,0,0,FALSE
Male,Loyal Customer,47,Business Travel,Business,3174,3,2,2,2,2,2,3,3,3,3,3,2,4,2.62,6,0,FALSE
Male,Loyal Customer,43,Personal Travel,Eco,1814,2,5,2,2,2,2,2,2,3,3,5,3,2,2.69,0,0,FALSE
Male,Loyal Customer,15,Personal Travel,Eco,594,2,3,2,3,1,2,1,1,3,3,4,2,1,2.15,0,0,FALSE
Female,Loyal Customer,29,Business Travel,Business,1739,2,2,2,2,5,4,5,5,5,2,3,3,5,3.46,81,115,TRUE
Female,Loyal Customer,41,Business Travel,Business,1276,2,2,2,2,2,5,4,3,3,4,3,4,4,3.08,3,7,TRUE
Male,Disloyal Customer,37,Business Travel,Eco,328,3,0,3,4,4,3,1,4,2,4,1,3,4,2.77,11,15,FALSE
Male,Loyal Customer,40,Business Travel,Business,1892,4,4,4,4,4,3,4,4,4,4,4,3,3,3.77,6,0,TRUE
Male,Loyal Customer,24,Business Travel,Business,1576,5,5,5,5,4,4,4,4,4,5,5,3,4,4.38,0,0,TRUE
Male,Loyal Customer,27,Business Travel,Business,2556,3,3,2,3,4,4,4,4,3,5,5,4,4,3.69,312,265,TRUE
Female,Loyal Customer,46,Business Travel,Business,3116,2,2,2,2,5,5,5,4,4,4,4,5,4,3.69,0,0,TRUE
Female,Loyal Customer,38,Personal Travel,Business,802,2,2,2,3,1,3,3,3,3,2,3,2,2,2.38,18,23,FALSE
Male,Loyal Customer,53,Business Travel,Business,223,0,4,0,1,2,4,5,1,1,1,1,4,5,2.23,0,0,TRUE
Female,Loyal Customer,11,Business Travel,Business,888,2,2,2,2,5,5,5,5,4,4,4,5,5,3.85,2,0,TRUE
Female,Loyal Customer,70,Personal Travel,Eco Plus,306,2,4,2,4,2,4,5,4,4,2,4,3,3,3.31,1,0,FALSE
Female,Loyal Customer,55,Business Travel,Eco,86,1,2,2,2,1,3,3,2,2,1,2,1,4,2,26,34,FALSE
Female,Loyal Customer,57,Business Travel,Business,3122,5,5,5,5,2,4,5,4,4,4,4,3,3,4.08,0,0,TRUE
Female,Loyal Customer,44,Personal Travel,Eco,204,4,5,4,3,4,4,1,4,4,4,4,2,5,3.69,0,0,FALSE
Female,Loyal Customer,70,Personal Travel,Eco,594,2,3,2,3,5,5,5,3,3,2,3,4,3,3.31,24,10,FALSE
Male,Loyal Customer,67,Personal Travel,Eco Plus,834,3,4,3,2,3,3,3,3,4,4,5,3,3,3.31,298,312,FALSE
Female,Disloyal Customer,22,Business Travel,Eco,368,4,5,4,4,1,4,1,1,3,4,5,4,1,3.15,0,0,FALSE
Male,Loyal Customer,49,Personal Travel,Eco,748,1,1,1,3,5,1,5,5,2,2,3,4,5,2.92,0,0,FALSE
Female,Loyal Customer,51,Business Travel,Eco,985,2,4,4,4,2,2,2,4,5,4,4,2,2,3.15,192,225,FALSE
Male,Disloyal Customer,34,Business Travel,Business,372,1,1,1,2,4,1,2,4,5,5,4,3,4,2.85,0,0,FALSE
Male,Disloyal Customer,24,Business Travel,Eco Plus,313,4,0,5,2,2,5,3,2,4,3,1,4,2,2.85,0,3,TRUE
Female,Loyal Customer,21,Personal Travel,Eco,404,1,4,1,4,2,1,2,2,4,3,5,5,2,2.77,0,0,FALSE
Male,Loyal Customer,44,Personal Travel,Eco Plus,677,3,3,3,3,2,3,2,2,4,5,3,1,2,2.77,0,6,FALSE
Female,Loyal Customer,47,Personal Travel,Eco,302,2,1,2,3,5,3,4,3,3,2,3,1,1,2.54,0,0,FALSE
Female,Loyal Customer,48,Business Travel,Eco,337,5,5,1,5,3,3,1,5,5,5,5,2,3,3.69,0,0,TRUE
Female,Loyal Customer,23,Personal Travel,Eco,255,1,5,0,5,5,0,5,5,5,2,2,5,5,3.46,25,21,FALSE
Female,Loyal Customer,28,Personal Travel,Eco,954,3,3,3,3,2,3,4,2,2,1,4,2,2,2.62,2,0,FALSE
Female,Loyal Customer,43,Business Travel,Business,3073,4,4,4,4,5,5,4,4,4,4,4,5,4,4.23,0,0,TRUE
Male,Loyal Customer,53,Business Travel,Eco,600,4,4,4,4,4,4,4,4,2,1,3,1,4,3.31,0,0,FALSE
Male,Loyal Customer,39,Business Travel,Business,101,2,2,5,2,5,1,3,5,5,5,3,5,4,3.62,0,0,TRUE
Male,Loyal Customer,54,Business Travel,Business,3250,3,3,3,3,2,5,5,4,4,4,4,3,5,3.69,0,0,TRUE
Female,Loyal Customer,63,Personal Travel,Eco,183,3,4,3,2,5,1,4,2,2,3,2,2,2,2.69,1,11,FALSE
Female,Loyal Customer,26,Business Travel,Business,1568,2,2,2,2,5,5,5,5,4,4,5,3,5,3.77,29,6,TRUE
Male,Disloyal Customer,24,Business Travel,Eco,247,2,2,2,3,3,2,3,3,4,1,3,1,3,2.46,20,7,FALSE
Male,Disloyal Customer,42,Business Travel,Business,761,2,2,2,1,2,2,2,2,5,3,5,4,2,2.62,0,0,FALSE
Male,Loyal Customer,15,Business Travel,Business,3925,5,5,5,5,4,4,4,4,4,3,4,3,4,4.15,0,0,TRUE
Male,Loyal Customer,54,Business Travel,Business,685,1,1,1,1,4,5,5,5,5,5,5,3,5,3.54,0,8,TRUE
Male,Disloyal Customer,23,Business Travel,Eco,1306,4,4,4,3,1,4,1,1,3,4,2,1,1,2.54,0,0,FALSE
Male,Loyal Customer,39,Business Travel,Business,733,5,5,2,5,2,4,5,4,4,4,4,3,4,3.92,91,90,TRUE
Female,Disloyal Customer,28,Business Travel,Eco,1310,2,2,2,3,3,2,3,3,3,4,4,2,3,2.77,15,8,FALSE
Male,Loyal Customer,50,Business Travel,Business,1797,5,5,5,5,2,4,5,4,4,4,4,3,3,4.08,0,0,TRUE
Female,Loyal Customer,79,Business Travel,Eco,162,5,4,4,4,1,3,4,5,5,5,5,4,1,3.85,0,0,TRUE
Male,Disloyal Customer,39,Business Travel,Business,1246,4,4,4,1,5,4,5,5,3,5,4,3,5,4,15,15,TRUE
Male,Loyal Customer,54,Business Travel,Business,331,3,3,3,3,2,4,4,4,4,4,4,3,3,3.38,0,2,TRUE
Male,Loyal Customer,10,Personal Travel,Business,157,4,4,4,5,1,4,1,1,4,2,5,3,1,3,3,96,TRUE
Male,Loyal Customer,38,Business Travel,Business,1962,2,2,2,2,1,5,2,5,5,5,5,1,4,3.15,0,0,TRUE
Male,Loyal Customer,61,Business Travel,Business,1936,4,4,4,4,2,4,4,4,4,4,4,4,3,3.77,0,0,TRUE
Female,Loyal Customer,9,Business Travel,Business,2116,3,4,4,4,3,3,3,3,2,5,3,4,3,3.38,5,13,FALSE
Male,Loyal Customer,42,Business Travel,Business,89,2,5,5,5,1,3,4,3,3,3,2,2,3,3.15,0,0,FALSE
Female,Loyal Customer,51,Business Travel,Business,2945,3,5,5,5,4,2,3,3,3,3,3,4,4,3.62,27,23,FALSE
Male,Loyal Customer,46,Business Travel,Business,3835,4,4,2,4,5,4,4,4,4,4,4,5,4,4,30,42,TRUE
Male,Disloyal Customer,48,Business Travel,Eco,199,3,3,3,1,1,3,1,1,1,3,3,2,1,2,5,0,FALSE
Male,Loyal Customer,56,Business Travel,Business,2475,2,5,2,5,2,2,2,1,3,1,3,2,2,2.46,0,8,FALSE
Female,Loyal Customer,33,Personal Travel,Eco,373,1,4,1,4,2,1,3,2,1,1,3,2,2,2.08,57,50,FALSE
Male,Loyal Customer,35,Personal Travel,Eco,288,2,4,2,1,5,2,5,5,3,3,4,4,5,3.46,7,7,FALSE
Female,Loyal Customer,45,Business Travel,Business,2767,4,2,4,4,2,5,4,5,5,5,5,4,5,4.15,1,2,TRUE
Female,Loyal Customer,10,Personal Travel,Eco,748,5,4,4,2,5,4,5,5,3,3,4,3,5,4,0,0,TRUE
Male,Loyal Customer,15,Personal Travel,Eco Plus,1342,3,5,3,5,4,3,4,4,5,4,3,4,4,3.92,39,27,FALSE
Male,Disloyal Customer,23,Business Travel,Business,429,4,5,4,3,4,4,2,4,5,3,5,5,4,4,0,0,TRUE
Female,Loyal Customer,40,Business Travel,Business,1020,2,2,2,2,3,4,4,2,2,2,2,4,5,2.77,0,0,TRUE
Female,Loyal Customer,54,Personal Travel,Eco,882,3,5,3,3,1,5,2,2,2,3,2,3,1,2.69,0,1,FALSE
Male,Loyal Customer,40,Business Travel,Business,2654,4,3,3,3,3,3,3,4,4,4,4,3,3,3.38,33,29,FALSE
Male,Loyal Customer,39,Personal Travel,Eco,867,3,2,3,4,5,3,4,5,2,5,4,4,5,3.77,0,13,FALSE
Male,Loyal Customer,73,Business Travel,Business,3869,4,5,5,5,2,3,3,4,4,4,4,3,2,3.69,100,81,FALSE
Female,Loyal Customer,52,Business Travel,Business,3512,5,5,5,5,3,4,4,3,3,3,3,3,3,3.77,0,0,TRUE
Male,Disloyal Customer,16,Business Travel,Eco,404,1,0,1,2,4,1,4,4,4,4,3,2,4,2.62,0,0,FALSE
Female,Loyal Customer,52,Personal Travel,Eco,592,3,5,3,2,1,2,1,2,2,3,2,4,2,2.46,0,0,FALSE
Male,Loyal Customer,53,Business Travel,Business,2139,1,1,1,1,4,4,4,2,2,2,2,3,3,2.31,19,3,TRUE
Female,Loyal Customer,48,Business Travel,Eco,1039,5,2,2,2,5,3,3,2,5,5,5,3,3,3.46,410,397,TRUE
Female,Loyal Customer,58,Personal Travel,Eco Plus,551,3,3,3,3,4,4,4,4,4,3,4,4,3,3.54,0,0,FALSE
Male,Disloyal Customer,30,Business Travel,Business,669,1,1,1,5,2,1,5,2,4,4,4,3,2,2.69,35,25,FALSE
Male,Loyal Customer,47,Personal Travel,Eco,945,4,4,4,4,5,4,2,5,4,1,3,1,5,3.54,0,5,FALSE
Male,Loyal Customer,53,Business Travel,Business,1616,1,1,1,1,1,4,1,5,5,5,5,5,5,3.08,0,0,TRUE
Female,Loyal Customer,22,Business Travel,Eco,438,5,5,5,5,5,5,5,5,1,1,2,1,5,3.85,0,0,TRUE
Male,Loyal Customer,69,Personal Travel,Eco,129,4,0,4,1,5,4,5,5,3,3,5,3,5,3.62,2,9,FALSE
Female,Loyal Customer,44,Business Travel,Business,2400,5,5,5,5,4,4,4,3,4,3,4,4,4,4.15,0,0,TRUE
Male,Loyal Customer,45,Business Travel,Business,319,0,0,0,1,2,4,2,1,1,1,1,5,5,1.77,108,82,TRUE
Male,Loyal Customer,59,Personal Travel,Eco,1276,3,5,3,3,2,3,2,2,4,4,5,3,2,3.15,0,11,FALSE
Male,Loyal Customer,37,Business Travel,Business,3281,3,3,2,3,3,4,5,4,4,4,4,3,3,3.46,6,49,TRUE
Male,Loyal Customer,57,Business Travel,Business,2514,1,1,4,1,5,4,5,4,4,4,4,4,3,3.38,0,0,TRUE
Male,Loyal Customer,23,Personal Travel,Eco,944,1,3,1,4,5,1,5,5,2,5,4,2,5,3.31,86,81,FALSE
Male,Loyal Customer,40,Business Travel,Business,2019,3,3,5,3,5,5,5,4,4,4,4,4,3,4,0,10,TRUE
Female,Disloyal Customer,35,Business Travel,Business,1590,2,2,2,3,1,2,1,1,4,4,5,5,1,2.54,0,0,FALSE
Male,Loyal Customer,28,Business Travel,Business,316,3,3,3,3,5,5,5,5,3,2,4,4,5,3.85,1,0,TRUE
Male,Loyal Customer,61,Personal Travel,Eco,453,4,3,4,4,1,4,1,1,4,2,3,2,1,2.62,0,11,FALSE
Female,Disloyal Customer,34,Business Travel,Business,2475,1,1,1,1,1,3,3,3,3,5,5,3,3,2.54,5,7,FALSE
Male,Loyal Customer,41,Business Travel,Business,3092,1,1,1,1,3,4,4,4,4,4,4,5,4,3.08,0,0,TRUE
Male,Loyal Customer,38,Business Travel,Eco,926,3,2,2,2,3,3,3,2,5,4,4,3,3,3,157,146,FALSE
Male,Loyal Customer,22,Business Travel,Eco Plus,725,3,3,3,3,3,4,3,3,2,1,3,3,3,2.85,0,8,FALSE
Male,Loyal Customer,48,Business Travel,Business,333,2,2,2,2,4,5,4,4,4,4,4,5,5,3.62,22,13,TRUE
Female,Loyal Customer,45,Business Travel,Business,319,1,1,1,1,4,5,4,4,4,4,4,4,5,3.23,33,40,TRUE
Male,Loyal Customer,45,Business Travel,Eco,383,1,4,4,4,1,2,2,4,2,3,4,2,2,2.69,137,129,FALSE
Male,Disloyal Customer,54,Business Travel,Business,1190,2,2,2,1,1,2,1,1,3,4,5,5,1,2.31,7,4,FALSE
Female,Loyal Customer,67,Personal Travel,Eco Plus,546,3,3,3,3,1,3,4,2,2,3,2,2,3,2.62,29,16,FALSE
Male,Disloyal Customer,25,Business Travel,Business,501,4,5,4,3,5,4,5,5,4,4,4,5,5,4.38,0,5,TRUE
Female,Loyal Customer,55,Business Travel,Eco,680,1,3,3,3,1,3,3,1,1,1,1,3,4,2.15,0,0,FALSE
Female,Loyal Customer,51,Business Travel,Eco,581,2,2,2,2,5,4,3,2,2,2,2,2,1,2.38,0,1,TRUE
Male,Disloyal Customer,24,Business Travel,Business,1046,4,0,4,4,4,4,4,4,4,4,5,5,4,3.85,0,0,TRUE
Male,Loyal Customer,32,Business Travel,Business,1371,3,3,3,3,4,4,4,4,4,3,4,5,4,3.69,20,44,TRUE
Female,Loyal Customer,61,Personal Travel,Eco,297,1,4,1,4,5,4,5,4,4,1,4,3,5,3.46,0,1,FALSE
Male,Disloyal Customer,27,Business Travel,Eco Plus,609,4,4,4,4,2,4,2,2,5,5,3,2,2,3.31,0,0,FALSE
Male,Disloyal Customer,52,Business Travel,Eco,546,3,2,3,2,5,3,5,5,4,4,3,4,5,3.69,3,13,FALSE
Male,Loyal Customer,33,Business Travel,Eco,1034,0,0,0,2,2,0,2,2,4,3,3,1,2,1.62,21,7,TRUE
Male,Loyal Customer,13,Personal Travel,Eco,409,2,4,2,2,4,2,4,4,4,2,4,3,4,3.15,0,0,FALSE
Female,Loyal Customer,57,Business Travel,Business,3321,1,1,4,1,5,5,4,4,4,4,4,5,4,3.54,0,0,TRUE
Female,Loyal Customer,44,Business Travel,Business,280,4,5,4,4,2,4,5,5,5,5,5,3,3,4.15,5,3,TRUE
Female,Loyal Customer,30,Business Travel,Eco Plus,308,0,0,0,2,1,0,1,1,3,4,5,4,1,1.69,0,0,TRUE
Male,Loyal Customer,58,Business Travel,Eco,712,3,2,2,2,3,3,3,3,2,5,3,4,3,2.92,5,0,FALSE
Female,Loyal Customer,42,Business Travel,Eco,2486,2,4,4,4,1,2,3,2,2,2,2,2,4,2.62,43,27,FALSE
Female,Loyal Customer,40,Business Travel,Business,4243,2,2,2,2,4,4,4,5,4,3,5,4,4,3.46,27,36,TRUE
Male,Loyal Customer,41,Business Travel,Business,2505,3,3,3,3,4,4,4,5,5,5,5,3,5,4,1,0,TRUE
Female,Loyal Customer,54,Business Travel,Business,3646,3,3,3,3,4,5,4,5,5,5,5,4,4,4.08,48,53,TRUE
Male,Loyal Customer,35,Business Travel,Business,404,3,3,3,3,1,2,4,4,4,4,4,4,5,3.38,0,0,TRUE
Male,Disloyal Customer,39,Business Travel,Business,480,1,1,1,1,1,1,4,1,3,5,5,3,1,2.15,30,15,FALSE
Male,Disloyal Customer,45,Business Travel,Eco,581,3,0,3,3,5,3,5,5,2,1,4,1,5,3.08,0,0,FALSE
Female,Disloyal Customer,50,Business Travel,Eco,484,4,4,4,3,2,4,2,2,2,5,4,3,2,3.15,0,0,FALSE
Female,Loyal Customer,20,Business Travel,Business,3618,2,3,3,3,3,2,2,3,3,1,3,4,3,2.69,0,0,FALSE
Male,Loyal Customer,54,Business Travel,Business,1543,1,1,1,1,3,5,5,5,5,5,5,4,4,3.46,17,14,TRUE
Female,Disloyal Customer,34,Business Travel,Eco,908,1,1,1,3,5,1,5,5,2,5,4,5,5,3.31,0,0,FALSE
Female,Loyal Customer,42,Business Travel,Business,481,1,2,2,2,2,4,3,1,1,1,1,4,4,2.15,26,30,FALSE
Female,Disloyal Customer,24,Business Travel,Eco,1703,4,4,4,4,3,4,3,3,4,3,4,4,3,3.62,1,0,FALSE
Male,Loyal Customer,36,Business Travel,Business,145,0,5,0,3,4,5,3,4,4,4,4,4,5,3.46,0,0,TRUE
Female,Disloyal Customer,25,Business Travel,Business,255,2,5,2,4,2,2,1,2,4,5,5,5,2,3.15,0,0,FALSE
Male,Loyal Customer,62,Business Travel,Business,2531,1,1,3,3,5,3,3,2,2,3,1,3,1,2.38,0,0,FALSE
Female,Disloyal Customer,44,Business Travel,Business,181,5,5,5,5,5,5,5,5,5,2,5,4,5,4.69,0,0,TRUE
Male,Loyal Customer,23,Personal Travel,Eco Plus,448,2,4,2,4,3,2,3,3,1,1,3,5,3,2.77,0,0,FALSE
Female,Loyal Customer,54,Business Travel,Business,3095,3,4,4,4,4,3,2,3,3,2,3,2,4,3.15,0,11,FALSE
Female,Loyal Customer,33,Business Travel,Business,2521,2,2,2,2,5,5,5,4,4,4,4,3,4,3.54,0,0,TRUE
Female,Disloyal Customer,29,Business Travel,Eco,1911,1,2,2,3,1,1,1,1,3,1,4,1,1,1.69,104,89,FALSE
Male,Loyal Customer,21,Personal Travel,Eco,680,2,1,2,2,2,2,2,2,2,1,3,3,2,2,7,1,FALSE
Female,Loyal Customer,65,Personal Travel,Eco,425,4,0,4,2,2,5,5,4,4,4,4,4,3,3.46,0,0,FALSE
Male,Loyal Customer,35,Business Travel,Eco Plus,1235,5,1,1,1,5,5,5,5,5,5,5,2,5,3.85,4,0,TRUE
Female,Loyal Customer,35,Personal Travel,Eco,349,1,2,1,3,4,1,2,4,1,4,3,4,4,2.62,0,3,FALSE
Male,Disloyal Customer,8,Business Travel,Business,1310,2,0,2,3,3,2,3,3,3,5,5,5,3,3,0,0,FALSE
Male,Loyal Customer,38,Business Travel,Business,1672,3,3,5,3,3,1,3,4,4,4,4,4,5,3.54,0,13,TRUE
Male,Loyal Customer,29,Business Travel,Business,1590,2,5,5,5,2,2,2,2,2,4,4,1,2,2.92,0,1,FALSE
Male,Loyal Customer,57,Business Travel,Eco,838,4,5,5,5,4,4,4,4,2,1,4,2,4,3.69,0,0,TRUE
Male,Disloyal Customer,22,Business Travel,Eco,1118,4,4,4,3,2,4,2,2,4,2,5,1,2,3,31,13,TRUE
Male,Loyal Customer,28,Personal Travel,Eco,896,4,5,4,3,2,4,2,2,3,2,5,3,2,3.15,0,0,TRUE
Male,Loyal Customer,46,Business Travel,Business,3424,3,3,3,3,4,5,4,4,4,4,4,4,3,3.69,0,0,TRUE
Male,Loyal Customer,9,Personal Travel,Eco,2425,2,5,2,1,2,2,2,2,4,3,4,5,2,2.77,0,0,FALSE
Male,Loyal Customer,34,Personal Travel,Eco,591,2,2,2,2,4,2,4,4,2,4,3,3,4,2.92,0,1,FALSE
Male,Loyal Customer,65,Personal Travel,Eco Plus,1346,2,5,1,3,2,1,2,2,3,2,4,5,2,2.62,0,0,FALSE
Female,Loyal Customer,52,Business Travel,Business,2165,5,5,2,5,4,5,4,5,5,5,5,4,3,4.38,0,0,TRUE
Female,Loyal Customer,18,Business Travel,Business,539,3,4,4,4,3,2,3,3,4,4,4,4,3,3.46,0,0,FALSE
Female,Loyal Customer,48,Business Travel,Business,2086,2,2,2,2,5,5,5,4,4,4,4,3,4,3.54,27,26,TRUE
Male,Loyal Customer,39,Business Travel,Business,1072,3,3,3,3,3,5,4,4,4,4,4,5,4,3.77,0,0,TRUE
Male,Loyal Customer,29,Business Travel,Eco,1190,4,3,3,3,4,4,4,4,2,4,3,2,4,3.38,2,0,FALSE
Male,Loyal Customer,40,Business Travel,Business,1916,5,5,5,5,3,3,3,3,4,4,4,3,3,3.85,185,160,TRUE
Male,Loyal Customer,54,Business Travel,Business,3419,5,5,5,5,2,4,5,5,5,5,4,4,3,4.38,2,0,TRUE
Female,Loyal Customer,32,Business Travel,Business,1448,4,4,4,4,4,4,4,4,1,5,2,5,4,3.77,0,0,TRUE
Female,Disloyal Customer,26,Business Travel,Business,607,2,4,2,2,5,2,5,5,5,3,5,3,5,3.69,4,6,FALSE
Male,Loyal Customer,53,Business Travel,Business,919,1,1,1,1,2,5,4,4,4,4,4,3,4,2.92,74,84,TRUE
Female,Disloyal Customer,30,Business Travel,Eco,259,2,0,2,3,5,2,5,5,4,1,2,5,5,3.15,0,0,FALSE
Female,Loyal Customer,37,Business Travel,Eco,102,4,5,5,5,4,5,4,4,5,1,2,4,4,4,0,0,TRUE
Female,Loyal Customer,16,Personal Travel,Eco,1464,2,4,2,2,4,2,4,4,5,4,5,4,4,3.54,0,0,FALSE
Male,Loyal Customer,48,Business Travel,Business,1962,1,1,1,1,4,4,5,3,3,3,3,3,5,2.85,130,118,TRUE
Male,Loyal Customer,62,Personal Travel,Eco,304,4,5,4,2,2,4,2,2,3,2,4,3,2,3,0,0,FALSE
Male,Loyal Customer,50,Business Travel,Business,3836,3,5,5,5,2,4,3,3,3,3,3,3,2,3.38,0,6,FALSE
Female,Loyal Customer,71,Business Travel,Eco,133,3,3,3,3,2,4,3,3,3,3,3,4,2,3,5,0,FALSE
Female,Loyal Customer,43,Business Travel,Business,3150,2,2,2,2,2,4,5,4,4,4,5,3,5,3.38,0,0,TRUE
Female,Loyal Customer,25,Business Travel,Business,344,3,3,2,3,3,3,3,3,3,1,3,3,3,2.77,4,19,FALSE
Female,Loyal Customer,52,Business Travel,Business,2216,1,1,1,1,2,5,5,4,4,4,5,4,3,3.08,0,3,TRUE
Male,Disloyal Customer,50,Business Travel,Business,604,3,3,3,2,5,3,5,5,3,4,4,3,5,3.69,0,0,FALSE
Female,Loyal Customer,12,Business Travel,Business,3556,2,5,5,5,2,2,2,2,4,5,4,3,2,3.31,25,14,FALSE
Male,Loyal Customer,49,Business Travel,Business,3281,2,5,5,5,2,2,2,1,5,3,3,2,2,3,131,118,FALSE
Male,Loyal Customer,38,Business Travel,Business,1080,5,5,5,5,5,5,5,2,2,2,2,5,3,3.92,65,103,TRUE
Female,Loyal Customer,10,Personal Travel,Eco,1199,1,5,1,2,3,1,3,3,3,4,4,1,3,2.62,0,0,FALSE
Female,Loyal Customer,50,Personal Travel,Eco,204,1,1,1,4,1,3,3,4,4,1,1,4,4,2.46,15,10,FALSE
Female,Loyal Customer,43,Business Travel,Business,2673,1,1,1,1,3,2,3,1,1,1,1,3,3,1.69,53,37,FALSE
Female,Loyal Customer,40,Business Travel,Business,1136,2,2,2,2,5,4,4,4,4,4,4,3,3,3.31,65,103,TRUE
Female,Loyal Customer,48,Business Travel,Business,3440,4,4,4,4,4,4,4,4,4,5,4,4,4,4.08,193,199,TRUE
Male,Loyal Customer,34,Personal Travel,Eco Plus,227,1,5,1,4,4,1,4,4,3,2,5,5,4,3.31,5,3,FALSE
Female,Loyal Customer,54,Business Travel,Business,1428,3,5,3,3,3,1,5,4,4,4,4,4,4,3.62,0,0,TRUE
Female,Loyal Customer,25,Business Travel,Business,3434,3,2,2,2,3,2,3,3,3,2,3,4,3,2.69,20,17,FALSE
Female,Loyal Customer,40,Business Travel,Business,946,5,4,5,5,5,5,5,5,5,5,5,5,3,4.77,0,0,TRUE
Female,Loyal Customer,32,Business Travel,Business,1687,5,5,5,5,3,4,3,3,3,2,4,3,3,3.69,0,0,TRUE
Male,Disloyal Customer,22,Business Travel,Eco,2475,4,4,4,3,1,4,1,1,2,3,4,2,1,2.62,37,18,FALSE
Female,Loyal Customer,38,Business Travel,Business,295,3,3,3,3,5,5,5,4,4,4,4,4,4,3.92,0,0,TRUE
Male,Loyal Customer,45,Business Travel,Business,2419,2,2,5,2,4,4,4,3,4,4,4,4,4,3.54,0,7,TRUE
Male,Loyal Customer,16,Personal Travel,Eco,1197,3,5,3,4,2,3,2,2,5,5,3,3,2,3.23,0,0,FALSE
Female,Loyal Customer,49,Business Travel,Business,2177,5,5,5,5,4,5,5,4,4,4,4,4,5,4.54,0,0,TRUE
Male,Disloyal Customer,38,Business Travel,Business,578,2,2,2,3,4,2,4,4,3,5,4,3,4,3.23,0,0,FALSE
Female,Loyal Customer,55,Business Travel,Eco,985,2,2,2,2,3,4,3,2,2,2,2,2,4,2.46,0,4,FALSE
Female,Loyal Customer,13,Personal Travel,Eco,531,1,4,1,2,3,1,1,3,3,2,4,3,3,2.38,0,0,FALSE
Male,Loyal Customer,11,Personal Travel,Business,868,3,4,3,3,2,3,2,2,2,4,4,4,2,2.92,0,0,FALSE
Female,Loyal Customer,44,Business Travel,Business,2272,2,2,2,2,5,4,4,4,4,4,4,4,5,3.54,0,0,TRUE
Male,Loyal Customer,40,Business Travel,Business,2015,2,4,4,4,4,4,4,3,3,3,2,1,2,3.08,38,45,FALSE
Female,Disloyal Customer,26,Business Travel,Eco Plus,272,4,4,4,3,5,4,5,5,2,1,4,3,5,3.77,5,7,FALSE
Female,Loyal Customer,31,Business Travel,Business,3676,5,5,5,5,5,5,5,5,5,3,5,4,5,4.77,0,0,TRUE
Male,Loyal Customer,7,Personal Travel,Eco,255,4,0,4,1,4,4,4,4,3,4,4,3,4,3.31,0,0,FALSE
Male,Disloyal Customer,32,Business Travel,Eco,679,3,3,3,4,4,3,4,4,3,4,3,4,4,3.54,82,79,FALSE
Male,Loyal Customer,26,Business Travel,Eco Plus,1464,3,2,2,2,3,3,4,3,1,4,4,4,3,2.92,5,0,FALSE
Female,Loyal Customer,63,Business Travel,Business,2645,3,2,2,2,4,3,4,3,3,3,3,4,4,3.08,4,0,FALSE
Male,Disloyal Customer,26,Business Travel,Eco,763,4,3,3,3,5,3,5,5,3,3,3,1,5,3.54,16,7,FALSE
Female,Disloyal Customer,27,Business Travel,Business,1192,3,2,2,5,3,2,3,3,4,5,4,3,3,3.23,3,9,FALSE
Male,Loyal Customer,34,Business Travel,Business,1197,2,2,2,2,5,5,4,4,4,4,4,5,4,3.62,35,20,TRUE
Male,Loyal Customer,48,Personal Travel,Eco,678,2,1,2,4,4,2,4,4,2,2,3,3,4,2.85,0,0,FALSE
Male,Disloyal Customer,33,Business Travel,Eco,145,3,0,3,1,3,3,3,3,2,4,4,4,3,2.77,0,0,FALSE
Male,Loyal Customer,45,Business Travel,Business,3229,2,2,2,2,2,5,4,4,4,4,4,4,3,3.23,0,0,TRUE
Female,Loyal Customer,9,Personal Travel,Eco,459,1,5,1,3,2,1,3,2,4,5,4,4,2,2.85,0,11,FALSE
Male,Loyal Customer,45,Business Travel,Eco,483,3,1,1,1,3,3,3,3,1,4,4,1,3,2.38,1,0,FALSE
Female,Loyal Customer,9,Personal Travel,Eco,237,1,1,1,3,3,1,3,3,3,3,4,1,3,2.31,0,0,FALSE
Female,Loyal Customer,61,Personal Travel,Eco,502,1,3,1,3,1,4,4,1,1,1,4,1,3,2.15,19,31,FALSE
Male,Loyal Customer,53,Business Travel,Business,2297,3,3,5,3,5,5,5,5,5,5,4,5,5,4.46,22,22,TRUE
Male,Loyal Customer,44,Business Travel,Business,441,4,4,4,4,2,4,5,4,4,4,4,3,5,3.92,23,57,TRUE
Female,Loyal Customer,60,Business Travel,Business,3321,1,1,1,1,3,4,5,4,4,4,4,3,5,3.08,9,2,TRUE
Female,Loyal Customer,60,Personal Travel,Eco,226,2,4,2,3,4,5,5,5,5,2,2,4,3,3.54,0,0,FALSE
Male,Loyal Customer,33,Business Travel,Business,1672,3,3,1,3,4,4,4,4,5,3,5,5,4,3.69,0,3,TRUE
Female,Loyal Customer,42,Business Travel,Business,598,1,1,1,1,4,5,5,4,4,4,4,5,3,3.23,0,0,TRUE
Male,Disloyal Customer,38,Business Travel,Business,907,2,2,2,2,4,2,4,4,5,4,4,3,4,3.23,0,0,FALSE
Male,Loyal Customer,50,Business Travel,Business,2034,2,2,2,2,5,4,5,5,5,5,5,3,3,3.69,9,19,TRUE
Male,Loyal Customer,41,Business Travel,Business,2530,4,4,5,4,1,2,2,4,4,4,4,3,4,3.46,100,97,TRUE
Male,Loyal Customer,34,Business Travel,Business,649,3,3,3,3,5,5,4,4,4,4,4,3,4,3.77,0,0,TRUE
Female,Loyal Customer,55,Business Travel,Eco,363,4,5,5,5,4,1,3,5,5,4,5,3,5,4.15,0,0,TRUE
Male,Disloyal Customer,48,Business Travel,Business,305,3,3,3,3,3,5,5,3,3,3,3,5,5,3.62,180,169,FALSE
Female,Disloyal Customer,21,Business Travel,Eco,1089,5,5,5,3,3,5,3,3,5,5,4,5,3,4.15,0,0,TRUE
Female,Loyal Customer,56,Business Travel,Business,214,4,5,4,4,4,4,5,5,5,5,5,3,4,4.38,0,0,TRUE
Female,Disloyal Customer,25,Personal Travel,Eco,528,4,4,3,4,4,3,4,4,3,3,3,4,4,3.62,0,0,TRUE
Male,Loyal Customer,41,Business Travel,Eco,303,5,3,3,3,5,5,5,5,4,3,3,5,5,4.15,0,0,TRUE
Male,Loyal Customer,62,Business Travel,Eco Plus,612,2,5,5,5,2,2,2,2,3,3,3,2,2,2.92,174,177,FALSE
Male,Loyal Customer,45,Business Travel,Business,1670,5,5,5,5,4,5,5,4,4,4,4,3,3,4.31,0,4,TRUE
Female,Loyal Customer,12,Business Travel,Business,759,3,2,2,2,3,3,3,3,1,3,3,3,3,2.62,0,0,FALSE
Male,Loyal Customer,30,Business Travel,Eco,399,0,0,0,5,3,0,3,3,2,4,1,5,3,2.23,0,0,TRUE
Female,Disloyal Customer,25,Business Travel,Eco,531,2,4,1,2,2,1,2,2,4,5,4,1,2,2.46,0,0,FALSE
Male,Loyal Customer,22,Personal Travel,Eco,1452,3,1,3,3,2,3,2,2,1,5,3,1,2,2.38,0,0,FALSE
Male,Loyal Customer,23,Business Travel,Business,2656,4,4,4,4,3,3,3,3,3,2,5,5,3,3.54,93,82,TRUE
Female,Loyal Customer,69,Business Travel,Business,376,2,5,5,5,2,3,4,2,2,2,2,4,3,3.15,4,0,FALSE
Male,Loyal Customer,45,Business Travel,Eco,936,5,2,2,2,5,5,5,5,3,5,5,1,5,3.85,0,0,TRUE
Male,Disloyal Customer,27,Business Travel,Eco,622,2,0,2,4,4,2,4,4,5,3,1,3,4,2.92,28,42,FALSE
Male,Loyal Customer,44,Personal Travel,Business,1048,3,2,3,3,2,4,4,2,2,3,2,4,2,2.77,0,0,FALSE
Female,Loyal Customer,51,Business Travel,Business,1084,2,2,2,2,4,4,4,4,4,4,4,3,3,3.23,0,2,TRUE
Female,Loyal Customer,41,Business Travel,Business,1203,5,5,5,5,5,4,3,5,5,5,5,3,4,4.54,0,0,TRUE
Male,Loyal Customer,52,Business Travel,Business,345,0,0,0,3,2,4,5,2,2,2,2,4,5,2.38,11,15,TRUE
Male,Loyal Customer,9,Personal Travel,Eco,200,2,4,2,4,4,2,4,4,4,2,5,5,4,3.54,9,0,FALSE
Male,Loyal Customer,57,Business Travel,Eco,799,3,3,3,3,3,3,3,3,1,1,1,1,3,2.38,0,15,FALSE
Female,Loyal Customer,12,Personal Travel,Eco,402,5,5,4,4,2,4,2,2,4,4,4,3,2,3.46,0,0,TRUE
Female,Loyal Customer,52,Business Travel,Business,590,2,2,2,2,2,4,5,5,5,4,5,5,3,3.54,0,0,TRUE
Male,Loyal Customer,38,Business Travel,Business,1812,4,4,4,4,2,5,1,4,4,4,4,3,2,3.46,1,0,TRUE
Female,Loyal Customer,46,Business Travel,Business,109,0,4,0,4,1,5,5,3,3,3,3,1,2,2.62,0,0,TRUE
Female,Loyal Customer,43,Business Travel,Business,888,3,3,3,3,5,5,4,2,2,2,2,4,5,3.31,5,3,TRUE
Male,Loyal Customer,60,Personal Travel,Eco,302,2,4,2,4,3,2,3,3,5,1,1,5,3,2.92,0,0,FALSE
Female,Loyal Customer,43,Personal Travel,Eco,581,1,5,1,2,3,4,4,1,1,1,1,4,3,2.38,5,0,FALSE
Female,Loyal Customer,11,Personal Travel,Eco,828,2,5,3,4,3,3,3,3,3,3,5,3,3,3.31,0,0,FALSE
Female,Loyal Customer,45,Personal Travel,Eco,237,4,5,0,2,4,4,5,3,3,0,3,3,4,3.08,0,0,FALSE
Female,Loyal Customer,36,Business Travel,Business,2446,1,1,4,1,4,5,1,3,3,3,3,4,5,2.92,0,0,TRUE
Male,Disloyal Customer,37,Business Travel,Business,446,4,4,4,5,1,4,1,1,3,3,4,5,1,3.08,0,2,FALSE
Male,Loyal Customer,46,Personal Travel,Eco,1204,4,4,5,4,4,5,4,4,1,4,4,2,4,3.77,53,33,FALSE
Female,Disloyal Customer,37,Business Travel,Eco,685,3,3,3,4,1,3,1,1,3,1,4,3,1,2.38,13,0,FALSE
Female,Loyal Customer,26,Business Travel,Eco,2349,1,2,3,3,2,2,1,2,1,1,2,1,1,1.69,0,7,FALSE
Female,Loyal Customer,65,Personal Travel,Eco,1065,3,5,2,4,2,4,5,5,5,2,5,3,4,3.77,0,3,FALSE
Male,Loyal Customer,59,Personal Travel,Eco,539,1,2,1,3,2,1,2,2,1,3,3,2,2,1.92,0,0,FALSE
Female,Loyal Customer,53,Business Travel,Business,2787,1,1,1,1,4,1,5,4,4,4,4,5,1,2.77,0,8,TRUE
Female,Loyal Customer,53,Business Travel,Business,1182,3,3,3,3,3,5,5,4,4,4,4,5,5,3.92,56,62,TRUE
Male,Loyal Customer,66,Business Travel,Eco,228,4,2,2,2,3,4,3,3,2,2,4,2,3,2.77,0,0,FALSE
Male,Loyal Customer,54,Personal Travel,Eco,1242,1,5,1,2,1,1,1,1,4,4,5,4,1,2.38,24,19,FALSE
Male,Loyal Customer,59,Personal Travel,Eco,240,2,5,0,2,3,0,4,3,5,3,5,4,3,3,0,0,FALSE
Male,Loyal Customer,23,Personal Travel,Eco,594,2,3,2,3,4,2,5,4,3,4,5,2,4,3.31,0,0,FALSE
Female,Loyal Customer,63,Personal Travel,Eco,391,3,4,3,2,4,5,3,1,1,3,1,1,3,2.62,31,35,FALSE
Male,Loyal Customer,38,Business Travel,Business,3227,3,3,3,3,2,5,5,4,4,4,4,3,5,3.69,0,0,TRUE
Female,Loyal Customer,18,Business Travel,Business,1753,1,2,2,2,1,1,1,1,3,4,3,3,1,1.92,32,32,FALSE
Male,Loyal Customer,31,Business Travel,Business,1879,4,4,4,4,4,4,4,4,3,4,4,5,4,4,109,129,TRUE
Female,Disloyal Customer,17,Business Travel,Business,227,4,3,4,3,5,4,5,5,1,2,4,4,5,3.77,0,11,FALSE
Female,Disloyal Customer,29,Business Travel,Eco,1542,2,2,2,4,3,2,3,3,3,5,4,2,3,2.92,0,0,FALSE
Male,Disloyal Customer,30,Business Travel,Business,1101,4,3,3,4,1,3,2,1,3,2,4,3,1,2.62,8,0,TRUE
Female,Loyal Customer,63,Personal Travel,Eco,722,3,4,3,1,4,5,3,2,2,3,2,5,2,3,0,0,FALSE
Male,Disloyal Customer,40,Business Travel,Business,214,3,3,3,3,4,3,4,4,2,1,4,3,4,3.15,0,0,FALSE
Male,Loyal Customer,36,Business Travel,Business,174,2,2,2,2,2,5,4,5,5,5,5,3,3,3.46,19,11,TRUE
Female,Loyal Customer,43,Business Travel,Business,3843,4,4,4,4,3,4,4,5,5,5,5,4,5,4.31,0,0,TRUE
Female,Loyal Customer,54,Business Travel,Eco Plus,466,3,4,4,4,4,2,2,3,3,3,3,3,1,3,29,25,FALSE
Male,Loyal Customer,44,Business Travel,Business,2118,3,3,3,3,2,4,4,4,4,4,4,5,5,3.69,0,0,TRUE
Female,Loyal Customer,70,Personal Travel,Eco,448,2,2,2,2,2,2,3,1,1,2,1,1,4,1.92,0,1,FALSE
Male,Loyal Customer,47,Business Travel,Business,1501,2,2,2,2,2,5,4,4,4,4,4,5,5,3.46,2,0,TRUE
Male,Loyal Customer,28,Personal Travel,Eco,1222,3,5,3,3,1,3,1,1,4,5,4,5,1,3,0,0,FALSE
Female,Loyal Customer,53,Personal Travel,Eco,1222,2,4,2,3,1,3,2,4,4,2,4,5,5,3.15,58,45,FALSE
Female,Loyal Customer,51,Business Travel,Business,948,2,2,2,2,5,5,5,3,3,3,3,3,3,3.15,2,0,TRUE
Male,Loyal Customer,62,Business Travel,Business,347,1,1,1,1,2,5,3,5,5,5,5,3,4,3.15,0,0,TRUE
Male,Disloyal Customer,25,Business Travel,Business,1101,5,0,5,4,4,5,4,4,4,1,3,1,4,3.38,0,0,TRUE
Female,Loyal Customer,46,Business Travel,Business,1831,5,5,5,5,3,5,4,5,5,5,5,5,4,4.69,0,1,TRUE
Male,Disloyal Customer,38,Business Travel,Eco,1237,3,4,4,2,2,4,2,2,4,1,1,1,2,2.46,64,66,FALSE
Female,Disloyal Customer,68,Business Travel,Eco,1009,2,2,2,4,4,2,4,4,2,4,3,4,4,3.15,14,0,FALSE
Female,Loyal Customer,68,Personal Travel,Eco,723,3,3,2,5,5,2,3,3,3,2,3,2,3,3,107,115,FALSE
Female,Loyal Customer,77,Business Travel,Business,2187,4,4,4,4,5,2,5,5,5,4,5,3,5,4.23,1,0,TRUE
Female,Disloyal Customer,30,Business Travel,Business,712,2,2,2,3,2,2,2,2,5,3,4,3,2,2.62,0,0,FALSE
Female,Loyal Customer,56,Business Travel,Eco,409,4,4,4,4,1,4,3,4,4,4,4,1,3,3.38,0,0,TRUE
Female,Loyal Customer,56,Business Travel,Business,1533,3,3,3,3,3,4,3,3,3,3,3,1,2,2.85,0,0,FALSE
Female,Loyal Customer,24,Personal Travel,Eco,874,3,0,4,4,3,4,3,3,3,5,4,2,3,3.15,0,0,FALSE
Male,Loyal Customer,8,Personal Travel,Eco,694,3,4,2,2,2,1,1,4,3,5,5,1,1,2.62,181,158,FALSE
Male,Disloyal Customer,16,Business Travel,Eco,247,0,4,0,2,3,0,3,3,4,2,5,1,3,2.31,0,0,TRUE
Female,Loyal Customer,45,Personal Travel,Eco,744,5,4,5,1,1,1,5,4,4,5,4,4,5,3.69,0,0,TRUE
Female,Loyal Customer,60,Business Travel,Business,689,3,3,3,3,2,4,5,4,4,4,4,5,4,3.69,0,0,TRUE
Male,Loyal Customer,30,Business Travel,Business,651,2,3,2,2,4,4,4,4,1,1,4,4,4,3,0,0,TRUE
Male,Loyal Customer,44,Business Travel,Business,3479,3,3,3,3,4,4,5,5,5,5,5,3,3,3.92,30,6,TRUE
Male,Loyal Customer,29,Business Travel,Business,3491,1,1,1,1,4,5,4,4,5,2,4,4,4,3.08,0,3,TRUE
Female,Disloyal Customer,37,Business Travel,Business,236,2,2,2,1,3,2,3,3,3,2,4,5,3,2.69,0,0,FALSE
Male,Loyal Customer,44,Business Travel,Business,2392,1,2,2,2,3,1,2,1,1,1,1,3,3,1.77,0,0,FALSE
Male,Disloyal Customer,22,Business Travel,Eco,223,4,2,4,4,1,4,1,1,4,1,4,3,1,2.62,0,0,FALSE
Female,Loyal Customer,55,Business Travel,Business,594,1,1,3,1,2,4,5,5,5,5,5,4,4,3.46,0,4,TRUE
Female,Disloyal Customer,22,Business Travel,Eco,272,2,4,2,3,2,2,5,2,1,4,5,4,2,2.92,0,0,FALSE
Male,Loyal Customer,62,Business Travel,Business,3235,4,4,2,4,2,5,4,4,4,4,4,5,3,3.77,19,18,TRUE
Female,Loyal Customer,11,Personal Travel,Eco,936,3,5,3,3,2,3,2,2,4,5,5,3,2,3.23,6,0,FALSE
Female,Disloyal Customer,24,Business Travel,Eco,1157,2,2,2,3,3,2,3,3,3,1,2,2,3,2.38,10,0,FALSE
Female,Loyal Customer,41,Business Travel,Business,3080,2,2,2,2,5,4,4,4,4,3,2,3,1,2.92,0,6,FALSE
Male,Loyal Customer,44,Business Travel,Business,2182,3,5,5,5,2,3,4,3,3,3,3,3,2,3.38,0,0,FALSE
Male,Loyal Customer,37,Personal Travel,Business,576,3,5,3,1,2,4,4,5,5,3,1,5,4,3.46,45,44,FALSE
Female,Loyal Customer,37,Business Travel,Business,212,0,3,0,2,3,4,2,1,1,1,1,5,2,1.92,0,0,TRUE
Male,Loyal Customer,42,Business Travel,Business,2388,5,5,5,5,2,4,5,5,5,5,5,3,3,4.38,0,0,TRUE
Male,Disloyal Customer,37,Business Travel,Business,931,4,4,4,2,2,4,2,2,4,3,5,4,2,3.23,0,0,TRUE
Female,Loyal Customer,58,Business Travel,Eco Plus,1034,2,1,1,1,3,4,3,2,2,2,2,3,3,2.23,0,0,FALSE
Female,Disloyal Customer,22,Business Travel,Eco,449,4,0,4,2,2,4,2,2,5,4,4,5,2,3.08,0,0,FALSE
Male,Loyal Customer,37,Business Travel,Business,2379,1,1,1,1,2,4,4,1,1,1,1,1,1,1.54,6,1,FALSE
Female,Loyal Customer,51,Business Travel,Business,342,3,3,3,3,4,4,4,5,5,4,5,5,4,4,2,8,TRUE
Female,Loyal Customer,55,Business Travel,Business,3768,3,3,4,3,5,5,4,4,4,4,4,5,5,4.08,0,0,TRUE
Female,Loyal Customer,46,Personal Travel,Eco Plus,1312,1,5,1,3,5,5,4,3,3,1,3,3,3,3.08,11,4,FALSE
Female,Disloyal Customer,30,Business Travel,Business,888,0,0,0,2,3,0,3,3,5,3,4,5,3,2.38,0,2,TRUE
Male,Loyal Customer,45,Business Travel,Business,397,2,1,1,1,4,4,3,2,2,2,2,2,4,2.31,0,0,FALSE
Female,Loyal Customer,56,Business Travel,Business,3567,3,3,3,3,3,4,5,4,4,4,4,4,5,3.77,0,0,TRUE
Male,Loyal Customer,58,Personal Travel,Eco,447,3,5,3,5,2,3,2,2,5,3,5,4,2,3.38,9,0,FALSE
Female,Disloyal Customer,13,Business Travel,Eco,602,2,2,3,3,1,3,1,1,1,2,3,2,1,1.92,0,0,FALSE
Female,Loyal Customer,41,Business Travel,Business,1121,2,2,2,2,4,5,4,3,3,3,3,5,3,3.15,0,0,TRUE
Male,Loyal Customer,56,Business Travel,Business,3107,4,4,4,4,2,4,4,5,5,5,5,3,4,4.08,23,10,TRUE
Female,Loyal Customer,23,Business Travel,Business,528,3,2,2,2,3,3,3,3,3,4,3,1,3,2.69,9,5,FALSE
Female,Loyal Customer,36,Business Travel,Business,1655,5,5,5,5,3,4,4,2,2,2,2,3,5,3.62,2,8,TRUE
Female,Loyal Customer,51,Business Travel,Business,746,4,4,4,4,4,4,5,5,5,5,5,4,5,4.46,0,5,TRUE
Female,Loyal Customer,44,Business Travel,Eco,212,2,2,2,2,5,4,3,2,2,2,2,1,3,2.46,0,0,FALSE
Female,Loyal Customer,44,Business Travel,Business,2919,2,2,2,2,4,4,5,2,2,2,2,3,3,2.69,0,0,TRUE
Male,Loyal Customer,53,Business Travel,Eco,1076,3,5,5,5,3,3,3,3,1,5,3,3,3,3.46,0,0,FALSE
Male,Loyal Customer,33,Personal Travel,Eco,978,1,5,1,1,1,1,4,1,4,3,4,5,1,2.46,0,0,FALSE
Male,Loyal Customer,17,Personal Travel,Eco,607,5,4,4,5,2,4,2,2,3,5,4,3,2,3.46,0,0,TRUE
Female,Loyal Customer,47,Business Travel,Business,677,1,1,1,1,2,4,5,5,5,5,5,3,4,3.23,10,0,TRUE
Female,Loyal Customer,43,Business Travel,Business,1912,1,1,1,1,3,5,5,4,4,4,4,3,3,3,4,0,TRUE
Male,Loyal Customer,15,Personal Travel,Eco,634,3,4,3,4,5,3,5,5,3,1,3,4,5,3.69,0,18,FALSE
Female,Loyal Customer,60,Business Travel,Business,3464,5,5,2,5,4,4,4,4,4,4,4,4,4,4.08,3,0,TRUE
Male,Loyal Customer,23,Personal Travel,Eco,1482,1,1,0,3,4,0,4,4,1,2,2,3,4,2.23,46,59,FALSE
Female,Loyal Customer,29,Business Travel,Business,1947,4,4,4,4,5,5,5,5,5,4,5,3,5,4.46,4,0,TRUE
Male,Loyal Customer,46,Personal Travel,Eco,918,2,4,2,5,1,2,1,1,4,3,5,4,1,2.69,0,0,FALSE
Female,Loyal Customer,33,Business Travel,Business,2270,1,1,1,1,4,5,5,5,5,5,5,5,5,3.69,0,0,TRUE
Male,Disloyal Customer,27,Business Travel,Eco,2072,3,3,3,3,5,3,5,5,3,4,3,2,5,3.62,0,0,FALSE
Female,Loyal Customer,57,Business Travel,Business,325,0,0,0,4,3,4,5,3,3,2,2,5,5,2.77,11,16,TRUE
Male,Loyal Customer,59,Business Travel,Business,546,5,5,5,5,3,4,4,4,4,5,4,3,5,4.31,0,1,TRUE
Male,Loyal Customer,64,Personal Travel,Eco,1488,3,2,3,1,2,3,2,2,2,5,1,1,2,2.23,0,5,FALSE
Female,Loyal Customer,58,Personal Travel,Eco,621,2,4,2,4,5,5,5,5,5,2,4,3,3,3.77,0,0,FALSE
Female,Loyal Customer,23,Business Travel,Eco,746,1,5,5,5,1,1,2,1,4,3,3,3,1,2.69,13,0,FALSE
Female,Loyal Customer,45,Business Travel,Business,373,1,1,1,1,1,5,1,4,4,5,4,2,5,2.69,80,68,TRUE
Male,Loyal Customer,56,Personal Travel,Eco,253,4,2,0,3,5,0,5,5,4,5,3,3,5,3.38,0,0,FALSE
Female,Disloyal Customer,25,Business Travel,Eco,563,3,0,3,3,1,3,1,1,3,1,2,5,1,2.08,0,0,FALSE
Male,Loyal Customer,52,Business Travel,Business,2466,0,0,0,1,5,4,5,5,5,5,5,4,5,3.38,5,0,TRUE
Female,Loyal Customer,51,Business Travel,Eco Plus,129,5,3,3,3,2,5,3,5,5,5,5,1,3,3.69,0,0,TRUE
Male,Loyal Customer,55,Business Travel,Business,266,0,0,0,3,1,2,2,1,1,1,5,4,3,1.77,0,0,TRUE
Female,Loyal Customer,70,Personal Travel,Eco Plus,1013,1,1,2,4,4,4,4,3,3,2,3,3,1,2.69,0,0,FALSE
Female,Loyal Customer,47,Business Travel,Eco,1182,2,4,5,5,1,3,3,2,2,2,2,2,4,2.85,0,6,FALSE
Female,Disloyal Customer,27,Business Travel,Eco,280,2,4,2,4,4,2,4,4,2,2,4,4,4,3.23,0,38,FALSE
Female,Loyal Customer,54,Personal Travel,Business,4963,2,2,2,3,2,5,5,4,1,3,3,5,5,3.23,2,5,FALSE
Female,Loyal Customer,8,Personal Travel,Eco,991,3,4,3,4,2,3,2,2,4,5,5,4,2,3.31,0,0,FALSE
Female,Loyal Customer,56,Business Travel,Business,2556,3,3,3,3,4,4,4,4,4,4,4,5,5,3.85,6,0,TRUE
Male,Loyal Customer,40,Business Travel,Eco,1182,3,5,5,5,3,4,3,3,5,3,5,5,3,4,11,5,TRUE
Male,Loyal Customer,45,Business Travel,Business,2374,2,2,2,2,2,5,4,4,4,4,4,3,5,3.31,0,0,TRUE
Male,Loyal Customer,64,Business Travel,Business,2308,2,2,2,2,5,3,5,4,4,4,5,3,3,3.38,0,4,TRUE
Female,Loyal Customer,14,Personal Travel,Eco,2253,3,5,3,1,3,4,1,4,5,5,4,1,1,3.08,20,34,FALSE
Female,Loyal Customer,20,Personal Travel,Eco,542,2,5,3,4,3,3,3,3,5,4,5,5,3,3.69,0,0,FALSE
Female,Loyal Customer,37,Business Travel,Business,1892,1,1,1,1,2,5,4,5,5,5,5,3,5,3.31,0,0,TRUE
Female,Disloyal Customer,27,Business Travel,Eco,507,1,0,0,5,5,0,5,5,3,1,4,3,5,2.85,36,28,FALSE
Male,Loyal Customer,65,Personal Travel,Eco,651,3,5,3,2,3,3,3,3,4,2,4,3,3,3.15,0,1,FALSE
Female,Loyal Customer,44,Business Travel,Business,3686,2,2,2,2,5,5,5,5,5,5,5,4,5,4,63,55,TRUE
Female,Disloyal Customer,35,Business Travel,Eco,785,2,2,2,4,1,2,1,1,1,1,4,4,1,2,6,4,FALSE
Male,Loyal Customer,60,Business Travel,Business,1389,1,1,1,1,4,5,4,2,2,2,2,4,3,2.46,0,0,TRUE
Male,Loyal Customer,41,Business Travel,Business,1399,4,4,4,4,5,4,4,4,4,4,4,5,3,4.08,0,0,TRUE
Male,Loyal Customer,53,Business Travel,Business,2700,3,3,2,3,3,4,5,4,4,4,4,5,4,3.69,44,35,TRUE
Female,Disloyal Customer,25,Business Travel,Business,528,5,0,5,5,1,5,1,1,5,2,4,4,1,3,0,0,TRUE
Female,Disloyal Customer,29,Business Travel,Business,930,3,3,3,1,3,3,3,3,4,4,5,4,3,3.23,0,0,FALSE
Male,Loyal Customer,8,Personal Travel,Eco,460,2,5,2,5,2,2,2,2,5,3,4,3,2,3,0,0,FALSE
Male,Loyal Customer,53,Business Travel,Business,1666,3,3,3,3,2,4,5,4,4,4,4,5,4,3.69,22,34,TRUE
Male,Loyal Customer,44,Business Travel,Business,223,3,3,4,3,4,4,4,4,4,4,5,4,3,3.77,0,0,TRUE
Female,Loyal Customer,50,Business Travel,Business,1579,4,4,4,4,3,5,5,4,4,4,4,5,3,4.08,0,0,TRUE
Female,Loyal Customer,34,Personal Travel,Eco,356,1,4,1,2,2,1,2,2,4,5,5,5,2,2.77,7,9,FALSE
Male,Loyal Customer,43,Business Travel,Business,1553,1,1,1,1,4,5,4,3,3,3,3,5,4,2.92,24,12,TRUE
Female,Loyal Customer,43,Business Travel,Eco,129,5,1,1,1,5,2,1,4,4,5,4,4,5,3.23,14,12,TRUE
Female,Loyal Customer,36,Business Travel,Business,283,1,1,1,1,3,5,4,5,5,5,5,3,3,3.23,17,20,TRUE
Female,Loyal Customer,53,Business Travel,Business,3306,3,3,3,3,4,4,5,5,5,5,5,4,5,4.15,0,0,TRUE
Female,Loyal Customer,27,Business Travel,Business,691,3,4,2,4,3,3,3,3,3,4,4,2,3,3.15,6,8,FALSE
Male,Loyal Customer,43,Business Travel,Business,3562,2,2,4,2,3,5,4,4,4,4,4,3,4,3.46,2,0,TRUE
Male,Loyal Customer,34,Personal Travel,Eco,719,2,4,2,3,3,2,2,3,5,4,1,3,3,2.85,3,23,FALSE
Male,Loyal Customer,39,Personal Travel,Eco,2248,2,5,2,1,4,2,4,4,5,1,3,4,4,3.15,19,59,FALSE
Female,Loyal Customer,11,Business Travel,Eco Plus,1635,2,2,2,2,2,2,2,2,3,4,2,3,2,2.31,22,10,FALSE
Female,Loyal Customer,63,Business Travel,Eco,305,3,4,4,4,3,3,4,3,3,3,3,4,1,3.23,0,0,FALSE
Male,Disloyal Customer,27,Business Travel,Business,920,3,3,3,4,2,3,2,2,5,4,4,3,2,3.08,13,0,FALSE
Female,Loyal Customer,55,Business Travel,Business,255,2,2,2,2,5,4,5,4,4,4,4,4,3,3.46,0,0,TRUE
Female,Loyal Customer,38,Business Travel,Eco,163,4,1,1,1,4,4,4,4,1,4,3,2,4,2.85,0,0,FALSE
Female,Loyal Customer,45,Business Travel,Business,2493,4,4,4,4,3,5,5,4,4,4,4,3,5,4.08,0,10,TRUE
Female,Loyal Customer,30,Business Travel,Business,1726,1,1,1,1,1,1,1,1,3,5,3,4,1,1.85,0,0,FALSE
Female,Loyal Customer,49,Personal Travel,Eco,109,3,5,3,1,3,4,5,4,4,3,4,4,4,3.62,21,8,FALSE
Male,Loyal Customer,50,Personal Travel,Eco,316,3,3,3,1,4,3,4,4,5,2,2,3,4,3.15,0,3,FALSE
Female,Loyal Customer,31,Business Travel,Eco,483,2,2,2,2,2,2,2,2,4,3,4,1,2,2.31,13,3,FALSE
Female,Loyal Customer,42,Personal Travel,Eco,579,2,3,2,3,3,5,1,1,1,2,1,5,5,2.62,32,27,FALSE
Male,Loyal Customer,45,Business Travel,Eco,200,4,4,4,4,4,4,4,4,5,3,1,1,4,3.54,6,6,TRUE
Male,Loyal Customer,23,Personal Travel,Eco,806,1,4,1,4,2,1,2,2,4,4,3,2,2,2.46,0,0,FALSE
Female,Disloyal Customer,45,Business Travel,Business,472,4,3,3,4,3,4,3,3,3,5,4,4,3,3.54,0,0,FALSE
Male,Loyal Customer,47,Business Travel,Eco,209,5,3,3,3,5,5,5,5,2,2,3,1,5,3.62,25,20,TRUE
Male,Loyal Customer,36,Personal Travel,Eco,646,2,1,2,2,2,2,4,2,4,4,2,4,2,2.54,0,0,FALSE
Female,Loyal Customer,53,Business Travel,Business,1975,5,5,5,5,3,2,5,5,5,5,5,3,1,4.15,0,0,TRUE
Female,Loyal Customer,50,Business Travel,Business,1046,2,2,2,2,5,5,5,5,5,5,5,4,3,3.85,0,0,TRUE
Male,Loyal Customer,44,Business Travel,Business,3283,2,2,2,2,3,4,5,4,4,4,4,5,4,3.46,27,18,TRUE
Female,Loyal Customer,46,Business Travel,Business,1744,3,3,5,3,3,3,5,5,5,5,5,4,5,4.15,46,42,TRUE
Male,Disloyal Customer,25,Business Travel,Eco,949,2,2,2,1,3,2,3,3,5,5,4,5,3,3.08,0,0,FALSE
Female,Disloyal Customer,47,Business Travel,Eco,392,1,4,1,4,1,2,2,1,2,4,3,2,2,2.23,142,116,FALSE
Male,Loyal Customer,45,Business Travel,Eco Plus,954,2,2,3,3,2,2,2,2,1,5,2,3,2,2.38,0,0,TRUE
Male,Loyal Customer,37,Business Travel,Eco,216,4,5,5,5,4,4,4,4,4,1,3,5,4,4,0,1,TRUE
Female,Disloyal Customer,25,Business Travel,Eco Plus,1635,3,3,3,4,4,3,4,4,1,4,4,2,4,3.31,36,15,FALSE
Male,Loyal Customer,19,Business Travel,Business,1903,1,4,4,4,1,1,1,1,3,2,3,4,1,2.31,0,0,FALSE
Male,Loyal Customer,33,Business Travel,Business,259,4,4,4,4,3,4,3,3,1,4,4,1,3,3.23,21,21,TRUE
Female,Disloyal Customer,27,Business Travel,Business,101,4,4,4,2,4,4,4,4,3,5,4,3,4,3.77,0,0,TRUE
Male,Loyal Customer,59,Business Travel,Business,2874,1,1,1,1,2,4,4,4,4,4,4,5,5,3.08,2,5,TRUE
Female,Loyal Customer,41,Business Travel,Business,1960,4,4,2,4,4,4,5,4,4,4,4,5,4,4,1,13,TRUE
Male,Loyal Customer,48,Personal Travel,Eco,627,2,5,2,4,4,2,4,4,5,2,4,5,4,3.62,0,1,FALSE
Female,Loyal Customer,44,Personal Travel,Eco,641,1,5,2,2,2,5,5,3,3,2,3,3,4,3.08,55,56,FALSE
Male,Loyal Customer,51,Business Travel,Business,731,2,2,2,2,5,5,5,4,4,3,4,3,3,3.38,12,15,TRUE
Male,Disloyal Customer,27,Business Travel,Business,650,2,2,2,1,3,2,5,3,3,2,4,4,3,2.77,38,38,FALSE
Female,Loyal Customer,34,Personal Travel,Eco,689,4,4,4,5,3,4,1,3,4,2,4,3,3,3.38,0,0,FALSE
Female,Disloyal Customer,25,Business Travel,Eco,899,2,2,2,3,4,2,4,4,2,1,1,2,4,2.54,5,7,FALSE
Male,Loyal Customer,50,Business Travel,Eco,534,4,3,3,3,4,4,4,4,3,1,1,1,4,3,5,7,FALSE
Female,Disloyal Customer,37,Business Travel,Eco,484,1,1,1,4,3,1,4,3,1,3,3,1,3,2.23,36,24,FALSE
Male,Loyal Customer,54,Business Travel,Eco Plus,86,4,3,3,3,4,4,4,4,3,1,3,4,4,3.38,13,20,TRUE
Female,Loyal Customer,54,Business Travel,Business,1727,4,4,4,4,4,5,4,3,3,4,3,3,5,3.85,0,0,TRUE
Male,Loyal Customer,61,Business Travel,Business,3037,1,1,1,1,1,4,3,5,5,5,5,3,4,3,0,0,TRUE
Female,Loyal Customer,41,Business Travel,Business,2597,2,2,1,2,2,4,4,4,4,4,4,4,5,3.23,0,0,TRUE
Male,Loyal Customer,51,Business Travel,Business,1718,2,2,2,2,2,4,4,2,2,1,2,1,4,2.31,0,0,FALSE
Male,Disloyal Customer,42,Business Travel,Business,233,3,3,3,3,2,3,2,2,3,1,3,3,2,2.54,2,0,FALSE
Female,Loyal Customer,44,Business Travel,Eco,1372,2,5,3,3,1,3,3,2,2,2,2,4,1,2.54,0,0,FALSE
Male,Loyal Customer,57,Business Travel,Business,3176,3,3,4,3,3,5,5,5,5,5,4,3,4,4,0,0,TRUE
Male,Loyal Customer,44,Business Travel,Eco,2218,4,4,4,4,4,4,4,4,2,5,2,1,4,3.54,0,0,FALSE
Male,Loyal Customer,16,Personal Travel,Eco,201,3,1,3,3,3,3,4,3,4,1,2,2,3,2.69,0,0,FALSE
Female,Loyal Customer,58,Business Travel,Business,1535,2,2,2,2,4,5,5,5,5,5,5,3,4,3.77,0,0,TRUE
Male,Disloyal Customer,25,Business Travel,Business,373,3,5,3,3,5,3,5,5,3,5,5,4,5,4.15,0,0,FALSE
Female,Loyal Customer,60,Business Travel,Business,2333,4,1,4,4,3,5,5,5,5,5,5,5,3,4.15,16,25,TRUE
Female,Loyal Customer,35,Business Travel,Eco,526,4,1,1,1,4,3,4,4,4,2,3,3,4,2.92,0,0,FALSE
Male,Loyal Customer,54,Business Travel,Eco,946,3,3,3,3,3,3,3,3,4,4,3,1,3,3,7,13,FALSE
Male,Loyal Customer,24,Business Travel,Business,3835,1,1,1,1,4,4,4,4,3,4,5,5,4,3.15,38,45,TRUE
Female,Loyal Customer,44,Personal Travel,Business,802,3,2,3,3,3,4,3,3,3,3,3,2,2,2.85,0,0,FALSE
Female,Loyal Customer,30,Personal Travel,Eco,1081,4,1,4,3,2,4,2,2,2,3,4,1,2,2.62,7,5,FALSE
Female,Loyal Customer,23,Business Travel,Business,2743,1,1,1,1,5,5,5,5,4,3,4,4,5,3.38,8,14,TRUE
Female,Disloyal Customer,32,Business Travel,Eco,201,4,4,5,4,3,5,3,3,3,2,4,4,3,3.62,0,0,FALSE
Male,Loyal Customer,43,Business Travel,Business,2146,0,0,0,3,1,5,5,3,3,3,3,2,3,2.38,0,0,TRUE
Male,Loyal Customer,47,Business Travel,Eco,391,1,1,1,1,1,1,1,1,2,1,2,4,1,1.38,21,17,FALSE
Male,Loyal Customer,34,Business Travel,Business,515,3,3,3,3,1,1,5,4,4,4,4,2,5,3.23,4,0,TRUE
Male,Loyal Customer,45,Business Travel,Business,1768,3,3,3,3,2,3,4,3,3,3,3,4,2,3,118,116,FALSE
Male,Disloyal Customer,41,Business Travel,Eco,1310,2,2,2,2,2,2,2,2,1,4,3,3,2,2.23,47,35,FALSE
Female,Loyal Customer,19,Personal Travel,Eco,1005,1,4,1,5,5,1,5,5,5,2,4,4,5,3.62,35,20,FALSE
Male,Loyal Customer,29,Business Travel,Business,1960,5,3,3,3,5,4,5,5,2,5,4,4,5,4.08,0,0,FALSE
Female,Disloyal Customer,39,Business Travel,Business,965,2,2,2,1,3,2,3,3,1,5,4,3,3,2.62,0,0,FALSE
Female,Loyal Customer,48,Business Travel,Business,1416,4,4,4,4,1,3,4,4,4,4,4,2,1,3.31,2,0,FALSE
Male,Loyal Customer,43,Business Travel,Business,2585,3,3,1,3,3,5,4,4,4,4,4,5,3,3.54,0,0,TRUE
Female,Loyal Customer,51,Business Travel,Business,1076,3,3,3,3,2,2,3,4,4,4,4,4,4,3.31,9,0,TRUE
Male,Loyal Customer,17,Personal Travel,Eco,359,3,2,3,4,3,3,4,3,1,3,3,4,3,3,0,0,FALSE
Female,Loyal Customer,10,Personal Travel,Eco Plus,416,1,3,1,4,2,1,3,2,5,3,5,2,2,2.62,26,18,FALSE
Female,Disloyal Customer,38,Business Travel,Business,650,4,4,4,2,4,4,4,4,4,2,4,3,4,3.62,0,12,TRUE
Male,Disloyal Customer,47,Business Travel,Business,990,4,4,4,4,4,4,4,4,3,3,4,5,4,3.92,9,13,FALSE
Male,Loyal Customer,41,Business Travel,Business,2047,3,3,3,3,5,5,5,5,5,5,5,2,3,4,0,0,TRUE
Male,Loyal Customer,26,Personal Travel,Eco,421,3,4,3,2,1,3,1,1,5,2,1,4,1,2.38,23,34,FALSE
Female,Loyal Customer,37,Business Travel,Business,977,3,2,2,2,3,3,2,3,3,2,3,1,3,2.46,20,18,FALSE
Female,Loyal Customer,35,Business Travel,Eco,867,5,2,2,2,5,5,5,5,3,1,5,5,5,3.85,0,0,TRUE
Female,Loyal Customer,44,Business Travel,Business,2139,4,4,4,4,2,2,3,4,4,3,4,4,4,3.54,0,0,FALSE
Female,Loyal Customer,61,Business Travel,Eco Plus,719,1,4,4,4,5,4,3,1,1,1,1,4,4,2.85,9,6,FALSE
Female,Loyal Customer,42,Personal Travel,Eco,1204,3,5,3,2,5,1,4,5,5,3,5,3,5,3.77,12,2,FALSE
Female,Loyal Customer,30,Personal Travel,Eco,413,3,4,3,4,3,3,3,3,4,2,5,5,3,3.46,17,16,FALSE
Female,Loyal Customer,44,Business Travel,Business,2308,5,5,5,5,5,5,4,5,5,5,5,5,3,4.77,0,9,TRUE
Female,Loyal Customer,50,Business Travel,Business,708,3,2,2,2,2,3,2,3,3,3,3,2,4,2.62,42,34,FALSE
Female,Loyal Customer,10,Personal Travel,Eco Plus,373,2,5,2,4,1,2,1,1,5,2,5,4,1,2.69,0,0,FALSE
Female,Loyal Customer,40,Business Travel,Eco,978,5,2,2,2,5,5,5,5,3,1,3,4,5,3.62,11,16,TRUE
Female,Loyal Customer,68,Personal Travel,Eco,2704,3,4,4,4,4,2,3,2,2,4,3,3,3,3.15,0,7,FALSE
Female,Loyal Customer,30,Business Travel,Business,1509,3,2,2,2,3,3,3,3,4,2,3,4,3,2.85,25,27,FALSE
Male,Loyal Customer,60,Business Travel,Business,2609,3,3,3,3,4,4,5,4,4,4,4,3,4,3.69,3,0,TRUE
Male,Loyal Customer,50,Business Travel,Business,616,1,1,1,1,5,5,5,4,4,4,4,4,3,3.23,0,0,TRUE
Male,Loyal Customer,23,Business Travel,Business,1192,2,3,2,2,4,4,4,4,5,4,4,5,4,3.62,1,0,TRUE
Female,Loyal Customer,18,Personal Travel,Eco,262,2,3,2,4,2,2,2,2,5,5,5,3,2,3,0,3,FALSE
Female,Loyal Customer,16,Personal Travel,Eco,946,2,3,2,1,2,2,2,2,5,2,3,1,2,2.23,0,0,FALSE
Male,Loyal Customer,69,Personal Travel,Eco,1598,3,4,3,1,4,3,4,4,4,3,4,5,4,3.54,0,0,FALSE
Female,Loyal Customer,38,Business Travel,Business,802,4,4,4,4,1,5,2,5,5,5,5,4,3,3.92,0,0,TRUE
Male,Loyal Customer,46,Business Travel,Business,1521,4,4,4,4,2,4,4,4,4,4,4,4,3,3.77,16,0,TRUE
Male,Loyal Customer,64,Business Travel,Eco Plus,143,4,2,2,2,4,4,4,4,3,3,4,2,4,3.23,0,0,TRUE
Female,Loyal Customer,51,Business Travel,Business,3003,4,4,4,4,3,3,4,3,3,3,3,3,1,3.23,0,0,TRUE
Female,Loyal Customer,41,Personal Travel,Eco,587,4,4,4,3,2,4,2,2,4,4,4,2,2,3.15,8,0,FALSE
Male,Loyal Customer,55,Business Travel,Business,1121,4,4,4,4,3,4,4,4,4,4,4,5,5,4.08,2,0,TRUE
Male,Loyal Customer,38,Personal Travel,Eco,183,3,1,3,3,1,3,1,1,4,5,4,4,1,2.62,0,0,FALSE
Male,Loyal Customer,15,Personal Travel,Eco,447,2,4,2,2,1,2,1,1,4,4,5,4,1,2.54,52,38,FALSE
Female,Loyal Customer,28,Business Travel,Business,1643,5,5,5,5,3,4,3,3,4,1,1,4,3,3.54,0,0,TRUE
Male,Disloyal Customer,33,Business Travel,Eco,197,3,1,3,3,5,3,5,5,2,5,4,3,5,3.62,0,0,FALSE
Male,Disloyal Customer,25,Business Travel,Eco,522,2,0,3,2,2,3,2,2,4,5,3,3,2,2.54,17,17,FALSE
Female,Loyal Customer,42,Personal Travel,Eco,1547,4,5,4,3,4,5,5,1,1,4,1,3,3,3.31,0,0,TRUE
Female,Disloyal Customer,27,Business Travel,Eco,455,1,3,1,3,5,1,5,5,4,3,3,2,5,3.15,7,1,FALSE
Male,Disloyal Customer,36,Business Travel,Eco,406,1,2,1,3,2,1,2,2,1,2,4,2,2,1.92,0,0,FALSE
Male,Loyal Customer,48,Business Travel,Business,1558,2,2,2,2,4,4,5,4,4,4,4,5,5,3.62,0,3,TRUE
Male,Loyal Customer,47,Personal Travel,Eco,177,2,5,2,3,4,2,5,4,3,3,5,3,4,3.46,0,0,FALSE
Male,Loyal Customer,50,Business Travel,Business,247,1,1,1,1,3,5,5,4,4,4,4,4,5,3.23,0,0,TRUE
Male,Loyal Customer,10,Personal Travel,Eco,237,2,5,2,2,1,2,1,1,4,2,4,4,1,2.38,34,25,FALSE
Male,Disloyal Customer,48,Business Travel,Business,928,2,2,2,1,1,2,1,1,4,4,5,5,1,2.38,46,31,FALSE
Female,Loyal Customer,30,Business Travel,Business,1024,2,2,2,2,4,4,4,4,1,2,3,5,4,3,0,1,TRUE
Male,Loyal Customer,31,Business Travel,Eco,591,0,0,0,3,4,0,4,4,3,1,2,4,4,2.23,3,0,TRUE
Female,Disloyal Customer,38,Business Travel,Business,240,2,2,2,3,3,2,3,3,5,4,5,4,3,3.15,11,20,FALSE
Female,Loyal Customer,35,Business Travel,Eco,541,5,1,1,1,5,5,5,5,4,5,2,2,5,3.54,0,3,TRUE
Male,Loyal Customer,35,Business Travel,Business,867,5,5,3,5,3,3,3,2,2,3,3,3,3,3.31,610,593,TRUE
Male,Loyal Customer,44,Business Travel,Eco,1306,2,1,1,1,2,2,2,2,3,5,1,1,2,1.92,7,1,FALSE
Male,Loyal Customer,52,Business Travel,Business,2007,5,5,5,5,2,5,4,4,4,4,4,3,5,4.23,0,15,TRUE
Male,Disloyal Customer,37,Business Travel,Eco,666,1,1,1,4,4,1,4,4,3,4,4,4,4,3,16,9,FALSE
Male,Loyal Customer,46,Business Travel,Business,164,1,1,1,1,5,4,4,4,4,4,4,3,5,3.15,0,11,TRUE
Male,Loyal Customer,48,Business Travel,Business,919,1,5,2,5,1,4,4,1,1,2,1,4,4,2.69,0,8,FALSE
Female,Loyal Customer,42,Personal Travel,Eco,577,3,4,3,3,3,4,5,2,2,3,4,5,5,3.54,0,0,FALSE
Male,Loyal Customer,25,Business Travel,Business,3616,5,5,5,5,2,2,2,2,3,4,4,4,2,3.46,0,0,TRUE
Female,Loyal Customer,48,Business Travel,Business,2400,4,4,4,4,3,5,5,4,4,4,4,3,5,4.08,5,0,TRUE
Male,Loyal Customer,18,Business Travel,Eco,907,2,1,1,1,2,2,2,2,4,1,4,4,2,2.15,0,7,FALSE
Female,Loyal Customer,55,Business Travel,Business,1708,3,3,3,3,2,5,5,5,5,5,5,4,5,4.08,0,0,TRUE
Female,Loyal Customer,24,Personal Travel,Eco,594,3,4,3,2,5,3,2,5,4,3,5,5,5,3.77,0,0,FALSE
Female,Loyal Customer,43,Business Travel,Business,1226,4,4,4,4,2,5,4,4,4,4,4,3,4,3.85,0,2,TRUE
Female,Loyal Customer,44,Business Travel,Business,762,4,4,2,4,3,4,5,4,4,4,4,4,5,3.92,0,3,TRUE
Male,Loyal Customer,56,Business Travel,Eco,216,5,5,2,5,5,5,5,5,3,3,2,1,5,3.92,0,0,TRUE
Female,Loyal Customer,48,Business Travel,Eco,1709,4,4,4,4,4,3,2,3,3,4,3,3,1,3.23,112,118,TRUE
Male,Loyal Customer,33,Business Travel,Business,931,4,4,4,4,3,3,3,3,4,5,4,4,3,3.69,0,0,TRUE
Male,Loyal Customer,24,Business Travel,Business,3645,1,4,1,1,4,4,4,4,5,2,4,3,4,3.15,0,0,TRUE
Male,Loyal Customer,43,Business Travel,Business,3290,5,5,5,5,5,4,4,4,4,4,5,5,2,4.38,0,0,TRUE
Female,Loyal Customer,27,Business Travel,Business,2640,4,4,4,4,4,4,4,3,3,5,2,4,4,3.77,0,0,TRUE
Female,Loyal Customer,52,Business Travel,Business,550,5,5,5,5,3,5,5,3,3,4,3,4,4,4.15,0,4,TRUE
Male,Loyal Customer,23,Business Travel,Business,236,2,2,2,2,2,2,2,2,1,3,3,1,2,2,7,0,FALSE
Male,Loyal Customer,22,Business Travel,Eco,641,5,4,4,4,5,5,3,5,4,1,4,1,5,3.85,0,0,TRUE
Male,Loyal Customer,49,Business Travel,Business,1696,4,4,4,4,4,5,4,4,4,4,4,4,5,4.15,28,14,TRUE
Female,Loyal Customer,52,Business Travel,Business,1590,2,2,3,2,4,4,4,5,5,5,5,5,4,3.85,4,0,TRUE
Male,Disloyal Customer,50,Business Travel,Business,451,2,1,1,5,1,2,1,1,5,3,4,4,1,2.38,3,0,TRUE
Male,Disloyal Customer,25,Business Travel,Business,226,4,4,4,1,1,4,1,1,5,5,4,3,1,2.92,2,0,TRUE
Female,Loyal Customer,33,Business Travel,Business,1892,2,2,2,2,5,4,5,5,5,5,5,4,4,3.85,7,0,TRUE
Female,Loyal Customer,30,Business Travel,Business,3354,4,4,4,4,4,5,4,4,3,5,5,5,4,4.23,0,0,TRUE
Male,Loyal Customer,60,Personal Travel,Eco,746,3,4,3,4,5,3,5,5,1,5,3,1,5,3.62,0,0,FALSE
Male,Loyal Customer,30,Business Travel,Business,3565,1,2,5,2,1,1,1,1,4,2,3,3,1,2.08,0,0,FALSE
Female,Disloyal Customer,26,Business Travel,Business,1067,5,5,5,3,4,5,4,4,3,2,5,3,4,4,0,0,TRUE
Female,Disloyal Customer,37,Business Travel,Business,935,3,3,3,2,2,3,2,2,3,2,4,3,2,2.62,0,0,FALSE
Female,Loyal Customer,52,Business Travel,Business,771,1,1,4,1,4,1,4,5,5,4,5,5,1,3.15,0,0,TRUE
Male,Loyal Customer,39,Business Travel,Business,2990,1,1,1,1,2,5,4,4,4,4,5,4,3,3,7,10,TRUE
Male,Loyal Customer,49,Business Travel,Eco,700,4,3,3,3,4,4,4,4,3,4,2,2,4,3.38,3,9,TRUE
Female,Loyal Customer,61,Personal Travel,Eco,1999,3,4,3,2,4,4,4,5,5,3,5,4,4,3.85,0,0,FALSE
Male,Loyal Customer,37,Personal Travel,Eco Plus,1454,2,5,2,4,4,2,4,4,5,3,3,5,4,3.62,0,1,FALSE
Male,Loyal Customer,56,Business Travel,Business,448,5,5,5,5,3,2,2,4,4,4,4,1,2,3.54,0,0,TRUE
Male,Loyal Customer,26,Business Travel,Business,733,5,5,5,5,3,3,3,3,4,4,4,5,3,4,0,0,TRUE
Male,Loyal Customer,21,Business Travel,Business,3545,4,3,4,4,5,5,5,5,3,1,2,4,5,3.85,14,84,TRUE
Male,Disloyal Customer,62,Business Travel,Business,265,2,2,2,3,2,3,3,3,1,3,2,3,3,2.46,127,195,FALSE
Male,Loyal Customer,58,Personal Travel,Eco,748,2,4,2,5,2,2,2,2,4,2,5,4,2,2.92,0,0,FALSE
Male,Loyal Customer,36,Business Travel,Eco,748,4,5,5,5,4,4,4,4,1,3,3,3,4,3.77,0,0,TRUE
Female,Loyal Customer,45,Business Travel,Eco,182,4,5,5,5,5,1,5,4,4,4,4,2,3,3.92,0,0,TRUE
Male,Loyal Customer,44,Business Travel,Business,2560,3,4,3,3,2,4,5,4,4,4,4,3,3,3.54,0,0,TRUE
Female,Loyal Customer,42,Personal Travel,Eco Plus,342,2,5,2,2,2,5,5,1,1,2,1,4,4,2.77,0,0,FALSE
Male,Loyal Customer,57,Personal Travel,Eco,972,2,4,2,2,2,2,2,2,3,3,5,4,2,2.69,0,0,FALSE
Male,Loyal Customer,38,Business Travel,Eco Plus,2311,4,3,4,3,4,4,4,2,1,3,5,4,4,3.46,0,4,TRUE
Male,Loyal Customer,18,Business Travel,Business,316,1,4,4,4,1,1,1,1,1,5,4,4,1,2.46,0,3,FALSE
Male,Loyal Customer,45,Business Travel,Business,187,0,4,0,5,2,4,4,5,5,5,5,4,4,3.62,0,0,TRUE
Female,Loyal Customer,25,Business Travel,Business,510,3,4,4,4,3,3,3,3,4,3,3,3,3,3.31,0,0,FALSE
Female,Loyal Customer,57,Business Travel,Business,1124,2,1,2,2,5,4,4,5,5,5,5,5,5,3.85,0,1,TRUE
Male,Loyal Customer,45,Business Travel,Business,2321,5,5,5,5,2,5,4,3,3,3,3,4,5,4,65,58,TRUE
Male,Disloyal Customer,27,Business Travel,Business,1165,2,2,2,4,3,2,3,3,2,2,4,4,3,2.77,0,0,FALSE
Male,Loyal Customer,40,Business Travel,Business,3673,3,4,4,4,3,4,4,3,3,3,3,2,1,3.15,20,12,FALSE
Female,Loyal Customer,23,Business Travel,Business,2207,2,3,3,3,2,2,2,2,2,5,3,2,2,2.54,0,0,FALSE
Female,Loyal Customer,50,Business Travel,Eco,89,2,3,3,3,3,1,5,2,2,2,2,1,4,2.54,0,0,FALSE
Male,Loyal Customer,62,Business Travel,Business,1638,2,2,2,2,3,1,2,5,5,5,5,1,1,2.77,0,0,TRUE
Male,Loyal Customer,36,Business Travel,Eco Plus,674,2,5,5,5,2,2,2,2,3,3,3,2,2,2.92,0,0,FALSE
Male,Loyal Customer,40,Business Travel,Business,1988,4,4,4,4,5,4,3,1,1,2,4,2,2,3.08,0,0,FALSE
Female,Loyal Customer,48,Business Travel,Eco,414,1,4,4,4,2,3,2,1,1,1,1,1,4,2.23,58,62,FALSE
Male,Loyal Customer,24,Business Travel,Business,970,2,2,2,2,4,4,4,5,2,5,1,4,4,3.15,173,184,TRUE
Male,Loyal Customer,7,Personal Travel,Eco,725,3,5,3,5,1,3,1,1,1,4,1,1,1,2.31,0,4,FALSE
Female,Loyal Customer,50,Personal Travel,Eco Plus,580,4,5,4,3,2,3,5,4,4,4,4,3,3,3.69,32,8,TRUE
Male,Loyal Customer,57,Personal Travel,Eco,175,2,4,0,4,3,0,4,3,3,1,1,3,3,2.38,0,0,FALSE
Female,Loyal Customer,46,Personal Travel,Eco,1111,3,4,3,3,5,5,4,4,4,3,4,4,4,3.85,0,0,FALSE
Female,Loyal Customer,42,Business Travel,Business,1972,2,2,2,2,3,4,5,4,4,4,4,4,3,3.31,2,0,TRUE
Female,Loyal Customer,46,Business Travel,Eco,325,4,2,2,2,3,4,3,4,4,4,4,1,4,3.15,5,2,FALSE
Male,Loyal Customer,12,Personal Travel,Eco,594,0,3,0,3,1,0,1,1,1,1,3,1,1,1.23,0,0,TRUE
Male,Loyal Customer,56,Personal Travel,Eco,102,2,4,2,2,5,2,5,5,5,4,4,4,5,3.77,0,2,FALSE
Female,Loyal Customer,54,Business Travel,Business,468,2,1,1,1,5,3,3,2,2,2,2,4,2,2.31,0,6,FALSE
Male,Loyal Customer,9,Personal Travel,Eco,359,3,4,3,3,3,3,3,3,3,4,5,3,3,3.31,39,43,FALSE
Female,Loyal Customer,39,Business Travel,Business,3085,4,4,4,4,4,4,4,4,4,4,4,3,3,3.85,0,0,TRUE
Male,Loyal Customer,59,Business Travel,Business,2391,2,2,2,2,3,4,4,4,4,5,4,5,5,3.54,0,0,TRUE
Male,Loyal Customer,51,Business Travel,Eco Plus,692,2,4,4,4,2,2,2,2,2,5,3,4,2,2.92,0,0,FALSE
Female,Loyal Customer,45,Business Travel,Eco,602,5,4,4,4,4,2,5,5,5,5,5,5,3,4.31,0,25,TRUE
Male,Loyal Customer,39,Business Travel,Business,3582,4,4,4,4,4,5,4,4,4,4,4,5,4,4.15,1,0,TRUE
Male,Loyal Customer,43,Business Travel,Eco,306,4,1,3,3,4,4,4,4,3,3,2,1,4,3.08,0,0,TRUE
Male,Disloyal Customer,16,Business Travel,Business,1167,4,2,4,3,2,4,2,2,1,2,4,3,2,2.69,0,10,FALSE
Female,Loyal Customer,48,Business Travel,Eco,328,2,3,3,3,1,3,3,2,2,2,2,1,4,2.38,0,8,FALSE
Female,Disloyal Customer,37,Business Travel,Business,491,4,4,4,2,2,4,2,2,4,4,4,3,2,3.15,1,13,TRUE
Female,Loyal Customer,49,Personal Travel,Eco,468,3,4,2,2,4,4,4,3,3,2,3,4,4,3.23,17,24,FALSE
Female,Loyal Customer,58,Business Travel,Business,2390,2,2,2,2,4,4,4,4,5,5,4,4,4,3.54,183,185,TRUE
Male,Loyal Customer,53,Personal Travel,Eco,101,3,4,0,2,3,0,3,3,5,5,4,5,3,3.08,0,0,FALSE
Female,Loyal Customer,47,Business Travel,Business,2446,1,5,5,5,1,1,1,1,1,1,1,2,1,2,0,0,FALSE
Male,Loyal Customer,20,Personal Travel,Eco,825,1,5,1,4,1,1,1,1,3,5,5,4,1,2.54,0,0,FALSE
Male,Loyal Customer,69,Personal Travel,Business,1005,2,2,2,4,2,3,3,3,3,2,3,3,2,2.62,110,104,FALSE
Male,Disloyal Customer,21,Business Travel,Eco,925,2,2,2,4,2,2,2,2,1,3,4,1,2,2.23,1,0,FALSE
Male,Loyal Customer,25,Business Travel,Business,1390,1,1,1,1,3,4,3,3,3,5,5,5,3,2.92,15,3,TRUE
Female,Loyal Customer,18,Business Travel,Business,795,5,5,5,5,4,4,4,4,3,2,4,1,4,3.85,2,0,TRUE
Female,Loyal Customer,39,Business Travel,Business,3033,0,4,1,1,5,4,5,4,4,4,4,5,5,3.54,0,0,TRUE
Female,Loyal Customer,50,Business Travel,Business,630,4,4,4,4,2,5,4,4,4,4,4,5,3,3.92,0,0,TRUE
Male,Loyal Customer,63,Personal Travel,Eco,377,4,4,4,2,3,4,3,3,5,4,5,3,3,3.62,0,0,FALSE
Male,Loyal Customer,47,Business Travel,Business,479,4,4,4,4,2,5,5,3,3,3,3,4,5,3.77,3,0,TRUE
Female,Loyal Customer,69,Business Travel,Business,3261,3,5,5,5,4,4,3,3,3,3,3,2,1,3.38,3,3,FALSE
Male,Loyal Customer,14,Personal Travel,Eco,214,5,4,5,3,3,5,3,3,5,2,1,5,3,3.62,0,0,TRUE
Male,Loyal Customer,11,Personal Travel,Eco,1010,3,5,3,2,5,3,3,5,1,1,4,2,5,3.23,0,26,FALSE
Female,Loyal Customer,40,Business Travel,Business,1431,2,2,2,2,5,4,4,4,4,4,4,3,5,3.46,30,38,TRUE
Male,Loyal Customer,61,Personal Travel,Eco,1194,1,5,1,5,4,1,4,4,4,2,5,4,4,3.38,0,0,FALSE
Female,Loyal Customer,51,Business Travel,Business,160,2,2,4,2,4,5,4,5,5,5,5,5,4,4,0,0,TRUE
Female,Loyal Customer,36,Personal Travel,Eco,607,3,5,3,1,5,3,5,5,4,2,5,3,5,3.77,0,0,FALSE
Male,Disloyal Customer,23,Business Travel,Eco,1379,4,4,4,2,5,4,5,5,5,3,5,5,5,4.31,83,81,TRUE
Male,Loyal Customer,42,Business Travel,Eco Plus,157,2,5,4,5,2,2,2,2,3,4,3,2,2,2.92,0,0,FALSE
Male,Loyal Customer,45,Personal Travel,Eco,1042,3,2,3,3,2,3,2,2,1,2,3,3,2,2.38,0,0,FALSE
Male,Disloyal Customer,24,Business Travel,Eco,214,1,2,1,3,3,1,3,3,2,4,3,3,3,2.46,0,10,FALSE
Female,Loyal Customer,63,Personal Travel,Eco,1237,3,5,3,5,4,3,5,2,2,3,2,4,3,3.38,0,51,FALSE
Male,Loyal Customer,16,Business Travel,Eco,1703,0,4,0,3,4,0,4,4,2,1,4,5,4,2.69,0,0,TRUE
Male,Loyal Customer,10,Business Travel,Eco Plus,1195,5,2,2,2,5,5,4,5,4,1,4,3,5,3.62,0,0,TRUE
Male,Loyal Customer,65,Business Travel,Business,1564,1,1,4,1,2,5,4,4,4,4,4,5,3,3.23,0,0,TRUE
Male,Loyal Customer,49,Personal Travel,Eco,547,2,5,2,3,3,2,3,3,3,2,5,4,3,3.08,0,0,FALSE
Female,Loyal Customer,21,Business Travel,Business,2321,3,3,3,3,4,4,4,4,4,5,4,5,4,3.85,13,28,TRUE
Male,Loyal Customer,24,Business Travel,Eco,550,1,5,2,5,1,1,1,1,2,3,2,4,1,2.23,0,0,FALSE
Male,Loyal Customer,15,Personal Travel,Eco,545,2,5,2,5,2,2,2,2,1,5,5,4,2,3,0,0,FALSE
Male,Loyal Customer,42,Business Travel,Business,1390,2,2,2,2,5,5,5,4,4,4,4,3,5,3.62,0,0,TRUE
Female,Disloyal Customer,8,Business Travel,Eco,544,1,2,1,4,5,1,5,5,2,2,4,2,5,3,0,0,FALSE
Male,Loyal Customer,20,Personal Travel,Eco,1121,1,5,0,1,3,0,4,3,3,2,4,4,3,2.54,0,0,FALSE
Male,Loyal Customer,12,Personal Travel,Eco,1313,3,2,3,3,5,3,5,5,2,3,3,1,5,3.31,6,0,FALSE
Male,Loyal Customer,12,Business Travel,Eco,761,3,3,3,3,3,3,2,3,3,5,4,3,3,3.15,29,10,FALSE
Male,Disloyal Customer,23,Business Travel,Business,363,0,3,0,1,5,0,3,5,2,2,4,5,5,2.69,2,0,TRUE
Male,Loyal Customer,63,Business Travel,Eco,463,5,2,2,2,5,5,5,5,1,3,5,1,5,3.54,0,0,TRUE
Male,Loyal Customer,36,Business Travel,Business,2917,1,1,1,1,4,4,4,2,4,3,4,4,4,2.85,0,24,TRUE
Female,Loyal Customer,50,Personal Travel,Eco,780,2,3,2,3,3,2,1,5,5,2,5,4,3,3.08,0,0,FALSE
Female,Loyal Customer,59,Business Travel,Business,3314,2,2,1,2,3,4,4,5,5,5,5,4,3,3.46,0,8,TRUE
Male,Loyal Customer,52,Business Travel,Business,1938,5,5,5,5,3,5,5,4,4,4,4,4,3,4.31,0,31,TRUE
Male,Loyal Customer,24,Business Travel,Business,1222,1,1,1,1,5,5,5,5,3,2,1,4,5,3,21,26,TRUE
Female,Loyal Customer,32,Personal Travel,Eco Plus,216,4,4,4,2,3,4,3,3,4,5,5,3,3,3.62,0,8,FALSE
Female,Disloyal Customer,26,Business Travel,Business,390,2,4,2,5,3,2,3,3,4,2,4,5,3,3.23,0,0,FALSE
Female,Loyal Customer,47,Business Travel,Eco,484,5,3,3,3,2,1,2,5,5,5,5,1,5,3.46,0,0,TRUE
Female,Loyal Customer,32,Business Travel,Business,3622,3,3,3,3,4,4,4,4,2,5,2,2,4,3.31,0,0,TRUE
Male,Loyal Customer,35,Personal Travel,Eco,119,3,1,3,3,4,3,4,4,3,4,3,2,4,3.15,0,0,FALSE
Male,Loyal Customer,26,Business Travel,Eco,1008,4,3,1,3,4,4,3,4,5,2,3,1,4,3.15,4,0,TRUE
Male,Loyal Customer,29,Business Travel,Business,2978,4,4,4,4,5,5,5,5,3,4,5,4,5,4.38,0,0,TRUE
Female,Loyal Customer,21,Personal Travel,Eco,678,3,5,3,3,5,3,5,5,4,2,4,4,5,3.92,0,0,FALSE
Female,Disloyal Customer,35,Business Travel,Eco Plus,978,2,2,2,1,2,2,2,2,3,4,3,5,2,2.46,0,0,FALSE
Male,Loyal Customer,52,Business Travel,Business,1217,1,1,1,1,2,4,5,4,4,4,4,4,5,3.08,0,12,TRUE
Female,Loyal Customer,56,Business Travel,Business,233,1,1,1,1,5,4,4,4,4,4,4,3,4,3.08,0,0,TRUE
Female,Loyal Customer,46,Business Travel,Eco Plus,395,5,3,3,3,2,1,4,5,5,5,5,4,5,3.85,0,0,TRUE
Female,Loyal Customer,33,Business Travel,Business,1766,4,4,4,4,4,5,5,3,3,3,3,3,5,3.85,0,0,TRUE
Male,Loyal Customer,32,Business Travel,Business,1158,5,5,5,5,5,5,5,5,3,4,5,4,5,4.69,0,0,TRUE
Male,Disloyal Customer,16,Business Travel,Eco,929,5,5,5,3,3,5,3,3,4,2,4,5,3,3.85,0,0,TRUE
Male,Loyal Customer,21,Personal Travel,Eco,756,1,4,1,4,4,1,4,4,3,2,4,4,4,3.08,5,0,FALSE
Female,Loyal Customer,48,Business Travel,Business,2351,5,5,5,5,5,4,5,2,2,2,2,4,3,3.77,72,72,TRUE
Male,Loyal Customer,41,Personal Travel,Eco,1010,1,5,1,4,5,1,5,5,2,3,4,1,5,3.23,0,0,FALSE
Female,Loyal Customer,47,Business Travel,Eco Plus,612,4,2,2,2,2,4,4,4,4,4,4,2,2,3.08,43,36,FALSE
Female,Loyal Customer,41,Business Travel,Eco,212,4,1,5,1,4,4,4,4,2,2,4,3,4,3.23,3,15,FALSE
Male,Loyal Customer,35,Business Travel,Business,2661,3,5,5,5,2,3,2,3,4,4,3,2,2,3.31,388,380,FALSE
Female,Disloyal Customer,16,Business Travel,Business,591,4,4,4,3,3,4,3,3,3,5,4,4,3,3.62,0,0,TRUE
Male,Loyal Customer,47,Personal Travel,Eco,486,2,5,2,3,4,2,4,4,5,4,4,5,4,3.69,0,0,FALSE
Male,Loyal Customer,43,Business Travel,Eco,460,3,5,2,5,3,3,3,3,4,1,4,3,3,3.23,0,10,FALSE
Female,Loyal Customer,63,Business Travel,Eco,427,2,3,2,3,3,4,3,1,1,2,1,4,2,2.38,13,14,FALSE
Female,Loyal Customer,30,Business Travel,Business,1589,2,2,2,2,5,5,5,5,3,3,5,5,5,3.77,16,11,TRUE
Male,Loyal Customer,59,Business Travel,Business,3846,4,2,2,2,1,3,3,4,4,4,4,2,4,3,4,7,FALSE
Male,Loyal Customer,43,Personal Travel,Eco,1597,2,4,2,4,2,2,5,2,3,3,5,3,2,3,0,13,FALSE
Female,Loyal Customer,55,Business Travel,Business,2038,3,3,3,3,3,5,4,5,5,5,5,4,5,4.08,0,0,TRUE
Male,Loyal Customer,20,Personal Travel,Eco,2065,2,2,2,4,3,2,3,3,1,2,3,4,3,2.62,0,0,FALSE
Male,Disloyal Customer,49,Business Travel,Business,1628,1,2,2,3,3,1,1,3,4,5,3,3,3,2.62,6,1,FALSE
Female,Disloyal Customer,11,Business Travel,Eco,762,2,2,2,4,2,2,2,2,4,4,3,3,2,2.62,0,4,FALSE
Male,Loyal Customer,40,Business Travel,Business,1622,1,1,1,1,4,3,4,1,1,1,1,2,4,1.92,19,29,FALSE
Male,Loyal Customer,36,Business Travel,Business,2552,4,4,4,4,3,5,4,4,4,5,4,4,3,4,0,0,TRUE
Male,Disloyal Customer,29,Business Travel,Eco,522,2,3,2,3,2,2,5,2,4,4,2,1,2,2.62,0,0,FALSE
Male,Loyal Customer,16,Personal Travel,Eco,89,2,5,2,5,5,2,5,5,5,2,4,4,5,3.92,0,0,FALSE
Female,Loyal Customer,39,Business Travel,Eco,1310,2,2,2,2,2,2,2,2,1,3,4,4,2,2.31,0,0,FALSE
Male,Loyal Customer,58,Business Travel,Business,1925,3,3,3,3,3,4,5,4,4,4,4,3,5,3.69,0,0,TRUE
Female,Loyal Customer,16,Personal Travel,Eco Plus,452,1,4,1,5,5,1,5,5,4,5,5,3,5,3.77,17,13,FALSE
Female,Loyal Customer,59,Business Travel,Business,1874,1,1,1,1,3,3,5,5,5,5,5,5,3,3.31,0,9,TRUE
Female,Loyal Customer,30,Personal Travel,Eco,342,3,3,3,3,5,3,5,5,3,4,3,4,5,3.77,0,0,FALSE
Female,Loyal Customer,14,Personal Travel,Eco,134,4,5,0,3,2,0,2,2,3,3,4,1,2,2.38,0,0,FALSE
Female,Loyal Customer,54,Business Travel,Business,2353,1,1,1,1,2,4,5,5,5,5,5,3,5,3.31,3,0,TRUE
Male,Loyal Customer,58,Business Travel,Business,328,2,2,2,2,4,5,5,4,4,4,4,4,3,3.46,0,0,TRUE
Male,Loyal Customer,30,Business Travel,Eco,1521,4,3,3,3,4,4,4,4,5,3,1,2,4,3.38,20,26,TRUE
Male,Loyal Customer,57,Business Travel,Eco,174,5,4,4,4,5,5,5,5,1,2,3,4,5,4,48,49,TRUE
Female,Loyal Customer,39,Personal Travel,Eco,508,4,4,4,3,5,4,5,5,3,4,4,1,5,3.92,0,0,TRUE
Male,Loyal Customer,25,Business Travel,Business,3017,2,1,1,1,3,3,2,3,1,4,4,4,3,2.46,28,19,FALSE
Male,Disloyal Customer,35,Business Travel,Business,414,2,2,2,1,3,2,3,3,3,4,5,3,3,2.77,78,73,FALSE
Male,Loyal Customer,50,Business Travel,Business,3466,1,1,1,1,5,5,5,4,4,4,4,3,4,3.23,0,0,TRUE
Female,Loyal Customer,43,Business Travel,Business,1444,3,3,3,3,2,5,5,3,3,3,3,5,3,3.38,0,0,TRUE
Male,Disloyal Customer,16,Business Travel,Eco,746,3,3,3,3,3,3,3,3,2,3,4,3,3,3,26,14,FALSE
Female,Loyal Customer,42,Personal Travel,Eco,590,3,2,3,3,2,4,4,4,4,3,4,4,4,3.38,0,0,FALSE
Male,Loyal Customer,76,Business Travel,Business,187,0,5,0,2,3,4,4,3,3,3,3,5,2,2.85,0,2,TRUE
Male,Loyal Customer,35,Business Travel,Business,251,3,1,3,3,2,3,3,4,4,5,4,4,3,3.23,61,52,TRUE
Male,Loyal Customer,26,Personal Travel,Eco Plus,361,2,5,2,1,5,2,5,5,4,2,5,5,5,3.69,0,0,FALSE
Male,Loyal Customer,50,Personal Travel,Eco,606,4,5,4,4,4,4,4,4,2,5,4,4,4,4,109,153,FALSE
Male,Loyal Customer,47,Business Travel,Eco Plus,1874,5,5,5,5,5,5,5,5,2,3,4,5,5,4.54,20,3,TRUE
Female,Loyal Customer,42,Business Travel,Business,3651,3,3,3,3,4,5,4,5,5,5,5,5,3,4.08,0,0,TRUE
Male,Loyal Customer,36,Business Travel,Business,2835,3,3,3,3,4,3,3,3,3,3,3,2,3,3,0,0,FALSE
Male,Loyal Customer,60,Business Travel,Eco,2176,1,5,5,5,1,1,1,4,1,4,4,1,1,2.62,75,97,FALSE
Male,Loyal Customer,42,Business Travel,Eco Plus,715,5,3,3,3,5,5,5,5,5,2,3,5,5,4.15,1,9,TRUE
Male,Loyal Customer,60,Business Travel,Business,500,3,3,2,3,2,5,5,5,5,5,5,5,5,4.08,0,0,TRUE
Male,Loyal Customer,42,Personal Travel,Eco,859,4,1,4,3,3,4,3,3,1,4,2,3,3,2.92,13,0,TRUE
Female,Loyal Customer,43,Business Travel,Eco,828,2,3,3,3,2,4,3,2,2,2,2,1,4,2.54,31,50,FALSE
Female,Disloyal Customer,23,Business Travel,Eco,867,2,2,2,3,1,2,1,1,4,4,5,1,1,2.23,2,0,FALSE
Male,Disloyal Customer,22,Business Travel,Eco,991,2,2,2,3,5,2,5,5,2,1,2,5,5,3.15,0,0,FALSE
Female,Loyal Customer,50,Business Travel,Eco Plus,101,4,5,5,5,2,4,4,4,4,4,4,5,5,4.23,5,25,TRUE
Male,Loyal Customer,35,Business Travel,Eco,866,3,1,1,1,3,4,3,3,1,2,3,2,3,2.31,8,40,TRUE
Female,Loyal Customer,54,Business Travel,Business,1464,5,5,5,5,3,4,5,4,4,4,4,4,3,4.23,0,1,TRUE
Female,Disloyal Customer,33,Business Travel,Business,337,3,3,3,4,1,3,1,1,5,5,4,5,1,3,47,26,FALSE
Male,Loyal Customer,39,Business Travel,Business,86,5,5,5,5,2,4,5,5,5,5,4,3,4,4.38,0,0,TRUE
Male,Loyal Customer,68,Personal Travel,Eco Plus,369,5,5,1,3,3,1,3,3,1,4,4,2,3,2.92,30,21,TRUE
Male,Loyal Customer,36,Personal Travel,Eco,1149,4,5,4,5,3,4,3,3,4,5,4,4,3,3.92,0,0,TRUE
Female,Disloyal Customer,46,Business Travel,Eco,853,3,3,3,4,1,3,1,1,1,4,4,3,1,2.46,35,24,FALSE
Male,Loyal Customer,39,Business Travel,Business,3222,4,4,4,4,2,5,5,5,5,5,5,4,4,4.31,0,0,TRUE
Female,Loyal Customer,32,Business Travel,Business,2615,1,5,5,5,1,1,1,1,4,5,4,1,1,2.69,3,0,FALSE
Male,Disloyal Customer,48,Business Travel,Business,650,2,1,1,4,1,2,1,1,3,4,5,5,1,2.38,0,0,FALSE
Male,Loyal Customer,37,Business Travel,Eco,191,1,2,2,2,1,1,1,1,2,2,4,2,1,1.69,9,2,FALSE
Female,Loyal Customer,24,Business Travel,Eco,1440,2,2,2,2,2,2,1,2,1,1,2,4,2,1.92,0,0,FALSE
Male,Loyal Customer,34,Personal Travel,Eco,101,1,2,1,3,2,1,3,2,3,1,3,2,2,2,0,3,FALSE
Female,Loyal Customer,52,Personal Travel,Eco,483,1,3,1,3,1,2,4,3,3,1,3,1,3,2.23,7,14,FALSE
Male,Loyal Customer,51,Business Travel,Business,280,2,2,2,2,5,4,2,5,5,5,5,4,3,3.54,37,14,TRUE
Male,Loyal Customer,62,Personal Travel,Eco,770,2,4,2,1,5,2,5,5,3,4,4,4,5,3.54,40,29,FALSE
Female,Loyal Customer,35,Business Travel,Eco Plus,240,4,3,4,4,4,4,4,4,3,2,3,4,4,3.62,0,0,FALSE
Male,Loyal Customer,65,Personal Travel,Eco Plus,402,3,4,3,1,4,3,4,4,4,2,4,5,4,3.46,38,24,FALSE
Male,Loyal Customer,29,Personal Travel,Eco,646,1,5,1,2,5,1,5,5,2,1,2,5,5,3.08,0,0,FALSE
Female,Loyal Customer,32,Business Travel,Business,1888,2,2,1,2,4,4,4,4,3,5,5,4,4,3.38,0,3,TRUE
Female,Loyal Customer,69,Personal Travel,Eco,366,1,5,1,3,1,1,1,2,2,1,4,5,4,2.38,61,49,FALSE
Male,Loyal Customer,10,Personal Travel,Eco,2311,2,1,2,4,5,2,5,5,1,1,4,3,5,3.08,0,0,FALSE
Male,Loyal Customer,32,Business Travel,Eco,987,5,2,5,2,5,5,5,5,1,1,3,1,5,3.46,0,0,TRUE
Female,Loyal Customer,48,Business Travel,Business,3026,2,1,5,1,3,3,3,2,2,2,2,4,2,2.46,0,0,FALSE
Female,Loyal Customer,42,Business Travel,Business,3310,5,2,5,5,5,5,4,4,4,4,4,4,5,4.31,20,0,TRUE
Female,Loyal Customer,31,Personal Travel,Business,1024,2,4,2,3,2,2,2,2,3,5,4,3,2,2.77,17,17,FALSE
Female,Loyal Customer,33,Personal Travel,Eco,308,4,1,4,4,4,4,4,4,3,3,4,4,4,3.62,0,0,FALSE
Female,Loyal Customer,57,Business Travel,Business,646,4,4,4,4,2,5,4,5,5,5,5,5,3,4.23,0,0,TRUE
Female,Loyal Customer,25,Business Travel,Business,2260,4,4,4,4,4,4,4,4,2,4,4,4,4,3.85,0,1,FALSE
Male,Loyal Customer,52,Personal Travel,Eco,1028,3,5,3,3,2,3,2,2,5,5,4,4,2,3.31,13,0,FALSE
Male,Loyal Customer,47,Business Travel,Eco,248,5,4,4,4,5,5,5,5,3,5,5,3,5,4.46,0,0,TRUE
Female,Loyal Customer,45,Business Travel,Business,2814,3,3,3,3,3,4,4,5,5,5,5,4,3,3.85,100,91,TRUE
Female,Disloyal Customer,25,Business Travel,Business,1739,2,0,2,1,3,2,3,3,4,2,5,5,3,2.69,3,3,FALSE
Male,Loyal Customer,53,Business Travel,Eco,530,3,5,5,5,3,3,3,3,2,4,4,4,3,3.62,0,8,FALSE
Female,Loyal Customer,41,Business Travel,Business,3091,3,5,5,5,2,3,3,3,3,3,3,2,3,3.31,0,0,FALSE
Female,Disloyal Customer,25,Business Travel,Eco,236,3,0,3,2,5,3,5,5,2,5,5,5,5,3.69,2,4,FALSE
Male,Loyal Customer,52,Business Travel,Eco Plus,369,3,4,2,2,3,3,3,3,1,1,2,3,3,2.54,0,0,FALSE
Male,Loyal Customer,55,Business Travel,Eco,516,1,1,1,1,1,1,1,1,2,1,4,2,1,1.38,37,31,FALSE
Female,Loyal Customer,32,Business Travel,Business,1488,1,1,4,1,5,5,5,5,3,2,5,5,5,3.62,0,0,TRUE
Male,Loyal Customer,33,Personal Travel,Eco,679,1,4,1,5,1,1,1,1,5,5,4,3,1,2.54,7,1,FALSE
Female,Loyal Customer,24,Business Travel,Business,2368,5,5,5,5,4,4,4,4,3,1,3,1,4,3.69,20,1,TRUE
Female,Disloyal Customer,34,Business Travel,Business,315,3,3,3,3,5,3,5,5,5,3,4,3,5,3.85,0,0,FALSE
Female,Loyal Customer,17,Personal Travel,Eco,187,4,4,4,1,3,4,3,3,5,3,5,5,3,3.62,19,16,FALSE
Male,Loyal Customer,51,Business Travel,Eco,674,3,1,1,1,4,3,4,4,4,1,2,4,4,2.77,96,89,FALSE
Female,Loyal Customer,55,Business Travel,Business,3381,3,3,3,3,5,5,5,2,2,3,2,3,3,3.23,0,0,TRUE
Female,Loyal Customer,66,Personal Travel,Eco,1242,3,5,3,1,3,4,5,5,5,3,5,3,3,3.69,0,0,FALSE
Female,Loyal Customer,71,Business Travel,Business,125,3,4,3,4,4,4,3,3,3,3,3,2,1,3.08,0,0,FALSE
Male,Loyal Customer,59,Business Travel,Business,926,4,4,4,4,4,4,5,5,5,5,5,4,4,4.38,5,52,TRUE
Female,Disloyal Customer,27,Business Travel,Business,1846,2,2,2,5,3,2,3,3,4,3,5,4,3,3.15,45,0,FALSE
Male,Disloyal Customer,51,Business Travel,Business,588,4,4,4,3,2,4,1,2,4,5,4,3,2,3.23,8,0,TRUE
Female,Loyal Customer,55,Business Travel,Business,241,5,3,5,5,4,3,3,4,4,4,4,5,4,4.08,0,0,TRUE
Female,Loyal Customer,49,Business Travel,Business,585,2,4,4,4,5,3,3,2,2,2,2,3,2,2.92,0,0,FALSE
Male,Loyal Customer,14,Personal Travel,Eco,4502,3,1,3,3,3,2,2,2,4,4,4,2,2,2.69,32,30,FALSE
Female,Disloyal Customer,26,Business Travel,Business,937,3,5,4,2,5,4,5,5,5,3,5,4,5,4.23,9,3,FALSE
Male,Loyal Customer,70,Personal Travel,Eco,289,2,4,2,1,1,2,1,1,5,4,4,5,1,2.54,2,0,FALSE
Male,Loyal Customer,36,Business Travel,Eco,377,3,3,3,3,3,3,3,3,4,4,3,2,3,3.08,5,0,FALSE
Male,Loyal Customer,28,Personal Travel,Eco,916,4,1,4,2,4,4,4,4,1,4,3,4,4,3.31,0,0,FALSE
Female,Loyal Customer,48,Business Travel,Eco Plus,2253,3,2,3,3,1,3,4,3,3,3,3,5,4,3.08,7,0,TRUE
Female,Loyal Customer,66,Personal Travel,Eco,228,2,5,2,5,4,4,4,4,4,2,4,3,4,3.62,0,2,FALSE
Male,Disloyal Customer,35,Business Travel,Business,1065,2,2,2,4,5,2,5,5,4,2,5,5,5,3.69,0,0,FALSE
Female,Loyal Customer,52,Business Travel,Business,3452,4,5,5,5,4,4,4,2,5,4,4,4,4,4.15,351,393,FALSE
Male,Disloyal Customer,25,Business Travel,Business,646,2,5,2,4,1,2,5,1,5,3,5,4,1,3.08,6,12,FALSE
Male,Loyal Customer,68,Business Travel,Business,2586,3,1,5,5,2,4,3,3,3,3,3,1,4,3.08,1,0,FALSE
Female,Loyal Customer,37,Business Travel,Business,2304,1,1,1,1,5,4,5,5,5,5,5,3,4,3.46,0,10,TRUE
Male,Loyal Customer,8,Personal Travel,Eco,338,5,5,4,4,5,4,5,5,3,2,4,3,5,4.15,0,0,TRUE
Male,Loyal Customer,31,Business Travel,Eco,101,4,4,4,4,4,4,4,4,3,1,4,1,4,3.46,0,0,TRUE
Female,Loyal Customer,37,Business Travel,Business,3558,1,1,1,1,3,4,5,4,4,4,4,4,3,3,0,0,TRUE
Female,Loyal Customer,15,Personal Travel,Eco,163,5,3,5,3,4,5,4,4,2,5,3,4,4,3.92,3,4,TRUE
Female,Disloyal Customer,25,Business Travel,Eco,1009,2,2,2,3,1,2,1,1,1,3,3,3,1,1.92,14,26,FALSE
Female,Loyal Customer,20,Personal Travel,Eco,1972,2,2,2,3,1,2,1,1,3,3,3,2,1,2,0,0,FALSE
Female,Loyal Customer,43,Business Travel,Business,2788,2,2,2,2,3,4,4,4,4,4,4,4,5,3.38,3,5,TRUE
Male,Disloyal Customer,24,Business Travel,Eco,189,5,0,5,4,2,5,2,2,3,3,4,4,2,3.15,0,0,TRUE
Male,Loyal Customer,56,Business Travel,Business,1806,2,2,2,2,4,5,5,4,4,4,4,5,3,3.54,37,41,TRUE
Male,Loyal Customer,48,Business Travel,Business,285,1,1,1,1,4,5,4,5,5,5,5,3,3,3.31,0,0,TRUE
Female,Loyal Customer,34,Personal Travel,Eco,1096,3,4,3,4,2,3,2,2,4,5,4,3,2,3.15,0,0,FALSE
Male,Loyal Customer,43,Business Travel,Business,3724,1,1,1,1,5,5,5,4,4,4,5,3,5,3.38,0,0,TRUE
Male,Disloyal Customer,20,Business Travel,Eco,438,4,0,4,5,2,4,5,2,4,4,2,4,2,3.23,0,0,TRUE
Male,Loyal Customer,46,Business Travel,Eco,1056,4,2,2,2,4,4,4,4,1,3,2,2,4,2.92,5,0,TRUE
Male,Disloyal Customer,25,Business Travel,Business,980,0,0,0,5,1,0,1,1,4,3,4,4,1,1.85,0,0,TRUE
Female,Loyal Customer,57,Business Travel,Business,2239,5,5,5,5,4,5,5,4,4,4,4,4,4,4.46,0,2,TRUE
Male,Disloyal Customer,24,Business Travel,Eco,252,1,0,1,1,3,1,3,3,4,4,3,2,3,2.23,9,5,FALSE
Male,Loyal Customer,77,Business Travel,Eco,375,4,3,3,3,4,4,4,4,1,2,3,4,4,3.31,148,156,TRUE
Female,Disloyal Customer,21,Business Travel,Eco,718,2,2,2,1,5,2,5,5,4,5,3,4,5,3.46,18,2,FALSE
Female,Loyal Customer,24,Business Travel,Business,3889,1,2,2,2,4,4,1,4,1,2,3,4,4,2.62,0,27,FALSE
Female,Disloyal Customer,48,Business Travel,Eco Plus,1121,3,2,2,3,5,3,5,5,5,4,1,1,5,3.38,16,23,FALSE
Female,Loyal Customer,42,Business Travel,Business,3667,3,3,3,3,5,3,4,3,3,4,3,2,4,3.31,0,0,FALSE
Male,Loyal Customer,33,Business Travel,Business,110,0,4,0,4,5,5,5,5,4,4,2,1,5,3.38,0,0,TRUE
Female,Loyal Customer,66,Personal Travel,Eco,907,0,4,0,3,5,5,4,5,5,0,5,5,4,3.46,5,0,TRUE
Male,Loyal Customer,16,Personal Travel,Eco,408,3,5,3,3,1,3,1,1,3,3,5,5,1,2.85,0,12,FALSE
Female,Loyal Customer,50,Business Travel,Eco,631,4,4,2,2,1,4,3,4,4,4,4,4,3,3.31,0,0,FALSE
Male,Loyal Customer,22,Personal Travel,Eco Plus,1204,3,4,3,1,1,3,1,1,2,2,3,1,1,2,41,46,FALSE
Male,Loyal Customer,50,Business Travel,Eco,2381,1,2,2,2,1,1,1,1,2,4,1,4,1,1.77,0,0,FALSE
Male,Loyal Customer,39,Business Travel,Business,280,0,0,0,2,4,4,5,2,2,3,3,3,5,2.54,0,0,TRUE
Male,Loyal Customer,24,Personal Travel,Eco,577,2,1,2,3,5,2,5,5,1,1,3,4,5,3,15,6,FALSE
Female,Loyal Customer,53,Business Travel,Business,1672,3,1,3,3,4,5,5,5,5,5,5,4,5,4.08,0,2,TRUE
Male,Loyal Customer,27,Personal Travel,Eco,2521,4,4,3,3,4,3,4,4,3,2,4,5,4,3.62,0,0,FALSE
Female,Loyal Customer,57,Business Travel,Eco,431,1,2,2,2,5,4,3,1,1,1,1,4,4,2.38,3,0,FALSE
Female,Loyal Customer,41,Business Travel,Business,2239,0,0,0,3,3,5,5,5,5,5,5,3,5,3.38,0,2,TRUE
Male,Loyal Customer,24,Business Travel,Business,980,1,1,1,1,5,5,5,5,4,4,4,3,5,3.38,0,0,TRUE
Female,Loyal Customer,9,Personal Travel,Eco,991,3,5,3,3,2,3,2,2,4,5,5,5,2,3.38,16,11,FALSE
Female,Loyal Customer,66,Personal Travel,Eco,255,3,5,3,4,4,5,5,4,4,3,4,4,4,4,0,0,FALSE
Male,Disloyal Customer,45,Business Travel,Eco,740,3,3,3,4,5,3,1,5,3,5,3,4,5,3.62,0,0,FALSE
Male,Loyal Customer,43,Personal Travel,Eco,868,3,2,3,3,2,3,2,2,1,5,4,2,2,2.62,0,9,FALSE
Female,Loyal Customer,60,Business Travel,Business,888,3,3,3,3,3,5,4,4,4,4,4,4,4,3.69,0,3,TRUE
Female,Loyal Customer,32,Business Travel,Business,86,5,5,5,5,4,4,5,4,4,4,5,1,4,4.23,0,14,TRUE
Female,Loyal Customer,32,Business Travel,Business,3681,1,1,1,1,1,1,1,1,3,1,3,2,1,1.38,6,12,FALSE
Male,Loyal Customer,45,Personal Travel,Eco,488,2,5,5,4,5,5,5,5,3,4,5,5,5,4.46,0,0,FALSE
Female,Disloyal Customer,19,Business Travel,Eco,599,0,4,0,5,3,0,4,3,5,3,5,5,3,3.08,4,2,TRUE
Male,Loyal Customer,42,Business Travel,Eco Plus,585,4,4,4,4,4,4,4,4,3,4,5,4,4,4,1,0,TRUE
Male,Loyal Customer,30,Personal Travel,Eco,462,1,5,1,1,1,4,4,1,3,5,3,4,4,2.85,211,225,FALSE
Female,Loyal Customer,46,Business Travel,Business,2520,2,5,5,5,2,4,4,2,2,2,2,4,4,3.31,0,0,FALSE
Female,Disloyal Customer,20,Business Travel,Business,1280,0,3,0,3,4,3,4,4,3,4,5,3,4,3.08,0,0,TRUE
Male,Loyal Customer,51,Business Travel,Eco Plus,448,1,2,2,2,1,1,1,1,3,3,3,1,1,1.69,0,0,FALSE
Male,Disloyal Customer,19,Business Travel,Business,631,0,0,1,4,5,1,5,5,5,4,4,5,5,3.38,0,0,TRUE
Male,Loyal Customer,38,Personal Travel,Eco,548,4,0,4,1,5,4,5,5,1,5,4,2,5,3.46,0,0,FALSE
Male,Disloyal Customer,33,Business Travel,Business,551,1,1,1,4,2,1,2,2,5,4,4,4,2,2.54,3,0,FALSE
Male,Loyal Customer,46,Business Travel,Business,2998,4,4,4,4,5,5,4,4,4,4,4,4,3,4.08,0,0,TRUE
Male,Disloyal Customer,37,Business Travel,Business,302,2,2,2,2,1,2,1,1,4,3,5,5,1,2.38,0,0,FALSE
Female,Loyal Customer,56,Personal Travel,Eco,946,5,3,5,4,5,3,1,1,1,5,1,3,1,2.92,0,,TRUE
Male,Loyal Customer,48,Business Travel,Business,587,3,3,3,3,2,4,4,5,5,5,5,5,4,3.92,1,0,TRUE
Male,Loyal Customer,60,Personal Travel,Eco,829,2,4,2,5,3,2,3,3,5,2,4,4,3,3.23,37,25,FALSE
Male,Loyal Customer,8,Personal Travel,Eco,599,1,2,1,3,4,1,4,4,3,3,3,3,4,2.77,0,0,FALSE
Female,Loyal Customer,46,Business Travel,Business,299,3,3,3,3,4,5,4,5,5,5,5,3,5,4.08,0,18,TRUE
Male,Disloyal Customer,26,Business Travel,Eco Plus,1874,3,2,2,3,4,2,4,4,5,1,3,1,4,2.92,10,0,FALSE
Male,Disloyal Customer,26,Business Travel,Business,1166,3,3,3,2,3,3,4,4,2,5,5,4,4,3.46,154,,FALSE
Male,Loyal Customer,41,Personal Travel,Eco,371,1,2,1,4,4,1,1,4,3,2,2,4,4,2.54,28,29,FALSE
Male,Loyal Customer,67,Business Travel,Business,1089,5,5,5,5,2,4,5,5,5,5,5,4,4,4.54,0,0,TRUE
Female,Loyal Customer,48,Business Travel,Business,200,3,3,2,3,3,2,3,5,5,5,5,3,2,3.38,0,11,TRUE
Female,Loyal Customer,46,Personal Travel,Eco,628,3,4,3,3,2,5,5,5,5,3,5,5,4,4,41,33,FALSE
Female,Loyal Customer,59,Business Travel,Business,3337,2,2,4,2,2,5,5,4,4,4,5,4,4,3.62,18,17,TRUE
Female,Disloyal Customer,27,Business Travel,Business,2153,3,3,3,1,4,3,4,4,5,4,4,5,4,3.62,0,0,FALSE
Female,Loyal Customer,51,Business Travel,Business,1919,4,4,2,4,5,3,5,5,5,5,5,4,5,4.31,0,0,TRUE
Male,Disloyal Customer,8,Business Travel,Eco,1340,3,4,4,4,4,3,4,4,2,1,4,2,4,3.31,54,34,FALSE
Male,Disloyal Customer,30,Business Travel,Business,2176,1,1,1,4,5,1,1,5,4,3,5,4,5,3.08,15,3,FALSE
Female,Loyal Customer,47,Business Travel,Eco,1504,4,1,1,1,5,3,2,4,4,4,4,4,4,3.15,2,10,TRUE
Male,Loyal Customer,40,Business Travel,Business,630,4,4,3,4,4,4,5,5,5,4,5,5,4,4.31,0,0,TRUE
Female,Loyal Customer,44,Business Travel,Eco,1080,3,2,2,2,1,4,4,3,3,3,3,2,3,2.69,0,0,FALSE
Male,Loyal Customer,32,Business Travel,Business,189,4,5,5,5,2,1,4,2,3,2,4,4,2,3.31,7,8,FALSE
Female,Loyal Customer,39,Business Travel,Business,86,1,4,4,4,5,4,3,2,2,3,1,3,2,2.92,0,22,FALSE
Male,Loyal Customer,33,Business Travel,Business,2214,3,3,3,3,4,4,4,3,4,4,5,4,4,3.69,207,208,TRUE
Male,Loyal Customer,58,Business Travel,Eco,937,4,5,5,5,4,4,4,4,1,4,3,1,4,3.69,0,0,TRUE
Female,Loyal Customer,70,Personal Travel,Eco,340,3,4,3,5,3,5,4,5,5,3,5,5,3,4.08,0,0,FALSE
Female,Loyal Customer,56,Business Travel,Business,3361,4,4,4,4,4,4,1,5,5,5,5,1,5,3.92,0,0,TRUE
Female,Loyal Customer,54,Personal Travel,Eco,862,3,4,3,2,1,3,4,5,5,3,5,4,1,3.31,18,31,FALSE
Female,Loyal Customer,51,Personal Travel,Eco,402,4,2,4,4,5,3,4,2,2,4,2,2,4,3.23,0,0,FALSE
Female,Loyal Customer,61,Business Travel,Eco Plus,624,3,3,3,3,1,2,3,3,3,3,3,3,3,2.77,0,0,FALSE
Female,Loyal Customer,54,Business Travel,Eco Plus,346,3,2,2,2,2,4,3,4,4,3,4,1,2,2.77,0,2,FALSE
Female,Disloyal Customer,25,Business Travel,Eco,306,3,2,3,4,1,3,1,1,2,5,4,3,1,2.54,48,52,FALSE
Male,Loyal Customer,54,Business Travel,Business,3149,4,4,4,4,3,4,3,4,4,4,4,1,2,3.46,0,0,FALSE
Female,Loyal Customer,43,Business Travel,Eco,283,4,2,2,2,5,4,4,4,4,4,4,4,1,3.38,0,0,FALSE
Male,Loyal Customer,22,Business Travel,Business,3879,3,2,2,2,3,3,3,3,3,1,4,4,3,2.77,45,49,FALSE
Male,Loyal Customer,52,Personal Travel,Business,1182,2,4,2,3,3,3,4,4,4,2,4,4,4,3.31,0,8,FALSE
Male,Loyal Customer,52,Personal Travel,Eco,700,2,4,2,4,3,2,4,3,5,5,5,5,3,3.62,22,3,FALSE
Female,Loyal Customer,35,Business Travel,Business,2000,2,2,2,2,5,2,2,5,5,5,5,2,4,3.31,3,19,TRUE
Female,Loyal Customer,60,Business Travel,Business,3315,5,5,5,5,3,5,4,3,3,3,3,4,4,4,1,5,TRUE
Female,Loyal Customer,61,Personal Travel,Eco,177,4,5,0,3,5,5,5,4,4,0,4,5,3,3.62,55,40,FALSE
Male,Loyal Customer,60,Business Travel,Business,2068,2,3,3,3,4,2,3,2,2,2,2,2,4,2.62,47,31,FALSE
Female,Loyal Customer,43,Business Travel,Business,3043,2,2,2,2,3,4,4,5,5,5,5,5,5,3.77,0,0,TRUE
Male,Disloyal Customer,36,Business Travel,Eco,448,3,0,3,2,2,3,2,2,4,1,3,4,2,2.38,53,43,FALSE
Female,Loyal Customer,10,Personal Travel,Eco,1844,4,5,4,3,4,4,4,4,3,3,4,4,4,3.85,67,46,FALSE
Female,Disloyal Customer,35,Business Travel,Eco,1119,1,1,1,4,4,1,4,4,1,4,4,3,4,2.77,0,0,FALSE
Male,Disloyal Customer,21,Business Travel,Eco,102,4,0,5,4,4,5,1,4,4,1,4,5,4,3.46,0,0,TRUE
Female,Loyal Customer,57,Business Travel,Business,1598,3,3,3,3,5,5,4,5,5,5,5,3,3,4,0,0,TRUE
Male,Loyal Customer,56,Business Travel,Business,1904,1,1,2,1,2,4,4,1,1,2,1,2,3,1.92,1,0,FALSE
Female,Loyal Customer,60,Personal Travel,Eco,2218,3,2,3,4,5,3,3,1,1,3,1,3,1,2.54,0,0,FALSE
Female,Loyal Customer,36,Business Travel,Business,1583,1,5,1,5,1,1,1,1,2,3,4,1,1,2.08,0,0,FALSE
Male,Loyal Customer,48,Business Travel,Business,271,5,5,5,5,3,5,5,4,4,4,4,5,5,4.54,7,5,TRUE
Female,Loyal Customer,57,Business Travel,Business,1262,4,4,4,4,4,5,4,4,4,4,4,4,4,4.08,0,5,TRUE
Female,Loyal Customer,46,Business Travel,Business,862,3,3,3,3,4,5,5,4,4,4,4,4,5,3.92,0,0,TRUE
Male,Loyal Customer,30,Business Travel,Business,1092,3,3,3,3,4,4,4,4,4,3,4,3,4,3.54,1,6,TRUE
Female,Loyal Customer,49,Business Travel,Business,2781,4,4,4,4,5,5,4,4,4,5,4,5,3,4.23,42,40,TRUE
Male,Disloyal Customer,25,Business Travel,Business,404,1,0,1,1,1,1,1,1,5,5,5,3,1,2,6,11,FALSE
Male,Loyal Customer,36,Personal Travel,Eco,1535,5,4,4,1,1,4,1,1,4,2,5,4,1,2.85,0,0,TRUE
Female,Loyal Customer,23,Business Travel,Business,1558,2,1,4,1,2,3,2,2,1,1,4,1,2,2,118,124,FALSE
Female,Loyal Customer,26,Personal Travel,Eco,302,4,3,4,3,4,4,4,4,2,5,4,2,4,3.62,0,0,TRUE
Male,Loyal Customer,44,Business Travel,Eco,409,4,2,5,5,4,4,4,4,4,5,3,3,4,3.92,33,43,FALSE
Female,Loyal Customer,50,Business Travel,Business,591,4,4,4,4,2,5,4,4,4,4,4,3,4,3.85,0,0,TRUE
Female,Loyal Customer,35,Personal Travel,Eco,692,1,1,1,3,5,1,5,5,2,4,4,3,5,3.08,0,23,FALSE
Male,Disloyal Customer,29,Business Travel,Eco,1849,3,3,3,3,1,3,1,1,4,2,4,4,1,2.54,12,34,FALSE
Male,Loyal Customer,27,Business Travel,Eco Plus,483,4,4,4,4,5,5,5,5,5,1,1,3,5,3.92,4,17,TRUE
Male,Loyal Customer,61,Personal Travel,Business,728,3,1,3,4,1,3,3,4,4,3,4,3,4,3.08,13,14,FALSE
Female,Loyal Customer,48,Personal Travel,Business,528,3,5,3,4,5,5,4,2,2,3,2,4,5,3.62,34,19,FALSE
Female,Loyal Customer,36,Business Travel,Business,3596,2,2,2,2,3,4,5,4,4,5,4,4,4,3.46,0,4,TRUE
Female,Loyal Customer,42,Business Travel,Business,1620,3,3,5,3,5,5,5,5,5,4,5,5,5,4.46,3,5,TRUE
Female,Loyal Customer,27,Personal Travel,Eco,717,2,5,2,3,4,2,4,4,1,5,3,5,4,3.38,0,0,FALSE
Male,Loyal Customer,20,Business Travel,Business,825,3,1,1,1,3,2,3,3,1,2,3,3,3,2.23,0,0,FALSE
Female,Loyal Customer,55,Business Travel,Business,3384,2,2,2,2,5,5,5,4,4,4,5,4,5,3.77,16,17,TRUE
Female,Loyal Customer,20,Personal Travel,Eco,813,2,0,2,2,4,2,4,4,4,2,5,5,4,3.08,2,2,FALSE
Female,Disloyal Customer,28,Business Travel,Eco,416,4,0,4,5,1,4,1,1,3,2,3,2,1,2.38,0,11,FALSE
Female,Loyal Customer,57,Personal Travel,Business,2172,5,4,5,2,4,5,4,2,2,5,2,3,3,3.54,0,0,TRUE
Male,Loyal Customer,49,Business Travel,Business,1831,3,3,3,3,2,5,4,5,5,5,5,4,3,3.85,75,92,TRUE
Male,Loyal Customer,51,Business Travel,Eco,919,3,2,2,2,4,3,4,4,4,2,4,2,4,3.08,0,0,FALSE
Female,Loyal Customer,25,Personal Travel,Business,587,2,1,2,2,1,2,1,1,4,5,2,1,1,1.92,0,0,FALSE
Female,Loyal Customer,48,Personal Travel,Business,2402,3,4,3,1,4,1,3,2,2,3,2,2,2,2.46,0,16,FALSE
Male,Loyal Customer,17,Business Travel,Eco,209,2,4,4,4,2,2,1,2,4,2,3,3,2,2.69,0,0,FALSE
Male,Loyal Customer,21,Business Travel,Business,3940,4,4,4,4,3,3,3,3,4,4,1,3,3,3.31,115,95,TRUE
Male,Loyal Customer,66,Personal Travel,Eco,862,3,3,3,2,5,3,5,5,3,2,2,4,5,3.46,6,18,FALSE
Female,Loyal Customer,60,Personal Travel,Business,253,4,5,4,3,2,2,3,5,5,4,3,2,1,3.31,0,0,FALSE
Female,Disloyal Customer,38,Business Travel,Eco,1012,1,1,1,3,2,1,2,2,3,4,3,2,2,2.08,0,0,FALSE
Male,Loyal Customer,52,Business Travel,Business,1999,4,4,4,4,3,4,4,4,4,4,4,5,3,3.92,24,16,TRUE
Female,Loyal Customer,57,Business Travel,Business,446,4,4,4,4,2,4,5,2,2,2,2,3,5,3.31,0,2,TRUE
Female,Loyal Customer,10,Personal Travel,Eco,632,2,4,2,4,2,2,2,2,4,4,3,2,2,2.69,9,7,FALSE
Male,Loyal Customer,60,Business Travel,Business,3784,4,4,4,4,5,5,5,3,4,3,4,5,5,4.23,1,0,TRUE
Male,Loyal Customer,49,Business Travel,Business,813,4,4,4,4,5,5,4,5,5,5,5,5,5,4.62,5,0,TRUE
Male,Loyal Customer,29,Business Travel,Business,312,3,3,2,3,4,4,4,4,4,2,4,5,4,3.54,0,12,TRUE
Female,Loyal Customer,34,Personal Travel,Eco,507,2,4,2,5,5,2,5,5,4,2,4,5,5,3.85,0,0,FALSE
Male,Loyal Customer,45,Business Travel,Business,1714,3,3,3,3,4,4,5,5,5,5,5,3,3,3.92,0,0,TRUE
Female,Loyal Customer,58,Personal Travel,Eco,594,0,3,0,4,3,1,4,1,1,0,1,3,3,1.85,0,0,TRUE
Female,Loyal Customer,32,Business Travel,Business,3720,4,4,4,4,4,4,4,4,4,5,5,3,4,4.08,0,0,TRUE
Male,Loyal Customer,58,Business Travel,Eco,129,3,4,4,4,3,3,3,3,5,5,3,1,3,3.38,0,0,TRUE
Male,Loyal Customer,36,Personal Travel,Eco,303,2,4,4,2,2,4,2,2,5,5,5,5,2,3.38,1,0,FALSE
Male,Disloyal Customer,25,Business Travel,Eco,1045,3,3,3,4,1,3,1,1,5,5,5,4,1,3,0,0,FALSE
Male,Loyal Customer,23,Personal Travel,Eco,986,2,5,2,2,2,2,3,2,4,2,5,5,2,2.92,0,9,FALSE
Female,Loyal Customer,52,Business Travel,Business,337,3,2,2,2,4,4,4,3,3,3,3,4,4,3.15,0,0,FALSE
Male,Disloyal Customer,10,Business Travel,Eco,1399,3,3,3,3,3,3,3,3,1,1,3,3,3,2.69,47,40,FALSE
Male,Loyal Customer,51,Business Travel,Business,1694,2,2,2,2,4,4,5,5,5,5,5,3,5,3.77,0,0,TRUE
Male,Loyal Customer,45,Personal Travel,Eco,1024,3,1,3,4,4,3,2,4,2,4,3,1,4,2.92,2,0,FALSE
Male,Loyal Customer,34,Business Travel,Business,2849,4,2,4,4,5,4,4,2,2,2,2,3,3,3.15,1,0,TRUE
Male,Loyal Customer,32,Business Travel,Business,3177,1,1,1,1,5,5,5,5,4,4,4,3,5,3.38,0,13,TRUE
Male,Loyal Customer,55,Business Travel,Business,1749,3,4,1,1,4,2,4,3,3,3,3,1,4,2.77,0,0,FALSE
Female,Loyal Customer,19,Business Travel,Business,491,5,3,5,5,4,4,4,4,2,2,1,2,4,3.46,0,0,TRUE
Female,Loyal Customer,39,Business Travel,Business,2992,4,4,4,4,2,4,3,4,4,4,4,4,1,3.54,12,16,FALSE
Male,Loyal Customer,36,Personal Travel,Business,849,2,5,3,3,5,4,5,4,4,3,2,4,5,3.77,12,14,FALSE
Female,Loyal Customer,45,Business Travel,Business,2026,4,4,4,4,3,4,5,4,4,4,4,4,4,4,2,31,TRUE
Male,Loyal Customer,60,Business Travel,Eco,1133,3,4,1,1,3,3,3,3,2,5,3,1,3,2.69,0,0,FALSE
Female,Loyal Customer,35,Personal Travel,Eco,550,3,0,3,3,3,3,1,3,4,2,5,3,3,2.77,26,95,FALSE
Male,Loyal Customer,37,Personal Travel,Eco,2182,0,5,0,3,5,0,5,5,4,2,1,1,5,2.77,9,17,TRUE
Female,Loyal Customer,42,Business Travel,Business,508,2,2,2,2,5,2,1,2,2,2,2,4,4,2.46,3,0,FALSE
Male,Loyal Customer,11,Personal Travel,Eco Plus,270,4,0,4,5,3,4,2,3,4,5,4,3,3,3.38,12,0,TRUE
Female,Loyal Customer,42,Business Travel,Business,1931,2,2,2,2,4,5,5,4,4,4,4,5,4,3.62,0,0,TRUE
Female,Loyal Customer,34,Business Travel,Business,3428,1,1,5,1,4,5,5,3,3,3,3,4,3,3.15,0,5,TRUE
Female,Loyal Customer,10,Business Travel,Business,835,1,1,1,1,5,5,5,5,3,2,4,2,5,3.08,0,0,TRUE
Male,Loyal Customer,8,Business Travel,Eco Plus,1504,4,4,4,4,4,4,3,4,3,4,2,4,4,3.69,0,0,TRUE
Male,Loyal Customer,43,Business Travel,Eco,197,3,5,5,5,2,3,2,2,1,2,4,1,2,2.85,0,0,FALSE
Male,Loyal Customer,11,Personal Travel,Eco,1592,4,4,5,4,5,5,5,5,4,5,4,4,5,4.54,25,40,FALSE
Male,Loyal Customer,59,Business Travel,Business,2394,4,4,3,4,3,4,4,4,4,4,4,5,4,3.92,4,8,TRUE
Female,Loyal Customer,30,Business Travel,Business,606,2,1,2,1,2,2,2,2,2,1,3,1,2,1.77,1,26,FALSE
Male,Loyal Customer,45,Business Travel,Business,240,2,1,1,1,2,3,3,2,2,2,2,1,4,2,0,0,FALSE
Male,Loyal Customer,54,Business Travel,Business,189,3,3,3,3,4,5,5,5,5,5,4,5,5,4.23,0,0,TRUE
Male,Loyal Customer,41,Business Travel,Business,3949,3,3,3,3,5,5,3,3,3,3,3,1,1,3,0,0,TRUE
Female,Loyal Customer,47,Business Travel,Business,3758,4,4,4,4,3,5,4,5,5,5,5,5,3,4.31,0,0,TRUE
Female,Loyal Customer,42,Business Travel,Business,1875,5,5,5,5,5,5,5,5,5,5,5,5,4,4.92,0,0,TRUE
Male,Loyal Customer,30,Business Travel,Eco Plus,669,5,4,3,4,5,5,5,5,5,1,1,3,5,3.92,0,0,TRUE
Female,Loyal Customer,53,Business Travel,Business,2945,0,0,0,1,5,5,4,4,4,4,4,3,3,2.85,0,0,TRUE
Male,Loyal Customer,33,Business Travel,Business,1500,3,3,3,3,5,4,5,5,5,5,5,5,5,4.31,20,0,TRUE
Male,Loyal Customer,48,Personal Travel,Eco,84,2,4,2,3,5,2,5,5,4,2,5,5,5,3.77,0,0,FALSE
Male,Loyal Customer,54,Business Travel,Business,2248,1,1,1,1,3,3,5,4,4,4,4,4,5,3.08,0,0,TRUE
Male,Disloyal Customer,23,Business Travel,Business,223,1,3,1,4,5,1,5,5,4,4,4,1,5,3.31,22,19,FALSE
Male,Loyal Customer,39,Business Travel,Business,2172,0,0,0,5,2,5,4,3,3,5,5,4,3,3,10,20,TRUE
Male,Loyal Customer,39,Personal Travel,Eco,293,4,4,4,1,4,4,4,4,4,2,5,3,4,3.62,47,43,FALSE
Female,Loyal Customer,55,Personal Travel,Eco Plus,760,3,4,3,5,5,5,5,3,3,3,3,5,4,3.92,11,16,FALSE
Female,Loyal Customer,57,Business Travel,Eco Plus,370,4,5,5,5,4,3,3,4,4,4,4,4,4,4.08,0,0,TRUE
Female,Loyal Customer,24,Personal Travel,Eco,337,3,4,3,4,3,3,3,3,3,4,3,5,3,3.38,0,0,FALSE
Female,Loyal Customer,61,Personal Travel,Eco,280,3,5,3,3,3,5,4,2,2,3,2,3,3,3.15,14,11,FALSE
Female,Loyal Customer,22,Business Travel,Business,250,5,5,5,5,5,5,5,5,4,4,5,4,5,4.77,0,0,TRUE
Female,Loyal Customer,65,Personal Travel,Business,2446,3,4,3,4,4,2,4,2,2,3,3,4,2,3.08,11,0,FALSE
Female,Loyal Customer,31,Business Travel,Business,2956,4,4,4,4,4,4,4,4,3,4,5,3,4,3.92,0,0,TRUE
Female,Loyal Customer,53,Personal Travel,Eco,1723,1,4,1,4,4,5,4,5,5,1,5,3,5,3.62,58,58,FALSE
Female,Loyal Customer,45,Business Travel,Business,383,1,1,5,1,5,4,4,4,4,4,4,3,3,3.31,1,0,TRUE
Female,Loyal Customer,34,Personal Travel,Eco,748,0,5,0,3,5,0,3,5,4,4,5,4,5,3.31,60,56,TRUE
Female,Loyal Customer,8,Personal Travel,Eco,2475,1,3,1,4,1,4,4,4,3,3,3,4,4,3,0,0,FALSE
Male,Loyal Customer,37,Business Travel,Eco Plus,140,4,2,2,2,4,4,4,4,4,3,3,4,4,3.38,0,0,FALSE
Female,Loyal Customer,63,Personal Travel,Eco,896,3,5,3,2,3,3,1,1,1,3,1,3,1,2.31,7,0,FALSE
Female,Loyal Customer,35,Business Travel,Business,1671,2,2,2,2,5,4,4,5,5,5,5,4,5,3.85,5,0,TRUE
Female,Loyal Customer,55,Business Travel,Business,1972,3,4,4,4,2,4,4,3,3,3,3,2,2,3.15,2,0,FALSE
Male,Disloyal Customer,26,Business Travel,Eco Plus,1372,1,1,1,2,1,1,1,1,1,2,3,3,1,1.46,0,0,FALSE
Male,Loyal Customer,49,Business Travel,Business,1379,4,1,5,1,1,4,3,4,4,4,4,3,2,3.08,6,13,FALSE
Male,Loyal Customer,37,Business Travel,Business,1249,3,4,5,4,1,4,4,3,3,3,3,3,2,3.23,17,0,FALSE
Male,Loyal Customer,44,Business Travel,Business,3702,5,5,5,5,5,4,4,4,4,5,4,3,4,4.38,0,0,TRUE
Female,Loyal Customer,18,Personal Travel,Eco,2588,3,4,3,2,3,3,3,3,3,5,4,2,3,3.15,0,0,FALSE
Female,Loyal Customer,54,Business Travel,Eco Plus,89,5,2,2,2,2,2,4,5,5,5,5,5,5,3.77,0,0,TRUE
Male,Loyal Customer,38,Business Travel,Eco,1224,4,1,4,1,4,4,4,4,4,3,2,4,4,3.31,32,2,TRUE
Male,Loyal Customer,39,Business Travel,Eco Plus,462,4,1,1,1,4,4,4,4,2,2,4,3,4,2.92,11,16,TRUE
Male,Loyal Customer,58,Personal Travel,Eco,416,2,5,2,2,3,2,3,3,4,1,4,5,3,3,65,62,FALSE
Female,Loyal Customer,51,Personal Travel,Eco,405,1,5,1,1,4,4,4,4,4,1,4,5,5,3.31,13,10,FALSE
Male,Loyal Customer,59,Business Travel,Business,501,2,5,2,2,4,4,4,5,5,5,5,4,4,3.92,0,10,TRUE
Male,Loyal Customer,49,Business Travel,Business,3317,2,2,2,2,3,5,4,4,4,4,4,5,5,3.54,33,35,TRUE
Female,Loyal Customer,50,Personal Travel,Eco,399,2,4,2,4,4,4,4,2,2,2,2,5,3,3.08,0,0,FALSE
Male,Loyal Customer,8,Personal Travel,Eco,163,1,4,1,4,4,1,4,4,5,2,4,4,4,3.23,0,0,FALSE
Male,Loyal Customer,41,Business Travel,Business,3942,4,4,4,4,2,4,4,5,5,5,5,5,4,4.23,0,0,TRUE
Female,Loyal Customer,54,Business Travel,Business,1846,1,1,1,1,3,4,4,4,4,4,4,3,4,2.92,9,0,TRUE
Male,Loyal Customer,58,Business Travel,Business,678,3,3,3,3,3,4,4,5,5,5,5,5,3,3.92,0,0,TRUE
Female,Loyal Customer,56,Business Travel,Business,3626,3,1,1,1,4,3,2,3,3,3,3,1,2,2.31,0,0,FALSE
Male,Loyal Customer,38,Business Travel,Business,502,1,1,1,1,2,5,4,4,4,4,4,3,3,2.85,0,0,TRUE
Male,Disloyal Customer,44,Business Travel,Business,441,5,5,5,2,2,5,2,2,5,2,4,4,2,3.46,22,19,TRUE
Female,Loyal Customer,57,Personal Travel,Eco,159,3,4,3,2,4,4,5,4,4,3,4,3,4,3.62,21,9,FALSE
Male,Loyal Customer,60,Business Travel,Business,642,1,1,1,1,2,5,4,4,4,4,4,4,5,3.08,0,14,TRUE
Male,Loyal Customer,43,Business Travel,Business,1714,3,1,3,1,4,4,3,3,3,3,3,2,4,2.85,16,0,FALSE
Male,Disloyal Customer,25,Business Travel,Business,358,5,0,5,2,4,5,4,4,5,2,4,4,4,3.69,0,0,TRUE
Female,Loyal Customer,39,Business Travel,Business,746,3,3,3,3,4,4,5,2,2,2,2,5,4,3.23,0,0,TRUE
Female,Loyal Customer,7,Personal Travel,Eco,532,4,5,4,4,3,4,3,3,4,3,5,3,3,3.69,1,4,FALSE
Female,Loyal Customer,55,Business Travel,Business,602,3,3,4,3,2,4,4,4,4,4,4,5,5,3.77,0,0,TRUE
Male,Loyal Customer,24,Business Travel,Business,2577,4,4,4,4,5,5,5,5,4,4,3,5,5,4.38,0,0,TRUE
Female,Loyal Customer,50,Business Travel,Business,3820,2,5,5,5,5,2,1,2,2,2,2,4,2,3,23,54,FALSE
Female,Loyal Customer,38,Personal Travel,Eco,214,1,4,1,4,5,1,5,5,1,1,3,1,5,2.85,20,17,FALSE
Male,Loyal Customer,48,Business Travel,Business,221,3,1,1,1,5,3,4,3,3,3,3,4,4,2.92,0,11,FALSE
Male,Loyal Customer,53,Business Travel,Business,1012,5,5,5,5,4,4,4,5,5,4,5,4,4,4.54,175,174,TRUE
Male,Loyal Customer,38,Business Travel,Business,3634,3,5,3,5,3,3,3,3,3,3,3,3,1,3.15,0,0,FALSE
Male,Loyal Customer,38,Business Travel,Business,3290,3,1,1,1,5,3,4,3,3,3,3,4,3,2.85,0,0,FALSE
Female,Loyal Customer,39,Business Travel,Eco Plus,162,3,4,4,4,3,3,3,3,3,5,5,1,3,3.38,0,0,TRUE
Female,Disloyal Customer,47,Business Travel,Eco,548,2,2,2,3,1,2,1,1,3,3,4,2,1,2.08,5,2,FALSE
Male,Loyal Customer,57,Business Travel,Business,646,3,3,3,3,5,4,4,4,4,4,4,4,5,3.85,0,0,TRUE
Male,Loyal Customer,51,Personal Travel,Eco,488,3,0,3,3,3,3,1,3,4,5,3,3,3,2.85,0,0,FALSE
Male,Loyal Customer,40,Business Travel,Business,2978,4,4,4,4,1,3,1,3,3,2,3,3,4,3,0,0,TRUE
Female,Loyal Customer,36,Business Travel,Eco,143,4,3,3,3,4,4,4,4,3,1,5,3,4,3.46,2,0,TRUE
Female,Disloyal Customer,20,Business Travel,Eco,229,4,0,4,4,5,4,5,5,1,2,4,4,5,3.62,0,16,TRUE
Male,Disloyal Customer,23,Business Travel,Eco,181,1,3,1,3,3,1,3,3,2,5,2,3,3,2.54,3,0,FALSE
Male,Loyal Customer,21,Business Travel,Eco,825,4,2,2,2,4,4,3,4,5,2,1,4,4,3.15,7,5,TRUE
Female,Disloyal Customer,28,Business Travel,Eco,369,1,3,1,3,2,1,2,2,1,5,4,4,2,2.38,20,11,FALSE
Male,Loyal Customer,42,Personal Travel,Business,849,3,4,3,3,4,4,4,4,4,3,4,4,3,3.62,24,16,FALSE
Female,Loyal Customer,35,Business Travel,Eco,190,4,3,3,3,4,4,4,4,4,4,5,2,4,3.69,0,0,TRUE
Female,Loyal Customer,21,Personal Travel,Eco,306,2,4,2,3,3,2,1,3,5,2,4,3,3,2.85,8,0,FALSE
Male,Loyal Customer,39,Business Travel,Business,3411,1,1,1,1,5,4,5,4,4,4,4,4,5,3.31,0,0,TRUE
Male,Loyal Customer,16,Personal Travel,Eco,370,2,1,2,3,5,2,5,5,1,4,3,1,5,3,0,0,FALSE
Male,Loyal Customer,52,Business Travel,Eco,525,4,2,4,2,4,4,4,4,2,4,3,3,4,3.38,27,11,TRUE
Female,Loyal Customer,43,Personal Travel,Business,861,1,4,1,1,2,5,4,5,5,1,5,3,4,3.15,80,62,FALSE
Female,Loyal Customer,42,Business Travel,Business,954,3,3,3,3,3,3,4,3,3,3,3,3,2,3,1,0,FALSE
Male,Loyal Customer,27,Business Travel,Business,733,3,3,3,3,4,4,4,4,5,5,4,4,4,3.85,0,2,TRUE
Male,Loyal Customer,39,Business Travel,Eco,265,5,4,3,4,5,4,5,5,2,5,5,1,5,4.08,0,0,TRUE
Female,Loyal Customer,29,Personal Travel,Eco,255,2,3,2,2,2,2,2,2,4,5,4,2,2,2.62,56,49,FALSE
Female,Loyal Customer,42,Business Travel,Eco Plus,174,5,4,4,4,4,1,2,5,5,5,5,3,1,3.69,0,15,TRUE
Male,Loyal Customer,52,Business Travel,Business,2108,3,3,3,3,2,4,4,5,5,5,5,5,4,3.92,0,3,TRUE
Female,Loyal Customer,19,Personal Travel,Eco,240,2,4,2,1,2,2,2,2,4,4,4,5,2,2.77,28,16,FALSE
Male,Loyal Customer,63,Business Travel,Eco,2248,1,2,2,2,1,1,1,1,1,4,4,1,1,1.69,0,0,FALSE
Female,Loyal Customer,32,Personal Travel,Eco,212,3,4,3,3,5,3,5,5,5,2,5,3,5,3.92,0,0,FALSE
Female,Disloyal Customer,18,Business Travel,Eco,1056,5,5,5,2,4,5,4,4,3,5,1,5,4,4,0,14,TRUE
Female,Disloyal Customer,28,Business Travel,Eco,2640,2,2,2,4,3,2,5,3,3,2,4,1,3,2.77,54,27,FALSE
Male,Loyal Customer,21,Business Travel,Business,3711,2,2,2,2,5,5,5,3,3,3,4,5,5,3.54,40,20,TRUE
Female,Disloyal Customer,42,Business Travel,Business,817,3,3,3,1,2,3,2,2,4,4,4,4,2,2.85,0,0,FALSE
Female,Loyal Customer,48,Business Travel,Business,3733,1,1,1,1,2,4,3,1,1,1,1,3,1,1.62,3,0,FALSE
Female,Disloyal Customer,23,Business Travel,Eco,501,2,3,2,4,4,2,4,4,2,1,3,2,4,2.85,0,0,FALSE
Female,Loyal Customer,44,Business Travel,Business,140,0,4,0,2,2,5,5,5,5,5,5,3,3,3.38,0,0,TRUE
Female,Loyal Customer,57,Business Travel,Eco Plus,817,2,1,1,1,1,4,4,2,2,2,2,2,1,1.92,0,0,FALSE
Female,Loyal Customer,42,Business Travel,Eco Plus,228,1,2,2,2,4,4,4,1,1,1,1,2,3,2.15,0,0,FALSE
Male,Loyal Customer,70,Personal Travel,Business,2556,5,1,5,4,5,2,4,3,3,5,3,1,3,3.38,1,0,TRUE
Female,Loyal Customer,42,Business Travel,Business,1672,3,3,3,3,4,4,4,3,3,3,3,4,4,3.38,28,12,TRUE
Female,Loyal Customer,58,Business Travel,Business,173,5,5,4,5,5,5,5,5,5,5,4,3,4,4.62,4,10,TRUE
Female,Loyal Customer,48,Business Travel,Business,1416,4,4,4,4,5,3,4,4,4,3,4,1,3,3.62,113,120,FALSE
Female,Loyal Customer,35,Business Travel,Business,2264,1,3,3,3,3,3,4,1,1,1,1,2,1,2.08,0,0,FALSE
Female,Loyal Customer,15,Business Travel,Eco Plus,631,0,5,0,1,3,5,3,3,4,2,2,5,3,2.77,0,0,TRUE
Female,Loyal Customer,56,Business Travel,Eco,425,3,4,4,4,2,1,2,3,3,3,3,1,3,2.77,0,0,FALSE
Female,Disloyal Customer,17,Business Travel,Eco,369,1,3,1,3,4,1,4,4,1,5,4,2,4,2.85,36,46,FALSE
Female,Loyal Customer,42,Business Travel,Business,1428,4,4,4,4,2,3,5,4,4,4,4,2,2,3.54,1,0,TRUE
Female,Loyal Customer,37,Business Travel,Eco,192,4,3,3,3,4,4,4,4,5,4,1,3,4,3.54,0,0,TRUE
Female,Loyal Customer,29,Business Travel,Business,3857,1,5,5,5,1,2,1,1,1,1,4,4,1,2.46,0,0,FALSE
Male,Loyal Customer,40,Business Travel,Business,1476,4,4,4,4,4,4,3,5,5,5,5,1,1,3.77,0,0,TRUE
Male,Loyal Customer,38,Personal Travel,Eco,2174,3,0,3,5,2,3,3,2,4,5,5,5,2,3.23,2,15,FALSE
Female,Loyal Customer,52,Business Travel,Business,622,3,3,3,3,2,4,4,5,5,5,5,5,3,3.85,0,0,TRUE
Male,Disloyal Customer,15,Business Travel,Eco,541,2,4,2,4,2,2,2,2,4,2,5,5,2,2.92,7,8,FALSE
Male,Loyal Customer,45,Business Travel,Business,109,2,4,4,4,3,3,3,1,1,1,2,1,2,2.38,0,0,FALSE
Female,Loyal Customer,36,Business Travel,Business,834,3,3,3,3,3,3,4,3,3,3,3,1,1,2.77,1,0,FALSE
Female,Disloyal Customer,25,Business Travel,Eco,266,1,0,1,4,4,1,4,4,5,3,3,5,4,3,0,0,FALSE
Male,Loyal Customer,59,Personal Travel,Eco,448,2,2,2,3,5,2,5,5,3,2,4,2,5,3.23,0,0,FALSE
Female,Loyal Customer,30,Business Travel,Business,812,2,2,2,2,5,5,5,5,3,4,5,3,5,3.69,0,0,TRUE
Female,Loyal Customer,44,Personal Travel,Eco Plus,2077,4,4,4,5,4,5,4,4,4,4,4,4,3,4.08,0,0,FALSE
Male,Loyal Customer,44,Business Travel,Eco,1076,3,3,3,3,3,3,3,3,2,3,4,3,3,3,0,6,FALSE
Male,Loyal Customer,57,Business Travel,Business,3257,3,3,3,3,5,4,5,5,5,5,5,4,4,4.15,0,0,TRUE
Male,Loyal Customer,14,Business Travel,Business,1720,3,4,4,4,3,3,3,3,1,5,4,4,3,3.38,27,23,FALSE
Female,Loyal Customer,62,Personal Travel,Eco,583,3,5,3,3,2,5,5,2,2,3,2,5,3,3.31,0,0,FALSE
Male,Disloyal Customer,22,Business Travel,Eco,542,3,4,3,4,5,3,5,5,1,3,3,1,5,3.46,0,0,FALSE
Female,Loyal Customer,43,Business Travel,Business,2506,3,4,4,4,5,3,4,3,3,3,3,2,3,3.38,0,0,FALSE
Female,Loyal Customer,27,Personal Travel,Eco,581,0,4,0,3,4,0,4,4,4,4,5,4,4,3.08,0,0,TRUE
Female,Loyal Customer,59,Personal Travel,Eco,337,1,1,1,4,5,4,4,1,1,1,5,4,2,2.62,90,70,FALSE
Male,Loyal Customer,43,Business Travel,Eco Plus,460,4,4,4,4,4,4,4,4,2,4,2,2,4,3.54,0,0,TRUE
Female,Loyal Customer,24,Business Travel,Business,3307,3,4,4,4,3,2,3,3,4,2,3,3,3,3.15,42,38,FALSE
Female,Loyal Customer,43,Business Travel,Business,1697,2,2,2,2,5,4,4,5,5,5,5,3,5,3.77,0,0,TRUE
Male,Loyal Customer,56,Business Travel,Business,1846,4,4,4,4,3,5,5,5,5,5,5,5,4,4.46,0,0,TRUE
Male,Loyal Customer,57,Business Travel,Business,957,2,2,5,2,5,4,5,4,4,4,4,5,5,3.92,3,0,TRUE
Male,Loyal Customer,54,Business Travel,Business,2144,4,4,4,4,4,4,5,5,5,5,4,5,5,4.46,0,0,TRUE
Male,Loyal Customer,58,Business Travel,Eco,102,5,2,2,2,5,5,5,5,1,3,1,1,5,3.23,0,0,TRUE
Female,Loyal Customer,27,Business Travel,Eco,1180,1,2,2,2,1,1,1,1,3,2,3,1,1,1.62,11,12,FALSE
Female,Loyal Customer,61,Personal Travel,Eco Plus,1199,2,1,1,4,2,3,4,3,3,1,3,3,1,2.38,6,0,FALSE
Female,Disloyal Customer,39,Business Travel,Business,944,3,3,3,2,3,3,3,3,5,4,5,1,3,3.15,0,15,FALSE
Female,Loyal Customer,28,Business Travel,Business,719,2,4,4,4,2,2,2,2,1,1,4,2,2,2.46,0,0,FALSE
Male,Disloyal Customer,22,Business Travel,Business,386,4,0,4,5,1,4,1,1,5,2,4,5,1,2.85,1,0,TRUE
Male,Disloyal Customer,29,Business Travel,Business,1172,0,0,0,2,1,0,1,1,5,5,5,3,1,1.85,0,0,TRUE
Female,Loyal Customer,29,Business Travel,Business,2732,4,4,4,4,2,2,2,2,3,3,5,4,2,3.15,0,0,TRUE
Male,Disloyal Customer,45,Business Travel,Eco,524,2,3,2,2,3,2,3,3,4,1,2,3,3,2.54,31,25,FALSE
Male,Loyal Customer,46,Personal Travel,Eco,209,2,3,0,2,1,0,1,1,5,4,1,4,1,1.92,0,0,FALSE
Male,Loyal Customer,39,Personal Travel,Eco,2288,3,2,3,3,3,3,4,3,4,5,4,3,3,3.31,6,0,FALSE
Male,Loyal Customer,56,Business Travel,Business,325,4,4,4,4,5,5,4,4,4,4,4,3,4,4.08,6,5,TRUE
Male,Loyal Customer,70,Personal Travel,Business,413,2,5,2,3,2,5,5,5,5,2,5,4,3,3.69,0,0,FALSE
Male,Loyal Customer,30,Personal Travel,Eco Plus,761,2,4,2,3,2,2,2,2,4,4,2,2,2,2.54,0,0,FALSE
Male,Loyal Customer,55,Personal Travel,Eco,405,1,4,1,1,5,1,2,5,5,5,4,5,5,3.38,0,0,FALSE
Male,Loyal Customer,58,Business Travel,Eco,867,4,5,5,5,4,4,4,4,4,5,3,5,4,4.31,0,0,TRUE
Male,Loyal Customer,43,Business Travel,Business,229,4,4,4,4,4,4,5,5,5,5,5,4,3,4.31,0,0,TRUE
Female,Loyal Customer,68,Personal Travel,Eco,1069,3,4,3,4,2,5,4,5,5,3,5,3,1,3.62,0,0,FALSE
Female,Disloyal Customer,30,Business Travel,Eco,944,3,3,3,3,1,3,1,1,2,2,4,3,1,2.31,0,0,FALSE
Male,Loyal Customer,46,Business Travel,Business,2611,5,2,5,5,2,5,2,3,3,3,3,4,2,3.38,15,2,TRUE
Female,Loyal Customer,44,Business Travel,Business,986,1,1,5,1,3,5,4,3,3,4,3,5,3,3.15,35,68,TRUE
Male,Loyal Customer,58,Business Travel,Eco,550,3,5,2,5,3,3,3,3,3,2,3,2,3,3.08,0,0,FALSE
Female,Loyal Customer,49,Business Travel,Business,2279,3,3,3,3,5,5,5,4,3,3,4,5,5,3.92,0,6,TRUE
Female,Loyal Customer,54,Business Travel,Business,989,2,2,2,2,5,4,4,3,3,2,3,3,5,3.08,0,0,TRUE
Female,Disloyal Customer,51,Business Travel,Eco,508,4,2,3,4,3,3,3,3,1,2,5,2,3,2.92,4,0,TRUE
Male,Loyal Customer,42,Business Travel,Business,1697,1,1,1,1,5,5,5,3,3,4,3,5,3,3.08,59,55,TRUE
Female,Loyal Customer,43,Business Travel,Business,2795,5,5,5,5,2,5,5,5,5,5,5,3,5,4.62,0,2,TRUE
Male,Loyal Customer,57,Business Travel,Eco,406,2,4,2,2,3,2,3,3,3,3,3,1,3,2.62,0,0,FALSE
Female,Loyal Customer,8,Personal Travel,Eco,919,3,4,3,4,2,3,2,2,2,4,3,1,2,2.69,0,0,FALSE
Male,Loyal Customer,22,Business Travel,Business,1991,2,1,1,1,2,2,2,2,3,1,3,3,2,1.92,13,18,FALSE
Male,Loyal Customer,30,Business Travel,Business,1932,1,1,1,1,5,5,5,5,4,4,4,3,5,3.38,16,31,TRUE
Female,Loyal Customer,59,Personal Travel,Eco,929,2,4,2,3,2,5,4,1,1,2,1,4,3,2.62,0,0,FALSE
Female,Disloyal Customer,28,Business Travel,Business,432,1,1,1,4,3,1,3,3,5,5,4,3,3,2.85,6,39,FALSE
Female,Loyal Customer,68,Personal Travel,Eco,746,3,4,2,3,3,5,4,5,5,2,5,4,5,3.85,0,10,FALSE
Female,Loyal Customer,61,Personal Travel,Eco,237,3,5,0,3,3,5,5,5,5,0,5,4,3,3.54,0,0,FALSE
Male,Loyal Customer,39,Business Travel,Eco,550,5,2,2,2,5,5,5,5,3,5,3,3,5,3.85,89,73,TRUE
Female,Disloyal Customer,24,Business Travel,Eco Plus,530,4,4,4,3,3,4,4,3,4,3,4,3,3,3.54,21,32,FALSE
Male,Loyal Customer,48,Personal Travel,Eco,351,3,4,3,2,2,3,2,2,4,4,4,3,2,2.92,0,3,FALSE
Female,Loyal Customer,62,Business Travel,Business,306,1,1,1,1,2,2,3,1,1,1,1,2,2,1.46,10,5,FALSE
Male,Disloyal Customer,59,Business Travel,Eco,429,2,2,2,2,3,2,3,3,1,3,3,3,3,2.46,19,14,FALSE
Female,Loyal Customer,31,Business Travel,Business,2931,1,2,2,2,1,1,1,1,3,2,4,1,1,1.69,0,0,FALSE
Male,Loyal Customer,52,Business Travel,Business,2902,4,4,4,4,5,5,4,4,4,4,4,5,3,4.15,0,0,TRUE
Male,Disloyal Customer,41,Business Travel,Eco,115,5,5,5,5,3,5,1,3,3,5,1,1,3,3.46,0,0,TRUE
Male,Disloyal Customer,37,Business Travel,Eco,836,1,1,1,1,3,1,3,3,2,3,2,2,3,2,78,60,FALSE
Male,Loyal Customer,41,Business Travel,Eco,226,3,2,2,2,3,3,3,3,4,2,4,2,3,2.77,3,0,FALSE
Male,Loyal Customer,56,Business Travel,Business,2414,5,5,5,5,4,4,5,5,5,5,4,4,3,4.54,0,0,TRUE
Male,Loyal Customer,36,Business Travel,Eco,1215,4,4,4,4,4,4,4,4,4,4,2,5,4,3.92,0,0,TRUE
Female,Disloyal Customer,23,Business Travel,Eco Plus,429,4,5,4,4,2,4,2,2,3,5,3,4,2,3.38,0,0,FALSE
Male,Loyal Customer,47,Business Travel,Business,240,4,2,2,2,2,3,2,4,4,3,4,4,1,2.85,0,0,FALSE
Female,Loyal Customer,47,Business Travel,Business,3959,2,4,4,4,3,3,4,2,2,2,2,1,1,2.62,19,16,FALSE
Female,Loyal Customer,49,Personal Travel,Eco,533,2,4,2,2,4,4,5,5,5,2,5,3,4,3.62,0,3,FALSE
Male,Disloyal Customer,24,Business Travel,Eco,584,5,0,5,1,1,5,1,1,4,4,5,3,1,2.77,2,0,TRUE
Male,Loyal Customer,14,Business Travel,Eco,2677,4,3,3,3,4,5,4,3,1,3,2,4,4,3.31,12,65,TRUE
Male,Loyal Customer,25,Business Travel,Business,372,4,4,4,4,4,4,4,4,1,5,3,3,4,3.69,11,4,FALSE
Female,Loyal Customer,47,Business Travel,Business,3376,2,2,5,2,5,5,4,5,5,5,5,4,3,4,0,0,TRUE
Male,Loyal Customer,39,Business Travel,Eco,834,2,4,4,4,2,2,2,2,3,4,2,3,2,2.77,13,8,FALSE
Female,Loyal Customer,28,Business Travel,Business,1947,1,1,3,1,4,4,4,4,4,3,3,3,4,3,0,5,TRUE
Female,Loyal Customer,14,Personal Travel,Eco,305,4,5,4,2,3,4,3,3,4,5,4,2,3,3.54,0,0,FALSE
Female,Loyal Customer,60,Personal Travel,Eco,109,4,4,4,3,5,5,5,3,3,4,3,5,3,3.92,0,0,FALSE
Male,Loyal Customer,9,Personal Travel,Eco,1546,1,4,2,2,3,2,3,3,5,5,3,5,3,3.15,0,0,FALSE
Female,Loyal Customer,26,Personal Travel,Eco,503,3,5,3,1,5,3,5,5,5,3,5,3,5,3.92,36,39,FALSE
Female,Disloyal Customer,27,Business Travel,Eco,1009,4,4,4,3,3,4,1,3,2,4,1,4,3,3.08,0,4,TRUE
Female,Loyal Customer,15,Personal Travel,Eco,587,3,2,3,3,1,3,1,1,3,3,3,2,1,2.23,0,0,FALSE
Female,Loyal Customer,70,Personal Travel,Eco Plus,157,3,3,3,3,1,3,4,2,2,3,2,3,1,2.54,0,0,FALSE
Female,Loyal Customer,30,Business Travel,Business,2475,2,1,3,1,2,2,2,4,2,4,4,2,2,2.38,748,720,FALSE
Male,Loyal Customer,60,Personal Travel,Eco,419,3,4,3,3,3,1,1,1,5,4,1,1,1,2.38,209,256,FALSE
Female,Loyal Customer,42,Personal Travel,Eco,162,2,4,2,5,4,4,5,3,3,2,3,5,3,3.46,0,0,FALSE
Female,Loyal Customer,25,Business Travel,Business,895,1,3,1,1,1,1,1,1,3,4,4,4,1,2,38,34,FALSE
Male,Loyal Customer,43,Business Travel,Eco,447,3,2,2,2,3,3,3,3,4,2,5,3,3,2.92,0,7,TRUE
Male,Disloyal Customer,35,Business Travel,Eco,410,3,5,2,2,5,2,1,5,3,3,1,2,5,3,9,4,FALSE
Female,Loyal Customer,40,Personal Travel,Eco,502,2,5,2,1,4,2,4,4,4,3,4,5,4,3.38,0,0,FALSE
Female,Loyal Customer,58,Business Travel,Eco,674,3,4,4,4,3,3,3,4,4,3,4,4,3,3.54,14,18,FALSE
Female,Loyal Customer,42,Business Travel,Business,2874,4,4,4,4,1,4,4,5,5,5,5,3,2,3.85,2,0,TRUE
Male,Loyal Customer,10,Personal Travel,Eco,1009,3,4,3,2,1,3,1,1,1,4,1,2,1,2.08,10,0,FALSE
Female,Loyal Customer,27,Personal Travel,Eco,2139,1,5,1,5,5,1,5,5,4,3,3,3,5,3.54,34,3,FALSE
Female,Disloyal Customer,21,Business Travel,Business,1013,0,0,0,5,2,0,2,2,5,2,4,4,2,2.15,17,20,TRUE
Female,Loyal Customer,53,Business Travel,Eco Plus,209,4,4,4,4,2,3,1,4,4,4,4,3,4,3.46,0,0,TRUE
Male,Loyal Customer,63,Personal Travel,Eco,1416,3,3,2,3,2,2,2,2,2,2,5,4,2,2.62,0,0,FALSE
Male,Loyal Customer,23,Business Travel,Business,2831,3,1,3,1,3,3,3,3,4,4,3,1,3,2.69,0,0,FALSE
Male,Loyal Customer,62,Personal Travel,Eco,1235,2,3,3,3,4,3,2,4,3,3,2,1,4,2.85,57,50,FALSE
Male,Loyal Customer,43,Business Travel,Business,2804,2,2,5,2,3,4,5,5,5,5,5,3,4,3.85,3,3,TRUE
Male,Loyal Customer,27,Business Travel,Business,516,3,3,3,3,5,5,5,5,4,5,4,5,5,4.23,92,88,TRUE
Male,Disloyal Customer,44,Business Travel,Business,1844,3,3,3,1,4,3,1,4,5,2,4,3,4,3.08,15,0,FALSE
Male,Loyal Customer,27,Personal Travel,Eco,255,4,4,4,4,4,4,4,4,5,4,1,1,4,3.62,39,43,FALSE
Male,Loyal Customer,39,Business Travel,Eco,2350,5,3,3,3,5,5,5,5,2,3,5,4,5,4.08,0,0,TRUE
Male,Loyal Customer,40,Business Travel,Business,3907,4,4,4,4,5,1,1,4,4,4,4,4,2,3.46,0,1,TRUE
Male,Disloyal Customer,44,Business Travel,Eco,1409,4,4,4,3,3,4,3,3,2,5,3,2,3,3.31,0,0,FALSE
Female,Disloyal Customer,33,Business Travel,Eco Plus,2704,2,2,2,5,5,2,5,5,5,2,4,3,5,3.62,40,44,FALSE
Female,Loyal Customer,41,Business Travel,Business,3517,4,4,4,4,4,5,4,4,4,4,4,3,3,3.92,8,0,TRUE
Male,Disloyal Customer,35,Business Travel,Eco,1034,4,3,3,3,2,3,2,2,2,4,3,3,2,2.77,31,29,FALSE
Female,Loyal Customer,63,Personal Travel,Eco,90,4,5,0,5,2,2,2,4,4,0,4,2,3,2.85,2,0,TRUE
Female,Loyal Customer,42,Personal Travel,Eco,306,4,5,4,4,5,4,5,3,3,4,3,3,3,3.85,0,0,FALSE
Male,Disloyal Customer,42,Business Travel,Business,989,2,3,3,4,2,2,2,2,4,2,4,3,2,2.69,4,6,FALSE
Female,Loyal Customer,50,Business Travel,Business,432,1,2,2,2,5,4,3,1,1,1,1,1,1,1.92,2,26,FALSE
Female,Disloyal Customer,23,Business Travel,Eco,95,3,4,3,2,2,3,2,2,3,3,4,5,2,2.92,0,0,FALSE
Female,Loyal Customer,49,Business Travel,Business,3587,5,5,5,5,4,4,5,5,5,5,5,3,5,4.69,5,0,TRUE
Female,Disloyal Customer,26,Business Travel,Business,2182,2,2,2,3,4,2,4,4,4,4,3,5,4,3.31,0,0,FALSE
Male,Loyal Customer,38,Business Travel,Business,164,2,5,5,5,4,3,4,3,3,3,2,3,1,3.31,0,0,FALSE
Male,Loyal Customer,46,Personal Travel,Eco,472,1,3,1,1,4,1,4,4,3,1,2,2,4,2.38,14,5,FALSE
Male,Loyal Customer,42,Business Travel,Eco,641,2,5,3,5,2,2,2,2,3,3,4,4,2,3,40,34,FALSE
Female,Loyal Customer,47,Personal Travel,Eco,156,1,4,1,3,5,4,5,4,4,1,4,4,3,3.31,0,0,FALSE
Male,Loyal Customer,37,Personal Travel,Eco,950,2,2,2,3,4,2,4,4,2,1,3,1,4,2.62,0,0,FALSE
Female,Loyal Customer,58,Business Travel,Business,134,1,1,1,1,4,5,5,4,4,4,5,5,4,3.38,17,17,TRUE
Female,Loyal Customer,36,Business Travel,Eco,867,3,4,4,4,3,4,3,3,2,1,5,2,3,3.15,0,3,TRUE
Male,Loyal Customer,31,Business Travel,Business,3874,5,5,2,5,3,3,3,3,4,5,5,1,3,3.62,4,13,TRUE
Female,Loyal Customer,64,Business Travel,Business,1010,1,3,3,3,1,1,1,4,5,3,4,1,1,2.38,118,194,FALSE
Male,Loyal Customer,57,Business Travel,Business,334,1,1,1,1,5,5,4,4,4,4,4,4,5,3.31,0,3,TRUE
Male,Loyal Customer,59,Business Travel,Business,2021,3,3,3,3,5,4,4,4,4,4,4,5,5,3.92,0,0,TRUE
Female,Loyal Customer,45,Business Travel,Business,602,1,1,1,1,5,4,4,4,4,4,4,5,5,3.31,5,4,TRUE
Male,Loyal Customer,57,Business Travel,Business,806,4,4,4,4,4,5,4,4,4,4,4,3,5,4.08,0,0,TRUE
Female,Disloyal Customer,36,Business Travel,Business,882,2,2,2,3,4,2,4,4,4,2,5,4,4,3.23,23,19,FALSE
Female,Loyal Customer,43,Business Travel,Eco,843,4,2,2,2,1,3,4,4,4,4,4,3,4,3.15,0,0,FALSE
Male,Disloyal Customer,17,Business Travel,Eco,965,3,2,2,4,5,2,5,5,1,5,4,3,5,3.54,18,22,FALSE
Female,Disloyal Customer,17,Business Travel,Business,1747,4,0,4,4,1,4,1,1,3,2,4,4,1,2.54,0,0,TRUE
Female,Loyal Customer,56,Personal Travel,Eco,867,3,5,3,2,3,3,5,4,4,3,4,5,3,3.62,0,0,FALSE
Male,Loyal Customer,50,Personal Travel,Eco,1598,1,5,1,1,3,1,3,3,4,2,3,5,3,2.69,0,0,FALSE
Female,Loyal Customer,47,Personal Travel,Eco,844,2,5,3,3,2,5,5,3,3,3,3,5,5,3.62,0,0,FALSE
Male,Loyal Customer,33,Personal Travel,Eco,255,2,1,2,3,2,2,2,2,1,4,3,2,2,2.15,0,0,FALSE
Female,Loyal Customer,37,Business Travel,Eco,258,1,2,2,2,1,1,1,1,3,3,4,2,1,1.85,15,15,FALSE
Male,Disloyal Customer,24,Business Travel,Eco,566,4,1,4,2,5,4,5,5,4,2,3,3,5,3.62,0,0,FALSE
Female,Loyal Customer,63,Personal Travel,Business,365,3,5,3,2,3,5,5,4,2,4,5,5,5,3.92,174,188,FALSE
Female,Loyal Customer,39,Personal Travel,Eco,369,5,3,5,3,5,5,5,5,2,4,3,3,5,4.08,0,0,TRUE
Male,Disloyal Customer,36,Business Travel,Business,1737,1,1,1,3,1,1,1,1,4,5,4,4,1,2.15,0,0,FALSE
Male,Loyal Customer,57,Business Travel,Business,2590,1,4,4,4,2,3,3,1,1,1,1,1,4,2.31,66,62,FALSE
Female,Loyal Customer,47,Business Travel,Business,2556,3,3,4,3,4,5,5,5,5,5,5,3,3,4.08,0,0,TRUE
Male,Loyal Customer,55,Business Travel,Business,733,1,1,5,1,5,4,4,3,3,3,3,3,4,3.08,0,0,TRUE
Female,Loyal Customer,57,Business Travel,Eco Plus,531,3,1,1,1,4,3,3,3,3,3,3,3,4,2.69,0,0,FALSE
Male,Disloyal Customer,34,Business Travel,Eco,624,3,0,3,1,2,3,2,2,4,4,1,2,2,2.23,0,0,FALSE
Female,Loyal Customer,48,Business Travel,Business,1220,5,5,5,5,2,1,2,5,5,5,5,3,4,4,0,0,TRUE
Male,Loyal Customer,59,Business Travel,Business,3570,0,0,0,2,2,5,4,3,3,3,3,4,3,2.46,0,0,TRUE
Male,Loyal Customer,37,Business Travel,Eco Plus,110,4,3,4,3,4,4,4,4,1,4,4,5,4,3.69,0,0,TRUE
Male,Loyal Customer,41,Business Travel,Business,1768,4,4,4,4,5,5,4,4,4,4,4,3,4,4.08,0,0,TRUE
Male,Loyal Customer,22,Business Travel,Business,630,2,2,2,2,2,2,2,2,3,5,3,2,2,2.38,6,23,FALSE
Female,Disloyal Customer,38,Business Travel,Business,305,2,2,2,3,1,2,1,1,4,2,5,5,1,2.38,0,0,FALSE
Female,Loyal Customer,44,Personal Travel,Eco,1216,1,3,1,3,1,2,3,5,5,1,5,1,1,2.46,23,0,FALSE
Female,Loyal Customer,50,Business Travel,Eco,771,4,2,2,2,3,3,4,4,4,4,4,2,3,3.15,66,125,TRUE
Female,Loyal Customer,66,Business Travel,Business,3393,1,1,1,1,3,2,2,4,4,4,4,2,4,2.54,0,0,TRUE
Male,Loyal Customer,23,Personal Travel,Eco,325,1,2,1,4,2,1,2,2,1,2,3,3,2,2,34,18,FALSE
Male,Loyal Customer,40,Business Travel,Business,2248,4,4,4,4,2,3,5,5,5,5,5,3,4,4.08,0,5,TRUE
Male,Loyal Customer,55,Personal Travel,Eco,1372,4,5,4,3,4,4,2,4,3,5,5,5,4,4,0,0,FALSE
Female,Loyal Customer,46,Business Travel,Business,3109,2,2,2,2,5,2,3,2,2,2,2,2,4,2.46,0,0,FALSE
Female,Loyal Customer,48,Personal Travel,Eco,2762,5,0,5,3,5,2,2,2,1,4,5,2,2,2.92,0,16,TRUE
Female,Loyal Customer,40,Business Travel,Business,1464,4,4,4,4,5,5,5,4,4,3,4,3,4,4.08,0,0,TRUE
Female,Loyal Customer,44,Business Travel,Business,3357,1,1,1,1,3,4,5,4,4,4,4,5,3,3.08,7,10,TRUE
Female,Loyal Customer,49,Personal Travel,Eco,646,2,4,2,4,2,4,4,5,5,2,5,5,5,3.77,0,0,FALSE
Male,Disloyal Customer,72,Business Travel,Eco,244,1,2,1,3,3,1,2,3,1,2,4,2,3,2.15,0,0,FALSE
Male,Loyal Customer,15,Business Travel,Business,2730,1,3,5,5,1,1,1,1,2,2,4,4,1,2.38,0,0,FALSE
Female,Loyal Customer,66,Personal Travel,Eco,550,2,0,2,1,3,5,4,4,4,2,4,3,5,3,3,1,FALSE
Male,Loyal Customer,50,Personal Travel,Eco,600,4,2,4,4,1,4,4,1,3,2,3,3,1,2.77,0,0,TRUE
Male,Loyal Customer,49,Personal Travel,Eco,541,1,5,1,1,4,1,4,4,5,2,5,3,4,3.08,0,0,FALSE
Female,Disloyal Customer,25,Business Travel,Eco,954,3,3,3,4,5,3,5,5,4,5,4,4,5,4.08,20,0,FALSE
Male,Loyal Customer,44,Business Travel,Business,2408,4,4,4,4,3,4,5,3,3,4,3,3,5,3.77,0,4,TRUE
Male,Loyal Customer,25,Personal Travel,Eco,432,2,2,2,2,2,2,3,2,3,2,3,2,2,2.23,80,92,FALSE
Male,Loyal Customer,21,Personal Travel,Eco Plus,1235,1,1,0,3,4,0,4,4,2,4,4,1,4,2.46,0,0,FALSE
Female,Disloyal Customer,50,Business Travel,Eco,528,3,0,3,4,2,3,3,2,3,4,2,4,2,2.69,0,0,FALSE
Male,Loyal Customer,11,Personal Travel,Business,950,3,3,3,2,4,3,4,4,1,1,4,1,4,2.85,95,,FALSE
Male,Loyal Customer,21,Business Travel,Business,1975,5,5,5,5,5,4,5,5,5,5,4,4,5,4.77,119,104,TRUE
Female,Loyal Customer,43,Business Travel,Business,2341,2,2,2,2,5,4,4,4,4,4,4,4,4,3.46,0,17,TRUE
Female,Disloyal Customer,25,Business Travel,Eco Plus,1728,3,2,3,2,3,3,3,3,4,2,2,1,3,2.62,0,0,FALSE
Male,Loyal Customer,23,Business Travel,Business,1921,2,2,2,2,4,4,4,4,3,2,4,4,4,3.15,0,0,TRUE
Female,Loyal Customer,31,Business Travel,Business,3370,3,1,1,1,3,3,3,3,2,1,2,2,3,2.15,56,50,FALSE
Female,Disloyal Customer,20,Business Travel,Eco,612,0,0,0,4,2,0,2,2,3,4,5,5,2,2.23,2,3,TRUE
Male,Loyal Customer,51,Business Travel,Business,2475,1,1,1,1,3,4,5,5,5,5,5,3,5,3.38,0,10,TRUE
Female,Disloyal Customer,22,Business Travel,Eco,356,1,1,1,4,1,1,1,1,3,4,3,2,1,1.85,26,9,FALSE
Female,Disloyal Customer,25,Business Travel,Business,600,3,0,3,1,5,3,4,5,4,4,4,4,5,3.46,0,0,FALSE
Male,Loyal Customer,54,Business Travel,Business,377,3,3,5,3,4,4,4,4,4,4,4,4,3,3.77,0,0,TRUE
Female,Disloyal Customer,59,Business Travel,Business,190,2,2,2,2,5,2,1,5,3,3,4,3,5,3,55,74,FALSE
Male,Loyal Customer,34,Personal Travel,Eco,536,1,4,1,3,2,1,5,2,4,3,5,3,2,2.77,0,0,FALSE
Male,Loyal Customer,44,Business Travel,Business,2823,4,4,4,4,4,4,3,4,4,3,4,3,3,3.69,0,0,TRUE
Female,Loyal Customer,49,Business Travel,Business,1464,3,1,3,3,3,4,5,4,4,4,4,4,4,3.54,4,0,TRUE
Female,Loyal Customer,66,Personal Travel,Eco,308,2,3,2,1,4,4,3,3,3,2,3,5,5,3.08,0,0,FALSE
Male,Loyal Customer,44,Personal Travel,Eco Plus,1916,2,4,3,3,4,3,3,4,1,2,5,4,4,3.23,0,0,FALSE
Female,Loyal Customer,50,Business Travel,Business,2002,1,1,1,1,5,1,1,5,5,5,5,1,4,2.77,0,6,TRUE
Female,Loyal Customer,20,Personal Travel,Eco,187,4,4,4,2,1,4,1,1,4,3,5,3,1,2.85,0,0,TRUE
Female,Loyal Customer,42,Business Travel,Business,3264,2,2,2,2,4,5,5,5,5,5,5,3,5,3.85,0,0,TRUE
Male,Loyal Customer,53,Business Travel,Business,667,3,2,3,3,2,5,4,4,4,4,4,4,5,3.62,0,0,TRUE
Female,Loyal Customer,34,Personal Travel,Eco,1024,3,3,3,4,5,3,5,5,2,5,3,1,5,3.62,0,0,FALSE
Female,Loyal Customer,39,Business Travel,Eco,1016,4,5,5,5,4,4,4,4,4,2,3,2,4,3.85,0,0,TRUE
Female,Disloyal Customer,63,Business Travel,Eco,796,2,2,2,3,2,4,3,3,4,3,3,3,3,2.85,57,62,FALSE
Male,Loyal Customer,44,Business Travel,Business,2677,2,2,2,2,2,3,4,5,5,5,5,1,2,3.08,0,0,TRUE
Female,Loyal Customer,43,Business Travel,Business,3681,1,1,2,1,3,4,5,4,4,5,4,3,5,3.23,14,10,TRUE
Male,Loyal Customer,54,Business Travel,Business,321,3,4,4,4,5,3,3,3,3,3,3,4,4,3.54,0,3,FALSE
Male,Loyal Customer,41,Business Travel,Business,546,2,2,2,2,5,4,5,5,5,5,5,3,5,3.85,0,0,TRUE
Male,Disloyal Customer,39,Business Travel,Eco,872,1,0,0,1,2,0,2,2,3,5,3,5,2,2,18,36,FALSE
Male,Loyal Customer,44,Business Travel,Business,116,3,3,3,3,4,4,1,5,5,5,5,5,4,3.85,16,25,TRUE
Male,Loyal Customer,36,Personal Travel,Eco,2475,4,4,4,3,4,3,3,1,4,4,4,3,3,3.38,32,32,FALSE
Female,Disloyal Customer,25,Business Travel,Business,226,0,0,0,1,1,0,1,1,4,2,5,4,1,1.54,0,0,TRUE
Female,Loyal Customer,52,Personal Travel,Eco,529,1,3,1,3,4,4,4,1,1,1,4,3,4,2.62,42,28,FALSE
Female,Loyal Customer,43,Business Travel,Business,1999,0,5,0,1,3,2,5,2,2,2,2,2,4,2.31,4,22,TRUE
Male,Loyal Customer,45,Personal Travel,Eco,589,4,4,4,2,5,4,5,5,4,2,5,3,5,4,0,0,FALSE
Male,Loyal Customer,55,Personal Travel,Eco,457,5,5,5,3,1,5,1,1,4,2,5,2,1,3.08,0,3,TRUE
Male,Loyal Customer,57,Business Travel,Business,3123,5,5,5,5,5,4,4,4,4,4,4,3,3,4.23,0,0,TRUE
Male,Disloyal Customer,23,Business Travel,Eco,2454,3,3,3,1,3,2,3,5,5,4,4,3,3,3.23,3,24,FALSE
Male,Loyal Customer,51,Business Travel,Business,2179,5,5,2,5,2,5,5,4,4,4,4,4,3,4,0,0,TRUE
Female,Loyal Customer,61,Personal Travel,Eco,1744,4,2,4,3,1,4,4,5,5,4,5,2,1,3.38,96,91,FALSE
Female,Loyal Customer,17,Personal Travel,Eco,597,3,0,3,3,4,3,4,4,2,1,4,1,4,2.77,0,0,FALSE
Male,Loyal Customer,68,Personal Travel,Eco,130,1,5,1,1,4,1,4,4,3,4,5,5,4,3.23,0,0,FALSE
Male,Loyal Customer,69,Business Travel,Eco Plus,251,4,4,2,4,4,4,4,4,4,1,3,1,4,3.31,0,0,FALSE
Male,Loyal Customer,53,Business Travel,Eco,595,2,5,5,5,2,2,2,2,1,5,3,3,2,3,14,42,FALSE
Female,Loyal Customer,53,Business Travel,Business,1849,3,3,3,3,2,4,4,3,3,4,3,4,4,3.31,0,6,TRUE
Male,Loyal Customer,45,Personal Travel,Eco,1371,2,5,2,2,5,2,5,5,4,4,5,5,5,3.92,0,0,FALSE
Female,Loyal Customer,48,Business Travel,Business,3924,3,3,3,3,3,5,5,5,5,5,5,5,3,4.08,61,45,TRUE
Female,Loyal Customer,43,Business Travel,Eco,1013,1,2,2,2,2,3,3,1,1,1,1,4,2,1.92,0,0,FALSE
Male,Loyal Customer,36,Business Travel,Business,1712,1,1,1,1,3,3,1,5,5,5,5,4,4,3,0,0,TRUE
Male,Loyal Customer,25,Personal Travel,Eco,1199,2,1,2,4,1,2,1,1,4,4,3,4,1,2.31,27,64,FALSE
Male,Loyal Customer,21,Business Travel,Business,1910,5,5,5,5,3,4,3,3,5,3,4,5,3,4.08,0,0,TRUE
Male,Disloyal Customer,26,Business Travel,Eco,337,2,1,2,2,1,2,1,1,4,3,2,3,1,1.92,1,0,FALSE
Male,Loyal Customer,35,Business Travel,Business,2613,4,2,3,2,1,4,4,1,1,1,4,1,1,2.23,78,62,FALSE
Female,Disloyal Customer,51,Personal Travel,Eco,978,3,5,3,2,5,3,5,5,5,2,5,3,5,3.92,2,20,FALSE
Female,Loyal Customer,24,Personal Travel,Eco,484,3,0,3,5,3,3,3,3,4,5,4,3,3,3.23,20,0,FALSE
Female,Loyal Customer,23,Personal Travel,Eco,550,1,1,1,3,2,1,2,2,2,3,4,3,2,2.08,31,24,FALSE
Female,Disloyal Customer,23,Business Travel,Business,429,0,0,0,5,2,0,1,2,3,3,4,3,2,1.92,2,3,TRUE
Male,Loyal Customer,33,Business Travel,Business,3600,2,2,4,2,5,5,5,5,4,4,1,3,5,3.62,0,0,TRUE
Male,Loyal Customer,44,Personal Travel,Eco,308,2,4,2,3,3,2,1,3,3,3,5,3,3,2.85,6,0,FALSE
Female,Loyal Customer,50,Business Travel,Business,1947,3,3,3,3,4,4,4,4,4,4,4,3,5,3.69,0,0,TRUE
Female,Loyal Customer,58,Personal Travel,Eco,853,3,3,3,2,4,5,5,1,1,3,1,3,4,2.92,0,0,FALSE
Female,Disloyal Customer,20,Business Travel,Business,746,4,3,4,3,5,4,1,5,4,5,4,5,5,4,16,0,TRUE
Male,Loyal Customer,28,Business Travel,Eco Plus,647,1,1,1,1,1,1,1,1,2,3,3,2,1,1.46,0,0,FALSE
Female,Loyal Customer,36,Personal Travel,Business,577,4,5,4,1,4,5,4,1,1,4,1,5,4,3.31,0,6,FALSE
Female,Loyal Customer,40,Business Travel,Business,2110,2,2,2,2,5,4,5,4,4,4,4,3,3,3.38,0,0,TRUE
Female,Loyal Customer,67,Business Travel,Business,2796,2,1,1,1,1,3,3,3,3,3,2,4,3,2.31,0,0,FALSE
Male,Loyal Customer,7,Personal Travel,Eco,308,2,5,2,5,5,2,5,5,5,4,4,5,5,4.15,0,0,FALSE
Male,Disloyal Customer,27,Business Travel,Eco,1059,2,2,2,3,2,2,2,2,5,3,5,5,2,2.85,41,60,FALSE
Male,Disloyal Customer,23,Business Travel,Eco,558,0,0,0,3,3,0,3,3,4,4,1,4,3,2.15,0,0,TRUE
Male,Disloyal Customer,25,Business Travel,Business,812,3,0,3,1,1,3,1,1,5,5,5,4,1,2.54,0,0,FALSE
Female,Loyal Customer,45,Personal Travel,Eco,618,2,5,2,2,3,4,5,3,3,2,3,4,4,3.23,0,0,FALSE
Female,Loyal Customer,52,Business Travel,Business,991,3,3,3,3,5,4,5,3,3,3,3,4,4,3.54,0,0,TRUE
Female,Loyal Customer,69,Personal Travel,Eco,919,3,5,3,4,2,5,5,5,5,3,5,3,4,4,72,55,FALSE
Male,Disloyal Customer,26,Business Travel,Business,1084,4,4,4,1,2,4,2,2,5,4,5,5,2,3.38,3,16,TRUE
Male,Loyal Customer,55,Business Travel,Eco Plus,338,4,5,5,5,4,4,4,4,4,1,5,3,4,4,0,0,TRUE
Male,Disloyal Customer,28,Business Travel,Eco,834,3,3,3,3,2,3,2,2,4,1,3,2,2,2.54,0,1,FALSE
Male,Loyal Customer,8,Personal Travel,Eco Plus,264,3,3,3,4,4,3,4,4,2,5,4,3,4,3.54,0,0,FALSE
Female,Loyal Customer,44,Business Travel,Eco,867,4,4,4,4,1,4,5,4,4,4,4,3,4,3.77,0,3,TRUE
Female,Disloyal Customer,37,Business Travel,Business,125,3,3,3,3,5,3,4,5,5,4,5,4,5,4,0,0,FALSE
Male,Loyal Customer,60,Business Travel,Eco,283,3,1,1,1,3,3,3,3,4,3,4,4,3,2.77,42,32,FALSE
Male,Loyal Customer,49,Business Travel,Eco Plus,546,4,3,3,3,4,4,4,4,2,5,3,3,4,3.54,0,0,TRUE
Male,Loyal Customer,57,Business Travel,Business,911,3,3,3,3,5,2,5,4,4,4,4,5,3,3.69,5,0,TRUE
Female,Loyal Customer,42,Business Travel,Business,290,0,0,0,3,5,3,3,2,2,2,2,5,1,2.15,0,0,TRUE
Male,Loyal Customer,62,Personal Travel,Eco,534,1,4,1,3,1,1,4,1,5,4,4,5,1,2.69,7,0,FALSE
Female,Loyal Customer,51,Business Travel,Business,1010,1,4,4,4,3,4,3,1,1,1,1,3,2,2.46,35,28,FALSE
Male,Loyal Customer,29,Business Travel,Eco,1192,1,3,4,3,1,1,1,1,3,4,4,4,1,2.38,23,20,FALSE
Female,Loyal Customer,59,Business Travel,Business,1947,4,4,4,4,5,3,4,4,4,4,4,3,3,3.85,46,75,TRUE
Female,Loyal Customer,20,Personal Travel,Eco,867,4,5,3,3,2,3,4,2,5,4,5,1,2,3.31,0,3,FALSE
Female,Loyal Customer,38,Business Travel,Business,486,1,1,2,1,2,4,4,5,5,5,5,5,4,3.38,11,2,TRUE
Female,Loyal Customer,13,Personal Travel,Business,251,1,2,0,4,1,0,1,1,3,5,3,4,1,2,4,0,FALSE
Female,Loyal Customer,51,Personal Travel,Eco,919,2,4,3,1,3,4,5,4,4,3,4,4,5,3.54,4,8,FALSE
Female,Loyal Customer,70,Personal Travel,Eco,447,3,5,3,5,3,5,5,4,4,3,4,4,4,4,0,0,FALSE
Female,Disloyal Customer,21,Business Travel,Eco,325,5,0,4,2,5,4,5,5,5,4,5,4,5,4.08,0,0,TRUE
Male,Disloyal Customer,22,Business Travel,Business,293,0,5,1,1,5,1,5,5,3,2,5,3,5,3.15,12,3,TRUE
Male,Loyal Customer,53,Business Travel,Eco Plus,1014,4,3,3,3,4,4,4,4,4,4,2,5,4,3.69,39,38,TRUE
Male,Loyal Customer,34,Business Travel,Business,1024,4,4,4,4,2,5,4,3,3,4,3,5,5,3.85,39,41,TRUE
Male,Disloyal Customer,43,Business Travel,Business,680,2,2,2,1,3,2,5,3,4,4,5,5,3,3.15,0,0,FALSE
Female,Loyal Customer,32,Business Travel,Business,2213,3,3,3,3,2,2,2,2,3,5,2,5,2,2.85,6,0,TRUE
Male,Loyal Customer,42,Business Travel,Eco,1521,2,1,1,1,2,2,2,2,1,1,3,1,2,1.62,0,0,FALSE
Female,Loyal Customer,46,Business Travel,Eco,102,4,4,4,4,4,5,3,4,4,4,4,3,1,3.69,0,1,TRUE
Male,Loyal Customer,32,Personal Travel,Eco,163,3,3,3,3,5,3,5,5,4,1,3,4,5,3.62,0,0,FALSE
Female,Loyal Customer,23,Business Travel,Business,1629,2,2,2,2,3,3,3,3,2,5,1,2,3,2.54,5,12,TRUE
Male,Loyal Customer,38,Personal Travel,Eco Plus,254,1,3,0,2,2,0,2,2,2,2,2,3,2,1.77,0,0,FALSE
Male,Loyal Customer,48,Business Travel,Business,1533,1,1,4,1,2,5,5,4,4,4,4,5,5,3.46,0,0,TRUE
Female,Disloyal Customer,30,Business Travel,Eco,671,3,3,3,1,4,3,4,4,2,1,3,3,4,2.92,0,0,FALSE
Female,Loyal Customer,31,Business Travel,Business,696,3,3,3,3,4,4,4,4,3,3,3,2,4,3.31,0,0,TRUE
Female,Disloyal Customer,33,Business Travel,Business,562,2,2,2,2,5,2,5,5,3,3,5,3,5,3.38,0,0,FALSE
Male,Loyal Customer,8,Personal Travel,Eco,455,1,4,1,4,4,1,4,4,5,2,4,4,4,3.23,15,8,FALSE
Male,Loyal Customer,35,Personal Travel,Eco,644,3,5,3,5,1,3,1,1,3,2,4,5,1,2.85,0,0,FALSE
Female,Loyal Customer,14,Personal Travel,Eco,746,1,4,1,5,2,1,2,2,4,5,5,4,2,2.92,116,126,FALSE
Female,Loyal Customer,55,Business Travel,Eco,234,3,4,4,4,5,2,1,3,3,3,3,1,5,3.15,61,,TRUE
Male,Loyal Customer,28,Business Travel,Eco,900,4,1,1,1,4,4,4,4,4,4,4,4,4,3.31,0,0,TRUE
Female,Loyal Customer,45,Business Travel,Business,722,3,3,3,3,2,5,5,4,4,4,4,3,5,3.69,0,0,TRUE
Male,Loyal Customer,47,Business Travel,Business,2629,2,2,2,2,5,3,3,5,5,5,3,5,3,3.46,0,0,TRUE
Female,Loyal Customer,54,Personal Travel,Eco,1565,4,4,5,3,2,4,5,1,1,5,1,3,5,3.31,17,29,FALSE
Female,Disloyal Customer,27,Business Travel,Business,214,2,1,1,2,4,1,4,4,5,3,5,5,4,3.15,0,0,FALSE
Male,Loyal Customer,41,Business Travel,Business,1773,3,3,3,3,3,5,4,5,5,5,5,5,4,4.08,0,6,TRUE
Male,Loyal Customer,34,Personal Travel,Eco,459,1,5,1,2,3,1,3,3,5,5,4,5,3,3.15,0,0,FALSE
Male,Loyal Customer,44,Business Travel,Eco,546,2,5,5,5,3,2,3,3,1,5,3,3,3,3.31,12,2,FALSE
Female,Loyal Customer,58,Business Travel,Business,2850,3,5,3,3,2,4,4,2,2,2,2,3,4,3,15,12,TRUE
Female,Disloyal Customer,22,Business Travel,Eco,1325,3,3,3,1,4,3,4,4,4,4,4,5,4,3.54,0,0,FALSE
Male,Loyal Customer,25,Business Travel,Eco Plus,353,4,1,1,1,4,4,4,4,3,4,5,2,4,3.15,0,0,TRUE
Male,Loyal Customer,19,Personal Travel,Eco,109,3,4,3,2,3,3,3,3,5,4,5,4,3,3.46,0,0,FALSE
Female,Disloyal Customer,44,Business Travel,Business,783,3,3,3,4,4,3,4,4,5,3,4,4,4,3.69,0,0,FALSE
Female,Loyal Customer,36,Business Travel,Business,396,2,4,4,4,2,4,3,2,2,2,2,4,4,3,87,83,FALSE
Female,Disloyal Customer,23,Business Travel,Eco,1149,3,3,3,2,1,3,1,1,3,2,4,3,1,2.31,0,0,FALSE
Female,Loyal Customer,35,Business Travel,Business,1660,4,5,4,4,4,5,4,5,5,5,5,5,3,4.46,0,0,TRUE
Female,Loyal Customer,44,Business Travel,Business,1842,1,5,5,5,1,3,3,1,1,1,1,1,2,2.31,6,0,FALSE
Female,Loyal Customer,59,Business Travel,Business,1562,3,3,3,3,5,5,4,5,5,4,5,4,4,4.08,2,0,TRUE
Male,Loyal Customer,39,Business Travel,Business,1956,4,4,3,4,3,4,4,3,3,3,3,5,5,3.69,5,0,TRUE
Male,Loyal Customer,51,Business Travel,Business,361,3,3,3,3,5,4,4,4,4,4,4,5,4,3.85,1,0,TRUE
Male,Loyal Customer,54,Business Travel,Eco,563,5,4,4,4,5,5,5,5,4,2,3,4,5,4.23,27,63,TRUE
Female,Loyal Customer,57,Business Travel,Business,2182,4,4,4,4,3,5,4,4,4,4,4,3,4,3.92,0,0,TRUE
Female,Loyal Customer,42,Business Travel,Eco,604,2,4,4,4,3,2,1,2,2,2,2,2,3,2.54,0,0,FALSE
Female,Loyal Customer,25,Business Travel,Business,3380,3,4,4,4,3,3,3,3,1,5,2,4,3,3.23,18,12,FALSE
Male,Loyal Customer,29,Personal Travel,Eco,1192,2,4,2,5,3,2,1,3,1,1,5,5,3,2.85,54,43,FALSE
Female,Loyal Customer,27,Business Travel,Business,1074,1,1,1,1,5,5,5,5,1,4,3,1,5,2.92,0,0,TRUE
Female,Loyal Customer,47,Business Travel,Business,184,1,1,1,1,3,4,5,4,4,4,5,5,3,3.15,4,0,TRUE
Male,Loyal Customer,41,Personal Travel,Eco,646,4,4,4,3,2,4,2,2,1,4,4,1,2,2.85,0,0,TRUE
Male,Loyal Customer,54,Business Travel,Business,1587,5,5,5,5,5,5,5,4,4,4,4,5,4,4.62,26,33,TRUE
Male,Loyal Customer,58,Personal Travel,Eco,1139,2,3,2,2,1,2,1,1,3,1,5,4,1,2.15,0,22,FALSE
Male,Disloyal Customer,36,Business Travel,Business,345,1,1,1,4,1,1,1,1,4,5,4,2,1,2.08,0,0,FALSE
Male,Loyal Customer,59,Personal Travel,Eco Plus,457,2,3,2,3,1,2,1,1,3,3,3,1,1,2,34,37,FALSE
Female,Loyal Customer,57,Business Travel,Business,226,0,0,0,4,2,5,4,2,2,2,2,4,3,2.31,0,0,TRUE
Female,Loyal Customer,38,Business Travel,Eco Plus,116,1,2,2,2,1,2,1,1,3,1,4,3,1,1.85,0,0,FALSE
Male,Loyal Customer,44,Business Travel,Business,2497,0,4,0,2,4,5,4,1,1,1,1,3,5,2.38,0,0,TRUE
Male,Loyal Customer,48,Business Travel,Business,427,3,3,3,3,3,4,5,4,4,5,4,3,5,3.77,0,0,TRUE
Female,Disloyal Customer,23,Business Travel,Eco,846,2,2,2,4,5,2,4,5,1,1,3,4,5,3.08,0,0,FALSE
Male,Loyal Customer,62,Personal Travel,Eco Plus,328,4,2,4,3,4,4,3,4,3,3,4,1,4,3.31,0,0,FALSE
Male,Loyal Customer,48,Business Travel,Business,306,5,5,5,5,3,4,4,5,5,5,5,4,3,4.46,0,9,TRUE
Male,Loyal Customer,35,Business Travel,Eco,770,3,4,5,4,3,3,3,3,2,3,4,5,3,3.46,3,0,TRUE
Male,Loyal Customer,52,Business Travel,Business,321,2,4,4,4,1,3,3,2,2,2,2,2,3,2.62,0,0,FALSE
Female,Disloyal Customer,26,Business Travel,Business,407,4,4,4,4,2,4,2,2,3,2,5,4,2,3.23,0,0,TRUE
Female,Disloyal Customer,34,Business Travel,Business,373,1,1,1,5,1,1,1,1,4,3,4,5,1,2.23,9,11,FALSE
Female,Disloyal Customer,30,Business Travel,Eco Plus,2504,3,3,3,4,3,5,3,1,2,2,3,3,3,2.92,8,20,FALSE
Male,Loyal Customer,17,Business Travel,Eco Plus,529,3,2,2,2,3,4,5,3,1,3,1,2,3,2.62,24,15,TRUE
Male,Loyal Customer,43,Business Travel,Business,227,1,1,3,1,5,5,3,4,4,4,4,4,5,3.38,1,5,TRUE
Male,Loyal Customer,66,Personal Travel,Eco,1189,2,3,2,4,1,2,1,1,3,4,3,2,1,2.23,0,0,FALSE
Female,Loyal Customer,32,Business Travel,Business,642,1,3,3,3,1,1,1,1,4,1,3,3,1,2,0,0,FALSE
Male,Loyal Customer,49,Business Travel,Business,2999,5,5,5,5,3,4,5,4,4,4,4,4,5,4.38,0,0,TRUE
Male,Loyal Customer,20,Personal Travel,Eco,1721,2,4,2,5,1,2,1,1,5,4,4,5,1,2.85,20,0,FALSE
Male,Loyal Customer,37,Business Travel,Business,191,3,1,1,1,3,4,4,3,3,3,3,1,3,2.54,8,45,FALSE
Male,Loyal Customer,44,Business Travel,Business,236,5,5,5,5,4,5,5,5,5,5,5,5,4,4.85,15,46,TRUE
Male,Loyal Customer,54,Business Travel,Business,3162,4,4,4,4,4,1,4,4,4,4,4,5,1,3.62,0,0,TRUE
Male,Disloyal Customer,21,Business Travel,Business,1108,4,5,4,2,4,4,4,4,3,4,4,4,4,3.85,0,0,TRUE
Male,Loyal Customer,17,Business Travel,Business,2177,3,3,3,3,4,4,4,4,3,1,1,4,4,3.15,6,0,TRUE
Male,Disloyal Customer,18,Business Travel,Eco,534,1,1,1,1,4,1,4,4,4,2,2,4,4,2.54,0,0,FALSE
Female,Loyal Customer,30,Business Travel,Business,2321,3,3,3,3,5,5,5,5,2,1,4,1,5,3.46,2,0,TRUE
Female,Loyal Customer,36,Personal Travel,Eco,251,1,4,1,1,1,1,1,1,4,3,2,4,1,1.92,0,0,FALSE
Male,Loyal Customer,21,Personal Travel,Eco,2404,1,4,1,2,3,1,3,3,5,1,3,3,3,2.54,0,0,FALSE
Male,Loyal Customer,28,Business Travel,Business,2151,1,3,3,3,1,2,1,1,1,4,4,2,1,2.08,95,82,FALSE
Male,Loyal Customer,48,Business Travel,Business,2607,4,4,4,4,5,4,5,5,5,5,5,3,5,4.46,0,0,TRUE
Male,Disloyal Customer,35,Business Travel,Eco Plus,864,3,3,3,4,2,3,2,2,1,2,4,3,2,2.62,21,7,FALSE
Female,Loyal Customer,50,Personal Travel,Eco,432,4,5,4,4,4,4,5,4,4,4,4,5,3,4.15,1,10,FALSE
Female,Loyal Customer,14,Personal Travel,Eco,273,2,4,2,1,3,2,5,3,2,1,4,2,3,2.62,0,0,FALSE
Female,Loyal Customer,45,Business Travel,Business,2038,5,5,5,5,5,4,4,4,4,5,4,5,4,4.54,17,9,TRUE
Male,Loyal Customer,60,Personal Travel,Eco,192,3,5,3,2,1,3,1,1,3,4,5,5,1,2.85,7,1,FALSE
Female,Disloyal Customer,34,Business Travel,Eco,240,2,2,2,3,2,2,2,2,1,5,3,1,2,2.23,0,0,FALSE
Female,Loyal Customer,43,Personal Travel,Eco,759,2,5,3,3,4,4,4,2,2,3,2,3,4,3.15,0,0,FALSE
Female,Loyal Customer,60,Business Travel,Eco,283,1,1,1,1,5,3,3,1,1,1,1,2,1,1.69,2,4,FALSE
Male,Loyal Customer,12,Personal Travel,Eco,1521,2,4,2,3,3,2,3,3,4,3,3,5,3,3.08,32,34,FALSE
Male,Loyal Customer,48,Business Travel,Eco,2355,4,1,2,2,4,4,4,4,4,3,4,1,4,3.15,0,0,TRUE
Male,Loyal Customer,46,Business Travel,Business,2475,1,1,1,1,3,5,4,5,5,5,5,4,3,3.31,2,0,TRUE
Male,Loyal Customer,29,Personal Travel,Eco,334,2,5,2,5,2,2,2,2,5,4,5,4,2,3.23,0,0,FALSE
Male,Loyal Customer,15,Personal Travel,Eco,912,2,5,2,4,3,2,3,3,4,5,4,5,3,3.46,4,0,FALSE
Female,Loyal Customer,38,Business Travel,Business,2030,3,3,5,3,5,4,3,4,4,4,4,1,3,3.54,12,16,TRUE
Male,Loyal Customer,47,Business Travel,Eco Plus,459,2,2,5,5,2,2,2,2,1,3,5,1,2,2.62,0,0,TRUE
Female,Loyal Customer,44,Personal Travel,Eco,528,2,3,2,1,5,4,1,3,3,2,3,3,3,2.69,9,0,FALSE
Female,Loyal Customer,31,Business Travel,Business,3413,4,4,2,4,4,4,4,4,3,4,2,1,4,3.38,0,0,TRUE
Male,Loyal Customer,39,Business Travel,Eco,255,3,5,5,5,3,3,3,3,4,3,3,4,3,3.62,0,0,FALSE
Female,Loyal Customer,57,Personal Travel,Eco,542,2,4,3,2,4,3,5,5,5,3,5,1,5,3.62,6,10,FALSE
Male,Loyal Customer,37,Business Travel,Business,758,5,5,5,5,4,5,5,5,5,5,5,5,4,4.85,2,3,TRUE
Female,Disloyal Customer,20,Business Travel,Eco,438,4,0,4,3,3,4,3,3,3,3,2,1,3,2.77,0,0,FALSE
Male,Disloyal Customer,50,Business Travel,Business,1491,2,2,2,2,4,2,2,4,4,3,4,4,4,3,0,0,TRUE
Female,Disloyal Customer,68,Business Travel,Eco,192,1,2,1,4,5,1,5,5,1,5,3,4,5,3.23,0,0,FALSE
Male,Loyal Customer,43,Business Travel,Business,214,1,1,1,1,2,5,5,5,5,5,5,4,3,3.31,0,0,TRUE
Male,Loyal Customer,71,Business Travel,Eco Plus,384,3,5,3,5,3,3,3,3,3,2,4,3,3,3.31,0,7,FALSE
Female,Disloyal Customer,21,Business Travel,Eco,2106,4,4,4,2,5,4,5,5,4,5,5,1,5,4.08,28,32,TRUE
Female,Loyal Customer,23,Business Travel,Business,954,1,1,1,1,4,4,4,4,5,3,1,3,4,2.77,0,11,TRUE
Male,Disloyal Customer,20,Business Travel,Eco,89,2,5,2,4,2,2,2,2,5,1,3,1,2,2.54,0,2,FALSE
Male,Loyal Customer,29,Personal Travel,Eco Plus,329,2,4,2,5,5,2,5,5,3,3,4,2,5,3.62,8,0,FALSE
Male,Loyal Customer,33,Business Travel,Business,3512,0,0,0,2,3,3,3,3,3,2,2,4,3,2.15,0,1,TRUE
Female,Loyal Customer,50,Business Travel,Business,1920,5,5,5,5,3,4,4,3,3,2,3,5,3,3.85,0,0,TRUE
Female,Loyal Customer,42,Personal Travel,Eco,331,4,5,5,3,2,4,4,5,5,5,5,4,3,4.15,0,0,TRUE
Male,Loyal Customer,45,Business Travel,Business,140,3,1,1,1,4,3,3,3,3,3,3,3,3,2.62,4,0,FALSE
Female,Loyal Customer,32,Personal Travel,Eco,248,3,5,0,2,2,0,2,2,3,5,5,5,2,2.77,0,0,FALSE
Female,Loyal Customer,48,Personal Travel,Eco,781,2,5,3,1,5,5,5,3,3,3,3,3,3,3.38,0,0,FALSE
Female,Loyal Customer,39,Business Travel,Business,391,3,3,3,3,3,4,5,4,4,4,4,3,4,3.62,0,0,TRUE
Male,Loyal Customer,55,Business Travel,Business,1021,1,2,2,2,5,4,3,1,1,1,1,2,1,2,0,0,FALSE
Female,Loyal Customer,58,Personal Travel,Eco,551,1,5,1,1,5,3,3,4,4,1,4,4,4,3.08,0,0,FALSE
Male,Loyal Customer,38,Business Travel,Business,303,3,3,3,3,1,3,1,5,5,5,5,2,5,3.38,35,36,TRUE
Male,Loyal Customer,54,Business Travel,Business,2494,0,0,0,5,4,4,4,5,5,5,5,4,5,3.54,1,0,TRUE
Female,Loyal Customer,26,Business Travel,Business,3198,1,1,1,1,4,4,4,4,1,1,4,2,4,2.46,0,0,TRUE
Male,Loyal Customer,26,Personal Travel,Eco,588,3,3,3,5,5,3,4,5,3,2,1,1,5,3.31,0,0,FALSE
Female,Loyal Customer,48,Business Travel,Business,2885,2,2,2,2,4,4,5,4,4,5,4,3,4,3.46,8,0,TRUE
Female,Disloyal Customer,20,Business Travel,Eco,102,1,0,1,2,1,1,1,1,2,3,5,2,1,1.62,0,0,FALSE
Female,Loyal Customer,21,Business Travel,Business,534,3,3,3,3,4,4,4,4,2,5,3,2,4,3.38,0,0,TRUE
Male,Loyal Customer,29,Personal Travel,Eco,1312,4,5,4,4,2,4,5,2,5,2,5,5,2,3.77,0,0,FALSE
Female,Loyal Customer,17,Personal Travel,Eco,590,3,5,3,2,3,3,3,3,3,2,4,5,3,3.23,0,4,FALSE
Male,Loyal Customer,51,Business Travel,Business,1919,3,3,3,3,5,3,4,2,2,2,2,3,4,3,7,0,TRUE
Male,Loyal Customer,40,Personal Travel,Business,1846,2,2,2,1,1,1,2,5,5,2,5,3,1,2.46,2,27,FALSE
Male,Loyal Customer,36,Business Travel,Eco,241,4,5,5,5,4,4,4,4,4,3,2,3,4,3.92,0,0,TRUE
Male,Loyal Customer,36,Personal Travel,Eco,679,3,4,3,3,2,3,2,2,3,2,5,5,2,3,23,11,FALSE
Male,Loyal Customer,36,Personal Travel,Eco Plus,680,4,4,4,1,3,4,3,3,5,5,5,4,3,3.69,14,6,FALSE
Female,Loyal Customer,38,Personal Travel,Business,1089,2,5,2,3,4,1,4,5,5,2,5,1,5,3.38,5,0,FALSE
Male,Loyal Customer,53,Business Travel,Eco,258,1,2,4,2,1,1,1,1,1,3,4,2,1,1.85,5,0,FALSE
Male,Loyal Customer,23,Business Travel,Eco,399,0,3,0,5,3,0,3,3,4,5,1,5,3,2.69,0,0,TRUE
Female,Disloyal Customer,16,Business Travel,Eco,677,4,4,4,3,4,4,4,4,3,1,3,4,4,3.54,26,18,FALSE
Female,Disloyal Customer,15,Business Travel,Eco,299,3,2,3,3,1,3,5,1,3,1,3,4,1,2.54,4,10,FALSE
Female,Disloyal Customer,24,Business Travel,Eco,1141,4,4,4,3,2,4,2,2,3,5,4,1,2,3.08,8,3,FALSE
Female,Loyal Customer,64,Personal Travel,Eco,405,3,4,3,4,5,5,5,1,1,3,1,3,4,3.23,0,0,FALSE
Female,Disloyal Customer,42,Business Travel,Eco,2465,3,3,3,4,2,3,5,2,3,1,3,4,2,2.92,0,0,FALSE
Female,Loyal Customer,48,Business Travel,Business,1837,5,5,5,5,3,5,4,4,4,4,4,5,4,4.38,52,51,TRUE
Male,Loyal Customer,60,Business Travel,Business,2889,5,5,5,5,5,4,4,5,5,5,5,4,4,4.69,0,0,TRUE
Female,Loyal Customer,47,Business Travel,Business,359,4,4,4,4,2,4,5,5,5,5,5,5,3,4.23,0,0,TRUE
Female,Loyal Customer,48,Business Travel,Business,404,5,5,5,5,2,5,5,3,3,4,3,4,4,4.08,0,0,TRUE
Male,Loyal Customer,24,Personal Travel,Eco,733,1,3,1,4,5,1,5,5,4,5,4,1,5,3.38,0,0,FALSE
Female,Loyal Customer,45,Business Travel,Business,3813,2,2,2,2,4,5,4,4,4,4,4,4,3,3.38,0,2,TRUE
Female,Loyal Customer,40,Business Travel,Business,761,5,5,5,5,4,5,5,5,5,5,5,3,5,4.77,0,0,TRUE
Female,Disloyal Customer,21,Business Travel,Eco,912,0,1,1,1,4,1,4,4,3,2,2,5,4,2.46,0,0,TRUE
Female,Loyal Customer,41,Business Travel,Business,404,2,1,5,1,4,4,3,2,2,2,2,1,2,2.38,8,10,FALSE
Female,Disloyal Customer,24,Business Travel,Eco,517,1,4,1,4,1,1,1,1,3,3,3,2,1,2,28,13,FALSE
Male,Loyal Customer,53,Business Travel,Eco,278,4,5,5,5,4,4,4,4,4,5,2,4,4,4.15,0,0,TRUE
Male,Disloyal Customer,32,Business Travel,Eco,690,3,3,3,3,3,3,3,3,1,3,3,4,3,2.92,0,0,FALSE
Male,Disloyal Customer,23,Business Travel,Business,1068,2,1,1,2,5,1,5,5,1,1,2,3,5,2.62,0,0,FALSE
Male,Loyal Customer,55,Business Travel,Business,247,1,1,1,1,3,4,5,5,5,5,5,3,5,3.38,0,0,TRUE
Female,Loyal Customer,32,Personal Travel,Business,728,4,5,4,3,2,4,2,2,4,2,4,2,2,3.08,0,0,FALSE
Female,Loyal Customer,49,Business Travel,Business,2613,2,2,2,2,5,4,5,4,4,4,4,4,3,3.46,0,0,TRUE
Male,Loyal Customer,38,Business Travel,Eco Plus,102,4,3,3,3,4,4,4,4,3,2,5,2,4,3.46,0,0,TRUE
Male,Loyal Customer,21,Business Travel,Business,2182,2,2,2,2,4,5,4,4,4,4,4,4,4,3.46,64,46,TRUE
Male,Disloyal Customer,26,Business Travel,Business,228,1,3,1,3,1,1,1,1,2,2,3,3,1,1.77,0,4,FALSE
Male,Loyal Customer,46,Business Travel,Business,1503,5,5,5,5,5,4,4,5,5,5,5,4,4,4.69,0,0,TRUE
Male,Loyal Customer,66,Personal Travel,Eco,109,3,2,3,3,4,3,4,4,1,2,4,1,4,2.92,0,2,FALSE
Male,Loyal Customer,69,Personal Travel,Eco Plus,1506,3,3,2,4,3,2,3,3,2,2,3,1,3,2.62,50,40,FALSE
Female,Disloyal Customer,25,Business Travel,Eco,1035,2,2,2,2,1,2,5,1,1,3,4,2,1,2.15,60,84,FALSE
Male,Loyal Customer,38,Business Travel,Business,764,3,3,3,3,4,5,4,5,5,5,5,5,5,4.23,1,8,TRUE
Male,Loyal Customer,59,Business Travel,Business,414,3,3,3,3,3,4,5,5,5,5,5,3,5,4,3,0,TRUE
Female,Loyal Customer,39,Business Travel,Business,3601,1,1,1,1,3,5,4,4,4,4,4,5,3,3.08,5,0,TRUE
Male,Disloyal Customer,38,Business Travel,Business,1386,4,4,4,3,2,4,2,2,3,2,5,5,2,3.23,0,0,TRUE
Male,Loyal Customer,49,Business Travel,Business,3492,1,1,1,1,2,5,4,4,4,4,4,5,4,3.08,0,0,TRUE
Female,Loyal Customer,53,Business Travel,Business,1371,3,3,3,3,2,5,5,5,5,4,5,3,5,3.92,31,40,TRUE
Male,Loyal Customer,20,Personal Travel,Eco,991,3,5,4,2,5,4,5,5,3,4,4,4,5,4.08,0,0,FALSE
Female,Loyal Customer,31,Business Travel,Business,208,0,4,0,2,4,4,4,4,3,3,4,2,4,2.92,0,0,TRUE
Male,Loyal Customer,51,Personal Travel,Eco Plus,2565,3,1,3,4,3,5,5,1,1,4,3,5,5,3.31,38,24,FALSE
Male,Loyal Customer,11,Business Travel,Eco Plus,833,4,4,5,4,4,4,1,4,3,1,3,1,4,3.23,0,0,FALSE
Female,Loyal Customer,39,Business Travel,Eco,354,3,4,4,4,3,3,3,3,2,3,3,2,3,3.08,0,0,FALSE
Male,Loyal Customer,56,Business Travel,Business,3989,1,1,4,1,2,5,4,5,5,4,5,3,4,3.38,6,4,TRUE
Male,Loyal Customer,37,Personal Travel,Eco,295,1,2,1,3,4,1,4,4,1,2,4,2,4,2.54,0,0,FALSE
Female,Loyal Customer,34,Business Travel,Business,1590,2,2,2,2,2,4,5,4,4,4,4,5,3,3.31,0,4,TRUE
Female,Disloyal Customer,19,Business Travel,Eco,402,2,2,2,4,1,2,1,1,2,5,4,3,1,2.31,9,8,FALSE
Male,Loyal Customer,51,Business Travel,Business,2404,2,2,2,2,4,3,3,3,4,4,5,3,3,3.08,0,3,TRUE
Male,Loyal Customer,29,Personal Travel,Eco,646,1,4,1,3,3,1,3,3,1,3,3,2,3,2.38,78,73,FALSE
Male,Loyal Customer,58,Personal Travel,Eco,309,4,2,4,3,3,4,3,3,2,3,4,4,3,3.23,0,0,FALSE
Male,Loyal Customer,17,Personal Travel,Eco,1250,3,2,3,3,1,3,1,1,2,3,3,3,1,2.23,11,12,FALSE
Male,Loyal Customer,62,Personal Travel,Eco,101,2,5,2,1,2,2,2,2,5,3,5,2,2,2.69,0,0,FALSE
Female,Loyal Customer,54,Personal Travel,Business,337,2,4,2,4,1,3,4,2,2,2,5,1,1,2.54,0,0,FALSE
Male,Loyal Customer,45,Business Travel,Business,2544,0,4,0,1,5,1,1,2,2,2,2,5,3,2.15,0,0,TRUE
Male,Loyal Customer,42,Personal Travel,Eco,1204,5,5,5,4,1,5,5,1,1,2,1,3,1,3,0,0,TRUE
Male,Disloyal Customer,29,Business Travel,Business,446,5,5,5,3,4,5,4,4,3,3,4,3,4,4,22,22,TRUE
Female,Loyal Customer,56,Business Travel,Business,1848,4,4,4,4,3,4,5,3,3,3,3,5,3,3.69,55,61,TRUE
Male,Loyal Customer,31,Business Travel,Business,544,3,5,5,5,3,3,3,3,2,2,3,4,3,3.38,0,0,FALSE
Male,Loyal Customer,32,Personal Travel,Eco,156,4,4,4,1,2,4,2,2,3,4,5,5,2,3.23,0,0,FALSE
Male,Loyal Customer,38,Business Travel,Eco,990,5,5,5,5,5,5,5,5,5,3,3,2,5,4.46,0,0,TRUE
Female,Loyal Customer,61,Personal Travel,Eco,90,5,4,5,3,2,4,3,2,2,5,2,2,3,3.23,0,0,TRUE
Male,Disloyal Customer,36,Business Travel,Eco,1119,3,3,3,3,5,3,5,5,1,4,3,4,5,3.62,0,0,FALSE
Male,Loyal Customer,40,Personal Travel,Eco,2554,2,5,2,1,2,5,5,4,3,5,4,5,5,3.69,32,10,FALSE
Male,Disloyal Customer,58,Business Travel,Eco,399,1,1,1,3,3,1,3,3,3,5,4,4,3,2.69,88,109,FALSE
Male,Loyal Customer,50,Business Travel,Business,2402,1,1,1,1,4,5,4,5,5,5,5,5,5,3.62,0,0,TRUE
Male,Loyal Customer,36,Business Travel,Eco,2457,4,5,5,5,4,4,4,4,1,3,3,4,4,3.85,0,6,TRUE
Female,Disloyal Customer,21,Business Travel,Eco,316,1,5,1,2,3,1,3,3,5,5,5,4,3,3.15,0,0,FALSE
Male,Loyal Customer,29,Personal Travel,Business,1055,4,5,4,4,4,4,4,4,3,4,4,3,4,3.92,63,54,FALSE
Male,Loyal Customer,53,Business Travel,Business,2475,4,4,4,4,3,4,4,4,4,4,4,4,4,3.92,0,0,TRUE
Female,Disloyal Customer,23,Business Travel,Eco,162,2,3,2,3,2,2,2,2,3,2,3,2,2,2.31,0,2,FALSE
Female,Loyal Customer,54,Business Travel,Business,3303,3,3,3,3,2,5,4,4,4,4,4,5,4,3.69,6,0,TRUE
Male,Loyal Customer,30,Business Travel,Business,774,3,5,5,5,3,3,3,3,1,4,4,4,3,3.54,0,36,FALSE
Male,Loyal Customer,30,Business Travel,Business,2044,2,2,2,2,4,4,4,4,5,5,4,5,4,3.62,73,60,TRUE
Female,Disloyal Customer,23,Business Travel,Eco,422,3,5,3,4,5,3,5,5,2,3,3,4,5,3.85,0,2,FALSE
Female,Loyal Customer,47,Personal Travel,Eco Plus,1797,3,5,3,3,3,4,5,3,3,3,5,3,3,3.54,0,0,FALSE
Male,Loyal Customer,51,Business Travel,Eco Plus,187,2,4,4,4,2,2,2,2,4,1,4,2,2,2.69,0,0,FALSE
Female,Loyal Customer,49,Personal Travel,Eco,667,3,3,3,3,2,3,3,2,2,3,2,1,2,2.46,10,13,FALSE
Female,Disloyal Customer,20,Business Travel,Eco,627,2,0,1,4,4,1,4,4,4,5,1,1,4,2.69,10,14,FALSE
Male,Loyal Customer,50,Business Travel,Eco,1242,1,3,3,3,2,1,2,2,3,5,3,2,2,2.46,111,97,FALSE
Female,Loyal Customer,34,Business Travel,Eco,216,4,5,5,5,4,4,4,4,1,2,3,4,4,3.77,0,0,TRUE
Male,Loyal Customer,22,Business Travel,Eco Plus,1431,3,1,2,1,3,3,3,3,1,1,3,4,3,2.38,0,0,FALSE
Male,Loyal Customer,58,Business Travel,Eco,441,2,4,4,4,2,2,2,2,2,4,3,1,2,2.62,9,2,FALSE
Female,Disloyal Customer,35,Business Travel,Eco,522,3,2,3,4,3,3,3,3,1,1,3,1,3,2.54,80,88,FALSE
Female,Loyal Customer,24,Business Travel,Business,2172,3,3,3,3,4,4,4,3,4,4,4,4,4,3.62,202,191,TRUE
Male,Loyal Customer,11,Personal Travel,Eco Plus,502,2,4,2,4,4,2,3,4,3,5,5,3,4,3.46,0,0,FALSE
Male,Loyal Customer,53,Business Travel,Business,1552,3,3,3,3,3,5,1,4,4,5,4,3,2,3.31,8,3,TRUE
Female,Loyal Customer,53,Personal Travel,Eco Plus,669,2,4,1,4,2,4,4,1,1,1,1,3,5,2.54,15,4,FALSE
Male,Loyal Customer,53,Business Travel,Business,2895,1,1,1,1,3,5,4,4,4,4,4,4,3,3,0,2,TRUE
Female,Loyal Customer,23,Business Travel,Eco,2562,4,1,1,1,4,3,4,5,2,5,5,4,4,3.31,0,0,TRUE
Female,Loyal Customer,57,Business Travel,Business,2239,1,1,2,1,3,1,2,5,5,4,5,5,4,3,4,12,TRUE
Male,Loyal Customer,61,Business Travel,Business,2475,3,2,2,2,3,4,4,3,3,2,3,3,4,2.92,0,14,FALSE
Male,Loyal Customer,28,Personal Travel,Eco,738,3,4,2,4,4,2,3,4,3,4,4,3,4,3.38,7,2,FALSE
Female,Disloyal Customer,38,Business Travel,Eco,1023,1,1,1,4,4,1,4,4,2,5,3,4,4,2.92,1,0,FALSE
Male,Loyal Customer,49,Business Travel,Business,821,1,1,1,1,4,5,5,5,5,5,5,4,5,3.62,14,0,TRUE
Female,Loyal Customer,40,Personal Travel,Eco,251,3,5,3,3,3,3,3,3,3,3,1,2,3,2.92,0,0,FALSE
Male,Loyal Customer,50,Business Travel,Business,3268,1,5,5,5,3,3,3,1,1,1,1,1,1,2.38,18,16,FALSE
Female,Disloyal Customer,34,Business Travel,Business,268,1,1,1,2,1,1,1,1,3,3,5,4,1,1.92,0,10,FALSE
Male,Disloyal Customer,19,Business Travel,Business,715,4,0,4,3,5,4,5,5,3,5,4,4,5,3.92,14,0,TRUE
Female,Loyal Customer,51,Business Travel,Business,3807,2,2,2,2,5,4,4,5,5,5,5,3,3,3.62,0,0,TRUE
Female,Loyal Customer,48,Business Travel,Eco,1096,3,3,3,3,4,3,3,3,3,3,3,4,3,3.15,38,47,FALSE
Male,Loyal Customer,34,Personal Travel,Eco,628,2,5,2,1,2,2,2,2,5,4,4,3,2,2.77,0,1,FALSE
Female,Loyal Customer,55,Personal Travel,Eco,446,2,4,2,4,5,5,5,1,1,2,1,3,5,3.08,0,0,FALSE
Female,Loyal Customer,65,Personal Travel,Eco,500,5,4,5,3,2,1,4,5,5,5,5,2,4,3.85,13,2,TRUE
Male,Loyal Customer,52,Business Travel,Eco,122,5,1,1,1,5,5,5,5,3,1,2,2,5,3.15,0,0,TRUE
Female,Loyal Customer,50,Business Travel,Business,3423,4,4,4,4,5,5,4,5,5,5,5,3,4,4.38,16,18,TRUE
Male,Loyal Customer,58,Business Travel,Business,3993,4,4,4,4,4,5,5,5,5,5,4,5,5,4.54,0,0,TRUE
Male,Disloyal Customer,39,Business Travel,Business,849,4,3,3,4,4,3,4,4,3,5,5,5,4,3.92,13,15,TRUE
Female,Loyal Customer,41,Business Travel,Business,2977,3,1,1,1,3,3,4,3,3,2,3,1,4,2.46,60,61,FALSE
Male,Loyal Customer,59,Business Travel,Business,2424,5,5,5,5,2,5,5,5,5,5,5,5,3,4.62,0,0,TRUE
Female,Loyal Customer,35,Personal Travel,Eco,2422,3,5,3,4,3,3,3,1,3,4,3,3,3,3.15,0,19,FALSE
Female,Loyal Customer,37,Personal Travel,Eco Plus,1400,2,3,1,4,4,1,4,4,2,1,5,2,4,2.85,41,64,FALSE
Female,Loyal Customer,62,Personal Travel,Eco,547,3,4,3,4,2,3,3,4,4,3,4,3,3,3.31,25,48,FALSE
Female,Loyal Customer,51,Business Travel,Business,1440,5,5,3,5,5,4,4,4,4,4,4,5,3,4.23,0,0,TRUE
Female,Loyal Customer,30,Business Travel,Business,1691,5,5,5,5,2,2,2,2,4,5,4,4,2,3.62,0,0,TRUE
Male,Disloyal Customer,35,Business Travel,Business,946,1,1,1,3,2,1,1,2,5,5,4,3,2,2.38,0,0,FALSE
Male,Loyal Customer,55,Business Travel,Business,3747,4,4,4,4,4,4,4,4,4,4,4,3,3,3.85,20,15,TRUE
Male,Loyal Customer,60,Business Travel,Eco,101,5,4,4,4,5,5,5,5,4,5,2,5,5,4.46,4,6,TRUE
Male,Loyal Customer,39,Business Travel,Business,2153,4,4,4,4,4,4,4,5,5,5,5,4,5,4.38,0,7,TRUE
Male,Loyal Customer,51,Business Travel,Eco,376,5,4,4,4,5,5,5,5,4,1,1,3,5,3.92,16,0,TRUE
Male,Loyal Customer,36,Personal Travel,Eco Plus,445,4,5,4,3,4,4,4,4,3,2,5,3,4,3.77,21,14,FALSE
Male,Loyal Customer,67,Business Travel,Business,997,2,2,2,2,1,4,1,5,5,5,5,5,1,3.08,24,4,TRUE
Female,Loyal Customer,36,Business Travel,Business,404,2,4,4,4,4,3,3,2,2,1,2,1,2,2.62,0,0,FALSE
Female,Disloyal Customer,26,Business Travel,Business,130,2,4,2,4,4,2,4,4,5,3,4,5,4,3.62,0,0,FALSE
Female,Loyal Customer,34,Business Travel,Business,1892,4,4,2,4,4,5,5,4,4,4,4,5,4,4.08,29,37,TRUE
Female,Loyal Customer,61,Personal Travel,Eco Plus,228,3,4,3,3,4,3,4,4,4,3,4,3,2,3.38,0,0,FALSE
Female,Loyal Customer,47,Business Travel,Business,1773,3,3,3,3,3,5,5,4,4,4,4,3,4,3.69,0,4,TRUE
Male,Loyal Customer,48,Business Travel,Business,1448,2,1,5,1,3,3,2,2,2,2,2,2,1,2.15,115,109,FALSE
Male,Loyal Customer,59,Personal Travel,Eco,491,3,3,3,3,3,3,3,3,4,4,3,1,3,3,5,11,FALSE
Female,Loyal Customer,17,Personal Travel,Eco,1660,3,0,3,1,2,3,2,2,5,4,5,3,2,2.69,8,0,FALSE
Female,Loyal Customer,18,Personal Travel,Eco,1910,3,4,3,1,5,3,5,5,3,5,3,3,5,3.69,0,0,FALSE
Male,Disloyal Customer,39,Business Travel,Business,109,2,2,2,2,2,2,2,2,4,4,4,5,2,2.69,0,0,FALSE
Male,Loyal Customer,69,Personal Travel,Eco,2075,4,4,5,3,4,5,4,4,1,4,4,4,4,3.85,42,25,FALSE
Female,Loyal Customer,27,Business Travel,Business,546,3,3,5,3,3,3,3,3,4,4,4,5,3,3.54,11,7,TRUE
Male,Loyal Customer,60,Personal Travel,Eco,1039,2,5,2,1,2,2,2,2,4,3,5,4,2,2.77,0,0,FALSE
Female,Disloyal Customer,10,Business Travel,Eco,486,3,4,3,4,5,3,5,5,3,5,5,3,5,4.08,1,7,FALSE
Female,Loyal Customer,58,Personal Travel,Eco Plus,2065,3,4,3,3,3,3,5,4,4,3,5,4,4,3.69,1,2,FALSE
Female,Loyal Customer,58,Personal Travel,Eco,421,0,3,0,3,3,3,3,4,4,0,4,3,3,2.54,0,0,TRUE
Male,Loyal Customer,7,Personal Travel,Eco,406,2,5,3,5,3,3,3,3,2,3,1,1,3,2.85,0,16,FALSE
Female,Loyal Customer,17,Personal Travel,Eco,239,3,1,3,4,3,3,3,3,4,1,4,3,3,2.92,1,0,FALSE
Female,Disloyal Customer,62,Business Travel,Eco,432,3,2,3,3,2,3,2,2,1,1,4,4,2,2.46,0,0,FALSE
Male,Loyal Customer,50,Business Travel,Business,2464,1,1,1,1,2,5,4,4,4,4,4,4,4,3,0,0,TRUE
Female,Loyal Customer,41,Business Travel,Eco,550,3,5,5,5,3,3,3,3,3,4,4,1,3,3.46,0,0,FALSE
Male,Loyal Customer,40,Business Travel,Business,2052,5,5,5,5,2,4,5,2,2,2,2,5,3,3.62,0,0,TRUE
Male,Loyal Customer,34,Business Travel,Business,2161,1,1,3,3,1,2,3,1,1,2,1,4,2,1.92,40,24,FALSE
Female,Loyal Customer,7,Personal Travel,Eco,620,3,2,3,1,3,3,3,3,1,4,1,3,3,2.54,1,0,FALSE
Male,Loyal Customer,28,Personal Travel,Eco,580,3,4,3,3,2,3,3,2,3,2,1,2,2,2.54,0,0,FALSE
Male,Loyal Customer,16,Personal Travel,Eco,316,2,3,2,4,5,2,5,5,3,1,3,2,5,3.23,0,0,FALSE
Female,Loyal Customer,39,Business Travel,Business,3269,1,1,1,1,2,4,4,5,5,4,4,4,5,3.15,0,0,TRUE
Female,Loyal Customer,42,Personal Travel,Business,987,2,3,2,3,2,3,3,3,3,2,3,3,4,2.77,4,27,FALSE
Male,Loyal Customer,30,Business Travel,Business,3616,3,3,3,3,4,5,4,4,4,4,5,3,4,3.77,0,0,TRUE
Female,Loyal Customer,30,Personal Travel,Eco Plus,1363,3,5,3,1,1,3,1,1,3,5,3,5,1,2.69,5,23,FALSE
Male,Loyal Customer,69,Personal Travel,Eco,700,2,4,2,3,1,2,5,1,3,5,5,4,1,2.92,0,0,FALSE
Female,Loyal Customer,38,Business Travel,Eco,334,2,1,1,1,2,2,2,2,2,2,4,4,2,2.08,3,27,FALSE
Female,Loyal Customer,22,Personal Travel,Eco,888,3,3,3,3,5,3,5,5,1,2,1,3,5,3.23,10,6,FALSE
Male,Loyal Customer,35,Personal Travel,Eco Plus,612,3,5,3,3,5,3,4,5,3,2,4,5,5,3.85,3,12,FALSE
Male,Loyal Customer,44,Business Travel,Business,160,4,4,4,4,3,4,4,5,5,5,4,3,4,4.08,33,40,TRUE
Male,Loyal Customer,41,Business Travel,Business,3206,2,5,5,5,1,4,4,2,2,2,2,3,2,3,0,0,FALSE
Female,Loyal Customer,44,Business Travel,Business,581,1,1,1,1,2,4,5,2,2,2,2,3,4,2.31,14,4,TRUE
Male,Disloyal Customer,23,Business Travel,Eco,456,3,4,3,4,4,3,4,4,3,2,4,2,4,3.38,100,84,FALSE
Female,Loyal Customer,40,Business Travel,Business,3194,3,1,2,1,2,3,4,3,3,3,3,1,4,2.54,106,88,FALSE
Female,Loyal Customer,46,Business Travel,Business,2771,1,1,1,1,4,4,5,2,2,3,2,4,5,2.69,0,0,TRUE
Male,Loyal Customer,29,Personal Travel,Eco,2342,2,5,2,4,4,2,4,4,4,3,2,4,4,3.38,0,25,FALSE
Female,Disloyal Customer,47,Business Travel,Eco Plus,854,2,2,2,3,2,2,3,2,3,4,4,2,2,2.54,22,13,FALSE
Male,Loyal Customer,27,Business Travel,Business,3634,2,2,2,2,5,5,5,5,4,5,4,3,5,3.77,0,0,TRUE
Male,Loyal Customer,55,Personal Travel,Eco,481,2,1,2,3,3,2,3,3,1,1,2,1,3,2.08,0,0,FALSE
Male,Loyal Customer,29,Business Travel,Eco,1411,2,1,1,1,2,2,2,2,4,4,4,3,2,2.31,0,0,FALSE
Female,Loyal Customer,30,Business Travel,Business,1503,4,4,4,4,4,4,4,4,5,4,5,3,4,4.08,0,0,TRUE
Male,Loyal Customer,31,Business Travel,Business,1743,1,1,1,1,5,5,5,5,5,1,3,2,5,3.08,1,0,TRUE
Female,Loyal Customer,67,Personal Travel,Business,1005,3,5,3,3,3,4,4,5,5,3,5,5,4,4,7,10,FALSE
Male,Loyal Customer,43,Business Travel,Business,2944,4,1,4,1,3,3,4,4,4,4,4,4,1,3.15,0,0,FALSE
Male,Loyal Customer,70,Personal Travel,Eco,441,1,2,1,3,5,1,1,5,2,1,2,2,5,2.38,0,0,FALSE
Male,Loyal Customer,39,Business Travel,Business,299,3,3,3,3,2,5,5,5,5,5,5,4,5,4.08,15,7,TRUE
Male,Loyal Customer,12,Personal Travel,Eco,2454,4,1,4,3,5,4,5,5,4,5,2,1,5,3.69,15,0,FALSE
Male,Loyal Customer,46,Business Travel,Business,3441,4,4,4,4,5,4,5,5,5,4,5,4,4,4.38,0,0,TRUE
Male,Loyal Customer,15,Business Travel,Business,2447,3,3,3,3,5,5,5,5,1,5,3,4,5,3.85,0,0,TRUE
Male,Loyal Customer,69,Business Travel,Eco,290,2,5,5,5,2,2,2,2,2,5,3,2,2,3,0,0,FALSE
Female,Loyal Customer,28,Business Travel,Business,2342,3,3,2,3,3,3,3,3,3,5,3,1,3,2.92,6,9,FALSE
Female,Loyal Customer,59,Business Travel,Business,3005,2,2,2,2,3,5,5,5,5,5,5,3,3,3.62,0,17,TRUE
Male,Loyal Customer,48,Personal Travel,Eco,377,2,4,3,3,5,3,5,5,3,2,4,3,5,3.62,0,7,FALSE
Male,Loyal Customer,65,Personal Travel,Eco,391,5,1,5,3,3,5,3,3,3,1,3,2,3,3.08,0,0,TRUE
Male,Disloyal Customer,39,Business Travel,Eco,565,1,0,1,5,4,1,5,4,2,1,2,3,4,2.54,12,0,FALSE
Male,Loyal Customer,10,Personal Travel,Eco,337,4,4,4,2,5,4,5,5,4,5,4,4,5,4.23,0,0,TRUE
Female,Loyal Customer,8,Personal Travel,Eco Plus,282,3,2,3,3,1,3,1,1,3,4,4,2,1,2.38,0,0,FALSE
Male,Loyal Customer,67,Business Travel,Business,3068,3,4,4,4,3,3,3,3,3,3,3,2,4,3.23,0,0,FALSE
Female,Loyal Customer,38,Business Travel,Eco Plus,462,4,5,5,5,4,4,4,4,3,3,1,1,4,3.62,0,7,TRUE
Female,Loyal Customer,42,Business Travel,Business,3565,0,0,0,4,1,1,1,4,4,4,4,3,2,2.15,13,0,TRUE
Female,Loyal Customer,48,Business Travel,Business,1744,2,3,3,3,3,4,4,2,2,1,2,4,2,2.69,18,3,FALSE
Male,Disloyal Customer,36,Business Travel,Eco,196,1,0,1,3,5,1,5,5,5,4,1,3,5,3,0,0,FALSE
Male,Loyal Customer,64,Personal Travel,Eco,1055,1,4,1,4,3,1,3,3,5,3,4,5,3,3.08,0,0,FALSE
Male,Loyal Customer,47,Business Travel,Business,2440,3,3,3,3,2,5,4,4,4,4,4,5,5,3.77,0,0,TRUE
Male,Loyal Customer,43,Business Travel,Business,3653,1,1,1,1,2,4,4,1,1,2,1,2,2,1.77,13,8,FALSE
Female,Loyal Customer,28,Business Travel,Business,849,5,5,5,5,5,5,5,5,4,5,5,4,5,4.85,33,9,TRUE
Male,Loyal Customer,51,Business Travel,Business,3683,3,3,5,3,1,4,2,4,4,4,3,3,2,3.15,0,0,TRUE
Male,Loyal Customer,19,Personal Travel,Eco,102,4,5,4,1,1,4,1,1,3,4,4,4,1,2.85,3,1,FALSE
Male,Loyal Customer,57,Business Travel,Business,2724,3,3,3,3,4,4,4,5,5,5,5,4,3,3.92,0,18,TRUE
Female,Loyal Customer,46,Business Travel,Business,2427,3,5,5,5,1,2,2,3,3,4,3,2,4,3.23,0,0,FALSE
Male,Disloyal Customer,41,Business Travel,Eco,1306,2,2,2,3,5,2,5,5,4,4,4,1,5,3.38,76,66,FALSE
Female,Loyal Customer,68,Personal Travel,Eco Plus,191,2,5,2,4,2,4,4,5,5,2,5,3,4,3.62,4,0,FALSE
Female,Loyal Customer,35,Business Travel,Eco Plus,270,3,3,3,3,3,3,3,3,1,2,2,4,3,2.77,18,14,FALSE
Male,Loyal Customer,38,Personal Travel,Eco,1754,2,4,2,3,1,2,5,1,1,2,1,4,1,2.23,7,0,FALSE
Female,Loyal Customer,60,Business Travel,Business,2512,4,4,4,4,5,4,4,4,4,4,4,2,4,3.92,0,0,FALSE
Female,Disloyal Customer,45,Business Travel,Business,334,2,2,2,4,1,2,1,1,3,3,4,5,1,2.38,0,0,FALSE
Female,Loyal Customer,29,Business Travel,Eco Plus,642,1,5,5,5,1,1,1,1,3,2,4,1,1,2.38,33,64,FALSE
Male,Loyal Customer,30,Business Travel,Business,581,5,5,5,5,4,4,4,4,3,4,5,4,4,4.31,20,11,TRUE
Male,Disloyal Customer,22,Business Travel,Eco,280,4,0,4,4,5,4,5,5,5,5,5,5,5,4.31,22,10,TRUE
Female,Loyal Customer,50,Business Travel,Business,3273,1,3,3,3,1,3,3,1,1,1,1,1,3,1.92,0,0,FALSE
Male,Loyal Customer,46,Business Travel,Business,2589,3,3,3,3,4,5,5,2,2,2,2,4,3,3.15,0,0,TRUE
Female,Disloyal Customer,36,Business Travel,Business,2586,2,2,2,4,2,2,2,3,4,4,5,2,2,2.77,2,0,FALSE
Female,Loyal Customer,51,Business Travel,Business,2500,5,5,5,5,2,4,3,5,5,5,5,3,3,4.23,11,0,TRUE
Female,Loyal Customer,47,Business Travel,Business,1562,4,4,4,4,3,4,4,5,5,5,5,3,5,4.23,11,0,TRUE
Male,Loyal Customer,27,Personal Travel,Eco,563,4,5,4,4,2,4,2,2,3,3,5,3,2,3.31,0,0,FALSE
Female,Loyal Customer,16,Personal Travel,Eco Plus,300,2,5,2,3,4,2,4,4,3,2,5,3,4,3.31,31,28,FALSE
Female,Loyal Customer,58,Personal Travel,Business,308,1,4,1,3,5,4,5,4,4,1,4,3,4,3.31,13,20,FALSE
Female,Loyal Customer,46,Business Travel,Eco,1620,1,1,1,1,1,4,3,1,1,1,1,1,3,1.54,4,10,FALSE
Male,Loyal Customer,64,Personal Travel,Eco,669,2,4,2,4,5,2,1,5,5,3,5,4,5,3.62,0,0,FALSE
Male,Loyal Customer,58,Business Travel,Business,3109,1,1,1,1,2,5,5,4,4,4,4,3,4,3,0,0,TRUE
Female,Loyal Customer,51,Business Travel,Eco,2556,4,5,4,5,4,4,4,4,5,4,3,4,4,4.15,3,0,FALSE
Male,Loyal Customer,8,Business Travel,Eco Plus,569,4,1,1,1,4,4,5,4,2,1,1,3,4,2.69,0,0,TRUE
Male,Loyal Customer,39,Personal Travel,Eco Plus,1190,2,5,2,3,4,2,4,4,4,4,3,5,4,3.54,27,34,FALSE
Female,Loyal Customer,40,Business Travel,Eco,2462,2,4,4,4,2,2,2,1,3,5,5,2,2,2.92,0,16,TRUE
Male,Loyal Customer,67,Personal Travel,Eco,1258,3,4,3,1,3,3,3,3,4,2,4,5,3,3.15,0,0,FALSE
Female,Loyal Customer,49,Business Travel,Business,733,4,4,4,4,4,4,4,5,5,4,5,4,4,4.23,0,0,TRUE
Female,Loyal Customer,20,Personal Travel,Eco,333,3,5,3,3,1,3,1,1,5,3,5,4,1,2.92,77,83,FALSE
Female,Loyal Customer,57,Business Travel,Business,1972,2,2,2,2,5,1,2,2,2,2,2,2,1,2.08,0,10,FALSE
Male,Loyal Customer,58,Personal Travel,Eco,509,2,4,2,3,3,2,2,3,4,5,5,3,3,3.15,24,7,FALSE
Male,Disloyal Customer,18,Business Travel,Eco,671,4,4,4,3,2,4,2,2,1,1,2,3,2,2.62,0,0,TRUE
Female,Loyal Customer,10,Personal Travel,Eco Plus,802,3,1,3,3,2,3,2,2,2,3,2,1,2,2.23,0,0,FALSE
Female,Loyal Customer,16,Business Travel,Business,3672,3,5,5,5,3,3,3,3,2,1,4,1,3,3.15,44,40,FALSE
Female,Loyal Customer,23,Business Travel,Business,588,2,2,2,2,3,3,3,3,5,2,4,3,3,2.85,56,49,TRUE
Female,Loyal Customer,28,Business Travel,Business,604,1,1,1,1,1,2,1,1,4,4,3,3,1,1.85,0,0,FALSE
Male,Loyal Customer,34,Business Travel,Business,1127,1,1,1,1,2,5,5,4,4,4,4,4,5,3.15,0,0,TRUE
Male,Loyal Customer,43,Business Travel,Business,1754,3,5,5,5,4,3,3,3,3,3,3,1,1,3.23,5,5,FALSE
Female,Loyal Customer,41,Business Travel,Business,1249,3,2,2,2,1,3,4,3,3,2,3,4,1,2.54,0,0,FALSE
Female,Disloyal Customer,26,Business Travel,Eco,109,2,1,2,3,1,2,1,1,1,4,3,3,1,1.92,14,10,FALSE
Male,Loyal Customer,35,Business Travel,Business,86,3,2,2,2,2,3,3,1,1,1,3,2,3,2.15,0,0,FALSE
Female,Loyal Customer,43,Personal Travel,Business,1136,5,5,5,1,4,5,4,1,1,5,1,5,5,3.62,0,1,TRUE
Female,Disloyal Customer,33,Business Travel,Business,551,3,3,3,2,4,3,4,4,4,4,5,3,4,3.54,0,0,FALSE
Male,Loyal Customer,48,Business Travel,Business,2541,1,1,1,1,3,5,4,5,5,5,5,4,3,3.31,0,0,TRUE
Male,Loyal Customer,54,Business Travel,Business,447,4,4,4,4,4,4,5,5,5,5,5,5,4,4.46,4,8,TRUE
Female,Disloyal Customer,28,Personal Travel,Eco,236,3,4,0,3,3,0,3,3,3,5,4,2,3,2.77,9,0,FALSE
Male,Loyal Customer,7,Personal Travel,Eco,1464,3,3,3,4,4,3,1,4,3,1,3,2,4,2.92,0,0,FALSE
Female,Loyal Customer,61,Business Travel,Business,190,5,5,5,5,3,3,1,3,3,4,5,4,1,3.62,15,18,TRUE
Female,Loyal Customer,67,Personal Travel,Eco,417,1,3,1,4,3,4,4,4,4,1,4,5,4,3.23,23,16,FALSE
Female,Loyal Customer,35,Personal Travel,Eco,408,3,5,3,3,3,3,1,3,5,2,4,3,3,3.15,27,14,FALSE
Male,Loyal Customer,35,Business Travel,Business,937,3,1,4,1,1,4,4,3,3,3,3,1,1,2.46,18,14,FALSE
Female,Disloyal Customer,39,Business Travel,Business,1299,1,1,1,3,5,1,5,5,4,4,4,2,5,3.15,35,21,FALSE
Male,Loyal Customer,52,Personal Travel,Eco,919,3,4,3,2,4,3,4,4,3,3,5,4,4,3.54,11,9,FALSE
Female,Loyal Customer,40,Business Travel,Business,964,3,3,3,3,5,5,5,5,5,5,5,5,5,4.38,0,0,TRUE
Male,Loyal Customer,56,Business Travel,Eco,680,4,2,3,2,4,4,4,4,4,3,5,5,4,3.69,1,0,TRUE
Female,Disloyal Customer,25,Business Travel,Eco,1294,3,3,3,1,3,3,3,3,3,1,1,3,3,2.54,0,0,FALSE
Female,Loyal Customer,40,Personal Travel,Eco,356,3,5,3,3,5,3,5,5,4,3,5,5,5,4.15,0,0,FALSE
Female,Loyal Customer,58,Business Travel,Business,2586,5,5,5,5,5,3,5,2,2,2,2,3,4,3.69,0,0,TRUE
Female,Loyal Customer,76,Business Travel,Business,2061,4,4,4,4,4,1,4,4,4,4,3,4,4,3.69,0,0,TRUE
Male,Loyal Customer,19,Personal Travel,Eco Plus,89,2,3,2,1,4,2,1,4,1,2,5,5,4,2.77,0,0,FALSE
Female,Loyal Customer,44,Business Travel,Business,799,3,5,5,5,1,4,4,3,3,3,3,2,3,3.38,34,30,FALSE
Male,Loyal Customer,51,Business Travel,Business,192,0,5,0,1,2,4,4,3,3,3,3,5,5,2.92,1,13,TRUE
Female,Loyal Customer,50,Business Travel,Business,3433,1,1,4,1,3,3,3,5,5,5,4,2,3,3.08,3,0,TRUE
Female,Loyal Customer,53,Business Travel,Business,3924,2,2,2,2,3,4,4,5,5,5,5,3,4,3.54,0,0,TRUE
Male,Loyal Customer,65,Business Travel,Business,3801,5,5,5,5,5,5,4,4,4,4,5,4,3,4.46,30,21,TRUE
Female,Loyal Customer,16,Personal Travel,Eco Plus,423,3,4,3,3,1,3,1,1,4,1,2,1,1,2.15,7,11,FALSE
Male,Disloyal Customer,17,Business Travel,Eco,2133,2,2,2,3,2,2,2,2,1,4,4,4,2,2.46,0,11,FALSE
Male,Loyal Customer,53,Business Travel,Business,3636,2,2,2,2,3,5,5,5,5,4,5,4,3,3.62,44,43,TRUE
Male,Disloyal Customer,25,Business Travel,Business,719,5,4,5,5,2,5,4,2,3,4,5,4,2,3.85,65,45,TRUE
Female,Disloyal Customer,24,Business Travel,Business,1258,4,4,4,3,2,4,2,2,5,5,5,3,2,3.46,3,0,TRUE
Female,Loyal Customer,55,Personal Travel,Eco,546,2,4,4,4,2,4,4,3,3,4,3,3,3,3.31,1,0,FALSE
Female,Loyal Customer,44,Personal Travel,Eco,312,3,4,3,4,3,4,3,1,1,3,1,3,3,2.77,95,86,FALSE
Male,Loyal Customer,46,Personal Travel,Eco,1199,2,4,2,3,5,2,5,5,5,2,3,4,5,3.62,0,0,FALSE
Female,Loyal Customer,46,Business Travel,Business,2551,1,1,1,1,5,3,3,1,1,2,1,3,1,1.85,42,60,FALSE
Female,Disloyal Customer,40,Business Travel,Business,299,3,3,3,3,5,3,5,5,1,3,4,3,5,3.54,10,9,FALSE
Male,Loyal Customer,61,Business Travel,Eco Plus,1199,4,3,3,3,4,4,4,1,4,3,4,4,4,3.46,342,366,FALSE
Female,Disloyal Customer,32,Business Travel,Business,946,3,3,3,3,5,3,5,5,5,3,5,3,5,3.92,0,0,FALSE
Female,Loyal Customer,30,Business Travel,Business,577,2,5,5,5,2,2,2,2,4,1,2,3,2,2.85,0,0,FALSE
Female,Loyal Customer,28,Business Travel,Business,3048,4,4,4,4,2,2,2,2,4,4,1,3,2,2.92,33,27,TRUE
Female,Loyal Customer,55,Business Travel,Eco,441,1,3,3,3,3,2,2,1,1,1,1,3,1,1.92,3,8,FALSE
Male,Loyal Customer,52,Personal Travel,Eco,577,3,3,3,4,1,3,1,1,2,2,4,2,1,2.31,10,23,FALSE
Male,Loyal Customer,35,Personal Travel,Eco,678,4,3,4,4,2,4,4,2,4,4,5,1,2,3.31,0,20,TRUE
Female,Loyal Customer,41,Business Travel,Business,157,2,2,3,2,3,2,4,4,4,4,4,2,1,2.85,0,0,TRUE
Female,Disloyal Customer,54,Business Travel,Eco,420,4,4,4,5,2,4,2,2,2,3,4,3,2,3.15,12,25,TRUE
Female,Disloyal Customer,35,Business Travel,Business,921,2,2,2,3,4,2,1,4,3,3,4,5,4,3,7,0,FALSE
Male,Loyal Customer,39,Business Travel,Eco,299,4,2,3,2,4,4,4,4,5,3,5,2,4,3.54,0,0,TRUE
Male,Loyal Customer,16,Business Travel,Business,216,4,4,4,4,5,5,3,5,4,3,4,1,5,3.92,0,0,TRUE
Female,Loyal Customer,63,Personal Travel,Eco,426,2,3,3,3,1,4,4,1,1,3,1,1,3,2.31,33,20,FALSE
Male,Loyal Customer,40,Business Travel,Business,370,5,4,5,5,4,4,5,5,5,5,5,4,3,4.54,0,0,TRUE
Male,Loyal Customer,48,Business Travel,Business,1881,4,4,4,4,2,5,5,4,4,4,4,5,4,4.08,0,0,TRUE
Male,Disloyal Customer,26,Business Travel,Eco,577,4,4,3,4,3,3,3,3,4,4,3,4,3,3.46,0,0,FALSE
Female,Loyal Customer,52,Business Travel,Business,1584,4,4,4,4,4,5,5,2,2,2,2,3,5,3.54,3,0,TRUE
Male,Loyal Customer,21,Personal Travel,Eco,1009,1,3,1,5,5,1,5,5,5,3,4,2,5,3.46,4,0,FALSE
Male,Loyal Customer,26,Business Travel,Business,2997,4,4,4,4,4,4,4,4,3,4,4,4,4,3.92,0,0,TRUE
Female,Loyal Customer,23,Business Travel,Eco,1874,0,5,0,2,3,0,3,3,5,1,4,1,3,2.31,0,0,TRUE
Male,Disloyal Customer,36,Business Travel,Eco,304,3,3,2,3,3,2,3,3,2,5,3,3,3,2.92,0,0,FALSE
Male,Loyal Customer,53,Personal Travel,Eco,983,3,1,3,3,1,3,4,1,3,5,4,1,1,2.54,4,0,FALSE
Male,Disloyal Customer,38,Business Travel,Business,850,3,3,3,4,1,3,5,1,2,4,3,1,1,2.62,0,,FALSE
Male,Loyal Customer,33,Personal Travel,Eco Plus,139,2,3,2,3,2,2,5,2,3,1,4,4,2,2.69,31,36,FALSE
Male,Loyal Customer,56,Business Travel,Business,3635,3,3,3,3,2,4,4,3,3,4,3,4,5,3.38,0,0,TRUE
Female,Disloyal Customer,37,Business Travel,Business,96,2,2,2,1,2,2,2,2,5,4,4,5,2,2.69,0,0,FALSE
Female,Disloyal Customer,23,Business Travel,Eco,1109,5,5,5,1,3,5,3,3,2,5,3,2,3,3.46,14,18,TRUE
Female,Loyal Customer,27,Personal Travel,Eco,2342,5,3,5,3,5,3,3,2,5,3,2,3,3,3.46,0,0,TRUE
Male,Loyal Customer,57,Business Travel,Business,1912,5,5,5,5,3,3,5,5,5,5,5,3,5,4.54,12,16,TRUE
Female,Disloyal Customer,36,Business Travel,Eco,1103,3,3,3,3,2,3,2,2,5,5,3,2,2,2.92,0,0,FALSE
Male,Loyal Customer,40,Business Travel,Business,1576,3,3,3,3,3,5,5,5,5,5,5,3,4,4,0,0,TRUE
Female,Disloyal Customer,25,Business Travel,Eco,282,2,3,2,2,1,2,1,1,2,1,5,5,1,2.15,0,0,FALSE
Female,Loyal Customer,25,Business Travel,Business,2072,4,4,4,4,3,3,3,3,4,4,3,4,3,3.54,0,0,TRUE
Female,Loyal Customer,58,Business Travel,Business,2818,3,3,3,3,3,4,5,4,4,4,4,3,4,3.62,0,0,TRUE
Male,Loyal Customer,36,Business Travel,Business,2934,4,4,4,4,5,5,5,5,5,5,5,5,4,4.62,4,7,TRUE
Male,Loyal Customer,34,Business Travel,Business,3947,4,4,4,4,4,4,1,2,2,2,2,4,5,3.23,0,8,TRUE
Male,Loyal Customer,50,Personal Travel,Eco,683,1,4,1,4,5,1,5,5,3,3,4,4,5,3.46,10,23,FALSE
Female,Loyal Customer,42,Personal Travel,Eco,125,2,3,2,2,3,2,4,3,3,2,3,2,1,2.46,0,0,FALSE
Female,Loyal Customer,46,Business Travel,Business,102,2,2,2,2,3,2,5,5,5,5,4,4,3,3.38,0,0,TRUE
Male,Loyal Customer,9,Business Travel,Business,1723,1,3,5,3,1,1,1,1,2,4,1,3,1,2.08,30,31,FALSE
Female,Loyal Customer,67,Personal Travel,Eco,436,2,3,2,4,1,4,3,4,4,2,4,1,4,2.92,20,12,FALSE
Female,Loyal Customer,29,Personal Travel,Eco Plus,829,2,4,2,3,4,2,4,4,3,5,4,4,4,3.46,0,0,FALSE
Female,Disloyal Customer,16,Business Travel,Eco Plus,469,1,1,1,3,4,1,4,4,4,1,4,4,4,2.77,0,0,FALSE
Female,Loyal Customer,23,Personal Travel,Eco,204,2,5,2,5,4,2,4,4,3,3,1,2,4,3.15,0,0,FALSE
Female,Disloyal Customer,26,Business Travel,Business,502,2,0,2,3,3,2,3,3,4,2,4,4,3,2.69,0,0,FALSE
Female,Loyal Customer,44,Business Travel,Business,2565,3,3,3,3,2,3,5,5,5,5,5,5,3,3.85,12,0,TRUE
Male,Loyal Customer,50,Business Travel,Business,3572,2,2,2,2,3,4,5,4,4,4,4,3,4,3.31,0,0,TRUE
Female,Disloyal Customer,35,Personal Travel,Eco,867,1,3,1,5,5,1,4,5,4,1,1,1,5,2.85,0,5,FALSE
Female,Loyal Customer,33,Business Travel,Business,2072,2,4,5,5,1,3,4,2,2,2,2,3,1,2.77,27,20,FALSE
Male,Loyal Customer,62,Personal Travel,Eco,290,1,4,1,2,1,1,1,1,3,2,5,4,1,2.08,0,0,FALSE
Male,Loyal Customer,24,Business Travel,Business,599,2,2,2,2,2,2,2,3,3,4,4,2,2,2.46,172,156,TRUE
Male,Loyal Customer,50,Personal Travel,Eco,533,2,5,2,1,2,2,5,2,4,5,4,4,2,3.08,38,27,FALSE
Female,Loyal Customer,57,Personal Travel,Eco,2486,2,3,2,3,5,3,5,3,3,2,5,5,4,3.46,0,0,FALSE
Female,Loyal Customer,57,Business Travel,Eco,803,3,1,2,1,4,3,3,3,3,3,3,4,2,2.69,55,51,FALSE
Male,Loyal Customer,48,Business Travel,Eco,1448,2,1,1,1,2,2,2,2,1,2,2,2,2,1.69,0,0,FALSE
Male,Loyal Customer,31,Business Travel,Business,2139,1,1,1,1,5,5,5,5,5,3,4,3,5,3.38,46,42,TRUE
Female,Loyal Customer,58,Personal Travel,Eco,473,2,2,2,4,5,4,4,1,1,2,1,1,2,2.38,2,0,FALSE
Male,Loyal Customer,17,Personal Travel,Eco,484,3,0,3,1,5,3,5,5,4,4,5,5,5,3.69,0,0,FALSE
Female,Loyal Customer,19,Personal Travel,Eco,1171,3,5,3,3,4,3,3,4,3,5,5,5,4,3.85,40,10,FALSE
Female,Loyal Customer,41,Business Travel,Business,2951,1,1,1,1,2,5,4,4,4,4,4,5,3,3,0,0,TRUE
Male,Loyal Customer,52,Business Travel,Business,2747,1,1,1,1,4,4,4,3,3,3,3,5,5,2.92,9,7,TRUE
Female,Loyal Customer,39,Business Travel,Business,2595,0,5,0,4,5,5,5,1,1,1,1,4,3,2.69,3,1,TRUE
Female,Loyal Customer,36,Personal Travel,Eco,544,3,4,3,1,5,3,1,5,3,2,5,3,5,3.31,0,23,FALSE
Female,Loyal Customer,50,Personal Travel,Eco,920,4,3,4,3,5,4,3,2,2,4,5,3,2,3.38,28,19,FALSE
Female,Loyal Customer,55,Business Travel,Eco,325,2,2,2,2,4,3,3,3,3,2,3,1,2,2.46,2,6,FALSE
Female,Disloyal Customer,45,Business Travel,Eco,315,4,0,4,4,5,4,5,5,2,5,4,1,5,3.69,0,0,TRUE
Male,Loyal Customer,59,Business Travel,Business,2491,2,1,1,1,1,2,3,2,2,2,2,1,3,1.77,5,0,FALSE
Male,Loyal Customer,38,Personal Travel,Eco,950,3,1,3,4,5,3,5,5,3,4,3,3,5,3.62,55,46,FALSE
Female,Loyal Customer,35,Personal Travel,Eco,761,2,1,2,4,2,2,2,2,1,4,3,4,2,2.38,0,0,FALSE
Male,Loyal Customer,15,Personal Travel,Eco,1013,4,3,4,4,3,4,1,3,1,1,4,4,3,3,21,17,FALSE
Male,Loyal Customer,28,Personal Travel,Eco,390,3,5,3,3,4,3,4,4,4,5,5,3,4,3.85,22,14,FALSE
Female,Loyal Customer,23,Business Travel,Business,3956,3,1,1,1,3,3,3,3,1,5,3,3,3,2.54,22,26,FALSE
Male,Loyal Customer,40,Business Travel,Business,3609,3,3,3,3,3,5,5,5,5,5,5,5,3,4.08,3,5,TRUE
Male,Loyal Customer,49,Business Travel,Eco,601,4,5,5,5,4,4,4,4,2,2,2,2,4,3.62,0,0,FALSE
Female,Loyal Customer,65,Personal Travel,Eco,533,3,4,3,2,3,5,5,4,4,3,4,5,4,3.77,0,15,FALSE
Female,Disloyal Customer,25,Business Travel,Eco Plus,1180,3,0,3,4,4,3,4,4,4,5,3,3,4,3.38,0,0,FALSE
Male,Loyal Customer,52,Business Travel,Business,930,5,5,5,5,2,4,5,5,5,5,5,4,5,4.62,17,0,TRUE
Female,Loyal Customer,39,Personal Travel,Eco Plus,842,0,5,0,2,2,0,2,2,5,4,5,5,2,2.62,1,0,TRUE
Female,Loyal Customer,17,Personal Travel,Eco,1660,2,4,2,4,2,2,2,2,4,4,3,1,2,2.62,15,0,FALSE
Male,Loyal Customer,13,Personal Travel,Eco,1558,2,4,2,3,5,2,5,5,5,5,4,3,5,3.85,0,0,FALSE
Female,Loyal Customer,53,Business Travel,Business,1825,1,5,5,5,3,3,2,1,1,2,1,3,4,2.77,0,0,FALSE
Female,Loyal Customer,46,Personal Travel,Eco,1635,3,5,3,3,4,4,4,5,5,3,4,4,3,3.85,0,6,FALSE
Female,Loyal Customer,48,Personal Travel,Business,2917,5,2,4,4,2,3,4,4,4,4,4,2,1,3.31,0,0,TRUE
Male,Loyal Customer,38,Business Travel,Business,196,4,4,4,4,2,5,5,4,4,4,5,4,3,4,0,0,TRUE
Male,Disloyal Customer,25,Business Travel,Business,1061,2,0,2,5,1,2,1,1,4,3,4,4,1,2.31,11,0,FALSE
Male,Loyal Customer,23,Personal Travel,Eco,436,1,4,1,1,3,1,3,3,3,5,4,5,3,2.85,2,0,FALSE
Female,Loyal Customer,20,Personal Travel,Eco,1727,1,5,1,3,1,1,1,1,1,3,5,4,1,2.15,0,0,FALSE
Male,Loyal Customer,45,Personal Travel,Eco,417,3,1,3,3,3,3,4,3,2,3,3,1,3,2.69,0,0,FALSE
Female,Disloyal Customer,20,Business Travel,Eco,189,5,3,5,2,2,5,2,2,4,5,1,4,2,3.23,1,0,TRUE
Male,Loyal Customer,51,Business Travel,Business,280,0,0,0,1,3,4,4,3,3,3,3,4,5,2.54,0,0,TRUE
Male,Loyal Customer,29,Business Travel,Business,2829,4,4,1,4,4,4,4,4,3,4,5,3,4,3.69,0,0,TRUE
Male,Disloyal Customer,23,Business Travel,Eco,594,3,0,3,4,4,3,4,4,5,3,5,5,4,3.62,0,0,FALSE
Male,Loyal Customer,21,Personal Travel,Eco,351,2,5,2,4,3,2,3,3,3,4,5,4,3,3.31,0,0,FALSE
Male,Loyal Customer,47,Business Travel,Business,2288,3,3,1,3,2,5,5,4,4,4,4,3,3,3.38,0,0,TRUE
Female,Loyal Customer,54,Business Travel,Eco,606,2,3,3,3,1,3,4,2,2,2,2,2,1,2.31,0,0,FALSE
Male,Disloyal Customer,24,Business Travel,Eco,753,3,3,3,4,2,3,2,2,3,3,5,3,2,2.92,2,2,FALSE
Female,Loyal Customer,50,Personal Travel,Eco Plus,448,3,1,3,3,2,3,3,1,1,3,1,1,3,2.15,0,0,FALSE
Female,Disloyal Customer,20,Business Travel,Eco,488,4,2,4,3,3,4,3,3,2,3,2,2,3,2.92,0,11,FALSE
Male,Disloyal Customer,25,Business Travel,Business,528,5,0,5,4,4,5,4,4,3,5,4,5,4,4,0,0,TRUE
Male,Loyal Customer,24,Personal Travel,Eco,2704,2,3,2,3,3,2,3,3,4,4,3,3,3,2.92,0,0,FALSE
Male,Loyal Customer,57,Business Travel,Business,3474,5,5,5,5,5,5,4,4,4,4,4,5,4,4.54,0,13,TRUE
Male,Loyal Customer,19,Business Travel,Eco,406,4,1,4,1,4,4,3,4,1,3,3,4,4,3.08,0,0,FALSE
Female,Disloyal Customer,28,Business Travel,Eco,1076,2,2,2,1,3,2,3,3,5,3,4,3,3,2.77,9,27,FALSE
Male,Loyal Customer,51,Business Travel,Eco,200,4,1,5,1,4,4,4,4,4,5,4,3,4,3.62,0,0,TRUE
Male,Loyal Customer,68,Business Travel,Business,3535,3,3,3,3,4,4,4,3,1,2,3,4,4,3.15,0,1,TRUE
Male,Disloyal Customer,40,Business Travel,Business,368,2,2,2,2,2,2,2,2,3,2,5,5,2,2.54,0,0,FALSE
Female,Loyal Customer,15,Personal Travel,Eco,1723,2,5,2,2,2,2,2,2,3,2,3,4,2,2.54,12,13,FALSE
Female,Loyal Customer,22,Business Travel,Business,1121,3,3,5,3,4,4,4,4,4,4,5,3,4,3.85,0,0,TRUE
Male,Loyal Customer,64,Personal Travel,Eco,787,1,2,1,1,2,1,2,2,4,5,1,4,2,2.15,0,0,FALSE
Female,Loyal Customer,44,Business Travel,Business,1416,1,5,5,5,3,2,1,1,1,1,1,2,1,2.23,125,86,FALSE
Male,Loyal Customer,22,Business Travel,Business,515,4,4,4,4,5,5,5,5,5,5,4,3,5,4.46,12,3,TRUE
Female,Loyal Customer,41,Business Travel,Business,2913,2,5,5,5,5,3,4,2,2,1,2,2,1,3,0,14,FALSE
Female,Disloyal Customer,23,Business Travel,Eco,589,2,2,2,3,3,2,2,3,3,1,3,2,3,2.38,24,15,FALSE
Male,Loyal Customer,45,Personal Travel,Eco,1023,4,2,5,3,4,5,3,4,2,4,3,3,4,3.54,0,3,FALSE
Male,Loyal Customer,43,Business Travel,Business,2106,5,1,5,5,2,5,4,4,4,4,4,3,3,3.77,0,0,TRUE
Female,Loyal Customer,60,Business Travel,Business,1712,5,5,5,5,2,4,5,4,4,4,4,3,5,4.23,0,0,TRUE
Male,Loyal Customer,65,Personal Travel,Eco Plus,677,2,5,2,4,1,2,1,1,3,4,4,4,1,2.62,21,4,FALSE
Male,Loyal Customer,60,Business Travel,Business,2728,1,2,1,1,2,4,4,1,1,2,1,3,4,2.08,0,0,TRUE
Female,Loyal Customer,41,Business Travel,Business,2246,4,4,1,4,2,5,5,4,4,5,4,3,3,3.69,13,21,TRUE
Female,Loyal Customer,34,Business Travel,Business,3036,4,2,4,4,3,4,4,4,4,4,4,3,5,3.77,0,0,TRUE
Male,Loyal Customer,40,Business Travel,Business,2313,1,1,1,1,5,2,1,4,4,4,4,4,3,2.69,0,0,TRUE
Male,Loyal Customer,42,Business Travel,Business,207,4,4,4,4,4,5,3,4,4,4,4,3,1,3.69,0,0,TRUE
Female,Disloyal Customer,26,Business Travel,Business,515,4,5,4,3,2,4,3,2,5,4,4,5,2,3.62,25,40,FALSE
Female,Disloyal Customer,17,Business Travel,Business,212,5,3,5,1,2,5,2,2,3,2,4,3,2,3,3,0,TRUE
Male,Loyal Customer,21,Personal Travel,Eco,829,1,5,1,3,5,1,5,5,4,4,4,5,5,3.69,0,0,FALSE
Female,Loyal Customer,43,Business Travel,Eco,403,5,3,3,3,5,5,5,1,3,1,3,5,5,3.62,167,176,TRUE
Female,Disloyal Customer,54,Business Travel,Business,1262,3,3,3,2,4,3,4,4,3,5,5,3,4,3.54,51,46,FALSE
Female,Loyal Customer,74,Business Travel,Eco,326,4,3,5,5,5,5,5,4,4,4,4,4,2,4.15,0,0,TRUE
Male,Loyal Customer,30,Business Travel,Eco Plus,152,5,5,5,5,5,5,5,5,3,1,1,3,5,4.08,0,0,TRUE
Male,Loyal Customer,29,Business Travel,Eco Plus,565,0,0,0,2,2,0,3,2,1,5,4,5,2,2,0,0,TRUE
Female,Loyal Customer,63,Business Travel,Eco,259,4,1,1,1,3,2,5,4,4,4,4,3,5,3.15,0,1,TRUE
Female,Loyal Customer,46,Business Travel,Eco,1547,3,2,5,2,2,3,3,3,3,3,3,4,3,3,0,0,FALSE
Male,Loyal Customer,12,Personal Travel,Eco,373,1,4,1,2,3,1,3,3,5,2,1,5,3,2.62,0,0,FALSE
Female,Loyal Customer,80,Business Travel,Business,229,4,5,5,5,5,3,3,4,4,4,4,4,1,3.92,2,0,FALSE
Male,Disloyal Customer,31,Business Travel,Business,1609,1,0,0,4,5,0,5,5,5,3,3,4,5,3.08,39,3,FALSE
Female,Loyal Customer,57,Personal Travel,Eco,404,2,5,2,3,4,5,4,1,1,2,1,5,4,3,0,13,FALSE
Female,Disloyal Customer,27,Business Travel,Business,1055,1,1,1,4,1,1,1,1,1,4,3,3,1,1.77,5,0,FALSE
Male,Loyal Customer,47,Business Travel,Eco,643,4,2,2,2,4,4,4,4,4,4,2,3,4,3.31,90,89,TRUE
Male,Loyal Customer,52,Personal Travel,Eco Plus,731,2,1,2,2,1,2,4,1,1,4,2,4,1,2.08,6,24,FALSE
Male,Loyal Customer,28,Business Travel,Business,1780,3,3,3,3,5,5,5,5,3,2,4,5,5,3.92,9,0,TRUE
Female,Loyal Customer,63,Personal Travel,Eco,227,0,2,0,4,2,4,3,4,4,0,5,4,2,2.62,0,0,TRUE
Male,Loyal Customer,27,Business Travel,Business,1793,4,5,5,5,4,3,4,4,2,3,3,2,4,3.69,22,26,FALSE
Female,Disloyal Customer,25,Business Travel,Business,870,5,0,5,1,3,5,3,3,5,4,4,4,3,3.46,0,2,TRUE
Female,Loyal Customer,44,Personal Travel,Eco,491,3,5,3,4,5,5,5,4,4,3,4,4,5,4.15,45,33,FALSE
Female,Loyal Customer,62,Personal Travel,Eco Plus,508,3,5,3,5,5,4,5,1,1,3,1,3,5,3.38,0,0,FALSE
Male,Loyal Customer,29,Personal Travel,Eco,925,2,4,2,4,4,2,4,4,5,1,2,1,4,3,0,0,FALSE
Male,Loyal Customer,36,Personal Travel,Eco Plus,270,4,3,4,4,2,4,1,2,4,4,4,1,2,3,0,0,TRUE
Female,Loyal Customer,59,Business Travel,Business,3146,4,4,4,4,3,5,5,4,4,4,4,5,3,4.08,3,2,TRUE
Female,Loyal Customer,26,Personal Travel,Eco,554,1,5,1,2,3,1,3,3,3,4,5,4,3,2.92,12,2,FALSE
Female,Disloyal Customer,23,Business Travel,Eco,364,2,1,2,2,2,2,2,2,4,1,2,4,2,2.15,0,14,FALSE
Male,Disloyal Customer,37,Business Travel,Eco,391,3,0,3,4,5,3,5,5,4,4,5,1,5,3.62,0,0,FALSE
Male,Loyal Customer,18,Personal Travel,Eco,697,2,5,2,1,1,2,1,1,5,3,5,5,1,2.62,0,0,FALSE
Male,Loyal Customer,37,Business Travel,Business,3997,1,1,4,1,3,4,5,4,4,4,4,3,3,3.15,0,0,TRUE
Male,Loyal Customer,69,Personal Travel,Eco,106,1,5,1,3,2,1,2,2,4,3,4,4,2,2.62,69,73,FALSE
Female,Loyal Customer,59,Business Travel,Eco,451,2,2,2,2,1,5,5,3,3,2,3,4,5,3,0,2,TRUE
Female,Loyal Customer,41,Personal Travel,Eco,836,3,4,3,1,4,3,2,4,4,5,5,4,4,3.54,18,21,FALSE
Male,Disloyal Customer,29,Business Travel,Business,1044,5,5,5,1,4,5,4,4,3,5,5,3,4,4.08,0,0,TRUE
Male,Loyal Customer,36,Business Travel,Business,3472,4,4,4,4,2,5,5,4,4,4,4,4,4,4,0,0,TRUE
Female,Loyal Customer,16,Personal Travel,Eco,414,2,1,2,2,4,2,4,4,2,1,2,1,4,2.38,0,0,FALSE
Female,Loyal Customer,60,Business Travel,Business,406,3,3,4,3,1,4,5,2,2,2,2,5,3,3,0,1,TRUE
Female,Disloyal Customer,42,Business Travel,Business,696,3,3,3,1,5,3,5,5,3,3,5,3,5,3.62,47,52,TRUE
Male,Loyal Customer,28,Business Travel,Business,508,2,4,5,4,2,2,2,2,3,5,1,1,2,2.69,0,0,FALSE
Male,Loyal Customer,63,Personal Travel,Eco,486,1,5,1,4,2,1,3,2,4,2,5,5,2,2.85,1,0,FALSE
Female,Disloyal Customer,17,Business Travel,Eco,575,1,0,1,3,5,1,5,5,3,4,2,2,5,2.85,0,0,FALSE
Male,Loyal Customer,59,Business Travel,Eco,846,2,4,4,4,2,2,2,2,1,4,3,3,2,2.69,11,10,TRUE
Male,Loyal Customer,43,Business Travel,Business,1566,5,5,5,5,5,5,5,4,4,4,4,4,3,4.46,12,0,TRUE
Male,Loyal Customer,45,Personal Travel,Business,331,4,5,2,5,4,3,5,4,4,2,5,1,3,3.62,0,3,FALSE
Male,Loyal Customer,22,Personal Travel,Eco Plus,1635,3,5,3,2,5,3,1,5,3,2,5,4,5,3.54,9,0,FALSE
Male,Disloyal Customer,22,Business Travel,Eco,599,0,0,0,1,2,0,2,2,1,4,1,4,2,1.46,3,0,TRUE
Male,Disloyal Customer,20,Business Travel,Eco,1062,5,5,5,5,5,5,1,5,4,1,2,5,5,4.08,0,0,TRUE
Female,Loyal Customer,44,Personal Travel,Eco,867,2,5,2,3,2,2,2,4,4,2,4,1,1,2.62,29,35,FALSE
Female,Loyal Customer,57,Business Travel,Eco Plus,158,3,3,4,4,1,3,4,3,3,3,3,4,3,3.15,99,93,FALSE
Female,Loyal Customer,42,Business Travel,Eco,501,2,1,1,1,4,4,3,3,3,2,3,4,4,2.69,0,22,FALSE
Male,Disloyal Customer,15,Business Travel,Eco,918,3,3,3,4,4,3,4,4,4,3,5,5,4,3.77,0,0,FALSE
Female,Loyal Customer,41,Personal Travel,Business,1276,3,1,3,3,1,3,3,4,4,3,4,1,2,2.69,0,0,FALSE
Male,Loyal Customer,25,Business Travel,Business,591,1,1,1,1,5,4,5,5,4,2,5,4,5,3.31,1,0,TRUE
Male,Loyal Customer,36,Business Travel,Business,515,5,5,5,5,2,3,3,5,5,5,5,4,3,4.23,43,26,TRUE
Male,Loyal Customer,35,Business Travel,Business,271,0,0,0,4,5,5,5,3,3,3,3,5,5,3.15,18,16,TRUE
Male,Loyal Customer,59,Personal Travel,Eco,113,3,5,3,1,3,3,3,3,2,3,3,1,3,2.77,0,0,FALSE
Female,Disloyal Customer,41,Business Travel,Business,1846,1,1,1,2,3,1,4,3,5,5,5,5,3,3,7,11,FALSE
Male,Disloyal Customer,20,Business Travel,Eco,612,2,0,2,3,4,2,4,4,5,3,2,5,4,3.08,2,0,FALSE
Male,Loyal Customer,31,Business Travel,Business,3538,4,4,4,4,4,4,4,4,4,5,4,4,4,4.08,0,5,TRUE
Female,Loyal Customer,44,Business Travel,Business,472,5,5,5,5,3,5,5,5,5,5,5,3,3,4.54,36,29,TRUE
Female,Loyal Customer,49,Business Travel,Business,590,5,5,5,5,2,4,4,4,4,4,4,3,3,4,0,0,TRUE
Female,Loyal Customer,44,Business Travel,Business,2092,3,3,3,3,4,5,5,5,5,4,5,4,4,4.08,17,25,TRUE
Male,Loyal Customer,60,Business Travel,Business,2063,3,3,3,3,3,4,4,4,4,4,4,3,5,3.62,18,0,TRUE
Male,Loyal Customer,24,Business Travel,Business,3713,3,3,3,3,4,4,4,4,4,2,4,5,4,3.62,4,0,TRUE
Female,Loyal Customer,58,Personal Travel,Eco,345,1,4,1,1,2,4,5,2,2,1,2,3,4,2.46,0,0,FALSE
Male,Loyal Customer,30,Personal Travel,Eco,710,5,2,5,3,1,5,1,1,3,1,4,2,1,2.62,0,4,TRUE
Male,Loyal Customer,38,Business Travel,Business,2156,4,4,4,4,1,1,3,5,5,5,5,1,5,3.62,13,18,TRUE
Male,Loyal Customer,37,Business Travel,Business,2117,4,4,4,4,5,4,4,4,4,4,4,5,4,4.15,3,1,TRUE
Female,Loyal Customer,64,Personal Travel,Eco,781,4,2,4,3,1,3,3,3,3,4,5,3,3,3.15,63,57,FALSE
Female,Loyal Customer,56,Business Travel,Business,2741,3,3,3,3,5,5,4,4,4,4,4,3,3,3.69,0,0,TRUE
Female,Loyal Customer,50,Personal Travel,Eco,484,1,2,1,2,2,3,5,4,4,1,4,4,3,2.77,15,0,FALSE
Female,Disloyal Customer,31,Business Travel,Eco,1311,3,3,3,2,3,3,3,3,4,4,1,4,3,3,0,0,FALSE
Male,Loyal Customer,48,Business Travel,Eco,680,1,1,3,1,1,1,1,1,2,3,3,1,1,1.54,6,7,FALSE
Male,Disloyal Customer,36,Business Travel,Eco Plus,579,2,2,2,2,3,2,3,3,5,1,3,2,3,2.54,0,0,FALSE
Male,Loyal Customer,63,Business Travel,Business,616,4,4,4,4,5,1,3,3,3,5,3,3,3,3.46,0,0,TRUE
Female,Loyal Customer,48,Business Travel,Business,1546,2,4,5,4,4,4,4,2,2,2,2,4,3,3.23,0,0,FALSE
Female,Loyal Customer,43,Personal Travel,Eco,954,5,1,4,1,4,4,1,5,5,4,5,5,1,3.46,102,81,TRUE
Male,Loyal Customer,39,Business Travel,Eco,757,3,3,3,3,3,3,3,3,4,2,2,4,3,3,0,0,FALSE
Female,Loyal Customer,41,Business Travel,Business,1766,2,2,2,2,4,4,4,2,2,2,2,3,2,2.54,1,0,FALSE
Female,Loyal Customer,19,Personal Travel,Eco,1771,3,2,3,2,3,3,3,3,3,1,2,2,3,2.54,0,0,FALSE
Female,Loyal Customer,15,Personal Travel,Eco,134,3,4,3,3,5,3,5,5,2,1,4,2,5,3.46,0,0,FALSE
Male,Loyal Customer,28,Personal Travel,Eco,1723,3,4,3,3,4,3,4,4,4,5,4,5,4,3.85,44,25,FALSE
Female,Loyal Customer,29,Personal Travel,Eco,334,2,5,2,3,5,2,1,5,3,2,5,3,5,3.31,109,97,FALSE
Female,Loyal Customer,24,Personal Travel,Eco,1096,3,4,3,2,1,3,1,1,3,5,5,4,1,2.77,23,10,FALSE
Male,Loyal Customer,42,Personal Travel,Eco,1042,4,5,4,2,1,4,1,1,5,2,5,5,1,3.08,0,0,FALSE
Female,Loyal Customer,54,Personal Travel,Eco,461,1,5,1,3,3,5,5,1,1,1,1,5,4,2.77,0,0,FALSE
Male,Loyal Customer,50,Personal Travel,Eco,125,3,3,3,4,3,3,3,3,1,2,3,3,3,2.85,3,8,FALSE
Female,Loyal Customer,69,Business Travel,Business,408,3,4,4,4,3,4,3,3,3,3,3,2,4,3.31,0,8,FALSE
Male,Loyal Customer,40,Business Travel,Business,3525,2,2,2,2,3,4,4,4,4,4,4,5,4,3.38,37,45,TRUE
Male,Loyal Customer,54,Business Travel,Business,2129,2,3,3,3,4,3,4,2,2,2,2,2,2,2.62,84,77,FALSE
Male,Loyal Customer,31,Business Travel,Business,546,5,5,5,5,4,4,4,4,3,3,5,4,4,4.23,7,0,TRUE
Female,Loyal Customer,35,Personal Travel,Eco,2504,3,5,2,5,3,2,3,3,5,4,3,4,3,3.46,7,0,FALSE
Female,Loyal Customer,56,Business Travel,Business,2475,4,4,4,4,5,5,5,3,3,4,4,5,5,4.23,1,10,TRUE
Female,Loyal Customer,32,Business Travel,Business,2364,0,0,0,4,1,1,1,1,5,4,5,1,1,1.85,8,0,TRUE
Female,Disloyal Customer,25,Business Travel,Eco,554,2,5,2,3,3,2,3,3,1,2,1,1,3,2.38,0,0,FALSE
Male,Disloyal Customer,38,Business Travel,Business,216,3,3,3,4,4,3,4,4,3,3,5,5,4,3.69,0,0,FALSE
Male,Disloyal Customer,28,Business Travel,Eco,584,2,4,2,1,2,2,2,5,1,3,5,2,2,2.54,209,207,FALSE
Female,Loyal Customer,27,Personal Travel,Eco,562,2,4,2,4,3,2,3,3,5,4,5,4,3,3.38,43,36,FALSE
Female,Loyal Customer,9,Business Travel,Eco Plus,1107,4,3,5,3,4,4,5,4,4,1,5,2,4,3.69,0,0,TRUE
Female,Disloyal Customer,28,Business Travel,Eco,695,1,1,1,2,4,1,4,4,3,5,4,1,4,2.69,0,0,FALSE
Female,Loyal Customer,37,Business Travel,Business,2437,1,2,2,2,4,4,3,1,1,1,1,2,4,2.15,6,8,FALSE
Female,Loyal Customer,39,Business Travel,Business,802,4,4,4,4,2,5,5,5,5,5,5,4,3,4.23,57,74,TRUE
Female,Loyal Customer,69,Personal Travel,Eco,892,3,5,3,3,4,5,4,4,4,3,4,3,3,3.69,30,44,FALSE
Female,Loyal Customer,23,Personal Travel,Eco,643,3,4,3,3,5,3,5,5,4,3,1,2,5,3.54,0,3,FALSE
Male,Loyal Customer,40,Personal Travel,Eco Plus,978,4,5,4,3,5,4,5,5,5,5,4,5,5,4.54,0,0,FALSE
Male,Loyal Customer,44,Personal Travel,Eco,967,3,4,3,4,1,3,1,1,5,5,4,5,1,3.08,9,0,FALSE
Male,Loyal Customer,50,Personal Travel,Business,569,3,4,3,3,5,5,5,4,4,3,4,4,1,3.69,0,0,FALSE
Male,Loyal Customer,70,Personal Travel,Eco,2139,1,5,2,2,1,2,1,1,5,2,3,4,1,2.31,28,19,FALSE
Female,Loyal Customer,68,Personal Travel,Eco,794,1,4,1,1,5,4,5,2,2,1,2,4,5,2.85,4,10,FALSE
Male,Loyal Customer,26,Personal Travel,Eco,641,2,5,2,3,5,2,5,5,4,3,5,5,5,3.92,15,7,FALSE
Female,Disloyal Customer,50,Business Travel,Business,491,3,3,3,2,1,3,5,1,4,2,4,5,1,2.85,0,0,FALSE
Female,Loyal Customer,36,Business Travel,Eco,163,5,1,1,1,5,5,5,5,3,1,2,1,5,3.08,0,0,TRUE
Female,Loyal Customer,49,Business Travel,Business,1598,3,3,3,3,4,4,5,4,4,4,4,4,5,3.85,0,0,TRUE
Male,Loyal Customer,47,Business Travel,Business,2586,1,1,4,1,4,5,5,4,5,5,3,5,5,3.69,5,2,TRUE
Male,Loyal Customer,49,Personal Travel,Eco,2496,2,1,2,3,4,2,4,4,1,1,4,1,4,2.54,0,0,FALSE
Female,Loyal Customer,9,Personal Travel,Eco,337,3,3,3,4,2,3,2,2,1,4,3,3,2,2.69,0,4,FALSE
Male,Loyal Customer,58,Business Travel,Business,2300,3,3,3,3,3,4,5,4,4,4,4,5,4,3.77,44,15,TRUE
Male,Loyal Customer,39,Business Travel,Business,2036,2,2,2,2,2,4,5,5,5,4,5,5,3,3.54,7,0,TRUE
Male,Loyal Customer,31,Business Travel,Business,3053,1,1,1,1,2,2,2,2,3,3,4,4,2,2.15,0,0,TRUE
Male,Loyal Customer,14,Personal Travel,Business,301,3,3,4,4,3,4,3,3,2,3,3,4,3,3.23,0,0,FALSE
Male,Loyal Customer,28,Personal Travel,Eco,516,3,3,2,3,4,2,4,4,1,4,3,5,4,3.23,0,0,FALSE
Female,Loyal Customer,18,Personal Travel,Eco Plus,695,2,4,2,3,1,2,1,1,3,5,4,5,1,2.62,0,0,FALSE
Female,Loyal Customer,56,Business Travel,Business,3488,2,2,2,2,5,4,5,5,5,5,5,4,4,3.85,17,6,TRUE
Female,Loyal Customer,46,Business Travel,Business,3838,5,5,5,5,2,5,4,4,4,4,4,3,5,4.23,1,0,TRUE
Male,Loyal Customer,53,Personal Travel,Eco Plus,1126,4,4,4,2,4,4,1,4,5,3,4,4,4,3.62,5,0,FALSE
Male,Loyal Customer,19,Business Travel,Business,1399,2,2,2,2,2,2,2,2,3,5,3,2,2,2.38,0,0,FALSE
Female,Loyal Customer,48,Business Travel,Business,3158,2,2,4,2,2,5,4,4,4,4,5,3,3,3.38,4,0,TRUE
Female,Disloyal Customer,27,Business Travel,Business,282,4,4,4,1,5,4,5,5,5,2,5,5,5,4.15,0,0,FALSE
Male,Loyal Customer,44,Personal Travel,Eco,2611,3,3,2,1,2,5,5,2,5,5,1,5,5,3.38,21,17,FALSE
Female,Loyal Customer,34,Business Travel,Business,510,5,5,5,5,5,5,5,4,5,4,5,5,5,4.85,137,135,TRUE
Female,Disloyal Customer,40,Business Travel,Business,689,2,2,2,3,4,2,4,4,2,4,4,1,4,2.92,0,0,FALSE
Male,Loyal Customer,44,Business Travel,Eco,409,5,1,1,1,5,5,5,5,5,2,5,2,5,3.62,31,61,TRUE
Female,Loyal Customer,46,Business Travel,Business,290,4,4,4,4,5,5,4,4,4,4,4,3,4,4.08,0,0,TRUE
Female,Loyal Customer,16,Personal Travel,Eco,680,1,5,1,4,5,1,5,5,3,2,5,3,5,3.46,0,3,FALSE
Male,Loyal Customer,19,Business Travel,Business,563,3,2,2,2,3,3,3,3,4,3,4,3,3,2.92,1,0,FALSE
Female,Loyal Customer,43,Business Travel,Business,3582,1,1,1,1,4,5,5,4,4,4,4,5,2,3.15,0,0,TRUE
Female,Loyal Customer,28,Business Travel,Business,1979,1,1,1,1,3,2,3,3,4,2,4,4,3,2.46,54,21,TRUE
Female,Loyal Customer,29,Personal Travel,Eco Plus,1189,3,4,3,5,1,3,3,1,4,3,4,4,1,3,0,12,FALSE
Male,Loyal Customer,45,Business Travel,Eco,307,4,2,2,2,4,4,4,4,5,1,2,1,4,3,26,21,TRUE
Male,Loyal Customer,31,Personal Travel,Eco,836,2,3,2,2,4,2,2,4,3,1,2,2,4,2.54,12,16,FALSE
Female,Loyal Customer,30,Personal Travel,Eco Plus,500,4,4,4,3,4,4,4,4,5,4,4,5,4,4.08,0,0,FALSE
Male,Loyal Customer,35,Personal Travel,Eco Plus,135,3,0,3,3,5,3,5,5,4,2,5,5,5,3.69,53,44,FALSE
Female,Loyal Customer,59,Business Travel,Business,3444,3,3,3,3,2,5,4,4,4,4,4,5,5,3.77,47,42,TRUE
Male,Loyal Customer,12,Personal Travel,Eco,250,3,4,3,3,3,3,3,3,5,2,5,4,3,3.38,0,0,FALSE
Male,Loyal Customer,65,Personal Travel,Eco,489,2,1,2,4,5,2,5,5,2,4,4,3,5,3.38,37,26,FALSE
Female,Loyal Customer,48,Business Travel,Business,1663,5,5,5,5,4,4,4,2,2,2,2,5,4,3.77,36,33,TRUE
Male,Disloyal Customer,26,Business Travel,Eco,109,2,3,2,3,1,2,1,1,1,2,3,1,1,1.77,0,0,FALSE
Female,Loyal Customer,28,Personal Travel,Eco,1744,2,4,2,3,4,2,4,4,3,2,4,3,4,3.15,0,0,FALSE
Female,Loyal Customer,35,Business Travel,Business,2319,4,4,4,4,2,5,4,3,3,3,3,3,3,3.46,0,0,TRUE
Male,Disloyal Customer,45,Business Travel,Eco,1009,3,3,3,2,4,3,4,4,3,2,2,3,4,3.08,0,0,FALSE
Male,Loyal Customer,22,Personal Travel,Eco Plus,302,3,4,4,5,4,4,4,4,3,4,4,3,4,3.85,11,6,FALSE
Male,Loyal Customer,43,Business Travel,Business,678,2,2,2,2,4,5,5,5,5,5,5,5,4,3.92,0,0,TRUE
Female,Loyal Customer,49,Business Travel,Business,533,2,2,2,2,5,4,5,5,5,5,5,3,2,3.62,0,0,TRUE
Male,Loyal Customer,40,Business Travel,Business,1892,4,4,4,4,4,4,4,3,3,4,5,4,4,3.92,182,221,TRUE
Male,Loyal Customer,53,Business Travel,Business,1167,2,3,3,3,3,3,4,2,2,2,2,2,2,2.54,63,49,FALSE
Male,Disloyal Customer,37,Business Travel,Business,802,2,3,3,3,2,3,3,2,3,4,4,3,2,2.85,99,101,FALSE
Female,Disloyal Customer,33,Business Travel,Eco,2565,4,4,4,4,3,4,3,3,2,1,3,3,3,3.15,0,0,FALSE
Male,Loyal Customer,53,Business Travel,Business,1444,2,2,2,2,4,5,4,5,5,5,5,5,5,3.92,0,0,TRUE
Male,Loyal Customer,44,Personal Travel,Eco,1025,2,5,2,4,4,2,4,4,5,5,5,3,4,3.77,0,0,FALSE
Male,Loyal Customer,18,Business Travel,Business,589,4,4,4,4,5,5,5,5,3,3,2,4,5,4.08,0,0,TRUE
Male,Loyal Customer,22,Personal Travel,Eco,907,4,5,4,5,3,4,3,3,5,2,4,3,3,3.69,0,0,FALSE
Female,Loyal Customer,26,Personal Travel,Eco,2556,5,1,5,2,1,5,1,1,1,5,1,4,1,2.54,0,0,TRUE
Male,Loyal Customer,48,Business Travel,Eco,679,5,1,4,1,5,5,5,5,3,2,3,3,5,3.62,22,4,TRUE
Male,Loyal Customer,39,Business Travel,Eco,852,3,1,1,1,3,3,3,3,4,5,3,2,3,2.69,95,81,FALSE
Female,Loyal Customer,22,Personal Travel,Eco Plus,821,4,0,4,2,3,4,3,3,5,5,4,3,3,3.31,11,0,FALSE
Female,Loyal Customer,53,Business Travel,Business,191,4,4,4,4,1,5,4,5,5,5,5,4,5,4.23,4,0,TRUE
Female,Disloyal Customer,42,Business Travel,Eco,343,3,3,4,4,2,4,2,2,5,4,5,1,2,3.15,7,0,FALSE
Female,Loyal Customer,26,Personal Travel,Eco,370,2,2,2,3,1,2,1,1,1,1,3,1,1,1.62,0,0,FALSE
Male,Disloyal Customer,40,Business Travel,Business,610,2,1,1,3,4,1,4,4,4,3,4,3,4,2.92,1,5,TRUE
Female,Loyal Customer,19,Personal Travel,Eco,364,3,5,2,3,1,2,1,1,4,2,5,5,1,2.69,0,0,FALSE
Male,Loyal Customer,46,Business Travel,Business,1947,5,5,5,5,4,4,4,5,5,5,5,4,4,4.62,5,0,TRUE
Female,Disloyal Customer,20,Business Travel,Eco,1197,1,2,2,4,2,5,5,1,2,3,4,5,5,3.15,233,274,FALSE
Male,Loyal Customer,32,Business Travel,Business,209,4,1,1,1,2,2,4,2,1,4,4,4,2,2.46,0,4,FALSE
Male,Disloyal Customer,27,Business Travel,Eco,521,2,3,3,3,5,3,5,5,1,2,5,2,5,3.38,0,0,FALSE
Female,Disloyal Customer,24,Business Travel,Business,528,4,0,4,2,4,4,4,4,1,3,2,2,4,2.92,0,0,TRUE
Female,Loyal Customer,51,Business Travel,Business,757,2,2,2,2,4,5,5,5,5,4,5,5,3,3.77,0,0,TRUE
Female,Loyal Customer,10,Business Travel,Eco,1754,1,4,1,1,1,1,3,1,3,1,4,1,1,1.77,0,7,FALSE
Female,Disloyal Customer,22,Business Travel,Eco,650,1,5,1,3,5,1,5,5,5,4,5,4,5,3.77,0,0,FALSE
Male,Loyal Customer,51,Business Travel,Eco Plus,2342,4,1,1,1,3,4,3,3,2,4,5,1,3,2.69,48,39,TRUE
Male,Loyal Customer,60,Personal Travel,Eco,1009,4,2,4,3,3,4,3,3,2,4,3,1,3,3,0,0,TRUE
Male,Disloyal Customer,20,Business Travel,Business,1164,0,1,0,3,1,0,1,1,3,3,4,3,1,1.62,41,16,TRUE
Male,Loyal Customer,52,Business Travel,Business,122,0,5,0,2,2,5,5,2,2,2,2,3,3,2.54,0,0,TRUE
Male,Loyal Customer,44,Personal Travel,Eco,907,3,4,3,1,5,3,5,5,4,3,4,5,5,3.85,0,0,FALSE
Female,Loyal Customer,38,Personal Travel,Business,2556,4,4,4,5,4,4,4,2,1,1,4,4,4,3.46,8,3,FALSE
Male,Loyal Customer,8,Personal Travel,Eco,1188,1,4,1,4,4,1,4,4,5,5,4,5,4,3.54,7,0,FALSE
Male,Disloyal Customer,21,Business Travel,Eco,1429,2,2,2,1,4,2,4,4,3,3,3,1,4,2.69,46,24,FALSE
Male,Disloyal Customer,20,Business Travel,Business,67,2,2,2,4,4,2,3,4,2,2,4,3,4,2.92,11,36,FALSE
Male,Disloyal Customer,39,Business Travel,Business,227,3,3,3,3,5,3,5,5,4,5,4,4,5,4,0,0,FALSE
Female,Loyal Customer,57,Business Travel,Business,862,5,5,5,5,4,4,4,4,2,5,4,4,4,4.23,151,142,TRUE
Female,Loyal Customer,70,Personal Travel,Eco,867,2,5,2,1,4,5,5,1,1,2,1,5,3,2.85,0,0,FALSE
Male,Disloyal Customer,22,Business Travel,Eco,846,2,1,1,3,2,1,3,2,5,2,5,4,2,2.54,24,19,FALSE
Female,Loyal Customer,14,Personal Travel,Eco Plus,2176,3,2,4,3,3,4,5,3,4,5,3,1,3,3.31,0,14,FALSE
Female,Disloyal Customer,28,Business Travel,Eco,954,2,2,2,3,1,2,1,1,5,2,5,3,1,2.31,0,0,FALSE
Male,Loyal Customer,51,Personal Travel,Eco,175,1,4,1,3,4,1,4,4,5,5,5,5,4,3.54,5,5,FALSE
Female,Loyal Customer,43,Business Travel,Business,3875,5,5,5,5,5,4,4,2,2,2,2,4,5,3.85,68,41,TRUE
Male,Loyal Customer,54,Personal Travel,Eco,239,3,4,3,4,2,3,4,2,3,4,5,3,2,3.23,0,0,FALSE
Female,Loyal Customer,43,Business Travel,Eco,345,2,4,4,4,5,3,3,2,2,2,2,4,4,3.15,8,6,FALSE
Female,Loyal Customer,33,Personal Travel,Eco,926,1,4,0,2,3,0,3,3,5,5,4,4,3,2.85,1,5,FALSE
Female,Disloyal Customer,22,Business Travel,Eco,1091,1,1,1,4,2,1,2,2,2,5,3,3,2,2.23,0,0,FALSE
Male,Loyal Customer,41,Business Travel,Eco Plus,2677,2,2,2,2,2,3,3,3,2,4,4,3,3,2.69,0,0,TRUE
Female,Disloyal Customer,36,Business Travel,Eco Plus,432,3,3,3,4,2,3,2,2,4,3,3,4,2,2.92,96,87,FALSE
Male,Loyal Customer,40,Business Travel,Business,1521,3,3,3,3,4,3,3,4,4,4,4,5,4,3.62,3,8,TRUE
Female,Disloyal Customer,22,Business Travel,Eco,646,3,0,3,3,4,3,4,4,5,4,4,4,4,3.46,0,0,FALSE
Male,Loyal Customer,7,Personal Travel,Business,1438,1,3,1,3,3,1,3,3,3,1,2,3,3,2.31,0,0,FALSE
Male,Loyal Customer,34,Personal Travel,Eco,1345,4,5,4,2,3,4,3,3,4,4,5,5,3,3.77,4,6,FALSE
Female,Loyal Customer,9,Business Travel,Business,2978,3,3,3,3,3,3,3,3,5,3,4,3,3,3.23,0,0,TRUE
Male,Loyal Customer,46,Personal Travel,Eco,1428,3,5,3,2,2,3,4,2,3,2,5,5,2,3.15,0,0,FALSE
Female,Loyal Customer,50,Business Travel,Business,134,4,5,4,4,3,5,5,5,5,4,4,3,3,4.15,0,0,TRUE
Male,Loyal Customer,55,Personal Travel,Eco Plus,2677,3,4,3,3,3,3,3,1,3,3,1,3,3,2.77,0,12,FALSE
Male,Loyal Customer,27,Business Travel,Business,1620,1,4,4,4,1,1,1,1,1,2,3,2,1,2,70,72,FALSE
Female,Loyal Customer,29,Personal Travel,Eco,1744,3,5,3,3,4,3,3,4,5,4,5,5,4,3.92,1,0,FALSE
Male,Loyal Customer,47,Business Travel,Eco,826,5,1,5,1,5,5,5,5,2,4,2,4,5,3.77,0,6,TRUE
Female,Disloyal Customer,22,Business Travel,Business,782,4,2,4,3,2,4,2,2,4,2,4,5,2,3.08,5,0,TRUE
Female,Loyal Customer,45,Business Travel,Business,2370,1,1,1,1,3,4,4,5,5,5,5,5,4,3.38,13,10,TRUE
Male,Loyal Customer,32,Personal Travel,Eco,119,1,1,1,2,3,1,3,3,1,4,3,1,3,2.08,39,36,FALSE
Female,Disloyal Customer,10,Business Travel,Eco,1499,3,3,3,4,1,3,1,1,1,2,3,3,1,2.23,0,4,FALSE
Female,Loyal Customer,50,Business Travel,Business,2717,1,1,1,1,1,3,1,2,2,2,2,3,5,1.92,23,13,TRUE
Male,Loyal Customer,57,Business Travel,Business,304,0,0,0,3,5,4,4,3,3,3,3,4,5,2.85,13,13,TRUE
Female,Loyal Customer,56,Personal Travel,Eco,2350,3,1,3,2,3,4,4,1,3,3,2,4,4,2.85,0,0,FALSE
Male,Loyal Customer,49,Business Travel,Eco,2434,3,5,5,5,3,3,3,1,3,3,4,3,3,3.38,24,12,FALSE
Male,Loyal Customer,42,Business Travel,Business,1065,4,4,4,4,4,5,4,5,5,5,5,4,4,4.38,0,0,TRUE
Female,Loyal Customer,32,Business Travel,Business,366,1,1,1,1,3,4,3,3,5,2,4,3,3,2.62,0,0,TRUE
Male,Loyal Customer,47,Personal Travel,Eco,356,2,1,2,4,2,2,2,2,4,4,3,3,2,2.54,0,0,FALSE
Male,Loyal Customer,26,Business Travel,Eco,999,0,2,3,2,0,1,3,0,4,4,4,2,0,1.92,0,0,FALSE
Female,Loyal Customer,60,Business Travel,Business,1506,4,4,4,4,4,5,4,5,5,5,5,3,3,4.23,8,0,TRUE
Male,Loyal Customer,22,Business Travel,Business,1131,4,4,4,4,5,5,5,5,1,3,3,3,5,3.92,0,0,TRUE
Female,Disloyal Customer,34,Business Travel,Business,482,3,3,3,1,3,3,3,3,4,3,4,4,3,3.08,0,4,FALSE
Male,Loyal Customer,47,Business Travel,Business,1024,1,1,1,1,3,5,4,5,5,5,5,5,5,3.54,0,0,TRUE
Male,Loyal Customer,63,Business Travel,Business,102,1,1,1,1,2,5,4,4,4,4,5,3,3,2.92,0,0,TRUE
Male,Loyal Customer,58,Personal Travel,Eco,1010,3,1,3,2,5,3,3,5,4,4,2,3,5,3.31,11,0,FALSE
Male,Loyal Customer,20,Personal Travel,Eco,717,1,3,1,2,3,1,3,3,4,5,3,4,3,2.77,42,33,FALSE
Male,Loyal Customer,38,Business Travel,Business,399,4,4,4,4,3,5,5,4,4,4,4,4,2,3.92,0,1,TRUE
Female,Loyal Customer,25,Business Travel,Eco,967,0,5,0,3,2,0,5,2,5,2,2,3,2,2.38,79,96,TRUE
Female,Loyal Customer,60,Business Travel,Business,2639,1,1,1,1,2,5,5,5,5,4,5,5,3,3.31,0,0,TRUE
Female,Loyal Customer,59,Business Travel,Business,3559,4,4,4,4,3,5,5,4,4,4,4,4,3,4,0,0,TRUE
Male,Loyal Customer,36,Personal Travel,Eco,444,2,4,2,3,4,2,4,4,4,2,5,4,4,3.38,12,7,FALSE
Female,Loyal Customer,59,Personal Travel,Eco,2300,5,5,5,5,5,3,3,5,5,3,5,3,3,4.23,11,3,TRUE
Male,Loyal Customer,35,Business Travel,Business,787,1,1,1,1,3,5,5,5,5,5,5,5,5,3.62,0,0,TRUE
Male,Loyal Customer,49,Business Travel,Eco,1440,2,4,3,3,2,2,2,2,2,4,3,3,2,2.62,0,0,FALSE
Female,Loyal Customer,40,Business Travel,Business,2753,4,4,4,4,2,3,4,4,4,3,4,3,3,3.54,0,11,FALSE
Male,Loyal Customer,41,Business Travel,Business,2214,4,4,4,4,5,5,4,4,4,4,4,3,4,4.08,0,0,TRUE
Female,Loyal Customer,61,Business Travel,Business,2306,2,1,1,1,1,3,4,2,2,2,2,3,2,2,28,1,FALSE
Male,Loyal Customer,33,Business Travel,Business,1849,3,4,4,4,3,3,3,3,1,5,3,1,3,3.08,0,0,FALSE
Male,Loyal Customer,19,Personal Travel,Eco,945,4,2,4,4,4,4,2,4,3,2,3,3,4,3.31,0,0,FALSE
Male,Loyal Customer,55,Business Travel,Business,247,3,2,2,2,5,3,3,3,3,3,3,3,1,2.77,0,9,FALSE
Male,Disloyal Customer,23,Business Travel,Eco,1166,4,4,4,3,2,4,2,2,4,2,3,5,2,3.15,10,2,FALSE
Female,Loyal Customer,48,Personal Travel,Eco,677,2,5,2,3,3,4,5,2,2,2,2,4,5,3.15,0,0,FALSE
Female,Loyal Customer,59,Personal Travel,Eco,781,2,4,2,3,3,5,4,4,4,2,1,5,3,3.23,0,8,FALSE
Male,Loyal Customer,58,Business Travel,Business,1925,2,1,1,1,5,3,3,2,2,2,2,2,1,2.08,34,26,FALSE
Male,Loyal Customer,26,Personal Travel,Eco,583,3,5,3,5,2,3,2,2,5,4,5,5,2,3.54,0,0,FALSE
Male,Loyal Customer,49,Business Travel,Business,268,1,5,5,5,4,2,2,1,1,1,1,3,4,2.69,0,8,FALSE
Male,Loyal Customer,14,Personal Travel,Business,363,2,4,2,2,4,2,4,4,4,4,4,3,4,3.31,1,8,FALSE
Male,Loyal Customer,41,Business Travel,Eco,751,1,2,2,2,1,1,1,1,2,5,4,1,1,1.85,0,0,FALSE
Male,Loyal Customer,33,Business Travel,Business,1997,5,5,5,5,5,5,5,5,3,5,4,3,5,4.62,0,0,TRUE
Female,Loyal Customer,29,Personal Travel,Eco,1300,3,4,3,3,5,3,1,5,5,5,4,4,5,3.85,14,4,FALSE
Female,Loyal Customer,21,Personal Travel,Eco,626,5,2,5,4,5,5,5,5,3,4,3,4,5,4.23,0,0,TRUE
Male,Loyal Customer,41,Business Travel,Business,679,4,4,4,4,2,4,5,4,4,4,4,5,5,4.08,1,0,TRUE
Male,Loyal Customer,27,Business Travel,Business,1005,4,1,1,1,4,4,4,4,4,1,3,3,4,2.92,0,0,FALSE
Female,Loyal Customer,51,Business Travel,Eco,326,5,2,2,2,4,2,2,5,5,5,5,4,5,3.69,0,0,TRUE
Female,Loyal Customer,36,Personal Travel,Eco,227,1,5,1,1,1,1,1,1,4,2,5,5,1,2.23,0,0,FALSE
Male,Loyal Customer,48,Business Travel,Business,236,5,5,4,5,5,5,5,5,5,5,5,5,5,4.92,0,0,TRUE
Female,Loyal Customer,54,Personal Travel,Eco,770,2,5,2,2,2,4,4,4,4,2,1,4,3,3,5,2,FALSE
Male,Loyal Customer,65,Personal Travel,Eco Plus,606,3,5,3,3,4,3,3,4,4,3,5,5,4,3.77,2,0,FALSE
Male,Loyal Customer,15,Business Travel,Eco Plus,808,1,5,5,5,1,1,2,1,1,1,3,1,1,2.15,0,8,FALSE
Male,Disloyal Customer,47,Business Travel,Eco Plus,867,3,3,3,3,1,3,1,1,2,3,3,1,1,2.15,0,8,FALSE
Female,Disloyal Customer,26,Business Travel,Business,874,2,2,2,3,4,2,4,4,4,2,4,4,4,3.15,21,40,FALSE
Female,Loyal Customer,7,Personal Travel,Eco,436,2,4,2,4,2,2,2,2,5,2,5,4,2,2.92,0,2,FALSE
Male,Loyal Customer,40,Personal Travel,Eco,772,2,3,2,3,2,2,2,2,3,1,2,5,2,2.38,68,67,FALSE
Female,Loyal Customer,17,Personal Travel,Eco,762,1,5,1,4,3,1,3,3,4,5,5,5,3,3.31,0,0,FALSE
Male,Loyal Customer,35,Business Travel,Business,833,4,4,4,4,3,4,5,4,4,4,4,3,4,3.92,0,0,TRUE
Male,Loyal Customer,65,Personal Travel,Eco,376,1,5,1,1,5,1,5,5,4,4,5,3,5,3.46,0,,FALSE
Male,Loyal Customer,43,Personal Travel,Eco,1119,4,4,3,4,3,3,3,3,4,5,5,4,3,3.69,0,0,FALSE
Female,Loyal Customer,23,Personal Travel,Business,1188,2,5,2,2,5,2,5,5,1,3,4,4,5,3.46,0,0,FALSE
Female,Loyal Customer,55,Business Travel,Business,819,4,5,5,5,2,3,4,4,4,4,4,3,3,3.85,0,0,FALSE
Male,Disloyal Customer,37,Business Travel,Business,689,5,5,5,5,4,5,4,4,5,5,4,4,4,4.54,0,1,TRUE
Female,Loyal Customer,38,Business Travel,Business,1710,3,3,3,3,4,3,3,4,4,4,4,2,4,3.38,16,19,TRUE
Male,Loyal Customer,25,Business Travel,Business,237,5,5,5,5,5,5,5,5,3,5,4,3,5,4.62,0,0,TRUE
Female,Loyal Customer,19,Personal Travel,Eco Plus,844,3,5,3,2,1,3,1,1,4,5,5,5,1,3,8,0,FALSE
Female,Loyal Customer,58,Personal Travel,Eco,258,2,5,2,2,1,1,5,5,5,2,5,4,3,3.23,0,0,FALSE
Female,Disloyal Customer,27,Business Travel,Eco,184,3,1,3,3,5,3,1,5,3,1,4,4,5,3.15,0,0,FALSE
Female,Loyal Customer,55,Business Travel,Business,2007,5,5,5,5,2,4,5,4,4,4,4,5,3,4.23,19,3,TRUE
Male,Loyal Customer,43,Business Travel,Business,1056,1,1,1,1,5,5,5,4,4,4,4,5,3,3.31,47,51,TRUE
Male,Loyal Customer,64,Personal Travel,Eco,327,5,0,3,3,5,3,4,5,5,4,5,4,5,3.92,0,0,TRUE
Male,Disloyal Customer,25,Business Travel,Eco,883,4,4,4,3,2,4,2,2,1,2,3,1,2,2.62,0,9,FALSE
Female,Loyal Customer,67,Personal Travel,Eco,1158,1,5,2,4,2,5,5,1,1,2,1,4,3,2.77,12,5,FALSE
Male,Loyal Customer,46,Personal Travel,Eco,529,2,5,2,4,2,2,2,2,4,5,5,4,2,3.15,0,0,FALSE
Male,Loyal Customer,70,Personal Travel,Eco,2677,4,4,4,5,4,5,5,3,4,4,4,5,5,4.31,0,0,FALSE
Male,Loyal Customer,38,Business Travel,Eco,2614,5,3,3,3,5,5,5,1,4,5,1,5,5,3.85,0,0,TRUE
Male,Loyal Customer,37,Business Travel,Business,1800,5,5,2,5,2,5,4,5,5,5,5,3,3,4.15,0,0,TRUE
Female,Loyal Customer,53,Business Travel,Eco,205,4,5,5,5,1,3,4,4,4,4,4,3,3,3.77,0,5,FALSE
Female,Loyal Customer,42,Business Travel,Business,2759,0,0,0,3,3,4,4,4,4,1,1,5,3,2.46,0,0,TRUE
Female,Loyal Customer,45,Business Travel,Business,632,1,1,1,1,3,5,5,4,4,4,4,4,4,3.15,0,0,TRUE
Female,Loyal Customer,39,Business Travel,Business,2205,3,4,4,4,5,4,4,3,3,3,3,3,1,3.38,33,28,FALSE
Male,Loyal Customer,43,Business Travel,Business,2562,4,4,4,4,3,4,5,5,5,5,5,2,2,4,0,0,TRUE
Female,Disloyal Customer,17,Business Travel,Eco,163,3,4,3,4,2,3,2,2,1,1,4,2,2,2.54,0,0,FALSE
Male,Loyal Customer,58,Personal Travel,Eco,840,1,4,1,3,2,1,2,2,5,4,5,4,2,2.77,0,0,FALSE
Female,Loyal Customer,32,Business Travel,Eco,1562,5,5,5,5,5,5,5,5,4,2,1,1,5,4.08,24,15,TRUE
Male,Loyal Customer,12,Personal Travel,Eco Plus,1017,3,5,3,3,4,3,3,4,4,1,3,3,4,3.31,11,0,FALSE
Male,Loyal Customer,55,Business Travel,Eco Plus,397,5,5,3,5,5,5,5,5,3,5,2,2,5,4.23,0,0,TRUE
Male,Loyal Customer,31,Business Travel,Business,1117,5,1,5,5,5,5,5,5,5,3,4,5,5,4.46,1,0,TRUE
Female,Disloyal Customer,17,Business Travel,Eco,1189,2,2,2,4,4,2,4,4,1,3,4,3,4,3,1,0,FALSE
Female,Loyal Customer,33,Business Travel,Eco,187,4,2,5,2,5,5,5,5,3,2,1,3,5,3.62,4,0,TRUE
Male,Loyal Customer,55,Business Travel,Business,3713,5,5,5,5,3,4,4,3,3,3,3,5,5,4.08,71,116,TRUE
Male,Disloyal Customer,22,Business Travel,Eco,1142,2,2,2,3,4,2,4,4,3,5,5,3,4,3.31,6,0,FALSE
Male,Loyal Customer,46,Business Travel,Eco,583,2,4,1,1,2,2,2,2,1,4,3,3,2,2.23,0,0,FALSE
Female,Disloyal Customer,36,Business Travel,Eco,529,1,3,1,3,1,1,1,1,4,1,3,1,1,1.69,0,0,FALSE
Male,Loyal Customer,63,Business Travel,Business,1723,3,3,3,3,5,4,4,4,4,4,4,4,5,3.85,0,2,TRUE
Male,Loyal Customer,56,Business Travel,Business,2406,3,3,3,3,2,5,4,2,2,2,2,4,5,3.08,0,0,TRUE
Male,Loyal Customer,53,Business Travel,Business,3264,0,0,0,3,3,4,4,4,4,4,1,5,4,2.77,7,0,TRUE
Female,Loyal Customer,12,Personal Travel,Eco,436,4,5,4,1,4,4,4,4,4,4,5,5,4,4,15,15,FALSE
Male,Disloyal Customer,39,Business Travel,Eco,982,2,2,2,4,2,2,3,2,1,1,2,4,2,2.23,0,0,FALSE
Female,Loyal Customer,45,Business Travel,Business,1827,4,4,4,4,3,4,5,4,4,4,4,4,3,3.92,0,0,TRUE
Female,Loyal Customer,20,Personal Travel,Eco,273,1,0,1,1,5,1,5,5,4,4,1,3,5,2.77,0,0,FALSE
Male,Loyal Customer,20,Personal Travel,Eco,134,1,0,1,2,1,5,5,5,2,5,5,5,5,3.23,244,236,FALSE
Female,Loyal Customer,57,Business Travel,Business,1431,1,1,1,1,2,5,4,4,4,4,4,4,4,3,6,0,TRUE
Male,Loyal Customer,19,Personal Travel,Eco,427,2,4,2,4,3,2,3,3,3,3,5,5,3,3.23,0,0,FALSE
Male,Loyal Customer,56,Business Travel,Business,3466,2,2,2,2,5,4,4,4,4,4,4,5,5,3.62,4,13,TRUE
Male,Loyal Customer,24,Personal Travel,Eco,231,4,4,0,5,4,0,4,4,5,5,5,5,4,3.77,0,0,FALSE
Male,Loyal Customer,47,Personal Travel,Eco,802,1,5,1,3,5,1,5,5,3,1,1,2,5,2.92,22,42,FALSE
Female,Loyal Customer,21,Personal Travel,Eco,390,1,5,1,2,5,1,5,5,3,1,2,3,5,3,0,0,FALSE
Male,Disloyal Customer,49,Business Travel,Eco Plus,911,4,4,4,4,1,4,1,1,1,5,4,1,1,2.69,0,0,FALSE
Female,Loyal Customer,60,Personal Travel,Eco,296,1,4,1,5,4,5,4,1,1,1,1,5,3,2.77,0,0,FALSE
Male,Loyal Customer,33,Business Travel,Eco,692,2,5,5,5,2,2,2,2,4,4,4,1,2,3.08,20,52,FALSE
Male,Loyal Customer,16,Personal Travel,Eco Plus,954,1,5,1,2,3,1,3,3,3,5,4,4,3,2.92,0,0,FALSE
Male,Loyal Customer,67,Personal Travel,Eco Plus,4983,5,5,5,4,5,1,1,1,3,5,5,1,1,3.23,0,0,TRUE
Female,Loyal Customer,24,Business Travel,Business,460,4,4,4,4,4,4,4,4,3,5,4,5,4,4.08,0,1,TRUE
Male,Loyal Customer,42,Business Travel,Eco Plus,781,5,3,3,3,5,5,5,5,5,1,2,1,5,3.69,30,14,TRUE
Female,Loyal Customer,36,Business Travel,Eco,134,1,2,2,2,1,2,1,1,3,5,4,2,1,2.08,0,0,FALSE
Female,Loyal Customer,31,Personal Travel,Eco Plus,226,1,4,1,4,3,1,4,3,4,5,5,4,3,3.23,0,0,FALSE
Male,Loyal Customer,35,Personal Travel,Eco,1199,4,4,4,2,5,4,5,5,2,3,1,2,5,3.54,0,0,FALSE
Female,Disloyal Customer,28,Business Travel,Eco,432,3,5,3,3,2,3,2,2,5,5,4,1,2,3.08,0,0,FALSE
Female,Loyal Customer,15,Personal Travel,Eco,631,5,3,5,5,3,5,3,3,5,3,2,3,3,3.69,52,64,TRUE
Female,Loyal Customer,39,Business Travel,Business,356,1,1,1,1,4,4,4,4,3,4,5,4,4,3.08,180,185,TRUE
Male,Loyal Customer,57,Business Travel,Business,1957,2,2,2,2,3,5,5,5,5,5,5,3,5,3.77,11,34,TRUE
Male,Loyal Customer,39,Business Travel,Business,368,1,1,1,1,2,5,5,5,5,5,5,3,5,3.38,6,4,TRUE
Male,Loyal Customer,31,Business Travel,Business,2480,5,5,5,5,4,4,4,4,3,5,5,3,4,4.31,80,72,TRUE
Female,Loyal Customer,17,Personal Travel,Eco,660,1,4,1,4,4,1,5,4,3,4,4,3,4,3.23,84,110,FALSE
Male,Loyal Customer,52,Business Travel,Business,1447,4,4,4,4,5,4,4,4,4,4,4,3,5,4.08,0,0,TRUE
Female,Loyal Customer,36,Business Travel,Eco,1020,4,5,5,5,4,4,4,4,2,3,4,2,4,3.85,7,0,FALSE
Female,Loyal Customer,19,Personal Travel,Eco,1138,3,5,3,2,4,3,4,4,3,4,4,4,4,3.62,0,0,FALSE
Male,Loyal Customer,13,Personal Travel,Eco,189,4,5,4,3,4,4,4,4,2,2,2,2,4,3.38,0,0,FALSE
Female,Loyal Customer,47,Business Travel,Business,2603,1,1,1,1,2,5,4,2,2,2,2,5,3,2.38,0,0,TRUE
Female,Loyal Customer,54,Personal Travel,Eco,2994,3,4,3,3,3,3,3,1,3,4,3,3,3,3,0,4,FALSE
Female,Loyal Customer,41,Personal Travel,Eco,583,1,5,1,4,5,1,5,5,5,2,4,4,5,3.62,0,10,FALSE
Male,Loyal Customer,56,Business Travel,Business,1923,4,4,4,4,2,5,5,5,5,5,5,5,3,4.31,0,3,TRUE
Male,Loyal Customer,39,Business Travel,Business,919,3,3,3,3,5,4,4,5,5,5,5,3,4,4,0,0,TRUE
Male,Loyal Customer,37,Personal Travel,Eco,134,3,0,3,4,5,3,5,5,4,4,5,4,5,3.85,0,0,FALSE
Male,Disloyal Customer,44,Business Travel,Eco,143,1,0,0,2,3,0,3,3,4,1,3,4,3,2.08,0,0,FALSE
Male,Loyal Customer,66,Personal Travel,Eco,2583,3,5,3,5,3,1,1,5,1,4,3,1,1,2.77,0,0,FALSE
Male,Loyal Customer,34,Personal Travel,Eco,1399,2,4,2,4,3,2,3,3,4,5,4,3,3,3.23,0,0,FALSE
Male,Loyal Customer,29,Personal Travel,Eco,813,1,0,1,2,4,1,4,4,2,2,3,3,4,2.38,0,0,FALSE
Male,Disloyal Customer,22,Business Travel,Eco,1310,2,2,2,3,5,2,4,5,3,1,3,3,5,3.08,2,13,FALSE
Female,Loyal Customer,58,Business Travel,Business,1044,2,2,2,2,4,5,4,4,4,4,4,4,5,3.54,0,0,TRUE
Male,Loyal Customer,31,Personal Travel,Eco,936,1,5,2,3,1,2,1,1,5,1,2,2,1,2.08,13,20,FALSE
Male,Loyal Customer,70,Personal Travel,Eco,1609,1,4,0,1,5,0,5,5,3,4,3,3,5,3,0,0,FALSE
Male,Loyal Customer,24,Business Travel,Business,679,5,5,5,5,5,5,5,5,3,1,4,3,5,4.31,0,24,TRUE
Male,Loyal Customer,60,Business Travel,Business,3753,3,3,3,3,5,5,5,4,4,4,4,4,5,4,5,2,TRUE
Female,Loyal Customer,16,Personal Travel,Eco,1521,3,5,3,4,2,3,2,2,1,1,5,4,2,2.85,0,0,FALSE
Female,Loyal Customer,33,Business Travel,Business,2120,2,2,2,2,5,4,5,5,5,5,5,3,5,3.85,0,0,TRUE
Female,Disloyal Customer,26,Business Travel,Business,1121,4,4,4,1,2,4,4,2,4,2,4,3,2,3.08,21,13,TRUE
Female,Loyal Customer,49,Business Travel,Business,2198,1,1,1,1,3,5,4,5,5,5,5,4,3,3.31,0,0,TRUE
Male,Loyal Customer,56,Business Travel,Business,1076,3,1,1,1,5,4,3,3,3,4,3,3,2,2.77,0,0,FALSE
Female,Disloyal Customer,35,Business Travel,Eco,759,2,2,2,3,5,2,3,5,5,4,1,4,5,3.31,0,0,FALSE
Female,Loyal Customer,41,Business Travel,Business,337,4,4,4,4,5,4,4,4,4,4,4,4,4,4.08,71,43,TRUE
Male,Loyal Customer,53,Personal Travel,Eco,444,2,5,3,3,4,3,4,4,3,2,4,4,4,3.46,68,104,FALSE
Female,Loyal Customer,31,Business Travel,Business,130,4,4,4,4,5,5,5,5,4,2,5,5,5,4.38,12,13,TRUE
Female,Loyal Customer,50,Business Travel,Business,1622,4,4,4,4,3,4,5,5,5,5,5,3,5,4.31,6,13,TRUE
Female,Loyal Customer,47,Business Travel,Business,1768,3,3,3,3,5,4,5,5,5,5,5,3,3,4,8,0,TRUE
Female,Loyal Customer,62,Business Travel,Eco,609,4,5,2,2,1,4,4,4,4,4,4,2,4,3.38,0,0,TRUE
Female,Loyal Customer,47,Business Travel,Business,3200,1,1,1,1,4,3,2,4,4,4,4,3,2,2.62,0,0,TRUE
Female,Loyal Customer,34,Personal Travel,Business,507,0,4,0,3,4,4,5,2,2,0,2,5,4,2.69,89,76,TRUE
Male,Loyal Customer,48,Business Travel,Eco,347,4,3,3,3,4,4,4,4,2,3,3,4,4,3.46,0,0,TRUE
Female,Loyal Customer,33,Business Travel,Business,1062,1,1,1,1,4,2,2,1,1,1,1,2,4,1.69,0,0,FALSE
Female,Loyal Customer,49,Personal Travel,Eco,601,3,4,3,2,2,4,5,5,5,3,5,4,3,3.69,0,0,FALSE
Female,Loyal Customer,41,Personal Travel,Eco,90,2,2,2,3,2,2,2,2,2,3,3,3,2,2.31,0,0,FALSE
Female,Loyal Customer,25,Business Travel,Business,280,2,2,3,2,3,4,3,3,4,2,2,2,3,2.69,0,0,TRUE
Female,Loyal Customer,34,Business Travel,Business,316,3,4,3,4,4,3,3,3,3,3,3,2,2,3.08,0,0,FALSE
Female,Disloyal Customer,27,Business Travel,Eco,130,4,2,4,3,3,4,4,3,3,4,2,1,3,3.08,32,41,FALSE
Male,Loyal Customer,69,Personal Travel,Eco,200,3,4,3,3,4,3,3,4,1,1,4,4,4,3.15,0,0,FALSE
Female,Loyal Customer,68,Personal Travel,Eco,448,3,4,2,2,5,4,4,4,4,2,5,3,4,3.54,43,40,FALSE
Male,Disloyal Customer,28,Business Travel,Business,1013,2,1,1,3,3,1,5,3,4,2,4,5,3,2.85,0,0,FALSE
Male,Disloyal Customer,41,Business Travel,Eco,175,4,0,4,2,5,4,5,5,5,1,1,5,5,3.54,0,0,TRUE
Female,Loyal Customer,31,Business Travel,Business,692,1,1,2,2,1,1,1,1,2,4,4,1,1,1.69,0,0,FALSE
Male,Loyal Customer,26,Business Travel,Business,1874,3,3,3,3,4,4,4,4,4,3,4,5,4,3.69,0,0,TRUE
Male,Loyal Customer,26,Business Travel,Eco,696,2,1,1,1,2,2,1,2,3,3,2,3,2,1.92,9,0,FALSE
Female,Loyal Customer,24,Business Travel,Business,1235,4,4,5,4,5,5,5,5,5,2,5,5,5,4.54,0,0,TRUE
Male,Loyal Customer,62,Personal Travel,Eco,867,3,1,3,4,3,3,4,3,4,5,4,3,3,3.31,73,96,FALSE
Female,Loyal Customer,11,Personal Travel,Eco,936,2,3,2,4,1,2,1,1,3,3,4,4,1,2.38,8,0,FALSE
Male,Loyal Customer,47,Business Travel,Business,2400,1,2,1,1,5,4,5,4,4,4,5,3,5,3.38,0,0,TRUE
Female,Loyal Customer,35,Business Travel,Business,2521,1,4,4,4,5,4,4,1,1,1,1,4,4,2.92,0,0,FALSE
Female,Loyal Customer,44,Personal Travel,Eco,696,4,3,4,3,5,4,3,2,2,4,2,2,1,3,0,0,FALSE
Female,Loyal Customer,59,Business Travel,Business,2142,4,4,2,4,5,5,5,4,4,4,4,3,3,3.92,0,2,TRUE
Male,Loyal Customer,55,Business Travel,Eco,867,4,4,5,5,4,4,4,4,2,1,5,4,4,3.85,19,0,TRUE
Male,Loyal Customer,43,Business Travel,Business,1197,3,3,3,3,4,4,5,3,3,3,3,5,5,3.62,0,0,TRUE
Female,Loyal Customer,15,Personal Travel,Business,515,2,4,2,4,5,2,5,5,3,5,4,5,5,3.92,0,7,FALSE
Female,Loyal Customer,43,Personal Travel,Business,190,4,4,4,1,1,2,2,3,3,4,3,3,4,2.92,0,0,FALSE
Male,Loyal Customer,50,Business Travel,Business,951,2,4,4,4,3,3,3,2,2,2,2,3,4,2.92,65,54,FALSE
Female,Disloyal Customer,38,Business Travel,Business,746,1,1,1,5,5,1,5,5,4,2,4,4,5,3.31,9,5,FALSE
Male,Loyal Customer,11,Business Travel,Business,2585,3,2,2,2,3,3,3,2,5,2,3,3,3,2.77,29,24,FALSE
Male,Disloyal Customer,23,Business Travel,Business,480,4,3,5,3,1,5,1,1,4,2,4,5,1,3,0,6,TRUE
Female,Loyal Customer,49,Personal Travel,Eco,1074,1,5,1,4,2,4,5,1,1,1,1,3,3,2.46,29,,FALSE
Female,Disloyal Customer,21,Business Travel,Business,449,4,2,4,2,2,4,2,2,1,3,3,1,2,2.46,0,0,FALSE
Male,Loyal Customer,54,Business Travel,Business,2351,4,4,4,4,5,5,4,4,4,4,4,3,4,4.08,0,8,TRUE
Male,Disloyal Customer,22,Business Travel,Business,1076,0,0,0,3,5,0,5,5,2,4,2,2,5,2.54,16,14,TRUE
Female,Loyal Customer,43,Business Travel,Business,421,4,2,3,2,5,4,3,4,4,4,4,1,4,3.38,0,0,FALSE
Female,Loyal Customer,8,Personal Travel,Eco,430,3,4,3,5,3,3,1,3,3,3,5,3,3,3.23,20,17,FALSE
Female,Loyal Customer,36,Personal Travel,Eco,407,2,5,3,3,3,3,3,3,2,2,5,2,3,3,0,0,FALSE
Male,Loyal Customer,44,Personal Travel,Eco,1846,2,2,2,4,2,2,2,2,1,1,4,2,2,2.15,0,0,FALSE
Male,Loyal Customer,46,Personal Travel,Eco,106,2,4,2,3,2,2,2,2,4,4,5,5,2,3,0,0,FALSE
Male,Loyal Customer,43,Business Travel,Business,1627,3,3,3,3,3,4,4,4,4,5,4,3,5,3.69,80,70,TRUE
Male,Loyal Customer,40,Personal Travel,Eco,1814,4,3,4,1,5,4,5,5,1,4,3,4,5,3.69,0,0,TRUE
Female,Loyal Customer,41,Business Travel,Eco,812,4,4,4,4,4,4,4,4,5,1,4,4,4,3.85,0,0,TRUE
Female,Loyal Customer,36,Personal Travel,Eco Plus,2583,4,3,4,3,4,3,3,3,5,5,3,3,3,3.54,0,5,TRUE
Female,Loyal Customer,68,Personal Travel,Eco,645,3,5,3,2,2,1,3,4,4,3,4,4,2,3.08,42,17,FALSE
Female,Disloyal Customer,37,Business Travel,Eco,544,2,4,2,4,1,2,1,1,1,5,4,1,1,2.23,15,20,FALSE
Male,Loyal Customer,14,Personal Travel,Eco,181,1,5,0,2,2,0,3,2,5,2,5,4,2,2.54,14,12,FALSE
Male,Loyal Customer,54,Business Travel,Business,237,4,4,4,4,5,5,4,4,4,4,4,4,3,4.08,65,60,TRUE
Female,Loyal Customer,60,Business Travel,Business,643,2,2,2,2,2,5,5,4,4,4,4,5,3,3.38,9,1,TRUE
Female,Loyal Customer,40,Business Travel,Eco,1046,3,1,1,1,3,3,3,3,4,1,3,3,3,2.46,0,0,FALSE
Male,Loyal Customer,43,Business Travel,Business,562,4,3,3,3,1,4,3,4,4,4,4,2,1,3.08,45,51,FALSE
Male,Disloyal Customer,21,Business Travel,Eco,139,3,1,3,2,4,3,4,4,1,4,3,3,4,3,23,19,FALSE
Female,Loyal Customer,65,Personal Travel,Eco,141,3,2,3,4,5,3,4,3,3,3,3,2,3,3.15,0,0,FALSE
Female,Loyal Customer,42,Business Travel,Business,2331,2,2,2,2,4,4,2,4,4,4,4,3,3,3.08,0,0,TRUE
Female,Disloyal Customer,31,Business Travel,Eco Plus,956,3,3,3,3,3,3,3,3,5,5,2,3,3,3.23,0,0,FALSE
Female,Loyal Customer,79,Business Travel,Business,1713,4,1,1,1,2,4,3,4,4,4,4,3,1,2.77,47,65,FALSE
Male,Loyal Customer,40,Business Travel,Business,265,0,0,0,4,5,3,3,5,5,5,5,1,1,2.85,0,0,TRUE
Male,Loyal Customer,44,Business Travel,Business,1824,4,4,4,4,4,4,4,5,5,5,5,4,4,4.31,0,0,TRUE
Female,Disloyal Customer,11,Business Travel,Eco Plus,1721,3,4,4,4,1,4,1,1,3,5,2,3,1,2.77,62,96,FALSE
Male,Loyal Customer,37,Personal Travel,Eco,404,1,4,1,3,1,1,3,1,3,3,5,3,1,2.31,0,0,FALSE
Male,Loyal Customer,51,Business Travel,Business,991,1,1,1,1,2,5,4,4,4,4,4,3,4,2.92,4,0,TRUE
Male,Loyal Customer,58,Business Travel,Eco Plus,761,3,4,4,4,3,3,3,3,4,1,3,3,3,3.15,0,19,TRUE
Female,Loyal Customer,48,Personal Travel,Eco Plus,862,2,4,1,4,3,4,4,4,4,1,4,3,5,3.31,0,0,FALSE
Male,Loyal Customer,28,Personal Travel,Eco Plus,868,3,2,2,4,4,2,4,4,2,2,3,3,4,3,14,10,FALSE
Female,Loyal Customer,42,Personal Travel,Eco Plus,1488,1,3,1,3,3,4,1,5,5,1,5,2,4,2.92,10,10,FALSE
Female,Loyal Customer,17,Business Travel,Business,612,3,3,2,3,4,4,4,4,3,4,4,3,4,3.46,5,8,TRUE
Female,Loyal Customer,61,Business Travel,Eco Plus,771,2,2,5,2,2,3,3,2,2,2,2,2,1,2.31,0,4,FALSE
Female,Loyal Customer,10,Business Travel,Business,3963,1,1,1,1,1,1,1,1,4,1,2,4,1,1.54,5,0,FALSE
Female,Loyal Customer,50,Business Travel,Business,760,4,4,4,4,4,5,5,5,5,5,5,4,3,4.38,0,2,TRUE
Male,Loyal Customer,46,Business Travel,Business,333,4,4,4,4,2,4,5,5,5,5,5,3,5,4.23,8,0,TRUE
Female,Loyal Customer,54,Personal Travel,Business,605,3,4,3,2,3,5,4,5,5,3,5,4,4,3.85,0,0,FALSE
Female,Loyal Customer,52,Business Travel,Business,3766,4,4,5,4,5,4,5,4,4,4,4,3,4,4.15,0,0,TRUE
Male,Disloyal Customer,26,Business Travel,Eco,528,4,4,4,3,1,4,1,1,2,4,4,1,1,2.62,0,0,FALSE
Male,Loyal Customer,10,Personal Travel,Eco,965,5,2,5,4,5,5,5,5,4,3,3,1,5,4,0,5,TRUE
Male,Disloyal Customer,36,Business Travel,Business,356,2,2,2,3,3,2,4,3,5,3,4,4,3,3.08,0,0,FALSE
Female,Loyal Customer,57,Personal Travel,Eco,984,5,5,5,3,5,4,4,4,4,5,4,5,4,4.38,0,0,TRUE
Male,Loyal Customer,66,Personal Travel,Eco,1390,4,4,4,3,4,4,1,4,3,5,4,5,4,3.77,66,51,FALSE
Male,Loyal Customer,18,Personal Travel,Eco,526,4,4,5,4,2,5,2,2,5,4,4,3,2,3.54,0,0,FALSE
Female,Loyal Customer,66,Business Travel,Business,377,3,4,4,4,5,2,3,3,3,3,3,2,3,3.23,65,57,FALSE
Female,Loyal Customer,54,Business Travel,Business,2712,4,4,4,4,4,5,5,4,4,4,4,4,5,4.23,0,0,TRUE
Male,Loyal Customer,11,Personal Travel,Eco,516,2,5,2,4,3,2,3,3,2,4,3,4,3,3.08,15,49,FALSE
Male,Loyal Customer,39,Business Travel,Business,3653,2,2,2,2,5,4,4,4,4,4,4,4,4,3.46,25,23,TRUE
Male,Loyal Customer,30,Personal Travel,Eco,429,1,4,2,4,3,2,3,3,3,5,2,3,3,2.92,5,0,FALSE
Male,Loyal Customer,40,Personal Travel,Eco,140,3,4,3,3,4,3,4,4,1,1,3,2,4,3,4,0,FALSE
Male,Loyal Customer,26,Business Travel,Eco,693,5,2,2,2,5,5,4,5,4,3,4,4,5,3.85,12,3,TRUE
Male,Loyal Customer,26,Business Travel,Business,1699,3,3,1,3,3,3,3,3,1,3,4,3,3,2.77,4,0,TRUE
Male,Loyal Customer,56,Business Travel,Business,2975,0,5,0,2,5,5,5,5,5,5,5,3,5,3.85,0,13,TRUE
Female,Loyal Customer,34,Personal Travel,Eco,294,3,4,3,3,4,3,4,4,4,4,4,3,4,3.62,0,0,FALSE
Female,Loyal Customer,25,Business Travel,Eco,579,1,2,2,2,1,1,1,1,3,4,4,1,1,1.85,51,77,FALSE
Female,Disloyal Customer,42,Business Travel,Business,689,2,2,2,3,5,2,5,5,5,3,5,3,5,3.62,3,0,FALSE
Male,Loyal Customer,56,Personal Travel,Eco,270,2,0,2,4,2,2,3,2,3,5,5,4,2,2.77,17,16,FALSE
Male,Loyal Customer,25,Business Travel,Business,337,2,2,2,2,2,2,2,2,3,2,4,4,2,2.38,28,19,FALSE
Male,Loyal Customer,59,Personal Travel,Eco,1046,3,5,3,3,3,3,3,3,5,2,4,5,3,3.46,22,16,FALSE
Male,Loyal Customer,27,Business Travel,Business,2475,1,1,1,1,5,5,5,3,4,4,5,5,5,3.46,0,19,TRUE
Male,Loyal Customer,69,Personal Travel,Eco,453,2,5,3,3,4,3,4,4,2,5,5,4,4,3.69,0,0,FALSE
Female,Loyal Customer,26,Personal Travel,Eco,129,4,0,4,4,4,4,4,4,3,4,4,3,4,3.54,0,3,FALSE
Male,Loyal Customer,69,Personal Travel,Eco,1829,3,5,3,5,5,3,3,5,5,5,3,4,5,4.15,0,0,FALSE
Male,Disloyal Customer,25,Business Travel,Business,189,3,4,3,1,3,3,3,3,3,4,4,5,3,3.23,7,0,FALSE
Female,Loyal Customer,27,Business Travel,Business,3720,3,3,3,3,4,4,4,4,5,3,5,3,4,3.69,6,0,TRUE
Female,Loyal Customer,32,Business Travel,Eco,1499,0,0,0,2,3,0,3,3,1,1,2,5,3,1.77,94,76,TRUE
Female,Loyal Customer,27,Business Travel,Business,1489,2,2,2,2,5,5,5,5,3,3,5,3,5,3.62,0,0,TRUE
Male,Loyal Customer,67,Personal Travel,Eco,515,2,4,3,4,2,3,2,2,3,2,5,4,2,2.92,0,9,FALSE
Male,Loyal Customer,51,Personal Travel,Eco,584,3,4,3,3,5,3,2,5,4,4,5,4,5,3.85,29,8,FALSE
Male,Loyal Customer,48,Business Travel,Eco,557,2,5,5,5,2,2,2,2,4,4,3,2,2,3.08,45,66,FALSE
Female,Loyal Customer,27,Personal Travel,Business,1399,0,5,0,4,5,0,5,5,5,2,4,4,5,3.38,1,0,TRUE
Female,Loyal Customer,51,Business Travel,Business,655,1,1,1,1,5,1,5,4,4,4,4,3,1,2.69,7,1,TRUE
Male,Loyal Customer,58,Personal Travel,Eco,507,2,4,2,4,3,2,4,3,5,4,4,4,3,3.38,0,0,FALSE
Female,Loyal Customer,41,Business Travel,Business,1728,0,1,1,3,4,5,5,2,2,2,2,4,3,2.62,5,0,TRUE
Male,Loyal Customer,7,Personal Travel,Eco,1590,1,4,1,5,3,1,3,3,5,4,4,3,3,3.08,0,4,FALSE
Female,Loyal Customer,39,Personal Travel,Eco,602,2,5,2,2,1,2,1,1,4,4,4,3,1,2.46,19,18,FALSE
Female,Loyal Customer,41,Business Travel,Business,2331,2,3,3,3,1,4,3,2,2,3,2,4,3,2.69,82,100,FALSE
Male,Loyal Customer,57,Business Travel,Business,2995,2,2,2,2,3,4,5,5,5,5,5,5,5,3.85,0,7,TRUE
Male,Loyal Customer,56,Business Travel,Business,361,4,4,4,4,5,4,5,4,4,4,4,3,5,4.15,24,19,TRUE
Male,Loyal Customer,45,Personal Travel,Eco Plus,1009,2,5,2,3,5,2,5,5,5,2,4,4,5,3.77,0,0,FALSE
Female,Disloyal Customer,20,Business Travel,Eco,119,0,0,0,1,4,0,3,4,5,5,4,4,4,2.62,0,0,TRUE
Female,Loyal Customer,53,Business Travel,Eco,835,3,5,5,5,1,4,3,3,3,3,3,2,1,3.15,19,7,FALSE
Female,Loyal Customer,56,Business Travel,Business,2565,3,3,3,3,3,3,4,5,5,5,5,3,5,3.85,0,0,TRUE
Male,Disloyal Customer,23,Business Travel,Eco,1005,5,5,5,3,5,5,1,5,5,2,5,3,5,4.15,1,0,TRUE
Male,Loyal Customer,26,Business Travel,Business,692,2,3,2,2,4,4,4,4,1,4,1,4,4,3,1,0,TRUE
Female,Loyal Customer,48,Business Travel,Business,2370,5,5,4,5,3,5,5,3,3,3,3,3,3,3.85,0,0,TRUE
Male,Loyal Customer,45,Business Travel,Business,2569,3,3,3,3,5,5,5,4,4,5,1,5,5,3.92,17,41,TRUE
Male,Loyal Customer,59,Personal Travel,Eco,925,1,4,1,5,2,1,2,2,3,2,5,3,2,2.54,12,6,FALSE
Male,Loyal Customer,41,Personal Travel,Eco,677,2,2,2,3,2,2,2,2,3,5,2,3,2,2.46,0,15,FALSE
Male,Loyal Customer,60,Business Travel,Business,3921,2,2,2,2,5,4,5,2,2,2,2,3,5,2.92,67,60,TRUE
Female,Loyal Customer,56,Personal Travel,Eco,986,4,4,5,2,5,5,5,2,2,5,2,3,4,3.69,14,11,FALSE
Female,Loyal Customer,65,Personal Travel,Eco,1069,1,4,0,2,2,4,5,1,1,0,1,5,3,2.23,0,0,FALSE
Male,Loyal Customer,56,Personal Travel,Business,606,3,2,3,4,3,4,3,1,1,3,1,1,2,2.38,24,5,FALSE
Female,Loyal Customer,25,Business Travel,Business,1416,1,1,5,1,4,5,4,4,3,2,4,1,4,3,29,15,TRUE
Female,Disloyal Customer,48,Business Travel,Eco,841,3,3,3,4,5,3,4,5,3,5,4,1,5,3.69,121,117,FALSE
Female,Loyal Customer,22,Personal Travel,Eco,484,4,3,4,3,2,4,2,2,4,1,4,2,2,2.85,0,0,FALSE
Female,Loyal Customer,61,Business Travel,Business,2006,4,4,4,4,2,4,1,5,5,5,5,3,5,3.92,0,0,TRUE
Female,Loyal Customer,31,Business Travel,Business,2722,1,1,1,1,4,4,4,4,3,5,1,5,4,2.92,21,9,TRUE
Female,Loyal Customer,19,Business Travel,Eco Plus,888,2,1,1,1,2,2,2,2,2,2,4,2,2,1.92,52,44,FALSE
Female,Loyal Customer,40,Personal Travel,Eco,780,2,3,2,1,2,2,2,2,5,4,4,1,2,2.46,0,0,FALSE
Female,Loyal Customer,27,Business Travel,Business,495,1,4,3,4,1,2,1,1,2,3,3,3,1,2.23,8,11,FALSE
Male,Loyal Customer,27,Business Travel,Business,3221,4,4,4,4,4,5,4,4,4,2,5,4,4,4,53,46,TRUE
Female,Disloyal Customer,22,Business Travel,Eco,1158,1,1,1,3,3,1,3,3,4,2,4,4,3,2.54,0,8,FALSE
Female,Loyal Customer,43,Personal Travel,Eco,156,4,4,4,5,3,5,5,5,5,4,5,5,5,4.54,0,0,TRUE
Male,Disloyal Customer,23,Business Travel,Eco,896,3,3,3,3,4,3,4,4,2,4,4,3,4,3.38,26,17,FALSE
Female,Loyal Customer,49,Personal Travel,Eco,666,3,2,3,4,5,3,3,5,5,3,5,1,4,3.54,12,0,FALSE
Female,Disloyal Customer,47,Business Travel,Business,386,4,4,4,5,5,4,5,5,5,2,5,5,5,4.46,48,40,FALSE
Male,Loyal Customer,55,Personal Travel,Eco,569,3,1,3,2,4,3,2,4,1,5,1,4,4,2.85,0,0,FALSE
Male,Loyal Customer,49,Business Travel,Business,2419,3,3,3,3,1,4,4,3,3,4,3,5,4,3.31,18,12,TRUE
Female,Loyal Customer,45,Business Travel,Business,2684,3,3,3,3,2,4,4,4,4,4,4,5,4,3.62,0,0,TRUE
Female,Loyal Customer,22,Personal Travel,Eco,679,2,5,2,1,5,2,5,5,3,3,4,3,5,3.46,4,17,FALSE
Female,Disloyal Customer,43,Business Travel,Business,164,2,2,2,3,4,2,4,4,4,5,2,3,4,3.15,25,13,FALSE
Female,Loyal Customer,42,Business Travel,Eco,1009,2,4,4,4,2,2,2,2,2,2,2,3,3,2.62,0,0,FALSE
Female,Loyal Customer,58,Business Travel,Business,671,5,5,5,5,5,5,4,4,4,4,4,4,3,4.38,10,5,TRUE
Male,Loyal Customer,57,Personal Travel,Eco,1208,2,2,2,4,5,2,3,5,1,5,3,3,5,3.23,0,0,FALSE
Male,Disloyal Customer,36,Business Travel,Business,390,2,2,2,2,3,2,2,3,3,4,4,4,3,2.77,44,43,FALSE
Male,Loyal Customer,35,Business Travel,Eco,2475,5,3,3,3,5,5,5,5,2,1,4,4,5,3.85,0,0,TRUE
Female,Loyal Customer,42,Business Travel,Business,3277,2,2,2,2,2,4,5,5,5,5,5,3,3,3.46,0,0,TRUE
Female,Loyal Customer,43,Personal Travel,Eco,2288,3,2,3,3,3,4,4,4,4,3,2,4,2,3.15,120,91,FALSE
Male,Loyal Customer,31,Business Travel,Business,1022,2,2,2,2,3,4,3,3,4,2,5,5,3,3.08,5,25,TRUE
Female,Loyal Customer,69,Business Travel,Business,1938,4,2,2,2,3,1,1,4,4,4,4,1,4,2.77,0,14,FALSE
Female,Loyal Customer,53,Business Travel,Eco,583,4,4,4,4,2,4,4,4,4,4,4,1,3,3.54,0,0,FALSE
Female,Disloyal Customer,10,Business Travel,Eco,1618,3,3,3,3,2,3,2,2,2,1,1,1,2,2.15,33,18,FALSE
Male,Loyal Customer,52,Personal Travel,Eco,1379,1,5,0,3,3,0,2,3,5,1,1,4,3,2.38,10,18,FALSE
Female,Disloyal Customer,29,Business Travel,Business,761,5,4,4,3,2,4,2,2,3,3,5,5,2,3.38,0,0,TRUE
Female,Loyal Customer,31,Personal Travel,Eco,978,4,5,5,1,2,5,2,2,3,3,5,4,2,3.31,0,0,FALSE
Female,Loyal Customer,49,Business Travel,Business,317,3,2,3,3,3,5,4,4,4,4,4,5,5,3.77,13,5,TRUE
Male,Loyal Customer,69,Personal Travel,Eco,471,1,4,1,2,5,1,5,5,5,5,5,4,5,3.69,115,103,FALSE
Female,Loyal Customer,15,Business Travel,Business,1813,2,3,3,3,2,2,2,2,4,4,4,4,2,2.85,0,0,FALSE
Female,Loyal Customer,50,Business Travel,Eco,819,5,3,3,3,1,2,4,5,5,5,5,3,1,3.46,2,0,TRUE
Male,Loyal Customer,36,Personal Travel,Eco,508,4,3,4,1,5,4,5,5,3,3,1,3,5,3.54,0,0,FALSE
Female,Loyal Customer,55,Personal Travel,Eco,296,4,4,4,2,4,5,5,2,2,4,2,4,3,3.46,0,8,FALSE
Male,Disloyal Customer,9,Business Travel,Eco,820,4,4,4,3,4,4,2,1,2,3,3,2,2,2.92,156,144,FALSE
Female,Loyal Customer,42,Business Travel,Business,2889,5,5,5,5,5,5,4,5,5,5,5,5,5,4.92,0,0,TRUE
Male,Loyal Customer,25,Personal Travel,Eco,369,1,5,1,4,3,1,3,3,2,5,1,2,3,2.62,111,118,FALSE
Female,Loyal Customer,41,Personal Travel,Eco,302,2,4,2,5,1,2,1,1,4,4,4,5,1,2.77,33,28,FALSE
Female,Disloyal Customer,17,Business Travel,Eco,338,3,4,3,3,4,3,4,4,3,2,4,4,4,3.46,14,0,FALSE
Female,Loyal Customer,53,Business Travel,Business,429,3,3,3,3,3,5,5,4,4,4,4,3,3,3.62,3,0,TRUE
Female,Loyal Customer,40,Business Travel,Business,3829,5,5,5,5,4,5,4,4,4,5,4,5,4,4.54,14,0,TRUE
Female,Loyal Customer,62,Business Travel,Business,2493,5,5,5,5,2,5,4,4,4,4,4,4,4,4.23,8,8,TRUE
Female,Loyal Customer,43,Personal Travel,Eco,308,2,4,2,3,4,4,3,2,2,2,3,3,2,2.77,0,0,FALSE
Male,Loyal Customer,31,Business Travel,Business,541,4,4,4,4,2,2,2,2,4,5,5,4,2,3.38,0,0,TRUE
Male,Loyal Customer,46,Personal Travel,Eco,913,3,4,3,2,5,3,5,5,3,2,1,2,5,3.31,0,0,FALSE
Female,Loyal Customer,10,Personal Travel,Eco,373,2,4,2,2,4,2,4,4,2,4,4,5,4,3.31,30,21,FALSE
Male,Loyal Customer,33,Business Travel,Business,1167,4,3,3,3,4,4,4,4,3,4,3,3,4,3.54,1,0,FALSE
Female,Loyal Customer,66,Personal Travel,Eco,338,5,3,1,2,3,2,4,2,2,1,2,5,5,2.85,16,16,TRUE
Male,Loyal Customer,48,Business Travel,Business,1501,3,2,2,2,3,3,4,3,3,3,3,4,1,2.77,2,7,FALSE
Female,Loyal Customer,61,Personal Travel,Eco,599,1,2,1,3,4,3,4,5,5,1,5,3,3,3.08,0,0,FALSE
Male,Loyal Customer,30,Business Travel,Eco Plus,834,3,1,1,1,3,4,3,3,3,4,4,1,3,2.62,0,0,FALSE
Male,Loyal Customer,44,Business Travel,Eco,502,3,4,5,4,2,3,2,2,3,1,3,2,2,2.77,0,0,FALSE
Male,Loyal Customer,51,Personal Travel,Eco,1892,4,3,4,4,3,4,3,3,2,5,3,2,3,3.31,80,,FALSE
Female,Loyal Customer,31,Business Travel,Eco,345,3,4,4,4,3,3,3,3,1,1,3,2,3,2.85,25,18,FALSE
Female,Disloyal Customer,42,Business Travel,Business,849,1,1,1,2,1,1,1,1,4,5,5,5,1,2.23,105,95,FALSE
Male,Disloyal Customer,38,Business Travel,Eco,859,3,4,4,2,1,4,4,1,1,4,2,3,1,2.62,35,19,FALSE
Male,Loyal Customer,45,Business Travel,Business,1995,2,2,2,2,3,5,5,5,5,5,5,4,3,3.69,39,55,TRUE
Female,Disloyal Customer,28,Business Travel,Eco Plus,895,4,4,4,4,2,4,1,2,2,5,4,3,2,3.15,0,0,FALSE
Male,Loyal Customer,35,Business Travel,Business,199,5,5,5,5,1,1,4,4,4,4,4,3,4,3.77,0,0,TRUE
Male,Disloyal Customer,27,Business Travel,Eco,719,3,3,3,2,4,3,4,4,2,2,2,3,4,3,1,9,FALSE
Female,Loyal Customer,32,Business Travel,Eco,1121,4,3,3,3,4,4,4,4,3,3,5,1,4,3.46,10,14,TRUE
Male,Loyal Customer,45,Business Travel,Business,151,2,3,2,2,2,4,1,4,4,4,3,2,1,2.62,0,1,TRUE
Male,Loyal Customer,47,Business Travel,Business,3414,3,3,3,3,2,4,5,4,4,4,4,4,4,3.62,32,18,TRUE
Male,Loyal Customer,39,Business Travel,Business,1947,5,5,5,5,4,5,4,5,5,5,5,4,3,4.62,8,0,TRUE
Male,Loyal Customer,36,Personal Travel,Eco,1171,1,5,1,1,3,1,5,3,3,2,4,4,3,2.77,0,0,FALSE
Female,Disloyal Customer,23,Business Travel,Eco,1107,2,2,2,2,5,2,5,5,2,2,3,4,5,3.15,3,8,FALSE
Male,Loyal Customer,43,Business Travel,Business,251,5,5,5,5,2,4,4,4,4,4,4,5,3,4.15,67,65,TRUE
Male,Loyal Customer,38,Business Travel,Business,408,2,2,2,2,2,2,4,4,4,4,4,3,3,2.92,0,0,TRUE
Male,Loyal Customer,39,Personal Travel,Eco,265,2,1,2,3,5,2,3,5,3,3,1,2,5,2.85,2,17,FALSE
Female,Disloyal Customer,22,Business Travel,Eco,1388,2,2,2,4,2,2,2,2,4,3,3,2,2,2.46,13,12,FALSE
Male,Loyal Customer,54,Business Travel,Business,3414,0,5,0,1,2,4,4,3,3,3,3,4,4,2.77,1,0,TRUE
Male,Loyal Customer,27,Business Travel,Business,3122,3,3,3,3,4,4,4,4,5,2,5,4,4,3.69,1,0,TRUE
Female,Loyal Customer,41,Personal Travel,Eco,174,2,5,2,5,4,2,4,4,3,2,4,5,4,3.54,33,38,FALSE
Male,Loyal Customer,15,Business Travel,Eco Plus,1524,0,3,0,3,5,0,5,5,2,3,4,2,5,2.85,6,0,TRUE
Male,Loyal Customer,48,Business Travel,Eco,472,2,2,2,2,2,2,2,2,3,2,3,4,2,2.31,0,8,FALSE
Female,Loyal Customer,30,Personal Travel,Eco,600,2,5,2,1,5,2,5,5,5,3,4,4,5,3.69,86,88,FALSE
Female,Loyal Customer,49,Business Travel,Business,585,2,1,1,1,1,1,2,2,2,3,2,3,1,1.69,0,0,FALSE
Male,Disloyal Customer,25,Business Travel,Business,113,5,3,5,2,4,5,4,4,5,2,4,5,4,4,0,0,TRUE
Female,Loyal Customer,56,Business Travel,Business,2288,3,3,3,3,4,4,4,4,2,5,5,4,4,3.69,0,8,TRUE
Male,Loyal Customer,32,Personal Travel,Business,3711,3,5,3,3,3,2,2,5,4,3,4,2,2,3.15,57,33,FALSE
Male,Loyal Customer,56,Business Travel,Eco,404,4,5,5,5,4,4,4,4,2,4,2,5,4,4,0,0,TRUE
Female,Loyal Customer,52,Business Travel,Business,3613,5,5,5,5,5,5,5,4,4,4,5,4,4,4.62,0,0,TRUE
Female,Loyal Customer,15,Personal Travel,Eco,680,4,5,4,3,5,4,5,5,4,4,4,3,5,4.23,5,0,TRUE
Female,Loyal Customer,39,Business Travel,Business,151,2,2,2,2,3,5,5,5,5,5,4,3,5,3.69,3,0,TRUE
Male,Loyal Customer,56,Business Travel,Eco Plus,909,2,5,5,5,2,2,2,2,4,5,4,4,2,3.38,28,21,FALSE
Female,Loyal Customer,67,Personal Travel,Eco,604,2,4,2,3,4,5,5,3,3,2,3,5,4,3.46,0,6,FALSE
Female,Loyal Customer,23,Personal Travel,Eco,184,1,2,1,4,5,1,5,5,1,4,3,1,5,2.92,0,0,FALSE
Female,Loyal Customer,40,Business Travel,Business,2292,1,1,1,1,3,4,4,4,4,4,4,3,3,2.85,6,0,TRUE
Female,Loyal Customer,47,Personal Travel,Eco,764,4,4,4,5,3,4,4,1,1,4,1,5,4,3.38,0,0,TRUE
Female,Loyal Customer,50,Business Travel,Business,2523,0,0,0,4,5,5,4,4,4,4,3,3,5,3.15,97,89,TRUE
Female,Disloyal Customer,37,Business Travel,Eco,332,1,1,1,4,5,1,5,5,1,5,3,3,5,3.08,20,7,FALSE
Male,Loyal Customer,21,Personal Travel,Business,697,3,5,4,3,4,4,2,4,1,2,4,1,4,3.15,0,0,FALSE
Female,Disloyal Customer,23,Business Travel,Business,1598,4,4,5,3,3,5,3,3,5,2,3,3,3,3.54,0,13,TRUE
Male,Loyal Customer,55,Business Travel,Business,2389,1,1,1,1,2,5,5,5,5,5,5,4,4,3.38,37,28,TRUE
Male,Loyal Customer,51,Business Travel,Business,3528,5,5,5,5,2,2,1,4,4,4,4,3,4,3.69,10,14,TRUE
Female,Loyal Customer,39,Business Travel,Business,1766,2,2,2,2,2,4,4,4,4,4,4,5,3,3.23,0,0,TRUE
Female,Disloyal Customer,24,Business Travel,Eco,551,4,1,4,3,5,4,5,5,3,4,4,4,5,3.92,0,0,FALSE
Female,Loyal Customer,57,Business Travel,Business,3662,3,3,3,3,3,4,5,3,3,4,3,3,5,3.46,0,0,TRUE
Female,Loyal Customer,25,Business Travel,Business,337,2,5,1,5,2,2,2,2,2,4,4,2,2,2.69,0,0,FALSE
Male,Loyal Customer,57,Business Travel,Business,2446,3,3,3,3,4,3,3,3,3,5,4,3,3,3.31,211,221,TRUE
Male,Disloyal Customer,24,Business Travel,Eco,1440,2,2,2,4,2,2,5,2,4,4,4,3,2,2.92,0,0,TRUE
Female,Loyal Customer,41,Personal Travel,Eco Plus,554,3,4,3,3,2,5,5,5,5,3,5,4,3,3.85,0,0,FALSE
Female,Loyal Customer,57,Business Travel,Business,363,2,5,5,5,4,2,2,2,2,2,2,2,4,3,0,3,FALSE
Male,Loyal Customer,70,Personal Travel,Eco,2133,3,1,2,3,2,2,2,2,2,1,3,2,2,2.08,0,0,FALSE
Female,Loyal Customer,56,Business Travel,Business,3768,3,3,3,3,5,4,5,4,4,4,4,5,3,3.85,30,65,TRUE
Male,Loyal Customer,60,Business Travel,Business,3693,5,5,5,5,5,4,5,5,5,5,5,3,3,4.62,47,44,TRUE
Female,Loyal Customer,32,Business Travel,Business,3275,5,5,5,5,5,5,5,5,3,5,4,3,5,4.62,118,109,TRUE
Male,Loyal Customer,45,Personal Travel,Eco,423,2,2,2,4,1,2,1,1,1,3,4,3,1,2.08,0,7,FALSE
Female,Disloyal Customer,26,Business Travel,Eco,861,4,4,4,3,3,4,3,3,4,3,3,1,3,3.23,0,16,FALSE
Female,Loyal Customer,45,Business Travel,Business,991,2,3,2,2,5,5,4,5,5,5,5,3,3,3.77,4,3,TRUE
Female,Disloyal Customer,24,Business Travel,Eco Plus,692,1,2,1,3,3,1,3,3,2,1,4,1,3,2.15,2,7,FALSE
Female,Disloyal Customer,16,Business Travel,Eco,1232,3,3,3,1,1,3,1,1,3,1,3,4,1,2.15,2,0,FALSE
Female,Disloyal Customer,25,Business Travel,Eco,781,3,2,2,3,1,2,1,1,2,1,4,2,1,1.92,32,52,FALSE
Male,Loyal Customer,36,Business Travel,Business,2072,4,4,4,4,5,5,4,4,4,4,4,1,4,3.92,0,0,TRUE
Female,Loyal Customer,44,Business Travel,Business,1608,5,5,5,5,4,4,5,4,4,4,4,4,3,4.31,1,0,TRUE
Female,Loyal Customer,33,Business Travel,Business,3200,2,2,3,2,5,4,5,5,5,5,5,5,5,4.08,4,0,TRUE
Male,Loyal Customer,68,Personal Travel,Eco,481,3,3,5,4,4,5,4,4,2,2,3,3,4,3.54,0,0,FALSE
Female,Loyal Customer,40,Business Travel,Eco,359,4,2,5,2,4,5,4,4,5,4,1,2,4,3.54,7,0,TRUE
Female,Loyal Customer,37,Business Travel,Business,2384,1,1,1,1,2,5,4,4,4,4,4,5,3,3,0,0,TRUE
Male,Loyal Customer,45,Business Travel,Business,364,2,2,2,2,3,5,5,4,4,4,4,3,4,3.38,52,54,TRUE
Male,Loyal Customer,29,Business Travel,Eco Plus,531,1,3,3,3,1,2,1,1,4,1,4,4,1,2.23,0,0,FALSE
Male,Loyal Customer,66,Personal Travel,Eco,642,1,2,1,4,1,1,1,1,3,5,3,3,1,2.08,0,0,FALSE
Female,Loyal Customer,39,Business Travel,Business,147,2,5,5,5,4,4,4,2,2,2,2,4,3,3.38,84,73,FALSE
Male,Loyal Customer,48,Personal Travel,Eco,488,5,0,4,3,5,4,1,5,3,5,4,3,5,3.62,0,0,TRUE
Female,Loyal Customer,49,Business Travel,Business,1235,3,3,3,3,3,4,4,5,5,4,5,5,4,3.92,53,57,TRUE
Female,Disloyal Customer,33,Business Travel,Business,2454,1,1,1,2,1,5,1,3,5,4,4,1,1,2.31,0,1,FALSE
Male,Loyal Customer,35,Business Travel,Business,3774,2,2,5,2,5,5,5,4,4,4,4,3,5,3.85,0,0,TRUE
Male,Disloyal Customer,33,Business Travel,Business,432,3,3,3,5,4,3,4,4,3,4,5,5,4,3.85,0,0,FALSE
Female,Disloyal Customer,25,Business Travel,Eco,1751,1,1,1,1,5,1,5,5,1,5,4,2,5,2.85,1,0,FALSE
Female,Loyal Customer,18,Personal Travel,Eco Plus,2077,3,2,3,4,1,3,1,1,4,2,4,2,1,2.38,0,0,FALSE
Male,Loyal Customer,41,Business Travel,Eco Plus,813,3,3,3,3,3,3,3,3,4,5,4,1,3,3.15,65,67,FALSE
Female,Loyal Customer,38,Business Travel,Business,2454,5,5,5,5,4,4,4,3,5,4,4,4,4,4.31,29,53,TRUE
Male,Loyal Customer,54,Personal Travel,Eco Plus,1047,3,5,3,2,4,3,4,4,3,3,4,3,4,3.46,0,0,FALSE
Male,Loyal Customer,57,Business Travel,Business,1956,4,5,4,4,5,4,5,5,5,5,5,4,5,4.62,0,0,TRUE
Female,Loyal Customer,53,Business Travel,Business,283,4,4,3,4,5,4,4,5,5,5,5,4,5,4.38,0,0,TRUE
Male,Loyal Customer,52,Personal Travel,Eco,927,3,3,3,3,3,3,3,3,4,4,4,3,3,3.23,0,0,FALSE
Male,Loyal Customer,25,Business Travel,Business,1863,3,3,3,3,4,4,4,4,4,2,5,4,4,3.62,0,0,TRUE
Female,Disloyal Customer,50,Business Travel,Eco,479,2,3,3,4,3,3,5,3,2,3,3,2,3,3,1,12,FALSE
Female,Loyal Customer,57,Business Travel,Business,3685,3,3,3,3,5,4,4,4,4,4,4,4,4,3.77,22,7,TRUE
Male,Loyal Customer,54,Personal Travel,Eco,696,2,4,2,1,2,2,2,2,3,4,5,4,2,2.69,0,0,FALSE
Female,Disloyal Customer,30,Business Travel,Eco,356,4,3,3,5,2,3,2,2,4,2,1,1,2,2.62,0,0,FALSE
Male,Loyal Customer,32,Personal Travel,Eco,515,1,4,1,1,5,1,5,5,5,2,5,4,5,3.38,22,13,FALSE
Male,Loyal Customer,35,Personal Travel,Business,224,1,3,1,3,2,3,4,1,1,1,1,3,1,1.92,4,2,FALSE
Male,Loyal Customer,58,Business Travel,Business,3154,1,1,1,1,2,4,4,5,5,5,5,5,4,3.31,8,2,TRUE
Female,Loyal Customer,19,Personal Travel,Eco,265,3,1,3,3,3,3,3,2,2,4,3,3,3,2.77,76,148,FALSE
Male,Loyal Customer,34,Business Travel,Business,1452,2,2,2,2,3,4,5,5,5,5,5,3,5,3.69,3,0,TRUE
Female,Loyal Customer,33,Business Travel,Business,1620,3,3,3,3,3,4,5,4,4,4,4,5,5,3.85,60,60,TRUE
Male,Disloyal Customer,24,Business Travel,Eco,366,2,4,2,3,3,2,3,3,2,4,4,2,3,2.85,0,0,FALSE
Female,Loyal Customer,16,Personal Travel,Eco,1075,4,5,4,3,4,4,4,4,3,2,5,4,4,3.85,2,0,TRUE
Male,Loyal Customer,46,Personal Travel,Eco,883,1,2,1,1,4,1,4,4,4,2,4,3,4,2.69,0,0,FALSE
Male,Loyal Customer,59,Business Travel,Eco,721,4,1,1,1,4,4,4,4,3,4,4,1,4,3,0,0,TRUE
Female,Loyal Customer,10,Business Travel,Eco,536,3,1,1,1,3,4,3,3,1,3,4,4,3,2.62,0,0,FALSE
Male,Loyal Customer,46,Personal Travel,Business,151,4,5,4,3,5,5,4,4,4,4,4,3,3,4,0,1,FALSE
Female,Loyal Customer,35,Business Travel,Business,579,2,4,3,4,5,3,4,2,2,2,2,4,3,3.08,0,0,FALSE
Male,Loyal Customer,35,Business Travel,Business,3392,2,4,4,4,3,4,4,2,2,3,2,3,1,2.92,4,0,FALSE
Female,Disloyal Customer,34,Business Travel,Eco,259,2,0,2,1,3,2,3,3,3,5,1,4,3,2.46,0,0,FALSE
Male,Loyal Customer,70,Personal Travel,Eco,844,1,4,1,3,2,1,2,2,3,3,4,3,2,2.38,0,2,FALSE
Female,Loyal Customer,39,Business Travel,Business,1572,2,2,2,2,4,5,4,4,4,4,4,4,3,3.38,0,0,TRUE
Female,Disloyal Customer,19,Business Travel,Eco,801,4,4,4,5,5,4,5,5,3,3,5,5,5,4.38,10,48,FALSE
Female,Loyal Customer,33,Personal Travel,Eco,1744,3,4,2,3,3,2,4,3,4,2,5,4,3,3.23,4,3,FALSE
Male,Loyal Customer,24,Personal Travel,Business,110,2,4,2,4,4,2,4,4,4,1,3,4,4,3.23,1,0,FALSE
Male,Loyal Customer,40,Business Travel,Business,2227,1,1,1,1,2,4,5,5,5,5,5,5,3,3.31,0,0,TRUE
Female,Loyal Customer,30,Business Travel,Business,2865,1,1,1,1,4,4,4,4,5,3,5,4,4,3.15,0,0,TRUE
Male,Loyal Customer,68,Business Travel,Business,1712,2,1,1,1,5,3,4,2,2,2,2,1,2,2.15,0,0,FALSE
Female,Loyal Customer,48,Personal Travel,Eco,444,3,4,3,3,2,4,5,3,3,3,3,5,5,3.54,0,0,FALSE
Female,Disloyal Customer,25,Business Travel,Business,2402,5,2,5,2,2,5,2,2,3,5,5,3,2,3.31,0,0,TRUE
Female,Loyal Customer,58,Personal Travel,Eco,257,3,3,3,4,3,3,3,3,3,3,3,1,2,2.85,0,0,FALSE
Male,Disloyal Customer,23,Business Travel,Eco,331,5,0,5,2,3,0,3,3,3,3,5,4,3,3,0,0,TRUE
Male,Loyal Customer,34,Business Travel,Business,1068,2,2,2,2,5,5,5,5,5,5,5,5,4,4,0,,TRUE
Male,Loyal Customer,37,Business Travel,Eco,912,3,2,2,2,3,3,3,3,4,2,3,1,3,2.62,2,0,FALSE
Female,Loyal Customer,60,Business Travel,Business,2425,5,5,4,5,4,4,4,4,4,4,4,3,5,4.23,0,0,TRUE
Male,Loyal Customer,50,Business Travel,Business,569,3,3,3,3,3,5,5,5,5,5,5,3,4,4,63,62,TRUE
Female,Loyal Customer,52,Personal Travel,Eco,417,1,4,3,4,3,3,3,4,4,3,4,3,1,3.08,22,9,FALSE
Female,Loyal Customer,43,Business Travel,Business,2704,4,4,4,4,5,4,5,5,5,5,5,3,3,4.31,2,0,TRUE
Male,Loyal Customer,26,Business Travel,Business,2009,1,3,2,3,1,1,1,1,2,2,3,2,1,1.77,0,0,FALSE
Male,Loyal Customer,36,Business Travel,Business,1609,3,3,3,3,1,3,3,4,4,5,4,2,3,3.15,0,0,TRUE
Male,Loyal Customer,38,Business Travel,Business,3499,2,3,3,3,1,4,4,3,3,3,2,1,3,2.69,0,3,FALSE
Female,Loyal Customer,30,Personal Travel,Eco,1771,3,2,4,3,1,4,2,1,2,1,4,2,1,2.31,21,2,FALSE
Female,Loyal Customer,52,Business Travel,Business,371,5,5,4,5,2,4,5,4,4,4,4,4,4,4.15,10,9,TRUE
Female,Loyal Customer,28,Personal Travel,Eco,425,3,0,3,1,4,3,4,4,4,4,4,5,4,3.31,16,24,FALSE
Female,Loyal Customer,33,Personal Travel,Eco Plus,738,2,2,2,3,4,2,4,4,4,2,4,3,4,3.08,0,0,FALSE
Female,Loyal Customer,42,Business Travel,Eco,403,1,2,2,2,3,3,3,1,1,1,1,4,3,2.08,0,0,FALSE
Female,Loyal Customer,42,Business Travel,Business,1464,4,4,4,4,2,5,5,3,3,3,3,4,4,3.69,41,28,TRUE
Male,Disloyal Customer,22,Business Travel,Eco,562,3,3,2,4,3,2,3,3,3,3,3,4,3,3,0,6,FALSE
Female,Loyal Customer,55,Business Travel,Eco Plus,577,4,4,3,4,3,3,3,4,4,4,4,3,1,3.38,0,0,FALSE
Female,Disloyal Customer,31,Business Travel,Business,1910,3,3,3,3,5,3,5,5,5,4,3,4,5,3.92,58,35,FALSE
Female,Loyal Customer,29,Business Travel,Business,867,3,3,3,3,5,5,5,5,4,3,5,5,5,4.15,0,0,TRUE
Male,Disloyal Customer,22,Business Travel,Eco,1384,1,1,1,4,5,1,5,5,2,1,3,1,5,2.69,0,0,FALSE
Male,Disloyal Customer,20,Business Travel,Eco,404,3,5,3,5,5,3,5,5,5,2,5,4,5,4.23,0,0,FALSE
Male,Loyal Customer,52,Business Travel,Business,3034,3,3,3,3,4,4,5,5,5,5,5,3,4,4,12,0,TRUE
Female,Loyal Customer,45,Personal Travel,Eco,843,3,5,3,2,2,3,4,4,4,3,4,4,2,3.31,25,17,FALSE
Male,Disloyal Customer,32,Business Travel,Business,546,2,2,2,3,2,2,1,2,5,3,5,3,2,2.62,0,0,FALSE
Female,Loyal Customer,48,Personal Travel,Eco,679,1,1,1,3,5,4,4,3,3,1,3,2,4,2.69,0,0,FALSE
Female,Disloyal Customer,22,Business Travel,Eco,190,2,4,2,4,2,2,2,2,5,3,5,4,2,3,6,2,FALSE
Female,Loyal Customer,47,Business Travel,Eco,237,4,2,2,2,2,3,4,4,4,4,4,1,4,3.08,13,11,FALSE
Female,Loyal Customer,49,Business Travel,Eco,214,2,2,2,2,5,3,4,3,3,2,3,2,2,2.69,0,0,FALSE
Male,Loyal Customer,56,Personal Travel,Eco,2585,3,4,4,2,1,4,1,1,4,2,4,4,1,2.69,0,0,FALSE
Male,Loyal Customer,61,Business Travel,Eco,1185,2,2,2,2,2,2,2,2,1,1,4,2,2,2,18,0,FALSE
Female,Disloyal Customer,25,Business Travel,Business,200,3,5,3,2,5,3,5,5,5,5,5,4,5,4.23,0,0,FALSE
Female,Loyal Customer,40,Business Travel,Eco,391,3,1,1,1,3,3,3,3,2,2,4,2,3,2.38,36,18,FALSE
Male,Loyal Customer,44,Personal Travel,Eco,199,4,5,4,4,4,4,4,4,3,3,5,3,4,3.92,0,0,FALSE
Male,Loyal Customer,43,Business Travel,Eco,1158,2,2,2,2,2,2,2,2,2,2,4,4,2,2.31,14,15,FALSE
Male,Loyal Customer,55,Business Travel,Business,3924,3,5,2,5,1,3,4,3,3,4,3,1,1,2.92,0,0,FALSE
Male,Loyal Customer,53,Personal Travel,Eco,1299,4,5,4,4,5,4,5,5,5,4,4,4,5,4.46,0,0,FALSE
Male,Loyal Customer,44,Personal Travel,Eco,996,4,5,4,3,4,4,3,4,3,2,5,4,4,3.77,11,5,FALSE
Male,Loyal Customer,30,Business Travel,Business,1749,2,3,4,3,2,2,2,2,1,3,2,4,2,2.46,47,41,FALSE
Male,Loyal Customer,48,Business Travel,Business,2511,1,1,1,1,5,5,4,5,5,5,5,5,5,3.69,0,0,TRUE
Male,Loyal Customer,28,Personal Travel,Eco,258,5,4,5,3,4,5,4,4,4,1,4,4,4,3.92,0,0,TRUE
Male,Loyal Customer,22,Business Travel,Eco,634,4,1,1,1,4,5,4,4,5,1,3,4,4,3.15,0,2,TRUE
Female,Loyal Customer,40,Business Travel,Business,327,3,3,3,3,2,5,5,4,4,4,4,5,5,3.85,8,11,TRUE
Male,Disloyal Customer,27,Business Travel,Business,214,2,2,2,3,4,2,5,4,5,3,4,4,4,3.38,37,15,FALSE
Male,Loyal Customer,61,Business Travel,Business,2532,5,5,5,5,2,5,5,4,4,4,4,1,4,4.08,11,10,TRUE
Female,Loyal Customer,66,Personal Travel,Eco,192,3,5,3,5,4,4,5,4,4,3,3,5,4,4,52,51,FALSE
Female,Loyal Customer,28,Personal Travel,Eco,993,1,4,0,5,1,0,1,1,4,5,5,5,1,2.54,0,5,FALSE
Female,Disloyal Customer,26,Business Travel,Business,1452,1,1,1,2,1,1,1,1,3,3,5,3,1,1.85,0,2,FALSE
Female,Disloyal Customer,20,Business Travel,Eco,1197,3,3,3,1,1,3,1,1,4,5,5,5,1,2.77,0,0,FALSE
Male,Loyal Customer,39,Business Travel,Eco,226,4,1,1,1,4,4,4,4,5,4,4,5,4,3.46,11,4,TRUE
Male,Loyal Customer,38,Business Travel,Business,1400,4,4,4,4,2,5,4,4,4,4,4,3,3,3.77,1,0,TRUE
Male,Loyal Customer,60,Business Travel,Business,369,2,2,2,2,2,4,5,5,5,5,5,5,4,3.69,18,20,TRUE
Female,Loyal Customer,51,Business Travel,Business,1794,2,2,2,2,4,4,4,4,4,4,4,5,3,3.38,13,15,TRUE
Female,Loyal Customer,47,Business Travel,Eco,273,5,4,4,4,4,1,1,5,5,5,5,5,3,3.92,0,0,TRUE
Male,Disloyal Customer,37,Business Travel,Business,175,4,4,4,5,3,4,3,3,5,3,5,4,3,3.85,0,3,FALSE
Female,Disloyal Customer,22,Business Travel,Eco,964,1,1,1,3,3,1,4,3,5,5,5,3,3,2.92,3,0,FALSE
Male,Disloyal Customer,38,Business Travel,Business,1406,5,5,5,3,4,5,4,4,3,4,5,4,4,4.23,14,1,TRUE
Male,Loyal Customer,66,Business Travel,Business,1646,1,1,1,1,2,3,2,5,5,5,5,2,5,2.92,0,0,TRUE
Male,Loyal Customer,19,Personal Travel,Eco,1671,2,3,2,3,5,2,5,5,1,2,1,5,5,3.15,0,0,FALSE
Male,Loyal Customer,27,Business Travel,Business,802,3,5,5,5,3,3,3,3,2,2,3,2,3,3.23,0,0,FALSE
Female,Loyal Customer,39,Business Travel,Business,240,5,5,5,5,5,4,2,4,4,4,4,1,3,3.92,73,64,TRUE
Male,Loyal Customer,56,Business Travel,Business,3181,1,1,1,1,5,5,4,5,5,5,5,4,4,3.54,8,0,TRUE
Male,Disloyal Customer,22,Business Travel,Eco,1069,1,1,1,2,5,1,5,5,3,2,2,2,5,2.69,0,0,FALSE
Male,Loyal Customer,51,Personal Travel,Eco,700,3,4,3,2,3,3,3,3,5,5,4,3,3,3.38,0,0,FALSE
Female,Loyal Customer,20,Business Travel,Business,2143,5,5,5,5,5,5,5,5,3,4,4,4,5,4.62,6,6,TRUE
Male,Loyal Customer,42,Business Travel,Business,1675,5,5,5,5,2,4,5,4,4,4,4,3,5,4.23,0,0,TRUE
Female,Loyal Customer,27,Personal Travel,Eco,1979,3,3,3,3,3,3,3,3,5,2,1,1,3,2.77,0,0,FALSE
Female,Loyal Customer,14,Personal Travel,Business,2615,3,5,3,5,3,3,3,3,4,2,4,3,3,3.38,89,73,FALSE
Male,Loyal Customer,31,Business Travel,Business,592,5,5,5,5,5,4,5,5,5,2,5,5,5,4.69,0,0,TRUE
Female,Loyal Customer,33,Personal Travel,Eco,645,2,4,2,2,2,2,2,2,3,2,5,2,2,2.46,0,0,FALSE
Male,Loyal Customer,28,Business Travel,Business,129,4,4,3,4,5,5,4,5,5,3,4,5,5,4.31,0,5,TRUE
Female,Disloyal Customer,17,Business Travel,Eco,859,2,2,2,3,3,2,2,3,1,4,4,3,3,2.62,39,17,FALSE
Male,Disloyal Customer,23,Business Travel,Eco,547,4,5,4,2,3,4,3,3,4,3,5,5,3,3.69,0,0,FALSE
Male,Loyal Customer,36,Business Travel,Business,2612,4,4,4,4,1,5,2,5,5,5,5,1,1,3.54,16,42,TRUE
Female,Loyal Customer,27,Business Travel,Eco,89,5,1,2,1,5,5,5,5,1,2,4,1,5,3.23,0,0,TRUE
Male,Loyal Customer,54,Business Travel,Business,1563,2,2,2,2,3,4,4,4,4,4,4,5,4,3.38,0,0,TRUE
Female,Disloyal Customer,62,Business Travel,Eco,1075,2,2,2,2,4,2,4,4,2,4,1,2,4,2.69,0,0,FALSE
Female,Loyal Customer,8,Personal Travel,Eco,192,2,2,2,4,5,2,5,5,4,5,4,4,5,3.77,19,10,FALSE
Male,Disloyal Customer,21,Business Travel,Business,846,0,5,0,4,0,5,1,5,5,5,4,1,1,2.77,316,336,TRUE
Male,Loyal Customer,60,Business Travel,Business,2879,2,4,4,4,3,3,4,2,2,2,2,1,4,2.85,9,22,FALSE
Female,Loyal Customer,23,Business Travel,Business,1500,1,1,1,1,4,4,4,4,3,2,5,4,4,2.92,81,87,TRUE
Male,Disloyal Customer,38,Business Travel,Eco,160,0,3,0,1,5,0,5,5,1,5,5,2,5,2.85,1,0,TRUE
Female,Disloyal Customer,35,Business Travel,Eco,184,3,3,2,5,1,2,4,1,1,3,5,3,1,2.62,0,0,FALSE
Male,Loyal Customer,46,Business Travel,Eco Plus,469,1,4,4,4,1,1,1,1,1,1,4,2,1,2,0,0,FALSE
Male,Loyal Customer,32,Business Travel,Business,1249,2,1,1,1,2,2,2,2,2,5,4,3,2,2.23,12,13,FALSE
Male,Loyal Customer,58,Business Travel,Business,2585,3,3,3,3,4,4,4,5,4,3,4,4,4,3.69,16,39,TRUE
Female,Loyal Customer,37,Personal Travel,Eco Plus,912,2,4,2,2,2,2,2,2,4,3,4,3,2,2.62,0,0,FALSE
Female,Loyal Customer,41,Business Travel,Business,2218,2,5,5,5,2,2,4,2,2,2,2,1,4,2.92,0,0,FALSE
Female,Loyal Customer,43,Business Travel,Business,2333,3,3,3,3,2,4,4,5,5,4,5,4,5,3.85,0,0,TRUE
Female,Disloyal Customer,21,Business Travel,Eco,936,4,4,4,3,5,4,4,5,1,2,4,1,5,3.54,0,5,FALSE
Female,Loyal Customer,48,Personal Travel,Eco,416,1,2,1,3,5,3,3,3,3,1,2,2,1,2.31,0,0,FALSE
Female,Loyal Customer,36,Personal Travel,Eco,948,4,3,4,3,4,4,4,4,3,4,4,1,4,3.54,0,0,FALSE
Female,Loyal Customer,25,Business Travel,Eco,590,3,5,5,5,3,4,4,3,3,1,1,3,3,3.31,0,0,TRUE
Female,Loyal Customer,57,Personal Travel,Eco Plus,190,1,2,1,4,5,4,3,2,2,1,2,3,1,2.38,0,0,FALSE
Male,Loyal Customer,57,Business Travel,Eco,777,2,1,1,1,2,2,2,2,2,3,3,4,2,2.08,5,22,FALSE
Male,Loyal Customer,44,Business Travel,Business,3603,4,5,3,5,3,2,3,4,4,4,4,2,4,3.62,12,20,FALSE
Male,Disloyal Customer,45,Business Travel,Business,689,2,2,2,5,5,2,5,5,4,5,5,5,5,4,0,0,FALSE
Female,Disloyal Customer,22,Business Travel,Business,684,4,0,4,2,2,4,2,2,5,4,4,5,2,3.08,40,46,TRUE
Male,Loyal Customer,49,Business Travel,Eco,317,4,5,3,5,3,4,3,3,2,2,5,5,3,3.62,0,0,TRUE
Male,Loyal Customer,43,Personal Travel,Eco,190,4,5,4,2,4,4,4,4,3,4,4,5,4,3.92,0,0,TRUE
Female,Loyal Customer,19,Business Travel,Business,2454,3,3,3,3,3,2,3,3,2,4,2,3,3,2.85,0,0,FALSE
Female,Loyal Customer,34,Business Travel,Business,200,2,2,2,2,5,3,3,3,3,3,2,4,4,2.92,0,59,FALSE
Male,Loyal Customer,62,Personal Travel,Eco,1183,2,4,2,4,1,2,1,1,1,3,2,2,1,2,0,24,FALSE
Male,Disloyal Customer,24,Business Travel,Eco,583,4,0,4,2,4,4,4,4,3,5,5,5,4,3.69,0,0,TRUE
Male,Loyal Customer,9,Business Travel,Business,980,3,1,1,1,3,3,3,3,2,5,2,3,3,2.54,0,36,FALSE
Male,Loyal Customer,66,Personal Travel,Eco,2521,2,4,2,4,2,2,2,4,2,2,4,2,2,2.62,173,164,FALSE
Male,Disloyal Customer,22,Business Travel,Eco,159,3,1,3,3,3,3,3,3,2,4,3,2,3,2.77,0,0,FALSE
Female,Loyal Customer,52,Personal Travel,Eco Plus,588,3,5,3,3,2,5,5,2,2,3,2,3,3,3.15,18,70,FALSE
Female,Loyal Customer,53,Business Travel,Business,3955,2,2,5,2,3,4,5,4,4,4,4,5,3,3.62,0,0,TRUE
Male,Loyal Customer,64,Business Travel,Eco,725,3,3,3,3,3,3,3,3,2,2,3,3,3,2.85,9,37,FALSE
Male,Loyal Customer,59,Business Travel,Business,2288,2,2,2,2,2,3,4,4,4,4,4,5,4,3.23,8,0,TRUE
Female,Disloyal Customer,12,Business Travel,Eco,533,3,3,4,3,1,4,1,1,4,1,4,3,1,2.54,4,15,FALSE
Male,Loyal Customer,44,Business Travel,Business,1041,1,2,2,2,3,4,3,1,1,1,1,4,4,2.23,85,80,FALSE
Female,Loyal Customer,55,Personal Travel,Eco Plus,1062,3,4,3,3,3,5,4,4,4,3,4,4,3,3.62,0,0,FALSE
Female,Loyal Customer,44,Business Travel,Business,257,2,2,2,2,4,5,5,5,5,5,5,3,3,3.69,0,0,TRUE
Female,Loyal Customer,63,Business Travel,Business,3828,0,0,0,1,5,5,4,1,1,1,1,5,3,2.08,0,0,TRUE
Male,Loyal Customer,52,Business Travel,Business,2377,4,4,4,4,3,4,5,4,4,4,4,4,5,4.08,5,0,TRUE
Female,Disloyal Customer,36,Business Travel,Eco,236,2,1,2,4,4,2,1,4,3,2,3,3,4,2.69,0,0,FALSE
Female,Loyal Customer,46,Business Travel,Business,1552,4,4,4,4,2,5,4,5,5,5,5,5,4,4.31,0,0,TRUE
Male,Loyal Customer,34,Personal Travel,Eco,316,3,0,4,2,4,1,1,5,4,5,4,1,1,2.69,184,206,FALSE
Female,Loyal Customer,29,Business Travel,Business,199,1,5,5,5,4,4,1,4,2,1,2,1,4,3,0,0,FALSE
Female,Loyal Customer,57,Business Travel,Business,1722,2,2,2,2,2,4,5,5,5,5,5,4,5,3.69,45,56,TRUE
Male,Loyal Customer,31,Business Travel,Business,3991,2,2,2,2,2,2,2,2,4,5,4,3,2,2.62,0,0,TRUE
Female,Loyal Customer,52,Business Travel,Business,2355,3,3,5,3,3,4,4,4,4,4,4,3,5,3.77,0,0,TRUE
Female,Disloyal Customer,20,Business Travel,Eco,957,4,4,4,3,5,4,5,5,4,5,3,2,5,4.08,0,7,FALSE
Male,Loyal Customer,57,Personal Travel,Eco,646,2,5,2,4,4,2,4,4,1,5,4,4,4,3.46,11,3,FALSE
Male,Loyal Customer,42,Business Travel,Business,3228,3,3,3,3,2,4,5,4,4,4,4,5,3,3.62,0,0,TRUE
Female,Loyal Customer,48,Business Travel,Business,3566,3,3,3,3,3,4,5,2,2,2,2,5,5,3.23,5,7,TRUE
Female,Loyal Customer,52,Personal Travel,Eco,909,2,5,2,3,1,4,2,5,5,2,5,3,4,3.31,9,0,FALSE
Female,Loyal Customer,44,Business Travel,Business,1749,4,4,4,4,4,3,5,4,4,4,4,4,4,4,6,1,TRUE
Male,Loyal Customer,19,Personal Travel,Eco,237,2,4,2,4,1,2,1,1,3,3,3,1,1,2.15,0,0,FALSE
Male,Loyal Customer,48,Business Travel,Business,2247,1,1,1,1,2,4,5,4,4,4,4,5,3,3,0,5,TRUE
Male,Loyal Customer,45,Personal Travel,Eco,760,2,4,2,1,3,2,3,3,1,3,4,3,3,2.62,100,103,FALSE
Female,Loyal Customer,46,Business Travel,Business,2342,3,3,3,3,4,3,5,2,2,2,2,5,5,3.23,0,0,TRUE
Male,Loyal Customer,52,Business Travel,Eco,1404,2,3,5,3,2,2,2,2,4,2,3,1,2,2.54,0,0,FALSE
Male,Loyal Customer,50,Business Travel,Business,1089,2,2,2,2,2,5,5,4,4,4,4,5,5,3.54,0,0,TRUE
Female,Disloyal Customer,24,Business Travel,Eco,402,5,4,5,5,1,5,1,1,3,3,5,4,1,3.31,26,24,TRUE
Female,Disloyal Customer,24,Business Travel,Eco,711,1,1,1,2,4,1,4,4,5,2,5,4,4,2.92,0,0,FALSE
Male,Disloyal Customer,20,Business Travel,Eco,427,1,0,1,2,4,1,4,4,4,3,1,4,4,2.54,3,0,FALSE
Male,Disloyal Customer,48,Business Travel,Eco,199,2,4,2,3,5,2,4,5,2,1,2,4,5,3.15,25,33,FALSE
Female,Loyal Customer,41,Personal Travel,Eco,354,3,5,4,2,3,4,3,3,5,4,4,3,3,3.54,0,0,FALSE
Male,Loyal Customer,57,Personal Travel,Eco,408,2,4,2,3,4,2,5,4,4,5,5,5,4,3.77,3,0,FALSE
Female,Loyal Customer,44,Business Travel,Business,1547,2,2,2,2,5,5,4,4,4,4,4,3,3,3.38,0,1,TRUE
Male,Disloyal Customer,46,Business Travel,Business,1598,5,5,5,1,1,5,1,1,3,4,3,5,1,3.08,0,0,TRUE
Male,Loyal Customer,42,Business Travel,Business,2122,4,5,5,5,2,3,3,4,4,3,4,2,1,3.46,0,19,FALSE
Male,Loyal Customer,55,Business Travel,Business,3140,3,4,3,3,3,5,5,4,4,4,4,3,5,3.85,6,6,TRUE
Male,Loyal Customer,25,Business Travel,Business,542,4,4,4,4,5,5,5,5,5,3,5,4,5,4.46,0,12,TRUE
Male,Loyal Customer,69,Personal Travel,Eco Plus,912,1,4,1,2,4,1,4,4,5,3,4,5,4,3.23,0,0,FALSE
Male,Loyal Customer,38,Business Travel,Business,2317,5,5,5,5,4,2,1,5,5,4,5,4,2,4,0,0,TRUE
Female,Loyal Customer,63,Personal Travel,Eco,1440,1,4,1,2,3,3,4,2,2,1,5,5,3,2.77,0,1,FALSE
Female,Disloyal Customer,21,Business Travel,Business,650,0,0,1,3,1,1,1,1,5,5,5,4,1,2.15,3,2,TRUE
Male,Loyal Customer,53,Personal Travel,Eco,991,1,2,1,2,4,1,4,4,4,2,3,3,4,2.69,15,38,FALSE
Male,Loyal Customer,49,Business Travel,Business,1506,4,4,4,4,5,4,4,4,4,4,4,5,3,4.08,0,0,TRUE
Male,Disloyal Customer,25,Business Travel,Eco,1088,3,3,3,3,5,3,3,5,2,4,4,1,5,3.38,0,0,FALSE
Male,Loyal Customer,24,Business Travel,Eco Plus,425,4,1,1,1,4,3,2,4,3,2,3,1,4,2.54,0,0,FALSE
Female,Disloyal Customer,27,Business Travel,Eco,1366,1,1,1,1,1,1,1,1,3,5,3,3,1,1.77,0,0,FALSE
Female,Loyal Customer,33,Business Travel,Business,493,3,2,2,2,4,3,3,3,3,3,3,3,1,2.69,0,0,FALSE
Female,Loyal Customer,32,Personal Travel,Eco,352,3,5,3,1,2,3,2,2,5,5,4,4,2,3.15,0,0,FALSE
Male,Loyal Customer,25,Business Travel,Eco Plus,788,5,2,2,2,5,4,5,5,3,2,2,5,5,3.62,0,0,TRUE
Female,Loyal Customer,66,Personal Travel,Business,323,4,3,4,4,1,3,3,1,1,4,1,1,1,2.38,0,0,FALSE
Female,Loyal Customer,62,Personal Travel,Eco,594,1,3,1,3,2,4,3,2,2,1,2,4,3,2.38,0,5,FALSE
Male,Disloyal Customer,27,Business Travel,Eco,869,3,3,3,1,5,3,5,5,2,4,3,2,5,3.38,44,31,FALSE
Male,Loyal Customer,30,Business Travel,Business,3090,5,5,5,5,4,4,4,4,3,3,4,3,4,4.08,0,0,TRUE
Female,Loyal Customer,50,Personal Travel,Eco,678,1,2,1,3,1,4,3,5,5,1,5,1,1,2.54,0,0,FALSE
Male,Loyal Customer,42,Business Travel,Business,1598,3,3,3,3,5,4,4,4,4,4,4,4,4,3.77,0,1,TRUE
Male,Loyal Customer,39,Personal Travel,Eco Plus,196,1,4,1,3,5,1,5,5,3,2,5,5,5,3.46,0,0,FALSE
Female,Loyal Customer,29,Business Travel,Business,3124,3,3,3,3,5,5,5,5,3,3,4,5,5,4,0,0,TRUE
Female,Loyal Customer,47,Business Travel,Eco,1751,1,5,5,5,2,4,4,1,1,1,1,2,3,2.69,0,16,FALSE
Male,Loyal Customer,40,Personal Travel,Eco,1620,3,4,3,3,3,3,3,3,3,5,4,5,3,3.46,0,0,FALSE
Female,Loyal Customer,61,Personal Travel,Eco Plus,1597,4,5,4,2,4,4,5,1,1,4,1,5,4,3.38,49,38,FALSE
Male,Loyal Customer,19,Personal Travel,Eco,954,5,4,5,3,5,4,5,5,5,3,5,5,5,4.54,0,4,TRUE
Male,Loyal Customer,28,Business Travel,Eco Plus,581,1,2,2,2,1,1,1,1,2,5,3,2,1,1.85,0,7,FALSE
Female,Loyal Customer,36,Personal Travel,Eco,761,3,4,3,4,5,3,5,5,5,5,5,4,5,4.31,0,0,FALSE
Female,Loyal Customer,48,Business Travel,Business,1087,2,2,2,2,5,5,5,4,4,4,4,4,4,3.62,0,0,TRUE
Male,Loyal Customer,43,Business Travel,Business,308,4,4,4,4,4,4,4,5,5,5,5,3,4,4.23,0,0,TRUE
Male,Disloyal Customer,20,Business Travel,Business,312,4,4,4,1,3,4,3,3,5,5,5,4,3,3.69,37,39,TRUE
Male,Loyal Customer,32,Personal Travel,Eco,1121,2,5,2,3,2,2,2,2,5,2,4,4,2,2.85,0,0,FALSE
Male,Disloyal Customer,22,Business Travel,Eco,425,1,1,1,3,4,1,4,4,3,1,2,3,4,2.46,0,0,FALSE
Male,Disloyal Customer,22,Business Travel,Eco,1075,3,3,3,2,3,3,1,3,1,5,4,4,3,2.92,105,119,FALSE
Female,Loyal Customer,59,Business Travel,Business,2345,1,1,1,1,5,4,5,4,4,4,4,5,4,3.31,13,4,TRUE
Female,Loyal Customer,39,Business Travel,Business,3531,2,2,2,2,4,2,4,5,5,4,5,3,3,3.31,1,21,TRUE
Female,Loyal Customer,47,Business Travel,Eco Plus,1119,2,1,1,1,3,4,4,2,2,2,2,2,2,2.15,0,0,FALSE
Female,Loyal Customer,20,Personal Travel,Eco,399,3,3,3,3,2,3,2,2,4,4,5,3,2,3,0,0,FALSE
Female,Loyal Customer,18,Personal Travel,Eco Plus,326,1,2,1,3,2,1,3,2,3,4,1,3,2,2.15,0,6,FALSE
Male,Disloyal Customer,40,Business Travel,Business,164,1,1,1,5,3,1,3,3,4,4,5,5,3,3,29,24,FALSE
Female,Disloyal Customer,26,Business Travel,Eco,2454,2,2,2,2,5,2,5,5,3,4,1,4,5,3.23,3,0,FALSE
Female,Disloyal Customer,28,Business Travel,Business,1452,4,4,4,1,2,4,2,2,5,5,5,5,2,3.46,11,0,FALSE
Female,Loyal Customer,58,Business Travel,Business,825,2,2,2,2,3,4,4,4,4,4,4,4,5,3.38,0,0,TRUE
Male,Disloyal Customer,80,Business Travel,Eco,181,4,3,4,3,1,4,1,1,3,2,5,3,1,2.69,0,0,FALSE
Female,Loyal Customer,13,Personal Travel,Eco,601,3,4,3,1,4,3,2,4,2,4,5,2,4,3.15,0,0,FALSE
Male,Loyal Customer,58,Personal Travel,Eco,214,1,0,1,5,3,1,3,3,5,4,4,5,3,2.92,6,4,FALSE
Male,Loyal Customer,40,Personal Travel,Eco,1090,1,4,2,3,4,2,1,4,4,3,4,2,4,2.92,63,59,FALSE
Male,Disloyal Customer,37,Business Travel,Business,972,4,4,4,1,3,4,3,3,4,4,4,4,3,3.46,4,0,TRUE
Male,Disloyal Customer,11,Business Travel,Eco,602,2,0,2,3,3,2,3,3,3,5,4,4,3,2.85,0,0,FALSE
Female,Loyal Customer,48,Business Travel,Business,386,4,1,4,4,3,5,4,2,2,2,2,5,3,3.15,2,0,TRUE
Female,Loyal Customer,47,Business Travel,Business,369,1,1,1,1,4,4,5,4,4,4,4,3,4,3.08,9,5,TRUE
Male,Loyal Customer,58,Business Travel,Business,1820,5,5,5,5,2,5,2,3,3,3,3,4,2,3.62,6,4,TRUE
Female,Loyal Customer,52,Business Travel,Business,248,3,3,3,3,4,5,4,5,5,5,5,4,4,4.08,0,0,TRUE
Female,Loyal Customer,49,Business Travel,Business,1998,2,2,3,2,4,4,4,5,5,5,5,3,4,3.69,16,5,TRUE
Female,Loyal Customer,48,Personal Travel,Eco,2486,3,4,3,3,1,5,3,1,1,3,1,2,2,2.46,0,0,FALSE
Male,Loyal Customer,67,Business Travel,Business,2232,3,4,4,4,4,3,3,3,3,3,3,2,2,3.15,0,2,FALSE
Female,Loyal Customer,36,Personal Travel,Eco,1123,4,5,4,5,1,4,1,1,4,4,4,5,1,3.31,0,21,FALSE
Male,Loyal Customer,32,Business Travel,Eco,163,5,4,4,4,5,5,5,5,5,1,2,2,5,4,0,0,TRUE
Male,Loyal Customer,54,Business Travel,Business,1851,3,3,3,3,2,5,4,5,5,5,5,3,5,3.92,1,0,TRUE
Female,Loyal Customer,37,Personal Travel,Eco,272,2,1,4,2,3,4,3,3,4,4,1,4,3,2.92,0,0,FALSE
Male,Loyal Customer,44,Business Travel,Eco,541,1,4,4,4,1,1,1,1,4,2,3,4,1,2.38,2,12,FALSE
Female,Loyal Customer,70,Personal Travel,Eco,936,4,4,4,4,3,3,3,4,4,4,4,5,4,3.85,0,0,TRUE
Male,Loyal Customer,45,Personal Travel,Eco Plus,802,2,3,1,2,3,1,3,3,3,4,1,5,3,2.62,0,33,FALSE
Female,Disloyal Customer,34,Business Travel,Eco,429,3,5,3,5,5,3,5,5,2,1,1,3,5,3.54,9,8,FALSE
Male,Loyal Customer,44,Business Travel,Eco,158,2,3,3,3,2,2,2,2,1,3,4,3,2,2.46,0,0,TRUE
Male,Loyal Customer,50,Business Travel,Business,268,2,2,2,2,5,5,5,5,5,5,5,3,4,3.85,16,13,TRUE
Female,Disloyal Customer,22,Business Travel,Eco,119,4,3,4,3,1,4,3,1,3,4,2,1,1,2.62,0,0,TRUE
Female,Loyal Customer,30,Personal Travel,Eco,253,5,4,0,3,4,0,4,4,3,5,4,1,4,3.15,0,0,TRUE
Male,Loyal Customer,67,Business Travel,Eco,216,4,1,4,1,4,4,4,4,3,5,3,2,4,3.31,0,3,TRUE
Male,Loyal Customer,47,Business Travel,Business,2263,4,4,3,4,3,4,4,5,5,5,5,4,5,4.23,31,24,TRUE
Female,Loyal Customer,47,Personal Travel,Eco,282,3,4,3,1,5,1,4,4,4,3,4,4,2,3.23,0,0,FALSE
Female,Loyal Customer,43,Personal Travel,Business,846,3,3,4,4,4,3,4,1,1,4,1,2,2,2.77,2,20,FALSE
Female,Disloyal Customer,40,Business Travel,Business,925,4,4,4,1,5,4,5,5,5,3,4,4,5,4.08,0,0,TRUE
Female,Loyal Customer,46,Personal Travel,Eco,936,2,5,2,3,3,5,1,5,5,2,5,4,4,3.54,0,0,FALSE
Female,Loyal Customer,20,Personal Travel,Eco,868,3,1,3,3,4,3,4,4,2,2,4,3,4,3.08,14,17,FALSE
Male,Loyal Customer,22,Personal Travel,Eco,421,3,3,3,3,2,3,2,2,2,4,4,4,2,2.85,0,0,FALSE
Female,Loyal Customer,24,Personal Travel,Eco Plus,1258,2,4,2,3,2,2,2,2,3,2,3,4,2,2.54,0,0,FALSE
Male,Loyal Customer,70,Personal Travel,Eco,239,2,2,0,3,0,3,3,3,2,4,3,3,3,2.38,358,354,FALSE
Male,Loyal Customer,25,Business Travel,Business,2756,2,1,1,1,2,1,2,2,4,4,3,4,2,2.23,0,0,FALSE
Female,Loyal Customer,28,Business Travel,Business,985,1,3,3,3,1,1,1,1,2,4,3,1,1,1.92,0,17,FALSE
Male,Disloyal Customer,20,Business Travel,Eco,1310,1,1,1,5,1,1,1,1,4,2,4,5,1,2.15,0,0,FALSE
Male,Loyal Customer,37,Business Travel,Business,417,2,2,2,2,5,4,2,5,5,5,5,5,4,3.69,70,56,TRUE
Male,Disloyal Customer,37,Business Travel,Business,1033,3,3,3,2,1,3,1,1,4,2,4,4,1,2.46,19,13,FALSE
Female,Loyal Customer,45,Business Travel,Business,1482,2,4,4,4,5,3,3,2,2,2,2,4,1,2.92,0,0,FALSE
Female,Loyal Customer,14,Personal Travel,Eco Plus,288,2,5,2,2,5,2,5,5,5,5,4,3,5,3.85,0,0,FALSE
Male,Loyal Customer,64,Business Travel,Eco,2296,4,2,2,2,4,4,4,4,2,4,3,3,4,3.23,0,0,FALSE
Female,Loyal Customer,45,Business Travel,Business,1452,4,4,5,4,3,4,4,5,5,5,5,5,5,4.46,39,11,TRUE
Female,Loyal Customer,34,Business Travel,Business,2544,0,0,0,5,2,4,4,5,5,5,5,3,3,3.15,68,72,TRUE
Female,Loyal Customer,49,Business Travel,Business,238,4,2,2,2,2,3,4,4,4,4,4,1,3,3,0,0,FALSE
Female,Loyal Customer,30,Business Travel,Business,2304,3,2,2,2,3,3,3,3,1,2,4,1,3,2.46,32,28,FALSE
Female,Loyal Customer,42,Business Travel,Business,594,3,3,3,3,4,4,5,5,5,5,5,3,4,4,12,0,TRUE
Male,Loyal Customer,56,Business Travel,Business,2489,1,2,2,2,3,3,4,1,1,1,1,4,3,2.15,0,0,FALSE
Male,Loyal Customer,55,Business Travel,Eco Plus,349,3,4,5,4,3,3,3,3,3,2,3,3,3,3.23,0,0,TRUE
Female,Loyal Customer,25,Business Travel,Business,3234,2,4,4,4,2,2,2,2,4,2,3,4,2,2.85,9,0,FALSE
Female,Loyal Customer,41,Business Travel,Business,1577,2,5,5,5,2,3,3,2,2,2,2,2,3,2.92,0,0,FALSE
Male,Loyal Customer,44,Business Travel,Business,3238,1,1,1,1,2,2,2,1,1,1,1,3,2,1.46,0,0,FALSE
Male,Loyal Customer,9,Personal Travel,Eco,373,2,4,2,4,3,2,3,3,5,3,4,4,3,3.23,0,0,FALSE
Female,Loyal Customer,15,Personal Travel,Eco,2153,2,5,2,1,2,3,3,5,5,5,5,3,3,3.38,0,10,FALSE
Female,Loyal Customer,45,Personal Travel,Eco,327,3,0,3,2,4,5,4,5,5,3,5,3,5,3.62,0,0,FALSE
Male,Loyal Customer,20,Personal Travel,Eco,406,2,5,2,3,5,2,5,5,4,2,5,3,5,3.69,2,0,FALSE
Female,Disloyal Customer,36,Business Travel,Eco Plus,1008,2,2,2,4,1,2,1,1,4,4,4,3,1,2.38,25,5,FALSE
Female,Loyal Customer,38,Business Travel,Eco,229,5,1,1,1,5,5,5,5,5,3,1,4,5,3.54,0,0,TRUE
Female,Loyal Customer,27,Personal Travel,Eco,86,3,5,3,1,5,3,5,5,3,3,5,5,5,3.92,48,42,FALSE
Female,Disloyal Customer,20,Business Travel,Eco,127,5,0,5,4,4,5,4,4,1,3,3,5,4,3.62,0,0,TRUE
Female,Loyal Customer,65,Personal Travel,Eco,1023,5,4,5,5,3,4,4,4,4,5,1,4,1,3.77,1,0,TRUE
Female,Loyal Customer,11,Personal Travel,Eco,1050,2,5,2,3,5,2,4,5,4,4,4,4,5,3.77,3,0,FALSE
Female,Loyal Customer,58,Business Travel,Business,2215,3,3,3,3,2,5,4,5,5,5,5,4,4,3.92,55,58,TRUE
Male,Loyal Customer,25,Personal Travel,Eco,874,2,4,2,1,3,2,3,3,5,5,3,4,3,3.08,0,6,FALSE
Female,Loyal Customer,41,Business Travel,Business,834,1,1,1,1,4,4,4,4,4,4,4,5,4,3.15,7,4,TRUE
Male,Disloyal Customer,25,Business Travel,Business,1211,0,0,0,5,1,0,1,1,4,3,4,5,1,1.92,0,0,TRUE
Male,Loyal Customer,14,Personal Travel,Eco,707,4,5,4,4,5,4,3,5,4,1,5,3,5,4,18,1,TRUE
Male,Loyal Customer,9,Personal Travel,Eco,631,5,3,5,3,4,5,4,4,5,1,1,2,4,3.54,0,0,TRUE
Female,Loyal Customer,64,Personal Travel,Eco,861,3,5,3,4,5,4,4,2,2,3,2,4,4,3.46,0,0,FALSE
Male,Loyal Customer,36,Business Travel,Business,89,4,4,4,4,5,5,5,4,2,5,5,5,5,4.38,134,129,TRUE
Male,Loyal Customer,63,Personal Travel,Eco,451,3,5,5,2,2,5,2,2,3,3,5,3,2,3.23,0,0,FALSE
Female,Loyal Customer,39,Personal Travel,Eco,1069,1,5,0,2,3,0,3,3,5,4,4,3,3,2.77,0,0,FALSE
Female,Loyal Customer,34,Business Travel,Business,1919,2,4,2,2,1,2,3,2,2,2,2,2,4,2.31,0,0,FALSE
Male,Loyal Customer,35,Personal Travel,Eco,349,2,4,2,2,4,2,4,4,4,4,5,3,4,3.38,2,0,FALSE
Female,Loyal Customer,46,Business Travel,Business,3149,5,5,5,5,4,3,3,5,5,5,5,1,3,4.15,0,4,TRUE
Male,Loyal Customer,33,Business Travel,Eco Plus,332,2,4,4,4,2,2,2,2,2,3,3,1,2,2.54,0,0,FALSE
Male,Loyal Customer,14,Personal Travel,Eco,868,2,4,2,3,1,2,1,1,3,5,3,4,1,2.46,0,0,FALSE
Female,Loyal Customer,22,Business Travel,Business,1464,3,3,3,3,5,5,5,5,4,5,4,3,5,4.08,0,8,TRUE
Male,Loyal Customer,40,Business Travel,Business,3655,4,4,4,4,4,4,5,4,4,5,4,4,4,4.15,0,0,TRUE
Female,Disloyal Customer,8,Business Travel,Eco,770,2,2,2,4,3,2,4,3,4,2,3,1,3,2.69,103,77,FALSE
Female,Loyal Customer,34,Business Travel,Business,1797,1,1,5,1,3,5,5,4,4,4,4,5,4,3.54,5,6,TRUE
Female,Loyal Customer,63,Personal Travel,Eco,594,4,4,4,3,5,1,2,5,5,4,3,5,3,3.69,7,0,FALSE
Male,Loyal Customer,32,Personal Travel,Eco,253,1,2,1,3,3,1,3,3,3,4,3,4,3,2.62,6,40,FALSE
Female,Disloyal Customer,25,Business Travel,Eco,235,2,5,2,3,4,2,4,4,4,2,2,1,4,3,0,0,FALSE
Female,Loyal Customer,43,Business Travel,Eco,1481,2,4,4,4,2,1,2,2,2,2,2,1,1,2.23,4,11,FALSE
Male,Loyal Customer,51,Personal Travel,Eco,1464,4,5,4,4,4,4,4,4,5,4,5,3,4,4.15,0,0,FALSE
Male,Loyal Customer,57,Business Travel,Eco,946,2,3,3,3,2,2,2,2,1,4,3,3,2,2.46,0,0,FALSE
Male,Loyal Customer,42,Business Travel,Business,861,2,2,2,2,5,4,5,5,5,5,5,4,5,3.92,1,3,TRUE
Female,Loyal Customer,43,Personal Travel,Eco,957,2,5,3,3,4,5,5,5,5,3,5,5,3,4.08,1,0,FALSE
Male,Loyal Customer,53,Personal Travel,Eco,448,2,2,2,4,5,2,5,5,3,5,4,1,5,3.46,5,10,FALSE
Female,Disloyal Customer,64,Business Travel,Eco,1124,3,3,3,4,4,3,1,4,2,1,3,2,4,2.85,29,24,FALSE
Male,Loyal Customer,32,Personal Travel,Eco,372,2,0,2,5,5,2,5,5,5,4,5,4,5,3.77,14,0,FALSE
Male,Loyal Customer,25,Business Travel,Business,794,1,1,1,1,5,5,5,5,5,4,5,4,5,3.62,14,6,TRUE
Female,Loyal Customer,25,Business Travel,Eco Plus,109,0,5,0,4,5,0,1,5,1,1,1,2,5,2.31,0,20,TRUE
Female,Loyal Customer,44,Business Travel,Business,1021,2,2,2,2,2,5,4,5,5,5,5,3,3,3.46,0,0,TRUE
Female,Loyal Customer,46,Business Travel,Business,3925,2,2,2,2,4,4,4,5,5,5,5,3,4,3.62,50,41,TRUE
Female,Disloyal Customer,20,Business Travel,Eco,332,1,4,1,3,2,1,2,2,2,2,3,3,2,2.15,106,109,FALSE
Male,Loyal Customer,27,Business Travel,Business,2464,1,1,1,1,1,1,1,1,4,3,4,3,1,1.77,55,61,FALSE
Female,Disloyal Customer,29,Business Travel,Eco,794,3,3,3,2,5,3,5,5,4,1,2,2,5,3.31,0,,FALSE
Female,Disloyal Customer,18,Business Travel,Eco,715,3,3,3,2,2,3,2,2,3,3,3,3,2,2.62,0,0,FALSE
Male,Disloyal Customer,37,Business Travel,Business,255,2,2,2,1,4,2,4,4,3,3,4,5,4,3.08,0,0,TRUE
Female,Disloyal Customer,29,Business Travel,Eco,377,3,4,3,4,3,3,3,3,5,4,3,3,3,3.38,156,143,FALSE
Female,Disloyal Customer,49,Business Travel,Eco,250,4,5,4,3,3,4,3,3,4,3,4,4,3,3.62,0,0,FALSE
Female,Disloyal Customer,24,Business Travel,Eco,912,5,5,5,3,1,3,1,1,5,4,5,3,1,3.23,0,0,TRUE
Female,Loyal Customer,43,Business Travel,Business,1250,3,3,3,3,4,5,4,4,4,4,4,3,3,3.62,9,5,TRUE
Male,Loyal Customer,57,Business Travel,Eco,944,4,5,5,5,4,4,4,4,2,5,4,5,4,4.23,0,0,TRUE
Female,Disloyal Customer,29,Business Travel,Eco Plus,1149,2,2,2,3,4,2,4,4,4,4,3,4,4,3.23,0,15,FALSE
Female,Loyal Customer,38,Business Travel,Business,308,3,3,3,3,4,3,3,4,2,4,5,3,3,3.31,135,134,TRUE
Female,Loyal Customer,32,Personal Travel,Eco,1535,3,5,3,2,5,3,5,5,5,2,4,3,5,3.85,0,4,FALSE
Female,Loyal Customer,23,Business Travel,Eco Plus,584,0,4,0,1,3,0,3,3,1,2,2,2,3,1.85,0,0,TRUE
Male,Loyal Customer,55,Personal Travel,Eco,1598,4,1,5,3,2,5,2,2,2,5,1,2,2,2.77,41,16,FALSE
Female,Loyal Customer,65,Personal Travel,Eco,507,3,1,3,4,5,4,4,4,4,3,2,4,3,3.38,0,0,FALSE
Male,Disloyal Customer,24,Business Travel,Business,282,4,5,4,3,1,4,1,1,5,5,4,3,1,3.15,0,0,TRUE
Male,Loyal Customer,31,Business Travel,Business,3252,1,2,2,2,1,2,1,1,1,4,3,2,1,1.77,0,0,FALSE
Male,Loyal Customer,51,Business Travel,Business,102,1,1,1,1,3,4,5,5,5,5,4,3,5,3.31,0,0,TRUE
Male,Loyal Customer,18,Personal Travel,Eco,817,3,0,3,1,3,3,3,3,3,4,5,4,3,2.92,0,0,FALSE
Female,Loyal Customer,45,Business Travel,Business,1691,5,5,5,5,5,4,5,4,4,4,4,3,4,4.38,0,0,TRUE
Male,Loyal Customer,47,Business Travel,Eco,581,2,1,2,1,2,2,2,2,3,1,4,2,2,2,0,2,FALSE
Male,Loyal Customer,40,Business Travel,Business,1906,5,5,5,5,5,4,5,4,4,4,5,5,3,4.54,0,0,TRUE
Female,Loyal Customer,36,Business Travel,Business,2943,1,1,1,1,2,1,4,3,3,4,3,5,3,2.46,83,80,TRUE
Male,Loyal Customer,41,Business Travel,Business,250,3,4,4,4,3,3,3,3,3,3,3,2,3,3.15,29,4,FALSE
Male,Loyal Customer,65,Business Travel,Business,684,3,3,3,3,5,5,5,4,4,4,4,4,3,3.85,0,0,TRUE
Female,Loyal Customer,42,Business Travel,Business,967,2,2,2,2,5,5,4,2,2,2,2,5,3,2.92,33,16,TRUE
Female,Loyal Customer,35,Business Travel,Business,200,2,2,2,2,3,1,3,4,4,4,5,5,3,3.08,1,0,TRUE
Female,Loyal Customer,66,Personal Travel,Eco,2422,1,5,1,2,1,3,3,3,5,4,4,3,3,2.92,13,6,FALSE
Female,Loyal Customer,42,Business Travel,Business,2921,4,4,4,4,1,2,2,5,5,5,5,1,5,3.62,0,0,TRUE
Female,Loyal Customer,67,Personal Travel,Eco,697,3,5,3,1,5,1,4,1,1,3,1,1,4,2.54,0,0,FALSE
Male,Loyal Customer,61,Personal Travel,Eco,666,3,2,3,3,1,3,1,1,4,1,3,2,1,2.15,13,36,FALSE
Female,Loyal Customer,8,Business Travel,Business,2615,2,5,5,5,2,2,2,2,1,4,3,3,2,2.92,6,38,FALSE
Female,Disloyal Customer,45,Business Travel,Eco,342,4,3,4,4,1,4,1,1,2,1,4,1,1,2.38,0,0,FALSE
Male,Disloyal Customer,25,Business Travel,Eco,649,1,4,2,4,3,2,2,3,2,4,4,4,3,2.92,0,0,FALSE
Male,Loyal Customer,21,Personal Travel,Eco,867,1,5,2,2,1,2,1,1,1,4,3,2,1,2,0,0,FALSE
Male,Loyal Customer,57,Business Travel,Business,2472,3,3,3,3,3,5,4,5,5,5,5,3,4,3.92,25,20,TRUE
Male,Loyal Customer,30,Business Travel,Business,2305,2,2,2,2,5,5,5,5,4,4,4,5,5,3.85,11,0,TRUE
Female,Disloyal Customer,30,Business Travel,Eco,546,1,4,1,4,3,1,3,3,2,1,3,1,3,2.31,0,16,FALSE
Female,Loyal Customer,25,Personal Travel,Eco,543,3,5,3,4,1,3,3,1,1,1,4,2,1,2.46,51,45,FALSE
Male,Loyal Customer,44,Business Travel,Eco,307,1,3,3,3,1,1,1,1,3,5,3,3,1,2.23,7,5,FALSE
Male,Loyal Customer,46,Business Travel,Business,436,5,5,4,5,4,4,4,4,4,4,4,4,4,4.23,4,0,TRUE
Male,Loyal Customer,39,Personal Travel,Eco,236,2,5,2,2,2,2,2,2,5,4,4,5,2,3,95,92,FALSE
Female,Loyal Customer,8,Personal Travel,Eco,731,3,2,3,3,4,3,4,4,1,1,4,2,4,2.92,0,0,FALSE
Male,Loyal Customer,63,Personal Travel,Eco,248,4,5,4,3,1,4,1,1,3,5,4,5,1,3.15,0,0,FALSE
Female,Loyal Customer,64,Personal Travel,Eco,554,2,4,2,1,5,4,4,1,1,2,1,3,4,2.62,12,41,FALSE
Male,Loyal Customer,29,Business Travel,Business,1024,2,2,2,2,4,4,4,4,3,2,5,3,4,3.15,15,13,TRUE
Female,Loyal Customer,35,Business Travel,Eco,370,4,5,3,5,4,3,4,4,4,4,3,3,4,3.85,27,44,FALSE
Female,Loyal Customer,20,Business Travel,Business,3258,1,1,1,1,4,4,4,4,5,4,5,3,4,3.15,23,15,TRUE
Male,Loyal Customer,42,Business Travel,Business,2333,5,5,5,5,5,5,4,4,4,4,4,3,5,4.46,0,0,TRUE
Male,Loyal Customer,52,Personal Travel,Eco,255,3,5,3,4,1,3,1,1,3,3,5,4,1,2.85,0,0,FALSE
Female,Disloyal Customer,45,Business Travel,Business,689,3,3,3,3,1,3,1,1,4,5,4,3,1,2.69,0,9,FALSE
Male,Loyal Customer,39,Personal Travel,Eco,98,3,5,0,1,2,0,1,2,4,2,4,4,2,2.31,0,4,FALSE
Female,Loyal Customer,37,Business Travel,Business,3972,4,4,4,4,2,4,4,4,4,4,4,3,5,3.85,0,0,TRUE
Female,Loyal Customer,45,Personal Travel,Eco,628,2,4,2,1,2,5,5,5,5,2,5,5,4,3.62,0,0,FALSE
Female,Loyal Customer,49,Business Travel,Business,444,4,4,4,4,4,4,4,5,5,5,5,3,5,4.31,0,3,TRUE
Male,Loyal Customer,49,Business Travel,Eco,445,3,2,2,2,3,3,3,3,1,3,4,2,3,2.62,21,26,FALSE
Female,Loyal Customer,64,Personal Travel,Eco,187,3,2,3,3,3,3,3,5,5,3,5,3,3,3.38,0,0,FALSE
Female,Loyal Customer,11,Personal Travel,Eco Plus,594,2,2,3,4,5,3,5,5,4,1,4,3,5,3.54,0,0,FALSE
Female,Loyal Customer,47,Business Travel,Business,251,4,4,4,4,4,5,4,5,5,5,5,5,4,4.46,0,0,TRUE
Male,Loyal Customer,27,Business Travel,Business,630,5,5,5,5,4,4,4,4,3,4,4,5,4,4.31,0,2,TRUE
Female,Loyal Customer,60,Business Travel,Business,2320,0,5,0,5,3,5,4,1,1,1,1,5,5,2.77,34,33,TRUE
Female,Loyal Customer,39,Business Travel,Business,1592,1,1,1,1,1,3,3,1,1,1,1,1,3,1.46,30,24,FALSE
Female,Loyal Customer,48,Business Travel,Business,3800,5,5,5,5,5,3,1,4,4,4,3,4,1,3.77,0,5,TRUE
Female,Loyal Customer,46,Personal Travel,Eco,461,1,5,1,3,5,5,4,5,5,1,2,4,3,3.38,0,0,FALSE
Female,Loyal Customer,44,Personal Travel,Eco,373,2,4,2,5,2,3,4,3,3,2,3,3,1,2.85,8,1,FALSE
Female,Loyal Customer,14,Business Travel,Business,1464,2,2,2,2,4,4,4,4,5,4,4,5,4,3.54,0,0,TRUE
Male,Loyal Customer,46,Business Travel,Business,2519,1,3,3,3,2,1,1,4,2,1,1,1,1,1.85,30,44,FALSE
Female,Loyal Customer,24,Personal Travel,Eco,316,3,4,3,3,3,3,3,3,1,4,4,1,3,2.92,0,0,FALSE
Male,Disloyal Customer,27,Business Travel,Business,1162,4,4,4,3,5,4,5,5,1,5,4,3,5,4,0,0,FALSE
Male,Loyal Customer,47,Business Travel,Business,1589,3,1,1,1,5,3,3,3,3,4,3,1,3,2.62,0,0,FALSE
Male,Loyal Customer,47,Business Travel,Business,3259,2,2,2,2,4,5,5,4,4,4,4,5,4,3.62,0,0,TRUE
Male,Disloyal Customer,57,Business Travel,Business,228,2,2,2,2,5,2,5,5,5,3,3,1,5,3.23,0,0,TRUE
Female,Loyal Customer,57,Personal Travel,Eco Plus,829,4,5,4,1,4,5,4,5,5,4,2,5,5,4.08,29,18,FALSE
Male,Loyal Customer,30,Business Travel,Business,2586,4,4,4,4,5,5,5,5,4,4,3,4,5,4.31,0,0,TRUE
Male,Loyal Customer,52,Business Travel,Business,2264,2,2,2,2,3,5,4,5,5,5,5,3,3,3.54,0,0,TRUE
Female,Loyal Customer,22,Personal Travel,Eco Plus,183,3,4,0,2,4,0,4,4,3,4,5,5,4,3.23,0,0,FALSE
Male,Loyal Customer,68,Business Travel,Eco Plus,965,4,3,3,3,4,4,4,4,3,3,4,3,4,3.54,67,61,FALSE
Male,Loyal Customer,25,Business Travel,Business,2855,4,4,4,4,4,4,4,4,3,3,4,3,4,3.77,0,0,TRUE
Male,Loyal Customer,28,Personal Travel,Eco,328,5,2,5,3,2,5,2,2,2,3,4,2,2,3,0,0,TRUE
Female,Loyal Customer,66,Personal Travel,Eco,692,1,5,1,3,5,4,4,3,3,1,3,4,3,3.08,10,0,FALSE
Male,Loyal Customer,36,Business Travel,Business,1548,2,4,4,4,1,3,3,2,2,2,2,2,2,2.54,11,19,FALSE
Female,Loyal Customer,44,Business Travel,Business,1589,4,4,4,4,5,3,5,3,3,4,3,3,5,3.85,0,0,TRUE
Male,Loyal Customer,59,Business Travel,Business,2752,5,5,5,5,5,5,4,5,5,5,5,4,5,4.85,0,8,TRUE
Female,Loyal Customer,47,Personal Travel,Eco,1028,1,5,1,3,4,4,4,1,1,1,1,5,5,2.77,0,0,FALSE
Female,Loyal Customer,21,Personal Travel,Business,1449,2,3,2,3,1,2,1,1,2,2,3,4,1,2.08,59,38,FALSE
Female,Loyal Customer,18,Personal Travel,Eco,925,3,5,3,3,5,3,5,5,4,2,4,4,5,3.92,2,7,FALSE
Male,Loyal Customer,39,Business Travel,Business,2687,4,4,4,4,5,4,4,4,4,4,4,3,4,4,26,11,TRUE
Male,Loyal Customer,56,Business Travel,Business,3037,4,4,4,4,2,4,5,4,4,4,4,3,5,3.92,0,0,TRUE
Female,Loyal Customer,62,Personal Travel,Eco,214,2,3,2,4,1,3,3,5,5,2,5,3,2,3.08,0,16,FALSE
Female,Loyal Customer,56,Business Travel,Business,733,2,2,2,2,2,5,4,2,2,2,2,3,5,2.69,7,5,TRUE
Female,Loyal Customer,41,Business Travel,Business,2438,3,3,3,3,2,4,5,3,3,4,3,5,3,3.38,0,0,TRUE
Female,Loyal Customer,18,Business Travel,Business,483,2,1,1,1,2,2,2,2,3,3,3,3,2,2.08,10,12,FALSE
Female,Loyal Customer,47,Business Travel,Eco,1299,3,5,5,5,1,3,4,3,3,3,3,3,4,3.46,0,0,FALSE
Male,Loyal Customer,28,Business Travel,Business,1496,2,2,2,2,2,2,2,2,4,5,5,3,2,2.69,0,0,TRUE
Male,Loyal Customer,50,Business Travel,Business,197,2,2,2,2,3,4,5,5,5,5,4,3,3,3.46,10,14,TRUE
Male,Loyal Customer,56,Business Travel,Business,444,3,3,3,3,5,5,4,5,5,4,5,5,5,4.23,1,0,TRUE
Male,Disloyal Customer,22,Business Travel,Business,1011,4,5,4,1,1,4,1,1,4,4,5,3,1,2.92,4,0,TRUE
Male,Loyal Customer,44,Business Travel,Eco Plus,372,3,4,4,4,3,3,3,3,2,3,4,2,3,3.15,10,8,FALSE
Male,Disloyal Customer,33,Business Travel,Eco,554,1,3,1,3,3,1,3,3,4,3,5,5,3,2.92,0,0,FALSE
Female,Loyal Customer,59,Business Travel,Business,1105,3,3,3,3,4,5,4,3,3,3,3,4,3,3.38,23,15,TRUE
Female,Loyal Customer,20,Personal Travel,Eco,2133,2,3,2,5,2,2,5,2,2,1,2,1,2,2.38,0,0,FALSE
Male,Loyal Customer,36,Business Travel,Business,2435,2,2,2,2,3,5,1,4,4,4,4,2,4,3,0,0,TRUE
Male,Loyal Customer,25,Personal Travel,Eco,919,2,5,2,3,2,2,2,2,5,4,5,5,2,3.15,1,0,FALSE
Male,Loyal Customer,31,Business Travel,Business,1927,2,4,4,4,2,3,2,2,4,4,4,3,2,3.08,0,1,FALSE
Male,Loyal Customer,48,Business Travel,Business,3284,2,1,1,1,3,4,3,2,2,2,2,4,1,2.15,0,0,FALSE
Male,Loyal Customer,65,Personal Travel,Eco,677,2,5,1,3,2,1,2,2,4,3,3,4,2,2.62,0,0,FALSE
Male,Disloyal Customer,36,Business Travel,Business,992,1,1,1,3,3,1,3,3,4,3,3,3,3,2.46,109,108,FALSE
Female,Loyal Customer,44,Personal Travel,Eco,581,3,5,3,3,5,4,5,5,5,3,5,4,5,4.23,1,0,FALSE
Female,Loyal Customer,53,Personal Travel,Eco,759,5,4,5,3,3,5,5,4,4,5,4,3,3,4.08,0,0,TRUE
Male,Loyal Customer,23,Business Travel,Business,2094,1,1,1,1,4,4,4,4,3,4,5,4,4,3.08,0,0,TRUE
Male,Loyal Customer,68,Personal Travel,Eco,452,2,4,2,3,5,2,5,5,3,4,5,4,5,3.77,0,107,FALSE
Male,Disloyal Customer,22,Business Travel,Eco,1023,5,5,5,3,5,1,3,3,5,4,5,3,3,3.85,8,19,TRUE
Male,Loyal Customer,26,Business Travel,Business,2279,5,5,5,5,4,4,4,4,1,5,3,5,4,4.15,0,0,TRUE
Male,Disloyal Customer,27,Business Travel,Eco,96,1,1,1,3,2,1,2,2,4,5,3,1,2,2.15,0,0,FALSE
Female,Loyal Customer,28,Business Travel,Eco,604,4,1,1,1,4,4,4,4,2,4,4,4,4,3.15,0,0,TRUE
Male,Loyal Customer,10,Personal Travel,Eco,762,2,5,2,1,3,2,3,3,4,3,4,5,3,3.08,0,0,FALSE
Male,Loyal Customer,54,Personal Travel,Eco,1124,3,5,3,5,5,3,5,5,5,4,5,4,5,4.38,0,0,FALSE
Female,Disloyal Customer,22,Business Travel,Eco,337,4,0,4,2,3,4,3,3,4,4,4,4,3,3.23,23,19,FALSE
Female,Loyal Customer,38,Business Travel,Business,224,3,3,3,3,5,5,3,5,5,5,5,3,2,3.85,0,0,TRUE
Male,Disloyal Customer,27,Business Travel,Business,1118,1,1,1,2,1,1,2,1,4,1,5,1,1,1.69,0,0,FALSE
Female,Loyal Customer,18,Personal Travel,Eco,1416,3,4,3,3,3,3,1,3,4,5,1,2,3,2.92,0,0,FALSE
Male,Loyal Customer,21,Personal Travel,Eco,388,1,4,1,5,5,1,1,5,3,4,5,4,5,3.38,0,0,FALSE
Male,Loyal Customer,16,Personal Travel,Eco,569,3,5,3,1,4,3,4,4,1,1,2,4,4,3,9,7,FALSE
Male,Loyal Customer,43,Business Travel,Business,587,4,4,4,4,5,5,5,5,5,4,5,5,5,4.62,93,78,TRUE
Male,Loyal Customer,37,Business Travel,Eco,199,5,5,5,5,5,5,5,5,3,3,1,3,5,4.23,11,15,TRUE
Female,Loyal Customer,53,Business Travel,Business,334,3,3,4,3,3,5,4,5,5,5,5,3,4,4,43,47,TRUE
Female,Loyal Customer,24,Personal Travel,Eco,641,3,5,3,2,1,3,1,1,4,4,5,5,1,2.92,0,0,FALSE
Female,Loyal Customer,49,Business Travel,Business,453,1,1,1,1,2,5,4,2,2,2,2,3,4,2.31,0,0,TRUE
Male,Loyal Customer,62,Personal Travel,Eco,366,3,5,3,3,1,3,1,1,5,3,4,3,1,2.77,0,0,FALSE
Male,Loyal Customer,32,Business Travel,Business,2092,4,4,4,4,4,4,4,4,3,5,3,4,4,3.92,0,0,TRUE
Male,Loyal Customer,60,Business Travel,Business,283,3,5,5,5,5,4,3,3,3,3,3,4,3,3.77,7,56,FALSE
Female,Loyal Customer,37,Personal Travel,Eco,409,2,3,2,2,2,2,2,2,5,4,3,1,2,2.46,0,0,FALSE
Male,Loyal Customer,17,Personal Travel,Eco,368,3,5,3,2,3,3,3,3,1,3,4,4,3,3.08,0,0,FALSE
Female,Loyal Customer,23,Personal Travel,Eco,409,3,5,4,3,3,4,3,3,2,4,3,2,3,3.23,0,0,FALSE
Female,Loyal Customer,33,Business Travel,Business,872,3,2,2,2,1,1,1,3,3,3,3,2,2,2.15,0,0,FALSE
Male,Loyal Customer,39,Personal Travel,Eco Plus,1069,0,5,0,4,5,0,5,5,3,3,5,1,5,3.15,0,0,TRUE
Female,Loyal Customer,41,Business Travel,Business,1754,1,1,1,1,2,4,5,5,5,5,5,5,3,3.31,0,5,TRUE
Female,Loyal Customer,60,Personal Travel,Eco,1005,4,4,4,2,1,3,2,2,2,4,2,5,3,2.92,0,0,TRUE
Male,Disloyal Customer,37,Business Travel,Business,784,5,5,5,4,1,5,1,1,3,5,4,5,1,3.46,0,0,TRUE
Female,Loyal Customer,14,Personal Travel,Eco,862,3,4,3,3,2,3,2,2,3,3,5,4,2,3,58,39,FALSE
Male,Loyal Customer,60,Business Travel,Business,293,1,1,1,1,4,5,5,5,5,5,5,3,4,3.46,0,0,TRUE
Female,Disloyal Customer,17,Business Travel,Eco,787,4,3,3,4,5,3,5,5,4,3,4,1,5,3.77,11,24,FALSE
Male,Loyal Customer,38,Personal Travel,Eco,288,1,5,1,3,2,1,2,2,3,2,4,3,2,2.38,0,0,FALSE
Female,Loyal Customer,56,Personal Travel,Eco,489,2,1,2,3,4,3,3,5,5,2,1,3,4,2.92,0,0,FALSE
Male,Loyal Customer,32,Business Travel,Eco Plus,634,5,5,3,5,5,5,5,5,1,2,1,1,5,3.69,0,0,TRUE
Male,Disloyal Customer,30,Business Travel,Business,189,2,1,1,4,5,1,5,5,4,3,5,5,5,3.54,0,0,FALSE
Male,Loyal Customer,66,Personal Travel,Eco,1533,2,4,2,3,1,2,4,1,5,5,5,3,1,2.92,2,0,FALSE
Male,Loyal Customer,37,Business Travel,Eco,212,2,5,1,5,2,2,2,2,2,2,4,4,2,2.69,2,0,FALSE
Male,Loyal Customer,50,Business Travel,Business,1086,2,2,2,2,2,3,5,5,5,5,5,5,5,3.69,0,1,TRUE
Female,Loyal Customer,18,Personal Travel,Eco,469,2,4,2,5,1,2,1,1,5,5,4,4,1,2.85,0,0,FALSE
Female,Loyal Customer,31,Business Travel,Business,3916,4,4,4,4,5,5,5,5,4,5,5,5,5,4.62,0,0,TRUE
Female,Loyal Customer,51,Business Travel,Business,1642,1,1,1,1,5,5,4,5,5,5,5,3,3,3.38,12,0,TRUE
Female,Loyal Customer,31,Personal Travel,Eco,1199,0,1,0,3,2,0,3,2,1,4,2,1,2,1.62,13,0,TRUE
Female,Loyal Customer,60,Business Travel,Business,3949,1,1,1,1,4,5,4,4,4,4,4,3,4,3.08,16,8,TRUE
Male,Loyal Customer,53,Personal Travel,Eco,550,3,0,3,4,5,3,5,5,4,5,5,3,5,3.85,0,0,FALSE
Female,Loyal Customer,29,Business Travel,Eco Plus,266,4,5,5,5,4,4,4,4,3,1,2,2,4,3.62,105,94,TRUE
Female,Loyal Customer,59,Business Travel,Business,1958,2,1,1,1,4,3,3,2,2,2,2,1,4,2.15,0,0,FALSE
Male,Loyal Customer,57,Business Travel,Business,173,2,2,3,2,2,5,4,4,4,4,5,5,5,3.62,0,4,TRUE
Male,Disloyal Customer,28,Business Travel,Business,859,3,3,3,4,2,3,2,2,5,5,5,5,2,3.38,0,0,FALSE
Female,Disloyal Customer,26,Business Travel,Eco Plus,507,3,3,3,5,3,3,3,3,4,4,3,5,3,3.46,0,0,FALSE
Female,Loyal Customer,8,Personal Travel,Eco,139,3,3,3,4,1,3,3,1,2,1,3,4,1,2.46,43,52,FALSE
Female,Loyal Customer,40,Personal Travel,Eco,1626,4,5,4,4,4,4,5,4,5,4,4,3,4,4.15,0,9,FALSE
Male,Loyal Customer,29,Personal Travel,Eco,466,3,4,3,1,2,3,2,2,4,5,4,4,2,3,27,14,FALSE
Female,Loyal Customer,25,Business Travel,Business,3424,3,3,3,3,2,2,2,2,5,5,5,4,2,3.15,0,16,TRUE
Female,Loyal Customer,49,Personal Travel,Eco,861,3,4,3,3,3,4,5,3,3,3,4,3,5,3.54,62,54,FALSE
Female,Loyal Customer,40,Business Travel,Eco,803,4,2,2,2,4,4,4,4,4,1,4,1,4,3.08,0,0,FALSE
Male,Disloyal Customer,26,Business Travel,Business,1005,2,2,2,4,2,2,2,2,5,3,4,5,2,2.85,0,0,FALSE
Female,Loyal Customer,45,Business Travel,Business,1084,3,3,3,3,2,4,4,2,2,2,2,5,4,3,0,0,TRUE
Male,Loyal Customer,53,Personal Travel,Eco,1061,3,4,3,3,1,3,1,1,4,2,5,3,1,2.62,3,0,FALSE
Female,Loyal Customer,63,Personal Travel,Eco,882,1,0,1,2,3,4,5,1,1,1,1,5,4,2.23,0,0,FALSE
Female,Loyal Customer,69,Personal Travel,Eco,226,3,4,3,3,4,5,4,2,2,3,1,3,4,3.15,0,0,FALSE
Male,Loyal Customer,31,Personal Travel,Eco,921,3,4,2,2,4,2,4,4,3,3,4,5,4,3.38,0,0,FALSE
Male,Loyal Customer,50,Personal Travel,Eco,1390,3,4,3,3,4,3,5,4,5,3,5,1,4,3.62,0,0,FALSE
Female,Loyal Customer,50,Business Travel,Eco,502,3,5,5,5,2,3,3,3,3,3,3,3,4,3.46,0,12,FALSE
Male,Loyal Customer,39,Business Travel,Eco,73,4,5,4,5,4,4,4,4,5,3,4,4,4,4.15,28,41,TRUE
Male,Loyal Customer,53,Business Travel,Business,1998,2,2,2,2,4,4,4,4,4,4,4,5,4,3.46,19,0,TRUE
Male,Loyal Customer,51,Personal Travel,Business,1448,4,4,4,1,1,4,2,4,4,4,4,2,2,3.08,0,0,FALSE
Male,Loyal Customer,29,Personal Travel,Eco,526,2,1,4,2,3,4,4,3,3,3,2,1,3,2.69,19,29,FALSE
Male,Loyal Customer,56,Business Travel,Business,2375,0,0,0,2,5,5,5,5,5,5,5,4,5,3.54,121,110,TRUE
Male,Loyal Customer,11,Personal Travel,Eco,2640,3,3,3,1,3,1,1,2,4,3,4,1,1,2.31,0,5,FALSE
Male,Loyal Customer,36,Business Travel,Business,2965,4,4,3,4,2,4,4,4,4,4,4,3,4,3.69,0,0,TRUE
Male,Loyal Customer,46,Business Travel,Business,1667,1,1,3,1,2,5,4,2,2,2,2,4,3,2.46,4,0,TRUE
Female,Loyal Customer,41,Business Travel,Business,2537,1,1,5,1,5,5,5,4,4,4,5,4,5,3.77,0,0,TRUE
Male,Loyal Customer,45,Personal Travel,Eco Plus,86,2,5,2,4,3,2,3,3,3,2,4,4,3,3.08,0,0,FALSE
Female,Loyal Customer,50,Business Travel,Business,3596,0,5,0,1,4,5,4,5,5,5,5,4,4,3.62,23,16,TRUE
Male,Loyal Customer,61,Personal Travel,Eco Plus,432,2,3,2,3,1,2,1,1,4,4,3,2,1,2.23,21,9,FALSE
Male,Loyal Customer,37,Business Travel,Business,2494,4,4,4,4,2,4,4,5,5,5,5,4,5,4.23,0,0,TRUE
Male,Loyal Customer,38,Business Travel,Business,2796,2,2,2,2,5,3,4,2,2,2,2,3,4,2.69,0,7,FALSE
Male,Loyal Customer,72,Business Travel,Business,1722,2,1,1,1,3,4,4,2,2,2,2,1,3,2.15,0,7,FALSE
Male,Loyal Customer,64,Personal Travel,Eco,668,2,5,2,4,5,2,5,5,3,2,5,4,5,3.77,23,17,FALSE
Female,Loyal Customer,46,Personal Travel,Eco,647,3,3,3,4,2,4,3,3,3,3,3,2,4,3.08,0,1,FALSE
Male,Loyal Customer,11,Business Travel,Business,758,4,3,4,4,5,5,5,5,3,4,5,2,5,4.15,15,8,TRUE
Female,Loyal Customer,22,Personal Travel,Eco,1521,4,4,4,4,1,4,5,1,3,2,4,1,1,2.92,0,0,TRUE
Male,Loyal Customer,33,Business Travel,Business,1020,1,1,4,1,5,5,5,5,5,5,3,1,5,3.54,0,0,TRUE
Male,Loyal Customer,67,Business Travel,Business,761,4,4,4,4,3,4,4,4,4,4,4,5,3,3.92,0,0,TRUE
Female,Disloyal Customer,25,Business Travel,Eco,328,4,1,4,2,4,4,4,4,2,2,2,2,4,3,17,19,FALSE
Male,Disloyal Customer,28,Business Travel,Eco,1322,2,2,2,3,1,2,1,1,3,3,3,2,1,2,44,46,FALSE
Female,Loyal Customer,54,Business Travel,Eco,862,5,1,1,1,1,5,5,5,5,5,5,4,2,3.46,0,0,TRUE
Female,Loyal Customer,57,Personal Travel,Eco,408,4,4,4,2,2,4,5,4,4,4,4,3,3,3.62,0,0,TRUE
Male,Loyal Customer,55,Business Travel,Eco,222,3,1,4,1,3,3,3,3,4,5,3,4,3,3.08,0,0,FALSE
Male,Loyal Customer,62,Personal Travel,Eco,228,4,1,4,4,1,4,1,1,4,4,4,1,1,2.62,0,0,FALSE
Male,Loyal Customer,55,Business Travel,Eco,246,3,5,5,5,3,3,3,3,1,3,3,2,3,3.23,0,0,TRUE
Female,Disloyal Customer,22,Business Travel,Business,205,5,0,5,4,5,5,4,5,5,2,5,5,5,4.23,3,0,TRUE
Male,Loyal Customer,28,Personal Travel,Eco Plus,1506,2,4,2,3,2,2,2,2,1,2,3,4,2,2.38,7,32,FALSE
Male,Loyal Customer,49,Business Travel,Business,3233,4,4,4,4,2,5,4,5,5,5,5,3,3,4.08,0,0,TRUE
Female,Disloyal Customer,42,Business Travel,Eco,369,3,4,3,3,2,3,2,2,3,3,4,4,2,2.92,0,0,FALSE
Female,Loyal Customer,27,Personal Travel,Business,1020,2,0,2,4,4,2,4,4,1,4,4,1,4,2.77,0,0,FALSE
Male,Loyal Customer,43,Business Travel,Eco Plus,389,3,2,2,2,3,3,3,3,2,1,4,4,3,2.69,54,32,FALSE
Female,Loyal Customer,48,Business Travel,Business,2984,0,0,0,3,3,5,4,2,2,2,2,5,4,2.46,0,0,TRUE
Female,Loyal Customer,7,Personal Travel,Eco,1491,3,4,3,3,1,3,1,1,1,5,2,2,1,2.31,0,0,FALSE
Female,Loyal Customer,24,Personal Travel,Eco,377,4,5,4,1,5,4,1,5,5,3,4,3,5,3.77,2,0,FALSE
Female,Loyal Customer,41,Business Travel,Business,3528,5,5,5,5,3,4,5,4,4,4,4,3,5,4.31,0,0,TRUE
Female,Loyal Customer,34,Personal Travel,Eco,399,4,5,4,2,5,4,2,5,4,3,5,5,5,4.08,5,0,FALSE
Female,Loyal Customer,42,Personal Travel,Eco,2176,5,2,4,4,5,3,3,2,2,4,2,2,1,3,0,0,TRUE
Male,Loyal Customer,65,Business Travel,Eco,641,3,2,2,2,3,3,3,3,2,1,3,2,3,2.46,0,0,FALSE
Male,Loyal Customer,43,Business Travel,Business,309,4,4,4,4,4,4,4,5,5,5,5,4,3,4.23,0,4,TRUE
Male,Loyal Customer,30,Personal Travel,Eco,414,2,3,2,3,2,2,2,2,3,3,4,2,2,2.46,3,0,FALSE
Male,Loyal Customer,35,Personal Travel,Eco,183,4,2,4,3,5,4,5,5,1,5,3,2,5,3.69,0,0,FALSE
Male,Loyal Customer,33,Personal Travel,Eco Plus,270,2,4,2,2,5,2,2,5,3,4,5,3,5,3.38,0,3,FALSE
Female,Disloyal Customer,38,Business Travel,Eco,535,2,3,2,3,2,2,2,2,3,5,4,2,2,2.62,31,,FALSE
Male,Loyal Customer,33,Personal Travel,Eco Plus,950,4,5,4,4,3,4,3,3,3,2,3,4,3,3.46,0,62,FALSE
Female,Loyal Customer,19,Personal Travel,Eco,1075,2,5,2,1,5,2,3,5,3,3,5,4,5,3.46,3,28,FALSE
Male,Disloyal Customer,28,Business Travel,Business,1444,2,2,2,3,3,2,3,3,4,2,3,1,3,2.54,0,0,FALSE
Male,Disloyal Customer,27,Business Travel,Business,482,4,4,4,2,2,4,2,2,3,2,4,3,2,2.92,0,0,TRUE
Female,Loyal Customer,49,Business Travel,Business,447,4,4,4,4,2,4,5,4,4,4,4,4,3,3.85,2,0,TRUE
Male,Loyal Customer,44,Business Travel,Business,2565,4,1,4,4,4,4,4,5,3,4,4,4,4,3.77,0,0,TRUE
Male,Loyal Customer,58,Personal Travel,Eco Plus,802,4,5,4,4,2,4,2,2,4,5,5,3,2,3.54,0,0,TRUE
Male,Loyal Customer,39,Business Travel,Business,3708,1,1,1,1,4,4,4,4,4,4,4,3,4,3,0,0,TRUE
Male,Loyal Customer,43,Business Travel,Eco,1069,2,5,5,5,2,2,2,2,1,3,2,4,2,2.85,18,0,TRUE
Female,Loyal Customer,18,Personal Travel,Eco,611,2,1,3,3,4,3,4,4,4,1,2,4,4,3,0,0,FALSE
Female,Loyal Customer,32,Personal Travel,Eco,1587,2,5,2,4,1,2,1,1,4,4,4,3,1,2.62,0,0,FALSE
Female,Loyal Customer,7,Personal Travel,Eco,158,3,4,3,2,4,3,4,4,4,4,5,3,4,3.62,0,12,FALSE
Male,Loyal Customer,36,Business Travel,Eco,1334,5,3,3,3,5,5,5,5,4,2,5,3,5,4.08,0,0,TRUE
Female,Disloyal Customer,27,Business Travel,Eco Plus,541,5,5,5,2,5,5,2,5,1,1,3,3,5,3.62,0,0,TRUE
Male,Loyal Customer,21,Personal Travel,Eco,666,1,4,1,4,1,2,3,3,2,5,4,3,3,2.77,133,119,FALSE
Female,Loyal Customer,38,Personal Travel,Eco,306,2,5,2,3,4,2,4,4,4,4,4,4,4,3.54,0,11,FALSE
Female,Disloyal Customer,19,Business Travel,Eco Plus,236,3,2,3,3,1,3,1,1,1,2,4,2,1,2.08,42,37,FALSE
Male,Loyal Customer,12,Personal Travel,Eco,1674,2,1,2,1,2,2,2,2,3,2,2,4,2,2.08,6,21,FALSE
Male,Disloyal Customer,44,Business Travel,Business,1733,2,2,2,4,5,2,5,5,2,5,2,1,5,3.23,51,44,FALSE
Female,Loyal Customer,33,Personal Travel,Eco,746,4,3,4,3,1,4,1,1,4,4,4,3,1,2.85,0,17,FALSE
Female,Loyal Customer,44,Business Travel,Business,2918,1,5,5,5,5,3,2,1,1,1,1,1,2,2.54,31,30,FALSE
Male,Loyal Customer,70,Business Travel,Eco Plus,325,4,3,4,4,3,4,3,3,4,5,3,2,3,3.46,21,19,FALSE
Male,Loyal Customer,48,Business Travel,Business,386,1,1,1,1,4,5,5,4,4,4,4,4,4,3.23,0,0,TRUE
Male,Loyal Customer,70,Personal Travel,Eco Plus,1120,3,1,3,3,1,3,1,1,2,1,4,4,1,2.15,86,71,FALSE
Male,Loyal Customer,16,Personal Travel,Eco,594,2,3,2,4,4,2,1,4,2,5,4,3,4,3.08,5,0,FALSE
Female,Loyal Customer,27,Personal Travel,Eco Plus,1947,4,5,4,1,1,4,1,1,5,4,5,4,1,3.08,0,0,FALSE
Male,Loyal Customer,11,Personal Travel,Eco,500,2,5,2,1,1,2,1,1,1,5,1,2,1,1.92,0,3,FALSE
Male,Loyal Customer,30,Business Travel,Business,1874,1,1,1,1,5,5,5,5,4,5,4,3,5,3.46,4,0,TRUE
Female,Disloyal Customer,12,Business Travel,Eco,1587,3,2,2,5,5,3,2,5,3,3,4,4,5,3.54,0,0,TRUE
Male,Loyal Customer,10,Personal Travel,Eco,1744,2,4,2,3,4,2,3,4,3,3,5,4,4,3.31,15,0,FALSE
Female,Disloyal Customer,22,Business Travel,Eco,991,2,2,2,4,4,2,4,4,4,3,4,2,4,3.15,0,0,FALSE
Male,Loyal Customer,49,Business Travel,Business,2172,2,2,2,2,4,4,4,5,5,4,5,3,5,3.62,0,0,TRUE
Male,Loyal Customer,30,Personal Travel,Eco,316,4,3,4,5,4,4,4,4,2,4,4,5,4,3.92,0,0,FALSE
Male,Disloyal Customer,24,Business Travel,Eco,1255,2,2,2,3,1,2,1,1,2,3,3,4,1,2.08,0,0,FALSE
Female,Loyal Customer,12,Personal Travel,Eco,920,3,1,2,4,4,2,4,4,4,5,3,3,4,3.31,0,0,FALSE
Male,Loyal Customer,47,Business Travel,Eco Plus,289,4,1,1,1,3,4,3,3,4,4,2,4,3,2.85,3,1,TRUE
Male,Loyal Customer,60,Personal Travel,Eco,373,3,1,3,4,4,3,4,4,4,1,3,4,4,3.23,0,0,FALSE
Female,Loyal Customer,25,Business Travel,Business,3444,3,1,1,1,3,3,3,3,4,3,4,1,3,2.54,0,0,FALSE
Female,Loyal Customer,22,Business Travel,Business,575,1,1,1,1,5,4,5,5,5,2,3,2,5,3.08,0,24,TRUE
Female,Loyal Customer,44,Business Travel,Eco,986,1,2,2,2,3,3,3,1,1,1,1,1,3,1.85,0,0,FALSE
Male,Loyal Customer,20,Personal Travel,Eco,599,1,4,1,3,2,1,5,2,1,3,3,3,2,2.38,0,4,FALSE
Female,Loyal Customer,7,Personal Travel,Eco,411,5,5,2,2,3,2,1,3,5,5,4,4,3,3.38,0,0,TRUE
Male,Loyal Customer,49,Business Travel,Business,1514,4,4,4,4,4,5,5,5,5,5,5,5,4,4.54,0,0,TRUE
Male,Loyal Customer,43,Personal Travel,Eco,912,2,1,3,3,2,3,2,2,2,1,4,1,2,2.15,0,0,FALSE
Female,Disloyal Customer,25,Business Travel,Eco,866,1,0,0,5,5,0,5,5,2,5,4,5,5,3.23,0,0,FALSE
Male,Loyal Customer,12,Business Travel,Business,1464,3,4,4,4,3,3,3,3,3,4,4,2,3,3.31,0,0,FALSE
Male,Loyal Customer,50,Business Travel,Business,1967,3,3,2,3,2,4,5,5,5,5,5,5,3,3.85,3,0,TRUE
Male,Disloyal Customer,19,Business Travel,Business,67,0,3,0,4,4,0,4,4,1,4,4,5,4,2.85,0,0,TRUE
Female,Loyal Customer,58,Business Travel,Business,587,4,4,4,4,3,4,5,5,5,5,5,3,4,4.23,0,0,TRUE
Female,Loyal Customer,49,Business Travel,Eco,765,2,4,1,4,3,3,1,2,2,2,2,2,3,2.38,2,0,TRUE
Male,Loyal Customer,53,Business Travel,Eco,448,5,2,2,2,5,5,5,5,2,2,3,5,5,3.69,0,0,TRUE
Female,Loyal Customer,50,Personal Travel,Eco,230,4,4,4,3,3,5,4,2,2,4,5,3,5,3.69,0,0,TRUE
Female,Loyal Customer,57,Business Travel,Eco,382,3,3,3,3,2,4,5,3,3,3,3,2,1,2.92,3,0,TRUE
Male,Loyal Customer,45,Business Travel,Business,1727,3,3,3,3,4,5,4,5,5,5,5,5,4,4.15,0,0,TRUE
Male,Loyal Customer,55,Business Travel,Eco,508,3,4,4,4,3,3,3,3,4,4,2,4,3,3.38,0,0,FALSE
Male,Loyal Customer,48,Business Travel,Eco,2342,3,2,4,4,3,3,3,3,1,3,3,4,3,3,12,4,FALSE
Female,Disloyal Customer,24,Business Travel,Eco,1357,4,4,4,2,1,4,1,1,5,3,1,5,1,2.77,0,0,FALSE
Female,Loyal Customer,26,Business Travel,Eco Plus,2136,3,2,2,2,3,3,2,3,2,2,3,2,3,2.46,0,10,FALSE
Female,Loyal Customer,38,Business Travel,Business,867,2,2,2,2,2,5,4,4,4,4,4,5,3,3.31,121,124,TRUE
Female,Loyal Customer,61,Personal Travel,Business,290,5,4,5,4,5,5,4,1,1,5,5,3,5,4,0,2,TRUE
Male,Loyal Customer,56,Personal Travel,Eco,356,2,4,2,3,1,2,1,1,5,3,5,3,1,2.54,0,0,FALSE
Male,Loyal Customer,59,Business Travel,Business,3770,5,5,5,5,5,5,5,4,4,4,4,4,3,4.46,0,0,TRUE
Male,Loyal Customer,49,Business Travel,Business,3360,2,1,1,1,1,4,3,2,2,2,2,2,4,2.08,0,0,FALSE
Male,Loyal Customer,34,Business Travel,Business,2692,3,5,4,5,1,3,4,3,3,3,3,1,3,3.15,0,0,FALSE
Female,Loyal Customer,44,Business Travel,Business,2225,4,4,4,4,5,4,4,4,4,4,4,5,5,4.23,0,0,TRUE
Female,Disloyal Customer,25,Business Travel,Business,358,4,0,4,3,1,4,1,1,4,3,5,5,1,2.77,0,0,TRUE
Male,Loyal Customer,36,Business Travel,Business,1197,3,2,2,2,4,3,4,3,3,3,3,1,4,2.85,0,0,FALSE
Female,Disloyal Customer,25,Business Travel,Eco,913,2,2,2,1,2,2,2,2,3,5,1,2,2,2.15,7,18,FALSE
Female,Loyal Customer,45,Business Travel,Business,3344,1,1,1,1,5,5,5,4,3,5,5,5,5,3.54,163,157,TRUE
Male,Loyal Customer,24,Business Travel,Business,2218,2,2,2,2,4,4,4,4,3,2,5,4,4,3.23,0,0,TRUE
Female,Disloyal Customer,27,Business Travel,Business,192,4,4,4,3,5,4,1,5,5,4,4,5,5,4.08,0,0,TRUE
Male,Loyal Customer,51,Business Travel,Business,315,0,0,0,2,3,4,4,4,4,4,2,5,4,2.77,0,0,TRUE
Female,Loyal Customer,42,Business Travel,Business,3538,3,3,3,3,5,5,5,4,4,4,4,3,5,3.92,1,0,TRUE
Male,Loyal Customer,36,Business Travel,Eco,1096,2,5,5,5,2,2,2,2,4,2,3,1,2,2.85,0,0,FALSE
Female,Loyal Customer,38,Personal Travel,Business,281,3,4,3,3,3,4,4,2,2,3,2,3,5,3.15,16,13,FALSE
Male,Loyal Customer,44,Business Travel,Business,853,4,5,5,5,3,2,3,4,4,4,4,2,3,3.69,0,0,FALSE
Male,Disloyal Customer,27,Business Travel,Eco Plus,369,2,2,2,4,5,2,5,5,1,4,4,4,5,3.46,4,0,FALSE
Male,Loyal Customer,30,Business Travel,Business,3082,0,0,0,3,4,5,5,4,4,5,4,5,4,3.31,17,6,TRUE
Female,Loyal Customer,7,Personal Travel,Eco Plus,337,4,5,4,4,5,4,5,5,3,5,4,4,5,4.38,26,19,FALSE
Female,Disloyal Customer,69,Business Travel,Eco,417,1,1,1,3,2,1,2,2,1,3,4,4,2,2.08,4,5,FALSE
Female,Loyal Customer,69,Personal Travel,Eco,196,5,1,5,2,1,1,2,3,3,5,3,4,1,2.77,0,3,TRUE
Female,Disloyal Customer,23,Business Travel,Business,989,5,0,5,3,2,5,2,2,3,3,4,4,2,3.08,106,94,TRUE
Female,Loyal Customer,44,Personal Travel,Eco,1547,2,4,2,5,2,5,4,2,2,2,2,3,5,3.08,0,0,FALSE
Female,Loyal Customer,34,Personal Travel,Eco,551,1,3,1,3,2,1,2,2,1,4,3,2,2,2.08,0,0,FALSE
Female,Loyal Customer,50,Business Travel,Business,936,2,4,4,4,5,2,3,2,2,2,2,4,3,3,0,0,FALSE
Female,Disloyal Customer,38,Business Travel,Eco,348,3,1,3,3,3,3,5,3,3,5,3,1,3,3,0,6,FALSE
Male,Loyal Customer,30,Business Travel,Eco,101,4,3,3,3,4,4,4,4,4,1,1,5,4,3.38,0,0,TRUE
Female,Loyal Customer,53,Business Travel,Business,1674,1,1,1,1,4,4,4,5,5,4,5,1,5,3.15,4,0,TRUE
Male,Loyal Customer,69,Personal Travel,Eco,888,1,1,1,3,4,1,4,4,3,4,3,4,4,2.85,2,0,FALSE
Male,Loyal Customer,62,Personal Travel,Eco,728,1,2,1,4,4,1,4,4,1,4,3,3,4,2.77,46,41,FALSE
Male,Loyal Customer,48,Business Travel,Business,425,1,4,4,4,5,3,3,1,1,1,1,3,4,2.69,0,0,FALSE
Male,Loyal Customer,26,Business Travel,Business,3469,5,5,5,5,4,4,4,4,4,3,5,3,4,4.23,0,4,TRUE
Female,Disloyal Customer,54,Business Travel,Eco,199,1,5,1,1,2,1,2,2,1,2,2,2,2,1.85,0,0,FALSE
Male,Loyal Customer,56,Business Travel,Eco,588,4,1,1,1,4,4,4,4,4,3,4,1,4,3,1,0,TRUE
Female,Loyal Customer,34,Personal Travel,Eco,285,3,1,3,3,4,3,4,4,4,2,4,3,4,3.23,0,,FALSE
Male,Disloyal Customer,25,Business Travel,Eco,1249,4,5,5,4,1,5,3,1,3,1,5,3,1,3.15,0,0,TRUE
Female,Loyal Customer,68,Personal Travel,Business,1849,3,4,3,4,2,3,4,5,5,3,5,4,3,3.69,0,0,FALSE
Male,Loyal Customer,55,Personal Travel,Eco,110,3,3,3,4,5,3,5,5,5,4,1,1,5,3.62,0,0,FALSE
Female,Loyal Customer,36,Personal Travel,Eco,526,3,4,4,3,2,4,2,2,5,3,5,5,2,3.38,0,0,FALSE
Male,Loyal Customer,39,Business Travel,Business,3852,5,5,5,5,4,5,5,5,5,5,5,3,4,4.69,29,28,TRUE
Female,Loyal Customer,39,Personal Travel,Eco,405,2,4,2,3,2,2,4,2,4,2,5,3,2,2.85,7,11,FALSE
Male,Loyal Customer,20,Personal Travel,Eco Plus,1826,3,4,4,2,4,4,4,4,5,3,5,5,4,3.92,0,0,FALSE
Female,Loyal Customer,58,Business Travel,Business,2808,3,2,2,2,4,3,4,3,3,3,3,2,4,2.92,11,6,FALSE
Female,Disloyal Customer,15,Business Travel,Eco,247,2,0,2,3,4,2,4,4,5,5,5,5,4,3.46,0,0,FALSE
Male,Disloyal Customer,20,Business Travel,Eco,407,3,3,3,3,3,3,2,3,2,3,3,2,3,2.77,0,0,FALSE
Male,Disloyal Customer,22,Business Travel,Eco,383,5,4,5,1,1,5,1,1,3,2,5,3,1,2.85,0,12,TRUE
Female,Loyal Customer,44,Business Travel,Business,2380,5,5,5,5,4,4,4,5,5,5,5,3,3,4.46,13,0,TRUE
Male,Loyal Customer,22,Business Travel,Eco Plus,2295,3,2,2,2,3,3,3,3,2,4,2,2,3,2.62,3,0,FALSE
Female,Disloyal Customer,26,Business Travel,Eco,372,4,2,4,2,3,4,2,3,1,3,2,2,3,2.69,3,0,FALSE
Male,Disloyal Customer,24,Business Travel,Eco,1217,5,5,5,1,1,5,1,1,5,4,5,3,1,3.23,0,0,TRUE
Male,Loyal Customer,31,Business Travel,Eco,200,0,0,0,1,4,0,4,4,3,1,5,2,4,2.15,0,0,TRUE
Female,Loyal Customer,59,Personal Travel,Eco,577,2,3,2,4,5,3,3,5,5,2,5,2,1,3.23,14,66,FALSE
Male,Loyal Customer,54,Business Travel,Business,3325,2,2,2,2,3,4,4,5,5,5,5,5,3,3.62,0,0,TRUE
Male,Loyal Customer,39,Business Travel,Business,272,0,0,0,3,2,1,5,5,5,5,5,4,3,2.92,0,0,TRUE
Male,Loyal Customer,58,Personal Travel,Eco,946,1,4,1,4,3,1,3,3,1,2,5,2,3,2.54,0,5,FALSE
Male,Disloyal Customer,38,Business Travel,Business,184,3,3,3,5,3,3,3,3,4,4,5,3,3,3.46,0,0,FALSE
Female,Loyal Customer,17,Personal Travel,Eco,427,2,2,2,3,3,2,3,3,4,2,4,2,3,2.69,15,15,FALSE
Female,Loyal Customer,22,Business Travel,Eco,308,3,2,3,3,3,3,1,3,2,5,3,3,3,2.85,14,12,FALSE
Female,Loyal Customer,31,Business Travel,Business,3271,4,4,4,4,3,4,4,3,3,5,5,3,3,3.77,1,5,TRUE
Male,Disloyal Customer,24,Business Travel,Business,293,5,0,5,3,4,5,4,4,5,4,4,3,4,3.85,0,0,TRUE
Female,Disloyal Customer,33,Business Travel,Business,429,3,3,3,3,1,3,1,1,3,3,4,5,1,2.62,0,0,FALSE
Female,Loyal Customer,56,Business Travel,Business,3179,1,1,1,1,5,4,4,5,5,5,4,3,5,3.38,9,18,TRUE
Male,Loyal Customer,59,Business Travel,Eco Plus,489,1,1,1,1,2,1,2,2,1,3,4,1,2,1.69,0,0,FALSE
Female,Loyal Customer,63,Personal Travel,Eco,861,3,4,4,2,3,4,5,3,3,4,3,3,3,3.38,6,7,FALSE
Female,Loyal Customer,26,Personal Travel,Eco,1310,4,5,4,3,5,4,3,5,5,2,5,4,5,4.15,0,1,FALSE
Female,Loyal Customer,46,Business Travel,Business,2386,2,2,3,2,2,5,5,5,5,5,5,5,3,3.77,0,2,TRUE
Male,Loyal Customer,65,Personal Travel,Eco,226,2,5,0,4,3,0,3,3,4,2,5,5,3,3,1,0,FALSE
Male,Loyal Customer,59,Business Travel,Business,1500,2,2,2,2,3,5,4,4,4,5,4,5,5,3.62,4,7,TRUE
Female,Loyal Customer,49,Personal Travel,Eco,236,3,4,3,4,4,5,5,5,5,3,5,5,4,4.23,121,122,FALSE
Male,Loyal Customer,40,Business Travel,Eco Plus,639,3,5,5,5,3,3,3,3,4,2,4,5,3,3.69,38,25,TRUE
Male,Loyal Customer,49,Personal Travel,Eco,746,2,3,2,2,4,2,5,4,3,2,3,4,4,3.08,0,0,FALSE
Female,Loyal Customer,58,Business Travel,Business,1904,1,3,3,3,2,3,4,1,1,1,1,4,4,2.38,0,8,FALSE
Female,Loyal Customer,62,Business Travel,Business,2447,2,1,1,1,4,2,1,2,2,2,2,2,1,1.77,0,0,FALSE
Male,Loyal Customer,38,Business Travel,Business,3182,2,3,3,3,3,3,2,2,2,2,2,3,4,2.62,0,0,FALSE
Female,Loyal Customer,67,Personal Travel,Eco,404,2,5,2,3,4,5,5,5,5,2,5,5,4,4,0,0,FALSE
Male,Loyal Customer,27,Business Travel,Business,825,2,5,4,5,2,2,2,2,2,4,3,3,2,2.92,0,0,FALSE
Male,Loyal Customer,46,Personal Travel,Eco,370,3,5,3,4,2,3,2,2,1,4,4,3,2,2.92,0,0,FALSE
Female,Loyal Customer,54,Business Travel,Business,2667,1,1,1,1,2,4,4,4,4,5,4,3,3,2.85,1,8,TRUE
Male,Loyal Customer,37,Business Travel,Business,1944,5,5,5,5,3,4,4,5,5,5,5,5,5,4.69,0,0,TRUE
Female,Disloyal Customer,27,Business Travel,Business,414,1,1,1,2,5,1,5,5,3,2,5,3,5,3,29,19,FALSE
Male,Loyal Customer,43,Business Travel,Business,2728,2,1,1,1,4,3,3,2,2,2,2,1,2,2,56,40,FALSE
Male,Loyal Customer,59,Business Travel,Business,3322,2,2,2,2,5,5,4,3,3,3,3,5,3,3.23,0,3,TRUE
Female,Loyal Customer,18,Business Travel,Eco,1005,1,3,1,1,1,1,2,1,1,1,2,1,1,1.31,29,31,FALSE
Male,Disloyal Customer,23,Business Travel,Eco,302,2,1,1,3,1,1,1,1,3,3,3,1,1,1.69,8,10,FALSE
Female,Loyal Customer,41,Business Travel,Business,1400,3,3,3,3,2,5,4,4,4,5,4,3,4,3.62,0,4,TRUE
Male,Loyal Customer,23,Business Travel,Business,1558,4,4,2,4,4,4,4,4,4,3,5,4,4,3.85,6,0,TRUE
Male,Loyal Customer,28,Business Travel,Business,3850,1,1,1,1,5,5,4,5,1,2,3,5,5,3,0,22,TRUE
Female,Disloyal Customer,22,Business Travel,Business,483,5,0,5,2,5,5,5,5,4,4,1,1,5,3.62,0,19,TRUE
Male,Loyal Customer,44,Personal Travel,Eco,533,2,2,2,4,3,2,3,3,2,1,3,4,3,2.62,35,36,FALSE
Male,Loyal Customer,68,Personal Travel,Eco,1102,1,4,1,1,4,1,4,4,1,1,1,3,4,2.31,102,89,FALSE
Male,Loyal Customer,64,Personal Travel,Eco,1172,1,5,2,4,5,2,5,5,3,5,4,4,5,3.85,26,16,FALSE
Male,Loyal Customer,36,Business Travel,Business,3376,1,1,1,1,5,5,5,4,4,4,4,4,4,3.31,0,0,TRUE
Male,Disloyal Customer,46,Business Travel,Eco,414,3,3,3,3,4,3,4,4,1,5,3,1,4,3.15,4,0,FALSE
Male,Loyal Customer,50,Business Travel,Eco,1448,5,1,5,1,5,5,5,5,2,2,2,5,5,3.69,7,32,TRUE
Male,Loyal Customer,43,Business Travel,Business,1546,4,4,2,4,2,5,4,3,3,3,3,3,3,3.31,0,2,TRUE
Female,Loyal Customer,39,Business Travel,Business,918,4,4,4,4,2,4,5,4,4,5,4,3,5,4,0,0,TRUE
Male,Disloyal Customer,34,Business Travel,Eco,1217,3,3,3,3,3,3,3,3,5,5,5,5,3,3.62,0,0,FALSE
Male,Loyal Customer,61,Personal Travel,Eco,1107,5,5,5,4,1,5,1,1,3,5,4,3,1,3.31,0,0,TRUE
Male,Loyal Customer,37,Business Travel,Eco,331,3,1,3,1,3,2,3,3,1,5,4,1,3,2.54,0,0,FALSE
Female,Loyal Customer,32,Business Travel,Eco Plus,1616,3,2,2,2,3,3,3,3,2,3,1,2,3,2.46,1,0,FALSE
Male,Loyal Customer,67,Personal Travel,Eco,484,1,0,1,4,5,1,5,5,4,2,5,3,5,3.15,1,1,FALSE
Male,Disloyal Customer,23,Business Travel,Eco,1199,4,4,4,3,3,4,5,3,3,2,4,5,3,3.62,0,0,TRUE
Female,Loyal Customer,38,Business Travel,Eco,2311,1,5,5,5,1,1,1,1,1,2,2,4,1,2.31,5,0,FALSE
Female,Loyal Customer,42,Business Travel,Business,2467,0,4,0,4,5,5,5,3,3,3,3,3,3,3.15,0,0,TRUE
Female,Loyal Customer,13,Personal Travel,Eco,783,4,5,4,3,3,4,1,3,5,5,4,3,3,3.62,0,3,FALSE
Female,Loyal Customer,12,Personal Travel,Eco,1541,2,4,3,2,3,3,3,3,4,2,4,4,3,3.08,23,4,FALSE
Female,Disloyal Customer,26,Business Travel,Business,288,3,4,3,2,3,3,3,3,3,4,4,4,3,3.23,0,0,FALSE
Female,Disloyal Customer,37,Business Travel,Business,563,2,2,2,4,5,2,5,5,5,2,4,4,5,3.62,0,0,FALSE
Female,Loyal Customer,40,Business Travel,Business,1635,2,2,2,2,4,4,4,4,4,4,4,3,4,3.31,15,0,TRUE
Male,Loyal Customer,7,Personal Travel,Eco,937,3,4,3,2,3,3,3,3,2,4,4,5,3,3.23,0,0,FALSE
Male,Loyal Customer,32,Personal Travel,Eco,588,4,5,4,4,4,4,4,4,3,3,4,5,4,4,44,44,FALSE
Female,Loyal Customer,62,Business Travel,Eco,327,4,1,5,1,5,2,4,4,4,4,4,5,5,3.69,12,0,TRUE
Male,Loyal Customer,46,Business Travel,Business,3128,3,3,3,3,4,5,4,3,3,4,5,5,3,3.69,0,0,TRUE
Male,Loyal Customer,37,Business Travel,Business,3643,1,1,1,1,4,5,5,4,4,5,4,5,4,3.38,0,0,TRUE
Male,Disloyal Customer,32,Business Travel,Business,687,4,4,4,5,4,4,4,4,3,3,4,5,4,4,46,27,FALSE
Female,Loyal Customer,64,Personal Travel,Eco Plus,438,2,4,5,3,5,5,5,5,5,5,5,5,3,4.38,14,9,FALSE
Female,Loyal Customer,76,Business Travel,Business,376,1,1,1,1,2,4,3,1,1,1,1,1,1,1.46,0,0,FALSE
Male,Loyal Customer,50,Business Travel,Business,811,5,5,5,5,4,5,5,3,3,4,3,3,4,4.15,0,0,TRUE
Female,Loyal Customer,26,Business Travel,Business,1389,4,4,4,4,4,4,4,4,3,2,5,4,4,3.85,4,0,TRUE
Female,Loyal Customer,23,Business Travel,Business,363,3,5,5,5,3,3,3,3,2,2,1,1,3,3,0,0,FALSE
Female,Loyal Customer,46,Business Travel,Eco,107,5,4,4,4,3,4,3,5,5,5,5,2,5,4.15,0,0,TRUE
Female,Loyal Customer,58,Business Travel,Eco,954,4,1,1,1,3,4,1,4,4,4,4,2,4,2.85,0,0,TRUE
Female,Loyal Customer,29,Business Travel,Business,2429,3,3,3,3,3,3,3,3,4,4,4,4,3,3.31,0,0,FALSE
Male,Loyal Customer,47,Business Travel,Business,372,2,2,2,2,2,4,5,4,4,5,4,5,4,3.46,0,2,TRUE
Female,Loyal Customer,50,Business Travel,Business,602,3,2,3,3,2,5,4,4,4,4,4,4,4,3.54,0,0,TRUE
Male,Loyal Customer,38,Personal Travel,Business,587,4,4,4,3,3,5,4,1,1,4,1,3,5,3.23,29,18,FALSE
Male,Loyal Customer,39,Business Travel,Business,3331,5,5,5,5,1,3,1,4,4,4,4,5,4,3.85,47,35,TRUE
Female,Loyal Customer,36,Business Travel,Eco,1674,5,5,4,5,5,5,5,5,3,1,4,2,5,4.15,0,0,TRUE
Male,Loyal Customer,24,Business Travel,Business,3288,5,5,5,5,5,5,5,5,4,5,5,5,5,4.92,0,0,TRUE
Female,Loyal Customer,55,Business Travel,Eco,654,2,1,4,4,1,3,4,2,2,2,2,3,1,2.38,43,54,FALSE
Male,Disloyal Customer,28,Business Travel,Business,1014,2,2,2,3,5,2,5,5,3,3,5,4,5,3.54,33,33,FALSE
Female,Loyal Customer,49,Business Travel,Business,3843,5,5,5,5,5,4,5,5,5,5,5,3,5,4.77,6,0,TRUE
Female,Loyal Customer,37,Personal Travel,Eco,1372,1,1,1,3,1,4,4,2,1,4,4,4,4,2.62,231,250,FALSE
Male,Loyal Customer,42,Personal Travel,Eco,67,3,1,3,4,5,3,5,5,3,1,3,1,5,3.23,0,5,FALSE
Female,Loyal Customer,50,Business Travel,Business,3215,1,1,1,1,5,5,5,5,5,5,5,4,4,3.62,26,22,TRUE
Male,Disloyal Customer,24,Business Travel,Eco,862,4,4,4,2,4,4,4,4,3,2,5,3,4,3.62,0,0,TRUE
Male,Disloyal Customer,25,Business Travel,Eco,137,2,0,2,2,1,2,4,1,5,5,3,4,1,2.46,6,46,FALSE
Male,Disloyal Customer,29,Business Travel,Business,1546,2,2,2,3,5,2,5,5,3,2,5,3,5,3.38,10,5,FALSE
Male,Loyal Customer,45,Business Travel,Eco,759,2,3,3,3,2,2,2,2,3,3,5,2,2,2.62,173,151,TRUE
Male,Loyal Customer,19,Personal Travel,Eco,776,5,5,5,4,5,5,5,5,3,5,4,3,5,4.54,0,0,TRUE
Male,Loyal Customer,15,Personal Travel,Eco,120,2,4,2,3,1,2,1,1,1,4,3,1,1,2,3,0,FALSE
Male,Loyal Customer,53,Personal Travel,Eco,419,5,4,5,3,5,5,5,5,1,3,4,2,5,4,0,0,TRUE
Female,Loyal Customer,45,Business Travel,Business,1609,5,5,5,5,4,5,5,4,4,4,4,5,3,4.46,0,0,TRUE
Female,Loyal Customer,21,Personal Travel,Eco,577,2,1,2,3,5,2,5,5,1,3,3,3,5,3.08,7,0,FALSE
Male,Loyal Customer,45,Business Travel,Eco,1237,2,4,4,4,2,2,2,2,4,5,2,1,2,2.77,27,24,FALSE
Female,Loyal Customer,42,Business Travel,Eco Plus,1262,3,4,4,4,4,3,4,3,3,3,3,3,4,3.46,7,0,FALSE
Male,Disloyal Customer,28,Business Travel,Eco,859,3,4,4,3,5,4,5,5,4,3,4,5,5,4.15,0,7,FALSE
Female,Loyal Customer,55,Personal Travel,Business,562,3,5,3,3,4,5,5,5,5,3,2,5,3,3.92,8,8,FALSE
Male,Loyal Customer,25,Business Travel,Business,2863,0,0,0,1,1,1,3,1,5,5,5,5,1,2.15,0,0,TRUE
Female,Loyal Customer,56,Business Travel,Business,1192,2,2,2,2,3,5,4,5,5,5,5,5,3,3.69,0,0,TRUE
Female,Disloyal Customer,26,Business Travel,Eco,277,1,5,1,3,1,1,1,1,5,4,5,5,1,2.62,7,8,FALSE
Male,Loyal Customer,37,Business Travel,Eco Plus,158,5,1,1,1,5,5,5,5,4,1,4,2,5,3.38,0,0,TRUE
Male,Loyal Customer,63,Personal Travel,Eco,119,2,5,2,2,5,2,3,5,5,5,4,1,5,3.54,0,0,FALSE
Male,Loyal Customer,75,Business Travel,Business,2713,4,4,4,4,3,4,3,5,5,5,5,2,3,3.92,0,0,TRUE
Female,Loyal Customer,45,Business Travel,Business,2407,4,4,4,4,2,5,4,4,4,5,4,5,4,4.08,85,57,TRUE
Male,Disloyal Customer,28,Business Travel,Eco,546,4,5,4,1,5,4,1,5,4,3,3,2,5,3.54,0,0,TRUE
Female,Loyal Customer,50,Business Travel,Business,551,2,1,1,1,1,3,4,2,2,2,2,1,4,2,77,59,FALSE
Male,Disloyal Customer,32,Business Travel,Business,214,1,1,1,3,5,1,5,5,2,3,4,3,5,3,0,0,FALSE
Female,Loyal Customer,68,Business Travel,Eco Plus,1416,3,4,4,4,1,3,4,3,3,3,3,2,2,3,0,0,FALSE
Male,Loyal Customer,40,Business Travel,Business,2219,5,5,5,5,2,4,5,4,4,4,4,3,5,4.23,0,0,TRUE
Female,Loyal Customer,42,Business Travel,Business,2693,4,4,4,4,3,4,4,3,3,3,3,4,5,3.69,23,15,TRUE
Female,Disloyal Customer,23,Business Travel,Business,332,5,2,4,2,1,4,1,1,4,2,5,4,1,2.77,7,0,TRUE
Female,Loyal Customer,50,Business Travel,Business,468,1,5,1,1,3,5,5,4,4,4,4,5,4,3.54,0,0,TRUE
Male,Loyal Customer,42,Business Travel,Eco,591,5,5,5,5,5,5,5,5,3,1,3,5,5,4.38,0,0,TRUE
Male,Loyal Customer,52,Personal Travel,Eco,507,2,1,2,3,2,2,2,2,2,2,2,1,2,1.92,3,14,FALSE
Male,Loyal Customer,27,Business Travel,Business,3781,3,3,3,3,5,5,5,5,5,4,5,5,5,4.31,41,42,TRUE
Male,Loyal Customer,47,Business Travel,Business,836,4,4,4,4,3,4,5,5,5,5,5,4,5,4.38,0,0,TRUE
Female,Disloyal Customer,24,Business Travel,Eco,989,3,3,3,4,2,3,2,2,3,4,3,4,2,2.92,0,0,FALSE
Female,Loyal Customer,36,Personal Travel,Eco,913,4,4,4,1,3,4,3,3,5,4,4,4,3,3.54,6,13,FALSE
Female,Loyal Customer,37,Business Travel,Business,1591,1,1,1,1,1,1,4,4,4,4,4,4,3,2.54,0,0,TRUE
Male,Disloyal Customer,44,Business Travel,Eco,109,5,0,5,4,4,5,4,4,2,1,5,5,4,3.69,5,9,TRUE
Male,Disloyal Customer,23,Business Travel,Eco,907,4,4,4,1,3,4,1,3,3,5,5,5,3,3.46,78,93,FALSE
Female,Loyal Customer,42,Personal Travel,Eco,109,2,4,0,1,3,4,1,2,2,0,2,1,5,2.08,0,0,FALSE
Male,Loyal Customer,37,Business Travel,Eco,605,4,3,3,3,4,5,4,4,4,5,4,3,4,3.85,0,0,TRUE
Female,Loyal Customer,59,Business Travel,Business,2435,2,2,2,2,5,4,5,5,5,5,5,5,4,3.92,23,15,TRUE
Male,Loyal Customer,50,Personal Travel,Eco,387,1,5,1,5,3,1,3,3,5,2,4,3,3,3,0,0,FALSE
Female,Loyal Customer,37,Business Travel,Business,2277,3,3,3,3,1,3,4,5,5,5,5,5,5,3.85,0,26,TRUE
Male,Loyal Customer,55,Personal Travel,Eco,321,4,3,5,2,2,5,2,2,1,4,3,2,2,2.85,0,0,FALSE
Male,Loyal Customer,26,Personal Travel,Eco Plus,541,2,5,3,4,2,3,2,2,4,4,5,3,2,3.15,0,2,FALSE
Male,Loyal Customer,15,Personal Travel,Eco,1844,2,5,2,1,2,4,4,3,4,3,4,4,4,3.23,131,112,FALSE
Male,Loyal Customer,52,Business Travel,Eco,453,5,2,4,4,5,5,5,5,2,1,3,1,5,3.62,0,4,TRUE
Male,Loyal Customer,42,Business Travel,Eco,837,2,2,2,2,2,2,2,2,3,1,3,4,2,2.23,29,65,FALSE
Female,Disloyal Customer,45,Business Travel,Business,936,2,2,2,1,3,2,3,3,4,3,4,3,3,2.69,0,0,FALSE
Male,Loyal Customer,49,Personal Travel,Eco,985,2,4,2,3,4,2,4,4,5,5,4,3,4,3.54,0,0,FALSE
Female,Disloyal Customer,44,Business Travel,Business,1754,2,3,3,2,4,2,2,4,4,2,3,3,4,2.92,0,0,FALSE
Male,Loyal Customer,41,Business Travel,Business,187,1,2,2,2,4,3,2,2,2,2,1,4,1,2.15,26,21,FALSE
Female,Loyal Customer,50,Personal Travel,Eco,337,4,5,4,1,4,5,5,3,3,4,3,4,4,3.77,0,0,FALSE
Female,Loyal Customer,68,Personal Travel,Eco,599,2,3,2,4,4,3,4,1,1,2,1,1,4,2.46,93,89,FALSE
Female,Loyal Customer,79,Business Travel,Business,3136,2,2,2,2,2,3,4,2,2,2,2,4,4,2.54,91,78,FALSE
Male,Loyal Customer,44,Business Travel,Business,2073,1,4,1,1,4,4,4,4,4,4,4,4,4,3.31,7,5,TRUE
Female,Disloyal Customer,16,Business Travel,Business,738,4,0,4,1,3,4,4,3,3,2,4,3,3,2.92,37,39,TRUE
Male,Loyal Customer,9,Personal Travel,Eco,737,3,4,3,4,5,3,5,5,1,5,3,1,5,3.62,0,0,FALSE
Female,Loyal Customer,61,Personal Travel,Business,224,4,3,4,2,3,3,2,4,4,4,4,2,2,3.15,0,0,FALSE
Male,Loyal Customer,33,Personal Travel,Eco,300,3,4,3,1,3,5,5,3,4,5,5,5,5,3.92,158,150,FALSE
Female,Loyal Customer,52,Business Travel,Business,3231,3,3,3,3,5,5,4,4,4,5,4,4,4,3.92,0,0,TRUE
Female,Loyal Customer,49,Business Travel,Business,2748,3,3,3,3,3,5,5,5,5,5,5,4,5,4.15,0,8,TRUE
Male,Disloyal Customer,24,Business Travel,Eco,781,4,4,4,1,4,4,4,4,4,4,5,5,4,3.92,0,0,FALSE
Female,Loyal Customer,22,Business Travel,Business,3103,2,3,3,3,2,2,2,2,1,2,3,1,2,2.15,2,0,FALSE
Female,Loyal Customer,35,Business Travel,Business,895,5,5,5,5,4,3,5,5,5,5,5,4,3,4.54,9,15,TRUE
Male,Loyal Customer,30,Business Travel,Business,1555,3,2,2,2,3,3,3,3,1,3,3,1,3,2.46,32,25,FALSE
Female,Loyal Customer,42,Personal Travel,Eco,401,3,5,3,3,3,4,4,1,1,3,1,5,3,3,105,96,FALSE
Female,Loyal Customer,25,Business Travel,Business,248,1,1,1,1,4,4,4,4,4,2,5,5,4,3.08,2,0,TRUE
Male,Loyal Customer,33,Personal Travel,Eco,639,1,2,1,4,3,1,3,3,1,5,3,1,3,2.38,0,0,FALSE
Female,Loyal Customer,56,Business Travel,Business,3745,3,3,4,3,3,4,5,4,4,4,4,4,3,3.69,0,0,TRUE
Female,Loyal Customer,46,Business Travel,Business,403,5,5,5,5,3,4,5,4,4,4,4,3,3,4.15,7,0,TRUE
Male,Disloyal Customer,39,Business Travel,Business,1085,2,2,2,4,2,2,2,2,3,2,4,1,2,2.31,0,0,FALSE
Male,Loyal Customer,16,Personal Travel,Eco Plus,304,3,1,0,4,4,0,1,4,2,1,4,1,4,2.23,80,69,FALSE
Female,Loyal Customer,57,Business Travel,Business,293,4,4,4,4,4,4,5,5,5,5,5,3,4,4.31,0,0,TRUE
Female,Loyal Customer,52,Business Travel,Business,1197,1,1,1,1,3,4,5,3,3,3,3,5,3,2.77,18,34,TRUE
Female,Loyal Customer,30,Business Travel,Eco,197,4,2,2,2,4,3,4,4,2,4,4,2,4,3.15,47,38,FALSE
Female,Loyal Customer,21,Business Travel,Business,728,4,4,2,4,5,5,5,5,3,5,4,3,5,4.15,0,0,TRUE
Female,Disloyal Customer,44,Business Travel,Eco,321,0,4,0,2,2,0,2,2,4,5,1,3,2,2.08,0,0,TRUE
Male,Loyal Customer,59,Business Travel,Business,813,4,4,4,4,5,5,4,4,4,4,4,3,4,4.08,0,0,TRUE
Female,Loyal Customer,25,Business Travel,Eco,434,4,5,5,5,4,4,5,4,4,5,1,5,4,4.23,44,34,TRUE
Female,Loyal Customer,46,Business Travel,Business,2305,1,1,1,1,3,5,4,5,5,5,5,5,4,3.46,8,3,TRUE
Female,Loyal Customer,51,Business Travel,Business,265,2,2,5,2,4,5,4,5,5,5,5,4,3,3.92,0,0,TRUE
Male,Loyal Customer,42,Business Travel,Eco,920,3,4,4,4,3,3,3,3,4,5,3,3,3,3.46,4,0,FALSE
Female,Loyal Customer,47,Business Travel,Business,2554,2,2,2,2,3,5,4,4,4,5,4,4,5,3.54,0,0,TRUE
Female,Disloyal Customer,28,Business Travel,Eco,1029,4,4,4,4,4,4,1,4,1,2,4,2,4,3.23,124,113,FALSE
Male,Loyal Customer,14,Personal Travel,Eco Plus,868,4,4,4,1,3,4,3,3,3,2,5,1,3,3.08,0,0,TRUE
Male,Loyal Customer,48,Business Travel,Eco,236,2,2,2,2,2,2,2,2,2,3,4,4,2,2.38,40,28,FALSE
Female,Loyal Customer,14,Personal Travel,Business,1440,3,4,3,3,3,3,3,3,5,3,3,4,3,3.31,0,6,FALSE
Male,Disloyal Customer,22,Business Travel,Eco,337,3,0,4,3,5,4,5,5,3,5,5,3,5,3.85,0,0,FALSE
Female,Loyal Customer,20,Personal Travel,Eco Plus,819,3,4,3,5,3,3,3,3,3,4,5,1,3,3.31,4,1,FALSE
Female,Loyal Customer,39,Business Travel,Business,663,1,1,1,1,4,4,4,5,5,5,4,4,4,3.31,336,327,TRUE
Female,Loyal Customer,60,Personal Travel,Eco,1670,2,0,2,4,1,3,2,5,5,2,5,3,4,2.92,8,9,FALSE
Female,Loyal Customer,58,Business Travel,Business,1431,5,5,5,5,2,4,5,4,4,4,4,4,4,4.23,1,0,TRUE
Female,Loyal Customer,37,Business Travel,Eco,1096,3,3,3,3,3,3,3,3,3,4,2,4,3,3.08,0,0,FALSE
Female,Loyal Customer,55,Business Travel,Eco,125,4,4,4,4,2,1,4,4,4,4,4,5,5,3.77,0,0,TRUE
Female,Loyal Customer,38,Business Travel,Eco,192,3,3,3,3,3,3,3,3,4,2,4,4,3,3.15,0,0,FALSE
Female,Loyal Customer,39,Business Travel,Business,2124,3,2,2,2,1,2,3,3,3,3,3,4,2,2.54,40,56,FALSE
Female,Loyal Customer,66,Personal Travel,Eco,569,3,5,3,2,5,4,4,1,1,3,1,4,4,3.08,0,0,FALSE
Female,Loyal Customer,7,Personal Travel,Eco,156,1,4,1,5,1,2,2,5,3,4,4,2,2,2.77,134,121,FALSE
Female,Disloyal Customer,28,Business Travel,Business,1262,3,3,3,4,4,3,4,4,3,2,5,3,4,3.46,0,13,FALSE
Male,Loyal Customer,53,Business Travel,Business,1379,2,2,2,2,2,5,5,5,5,5,5,4,3,3.62,14,5,TRUE
Male,Disloyal Customer,43,Business Travel,Business,159,5,5,5,2,4,5,4,4,4,3,4,3,4,4,31,31,TRUE
Male,Loyal Customer,70,Personal Travel,Eco,737,3,5,3,2,2,3,2,2,5,2,5,4,2,3.08,0,,FALSE
Female,Loyal Customer,21,Business Travel,Business,740,3,3,3,3,5,5,5,5,2,1,5,4,5,3.77,0,0,TRUE
Male,Loyal Customer,58,Business Travel,Business,2813,1,1,1,1,2,4,5,4,4,4,4,3,3,2.85,1,0,TRUE
Female,Loyal Customer,38,Personal Travel,Eco,1249,2,2,2,3,1,2,1,1,4,2,3,4,1,2.15,5,18,FALSE
Male,Loyal Customer,32,Personal Travel,Eco,414,2,3,1,3,2,1,2,2,1,2,3,4,2,2.15,3,0,FALSE
Female,Loyal Customer,57,Business Travel,Eco,141,4,3,3,3,5,5,3,4,4,4,4,2,2,3.54,0,0,TRUE
Female,Loyal Customer,43,Business Travel,Business,2473,2,4,4,4,2,2,3,2,2,2,2,2,2,2.54,0,0,FALSE
Male,Loyal Customer,43,Business Travel,Business,295,4,4,4,4,2,4,4,5,5,5,5,4,5,4.23,3,0,TRUE
Male,Loyal Customer,22,Personal Travel,Eco,1846,1,0,1,4,2,1,2,2,2,4,3,1,2,1.92,68,78,FALSE
Male,Loyal Customer,28,Business Travel,Business,2277,5,5,5,5,4,4,4,4,1,2,3,3,4,3.77,0,0,TRUE
Male,Loyal Customer,32,Business Travel,Business,2405,5,1,5,5,2,2,2,2,4,2,5,5,2,3.23,4,0,TRUE
Male,Loyal Customer,63,Personal Travel,Eco,697,1,4,2,1,1,2,1,1,4,4,5,4,1,2.38,29,13,FALSE
Male,Loyal Customer,40,Business Travel,Eco,596,5,5,4,5,5,4,5,5,3,1,2,4,5,4.08,0,0,TRUE
Female,Loyal Customer,48,Personal Travel,Eco,874,3,2,3,2,3,2,2,3,5,3,3,2,2,2.69,159,156,FALSE
Male,Loyal Customer,26,Personal Travel,Eco,143,3,4,0,5,3,0,3,3,3,1,4,2,3,2.62,64,62,FALSE
Female,Disloyal Customer,38,Business Travel,Eco,402,2,2,2,3,5,2,5,5,1,3,4,3,5,3.23,67,64,FALSE
Male,Loyal Customer,39,Business Travel,Eco,181,5,5,5,5,5,5,5,5,3,4,2,3,5,4.38,0,0,TRUE
Female,Disloyal Customer,57,Business Travel,Eco,1123,4,4,4,3,2,4,2,2,4,5,3,2,2,3.15,0,0,FALSE
Male,Loyal Customer,34,Business Travel,Business,3999,3,3,3,3,5,4,4,4,4,4,4,4,3,3.69,0,0,TRUE
Male,Loyal Customer,38,Business Travel,Eco,548,5,2,2,2,5,5,5,5,1,3,3,4,5,3.62,1,0,TRUE
Male,Loyal Customer,35,Business Travel,Business,2033,5,5,5,5,2,4,5,3,3,3,3,5,4,4,0,6,TRUE
Female,Loyal Customer,25,Business Travel,Business,2075,5,5,4,5,2,2,2,2,2,3,5,2,2,3.15,0,1,TRUE
Male,Loyal Customer,20,Business Travel,Business,2043,3,3,3,3,3,3,3,3,1,4,2,1,3,2.69,0,3,FALSE
Female,Loyal Customer,41,Business Travel,Business,1590,5,5,5,5,4,3,5,3,3,4,3,3,5,4.08,16,4,TRUE
Female,Loyal Customer,40,Business Travel,Business,404,5,5,5,5,5,5,4,2,2,2,2,3,4,3.77,43,44,TRUE
Female,Loyal Customer,56,Business Travel,Business,3663,3,3,3,3,3,4,5,4,4,4,4,3,5,3.69,88,84,TRUE
Female,Loyal Customer,45,Business Travel,Business,316,5,2,5,5,3,4,5,4,4,4,4,5,4,4.15,58,55,TRUE
Male,Disloyal Customer,36,Business Travel,Business,184,2,2,2,2,3,2,3,3,3,3,5,3,3,2.77,0,0,FALSE
Male,Disloyal Customer,23,Business Travel,Eco,612,5,0,5,1,2,5,2,2,3,3,4,2,2,2.77,0,0,TRUE
Female,Loyal Customer,39,Business Travel,Business,1379,4,4,4,4,3,4,5,4,4,4,4,4,4,4,11,0,TRUE
Male,Loyal Customer,58,Business Travel,Eco Plus,188,4,2,2,2,4,4,4,4,5,2,4,3,4,3.38,38,39,TRUE
Female,Disloyal Customer,50,Business Travel,Eco,201,3,0,3,1,5,3,5,5,5,2,5,2,5,3.38,3,0,FALSE
Male,Loyal Customer,39,Business Travel,Business,804,5,3,5,5,3,5,5,1,1,2,1,4,3,3.31,4,0,TRUE
Female,Loyal Customer,41,Personal Travel,Eco,589,3,1,4,4,5,4,5,5,3,4,3,2,5,3.69,4,8,FALSE
Male,Loyal Customer,44,Personal Travel,Business,950,1,3,1,3,5,3,3,4,4,1,4,4,1,2.85,0,67,FALSE
Female,Loyal Customer,43,Business Travel,Business,334,2,2,2,2,4,4,4,5,5,5,5,4,5,3.77,0,0,TRUE
Female,Disloyal Customer,24,Business Travel,Eco,304,3,0,3,3,4,3,4,4,5,5,4,5,4,3.62,0,0,FALSE
Male,Loyal Customer,42,Business Travel,Eco,591,2,3,3,3,2,2,2,2,1,4,3,1,2,2.31,0,12,FALSE
Male,Loyal Customer,27,Business Travel,Business,500,4,5,4,4,5,5,5,5,5,4,5,5,5,4.69,0,0,TRUE
Male,Loyal Customer,60,Personal Travel,Business,817,2,3,2,4,4,3,3,4,4,2,4,1,3,3,0,0,FALSE
Male,Loyal Customer,58,Business Travel,Business,2153,2,1,4,4,4,2,4,2,2,2,2,4,2,2.69,2,15,FALSE
Female,Loyal Customer,67,Personal Travel,Eco,695,1,4,1,3,5,5,4,2,2,1,2,3,3,2.77,0,0,FALSE
Female,Loyal Customer,25,Business Travel,Eco Plus,599,2,4,4,4,2,2,3,2,1,5,4,4,2,3,37,37,FALSE
Female,Loyal Customer,32,Personal Travel,Eco Plus,628,2,4,3,4,5,3,5,5,5,4,4,5,5,4.15,5,0,FALSE
Female,Loyal Customer,30,Business Travel,Business,2153,2,2,2,2,4,4,4,4,3,4,5,5,4,3.46,14,20,TRUE
Male,Loyal Customer,29,Personal Travel,Eco,1947,3,4,3,2,3,3,3,3,5,2,3,4,3,3.15,0,0,FALSE
Male,Loyal Customer,54,Business Travel,Business,2625,2,2,2,2,4,4,4,4,4,4,4,4,3,3.31,29,22,TRUE
Female,Loyal Customer,38,Business Travel,Eco,844,2,5,5,5,2,2,2,2,1,1,5,2,2,2.77,0,0,TRUE
Female,Loyal Customer,33,Business Travel,Eco Plus,1028,4,3,3,3,4,4,4,4,1,3,5,5,4,3.62,0,0,TRUE
Male,Loyal Customer,27,Business Travel,Eco,2541,0,0,0,5,0,5,5,3,5,3,1,5,5,2.85,0,21,TRUE
Male,Loyal Customer,23,Business Travel,Business,1759,3,3,3,3,4,4,4,4,2,3,5,3,4,3.46,0,0,TRUE
Female,Loyal Customer,33,Business Travel,Business,3724,3,3,3,3,4,1,2,2,2,2,2,2,3,2.46,0,0,TRUE
Male,Disloyal Customer,38,Business Travel,Eco,862,2,2,2,3,2,2,2,2,1,4,4,2,2,2.31,29,3,FALSE
Male,Loyal Customer,33,Personal Travel,Eco,679,2,5,2,3,3,2,3,3,3,5,3,3,3,3.08,0,0,FALSE
Male,Disloyal Customer,24,Business Travel,Business,364,4,2,4,5,4,4,2,4,3,4,4,4,4,3.69,0,0,TRUE
Female,Loyal Customer,17,Business Travel,Business,258,2,3,3,3,2,2,2,2,4,5,3,4,2,2.85,0,0,FALSE
Female,Disloyal Customer,27,Business Travel,Business,519,4,4,4,3,3,4,3,3,5,5,4,3,3,3.69,42,48,TRUE
Male,Disloyal Customer,22,Business Travel,Business,1042,4,0,4,1,1,4,2,1,5,3,4,3,1,2.54,0,0,TRUE
Male,Loyal Customer,56,Business Travel,Eco,337,1,4,4,4,1,1,1,1,2,3,3,4,1,2.31,63,55,FALSE
Female,Loyal Customer,20,Personal Travel,Eco,2079,3,0,3,3,2,3,2,2,4,5,5,5,2,3,9,0,FALSE
Female,Loyal Customer,63,Personal Travel,Eco,228,4,5,4,1,1,1,3,4,4,4,4,1,3,3,0,0,TRUE
Female,Disloyal Customer,26,Business Travel,Eco,793,2,2,2,4,4,2,4,4,2,1,3,3,4,2.85,29,30,FALSE
Male,Disloyal Customer,28,Business Travel,Eco,694,5,4,4,5,5,4,5,5,3,4,4,2,5,4.23,0,0,TRUE
Female,Loyal Customer,21,Business Travel,Business,762,3,3,3,3,4,5,4,4,4,5,5,4,4,3.92,19,0,TRUE
Male,Loyal Customer,55,Business Travel,Business,1182,2,2,2,2,3,5,5,3,3,4,3,4,4,3.23,31,14,TRUE
Female,Loyal Customer,50,Business Travel,Business,3820,3,3,3,3,5,5,5,4,4,4,4,4,5,4,0,0,TRUE
Male,Disloyal Customer,27,Business Travel,Business,2248,2,3,3,4,4,3,4,4,5,5,5,4,4,3.85,0,0,FALSE
Male,Loyal Customer,42,Business Travel,Business,2253,3,1,1,1,3,3,3,4,2,2,4,3,3,2.54,152,151,FALSE
Male,Disloyal Customer,18,Business Travel,Eco,679,2,2,2,2,2,2,2,2,3,4,2,3,2,2.31,12,14,FALSE
Male,Loyal Customer,46,Business Travel,Business,3346,3,1,4,1,2,3,3,3,3,3,3,3,3,2.69,23,17,FALSE
Male,Loyal Customer,47,Business Travel,Business,2263,2,2,2,2,4,5,5,4,4,5,4,4,3,3.54,24,6,TRUE
Female,Loyal Customer,67,Personal Travel,Eco,2296,4,5,4,1,3,4,4,5,5,4,5,3,5,4,13,23,FALSE
Female,Loyal Customer,24,Personal Travel,Eco,1050,4,4,4,3,2,4,2,2,3,2,4,2,2,2.92,0,0,TRUE
Female,Loyal Customer,31,Business Travel,Eco,236,4,3,3,3,4,4,4,4,1,5,3,2,4,3.38,0,0,FALSE
Male,Loyal Customer,60,Business Travel,Business,991,3,3,5,3,3,4,5,2,2,2,2,5,3,3.23,2,0,TRUE
Male,Loyal Customer,34,Business Travel,Business,2447,3,3,2,3,4,4,4,4,2,4,5,4,4,3.54,0,0,TRUE
Female,Loyal Customer,35,Business Travel,Business,237,2,4,4,4,5,3,3,2,2,2,2,3,2,2.92,0,0,FALSE
Male,Loyal Customer,28,Business Travel,Business,2219,1,1,1,1,4,4,4,4,3,4,4,3,4,2.92,18,1,TRUE
Male,Loyal Customer,39,Business Travel,Business,1747,1,1,1,1,2,3,5,5,5,5,5,3,4,3.15,34,36,TRUE
Female,Loyal Customer,43,Business Travel,Business,1770,5,5,5,5,5,5,4,4,4,4,4,4,3,4.38,17,8,TRUE
Male,Loyal Customer,43,Personal Travel,Eco Plus,153,2,5,2,3,4,2,4,4,5,4,5,4,4,3.69,19,14,FALSE
Female,Loyal Customer,7,Personal Travel,Eco Plus,1199,2,4,2,2,3,2,3,3,3,3,4,4,3,2.92,57,51,FALSE
Female,Disloyal Customer,42,Business Travel,Business,712,5,5,5,3,3,5,5,3,5,5,4,3,3,4.15,0,0,TRUE
Male,Loyal Customer,72,Business Travel,Business,3528,2,5,5,5,3,2,3,2,2,2,2,4,3,3.08,29,19,FALSE
Female,Loyal Customer,31,Personal Travel,Eco,534,3,4,3,3,4,3,4,4,5,4,4,4,4,3.77,0,31,FALSE
Female,Loyal Customer,30,Business Travel,Business,3292,5,5,5,5,4,4,4,4,3,2,2,2,4,3.77,4,0,TRUE
Male,Loyal Customer,39,Business Travel,Business,3216,3,1,1,1,3,4,4,3,3,4,3,4,4,2.92,0,0,FALSE
Male,Loyal Customer,60,Business Travel,Eco Plus,260,4,2,2,2,3,4,3,3,2,2,2,1,3,2.54,0,3,TRUE
Female,Loyal Customer,34,Business Travel,Business,447,5,5,5,5,3,5,5,5,5,5,5,3,5,4.69,61,55,TRUE
Male,Loyal Customer,20,Personal Travel,Eco,1521,1,2,1,2,4,1,4,4,4,4,2,4,4,2.85,3,45,FALSE
Female,Loyal Customer,58,Personal Travel,Eco,1754,4,3,4,4,4,3,2,3,3,4,1,1,4,3.08,0,0,FALSE
Male,Loyal Customer,40,Business Travel,Business,2565,1,1,1,1,4,3,4,3,3,2,3,4,5,2.69,0,0,TRUE
Female,Loyal Customer,26,Personal Travel,Eco,853,2,4,2,2,1,2,1,1,3,5,4,3,1,2.38,24,12,FALSE
Male,Loyal Customer,46,Business Travel,Business,204,1,1,5,1,2,4,5,4,4,4,4,5,5,3.46,0,0,TRUE
Male,Loyal Customer,59,Personal Travel,Eco,930,2,5,2,3,2,2,2,2,3,5,4,5,2,3,10,0,FALSE
Female,Loyal Customer,50,Business Travel,Business,1618,1,0,0,4,5,3,4,3,3,0,4,3,4,2.62,22,2,FALSE
Female,Loyal Customer,22,Business Travel,Business,2577,3,4,4,4,3,3,3,3,1,1,3,2,3,2.85,15,66,FALSE
Male,Loyal Customer,41,Personal Travel,Eco Plus,169,5,4,5,1,3,5,3,3,3,3,5,3,3,3.54,0,0,TRUE
Male,Loyal Customer,7,Personal Travel,Eco,639,3,5,3,2,3,3,3,3,3,5,5,3,3,3.38,42,29,FALSE
Male,Loyal Customer,41,Business Travel,Business,2601,3,3,3,3,5,4,4,4,4,4,4,3,5,3.77,12,23,TRUE
Male,Loyal Customer,59,Business Travel,Business,2434,1,1,1,1,2,5,4,2,2,2,2,5,5,2.54,0,4,TRUE
Female,Disloyal Customer,24,Business Travel,Eco,395,4,0,4,5,2,4,2,2,1,3,4,3,2,2.77,0,10,FALSE
Female,Loyal Customer,67,Personal Travel,Eco,436,3,4,3,2,3,5,5,1,1,3,1,5,3,3,54,55,FALSE
Male,Loyal Customer,52,Business Travel,Eco,257,3,4,4,4,3,3,3,3,4,4,4,3,3,3.46,0,3,FALSE
Female,Loyal Customer,55,Personal Travel,Eco,666,5,4,5,1,3,4,4,4,4,5,4,3,5,3.92,8,2,TRUE
Female,Loyal Customer,39,Business Travel,Business,2675,1,1,1,1,4,5,4,4,4,4,4,5,4,3.23,0,0,TRUE
Female,Loyal Customer,8,Business Travel,Eco Plus,1504,0,3,0,1,3,0,3,3,3,1,1,5,3,2,0,0,TRUE
Female,Loyal Customer,70,Personal Travel,Eco,2165,3,4,4,3,2,3,5,5,5,4,5,5,4,4,22,31,FALSE
Female,Loyal Customer,58,Business Travel,Business,2182,4,1,4,4,5,4,4,3,3,3,3,3,4,3.46,0,0,TRUE
Male,Disloyal Customer,20,Business Travel,Business,1576,3,4,3,4,5,3,4,5,2,3,4,4,5,3.77,0,5,FALSE
Male,Loyal Customer,60,Business Travel,Business,125,1,1,4,1,1,2,1,5,5,5,4,2,3,2.69,18,19,TRUE
Female,Loyal Customer,24,Personal Travel,Eco Plus,2554,3,4,3,2,1,3,1,1,3,2,3,3,1,2.31,2,0,FALSE
Male,Disloyal Customer,50,Business Travel,Eco,109,2,2,2,4,5,2,5,5,4,1,3,4,5,3.38,0,0,FALSE
Male,Disloyal Customer,26,Business Travel,Business,223,2,0,2,3,4,2,3,4,1,2,3,5,4,2.69,110,96,FALSE
Female,Loyal Customer,65,Personal Travel,Eco,1042,2,4,2,2,4,5,4,2,2,2,2,5,5,3.15,111,86,FALSE
Female,Loyal Customer,54,Business Travel,Business,1747,2,3,3,3,4,3,3,2,2,2,2,3,4,2.77,0,0,FALSE
Male,Disloyal Customer,24,Business Travel,Business,325,5,0,5,3,1,5,1,1,4,4,4,3,1,2.85,0,4,TRUE
Female,Loyal Customer,51,Personal Travel,Eco,391,4,5,2,2,4,5,5,5,5,2,5,3,5,4,0,0,TRUE
Male,Disloyal Customer,35,Business Travel,Eco,187,3,4,3,4,1,3,1,1,3,4,3,2,1,2.54,1,0,FALSE
Male,Disloyal Customer,9,Business Travel,Eco,1493,1,1,1,4,5,1,5,5,3,5,4,2,5,3.23,0,0,FALSE
Female,Loyal Customer,51,Business Travel,Eco,689,3,3,3,3,4,5,3,3,3,3,3,2,1,3,0,0,TRUE
Male,Disloyal Customer,14,Business Travel,Eco,2409,3,2,2,3,3,3,3,3,4,1,2,1,3,2.54,57,44,FALSE
Female,Loyal Customer,38,Business Travel,Business,2290,0,0,0,4,2,4,5,4,4,4,4,4,4,3,0,0,TRUE
Female,Loyal Customer,25,Personal Travel,Eco,862,2,4,2,5,4,2,4,4,5,2,5,5,4,3.69,5,0,FALSE
Male,Loyal Customer,43,Business Travel,Business,3222,4,4,4,4,3,5,5,5,5,5,5,4,5,4.46,0,0,TRUE
Male,Disloyal Customer,39,Business Travel,Eco,1040,3,3,3,2,2,3,3,2,5,2,5,4,2,3,0,0,FALSE
Male,Loyal Customer,36,Personal Travel,Eco,997,1,5,1,3,1,1,1,1,4,3,4,3,1,2.23,0,4,FALSE
Female,Disloyal Customer,15,Business Travel,Eco,358,3,5,3,3,2,3,2,2,2,2,1,3,2,2.54,48,,FALSE
Male,Loyal Customer,57,Business Travel,Business,419,1,1,1,1,1,2,1,2,2,2,2,5,1,1.69,0,3,TRUE
Male,Loyal Customer,41,Business Travel,Business,907,5,5,5,5,2,4,4,4,4,4,4,4,3,4.08,0,0,TRUE
Male,Loyal Customer,49,Personal Travel,Eco,954,1,5,1,3,1,1,1,1,1,2,4,1,1,1.77,0,0,FALSE
Male,Loyal Customer,56,Business Travel,Business,449,2,2,2,2,4,5,4,5,5,5,5,4,5,3.85,0,0,TRUE
Female,Loyal Customer,21,Business Travel,Business,3041,3,3,3,3,2,2,2,2,3,4,5,4,2,2.92,2,36,TRUE
Male,Loyal Customer,68,Business Travel,Eco,1201,4,1,1,1,4,4,4,5,1,2,3,4,4,2.92,4,0,FALSE
Male,Loyal Customer,35,Business Travel,Business,2192,2,2,2,2,4,5,1,4,4,4,4,4,4,3.23,18,3,TRUE
Female,Loyal Customer,16,Personal Travel,Eco Plus,404,2,2,2,4,5,2,5,5,3,2,3,4,5,3.38,16,14,FALSE
Male,Loyal Customer,37,Business Travel,Business,1524,5,5,5,5,3,4,4,4,4,4,4,5,3,4.23,23,11,TRUE
Female,Loyal Customer,54,Personal Travel,Eco,1303,0,5,0,1,4,4,5,2,2,0,4,3,3,2.54,25,41,TRUE
Female,Loyal Customer,30,Business Travel,Business,3166,4,4,4,4,5,5,5,5,5,2,4,4,5,4.31,0,0,TRUE
Male,Loyal Customer,40,Business Travel,Business,1542,2,4,4,4,2,3,4,2,2,1,2,3,4,2.85,0,0,FALSE
Female,Loyal Customer,57,Business Travel,Business,86,0,5,0,4,4,4,4,1,1,1,1,3,3,2.38,20,28,TRUE
Female,Loyal Customer,41,Business Travel,Business,441,4,4,4,4,4,5,5,5,5,5,5,4,3,4.38,0,0,TRUE
Female,Loyal Customer,69,Personal Travel,Eco,738,2,5,2,4,4,4,5,3,3,2,5,4,3,3.54,4,0,FALSE
Male,Disloyal Customer,43,Business Travel,Business,554,2,1,1,2,4,2,5,4,5,4,5,4,4,3.31,0,0,FALSE
Female,Disloyal Customer,73,Business Travel,Eco,135,2,4,2,4,1,2,1,1,2,3,4,2,1,2.23,119,115,FALSE
Male,Loyal Customer,29,Personal Travel,Eco Plus,1068,1,3,1,1,4,1,4,4,2,4,3,5,4,2.85,34,44,FALSE
Female,Loyal Customer,47,Personal Travel,Eco,319,3,3,1,1,5,4,2,4,4,1,4,5,5,3.23,0,0,FALSE
Female,Loyal Customer,43,Personal Travel,Eco,259,2,3,2,1,1,1,4,2,2,2,2,4,5,2.38,0,0,FALSE
Female,Loyal Customer,59,Business Travel,Business,1672,1,1,1,1,5,4,4,4,4,4,4,4,3,3.08,0,0,TRUE
Male,Loyal Customer,60,Business Travel,Business,3183,2,2,2,2,5,4,4,4,4,4,4,3,3,3.31,0,0,TRUE
Male,Loyal Customer,59,Business Travel,Business,2069,3,3,3,3,5,5,4,5,5,5,5,5,3,4.15,0,0,TRUE
Female,Loyal Customer,28,Business Travel,Business,528,5,5,5,5,2,2,2,2,3,4,4,5,2,3.54,0,1,TRUE
Male,Disloyal Customer,23,Business Travel,Eco,888,4,5,5,3,2,5,2,2,5,2,5,3,2,3.46,5,6,TRUE
Female,Loyal Customer,58,Personal Travel,Eco,669,1,4,1,3,4,4,4,1,1,1,1,3,4,2.46,27,14,FALSE
Male,Loyal Customer,32,Personal Travel,Eco,762,1,3,1,2,5,1,5,5,1,3,3,4,5,3,11,11,FALSE
Male,Loyal Customer,35,Personal Travel,Eco,364,3,2,3,3,4,3,4,4,4,2,4,4,4,3.38,0,4,FALSE
Female,Disloyal Customer,19,Business Travel,Eco,190,3,2,3,4,3,3,3,3,2,1,3,3,3,2.77,87,77,FALSE
Female,Loyal Customer,38,Business Travel,Business,634,3,3,3,3,3,3,4,3,3,2,3,2,4,3,0,0,FALSE
Male,Disloyal Customer,24,Business Travel,Eco,1036,5,5,5,4,5,5,5,5,5,4,4,4,5,4.69,27,16,TRUE
Male,Loyal Customer,59,Business Travel,Eco,83,4,3,3,3,4,4,4,4,5,4,4,3,4,3.77,0,0,TRUE
Female,Disloyal Customer,23,Business Travel,Eco,994,5,5,5,1,1,5,1,1,4,2,4,3,1,2.92,0,0,TRUE
Female,Loyal Customer,52,Personal Travel,Eco,867,2,4,2,5,5,4,4,5,5,2,5,3,4,3.85,5,7,FALSE
Male,Loyal Customer,47,Business Travel,Business,1649,4,4,3,4,5,5,4,2,2,2,2,4,3,3.38,5,0,TRUE
Male,Disloyal Customer,39,Business Travel,Business,813,1,1,1,2,5,1,5,5,3,2,4,4,5,3,0,0,FALSE
Female,Loyal Customer,54,Business Travel,Business,2710,1,1,1,1,3,4,5,4,4,4,4,4,3,3,4,0,TRUE
Male,Loyal Customer,46,Business Travel,Business,2182,3,3,3,3,4,5,4,5,5,4,5,5,3,4,0,0,TRUE
Male,Loyal Customer,21,Personal Travel,Eco Plus,236,3,5,3,2,5,3,5,5,5,4,4,3,5,4,0,0,FALSE
Male,Loyal Customer,58,Business Travel,Business,357,1,1,1,1,3,4,4,2,2,2,2,4,4,2.38,0,0,TRUE
Female,Disloyal Customer,18,Business Travel,Eco,530,0,2,0,4,3,0,5,3,5,2,5,5,3,2.85,5,4,TRUE
Female,Loyal Customer,40,Business Travel,Business,2707,5,5,5,5,3,5,4,4,4,4,4,4,4,4.31,0,0,TRUE
Female,Loyal Customer,44,Personal Travel,Eco,271,4,4,3,3,1,3,3,3,3,3,3,1,4,2.92,16,15,FALSE
Male,Loyal Customer,42,Personal Travel,Eco,838,2,1,2,2,3,2,3,3,4,2,3,4,3,2.62,10,0,FALSE
Male,Disloyal Customer,45,Business Travel,Business,599,4,3,3,3,4,4,5,4,4,3,5,5,4,3.92,8,1,FALSE
Female,Disloyal Customer,21,Business Travel,Eco,1096,3,3,3,4,5,3,5,5,1,4,4,1,5,3.54,0,0,FALSE
Male,Loyal Customer,41,Business Travel,Business,3881,3,3,3,3,5,1,2,5,5,5,4,2,5,3.54,14,0,TRUE
Female,Loyal Customer,12,Personal Travel,Eco,31,3,4,3,4,1,3,1,1,1,1,2,5,1,2.31,12,8,FALSE
Female,Loyal Customer,46,Business Travel,Eco Plus,1846,2,4,4,4,1,2,3,2,2,2,2,2,3,2.54,1,28,FALSE
Male,Disloyal Customer,31,Business Travel,Eco,1608,1,1,1,2,4,1,4,4,3,2,1,4,4,2.46,49,49,FALSE
Male,Loyal Customer,42,Personal Travel,Eco,696,0,5,0,2,3,0,3,3,3,4,4,3,3,2.54,10,0,TRUE
Male,Loyal Customer,51,Business Travel,Business,3537,3,5,5,5,4,3,4,3,3,3,3,2,3,3.54,0,0,FALSE
Female,Loyal Customer,40,Business Travel,Eco,90,4,2,2,2,4,4,4,4,2,4,4,3,4,3.31,0,0,FALSE
Male,Disloyal Customer,24,Business Travel,Business,214,4,2,4,4,1,4,1,1,4,5,4,5,1,3.08,0,0,TRUE
Female,Loyal Customer,24,Business Travel,Business,2708,0,0,0,3,3,3,3,3,2,3,1,5,3,2.23,0,0,TRUE
Male,Loyal Customer,80,Business Travel,Business,3005,3,5,5,5,1,4,4,3,3,3,3,4,2,3.46,6,9,FALSE
Female,Loyal Customer,77,Business Travel,Business,251,1,1,1,1,4,4,3,3,3,4,3,5,1,2.62,0,0,TRUE
Female,Loyal Customer,13,Personal Travel,Eco,191,2,5,0,5,4,0,4,4,3,5,5,4,4,3.46,5,0,FALSE
Male,Loyal Customer,59,Personal Travel,Eco,229,3,5,3,1,1,3,1,1,3,5,4,3,1,2.62,0,0,FALSE
Male,Loyal Customer,47,Business Travel,Business,1384,1,1,1,1,3,4,5,5,5,5,5,4,4,3.38,0,11,TRUE
Male,Loyal Customer,29,Personal Travel,Business,650,3,1,3,2,3,3,2,3,2,3,2,1,3,2.38,0,0,FALSE
Male,Loyal Customer,70,Personal Travel,Eco Plus,748,1,5,1,3,1,1,1,1,1,5,4,2,1,2.08,0,7,FALSE
Female,Loyal Customer,38,Business Travel,Eco Plus,319,1,5,5,5,1,1,1,1,4,1,3,3,1,2.46,0,10,FALSE
Male,Disloyal Customer,25,Business Travel,Business,1475,4,5,4,4,4,4,4,4,3,2,4,4,4,3.85,1,0,TRUE
Female,Loyal Customer,32,Business Travel,Business,571,2,2,2,2,4,4,4,4,5,4,1,3,4,3.15,12,4,TRUE
Male,Loyal Customer,39,Personal Travel,Eco,937,2,4,2,3,5,2,4,5,2,4,3,2,5,3.31,3,0,FALSE
Male,Loyal Customer,70,Personal Travel,Eco,2475,4,3,4,3,1,4,1,1,2,1,5,4,1,2.62,0,0,FALSE
Female,Loyal Customer,55,Business Travel,Business,3252,5,5,5,5,4,4,4,5,5,5,5,4,5,4.69,0,0,TRUE
Female,Loyal Customer,56,Business Travel,Business,2745,0,5,0,4,5,5,4,5,5,5,5,4,5,4,24,19,TRUE
Female,Loyal Customer,41,Business Travel,Business,2080,2,2,2,2,4,4,4,3,5,4,5,4,4,3.46,276,298,TRUE
Male,Disloyal Customer,28,Business Travel,Business,692,5,5,5,1,2,5,2,2,3,5,4,3,2,3.38,0,0,TRUE
Male,Disloyal Customer,27,Business Travel,Eco,1416,1,2,2,1,3,1,3,3,4,5,3,1,3,2.46,0,0,FALSE
Male,Loyal Customer,24,Personal Travel,Eco,500,4,3,4,3,1,4,1,1,2,1,4,2,1,2.38,0,0,FALSE
Male,Loyal Customer,36,Personal Travel,Eco Plus,601,5,4,5,1,5,5,5,5,5,5,2,2,5,4.15,0,0,TRUE
Male,Disloyal Customer,24,Business Travel,Eco,546,1,2,1,4,2,1,2,2,4,5,3,3,2,2.46,60,52,FALSE
Female,Loyal Customer,28,Personal Travel,Eco,282,2,5,2,5,2,2,2,2,3,4,5,5,2,3.15,0,0,FALSE
Female,Loyal Customer,58,Personal Travel,Eco,490,3,5,3,5,1,2,2,5,5,3,5,5,3,3.62,0,0,FALSE
Male,Loyal Customer,63,Business Travel,Business,190,4,4,4,4,5,4,5,4,4,4,5,5,3,4.23,0,0,TRUE
Male,Loyal Customer,45,Business Travel,Business,3173,4,4,4,4,2,5,4,3,3,4,5,4,5,3.92,35,76,TRUE
Male,Loyal Customer,23,Business Travel,Business,1671,1,1,1,1,5,5,5,5,5,4,4,3,5,3.46,0,0,TRUE
Female,Disloyal Customer,20,Personal Travel,Eco,1504,2,5,2,1,5,2,5,5,5,3,4,3,5,3.62,0,0,FALSE
Female,Loyal Customer,41,Business Travel,Business,1900,1,1,1,1,3,4,5,4,4,4,4,5,3,3.08,0,0,TRUE
Female,Loyal Customer,11,Personal Travel,Business,554,2,5,2,5,4,2,4,4,4,3,5,3,4,3.62,0,2,FALSE
Female,Loyal Customer,9,Personal Travel,Eco,679,0,3,0,3,3,0,3,3,3,4,3,2,3,2.31,0,1,TRUE
Female,Loyal Customer,31,Business Travel,Business,3331,2,2,2,2,5,4,5,5,4,5,5,5,5,3.92,53,51,TRUE
Female,Loyal Customer,8,Business Travel,Business,2048,5,5,5,5,4,4,4,4,5,4,5,3,4,4.38,0,0,TRUE
Female,Loyal Customer,33,Business Travel,Eco Plus,347,4,1,1,1,4,4,4,4,3,2,2,2,4,2.77,0,0,TRUE
Female,Loyal Customer,57,Business Travel,Business,2403,1,1,1,1,4,4,5,5,5,5,5,4,3,3.38,1,0,TRUE
Male,Loyal Customer,47,Business Travel,Business,3239,0,3,0,1,5,3,1,4,4,4,4,3,3,2.69,0,10,TRUE
Female,Loyal Customer,8,Personal Travel,Eco Plus,229,3,5,3,4,4,3,4,4,4,2,5,5,4,3.85,0,0,FALSE
Female,Loyal Customer,47,Business Travel,Business,3984,2,2,5,2,5,4,4,4,4,4,4,4,5,3.77,0,0,TRUE
Female,Loyal Customer,51,Business Travel,Business,414,1,1,1,1,5,5,5,2,2,2,2,3,4,2.62,127,124,TRUE
Female,Loyal Customer,31,Business Travel,Business,1535,1,1,1,1,4,4,4,4,4,4,5,3,4,3.08,8,12,TRUE
Female,Loyal Customer,33,Business Travel,Eco,328,0,0,0,3,4,0,4,4,3,4,3,1,4,2.31,0,3,TRUE
Male,Loyal Customer,52,Business Travel,Eco,67,1,1,1,1,1,1,1,1,3,4,4,2,1,1.69,0,0,FALSE
Male,Disloyal Customer,17,Business Travel,Eco,338,4,1,4,3,4,4,5,4,1,3,3,4,4,3.38,6,1,FALSE
Female,Loyal Customer,30,Business Travel,Eco Plus,236,3,1,1,1,3,3,3,3,4,5,3,4,3,2.85,0,0,FALSE
Male,Loyal Customer,56,Business Travel,Business,1723,4,4,4,4,5,4,5,4,4,4,4,3,3,4,0,0,TRUE
Female,Loyal Customer,51,Business Travel,Business,307,0,0,0,2,5,2,1,1,1,1,1,3,2,1.46,16,22,TRUE
Male,Disloyal Customer,69,Business Travel,Eco,460,3,4,3,4,3,3,4,3,4,3,3,2,3,3.23,1,0,FALSE
Female,Loyal Customer,53,Business Travel,Business,120,3,3,3,3,3,5,5,4,4,4,5,3,3,3.69,0,0,TRUE
Male,Disloyal Customer,47,Business Travel,Business,1047,3,3,3,3,3,3,1,3,3,4,4,5,3,3.15,0,0,TRUE
Male,Loyal Customer,58,Business Travel,Business,1620,1,1,1,1,5,5,4,5,5,5,5,3,5,3.54,58,67,TRUE
Male,Loyal Customer,22,Business Travel,Eco Plus,1192,0,3,0,3,2,0,2,2,5,1,5,2,2,2.08,0,0,TRUE
Female,Loyal Customer,25,Business Travel,Eco,507,3,3,3,3,3,3,2,3,3,5,4,1,3,3,73,63,FALSE
Male,Loyal Customer,61,Personal Travel,Eco,416,3,4,1,2,2,1,2,2,2,5,1,4,2,2.38,0,0,FALSE
Male,Loyal Customer,42,Personal Travel,Eco,287,3,3,3,4,2,3,2,2,2,2,5,2,2,2.69,26,23,FALSE
Female,Loyal Customer,44,Business Travel,Eco,1620,2,4,1,4,5,4,3,1,1,2,1,4,2,2.62,5,0,FALSE
Female,Loyal Customer,56,Business Travel,Business,2643,3,3,3,3,4,2,3,3,3,3,3,2,2,2.85,49,56,FALSE
Male,Disloyal Customer,27,Business Travel,Eco,451,3,0,3,3,1,3,1,1,2,4,4,4,1,2.31,0,0,FALSE
Female,Loyal Customer,59,Business Travel,Business,2083,2,2,4,2,2,5,5,4,4,4,5,4,3,3.54,0,0,TRUE
Female,Loyal Customer,47,Business Travel,Business,1846,4,4,2,4,3,4,5,4,4,4,4,3,3,3.69,32,66,TRUE
Male,Loyal Customer,48,Business Travel,Eco,253,5,2,4,4,5,5,5,5,4,2,4,1,5,3.92,0,0,TRUE
Male,Loyal Customer,35,Business Travel,Business,1786,1,1,1,1,2,4,4,4,4,4,4,3,3,2.77,3,5,TRUE
Male,Loyal Customer,25,Personal Travel,Eco,1089,4,3,4,3,3,4,3,3,4,2,1,3,3,3.08,0,0,TRUE
Male,Loyal Customer,56,Business Travel,Business,407,3,3,3,3,5,4,4,4,4,4,4,4,4,3.77,2,0,TRUE
Female,Disloyal Customer,26,Business Travel,Eco,373,4,3,4,1,4,4,4,4,3,5,4,5,4,3.77,0,10,TRUE
Female,Loyal Customer,42,Business Travel,Business,3731,2,2,2,2,4,5,5,4,4,4,4,4,3,3.46,1,10,TRUE
Male,Disloyal Customer,21,Business Travel,Eco,351,3,0,3,4,4,3,4,4,3,4,3,2,4,3.15,29,44,FALSE
Male,Loyal Customer,61,Business Travel,Business,1044,2,3,2,2,5,3,3,2,2,2,2,3,3,2.62,31,15,FALSE
Male,Loyal Customer,28,Business Travel,Business,3477,2,2,5,2,5,5,5,5,5,5,4,4,5,4.15,0,6,TRUE
Male,Loyal Customer,32,Business Travel,Business,282,3,1,3,3,4,4,4,4,4,5,4,3,4,3.54,15,1,TRUE
Male,Loyal Customer,43,Business Travel,Business,2677,5,5,5,5,2,2,2,5,2,3,2,2,2,3.23,0,0,TRUE
Male,Disloyal Customer,36,Business Travel,Business,284,3,3,3,4,2,3,2,2,2,2,3,3,2,2.62,0,0,FALSE
Female,Disloyal Customer,19,Business Travel,Eco,878,4,4,4,3,4,4,4,4,4,3,3,5,4,3.85,15,0,TRUE
Female,Loyal Customer,29,Business Travel,Business,719,4,2,2,2,4,4,4,4,4,3,4,4,4,3.46,0,0,FALSE
Male,Loyal Customer,42,Business Travel,Business,130,1,3,3,3,2,3,4,2,2,1,1,3,3,2.38,5,12,FALSE
Female,Disloyal Customer,25,Business Travel,Eco,488,2,4,2,4,2,2,2,2,1,3,5,3,2,2.62,0,0,FALSE
Male,Loyal Customer,38,Personal Travel,Eco,1076,3,5,3,2,2,3,5,2,4,3,5,3,2,3.23,12,34,FALSE
Male,Disloyal Customer,25,Business Travel,Business,738,0,0,0,2,1,0,1,1,5,4,4,5,1,1.85,96,65,TRUE
Female,Disloyal Customer,28,Business Travel,Eco,950,3,3,3,3,5,3,5,5,5,1,2,5,5,3.69,0,0,FALSE
Female,Disloyal Customer,52,Business Travel,Eco Plus,834,3,3,3,3,4,3,4,4,4,5,4,2,4,3.54,0,8,FALSE
Female,Disloyal Customer,29,Business Travel,Business,781,3,3,3,1,3,3,3,3,5,4,5,3,3,3.23,243,253,FALSE
Female,Loyal Customer,55,Business Travel,Business,1730,1,1,1,1,5,4,5,5,5,5,5,3,3,3.38,0,0,TRUE
Male,Loyal Customer,60,Business Travel,Business,1739,3,3,3,3,3,3,4,4,4,4,4,3,5,3.54,0,0,TRUE
Female,Loyal Customer,14,Personal Travel,Eco,1300,1,2,0,3,2,0,2,2,1,4,2,4,2,1.92,0,20,FALSE
Female,Loyal Customer,49,Business Travel,Business,3716,2,2,2,2,3,4,5,3,3,3,3,1,1,2.62,12,1,TRUE
Male,Loyal Customer,80,Business Travel,Business,358,5,5,5,5,4,4,5,5,5,5,5,5,4,4.77,8,0,TRUE
Male,Loyal Customer,58,Business Travel,Business,2625,5,5,5,5,3,4,5,4,4,4,4,4,4,4.31,35,37,TRUE
Female,Loyal Customer,17,Personal Travel,Business,410,3,3,3,5,4,3,4,4,5,5,1,5,4,3.77,0,4,FALSE
Male,Loyal Customer,66,Personal Travel,Eco,588,3,4,3,1,4,3,4,4,5,4,5,5,4,3.77,0,0,FALSE
Female,Loyal Customer,34,Personal Travel,Business,1188,1,4,1,4,1,2,4,4,4,1,4,2,1,2.54,41,29,FALSE
Female,Loyal Customer,12,Personal Travel,Eco,125,3,1,3,3,1,3,1,1,1,1,4,1,1,1.85,1,0,FALSE
Male,Disloyal Customer,45,Business Travel,Business,472,2,2,2,3,4,2,2,4,5,3,4,4,4,3.15,0,0,FALSE
Male,Loyal Customer,44,Business Travel,Eco,1499,2,5,5,5,1,2,1,1,2,1,5,5,1,2.77,44,36,TRUE
Female,Loyal Customer,56,Personal Travel,Eco,763,4,4,4,4,1,4,4,3,3,4,3,2,3,3.31,17,22,FALSE
Female,Loyal Customer,26,Personal Travel,Eco,335,3,4,3,3,1,3,1,1,4,4,5,5,1,2.92,0,0,FALSE
Female,Disloyal Customer,29,Business Travel,Business,767,3,3,3,4,2,3,2,2,4,4,5,5,2,3.23,0,0,FALSE
Female,Loyal Customer,47,Business Travel,Eco,925,3,5,5,5,1,4,5,3,3,3,3,5,1,3.54,17,28,TRUE
Male,Loyal Customer,48,Business Travel,Business,3134,3,3,3,3,2,5,5,3,3,4,3,4,4,3.46,0,0,TRUE
Male,Loyal Customer,8,Personal Travel,Eco,1481,3,5,3,4,2,3,2,2,4,2,5,3,2,3.08,0,0,FALSE
Female,Loyal Customer,72,Business Travel,Business,2565,3,1,1,1,4,4,3,3,3,3,3,3,1,2.54,0,0,FALSE
Male,Loyal Customer,49,Business Travel,Business,1640,3,3,3,3,5,4,4,5,5,4,5,5,3,4,0,18,TRUE
Female,Loyal Customer,58,Business Travel,Eco,493,4,2,2,2,2,2,3,4,4,4,4,4,1,2.92,0,0,TRUE
Female,Loyal Customer,53,Business Travel,Business,1715,2,2,2,2,5,5,5,4,4,4,4,2,4,3.46,0,1,TRUE
Male,Loyal Customer,34,Personal Travel,Eco,113,2,5,2,2,3,2,3,3,2,1,3,2,3,2.54,0,0,FALSE
Female,Loyal Customer,9,Personal Travel,Eco,214,1,3,0,3,1,0,1,1,4,4,3,2,1,1.85,0,0,FALSE
Female,Loyal Customer,45,Business Travel,Business,1635,4,4,4,4,4,3,4,5,5,5,5,3,3,4.08,8,0,TRUE
Male,Loyal Customer,37,Business Travel,Business,1979,3,3,3,3,5,3,3,4,4,4,4,2,1,3.23,0,0,TRUE
Male,Loyal Customer,34,Business Travel,Business,3612,2,3,3,3,1,4,3,2,2,2,2,2,3,2.46,19,28,FALSE
Female,Loyal Customer,59,Business Travel,Business,3539,0,5,1,2,3,4,5,3,3,3,3,5,4,3.15,64,55,TRUE
Female,Disloyal Customer,26,Business Travel,Eco Plus,425,1,0,0,4,1,0,1,1,3,2,3,2,1,1.46,0,0,FALSE
Male,Loyal Customer,64,Personal Travel,Eco,283,1,4,1,4,3,1,4,3,3,4,5,3,3,3,0,0,FALSE
Female,Disloyal Customer,39,Business Travel,Business,1546,4,5,5,1,1,5,1,1,1,1,2,1,1,2.23,58,35,FALSE
Female,Loyal Customer,55,Business Travel,Business,3169,5,5,5,5,4,5,4,3,3,4,3,5,5,4.31,6,11,TRUE
Female,Disloyal Customer,22,Business Travel,Business,580,3,2,3,3,2,3,2,2,1,1,3,2,2,2.23,94,77,FALSE
Male,Loyal Customer,64,Business Travel,Business,3992,3,3,4,3,3,4,5,4,4,4,4,5,3,3.77,0,0,TRUE
Female,Loyal Customer,49,Personal Travel,Eco,1635,1,4,1,1,3,3,4,3,3,1,3,5,4,2.77,22,51,FALSE
Male,Loyal Customer,31,Business Travel,Business,3904,4,4,5,4,5,5,5,5,3,3,1,4,5,4.08,0,0,TRUE
Female,Loyal Customer,41,Business Travel,Eco,501,4,5,5,5,4,4,4,4,1,2,1,4,4,3.62,0,0,TRUE
Female,Loyal Customer,66,Personal Travel,Business,86,3,5,3,5,3,5,4,5,5,3,5,5,4,4.23,0,0,FALSE
Male,Loyal Customer,8,Personal Travel,Eco,541,2,4,2,1,4,2,4,4,5,4,5,3,4,3.38,1,0,FALSE
Male,Loyal Customer,47,Business Travel,Business,1605,5,5,1,5,4,4,5,4,4,4,4,3,5,4.08,127,126,TRUE
Male,Loyal Customer,57,Business Travel,Business,757,1,1,1,1,2,5,4,5,5,5,5,3,3,3.15,2,0,TRUE
Male,Loyal Customer,42,Business Travel,Business,2615,1,1,5,1,3,3,3,3,3,3,4,3,3,2.77,0,0,TRUE
Female,Loyal Customer,28,Business Travel,Eco,356,3,4,4,4,3,3,3,3,2,5,4,4,3,3.46,0,0,FALSE
Male,Loyal Customer,56,Personal Travel,Eco,432,2,5,2,2,1,2,1,1,1,1,4,5,1,2.15,29,40,FALSE
Male,Disloyal Customer,32,Business Travel,Eco,954,2,2,2,1,3,2,5,3,1,4,5,2,3,2.69,26,13,FALSE
Female,Loyal Customer,40,Business Travel,Business,1695,5,5,5,5,4,5,4,3,3,4,3,4,5,4.23,0,0,TRUE
Female,Loyal Customer,57,Business Travel,Business,3904,2,4,2,2,5,4,4,4,4,4,4,3,4,3.54,0,4,TRUE
Female,Loyal Customer,33,Personal Travel,Eco Plus,488,4,2,4,3,2,4,2,2,4,4,2,4,2,3,0,0,FALSE
Female,Loyal Customer,56,Business Travel,Business,668,4,4,4,4,3,4,4,5,5,5,5,5,3,4.23,47,51,TRUE
Male,Disloyal Customer,42,Business Travel,Eco,438,3,4,3,1,5,3,5,5,5,3,4,2,5,3.69,13,8,FALSE
Female,Loyal Customer,39,Business Travel,Eco,432,3,4,3,4,3,4,3,3,1,3,1,3,3,2.92,0,0,TRUE
Male,Loyal Customer,53,Business Travel,Business,490,4,4,4,4,3,5,4,5,5,5,5,4,3,4.23,0,0,TRUE
Male,Loyal Customer,24,Business Travel,Business,3993,4,1,1,1,4,4,4,4,2,1,3,4,4,2.85,0,0,FALSE
Male,Loyal Customer,42,Business Travel,Business,2188,5,5,5,5,2,5,4,2,2,2,2,3,4,3.54,0,10,TRUE
Male,Loyal Customer,24,Business Travel,Eco,1074,4,3,3,3,4,3,4,1,2,5,1,4,4,3.15,135,129,TRUE
Male,Loyal Customer,14,Business Travel,Business,3564,1,1,1,1,5,5,5,5,5,5,4,3,5,3.54,0,0,TRUE
Female,Disloyal Customer,30,Business Travel,Eco,679,3,3,3,4,1,3,1,1,3,1,3,3,1,2.31,130,117,FALSE
Female,Loyal Customer,45,Business Travel,Business,3477,3,3,3,3,3,4,4,5,5,5,5,4,4,3.92,0,0,TRUE
Male,Loyal Customer,45,Business Travel,Business,2992,4,4,4,4,1,3,3,5,5,5,5,3,2,3.69,3,0,TRUE
Male,Disloyal Customer,21,Business Travel,Eco,255,1,1,1,2,5,1,5,5,1,3,3,2,5,2.69,0,0,FALSE
Male,Loyal Customer,68,Business Travel,Business,228,1,1,1,1,5,4,5,4,4,4,4,4,4,3.23,0,4,TRUE
Female,Loyal Customer,7,Personal Travel,Eco,669,3,4,2,3,5,2,5,5,5,5,5,3,5,4,0,0,FALSE
Male,Loyal Customer,28,Personal Travel,Eco,857,2,4,2,1,2,2,2,2,3,5,5,5,2,2.85,0,0,FALSE
Male,Loyal Customer,68,Personal Travel,Eco,651,2,4,2,1,3,2,3,3,5,4,3,5,3,3.08,17,11,FALSE
Female,Loyal Customer,53,Business Travel,Business,1670,5,5,5,5,3,5,4,4,4,4,4,4,5,4.38,0,0,TRUE
Male,Loyal Customer,41,Business Travel,Business,2684,5,5,5,5,5,4,5,5,5,5,5,3,3,4.62,0,0,TRUE
Female,Disloyal Customer,27,Business Travel,Eco,119,2,2,3,4,3,3,3,3,2,1,4,1,3,2.62,0,7,FALSE
Female,Loyal Customer,50,Business Travel,Business,3254,5,5,5,5,4,4,4,4,4,4,4,3,3,4.15,0,0,TRUE
Male,Loyal Customer,16,Business Travel,Business,3104,2,2,5,2,5,5,5,5,4,3,5,5,5,4.08,0,3,TRUE
Male,Loyal Customer,25,Business Travel,Business,2041,1,2,2,2,1,1,1,1,1,3,3,1,1,1.54,25,27,FALSE
Male,Loyal Customer,11,Business Travel,Business,813,1,4,4,4,1,1,1,1,1,3,3,1,1,2,0,0,FALSE
Male,Loyal Customer,22,Business Travel,Business,3472,1,1,1,1,5,5,5,5,4,3,5,5,5,3.54,29,14,TRUE
Male,Loyal Customer,31,Business Travel,Business,1205,2,3,3,3,2,2,2,2,4,3,3,1,2,2.46,27,0,FALSE
Male,Disloyal Customer,27,Business Travel,Business,108,4,4,4,4,5,4,5,5,3,4,4,5,5,4.31,0,0,TRUE
Female,Loyal Customer,34,Business Travel,Business,110,1,4,4,4,4,3,2,4,4,4,1,2,1,2.92,0,0,FALSE
Female,Loyal Customer,7,Personal Travel,Business,1660,4,0,5,5,4,5,4,4,5,2,5,4,4,3.92,29,25,FALSE
Male,Loyal Customer,49,Business Travel,Business,3536,2,2,2,2,5,5,4,4,4,4,4,3,3,3.38,0,0,TRUE
Female,Loyal Customer,22,Business Travel,Eco Plus,308,3,2,2,2,3,3,2,3,4,5,4,1,3,2.85,0,7,FALSE
Male,Loyal Customer,47,Business Travel,Business,3244,1,4,4,4,4,3,4,1,1,2,1,1,4,2.62,0,0,FALSE
Male,Loyal Customer,34,Personal Travel,Business,994,1,5,0,3,5,5,5,5,5,0,5,3,4,3.54,0,0,FALSE
Male,Loyal Customer,38,Business Travel,Eco,388,1,4,3,4,1,1,1,1,1,3,3,4,1,2.15,0,0,FALSE
Female,Loyal Customer,10,Personal Travel,Eco,516,4,4,4,1,5,4,5,5,4,2,5,4,5,4,0,0,FALSE
Male,Loyal Customer,51,Business Travel,Business,3909,3,3,3,3,4,5,5,4,4,4,4,5,5,4,0,0,TRUE
Male,Loyal Customer,51,Business Travel,Business,1440,4,4,4,4,5,4,4,4,4,5,4,4,5,4.23,0,0,TRUE
Male,Loyal Customer,39,Business Travel,Business,1797,3,3,2,3,5,4,4,5,5,5,5,5,5,4.15,46,51,TRUE
Male,Loyal Customer,61,Business Travel,Business,3605,4,4,4,4,3,5,4,5,5,5,5,3,4,4.23,0,0,TRUE
Female,Loyal Customer,24,Personal Travel,Eco,1189,3,4,3,1,2,3,2,2,5,4,3,4,2,2.92,110,116,FALSE
Male,Loyal Customer,9,Personal Travel,Business,931,4,4,3,4,4,3,4,4,4,4,5,3,4,3.85,44,39,FALSE
Male,Disloyal Customer,20,Business Travel,Business,404,4,0,4,2,5,4,5,5,3,2,5,5,5,3.77,16,5,TRUE
Male,Disloyal Customer,24,Business Travel,Eco,888,3,3,3,1,4,3,4,4,4,5,4,3,4,3.46,0,0,FALSE
Female,Disloyal Customer,27,Business Travel,Eco,1010,3,3,3,3,5,3,5,5,3,3,4,2,5,3.62,39,36,FALSE
Male,Loyal Customer,45,Business Travel,Business,837,4,4,5,4,4,4,4,5,5,4,5,4,4,4.31,233,229,TRUE
Female,Loyal Customer,16,Personal Travel,Eco Plus,342,4,4,4,1,1,4,1,1,5,5,5,4,1,3.08,9,0,TRUE
Male,Disloyal Customer,30,Business Travel,Eco,253,2,3,2,4,3,2,4,3,1,4,2,2,3,2.69,0,0,FALSE
Male,Loyal Customer,16,Business Travel,Business,2161,4,4,4,4,3,3,3,3,3,5,5,5,3,3.77,0,0,TRUE
Female,Loyal Customer,52,Business Travel,Business,2663,5,5,5,5,5,5,4,3,3,3,3,4,3,4.08,0,0,TRUE
Male,Loyal Customer,36,Personal Travel,Business,925,4,3,5,4,4,3,3,2,2,5,2,3,2,3.23,6,13,FALSE
Female,Loyal Customer,34,Personal Travel,Eco,733,2,2,2,3,4,2,3,4,3,4,3,1,4,2.85,0,0,FALSE
Female,Loyal Customer,70,Personal Travel,Eco,946,2,3,3,3,5,3,3,1,1,3,1,1,4,2.54,0,0,FALSE
Male,Loyal Customer,49,Business Travel,Business,3971,4,1,4,4,4,4,4,4,4,4,4,5,3,3.77,38,56,TRUE
Female,Loyal Customer,41,Business Travel,Eco,646,4,3,3,3,4,4,4,4,2,2,4,4,4,3.46,53,44,FALSE
Male,Loyal Customer,52,Personal Travel,Business,341,2,5,2,4,2,4,4,2,2,2,2,4,5,3.08,0,0,FALSE
Male,Loyal Customer,42,Business Travel,Business,1990,4,4,2,4,4,5,4,4,4,4,4,4,5,4,0,0,TRUE
Female,Loyal Customer,23,Business Travel,Business,1947,2,5,5,5,2,2,2,2,4,4,4,1,2,3.08,0,0,FALSE
Male,Loyal Customer,57,Business Travel,Eco,983,4,4,4,4,4,4,4,4,4,1,4,4,4,3.77,0,0,FALSE
Male,Loyal Customer,60,Personal Travel,Eco Plus,308,3,5,3,2,2,3,5,2,3,3,5,4,2,3.23,30,20,FALSE
Female,Loyal Customer,47,Business Travel,Business,2923,1,1,1,1,4,4,4,4,4,4,4,4,5,3.15,0,8,TRUE
Female,Loyal Customer,45,Personal Travel,Eco,1164,2,4,2,2,4,4,5,4,4,2,5,4,3,3.46,0,0,FALSE
Female,Loyal Customer,38,Business Travel,Business,2218,1,1,1,1,3,5,5,4,4,4,4,5,4,3.23,0,1,TRUE
Female,Loyal Customer,47,Personal Travel,Eco,930,5,4,5,3,5,5,5,2,2,4,2,3,4,3.77,0,0,TRUE
Female,Loyal Customer,63,Business Travel,Business,2490,5,5,5,5,5,5,5,5,5,5,5,3,3,4.69,10,37,TRUE
Female,Loyal Customer,34,Personal Travel,Eco Plus,491,3,1,3,4,3,3,3,3,4,2,4,2,3,2.92,0,0,FALSE
Male,Loyal Customer,62,Personal Travel,Eco,541,1,5,1,1,3,1,3,3,4,4,4,5,3,2.92,7,0,FALSE
Female,Disloyal Customer,10,Business Travel,Business,764,1,2,1,3,5,1,5,5,4,5,3,1,5,3.15,0,0,FALSE
Male,Loyal Customer,47,Business Travel,Business,3404,2,2,1,2,1,3,3,4,4,4,4,3,5,2.92,0,0,TRUE
Female,Loyal Customer,47,Business Travel,Business,695,5,4,5,5,4,4,5,4,4,4,4,5,3,4.31,0,0,TRUE
Female,Disloyal Customer,34,Business Travel,Business,1488,3,3,3,2,1,3,1,1,5,5,4,3,1,2.69,37,45,FALSE
Male,Loyal Customer,29,Personal Travel,Eco,1303,3,1,3,3,2,3,2,2,3,1,2,4,2,2.38,0,5,FALSE
Male,Loyal Customer,24,Business Travel,Business,851,3,4,4,4,3,3,3,3,1,2,3,2,3,2.92,28,40,FALSE
Female,Disloyal Customer,28,Business Travel,Business,718,4,4,4,2,1,4,1,1,4,5,4,4,1,3,0,0,TRUE
Female,Loyal Customer,24,Business Travel,Business,641,2,2,2,2,4,4,4,3,3,1,4,4,4,3,205,185,TRUE
Female,Disloyal Customer,25,Business Travel,Eco,1770,3,3,3,4,3,3,3,3,3,5,5,3,3,3.38,0,0,FALSE
Male,Loyal Customer,45,Business Travel,Eco,673,2,1,1,1,3,2,3,3,4,2,4,2,3,2.38,88,73,FALSE
Male,Loyal Customer,58,Business Travel,Business,427,2,2,2,2,4,4,5,5,5,5,5,4,3,3.69,0,0,TRUE
Male,Disloyal Customer,51,Business Travel,Business,602,4,5,5,2,3,4,3,3,5,3,5,4,3,3.77,0,0,TRUE
Female,Loyal Customer,16,Personal Travel,Eco,1121,1,4,1,3,1,1,1,5,3,5,4,1,1,2.38,156,141,FALSE
Male,Loyal Customer,22,Business Travel,Business,1028,2,2,2,2,3,3,3,3,1,2,5,1,3,2.46,70,53,TRUE
Male,Loyal Customer,48,Business Travel,Eco Plus,626,4,1,3,3,4,4,4,4,1,1,3,1,4,2.85,8,9,FALSE
Female,Loyal Customer,52,Personal Travel,Eco,641,2,4,1,3,2,4,4,4,4,1,4,4,4,3.15,23,9,FALSE
Female,Loyal Customer,52,Business Travel,Eco,954,5,2,2,2,2,2,1,5,5,5,5,4,5,3.46,0,0,TRUE
Male,Loyal Customer,67,Personal Travel,Eco,859,5,4,5,2,2,5,2,2,5,2,5,3,2,3.38,0,0,TRUE
Female,Loyal Customer,50,Business Travel,Business,731,3,3,3,3,5,5,5,4,4,5,5,5,5,4.23,199,284,TRUE
Female,Loyal Customer,61,Business Travel,Business,1986,1,3,4,3,4,1,5,1,3,2,2,5,5,3,172,171,FALSE
Male,Loyal Customer,45,Personal Travel,Eco,802,3,1,3,1,2,3,4,2,3,3,1,1,2,2.23,110,113,FALSE
Female,Loyal Customer,25,Personal Travel,Eco,481,0,1,0,3,2,0,2,2,1,4,4,4,2,1.92,0,0,TRUE
Female,Loyal Customer,51,Business Travel,Eco,955,2,3,3,3,2,3,2,2,2,2,2,2,4,2.46,0,0,TRUE
Male,Loyal Customer,30,Personal Travel,Eco,293,3,4,3,4,3,3,3,3,3,5,5,3,3,3.46,118,116,FALSE
Female,Loyal Customer,44,Personal Travel,Eco,119,3,3,3,3,4,5,4,4,4,3,4,3,4,3.62,3,47,FALSE
Male,Loyal Customer,51,Business Travel,Eco,532,5,5,5,5,5,5,5,5,1,2,3,4,5,4.23,0,0,TRUE
Male,Loyal Customer,34,Business Travel,Business,991,3,5,5,5,1,2,2,3,3,2,3,4,1,3,9,3,FALSE
Male,Loyal Customer,44,Business Travel,Eco,944,3,5,5,5,3,3,3,3,3,1,1,3,3,3.15,9,0,TRUE
Male,Loyal Customer,12,Personal Travel,Eco,409,2,5,2,3,2,2,2,2,3,2,4,3,2,2.62,0,0,FALSE
Male,Loyal Customer,35,Business Travel,Eco,1041,4,2,2,2,4,4,4,4,4,3,1,2,4,3.08,0,0,TRUE
Female,Loyal Customer,67,Business Travel,Business,304,1,1,1,1,5,4,4,5,5,5,5,5,3,3.46,0,0,TRUE
Female,Loyal Customer,32,Personal Travel,Eco,405,3,3,3,4,3,3,3,3,1,4,4,1,3,2.92,0,0,FALSE
Female,Loyal Customer,60,Business Travel,Business,1372,1,1,1,1,4,4,4,2,2,2,2,5,3,2.46,4,0,TRUE
Female,Loyal Customer,23,Personal Travel,Eco,272,2,4,2,3,5,2,5,5,5,4,4,5,5,3.92,0,11,FALSE
Female,Loyal Customer,33,Personal Travel,Eco,399,2,4,5,2,1,5,1,1,4,2,4,4,1,2.77,0,0,FALSE
Female,Loyal Customer,54,Business Travel,Business,287,5,5,5,5,2,4,4,5,5,5,5,3,4,4.38,41,27,TRUE
Female,Disloyal Customer,18,Personal Travel,Eco,266,5,0,5,1,2,5,2,2,4,5,5,3,2,3.15,0,0,TRUE
Male,Loyal Customer,56,Business Travel,Business,2908,2,2,2,2,4,4,5,3,3,4,3,4,3,3.15,0,4,TRUE
Female,Loyal Customer,41,Personal Travel,Eco,624,4,3,4,3,5,4,5,5,4,2,3,3,5,3.85,0,5,FALSE
Male,Loyal Customer,50,Business Travel,Business,2644,2,5,5,5,2,4,3,2,2,2,2,3,3,3.08,9,0,FALSE
Male,Loyal Customer,56,Business Travel,Business,2576,3,3,3,3,4,3,5,5,5,5,5,2,1,3.62,0,0,TRUE
Male,Loyal Customer,56,Business Travel,Eco,150,1,1,4,1,1,1,1,1,4,5,3,1,1,1.92,0,3,FALSE
Male,Loyal Customer,69,Business Travel,Business,937,3,3,3,3,4,4,5,4,4,4,4,4,3,3.69,16,0,TRUE
Male,Loyal Customer,57,Personal Travel,Eco,694,2,4,2,2,1,2,1,1,4,2,5,3,1,2.31,0,0,FALSE
Female,Loyal Customer,47,Business Travel,Business,447,1,2,2,2,4,4,3,1,1,1,1,3,1,2,3,0,FALSE
Male,Loyal Customer,43,Personal Travel,Eco,1237,4,4,4,3,2,4,4,2,4,4,3,2,2,3.23,0,31,TRUE
Male,Loyal Customer,44,Business Travel,Business,3208,1,1,1,1,3,5,4,4,4,4,4,4,4,3.08,0,0,TRUE
Female,Loyal Customer,49,Business Travel,Business,2577,4,4,4,4,4,4,4,3,2,4,4,4,4,3.77,139,150,TRUE
Male,Loyal Customer,24,Business Travel,Business,600,2,2,2,2,4,4,4,4,4,3,4,4,4,3.31,1,0,TRUE
Female,Loyal Customer,42,Personal Travel,Eco,874,2,5,2,4,3,5,4,3,3,2,1,4,3,3.15,0,0,FALSE
Female,Loyal Customer,49,Business Travel,Business,1654,5,5,5,5,4,4,5,5,5,5,5,3,5,4.69,0,0,TRUE
Female,Disloyal Customer,48,Business Travel,Business,1471,4,4,4,1,5,4,5,5,5,5,4,3,5,4.15,0,6,TRUE
Female,Loyal Customer,60,Business Travel,Business,1521,3,3,3,3,2,4,4,4,4,4,4,3,5,3.54,60,56,TRUE
Male,Loyal Customer,55,Personal Travel,Eco,2454,3,2,3,4,3,2,4,1,1,4,4,4,4,3,0,0,FALSE
Male,Loyal Customer,40,Business Travel,Business,1671,3,3,3,3,2,5,5,4,4,4,4,3,5,3.69,0,0,TRUE
Male,Loyal Customer,21,Personal Travel,Eco,1290,1,5,0,1,5,0,3,5,5,4,4,3,5,3.15,0,0,FALSE
Female,Loyal Customer,30,Business Travel,Business,1951,3,4,4,4,3,3,3,3,4,3,4,2,3,3.31,0,0,FALSE
Male,Loyal Customer,24,Business Travel,Business,1999,3,1,1,1,3,3,3,3,2,5,3,2,3,2.54,76,73,FALSE
Female,Loyal Customer,55,Personal Travel,Business,421,2,4,5,2,4,4,3,5,5,5,5,2,5,3.92,0,0,FALSE
Male,Loyal Customer,39,Business Travel,Business,1503,2,5,2,2,2,4,5,3,3,4,3,3,5,3.31,0,24,TRUE
Male,Loyal Customer,9,Personal Travel,Eco,937,3,3,3,4,1,3,1,1,1,1,4,2,1,2.15,0,1,FALSE
Female,Loyal Customer,54,Business Travel,Business,3969,4,4,4,4,5,4,4,5,5,5,5,4,3,4.31,6,0,TRUE
Male,Loyal Customer,48,Personal Travel,Eco Plus,130,1,0,1,1,5,1,5,5,3,3,3,4,5,2.85,0,0,FALSE
Female,Loyal Customer,19,Personal Travel,Eco Plus,1107,4,5,4,3,1,4,1,1,4,2,4,4,1,2.92,0,2,FALSE
Male,Loyal Customer,42,Business Travel,Business,125,0,4,0,3,4,2,5,3,3,3,3,4,5,3,45,41,TRUE
Female,Disloyal Customer,35,Business Travel,Business,641,1,1,1,4,1,1,2,1,5,5,5,5,1,2.54,19,4,FALSE
Female,Loyal Customer,20,Personal Travel,Eco,1303,2,4,1,3,3,1,3,3,2,4,3,1,3,2.54,6,7,FALSE
Female,Disloyal Customer,30,Business Travel,Eco Plus,1062,2,2,2,3,2,2,2,2,1,4,3,3,2,2.31,0,4,FALSE
Female,Loyal Customer,39,Business Travel,Business,679,5,5,5,5,4,5,5,5,5,5,5,5,4,4.85,0,0,TRUE
Male,Loyal Customer,65,Personal Travel,Eco,967,3,5,3,3,3,3,3,3,4,2,5,4,3,3.38,9,0,FALSE
Male,Loyal Customer,43,Business Travel,Business,3829,5,3,5,5,3,4,4,4,4,4,4,3,3,3.92,87,74,TRUE
Female,Loyal Customer,54,Personal Travel,Eco,985,3,5,2,4,4,4,4,4,4,2,4,5,4,3.77,0,0,FALSE
Female,Loyal Customer,22,Personal Travel,Eco,191,3,4,3,1,5,3,1,5,4,2,4,4,5,3.38,0,0,FALSE
Female,Loyal Customer,56,Business Travel,Eco Plus,612,3,2,1,1,5,3,2,2,2,3,2,1,3,2.31,25,41,FALSE
Male,Loyal Customer,53,Personal Travel,Eco,119,3,1,3,2,5,3,2,5,4,5,2,3,5,3.31,18,57,FALSE
Female,Disloyal Customer,27,Business Travel,Business,143,3,3,3,4,1,3,1,1,5,2,5,3,1,2.69,0,0,FALSE
Male,Loyal Customer,46,Business Travel,Business,247,0,0,0,3,4,4,5,1,1,1,1,3,3,2,70,72,TRUE
Female,Loyal Customer,28,Business Travel,Eco Plus,531,2,4,4,4,2,2,2,2,1,4,3,4,2,2.77,0,0,FALSE
Female,Disloyal Customer,34,Business Travel,Business,1744,2,3,3,4,4,3,4,4,5,4,3,4,4,3.62,0,0,FALSE
Male,Loyal Customer,41,Business Travel,Business,2197,2,2,3,2,5,4,5,5,5,5,5,3,5,3.92,16,5,TRUE
Female,Disloyal Customer,22,Business Travel,Business,567,2,2,1,4,5,1,5,5,3,2,3,1,5,3,45,68,FALSE
Male,Loyal Customer,41,Business Travel,Business,2265,5,5,2,5,2,4,4,5,5,5,5,4,4,4.23,0,0,TRUE
Male,Loyal Customer,65,Business Travel,Business,2772,3,3,3,3,5,4,4,4,4,4,4,3,5,3.77,17,3,TRUE
Female,Loyal Customer,44,Business Travel,Business,337,3,3,3,3,5,5,5,5,5,5,5,3,3,4.08,0,0,TRUE
Female,Loyal Customer,47,Business Travel,Business,1990,4,1,4,4,3,5,4,3,3,3,3,5,5,3.62,0,0,TRUE
Female,Loyal Customer,45,Personal Travel,Eco,919,2,5,2,5,5,4,5,3,3,2,3,3,5,3.62,0,0,FALSE
Male,Loyal Customer,50,Business Travel,Business,2248,1,1,1,1,4,4,4,4,3,4,5,4,4,3.08,0,0,TRUE
Male,Loyal Customer,41,Business Travel,Business,1899,1,1,1,1,2,5,5,5,5,5,5,4,3,3.31,0,0,TRUE
Female,Loyal Customer,54,Business Travel,Business,3362,2,2,2,2,5,4,4,4,4,4,5,4,3,3.46,17,32,TRUE
Male,Loyal Customer,14,Personal Travel,Eco,399,2,5,2,3,5,2,5,5,3,4,4,5,5,3.85,6,0,FALSE
Female,Loyal Customer,60,Personal Travel,Eco,529,4,4,5,2,5,4,5,1,1,5,1,4,3,3.38,0,0,FALSE
Male,Loyal Customer,39,Business Travel,Eco,255,1,3,3,3,1,1,1,1,4,3,3,2,1,2.08,0,0,FALSE
Female,Loyal Customer,26,Business Travel,Business,2043,1,1,1,1,3,3,3,3,3,5,4,5,3,2.77,57,71,TRUE
Female,Loyal Customer,32,Personal Travel,Eco,130,2,0,2,1,4,2,4,4,4,4,5,4,4,3.08,39,34,FALSE
Female,Loyal Customer,46,Business Travel,Business,912,3,3,3,3,2,4,5,5,5,5,5,3,4,3.85,29,13,TRUE
Male,Disloyal Customer,23,Business Travel,Eco,489,2,4,1,4,2,1,2,2,2,2,5,4,2,2.54,0,0,FALSE
Female,Loyal Customer,29,Business Travel,Business,3951,3,3,3,3,3,3,3,3,3,4,3,1,3,2.92,0,0,FALSE
Male,Loyal Customer,40,Business Travel,Business,2810,2,2,2,2,5,5,4,5,5,5,5,4,4,3.85,24,46,TRUE
Female,Loyal Customer,58,Business Travel,Eco,251,5,1,1,1,1,5,1,5,5,5,5,5,4,3.38,13,7,TRUE
Female,Loyal Customer,57,Business Travel,Business,1189,2,2,2,2,2,5,5,5,5,5,5,4,5,3.77,0,0,TRUE
Female,Loyal Customer,34,Personal Travel,Eco,354,4,5,4,3,1,4,1,1,3,5,4,4,1,3.08,0,0,FALSE
Female,Loyal Customer,16,Personal Travel,Eco,1024,2,5,2,1,3,2,3,3,4,5,5,4,3,3.23,0,7,FALSE
Male,Loyal Customer,41,Business Travel,Business,2115,2,2,3,3,3,4,3,2,2,2,2,2,1,2.38,0,0,FALSE
Male,Loyal Customer,35,Business Travel,Business,1591,3,3,3,3,2,4,5,4,4,4,4,4,4,3.62,35,31,TRUE
Female,Loyal Customer,36,Business Travel,Business,3171,0,0,0,3,2,4,4,2,2,5,5,5,4,2.77,0,0,TRUE
Male,Loyal Customer,28,Personal Travel,Eco,1023,4,4,4,5,4,4,4,4,3,1,2,2,4,3.46,40,,FALSE
Male,Loyal Customer,50,Personal Travel,Eco,403,3,2,3,4,2,3,2,2,2,3,4,2,2,2.62,30,26,FALSE
Male,Loyal Customer,30,Business Travel,Business,1608,5,5,5,5,5,5,5,5,3,4,5,3,5,4.62,3,9,TRUE
Female,Loyal Customer,22,Personal Travel,Eco,642,2,1,2,4,2,2,2,2,1,2,3,2,2,2.08,0,0,FALSE
Female,Loyal Customer,42,Business Travel,Business,3476,1,1,1,1,4,5,4,5,5,5,5,5,5,3.62,12,4,TRUE
Male,Disloyal Customer,46,Business Travel,Eco,1485,3,3,3,5,5,3,5,5,1,2,1,5,5,3.54,0,6,FALSE
Female,Loyal Customer,30,Personal Travel,Eco,936,5,5,5,3,3,5,3,3,3,3,4,5,3,3.85,0,0,TRUE
Male,Loyal Customer,49,Business Travel,Business,2103,1,1,1,1,4,5,5,4,4,4,4,5,3,3.23,6,12,TRUE
Male,Disloyal Customer,16,Business Travel,Eco,458,3,0,3,3,1,3,1,1,2,1,3,4,1,2,0,0,FALSE
Female,Loyal Customer,51,Personal Travel,Eco,404,2,4,2,5,5,5,5,4,4,2,2,4,3,3.62,0,0,FALSE
Female,Loyal Customer,45,Personal Travel,Eco,1389,3,5,3,4,2,4,4,1,1,3,1,3,3,2.85,0,10,FALSE
Male,Disloyal Customer,39,Business Travel,Business,297,2,2,2,4,4,2,4,4,5,3,5,4,4,3.46,0,0,FALSE
Female,Loyal Customer,10,Personal Travel,Eco,1788,3,5,3,5,4,3,4,4,5,4,5,4,4,4.08,8,5,FALSE
Female,Loyal Customer,38,Business Travel,Business,3607,1,1,1,1,3,2,4,4,4,4,4,2,3,2.62,0,0,TRUE
Female,Loyal Customer,20,Business Travel,Business,731,4,4,4,4,4,4,4,4,5,4,5,4,4,4.15,0,0,TRUE
Male,Loyal Customer,62,Personal Travel,Eco,435,3,5,3,3,3,3,3,3,5,3,5,3,3,3.46,0,0,FALSE
Male,Loyal Customer,35,Business Travel,Business,349,2,2,2,2,4,5,4,5,5,5,5,3,5,3.77,0,7,TRUE
Female,Loyal Customer,24,Personal Travel,Eco,488,4,2,4,3,5,4,5,5,1,5,2,2,5,3.62,0,0,FALSE
Female,Loyal Customer,39,Business Travel,Business,2829,2,2,2,2,5,5,4,5,5,5,5,5,5,4,0,0,TRUE
Male,Disloyal Customer,22,Business Travel,Eco,1134,4,4,4,5,4,1,1,2,4,4,2,1,1,2.85,185,190,TRUE
Female,Disloyal Customer,24,Business Travel,Eco,756,2,2,2,5,3,2,3,3,5,5,5,5,3,3.46,6,21,FALSE
Female,Loyal Customer,34,Business Travel,Eco,187,5,3,3,3,5,5,5,5,3,4,3,1,5,3.85,3,0,TRUE
Female,Loyal Customer,57,Personal Travel,Eco,1050,2,5,2,4,2,5,3,5,5,2,5,1,5,3.54,9,37,FALSE
Male,Loyal Customer,18,Personal Travel,Eco Plus,2381,3,5,3,1,3,2,2,3,5,5,4,2,2,3.08,153,140,FALSE
Male,Loyal Customer,62,Personal Travel,Eco,846,3,5,3,3,5,3,5,5,5,4,4,5,5,4.23,0,0,FALSE
Male,Loyal Customer,52,Personal Travel,Eco,530,2,4,2,3,1,2,1,1,3,4,4,4,1,2.46,0,0,FALSE
Female,Loyal Customer,41,Business Travel,Eco Plus,109,5,3,3,3,5,1,3,5,5,5,5,3,4,3.85,0,0,TRUE
Female,Loyal Customer,53,Business Travel,Business,2733,2,2,2,2,4,5,5,4,4,4,4,5,5,3.69,0,0,TRUE
Male,Loyal Customer,58,Personal Travel,Eco,2419,2,2,3,3,2,3,1,2,1,1,3,3,2,2.15,0,0,FALSE
Male,Loyal Customer,48,Business Travel,Business,1918,4,4,4,4,4,4,1,5,5,5,5,2,2,3.77,0,0,TRUE
Male,Loyal Customer,23,Personal Travel,Eco,854,1,4,1,1,4,1,4,4,5,3,4,3,4,3,23,14,FALSE
Female,Disloyal Customer,26,Business Travel,Business,1865,1,0,0,4,2,0,2,2,5,5,3,4,2,2.31,2,6,FALSE
Female,Loyal Customer,49,Business Travel,Eco,590,2,5,5,5,5,3,4,2,2,2,2,4,5,3.54,68,66,TRUE
Female,Loyal Customer,48,Business Travel,Business,1671,1,1,1,1,4,5,4,4,4,4,4,4,4,3.15,41,74,TRUE
Female,Loyal Customer,17,Personal Travel,Eco,802,1,5,1,4,3,1,3,3,2,2,3,1,3,2.46,10,0,FALSE
Male,Loyal Customer,52,Business Travel,Eco,1956,2,2,2,2,2,2,2,2,1,4,4,3,2,2.31,48,48,FALSE
Male,Loyal Customer,49,Business Travel,Business,2002,5,5,5,5,3,5,5,4,4,4,4,4,3,4.31,0,0,TRUE
Female,Loyal Customer,30,Personal Travel,Eco,373,1,4,1,4,2,1,2,2,4,4,3,1,2,2.38,0,0,FALSE
Female,Loyal Customer,48,Business Travel,Eco,337,2,4,4,4,5,4,3,2,2,2,2,1,2,2.85,0,0,FALSE
Male,Loyal Customer,14,Business Travel,Business,2433,3,1,1,1,3,3,3,3,1,5,3,2,3,2.46,0,16,FALSE
Male,Loyal Customer,59,Business Travel,Business,475,4,4,4,4,5,4,4,4,4,5,4,3,5,4.15,63,61,TRUE
Female,Loyal Customer,22,Business Travel,Business,1005,2,2,2,2,4,4,4,4,3,3,5,3,4,3.23,13,0,TRUE
Male,Loyal Customer,55,Personal Travel,Eco,628,1,4,1,2,1,1,1,1,3,4,5,5,1,2.31,16,4,FALSE
Male,Loyal Customer,56,Business Travel,Eco,630,5,2,2,2,5,5,5,5,4,3,2,2,5,3.62,76,63,TRUE
Female,Loyal Customer,70,Business Travel,Eco,828,1,1,1,1,3,4,3,1,1,1,1,2,3,1.77,21,7,FALSE
Female,Disloyal Customer,22,Business Travel,Business,1470,0,0,0,1,3,0,3,3,4,5,3,3,3,2.15,0,0,TRUE
Female,Loyal Customer,22,Business Travel,Eco,770,5,2,3,2,5,5,4,5,3,2,1,2,5,3.38,2,9,TRUE
Female,Loyal Customer,46,Business Travel,Business,2139,5,5,5,5,4,5,4,4,4,5,4,4,3,4.38,118,127,TRUE
Female,Loyal Customer,45,Business Travel,Business,2722,3,3,2,3,5,4,5,4,4,4,4,5,3,3.77,2,0,TRUE
Female,Loyal Customer,48,Business Travel,Business,296,4,2,4,4,5,4,4,4,4,3,4,1,3,3.54,0,0,FALSE
Female,Loyal Customer,52,Business Travel,Business,2270,1,1,1,1,4,4,5,4,4,4,4,3,3,3,0,0,TRUE
Male,Loyal Customer,12,Personal Travel,Eco,363,1,5,1,4,4,1,4,4,3,4,4,4,4,3.31,0,0,FALSE
Male,Loyal Customer,31,Business Travel,Eco Plus,1598,5,4,4,4,5,5,5,5,5,4,4,5,5,4.62,0,0,TRUE
Male,Loyal Customer,25,Business Travel,Business,406,3,5,2,5,3,3,3,3,3,5,3,2,3,3.31,0,18,FALSE
Female,Disloyal Customer,26,Business Travel,Eco,1044,3,3,3,1,2,3,2,2,4,4,5,2,2,2.77,3,0,FALSE
Female,Loyal Customer,58,Business Travel,Business,1652,1,1,1,1,5,3,5,5,5,5,5,5,3,3.46,0,0,TRUE
Male,Loyal Customer,62,Business Travel,Eco,849,2,1,1,1,2,2,2,2,2,4,3,1,2,1.92,31,46,FALSE
Male,Loyal Customer,26,Business Travel,Eco Plus,472,4,2,2,2,4,4,3,4,4,3,1,3,4,3.08,2,1,TRUE
Male,Loyal Customer,51,Personal Travel,Eco Plus,602,2,2,2,3,5,2,5,5,2,3,3,4,5,3.31,8,0,FALSE
Female,Loyal Customer,10,Personal Travel,Eco,301,2,4,4,3,4,4,4,4,1,5,1,2,4,3.23,0,0,FALSE
Male,Loyal Customer,59,Business Travel,Business,2377,1,4,4,4,1,3,3,1,1,1,1,1,1,2,0,0,FALSE
Male,Loyal Customer,25,Personal Travel,Business,475,3,4,3,1,3,3,3,3,2,5,5,3,3,3.15,0,0,FALSE
Female,Disloyal Customer,45,Business Travel,Eco,416,3,0,3,2,2,3,2,2,5,1,3,4,2,2.46,18,1,FALSE
Female,Loyal Customer,52,Business Travel,Business,1851,1,1,1,1,2,5,5,4,4,4,4,5,3,3.08,0,0,TRUE
Female,Loyal Customer,48,Business Travel,Business,554,1,1,1,1,2,3,2,1,1,1,1,2,4,1.62,0,0,FALSE
Female,Loyal Customer,59,Personal Travel,Eco,680,2,5,2,1,1,4,3,3,3,2,3,4,1,2.62,0,0,FALSE
Male,Loyal Customer,26,Business Travel,Business,2320,3,3,3,3,2,2,2,2,4,2,4,5,2,2.85,0,0,TRUE
Female,Loyal Customer,48,Business Travel,Business,2834,4,4,4,4,1,4,3,4,4,4,4,4,5,3.77,60,52,TRUE
Female,Disloyal Customer,37,Business Travel,Eco Plus,607,2,3,3,4,3,3,1,3,3,4,5,3,3,3.08,0,0,FALSE
Female,Loyal Customer,49,Personal Travel,Eco,1535,3,3,3,4,3,3,4,2,2,3,2,1,4,2.85,0,0,FALSE
Female,Loyal Customer,41,Personal Travel,Business,1475,4,4,5,2,4,5,4,5,5,5,5,3,5,4.31,21,5,TRUE
Female,Loyal Customer,37,Business Travel,Business,3816,4,4,4,4,4,4,3,4,4,4,4,3,1,3.62,0,0,TRUE
Male,Loyal Customer,37,Business Travel,Business,3667,4,4,4,4,4,4,5,4,4,4,4,4,3,4,0,9,TRUE
Male,Loyal Customer,38,Personal Travel,Eco,342,4,3,4,2,2,4,2,2,2,1,3,3,2,2.62,0,0,FALSE
Female,Loyal Customer,53,Business Travel,Business,550,4,4,1,4,3,5,4,4,4,4,4,5,3,3.77,0,0,TRUE
Male,Loyal Customer,29,Business Travel,Business,1697,4,5,4,4,5,5,5,5,3,2,1,2,5,3.85,19,12,TRUE
Male,Loyal Customer,64,Personal Travel,Eco,1303,1,5,1,4,5,1,4,5,5,5,3,3,5,3.62,0,0,FALSE
Male,Loyal Customer,22,Personal Travel,Eco,2446,2,4,2,3,3,2,3,3,3,5,4,4,3,3.15,78,79,FALSE
Female,Loyal Customer,37,Business Travel,Eco,108,3,4,4,4,3,3,3,3,3,1,3,3,3,3.08,19,8,FALSE
Male,Loyal Customer,58,Personal Travel,Eco,1009,2,5,2,4,4,2,2,4,5,5,2,1,4,3.23,0,0,FALSE
Male,Loyal Customer,25,Business Travel,Business,2814,3,3,3,3,4,4,4,4,2,1,2,2,4,3,0,0,TRUE
Male,Loyal Customer,60,Personal Travel,Business,210,2,2,2,3,5,4,3,1,1,2,1,1,1,2.15,0,0,FALSE
Female,Loyal Customer,52,Business Travel,Business,2898,4,4,4,4,5,4,4,5,5,5,5,4,4,4.38,0,0,TRUE
Female,Disloyal Customer,23,Business Travel,Eco,264,0,0,0,4,4,0,4,4,4,2,4,1,4,2.38,0,0,TRUE
Male,Loyal Customer,22,Business Travel,Business,677,4,4,4,4,4,4,4,4,4,3,4,4,4,3.92,120,122,FALSE
Male,Loyal Customer,56,Business Travel,Business,2757,3,3,3,3,3,5,4,4,4,4,5,4,5,3.85,28,11,TRUE
Male,Loyal Customer,59,Business Travel,Business,3499,3,3,3,3,4,5,5,4,4,4,4,5,3,3.85,0,0,TRUE
Male,Disloyal Customer,26,Business Travel,Business,794,3,4,4,3,5,4,3,5,2,2,3,3,5,3.54,14,71,FALSE
Female,Loyal Customer,45,Business Travel,Eco,972,5,2,2,2,4,5,5,5,5,5,5,2,5,4,0,0,TRUE
Male,Disloyal Customer,24,Business Travel,Eco,206,5,4,5,1,2,5,4,2,2,3,1,4,2,3.08,6,3,TRUE
Male,Loyal Customer,50,Business Travel,Eco,1620,3,4,4,4,3,3,3,3,1,3,4,4,3,3.23,0,0,FALSE
Female,Loyal Customer,12,Personal Travel,Eco,1034,2,2,2,3,2,2,2,2,4,2,2,2,2,2.23,16,0,FALSE
Female,Disloyal Customer,37,Business Travel,Business,591,1,1,1,4,3,1,3,3,3,4,4,5,3,2.77,3,0,FALSE
Male,Loyal Customer,31,Business Travel,Business,2363,2,5,5,5,2,2,2,2,3,5,4,2,2,3.15,14,11,FALSE
Female,Disloyal Customer,19,Business Travel,Eco,1235,4,4,4,4,3,4,3,3,1,2,4,1,3,3.08,0,0,FALSE
Male,Loyal Customer,59,Business Travel,Eco,1121,4,4,4,4,4,4,4,4,1,5,1,3,4,3.54,0,0,TRUE
Female,Loyal Customer,19,Business Travel,Business,1617,2,2,2,2,5,5,4,5,4,3,5,5,5,3.77,0,0,TRUE
Female,Loyal Customer,37,Personal Travel,Eco,373,4,4,4,3,1,4,1,1,3,5,5,5,1,3.15,0,0,FALSE
Female,Disloyal Customer,35,Business Travel,Eco,867,2,2,2,4,4,2,4,4,2,3,5,5,4,3.31,4,0,FALSE
Male,Disloyal Customer,29,Business Travel,Eco,569,4,3,4,3,2,4,2,2,3,3,4,1,2,2.85,0,0,FALSE
Female,Loyal Customer,24,Business Travel,Business,3453,4,4,4,4,5,5,5,5,1,3,5,2,5,4,0,0,TRUE
Male,Loyal Customer,46,Personal Travel,Eco,493,5,4,5,3,2,5,1,2,4,2,4,3,2,3.23,0,0,TRUE
Male,Loyal Customer,54,Business Travel,Business,3648,2,2,2,2,5,4,4,4,4,4,4,4,4,3.46,0,5,TRUE
Male,Loyal Customer,40,Personal Travel,Eco,859,2,0,2,4,4,2,4,4,5,3,5,5,4,3.38,7,0,FALSE
Male,Loyal Customer,55,Business Travel,Business,1188,1,1,1,1,3,5,5,5,5,5,5,4,4,3.46,0,0,TRUE
Male,Loyal Customer,54,Business Travel,Eco,812,3,1,1,1,3,3,3,3,4,5,3,4,3,2.85,3,0,FALSE
Male,Loyal Customer,25,Business Travel,Business,777,2,2,2,2,2,2,2,2,1,2,3,3,2,2.08,0,0,FALSE
Male,Loyal Customer,39,Business Travel,Business,2045,2,2,2,2,3,4,2,4,4,4,4,1,3,2.85,0,19,TRUE
Female,Loyal Customer,53,Business Travel,Business,2739,5,1,1,1,5,2,3,5,5,4,5,3,3,3.31,0,0,FALSE
Male,Loyal Customer,42,Business Travel,Business,304,5,5,5,5,4,5,3,5,5,5,5,2,5,4.54,0,0,TRUE
Male,Loyal Customer,60,Business Travel,Business,1340,1,1,3,1,5,4,5,4,4,4,4,5,3,3.38,8,2,TRUE
Male,Loyal Customer,23,Business Travel,Business,3337,5,5,5,5,4,4,4,4,3,5,4,4,4,4.31,29,22,TRUE
Female,Loyal Customer,21,Personal Travel,Eco,435,3,5,4,3,3,4,4,3,4,4,4,4,3,3.69,0,0,FALSE
Female,Loyal Customer,43,Business Travel,Eco,303,4,2,2,2,5,5,3,3,3,4,3,4,3,3.31,0,11,TRUE
Male,Loyal Customer,15,Business Travel,Eco Plus,691,3,5,5,5,3,3,2,3,3,3,4,1,3,3.31,8,0,FALSE
Female,Disloyal Customer,22,Business Travel,Eco,970,1,1,1,3,3,1,3,3,3,4,5,1,3,2.46,77,71,FALSE
Female,Loyal Customer,62,Personal Travel,Eco,821,3,1,3,4,1,3,4,3,3,3,3,4,4,3,0,2,FALSE
Male,Loyal Customer,30,Business Travel,Business,1973,1,1,1,1,3,3,3,3,4,4,4,5,3,2.77,9,0,TRUE
Female,Disloyal Customer,39,Business Travel,Business,946,3,3,3,3,2,3,2,2,4,1,3,1,2,2.46,23,19,FALSE
Female,Loyal Customer,50,Business Travel,Business,2194,3,2,3,3,5,5,5,5,5,5,5,3,4,4.08,1,0,TRUE
Male,Loyal Customer,57,Personal Travel,Eco,666,4,2,4,3,2,4,1,2,4,1,3,2,2,2.62,6,2,FALSE
Female,Loyal Customer,66,Personal Travel,Business,468,2,5,5,2,4,5,5,3,3,5,3,4,3,3.77,65,70,FALSE
Female,Loyal Customer,31,Personal Travel,Eco,685,2,4,2,4,1,2,1,1,4,5,4,4,1,2.69,24,28,FALSE
Male,Loyal Customer,47,Business Travel,Business,247,2,4,4,4,1,2,2,2,2,2,2,2,3,2.46,0,0,FALSE
Female,Loyal Customer,52,Business Travel,Business,3427,2,3,3,3,5,3,3,2,2,1,2,3,1,2.54,6,0,FALSE
Male,Disloyal Customer,37,Business Travel,Business,599,2,2,2,1,4,2,4,4,4,3,5,4,4,3.15,0,0,FALSE
Male,Loyal Customer,35,Business Travel,Eco,302,3,4,4,4,3,3,3,3,1,1,3,2,3,2.85,26,7,FALSE
Female,Disloyal Customer,30,Business Travel,Business,2342,2,2,2,4,2,4,4,3,5,5,4,4,4,3.46,0,0,FALSE
Male,Loyal Customer,60,Business Travel,Business,3652,3,3,3,3,3,4,4,2,2,2,2,3,3,2.85,0,0,TRUE
Male,Disloyal Customer,14,Business Travel,Eco,502,2,1,2,4,1,2,1,1,1,5,4,1,1,2,0,16,FALSE
Female,Disloyal Customer,16,Business Travel,Eco,357,1,2,0,3,3,0,3,3,1,4,3,4,3,2.31,0,0,FALSE
Male,Loyal Customer,23,Business Travel,Business,570,1,1,1,1,3,4,3,3,4,2,5,4,3,2.69,14,0,TRUE
Female,Disloyal Customer,23,Business Travel,Eco,1178,1,1,1,3,3,1,3,3,1,3,2,3,3,2.15,0,0,FALSE
Male,Loyal Customer,66,Personal Travel,Business,919,4,4,4,1,3,5,4,1,1,4,1,4,3,3,74,61,FALSE
Female,Loyal Customer,41,Personal Travel,Eco,680,2,4,2,2,4,2,4,4,3,3,4,3,4,3.15,43,21,FALSE
Male,Disloyal Customer,30,Business Travel,Business,213,2,2,2,4,1,2,1,1,2,5,3,3,1,2.23,0,0,FALSE
Male,Loyal Customer,53,Personal Travel,Eco,372,3,3,3,3,5,3,1,5,2,3,3,1,5,3.08,0,0,FALSE
Male,Loyal Customer,39,Business Travel,Business,588,2,2,2,2,5,4,4,5,5,5,5,3,4,3.69,0,0,TRUE
Male,Loyal Customer,59,Business Travel,Eco,332,5,5,5,5,5,5,5,5,2,4,2,1,5,4.15,0,0,TRUE
Male,Loyal Customer,14,Personal Travel,Eco,227,3,5,0,1,5,0,5,5,1,2,5,3,5,3.08,0,0,FALSE
Female,Loyal Customer,31,Business Travel,Business,1005,1,3,3,3,1,1,1,1,4,4,3,3,1,2.23,0,0,FALSE
Male,Loyal Customer,31,Personal Travel,Eco,569,4,5,4,5,4,4,4,4,4,2,5,4,4,4.08,26,13,FALSE
Male,Loyal Customer,55,Personal Travel,Eco,1919,2,3,2,3,4,2,4,4,1,5,3,2,4,3,0,0,FALSE
Male,Loyal Customer,26,Personal Travel,Eco,874,3,3,3,3,4,3,1,4,1,1,2,3,4,2.69,2,2,FALSE
Female,Loyal Customer,54,Business Travel,Eco Plus,101,5,4,4,4,2,4,5,5,5,5,5,2,4,4.15,0,3,TRUE
Female,Disloyal Customer,33,Business Travel,Business,631,3,3,3,1,3,3,3,3,3,2,4,4,3,2.92,0,0,FALSE
Male,Loyal Customer,48,Business Travel,Business,2400,4,4,4,4,4,4,5,4,4,4,4,4,4,4.08,10,0,TRUE
Female,Loyal Customer,46,Business Travel,Business,157,5,5,5,5,3,4,5,5,5,5,5,4,5,4.69,0,0,TRUE
Male,Loyal Customer,37,Personal Travel,Eco,452,2,5,2,2,2,2,2,2,3,3,4,5,2,2.77,18,4,FALSE
Female,Disloyal Customer,33,Business Travel,Business,327,2,2,2,3,4,2,4,4,5,5,4,5,4,3.54,79,99,FALSE
Male,Loyal Customer,8,Personal Travel,Eco Plus,488,1,4,1,2,1,1,1,1,4,5,4,4,1,2.31,0,0,FALSE
Female,Loyal Customer,45,Business Travel,Business,1431,2,2,2,2,2,5,4,4,4,4,4,5,5,3.46,0,0,TRUE
Male,Loyal Customer,58,Business Travel,Business,2214,4,4,4,4,2,4,5,5,5,5,5,3,3,4.08,86,81,TRUE
Female,Disloyal Customer,36,Business Travel,Eco,1104,4,4,4,3,1,4,1,1,4,3,1,4,1,2.69,4,0,FALSE
Female,Disloyal Customer,36,Business Travel,Eco,597,3,0,2,3,4,2,4,4,5,3,4,5,4,3.31,0,0,FALSE
Male,Loyal Customer,56,Business Travel,Business,1389,2,3,2,2,2,4,4,4,4,4,4,3,4,3.23,0,0,TRUE
Male,Loyal Customer,38,Business Travel,Business,1504,1,4,4,4,4,3,4,1,1,1,1,4,3,2.69,0,0,FALSE
Female,Loyal Customer,66,Personal Travel,Business,396,1,5,4,4,4,5,5,1,1,4,1,3,3,3.15,0,0,FALSE
Female,Loyal Customer,60,Business Travel,Business,2186,4,3,3,3,5,4,3,2,2,2,4,2,3,3.08,0,0,FALSE
Male,Loyal Customer,59,Personal Travel,Business,1069,2,5,2,3,3,5,4,1,1,2,1,4,3,2.77,11,10,FALSE
Female,Loyal Customer,21,Business Travel,Business,1592,4,4,4,4,5,5,5,5,4,4,3,3,5,4.23,0,0,TRUE
Male,Loyal Customer,31,Personal Travel,Eco,581,3,5,3,5,3,3,3,3,3,5,5,4,3,3.69,3,13,FALSE
Female,Loyal Customer,44,Business Travel,Eco,756,4,5,5,5,3,3,4,4,4,4,4,2,3,3.85,7,6,FALSE
Male,Loyal Customer,27,Personal Travel,Eco,2306,3,4,3,5,5,3,3,5,5,3,5,4,5,4.08,0,0,FALSE
Male,Loyal Customer,38,Personal Travel,Eco,868,3,3,3,3,1,3,1,1,1,4,3,2,1,2.23,0,0,FALSE
Female,Disloyal Customer,17,Business Travel,Eco,780,2,2,2,4,2,2,2,2,2,2,3,4,2,2.38,16,12,FALSE
Female,Loyal Customer,7,Personal Travel,Eco,309,1,3,5,3,4,5,4,4,1,5,4,1,4,3.38,29,21,FALSE
Male,Loyal Customer,50,Business Travel,Eco,515,3,4,4,4,3,3,3,3,1,1,3,3,3,2.92,0,0,FALSE
Female,Loyal Customer,38,Business Travel,Business,2235,1,1,1,1,2,4,4,5,5,5,5,1,3,2.92,41,51,TRUE
Female,Loyal Customer,21,Personal Travel,Business,444,2,2,4,3,2,4,3,2,2,2,3,3,2,2.62,0,0,FALSE
Female,Disloyal Customer,63,Personal Travel,Eco,446,3,5,3,3,5,3,1,5,3,4,5,3,5,3.69,0,0,FALSE
Female,Loyal Customer,29,Personal Travel,Eco,862,2,1,2,3,5,2,5,5,2,5,3,2,5,3.23,42,43,FALSE
Male,Loyal Customer,56,Personal Travel,Eco,190,2,5,0,4,3,0,3,3,5,3,4,4,3,3,0,0,FALSE
Male,Loyal Customer,39,Business Travel,Business,3633,4,4,3,4,4,5,5,4,4,4,4,5,4,4.15,0,0,TRUE
Male,Loyal Customer,25,Business Travel,Business,992,1,1,5,1,1,1,1,1,1,3,3,4,1,1.85,11,7,FALSE
Male,Loyal Customer,65,Business Travel,Business,2610,3,5,5,5,3,3,3,2,3,4,3,3,3,3.46,259,256,FALSE
Male,Disloyal Customer,39,Business Travel,Business,817,3,3,3,3,4,3,4,4,4,3,4,3,4,3.46,0,0,FALSE
Male,Loyal Customer,63,Business Travel,Eco,337,4,1,1,1,4,4,4,4,2,5,5,3,4,3.23,0,0,TRUE
Male,Loyal Customer,17,Personal Travel,Eco,280,1,5,1,3,1,1,1,1,2,3,3,4,1,2.08,0,0,FALSE
Male,Loyal Customer,66,Personal Travel,Eco,919,5,4,5,4,2,5,2,2,4,4,1,1,2,3.15,8,0,TRUE
Male,Disloyal Customer,37,Business Travel,Business,220,1,1,1,3,4,1,5,4,2,4,3,3,4,2.77,45,43,FALSE
Male,Loyal Customer,38,Personal Travel,Eco,369,3,3,3,3,4,3,5,4,5,3,1,4,4,3.46,26,42,FALSE
Female,Loyal Customer,50,Business Travel,Business,2005,3,3,3,3,5,3,3,3,3,3,3,4,1,3.08,0,0,FALSE
Male,Loyal Customer,32,Business Travel,Business,680,3,1,1,1,3,3,3,3,2,5,3,4,3,2.69,0,6,FALSE
Male,Loyal Customer,19,Business Travel,Business,489,3,3,3,3,3,3,3,3,3,1,2,3,3,2.77,36,31,FALSE
Male,Loyal Customer,18,Personal Travel,Eco,259,3,5,3,4,2,3,3,2,4,1,1,2,2,2.69,1,0,FALSE
Male,Loyal Customer,44,Business Travel,Business,591,4,4,4,4,2,5,4,5,5,5,5,5,4,4.31,0,0,TRUE
Male,Loyal Customer,29,Personal Travel,Eco,457,2,4,2,3,1,2,1,1,3,3,4,4,1,2.38,61,61,FALSE
Female,Disloyal Customer,38,Business Travel,Business,362,1,1,1,1,3,1,3,3,3,2,4,4,3,2.31,0,0,FALSE
Female,Disloyal Customer,39,Business Travel,Business,296,3,3,3,4,3,3,3,3,1,2,3,1,3,2.69,0,0,FALSE
Male,Loyal Customer,40,Business Travel,Business,3801,3,3,3,3,5,5,5,1,3,5,4,5,5,3.85,0,0,TRUE
Male,Loyal Customer,59,Business Travel,Business,2011,2,5,5,5,2,2,2,2,2,2,2,3,1,2.69,26,13,FALSE
Female,Loyal Customer,51,Business Travel,Business,604,1,1,1,1,2,4,5,5,5,5,5,3,3,3.15,0,0,TRUE
Female,Loyal Customer,31,Personal Travel,Business,1126,2,2,2,3,3,2,3,3,2,3,4,3,3,2.69,5,1,FALSE
Male,Disloyal Customer,41,Business Travel,Eco,568,4,0,4,5,5,4,5,5,4,3,4,1,5,3.77,0,8,TRUE
Female,Loyal Customer,70,Personal Travel,Eco,991,1,4,1,1,3,4,4,5,5,1,5,3,3,3.08,27,41,FALSE
Male,Loyal Customer,32,Business Travel,Business,3851,1,5,5,5,1,1,1,1,3,2,3,4,1,2.54,37,50,FALSE
Male,Loyal Customer,60,Business Travel,Business,723,5,5,5,5,5,5,4,5,5,5,5,3,3,4.62,1,0,TRUE
Female,Loyal Customer,36,Business Travel,Eco,1521,5,1,2,1,5,5,5,5,5,5,1,5,5,3.85,30,30,TRUE
Female,Loyal Customer,49,Business Travel,Business,3517,1,1,1,1,5,5,2,4,4,4,4,1,5,2.92,27,28,TRUE
Male,Loyal Customer,38,Business Travel,Eco,363,5,3,1,1,5,4,5,5,1,5,5,4,5,3.77,0,0,TRUE
Male,Loyal Customer,56,Business Travel,Business,814,4,4,4,4,2,4,5,4,4,4,4,5,4,4,37,21,TRUE
Female,Loyal Customer,24,Personal Travel,Eco,2176,2,2,2,3,1,2,5,1,2,3,4,2,1,2.31,0,0,FALSE
Female,Loyal Customer,33,Business Travel,Business,2235,2,2,2,2,5,4,5,5,5,5,5,3,5,3.85,0,0,TRUE
Female,Loyal Customer,37,Business Travel,Business,522,4,1,1,1,2,2,2,4,4,4,4,4,1,2.62,0,0,FALSE
Female,Loyal Customer,31,Business Travel,Business,616,1,4,4,4,1,2,1,1,4,3,3,3,1,2.46,51,41,FALSE
Female,Loyal Customer,38,Business Travel,Business,294,3,3,2,3,1,3,1,4,4,4,4,5,2,3,2,0,TRUE
Male,Loyal Customer,21,Personal Travel,Eco,672,1,1,0,3,2,0,2,2,4,1,3,1,2,1.69,54,48,FALSE
Male,Disloyal Customer,25,Business Travel,Eco,645,3,0,3,5,3,3,3,3,4,2,4,5,3,3.15,0,0,FALSE
Male,Loyal Customer,15,Personal Travel,Eco,862,3,3,3,4,4,3,4,4,3,3,3,4,4,3.46,10,1,FALSE
Male,Loyal Customer,24,Business Travel,Eco,985,2,1,1,1,2,2,2,2,3,3,3,1,2,1.92,0,0,FALSE
Male,Loyal Customer,46,Business Travel,Business,515,2,2,2,2,4,5,4,5,5,5,5,5,5,3.92,0,0,TRUE
Male,Loyal Customer,57,Business Travel,Business,3852,3,3,3,3,5,4,5,4,4,4,4,4,3,3.77,89,75,TRUE
Female,Loyal Customer,44,Business Travel,Business,2422,2,5,5,5,4,4,3,2,2,2,2,3,2,3.15,2,0,FALSE
Male,Disloyal Customer,31,Business Travel,Eco Plus,1235,2,2,2,3,5,2,5,5,1,4,3,4,5,3.31,55,21,FALSE
Male,Loyal Customer,36,Personal Travel,Eco,503,2,5,4,4,5,4,5,5,4,3,4,3,5,4.08,0,,FALSE
Male,Loyal Customer,40,Business Travel,Business,3712,5,5,5,5,3,5,4,4,4,4,4,3,3,4.15,0,0,TRUE
Male,Loyal Customer,63,Business Travel,Business,409,1,3,3,3,4,3,4,1,1,1,1,3,3,2.38,0,0,FALSE
Female,Loyal Customer,54,Business Travel,Business,3910,4,4,1,4,5,4,4,4,4,4,4,4,4,3.85,0,0,TRUE
Female,Loyal Customer,69,Personal Travel,Business,954,1,5,1,2,4,3,1,2,2,1,5,1,3,2.38,18,17,FALSE
Male,Loyal Customer,48,Business Travel,Eco,589,3,1,1,1,4,3,4,4,5,4,3,5,4,3.23,0,0,TRUE
Female,Loyal Customer,40,Business Travel,Business,1037,2,2,2,2,3,5,4,5,5,5,5,3,3,3.54,48,35,TRUE
Female,Loyal Customer,19,Personal Travel,Eco,1056,2,4,2,4,5,2,5,5,1,1,3,5,5,3.38,22,32,FALSE
Male,Loyal Customer,48,Business Travel,Eco,1121,5,1,1,1,5,5,5,5,1,5,2,4,5,3.46,25,27,TRUE
Female,Loyal Customer,54,Business Travel,Business,719,1,1,1,1,2,5,4,5,5,5,5,3,3,3.15,3,0,TRUE
Female,Loyal Customer,65,Business Travel,Business,2650,2,2,2,2,4,4,4,3,3,3,2,3,3,2.85,9,19,FALSE
Female,Loyal Customer,51,Business Travel,Business,3479,5,5,5,5,2,3,3,4,4,4,5,3,3,3.92,0,0,TRUE
Female,Loyal Customer,67,Personal Travel,Eco,164,2,5,2,4,4,4,5,2,2,2,1,4,3,3.08,17,27,FALSE
Female,Loyal Customer,43,Business Travel,Business,1488,5,2,5,5,2,4,5,4,4,4,4,4,5,4.08,3,11,TRUE
Female,Disloyal Customer,27,Business Travel,Business,1444,5,5,5,1,5,5,5,5,3,2,5,5,5,4.31,71,47,TRUE
Female,Disloyal Customer,15,Business Travel,Eco,674,3,3,3,3,3,4,3,1,4,3,3,3,3,3,187,160,FALSE
Male,Loyal Customer,37,Personal Travel,Eco,1846,3,1,3,4,5,3,5,5,2,4,3,2,5,3.46,1,0,FALSE
Male,Loyal Customer,25,Business Travel,Business,1235,1,1,1,1,2,2,2,2,4,3,4,5,2,2.31,12,1,TRUE
Female,Loyal Customer,9,Business Travel,Business,2917,3,3,3,3,4,4,4,4,4,4,5,4,4,3.77,0,0,TRUE
Female,Loyal Customer,8,Personal Travel,Eco Plus,1825,3,1,3,3,4,3,2,4,4,3,3,4,4,3.15,0,0,FALSE
Male,Loyal Customer,54,Business Travel,Business,484,3,3,3,3,3,5,5,5,5,5,5,5,5,4.23,0,1,TRUE
Female,Disloyal Customer,25,Business Travel,Eco,259,3,2,3,4,4,3,4,4,2,2,3,2,4,3.08,70,66,FALSE
Female,Loyal Customer,31,Business Travel,Eco Plus,234,2,1,1,1,2,2,2,2,4,2,3,1,2,1.92,0,0,FALSE
Male,Loyal Customer,59,Business Travel,Eco,315,3,4,4,4,3,3,3,3,4,5,3,4,3,3.54,118,113,FALSE
Female,Loyal Customer,38,Business Travel,Business,451,3,3,3,3,2,4,5,5,5,5,5,5,3,3.92,21,11,TRUE
Male,Loyal Customer,50,Personal Travel,Eco,1999,3,1,4,4,2,4,2,2,1,2,2,1,2,2.31,12,22,FALSE
Female,Loyal Customer,62,Personal Travel,Eco,907,2,3,2,3,2,4,3,2,2,2,2,1,1,2.23,0,0,FALSE
Male,Loyal Customer,53,Business Travel,Eco,337,3,5,5,5,3,3,3,3,1,4,2,4,3,3.38,1,0,FALSE
Female,Loyal Customer,16,Personal Travel,Eco,620,2,3,2,2,4,2,4,4,2,2,3,2,4,2.77,0,10,FALSE
Male,Disloyal Customer,24,Business Travel,Eco,1247,3,3,3,2,4,3,1,4,5,5,3,4,4,3.38,0,0,FALSE
Female,Loyal Customer,68,Personal Travel,Eco,1460,4,5,4,1,3,4,4,5,5,4,3,4,3,3.77,52,36,FALSE
Female,Loyal Customer,39,Business Travel,Business,3406,2,2,5,2,4,5,5,2,2,2,2,4,4,3.15,0,0,TRUE
Male,Loyal Customer,28,Business Travel,Business,1790,0,0,0,2,5,3,3,5,5,4,5,5,5,3.23,0,0,TRUE
Male,Loyal Customer,22,Personal Travel,Eco,710,4,4,4,2,2,4,2,2,1,3,5,4,2,3,0,0,TRUE
Male,Disloyal Customer,26,Business Travel,Business,164,2,5,3,4,5,3,5,5,3,2,4,3,5,3.77,0,0,FALSE
Male,Loyal Customer,48,Business Travel,Business,888,2,2,2,2,3,5,5,5,5,5,5,5,5,3.92,0,0,TRUE
Female,Loyal Customer,29,Business Travel,Business,2585,2,2,2,2,4,4,4,5,3,4,4,4,4,3.38,0,0,TRUE
Male,Loyal Customer,69,Personal Travel,Eco,2556,5,4,5,1,4,5,3,4,1,3,5,3,4,3.62,0,0,TRUE
Female,Loyal Customer,48,Business Travel,Eco,1788,3,3,3,3,5,3,3,4,4,3,4,4,4,3.54,0,16,FALSE
Male,Loyal Customer,68,Business Travel,Business,3190,1,1,5,1,3,4,4,3,3,4,3,4,5,3.15,7,2,TRUE
Female,Loyal Customer,59,Business Travel,Eco Plus,308,5,4,4,4,4,3,5,5,5,5,5,4,1,4.15,117,110,TRUE
Female,Loyal Customer,16,Personal Travel,Eco,224,3,5,3,2,1,3,2,1,4,5,4,5,1,3,0,3,FALSE
Male,Disloyal Customer,25,Business Travel,Business,1379,5,0,5,3,3,5,1,3,4,4,4,3,3,3.31,16,0,TRUE
Male,Loyal Customer,25,Business Travel,Business,2791,3,2,2,2,3,3,3,3,1,4,2,4,3,2.69,0,0,FALSE
Female,Loyal Customer,22,Business Travel,Eco,605,2,1,1,1,2,2,2,2,4,2,4,2,2,2.08,8,0,FALSE
Male,Loyal Customer,45,Personal Travel,Eco,693,2,4,2,2,5,2,5,5,4,2,4,3,5,3.46,0,0,FALSE
Female,Loyal Customer,43,Business Travel,Business,2279,3,3,3,3,2,4,4,4,4,4,4,3,5,3.54,0,0,TRUE
Female,Loyal Customer,51,Personal Travel,Eco,1744,3,4,3,1,5,5,4,5,5,3,5,4,5,4,8,10,FALSE
Female,Loyal Customer,52,Personal Travel,Business,925,2,4,3,5,2,1,4,1,1,3,1,3,4,2.62,0,0,FALSE
Male,Loyal Customer,17,Business Travel,Business,2233,4,4,4,4,4,4,4,4,5,5,1,3,4,3.85,0,0,TRUE
Male,Loyal Customer,31,Personal Travel,Eco Plus,212,1,0,1,3,4,1,4,4,5,3,5,4,4,3,101,97,FALSE
Female,Loyal Customer,59,Personal Travel,Eco,1771,4,2,4,3,2,3,3,3,3,4,3,1,2,2.85,0,1,FALSE
Female,Loyal Customer,46,Business Travel,Business,1609,2,3,2,2,5,5,4,5,5,4,5,5,5,4,0,0,TRUE
Female,Loyal Customer,37,Personal Travel,Eco,2475,3,4,3,2,3,5,5,4,4,3,4,5,5,3.85,0,5,FALSE
Female,Loyal Customer,66,Business Travel,Business,799,3,5,2,5,1,3,4,3,3,3,3,1,3,3,53,48,FALSE
Female,Disloyal Customer,29,Business Travel,Eco,406,4,1,4,4,1,4,1,1,2,1,3,4,1,2.38,47,39,FALSE
Female,Loyal Customer,24,Business Travel,Business,819,3,3,3,3,5,5,5,5,3,4,4,4,5,4,0,0,TRUE
Female,Loyal Customer,55,Business Travel,Business,3874,4,5,5,5,2,3,4,4,4,4,4,3,1,3.69,4,0,FALSE
Male,Disloyal Customer,26,Business Travel,Business,1072,0,0,0,5,2,0,1,2,4,4,4,4,2,2.15,3,0,TRUE
Female,Disloyal Customer,20,Business Travel,Business,468,1,4,1,4,2,1,2,2,4,1,4,3,2,2.38,0,1,FALSE
Male,Loyal Customer,31,Business Travel,Business,2399,3,3,3,3,4,4,4,4,3,4,4,3,4,3.54,0,0,TRUE
Male,Loyal Customer,40,Business Travel,Business,2860,2,2,2,2,2,4,4,5,5,5,4,4,3,3.38,17,28,TRUE
Female,Disloyal Customer,23,Business Travel,Eco,2075,2,2,2,3,4,2,4,4,4,3,3,1,4,2.92,0,0,FALSE
Male,Loyal Customer,45,Business Travel,Eco,712,2,2,2,2,2,2,2,2,3,5,3,3,2,2.46,0,0,FALSE
Female,Loyal Customer,22,Personal Travel,Business,1605,4,4,4,4,4,4,4,4,4,4,3,5,4,4,53,38,FALSE
Female,Disloyal Customer,25,Business Travel,Business,562,2,0,2,1,4,2,4,4,5,5,4,5,4,3.23,6,0,FALSE
Male,Disloyal Customer,25,Business Travel,Business,446,1,4,1,1,1,1,1,1,4,3,4,4,1,2.08,0,0,FALSE
Female,Loyal Customer,71,Business Travel,Business,545,3,3,3,3,5,2,3,3,3,3,3,4,3,3.15,1,21,FALSE
Female,Loyal Customer,62,Business Travel,Business,2208,1,1,1,1,5,4,5,4,4,4,4,5,2,3.15,0,0,TRUE
Male,Disloyal Customer,23,Business Travel,Eco,409,1,2,1,3,3,1,3,3,1,4,4,2,3,2.38,15,15,FALSE
Male,Loyal Customer,58,Personal Travel,Eco Plus,1009,3,4,3,4,1,3,1,1,4,2,5,2,1,2.62,0,0,FALSE
Female,Loyal Customer,21,Personal Travel,Eco,1874,4,1,4,2,3,4,3,3,4,4,3,3,3,3.15,0,19,FALSE
Female,Loyal Customer,68,Business Travel,Business,3302,3,5,5,5,5,3,4,4,4,4,3,4,3,4,0,0,FALSE
Female,Loyal Customer,51,Personal Travel,Eco,978,4,4,4,1,2,5,5,3,3,4,1,5,5,3.54,0,0,FALSE
Female,Loyal Customer,28,Personal Travel,Eco,1747,2,5,2,1,2,2,2,2,4,2,4,3,2,2.54,0,0,FALSE
Female,Loyal Customer,42,Business Travel,Business,3927,3,1,3,1,2,4,3,3,3,3,3,3,3,2.69,0,0,FALSE
Male,Loyal Customer,49,Business Travel,Business,1325,4,4,4,4,3,5,5,4,4,4,4,5,3,4.08,0,0,TRUE
Female,Loyal Customer,45,Personal Travel,Eco,473,3,1,3,4,4,3,4,3,3,3,3,3,1,2.92,0,0,FALSE
Male,Loyal Customer,42,Business Travel,Business,3762,2,2,2,2,5,5,1,5,5,5,4,1,2,3.15,0,0,TRUE
Male,Disloyal Customer,24,Business Travel,Eco,1096,3,3,3,4,1,3,1,1,2,5,4,2,1,2.54,0,0,FALSE
Male,Loyal Customer,16,Business Travel,Business,223,1,1,1,1,4,4,4,4,5,3,3,4,4,3,2,0,TRUE
Female,Loyal Customer,57,Business Travel,Business,432,5,5,4,5,5,4,4,5,5,5,5,5,5,4.77,11,1,TRUE
Female,Disloyal Customer,45,Business Travel,Eco,1165,3,3,3,2,3,3,1,3,2,5,3,3,3,2.85,25,7,FALSE
Female,Loyal Customer,57,Business Travel,Business,1956,4,4,4,4,2,4,5,2,2,2,2,5,5,3.46,0,0,TRUE
Female,Disloyal Customer,34,Business Travel,Eco,253,1,0,1,2,2,1,4,2,4,3,4,2,2,2.15,0,0,FALSE
Female,Loyal Customer,35,Personal Travel,Eco,1024,3,5,3,2,2,3,2,2,4,4,4,4,2,3.08,20,15,FALSE
Female,Loyal Customer,55,Business Travel,Eco,1149,1,4,4,4,3,3,3,1,1,1,1,4,4,2.62,0,0,FALSE
Male,Loyal Customer,33,Business Travel,Business,2456,4,4,4,4,4,4,4,4,3,5,5,4,4,4.08,33,24,TRUE
Male,Loyal Customer,55,Personal Travel,Eco,1020,3,0,2,4,4,2,4,4,3,4,4,3,4,3.15,8,16,FALSE
Female,Loyal Customer,35,Business Travel,Eco,288,1,5,5,5,1,1,1,1,3,2,2,2,1,2.31,66,61,FALSE
Male,Loyal Customer,57,Business Travel,Business,2659,5,5,5,5,5,5,5,4,4,4,4,5,4,4.62,52,36,TRUE
Female,Loyal Customer,35,Business Travel,Business,3562,2,2,2,2,3,5,4,5,5,5,5,5,3,3.69,0,0,TRUE
Male,Loyal Customer,54,Business Travel,Business,157,3,3,3,3,2,4,4,5,5,5,4,4,4,3.77,0,2,TRUE
Male,Loyal Customer,39,Personal Travel,Eco Plus,760,3,5,3,4,4,3,2,4,4,5,4,3,4,3.69,0,0,FALSE
Male,Loyal Customer,56,Business Travel,Business,1946,5,1,5,5,3,5,4,2,2,2,2,4,5,3.46,5,2,TRUE
Male,Loyal Customer,58,Business Travel,Business,2203,1,3,3,3,3,2,3,1,1,1,1,2,2,2,30,36,FALSE
Female,Disloyal Customer,18,Business Travel,Eco,529,3,3,3,4,5,3,1,5,1,5,4,2,5,3.38,0,0,FALSE
Male,Loyal Customer,21,Business Travel,Eco,948,5,1,1,1,5,5,5,5,4,2,1,5,5,3.46,0,0,TRUE
Female,Loyal Customer,37,Business Travel,Eco,373,3,2,3,2,3,3,3,3,1,4,2,2,3,2.62,0,0,TRUE
Male,Loyal Customer,52,Business Travel,Business,110,0,3,0,3,5,4,3,1,1,1,1,3,4,2.23,0,6,TRUE
Female,Loyal Customer,34,Business Travel,Business,728,1,1,1,1,3,5,5,4,4,4,4,3,5,3.15,0,0,TRUE
Female,Loyal Customer,57,Business Travel,Business,1771,1,1,1,1,3,4,5,5,5,5,5,3,5,3.38,1,0,TRUE
Female,Disloyal Customer,22,Business Travel,Eco,223,1,4,1,3,5,1,5,5,2,2,4,2,5,3.08,0,0,FALSE
Female,Loyal Customer,45,Business Travel,Business,899,3,5,5,5,2,3,3,3,3,3,3,3,4,3.46,19,43,FALSE
Male,Loyal Customer,53,Business Travel,Business,409,4,4,4,4,5,4,5,3,3,3,3,4,3,3.77,64,45,TRUE
Female,Disloyal Customer,30,Business Travel,Eco Plus,588,4,4,4,4,4,4,5,4,2,1,3,1,4,3.38,24,19,FALSE
Female,Loyal Customer,58,Business Travel,Business,1460,5,5,5,5,5,5,4,5,5,5,5,4,3,4.69,4,5,TRUE
Female,Loyal Customer,41,Business Travel,Business,192,4,3,5,3,4,4,4,2,2,2,4,1,3,3.15,0,0,FALSE
Male,Loyal Customer,55,Business Travel,Business,1520,2,2,2,2,3,5,5,5,5,5,5,4,4,3.77,0,0,TRUE
Male,Loyal Customer,52,Business Travel,Business,429,2,2,2,2,4,5,5,5,5,5,5,4,5,3.92,0,0,TRUE
Female,Disloyal Customer,17,Business Travel,Eco,404,3,0,3,2,1,3,1,1,3,3,5,1,1,2.08,0,0,FALSE
Female,Disloyal Customer,51,Business Travel,Eco,546,1,4,1,3,4,1,4,4,4,2,2,5,4,3,0,0,FALSE
Male,Loyal Customer,56,Business Travel,Business,1621,4,4,4,4,4,5,5,4,4,5,4,4,4,4.23,0,0,TRUE
Male,Loyal Customer,41,Business Travel,Business,1926,3,3,3,3,5,4,4,4,4,4,4,3,5,3.77,2,18,TRUE
Female,Loyal Customer,30,Business Travel,Business,1069,4,4,4,4,5,5,5,5,5,2,4,2,5,4.15,8,7,TRUE
Female,Loyal Customer,42,Business Travel,Business,3299,1,1,1,1,2,4,4,4,4,4,4,4,4,2.92,0,0,TRUE
Male,Loyal Customer,18,Personal Travel,Eco,920,1,5,1,3,4,1,2,4,4,2,5,4,4,3.08,0,0,FALSE
Male,Loyal Customer,42,Business Travel,Eco,834,3,2,2,2,3,3,3,3,2,1,4,3,3,2.62,0,11,FALSE
Female,Loyal Customer,45,Business Travel,Business,2948,1,1,1,1,2,5,5,4,4,4,4,3,5,3.08,97,100,TRUE
Female,Loyal Customer,40,Personal Travel,Eco,2556,2,3,2,3,2,1,1,2,1,3,2,1,1,1.85,0,25,FALSE
Female,Loyal Customer,40,Personal Travel,Eco,1754,3,1,3,3,5,3,5,5,2,5,3,2,5,3.46,27,34,FALSE
Female,Loyal Customer,60,Business Travel,Business,3495,0,4,0,3,5,3,5,1,1,1,1,1,1,2,0,0,TRUE
Male,Loyal Customer,52,Business Travel,Business,1597,5,5,5,5,4,4,4,5,5,5,5,3,3,4.46,0,0,TRUE
Female,Loyal Customer,12,Personal Travel,Eco,1096,1,4,1,3,1,1,1,1,4,4,3,3,1,2.15,0,0,FALSE
Male,Loyal Customer,35,Business Travel,Eco,780,5,2,2,2,5,5,5,5,4,4,2,4,5,3.85,30,39,TRUE
Male,Loyal Customer,39,Business Travel,Business,1046,4,4,4,4,1,1,5,4,4,5,4,4,5,3.77,23,42,TRUE
Female,Loyal Customer,21,Personal Travel,Eco,1517,3,5,3,2,4,3,4,4,5,4,4,4,4,3.77,0,0,FALSE
Male,Loyal Customer,61,Personal Travel,Eco,1131,3,4,3,2,4,3,4,4,5,5,4,3,4,3.69,0,0,FALSE
Male,Loyal Customer,57,Personal Travel,Eco,813,1,0,1,3,1,1,1,1,1,1,5,2,1,1.46,44,34,FALSE
Female,Loyal Customer,50,Personal Travel,Eco,919,3,4,4,4,2,4,3,2,2,4,2,4,4,3.23,24,32,FALSE
Female,Loyal Customer,12,Personal Travel,Eco,679,3,4,3,4,3,3,3,3,4,4,4,3,3,3.38,80,70,FALSE
Female,Disloyal Customer,38,Business Travel,Business,223,4,5,5,2,4,5,4,4,4,3,4,3,4,3.92,0,0,TRUE
Male,Loyal Customer,48,Business Travel,Business,1514,1,1,1,1,2,4,5,3,3,3,3,3,3,2.54,0,0,TRUE
Female,Loyal Customer,16,Business Travel,Business,1626,3,3,3,3,4,4,4,4,5,3,5,3,4,3.69,0,0,TRUE
Male,Loyal Customer,40,Business Travel,Business,3938,4,4,4,4,2,5,5,4,4,4,4,3,5,4,13,0,TRUE
Female,Loyal Customer,47,Personal Travel,Eco,544,3,3,3,4,3,3,4,1,1,3,1,4,1,2.62,0,0,FALSE
Female,Disloyal Customer,27,Business Travel,Eco,647,4,0,4,4,1,4,1,1,4,3,4,2,1,2.54,0,0,FALSE
Male,Loyal Customer,32,Personal Travel,Eco,674,3,5,3,3,5,3,5,5,3,4,5,5,5,4.15,0,0,FALSE
Female,Loyal Customer,60,Personal Travel,Eco,296,4,1,4,1,2,1,2,2,2,4,2,4,3,2.46,62,59,FALSE
Female,Loyal Customer,43,Business Travel,Business,1707,3,4,4,4,1,4,3,3,3,4,3,1,3,3.08,0,0,FALSE
Male,Disloyal Customer,27,Business Travel,Business,528,3,3,3,1,4,3,4,4,5,5,5,4,4,3.69,46,20,FALSE
Female,Loyal Customer,56,Personal Travel,Eco,223,1,1,1,3,1,4,4,1,1,1,1,2,2,1.77,0,0,FALSE
Female,Loyal Customer,7,Personal Travel,Business,968,4,4,4,3,1,4,1,1,5,4,4,3,1,3,24,10,FALSE
Female,Loyal Customer,60,Business Travel,Business,2773,1,1,1,1,4,5,4,4,4,4,4,5,3,3.15,0,0,TRUE
Male,Loyal Customer,58,Business Travel,Business,1546,3,3,3,3,1,5,2,3,3,3,3,1,4,2.85,0,0,TRUE
Female,Loyal Customer,13,Personal Travel,Eco,114,1,1,0,2,4,0,4,4,2,1,2,4,4,2.23,0,6,FALSE
Female,Loyal Customer,23,Business Travel,Business,3480,4,3,3,3,4,4,4,4,3,5,4,2,4,3.62,10,8,FALSE
Male,Loyal Customer,52,Business Travel,Business,2645,5,5,5,5,3,5,5,3,3,3,3,3,3,3.92,0,0,TRUE
Female,Loyal Customer,34,Business Travel,Business,419,4,4,4,4,4,4,2,4,4,4,4,5,3,3.85,0,0,TRUE
Female,Disloyal Customer,48,Business Travel,Business,1345,5,4,4,3,2,5,2,2,5,5,4,3,2,3.54,0,6,TRUE
Female,Loyal Customer,53,Business Travel,Business,3594,4,4,2,4,3,5,4,2,2,2,2,3,4,3.15,0,0,TRUE
Male,Loyal Customer,45,Business Travel,Business,1809,2,2,2,2,5,5,4,1,1,2,1,5,5,2.85,0,0,TRUE
Male,Loyal Customer,22,Personal Travel,Eco,420,3,4,3,1,3,3,3,3,5,2,2,2,3,2.85,0,0,FALSE
Female,Disloyal Customer,39,Business Travel,Business,224,3,3,3,4,2,3,2,2,4,5,5,3,2,3.15,0,1,FALSE
Female,Loyal Customer,48,Business Travel,Business,1744,2,3,2,2,3,5,5,5,5,5,5,5,5,4,0,0,TRUE
Female,Loyal Customer,39,Personal Travel,Eco,565,0,4,1,3,3,1,1,3,4,2,5,4,3,2.62,0,0,TRUE
Male,Loyal Customer,26,Business Travel,Business,2651,3,3,3,3,3,3,3,3,4,2,5,5,3,3.31,0,3,TRUE
Female,Loyal Customer,29,Personal Travel,Eco,299,4,5,4,2,1,4,5,1,3,3,4,3,1,3.08,2,4,TRUE
Female,Disloyal Customer,24,Business Travel,Eco,738,1,1,1,1,3,1,3,3,5,3,5,4,3,2.62,31,18,FALSE
Male,Loyal Customer,40,Business Travel,Business,2723,2,2,2,2,4,5,4,4,4,4,4,4,5,3.54,7,0,TRUE
Male,Loyal Customer,12,Personal Travel,Eco,312,2,4,2,2,2,2,2,2,3,4,4,5,2,2.77,0,0,FALSE
Male,Loyal Customer,50,Business Travel,Business,247,5,5,5,5,2,5,4,4,4,4,4,5,4,4.31,0,0,TRUE
Female,Disloyal Customer,55,Business Travel,Eco,889,3,3,3,3,3,3,3,3,4,5,3,4,3,3.31,8,10,FALSE
Male,Loyal Customer,46,Business Travel,Business,1829,5,5,5,5,2,5,4,5,5,5,5,4,5,4.62,50,26,TRUE
Female,Loyal Customer,49,Business Travel,Eco,201,4,2,2,2,2,3,3,4,4,4,4,2,4,3.08,0,0,TRUE
Female,Disloyal Customer,20,Business Travel,Eco,986,1,1,1,2,4,1,4,4,3,3,5,4,4,2.85,0,0,FALSE
Female,Disloyal Customer,26,Business Travel,Eco Plus,2402,2,2,2,4,2,2,2,3,2,4,3,2,2,2.46,0,19,FALSE
Male,Loyal Customer,34,Business Travel,Business,2207,5,2,5,5,3,2,3,5,5,5,5,3,2,3.85,0,0,TRUE
Male,Loyal Customer,46,Business Travel,Business,2976,4,4,4,4,5,4,5,4,4,4,4,4,5,4.23,0,0,TRUE
Male,Loyal Customer,53,Personal Travel,Eco,972,2,4,2,1,2,2,3,2,4,5,5,5,2,3,11,3,FALSE
Female,Loyal Customer,64,Personal Travel,Eco Plus,345,4,5,4,2,4,4,4,2,2,4,2,5,5,3.62,0,0,FALSE
Female,Loyal Customer,49,Business Travel,Business,325,3,3,3,3,3,5,5,4,4,4,4,3,5,3.77,1,8,TRUE
Male,Loyal Customer,55,Business Travel,Business,544,5,1,5,5,5,4,4,3,3,3,3,5,3,3.77,0,0,TRUE
Female,Loyal Customer,39,Business Travel,Business,3480,3,3,3,3,3,5,5,5,5,5,5,3,3,3.92,0,0,TRUE
Male,Loyal Customer,45,Business Travel,Business,3430,2,2,2,2,3,5,4,3,3,4,3,5,3,3.15,0,0,TRUE
Female,Loyal Customer,9,Personal Travel,Eco,1587,3,4,3,2,2,3,2,2,3,2,4,4,2,2.77,0,0,FALSE
Female,Disloyal Customer,15,Business Travel,Business,883,0,5,0,4,1,5,1,1,3,2,4,5,1,2.46,0,0,TRUE
Male,Loyal Customer,52,Business Travel,Business,2538,5,2,5,5,2,4,5,5,5,5,5,3,4,4.23,4,0,TRUE
Female,Loyal Customer,37,Business Travel,Eco,125,5,2,2,2,5,5,5,5,3,3,2,2,5,3.54,0,25,TRUE
Male,Loyal Customer,58,Business Travel,Business,2370,2,2,2,2,4,3,4,3,3,3,3,4,3,2.92,1,0,TRUE
Male,Loyal Customer,46,Business Travel,Eco,609,5,1,1,1,5,5,5,5,4,3,4,4,5,3.69,0,0,TRUE
Male,Loyal Customer,47,Business Travel,Business,1514,5,5,5,5,5,4,4,5,5,5,5,5,5,4.85,0,24,TRUE
Female,Loyal Customer,15,Personal Travel,Eco,787,3,5,3,3,3,3,3,3,4,3,4,3,3,3.31,0,0,FALSE
Male,Loyal Customer,23,Business Travel,Business,1685,4,4,4,4,4,5,4,4,4,3,5,5,4,4.15,0,0,TRUE
Male,Loyal Customer,37,Business Travel,Business,2023,1,1,2,1,4,5,4,5,5,5,5,3,4,3.46,0,1,TRUE
Female,Loyal Customer,68,Personal Travel,Eco,936,4,5,4,2,3,4,4,3,3,4,3,4,4,3.62,0,0,FALSE
Male,Loyal Customer,60,Personal Travel,Eco Plus,311,4,4,2,4,4,2,4,4,3,1,3,2,4,3.15,0,0,FALSE
Female,Loyal Customer,65,Business Travel,Business,2256,2,4,4,4,5,4,4,2,2,2,2,4,1,3.08,0,1,FALSE
Male,Loyal Customer,28,Business Travel,Eco,599,2,2,2,2,2,2,2,2,2,4,4,1,2,2.23,0,0,FALSE
Female,Loyal Customer,32,Business Travel,Business,3043,4,4,4,4,4,4,4,4,3,4,2,4,4,3.77,0,0,TRUE
Female,Loyal Customer,43,Personal Travel,Eco,247,3,2,3,2,4,2,3,5,5,3,5,3,1,3.15,0,7,FALSE
Male,Loyal Customer,12,Personal Travel,Eco,675,1,5,1,3,4,1,4,4,5,5,5,5,4,3.62,0,0,FALSE
Male,Loyal Customer,24,Business Travel,Business,1502,4,4,3,4,4,4,4,4,3,3,5,3,4,3.77,5,12,TRUE
Male,Loyal Customer,22,Personal Travel,Eco,842,2,2,2,3,3,2,3,3,4,5,2,2,3,2.77,0,0,FALSE
Male,Loyal Customer,33,Personal Travel,Eco,812,1,4,1,5,1,1,1,1,4,1,2,4,1,2.08,0,0,FALSE
Male,Loyal Customer,56,Business Travel,Business,3764,1,1,1,1,4,4,4,1,1,1,1,3,2,1.92,15,19,FALSE
Female,Loyal Customer,40,Business Travel,Business,1977,2,2,2,2,2,4,5,5,5,5,5,4,3,3.54,0,0,TRUE
Male,Loyal Customer,52,Business Travel,Business,2540,2,3,3,3,3,4,3,2,2,2,2,2,2,2.54,0,0,FALSE
Female,Loyal Customer,12,Personal Travel,Eco,590,5,4,5,4,2,5,3,2,5,5,5,4,2,3.92,29,14,TRUE
Male,Loyal Customer,58,Business Travel,Business,2021,2,5,5,5,2,4,4,2,2,2,2,1,1,2.85,0,0,FALSE
Female,Loyal Customer,57,Business Travel,Eco,758,5,4,4,4,2,1,2,5,5,5,5,2,1,3.46,0,0,TRUE
Female,Disloyal Customer,26,Business Travel,Business,214,4,4,4,3,3,4,3,3,3,3,5,5,3,3.62,0,3,TRUE
Male,Loyal Customer,7,Personal Travel,Eco,971,3,5,3,3,2,3,2,2,3,4,5,5,2,3.23,3,4,FALSE
Female,Loyal Customer,59,Business Travel,Eco,522,2,4,4,4,1,4,3,2,2,2,2,3,4,2.85,0,0,FALSE
Female,Loyal Customer,56,Business Travel,Eco,462,1,3,3,3,4,4,4,1,1,1,1,3,3,2.46,0,0,FALSE
Female,Loyal Customer,40,Personal Travel,Eco,1282,4,4,4,3,1,4,4,1,5,3,3,3,1,3.08,0,0,FALSE
Male,Loyal Customer,53,Personal Travel,Eco,305,2,3,3,3,1,3,1,1,4,5,3,1,1,2.38,0,0,FALSE
Female,Loyal Customer,36,Business Travel,Eco,1044,3,4,4,4,3,3,3,3,1,4,3,2,3,3.08,18,8,FALSE
Male,Loyal Customer,42,Business Travel,Business,650,4,4,4,4,4,5,5,4,4,4,4,3,4,4.08,3,26,TRUE
Male,Disloyal Customer,23,Business Travel,Eco,2172,3,3,3,3,4,3,4,4,3,4,4,3,4,3.46,0,0,FALSE
Male,Loyal Customer,54,Business Travel,Business,110,4,4,4,4,4,4,1,4,4,4,4,4,5,3.85,0,0,TRUE
Male,Loyal Customer,32,Business Travel,Business,564,1,1,3,1,4,4,4,4,4,5,4,5,4,3.38,6,0,TRUE
Female,Loyal Customer,32,Business Travel,Business,1635,2,2,2,2,5,5,5,4,5,4,5,5,5,3.92,200,203,TRUE
Male,Disloyal Customer,27,Business Travel,Business,979,1,1,1,3,1,1,1,1,4,3,4,3,1,1.92,3,0,FALSE
Female,Loyal Customer,52,Business Travel,Business,237,1,1,1,1,4,5,4,5,5,5,5,3,4,3.38,14,15,TRUE
Male,Loyal Customer,56,Business Travel,Business,404,5,5,5,5,5,5,5,4,4,4,4,3,4,4.46,0,0,TRUE
Male,Loyal Customer,45,Personal Travel,Eco,255,2,4,2,4,4,2,2,4,3,1,2,1,4,2.69,0,0,FALSE
Female,Loyal Customer,39,Business Travel,Business,283,1,5,5,5,2,3,4,1,1,1,1,2,1,2.46,5,10,FALSE
Female,Loyal Customer,27,Personal Travel,Eco,1194,2,4,2,4,3,2,1,3,4,3,4,4,3,3,14,24,FALSE
Male,Loyal Customer,52,Personal Travel,Eco,307,3,5,3,4,1,3,1,1,5,3,5,4,1,3,42,59,FALSE
Female,Loyal Customer,51,Business Travel,Business,1400,4,4,5,4,3,4,5,5,5,5,5,5,5,4.54,7,7,TRUE
Male,Loyal Customer,55,Personal Travel,Eco Plus,213,1,2,1,4,4,1,4,4,2,3,4,4,4,2.92,64,64,FALSE
Female,Loyal Customer,56,Business Travel,Business,1506,4,4,4,4,2,5,4,4,4,4,4,3,5,3.92,0,0,TRUE
Male,Loyal Customer,20,Personal Travel,Eco,453,3,2,3,3,3,3,3,3,3,1,3,3,3,2.77,0,5,FALSE
Female,Loyal Customer,57,Business Travel,Eco,352,1,2,2,2,1,3,3,1,1,1,1,1,4,1.77,1,0,FALSE
Female,Loyal Customer,29,Personal Travel,Eco Plus,102,3,4,3,4,2,3,2,2,4,3,4,1,2,2.85,0,3,FALSE
Male,Loyal Customer,48,Business Travel,Eco Plus,376,4,5,5,5,4,4,4,4,3,5,1,3,4,3.92,0,2,TRUE
Female,Disloyal Customer,34,Business Travel,Eco,510,2,3,2,4,1,2,1,1,3,4,3,2,1,2.23,0,0,FALSE
Female,Loyal Customer,54,Personal Travel,Eco,316,2,3,2,2,3,4,5,3,3,2,3,4,4,3.08,0,0,FALSE
Female,Disloyal Customer,34,Business Travel,Eco,447,2,0,2,4,4,2,4,4,2,3,4,4,4,3,0,0,FALSE
Male,Loyal Customer,50,Personal Travel,Eco,596,4,1,5,3,4,5,4,4,1,5,3,1,4,3.38,3,0,FALSE
Male,Loyal Customer,19,Business Travel,Business,2247,4,4,4,4,4,4,4,4,5,2,3,1,4,3.62,0,0,TRUE
Male,Loyal Customer,49,Business Travel,Business,3559,2,2,2,2,5,4,4,4,4,4,4,3,3,3.31,0,0,TRUE
Female,Loyal Customer,46,Business Travel,Business,2426,1,1,1,1,3,5,5,4,4,4,4,5,5,3.31,11,17,TRUE
Female,Loyal Customer,39,Business Travel,Business,223,1,1,1,1,3,4,4,4,4,4,4,4,5,3.08,4,1,TRUE
Female,Loyal Customer,53,Business Travel,Business,669,5,5,1,5,4,4,4,4,4,4,4,5,5,4.15,0,0,TRUE
Female,Loyal Customer,15,Personal Travel,Eco,216,1,1,1,2,1,1,1,1,1,4,2,3,1,1.54,0,0,FALSE
Female,Disloyal Customer,20,Business Travel,Eco,468,5,5,5,2,2,5,2,2,4,3,4,5,2,3.54,0,13,TRUE
Male,Loyal Customer,56,Business Travel,Eco,383,5,5,5,5,5,5,5,5,5,3,3,3,5,4.54,13,0,TRUE
Male,Loyal Customer,42,Business Travel,Business,3207,3,3,5,3,3,5,3,4,4,4,4,2,3,3.54,0,0,TRUE
Male,Loyal Customer,18,Personal Travel,Eco,373,2,4,2,3,4,2,1,4,2,4,4,1,4,2.85,0,0,FALSE
Male,Loyal Customer,51,Business Travel,Eco,895,2,3,3,3,2,2,2,2,2,2,4,3,2,2.46,14,3,FALSE
Male,Disloyal Customer,34,Business Travel,Eco,371,2,0,2,2,3,2,2,3,5,2,1,2,3,2.23,56,40,FALSE
Male,Loyal Customer,10,Personal Travel,Eco,247,3,4,3,2,4,3,4,4,3,3,5,5,4,3.62,27,19,FALSE
Female,Loyal Customer,48,Personal Travel,Eco,677,1,5,1,3,3,4,5,2,2,1,2,1,1,2.38,30,16,FALSE
Male,Loyal Customer,60,Business Travel,Business,2747,4,4,4,4,4,4,5,5,5,5,5,3,4,4.31,4,1,TRUE
Female,Loyal Customer,56,Business Travel,Business,3952,5,5,5,5,3,3,5,5,5,4,5,3,1,4.15,0,0,TRUE
Female,Loyal Customer,39,Business Travel,Business,1969,4,4,4,4,5,5,4,2,2,2,2,5,4,3.62,0,0,TRUE
Male,Loyal Customer,37,Business Travel,Business,405,3,3,4,3,4,4,5,5,5,4,5,3,4,4,85,83,TRUE
Female,Loyal Customer,43,Business Travel,Business,928,4,4,3,4,4,5,4,4,4,4,4,3,4,3.92,0,0,TRUE
Female,Loyal Customer,40,Business Travel,Business,404,3,1,3,3,3,5,5,1,1,2,1,5,3,2.77,0,0,TRUE
Female,Loyal Customer,44,Personal Travel,Eco Plus,315,5,5,5,4,2,2,4,5,5,5,5,5,2,4.15,0,0,TRUE
Female,Loyal Customer,42,Business Travel,Eco,551,2,3,2,2,5,4,2,2,2,2,2,4,2,2.62,0,0,TRUE
Female,Loyal Customer,38,Personal Travel,Eco,2457,3,4,3,3,4,3,5,4,4,2,5,5,4,3.77,34,29,FALSE
Female,Loyal Customer,43,Business Travel,Business,1506,2,2,2,2,4,4,4,4,4,4,4,4,3,3.31,13,0,TRUE
Male,Loyal Customer,49,Personal Travel,Eco,432,3,4,3,4,5,3,1,5,4,2,4,5,5,3.69,23,6,FALSE
Female,Loyal Customer,56,Business Travel,Eco,1237,2,4,4,4,3,3,3,2,2,2,2,1,3,2.69,0,0,FALSE
Male,Loyal Customer,48,Business Travel,Eco,248,3,4,4,4,3,3,3,3,1,5,3,2,3,3.15,3,0,FALSE
Female,Loyal Customer,58,Business Travel,Business,2702,3,3,3,3,2,4,4,4,4,5,4,3,4,3.54,0,46,TRUE
Female,Loyal Customer,16,Personal Travel,Eco,571,1,4,1,4,5,1,5,5,4,5,4,4,5,3.69,2,0,FALSE
Female,Loyal Customer,50,Business Travel,Business,1866,1,1,1,1,3,5,5,5,5,5,5,3,5,3.46,0,0,TRUE
Female,Loyal Customer,60,Business Travel,Business,3407,5,3,5,5,3,4,5,5,5,5,5,4,5,4.54,0,0,TRUE
Male,Loyal Customer,39,Business Travel,Business,937,2,5,5,5,2,3,4,2,2,2,2,3,4,3.15,129,117,FALSE
Female,Loyal Customer,11,Personal Travel,Eco,888,2,4,2,2,5,2,5,5,5,4,3,5,5,3.77,7,5,FALSE
Female,Loyal Customer,23,Business Travel,Business,2334,1,1,1,1,4,4,4,4,3,4,5,3,4,3,0,0,TRUE
Male,Loyal Customer,58,Business Travel,Business,3784,3,5,5,5,3,4,3,3,3,2,3,1,1,3.15,8,2,FALSE
Male,Loyal Customer,51,Business Travel,Business,670,3,4,4,4,3,3,4,3,3,4,3,3,4,3.46,32,43,FALSE
Female,Loyal Customer,54,Personal Travel,Eco Plus,1448,2,3,3,4,2,4,4,3,3,3,3,1,3,2.92,0,0,FALSE
Female,Disloyal Customer,36,Business Travel,Eco,1111,4,4,4,1,4,5,5,1,2,5,1,5,5,3.54,275,319,FALSE
Female,Loyal Customer,32,Personal Travel,Eco,1300,5,4,5,2,3,5,3,3,4,5,3,3,3,3.69,3,0,TRUE
Female,Loyal Customer,65,Personal Travel,Eco,1476,2,4,2,2,2,5,4,1,1,2,1,3,3,2.46,0,0,FALSE
Male,Loyal Customer,45,Business Travel,Eco,212,5,3,3,3,5,5,5,5,4,1,2,1,5,3.62,63,51,TRUE
Female,Loyal Customer,53,Business Travel,Eco,481,5,4,4,4,3,1,3,5,5,5,5,5,1,3.85,1,1,TRUE
Female,Loyal Customer,39,Business Travel,Business,3483,1,1,1,1,3,5,4,5,5,5,5,4,3,3.31,0,0,TRUE
Male,Loyal Customer,42,Business Travel,Business,3636,0,5,0,4,2,5,4,1,1,1,1,3,3,2.31,0,0,TRUE
Female,Loyal Customer,64,Personal Travel,Eco,376,1,5,1,1,2,4,5,4,4,1,4,3,4,3,0,0,FALSE
Female,Loyal Customer,57,Personal Travel,Eco,192,5,5,5,1,2,4,5,4,4,5,4,5,5,4.15,0,0,TRUE
Male,Loyal Customer,69,Personal Travel,Eco,2917,3,3,3,3,3,3,3,4,1,3,4,3,3,3,181,179,FALSE
Male,Loyal Customer,60,Business Travel,Business,912,2,2,2,2,4,3,2,2,2,2,2,3,2,2.31,39,23,FALSE
Male,Disloyal Customer,38,Business Travel,Business,208,3,3,3,4,5,3,5,5,4,5,4,4,5,4.08,0,0,FALSE
Male,Loyal Customer,31,Business Travel,Business,3147,1,1,1,1,5,5,5,5,4,3,5,5,5,3.54,2,0,TRUE
Male,Loyal Customer,53,Business Travel,Business,2327,3,2,2,2,3,3,3,3,5,3,4,3,3,3,186,182,FALSE
Male,Loyal Customer,30,Personal Travel,Eco,650,3,4,3,4,3,3,3,3,2,2,4,3,3,3.08,0,0,FALSE
Female,Loyal Customer,57,Business Travel,Business,3621,5,5,5,5,4,5,5,4,4,5,4,4,3,4.46,0,0,TRUE
Male,Disloyal Customer,30,Business Travel,Eco,853,2,2,2,3,4,2,4,4,1,1,3,3,4,2.69,0,0,FALSE
Male,Disloyal Customer,22,Business Travel,Eco,235,3,0,3,3,2,3,2,2,4,3,4,4,2,2.69,22,105,FALSE
Female,Loyal Customer,37,Business Travel,Business,3977,2,2,2,2,2,5,4,4,4,4,4,4,3,3.23,0,0,TRUE
Female,Disloyal Customer,23,Business Travel,Eco,1131,2,2,2,4,2,2,2,2,2,2,3,3,2,2.31,0,0,FALSE
Male,Loyal Customer,60,Personal Travel,Eco,405,3,4,3,3,2,3,2,2,4,3,5,4,2,3.08,0,0,FALSE
Female,Loyal Customer,25,Business Travel,Business,1775,3,3,5,3,5,5,5,5,5,4,2,2,5,4,0,10,TRUE
Male,Loyal Customer,49,Business Travel,Eco,1027,3,4,4,4,2,3,2,2,2,1,3,1,2,2.54,0,4,FALSE
Female,Loyal Customer,40,Personal Travel,Eco,954,1,5,1,1,2,1,2,2,2,2,5,2,2,2.15,0,0,FALSE
Female,Disloyal Customer,37,Business Travel,Business,1290,3,3,3,3,4,3,4,4,3,2,4,4,4,3.38,0,0,FALSE
Male,Disloyal Customer,34,Business Travel,Eco,476,4,5,4,2,3,4,3,3,5,1,4,1,3,3.23,0,0,FALSE
Male,Loyal Customer,43,Business Travel,Business,1920,2,2,2,2,4,4,5,4,4,4,4,3,4,3.38,31,28,TRUE
Male,Loyal Customer,42,Business Travel,Business,920,5,5,2,5,2,5,5,4,4,4,4,5,4,4.15,3,0,TRUE
Female,Loyal Customer,39,Business Travel,Business,919,2,2,2,2,4,4,5,3,3,3,3,4,4,3.15,0,36,TRUE
Male,Loyal Customer,33,Personal Travel,Eco,842,2,1,2,4,1,2,1,1,3,3,3,3,1,2.08,78,72,FALSE
Female,Loyal Customer,27,Personal Travel,Eco,192,3,5,3,2,2,3,2,2,4,5,5,5,2,3.31,0,0,FALSE
Female,Loyal Customer,53,Business Travel,Eco Plus,460,5,5,5,5,5,2,4,5,5,5,5,5,1,4.38,0,0,TRUE
Male,Loyal Customer,28,Personal Travel,Eco,288,3,4,3,2,4,3,4,4,1,4,2,3,4,3.15,0,0,FALSE
Female,Loyal Customer,47,Personal Travel,Eco,109,1,4,1,2,5,4,5,3,3,1,5,3,5,3.23,0,0,FALSE
Male,Loyal Customer,68,Personal Travel,Eco,200,2,3,2,1,4,2,4,4,4,4,4,5,4,3.31,0,0,FALSE
Male,Loyal Customer,40,Business Travel,Business,2585,4,4,4,4,1,1,5,3,3,3,3,4,1,3.08,0,0,TRUE
Male,Loyal Customer,57,Business Travel,Business,2521,3,4,4,4,5,3,3,3,3,2,3,3,3,3.31,5,0,FALSE
Female,Loyal Customer,19,Personal Travel,Eco,2282,2,2,2,3,5,2,5,5,3,3,3,4,5,3.38,0,0,FALSE
Female,Loyal Customer,16,Personal Travel,Eco,436,1,5,1,4,5,1,5,5,5,4,5,4,5,3.85,5,7,FALSE
Male,Loyal Customer,41,Business Travel,Business,2369,3,3,3,3,2,4,5,3,3,3,3,4,3,3.23,0,0,TRUE
Female,Loyal Customer,30,Business Travel,Business,2295,4,4,4,4,4,4,4,4,3,2,5,3,4,3.77,0,0,TRUE
Female,Loyal Customer,53,Business Travel,Business,1732,4,3,3,3,3,4,3,3,3,3,4,4,4,3.38,30,43,FALSE
Male,Loyal Customer,33,Business Travel,Business,2035,5,5,5,5,4,4,5,4,3,4,5,2,4,4.23,0,0,TRUE
Male,Loyal Customer,48,Business Travel,Business,3249,1,1,1,1,1,2,1,4,4,4,4,4,3,2.38,51,23,TRUE
Female,Disloyal Customer,30,Business Travel,Business,2342,4,4,4,4,5,4,5,5,4,2,3,5,5,4.15,0,0,TRUE
Female,Loyal Customer,26,Personal Travel,Eco,1703,3,4,3,3,4,3,4,4,3,2,3,1,4,3.15,5,5,FALSE
Female,Loyal Customer,52,Business Travel,Business,2312,1,1,1,1,2,5,4,4,4,4,4,4,4,3,0,0,TRUE
Male,Loyal Customer,42,Business Travel,Business,192,4,4,4,4,4,4,2,5,5,5,5,4,2,4,38,25,TRUE
Female,Loyal Customer,44,Business Travel,Eco,395,5,4,4,4,4,4,1,5,5,5,5,1,2,3.77,0,0,TRUE
Male,Disloyal Customer,22,Business Travel,Business,283,5,5,5,2,5,5,5,5,5,4,5,5,5,4.69,6,4,TRUE
Female,Loyal Customer,59,Business Travel,Business,1990,2,2,2,2,2,4,4,5,5,4,5,3,5,3.46,7,0,TRUE
Female,Loyal Customer,51,Business Travel,Business,3346,3,3,3,3,4,5,2,5,5,5,5,3,3,3.77,6,2,TRUE
Male,Loyal Customer,69,Personal Travel,Eco,491,4,5,4,3,5,4,5,5,5,5,5,4,5,4.54,0,0,FALSE
Male,Loyal Customer,14,Personal Travel,Eco,163,3,5,3,1,3,3,3,3,3,5,2,4,3,3.15,0,0,FALSE
Male,Loyal Customer,41,Business Travel,Business,1127,2,2,2,2,2,5,5,4,4,4,4,4,5,3.46,47,30,TRUE
Female,Disloyal Customer,26,Business Travel,Eco,295,3,4,3,2,1,3,1,1,4,1,4,2,1,2.31,0,0,FALSE
Male,Loyal Customer,57,Business Travel,Business,1718,1,1,1,1,3,5,4,5,5,5,5,3,5,3.38,11,3,TRUE
Female,Loyal Customer,46,Personal Travel,Eco Plus,813,4,0,4,3,2,3,5,4,4,4,4,5,4,3.54,4,0,FALSE
Male,Loyal Customer,39,Business Travel,Business,2910,4,4,4,4,4,4,4,4,4,4,4,5,4,4.08,51,49,TRUE
Female,Loyal Customer,38,Business Travel,Business,3087,4,4,4,4,3,4,4,4,4,4,4,1,1,3.46,0,0,FALSE
Female,Disloyal Customer,57,Business Travel,Eco,102,5,0,5,4,2,5,2,2,4,3,1,1,2,2.77,0,0,TRUE
Male,Loyal Customer,25,Business Travel,Business,2902,5,5,3,5,5,5,5,5,5,2,4,1,5,4.23,0,0,TRUE
Female,Loyal Customer,23,Business Travel,Business,3748,1,1,1,1,4,4,4,4,4,2,3,5,4,2.92,10,4,TRUE
Female,Loyal Customer,48,Personal Travel,Business,1744,2,5,2,4,4,4,5,5,5,2,5,4,3,3.85,6,0,FALSE
Female,Loyal Customer,33,Personal Travel,Eco,852,2,4,2,3,5,2,5,5,3,4,5,3,5,3.69,16,17,FALSE
Male,Loyal Customer,10,Personal Travel,Business,192,3,5,3,5,5,3,5,5,4,1,5,5,5,4.15,38,23,FALSE
Male,Loyal Customer,48,Business Travel,Business,508,2,2,2,2,5,4,3,2,2,2,2,2,1,2.38,0,0,FALSE
Female,Loyal Customer,25,Business Travel,Business,1576,1,5,2,2,1,2,1,1,2,1,4,4,1,2.08,0,0,FALSE
Female,Loyal Customer,24,Personal Travel,Eco,325,5,3,5,3,4,5,4,4,2,3,3,2,4,3.62,0,0,TRUE
Female,Disloyal Customer,28,Business Travel,Eco,763,3,3,3,4,5,3,4,5,3,3,3,3,5,3.62,29,61,FALSE
Female,Loyal Customer,26,Personal Travel,Eco,373,2,5,2,5,1,2,1,1,2,4,4,2,1,2.46,0,0,FALSE
Female,Loyal Customer,29,Business Travel,Business,859,2,2,2,2,5,5,5,5,5,3,4,5,5,3.85,121,103,TRUE
Male,Loyal Customer,62,Business Travel,Business,3892,2,2,2,2,4,2,3,5,5,5,5,2,5,3.38,108,96,TRUE
Female,Disloyal Customer,28,Business Travel,Business,842,4,5,5,1,5,5,5,5,3,2,4,4,5,4.08,0,6,TRUE
Male,Loyal Customer,59,Business Travel,Business,362,4,4,4,4,4,4,4,3,3,3,3,3,3,3.54,0,0,TRUE
Male,Loyal Customer,59,Business Travel,Eco,936,2,4,4,4,2,2,2,2,4,3,3,1,2,2.69,0,0,FALSE
Female,Loyal Customer,43,Business Travel,Business,1167,3,3,3,3,1,2,3,5,5,5,5,1,4,3.31,0,0,TRUE
Female,Loyal Customer,64,Business Travel,Business,2630,1,3,3,3,4,4,4,1,1,1,1,1,1,2.15,20,41,FALSE
Female,Disloyal Customer,36,Business Travel,Eco,944,3,3,3,2,1,3,1,1,3,5,2,1,1,2.23,0,0,FALSE
Male,Loyal Customer,40,Business Travel,Eco,670,2,2,2,2,2,2,2,2,1,2,4,2,2,2.08,0,2,FALSE
Female,Loyal Customer,10,Personal Travel,Eco,406,2,5,2,2,1,2,1,1,4,4,2,3,1,2.31,16,16,FALSE
Male,Loyal Customer,46,Business Travel,Business,937,4,4,4,4,3,5,4,3,3,4,3,3,5,3.77,0,7,TRUE
Male,Loyal Customer,39,Business Travel,Business,2197,3,2,2,2,3,3,3,1,4,3,4,3,3,2.77,129,144,FALSE
Female,Disloyal Customer,19,Business Travel,Eco,763,2,2,2,3,3,2,2,3,4,3,5,4,3,2.92,0,0,FALSE
Male,Loyal Customer,50,Business Travel,Eco Plus,1134,4,1,1,1,4,4,4,4,4,1,1,3,4,2.77,0,0,TRUE
Male,Loyal Customer,44,Business Travel,Business,2859,2,3,3,3,3,3,4,2,2,2,2,3,4,2.77,0,0,FALSE
Male,Loyal Customer,21,Personal Travel,Eco,1127,3,5,3,4,5,3,5,5,5,3,3,5,5,4.15,0,2,FALSE
Male,Loyal Customer,30,Business Travel,Eco Plus,733,2,1,3,1,2,2,2,2,2,4,4,4,2,2.38,0,0,FALSE
Male,Loyal Customer,70,Personal Travel,Eco,109,3,5,3,2,3,2,2,3,4,5,5,2,2,3.15,141,150,FALSE
Male,Disloyal Customer,23,Business Travel,Business,199,4,0,4,4,2,4,2,2,4,4,5,4,2,3.15,0,0,TRUE
Female,Loyal Customer,45,Personal Travel,Eco,2248,3,4,3,4,5,4,4,4,4,3,4,1,4,3.62,8,0,FALSE
Female,Loyal Customer,11,Personal Travel,Eco,338,2,5,5,2,3,5,3,3,3,3,3,2,3,3.23,0,0,FALSE
Male,Loyal Customer,8,Personal Travel,Eco,1620,5,4,5,4,2,5,2,2,3,3,4,5,2,3.54,0,0,TRUE
Female,Loyal Customer,61,Personal Travel,Eco Plus,2161,4,5,4,5,4,2,2,5,2,5,4,2,2,3.54,180,145,FALSE
Male,Loyal Customer,42,Business Travel,Business,1892,5,5,5,5,4,4,4,5,5,5,5,5,4,4.69,0,0,TRUE
Male,Loyal Customer,45,Business Travel,Business,1944,3,1,5,1,4,2,3,3,3,4,3,4,4,3.08,0,0,FALSE
Female,Loyal Customer,27,Business Travel,Business,2110,1,1,1,1,5,5,5,5,5,3,5,4,5,3.54,50,35,TRUE
Male,Loyal Customer,54,Business Travel,Business,1539,1,5,5,5,4,3,3,1,1,2,1,1,2,2.62,0,0,FALSE
Female,Loyal Customer,49,Business Travel,Eco,484,4,5,4,5,3,4,3,4,4,4,4,1,1,3.54,0,0,FALSE
Female,Loyal Customer,33,Personal Travel,Eco,258,2,4,2,3,4,2,3,4,1,2,3,2,4,2.77,0,0,FALSE
Female,Loyal Customer,42,Business Travel,Business,2407,3,3,3,3,3,5,4,5,5,5,5,3,5,4,0,0,TRUE
Male,Loyal Customer,41,Personal Travel,Eco,1183,1,5,1,2,1,1,1,1,5,4,4,4,1,2.38,30,19,FALSE
Male,Loyal Customer,30,Personal Travel,Eco Plus,693,1,4,1,3,5,1,4,5,4,2,5,4,5,3.38,8,38,FALSE
Male,Loyal Customer,43,Business Travel,Eco,929,4,2,5,5,3,4,3,3,4,2,4,1,3,3.31,0,0,FALSE
Male,Loyal Customer,59,Personal Travel,Business,679,2,5,2,3,2,5,4,2,2,2,2,4,3,2.92,0,0,FALSE
Male,Loyal Customer,52,Business Travel,Business,2475,2,3,3,3,4,4,3,2,2,2,2,1,3,2.62,0,0,FALSE
Male,Disloyal Customer,23,Business Travel,Business,1005,0,0,0,4,1,0,1,1,5,2,4,4,1,1.77,0,0,TRUE
Male,Loyal Customer,51,Personal Travel,Eco,305,1,4,1,1,4,1,4,4,4,4,4,4,4,3.08,0,0,FALSE
Male,Loyal Customer,46,Business Travel,Business,1400,2,2,5,2,2,5,5,4,4,4,4,5,3,3.62,0,4,TRUE
Female,Loyal Customer,48,Personal Travel,Eco Plus,867,2,2,2,3,4,3,2,3,3,2,1,4,4,2.69,5,1,FALSE
Male,Loyal Customer,55,Business Travel,Business,1642,3,3,3,3,3,4,5,5,5,5,5,4,4,4,0,0,TRUE
Female,Loyal Customer,57,Business Travel,Business,192,3,3,4,3,2,5,4,3,3,4,5,4,5,3.69,37,36,TRUE
Male,Loyal Customer,9,Personal Travel,Eco,967,2,3,1,3,4,1,4,4,1,5,4,4,4,3.08,10,27,FALSE
Female,Loyal Customer,57,Personal Travel,Eco Plus,795,3,5,3,2,2,4,5,5,5,3,5,5,5,4,4,0,FALSE
Female,Loyal Customer,52,Business Travel,Business,1438,3,3,3,3,5,5,5,5,5,5,5,4,4,4.23,0,0,TRUE
Male,Loyal Customer,57,Personal Travel,Eco,220,5,5,5,3,5,5,5,5,2,1,1,4,5,3.92,0,0,TRUE
Female,Loyal Customer,46,Business Travel,Business,2890,3,2,2,2,1,2,2,3,3,3,3,3,2,2.38,0,0,FALSE
Male,Loyal Customer,46,Personal Travel,Eco,2614,1,4,1,3,1,4,4,1,4,4,3,4,4,2.92,8,18,FALSE
Female,Loyal Customer,64,Personal Travel,Eco,190,3,5,0,4,3,4,4,1,1,0,1,5,4,2.69,0,0,FALSE
Male,Loyal Customer,60,Business Travel,Eco,965,4,2,2,2,4,4,4,4,1,1,5,4,4,3.15,0,19,TRUE
Female,Loyal Customer,33,Business Travel,Business,3456,1,2,2,2,5,3,3,1,1,1,1,2,4,2.15,14,14,FALSE
Female,Loyal Customer,42,Business Travel,Business,2519,1,1,1,1,5,5,5,5,5,4,5,3,3,3.38,107,106,TRUE
Male,Disloyal Customer,38,Business Travel,Eco,388,2,0,2,4,3,2,3,3,5,5,5,1,3,2.92,0,0,FALSE
Female,Loyal Customer,33,Personal Travel,Eco,479,1,3,1,2,5,1,5,5,1,2,3,1,5,2.69,54,46,FALSE
Male,Loyal Customer,55,Business Travel,Business,1846,3,3,3,3,5,3,5,5,5,5,5,5,3,4.08,4,0,TRUE
Female,Loyal Customer,38,Personal Travel,Eco,1587,3,5,3,2,5,3,3,5,4,2,5,5,5,3.85,38,34,FALSE
Male,Loyal Customer,9,Business Travel,Business,1722,2,2,2,2,2,2,2,2,2,3,4,1,2,2.15,8,2,FALSE
Male,Loyal Customer,19,Business Travel,Business,3279,4,4,4,4,4,4,4,4,5,4,4,5,4,4.15,0,0,TRUE
Female,Loyal Customer,32,Business Travel,Business,216,1,3,1,1,5,5,5,5,2,3,5,5,5,3.54,0,0,TRUE
Male,Disloyal Customer,22,Business Travel,Business,345,4,0,4,3,3,4,2,3,3,2,5,5,3,3.15,116,113,TRUE
Female,Loyal Customer,37,Business Travel,Eco Plus,265,2,5,5,5,2,2,2,2,2,4,3,1,2,2.85,0,21,FALSE
Female,Loyal Customer,54,Business Travel,Business,2460,1,5,4,5,3,3,4,1,1,1,1,2,1,2.46,0,0,FALSE
Male,Loyal Customer,55,Business Travel,Eco Plus,190,2,1,1,1,2,2,2,2,4,4,3,2,2,2.15,18,19,FALSE
Female,Disloyal Customer,42,Business Travel,Business,289,4,4,4,3,4,4,4,4,3,2,5,5,4,3.85,0,0,TRUE
Male,Loyal Customer,32,Personal Travel,Eco Plus,1080,2,5,2,1,1,2,1,1,5,5,4,5,1,2.69,6,14,FALSE
Female,Loyal Customer,22,Personal Travel,Business,372,1,4,1,3,5,1,5,5,4,5,3,3,5,3.46,98,84,FALSE
Male,Loyal Customer,47,Business Travel,Business,834,3,3,3,3,2,5,4,4,4,4,4,3,3,3.46,0,0,TRUE
Female,Loyal Customer,49,Personal Travel,Eco Plus,411,4,5,4,1,3,5,5,4,4,4,4,5,3,3.92,56,41,FALSE
Male,Loyal Customer,43,Business Travel,Business,3616,3,3,3,3,5,5,4,5,5,5,5,3,3,4,67,61,TRUE
Female,Loyal Customer,51,Business Travel,Eco Plus,209,5,5,5,5,1,5,1,5,5,5,5,5,5,4.38,0,0,TRUE
Female,Loyal Customer,8,Personal Travel,Business,214,1,0,1,4,5,1,5,5,1,5,3,4,5,3.08,0,10,FALSE
Female,Loyal Customer,49,Business Travel,Eco,511,2,3,3,3,3,4,4,2,2,2,2,2,4,2.77,0,0,FALSE
Female,Loyal Customer,23,Personal Travel,Eco,1404,1,4,1,1,5,1,5,5,3,5,3,3,5,3.23,0,0,FALSE
Female,Loyal Customer,58,Personal Travel,Eco,551,2,5,2,4,5,5,4,3,3,2,3,4,3,3.46,0,0,FALSE
Female,Loyal Customer,41,Business Travel,Business,3916,3,3,3,3,4,5,4,5,5,5,5,5,4,4.15,21,38,TRUE
Female,Loyal Customer,54,Personal Travel,Eco,479,3,3,3,5,2,1,3,3,3,3,3,1,2,2.69,48,37,FALSE
Male,Disloyal Customer,44,Business Travel,Business,347,2,2,2,4,1,2,1,1,3,5,4,3,1,2.38,0,0,FALSE
Male,Loyal Customer,25,Business Travel,Eco Plus,587,3,1,1,1,3,3,2,3,3,4,4,3,3,2.62,17,24,FALSE
Male,Loyal Customer,32,Business Travel,Business,2762,3,2,3,3,4,4,4,4,4,5,4,2,4,3.54,19,2,TRUE
Female,Loyal Customer,48,Business Travel,Business,2943,0,0,0,1,4,5,4,3,3,3,3,5,4,2.69,0,0,TRUE
Male,Loyal Customer,59,Business Travel,Business,2749,0,4,0,2,4,5,4,5,5,5,5,4,4,3.62,0,0,TRUE
Female,Loyal Customer,24,Business Travel,Business,3459,3,3,3,3,4,4,5,4,5,3,1,3,4,3.46,0,0,TRUE
Male,Loyal Customer,42,Business Travel,Business,446,1,1,1,1,5,5,5,4,4,4,4,5,5,3.46,8,15,TRUE
Male,Loyal Customer,64,Personal Travel,Eco,695,1,1,1,4,4,1,4,4,1,2,4,4,4,2.69,0,0,FALSE
Male,Loyal Customer,59,Business Travel,Business,1943,4,4,4,4,3,4,5,5,5,5,4,4,3,4.15,0,0,TRUE
Male,Disloyal Customer,18,Business Travel,Eco,332,1,1,1,4,4,1,4,4,3,3,3,1,4,2.62,0,0,FALSE
Male,Loyal Customer,67,Business Travel,Business,1121,1,5,3,5,1,3,4,1,1,1,1,3,4,2.54,5,14,FALSE
Male,Loyal Customer,46,Personal Travel,Eco,304,1,4,1,5,2,1,2,2,4,4,5,5,2,2.92,15,18,FALSE
Male,Loyal Customer,41,Business Travel,Eco,200,4,5,5,5,3,4,3,3,5,4,4,2,3,3.85,0,0,TRUE
Male,Disloyal Customer,39,Business Travel,Eco,788,4,4,4,1,2,4,3,2,1,5,3,5,2,3.08,16,4,FALSE
Female,Disloyal Customer,33,Business Travel,Eco,86,1,0,1,3,5,1,5,5,3,2,4,2,5,2.85,17,11,FALSE
Male,Loyal Customer,13,Personal Travel,Eco,936,1,3,1,5,5,1,5,5,5,2,1,3,5,3.23,8,5,FALSE
Female,Loyal Customer,17,Personal Travel,Eco,1276,3,4,4,4,2,4,1,2,2,2,3,1,2,2.62,0,0,FALSE
Female,Loyal Customer,47,Business Travel,Business,3766,1,1,1,1,5,4,4,3,3,4,3,4,4,2.92,1,11,TRUE
Female,Loyal Customer,33,Business Travel,Business,945,4,1,1,1,4,3,4,4,4,4,4,2,1,2.85,0,0,FALSE
Female,Disloyal Customer,37,Business Travel,Business,326,2,2,2,3,1,2,1,1,2,2,3,1,1,1.77,0,0,FALSE
Female,Disloyal Customer,27,Business Travel,Eco,912,2,2,2,3,5,2,4,5,4,1,5,5,5,3.46,0,4,FALSE
Female,Loyal Customer,62,Personal Travel,Business,562,1,5,1,2,2,4,4,3,3,1,3,5,3,2.85,0,0,FALSE
Female,Disloyal Customer,20,Business Travel,Eco,488,4,5,4,4,4,4,4,4,3,2,4,3,4,3.77,0,0,TRUE
Male,Loyal Customer,21,Personal Travel,Eco,331,2,4,5,4,3,5,3,3,1,1,4,4,3,3.23,0,0,FALSE
Female,Disloyal Customer,37,Business Travel,Business,187,3,3,3,2,5,3,5,5,1,1,3,2,5,3.15,14,7,FALSE
Female,Disloyal Customer,23,Business Travel,Eco,373,1,2,1,4,4,1,4,4,2,2,3,1,4,2.54,0,0,FALSE
Female,Disloyal Customer,15,Business Travel,Eco,1053,1,0,0,4,3,0,3,3,4,5,4,1,3,2.38,11,6,FALSE
Male,Loyal Customer,37,Personal Travel,Eco,483,1,4,3,3,3,3,3,3,2,1,3,3,3,2.69,0,7,FALSE
Female,Disloyal Customer,23,Business Travel,Eco,374,3,5,3,4,1,3,1,1,4,3,4,4,1,2.85,22,22,FALSE
Female,Loyal Customer,35,Business Travel,Business,1488,3,3,3,3,4,5,5,4,4,4,4,3,5,3.85,44,38,TRUE
Male,Loyal Customer,34,Business Travel,Business,787,4,4,4,4,3,5,5,4,4,4,4,5,3,4.08,1,0,TRUE
Male,Loyal Customer,32,Personal Travel,Eco,476,5,4,5,4,3,5,3,3,1,1,3,4,3,3.38,0,0,TRUE
Male,Loyal Customer,15,Personal Travel,Eco,539,1,5,1,2,2,1,5,2,4,5,4,4,2,2.92,21,14,FALSE
Male,Loyal Customer,46,Business Travel,Business,644,4,4,3,4,2,5,4,5,5,5,5,3,4,4.08,15,0,TRUE
Female,Loyal Customer,39,Business Travel,Business,1827,5,5,2,5,5,4,5,4,4,5,4,4,3,4.23,0,0,TRUE
Female,Loyal Customer,56,Business Travel,Business,2486,2,2,5,2,5,5,5,3,4,4,5,5,5,4,1,45,TRUE
Male,Loyal Customer,42,Personal Travel,Eco,432,3,3,3,1,3,3,3,3,2,2,5,4,3,2.92,17,19,FALSE
Female,Loyal Customer,51,Personal Travel,Eco,780,3,3,3,3,1,1,5,3,3,3,1,4,5,2.92,0,0,FALSE
Male,Loyal Customer,69,Personal Travel,Eco Plus,169,3,5,3,3,4,3,5,4,3,4,4,5,4,3.85,43,31,FALSE
Male,Loyal Customer,28,Business Travel,Business,2496,2,4,2,2,4,3,3,2,4,5,5,3,3,3.23,0,0,TRUE
Male,Loyal Customer,32,Personal Travel,Eco,1900,3,2,3,4,5,3,3,5,4,2,3,1,5,3.31,1,23,FALSE
Female,Loyal Customer,29,Business Travel,Business,3573,1,1,1,1,5,5,5,5,5,3,5,5,5,3.62,0,0,TRUE
Female,Loyal Customer,36,Business Travel,Business,3583,2,2,2,2,3,5,5,4,4,4,4,5,5,3.62,14,4,TRUE
Female,Loyal Customer,30,Personal Travel,Eco,201,3,5,0,2,2,0,2,2,1,1,5,3,2,2.15,2,0,FALSE
Female,Disloyal Customer,39,Business Travel,Business,447,3,3,3,3,2,3,4,2,3,2,5,4,2,3,1,0,FALSE
Female,Loyal Customer,39,Business Travel,Business,259,2,2,2,2,2,2,3,4,4,4,4,3,1,2.69,0,0,TRUE
Male,Loyal Customer,37,Personal Travel,Eco,464,4,4,4,4,3,4,3,3,3,4,4,5,3,3.69,35,41,FALSE
Male,Loyal Customer,24,Personal Travel,Eco,1074,1,5,1,1,5,1,5,5,3,2,5,3,5,3.23,51,39,FALSE
Female,Disloyal Customer,18,Business Travel,Eco,562,0,0,0,3,5,0,5,5,5,3,4,4,5,3,0,0,TRUE
Male,Loyal Customer,52,Business Travel,Eco,266,4,4,4,4,4,4,4,4,2,2,3,1,4,3.38,0,0,TRUE
Female,Loyal Customer,22,Business Travel,Business,521,3,3,3,3,5,5,5,5,3,4,2,3,5,3.77,0,0,TRUE
Female,Loyal Customer,55,Business Travel,Business,3379,4,4,4,4,3,4,4,4,4,4,4,4,3,3.85,60,45,TRUE
Male,Loyal Customer,47,Business Travel,Business,3530,4,4,4,4,4,5,4,4,4,5,4,3,4,4.08,0,4,TRUE
Female,Disloyal Customer,54,Business Travel,Business,1171,3,2,2,3,5,3,5,5,4,2,5,3,5,3.62,0,0,FALSE
Male,Loyal Customer,34,Personal Travel,Eco,1721,3,4,3,3,4,3,4,4,3,4,3,3,4,3.46,12,0,FALSE
Male,Disloyal Customer,48,Business Travel,Business,1986,3,4,4,2,3,3,3,3,4,4,4,3,3,3.31,0,17,FALSE
Female,Loyal Customer,22,Personal Travel,Eco,395,2,5,2,5,4,2,4,4,3,4,5,4,4,3.69,9,12,FALSE
Male,Loyal Customer,40,Business Travel,Business,2976,1,1,1,1,2,1,4,5,5,5,5,1,4,2.77,0,0,TRUE
Male,Disloyal Customer,21,Business Travel,Eco,258,4,2,4,2,1,4,1,1,3,3,3,1,1,2.31,20,20,FALSE
Female,Disloyal Customer,25,Business Travel,Eco,591,4,0,3,5,3,3,3,3,2,3,4,2,3,2.92,0,0,TRUE
Male,Loyal Customer,47,Business Travel,Business,1464,2,2,2,2,5,5,4,4,4,4,4,3,5,3.54,0,0,TRUE
Male,Loyal Customer,35,Personal Travel,Eco,532,4,4,4,2,2,4,2,2,3,3,5,4,2,3.15,0,0,TRUE
Female,Loyal Customer,56,Business Travel,Business,1506,3,3,3,3,5,5,4,4,4,5,4,5,5,4.08,0,0,TRUE
Male,Loyal Customer,19,Personal Travel,Eco,343,3,4,3,3,1,3,1,1,4,2,5,3,1,2.62,12,31,FALSE
Female,Loyal Customer,55,Business Travel,Business,1758,5,5,5,5,4,4,4,3,3,5,5,4,4,4.31,169,160,TRUE
Male,Loyal Customer,40,Business Travel,Business,1464,4,4,4,4,4,5,4,4,4,4,4,5,4,4.15,100,91,TRUE
Male,Loyal Customer,68,Business Travel,Business,2785,3,3,3,3,5,2,5,4,4,4,4,1,2,3.31,0,0,TRUE
Male,Disloyal Customer,23,Business Travel,Eco,190,2,2,2,4,1,2,1,1,2,1,4,4,1,2.08,0,0,FALSE
Female,Loyal Customer,14,Business Travel,Eco Plus,1546,1,3,3,3,1,2,1,1,2,1,3,2,1,1.85,68,89,FALSE
Male,Loyal Customer,22,Personal Travel,Eco,248,1,5,1,4,5,1,5,5,5,5,4,4,5,3.85,20,31,FALSE
Female,Disloyal Customer,22,Business Travel,Eco,599,2,4,2,5,3,2,3,3,5,3,5,5,3,3.46,0,0,FALSE
Female,Disloyal Customer,39,Business Travel,Business,936,3,3,3,3,1,3,1,1,1,4,4,1,1,2.23,0,0,FALSE
Female,Loyal Customer,23,Business Travel,Eco Plus,1521,0,3,0,2,2,0,5,2,1,1,1,3,2,1.69,0,0,TRUE
Male,Loyal Customer,54,Personal Travel,Eco,1299,5,4,5,1,5,4,5,5,3,4,4,3,5,4.08,0,0,TRUE
Male,Loyal Customer,28,Personal Travel,Eco Plus,283,3,5,3,3,5,3,5,5,3,2,5,4,5,3.92,32,52,FALSE
Male,Loyal Customer,14,Business Travel,Eco,1303,3,2,2,2,3,3,4,3,2,4,3,3,3,2.85,2,0,FALSE
Female,Loyal Customer,64,Personal Travel,Eco,116,2,3,2,1,1,3,3,4,4,2,4,5,4,2.92,0,0,FALSE
Male,Loyal Customer,40,Personal Travel,Eco,212,4,5,4,2,5,4,5,5,2,2,5,3,5,3.92,60,63,FALSE
Male,Loyal Customer,50,Personal Travel,Eco,907,1,4,1,4,1,1,1,1,4,2,5,5,1,2.38,10,0,FALSE
Male,Loyal Customer,49,Business Travel,Eco,194,4,1,1,1,4,4,4,4,4,5,2,3,4,3.15,8,3,TRUE
Male,Loyal Customer,57,Personal Travel,Eco,507,2,5,3,2,5,3,5,5,4,4,4,5,5,4,7,0,FALSE
Male,Disloyal Customer,55,Business Travel,Business,1892,5,5,5,4,5,5,5,5,4,2,5,5,5,4.62,0,5,TRUE
Male,Loyal Customer,27,Business Travel,Business,1970,3,3,3,3,2,2,3,2,4,4,3,4,2,2.92,0,19,FALSE
Female,Loyal Customer,37,Personal Travel,Eco Plus,595,2,2,2,3,4,2,4,4,2,1,3,4,4,2.85,0,20,FALSE
Male,Loyal Customer,56,Business Travel,Business,1727,4,1,4,4,3,4,5,5,5,5,5,3,3,3.92,10,0,TRUE
Male,Loyal Customer,49,Business Travel,Business,2211,1,1,1,1,5,4,5,4,4,4,4,5,3,3.23,0,0,TRUE
Female,Loyal Customer,39,Business Travel,Business,1768,1,0,0,4,4,3,3,4,4,0,2,1,4,2.31,0,0,FALSE
Female,Loyal Customer,31,Business Travel,Business,3061,2,4,4,4,2,2,2,2,3,4,4,4,2,3,0,3,FALSE
Male,Loyal Customer,44,Business Travel,Business,214,4,3,4,4,4,4,5,5,5,5,5,3,5,4.31,0,0,TRUE
Male,Loyal Customer,52,Personal Travel,Eco Plus,214,3,5,3,4,3,3,3,3,3,3,5,4,3,3.46,0,0,FALSE
Male,Loyal Customer,59,Personal Travel,Eco,451,2,3,2,1,3,2,2,3,2,3,3,1,3,2.31,82,72,FALSE
Male,Loyal Customer,20,Personal Travel,Eco Plus,672,2,4,2,1,1,2,1,1,5,1,3,5,1,2.23,0,0,FALSE
Female,Loyal Customer,61,Personal Travel,Eco,1747,2,5,2,3,5,5,5,3,3,2,3,3,3,3.38,0,0,FALSE
Male,Loyal Customer,39,Business Travel,Business,1754,2,2,2,2,5,5,5,4,4,4,5,4,3,3.62,0,1,TRUE
Male,Disloyal Customer,27,Business Travel,Business,316,4,4,4,1,1,4,1,1,3,2,4,5,1,2.69,0,0,FALSE
Female,Loyal Customer,24,Personal Travel,Eco,989,2,4,2,3,1,2,1,1,3,4,5,5,1,2.62,0,0,FALSE
Female,Loyal Customer,8,Personal Travel,Eco,236,2,4,2,1,3,2,3,3,3,3,5,5,3,3,0,0,FALSE
Female,Disloyal Customer,32,Business Travel,Business,289,1,1,1,2,3,1,3,3,4,5,5,3,3,2.69,37,41,FALSE
Male,Loyal Customer,26,Business Travel,Business,2363,3,3,3,3,5,5,5,5,5,3,2,3,5,3.85,0,0,TRUE
Female,Loyal Customer,22,Personal Travel,Eco,281,3,5,3,1,5,3,5,5,5,2,2,4,5,3.69,33,25,FALSE
Female,Disloyal Customer,20,Business Travel,Eco,1050,1,0,0,3,1,0,1,1,4,5,3,3,1,1.77,0,0,FALSE
Female,Loyal Customer,49,Business Travel,Business,337,2,2,2,2,5,1,3,4,4,4,4,4,3,3.08,15,14,TRUE
Female,Loyal Customer,54,Business Travel,Business,2248,2,2,2,2,4,4,4,5,3,5,1,4,4,3.23,0,90,TRUE
Male,Loyal Customer,9,Personal Travel,Business,853,1,5,1,2,5,1,5,5,4,3,4,5,5,3.54,68,76,FALSE
Male,Disloyal Customer,22,Business Travel,Eco,547,4,3,4,1,2,4,2,2,4,5,2,5,2,3.08,3,13,TRUE
Female,Loyal Customer,53,Business Travel,Business,649,4,4,4,4,5,5,3,4,4,4,4,3,2,3.85,0,3,TRUE
Female,Loyal Customer,50,Business Travel,Eco,689,4,2,2,2,2,1,4,4,4,4,4,3,2,2.92,0,0,TRUE
Male,Loyal Customer,41,Business Travel,Eco,715,4,5,5,5,5,4,5,5,3,3,3,2,5,4.15,15,15,FALSE
Female,Disloyal Customer,29,Business Travel,Business,1205,2,2,2,4,2,2,2,2,5,5,5,5,2,3.08,0,0,FALSE
Female,Loyal Customer,55,Business Travel,Business,341,2,1,1,1,3,4,3,2,2,2,2,2,3,2.15,8,10,FALSE
Male,Loyal Customer,45,Business Travel,Business,2737,1,1,1,1,2,5,4,5,5,5,5,4,2,3.15,16,4,TRUE
Male,Loyal Customer,40,Business Travel,Eco,261,5,2,2,2,5,5,5,5,3,5,2,5,5,3.92,0,0,TRUE
Female,Disloyal Customer,25,Business Travel,Eco,817,2,2,2,4,5,2,3,5,2,4,4,3,5,3.31,0,0,FALSE
Male,Loyal Customer,50,Business Travel,Eco,979,3,5,5,5,3,3,3,3,2,1,4,4,3,3.38,1,16,FALSE
Female,Loyal Customer,43,Business Travel,Business,2475,5,5,5,5,4,5,5,4,4,3,4,3,3,4.23,0,0,TRUE
Female,Loyal Customer,42,Business Travel,Business,1595,4,4,4,4,5,5,5,4,4,4,4,3,5,4.23,30,0,TRUE
Female,Loyal Customer,68,Personal Travel,Eco,528,3,3,3,4,1,1,2,5,5,3,5,5,5,3.46,4,0,FALSE
Female,Loyal Customer,23,Personal Travel,Eco Plus,369,4,1,4,3,4,4,4,4,2,4,4,3,4,3.46,33,33,FALSE
Male,Disloyal Customer,26,Business Travel,Business,251,4,0,4,2,3,4,3,3,4,3,5,4,3,3.23,9,6,FALSE
Male,Loyal Customer,28,Personal Travel,Eco Plus,406,2,5,2,3,3,2,1,3,5,5,4,5,3,3.31,0,0,FALSE
Male,Loyal Customer,52,Personal Travel,Business,405,2,5,2,4,3,4,4,3,3,2,3,4,4,3.31,6,0,FALSE
Male,Loyal Customer,58,Business Travel,Business,594,1,4,4,4,3,2,2,1,1,2,1,4,4,2.54,59,52,FALSE
Male,Loyal Customer,43,Business Travel,Business,1620,3,3,3,3,4,4,4,4,4,4,4,4,3,3.62,0,0,TRUE
Female,Loyal Customer,31,Business Travel,Eco,227,5,3,5,3,5,5,5,5,2,1,3,5,5,4,0,4,TRUE
Female,Disloyal Customer,59,Personal Travel,Eco,1400,2,5,2,3,5,2,1,5,5,2,4,4,5,3.46,31,2,FALSE
Female,Loyal Customer,22,Business Travel,Business,2612,3,3,3,3,5,5,5,5,5,5,5,3,5,4.23,12,8,TRUE
Male,Loyal Customer,36,Business Travel,Eco,248,5,4,4,4,5,5,5,5,5,3,1,3,5,4.15,1,0,TRUE
Female,Disloyal Customer,22,Business Travel,Business,1486,0,5,0,3,1,5,3,1,1,2,3,4,1,2.23,0,0,TRUE
Female,Loyal Customer,63,Personal Travel,Eco,946,4,5,4,1,1,4,1,2,2,4,2,3,1,2.62,0,0,TRUE
Male,Loyal Customer,37,Business Travel,Eco Plus,1020,4,4,4,4,4,3,4,4,1,1,3,4,4,3.38,94,95,FALSE
Male,Loyal Customer,15,Personal Travel,Eco,1464,1,4,1,5,3,1,3,3,5,4,4,4,3,3.15,45,74,FALSE
Female,Loyal Customer,46,Personal Travel,Business,247,3,5,0,4,4,5,4,5,5,0,5,5,5,3.85,0,0,FALSE
Female,Loyal Customer,40,Business Travel,Eco,1124,5,3,3,3,5,5,5,5,2,1,1,4,5,3.62,86,114,TRUE
Male,Loyal Customer,33,Personal Travel,Eco,374,3,0,3,4,3,3,1,3,5,3,5,3,3,3,9,13,FALSE
Male,Disloyal Customer,25,Business Travel,Eco,262,5,4,5,5,4,5,4,4,2,5,5,4,4,4.31,0,0,TRUE
Male,Loyal Customer,45,Personal Travel,Eco Plus,1464,5,4,5,3,3,5,3,3,5,4,5,3,3,3.92,8,31,TRUE
Male,Loyal Customer,14,Personal Travel,Eco,1624,4,2,4,3,5,4,3,5,2,1,3,2,5,3.31,15,0,FALSE
Female,Loyal Customer,65,Business Travel,Business,2227,4,3,3,3,4,3,4,4,4,4,4,3,3,3.54,64,65,FALSE
Female,Loyal Customer,60,Business Travel,Business,1726,4,4,4,4,3,5,5,4,4,5,4,3,3,4,0,0,TRUE
Male,Loyal Customer,32,Business Travel,Eco,160,4,1,1,1,4,4,4,4,5,5,3,4,4,3.38,0,0,TRUE
Male,Loyal Customer,28,Personal Travel,Eco,1337,3,4,3,3,3,3,3,3,4,3,5,3,3,3.31,108,130,FALSE
Male,Loyal Customer,46,Business Travel,Business,766,3,1,1,1,1,3,3,3,3,3,3,4,4,2.54,2,0,FALSE
Male,Loyal Customer,51,Business Travel,Business,2563,5,5,5,5,4,5,4,4,4,5,4,3,5,4.46,14,3,TRUE
Male,Loyal Customer,34,Business Travel,Eco Plus,420,3,3,3,3,4,3,3,5,5,2,3,3,3,3.31,177,167,TRUE
Female,Loyal Customer,59,Business Travel,Business,762,1,1,1,1,5,4,4,5,5,4,5,3,3,3.23,16,51,TRUE
Female,Loyal Customer,40,Business Travel,Business,2072,5,5,4,5,2,4,5,4,4,4,4,3,4,4.08,0,0,TRUE
Female,Loyal Customer,63,Business Travel,Eco Plus,2521,3,4,4,4,3,2,2,3,3,3,3,4,4,3.23,107,,FALSE
Female,Loyal Customer,13,Personal Travel,Eco,1056,2,4,2,3,4,2,4,4,5,1,5,2,4,3.23,2,0,FALSE
Male,Loyal Customer,36,Business Travel,Business,2539,3,3,3,3,2,4,5,5,5,5,5,5,4,4,0,0,TRUE
Male,Loyal Customer,31,Personal Travel,Eco,1723,3,5,3,1,1,3,5,1,4,2,4,4,1,2.85,0,0,FALSE
Female,Loyal Customer,13,Personal Travel,Eco Plus,733,1,2,1,4,3,1,3,3,3,4,3,1,3,2.46,0,0,FALSE
Female,Loyal Customer,38,Business Travel,Business,584,1,4,4,4,1,4,4,1,1,1,1,4,1,2.38,54,49,FALSE
Female,Loyal Customer,59,Business Travel,Eco,583,4,1,1,1,3,5,3,4,4,4,4,3,3,3.08,0,0,TRUE
Female,Loyal Customer,48,Personal Travel,Business,1005,2,5,2,4,2,5,4,5,5,2,1,5,4,3.54,13,13,FALSE
Female,Loyal Customer,41,Business Travel,Business,1642,4,4,4,4,3,5,5,2,2,2,2,3,4,3.38,43,39,TRUE
Female,Disloyal Customer,20,Business Travel,Business,304,5,0,5,2,2,5,4,2,3,5,4,5,2,3.38,21,18,TRUE
Male,Loyal Customer,7,Personal Travel,Eco,529,1,5,1,1,2,1,2,2,5,5,5,5,2,2.85,125,91,FALSE
Female,Loyal Customer,56,Personal Travel,Eco,184,2,3,2,3,2,4,3,4,4,2,1,3,1,2.62,0,0,FALSE
Male,Disloyal Customer,28,Business Travel,Eco,1024,2,2,2,4,5,2,5,5,2,2,4,4,5,3.38,9,0,FALSE
Male,Loyal Customer,42,Personal Travel,Eco,364,1,5,1,3,4,1,4,4,4,3,4,4,4,3.23,0,2,FALSE
Female,Loyal Customer,72,Business Travel,Eco,957,3,5,2,2,5,4,4,3,3,3,3,1,1,3,9,1,FALSE
Female,Loyal Customer,52,Business Travel,Business,200,5,5,5,5,3,5,4,4,4,4,5,5,3,4.38,0,6,TRUE
Female,Loyal Customer,41,Personal Travel,Eco,487,4,2,4,3,5,4,5,5,1,5,4,2,5,3.77,115,121,FALSE
Female,Loyal Customer,51,Business Travel,Eco,1428,4,4,3,4,3,1,4,4,4,4,4,4,5,3.69,0,0,TRUE
Male,Loyal Customer,26,Business Travel,Business,1721,4,4,4,4,4,4,4,4,5,2,3,3,4,3.77,0,0,TRUE
Female,Loyal Customer,57,Personal Travel,Eco,143,3,2,3,3,2,3,3,1,1,3,1,1,1,2.08,11,0,FALSE
Male,Disloyal Customer,44,Business Travel,Eco,810,1,1,1,3,5,1,5,5,3,2,4,4,5,3.08,12,0,FALSE
Male,Disloyal Customer,25,Business Travel,Eco,522,2,2,2,2,3,2,3,3,3,1,2,1,3,2.23,63,68,FALSE
Male,Loyal Customer,42,Personal Travel,Eco,328,4,4,4,4,4,4,4,4,3,5,5,4,4,4.08,0,0,TRUE
Female,Loyal Customer,66,Personal Travel,Eco,954,3,5,3,1,3,5,5,1,1,3,1,5,5,3.15,49,18,FALSE
Male,Loyal Customer,47,Business Travel,Business,950,1,1,1,1,4,4,5,5,5,5,5,5,4,3.54,0,0,TRUE
Male,Loyal Customer,14,Personal Travel,Eco,1182,3,5,3,4,3,3,2,3,3,4,4,5,3,3.46,1,13,FALSE
Female,Loyal Customer,47,Business Travel,Business,3234,3,3,3,3,3,5,4,3,3,3,3,5,3,3.38,0,0,TRUE
Female,Disloyal Customer,23,Business Travel,Eco,328,4,0,4,1,4,4,1,4,4,1,4,2,4,2.85,0,0,FALSE
Female,Loyal Customer,45,Business Travel,Eco,674,5,1,1,1,4,3,1,5,5,5,5,4,2,3.23,82,74,TRUE
Female,Disloyal Customer,33,Business Travel,Business,102,1,1,1,4,2,1,2,2,1,3,4,1,2,1.92,8,43,FALSE
Male,Loyal Customer,39,Business Travel,Business,602,5,5,4,5,5,5,5,4,4,4,4,4,3,4.38,0,0,TRUE
Male,Loyal Customer,18,Personal Travel,Eco,861,3,4,3,3,3,3,2,3,4,5,5,5,3,3.54,0,42,FALSE
Male,Loyal Customer,25,Business Travel,Business,534,2,2,2,2,4,4,4,4,5,2,5,4,4,3.38,0,0,TRUE
Male,Disloyal Customer,41,Business Travel,Business,1605,4,4,4,5,2,4,2,2,5,3,4,3,2,3.38,47,50,FALSE
Male,Disloyal Customer,8,Business Travel,Eco,4243,2,2,2,3,2,4,4,3,4,3,4,4,4,3.15,57,36,FALSE
Female,Loyal Customer,52,Business Travel,Business,759,2,2,2,2,3,5,4,5,5,5,5,5,4,3.77,4,0,TRUE
Female,Loyal Customer,42,Business Travel,Business,2546,2,2,2,2,3,4,5,5,5,4,5,5,5,3.77,27,18,TRUE
Female,Loyal Customer,8,Personal Travel,Eco,748,5,4,5,5,3,5,3,3,3,2,5,3,3,3.77,95,90,TRUE
Male,Loyal Customer,64,Personal Travel,Eco Plus,883,3,3,3,4,3,1,1,2,3,4,5,1,1,2.62,151,160,FALSE
Female,Loyal Customer,28,Business Travel,Business,2430,1,1,1,1,4,4,4,4,3,3,4,4,4,2.92,0,0,TRUE
Female,Loyal Customer,9,Personal Travel,Eco,2704,2,5,2,3,1,2,1,1,1,5,3,2,1,2.23,0,0,FALSE
Male,Loyal Customer,36,Business Travel,Business,3215,1,1,4,1,1,3,2,5,5,5,4,1,2,2.69,68,66,TRUE
Female,Loyal Customer,48,Personal Travel,Eco,2611,3,1,3,3,5,3,3,5,5,3,5,2,3,3.38,112,115,FALSE
Female,Loyal Customer,35,Business Travel,Business,1598,3,3,3,3,3,3,4,5,5,5,5,4,5,3.92,0,0,TRUE
Male,Disloyal Customer,36,Business Travel,Eco,858,3,3,3,4,1,3,1,1,3,4,5,1,1,2.54,6,0,FALSE
Male,Disloyal Customer,23,Business Travel,Eco,373,2,4,2,3,2,2,2,2,3,4,5,3,2,2.77,58,58,FALSE
Female,Loyal Customer,23,Personal Travel,Eco,903,3,4,3,3,1,3,1,1,5,5,3,1,1,2.62,2,0,FALSE
Female,Loyal Customer,61,Personal Travel,Eco,223,3,4,3,1,5,5,4,4,4,3,2,5,4,3.62,0,0,FALSE
Female,Loyal Customer,31,Business Travel,Eco Plus,402,4,3,2,3,4,4,4,4,2,5,4,5,4,3.69,0,0,TRUE
Female,Loyal Customer,18,Personal Travel,Eco,1635,2,4,2,2,2,4,3,3,3,5,4,3,3,3.08,150,168,FALSE
Male,Loyal Customer,30,Business Travel,Business,1609,4,4,4,4,5,5,5,5,5,5,5,4,5,4.62,0,0,TRUE
Male,Loyal Customer,42,Business Travel,Eco,391,1,4,4,4,1,1,1,1,2,1,3,2,1,2,19,8,FALSE
Male,Loyal Customer,41,Personal Travel,Eco,599,2,0,3,2,3,3,3,3,2,1,3,1,3,2.23,0,10,FALSE
Male,Loyal Customer,16,Personal Travel,Eco,237,3,3,0,3,1,0,1,1,4,3,4,3,1,2.08,0,2,FALSE
Female,Loyal Customer,66,Personal Travel,Business,370,2,1,2,3,3,3,4,2,2,2,5,4,3,2.77,0,0,FALSE
Male,Loyal Customer,56,Personal Travel,Eco,338,2,4,2,2,2,2,2,2,4,3,4,3,2,2.62,0,0,FALSE
Female,Disloyal Customer,20,Business Travel,Eco,1459,2,2,2,3,3,2,3,3,2,1,2,2,3,2.31,0,8,FALSE
Female,Loyal Customer,47,Business Travel,Business,829,4,4,4,4,3,4,4,4,4,4,4,4,5,4,5,3,TRUE
Male,Loyal Customer,36,Business Travel,Business,1667,2,3,3,3,5,4,3,2,2,2,2,3,3,2.85,20,12,FALSE
Female,Loyal Customer,53,Business Travel,Business,229,5,3,4,3,3,3,3,5,5,4,5,1,1,3.46,6,0,FALSE
Female,Loyal Customer,65,Business Travel,Eco Plus,216,4,2,5,2,5,5,5,4,4,4,4,4,2,3.85,0,0,TRUE
Female,Disloyal Customer,58,Business Travel,Business,282,4,4,4,3,3,4,4,3,5,2,5,3,3,3.62,0,0,FALSE
Female,Loyal Customer,39,Business Travel,Eco,1211,3,2,2,2,3,3,3,3,1,4,4,4,3,2.85,0,0,FALSE
Female,Loyal Customer,53,Business Travel,Business,303,0,0,0,3,3,5,2,1,1,1,1,1,3,1.62,4,0,TRUE
Female,Disloyal Customer,39,Business Travel,Business,280,3,3,3,4,3,3,3,3,4,2,5,4,3,3.31,0,0,FALSE
Male,Disloyal Customer,24,Business Travel,Eco,798,1,1,1,5,5,1,4,5,5,3,4,4,5,3.38,13,0,FALSE
Male,Disloyal Customer,50,Business Travel,Eco,1368,5,5,5,1,5,5,3,5,3,3,3,1,5,3.77,0,0,TRUE
Male,Loyal Customer,59,Business Travel,Eco,1061,1,0,0,4,5,1,5,5,1,2,4,3,5,2.77,0,0,FALSE
Male,Disloyal Customer,37,Business Travel,Eco,548,1,2,2,3,5,2,5,5,1,4,3,1,5,3,0,0,FALSE
Male,Loyal Customer,39,Business Travel,Business,1564,3,2,2,2,4,3,3,3,3,3,3,1,2,2.62,53,47,FALSE
Male,Loyal Customer,44,Personal Travel,Eco Plus,189,4,4,4,3,5,4,1,5,3,3,4,3,5,3.69,2,8,TRUE
Male,Loyal Customer,53,Business Travel,Business,797,3,3,3,3,1,4,5,3,3,3,3,1,4,3,5,3,TRUE
Male,Loyal Customer,40,Personal Travel,Eco,862,5,5,5,3,5,5,5,5,3,4,4,5,5,4.54,0,0,TRUE
Male,Loyal Customer,54,Business Travel,Business,3531,4,4,4,4,2,5,4,4,4,4,4,4,5,4,0,0,TRUE
Male,Loyal Customer,40,Personal Travel,Eco,883,3,4,3,4,3,3,3,3,2,2,4,2,3,3,34,15,FALSE
Male,Loyal Customer,7,Personal Travel,Eco,1190,4,4,4,1,1,4,1,1,3,5,3,3,1,2.69,0,0,FALSE
Male,Disloyal Customer,69,Business Travel,Business,236,4,4,4,4,4,4,4,4,4,4,4,1,4,3.77,9,0,FALSE
Male,Loyal Customer,32,Business Travel,Business,661,2,2,2,2,4,4,4,4,3,3,4,4,4,3.23,101,108,TRUE
Female,Loyal Customer,68,Personal Travel,Eco,255,3,4,3,4,2,5,2,2,2,3,2,1,3,2.77,5,8,FALSE
Male,Disloyal Customer,44,Business Travel,Business,1750,4,4,4,4,1,4,1,1,3,2,4,5,1,2.92,20,0,TRUE
Male,Loyal Customer,45,Business Travel,Business,425,2,2,2,2,3,5,5,5,5,5,5,4,5,3.85,43,23,TRUE
Male,Loyal Customer,50,Business Travel,Business,3363,4,4,4,4,5,4,5,4,4,4,4,3,3,4,28,27,TRUE
Male,Loyal Customer,57,Business Travel,Business,3264,2,2,5,2,5,5,4,5,5,5,5,5,4,4.15,23,47,TRUE
Male,Loyal Customer,50,Business Travel,Business,631,1,1,1,1,3,5,5,4,4,4,4,5,3,3.15,3,3,TRUE
Female,Loyal Customer,33,Business Travel,Business,2586,2,2,2,2,4,4,4,5,5,5,5,3,3,3.54,0,13,TRUE
Male,Loyal Customer,11,Personal Travel,Eco Plus,472,2,5,2,5,5,2,4,5,5,5,5,5,5,4.23,0,0,FALSE
Male,Disloyal Customer,22,Business Travel,Business,674,5,0,5,2,2,5,2,2,5,5,4,3,2,3.23,0,0,TRUE
Male,Loyal Customer,38,Business Travel,Eco,624,4,1,4,4,4,4,4,4,5,4,4,4,4,3.85,2,0,TRUE
Male,Loyal Customer,29,Business Travel,Business,631,5,1,5,5,4,4,4,4,3,2,4,5,4,3.85,0,0,TRUE
Female,Disloyal Customer,25,Business Travel,Business,325,4,4,4,4,3,4,3,3,3,2,4,3,3,3.38,0,0,TRUE
Male,Loyal Customer,31,Business Travel,Eco,431,2,3,3,3,2,2,2,2,1,3,4,3,2,2.46,0,0,FALSE
Female,Loyal Customer,63,Personal Travel,Eco,589,2,4,2,3,3,5,4,5,5,2,5,5,3,3.69,0,,FALSE
Female,Loyal Customer,64,Personal Travel,Eco Plus,1514,3,4,3,3,3,3,2,3,3,3,1,5,4,3.08,0,0,FALSE
Male,Loyal Customer,56,Personal Travel,Eco,1182,2,5,2,3,3,2,3,3,5,2,4,5,3,3.23,0,9,FALSE
Female,Loyal Customer,32,Business Travel,Business,1851,5,5,5,5,4,4,4,4,4,5,3,4,4,4.31,0,0,TRUE
Male,Disloyal Customer,37,Business Travel,Business,224,1,1,1,2,3,1,3,3,2,2,2,2,3,2,0,14,FALSE
Male,Loyal Customer,71,Business Travel,Business,2802,2,3,3,3,2,4,4,2,2,2,2,4,4,2.85,0,24,FALSE
Male,Disloyal Customer,28,Business Travel,Business,852,4,4,4,5,4,4,4,4,4,3,5,4,4,4.08,0,0,TRUE
Female,Loyal Customer,57,Business Travel,Business,2975,5,5,5,5,3,4,4,5,5,5,5,4,4,4.54,0,0,TRUE
Female,Loyal Customer,36,Business Travel,Business,3587,3,3,4,3,1,1,5,4,4,4,3,1,1,2.85,0,0,TRUE
Female,Disloyal Customer,21,Business Travel,Eco,2153,3,3,3,3,1,3,1,1,1,3,3,1,1,2.08,20,25,FALSE
Female,Disloyal Customer,45,Business Travel,Business,507,4,3,3,2,1,4,1,1,3,4,5,5,1,2.85,25,9,TRUE
Female,Loyal Customer,47,Business Travel,Business,1523,0,0,0,3,5,4,5,4,4,4,4,4,5,3.23,0,0,TRUE
Male,Loyal Customer,50,Personal Travel,Eco,2402,3,2,3,3,5,3,5,5,2,2,4,2,5,3.38,0,0,FALSE
Female,Loyal Customer,24,Business Travel,Eco,622,4,4,4,4,4,5,4,4,2,3,1,5,4,3.69,56,53,TRUE
Female,Loyal Customer,51,Business Travel,Eco Plus,1372,2,5,5,5,4,3,3,2,2,2,2,4,4,3.31,0,0,FALSE
Male,Loyal Customer,22,Business Travel,Business,588,3,4,4,4,3,3,3,3,2,5,4,3,3,3.38,0,0,FALSE
Male,Loyal Customer,52,Business Travel,Eco Plus,1188,3,4,1,4,4,3,4,4,1,4,2,4,4,3.23,0,0,FALSE
Male,Loyal Customer,33,Business Travel,Business,641,3,3,3,3,5,5,5,5,4,2,5,5,5,4.08,0,0,TRUE
Male,Loyal Customer,48,Business Travel,Eco,337,4,1,3,1,5,4,5,5,4,3,2,1,5,3.31,0,40,FALSE
Male,Disloyal Customer,27,Business Travel,Eco,867,2,2,2,3,5,2,5,5,1,3,4,1,5,3.08,10,0,FALSE
Male,Loyal Customer,42,Personal Travel,Eco,585,0,4,0,4,3,0,3,3,3,4,5,4,3,2.77,1,0,TRUE
Male,Disloyal Customer,36,Business Travel,Business,1773,2,2,2,1,3,2,3,3,5,2,5,4,3,2.85,0,6,FALSE
Male,Loyal Customer,57,Business Travel,Business,3524,4,4,4,4,5,4,5,4,4,4,4,4,3,4.08,43,31,TRUE
Female,Loyal Customer,51,Business Travel,Business,1912,5,5,5,5,3,4,5,3,3,4,3,3,4,4,31,11,TRUE
Male,Loyal Customer,44,Business Travel,Business,1514,5,5,5,5,4,4,5,4,4,4,4,5,3,4.38,0,0,TRUE
Female,Loyal Customer,14,Personal Travel,Eco,1076,1,5,1,1,3,1,3,3,4,5,4,3,3,2.85,0,1,FALSE
Male,Loyal Customer,8,Personal Travel,Eco,201,2,5,2,1,3,2,3,3,5,3,4,4,3,3.08,0,12,FALSE
Male,Disloyal Customer,23,Business Travel,Business,937,0,0,0,3,5,0,5,5,4,2,5,3,5,2.85,25,2,TRUE
Male,Loyal Customer,57,Business Travel,Business,3702,0,0,0,1,2,4,4,1,1,1,1,5,5,1.92,6,24,TRUE
Male,Loyal Customer,59,Business Travel,Business,1670,2,2,2,2,4,3,4,5,5,5,5,5,4,3.69,0,17,TRUE
Male,Loyal Customer,49,Business Travel,Business,746,3,3,3,3,4,4,4,4,4,4,4,3,4,3.62,0,0,TRUE
Female,Loyal Customer,19,Personal Travel,Eco Plus,325,2,3,2,1,3,2,3,3,1,5,5,2,3,2.69,0,0,FALSE
Female,Loyal Customer,42,Business Travel,Eco Plus,421,5,4,5,4,1,2,5,5,5,5,5,3,4,4.08,31,32,TRUE
Male,Loyal Customer,23,Business Travel,Business,954,1,1,1,1,4,4,4,4,3,2,3,2,4,2.62,0,0,TRUE
Female,Loyal Customer,26,Personal Travel,Eco Plus,358,2,4,2,3,5,2,5,5,4,3,4,3,5,3.62,0,0,FALSE
Female,Disloyal Customer,23,Business Travel,Eco,1020,2,2,2,1,2,2,2,2,2,3,1,2,2,1.92,98,89,FALSE
Female,Loyal Customer,46,Business Travel,Business,2860,3,3,3,3,3,4,5,5,5,5,5,4,5,4.08,2,,TRUE
Male,Loyal Customer,47,Business Travel,Eco,1726,1,2,2,2,1,1,1,1,2,2,3,4,1,1.77,0,28,FALSE
Male,Loyal Customer,50,Business Travel,Eco,925,2,1,1,1,2,2,2,2,2,4,1,1,2,1.77,2,0,TRUE
Female,Loyal Customer,60,Business Travel,Business,3131,3,3,3,3,5,4,5,5,5,5,5,3,5,4.15,0,0,TRUE
Male,Loyal Customer,11,Personal Travel,Eco Plus,1083,3,1,3,3,3,3,3,3,2,2,3,3,3,2.69,0,36,FALSE
Male,Loyal Customer,35,Business Travel,Business,2772,5,4,5,5,4,4,5,4,4,4,4,4,5,4.38,0,0,TRUE
Female,Loyal Customer,34,Personal Travel,Eco,643,4,5,4,2,1,4,1,1,4,5,4,3,1,3,18,25,FALSE
Female,Loyal Customer,10,Personal Travel,Eco,599,2,2,2,4,1,2,1,1,2,4,3,4,1,2.23,0,0,FALSE
Female,Disloyal Customer,20,Business Travel,Business,562,4,1,5,2,4,5,2,4,5,5,5,5,4,3.92,0,0,TRUE
Female,Loyal Customer,52,Personal Travel,Eco,937,1,1,1,3,5,4,4,1,1,1,1,2,3,2.15,10,3,FALSE
Female,Loyal Customer,24,Personal Travel,Eco Plus,834,2,2,2,3,3,2,1,3,4,2,4,4,3,2.69,0,0,FALSE
Female,Loyal Customer,24,Business Travel,Business,2919,5,5,5,5,5,4,5,5,2,3,3,4,5,4.31,33,39,FALSE
Male,Loyal Customer,34,Personal Travel,Eco Plus,432,3,4,1,3,4,1,5,4,5,5,3,1,4,3.31,25,29,FALSE
Female,Loyal Customer,48,Personal Travel,Eco,868,2,4,2,4,1,3,1,3,3,2,3,1,4,2.54,0,0,FALSE
Female,Loyal Customer,50,Personal Travel,Eco Plus,147,2,4,2,4,2,5,5,2,2,2,2,5,5,3.23,0,0,FALSE
Male,Loyal Customer,62,Business Travel,Business,421,3,3,3,3,2,1,2,4,4,4,4,3,3,3,1,0,TRUE
Male,Loyal Customer,51,Business Travel,Eco,545,1,3,3,3,1,1,1,1,4,2,4,3,1,2.15,0,0,FALSE
Female,Disloyal Customer,25,Business Travel,Business,333,1,0,2,3,2,2,2,2,5,4,5,5,2,2.69,0,0,FALSE
Female,Loyal Customer,19,Personal Travel,Eco Plus,455,2,4,2,1,3,2,3,3,3,3,4,3,3,2.77,10,38,FALSE
Male,Disloyal Customer,37,Business Travel,Business,534,4,4,4,3,2,4,2,2,4,4,4,5,2,3.38,12,1,TRUE
Male,Loyal Customer,46,Business Travel,Eco Plus,73,5,2,2,2,5,5,5,5,4,3,3,4,5,3.85,0,0,TRUE
Female,Loyal Customer,30,Business Travel,Business,451,4,5,5,5,4,4,4,4,3,2,4,4,4,4,0,0,FALSE
Male,Loyal Customer,47,Business Travel,Eco,120,2,4,3,4,2,2,2,2,4,1,3,3,2,2.62,0,0,FALSE
Female,Loyal Customer,59,Business Travel,Business,1590,2,2,2,2,2,4,4,5,5,5,5,4,3,3.46,2,5,TRUE
Male,Loyal Customer,27,Business Travel,Eco Plus,862,3,4,4,4,3,3,3,3,1,1,3,4,3,3,0,0,FALSE
Female,Disloyal Customer,38,Business Travel,Business,530,5,5,5,3,5,5,5,5,5,5,4,3,5,4.62,0,0,TRUE
Male,Loyal Customer,43,Business Travel,Business,2646,4,4,4,4,4,5,4,5,5,5,5,5,3,4.38,0,0,TRUE
Female,Disloyal Customer,29,Business Travel,Business,1188,5,5,5,4,5,5,3,5,4,2,5,4,5,4.38,0,0,TRUE
Female,Loyal Customer,41,Business Travel,Business,1779,5,5,5,5,2,4,4,3,3,4,3,5,4,4,0,7,TRUE
Male,Loyal Customer,41,Business Travel,Eco Plus,143,4,2,2,2,4,4,4,4,5,2,1,5,4,3.31,1,0,TRUE
Female,Loyal Customer,50,Business Travel,Business,3623,4,4,4,3,2,5,4,4,4,4,4,5,3,3.85,0,0,TRUE
Female,Disloyal Customer,36,Business Travel,Eco,239,2,3,2,5,4,2,4,4,5,1,1,3,4,3.08,0,0,FALSE
Male,Loyal Customer,31,Business Travel,Eco,1535,5,2,2,2,5,5,5,5,2,3,1,1,5,3.31,0,0,TRUE
Female,Loyal Customer,17,Personal Travel,Eco,129,5,0,5,1,4,5,4,4,3,2,5,5,4,3.62,0,0,TRUE
Male,Loyal Customer,50,Personal Travel,Eco,764,3,5,3,1,4,3,4,4,5,4,5,5,4,3.85,19,28,FALSE
Female,Disloyal Customer,46,Business Travel,Eco,2457,4,4,4,3,2,4,2,2,2,1,3,1,2,2.62,0,0,FALSE
Male,Loyal Customer,43,Personal Travel,Eco,964,2,5,2,5,3,2,5,3,4,3,5,5,3,3.62,1,0,FALSE
Female,Loyal Customer,39,Business Travel,Eco,246,3,4,3,4,3,3,3,3,1,4,3,4,3,3.15,0,0,FALSE
Male,Loyal Customer,35,Business Travel,Eco,268,5,4,4,4,5,5,5,5,5,3,3,2,5,4.23,0,0,TRUE
Female,Loyal Customer,67,Personal Travel,Eco,1589,2,2,2,4,2,2,3,4,4,2,4,4,4,3,0,0,FALSE
Male,Loyal Customer,47,Business Travel,Business,657,5,5,5,5,3,5,5,4,4,5,4,3,3,4.31,0,0,TRUE
Female,Loyal Customer,43,Business Travel,Business,3487,5,5,5,5,5,5,4,4,4,4,4,5,3,4.46,1,0,TRUE
Female,Loyal Customer,22,Personal Travel,Eco Plus,1773,3,4,3,5,1,3,1,1,3,4,4,1,1,2.62,114,108,FALSE
Male,Loyal Customer,53,Personal Travel,Eco,442,3,3,3,2,4,3,5,4,3,4,5,4,4,3.62,0,0,FALSE
Male,Loyal Customer,56,Business Travel,Business,356,2,2,2,2,4,4,5,5,5,5,5,3,4,3.69,0,0,TRUE
Male,Loyal Customer,45,Business Travel,Business,2358,0,4,0,3,2,4,5,4,4,1,1,5,3,2.77,0,0,TRUE
Male,Loyal Customer,40,Business Travel,Business,869,1,1,1,1,1,4,3,1,1,1,1,3,3,1.69,1,0,FALSE
Female,Loyal Customer,44,Business Travel,Business,3664,2,2,2,2,3,5,4,4,4,4,4,3,4,3.31,0,1,TRUE
Female,Loyal Customer,57,Personal Travel,Eco,1448,3,3,3,3,5,3,4,5,5,3,5,2,4,3.69,5,0,FALSE
Male,Loyal Customer,44,Business Travel,Business,682,3,3,3,3,3,4,4,4,4,4,4,3,5,3.62,30,23,TRUE
Male,Loyal Customer,53,Business Travel,Business,2878,3,3,3,3,3,5,4,4,4,4,4,5,3,3.69,0,0,TRUE
Male,Loyal Customer,32,Personal Travel,Eco,366,5,5,5,4,3,5,2,3,5,2,4,5,3,3.92,4,0,TRUE
Female,Loyal Customer,48,Business Travel,Business,1009,4,4,3,4,4,5,4,4,4,4,4,3,3,3.85,0,0,TRUE
Female,Loyal Customer,24,Personal Travel,Eco Plus,196,2,2,2,3,2,2,2,2,2,2,3,2,2,2.15,0,0,FALSE
Male,Loyal Customer,34,Business Travel,Business,3131,3,4,4,4,5,4,3,3,3,2,3,2,1,3.15,0,0,FALSE
Male,Loyal Customer,54,Business Travel,Business,841,5,1,5,5,2,4,4,4,4,4,4,4,3,3.77,0,14,TRUE
Female,Disloyal Customer,42,Business Travel,Business,849,2,2,2,3,5,2,5,5,5,5,5,5,5,3.92,19,0,FALSE
Female,Loyal Customer,33,Business Travel,Business,1912,2,5,2,2,4,4,5,5,5,5,5,3,3,3.85,29,23,TRUE
Female,Loyal Customer,44,Personal Travel,Eco,2611,4,3,4,3,4,5,5,4,5,3,3,5,5,4.08,0,10,FALSE
Male,Loyal Customer,8,Personal Travel,Eco,484,1,3,5,4,1,5,1,1,2,2,4,2,1,2.46,0,13,FALSE
Male,Loyal Customer,61,Business Travel,Eco,331,4,5,5,5,4,4,4,4,1,2,1,5,4,3.69,0,0,TRUE
Female,Loyal Customer,59,Business Travel,Business,281,2,2,2,2,3,5,4,5,5,5,5,5,5,3.85,77,75,TRUE
Female,Disloyal Customer,26,Business Travel,Business,1306,4,4,4,4,5,4,5,5,3,5,4,5,5,4.38,0,0,FALSE
Female,Loyal Customer,48,Business Travel,Eco,581,3,3,3,3,4,4,4,3,3,3,3,4,2,3.23,0,0,FALSE
Male,Loyal Customer,60,Business Travel,Business,2919,2,1,2,2,5,5,5,4,4,4,4,4,3,3.46,5,9,TRUE
Male,Loyal Customer,42,Business Travel,Business,1448,5,5,5,5,3,1,3,5,5,5,5,5,2,4.15,0,0,TRUE
Male,Loyal Customer,40,Business Travel,Business,1535,4,4,4,4,2,4,5,5,5,5,5,4,5,4.31,0,0,TRUE
Female,Loyal Customer,41,Business Travel,Business,294,5,4,5,5,2,4,4,4,4,4,4,4,3,4,24,23,TRUE
Male,Loyal Customer,43,Business Travel,Business,3252,2,2,2,2,3,2,2,2,4,3,4,2,2,2.46,308,297,FALSE
Male,Loyal Customer,25,Business Travel,Business,1899,2,2,2,2,3,4,3,3,3,4,5,3,3,3,35,13,TRUE
Male,Disloyal Customer,22,Business Travel,Eco,239,3,2,3,4,2,3,2,2,3,5,3,4,2,2.92,3,5,FALSE
Male,Loyal Customer,38,Personal Travel,Eco,152,3,5,3,3,5,3,5,5,3,5,4,4,5,4.08,0,2,FALSE
Male,Loyal Customer,28,Business Travel,Business,1452,2,2,3,2,5,4,5,5,3,2,4,4,5,3.54,12,0,TRUE
Female,Loyal Customer,47,Business Travel,Business,2660,3,1,1,1,1,3,3,3,3,3,3,4,3,2.46,0,0,FALSE
Female,Loyal Customer,35,Personal Travel,Eco Plus,459,3,4,4,4,3,4,3,3,3,4,5,5,3,3.69,0,0,FALSE
Female,Loyal Customer,29,Business Travel,Business,235,4,4,4,4,5,4,5,5,4,5,5,4,5,4.46,3,32,TRUE
Female,Loyal Customer,39,Business Travel,Business,3032,2,2,2,2,5,4,4,4,4,4,4,3,5,3.46,53,42,TRUE
Male,Loyal Customer,23,Business Travel,Business,1045,4,4,4,4,5,5,5,5,4,3,4,5,5,4.38,0,0,TRUE
Female,Loyal Customer,53,Business Travel,Eco,1076,1,4,4,4,4,3,4,1,1,1,1,3,3,2.62,45,49,FALSE
Male,Loyal Customer,23,Business Travel,Business,1605,1,1,1,1,5,5,5,5,3,2,4,3,5,3.15,36,20,TRUE
Female,Loyal Customer,68,Personal Travel,Eco,607,1,4,1,3,2,5,4,3,3,1,3,5,5,3.08,0,0,FALSE
Male,Loyal Customer,47,Business Travel,Business,157,3,4,3,3,4,2,2,2,2,3,3,2,2,2.69,0,0,FALSE
Female,Loyal Customer,44,Personal Travel,Eco,1448,4,1,4,2,4,1,1,5,5,4,5,4,2,3.23,0,12,FALSE
Female,Disloyal Customer,39,Business Travel,Business,1183,3,3,3,3,4,3,4,4,5,5,4,5,4,3.85,0,26,FALSE
Male,Loyal Customer,37,Personal Travel,Eco,1488,4,5,4,3,2,4,2,2,3,2,4,3,2,3.08,0,0,FALSE
Female,Disloyal Customer,26,Personal Travel,Eco,650,1,1,1,3,2,1,2,2,2,5,2,1,2,1.92,0,0,FALSE
Male,Loyal Customer,48,Business Travel,Business,356,4,4,4,4,4,5,4,5,5,5,5,5,4,4.46,0,0,TRUE
Male,Loyal Customer,33,Business Travel,Eco,89,3,4,4,4,3,3,3,3,1,3,3,3,3,3.08,0,0,FALSE
Female,Loyal Customer,41,Business Travel,Business,2496,2,4,4,4,2,2,2,2,4,2,4,2,2,2.77,0,39,FALSE
Female,Disloyal Customer,24,Business Travel,Eco,930,3,3,3,3,3,3,3,3,5,2,4,5,3,3.31,1,7,FALSE
Male,Loyal Customer,27,Business Travel,Eco,2496,4,4,4,4,4,4,4,5,3,3,1,4,4,3.69,9,0,TRUE
Female,Loyal Customer,67,Personal Travel,Eco,239,4,1,0,4,1,4,3,4,4,0,2,2,1,2.31,8,3,FALSE
Female,Loyal Customer,30,Personal Travel,Eco,226,3,4,3,1,4,3,4,4,4,5,5,5,4,3.77,4,0,FALSE
Female,Disloyal Customer,39,Business Travel,Business,430,3,3,3,3,2,3,2,2,3,2,5,4,2,2.85,9,2,FALSE
Male,Loyal Customer,48,Business Travel,Business,1751,4,4,3,4,5,4,5,4,4,4,4,5,3,4.08,34,14,TRUE
Female,Loyal Customer,62,Personal Travel,Business,888,3,5,3,5,5,4,4,3,3,3,3,5,4,3.85,3,0,FALSE
Female,Loyal Customer,42,Business Travel,Business,1912,2,2,2,2,3,5,5,3,3,4,3,4,4,3.23,34,20,TRUE
Male,Loyal Customer,57,Personal Travel,Eco,1050,2,5,2,3,4,2,1,4,3,5,4,3,4,3.23,55,47,FALSE
Female,Loyal Customer,45,Business Travel,Business,3832,3,3,3,3,4,4,4,5,5,5,5,4,4,4,56,40,TRUE
Male,Loyal Customer,49,Business Travel,Business,1562,1,5,5,5,4,3,4,1,1,1,1,3,3,2.85,59,42,FALSE
Male,Loyal Customer,51,Business Travel,Eco,200,2,3,3,3,2,2,2,2,1,3,3,2,2,2.31,8,10,FALSE
Female,Loyal Customer,43,Personal Travel,Eco,640,1,5,1,3,5,4,5,1,1,1,1,5,3,2.77,17,6,FALSE
Male,Disloyal Customer,36,Business Travel,Business,329,1,1,1,4,5,1,5,5,3,4,5,4,5,3.38,77,77,FALSE
Female,Loyal Customer,29,Personal Travel,Eco,399,2,5,5,1,4,5,4,4,3,4,4,4,4,3.77,47,41,FALSE
Female,Loyal Customer,24,Business Travel,Business,2125,1,3,3,3,1,1,1,1,2,5,2,3,1,2.08,1,24,FALSE
Female,Loyal Customer,35,Personal Travel,Eco,319,3,3,3,4,3,3,3,3,4,1,4,4,3,3.15,55,45,FALSE
Female,Disloyal Customer,11,Business Travel,Eco,986,3,3,3,2,4,3,5,4,4,3,5,3,4,3.54,0,3,FALSE
Male,Loyal Customer,9,Personal Travel,Business,569,0,4,0,3,1,0,1,1,1,5,3,4,1,1.85,0,0,TRUE
Female,Disloyal Customer,22,Business Travel,Eco,994,3,3,3,4,5,3,3,5,3,3,4,3,5,3.62,0,0,FALSE
Female,Loyal Customer,42,Personal Travel,Eco,258,4,4,4,1,3,3,2,4,4,4,4,5,5,3.62,0,0,FALSE
Male,Loyal Customer,49,Business Travel,Eco,523,1,4,4,4,2,1,2,2,2,1,3,1,2,2.23,0,34,FALSE
Male,Disloyal Customer,22,Business Travel,Eco,954,2,1,1,3,3,1,3,3,1,3,3,2,3,2.23,4,6,FALSE
Female,Disloyal Customer,22,Business Travel,Eco,501,1,0,1,4,3,1,3,3,4,5,5,4,3,2.85,0,1,FALSE
Female,Loyal Customer,53,Business Travel,Eco,216,4,1,1,1,1,4,3,4,4,4,4,2,4,2.85,0,0,TRUE
Female,Loyal Customer,25,Business Travel,Business,1742,5,5,5,5,4,4,4,4,4,4,5,3,4,4.31,0,0,TRUE
Female,Loyal Customer,33,Business Travel,Business,3135,1,4,1,4,5,3,3,1,1,1,1,2,4,2.38,7,0,FALSE
Female,Loyal Customer,63,Personal Travel,Eco,1517,1,5,0,1,5,4,4,3,3,0,3,3,5,2.85,20,17,FALSE
Female,Loyal Customer,41,Business Travel,Business,2849,0,1,1,2,2,4,3,3,3,3,4,5,2,2.54,0,0,TRUE
Female,Loyal Customer,22,Personal Travel,Business,1076,3,5,3,1,5,3,4,5,3,5,4,5,5,3.92,9,0,FALSE
Male,Loyal Customer,38,Personal Travel,Eco,390,1,1,1,2,4,1,4,4,1,3,2,2,4,2.31,0,0,FALSE
Female,Loyal Customer,39,Personal Travel,Eco,366,3,1,3,3,2,3,2,2,4,4,2,4,2,2.69,2,0,FALSE
Female,Loyal Customer,19,Business Travel,Business,1941,5,5,5,5,5,5,5,5,3,1,1,5,5,4.23,0,0,TRUE
Female,Loyal Customer,42,Business Travel,Eco,620,4,5,5,5,2,5,5,4,4,4,4,1,2,3.85,0,0,TRUE
Female,Disloyal Customer,25,Business Travel,Business,361,3,5,3,2,5,3,3,5,5,3,5,5,5,4,19,18,FALSE
Male,Loyal Customer,38,Business Travel,Business,2588,1,1,1,1,2,1,1,5,4,5,1,1,1,1.92,0,0,TRUE
Female,Disloyal Customer,48,Business Travel,Business,309,2,2,2,3,5,2,5,5,1,3,4,4,5,3.31,0,5,FALSE
Female,Loyal Customer,46,Business Travel,Business,2235,3,5,5,5,4,3,3,3,3,3,3,1,4,3.46,8,14,FALSE
Male,Loyal Customer,53,Business Travel,Business,2044,2,2,2,2,5,4,4,5,5,5,5,3,4,3.69,0,7,TRUE
Male,Disloyal Customer,24,Business Travel,Eco,372,3,3,3,2,3,3,3,3,1,4,5,4,3,3.08,0,0,FALSE
Male,Loyal Customer,12,Personal Travel,Eco,226,3,5,0,2,3,0,3,3,5,3,4,4,3,2.92,10,2,FALSE
Female,Loyal Customer,26,Business Travel,Eco,1846,1,4,4,4,1,1,2,1,3,1,2,2,1,2.08,10,6,FALSE
Male,Loyal Customer,35,Personal Travel,Eco,391,2,4,2,4,1,2,1,1,4,3,2,5,1,2.46,0,0,FALSE
Male,Loyal Customer,32,Business Travel,Business,363,5,3,5,5,4,4,4,4,3,4,4,4,4,4.08,0,0,TRUE
Female,Loyal Customer,39,Business Travel,Eco,325,2,3,3,3,2,2,2,2,2,2,1,5,2,2.38,117,107,TRUE
Female,Loyal Customer,36,Personal Travel,Eco,669,2,5,2,4,5,2,2,5,1,5,3,4,5,3.46,8,0,FALSE
Female,Loyal Customer,33,Business Travel,Business,1535,2,2,2,2,4,5,5,4,4,4,4,4,4,3.54,5,10,TRUE
Female,Disloyal Customer,48,Business Travel,Business,290,5,5,5,5,4,5,3,4,5,5,5,5,4,4.62,123,105,TRUE
Female,Disloyal Customer,21,Business Travel,Eco Plus,350,3,4,3,2,1,3,1,1,4,3,4,1,1,2.38,0,0,FALSE
Male,Loyal Customer,26,Personal Travel,Eco,337,4,3,1,2,1,1,1,1,3,3,3,5,1,2.23,0,0,FALSE
Male,Loyal Customer,39,Business Travel,Business,425,1,1,1,1,5,5,5,4,4,4,4,4,3,3.23,0,13,TRUE
Female,Loyal Customer,11,Personal Travel,Eco,296,2,3,2,4,2,2,2,2,4,2,4,4,2,2.69,0,0,FALSE
Male,Loyal Customer,35,Personal Travel,Business,1334,2,5,2,3,4,5,4,5,5,2,5,3,5,3.85,2,9,FALSE
Female,Disloyal Customer,40,Business Travel,Business,363,4,4,4,4,4,4,4,4,2,1,3,3,4,3.46,115,109,TRUE
Female,Loyal Customer,37,Business Travel,Business,3070,1,1,5,1,3,5,4,5,5,5,5,4,3,3.62,0,0,TRUE
Male,Loyal Customer,31,Business Travel,Business,484,4,4,4,4,4,4,4,4,5,4,4,3,4,4,33,24,TRUE
Male,Loyal Customer,63,Personal Travel,Eco Plus,281,4,4,4,3,5,4,4,5,3,3,3,3,5,3.85,1,0,FALSE
Female,Loyal Customer,28,Business Travel,Business,618,1,1,1,1,4,4,4,4,3,1,5,1,4,2.62,107,97,TRUE
Male,Loyal Customer,58,Business Travel,Eco,503,5,3,3,3,5,5,5,5,1,1,2,3,5,3.54,2,0,TRUE
Male,Loyal Customer,30,Business Travel,Eco Plus,184,1,2,2,2,1,1,1,1,1,1,4,2,1,1.54,0,11,FALSE
Female,Disloyal Customer,22,Business Travel,Eco Plus,697,2,1,1,3,2,1,2,2,3,1,4,4,2,2.15,32,22,FALSE
Female,Loyal Customer,39,Business Travel,Eco Plus,126,2,1,1,1,2,2,2,2,2,1,1,4,2,1.77,0,0,FALSE
Male,Disloyal Customer,45,Business Travel,Business,370,4,4,4,3,5,4,5,5,5,3,4,5,5,4.31,0,0,TRUE
Female,Disloyal Customer,37,Business Travel,Business,731,4,4,4,3,3,4,3,3,4,2,4,5,3,3.54,0,0,FALSE
Female,Loyal Customer,22,Business Travel,Business,2151,1,1,1,1,4,4,4,4,4,4,5,3,4,3.08,0,17,TRUE
Male,Loyal Customer,26,Business Travel,Eco,984,3,1,3,1,3,4,5,3,2,4,4,5,3,3.15,9,0,TRUE
Female,Loyal Customer,8,Personal Travel,Eco,666,2,1,2,3,2,2,2,2,3,1,4,2,2,2.15,0,0,FALSE
Female,Loyal Customer,67,Personal Travel,Eco,239,3,4,0,5,4,5,5,2,2,0,2,3,4,3,7,7,FALSE
Male,Loyal Customer,40,Business Travel,Business,2386,5,5,2,5,4,4,5,5,5,5,5,3,5,4.46,18,36,TRUE
Male,Loyal Customer,16,Business Travel,Business,370,5,5,5,5,5,5,5,5,3,2,4,3,5,4.38,0,0,TRUE
Male,Loyal Customer,40,Business Travel,Eco,1440,2,1,1,1,2,2,2,2,2,1,4,3,2,1.92,24,23,FALSE
Female,Loyal Customer,7,Personal Travel,Eco,408,2,3,2,1,4,2,1,4,4,1,2,2,4,2.46,0,0,FALSE
Male,Loyal Customer,73,Business Travel,Business,2408,2,2,4,2,3,3,3,4,4,4,5,2,1,3,0,0,TRUE
Male,Loyal Customer,40,Business Travel,Eco,185,5,5,5,5,5,5,5,5,2,4,4,4,5,4.54,22,23,TRUE
Male,Loyal Customer,38,Business Travel,Eco,108,2,5,5,5,2,1,2,2,3,3,4,2,2,2.92,0,7,FALSE
Female,Loyal Customer,53,Personal Travel,Eco,954,3,3,3,3,4,4,4,3,3,3,3,3,3,3.23,0,0,FALSE
Female,Loyal Customer,37,Business Travel,Business,1514,2,2,2,2,3,4,5,4,4,4,4,4,5,3.46,43,39,TRUE
Female,Loyal Customer,29,Personal Travel,Eco,238,1,2,1,4,2,1,5,2,3,3,3,2,2,2.38,0,0,FALSE
Male,Loyal Customer,60,Business Travel,Business,611,4,4,4,4,4,4,4,5,5,5,4,4,4,4.23,122,154,TRUE
Female,Loyal Customer,53,Business Travel,Business,3739,3,3,3,3,5,4,4,4,4,4,4,5,4,3.85,23,9,TRUE
Male,Disloyal Customer,15,Business Travel,Eco,208,3,3,3,4,2,3,2,2,1,5,4,2,2,2.77,0,0,FALSE
Female,Loyal Customer,46,Business Travel,Business,2163,2,2,2,2,4,5,1,5,5,5,5,5,3,3.54,0,0,TRUE
Male,Loyal Customer,47,Business Travel,Eco,528,3,3,3,3,3,3,3,3,1,1,4,2,3,2.69,0,7,FALSE
Female,Loyal Customer,41,Business Travel,Business,1791,0,4,0,1,2,4,5,3,3,3,3,5,3,2.77,0,0,TRUE
Female,Loyal Customer,41,Business Travel,Business,1940,1,1,1,1,4,4,5,4,4,4,4,4,4,3.15,9,2,TRUE
Female,Loyal Customer,56,Business Travel,Business,2078,2,2,2,2,4,5,5,4,4,4,4,4,5,3.62,106,87,TRUE
Male,Disloyal Customer,24,Business Travel,Eco,224,3,5,3,2,5,3,4,5,2,4,4,4,5,3.77,9,6,FALSE
Female,Disloyal Customer,40,Business Travel,Business,944,2,2,2,4,4,2,4,4,5,5,4,5,4,3.62,0,0,FALSE
Male,Disloyal Customer,20,Business Travel,Eco,770,3,3,3,3,1,3,3,1,3,4,5,3,1,2.77,0,3,FALSE
Female,Loyal Customer,15,Personal Travel,Business,647,3,3,3,3,5,3,5,5,4,3,3,4,5,3.77,3,5,FALSE
Male,Loyal Customer,44,Business Travel,Business,404,4,4,4,4,3,5,4,4,4,4,4,3,5,4,55,55,TRUE
Male,Loyal Customer,43,Personal Travel,Eco,308,3,5,3,1,1,3,1,1,3,3,5,4,1,2.62,0,0,FALSE
Female,Loyal Customer,69,Personal Travel,Eco Plus,551,0,4,0,4,5,3,4,5,5,0,5,4,1,3.08,4,0,TRUE
Male,Loyal Customer,17,Personal Travel,Eco,680,2,5,2,3,4,2,4,4,3,4,4,4,4,3.46,11,0,FALSE
Female,Disloyal Customer,35,Business Travel,Business,2586,2,2,2,4,2,2,4,3,3,5,5,4,4,3.23,72,94,FALSE
Female,Loyal Customer,42,Business Travel,Business,236,5,5,5,5,2,5,4,5,5,5,5,3,3,4.38,0,0,TRUE
Female,Loyal Customer,72,Business Travel,Business,366,5,5,3,5,4,4,4,5,5,5,5,5,4,4.54,0,0,TRUE
Male,Loyal Customer,61,Business Travel,Eco Plus,223,3,2,2,2,3,3,3,3,4,1,4,3,3,2.77,23,18,FALSE
Female,Loyal Customer,25,Business Travel,Business,946,2,2,2,2,2,3,2,2,4,5,4,3,2,2.69,0,0,TRUE
Female,Loyal Customer,42,Business Travel,Business,1576,2,2,2,2,5,5,4,3,3,3,3,4,4,3.23,0,1,TRUE
Male,Loyal Customer,62,Business Travel,Eco,189,3,4,4,4,3,3,3,3,1,3,3,1,3,2.92,0,0,FALSE
Female,Loyal Customer,44,Business Travel,Eco,480,3,2,2,2,5,3,4,3,3,3,3,4,1,2.92,0,0,FALSE
Male,Loyal Customer,11,Personal Travel,Eco,1046,2,4,2,5,5,2,1,5,2,4,2,2,5,3.15,22,5,FALSE
Female,Loyal Customer,48,Personal Travel,Eco,1814,3,1,3,3,5,3,2,3,3,3,3,2,4,2.92,0,0,FALSE
Male,Disloyal Customer,27,Business Travel,Business,762,5,5,5,4,1,5,1,1,5,3,5,5,1,3.54,24,30,TRUE
Female,Loyal Customer,46,Business Travel,Business,1584,3,3,3,3,2,5,4,4,4,4,4,5,3,3.62,0,0,TRUE
Male,Loyal Customer,23,Personal Travel,Eco,297,2,5,2,4,5,2,5,5,5,5,5,4,5,4.15,31,19,FALSE
Male,Loyal Customer,56,Business Travel,Business,1701,4,4,4,4,1,3,3,2,2,2,2,2,4,2.85,0,0,TRUE
Female,Loyal Customer,26,Business Travel,Eco,1399,5,3,3,3,5,4,4,5,1,2,3,3,5,3.54,0,0,TRUE
Male,Loyal Customer,49,Business Travel,Business,1846,5,5,5,5,2,4,4,3,3,4,3,4,3,3.85,24,10,TRUE
Male,Loyal Customer,38,Business Travel,Business,628,4,4,4,4,4,3,3,1,4,4,3,3,3,3.38,210,209,TRUE
Male,Disloyal Customer,26,Business Travel,Eco,1020,1,1,1,3,1,4,4,4,3,4,4,4,4,2.92,258,247,FALSE
Male,Loyal Customer,50,Personal Travel,Eco,964,1,4,1,1,2,1,2,2,3,4,4,5,2,2.46,0,0,FALSE
Male,Loyal Customer,55,Personal Travel,Eco,159,5,5,5,1,3,5,3,3,5,3,5,3,3,3.77,0,6,TRUE
Female,Loyal Customer,24,Personal Travel,Eco,677,2,4,2,1,1,2,1,1,3,3,5,4,1,2.31,68,72,FALSE
Female,Loyal Customer,30,Personal Travel,Eco,406,2,1,2,4,1,2,1,1,3,3,4,4,1,2.23,0,1,FALSE
Female,Disloyal Customer,42,Business Travel,Business,946,1,1,1,5,1,1,1,1,4,2,5,4,1,2.15,0,0,FALSE
Female,Disloyal Customer,49,Business Travel,Business,226,4,4,4,3,3,4,3,3,5,2,5,4,3,3.62,4,0,TRUE
Female,Loyal Customer,48,Business Travel,Eco Plus,992,4,2,2,2,4,2,3,4,4,4,4,3,1,3,6,8,FALSE
Female,Loyal Customer,21,Personal Travel,Eco Plus,134,4,4,0,1,1,0,1,1,4,1,3,5,1,2,0,0,TRUE
Male,Loyal Customer,15,Personal Travel,Eco,302,2,4,3,2,3,3,3,3,5,4,4,3,3,3.23,16,8,FALSE
Female,Loyal Customer,47,Business Travel,Business,3577,1,1,1,1,5,4,5,4,4,4,4,4,5,3.31,0,0,TRUE
Female,Loyal Customer,17,Personal Travel,Eco,481,2,4,2,5,2,2,2,2,2,5,5,5,2,3.08,0,7,FALSE
Female,Loyal Customer,43,Business Travel,Business,373,3,3,3,3,3,4,4,4,4,4,4,4,3,3.54,31,30,TRUE
Male,Loyal Customer,17,Personal Travel,Eco,2486,4,4,3,2,1,3,1,1,5,4,4,4,1,2.85,15,0,FALSE
Male,Loyal Customer,42,Personal Travel,Eco,486,3,1,3,3,5,3,5,5,1,3,2,4,5,3.31,83,75,FALSE
Male,Disloyal Customer,30,Business Travel,Business,781,0,0,0,1,5,0,5,5,3,4,5,5,5,2.92,0,0,TRUE
Male,Loyal Customer,47,Business Travel,Business,1728,1,3,3,3,1,3,2,1,1,1,1,4,4,2.15,0,0,FALSE
Male,Loyal Customer,23,Business Travel,Eco Plus,689,3,3,3,3,3,3,2,3,3,4,2,3,3,2.92,0,0,FALSE
Male,Loyal Customer,64,Personal Travel,Eco,280,2,4,4,3,3,4,3,3,4,5,5,3,3,3.54,0,0,FALSE
Female,Loyal Customer,46,Business Travel,Business,296,2,5,5,5,4,4,4,2,2,2,2,1,2,3.08,95,82,FALSE
Female,Loyal Customer,46,Personal Travel,Eco,397,2,4,2,3,3,5,4,2,2,2,2,5,4,3.08,0,0,FALSE
Male,Disloyal Customer,26,Business Travel,Eco,562,3,1,3,2,2,3,2,2,2,5,2,3,2,2.46,0,1,FALSE
Male,Loyal Customer,53,Business Travel,Business,255,3,3,3,3,4,4,4,5,5,5,5,3,3,3.85,0,0,TRUE
Female,Loyal Customer,52,Personal Travel,Eco,369,3,1,3,3,2,3,3,4,4,3,4,3,2,2.92,0,0,FALSE
Female,Loyal Customer,24,Personal Travel,Eco,628,4,4,4,4,2,4,2,2,3,5,4,4,2,3.38,0,0,FALSE
Female,Loyal Customer,27,Business Travel,Business,2717,5,5,4,5,4,5,4,4,2,2,5,4,4,4.08,0,0,TRUE
Male,Disloyal Customer,25,Business Travel,Eco,948,4,5,5,4,4,5,4,4,1,4,3,2,4,3.77,0,1,FALSE
Male,Loyal Customer,57,Personal Travel,Eco,551,1,5,1,3,5,1,4,5,4,2,2,3,5,3.15,0,0,FALSE
Female,Disloyal Customer,15,Personal Travel,Eco,1235,3,3,3,4,5,3,5,5,1,4,3,1,5,3.46,0,0,FALSE
Male,Loyal Customer,48,Business Travel,Business,306,2,2,2,2,4,4,4,5,4,4,5,4,4,3.54,187,186,TRUE
Male,Loyal Customer,53,Business Travel,Business,2304,3,3,3,3,2,5,4,4,4,4,4,3,4,3.54,13,9,TRUE
Female,Disloyal Customer,20,Business Travel,Eco,526,2,2,3,3,2,3,2,2,2,4,3,1,2,2.38,0,0,FALSE
Male,Disloyal Customer,19,Business Travel,Eco,2248,3,3,3,3,1,3,1,1,3,3,3,4,1,2.46,0,11,FALSE
Female,Loyal Customer,36,Business Travel,Business,282,4,2,2,2,3,4,3,4,4,4,4,2,1,3,9,27,FALSE
Female,Loyal Customer,36,Personal Travel,Eco,874,2,2,2,3,5,2,5,5,1,4,2,4,5,3.23,47,76,FALSE
Male,Loyal Customer,42,Business Travel,Business,3148,3,4,3,3,5,5,4,5,5,5,5,3,3,4.08,0,0,TRUE
Female,Loyal Customer,56,Business Travel,Eco,201,5,5,5,5,5,2,2,5,5,5,5,4,1,4.15,2,0,TRUE
Male,Loyal Customer,60,Business Travel,Business,2883,1,3,3,3,2,2,3,2,2,2,1,1,1,2,0,0,FALSE
Male,Loyal Customer,61,Personal Travel,Eco,957,3,5,3,3,3,3,3,3,4,5,5,3,3,3.54,0,0,FALSE
Female,Loyal Customer,59,Business Travel,Business,3691,1,1,1,1,4,4,4,4,4,4,4,5,5,3.23,0,0,TRUE
Female,Loyal Customer,51,Personal Travel,Business,308,2,1,2,3,5,3,3,2,2,2,2,4,1,2.46,0,0,FALSE
Female,Loyal Customer,56,Business Travel,Business,1507,5,5,5,5,2,4,5,4,4,4,4,4,3,4.15,0,0,TRUE
Male,Loyal Customer,55,Personal Travel,Eco,696,1,5,1,2,1,1,1,1,4,4,4,4,1,2.31,10,1,FALSE
Male,Loyal Customer,51,Business Travel,Eco,228,4,2,2,2,3,4,3,3,3,4,4,2,3,3,9,1,TRUE
Male,Loyal Customer,43,Personal Travel,Eco,489,2,4,2,3,1,2,1,1,4,5,4,3,1,2.54,6,0,FALSE
Male,Loyal Customer,43,Business Travel,Business,2402,5,5,2,5,5,4,4,1,1,5,2,4,4,3.62,0,0,TRUE
Female,Loyal Customer,36,Business Travel,Business,554,1,1,5,1,3,4,5,5,5,5,5,3,4,3.62,0,3,TRUE
Male,Loyal Customer,49,Business Travel,Business,3697,3,3,3,3,2,4,5,4,4,4,4,3,4,3.54,51,14,TRUE
Male,Loyal Customer,54,Business Travel,Business,448,4,4,4,4,5,4,5,5,5,5,5,5,5,4.62,0,0,TRUE
Male,Loyal Customer,27,Business Travel,Business,2434,5,5,2,5,5,5,5,5,4,5,5,3,5,4.54,3,0,TRUE
Female,Disloyal Customer,22,Business Travel,Eco,213,2,2,2,2,2,2,2,2,2,2,3,3,2,2.15,8,20,FALSE
Male,Loyal Customer,18,Personal Travel,Eco,327,4,0,4,1,1,4,4,1,4,2,5,5,1,2.77,0,7,FALSE
Male,Loyal Customer,35,Business Travel,Business,3546,2,5,5,5,5,3,4,2,2,2,2,3,3,3.31,37,38,FALSE
Female,Loyal Customer,53,Personal Travel,Eco,2419,3,3,3,3,3,5,4,1,2,3,3,4,4,3.15,0,0,FALSE
Male,Loyal Customer,42,Business Travel,Business,666,2,2,2,2,3,4,5,4,4,4,4,3,5,3.38,0,0,TRUE
Female,Loyal Customer,56,Business Travel,Business,3843,1,1,1,1,5,4,4,5,5,5,5,3,3,3.31,8,2,TRUE
Male,Loyal Customer,49,Business Travel,Business,3032,5,2,5,5,5,5,5,5,5,4,5,5,5,4.69,95,132,TRUE
Male,Loyal Customer,63,Personal Travel,Eco,332,2,4,2,2,4,2,4,4,3,3,5,3,4,3.23,0,0,FALSE
Male,Loyal Customer,44,Business Travel,Eco,770,3,5,5,5,3,3,3,3,3,3,3,3,3,3.46,0,6,FALSE
Female,Loyal Customer,47,Business Travel,Business,3728,0,5,0,4,3,5,4,3,3,3,3,4,4,3.15,6,5,TRUE
Female,Loyal Customer,33,Business Travel,Business,812,3,3,3,3,5,3,3,5,5,5,5,4,4,3.92,0,0,TRUE
Female,Loyal Customer,39,Personal Travel,Eco,895,3,4,3,3,3,3,3,3,4,3,4,4,3,3.31,93,126,FALSE
Male,Loyal Customer,60,Personal Travel,Eco,868,3,5,3,2,4,3,1,4,5,5,3,4,4,3.54,0,0,FALSE
Female,Disloyal Customer,32,Business Travel,Business,285,2,2,2,2,4,2,4,4,3,4,5,3,4,3.15,59,65,FALSE
Male,Loyal Customer,48,Business Travel,Business,2930,5,5,5,5,2,4,4,4,4,4,4,5,3,4.15,0,3,TRUE
Male,Loyal Customer,38,Personal Travel,Eco Plus,946,3,4,4,4,1,4,5,1,4,2,4,1,1,2.92,105,103,FALSE
Male,Disloyal Customer,11,Business Travel,Business,967,4,4,4,4,3,4,3,3,5,4,4,4,3,3.77,0,0,TRUE
Female,Loyal Customer,30,Personal Travel,Eco,1056,3,4,3,2,5,3,5,5,2,4,2,2,5,3.46,0,9,FALSE
Female,Disloyal Customer,22,Business Travel,Eco,1979,2,2,2,4,5,2,5,5,5,5,4,4,5,3.85,0,0,FALSE
Male,Loyal Customer,30,Personal Travel,Eco,191,3,5,3,2,3,3,2,3,3,4,4,3,3,3.15,42,40,FALSE
Female,Loyal Customer,65,Business Travel,Business,1580,1,3,4,3,5,4,3,1,1,2,1,1,3,2.46,14,5,FALSE
Male,Loyal Customer,34,Personal Travel,Eco,723,4,1,4,3,3,4,3,3,1,4,4,1,3,2.92,24,12,FALSE
Male,Loyal Customer,42,Personal Travel,Eco,441,2,5,2,2,3,2,3,3,3,3,5,4,3,3.08,6,2,FALSE
Female,Loyal Customer,9,Personal Travel,Eco,125,5,5,5,4,5,5,5,5,4,2,5,2,5,4.38,0,0,TRUE
Female,Loyal Customer,56,Business Travel,Business,1679,2,2,2,2,5,5,4,5,5,5,5,5,4,3.92,4,2,TRUE
Female,Loyal Customer,31,Personal Travel,Eco,584,3,5,3,1,3,2,2,5,2,4,5,2,2,3,226,233,FALSE
Female,Disloyal Customer,51,Business Travel,Eco,589,3,0,3,3,3,3,3,3,5,1,1,3,3,2.62,45,44,FALSE
Male,Disloyal Customer,26,Business Travel,Eco,337,2,2,2,3,4,2,4,4,4,3,4,1,4,3,0,0,FALSE
Female,Loyal Customer,43,Business Travel,Business,3010,4,4,4,4,5,1,3,4,4,4,4,5,5,3.92,0,0,TRUE
Male,Loyal Customer,55,Business Travel,Business,2480,1,1,5,1,5,5,4,3,3,3,3,4,5,3.31,110,101,TRUE
Male,Loyal Customer,31,Personal Travel,Business,1532,3,4,3,4,5,3,5,5,1,1,4,4,5,3.62,8,0,FALSE
Female,Disloyal Customer,9,Business Travel,Eco,861,4,4,4,1,5,4,1,5,5,5,5,4,5,4,6,0,TRUE
Male,Loyal Customer,47,Business Travel,Business,3027,4,3,4,4,2,5,4,4,4,4,4,3,3,3.69,14,2,TRUE
Female,Loyal Customer,22,Business Travel,Business,2301,1,1,1,1,5,5,4,5,3,5,5,3,5,3.38,4,0,TRUE
Male,Disloyal Customer,40,Business Travel,Eco,100,3,1,4,3,4,4,4,4,2,2,3,4,4,3.23,0,0,FALSE
Male,Loyal Customer,8,Personal Travel,Eco,315,3,3,3,4,5,3,5,5,4,2,2,3,5,3.62,91,97,FALSE
Female,Loyal Customer,67,Personal Travel,Eco,502,0,5,0,4,3,4,4,3,3,0,3,4,4,2.85,0,0,TRUE
Male,Loyal Customer,69,Personal Travel,Eco,596,3,2,3,4,5,3,5,5,1,5,2,2,5,3.46,0,0,FALSE
Female,Loyal Customer,30,Personal Travel,Eco,2279,1,4,1,4,4,1,4,4,5,3,4,5,4,3.38,54,32,FALSE
Female,Loyal Customer,47,Business Travel,Business,3856,3,3,2,3,3,5,4,4,4,4,4,5,4,3.69,11,5,TRUE
Male,Loyal Customer,37,Business Travel,Eco Plus,948,4,3,3,3,4,4,4,4,2,2,4,3,4,3.38,0,9,TRUE
Male,Loyal Customer,54,Personal Travel,Eco,748,1,3,1,2,2,1,2,2,4,3,3,5,2,2.38,0,0,FALSE
Female,Loyal Customer,10,Personal Travel,Eco,2994,1,2,1,3,1,3,3,3,2,4,3,3,3,2.46,0,7,FALSE
Male,Disloyal Customer,20,Business Travel,Eco,391,4,1,4,4,4,4,4,4,3,1,4,3,4,3.38,29,48,FALSE
Male,Loyal Customer,29,Personal Travel,Eco,356,4,5,4,3,3,4,3,3,5,5,4,3,3,3.77,0,0,FALSE
Female,Loyal Customer,18,Business Travel,Business,911,3,3,5,3,2,2,2,2,4,3,3,4,2,2.92,10,19,TRUE
Male,Loyal Customer,13,Personal Travel,Eco,577,3,5,2,3,2,2,2,2,4,2,4,3,2,2.77,0,0,FALSE
Female,Disloyal Customer,16,Business Travel,Eco,2449,3,3,3,3,4,3,2,4,2,3,4,1,4,3,0,0,FALSE
Male,Loyal Customer,24,Personal Travel,Eco,679,0,4,1,5,1,1,1,1,5,4,5,4,1,2.54,0,0,TRUE
Female,Disloyal Customer,21,Business Travel,Business,248,5,0,5,3,4,5,4,4,3,5,5,3,4,3.85,53,58,TRUE
Male,Loyal Customer,49,Business Travel,Business,2758,2,2,2,2,5,4,4,5,5,5,5,4,5,3.85,2,13,TRUE
Female,Loyal Customer,24,Business Travel,Business,1416,5,5,5,5,2,2,2,2,5,2,4,4,2,3.46,21,24,TRUE
Male,Loyal Customer,58,Business Travel,Eco,2174,2,5,2,5,2,2,2,2,4,2,4,3,2,2.85,0,0,FALSE
Male,Disloyal Customer,23,Business Travel,Eco,503,2,5,2,4,2,1,1,3,4,5,5,1,1,2.77,139,127,FALSE
Male,Loyal Customer,34,Personal Travel,Eco,153,3,5,3,1,3,3,3,3,3,5,4,5,3,3.38,0,0,FALSE
Male,Loyal Customer,40,Business Travel,Eco,1325,3,2,2,2,3,4,3,3,1,5,5,4,3,3.08,30,23,TRUE
Male,Loyal Customer,47,Personal Travel,Business,444,2,5,2,2,3,4,4,4,4,2,2,3,5,3.23,0,19,FALSE
Female,Loyal Customer,67,Business Travel,Business,1488,3,3,3,3,5,5,4,2,2,2,2,3,4,3.15,21,25,TRUE
Female,Loyal Customer,33,Personal Travel,Eco,449,4,4,4,2,5,4,5,5,5,2,4,4,5,4.08,0,0,TRUE
Female,Loyal Customer,49,Business Travel,Business,679,5,5,5,5,2,5,5,3,3,4,3,4,4,4.08,2,3,TRUE
Female,Loyal Customer,9,Personal Travel,Eco,316,3,3,3,1,4,3,4,4,1,4,2,2,4,2.92,0,0,FALSE
Male,Loyal Customer,57,Business Travel,Business,442,1,1,1,1,2,4,4,3,3,3,3,3,3,2.46,0,0,TRUE
Female,Disloyal Customer,26,Business Travel,Eco,524,4,3,4,4,2,4,4,2,2,3,4,3,2,3.15,0,4,FALSE
Male,Loyal Customer,46,Business Travel,Business,2792,3,3,5,3,4,4,4,4,4,4,4,5,3,3.85,13,4,TRUE
Male,Loyal Customer,53,Business Travel,Business,3206,4,5,5,5,2,3,3,4,4,4,4,3,3,3.77,14,39,FALSE
Female,Loyal Customer,22,Personal Travel,Eco Plus,358,3,2,2,3,1,2,1,1,2,2,3,3,1,2,0,0,FALSE
Male,Loyal Customer,40,Business Travel,Business,175,0,4,0,2,3,4,5,1,1,1,1,3,5,2.31,9,23,TRUE
Male,Loyal Customer,47,Business Travel,Business,631,5,5,5,5,2,5,5,4,4,4,4,5,3,4.31,30,17,TRUE
Female,Loyal Customer,41,Business Travel,Business,442,4,4,4,4,5,4,4,5,5,5,5,3,3,4.23,3,0,TRUE
Female,Loyal Customer,56,Business Travel,Business,406,3,1,1,1,1,3,2,3,3,3,3,1,1,2,12,1,FALSE
Female,Disloyal Customer,52,Business Travel,Business,690,1,1,1,2,4,1,4,4,1,4,3,1,4,2.38,0,0,FALSE
Female,Loyal Customer,30,Personal Travel,Eco,1491,1,1,1,3,1,1,1,1,4,3,4,4,1,2,0,0,FALSE
Female,Loyal Customer,47,Business Travel,Business,869,4,1,3,1,4,2,3,4,4,4,4,2,4,3.08,0,2,FALSE
Female,Loyal Customer,27,Business Travel,Business,1811,3,3,3,3,4,4,5,4,3,2,5,4,4,3.62,39,25,TRUE
Male,Loyal Customer,41,Business Travel,Business,119,3,3,3,3,1,2,4,4,4,4,3,1,2,2.85,0,0,TRUE
Female,Loyal Customer,65,Personal Travel,Eco,1237,1,5,1,3,2,4,5,5,5,1,3,3,5,3.31,0,0,FALSE
Male,Loyal Customer,52,Business Travel,Business,1017,3,3,1,3,4,5,5,4,4,4,4,5,4,3.77,0,0,TRUE
Male,Loyal Customer,80,Business Travel,Business,2410,4,3,5,3,4,4,4,2,2,1,4,1,2,3,0,15,FALSE
Male,Loyal Customer,33,Business Travel,Business,819,2,2,2,2,2,1,2,2,1,4,3,1,2,2,18,6,FALSE
Male,Loyal Customer,30,Business Travel,Business,123,1,1,1,1,5,5,5,5,1,3,1,2,5,2.77,0,0,TRUE
Female,Disloyal Customer,21,Business Travel,Business,1237,3,1,3,3,1,3,1,1,1,3,3,1,1,1.92,49,31,FALSE
Male,Loyal Customer,35,Personal Travel,Eco,1010,2,5,2,3,2,2,2,2,5,4,1,3,2,2.69,0,30,FALSE
Male,Loyal Customer,34,Business Travel,Business,632,3,3,3,3,2,4,5,4,4,4,4,4,4,3.62,0,0,TRUE
Female,Loyal Customer,42,Business Travel,Business,2303,1,1,1,1,3,5,5,4,4,4,4,4,4,3.15,1,0,TRUE
Female,Loyal Customer,10,Business Travel,Business,3963,3,1,1,1,3,3,3,3,2,2,3,3,3,2.38,0,7,FALSE
Male,Loyal Customer,16,Personal Travel,Eco,666,3,3,3,3,1,3,1,1,2,5,3,4,1,2.54,8,0,FALSE
Female,Loyal Customer,44,Business Travel,Business,481,4,4,4,4,5,4,5,3,3,3,3,5,3,3.85,0,0,TRUE
Female,Loyal Customer,57,Business Travel,Business,583,3,3,3,3,3,4,5,4,4,4,4,4,3,3.62,0,0,TRUE
Female,Loyal Customer,42,Business Travel,Business,258,4,4,4,4,4,4,4,4,4,4,4,4,3,3.92,0,0,TRUE
Male,Loyal Customer,48,Personal Travel,Eco,738,1,5,0,2,4,0,4,4,5,2,4,3,4,2.92,64,49,FALSE
Female,Disloyal Customer,43,Business Travel,Eco,86,3,0,3,4,2,3,2,2,4,3,4,3,2,2.69,37,36,FALSE
Female,Loyal Customer,51,Business Travel,Eco,421,5,2,2,2,1,2,2,5,5,5,5,5,2,3.31,0,0,TRUE
Female,Disloyal Customer,34,Business Travel,Business,2454,3,3,3,3,3,2,2,3,2,4,3,2,2,2.69,0,0,FALSE
Male,Disloyal Customer,23,Business Travel,Eco,888,5,5,5,1,5,5,5,5,3,5,5,4,5,4.46,0,13,TRUE
Female,Loyal Customer,63,Personal Travel,Eco,216,4,2,0,4,3,3,4,4,4,0,1,4,1,2.62,0,0,FALSE
Female,Disloyal Customer,32,Business Travel,Eco Plus,908,3,3,3,3,3,3,3,3,4,1,5,5,3,3.23,0,0,FALSE
Male,Loyal Customer,38,Personal Travel,Eco Plus,689,3,4,3,2,2,3,4,2,4,4,4,4,2,3.15,0,0,FALSE
Male,Loyal Customer,41,Business Travel,Eco,302,5,3,3,3,5,5,5,5,1,1,1,3,5,3.46,9,0,TRUE
Female,Disloyal Customer,22,Business Travel,Eco,413,0,0,0,5,3,0,1,3,5,4,4,3,3,2.38,22,14,TRUE
Female,Loyal Customer,58,Business Travel,Business,292,5,5,5,5,1,3,3,5,5,5,5,4,5,4.31,0,0,TRUE
Female,Loyal Customer,39,Business Travel,Business,2542,5,3,5,5,5,4,5,4,4,4,4,5,4,4.38,113,99,TRUE
Male,Loyal Customer,53,Personal Travel,Business,119,2,3,2,3,4,5,3,1,1,2,1,3,4,2.62,0,0,FALSE
Male,Loyal Customer,26,Business Travel,Business,1703,1,1,1,1,4,4,4,4,1,5,3,1,4,2.62,4,2,TRUE
Female,Disloyal Customer,30,Business Travel,Eco Plus,912,4,4,4,3,4,4,4,4,1,5,4,2,4,3.62,0,0,FALSE
Male,Loyal Customer,40,Business Travel,Business,190,2,2,2,2,5,5,4,5,5,5,5,4,3,3.77,0,,TRUE
Female,Disloyal Customer,38,Business Travel,Eco,216,4,0,4,1,2,4,2,2,3,3,3,1,2,2.38,0,0,FALSE
Female,Loyal Customer,19,Personal Travel,Eco,697,3,1,4,4,3,4,3,3,1,2,3,2,3,2.77,8,0,FALSE
Female,Loyal Customer,48,Personal Travel,Eco,571,3,5,3,2,2,5,5,4,4,3,4,3,3,3.54,0,0,FALSE
Female,Disloyal Customer,25,Business Travel,Eco,351,3,1,4,3,3,4,3,3,1,5,3,1,3,2.85,0,0,FALSE
Male,Loyal Customer,40,Business Travel,Eco,146,3,4,4,4,3,3,3,3,4,2,1,1,3,2.92,0,0,TRUE
Female,Loyal Customer,58,Personal Travel,Eco,1739,1,4,1,2,4,4,5,3,3,1,3,5,4,3.08,48,46,FALSE
Male,Loyal Customer,39,Business Travel,Business,3598,3,3,4,3,5,4,5,4,4,4,4,4,3,3.85,0,0,TRUE
Male,Loyal Customer,49,Personal Travel,Eco,651,5,1,5,3,3,5,3,3,1,5,3,1,3,3.15,0,0,TRUE
Male,Loyal Customer,40,Personal Travel,Business,1726,2,5,2,2,5,3,5,4,4,2,4,3,5,3.54,0,0,FALSE
Male,Loyal Customer,43,Personal Travel,Eco,1624,4,4,3,4,5,3,4,5,1,5,3,2,5,3.69,3,30,FALSE
Male,Loyal Customer,49,Business Travel,Eco,255,4,2,2,2,4,4,4,4,1,4,2,2,4,3,0,0,TRUE
Female,Loyal Customer,53,Business Travel,Business,546,2,1,1,1,5,3,4,2,2,2,2,1,3,2.23,24,19,FALSE
Female,Loyal Customer,25,Business Travel,Business,2650,5,5,5,5,5,4,5,5,3,5,5,4,5,4.69,0,0,TRUE
Male,Disloyal Customer,25,Business Travel,Business,275,4,0,4,3,2,4,2,2,3,5,4,5,2,3.08,0,0,FALSE
Male,Loyal Customer,55,Business Travel,Business,1814,1,1,1,1,4,5,5,4,4,4,4,3,4,3.15,0,0,TRUE
Female,Loyal Customer,44,Business Travel,Business,1654,3,3,3,3,5,5,5,4,4,4,4,3,5,3.92,8,0,TRUE
Female,Loyal Customer,23,Business Travel,Business,3012,1,4,4,4,1,1,1,1,1,4,2,3,1,2.15,24,15,FALSE
Male,Loyal Customer,9,Business Travel,Business,2595,4,4,4,4,4,4,4,4,3,2,4,5,4,3.85,0,0,TRUE
Male,Loyal Customer,36,Business Travel,Business,2452,3,3,3,3,4,5,4,4,4,4,4,4,5,3.85,0,0,TRUE
Female,Loyal Customer,52,Business Travel,Business,2163,5,5,5,5,4,5,5,3,3,3,3,4,4,4.15,24,16,TRUE
Female,Loyal Customer,14,Personal Travel,Eco,140,1,3,1,3,2,1,2,2,4,2,1,5,2,2.23,39,32,FALSE
Female,Disloyal Customer,38,Business Travel,Eco,503,2,0,2,1,4,2,4,4,5,2,4,2,4,2.77,0,0,FALSE
Male,Loyal Customer,50,Business Travel,Business,2854,2,3,3,3,4,3,3,2,2,2,2,4,2,2.69,0,0,FALSE
Female,Disloyal Customer,50,Business Travel,Eco Plus,101,3,3,3,4,2,3,2,2,2,3,2,5,2,2.77,0,0,FALSE
Male,Loyal Customer,43,Business Travel,Business,1911,1,1,1,1,2,4,4,5,5,5,5,5,5,3.38,0,0,TRUE
Female,Loyal Customer,39,Business Travel,Business,3964,5,5,5,5,5,5,1,5,5,5,5,2,4,4.38,0,0,TRUE
Male,Disloyal Customer,23,Business Travel,Eco,181,4,0,4,2,4,4,4,4,3,2,5,3,4,3.31,0,0,FALSE
Female,Loyal Customer,48,Business Travel,Business,3087,1,1,1,1,4,4,4,4,4,4,4,4,3,3,0,0,TRUE
Female,Loyal Customer,26,Business Travel,Eco,602,2,1,3,1,2,2,1,2,1,3,3,4,2,2.08,26,35,FALSE
Male,Disloyal Customer,27,Business Travel,Business,1073,1,1,1,3,4,1,4,4,1,5,4,1,4,2.62,0,0,FALSE
Male,Loyal Customer,22,Business Travel,Business,1658,3,2,2,2,3,3,3,3,1,5,3,4,3,2.85,10,0,FALSE
Male,Loyal Customer,39,Business Travel,Business,3692,2,2,4,2,3,5,1,5,5,5,4,5,5,3.69,0,0,TRUE
Male,Loyal Customer,40,Business Travel,Business,3500,4,4,4,4,2,5,4,4,4,3,4,3,3,3.69,0,0,TRUE
Male,Loyal Customer,21,Personal Travel,Eco,349,2,4,2,4,4,2,4,4,3,3,5,5,4,3.54,46,46,FALSE
Female,Loyal Customer,45,Personal Travel,Eco,214,2,0,0,4,3,4,4,4,4,0,5,3,3,2.77,0,0,FALSE
Male,Disloyal Customer,41,Business Travel,Eco,1416,1,1,1,3,4,1,4,4,3,4,3,3,4,2.77,0,0,FALSE
Male,Loyal Customer,36,Business Travel,Business,295,4,4,5,4,2,1,5,4,4,4,4,5,1,3.62,0,0,TRUE
Male,Loyal Customer,49,Personal Travel,Eco,590,1,5,1,3,3,1,3,3,4,2,4,4,3,2.85,0,8,FALSE
Female,Loyal Customer,24,Personal Travel,Business,319,2,5,3,5,2,3,4,2,1,5,2,1,2,2.85,0,0,FALSE
Female,Loyal Customer,53,Business Travel,Business,2586,5,5,5,5,5,5,5,5,1,4,2,5,5,4.38,16,15,TRUE
Male,Loyal Customer,39,Business Travel,Business,1750,4,4,4,4,5,3,4,4,4,4,4,3,4,3.92,53,42,TRUE
Male,Loyal Customer,70,Business Travel,Business,3033,5,3,3,3,5,4,4,5,5,4,5,1,4,3.92,12,20,FALSE
Female,Loyal Customer,38,Business Travel,Business,1625,0,5,0,1,3,3,4,4,4,4,4,2,3,2.85,0,0,TRUE
Male,Loyal Customer,65,Business Travel,Eco,262,4,4,4,4,4,4,4,4,1,5,3,1,4,3.54,48,55,FALSE
Female,Loyal Customer,58,Business Travel,Business,227,5,5,5,5,2,5,4,4,4,4,4,5,5,4.38,7,0,TRUE
Male,Loyal Customer,48,Business Travel,Eco,1183,2,2,2,2,2,2,2,2,2,5,2,3,2,2.31,42,22,FALSE
Male,Loyal Customer,14,Personal Travel,Eco Plus,1744,3,4,3,2,2,3,2,2,3,5,4,3,2,2.92,72,80,FALSE
Male,Loyal Customer,41,Business Travel,Business,2309,5,5,5,5,2,4,5,5,5,5,5,3,4,4.46,16,15,TRUE
Male,Loyal Customer,32,Personal Travel,Eco,222,1,4,0,4,2,0,2,2,5,1,4,2,2,2.23,9,5,FALSE
Female,Disloyal Customer,38,Business Travel,Business,1589,2,3,3,2,2,3,2,2,4,3,3,3,2,2.62,16,0,FALSE
Female,Loyal Customer,59,Business Travel,Business,604,1,5,5,5,1,3,3,1,1,1,1,1,3,2.38,18,23,FALSE
Female,Loyal Customer,45,Business Travel,Business,423,5,5,1,5,5,4,5,4,4,4,4,4,4,4.15,0,0,TRUE
Female,Loyal Customer,36,Business Travel,Business,3500,5,5,1,5,5,3,4,4,4,4,4,5,2,3.92,0,0,TRUE
Female,Loyal Customer,48,Business Travel,Eco,296,3,3,3,3,5,4,4,3,3,3,3,4,1,3.23,1,1,FALSE
Female,Disloyal Customer,27,Business Travel,Eco,1103,3,2,2,4,5,3,5,5,3,4,4,1,5,3.54,0,7,FALSE
Male,Loyal Customer,14,Personal Travel,Eco Plus,522,1,5,1,4,5,1,5,5,4,3,5,3,5,3.62,0,0,FALSE
Female,Loyal Customer,32,Personal Travel,Eco,2405,3,2,3,3,3,3,3,3,4,3,2,4,3,3,0,0,FALSE
Female,Loyal Customer,53,Personal Travel,Eco,2370,1,4,1,3,1,5,5,2,4,2,4,5,5,3.23,69,65,FALSE
Female,Loyal Customer,55,Personal Travel,Eco Plus,775,0,5,0,1,3,5,4,3,3,0,3,4,3,2.62,0,5,TRUE
Female,Loyal Customer,41,Business Travel,Business,3500,2,2,2,2,3,2,2,5,5,5,3,2,2,2.85,2,0,TRUE
Male,Loyal Customer,49,Business Travel,Business,1869,2,2,4,2,4,4,4,5,5,5,5,3,4,3.77,0,8,TRUE
Male,Loyal Customer,51,Business Travel,Business,1565,3,3,3,3,4,5,5,4,4,5,4,4,4,3.92,32,55,TRUE
Female,Loyal Customer,40,Business Travel,Business,1690,3,3,3,3,2,4,3,3,3,3,3,4,3,3.08,0,19,FALSE
Male,Loyal Customer,53,Business Travel,Business,1648,1,1,1,1,3,5,3,5,5,5,5,3,3,3.15,4,0,TRUE
Male,Disloyal Customer,35,Business Travel,Business,89,3,3,3,3,3,3,3,3,5,3,4,4,3,3.31,0,0,FALSE
Female,Loyal Customer,70,Personal Travel,Eco,1371,3,5,3,2,4,4,5,1,1,3,1,3,4,3,3,0,FALSE
Male,Loyal Customer,50,Business Travel,Business,3660,1,1,1,1,2,4,5,4,4,4,4,3,3,2.85,0,0,TRUE
Male,Loyal Customer,55,Personal Travel,Eco,1189,1,5,1,1,2,1,2,2,4,5,4,5,2,2.69,37,22,FALSE
Female,Disloyal Customer,34,Business Travel,Eco,892,3,3,3,3,5,3,5,5,3,2,3,1,5,3.38,0,0,FALSE
Female,Disloyal Customer,38,Business Travel,Eco,829,2,2,2,2,4,2,4,4,5,1,1,4,4,2.85,0,0,FALSE
Female,Loyal Customer,32,Business Travel,Business,1804,2,2,2,2,5,5,4,5,5,2,4,3,5,3.54,0,0,TRUE
Female,Disloyal Customer,21,Business Travel,Eco,321,3,4,3,4,2,3,2,2,5,5,5,2,2,3.23,0,3,FALSE
Female,Loyal Customer,69,Business Travel,Business,2410,3,4,4,4,1,3,4,3,3,3,3,1,4,3.08,0,0,FALSE
Female,Loyal Customer,32,Personal Travel,Eco,650,1,4,1,4,5,1,5,5,1,5,4,4,5,3.46,1,0,FALSE
Male,Loyal Customer,49,Business Travel,Business,173,5,5,5,5,5,5,5,5,5,5,4,5,3,4.77,50,73,TRUE
Male,Loyal Customer,66,Business Travel,Business,1946,0,0,0,3,3,5,5,5,5,5,5,3,3,3.23,57,46,TRUE
Male,Loyal Customer,19,Business Travel,Business,1749,2,2,2,2,2,2,2,2,1,5,4,1,2,2.23,0,0,FALSE
Female,Loyal Customer,65,Personal Travel,Eco,919,1,1,1,3,3,3,3,3,3,1,1,3,1,2.08,0,0,FALSE
Male,Loyal Customer,42,Business Travel,Business,2154,1,3,1,1,5,5,4,5,5,5,5,5,4,3.77,2,0,TRUE
Male,Disloyal Customer,37,Business Travel,Eco,618,3,3,4,4,3,4,3,3,3,3,3,4,3,3.31,43,50,FALSE
Male,Disloyal Customer,35,Business Travel,Business,1084,4,4,4,4,5,4,5,5,1,1,3,3,5,3.69,17,2,FALSE
Male,Disloyal Customer,27,Business Travel,Business,547,2,2,2,3,3,2,3,3,4,4,3,2,3,2.77,28,21,FALSE
Male,Loyal Customer,8,Personal Travel,Eco,773,5,4,5,1,3,5,2,3,3,4,4,3,3,3.46,0,0,TRUE
Male,Disloyal Customer,23,Business Travel,Eco,302,2,5,2,3,3,2,5,3,1,1,4,2,3,2.77,0,0,FALSE
Male,Loyal Customer,36,Business Travel,Eco,427,5,3,3,3,5,5,5,5,2,5,1,4,5,3.92,9,13,TRUE
Female,Loyal Customer,50,Business Travel,Business,678,3,2,2,2,3,3,2,3,3,3,3,4,1,2.62,31,25,FALSE
Male,Disloyal Customer,25,Business Travel,Eco,338,5,5,5,3,4,5,1,4,3,5,2,2,4,3.69,0,0,TRUE
Female,Loyal Customer,23,Business Travel,Eco,1416,2,2,2,2,2,2,1,2,3,2,4,2,2,2.15,14,4,FALSE
Female,Loyal Customer,38,Business Travel,Business,2650,5,5,5,5,1,5,2,4,4,4,4,4,2,3.85,21,11,TRUE
Female,Loyal Customer,35,Business Travel,Eco,508,2,2,2,2,2,2,2,2,3,3,3,2,2,2.23,165,156,FALSE
Female,Loyal Customer,20,Business Travel,Business,1782,2,5,5,5,2,2,2,2,2,1,3,4,2,2.85,2,23,FALSE
Female,Loyal Customer,59,Business Travel,Business,3877,1,5,3,5,2,3,3,1,1,1,1,2,4,2.46,0,0,FALSE
Male,Loyal Customer,20,Personal Travel,Eco,1299,2,4,2,2,3,2,3,3,3,5,4,4,3,3.08,0,1,FALSE
Female,Disloyal Customer,29,Business Travel,Eco,441,2,3,2,3,5,2,2,5,5,5,2,5,5,3.54,1,0,FALSE
Female,Loyal Customer,71,Business Travel,Business,3344,2,2,2,2,4,5,5,4,4,4,4,4,4,3.54,4,0,TRUE
Male,Loyal Customer,59,Business Travel,Business,2620,3,3,3,3,4,4,5,4,4,4,4,4,3,3.69,7,0,TRUE
Male,Loyal Customer,35,Business Travel,Eco,429,5,1,1,1,5,5,5,5,3,4,3,2,5,3.46,0,3,TRUE
Female,Loyal Customer,41,Business Travel,Business,2072,3,3,2,3,2,4,4,4,4,4,4,4,4,3.46,26,32,TRUE
Male,Loyal Customer,15,Personal Travel,Eco,632,2,4,2,1,1,2,1,1,3,3,4,3,1,2.15,0,0,FALSE
Male,Disloyal Customer,22,Business Travel,Eco,184,1,0,1,3,2,1,2,2,1,5,3,3,2,2,0,0,FALSE
Male,Loyal Customer,44,Business Travel,Eco,403,4,2,2,2,4,4,4,4,3,2,3,3,4,3.15,15,27,FALSE
Male,Loyal Customer,13,Personal Travel,Eco,577,1,4,0,4,4,0,4,4,4,2,4,3,4,2.92,17,8,FALSE
Male,Loyal Customer,33,Business Travel,Business,867,5,5,5,5,4,4,4,4,5,4,4,4,4,4.38,0,0,TRUE
Female,Loyal Customer,56,Personal Travel,Eco,1173,3,4,3,2,4,3,5,2,2,3,2,4,4,3.15,0,0,FALSE
Female,Loyal Customer,31,Business Travel,Business,760,2,2,2,2,3,3,3,3,4,4,5,4,3,3.08,0,0,TRUE
Female,Loyal Customer,31,Business Travel,Eco,383,4,4,4,4,4,4,4,4,5,5,4,2,4,4,99,99,TRUE
Male,Disloyal Customer,30,Business Travel,Business,2254,4,4,4,2,3,4,3,3,3,2,4,5,3,3.38,16,0,FALSE
Female,Loyal Customer,56,Business Travel,Business,692,1,1,1,1,2,2,2,1,4,5,1,2,2,1.92,136,135,TRUE
Female,Loyal Customer,67,Personal Travel,Eco,983,2,4,2,3,2,5,5,3,3,2,3,3,4,3.15,30,65,FALSE
Female,Loyal Customer,29,Personal Travel,Eco,213,4,1,0,4,2,0,2,2,3,1,3,4,2,2.15,0,0,TRUE
Female,Loyal Customer,49,Business Travel,Business,760,1,2,1,1,2,4,5,4,4,4,4,4,4,3.08,0,0,TRUE
Male,Disloyal Customer,22,Business Travel,Eco,277,2,4,2,3,2,2,2,2,5,5,4,3,2,2.92,0,0,FALSE
Female,Loyal Customer,58,Personal Travel,Eco,2615,3,5,3,4,3,3,2,4,3,3,4,2,2,3.15,0,0,FALSE
Female,Loyal Customer,31,Business Travel,Business,1564,2,4,4,4,2,2,2,2,2,3,4,4,2,2.85,14,5,FALSE
Male,Loyal Customer,50,Business Travel,Business,925,1,1,1,1,2,4,2,4,4,4,4,5,1,2.62,116,102,TRUE
Male,Loyal Customer,44,Business Travel,Business,1050,5,5,5,5,1,4,1,4,4,4,4,3,1,3.54,0,0,TRUE
Female,Loyal Customer,64,Business Travel,Business,2765,3,3,3,3,2,4,4,4,4,4,4,3,3,3.38,0,0,TRUE
Male,Loyal Customer,49,Business Travel,Business,1067,3,3,3,3,3,4,5,5,5,5,5,4,5,4.08,25,22,TRUE
Female,Loyal Customer,24,Business Travel,Business,1719,4,4,4,4,4,4,4,4,3,5,4,5,4,4.08,0,0,TRUE
Female,Loyal Customer,33,Personal Travel,Eco,547,3,4,3,3,4,3,4,4,4,2,3,3,4,3.38,8,7,FALSE
Female,Loyal Customer,35,Business Travel,Business,937,5,5,5,5,3,4,4,5,5,5,5,4,4,4.54,10,11,TRUE
Male,Loyal Customer,7,Personal Travel,Eco,1258,3,4,3,3,4,3,4,4,4,4,3,5,4,3.69,0,0,FALSE
Female,Disloyal Customer,26,Business Travel,Eco,67,4,5,4,2,5,4,5,5,1,5,1,5,5,3.92,11,10,FALSE
Male,Loyal Customer,47,Business Travel,Eco,102,3,2,2,2,2,3,2,2,1,2,4,3,2,2.31,0,6,FALSE
Male,Loyal Customer,7,Personal Travel,Eco,641,2,5,2,3,1,2,1,1,4,2,4,5,1,2.54,0,4,FALSE
Female,Loyal Customer,36,Business Travel,Eco Plus,287,5,5,5,5,5,5,5,5,4,3,4,3,5,4.54,0,0,TRUE
Male,Loyal Customer,18,Personal Travel,Eco,956,2,5,2,2,1,2,1,1,5,5,5,3,1,2.69,1,0,FALSE
Male,Loyal Customer,46,Business Travel,Eco,194,4,4,4,4,4,4,4,4,5,2,3,2,4,3.69,42,25,TRUE
Female,Loyal Customer,54,Business Travel,Eco Plus,2218,1,3,3,3,3,3,4,1,1,1,1,4,2,2.31,1,8,FALSE
Male,Loyal Customer,63,Personal Travel,Eco,674,3,5,3,1,1,3,1,1,5,3,4,3,1,2.62,9,6,FALSE
Female,Loyal Customer,33,Business Travel,Business,2676,4,4,4,4,4,4,4,5,5,5,5,5,3,4.31,0,0,TRUE
Female,Loyal Customer,52,Business Travel,Business,1528,1,1,4,1,3,4,4,5,5,5,5,4,4,3.54,0,0,TRUE
Male,Loyal Customer,55,Personal Travel,Eco,547,4,1,4,3,4,4,4,4,3,3,5,5,4,3.69,0,0,FALSE
Male,Loyal Customer,40,Business Travel,Business,3851,1,1,1,1,3,4,4,5,5,5,5,5,5,3.46,8,0,TRUE
Female,Loyal Customer,50,Personal Travel,Eco,419,2,2,4,3,3,3,3,1,1,4,1,1,1,2.23,0,0,FALSE
Female,Loyal Customer,40,Business Travel,Business,2806,1,1,1,1,2,1,1,5,5,5,5,4,4,2.77,0,0,TRUE
Male,Loyal Customer,38,Business Travel,Business,335,2,1,1,1,4,3,3,2,2,2,2,4,4,2.38,53,49,FALSE
Male,Loyal Customer,51,Business Travel,Business,2565,4,4,4,4,4,4,4,5,3,4,5,4,4,4.08,93,93,TRUE
Female,Loyal Customer,31,Personal Travel,Eco,868,3,5,2,4,3,2,3,3,3,4,1,5,3,3.15,0,0,FALSE
Male,Loyal Customer,33,Business Travel,Business,3411,1,1,1,1,5,5,5,5,4,3,5,4,5,3.46,0,0,TRUE
Female,Loyal Customer,41,Business Travel,Business,2842,1,4,4,4,1,3,4,1,1,1,1,4,3,2.46,1,2,FALSE
Male,Loyal Customer,57,Business Travel,Business,377,2,2,2,2,3,5,5,4,4,4,4,4,3,3.38,5,6,TRUE
Male,Loyal Customer,28,Personal Travel,Eco,2172,4,4,4,5,2,4,2,2,4,4,4,4,2,3.46,0,3,FALSE
Female,Loyal Customer,27,Personal Travel,Eco,633,1,5,1,4,4,1,4,4,3,4,5,3,4,3.31,34,21,FALSE
Female,Loyal Customer,59,Personal Travel,Eco,1171,4,4,4,1,2,4,5,2,2,4,2,3,4,3.15,0,0,TRUE
Female,Loyal Customer,45,Personal Travel,Eco,359,4,4,4,3,4,5,2,5,5,4,5,2,4,3.92,52,46,FALSE
Female,Loyal Customer,55,Personal Travel,Eco,1535,5,4,5,4,4,3,4,4,4,5,4,1,4,3.92,29,5,TRUE
Male,Loyal Customer,16,Personal Travel,Eco,488,2,2,2,3,1,2,1,1,2,5,2,3,1,2.08,0,0,FALSE
Male,Disloyal Customer,41,Business Travel,Business,335,3,3,3,1,5,3,5,5,4,2,4,3,5,3.54,3,11,FALSE
Male,Loyal Customer,44,Personal Travel,Eco Plus,762,3,5,3,1,1,3,1,1,5,3,4,5,1,2.77,0,0,FALSE
Male,Loyal Customer,69,Personal Travel,Eco,528,4,5,4,4,5,4,1,5,5,4,5,3,5,4.15,0,0,FALSE
Male,Loyal Customer,41,Business Travel,Business,2124,1,1,1,1,3,4,4,5,5,5,5,4,4,3.31,5,4,TRUE
Male,Disloyal Customer,26,Business Travel,Business,980,4,4,4,3,5,4,4,5,5,2,4,4,5,4.08,0,0,TRUE
Female,Loyal Customer,46,Business Travel,Eco,1013,4,2,2,2,5,3,3,4,4,4,4,1,1,3,0,0,FALSE
Male,Loyal Customer,70,Personal Travel,Eco,1521,3,5,3,2,5,3,5,5,5,5,5,4,5,4.23,59,36,FALSE
Female,Loyal Customer,30,Business Travel,Business,594,2,1,1,1,2,2,2,2,1,4,3,4,2,2.08,30,21,FALSE
Male,Loyal Customer,64,Business Travel,Eco,802,4,2,2,2,4,4,4,4,3,3,3,2,4,3.15,0,0,FALSE
Female,Disloyal Customer,21,Business Travel,Eco,861,2,2,2,3,2,2,2,2,4,4,4,1,2,2.46,0,0,FALSE
Female,Disloyal Customer,22,Business Travel,Business,689,3,3,3,2,5,3,5,5,4,1,2,1,5,3.23,0,0,FALSE
Female,Loyal Customer,57,Business Travel,Business,1777,3,5,5,5,2,3,3,3,3,3,3,4,3,3.46,45,28,FALSE
Female,Loyal Customer,44,Business Travel,Business,1860,5,5,5,5,2,4,5,5,5,5,5,3,5,4.54,0,4,TRUE
Female,Loyal Customer,53,Personal Travel,Eco,583,2,4,2,3,5,4,4,1,1,2,1,3,4,2.77,0,0,FALSE
Male,Loyal Customer,48,Business Travel,Business,1506,1,1,1,1,4,5,5,4,4,4,4,3,3,3.08,0,0,TRUE
Female,Loyal Customer,48,Business Travel,Business,2339,2,5,5,5,1,4,4,2,2,2,2,4,3,3.15,0,0,FALSE
Male,Loyal Customer,25,Business Travel,Business,2728,5,5,1,5,5,5,5,5,3,4,5,5,5,4.46,0,0,TRUE
Female,Loyal Customer,51,Business Travel,Business,2046,4,4,4,4,4,5,4,4,4,4,4,3,3,3.92,6,6,TRUE
Female,Loyal Customer,21,Business Travel,Business,1677,5,5,5,5,5,5,5,5,5,3,2,5,5,4.62,0,0,TRUE
Female,Loyal Customer,48,Personal Travel,Eco,283,1,2,4,3,2,4,3,4,4,4,4,2,1,2.92,9,1,FALSE
Female,Loyal Customer,44,Personal Travel,Eco,629,4,1,4,3,5,4,4,5,5,4,5,1,2,3.62,0,0,FALSE
Female,Loyal Customer,61,Business Travel,Business,3850,5,5,3,5,3,5,4,5,5,5,5,4,3,4.38,3,0,TRUE
Female,Loyal Customer,52,Business Travel,Eco,282,4,5,4,5,2,4,2,4,4,4,4,1,4,3.62,0,6,TRUE
Male,Loyal Customer,50,Business Travel,Business,383,1,4,4,4,3,2,2,1,1,1,1,4,1,2.23,2,0,FALSE
Female,Loyal Customer,47,Business Travel,Eco,1017,1,3,2,2,3,3,3,1,1,1,1,3,2,2,0,0,FALSE
Female,Loyal Customer,39,Business Travel,Eco,262,4,2,2,2,4,4,4,4,2,2,1,4,4,3,0,0,TRUE
Male,Loyal Customer,45,Business Travel,Eco,646,4,2,2,2,4,4,4,4,2,1,3,1,4,2.85,0,0,FALSE
Female,Disloyal Customer,25,Business Travel,Business,240,5,0,5,4,3,5,3,3,4,2,5,4,3,3.54,17,15,TRUE
Female,Loyal Customer,45,Business Travel,Business,337,5,5,5,5,2,4,5,4,4,4,4,3,5,4.23,0,0,TRUE
Male,Loyal Customer,65,Personal Travel,Eco,1363,1,5,1,3,3,1,3,3,5,2,5,5,3,3.08,0,0,FALSE
Female,Loyal Customer,59,Personal Travel,Eco,1726,4,3,5,3,3,2,3,1,1,5,1,3,1,2.69,0,0,FALSE
Female,Loyal Customer,51,Business Travel,Eco,1089,2,5,5,5,2,4,3,3,3,2,3,1,2,3.08,0,0,FALSE
Male,Loyal Customer,44,Personal Travel,Eco,229,2,5,2,3,3,2,3,3,5,3,4,5,3,3.31,1,0,FALSE
Female,Disloyal Customer,26,Business Travel,Business,204,5,4,5,2,3,5,3,3,5,3,5,4,3,3.85,58,54,TRUE
Male,Loyal Customer,49,Business Travel,Business,373,2,3,3,3,5,4,4,2,2,2,2,3,2,2.85,87,77,FALSE
Female,Loyal Customer,27,Personal Travel,Business,460,2,3,2,1,2,2,2,2,2,4,2,3,2,2.23,0,0,FALSE
Female,Loyal Customer,23,Business Travel,Eco Plus,901,0,5,0,5,3,0,1,3,4,3,4,5,3,2.77,9,3,TRUE
Male,Loyal Customer,36,Business Travel,Business,671,1,1,1,1,2,3,5,4,4,4,4,1,3,2.62,0,7,TRUE
Male,Loyal Customer,39,Business Travel,Business,3763,2,2,2,2,5,5,4,5,5,5,5,5,5,4,2,0,TRUE
Female,Loyal Customer,51,Personal Travel,Eco,125,3,4,0,4,4,4,4,3,3,0,3,2,3,2.85,0,0,FALSE
Male,Loyal Customer,22,Business Travel,Business,2426,2,3,4,3,2,2,2,2,1,4,1,1,2,2.23,53,73,FALSE
Female,Disloyal Customer,38,Business Travel,Eco,89,4,4,4,4,3,4,3,3,1,1,3,4,3,3.15,0,0,FALSE
Male,Loyal Customer,35,Business Travel,Eco,342,3,1,2,1,3,3,3,3,1,4,4,2,3,2.54,0,0,FALSE
Female,Loyal Customer,55,Personal Travel,Eco,1164,2,5,2,2,5,4,4,1,1,2,1,5,4,2.92,0,0,FALSE
Female,Loyal Customer,42,Business Travel,Business,2677,5,5,5,5,2,5,4,4,4,4,4,4,5,4.31,0,0,TRUE
Male,Loyal Customer,53,Business Travel,Business,2342,1,1,1,1,2,5,5,4,4,5,4,5,4,3.23,0,0,TRUE
Male,Loyal Customer,49,Business Travel,Business,2407,2,2,2,2,5,4,5,4,4,4,4,5,4,3.62,0,4,TRUE
Female,Disloyal Customer,22,Business Travel,Eco,964,4,4,4,4,5,4,5,5,2,5,4,4,5,4.23,11,10,FALSE
Female,Loyal Customer,61,Personal Travel,Eco,1310,2,5,2,3,2,5,4,5,5,2,5,5,3,3.69,1,0,FALSE
Female,Disloyal Customer,24,Business Travel,Business,502,4,2,4,4,3,4,3,3,5,4,4,3,3,3.54,0,4,TRUE
Male,Disloyal Customer,30,Personal Travel,Eco,479,3,5,3,1,4,3,1,4,5,2,4,5,4,3.38,41,24,FALSE
Male,Loyal Customer,48,Business Travel,Business,2928,2,2,2,2,4,5,5,4,4,4,4,3,5,3.54,0,1,TRUE
Male,Disloyal Customer,48,Business Travel,Eco,1208,3,4,4,3,2,4,2,2,4,2,4,2,2,2.92,108,88,FALSE
Male,Loyal Customer,50,Business Travel,Eco Plus,873,4,5,5,5,4,4,4,4,2,1,1,5,4,3.69,0,0,TRUE
Male,Loyal Customer,51,Business Travel,Business,781,1,3,3,3,3,4,3,1,1,1,1,3,4,2.38,13,2,FALSE
Male,Loyal Customer,56,Personal Travel,Eco,1127,2,5,2,5,5,2,5,5,3,4,4,3,5,3.85,0,3,FALSE
Male,Loyal Customer,57,Personal Travel,Eco,770,4,5,4,1,4,4,2,4,5,2,4,5,4,3.69,17,37,TRUE
Female,Loyal Customer,45,Personal Travel,Eco,1074,2,4,2,2,4,5,5,4,4,2,4,5,4,3.62,40,38,FALSE
Female,Loyal Customer,78,Business Travel,Eco,287,3,1,1,1,5,2,3,3,3,3,3,2,3,2.54,0,0,FALSE
Female,Disloyal Customer,45,Business Travel,Eco,231,3,4,3,3,5,3,5,5,1,2,4,1,5,3.38,0,0,FALSE
Male,Disloyal Customer,27,Business Travel,Eco,984,3,2,2,1,4,2,4,4,3,4,1,1,4,2.69,0,0,FALSE
Female,Loyal Customer,30,Business Travel,Business,2896,3,4,4,4,3,3,3,3,3,4,4,1,3,3.23,0,9,FALSE
Male,Loyal Customer,53,Business Travel,Business,1659,5,5,5,5,3,5,4,5,5,5,5,3,4,4.54,0,0,TRUE
Female,Loyal Customer,54,Business Travel,Business,1751,3,3,4,3,4,3,2,3,3,3,3,3,4,3.15,0,0,FALSE
Male,Loyal Customer,20,Personal Travel,Eco,846,3,1,2,4,3,2,3,3,2,2,4,1,3,2.54,8,4,FALSE
Female,Disloyal Customer,26,Business Travel,Business,283,4,5,3,4,4,3,4,4,3,5,4,4,4,3.92,21,21,FALSE
Male,Loyal Customer,35,Business Travel,Business,2521,5,5,5,5,2,5,1,4,4,4,4,5,2,3.92,5,9,TRUE
Female,Disloyal Customer,41,Business Travel,Business,304,2,2,2,4,1,2,1,1,5,5,4,2,1,2.46,0,0,FALSE
Female,Loyal Customer,20,Personal Travel,Eco,544,1,5,1,2,3,1,1,3,2,1,4,4,3,2.38,11,2,FALSE
Male,Loyal Customer,50,Business Travel,Eco Plus,548,2,5,2,5,3,2,3,3,3,5,4,2,3,3.23,0,0,TRUE
Female,Loyal Customer,52,Business Travel,Business,2103,5,5,3,5,5,2,5,4,4,4,4,1,4,3.92,0,0,TRUE
Female,Loyal Customer,39,Business Travel,Business,358,2,2,2,2,2,3,2,5,5,5,5,2,5,3.23,0,0,TRUE
Female,Disloyal Customer,32,Business Travel,Business,689,4,4,4,5,2,4,2,2,4,4,5,4,2,3.54,0,0,FALSE
Female,Loyal Customer,51,Business Travel,Business,1818,1,1,2,1,3,5,5,4,4,4,4,5,5,3.38,0,1,TRUE
Male,Loyal Customer,39,Business Travel,Business,308,0,0,0,1,3,1,2,2,2,2,2,3,3,1.62,0,0,TRUE
Female,Loyal Customer,40,Business Travel,Eco,978,5,3,3,3,5,5,5,5,4,2,4,4,5,4.08,0,3,TRUE
Female,Disloyal Customer,23,Business Travel,Eco,1005,2,2,2,3,4,2,4,4,1,1,4,4,4,2.85,0,16,FALSE
Male,Loyal Customer,14,Personal Travel,Eco,446,2,4,2,4,4,2,4,4,4,4,2,5,4,3.46,0,0,FALSE
Female,Loyal Customer,51,Personal Travel,Eco,683,1,5,1,5,3,5,5,3,3,1,3,5,4,3.38,0,0,FALSE
Male,Loyal Customer,15,Personal Travel,Eco,1733,2,5,2,3,2,5,5,1,1,4,3,5,5,3.31,206,215,FALSE
Male,Loyal Customer,27,Business Travel,Eco,946,2,1,1,1,2,2,2,2,3,2,3,4,2,2.08,67,33,FALSE
Male,Loyal Customer,42,Personal Travel,Eco,867,0,1,0,3,1,0,1,1,1,4,3,2,1,1.38,0,0,TRUE
Female,Loyal Customer,51,Business Travel,Business,1632,5,5,2,5,4,4,5,5,5,5,5,5,5,4.62,0,0,TRUE
Male,Disloyal Customer,20,Business Travel,Eco,1185,4,4,4,3,2,4,2,2,4,2,3,3,2,3,3,0,FALSE
Female,Loyal Customer,38,Personal Travel,Eco,408,3,4,3,5,2,3,2,2,5,3,5,4,2,3.31,0,0,FALSE
Female,Disloyal Customer,37,Business Travel,Eco,1216,4,4,4,3,4,4,4,4,2,4,5,4,4,3.85,0,0,FALSE
Female,Loyal Customer,37,Business Travel,Business,946,1,1,1,1,4,5,4,5,5,5,5,5,4,3.54,12,13,TRUE
Male,Loyal Customer,39,Business Travel,Business,432,4,4,4,4,3,4,4,4,4,4,4,4,3,3.85,0,0,TRUE
Female,Loyal Customer,51,Business Travel,Eco,308,5,4,4,4,4,5,2,5,5,5,5,3,4,4.23,9,57,TRUE
Male,Loyal Customer,44,Personal Travel,Eco,804,2,4,2,3,2,2,2,2,2,4,3,2,2,2.46,0,8,FALSE
Female,Loyal Customer,53,Business Travel,Eco,176,4,2,2,2,5,5,1,4,4,4,4,4,3,3.38,0,0,TRUE
Male,Disloyal Customer,59,Business Travel,Eco,101,3,0,3,2,4,3,4,4,4,1,2,2,4,2.77,0,0,FALSE
Female,Loyal Customer,54,Business Travel,Business,1416,5,5,5,5,5,4,4,4,4,4,4,5,3,4.38,0,2,TRUE
Female,Loyal Customer,53,Business Travel,Business,405,4,4,4,4,3,4,4,3,3,4,3,3,3,3.54,0,0,TRUE
Female,Disloyal Customer,45,Business Travel,Business,285,3,2,2,3,3,3,4,3,4,3,4,2,3,3,0,0,FALSE
Male,Loyal Customer,55,Business Travel,Business,2379,2,2,2,2,4,4,4,2,2,2,2,1,4,2.54,0,0,FALSE
Male,Loyal Customer,35,Business Travel,Business,2628,2,2,1,2,1,1,3,4,4,4,4,5,2,2.69,0,0,TRUE
Female,Loyal Customer,62,Personal Travel,Eco,453,4,5,4,3,4,2,2,5,3,5,5,2,2,3.54,140,132,FALSE
Female,Disloyal Customer,29,Business Travel,Eco,1034,2,2,2,2,2,2,3,2,4,5,5,1,2,2.62,0,4,FALSE
Male,Loyal Customer,41,Personal Travel,Business,250,2,4,2,1,4,4,5,3,3,2,1,5,5,3.15,0,0,FALSE
Female,Loyal Customer,51,Business Travel,Business,731,5,5,5,5,2,5,4,5,5,5,5,3,4,4.46,0,0,TRUE
Female,Loyal Customer,10,Personal Travel,Eco,1562,2,4,2,4,3,2,3,3,1,3,3,3,3,2.77,10,0,FALSE
Male,Disloyal Customer,30,Business Travel,Eco Plus,2521,2,2,2,5,5,2,5,5,3,2,2,5,5,3.46,0,0,FALSE
Male,Loyal Customer,62,Personal Travel,Eco,1598,3,3,3,4,4,3,4,4,3,2,4,2,4,3.31,27,19,FALSE
Male,Loyal Customer,58,Business Travel,Business,328,1,1,1,1,4,4,5,5,5,4,5,5,5,3.54,0,7,TRUE
Male,Loyal Customer,69,Personal Travel,Eco,1065,2,4,2,2,3,2,3,3,3,4,5,5,3,3.15,0,0,FALSE
Male,Loyal Customer,51,Business Travel,Business,3964,1,1,1,1,4,4,5,4,4,4,4,4,4,3.15,72,64,TRUE
Female,Loyal Customer,42,Business Travel,Business,1536,5,5,5,5,3,5,4,4,4,4,4,5,3,4.31,0,6,TRUE
Female,Disloyal Customer,12,Business Travel,Eco Plus,1609,3,2,3,4,2,3,3,2,1,4,4,1,2,2.62,0,0,FALSE
Male,Loyal Customer,61,Personal Travel,Eco Plus,972,4,5,4,2,1,4,1,1,3,4,5,3,1,2.92,0,3,FALSE
Female,Loyal Customer,54,Business Travel,Business,2176,3,3,3,3,3,5,4,4,4,4,4,4,3,3.62,13,4,TRUE
Male,Disloyal Customer,13,Business Travel,Eco,1790,2,2,2,4,4,2,4,4,1,1,4,4,4,2.92,17,24,FALSE
Female,Disloyal Customer,49,Business Travel,Eco,252,3,5,3,1,5,3,5,5,4,4,2,3,5,3.69,0,0,FALSE
Male,Disloyal Customer,25,Business Travel,Eco,192,2,1,2,3,3,2,3,3,2,4,4,2,3,2.62,0,0,FALSE
Male,Loyal Customer,22,Personal Travel,Eco,1020,1,2,1,4,2,1,2,2,1,4,3,1,2,2,0,0,FALSE
Male,Loyal Customer,37,Personal Travel,Eco,238,1,5,1,2,5,1,5,5,3,4,5,3,5,3.46,0,60,FALSE
Male,Loyal Customer,24,Personal Travel,Eco,2442,2,5,2,1,2,2,2,2,3,3,5,4,2,2.69,9,0,FALSE
Male,Loyal Customer,39,Business Travel,Business,3021,3,5,5,5,4,2,3,3,3,3,3,3,1,3.31,0,0,FALSE
Male,Loyal Customer,66,Business Travel,Business,458,1,1,1,1,3,3,3,1,1,1,1,4,2,1.77,32,60,FALSE
Female,Loyal Customer,34,Business Travel,Eco Plus,920,3,4,4,4,3,3,3,3,4,5,4,1,3,3.38,0,0,FALSE
Male,Loyal Customer,35,Personal Travel,Eco,993,3,5,3,5,1,3,1,1,4,3,5,4,1,3,19,10,FALSE
Male,Disloyal Customer,27,Business Travel,Eco,867,4,4,4,4,1,4,1,1,1,1,5,5,1,2.77,0,0,FALSE
Male,Loyal Customer,17,Personal Travel,Eco,524,2,4,2,2,3,2,4,3,4,4,5,5,3,3.31,1,0,FALSE
Female,Loyal Customer,36,Personal Travel,Eco,237,3,2,0,3,3,0,3,3,2,2,3,3,3,2.31,34,44,FALSE
Female,Loyal Customer,7,Personal Travel,Eco,463,3,5,3,2,5,3,5,5,4,5,4,5,5,4.15,0,0,FALSE
Male,Loyal Customer,7,Personal Travel,Eco,308,2,3,2,4,5,2,4,5,1,3,4,3,5,3.31,0,0,FALSE
Male,Loyal Customer,70,Business Travel,Business,2594,1,2,2,2,3,4,4,1,1,1,1,4,2,2.15,0,0,FALSE
Male,Loyal Customer,34,Business Travel,Business,1741,5,5,4,5,2,4,5,4,4,4,5,3,5,4.23,0,4,TRUE
Female,Loyal Customer,65,Business Travel,Business,2311,3,1,1,1,3,2,2,3,3,3,3,2,4,2.38,0,0,FALSE
Female,Disloyal Customer,23,Business Travel,Business,184,5,0,5,1,5,5,5,5,3,2,5,3,5,3.77,12,0,TRUE
Male,Loyal Customer,28,Personal Travel,Eco,1012,3,2,4,1,1,4,1,1,2,5,1,3,1,2.23,0,0,FALSE
Male,Loyal Customer,48,Business Travel,Business,3541,4,4,4,4,4,5,5,5,5,5,5,4,5,4.54,0,0,TRUE
Female,Disloyal Customer,36,Business Travel,Eco,813,3,4,4,3,1,4,1,1,2,3,4,3,1,2.62,14,6,FALSE
Female,Loyal Customer,34,Personal Travel,Eco,1400,3,1,3,4,5,3,5,5,3,3,3,2,5,3.46,0,0,FALSE
Male,Loyal Customer,27,Business Travel,Business,1957,5,5,5,5,4,4,4,4,3,1,4,4,4,4,0,0,TRUE
Female,Loyal Customer,30,Business Travel,Business,213,2,5,5,5,5,4,2,5,1,2,3,1,5,3.46,25,13,FALSE
Male,Disloyal Customer,18,Business Travel,Business,237,5,0,5,3,3,5,3,3,2,5,5,2,3,3.38,0,0,TRUE
Male,Loyal Customer,58,Business Travel,Business,1587,5,5,5,5,2,4,4,4,4,4,4,5,3,4.15,0,0,TRUE
Female,Loyal Customer,38,Business Travel,Business,666,3,4,3,4,3,4,3,3,3,3,3,4,2,3.23,0,0,FALSE
Female,Disloyal Customer,26,Business Travel,Eco,390,3,0,3,4,3,3,3,3,3,3,3,1,3,2.69,99,87,FALSE
Male,Loyal Customer,40,Business Travel,Business,1416,1,1,1,1,2,4,5,4,4,4,4,4,5,3.08,0,0,TRUE
Male,Loyal Customer,37,Business Travel,Eco,448,4,3,3,3,4,4,4,2,2,2,3,4,4,3.23,151,,TRUE
Male,Loyal Customer,50,Business Travel,Business,1812,3,4,3,3,4,4,5,4,4,4,4,3,4,3.77,0,0,TRUE
Female,Loyal Customer,41,Business Travel,Business,2854,1,1,4,1,3,4,4,3,3,3,3,5,5,3.08,1,,TRUE
Male,Disloyal Customer,17,Business Travel,Business,1164,5,0,5,1,5,5,4,5,5,4,3,1,5,3.69,0,4,TRUE
Female,Loyal Customer,42,Business Travel,Eco,589,1,3,3,3,5,3,4,1,1,1,1,2,1,2.23,0,18,FALSE
Female,Loyal Customer,23,Business Travel,Business,1199,3,3,3,3,3,2,3,3,2,2,3,2,3,2.69,0,0,FALSE
Male,Loyal Customer,55,Business Travel,Business,2929,4,4,4,4,5,4,4,4,4,4,4,4,3,4,0,3,TRUE
Female,Disloyal Customer,23,Business Travel,Eco,515,2,0,2,3,4,2,4,4,3,3,4,5,4,3.08,58,44,FALSE
Female,Loyal Customer,63,Personal Travel,Eco,480,4,3,4,2,4,1,3,2,2,4,4,2,4,3,11,11,FALSE
Female,Loyal Customer,43,Business Travel,Business,1698,3,3,3,3,2,4,4,5,5,5,5,5,3,3.85,1,8,TRUE
Female,Loyal Customer,63,Business Travel,Eco,342,1,1,1,1,5,4,4,1,1,1,1,2,1,1.85,0,0,FALSE
Female,Loyal Customer,49,Business Travel,Business,886,3,3,3,3,4,5,4,5,5,5,5,3,5,4.08,0,0,TRUE
Female,Loyal Customer,28,Personal Travel,Eco,436,2,5,2,2,3,2,3,3,5,5,4,4,3,3.31,0,0,FALSE
Male,Loyal Customer,39,Business Travel,Business,252,0,0,0,5,3,3,4,3,3,3,3,4,1,2.46,0,0,TRUE
Female,Loyal Customer,31,Business Travel,Business,351,2,1,1,1,2,2,2,2,3,4,3,3,2,2.15,0,0,FALSE
Male,Loyal Customer,67,Personal Travel,Eco,1197,4,4,4,1,1,4,1,1,5,5,4,5,1,3.08,0,0,FALSE
Male,Loyal Customer,26,Personal Travel,Eco,358,3,5,3,2,3,3,3,3,3,5,5,5,3,3.54,0,10,FALSE
Male,Loyal Customer,55,Business Travel,Eco Plus,266,3,3,3,3,3,3,3,3,1,2,4,3,3,2.85,0,0,FALSE
Male,Loyal Customer,49,Business Travel,Business,3503,3,2,3,3,3,1,1,5,5,5,5,5,1,3.23,8,0,TRUE
Female,Loyal Customer,16,Personal Travel,Eco,1121,3,4,3,3,4,3,3,4,5,3,3,5,4,3.62,0,0,FALSE
Male,Loyal Customer,15,Business Travel,Business,2292,4,1,1,1,2,2,4,2,1,2,4,1,2,2.08,0,0,FALSE
Male,Loyal Customer,48,Personal Travel,Eco,1487,2,1,2,4,2,2,2,2,1,2,4,2,2,2.15,16,41,FALSE
Male,Loyal Customer,49,Personal Travel,Eco,821,0,1,0,4,2,0,1,2,1,1,3,1,2,1.38,0,0,TRUE
Female,Loyal Customer,46,Business Travel,Business,352,3,3,2,3,3,5,3,4,4,4,4,1,5,3.38,0,0,TRUE
Male,Loyal Customer,39,Business Travel,Business,2399,5,5,5,5,5,3,4,4,4,4,4,4,5,4.38,0,0,TRUE
Male,Loyal Customer,43,Business Travel,Business,3699,5,5,2,5,3,1,5,5,5,5,5,5,3,4.15,10,21,TRUE
Male,Loyal Customer,31,Business Travel,Business,3318,2,2,2,2,3,4,4,3,5,3,5,4,3,3.23,0,0,TRUE
Female,Loyal Customer,40,Personal Travel,Eco,1744,4,5,4,2,4,4,1,4,5,2,5,4,4,3.69,1,0,TRUE
Female,Loyal Customer,33,Business Travel,Business,488,3,3,3,3,3,4,4,5,5,5,5,2,1,3.54,0,0,TRUE
Female,Loyal Customer,8,Personal Travel,Eco,925,2,5,2,4,4,2,4,4,3,3,5,3,4,3.46,29,1,FALSE
Female,Disloyal Customer,28,Business Travel,Business,1119,5,5,5,3,4,0,4,4,4,2,5,3,4,3.69,0,0,TRUE
Male,Loyal Customer,61,Personal Travel,Eco,948,2,0,2,4,4,2,4,4,3,2,5,3,4,3,0,10,FALSE
Female,Loyal Customer,50,Business Travel,Business,295,5,4,5,5,4,5,5,4,4,5,4,5,5,4.62,0,0,TRUE
Male,Loyal Customer,58,Personal Travel,Eco,1136,1,5,1,4,3,1,4,3,3,3,5,5,3,3.15,9,5,FALSE
Male,Loyal Customer,42,Business Travel,Business,2235,1,1,1,1,4,1,3,3,3,3,3,2,5,2.38,0,0,TRUE
Male,Loyal Customer,43,Personal Travel,Eco,516,4,5,4,5,4,4,4,4,1,5,3,3,4,3.85,0,0,TRUE
Male,Loyal Customer,54,Business Travel,Eco Plus,900,3,4,4,4,2,3,2,2,3,4,2,4,2,3,28,25,FALSE
Male,Disloyal Customer,29,Business Travel,Eco,754,1,1,1,2,5,1,5,5,1,5,1,2,5,2.69,0,0,FALSE
Male,Loyal Customer,39,Business Travel,Business,3735,2,2,2,2,2,3,4,2,2,2,2,1,4,2.31,0,0,FALSE
Male,Loyal Customer,31,Personal Travel,Eco Plus,153,3,1,3,3,4,3,4,4,4,5,3,3,4,3.38,27,19,FALSE
Female,Loyal Customer,49,Business Travel,Business,1068,1,1,1,1,5,5,5,4,4,4,4,3,3,3.15,23,9,TRUE
Female,Disloyal Customer,27,Business Travel,Business,1127,5,5,5,2,2,5,2,2,4,5,4,4,2,3.62,2,0,TRUE
Male,Loyal Customer,52,Personal Travel,Eco,1399,4,4,4,1,5,4,5,5,4,4,4,5,5,4.15,0,0,FALSE
Male,Disloyal Customer,9,Business Travel,Business,794,0,0,0,1,2,0,2,2,4,3,4,3,2,1.77,0,0,TRUE
Male,Loyal Customer,41,Business Travel,Eco,347,4,2,2,2,4,4,4,4,1,4,3,3,4,3.15,0,0,TRUE
Female,Loyal Customer,36,Personal Travel,Eco,229,4,2,4,3,5,4,5,5,2,4,2,4,5,3.77,0,0,FALSE
Female,Loyal Customer,38,Business Travel,Business,977,1,1,1,1,2,4,5,5,5,5,5,3,5,3.31,0,0,TRUE
Male,Loyal Customer,34,Business Travel,Eco Plus,965,3,1,4,1,3,3,3,3,2,1,4,1,3,2.46,30,13,FALSE
Female,Loyal Customer,49,Personal Travel,Eco,883,3,3,3,4,1,3,3,1,1,3,1,1,4,2.38,25,6,FALSE
Male,Loyal Customer,23,Business Travel,Business,621,5,1,2,2,5,4,5,5,2,3,3,2,5,3.38,0,0,FALSE
Female,Loyal Customer,50,Business Travel,Eco,606,3,4,4,4,2,3,3,3,3,3,3,4,1,3.08,4,0,FALSE
Female,Loyal Customer,57,Business Travel,Eco Plus,580,3,3,3,3,2,3,4,3,3,3,3,3,4,3.08,0,0,FALSE
Female,Loyal Customer,60,Business Travel,Business,1554,1,1,1,1,4,3,3,5,5,5,5,2,5,3.15,0,2,TRUE
Male,Loyal Customer,34,Business Travel,Business,236,4,4,4,4,5,4,5,4,4,5,4,3,5,4.23,0,0,TRUE
Male,Loyal Customer,61,Business Travel,Business,2270,1,2,2,2,4,2,3,1,1,2,1,3,2,2,0,0,FALSE
Male,Loyal Customer,47,Business Travel,Business,1679,2,2,2,2,5,4,5,5,5,5,5,3,5,3.85,0,10,TRUE
Female,Loyal Customer,39,Personal Travel,Eco,577,3,4,3,4,2,3,2,2,4,3,5,3,2,3.08,0,0,FALSE
Male,Loyal Customer,64,Business Travel,Eco Plus,125,3,2,4,4,3,3,3,3,4,3,4,2,3,3.15,0,0,FALSE
Male,Disloyal Customer,26,Business Travel,Eco,751,2,2,2,4,5,2,1,5,3,2,5,1,5,3,0,0,FALSE
Male,Loyal Customer,45,Business Travel,Eco,936,4,5,5,5,4,4,4,4,5,3,2,1,4,3.85,1,0,TRUE
Female,Loyal Customer,45,Business Travel,Eco Plus,1046,5,4,5,4,1,5,5,5,5,5,5,4,3,4.31,36,34,TRUE
Male,Loyal Customer,13,Business Travel,Business,3341,1,3,3,3,1,1,1,1,4,3,4,2,1,2.15,64,60,FALSE
Female,Loyal Customer,45,Business Travel,Business,216,0,5,0,4,5,4,4,1,1,1,1,3,3,2.46,0,0,TRUE
Male,Loyal Customer,41,Business Travel,Business,1750,5,5,5,5,3,3,4,2,2,2,2,4,5,3.62,22,21,TRUE
Male,Loyal Customer,38,Business Travel,Business,1886,2,3,3,3,5,1,2,2,2,3,2,3,3,2.62,67,90,FALSE
Female,Loyal Customer,42,Business Travel,Business,2790,5,5,5,5,5,5,4,5,5,5,5,3,4,4.69,0,0,TRUE
Female,Disloyal Customer,23,Business Travel,Business,746,0,0,0,3,4,0,4,4,5,3,5,4,4,2.77,4,0,TRUE
Female,Loyal Customer,40,Business Travel,Business,1242,5,5,5,5,2,4,4,5,5,5,5,4,3,4.38,0,0,TRUE
Male,Loyal Customer,36,Business Travel,Business,2681,5,5,5,5,1,5,3,4,4,4,4,4,2,3.92,0,0,TRUE
Female,Loyal Customer,37,Business Travel,Business,3489,3,3,3,3,2,4,5,5,5,5,5,5,1,3.77,35,34,TRUE
Male,Loyal Customer,33,Business Travel,Eco Plus,762,4,5,5,5,4,4,4,4,4,4,4,2,4,4.08,57,44,FALSE
Female,Loyal Customer,38,Business Travel,Business,2970,4,4,4,4,3,3,2,4,4,4,4,1,4,3.46,0,0,TRUE
Male,Disloyal Customer,26,Business Travel,Business,842,2,2,2,5,4,2,4,4,5,3,4,5,4,3.54,0,9,FALSE
Female,Loyal Customer,54,Business Travel,Business,2094,2,2,2,2,2,4,5,5,5,5,5,5,4,3.69,0,10,TRUE
Female,Loyal Customer,54,Business Travel,Business,2504,1,1,1,1,4,4,4,3,4,4,4,4,4,3,159,140,TRUE
Female,Loyal Customer,50,Business Travel,Eco,547,4,2,4,4,5,4,4,4,4,4,4,1,1,3.46,0,0,TRUE
Male,Loyal Customer,56,Personal Travel,Eco,253,3,5,3,4,1,3,1,1,4,4,2,3,1,2.69,0,0,FALSE
Female,Loyal Customer,21,Personal Travel,Eco,338,3,2,3,4,3,3,3,3,1,5,3,4,3,3.08,23,12,FALSE
Female,Loyal Customer,64,Personal Travel,Eco,226,2,4,2,1,4,4,4,4,4,2,4,4,4,3.31,52,39,FALSE
Male,Loyal Customer,39,Business Travel,Business,764,2,2,2,2,4,5,4,4,4,3,4,3,4,3.31,0,0,TRUE
Male,Loyal Customer,61,Personal Travel,Eco,844,2,1,2,4,5,2,5,5,1,2,4,2,5,3.08,0,0,FALSE
Male,Loyal Customer,25,Personal Travel,Eco,290,2,4,2,4,1,2,3,1,4,2,5,4,1,2.69,28,16,FALSE
Male,Loyal Customer,48,Business Travel,Business,2925,4,4,4,4,2,5,5,4,4,4,4,5,3,4,0,0,TRUE
Male,Loyal Customer,53,Business Travel,Eco,1709,2,4,4,4,2,2,2,2,3,2,1,2,2,2.46,0,0,FALSE
Female,Loyal Customer,28,Business Travel,Business,2164,2,2,2,2,5,5,5,5,1,1,5,2,5,3.23,0,0,TRUE
Male,Loyal Customer,31,Business Travel,Business,1448,4,4,4,4,5,5,5,5,4,3,3,5,5,4.31,5,8,TRUE
Male,Loyal Customer,54,Business Travel,Business,1667,2,1,1,1,2,3,4,2,2,2,2,2,2,2,3,0,FALSE
Male,Loyal Customer,43,Business Travel,Business,1662,2,2,3,2,4,2,5,5,5,5,5,5,5,3.85,0,0,TRUE
Male,Loyal Customer,51,Business Travel,Business,2309,2,2,2,2,3,5,4,5,5,5,5,3,3,3.54,1,0,TRUE
Male,Loyal Customer,42,Business Travel,Business,624,5,5,5,5,2,4,4,4,4,4,4,3,5,4.15,14,41,TRUE
Male,Loyal Customer,60,Business Travel,Business,3349,0,0,0,2,4,5,5,4,4,4,2,5,5,3.08,4,4,TRUE
Male,Loyal Customer,29,Personal Travel,Eco,332,2,3,2,3,1,2,1,1,3,2,1,3,1,1.92,0,0,FALSE
Female,Loyal Customer,48,Business Travel,Business,2723,1,1,1,1,4,5,4,4,4,4,4,4,5,3.23,23,18,TRUE
Female,Disloyal Customer,25,Business Travel,Eco,183,2,0,2,2,2,2,5,2,2,5,3,2,2,2.38,0,0,FALSE
Female,Loyal Customer,26,Business Travel,Business,1211,5,1,5,5,2,2,2,2,5,1,3,5,2,3.08,0,0,TRUE
Male,Loyal Customer,9,Personal Travel,Eco,393,2,2,2,2,2,2,2,2,4,3,2,3,2,2.31,0,0,FALSE
Male,Loyal Customer,27,Business Travel,Business,175,0,4,0,4,2,2,3,2,2,2,5,1,2,2.23,0,0,TRUE
Female,Loyal Customer,37,Business Travel,Eco,102,3,4,3,4,3,3,3,3,3,2,2,3,3,3,0,6,FALSE
Male,Disloyal Customer,31,Business Travel,Eco,954,3,3,3,3,4,3,4,4,1,4,2,5,4,3.31,41,11,FALSE
Female,Loyal Customer,25,Business Travel,Business,3315,1,1,1,1,1,1,1,1,4,3,4,2,1,1.69,0,0,FALSE
Female,Disloyal Customer,56,Business Travel,Eco,238,2,4,2,1,2,2,2,2,5,4,4,4,2,2.77,0,2,FALSE
Male,Loyal Customer,45,Business Travel,Business,1703,5,5,5,5,5,4,4,5,5,4,5,4,4,4.62,46,55,TRUE
Female,Disloyal Customer,36,Business Travel,Eco,1075,1,1,1,4,3,1,3,3,4,4,4,2,3,2.62,0,6,FALSE
Male,Loyal Customer,42,Business Travel,Business,3903,5,5,5,5,3,4,4,4,4,4,4,4,5,4.31,0,0,TRUE
Male,Loyal Customer,39,Business Travel,Business,528,2,2,3,2,2,5,5,5,5,5,5,4,4,3.77,0,0,TRUE
Female,Loyal Customer,27,Business Travel,Business,2486,2,3,3,3,2,2,2,2,2,2,2,4,2,2.38,16,10,FALSE
Female,Loyal Customer,51,Business Travel,Business,2733,2,1,1,1,1,4,3,2,2,1,2,2,1,1.77,18,13,FALSE
Female,Loyal Customer,45,Personal Travel,Business,1171,4,5,4,2,5,3,5,5,5,4,5,4,3,4.15,0,0,TRUE
Female,Loyal Customer,65,Personal Travel,Eco,1597,3,3,3,2,4,1,2,4,4,3,4,4,2,3,9,0,FALSE
Male,Loyal Customer,51,Business Travel,Business,1428,5,5,5,5,3,3,4,4,4,4,4,5,1,4,2,0,TRUE
Female,Loyal Customer,39,Business Travel,Eco Plus,457,5,5,5,5,5,5,5,5,2,2,2,3,5,4.15,0,0,TRUE
Female,Disloyal Customer,17,Business Travel,Eco,236,1,3,1,3,3,1,3,3,5,3,3,5,3,2.85,10,4,FALSE
Male,Loyal Customer,51,Business Travel,Eco Plus,404,4,4,4,4,4,4,4,4,1,1,5,5,4,3.69,38,,TRUE
Male,Loyal Customer,53,Business Travel,Business,446,4,4,4,4,5,4,5,4,4,4,4,4,3,4.08,0,0,TRUE
Male,Disloyal Customer,45,Business Travel,Business,594,5,5,5,4,5,5,5,5,5,3,4,4,5,4.62,0,7,TRUE
Male,Loyal Customer,47,Business Travel,Business,3511,3,3,3,3,4,5,5,4,4,5,4,4,3,3.85,0,0,TRUE
Female,Loyal Customer,44,Personal Travel,Eco,192,1,5,0,3,0,3,4,5,5,4,4,4,4,3.23,151,136,FALSE
Female,Loyal Customer,67,Personal Travel,Eco,2688,4,5,4,3,2,5,5,4,4,4,1,5,5,3.92,0,18,FALSE
Female,Disloyal Customer,18,Business Travel,Eco,309,3,3,3,3,2,3,2,2,2,1,4,4,2,2.62,48,63,FALSE
Male,Loyal Customer,38,Personal Travel,Eco,787,3,2,3,3,5,3,4,5,4,1,4,4,5,3.54,33,22,FALSE
Female,Loyal Customer,35,Business Travel,Business,416,3,2,2,2,3,4,3,3,3,3,3,2,4,2.85,0,13,FALSE
Male,Loyal Customer,43,Business Travel,Eco,1943,4,2,2,2,4,4,4,4,3,2,2,3,4,3.08,4,20,FALSE
Male,Loyal Customer,49,Personal Travel,Eco Plus,1180,1,5,0,1,5,0,2,5,4,5,4,5,5,3.23,1,0,FALSE
Male,Disloyal Customer,48,Business Travel,Business,1487,4,4,4,5,3,4,3,3,4,5,4,3,3,3.77,0,0,TRUE
Male,Loyal Customer,43,Business Travel,Eco Plus,634,4,2,2,2,4,4,4,4,4,5,3,4,4,3.54,5,43,TRUE
Female,Loyal Customer,33,Personal Travel,Eco,302,4,5,4,4,1,4,1,1,3,3,5,3,1,3,0,0,FALSE
Male,Loyal Customer,47,Personal Travel,Eco,224,3,1,0,2,3,0,3,3,4,1,2,2,3,2.08,0,0,FALSE
Female,Loyal Customer,54,Business Travel,Business,2139,3,3,3,3,3,4,5,5,5,5,5,3,3,3.85,0,1,TRUE
Female,Disloyal Customer,29,Business Travel,Eco,1195,3,4,4,1,2,4,2,2,5,5,3,4,2,3.15,0,2,FALSE
Male,Loyal Customer,12,Personal Travel,Eco,160,3,4,3,3,4,3,4,4,3,3,4,2,4,3.38,6,17,FALSE
Female,Loyal Customer,26,Personal Travel,Eco,304,5,4,5,3,5,5,2,5,4,2,4,3,5,4,0,0,TRUE
Female,Loyal Customer,50,Personal Travel,Eco,515,2,5,2,3,4,4,5,3,3,2,3,4,4,3.38,0,0,FALSE
Female,Loyal Customer,40,Business Travel,Business,1142,3,5,5,5,4,4,4,3,3,3,3,2,1,3.46,0,2,FALSE
Female,Loyal Customer,39,Business Travel,Business,2175,1,1,1,1,4,4,5,4,4,4,4,5,4,3.23,0,2,TRUE
Male,Disloyal Customer,23,Business Travel,Eco,1010,4,4,4,3,3,4,3,3,5,2,4,4,3,3.54,0,0,TRUE
Male,Loyal Customer,42,Business Travel,Business,2218,4,4,4,4,3,4,4,4,4,4,4,5,4,4,7,0,TRUE
Female,Disloyal Customer,34,Business Travel,Eco,1299,2,2,2,2,5,2,5,5,4,2,2,3,5,3.15,0,0,FALSE
Female,Disloyal Customer,26,Business Travel,Eco,2541,2,2,2,3,2,1,1,1,3,2,3,1,1,1.85,0,0,FALSE
Male,Loyal Customer,49,Business Travel,Eco,1024,4,2,2,2,4,4,4,4,2,2,1,5,4,3.08,5,17,TRUE
Female,Loyal Customer,40,Personal Travel,Eco,776,3,4,3,3,1,3,1,1,4,4,4,3,1,2.69,8,12,FALSE
Female,Loyal Customer,14,Personal Travel,Eco,404,2,2,1,4,4,1,4,4,3,5,3,1,4,2.92,1,2,FALSE
Female,Loyal Customer,30,Business Travel,Business,1235,2,4,2,2,5,5,5,5,5,5,1,4,5,3.85,8,0,TRUE
Male,Loyal Customer,51,Personal Travel,Eco,1009,3,3,3,2,3,2,2,3,3,2,3,2,2,2.54,167,150,FALSE
Female,Loyal Customer,12,Personal Travel,Eco,1020,3,4,3,2,1,3,1,1,1,4,2,5,1,2.38,0,0,FALSE
Male,Loyal Customer,66,Business Travel,Business,3685,2,2,4,2,3,2,1,5,5,5,5,3,4,3.31,0,0,TRUE
Male,Loyal Customer,25,Business Travel,Business,399,2,2,4,2,4,4,4,4,2,1,4,4,4,3.15,0,0,TRUE
Female,Loyal Customer,55,Personal Travel,Eco,369,2,3,1,3,2,2,2,1,1,1,1,4,1,1.85,1,0,FALSE
Female,Loyal Customer,18,Personal Travel,Eco,295,4,5,4,2,5,4,3,5,4,4,4,5,5,4.15,0,0,TRUE
Female,Loyal Customer,53,Business Travel,Business,895,2,2,2,2,4,5,5,4,4,4,4,4,3,3.46,19,19,TRUE
Male,Loyal Customer,38,Business Travel,Eco,255,3,2,4,4,3,3,3,3,1,5,4,1,3,3,22,24,FALSE
Male,Disloyal Customer,33,Business Travel,Business,602,3,3,3,3,2,3,2,2,3,4,4,5,2,3,5,15,FALSE
Male,Disloyal Customer,52,Business Travel,Business,590,3,3,3,5,5,3,5,5,4,3,4,3,5,3.92,5,0,FALSE
Female,Loyal Customer,10,Personal Travel,Eco,481,2,1,2,4,3,2,3,3,3,2,3,2,3,2.54,0,0,FALSE
Male,Loyal Customer,41,Business Travel,Eco,679,4,1,1,1,4,4,4,4,5,5,3,1,4,3.15,0,12,TRUE
Female,Disloyal Customer,27,Business Travel,Business,545,4,4,4,3,4,4,4,4,4,3,5,4,4,3.92,0,0,FALSE
Male,Loyal Customer,20,Personal Travel,Eco Plus,599,5,4,5,4,5,5,5,5,2,5,3,1,5,4.15,17,18,TRUE
Female,Loyal Customer,52,Personal Travel,Eco,759,5,5,5,3,5,4,5,4,4,5,4,5,4,4.46,0,0,TRUE
Male,Loyal Customer,38,Business Travel,Business,990,2,2,2,2,1,3,4,4,4,4,4,1,5,2.92,3,17,TRUE
Female,Loyal Customer,39,Business Travel,Business,3291,2,2,5,2,4,5,4,4,4,4,4,4,3,3.62,20,1,TRUE
Male,Loyal Customer,48,Personal Travel,Eco,1119,3,5,3,3,3,3,3,3,5,4,4,5,3,3.62,0,2,FALSE
Female,Loyal Customer,20,Personal Travel,Eco,690,3,5,2,2,1,2,1,1,4,5,5,4,1,2.77,8,9,FALSE
Female,Loyal Customer,39,Business Travel,Business,3606,3,3,5,3,2,5,4,5,5,5,5,4,4,4.08,0,0,TRUE
Female,Loyal Customer,77,Business Travel,Business,1379,4,5,5,5,4,3,2,4,4,4,4,2,4,3.85,32,24,FALSE
Female,Loyal Customer,41,Business Travel,Business,296,1,5,5,5,1,1,1,2,1,3,3,1,1,2.31,143,141,FALSE
Female,Disloyal Customer,27,Business Travel,Eco,201,1,3,0,3,5,0,5,5,2,3,4,3,5,3,5,0,FALSE
Male,Loyal Customer,30,Business Travel,Business,850,3,5,5,5,3,3,3,4,5,2,3,3,3,3.62,267,284,FALSE
Male,Loyal Customer,38,Business Travel,Business,1654,5,5,5,5,3,4,5,4,4,4,4,4,4,4.31,0,0,TRUE
Male,Loyal Customer,25,Personal Travel,Eco,919,4,2,4,4,5,4,5,5,2,2,3,1,5,3.54,0,0,FALSE
Male,Loyal Customer,44,Business Travel,Business,3334,2,2,5,2,3,2,3,4,4,4,4,4,3,3.23,50,43,TRUE
Male,Loyal Customer,14,Personal Travel,Business,456,3,5,3,3,3,3,3,3,4,4,5,3,3,3.46,0,0,FALSE
Male,Loyal Customer,36,Business Travel,Eco Plus,402,5,2,2,2,5,5,5,5,1,4,3,2,5,3.54,3,5,TRUE
Female,Loyal Customer,17,Personal Travel,Eco Plus,448,2,4,2,3,3,2,3,3,1,5,3,5,3,3,0,0,FALSE
Male,Loyal Customer,28,Business Travel,Business,2151,5,5,5,5,4,4,4,4,3,4,5,5,4,4.38,11,22,TRUE
Female,Loyal Customer,51,Personal Travel,Eco,1075,4,4,4,3,2,4,3,2,2,4,2,2,4,3.08,0,0,TRUE
Male,Loyal Customer,30,Business Travel,Eco Plus,1080,4,3,3,3,4,3,4,4,3,2,3,2,4,3.23,18,8,FALSE
Female,Disloyal Customer,38,Business Travel,Business,946,4,4,4,3,4,4,4,4,3,2,4,4,4,3.69,0,0,TRUE
Male,Loyal Customer,16,Personal Travel,Eco,926,1,4,1,3,4,1,4,4,3,3,5,3,4,3.08,0,1,FALSE
Male,Disloyal Customer,28,Business Travel,Business,667,5,5,5,4,2,5,2,2,5,3,4,5,2,3.77,3,3,TRUE
Female,Loyal Customer,39,Personal Travel,Eco,765,3,2,3,3,3,5,5,4,3,4,3,5,5,3.69,433,455,FALSE
Female,Loyal Customer,30,Business Travel,Business,2486,4,4,4,4,2,2,2,2,4,3,4,3,2,3.08,25,0,TRUE
Female,Loyal Customer,50,Business Travel,Business,404,1,1,1,1,3,5,5,5,5,5,5,4,5,3.54,4,0,TRUE
Male,Loyal Customer,58,Personal Travel,Eco,631,2,5,2,5,3,2,3,3,4,3,5,5,3,3.46,0,0,FALSE
Male,Loyal Customer,67,Business Travel,Business,2318,1,1,1,1,2,2,1,4,4,4,4,2,2,2.23,0,0,TRUE
Female,Disloyal Customer,20,Business Travel,Eco,144,0,3,0,2,2,0,2,2,1,3,3,3,2,1.77,0,9,TRUE
Female,Loyal Customer,14,Personal Travel,Eco,109,3,2,3,2,2,3,2,2,3,1,2,4,2,2.38,0,0,FALSE
Male,Loyal Customer,27,Business Travel,Business,3030,4,4,4,4,4,5,4,4,4,3,1,5,4,3.85,0,0,TRUE
Female,Loyal Customer,52,Business Travel,Business,1572,2,2,2,2,4,4,3,4,4,4,5,1,5,3.23,2,6,TRUE
Male,Loyal Customer,11,Personal Travel,Eco,811,4,4,4,1,1,4,1,1,4,3,1,5,1,2.62,32,64,FALSE
Male,Loyal Customer,53,Business Travel,Eco,937,5,2,3,2,5,5,5,5,5,2,5,3,5,4,0,0,TRUE
Female,Loyal Customer,23,Business Travel,Business,954,3,3,4,3,2,2,2,2,4,2,4,5,2,2.92,0,0,TRUE
Male,Loyal Customer,29,Business Travel,Eco Plus,528,4,1,1,1,4,4,4,4,2,2,3,2,4,2.77,0,0,TRUE
Female,Loyal Customer,70,Personal Travel,Eco,1303,2,5,2,3,4,4,4,1,1,2,1,4,4,2.85,7,5,FALSE
Male,Loyal Customer,56,Business Travel,Business,2987,4,4,4,4,5,4,4,3,3,4,3,4,4,3.85,0,0,TRUE
Male,Loyal Customer,43,Business Travel,Business,173,4,5,5,5,4,3,3,2,2,2,4,2,4,3.46,0,0,FALSE
Female,Loyal Customer,47,Business Travel,Business,1007,5,5,5,5,2,5,4,5,5,5,5,3,3,4.38,72,49,TRUE
Female,Loyal Customer,40,Business Travel,Business,1591,1,1,1,1,5,5,4,4,4,4,4,5,3,3.23,0,2,TRUE
Female,Disloyal Customer,8,Business Travel,Eco,541,1,0,1,3,1,1,3,1,5,3,4,5,1,2.23,0,0,FALSE
Female,Loyal Customer,45,Business Travel,Business,451,5,5,5,5,2,5,5,3,3,3,3,5,5,4.15,0,0,TRUE
Male,Disloyal Customer,21,Business Travel,Business,857,5,0,5,2,5,5,1,5,3,4,4,3,5,3.62,0,0,TRUE
Female,Loyal Customer,27,Personal Travel,Eco,1416,0,2,0,3,1,0,1,1,1,1,2,3,1,1.23,0,0,TRUE
Male,Loyal Customer,44,Personal Travel,Eco,633,3,5,3,4,3,3,3,3,5,3,4,4,3,3.54,0,0,FALSE
Male,Disloyal Customer,22,Business Travel,Eco,909,4,4,4,2,2,4,2,2,2,5,2,4,2,3,0,1,TRUE
Female,Loyal Customer,50,Business Travel,Business,3391,1,3,1,1,1,2,4,5,5,5,5,3,4,3.08,0,0,TRUE
Female,Loyal Customer,43,Personal Travel,Eco,302,5,5,3,3,3,5,4,1,1,3,1,3,3,3.08,0,0,TRUE
Female,Loyal Customer,45,Business Travel,Eco Plus,828,5,3,5,3,2,5,4,5,5,5,5,3,2,4,0,13,TRUE
Female,Loyal Customer,16,Business Travel,Eco,1199,5,2,2,2,5,5,5,5,4,4,1,1,5,3.54,0,0,TRUE
Female,Loyal Customer,31,Business Travel,Business,944,5,5,5,5,3,4,3,3,3,1,1,4,3,3.46,4,0,TRUE
Female,Loyal Customer,61,Business Travel,Business,1730,3,3,4,3,3,5,2,4,4,4,4,4,5,3.69,1,5,TRUE
Female,Loyal Customer,48,Business Travel,Eco Plus,221,2,4,4,4,5,3,3,2,2,2,2,4,2,3,0,4,FALSE
Female,Disloyal Customer,38,Business Travel,Eco,701,1,1,1,3,3,1,3,3,4,1,3,3,3,2.31,0,0,FALSE
Male,Loyal Customer,60,Business Travel,Business,1688,1,1,4,1,5,4,5,5,5,5,5,4,4,3.77,0,0,TRUE
Female,Loyal Customer,21,Personal Travel,Eco,438,4,4,4,1,5,4,5,5,3,5,5,5,5,4.23,0,0,FALSE
Male,Loyal Customer,50,Business Travel,Eco,612,4,2,2,2,4,4,4,4,2,5,1,3,4,3.15,0,0,TRUE
Male,Loyal Customer,43,Business Travel,Business,1744,4,4,5,4,3,4,5,4,4,4,4,4,3,4,5,10,TRUE
Female,Loyal Customer,21,Personal Travel,Eco,441,2,5,2,3,5,2,1,5,4,5,4,4,5,3.62,42,24,FALSE
Male,Disloyal Customer,44,Business Travel,Eco,1475,1,1,1,2,4,1,4,4,3,1,2,5,4,2.54,0,0,FALSE
Female,Disloyal Customer,24,Business Travel,Business,404,5,2,5,1,2,5,2,2,4,3,4,4,2,3.15,0,0,TRUE
Female,Loyal Customer,40,Business Travel,Business,429,2,2,2,2,5,4,5,5,5,5,5,4,4,3.85,0,0,TRUE
Male,Loyal Customer,42,Business Travel,Business,2641,5,5,3,5,3,4,5,3,3,3,3,4,5,3.92,20,0,TRUE
Female,Loyal Customer,55,Personal Travel,Eco,2556,3,3,3,4,4,2,3,4,4,3,4,5,2,3.38,9,0,FALSE
Female,Loyal Customer,27,Business Travel,Eco,550,1,1,1,1,1,1,1,1,3,5,4,1,1,1.69,36,47,FALSE
Female,Loyal Customer,68,Personal Travel,Eco,259,4,4,0,4,3,5,5,2,2,0,2,5,1,2.85,0,0,FALSE
Male,Loyal Customer,41,Business Travel,Business,515,3,3,3,3,1,1,5,4,4,4,4,4,1,3.08,0,44,TRUE
Male,Loyal Customer,37,Business Travel,Business,108,2,2,4,2,3,5,4,5,5,4,5,5,3,3.77,0,0,TRUE
Male,Loyal Customer,17,Business Travel,Business,3826,3,3,3,3,4,4,4,4,2,5,2,3,4,3.38,0,0,TRUE
Female,Loyal Customer,61,Personal Travel,Eco,1099,2,4,2,4,2,3,4,3,3,2,1,4,1,2.69,0,0,FALSE
Male,Loyal Customer,30,Business Travel,Business,3899,3,3,3,3,4,4,4,4,1,3,1,3,4,3.08,0,0,TRUE
Female,Loyal Customer,34,Business Travel,Business,429,1,2,2,2,1,4,3,1,1,1,1,1,4,1.85,0,0,FALSE
Female,Loyal Customer,9,Business Travel,Eco Plus,873,3,1,4,1,3,3,4,3,2,5,4,1,3,2.85,60,53,FALSE
Female,Disloyal Customer,65,Personal Travel,Eco,545,2,1,2,3,4,2,4,4,4,5,3,1,4,3,3,0,FALSE
Male,Loyal Customer,49,Business Travel,Business,1727,0,0,0,3,2,4,4,2,2,2,2,5,5,2.38,0,5,TRUE
Female,Loyal Customer,45,Business Travel,Business,1998,2,2,2,2,2,4,5,5,5,5,4,4,4,3.54,0,0,TRUE
Male,Loyal Customer,20,Personal Travel,Eco,1024,3,5,3,1,3,3,1,3,1,5,3,3,3,2.85,11,2,FALSE
Female,Disloyal Customer,30,Business Travel,Business,1274,4,4,4,3,4,4,4,4,5,5,5,3,4,4.08,9,8,TRUE
Male,Loyal Customer,56,Business Travel,Business,3514,3,3,3,3,5,4,4,5,5,5,5,4,4,4.08,0,0,TRUE
Female,Loyal Customer,38,Personal Travel,Eco,620,2,3,2,1,1,2,1,1,5,2,3,5,1,2.23,0,0,FALSE
Male,Loyal Customer,64,Personal Travel,Eco,147,4,5,4,2,5,4,5,5,4,2,4,4,5,4.08,0,0,TRUE
Female,Disloyal Customer,45,Business Travel,Business,345,3,3,3,4,5,3,1,5,4,3,5,4,5,3.69,2,0,FALSE
Male,Loyal Customer,39,Personal Travel,Eco Plus,337,3,4,3,3,4,3,4,4,2,2,4,2,4,3.23,0,0,FALSE
Male,Loyal Customer,25,Business Travel,Eco,588,0,4,0,3,5,0,5,5,4,2,2,2,5,2.85,0,0,TRUE
Female,Loyal Customer,32,Business Travel,Business,1598,5,5,5,5,4,5,4,4,5,3,3,5,4,4.38,0,0,TRUE
Male,Loyal Customer,68,Personal Travel,Eco,763,2,4,2,3,3,2,3,3,3,2,1,5,3,2.77,13,18,FALSE
Female,Disloyal Customer,80,Business Travel,Business,152,3,4,4,3,3,3,3,4,5,4,3,3,3,3.46,249,248,FALSE
Female,Loyal Customer,35,Business Travel,Eco,758,5,4,4,4,5,5,5,5,4,5,3,5,5,4.54,1,22,TRUE
Female,Disloyal Customer,24,Business Travel,Eco,998,1,1,1,3,5,1,5,5,2,5,4,3,5,3.15,47,45,FALSE
Female,Disloyal Customer,23,Business Travel,Business,1378,0,0,0,4,5,0,2,5,4,4,5,3,5,2.85,4,0,TRUE
Female,Loyal Customer,38,Business Travel,Business,3173,4,4,4,4,4,5,5,3,3,3,3,3,5,3.85,0,0,TRUE
Female,Loyal Customer,31,Business Travel,Business,675,4,1,1,1,4,3,4,4,3,3,4,1,4,2.85,0,0,FALSE
Female,Loyal Customer,12,Business Travel,Business,3531,2,2,2,2,5,5,5,5,3,5,2,2,5,3.46,0,0,TRUE
Male,Loyal Customer,33,Business Travel,Business,2448,3,3,3,3,4,4,4,4,4,4,4,3,4,3.62,12,9,TRUE
Female,Loyal Customer,44,Business Travel,Business,250,0,0,0,2,5,5,4,1,1,3,3,3,4,2.38,0,2,TRUE
Male,Loyal Customer,49,Business Travel,Eco Plus,190,4,2,2,2,4,4,4,4,3,4,4,4,4,3.46,0,0,TRUE
Male,Loyal Customer,24,Personal Travel,Eco,888,4,4,4,2,2,4,2,2,4,2,5,4,2,3.15,0,0,TRUE
Female,Loyal Customer,9,Business Travel,Eco,2125,2,3,3,3,2,2,3,2,2,1,4,4,2,2.54,0,0,FALSE
Female,Loyal Customer,27,Personal Travel,Eco,561,2,1,2,1,2,2,2,2,2,1,1,4,2,1.85,0,2,FALSE
Male,Loyal Customer,36,Business Travel,Eco Plus,651,2,3,3,3,2,2,2,2,4,5,3,2,2,2.69,0,0,FALSE
Male,Loyal Customer,52,Business Travel,Business,562,5,5,5,5,5,5,4,5,5,5,5,3,4,4.69,10,3,TRUE
Female,Loyal Customer,39,Business Travel,Business,862,3,3,3,3,5,4,5,3,3,3,3,5,4,3.62,10,0,TRUE
Male,Loyal Customer,9,Business Travel,Eco,867,5,2,4,2,5,4,4,5,3,5,1,1,5,3.54,0,0,TRUE
Female,Loyal Customer,46,Business Travel,Business,2134,1,3,3,3,3,2,2,1,1,2,1,2,2,2,0,13,FALSE
Male,Loyal Customer,35,Business Travel,Business,3242,2,4,4,4,1,2,2,2,2,2,2,1,4,2.46,0,4,FALSE
Male,Loyal Customer,27,Personal Travel,Eco,4963,2,1,2,4,2,3,3,2,5,4,3,3,3,2.85,0,2,FALSE
Male,Disloyal Customer,55,Business Travel,Eco,451,5,0,5,5,1,5,1,1,5,5,4,4,1,3.23,0,0,TRUE
Male,Loyal Customer,54,Personal Travel,Eco,248,1,5,0,1,3,0,3,3,3,5,5,5,3,2.85,0,0,FALSE
Female,Loyal Customer,67,Business Travel,Business,407,1,3,3,3,2,4,4,1,1,1,1,4,3,2.38,5,0,FALSE
Female,Loyal Customer,42,Business Travel,Business,2401,2,2,2,2,2,5,4,4,4,4,4,4,4,3.31,0,0,TRUE
Female,Loyal Customer,14,Business Travel,Business,1028,2,2,2,2,3,3,3,3,1,1,3,4,3,2.46,7,1,TRUE
Female,Disloyal Customer,20,Business Travel,Eco,674,3,2,2,3,5,2,5,5,3,3,4,1,5,3.31,40,29,FALSE
Female,Loyal Customer,53,Business Travel,Business,1481,5,5,5,5,3,5,4,4,4,4,4,4,3,4.23,0,0,TRUE
Male,Loyal Customer,47,Business Travel,Business,421,1,1,1,1,5,1,1,4,4,4,4,5,3,2.69,50,64,TRUE
Female,Disloyal Customer,29,Business Travel,Business,964,0,0,0,2,3,0,3,3,5,2,5,5,3,2.38,0,0,TRUE
Male,Loyal Customer,30,Business Travel,Business,3493,5,5,5,5,4,4,4,4,4,3,4,3,4,4.15,0,0,TRUE
Female,Loyal Customer,44,Personal Travel,Eco,1440,4,4,4,5,3,5,5,5,5,4,5,3,3,4.23,5,9,FALSE
Female,Loyal Customer,57,Business Travel,Business,1947,5,5,5,5,4,4,4,5,5,5,5,5,4,4.69,4,0,TRUE
Female,Loyal Customer,26,Personal Travel,Eco,534,3,1,3,4,3,3,3,3,1,2,3,2,3,2.62,0,0,FALSE
Female,Loyal Customer,48,Business Travel,Business,1644,4,4,4,4,4,4,4,1,3,1,3,4,4,3.38,120,165,TRUE
Male,Loyal Customer,42,Personal Travel,Eco,423,2,4,2,3,1,2,1,1,3,4,4,5,1,2.54,1,0,FALSE
Male,Loyal Customer,69,Personal Travel,Eco,789,4,4,3,4,2,3,4,2,5,2,5,5,2,3.46,0,19,FALSE
Male,Loyal Customer,30,Personal Travel,Eco,888,3,5,3,3,1,3,1,1,4,3,4,3,1,2.69,0,48,FALSE
Female,Loyal Customer,22,Personal Travel,Eco,675,1,5,1,1,5,1,5,5,3,3,4,3,5,3.23,0,0,FALSE
Male,Loyal Customer,33,Business Travel,Business,2464,3,3,3,3,4,4,4,4,3,1,2,2,4,3.08,0,3,TRUE
Male,Loyal Customer,33,Business Travel,Business,2138,2,2,2,2,3,4,3,3,3,4,5,3,3,3,0,0,TRUE
Female,Loyal Customer,42,Personal Travel,Eco,2724,0,3,0,3,5,5,5,5,5,0,5,3,3,3.23,0,0,TRUE
Male,Loyal Customer,47,Business Travel,Business,2565,1,1,3,1,4,5,5,4,4,4,4,3,3,3.23,7,7,TRUE
Male,Loyal Customer,47,Business Travel,Business,3954,1,3,3,3,1,3,3,1,1,1,1,2,3,2,9,0,FALSE
Female,Loyal Customer,42,Business Travel,Eco,177,4,1,1,1,4,3,5,4,4,4,4,4,5,3.38,0,0,TRUE
Female,Loyal Customer,53,Business Travel,Business,1861,5,5,5,5,2,3,5,5,5,5,5,4,1,4.23,0,0,TRUE
Female,Loyal Customer,53,Personal Travel,Eco,383,4,5,4,4,4,4,5,3,3,4,3,5,3,3.92,0,0,FALSE
Female,Loyal Customer,34,Personal Travel,Eco,255,1,3,1,2,5,1,5,5,1,4,3,4,5,3.08,0,0,FALSE
Male,Loyal Customer,40,Business Travel,Business,3734,4,4,4,4,2,4,4,5,5,5,5,4,3,4.08,0,52,TRUE
Male,Loyal Customer,11,Personal Travel,Eco,370,4,4,4,3,4,5,5,2,4,3,4,5,5,4,202,214,FALSE
Female,Loyal Customer,33,Business Travel,Business,744,2,2,2,2,1,5,2,5,5,4,5,4,1,3.08,0,0,TRUE
Male,Disloyal Customer,26,Business Travel,Eco,1499,2,2,2,4,5,2,5,5,2,2,3,2,5,3.15,37,,FALSE
Female,Loyal Customer,39,Business Travel,Eco,1428,3,4,4,4,3,3,3,3,4,2,1,3,3,3.08,4,0,FALSE
Male,Loyal Customer,17,Personal Travel,Eco Plus,280,2,5,2,1,5,2,5,5,3,4,5,5,5,3.77,0,0,FALSE
Female,Loyal Customer,63,Business Travel,Business,2638,3,1,3,3,2,4,5,4,4,4,4,4,5,3.54,0,0,TRUE
Female,Loyal Customer,43,Business Travel,Eco,528,4,4,1,4,2,4,4,4,4,4,4,2,5,3.54,0,0,TRUE
Male,Loyal Customer,52,Business Travel,Business,718,3,5,5,5,3,3,3,3,5,4,4,3,3,3.77,132,117,FALSE
Female,Loyal Customer,64,Personal Travel,Eco Plus,692,3,4,3,2,4,4,4,5,5,3,2,3,5,3.62,0,0,FALSE
Female,Loyal Customer,53,Business Travel,Business,2965,5,5,5,5,2,1,1,4,4,4,4,1,4,3.46,0,0,TRUE
Male,Loyal Customer,25,Business Travel,Business,1709,2,2,1,2,4,4,4,4,4,4,3,4,4,3.23,21,11,TRUE
Female,Disloyal Customer,42,Business Travel,Business,414,5,5,5,2,4,5,4,4,4,5,4,3,4,4.15,0,0,TRUE
Female,Loyal Customer,47,Personal Travel,Eco,1400,4,3,5,4,1,3,4,1,1,5,1,3,3,2.92,0,0,TRUE
Male,Loyal Customer,26,Personal Travel,Eco Plus,459,2,5,2,3,5,2,5,5,4,2,4,4,5,3.69,0,0,FALSE
Female,Loyal Customer,39,Business Travel,Business,250,2,5,3,3,5,3,3,2,2,2,2,1,2,2.69,0,0,FALSE
Female,Loyal Customer,38,Business Travel,Business,2834,4,4,4,4,3,4,4,5,5,5,5,4,4,4.23,0,0,TRUE
Female,Loyal Customer,46,Business Travel,Eco Plus,971,2,3,3,3,3,3,4,2,2,2,2,3,1,2.54,1,0,FALSE
Male,Loyal Customer,22,Personal Travel,Eco,160,5,4,0,3,4,0,4,4,5,3,4,5,4,3.46,14,11,TRUE
Male,Loyal Customer,57,Business Travel,Business,3632,1,1,1,1,4,4,4,4,4,5,4,3,4,3.08,0,0,TRUE
Female,Loyal Customer,25,Business Travel,Eco Plus,370,5,5,5,5,5,5,5,5,1,3,1,3,5,4.08,0,0,TRUE
Female,Loyal Customer,29,Business Travel,Business,2970,2,2,2,2,4,4,4,4,5,2,5,4,4,3.38,0,0,TRUE
Female,Loyal Customer,70,Personal Travel,Eco,1262,3,2,3,1,5,2,2,4,4,3,4,4,1,2.92,0,0,FALSE
Male,Loyal Customer,48,Business Travel,Business,227,3,3,3,3,4,4,4,4,4,4,4,4,5,3.77,0,0,TRUE
Female,Loyal Customer,48,Business Travel,Business,1732,3,3,3,3,5,4,4,4,4,4,4,4,3,3.69,0,0,TRUE
Male,Disloyal Customer,26,Business Travel,Eco,101,3,1,3,4,3,3,3,3,3,3,4,3,3,3,0,0,FALSE
Female,Disloyal Customer,39,Business Travel,Eco,296,3,0,4,3,4,4,4,4,2,1,2,4,4,3,2,0,FALSE
Female,Loyal Customer,11,Personal Travel,Eco,223,4,5,4,1,1,4,1,1,4,5,4,4,1,3,0,0,TRUE
Male,Loyal Customer,45,Business Travel,Business,3096,1,1,1,1,3,5,4,5,5,5,5,4,5,3.46,0,0,TRUE
Female,Disloyal Customer,18,Business Travel,Eco,463,3,2,3,2,2,3,2,2,1,4,3,4,2,2.54,0,11,FALSE
Male,Disloyal Customer,20,Business Travel,Eco,323,5,2,5,4,2,5,2,2,1,4,5,1,2,3.08,0,0,TRUE
Female,Loyal Customer,67,Business Travel,Business,3387,1,1,1,1,2,3,4,5,5,5,5,4,3,3.08,0,0,TRUE
Male,Loyal Customer,51,Business Travel,Eco,1404,3,1,1,1,3,3,3,3,4,3,4,5,3,2.85,0,0,TRUE
Female,Loyal Customer,47,Business Travel,Business,926,3,3,4,3,5,4,5,5,5,4,5,4,3,4.08,0,0,TRUE
Female,Loyal Customer,27,Personal Travel,Eco,532,1,5,1,2,5,1,5,5,3,2,5,5,5,3.46,0,0,FALSE
Male,Disloyal Customer,25,Business Travel,Business,569,5,2,5,5,2,5,2,2,3,4,4,3,2,3.38,0,0,TRUE
Female,Disloyal Customer,34,Business Travel,Eco,862,4,4,4,3,2,4,3,2,4,2,4,1,2,3,0,0,FALSE
Female,Loyal Customer,50,Personal Travel,Eco,2248,2,4,2,2,5,4,5,2,2,2,1,4,5,3.08,0,0,FALSE
Male,Disloyal Customer,26,Business Travel,Business,1416,4,4,4,1,2,4,4,2,3,5,4,3,2,3.23,0,0,TRUE
Male,Loyal Customer,58,Business Travel,Business,1979,1,1,3,1,5,4,4,5,5,5,5,4,4,3.62,12,26,TRUE
Male,Loyal Customer,56,Personal Travel,Eco,1587,2,4,2,5,2,2,2,2,5,3,4,4,2,3,0,0,FALSE
Female,Disloyal Customer,16,Business Travel,Eco,1125,4,4,4,3,2,4,2,2,5,2,4,1,2,3,0,0,TRUE
Male,Loyal Customer,27,Personal Travel,Eco,1182,2,4,2,3,4,2,4,4,4,5,5,5,4,3.69,0,0,FALSE
Female,Loyal Customer,35,Business Travel,Eco,1201,2,2,2,2,2,2,2,2,3,2,4,4,2,2.38,24,32,FALSE
Male,Disloyal Customer,10,Business Travel,Eco,1024,4,5,5,5,5,5,5,5,3,2,3,1,5,4.08,0,0,FALSE
Male,Loyal Customer,65,Personal Travel,Eco,581,1,5,1,2,5,1,5,5,4,4,2,1,5,3.15,0,0,FALSE
Male,Loyal Customer,30,Personal Travel,Eco,417,3,4,3,4,2,3,2,2,1,3,5,1,2,2.69,49,46,FALSE
Male,Loyal Customer,41,Business Travel,Business,2683,0,0,0,1,5,4,4,5,5,5,5,4,4,3.23,48,36,TRUE
Female,Loyal Customer,28,Business Travel,Eco,846,4,3,3,3,4,4,4,3,1,1,4,4,4,3.23,182,174,TRUE
Male,Loyal Customer,40,Business Travel,Business,2834,1,3,3,3,1,1,1,3,4,3,2,1,1,2.08,334,318,FALSE
Male,Disloyal Customer,35,Business Travel,Eco Plus,429,4,4,4,4,2,4,2,2,4,4,3,1,2,3.08,21,17,FALSE
Male,Loyal Customer,39,Business Travel,Business,2342,3,3,3,3,4,4,4,4,4,4,4,5,5,3.85,0,0,TRUE
Female,Loyal Customer,20,Personal Travel,Eco,501,4,4,4,3,5,4,5,5,3,4,4,4,5,4.15,0,0,TRUE
Female,Disloyal Customer,23,Business Travel,Eco,602,4,0,4,4,5,4,5,5,5,4,2,3,5,3.85,0,0,TRUE
Male,Loyal Customer,25,Personal Travel,Eco,1037,2,5,2,3,1,2,1,1,4,4,5,4,1,2.69,0,0,FALSE
Female,Loyal Customer,32,Personal Travel,Eco,1119,2,5,2,2,4,2,4,4,5,3,5,3,4,3.46,9,9,FALSE
Male,Loyal Customer,14,Personal Travel,Eco,647,3,2,3,2,2,3,2,2,1,4,3,3,2,2.46,0,0,FALSE
Female,Loyal Customer,22,Personal Travel,Eco Plus,1781,1,5,1,5,4,1,4,4,5,3,4,3,4,3.38,0,0,FALSE
Male,Disloyal Customer,20,Business Travel,Eco,189,2,3,2,2,1,2,1,1,2,3,3,5,1,2.15,3,4,FALSE
Male,Loyal Customer,24,Personal Travel,Eco,163,4,4,4,1,3,4,2,3,4,5,4,4,3,3.46,0,0,TRUE
Male,Disloyal Customer,35,Business Travel,Business,1117,2,2,2,1,2,2,5,2,2,2,3,2,2,2.23,0,0,FALSE
Female,Loyal Customer,49,Business Travel,Eco,667,2,4,4,4,5,3,2,2,2,2,2,1,2,2.69,2,11,FALSE
Female,Loyal Customer,13,Personal Travel,Eco,950,4,3,3,3,3,3,3,3,2,1,2,4,3,2.85,0,0,FALSE
Male,Loyal Customer,39,Business Travel,Business,2785,0,4,0,4,5,4,5,4,4,4,4,3,4,3.46,27,19,TRUE
Female,Loyal Customer,51,Personal Travel,Eco,584,1,5,1,1,5,4,5,2,2,1,2,4,3,2.77,9,6,FALSE
Male,Loyal Customer,67,Personal Travel,Eco,997,5,4,5,2,2,5,2,2,3,4,5,5,2,3.54,0,0,TRUE
Female,Loyal Customer,36,Personal Travel,Eco,930,2,4,2,2,5,2,5,5,4,4,5,3,5,3.69,0,0,FALSE
Female,Loyal Customer,40,Business Travel,Business,134,3,3,3,3,3,5,4,5,5,5,4,3,3,3.77,0,0,TRUE
Female,Disloyal Customer,19,Business Travel,Eco,1050,4,3,3,3,5,3,3,5,2,3,3,2,5,3.38,0,0,FALSE
Male,Disloyal Customer,26,Business Travel,Business,273,4,4,5,3,2,5,2,2,5,4,5,5,2,3.69,0,0,TRUE
Female,Loyal Customer,39,Business Travel,Business,2367,4,4,4,4,3,4,4,4,4,4,4,5,3,3.92,8,0,TRUE
Male,Loyal Customer,9,Personal Travel,Eco,546,1,2,1,3,4,1,4,4,4,3,4,4,4,3,0,0,FALSE
Female,Loyal Customer,44,Personal Travel,Eco Plus,612,1,4,1,3,2,2,4,1,1,1,2,3,1,2,17,0,FALSE
Male,Disloyal Customer,31,Business Travel,Eco,1215,1,1,1,3,4,1,2,4,1,5,4,1,4,2.46,12,6,FALSE
Female,Loyal Customer,44,Business Travel,Business,295,5,5,4,5,2,4,5,4,4,4,4,5,5,4.31,38,28,TRUE
Male,Loyal Customer,59,Personal Travel,Eco,1475,3,4,3,4,5,3,5,5,1,1,2,2,5,3.31,0,0,FALSE
Female,Disloyal Customer,30,Business Travel,Eco,107,3,2,3,4,4,3,4,4,2,4,4,2,4,3.31,0,0,FALSE
Female,Disloyal Customer,39,Business Travel,Eco,448,2,4,2,3,5,2,5,5,4,3,3,3,5,3.54,29,27,FALSE
Female,Loyal Customer,38,Business Travel,Eco,163,5,5,5,5,5,5,5,5,3,5,2,4,5,4.54,0,0,TRUE
Male,Loyal Customer,44,Business Travel,Business,1771,1,1,1,1,2,5,5,4,4,4,4,5,3,3.08,0,0,TRUE
Male,Loyal Customer,38,Business Travel,Eco,991,5,3,3,3,5,5,5,5,4,5,2,4,5,4.15,0,2,TRUE
Male,Disloyal Customer,22,Business Travel,Business,95,5,0,5,3,1,5,1,1,3,4,4,5,1,2.92,0,0,TRUE
Female,Loyal Customer,72,Business Travel,Eco,134,4,4,4,4,1,4,5,4,4,4,4,1,1,3.38,0,0,TRUE
Male,Disloyal Customer,56,Business Travel,Business,147,3,3,3,2,4,3,4,4,4,3,4,3,4,3.38,94,93,FALSE
Male,Loyal Customer,27,Personal Travel,Eco,250,2,4,2,1,2,5,5,4,2,5,4,5,5,3.54,131,129,FALSE
Female,Loyal Customer,49,Business Travel,Eco,1013,3,3,3,3,3,4,3,3,3,3,3,1,2,2.85,0,0,FALSE
Female,Loyal Customer,25,Business Travel,Eco,1310,1,3,5,3,1,1,1,1,3,1,4,3,1,2.15,0,0,FALSE
Female,Loyal Customer,30,Business Travel,Business,3837,1,1,1,1,4,4,4,4,5,1,2,4,4,2.77,0,0,TRUE
Female,Loyal Customer,59,Personal Travel,Eco,1546,4,5,4,1,3,5,4,4,4,4,4,4,3,3.77,0,0,FALSE
Male,Loyal Customer,38,Business Travel,Eco Plus,304,2,3,3,3,2,2,2,2,4,4,3,2,2,2.62,56,53,FALSE
Male,Loyal Customer,52,Business Travel,Business,329,0,0,0,2,5,3,3,2,2,2,2,5,5,2.38,10,18,TRUE
Female,Loyal Customer,55,Business Travel,Business,2136,4,4,4,4,5,5,4,2,2,2,2,4,5,3.62,0,0,TRUE
Male,Loyal Customer,22,Personal Travel,Eco,247,1,4,1,3,3,1,3,3,4,1,4,1,3,2.46,0,9,FALSE
Female,Loyal Customer,48,Business Travel,Business,883,3,3,3,3,3,5,4,5,5,5,5,4,3,3.92,19,13,TRUE
Male,Loyal Customer,30,Personal Travel,Eco,500,3,2,3,4,5,3,5,5,2,3,3,4,5,3.62,0,13,FALSE
Male,Loyal Customer,34,Business Travel,Business,272,1,1,1,1,4,3,5,4,4,5,4,1,2,2.77,0,8,TRUE
Female,Loyal Customer,40,Personal Travel,Eco,501,2,4,2,2,2,2,2,2,3,4,4,3,2,2.62,27,14,FALSE
Male,Loyal Customer,11,Personal Travel,Eco,1086,2,4,2,2,2,2,2,2,5,2,5,5,2,2.85,14,0,FALSE
Female,Loyal Customer,57,Business Travel,Business,481,2,2,2,2,2,4,5,4,4,4,4,4,3,3.23,0,0,TRUE
Male,Loyal Customer,55,Personal Travel,Eco,323,2,5,3,5,3,3,3,3,4,3,3,4,3,3.38,0,0,FALSE
Female,Disloyal Customer,14,Business Travel,Eco,1056,2,2,2,4,2,4,2,2,4,4,3,2,2,2.69,175,165,FALSE
Male,Loyal Customer,58,Business Travel,Eco,624,3,3,3,3,3,3,3,3,1,5,3,3,3,3,103,84,FALSE
Male,Loyal Customer,42,Personal Travel,Eco,190,2,3,0,3,2,0,2,2,2,1,4,2,2,1.92,0,0,FALSE
Female,Loyal Customer,36,Business Travel,Business,528,1,1,1,1,5,4,4,1,1,1,1,4,3,2.15,36,10,FALSE
Female,Loyal Customer,40,Business Travel,Business,804,5,5,1,5,3,4,5,2,2,2,2,4,5,3.46,0,0,TRUE
Male,Loyal Customer,33,Personal Travel,Eco,357,3,4,3,1,3,3,3,3,2,5,1,3,3,2.85,0,0,FALSE
Female,Disloyal Customer,25,Business Travel,Business,767,4,4,5,1,3,5,3,3,4,4,4,3,3,3.54,0,1,TRUE
Female,Loyal Customer,25,Business Travel,Eco,693,4,2,2,2,4,4,4,4,3,4,1,2,4,3.08,0,9,TRUE
Female,Loyal Customer,66,Business Travel,Business,288,2,2,2,2,5,3,3,2,2,2,2,2,4,2.54,0,22,FALSE
Female,Loyal Customer,56,Business Travel,Business,1947,1,1,1,1,4,3,5,5,5,5,5,4,5,3.46,3,4,TRUE
Female,Loyal Customer,29,Business Travel,Business,2948,5,5,5,5,2,2,2,2,2,2,3,4,2,3.15,0,3,TRUE
Female,Loyal Customer,54,Business Travel,Eco,341,1,2,4,4,3,4,4,1,1,1,1,1,4,2.38,5,0,FALSE
Female,Loyal Customer,43,Personal Travel,Eco,414,3,5,4,4,4,1,2,3,3,4,3,5,1,3.23,2,0,FALSE
Female,Loyal Customer,24,Personal Travel,Eco,280,1,4,1,3,2,1,2,2,5,4,5,4,2,2.77,0,0,FALSE
Female,Loyal Customer,8,Business Travel,Eco,570,1,3,3,3,1,1,1,1,1,4,4,4,1,2.15,0,2,FALSE
Male,Loyal Customer,28,Business Travel,Business,2378,4,4,4,4,5,5,5,5,2,5,5,4,5,4.38,0,0,TRUE
Male,Loyal Customer,15,Personal Travel,Eco,1127,3,5,3,3,2,3,2,2,4,4,4,5,2,3.23,14,75,FALSE
Male,Loyal Customer,35,Business Travel,Business,2489,2,4,2,2,4,5,5,4,4,4,4,5,5,3.85,0,0,TRUE
Male,Loyal Customer,20,Personal Travel,Eco,752,1,2,1,4,4,1,4,4,4,4,3,4,4,3.08,23,35,FALSE
Female,Disloyal Customer,35,Business Travel,Eco,677,3,3,3,4,3,3,4,3,4,1,1,5,3,3.08,0,0,FALSE
Male,Loyal Customer,39,Personal Travel,Eco,479,4,4,4,4,5,4,5,5,1,2,4,2,5,3.77,40,59,TRUE
Female,Loyal Customer,58,Personal Travel,Eco,1733,4,3,3,4,3,1,1,4,1,4,4,1,1,2.62,168,155,FALSE
Male,Loyal Customer,45,Business Travel,Eco Plus,445,2,2,2,2,2,2,2,1,2,4,4,2,2,2.23,161,158,FALSE
Female,Disloyal Customer,34,Business Travel,Eco,308,3,4,3,2,5,3,5,5,1,3,5,3,5,3.62,0,0,FALSE
Male,Loyal Customer,37,Business Travel,Business,794,2,2,2,2,2,5,2,4,4,4,4,2,5,3.08,0,11,TRUE
Female,Loyal Customer,41,Personal Travel,Eco,986,4,5,5,5,4,5,4,4,4,2,5,4,4,4.23,6,0,FALSE
Male,Loyal Customer,61,Personal Travel,Eco,399,2,4,2,4,3,2,3,3,4,5,5,4,3,3.38,0,0,FALSE
Female,Loyal Customer,42,Business Travel,Eco,270,4,3,2,3,4,5,1,4,4,4,4,4,2,3.38,0,0,TRUE
Female,Loyal Customer,60,Business Travel,Business,2266,3,3,3,3,3,5,5,5,5,5,5,5,3,4.08,0,0,TRUE
Female,Loyal Customer,24,Personal Travel,Eco,1096,4,2,4,4,5,4,5,5,4,3,3,1,5,3.77,0,0,TRUE
Female,Loyal Customer,46,Business Travel,Business,1590,5,5,5,5,5,4,4,4,4,4,4,3,4,4.31,0,0,TRUE
Female,Loyal Customer,49,Business Travel,Business,516,2,4,2,2,5,4,4,5,5,5,5,3,4,3.85,0,0,TRUE
Male,Loyal Customer,64,Personal Travel,Eco,712,2,5,2,4,2,2,2,2,4,4,5,4,2,3.08,0,0,FALSE
Female,Loyal Customer,22,Business Travel,Business,599,1,2,2,2,1,1,1,1,3,1,2,4,1,1.69,0,0,FALSE
Male,Loyal Customer,55,Business Travel,Eco,413,4,4,4,4,4,4,4,4,2,5,2,5,4,3.85,0,0,TRUE
Male,Loyal Customer,18,Business Travel,Eco Plus,585,4,1,1,1,4,4,3,4,4,2,3,5,4,3.08,0,0,TRUE
Male,Disloyal Customer,27,Business Travel,Eco,309,3,2,3,3,4,3,2,4,3,2,3,1,4,2.85,0,0,FALSE
Male,Loyal Customer,28,Business Travel,Business,3151,3,1,2,1,3,3,3,3,3,5,3,1,3,2.62,9,0,FALSE
Female,Loyal Customer,56,Business Travel,Business,2300,5,5,5,5,4,3,5,3,3,4,3,5,5,4.23,23,15,TRUE
Male,Loyal Customer,42,Business Travel,Business,3490,1,1,3,1,5,4,4,2,2,2,2,4,5,2.77,9,0,TRUE
Female,Loyal Customer,39,Business Travel,Business,2892,4,4,4,4,2,5,1,4,4,4,4,5,5,3.85,27,13,TRUE
Female,Loyal Customer,50,Business Travel,Business,1779,1,1,1,1,5,5,5,4,4,4,4,4,5,3.38,0,0,TRUE
Male,Loyal Customer,56,Personal Travel,Eco,1042,1,5,1,1,1,4,4,5,5,4,4,4,4,3.31,279,252,FALSE
Male,Disloyal Customer,16,Business Travel,Eco,978,3,3,3,4,4,3,4,4,3,5,4,3,4,3.62,0,0,FALSE
Male,Loyal Customer,45,Business Travel,Eco,859,5,3,3,3,3,5,3,3,5,1,1,5,3,3.31,0,0,TRUE
Male,Loyal Customer,39,Business Travel,Business,1725,1,1,4,1,4,2,4,4,4,4,4,4,3,3.08,0,0,TRUE
Male,Disloyal Customer,22,Business Travel,Business,1129,3,3,3,3,5,3,5,5,3,4,4,3,5,3.77,8,0,FALSE
Female,Loyal Customer,24,Business Travel,Business,1699,1,4,4,4,1,1,1,1,3,2,1,3,1,2.08,10,6,FALSE
Male,Disloyal Customer,25,Business Travel,Eco,1728,2,2,2,4,3,2,3,3,2,2,2,1,3,2.38,57,73,FALSE
Female,Loyal Customer,42,Personal Travel,Eco,356,1,4,5,5,3,5,4,1,1,5,1,4,4,3.31,0,3,FALSE
Male,Disloyal Customer,21,Business Travel,Eco,266,3,2,4,3,4,4,4,2,3,4,3,4,4,3.38,183,194,FALSE
Male,Loyal Customer,26,Personal Travel,Eco,689,3,5,3,2,5,3,5,5,3,3,4,3,5,3.77,21,27,FALSE
Male,Disloyal Customer,23,Business Travel,Eco,488,4,5,4,4,5,4,5,5,2,5,1,4,5,4.08,15,10,TRUE
Female,Disloyal Customer,33,Business Travel,Business,2556,3,3,3,2,5,3,1,5,3,3,5,5,5,3.54,0,0,FALSE
Male,Loyal Customer,58,Business Travel,Business,317,5,5,3,5,2,5,5,5,5,5,5,5,5,4.62,13,12,TRUE
Female,Loyal Customer,41,Business Travel,Business,1438,3,4,3,3,3,4,5,5,5,5,5,3,4,4,12,13,TRUE
Female,Loyal Customer,70,Personal Travel,Eco,603,2,5,2,3,2,5,4,1,1,2,1,3,4,2.69,6,4,FALSE
Male,Loyal Customer,36,Business Travel,Business,1947,4,4,3,4,4,5,5,4,4,4,4,5,4,4.15,0,0,TRUE
Female,Loyal Customer,68,Business Travel,Business,667,3,2,2,2,4,3,3,3,3,4,3,2,3,2.85,0,0,FALSE
Male,Loyal Customer,69,Personal Travel,Business,1069,4,4,4,4,1,3,3,4,4,4,4,3,2,3.38,40,26,FALSE
Male,Loyal Customer,62,Personal Travel,Eco,313,2,4,2,5,1,2,5,1,5,3,4,3,1,2.92,0,0,FALSE
Female,Loyal Customer,51,Business Travel,Business,337,2,2,2,2,4,5,4,4,4,4,4,4,4,3.46,0,0,TRUE
Male,Disloyal Customer,26,Business Travel,Business,689,2,2,2,3,1,2,1,1,4,2,5,5,1,2.38,0,0,FALSE
Female,Loyal Customer,54,Business Travel,Business,3613,4,4,4,4,5,4,5,4,4,4,4,3,5,4.15,0,0,TRUE
Male,Disloyal Customer,59,Business Travel,Business,274,4,4,4,5,2,4,2,2,5,5,1,2,2,3.23,0,0,TRUE
Male,Loyal Customer,7,Personal Travel,Eco,637,2,4,2,2,2,2,2,2,5,5,2,5,2,2.85,0,0,FALSE
Female,Loyal Customer,32,Business Travel,Eco,259,5,5,5,5,5,5,5,5,1,4,1,5,5,4.31,0,4,TRUE
Male,Loyal Customer,56,Personal Travel,Eco,1620,3,5,2,4,2,2,2,2,3,3,5,5,2,3.08,0,0,FALSE
Male,Loyal Customer,68,Personal Travel,Eco Plus,862,4,4,4,5,5,4,5,5,3,4,5,3,5,4.31,1,16,FALSE
Male,Loyal Customer,54,Business Travel,Business,1923,2,5,3,5,5,3,4,3,3,3,2,1,1,3.08,0,0,FALSE
Male,Loyal Customer,35,Business Travel,Eco Plus,515,1,5,5,5,1,1,1,4,3,2,2,1,1,2.46,253,269,FALSE
Male,Loyal Customer,33,Business Travel,Business,3891,1,1,1,1,5,5,5,5,4,1,1,2,5,2.85,0,3,TRUE
Male,Loyal Customer,28,Business Travel,Business,2867,2,2,2,2,4,4,4,4,3,5,3,1,4,3.08,0,0,TRUE
Male,Loyal Customer,44,Business Travel,Business,2975,1,1,1,1,2,5,5,5,5,4,5,5,3,3.31,0,0,TRUE
Female,Loyal Customer,70,Personal Travel,Eco,414,1,2,1,3,2,3,2,1,1,1,1,3,3,1.85,0,0,FALSE
Female,Loyal Customer,26,Business Travel,Eco Plus,463,4,3,3,3,4,4,4,4,5,5,4,2,4,3.77,0,0,TRUE
Male,Loyal Customer,59,Business Travel,Business,2539,1,1,1,1,4,5,4,5,5,5,4,3,3,3.23,118,128,TRUE
Female,Loyal Customer,58,Business Travel,Eco,332,5,4,4,4,1,5,2,5,5,5,5,4,2,3.92,36,25,TRUE
Female,Loyal Customer,43,Personal Travel,Eco,888,4,1,4,4,3,3,3,5,5,4,5,2,1,3.38,0,0,FALSE
Female,Loyal Customer,29,Personal Travel,Eco,641,2,5,2,5,2,2,2,2,5,3,4,3,2,3,0,0,FALSE
Female,Loyal Customer,48,Business Travel,Business,1487,1,1,1,1,5,4,5,3,3,4,3,5,4,3.08,1,41,TRUE
Female,Loyal Customer,26,Personal Travel,Eco,978,3,4,2,1,4,2,4,4,4,2,4,4,4,3.23,8,2,FALSE
Male,Loyal Customer,26,Personal Travel,Eco,762,3,4,4,2,1,4,1,1,3,2,4,3,1,2.54,0,25,FALSE
Male,Loyal Customer,16,Personal Travel,Eco,624,3,5,3,2,5,3,5,5,4,2,5,5,5,4,0,0,FALSE
Female,Loyal Customer,19,Personal Travel,Eco,1222,4,0,4,4,5,4,5,5,5,3,5,3,5,4,0,0,TRUE
Male,Loyal Customer,50,Business Travel,Business,646,1,1,1,1,5,4,4,4,4,4,4,4,3,3.08,47,47,TRUE
Male,Loyal Customer,51,Business Travel,Business,2826,1,1,1,1,3,4,4,2,2,2,2,5,3,2.38,0,0,TRUE
Female,Loyal Customer,31,Business Travel,Business,1922,2,1,3,1,2,2,2,2,2,3,4,3,2,2.23,13,2,FALSE
Male,Loyal Customer,59,Business Travel,Eco,208,4,5,5,5,4,4,4,4,2,5,4,3,4,4.08,0,0,TRUE
Female,Disloyal Customer,45,Business Travel,Eco,666,2,1,2,3,5,2,5,5,4,4,3,2,5,3.31,0,16,FALSE
Male,Loyal Customer,40,Business Travel,Business,1598,2,4,2,2,4,5,5,2,2,2,2,5,3,3.08,0,0,TRUE
Female,Loyal Customer,48,Business Travel,Eco,238,4,2,2,2,1,3,1,4,4,4,4,2,5,2.92,0,30,TRUE
Male,Disloyal Customer,38,Business Travel,Eco,432,3,1,3,3,1,3,1,1,2,5,3,2,1,2.23,0,0,FALSE
Male,Loyal Customer,25,Business Travel,Business,1595,2,2,2,2,2,2,2,2,2,4,3,3,2,2.31,115,120,FALSE
Male,Loyal Customer,45,Personal Travel,Eco,577,2,5,2,3,5,2,5,5,4,5,4,3,5,3.85,29,20,FALSE
Female,Loyal Customer,53,Personal Travel,Eco,486,1,5,1,4,5,4,4,5,5,1,1,1,1,2.92,58,53,FALSE
Female,Loyal Customer,55,Personal Travel,Eco,913,2,4,2,1,2,4,4,4,4,2,4,5,5,3.31,0,0,FALSE
Female,Loyal Customer,50,Business Travel,Business,2696,4,4,4,4,2,4,5,5,5,5,5,3,3,4.08,5,21,TRUE
Female,Loyal Customer,36,Personal Travel,Eco,946,4,3,4,4,2,4,2,2,4,1,3,3,2,2.92,0,0,FALSE
Female,Loyal Customer,9,Personal Travel,Eco,1048,5,1,5,4,2,5,2,2,4,5,3,2,2,3.23,0,0,TRUE
Female,Disloyal Customer,16,Business Travel,Eco,175,3,2,3,3,5,3,5,5,4,2,3,3,5,3.54,47,44,FALSE
Female,Loyal Customer,55,Business Travel,Business,1558,3,3,3,3,3,4,5,4,4,4,4,5,4,3.77,14,28,TRUE
Female,Loyal Customer,49,Business Travel,Eco,795,4,3,3,3,2,4,4,4,4,4,4,3,3,3.46,0,0,TRUE
Male,Loyal Customer,38,Business Travel,Business,399,3,3,3,3,3,1,5,4,4,4,4,2,2,3.15,0,0,TRUE
Female,Disloyal Customer,26,Business Travel,Eco,534,1,1,0,2,3,0,3,3,2,4,2,3,3,2.08,3,49,FALSE
Male,Loyal Customer,52,Business Travel,Eco,682,2,2,2,2,1,2,1,1,1,3,2,4,1,1.85,9,0,FALSE
Male,Loyal Customer,60,Business Travel,Business,1995,1,1,1,1,5,4,4,5,5,5,5,5,5,3.62,0,0,TRUE
Male,Loyal Customer,28,Business Travel,Business,261,2,3,3,3,2,2,2,2,4,4,4,1,2,2.62,0,0,FALSE
Male,Loyal Customer,40,Business Travel,Eco,977,4,5,5,5,4,4,4,4,1,2,3,2,4,3.62,0,16,TRUE
Male,Loyal Customer,41,Business Travel,Business,2539,2,3,3,3,1,4,3,2,2,2,2,1,1,2.23,0,5,FALSE
Female,Loyal Customer,34,Personal Travel,Eco,2486,3,1,3,3,2,3,2,2,2,2,2,3,2,2.31,0,0,FALSE
Male,Loyal Customer,38,Business Travel,Business,1893,2,2,1,2,4,4,4,4,4,5,4,1,1,2.92,0,0,TRUE
Female,Loyal Customer,36,Business Travel,Business,2503,3,3,3,3,2,4,3,5,5,5,5,5,5,3.92,2,0,TRUE
Female,Loyal Customer,70,Personal Travel,Eco,377,1,5,1,1,5,5,4,2,2,1,3,4,3,2.85,16,6,FALSE
Female,Loyal Customer,32,Business Travel,Business,1558,4,5,5,5,4,4,4,4,2,2,3,4,4,3.85,24,16,FALSE
Male,Loyal Customer,38,Business Travel,Business,1638,3,1,3,3,4,4,3,3,3,3,3,2,1,2.77,20,13,FALSE
Male,Loyal Customer,45,Business Travel,Business,2898,1,2,4,2,3,3,2,1,1,1,1,1,3,1.92,0,0,FALSE
Female,Loyal Customer,47,Personal Travel,Eco,354,3,1,3,3,5,4,4,3,3,3,3,3,2,3.08,13,13,FALSE
Male,Loyal Customer,61,Personal Travel,Eco,569,3,5,3,2,4,3,4,4,3,5,5,5,4,3.85,0,0,FALSE
Female,Loyal Customer,47,Business Travel,Business,3203,3,2,2,2,1,3,4,3,3,2,3,1,2,2.38,0,39,FALSE
Male,Loyal Customer,47,Business Travel,Business,3750,5,5,5,5,2,5,5,4,4,4,4,3,4,4.23,50,52,TRUE
Female,Loyal Customer,40,Business Travel,Business,2694,1,1,1,1,5,4,5,5,5,5,5,3,4,3.46,0,0,TRUE
Female,Loyal Customer,13,Personal Travel,Business,611,1,3,1,5,3,1,3,3,2,3,2,1,3,2.38,10,18,FALSE
Male,Loyal Customer,50,Business Travel,Business,827,2,2,2,2,3,3,4,2,2,2,2,4,1,2.38,0,0,FALSE
Female,Loyal Customer,11,Personal Travel,Eco,1029,4,4,4,3,3,4,5,3,5,3,4,3,3,3.69,0,0,FALSE
Female,Loyal Customer,21,Personal Travel,Eco,2176,1,4,1,4,1,1,1,1,4,2,3,4,1,2.15,0,0,FALSE
Male,Loyal Customer,67,Business Travel,Business,317,1,1,1,1,2,5,5,5,5,5,5,5,5,3.54,0,0,TRUE
Male,Loyal Customer,25,Business Travel,Business,2283,5,5,5,5,4,4,4,4,5,4,5,4,4,4.46,0,0,TRUE
Male,Loyal Customer,60,Business Travel,Business,2249,4,2,2,2,1,3,4,4,4,4,4,1,2,2.85,0,0,FALSE
Female,Loyal Customer,36,Business Travel,Eco,466,3,1,5,1,3,3,3,3,2,1,4,3,3,2.69,24,13,FALSE
Female,Disloyal Customer,16,Business Travel,Eco,1062,4,4,4,4,1,4,5,1,4,5,3,1,1,3.15,0,0,TRUE
Male,Loyal Customer,48,Personal Travel,Eco,200,3,4,3,5,5,3,2,5,5,4,4,3,5,3.92,0,0,FALSE
Male,Loyal Customer,36,Business Travel,Business,3233,0,0,0,3,5,5,1,3,3,3,3,4,3,2.54,0,9,TRUE
Male,Loyal Customer,50,Business Travel,Eco,1171,4,1,1,1,4,4,4,4,4,4,3,1,4,3,0,0,FALSE
Male,Loyal Customer,36,Business Travel,Eco,185,4,2,2,2,4,4,4,4,4,3,2,3,4,3.23,0,0,TRUE
Male,Loyal Customer,32,Business Travel,Business,3736,0,1,1,4,3,3,3,3,5,2,5,5,3,2.92,0,0,TRUE
Male,Loyal Customer,33,Personal Travel,Eco,576,3,4,3,2,2,3,2,2,3,4,4,5,2,3,5,0,FALSE
Female,Loyal Customer,48,Personal Travel,Eco,147,3,1,3,4,3,4,4,1,1,3,1,1,2,2.38,0,0,FALSE
Female,Loyal Customer,54,Business Travel,Business,3867,5,2,2,2,3,4,3,5,5,4,5,1,1,3.23,0,0,FALSE
Female,Loyal Customer,34,Business Travel,Business,1892,1,1,1,1,1,3,5,4,4,4,4,2,1,2.46,0,0,TRUE
Female,Loyal Customer,21,Business Travel,Business,549,4,1,1,1,4,4,4,4,1,1,4,2,4,2.69,74,60,FALSE
Female,Loyal Customer,36,Business Travel,Business,3311,3,3,3,3,2,4,5,3,3,3,3,4,3,3.23,59,40,TRUE
Female,Disloyal Customer,22,Business Travel,Eco,782,5,5,5,3,2,5,2,2,5,5,5,5,2,3.92,9,0,TRUE
Female,Loyal Customer,39,Business Travel,Business,325,3,3,3,3,5,4,5,5,5,5,5,5,5,4.31,0,0,TRUE
Female,Loyal Customer,51,Personal Travel,Eco,351,4,4,4,3,5,5,5,1,1,4,1,3,5,3.46,23,17,FALSE
Male,Disloyal Customer,22,Business Travel,Business,550,4,0,4,4,2,4,2,2,3,4,5,5,2,3.15,0,0,TRUE
Female,Loyal Customer,30,Business Travel,Business,3302,2,2,2,2,5,5,4,5,1,3,2,5,5,3.31,25,21,TRUE
Male,Loyal Customer,69,Personal Travel,Eco Plus,983,1,5,1,2,3,1,3,3,4,5,5,4,3,3.08,9,18,FALSE
Female,Loyal Customer,42,Personal Travel,Eco,308,2,5,2,4,4,5,5,2,2,2,2,4,4,3.31,4,0,FALSE
Male,Loyal Customer,58,Business Travel,Eco,1141,3,4,4,4,3,3,3,3,4,2,4,1,3,3.15,17,0,FALSE
Female,Loyal Customer,39,Business Travel,Business,2230,2,4,4,4,2,2,2,2,2,2,2,1,1,2.31,22,38,FALSE
Female,Disloyal Customer,27,Business Travel,Business,2172,4,5,5,1,5,2,2,4,3,5,4,2,2,3.38,11,50,TRUE
Female,Disloyal Customer,27,Business Travel,Eco Plus,164,1,1,1,2,1,1,1,1,1,2,2,3,1,1.38,0,0,FALSE
Male,Loyal Customer,36,Business Travel,Business,583,1,1,2,1,3,4,4,4,4,4,4,5,3,3.08,50,43,TRUE
Female,Loyal Customer,44,Personal Travel,Eco,212,4,2,0,3,2,4,3,1,1,0,1,4,2,2.08,0,0,TRUE
Male,Loyal Customer,56,Business Travel,Business,2469,2,2,2,2,5,5,4,4,4,4,4,3,3,3.38,0,0,TRUE
Male,Loyal Customer,69,Personal Travel,Business,417,3,3,3,1,2,4,2,3,3,3,3,4,5,3,0,0,FALSE
Male,Loyal Customer,60,Personal Travel,Eco,646,5,2,5,3,2,5,2,2,3,5,3,3,2,3.23,0,0,TRUE
Female,Loyal Customer,47,Business Travel,Business,854,1,1,2,1,4,2,1,5,5,5,5,1,2,2.69,1,0,TRUE
Female,Loyal Customer,60,Business Travel,Business,3515,1,1,1,1,4,5,2,5,5,5,5,5,4,3.38,0,3,TRUE
Male,Disloyal Customer,36,Business Travel,Eco,1048,1,1,1,3,4,1,4,4,3,4,3,3,4,2.77,0,7,FALSE
Female,Disloyal Customer,24,Business Travel,Eco,231,2,5,2,2,4,2,4,4,1,4,5,4,4,3.31,0,0,FALSE
Female,Loyal Customer,51,Business Travel,Business,1871,2,1,1,1,3,4,4,2,2,2,2,4,2,2.31,0,0,FALSE
Female,Loyal Customer,52,Business Travel,Business,1727,3,3,3,3,4,4,4,4,4,4,4,4,3,3.62,1,1,TRUE
Female,Loyal Customer,45,Business Travel,Business,280,5,5,5,5,5,4,5,4,4,4,4,5,3,4.46,0,0,TRUE
Female,Disloyal Customer,23,Business Travel,Business,2475,4,0,4,3,4,4,4,4,4,2,4,5,4,3.54,0,0,TRUE
Male,Loyal Customer,30,Business Travel,Business,73,4,1,1,1,2,2,4,2,2,1,4,1,2,2.08,0,0,FALSE
Female,Loyal Customer,40,Business Travel,Eco,399,5,4,4,4,5,5,5,5,2,2,5,1,5,4,0,0,TRUE
Male,Loyal Customer,56,Personal Travel,Eco Plus,1130,2,5,2,3,3,2,3,3,5,3,4,3,3,3.15,6,0,FALSE
Male,Loyal Customer,39,Business Travel,Business,1346,1,1,1,1,2,5,5,2,2,2,2,3,5,2.46,0,0,TRUE
Male,Loyal Customer,60,Business Travel,Business,1989,0,4,0,4,3,5,4,1,1,1,1,5,4,2.54,0,0,TRUE
Male,Disloyal Customer,62,Business Travel,Business,404,3,3,3,3,3,3,3,3,5,4,5,5,3,3.54,0,0,FALSE
Female,Loyal Customer,54,Personal Travel,Eco,2174,3,3,3,3,2,4,3,3,3,3,3,2,3,2.92,0,0,FALSE
Male,Loyal Customer,52,Business Travel,Business,3965,3,4,2,4,5,2,3,3,3,3,3,3,4,3.23,2,3,FALSE
Male,Loyal Customer,31,Business Travel,Business,1235,4,4,4,4,5,5,5,5,3,5,5,4,5,4.46,0,0,TRUE
Male,Loyal Customer,15,Personal Travel,Eco,251,1,5,1,3,1,1,1,1,2,1,5,4,1,2.08,7,0,FALSE
Female,Loyal Customer,34,Business Travel,Business,2408,3,2,2,2,1,2,1,3,3,3,3,2,2,2.23,68,54,FALSE
Male,Loyal Customer,24,Personal Travel,Eco,401,4,4,4,2,5,4,5,5,3,2,5,4,5,4,0,0,FALSE
Female,Loyal Customer,65,Personal Travel,Eco,507,2,4,3,4,4,4,4,4,4,3,4,4,3,3.62,7,1,FALSE
Male,Loyal Customer,42,Business Travel,Business,624,4,4,4,4,2,5,4,4,4,4,4,3,5,3.92,0,0,TRUE
Female,Loyal Customer,25,Business Travel,Business,1532,1,1,2,1,5,5,5,5,4,5,4,4,5,3.62,0,0,TRUE
Female,Loyal Customer,44,Personal Travel,Eco Plus,794,4,1,4,4,5,4,4,1,1,4,1,4,3,3.08,0,0,TRUE
Male,Loyal Customer,44,Business Travel,Business,2486,3,3,3,3,5,4,5,2,2,2,2,5,3,3.23,0,0,TRUE
Male,Loyal Customer,55,Business Travel,Business,3819,1,1,1,1,3,5,4,4,4,4,4,5,3,3.08,0,0,TRUE
Male,Loyal Customer,31,Business Travel,Business,2419,2,5,5,5,2,2,2,2,2,2,4,2,2,2.85,0,0,FALSE
Female,Loyal Customer,44,Personal Travel,Eco,1521,2,5,2,1,2,5,4,4,4,2,4,5,4,3.38,0,0,FALSE
Female,Loyal Customer,57,Business Travel,Business,678,4,4,4,4,2,5,5,4,4,4,4,5,4,4.08,0,0,TRUE
Female,Disloyal Customer,27,Business Travel,Business,519,2,2,2,4,1,2,1,1,2,5,4,1,1,2.15,0,0,FALSE
Male,Loyal Customer,26,Business Travel,Business,3232,1,1,1,1,3,4,3,3,3,5,1,2,3,2.38,5,0,TRUE
Female,Disloyal Customer,43,Business Travel,Business,319,3,3,3,4,5,3,3,5,2,1,4,2,5,3.31,31,43,FALSE
Male,Disloyal Customer,22,Business Travel,Eco,558,2,0,2,2,2,2,5,2,3,2,3,4,2,2.38,7,0,FALSE
Female,Loyal Customer,55,Business Travel,Eco,101,3,2,3,2,5,5,2,2,2,3,2,3,1,2.69,24,26,TRUE
Female,Loyal Customer,74,Business Travel,Eco Plus,174,5,1,1,1,1,3,2,5,5,5,5,5,2,3.15,0,0,TRUE
Female,Loyal Customer,65,Personal Travel,Eco,711,3,2,2,4,1,4,4,1,1,2,1,1,3,2.23,0,0,FALSE
Female,Loyal Customer,55,Personal Travel,Eco,468,2,3,2,2,5,3,4,4,4,2,4,1,4,3.08,29,21,FALSE
Male,Disloyal Customer,46,Business Travel,Business,377,3,3,3,2,1,3,1,1,3,4,4,5,1,2.62,3,3,FALSE
Male,Disloyal Customer,24,Business Travel,Eco,351,5,0,5,2,2,5,2,2,5,5,4,5,2,3.38,43,54,TRUE
Male,Disloyal Customer,22,Business Travel,Eco,846,3,3,3,2,1,3,1,1,4,3,2,4,1,2.38,0,11,FALSE
Female,Disloyal Customer,22,Business Travel,Eco,214,3,2,3,3,5,3,5,5,3,5,4,3,5,3.77,2,0,FALSE
Male,Disloyal Customer,47,Business Travel,Business,228,2,2,2,1,3,2,3,3,3,3,3,3,3,2.54,0,0,FALSE
Female,Disloyal Customer,30,Business Travel,Eco,1105,3,3,3,3,2,3,2,2,4,3,4,1,2,2.69,29,2,FALSE
Male,Loyal Customer,27,Business Travel,Eco,462,4,3,3,3,4,4,4,4,4,1,2,3,4,3.31,0,0,TRUE
Female,Loyal Customer,63,Personal Travel,Eco,283,4,3,4,4,2,3,4,4,4,4,4,3,1,3.38,0,1,FALSE
Female,Loyal Customer,54,Business Travel,Business,309,1,0,0,3,3,3,2,4,4,0,4,1,4,2.23,0,0,FALSE
Female,Loyal Customer,61,Business Travel,Business,2864,4,4,4,4,5,3,5,5,5,5,5,2,2,4.08,0,0,TRUE
Male,Disloyal Customer,26,Business Travel,Business,620,4,4,4,4,5,4,5,5,5,4,5,4,5,4.46,5,0,FALSE
Female,Loyal Customer,43,Business Travel,Business,1416,4,4,4,4,4,4,5,3,3,3,3,3,5,3.77,0,0,TRUE
Female,Loyal Customer,27,Business Travel,Business,1756,3,4,4,4,3,3,3,3,3,5,3,4,3,3.46,0,0,FALSE
Male,Loyal Customer,27,Business Travel,Business,2866,4,1,4,4,4,4,4,4,4,3,5,5,4,3.85,9,0,TRUE
Female,Loyal Customer,69,Business Travel,Business,239,3,3,3,3,5,4,5,5,5,5,5,3,5,4.15,27,27,TRUE
Female,Loyal Customer,52,Business Travel,Business,2114,1,1,1,1,3,4,4,4,4,4,4,5,5,3.15,30,29,TRUE
Female,Loyal Customer,40,Business Travel,Business,2938,3,2,2,2,4,2,3,3,3,3,3,1,2,2.54,24,12,FALSE
Female,Disloyal Customer,27,Business Travel,Eco Plus,762,2,2,2,3,5,2,5,5,1,2,4,3,5,3.15,0,0,FALSE
Male,Loyal Customer,30,Business Travel,Business,2090,3,3,3,3,2,2,2,2,3,4,5,3,2,2.85,0,2,TRUE
Female,Disloyal Customer,27,Business Travel,Eco Plus,655,4,4,4,3,3,4,3,3,1,5,3,2,3,3.23,33,18,FALSE
Female,Loyal Customer,32,Personal Travel,Eco,226,3,5,3,2,2,3,2,2,3,3,4,5,2,3,40,45,FALSE
Female,Loyal Customer,34,Personal Travel,Eco,1119,2,5,3,3,5,3,5,5,3,5,5,3,5,4,0,0,FALSE
Male,Loyal Customer,45,Business Travel,Business,3824,5,5,2,5,3,5,5,4,4,4,4,4,3,4.08,32,30,TRUE
Male,Loyal Customer,45,Business Travel,Business,2162,2,2,2,2,4,5,5,4,4,4,4,4,4,3.54,4,7,TRUE
Female,Loyal Customer,43,Business Travel,Business,632,1,1,1,1,4,5,5,2,2,2,2,3,3,2.46,0,19,TRUE
Female,Loyal Customer,24,Personal Travel,Eco,834,5,5,5,4,4,5,4,4,5,3,5,4,4,4.38,0,0,TRUE
Female,Loyal Customer,44,Business Travel,Eco,1721,3,2,5,2,3,1,2,4,4,3,4,1,1,2.69,0,0,FALSE
Male,Disloyal Customer,37,Business Travel,Business,583,3,3,3,1,3,3,3,3,3,2,5,4,3,3,6,2,FALSE
Female,Disloyal Customer,46,Business Travel,Eco Plus,1220,4,4,4,4,3,4,3,3,3,1,4,5,3,3.46,0,0,FALSE
Female,Loyal Customer,18,Personal Travel,Eco,925,4,4,4,4,3,4,3,3,4,2,5,4,3,3.62,9,0,TRUE
Male,Loyal Customer,48,Business Travel,Business,1212,3,3,3,3,4,4,4,4,4,4,4,3,3,3.54,9,0,TRUE
Male,Loyal Customer,52,Business Travel,Business,2465,2,2,2,2,5,3,4,4,4,5,4,4,1,3.23,0,0,TRUE
Male,Loyal Customer,39,Business Travel,Business,763,4,4,4,4,2,2,3,5,5,5,5,1,5,3.77,0,3,TRUE
Female,Loyal Customer,67,Personal Travel,Business,2248,2,4,2,2,2,1,1,5,5,5,4,1,1,2.69,0,13,FALSE
Male,Loyal Customer,35,Business Travel,Business,991,1,1,5,1,3,5,4,4,4,4,4,4,5,3.46,44,28,TRUE
Male,Loyal Customer,50,Business Travel,Business,95,1,3,3,3,4,1,3,4,3,4,4,3,3,3,455,,FALSE
Female,Loyal Customer,51,Personal Travel,Eco,1547,3,3,3,3,2,2,2,2,2,3,2,4,3,2.62,0,0,FALSE
Female,Loyal Customer,62,Business Travel,Business,597,2,2,2,2,2,3,4,4,4,4,4,5,1,3,0,1,TRUE
Male,Loyal Customer,52,Business Travel,Business,1012,1,1,1,1,4,4,5,5,5,5,5,5,5,3.62,87,100,TRUE
Male,Loyal Customer,49,Personal Travel,Eco,1744,1,5,1,1,2,1,2,2,5,3,3,3,2,2.38,0,4,FALSE
Male,Loyal Customer,63,Personal Travel,Eco,817,1,1,1,3,4,1,3,4,3,5,4,1,4,2.69,0,0,FALSE
Female,Disloyal Customer,23,Business Travel,Eco,517,3,5,3,3,5,3,5,5,4,3,3,1,5,3.69,18,29,FALSE
Male,Loyal Customer,62,Personal Travel,Eco Plus,587,3,4,3,4,5,3,5,5,1,4,3,2,5,3.62,60,52,FALSE
Female,Loyal Customer,33,Business Travel,Business,2370,3,3,3,3,5,4,4,4,4,4,4,4,4,3.77,12,8,TRUE
Female,Loyal Customer,39,Business Travel,Business,2218,3,3,3,3,2,4,4,4,4,4,4,3,4,3.46,0,0,TRUE
Female,Loyal Customer,51,Business Travel,Business,1464,3,3,3,3,3,5,4,4,4,4,4,5,3,3.69,0,0,TRUE
Female,Loyal Customer,19,Personal Travel,Eco,522,2,3,2,1,4,2,4,4,2,2,5,5,4,3.08,37,41,FALSE
Female,Loyal Customer,55,Business Travel,Business,2075,5,1,5,5,3,5,5,4,4,4,4,4,3,4,39,26,TRUE
Male,Loyal Customer,70,Personal Travel,Eco,1119,1,4,1,4,4,1,4,4,4,3,5,3,4,3.23,0,0,FALSE
Male,Loyal Customer,29,Business Travel,Business,3818,5,3,5,5,5,5,5,5,4,2,5,5,5,4.54,0,3,TRUE
Male,Loyal Customer,21,Business Travel,Eco,601,0,4,0,4,3,0,3,3,2,3,1,4,3,2.31,0,0,TRUE
Male,Loyal Customer,47,Business Travel,Business,2092,3,3,3,3,3,4,5,4,4,4,4,3,5,3.69,0,0,TRUE
Female,Loyal Customer,51,Business Travel,Business,2505,4,4,3,4,5,1,1,5,5,5,5,4,1,3.62,0,0,TRUE
Female,Loyal Customer,23,Business Travel,Business,2980,4,4,4,4,4,4,4,4,4,4,3,1,4,3.69,5,21,FALSE
Male,Loyal Customer,69,Personal Travel,Eco,147,0,1,0,4,4,0,4,4,4,4,3,2,4,2.62,0,0,TRUE
Female,Loyal Customer,8,Personal Travel,Eco,984,2,2,2,3,1,2,1,1,1,1,2,2,1,1.62,42,53,FALSE
Female,Loyal Customer,18,Personal Travel,Eco,946,3,2,3,3,5,3,5,5,3,2,3,2,5,3.38,0,17,FALSE
Female,Loyal Customer,27,Business Travel,Business,2714,3,2,2,2,3,3,3,3,3,4,4,2,3,2.85,64,76,FALSE
Female,Loyal Customer,57,Business Travel,Business,2603,4,2,2,2,1,2,3,4,4,4,4,3,4,3,0,0,FALSE
Male,Loyal Customer,56,Personal Travel,Eco,1325,3,4,4,3,5,4,5,5,3,4,5,4,5,4.15,2,0,FALSE
Male,Loyal Customer,26,Personal Travel,Eco,1464,1,4,1,1,1,1,5,5,5,3,5,5,5,3.23,238,255,FALSE
Male,Loyal Customer,45,Business Travel,Business,1551,3,5,5,5,5,4,4,3,3,3,3,4,2,3.77,0,0,FALSE
Female,Disloyal Customer,22,Business Travel,Eco,770,2,2,2,3,2,5,5,3,5,5,4,5,5,3.69,162,160,FALSE
Male,Loyal Customer,27,Business Travel,Eco Plus,599,1,4,4,4,1,1,1,1,1,1,3,2,1,1.92,0,1,FALSE
Female,Loyal Customer,60,Business Travel,Business,2107,4,4,4,4,4,3,3,4,4,4,4,3,2,3.62,0,0,FALSE
Female,Loyal Customer,33,Personal Travel,Eco,212,2,1,2,3,5,2,5,5,1,5,4,1,5,3.15,0,0,FALSE
Male,Loyal Customer,12,Personal Travel,Eco,231,1,4,1,3,5,1,5,5,4,3,4,4,5,3.46,12,19,FALSE
Female,Loyal Customer,42,Business Travel,Business,1754,4,5,5,5,5,3,3,4,4,4,4,3,4,4.08,0,0,FALSE
Female,Loyal Customer,30,Business Travel,Business,922,3,4,4,4,3,3,3,3,1,1,3,3,3,2.92,0,0,FALSE
Female,Loyal Customer,19,Personal Travel,Eco,255,3,3,3,2,3,3,3,3,1,4,5,2,3,2.92,0,1,FALSE
Male,Loyal Customer,60,Personal Travel,Eco,1127,2,5,2,1,2,2,2,2,3,3,5,4,2,2.69,0,0,FALSE
Female,Disloyal Customer,35,Business Travel,Business,413,4,4,4,5,3,4,3,3,4,2,5,4,3,3.69,114,124,FALSE
Male,Loyal Customer,49,Personal Travel,Business,1086,3,4,3,3,2,4,4,1,1,3,1,5,4,2.92,7,0,FALSE
Female,Loyal Customer,54,Personal Travel,Eco,333,4,2,1,1,3,1,2,4,4,1,5,1,3,2.46,0,0,TRUE
Male,Disloyal Customer,35,Business Travel,Eco,641,3,0,2,1,2,2,2,2,1,1,3,1,2,1.69,6,0,FALSE
Female,Loyal Customer,66,Personal Travel,Eco,342,1,5,1,3,2,4,5,5,5,1,5,4,3,3.38,35,33,FALSE
Female,Loyal Customer,58,Personal Travel,Eco,978,2,5,2,5,5,5,5,1,1,2,1,4,3,3.15,0,1,FALSE
Male,Disloyal Customer,18,Business Travel,Business,216,3,4,3,4,4,3,4,4,2,1,4,2,4,3.23,2,7,FALSE
Male,Loyal Customer,58,Business Travel,Business,3525,1,1,1,1,4,4,3,1,1,1,1,3,4,2,0,0,FALSE
Male,Loyal Customer,32,Business Travel,Business,3884,1,2,2,2,1,1,1,1,1,5,3,4,1,1.92,0,0,FALSE
Female,Loyal Customer,37,Personal Travel,Eco,236,3,4,0,4,2,0,2,2,1,4,1,4,2,2.23,69,81,FALSE
Male,Loyal Customer,43,Personal Travel,Eco,295,2,5,2,2,2,2,2,2,1,5,2,1,2,2.31,0,0,FALSE
Female,Disloyal Customer,25,Business Travel,Eco,516,2,5,2,4,3,2,3,3,2,5,1,2,3,2.85,0,0,FALSE
Female,Loyal Customer,44,Personal Travel,Eco,473,2,5,2,3,1,4,5,5,5,2,5,4,1,3.38,42,34,FALSE
Male,Loyal Customer,18,Personal Travel,Eco,679,4,5,4,4,1,4,1,1,5,3,4,3,1,3.08,13,0,TRUE
Female,Loyal Customer,39,Business Travel,Business,2486,1,1,1,1,3,3,3,3,3,4,4,3,3,2.54,0,40,TRUE
Female,Loyal Customer,40,Business Travel,Business,1566,1,1,1,1,2,4,4,4,4,4,4,3,5,2.92,0,3,TRUE
Male,Loyal Customer,54,Business Travel,Business,3293,2,2,2,2,5,4,5,4,4,4,4,5,4,3.62,36,9,TRUE
Female,Loyal Customer,48,Personal Travel,Eco,650,1,5,1,1,2,3,5,1,1,1,2,1,1,1.92,0,0,FALSE
Male,Loyal Customer,51,Business Travel,Business,130,5,4,5,5,5,4,4,5,5,4,4,3,4,4.38,0,0,TRUE
Female,Loyal Customer,57,Personal Travel,Eco,678,4,4,3,4,3,5,4,3,3,3,3,3,3,3.46,1,1,FALSE
Male,Loyal Customer,56,Personal Travel,Eco,1598,3,4,3,3,2,3,2,2,4,4,4,1,2,2.85,0,0,FALSE
Male,Disloyal Customer,50,Business Travel,Eco,462,4,4,4,3,5,4,5,5,4,3,3,5,5,4.15,0,0,FALSE
Female,Disloyal Customer,23,Business Travel,Eco,948,1,1,1,3,3,1,3,3,4,1,3,2,3,2.23,5,7,FALSE
Female,Loyal Customer,29,Business Travel,Business,1947,2,2,2,2,5,5,5,5,3,3,5,4,5,3.69,0,0,TRUE
Male,Loyal Customer,37,Personal Travel,Eco,689,3,3,3,3,2,3,2,2,4,1,5,1,2,2.62,0,0,FALSE
Male,Loyal Customer,23,Business Travel,Business,2086,4,4,4,4,4,5,4,4,4,3,4,5,4,4.08,0,0,TRUE
Male,Loyal Customer,39,Personal Travel,Eco,413,2,4,2,1,3,2,3,3,4,5,4,5,3,3.15,37,79,FALSE
Male,Loyal Customer,51,Personal Travel,Eco,334,2,4,2,4,2,3,3,3,3,4,5,3,3,3.15,238,212,FALSE
Male,Loyal Customer,20,Business Travel,Business,585,4,4,4,4,5,5,5,5,4,2,5,5,5,4.38,0,0,TRUE
Female,Loyal Customer,32,Personal Travel,Eco,955,1,5,1,3,2,1,4,2,5,3,4,4,2,2.85,0,0,FALSE
Female,Loyal Customer,33,Personal Travel,Eco,472,1,4,1,4,5,1,3,5,1,1,5,1,5,2.85,0,0,FALSE
Male,Disloyal Customer,24,Business Travel,Eco,651,1,5,2,4,4,2,4,4,4,5,5,3,4,3.62,27,46,FALSE
Male,Loyal Customer,55,Business Travel,Business,1748,3,3,3,3,2,4,4,4,4,4,4,4,3,3.46,5,5,TRUE
Female,Loyal Customer,54,Personal Travel,Eco,1197,2,5,2,2,3,3,5,5,5,2,5,5,5,3.77,0,7,FALSE
Male,Loyal Customer,35,Business Travel,Eco Plus,544,4,2,2,2,4,4,4,4,5,5,1,2,4,3.31,0,0,TRUE
Female,Loyal Customer,39,Personal Travel,Eco,641,4,5,4,1,4,4,4,4,3,4,4,4,4,3.77,0,0,FALSE
Male,Disloyal Customer,21,Business Travel,Eco,2079,3,3,3,3,5,3,5,5,3,1,4,1,5,3.38,0,0,FALSE
Female,Loyal Customer,18,Personal Travel,Business,749,3,4,3,3,4,3,4,4,4,4,5,3,4,3.69,0,0,FALSE
Female,Disloyal Customer,34,Business Travel,Eco,484,4,2,4,4,1,4,1,1,4,5,4,1,1,2.77,0,0,FALSE
Female,Loyal Customer,49,Business Travel,Eco Plus,166,3,4,4,4,4,4,4,2,2,3,2,4,2,3.23,25,12,FALSE
Female,Loyal Customer,32,Personal Travel,Eco,395,2,4,2,5,5,2,5,5,3,1,1,3,5,3.31,8,6,FALSE
Female,Disloyal Customer,28,Business Travel,Business,325,1,1,1,3,5,1,5,5,3,5,5,3,5,3.31,0,0,FALSE
Male,Loyal Customer,18,Business Travel,Business,1801,2,2,2,2,4,4,4,4,5,3,2,1,4,3,0,0,TRUE
Male,Loyal Customer,15,Personal Travel,Eco,696,4,5,4,2,4,4,4,4,4,3,4,4,4,3.85,0,0,FALSE
Female,Loyal Customer,24,Business Travel,Business,1389,2,4,4,4,2,2,2,2,4,2,3,3,2,2.77,18,0,FALSE
Male,Loyal Customer,26,Personal Travel,Eco,895,1,4,1,3,1,1,1,1,3,4,4,4,1,2.23,36,33,FALSE
Male,Disloyal Customer,27,Business Travel,Eco,436,2,1,2,4,4,2,4,4,3,3,4,2,4,3,49,44,FALSE
Male,Disloyal Customer,24,Business Travel,Eco,1006,5,5,5,3,5,5,5,5,2,5,1,4,5,4.23,28,21,TRUE
Female,Disloyal Customer,27,Business Travel,Eco,814,2,2,2,3,4,2,4,4,1,3,3,1,4,2.69,22,16,FALSE
Female,Disloyal Customer,20,Business Travel,Eco,1096,1,1,1,3,4,1,4,4,2,2,4,5,4,2.77,0,0,FALSE
Male,Loyal Customer,44,Business Travel,Business,546,1,1,1,1,3,5,5,2,2,2,2,5,4,2.62,0,4,TRUE
Male,Loyal Customer,50,Business Travel,Business,2297,5,5,5,5,2,4,5,4,4,5,4,3,3,4.15,2,4,TRUE
Female,Loyal Customer,19,Business Travel,Eco Plus,2447,5,4,4,4,5,3,5,5,2,1,4,5,5,4,6,32,TRUE
Male,Loyal Customer,16,Personal Travel,Eco Plus,2677,1,4,1,3,5,1,5,5,2,5,3,1,5,3.15,0,0,FALSE
Male,Disloyal Customer,22,Business Travel,Business,577,5,0,5,3,5,5,5,5,5,3,5,3,5,4.15,9,0,TRUE
Female,Loyal Customer,59,Business Travel,Business,2715,3,3,3,3,4,4,4,2,5,4,4,4,4,3.62,0,0,TRUE
Female,Disloyal Customer,24,Business Travel,Eco,678,4,4,4,1,5,4,1,5,5,3,5,4,5,3.85,125,129,FALSE
Male,Loyal Customer,56,Personal Travel,Eco,356,1,4,2,4,2,2,4,2,2,1,4,3,2,2.54,0,21,FALSE
Female,Loyal Customer,44,Business Travel,Business,2521,3,3,4,3,2,4,5,4,4,4,4,1,5,3.54,15,10,TRUE
Male,Disloyal Customer,21,Business Travel,Eco,1055,4,4,4,3,5,4,5,5,4,3,4,5,5,4.23,0,0,TRUE
Male,Loyal Customer,61,Personal Travel,Eco,978,3,4,3,2,4,3,4,4,3,3,5,4,4,3.54,0,0,FALSE
Male,Loyal Customer,50,Business Travel,Business,1985,4,4,4,4,4,4,4,5,5,5,5,3,5,4.31,0,0,TRUE
Male,Loyal Customer,50,Personal Travel,Eco,280,2,3,2,3,2,2,2,2,1,5,3,2,2,2.38,0,3,FALSE
Male,Loyal Customer,44,Personal Travel,Eco,192,0,4,0,3,5,0,5,5,3,2,4,3,5,3,0,0,TRUE
Female,Loyal Customer,37,Business Travel,Business,1947,1,1,3,1,3,5,5,4,4,4,4,3,3,3.15,0,0,TRUE
Female,Loyal Customer,46,Personal Travel,Eco,1092,3,1,3,4,2,3,4,2,2,3,2,2,4,2.69,21,19,FALSE
Male,Disloyal Customer,26,Business Travel,Business,628,5,4,4,3,2,4,1,2,3,5,4,4,2,3.31,102,102,TRUE
Female,Loyal Customer,35,Business Travel,Business,2400,3,3,3,3,2,4,4,3,3,3,3,2,3,3,25,15,FALSE
Male,Loyal Customer,40,Business Travel,Eco,1085,1,1,1,1,1,1,1,1,2,2,3,4,1,1.54,0,0,FALSE
Male,Loyal Customer,46,Business Travel,Business,484,3,3,3,3,1,1,1,5,5,5,5,1,3,3,25,23,TRUE
Female,Loyal Customer,50,Business Travel,Business,521,1,1,1,1,3,4,1,4,4,4,4,3,5,2.77,0,0,TRUE
Female,Loyal Customer,27,Business Travel,Business,2708,5,5,1,5,3,4,3,3,5,4,5,3,3,3.77,19,8,TRUE
Female,Loyal Customer,20,Business Travel,Business,2475,4,1,1,1,3,4,4,3,2,3,3,4,4,2.85,0,10,FALSE
Male,Loyal Customer,21,Business Travel,Business,1562,4,2,2,2,4,4,4,4,1,1,4,1,4,2.85,30,86,FALSE
Female,Loyal Customer,10,Personal Travel,Eco,1164,4,1,4,3,2,4,2,2,3,5,2,2,2,2.77,34,11,FALSE
Male,Loyal Customer,37,Business Travel,Business,3225,2,2,1,2,5,5,5,4,4,4,4,4,5,3.62,0,0,TRUE
Male,Loyal Customer,30,Business Travel,Eco Plus,1005,5,5,5,5,5,5,5,5,2,4,4,5,5,4.62,0,0,TRUE
Female,Loyal Customer,33,Business Travel,Business,853,1,2,2,2,3,2,2,1,1,1,1,4,3,1.92,55,51,FALSE
Male,Loyal Customer,30,Business Travel,Business,2629,0,0,0,3,1,1,1,1,5,4,4,4,1,1.92,0,0,TRUE
Male,Loyal Customer,46,Business Travel,Business,1075,4,4,3,4,3,3,3,4,4,4,4,2,3,3.46,0,13,TRUE
Male,Loyal Customer,48,Business Travel,Business,1448,5,5,5,5,3,5,2,4,4,4,4,2,5,4.08,0,14,TRUE
Female,Loyal Customer,52,Business Travel,Eco,163,1,3,3,3,4,4,4,1,1,1,1,1,1,2.15,0,0,FALSE
Male,Loyal Customer,12,Personal Travel,Business,873,3,0,3,1,1,3,1,1,4,5,5,3,1,2.38,0,0,FALSE
Male,Loyal Customer,57,Business Travel,Business,1600,3,3,3,3,2,4,5,5,5,5,5,4,4,3.92,40,30,TRUE
Female,Loyal Customer,40,Business Travel,Business,2868,2,2,2,2,5,4,4,2,2,2,2,4,2,2.69,4,4,FALSE
Female,Disloyal Customer,39,Business Travel,Business,967,3,3,3,4,5,3,5,5,3,3,4,3,5,3.77,0,0,FALSE
Female,Loyal Customer,39,Business Travel,Eco,451,2,5,5,5,2,2,2,2,4,2,2,5,2,3.08,5,1,TRUE
Female,Loyal Customer,31,Personal Travel,Eco,868,2,4,2,3,1,2,1,1,2,5,3,4,1,2.38,0,4,FALSE
Female,Loyal Customer,41,Business Travel,Business,616,3,3,3,3,3,5,4,4,4,4,4,4,5,3.77,115,113,TRUE
Male,Loyal Customer,60,Business Travel,Business,2741,2,2,2,2,2,4,5,5,5,5,3,1,3,3.15,0,0,TRUE
Female,Loyal Customer,41,Personal Travel,Eco,986,2,4,2,2,4,2,4,4,3,5,5,5,4,3.54,7,4,FALSE
Male,Disloyal Customer,27,Business Travel,Eco,675,3,3,3,3,3,3,3,4,5,4,4,3,3,3.38,157,147,FALSE
Female,Disloyal Customer,24,Business Travel,Eco,391,3,3,3,2,4,3,1,4,2,5,5,1,4,3.08,0,0,FALSE
Female,Disloyal Customer,39,Business Travel,Eco,164,1,0,1,2,3,1,3,3,1,1,2,1,3,1.69,0,11,FALSE
Female,Loyal Customer,24,Personal Travel,Eco,199,2,4,2,3,5,2,5,5,4,4,4,3,5,3.69,11,1,FALSE
Female,Loyal Customer,25,Business Travel,Eco Plus,705,3,4,4,4,3,2,1,3,4,1,3,1,3,2.77,0,12,FALSE
Female,Loyal Customer,46,Business Travel,Business,1547,2,2,2,2,3,4,5,4,4,4,4,4,3,3.31,0,0,TRUE
Female,Loyal Customer,49,Business Travel,Business,542,5,5,5,5,2,5,2,5,5,5,5,4,5,4.46,6,34,TRUE
Male,Loyal Customer,33,Business Travel,Business,1237,2,2,4,2,4,4,4,4,5,2,4,2,4,3.31,1,0,TRUE
Female,Loyal Customer,38,Personal Travel,Eco Plus,201,3,3,0,5,1,0,1,1,4,1,1,5,1,2,24,18,FALSE
Female,Disloyal Customer,26,Business Travel,Eco,1608,2,3,3,3,2,2,2,2,2,4,3,2,2,2.46,30,22,FALSE
Female,Disloyal Customer,9,Business Travel,Eco,1046,2,2,2,2,2,2,3,2,5,5,4,1,2,2.62,0,0,FALSE
Male,Loyal Customer,27,Business Travel,Eco,687,1,3,3,3,1,1,1,1,2,3,4,1,1,1.92,69,65,FALSE
Female,Disloyal Customer,21,Business Travel,Eco,173,3,0,3,1,2,3,2,2,3,3,5,4,2,2.54,0,0,FALSE
Male,Loyal Customer,53,Personal Travel,Eco,270,2,5,2,4,2,2,2,2,5,2,4,4,2,2.92,58,53,FALSE
Male,Loyal Customer,13,Personal Travel,Business,986,2,4,3,3,2,3,2,2,3,4,4,4,2,2.92,17,13,FALSE
Male,Loyal Customer,45,Business Travel,Eco,1814,3,1,1,1,3,3,3,3,1,4,2,1,3,2.23,0,0,FALSE
Male,Loyal Customer,17,Personal Travel,Eco,240,3,5,3,1,1,3,1,1,5,5,5,5,1,3,0,0,FALSE
Male,Loyal Customer,55,Business Travel,Business,1797,4,4,4,4,5,4,4,3,3,4,3,5,5,4,87,60,TRUE
Male,Loyal Customer,32,Business Travel,Business,391,5,5,5,5,2,2,2,2,3,3,4,1,2,3.15,44,30,TRUE
Female,Loyal Customer,56,Business Travel,Business,3240,2,2,2,2,5,4,5,4,4,4,5,4,4,3.62,100,119,TRUE
Female,Loyal Customer,25,Business Travel,Business,2518,1,1,1,1,4,5,4,4,3,3,5,5,4,3.15,0,0,TRUE
Male,Loyal Customer,41,Business Travel,Business,1635,1,1,1,1,3,3,4,4,4,4,4,5,5,3.08,1,0,TRUE
Male,Loyal Customer,44,Business Travel,Business,1927,2,2,2,2,2,3,4,2,2,2,2,5,4,2.62,4,0,TRUE
Male,Loyal Customer,28,Personal Travel,Eco,399,4,2,4,4,1,4,1,1,4,3,4,1,1,2.62,0,0,FALSE
Male,Loyal Customer,49,Business Travel,Business,2754,3,3,5,3,3,4,4,5,5,5,5,5,3,4.08,11,0,TRUE
Female,Disloyal Customer,15,Business Travel,Eco,557,3,5,3,2,1,3,1,1,4,2,5,5,1,2.77,0,0,FALSE
Female,Loyal Customer,54,Business Travel,Business,3087,3,3,3,3,3,4,5,4,4,4,5,5,4,3.85,0,0,TRUE
Female,Loyal Customer,48,Business Travel,Eco,329,2,5,3,5,4,3,3,2,2,2,2,4,3,3.08,84,71,FALSE
Female,Loyal Customer,34,Personal Travel,Eco,101,4,5,4,3,4,4,4,4,4,3,4,3,4,3.85,0,0,TRUE
Female,Loyal Customer,34,Personal Travel,Eco Plus,475,2,5,2,4,5,2,5,5,5,1,2,1,5,3.38,7,6,FALSE
Male,Loyal Customer,41,Personal Travel,Eco,315,4,4,4,3,4,5,5,2,5,4,4,5,5,4.15,135,136,TRUE
Male,Loyal Customer,47,Personal Travel,Eco,758,3,3,3,4,4,3,4,4,4,5,4,2,4,3.62,0,0,FALSE
Male,Loyal Customer,36,Business Travel,Business,315,3,3,3,3,5,5,4,5,5,5,5,3,4,4.08,3,13,TRUE
Female,Loyal Customer,70,Personal Travel,Business,1189,3,4,3,3,4,5,4,3,3,3,5,4,3,3.62,4,3,FALSE
Female,Loyal Customer,9,Personal Travel,Eco,2565,3,4,3,3,3,3,5,4,5,4,1,5,5,3.69,0,0,FALSE
Male,Loyal Customer,39,Personal Travel,Eco,502,3,1,3,4,4,3,4,4,3,1,4,1,4,3,1,46,FALSE
Female,Loyal Customer,46,Business Travel,Business,329,3,1,1,1,3,3,3,3,3,3,3,3,4,2.62,0,0,FALSE
Male,Disloyal Customer,19,Business Travel,Eco,759,4,4,4,3,2,4,2,2,4,2,4,1,2,2.92,54,43,FALSE
Male,Loyal Customer,59,Business Travel,Business,1531,3,3,3,3,3,5,4,5,5,5,5,4,4,4,22,17,TRUE
Female,Loyal Customer,46,Business Travel,Eco,362,5,3,5,5,4,1,3,5,5,5,5,2,2,3.85,0,0,TRUE
Male,Loyal Customer,37,Business Travel,Business,468,1,1,1,1,4,4,5,4,4,4,4,5,5,3.31,7,0,TRUE
Female,Disloyal Customer,20,Business Travel,Business,834,4,0,3,4,5,3,4,5,3,4,5,5,5,3.85,98,100,TRUE
Female,Loyal Customer,36,Business Travel,Business,208,4,4,4,4,4,1,5,5,5,4,4,4,3,3.92,0,13,TRUE
Male,Loyal Customer,34,Business Travel,Business,622,2,2,5,2,3,4,5,5,5,5,5,5,4,4,36,41,TRUE
Female,Loyal Customer,29,Personal Travel,Eco,1034,3,5,3,1,2,3,2,2,4,3,4,3,2,2.85,23,7,FALSE
Male,Loyal Customer,25,Business Travel,Business,2577,2,3,3,3,2,2,2,2,3,4,3,2,2,2.54,0,0,FALSE
Female,Disloyal Customer,36,Business Travel,Eco,525,4,0,4,3,1,4,1,1,4,4,1,1,1,2.23,16,0,FALSE
Female,Loyal Customer,38,Personal Travel,Eco,529,3,4,3,4,5,3,5,5,3,5,5,3,5,4.08,0,0,FALSE
Female,Disloyal Customer,38,Business Travel,Business,240,4,4,4,3,4,4,4,4,3,2,4,3,4,3.62,0,0,TRUE
Female,Disloyal Customer,36,Business Travel,Eco Plus,308,2,1,1,4,1,1,1,1,4,3,4,3,1,2.08,0,0,FALSE
Male,Loyal Customer,70,Personal Travel,Eco,1562,1,1,1,3,3,1,3,3,1,2,2,4,3,2.15,0,0,FALSE
Female,Loyal Customer,26,Personal Travel,Eco,782,5,5,4,3,2,4,2,2,3,5,5,3,2,3.46,1,0,TRUE
Female,Loyal Customer,43,Business Travel,Business,220,1,1,1,1,2,4,4,5,5,5,4,5,5,3.31,10,0,TRUE
Female,Disloyal Customer,24,Business Travel,Eco,925,2,2,2,1,5,2,3,5,2,5,5,4,5,3.31,15,10,FALSE
Female,Loyal Customer,55,Business Travel,Business,612,1,1,1,1,5,5,4,4,4,5,4,3,3,3.15,0,0,TRUE
Male,Loyal Customer,29,Business Travel,Eco,1250,5,1,1,1,5,5,5,5,5,1,4,1,5,3.38,72,89,TRUE
Female,Loyal Customer,49,Business Travel,Business,853,4,4,4,4,5,4,5,5,5,5,5,4,5,4.54,11,2,TRUE
Male,Loyal Customer,43,Business Travel,Business,1390,2,2,2,2,3,5,4,4,4,4,4,5,3,3.38,0,6,TRUE
Male,Disloyal Customer,23,Business Travel,Eco,89,5,0,5,4,3,5,4,3,1,2,5,5,3,3.46,77,64,TRUE
Male,Loyal Customer,33,Business Travel,Business,1831,2,2,2,2,4,4,4,4,3,3,5,3,4,3.23,0,1,TRUE
Female,Loyal Customer,53,Business Travel,Business,2561,5,5,5,5,4,5,5,5,5,5,5,5,4,4.85,4,3,TRUE
Female,Loyal Customer,46,Business Travel,Business,315,0,0,0,4,5,4,4,4,4,4,4,4,5,3.23,0,0,TRUE
Male,Loyal Customer,29,Business Travel,Business,1794,4,4,2,4,5,5,5,5,4,5,4,5,5,4.38,0,0,TRUE
Male,Loyal Customer,33,Personal Travel,Eco,125,2,1,2,2,2,2,2,2,4,3,2,2,2,2.15,6,0,FALSE
Female,Disloyal Customer,27,Business Travel,Business,1521,3,3,3,1,3,3,3,3,3,4,4,5,3,3.15,0,0,FALSE
Female,Loyal Customer,52,Business Travel,Business,3977,4,4,4,4,5,4,4,5,5,5,5,3,5,4.38,9,14,TRUE
Male,Loyal Customer,53,Business Travel,Business,3868,2,2,2,2,4,5,5,3,3,4,3,4,3,3.23,15,6,TRUE
Male,Loyal Customer,66,Personal Travel,Eco,451,2,4,5,4,1,5,1,1,3,3,4,4,1,2.92,3,0,FALSE
Male,Loyal Customer,36,Business Travel,Business,3930,1,5,5,5,4,3,4,1,1,1,1,1,1,2.54,93,72,FALSE
Male,Disloyal Customer,30,Business Travel,Eco,158,3,1,3,4,1,3,1,1,3,2,4,1,1,2.15,0,9,FALSE
Male,Disloyal Customer,52,Business Travel,Business,946,2,2,2,4,2,2,2,2,4,5,4,3,2,2.77,5,0,FALSE
Female,Disloyal Customer,31,Business Travel,Business,1609,1,1,1,5,5,1,5,5,3,4,3,3,5,3.23,21,0,FALSE
Male,Loyal Customer,56,Business Travel,Business,2404,4,4,4,4,3,5,5,5,5,5,5,5,5,4.54,18,4,TRUE
Male,Loyal Customer,51,Personal Travel,Eco,468,3,3,5,4,2,5,2,2,5,2,4,4,2,3.31,0,0,FALSE
Male,Loyal Customer,7,Personal Travel,Eco,680,3,5,4,1,4,4,4,4,1,5,4,4,4,3.62,135,114,FALSE
Male,Disloyal Customer,28,Business Travel,Eco,594,2,4,2,4,1,2,1,1,4,1,4,3,1,2.31,9,9,FALSE
Female,Loyal Customer,44,Business Travel,Business,2454,4,4,4,4,2,4,4,2,2,2,2,5,5,3.38,0,0,TRUE
Male,Loyal Customer,70,Personal Travel,Eco,1021,1,3,1,4,2,1,2,2,1,5,4,3,2,2.38,1,32,FALSE
Male,Loyal Customer,13,Personal Travel,Eco,1065,4,1,4,4,5,4,5,5,4,5,4,3,5,4.08,0,3,TRUE
Female,Loyal Customer,57,Business Travel,Business,226,1,1,2,1,5,5,4,5,5,4,5,5,5,3.69,45,40,TRUE
Male,Loyal Customer,30,Personal Travel,Eco,2248,2,5,3,2,3,3,5,3,4,4,4,4,3,3.46,0,0,FALSE
Female,Disloyal Customer,66,Business Travel,Eco,1351,3,3,3,3,4,3,4,4,2,4,1,3,4,3.15,0,0,FALSE
Female,Loyal Customer,50,Business Travel,Business,2215,2,2,2,2,3,4,4,5,5,5,5,3,3,3.46,25,12,TRUE
Female,Loyal Customer,42,Personal Travel,Eco,604,1,5,1,2,5,4,4,4,4,1,4,5,4,3.38,0,0,FALSE
Male,Loyal Customer,41,Business Travel,Eco,853,4,1,1,1,4,4,4,4,3,4,4,2,4,3.08,0,3,FALSE
Male,Loyal Customer,39,Personal Travel,Eco,1481,3,5,3,3,3,3,3,3,5,3,4,1,3,3.23,1,0,FALSE
Female,Loyal Customer,58,Personal Travel,Eco,409,3,2,2,3,3,4,4,2,2,2,2,1,3,2.54,0,2,FALSE
Female,Loyal Customer,51,Business Travel,Business,666,2,2,2,2,4,4,5,5,5,5,5,5,3,3.77,0,0,TRUE
Female,Loyal Customer,46,Personal Travel,Eco,1189,4,5,4,3,4,4,4,1,1,4,1,5,3,3.31,6,15,FALSE
Female,Loyal Customer,37,Business Travel,Business,1563,1,1,1,1,1,3,4,5,5,5,5,1,2,2.69,0,35,TRUE
Male,Disloyal Customer,26,Business Travel,Eco,802,2,2,2,3,1,2,1,1,4,4,3,4,1,2.31,18,16,FALSE
Female,Loyal Customer,35,Business Travel,Eco,482,1,3,3,3,1,1,1,1,3,5,3,3,1,2.23,0,0,FALSE
Male,Loyal Customer,54,Business Travel,Business,1444,1,1,1,1,2,5,5,5,5,5,5,5,5,3.54,11,21,TRUE
Male,Loyal Customer,34,Business Travel,Business,1703,2,2,2,2,3,3,3,2,2,2,2,2,2,2.23,0,2,FALSE
Male,Disloyal Customer,36,Business Travel,Eco Plus,2417,3,3,3,4,2,3,2,2,3,1,3,1,2,2.46,0,4,FALSE
Male,Disloyal Customer,25,Business Travel,Eco,563,2,3,3,5,3,3,3,3,4,1,5,2,3,3.08,55,52,FALSE
Male,Loyal Customer,23,Personal Travel,Eco,289,1,2,1,4,2,1,2,2,3,4,4,2,2,2.31,45,43,FALSE
Male,Loyal Customer,41,Business Travel,Eco,991,3,1,1,1,4,3,4,4,4,5,4,3,4,3.15,11,8,FALSE
Male,Disloyal Customer,22,Business Travel,Eco,250,4,4,4,5,2,4,2,2,4,2,4,4,2,3.31,0,0,FALSE
Female,Disloyal Customer,55,Business Travel,Eco,202,2,1,1,1,1,1,3,1,2,2,1,3,1,1.54,0,3,FALSE
Female,Loyal Customer,13,Personal Travel,Eco,312,2,5,2,5,5,2,5,5,5,2,5,5,5,4.08,0,0,FALSE
Female,Loyal Customer,59,Business Travel,Business,279,3,1,1,1,3,2,2,3,3,2,3,4,4,2.46,0,0,FALSE
Female,Loyal Customer,31,Business Travel,Business,3950,3,3,4,4,3,3,3,3,1,5,3,1,3,3,0,0,FALSE
Male,Disloyal Customer,49,Business Travel,Business,1050,3,2,2,3,4,3,4,4,5,4,4,5,4,3.62,9,11,FALSE
Male,Loyal Customer,25,Business Travel,Eco,1190,4,4,4,4,4,4,4,4,5,1,1,3,4,3.54,0,0,TRUE
Female,Disloyal Customer,12,Business Travel,Business,1069,4,0,4,3,1,4,1,1,5,3,4,4,1,2.69,0,0,TRUE
Female,Loyal Customer,64,Business Travel,Business,1932,2,3,3,3,1,3,2,3,3,3,2,3,1,2.46,0,0,FALSE
Female,Disloyal Customer,20,Business Travel,Eco,191,3,2,3,3,1,3,1,1,3,3,3,1,1,2.15,3,0,FALSE
Female,Disloyal Customer,62,Business Travel,Business,271,3,3,3,3,2,3,2,2,4,5,5,5,2,3.23,0,0,FALSE
Male,Disloyal Customer,14,Business Travel,Eco,1091,3,3,3,3,2,3,2,2,1,1,4,1,2,2.31,3,6,FALSE
Female,Loyal Customer,70,Personal Travel,Eco,1005,1,4,0,4,2,5,4,3,3,0,3,5,3,2.85,0,0,FALSE
Female,Loyal Customer,24,Business Travel,Business,1759,1,1,1,1,4,4,4,4,4,3,4,4,4,3,16,24,TRUE
Female,Disloyal Customer,42,Business Travel,Eco,370,3,3,3,2,2,3,2,2,2,3,3,3,2,2.54,17,13,FALSE
Female,Loyal Customer,55,Personal Travel,Eco,612,2,3,2,3,2,2,2,3,1,2,2,2,2,2.15,235,230,FALSE
Female,Loyal Customer,57,Business Travel,Eco,822,3,4,1,4,5,3,4,3,3,3,3,4,3,3.31,0,0,FALSE
Male,Loyal Customer,63,Personal Travel,Eco,2860,3,4,3,2,3,3,3,3,4,3,5,1,3,3.08,0,0,FALSE
Female,Disloyal Customer,29,Business Travel,Business,672,2,2,2,1,4,2,4,4,3,3,4,5,4,3.08,0,0,FALSE
Male,Loyal Customer,31,Business Travel,Business,3636,1,4,4,4,1,2,1,1,4,1,3,1,1,2.15,6,7,FALSE
Male,Loyal Customer,48,Business Travel,Business,3760,5,5,5,5,5,5,5,5,5,5,4,3,4,4.69,0,4,TRUE
Male,Loyal Customer,35,Personal Travel,Eco,333,1,4,1,4,2,1,2,2,3,4,4,3,2,2.54,9,0,FALSE
Female,Loyal Customer,44,Business Travel,Business,3571,4,4,4,4,3,5,4,5,5,5,5,5,5,4.46,10,0,TRUE
Female,Loyal Customer,42,Business Travel,Business,2888,0,0,0,2,5,4,5,3,3,3,3,5,4,2.85,0,0,TRUE
Male,Disloyal Customer,24,Business Travel,Eco,645,2,0,2,4,5,2,5,5,1,5,4,4,5,3.38,99,110,FALSE
Male,Loyal Customer,29,Personal Travel,Eco Plus,1416,4,5,4,3,1,4,1,1,5,3,3,3,1,2.92,0,0,FALSE
Male,Loyal Customer,36,Business Travel,Business,3236,4,4,4,4,2,2,2,4,4,4,4,2,2,3.23,23,21,TRUE
Female,Loyal Customer,42,Business Travel,Business,722,2,2,2,2,2,5,5,4,4,4,4,4,4,3.38,0,10,TRUE
Male,Loyal Customer,41,Business Travel,Business,1786,4,1,4,4,5,2,2,4,4,4,4,2,4,3.38,0,0,TRUE
Female,Disloyal Customer,20,Business Travel,Eco,1060,2,2,2,4,5,2,5,5,1,2,4,3,5,3.23,0,0,FALSE
Female,Disloyal Customer,40,Business Travel,Business,125,2,2,2,4,1,2,1,1,2,2,3,1,1,1.85,17,16,FALSE
Female,Loyal Customer,16,Personal Travel,Eco,1407,4,2,4,3,3,4,3,3,2,3,4,1,3,3,0,0,FALSE
Female,Disloyal Customer,37,Business Travel,Eco,325,2,3,2,2,2,2,2,2,3,3,2,2,2,2.23,17,12,FALSE
Male,Disloyal Customer,30,Business Travel,Eco,89,3,4,3,3,2,3,2,2,1,3,3,1,2,2.46,0,0,FALSE
Female,Loyal Customer,53,Business Travel,Business,1948,1,5,5,5,3,3,4,1,1,1,1,1,2,2.54,27,21,FALSE
Female,Disloyal Customer,26,Business Travel,Eco,2125,2,2,2,3,3,2,4,3,2,5,3,2,3,2.77,125,125,FALSE
Female,Disloyal Customer,51,Business Travel,Eco,589,2,0,2,1,5,2,5,5,3,5,2,5,5,3.23,13,9,FALSE
Male,Disloyal Customer,25,Business Travel,Eco,1013,2,2,2,4,4,2,4,4,1,2,4,3,4,2.92,35,5,FALSE
Male,Loyal Customer,51,Business Travel,Business,3314,3,3,3,3,2,2,3,5,5,5,5,2,5,3.54,0,0,TRUE
Male,Loyal Customer,42,Business Travel,Business,545,4,3,4,4,2,4,4,4,4,4,4,3,3,3.62,27,37,TRUE
Male,Disloyal Customer,40,Business Travel,Business,189,4,4,4,1,5,4,5,5,3,5,4,5,5,4.15,4,13,FALSE
Male,Loyal Customer,35,Business Travel,Business,3659,1,4,3,4,4,3,3,1,1,1,1,3,4,2.54,46,32,FALSE
Female,Loyal Customer,54,Business Travel,Eco,192,5,4,4,4,2,5,2,5,5,5,5,3,2,3.92,0,0,TRUE
Female,Loyal Customer,19,Personal Travel,Eco,758,3,4,3,3,1,3,1,1,3,5,5,5,1,2.92,0,0,FALSE
Male,Loyal Customer,52,Business Travel,Eco,611,1,5,5,5,1,1,1,1,1,1,4,4,1,2.38,0,0,FALSE
Male,Loyal Customer,34,Business Travel,Business,507,1,1,1,1,5,5,5,5,5,5,5,4,5,3.69,1,0,TRUE
Male,Loyal Customer,61,Business Travel,Business,3882,3,3,3,3,5,4,4,5,5,5,5,3,5,4.08,0,0,TRUE
Male,Loyal Customer,69,Personal Travel,Eco,236,4,1,4,4,5,4,5,5,3,1,4,4,5,3.77,63,63,FALSE
Male,Loyal Customer,26,Business Travel,Business,2465,4,4,4,4,4,4,4,4,1,5,3,2,4,3.62,0,0,TRUE
Male,Loyal Customer,58,Business Travel,Business,2553,2,2,2,2,2,4,4,5,5,5,5,3,4,3.46,9,3,TRUE
Female,Disloyal Customer,26,Business Travel,Eco Plus,143,3,5,3,4,4,3,4,4,3,4,5,1,4,3.62,0,0,FALSE
Female,Loyal Customer,19,Personal Travel,Eco,1171,3,5,3,3,4,3,4,4,4,1,4,5,4,3.62,0,0,FALSE
Female,Disloyal Customer,50,Business Travel,Eco,179,2,1,2,4,5,2,5,5,1,1,4,4,5,3.15,24,17,FALSE
Male,Loyal Customer,14,Personal Travel,Eco,109,2,4,2,4,2,2,2,2,5,2,3,5,2,2.85,0,0,FALSE
Male,Loyal Customer,59,Business Travel,Eco,1195,4,3,3,3,4,4,4,4,1,2,2,1,4,3,61,47,TRUE
Female,Loyal Customer,37,Business Travel,Eco,373,1,5,3,5,1,1,1,1,4,1,4,4,1,2.46,0,0,FALSE
Male,Loyal Customer,44,Business Travel,Business,1621,4,4,4,4,3,5,4,5,5,5,5,4,5,4.38,0,0,TRUE
Female,Loyal Customer,58,Business Travel,Business,3715,3,3,3,3,3,5,4,5,5,5,5,4,4,4,24,26,TRUE
Male,Loyal Customer,68,Personal Travel,Eco,926,3,5,3,1,1,3,1,1,5,2,5,3,1,2.62,0,0,FALSE
Male,Disloyal Customer,26,Business Travel,Business,757,3,3,3,1,1,3,1,1,4,5,5,3,1,2.62,8,0,FALSE
Male,Loyal Customer,32,Business Travel,Business,920,4,4,4,4,2,2,2,2,3,4,5,3,2,3.15,0,0,TRUE
Male,Disloyal Customer,28,Business Travel,Business,1486,4,4,4,4,4,4,4,4,4,3,4,5,4,4,2,0,TRUE
Male,Loyal Customer,57,Business Travel,Business,2238,1,1,1,1,4,5,5,4,4,4,4,5,4,3.31,0,0,TRUE
Female,Loyal Customer,37,Business Travel,Business,3443,2,4,4,4,2,2,2,3,2,4,3,2,2,2.77,136,144,FALSE
Female,Loyal Customer,33,Personal Travel,Eco,406,2,4,2,4,5,2,5,5,4,4,4,3,5,3.77,0,0,FALSE
Male,Disloyal Customer,44,Business Travel,Business,391,2,1,1,5,4,2,4,4,4,3,5,5,4,3.38,1,0,FALSE
Female,Loyal Customer,32,Business Travel,Business,2350,1,1,1,1,4,4,4,1,4,4,1,4,4,2.62,0,5,TRUE
Male,Disloyal Customer,37,Business Travel,Business,391,3,3,3,2,3,3,3,3,4,3,4,3,3,3.08,0,0,FALSE
Male,Loyal Customer,38,Business Travel,Business,1620,3,3,3,3,1,1,5,4,4,4,4,3,3,3.15,0,0,TRUE
Female,Loyal Customer,52,Business Travel,Business,446,3,3,3,3,3,5,4,4,4,4,4,3,4,3.62,29,16,TRUE
Male,Loyal Customer,33,Business Travel,Business,358,2,2,2,2,3,3,3,3,1,5,5,3,3,2.85,0,1,TRUE
Female,Loyal Customer,7,Personal Travel,Eco,106,2,4,2,3,3,2,3,3,1,3,1,4,3,2.62,25,35,FALSE
Female,Loyal Customer,34,Business Travel,Business,594,1,1,1,1,2,5,4,5,5,5,5,4,4,3.31,3,0,TRUE
Female,Loyal Customer,50,Business Travel,Business,1660,4,2,1,2,2,3,4,4,4,4,4,3,1,2.92,0,13,FALSE
Female,Loyal Customer,24,Business Travel,Eco,871,4,4,4,4,4,4,4,4,4,2,4,4,4,3.85,0,0,FALSE
Male,Loyal Customer,53,Personal Travel,Eco,1158,1,1,2,2,4,2,4,4,1,5,1,2,4,2.54,0,0,FALSE
Female,Loyal Customer,30,Personal Travel,Eco,1598,0,5,0,3,3,0,3,3,4,3,4,3,3,2.62,16,0,TRUE
Female,Loyal Customer,14,Personal Travel,Eco,528,2,4,2,1,2,2,2,2,4,5,5,5,2,2.92,0,0,FALSE
Female,Disloyal Customer,37,Business Travel,Eco Plus,372,2,2,2,4,5,2,5,5,4,1,4,2,5,3.31,0,0,FALSE
Male,Loyal Customer,46,Business Travel,Business,1747,2,2,2,2,4,5,5,4,4,4,4,3,5,3.54,0,0,TRUE
Female,Loyal Customer,28,Business Travel,Eco Plus,933,0,0,0,2,4,0,1,4,4,3,3,2,4,2.08,0,0,TRUE
Female,Loyal Customer,58,Business Travel,Business,1491,3,2,2,2,3,3,4,3,3,3,3,3,3,2.85,0,3,FALSE
Male,Loyal Customer,31,Business Travel,Business,2296,5,5,5,5,5,5,5,5,4,4,4,3,5,4.62,30,23,TRUE
Male,Loyal Customer,58,Business Travel,Business,2678,4,3,3,3,4,1,1,4,4,4,4,4,3,3.23,50,20,FALSE
Female,Loyal Customer,50,Personal Travel,Eco Plus,672,1,5,1,1,4,4,4,4,4,1,5,3,5,3.23,0,0,FALSE
Female,Disloyal Customer,26,Business Travel,Eco,802,3,3,3,4,4,3,2,4,4,1,4,4,4,3.31,0,25,FALSE
Female,Loyal Customer,60,Personal Travel,Eco Plus,997,3,5,3,4,4,5,5,1,1,3,1,3,3,3.15,0,0,FALSE
Male,Loyal Customer,39,Personal Travel,Eco,270,1,0,1,1,1,1,4,1,4,3,4,5,1,2.08,12,0,FALSE
Female,Disloyal Customer,26,Business Travel,Business,577,2,2,2,4,1,2,1,1,3,2,4,5,1,2.31,0,0,FALSE
Male,Loyal Customer,53,Business Travel,Business,2125,5,5,5,5,5,5,5,4,4,4,4,4,5,4.62,0,0,TRUE
Female,Disloyal Customer,39,Business Travel,Business,937,2,2,2,4,4,2,4,4,3,5,3,2,4,3.15,0,0,FALSE
Female,Loyal Customer,45,Business Travel,Business,2296,4,4,4,4,2,5,4,3,3,4,3,5,5,3.85,74,74,TRUE
Male,Loyal Customer,18,Personal Travel,Eco Plus,1303,4,2,4,3,3,4,3,3,1,3,3,3,3,3,0,0,TRUE
Female,Loyal Customer,13,Personal Travel,Eco,247,4,4,4,1,5,4,5,5,3,3,5,4,5,4,0,0,FALSE
Female,Loyal Customer,64,Personal Travel,Eco,605,3,3,3,4,1,4,3,4,4,3,4,3,2,3.15,0,0,FALSE
Male,Loyal Customer,9,Personal Travel,Eco,651,1,1,1,3,1,1,1,1,4,5,2,4,1,2,80,78,FALSE
Male,Disloyal Customer,24,Business Travel,Eco,985,2,2,2,4,3,2,3,3,5,3,4,3,3,3,7,1,TRUE
Female,Disloyal Customer,26,Business Travel,Eco,945,2,2,2,3,5,2,5,5,1,2,3,2,5,3,29,24,FALSE
Female,Loyal Customer,46,Business Travel,Business,545,2,2,2,2,4,4,4,5,3,4,4,4,4,3.38,347,359,TRUE
Female,Loyal Customer,62,Personal Travel,Eco,1400,3,4,4,2,5,5,4,1,1,4,1,3,4,3.15,5,2,FALSE
Female,Disloyal Customer,22,Business Travel,Eco,442,3,4,2,1,4,2,5,4,4,2,5,1,4,3.15,27,6,FALSE
Female,Loyal Customer,21,Personal Travel,Eco,153,4,5,4,2,2,4,4,2,3,1,2,1,2,2.77,4,5,FALSE
Male,Loyal Customer,58,Business Travel,Business,2772,4,4,4,4,2,4,4,4,4,4,4,1,2,3.46,0,4,FALSE
Female,Disloyal Customer,25,Business Travel,Business,1598,1,4,1,3,4,1,4,4,3,5,5,3,4,3.23,0,0,FALSE
Female,Loyal Customer,43,Personal Travel,Eco,1431,3,5,3,1,2,5,4,2,2,3,2,4,5,3.15,20,17,FALSE
Male,Loyal Customer,36,Business Travel,Business,2253,3,3,1,3,2,4,2,5,5,5,5,3,2,3.31,0,0,TRUE
Male,Loyal Customer,36,Business Travel,Business,545,2,2,2,2,4,4,4,5,5,5,5,4,3,3.62,17,6,TRUE
Male,Disloyal Customer,32,Business Travel,Eco,669,3,3,3,3,5,3,5,5,3,3,5,5,5,3.92,0,0,FALSE
Male,Loyal Customer,34,Business Travel,Business,2667,2,2,3,3,2,2,2,2,2,2,2,4,2,2.31,0,0,FALSE
Female,Loyal Customer,31,Business Travel,Eco,1212,3,3,3,3,3,3,3,3,3,3,2,4,3,3,0,0,FALSE
Female,Loyal Customer,41,Personal Travel,Eco,991,3,4,3,4,2,3,2,2,3,5,3,1,2,2.85,0,0,FALSE
Female,Loyal Customer,61,Personal Travel,Eco Plus,2583,1,1,1,3,1,4,4,3,1,4,3,4,4,2.62,0,0,FALSE
Female,Loyal Customer,10,Personal Travel,Eco,448,2,2,2,3,3,2,1,3,3,3,3,2,3,2.46,0,0,FALSE
Female,Loyal Customer,34,Personal Travel,Eco,237,4,5,4,2,1,4,1,1,3,4,4,5,1,3,0,0,TRUE
Male,Loyal Customer,41,Personal Travel,Eco,626,2,4,2,3,5,2,5,5,4,2,4,4,5,3.62,0,0,FALSE
Female,Loyal Customer,43,Personal Travel,Eco Plus,616,2,5,2,2,1,3,2,5,5,2,5,2,3,3,12,10,FALSE
Female,Loyal Customer,49,Business Travel,Business,1824,1,1,1,1,3,4,5,5,5,5,5,5,5,3.54,0,0,TRUE
Female,Disloyal Customer,24,Business Travel,Eco,985,3,3,3,2,4,3,4,4,1,5,2,4,4,3.23,0,0,FALSE
Female,Loyal Customer,41,Business Travel,Business,3709,4,4,4,4,5,5,4,5,5,5,5,5,4,4.54,0,0,TRUE
Female,Disloyal Customer,23,Business Travel,Eco,416,3,0,3,2,1,3,1,1,3,3,3,4,1,2.15,0,0,FALSE
Male,Loyal Customer,53,Business Travel,Business,971,2,2,2,2,2,2,2,2,2,2,2,2,3,2.08,0,17,FALSE
Female,Loyal Customer,28,Business Travel,Business,2472,3,5,5,5,3,3,3,4,5,3,3,3,3,3.69,444,434,FALSE
Female,Loyal Customer,69,Personal Travel,Eco,1044,2,3,2,2,1,2,5,4,4,2,4,4,2,2.85,0,0,FALSE
Female,Disloyal Customer,20,Business Travel,Eco,337,0,0,0,2,2,0,2,2,4,4,4,2,2,1.85,0,0,TRUE
Male,Loyal Customer,47,Personal Travel,Eco,1062,3,1,3,3,4,3,4,4,4,5,3,1,4,3.23,7,0,FALSE
Female,Disloyal Customer,56,Business Travel,Eco,163,1,4,1,2,5,1,5,5,1,4,1,2,5,2.85,0,0,FALSE
Male,Loyal Customer,22,Personal Travel,Eco,1723,4,4,4,4,4,4,4,4,4,5,3,3,4,3.92,13,16,FALSE
Male,Loyal Customer,54,Business Travel,Eco Plus,2556,1,1,1,1,1,1,1,2,1,4,3,1,1,1.46,146,116,FALSE
Male,Disloyal Customer,62,Business Travel,Business,338,1,1,1,2,2,1,5,2,3,2,5,4,2,2.38,8,0,FALSE
Female,Disloyal Customer,37,Business Travel,Eco,170,2,5,2,3,4,2,4,4,4,1,1,4,4,3.08,1,0,FALSE
Male,Loyal Customer,32,Business Travel,Business,321,3,5,5,5,3,3,3,3,1,2,4,2,3,3.23,0,12,FALSE
Male,Loyal Customer,42,Business Travel,Business,2064,4,4,4,4,5,5,5,4,4,4,4,3,5,4.23,33,19,TRUE
Male,Loyal Customer,37,Business Travel,Eco,387,2,1,1,1,2,2,2,2,1,4,2,2,2,1.85,0,0,FALSE
Male,Loyal Customer,39,Business Travel,Business,616,1,0,0,1,4,1,2,2,2,0,2,2,2,1.46,0,0,FALSE
Male,Disloyal Customer,22,Business Travel,Eco,719,1,1,1,3,1,1,1,1,4,3,3,1,1,1.69,14,25,FALSE
Male,Loyal Customer,42,Business Travel,Business,3287,1,1,1,1,3,5,5,4,4,5,4,5,4,3.31,0,0,TRUE
Female,Disloyal Customer,20,Business Travel,Business,366,5,4,5,1,2,5,2,2,5,3,4,5,2,3.46,0,0,TRUE
Male,Loyal Customer,46,Personal Travel,Eco,1315,2,5,2,4,2,2,2,2,4,4,5,5,2,3.15,15,0,FALSE
Female,Loyal Customer,32,Personal Travel,Eco,590,3,5,3,2,2,3,4,2,5,4,5,3,2,3.31,4,0,FALSE
Female,Loyal Customer,63,Personal Travel,Eco Plus,265,2,5,2,3,5,4,4,4,4,2,4,3,3,3.46,0,1,FALSE
Male,Loyal Customer,60,Personal Travel,Eco,2527,1,4,1,3,2,1,2,2,5,2,3,5,2,2.54,0,0,FALSE
Female,Loyal Customer,41,Business Travel,Business,873,2,2,1,2,2,5,5,4,4,5,4,3,5,3.38,53,39,TRUE
Male,Loyal Customer,51,Personal Travel,Eco,961,1,5,1,5,5,1,3,5,3,3,4,5,5,3.54,0,0,FALSE
Male,Loyal Customer,46,Business Travel,Business,3787,2,2,3,2,4,4,5,3,3,4,3,3,5,3.31,0,0,TRUE
Male,Disloyal Customer,36,Business Travel,Business,1099,3,3,3,2,2,3,2,2,4,3,4,4,2,2.85,3,9,FALSE
Male,Loyal Customer,34,Business Travel,Eco,145,0,0,0,2,5,0,5,5,5,5,1,1,5,2.62,0,0,TRUE
Male,Loyal Customer,41,Personal Travel,Eco,650,2,3,2,3,4,2,4,4,2,3,5,5,4,3.31,0,0,FALSE
Male,Loyal Customer,39,Business Travel,Business,1961,1,1,1,1,5,5,4,4,4,4,4,5,5,3.38,0,0,TRUE
Female,Loyal Customer,39,Business Travel,Business,1967,3,3,3,3,4,5,4,2,1,1,2,4,4,3,137,154,TRUE
Female,Loyal Customer,32,Business Travel,Eco,308,4,4,4,4,4,4,4,4,4,4,4,2,4,3.85,18,14,FALSE
Male,Loyal Customer,69,Personal Travel,Eco,130,3,1,0,4,2,0,2,2,3,1,3,3,2,2,0,4,FALSE
Male,Loyal Customer,37,Business Travel,Business,1448,3,2,2,2,5,3,4,3,3,3,3,1,1,2.69,26,0,FALSE
Male,Disloyal Customer,22,Business Travel,Eco,500,3,0,3,2,4,3,4,4,4,4,4,3,4,3.23,0,0,FALSE
Male,Loyal Customer,50,Business Travel,Business,1751,2,2,2,2,2,4,5,5,5,5,5,3,5,3.62,0,0,TRUE
Female,Loyal Customer,28,Business Travel,Business,3559,1,1,3,1,4,4,4,4,1,1,1,5,4,2.62,0,0,TRUE
Male,Loyal Customer,50,Business Travel,Business,1927,3,5,2,5,1,3,2,3,3,3,3,2,1,2.77,0,0,FALSE
Male,Disloyal Customer,37,Business Travel,Business,356,1,1,1,1,2,1,2,2,2,1,4,5,2,1.92,0,0,FALSE
Female,Disloyal Customer,32,Business Travel,Eco,416,2,0,2,3,2,2,3,2,5,1,1,1,2,2,0,0,FALSE
Female,Loyal Customer,47,Business Travel,Business,3401,4,2,2,2,3,3,3,4,4,4,4,1,4,3.08,0,0,FALSE
Male,Loyal Customer,26,Business Travel,Business,817,5,5,5,5,3,3,3,3,4,3,2,3,3,3.62,2,3,TRUE
Male,Loyal Customer,9,Personal Travel,Eco,528,4,5,4,5,1,4,1,1,3,2,4,4,1,3,35,22,FALSE
Male,Loyal Customer,34,Business Travel,Business,674,1,1,4,1,2,1,5,5,5,5,5,3,2,3.08,19,21,TRUE
Female,Disloyal Customer,17,Business Travel,Eco,1072,5,5,5,4,4,5,4,4,3,4,5,3,4,4.23,0,0,TRUE
Male,Loyal Customer,20,Personal Travel,Eco,994,1,5,1,5,1,1,1,1,4,4,5,4,1,2.62,11,3,FALSE
Female,Loyal Customer,9,Business Travel,Eco,762,1,4,4,4,1,1,2,1,1,2,4,4,1,2.31,0,20,FALSE
Male,Loyal Customer,33,Business Travel,Eco Plus,1464,4,1,1,1,4,4,4,4,3,2,4,1,4,2.85,27,31,FALSE
Male,Loyal Customer,14,Personal Travel,Business,502,2,5,2,3,4,2,2,4,4,3,5,3,4,3.31,17,21,FALSE
Male,Loyal Customer,36,Personal Travel,Eco,482,2,2,2,4,2,2,2,2,3,1,4,2,2,2.31,58,47,FALSE
Male,Loyal Customer,44,Business Travel,Business,2795,3,3,3,3,2,4,4,4,4,4,4,4,5,3.62,0,0,TRUE
Male,Loyal Customer,38,Business Travel,Business,1617,2,2,2,2,5,4,4,2,2,2,2,1,1,2.38,0,0,TRUE
Male,Disloyal Customer,12,Business Travel,Business,912,4,0,4,5,3,4,3,3,4,4,4,3,3,3.38,0,0,TRUE
Female,Loyal Customer,51,Personal Travel,Eco,200,3,1,3,1,4,1,1,1,1,3,1,3,1,1.85,0,0,FALSE
Male,Disloyal Customer,23,Business Travel,Eco,101,4,4,4,4,5,4,2,5,2,2,3,1,5,3.46,0,0,FALSE
Female,Disloyal Customer,24,Business Travel,Eco Plus,1037,3,1,3,2,1,3,1,1,3,1,1,3,1,1.85,0,7,FALSE
Female,Loyal Customer,47,Business Travel,Business,151,0,4,0,2,4,4,5,2,2,2,2,5,5,2.85,1,0,TRUE
Female,Loyal Customer,33,Personal Travel,Eco,1576,1,5,1,4,2,1,2,2,5,2,5,4,2,2.77,112,97,FALSE
Female,Disloyal Customer,25,Business Travel,Eco,237,3,2,3,4,5,3,5,5,4,1,3,1,5,3.38,0,0,FALSE
Female,Disloyal Customer,21,Business Travel,Business,468,2,3,2,4,2,2,1,2,1,1,4,3,2,2.23,79,71,FALSE
Female,Loyal Customer,60,Business Travel,Business,1672,3,3,3,3,5,5,4,5,5,5,5,3,5,4.15,0,0,TRUE
Female,Loyal Customer,53,Business Travel,Business,1013,1,1,1,1,5,4,4,5,5,5,5,3,4,3.38,0,0,TRUE
Female,Loyal Customer,17,Personal Travel,Eco,1874,1,2,2,3,2,4,4,1,1,4,3,4,4,2.69,164,162,FALSE
Male,Loyal Customer,47,Business Travel,Eco,604,3,5,5,5,3,3,3,3,4,4,4,4,3,3.77,0,19,FALSE
Male,Loyal Customer,64,Personal Travel,Eco,369,2,3,0,3,2,0,2,2,3,5,4,1,2,2.23,15,11,FALSE
Female,Loyal Customer,43,Business Travel,Business,397,3,3,3,3,5,4,4,4,4,4,4,4,5,3.85,20,17,TRUE
Female,Loyal Customer,57,Business Travel,Business,2556,1,1,5,1,2,5,4,5,5,5,5,4,5,3.69,0,0,TRUE
Female,Loyal Customer,37,Business Travel,Business,3876,1,1,1,1,2,3,3,1,1,1,1,1,1,1.38,33,30,FALSE
Male,Disloyal Customer,30,Business Travel,Business,223,3,4,4,4,3,4,3,3,3,5,4,4,3,3.62,7,23,FALSE
Male,Loyal Customer,52,Business Travel,Business,2564,5,5,5,5,2,4,5,5,5,5,5,3,3,4.38,0,0,TRUE
Male,Loyal Customer,59,Personal Travel,Business,591,2,4,2,1,4,5,5,3,3,2,3,3,4,3.15,0,4,FALSE
Male,Disloyal Customer,42,Business Travel,Business,236,3,3,3,4,4,3,5,4,4,3,4,4,4,3.69,0,0,FALSE
Male,Loyal Customer,38,Personal Travel,Eco,1744,3,4,3,4,4,3,4,4,4,5,3,3,4,3.69,3,0,FALSE
Male,Disloyal Customer,32,Business Travel,Business,255,2,2,2,2,1,2,1,1,4,3,4,3,1,2.15,0,0,FALSE
Male,Loyal Customer,27,Personal Travel,Eco,528,2,5,2,1,2,2,4,2,3,3,4,4,2,2.77,47,22,FALSE
Female,Disloyal Customer,36,Business Travel,Eco,237,2,0,2,2,4,2,4,4,3,1,2,4,4,2.62,13,1,FALSE
Female,Loyal Customer,58,Personal Travel,Eco,332,2,4,2,1,3,4,4,3,3,2,2,4,4,2.92,14,41,FALSE
Male,Loyal Customer,47,Business Travel,Eco,533,5,3,3,3,5,5,5,5,1,3,1,4,5,3.69,0,0,TRUE
Male,Loyal Customer,51,Personal Travel,Eco,2253,2,5,2,3,5,2,2,5,2,1,3,1,5,2.92,0,0,FALSE
Female,Loyal Customer,65,Personal Travel,Eco,1010,1,4,1,1,5,4,5,3,3,1,3,1,5,2.85,0,0,FALSE
Male,Loyal Customer,25,Business Travel,Business,1214,4,4,4,4,4,4,4,4,5,1,2,1,4,3.46,0,0,TRUE
Female,Loyal Customer,10,Personal Travel,Eco Plus,612,3,5,3,3,3,3,3,3,1,2,5,3,3,3.08,89,80,FALSE
Female,Loyal Customer,22,Business Travel,Business,1731,1,1,1,1,3,3,3,3,2,5,3,2,3,2.38,1,0,TRUE
Female,Loyal Customer,50,Personal Travel,Eco,386,3,5,3,2,3,4,4,2,2,3,2,3,4,3.08,0,0,FALSE
Male,Loyal Customer,52,Business Travel,Business,1734,3,3,3,3,3,1,1,4,4,4,4,2,4,3,2,0,TRUE
Male,Loyal Customer,62,Business Travel,Business,1595,3,4,4,4,1,4,4,3,3,2,3,2,3,3.08,0,0,FALSE
Female,Loyal Customer,36,Business Travel,Business,289,1,1,1,1,3,5,4,5,5,5,5,2,2,3.08,0,10,TRUE
Male,Loyal Customer,60,Personal Travel,Eco,2586,4,2,4,4,4,2,2,2,3,4,4,2,2,3,0,0,TRUE
Female,Loyal Customer,37,Business Travel,Business,328,5,5,5,5,5,2,1,5,5,5,5,2,5,4.23,1,0,TRUE
Male,Loyal Customer,39,Business Travel,Business,1182,1,1,1,1,4,4,5,4,4,4,4,4,5,3.23,0,0,TRUE
Female,Loyal Customer,45,Business Travel,Business,1605,3,5,3,3,4,5,4,5,5,5,5,3,3,4.08,0,0,TRUE
Female,Loyal Customer,38,Business Travel,Eco,544,3,3,3,3,3,3,3,3,4,5,3,1,3,3.08,67,55,FALSE
Female,Loyal Customer,41,Business Travel,Business,289,1,1,2,1,5,5,5,5,4,5,4,5,5,3.69,282,305,TRUE
Male,Loyal Customer,63,Business Travel,Business,347,4,4,4,4,1,3,2,5,5,5,5,4,1,3.62,0,0,TRUE
Male,Loyal Customer,21,Personal Travel,Eco,719,0,4,0,4,2,0,2,2,4,5,3,4,2,2.46,14,29,TRUE
Female,Loyal Customer,23,Business Travel,Business,1576,3,3,3,3,4,4,4,4,5,1,4,3,4,3.46,0,0,TRUE
Female,Loyal Customer,58,Business Travel,Business,1834,1,1,1,1,3,4,4,4,4,4,4,4,3,2.92,0,0,TRUE
Male,Loyal Customer,40,Business Travel,Business,1197,3,3,3,3,5,5,5,4,4,4,4,5,4,4,105,99,TRUE
Female,Loyal Customer,59,Personal Travel,Eco,677,1,4,1,3,1,4,3,4,4,1,4,3,3,2.77,76,83,FALSE
Male,Loyal Customer,26,Business Travel,Business,3116,5,5,5,5,5,5,5,5,5,2,1,4,5,4.38,35,44,TRUE
Male,Loyal Customer,47,Business Travel,Eco,1061,2,1,1,1,2,2,2,2,2,1,3,3,2,1.85,18,5,FALSE
Male,Loyal Customer,27,Business Travel,Business,903,5,2,5,5,5,5,5,5,3,4,5,3,5,4.38,0,1,TRUE
Female,Loyal Customer,40,Business Travel,Business,2425,4,4,2,4,2,2,5,5,5,5,5,2,3,3.69,0,0,TRUE
Female,Loyal Customer,56,Business Travel,Business,1608,1,1,1,1,2,4,4,5,5,4,5,3,5,3.15,39,43,TRUE
Male,Loyal Customer,21,Business Travel,Business,2098,2,5,5,5,2,2,2,2,2,5,4,1,2,3,0,0,FALSE
Male,Loyal Customer,45,Personal Travel,Business,308,3,5,3,3,5,5,4,1,1,3,5,4,4,3.54,0,0,FALSE
Female,Loyal Customer,28,Business Travel,Business,2499,5,5,5,5,4,4,4,4,5,4,5,3,4,4.38,87,89,TRUE
Female,Disloyal Customer,45,Business Travel,Eco,432,3,0,3,4,2,3,2,2,1,1,5,3,2,2.38,95,82,FALSE
Female,Disloyal Customer,16,Business Travel,Eco,1481,2,2,2,5,2,4,4,5,4,5,5,4,4,3.69,0,0,FALSE
Female,Loyal Customer,56,Business Travel,Business,2434,3,3,3,3,4,4,4,4,4,5,5,4,4,3.85,3,4,TRUE
Female,Loyal Customer,48,Business Travel,Business,1986,2,2,2,2,5,5,5,4,4,4,4,3,3,3.46,0,0,TRUE
Male,Loyal Customer,18,Personal Travel,Eco,725,1,3,1,3,5,1,1,5,4,2,3,1,5,2.69,17,5,FALSE
Female,Loyal Customer,45,Business Travel,Business,2153,4,4,4,4,5,4,5,5,5,5,5,3,5,4.46,0,0,TRUE
Male,Disloyal Customer,71,Business Travel,Business,1212,1,0,0,3,4,1,4,4,4,5,4,5,4,3,0,0,FALSE
Female,Loyal Customer,52,Business Travel,Business,925,2,2,2,2,1,3,4,2,2,2,2,3,1,2.15,68,58,FALSE
Male,Loyal Customer,57,Business Travel,Business,1399,2,2,1,2,3,5,5,5,5,5,5,4,4,3.69,0,0,TRUE
Male,Loyal Customer,19,Personal Travel,Eco,1562,2,3,2,4,5,2,5,5,4,5,2,3,5,3.62,58,61,FALSE
Female,Loyal Customer,44,Personal Travel,Eco,302,2,5,2,2,3,4,4,1,1,2,1,4,4,2.69,15,2,FALSE
Female,Loyal Customer,17,Personal Travel,Eco,1592,1,5,1,3,2,1,2,2,4,2,5,4,2,2.62,0,0,FALSE
Male,Loyal Customer,62,Personal Travel,Eco,371,2,1,4,3,5,4,5,5,1,1,2,2,5,3.08,1,4,FALSE
Female,Loyal Customer,56,Personal Travel,Eco,1055,2,4,2,2,4,3,1,3,3,2,3,3,4,2.77,1,0,FALSE
Female,Loyal Customer,11,Business Travel,Eco,978,2,3,5,5,2,2,1,2,3,1,2,1,2,2.38,26,15,FALSE
Female,Loyal Customer,41,Business Travel,Eco,1017,3,4,4,4,3,3,3,3,2,2,4,2,3,3.08,0,0,FALSE
Male,Disloyal Customer,37,Business Travel,Business,187,2,2,2,1,5,2,5,5,4,5,5,4,5,3.62,0,0,FALSE
Male,Loyal Customer,26,Business Travel,Eco Plus,2599,1,3,3,3,1,1,2,1,3,3,3,2,1,2.08,15,6,FALSE
Female,Disloyal Customer,21,Business Travel,Eco,980,1,1,1,5,2,1,3,2,4,5,4,3,2,2.62,0,0,FALSE
Male,Loyal Customer,33,Business Travel,Business,558,2,2,2,2,1,2,1,1,2,5,1,5,1,2.08,0,0,TRUE
Male,Loyal Customer,7,Personal Travel,Eco,2419,2,4,2,4,3,2,3,3,1,3,4,4,3,2.92,0,0,FALSE
Male,Disloyal Customer,19,Business Travel,Eco,516,2,4,2,3,2,2,5,2,4,4,4,5,2,3.15,2,0,FALSE
Male,Loyal Customer,57,Business Travel,Business,2298,5,5,5,5,5,4,5,5,5,5,5,3,5,4.77,9,10,TRUE
Male,Loyal Customer,25,Personal Travel,Eco,371,0,4,0,3,4,0,1,4,1,3,4,2,4,2.31,6,0,TRUE
Male,Loyal Customer,40,Personal Travel,Eco,651,2,1,1,2,1,1,1,1,3,3,2,1,1,1.54,0,0,FALSE
Male,Loyal Customer,49,Business Travel,Business,213,2,1,1,1,4,3,3,3,3,2,2,1,1,2.08,19,29,FALSE
Female,Loyal Customer,58,Business Travel,Business,3134,1,1,1,1,4,4,4,3,3,4,3,5,3,2.85,0,0,TRUE
Female,Disloyal Customer,15,Business Travel,Eco,726,4,4,4,2,4,2,2,3,5,1,1,2,2,2.77,114,99,FALSE
Male,Loyal Customer,54,Personal Travel,Eco,1999,3,4,3,5,2,3,2,2,3,5,4,3,2,3.15,0,3,FALSE
Male,Loyal Customer,16,Business Travel,Business,2567,3,1,5,1,3,3,3,3,3,1,4,3,3,2.77,2,17,FALSE
Male,Loyal Customer,66,Personal Travel,Eco,689,1,3,1,2,1,1,1,1,3,5,3,3,1,2,0,6,FALSE
Female,Loyal Customer,23,Personal Travel,Eco,388,3,4,2,4,1,2,1,1,5,2,5,4,1,2.69,25,11,FALSE
Male,Disloyal Customer,37,Business Travel,Eco,86,1,5,2,1,3,2,3,3,1,1,3,5,3,2.54,0,1,FALSE
Female,Loyal Customer,27,Business Travel,Business,850,4,4,4,4,5,5,5,5,4,3,4,4,5,4.31,6,0,TRUE
Female,Loyal Customer,50,Business Travel,Business,2528,5,5,5,5,5,4,2,4,4,5,4,4,2,4.15,101,104,TRUE
Female,Disloyal Customer,29,Business Travel,Business,1422,0,0,0,1,1,0,3,1,3,5,5,4,1,1.85,46,54,TRUE
Female,Loyal Customer,64,Personal Travel,Eco,397,2,5,2,3,4,5,4,5,5,2,4,4,4,3.77,0,0,FALSE
Female,Loyal Customer,39,Business Travel,Business,2083,2,2,2,2,5,4,5,5,5,5,5,3,3,3.69,0,0,TRUE
Male,Loyal Customer,33,Business Travel,Business,1840,5,5,5,5,4,4,5,4,3,5,4,5,4,4.46,0,0,TRUE
Female,Loyal Customer,19,Personal Travel,Eco,449,1,3,1,4,3,1,3,3,5,4,3,2,3,2.77,31,23,FALSE
Male,Loyal Customer,43,Business Travel,Business,425,1,1,1,1,4,5,5,4,4,4,4,5,5,3.38,73,96,TRUE
Female,Loyal Customer,14,Personal Travel,Eco Plus,862,2,1,2,3,3,2,3,3,4,1,2,3,3,2.46,8,9,FALSE
Male,Loyal Customer,49,Personal Travel,Eco,1076,3,4,4,2,1,4,1,1,5,2,4,5,1,2.85,0,0,FALSE
Male,Loyal Customer,44,Business Travel,Business,2203,2,2,2,2,2,5,4,4,4,4,4,3,4,3.23,28,22,TRUE
Female,Loyal Customer,10,Personal Travel,Business,1011,4,5,4,1,4,5,5,3,3,3,3,5,5,3.85,340,338,FALSE
Male,Disloyal Customer,26,Business Travel,Business,775,4,5,5,4,3,5,3,3,4,3,5,3,3,3.85,11,4,FALSE
Female,Loyal Customer,50,Business Travel,Business,2153,1,1,1,1,4,4,4,4,4,5,4,4,5,3.23,6,0,TRUE
Male,Disloyal Customer,25,Business Travel,Business,679,4,5,4,3,5,4,5,5,3,5,5,3,5,4.31,0,0,TRUE
Female,Disloyal Customer,27,Business Travel,Eco,187,2,0,2,3,2,2,2,2,2,4,5,1,2,2.23,0,0,FALSE
Female,Disloyal Customer,66,Business Travel,Eco,342,1,1,1,3,3,1,1,3,2,5,3,3,3,2.31,0,0,FALSE
Male,Loyal Customer,69,Business Travel,Business,3175,2,4,4,4,3,3,4,4,4,3,2,2,3,3.23,0,8,FALSE
Female,Loyal Customer,15,Business Travel,Business,1389,4,4,3,4,5,5,5,5,4,3,4,5,5,4.31,0,0,TRUE
Female,Loyal Customer,53,Business Travel,Business,3078,1,3,3,3,5,4,4,1,1,1,1,4,3,2.62,0,0,FALSE
Male,Loyal Customer,19,Business Travel,Eco Plus,401,4,3,3,3,4,4,5,4,1,2,2,5,4,3.38,0,0,TRUE
Female,Loyal Customer,53,Business Travel,Business,2288,5,5,5,5,3,3,2,5,5,5,5,1,5,4.15,2,0,TRUE
Male,Loyal Customer,24,Business Travel,Business,2537,2,5,5,5,2,2,2,2,3,1,3,2,2,2.77,0,0,FALSE
Female,Loyal Customer,45,Business Travel,Business,2078,4,4,3,4,4,1,2,4,4,4,4,3,3,3.38,19,56,TRUE
Male,Loyal Customer,32,Personal Travel,Eco,488,2,1,2,1,4,2,4,4,1,4,2,2,4,2.54,1,0,FALSE
Female,Loyal Customer,55,Personal Travel,Eco,315,2,4,2,3,5,4,4,5,5,2,5,1,1,3.31,0,0,FALSE
Male,Loyal Customer,40,Personal Travel,Business,639,3,4,3,4,4,3,3,4,4,3,4,1,4,3.38,10,0,FALSE
Female,Loyal Customer,62,Personal Travel,Business,1258,4,2,3,1,2,2,2,4,4,3,4,2,4,2.85,0,0,TRUE
Male,Loyal Customer,31,Business Travel,Business,1204,2,2,2,2,5,5,5,5,5,5,5,5,5,4.08,39,28,TRUE
Male,Loyal Customer,18,Personal Travel,Business,669,2,4,2,2,1,2,1,1,4,5,5,5,1,2.69,0,0,FALSE
Male,Loyal Customer,33,Personal Travel,Eco,451,3,3,3,1,2,3,2,2,3,2,5,4,2,2.69,0,0,FALSE
Male,Loyal Customer,52,Business Travel,Business,1846,4,4,4,4,5,5,5,3,3,3,3,4,4,3.92,55,39,TRUE
Male,Loyal Customer,8,Business Travel,Business,3157,3,2,2,2,3,3,3,3,1,4,4,1,3,2.62,36,30,FALSE
Male,Loyal Customer,38,Personal Travel,Eco,1041,3,4,3,3,2,3,3,2,5,2,4,4,2,3.08,0,0,FALSE
Male,Loyal Customer,47,Business Travel,Eco,2349,4,3,3,3,5,4,5,5,5,1,3,5,5,3.92,0,0,TRUE
Male,Disloyal Customer,26,Business Travel,Eco,639,3,3,3,4,5,3,5,5,1,3,2,2,5,3.38,70,53,FALSE
Female,Loyal Customer,51,Personal Travel,Eco,883,3,3,3,4,1,4,4,5,5,3,5,1,1,3.23,33,48,FALSE
Male,Loyal Customer,40,Personal Travel,Eco Plus,1085,3,4,3,1,5,3,5,5,3,4,4,4,5,3.77,0,0,FALSE
Male,Loyal Customer,38,Business Travel,Business,3018,2,2,2,2,1,1,2,4,4,4,4,4,2,2.62,0,0,TRUE
Female,Loyal Customer,59,Business Travel,Business,2478,4,4,4,4,2,4,5,4,4,4,4,4,5,4,0,0,TRUE
Male,Disloyal Customer,25,Business Travel,Business,383,5,0,5,3,4,5,3,4,3,5,5,5,4,3.92,0,0,TRUE
Female,Disloyal Customer,38,Business Travel,Eco,261,4,0,4,4,4,4,3,4,4,4,3,3,4,3.46,20,17,FALSE
Male,Disloyal Customer,30,Business Travel,Eco,1039,1,1,1,3,5,1,5,5,3,1,3,4,5,2.92,23,28,FALSE
Female,Loyal Customer,66,Personal Travel,Eco,762,3,3,3,3,2,4,3,3,3,3,3,3,2,2.92,0,0,FALSE
Female,Loyal Customer,15,Personal Travel,Eco,341,3,2,3,2,5,3,4,5,4,1,2,1,5,3.08,98,96,FALSE
Female,Loyal Customer,34,Personal Travel,Eco,859,3,4,3,2,4,3,4,4,3,5,4,4,4,3.62,6,0,FALSE
Female,Loyal Customer,29,Personal Travel,Eco,226,2,5,2,3,3,2,3,3,5,4,4,5,3,3.38,38,34,FALSE
Male,Loyal Customer,52,Business Travel,Business,550,5,5,5,5,5,4,4,5,5,5,5,3,4,4.62,0,0,TRUE
Female,Loyal Customer,48,Business Travel,Business,425,2,2,2,2,2,2,3,2,2,2,2,1,1,1.92,2,9,FALSE
Male,Loyal Customer,37,Personal Travel,Eco,547,3,5,3,3,3,4,1,5,4,4,4,1,1,3.15,289,279,FALSE
Female,Loyal Customer,24,Business Travel,Eco,363,4,4,4,4,4,4,5,4,2,3,2,4,4,3.69,0,0,TRUE
Male,Disloyal Customer,33,Business Travel,Business,551,2,2,2,4,2,3,3,5,3,4,4,3,3,3.08,124,133,FALSE
Male,Loyal Customer,39,Business Travel,Business,3337,3,3,3,3,2,3,2,3,3,3,3,4,1,2.77,0,0,FALSE
Male,Loyal Customer,53,Business Travel,Eco Plus,228,2,1,1,1,3,2,3,3,3,2,3,1,3,2.15,0,0,FALSE
Female,Loyal Customer,19,Business Travel,Business,1832,5,5,5,5,4,4,4,4,4,3,1,1,4,3.77,0,0,TRUE
Female,Disloyal Customer,37,Business Travel,Eco,403,3,0,2,3,1,2,1,1,4,5,4,4,1,2.38,0,0,FALSE
Female,Disloyal Customer,39,Business Travel,Business,532,3,3,3,4,3,3,3,3,2,3,1,5,3,3,9,6,FALSE
Male,Loyal Customer,46,Personal Travel,Eco Plus,354,3,5,5,2,4,5,2,4,5,3,5,5,4,4,0,0,FALSE
Female,Loyal Customer,25,Business Travel,Business,1714,4,1,1,1,4,4,4,4,2,3,4,2,4,2.92,0,106,FALSE
Female,Loyal Customer,58,Business Travel,Eco Plus,163,1,1,5,1,1,4,4,1,1,1,1,4,2,2.08,4,4,FALSE
Female,Disloyal Customer,28,Business Travel,Eco,758,3,3,3,3,3,3,3,3,3,5,4,4,3,3.31,12,7,FALSE
Male,Loyal Customer,15,Business Travel,Business,1399,1,1,1,1,5,5,5,5,1,3,2,5,5,3.08,6,0,TRUE
Female,Disloyal Customer,22,Business Travel,Business,544,5,4,4,3,4,4,4,4,4,4,5,5,4,4.15,20,18,TRUE
Female,Loyal Customer,49,Personal Travel,Eco Plus,1129,3,5,3,3,3,4,5,2,2,3,2,4,3,3.23,0,0,FALSE
Female,Loyal Customer,33,Personal Travel,Eco,682,2,4,2,2,3,2,3,3,4,5,4,5,3,3.23,35,34,FALSE
Female,Loyal Customer,25,Personal Travel,Eco,152,1,5,0,1,4,0,4,4,3,4,4,4,4,2.92,8,21,FALSE
Male,Loyal Customer,40,Business Travel,Business,956,1,1,1,1,5,5,4,5,5,5,5,3,5,3.54,27,15,TRUE
Male,Disloyal Customer,25,Business Travel,Business,762,1,0,2,3,3,2,3,3,3,5,5,3,3,2.77,26,7,FALSE
Female,Loyal Customer,48,Business Travel,Business,3175,2,5,2,2,4,5,4,4,4,5,4,4,3,3.69,0,5,TRUE
Female,Loyal Customer,50,Personal Travel,Eco,641,2,3,2,3,3,2,3,3,3,2,3,3,3,2.69,1,0,FALSE
Male,Loyal Customer,25,Business Travel,Business,2994,4,4,4,4,5,5,5,5,3,2,5,3,5,4.15,12,0,TRUE
Male,Loyal Customer,41,Business Travel,Business,2296,5,5,5,5,2,4,4,5,5,5,5,3,4,4.38,0,0,TRUE
Female,Disloyal Customer,43,Business Travel,Business,372,4,4,4,1,2,4,2,2,3,4,4,5,2,3.15,3,0,TRUE
Female,Loyal Customer,62,Business Travel,Eco,396,1,3,3,3,2,4,3,1,1,1,1,1,1,1.92,81,89,FALSE
Male,Loyal Customer,31,Business Travel,Eco,350,5,5,5,5,5,5,5,5,3,1,1,3,5,4.08,0,0,TRUE
Female,Loyal Customer,52,Personal Travel,Eco,166,2,4,2,2,2,5,4,4,4,2,4,4,3,3.23,0,0,FALSE
Male,Loyal Customer,43,Personal Travel,Eco,1303,3,5,3,3,5,3,5,5,3,5,3,3,5,3.92,37,37,FALSE
Male,Loyal Customer,37,Personal Travel,Eco,577,4,2,4,3,2,4,4,2,1,3,3,2,2,2.77,0,0,FALSE
Female,Loyal Customer,39,Business Travel,Eco,588,2,1,1,1,2,2,2,2,1,2,4,2,2,1.85,0,0,FALSE
Male,Disloyal Customer,23,Business Travel,Eco,270,3,0,3,3,4,3,4,4,3,5,4,5,4,3.46,0,0,FALSE
Female,Loyal Customer,53,Business Travel,Business,2921,3,1,2,1,1,4,4,3,3,3,3,1,3,2.46,13,30,FALSE
Male,Loyal Customer,59,Business Travel,Eco,226,5,4,4,4,5,5,5,5,5,1,1,5,5,4.15,0,0,TRUE
Female,Loyal Customer,11,Personal Travel,Eco,1438,2,4,2,3,1,2,1,1,4,4,3,3,1,2.38,0,0,FALSE
Female,Loyal Customer,21,Personal Travel,Eco,508,3,4,3,4,2,3,2,2,3,4,5,4,2,3.15,0,0,FALSE
Female,Loyal Customer,32,Personal Travel,Eco,907,3,4,4,5,5,4,5,5,5,5,5,4,5,4.54,0,0,FALSE
Male,Disloyal Customer,40,Business Travel,Business,224,1,1,1,3,2,1,2,2,2,1,3,3,2,1.85,1,0,FALSE
Female,Loyal Customer,45,Business Travel,Business,1732,4,4,4,4,4,3,4,4,4,4,4,4,5,4,0,0,TRUE
Male,Loyal Customer,67,Personal Travel,Eco,1616,1,2,1,3,4,1,4,4,2,2,4,3,4,2.69,0,0,FALSE
Male,Loyal Customer,53,Personal Travel,Eco,647,3,1,3,4,2,3,2,2,3,3,3,1,2,2.46,10,27,FALSE
Male,Loyal Customer,42,Business Travel,Eco Plus,1064,1,3,3,3,1,1,1,1,1,4,4,2,1,2,76,68,FALSE
Male,Loyal Customer,58,Business Travel,Business,300,0,0,0,2,5,3,1,3,3,3,3,2,4,2.23,0,0,TRUE
Male,Loyal Customer,33,Personal Travel,Eco Plus,1226,1,4,1,1,2,1,2,2,5,4,1,3,2,2.23,29,24,FALSE
Female,Loyal Customer,48,Business Travel,Business,2497,4,4,4,4,4,4,4,5,5,5,5,5,4,4.38,0,0,TRUE
Female,Loyal Customer,68,Business Travel,Eco Plus,552,5,3,3,3,4,2,3,5,5,5,5,3,2,3.69,5,0,TRUE
Male,Loyal Customer,23,Business Travel,Business,3426,2,5,5,5,2,2,2,2,2,1,4,4,2,2.92,8,13,FALSE
Female,Loyal Customer,32,Personal Travel,Eco,1072,3,5,3,4,3,3,2,3,4,4,4,3,3,3.38,11,25,FALSE
Male,Loyal Customer,36,Personal Travel,Eco,1671,2,5,2,4,5,2,5,5,1,2,5,2,5,3.46,35,24,FALSE
Female,Loyal Customer,57,Business Travel,Business,650,5,5,5,5,4,5,5,4,4,4,4,3,3,4.31,0,0,TRUE
Male,Loyal Customer,31,Personal Travel,Eco,258,5,3,5,3,2,5,2,2,2,5,4,2,2,3.23,0,4,TRUE
Male,Loyal Customer,32,Business Travel,Business,3309,4,4,4,4,5,5,5,5,5,2,4,4,5,4.31,25,21,TRUE
Female,Loyal Customer,54,Personal Travel,Eco,429,4,5,4,3,4,2,5,3,3,4,3,2,2,3.38,17,5,FALSE
Female,Disloyal Customer,38,Business Travel,Eco,441,2,0,2,5,5,2,4,5,4,1,1,5,5,3.15,0,0,FALSE
Female,Loyal Customer,31,Business Travel,Business,3392,3,3,3,3,4,4,4,4,5,2,4,3,4,3.54,0,1,TRUE
Female,Loyal Customer,15,Personal Travel,Eco,2072,4,5,4,3,4,4,4,4,3,4,3,4,4,3.85,4,14,FALSE
Female,Loyal Customer,12,Personal Travel,Eco,483,3,4,3,4,5,3,5,5,3,4,4,4,5,4,0,0,FALSE
Male,Loyal Customer,63,Personal Travel,Eco,1189,1,4,1,3,3,1,4,3,3,4,5,3,3,2.92,0,0,FALSE
Female,Disloyal Customer,21,Business Travel,Business,1128,2,0,2,4,4,2,4,4,1,2,4,4,4,2.85,0,9,FALSE
Male,Loyal Customer,37,Business Travel,Business,3339,3,2,2,2,3,3,3,3,3,3,3,3,1,2.62,0,0,FALSE
Male,Disloyal Customer,38,Business Travel,Business,308,3,2,2,4,1,2,1,1,4,3,4,1,1,2.23,0,0,FALSE
Female,Loyal Customer,22,Personal Travel,Eco,735,2,4,2,2,2,2,2,2,4,5,4,3,2,2.77,9,13,FALSE
Male,Loyal Customer,42,Business Travel,Business,2248,5,5,5,5,4,5,5,4,4,4,4,3,5,4.46,11,0,TRUE
Female,Loyal Customer,48,Personal Travel,Eco,502,1,5,1,2,2,4,5,2,2,1,5,5,5,3.08,0,0,FALSE
Female,Loyal Customer,49,Business Travel,Eco,77,4,2,2,2,2,4,3,4,4,4,4,3,4,3.23,0,0,TRUE
Female,Loyal Customer,41,Business Travel,Business,1258,2,2,2,2,5,5,4,4,4,4,4,5,5,3.69,6,0,TRUE
Female,Loyal Customer,32,Business Travel,Business,3627,4,4,4,4,3,3,3,3,4,2,4,4,3,3.46,32,25,TRUE
Male,Loyal Customer,51,Business Travel,Business,1726,3,3,3,3,2,4,4,5,5,5,5,3,3,3.69,0,0,TRUE
Female,Loyal Customer,48,Personal Travel,Eco,689,3,5,3,1,2,5,5,4,4,3,1,3,3,3.23,0,0,FALSE
Male,Loyal Customer,21,Business Travel,Eco Plus,484,1,2,2,2,1,1,1,1,2,4,2,1,1,1.62,71,59,FALSE
Female,Loyal Customer,23,Business Travel,Business,671,4,4,4,4,4,4,4,4,4,2,4,5,4,3.92,6,0,TRUE
Female,Loyal Customer,56,Business Travel,Business,2656,1,1,5,1,1,2,3,3,3,4,1,1,4,2.31,0,0,FALSE
Male,Loyal Customer,49,Business Travel,Business,3642,4,3,4,3,4,3,2,4,4,4,4,2,3,3.38,0,0,FALSE
Female,Loyal Customer,25,Personal Travel,Eco,1440,3,5,3,3,5,3,5,5,3,4,4,3,5,3.92,0,5,FALSE
Male,Loyal Customer,74,Business Travel,Business,2192,1,0,0,2,2,2,2,5,5,0,5,1,2,2.08,16,19,FALSE
Male,Loyal Customer,20,Personal Travel,Eco,1608,4,5,4,3,3,4,2,3,3,2,5,4,3,3.46,0,0,FALSE
Female,Disloyal Customer,34,Business Travel,Eco,536,1,2,1,4,2,1,2,2,4,1,4,4,2,2.31,0,0,FALSE
Male,Loyal Customer,34,Business Travel,Business,3440,1,1,2,1,2,4,4,5,5,5,5,5,5,3.46,0,0,TRUE
Female,Loyal Customer,37,Personal Travel,Eco Plus,1609,2,3,2,3,2,2,2,2,2,5,2,2,2,2.38,0,0,FALSE
Male,Disloyal Customer,25,Business Travel,Eco,1119,3,3,3,4,2,3,5,2,2,2,4,2,2,2.85,0,0,FALSE
Female,Loyal Customer,52,Personal Travel,Eco,448,3,5,3,1,2,4,4,3,3,3,2,3,3,3,0,6,FALSE
Female,Loyal Customer,36,Business Travel,Business,1899,1,1,1,1,2,2,3,4,4,4,4,2,2,2.38,0,0,TRUE
Male,Loyal Customer,51,Business Travel,Business,1184,2,2,2,2,4,4,4,4,2,4,5,4,4,3.31,258,250,TRUE
Male,Loyal Customer,43,Business Travel,Eco,2454,3,1,1,1,3,3,3,4,5,2,4,3,3,2.77,11,10,FALSE
Male,Loyal Customer,41,Business Travel,Business,2456,2,2,2,2,2,2,2,5,3,5,4,2,2,2.69,193,193,TRUE
Female,Loyal Customer,51,Business Travel,Business,1120,3,3,3,3,2,5,4,4,4,4,4,4,3,3.54,0,0,TRUE
Male,Loyal Customer,41,Business Travel,Business,285,4,4,4,4,4,5,2,5,5,5,5,4,1,4,0,0,TRUE
Male,Disloyal Customer,23,Business Travel,Eco,861,4,4,4,2,4,4,4,4,5,5,4,3,4,3.92,23,23,TRUE
Male,Loyal Customer,44,Business Travel,Business,2243,1,1,4,1,5,4,5,4,4,4,4,3,3,3.31,0,0,TRUE
Female,Loyal Customer,37,Business Travel,Business,2253,4,1,1,1,4,4,4,4,4,4,4,3,4,3.23,23,20,FALSE
Female,Disloyal Customer,25,Business Travel,Business,125,2,0,2,2,5,2,3,5,4,4,5,5,5,3.38,0,0,FALSE
Male,Disloyal Customer,22,Business Travel,Business,1076,5,0,5,2,1,5,1,1,3,2,2,1,1,2.23,42,30,TRUE
Female,Loyal Customer,42,Business Travel,Eco,1744,3,1,3,1,5,2,4,2,2,3,2,3,1,2.46,25,32,FALSE
Female,Disloyal Customer,32,Business Travel,Business,399,2,2,2,1,5,2,5,5,3,2,4,3,5,3.15,0,0,FALSE
Male,Loyal Customer,26,Personal Travel,Business,2475,3,4,3,3,3,1,1,2,3,4,1,1,1,2.31,2,0,FALSE
Female,Loyal Customer,42,Business Travel,Business,2896,2,2,2,2,5,4,4,4,4,4,4,4,3,3.38,6,0,TRUE
Female,Disloyal Customer,20,Business Travel,Eco,335,4,0,5,4,5,5,5,5,4,4,5,3,5,4.15,0,0,FALSE
Male,Loyal Customer,54,Business Travel,Business,577,3,3,3,3,2,5,4,4,4,4,4,3,5,3.62,2,0,TRUE
Female,Disloyal Customer,17,Business Travel,Eco,1025,4,4,4,3,2,4,2,2,2,3,2,2,2,2.77,41,36,FALSE
Female,Disloyal Customer,11,Business Travel,Eco,546,1,0,1,2,3,1,3,3,1,4,5,5,3,2.46,0,0,FALSE
Female,Loyal Customer,77,Business Travel,Eco,468,2,4,5,5,5,4,4,2,2,2,2,1,1,3,0,0,FALSE
Female,Loyal Customer,34,Business Travel,Business,1709,2,1,1,1,2,4,3,2,2,2,2,3,3,2.15,0,0,FALSE
Male,Loyal Customer,32,Personal Travel,Eco,813,2,2,2,3,2,2,5,2,2,1,3,1,2,2.23,2,0,FALSE
Female,Disloyal Customer,37,Business Travel,Business,427,3,3,3,2,5,3,4,5,4,2,4,4,5,3.62,0,0,FALSE
Female,Loyal Customer,44,Business Travel,Business,3571,1,1,1,1,4,4,5,5,5,4,5,5,3,3.38,51,56,TRUE
Male,Loyal Customer,15,Personal Travel,Eco,1189,3,5,3,2,1,3,1,1,4,2,5,4,1,2.69,0,0,FALSE
Female,Loyal Customer,26,Business Travel,Business,2253,3,5,4,5,3,3,3,3,1,3,3,3,3,3.23,0,0,FALSE
Female,Loyal Customer,24,Business Travel,Business,1655,2,3,3,3,2,2,2,2,3,1,4,2,2,2.38,0,0,FALSE
Female,Loyal Customer,35,Personal Travel,Eco,637,1,3,1,4,4,1,4,4,2,1,3,3,4,2.69,23,13,FALSE
Female,Loyal Customer,58,Personal Travel,Eco,337,1,3,1,4,5,1,3,3,3,1,3,1,2,2.38,0,0,FALSE
Male,Disloyal Customer,27,Business Travel,Eco,495,2,3,2,2,3,2,3,3,4,4,3,4,3,2.92,0,0,FALSE
Male,Loyal Customer,53,Business Travel,Business,3358,2,2,4,2,3,5,5,5,5,5,5,5,5,4.08,0,0,TRUE
Male,Disloyal Customer,35,Business Travel,Eco Plus,634,2,2,2,2,1,2,1,1,2,5,5,2,1,2.15,0,0,FALSE
Male,Disloyal Customer,35,Business Travel,Eco,323,3,1,3,2,5,3,5,5,4,5,3,3,5,3.62,3,12,FALSE
Male,Loyal Customer,70,Personal Travel,Eco,1224,2,5,2,5,5,2,2,5,3,2,3,4,5,3.46,0,0,FALSE
Female,Loyal Customer,60,Business Travel,Business,3805,2,2,2,2,2,4,5,4,4,4,4,4,5,3.38,0,1,TRUE
Female,Loyal Customer,44,Personal Travel,Eco,1703,1,4,1,5,1,1,4,4,4,1,4,5,3,2.92,0,0,FALSE
Female,Loyal Customer,24,Personal Travel,Eco,794,4,5,4,4,2,4,2,2,3,5,5,5,2,3.62,0,0,FALSE
Male,Loyal Customer,30,Personal Travel,Eco,1598,1,4,1,2,1,1,1,5,3,4,4,1,1,2.23,978,970,FALSE
Female,Loyal Customer,25,Business Travel,Eco Plus,2237,2,2,3,2,2,2,4,2,2,4,3,1,2,2.38,0,0,FALSE
Female,Disloyal Customer,39,Business Travel,Business,89,2,2,2,1,4,2,4,4,5,3,4,4,4,3.15,0,44,TRUE
Female,Loyal Customer,22,Business Travel,Eco Plus,1744,2,2,2,2,2,2,1,2,4,4,2,3,2,2.31,5,0,FALSE
Male,Disloyal Customer,22,Business Travel,Business,507,4,0,4,4,5,4,5,5,4,3,5,5,5,4.08,25,12,TRUE
Female,Loyal Customer,58,Personal Travel,Eco,862,4,4,4,4,2,4,5,4,4,4,1,4,3,3.62,3,5,TRUE
Female,Disloyal Customer,12,Business Travel,Eco,707,2,2,2,1,4,2,4,4,4,1,5,3,4,2.92,0,0,FALSE
Female,Disloyal Customer,23,Business Travel,Eco Plus,1399,1,4,1,4,5,1,5,5,5,5,1,1,5,3.31,0,0,FALSE
Male,Loyal Customer,63,Business Travel,Business,3129,5,5,5,5,5,4,4,4,4,4,4,3,4,4.31,0,0,TRUE
Male,Loyal Customer,20,Personal Travel,Eco,809,2,4,2,4,4,2,4,4,2,5,4,4,4,3.46,0,0,FALSE
Male,Loyal Customer,49,Business Travel,Business,3354,5,5,5,5,3,5,4,5,5,5,5,5,3,4.62,0,0,TRUE
Male,Loyal Customer,45,Business Travel,Eco,748,5,4,4,4,5,5,5,5,1,4,3,2,5,4,0,0,TRUE
Female,Loyal Customer,11,Personal Travel,Business,1005,1,4,1,3,5,1,5,5,1,3,4,2,5,3.08,0,0,FALSE
Male,Loyal Customer,40,Personal Travel,Eco,748,2,2,2,4,1,2,1,1,2,2,4,3,1,2.08,0,6,FALSE
Female,Loyal Customer,47,Business Travel,Eco,132,4,2,2,2,5,4,3,4,4,4,4,4,3,3.46,0,0,TRUE
Male,Loyal Customer,30,Business Travel,Eco,2300,4,4,4,4,4,4,4,4,1,2,5,2,4,3.54,83,58,TRUE
Female,Loyal Customer,30,Personal Travel,Eco,888,4,3,4,3,1,4,1,1,5,4,2,5,1,2.92,49,24,FALSE
Male,Loyal Customer,39,Business Travel,Business,2855,3,3,3,3,4,4,4,5,5,5,5,5,4,4.08,0,20,TRUE
Female,Loyal Customer,47,Business Travel,Business,3450,2,2,2,2,3,4,4,4,4,4,4,5,3,3.31,0,0,TRUE
Female,Disloyal Customer,11,Business Travel,Eco,1262,4,4,4,3,2,4,2,2,4,5,4,5,2,3.46,4,0,TRUE
Female,Loyal Customer,50,Business Travel,Business,2808,0,1,1,1,3,4,4,3,3,3,3,5,4,2.69,9,23,TRUE
Female,Loyal Customer,36,Personal Travel,Eco,259,1,4,1,3,2,1,2,2,4,5,3,3,2,2.54,14,2,FALSE
Female,Loyal Customer,41,Business Travel,Business,153,5,5,5,5,5,2,3,4,4,4,5,3,5,4.23,24,20,TRUE
Male,Loyal Customer,50,Personal Travel,Eco,1056,3,4,3,2,4,3,4,4,5,2,5,5,4,3.69,0,0,FALSE
Female,Loyal Customer,69,Business Travel,Eco,73,1,3,3,3,1,4,4,2,2,1,2,2,3,2.38,0,0,FALSE
Male,Loyal Customer,32,Business Travel,Business,2230,3,3,5,3,4,5,4,4,5,4,5,4,4,4.08,0,0,TRUE
Male,Loyal Customer,51,Personal Travel,Eco,515,3,5,4,4,3,4,3,3,4,5,4,3,3,3.69,1,8,FALSE
Male,Loyal Customer,47,Personal Travel,Business,521,0,5,0,3,3,4,4,1,1,0,3,3,4,2.38,0,0,TRUE
Male,Loyal Customer,25,Personal Travel,Eco,191,2,5,2,1,4,2,4,4,3,4,4,5,4,3.38,2,5,FALSE
Female,Loyal Customer,15,Business Travel,Business,2419,2,1,1,1,2,2,2,2,3,4,4,2,2,2.15,0,0,FALSE
Female,Loyal Customer,30,Personal Travel,Eco,386,4,4,4,3,4,4,4,4,3,4,5,3,4,3.85,11,5,FALSE
Male,Disloyal Customer,27,Business Travel,Eco,787,3,3,3,3,4,3,4,4,5,5,2,5,4,3.69,1,8,FALSE
Male,Loyal Customer,27,Business Travel,Business,2010,3,3,3,3,4,4,4,4,5,3,5,3,4,3.69,0,0,TRUE
Male,Disloyal Customer,28,Business Travel,Business,1423,5,4,4,4,4,1,1,5,5,4,4,1,1,3.31,8,0,TRUE
Female,Loyal Customer,41,Personal Travel,Eco,1158,0,4,0,2,4,0,4,4,4,2,5,5,4,2.92,4,7,TRUE
Male,Loyal Customer,42,Business Travel,Business,601,1,1,1,1,5,5,5,4,4,4,4,4,4,3.31,0,0,TRUE
Male,Loyal Customer,45,Business Travel,Business,3640,3,3,3,3,5,1,2,5,5,5,5,3,4,3.62,77,64,TRUE
Female,Loyal Customer,48,Business Travel,Business,1587,3,3,3,3,2,5,4,4,4,4,4,5,5,3.77,64,54,TRUE
Female,Loyal Customer,56,Business Travel,Business,3666,1,1,1,1,2,5,5,5,5,5,5,5,4,3.46,4,0,TRUE
Male,Loyal Customer,20,Personal Travel,Business,2475,3,2,3,4,3,5,5,3,5,4,4,5,5,3.92,19,16,FALSE
Male,Loyal Customer,35,Personal Travel,Eco,228,4,4,4,2,1,4,1,1,3,3,5,3,1,2.77,8,3,FALSE
Female,Loyal Customer,69,Business Travel,Eco,340,1,2,2,2,2,3,4,1,1,1,1,1,4,1.92,18,31,FALSE
Female,Loyal Customer,13,Personal Travel,Business,1242,4,5,4,3,1,4,1,1,4,3,5,4,1,3.08,0,5,FALSE
Female,Loyal Customer,54,Business Travel,Business,1967,3,4,3,4,5,3,3,3,3,3,3,3,2,3.23,0,0,FALSE
Male,Loyal Customer,49,Business Travel,Business,2279,4,4,4,4,5,5,5,4,4,4,4,3,5,4.23,37,33,TRUE
Female,Loyal Customer,27,Personal Travel,Eco,309,1,4,5,2,4,5,4,4,2,5,2,1,4,3.31,0,0,FALSE
Female,Loyal Customer,40,Business Travel,Business,1927,0,1,1,3,4,5,4,5,5,5,5,4,3,3.46,28,24,TRUE
Female,Loyal Customer,49,Business Travel,Business,302,2,2,2,2,5,4,5,5,5,5,5,5,5,4,0,0,TRUE
Male,Loyal Customer,51,Business Travel,Eco,1576,3,4,4,4,3,3,3,3,4,2,4,1,3,3.15,0,0,FALSE
Male,Loyal Customer,9,Personal Travel,Eco,954,2,4,2,4,2,2,2,2,4,1,3,2,2,2.46,0,4,FALSE
Male,Loyal Customer,45,Business Travel,Eco,102,4,3,4,3,4,4,4,4,1,2,5,4,4,3.54,1,4,TRUE
Female,Disloyal Customer,23,Business Travel,Eco,187,3,1,3,4,5,3,5,5,3,3,4,2,5,3.54,0,0,FALSE
Male,Loyal Customer,37,Business Travel,Eco,525,2,2,2,2,2,2,2,2,1,2,1,4,2,2,57,46,FALSE
Male,Disloyal Customer,39,Business Travel,Eco,531,1,2,1,4,5,1,5,5,4,5,3,1,5,3.23,0,0,FALSE
Male,Loyal Customer,38,Business Travel,Business,1744,3,3,3,3,4,3,4,4,4,4,4,4,5,3.69,23,30,TRUE
Female,Loyal Customer,54,Personal Travel,Eco,1514,3,5,3,1,3,5,4,1,1,3,1,5,5,3.08,0,0,FALSE
Male,Loyal Customer,46,Personal Travel,Eco,134,4,0,0,4,2,0,2,2,4,5,3,3,2,2.38,0,0,FALSE
Male,Disloyal Customer,27,Business Travel,Eco,899,2,2,2,4,1,2,1,1,1,4,4,3,1,2.15,0,0,FALSE
Female,Loyal Customer,45,Business Travel,Business,3158,4,4,4,4,5,3,2,2,2,2,2,5,4,3.31,0,0,TRUE
Male,Loyal Customer,50,Business Travel,Business,1587,2,2,2,2,4,4,4,5,5,5,5,3,3,3.54,0,14,TRUE
Female,Disloyal Customer,15,Business Travel,Eco,930,4,4,4,4,2,4,2,2,2,2,4,4,2,3.08,0,0,TRUE
Male,Loyal Customer,24,Business Travel,Business,1846,3,5,5,5,3,3,3,3,3,4,4,2,3,3.54,0,8,FALSE
Male,Loyal Customer,54,Business Travel,Business,1706,4,4,4,4,3,4,4,4,4,4,4,5,4,4,36,53,TRUE
Male,Loyal Customer,22,Business Travel,Eco,591,5,1,5,5,5,4,5,5,5,5,1,1,5,4,0,0,TRUE
Female,Disloyal Customer,58,Business Travel,Eco,266,4,0,4,1,5,4,5,5,2,5,3,2,5,3.46,0,0,TRUE
Female,Loyal Customer,43,Business Travel,Business,3656,5,5,5,5,4,2,4,2,2,2,2,2,3,3.31,1,0,TRUE
Female,Loyal Customer,17,Personal Travel,Business,594,3,3,3,5,2,3,2,2,3,2,3,4,2,2.85,0,0,FALSE
Male,Loyal Customer,19,Personal Travel,Eco,337,3,5,3,1,5,3,5,5,4,4,4,5,5,4,11,5,FALSE
Male,Disloyal Customer,35,Business Travel,Business,213,2,2,2,4,2,2,2,2,4,4,3,4,2,2.69,41,29,FALSE
Male,Loyal Customer,37,Business Travel,Business,541,3,3,3,3,5,5,5,2,2,2,2,5,5,3.46,0,8,TRUE
Male,Loyal Customer,20,Personal Travel,Eco,432,3,5,3,3,3,3,3,3,3,2,5,5,3,3.38,17,18,FALSE
Female,Loyal Customer,27,Business Travel,Business,3921,3,1,2,1,3,3,3,3,3,4,3,1,3,2.54,0,0,FALSE
Female,Loyal Customer,37,Business Travel,Business,3951,1,4,4,4,4,4,4,1,1,1,1,1,1,2.38,45,41,FALSE
Male,Loyal Customer,25,Business Travel,Business,522,2,2,3,2,5,5,5,5,3,4,2,4,5,3.62,0,0,TRUE
Male,Loyal Customer,40,Personal Travel,Eco Plus,602,3,3,3,3,3,2,2,3,5,2,4,2,2,2.85,158,147,FALSE
Female,Disloyal Customer,23,Business Travel,Eco,1750,3,3,3,4,1,3,1,1,1,1,4,3,1,2.23,14,0,FALSE
Male,Loyal Customer,25,Business Travel,Business,3612,1,1,1,1,5,5,5,5,3,4,4,3,5,3.31,0,3,TRUE
Male,Loyal Customer,55,Business Travel,Business,2426,4,4,2,4,5,5,4,4,4,4,4,4,3,3.92,3,0,TRUE
Female,Loyal Customer,46,Business Travel,Business,337,2,2,5,2,5,4,5,5,5,5,5,4,5,4.15,1,0,TRUE
Female,Loyal Customer,45,Business Travel,Business,365,3,3,3,3,4,4,5,4,4,4,4,3,3,3.62,0,0,TRUE
Female,Loyal Customer,51,Business Travel,Business,3027,0,4,0,1,1,1,2,4,4,4,2,3,4,2.31,57,59,TRUE
Female,Disloyal Customer,29,Business Travel,Business,764,4,4,4,5,4,4,2,4,4,3,5,3,4,3.85,31,18,FALSE
Female,Disloyal Customer,42,Business Travel,Business,674,3,3,3,2,3,3,3,3,5,2,4,5,3,3.23,0,0,FALSE
Male,Loyal Customer,19,Business Travel,Eco,787,4,4,4,4,4,4,3,4,4,1,3,2,4,3.46,3,0,TRUE
Female,Loyal Customer,10,Personal Travel,Eco,990,2,5,2,4,4,2,4,4,5,3,4,4,4,3.62,2,0,FALSE
Female,Loyal Customer,34,Business Travel,Business,1607,3,3,4,3,4,4,5,2,2,2,2,3,3,3.08,0,0,TRUE
Female,Loyal Customer,39,Business Travel,Business,712,1,1,3,1,3,5,4,2,2,2,2,3,4,2.54,0,0,TRUE
Female,Loyal Customer,52,Business Travel,Business,1065,5,5,5,5,2,4,5,4,4,5,4,4,5,4.38,0,0,TRUE
Male,Disloyal Customer,44,Business Travel,Eco,106,3,5,3,2,4,3,3,4,3,1,2,4,4,3.15,0,0,FALSE
Female,Disloyal Customer,25,Business Travel,Eco,220,4,1,4,3,2,4,2,2,1,5,4,4,2,2.92,69,73,FALSE
Male,Loyal Customer,38,Business Travel,Business,2632,3,3,3,3,5,4,4,5,5,5,5,5,3,4.08,116,87,TRUE
Male,Disloyal Customer,38,Business Travel,Business,347,3,3,3,5,4,3,4,4,1,5,4,5,4,3.69,0,6,FALSE
Female,Disloyal Customer,24,Business Travel,Eco,1068,3,3,3,4,2,3,2,2,2,5,3,4,2,2.92,0,7,FALSE
Female,Loyal Customer,30,Personal Travel,Eco,476,3,2,3,2,1,3,1,1,4,3,2,1,1,2.08,0,0,FALSE
Female,Loyal Customer,56,Business Travel,Business,304,1,1,1,1,5,4,4,4,4,4,4,4,4,3.15,0,0,TRUE
Female,Loyal Customer,7,Personal Travel,Eco,653,3,0,3,3,2,3,2,2,5,4,5,5,2,3,49,44,FALSE
Male,Loyal Customer,37,Business Travel,Business,163,2,2,2,2,2,2,2,5,5,5,5,3,1,2.92,0,0,TRUE
Male,Loyal Customer,34,Personal Travel,Eco,188,0,4,0,2,4,0,4,4,1,3,5,3,4,2.62,0,0,TRUE
Male,Loyal Customer,35,Personal Travel,Eco,391,4,1,4,3,4,4,4,4,2,4,4,4,4,3.54,186,194,FALSE
Female,Loyal Customer,27,Business Travel,Business,787,4,4,4,4,5,5,5,5,4,3,4,4,5,4.31,1,0,TRUE
Male,Disloyal Customer,57,Business Travel,Eco,1464,4,4,4,4,3,4,3,3,4,4,3,4,3,3.62,2,14,FALSE
Female,Loyal Customer,50,Personal Travel,Eco,692,4,1,4,3,1,2,3,3,3,4,3,1,1,2.54,15,5,TRUE
Female,Loyal Customer,11,Personal Travel,Eco,977,1,4,1,4,3,1,3,3,3,5,5,3,3,3,0,13,FALSE
Male,Loyal Customer,40,Business Travel,Business,3348,2,2,2,2,5,5,5,5,2,5,4,5,5,3.77,184,226,TRUE
Female,Disloyal Customer,26,Business Travel,Business,1303,4,4,4,5,5,4,5,5,5,4,4,3,5,4.38,88,97,TRUE
Male,Loyal Customer,15,Personal Travel,Eco,1217,2,3,2,5,5,2,4,5,2,3,4,3,5,3.46,15,4,FALSE
Female,Loyal Customer,7,Personal Travel,Eco,946,3,1,3,3,3,3,3,3,2,1,2,4,3,2.62,0,0,FALSE
Female,Loyal Customer,36,Personal Travel,Eco,859,4,4,5,2,4,5,4,4,5,5,4,4,4,4.15,0,0,FALSE
Female,Loyal Customer,25,Business Travel,Business,3324,3,3,3,3,5,5,5,5,2,1,1,5,5,3.54,0,15,TRUE
Female,Loyal Customer,35,Personal Travel,Eco,569,3,1,3,4,1,3,1,1,2,4,3,3,1,2.31,0,0,FALSE
Male,Loyal Customer,14,Personal Travel,Eco,422,3,0,4,5,5,4,5,5,3,3,5,4,5,3.92,0,12,FALSE
Female,Loyal Customer,8,Personal Travel,Eco,483,4,5,4,2,3,4,5,3,3,5,5,4,3,3.85,0,0,FALSE
Female,Disloyal Customer,23,Business Travel,Eco,936,1,1,1,4,4,1,4,4,4,5,3,3,4,3,0,0,FALSE
Female,Loyal Customer,41,Business Travel,Business,907,3,3,3,3,4,5,5,5,5,5,5,5,5,4.31,0,0,TRUE
Male,Loyal Customer,54,Personal Travel,Eco Plus,134,3,2,3,4,4,3,4,4,4,1,4,3,4,3.31,0,0,FALSE
Male,Loyal Customer,13,Personal Travel,Eco,1379,1,5,1,4,5,1,5,5,4,2,4,3,5,3.46,0,5,FALSE
Female,Loyal Customer,41,Business Travel,Business,293,1,1,4,1,2,4,4,4,4,4,4,5,4,3.23,0,0,TRUE
Female,Loyal Customer,47,Business Travel,Eco,102,5,5,3,3,1,4,1,5,5,5,5,1,1,3.38,0,0,TRUE
Female,Loyal Customer,8,Personal Travel,Eco Plus,965,2,5,2,1,4,2,2,4,5,5,5,3,4,3.38,34,35,FALSE
Female,Loyal Customer,72,Business Travel,Business,957,4,1,1,1,1,3,3,4,4,4,4,3,1,2.62,0,0,FALSE
Male,Loyal Customer,34,Business Travel,Business,3847,4,4,4,4,4,4,4,3,2,5,4,4,4,3.85,180,178,TRUE
Male,Loyal Customer,21,Business Travel,Business,2099,2,5,5,5,2,2,2,2,1,3,3,1,2,2.69,0,6,FALSE
Male,Loyal Customer,43,Business Travel,Eco,158,3,2,2,2,3,3,3,3,3,1,3,3,3,2.62,0,3,FALSE
Female,Loyal Customer,37,Business Travel,Business,3387,2,3,5,5,4,3,4,2,2,3,2,2,2,3,0,0,FALSE
Male,Loyal Customer,43,Personal Travel,Eco,390,4,4,4,3,3,4,3,3,3,5,4,5,3,3.69,0,0,FALSE
Female,Loyal Customer,56,Personal Travel,Eco,551,3,4,2,3,2,3,3,2,2,2,2,3,5,2.77,0,0,FALSE
Male,Disloyal Customer,17,Business Travel,Business,409,0,2,0,5,1,0,1,1,3,2,5,5,1,2,0,0,TRUE
Female,Loyal Customer,27,Business Travel,Business,488,1,1,4,1,2,2,2,2,3,5,4,4,2,2.54,9,3,TRUE
Male,Loyal Customer,17,Personal Travel,Eco,583,1,1,1,3,4,1,4,4,1,1,3,3,4,2.38,0,9,FALSE
Male,Loyal Customer,49,Business Travel,Eco,925,2,2,2,2,2,2,2,2,2,1,3,3,2,2.08,3,3,FALSE
Female,Loyal Customer,43,Business Travel,Eco,591,2,4,2,4,1,4,3,2,2,2,2,1,3,2.46,0,0,FALSE
Male,Loyal Customer,55,Business Travel,Eco,738,5,5,5,5,5,5,5,5,4,5,2,5,5,4.69,0,0,TRUE
Female,Loyal Customer,37,Business Travel,Business,2408,3,3,3,3,3,3,2,5,5,5,5,5,1,3.54,0,0,TRUE
Female,Loyal Customer,28,Business Travel,Business,3032,5,5,5,5,3,4,3,3,3,4,5,3,3,3.92,69,70,TRUE
Male,Loyal Customer,33,Personal Travel,Eco Plus,486,2,3,2,4,4,2,4,4,3,1,3,2,4,2.92,36,41,FALSE
Male,Disloyal Customer,29,Business Travel,Business,919,4,4,4,3,5,4,5,5,3,2,4,3,5,3.92,4,0,TRUE
Male,Loyal Customer,46,Business Travel,Business,1105,3,3,3,3,2,4,5,3,3,4,3,3,5,3.38,8,15,TRUE
Female,Loyal Customer,49,Business Travel,Business,3332,5,5,5,5,5,4,5,4,4,4,4,5,5,4.62,0,0,TRUE
Female,Loyal Customer,24,Business Travel,Eco,873,1,1,1,1,1,1,2,1,1,2,3,3,1,1.46,51,54,FALSE
Female,Disloyal Customer,24,Business Travel,Business,348,3,1,3,3,2,3,2,2,4,4,4,1,2,2.62,77,91,FALSE
Male,Loyal Customer,52,Business Travel,Business,1598,3,3,3,3,2,5,4,3,3,3,3,3,3,3.15,0,0,TRUE
Female,Loyal Customer,68,Personal Travel,Eco,925,2,5,2,2,5,2,5,1,1,2,3,3,2,2.69,0,6,FALSE
Male,Loyal Customer,40,Business Travel,Eco,1024,3,3,3,3,3,3,3,3,2,5,2,3,3,3,2,6,FALSE
Female,Loyal Customer,66,Personal Travel,Eco Plus,1747,1,1,1,3,5,3,3,1,1,1,1,4,3,2.15,0,0,FALSE
Male,Loyal Customer,55,Business Travel,Eco,84,5,2,2,2,5,5,5,5,1,5,2,3,5,3.62,0,0,TRUE
Male,Disloyal Customer,36,Business Travel,Business,1085,1,1,1,3,5,1,5,5,1,5,4,4,5,3.15,0,0,FALSE
Female,Loyal Customer,39,Business Travel,Business,3226,3,3,3,3,3,4,4,4,4,4,4,5,3,3.62,0,0,TRUE
Female,Disloyal Customer,26,Business Travel,Eco,1068,3,3,3,3,2,3,4,2,2,2,4,2,2,2.69,0,23,FALSE
Male,Loyal Customer,29,Personal Travel,Eco,789,2,4,2,3,3,2,3,3,3,2,4,3,3,2.85,0,0,FALSE
Female,Loyal Customer,46,Business Travel,Eco,188,4,4,4,4,5,5,2,4,4,4,4,3,1,3.69,0,0,TRUE
Male,Loyal Customer,42,Business Travel,Business,1633,4,4,4,4,5,5,5,4,4,4,4,3,5,4.23,7,0,TRUE
Male,Loyal Customer,38,Business Travel,Business,2700,2,4,4,4,5,2,3,2,2,2,2,4,2,2.92,75,78,FALSE
Male,Loyal Customer,53,Business Travel,Business,1779,4,4,4,4,4,5,4,4,4,4,4,4,5,4.15,0,44,TRUE
Male,Loyal Customer,19,Personal Travel,Eco,862,2,5,2,2,1,2,1,1,5,2,4,3,1,2.38,19,4,FALSE
Male,Loyal Customer,26,Personal Travel,Business,187,2,4,2,4,5,2,5,5,4,2,5,4,5,3.77,0,0,FALSE
Female,Loyal Customer,11,Personal Travel,Eco,646,3,2,3,2,2,3,2,2,4,2,3,2,2,2.46,0,0,FALSE
Female,Disloyal Customer,25,Business Travel,Eco,199,2,1,2,1,3,2,3,3,2,2,1,3,3,2.15,0,0,FALSE
Male,Loyal Customer,42,Business Travel,Eco,399,2,3,3,3,2,2,2,2,1,5,4,4,2,2.69,0,0,FALSE
Male,Loyal Customer,11,Personal Travel,Eco,2248,3,4,3,1,2,3,2,2,3,4,5,4,2,2.92,15,14,FALSE
Male,Loyal Customer,60,Business Travel,Business,3052,1,4,4,4,3,3,3,1,1,2,1,2,4,2.54,0,0,FALSE
Male,Loyal Customer,54,Business Travel,Business,678,4,4,4,4,5,4,5,4,4,5,4,3,4,4.15,0,0,TRUE
Male,Loyal Customer,47,Business Travel,Eco,1167,2,2,2,2,1,2,1,1,4,5,2,4,1,2.23,51,52,FALSE
Female,Loyal Customer,43,Business Travel,Eco,448,2,1,1,1,3,3,2,2,2,2,2,3,2,2,18,6,FALSE
Female,Loyal Customer,47,Business Travel,Business,3087,3,4,4,4,3,2,3,3,3,3,3,2,3,3.08,12,1,FALSE
Male,Loyal Customer,16,Personal Travel,Eco,769,4,4,5,4,4,5,4,4,3,1,5,1,4,3.69,0,0,TRUE
Male,Loyal Customer,49,Business Travel,Business,1587,2,2,2,2,3,4,4,5,5,5,5,3,3,3.46,0,0,TRUE
Female,Loyal Customer,7,Personal Travel,Eco,687,4,5,4,1,5,4,5,5,3,5,4,5,5,4.23,0,0,TRUE
Male,Loyal Customer,53,Personal Travel,Eco,666,1,2,1,3,4,1,4,4,3,1,3,2,4,2.54,0,0,FALSE
Male,Loyal Customer,51,Business Travel,Business,3382,3,3,5,3,5,5,5,4,4,4,4,5,4,4.15,0,0,TRUE
Female,Loyal Customer,54,Business Travel,Eco,852,3,5,5,5,4,4,3,3,3,3,3,2,2,3.46,0,7,FALSE
Male,Disloyal Customer,27,Business Travel,Eco,159,2,1,2,2,2,2,2,2,4,3,2,1,2,2.08,19,11,FALSE
Male,Loyal Customer,38,Personal Travel,Eco,761,2,5,2,4,3,2,3,3,3,2,5,3,3,3.08,0,0,FALSE
Female,Loyal Customer,12,Personal Travel,Eco,591,2,5,2,2,2,2,2,2,3,3,4,3,2,2.62,3,0,FALSE
Male,Loyal Customer,25,Personal Travel,Eco,919,2,5,1,3,5,1,4,5,1,2,5,5,5,3.38,0,0,FALSE
Male,Loyal Customer,49,Personal Travel,Eco,153,1,4,0,3,2,0,4,2,3,2,5,5,2,2.54,0,0,FALSE
Female,Loyal Customer,62,Personal Travel,Eco,695,2,4,2,2,3,5,4,2,2,2,2,5,4,3,100,91,FALSE
Male,Loyal Customer,64,Personal Travel,Eco,1099,3,2,3,3,1,3,1,1,4,5,3,4,1,2.62,0,3,FALSE
Female,Loyal Customer,54,Business Travel,Business,395,5,5,5,5,4,5,4,5,5,5,5,5,3,4.69,0,0,TRUE
Female,Loyal Customer,41,Business Travel,Business,436,4,4,4,4,5,4,5,4,4,4,4,4,5,4.23,0,3,TRUE
Female,Loyal Customer,13,Personal Travel,Eco,460,1,5,2,1,3,2,3,3,4,4,1,4,3,2.77,6,23,FALSE
Female,Loyal Customer,26,Personal Travel,Eco,391,5,5,5,2,3,5,3,3,4,4,5,3,3,3.85,0,0,TRUE
Male,Loyal Customer,53,Business Travel,Business,1346,2,2,2,2,4,5,4,4,4,4,4,3,5,3.46,24,28,TRUE
Female,Disloyal Customer,37,Business Travel,Business,2475,1,1,1,3,1,3,3,3,3,4,4,3,3,2.54,11,16,FALSE
Female,Disloyal Customer,16,Business Travel,Eco,694,3,3,3,4,3,3,3,3,3,2,4,3,3,3.08,0,0,FALSE
Male,Loyal Customer,44,Business Travel,Business,1902,5,5,5,5,1,4,4,5,5,5,5,2,4,4.23,38,30,TRUE
Male,Loyal Customer,15,Personal Travel,Eco,853,2,4,2,3,4,2,4,4,3,4,5,5,4,3.54,84,71,FALSE
Female,Loyal Customer,53,Business Travel,Eco,323,1,0,0,4,1,3,3,5,5,1,5,1,2,2.38,2,7,FALSE
Female,Loyal Customer,52,Business Travel,Business,1175,3,5,5,5,1,3,3,3,3,3,3,2,4,3.31,0,0,FALSE
Male,Loyal Customer,46,Business Travel,Business,2378,3,3,3,3,4,4,4,5,2,5,2,4,4,3.54,0,1,TRUE
Female,Loyal Customer,42,Personal Travel,Eco,338,4,5,4,3,3,4,4,3,3,4,3,4,4,3.69,0,0,FALSE
Male,Loyal Customer,65,Personal Travel,Eco,1773,2,3,2,3,1,2,1,1,2,1,3,1,1,1.77,4,3,FALSE
Male,Loyal Customer,51,Business Travel,Business,1491,3,3,3,3,3,4,4,4,4,4,4,3,4,3.54,21,4,TRUE
Male,Loyal Customer,71,Business Travel,Eco,255,3,5,2,5,3,3,3,3,2,5,4,3,3,3.38,0,0,FALSE
Female,Loyal Customer,69,Personal Travel,Eco,862,2,4,2,1,2,4,4,3,3,2,3,3,4,2.85,0,0,FALSE
Male,Loyal Customer,57,Business Travel,Business,3560,0,5,0,2,5,5,1,2,2,2,2,5,4,2.69,0,5,TRUE
Male,Loyal Customer,41,Business Travel,Business,3477,4,4,4,4,5,4,5,4,4,4,4,5,3,4.15,0,0,TRUE
Female,Loyal Customer,55,Personal Travel,Eco Plus,90,4,1,4,3,2,3,3,5,5,4,3,4,4,3.46,0,2,FALSE
Female,Loyal Customer,52,Business Travel,Business,1703,0,1,1,2,4,4,4,4,4,4,4,4,3,3,0,0,TRUE
Female,Loyal Customer,43,Business Travel,Business,1773,2,4,2,2,3,3,4,4,4,4,4,4,4,3.38,4,1,TRUE
Female,Loyal Customer,25,Business Travel,Business,2606,2,2,2,2,2,1,2,2,2,4,3,1,2,2.08,0,5,FALSE
Female,Disloyal Customer,44,Business Travel,Business,628,4,4,4,3,4,4,5,4,5,2,5,3,4,3.92,15,19,FALSE
Female,Loyal Customer,45,Personal Travel,Eco,223,4,2,4,3,3,3,4,1,1,4,1,3,2,2.69,5,4,TRUE
Female,Loyal Customer,11,Personal Travel,Eco,273,4,2,5,3,4,5,4,4,4,3,3,2,4,3.62,0,0,TRUE
Female,Loyal Customer,24,Personal Travel,Eco,621,1,5,1,2,4,1,4,4,5,2,5,5,4,3.31,40,33,FALSE
Male,Loyal Customer,44,Business Travel,Business,306,0,0,0,3,5,4,4,3,3,3,5,5,4,3,4,0,TRUE
Male,Loyal Customer,47,Business Travel,Business,2433,3,3,4,3,3,5,5,2,2,2,2,4,5,3.31,0,0,TRUE
Male,Loyal Customer,46,Business Travel,Eco,328,5,1,1,1,5,5,5,5,5,5,4,4,5,3.92,1,4,TRUE
Male,Loyal Customer,70,Personal Travel,Eco,356,2,5,2,1,4,2,4,4,3,3,4,3,4,3.15,0,0,FALSE
Female,Loyal Customer,26,Business Travel,Eco,2277,5,2,2,2,5,5,5,5,3,3,4,2,5,3.69,0,0,TRUE
Female,Loyal Customer,34,Business Travel,Business,3272,2,3,3,3,4,4,4,2,2,2,2,3,1,2.69,3,18,FALSE
Female,Loyal Customer,35,Business Travel,Business,2895,2,2,2,2,3,2,2,1,1,3,3,2,2,2.08,109,175,FALSE
Male,Loyal Customer,36,Business Travel,Business,812,3,3,3,3,5,5,4,1,1,2,1,3,3,2.85,0,0,TRUE
Female,Disloyal Customer,21,Business Travel,Eco Plus,2065,0,4,0,2,4,0,4,4,4,2,5,3,4,2.77,1,0,TRUE
Female,Loyal Customer,37,Business Travel,Business,3207,4,4,4,4,4,4,3,4,4,3,4,3,2,3.62,1,2,FALSE
Female,Loyal Customer,40,Business Travel,Business,3066,1,0,0,2,0,3,3,4,4,3,3,3,3,2.23,330,327,FALSE
Female,Loyal Customer,45,Business Travel,Business,3147,4,4,5,4,2,5,5,4,4,3,4,5,5,4.15,0,0,TRUE
Male,Loyal Customer,34,Personal Travel,Eco,405,2,5,2,3,4,2,4,4,3,5,4,4,4,3.54,0,0,FALSE
Female,Loyal Customer,31,Business Travel,Business,2496,3,3,3,3,3,3,3,3,3,3,3,3,3,3,16,18,FALSE
Female,Disloyal Customer,37,Business Travel,Business,404,5,5,5,5,3,5,3,3,4,3,4,5,3,4.08,0,2,TRUE
Male,Disloyal Customer,24,Business Travel,Business,697,4,5,4,1,1,4,1,1,4,2,4,3,1,2.69,0,6,TRUE
Female,Loyal Customer,37,Business Travel,Business,628,3,3,3,3,3,4,4,4,4,4,4,5,5,3.77,0,0,TRUE
Female,Loyal Customer,46,Business Travel,Business,3770,3,3,3,3,2,5,4,5,5,5,5,4,5,4,0,0,TRUE
Female,Loyal Customer,63,Business Travel,Business,1587,1,1,1,1,3,2,3,1,1,1,1,4,2,1.69,0,0,FALSE
Male,Loyal Customer,77,Business Travel,Eco,2300,2,2,2,2,2,2,2,1,4,4,3,2,2,2.31,162,149,FALSE
Male,Loyal Customer,38,Business Travel,Business,127,3,1,4,1,3,3,2,3,3,3,3,1,2,2.46,0,0,FALSE
Female,Disloyal Customer,18,Business Travel,Eco,158,5,0,5,4,3,5,5,3,5,2,4,4,3,3.69,0,0,TRUE
Female,Loyal Customer,55,Personal Travel,Eco,759,2,5,2,1,4,5,5,3,3,2,1,4,3,3.08,0,0,FALSE
Male,Loyal Customer,15,Personal Travel,Eco,391,1,5,1,3,3,1,3,3,4,4,5,4,3,3.08,0,0,FALSE
Female,Loyal Customer,48,Business Travel,Eco Plus,563,4,2,2,2,4,4,4,3,2,5,1,4,4,3.15,172,167,TRUE
Female,Loyal Customer,46,Business Travel,Eco Plus,907,4,3,2,3,1,1,1,5,5,4,5,1,2,2.85,0,0,TRUE
Female,Loyal Customer,41,Business Travel,Business,3905,5,5,5,5,5,2,5,4,4,5,4,2,3,4.15,27,29,TRUE
Male,Loyal Customer,47,Personal Travel,Eco,1021,4,1,4,4,1,4,1,1,2,3,3,4,1,2.54,0,0,FALSE
Female,Loyal Customer,32,Business Travel,Eco Plus,589,4,1,1,1,5,5,5,5,5,1,2,1,5,3.15,6,7,TRUE
Female,Loyal Customer,35,Business Travel,Business,1619,3,3,3,3,3,3,4,3,3,3,3,1,4,3,15,0,FALSE
Female,Loyal Customer,49,Business Travel,Business,1192,1,3,3,3,3,2,3,1,1,2,1,1,3,2.08,9,21,FALSE
Male,Disloyal Customer,23,Business Travel,Eco,1107,1,1,1,3,4,1,4,4,4,4,4,3,4,2.92,0,0,FALSE
Female,Loyal Customer,48,Business Travel,Business,2398,2,2,2,2,5,4,5,5,5,5,5,5,3,3.85,0,0,TRUE
Female,Loyal Customer,55,Personal Travel,Eco,201,1,2,1,4,3,3,3,5,5,1,5,3,3,3,0,0,FALSE
Female,Disloyal Customer,24,Business Travel,Business,194,4,3,4,1,5,4,5,5,1,2,1,4,5,3.38,2,0,TRUE
Male,Loyal Customer,39,Personal Travel,Eco Plus,1504,3,4,3,2,1,3,5,1,5,3,5,5,1,3.15,16,0,FALSE
Male,Loyal Customer,44,Business Travel,Business,2040,1,1,3,1,4,4,4,4,4,4,4,5,4,3.31,0,5,TRUE
Male,Loyal Customer,10,Personal Travel,Eco,2556,1,5,2,1,2,2,2,2,3,3,3,4,2,2.46,12,0,FALSE
Male,Loyal Customer,41,Personal Travel,Eco,1452,1,1,1,2,5,1,5,5,4,2,3,3,5,2.92,18,8,FALSE
Female,Loyal Customer,38,Business Travel,Business,1937,1,1,1,1,2,5,4,5,5,5,5,5,4,3.38,0,0,TRUE
Female,Loyal Customer,37,Personal Travel,Business,2475,3,2,3,3,1,3,3,3,3,3,3,1,4,2.69,0,0,FALSE
Female,Loyal Customer,41,Business Travel,Business,3215,1,1,1,1,5,4,5,4,4,4,4,3,4,3.15,8,8,TRUE
Male,Loyal Customer,48,Personal Travel,Eco,862,3,5,3,4,5,3,5,5,5,4,3,4,5,4.15,0,0,FALSE
Female,Loyal Customer,46,Personal Travel,Eco,989,3,3,3,3,5,3,4,2,2,3,2,3,4,3.08,0,0,FALSE
Female,Loyal Customer,59,Business Travel,Eco,907,5,3,3,3,1,1,1,4,4,5,4,1,5,3.08,0,0,TRUE
Female,Loyal Customer,23,Business Travel,Business,2309,2,3,3,3,2,3,2,2,1,3,4,1,2,2.38,0,0,FALSE
Female,Disloyal Customer,23,Business Travel,Eco,224,1,4,1,3,1,1,1,1,4,2,5,5,1,2.31,0,0,FALSE
Female,Loyal Customer,45,Business Travel,Eco,102,4,1,1,1,4,1,2,4,4,4,4,1,3,2.62,0,0,TRUE
Male,Loyal Customer,63,Personal Travel,Eco Plus,1182,5,5,5,3,5,1,1,5,3,3,4,1,1,3.23,61,138,TRUE
Female,Loyal Customer,49,Personal Travel,Business,3302,3,2,3,4,3,2,2,4,4,3,4,2,2,2.92,0,4,FALSE
Male,Loyal Customer,65,Personal Travel,Eco,2586,2,3,2,3,2,2,2,3,4,3,3,2,2,2.54,0,0,FALSE
Male,Disloyal Customer,20,Business Travel,Business,224,5,3,5,2,4,5,3,4,3,5,5,3,4,3.92,0,0,TRUE
Male,Disloyal Customer,56,Business Travel,Eco,119,3,0,3,3,1,3,1,1,5,3,1,1,1,2,0,0,FALSE
Male,Loyal Customer,45,Business Travel,Business,483,5,5,3,5,3,2,5,3,3,3,3,1,2,3.31,0,0,TRUE
Female,Loyal Customer,69,Business Travel,Eco Plus,317,5,3,4,4,1,2,1,4,4,5,4,3,4,3.38,0,0,TRUE
Female,Loyal Customer,52,Business Travel,Business,370,4,2,2,2,2,4,3,4,4,3,4,4,4,3.23,0,0,FALSE
Male,Loyal Customer,24,Business Travel,Business,251,1,4,4,4,1,1,1,1,3,1,3,2,1,2.08,9,13,FALSE
Female,Disloyal Customer,27,Business Travel,Eco Plus,859,4,4,4,3,1,4,1,1,1,1,2,1,1,2.15,0,0,FALSE
Male,Loyal Customer,57,Business Travel,Business,606,2,2,4,2,3,4,5,3,3,4,3,4,4,3.31,0,19,TRUE
Female,Disloyal Customer,22,Business Travel,Eco,200,2,4,2,4,3,2,3,3,3,5,3,1,3,2.92,0,0,FALSE
Female,Loyal Customer,30,Business Travel,Business,3341,5,5,5,5,4,4,5,4,1,2,3,2,4,3.77,43,31,TRUE
Female,Loyal Customer,15,Business Travel,Eco Plus,2329,3,3,4,3,3,3,3,3,3,2,4,2,3,3,90,91,FALSE
Female,Loyal Customer,50,Business Travel,Business,2279,5,5,5,5,5,3,4,5,5,5,5,5,4,4.69,0,0,TRUE
Male,Loyal Customer,28,Business Travel,Eco Plus,621,3,5,5,5,3,3,3,3,4,3,4,2,3,3.54,0,0,FALSE
Female,Loyal Customer,32,Business Travel,Business,1559,3,3,3,3,3,3,3,3,1,4,4,3,3,3,124,136,FALSE
Male,Loyal Customer,43,Business Travel,Business,2481,3,3,3,3,5,5,4,5,5,5,5,3,3,4,0,0,TRUE
Male,Loyal Customer,36,Personal Travel,Eco Plus,1121,3,5,3,1,4,3,4,4,4,5,4,4,4,3.69,1,0,FALSE
Male,Disloyal Customer,26,Business Travel,Business,1009,4,3,3,3,2,3,2,2,5,3,4,4,2,3.08,0,7,FALSE
Female,Loyal Customer,18,Business Travel,Business,1905,3,4,4,4,3,3,3,3,2,3,4,3,3,3.23,315,347,FALSE
Female,Loyal Customer,56,Business Travel,Business,545,1,1,1,1,1,4,3,1,1,1,1,3,4,1.77,9,7,FALSE
Male,Loyal Customer,35,Business Travel,Business,2342,5,5,5,5,4,3,4,5,5,5,5,5,5,4.69,0,0,TRUE
Male,Loyal Customer,60,Personal Travel,Business,895,4,1,4,4,5,4,4,2,2,4,1,1,2,2.92,0,0,FALSE
Female,Loyal Customer,48,Business Travel,Business,455,3,1,1,1,1,4,3,3,3,3,3,2,3,2.38,25,31,FALSE
Female,Loyal Customer,58,Business Travel,Business,116,3,3,3,3,5,2,3,4,4,4,5,4,4,3.62,0,0,TRUE
Female,Loyal Customer,7,Personal Travel,Eco,463,2,5,2,3,3,2,3,3,4,5,5,5,3,3.46,0,0,FALSE
Female,Disloyal Customer,15,Business Travel,Business,236,4,2,4,3,5,4,5,5,1,1,3,2,5,3.38,0,0,FALSE
Male,Loyal Customer,59,Business Travel,Business,325,0,0,0,3,2,5,4,1,1,1,1,3,3,1.85,15,14,TRUE
Female,Loyal Customer,20,Business Travel,Business,883,3,3,3,3,4,4,4,4,5,5,4,3,4,3.77,14,0,TRUE
Female,Loyal Customer,47,Personal Travel,Eco,463,1,5,1,3,3,5,4,1,1,1,1,3,5,2.62,0,0,FALSE
Female,Loyal Customer,22,Personal Travel,Eco,1721,4,4,4,2,4,4,4,4,4,5,5,5,4,4.08,31,0,FALSE
Female,Loyal Customer,37,Business Travel,Eco,373,4,1,4,1,4,4,4,4,5,5,4,2,4,3.54,11,0,TRUE
Female,Loyal Customer,38,Personal Travel,Eco,216,3,4,3,2,2,3,2,2,4,2,3,3,2,2.69,0,0,FALSE
Female,Disloyal Customer,23,Business Travel,Eco,851,2,3,3,3,2,3,2,2,5,5,4,4,2,3.08,0,0,FALSE
Female,Loyal Customer,48,Business Travel,Eco Plus,192,2,3,3,3,5,4,3,3,3,2,3,3,2,3,84,72,FALSE
Female,Disloyal Customer,22,Business Travel,Eco,370,3,3,4,4,1,4,1,1,3,3,3,3,1,2.62,26,21,FALSE
Male,Disloyal Customer,45,Business Travel,Business,882,2,2,2,5,2,2,2,2,4,5,4,3,2,2.85,16,17,FALSE
Female,Loyal Customer,50,Business Travel,Eco,1660,3,2,2,2,5,4,3,3,3,3,3,4,4,3.15,0,12,FALSE
Female,Loyal Customer,59,Business Travel,Business,3832,3,4,2,2,5,3,4,3,3,3,3,3,1,3,13,19,FALSE
Female,Loyal Customer,51,Personal Travel,Eco,304,3,5,3,5,2,5,4,5,5,3,5,4,3,4,9,3,FALSE
Female,Loyal Customer,60,Business Travel,Business,3481,5,5,5,5,5,4,4,5,2,5,4,4,4,4.38,136,119,TRUE
Male,Loyal Customer,60,Personal Travel,Eco,646,2,5,2,3,3,2,3,3,2,3,2,4,3,2.85,0,0,FALSE
Female,Loyal Customer,31,Personal Travel,Eco,309,1,5,1,1,5,1,5,5,4,3,5,5,5,3.54,0,0,FALSE
Female,Loyal Customer,44,Business Travel,Eco,605,2,2,2,2,4,3,2,2,2,2,2,2,1,2.15,16,12,FALSE
Female,Loyal Customer,9,Personal Travel,Eco Plus,867,1,5,1,2,1,1,1,1,5,3,5,4,1,2.38,0,0,FALSE
Female,Disloyal Customer,20,Personal Travel,Eco,391,2,5,2,4,3,2,3,3,5,3,5,4,3,3.38,0,1,FALSE
Female,Loyal Customer,31,Business Travel,Eco,425,3,3,3,3,3,3,3,3,1,2,3,1,3,2.62,30,38,FALSE
Male,Loyal Customer,35,Business Travel,Eco,1096,4,5,5,5,4,4,4,4,4,2,3,1,4,3.77,0,0,TRUE
Male,Loyal Customer,58,Business Travel,Business,226,4,4,4,4,4,5,4,5,5,5,5,4,4,4.38,0,0,TRUE
Male,Loyal Customer,26,Personal Travel,Eco,1197,4,4,4,3,3,4,1,3,4,4,3,3,3,3.31,0,0,FALSE
Female,Disloyal Customer,22,Business Travel,Eco,397,5,0,5,3,4,5,4,4,3,3,4,3,4,3.62,0,0,TRUE
Male,Disloyal Customer,56,Business Travel,Business,228,3,3,3,3,4,3,4,4,5,4,5,4,4,3.77,14,0,FALSE
Female,Loyal Customer,62,Business Travel,Eco,460,2,1,1,1,1,4,4,2,2,2,2,3,2,2.08,73,63,FALSE
Male,Loyal Customer,45,Business Travel,Business,1636,5,5,4,5,4,5,4,5,5,5,5,3,4,4.54,0,0,TRUE
Male,Loyal Customer,40,Business Travel,Eco,834,4,1,1,1,4,4,4,4,1,4,3,5,4,3.08,0,0,TRUE
Female,Loyal Customer,60,Business Travel,Business,2174,1,5,5,5,1,3,2,1,1,1,1,3,1,2.31,0,0,FALSE
Male,Loyal Customer,53,Business Travel,Business,868,1,1,2,1,4,5,5,4,4,4,4,3,5,3.31,0,0,TRUE
Male,Disloyal Customer,30,Business Travel,Eco,948,3,3,3,3,5,3,5,5,4,1,1,2,5,3.31,95,93,FALSE
Male,Disloyal Customer,15,Business Travel,Eco,842,4,5,5,4,3,5,3,3,2,5,3,1,3,3.54,0,0,FALSE
Male,Loyal Customer,48,Personal Travel,Eco Plus,1448,4,3,4,4,2,4,1,2,3,4,4,2,2,3,5,1,FALSE
Male,Loyal Customer,51,Personal Travel,Eco,296,2,4,1,1,4,1,4,4,3,5,5,2,4,3.08,0,0,FALSE
Female,Loyal Customer,49,Business Travel,Business,2065,1,0,0,3,1,2,2,5,5,0,5,4,3,2.38,0,0,FALSE
Male,Loyal Customer,27,Personal Travel,Eco,295,5,5,5,3,4,5,5,4,4,3,5,3,4,4.23,0,0,TRUE
Male,Loyal Customer,50,Personal Travel,Eco Plus,692,2,5,2,1,5,2,5,5,5,3,5,5,5,3.85,3,0,FALSE
Male,Disloyal Customer,39,Business Travel,Eco,328,3,0,2,2,4,2,4,4,2,3,2,1,4,2.54,0,0,FALSE
Female,Loyal Customer,49,Business Travel,Business,3470,3,3,3,3,4,5,4,3,3,4,3,3,5,3.54,0,1,TRUE
Female,Disloyal Customer,24,Business Travel,Business,404,2,2,2,3,3,2,4,3,3,2,3,3,3,2.69,2,0,FALSE
Male,Loyal Customer,51,Business Travel,Business,3936,2,2,2,2,2,5,4,5,5,5,5,3,3,3.46,0,0,TRUE
Male,Loyal Customer,50,Business Travel,Business,1440,5,5,5,5,3,4,4,4,4,4,4,5,4,4.31,28,19,TRUE
Male,Loyal Customer,51,Business Travel,Business,1190,3,5,5,5,1,3,3,3,3,3,3,1,3,3.15,10,0,FALSE
Female,Disloyal Customer,36,Business Travel,Business,395,2,2,2,1,1,2,1,1,5,4,4,4,1,2.31,0,0,FALSE
Male,Loyal Customer,39,Business Travel,Business,3061,2,2,2,2,3,5,5,5,5,5,5,4,5,3.85,0,0,TRUE
Female,Loyal Customer,41,Business Travel,Business,3365,3,3,3,3,4,4,5,4,4,4,4,5,4,3.85,0,0,TRUE
Male,Loyal Customer,77,Business Travel,Eco Plus,821,4,5,5,5,4,4,4,4,4,5,3,1,4,4,0,0,FALSE
Female,Loyal Customer,58,Business Travel,Business,3824,2,2,2,2,5,4,4,2,2,1,2,3,1,2.46,0,5,FALSE
Female,Loyal Customer,36,Business Travel,Eco,411,3,5,1,1,3,4,3,3,4,2,4,3,3,3,0,0,TRUE
Female,Loyal Customer,35,Business Travel,Business,2895,5,5,5,5,2,4,5,5,5,5,5,3,5,4.54,68,71,TRUE
Male,Loyal Customer,62,Personal Travel,Eco,925,4,2,3,2,2,3,2,2,1,3,3,2,2,2.38,1,0,FALSE
Male,Loyal Customer,45,Business Travel,Business,1979,1,1,1,1,3,4,5,4,4,4,4,5,3,3.08,5,10,TRUE
Male,Loyal Customer,53,Business Travel,Business,2437,5,5,5,5,3,4,4,3,3,3,3,4,5,4,0,0,TRUE
Male,Loyal Customer,52,Personal Travel,Eco,925,1,5,1,5,5,1,2,5,2,5,3,3,5,3.31,65,66,FALSE
Female,Loyal Customer,67,Personal Travel,Eco,679,1,5,1,1,5,4,5,5,5,1,5,3,3,3.38,2,0,FALSE
Female,Loyal Customer,57,Personal Travel,Eco,1171,2,5,2,3,3,3,5,4,4,2,4,4,5,3.54,4,0,FALSE
Female,Loyal Customer,59,Business Travel,Business,2563,5,5,5,5,4,4,5,5,5,5,5,4,3,4.62,0,4,TRUE
Female,Loyal Customer,35,Business Travel,Business,883,3,3,3,3,5,5,5,5,5,5,5,4,4,4.23,0,0,TRUE
Male,Loyal Customer,53,Personal Travel,Eco,680,2,4,3,3,4,3,5,4,2,2,1,3,4,3.08,73,94,FALSE
Male,Loyal Customer,32,Personal Travel,Business,600,3,2,3,3,1,3,1,1,3,4,4,2,1,2.38,0,0,FALSE
Female,Loyal Customer,24,Business Travel,Business,2158,1,1,1,1,5,5,5,5,4,4,4,3,5,3.38,0,0,TRUE
Female,Disloyal Customer,23,Business Travel,Eco Plus,152,2,3,2,3,3,2,3,3,1,1,4,4,3,2.62,0,20,FALSE
Male,Disloyal Customer,44,Business Travel,Business,1120,5,5,5,3,5,5,5,5,5,2,4,4,5,4.46,0,0,TRUE
Female,Disloyal Customer,33,Business Travel,Business,644,2,2,2,2,5,2,5,5,3,3,4,3,5,3.31,10,8,FALSE
Female,Loyal Customer,39,Business Travel,Business,3114,1,1,1,1,5,4,1,4,4,4,4,1,4,2.69,12,0,TRUE
Female,Loyal Customer,15,Personal Travel,Eco,236,4,5,4,2,2,4,2,2,3,4,4,4,2,3.23,4,1,FALSE
Female,Loyal Customer,43,Personal Travel,Eco,210,0,4,0,1,4,3,5,1,1,0,1,1,5,2,0,0,TRUE
Female,Loyal Customer,56,Business Travel,Business,543,5,5,5,5,5,4,5,3,3,3,3,4,3,4.08,105,105,TRUE
Male,Loyal Customer,24,Business Travel,Business,680,4,5,5,5,4,4,4,4,4,3,3,2,4,3.92,10,50,FALSE
Male,Loyal Customer,11,Personal Travel,Eco,296,5,1,5,3,4,5,4,4,1,2,2,3,4,3.31,3,3,TRUE
Female,Loyal Customer,48,Business Travel,Business,1947,3,3,2,3,5,5,5,4,4,4,4,4,4,3.85,11,2,TRUE
Male,Loyal Customer,21,Business Travel,Eco Plus,1744,4,1,1,1,4,4,4,4,1,2,3,4,4,2.85,1,0,FALSE
Male,Loyal Customer,46,Business Travel,Business,2075,3,3,3,3,5,4,5,3,3,3,3,4,4,3.54,2,0,TRUE
Female,Loyal Customer,10,Personal Travel,Eco,368,1,2,1,3,4,1,4,4,3,5,3,4,4,3,0,0,FALSE
Male,Loyal Customer,54,Personal Travel,Eco,762,3,1,3,4,1,3,1,1,4,5,3,1,1,2.38,14,21,FALSE
Male,Loyal Customer,50,Business Travel,Business,3735,3,3,3,3,3,4,5,5,5,5,5,5,5,4.15,27,11,TRUE
Male,Loyal Customer,34,Business Travel,Business,404,1,3,3,3,5,3,3,1,1,2,1,2,3,2.38,14,12,FALSE
Female,Loyal Customer,50,Business Travel,Business,599,5,5,5,5,3,5,4,5,5,5,5,3,4,4.54,0,2,TRUE
Female,Loyal Customer,52,Business Travel,Business,1450,3,3,3,3,2,4,4,2,2,2,2,5,5,3.08,0,1,TRUE
Male,Loyal Customer,43,Business Travel,Business,3785,2,1,1,1,1,3,4,2,2,2,2,2,4,2.08,0,0,FALSE
Male,Loyal Customer,43,Business Travel,Business,2370,5,5,4,5,2,4,4,4,4,4,4,4,4,4.08,0,0,TRUE
Female,Loyal Customer,58,Personal Travel,Eco,925,3,2,3,3,3,3,3,1,1,3,2,2,4,2.54,1,0,FALSE
Male,Loyal Customer,67,Business Travel,Business,313,4,4,4,4,3,5,5,5,5,5,5,5,4,4.46,0,0,TRUE
Male,Loyal Customer,40,Business Travel,Business,1050,4,4,1,4,5,1,5,5,5,5,5,2,3,3.77,0,0,TRUE
Female,Loyal Customer,39,Personal Travel,Eco,1190,4,4,4,1,5,4,5,5,4,3,3,3,5,3.85,0,0,FALSE
Male,Loyal Customer,54,Business Travel,Business,2746,1,1,1,1,2,1,3,2,2,2,2,4,3,1.92,0,17,TRUE
Male,Loyal Customer,49,Business Travel,Business,3895,2,2,2,2,3,5,5,5,5,5,5,5,3,3.77,0,0,TRUE
Male,Loyal Customer,32,Business Travel,Eco,1558,1,5,5,5,1,1,1,1,2,1,3,1,1,2.15,0,0,FALSE
Female,Disloyal Customer,17,Business Travel,Business,1090,4,1,4,3,2,4,2,2,5,2,4,5,2,3.08,17,4,TRUE
Female,Disloyal Customer,38,Business Travel,Business,403,3,2,2,4,5,2,5,5,3,5,5,4,5,3.85,5,0,TRUE
Female,Disloyal Customer,24,Business Travel,Eco,946,2,1,1,1,1,1,1,1,3,2,4,4,1,1.77,0,0,FALSE
Male,Loyal Customer,59,Business Travel,Business,1010,2,2,2,2,4,5,4,4,4,4,4,5,5,3.62,10,0,TRUE
Female,Disloyal Customer,45,Business Travel,Business,967,4,4,4,3,5,4,5,5,5,5,4,5,5,4.46,78,116,TRUE
Male,Loyal Customer,32,Personal Travel,Eco,594,1,5,1,2,5,1,4,5,1,3,3,2,5,2.92,0,0,FALSE
Male,Loyal Customer,60,Business Travel,Business,646,2,5,2,2,2,5,5,5,5,5,5,4,4,3.92,0,0,TRUE
Male,Loyal Customer,60,Business Travel,Business,1506,5,5,5,5,5,5,5,5,5,5,5,5,5,5,7,0,TRUE
Male,Loyal Customer,40,Business Travel,Eco,421,4,1,1,1,4,4,4,4,5,1,1,2,4,2.77,19,29,TRUE
Female,Loyal Customer,35,Personal Travel,Eco,83,4,4,4,4,3,4,3,3,5,5,4,3,3,3.77,11,6,FALSE
Female,Disloyal Customer,25,Business Travel,Business,1096,2,4,2,2,3,2,3,3,3,2,5,3,3,2.85,0,5,FALSE
Male,Loyal Customer,59,Business Travel,Eco,802,4,3,3,3,4,4,4,4,1,4,4,2,4,3.38,6,9,TRUE
Male,Loyal Customer,57,Business Travel,Business,3542,1,1,1,1,2,4,5,5,5,5,5,5,4,3.38,0,0,TRUE
Male,Loyal Customer,34,Business Travel,Eco,1979,4,3,3,3,4,4,4,4,4,5,5,1,4,3.69,0,2,TRUE
Female,Loyal Customer,32,Business Travel,Business,416,4,4,5,4,5,5,5,5,3,1,2,5,5,4.08,0,0,TRUE
Female,Disloyal Customer,54,Business Travel,Eco,1372,3,3,3,4,4,3,4,4,4,4,3,3,4,3.54,0,0,FALSE
Male,Loyal Customer,42,Business Travel,Business,1739,4,4,4,4,2,4,4,3,3,3,3,5,4,3.62,0,0,TRUE
Female,Disloyal Customer,20,Business Travel,Eco,391,2,3,2,3,4,2,1,4,4,1,3,2,4,2.69,10,10,FALSE
Male,Disloyal Customer,26,Business Travel,Business,473,3,3,3,1,2,3,2,2,4,2,3,1,2,2.38,7,0,FALSE
Male,Loyal Customer,37,Business Travel,Business,3266,3,4,3,4,3,3,3,3,3,3,3,4,1,3.08,0,0,FALSE
Male,Loyal Customer,61,Business Travel,Business,338,2,3,2,3,5,2,2,2,2,2,2,2,1,2.31,0,0,FALSE
Male,Loyal Customer,22,Business Travel,Business,397,1,1,1,1,3,4,3,3,5,1,5,3,3,2.62,50,53,TRUE
Male,Loyal Customer,56,Business Travel,Business,2544,4,4,4,4,4,4,5,2,2,2,2,5,3,3.46,0,0,TRUE
Female,Disloyal Customer,27,Business Travel,Eco,594,1,1,1,4,2,1,2,2,4,1,3,1,2,1.92,0,0,FALSE
Male,Loyal Customer,33,Personal Travel,Eco,836,1,5,1,3,4,1,4,4,4,2,4,5,4,3.23,27,11,FALSE
Male,Disloyal Customer,27,Business Travel,Business,692,2,3,3,4,5,3,5,5,3,2,3,2,5,3.46,0,106,FALSE
Female,Disloyal Customer,35,Business Travel,Business,200,2,2,2,3,5,2,5,5,4,3,5,5,5,3.69,0,0,FALSE
Male,Disloyal Customer,37,Business Travel,Business,272,2,2,2,4,3,2,3,3,2,4,4,3,3,2.85,0,1,FALSE
Female,Disloyal Customer,32,Business Travel,Business,417,4,4,4,4,1,4,1,1,4,4,4,5,1,3.15,0,0,FALSE
Female,Disloyal Customer,25,Business Travel,Eco Plus,1506,3,2,3,3,4,3,4,4,1,5,4,2,4,3.23,104,101,FALSE
Female,Loyal Customer,23,Personal Travel,Eco,386,2,5,2,4,4,2,4,4,3,2,4,3,4,3.31,44,36,FALSE
Female,Loyal Customer,43,Personal Travel,Eco,511,4,4,4,2,5,5,5,3,3,4,3,4,5,3.92,0,0,TRUE
Male,Loyal Customer,67,Personal Travel,Business,1460,4,4,4,1,3,3,4,2,2,4,2,3,3,3,0,25,FALSE
Male,Loyal Customer,60,Business Travel,Business,414,1,1,1,1,2,5,4,3,3,4,3,4,3,2.69,0,0,TRUE
Male,Loyal Customer,49,Business Travel,Business,2844,3,3,3,3,4,3,3,5,5,4,5,4,2,3.62,10,3,TRUE
Male,Loyal Customer,32,Business Travel,Business,738,3,3,3,3,4,4,4,4,3,4,5,3,4,3.62,20,0,TRUE
Female,Disloyal Customer,59,Business Travel,Eco,200,2,1,2,4,4,2,4,4,1,2,3,1,4,2.62,11,0,FALSE
Female,Loyal Customer,28,Business Travel,Business,1846,3,3,3,3,3,4,3,3,5,2,5,4,3,3.38,22,24,TRUE
Female,Loyal Customer,59,Business Travel,Business,495,1,1,2,1,2,4,4,5,5,4,5,5,3,3.23,0,0,TRUE
Female,Loyal Customer,49,Personal Travel,Eco,1182,3,5,3,1,3,4,5,3,3,3,3,3,4,3.31,0,0,FALSE
Female,Disloyal Customer,22,Business Travel,Eco,763,2,1,1,4,4,1,4,4,1,2,3,1,4,2.46,0,0,FALSE
Female,Loyal Customer,43,Business Travel,Eco,258,1,4,4,4,4,4,3,1,1,1,1,1,1,2.31,8,0,FALSE
Male,Loyal Customer,53,Business Travel,Business,2339,0,4,0,1,5,4,5,3,3,3,3,5,4,3.08,1,0,TRUE
Male,Loyal Customer,48,Business Travel,Business,404,2,2,2,2,4,5,5,5,5,5,4,5,5,3.92,144,135,TRUE
Female,Loyal Customer,20,Business Travel,Business,3119,2,2,2,2,5,5,5,5,3,3,5,3,5,3.62,0,0,TRUE
Female,Disloyal Customer,18,Business Travel,Eco,925,2,2,2,2,1,2,5,1,4,2,3,4,1,2.38,0,0,FALSE
Female,Loyal Customer,35,Personal Travel,Eco,489,2,3,2,3,5,2,3,5,5,5,1,4,5,3.46,6,12,FALSE
Female,Loyal Customer,58,Business Travel,Business,3807,1,1,1,1,5,4,4,5,5,5,5,4,5,3.54,0,0,TRUE
Female,Loyal Customer,47,Business Travel,Business,1096,3,5,3,3,3,4,4,4,4,4,4,3,4,3.69,0,0,TRUE
Female,Loyal Customer,48,Personal Travel,Eco,925,2,4,2,1,4,4,4,3,3,2,3,4,3,3,1,0,FALSE
Male,Loyal Customer,57,Business Travel,Business,765,3,3,3,3,5,4,4,4,4,4,4,3,5,3.77,0,0,TRUE
Male,Loyal Customer,15,Personal Travel,Eco,399,2,4,2,3,1,2,1,1,1,1,4,1,1,1.85,8,0,FALSE
Male,Disloyal Customer,34,Business Travel,Business,456,3,3,3,3,5,3,5,5,5,2,4,3,5,3.77,27,31,FALSE
Female,Loyal Customer,28,Business Travel,Business,1017,2,1,5,5,2,2,2,2,2,2,2,3,2,2.46,0,7,FALSE
Male,Loyal Customer,47,Business Travel,Business,1574,3,3,3,3,5,5,5,4,4,4,4,4,4,3.92,0,16,TRUE
Male,Loyal Customer,43,Personal Travel,Eco,1055,5,4,5,3,2,5,2,2,4,2,4,3,2,3.31,35,45,TRUE
Female,Loyal Customer,40,Business Travel,Business,3084,3,3,4,3,3,5,4,4,4,4,4,3,3,3.62,0,0,TRUE
Male,Loyal Customer,41,Business Travel,Business,2003,5,5,5,5,3,5,2,5,5,5,5,3,1,4.15,18,13,TRUE
Male,Loyal Customer,35,Business Travel,Eco,1050,2,3,3,3,2,2,2,2,1,3,4,4,2,2.54,0,11,FALSE
Female,Loyal Customer,17,Business Travel,Eco,315,4,2,2,2,4,4,4,4,1,3,4,2,4,3.08,0,0,TRUE
Male,Disloyal Customer,59,Business Travel,Business,223,4,4,4,3,2,4,2,2,1,1,4,1,2,2.62,73,66,FALSE
Female,Disloyal Customer,21,Business Travel,Eco,2399,4,4,4,2,4,4,4,4,5,2,5,4,4,3.85,13,0,TRUE
Female,Loyal Customer,19,Personal Travel,Eco,335,2,3,2,4,5,2,5,5,3,1,3,4,5,3.38,0,14,FALSE
Male,Loyal Customer,40,Business Travel,Business,2928,3,3,3,3,2,4,4,4,4,4,4,5,3,3.54,1,0,TRUE
Female,Loyal Customer,53,Business Travel,Business,2776,4,4,4,4,4,5,5,4,4,4,4,5,5,4.31,0,0,TRUE
Male,Disloyal Customer,37,Business Travel,Eco,174,1,2,1,3,4,1,4,4,1,1,3,1,4,2.31,0,10,FALSE
Male,Loyal Customer,29,Business Travel,Business,1549,5,5,5,5,5,4,5,5,4,5,5,5,5,4.85,0,4,TRUE
Male,Loyal Customer,47,Personal Travel,Eco,674,3,4,3,4,4,3,4,4,5,4,5,5,4,4,0,1,FALSE
Female,Loyal Customer,67,Personal Travel,Eco,230,1,4,1,4,2,4,3,4,4,1,4,4,1,2.85,122,114,FALSE
Female,Loyal Customer,40,Business Travel,Business,1428,5,5,5,5,3,3,3,4,4,4,4,2,4,3.92,0,0,TRUE
Male,Loyal Customer,23,Business Travel,Eco,147,2,5,5,5,2,2,2,2,1,5,2,2,2,2.85,0,0,FALSE
Female,Loyal Customer,50,Business Travel,Business,3849,3,3,5,3,5,5,5,4,4,4,4,5,3,4.08,62,52,TRUE
Male,Loyal Customer,36,Business Travel,Business,1546,3,2,2,2,1,2,1,3,3,3,3,2,3,2.31,8,12,FALSE
Female,Loyal Customer,46,Business Travel,Business,306,4,5,5,5,3,3,3,4,4,3,4,3,3,3.77,0,0,FALSE
Male,Loyal Customer,59,Personal Travel,Eco,1481,4,4,4,4,1,4,1,1,3,5,4,3,1,3,0,0,TRUE
Male,Loyal Customer,29,Business Travel,Business,1449,2,4,4,4,2,3,2,2,2,2,4,1,2,2.62,0,0,FALSE
Female,Loyal Customer,36,Personal Travel,Eco,337,4,3,4,3,2,4,2,2,2,4,2,1,2,2.69,0,0,FALSE
Male,Loyal Customer,62,Business Travel,Eco,230,4,1,1,1,3,4,3,3,4,4,4,1,3,2.77,12,18,TRUE
Male,Loyal Customer,33,Personal Travel,Eco,2556,3,3,3,4,3,4,1,3,3,5,2,1,1,2.77,0,0,FALSE
Female,Loyal Customer,44,Business Travel,Business,2298,2,2,2,2,5,4,4,5,5,5,5,4,3,3.69,0,0,TRUE
Male,Loyal Customer,22,Personal Travel,Eco,425,1,0,3,2,3,3,3,3,3,5,5,4,3,2.92,0,0,FALSE
Female,Loyal Customer,47,Personal Travel,Eco,833,4,4,4,4,3,4,5,1,1,4,1,4,3,3.23,0,0,FALSE
Female,Loyal Customer,56,Business Travel,Business,2088,5,5,5,5,4,5,4,4,4,4,4,3,4,4.31,0,5,TRUE
Female,Loyal Customer,48,Personal Travel,Eco,844,3,4,3,5,2,5,5,2,2,3,2,5,5,3.54,0,4,FALSE
Male,Disloyal Customer,36,Business Travel,Business,321,2,2,2,4,4,2,1,4,4,4,4,3,4,3.08,5,3,FALSE
Male,Loyal Customer,57,Business Travel,Business,606,1,5,5,5,3,4,4,1,1,1,1,4,3,2.92,0,0,FALSE
Male,Loyal Customer,33,Personal Travel,Eco,84,4,2,4,3,5,4,5,5,2,3,3,2,5,3.62,0,0,FALSE
Female,Loyal Customer,19,Personal Travel,Eco,282,1,4,3,4,4,3,1,4,4,4,4,3,4,3.31,0,0,FALSE
Female,Loyal Customer,57,Business Travel,Eco,751,2,3,3,3,4,3,4,1,1,2,1,2,2,2.38,0,0,FALSE
Female,Loyal Customer,48,Business Travel,Business,879,2,2,2,2,5,4,5,4,4,4,4,3,3,3.38,9,3,TRUE
Female,Loyal Customer,61,Business Travel,Eco,390,4,4,4,4,4,3,3,4,4,4,4,4,2,3.69,0,0,FALSE
Female,Loyal Customer,29,Business Travel,Business,697,4,2,2,2,4,4,4,4,3,1,3,2,4,3,15,12,FALSE
Male,Loyal Customer,58,Business Travel,Business,101,5,5,5,5,4,5,1,4,4,5,4,2,5,4.15,0,5,TRUE
Male,Disloyal Customer,21,Business Travel,Eco,453,1,1,1,2,3,1,3,3,3,3,1,1,3,2,0,25,FALSE
Male,Loyal Customer,47,Business Travel,Eco,1009,5,5,2,5,5,5,5,5,4,5,3,3,5,4.38,11,0,TRUE
Male,Loyal Customer,23,Personal Travel,Eco Plus,266,3,0,3,2,2,3,2,2,3,2,5,3,2,2.46,0,15,FALSE
Female,Disloyal Customer,26,Business Travel,Business,214,5,5,5,3,4,5,4,4,4,4,4,4,4,4.23,0,1,TRUE
Female,Loyal Customer,46,Business Travel,Business,3061,1,1,1,1,5,4,4,3,3,3,3,3,3,2.69,21,8,TRUE
Male,Loyal Customer,42,Business Travel,Business,1670,3,3,3,3,3,4,4,5,5,5,5,4,4,3.92,54,33,TRUE
Female,Loyal Customer,40,Business Travel,Business,280,4,4,4,4,2,5,4,4,4,4,4,4,4,3.92,16,31,TRUE
Female,Loyal Customer,45,Business Travel,Business,853,5,5,5,5,3,5,4,3,3,3,3,3,5,4,4,0,TRUE
Female,Disloyal Customer,44,Business Travel,Eco,417,3,3,3,3,3,3,3,3,4,4,3,1,3,3,0,0,FALSE
Female,Loyal Customer,68,Personal Travel,Eco,622,1,4,1,4,5,5,5,1,1,1,1,4,5,2.92,15,6,FALSE
Female,Loyal Customer,26,Business Travel,Eco,373,5,2,3,2,5,5,4,5,4,1,2,4,5,3.62,0,0,TRUE
Female,Loyal Customer,22,Personal Travel,Eco,522,3,3,3,2,5,3,5,5,2,1,3,3,5,3.31,68,94,FALSE
Male,Loyal Customer,43,Business Travel,Eco,170,3,2,3,3,3,3,3,3,2,2,2,1,3,2.54,0,0,FALSE
Male,Loyal Customer,35,Personal Travel,Eco,1558,1,1,2,3,1,2,1,1,4,5,2,3,1,2.08,1,5,FALSE
Female,Loyal Customer,57,Personal Travel,Eco,432,2,4,5,3,5,4,5,1,1,5,1,5,4,3.46,0,0,FALSE
Male,Loyal Customer,39,Business Travel,Business,994,3,3,3,3,4,4,4,5,5,5,5,3,3,3.85,0,0,TRUE
Male,Loyal Customer,37,Business Travel,Business,3767,4,4,4,4,4,5,4,4,4,4,4,5,4,4.15,1,9,TRUE
Female,Loyal Customer,58,Business Travel,Eco,912,3,3,3,3,4,4,3,3,3,3,3,3,4,3.23,3,6,FALSE
Female,Disloyal Customer,20,Business Travel,Eco Plus,460,1,2,2,3,3,2,1,3,4,2,4,2,3,2.46,88,89,FALSE
Female,Loyal Customer,69,Personal Travel,Eco,214,1,0,1,1,3,5,4,4,4,1,4,5,4,2.85,0,0,FALSE
Male,Disloyal Customer,22,Business Travel,Eco,229,2,5,3,1,3,3,3,4,5,4,4,3,3,3.31,152,133,FALSE
Female,Loyal Customer,29,Business Travel,Business,2372,0,0,0,4,3,3,3,3,4,2,5,5,3,2.69,0,0,TRUE
Male,Loyal Customer,48,Business Travel,Business,649,2,2,2,2,2,5,4,4,4,4,4,4,4,3.31,0,0,TRUE
Female,Disloyal Customer,24,Business Travel,Eco,235,4,4,4,4,3,4,3,3,3,2,4,4,3,3.46,0,0,TRUE
Male,Loyal Customer,48,Personal Travel,Eco Plus,846,1,2,1,4,2,1,2,2,4,4,3,3,2,2.38,0,0,FALSE
Female,Loyal Customer,30,Business Travel,Business,3480,2,2,4,2,4,4,4,4,5,1,4,4,4,3.38,0,0,TRUE
Female,Disloyal Customer,30,Business Travel,Business,946,3,3,3,3,2,3,1,2,5,5,4,5,2,3.15,0,0,FALSE
Female,Loyal Customer,42,Business Travel,Business,204,5,5,5,5,4,5,4,5,5,4,4,4,3,4.46,0,0,TRUE
Male,Loyal Customer,66,Business Travel,Eco Plus,204,4,2,2,2,3,4,3,3,2,2,3,1,3,2.62,2,0,FALSE
Female,Loyal Customer,64,Personal Travel,Eco,612,2,2,2,3,5,3,4,2,2,2,3,2,2,2.62,48,47,FALSE
Female,Loyal Customer,38,Business Travel,Business,1911,2,2,2,2,2,5,4,4,4,4,4,3,5,3.31,0,0,TRUE
Male,Disloyal Customer,20,Business Travel,Eco,262,2,3,2,2,3,2,3,3,1,4,2,1,3,2.38,63,52,FALSE
Female,Loyal Customer,54,Business Travel,Business,1145,5,5,5,5,2,5,4,4,4,5,4,3,4,4.23,0,0,TRUE
Female,Loyal Customer,22,Business Travel,Eco,1773,3,1,1,1,3,3,2,3,4,3,2,3,3,2.46,13,16,FALSE
Male,Loyal Customer,54,Business Travel,Business,562,1,1,3,1,4,5,4,4,4,4,4,5,5,3.46,2,0,TRUE
Female,Loyal Customer,41,Business Travel,Business,1084,5,5,2,5,5,5,4,4,4,4,4,4,4,4.23,0,0,TRUE
Male,Loyal Customer,39,Business Travel,Business,3256,5,5,5,5,5,4,4,5,5,5,5,4,3,4.62,14,15,TRUE
Female,Loyal Customer,29,Business Travel,Business,817,3,4,4,4,3,3,3,3,1,4,2,4,3,3.15,0,0,FALSE
Male,Disloyal Customer,37,Business Travel,Eco,590,4,2,4,2,4,4,4,4,3,4,3,4,4,3.54,0,0,FALSE
Male,Loyal Customer,45,Business Travel,Business,1874,2,2,2,2,1,5,3,4,4,4,4,3,4,3.08,0,0,TRUE
Male,Loyal Customer,52,Business Travel,Business,2266,3,3,3,3,3,1,1,5,5,5,5,1,3,3.15,0,0,TRUE
Female,Loyal Customer,50,Business Travel,Business,1834,0,0,0,2,2,5,5,1,1,1,1,3,3,1.85,0,0,TRUE
Female,Loyal Customer,31,Personal Travel,Eco,1299,3,5,3,3,1,3,1,1,4,2,4,3,1,2.62,3,0,FALSE
Female,Loyal Customer,45,Business Travel,Business,1522,2,2,2,2,2,4,4,4,4,4,4,5,5,3.38,14,0,TRUE
Male,Loyal Customer,64,Personal Travel,Eco Plus,1892,3,3,3,3,4,3,4,4,4,3,2,4,4,3.38,21,0,FALSE
Male,Disloyal Customer,24,Business Travel,Eco,1028,1,1,1,3,4,1,4,4,3,1,3,1,4,2.38,0,0,FALSE
Male,Loyal Customer,33,Business Travel,Business,972,2,2,2,2,5,5,5,5,1,5,4,4,5,3.62,0,0,TRUE
Female,Loyal Customer,22,Business Travel,Eco,280,0,4,0,1,5,0,5,5,4,2,3,4,5,2.92,63,116,TRUE
Male,Disloyal Customer,30,Business Travel,Eco,919,4,5,5,4,4,5,4,4,2,1,4,4,4,3.85,0,0,FALSE
Male,Loyal Customer,55,Business Travel,Business,1642,1,1,1,1,5,5,5,1,2,4,3,5,5,3,173,224,TRUE
Female,Disloyal Customer,26,Business Travel,Eco,896,2,2,2,1,5,2,4,5,4,1,1,4,5,2.92,0,0,FALSE
Male,Disloyal Customer,59,Business Travel,Business,250,1,1,1,1,2,1,4,2,4,2,5,5,2,2.38,22,17,FALSE
Female,Loyal Customer,67,Personal Travel,Eco,290,3,4,3,3,3,4,4,2,2,3,1,3,4,3,0,0,FALSE
Male,Loyal Customer,42,Business Travel,Business,975,4,4,4,4,5,5,3,4,4,4,4,4,2,3.92,0,0,TRUE
Male,Disloyal Customer,35,Business Travel,Business,930,1,1,1,3,4,1,4,4,4,4,5,4,4,3.08,10,13,FALSE
Female,Loyal Customer,41,Personal Travel,Eco,349,2,4,2,3,4,2,4,4,4,3,4,3,4,3.31,7,9,FALSE
Male,Loyal Customer,58,Business Travel,Business,431,3,3,3,3,4,5,4,5,5,5,5,3,5,4.08,0,0,TRUE
Male,Loyal Customer,36,Personal Travel,Eco,1947,4,4,4,3,4,4,4,4,3,2,5,3,4,3.69,20,0,TRUE
Male,Loyal Customer,51,Business Travel,Business,689,2,2,2,2,2,5,5,4,4,4,4,4,5,3.46,0,0,TRUE
Male,Loyal Customer,31,Business Travel,Eco,253,5,3,3,3,5,5,5,5,2,1,2,1,5,3.46,0,0,TRUE
Male,Loyal Customer,45,Personal Travel,Eco Plus,458,4,4,4,2,3,4,3,3,3,5,5,4,3,3.62,0,13,FALSE
Male,Loyal Customer,63,Personal Travel,Business,67,2,5,2,3,2,5,4,3,3,2,3,3,5,3.23,61,65,FALSE
Male,Loyal Customer,47,Personal Travel,Eco,781,3,5,3,2,5,3,5,5,5,3,4,4,5,4,0,0,FALSE
Male,Loyal Customer,41,Business Travel,Business,2142,2,2,2,2,5,5,5,4,4,4,4,4,5,3.69,0,0,TRUE
Female,Loyal Customer,62,Personal Travel,Eco,1379,2,4,2,2,2,3,5,2,2,2,2,3,4,2.69,56,58,FALSE
Female,Disloyal Customer,36,Business Travel,Eco,767,2,2,2,3,4,2,4,4,5,1,5,3,4,3.15,24,19,FALSE
Female,Disloyal Customer,50,Business Travel,Eco Plus,203,4,5,5,5,5,4,5,5,5,3,1,2,5,4.15,0,0,TRUE
Female,Disloyal Customer,26,Business Travel,Business,423,2,0,2,1,3,2,3,3,5,2,4,4,3,2.62,0,5,FALSE
Female,Loyal Customer,54,Personal Travel,Eco Plus,684,1,1,1,4,5,3,3,4,4,1,4,1,3,2.69,26,29,FALSE
Male,Loyal Customer,26,Business Travel,Business,925,2,2,2,2,2,2,2,2,2,5,1,4,2,2.31,3,0,FALSE
Female,Loyal Customer,26,Business Travel,Eco,192,5,4,4,4,5,4,3,5,5,4,4,4,5,4.31,0,8,TRUE
Male,Loyal Customer,54,Business Travel,Business,2896,2,3,3,3,2,3,4,2,2,2,2,2,4,2.62,5,3,FALSE
Female,Loyal Customer,60,Business Travel,Business,2583,2,3,3,3,2,4,3,2,2,2,2,3,4,2.69,0,0,FALSE
Female,Loyal Customer,43,Business Travel,Business,944,5,5,5,5,4,4,5,3,3,3,3,3,3,3.92,0,0,TRUE
Female,Loyal Customer,53,Personal Travel,Eco,430,1,5,1,3,2,5,4,1,1,1,1,5,3,2.54,0,0,FALSE
Female,Loyal Customer,40,Business Travel,Business,448,4,4,4,4,5,4,4,5,5,5,5,3,5,4.38,0,0,TRUE
Female,Disloyal Customer,36,Business Travel,Eco,589,3,0,3,4,5,3,5,5,2,3,2,1,5,3.15,57,75,FALSE
Female,Loyal Customer,50,Personal Travel,Eco,946,3,4,3,4,2,3,4,1,1,3,1,2,3,2.62,19,24,FALSE
Male,Loyal Customer,63,Business Travel,Eco,358,1,4,4,4,1,1,1,1,4,1,3,4,1,2.31,0,0,FALSE
Female,Loyal Customer,19,Personal Travel,Business,422,2,0,2,2,3,2,3,3,3,2,4,5,3,2.62,0,0,FALSE
Male,Loyal Customer,59,Business Travel,Business,944,1,1,1,1,4,4,5,4,4,4,4,4,3,3.08,0,0,TRUE
Female,Loyal Customer,57,Business Travel,Business,679,5,5,5,5,5,5,4,5,5,5,5,3,3,4.62,2,0,TRUE
Male,Loyal Customer,39,Business Travel,Business,2436,1,2,2,2,4,4,3,1,1,1,1,4,2,2.15,0,13,FALSE
Male,Disloyal Customer,20,Business Travel,Eco,192,4,5,4,1,4,4,5,4,1,3,4,3,4,3.54,0,0,TRUE
Male,Loyal Customer,40,Business Travel,Business,1400,3,2,2,2,3,3,3,3,4,4,3,3,3,2.92,276,255,FALSE
Male,Loyal Customer,55,Business Travel,Business,934,4,4,4,4,4,5,4,5,5,5,5,5,5,4.54,0,0,TRUE
Male,Disloyal Customer,15,Business Travel,Eco,802,5,5,5,1,5,5,5,5,4,3,4,3,5,4.23,55,31,TRUE
Male,Loyal Customer,56,Personal Travel,Eco,1183,2,2,2,4,5,2,5,5,1,4,2,1,5,3.08,23,0,FALSE
Male,Loyal Customer,44,Business Travel,Business,3037,4,4,4,4,4,5,4,4,4,4,4,5,4,4.15,0,0,TRUE
Male,Loyal Customer,46,Business Travel,Eco Plus,1005,3,1,3,1,3,3,3,3,4,2,2,1,3,2.46,96,83,FALSE
Female,Loyal Customer,36,Personal Travel,Eco Plus,764,2,4,2,1,5,2,5,5,4,3,3,4,5,3.46,0,14,FALSE
Female,Loyal Customer,29,Business Travel,Business,919,3,2,3,3,4,4,4,4,4,4,4,3,4,3.54,0,0,TRUE
Female,Disloyal Customer,35,Business Travel,Business,1013,2,2,2,4,4,2,4,4,5,4,4,5,4,3.54,0,0,FALSE
Male,Loyal Customer,16,Personal Travel,Eco,308,3,5,3,2,5,3,5,5,5,2,4,1,5,3.69,12,21,FALSE
Male,Loyal Customer,40,Personal Travel,Eco Plus,733,4,2,5,2,2,5,1,2,4,5,1,3,2,2.92,0,0,FALSE
Male,Loyal Customer,48,Business Travel,Business,253,4,4,4,4,4,3,4,4,4,4,4,1,4,3.69,0,0,FALSE
Male,Loyal Customer,25,Personal Travel,Eco,991,2,1,2,4,4,2,4,4,1,1,4,4,4,2.85,0,0,FALSE
Male,Disloyal Customer,27,Business Travel,Eco Plus,187,2,2,2,3,3,2,3,3,2,5,4,5,3,3,3,2,FALSE
Male,Loyal Customer,57,Business Travel,Business,802,1,1,1,1,2,4,5,4,4,4,4,4,3,2.92,18,19,TRUE
Female,Loyal Customer,50,Personal Travel,Eco,563,3,5,3,3,3,3,2,5,5,3,3,4,4,3.54,0,0,FALSE
Male,Loyal Customer,18,Personal Travel,Eco,228,3,2,3,2,5,3,5,5,3,1,2,4,5,3.31,86,60,FALSE
Female,Loyal Customer,69,Personal Travel,Eco,404,4,2,1,3,3,4,3,2,2,1,2,4,3,2.62,2,0,FALSE
Male,Loyal Customer,48,Business Travel,Business,1346,3,5,5,5,5,4,4,3,3,3,3,2,1,3.54,0,0,FALSE
Male,Loyal Customer,45,Personal Travel,Eco,1120,4,1,5,3,5,5,5,5,2,1,4,4,5,3.77,0,0,FALSE
Female,Loyal Customer,48,Business Travel,Business,2269,3,3,1,3,3,4,5,3,3,4,3,4,3,3.23,0,0,TRUE
Male,Loyal Customer,59,Personal Travel,Eco,719,3,4,3,4,1,3,4,1,5,2,4,5,1,3.08,21,20,FALSE
Female,Loyal Customer,63,Personal Travel,Eco,551,4,3,4,3,2,3,3,3,3,4,5,3,4,3.38,0,0,FALSE
Male,Disloyal Customer,22,Business Travel,Business,366,2,1,2,2,5,2,5,5,2,1,2,3,5,2.85,26,22,FALSE
Male,Loyal Customer,30,Business Travel,Business,1197,4,4,4,4,5,5,5,5,4,2,5,3,5,4.23,0,0,TRUE
Female,Loyal Customer,44,Business Travel,Eco,191,2,4,4,4,3,1,3,2,2,2,2,3,1,2.54,1,0,TRUE
Female,Loyal Customer,29,Business Travel,Business,1025,4,4,5,4,4,4,4,4,5,5,4,3,4,4.15,0,0,TRUE
Male,Loyal Customer,58,Personal Travel,Eco,529,4,5,4,3,5,4,5,5,5,4,5,3,5,4.38,0,0,FALSE
Male,Disloyal Customer,42,Business Travel,Business,416,3,3,3,4,4,3,4,4,2,3,4,3,4,3.38,0,13,FALSE
Female,Loyal Customer,37,Business Travel,Business,2617,3,5,1,5,5,2,1,3,3,4,3,3,2,3.08,33,29,FALSE
Female,Disloyal Customer,58,Business Travel,Business,438,1,1,1,2,5,1,4,5,3,5,5,4,5,3.23,27,22,FALSE
Male,Loyal Customer,47,Business Travel,Business,3094,1,1,1,1,5,4,4,2,2,3,2,4,4,2.62,0,3,TRUE
Female,Loyal Customer,20,Personal Travel,Eco,222,2,5,0,1,2,0,2,2,4,2,2,2,2,2,44,33,FALSE
Male,Loyal Customer,41,Personal Travel,Eco,1144,2,2,2,4,5,2,5,5,2,4,4,4,5,3.54,0,0,FALSE
Male,Loyal Customer,48,Business Travel,Business,1981,5,5,5,5,3,5,4,5,5,5,5,5,5,4.77,0,0,TRUE
Male,Loyal Customer,28,Personal Travel,Eco Plus,813,3,2,3,4,3,3,3,3,2,3,3,4,3,3,0,0,FALSE
Female,Loyal Customer,50,Business Travel,Business,3966,2,2,2,2,3,2,2,4,4,4,5,3,5,3.08,0,0,TRUE
Female,Disloyal Customer,17,Business Travel,Eco,569,3,0,3,1,1,3,1,1,4,3,5,5,1,2.38,0,0,FALSE
Male,Disloyal Customer,9,Business Travel,Eco,551,5,0,5,3,1,5,1,1,4,2,4,5,1,2.85,0,0,TRUE
Female,Loyal Customer,23,Personal Travel,Eco,2402,0,5,1,4,1,1,1,1,5,5,4,3,1,2.46,0,0,TRUE
Female,Loyal Customer,29,Business Travel,Business,1399,4,4,4,4,4,4,4,4,4,5,4,5,4,4.15,0,3,TRUE
Male,Loyal Customer,44,Business Travel,Business,2867,4,4,4,4,4,4,4,5,5,5,4,3,4,4.15,0,0,TRUE
Male,Loyal Customer,27,Personal Travel,Eco,407,3,4,3,4,1,3,1,1,4,3,3,2,1,2.54,1,12,FALSE
Female,Loyal Customer,43,Business Travel,Business,3000,2,2,2,2,1,3,1,5,5,5,5,2,2,2.85,27,0,TRUE
Male,Loyal Customer,34,Personal Travel,Eco,1092,2,3,2,2,3,2,3,3,3,4,1,5,3,2.77,0,0,FALSE
Female,Loyal Customer,41,Personal Travel,Eco Plus,1788,3,5,3,5,5,4,4,3,3,3,3,4,4,3.77,25,12,FALSE
Female,Loyal Customer,29,Business Travel,Business,1800,2,2,2,2,4,4,4,4,5,5,4,4,4,3.54,19,11,TRUE
Female,Loyal Customer,45,Business Travel,Business,1895,5,5,5,5,4,4,5,5,5,5,5,4,5,4.77,69,89,TRUE
Female,Disloyal Customer,40,Business Travel,Business,328,2,3,3,1,3,3,3,3,4,2,4,4,3,2.92,0,3,FALSE
Female,Loyal Customer,33,Business Travel,Business,283,5,5,5,5,2,4,4,5,5,5,5,3,5,4.46,0,0,TRUE
Female,Loyal Customer,47,Personal Travel,Eco,2399,1,4,1,1,4,4,4,3,3,1,3,5,3,2.85,0,0,FALSE
Male,Disloyal Customer,38,Business Travel,Business,354,1,2,2,4,1,2,1,1,2,4,4,2,1,2.08,0,0,FALSE
Male,Loyal Customer,49,Business Travel,Business,3068,5,5,5,5,2,4,5,4,4,4,4,5,4,4.31,0,20,TRUE
Female,Disloyal Customer,43,Business Travel,Eco Plus,354,2,2,2,3,3,2,1,3,3,3,4,4,3,2.69,0,3,FALSE
Male,Loyal Customer,46,Business Travel,Eco Plus,525,3,1,1,1,3,3,3,3,2,2,3,2,3,2.31,0,0,FALSE
Female,Loyal Customer,60,Personal Travel,Eco,853,3,3,2,4,4,4,4,2,2,2,2,1,3,2.77,106,115,FALSE
Male,Loyal Customer,11,Personal Travel,Eco,316,1,2,3,3,2,3,2,2,3,1,3,1,2,2.15,14,10,FALSE
Male,Disloyal Customer,44,Business Travel,Eco,692,4,3,3,2,3,3,1,3,4,1,2,4,3,2.77,90,76,FALSE
Female,Loyal Customer,61,Personal Travel,Eco,685,4,4,4,2,2,5,4,2,2,4,2,4,3,3.23,38,33,FALSE
Male,Loyal Customer,51,Business Travel,Business,2607,3,4,4,4,3,4,3,3,3,3,3,1,2,3.08,0,0,FALSE
Female,Disloyal Customer,29,Business Travel,Business,726,3,3,3,3,2,3,2,2,5,2,5,4,2,3,0,0,FALSE
Male,Loyal Customer,50,Personal Travel,Eco Plus,581,3,4,3,4,4,3,4,4,4,3,2,2,4,3.38,0,0,FALSE
Female,Loyal Customer,34,Business Travel,Business,331,4,4,3,4,4,3,3,4,4,4,4,2,4,3.62,9,10,FALSE
Female,Loyal Customer,53,Personal Travel,Eco,158,0,5,0,4,3,4,5,2,2,0,2,3,5,2.69,0,0,TRUE
Male,Loyal Customer,56,Personal Travel,Eco,577,0,4,0,2,2,0,1,2,5,3,4,3,2,2.15,1,0,TRUE
Female,Loyal Customer,62,Business Travel,Business,2306,1,1,5,1,3,5,4,4,4,4,5,5,5,3.62,2,0,TRUE
Female,Loyal Customer,39,Business Travel,Business,1892,5,5,5,5,3,3,4,5,5,5,5,3,4,4.38,1,0,TRUE
Female,Loyal Customer,37,Personal Travel,Eco,421,4,4,4,3,1,4,1,1,2,3,4,2,1,2.62,3,0,FALSE
Female,Loyal Customer,10,Business Travel,Business,1586,2,5,5,5,2,2,2,2,3,2,3,2,2,2.85,0,24,FALSE
Female,Disloyal Customer,25,Business Travel,Business,992,1,5,1,3,3,1,3,3,5,4,4,5,3,3.15,0,0,FALSE
Male,Loyal Customer,36,Business Travel,Business,1646,2,2,2,2,4,4,4,4,4,4,4,3,5,3.38,0,5,TRUE
Female,Loyal Customer,43,Personal Travel,Eco,432,2,5,2,4,4,5,5,2,2,2,2,5,5,3.46,0,0,FALSE
Male,Loyal Customer,47,Personal Travel,Eco Plus,626,2,2,2,3,2,2,4,2,2,2,4,4,2,2.54,8,4,FALSE
Female,Loyal Customer,26,Business Travel,Business,1371,4,4,4,4,5,5,5,5,4,5,4,5,5,4.54,0,0,TRUE
Male,Loyal Customer,8,Personal Travel,Eco,528,1,4,1,3,3,1,3,3,4,2,4,4,3,2.77,68,53,FALSE
Female,Loyal Customer,48,Business Travel,Business,1925,2,2,2,2,3,1,1,5,5,5,5,2,4,3,0,0,TRUE
Female,Loyal Customer,23,Business Travel,Business,2123,1,4,2,4,1,1,1,1,1,1,4,4,1,2,4,0,FALSE
Male,Loyal Customer,49,Business Travel,Business,2928,1,3,3,3,3,3,4,1,1,1,1,3,3,2.31,1,25,FALSE
Female,Loyal Customer,56,Business Travel,Business,432,4,4,4,4,4,5,4,4,4,4,4,4,3,4,0,0,TRUE
Female,Loyal Customer,20,Personal Travel,Eco,675,3,4,3,2,3,3,3,3,3,2,5,5,3,3.23,0,0,FALSE
Male,Loyal Customer,29,Business Travel,Business,1727,2,2,2,2,5,5,5,5,3,2,5,3,5,3.54,8,0,TRUE
Male,Disloyal Customer,36,Business Travel,Eco,175,2,3,2,2,4,2,4,4,4,4,2,3,4,3.08,0,0,FALSE
Male,Loyal Customer,43,Business Travel,Eco,639,5,5,5,5,5,5,5,5,5,5,5,1,5,4.69,2,0,TRUE
Male,Loyal Customer,38,Business Travel,Business,190,0,5,0,4,5,3,3,3,3,3,3,2,5,3,0,0,TRUE
Female,Disloyal Customer,17,Business Travel,Eco Plus,964,2,2,2,4,2,2,2,2,2,4,3,4,2,2.54,50,49,FALSE
Female,Loyal Customer,7,Personal Travel,Eco,447,5,4,5,2,1,5,1,1,3,4,5,4,1,3.15,0,0,TRUE
Female,Loyal Customer,45,Business Travel,Business,2394,4,4,4,4,2,4,5,4,4,4,4,3,5,3.92,0,0,TRUE
Female,Loyal Customer,54,Business Travel,Business,1885,3,3,3,3,5,4,4,4,4,4,4,5,3,3.77,0,0,TRUE
Male,Loyal Customer,64,Personal Travel,Eco,2586,2,4,3,4,1,3,1,1,1,1,3,4,1,2.23,8,1,FALSE
Male,Loyal Customer,49,Business Travel,Business,1053,3,3,1,3,3,2,2,4,4,5,4,2,2,2.92,209,199,TRUE
Male,Loyal Customer,33,Business Travel,Business,1905,4,1,1,1,4,4,4,4,2,3,3,3,4,2.92,18,13,FALSE
Male,Loyal Customer,22,Personal Travel,Eco,554,1,5,1,2,5,1,5,5,3,1,1,1,5,2.77,6,0,FALSE
Female,Loyal Customer,38,Business Travel,Business,301,3,5,5,5,3,1,1,3,3,3,3,3,1,3,127,116,FALSE
Female,Loyal Customer,47,Business Travel,Business,202,0,5,0,3,4,3,1,4,4,4,4,3,2,2.85,23,26,TRUE
Male,Loyal Customer,38,Business Travel,Business,3150,5,5,5,5,3,4,5,3,3,3,3,4,3,3.92,0,0,TRUE
Male,Loyal Customer,56,Business Travel,Business,2960,0,1,1,3,5,5,4,5,5,5,5,4,5,3.69,0,10,TRUE
Female,Loyal Customer,12,Personal Travel,Eco,680,1,4,1,2,4,1,4,4,4,5,5,5,4,3.38,75,76,FALSE
Male,Disloyal Customer,20,Business Travel,Eco,829,4,4,4,4,1,4,3,1,5,5,5,3,1,3.38,2,0,TRUE
Female,Disloyal Customer,24,Business Travel,Eco,162,0,0,0,1,4,0,4,4,3,2,3,1,4,2,0,0,TRUE
Female,Loyal Customer,43,Personal Travel,Eco,689,4,5,4,3,3,4,4,2,2,4,2,4,5,3.54,0,6,FALSE
Female,Loyal Customer,14,Personal Travel,Eco,1024,2,5,2,2,3,2,3,3,5,4,4,2,3,3.08,0,0,FALSE
Male,Loyal Customer,61,Business Travel,Eco,321,3,4,4,4,3,3,3,3,3,3,4,2,3,3.23,0,0,FALSE
Female,Loyal Customer,67,Personal Travel,Eco,685,3,5,3,3,5,4,4,4,4,3,4,5,4,3.92,0,7,FALSE
Male,Loyal Customer,29,Business Travel,Business,335,2,2,2,2,5,5,5,5,5,5,5,3,5,3.92,1,0,TRUE
Male,Loyal Customer,17,Personal Travel,Eco,224,2,4,2,1,2,2,2,2,5,5,5,3,2,2.85,0,0,FALSE
Female,Loyal Customer,54,Business Travel,Business,3149,3,3,3,3,4,5,4,4,4,4,4,5,5,3.92,23,7,TRUE
Male,Loyal Customer,50,Personal Travel,Eco,413,3,1,3,2,2,3,2,2,2,3,1,1,2,2.08,42,55,FALSE
Female,Disloyal Customer,26,Business Travel,Eco,196,2,3,2,3,2,2,2,2,1,1,3,4,2,2.23,0,17,FALSE
Male,Disloyal Customer,25,Business Travel,Eco,2075,3,3,3,4,5,3,5,5,5,4,4,5,5,4.15,76,99,FALSE
Male,Disloyal Customer,37,Business Travel,Business,347,2,2,2,3,1,2,1,1,1,5,4,5,1,2.31,0,0,FALSE
Female,Loyal Customer,45,Business Travel,Business,2342,5,5,5,5,3,3,4,5,5,5,5,4,3,4.38,111,95,TRUE
Male,Loyal Customer,70,Personal Travel,Eco Plus,644,1,5,1,4,2,1,2,2,3,5,4,5,2,2.85,0,2,FALSE
Male,Disloyal Customer,26,Business Travel,Business,1607,2,2,2,1,1,2,4,1,3,4,4,3,1,2.31,13,28,FALSE
Female,Loyal Customer,16,Personal Travel,Eco,1547,5,1,5,2,1,5,4,1,3,1,1,1,1,2.38,0,0,TRUE
Male,Loyal Customer,49,Business Travel,Business,3231,3,3,3,3,5,5,5,5,5,5,5,3,5,4.23,12,0,TRUE
Female,Loyal Customer,64,Personal Travel,Business,581,4,4,3,4,5,4,4,2,2,3,2,4,5,3.54,0,0,TRUE
Male,Disloyal Customer,44,Business Travel,Eco,248,1,4,0,3,3,0,3,3,3,1,4,4,3,2.46,0,17,FALSE
Female,Loyal Customer,41,Business Travel,Business,3780,4,4,4,4,4,5,5,4,4,4,4,5,3,4.15,2,0,TRUE
Female,Loyal Customer,35,Business Travel,Eco,3365,3,5,5,5,2,3,3,2,3,3,4,3,3,3.38,0,3,FALSE
Female,Loyal Customer,51,Business Travel,Business,2338,4,4,2,4,2,4,2,4,4,4,4,1,4,3.31,0,0,TRUE
Female,Loyal Customer,9,Personal Travel,Eco,596,4,4,4,4,4,4,4,4,2,2,4,1,4,3.46,0,0,TRUE
Female,Loyal Customer,22,Business Travel,Business,3001,1,4,4,4,1,2,1,1,4,2,3,3,1,2.38,7,14,FALSE
Male,Loyal Customer,57,Business Travel,Business,3259,4,4,4,4,5,4,5,4,4,4,4,5,4,4.23,0,0,TRUE
Male,Loyal Customer,21,Personal Travel,Eco Plus,1189,2,4,2,2,5,2,5,5,5,3,4,4,5,3.69,0,0,FALSE
Male,Loyal Customer,44,Business Travel,Business,2189,1,1,1,1,5,4,5,4,4,4,4,5,4,3.31,2,0,TRUE
Male,Loyal Customer,61,Business Travel,Business,306,2,5,5,5,5,3,3,2,2,2,2,2,2,3.08,7,8,FALSE
Male,Loyal Customer,9,Personal Travel,Business,1542,4,5,4,3,5,4,5,5,3,4,3,4,5,4.15,0,0,FALSE
Female,Loyal Customer,49,Business Travel,Business,2510,4,4,4,4,2,5,5,2,2,2,2,4,5,3.46,0,0,TRUE
Male,Loyal Customer,40,Personal Travel,Eco,1726,4,4,4,1,4,4,4,4,3,4,4,4,4,3.69,0,4,TRUE
Female,Loyal Customer,44,Business Travel,Eco,307,1,3,3,3,2,3,4,1,1,1,1,3,3,2.23,61,55,FALSE
Male,Loyal Customer,49,Business Travel,Business,1313,3,3,3,3,3,5,4,4,4,4,4,5,4,3.77,15,4,TRUE
Male,Loyal Customer,47,Business Travel,Eco Plus,190,4,4,4,4,4,4,4,4,3,3,1,4,4,3.62,0,0,TRUE
Female,Loyal Customer,52,Business Travel,Eco,1046,5,1,1,1,5,4,4,1,4,3,2,4,4,3,138,130,TRUE
Female,Loyal Customer,56,Personal Travel,Eco,488,1,2,2,2,3,2,3,2,2,2,2,4,4,2.38,2,1,FALSE
Female,Disloyal Customer,42,Business Travel,Business,425,4,4,4,2,2,4,4,2,4,4,4,3,2,3.31,7,1,TRUE
Female,Loyal Customer,40,Business Travel,Eco,679,5,3,3,3,5,5,5,5,1,3,5,3,5,3.92,0,0,TRUE
Male,Loyal Customer,47,Business Travel,Business,337,2,5,5,5,1,1,2,2,2,2,2,1,3,2.54,29,21,FALSE
Female,Loyal Customer,44,Business Travel,Eco,561,2,2,4,2,5,1,1,2,2,2,2,1,3,2.23,15,29,FALSE
Female,Loyal Customer,47,Business Travel,Business,2647,1,1,1,1,3,5,4,4,4,5,4,4,4,3.15,0,0,TRUE
Male,Loyal Customer,38,Business Travel,Eco,299,3,4,2,2,3,4,3,3,5,2,3,3,3,3.08,49,61,TRUE
Male,Loyal Customer,30,Business Travel,Business,1916,3,3,3,3,4,4,4,4,3,5,4,4,4,3.69,12,55,TRUE
Male,Loyal Customer,54,Personal Travel,Eco,408,3,5,2,3,3,2,3,3,4,2,4,5,3,3.23,0,0,FALSE
Male,Loyal Customer,59,Business Travel,Business,2530,5,5,5,5,2,5,4,5,5,5,5,4,4,4.54,0,0,TRUE
Female,Loyal Customer,28,Personal Travel,Eco,2355,3,1,3,2,3,3,3,3,1,1,1,4,3,2.38,0,0,FALSE
Male,Loyal Customer,29,Personal Travel,Business,1144,1,4,1,3,3,1,3,3,4,1,3,3,3,2.54,0,0,FALSE
Female,Loyal Customer,35,Personal Travel,Eco,521,2,5,4,4,5,4,5,5,3,3,4,5,5,4.15,0,0,FALSE
Male,Loyal Customer,49,Personal Travel,Eco,153,1,5,1,3,3,1,3,3,5,2,4,4,3,2.92,0,0,FALSE
Male,Loyal Customer,21,Personal Travel,Eco,293,1,5,1,2,4,1,4,4,4,2,4,4,4,3.08,38,27,FALSE
Female,Loyal Customer,63,Business Travel,Business,628,3,5,5,5,2,3,4,3,3,3,3,3,3,3.46,11,0,FALSE
Male,Disloyal Customer,42,Business Travel,Business,359,2,2,2,2,5,2,5,5,3,1,5,5,5,3.38,0,0,TRUE
Female,Disloyal Customer,22,Business Travel,Eco,961,0,0,0,3,4,0,4,4,2,5,1,5,4,2.46,102,82,TRUE
Female,Loyal Customer,23,Business Travel,Business,2531,2,2,1,2,4,4,4,4,4,4,4,5,4,3.38,0,1,TRUE
Female,Loyal Customer,48,Business Travel,Business,383,1,1,1,1,2,4,5,4,4,5,4,5,4,3.15,0,0,TRUE
Male,Loyal Customer,38,Personal Travel,Eco,689,3,4,3,2,3,3,3,3,4,4,4,3,3,3.23,0,4,FALSE
Female,Loyal Customer,54,Business Travel,Business,359,3,3,3,3,3,5,4,5,5,5,5,4,3,3.92,9,10,TRUE
Female,Loyal Customer,58,Business Travel,Business,2556,2,2,4,2,4,3,4,5,5,5,5,4,3,3.69,38,0,TRUE
Male,Loyal Customer,32,Business Travel,Eco Plus,762,1,2,2,2,1,1,1,1,3,1,3,1,1,1.54,0,0,FALSE
Female,Loyal Customer,50,Business Travel,Business,3872,3,3,3,3,4,5,5,5,5,5,5,5,5,4.31,10,13,TRUE
Female,Loyal Customer,53,Personal Travel,Eco,403,2,4,2,1,4,5,5,5,5,2,5,3,5,3.69,67,78,FALSE
Female,Loyal Customer,38,Personal Travel,Eco,590,5,5,5,3,5,5,5,5,5,5,4,5,5,4.77,0,0,TRUE
Male,Loyal Customer,41,Business Travel,Business,395,4,4,4,4,3,4,4,5,5,5,5,3,5,4.23,8,8,TRUE
Female,Loyal Customer,20,Personal Travel,Eco,368,2,3,5,3,2,5,2,2,3,3,4,4,2,3.08,14,5,FALSE
Female,Loyal Customer,60,Business Travel,Business,1827,1,1,1,1,3,4,4,4,4,4,4,4,3,2.92,1,0,TRUE
Female,Disloyal Customer,28,Business Travel,Business,1797,4,4,4,3,3,4,3,3,4,4,3,3,3,3.46,0,0,FALSE
Female,Loyal Customer,56,Business Travel,Business,201,1,1,1,1,4,4,5,5,5,5,5,5,5,3.62,63,60,TRUE
Male,Loyal Customer,62,Business Travel,Business,2165,0,5,1,1,2,4,5,2,2,2,2,4,5,2.69,0,0,TRUE
Male,Loyal Customer,51,Business Travel,Eco,449,1,3,3,3,1,2,2,2,1,3,3,2,2,2.15,145,166,FALSE
Female,Loyal Customer,60,Business Travel,Business,2290,3,3,3,3,2,5,4,5,5,5,5,5,3,3.92,22,19,TRUE
Female,Disloyal Customer,30,Business Travel,Eco Plus,468,2,2,2,1,5,2,3,5,3,2,1,1,5,2.62,30,16,FALSE
Male,Loyal Customer,33,Business Travel,Business,2334,4,4,4,4,5,4,5,5,5,4,4,3,5,4.31,11,9,TRUE
Male,Loyal Customer,62,Business Travel,Business,2792,3,3,3,3,5,4,4,4,4,4,4,5,5,3.92,8,0,TRUE
Male,Loyal Customer,51,Personal Travel,Eco,1024,1,3,1,4,1,1,1,1,3,5,3,4,1,2.23,0,0,FALSE
Female,Loyal Customer,41,Business Travel,Business,2806,2,5,5,5,5,4,4,2,2,3,2,4,3,3.54,0,0,FALSE
Female,Loyal Customer,37,Business Travel,Business,288,3,4,4,4,3,3,3,3,3,3,3,1,4,3.15,10,0,FALSE
Female,Disloyal Customer,23,Business Travel,Eco,144,4,0,4,3,3,4,4,3,4,4,5,3,3,3.38,0,0,FALSE
Female,Loyal Customer,40,Business Travel,Business,3752,0,5,0,2,2,5,4,1,1,1,1,4,3,2.23,11,0,TRUE
Male,Loyal Customer,51,Business Travel,Business,1554,4,4,4,4,4,4,4,4,4,4,4,4,2,3.85,0,0,TRUE
Female,Disloyal Customer,29,Business Travel,Eco,230,1,0,1,5,2,1,2,2,3,1,3,1,2,1.85,0,0,FALSE
Female,Loyal Customer,70,Personal Travel,Eco,1235,3,5,2,4,4,2,2,5,5,2,5,1,5,3.46,84,70,FALSE
Male,Loyal Customer,49,Business Travel,Business,2092,5,5,3,5,3,1,5,4,4,4,4,4,5,4,0,0,TRUE
Male,Loyal Customer,30,Business Travel,Business,1372,5,5,5,5,4,4,4,4,3,2,4,4,4,4.08,0,0,TRUE
Female,Loyal Customer,31,Personal Travel,Eco,2300,1,5,1,3,1,1,1,4,2,5,4,1,1,2.31,0,0,FALSE
Male,Loyal Customer,33,Business Travel,Business,1870,4,4,4,4,5,5,5,5,4,4,3,1,5,4.08,11,4,TRUE
Male,Loyal Customer,53,Business Travel,Business,2623,3,3,3,3,4,4,4,5,5,5,5,5,4,4.08,0,0,TRUE
Male,Loyal Customer,22,Business Travel,Business,2943,3,1,1,1,3,3,3,3,2,2,4,1,3,2.31,0,2,FALSE
Female,Loyal Customer,27,Personal Travel,Eco,425,2,0,4,1,1,4,1,1,4,4,5,5,1,2.54,10,6,FALSE
Female,Loyal Customer,35,Business Travel,Business,1629,3,5,5,5,4,4,4,2,2,2,3,2,1,3.23,28,22,FALSE
Male,Loyal Customer,39,Business Travel,Business,345,2,2,2,2,5,5,4,5,5,4,5,3,5,3.77,11,1,TRUE
Female,Loyal Customer,51,Personal Travel,Eco,231,2,5,2,2,4,5,5,5,5,2,5,4,5,3.92,0,0,FALSE
Male,Loyal Customer,45,Business Travel,Eco,4243,3,1,1,1,3,3,3,1,2,1,2,3,3,2.08,4,19,FALSE
Male,Loyal Customer,36,Business Travel,Business,3595,3,4,4,4,1,3,4,3,3,3,3,1,2,2.92,0,0,FALSE
Female,Loyal Customer,69,Personal Travel,Eco,236,3,4,3,2,4,4,4,2,2,3,5,5,4,3.46,3,0,FALSE
Female,Loyal Customer,46,Business Travel,Business,3833,2,2,5,2,2,4,5,3,3,4,3,3,4,3.23,34,67,TRUE
Female,Loyal Customer,17,Personal Travel,Eco Plus,533,1,3,3,4,4,3,4,4,1,1,3,2,4,2.85,55,49,FALSE
Male,Disloyal Customer,27,Business Travel,Business,1035,1,1,1,3,1,1,1,1,3,2,5,4,1,1.92,0,0,FALSE
Male,Loyal Customer,39,Business Travel,Business,2633,4,4,4,4,5,5,5,4,4,4,4,5,5,4.38,4,8,TRUE
Male,Loyal Customer,49,Personal Travel,Eco,1069,3,4,3,1,4,3,4,4,5,2,5,3,4,3.46,0,0,FALSE
Male,Loyal Customer,68,Personal Travel,Eco,1037,4,5,4,5,1,4,1,1,4,3,5,5,1,3.31,0,0,FALSE
Female,Loyal Customer,41,Personal Travel,Eco,190,5,2,5,3,5,5,2,5,1,2,4,4,5,3.69,0,0,TRUE
Female,Loyal Customer,56,Business Travel,Business,2154,4,4,4,4,2,1,4,5,5,4,5,2,1,3.46,0,0,TRUE
Male,Loyal Customer,36,Business Travel,Eco Plus,139,1,1,5,1,1,1,1,3,4,3,4,1,1,2.08,165,194,FALSE
Male,Disloyal Customer,72,Business Travel,Business,1166,3,3,3,4,2,3,4,2,4,3,3,4,2,3.08,0,0,FALSE
Female,Loyal Customer,54,Personal Travel,Eco,411,2,5,2,5,2,5,5,4,4,2,4,5,3,3.69,26,13,FALSE
Male,Loyal Customer,43,Business Travel,Business,1856,5,5,5,5,5,5,5,3,3,3,3,3,3,4.08,0,0,TRUE
Female,Loyal Customer,39,Business Travel,Business,2917,1,1,2,1,4,4,4,4,3,4,5,4,4,3.15,45,28,TRUE
Female,Loyal Customer,27,Personal Travel,Eco,135,4,0,4,3,3,4,3,3,1,4,5,3,3,3.08,0,0,TRUE
Male,Loyal Customer,25,Business Travel,Business,3897,1,1,1,1,4,4,4,4,4,4,5,5,4,3.23,0,0,TRUE
Female,Loyal Customer,54,Business Travel,Eco,1491,3,1,4,1,2,4,3,3,3,3,3,4,3,2.85,0,0,FALSE
Female,Loyal Customer,41,Business Travel,Eco,835,4,5,5,5,4,4,4,4,1,5,1,5,4,3.92,78,69,TRUE
Male,Loyal Customer,46,Business Travel,Eco,1096,2,4,3,4,2,2,2,2,3,5,2,1,2,2.62,67,113,FALSE
Female,Loyal Customer,17,Personal Travel,Eco,2300,1,4,1,4,2,1,2,2,2,2,3,3,2,2.23,0,0,FALSE
Female,Loyal Customer,25,Business Travel,Eco,1068,2,4,1,4,2,2,2,2,4,2,4,4,2,2.69,0,19,FALSE
Male,Loyal Customer,51,Business Travel,Business,1689,1,1,1,1,3,4,4,4,4,4,4,5,3,3,0,0,TRUE
Female,Loyal Customer,48,Business Travel,Business,3256,5,5,5,5,2,1,3,2,2,2,2,5,3,3.23,0,0,TRUE
Female,Loyal Customer,15,Personal Travel,Eco,373,2,1,1,2,5,1,5,5,3,2,2,2,5,2.77,0,0,FALSE
Female,Loyal Customer,31,Business Travel,Business,102,0,3,0,4,5,5,5,5,5,1,2,3,5,3.31,0,0,TRUE
Male,Loyal Customer,65,Personal Travel,Eco,948,3,1,4,3,2,4,2,2,2,3,3,1,2,2.46,0,0,FALSE
Male,Loyal Customer,43,Business Travel,Business,2402,2,2,2,2,4,3,5,4,4,4,4,4,5,3.46,0,0,TRUE
Male,Loyal Customer,30,Business Travel,Business,2845,5,5,5,5,1,2,1,1,3,4,3,5,1,3.15,0,0,TRUE
Male,Loyal Customer,44,Business Travel,Business,2339,3,3,3,3,5,4,1,4,4,4,4,4,4,3.54,0,0,TRUE
Female,Loyal Customer,35,Business Travel,Eco,419,4,1,1,1,4,4,4,4,3,4,5,2,4,3.15,77,82,TRUE
Female,Loyal Customer,22,Business Travel,Eco,154,5,5,5,5,5,5,3,5,4,2,2,3,5,4.15,0,0,TRUE
Female,Loyal Customer,40,Personal Travel,Eco,190,1,5,1,2,2,1,2,2,5,2,4,3,2,2.46,0,0,FALSE
Female,Loyal Customer,56,Business Travel,Business,248,3,3,3,3,5,4,5,5,5,5,5,5,3,4.15,0,0,TRUE
Female,Loyal Customer,65,Personal Travel,Eco,679,4,4,4,3,3,4,5,2,2,4,1,5,4,3.46,0,0,FALSE
Male,Loyal Customer,50,Business Travel,Business,3776,2,3,3,3,1,3,3,2,2,2,2,2,1,2.23,0,0,FALSE
Male,Loyal Customer,33,Business Travel,Business,151,3,3,3,3,5,5,5,5,5,4,5,5,5,4.31,0,2,TRUE
Male,Loyal Customer,47,Business Travel,Business,417,2,3,3,3,3,4,3,2,2,3,2,1,3,2.62,0,0,FALSE
Male,Loyal Customer,42,Personal Travel,Eco,130,3,1,3,3,4,3,4,4,4,2,4,4,4,3.31,0,0,FALSE
Female,Loyal Customer,38,Business Travel,Business,1237,4,4,4,4,2,3,3,4,4,4,4,3,1,3.38,0,0,TRUE
Male,Loyal Customer,44,Business Travel,Business,2354,5,4,4,4,4,3,4,5,5,4,5,2,4,4.08,11,16,FALSE
Male,Loyal Customer,57,Personal Travel,Eco,472,5,3,5,1,2,5,2,2,2,2,1,3,2,2.69,0,0,TRUE
Male,Disloyal Customer,14,Business Travel,Eco,1084,1,1,1,4,5,1,1,5,4,1,4,1,5,2.62,0,0,FALSE
Female,Loyal Customer,50,Business Travel,Business,1955,4,4,4,4,2,5,4,4,4,4,4,5,4,4,0,0,TRUE
Male,Loyal Customer,40,Business Travel,Business,2169,4,4,4,4,4,4,4,5,5,5,5,5,4,4.38,4,0,TRUE
Male,Loyal Customer,25,Personal Travel,Business,738,4,5,3,2,1,3,1,1,4,3,5,3,1,2.77,10,10,TRUE
Male,Loyal Customer,26,Personal Travel,Eco,1195,2,5,3,3,2,3,2,2,4,4,5,4,2,3.15,0,0,FALSE
Female,Loyal Customer,60,Business Travel,Business,2611,4,4,4,4,3,5,4,4,4,5,4,5,3,4.08,64,46,TRUE
Female,Loyal Customer,29,Business Travel,Business,3268,3,3,3,3,4,4,4,4,4,4,4,4,4,3.69,9,0,TRUE
Female,Loyal Customer,42,Personal Travel,Eco,370,3,1,3,3,3,2,2,4,4,3,4,3,1,2.77,28,27,FALSE
Male,Loyal Customer,61,Personal Travel,Eco,850,3,4,3,4,4,3,4,4,2,1,4,2,4,3.23,0,0,FALSE
Female,Loyal Customer,64,Personal Travel,Eco,125,1,4,1,5,2,3,5,2,2,1,2,5,4,2.85,0,0,FALSE
Female,Loyal Customer,11,Personal Travel,Eco,663,3,1,3,3,2,3,2,2,2,3,2,2,2,2.31,0,0,FALSE
Male,Loyal Customer,34,Business Travel,Business,3080,5,5,4,5,3,4,5,5,5,5,5,5,4,4.62,8,0,TRUE
Female,Loyal Customer,20,Personal Travel,Eco,526,2,4,2,2,4,2,4,4,5,2,5,4,4,3.38,0,0,FALSE
Female,Loyal Customer,51,Business Travel,Business,3906,2,2,2,2,2,5,4,3,3,3,3,5,5,3.15,2,2,TRUE
Male,Loyal Customer,39,Business Travel,Business,3313,1,5,1,1,3,4,5,1,1,2,1,3,3,2.38,0,0,TRUE
Female,Loyal Customer,50,Business Travel,Business,1609,3,1,3,3,2,2,1,5,5,5,5,5,1,3.15,0,0,TRUE
Female,Loyal Customer,44,Business Travel,Business,3989,1,1,1,1,2,3,4,4,4,4,4,2,1,2.46,0,0,TRUE
Male,Loyal Customer,55,Personal Travel,Eco,300,3,4,3,1,5,3,5,5,5,4,5,4,5,4,5,0,FALSE
Female,Loyal Customer,36,Personal Travel,Eco,368,4,4,4,3,1,4,1,1,5,4,2,2,1,2.77,8,0,FALSE
Female,Disloyal Customer,21,Business Travel,Eco,669,2,3,2,4,1,2,1,1,4,3,4,3,1,2.38,6,6,FALSE
Female,Loyal Customer,45,Personal Travel,Eco,413,3,4,5,3,2,5,5,5,5,5,5,4,3,4.15,82,85,FALSE
Male,Loyal Customer,18,Personal Travel,Eco,2475,2,4,2,2,2,1,1,5,2,5,5,1,1,2.54,0,0,FALSE
Male,Loyal Customer,24,Personal Travel,Eco Plus,546,2,3,2,3,2,2,2,2,5,4,4,2,2,2.69,59,37,FALSE
Male,Loyal Customer,66,Business Travel,Business,513,4,4,4,4,1,2,5,4,4,4,4,4,2,3.54,13,0,TRUE
Female,Loyal Customer,32,Personal Travel,Eco,118,1,5,1,3,4,1,4,4,3,3,2,4,4,3,0,0,FALSE
Female,Disloyal Customer,27,Business Travel,Business,4963,0,0,0,3,0,5,2,5,2,4,5,2,2,2.31,0,0,TRUE
Male,Loyal Customer,54,Business Travel,Business,3000,2,2,2,2,2,4,4,5,5,5,5,3,3,3.38,16,4,TRUE
Male,Loyal Customer,18,Personal Travel,Eco,691,3,4,3,2,4,3,4,4,3,2,4,4,4,3.38,0,0,FALSE
Male,Loyal Customer,31,Business Travel,Business,1506,3,3,3,3,3,3,3,3,4,4,5,4,3,3.38,6,0,TRUE
Male,Loyal Customer,44,Personal Travel,Eco,439,4,4,3,2,3,3,3,3,3,4,4,5,3,3.38,0,0,TRUE
Female,Disloyal Customer,46,Business Travel,Eco,399,2,4,2,4,2,2,2,2,3,3,3,2,2,2.54,41,64,FALSE
Female,Loyal Customer,40,Business Travel,Business,2023,5,5,5,5,5,5,4,4,4,4,4,4,5,4.54,0,0,TRUE
Female,Disloyal Customer,23,Business Travel,Eco,366,2,3,2,4,5,2,5,5,3,5,3,2,5,3.54,0,0,FALSE
Female,Loyal Customer,46,Business Travel,Business,432,5,5,5,5,5,5,5,2,2,2,2,5,4,4,55,48,TRUE
Female,Loyal Customer,44,Business Travel,Business,1915,2,2,2,2,2,4,5,5,5,5,5,5,4,3.69,0,0,TRUE
Male,Disloyal Customer,47,Business Travel,Eco Plus,441,3,4,4,3,5,3,1,5,1,1,3,3,5,3.15,0,0,FALSE
Male,Loyal Customer,18,Personal Travel,Eco,694,3,5,3,3,4,3,4,4,5,2,4,5,4,3.77,0,9,FALSE
Male,Loyal Customer,46,Business Travel,Business,2086,1,1,1,1,2,4,4,5,5,4,5,3,3,3,0,0,TRUE
Male,Loyal Customer,44,Business Travel,Business,321,2,2,2,2,4,3,3,5,5,5,5,4,1,3.31,7,1,TRUE
Female,Loyal Customer,44,Personal Travel,Eco Plus,2172,4,4,3,3,3,4,5,2,2,3,2,3,3,3.15,0,0,TRUE
Female,Loyal Customer,16,Personal Travel,Eco,616,2,4,2,4,2,2,1,2,5,4,2,3,2,2.69,25,20,FALSE
Male,Loyal Customer,64,Personal Travel,Eco Plus,1066,2,4,2,2,4,2,4,4,5,3,4,3,4,3.31,15,3,FALSE
Female,Loyal Customer,32,Business Travel,Business,3821,3,3,4,3,3,3,3,3,2,1,4,2,3,2.85,0,23,FALSE
Male,Loyal Customer,31,Business Travel,Business,2454,3,3,3,3,4,3,4,4,5,5,4,4,4,3.77,12,18,TRUE
Female,Loyal Customer,57,Business Travel,Business,1665,2,2,4,2,4,4,4,5,5,5,5,5,5,4,22,14,TRUE
Male,Disloyal Customer,7,Business Travel,Eco,631,0,0,0,2,3,0,3,3,5,4,4,5,3,2.46,0,0,TRUE
Female,Loyal Customer,67,Business Travel,Eco Plus,846,2,5,5,5,5,4,3,2,2,2,2,3,1,3.15,64,67,FALSE
Male,Loyal Customer,28,Business Travel,Business,1532,4,4,4,4,3,4,3,3,5,2,5,4,3,3.69,0,0,TRUE
Female,Loyal Customer,46,Business Travel,Business,1686,2,5,5,5,1,3,3,2,2,2,2,4,4,3.08,5,1,FALSE
Female,Loyal Customer,50,Business Travel,Business,3804,5,5,5,5,3,4,4,5,5,5,5,5,3,4.54,0,0,TRUE
Male,Loyal Customer,57,Business Travel,Eco,845,5,2,2,2,5,5,5,5,2,3,5,4,5,3.85,0,0,TRUE
Female,Loyal Customer,59,Business Travel,Eco,139,3,2,3,3,3,4,3,3,3,3,3,1,4,2.92,0,8,FALSE
Female,Loyal Customer,58,Business Travel,Business,1797,1,1,1,1,5,4,3,1,1,1,1,1,1,1.69,0,1,FALSE
Male,Loyal Customer,55,Business Travel,Business,2730,5,5,1,5,4,5,4,5,5,4,5,5,4,4.38,22,15,TRUE
Male,Loyal Customer,50,Personal Travel,Eco,230,1,4,1,5,2,1,2,2,3,4,5,4,2,2.77,0,0,FALSE
Female,Loyal Customer,24,Business Travel,Business,3712,2,5,5,5,2,2,2,2,3,5,4,2,2,3.15,1,0,FALSE
Male,Loyal Customer,39,Personal Travel,Eco,383,2,2,5,3,5,3,3,3,4,4,3,3,3,3.31,110,157,FALSE
Female,Loyal Customer,50,Business Travel,Business,432,4,4,4,4,3,5,5,3,3,3,3,4,4,3.77,4,10,TRUE
Male,Loyal Customer,60,Personal Travel,Eco,500,4,5,3,3,5,3,5,5,5,3,5,5,5,4.31,0,8,FALSE
Female,Loyal Customer,52,Personal Travel,Eco,495,2,3,2,3,1,4,4,1,1,2,1,1,3,2.15,14,0,FALSE
Male,Disloyal Customer,54,Business Travel,Eco,1357,1,1,1,3,1,1,1,1,2,3,2,1,1,1.46,0,31,FALSE
Female,Loyal Customer,41,Business Travel,Business,461,3,3,3,3,4,1,1,5,5,5,5,3,3,3.38,33,27,TRUE
Female,Disloyal Customer,39,Business Travel,Business,907,5,5,5,2,4,5,4,4,3,3,5,5,4,4.15,0,0,TRUE
Male,Loyal Customer,36,Business Travel,Eco,468,4,3,3,3,4,4,4,4,1,5,3,2,4,3.38,0,80,FALSE
Male,Loyal Customer,63,Business Travel,Business,134,3,5,5,5,5,3,4,2,2,3,3,1,1,3.23,0,0,FALSE
Female,Loyal Customer,48,Business Travel,Business,2716,1,4,4,4,2,4,4,1,1,1,1,4,1,2.46,28,27,FALSE
Male,Loyal Customer,7,Personal Travel,Eco,416,2,3,3,3,4,3,4,4,2,2,4,1,4,3,26,16,FALSE
Male,Loyal Customer,24,Business Travel,Business,2182,3,3,3,3,4,4,4,4,4,3,5,4,4,3.69,0,0,TRUE
Male,Loyal Customer,13,Personal Travel,Eco Plus,871,3,3,2,4,1,2,1,1,4,5,3,4,1,2.62,0,0,FALSE
Female,Disloyal Customer,64,Business Travel,Business,280,5,5,5,5,4,5,3,4,3,5,5,4,4,4.38,0,0,TRUE
Female,Loyal Customer,33,Personal Travel,Eco,273,2,4,5,4,2,5,2,2,4,3,4,3,2,3.23,0,0,FALSE
Male,Loyal Customer,38,Business Travel,Business,2948,0,4,0,5,2,4,2,5,5,5,5,3,1,3.15,0,0,TRUE
Female,Disloyal Customer,23,Business Travel,Eco,1258,1,1,1,3,1,1,1,1,5,4,1,1,1,1.69,0,0,FALSE
Female,Loyal Customer,42,Personal Travel,Eco,268,3,2,3,3,5,4,3,2,2,3,2,1,4,2.85,13,10,FALSE
Female,Disloyal Customer,21,Business Travel,Eco,594,4,2,4,3,2,4,2,2,2,5,3,2,2,2.85,24,18,FALSE
Male,Loyal Customer,40,Personal Travel,Eco,728,4,3,3,4,1,3,4,1,1,1,3,4,1,2.54,0,0,FALSE
Male,Loyal Customer,48,Personal Travel,Eco,163,2,5,0,3,1,0,1,1,4,3,4,5,1,2.31,0,0,FALSE
Male,Loyal Customer,52,Business Travel,Eco,305,3,5,5,5,4,3,4,4,4,2,3,2,4,3.69,0,0,FALSE
Female,Loyal Customer,36,Business Travel,Business,1235,5,5,5,5,4,5,4,5,5,5,5,4,3,4.62,0,1,TRUE
Female,Loyal Customer,68,Business Travel,Business,583,5,2,4,2,3,4,4,5,5,4,5,3,2,3.69,11,0,FALSE
Male,Loyal Customer,66,Personal Travel,Eco,669,2,4,2,2,1,2,1,1,3,2,4,4,1,2.23,26,19,FALSE
Male,Loyal Customer,47,Business Travel,Business,2624,3,3,3,3,4,4,5,4,4,4,4,3,5,3.77,0,0,TRUE
Female,Loyal Customer,40,Business Travel,Business,2807,4,4,4,4,3,4,5,4,4,4,4,4,5,4.08,28,50,TRUE
Female,Loyal Customer,22,Business Travel,Business,2453,1,1,4,1,3,3,3,3,3,4,1,1,3,2.38,0,0,TRUE
Male,Loyal Customer,44,Business Travel,Business,1972,4,4,1,4,4,4,4,5,3,4,5,4,4,3.85,122,219,TRUE
Female,Disloyal Customer,27,Business Travel,Eco,414,3,4,3,4,5,3,3,5,3,4,3,3,5,3.69,1,6,FALSE
Male,Loyal Customer,64,Business Travel,Eco,258,4,1,1,1,4,4,4,4,1,3,3,1,4,2.69,7,1,FALSE
Male,Loyal Customer,50,Business Travel,Business,67,4,4,4,4,2,4,5,5,5,5,5,4,5,4.31,0,0,TRUE
Female,Loyal Customer,49,Personal Travel,Eco,1005,2,5,2,4,5,4,4,3,3,2,3,3,3,3.31,0,0,FALSE
Male,Loyal Customer,53,Business Travel,Business,462,1,3,3,3,5,2,3,1,1,1,1,3,2,2.23,13,8,FALSE
Male,Loyal Customer,30,Business Travel,Business,3982,1,1,1,1,5,5,5,5,1,1,2,2,5,2.69,0,0,TRUE
Female,Loyal Customer,56,Business Travel,Business,3386,0,5,0,2,3,5,5,1,1,1,1,4,5,2.54,0,2,TRUE
Female,Loyal Customer,35,Business Travel,Business,2075,4,4,4,4,2,5,4,5,5,5,5,5,3,4.23,0,0,TRUE
Male,Loyal Customer,16,Personal Travel,Eco,340,1,5,1,2,5,1,5,5,3,5,4,3,5,3.46,0,0,FALSE
Female,Loyal Customer,11,Personal Travel,Eco,259,1,4,0,2,5,0,5,5,4,4,3,3,5,3.15,0,32,FALSE
Female,Loyal Customer,43,Business Travel,Business,2471,3,4,1,4,3,3,4,3,3,3,3,3,2,3,0,0,FALSE
Male,Loyal Customer,22,Personal Travel,Eco,479,2,2,2,4,4,2,4,4,1,4,3,3,4,3,92,79,FALSE
Female,Loyal Customer,52,Business Travel,Business,1585,2,2,2,2,4,4,5,5,5,5,5,5,5,3.92,105,97,TRUE
Male,Disloyal Customer,30,Business Travel,Eco,757,2,1,1,4,3,1,3,3,2,4,4,4,3,2.69,13,22,FALSE
Female,Loyal Customer,52,Business Travel,Eco,590,4,3,2,3,1,3,3,3,3,4,3,1,2,2.69,24,29,FALSE
Female,Loyal Customer,64,Personal Travel,Eco,1504,4,5,4,3,2,4,4,5,5,4,5,4,3,4,0,0,TRUE
Female,Loyal Customer,52,Business Travel,Business,479,2,2,2,2,5,4,4,4,4,4,4,3,5,3.46,36,28,TRUE
Male,Loyal Customer,64,Personal Travel,Eco,1023,1,3,1,5,1,1,3,1,5,3,2,4,1,2.38,4,0,FALSE
Female,Disloyal Customer,23,Business Travel,Business,1389,5,5,4,4,3,4,3,3,3,3,4,5,3,3.77,3,0,TRUE
Male,Loyal Customer,9,Business Travel,Business,1852,2,1,1,1,2,3,2,2,3,2,4,3,2,2.15,0,0,FALSE
Male,Disloyal Customer,44,Business Travel,Business,667,3,3,3,2,4,3,4,4,2,3,3,4,4,3.23,0,0,FALSE
Female,Disloyal Customer,35,Business Travel,Eco,1041,3,3,3,4,2,3,2,2,1,2,3,2,2,2.46,0,16,FALSE
Male,Loyal Customer,34,Personal Travel,Eco,986,1,1,1,4,3,1,3,3,2,3,3,1,3,2.23,16,10,FALSE
Male,Loyal Customer,41,Personal Travel,Eco,157,4,4,4,2,4,4,3,4,4,2,4,4,4,3.62,0,0,TRUE
Female,Loyal Customer,61,Business Travel,Eco,942,4,5,5,5,2,4,3,4,4,4,4,1,2,3.62,0,1,TRUE
Female,Disloyal Customer,50,Business Travel,Eco Plus,102,3,3,3,1,4,3,4,4,5,3,1,1,4,3,0,0,FALSE
Female,Loyal Customer,26,Business Travel,Business,1976,1,1,3,1,2,2,2,5,1,5,2,2,2,2.23,134,119,TRUE
Male,Loyal Customer,39,Personal Travel,Eco,237,2,5,2,2,3,2,3,3,3,5,4,5,3,3.23,0,13,FALSE
Male,Disloyal Customer,49,Business Travel,Business,247,3,3,3,4,5,3,5,5,4,5,4,3,5,4,0,0,FALSE
Female,Loyal Customer,42,Business Travel,Business,3543,1,1,1,1,4,5,4,4,4,4,4,5,3,3.15,0,5,TRUE
Male,Disloyal Customer,20,Business Travel,Eco,461,2,0,2,3,4,2,4,4,3,5,1,4,4,2.92,95,93,FALSE
Female,Loyal Customer,28,Personal Travel,Eco,451,5,4,5,5,5,5,5,5,5,4,5,5,5,4.85,0,0,TRUE
Male,Loyal Customer,30,Business Travel,Business,679,4,2,2,2,4,4,4,4,1,3,2,1,4,2.85,0,0,FALSE
Female,Loyal Customer,12,Personal Travel,Eco Plus,290,5,5,5,3,5,5,5,5,3,2,5,3,5,4.31,0,0,TRUE
Female,Disloyal Customer,29,Business Travel,Business,1046,3,3,3,3,2,3,2,2,2,4,4,3,2,2.77,0,0,FALSE
Female,Loyal Customer,53,Business Travel,Eco,229,4,1,2,2,4,3,1,4,4,4,4,4,3,3.08,2,0,TRUE
Female,Loyal Customer,38,Business Travel,Eco,489,5,4,1,1,5,5,5,5,5,2,1,2,5,3.54,0,23,TRUE
Female,Loyal Customer,45,Business Travel,Business,2465,3,3,3,3,4,4,4,5,5,5,5,3,3,3.85,8,0,TRUE
Male,Disloyal Customer,62,Business Travel,Business,89,3,3,3,3,4,3,4,4,1,2,3,1,4,2.92,13,9,FALSE
Male,Disloyal Customer,19,Business Travel,Eco,402,1,1,1,3,4,1,4,4,3,1,4,4,4,2.69,20,16,FALSE
Male,Loyal Customer,24,Personal Travel,Eco,1127,1,4,1,2,4,1,4,4,3,3,5,3,4,3,0,0,FALSE
Male,Loyal Customer,28,Business Travel,Business,3675,4,4,4,4,5,5,5,5,4,4,4,4,5,4.38,0,0,TRUE
Female,Disloyal Customer,24,Business Travel,Business,1042,0,0,0,2,1,0,1,1,1,4,4,1,1,1.23,0,0,TRUE
Female,Loyal Customer,24,Personal Travel,Eco,1117,3,5,4,2,4,4,4,4,3,4,4,4,4,3.77,0,0,FALSE
Male,Loyal Customer,50,Business Travel,Business,612,3,2,2,2,5,4,3,3,3,3,3,4,2,3,0,0,FALSE
Male,Loyal Customer,48,Business Travel,Business,3417,2,5,4,5,2,3,4,2,2,2,2,2,4,3,1,8,FALSE
Female,Loyal Customer,80,Business Travel,Business,3826,4,3,3,3,2,4,4,4,4,4,4,3,1,3.31,0,0,FALSE
Female,Loyal Customer,49,Business Travel,Eco,629,5,3,2,3,1,4,2,5,5,5,5,5,2,3.62,0,0,TRUE
Male,Loyal Customer,52,Business Travel,Business,1521,1,1,1,1,2,4,4,5,5,5,5,4,3,3.15,21,15,TRUE
Male,Loyal Customer,54,Business Travel,Business,3389,4,2,5,2,2,4,4,4,4,4,4,3,3,3.46,32,40,FALSE
Male,Disloyal Customer,23,Business Travel,Business,1344,5,0,5,3,5,5,5,5,3,5,5,4,5,4.23,14,1,TRUE
Male,Loyal Customer,52,Personal Travel,Eco,868,4,1,4,4,5,4,1,5,4,2,4,1,5,3.38,0,0,FALSE
Male,Loyal Customer,33,Business Travel,Business,1771,1,1,1,1,1,1,1,1,4,2,3,3,1,1.62,0,11,FALSE
Female,Loyal Customer,46,Business Travel,Business,2915,0,5,0,5,3,4,5,1,1,1,1,4,3,2.54,0,0,TRUE
Male,Disloyal Customer,22,Business Travel,Eco,404,4,1,3,5,2,3,3,2,2,4,3,5,2,3,108,111,TRUE
Female,Loyal Customer,47,Personal Travel,Eco,296,3,3,3,5,2,5,2,2,2,3,2,5,3,3.08,0,0,FALSE
Female,Loyal Customer,39,Business Travel,Business,674,3,3,3,3,2,5,5,4,4,4,4,4,3,3.62,30,19,TRUE
Female,Loyal Customer,39,Business Travel,Business,3307,1,1,3,1,5,4,5,5,5,5,5,4,5,3.77,16,21,TRUE
Male,Loyal Customer,31,Business Travel,Business,3044,2,2,2,2,5,5,5,5,3,5,5,5,5,3.92,9,8,TRUE
Male,Disloyal Customer,23,Business Travel,Business,1090,5,1,5,3,1,5,1,1,5,4,4,4,1,3.08,19,6,TRUE
Female,Disloyal Customer,59,Business Travel,Eco,1106,4,4,4,4,5,4,5,5,1,2,4,3,5,3.85,89,95,FALSE
Female,Loyal Customer,39,Personal Travel,Eco,479,1,5,1,3,2,1,1,2,3,4,2,5,2,2.46,20,24,FALSE
Male,Loyal Customer,60,Business Travel,Business,1846,4,4,4,4,3,4,4,5,5,5,5,3,5,4.23,0,0,TRUE
Male,Loyal Customer,23,Business Travel,Business,2401,2,2,2,2,4,4,4,4,5,4,4,5,4,3.54,14,27,TRUE
Female,Disloyal Customer,20,Business Travel,Business,1208,5,0,5,3,5,4,4,5,3,5,4,4,4,3.92,322,299,TRUE
Female,Disloyal Customer,13,Business Travel,Eco,669,4,2,4,4,2,4,2,2,1,4,3,3,2,2.85,0,0,FALSE
Female,Disloyal Customer,25,Business Travel,Business,365,1,5,1,4,1,1,1,1,4,3,5,3,1,2.38,1,0,FALSE
Female,Loyal Customer,56,Personal Travel,Eco,899,1,5,1,5,2,5,5,2,2,1,2,4,5,3.08,0,8,FALSE
Male,Loyal Customer,25,Business Travel,Business,1818,5,5,5,5,4,4,4,4,4,3,5,3,4,4.23,5,0,TRUE
Female,Loyal Customer,42,Business Travel,Business,1532,1,1,1,1,2,4,5,5,5,5,5,5,3,3.31,6,1,TRUE
Male,Loyal Customer,36,Business Travel,Eco,370,3,2,2,2,3,3,3,3,2,5,3,2,3,2.77,0,0,FALSE
Male,Loyal Customer,63,Business Travel,Business,2288,3,2,2,2,1,3,2,3,3,3,3,2,2,2.38,15,7,FALSE
Female,Loyal Customer,60,Personal Travel,Eco,192,3,4,0,3,3,4,4,2,2,0,2,3,5,2.69,0,2,FALSE
Male,Disloyal Customer,34,Business Travel,Eco,986,3,3,3,3,3,3,3,3,4,4,3,1,3,3,36,32,FALSE
Female,Loyal Customer,33,Personal Travel,Eco,320,4,5,4,1,2,4,2,2,1,3,1,1,2,2.46,0,0,TRUE
Female,Loyal Customer,44,Personal Travel,Eco,2454,4,5,4,4,5,3,4,2,2,4,2,3,4,3.54,0,0,FALSE
Male,Loyal Customer,35,Personal Travel,Eco,402,3,5,3,3,4,3,4,4,4,4,5,4,4,3.85,0,0,FALSE
Male,Loyal Customer,25,Business Travel,Business,3933,1,1,1,1,5,5,5,5,5,5,5,3,5,3.62,7,4,TRUE
Male,Loyal Customer,38,Business Travel,Eco Plus,216,5,5,5,5,5,5,5,5,2,4,3,1,5,4.23,0,0,TRUE
Female,Loyal Customer,46,Business Travel,Business,3109,5,5,5,5,5,5,4,4,4,4,4,5,5,4.62,0,0,TRUE
Female,Loyal Customer,44,Business Travel,Eco,282,5,3,2,3,1,4,1,5,5,5,5,4,2,3.46,0,0,TRUE
Male,Loyal Customer,25,Personal Travel,Eco,369,1,4,1,2,3,1,5,3,4,2,1,3,3,2.54,0,0,FALSE
Female,Loyal Customer,22,Personal Travel,Eco Plus,328,2,5,2,2,3,2,2,3,2,3,4,2,3,2.69,6,20,FALSE
Female,Loyal Customer,51,Personal Travel,Eco,383,3,4,3,1,3,5,4,4,4,3,4,5,3,3.54,71,50,FALSE
Female,Loyal Customer,48,Business Travel,Business,3321,4,4,4,4,1,2,3,4,4,4,4,4,3,3.46,0,0,TRUE
Female,Loyal Customer,52,Personal Travel,Eco,991,2,3,2,4,5,5,3,4,4,2,4,2,3,3.31,11,1,FALSE
Female,Loyal Customer,57,Personal Travel,Eco,1514,1,2,1,2,4,3,3,5,5,1,5,3,2,2.85,0,4,FALSE
Female,Loyal Customer,26,Personal Travel,Eco Plus,1444,1,5,1,5,3,1,1,3,3,2,3,5,3,2.77,0,0,FALSE
Female,Loyal Customer,47,Personal Travel,Business,1076,1,5,2,2,4,5,5,1,1,2,1,5,4,2.92,0,0,FALSE
Female,Loyal Customer,19,Personal Travel,Eco,500,3,4,3,2,4,3,4,4,4,4,4,5,4,3.69,0,0,FALSE
Female,Loyal Customer,32,Personal Travel,Eco,859,3,4,3,1,3,3,3,3,5,5,5,4,3,3.46,76,70,FALSE
Female,Loyal Customer,22,Personal Travel,Eco,964,1,5,1,4,2,1,2,2,5,5,5,5,2,3.08,0,0,FALSE
Female,Loyal Customer,45,Personal Travel,Business,287,1,1,1,1,4,2,1,3,3,1,3,2,2,1.92,31,45,FALSE
Female,Loyal Customer,18,Personal Travel,Eco Plus,1065,3,5,3,1,3,3,3,3,3,4,5,5,3,3.38,0,2,FALSE
Male,Loyal Customer,49,Business Travel,Business,432,2,2,2,2,2,4,4,5,5,5,5,4,3,3.46,0,4,TRUE
Female,Loyal Customer,18,Personal Travel,Eco Plus,317,4,2,4,3,3,4,3,3,2,2,3,1,3,2.85,68,85,FALSE
Male,Loyal Customer,58,Business Travel,Business,2210,2,2,4,2,2,4,4,5,5,5,5,4,4,3.69,6,0,TRUE
Male,Disloyal Customer,23,Business Travel,Eco,372,4,0,4,5,1,4,1,1,5,1,2,5,1,2.62,0,0,TRUE
Female,Loyal Customer,32,Business Travel,Eco,525,0,0,0,1,5,0,2,5,2,5,2,2,5,2.23,0,0,TRUE
Male,Loyal Customer,52,Business Travel,Business,1452,3,3,3,3,3,4,5,2,2,2,2,5,3,3.08,14,33,TRUE
Female,Loyal Customer,16,Personal Travel,Eco,919,2,5,1,1,2,1,2,2,4,2,5,4,2,2.54,62,66,FALSE
Female,Loyal Customer,57,Business Travel,Business,2688,4,4,4,4,3,1,2,4,4,4,4,2,4,3.38,1,,FALSE
Female,Loyal Customer,53,Business Travel,Business,1598,3,4,4,4,2,4,4,3,3,3,3,3,1,3.15,0,0,FALSE
Male,Loyal Customer,7,Personal Travel,Eco,116,4,2,4,4,1,4,1,1,4,4,4,4,1,2.92,0,8,FALSE
Female,Loyal Customer,70,Personal Travel,Eco,1164,3,5,3,1,4,3,5,4,4,3,2,4,3,3.38,1,0,FALSE
Male,Loyal Customer,54,Business Travel,Business,597,4,4,4,4,2,5,5,4,4,4,4,5,4,4.08,0,0,TRUE
Male,Loyal Customer,39,Business Travel,Business,3815,1,1,1,1,2,4,4,5,5,5,5,5,4,3.31,0,0,TRUE
Male,Loyal Customer,40,Business Travel,Business,3572,1,1,1,1,5,4,4,4,4,4,4,5,3,3.15,0,0,TRUE
Male,Loyal Customer,11,Personal Travel,Eco,349,3,3,3,3,5,3,5,5,3,2,3,4,5,3.62,69,114,FALSE
Male,Loyal Customer,20,Business Travel,Business,491,3,4,4,4,3,3,3,3,3,5,4,1,3,3.31,40,23,FALSE
Female,Loyal Customer,20,Personal Travel,Eco,382,5,5,5,3,4,5,4,4,3,3,4,4,4,4.08,0,0,TRUE
Male,Loyal Customer,28,Business Travel,Eco,872,5,1,1,1,5,5,5,5,4,5,3,3,5,3.69,0,0,TRUE
Female,Loyal Customer,11,Personal Travel,Eco,1956,4,3,4,4,2,4,2,2,4,3,4,1,2,3,11,0,TRUE
Female,Loyal Customer,20,Personal Travel,Eco,337,1,4,1,3,2,1,3,2,5,5,4,5,2,2.92,0,0,FALSE
Female,Disloyal Customer,25,Business Travel,Eco,1014,1,1,1,2,3,1,3,3,5,3,5,4,3,2.69,0,2,FALSE
Male,Loyal Customer,48,Business Travel,Business,1967,3,3,3,3,3,4,4,5,5,5,5,3,4,3.85,2,7,TRUE
Female,Loyal Customer,21,Personal Travel,Business,590,2,4,2,4,4,2,4,4,4,2,3,3,4,3.23,0,13,FALSE
Male,Loyal Customer,53,Business Travel,Business,570,1,1,5,1,2,4,5,4,4,4,4,5,4,3.38,5,4,TRUE
Female,Loyal Customer,33,Business Travel,Eco,174,4,3,3,3,4,4,4,4,4,5,2,5,4,3.77,4,5,TRUE
Female,Loyal Customer,65,Business Travel,Eco,868,3,4,4,4,4,2,2,3,3,3,3,1,1,2.85,16,6,FALSE
Female,Disloyal Customer,41,Business Travel,Eco,1205,1,1,1,3,1,1,5,1,2,3,3,3,1,2,0,1,FALSE
Male,Loyal Customer,66,Personal Travel,Eco,239,2,5,2,4,2,2,2,2,5,3,4,4,2,3,0,0,FALSE
Male,Loyal Customer,25,Personal Travel,Eco Plus,1927,2,4,2,4,4,2,4,4,5,4,3,5,4,3.62,0,0,FALSE
Female,Loyal Customer,39,Business Travel,Business,3883,4,4,4,4,2,4,5,3,3,3,3,5,4,3.69,0,0,TRUE
Male,Loyal Customer,65,Personal Travel,Eco,1092,2,5,2,1,5,2,5,5,5,3,2,3,5,3.46,0,0,FALSE
Male,Loyal Customer,56,Personal Travel,Business,543,1,4,1,3,2,4,5,3,3,1,3,3,5,2.92,114,105,FALSE
Female,Disloyal Customer,45,Business Travel,Eco Plus,669,3,3,3,4,3,3,3,3,2,4,1,2,3,2.85,16,11,FALSE
Male,Disloyal Customer,29,Business Travel,Eco,721,2,2,2,1,5,2,5,5,5,4,1,5,5,3.38,0,0,FALSE
Male,Loyal Customer,57,Business Travel,Business,859,5,5,4,5,5,4,5,4,4,4,4,4,5,4.46,0,0,TRUE
Male,Loyal Customer,55,Business Travel,Business,1675,5,5,5,5,5,5,2,4,4,4,4,1,2,3.92,73,77,TRUE
Female,Loyal Customer,30,Personal Travel,Eco Plus,77,3,4,0,2,4,0,1,4,4,3,5,5,4,3,0,0,FALSE
Male,Disloyal Customer,32,Business Travel,Eco,786,2,3,3,3,2,3,4,2,3,3,4,1,2,2.69,0,0,FALSE
Female,Loyal Customer,43,Personal Travel,Eco,143,3,2,3,3,5,3,3,3,3,3,3,1,1,2.77,0,0,FALSE
Female,Loyal Customer,32,Business Travel,Business,1899,4,4,4,4,5,5,4,5,1,4,2,5,5,4,0,0,TRUE
Male,Loyal Customer,23,Personal Travel,Eco Plus,1294,2,5,2,3,2,2,2,2,3,3,4,3,2,2.69,48,34,FALSE
Male,Loyal Customer,45,Business Travel,Business,3115,2,4,5,4,5,4,4,2,2,3,2,3,4,3.38,0,0,FALSE
Female,Loyal Customer,58,Personal Travel,Eco,583,3,4,3,4,4,3,4,1,1,3,1,3,1,2.69,0,0,FALSE
Male,Loyal Customer,13,Personal Travel,Eco,1846,2,5,2,3,2,2,1,2,4,4,4,4,2,2.85,0,0,FALSE
Female,Disloyal Customer,32,Business Travel,Eco,349,2,4,2,4,3,2,3,3,3,4,4,1,3,2.92,0,0,FALSE
Female,Loyal Customer,42,Personal Travel,Eco,667,3,4,3,1,4,4,4,4,4,3,4,4,5,3.62,0,3,FALSE
Female,Disloyal Customer,20,Business Travel,Business,335,5,4,4,2,3,4,3,3,3,5,4,4,3,3.62,0,0,TRUE
Male,Disloyal Customer,54,Business Travel,Eco,990,3,3,3,3,1,3,1,1,4,2,4,2,1,2.38,14,16,FALSE
Male,Loyal Customer,21,Personal Travel,Eco,845,2,4,2,3,2,2,1,2,2,1,3,4,2,2.31,0,3,FALSE
Female,Loyal Customer,29,Business Travel,Business,2329,4,4,4,4,4,4,4,4,2,3,4,4,4,3.77,6,6,TRUE
Female,Loyal Customer,38,Business Travel,Business,3829,3,3,3,3,5,1,4,4,4,4,4,5,3,3.54,92,83,TRUE
Female,Loyal Customer,42,Business Travel,Business,2475,3,3,3,3,4,4,5,5,5,5,5,5,4,4.15,0,0,TRUE
Female,Disloyal Customer,23,Business Travel,Eco Plus,156,0,2,0,4,4,0,4,4,5,4,4,2,4,2.85,0,1,TRUE
Female,Loyal Customer,66,Personal Travel,Eco Plus,151,2,5,2,3,2,4,5,2,2,2,4,5,3,3.15,0,0,FALSE
Female,Loyal Customer,30,Business Travel,Business,3759,2,2,2,2,5,5,5,5,5,2,5,4,5,3.77,0,0,TRUE
Female,Loyal Customer,78,Business Travel,Business,2200,1,5,5,5,1,3,4,1,1,1,1,3,1,2.46,0,0,FALSE
Female,Loyal Customer,37,Business Travel,Eco,229,4,1,1,1,4,4,4,4,4,4,1,3,4,3,10,14,TRUE
Female,Loyal Customer,39,Personal Travel,Eco,994,4,4,4,3,5,4,5,5,4,2,4,3,5,4,0,0,TRUE
Male,Loyal Customer,31,Business Travel,Eco,67,0,0,0,3,4,0,1,4,3,3,5,5,4,2.46,45,42,TRUE
Female,Loyal Customer,32,Business Travel,Eco Plus,305,5,3,3,3,5,5,5,5,3,4,5,1,5,4,0,0,TRUE
Female,Loyal Customer,57,Business Travel,Business,725,1,1,1,1,4,4,4,2,2,2,2,3,3,2.31,17,9,TRUE
Female,Loyal Customer,44,Business Travel,Eco,174,2,5,4,5,5,3,3,2,2,2,2,2,5,3.23,83,69,TRUE
Male,Loyal Customer,18,Business Travel,Business,2861,3,3,3,3,3,3,3,3,2,4,3,1,3,2.85,36,51,FALSE
Female,Loyal Customer,52,Business Travel,Business,965,2,2,2,2,4,4,4,5,5,5,5,5,3,3.69,0,0,TRUE
Male,Loyal Customer,43,Business Travel,Business,1774,2,2,5,2,3,4,4,3,3,3,3,4,3,3.15,0,8,TRUE
Female,Loyal Customer,39,Personal Travel,Eco,2486,2,4,2,3,2,1,1,3,3,3,3,1,1,2.23,22,31,FALSE
Female,Loyal Customer,59,Business Travel,Business,173,4,4,5,4,4,4,5,5,5,5,5,3,5,4.46,0,7,TRUE
Female,Loyal Customer,19,Personal Travel,Eco,125,4,5,4,4,3,4,2,3,3,4,4,3,3,3.54,39,46,FALSE
Female,Loyal Customer,8,Personal Travel,Eco Plus,634,2,5,2,3,3,2,3,3,4,5,4,5,3,3.38,0,0,FALSE
Female,Loyal Customer,40,Business Travel,Eco,1076,4,1,2,2,4,4,4,4,5,3,5,1,4,3.31,0,4,TRUE
Male,Loyal Customer,34,Personal Travel,Eco,562,3,4,3,4,4,3,4,4,3,5,4,5,4,3.85,13,11,FALSE
Female,Loyal Customer,33,Business Travel,Business,2484,2,2,2,2,3,5,4,4,4,4,4,4,4,3.38,0,0,TRUE
Female,Loyal Customer,32,Personal Travel,Eco,2227,2,2,2,4,3,2,3,3,3,2,4,4,3,2.85,0,0,FALSE
Female,Loyal Customer,33,Personal Travel,Eco,1269,3,4,4,3,1,4,2,1,4,5,4,5,1,3.15,1,0,FALSE
Female,Loyal Customer,45,Business Travel,Business,1562,4,4,4,4,5,3,4,4,4,4,4,3,3,3.85,5,27,TRUE
Female,Loyal Customer,38,Business Travel,Business,2150,1,1,1,1,1,2,5,5,5,5,3,5,1,2.77,50,56,TRUE
Male,Loyal Customer,28,Personal Travel,Eco,694,1,5,1,3,4,1,4,4,4,4,4,4,4,3.31,0,0,FALSE
Male,Loyal Customer,19,Personal Travel,Eco,1072,3,4,3,2,2,3,2,2,4,4,4,5,2,3.08,0,0,FALSE
Male,Loyal Customer,65,Business Travel,Eco,118,4,2,2,2,4,4,4,4,4,3,5,4,4,3.54,3,0,TRUE
Male,Loyal Customer,57,Business Travel,Business,3380,4,4,4,4,3,5,4,5,5,5,5,3,4,4.23,8,4,TRUE
Female,Disloyal Customer,26,Business Travel,Eco,296,1,2,1,3,3,1,3,3,2,4,3,3,3,2.46,0,0,FALSE
Female,Loyal Customer,18,Business Travel,Business,867,4,4,4,4,5,5,5,5,3,2,5,5,5,4.31,63,47,TRUE
Male,Disloyal Customer,29,Business Travel,Business,783,2,2,2,3,5,2,5,5,3,5,5,4,5,3.69,0,0,FALSE
Male,Disloyal Customer,34,Business Travel,Eco,468,1,0,1,4,4,1,4,4,3,3,5,2,4,2.77,0,5,FALSE
Male,Loyal Customer,43,Personal Travel,Eco,181,1,2,0,3,2,0,2,2,1,5,3,1,2,1.85,0,0,FALSE
Female,Loyal Customer,26,Business Travel,Business,2556,1,1,1,1,5,5,5,5,4,4,4,5,5,3.54,20,10,TRUE
Male,Loyal Customer,55,Personal Travel,Eco Plus,223,4,5,4,1,5,4,1,5,4,4,4,3,5,3.77,0,0,FALSE
Male,Loyal Customer,18,Personal Travel,Eco Plus,719,1,4,1,2,2,1,1,2,5,5,5,3,2,2.62,80,76,FALSE
Female,Loyal Customer,71,Business Travel,Eco,153,5,1,1,1,5,5,4,5,5,5,5,4,2,3.69,0,0,TRUE
Female,Loyal Customer,36,Business Travel,Business,1964,2,5,5,5,3,3,4,2,2,1,2,3,4,3.15,14,45,FALSE
Female,Loyal Customer,48,Business Travel,Eco,517,3,4,4,4,3,4,4,3,3,3,3,2,1,3.15,0,0,FALSE
Male,Loyal Customer,39,Business Travel,Business,2991,1,1,1,1,4,4,4,5,5,4,5,4,4,3.31,135,138,TRUE
Male,Loyal Customer,48,Business Travel,Business,3481,5,5,5,5,5,4,4,3,3,4,3,5,3,4.15,5,0,TRUE
Male,Loyal Customer,60,Business Travel,Business,669,2,2,1,2,3,5,4,4,4,4,4,5,4,3.38,0,0,TRUE
Male,Loyal Customer,48,Business Travel,Business,3124,5,5,5,5,3,5,4,4,4,5,4,3,5,4.38,2,0,TRUE
Female,Loyal Customer,28,Personal Travel,Eco,308,1,5,1,4,1,1,1,1,5,3,4,4,1,2.46,0,0,FALSE
Female,Loyal Customer,45,Business Travel,Eco Plus,125,4,2,2,2,5,1,3,4,4,4,4,2,4,3.15,0,0,TRUE
Female,Loyal Customer,40,Business Travel,Eco,813,5,4,4,4,5,5,5,5,2,4,1,1,5,3.85,0,0,TRUE
Male,Disloyal Customer,39,Business Travel,Eco,633,1,5,1,1,2,1,2,2,5,3,5,3,2,2.54,38,26,FALSE
Male,Loyal Customer,9,Personal Travel,Eco,1892,2,2,2,3,4,2,4,4,4,2,2,1,4,2.77,1,0,FALSE
Male,Loyal Customer,66,Business Travel,Business,2777,2,1,1,1,5,3,4,2,2,2,2,2,1,2.15,0,0,FALSE
Female,Loyal Customer,42,Personal Travel,Business,304,3,5,2,5,5,5,5,5,5,2,5,4,4,4.23,0,0,FALSE
Male,Loyal Customer,37,Personal Travel,Eco,270,1,1,1,4,5,1,5,5,3,1,4,4,5,3.08,1,0,FALSE
Male,Disloyal Customer,43,Business Travel,Eco,109,2,0,2,4,3,2,3,3,3,5,4,5,3,3,0,6,FALSE
Male,Loyal Customer,10,Personal Travel,Eco,515,3,1,3,2,3,2,2,1,1,2,2,2,2,2,156,185,FALSE
Female,Loyal Customer,55,Business Travel,Business,3379,5,5,5,5,3,5,5,5,5,5,5,4,4,4.69,66,64,TRUE
Female,Loyal Customer,14,Personal Travel,Business,590,4,2,4,3,1,4,1,1,2,5,3,1,1,2.46,0,0,FALSE
Female,Disloyal Customer,22,Business Travel,Business,417,1,4,1,4,1,1,1,1,3,3,4,4,1,2.23,0,8,FALSE
Male,Loyal Customer,58,Business Travel,Business,2644,5,5,5,5,3,4,4,4,4,4,4,5,4,4.31,1,2,TRUE
Male,Loyal Customer,50,Business Travel,Business,1700,1,1,1,1,4,5,4,4,4,5,4,4,5,3.31,0,3,TRUE
Male,Loyal Customer,9,Personal Travel,Business,1028,3,1,3,4,2,3,2,2,2,2,4,4,2,2.62,27,25,FALSE
Female,Disloyal Customer,12,Business Travel,Eco,689,3,3,3,4,2,3,2,2,4,5,4,5,2,3.23,0,0,FALSE
Female,Loyal Customer,48,Personal Travel,Eco,1066,1,4,1,4,4,5,5,4,4,1,2,4,4,3.31,18,26,FALSE
Male,Loyal Customer,51,Personal Travel,Eco Plus,907,3,4,3,1,2,3,2,2,4,3,4,5,2,2.92,2,46,FALSE
Female,Loyal Customer,43,Personal Travel,Eco Plus,817,3,2,3,3,4,4,3,1,1,3,1,4,1,2.54,0,0,FALSE
Female,Loyal Customer,30,Personal Travel,Eco,692,4,5,4,2,2,4,1,2,3,4,1,3,2,2.85,0,0,FALSE
Male,Loyal Customer,44,Business Travel,Business,2589,5,5,5,5,5,4,4,4,4,4,4,3,5,4.38,6,3,TRUE
Female,Loyal Customer,33,Business Travel,Business,964,4,4,4,4,4,5,4,5,5,5,5,5,3,4.38,0,0,TRUE
Male,Loyal Customer,28,Personal Travel,Eco,427,2,2,2,4,1,2,1,1,3,4,3,4,1,2.31,105,97,FALSE
Female,Loyal Customer,28,Business Travel,Business,3228,5,5,3,5,4,4,4,4,3,4,5,4,4,4.15,165,152,TRUE
Male,Loyal Customer,58,Business Travel,Business,425,5,5,5,5,4,4,5,5,5,5,5,5,4,4.77,0,2,TRUE
Male,Loyal Customer,48,Business Travel,Business,748,5,5,5,5,1,1,4,5,5,4,5,4,5,4.15,0,0,TRUE
Male,Loyal Customer,45,Business Travel,Business,957,2,2,2,2,2,5,4,5,5,5,5,5,4,3.69,0,0,TRUE
Female,Loyal Customer,55,Personal Travel,Eco,157,2,5,0,2,4,5,5,2,2,0,2,5,5,3,0,0,FALSE
Female,Disloyal Customer,27,Business Travel,Eco,679,2,2,2,4,2,2,2,2,3,2,3,3,2,2.38,13,0,FALSE
Female,Loyal Customer,32,Business Travel,Eco Plus,612,4,2,2,2,4,4,4,4,2,1,3,1,4,2.85,0,0,TRUE
Female,Loyal Customer,9,Personal Travel,Eco,429,4,4,4,4,2,4,2,2,2,4,2,3,2,3,0,3,TRUE
Female,Loyal Customer,34,Personal Travel,Eco,551,3,2,3,4,5,3,2,5,2,5,4,2,5,3.46,0,1,FALSE
Female,Loyal Customer,38,Business Travel,Business,169,4,4,4,4,5,4,5,5,5,5,4,4,3,4.31,0,0,TRUE
Female,Disloyal Customer,45,Business Travel,Eco Plus,925,3,3,3,3,4,3,4,4,3,1,4,1,4,3.08,95,113,FALSE
Male,Loyal Customer,38,Personal Travel,Eco,1290,2,5,2,3,3,2,3,3,5,4,4,5,3,3.38,21,54,FALSE
Female,Disloyal Customer,21,Business Travel,Eco,258,0,0,0,4,3,0,3,3,3,2,5,4,3,2.31,0,0,TRUE
Female,Loyal Customer,36,Personal Travel,Eco,501,3,5,3,1,1,3,1,1,3,3,5,5,1,2.69,0,0,FALSE
Male,Disloyal Customer,22,Business Travel,Eco,175,1,4,1,3,4,1,5,4,3,2,5,5,4,3.23,0,0,FALSE
Female,Loyal Customer,26,Business Travel,Business,585,1,5,5,5,1,1,1,1,4,4,3,3,1,2.69,18,7,FALSE
Female,Loyal Customer,45,Business Travel,Eco,1504,5,4,4,4,5,2,2,5,5,5,5,4,3,4.08,0,0,TRUE
Male,Loyal Customer,36,Personal Travel,Eco,689,3,5,2,2,2,2,2,2,5,3,5,5,2,3.08,1,14,FALSE
Male,Loyal Customer,42,Business Travel,Business,1391,5,5,5,5,5,5,4,2,2,2,2,4,4,3.85,0,20,TRUE
Female,Loyal Customer,69,Personal Travel,Eco,134,2,3,2,3,5,4,4,5,5,2,2,4,1,3.23,0,0,FALSE
Female,Loyal Customer,45,Business Travel,Business,3178,3,3,3,3,5,3,4,3,3,4,3,1,5,3.31,0,0,TRUE
Female,Loyal Customer,68,Personal Travel,Eco,1521,3,5,2,3,3,5,5,2,2,2,2,4,3,3.15,7,0,FALSE
Female,Loyal Customer,51,Personal Travel,Eco,102,1,4,1,3,5,4,4,1,1,1,1,3,1,2.31,0,0,FALSE
Female,Disloyal Customer,22,Business Travel,Eco,2139,2,2,2,4,4,2,5,4,4,3,3,4,4,3.31,0,0,FALSE
Female,Disloyal Customer,19,Business Travel,Eco,649,2,0,1,3,3,1,3,3,4,3,4,5,3,2.69,0,0,FALSE
Female,Loyal Customer,53,Personal Travel,Business,147,2,5,0,3,5,4,4,5,5,0,5,4,4,3.54,0,0,FALSE
Male,Loyal Customer,28,Business Travel,Business,3852,2,4,4,4,2,2,2,2,4,4,3,3,2,2.92,70,65,FALSE
Male,Loyal Customer,61,Business Travel,Business,888,2,2,2,2,3,4,4,2,2,2,2,4,2,2.54,85,69,FALSE
Male,Loyal Customer,52,Business Travel,Business,134,0,5,0,1,4,4,5,5,5,5,5,5,3,3.62,0,0,TRUE
Female,Loyal Customer,61,Personal Travel,Eco,985,1,4,1,5,3,5,4,1,1,1,1,3,3,2.54,0,0,FALSE
Male,Loyal Customer,44,Business Travel,Business,1631,3,3,4,3,5,5,4,5,5,5,5,4,5,4.31,72,57,TRUE
Male,Disloyal Customer,22,Business Travel,Eco,2176,3,3,3,4,3,3,2,3,3,4,2,4,3,3.08,9,8,FALSE
Female,Disloyal Customer,23,Business Travel,Eco,813,1,1,1,4,3,1,3,3,3,5,4,3,3,2.69,95,78,FALSE
Male,Disloyal Customer,28,Business Travel,Eco,1721,1,1,1,3,3,1,5,3,2,3,3,1,3,2.31,0,0,FALSE
Female,Disloyal Customer,26,Business Travel,Business,1184,4,4,4,2,5,4,2,5,5,3,4,5,5,4,78,74,TRUE
Male,Loyal Customer,44,Business Travel,Business,583,2,2,2,2,2,5,5,4,4,4,4,4,5,3.46,26,34,TRUE
Male,Loyal Customer,29,Business Travel,Business,978,4,4,5,4,5,5,5,5,2,3,4,2,5,4.08,0,0,TRUE
Female,Loyal Customer,31,Personal Travel,Eco,493,4,5,4,4,4,4,4,4,3,5,5,5,4,4.23,0,1,FALSE
Male,Loyal Customer,43,Business Travel,Business,1346,4,4,4,4,2,4,5,4,4,4,4,5,3,3.92,0,0,TRUE
Female,Disloyal Customer,26,Business Travel,Eco,89,2,3,2,4,5,2,5,5,1,3,3,1,5,3.15,0,0,FALSE
Female,Loyal Customer,42,Business Travel,Business,507,3,3,3,3,4,4,2,4,4,4,4,4,3,3.46,0,0,TRUE
Male,Loyal Customer,54,Personal Travel,Eco,222,4,1,4,4,1,4,5,1,1,5,3,3,1,2.85,0,0,FALSE
Male,Loyal Customer,51,Business Travel,Business,212,2,2,2,2,2,4,4,5,5,4,4,3,5,3.38,0,0,TRUE
Female,Loyal Customer,40,Business Travel,Business,507,1,1,2,1,4,4,4,5,5,5,5,4,3,3.38,1,0,TRUE
Male,Loyal Customer,35,Business Travel,Business,1653,3,2,2,2,4,2,2,3,3,3,3,3,1,2.54,0,2,FALSE
Male,Disloyal Customer,63,Business Travel,Business,106,3,4,4,5,3,3,5,3,5,5,5,5,3,4.08,0,0,FALSE
Male,Loyal Customer,32,Business Travel,Eco,1774,4,3,3,3,4,4,4,4,4,3,4,4,4,3.69,4,0,TRUE
Male,Loyal Customer,45,Business Travel,Business,483,3,3,3,3,2,2,3,4,4,4,4,2,3,3.08,0,0,TRUE
Male,Loyal Customer,15,Personal Travel,Eco Plus,287,2,5,2,1,3,2,3,3,3,4,4,3,3,2.92,42,25,FALSE
Male,Loyal Customer,57,Business Travel,Business,1949,1,1,1,1,5,5,4,5,5,5,5,5,3,3.54,9,4,TRUE
Female,Loyal Customer,31,Personal Travel,Eco,528,3,5,3,3,4,3,3,4,5,4,3,2,4,3.54,0,0,FALSE
Female,Loyal Customer,34,Business Travel,Business,2554,5,5,5,5,3,3,3,4,4,4,4,2,4,3.92,0,0,TRUE
Female,Loyal Customer,48,Business Travel,Business,189,2,2,2,2,4,5,4,4,4,4,5,3,4,3.46,0,0,TRUE
Male,Loyal Customer,58,Business Travel,Business,956,2,2,2,2,4,4,4,2,2,2,2,3,3,2.62,0,0,TRUE
Male,Loyal Customer,26,Business Travel,Business,3982,3,2,2,2,3,3,3,3,2,1,3,3,3,2.54,0,0,FALSE
Female,Loyal Customer,63,Personal Travel,Eco,759,2,1,3,2,2,2,3,4,4,3,4,3,4,2.85,66,131,FALSE
Female,Loyal Customer,65,Business Travel,Eco,345,2,5,5,5,1,3,4,1,1,2,1,1,3,2.62,54,46,FALSE
Female,Loyal Customer,50,Personal Travel,Eco,975,4,3,4,2,4,4,5,3,3,4,3,1,1,3.15,45,54,FALSE
Female,Loyal Customer,31,Business Travel,Business,2227,4,4,4,4,4,4,4,4,5,3,5,5,4,4.15,0,6,TRUE
Female,Loyal Customer,45,Business Travel,Eco,954,4,2,2,2,4,4,4,3,5,2,2,4,4,3.23,0,0,FALSE
Male,Loyal Customer,59,Business Travel,Business,2133,5,5,5,5,3,5,5,4,4,4,4,3,3,4.23,0,0,TRUE
Female,Loyal Customer,68,Personal Travel,Eco,1947,3,4,2,2,3,5,4,3,3,2,3,4,4,3.23,0,0,FALSE
Male,Loyal Customer,53,Business Travel,Business,541,2,2,2,2,1,3,4,2,2,2,2,1,3,2.15,18,11,FALSE
Male,Loyal Customer,18,Business Travel,Business,1068,1,1,1,1,4,4,4,4,4,2,5,5,4,3.08,65,40,TRUE
Female,Disloyal Customer,28,Business Travel,Business,393,3,4,4,2,3,4,3,3,5,2,5,5,3,3.54,17,0,FALSE
Male,Loyal Customer,31,Personal Travel,Business,624,3,4,3,4,1,3,1,1,3,4,5,3,1,2.77,0,12,FALSE
Female,Loyal Customer,67,Personal Travel,Eco,502,3,3,3,2,4,2,2,5,5,3,5,3,1,3.15,0,0,FALSE
Male,Loyal Customer,44,Business Travel,Business,2521,2,2,2,2,4,5,4,4,4,4,4,3,3,3.31,0,0,TRUE
Female,Loyal Customer,44,Business Travel,Eco,251,1,2,2,2,2,4,3,1,1,1,1,1,1,1.69,23,21,FALSE
Male,Loyal Customer,57,Business Travel,Business,2889,0,5,0,4,2,4,4,3,3,3,3,5,4,3.08,0,0,TRUE
Male,Loyal Customer,56,Business Travel,Business,220,3,2,2,2,5,3,3,3,3,3,3,2,3,2.85,43,38,FALSE
Male,Loyal Customer,46,Personal Travel,Eco,862,4,5,4,2,3,4,3,3,4,3,4,5,3,3.62,0,2,FALSE
Male,Loyal Customer,36,Personal Travel,Business,987,3,2,3,3,1,3,3,2,2,3,2,2,2,2.38,5,2,FALSE
Female,Loyal Customer,60,Business Travel,Business,3336,4,4,4,4,4,5,4,2,2,2,2,5,3,3.46,0,3,TRUE
Female,Loyal Customer,28,Business Travel,Business,3528,2,2,2,2,5,5,5,5,5,5,2,4,5,3.77,5,13,TRUE
Female,Loyal Customer,26,Personal Travel,Eco,1069,2,2,3,3,3,3,3,3,2,4,3,1,3,2.69,34,67,FALSE
Male,Disloyal Customer,24,Business Travel,Business,342,4,5,5,4,3,5,3,3,5,2,4,4,3,3.85,7,1,TRUE
Male,Loyal Customer,25,Business Travel,Business,199,3,2,2,2,1,3,1,3,3,4,3,1,1,2.23,147,141,FALSE
Female,Loyal Customer,67,Personal Travel,Eco,184,1,4,1,2,3,5,5,3,3,1,3,3,3,2.85,0,41,FALSE
Male,Loyal Customer,41,Business Travel,Business,337,1,1,1,1,3,5,5,5,5,4,5,5,3,3.38,10,7,TRUE
Male,Loyal Customer,56,Business Travel,Business,1044,3,3,3,3,5,4,5,4,4,4,4,4,4,3.85,12,8,TRUE
Female,Loyal Customer,22,Personal Travel,Eco,31,2,5,2,3,5,2,5,5,3,2,4,5,5,3.69,0,0,FALSE
Male,Loyal Customer,10,Personal Travel,Eco,888,2,4,2,1,3,2,3,3,4,2,4,3,3,2.77,29,41,FALSE
Male,Disloyal Customer,25,Business Travel,Eco,2586,1,1,1,2,4,1,4,4,1,1,2,2,4,2.15,10,8,FALSE
Male,Loyal Customer,38,Personal Travel,Eco,986,1,2,1,3,2,1,2,2,1,1,4,3,2,1.92,0,0,FALSE
Female,Loyal Customer,34,Personal Travel,Eco,1090,3,2,3,3,3,3,3,3,1,1,4,4,3,2.77,69,58,FALSE
Male,Disloyal Customer,44,Business Travel,Eco,693,1,1,1,3,5,1,5,5,1,1,3,3,5,2.69,2,0,FALSE
Female,Loyal Customer,64,Personal Travel,Eco,1709,2,3,2,3,2,4,4,2,2,2,2,4,2,2.62,0,0,FALSE
Female,Loyal Customer,40,Business Travel,Business,1537,3,3,3,3,4,5,5,5,5,5,5,5,4,4.23,1,8,TRUE
Male,Loyal Customer,66,Personal Travel,Eco,337,2,4,2,5,4,2,5,4,5,5,4,5,4,3.92,9,3,FALSE
Male,Loyal Customer,37,Business Travel,Business,3420,4,4,4,4,5,5,4,5,5,5,5,3,3,4.31,0,0,TRUE
Female,Loyal Customer,69,Personal Travel,Eco,444,4,2,4,2,1,2,1,1,1,4,4,3,2,2.38,0,0,FALSE
Male,Loyal Customer,65,Personal Travel,Eco,508,4,5,4,5,2,4,2,2,4,3,5,5,2,3.62,0,0,FALSE
Female,Loyal Customer,54,Business Travel,Business,2093,5,5,4,5,3,4,4,5,5,5,5,4,4,4.46,0,0,TRUE
Female,Loyal Customer,46,Personal Travel,Eco,1189,3,2,3,3,5,3,3,3,3,3,3,4,3,3.15,0,7,FALSE
Female,Loyal Customer,35,Personal Travel,Eco,239,1,5,0,3,3,0,3,3,4,5,4,5,3,3,14,8,FALSE
Female,Disloyal Customer,18,Business Travel,Eco,1192,2,2,2,4,3,2,3,3,1,1,3,3,3,2.46,0,1,FALSE
Female,Disloyal Customer,36,Business Travel,Eco,1075,1,1,1,4,1,1,1,1,2,4,4,1,1,1.77,30,78,FALSE
Female,Loyal Customer,57,Business Travel,Eco,162,4,3,1,3,2,1,5,5,5,4,5,2,5,3.46,6,3,TRUE
Female,Disloyal Customer,42,Business Travel,Business,1111,5,5,5,2,5,2,2,3,3,3,5,2,2,3.38,0,0,TRUE
Female,Disloyal Customer,25,Business Travel,Eco,763,2,2,2,3,1,2,3,1,2,1,4,1,1,1.92,0,0,FALSE
Male,Loyal Customer,54,Business Travel,Business,2584,3,3,4,3,4,5,4,5,5,4,5,4,4,4.08,0,32,TRUE
Female,Loyal Customer,45,Business Travel,Business,101,3,3,3,3,5,2,1,5,5,5,5,4,4,3.69,0,0,TRUE
Male,Disloyal Customer,30,Business Travel,Eco,899,5,5,5,3,3,5,3,3,1,2,5,2,3,3.46,12,0,TRUE
Female,Disloyal Customer,28,Business Travel,Eco,948,2,2,2,2,3,2,3,3,3,1,2,2,3,2.31,10,8,FALSE
Male,Loyal Customer,32,Personal Travel,Eco,446,2,4,2,3,2,2,2,2,3,3,4,4,2,2.69,0,0,FALSE
Male,Loyal Customer,49,Business Travel,Eco,920,1,2,2,2,1,1,1,1,1,5,3,4,1,1.92,0,0,FALSE
Male,Loyal Customer,17,Personal Travel,Eco Plus,1481,1,3,1,4,5,1,5,5,5,3,5,4,5,3.62,5,5,FALSE
Female,Loyal Customer,32,Business Travel,Eco,214,2,1,1,1,2,2,2,2,2,4,3,1,2,1.92,0,0,FALSE
Male,Loyal Customer,56,Business Travel,Business,1303,3,3,3,3,4,5,5,5,5,5,5,5,3,4.15,0,0,TRUE
Male,Loyal Customer,46,Personal Travel,Eco,425,2,5,2,4,3,2,3,3,5,3,4,5,3,3.38,0,0,FALSE
Female,Loyal Customer,33,Business Travel,Business,338,0,0,0,1,5,5,4,2,2,2,2,3,3,2.23,41,55,TRUE
Female,Loyal Customer,60,Business Travel,Eco,1379,3,1,1,1,3,4,4,3,3,3,3,4,2,2.69,110,109,FALSE
Female,Disloyal Customer,24,Business Travel,Eco,377,2,0,2,1,3,2,3,3,5,5,2,1,3,2.46,32,11,FALSE
Female,Loyal Customer,58,Business Travel,Eco,259,3,3,3,3,3,3,4,4,4,3,4,4,3,3.38,46,37,FALSE
Male,Disloyal Customer,20,Business Travel,Eco,1013,3,3,3,3,1,3,1,1,4,4,3,4,1,2.62,13,3,FALSE
Male,Loyal Customer,22,Personal Travel,Eco,666,3,3,3,2,2,3,2,2,4,4,4,4,2,2.92,8,6,FALSE
Male,Loyal Customer,25,Business Travel,Business,3410,1,1,1,1,4,4,4,4,4,1,1,3,4,2.54,15,9,TRUE
Male,Loyal Customer,32,Business Travel,Business,281,3,5,5,5,3,2,3,3,3,3,4,1,3,3.31,0,0,FALSE
Male,Loyal Customer,35,Business Travel,Business,1786,3,2,2,2,4,2,2,3,3,3,3,3,3,2.69,126,92,FALSE
Female,Loyal Customer,33,Personal Travel,Eco,1488,5,5,5,2,1,5,1,1,5,2,3,4,1,3.08,0,4,TRUE
Female,Loyal Customer,26,Personal Travel,Eco,1120,2,5,2,1,1,2,1,1,3,2,4,5,1,2.31,0,0,FALSE
Female,Disloyal Customer,54,Business Travel,Eco,1460,2,1,1,3,5,2,5,5,3,1,3,3,5,3,2,1,FALSE
Male,Loyal Customer,8,Personal Travel,Eco,483,3,3,3,2,5,3,5,5,4,2,3,4,5,3.62,7,0,FALSE
Male,Loyal Customer,56,Business Travel,Business,3226,1,1,1,1,5,4,5,3,3,4,3,3,3,2.85,0,0,TRUE
Female,Loyal Customer,56,Business Travel,Business,3088,5,5,2,5,5,5,4,5,5,5,5,5,5,4.69,14,25,TRUE
Female,Disloyal Customer,26,Business Travel,Eco Plus,744,5,5,5,1,5,5,5,5,5,3,4,4,5,4.38,0,0,TRUE
Female,Loyal Customer,19,Business Travel,Business,2816,2,2,2,2,2,2,2,2,4,4,4,3,2,2.54,0,0,TRUE
Female,Loyal Customer,45,Business Travel,Business,1524,3,3,2,3,3,5,5,5,5,5,5,5,4,4.08,84,114,TRUE
Female,Loyal Customer,29,Business Travel,Business,552,1,1,5,1,1,1,1,1,1,1,3,1,1,1.46,60,67,FALSE
Female,Loyal Customer,31,Business Travel,Eco,480,4,3,2,3,4,4,4,4,4,5,3,1,4,3.46,27,21,FALSE
Female,Loyal Customer,51,Business Travel,Business,338,0,0,0,4,3,4,4,5,5,5,5,4,4,3.31,1,0,TRUE
Male,Loyal Customer,23,Personal Travel,Eco,596,2,3,2,3,5,2,5,5,4,4,2,1,5,3.31,0,0,FALSE
Female,Loyal Customer,39,Business Travel,Business,130,4,4,4,4,4,4,5,5,5,5,5,4,4,4.38,0,0,TRUE
Female,Loyal Customer,39,Business Travel,Business,2504,2,2,4,2,4,5,4,4,4,4,4,4,5,3.69,1,0,TRUE
Male,Loyal Customer,48,Business Travel,Business,319,5,5,5,5,5,4,4,5,5,5,5,5,4,4.77,0,0,TRUE
Female,Loyal Customer,47,Business Travel,Business,954,2,2,2,2,4,4,4,5,5,2,1,4,4,3.15,167,151,TRUE
Male,Loyal Customer,46,Business Travel,Business,1590,5,5,5,5,5,4,4,4,4,4,4,3,3,4.23,8,4,TRUE
Male,Loyal Customer,55,Business Travel,Business,2503,4,4,2,4,4,4,4,5,5,5,5,4,3,4.08,0,0,TRUE
Male,Loyal Customer,9,Business Travel,Eco Plus,731,3,1,1,1,3,3,2,3,3,3,4,2,3,2.46,27,30,FALSE
Male,Disloyal Customer,39,Business Travel,Business,802,4,4,4,4,1,4,1,1,4,4,4,3,1,3,30,8,TRUE
Female,Loyal Customer,53,Business Travel,Business,102,1,1,1,1,2,5,5,4,4,4,4,4,3,3,0,1,TRUE
Female,Loyal Customer,29,Business Travel,Business,2329,5,5,5,5,4,4,4,4,4,5,5,5,4,4.54,0,0,TRUE
Female,Loyal Customer,33,Business Travel,Business,304,3,1,1,1,4,4,4,3,3,3,3,3,2,2.69,4,8,FALSE
Female,Disloyal Customer,24,Business Travel,Eco,1108,5,3,3,4,2,5,2,2,1,4,5,3,2,3.15,0,0,TRUE
Female,Loyal Customer,27,Business Travel,Business,3665,4,4,4,4,4,4,4,4,2,1,5,5,4,3.77,13,23,TRUE
Male,Loyal Customer,14,Personal Travel,Eco,603,2,5,2,3,5,2,5,5,5,2,4,4,5,3.77,5,7,FALSE
Female,Loyal Customer,17,Personal Travel,Eco Plus,205,1,4,1,3,2,1,4,2,4,3,3,2,2,2.46,0,1,FALSE
Female,Loyal Customer,56,Personal Travel,Eco,925,2,5,2,5,5,4,5,3,3,2,3,4,3,3.54,13,0,FALSE
Female,Loyal Customer,13,Personal Travel,Eco,918,2,4,2,3,5,2,5,5,3,2,5,2,5,3.46,19,19,FALSE
Female,Loyal Customer,29,Business Travel,Business,735,3,4,3,3,4,4,4,4,3,5,4,5,4,3.85,18,10,TRUE
Male,Loyal Customer,22,Personal Travel,Eco,1721,3,5,3,1,4,3,4,4,4,5,3,3,4,3.54,0,0,FALSE
Female,Disloyal Customer,24,Business Travel,Eco,773,3,3,3,2,1,3,1,1,3,4,5,5,1,2.69,0,0,FALSE
Female,Loyal Customer,45,Personal Travel,Eco,1089,4,3,4,3,2,2,5,3,3,4,3,3,5,3.38,5,0,FALSE
Female,Disloyal Customer,37,Business Travel,Eco,704,2,2,2,3,4,2,4,4,2,2,3,3,4,2.85,27,12,FALSE
Female,Loyal Customer,43,Business Travel,Business,4243,3,3,3,3,2,2,2,5,2,4,5,2,2,2.92,21,28,TRUE
Female,Loyal Customer,27,Personal Travel,Eco,545,1,4,2,3,3,2,3,3,3,3,3,3,3,2.77,12,12,FALSE
Male,Disloyal Customer,27,Business Travel,Eco,89,3,3,3,3,4,3,4,4,2,5,1,4,4,3.31,81,84,FALSE
Female,Disloyal Customer,43,Business Travel,Eco,875,3,3,3,4,5,3,5,5,4,4,3,3,5,3.85,0,0,FALSE
Female,Loyal Customer,44,Business Travel,Business,1670,2,3,2,2,5,3,4,5,5,5,5,5,3,3.77,11,1,TRUE
Female,Loyal Customer,27,Business Travel,Business,2521,4,3,4,4,5,5,5,5,3,4,3,5,5,4.23,67,47,TRUE
Male,Loyal Customer,38,Business Travel,Eco,1598,3,1,1,1,3,3,3,3,4,4,1,2,3,2.46,19,5,FALSE
Female,Loyal Customer,50,Business Travel,Business,892,4,1,1,1,3,3,2,4,4,3,4,4,4,2.92,0,14,FALSE
Female,Disloyal Customer,28,Business Travel,Eco,201,1,3,1,4,2,1,2,2,3,5,4,1,2,2.38,0,0,FALSE
Female,Loyal Customer,43,Business Travel,Business,2820,3,3,3,3,2,5,4,4,4,4,4,5,3,3.62,0,0,TRUE
Male,Disloyal Customer,15,Personal Travel,Eco,888,2,4,2,4,5,2,5,5,3,2,2,4,5,3.46,0,0,FALSE
Male,Loyal Customer,38,Business Travel,Eco,402,5,3,3,3,5,5,5,5,1,1,2,4,5,3.62,4,10,TRUE
Female,Loyal Customer,52,Business Travel,Business,3306,4,4,4,4,5,4,5,4,4,4,4,4,4,4.15,0,4,TRUE
Female,Loyal Customer,32,Business Travel,Business,309,2,2,2,2,4,4,4,4,1,1,2,5,4,2.85,0,0,TRUE
Male,Loyal Customer,19,Personal Travel,Eco,337,2,5,2,3,5,2,5,5,4,5,3,5,5,3.92,0,0,FALSE
Female,Loyal Customer,41,Business Travel,Business,854,3,5,5,5,4,4,4,3,3,3,3,3,3,3.69,0,0,FALSE
Female,Loyal Customer,31,Business Travel,Business,1517,4,4,4,4,5,5,5,5,3,2,5,4,5,4.23,23,8,TRUE
Female,Loyal Customer,39,Personal Travel,Business,168,2,5,2,3,3,5,4,4,4,2,4,5,5,3.69,0,0,FALSE
Female,Loyal Customer,25,Business Travel,Business,944,2,1,1,1,2,2,2,2,4,5,3,3,2,2.31,0,0,FALSE
Female,Loyal Customer,66,Personal Travel,Eco,373,2,1,2,3,1,4,4,2,2,2,2,4,1,2.31,0,0,FALSE
Male,Loyal Customer,42,Business Travel,Business,1896,5,5,5,5,2,4,5,4,4,4,4,5,4,4.31,11,0,TRUE
Female,Loyal Customer,26,Personal Travel,Eco Plus,529,2,4,2,2,4,2,4,4,3,5,4,4,4,3.38,14,0,FALSE
Male,Loyal Customer,43,Business Travel,Business,408,5,5,5,5,2,5,4,3,3,4,3,3,4,3.92,4,3,TRUE
Male,Loyal Customer,35,Business Travel,Business,2106,4,2,2,2,1,4,3,4,4,4,4,3,1,2.92,1,0,FALSE
Male,Loyal Customer,42,Business Travel,Business,2405,0,0,0,2,4,1,2,4,4,4,4,5,5,2.69,5,7,TRUE
Male,Loyal Customer,12,Personal Travel,Eco,898,3,3,3,1,1,3,1,1,2,4,3,4,1,2.31,5,13,FALSE
Female,Loyal Customer,29,Business Travel,Eco Plus,1005,2,2,2,2,2,2,2,2,2,4,4,1,2,2.23,31,26,FALSE
Female,Loyal Customer,55,Business Travel,Business,1849,4,5,4,5,3,1,3,4,4,4,4,1,4,3.54,6,0,FALSE
Male,Loyal Customer,57,Personal Travel,Eco,588,4,4,4,2,3,4,3,3,5,4,4,3,3,3.54,28,17,FALSE
Female,Loyal Customer,56,Business Travel,Business,545,1,1,1,1,4,4,5,4,4,4,4,5,4,3.23,38,38,TRUE
Male,Loyal Customer,31,Personal Travel,Eco,642,2,4,2,2,2,2,2,2,5,4,5,5,2,3,62,39,FALSE
Female,Loyal Customer,20,Business Travel,Eco,73,5,5,5,5,5,5,5,5,3,3,5,1,5,4.38,15,25,TRUE
Female,Disloyal Customer,23,Business Travel,Business,603,0,2,0,2,4,0,4,4,3,2,4,4,4,2.54,0,0,TRUE
Female,Loyal Customer,32,Business Travel,Business,762,1,1,1,1,5,4,5,5,5,2,4,4,5,3.31,0,0,TRUE
Male,Loyal Customer,26,Business Travel,Business,3443,4,4,4,4,5,5,5,5,4,3,4,3,5,4.23,30,9,TRUE
Male,Loyal Customer,47,Business Travel,Business,1024,4,4,4,4,3,4,4,5,5,5,5,4,3,4.15,0,0,TRUE
Male,Loyal Customer,36,Business Travel,Business,140,3,2,2,2,2,3,4,1,1,1,3,1,2,2.08,88,85,FALSE
Female,Loyal Customer,69,Personal Travel,Eco,1703,1,1,1,4,3,3,4,2,2,1,4,3,1,2.31,0,0,FALSE
Male,Disloyal Customer,25,Business Travel,Business,813,3,0,3,3,1,3,1,1,4,5,4,3,1,2.46,4,0,FALSE
Female,Loyal Customer,55,Personal Travel,Eco,235,4,5,4,3,4,5,5,2,2,4,2,3,4,3.62,15,5,TRUE
Female,Loyal Customer,67,Business Travel,Business,3929,5,5,4,5,1,3,4,4,4,4,4,4,1,3.69,1,0,TRUE
Male,Loyal Customer,44,Business Travel,Business,1535,3,3,3,3,4,4,5,5,5,5,5,3,3,3.92,6,1,TRUE
Male,Loyal Customer,54,Business Travel,Business,2218,1,1,1,1,2,5,4,4,4,4,4,3,4,2.92,0,0,TRUE
Male,Loyal Customer,41,Personal Travel,Eco,223,1,5,1,2,2,1,1,2,3,2,4,4,2,2.31,44,43,FALSE
Male,Disloyal Customer,25,Business Travel,Eco,679,3,4,4,4,2,4,2,2,4,2,4,5,2,3.23,29,6,FALSE
Male,Loyal Customer,64,Personal Travel,Eco,1218,1,2,1,3,2,1,2,2,3,2,2,2,2,1.92,0,1,FALSE
Male,Disloyal Customer,22,Business Travel,Eco,266,2,4,2,2,2,2,5,2,5,5,4,5,2,3.23,0,0,FALSE
Female,Loyal Customer,57,Personal Travel,Eco,1744,2,1,2,3,2,2,3,1,1,2,1,1,2,1.77,0,0,FALSE
Male,Loyal Customer,26,Business Travel,Business,2565,5,5,5,5,4,4,4,4,2,1,1,1,4,3.46,0,0,TRUE
Male,Loyal Customer,34,Business Travel,Business,1023,1,3,3,3,4,4,4,1,1,1,1,1,4,2.38,0,0,FALSE
Male,Loyal Customer,54,Personal Travel,Eco,632,2,5,2,3,4,2,4,4,5,2,5,5,4,3.62,0,0,FALSE
Female,Loyal Customer,55,Business Travel,Business,1663,5,5,5,5,5,4,5,4,4,4,4,4,4,4.46,0,0,TRUE
Male,Loyal Customer,61,Business Travel,Business,3646,4,4,4,4,5,5,5,3,4,5,4,5,5,4.38,0,4,TRUE
Male,Loyal Customer,8,Personal Travel,Eco,733,4,4,4,4,2,4,2,2,2,5,2,1,2,2.92,15,5,TRUE
Female,Disloyal Customer,21,Business Travel,Eco,1047,4,3,3,3,2,3,4,2,4,5,3,2,2,3.08,19,14,FALSE
Male,Loyal Customer,24,Business Travel,Business,3080,1,1,1,1,5,5,5,5,5,5,5,5,5,3.77,2,15,TRUE
Female,Disloyal Customer,39,Business Travel,Business,331,4,4,4,3,2,4,2,2,5,2,5,4,2,3.31,0,0,FALSE
Female,Loyal Customer,13,Personal Travel,Eco,2338,1,4,1,2,1,1,1,1,5,5,3,5,1,2.38,8,0,FALSE
Male,Loyal Customer,66,Business Travel,Business,1860,2,2,2,2,4,1,2,2,2,2,2,1,3,2.08,0,20,FALSE
Male,Disloyal Customer,29,Business Travel,Business,813,2,2,2,3,1,2,1,1,4,4,5,5,1,2.54,0,2,FALSE
Male,Loyal Customer,43,Business Travel,Business,1741,5,5,5,5,3,4,4,4,4,3,4,3,3,4,20,12,TRUE
Female,Loyal Customer,47,Business Travel,Business,1809,5,5,5,5,3,4,5,4,4,4,4,3,3,4.15,0,0,TRUE
Female,Loyal Customer,39,Business Travel,Business,1798,2,2,2,2,2,2,2,4,1,4,3,2,2,2.31,189,174,FALSE
Female,Loyal Customer,43,Business Travel,Business,321,2,2,2,2,3,4,4,5,5,5,5,3,3,3.46,0,0,TRUE
Female,Disloyal Customer,30,Business Travel,Business,679,4,4,4,1,3,4,3,3,5,2,5,5,3,3.54,11,0,TRUE
Female,Disloyal Customer,38,Business Travel,Eco,199,2,0,2,1,4,2,4,4,4,2,1,5,4,2.69,0,0,FALSE
Male,Loyal Customer,27,Business Travel,Business,3195,2,2,2,2,5,5,5,5,3,4,5,3,5,3.69,0,0,TRUE
Male,Loyal Customer,45,Business Travel,Business,936,2,4,4,4,5,1,2,2,2,2,2,4,4,2.92,80,98,FALSE
Male,Loyal Customer,15,Personal Travel,Eco,429,3,5,3,4,5,3,5,5,3,2,4,3,5,3.85,56,56,FALSE
Female,Loyal Customer,30,Personal Travel,Eco,1050,4,2,5,3,4,5,5,4,2,5,4,4,4,3.92,0,14,FALSE
Male,Loyal Customer,56,Business Travel,Eco,954,5,5,5,5,5,5,5,5,1,4,2,5,5,4.38,0,0,TRUE
Female,Loyal Customer,57,Business Travel,Business,1670,3,1,1,1,5,2,3,3,3,3,3,4,3,2.69,0,0,FALSE
Male,Loyal Customer,36,Personal Travel,Business,422,5,2,5,3,4,2,2,4,4,5,4,4,4,3.69,0,8,TRUE
Male,Loyal Customer,41,Business Travel,Business,2375,4,4,4,4,2,5,4,2,2,2,2,3,5,3.31,0,0,TRUE
Female,Loyal Customer,50,Business Travel,Business,2370,3,3,3,3,3,4,4,3,3,3,3,4,5,3.38,0,0,TRUE
Female,Loyal Customer,50,Business Travel,Business,3359,0,4,0,3,2,4,5,4,4,4,4,3,4,3.15,5,1,TRUE
Female,Loyal Customer,63,Personal Travel,Eco,1919,3,5,3,1,5,4,5,1,1,3,1,4,4,3.08,0,6,FALSE
Female,Loyal Customer,31,Personal Travel,Business,846,3,1,3,3,4,3,4,4,4,3,4,1,4,3.15,12,7,FALSE
Female,Loyal Customer,18,Personal Travel,Eco,2521,4,1,4,3,4,4,4,4,3,4,3,2,4,3.38,0,0,FALSE
Male,Disloyal Customer,49,Business Travel,Eco,771,5,5,5,3,3,5,1,3,5,2,5,1,3,3.54,54,34,TRUE
Female,Disloyal Customer,21,Business Travel,Eco,542,3,4,4,4,4,4,4,4,1,4,3,2,4,3.46,117,114,FALSE
Female,Loyal Customer,55,Business Travel,Business,3639,4,1,4,4,5,5,4,2,2,2,2,3,4,3.23,0,0,TRUE
Female,Loyal Customer,17,Personal Travel,Eco,315,2,5,2,5,5,2,5,5,3,2,5,4,5,3.85,0,8,FALSE
Female,Loyal Customer,24,Personal Travel,Eco,919,1,2,1,4,2,1,2,2,4,5,3,1,2,2.31,0,6,FALSE
Male,Loyal Customer,41,Business Travel,Business,1723,2,2,2,2,4,5,4,4,4,4,4,5,5,3.62,16,7,TRUE
Female,Loyal Customer,47,Business Travel,Business,1775,4,4,4,4,1,3,2,4,4,4,4,3,4,3.46,1,0,FALSE
Male,Disloyal Customer,22,Business Travel,Eco,726,4,4,4,2,2,4,2,2,3,5,4,3,2,3.15,0,0,FALSE
Male,Loyal Customer,50,Personal Travel,Eco,429,3,1,3,2,2,3,2,2,2,5,2,3,2,2.46,0,0,FALSE
Male,Loyal Customer,10,Business Travel,Business,925,2,1,4,1,2,3,2,2,4,5,4,4,2,2.77,10,3,FALSE
Female,Loyal Customer,39,Business Travel,Business,326,4,4,4,4,1,2,4,4,4,5,4,1,5,3.54,0,0,TRUE
Female,Loyal Customer,21,Business Travel,Business,1947,5,2,5,5,5,5,5,5,5,3,3,3,5,4.31,79,67,TRUE
Female,Disloyal Customer,20,Business Travel,Eco,1072,3,3,3,4,1,3,1,1,4,2,4,4,1,2.62,57,32,FALSE
Male,Loyal Customer,47,Business Travel,Business,3196,2,2,5,2,2,4,4,4,4,4,4,5,4,3.54,0,0,TRUE
Male,Loyal Customer,52,Business Travel,Business,3997,5,5,5,5,5,5,4,5,5,5,4,5,3,4.69,12,8,TRUE
Male,Loyal Customer,41,Business Travel,Business,1188,4,4,4,4,4,4,5,5,5,5,5,5,3,4.38,0,3,TRUE
Male,Loyal Customer,47,Personal Travel,Eco,569,2,4,2,2,4,2,4,4,5,2,5,5,4,3.46,12,8,FALSE
Male,Loyal Customer,9,Business Travel,Business,2550,1,1,1,1,1,1,1,1,3,2,3,3,1,1.54,22,27,FALSE
Female,Loyal Customer,47,Personal Travel,Eco,829,2,5,2,2,5,5,4,4,4,2,4,5,5,3.77,0,2,FALSE
Female,Loyal Customer,34,Business Travel,Business,1980,4,4,4,4,3,5,4,5,5,5,5,5,3,4.31,0,0,TRUE
Female,Loyal Customer,17,Personal Travel,Eco,239,2,5,0,2,0,1,1,4,4,4,5,1,1,2.31,167,161,FALSE
Male,Loyal Customer,8,Personal Travel,Eco,837,3,4,3,2,1,3,1,1,4,3,5,5,1,2.77,0,0,FALSE
Male,Loyal Customer,27,Business Travel,Business,2182,3,3,3,3,4,4,4,4,3,3,4,5,4,3.62,9,4,TRUE
Male,Loyal Customer,46,Business Travel,Business,2014,5,5,1,5,3,1,5,4,4,4,4,3,3,3.62,0,0,TRUE
Male,Loyal Customer,24,Personal Travel,Eco,813,2,5,2,4,4,2,4,4,4,2,4,5,4,3.54,0,0,FALSE
Female,Disloyal Customer,41,Business Travel,Business,342,3,4,4,2,3,3,3,3,2,5,3,3,3,3.15,7,0,FALSE
Male,Loyal Customer,14,Personal Travel,Eco,235,1,4,1,1,5,1,5,5,4,3,5,4,5,3.38,92,78,FALSE
Male,Loyal Customer,25,Business Travel,Business,376,3,3,3,3,4,4,4,4,4,1,5,3,4,3.46,2,4,TRUE
Male,Loyal Customer,31,Business Travel,Business,2735,1,5,5,5,1,1,1,1,4,3,3,3,1,2.62,59,45,FALSE
Male,Loyal Customer,24,Business Travel,Business,3302,5,5,5,5,5,5,5,5,3,4,5,5,5,4.77,0,0,TRUE
Male,Loyal Customer,32,Business Travel,Eco Plus,391,5,4,4,4,5,5,5,5,3,4,4,3,5,4.31,0,0,TRUE
Female,Loyal Customer,21,Personal Travel,Eco,814,4,1,4,2,1,4,1,1,3,3,1,4,1,2.31,0,0,FALSE
Male,Loyal Customer,41,Business Travel,Business,501,3,3,3,3,2,4,4,2,2,3,2,3,4,2.92,0,0,TRUE
Male,Loyal Customer,48,Business Travel,Eco,867,4,5,5,5,4,4,4,4,4,3,5,2,4,4.08,9,0,TRUE
Female,Loyal Customer,11,Personal Travel,Eco,1389,5,5,5,3,1,5,1,1,5,2,3,4,1,3.15,0,0,TRUE
Male,Loyal Customer,58,Business Travel,Business,1073,4,4,4,4,3,5,5,5,5,5,5,5,5,4.54,0,0,TRUE
Male,Loyal Customer,36,Business Travel,Business,3937,1,1,1,1,4,4,4,3,3,3,3,5,3,2.77,19,14,TRUE
Female,Loyal Customer,47,Business Travel,Business,3541,3,3,3,3,5,4,4,4,4,4,4,5,3,3.77,12,13,TRUE
Male,Loyal Customer,28,Personal Travel,Eco,528,2,5,2,4,4,2,4,4,5,2,5,3,4,3.54,27,21,FALSE
Female,Loyal Customer,52,Business Travel,Eco Plus,552,5,4,4,4,2,1,1,5,5,5,5,3,3,3.62,38,34,TRUE
Female,Loyal Customer,37,Business Travel,Eco,1399,3,4,4,4,3,3,3,3,3,3,3,2,3,3.15,6,0,FALSE
Male,Disloyal Customer,25,Business Travel,Business,626,4,3,4,1,4,4,1,4,5,2,5,5,4,3.54,0,0,TRUE
Female,Loyal Customer,51,Personal Travel,Eco,1183,4,4,3,3,4,5,5,1,1,3,1,5,5,3.38,0,0,TRUE
Female,Loyal Customer,28,Business Travel,Business,2875,2,2,2,2,4,4,4,4,4,4,2,4,4,3.23,19,4,TRUE
Male,Loyal Customer,24,Personal Travel,Eco Plus,450,3,4,3,2,5,3,5,5,5,3,5,4,5,4,0,0,FALSE
Male,Loyal Customer,36,Personal Travel,Eco Plus,216,5,3,5,4,3,5,3,3,4,4,3,4,3,3.77,0,0,TRUE
Male,Loyal Customer,31,Business Travel,Business,899,1,2,2,2,1,1,1,3,1,4,4,1,1,1.85,239,236,FALSE
Female,Loyal Customer,17,Personal Travel,Eco,607,1,4,1,3,4,1,4,4,4,2,5,3,4,3.08,0,0,FALSE
Female,Loyal Customer,48,Business Travel,Business,3782,5,5,5,5,4,4,4,4,4,4,4,3,4,4.23,0,0,TRUE
Male,Loyal Customer,43,Business Travel,Business,896,3,4,4,4,3,3,3,4,2,2,2,3,3,3.08,208,208,FALSE
Male,Loyal Customer,57,Business Travel,Business,859,4,4,4,4,5,5,4,5,5,4,5,5,4,4.46,0,0,TRUE
Male,Loyal Customer,68,Personal Travel,Eco Plus,866,4,5,4,1,4,4,4,4,3,3,4,3,4,3.62,0,0,FALSE
Male,Loyal Customer,65,Business Travel,Business,147,1,1,1,1,4,1,3,5,5,5,4,5,5,3.15,0,0,TRUE
Female,Loyal Customer,21,Personal Travel,Eco,762,3,3,3,4,5,3,3,5,1,5,3,2,5,3.46,48,72,FALSE
Male,Disloyal Customer,32,Business Travel,Business,479,4,4,4,5,2,4,2,2,5,5,4,4,2,3.62,14,18,FALSE
Female,Loyal Customer,16,Personal Travel,Eco,992,3,5,3,4,1,3,1,1,3,5,5,3,1,2.92,0,0,FALSE
Male,Loyal Customer,48,Personal Travel,Eco,2676,3,4,2,4,2,2,4,4,5,4,4,4,4,3.54,76,86,FALSE
Female,Loyal Customer,45,Business Travel,Eco,174,2,4,4,4,4,3,3,2,2,2,2,2,4,2.92,0,0,FALSE
Male,Loyal Customer,12,Personal Travel,Eco Plus,551,3,2,3,1,3,3,4,3,2,3,1,2,3,2.54,0,0,FALSE
Male,Loyal Customer,18,Business Travel,Business,224,4,2,2,2,1,1,4,1,4,1,4,4,1,2.38,0,0,FALSE
Female,Loyal Customer,44,Business Travel,Business,583,4,4,4,4,2,5,4,5,5,5,5,5,5,4.38,5,0,TRUE
Female,Disloyal Customer,24,Business Travel,Business,675,0,0,0,3,2,0,2,2,3,4,5,5,2,2.15,7,10,TRUE
Male,Disloyal Customer,22,Business Travel,Business,258,4,0,4,3,4,3,3,3,3,5,4,3,3,3.23,170,210,TRUE
Male,Loyal Customer,31,Business Travel,Business,2311,2,3,3,3,2,2,2,2,3,1,1,2,2,2.15,0,0,FALSE
Male,Loyal Customer,55,Business Travel,Business,2139,5,5,5,5,5,4,4,5,5,5,5,5,3,4.69,11,12,TRUE
Female,Loyal Customer,35,Personal Travel,Eco,547,5,4,5,3,2,5,2,2,3,3,4,2,2,3.23,0,0,TRUE
Male,Loyal Customer,52,Business Travel,Business,866,1,1,1,1,4,4,5,5,5,5,5,3,4,3.38,10,0,TRUE
Female,Loyal Customer,41,Business Travel,Business,1838,4,2,3,3,3,2,3,4,4,4,4,1,3,3.08,0,23,FALSE
Female,Loyal Customer,55,Business Travel,Business,1091,5,5,5,5,2,1,2,4,4,4,4,1,4,3.54,0,0,TRUE
Male,Loyal Customer,35,Personal Travel,Eco,190,3,3,3,4,4,3,4,4,3,5,3,4,4,3.62,20,15,FALSE
Male,Loyal Customer,40,Personal Travel,Eco,1587,2,3,2,2,1,2,1,1,2,1,3,2,1,1.77,0,0,FALSE
Male,Loyal Customer,53,Business Travel,Business,2763,4,4,4,4,2,5,2,5,5,4,5,3,3,3.85,0,0,TRUE
Male,Loyal Customer,27,Business Travel,Eco Plus,495,5,5,5,5,5,5,5,5,3,4,2,1,5,4.23,5,17,TRUE
Female,Loyal Customer,48,Personal Travel,Eco,328,3,3,3,4,3,4,3,3,3,3,3,4,3,3.23,0,0,FALSE
Male,Loyal Customer,46,Personal Travel,Eco,868,4,5,4,3,2,4,2,2,3,4,3,3,2,3.15,1,0,TRUE
Male,Loyal Customer,33,Business Travel,Business,300,1,1,1,1,4,4,4,4,2,1,1,2,4,2.31,0,0,TRUE
Female,Loyal Customer,23,Business Travel,Business,2081,2,2,2,2,3,3,3,3,1,2,4,2,3,2.46,47,39,TRUE
Female,Loyal Customer,26,Business Travel,Business,3163,4,4,4,4,5,4,5,5,4,5,5,4,5,4.46,0,0,TRUE
Male,Loyal Customer,24,Business Travel,Business,2173,1,1,1,1,5,5,5,5,5,2,3,5,5,3.38,19,5,TRUE
Female,Loyal Customer,32,Personal Travel,Business,407,1,4,1,1,3,1,3,3,3,1,5,4,3,2.54,24,12,FALSE
Male,Loyal Customer,67,Personal Travel,Eco,308,2,5,2,4,1,2,1,1,4,2,5,5,1,2.69,0,0,FALSE
Male,Loyal Customer,30,Personal Travel,Eco,585,3,5,3,5,2,3,2,2,5,2,5,5,2,3.38,0,0,FALSE
Male,Loyal Customer,26,Personal Travel,Eco,139,3,4,3,3,2,3,1,2,4,4,4,4,2,3,73,65,FALSE
Female,Loyal Customer,51,Business Travel,Business,1197,1,1,1,1,5,5,5,4,4,4,4,5,4,3.38,0,0,TRUE
Male,Loyal Customer,35,Business Travel,Business,1235,1,1,1,1,2,4,4,2,2,2,2,5,5,2.46,0,0,TRUE
Male,Loyal Customer,58,Business Travel,Eco Plus,190,4,2,2,2,4,4,4,4,1,3,3,1,4,2.92,28,16,FALSE
Male,Loyal Customer,48,Personal Travel,Eco,1437,4,5,4,3,2,4,2,2,4,4,4,4,2,3.38,51,38,FALSE
Male,Disloyal Customer,25,Business Travel,Eco,337,2,0,2,1,3,2,3,3,1,3,2,1,3,2,0,0,FALSE
Male,Loyal Customer,10,Personal Travel,Eco,1145,4,5,4,2,1,4,1,1,5,2,3,4,1,2.85,58,50,FALSE
Male,Loyal Customer,44,Business Travel,Business,370,1,1,1,1,5,4,5,2,2,2,2,4,3,2.54,0,0,TRUE
Female,Loyal Customer,51,Business Travel,Business,3049,1,3,3,3,4,2,2,1,1,1,1,2,1,1.92,0,0,FALSE
Female,Loyal Customer,79,Business Travel,Eco Plus,272,3,4,4,4,4,3,2,3,3,3,3,2,2,3.08,0,0,FALSE
Female,Loyal Customer,29,Business Travel,Business,1076,2,2,2,2,4,4,4,4,3,5,1,2,4,3,0,0,TRUE
Female,Loyal Customer,46,Business Travel,Business,1000,2,4,4,4,1,4,3,2,2,2,2,3,3,2.77,0,0,FALSE
Female,Loyal Customer,50,Business Travel,Business,2166,3,3,3,3,4,1,2,4,4,4,4,2,5,3.23,0,0,TRUE
Male,Disloyal Customer,31,Business Travel,Business,1167,2,3,3,4,3,3,5,3,3,4,4,1,3,3.15,0,0,FALSE
Female,Loyal Customer,45,Business Travel,Business,1342,3,4,4,4,3,3,3,2,1,2,2,3,3,2.85,186,181,FALSE
Male,Loyal Customer,48,Business Travel,Business,708,3,4,4,4,5,3,3,3,3,3,3,3,3,3.38,35,43,FALSE
Female,Loyal Customer,52,Business Travel,Business,224,1,1,1,1,2,4,5,5,5,5,5,3,3,3.15,1,14,TRUE
Male,Loyal Customer,47,Business Travel,Business,238,4,4,4,4,3,5,5,5,5,5,5,5,4,4.46,0,1,TRUE
Male,Loyal Customer,24,Business Travel,Business,3481,1,1,2,1,4,4,4,4,3,4,3,3,4,2.92,7,0,TRUE
Male,Disloyal Customer,22,Business Travel,Eco,790,3,3,3,3,3,1,1,5,4,3,1,1,1,2.46,0,0,FALSE
Female,Loyal Customer,63,Personal Travel,Eco,878,1,0,1,3,2,3,4,2,2,1,5,3,5,2.46,0,3,FALSE
Male,Loyal Customer,55,Personal Travel,Eco,581,2,4,2,3,2,2,2,2,5,5,4,4,2,3,12,11,FALSE
Male,Loyal Customer,65,Personal Travel,Eco,516,3,1,3,3,3,3,3,3,4,3,4,4,3,3.08,15,15,FALSE
Male,Loyal Customer,32,Personal Travel,Eco,259,3,0,3,4,4,3,4,4,3,3,4,5,4,3.38,7,0,FALSE
Male,Loyal Customer,11,Personal Travel,Eco,1744,4,3,4,3,2,4,2,2,4,5,2,2,2,3,33,27,TRUE
Male,Loyal Customer,40,Business Travel,Business,3983,4,1,1,1,2,3,3,3,3,3,4,1,2,2.38,39,24,FALSE
Female,Loyal Customer,50,Business Travel,Eco,1246,3,1,1,1,1,3,3,4,4,3,4,4,3,2.69,102,117,FALSE
Male,Loyal Customer,63,Personal Travel,Eco,2125,2,4,2,4,3,2,3,3,4,1,4,4,3,3,8,1,FALSE
Female,Disloyal Customer,24,Business Travel,Business,1250,3,1,3,4,1,3,1,1,3,3,3,1,1,2.15,12,0,FALSE
Male,Loyal Customer,47,Personal Travel,Eco,196,3,4,3,2,1,3,1,1,5,2,5,3,1,2.62,0,18,FALSE
Female,Loyal Customer,59,Business Travel,Business,1833,2,4,4,4,4,4,4,1,1,2,2,1,1,2.62,0,14,FALSE
Female,Loyal Customer,19,Personal Travel,Eco,2075,3,1,3,3,3,3,1,3,2,2,4,2,3,2.54,49,50,FALSE
Male,Loyal Customer,47,Business Travel,Eco,1438,3,2,2,2,3,3,3,3,2,4,4,4,3,2.92,3,3,FALSE
Female,Loyal Customer,60,Business Travel,Business,1089,3,3,3,3,3,4,4,4,4,4,4,4,5,3.69,2,0,TRUE
Female,Loyal Customer,35,Business Travel,Business,102,1,1,1,1,5,4,5,4,4,4,5,3,4,3.23,0,0,TRUE
Male,Disloyal Customer,61,Business Travel,Business,337,2,2,2,2,5,2,5,5,4,2,4,3,5,3.31,119,109,TRUE
Male,Loyal Customer,39,Personal Travel,Eco,148,2,5,0,3,5,0,5,5,3,4,3,5,5,3.46,13,18,FALSE
Female,Loyal Customer,46,Business Travel,Business,386,5,5,5,5,5,5,4,4,4,4,4,3,3,4.31,0,0,TRUE
Female,Loyal Customer,48,Business Travel,Business,1660,3,1,2,1,1,2,3,3,3,3,3,3,1,2.23,5,8,FALSE
Female,Loyal Customer,20,Business Travel,Eco,588,4,1,1,1,4,4,4,4,2,4,3,3,4,3,19,17,TRUE
Female,Loyal Customer,28,Business Travel,Business,2623,1,1,1,1,5,5,5,5,5,3,5,5,5,3.62,0,0,TRUE
Female,Loyal Customer,22,Personal Travel,Eco,2139,2,4,2,3,2,2,1,2,3,2,4,5,2,2.62,2,0,FALSE
Female,Loyal Customer,17,Personal Travel,Eco,1797,2,5,2,3,5,2,5,5,4,4,3,5,5,3.85,0,0,FALSE
Female,Loyal Customer,70,Personal Travel,Eco,764,2,4,3,3,4,4,5,4,4,3,5,5,5,3.92,1,0,FALSE
Female,Loyal Customer,51,Business Travel,Business,842,1,1,2,1,4,4,4,5,4,5,5,4,4,3.38,132,143,TRUE
Female,Disloyal Customer,34,Business Travel,Eco Plus,587,2,1,1,2,3,1,3,3,1,4,2,4,3,2.31,1,0,FALSE
Male,Loyal Customer,47,Business Travel,Eco,224,4,1,1,1,4,4,4,4,5,2,3,1,4,2.92,0,0,TRUE
Female,Loyal Customer,47,Business Travel,Business,1300,1,5,1,1,4,4,5,5,5,5,5,4,4,3.77,5,0,TRUE
Male,Disloyal Customer,43,Business Travel,Eco,697,2,2,2,2,3,2,3,3,1,1,5,4,3,2.54,40,24,FALSE
Female,Disloyal Customer,25,Business Travel,Eco,1369,5,5,5,2,1,5,1,1,3,2,5,5,1,3.15,0,0,TRUE
Male,Loyal Customer,35,Personal Travel,Eco,237,1,5,1,4,5,1,5,5,4,5,4,3,5,3.69,0,0,FALSE
Male,Loyal Customer,43,Business Travel,Business,2863,4,4,2,4,4,5,3,5,5,5,5,3,3,4,0,0,TRUE
Male,Loyal Customer,30,Business Travel,Business,3048,1,3,3,3,1,1,1,1,2,5,3,1,1,2,22,12,FALSE
Male,Loyal Customer,55,Business Travel,Eco,358,5,5,4,5,5,5,5,5,2,1,4,5,5,4.31,0,0,TRUE
Male,Disloyal Customer,37,Business Travel,Business,283,1,1,1,3,3,1,1,3,3,2,4,4,3,2.31,0,6,FALSE
Female,Loyal Customer,51,Business Travel,Business,2326,2,2,2,2,5,5,4,4,4,4,4,3,4,3.46,19,12,TRUE
Male,Loyal Customer,41,Business Travel,Business,3137,1,1,1,1,3,4,4,4,4,4,4,4,3,2.92,0,0,TRUE
Male,Loyal Customer,50,Business Travel,Business,448,2,2,2,2,5,4,5,2,2,2,2,4,4,2.92,0,0,TRUE
Male,Loyal Customer,59,Business Travel,Business,1464,1,1,1,1,3,4,4,4,4,4,4,5,5,3.15,0,0,TRUE
Female,Loyal Customer,32,Personal Travel,Eco,409,1,2,1,3,5,1,5,5,3,1,3,1,5,2.77,0,1,FALSE
Female,Loyal Customer,42,Personal Travel,Eco Plus,757,2,5,1,2,5,4,4,1,1,1,1,5,3,2.69,0,0,FALSE
Female,Loyal Customer,36,Personal Travel,Eco,213,2,0,2,2,3,2,3,3,4,2,5,5,3,2.77,0,0,FALSE
Female,Loyal Customer,69,Personal Travel,Eco,345,1,3,1,4,5,4,4,4,4,1,4,4,2,3.15,0,0,FALSE
Female,Loyal Customer,9,Personal Travel,Eco,354,3,5,3,1,4,3,4,4,1,1,5,4,4,3.23,2,9,FALSE
Male,Loyal Customer,46,Business Travel,Business,1735,1,1,1,1,4,3,5,5,5,4,5,4,5,3.38,8,0,TRUE
Male,Disloyal Customer,24,Business Travel,Eco,128,4,0,4,1,2,4,5,2,5,5,3,5,2,3.23,0,0,TRUE
Female,Disloyal Customer,22,Business Travel,Business,1310,4,0,4,5,4,4,2,4,4,3,5,5,4,3.69,0,0,TRUE
Male,Loyal Customer,22,Business Travel,Business,944,2,2,3,2,2,2,2,2,2,3,3,3,2,2.31,29,35,FALSE
Male,Disloyal Customer,21,Business Travel,Eco,773,3,3,3,2,4,3,4,4,4,4,4,4,4,3.54,0,3,FALSE
Male,Loyal Customer,42,Personal Travel,Eco,2607,5,3,5,3,4,5,2,4,5,1,5,1,4,3.62,1,0,TRUE
Male,Disloyal Customer,31,Business Travel,Business,1164,1,1,1,3,1,1,1,1,3,2,3,1,1,1.54,4,0,FALSE
Male,Disloyal Customer,24,Business Travel,Eco,1046,5,5,5,3,1,5,1,1,3,2,1,3,1,2.77,112,108,TRUE
Male,Loyal Customer,37,Personal Travel,Eco,399,2,4,2,3,3,2,3,3,4,4,3,4,3,3.08,0,0,FALSE
Female,Loyal Customer,51,Business Travel,Business,458,1,4,2,4,4,3,3,1,1,1,1,1,3,2.23,1,4,FALSE
Male,Loyal Customer,53,Business Travel,Business,2556,3,3,3,3,5,5,5,3,3,3,4,5,5,3.85,0,0,TRUE
Female,Loyal Customer,41,Personal Travel,Eco,270,3,3,3,3,2,3,1,2,3,5,3,4,2,2.85,0,0,FALSE
Male,Loyal Customer,37,Business Travel,Eco,509,4,2,2,2,4,4,4,4,4,2,4,5,4,3.46,0,3,TRUE
Female,Disloyal Customer,22,Business Travel,Eco,125,3,0,3,2,5,3,4,5,4,4,3,2,5,3.31,88,91,FALSE
Male,Loyal Customer,65,Personal Travel,Eco,562,4,4,5,4,2,5,2,2,1,3,4,3,2,3.15,0,5,TRUE
Male,Loyal Customer,29,Personal Travel,Business,1084,2,5,2,3,3,2,3,3,4,4,5,5,3,3.38,1,0,FALSE
Male,Loyal Customer,49,Business Travel,Business,3887,2,5,5,5,2,2,3,2,2,2,2,2,3,2.85,0,0,FALSE
Male,Disloyal Customer,25,Business Travel,Business,226,2,0,2,3,4,2,4,4,3,5,5,4,4,3.23,0,0,FALSE
Female,Disloyal Customer,29,Business Travel,Business,965,0,0,0,1,1,5,4,1,3,5,4,4,1,2.23,0,6,TRUE
Female,Loyal Customer,55,Business Travel,Business,3501,1,1,2,1,5,2,1,4,4,4,4,4,4,2.85,30,29,TRUE
Male,Loyal Customer,58,Personal Travel,Eco,589,3,4,3,4,4,3,4,4,4,5,5,5,4,4,8,20,FALSE
Female,Loyal Customer,51,Personal Travel,Eco,1096,1,5,1,5,4,3,5,4,4,1,4,4,3,3.38,0,0,FALSE
Female,Loyal Customer,41,Personal Travel,Eco,655,2,5,2,3,4,2,1,4,4,3,5,4,4,3.31,0,0,FALSE
Male,Loyal Customer,29,Business Travel,Business,563,4,4,4,4,5,5,5,5,4,2,2,2,5,3.92,0,0,TRUE
Female,Loyal Customer,27,Business Travel,Business,2676,4,3,3,3,4,4,4,4,2,3,3,1,4,3.23,0,0,FALSE
Female,Loyal Customer,44,Personal Travel,Eco,325,3,3,3,3,5,2,1,3,3,3,2,1,3,2.69,0,0,FALSE
Female,Loyal Customer,70,Business Travel,Business,1426,3,4,4,4,1,4,3,3,3,3,3,1,3,3,0,2,FALSE
Female,Disloyal Customer,34,Business Travel,Business,370,4,4,4,2,5,4,5,5,4,2,5,4,5,4.08,129,123,FALSE
Female,Disloyal Customer,19,Business Travel,Eco,1009,2,2,2,3,5,2,5,5,2,5,4,1,5,3.31,0,0,FALSE
Female,Loyal Customer,67,Personal Travel,Eco Plus,1504,4,5,4,2,5,3,3,5,5,4,5,1,5,3.92,6,0,FALSE
Male,Loyal Customer,14,Personal Travel,Eco Plus,2556,3,3,3,3,2,3,2,2,1,2,4,4,2,2.62,22,25,FALSE
Female,Loyal Customer,52,Business Travel,Business,427,2,3,3,3,4,4,4,2,2,2,2,1,4,2.77,4,7,FALSE
Female,Disloyal Customer,22,Business Travel,Business,510,4,0,4,4,2,4,2,2,5,3,4,3,2,3,34,50,TRUE
Female,Loyal Customer,58,Personal Travel,Eco,399,4,3,4,4,4,1,4,4,4,4,3,4,4,3.62,0,0,FALSE
Female,Disloyal Customer,26,Business Travel,Business,139,2,4,2,3,4,2,4,4,3,3,5,4,4,3.38,0,0,FALSE
Female,Loyal Customer,29,Business Travel,Eco Plus,845,0,0,0,4,5,0,3,5,4,3,4,2,5,2.69,99,100,TRUE
Female,Loyal Customer,42,Personal Travel,Eco,283,1,4,1,1,4,4,4,4,4,1,4,3,4,3,1,0,FALSE
Male,Loyal Customer,19,Business Travel,Business,226,1,3,3,3,1,1,1,1,3,3,3,3,1,2.08,29,26,FALSE
Male,Loyal Customer,44,Personal Travel,Eco,528,2,4,2,2,5,2,5,5,3,5,5,3,5,3.69,0,0,FALSE
Female,Loyal Customer,23,Business Travel,Eco,602,4,4,4,4,4,4,2,4,2,2,3,2,4,3.31,18,14,FALSE
Male,Loyal Customer,37,Personal Travel,Eco,802,0,4,0,5,4,0,4,4,4,3,4,3,4,3,0,0,TRUE
Male,Loyal Customer,33,Personal Travel,Eco,2402,2,1,2,3,2,1,1,3,2,3,3,1,1,1.92,0,0,FALSE
Female,Disloyal Customer,23,Business Travel,Business,2237,0,0,0,2,2,0,2,2,3,2,5,5,2,1.92,0,0,TRUE
Male,Loyal Customer,42,Business Travel,Eco,277,4,4,2,4,4,4,4,4,2,3,3,3,4,3.46,87,64,FALSE
Male,Loyal Customer,11,Personal Travel,Eco,1208,3,3,3,2,4,3,2,4,3,1,2,3,4,2.85,0,17,FALSE
Male,Disloyal Customer,43,Business Travel,Eco,397,1,0,1,5,1,1,1,1,5,4,5,3,1,2.23,2,13,FALSE
Male,Loyal Customer,43,Business Travel,Business,3894,2,2,2,2,2,5,4,5,5,5,4,5,5,3.69,0,0,TRUE
Female,Loyal Customer,30,Business Travel,Business,489,2,2,2,2,4,4,4,4,4,5,4,5,4,3.54,0,0,TRUE
Female,Loyal Customer,59,Personal Travel,Eco,551,4,3,4,4,1,4,4,2,2,4,2,1,3,2.92,52,120,FALSE
Female,Loyal Customer,50,Business Travel,Business,1515,2,2,2,2,2,3,5,4,4,4,4,5,1,3.08,0,0,TRUE
Male,Loyal Customer,55,Business Travel,Business,1389,2,2,2,2,5,3,4,2,2,2,2,4,3,2.69,4,1,FALSE
Female,Loyal Customer,28,Personal Travel,Eco,929,4,5,4,3,2,4,2,2,5,5,4,3,2,3.46,20,17,FALSE
Male,Loyal Customer,46,Business Travel,Business,759,4,4,4,4,5,5,5,5,5,5,5,3,3,4.38,0,0,TRUE
Female,Loyal Customer,50,Personal Travel,Eco,1608,1,2,1,3,1,2,4,3,3,1,3,1,1,2,0,0,FALSE
Female,Loyal Customer,38,Business Travel,Business,3293,5,5,5,5,5,1,2,5,5,5,5,2,5,4.23,0,0,TRUE
Male,Loyal Customer,63,Personal Travel,Eco,967,4,4,4,3,3,4,3,3,2,3,4,2,3,3.23,9,36,FALSE
Male,Loyal Customer,50,Personal Travel,Eco Plus,1979,3,3,3,2,5,3,5,5,5,1,5,4,5,3.77,4,2,FALSE
Male,Loyal Customer,39,Business Travel,Business,2178,4,4,4,4,2,5,4,5,5,5,5,4,5,4.31,36,39,TRUE
Male,Loyal Customer,46,Business Travel,Eco,102,4,5,5,5,4,4,4,4,5,2,2,5,4,4.08,4,8,TRUE
Female,Loyal Customer,57,Business Travel,Business,213,4,4,4,4,4,5,4,5,5,5,5,5,5,4.54,0,0,TRUE
Female,Loyal Customer,63,Personal Travel,Eco,463,4,5,4,4,1,5,4,1,1,4,1,4,5,3.31,0,0,FALSE
Female,Disloyal Customer,39,Business Travel,Eco,110,3,3,3,3,5,3,5,5,3,5,4,3,5,3.85,30,19,FALSE
Female,Disloyal Customer,50,Business Travel,Business,1452,1,1,1,4,1,1,1,1,4,2,5,4,1,2.08,1,4,FALSE
Male,Loyal Customer,42,Business Travel,Business,1548,1,1,1,1,3,4,5,5,5,5,5,5,4,3.46,0,0,TRUE
Female,Loyal Customer,26,Business Travel,Business,977,3,4,5,5,3,3,3,3,2,3,3,1,3,3.15,8,15,FALSE
Female,Loyal Customer,9,Personal Travel,Eco Plus,351,3,3,3,2,2,3,3,2,1,1,2,4,2,2.38,20,28,FALSE
Female,Disloyal Customer,38,Business Travel,Business,691,3,3,3,2,4,3,4,4,5,5,5,3,4,3.69,0,0,FALSE
Female,Loyal Customer,32,Business Travel,Business,3144,1,1,1,1,3,4,3,3,3,3,5,5,3,2.77,80,83,TRUE
Male,Disloyal Customer,24,Business Travel,Eco Plus,986,3,3,3,3,5,3,5,5,4,4,3,2,5,3.69,18,3,FALSE
Male,Loyal Customer,41,Business Travel,Business,2419,5,5,4,5,5,5,4,5,5,5,5,4,4,4.69,0,5,TRUE
Female,Loyal Customer,26,Business Travel,Business,1846,3,3,1,3,5,5,5,5,4,5,5,4,5,4.08,11,1,TRUE
Male,Loyal Customer,42,Personal Travel,Eco,848,5,4,5,1,4,5,4,4,3,5,4,5,4,4.08,23,18,TRUE
Male,Disloyal Customer,25,Business Travel,Eco,1024,2,2,2,3,2,5,5,1,2,3,4,5,5,3.15,174,166,FALSE
Female,Disloyal Customer,22,Business Travel,Eco,991,3,3,3,1,3,3,2,3,4,1,1,4,3,2.62,0,0,FALSE
Male,Disloyal Customer,63,Business Travel,Business,363,3,3,3,3,2,3,2,2,3,2,3,3,2,2.62,53,35,FALSE
Male,Loyal Customer,10,Personal Travel,Eco,125,2,5,2,1,5,2,5,5,5,1,1,4,5,3.31,6,9,FALSE
Male,Loyal Customer,36,Personal Travel,Eco,314,2,4,2,1,4,2,4,4,3,5,4,4,4,3.31,6,1,FALSE
Female,Loyal Customer,38,Business Travel,Eco,606,3,5,5,5,3,3,3,3,1,5,4,3,3,3.54,0,12,FALSE
Female,Loyal Customer,32,Personal Travel,Eco,1607,3,4,3,1,3,3,3,3,5,2,4,4,3,3.15,0,0,FALSE
Male,Disloyal Customer,18,Business Travel,Business,305,5,5,5,2,5,5,1,5,4,5,5,3,5,4.23,3,0,TRUE
Female,Loyal Customer,19,Personal Travel,Business,1416,4,2,4,3,1,4,1,1,2,2,3,3,1,2.38,0,0,TRUE
Female,Loyal Customer,51,Business Travel,Business,1584,1,1,1,1,3,5,5,5,5,5,5,3,3,3.31,0,6,TRUE
Male,Loyal Customer,11,Business Travel,Eco,689,3,2,2,2,3,3,1,3,3,1,2,2,3,2.31,53,39,FALSE
Male,Disloyal Customer,21,Business Travel,Eco,213,5,0,5,4,5,5,5,5,4,4,5,5,5,4.38,0,0,TRUE
Male,Loyal Customer,52,Business Travel,Business,1107,3,3,3,3,5,4,4,5,5,5,5,4,5,4.15,0,2,TRUE
Male,Disloyal Customer,25,Business Travel,Business,280,1,5,1,2,4,1,4,4,1,1,5,1,4,2.62,0,2,FALSE
Female,Disloyal Customer,37,Business Travel,Business,326,4,4,4,2,4,4,4,4,4,5,5,4,4,4,276,293,TRUE
Male,Loyal Customer,56,Personal Travel,Eco,391,0,4,0,5,3,0,1,3,3,3,3,1,3,2.23,0,0,TRUE
Male,Loyal Customer,53,Business Travel,Business,2699,4,4,4,4,2,4,5,3,3,4,4,5,4,3.85,77,79,TRUE
Male,Disloyal Customer,21,Business Travel,Eco,174,4,0,4,4,3,4,3,3,2,1,1,1,3,2.54,6,3,FALSE
Female,Disloyal Customer,30,Business Travel,Eco,612,3,4,3,4,2,3,5,2,2,5,4,2,2,3.15,67,64,FALSE
Male,Loyal Customer,38,Business Travel,Business,222,2,2,2,2,3,4,3,5,5,5,5,5,5,3.69,0,0,TRUE
Male,Loyal Customer,37,Personal Travel,Eco,919,1,5,1,2,1,3,2,5,3,4,5,2,2,2.77,188,184,FALSE
Female,Disloyal Customer,39,Business Travel,Business,1390,2,2,2,4,3,2,3,3,4,1,4,3,3,2.77,28,22,FALSE
Male,Disloyal Customer,33,Business Travel,Business,581,3,3,3,5,4,3,4,4,4,3,5,4,4,3.77,0,0,FALSE
Female,Loyal Customer,36,Business Travel,Eco,801,4,1,1,1,4,4,4,4,3,2,1,5,4,2.92,9,25,TRUE
Female,Loyal Customer,41,Business Travel,Business,3638,2,2,2,2,4,4,5,4,4,4,4,4,5,3.54,9,3,TRUE
Male,Loyal Customer,41,Business Travel,Business,3265,3,3,3,3,2,4,4,4,4,4,4,3,3,3.38,0,0,TRUE
Female,Loyal Customer,18,Personal Travel,Business,413,5,4,5,4,5,5,2,5,3,4,5,3,5,4.23,7,0,TRUE
Female,Loyal Customer,32,Business Travel,Business,2129,3,3,3,3,4,4,5,4,4,5,4,4,4,3.85,0,0,TRUE
Female,Disloyal Customer,22,Business Travel,Eco,954,2,3,3,3,3,3,1,3,3,4,4,3,3,2.92,0,14,FALSE
Male,Loyal Customer,30,Personal Travel,Eco,1399,2,4,2,3,2,2,2,2,5,2,5,4,2,2.85,0,0,FALSE
Male,Disloyal Customer,27,Business Travel,Business,1372,4,4,4,3,2,4,2,2,4,5,5,3,2,3.38,60,22,FALSE
Male,Loyal Customer,25,Personal Travel,Eco,583,1,4,1,4,3,1,3,3,4,4,4,5,3,3.08,0,0,FALSE
Female,Loyal Customer,40,Business Travel,Business,1698,5,5,5,5,5,5,4,4,4,4,4,5,3,4.46,0,0,TRUE
Female,Loyal Customer,31,Business Travel,Eco,347,1,1,1,1,1,2,1,1,2,2,3,4,1,1.62,0,11,FALSE
Female,Loyal Customer,43,Business Travel,Business,481,3,1,1,1,2,2,2,3,3,4,3,2,1,2.15,0,0,FALSE
Male,Loyal Customer,50,Business Travel,Eco,599,2,2,2,2,2,2,2,2,2,1,3,1,2,1.92,0,0,FALSE
Male,Loyal Customer,30,Business Travel,Eco Plus,231,3,3,3,3,3,3,3,3,4,1,3,2,3,2.85,37,22,FALSE
Female,Disloyal Customer,15,Business Travel,Eco,1084,1,1,1,5,1,5,2,3,5,5,4,2,2,2.85,152,153,FALSE
Female,Loyal Customer,57,Business Travel,Business,1672,3,3,3,3,3,4,5,4,4,4,4,3,4,3.62,0,0,TRUE
Male,Loyal Customer,26,Personal Travel,Eco,209,3,3,3,2,4,3,4,4,3,3,3,5,4,3.38,0,0,FALSE
Male,Loyal Customer,17,Personal Travel,Business,212,5,4,5,5,2,5,2,2,3,3,5,4,2,3.62,0,0,TRUE
Male,Loyal Customer,56,Business Travel,Business,543,5,5,5,5,4,4,4,2,2,2,2,5,5,3.85,0,0,TRUE
Female,Loyal Customer,55,Business Travel,Business,2431,1,2,2,2,3,3,4,2,2,2,1,4,4,2.46,0,0,FALSE
Male,Loyal Customer,36,Business Travel,Business,337,0,0,0,2,5,4,5,5,5,5,5,3,3,3.23,13,0,TRUE
Female,Loyal Customer,15,Personal Travel,Eco,862,1,4,1,1,1,1,2,1,4,5,5,5,1,2.46,5,0,FALSE
Male,Loyal Customer,32,Personal Travel,Eco,596,4,4,4,4,2,4,2,2,4,5,4,4,2,3.46,0,0,FALSE
Female,Loyal Customer,54,Business Travel,Business,3936,2,2,2,2,4,5,4,5,5,5,5,4,5,3.85,0,0,TRUE
Male,Loyal Customer,17,Personal Travel,Eco,733,2,3,2,2,1,2,1,1,5,5,4,5,1,2.62,0,0,FALSE
Female,Loyal Customer,32,Personal Travel,Eco,431,3,5,3,2,2,3,4,2,1,3,4,4,2,2.92,71,95,FALSE
Female,Loyal Customer,30,Business Travel,Eco Plus,793,3,1,4,1,3,3,3,3,2,2,3,3,3,2.62,90,76,FALSE
Female,Disloyal Customer,25,Business Travel,Eco,999,1,1,1,2,1,1,1,1,5,1,1,3,1,1.54,0,0,FALSE
Female,Loyal Customer,45,Business Travel,Business,687,1,1,1,1,5,5,5,4,4,4,4,4,4,3.31,1,0,TRUE
Male,Loyal Customer,46,Business Travel,Business,546,1,1,1,1,3,5,5,5,5,5,5,5,4,3.54,6,0,TRUE
Female,Disloyal Customer,37,Business Travel,Eco,591,1,0,1,2,4,1,3,4,4,1,5,2,4,2.46,0,0,FALSE
Male,Loyal Customer,12,Personal Travel,Eco,590,2,5,3,4,5,3,5,5,5,1,1,3,5,3.62,0,0,FALSE
Female,Disloyal Customer,38,Business Travel,Business,992,2,2,2,1,1,2,1,1,5,4,4,5,1,2.38,0,1,FALSE
Male,Disloyal Customer,25,Business Travel,Eco,1237,4,4,4,5,2,4,2,2,4,1,4,2,2,3.08,1,0,FALSE
Female,Loyal Customer,37,Business Travel,Business,605,5,5,2,5,2,4,5,5,5,5,5,4,3,4.23,13,4,TRUE
Female,Disloyal Customer,38,Business Travel,Business,302,5,5,5,5,4,5,4,4,5,3,4,3,4,4.31,0,0,TRUE
Female,Disloyal Customer,23,Business Travel,Eco,417,4,0,5,4,3,5,3,3,3,1,3,1,3,2.92,25,12,FALSE
Male,Loyal Customer,65,Business Travel,Eco Plus,226,4,2,2,2,4,4,4,4,4,1,3,4,4,3.23,0,0,FALSE
Male,Loyal Customer,51,Business Travel,Business,3235,5,5,5,5,3,5,5,5,5,5,5,3,5,4.69,0,0,TRUE
Female,Disloyal Customer,28,Business Travel,Business,600,3,3,3,2,5,3,5,5,3,5,5,3,5,3.85,0,0,FALSE
Female,Loyal Customer,44,Personal Travel,Business,1089,5,3,5,3,5,3,3,1,1,5,1,2,1,2.92,11,0,TRUE
Female,Loyal Customer,40,Business Travel,Business,3632,4,1,1,1,5,3,3,4,4,3,4,3,4,3.08,0,0,FALSE
Male,Loyal Customer,39,Business Travel,Business,2172,5,5,5,5,4,4,5,4,4,4,4,4,4,4.38,0,0,TRUE
Female,Loyal Customer,63,Personal Travel,Eco,580,3,5,3,2,5,4,4,2,2,3,3,4,4,3.38,0,0,FALSE
Female,Loyal Customer,46,Business Travel,Business,120,2,2,3,2,4,5,4,4,4,4,4,4,3,3.46,0,0,TRUE
Female,Loyal Customer,40,Business Travel,Eco,2583,4,5,3,5,4,4,4,1,4,4,4,4,4,3.85,23,19,FALSE
Female,Loyal Customer,59,Business Travel,Business,3724,3,3,5,3,5,5,5,4,4,4,4,4,5,4.15,0,6,TRUE
Female,Loyal Customer,41,Business Travel,Business,2850,4,4,4,4,5,1,5,5,5,5,5,4,2,4.08,2,0,TRUE
Male,Loyal Customer,33,Business Travel,Business,2621,5,5,5,5,4,4,4,4,5,2,5,3,4,4.23,0,0,TRUE
Female,Loyal Customer,25,Business Travel,Business,1927,2,2,2,2,4,4,4,4,5,5,3,4,4,3.46,0,0,TRUE
Female,Disloyal Customer,30,Business Travel,Eco Plus,678,2,2,2,3,4,2,4,4,3,1,3,3,4,2.85,0,0,FALSE
Female,Disloyal Customer,23,Business Travel,Eco,334,1,4,0,4,1,0,1,1,1,2,4,2,1,1.69,17,9,FALSE
Female,Loyal Customer,47,Business Travel,Business,1702,5,5,5,5,4,5,4,3,3,4,3,3,5,4.15,5,18,TRUE
Male,Loyal Customer,47,Personal Travel,Eco,468,3,4,3,1,2,3,2,2,4,4,5,3,2,2.92,20,14,FALSE
Male,Loyal Customer,43,Business Travel,Business,3059,4,4,4,4,3,4,5,4,4,4,4,5,4,4.08,56,65,TRUE
Female,Loyal Customer,24,Business Travel,Business,274,5,1,5,5,4,4,4,4,2,2,1,2,4,3.31,0,3,TRUE
Female,Loyal Customer,54,Personal Travel,Eco,342,1,3,1,4,3,5,4,3,3,1,3,3,5,3,31,9,FALSE
Female,Disloyal Customer,36,Business Travel,Eco,689,3,3,3,4,3,2,2,1,4,3,4,2,2,2.77,143,126,FALSE
Male,Disloyal Customer,38,Business Travel,Eco,524,3,2,3,4,4,3,5,4,2,2,4,1,4,3.15,12,17,FALSE
Male,Loyal Customer,46,Business Travel,Eco Plus,337,4,5,5,5,4,4,4,4,4,4,4,1,4,4,0,0,FALSE
Male,Loyal Customer,23,Business Travel,Business,2614,1,1,1,1,4,4,4,1,1,5,2,4,4,2.54,0,60,TRUE
Male,Loyal Customer,47,Business Travel,Business,3253,2,4,2,2,4,4,4,4,4,4,4,4,3,3.46,0,0,TRUE
Male,Loyal Customer,37,Personal Travel,Eco,239,1,3,0,4,1,0,1,1,3,2,3,3,1,1.77,0,8,FALSE
Male,Loyal Customer,58,Business Travel,Business,3879,0,4,0,2,3,4,5,3,3,3,3,4,5,3,7,15,TRUE
Male,Disloyal Customer,44,Business Travel,Business,590,3,3,3,1,1,3,1,1,3,3,5,3,1,2.38,0,0,FALSE
Female,Loyal Customer,20,Personal Travel,Eco,404,2,4,2,3,3,2,3,3,4,5,5,4,3,3.31,0,0,FALSE
Female,Loyal Customer,37,Business Travel,Business,419,4,4,4,4,2,3,1,5,5,5,5,4,1,3.62,0,0,TRUE
Male,Loyal Customer,37,Business Travel,Business,3768,4,4,4,4,5,5,5,5,5,4,5,4,4,4.46,11,17,TRUE
Male,Disloyal Customer,43,Business Travel,Business,406,4,4,4,3,3,4,3,3,5,4,4,4,3,3.69,20,21,TRUE
Male,Loyal Customer,30,Business Travel,Business,3377,4,4,4,4,5,5,5,5,3,3,5,2,5,4.15,5,0,TRUE
Female,Disloyal Customer,12,Business Travel,Eco,483,1,1,1,4,2,1,2,2,3,5,4,1,2,2.23,0,0,FALSE
Male,Loyal Customer,19,Business Travel,Business,2172,2,1,2,1,2,2,2,2,3,4,1,4,2,2.15,0,0,FALSE
Male,Loyal Customer,59,Business Travel,Business,342,4,1,1,1,1,3,3,4,4,3,4,1,4,2.62,0,16,FALSE
Female,Loyal Customer,74,Business Travel,Business,3287,2,2,2,2,2,1,4,4,4,4,4,3,5,3,0,0,TRUE
Female,Disloyal Customer,30,Business Travel,Eco,764,2,2,2,4,3,2,3,3,1,1,4,4,3,2.62,26,4,FALSE
Female,Loyal Customer,44,Business Travel,Eco,461,4,4,4,4,2,3,1,4,4,4,4,1,1,3.08,0,0,TRUE
Male,Loyal Customer,52,Business Travel,Business,386,2,2,2,2,2,2,5,5,5,5,5,4,4,3.46,24,16,TRUE
Male,Disloyal Customer,52,Business Travel,Business,493,3,3,3,2,3,3,3,3,4,2,4,3,3,3,0,0,FALSE
Male,Disloyal Customer,27,Business Travel,Business,868,0,0,0,4,5,0,5,5,3,3,4,5,5,3,3,0,TRUE
Male,Loyal Customer,60,Business Travel,Business,399,3,3,3,3,4,2,3,4,4,4,4,3,2,3.23,55,50,TRUE
Male,Loyal Customer,48,Business Travel,Business,1547,3,3,3,3,2,5,5,4,4,5,4,5,5,3.92,0,0,TRUE
Female,Loyal Customer,67,Personal Travel,Eco,110,2,4,2,4,3,3,3,2,2,2,4,2,3,2.77,2,3,FALSE
Male,Loyal Customer,68,Business Travel,Business,1521,1,0,0,3,4,3,3,1,1,0,1,2,3,1.69,14,11,FALSE
Female,Disloyal Customer,40,Business Travel,Business,315,3,3,3,1,3,3,3,3,5,4,4,5,3,3.31,2,0,FALSE
Male,Loyal Customer,40,Personal Travel,Eco,642,1,4,1,5,3,1,3,3,3,4,2,2,3,2.69,0,0,FALSE
Female,Loyal Customer,56,Business Travel,Business,2040,4,4,4,4,5,5,4,4,4,4,4,4,4,4.15,2,4,TRUE
Female,Loyal Customer,34,Business Travel,Business,1725,4,3,4,4,2,4,4,5,5,5,5,3,3,3.92,112,80,TRUE
Male,Disloyal Customer,36,Business Travel,Eco,964,2,2,2,3,2,2,3,2,4,5,1,1,2,2.38,0,0,FALSE
Female,Disloyal Customer,20,Business Travel,Eco,395,3,1,4,4,4,4,3,4,2,2,4,1,4,3.08,0,0,FALSE
Male,Loyal Customer,41,Business Travel,Business,1076,3,3,3,3,5,3,4,3,3,3,3,3,4,3.31,8,30,FALSE
Female,Loyal Customer,45,Business Travel,Business,3409,2,2,2,2,5,4,5,1,1,2,1,4,5,2.77,0,0,TRUE
Female,Loyal Customer,18,Personal Travel,Eco,599,1,4,1,4,3,1,3,3,2,1,3,2,3,2.38,0,0,FALSE
Female,Loyal Customer,59,Personal Travel,Eco,280,3,5,5,5,3,4,4,1,1,5,1,5,4,3.54,3,1,FALSE
Female,Loyal Customer,60,Business Travel,Eco,141,4,1,1,1,5,5,3,4,4,4,4,5,5,3.54,2,0,TRUE
Female,Loyal Customer,54,Business Travel,Business,3195,2,1,2,2,2,4,5,2,2,2,2,4,4,2.62,29,22,TRUE
Female,Loyal Customer,57,Business Travel,Business,541,5,5,5,5,4,4,4,4,4,4,4,5,3,4.31,0,0,TRUE
Female,Loyal Customer,53,Personal Travel,Business,393,4,5,3,2,2,4,5,4,4,3,4,3,4,3.62,0,0,TRUE
Male,Loyal Customer,27,Business Travel,Business,3538,2,2,2,2,4,4,4,4,3,5,2,3,4,3.15,21,107,TRUE
Female,Loyal Customer,48,Business Travel,Business,2701,4,4,4,4,5,4,5,5,5,5,5,1,1,4,5,0,TRUE
Female,Loyal Customer,54,Business Travel,Eco,501,5,3,3,3,4,5,4,5,5,5,5,3,1,3.92,0,0,TRUE
Female,Loyal Customer,40,Business Travel,Eco Plus,406,2,1,1,1,2,2,2,2,5,5,3,2,2,2.31,0,5,TRUE
Female,Disloyal Customer,36,Business Travel,Eco,174,1,4,1,2,2,1,2,2,3,3,1,3,2,2.08,0,0,FALSE
Male,Loyal Customer,57,Personal Travel,Eco,425,3,1,3,3,5,3,5,5,2,4,3,3,5,3.46,127,118,FALSE
Female,Disloyal Customer,23,Business Travel,Eco,404,5,0,5,3,3,5,4,3,4,1,3,2,3,3.15,0,3,TRUE
Female,Loyal Customer,18,Personal Travel,Eco,1079,2,1,2,2,2,4,4,2,2,2,3,4,4,2.62,184,179,FALSE
Female,Disloyal Customer,42,Business Travel,Business,1464,2,2,2,3,2,2,1,2,4,5,4,3,2,2.62,0,0,FALSE
Male,Loyal Customer,44,Business Travel,Business,1754,5,5,5,5,5,4,5,5,5,5,5,3,3,4.62,8,13,TRUE
Male,Disloyal Customer,25,Business Travel,Eco,663,2,4,2,4,4,2,4,4,3,1,1,1,4,2.77,0,0,FALSE
Male,Loyal Customer,54,Personal Travel,Eco Plus,991,4,4,4,5,2,4,2,2,3,2,5,4,2,3.31,0,0,TRUE
Male,Disloyal Customer,22,Business Travel,Eco,462,1,3,1,1,1,1,1,1,3,4,4,3,1,1.92,0,0,FALSE
Male,Loyal Customer,54,Business Travel,Eco Plus,231,2,3,3,3,1,2,1,1,4,1,4,4,1,2.31,0,0,FALSE
Female,Loyal Customer,56,Personal Travel,Eco,861,3,4,3,3,2,4,4,3,3,3,3,5,4,3.38,13,27,FALSE
Female,Loyal Customer,44,Business Travel,Eco,899,2,2,2,2,4,5,5,2,2,2,2,1,5,2.77,41,24,TRUE
Male,Disloyal Customer,55,Business Travel,Business,1773,2,2,2,1,4,2,5,4,5,2,4,5,4,3.23,1,0,FALSE
Female,Disloyal Customer,23,Business Travel,Eco,223,2,5,2,3,4,2,4,4,3,5,4,3,4,3.46,37,30,FALSE
Male,Loyal Customer,41,Business Travel,Business,481,2,2,2,2,1,4,4,5,5,5,5,4,3,3.38,3,0,TRUE
Female,Loyal Customer,43,Business Travel,Business,2470,3,3,5,3,2,4,4,2,2,2,3,3,2,2.92,14,3,FALSE
Female,Disloyal Customer,35,Business Travel,Eco,601,2,0,2,3,2,2,2,2,4,2,3,5,2,2.38,0,0,FALSE
Male,Disloyal Customer,38,Business Travel,Business,226,4,4,4,3,1,4,1,1,5,4,4,4,1,3.08,3,2,TRUE
Male,Loyal Customer,50,Business Travel,Business,1590,4,4,4,4,3,4,4,4,4,4,4,4,3,3.85,0,11,TRUE
Male,Loyal Customer,56,Business Travel,Business,1096,3,3,5,3,2,5,4,5,5,5,5,4,4,4.08,0,0,TRUE
Male,Loyal Customer,42,Business Travel,Business,2023,2,2,4,2,4,5,4,4,4,4,4,4,4,3.62,31,20,TRUE
Male,Loyal Customer,54,Business Travel,Business,1662,1,1,1,1,2,4,4,5,5,5,5,5,4,3.31,0,0,TRUE
Male,Disloyal Customer,29,Business Travel,Eco,550,4,2,4,2,3,4,3,3,4,4,2,2,3,3.08,49,34,FALSE
Female,Loyal Customer,32,Business Travel,Eco,846,5,4,4,4,5,5,5,5,3,1,1,3,5,3.85,0,0,TRUE
Male,Loyal Customer,42,Business Travel,Eco Plus,143,1,3,3,3,1,1,1,1,4,5,3,4,1,2.38,41,37,FALSE
Female,Loyal Customer,62,Personal Travel,Eco,347,3,3,3,4,3,4,4,5,5,3,5,1,3,3.54,1,8,FALSE
Female,Loyal Customer,43,Business Travel,Business,357,2,2,2,2,2,4,5,2,2,2,2,4,4,2.69,0,0,TRUE
Male,Loyal Customer,22,Business Travel,Eco,300,5,2,2,2,5,5,3,5,4,3,2,5,5,3.69,16,28,TRUE
Female,Loyal Customer,22,Business Travel,Eco Plus,541,3,5,5,5,3,3,1,3,2,5,4,2,3,3.38,0,0,FALSE
Female,Loyal Customer,31,Business Travel,Business,3846,3,2,2,2,2,2,3,2,3,3,4,1,2,2.38,16,18,FALSE
Female,Loyal Customer,38,Business Travel,Business,2597,3,4,4,4,4,3,3,3,3,3,3,1,4,3.23,0,11,FALSE
Male,Loyal Customer,37,Personal Travel,Eco,650,2,3,3,4,5,3,5,5,3,2,4,4,5,3.69,0,0,FALSE
Male,Loyal Customer,55,Business Travel,Business,222,3,3,3,3,1,2,5,5,5,5,5,3,3,3.54,0,0,TRUE
Male,Loyal Customer,31,Business Travel,Business,2123,4,4,4,4,5,4,5,5,4,1,4,1,5,3.85,3,0,TRUE
Male,Disloyal Customer,26,Business Travel,Eco,599,2,4,2,3,5,2,5,5,1,1,5,4,5,3.38,0,0,FALSE
Male,Loyal Customer,22,Personal Travel,Eco,214,0,3,0,4,4,0,4,4,1,2,5,5,4,2.77,0,0,TRUE
Female,Disloyal Customer,21,Business Travel,Eco,1292,5,5,5,1,3,5,3,3,5,2,2,5,3,3.62,16,0,TRUE
Male,Loyal Customer,46,Business Travel,Business,630,5,5,5,5,5,5,4,5,5,5,5,5,3,4.77,9,7,TRUE
Female,Loyal Customer,24,Business Travel,Eco,1749,2,2,2,2,2,2,2,2,1,4,2,1,2,2,12,4,FALSE
Female,Loyal Customer,46,Business Travel,Business,1927,3,3,5,3,3,5,5,4,4,4,4,4,5,4,0,27,TRUE
Female,Loyal Customer,38,Personal Travel,Eco,1972,1,2,1,2,1,1,1,1,4,1,2,4,1,1.69,0,9,FALSE
Female,Disloyal Customer,29,Business Travel,Eco,641,4,1,5,3,5,5,1,5,1,5,4,1,5,3.46,0,0,FALSE
Female,Loyal Customer,52,Business Travel,Business,237,0,0,0,4,4,5,4,5,5,1,1,3,5,2.85,0,0,TRUE
Female,Loyal Customer,41,Business Travel,Business,1379,4,4,4,4,4,4,5,4,4,4,4,5,5,4.23,3,0,TRUE
Male,Loyal Customer,53,Business Travel,Business,1908,4,4,4,4,5,4,5,4,4,4,4,3,5,4.15,4,32,TRUE
Male,Disloyal Customer,24,Business Travel,Eco,1222,3,3,3,3,4,3,4,4,4,2,4,5,4,3.54,0,0,FALSE
Female,Loyal Customer,23,Personal Travel,Eco,1598,2,4,2,1,2,2,2,2,3,2,4,3,2,2.38,31,30,FALSE
Female,Loyal Customer,31,Business Travel,Business,588,3,2,3,2,3,3,3,3,3,1,1,4,3,2.62,0,0,FALSE
Male,Loyal Customer,59,Business Travel,Business,3890,4,4,4,4,3,5,4,4,4,4,5,4,4,4.08,0,0,TRUE
Male,Disloyal Customer,28,Business Travel,Eco,1271,2,2,2,4,3,2,3,3,2,1,2,3,3,2.46,53,52,FALSE
Female,Loyal Customer,21,Business Travel,Eco Plus,416,3,1,1,1,3,3,2,3,2,2,3,4,3,2.38,38,45,FALSE
Female,Loyal Customer,51,Personal Travel,Eco Plus,848,3,4,3,4,4,5,5,1,1,3,5,5,3,3.54,0,2,FALSE
Male,Loyal Customer,60,Business Travel,Business,677,4,4,4,4,4,5,4,5,5,5,5,3,4,4.31,0,0,TRUE
Male,Loyal Customer,41,Business Travel,Business,2593,2,2,2,2,3,5,5,5,5,5,5,4,4,3.77,5,8,TRUE
Female,Loyal Customer,59,Personal Travel,Eco Plus,936,4,4,4,3,5,4,4,1,1,4,1,4,2,3.15,0,0,FALSE
Male,Loyal Customer,53,Personal Travel,Eco,2556,3,1,3,4,2,3,2,2,4,1,4,4,2,2.69,0,0,FALSE
Female,Loyal Customer,47,Business Travel,Eco,495,5,2,2,2,5,1,1,5,5,5,5,1,4,3.31,0,3,TRUE
Male,Loyal Customer,8,Personal Travel,Eco,719,2,4,2,3,3,2,3,3,3,3,5,3,3,3,0,28,FALSE
Female,Loyal Customer,14,Personal Travel,Eco,1846,2,1,1,4,5,1,5,5,1,4,3,3,5,3.08,0,0,FALSE
Male,Loyal Customer,70,Personal Travel,Eco Plus,1258,3,5,3,2,3,3,3,3,4,5,3,5,3,3.46,0,0,FALSE
Male,Loyal Customer,10,Personal Travel,Business,1044,2,5,2,5,3,2,3,3,2,3,2,1,3,2.77,32,24,FALSE
Female,Loyal Customer,54,Business Travel,Business,3475,2,4,4,4,3,2,2,2,2,2,2,4,1,2.62,0,3,FALSE
Male,Disloyal Customer,36,Business Travel,Business,251,1,1,1,2,2,1,5,2,3,2,4,3,2,2.23,6,0,FALSE
Female,Disloyal Customer,49,Business Travel,Business,1598,3,3,3,1,2,3,2,2,3,5,4,5,2,2.92,0,0,FALSE
Female,Loyal Customer,33,Business Travel,Business,399,2,2,5,2,5,5,5,4,4,4,4,3,4,3.77,0,0,TRUE
Female,Loyal Customer,47,Business Travel,Business,3788,0,5,0,1,5,5,5,4,4,4,4,3,4,3.38,33,35,TRUE
Male,Disloyal Customer,58,Business Travel,Eco Plus,447,1,0,0,4,5,1,5,5,1,4,3,1,5,2.69,1,0,FALSE
Male,Loyal Customer,55,Personal Travel,Eco,844,2,5,2,3,4,2,1,4,4,4,4,3,4,3.23,0,0,FALSE
Female,Loyal Customer,31,Personal Travel,Eco Plus,237,4,5,4,1,5,4,5,5,4,2,5,3,5,4,0,0,FALSE
Male,Loyal Customer,24,Business Travel,Business,1531,1,1,1,1,4,4,4,4,5,2,5,5,4,3.15,0,0,TRUE
Male,Loyal Customer,39,Business Travel,Eco,888,2,4,4,4,2,2,2,2,3,1,4,4,2,2.77,58,62,FALSE
Female,Loyal Customer,30,Personal Travel,Eco,787,4,1,5,4,1,5,1,1,1,5,4,1,1,2.62,7,3,FALSE
Female,Loyal Customer,48,Business Travel,Eco,258,2,5,5,5,2,2,2,3,1,3,2,2,2,2.77,133,142,FALSE
Male,Loyal Customer,68,Personal Travel,Eco,2614,2,3,2,2,2,3,3,1,2,3,4,3,3,2.54,0,22,FALSE
Female,Loyal Customer,39,Business Travel,Business,2783,1,1,1,1,4,4,4,5,5,5,5,5,3,3.38,0,0,TRUE
Male,Loyal Customer,49,Personal Travel,Eco,2174,1,2,1,3,2,1,2,2,4,4,4,3,2,2.38,0,0,FALSE
Male,Loyal Customer,45,Business Travel,Eco,331,2,4,4,4,2,2,2,2,4,5,3,1,2,2.85,0,0,FALSE
Male,Loyal Customer,22,Business Travel,Business,3078,2,2,2,2,3,3,3,3,4,3,2,4,3,2.77,0,0,TRUE
Male,Loyal Customer,58,Business Travel,Business,293,3,3,4,3,2,5,4,5,5,5,5,5,3,4,0,0,TRUE
Female,Loyal Customer,55,Business Travel,Business,761,3,2,2,2,4,4,3,3,3,2,3,1,4,2.77,0,0,FALSE
Male,Loyal Customer,31,Personal Travel,Eco,1165,4,4,4,1,2,4,2,2,5,5,5,5,2,3.46,44,4,TRUE
Female,Disloyal Customer,22,Business Travel,Eco,1032,1,1,1,1,2,1,2,2,5,4,5,4,2,2.38,0,0,FALSE
Male,Loyal Customer,64,Personal Travel,Eco,369,3,4,3,2,5,3,5,5,1,3,4,1,5,3.38,0,0,FALSE
Male,Loyal Customer,51,Business Travel,Business,3679,1,1,1,1,4,4,5,5,5,5,5,5,2,3.38,0,0,TRUE
Male,Disloyal Customer,36,Business Travel,Eco,406,1,1,1,4,1,1,1,1,4,4,4,3,1,2.08,1,12,FALSE
Male,Loyal Customer,18,Personal Travel,Eco Plus,1846,3,5,3,1,2,3,2,2,1,4,5,1,2,2.62,46,22,FALSE
Female,Loyal Customer,51,Personal Travel,Eco,356,4,1,4,4,5,3,4,1,1,4,1,2,2,2.77,0,0,TRUE
Male,Disloyal Customer,37,Business Travel,Business,328,2,2,2,4,1,2,1,1,3,5,4,4,1,2.46,0,0,FALSE
Female,Loyal Customer,54,Business Travel,Business,327,0,0,0,3,3,5,5,1,1,1,1,5,5,2.31,0,0,TRUE
Female,Loyal Customer,72,Business Travel,Eco Plus,1146,1,1,1,1,1,4,4,1,1,1,1,1,3,1.62,0,0,FALSE
Male,Loyal Customer,43,Business Travel,Business,1290,1,1,1,1,5,5,5,4,4,4,4,5,5,3.46,20,5,TRUE
Male,Disloyal Customer,16,Business Travel,Eco,1037,5,5,5,1,2,5,2,2,3,5,5,3,2,3.46,0,2,TRUE
Male,Loyal Customer,54,Business Travel,Eco,853,1,1,1,1,1,1,1,1,1,3,3,1,1,1.31,0,0,FALSE
Female,Loyal Customer,40,Business Travel,Business,3774,2,2,2,2,3,5,5,4,4,4,4,5,5,3.62,0,3,TRUE
Male,Loyal Customer,65,Personal Travel,Business,502,4,4,4,3,4,4,5,3,3,4,2,5,5,3.85,0,1,FALSE
Male,Loyal Customer,46,Business Travel,Business,224,4,4,4,4,5,4,4,5,5,5,5,3,5,4.38,0,0,TRUE
Female,Loyal Customer,42,Business Travel,Business,223,0,5,0,5,5,4,5,4,4,4,4,5,3,3.69,0,0,TRUE
Male,Loyal Customer,61,Personal Travel,Eco,1303,2,4,2,4,1,2,3,1,4,4,3,3,1,2.62,0,0,FALSE
Female,Loyal Customer,40,Business Travel,Business,3568,3,3,3,3,4,5,4,4,4,4,4,4,5,3.85,5,0,TRUE
Male,Loyal Customer,52,Business Travel,Business,1217,4,4,4,4,2,5,5,3,3,4,3,5,3,3.77,0,0,TRUE
Female,Disloyal Customer,44,Business Travel,Eco Plus,1171,1,1,1,4,3,1,3,3,3,2,3,1,3,2.23,21,11,FALSE
Female,Loyal Customer,77,Business Travel,Eco,669,4,3,3,3,5,3,3,3,3,4,3,1,2,3.08,7,16,FALSE
Female,Loyal Customer,25,Business Travel,Business,3208,2,5,3,5,2,2,2,2,3,4,4,4,2,3.08,0,0,FALSE
Female,Loyal Customer,34,Business Travel,Business,1136,3,3,3,3,2,4,5,2,2,2,2,3,4,2.92,104,92,TRUE
Male,Loyal Customer,9,Personal Travel,Eco Plus,300,3,3,3,2,3,3,3,3,1,2,2,4,3,2.69,40,36,FALSE
Female,Loyal Customer,24,Personal Travel,Eco Plus,331,1,3,1,5,3,1,3,3,2,3,3,4,3,2.69,0,0,FALSE
Female,Loyal Customer,69,Personal Travel,Eco,1269,2,4,2,3,2,4,5,3,3,2,3,5,3,3.15,4,0,FALSE
Female,Loyal Customer,21,Personal Travel,Eco,524,2,4,2,5,4,2,5,4,3,4,4,3,4,3.54,9,11,FALSE
Female,Loyal Customer,29,Personal Travel,Eco,1790,2,5,2,3,5,2,5,5,5,2,4,3,5,3.69,1,0,FALSE
Male,Loyal Customer,39,Business Travel,Business,342,1,1,1,1,2,5,4,4,4,4,4,4,5,3.08,34,35,TRUE
Male,Loyal Customer,59,Business Travel,Business,247,0,1,1,4,2,5,5,5,5,5,5,5,3,3.54,17,9,TRUE
Female,Loyal Customer,22,Personal Travel,Eco,134,2,0,2,4,3,2,3,3,2,4,2,1,3,2.38,16,5,FALSE
Female,Disloyal Customer,28,Business Travel,Eco,905,1,0,0,4,3,1,3,3,3,2,4,4,3,2.38,0,0,FALSE
Female,Loyal Customer,43,Business Travel,Business,2783,1,1,1,1,4,5,5,4,4,4,4,4,3,3.15,13,14,TRUE
Male,Loyal Customer,34,Business Travel,Eco Plus,1189,4,1,1,1,5,5,5,5,5,1,1,5,5,3.38,40,36,TRUE
Male,Loyal Customer,17,Personal Travel,Eco,666,3,5,3,5,2,3,4,2,4,4,4,4,2,3.46,0,0,FALSE
Female,Loyal Customer,53,Personal Travel,Eco,862,2,4,2,3,5,4,4,5,5,2,5,3,4,3.69,0,0,FALSE
Male,Loyal Customer,17,Personal Travel,Eco,802,2,4,2,3,3,2,5,3,3,4,5,5,3,3.38,0,17,FALSE
Female,Loyal Customer,60,Business Travel,Business,2137,5,5,5,5,5,5,4,4,4,4,4,3,4,4.38,0,1,TRUE
Female,Loyal Customer,45,Business Travel,Business,678,2,2,1,2,2,4,4,4,4,4,4,3,4,3.08,0,0,TRUE
Female,Loyal Customer,18,Business Travel,Business,2121,3,1,1,1,3,3,3,3,4,2,3,2,3,2.46,0,15,FALSE
Male,Loyal Customer,44,Business Travel,Business,1416,1,1,1,1,4,4,5,4,4,4,4,4,3,3.08,0,39,TRUE
Female,Loyal Customer,61,Business Travel,Business,2311,2,2,2,2,4,4,4,3,5,5,1,4,4,3.23,0,0,TRUE
Male,Loyal Customer,27,Business Travel,Business,1709,2,2,2,2,4,4,4,4,5,5,3,3,4,3.38,0,0,TRUE
Male,Disloyal Customer,26,Business Travel,Eco,1269,5,4,4,1,3,5,3,3,5,1,5,3,3,3.46,0,0,TRUE
Female,Loyal Customer,61,Personal Travel,Eco,964,3,5,3,4,2,5,4,2,2,3,2,4,4,3.31,5,5,FALSE
Male,Loyal Customer,77,Business Travel,Business,1506,4,3,2,3,5,4,3,4,4,4,4,2,2,3.38,0,0,FALSE
Female,Loyal Customer,60,Business Travel,Business,903,1,1,1,1,3,5,4,5,5,5,5,3,3,3.23,0,0,TRUE
Male,Loyal Customer,41,Business Travel,Business,214,1,1,1,1,2,1,5,5,5,4,5,2,3,2.77,114,125,TRUE
Male,Loyal Customer,50,Personal Travel,Eco,1217,3,5,3,1,4,3,1,4,5,3,3,2,4,3.15,0,1,FALSE
Male,Disloyal Customer,25,Business Travel,Business,515,2,5,2,2,4,2,4,4,5,4,5,4,4,3.62,0,0,FALSE
Male,Loyal Customer,40,Business Travel,Business,235,2,2,2,2,4,5,4,4,4,4,4,4,5,3.54,33,17,TRUE
Female,Loyal Customer,41,Business Travel,Business,224,5,5,5,5,4,4,4,5,5,5,5,5,3,4.62,104,112,TRUE
Male,Disloyal Customer,28,Business Travel,Eco,978,3,3,3,2,4,3,4,4,1,1,2,4,4,2.92,0,2,FALSE
Female,Disloyal Customer,19,Business Travel,Eco,1102,3,3,3,5,3,3,3,3,4,5,4,4,3,3.54,0,8,FALSE
Female,Loyal Customer,13,Personal Travel,Eco,630,3,4,3,1,4,3,4,4,5,5,2,2,4,3.38,0,3,FALSE
Female,Loyal Customer,33,Business Travel,Business,3550,1,1,1,1,3,3,4,5,5,5,4,2,5,3.08,0,0,TRUE
Female,Disloyal Customer,27,Business Travel,Eco,1276,3,3,3,4,3,3,3,3,2,5,3,4,3,3.23,38,36,FALSE
Female,Loyal Customer,54,Business Travel,Business,3628,4,4,4,4,3,5,5,4,4,4,4,3,3,3.92,14,6,TRUE
Male,Loyal Customer,48,Personal Travel,Eco,1235,2,5,2,1,2,2,1,2,4,5,4,5,2,2.85,0,0,FALSE
Male,Loyal Customer,50,Business Travel,Eco,84,5,3,3,3,5,5,5,5,1,3,5,5,5,4.08,5,5,TRUE
Male,Loyal Customer,25,Personal Travel,Eco,641,4,1,4,3,5,4,5,5,2,4,4,2,5,3.69,0,0,FALSE
Female,Loyal Customer,40,Business Travel,Business,1671,1,1,1,1,3,3,4,5,5,5,5,5,3,3.23,1,0,TRUE
Female,Loyal Customer,62,Personal Travel,Eco Plus,547,2,1,2,3,3,3,2,3,3,2,4,2,4,2.62,0,0,FALSE
Male,Loyal Customer,46,Business Travel,Business,1681,5,5,5,5,4,5,5,4,4,4,4,4,5,4.54,35,25,TRUE
Male,Loyal Customer,47,Business Travel,Business,2411,4,4,4,4,4,5,5,4,4,4,4,4,4,4.15,13,4,TRUE
Male,Loyal Customer,57,Business Travel,Business,3334,1,1,1,1,2,5,5,4,4,4,4,3,5,3.08,0,0,TRUE
Female,Loyal Customer,34,Business Travel,Business,200,1,1,1,1,4,4,5,5,5,5,5,4,1,3.23,0,0,TRUE
Female,Disloyal Customer,39,Business Travel,Business,2521,3,3,3,2,3,3,1,3,5,3,3,4,3,3,0,0,FALSE
Male,Loyal Customer,46,Business Travel,Business,3444,3,3,3,3,4,5,5,3,3,3,3,1,1,3.08,0,0,TRUE
Female,Disloyal Customer,36,Business Travel,Eco,228,4,5,4,3,3,4,3,3,3,5,5,4,3,3.77,0,0,FALSE
Male,Loyal Customer,34,Business Travel,Business,1258,3,3,3,3,5,5,4,3,3,3,3,4,4,3.54,0,18,TRUE
Female,Loyal Customer,55,Business Travel,Business,3122,2,4,4,4,5,3,3,2,2,2,2,4,4,3.15,15,8,FALSE
Female,Disloyal Customer,57,Business Travel,Business,1590,2,2,2,3,4,2,4,4,5,3,5,3,4,3.31,0,0,FALSE
Male,Loyal Customer,52,Business Travel,Business,1337,3,3,2,3,2,4,5,5,5,5,5,5,4,3.92,48,41,TRUE
Female,Disloyal Customer,50,Business Travel,Business,541,2,2,2,2,2,2,2,2,4,3,4,5,2,2.62,113,107,FALSE
Female,Disloyal Customer,25,Business Travel,Eco,1235,3,3,3,3,4,3,3,4,3,3,3,1,4,3.08,10,13,FALSE
Male,Loyal Customer,30,Business Travel,Business,3778,5,5,5,5,4,4,4,4,4,2,5,5,4,4.31,52,66,TRUE
Female,Disloyal Customer,21,Business Travel,Eco,370,3,0,3,3,2,3,2,2,2,1,4,4,2,2.38,2,2,FALSE
Male,Loyal Customer,10,Personal Travel,Eco,507,4,5,4,2,2,4,2,2,1,5,4,4,2,3.15,23,14,FALSE
Male,Loyal Customer,53,Personal Travel,Eco,349,2,2,3,4,5,3,5,5,1,4,4,1,5,3.38,32,31,FALSE
Male,Loyal Customer,29,Business Travel,Business,1979,2,2,2,2,4,4,4,4,1,2,2,5,4,2.92,0,0,TRUE
Female,Loyal Customer,32,Business Travel,Business,3709,5,5,3,5,4,4,4,4,4,1,2,5,4,3.85,0,0,TRUE
Male,Loyal Customer,34,Personal Travel,Eco,764,3,5,3,3,5,3,5,5,4,2,4,3,5,3.85,6,0,FALSE
Male,Loyal Customer,56,Personal Travel,Eco Plus,491,3,3,3,1,2,3,5,2,5,5,4,4,2,3.23,94,89,FALSE
Female,Loyal Customer,40,Business Travel,Business,280,1,1,1,1,4,4,5,5,5,5,5,4,3,3.38,0,0,TRUE
Male,Loyal Customer,37,Business Travel,Business,3903,4,4,4,4,3,4,5,3,3,3,3,3,5,3.69,0,0,TRUE
Female,Disloyal Customer,57,Business Travel,Eco Plus,1416,3,3,3,4,3,3,4,3,1,4,4,1,3,3,0,0,FALSE
Female,Loyal Customer,34,Personal Travel,Eco Plus,404,2,2,2,3,2,2,2,2,1,2,2,4,2,2.15,7,11,FALSE
Male,Loyal Customer,47,Business Travel,Business,696,3,3,3,3,3,5,5,4,4,4,4,5,3,3.77,0,2,TRUE
Male,Disloyal Customer,26,Business Travel,Eco,712,3,3,3,4,2,3,2,2,2,4,4,4,2,2.92,0,0,FALSE
Female,Loyal Customer,65,Personal Travel,Eco Plus,558,3,4,3,3,1,3,3,5,5,3,5,2,3,3.31,0,0,FALSE
Male,Loyal Customer,25,Business Travel,Business,1464,3,4,5,5,3,4,3,3,4,4,3,2,3,3.54,6,0,FALSE
Male,Disloyal Customer,14,Business Travel,Eco,1204,2,2,2,4,2,3,3,5,4,4,1,3,3,2.92,0,3,FALSE
Female,Disloyal Customer,18,Business Travel,Business,649,5,4,5,3,3,5,3,3,3,2,5,5,3,3.77,0,0,TRUE
Female,Disloyal Customer,20,Business Travel,Business,493,4,5,4,5,2,4,2,2,4,2,4,4,2,3.38,0,0,TRUE
Male,Disloyal Customer,37,Business Travel,Eco,332,1,3,0,2,2,0,2,2,1,4,1,4,2,1.85,0,0,FALSE
Female,Disloyal Customer,45,Business Travel,Business,347,4,4,4,3,3,4,4,3,5,5,5,5,3,4,0,0,FALSE
Male,Loyal Customer,45,Business Travel,Eco,496,5,5,5,5,5,5,5,5,4,3,5,3,5,4.62,0,0,TRUE
Female,Disloyal Customer,33,Business Travel,Eco,436,4,1,3,4,5,3,5,5,2,4,4,1,5,3.54,61,60,FALSE
Male,Loyal Customer,48,Business Travel,Business,2657,2,3,3,3,4,4,4,2,2,2,2,3,1,2.69,48,30,FALSE
Female,Loyal Customer,47,Business Travel,Eco,907,3,5,5,5,3,4,4,3,3,3,3,1,2,3.38,0,0,FALSE
Female,Disloyal Customer,23,Business Travel,Business,296,4,0,4,3,2,4,1,2,3,3,4,5,2,2.85,0,0,TRUE
Male,Loyal Customer,35,Personal Travel,Eco,669,2,5,2,2,2,2,2,2,4,2,5,3,2,2.69,0,0,FALSE
Female,Disloyal Customer,10,Business Travel,Eco,1082,1,1,1,4,5,1,5,5,1,2,4,2,5,2.85,0,0,FALSE
Female,Loyal Customer,62,Business Travel,Business,1598,5,5,1,5,3,4,4,5,5,5,5,4,3,4.15,0,8,TRUE
Male,Loyal Customer,15,Personal Travel,Eco,746,1,5,1,4,4,1,4,4,4,5,4,4,4,3.46,1,0,FALSE
Female,Loyal Customer,32,Personal Travel,Eco,224,3,4,3,3,5,3,5,5,1,5,4,2,5,3.69,0,0,FALSE
Male,Loyal Customer,51,Business Travel,Business,3790,4,4,4,4,5,4,4,4,4,4,4,5,3,4.08,9,11,TRUE
Female,Loyal Customer,37,Business Travel,Business,2633,2,2,3,2,5,4,5,5,5,5,5,5,5,4.08,0,0,TRUE
Male,Loyal Customer,41,Business Travel,Business,1121,5,5,5,5,4,4,5,4,4,4,4,3,4,4.31,0,0,TRUE
Female,Disloyal Customer,21,Business Travel,Eco,160,3,4,3,3,2,3,2,2,2,3,4,2,2,2.69,0,0,FALSE
Female,Loyal Customer,49,Personal Travel,Eco,1416,3,5,3,3,3,4,5,3,5,5,4,5,5,4.08,210,204,FALSE
Female,Loyal Customer,38,Business Travel,Business,3257,3,3,1,3,2,5,4,5,5,5,5,4,5,3.85,4,0,TRUE
Female,Loyal Customer,41,Business Travel,Business,2377,2,5,3,5,3,4,4,2,2,2,2,1,3,2.92,56,50,FALSE
Male,Loyal Customer,31,Business Travel,Eco Plus,697,4,1,1,1,4,5,4,4,4,2,3,5,4,3.23,0,0,TRUE
Female,Loyal Customer,23,Business Travel,Business,1589,3,2,2,2,3,3,3,3,3,3,3,2,3,2.69,53,43,FALSE
Male,Loyal Customer,23,Personal Travel,Eco,192,2,4,2,3,1,2,1,1,4,3,4,4,1,2.46,9,0,FALSE
Female,Loyal Customer,49,Business Travel,Business,2583,1,1,1,1,3,4,4,5,5,5,5,3,4,3.23,0,42,TRUE
Female,Loyal Customer,43,Business Travel,Business,581,1,1,1,1,3,1,1,5,5,5,5,5,1,2.69,0,0,TRUE
Male,Loyal Customer,9,Personal Travel,Eco,502,2,3,2,3,1,2,1,1,4,3,1,4,1,2.15,21,43,FALSE
Female,Disloyal Customer,18,Business Travel,Eco,169,3,4,3,3,4,3,4,4,1,4,3,1,4,3.15,4,34,FALSE
Male,Loyal Customer,49,Personal Travel,Eco,397,4,4,4,3,1,4,1,1,4,3,5,1,1,2.77,17,8,TRUE
Male,Loyal Customer,34,Personal Travel,Eco,479,3,5,2,3,5,2,5,5,5,1,3,5,5,3.77,19,27,FALSE
Male,Loyal Customer,46,Business Travel,Business,86,1,1,1,1,5,5,5,5,1,3,1,5,2,2.77,0,0,TRUE
Male,Loyal Customer,37,Business Travel,Eco,1052,1,3,3,3,1,1,1,1,4,3,4,4,1,2.31,0,0,FALSE
Female,Disloyal Customer,30,Business Travel,Eco,2378,4,4,4,3,2,4,2,2,4,2,3,2,2,2.92,0,0,FALSE
Female,Disloyal Customer,28,Business Travel,Eco,1107,3,3,3,4,2,3,2,2,4,3,3,4,2,2.92,0,0,FALSE
Male,Loyal Customer,35,Business Travel,Business,404,3,3,3,3,2,5,5,5,5,5,5,3,5,4,1,0,TRUE
Female,Loyal Customer,48,Business Travel,Business,2458,3,3,3,3,4,5,5,4,4,4,4,3,4,3.77,0,0,TRUE
Female,Loyal Customer,29,Personal Travel,Eco,2133,2,2,1,3,1,4,4,2,2,4,3,4,4,2.77,365,383,FALSE
Female,Loyal Customer,7,Personal Travel,Eco,2556,3,5,3,1,3,3,3,3,5,5,3,3,3,3.31,0,0,FALSE
Male,Disloyal Customer,39,Business Travel,Business,277,3,3,3,3,1,3,1,1,3,4,4,3,1,2.54,68,60,FALSE
Female,Loyal Customer,24,Personal Travel,Eco Plus,1728,1,1,1,2,1,3,3,2,1,1,1,3,3,1.77,201,208,FALSE
Male,Loyal Customer,30,Business Travel,Eco Plus,308,1,4,3,3,1,1,1,1,2,3,4,1,1,2,12,7,FALSE
Male,Disloyal Customer,32,Business Travel,Business,964,3,3,3,4,5,3,2,5,3,2,4,4,5,3.54,9,7,FALSE
Male,Disloyal Customer,62,Business Travel,Business,588,2,2,2,4,1,2,5,1,5,3,4,4,1,2.77,0,0,FALSE
Female,Loyal Customer,10,Personal Travel,Eco Plus,594,1,4,1,4,3,1,3,3,3,3,4,4,3,2.85,27,18,FALSE
Male,Loyal Customer,56,Business Travel,Business,1599,1,1,1,1,4,5,5,4,4,4,4,3,5,3.23,0,0,TRUE
Female,Loyal Customer,64,Business Travel,Eco Plus,221,4,3,3,3,3,1,4,3,3,4,3,5,2,3.15,0,0,TRUE
Male,Disloyal Customer,55,Business Travel,Business,404,1,1,1,2,1,5,5,4,5,5,4,5,5,3.38,137,140,FALSE
Female,Disloyal Customer,27,Business Travel,Eco,197,3,1,3,1,3,3,3,3,3,4,2,2,3,2.62,4,36,FALSE
Female,Disloyal Customer,44,Business Travel,Eco,1435,3,3,3,4,4,3,4,4,3,2,1,2,4,3.08,1,0,FALSE
Male,Loyal Customer,57,Business Travel,Business,2134,1,1,1,1,3,5,4,4,4,4,4,3,4,3,0,0,TRUE
Female,Loyal Customer,61,Business Travel,Business,3625,2,2,2,2,4,4,4,1,2,3,5,4,4,3,212,214,TRUE
Female,Disloyal Customer,18,Business Travel,Eco,1452,2,2,2,3,1,2,1,1,3,4,5,4,1,2.38,7,0,FALSE
Male,Loyal Customer,36,Business Travel,Business,1046,2,2,2,2,5,3,5,4,4,4,4,1,4,3.23,31,25,TRUE
Female,Loyal Customer,12,Personal Travel,Eco,2136,1,4,1,2,3,1,3,3,3,5,3,5,3,2.85,11,0,FALSE
Male,Loyal Customer,44,Personal Travel,Eco,585,0,4,0,1,5,0,5,5,4,3,5,4,5,3.15,0,0,TRUE
Female,Loyal Customer,45,Business Travel,Business,779,2,2,2,2,4,3,4,2,2,2,2,2,3,2.46,4,0,TRUE
Female,Loyal Customer,28,Business Travel,Eco,444,5,3,3,3,5,4,5,5,2,2,3,2,5,3.62,2,1,FALSE
Male,Loyal Customer,24,Personal Travel,Eco,2475,1,3,1,3,1,5,5,1,5,3,4,5,5,3.23,0,0,FALSE
Female,Loyal Customer,49,Business Travel,Eco,436,4,4,4,4,1,1,1,4,4,4,4,3,3,3.15,0,0,TRUE
Female,Loyal Customer,44,Business Travel,Business,251,1,3,3,3,1,3,3,1,1,1,1,1,3,1.92,42,22,FALSE
Male,Disloyal Customer,42,Business Travel,Eco,2475,2,2,2,4,1,2,1,1,3,4,3,1,1,2.08,0,0,FALSE
Male,Disloyal Customer,26,Business Travel,Eco,192,3,2,3,4,5,3,5,5,1,4,3,2,5,3.46,64,58,FALSE
Female,Loyal Customer,51,Business Travel,Eco,1242,4,5,5,5,5,3,3,5,5,4,5,2,3,4.15,0,0,FALSE
Male,Loyal Customer,41,Business Travel,Business,2573,2,4,4,4,3,3,4,2,2,2,2,1,2,2.69,6,8,FALSE
Male,Loyal Customer,43,Business Travel,Business,2015,3,3,4,3,2,5,5,4,4,4,4,4,3,3.69,1,1,TRUE
Female,Loyal Customer,11,Personal Travel,Eco Plus,573,2,2,2,3,4,2,4,4,1,2,3,3,4,2.77,0,0,FALSE
Male,Disloyal Customer,27,Business Travel,Business,1709,2,2,2,3,3,2,3,3,5,2,3,5,3,2.92,9,0,FALSE
Female,Disloyal Customer,42,Business Travel,Business,449,3,3,3,1,1,3,1,1,5,2,5,5,1,2.62,2,5,FALSE
Female,Loyal Customer,60,Business Travel,Business,248,5,5,5,5,5,5,4,4,4,4,4,4,4,4.46,47,53,TRUE
Female,Disloyal Customer,28,Business Travel,Eco,362,2,2,2,3,2,2,2,2,2,1,3,4,2,2.23,11,1,FALSE
Male,Loyal Customer,61,Personal Travel,Eco,399,1,4,1,3,3,1,3,3,3,5,5,5,3,3.08,0,0,FALSE
Female,Loyal Customer,17,Personal Travel,Eco,2565,4,4,4,1,3,4,2,3,4,3,4,1,3,3.08,0,0,FALSE
Female,Loyal Customer,54,Business Travel,Business,358,2,2,2,2,2,5,5,3,3,3,3,4,5,3.15,15,13,TRUE
Female,Loyal Customer,47,Business Travel,Eco,1874,2,5,4,5,4,4,3,2,2,2,2,2,5,3.23,15,0,TRUE
Female,Loyal Customer,37,Business Travel,Business,3941,5,2,5,5,5,5,5,4,4,4,4,3,5,4.31,28,24,TRUE
Female,Loyal Customer,49,Business Travel,Business,1587,2,2,2,2,5,4,4,4,4,4,4,4,4,3.46,0,0,TRUE
Male,Loyal Customer,7,Personal Travel,Business,669,2,2,2,4,4,2,4,4,2,5,3,2,4,3.08,0,0,FALSE
Female,Loyal Customer,53,Business Travel,Business,119,5,5,5,5,5,4,4,4,4,4,5,5,3,4.46,13,9,TRUE
Female,Loyal Customer,38,Business Travel,Business,417,5,5,5,5,3,5,5,3,3,4,3,3,4,4.08,0,0,TRUE
Male,Loyal Customer,37,Business Travel,Eco,304,4,1,1,1,4,4,4,4,3,1,3,2,4,2.77,0,0,FALSE
Female,Loyal Customer,7,Personal Travel,Eco,733,2,5,2,4,2,2,2,2,4,4,5,2,2,2.92,0,0,FALSE
Male,Loyal Customer,41,Personal Travel,Eco,723,1,4,1,2,5,1,5,5,2,1,1,3,5,2.77,0,0,FALSE
Male,Loyal Customer,54,Business Travel,Business,192,5,5,5,5,3,5,5,5,5,4,4,5,4,4.62,0,0,TRUE
Female,Loyal Customer,48,Personal Travel,Eco Plus,529,2,4,2,1,5,4,5,3,3,2,2,3,3,3,0,0,FALSE
Male,Loyal Customer,31,Personal Travel,Eco,516,4,4,4,4,3,4,5,3,4,3,4,2,3,3.62,0,0,FALSE
Male,Disloyal Customer,28,Business Travel,Eco,694,4,4,4,4,5,4,5,5,1,1,3,1,5,3.54,8,11,FALSE
Male,Loyal Customer,17,Personal Travel,Eco,306,3,4,3,5,5,3,5,5,4,4,5,3,5,4.15,7,3,FALSE
Male,Loyal Customer,54,Business Travel,Business,3950,4,4,4,4,3,4,5,4,4,4,4,4,5,4.08,20,28,TRUE
Male,Loyal Customer,55,Personal Travel,Eco,1979,1,1,1,4,2,1,2,2,4,4,4,3,2,2.38,2,15,FALSE
Male,Loyal Customer,63,Personal Travel,Eco,624,4,4,4,5,5,4,5,5,5,4,4,4,5,4.46,0,0,FALSE
Male,Loyal Customer,64,Personal Travel,Business,404,1,4,1,3,4,4,5,3,3,1,3,4,4,3.08,2,0,FALSE
Female,Loyal Customer,40,Personal Travel,Eco,157,2,4,0,4,2,0,2,2,3,3,5,5,2,2.62,0,0,FALSE
Male,Loyal Customer,43,Business Travel,Business,1504,2,2,4,2,3,4,5,5,5,4,5,3,3,3.62,6,9,TRUE
Male,Disloyal Customer,39,Business Travel,Eco,1310,1,1,1,2,5,1,5,5,2,4,3,3,5,2.92,17,0,FALSE
Female,Loyal Customer,52,Business Travel,Eco,479,3,4,4,4,2,4,4,3,3,3,3,1,1,3,53,20,FALSE
Male,Loyal Customer,44,Business Travel,Business,1218,4,4,4,4,3,5,5,3,3,4,3,3,3,3.69,0,0,TRUE
Female,Disloyal Customer,27,Business Travel,Eco Plus,1237,3,3,3,5,4,3,4,4,2,4,5,5,4,3.77,0,0,FALSE
Female,Loyal Customer,25,Business Travel,Business,972,4,1,3,3,4,4,4,4,3,5,3,3,4,3.46,0,0,FALSE
Male,Loyal Customer,54,Business Travel,Business,2296,2,2,2,2,2,4,5,5,5,5,5,4,3,3.54,0,0,TRUE
Male,Disloyal Customer,28,Business Travel,Eco,1005,4,3,3,3,2,3,3,2,3,2,2,1,2,2.54,20,23,FALSE
Female,Disloyal Customer,35,Business Travel,Business,337,3,4,4,3,1,4,1,1,4,5,5,5,1,3.15,0,0,FALSE
Male,Loyal Customer,44,Business Travel,Business,2421,1,1,1,1,3,4,5,4,4,4,4,3,5,3.08,0,0,TRUE
Male,Loyal Customer,48,Personal Travel,Eco,2442,1,5,1,2,4,1,4,4,5,5,5,4,4,3.46,73,48,FALSE
Female,Loyal Customer,22,Personal Travel,Eco Plus,239,3,5,0,2,5,0,5,5,2,1,3,1,5,2.85,0,0,FALSE
Female,Loyal Customer,42,Business Travel,Business,3821,1,1,1,1,5,4,5,5,5,5,3,5,2,3.31,0,0,TRUE
Female,Loyal Customer,7,Personal Travel,Eco,833,3,2,3,4,4,3,2,4,1,2,4,2,4,2.92,0,0,FALSE
Male,Loyal Customer,23,Business Travel,Eco Plus,722,4,5,5,5,4,4,3,4,2,3,5,4,4,4,6,0,TRUE
Female,Loyal Customer,48,Business Travel,Business,2132,4,4,3,4,3,5,5,5,5,5,5,4,4,4.31,0,4,TRUE
Female,Loyal Customer,57,Personal Travel,Eco Plus,1069,3,5,3,2,3,5,4,2,2,3,2,5,5,3.38,20,8,FALSE
Female,Disloyal Customer,20,Business Travel,Business,862,4,0,5,3,2,5,2,2,4,3,5,3,2,3.08,10,22,TRUE
Female,Loyal Customer,48,Business Travel,Eco,522,3,3,3,3,2,4,4,3,3,3,3,3,1,2.92,68,55,FALSE
Female,Loyal Customer,30,Business Travel,Eco,121,5,2,2,2,5,5,5,5,1,1,4,2,5,3.38,3,2,TRUE
Female,Loyal Customer,45,Business Travel,Business,3745,3,1,1,1,5,3,3,3,3,3,3,1,2,2.46,0,0,FALSE
Male,Loyal Customer,51,Business Travel,Business,2976,1,5,5,5,4,4,3,1,1,1,1,1,4,2.77,7,8,FALSE
Female,Disloyal Customer,25,Business Travel,Business,550,3,5,3,5,1,3,1,1,5,5,4,5,1,3.23,0,0,FALSE
Female,Disloyal Customer,25,Business Travel,Eco,589,2,3,2,3,2,2,2,2,4,3,4,2,2,2.54,0,0,FALSE
Male,Loyal Customer,41,Personal Travel,Business,626,2,5,1,3,1,4,2,5,5,1,5,4,5,3.31,0,0,FALSE
Female,Loyal Customer,53,Business Travel,Business,2388,2,2,2,2,3,5,4,4,4,4,4,3,5,3.38,0,16,TRUE
Female,Loyal Customer,30,Personal Travel,Eco,583,2,4,2,1,2,2,2,2,5,5,5,3,2,2.85,0,0,FALSE
Male,Disloyal Customer,41,Business Travel,Eco,116,2,0,2,3,5,2,5,5,5,5,2,1,5,3.23,0,0,FALSE
Male,Loyal Customer,31,Business Travel,Business,2585,5,1,5,5,3,3,3,3,5,2,4,5,3,3.62,10,0,TRUE
Male,Loyal Customer,22,Business Travel,Business,1874,1,1,1,1,4,4,4,4,2,4,5,4,4,3,0,0,TRUE
Female,Loyal Customer,54,Personal Travel,Eco,2454,1,3,1,4,1,5,5,5,1,5,4,5,5,3.46,31,34,FALSE
Male,Loyal Customer,63,Personal Travel,Eco,377,5,5,5,5,5,5,3,5,3,3,4,5,5,4.46,93,102,TRUE
Female,Loyal Customer,67,Business Travel,Business,2984,4,4,4,4,5,3,4,5,5,5,5,2,4,4.15,5,4,TRUE
Male,Disloyal Customer,27,Business Travel,Eco,689,1,1,1,4,3,1,3,3,1,3,3,2,3,2.23,16,16,FALSE
Female,Disloyal Customer,28,Business Travel,Business,602,3,3,3,3,5,3,2,5,4,2,4,5,5,3.62,0,0,FALSE
Female,Loyal Customer,42,Business Travel,Business,3523,3,3,3,3,5,4,5,2,2,2,2,3,3,3.08,0,0,TRUE
Male,Loyal Customer,45,Business Travel,Business,868,4,4,4,4,3,5,4,2,2,2,2,5,4,3.46,17,20,TRUE
Female,Loyal Customer,41,Personal Travel,Eco,598,3,2,3,3,4,3,4,4,3,2,4,2,4,3.15,0,0,FALSE
Male,Loyal Customer,48,Business Travel,Business,287,4,4,3,4,3,4,4,4,4,4,4,3,3,3.69,0,0,TRUE
Male,Loyal Customer,66,Personal Travel,Eco,353,3,2,3,4,2,3,2,2,2,2,4,2,2,2.54,0,0,FALSE
Female,Loyal Customer,14,Personal Travel,Eco,589,4,5,3,1,3,1,5,5,4,5,5,5,5,3.92,152,151,FALSE
Male,Loyal Customer,34,Business Travel,Business,541,4,4,4,4,4,5,4,5,5,5,5,4,4,4.38,0,13,TRUE
Female,Loyal Customer,49,Business Travel,Business,337,4,1,4,4,3,4,5,5,5,5,5,3,4,4,10,2,TRUE
Female,Loyal Customer,48,Business Travel,Business,2194,2,2,2,2,4,4,5,5,5,5,5,3,5,3.77,0,0,TRUE
Female,Loyal Customer,44,Personal Travel,Eco,570,2,5,2,3,5,4,5,4,4,2,4,5,5,3.85,0,0,FALSE
Male,Loyal Customer,44,Personal Travel,Eco,934,1,4,1,2,4,1,4,4,5,4,5,3,4,3.23,19,19,FALSE
Female,Loyal Customer,36,Business Travel,Eco,1379,2,4,4,4,2,2,2,2,4,2,3,3,2,2.77,4,0,FALSE
Female,Loyal Customer,56,Business Travel,Business,1599,4,4,4,4,4,4,4,5,5,4,5,5,5,4.38,0,5,TRUE
Female,Disloyal Customer,23,Business Travel,Eco Plus,1235,3,0,3,1,3,3,3,3,4,3,5,3,3,2.85,1,0,FALSE
Female,Loyal Customer,40,Business Travel,Business,3590,5,5,5,5,5,4,5,4,4,4,4,5,5,4.62,0,0,TRUE
Female,Disloyal Customer,42,Business Travel,Business,883,5,5,5,3,2,5,2,2,3,4,4,3,2,3.46,0,0,TRUE
Female,Loyal Customer,25,Business Travel,Business,1553,4,4,4,4,4,4,4,4,5,4,1,1,4,3.62,0,0,TRUE
Female,Loyal Customer,60,Personal Travel,Eco,1050,4,5,4,3,2,5,5,3,3,4,3,3,3,3.62,0,0,TRUE
Male,Loyal Customer,57,Personal Travel,Eco Plus,751,3,5,3,1,2,3,2,2,4,5,4,5,2,3.15,64,52,FALSE
Male,Loyal Customer,53,Personal Travel,Eco,721,2,5,2,1,5,2,5,5,4,3,3,1,5,3.31,0,0,FALSE
Male,Disloyal Customer,21,Business Travel,Eco,86,5,0,5,2,2,5,2,2,5,5,3,5,2,3.31,0,11,TRUE
Female,Loyal Customer,20,Business Travel,Eco Plus,265,2,2,2,2,2,1,2,2,5,3,4,2,2,2.38,275,276,FALSE
Male,Loyal Customer,46,Business Travel,Business,1440,3,3,3,3,4,5,5,2,2,2,2,5,4,3.31,13,28,TRUE
Female,Loyal Customer,43,Business Travel,Eco,1626,4,3,4,3,5,5,5,4,4,4,4,4,4,4.08,0,0,TRUE
Male,Disloyal Customer,20,Business Travel,Eco,347,4,2,4,4,1,4,1,1,3,5,3,4,1,2.85,29,41,FALSE
Female,Loyal Customer,25,Business Travel,Business,130,2,5,5,5,3,3,2,3,4,4,2,1,3,3.23,0,0,FALSE
Male,Loyal Customer,50,Business Travel,Business,2999,3,3,3,3,5,4,4,4,4,4,4,5,4,3.85,76,79,TRUE
Female,Loyal Customer,17,Personal Travel,Eco,391,5,4,5,3,5,5,5,5,4,2,5,5,5,4.46,13,6,TRUE
Female,Loyal Customer,18,Business Travel,Business,2458,4,4,4,4,2,2,2,2,2,1,3,2,2,2.62,2,0,TRUE
Male,Loyal Customer,58,Business Travel,Business,2001,3,1,1,1,5,2,2,3,3,2,3,1,4,2.38,8,0,FALSE
Female,Loyal Customer,43,Personal Travel,Eco,1084,3,5,3,3,2,4,5,1,1,3,1,5,3,3,4,7,FALSE
Female,Loyal Customer,55,Business Travel,Business,2125,2,2,4,2,5,4,4,4,4,4,4,4,4,3.62,2,0,TRUE
Male,Loyal Customer,32,Business Travel,Business,1641,1,1,1,1,4,4,5,4,3,2,4,4,4,2.92,0,0,TRUE
Male,Loyal Customer,29,Personal Travel,Eco Plus,775,1,5,1,3,1,1,1,1,1,4,4,3,1,2.08,52,54,FALSE
Male,Loyal Customer,68,Personal Travel,Eco,89,2,4,2,1,2,2,4,2,2,5,4,3,2,2.69,0,0,FALSE
Female,Loyal Customer,66,Business Travel,Eco,134,2,4,4,4,3,3,3,2,2,2,2,3,1,2.69,0,0,FALSE
Female,Disloyal Customer,17,Business Travel,Eco,125,4,0,4,1,4,4,4,4,1,4,4,2,4,3.08,0,0,FALSE
Female,Disloyal Customer,36,Business Travel,Eco,261,3,1,4,3,1,4,1,1,3,1,4,4,1,2.38,0,0,FALSE
Female,Loyal Customer,38,Business Travel,Business,2861,5,5,5,5,3,5,5,5,5,5,5,5,5,4.85,19,12,TRUE
Female,Disloyal Customer,23,Business Travel,Eco,591,0,1,0,1,1,0,1,1,5,4,5,4,1,1.85,0,0,TRUE
Male,Disloyal Customer,27,Business Travel,Eco,209,1,5,1,1,4,1,4,4,5,3,3,3,4,3,0,0,FALSE
Male,Loyal Customer,23,Personal Travel,Eco,280,1,4,1,4,4,1,4,4,1,2,4,1,4,2.69,39,30,FALSE
Male,Disloyal Customer,34,Business Travel,Business,1754,3,3,3,2,1,3,1,1,5,4,4,4,1,2.69,0,0,FALSE
Female,Loyal Customer,54,Business Travel,Business,255,3,3,3,3,5,5,4,4,4,4,4,4,4,3.85,0,8,TRUE
Female,Loyal Customer,13,Personal Travel,Business,834,3,1,3,3,1,3,3,1,2,5,2,2,1,2.31,25,13,FALSE
Female,Loyal Customer,47,Business Travel,Business,2746,3,1,3,3,2,2,4,4,4,4,4,4,3,3.15,0,0,TRUE
Female,Loyal Customer,59,Business Travel,Business,1303,1,5,1,1,2,4,4,4,4,5,4,3,3,3.15,0,0,TRUE
Male,Loyal Customer,23,Personal Travel,Eco,236,1,5,0,4,2,0,5,2,3,2,5,3,2,2.62,27,24,FALSE
Male,Loyal Customer,16,Personal Travel,Eco,570,1,5,1,2,2,1,2,2,3,4,5,5,2,2.69,3,0,FALSE
Male,Loyal Customer,31,Business Travel,Business,1558,3,2,2,2,3,3,3,3,1,4,4,2,3,2.69,0,4,FALSE
Female,Loyal Customer,39,Personal Travel,Eco,308,3,4,3,3,1,3,1,1,4,5,3,4,1,2.77,72,60,FALSE
Male,Loyal Customer,30,Business Travel,Business,3276,3,3,3,3,4,4,4,4,3,3,1,2,4,3.15,0,0,TRUE
Male,Loyal Customer,54,Business Travel,Business,1829,2,2,2,2,5,4,5,4,4,4,4,3,5,3.54,0,0,TRUE
Female,Loyal Customer,37,Personal Travel,Eco,929,3,5,3,5,4,3,4,4,4,4,2,4,4,3.77,0,6,FALSE
Female,Disloyal Customer,62,Business Travel,Business,930,3,3,3,3,2,3,2,2,1,1,3,3,2,2.38,0,0,FALSE
Male,Loyal Customer,27,Personal Travel,Eco,1814,2,4,2,4,2,2,2,2,1,2,2,1,2,2.15,3,0,FALSE
Male,Loyal Customer,52,Business Travel,Eco Plus,134,5,3,4,3,5,5,5,5,1,2,1,3,5,3.62,0,1,TRUE
Female,Loyal Customer,57,Personal Travel,Eco,1097,3,4,4,1,5,4,4,2,2,4,2,3,5,3.31,0,0,FALSE
Male,Loyal Customer,47,Business Travel,Business,647,1,1,1,1,3,4,5,5,5,5,5,5,5,3.54,17,7,TRUE
Male,Loyal Customer,63,Personal Travel,Eco,399,2,3,2,4,1,2,1,1,5,3,2,1,1,2.15,0,0,FALSE
Male,Loyal Customer,58,Business Travel,Business,2052,4,4,4,4,2,4,4,4,4,4,4,4,3,3.77,3,15,TRUE
Female,Loyal Customer,18,Personal Travel,Eco,411,2,5,2,3,2,2,2,2,5,3,4,5,2,3,2,0,FALSE
Female,Loyal Customer,66,Business Travel,Business,1677,1,1,1,1,5,4,5,5,5,5,5,4,5,3.62,0,12,TRUE
Female,Loyal Customer,55,Business Travel,Eco Plus,944,5,3,5,5,2,5,5,5,5,5,5,1,2,4.08,105,104,TRUE
Female,Disloyal Customer,23,Business Travel,Eco,748,3,3,3,4,3,3,3,3,2,2,4,5,3,3.15,0,0,FALSE
Female,Disloyal Customer,29,Business Travel,Eco,990,4,4,4,1,5,4,5,5,4,2,2,1,5,3.54,27,17,TRUE
Female,Loyal Customer,67,Business Travel,Eco Plus,590,2,4,3,3,5,4,4,2,2,2,2,4,3,3.08,21,11,FALSE
Male,Loyal Customer,59,Business Travel,Business,1828,4,5,5,5,5,3,3,4,4,3,4,3,2,3.85,21,19,FALSE
Female,Disloyal Customer,25,Business Travel,Eco,1010,4,4,4,4,2,4,2,2,2,3,4,1,2,2.92,0,7,FALSE
Male,Disloyal Customer,26,Business Travel,Business,337,2,0,2,4,3,2,3,3,3,2,4,5,3,2.77,29,23,FALSE
Female,Loyal Customer,61,Business Travel,Eco,424,2,1,1,1,2,4,3,2,2,2,2,2,2,2,0,21,FALSE
Female,Loyal Customer,41,Business Travel,Business,299,1,2,2,2,2,2,2,1,1,1,1,3,1,1.62,23,9,FALSE
Female,Disloyal Customer,38,Business Travel,Business,417,4,5,5,4,3,5,3,3,3,2,4,3,3,3.62,2,0,TRUE
Male,Loyal Customer,29,Personal Travel,Eco,937,2,3,2,4,5,2,5,5,1,5,3,4,5,3.54,5,0,FALSE
Male,Loyal Customer,45,Business Travel,Business,2934,2,3,3,3,2,4,4,2,2,3,2,1,2,2.54,0,0,FALSE
Male,Loyal Customer,58,Business Travel,Business,861,1,1,1,1,3,5,4,4,4,4,4,3,4,3,14,14,TRUE
Male,Loyal Customer,51,Business Travel,Business,2521,5,5,5,5,4,4,4,5,3,3,5,4,4,4.31,14,116,TRUE
Male,Loyal Customer,40,Personal Travel,Eco,1076,2,4,2,3,2,2,2,2,2,2,4,1,2,2.31,0,0,FALSE
Female,Loyal Customer,42,Business Travel,Business,631,2,2,2,2,2,5,5,2,2,2,2,3,4,2.69,4,5,TRUE
Male,Loyal Customer,46,Business Travel,Business,1197,2,2,2,2,4,5,5,3,3,3,3,5,4,3.31,26,9,TRUE
Female,Loyal Customer,33,Business Travel,Business,1709,2,2,2,2,4,3,4,2,2,2,2,3,5,2.69,0,0,TRUE
Female,Loyal Customer,41,Personal Travel,Eco,164,3,1,0,2,1,0,1,1,2,3,3,1,1,1.46,84,73,FALSE
Female,Loyal Customer,13,Personal Travel,Eco,522,3,5,3,3,3,3,5,3,5,4,5,3,3,3.69,3,0,FALSE
Female,Loyal Customer,42,Business Travel,Eco,114,5,3,3,3,3,2,3,5,5,5,5,3,5,3.85,0,0,TRUE
Male,Loyal Customer,38,Business Travel,Eco,826,5,1,1,1,5,5,5,5,1,4,4,5,5,3.62,2,5,TRUE
Female,Loyal Customer,44,Business Travel,Eco,507,2,5,5,5,2,4,4,3,3,2,3,4,2,3.38,0,0,FALSE
Female,Loyal Customer,31,Personal Travel,Business,251,1,5,1,3,4,1,4,4,3,3,5,3,4,3.15,0,0,FALSE
Female,Loyal Customer,35,Personal Travel,Eco,239,5,4,5,5,3,5,3,3,5,3,4,5,3,4.08,0,2,TRUE
Female,Loyal Customer,56,Business Travel,Business,2982,4,4,4,4,2,4,5,5,5,4,5,3,5,4.15,10,0,TRUE
Male,Loyal Customer,63,Personal Travel,Eco,304,2,5,2,4,4,2,5,4,5,3,4,3,4,3.62,9,14,FALSE
Male,Loyal Customer,51,Business Travel,Business,3733,3,3,3,3,2,5,4,5,5,5,5,5,3,3.92,0,0,TRUE
Male,Loyal Customer,8,Personal Travel,Eco Plus,140,2,5,2,3,5,2,5,5,5,5,5,1,5,3.85,0,0,FALSE
Female,Disloyal Customer,54,Business Travel,Eco Plus,250,4,4,4,2,1,4,1,1,3,3,1,4,1,2.54,0,3,FALSE
Male,Loyal Customer,44,Business Travel,Business,670,1,3,3,3,5,4,3,1,1,1,1,4,4,2.62,0,0,FALSE
Female,Loyal Customer,54,Personal Travel,Eco,867,5,4,5,2,3,5,4,4,4,5,1,5,3,3.85,0,0,TRUE
Male,Loyal Customer,24,Personal Travel,Eco,862,1,4,1,1,4,1,5,4,4,5,5,3,4,3.23,0,4,FALSE
Male,Loyal Customer,62,Business Travel,Eco,944,5,4,2,4,5,5,5,5,1,5,2,3,5,3.92,0,0,TRUE
Female,Loyal Customer,49,Personal Travel,Eco,583,1,4,1,3,2,5,5,2,2,1,2,3,5,2.77,0,1,FALSE
Female,Loyal Customer,64,Personal Travel,Eco,2586,3,2,3,3,4,4,4,2,2,3,2,1,2,2.69,0,0,FALSE
Female,Loyal Customer,39,Business Travel,Eco,147,5,3,3,3,5,5,5,5,4,1,1,5,5,3.85,0,0,TRUE
Female,Loyal Customer,52,Personal Travel,Eco,236,2,5,2,1,4,5,1,2,2,2,2,4,2,2.62,11,10,FALSE
Female,Loyal Customer,13,Personal Travel,Eco,2611,3,3,2,3,4,2,4,4,4,1,3,1,4,2.92,0,0,FALSE
Female,Loyal Customer,56,Business Travel,Business,2120,2,2,2,2,2,5,4,4,4,4,4,4,3,3.23,0,0,TRUE
Female,Loyal Customer,52,Business Travel,Eco,602,2,1,1,1,4,2,2,2,2,2,2,1,1,1.77,86,108,FALSE
Male,Loyal Customer,57,Business Travel,Business,2452,1,4,1,1,5,5,5,3,3,3,3,3,4,3.15,0,0,TRUE
Male,Loyal Customer,39,Personal Travel,Eco,337,3,3,3,3,5,3,5,5,4,3,3,4,5,3.77,10,9,FALSE
Male,Disloyal Customer,42,Business Travel,Business,1055,4,4,4,3,2,4,2,2,4,5,4,4,2,3.38,8,0,TRUE
Female,Loyal Customer,67,Personal Travel,Eco,270,5,1,5,4,4,3,4,1,1,5,1,2,4,3.08,0,0,TRUE
Female,Loyal Customer,17,Business Travel,Business,563,5,5,5,5,5,5,5,5,4,1,2,2,5,4.15,4,32,TRUE
Male,Loyal Customer,63,Business Travel,Business,3697,5,5,5,5,3,4,4,3,3,4,3,3,4,3.92,0,0,TRUE
Female,Disloyal Customer,22,Business Travel,Business,575,5,0,5,5,5,5,5,5,5,3,5,4,5,4.38,0,0,TRUE
Female,Disloyal Customer,21,Business Travel,Eco,405,4,5,4,5,2,4,2,2,4,5,5,4,2,3.69,0,0,TRUE
Male,Loyal Customer,57,Personal Travel,Eco,1222,3,4,3,1,4,3,5,4,1,5,1,5,4,3.31,30,4,FALSE
Female,Loyal Customer,43,Business Travel,Business,3746,3,3,3,3,2,4,5,3,3,3,3,4,5,3.38,82,73,TRUE
Male,Loyal Customer,61,Personal Travel,Eco,488,3,0,3,2,5,3,3,5,5,4,4,5,5,3.62,52,98,FALSE
Male,Loyal Customer,65,Personal Travel,Eco,517,2,5,2,3,1,2,1,1,4,5,1,2,1,2.31,0,0,FALSE
Female,Loyal Customer,51,Business Travel,Business,647,4,4,4,4,2,5,4,3,3,4,3,3,5,3.69,0,0,TRUE
Female,Disloyal Customer,25,Business Travel,Business,255,2,0,2,1,3,2,3,3,4,5,4,3,3,2.69,0,1,FALSE
Male,Loyal Customer,44,Personal Travel,Eco,327,3,3,3,4,4,3,4,4,3,3,4,3,4,3.46,15,6,FALSE
Female,Loyal Customer,50,Business Travel,Business,3669,3,3,3,3,2,4,5,4,4,4,4,5,3,3.62,0,0,TRUE
Female,Loyal Customer,32,Business Travel,Eco,1145,4,1,1,1,4,4,4,4,4,2,2,4,4,3,17,17,FALSE
Female,Loyal Customer,47,Business Travel,Business,1677,1,1,1,1,4,4,4,4,4,4,4,3,4,3,74,59,TRUE
Male,Loyal Customer,8,Personal Travel,Eco,1107,2,4,2,4,1,2,1,1,4,2,5,4,1,2.54,0,0,FALSE
Female,Loyal Customer,25,Business Travel,Eco,2677,5,5,4,5,5,5,3,5,3,1,3,3,5,4,9,0,TRUE
Male,Loyal Customer,49,Personal Travel,Business,692,5,1,5,4,4,4,4,1,1,5,1,1,4,3.08,0,0,TRUE
Male,Disloyal Customer,39,Business Travel,Eco,196,4,0,4,3,2,4,2,2,3,5,2,2,2,2.69,16,32,FALSE
Male,Loyal Customer,15,Personal Travel,Eco,1042,2,3,2,4,2,2,3,2,4,1,4,2,2,2.54,0,0,FALSE
Male,Loyal Customer,72,Business Travel,Business,516,3,4,4,4,1,3,3,3,3,3,3,3,1,2.92,0,8,FALSE
Male,Disloyal Customer,34,Business Travel,Eco,759,2,2,2,3,2,2,2,2,2,1,3,4,2,2.23,0,0,FALSE
Male,Disloyal Customer,37,Business Travel,Eco,509,3,1,3,3,1,3,1,1,1,4,4,3,1,2.23,0,0,FALSE
Male,Loyal Customer,60,Business Travel,Eco,672,1,0,0,3,5,1,5,5,4,5,4,3,5,3.15,11,19,FALSE
Male,Disloyal Customer,62,Business Travel,Eco,459,3,1,3,2,3,3,3,3,1,5,3,1,3,2.62,48,61,FALSE
Female,Loyal Customer,36,Personal Travel,Business,302,4,4,4,3,2,5,4,3,3,4,3,5,4,3.69,0,0,FALSE
Male,Loyal Customer,42,Business Travel,Eco,862,4,5,5,5,4,4,4,4,4,3,4,1,4,3.92,0,0,TRUE
Female,Loyal Customer,51,Personal Travel,Eco,972,3,5,4,1,4,4,5,5,5,4,5,3,3,3.92,0,0,FALSE
Male,Loyal Customer,27,Business Travel,Eco,1587,1,1,1,1,1,2,1,1,4,5,1,2,1,1.69,40,39,FALSE
Female,Loyal Customer,20,Business Travel,Eco,1048,2,2,2,2,2,2,3,2,3,1,2,2,2,2.08,90,87,FALSE
Male,Loyal Customer,30,Business Travel,Business,1995,1,1,1,1,4,4,4,4,5,1,4,2,4,2.77,0,0,TRUE
Female,Loyal Customer,62,Personal Travel,Eco,429,4,2,4,3,5,4,3,5,5,4,5,4,2,3.85,0,0,TRUE
Female,Loyal Customer,43,Business Travel,Business,1892,5,5,1,5,2,3,5,5,5,5,5,4,4,4.15,0,0,TRUE
Male,Loyal Customer,31,Business Travel,Business,3782,3,3,3,3,5,5,5,5,4,4,4,5,5,4.15,0,0,TRUE
Female,Loyal Customer,48,Personal Travel,Eco,421,2,3,2,2,2,1,1,2,2,2,5,5,1,2.31,4,3,FALSE
Male,Loyal Customer,50,Business Travel,Business,3158,2,4,4,4,1,4,4,2,2,2,2,1,3,2.69,27,23,FALSE
Male,Disloyal Customer,54,Business Travel,Eco,909,1,0,0,3,5,0,5,5,3,3,2,3,5,2.69,33,39,FALSE
Female,Loyal Customer,24,Personal Travel,Eco,226,1,5,1,4,5,1,5,5,4,5,5,4,5,3.85,0,0,FALSE
Male,Loyal Customer,35,Personal Travel,Eco,2139,3,5,3,3,2,3,2,2,5,2,5,5,2,3.23,0,0,FALSE
Male,Loyal Customer,41,Business Travel,Business,879,2,2,2,2,5,5,5,4,5,4,5,5,5,3.92,279,309,TRUE
Female,Loyal Customer,55,Business Travel,Eco,488,4,2,2,2,1,3,4,4,4,4,4,3,1,2.92,20,41,FALSE
Female,Loyal Customer,28,Business Travel,Business,102,5,5,5,5,4,4,5,4,4,5,3,5,4,4.46,0,0,TRUE
Female,Disloyal Customer,37,Business Travel,Business,1258,1,1,1,1,1,1,1,1,5,3,5,4,1,2,2,0,FALSE
Female,Disloyal Customer,20,Business Travel,Eco,967,2,2,2,2,3,2,3,3,1,3,3,1,3,2.31,0,1,FALSE
Female,Disloyal Customer,38,Business Travel,Eco,569,2,0,2,1,3,2,4,3,4,2,1,1,3,2.15,0,57,FALSE
Male,Loyal Customer,33,Business Travel,Eco Plus,1005,5,5,5,5,5,5,5,5,2,2,4,4,5,4.38,10,0,TRUE
Male,Loyal Customer,39,Personal Travel,Eco Plus,1037,2,3,2,3,3,2,3,3,2,2,2,1,3,2.38,0,0,FALSE
Male,Loyal Customer,13,Personal Travel,Eco Plus,110,3,1,3,4,3,3,3,3,3,3,3,2,3,2.85,0,0,FALSE
Male,Disloyal Customer,21,Business Travel,Eco,160,2,1,2,4,2,2,2,2,2,4,3,2,2,2.31,0,15,FALSE
Female,Loyal Customer,49,Personal Travel,Eco,214,2,4,2,1,3,5,5,3,3,2,2,4,4,3.08,0,0,FALSE
Female,Loyal Customer,58,Business Travel,Eco,1034,5,3,1,1,3,1,1,5,5,5,5,3,2,3.08,41,30,TRUE
Male,Loyal Customer,52,Personal Travel,Eco,859,2,5,2,3,5,2,5,5,5,3,4,4,5,3.85,16,15,FALSE
Female,Loyal Customer,56,Business Travel,Business,1699,3,4,4,4,2,1,2,3,3,3,3,3,2,2.85,3,0,FALSE
Male,Disloyal Customer,43,Business Travel,Eco,977,3,3,3,3,3,3,3,3,1,3,4,2,3,2.85,0,0,FALSE
Female,Loyal Customer,26,Business Travel,Business,1543,3,3,3,3,2,2,3,2,1,5,3,4,2,2.77,0,0,FALSE
Female,Loyal Customer,44,Business Travel,Business,2183,2,2,3,2,4,4,5,5,5,5,5,4,4,3.85,0,0,TRUE
Male,Loyal Customer,52,Business Travel,Business,3439,4,4,4,4,2,4,4,4,4,5,4,5,5,4.08,4,0,TRUE
Male,Loyal Customer,37,Business Travel,Business,1675,1,1,1,1,2,4,4,4,4,5,4,4,3,2.92,0,2,TRUE
Male,Loyal Customer,40,Business Travel,Business,1431,3,3,3,3,3,5,5,3,3,4,3,5,3,3.54,0,0,TRUE
Female,Loyal Customer,28,Personal Travel,Eco,239,3,1,3,4,2,3,5,2,2,4,4,2,2,2.85,4,0,FALSE
Male,Loyal Customer,56,Personal Travel,Eco,606,1,4,1,3,5,1,3,5,3,2,5,4,5,3.23,0,0,FALSE
Female,Loyal Customer,11,Personal Travel,Eco,587,1,4,1,1,5,1,5,5,4,2,4,5,5,3.31,0,4,FALSE
Male,Loyal Customer,59,Business Travel,Business,2856,5,5,5,5,5,5,4,3,3,4,3,5,3,4.23,0,0,TRUE
Female,Loyal Customer,46,Business Travel,Business,2372,4,4,3,4,5,5,4,4,4,4,4,4,3,4,0,0,TRUE
Male,Loyal Customer,48,Business Travel,Business,3700,3,3,5,3,4,4,4,5,5,5,5,3,4,4.08,0,0,TRUE
Female,Loyal Customer,80,Business Travel,Eco,103,3,1,1,1,1,4,3,2,2,3,2,1,2,2,0,0,FALSE
Female,Loyal Customer,53,Personal Travel,Eco,748,2,4,2,2,1,4,1,5,5,2,5,4,1,2.92,12,0,FALSE
Male,Loyal Customer,39,Business Travel,Eco Plus,1010,2,1,1,1,2,2,2,2,3,2,3,3,2,2,0,0,FALSE
Male,Loyal Customer,7,Personal Travel,Eco,237,2,5,0,1,3,0,3,3,3,2,4,3,3,2.46,20,11,FALSE
Male,Loyal Customer,67,Personal Travel,Eco,1607,2,4,2,1,4,2,3,4,4,2,3,5,4,3.08,0,0,FALSE
Female,Loyal Customer,45,Business Travel,Eco,1448,5,2,2,2,3,1,2,5,5,5,5,3,4,3.38,12,4,TRUE
Female,Loyal Customer,48,Business Travel,Business,401,1,1,1,1,2,4,5,2,2,2,2,3,4,2.31,0,0,TRUE
Female,Loyal Customer,36,Business Travel,Business,1587,3,5,5,5,2,2,4,3,3,3,3,2,3,3.31,0,0,FALSE
Male,Disloyal Customer,20,Business Travel,Eco,867,4,4,4,3,3,4,3,3,3,5,1,5,3,3.46,0,7,TRUE
Female,Loyal Customer,41,Business Travel,Eco,787,4,1,1,1,4,4,4,4,2,1,4,4,4,2.92,0,0,TRUE
Male,Disloyal Customer,25,Business Travel,Eco,451,2,5,2,2,2,2,2,2,4,2,2,2,2,2.38,0,0,FALSE
Female,Loyal Customer,60,Business Travel,Business,3522,2,2,2,2,3,5,5,4,4,4,4,5,5,3.62,16,4,TRUE
Male,Loyal Customer,61,Business Travel,Business,3204,5,5,5,5,4,5,4,4,4,4,4,3,5,4.38,0,0,TRUE
Male,Loyal Customer,56,Business Travel,Business,1670,3,3,3,3,5,4,4,5,5,5,5,5,4,4.15,14,2,TRUE
Male,Loyal Customer,32,Business Travel,Business,1491,2,2,2,2,4,4,4,4,4,4,5,4,4,3.46,0,0,TRUE
Female,Loyal Customer,55,Business Travel,Business,2425,1,1,1,1,3,5,5,4,4,5,4,5,4,3.31,0,0,TRUE
Male,Disloyal Customer,22,Business Travel,Business,1050,4,0,4,4,5,4,3,5,3,2,5,4,5,3.69,0,8,TRUE
Male,Loyal Customer,55,Business Travel,Eco,663,1,0,0,4,3,1,4,3,2,1,3,3,3,2.15,62,71,FALSE
Male,Loyal Customer,30,Personal Travel,Eco,208,4,2,4,4,3,4,4,3,3,5,3,4,3,3.54,38,38,FALSE
Male,Loyal Customer,54,Business Travel,Eco,160,1,1,1,1,1,1,1,1,4,4,3,4,1,1.85,32,47,FALSE
Female,Loyal Customer,32,Business Travel,Business,546,1,1,1,1,4,4,4,4,3,4,4,4,4,3,1,0,TRUE
Female,Loyal Customer,59,Personal Travel,Eco,377,1,5,1,3,4,4,5,5,5,1,5,4,3,3.54,69,61,FALSE
Male,Loyal Customer,19,Business Travel,Eco Plus,421,3,4,4,4,3,3,2,3,2,5,4,1,3,3.15,0,0,FALSE
Female,Loyal Customer,47,Business Travel,Business,767,3,3,3,3,5,5,5,4,2,4,4,5,5,3.92,167,184,TRUE
Male,Loyal Customer,55,Business Travel,Eco,1121,2,2,2,2,2,2,2,2,2,2,3,2,2,2.08,1,0,FALSE
Male,Loyal Customer,42,Business Travel,Business,1883,2,1,1,1,5,3,4,2,2,2,2,2,2,2.23,0,0,FALSE
Female,Loyal Customer,62,Personal Travel,Eco,834,3,4,3,4,3,5,4,5,5,3,5,4,4,4,0,12,FALSE
Male,Loyal Customer,43,Business Travel,Business,409,3,3,3,3,5,4,5,4,4,4,4,4,3,3.77,0,0,TRUE
Male,Loyal Customer,60,Business Travel,Business,2476,4,4,4,4,5,4,4,4,4,3,4,4,4,4,1,0,TRUE
Female,Loyal Customer,49,Business Travel,Business,2691,3,3,3,3,2,4,5,5,5,5,5,3,3,3.77,1,4,TRUE
Male,Loyal Customer,56,Business Travel,Eco Plus,279,4,5,5,5,3,4,3,3,2,3,4,1,3,3.46,0,0,TRUE
Male,Loyal Customer,46,Business Travel,Business,2419,3,3,3,3,5,3,4,4,4,4,4,5,3,3.69,87,78,TRUE
Male,Loyal Customer,54,Business Travel,Eco,1670,3,4,4,4,3,3,3,3,3,5,2,2,3,3.23,0,0,FALSE
Male,Loyal Customer,58,Business Travel,Business,1640,3,3,3,3,5,5,5,3,5,5,4,5,5,4.15,152,150,TRUE
Female,Loyal Customer,49,Business Travel,Business,3603,5,5,5,5,3,5,5,4,4,4,5,3,3,4.31,0,0,TRUE
Female,Loyal Customer,24,Business Travel,Business,3856,3,3,3,3,4,4,4,4,4,5,5,2,4,3.69,5,2,TRUE
Male,Disloyal Customer,27,Business Travel,Eco,337,3,4,3,3,5,3,5,5,2,4,4,2,5,3.69,10,5,FALSE
Female,Disloyal Customer,40,Business Travel,Business,214,1,1,1,3,1,1,4,1,2,1,3,4,1,1.85,0,4,FALSE
Female,Loyal Customer,52,Personal Travel,Eco,235,2,3,2,4,2,4,4,1,1,2,1,5,2,2.54,0,0,FALSE
Female,Loyal Customer,47,Business Travel,Business,2355,4,3,3,3,3,2,2,4,4,3,4,1,3,3,0,0,FALSE
Male,Loyal Customer,62,Business Travel,Business,2381,3,5,5,5,1,3,3,3,3,3,3,2,2,3.15,0,0,FALSE
Female,Loyal Customer,25,Business Travel,Eco,665,5,1,1,1,5,5,5,5,4,1,2,2,5,3.23,0,0,TRUE
Male,Loyal Customer,47,Business Travel,Business,529,1,1,1,1,2,4,5,5,5,5,5,5,4,3.38,0,0,TRUE
Male,Loyal Customer,23,Business Travel,Business,3176,1,1,1,1,5,5,5,5,2,5,2,5,5,3.31,22,21,TRUE
Female,Disloyal Customer,42,Business Travel,Eco Plus,194,5,5,5,1,4,5,4,4,2,5,5,3,4,4,0,12,TRUE
Female,Loyal Customer,30,Business Travel,Business,3170,4,3,3,3,4,4,4,4,3,3,3,3,4,3.46,51,62,FALSE
Female,Loyal Customer,40,Business Travel,Business,431,1,1,1,1,4,5,5,5,5,5,5,3,4,3.46,0,0,TRUE
Male,Loyal Customer,32,Business Travel,Eco Plus,488,2,2,2,2,2,2,2,2,3,3,3,4,2,2.38,12,4,FALSE
Male,Disloyal Customer,22,Business Travel,Business,1242,4,4,4,3,3,4,3,3,3,2,5,3,3,3.38,0,0,TRUE
Female,Loyal Customer,26,Business Travel,Business,852,2,2,2,2,4,4,4,4,5,2,5,4,4,3.38,8,2,TRUE
Male,Loyal Customer,61,Personal Travel,Eco,762,2,5,1,4,2,1,2,2,3,3,5,3,2,2.69,0,0,FALSE
Female,Disloyal Customer,27,Business Travel,Eco,295,3,5,3,5,3,3,1,3,1,1,3,3,3,2.85,0,0,FALSE
Male,Loyal Customer,20,Personal Travel,Eco,197,4,4,4,3,1,4,1,1,5,5,5,3,1,3.15,6,0,TRUE
Male,Loyal Customer,26,Personal Travel,Eco Plus,337,1,1,1,3,2,1,2,2,3,3,3,4,2,2.15,0,0,FALSE
Male,Disloyal Customer,23,Business Travel,Eco,1339,2,2,2,4,5,2,5,5,3,3,4,1,5,3.31,29,36,FALSE
Male,Loyal Customer,54,Personal Travel,Eco,696,2,4,2,1,5,2,5,5,4,4,4,5,5,3.69,0,0,FALSE
Female,Loyal Customer,39,Business Travel,Eco,500,5,3,3,3,5,5,5,5,2,1,2,3,5,3.62,0,0,TRUE
Female,Loyal Customer,36,Business Travel,Business,948,5,5,5,5,4,4,4,4,4,4,4,3,5,4.31,0,4,TRUE
Male,Loyal Customer,56,Business Travel,Eco Plus,190,5,5,5,5,5,5,5,5,1,4,1,3,5,4.15,0,10,TRUE
Female,Disloyal Customer,22,Business Travel,Eco,1425,1,1,1,3,5,1,5,5,1,3,2,3,5,2.77,87,81,FALSE
Male,Loyal Customer,37,Personal Travel,Eco,1015,1,2,1,3,2,1,2,2,1,1,3,3,2,1.85,30,16,FALSE
Female,Loyal Customer,52,Business Travel,Business,2972,4,4,5,4,3,5,5,4,4,4,4,3,5,4.15,0,0,TRUE
Female,Loyal Customer,66,Personal Travel,Eco,271,4,2,4,2,3,2,2,3,3,4,3,4,3,3,0,0,FALSE
Female,Loyal Customer,42,Business Travel,Business,3532,2,2,2,2,4,4,5,5,5,5,5,5,3,3.77,109,100,TRUE
Female,Loyal Customer,50,Business Travel,Business,3748,5,5,5,5,3,4,5,4,4,4,4,5,3,4.31,8,11,TRUE
Female,Loyal Customer,42,Personal Travel,Eco,137,3,0,0,4,3,5,4,4,4,0,4,5,5,3.15,3,9,FALSE
Female,Loyal Customer,68,Personal Travel,Eco,1744,2,3,2,3,3,3,3,5,5,2,5,1,3,3.08,9,0,FALSE
Male,Loyal Customer,46,Business Travel,Business,612,1,1,1,1,2,4,5,5,5,5,5,3,4,3.23,2,0,TRUE
Female,Loyal Customer,28,Personal Travel,Eco,689,1,4,1,2,1,1,1,1,5,5,4,5,1,2.46,1,0,FALSE
Male,Disloyal Customer,21,Business Travel,Business,1121,4,5,4,2,1,4,5,1,5,2,5,3,1,3.23,0,0,TRUE
Male,Loyal Customer,62,Personal Travel,Eco,425,3,0,3,2,2,3,2,2,3,4,5,4,2,2.69,0,0,FALSE
Male,Loyal Customer,67,Business Travel,Eco Plus,1916,3,2,2,2,3,3,3,3,1,4,1,4,3,2.62,0,7,FALSE
Female,Loyal Customer,37,Personal Travel,Eco,1444,3,2,3,3,5,3,5,5,4,2,3,1,5,3.38,22,8,FALSE
Female,Loyal Customer,32,Personal Travel,Eco,368,4,5,4,1,1,4,1,1,5,4,3,1,1,2.69,0,0,FALSE
Female,Loyal Customer,38,Business Travel,Business,115,1,1,1,1,3,5,1,4,4,4,4,1,1,2.38,0,0,TRUE
Female,Disloyal Customer,25,Business Travel,Business,1096,4,0,4,2,2,4,2,2,5,4,4,4,2,3,0,14,FALSE
Female,Loyal Customer,64,Personal Travel,Eco,1242,2,5,2,3,4,3,5,2,2,2,2,4,3,3,0,0,FALSE
Male,Loyal Customer,50,Personal Travel,Eco,227,3,5,3,3,5,3,3,5,4,5,5,5,5,4.15,0,0,FALSE
Female,Disloyal Customer,25,Business Travel,Eco,954,1,1,1,3,4,1,4,4,3,5,4,2,4,2.85,0,0,FALSE
Female,Disloyal Customer,50,Business Travel,Business,630,4,4,4,5,1,4,1,1,3,4,5,3,1,3.08,0,13,FALSE
Female,Loyal Customer,60,Business Travel,Business,2274,1,1,1,1,4,5,4,4,4,4,4,5,4,3.23,1,0,TRUE
Female,Loyal Customer,30,Business Travel,Eco,964,1,2,2,2,1,1,1,1,3,1,4,4,1,1.85,3,0,FALSE
Male,Loyal Customer,49,Business Travel,Eco,261,4,4,4,4,4,4,4,4,3,4,5,1,4,3.77,41,43,TRUE
Male,Loyal Customer,68,Personal Travel,Eco,401,4,4,3,3,5,3,5,5,5,2,5,4,5,4.08,0,2,FALSE
Female,Disloyal Customer,44,Business Travel,Business,402,4,4,4,1,1,4,1,1,5,2,5,4,1,2.85,0,0,TRUE
Female,Loyal Customer,43,Business Travel,Business,2076,4,4,4,4,4,3,3,4,4,4,5,3,4,3.85,0,5,TRUE
Female,Loyal Customer,53,Business Travel,Business,563,5,5,5,5,4,5,4,4,4,4,4,5,5,4.54,42,45,TRUE
Female,Loyal Customer,21,Personal Travel,Eco,628,3,3,3,3,5,3,2,5,4,2,4,1,5,3.31,0,0,FALSE
Female,Disloyal Customer,10,Business Travel,Eco,1049,3,3,3,3,1,3,1,1,2,4,2,1,1,2.15,0,8,FALSE
Female,Loyal Customer,10,Business Travel,Business,802,2,2,2,2,4,4,4,4,5,4,5,5,4,3.62,5,0,TRUE
Female,Loyal Customer,33,Business Travel,Business,1416,4,4,4,4,2,4,5,3,3,4,3,5,3,3.69,0,2,TRUE
Female,Loyal Customer,57,Business Travel,Business,733,1,1,1,1,5,5,4,5,5,5,5,5,3,3.54,3,0,TRUE
Male,Loyal Customer,54,Personal Travel,Eco,670,2,5,2,3,2,3,3,3,4,5,5,3,3,3.31,225,223,FALSE
Female,Disloyal Customer,24,Business Travel,Eco,843,0,0,0,2,5,0,5,5,4,1,2,4,5,2.54,0,0,TRUE
Female,Loyal Customer,48,Business Travel,Business,255,1,1,1,1,5,4,1,5,5,5,5,4,1,3,13,4,TRUE
Female,Disloyal Customer,20,Business Travel,Eco,342,0,5,0,3,4,5,4,4,5,5,5,5,4,3.77,0,0,TRUE
Male,Loyal Customer,58,Business Travel,Business,1936,3,3,3,3,5,4,5,5,5,5,4,4,3,4,24,21,TRUE
Male,Disloyal Customer,25,Business Travel,Business,630,0,2,0,3,5,0,5,5,5,4,4,3,5,3.15,0,8,TRUE
Male,Loyal Customer,9,Personal Travel,Eco,333,3,3,3,3,3,3,4,3,4,2,3,4,3,3.15,0,0,FALSE
Female,Loyal Customer,51,Personal Travel,Eco,771,2,5,2,3,2,1,1,1,4,3,4,1,1,2.31,197,205,FALSE
Female,Disloyal Customer,23,Business Travel,Eco,781,1,1,1,2,2,1,2,2,3,3,1,2,2,1.77,0,0,FALSE
Female,Loyal Customer,43,Business Travel,Business,1605,5,5,5,5,3,3,3,4,3,4,4,3,3,3.85,171,137,TRUE
Male,Loyal Customer,45,Business Travel,Business,2174,1,1,1,1,5,4,5,5,5,4,5,3,3,3.31,0,0,TRUE
Male,Loyal Customer,8,Business Travel,Business,2859,2,1,1,1,2,2,2,2,2,2,4,3,2,2,4,12,FALSE
Male,Loyal Customer,43,Business Travel,Business,628,4,4,4,4,3,4,4,5,5,5,5,3,3,4.08,4,5,TRUE
Male,Loyal Customer,10,Personal Travel,Eco,1021,3,3,3,4,3,3,3,3,2,4,2,5,3,3.15,2,0,FALSE
Male,Disloyal Customer,42,Business Travel,Eco,861,3,3,3,3,3,3,5,3,2,1,2,2,3,2.77,72,74,FALSE
Female,Loyal Customer,66,Personal Travel,Eco,1416,3,2,3,3,2,4,3,5,5,3,3,2,4,3.23,6,12,FALSE
Male,Disloyal Customer,27,Business Travel,Business,462,2,2,2,2,5,2,5,5,3,2,4,4,5,3.31,0,0,FALSE
Male,Loyal Customer,15,Personal Travel,Eco,134,1,0,1,3,5,1,2,5,4,2,5,3,5,2.85,0,0,FALSE
Male,Loyal Customer,13,Business Travel,Business,1182,3,2,2,2,3,3,3,4,3,4,4,3,3,3,133,111,FALSE
Female,Loyal Customer,60,Business Travel,Business,507,3,3,5,5,1,3,3,3,3,2,3,1,2,2.85,0,0,FALSE
Male,Loyal Customer,29,Business Travel,Business,3494,1,2,2,2,1,1,1,1,2,1,3,2,1,1.54,3,0,FALSE
Male,Loyal Customer,47,Business Travel,Business,2773,1,1,1,1,3,2,1,4,4,4,4,2,5,2.54,12,20,TRUE
Male,Loyal Customer,42,Business Travel,Business,3347,3,3,2,3,2,5,5,4,4,4,4,4,4,3.62,11,19,TRUE
Male,Loyal Customer,50,Personal Travel,Eco,2475,3,1,4,4,5,4,5,5,1,1,4,3,5,3.46,0,29,FALSE
Male,Disloyal Customer,62,Business Travel,Business,277,3,3,3,2,1,3,1,1,3,4,4,4,1,2.54,0,0,FALSE
Male,Loyal Customer,24,Business Travel,Business,222,4,4,4,4,5,5,4,5,4,4,5,4,5,4.38,0,0,TRUE
Male,Loyal Customer,41,Business Travel,Business,151,3,3,2,3,4,5,4,4,4,4,4,3,5,3.69,24,50,TRUE
Male,Loyal Customer,42,Business Travel,Business,3093,2,2,2,2,4,2,1,4,4,4,4,1,1,2.54,0,0,TRUE
Female,Loyal Customer,11,Personal Travel,Eco,283,1,5,1,4,3,1,3,3,3,3,5,5,3,3.08,1,2,FALSE
Male,Disloyal Customer,55,Business Travel,Eco,1334,3,3,3,3,1,3,1,1,5,4,4,5,1,2.85,39,37,FALSE
Female,Disloyal Customer,13,Business Travel,Eco,842,1,1,1,4,3,1,1,3,1,4,3,4,3,2.31,5,13,FALSE
Male,Loyal Customer,40,Personal Travel,Eco,1590,3,4,3,5,3,3,3,3,3,3,4,3,3,3.31,18,7,FALSE
Male,Loyal Customer,45,Personal Travel,Eco,323,2,4,2,5,1,2,1,1,4,5,1,3,1,2.46,0,0,FALSE
Female,Loyal Customer,51,Business Travel,Eco,386,2,2,4,2,2,2,3,2,2,2,2,3,2,2.31,0,0,FALSE
Female,Loyal Customer,48,Business Travel,Business,431,1,1,1,1,2,5,5,3,3,3,3,3,4,2.69,0,0,TRUE
Male,Loyal Customer,70,Personal Travel,Eco,2075,3,4,3,4,4,3,2,4,3,2,4,5,4,3.46,0,0,FALSE
Female,Loyal Customer,56,Business Travel,Eco,562,4,4,4,4,1,5,5,4,4,4,4,2,3,3.69,0,0,TRUE
Male,Loyal Customer,52,Business Travel,Business,583,3,3,4,3,2,4,4,5,5,5,5,4,5,4,0,7,TRUE
Female,Loyal Customer,66,Personal Travel,Eco Plus,590,1,4,1,1,2,4,5,5,5,1,5,4,3,3.15,0,2,FALSE
Female,Disloyal Customer,18,Business Travel,Eco,277,1,4,2,5,2,2,5,2,4,3,5,3,2,3.08,2,0,FALSE
Male,Loyal Customer,17,Personal Travel,Business,899,2,5,2,5,2,2,2,2,4,2,5,5,2,3.08,12,34,FALSE
Male,Loyal Customer,30,Business Travel,Business,2783,2,2,4,2,4,4,4,4,3,5,5,3,4,3.54,0,0,TRUE
Male,Disloyal Customer,37,Business Travel,Eco Plus,851,3,3,3,1,4,3,2,4,4,1,1,2,4,2.69,8,11,FALSE
Male,Loyal Customer,51,Business Travel,Business,3131,4,4,4,4,5,5,5,5,5,5,5,3,5,4.54,53,66,TRUE
Female,Disloyal Customer,22,Business Travel,Eco,251,4,2,5,2,4,5,4,4,1,5,2,4,4,3.54,38,33,FALSE
Male,Loyal Customer,45,Business Travel,Eco,209,2,1,1,1,2,2,2,2,2,4,3,1,2,1.92,59,62,FALSE
Female,Loyal Customer,54,Business Travel,Business,2342,1,2,2,2,1,1,1,2,1,2,4,1,1,1.62,10,14,FALSE
Male,Loyal Customer,57,Business Travel,Eco,616,4,1,1,1,4,4,4,4,4,2,3,2,4,2.92,84,79,FALSE
Female,Loyal Customer,42,Business Travel,Business,270,2,2,2,2,3,5,4,4,4,4,4,3,5,3.38,0,1,TRUE
Female,Loyal Customer,37,Personal Travel,Eco,1235,3,2,3,4,5,3,5,5,1,2,4,3,5,3.46,0,0,FALSE
Male,Loyal Customer,44,Business Travel,Business,2564,1,1,1,1,3,5,5,4,4,4,4,5,4,3.23,0,0,TRUE
Female,Loyal Customer,48,Business Travel,Business,3253,4,4,4,4,5,5,4,5,5,5,5,5,5,4.62,0,0,TRUE
Male,Loyal Customer,53,Business Travel,Business,641,3,3,3,3,5,5,4,4,4,4,4,3,3,3.69,0,0,TRUE
Female,Loyal Customer,47,Business Travel,Business,2141,4,4,4,4,2,4,4,4,4,4,4,4,5,3.92,5,0,TRUE
Male,Loyal Customer,50,Business Travel,Business,2623,3,3,3,3,4,5,4,5,5,5,5,4,4,4.08,0,0,TRUE
Male,Loyal Customer,12,Personal Travel,Eco Plus,160,2,4,0,2,2,0,5,2,5,4,4,5,2,2.85,2,3,FALSE
Female,Loyal Customer,60,Personal Travel,Eco Plus,258,4,3,4,3,2,3,4,2,2,4,2,3,2,2.92,0,0,FALSE
Female,Loyal Customer,48,Business Travel,Business,140,2,2,2,2,1,1,3,5,5,5,5,1,4,2.92,26,19,TRUE
Male,Loyal Customer,55,Business Travel,Business,731,2,4,2,2,5,5,5,5,5,5,5,4,5,4.15,15,2,TRUE
Female,Loyal Customer,58,Personal Travel,Eco,594,2,4,2,4,4,4,3,2,2,2,1,3,4,2.85,0,2,FALSE
Male,Loyal Customer,30,Business Travel,Business,2415,3,2,2,2,3,3,3,3,2,5,3,2,3,2.77,0,0,FALSE
Male,Loyal Customer,41,Business Travel,Business,1947,4,4,4,4,3,4,5,2,2,2,2,3,4,3.31,6,0,TRUE
Male,Loyal Customer,46,Business Travel,Business,391,3,3,3,3,2,4,5,5,5,5,5,4,3,3.85,2,0,TRUE
Female,Loyal Customer,14,Personal Travel,Eco,413,2,1,2,3,5,2,5,5,4,1,3,3,5,3.15,0,0,FALSE
Male,Loyal Customer,38,Personal Travel,Eco,1726,3,5,3,2,5,3,3,5,5,5,5,5,5,4.15,0,0,FALSE
Male,Loyal Customer,13,Personal Travel,Eco,401,2,5,2,1,2,2,1,2,3,4,5,4,2,2.69,116,100,FALSE
Male,Loyal Customer,44,Business Travel,Business,2475,1,1,1,1,4,4,4,4,2,5,5,4,4,3.08,0,9,TRUE
Male,Disloyal Customer,18,Business Travel,Eco,338,1,3,0,3,5,0,5,5,3,3,4,2,5,3,62,58,FALSE
Female,Loyal Customer,45,Personal Travel,Eco,577,2,4,2,1,4,5,5,2,2,2,2,5,5,3.15,0,0,FALSE
Male,Loyal Customer,22,Business Travel,Business,1958,3,5,5,5,3,3,3,3,2,3,3,4,3,3.46,31,24,FALSE
Female,Loyal Customer,70,Business Travel,Eco,641,2,2,2,2,5,3,4,2,2,2,2,3,2,2.54,0,0,FALSE
Male,Loyal Customer,24,Personal Travel,Eco,258,1,4,1,5,3,1,4,3,5,5,4,4,3,3.31,1,0,FALSE
Female,Disloyal Customer,32,Business Travel,Eco,421,3,0,3,4,3,3,3,3,1,5,5,4,3,3.08,2,3,FALSE
Male,Loyal Customer,40,Personal Travel,Eco Plus,1290,2,4,2,1,4,2,4,4,5,3,4,3,4,3.23,8,0,FALSE
Male,Loyal Customer,40,Business Travel,Business,2033,2,3,3,3,3,3,4,2,2,1,2,3,2,2.54,0,18,FALSE
Male,Loyal Customer,34,Personal Travel,Eco,328,2,2,3,2,5,3,5,5,1,4,3,2,5,3.23,16,7,FALSE
Female,Disloyal Customer,27,Business Travel,Eco,429,3,0,3,4,4,3,4,4,1,2,4,4,4,3.08,6,6,FALSE
Male,Loyal Customer,34,Business Travel,Business,2954,2,2,2,2,5,4,4,5,5,5,5,3,4,3.69,0,0,TRUE
Male,Disloyal Customer,38,Business Travel,Eco,152,3,0,3,2,5,3,5,5,1,1,3,5,5,3.15,14,14,FALSE
Male,Loyal Customer,40,Business Travel,Business,3578,5,5,5,5,5,3,1,4,4,4,4,3,5,4.08,0,0,TRUE
Female,Loyal Customer,20,Personal Travel,Eco,1195,2,4,2,3,3,2,3,3,4,5,5,4,3,3.31,0,0,FALSE
Female,Loyal Customer,13,Personal Travel,Business,964,0,5,0,3,1,0,1,1,3,2,4,4,1,1.92,0,0,TRUE
Male,Loyal Customer,19,Personal Travel,Eco,632,3,1,3,3,2,3,3,2,2,3,4,3,2,2.62,0,0,FALSE
Female,Disloyal Customer,20,Business Travel,Eco,844,0,0,0,1,4,0,4,4,3,1,3,4,4,2.15,0,0,TRUE
Female,Loyal Customer,63,Personal Travel,Eco,416,3,3,3,1,5,3,1,3,3,3,3,1,5,2.85,0,0,FALSE
Male,Disloyal Customer,41,Business Travel,Business,308,5,5,5,2,1,5,1,1,5,3,5,5,1,3.38,0,0,TRUE
Female,Loyal Customer,51,Business Travel,Business,1573,5,5,5,5,5,5,5,2,2,2,2,4,4,3.92,0,0,TRUE
Female,Loyal Customer,11,Personal Travel,Business,1047,3,4,3,4,3,2,2,4,5,5,5,2,2,3.38,162,129,FALSE
Male,Disloyal Customer,23,Business Travel,Eco,577,1,5,1,4,3,1,1,3,3,1,2,5,3,2.54,0,0,FALSE
Female,Loyal Customer,51,Business Travel,Business,946,3,3,1,3,3,5,5,4,4,4,4,5,4,3.69,8,18,TRUE
Male,Loyal Customer,34,Personal Travel,Eco,250,2,4,2,2,4,2,4,4,3,5,4,3,4,3.31,0,0,FALSE
Female,Loyal Customer,31,Business Travel,Business,1773,1,5,5,5,1,1,1,1,4,2,3,1,1,2.38,15,15,FALSE
Male,Loyal Customer,16,Business Travel,Eco,859,1,5,5,5,1,1,2,1,1,1,3,2,1,2.23,5,11,FALSE
Female,Disloyal Customer,33,Business Travel,Business,327,3,3,3,3,2,3,2,2,4,4,4,5,2,3.08,0,1,FALSE
Female,Loyal Customer,32,Business Travel,Eco Plus,493,2,2,2,2,2,2,2,2,2,2,3,1,2,2,0,0,FALSE
Female,Loyal Customer,27,Business Travel,Business,1865,2,3,2,2,5,4,5,5,4,2,4,3,5,3.54,0,0,TRUE
Female,Loyal Customer,57,Personal Travel,Eco,106,5,4,5,1,4,5,4,5,5,5,5,3,5,4.31,0,0,TRUE
Male,Loyal Customer,52,Business Travel,Eco,1598,3,4,4,4,3,3,3,4,1,3,3,3,3,3.15,134,125,FALSE
Male,Loyal Customer,42,Business Travel,Business,2387,2,2,3,2,2,5,3,5,5,5,4,1,1,3.08,0,0,TRUE
Female,Loyal Customer,57,Business Travel,Eco Plus,213,3,2,2,2,1,4,4,3,3,3,3,1,3,2.62,36,78,FALSE
Male,Disloyal Customer,20,Business Travel,Eco,820,4,4,4,5,5,4,3,5,4,2,2,2,5,3.77,0,0,FALSE
Female,Loyal Customer,14,Personal Travel,Eco Plus,888,3,3,3,4,3,3,3,3,2,2,3,2,3,2.85,33,38,FALSE
Male,Loyal Customer,26,Business Travel,Business,1621,1,1,1,1,1,1,1,1,4,4,4,3,1,1.85,0,0,FALSE
Female,Loyal Customer,32,Business Travel,Business,2104,2,2,2,2,5,4,5,5,3,5,4,5,5,3.77,6,2,TRUE
Male,Loyal Customer,29,Personal Travel,Eco,199,2,4,0,2,1,0,1,1,4,2,4,4,1,2,0,0,FALSE
Female,Loyal Customer,27,Business Travel,Business,2999,3,2,2,2,3,3,3,3,2,4,4,4,3,2.92,0,7,FALSE
Female,Disloyal Customer,26,Business Travel,Business,1310,4,3,3,1,2,3,2,2,4,5,5,4,2,3.08,0,6,TRUE
Female,Loyal Customer,9,Personal Travel,Eco,1035,3,4,3,2,5,3,5,5,3,3,5,4,5,3.85,47,103,FALSE
Female,Loyal Customer,18,Personal Travel,Eco,1182,2,4,1,5,2,1,2,2,5,5,4,4,2,3,32,43,FALSE
Female,Loyal Customer,51,Personal Travel,Eco Plus,991,4,4,4,3,3,5,5,4,4,4,3,5,3,3.92,0,0,FALSE
Female,Disloyal Customer,38,Business Travel,Business,453,2,3,3,4,2,3,2,2,3,4,4,5,2,3,7,0,FALSE
Female,Disloyal Customer,30,Business Travel,Business,728,4,4,4,3,4,4,4,4,4,3,4,3,4,3.77,10,25,FALSE
Female,Loyal Customer,48,Business Travel,Business,2486,1,4,1,4,2,4,3,1,1,2,1,2,4,2.31,0,0,FALSE
Male,Loyal Customer,64,Business Travel,Eco,130,3,2,2,2,3,3,3,3,4,4,4,3,3,3,2,3,FALSE
Female,Loyal Customer,51,Business Travel,Business,3634,2,2,2,2,5,1,2,5,5,5,5,4,1,3.15,0,0,TRUE
Male,Loyal Customer,52,Business Travel,Business,3898,2,2,2,2,5,4,5,4,4,4,4,4,4,3.54,0,0,TRUE
Female,Loyal Customer,44,Business Travel,Business,2607,5,5,5,5,1,5,3,4,4,4,4,2,3,3.85,0,0,TRUE
Male,Disloyal Customer,25,Business Travel,Eco,762,4,4,4,2,3,4,3,3,2,4,4,1,3,3.15,0,24,TRUE
Female,Disloyal Customer,41,Business Travel,Eco,1154,2,2,2,3,4,2,4,4,5,4,3,4,4,3.31,0,0,FALSE
Male,Loyal Customer,41,Business Travel,Business,3907,4,5,4,4,5,5,5,5,5,5,5,4,3,4.54,53,51,TRUE
Male,Loyal Customer,10,Personal Travel,Eco Plus,201,2,4,2,4,5,2,5,5,2,4,3,4,5,3.62,0,0,FALSE
Male,Loyal Customer,46,Business Travel,Business,3536,2,2,2,2,3,4,5,5,5,5,5,3,5,3.69,0,0,TRUE
Female,Loyal Customer,41,Personal Travel,Eco,299,2,5,2,3,5,2,5,5,5,5,5,4,5,4.08,0,16,FALSE
Male,Disloyal Customer,22,Business Travel,Eco,1324,2,1,1,3,2,2,1,2,3,5,4,4,2,2.46,0,0,FALSE
Female,Loyal Customer,55,Personal Travel,Eco,728,2,3,2,2,3,3,3,2,2,2,2,4,4,2.62,12,13,FALSE
Male,Loyal Customer,15,Business Travel,Business,1389,4,2,2,2,4,3,4,4,1,3,4,2,4,3,0,0,FALSE
Male,Loyal Customer,47,Business Travel,Business,223,4,4,4,4,5,5,4,3,3,4,5,3,3,3.92,40,30,TRUE
Male,Loyal Customer,42,Personal Travel,Eco,251,2,5,2,2,2,2,2,2,5,2,5,5,2,2.92,0,0,FALSE
Female,Loyal Customer,45,Business Travel,Eco,577,4,2,2,2,4,4,3,4,4,4,4,3,3,3.31,7,6,TRUE
Female,Loyal Customer,23,Business Travel,Business,2589,2,4,4,4,2,2,2,2,3,1,3,4,2,2.69,0,0,FALSE
Female,Loyal Customer,33,Business Travel,Business,1337,2,2,2,2,5,4,4,5,5,5,5,5,5,3.92,0,1,TRUE
Male,Loyal Customer,39,Personal Travel,Eco,404,4,2,4,3,5,4,5,5,2,5,3,3,5,3.85,0,0,FALSE
Male,Loyal Customer,31,Business Travel,Business,507,3,3,1,3,3,3,3,3,4,4,4,3,3,3.08,1,0,TRUE
Female,Loyal Customer,50,Business Travel,Business,1636,1,4,4,4,1,3,3,2,2,2,1,1,4,2.46,0,0,FALSE
Male,Loyal Customer,34,Personal Travel,Eco,231,3,4,3,4,1,3,5,1,4,5,4,4,1,3.23,4,0,FALSE
Male,Loyal Customer,15,Personal Travel,Eco Plus,1334,4,5,4,3,5,4,5,5,5,4,3,4,5,4.31,0,0,FALSE
Male,Disloyal Customer,43,Business Travel,Business,364,5,5,5,4,5,2,5,4,4,4,5,5,5,4.46,167,188,TRUE
Male,Loyal Customer,59,Business Travel,Business,1979,5,5,5,5,3,5,4,4,4,4,4,5,5,4.46,0,0,TRUE
Female,Loyal Customer,47,Personal Travel,Eco,1005,3,2,3,3,5,4,4,5,5,3,3,3,3,3.54,14,6,FALSE
Male,Loyal Customer,10,Personal Travel,Eco,930,1,4,1,2,3,1,3,3,3,2,5,4,3,2.69,0,0,FALSE
Male,Loyal Customer,60,Business Travel,Business,1888,1,1,1,1,2,4,4,3,3,4,3,5,5,2.85,0,0,TRUE
Female,Loyal Customer,21,Personal Travel,Eco,160,2,4,2,4,3,2,3,3,4,2,4,4,3,3.08,0,0,FALSE
Female,Loyal Customer,36,Business Travel,Business,2788,5,5,5,5,5,5,4,5,5,5,5,4,4,4.77,0,0,TRUE
Female,Disloyal Customer,17,Business Travel,Eco,413,3,2,3,3,3,3,3,3,4,4,4,3,3,3.15,17,14,FALSE
Male,Loyal Customer,35,Business Travel,Business,1709,1,1,5,1,2,3,4,5,5,5,5,4,4,3.46,0,7,TRUE
Female,Loyal Customer,72,Business Travel,Eco Plus,602,3,4,4,4,4,2,3,3,3,3,3,2,3,3.15,0,0,FALSE
Male,Loyal Customer,67,Personal Travel,Eco,337,2,4,2,2,2,2,2,2,4,3,4,4,2,2.69,9,0,FALSE
Female,Disloyal Customer,22,Business Travel,Eco,479,3,4,3,3,3,3,3,3,5,2,4,3,3,3.23,0,0,FALSE
Female,Disloyal Customer,27,Business Travel,Eco,647,2,2,2,4,5,2,2,5,1,2,3,4,5,3,2,0,FALSE
Male,Disloyal Customer,42,Business Travel,Business,712,4,4,4,4,4,4,4,4,3,3,4,3,4,3.77,2,0,TRUE
Female,Disloyal Customer,27,Business Travel,Eco,251,1,2,1,4,3,1,5,3,4,4,3,3,3,2.85,26,45,FALSE
Male,Loyal Customer,19,Personal Travel,Eco,2583,3,4,3,3,2,3,2,2,2,2,2,4,2,2.62,0,0,FALSE
Male,Loyal Customer,47,Personal Travel,Eco,1050,2,1,2,4,3,2,3,3,2,2,4,2,3,2.54,1,0,FALSE
Female,Loyal Customer,39,Business Travel,Business,1440,5,5,5,5,5,5,5,5,5,5,5,4,5,4.92,0,0,TRUE
Male,Loyal Customer,11,Personal Travel,Eco,294,1,4,1,3,3,1,3,3,4,5,4,4,3,3,0,0,FALSE
Male,Loyal Customer,41,Business Travel,Eco Plus,1042,4,4,4,4,4,4,4,4,2,4,3,1,4,3.54,0,26,FALSE
Female,Loyal Customer,50,Personal Travel,Eco,550,4,3,4,3,3,3,3,3,3,4,3,4,1,3.15,0,7,FALSE
Male,Disloyal Customer,37,Business Travel,Business,362,3,3,3,4,4,3,4,4,3,2,3,4,4,3.38,0,21,FALSE
Male,Disloyal Customer,54,Business Travel,Eco Plus,972,2,2,2,2,1,2,1,1,3,5,1,4,1,2.08,27,32,FALSE
Female,Loyal Customer,66,Business Travel,Eco,404,2,4,4,4,5,3,3,2,2,2,2,2,2,2.85,0,0,FALSE
Female,Loyal Customer,50,Business Travel,Business,121,0,4,0,1,5,4,5,1,1,1,1,2,2,2.08,0,1,TRUE
Female,Loyal Customer,50,Business Travel,Business,733,3,3,4,3,5,4,5,3,3,3,3,4,5,3.69,0,0,TRUE
Female,Loyal Customer,39,Business Travel,Business,3742,5,5,5,5,3,5,4,5,5,5,5,4,5,4.69,0,0,TRUE
Female,Loyal Customer,38,Business Travel,Business,1400,2,2,2,2,3,1,2,4,4,4,4,4,5,3,8,15,TRUE
Female,Loyal Customer,58,Personal Travel,Eco,577,2,4,2,2,4,4,4,5,5,2,2,5,4,3.46,1,0,FALSE
Male,Loyal Customer,32,Business Travel,Business,1076,2,2,3,2,5,5,5,5,5,2,3,5,5,3.77,0,13,TRUE
Male,Loyal Customer,42,Business Travel,Business,417,3,3,3,3,3,3,3,3,3,3,3,4,4,3.15,0,0,FALSE
Male,Disloyal Customer,34,Business Travel,Eco,447,4,1,4,4,1,4,1,1,2,4,3,3,1,2.54,0,0,FALSE
Female,Loyal Customer,52,Business Travel,Business,3515,3,3,3,3,3,4,4,4,4,4,4,5,5,3.77,0,0,TRUE
Male,Disloyal Customer,20,Business Travel,Eco,109,4,4,4,2,5,4,2,5,1,1,1,4,5,3.23,0,0,TRUE
Female,Disloyal Customer,25,Business Travel,Eco Plus,672,1,4,1,4,4,1,4,4,2,3,3,4,4,3,0,11,FALSE
Female,Disloyal Customer,20,Business Travel,Eco,399,2,3,2,2,4,2,4,4,4,1,3,4,4,3,17,20,FALSE
Female,Loyal Customer,48,Personal Travel,Eco,461,1,3,1,3,2,3,4,1,1,1,1,3,4,2.15,0,0,FALSE
Male,Loyal Customer,58,Business Travel,Business,2777,2,2,2,2,2,4,5,5,5,5,5,5,3,3.62,0,0,TRUE
Male,Loyal Customer,31,Business Travel,Eco Plus,937,0,0,0,1,5,0,5,5,2,2,3,1,5,2.23,0,0,TRUE
Male,Loyal Customer,33,Business Travel,Eco Plus,759,2,3,3,3,2,2,2,2,3,4,4,4,2,2.77,19,11,FALSE
Female,Disloyal Customer,37,Business Travel,Eco,432,2,3,2,3,3,2,3,3,3,4,4,4,3,3,31,17,FALSE
Male,Disloyal Customer,29,Business Travel,Eco,122,2,2,2,3,2,2,2,2,1,3,4,1,2,2.15,0,0,FALSE
Male,Disloyal Customer,17,Business Travel,Eco,692,5,5,5,3,1,5,1,1,2,1,2,4,1,2.77,0,0,TRUE
Male,Loyal Customer,45,Business Travel,Eco,508,4,1,1,1,4,4,4,4,1,3,1,2,4,2.62,0,0,TRUE
Male,Loyal Customer,53,Business Travel,Eco,190,5,4,4,4,5,5,5,5,2,2,5,2,5,4.08,0,0,TRUE
Female,Loyal Customer,38,Business Travel,Eco,2475,3,2,2,2,3,5,3,3,2,4,3,4,3,3,0,0,TRUE
Female,Loyal Customer,36,Personal Travel,Eco,1087,4,4,4,3,4,4,1,4,3,3,3,3,4,3.38,0,0,FALSE
Male,Loyal Customer,17,Personal Travel,Eco,1035,3,4,3,1,5,3,5,5,5,3,4,4,5,3.85,0,0,FALSE
Male,Loyal Customer,39,Business Travel,Business,1303,3,3,2,3,2,4,5,4,4,4,4,4,5,3.62,0,0,TRUE
Female,Loyal Customer,40,Business Travel,Business,2409,3,4,4,4,5,3,4,3,3,3,3,3,3,3.46,0,0,FALSE
Male,Disloyal Customer,27,Business Travel,Eco,1055,1,1,1,4,4,1,4,4,3,4,4,2,4,2.85,0,0,FALSE
Male,Loyal Customer,26,Business Travel,Business,1977,3,5,5,5,3,3,3,3,4,2,4,1,3,3.38,66,63,FALSE
Male,Loyal Customer,35,Personal Travel,Eco,260,2,3,2,2,4,2,4,4,5,5,2,2,4,3.15,0,0,FALSE
Female,Loyal Customer,57,Personal Travel,Eco,296,3,2,3,1,1,1,2,5,5,3,5,4,4,3,41,34,FALSE
Female,Disloyal Customer,28,Business Travel,Eco,500,3,3,4,4,4,4,3,4,3,1,3,5,4,3.46,0,0,FALSE
Male,Disloyal Customer,29,Business Travel,Business,1023,3,3,3,2,5,3,3,5,3,4,4,4,5,3.62,0,0,FALSE
Male,Loyal Customer,46,Personal Travel,Eco,1947,3,4,3,4,3,3,4,3,3,5,4,4,3,3.54,0,0,FALSE
Female,Loyal Customer,9,Business Travel,Business,1488,2,2,2,2,2,2,2,2,2,2,3,4,2,2.23,8,15,FALSE
Female,Loyal Customer,56,Business Travel,Business,1624,3,3,3,3,2,4,5,5,5,5,5,5,5,4.08,15,29,TRUE
Female,Disloyal Customer,70,Business Travel,Eco,679,2,2,2,2,1,2,1,1,4,3,2,2,1,1.92,0,0,FALSE
Female,Loyal Customer,35,Personal Travel,Eco,950,3,0,3,4,1,3,4,1,5,5,4,5,1,3,21,25,FALSE
Female,Loyal Customer,21,Personal Travel,Eco,1134,3,4,3,3,3,1,3,3,2,5,5,3,3,3.15,152,219,FALSE
Male,Disloyal Customer,16,Business Travel,Eco,1020,4,4,4,3,5,4,5,5,4,4,5,5,5,4.38,10,34,TRUE
Female,Loyal Customer,49,Business Travel,Business,634,2,2,2,2,2,4,4,4,4,4,4,1,4,3,14,0,TRUE
Male,Disloyal Customer,40,Business Travel,Eco,204,2,0,2,3,5,2,5,5,3,2,5,3,5,3.23,0,0,FALSE
Male,Loyal Customer,22,Business Travel,Business,1756,4,4,4,4,4,4,4,4,1,4,2,2,4,3.46,0,0,FALSE
Female,Loyal Customer,45,Business Travel,Business,229,0,0,0,4,4,4,4,2,2,2,2,3,3,2.31,0,0,TRUE
Male,Loyal Customer,19,Personal Travel,Eco,776,4,5,5,4,1,5,1,1,5,4,1,3,1,3.08,0,0,FALSE
Female,Loyal Customer,60,Personal Travel,Eco,599,2,2,2,3,1,3,3,4,4,2,4,1,2,2.54,30,19,FALSE
Female,Loyal Customer,56,Business Travel,Eco,612,1,1,1,1,1,3,3,1,1,1,1,1,3,1.46,109,115,FALSE
Male,Loyal Customer,29,Business Travel,Business,680,5,5,5,5,4,4,4,4,5,3,2,5,4,4.23,5,0,TRUE
Male,Loyal Customer,32,Business Travel,Business,3716,5,5,5,5,5,5,5,5,5,2,5,5,5,4.77,0,2,TRUE
Female,Disloyal Customer,28,Business Travel,Eco Plus,991,3,3,3,3,3,3,3,3,4,2,3,2,3,2.92,15,42,FALSE
Female,Loyal Customer,45,Personal Travel,Eco,1709,3,4,3,3,4,2,1,5,5,3,5,5,3,3.54,0,13,FALSE
Male,Loyal Customer,44,Personal Travel,Eco,763,1,5,0,4,5,0,2,5,4,5,5,5,5,3.54,13,21,FALSE
Female,Loyal Customer,42,Personal Travel,Eco,983,4,5,3,4,3,1,2,5,5,3,5,3,2,3.46,0,0,TRUE
Female,Loyal Customer,46,Business Travel,Business,967,3,1,3,3,4,5,4,2,2,2,2,4,3,2.92,0,0,TRUE
Female,Loyal Customer,17,Personal Travel,Eco,1107,2,5,2,4,3,2,3,3,1,1,2,3,3,2.62,0,0,FALSE
Male,Loyal Customer,31,Business Travel,Business,3252,3,3,3,3,5,5,5,5,5,2,5,5,5,4.15,3,0,TRUE
Female,Loyal Customer,33,Business Travel,Business,2637,4,4,4,4,3,1,2,4,4,5,4,2,2,3.31,61,68,TRUE
Female,Loyal Customer,41,Business Travel,Eco Plus,990,3,3,3,3,2,3,3,3,3,3,3,3,4,3,3,0,FALSE
Female,Loyal Customer,48,Business Travel,Business,3277,3,3,4,3,2,5,5,5,5,5,5,3,4,4,11,1,TRUE
Female,Loyal Customer,53,Business Travel,Business,2531,0,0,0,5,2,2,2,4,5,5,5,2,2,2.62,202,186,TRUE
Male,Loyal Customer,48,Personal Travel,Business,846,3,5,3,4,3,5,5,1,1,3,2,5,3,3.31,41,41,FALSE
Male,Disloyal Customer,29,Business Travel,Eco,989,1,1,1,4,1,1,1,1,4,5,4,2,1,2.08,6,9,FALSE
Male,Loyal Customer,41,Business Travel,Business,612,3,3,5,3,5,2,2,4,4,5,4,1,1,3.23,0,0,TRUE
Male,Loyal Customer,39,Business Travel,Business,1547,5,5,4,5,3,4,5,5,5,5,5,4,4,4.54,0,0,TRUE
Male,Loyal Customer,69,Business Travel,Eco Plus,469,2,3,5,3,1,2,1,1,2,3,3,3,1,2.31,1,0,FALSE
Female,Disloyal Customer,30,Business Travel,Business,813,5,5,5,4,3,5,3,3,4,4,4,4,3,4,0,0,TRUE
Female,Loyal Customer,22,Personal Travel,Eco Plus,925,3,3,2,3,5,2,5,5,3,5,1,2,5,3.38,45,37,FALSE
Male,Loyal Customer,57,Business Travel,Business,599,4,4,4,4,5,5,5,3,3,4,3,3,3,3.85,0,0,TRUE
Male,Loyal Customer,37,Business Travel,Eco,303,4,2,2,2,4,4,4,4,5,5,5,5,4,3.85,0,0,TRUE
Male,Loyal Customer,48,Business Travel,Eco,1919,3,4,4,4,3,3,3,3,1,3,2,4,3,3.08,0,5,FALSE
Male,Loyal Customer,37,Personal Travel,Eco,236,2,4,2,4,3,2,3,3,2,3,3,3,3,2.85,0,0,FALSE
Male,Loyal Customer,7,Personal Travel,Eco,526,3,4,3,1,2,3,4,2,5,4,4,5,2,3.23,0,0,FALSE
Male,Loyal Customer,34,Business Travel,Business,1010,1,1,1,1,2,5,1,3,3,3,3,1,4,2.23,0,0,TRUE
Male,Loyal Customer,52,Business Travel,Business,2402,5,5,5,5,5,4,1,4,4,4,4,5,3,4.15,0,9,TRUE
Female,Loyal Customer,56,Business Travel,Eco Plus,363,2,4,5,5,4,4,3,3,3,2,3,4,4,3.54,0,0,FALSE
Female,Loyal Customer,55,Business Travel,Business,2883,2,2,2,2,3,5,5,4,4,4,4,5,3,3.46,4,1,TRUE
Female,Disloyal Customer,26,Business Travel,Eco,588,3,1,3,4,1,3,1,1,4,1,4,4,1,2.38,0,0,FALSE
Male,Loyal Customer,17,Personal Travel,Eco,337,3,5,3,5,2,3,2,2,4,4,4,4,2,3.31,0,2,FALSE
Female,Loyal Customer,22,Personal Travel,Eco,127,2,4,2,3,2,2,2,2,4,3,2,1,2,2.38,0,0,FALSE
Female,Loyal Customer,60,Personal Travel,Eco,481,1,2,1,3,4,3,3,3,3,1,3,4,3,2.62,0,2,FALSE
Male,Loyal Customer,33,Business Travel,Business,1976,4,4,3,4,5,5,5,5,3,3,5,4,5,4.23,10,0,TRUE
Male,Loyal Customer,13,Personal Travel,Eco,647,2,1,2,3,1,2,1,1,4,3,2,3,1,2,16,5,FALSE
Male,Loyal Customer,44,Business Travel,Business,1085,5,5,5,5,2,4,5,4,4,4,4,3,5,4.23,0,0,TRUE
Male,Loyal Customer,31,Personal Travel,Eco,689,1,5,2,1,1,2,1,1,4,3,4,4,1,2.31,0,0,FALSE
Male,Loyal Customer,46,Business Travel,Business,2542,1,1,5,1,1,2,1,4,4,4,4,1,3,2.46,0,0,TRUE
Female,Loyal Customer,56,Personal Travel,Eco,1085,3,5,3,2,5,4,4,3,3,3,3,4,3,3.46,84,77,FALSE
Male,Disloyal Customer,38,Business Travel,Business,240,2,2,2,2,5,2,5,5,5,2,5,3,5,3.46,0,0,FALSE
Male,Disloyal Customer,22,Business Travel,Eco,1188,3,2,2,3,5,2,1,5,1,5,1,2,5,2.85,0,0,FALSE
Male,Loyal Customer,13,Personal Travel,Eco,265,3,2,3,4,3,3,2,3,4,3,4,2,3,3,59,61,FALSE
Female,Loyal Customer,46,Personal Travel,Eco,861,1,5,1,3,4,5,5,3,3,1,5,4,4,3.38,0,0,FALSE
Female,Loyal Customer,52,Business Travel,Eco Plus,1197,3,5,5,5,2,3,3,4,4,3,4,4,1,3.54,6,12,FALSE
Male,Loyal Customer,37,Business Travel,Business,1743,3,3,3,3,4,5,5,4,4,4,5,4,5,4,0,12,TRUE
Male,Loyal Customer,19,Business Travel,Business,1416,3,3,3,3,4,4,4,4,3,5,4,3,4,3.62,0,0,TRUE
Male,Loyal Customer,7,Personal Travel,Eco,383,3,5,3,4,5,3,5,5,4,3,4,5,5,4.15,30,84,FALSE
Male,Loyal Customer,48,Business Travel,Business,1012,5,5,5,5,5,5,5,5,5,5,5,4,3,4.77,29,23,TRUE
Female,Loyal Customer,53,Personal Travel,Eco Plus,399,2,5,2,3,2,5,5,4,4,2,4,4,5,3.62,0,0,FALSE
Female,Loyal Customer,54,Business Travel,Eco Plus,1039,3,5,5,5,1,4,3,3,3,3,3,2,1,3.15,0,0,FALSE
Male,Loyal Customer,53,Business Travel,Business,1014,2,2,2,2,3,4,4,4,4,4,4,4,5,3.38,4,13,TRUE
Female,Loyal Customer,20,Business Travel,Business,1620,2,2,2,2,2,2,2,2,3,2,3,4,2,2.31,64,58,FALSE
Male,Loyal Customer,48,Business Travel,Business,1777,1,1,1,1,3,4,4,2,2,2,2,5,5,2.54,0,0,TRUE
Male,Loyal Customer,50,Business Travel,Eco,854,4,3,3,3,4,4,4,4,4,5,2,3,4,3.62,0,0,FALSE
Female,Disloyal Customer,70,Business Travel,Eco,463,1,5,1,2,2,1,2,2,2,3,2,2,2,2.08,0,0,FALSE
Female,Loyal Customer,11,Personal Travel,Eco,738,2,4,2,2,4,2,4,4,3,4,5,4,4,3.38,8,1,FALSE
Female,Loyal Customer,35,Business Travel,Business,3291,2,2,2,2,3,4,4,5,5,5,5,4,3,3.54,44,30,TRUE
Female,Loyal Customer,59,Personal Travel,Eco,1197,1,5,1,1,4,3,5,2,2,1,5,4,3,2.85,0,0,FALSE
Female,Loyal Customer,60,Business Travel,Business,3135,4,4,4,4,4,4,4,4,4,4,4,4,4,4,75,88,TRUE
Male,Loyal Customer,57,Business Travel,Business,631,1,1,5,1,5,5,4,2,2,2,2,5,4,3,0,0,TRUE
Female,Disloyal Customer,34,Business Travel,Eco,493,3,3,3,2,1,3,1,1,3,4,1,5,1,2.38,0,0,FALSE
Female,Loyal Customer,25,Business Travel,Business,1723,2,2,2,2,4,4,4,4,5,4,4,4,4,3.46,2,,TRUE
Female,Loyal Customer,55,Personal Travel,Eco,1728,1,4,1,4,2,3,5,1,1,1,1,3,5,2.46,10,0,FALSE
Male,Loyal Customer,18,Personal Travel,Eco,347,5,4,5,2,2,5,2,2,5,4,4,5,2,3.62,0,0,TRUE
Male,Loyal Customer,55,Business Travel,Business,366,3,3,3,3,4,5,4,4,4,4,4,4,3,3.69,1,0,TRUE
Male,Loyal Customer,45,Personal Travel,Eco,235,1,4,1,4,1,1,2,1,4,5,5,3,1,2.54,0,0,FALSE
Female,Loyal Customer,11,Personal Travel,Eco Plus,377,2,2,2,3,1,2,1,1,4,1,3,4,1,2.08,4,2,FALSE
Male,Loyal Customer,47,Business Travel,Business,1117,5,5,5,5,3,4,5,5,5,4,5,5,4,4.62,0,0,TRUE
Female,Loyal Customer,54,Personal Travel,Eco,479,2,5,2,1,1,3,2,4,4,2,4,4,5,3,0,0,FALSE
Male,Loyal Customer,34,Business Travel,Business,351,2,2,2,2,3,4,5,5,5,5,5,3,5,3.69,0,0,TRUE
Female,Loyal Customer,56,Business Travel,Business,1739,4,4,4,4,4,4,5,3,3,2,3,4,3,3.62,0,0,TRUE
Female,Loyal Customer,12,Personal Travel,Eco,223,3,3,3,4,4,3,4,4,3,4,3,3,4,3.46,13,6,FALSE
Male,Loyal Customer,52,Business Travel,Business,1578,2,2,5,2,2,3,4,2,2,2,2,1,1,2.31,34,28,FALSE
Female,Disloyal Customer,38,Business Travel,Eco,937,3,3,3,3,4,3,4,4,1,4,3,3,4,3.23,107,102,FALSE
Female,Loyal Customer,37,Business Travel,Eco,266,4,2,2,2,4,4,4,4,2,4,2,2,4,3.08,0,0,TRUE
Female,Loyal Customer,39,Business Travel,Eco,201,4,3,4,3,4,4,4,4,2,3,3,5,4,3.62,0,0,TRUE
Female,Loyal Customer,54,Business Travel,Business,996,1,2,5,2,1,3,4,1,1,1,1,4,1,2.08,0,0,FALSE
Male,Loyal Customer,38,Business Travel,Business,481,1,3,3,3,5,4,4,1,1,1,1,3,4,2.62,0,0,FALSE
Male,Loyal Customer,28,Personal Travel,Eco Plus,569,1,5,0,3,3,0,3,3,4,2,5,5,3,2.85,0,0,FALSE
Male,Loyal Customer,63,Business Travel,Business,2501,1,1,1,1,2,4,5,4,4,4,4,4,3,2.92,0,0,TRUE
Male,Loyal Customer,60,Business Travel,Business,759,4,4,4,4,3,5,5,5,5,5,5,4,4,4.38,0,0,TRUE
Female,Loyal Customer,48,Business Travel,Business,2828,5,5,5,5,1,2,4,3,3,3,3,4,4,3.62,0,15,TRUE
Male,Disloyal Customer,30,Business Travel,Eco,296,2,3,1,4,4,1,4,4,2,3,2,1,4,2.69,3,4,FALSE
Female,Loyal Customer,62,Personal Travel,Eco,328,2,2,2,5,3,4,5,2,2,2,2,3,4,2.92,0,0,FALSE
Female,Loyal Customer,39,Personal Travel,Eco,651,1,2,0,3,1,0,4,1,1,4,3,3,1,1.85,0,0,FALSE
Female,Loyal Customer,53,Business Travel,Business,3823,1,1,2,1,2,5,4,4,4,5,4,3,5,3.15,5,2,TRUE
Female,Loyal Customer,40,Business Travel,Business,3961,4,4,4,4,2,5,1,5,5,5,5,4,2,3.85,0,0,TRUE
Female,Loyal Customer,32,Personal Travel,Eco,1085,2,2,2,3,1,2,1,1,1,1,3,2,1,1.69,31,27,FALSE
Female,Loyal Customer,52,Business Travel,Eco,337,4,2,2,2,5,2,2,4,4,4,4,3,3,3.15,8,45,FALSE
Male,Loyal Customer,59,Business Travel,Business,3715,4,4,4,4,2,5,4,4,4,4,4,2,1,3.54,0,0,TRUE
Male,Loyal Customer,41,Personal Travel,Eco,2296,3,5,3,4,3,2,2,3,2,4,5,2,2,3.08,5,10,FALSE
Male,Disloyal Customer,54,Business Travel,Eco,158,1,4,1,4,5,1,5,5,2,5,4,3,5,3.46,0,0,FALSE
Female,Loyal Customer,40,Business Travel,Business,949,1,1,1,1,4,4,5,5,5,5,5,3,5,3.46,0,0,TRUE
Female,Disloyal Customer,22,Business Travel,Eco,1024,2,2,2,2,2,2,2,2,1,1,3,1,2,1.85,0,0,FALSE
Male,Loyal Customer,60,Business Travel,Eco,102,3,2,2,2,3,3,3,3,3,4,4,4,3,3,0,0,FALSE
Male,Loyal Customer,39,Business Travel,Business,2248,1,1,1,1,3,3,3,5,3,3,5,3,3,2.69,0,30,TRUE
Male,Loyal Customer,33,Business Travel,Eco Plus,214,4,2,4,2,4,4,4,4,2,1,3,3,4,3.15,3,21,FALSE
Female,Disloyal Customer,37,Business Travel,Business,334,2,2,2,2,2,2,2,2,3,5,5,3,2,2.62,28,21,FALSE
Male,Loyal Customer,48,Business Travel,Business,1894,5,5,5,5,5,5,4,4,4,4,4,4,4,4.46,0,3,TRUE
Female,Loyal Customer,35,Business Travel,Business,1958,0,0,0,5,3,4,4,1,1,1,1,4,1,1.92,62,71,TRUE
Male,Loyal Customer,47,Business Travel,Business,1937,4,2,2,2,2,3,3,4,4,4,4,4,3,3.15,1,12,FALSE
Female,Loyal Customer,46,Business Travel,Business,3948,3,3,3,3,5,5,5,5,5,5,5,5,5,4.38,9,0,TRUE
Female,Loyal Customer,51,Personal Travel,Eco,2300,2,4,2,2,2,5,4,1,1,2,1,3,5,2.62,8,1,FALSE
Female,Loyal Customer,55,Business Travel,Eco,1199,4,2,2,2,2,1,5,4,4,4,4,1,3,2.92,0,0,TRUE
Female,Loyal Customer,42,Business Travel,Business,2176,1,4,4,4,1,4,3,1,1,1,1,2,3,2.31,0,7,FALSE
Female,Loyal Customer,36,Personal Travel,Eco,627,1,5,1,2,3,1,3,3,3,4,4,3,3,2.77,4,3,FALSE
Female,Disloyal Customer,24,Business Travel,Eco,1056,3,4,4,1,2,4,2,2,2,2,4,4,2,2.77,0,0,FALSE
Female,Loyal Customer,20,Business Travel,Business,1471,2,2,4,2,4,4,4,4,5,3,4,3,4,3.46,10,0,TRUE
Male,Loyal Customer,46,Personal Travel,Eco,2614,3,4,3,4,3,4,4,4,4,3,4,4,4,3.69,0,19,FALSE
Female,Disloyal Customer,28,Business Travel,Business,731,4,4,4,3,3,4,3,3,4,5,5,5,3,3.85,0,4,TRUE
Male,Loyal Customer,14,Personal Travel,Eco,546,1,5,2,3,2,2,5,2,4,2,1,4,2,2.69,18,23,FALSE
Female,Loyal Customer,58,Business Travel,Business,2129,4,4,4,4,5,4,4,4,4,4,4,4,3,4,0,0,TRUE
Female,Disloyal Customer,43,Business Travel,Eco Plus,674,4,4,4,3,3,4,2,3,1,2,2,4,3,3,0,0,FALSE
Male,Loyal Customer,51,Business Travel,Business,516,1,5,5,5,3,3,3,1,1,1,1,1,4,2.62,0,0,FALSE
Female,Loyal Customer,62,Personal Travel,Eco,266,4,5,4,3,4,4,5,3,3,4,3,5,5,4,0,4,FALSE
Female,Loyal Customer,49,Personal Travel,Eco,236,2,4,2,3,4,4,5,4,4,2,4,3,5,3.54,0,0,FALSE
Male,Loyal Customer,50,Business Travel,Business,112,2,2,2,2,3,3,3,4,4,4,3,1,2,2.69,0,8,TRUE
Male,Loyal Customer,60,Business Travel,Business,759,2,2,2,2,3,5,4,2,2,2,2,5,5,2.92,0,0,TRUE
Female,Loyal Customer,24,Business Travel,Business,194,3,1,1,1,2,2,3,2,4,5,3,3,2,2.46,27,15,FALSE
Female,Loyal Customer,62,Personal Travel,Eco Plus,331,2,1,4,4,3,4,4,3,3,4,3,4,3,3.23,0,23,FALSE
Male,Disloyal Customer,16,Business Travel,Eco,798,5,5,5,1,2,5,2,2,5,3,4,5,2,3.54,9,3,TRUE
Female,Loyal Customer,24,Personal Travel,Eco,1428,4,4,4,4,2,4,2,2,1,5,4,1,2,3,0,0,TRUE
Female,Loyal Customer,53,Business Travel,Eco,258,4,3,3,3,2,5,2,4,4,4,4,1,4,3.31,12,3,TRUE
Male,Loyal Customer,70,Personal Travel,Eco,472,2,5,2,1,2,2,3,2,4,4,4,3,2,2.77,3,10,FALSE
Female,Loyal Customer,46,Business Travel,Business,3255,4,4,2,4,4,5,5,4,4,4,4,5,4,4.08,23,32,TRUE
Female,Loyal Customer,53,Business Travel,Business,3719,5,5,5,5,3,4,4,1,1,2,1,5,5,3.54,3,0,TRUE
Male,Loyal Customer,33,Business Travel,Business,3507,1,3,3,3,1,1,1,1,2,3,4,1,1,1.92,5,0,FALSE
Male,Loyal Customer,53,Personal Travel,Eco,948,5,1,5,2,2,5,2,2,2,1,1,3,2,2.54,0,0,TRUE
Male,Loyal Customer,40,Business Travel,Business,1502,5,5,5,5,1,4,3,4,4,4,4,2,4,3.85,0,0,TRUE
Male,Loyal Customer,48,Business Travel,Business,403,3,3,3,3,2,5,2,4,4,4,4,2,4,3.31,0,0,TRUE
Female,Loyal Customer,21,Personal Travel,Eco,931,4,4,3,1,5,3,5,5,5,2,5,3,5,3.85,24,22,FALSE
Male,Loyal Customer,35,Business Travel,Business,2279,1,1,1,1,2,5,4,5,5,5,5,3,4,3.23,14,16,TRUE
Male,Loyal Customer,42,Business Travel,Business,337,0,0,0,3,3,5,4,4,4,4,4,5,3,3,0,0,TRUE
Female,Loyal Customer,10,Business Travel,Eco,1428,3,2,2,2,3,3,4,3,3,5,4,1,3,2.92,0,0,FALSE
Male,Loyal Customer,60,Business Travel,Business,216,1,2,2,2,1,4,3,2,2,2,1,4,3,2.23,0,0,FALSE
Female,Loyal Customer,31,Business Travel,Business,2300,3,3,3,3,5,5,5,5,2,5,2,4,5,3.85,22,0,TRUE
Female,Loyal Customer,66,Personal Travel,Eco,270,3,5,4,3,3,4,4,3,3,4,1,3,4,3.38,15,22,FALSE
Male,Loyal Customer,49,Business Travel,Business,2727,2,2,2,2,3,5,5,4,4,4,4,4,4,3.46,0,0,TRUE
Female,Loyal Customer,8,Business Travel,Business,2497,2,2,2,2,2,2,2,2,1,2,3,3,2,2.08,0,17,FALSE
Female,Loyal Customer,37,Personal Travel,Eco,250,4,1,4,3,3,4,3,3,1,1,3,1,3,2.62,68,55,FALSE
Female,Loyal Customer,43,Business Travel,Business,468,2,4,4,4,3,3,2,2,2,2,2,1,4,2.69,0,10,FALSE
Male,Loyal Customer,38,Business Travel,Business,2653,0,0,0,3,4,1,2,1,1,1,1,2,5,1.62,0,0,TRUE
Male,Disloyal Customer,23,Business Travel,Eco,373,2,0,2,1,3,2,3,3,4,2,4,4,3,2.54,0,0,FALSE
Female,Disloyal Customer,22,Business Travel,Eco,1171,4,4,4,1,5,4,5,5,5,3,4,4,5,4.08,0,0,TRUE
Female,Disloyal Customer,21,Business Travel,Eco,991,3,3,3,4,4,3,5,4,4,4,4,2,4,3.62,4,0,FALSE
Male,Loyal Customer,25,Personal Travel,Eco,992,1,1,1,3,1,1,1,1,1,5,3,3,1,1.77,24,15,FALSE
Female,Loyal Customer,16,Business Travel,Eco Plus,253,2,2,5,5,2,2,2,2,2,4,3,4,2,2.85,6,9,FALSE
Female,Disloyal Customer,37,Business Travel,Eco,453,2,4,2,3,3,2,3,3,4,4,4,2,3,3,0,0,FALSE
Male,Loyal Customer,31,Business Travel,Business,2607,4,4,4,4,4,4,4,4,3,4,1,5,4,3.77,76,60,TRUE
Female,Disloyal Customer,25,Business Travel,Eco,158,1,0,1,4,3,1,1,3,2,3,2,5,3,2.23,0,0,FALSE
Female,Loyal Customer,36,Business Travel,Business,1930,2,2,2,2,2,4,4,2,2,2,2,3,3,2.46,45,33,TRUE
Female,Loyal Customer,24,Personal Travel,Eco,160,1,3,1,2,3,1,5,3,3,5,5,1,3,2.77,0,0,FALSE
Female,Loyal Customer,7,Personal Travel,Eco,373,3,2,3,3,1,3,1,1,2,1,3,3,1,2.08,6,1,FALSE
Male,Loyal Customer,17,Business Travel,Eco,851,5,2,2,2,5,5,4,5,5,5,3,2,5,3.85,0,0,TRUE
Female,Disloyal Customer,25,Business Travel,Eco,357,2,0,2,2,2,2,2,2,4,5,2,3,2,2.31,0,0,FALSE
Male,Loyal Customer,54,Business Travel,Eco,799,3,5,2,5,3,3,3,3,2,1,4,4,3,3.15,18,0,FALSE
Female,Loyal Customer,38,Business Travel,Business,157,4,4,4,4,3,5,1,5,5,5,5,5,3,4.08,0,0,TRUE
Female,Loyal Customer,44,Personal Travel,Eco,2165,3,5,3,1,5,4,4,3,3,3,3,5,4,3.54,0,0,FALSE
Female,Loyal Customer,24,Business Travel,Business,1172,3,3,3,3,5,4,5,5,4,2,5,4,5,3.92,0,0,TRUE
Male,Loyal Customer,46,Personal Travel,Eco,843,1,5,1,3,3,1,3,3,1,2,2,3,3,2.38,0,0,FALSE
Male,Loyal Customer,44,Business Travel,Eco,402,4,1,1,1,4,4,4,4,4,2,3,1,4,2.85,0,0,TRUE
Female,Loyal Customer,69,Personal Travel,Eco,846,1,4,2,2,3,4,4,3,3,2,3,3,5,3,30,23,FALSE
Male,Loyal Customer,49,Personal Travel,Eco,334,2,5,4,3,2,4,2,2,4,3,4,5,2,3.23,29,31,FALSE
Female,Loyal Customer,48,Business Travel,Business,2916,1,1,4,1,5,4,5,5,5,5,5,3,4,3.69,4,0,TRUE
Male,Loyal Customer,48,Business Travel,Business,1742,5,5,5,5,4,4,5,4,4,4,4,1,5,4.23,27,32,TRUE
Male,Loyal Customer,59,Business Travel,Eco,680,5,3,3,3,5,5,5,5,2,2,2,4,5,3.77,1,5,TRUE
Male,Loyal Customer,58,Personal Travel,Eco,523,3,4,3,4,5,3,5,5,5,4,5,5,5,4.31,1,0,FALSE
Male,Loyal Customer,26,Business Travel,Business,2128,1,1,1,1,3,4,3,3,4,4,4,5,3,2.85,16,0,TRUE
Male,Disloyal Customer,32,Business Travel,Business,760,3,3,3,2,2,3,2,2,4,3,4,5,2,2.92,0,17,FALSE
Male,Loyal Customer,33,Business Travel,Business,2884,4,4,4,4,5,5,5,5,1,1,1,5,5,3.77,9,0,TRUE
Female,Loyal Customer,30,Personal Travel,Eco,694,1,4,1,3,5,1,5,5,3,2,5,3,5,3.31,0,0,FALSE
Male,Loyal Customer,39,Business Travel,Business,1947,2,2,2,2,5,4,4,5,5,5,5,4,3,3.69,19,0,TRUE
Male,Loyal Customer,54,Personal Travel,Eco,1464,2,3,2,3,5,2,5,5,2,3,4,2,5,3.31,13,1,FALSE
Female,Loyal Customer,54,Business Travel,Business,1797,1,1,1,1,4,5,5,5,5,5,5,4,3,3.46,0,0,TRUE
Female,Loyal Customer,34,Business Travel,Business,2346,2,2,2,2,5,4,5,2,2,2,2,5,5,3.08,0,0,TRUE
Female,Loyal Customer,61,Personal Travel,Eco,190,3,4,0,4,1,5,5,2,2,0,2,2,3,2.54,60,58,FALSE
Female,Disloyal Customer,22,Business Travel,Eco,159,1,0,1,3,4,1,1,4,3,2,4,5,4,2.54,9,28,FALSE
Female,Loyal Customer,35,Business Travel,Business,2422,2,2,2,2,5,5,5,5,3,3,4,5,5,3.69,0,0,TRUE
Female,Disloyal Customer,23,Business Travel,Business,683,4,0,5,5,4,5,4,4,3,3,4,4,4,3.77,0,0,TRUE
Female,Loyal Customer,8,Personal Travel,Eco,1226,2,3,2,2,1,2,1,1,4,3,2,4,1,2.15,70,64,FALSE
Female,Loyal Customer,38,Business Travel,Business,2787,1,2,2,2,3,4,3,1,1,1,1,1,4,2,4,11,FALSE
Female,Loyal Customer,40,Business Travel,Business,2664,5,5,5,5,5,4,4,4,4,3,4,4,5,4.38,64,53,TRUE
Female,Loyal Customer,45,Business Travel,Business,115,5,5,5,5,5,4,4,5,5,4,4,4,5,4.62,16,28,TRUE
Male,Disloyal Customer,24,Business Travel,Eco,998,3,3,3,1,4,3,3,4,5,5,3,4,4,3.46,0,0,FALSE
Female,Loyal Customer,66,Personal Travel,Eco,325,2,2,2,3,5,3,4,1,1,2,3,3,4,2.69,47,37,FALSE
Male,Disloyal Customer,42,Business Travel,Business,2338,3,3,3,3,1,3,1,1,5,3,3,5,1,2.69,26,0,FALSE
Female,Loyal Customer,31,Business Travel,Eco,2342,5,4,4,4,5,5,5,5,1,2,4,3,5,4,0,18,TRUE
Male,Disloyal Customer,25,Business Travel,Eco Plus,787,2,5,2,4,4,2,4,4,2,2,4,5,4,3.38,0,0,FALSE
Female,Loyal Customer,48,Personal Travel,Eco,679,2,4,2,2,3,4,5,1,1,2,1,5,4,2.77,24,16,FALSE
Female,Disloyal Customer,39,Business Travel,Business,251,1,1,1,3,2,1,2,2,3,4,3,4,2,2.23,25,15,FALSE
Male,Loyal Customer,52,Business Travel,Business,821,1,1,1,1,4,4,5,5,5,5,5,5,4,3.54,10,0,TRUE
Male,Disloyal Customer,46,Business Travel,Business,2422,1,1,1,3,1,1,1,1,3,2,5,5,1,2,0,0,FALSE
Female,Loyal Customer,29,Business Travel,Business,853,3,3,3,3,5,5,5,5,5,3,4,3,5,4,0,0,TRUE
Female,Loyal Customer,31,Business Travel,Business,2904,2,2,2,2,5,5,5,5,5,5,5,3,5,3.92,31,56,TRUE
Male,Loyal Customer,40,Business Travel,Business,372,4,1,1,1,3,4,4,4,4,4,4,1,3,2.92,0,0,FALSE
Male,Loyal Customer,51,Business Travel,Eco,929,3,2,3,2,3,3,3,3,3,4,4,4,3,3.08,0,0,FALSE
Male,Loyal Customer,34,Business Travel,Business,3698,1,1,1,1,5,5,4,4,4,5,5,4,3,3.31,0,3,TRUE
Male,Disloyal Customer,44,Business Travel,Eco,306,1,3,2,3,2,1,3,2,1,4,3,3,3,2.38,141,142,FALSE
Male,Loyal Customer,48,Business Travel,Business,2718,3,4,3,3,2,4,5,5,5,5,5,3,3,3.85,0,0,TRUE
Male,Loyal Customer,70,Business Travel,Eco,402,3,2,2,2,3,3,3,3,3,5,3,4,3,3,0,0,FALSE
Female,Loyal Customer,58,Business Travel,Eco,845,5,3,3,3,3,1,1,5,5,5,5,3,2,3.38,9,1,TRUE
Male,Loyal Customer,60,Business Travel,Eco Plus,500,2,5,5,5,1,2,1,1,2,5,3,2,1,2.69,36,22,FALSE
Male,Loyal Customer,56,Personal Travel,Eco,671,0,4,0,1,4,4,4,4,5,3,4,4,4,3.15,0,0,TRUE
Female,Loyal Customer,23,Personal Travel,Eco,2026,1,4,2,1,4,2,3,4,3,5,3,4,4,3.08,0,0,FALSE
Male,Disloyal Customer,25,Business Travel,Eco,337,1,1,1,2,5,1,5,5,2,5,2,1,5,2.77,15,26,FALSE
Male,Loyal Customer,26,Business Travel,Business,2659,3,3,5,3,2,2,2,2,1,5,5,4,2,3,0,0,TRUE
Male,Disloyal Customer,49,Business Travel,Business,2165,2,2,2,2,3,2,1,3,3,5,5,3,3,2.77,56,25,FALSE
Female,Loyal Customer,65,Personal Travel,Eco,533,1,4,1,3,4,4,4,4,4,1,1,3,4,2.92,4,0,FALSE
Male,Loyal Customer,29,Business Travel,Business,3931,2,2,2,2,2,2,2,2,3,5,3,1,2,2.31,0,1,FALSE
Female,Loyal Customer,37,Business Travel,Business,4983,2,3,2,2,4,4,4,3,1,5,1,4,4,3,0,2,TRUE
Male,Disloyal Customer,37,Business Travel,Business,1086,2,2,2,3,1,2,1,1,2,3,3,1,1,1.85,94,75,FALSE
Female,Loyal Customer,43,Business Travel,Business,3052,3,4,4,4,3,3,3,3,3,3,3,2,1,3,3,0,FALSE
Female,Disloyal Customer,15,Business Travel,Business,733,4,4,4,2,3,4,3,3,4,5,4,4,3,3.62,0,0,TRUE
Male,Disloyal Customer,35,Business Travel,Business,1744,1,1,1,4,4,1,4,4,5,3,4,5,4,3.15,0,0,FALSE
Male,Loyal Customer,39,Business Travel,Business,3395,1,3,4,3,2,3,4,3,3,3,1,1,3,2.62,65,60,FALSE
Male,Disloyal Customer,39,Business Travel,Eco,308,4,1,4,4,2,4,2,2,2,4,3,4,2,2.92,40,38,FALSE
Male,Loyal Customer,58,Business Travel,Eco,1504,2,3,1,1,2,2,2,2,1,2,3,3,2,2,46,26,FALSE
Male,Loyal Customer,59,Personal Travel,Eco,2565,3,2,3,3,4,3,4,4,2,1,4,4,4,3.15,15,0,FALSE
Female,Loyal Customer,26,Business Travel,Business,432,2,2,2,2,4,4,4,4,4,2,5,3,4,3.23,0,3,TRUE
Male,Loyal Customer,7,Personal Travel,Eco,989,1,4,1,4,5,1,5,5,3,2,4,3,5,3.31,0,0,FALSE
Female,Loyal Customer,41,Business Travel,Business,1075,5,5,5,5,1,4,5,5,5,4,5,2,4,4.23,0,21,TRUE
Male,Loyal Customer,45,Personal Travel,Eco,630,2,4,1,4,2,1,2,2,3,4,4,4,2,2.69,0,1,FALSE
Male,Loyal Customer,56,Business Travel,Business,3540,3,3,2,3,5,4,4,5,5,5,5,5,3,4,0,0,TRUE
Male,Loyal Customer,37,Business Travel,Eco,409,3,1,1,1,3,3,3,3,3,2,3,1,3,2.31,14,5,FALSE
Female,Loyal Customer,45,Business Travel,Business,201,1,1,5,1,1,3,1,5,5,5,4,5,1,2.92,109,91,TRUE
Male,Loyal Customer,9,Personal Travel,Eco,1107,1,3,1,1,4,1,4,4,2,4,1,3,4,2.54,16,17,FALSE
Female,Loyal Customer,24,Business Travel,Business,2422,1,1,1,1,4,4,4,3,3,3,4,4,4,2.85,0,0,TRUE
Female,Loyal Customer,46,Personal Travel,Eco,2153,0,4,0,1,3,5,4,1,1,0,1,5,3,2.15,0,0,TRUE
Female,Loyal Customer,48,Business Travel,Business,2505,3,2,2,2,1,2,3,3,3,4,3,4,2,2.62,86,79,FALSE
Female,Loyal Customer,44,Personal Travel,Eco,712,1,2,1,3,5,4,3,5,5,1,5,4,3,3.23,37,56,FALSE
Female,Loyal Customer,36,Personal Travel,Eco,143,1,3,1,1,4,1,4,4,4,5,3,1,4,2.77,15,30,FALSE
Male,Loyal Customer,56,Personal Travel,Eco,1737,4,5,4,5,1,4,1,1,4,5,5,4,1,3.38,0,0,FALSE
Male,Loyal Customer,59,Business Travel,Business,1084,5,5,5,5,5,4,4,4,4,4,4,5,5,4.54,0,16,TRUE
Female,Disloyal Customer,33,Business Travel,Eco Plus,134,2,2,2,4,2,2,2,2,4,5,2,1,2,2.46,0,0,FALSE
Female,Loyal Customer,43,Business Travel,Business,2249,3,3,5,3,3,3,3,3,3,3,3,1,4,3.08,13,9,FALSE
Male,Loyal Customer,33,Business Travel,Eco Plus,399,0,0,0,3,3,0,3,3,2,3,3,4,3,2.08,11,0,TRUE
Male,Loyal Customer,47,Business Travel,Business,228,3,3,3,3,2,2,3,5,5,5,5,3,2,3.38,0,0,TRUE
Female,Loyal Customer,26,Business Travel,Business,1780,3,3,3,3,5,5,5,5,5,5,4,5,5,4.31,26,8,TRUE
Male,Loyal Customer,40,Personal Travel,Eco,946,1,1,0,2,3,0,3,3,2,2,2,1,3,1.77,62,63,FALSE
Male,Loyal Customer,37,Business Travel,Business,1992,1,1,1,1,2,4,3,5,5,5,4,1,2,2.69,0,0,TRUE
Male,Loyal Customer,39,Business Travel,Eco,1728,1,1,1,1,1,1,1,1,2,3,2,2,1,1.38,0,0,FALSE
Male,Disloyal Customer,17,Business Travel,Eco,1012,1,2,2,4,1,2,1,1,2,5,4,3,1,2.23,0,3,FALSE
Male,Loyal Customer,56,Business Travel,Business,2072,5,5,5,5,3,4,4,4,4,4,4,4,3,4.15,0,2,TRUE
Female,Loyal Customer,33,Business Travel,Business,2674,5,5,5,5,3,4,5,5,5,5,5,3,3,4.46,0,0,TRUE
Male,Loyal Customer,42,Business Travel,Business,1859,1,1,1,1,3,3,1,5,5,5,5,1,2,2.62,0,5,TRUE
Male,Loyal Customer,50,Business Travel,Eco Plus,1216,4,4,4,4,4,4,4,4,1,1,2,2,4,3.23,10,0,TRUE
Female,Loyal Customer,43,Personal Travel,Business,1788,1,5,1,1,3,3,5,3,3,1,3,4,3,2.77,0,0,FALSE
Female,Loyal Customer,54,Business Travel,Business,2253,2,2,2,2,5,4,5,4,4,4,4,4,4,3.54,13,0,TRUE
Female,Loyal Customer,51,Business Travel,Business,3749,3,1,1,1,2,2,3,3,3,3,3,1,3,2.23,24,6,FALSE
Female,Loyal Customer,48,Business Travel,Business,2640,4,4,4,4,5,4,5,4,4,4,4,3,4,4.08,15,4,TRUE
Female,Disloyal Customer,17,Business Travel,Eco,402,4,4,4,3,1,4,2,1,4,2,4,4,1,2.92,49,40,FALSE
Female,Disloyal Customer,28,Business Travel,Eco,1312,4,5,5,3,4,4,4,4,5,1,4,2,4,3.77,0,0,FALSE
Female,Loyal Customer,62,Personal Travel,Eco,407,2,4,5,3,4,4,3,3,3,5,2,1,1,3.08,16,29,FALSE
Male,Loyal Customer,10,Personal Travel,Eco,406,2,4,2,3,5,2,5,5,3,2,4,5,5,3.62,0,0,FALSE
Female,Loyal Customer,43,Personal Travel,Eco,1444,2,1,2,4,1,2,3,2,2,2,2,1,2,2,11,2,FALSE
Male,Loyal Customer,69,Personal Travel,Eco Plus,590,1,3,1,4,1,1,1,1,4,5,4,2,1,2.23,2,1,FALSE
Female,Disloyal Customer,40,Business Travel,Business,621,4,4,4,3,3,4,3,3,4,5,5,5,3,3.85,0,0,TRUE
Male,Loyal Customer,60,Business Travel,Business,2294,0,4,0,2,3,4,5,5,5,5,5,5,5,3.69,0,0,TRUE
Male,Disloyal Customer,22,Business Travel,Eco,1303,1,1,1,3,2,1,2,2,3,3,4,4,2,2.23,0,3,FALSE
Male,Disloyal Customer,20,Business Travel,Eco,408,3,0,3,4,3,3,3,3,5,2,5,4,3,3.15,0,0,FALSE
Male,Loyal Customer,36,Business Travel,Eco,259,1,4,3,4,1,1,1,1,1,2,3,2,1,1.92,0,0,FALSE
Male,Loyal Customer,38,Business Travel,Business,224,1,1,1,1,1,4,3,1,1,1,1,1,1,1.38,9,5,FALSE
Male,Loyal Customer,53,Business Travel,Eco Plus,1744,2,3,3,3,2,2,2,2,3,3,4,3,2,2.62,1,12,FALSE
Female,Disloyal Customer,38,Business Travel,Business,1379,4,4,4,3,3,4,1,3,3,5,4,4,3,3.46,4,0,TRUE
Female,Loyal Customer,17,Personal Travel,Eco Plus,451,2,3,2,1,2,2,2,2,1,3,3,1,2,2,0,0,FALSE
Female,Loyal Customer,41,Business Travel,Business,951,4,4,4,4,4,4,4,2,2,2,2,4,5,3.46,1,18,TRUE
Female,Loyal Customer,64,Personal Travel,Eco,925,3,4,3,2,3,2,5,1,1,3,1,4,1,2.54,28,19,FALSE
Male,Loyal Customer,9,Personal Travel,Eco,523,4,5,4,2,4,4,4,4,4,5,5,5,4,4.15,0,0,FALSE
Female,Loyal Customer,36,Personal Travel,Business,989,2,5,2,3,2,4,4,3,3,2,3,3,5,3.15,26,23,FALSE
Male,Loyal Customer,42,Personal Travel,Eco,919,4,4,3,1,1,3,1,1,3,5,4,5,1,2.77,0,0,FALSE
Male,Loyal Customer,63,Personal Travel,Eco,639,3,5,3,3,3,3,4,3,5,3,5,3,3,3.54,41,59,FALSE
Male,Disloyal Customer,25,Business Travel,Eco,643,3,0,2,4,2,2,2,2,5,1,1,1,2,2.08,0,20,FALSE
Female,Loyal Customer,40,Business Travel,Business,1558,2,5,5,5,1,4,3,2,2,2,2,4,1,2.92,0,0,FALSE
Female,Disloyal Customer,33,Business Travel,Eco,612,1,0,1,3,2,1,2,2,1,2,1,1,2,1.46,0,0,FALSE
Female,Disloyal Customer,15,Business Travel,Eco,1044,5,5,5,3,4,5,4,4,5,5,5,3,4,4.38,0,0,TRUE
Male,Loyal Customer,38,Business Travel,Business,857,5,5,5,5,3,4,4,4,4,4,4,5,5,4.38,0,0,TRUE
Female,Loyal Customer,35,Business Travel,Eco,250,3,2,3,3,3,4,3,3,1,5,4,4,3,3.15,23,8,FALSE
Male,Loyal Customer,37,Business Travel,Eco,321,5,1,1,1,5,5,5,5,1,2,2,5,5,3.31,1,0,TRUE
Male,Loyal Customer,59,Business Travel,Business,533,5,5,5,5,4,5,1,5,5,5,5,3,4,4.38,0,2,TRUE
Male,Loyal Customer,59,Business Travel,Business,761,4,4,4,4,4,4,5,4,4,5,4,3,4,4.08,0,0,TRUE
Female,Loyal Customer,37,Business Travel,Eco Plus,550,3,1,1,1,3,3,3,3,4,5,3,3,3,2.77,52,52,FALSE
Female,Loyal Customer,28,Business Travel,Business,3117,3,4,4,4,3,2,3,3,1,5,4,3,3,3.23,0,0,FALSE
Female,Disloyal Customer,26,Business Travel,Eco,490,3,2,3,4,5,3,1,5,3,1,3,4,5,3.23,21,22,FALSE
Male,Loyal Customer,42,Business Travel,Business,1636,2,2,2,2,3,3,4,4,4,4,4,5,5,3.38,0,0,TRUE
Female,Disloyal Customer,19,Business Travel,Eco,946,4,4,4,1,1,4,1,1,3,2,4,3,1,2.54,4,5,TRUE
Male,Loyal Customer,14,Personal Travel,Eco,289,2,4,2,4,2,2,2,2,3,3,4,4,2,2.77,0,0,FALSE
Female,Loyal Customer,44,Personal Travel,Eco,507,4,4,4,2,5,4,4,5,5,4,5,3,5,4.15,0,0,TRUE
Female,Disloyal Customer,24,Business Travel,Business,1096,0,4,0,2,4,0,4,4,3,2,5,4,4,2.77,0,0,TRUE
Male,Loyal Customer,36,Personal Travel,Eco Plus,2614,1,3,1,4,2,1,2,2,2,4,2,1,2,2.08,0,0,FALSE
Female,Loyal Customer,42,Business Travel,Business,2125,4,4,1,4,2,4,5,5,5,5,5,4,5,4.08,0,1,TRUE
Male,Loyal Customer,34,Personal Travel,Eco,224,2,4,2,1,3,2,3,3,5,4,5,5,3,3.23,0,0,FALSE
Male,Disloyal Customer,28,Business Travel,Business,602,3,3,3,4,5,3,5,5,3,5,4,4,5,4,0,0,FALSE
Female,Loyal Customer,47,Business Travel,Business,2962,2,2,2,2,2,5,4,5,5,5,5,5,3,3.62,0,0,TRUE
Male,Disloyal Customer,27,Business Travel,Eco,404,3,2,3,4,4,3,4,4,4,2,3,1,4,3.15,0,0,FALSE
Male,Loyal Customer,24,Personal Travel,Eco,525,2,2,2,4,2,2,2,2,2,5,3,2,2,2.46,54,45,FALSE
Female,Loyal Customer,52,Business Travel,Business,1399,2,2,2,2,4,5,5,4,4,4,4,3,5,3.54,0,26,TRUE
Male,Loyal Customer,23,Business Travel,Business,3117,5,5,5,5,4,4,4,4,5,4,5,4,4,4.46,1,0,TRUE
Female,Loyal Customer,51,Business Travel,Eco Plus,1448,2,5,5,5,4,4,4,2,2,2,2,1,3,3.15,0,0,FALSE
Male,Loyal Customer,52,Business Travel,Business,1733,4,4,4,4,4,4,5,4,4,4,4,3,3,3.92,9,0,TRUE
Female,Loyal Customer,49,Business Travel,Business,2720,3,1,3,3,4,4,5,2,2,2,2,4,3,2.92,11,13,TRUE
Male,Loyal Customer,27,Business Travel,Eco Plus,187,0,0,0,4,2,0,3,2,2,4,5,4,2,2.15,0,0,TRUE
Female,Loyal Customer,36,Business Travel,Business,692,2,2,2,2,2,4,4,4,4,4,4,2,5,3.15,4,0,TRUE
Male,Loyal Customer,53,Business Travel,Business,2079,5,5,1,5,3,3,5,4,4,4,4,4,5,4,0,0,TRUE
Female,Loyal Customer,50,Personal Travel,Eco,1390,3,3,3,3,1,2,3,2,2,3,2,3,4,2.62,20,17,FALSE
Male,Disloyal Customer,20,Business Travel,Eco,1411,4,4,4,4,4,4,4,4,3,3,4,3,4,3.77,0,0,TRUE
Male,Loyal Customer,44,Business Travel,Eco,405,2,5,5,5,2,2,2,2,1,1,4,3,2,2.77,0,0,TRUE
Male,Loyal Customer,11,Personal Travel,Eco,589,2,5,2,3,2,2,2,2,4,2,5,5,2,2.92,0,0,FALSE
Female,Loyal Customer,38,Business Travel,Business,436,2,2,2,2,3,1,4,5,5,5,5,4,5,3.46,0,0,TRUE
Male,Disloyal Customer,25,Business Travel,Business,592,1,0,1,2,2,1,2,2,4,4,4,3,2,2.15,0,7,FALSE
Female,Loyal Customer,20,Personal Travel,Business,373,2,4,2,3,2,2,2,2,3,4,5,3,2,2.77,0,0,FALSE
Male,Loyal Customer,22,Business Travel,Eco Plus,551,2,1,1,1,2,2,1,2,2,2,4,2,2,1.85,17,8,FALSE
Male,Loyal Customer,52,Business Travel,Business,1773,1,3,1,1,4,4,4,4,4,4,4,5,5,3.38,0,0,TRUE
Female,Loyal Customer,26,Business Travel,Business,2422,3,4,4,4,3,3,3,4,2,4,3,3,3,3.31,117,104,FALSE
Female,Disloyal Customer,24,Business Travel,Eco,214,4,4,5,2,5,5,5,5,4,4,4,3,5,4.23,0,0,TRUE
Female,Loyal Customer,33,Business Travel,Business,1683,2,2,2,2,5,4,4,4,4,4,4,5,5,3.62,0,0,TRUE
Male,Loyal Customer,53,Business Travel,Business,3642,2,2,4,2,3,4,5,4,4,4,4,3,3,3.38,0,0,TRUE
Female,Disloyal Customer,26,Business Travel,Business,888,1,1,1,4,4,1,1,4,3,4,5,5,4,2.92,0,0,FALSE
Male,Loyal Customer,43,Personal Travel,Business,404,1,4,1,4,3,4,5,4,4,1,4,3,5,3.31,0,0,FALSE
Male,Loyal Customer,47,Business Travel,Business,429,3,2,2,2,2,3,2,3,3,3,3,1,3,2.46,86,84,FALSE
Female,Loyal Customer,46,Business Travel,Eco,946,2,4,5,5,3,3,4,2,2,2,2,3,2,3,0,0,FALSE
Male,Loyal Customer,38,Business Travel,Eco,200,5,4,4,4,5,5,5,5,2,3,5,1,5,4.08,0,0,TRUE
Male,Loyal Customer,54,Personal Travel,Eco,1535,2,2,2,3,5,2,5,5,4,1,2,3,5,3.15,0,0,FALSE
Male,Loyal Customer,59,Personal Travel,Eco,235,3,4,3,3,5,3,5,5,3,1,5,4,5,3.77,0,0,FALSE
Female,Loyal Customer,7,Personal Travel,Eco Plus,728,4,3,4,5,3,4,3,3,4,4,3,5,3,3.69,0,0,FALSE
Female,Loyal Customer,40,Personal Travel,Eco Plus,347,3,4,5,5,2,5,2,2,5,5,5,4,2,3.77,2,0,FALSE
Male,Loyal Customer,49,Personal Travel,Eco,972,2,5,2,5,5,2,5,5,4,4,5,4,5,4.08,0,0,FALSE
Female,Loyal Customer,26,Personal Travel,Eco,240,2,4,2,2,4,2,4,4,3,5,2,4,4,3.23,14,27,FALSE
Female,Loyal Customer,41,Business Travel,Business,762,4,5,5,5,1,3,3,4,4,4,4,2,1,3.46,0,3,FALSE
Female,Loyal Customer,23,Business Travel,Business,879,4,3,3,3,4,4,4,4,2,3,4,1,4,3.31,0,0,FALSE
Female,Loyal Customer,17,Personal Travel,Business,289,4,5,3,1,5,3,5,5,5,3,5,4,5,4.08,0,0,FALSE
Female,Loyal Customer,58,Personal Travel,Eco,977,3,4,3,3,3,5,5,2,2,3,3,3,4,3.31,4,13,FALSE
Male,Loyal Customer,46,Business Travel,Business,1035,1,1,1,1,4,4,4,5,5,5,5,3,5,3.38,9,0,TRUE
Female,Loyal Customer,25,Personal Travel,Eco,719,3,4,3,4,2,3,1,2,3,4,4,5,2,3.08,59,55,FALSE
Male,Disloyal Customer,39,Business Travel,Eco,427,4,1,4,4,5,4,5,5,1,5,4,2,5,3.77,0,8,FALSE
Male,Disloyal Customer,21,Business Travel,Eco,1123,4,5,5,3,5,5,4,5,3,4,5,5,5,4.46,0,0,TRUE
Male,Loyal Customer,34,Personal Travel,Eco,363,4,4,2,1,4,2,4,4,4,5,4,5,4,3.62,0,0,TRUE
Male,Loyal Customer,67,Personal Travel,Business,237,4,4,4,2,1,4,4,3,3,4,3,3,5,3.38,0,0,FALSE
Male,Loyal Customer,59,Business Travel,Business,2950,1,1,1,1,5,5,5,4,4,4,4,3,4,3.23,33,44,TRUE
Female,Disloyal Customer,24,Business Travel,Eco,1201,4,3,3,5,5,3,5,5,3,1,5,1,5,3.69,0,0,TRUE
Male,Loyal Customer,35,Business Travel,Eco Plus,102,5,1,1,1,5,5,5,5,1,1,5,1,5,3.15,0,0,TRUE
Female,Loyal Customer,62,Personal Travel,Eco,1919,5,4,5,4,3,4,4,1,1,5,4,4,5,3.77,0,0,TRUE
Female,Loyal Customer,47,Business Travel,Business,1521,5,5,5,5,5,4,4,2,2,2,2,4,3,3.69,7,0,TRUE
Female,Disloyal Customer,38,Business Travel,Eco,189,3,2,3,4,1,3,1,1,2,4,4,1,1,2.31,0,0,FALSE
Female,Loyal Customer,60,Business Travel,Business,2624,5,5,5,5,4,4,5,3,3,4,3,5,3,4.15,0,0,TRUE
Female,Disloyal Customer,22,Business Travel,Business,2306,5,0,5,3,5,1,2,2,1,4,5,2,2,2.85,9,25,TRUE
Female,Loyal Customer,33,Personal Travel,Eco,547,1,3,1,4,1,1,2,1,1,5,2,4,1,2.08,7,12,FALSE
Female,Loyal Customer,28,Business Travel,Business,2254,1,1,1,1,4,4,4,4,2,2,1,4,4,2.54,0,0,TRUE
Male,Disloyal Customer,38,Business Travel,Business,864,3,3,3,2,5,3,5,5,3,4,4,4,5,3.77,3,0,TRUE
Male,Loyal Customer,41,Business Travel,Business,285,1,1,1,1,5,5,5,5,5,5,5,4,3,3.54,0,9,TRUE
Female,Loyal Customer,68,Personal Travel,Eco,1069,4,4,3,4,1,4,3,3,3,3,3,2,4,3.15,11,0,FALSE
Female,Loyal Customer,48,Personal Travel,Eco,503,0,3,0,2,3,2,2,5,5,0,5,1,3,2.38,66,57,TRUE
Female,Loyal Customer,51,Personal Travel,Eco,1069,2,5,2,1,2,2,2,3,2,4,5,2,2,2.62,496,470,FALSE
Male,Disloyal Customer,38,Business Travel,Eco Plus,391,1,1,1,4,2,1,2,2,2,4,2,5,2,2.23,0,0,FALSE
Male,Loyal Customer,33,Business Travel,Business,399,3,3,3,3,1,2,1,1,5,4,1,4,1,2.46,0,0,TRUE
Male,Loyal Customer,37,Business Travel,Business,3863,4,3,3,3,3,3,4,4,4,4,4,3,2,3.38,0,0,FALSE
Female,Loyal Customer,20,Personal Travel,Eco Plus,972,0,4,0,2,1,0,1,1,3,5,4,5,1,2.08,17,17,TRUE
Male,Loyal Customer,51,Personal Travel,Eco,214,5,0,5,4,3,5,3,3,4,4,4,4,3,3.62,2,0,TRUE
Male,Loyal Customer,44,Business Travel,Eco Plus,143,5,1,1,1,5,5,5,5,1,1,2,5,5,3.23,0,15,TRUE
Female,Disloyal Customer,33,Business Travel,Eco,101,2,3,2,2,3,2,3,3,3,2,1,5,3,2.62,0,0,FALSE
Male,Disloyal Customer,47,Business Travel,Business,1086,5,5,5,1,2,5,2,2,5,5,4,4,2,3.62,0,37,TRUE
Female,Loyal Customer,47,Business Travel,Business,369,1,3,3,3,4,3,3,1,1,1,1,3,1,2.15,57,52,FALSE
Male,Loyal Customer,31,Business Travel,Business,3744,2,3,3,3,2,2,2,2,3,3,4,3,2,2.62,0,10,FALSE
Female,Loyal Customer,48,Business Travel,Business,793,2,2,2,2,4,5,4,3,3,4,3,4,5,3.31,14,0,TRUE
Male,Disloyal Customer,23,Business Travel,Eco,89,4,0,4,1,4,4,4,4,1,3,4,1,4,2.92,13,4,TRUE
Male,Disloyal Customer,29,Business Travel,Eco,500,2,3,2,4,1,2,1,1,2,3,4,4,1,2.31,10,0,FALSE
Female,Loyal Customer,39,Business Travel,Business,1476,4,4,4,4,4,4,4,4,1,3,1,4,4,3.46,149,148,TRUE
Female,Loyal Customer,16,Personal Travel,Eco,563,2,3,2,3,3,2,3,3,2,4,3,1,3,2.62,86,103,FALSE
Female,Loyal Customer,49,Personal Travel,Eco,802,3,3,3,3,3,5,4,3,3,3,4,4,3,3.38,0,0,FALSE
Male,Loyal Customer,29,Business Travel,Business,2153,2,2,2,2,5,5,5,5,5,5,4,5,5,4,10,0,TRUE
Female,Loyal Customer,37,Business Travel,Eco,2565,3,3,3,3,3,3,3,3,3,4,1,1,3,2.77,52,52,FALSE
Male,Loyal Customer,46,Personal Travel,Business,1846,2,2,2,4,5,2,4,3,3,2,3,4,3,3,79,70,FALSE
Male,Loyal Customer,26,Personal Travel,Eco,1460,2,4,2,2,2,2,2,2,4,2,5,4,2,2.69,0,0,FALSE
Female,Loyal Customer,56,Business Travel,Business,3143,1,1,1,1,2,5,5,4,4,4,4,3,5,3.08,19,20,TRUE
Female,Loyal Customer,56,Business Travel,Eco,763,1,3,3,3,2,4,3,1,1,1,1,3,3,2.23,0,0,FALSE
Male,Loyal Customer,44,Business Travel,Business,583,5,5,5,5,5,4,5,4,4,4,4,5,3,4.46,0,0,TRUE
Male,Loyal Customer,36,Business Travel,Eco,421,3,3,3,3,3,3,3,3,3,1,3,3,3,2.85,11,23,FALSE
Female,Loyal Customer,34,Personal Travel,Eco,432,4,4,4,5,5,4,4,5,3,1,2,2,5,3.69,0,0,FALSE
Female,Loyal Customer,42,Personal Travel,Eco,479,2,3,2,3,1,1,3,1,1,2,1,3,1,1.85,89,98,FALSE
Female,Disloyal Customer,9,Business Travel,Business,2556,4,0,4,4,4,3,3,4,4,5,4,3,3,3.46,0,4,TRUE
Male,Loyal Customer,38,Personal Travel,Eco,500,1,4,1,3,2,1,2,2,4,1,3,4,2,2.31,20,11,FALSE
Female,Disloyal Customer,39,Business Travel,Business,1399,2,2,2,3,1,2,1,1,4,5,3,4,1,2.38,0,0,FALSE
Male,Loyal Customer,66,Personal Travel,Eco Plus,414,1,4,1,4,2,1,5,2,3,1,4,2,2,2.46,0,0,FALSE
Female,Disloyal Customer,29,Business Travel,Eco,620,1,2,1,3,1,1,1,1,4,3,3,1,1,1.77,143,133,FALSE
Female,Loyal Customer,35,Personal Travel,Eco,564,3,4,3,3,5,3,5,5,2,4,4,3,5,3.77,16,24,FALSE
Female,Loyal Customer,24,Personal Travel,Eco,1325,1,5,1,3,3,1,3,3,5,5,4,4,3,3.15,10,8,FALSE
Female,Loyal Customer,58,Personal Travel,Eco,967,2,5,2,5,3,5,4,1,1,2,1,5,4,3.08,8,26,FALSE
Female,Loyal Customer,37,Personal Travel,Eco,508,5,5,1,4,3,1,3,3,1,4,2,5,3,3.08,0,0,TRUE
Male,Loyal Customer,25,Personal Travel,Eco Plus,1013,1,1,1,4,2,1,2,2,4,5,3,4,2,2.46,45,16,FALSE
Female,Loyal Customer,46,Business Travel,Business,258,5,5,3,5,4,4,5,4,4,4,4,3,5,4.23,13,59,TRUE
Female,Loyal Customer,38,Business Travel,Business,2334,4,4,4,4,3,5,4,5,5,5,5,4,5,4.38,39,38,TRUE
Male,Loyal Customer,37,Business Travel,Business,391,3,3,3,3,1,4,2,4,4,5,4,5,2,3.31,0,0,TRUE
Female,Loyal Customer,16,Personal Travel,Eco,1076,4,1,4,1,5,4,5,5,3,5,2,1,5,3.46,9,0,TRUE
Female,Loyal Customer,70,Personal Travel,Eco,701,3,5,2,1,3,5,5,5,5,2,5,5,5,3.92,0,0,FALSE
Female,Loyal Customer,48,Business Travel,Eco Plus,2139,1,0,0,3,1,2,4,3,3,1,3,1,3,1.92,64,71,FALSE
Female,Loyal Customer,46,Business Travel,Business,585,5,5,5,5,3,4,4,2,2,2,2,4,4,3.62,11,6,TRUE
Male,Loyal Customer,45,Business Travel,Business,1864,4,4,4,4,5,4,5,4,4,5,4,5,5,4.38,24,28,TRUE
Female,Loyal Customer,37,Personal Travel,Eco,554,2,5,2,5,2,2,1,2,3,2,4,3,2,2.69,0,0,FALSE
Female,Loyal Customer,66,Personal Travel,Eco,239,3,4,3,1,1,2,3,5,5,3,5,3,3,3.15,36,25,FALSE
Male,Disloyal Customer,46,Business Travel,Business,1547,4,4,4,2,4,4,2,4,4,2,4,4,4,3.54,0,0,FALSE
Male,Loyal Customer,77,Business Travel,Business,3768,3,4,4,4,2,4,3,3,3,3,3,2,3,3.15,0,0,FALSE
Female,Loyal Customer,57,Business Travel,Business,842,2,2,1,2,3,5,4,5,5,5,5,3,5,3.62,11,16,TRUE
Male,Loyal Customer,25,Business Travel,Business,1521,3,4,2,4,3,3,3,3,4,1,3,4,3,3.08,0,0,FALSE
Male,Loyal Customer,39,Personal Travel,Eco,867,1,1,1,3,1,1,1,1,2,4,4,4,1,1.92,0,0,FALSE
Male,Disloyal Customer,26,Business Travel,Business,1044,3,3,3,4,4,3,4,4,5,5,5,3,4,3.85,23,50,FALSE
Female,Loyal Customer,60,Business Travel,Business,2454,4,3,4,4,5,4,5,3,3,3,3,3,5,3.77,1,18,TRUE
Female,Loyal Customer,23,Business Travel,Eco,758,3,2,2,2,3,3,4,3,4,4,3,2,3,2.92,0,3,FALSE
Female,Disloyal Customer,14,Business Travel,Business,1506,5,0,5,1,5,5,5,5,4,2,4,5,5,3.92,6,0,TRUE
Male,Loyal Customer,30,Personal Travel,Eco,542,2,4,2,3,2,2,1,2,5,4,4,5,2,2.92,69,51,FALSE
Female,Loyal Customer,15,Personal Travel,Eco,102,2,5,2,5,2,2,2,2,5,2,5,4,2,3.08,1,5,FALSE
Male,Loyal Customer,32,Personal Travel,Eco,451,2,5,2,2,3,2,3,3,1,4,3,2,3,2.69,9,9,FALSE
Female,Loyal Customer,53,Business Travel,Business,404,2,2,2,2,3,5,5,2,2,2,2,5,3,2.85,25,20,TRUE
Female,Disloyal Customer,37,Business Travel,Business,259,2,2,2,3,5,2,5,5,3,3,4,3,5,3.38,128,125,FALSE
Male,Loyal Customer,17,Business Travel,Business,1961,1,3,5,3,1,1,1,1,4,3,4,3,1,2.38,14,3,FALSE
Male,Loyal Customer,36,Personal Travel,Eco,1259,2,4,2,4,1,2,1,1,5,4,5,5,1,2.85,0,0,FALSE
Male,Loyal Customer,37,Business Travel,Business,271,3,3,2,3,4,1,2,3,3,3,3,2,1,2.54,0,0,FALSE
Female,Loyal Customer,59,Business Travel,Business,130,0,4,0,2,5,5,5,4,4,4,4,3,4,3.38,0,0,TRUE
Male,Loyal Customer,25,Personal Travel,Eco,419,2,1,0,3,2,0,2,2,1,3,3,3,2,1.85,49,59,FALSE
Male,Loyal Customer,54,Business Travel,Business,368,4,4,4,4,3,4,5,4,4,5,4,4,3,4,0,,TRUE
Male,Loyal Customer,60,Personal Travel,Eco,423,1,2,1,4,2,1,2,2,3,3,4,1,2,2.15,44,44,FALSE
Male,Loyal Customer,30,Personal Travel,Eco,647,2,4,2,1,2,2,2,2,4,1,2,5,2,2.38,15,0,FALSE
Female,Loyal Customer,56,Business Travel,Business,1096,1,1,1,1,3,4,5,5,5,5,5,4,3,3.31,0,0,TRUE
Female,Loyal Customer,52,Business Travel,Business,1739,4,4,4,4,5,5,4,5,5,4,5,3,4,4.31,35,39,TRUE
Female,Loyal Customer,30,Personal Travel,Eco,1092,2,4,2,1,3,2,3,3,5,4,5,1,3,2.92,66,61,FALSE
Female,Loyal Customer,33,Personal Travel,Eco,265,2,5,0,4,0,1,1,3,4,5,4,1,1,2.38,389,378,FALSE
Female,Loyal Customer,44,Personal Travel,Eco,997,2,4,2,1,3,2,3,5,5,2,5,2,5,3.15,25,62,FALSE
Male,Loyal Customer,17,Business Travel,Business,1642,2,2,2,2,2,3,2,2,3,5,5,4,2,2.77,33,29,TRUE
Female,Loyal Customer,55,Business Travel,Business,1687,4,4,4,4,5,5,5,5,5,5,5,5,5,4.69,21,10,TRUE
Male,Loyal Customer,26,Business Travel,Eco,634,4,3,3,3,4,4,1,4,1,4,3,2,4,3.08,0,0,FALSE
Female,Loyal Customer,13,Personal Travel,Eco,236,2,4,2,4,5,2,5,5,4,4,5,5,5,4,0,0,FALSE
Male,Disloyal Customer,25,Business Travel,Business,853,5,5,5,4,5,5,5,5,3,3,4,3,5,4.38,12,1,TRUE
Female,Loyal Customer,33,Personal Travel,Eco,262,4,5,4,2,2,4,2,2,1,3,2,2,2,2.69,0,0,TRUE
Male,Loyal Customer,53,Business Travel,Business,1855,3,3,3,3,2,4,4,4,4,4,4,5,5,3.69,0,0,TRUE
Male,Loyal Customer,60,Business Travel,Business,761,5,5,5,5,5,5,4,5,5,5,5,4,3,4.69,0,0,TRUE
Female,Loyal Customer,49,Personal Travel,Eco,268,1,2,0,4,3,3,3,2,2,0,2,3,2,2.08,0,0,FALSE
Male,Loyal Customer,50,Business Travel,Eco,102,4,3,3,3,4,4,4,4,5,2,3,2,4,3.46,0,0,TRUE
Female,Disloyal Customer,35,Business Travel,Business,1846,1,1,1,5,4,1,4,4,3,3,4,3,4,2.92,63,49,FALSE
Female,Loyal Customer,48,Business Travel,Business,1521,1,1,1,1,3,5,5,2,2,2,2,5,4,2.62,0,0,TRUE
Male,Loyal Customer,56,Business Travel,Business,2075,2,4,1,4,1,1,2,2,2,2,2,3,1,2.08,0,0,FALSE
Female,Loyal Customer,44,Personal Travel,Business,1142,3,5,3,3,4,4,3,1,1,3,1,1,1,2.54,0,0,FALSE
Female,Loyal Customer,28,Personal Travel,Eco,374,1,1,2,4,5,2,5,5,2,3,4,4,5,3.31,48,35,FALSE
Male,Loyal Customer,49,Business Travel,Business,2645,4,4,4,4,3,4,4,4,4,4,5,5,5,4.15,0,0,TRUE
Female,Disloyal Customer,22,Business Travel,Eco,1514,3,2,2,4,2,3,3,2,3,5,5,4,2,3.08,7,1,TRUE
Female,Loyal Customer,47,Personal Travel,Eco Plus,584,0,4,0,3,5,4,5,2,2,4,3,4,3,3,0,0,TRUE
Female,Loyal Customer,25,Personal Travel,Eco Plus,509,3,4,3,3,1,3,1,1,1,4,5,4,1,2.62,0,0,FALSE
Male,Loyal Customer,65,Business Travel,Eco Plus,253,1,1,1,1,1,1,1,1,4,3,1,3,1,1.54,43,39,FALSE
Female,Loyal Customer,55,Business Travel,Business,3335,4,4,4,4,2,5,4,4,4,4,4,4,3,3.85,18,44,TRUE
Female,Loyal Customer,53,Business Travel,Eco,508,3,3,3,3,3,3,3,3,3,3,3,2,2,2.85,0,0,FALSE
Female,Loyal Customer,51,Business Travel,Business,2985,4,4,4,4,3,5,4,5,5,5,5,3,3,4.15,0,0,TRUE
Female,Loyal Customer,53,Business Travel,Business,216,5,5,4,5,3,3,3,4,4,4,4,1,2,3.62,13,24,TRUE
Female,Loyal Customer,40,Personal Travel,Eco,89,4,4,4,4,2,4,2,2,3,2,5,3,2,3.15,0,0,FALSE
Male,Loyal Customer,45,Business Travel,Eco,972,4,1,1,1,4,4,4,4,2,3,2,5,4,3,9,7,TRUE
Female,Loyal Customer,43,Business Travel,Business,1900,1,1,2,1,4,3,5,5,5,5,5,4,3,3.38,0,0,TRUE
Female,Loyal Customer,11,Personal Travel,Eco,833,3,1,3,3,1,3,1,1,1,1,3,3,1,1.92,0,0,FALSE
Female,Loyal Customer,35,Business Travel,Eco Plus,605,5,4,4,4,5,5,5,5,2,4,1,3,5,4,0,0,TRUE
Male,Loyal Customer,52,Personal Travel,Eco,828,3,3,2,2,5,2,2,5,4,3,2,4,5,3.23,0,0,FALSE
Female,Loyal Customer,33,Personal Travel,Eco,2338,0,1,1,2,2,1,2,2,3,5,3,4,2,2.15,0,0,TRUE
Female,Loyal Customer,18,Business Travel,Business,888,2,2,2,2,4,4,4,4,5,4,4,4,4,3.46,0,0,TRUE
Male,Loyal Customer,41,Business Travel,Business,3040,2,2,2,2,3,5,5,4,4,4,4,3,5,3.46,20,15,TRUE
Male,Loyal Customer,30,Business Travel,Business,395,1,2,2,2,1,1,1,1,4,5,4,1,1,2,0,0,FALSE
Female,Loyal Customer,19,Personal Travel,Eco,1009,3,5,3,1,1,3,2,1,5,2,4,3,1,2.62,0,0,FALSE
Male,Loyal Customer,20,Personal Travel,Eco Plus,669,3,4,3,3,4,3,4,4,5,4,5,4,4,3.85,0,0,FALSE
Female,Loyal Customer,47,Personal Travel,Eco,102,4,5,4,3,5,4,4,1,1,4,1,4,5,3.46,0,2,FALSE
Male,Loyal Customer,35,Business Travel,Business,116,3,3,3,3,2,5,4,5,5,5,4,4,3,3.77,0,0,TRUE
Male,Loyal Customer,18,Personal Travel,Eco,446,3,5,3,3,3,3,2,3,4,5,5,3,3,3.46,29,24,FALSE
Female,Loyal Customer,59,Business Travel,Eco,684,2,4,4,4,3,4,4,2,2,2,2,3,4,3.08,0,0,FALSE
Male,Loyal Customer,27,Business Travel,Eco Plus,316,3,5,5,5,3,3,3,3,1,5,4,3,3,3.54,0,5,FALSE
Male,Loyal Customer,44,Business Travel,Business,3719,3,3,2,3,3,5,4,5,5,5,5,4,5,4,0,0,TRUE
Female,Loyal Customer,43,Business Travel,Business,3952,4,4,4,4,4,4,3,4,4,4,4,1,3,3.62,0,0,FALSE
Female,Loyal Customer,41,Personal Travel,Eco,1389,3,5,3,2,3,3,3,3,3,1,5,3,3,3.08,12,0,FALSE
Male,Loyal Customer,25,Personal Travel,Business,192,1,5,0,4,3,0,3,3,5,5,4,4,3,3.08,0,0,FALSE
Female,Loyal Customer,51,Business Travel,Business,2917,3,5,1,1,5,3,3,3,3,3,3,2,1,2.77,0,0,FALSE
Male,Loyal Customer,33,Business Travel,Business,693,5,5,5,5,4,4,4,4,4,2,5,2,4,4.08,11,15,TRUE
Female,Loyal Customer,67,Personal Travel,Eco,328,1,1,1,3,4,3,3,5,5,1,5,4,3,3,0,0,FALSE
Male,Loyal Customer,21,Business Travel,Business,697,4,4,4,4,4,4,4,4,3,4,4,5,4,4,0,0,TRUE
Male,Loyal Customer,62,Personal Travel,Eco,589,4,4,4,2,2,4,2,2,5,5,4,3,2,3.31,16,0,TRUE
Male,Loyal Customer,32,Business Travel,Business,3183,4,4,4,4,3,4,3,3,4,5,5,5,3,3.92,0,0,TRUE
Female,Loyal Customer,52,Business Travel,Business,2831,2,2,2,2,2,5,4,4,4,4,4,5,3,3.31,0,0,TRUE
Female,Loyal Customer,37,Business Travel,Eco,2611,5,3,3,3,5,5,5,5,4,1,5,4,5,4.08,0,0,TRUE
Male,Disloyal Customer,21,Business Travel,Eco,1009,4,4,4,3,1,4,3,1,3,1,4,3,1,2.77,0,0,FALSE
Male,Loyal Customer,11,Personal Travel,Eco,447,2,5,2,1,2,2,2,2,4,5,4,5,2,2.92,0,4,FALSE
Male,Loyal Customer,33,Business Travel,Business,3364,4,3,3,3,1,1,4,1,3,4,3,2,1,2.54,43,38,FALSE
Male,Loyal Customer,45,Business Travel,Eco,537,5,5,4,4,5,5,5,5,1,4,2,1,5,3.92,0,0,TRUE
Male,Disloyal Customer,15,Business Travel,Eco,748,3,3,3,4,3,3,3,3,4,1,4,4,3,3.15,0,0,FALSE
Male,Loyal Customer,53,Business Travel,Business,147,1,1,1,1,1,5,3,5,5,5,5,2,1,2.77,21,23,TRUE
Female,Loyal Customer,77,Business Travel,Business,3259,4,2,2,2,3,4,4,3,3,3,4,1,1,2.77,0,0,FALSE
Male,Loyal Customer,47,Business Travel,Business,1337,4,4,4,4,4,5,5,5,5,4,5,5,3,4.38,0,0,TRUE
Female,Loyal Customer,39,Business Travel,Business,2562,3,3,3,3,2,4,5,5,5,5,5,4,3,3.85,13,24,TRUE
Male,Loyal Customer,51,Personal Travel,Eco,356,3,4,3,2,2,3,4,2,4,5,4,3,2,3.15,0,2,FALSE
Male,Disloyal Customer,23,Business Travel,Eco,304,4,3,3,3,5,3,2,5,1,2,4,1,5,3.15,2,2,FALSE
Female,Loyal Customer,42,Business Travel,Business,1935,3,3,3,3,4,4,4,4,4,5,4,5,5,3.92,6,0,TRUE
Female,Loyal Customer,44,Business Travel,Business,3268,1,1,1,1,5,4,4,4,4,4,4,3,5,3.15,2,0,TRUE
Female,Loyal Customer,49,Business Travel,Business,2432,4,4,4,4,4,5,4,2,2,2,2,3,5,3.46,0,0,TRUE
Female,Loyal Customer,53,Business Travel,Business,731,2,2,2,2,5,4,4,4,4,4,4,3,4,3.38,0,0,TRUE
Female,Loyal Customer,71,Business Travel,Business,3067,2,2,2,2,5,2,2,1,1,1,2,3,3,2.15,0,0,FALSE
Female,Loyal Customer,20,Personal Travel,Eco,1035,2,5,2,4,2,2,2,2,3,4,4,5,2,3,82,62,FALSE
Male,Disloyal Customer,39,Business Travel,Business,158,1,1,1,4,4,1,4,4,4,2,4,3,4,2.85,0,0,FALSE
Male,Disloyal Customer,24,Business Travel,Business,429,4,0,4,2,5,4,5,5,3,5,4,5,5,3.92,0,0,TRUE
Female,Loyal Customer,22,Personal Travel,Eco Plus,1635,1,1,1,4,2,1,2,2,4,1,2,2,2,1.92,0,0,FALSE
Female,Loyal Customer,60,Business Travel,Eco,1073,1,4,4,4,4,3,4,1,1,1,1,3,2,2.54,3,0,FALSE
Male,Loyal Customer,18,Business Travel,Business,2634,5,5,2,5,4,4,4,4,5,2,4,5,4,4.08,0,0,TRUE
Female,Loyal Customer,49,Personal Travel,Eco,1092,3,3,3,2,3,3,3,5,3,5,4,3,3,3.31,116,135,FALSE
Female,Loyal Customer,20,Business Travel,Eco,872,2,1,3,1,2,2,3,2,4,4,4,2,2,2.46,0,0,FALSE
Male,Disloyal Customer,40,Business Travel,Business,416,2,2,2,2,1,2,1,1,5,2,4,5,1,2.31,5,0,FALSE
Male,Loyal Customer,49,Business Travel,Business,2992,4,4,4,4,4,4,4,5,5,5,5,3,3,4.15,0,0,TRUE
Male,Loyal Customer,51,Business Travel,Business,2178,5,5,5,5,3,1,4,4,4,4,5,2,1,3.69,33,13,TRUE
Female,Loyal Customer,47,Personal Travel,Business,1660,1,0,1,3,3,5,4,2,2,1,2,5,4,2.54,16,0,FALSE
Female,Loyal Customer,59,Business Travel,Business,712,5,5,5,5,5,4,5,4,4,4,4,5,4,4.54,0,0,TRUE
Female,Loyal Customer,12,Personal Travel,Eco,551,3,2,3,4,2,3,4,2,4,1,4,3,2,2.85,77,75,FALSE
Female,Loyal Customer,56,Business Travel,Business,3153,3,4,4,4,1,3,3,3,3,3,3,1,4,3,0,0,FALSE
Male,Loyal Customer,31,Business Travel,Eco,528,3,5,5,5,3,3,3,3,3,1,3,1,3,3.15,32,18,FALSE
Female,Loyal Customer,24,Business Travel,Eco Plus,508,5,3,2,2,5,5,3,5,1,2,4,2,5,3.38,0,3,TRUE
Female,Loyal Customer,58,Business Travel,Eco,1065,2,3,3,3,4,4,3,2,2,2,2,4,3,2.85,0,0,FALSE
Male,Loyal Customer,31,Personal Travel,Eco,612,5,4,5,3,1,5,1,1,1,2,3,2,1,2.62,14,0,TRUE
Male,Loyal Customer,34,Business Travel,Business,1192,1,1,1,1,2,5,5,4,4,5,4,4,5,3.23,109,101,TRUE
Female,Loyal Customer,18,Business Travel,Business,643,5,5,5,5,4,4,4,4,1,2,3,1,4,3.62,0,8,TRUE
Male,Loyal Customer,49,Personal Travel,Eco,842,4,1,4,3,5,4,5,5,3,2,4,4,5,3.77,0,0,TRUE
Male,Loyal Customer,51,Business Travel,Business,3542,5,5,5,5,5,5,5,4,4,4,4,5,5,4.69,49,54,TRUE
Female,Loyal Customer,60,Business Travel,Business,2236,5,5,5,5,3,4,4,5,5,5,5,4,5,4.62,1,6,TRUE
Female,Loyal Customer,43,Business Travel,Business,456,4,3,3,3,4,3,3,4,4,4,4,4,3,3.54,19,15,FALSE
Female,Loyal Customer,42,Business Travel,Business,551,2,2,2,2,3,4,4,5,5,5,5,5,5,3.77,3,0,TRUE
Female,Loyal Customer,34,Business Travel,Business,2237,1,1,1,1,3,5,4,4,4,4,5,3,5,3.15,1,4,TRUE
Female,Loyal Customer,65,Personal Travel,Eco,1028,4,4,4,3,5,4,5,2,2,4,2,3,3,3.46,0,0,FALSE
Male,Loyal Customer,48,Business Travel,Business,1522,3,3,3,3,5,4,5,4,4,4,4,4,4,3.85,49,43,TRUE
Male,Disloyal Customer,28,Business Travel,Eco,1947,3,4,4,3,2,3,2,2,2,1,3,2,2,2.54,4,0,FALSE
Female,Loyal Customer,40,Business Travel,Business,252,4,4,4,4,1,5,2,3,3,4,3,4,4,3.46,0,0,TRUE
Female,Disloyal Customer,24,Business Travel,Eco,1123,3,3,3,4,5,3,5,5,1,2,3,3,5,3.46,14,17,FALSE
Female,Loyal Customer,52,Business Travel,Eco Plus,2586,2,4,4,4,2,1,2,2,2,2,2,1,1,2.23,0,0,FALSE
Female,Loyal Customer,33,Business Travel,Business,1769,3,3,3,3,5,3,5,4,4,4,4,5,5,3.92,0,0,TRUE
Male,Loyal Customer,52,Business Travel,Business,3458,1,1,1,1,3,4,4,4,4,4,4,4,4,3,0,0,TRUE
Male,Loyal Customer,38,Business Travel,Business,446,5,5,5,5,2,1,2,4,4,4,4,1,4,3.54,0,0,TRUE
Female,Loyal Customer,8,Personal Travel,Eco,96,1,5,1,4,5,1,2,5,4,3,4,3,5,3.31,0,0,FALSE
Female,Disloyal Customer,26,Business Travel,Business,1481,4,5,5,4,2,5,2,2,3,5,5,4,2,3.69,3,0,FALSE
Female,Loyal Customer,61,Personal Travel,Eco,795,2,5,1,2,4,5,4,3,3,1,3,3,4,3.08,30,11,FALSE
Female,Loyal Customer,55,Business Travel,Business,1966,1,1,1,1,3,4,5,2,2,2,2,5,3,2.46,4,0,TRUE
Female,Loyal Customer,29,Business Travel,Business,2232,2,2,2,2,5,5,5,5,3,2,5,4,5,3.62,5,14,TRUE
Male,Disloyal Customer,11,Business Travel,Eco,501,4,1,4,3,5,4,2,5,3,3,4,3,5,3.54,6,7,FALSE
Female,Loyal Customer,37,Business Travel,Business,395,3,2,2,2,5,3,4,3,3,3,3,1,2,2.77,0,0,FALSE
Female,Loyal Customer,34,Personal Travel,Eco,273,4,1,4,3,3,4,2,3,4,2,3,2,3,2.92,35,47,FALSE
Female,Loyal Customer,27,Personal Travel,Eco Plus,175,4,5,4,5,4,4,4,4,5,3,5,5,4,4.31,0,0,FALSE
Male,Loyal Customer,42,Business Travel,Business,3640,1,1,4,1,4,4,5,4,4,4,4,5,5,3.54,0,0,TRUE
Male,Loyal Customer,46,Business Travel,Business,3301,3,3,3,3,2,4,4,5,5,5,5,4,3,3.77,8,1,TRUE
Male,Loyal Customer,45,Personal Travel,Eco,258,2,3,2,2,4,2,4,4,4,1,3,1,4,2.77,17,10,FALSE
Female,Disloyal Customer,29,Business Travel,Eco,196,3,5,3,3,5,3,5,5,1,3,4,4,5,3.77,0,0,FALSE
Female,Loyal Customer,36,Business Travel,Business,675,3,2,2,2,5,3,3,3,3,2,3,1,1,2.54,0,7,FALSE
Female,Loyal Customer,40,Business Travel,Business,869,5,5,5,5,4,4,5,4,4,4,4,5,3,4.38,19,13,TRUE
Female,Loyal Customer,46,Personal Travel,Eco,515,3,5,3,2,2,4,5,1,1,3,1,4,3,2.85,0,0,FALSE
Female,Loyal Customer,63,Personal Travel,Eco,587,1,5,1,3,4,4,4,1,1,1,1,5,4,2.69,0,0,FALSE
Female,Disloyal Customer,36,Business Travel,Eco,146,4,2,4,4,5,4,5,5,2,4,3,4,5,3.92,52,51,FALSE
Female,Loyal Customer,63,Personal Travel,Eco,113,4,4,4,3,1,2,3,3,3,4,5,3,4,3.31,0,0,TRUE
Female,Disloyal Customer,24,Business Travel,Eco,852,1,1,1,2,2,1,2,2,3,5,2,4,2,2.15,29,20,FALSE
Female,Loyal Customer,50,Business Travel,Business,3511,3,3,3,3,3,5,5,5,5,5,5,5,5,4.23,0,0,TRUE
Male,Loyal Customer,30,Business Travel,Eco Plus,1089,3,1,1,1,3,3,3,3,3,3,3,3,3,2.54,14,21,FALSE
Female,Loyal Customer,37,Personal Travel,Eco,936,2,3,2,3,5,2,5,5,2,1,4,4,5,3.31,1,0,FALSE
Male,Loyal Customer,33,Personal Travel,Eco,409,3,5,3,5,2,3,2,2,5,2,4,5,2,3.31,18,12,FALSE
Female,Loyal Customer,53,Business Travel,Eco,119,5,5,5,5,2,4,2,5,5,5,5,1,4,4.08,0,0,TRUE
Female,Loyal Customer,50,Business Travel,Business,311,1,1,1,1,2,4,5,4,4,4,4,4,3,2.92,31,29,TRUE
Male,Loyal Customer,52,Business Travel,Business,125,4,3,3,3,4,3,4,2,2,2,4,2,4,3.08,0,96,FALSE
Female,Disloyal Customer,10,Business Travel,Eco,868,1,0,0,4,5,0,5,5,4,3,4,3,5,3,24,16,FALSE
Female,Loyal Customer,42,Business Travel,Business,813,2,2,2,2,4,3,2,5,5,5,5,3,5,3.46,0,0,TRUE
Female,Disloyal Customer,20,Business Travel,Eco,488,2,5,2,1,3,2,3,3,4,3,4,3,3,2.92,0,0,FALSE
Male,Disloyal Customer,25,Business Travel,Eco,733,3,3,3,3,4,3,4,4,4,5,4,4,4,3.69,10,17,FALSE
Female,Loyal Customer,59,Business Travel,Business,1898,4,1,1,1,5,4,4,4,4,4,4,4,2,3.23,37,28,FALSE
Male,Loyal Customer,28,Business Travel,Business,1784,4,4,4,4,4,4,4,4,4,4,4,4,4,4,18,14,TRUE
Female,Loyal Customer,40,Business Travel,Business,2970,0,0,0,2,4,4,4,5,5,5,5,3,4,3.15,0,0,TRUE
Male,Disloyal Customer,17,Business Travel,Eco,362,3,4,3,3,5,3,5,5,2,5,4,2,5,3.77,14,20,FALSE
Female,Loyal Customer,56,Business Travel,Business,1217,2,2,4,2,3,5,4,4,4,4,4,3,4,3.46,0,0,TRUE
Female,Loyal Customer,54,Business Travel,Business,516,4,4,1,4,4,4,5,4,4,4,4,3,5,3.85,0,0,TRUE
Male,Disloyal Customer,23,Business Travel,Business,1119,3,4,3,3,3,3,3,3,4,2,4,4,3,3.23,0,0,FALSE
Male,Loyal Customer,35,Personal Travel,Eco,550,3,3,3,3,5,3,5,5,3,4,4,3,5,3.77,9,0,FALSE
Male,Disloyal Customer,28,Business Travel,Business,1174,5,5,5,4,3,5,3,3,4,3,5,3,3,3.92,15,0,TRUE
Female,Loyal Customer,42,Business Travel,Business,1882,5,5,5,5,4,1,3,4,4,4,4,3,1,3.69,76,66,TRUE
Female,Loyal Customer,46,Business Travel,Business,1583,1,1,1,1,3,4,4,4,4,4,4,5,5,3.15,12,0,TRUE
Female,Loyal Customer,37,Personal Travel,Eco,952,2,3,2,4,3,2,4,3,2,4,3,5,3,3.08,1,0,FALSE
Female,Loyal Customer,42,Business Travel,Business,569,2,2,2,2,2,3,4,2,2,2,2,4,2,2.38,0,0,FALSE
Male,Disloyal Customer,40,Business Travel,Business,192,3,2,2,1,3,2,3,3,3,4,4,3,3,2.77,0,0,FALSE
Female,Disloyal Customer,51,Business Travel,Eco Plus,484,5,5,5,3,1,5,1,1,3,4,5,3,1,3.23,0,0,TRUE
Female,Loyal Customer,48,Personal Travel,Eco,268,2,2,2,3,4,4,3,2,2,2,2,1,3,2.46,0,0,FALSE
Male,Loyal Customer,52,Business Travel,Eco,607,5,2,2,2,5,5,5,5,4,5,4,1,5,3.85,25,43,TRUE
Female,Loyal Customer,44,Personal Travel,Eco,1721,2,4,1,5,5,5,5,2,2,1,2,5,5,3.38,39,22,FALSE
Male,Loyal Customer,9,Personal Travel,Eco,429,2,3,5,4,5,5,5,5,2,3,3,1,5,3.69,0,0,FALSE
Male,Loyal Customer,28,Business Travel,Business,738,4,4,4,4,5,5,5,5,5,5,5,5,5,4.69,11,17,TRUE
Male,Loyal Customer,44,Business Travel,Business,1646,3,3,3,3,4,4,5,4,4,4,4,5,5,3.92,68,80,TRUE
Female,Loyal Customer,23,Personal Travel,Eco,140,1,1,1,3,1,3,3,2,5,4,4,3,3,2.62,236,239,FALSE
Female,Loyal Customer,39,Business Travel,Business,1987,5,5,5,5,4,5,5,5,5,5,5,3,4,4.69,45,43,TRUE
Female,Loyal Customer,8,Personal Travel,Eco,304,1,4,1,5,1,1,1,1,5,4,4,4,1,2.54,0,0,FALSE
Female,Loyal Customer,37,Business Travel,Business,3603,2,2,2,2,2,3,4,5,5,5,5,1,1,3,4,12,TRUE
Male,Loyal Customer,40,Business Travel,Business,612,3,3,3,3,5,4,5,4,4,4,4,3,4,3.77,0,0,TRUE
Male,Loyal Customer,28,Business Travel,Business,2479,2,3,3,3,2,2,2,2,2,1,4,3,2,2.38,0,0,FALSE
Female,Disloyal Customer,28,Business Travel,Business,919,2,2,2,2,4,2,4,4,3,3,5,3,4,3.08,0,0,FALSE
Male,Loyal Customer,35,Business Travel,Business,2108,0,4,0,3,3,4,5,5,5,5,2,5,3,3.38,2,0,TRUE
Male,Loyal Customer,44,Business Travel,Business,594,4,4,4,4,3,5,4,4,4,4,4,4,3,3.92,0,3,TRUE
Female,Loyal Customer,38,Business Travel,Eco,604,4,2,2,2,4,4,4,4,3,3,2,2,4,3.08,0,0,TRUE
Male,Loyal Customer,46,Business Travel,Business,469,2,2,2,2,5,5,4,5,5,5,5,5,3,3.85,0,0,TRUE
Male,Loyal Customer,54,Business Travel,Business,1013,1,1,1,1,3,5,4,3,3,3,3,4,4,2.77,0,0,TRUE
Female,Loyal Customer,44,Business Travel,Eco,2409,4,3,3,3,5,3,2,3,3,4,3,5,5,3.54,5,1,TRUE
Female,Loyal Customer,31,Personal Travel,Business,787,0,1,0,3,2,0,2,2,4,2,3,3,2,1.85,10,0,TRUE
Male,Loyal Customer,64,Personal Travel,Business,997,3,3,4,4,4,3,3,4,4,4,4,1,4,3.46,60,47,FALSE
Male,Loyal Customer,34,Business Travel,Eco Plus,483,3,3,3,3,3,2,3,3,4,4,4,3,3,3.15,56,41,FALSE
Male,Disloyal Customer,24,Business Travel,Eco,859,3,3,3,3,1,3,1,1,4,5,5,4,1,2.85,0,0,FALSE
Female,Loyal Customer,37,Business Travel,Business,1583,2,2,2,2,2,2,5,4,4,4,4,2,3,2.92,0,0,TRUE
Female,Disloyal Customer,30,Business Travel,Eco,272,3,0,3,4,3,3,4,3,3,5,3,4,3,3.15,0,10,FALSE
Female,Loyal Customer,60,Personal Travel,Business,280,4,4,4,1,1,2,3,3,3,4,3,3,4,3,0,0,FALSE
Female,Loyal Customer,48,Business Travel,Business,2738,0,0,0,3,2,5,5,4,4,4,4,4,3,2.92,0,0,TRUE
Male,Loyal Customer,53,Business Travel,Business,3602,4,4,4,4,5,2,2,5,5,5,5,1,2,3.69,0,0,TRUE
Female,Loyal Customer,26,Business Travel,Business,3607,5,5,5,5,2,2,2,2,3,5,3,4,2,3.46,4,0,TRUE
Female,Loyal Customer,43,Business Travel,Eco,408,5,4,4,4,1,2,5,5,5,5,5,1,3,3.77,0,0,TRUE
Male,Loyal Customer,65,Personal Travel,Eco,432,2,4,2,3,2,2,2,2,4,5,4,3,2,2.85,2,0,FALSE
Male,Loyal Customer,46,Business Travel,Business,2920,1,1,1,1,5,3,3,1,1,1,1,3,1,1.77,0,8,FALSE
Male,Loyal Customer,45,Personal Travel,Eco,304,2,5,2,4,3,2,2,3,3,2,4,4,3,3,0,0,FALSE
Male,Disloyal Customer,8,Business Travel,Eco,490,4,4,4,3,5,4,5,5,4,1,3,4,5,3.92,0,0,FALSE
Male,Loyal Customer,37,Personal Travel,Eco,862,3,5,3,1,5,3,5,5,5,2,4,3,5,3.77,21,24,FALSE
Male,Loyal Customer,43,Business Travel,Business,502,1,1,1,1,5,5,4,5,5,5,5,5,4,3.62,0,0,TRUE
Male,Loyal Customer,27,Personal Travel,Eco,862,2,3,1,1,2,1,2,2,2,5,5,3,2,2.38,46,38,FALSE
Male,Loyal Customer,36,Personal Travel,Eco Plus,177,2,5,0,2,4,0,4,4,3,5,4,5,4,3.23,17,20,FALSE
Female,Loyal Customer,24,Business Travel,Business,1491,2,2,4,2,2,2,2,2,3,1,4,1,2,2.23,15,13,FALSE
Female,Disloyal Customer,42,Business Travel,Business,258,3,3,3,4,5,3,5,5,4,4,5,3,5,4,12,9,FALSE
Male,Loyal Customer,55,Personal Travel,Eco,3302,2,3,3,3,3,5,3,4,5,5,2,3,3,3.38,0,0,FALSE
Male,Disloyal Customer,44,Business Travel,Business,1096,4,5,5,4,4,3,3,4,4,5,5,3,3,4,173,160,TRUE
Male,Disloyal Customer,20,Business Travel,Eco,190,3,4,3,3,5,3,5,5,4,2,4,3,5,3.77,0,0,FALSE
Male,Loyal Customer,21,Personal Travel,Eco,331,2,5,2,2,2,2,2,2,2,4,5,2,2,2.62,34,29,FALSE
Female,Loyal Customer,34,Business Travel,Business,391,2,2,2,2,5,1,5,4,4,3,4,3,4,3.15,30,38,TRUE
Male,Loyal Customer,59,Personal Travel,Eco,944,2,4,2,4,3,2,3,3,2,1,3,3,3,2.69,0,0,FALSE
Female,Loyal Customer,22,Business Travel,Business,1999,3,3,3,3,4,4,4,4,4,5,4,4,4,3.77,63,43,TRUE
Female,Loyal Customer,24,Business Travel,Business,1197,1,0,0,2,3,0,4,3,4,5,2,1,3,2.15,0,0,FALSE
Female,Loyal Customer,20,Business Travel,Eco,965,2,4,4,4,2,2,2,2,4,1,3,2,2,2.62,0,0,FALSE
Female,Loyal Customer,9,Personal Travel,Eco,1562,3,4,3,3,3,3,3,3,3,4,5,4,3,3.38,1,26,FALSE
Female,Loyal Customer,57,Personal Travel,Eco,817,1,4,2,4,5,4,4,1,1,2,1,4,1,2.62,0,0,FALSE
Male,Loyal Customer,25,Business Travel,Business,3969,5,5,5,5,3,4,3,3,4,2,5,5,3,4,4,0,TRUE
Male,Disloyal Customer,30,Business Travel,Business,651,2,2,2,1,5,2,5,5,3,2,5,4,5,3.31,0,0,FALSE
Female,Loyal Customer,45,Personal Travel,Eco,255,4,4,4,1,4,3,5,3,3,4,3,3,5,3.54,0,0,TRUE
Female,Disloyal Customer,29,Business Travel,Business,212,1,1,1,3,1,1,1,1,3,3,4,5,1,2,0,0,FALSE
Male,Loyal Customer,38,Personal Travel,Eco,119,2,1,2,3,1,2,1,1,3,4,4,1,1,2,0,0,FALSE
Female,Loyal Customer,41,Business Travel,Business,321,3,5,3,3,3,4,4,5,5,5,5,3,3,3.92,0,0,TRUE
Female,Loyal Customer,29,Business Travel,Eco Plus,862,4,3,3,3,4,5,4,4,2,4,1,3,4,3.38,0,13,TRUE
Female,Disloyal Customer,22,Business Travel,Eco Plus,597,2,4,2,3,3,2,3,3,4,2,3,3,3,2.85,12,8,FALSE
Female,Loyal Customer,60,Business Travel,Business,2481,4,4,4,4,3,5,4,4,4,4,4,4,3,3.92,25,17,TRUE
Male,Loyal Customer,22,Personal Travel,Eco,296,5,2,5,3,1,5,1,1,3,2,4,4,1,2.85,11,11,TRUE
Female,Loyal Customer,58,Business Travel,Business,3040,1,1,1,1,4,4,5,4,4,5,5,4,4,3.31,38,22,TRUE
Male,Loyal Customer,23,Business Travel,Business,550,1,1,1,1,5,5,5,5,5,3,3,1,5,3.15,98,92,TRUE
Female,Loyal Customer,37,Personal Travel,Eco Plus,594,1,5,1,1,1,1,1,1,2,5,3,2,1,1.92,0,0,FALSE
Female,Disloyal Customer,26,Business Travel,Eco,2409,3,3,3,4,2,3,4,2,4,3,4,1,2,2.92,0,0,FALSE
Female,Loyal Customer,57,Business Travel,Eco,449,1,5,4,4,3,4,4,1,1,1,1,2,2,2.54,9,10,FALSE
Female,Disloyal Customer,21,Business Travel,Eco,188,0,0,0,2,3,0,3,3,1,2,5,5,3,2.08,0,0,TRUE
Female,Loyal Customer,34,Business Travel,Business,2116,5,5,5,5,5,2,1,4,4,4,4,4,3,3.92,0,0,TRUE
Male,Loyal Customer,45,Business Travel,Business,2301,5,3,5,5,3,5,5,5,5,5,5,4,3,4.46,22,3,TRUE
Male,Loyal Customer,33,Business Travel,Business,2713,3,3,3,3,4,4,5,4,3,3,5,3,4,3.62,0,8,TRUE
Female,Disloyal Customer,26,Business Travel,Eco Plus,2583,2,2,2,4,2,2,5,2,3,5,3,4,2,2.92,0,0,FALSE
Female,Loyal Customer,40,Business Travel,Business,3293,4,4,4,4,4,5,4,4,4,4,5,4,5,4.23,0,0,TRUE
Female,Loyal Customer,18,Business Travel,Business,3417,4,4,4,4,4,5,4,4,2,3,2,4,4,3.69,21,15,TRUE
Female,Disloyal Customer,27,Business Travel,Business,991,2,2,2,3,3,2,3,3,4,3,5,5,3,3.08,0,0,FALSE
Male,Loyal Customer,17,Personal Travel,Business,1085,1,5,2,3,4,2,4,4,3,1,5,5,4,3.31,5,0,FALSE
Female,Loyal Customer,56,Personal Travel,Eco,1303,3,4,3,2,5,4,4,2,2,3,2,5,5,3.38,2,0,FALSE
Female,Loyal Customer,43,Business Travel,Eco,262,4,3,3,3,5,4,1,4,4,4,4,5,5,3.77,0,0,TRUE
Male,Loyal Customer,52,Personal Travel,Eco Plus,1744,2,4,2,4,3,2,3,3,5,5,5,4,3,3.46,0,0,FALSE
Male,Disloyal Customer,40,Business Travel,Eco,77,2,0,2,5,3,2,4,3,3,5,2,5,3,3,52,77,FALSE
Female,Loyal Customer,57,Business Travel,Business,2152,2,3,3,3,3,3,3,2,2,2,2,4,2,2.62,0,0,FALSE
Female,Loyal Customer,38,Personal Travel,Eco,1276,3,5,3,2,2,3,2,2,4,1,5,3,2,2.85,0,0,FALSE
Female,Loyal Customer,28,Business Travel,Business,164,5,5,5,5,5,4,5,5,5,4,4,5,5,4.77,10,7,TRUE
Male,Disloyal Customer,27,Business Travel,Eco,1008,4,4,4,3,2,4,5,2,3,3,4,3,2,3.31,0,0,FALSE
Male,Loyal Customer,14,Personal Travel,Eco,416,3,3,3,1,2,3,2,2,4,5,1,3,2,2.62,23,23,FALSE
Female,Loyal Customer,53,Business Travel,Eco,2358,4,4,4,4,1,3,1,4,4,4,4,3,5,3.46,1,0,TRUE
Male,Loyal Customer,40,Business Travel,Business,888,1,1,2,1,2,4,4,4,4,4,4,5,5,3.15,13,0,TRUE
Female,Loyal Customer,51,Business Travel,Business,888,2,2,2,2,2,1,2,5,5,5,5,3,1,2.85,0,0,TRUE
Male,Loyal Customer,62,Business Travel,Business,1448,2,1,1,1,4,2,3,2,2,2,2,2,2,2,10,6,FALSE
Male,Disloyal Customer,47,Business Travel,Eco,237,1,0,1,3,3,1,3,3,4,1,2,2,3,2.08,0,0,FALSE
Male,Loyal Customer,57,Personal Travel,Eco,137,3,5,3,1,4,3,4,4,2,1,2,4,4,3.08,0,0,FALSE
Male,Loyal Customer,47,Personal Travel,Eco,594,2,1,2,3,5,2,5,5,3,5,3,4,5,3.46,0,0,FALSE
Female,Loyal Customer,62,Business Travel,Business,3937,2,3,3,3,2,2,2,2,2,2,2,3,1,2.23,92,75,FALSE
Female,Loyal Customer,29,Personal Travel,Eco,1721,2,4,1,4,2,1,2,2,4,2,4,4,2,2.62,0,0,FALSE
Female,Loyal Customer,51,Business Travel,Business,2521,1,1,1,1,5,5,5,3,4,3,4,5,5,3.31,19,59,TRUE
Female,Loyal Customer,41,Personal Travel,Eco Plus,997,3,1,4,2,2,2,2,5,5,4,4,3,1,2.92,9,0,FALSE
Female,Loyal Customer,9,Personal Travel,Eco,1464,2,5,2,1,4,2,4,4,3,4,4,5,4,3.38,18,0,FALSE
Female,Loyal Customer,13,Personal Travel,Eco,1849,5,4,5,2,1,5,1,1,1,4,4,4,1,2.92,0,0,TRUE
Female,Loyal Customer,44,Business Travel,Business,452,3,3,3,3,3,4,5,4,4,4,4,5,5,3.85,0,0,TRUE
Male,Disloyal Customer,22,Business Travel,Business,272,5,3,5,5,4,5,4,4,3,2,4,4,4,4,0,2,TRUE
Female,Loyal Customer,66,Business Travel,Business,1713,5,5,5,5,4,2,1,5,5,5,5,2,1,3.85,78,87,TRUE
Male,Loyal Customer,13,Personal Travel,Eco,590,2,5,2,3,1,2,1,1,4,3,5,3,1,2.54,104,85,FALSE
Male,Loyal Customer,32,Personal Travel,Eco,946,5,5,5,3,2,5,2,2,5,3,4,2,2,3.46,0,3,TRUE
Male,Loyal Customer,64,Personal Travel,Eco,1671,2,4,2,3,3,2,3,3,1,4,2,5,3,2.85,0,0,FALSE
Male,Loyal Customer,60,Business Travel,Business,802,5,5,5,5,3,4,5,5,5,5,5,5,5,4.77,0,0,TRUE
Female,Loyal Customer,32,Personal Travel,Eco Plus,259,2,5,2,5,3,2,1,3,5,5,1,5,3,3.23,0,0,FALSE
Male,Loyal Customer,51,Business Travel,Business,3807,3,5,5,5,5,1,1,3,3,3,3,1,3,3.15,0,0,FALSE
Male,Loyal Customer,65,Personal Travel,Eco,239,2,5,2,1,1,2,1,1,5,4,4,3,1,2.46,0,0,FALSE
Male,Loyal Customer,54,Business Travel,Business,3485,4,4,4,4,2,5,5,5,5,5,5,5,3,4.31,0,0,TRUE
Male,Disloyal Customer,20,Business Travel,Eco,695,2,2,2,1,3,2,3,3,5,2,2,1,3,2.38,0,0,FALSE
Male,Loyal Customer,58,Business Travel,Business,1085,1,1,1,1,3,5,5,5,5,5,5,4,4,3.46,0,0,TRUE
Male,Loyal Customer,40,Personal Travel,Eco,101,1,2,1,3,4,1,4,4,4,4,3,1,4,2.77,0,0,FALSE
Female,Loyal Customer,48,Business Travel,Business,3583,4,4,2,4,4,1,2,2,2,2,2,5,2,2.77,0,27,TRUE
Male,Loyal Customer,55,Business Travel,Business,677,4,4,4,4,2,4,4,3,3,3,3,3,3,3.38,0,0,TRUE
Female,Loyal Customer,55,Business Travel,Eco,866,4,5,3,5,4,4,1,3,3,4,3,2,1,3.23,0,3,TRUE
Male,Loyal Customer,12,Personal Travel,Eco,764,4,5,3,1,1,3,1,1,3,1,5,2,1,2.38,4,27,FALSE
Male,Loyal Customer,58,Business Travel,Business,2279,2,2,2,2,3,5,4,4,4,4,4,3,4,3.31,36,16,TRUE
Male,Loyal Customer,10,Personal Travel,Business,1400,2,1,2,4,4,2,4,4,4,5,4,3,4,3.31,0,0,FALSE
Male,Loyal Customer,29,Business Travel,Business,3476,3,5,5,5,3,3,3,3,4,4,4,2,3,3.62,10,0,FALSE
Male,Loyal Customer,38,Business Travel,Eco Plus,445,3,1,1,1,3,3,3,3,5,5,3,1,3,2.69,3,0,TRUE
Female,Disloyal Customer,39,Business Travel,Business,216,2,2,2,4,4,2,4,4,2,4,2,1,4,2.85,10,13,FALSE
Female,Loyal Customer,34,Personal Travel,Eco,757,2,5,2,3,4,2,4,4,5,5,5,4,4,3.77,0,0,FALSE
Male,Loyal Customer,52,Business Travel,Business,3176,0,4,0,5,4,4,4,3,3,3,1,4,4,3,13,8,TRUE
Male,Loyal Customer,43,Personal Travel,Eco,409,3,4,3,3,5,3,5,5,3,4,5,3,5,3.92,3,1,FALSE
Male,Loyal Customer,25,Business Travel,Business,1111,4,5,5,5,4,4,4,4,3,2,4,4,4,4,20,17,FALSE
Male,Loyal Customer,56,Personal Travel,Eco,304,3,3,3,1,3,3,1,3,2,3,5,5,3,2.92,7,0,FALSE
Male,Loyal Customer,39,Personal Travel,Eco,1605,1,4,1,1,4,1,2,4,3,5,3,4,4,2.85,74,60,FALSE
Female,Loyal Customer,25,Business Travel,Business,3439,3,3,3,3,4,4,4,4,3,2,4,3,4,3.38,2,0,TRUE
Male,Loyal Customer,54,Business Travel,Eco,591,5,3,3,3,5,5,5,5,1,1,3,4,5,3.69,28,26,TRUE
Male,Disloyal Customer,39,Business Travel,Business,270,3,3,3,4,1,3,1,1,3,1,4,1,1,2.23,0,0,FALSE
Male,Loyal Customer,38,Business Travel,Business,3394,5,5,5,5,5,4,5,5,5,5,5,3,4,4.69,0,4,TRUE
Male,Disloyal Customer,26,Business Travel,Eco,130,1,3,1,1,2,1,2,2,4,5,4,1,2,2.23,121,,FALSE
Female,Loyal Customer,37,Business Travel,Business,3354,2,2,4,2,3,5,5,5,5,5,5,5,4,4,53,56,TRUE
Male,Disloyal Customer,41,Business Travel,Eco,628,2,4,2,3,5,2,5,5,2,3,3,2,5,3.31,0,11,FALSE
Male,Loyal Customer,44,Business Travel,Business,2592,1,1,5,1,2,5,4,4,4,4,4,3,5,3.31,13,24,TRUE
Female,Loyal Customer,18,Personal Travel,Eco,190,4,4,0,4,5,0,5,5,2,3,3,1,5,3.15,0,0,TRUE
Female,Loyal Customer,54,Business Travel,Business,1334,2,2,2,2,2,5,4,4,4,4,4,3,5,3.31,0,0,TRUE
Male,Loyal Customer,8,Personal Travel,Eco Plus,804,4,2,4,3,5,4,5,5,3,2,3,2,5,3.62,0,0,TRUE
Female,Loyal Customer,44,Business Travel,Business,2184,4,5,5,5,4,4,4,3,1,3,3,4,4,3.77,171,175,FALSE
Female,Loyal Customer,48,Business Travel,Eco,852,1,4,4,4,2,3,3,1,1,1,1,2,2,2.23,5,12,FALSE
Male,Disloyal Customer,22,Business Travel,Eco,507,3,0,3,3,5,3,5,5,3,1,3,2,5,3.15,13,7,FALSE
Male,Loyal Customer,53,Personal Travel,Eco Plus,1972,5,1,5,3,1,1,1,1,2,1,1,1,1,1.85,3,0,TRUE
Female,Loyal Customer,43,Business Travel,Eco,680,2,5,5,5,5,3,4,2,2,2,2,1,3,3.15,0,2,FALSE
Male,Loyal Customer,41,Personal Travel,Eco Plus,372,3,0,3,5,2,3,2,2,3,3,5,2,2,2.69,13,15,FALSE
Female,Disloyal Customer,20,Business Travel,Eco,368,0,0,0,1,3,0,3,3,4,2,5,3,3,2.08,20,15,TRUE
Female,Loyal Customer,25,Business Travel,Business,1005,2,5,5,5,2,2,2,2,2,1,4,4,2,2.92,0,0,FALSE
Male,Disloyal Customer,26,Business Travel,Eco,878,2,2,2,4,2,2,2,2,1,4,3,2,2,2.31,6,14,FALSE
Male,Loyal Customer,49,Business Travel,Business,2046,4,4,3,4,4,4,5,4,4,4,4,4,3,3.92,11,0,TRUE
Female,Loyal Customer,38,Business Travel,Eco,402,3,1,2,2,3,3,3,3,5,2,1,2,3,2.54,0,0,TRUE
Male,Loyal Customer,28,Business Travel,Business,668,2,1,4,1,2,2,2,1,1,4,4,2,2,2.15,249,232,FALSE
Male,Loyal Customer,51,Business Travel,Business,812,1,1,1,1,2,4,5,2,2,2,2,3,4,2.31,0,12,TRUE
Male,Loyal Customer,43,Business Travel,Business,2997,5,5,5,5,4,3,4,5,5,5,5,3,2,4.31,0,0,TRUE
Male,Loyal Customer,69,Personal Travel,Eco,209,3,4,3,3,3,3,2,3,4,4,5,4,3,3.38,0,0,FALSE
Male,Loyal Customer,57,Business Travel,Business,192,3,2,2,2,4,4,4,4,4,4,3,2,2,3.08,0,0,FALSE
Female,Loyal Customer,31,Business Travel,Business,3749,1,1,1,1,4,4,4,4,3,1,5,4,4,2.85,8,0,TRUE
Female,Loyal Customer,53,Personal Travel,Eco Plus,325,1,3,1,2,3,1,4,3,3,1,3,4,3,2.46,0,0,FALSE
Male,Loyal Customer,27,Business Travel,Business,2139,2,2,2,2,3,3,3,3,3,2,4,4,3,2.77,0,0,TRUE
Female,Disloyal Customer,23,Business Travel,Eco,391,5,3,5,1,5,3,2,5,5,3,5,5,5,4,0,0,TRUE
Female,Loyal Customer,10,Personal Travel,Eco,372,4,2,4,3,2,4,2,2,2,4,2,3,2,2.77,0,0,FALSE
Male,Loyal Customer,40,Business Travel,Business,224,0,0,0,2,4,5,4,4,4,4,4,3,4,2.92,20,18,TRUE
Male,Loyal Customer,17,Personal Travel,Eco,604,0,5,0,2,3,0,3,3,4,5,4,3,3,2.69,0,0,TRUE
Female,Loyal Customer,15,Business Travel,Business,2888,4,4,4,4,3,3,3,3,2,1,3,3,3,3.08,41,33,TRUE
Male,Disloyal Customer,25,Business Travel,Business,1148,0,0,0,2,4,0,4,4,5,5,5,4,4,2.85,6,0,TRUE
Male,Disloyal Customer,36,Business Travel,Business,308,2,2,2,5,2,2,2,2,5,5,4,3,2,2.92,0,0,FALSE
Male,Loyal Customer,47,Personal Travel,Eco,164,2,4,2,2,4,2,4,4,4,2,5,4,4,3.31,0,0,FALSE
Male,Loyal Customer,64,Business Travel,Business,3667,1,4,4,4,4,4,4,1,1,2,1,2,1,2.54,0,0,FALSE
Female,Loyal Customer,67,Personal Travel,Eco,315,4,5,4,2,4,5,4,2,2,4,2,2,1,3.15,0,0,FALSE
Male,Loyal Customer,42,Business Travel,Business,507,2,2,2,2,5,5,5,4,4,4,4,5,3,3.62,1,0,TRUE
Female,Loyal Customer,25,Business Travel,Business,3709,4,4,4,4,4,4,4,4,2,3,5,1,4,3.62,8,11,TRUE
Female,Loyal Customer,21,Business Travel,Business,1804,3,4,5,4,3,3,3,3,1,3,4,2,3,3.15,52,50,FALSE
Female,Loyal Customer,49,Business Travel,Business,3876,4,4,4,4,2,4,4,5,5,5,5,5,3,4.15,0,0,TRUE
Male,Loyal Customer,31,Business Travel,Business,680,2,2,2,2,4,4,4,4,3,4,4,3,4,3.23,29,31,TRUE
Male,Loyal Customer,20,Personal Travel,Eco,551,2,3,2,3,2,2,2,2,4,4,3,1,2,2.46,9,3,FALSE
Female,Loyal Customer,59,Business Travel,Business,2740,1,1,1,1,3,4,5,5,5,5,5,5,5,3.54,37,26,TRUE
Female,Loyal Customer,78,Business Travel,Business,334,3,1,2,1,1,1,1,3,3,3,3,2,4,2.15,33,46,FALSE
Female,Disloyal Customer,80,Business Travel,Business,271,3,3,3,1,1,2,2,3,3,3,3,3,2,2.46,13,14,FALSE
Male,Loyal Customer,34,Personal Travel,Eco,954,4,3,4,5,1,4,1,1,4,2,1,4,1,2.69,0,0,FALSE
Female,Loyal Customer,13,Business Travel,Eco,516,3,1,4,1,3,3,3,3,4,5,3,1,3,2.85,0,0,FALSE
Male,Loyal Customer,48,Business Travel,Eco,1085,3,4,4,4,3,3,3,3,3,4,4,4,3,3.46,0,0,FALSE
Male,Loyal Customer,44,Business Travel,Eco Plus,387,2,4,4,4,2,2,2,2,5,3,3,5,2,3.08,0,0,TRUE
Female,Loyal Customer,40,Personal Travel,Eco,725,3,5,4,3,4,4,4,4,2,2,3,1,4,3.31,4,0,FALSE
Female,Loyal Customer,53,Business Travel,Business,251,3,1,1,1,4,3,4,3,3,3,3,2,3,2.62,0,0,FALSE
Male,Loyal Customer,33,Business Travel,Business,3871,0,5,0,1,2,2,2,2,3,1,3,5,2,2.15,26,25,TRUE
Male,Loyal Customer,28,Business Travel,Business,3581,5,5,5,5,5,5,5,5,5,4,3,2,5,4.54,6,1,TRUE
Male,Loyal Customer,43,Business Travel,Business,3925,3,3,3,3,2,4,5,4,4,4,4,4,4,3.62,0,0,TRUE
Female,Loyal Customer,29,Business Travel,Business,3044,3,5,3,3,4,5,4,4,3,4,5,3,4,3.85,0,0,TRUE
Male,Loyal Customer,16,Personal Travel,Eco,544,1,2,1,4,5,1,5,5,1,1,3,2,5,2.77,0,0,FALSE
Male,Loyal Customer,40,Business Travel,Business,868,5,5,5,5,4,4,5,2,2,2,2,5,4,3.85,32,105,TRUE
Female,Loyal Customer,32,Personal Travel,Eco,1500,4,2,4,2,1,4,1,1,2,5,3,1,1,2.38,0,0,FALSE
Male,Loyal Customer,48,Personal Travel,Eco,689,1,5,1,1,5,1,5,5,5,5,5,3,5,3.62,0,0,FALSE
Male,Loyal Customer,41,Personal Travel,Eco,728,4,2,4,3,2,4,2,2,3,3,2,4,2,2.85,0,0,FALSE
Female,Disloyal Customer,16,Business Travel,Eco,986,3,3,3,5,5,3,5,5,5,2,4,3,5,3.92,0,0,FALSE
Female,Loyal Customer,44,Business Travel,Business,1760,1,1,1,1,4,4,4,5,3,5,4,4,4,3.15,121,135,TRUE
Male,Loyal Customer,28,Business Travel,Business,1758,1,0,0,4,4,0,1,4,4,3,4,2,4,2.38,0,0,FALSE
Male,Loyal Customer,32,Business Travel,Business,1497,3,3,3,3,5,5,5,5,5,4,5,3,5,4.15,33,19,TRUE
Female,Disloyal Customer,23,Business Travel,Eco,325,4,5,4,3,4,4,4,4,5,5,4,5,4,4.23,0,0,TRUE
Female,Loyal Customer,54,Business Travel,Business,3838,4,4,3,4,2,4,4,4,4,4,4,3,3,3.62,0,29,TRUE
Male,Disloyal Customer,20,Business Travel,Eco,1238,4,4,4,4,4,4,4,4,4,2,3,3,4,3.69,0,0,TRUE
Male,Loyal Customer,19,Personal Travel,Eco,1076,2,5,3,5,5,3,5,5,5,4,5,4,5,4.31,0,0,FALSE
Female,Loyal Customer,45,Business Travel,Eco,86,1,2,2,2,1,3,4,2,2,1,2,3,1,2,104,96,FALSE
Male,Loyal Customer,61,Business Travel,Business,3883,2,4,4,4,5,4,3,2,2,2,2,2,2,2.92,0,13,FALSE
Female,Loyal Customer,39,Business Travel,Eco,404,2,3,3,3,2,1,2,2,4,2,4,3,2,2.54,28,51,FALSE
Female,Loyal Customer,44,Business Travel,Business,146,2,1,3,1,5,4,3,2,2,2,2,2,4,2.54,0,0,FALSE
Female,Loyal Customer,53,Personal Travel,Business,631,2,4,2,1,5,5,4,5,5,2,5,4,5,3.77,34,8,FALSE
Male,Loyal Customer,9,Personal Travel,Eco,224,3,3,3,4,3,3,3,3,2,5,4,3,3,3.23,1,22,FALSE
Male,Disloyal Customer,17,Business Travel,Eco,809,4,4,4,1,5,4,5,5,2,4,1,4,5,3.69,6,12,FALSE
Male,Loyal Customer,58,Business Travel,Business,325,3,3,3,3,5,5,5,5,5,5,5,5,5,4.38,0,0,TRUE
Male,Loyal Customer,42,Business Travel,Eco,406,2,2,2,2,2,2,2,2,3,1,2,1,2,1.92,97,80,FALSE
Female,Loyal Customer,35,Personal Travel,Business,646,2,1,2,2,5,2,2,2,2,2,2,1,2,2.08,0,0,FALSE
Male,Loyal Customer,58,Business Travel,Business,744,3,3,3,3,3,4,5,4,4,4,4,4,4,3.69,5,12,TRUE
Female,Loyal Customer,60,Business Travel,Business,3641,1,1,3,1,3,4,5,4,4,4,4,4,5,3.31,0,0,TRUE
Male,Disloyal Customer,26,Business Travel,Eco,925,1,1,1,4,5,1,5,5,2,4,3,3,5,3.08,0,0,FALSE
Male,Loyal Customer,46,Business Travel,Business,2852,3,3,4,3,4,5,5,5,5,5,5,5,4,4.31,0,0,TRUE
Female,Disloyal Customer,20,Business Travel,Eco,228,3,0,3,2,2,3,2,2,3,4,4,3,2,2.54,12,0,FALSE
Female,Loyal Customer,44,Business Travel,Business,2039,5,5,5,5,5,3,4,5,5,5,5,3,5,4.62,0,4,TRUE
Female,Disloyal Customer,17,Business Travel,Eco,1416,1,2,2,4,5,1,1,5,4,3,4,4,5,3.15,0,0,FALSE
Male,Loyal Customer,63,Business Travel,Business,3828,1,5,5,5,1,4,3,4,4,4,1,2,1,3.08,33,43,FALSE
Female,Disloyal Customer,7,Personal Travel,Eco,236,3,4,0,4,4,0,4,4,4,5,3,1,4,3.08,0,0,FALSE
Male,Loyal Customer,45,Personal Travel,Eco,1075,2,5,2,4,2,2,2,5,4,5,5,2,2,3.23,157,151,FALSE
Male,Disloyal Customer,37,Business Travel,Business,1107,3,3,3,4,3,3,3,3,5,4,5,4,3,3.54,0,0,FALSE
Male,Loyal Customer,27,Business Travel,Eco,1825,4,4,4,4,4,4,4,4,2,2,3,4,4,3.62,13,9,TRUE
Female,Loyal Customer,60,Personal Travel,Eco,746,2,5,2,1,2,4,4,3,3,2,3,5,5,3.15,1,0,FALSE
Male,Loyal Customer,57,Business Travel,Business,1549,2,4,4,4,2,2,2,2,4,3,2,2,2,2.69,158,159,FALSE
Male,Disloyal Customer,39,Business Travel,Eco,813,3,3,3,4,4,3,2,4,4,4,4,4,4,3.54,0,0,FALSE
Female,Loyal Customer,51,Personal Travel,Eco,366,3,1,3,3,3,3,2,5,5,3,5,3,2,3.15,0,0,FALSE
Female,Loyal Customer,29,Business Travel,Eco Plus,356,2,5,3,5,2,2,2,2,3,4,3,2,2,2.85,0,0,FALSE
Male,Loyal Customer,25,Business Travel,Business,2523,1,1,1,1,5,5,5,5,4,1,5,5,5,3.38,1,0,TRUE
Male,Loyal Customer,47,Business Travel,Business,989,2,2,2,2,5,4,4,5,5,5,5,3,4,3.69,24,0,TRUE
Female,Loyal Customer,53,Business Travel,Business,1727,3,3,5,3,2,4,5,5,5,5,5,3,5,4.08,0,0,TRUE
Male,Loyal Customer,56,Business Travel,Eco,771,4,4,4,4,4,4,4,4,5,4,1,4,4,3.85,0,0,TRUE
Female,Loyal Customer,27,Business Travel,Business,2900,1,1,1,1,5,5,5,5,4,2,4,1,5,3.08,0,0,TRUE
Female,Loyal Customer,45,Business Travel,Eco,304,2,1,1,1,3,3,4,2,2,2,2,3,3,2.23,4,46,FALSE
Male,Loyal Customer,60,Business Travel,Business,3239,2,2,2,2,2,5,5,4,4,4,4,3,3,3.23,37,34,TRUE
Female,Loyal Customer,34,Business Travel,Business,925,2,2,2,2,4,3,3,4,4,4,4,4,3,3.15,0,0,TRUE
Male,Disloyal Customer,62,Business Travel,Business,473,3,3,3,2,1,3,1,1,3,5,2,4,1,2.46,0,6,FALSE
Male,Loyal Customer,10,Personal Travel,Eco,1045,1,4,1,3,4,1,4,4,3,2,5,4,4,3.08,0,0,FALSE
Male,Disloyal Customer,24,Business Travel,Eco,192,4,2,4,3,4,4,4,4,1,4,3,2,4,3.31,0,0,FALSE
Male,Loyal Customer,64,Business Travel,Business,2270,2,4,4,4,2,2,2,4,4,4,2,3,1,2.92,0,1,FALSE
Female,Loyal Customer,55,Business Travel,Business,1325,1,1,1,1,5,5,4,3,3,3,3,5,5,3.08,45,29,TRUE
Female,Disloyal Customer,37,Business Travel,Business,2370,2,2,2,3,2,2,2,2,5,4,5,3,2,2.77,0,0,FALSE
Male,Loyal Customer,29,Business Travel,Eco,1149,2,1,1,1,2,2,2,2,1,3,4,2,2,1.92,0,0,FALSE
Male,Loyal Customer,70,Personal Travel,Eco,316,4,0,5,4,2,5,2,2,5,5,4,4,2,3.38,0,0,FALSE
Female,Disloyal Customer,34,Business Travel,Business,404,2,2,2,1,3,2,3,3,3,2,4,4,3,2.62,0,0,FALSE
Female,Disloyal Customer,61,Business Travel,Eco,305,3,4,3,3,3,3,3,3,1,2,3,1,3,2.69,77,62,FALSE
Male,Loyal Customer,15,Business Travel,Eco,224,2,3,5,5,2,1,2,2,3,4,2,3,2,2.77,5,0,FALSE
Female,Loyal Customer,48,Business Travel,Eco Plus,1049,4,2,2,2,1,1,1,4,4,4,4,4,3,2.77,27,15,TRUE
Male,Disloyal Customer,34,Business Travel,Eco,308,2,0,2,3,4,2,4,4,1,3,1,2,4,2.46,0,0,FALSE
Female,Disloyal Customer,30,Business Travel,Eco,549,4,2,4,3,3,4,3,3,3,1,3,1,3,2.85,0,0,FALSE
Female,Loyal Customer,48,Business Travel,Business,507,4,4,4,4,3,4,5,4,4,4,4,4,4,4,0,0,TRUE
Female,Disloyal Customer,48,Business Travel,Business,1475,1,1,1,1,5,1,5,5,3,4,4,4,5,3.08,0,0,FALSE
Female,Loyal Customer,10,Personal Travel,Eco,667,2,4,2,3,1,2,1,1,1,3,3,4,1,2.15,99,114,FALSE
Male,Loyal Customer,55,Business Travel,Business,399,3,3,3,3,3,5,5,4,4,4,4,4,4,3.77,0,0,TRUE
Male,Disloyal Customer,45,Business Travel,Business,611,3,3,3,3,4,3,4,4,3,4,4,3,4,3.46,20,18,TRUE
Female,Loyal Customer,11,Personal Travel,Eco,335,3,5,3,3,1,3,1,1,5,4,5,4,1,3,18,22,FALSE
Female,Loyal Customer,48,Business Travel,Eco,214,2,2,5,2,4,3,3,2,2,2,2,4,1,2.62,0,0,FALSE
Female,Loyal Customer,27,Business Travel,Business,2098,2,2,2,2,5,5,5,5,3,2,4,2,5,3.38,0,0,TRUE
Male,Loyal Customer,32,Business Travel,Business,1757,1,5,2,5,1,1,1,1,2,2,3,1,1,2,0,4,FALSE
Female,Disloyal Customer,24,Business Travel,Eco,802,3,3,3,3,4,3,4,4,2,2,2,2,4,3,0,34,FALSE
Male,Loyal Customer,39,Business Travel,Business,2704,3,3,3,3,3,3,2,3,3,2,3,5,3,3,0,10,TRUE
Female,Disloyal Customer,22,Business Travel,Business,236,4,0,4,3,5,4,2,5,4,5,4,5,5,3.85,2,2,TRUE
Male,Loyal Customer,31,Personal Travel,Eco,227,2,3,2,3,1,2,1,1,4,1,3,1,1,1.92,3,2,FALSE
Female,Loyal Customer,20,Personal Travel,Eco,528,2,5,2,2,3,2,1,3,1,5,4,5,3,2.92,0,0,FALSE
Female,Disloyal Customer,22,Business Travel,Eco,912,3,3,3,4,3,3,3,3,1,2,4,2,3,2.85,0,0,FALSE
Female,Disloyal Customer,39,Business Travel,Business,554,4,4,4,4,4,4,2,4,2,5,3,4,4,3.69,0,0,TRUE
Female,Loyal Customer,23,Personal Travel,Eco Plus,533,3,4,4,4,2,4,2,2,3,3,5,5,2,3.31,0,0,FALSE
Female,Loyal Customer,41,Business Travel,Business,1173,2,2,2,2,5,5,5,4,4,4,4,4,3,3.54,4,6,TRUE
Female,Disloyal Customer,20,Business Travel,Eco,528,1,0,1,4,5,1,5,5,3,5,5,4,5,3.38,0,0,FALSE
Female,Disloyal Customer,59,Business Travel,Eco,662,1,0,1,3,5,1,1,5,4,1,2,2,5,2.38,9,0,FALSE
Female,Disloyal Customer,27,Business Travel,Eco,456,2,2,2,2,5,2,5,5,4,2,1,1,5,2.92,0,0,FALSE
Male,Loyal Customer,10,Business Travel,Business,2535,3,2,3,2,3,3,3,3,2,2,4,4,3,2.85,0,0,FALSE
Female,Loyal Customer,38,Personal Travel,Eco,977,4,2,5,4,4,5,4,4,4,3,3,2,4,3.69,0,0,FALSE
Male,Disloyal Customer,40,Business Travel,Eco,1282,4,4,4,3,4,1,2,4,1,3,4,2,2,2.92,1,56,FALSE
Female,Loyal Customer,63,Personal Travel,Eco,1096,0,2,0,3,3,3,3,4,4,0,4,1,1,2.15,0,0,TRUE
Female,Disloyal Customer,25,Business Travel,Eco,338,3,1,3,3,5,3,5,5,3,5,3,3,5,3.62,14,2,FALSE
Male,Disloyal Customer,38,Business Travel,Business,507,5,5,5,4,1,5,1,1,5,5,4,3,1,3.46,0,0,TRUE
Female,Loyal Customer,47,Business Travel,Business,2112,2,2,2,2,4,4,4,4,4,4,4,3,4,3.31,63,57,TRUE
Male,Loyal Customer,49,Personal Travel,Eco,1460,2,4,2,3,2,2,2,2,5,2,3,4,2,2.69,6,1,FALSE
Female,Disloyal Customer,48,Business Travel,Eco,854,1,1,1,3,1,5,5,2,2,4,4,5,5,3,0,4,FALSE
Female,Loyal Customer,44,Personal Travel,Eco,1411,0,5,0,2,3,5,5,2,2,0,2,2,5,2.54,0,0,TRUE
Male,Loyal Customer,33,Business Travel,Business,89,2,3,3,3,2,2,2,2,4,5,4,4,2,2.92,0,0,FALSE
Female,Loyal Customer,27,Personal Travel,Eco Plus,937,4,3,4,4,1,4,1,1,2,3,3,1,1,2.46,0,0,TRUE
Male,Disloyal Customer,37,Business Travel,Business,228,4,4,4,3,4,4,5,4,2,5,5,1,4,3.77,1,0,FALSE
Male,Loyal Customer,52,Business Travel,Business,2934,2,2,2,2,5,4,5,5,5,5,5,4,5,3.92,0,0,TRUE
Male,Loyal Customer,57,Business Travel,Business,2662,3,3,3,3,2,5,4,5,5,5,5,3,3,3.77,24,19,TRUE
Male,Loyal Customer,51,Business Travel,Business,1671,2,2,2,2,4,4,4,2,2,3,2,5,4,2.92,0,0,TRUE
Female,Loyal Customer,35,Business Travel,Business,2952,3,3,3,3,3,1,1,4,4,4,4,1,4,2.92,40,36,TRUE
Male,Disloyal Customer,41,Business Travel,Business,309,2,2,2,4,2,2,2,2,3,4,4,3,2,2.62,18,18,FALSE
Male,Loyal Customer,56,Business Travel,Business,867,4,4,4,4,2,5,4,5,5,4,5,3,4,4.08,12,0,TRUE
Male,Loyal Customer,47,Business Travel,Business,1667,4,2,2,2,2,4,3,1,1,1,4,1,4,2.38,0,11,FALSE
Female,Loyal Customer,16,Personal Travel,Eco,387,2,4,2,3,3,2,3,3,4,5,5,5,3,3.38,0,0,FALSE
Female,Loyal Customer,50,Personal Travel,Eco,990,2,2,1,3,5,3,3,5,5,1,5,3,1,3,74,68,FALSE
Male,Loyal Customer,19,Personal Travel,Eco,1085,4,4,4,1,4,4,4,4,4,4,5,3,4,3.77,1,12,FALSE
Male,Loyal Customer,53,Business Travel,Eco,503,3,3,5,5,3,3,3,3,1,5,3,2,3,3.23,30,22,FALSE
Male,Loyal Customer,55,Business Travel,Business,868,3,3,3,3,2,5,5,4,4,4,4,5,3,3.69,0,11,TRUE
Female,Disloyal Customer,59,Business Travel,Eco,318,1,3,1,2,4,1,4,4,2,5,3,1,4,2.69,0,0,FALSE
Female,Loyal Customer,54,Business Travel,Business,868,4,4,4,4,3,4,5,5,5,4,5,3,4,4.15,0,0,TRUE
Female,Loyal Customer,43,Business Travel,Eco,427,5,3,3,3,1,1,3,5,5,5,5,1,3,3.31,0,18,TRUE
Female,Loyal Customer,16,Business Travel,Business,3863,2,2,3,2,4,4,4,4,5,2,4,5,4,3.46,11,0,TRUE
Male,Disloyal Customer,45,Business Travel,Business,642,1,1,1,1,5,1,5,5,3,4,5,3,5,3.08,5,15,FALSE
Male,Loyal Customer,42,Personal Travel,Eco Plus,733,4,3,4,3,1,4,1,1,1,1,2,5,1,2.38,0,0,TRUE
Female,Loyal Customer,18,Personal Travel,Eco Plus,1303,3,2,3,3,5,3,3,5,1,3,3,3,5,3.23,0,0,FALSE
Female,Loyal Customer,42,Business Travel,Business,3292,1,2,2,2,5,3,3,1,1,2,1,2,3,2.15,0,8,FALSE
Female,Loyal Customer,37,Business Travel,Eco,589,5,2,2,2,5,5,5,5,3,3,3,3,5,3.69,29,30,TRUE
Male,Loyal Customer,45,Business Travel,Business,236,2,5,4,5,4,3,3,2,2,2,2,1,4,3,22,26,FALSE
Female,Loyal Customer,50,Personal Travel,Eco,667,2,4,2,4,4,5,5,4,4,2,4,5,5,3.85,0,0,FALSE
Female,Loyal Customer,43,Business Travel,Business,675,4,4,4,4,5,4,5,5,5,5,5,3,4,4.38,15,10,TRUE
Female,Loyal Customer,37,Personal Travel,Eco Plus,419,3,1,3,3,1,3,1,1,4,2,3,2,1,2.15,0,0,FALSE
Male,Loyal Customer,41,Business Travel,Eco,2521,3,5,5,5,3,3,3,3,2,1,2,3,3,3.15,67,48,FALSE
Male,Loyal Customer,51,Business Travel,Business,1276,2,2,2,2,3,4,4,4,4,4,4,5,3,3.31,0,0,TRUE
Female,Loyal Customer,25,Personal Travel,Eco,1874,0,5,0,4,2,0,2,2,2,4,5,3,2,2.38,0,0,TRUE
Male,Disloyal Customer,20,Business Travel,Eco,657,2,0,2,3,2,2,2,2,3,2,5,3,2,2.31,9,1,FALSE
Female,Loyal Customer,51,Business Travel,Business,3388,4,4,4,4,2,2,5,5,5,5,5,1,4,3.85,0,0,TRUE
Female,Loyal Customer,46,Business Travel,Business,2730,1,1,3,1,1,3,4,1,1,1,1,4,3,1.92,0,12,FALSE
Female,Loyal Customer,58,Business Travel,Business,153,1,1,1,1,3,5,5,5,5,5,5,3,4,3.38,0,0,TRUE
Female,Loyal Customer,54,Business Travel,Business,2467,4,3,3,3,1,1,2,1,1,1,4,2,4,2.31,2,0,FALSE
Male,Loyal Customer,30,Business Travel,Business,575,5,5,5,5,4,4,4,4,3,4,4,5,4,4.31,0,5,TRUE
Male,Loyal Customer,58,Business Travel,Business,936,2,4,4,4,2,3,3,2,2,2,2,4,3,2.85,0,0,FALSE
Male,Loyal Customer,50,Business Travel,Business,2565,3,3,5,3,5,4,4,5,5,5,5,3,3,4.08,9,0,TRUE
Female,Loyal Customer,61,Personal Travel,Eco,261,3,4,3,4,5,3,4,1,1,3,1,1,2,2.69,0,0,FALSE
Male,Loyal Customer,59,Business Travel,Business,2536,3,5,1,5,3,3,4,3,3,3,3,2,4,3.23,13,0,FALSE
Male,Loyal Customer,61,Personal Travel,Eco,697,4,5,4,2,2,4,2,2,3,4,5,4,2,3.31,48,63,FALSE
Female,Loyal Customer,26,Business Travel,Business,562,3,3,3,3,4,4,4,4,5,4,4,5,4,3.85,13,7,TRUE
Male,Loyal Customer,25,Business Travel,Business,1764,3,3,3,3,4,4,4,4,4,5,4,4,4,3.77,121,128,TRUE
Female,Loyal Customer,56,Business Travel,Business,449,3,3,3,3,3,5,5,4,4,5,4,4,3,3.77,0,0,TRUE
Female,Loyal Customer,52,Business Travel,Eco,549,4,4,4,4,2,3,3,4,4,4,4,5,3,3.69,9,11,TRUE
Male,Loyal Customer,36,Business Travel,Business,551,4,4,4,4,4,5,5,5,5,4,5,4,3,4.31,0,0,TRUE
Male,Loyal Customer,20,Personal Travel,Eco,135,2,3,2,4,4,2,4,4,1,1,4,1,4,2.77,0,0,FALSE
Male,Loyal Customer,14,Personal Travel,Eco Plus,864,2,1,2,1,2,2,4,2,2,2,1,1,2,1.85,18,56,FALSE
Male,Loyal Customer,49,Business Travel,Business,1750,2,2,2,2,4,5,4,4,4,4,4,3,3,3.31,1,0,TRUE
Male,Loyal Customer,35,Business Travel,Business,2758,4,4,5,4,5,5,5,5,5,5,5,5,5,4.77,0,0,TRUE
Female,Loyal Customer,58,Personal Travel,Eco,446,3,5,3,1,4,4,4,1,1,3,1,4,5,3,0,0,FALSE
Female,Loyal Customer,44,Business Travel,Eco Plus,237,3,3,3,3,2,4,4,3,3,3,3,2,1,2.85,0,0,FALSE
Female,Loyal Customer,22,Business Travel,Eco,563,4,3,2,2,4,4,5,4,3,4,3,5,4,3.62,1,9,TRUE
Male,Loyal Customer,69,Personal Travel,Eco,2583,4,5,4,4,4,4,2,4,5,5,4,2,4,3.92,12,6,FALSE
Male,Disloyal Customer,25,Business Travel,Eco,331,2,3,2,3,3,2,1,3,1,2,3,1,3,2.23,0,4,FALSE
Male,Disloyal Customer,30,Business Travel,Business,200,3,3,3,4,2,3,2,2,5,3,4,3,2,3,0,0,FALSE
Male,Loyal Customer,38,Business Travel,Business,187,1,1,1,1,4,3,1,4,4,4,5,2,1,2.46,0,0,TRUE
Female,Loyal Customer,38,Business Travel,Business,1710,4,4,5,4,3,1,1,3,3,3,3,2,3,3,0,0,TRUE
Female,Loyal Customer,61,Personal Travel,Eco,594,4,5,4,1,2,4,4,3,3,4,2,1,1,2.92,0,3,FALSE
Female,Loyal Customer,20,Business Travel,Eco Plus,1460,2,4,4,4,2,2,3,2,1,5,4,2,2,2.85,15,9,FALSE
Female,Loyal Customer,17,Business Travel,Business,3607,4,4,4,4,4,4,4,4,3,2,4,5,4,3.85,21,15,TRUE
Male,Loyal Customer,44,Business Travel,Business,1739,4,4,4,4,5,4,5,2,2,2,2,4,4,3.54,1,6,TRUE
Female,Loyal Customer,60,Business Travel,Business,853,3,5,5,5,4,3,4,3,3,2,3,2,4,3.54,0,0,FALSE
Female,Loyal Customer,60,Business Travel,Business,2500,5,1,1,1,4,4,3,5,5,4,5,3,1,3.23,6,5,FALSE
Male,Loyal Customer,42,Personal Travel,Eco,362,2,5,2,4,3,2,3,3,5,4,5,5,3,3.54,6,0,FALSE
Male,Loyal Customer,42,Business Travel,Business,2288,5,5,4,5,4,4,4,4,4,4,4,1,5,4.08,1,4,TRUE
Male,Loyal Customer,40,Business Travel,Eco,192,3,3,3,3,3,3,3,3,2,3,5,5,3,3.23,47,36,TRUE
Male,Loyal Customer,24,Personal Travel,Eco,2296,2,5,1,4,1,1,1,1,5,2,3,4,1,2.38,20,0,FALSE
Male,Loyal Customer,65,Business Travel,Eco,109,5,3,3,3,5,5,5,5,5,4,5,4,5,4.38,0,0,TRUE
Female,Loyal Customer,51,Business Travel,Eco Plus,258,4,5,5,5,4,3,4,4,4,4,4,4,3,4.08,1,4,FALSE
Male,Loyal Customer,25,Personal Travel,Eco,67,2,5,2,2,5,2,1,5,4,5,5,5,5,3.69,9,8,FALSE
Male,Disloyal Customer,21,Business Travel,Eco,524,1,1,1,3,3,1,3,3,4,4,4,1,3,2.46,41,41,FALSE
Male,Loyal Customer,69,Personal Travel,Eco,804,3,3,3,2,3,3,3,3,3,3,2,3,3,2.85,136,136,FALSE
Male,Loyal Customer,64,Personal Travel,Eco,1608,1,5,1,3,2,1,2,2,3,5,4,4,2,2.69,0,0,FALSE
Female,Loyal Customer,32,Personal Travel,Eco,429,3,4,3,1,2,3,2,2,5,5,3,5,2,3.08,0,5,FALSE
Male,Loyal Customer,41,Business Travel,Business,456,1,1,2,1,2,5,5,5,5,5,5,5,3,3.46,0,0,TRUE
Female,Loyal Customer,35,Business Travel,Business,3810,2,2,2,2,3,4,5,5,5,5,5,4,5,3.77,0,0,TRUE
Male,Loyal Customer,29,Personal Travel,Eco,834,3,4,3,3,1,3,1,1,4,4,5,5,1,2.92,0,0,FALSE
Female,Loyal Customer,57,Business Travel,Business,1635,1,1,1,1,3,4,5,4,4,4,4,4,4,3.08,0,0,TRUE
Female,Loyal Customer,47,Business Travel,Eco Plus,170,3,2,2,2,3,4,3,4,4,3,4,4,2,3.08,53,62,FALSE
Male,Loyal Customer,27,Business Travel,Business,954,2,2,2,2,4,4,4,4,5,4,4,5,4,3.54,0,0,TRUE
Male,Loyal Customer,70,Business Travel,Business,1242,3,3,3,3,3,2,2,4,4,4,4,3,2,3.08,9,0,TRUE
Female,Loyal Customer,22,Business Travel,Business,3632,3,3,3,3,3,4,3,3,1,3,5,5,3,3.23,0,1,TRUE
Male,Loyal Customer,11,Business Travel,Business,1678,2,2,3,2,5,5,5,5,5,2,5,3,5,3.77,3,1,TRUE
Female,Loyal Customer,8,Personal Travel,Eco,405,2,3,1,4,4,1,4,4,1,2,1,3,4,2.62,11,30,FALSE
Male,Loyal Customer,21,Personal Travel,Eco,628,3,4,3,2,2,3,2,2,3,4,4,4,2,2.92,42,42,FALSE
Female,Loyal Customer,67,Personal Travel,Eco Plus,429,2,3,2,3,3,3,3,3,3,2,3,4,1,2.69,120,113,FALSE
Female,Disloyal Customer,23,Business Travel,Business,475,0,0,0,3,3,0,3,3,5,3,4,3,3,2.31,21,20,TRUE
Female,Loyal Customer,8,Personal Travel,Eco,325,3,4,3,3,2,3,2,2,5,1,1,5,2,2.77,0,0,FALSE
Female,Loyal Customer,21,Personal Travel,Eco,405,4,4,4,5,3,4,1,3,4,3,4,4,3,3.54,7,0,FALSE
Male,Loyal Customer,51,Personal Travel,Eco,2797,3,0,3,3,2,3,2,2,1,4,2,3,2,2.31,0,0,FALSE
Male,Loyal Customer,61,Personal Travel,Eco,1035,3,5,3,2,3,3,3,3,5,3,5,3,3,3.38,7,0,FALSE
Female,Loyal Customer,42,Personal Travel,Eco,471,4,4,4,1,3,4,4,4,4,4,4,5,5,3.85,14,15,FALSE
Female,Loyal Customer,39,Business Travel,Business,550,3,3,3,3,1,4,4,3,3,3,3,2,3,2.92,7,0,FALSE
Male,Loyal Customer,53,Business Travel,Business,2139,2,3,3,3,4,4,3,2,2,2,2,4,4,2.92,0,1,FALSE
Female,Loyal Customer,14,Personal Travel,Eco,2288,4,2,5,4,5,2,2,1,1,4,4,2,2,2.92,0,5,TRUE
Female,Loyal Customer,13,Personal Travel,Eco,802,5,5,5,3,1,5,1,1,3,2,4,3,1,3,88,86,TRUE
Male,Loyal Customer,56,Personal Travel,Eco,1242,3,5,3,3,4,3,4,4,3,2,4,5,4,3.62,0,3,FALSE
Male,Loyal Customer,40,Business Travel,Business,2085,3,3,5,3,5,4,4,5,5,5,5,5,5,4.38,12,0,TRUE
Female,Disloyal Customer,39,Business Travel,Business,404,5,5,5,1,1,5,4,1,4,3,5,3,1,3.31,0,1,TRUE
Male,Loyal Customer,43,Business Travel,Business,1121,4,4,4,4,5,1,2,4,4,4,4,2,5,3.62,0,0,TRUE
Female,Loyal Customer,33,Business Travel,Business,2367,3,3,3,3,3,2,2,3,3,3,3,4,3,2.92,0,15,FALSE
Male,Disloyal Customer,38,Business Travel,Eco,998,2,2,2,4,3,2,3,3,3,5,4,1,3,2.85,8,20,FALSE
Male,Loyal Customer,53,Business Travel,Business,1737,5,5,5,5,3,4,4,5,5,5,5,4,5,4.62,18,15,TRUE
Female,Loyal Customer,46,Business Travel,Eco Plus,2562,5,1,3,1,5,5,2,5,5,5,5,2,4,3.69,0,0,TRUE
Female,Loyal Customer,55,Personal Travel,Business,737,1,5,1,5,2,5,5,1,1,1,3,5,4,3,0,0,FALSE
Male,Loyal Customer,17,Personal Travel,Eco Plus,2405,3,4,3,4,2,3,2,2,3,2,3,1,2,2.62,0,0,FALSE
Female,Loyal Customer,50,Business Travel,Business,762,1,1,1,1,2,4,4,4,4,4,4,4,3,2.85,0,20,TRUE
Male,Loyal Customer,34,Business Travel,Eco,347,0,0,0,4,3,0,3,3,2,5,4,5,3,2.46,0,0,TRUE
Female,Disloyal Customer,38,Business Travel,Eco,765,2,2,2,3,5,2,4,5,1,5,4,1,5,3.15,23,6,FALSE
Male,Loyal Customer,23,Personal Travel,Eco,2586,2,2,2,4,5,2,5,5,1,3,4,1,5,3.15,0,0,FALSE
Female,Loyal Customer,29,Business Travel,Business,3933,4,4,4,4,3,3,3,3,1,3,1,3,3,3,26,0,TRUE
Male,Disloyal Customer,24,Business Travel,Eco,317,1,4,1,4,3,1,3,3,2,5,3,1,3,2.62,12,0,FALSE
Male,Loyal Customer,26,Personal Travel,Business,255,2,4,2,4,3,2,3,3,5,3,1,1,3,2.77,1,0,FALSE
Male,Disloyal Customer,47,Business Travel,Eco,899,3,3,3,1,3,3,3,3,4,5,2,4,3,3.08,0,0,FALSE
Male,Loyal Customer,40,Personal Travel,Business,409,3,4,3,3,5,5,5,1,1,3,1,5,3,3.23,0,63,FALSE
Male,Loyal Customer,59,Business Travel,Business,3010,0,0,0,3,2,4,5,2,2,2,2,4,3,2.23,0,2,TRUE
Male,Loyal Customer,45,Business Travel,Business,2451,1,1,1,1,5,1,3,2,2,2,2,5,3,2.23,3,0,TRUE
Male,Loyal Customer,47,Business Travel,Eco,116,2,3,5,3,1,2,1,1,1,3,3,2,1,2.15,0,0,TRUE
Male,Disloyal Customer,27,Business Travel,Business,1127,5,5,5,2,4,5,3,4,3,2,5,4,4,3.92,61,51,TRUE
Female,Loyal Customer,8,Personal Travel,Eco,997,4,3,4,3,1,4,1,1,4,1,5,2,1,2.62,10,0,FALSE
Female,Loyal Customer,27,Personal Travel,Eco Plus,236,4,5,4,3,5,4,3,5,5,3,1,1,5,3.69,3,0,FALSE
Female,Loyal Customer,38,Business Travel,Eco,323,2,2,2,2,2,2,2,3,2,3,3,2,2,2.23,136,133,FALSE
Female,Loyal Customer,43,Business Travel,Business,575,5,5,5,5,4,4,4,5,5,5,5,5,4,4.69,0,0,TRUE
Male,Loyal Customer,35,Personal Travel,Eco Plus,731,3,4,3,4,5,3,1,5,1,1,3,1,5,3,62,66,FALSE
Male,Disloyal Customer,25,Business Travel,Eco,143,0,3,0,4,2,0,5,2,4,1,4,5,2,2.46,0,0,TRUE
Female,Loyal Customer,47,Business Travel,Business,2272,2,2,2,2,2,5,4,4,4,4,4,4,4,3.31,0,1,TRUE
Male,Loyal Customer,7,Personal Travel,Eco,1120,1,4,1,3,3,1,3,3,5,1,4,3,3,2.69,130,119,FALSE
Male,Loyal Customer,41,Business Travel,Business,1616,5,5,5,5,5,4,4,5,5,5,5,3,5,4.69,23,28,TRUE
Male,Loyal Customer,42,Business Travel,Eco,412,5,4,4,4,4,5,4,4,5,5,1,5,4,4.15,35,45,TRUE
Female,Loyal Customer,43,Business Travel,Business,3965,1,1,1,1,5,5,4,5,5,5,5,5,4,3.62,14,2,TRUE
Female,Loyal Customer,55,Personal Travel,Eco,446,2,5,2,1,5,4,5,2,2,2,2,3,3,2.92,0,0,FALSE
Female,Loyal Customer,57,Business Travel,Business,1727,3,3,3,3,3,4,5,4,4,4,4,5,5,3.85,0,13,TRUE
Male,Loyal Customer,24,Business Travel,Business,723,3,1,1,1,3,3,3,3,1,5,3,2,3,2.46,1,0,FALSE
Female,Disloyal Customer,44,Business Travel,Business,666,3,3,3,5,5,3,5,5,3,2,5,3,5,3.85,67,68,FALSE
Female,Disloyal Customer,25,Business Travel,Eco,317,3,5,3,5,3,3,3,3,1,5,5,2,3,3.38,12,0,FALSE
Male,Disloyal Customer,37,Business Travel,Business,214,2,2,2,4,2,2,2,2,1,3,4,3,2,2.38,0,8,FALSE
Male,Loyal Customer,46,Personal Travel,Business,374,4,2,4,3,1,4,3,4,4,4,4,4,2,3.31,32,21,FALSE
Male,Loyal Customer,54,Personal Travel,Eco,247,3,5,3,3,1,3,1,1,4,3,4,4,1,2.77,6,3,FALSE
Female,Loyal Customer,42,Business Travel,Eco Plus,922,1,5,5,5,5,3,3,1,1,1,1,3,2,2.77,0,0,FALSE
Male,Loyal Customer,53,Business Travel,Eco,1065,2,5,1,5,2,2,2,2,2,3,4,3,2,2.69,10,47,FALSE
Male,Loyal Customer,10,Personal Travel,Eco,216,1,2,1,4,1,1,1,1,2,4,3,1,1,1.77,0,2,FALSE
Female,Loyal Customer,26,Business Travel,Business,533,4,4,4,4,4,4,4,4,1,4,3,2,4,3.54,0,0,FALSE
Male,Loyal Customer,43,Business Travel,Business,3574,5,5,5,5,2,5,5,5,5,5,5,4,4,4.62,0,0,TRUE
Male,Loyal Customer,41,Business Travel,Business,872,3,3,5,3,3,4,3,4,4,4,4,4,2,3.54,0,4,TRUE
Male,Loyal Customer,49,Business Travel,Business,472,3,3,3,3,4,2,2,4,4,4,4,5,2,3.31,98,102,TRUE
Female,Loyal Customer,42,Business Travel,Business,1587,2,4,4,4,5,4,4,2,2,2,2,2,2,3,0,0,FALSE
Male,Loyal Customer,43,Business Travel,Business,308,2,2,2,2,1,3,4,2,2,2,2,2,1,2.08,0,0,FALSE
Male,Loyal Customer,67,Personal Travel,Eco,836,4,4,4,3,3,4,5,3,4,2,3,2,3,3.38,10,7,FALSE
Male,Loyal Customer,65,Personal Travel,Eco,930,4,4,4,4,1,4,1,1,3,4,4,5,1,3.08,0,0,TRUE
Female,Loyal Customer,13,Personal Travel,Eco,569,5,3,5,1,2,5,1,2,5,4,4,1,2,3.08,0,0,TRUE
Female,Disloyal Customer,21,Business Travel,Eco,354,0,4,0,4,3,0,3,3,4,3,4,3,3,2.62,2,8,TRUE
Female,Loyal Customer,68,Personal Travel,Eco,639,3,5,3,4,5,5,5,4,4,3,4,4,3,4,0,0,FALSE
Female,Loyal Customer,44,Business Travel,Business,3915,1,2,2,2,5,3,2,4,4,3,1,3,4,2.77,0,0,FALSE
Female,Loyal Customer,39,Business Travel,Business,2004,2,3,3,3,5,3,4,2,2,2,2,3,3,2.85,9,11,FALSE
Male,Loyal Customer,63,Personal Travel,Eco,1065,3,5,4,5,3,4,3,3,5,4,5,4,3,3.92,1,0,FALSE
Female,Loyal Customer,61,Business Travel,Eco Plus,150,4,4,4,4,4,2,3,4,4,4,4,3,3,3.62,0,0,TRUE
Female,Loyal Customer,55,Personal Travel,Eco Plus,227,2,4,2,4,5,5,5,4,4,2,4,4,3,3.69,4,0,FALSE
Female,Loyal Customer,29,Personal Travel,Eco,192,4,5,4,4,2,4,5,2,3,3,4,5,2,3.62,0,2,FALSE
Male,Loyal Customer,49,Business Travel,Business,2799,4,4,5,4,5,5,4,5,5,5,5,5,4,4.62,0,0,TRUE
Female,Loyal Customer,36,Personal Travel,Eco,1164,5,4,4,3,1,4,1,1,4,2,3,3,1,2.77,1,0,TRUE
Male,Loyal Customer,39,Business Travel,Eco,236,3,2,2,2,3,3,3,3,1,4,4,4,3,2.85,0,4,TRUE
Female,Loyal Customer,37,Personal Travel,Business,2089,1,3,0,4,1,4,3,1,1,0,1,2,2,1.77,0,0,FALSE
Female,Loyal Customer,37,Business Travel,Eco,1448,5,3,3,3,5,5,5,5,5,4,3,2,5,4.08,0,0,TRUE
Male,Loyal Customer,53,Business Travel,Eco,1984,1,1,1,1,2,1,2,2,2,3,1,3,2,1.69,4,18,FALSE
Male,Loyal Customer,34,Business Travel,Eco,201,5,5,5,5,5,5,5,5,3,1,5,4,5,4.46,0,0,TRUE
Male,Loyal Customer,59,Business Travel,Eco,834,4,5,2,5,4,4,4,4,3,1,1,3,4,3.38,0,0,TRUE
Female,Loyal Customer,50,Business Travel,Business,2323,5,5,5,5,4,4,5,5,5,5,5,3,4,4.62,0,14,TRUE
Male,Loyal Customer,42,Personal Travel,Eco,472,3,4,3,3,5,3,4,5,1,1,1,3,5,3.15,13,44,FALSE
Female,Loyal Customer,49,Business Travel,Business,642,3,3,3,3,3,5,4,5,5,5,5,4,5,4.08,0,0,TRUE
Male,Loyal Customer,55,Personal Travel,Eco,605,3,4,3,1,3,3,4,3,3,5,5,3,3,3.31,0,0,FALSE
Male,Loyal Customer,47,Personal Travel,Eco,1136,2,1,2,2,4,2,4,4,1,5,1,3,4,2.69,0,4,FALSE
Male,Disloyal Customer,33,Business Travel,Eco,399,4,3,4,2,1,4,1,1,1,4,3,3,1,2.46,28,16,FALSE
Male,Loyal Customer,39,Business Travel,Business,306,5,5,5,5,5,4,4,5,5,5,5,3,4,4.62,0,8,TRUE
Female,Loyal Customer,42,Business Travel,Business,3431,3,3,3,3,2,5,5,5,5,5,5,5,5,4.15,0,11,TRUE
Female,Loyal Customer,20,Business Travel,Eco,990,2,5,5,5,2,3,2,2,2,4,3,4,2,3.15,8,2,FALSE
Female,Loyal Customer,38,Business Travel,Business,200,2,4,4,4,4,3,4,2,2,2,2,3,2,2.92,0,0,FALSE
Male,Loyal Customer,43,Business Travel,Business,922,4,4,4,4,2,4,4,3,3,3,3,5,5,3.69,28,27,TRUE
Female,Loyal Customer,41,Personal Travel,Eco,1192,2,4,2,3,3,2,3,3,4,1,3,4,3,2.85,2,0,FALSE
Male,Loyal Customer,16,Business Travel,Business,2435,1,3,3,3,1,1,1,1,3,3,4,4,1,2.23,0,0,FALSE
Female,Loyal Customer,73,Business Travel,Eco Plus,236,5,1,1,1,3,2,2,5,5,5,5,2,3,3.08,4,4,TRUE
Male,Loyal Customer,57,Business Travel,Business,2940,1,1,4,1,4,5,4,4,4,4,4,3,3,3.23,2,17,TRUE
Male,Loyal Customer,43,Business Travel,Business,1130,2,2,2,2,4,5,5,2,2,2,2,3,4,2.85,0,0,TRUE
Female,Loyal Customer,59,Personal Travel,Eco Plus,404,3,1,3,3,2,3,4,5,5,3,5,3,3,3.31,0,0,FALSE
Male,Disloyal Customer,30,Business Travel,Business,922,2,2,2,3,1,2,1,1,2,4,4,4,1,2.23,75,74,FALSE
Male,Loyal Customer,42,Business Travel,Business,3766,0,0,0,2,5,5,5,1,1,1,1,4,5,2.31,0,0,TRUE
Male,Disloyal Customer,17,Business Travel,Business,1747,5,5,5,4,4,5,4,4,4,5,4,5,4,4.46,1,0,TRUE
Male,Loyal Customer,52,Business Travel,Business,1590,2,2,2,2,3,4,5,4,4,4,4,4,3,3.31,30,19,TRUE
Male,Disloyal Customer,26,Business Travel,Business,554,3,3,3,2,4,3,4,4,5,5,5,4,4,3.77,10,4,FALSE
Male,Loyal Customer,13,Personal Travel,Eco Plus,2704,3,5,3,1,5,3,5,5,3,3,1,2,5,3.38,27,0,FALSE
Male,Loyal Customer,41,Business Travel,Business,2719,4,2,4,2,3,4,4,2,2,2,4,4,2,3,0,0,FALSE
Male,Loyal Customer,51,Personal Travel,Eco,299,2,5,2,2,5,2,5,5,4,4,5,5,5,3.92,7,8,FALSE
Female,Disloyal Customer,34,Business Travel,Eco,840,3,3,3,4,2,3,2,2,3,3,3,2,2,2.69,0,0,FALSE
Male,Loyal Customer,55,Business Travel,Business,2934,4,4,4,4,5,4,5,4,4,4,4,3,3,4,0,0,TRUE
Male,Loyal Customer,28,Business Travel,Business,2465,5,5,5,5,5,5,5,1,2,4,4,5,5,4.31,0,18,TRUE
Male,Loyal Customer,68,Business Travel,Business,247,0,0,0,3,5,4,4,2,2,2,2,3,4,2.38,0,0,TRUE
Male,Disloyal Customer,23,Business Travel,Eco,109,1,0,1,1,3,1,1,3,2,5,5,3,3,2.23,0,0,FALSE
Female,Disloyal Customer,8,Business Travel,Eco Plus,1014,3,2,3,4,1,3,1,1,3,5,4,4,1,2.69,0,11,FALSE
Female,Loyal Customer,68,Personal Travel,Eco,110,1,3,1,1,3,2,4,3,3,1,4,5,4,2.69,0,0,FALSE
Male,Loyal Customer,52,Business Travel,Business,323,5,5,5,5,5,5,5,5,5,5,5,5,4,4.92,0,3,TRUE
Male,Loyal Customer,49,Personal Travel,Eco Plus,679,4,2,4,3,2,4,2,2,1,4,2,2,2,2.62,0,0,TRUE
Female,Disloyal Customer,21,Business Travel,Eco,404,3,1,3,2,5,3,1,5,3,3,1,3,5,2.92,0,0,FALSE
Female,Loyal Customer,21,Personal Travel,Eco,1947,2,1,2,3,5,2,2,5,1,1,3,3,5,2.69,0,0,FALSE
Female,Loyal Customer,35,Personal Travel,Eco,1205,1,2,1,4,5,1,5,5,4,3,3,2,5,3.15,0,0,FALSE
Male,Loyal Customer,45,Business Travel,Business,414,4,4,4,4,2,4,4,4,4,4,4,5,3,3.85,13,6,TRUE
Male,Disloyal Customer,36,Business Travel,Eco,328,4,4,4,4,2,4,5,2,1,5,5,1,2,3.31,0,0,FALSE
Female,Loyal Customer,54,Business Travel,Eco Plus,862,4,2,2,2,1,4,2,4,4,4,4,1,2,2.77,0,0,TRUE
Female,Loyal Customer,43,Business Travel,Eco,515,4,3,3,3,4,2,4,3,3,4,3,3,5,3.38,0,0,TRUE
Male,Loyal Customer,60,Business Travel,Business,507,2,2,2,2,3,5,4,5,5,5,5,3,3,3.54,0,0,TRUE
Female,Disloyal Customer,17,Business Travel,Business,270,4,4,4,3,3,4,3,3,3,5,4,3,3,3.54,0,0,TRUE
Female,Loyal Customer,30,Personal Travel,Eco,315,2,5,1,1,4,1,4,4,5,5,1,5,4,3.23,80,74,FALSE
Male,Loyal Customer,62,Business Travel,Eco,115,5,4,4,4,4,5,4,4,3,5,2,2,4,3.85,0,0,TRUE
Female,Loyal Customer,51,Personal Travel,Eco Plus,216,2,0,2,3,2,4,4,1,1,2,1,5,5,2.46,69,68,FALSE
Male,Loyal Customer,64,Personal Travel,Eco,773,1,4,1,3,1,1,4,1,2,5,3,3,1,2.31,108,107,FALSE
Female,Loyal Customer,8,Personal Travel,Eco,835,1,5,1,1,2,1,2,2,3,5,5,3,2,2.54,0,0,FALSE
Female,Disloyal Customer,24,Business Travel,Eco,748,4,4,4,3,1,4,1,1,4,5,5,3,1,3.08,0,0,TRUE
Female,Loyal Customer,40,Business Travel,Business,1750,4,3,5,3,4,4,4,4,4,4,4,2,2,3.62,8,0,FALSE
Female,Loyal Customer,38,Business Travel,Eco,1195,4,2,2,2,4,4,4,4,2,2,5,3,4,3.23,15,5,TRUE
Male,Loyal Customer,35,Business Travel,Eco,1076,4,1,2,1,4,4,4,4,2,5,1,2,4,2.92,0,0,TRUE
Male,Disloyal Customer,40,Business Travel,Business,587,4,4,4,3,1,4,1,1,4,3,4,5,1,3,0,0,TRUE
Female,Disloyal Customer,41,Business Travel,Business,612,3,3,3,3,1,3,1,1,5,3,4,4,1,2.69,35,37,TRUE
Female,Loyal Customer,20,Personal Travel,Eco,888,3,5,3,2,2,3,2,2,4,3,5,4,2,3.08,0,0,FALSE
Male,Loyal Customer,51,Business Travel,Business,226,1,1,1,1,5,4,5,5,5,5,5,3,3,3.38,0,3,TRUE
Male,Loyal Customer,25,Business Travel,Business,3722,4,4,4,4,4,4,4,4,2,4,4,3,4,3.77,29,29,TRUE
Male,Disloyal Customer,38,Business Travel,Eco,986,1,1,1,1,3,1,3,3,3,2,1,4,3,2.08,0,0,FALSE
Male,Disloyal Customer,38,Business Travel,Business,370,2,3,3,1,2,3,2,2,4,2,4,3,2,2.54,17,35,TRUE
Female,Loyal Customer,61,Business Travel,Eco,302,4,3,3,3,4,2,4,4,4,4,4,4,4,3.62,0,0,TRUE
Male,Disloyal Customer,20,Business Travel,Business,333,0,0,0,4,4,0,4,4,3,4,4,4,4,2.69,40,28,TRUE
Male,Loyal Customer,43,Business Travel,Business,2971,3,2,2,2,4,2,2,3,3,3,3,4,4,2.85,0,0,FALSE
Female,Loyal Customer,10,Personal Travel,Eco,181,4,2,4,3,5,4,5,5,4,3,4,4,5,4,0,0,FALSE
Male,Loyal Customer,34,Business Travel,Business,3356,2,2,2,2,3,4,4,4,4,4,4,2,4,3.15,5,4,TRUE
Female,Loyal Customer,38,Business Travel,Business,209,1,1,1,1,5,5,2,4,4,4,5,4,3,3.08,0,0,TRUE
Male,Loyal Customer,42,Business Travel,Business,1558,4,4,4,4,3,5,5,5,5,5,5,4,4,4.38,2,0,TRUE
Male,Disloyal Customer,25,Business Travel,Business,237,1,5,1,2,5,1,5,5,5,3,5,4,5,3.62,1,0,FALSE
Male,Loyal Customer,47,Personal Travel,Eco,802,1,4,0,4,0,3,3,3,3,4,5,3,3,2.77,139,149,FALSE
Female,Loyal Customer,44,Business Travel,Business,2586,3,3,3,3,4,4,4,5,2,5,4,4,4,3.69,47,47,TRUE
Male,Loyal Customer,26,Business Travel,Business,2065,1,1,1,1,3,3,3,3,4,2,5,4,3,2.62,10,1,TRUE
Male,Disloyal Customer,35,Business Travel,Business,1824,2,2,2,3,3,2,3,3,4,4,3,4,3,2.92,3,0,FALSE
Male,Loyal Customer,36,Business Travel,Business,3931,3,3,4,3,1,3,3,3,3,3,3,2,1,2.69,0,0,FALSE
Male,Loyal Customer,39,Business Travel,Business,3528,2,2,3,2,3,5,4,4,4,5,4,3,5,3.54,0,0,TRUE
Female,Loyal Customer,56,Personal Travel,Eco,1721,4,5,5,4,5,5,4,2,2,5,2,3,4,3.85,0,0,FALSE
Female,Loyal Customer,49,Personal Travel,Eco Plus,2419,1,1,0,2,0,4,4,1,1,3,3,4,4,2.15,0,0,FALSE
Female,Loyal Customer,68,Personal Travel,Eco,1084,4,5,3,1,5,4,5,4,4,3,4,4,4,3.85,0,0,FALSE
Female,Loyal Customer,49,Business Travel,Business,373,2,3,2,2,3,4,4,3,3,3,3,5,5,3.23,0,0,TRUE
Female,Loyal Customer,51,Personal Travel,Eco,862,2,4,2,3,5,3,2,1,1,2,1,4,2,2.46,35,27,FALSE
Female,Loyal Customer,58,Business Travel,Eco Plus,438,4,3,3,3,1,1,2,4,4,4,4,4,4,3.15,0,0,TRUE
Female,Loyal Customer,45,Business Travel,Business,2475,1,1,1,1,3,4,4,4,4,4,4,4,5,3.08,0,0,TRUE
Male,Disloyal Customer,20,Business Travel,Eco,228,2,3,2,4,1,2,1,1,3,3,4,3,1,2.31,12,9,FALSE
Female,Loyal Customer,36,Business Travel,Business,334,4,4,4,4,4,5,5,4,4,4,4,3,4,4.08,11,2,TRUE
Female,Loyal Customer,48,Business Travel,Eco,721,3,4,4,4,1,5,1,3,3,3,3,1,4,3,0,0,TRUE
Female,Disloyal Customer,21,Business Travel,Eco,526,4,0,3,5,4,3,4,4,4,3,5,5,4,3.69,0,0,TRUE
Female,Disloyal Customer,17,Business Travel,Eco,946,3,3,3,4,3,3,3,3,5,3,4,5,3,3.46,0,0,FALSE
Male,Loyal Customer,36,Business Travel,Eco Plus,857,2,4,4,4,2,2,2,2,1,1,4,1,2,2.38,0,0,FALSE
Female,Loyal Customer,37,Business Travel,Business,1148,5,5,5,5,5,5,4,4,4,5,4,3,3,4.38,0,0,TRUE
Female,Loyal Customer,47,Personal Travel,Eco,867,2,1,2,4,5,3,3,2,2,2,2,1,4,2.54,1,7,FALSE
Male,Loyal Customer,56,Business Travel,Business,1503,4,4,5,4,2,4,4,5,5,5,5,4,3,4.15,0,5,TRUE
Male,Loyal Customer,8,Personal Travel,Eco,236,3,5,3,4,3,3,3,3,3,5,4,4,3,3.54,5,0,FALSE
Female,Loyal Customer,54,Personal Travel,Eco,101,2,3,2,5,1,5,3,4,4,2,4,1,2,2.92,0,0,FALSE
Female,Loyal Customer,47,Business Travel,Business,2661,3,4,4,4,2,4,3,3,3,3,3,2,3,3.15,0,0,FALSE
Male,Loyal Customer,59,Business Travel,Business,2104,4,4,4,4,3,4,5,4,4,4,4,3,5,4,4,0,TRUE
Male,Loyal Customer,57,Personal Travel,Eco,978,2,4,2,4,5,2,3,5,3,5,5,3,5,3.69,0,9,FALSE
Male,Disloyal Customer,23,Business Travel,Eco,1205,2,2,2,1,3,2,3,3,4,4,5,5,3,3,0,0,FALSE
Male,Loyal Customer,60,Personal Travel,Eco,1121,1,4,1,2,4,1,4,4,5,5,4,4,4,3.31,0,0,FALSE
Female,Loyal Customer,58,Personal Travel,Eco,495,3,1,3,2,2,2,2,3,3,3,2,4,4,2.62,0,0,FALSE
Male,Loyal Customer,57,Personal Travel,Eco,936,2,5,2,1,5,2,5,5,3,5,4,4,5,3.69,0,3,FALSE
Female,Loyal Customer,24,Business Travel,Eco Plus,913,5,1,1,1,5,5,3,5,3,5,1,5,5,3.46,0,0,TRUE
Male,Loyal Customer,44,Personal Travel,Eco,1865,3,3,3,3,5,3,5,5,3,5,4,1,5,3.69,0,0,FALSE
Male,Loyal Customer,19,Personal Travel,Eco,502,4,4,4,5,2,4,1,2,5,2,4,5,2,3.38,4,0,FALSE
Male,Loyal Customer,30,Business Travel,Eco,164,3,3,3,3,3,4,3,3,1,5,3,3,3,3.08,0,0,TRUE
Female,Loyal Customer,51,Personal Travel,Eco,761,2,4,2,2,4,4,5,3,3,2,3,4,5,3.31,1,0,FALSE
Female,Loyal Customer,46,Personal Travel,Eco,571,4,4,4,1,4,5,5,5,5,4,5,3,4,4.08,23,28,FALSE
Male,Loyal Customer,9,Personal Travel,Eco,235,3,4,3,5,2,3,2,2,4,2,5,5,2,3.23,0,0,FALSE
Male,Loyal Customer,46,Personal Travel,Eco,1931,3,4,3,1,2,3,2,2,3,5,3,5,2,2.92,0,0,FALSE
Male,Loyal Customer,26,Personal Travel,Eco Plus,646,2,5,2,4,5,2,3,5,1,1,5,3,5,3.31,0,0,FALSE
Female,Disloyal Customer,20,Business Travel,Eco,109,3,3,3,4,3,3,3,3,3,4,3,3,3,3.15,0,0,FALSE
Male,Loyal Customer,59,Business Travel,Business,1303,1,3,1,1,4,5,5,5,5,5,5,4,5,3.77,0,0,TRUE
Female,Loyal Customer,67,Personal Travel,Eco Plus,888,3,4,3,3,5,5,4,5,5,3,5,4,5,4.15,8,2,FALSE
Male,Loyal Customer,36,Business Travel,Business,603,1,1,1,1,5,5,4,4,4,4,4,4,3,3.15,0,0,TRUE
Female,Loyal Customer,52,Personal Travel,Business,631,2,3,2,3,3,3,4,5,5,2,5,5,4,3.54,0,1,FALSE
Male,Loyal Customer,18,Personal Travel,Eco,163,4,5,4,3,3,4,3,3,3,3,4,4,3,3.54,19,16,FALSE
Female,Disloyal Customer,49,Business Travel,Business,213,2,2,2,4,5,2,5,5,4,4,4,3,5,3.62,20,21,FALSE
Female,Loyal Customer,48,Business Travel,Business,3689,0,5,0,2,2,4,1,5,5,5,5,5,1,3.08,0,0,TRUE
Male,Loyal Customer,19,Business Travel,Business,1046,4,5,5,5,4,3,4,4,1,2,3,1,4,3.46,31,25,FALSE
Male,Loyal Customer,52,Personal Travel,Eco,351,1,3,1,4,2,1,2,2,3,2,3,3,2,2.23,0,11,FALSE
Female,Loyal Customer,63,Personal Travel,Eco,725,4,4,5,5,2,1,4,3,3,5,5,4,5,3.85,3,0,FALSE
Male,Disloyal Customer,24,Business Travel,Eco,1076,2,2,2,4,3,2,3,3,1,1,4,4,3,2.62,0,0,FALSE
Male,Disloyal Customer,37,Business Travel,Business,2504,4,4,4,3,5,4,5,5,5,3,4,3,5,4.15,0,0,FALSE
Male,Loyal Customer,13,Personal Travel,Eco,444,2,5,2,1,3,2,3,3,3,5,5,4,3,3.15,0,1,FALSE
Male,Loyal Customer,52,Business Travel,Business,1773,2,5,5,5,4,2,2,2,2,2,2,1,3,2.85,3,0,FALSE
Male,Loyal Customer,50,Business Travel,Business,1656,0,0,0,5,4,4,5,2,2,2,2,4,5,2.69,15,15,TRUE
Male,Loyal Customer,12,Personal Travel,Eco,177,4,5,4,1,3,4,3,3,4,4,5,3,3,3.54,0,6,FALSE
Female,Loyal Customer,42,Business Travel,Business,2380,4,4,4,4,5,4,4,5,5,5,5,4,5,4.46,0,0,TRUE
Female,Disloyal Customer,21,Business Travel,Business,1587,4,1,4,4,3,4,3,3,4,4,4,3,3,3.38,0,0,FALSE
Male,Loyal Customer,27,Personal Travel,Eco,918,4,4,4,2,2,4,2,2,5,5,5,3,2,3.38,0,0,FALSE
Male,Loyal Customer,37,Personal Travel,Eco Plus,191,1,4,1,5,2,1,2,2,5,3,5,4,2,2.85,0,0,FALSE
Female,Loyal Customer,24,Business Travel,Business,1464,2,2,2,2,4,4,4,4,1,4,5,1,4,3,0,0,TRUE
Male,Loyal Customer,72,Business Travel,Business,3583,1,4,4,4,1,3,3,1,1,1,1,4,2,2.31,0,0,FALSE
Male,Loyal Customer,43,Personal Travel,Eco Plus,522,2,4,2,3,5,2,5,5,5,2,5,5,5,3.85,0,0,FALSE
Male,Disloyal Customer,44,Business Travel,Business,1400,4,4,4,1,2,4,2,2,5,4,5,5,2,3.38,0,0,FALSE
Female,Loyal Customer,50,Business Travel,Business,1647,4,4,4,4,2,5,4,3,3,3,3,4,5,3.69,0,0,TRUE
Male,Loyal Customer,64,Personal Travel,Eco,1660,2,5,2,3,5,2,5,5,3,2,5,3,5,3.62,0,44,FALSE
Male,Loyal Customer,41,Personal Travel,Eco,419,4,2,4,3,4,4,3,4,1,2,3,1,4,3,20,18,FALSE
Female,Loyal Customer,34,Personal Travel,Eco,328,2,0,2,2,4,2,4,4,5,4,4,3,4,3.08,0,5,FALSE
Male,Loyal Customer,48,Business Travel,Eco,862,3,1,1,1,3,3,3,3,1,4,4,1,3,2.38,2,0,FALSE
Male,Loyal Customer,39,Personal Travel,Eco,1235,3,2,3,4,5,3,5,5,3,4,4,1,5,3.62,1,18,FALSE
Male,Loyal Customer,9,Personal Travel,Eco,1598,1,4,1,3,4,1,2,4,3,5,5,4,4,3.15,0,0,FALSE
Female,Loyal Customer,52,Business Travel,Eco,419,5,3,2,2,3,5,5,5,5,5,5,3,2,3.85,0,1,TRUE
Male,Disloyal Customer,34,Business Travel,Business,647,4,4,4,1,2,4,2,2,3,2,4,5,2,3,0,0,FALSE
Female,Disloyal Customer,24,Business Travel,Eco,315,3,1,3,3,5,3,5,5,3,3,3,3,5,3.46,73,109,FALSE
Male,Loyal Customer,40,Personal Travel,Eco,157,3,5,3,2,1,3,1,1,5,2,5,5,1,2.85,0,0,FALSE
Male,Loyal Customer,51,Personal Travel,Eco,972,1,4,1,2,1,1,1,1,4,4,5,3,1,2.23,5,0,FALSE
Male,Loyal Customer,58,Business Travel,Eco,278,2,5,5,5,2,2,2,2,2,3,1,2,2,2.69,9,9,FALSE
Male,Loyal Customer,39,Business Travel,Eco,416,5,2,2,2,5,5,5,5,4,5,2,1,5,3.69,0,0,TRUE
Male,Disloyal Customer,32,Business Travel,Eco,382,4,0,4,4,1,4,1,1,3,1,2,3,1,2.23,81,58,FALSE
Male,Loyal Customer,71,Business Travel,Eco Plus,645,1,1,1,1,1,1,1,1,2,1,4,1,1,1.31,0,0,FALSE
Female,Loyal Customer,62,Business Travel,Business,1747,2,2,2,2,2,5,4,3,3,3,3,4,4,3,0,0,TRUE
Female,Loyal Customer,38,Business Travel,Business,1516,1,1,1,1,3,4,5,4,4,4,4,4,4,3.08,3,2,TRUE
Male,Loyal Customer,44,Business Travel,Business,270,2,2,2,2,3,4,5,4,4,4,4,3,3,3.23,0,0,TRUE
Male,Loyal Customer,36,Business Travel,Eco,431,1,3,3,3,1,1,1,1,4,4,3,2,1,2.15,7,0,FALSE
Male,Disloyal Customer,24,Business Travel,Eco,489,3,4,3,4,4,3,4,4,2,3,3,4,4,3.46,0,0,FALSE
Female,Loyal Customer,53,Business Travel,Business,2959,3,3,3,3,5,5,4,5,5,5,5,5,3,4.15,7,12,TRUE
Female,Loyal Customer,40,Business Travel,Eco,102,5,1,1,1,5,5,5,5,1,4,4,3,5,3.46,4,5,TRUE
Female,Loyal Customer,40,Business Travel,Business,158,4,4,4,4,4,5,4,5,4,4,5,4,4,4.23,116,135,TRUE
Female,Loyal Customer,58,Personal Travel,Eco Plus,102,4,4,4,4,4,1,5,1,1,4,1,3,2,2.92,0,0,FALSE
Male,Loyal Customer,17,Personal Travel,Eco,1173,3,4,3,3,4,3,4,4,4,3,5,4,4,3.69,0,0,FALSE
Female,Loyal Customer,44,Business Travel,Business,3908,4,4,4,4,4,4,5,4,4,4,4,4,3,4,19,10,TRUE
Female,Loyal Customer,55,Business Travel,Business,2121,5,5,5,5,3,5,5,5,5,5,5,5,4,4.77,0,32,TRUE
Female,Loyal Customer,15,Personal Travel,Eco,462,3,5,4,3,2,4,2,2,3,4,5,5,2,3.38,0,0,FALSE
Female,Loyal Customer,51,Business Travel,Eco,328,3,2,4,4,1,4,4,3,3,3,3,3,2,3,0,0,FALSE
Male,Loyal Customer,33,Personal Travel,Eco,296,2,5,3,3,3,3,3,3,5,3,4,4,3,3.38,0,0,FALSE
Female,Loyal Customer,46,Business Travel,Business,712,2,3,3,3,5,3,3,2,2,2,2,1,2,2.54,0,0,FALSE
Male,Loyal Customer,56,Business Travel,Business,2289,4,1,4,4,4,4,4,4,4,4,4,4,3,3.69,0,0,TRUE
Male,Loyal Customer,40,Business Travel,Business,672,3,3,5,3,2,5,5,5,5,4,5,4,3,4,27,25,TRUE
Male,Loyal Customer,48,Business Travel,Business,337,3,3,3,3,2,5,5,3,3,4,3,4,4,3.46,23,18,TRUE
Female,Loyal Customer,36,Personal Travel,Eco,423,3,4,3,4,3,3,3,3,4,5,4,4,3,3.54,0,0,FALSE
Male,Loyal Customer,47,Business Travel,Business,2072,4,4,4,4,3,5,5,5,5,4,5,4,3,4.23,0,1,TRUE
Male,Loyal Customer,35,Business Travel,Business,1864,3,3,3,3,4,5,4,2,2,2,2,2,4,3,0,0,TRUE
Female,Disloyal Customer,40,Business Travel,Business,748,5,5,5,3,4,5,4,4,3,5,4,5,4,4.31,0,0,TRUE
Female,Loyal Customer,21,Personal Travel,Eco Plus,425,2,4,2,3,3,2,5,3,3,4,4,1,3,3,0,0,FALSE
Male,Loyal Customer,32,Business Travel,Business,3685,4,4,4,4,4,4,5,4,1,3,4,5,4,3.85,0,0,TRUE
Female,Loyal Customer,21,Personal Travel,Eco,391,2,5,2,1,3,2,1,3,5,5,4,5,3,3.15,2,0,FALSE
Male,Loyal Customer,54,Personal Travel,Eco,817,2,2,2,4,2,2,2,2,1,4,3,2,2,2.31,0,0,FALSE
Male,Disloyal Customer,25,Business Travel,Business,130,1,0,1,4,1,1,1,1,3,4,4,3,1,1.92,12,21,FALSE
Female,Disloyal Customer,34,Business Travel,Business,1892,3,3,3,3,3,3,3,3,5,4,4,5,3,3.46,0,0,FALSE
Male,Loyal Customer,50,Business Travel,Business,328,5,5,5,5,5,5,5,5,5,5,5,4,5,4.92,0,0,TRUE
Male,Loyal Customer,64,Personal Travel,Eco,304,4,5,4,4,2,4,2,2,2,1,3,3,2,2.92,0,0,TRUE
Male,Disloyal Customer,47,Business Travel,Eco,675,2,2,2,3,5,2,5,5,1,4,4,3,5,3.31,13,14,FALSE
Female,Loyal Customer,44,Personal Travel,Eco,933,2,4,1,1,3,4,4,5,5,1,5,4,5,3.38,1,0,FALSE
Female,Loyal Customer,48,Personal Travel,Eco,1145,2,1,2,3,2,4,4,4,4,2,4,3,1,2.77,0,5,FALSE
Female,Disloyal Customer,37,Business Travel,Eco,480,2,4,2,4,3,2,3,3,1,4,4,1,3,2.77,0,0,FALSE
Male,Loyal Customer,63,Personal Travel,Eco,1262,2,1,2,1,2,2,1,2,4,5,2,1,2,2.08,0,0,FALSE
Female,Loyal Customer,9,Personal Travel,Eco,1072,4,5,4,4,3,4,3,3,4,2,4,5,3,3.69,37,33,FALSE
Female,Disloyal Customer,36,Business Travel,Eco,680,1,2,2,3,5,2,5,5,3,4,3,2,5,3.23,0,13,FALSE
Male,Loyal Customer,53,Personal Travel,Eco,1222,5,3,5,3,2,5,4,2,1,2,4,1,2,3,0,0,TRUE
Female,Loyal Customer,15,Business Travel,Eco Plus,2173,3,5,5,5,3,3,1,3,2,4,2,4,3,3.31,0,0,FALSE
Female,Loyal Customer,42,Business Travel,Business,689,1,1,1,1,2,2,3,4,4,4,4,1,2,2.31,113,120,TRUE
Female,Loyal Customer,27,Personal Travel,Eco,1167,1,5,1,1,3,1,3,3,5,5,5,5,3,3.15,0,0,FALSE
Male,Loyal Customer,41,Business Travel,Business,3718,0,1,1,3,1,2,2,5,5,5,5,1,3,2.62,2,0,TRUE
Female,Loyal Customer,22,Business Travel,Eco,522,5,2,2,2,5,5,5,5,2,2,2,2,5,3.38,0,21,TRUE
Female,Disloyal Customer,37,Business Travel,Business,533,2,2,2,1,5,2,5,5,4,3,5,4,5,3.46,1,0,FALSE
Female,Loyal Customer,7,Personal Travel,Eco,236,1,5,1,4,3,1,3,3,2,2,1,3,3,2.46,0,0,FALSE
Male,Loyal Customer,19,Personal Travel,Eco,283,2,4,2,1,1,2,2,1,1,4,5,2,1,2.15,0,0,FALSE
Female,Loyal Customer,36,Personal Travel,Eco,987,3,4,2,2,2,2,2,2,5,2,4,3,2,2.69,0,0,FALSE
Female,Disloyal Customer,36,Business Travel,Eco Plus,223,2,3,3,4,3,3,3,3,4,1,3,2,3,2.85,11,1,FALSE
Male,Disloyal Customer,23,Business Travel,Business,166,0,2,0,3,2,2,2,2,4,3,4,3,2,2.23,0,0,TRUE
Female,Disloyal Customer,37,Business Travel,Eco Plus,251,1,1,1,3,1,1,1,1,3,4,3,4,1,1.92,13,11,FALSE
Male,Loyal Customer,34,Business Travel,Business,2106,1,2,1,1,4,5,4,4,4,4,4,1,3,2.92,6,0,TRUE
Male,Disloyal Customer,24,Business Travel,Eco,448,4,3,4,3,5,4,5,5,3,2,3,1,5,3.62,0,0,FALSE
Female,Loyal Customer,46,Business Travel,Eco,780,5,3,1,3,1,5,2,4,4,5,4,1,4,3.23,4,13,TRUE
Male,Loyal Customer,9,Business Travel,Eco Plus,1892,1,2,2,2,1,1,2,1,4,4,4,4,1,2.23,5,12,FALSE
Female,Loyal Customer,39,Business Travel,Business,3759,3,2,2,2,5,2,2,3,3,3,3,2,3,2.69,78,72,FALSE
Female,Loyal Customer,52,Business Travel,Eco Plus,188,5,5,5,5,1,1,4,5,5,5,5,2,3,3.92,0,0,TRUE
Female,Loyal Customer,59,Personal Travel,Eco,589,3,5,3,4,2,5,4,1,1,3,1,3,5,3.08,46,42,FALSE
Male,Loyal Customer,40,Personal Travel,Eco,2588,4,5,4,4,4,5,5,3,4,5,5,5,5,4.46,0,0,TRUE
Male,Loyal Customer,59,Business Travel,Business,569,4,4,4,4,3,5,5,5,5,5,5,4,3,4.31,0,0,TRUE
Female,Disloyal Customer,22,Business Travel,Business,486,5,0,4,3,1,4,1,1,5,3,5,5,1,2.92,24,14,TRUE
Male,Loyal Customer,48,Business Travel,Business,1698,4,1,2,1,4,2,2,4,4,3,4,3,3,2.85,0,0,FALSE
Female,Loyal Customer,52,Personal Travel,Business,666,4,4,4,4,2,3,3,4,4,4,4,5,3,3.69,0,10,FALSE
Female,Loyal Customer,58,Business Travel,Business,2299,1,1,1,1,4,4,4,4,4,4,4,4,5,3.15,0,0,TRUE
Male,Loyal Customer,14,Personal Travel,Eco,125,3,4,0,3,1,0,1,1,2,5,4,2,1,2.08,0,0,FALSE
Female,Disloyal Customer,23,Business Travel,Eco,928,3,3,3,3,2,3,4,2,2,2,4,2,2,2.69,11,17,FALSE
Female,Loyal Customer,42,Business Travel,Business,3608,4,2,4,4,2,4,5,5,5,5,5,4,4,4.08,19,58,TRUE
Female,Loyal Customer,60,Personal Travel,Eco,480,2,5,3,4,4,1,3,5,5,3,5,1,1,3.23,37,29,FALSE
Female,Loyal Customer,23,Business Travel,Business,2475,2,5,4,5,2,2,2,3,5,1,2,2,2,2.85,0,5,FALSE
Male,Loyal Customer,49,Business Travel,Business,2328,2,3,5,5,4,4,4,2,2,2,2,2,3,3.08,0,0,FALSE
Female,Loyal Customer,36,Personal Travel,Eco,130,4,4,4,3,4,4,4,4,3,3,3,4,4,3.69,2,0,TRUE
Female,Loyal Customer,64,Personal Travel,Eco,2504,3,4,3,3,3,2,4,2,2,3,2,1,1,2.54,0,0,FALSE
Male,Loyal Customer,59,Personal Travel,Eco,563,5,4,5,5,3,5,2,3,3,4,4,5,3,3.92,2,3,TRUE
Female,Disloyal Customer,22,Business Travel,Eco,511,2,0,2,4,1,2,1,1,5,4,4,3,1,2.31,0,0,FALSE
Female,Loyal Customer,37,Business Travel,Eco,1400,2,5,4,5,2,2,2,2,2,3,4,1,2,2.77,17,36,FALSE
Male,Loyal Customer,29,Business Travel,Business,2601,3,2,2,2,3,3,3,3,4,2,4,2,3,2.77,0,13,FALSE
Male,Loyal Customer,25,Personal Travel,Eco,599,3,5,4,3,5,4,5,5,2,5,1,5,5,4,0,0,FALSE
Male,Loyal Customer,40,Business Travel,Business,1597,4,4,4,4,5,5,5,3,3,3,3,5,5,4.08,15,21,TRUE
Female,Loyal Customer,22,Business Travel,Business,484,3,2,2,2,3,3,3,3,4,5,3,1,3,2.85,2,0,FALSE
Male,Loyal Customer,27,Business Travel,Business,2341,3,3,3,3,4,4,4,4,5,4,5,3,4,3.77,0,0,TRUE
Female,Loyal Customer,27,Business Travel,Eco Plus,694,4,1,1,1,4,4,4,4,3,2,5,2,4,3,0,0,TRUE
Male,Disloyal Customer,36,Business Travel,Business,255,2,3,3,4,4,3,4,4,5,3,5,5,4,3.77,7,7,FALSE
Female,Disloyal Customer,24,Business Travel,Business,201,3,1,3,4,3,3,3,3,2,4,4,3,3,3,28,30,FALSE
Female,Loyal Customer,29,Business Travel,Business,944,4,4,4,4,4,4,4,4,3,2,1,1,4,3.31,3,0,TRUE
Female,Loyal Customer,49,Business Travel,Eco,488,4,1,4,1,5,3,3,4,4,4,4,4,2,3.31,0,6,TRUE
Female,Loyal Customer,50,Business Travel,Business,1555,3,5,3,3,3,5,4,4,4,4,4,4,4,3.85,0,0,TRUE
Female,Loyal Customer,42,Business Travel,Business,3525,2,2,2,2,3,4,4,4,4,4,5,3,3,3.23,0,0,TRUE
Female,Loyal Customer,54,Business Travel,Business,3389,1,1,1,1,2,5,4,5,5,5,5,4,5,3.38,0,0,TRUE
Female,Loyal Customer,51,Business Travel,Business,2358,3,5,5,5,3,3,3,3,1,2,3,3,3,3.23,282,255,FALSE
Male,Loyal Customer,16,Business Travel,Eco Plus,671,4,2,2,2,4,4,5,4,5,4,5,2,4,3.62,0,1,TRUE
Male,Loyal Customer,26,Personal Travel,Eco,414,1,5,1,1,1,1,1,1,4,3,1,3,1,1.85,7,3,FALSE
Female,Disloyal Customer,32,Business Travel,Eco,451,4,1,5,3,3,5,3,3,1,5,3,1,3,3.08,0,0,FALSE
Female,Loyal Customer,46,Personal Travel,Eco,447,2,4,2,2,3,3,1,3,3,2,3,4,3,2.69,0,0,FALSE
Male,Loyal Customer,13,Personal Travel,Eco Plus,406,2,4,2,2,2,2,2,2,5,5,4,5,2,3,1,0,FALSE
Male,Disloyal Customer,63,Business Travel,Eco,89,3,0,2,1,1,2,1,1,1,5,5,4,1,2.08,0,0,FALSE
Female,Loyal Customer,23,Business Travel,Business,1939,5,5,2,5,4,4,4,4,5,5,5,5,4,4.38,31,63,TRUE
Female,Loyal Customer,60,Business Travel,Eco,869,3,5,5,5,4,3,3,3,3,3,3,3,3,3.54,24,35,FALSE
Male,Loyal Customer,52,Business Travel,Business,2238,1,1,1,1,2,4,4,4,4,4,4,4,4,2.92,0,0,TRUE
Female,Loyal Customer,41,Business Travel,Business,1582,4,4,4,4,2,1,3,4,4,4,3,3,5,3.46,0,0,TRUE
Male,Loyal Customer,52,Business Travel,Business,3999,2,2,5,2,5,4,5,4,4,4,4,5,5,3.92,0,0,TRUE
Male,Loyal Customer,44,Business Travel,Business,3630,2,2,2,2,2,4,5,4,4,4,4,4,4,3.31,60,57,TRUE
Male,Loyal Customer,41,Business Travel,Eco,2174,2,2,4,2,2,2,2,2,1,5,1,1,2,2.15,0,3,FALSE
Female,Loyal Customer,47,Business Travel,Eco,784,5,3,3,3,2,3,4,5,5,5,5,3,2,3.69,33,26,TRUE
Male,Loyal Customer,24,Personal Travel,Eco,529,2,4,2,2,4,2,4,4,4,3,4,4,4,3.31,0,0,FALSE
Female,Loyal Customer,8,Personal Travel,Eco,528,3,4,3,3,3,3,3,3,4,3,5,5,3,3.46,0,11,FALSE
Male,Loyal Customer,51,Business Travel,Business,1773,2,2,2,2,3,4,5,5,5,5,5,3,3,3.54,7,8,TRUE
Female,Loyal Customer,33,Business Travel,Business,1592,2,5,3,5,1,3,3,2,2,2,2,4,3,2.85,0,13,FALSE
Female,Loyal Customer,16,Business Travel,Business,2714,1,3,3,3,1,1,1,1,2,4,3,4,1,2.15,0,0,FALSE
Female,Loyal Customer,25,Personal Travel,Eco,114,2,3,2,1,3,2,1,3,4,4,4,1,3,2.54,3,23,FALSE
Male,Loyal Customer,66,Personal Travel,Eco,1276,3,5,3,1,5,3,5,5,4,2,3,5,5,3.77,0,0,FALSE
Female,Loyal Customer,14,Business Travel,Business,3421,2,1,1,1,2,2,2,2,3,2,3,2,2,1.92,1,0,FALSE
Male,Loyal Customer,44,Business Travel,Eco,833,4,2,2,2,4,4,4,4,4,3,3,4,4,3.38,246,247,FALSE
Female,Loyal Customer,15,Personal Travel,Business,395,3,4,3,2,5,3,4,5,5,2,1,2,5,3.38,0,0,FALSE
Female,Loyal Customer,60,Personal Travel,Eco Plus,1475,1,5,1,3,2,5,4,1,1,1,1,5,4,2.62,0,0,FALSE
Female,Loyal Customer,50,Business Travel,Business,2035,1,1,1,1,5,4,5,3,3,3,3,4,4,2.92,0,0,TRUE
Male,Loyal Customer,43,Business Travel,Business,1516,5,5,3,5,3,5,2,4,4,5,3,2,4,3.85,0,0,TRUE
Male,Loyal Customer,17,Personal Travel,Eco,516,3,5,3,1,1,3,1,1,3,4,4,3,1,2.54,86,73,FALSE
Male,Disloyal Customer,36,Business Travel,Eco,1020,2,2,2,2,3,2,3,3,3,2,2,4,3,2.54,20,17,FALSE
Male,Loyal Customer,41,Personal Travel,Eco Plus,563,2,4,2,4,2,2,2,2,5,5,5,3,2,3.08,23,24,FALSE
Male,Disloyal Customer,17,Business Travel,Eco,543,2,1,3,4,5,3,5,5,2,3,4,4,5,3.54,0,0,FALSE
Male,Loyal Customer,56,Business Travel,Business,895,4,4,4,4,2,5,5,5,5,5,5,5,3,4.31,0,5,TRUE
Female,Loyal Customer,70,Personal Travel,Eco,850,2,5,2,4,2,4,2,4,3,4,4,2,2,3.08,135,150,FALSE
Female,Loyal Customer,36,Business Travel,Eco,1012,1,3,4,3,1,1,1,1,4,4,3,1,1,2.15,3,0,FALSE
Female,Disloyal Customer,24,Business Travel,Eco,280,4,0,4,4,3,4,3,3,5,2,4,5,3,3.38,0,26,TRUE
Female,Loyal Customer,35,Personal Travel,Eco Plus,459,4,4,2,5,3,2,3,3,3,4,5,5,3,3.54,0,17,FALSE
Male,Loyal Customer,60,Business Travel,Business,838,1,4,4,4,1,2,2,1,1,1,1,3,4,2.23,0,0,FALSE
Female,Disloyal Customer,22,Business Travel,Eco,1337,1,1,1,3,5,1,5,5,2,3,3,4,5,3,23,17,FALSE
Male,Loyal Customer,61,Business Travel,Eco,125,4,1,1,1,4,4,4,4,3,4,3,2,4,3,16,14,TRUE
Female,Disloyal Customer,39,Business Travel,Business,281,4,4,4,3,3,4,3,3,4,3,4,5,3,3.62,24,20,FALSE
Female,Loyal Customer,25,Business Travel,Eco,308,1,4,4,4,1,1,3,1,1,3,3,3,1,2.31,0,13,FALSE
Male,Loyal Customer,38,Business Travel,Business,3463,5,5,5,5,1,4,5,5,5,5,5,2,2,4.15,0,0,TRUE
Male,Loyal Customer,52,Business Travel,Business,1727,4,4,3,4,3,1,5,4,4,4,4,5,3,3.69,0,5,TRUE
Male,Disloyal Customer,29,Business Travel,Eco,641,2,5,2,2,5,2,5,5,3,4,1,4,5,3.46,57,58,FALSE
Male,Loyal Customer,42,Business Travel,Eco,1216,2,3,2,3,3,2,3,3,5,2,2,4,3,2.85,0,0,TRUE
Female,Disloyal Customer,32,Business Travel,Business,404,2,3,3,5,5,3,1,5,4,2,4,5,5,3.62,0,0,FALSE
Male,Loyal Customer,57,Personal Travel,Eco Plus,589,2,4,2,3,5,2,5,5,2,2,1,2,5,3.08,65,60,FALSE
Male,Loyal Customer,26,Business Travel,Business,1621,5,5,5,5,2,2,2,2,3,2,5,5,2,3.46,0,0,TRUE
Female,Loyal Customer,42,Personal Travel,Eco,187,3,1,0,2,1,2,2,4,4,0,4,1,1,1.92,0,0,FALSE
Male,Loyal Customer,16,Personal Travel,Eco,957,5,5,4,1,5,4,5,5,5,5,5,5,5,4.54,0,0,TRUE
Male,Disloyal Customer,25,Business Travel,Eco,666,1,0,1,1,2,1,5,2,4,1,3,1,2,1.85,18,18,FALSE
Male,Disloyal Customer,17,Business Travel,Eco,817,0,0,0,2,5,0,5,5,4,3,5,4,5,2.92,1,0,TRUE
Male,Loyal Customer,42,Business Travel,Eco,304,3,2,5,5,3,3,3,3,2,4,3,4,3,3.31,0,0,FALSE
Male,Loyal Customer,44,Business Travel,Business,515,2,2,2,2,2,4,4,4,4,4,4,5,4,3.31,1,1,TRUE
Male,Disloyal Customer,37,Personal Travel,Eco,577,5,4,5,1,1,5,1,1,5,2,5,5,1,3.15,20,24,TRUE
Male,Loyal Customer,36,Business Travel,Eco Plus,337,3,1,3,3,3,3,3,3,1,1,2,2,3,2.38,9,10,FALSE
Female,Disloyal Customer,42,Business Travel,Eco,908,1,1,1,4,1,1,1,3,5,2,4,1,1,2,0,61,FALSE
Male,Loyal Customer,40,Personal Travel,Eco,158,3,5,3,2,5,3,1,5,5,3,1,1,5,3.23,96,81,FALSE
Female,Loyal Customer,25,Business Travel,Business,900,4,4,4,4,5,5,5,5,3,1,3,2,5,3.85,33,16,TRUE
Male,Loyal Customer,49,Business Travel,Business,519,5,5,5,5,5,4,4,5,5,5,5,3,3,4.54,1,0,TRUE
Female,Disloyal Customer,23,Business Travel,Eco,317,3,0,3,4,1,3,1,1,1,3,3,3,1,2.08,67,57,FALSE
Female,Loyal Customer,41,Business Travel,Business,1927,1,1,1,1,2,3,5,2,2,2,2,3,5,2.31,0,0,TRUE
Female,Loyal Customer,10,Personal Travel,Eco,2704,2,3,2,4,3,2,3,3,1,5,4,3,3,2.92,1,0,FALSE
Female,Disloyal Customer,30,Business Travel,Eco,634,3,2,3,3,3,4,4,4,5,3,4,4,4,3.54,141,150,FALSE
Female,Loyal Customer,51,Business Travel,Business,337,1,1,1,1,5,4,5,4,4,4,4,3,5,3.23,0,0,TRUE
Male,Loyal Customer,58,Personal Travel,Eco,192,2,5,2,1,1,2,3,1,4,3,4,4,1,2.54,26,23,FALSE
Male,Disloyal Customer,27,Business Travel,Eco,376,2,1,2,4,4,2,2,4,2,2,4,2,4,2.69,82,84,FALSE
Female,Loyal Customer,39,Personal Travel,Eco,645,3,4,3,2,4,3,3,4,3,3,4,3,4,3.31,0,0,FALSE
Male,Loyal Customer,57,Business Travel,Business,643,2,2,3,2,2,4,4,4,4,4,4,3,3,3.15,33,24,TRUE
Female,Loyal Customer,22,Business Travel,Business,937,3,1,1,1,3,3,3,3,2,5,3,1,3,2.46,25,10,FALSE
Female,Loyal Customer,43,Business Travel,Business,2572,3,2,3,3,2,5,5,4,4,4,4,4,5,3.69,0,0,TRUE
Male,Loyal Customer,46,Personal Travel,Eco Plus,594,4,5,3,4,5,3,5,5,2,3,5,4,5,4.08,0,0,FALSE
Male,Loyal Customer,11,Personal Travel,Eco,812,3,1,3,4,2,3,2,2,1,5,3,1,2,2.46,45,42,FALSE
Male,Loyal Customer,66,Business Travel,Business,3031,2,4,4,4,2,3,3,2,2,2,2,4,2,2.77,0,0,FALSE
Male,Loyal Customer,61,Personal Travel,Eco,125,3,4,3,4,3,3,3,3,1,3,3,1,3,2.85,67,71,FALSE
Female,Loyal Customer,46,Business Travel,Business,867,2,2,2,2,4,3,4,2,2,2,2,4,3,2.62,0,13,FALSE
Male,Loyal Customer,40,Business Travel,Business,967,5,5,5,5,3,4,4,2,2,2,2,4,3,3.54,0,0,TRUE
Male,Loyal Customer,32,Business Travel,Business,2171,3,3,3,3,4,4,4,4,5,2,5,4,4,3.69,0,12,TRUE
Male,Loyal Customer,44,Business Travel,Business,213,0,4,0,5,5,4,4,5,5,5,5,5,3,3.85,0,5,TRUE
Female,Loyal Customer,40,Business Travel,Eco,129,4,1,1,1,4,4,4,4,2,3,3,2,4,2.85,19,25,FALSE
Female,Disloyal Customer,37,Business Travel,Eco,223,2,1,2,4,4,2,3,4,2,5,4,4,4,3.15,0,0,FALSE
Female,Loyal Customer,27,Business Travel,Business,1740,3,3,3,3,2,3,2,2,5,4,4,2,2,2.92,4,0,TRUE
Female,Loyal Customer,48,Personal Travel,Eco Plus,1076,3,2,3,3,3,4,3,5,5,3,5,3,3,3.46,0,0,FALSE
Male,Loyal Customer,31,Business Travel,Business,3365,2,2,2,2,4,4,4,3,3,3,5,4,4,3.23,61,78,TRUE
Female,Loyal Customer,67,Business Travel,Eco Plus,1276,1,2,4,2,5,4,3,1,1,1,1,2,2,2.23,33,33,FALSE
Female,Loyal Customer,40,Business Travel,Business,1501,4,4,5,4,3,4,5,4,4,4,4,5,4,4.15,0,0,TRUE
Male,Loyal Customer,35,Business Travel,Business,3175,3,4,4,4,1,4,3,3,3,3,3,2,1,2.92,0,11,FALSE
Male,Loyal Customer,47,Personal Travel,Eco,1119,2,4,2,4,4,2,4,4,1,5,3,4,4,3.31,56,60,FALSE
Male,Loyal Customer,40,Business Travel,Business,4000,3,3,3,3,4,5,4,4,4,4,4,3,5,3.77,2,3,TRUE
Female,Loyal Customer,56,Business Travel,Eco,436,5,3,3,3,5,4,3,4,4,5,4,3,1,3.62,0,0,TRUE
Female,Loyal Customer,28,Personal Travel,Eco,110,2,1,2,3,4,2,4,4,4,1,4,2,4,2.85,0,0,FALSE
Male,Loyal Customer,46,Business Travel,Business,2859,3,3,3,3,4,5,4,4,4,4,4,3,5,3.77,0,0,TRUE
Male,Loyal Customer,12,Business Travel,Business,867,5,5,5,5,3,4,3,3,5,4,5,5,3,4.23,0,0,TRUE
Male,Loyal Customer,49,Business Travel,Business,2342,0,4,0,3,3,3,1,1,1,1,1,4,5,2.08,0,3,TRUE
Male,Loyal Customer,26,Business Travel,Business,919,2,2,1,2,5,5,5,5,3,4,5,3,5,3.62,0,6,TRUE
Male,Disloyal Customer,11,Business Travel,Eco,888,3,3,3,4,1,3,1,1,1,4,3,1,1,2.23,31,64,FALSE
Female,Loyal Customer,55,Personal Travel,Eco,2367,2,5,1,4,3,4,5,5,5,1,5,3,4,3.62,0,0,FALSE
Male,Loyal Customer,53,Personal Travel,Eco,674,1,5,1,2,4,1,4,4,3,4,4,5,4,3.23,45,41,FALSE
Male,Loyal Customer,41,Business Travel,Business,301,2,1,1,1,3,4,4,2,2,2,2,1,2,2.08,6,21,FALSE
Female,Loyal Customer,25,Business Travel,Eco,689,3,1,1,1,3,3,3,3,3,4,4,1,3,2.54,27,18,FALSE
Female,Loyal Customer,50,Personal Travel,Eco,954,0,4,0,1,2,5,5,2,2,0,2,5,3,2.38,0,1,TRUE
Female,Loyal Customer,15,Personal Travel,Eco,967,3,4,3,2,3,3,3,3,3,3,4,3,3,3.08,0,52,FALSE
Male,Disloyal Customer,25,Business Travel,Eco,780,3,3,3,3,1,3,1,1,2,3,3,3,1,2.31,3,7,FALSE
Female,Disloyal Customer,21,Business Travel,Eco,545,1,0,1,4,4,1,4,4,3,4,4,4,4,2.92,0,4,FALSE
Male,Loyal Customer,44,Business Travel,Business,3416,2,2,2,2,1,3,3,3,3,3,2,4,3,2.54,0,0,FALSE
Female,Disloyal Customer,28,Business Travel,Eco,391,2,3,2,1,1,2,1,1,2,2,5,2,1,1.92,18,42,FALSE
Female,Loyal Customer,56,Personal Travel,Eco,440,2,5,2,2,3,4,5,2,2,2,2,3,5,3,10,1,FALSE
Female,Loyal Customer,60,Personal Travel,Eco,349,2,5,2,2,4,5,2,1,1,2,1,5,2,2.62,13,19,FALSE
Male,Loyal Customer,33,Business Travel,Business,2527,1,1,5,1,5,5,5,3,5,3,4,5,5,3.69,0,0,TRUE
Female,Disloyal Customer,38,Business Travel,Business,406,2,2,2,1,4,2,4,4,3,5,5,5,4,3.31,0,0,FALSE
Female,Loyal Customer,60,Personal Travel,Eco,621,4,4,4,2,2,5,4,4,4,4,4,3,4,3.69,10,5,FALSE
Female,Loyal Customer,16,Personal Travel,Eco Plus,2248,3,3,3,4,2,3,4,2,1,4,5,2,2,2.92,0,0,FALSE
Male,Loyal Customer,46,Personal Travel,Eco,867,4,3,4,4,4,4,4,4,1,5,4,3,4,3.69,0,0,FALSE
Male,Loyal Customer,52,Business Travel,Business,3743,1,1,5,1,4,5,4,3,3,4,3,3,5,3.23,1,0,TRUE
Male,Loyal Customer,51,Business Travel,Business,3455,0,1,1,3,2,2,3,3,3,3,3,2,4,2.31,10,2,TRUE
Female,Loyal Customer,60,Business Travel,Business,862,1,1,1,1,3,5,4,5,5,5,5,3,4,3.31,5,0,TRUE
Male,Loyal Customer,32,Business Travel,Eco,304,1,5,5,5,1,1,1,1,1,3,3,1,1,2.23,16,20,FALSE
Female,Loyal Customer,44,Business Travel,Business,2504,4,4,4,4,4,5,5,5,5,5,5,4,3,4.38,14,0,TRUE
Male,Loyal Customer,37,Business Travel,Business,3162,2,2,3,2,4,3,1,5,5,5,5,2,3,3.23,0,0,TRUE
Male,Loyal Customer,14,Business Travel,Eco,679,2,2,4,4,2,2,2,2,2,1,3,1,2,2.23,50,37,FALSE
Female,Loyal Customer,64,Personal Travel,Eco,2133,5,2,5,4,2,4,4,1,1,5,1,1,4,3,8,0,TRUE
Male,Loyal Customer,38,Business Travel,Business,549,3,5,5,5,4,3,4,3,3,3,3,1,4,3.54,0,0,FALSE
Male,Loyal Customer,53,Business Travel,Eco,212,3,2,2,2,3,3,3,3,2,3,4,4,3,2.85,0,8,FALSE
Female,Loyal Customer,8,Personal Travel,Eco,326,3,1,3,3,1,3,1,1,1,4,2,1,1,1.92,0,0,FALSE
Female,Loyal Customer,23,Personal Travel,Eco,809,2,5,2,5,1,2,1,1,1,5,4,1,1,2.38,0,0,FALSE
Female,Loyal Customer,68,Personal Travel,Eco,1076,2,4,2,3,5,5,4,3,3,2,3,4,5,3.46,0,0,FALSE
Male,Loyal Customer,53,Personal Travel,Eco,1133,2,4,2,1,5,2,5,5,4,5,3,4,5,3.62,0,0,FALSE
Female,Loyal Customer,31,Personal Travel,Business,1440,4,4,3,1,3,3,3,3,3,5,3,4,3,3.23,0,0,FALSE
Male,Loyal Customer,57,Personal Travel,Eco Plus,888,4,4,4,4,2,4,4,2,4,3,5,4,2,3.54,2,8,FALSE
Male,Loyal Customer,50,Personal Travel,Eco,306,3,2,3,4,5,3,3,5,4,5,3,1,5,3.54,0,0,FALSE
Male,Loyal Customer,46,Business Travel,Business,2341,2,2,2,2,5,3,4,5,5,5,5,2,1,3.31,0,0,TRUE
Male,Loyal Customer,33,Business Travel,Business,3547,2,1,1,1,2,2,2,2,3,5,4,1,2,2.15,0,0,FALSE
Female,Loyal Customer,36,Personal Travel,Eco,489,2,4,2,1,5,2,5,5,4,4,4,4,5,3.62,4,9,FALSE
Male,Loyal Customer,41,Business Travel,Business,617,5,5,5,5,4,4,1,4,4,4,4,5,2,4,0,0,TRUE
Female,Loyal Customer,68,Personal Travel,Eco Plus,157,5,4,5,2,4,4,5,4,4,5,4,3,3,4,0,0,TRUE
Female,Loyal Customer,37,Personal Travel,Eco,408,4,1,3,4,2,3,2,2,3,4,3,1,2,2.62,0,16,FALSE
Male,Loyal Customer,46,Personal Travel,Eco,789,3,5,3,3,1,3,1,1,5,5,4,4,1,3,0,0,FALSE
Male,Loyal Customer,37,Personal Travel,Eco Plus,192,4,4,0,1,4,0,4,4,5,2,4,4,4,3.08,0,0,FALSE
Female,Disloyal Customer,38,Business Travel,Eco,1073,2,2,2,3,1,2,3,1,2,5,3,4,1,2.38,0,0,FALSE
Female,Loyal Customer,58,Business Travel,Business,2960,4,4,4,4,2,3,3,4,4,4,4,2,4,3.54,0,0,TRUE
Female,Loyal Customer,50,Personal Travel,Eco,419,3,2,3,2,4,3,3,4,4,3,4,4,2,3.15,0,0,FALSE
Male,Loyal Customer,39,Personal Travel,Eco,907,3,4,3,4,2,3,2,2,4,3,4,3,2,3,0,0,FALSE
Male,Loyal Customer,46,Business Travel,Eco,451,3,5,5,5,3,3,3,3,1,3,1,4,3,3.23,10,21,FALSE
Male,Disloyal Customer,37,Business Travel,Eco Plus,453,2,2,2,4,5,2,2,5,2,2,3,4,5,3.08,31,37,FALSE
Male,Loyal Customer,55,Personal Travel,Eco,1121,1,4,0,4,5,0,5,5,5,5,4,5,5,3.69,0,0,FALSE
Female,Loyal Customer,60,Business Travel,Business,1014,3,3,3,3,3,5,4,4,4,4,4,3,3,3.54,0,11,TRUE
Female,Loyal Customer,39,Business Travel,Business,190,0,3,0,5,2,3,3,2,2,2,2,3,5,2.46,0,5,TRUE
Female,Loyal Customer,25,Business Travel,Business,293,3,1,1,1,3,3,3,3,3,5,4,2,3,2.69,1,2,FALSE
Male,Loyal Customer,28,Business Travel,Business,3086,1,1,1,1,5,5,5,5,3,5,4,5,5,3.54,4,0,TRUE
Male,Loyal Customer,60,Personal Travel,Eco,2402,1,0,1,1,2,1,2,2,3,3,4,3,2,1.92,14,11,FALSE
Female,Loyal Customer,12,Personal Travel,Eco,163,3,3,3,3,4,3,4,4,3,4,5,3,4,3.54,0,0,FALSE
Female,Loyal Customer,65,Personal Travel,Eco,2466,3,4,3,2,3,1,1,3,4,3,4,1,1,2.54,0,46,FALSE
Male,Loyal Customer,44,Personal Travel,Eco,957,2,5,2,2,4,2,4,4,5,2,5,4,4,3.46,0,0,FALSE
Male,Loyal Customer,26,Personal Travel,Eco,612,3,5,3,4,4,3,4,4,3,4,3,2,4,3.54,5,0,FALSE
Female,Loyal Customer,66,Personal Travel,Eco,345,1,4,1,3,4,5,4,2,2,1,2,3,3,2.69,18,19,FALSE
Female,Loyal Customer,47,Personal Travel,Eco,214,3,3,0,4,2,4,3,2,2,0,2,2,1,2.15,0,0,FALSE
Female,Loyal Customer,34,Business Travel,Business,1733,4,4,4,4,5,4,5,4,4,4,4,5,4,4.23,7,0,TRUE
Male,Loyal Customer,66,Personal Travel,Eco,1874,3,3,3,4,3,3,2,3,2,4,4,2,3,3,8,0,FALSE
Female,Loyal Customer,40,Business Travel,Eco,130,2,4,4,4,2,2,2,2,3,5,4,2,2,2.92,0,0,FALSE
Male,Loyal Customer,25,Business Travel,Eco,852,0,5,0,4,3,0,3,3,1,2,1,4,3,2.23,0,0,TRUE
Female,Disloyal Customer,54,Business Travel,Eco,919,2,2,2,1,1,2,1,1,2,3,1,3,1,1.69,22,7,FALSE
Female,Loyal Customer,17,Personal Travel,Eco,2994,1,4,1,3,4,1,4,4,4,5,4,5,4,3.38,0,0,FALSE
Male,Disloyal Customer,40,Business Travel,Business,594,1,0,0,1,1,0,1,1,3,5,5,4,1,1.77,25,9,FALSE
Female,Loyal Customer,23,Personal Travel,Business,583,1,4,2,1,3,2,3,3,5,2,5,4,3,2.92,17,19,FALSE
Female,Loyal Customer,14,Personal Travel,Eco,491,1,2,2,3,1,2,1,1,2,2,4,1,1,1.77,0,0,FALSE
Male,Loyal Customer,45,Business Travel,Business,3392,3,3,3,3,2,4,2,4,4,4,4,2,5,3.31,0,0,TRUE
Female,Loyal Customer,42,Personal Travel,Eco,356,4,3,4,3,1,3,3,5,5,4,5,2,1,3.31,0,0,FALSE
Male,Disloyal Customer,21,Business Travel,Eco,501,1,5,1,4,4,1,4,4,5,2,3,5,4,3.31,0,0,FALSE
Male,Loyal Customer,14,Personal Travel,Eco,591,3,4,3,3,4,3,1,4,1,5,2,3,4,3.08,20,8,FALSE
Male,Loyal Customer,39,Business Travel,Eco,1999,3,4,4,4,3,3,3,3,4,4,3,1,3,3.23,13,8,FALSE
Female,Disloyal Customer,20,Business Travel,Eco,409,3,1,3,4,1,3,1,1,3,4,3,3,1,2.38,7,0,FALSE
Male,Loyal Customer,57,Personal Travel,Eco Plus,403,3,5,3,3,5,3,2,5,3,5,4,4,5,3.85,0,0,FALSE
Male,Loyal Customer,24,Personal Travel,Eco,679,3,5,3,3,1,3,1,1,3,2,4,5,1,2.69,0,0,FALSE
Male,Loyal Customer,31,Personal Travel,Eco,604,3,4,3,3,2,3,2,2,5,3,4,3,2,3,0,0,FALSE
Female,Loyal Customer,34,Business Travel,Business,3978,4,4,4,4,2,4,1,5,5,5,5,4,3,3.85,0,0,TRUE
Male,Loyal Customer,25,Personal Travel,Eco,438,1,4,3,4,5,3,4,5,5,2,2,5,5,3.69,0,0,FALSE
Male,Loyal Customer,54,Personal Travel,Eco,787,5,4,5,4,4,5,1,4,4,5,4,3,4,4,4,2,TRUE
Female,Loyal Customer,66,Business Travel,Eco,209,5,4,4,4,4,4,2,4,4,5,4,3,4,3.92,0,0,TRUE
Male,Loyal Customer,41,Business Travel,Eco Plus,1660,4,3,3,3,4,4,4,4,1,4,3,4,4,3.46,8,7,TRUE
Male,Loyal Customer,24,Business Travel,Business,685,3,3,3,3,3,3,3,3,3,1,3,3,3,2.85,18,19,FALSE
Male,Loyal Customer,58,Business Travel,Business,2384,0,4,0,3,3,5,5,5,5,5,4,5,5,3.77,0,13,TRUE
Female,Loyal Customer,44,Personal Travel,Eco,2133,3,3,3,3,1,4,3,2,2,3,2,3,1,2.54,4,0,FALSE
Female,Loyal Customer,61,Business Travel,Eco,647,2,3,3,3,1,2,3,2,2,2,2,4,2,2.38,17,15,FALSE
Female,Loyal Customer,36,Business Travel,Business,1840,3,3,3,3,5,2,3,4,4,4,4,5,4,3.62,0,5,TRUE
Male,Loyal Customer,70,Personal Travel,Eco,630,4,1,4,4,4,4,4,4,4,4,3,1,4,3.46,0,0,FALSE
Male,Loyal Customer,45,Business Travel,Business,2963,1,1,1,1,3,5,5,5,5,5,4,5,4,3.46,0,0,TRUE
Male,Disloyal Customer,30,Business Travel,Eco,588,1,0,1,4,1,5,5,2,5,3,2,5,5,3,141,131,FALSE
Female,Loyal Customer,51,Personal Travel,Eco,481,3,3,3,4,1,1,1,2,2,3,2,4,3,2.46,33,64,FALSE
Male,Loyal Customer,54,Business Travel,Business,2252,5,5,5,5,4,5,5,5,5,5,5,4,5,4.85,0,0,TRUE
Male,Loyal Customer,19,Personal Travel,Eco,978,3,4,3,3,4,3,4,4,4,3,5,5,4,3.77,0,0,FALSE
Female,Loyal Customer,34,Personal Travel,Business,258,3,3,3,1,1,1,3,5,5,3,5,3,1,2.85,21,22,FALSE
Male,Loyal Customer,34,Personal Travel,Eco,628,3,5,3,2,2,3,2,2,5,3,4,5,2,3.15,0,8,FALSE
Female,Disloyal Customer,23,Business Travel,Business,277,4,3,4,3,5,4,5,5,4,1,2,2,5,3.62,0,0,TRUE
Male,Loyal Customer,67,Personal Travel,Eco,972,4,5,4,4,3,4,3,3,5,5,4,3,3,3.85,0,30,FALSE
Female,Loyal Customer,48,Personal Travel,Eco Plus,1192,2,1,2,1,1,1,2,5,5,2,3,1,3,2.23,0,0,FALSE
Male,Loyal Customer,37,Business Travel,Eco,405,4,1,1,1,4,4,4,2,5,3,4,4,4,3.15,177,196,FALSE
Male,Loyal Customer,67,Personal Travel,Eco Plus,1592,2,4,2,4,1,2,1,1,4,5,5,4,1,2.77,4,0,FALSE
Female,Loyal Customer,25,Business Travel,Business,1448,2,2,2,2,4,4,4,4,5,5,4,3,4,3.46,0,0,TRUE
Male,Loyal Customer,19,Personal Travel,Eco,152,5,4,0,2,2,0,2,2,4,5,5,4,2,2.85,68,59,TRUE
Male,Loyal Customer,42,Business Travel,Eco,468,4,2,2,2,5,4,5,5,1,2,3,4,5,3.38,112,102,FALSE
Male,Loyal Customer,34,Business Travel,Business,3203,3,3,3,3,2,4,5,4,4,4,4,5,3,3.62,8,10,TRUE
Female,Loyal Customer,24,Business Travel,Business,2981,0,0,0,3,3,3,3,3,3,3,5,3,3,2.46,9,4,TRUE
Female,Disloyal Customer,17,Business Travel,Eco,1243,1,0,0,4,1,1,1,1,3,4,3,2,1,1.69,122,110,FALSE
Male,Loyal Customer,12,Personal Travel,Eco,508,1,4,1,2,4,1,4,4,5,4,5,3,4,3.23,0,0,FALSE
Male,Disloyal Customer,21,Business Travel,Eco,1208,3,3,3,5,2,3,2,2,4,5,5,4,2,3.31,0,0,FALSE
Male,Loyal Customer,40,Business Travel,Business,2087,4,4,2,4,2,5,4,4,4,4,4,3,4,3.69,2,0,TRUE
Male,Loyal Customer,36,Personal Travel,Eco,907,2,4,1,1,2,1,2,2,5,4,4,3,2,2.54,0,0,FALSE
Female,Loyal Customer,53,Personal Travel,Eco,108,2,2,0,4,3,4,3,1,1,0,1,1,3,1.92,0,0,FALSE
Female,Loyal Customer,48,Business Travel,Business,1812,0,0,0,3,3,4,5,1,1,1,1,3,3,1.92,0,0,TRUE
Female,Disloyal Customer,24,Business Travel,Eco,866,0,0,0,2,3,0,3,3,1,2,3,2,3,1.69,0,0,TRUE
Female,Loyal Customer,19,Business Travel,Business,624,4,5,5,5,4,4,4,4,4,5,3,3,4,4.15,25,49,FALSE
Female,Loyal Customer,59,Business Travel,Eco,1249,2,1,5,1,3,4,3,2,2,2,2,2,1,2.31,5,0,TRUE
Male,Loyal Customer,41,Business Travel,Business,3583,3,3,3,3,3,2,4,4,4,4,4,4,5,3.54,29,16,TRUE
Female,Loyal Customer,67,Personal Travel,Eco,353,3,3,3,1,1,4,3,1,1,3,1,5,3,2.46,0,0,FALSE
Female,Loyal Customer,37,Personal Travel,Eco,762,4,5,4,2,2,4,2,2,5,2,4,4,2,3.23,0,0,TRUE
Female,Loyal Customer,41,Business Travel,Business,1611,4,4,4,4,2,5,5,4,4,4,4,3,5,4,0,4,TRUE
Male,Disloyal Customer,54,Business Travel,Business,1744,3,3,3,2,5,3,5,5,4,3,5,4,5,3.85,2,0,FALSE
Male,Loyal Customer,48,Business Travel,Business,2853,2,2,2,2,2,5,4,4,4,4,4,4,2,3.15,19,0,TRUE
Female,Disloyal Customer,72,Business Travel,Eco,67,3,3,3,4,3,2,2,3,4,4,3,2,2,2.92,324,296,FALSE
Male,Loyal Customer,28,Personal Travel,Eco,1028,3,4,3,1,5,3,3,5,2,1,4,2,5,3.15,4,0,FALSE
Female,Loyal Customer,53,Business Travel,Business,650,4,4,4,4,4,4,4,5,5,4,5,5,4,4.31,0,13,TRUE
Female,Loyal Customer,10,Personal Travel,Eco,280,3,4,3,3,1,3,1,1,4,5,4,5,1,2.92,0,0,FALSE
Female,Loyal Customer,50,Business Travel,Business,1428,3,4,2,2,5,4,3,3,3,3,3,2,2,3,45,54,FALSE
Female,Loyal Customer,37,Personal Travel,Eco,930,5,3,5,3,2,5,2,2,1,3,3,4,2,3.08,0,0,TRUE
Male,Loyal Customer,45,Personal Travel,Eco Plus,998,1,5,1,3,4,1,4,4,5,2,4,3,4,3.15,13,7,FALSE
Female,Loyal Customer,31,Business Travel,Business,1747,3,3,3,3,3,3,3,3,4,2,3,2,3,2.92,0,0,FALSE
Female,Loyal Customer,22,Business Travel,Business,3139,3,3,3,3,5,5,5,5,4,3,4,3,5,3.92,0,0,TRUE
Male,Loyal Customer,39,Business Travel,Business,1709,3,3,3,3,4,4,4,4,4,4,4,5,4,3.77,0,0,TRUE
Female,Loyal Customer,37,Business Travel,Business,2661,2,2,1,2,2,4,2,2,2,2,2,5,1,2.23,39,28,TRUE
Female,Loyal Customer,33,Business Travel,Eco,101,4,2,2,2,4,4,4,4,1,4,1,5,4,3.15,0,0,TRUE
Female,Loyal Customer,59,Personal Travel,Eco,102,4,4,4,4,5,4,5,3,3,4,3,4,4,3.92,0,0,TRUE
Male,Loyal Customer,69,Personal Travel,Eco Plus,862,4,5,4,2,4,4,1,4,1,5,1,2,4,3.15,0,0,FALSE
Male,Loyal Customer,34,Personal Travel,Eco,403,2,1,2,4,4,2,4,4,1,5,4,4,4,3.15,0,0,FALSE
Female,Loyal Customer,49,Business Travel,Eco,192,4,5,5,5,3,2,2,4,4,4,4,4,1,3.62,0,0,TRUE
Female,Loyal Customer,51,Business Travel,Business,2613,1,1,1,1,3,5,5,4,4,4,4,5,3,3.15,0,0,TRUE
Female,Loyal Customer,21,Business Travel,Business,2739,5,4,5,5,4,4,4,4,5,2,4,4,4,4.15,4,12,TRUE
Female,Disloyal Customer,21,Business Travel,Business,1771,3,2,3,3,4,3,4,4,3,2,2,2,4,3,0,0,FALSE
Male,Loyal Customer,43,Business Travel,Business,2483,5,5,5,5,5,5,4,5,5,5,5,4,5,4.85,84,69,TRUE
Male,Loyal Customer,21,Personal Travel,Business,214,2,5,2,1,1,2,1,1,3,3,5,3,1,2.31,0,0,FALSE
Male,Loyal Customer,69,Personal Travel,Business,814,3,0,3,4,3,5,4,1,1,3,4,3,4,2.92,8,3,FALSE
Male,Loyal Customer,58,Business Travel,Business,861,3,3,3,3,3,4,5,4,4,4,4,5,4,3.77,0,0,TRUE
Male,Loyal Customer,47,Personal Travel,Eco,1733,2,4,2,5,4,2,4,4,5,4,5,4,4,3.77,11,5,FALSE
Female,Loyal Customer,54,Business Travel,Business,1854,1,1,1,1,2,4,4,5,5,5,5,3,4,3.15,1,0,TRUE
Female,Loyal Customer,10,Personal Travel,Eco Plus,692,3,5,3,5,5,3,5,5,5,3,4,3,5,4.15,30,44,FALSE
Female,Loyal Customer,48,Business Travel,Business,3172,1,1,1,1,5,5,1,5,5,5,5,2,4,3.15,13,5,TRUE
Female,Loyal Customer,50,Business Travel,Eco,162,5,4,5,4,1,1,1,5,5,5,5,5,5,3.92,0,0,TRUE
Male,Loyal Customer,59,Business Travel,Eco,308,1,3,3,3,1,1,1,1,2,2,4,3,1,2,0,0,FALSE
Female,Disloyal Customer,24,Business Travel,Eco,1300,4,3,3,2,3,4,3,3,5,4,4,1,3,3.23,0,0,TRUE
Female,Disloyal Customer,24,Business Travel,Eco,1224,4,4,4,4,2,4,2,2,5,2,5,4,2,3.38,31,18,TRUE
Male,Loyal Customer,54,Personal Travel,Eco,2860,1,2,1,3,1,4,4,3,2,3,3,4,4,2.69,0,3,FALSE
Female,Loyal Customer,36,Business Travel,Business,589,5,5,5,5,1,3,2,3,3,3,3,2,3,3.31,15,26,TRUE
Female,Loyal Customer,32,Personal Travel,Eco,362,2,5,2,3,5,2,5,5,4,3,4,3,5,3.69,14,15,FALSE
Female,Loyal Customer,29,Business Travel,Business,1195,4,4,4,4,4,4,4,4,4,2,2,2,4,3.54,3,0,TRUE
Male,Loyal Customer,22,Business Travel,Eco Plus,370,2,4,4,4,2,2,1,2,1,1,3,1,2,2.23,16,4,FALSE
Female,Loyal Customer,60,Business Travel,Business,3455,2,2,2,2,3,4,5,5,5,5,5,3,5,3.69,0,6,TRUE
Male,Disloyal Customer,33,Business Travel,Eco,209,2,0,1,2,4,1,4,4,2,4,5,4,4,2.85,18,17,FALSE
Male,Loyal Customer,43,Business Travel,Eco,983,2,4,3,3,2,2,2,2,4,2,3,1,2,2.46,0,0,FALSE
Male,Loyal Customer,69,Business Travel,Business,396,4,4,4,4,4,3,3,3,3,4,3,5,2,3.54,0,0,TRUE
Male,Loyal Customer,56,Business Travel,Business,2846,4,4,2,4,5,4,4,2,2,2,2,5,4,3.38,2,2,TRUE
Male,Loyal Customer,25,Business Travel,Eco Plus,581,1,4,4,4,1,1,4,1,3,5,3,3,1,2.69,0,0,FALSE
Female,Loyal Customer,55,Business Travel,Eco,82,5,1,1,1,2,5,4,5,5,5,5,3,2,3.38,1,0,TRUE
Female,Loyal Customer,26,Business Travel,Business,1313,3,3,3,3,3,3,3,3,5,3,4,3,3,3.23,2,0,TRUE
Male,Loyal Customer,44,Business Travel,Business,3771,5,5,5,5,4,5,5,5,5,5,5,3,4,4.69,0,0,TRUE
Male,Loyal Customer,42,Business Travel,Business,3166,5,5,5,5,4,4,4,2,2,2,2,5,3,3.69,0,0,TRUE
Female,Loyal Customer,49,Business Travel,Business,2529,3,3,3,3,1,3,5,4,4,4,4,3,2,3.23,0,0,TRUE
Female,Disloyal Customer,23,Business Travel,Eco,261,3,0,3,3,3,3,4,3,1,5,5,2,3,2.92,2,7,FALSE
Male,Loyal Customer,35,Business Travel,Eco,592,2,2,2,2,2,2,2,2,2,5,4,4,2,2.54,0,45,FALSE
Male,Loyal Customer,48,Business Travel,Business,1895,1,1,4,1,2,5,5,4,4,4,4,3,3,3.15,17,6,TRUE
Female,Loyal Customer,64,Personal Travel,Eco,588,1,5,1,3,5,4,4,3,3,1,3,4,5,3.23,0,0,FALSE
Male,Loyal Customer,22,Business Travel,Business,1496,1,1,1,1,4,4,4,4,5,4,5,3,4,3.15,12,21,TRUE
Female,Loyal Customer,42,Business Travel,Business,258,0,1,1,3,4,4,5,3,3,3,3,5,3,2.92,45,32,TRUE
Female,Loyal Customer,65,Personal Travel,Eco,1562,1,2,1,3,5,2,4,3,3,1,3,2,3,2.54,122,99,FALSE
Female,Loyal Customer,13,Personal Travel,Eco Plus,944,2,1,2,4,1,2,1,1,4,3,4,2,1,2.15,0,0,FALSE
Female,Disloyal Customer,21,Business Travel,Eco,1167,4,3,3,4,3,3,3,3,3,4,4,3,3,3.31,27,7,FALSE
Male,Loyal Customer,18,Business Travel,Business,1671,2,3,3,3,2,2,2,3,5,3,3,2,2,2.69,175,171,FALSE
Male,Loyal Customer,39,Business Travel,Business,1004,2,5,5,5,2,2,2,2,4,3,4,2,2,3.08,2,10,FALSE
Female,Loyal Customer,59,Business Travel,Business,3560,5,5,5,5,4,4,4,3,3,3,3,4,5,4.08,6,0,TRUE
Male,Loyal Customer,40,Business Travel,Eco,733,2,3,3,3,2,2,2,2,2,5,3,4,2,2.69,0,0,FALSE
Female,Loyal Customer,39,Business Travel,Business,1481,4,1,4,4,2,5,4,4,4,4,4,4,3,3.62,0,0,TRUE
Male,Loyal Customer,59,Business Travel,Business,2527,1,1,1,1,5,4,5,4,4,4,4,3,4,3.15,0,0,TRUE
Male,Loyal Customer,39,Business Travel,Business,1672,2,2,2,2,3,5,4,5,5,5,5,5,5,3.85,0,3,TRUE
Male,Disloyal Customer,25,Business Travel,Business,979,3,0,2,2,1,2,3,1,3,3,5,3,1,2.23,0,0,FALSE
Female,Disloyal Customer,24,Business Travel,Eco,666,1,0,1,3,5,1,5,5,3,4,5,4,5,3.23,4,0,FALSE
Female,Disloyal Customer,21,Business Travel,Business,641,2,3,2,3,2,2,2,2,4,3,3,2,2,2.46,146,138,FALSE
Male,Loyal Customer,56,Business Travel,Business,1844,2,2,2,2,3,4,5,3,3,3,3,5,3,3.08,42,29,TRUE
Male,Loyal Customer,33,Business Travel,Business,187,5,5,5,5,5,5,4,5,4,4,5,1,5,4.46,0,0,TRUE
Male,Loyal Customer,16,Business Travel,Business,491,1,1,1,1,4,4,4,4,3,5,3,1,4,2.77,13,6,TRUE
Female,Loyal Customer,58,Business Travel,Business,349,5,5,5,5,2,5,5,4,4,4,4,4,3,4.23,15,3,TRUE
Female,Loyal Customer,14,Business Travel,Eco Plus,2614,4,2,5,5,4,4,2,4,1,3,3,3,4,3.38,0,0,FALSE
Female,Loyal Customer,37,Personal Travel,Eco Plus,446,4,4,4,2,3,4,3,3,3,3,5,5,3,3.54,7,2,FALSE
Male,Loyal Customer,57,Business Travel,Business,1967,2,2,2,2,4,5,4,4,4,4,4,5,5,3.62,0,0,TRUE
Female,Disloyal Customer,23,Business Travel,Eco,937,0,0,0,1,4,0,4,4,5,4,2,2,4,2.31,0,0,TRUE
Female,Disloyal Customer,37,Business Travel,Eco,305,2,3,1,2,4,1,4,4,5,4,5,1,4,3.08,4,0,FALSE
Female,Loyal Customer,40,Business Travel,Business,3000,3,3,3,3,2,5,4,5,5,5,5,5,4,4,0,31,TRUE
Female,Loyal Customer,46,Business Travel,Business,3748,1,1,1,1,5,5,5,4,4,4,4,4,5,3.38,26,23,TRUE
Male,Disloyal Customer,30,Business Travel,Business,1482,0,0,0,1,5,0,4,5,4,4,4,5,5,2.85,38,35,TRUE
Male,Loyal Customer,58,Business Travel,Business,3313,3,3,3,3,3,5,5,4,4,4,4,5,4,3.85,46,35,TRUE
Male,Loyal Customer,35,Business Travel,Business,3805,1,2,3,2,3,3,4,1,1,1,1,4,2,2.15,0,0,FALSE
Female,Loyal Customer,59,Personal Travel,Business,1334,3,5,3,3,3,4,5,3,3,3,3,3,4,3.46,0,19,FALSE
Female,Loyal Customer,59,Business Travel,Business,2442,5,5,5,5,3,3,4,5,5,5,5,4,5,4.54,0,1,TRUE
Female,Loyal Customer,46,Business Travel,Business,2546,2,1,1,1,4,4,3,2,2,2,2,3,4,2.38,0,1,FALSE
Male,Loyal Customer,13,Business Travel,Business,3532,2,5,5,5,2,1,2,2,2,1,4,2,2,2.69,0,0,FALSE
Male,Loyal Customer,33,Business Travel,Business,1986,2,2,1,2,4,4,4,4,4,2,3,5,4,3.15,7,0,TRUE
Male,Loyal Customer,40,Business Travel,Business,719,3,3,3,3,3,3,2,3,3,3,3,3,1,2.77,67,62,FALSE
Male,Loyal Customer,53,Personal Travel,Eco,1399,3,5,3,1,5,3,5,5,2,4,2,1,5,3.38,0,0,FALSE
Female,Loyal Customer,44,Business Travel,Business,3757,4,4,2,4,5,2,4,4,4,4,4,3,4,3.69,9,10,TRUE
Male,Loyal Customer,21,Business Travel,Business,1523,5,5,5,5,4,5,4,4,3,4,5,3,4,4.31,109,91,TRUE
Female,Loyal Customer,39,Business Travel,Business,2465,5,5,5,5,2,5,4,5,5,5,5,4,5,4.62,5,0,TRUE
Female,Disloyal Customer,10,Business Travel,Eco,980,3,4,4,4,5,4,5,5,2,4,4,2,5,3.92,0,0,FALSE
Male,Loyal Customer,22,Business Travel,Business,3664,1,4,4,4,1,1,1,1,2,5,2,3,1,2.31,0,0,FALSE
Male,Disloyal Customer,61,Business Travel,Eco,296,2,1,2,3,1,2,1,1,4,3,4,2,1,2.08,0,0,FALSE
Female,Disloyal Customer,27,Business Travel,Eco,802,2,2,2,2,3,2,3,3,3,5,2,5,3,2.85,0,0,FALSE
Male,Loyal Customer,55,Business Travel,Business,1555,2,2,2,2,3,5,4,4,4,4,4,3,3,3.23,0,0,TRUE
Male,Disloyal Customer,22,Business Travel,Eco,134,1,4,1,4,4,1,4,4,2,2,3,3,4,2.85,27,18,FALSE
Male,Disloyal Customer,35,Business Travel,Business,1055,2,2,2,4,4,2,4,4,4,4,5,5,4,3.54,0,1,FALSE
Male,Disloyal Customer,21,Business Travel,Eco,1290,3,3,3,3,3,3,1,3,5,3,4,5,3,3.23,0,4,FALSE
Female,Loyal Customer,38,Business Travel,Eco,683,1,0,0,4,5,0,5,5,3,4,3,1,5,2.77,0,0,FALSE
Male,Disloyal Customer,21,Business Travel,Eco,574,2,3,1,4,5,1,5,5,2,5,4,3,5,3.46,0,1,FALSE
Female,Loyal Customer,13,Personal Travel,Business,861,4,3,4,4,5,4,1,5,2,3,2,4,5,3.54,0,0,FALSE
Male,Loyal Customer,64,Personal Travel,Eco,214,2,0,2,4,2,2,2,2,3,2,5,3,2,2.38,0,0,FALSE
Female,Loyal Customer,41,Personal Travel,Eco,957,3,5,3,4,3,3,3,3,3,3,5,5,3,3.54,0,0,FALSE
Male,Loyal Customer,32,Personal Travel,Eco,1037,2,4,2,4,2,2,2,2,5,2,5,4,2,2.92,13,14,FALSE
Female,Loyal Customer,38,Personal Travel,Eco,557,4,2,4,4,3,4,1,3,4,3,4,3,3,3.23,0,0,FALSE
Female,Loyal Customer,48,Personal Travel,Eco,187,4,2,4,4,2,4,3,4,4,4,4,1,3,3.31,0,0,TRUE
Female,Loyal Customer,8,Personal Travel,Eco,2419,3,5,3,3,5,3,5,5,3,2,5,4,5,3.92,0,0,FALSE
Male,Loyal Customer,38,Business Travel,Eco Plus,1448,3,4,4,4,3,3,3,3,1,2,3,2,3,2.92,85,75,FALSE
Male,Loyal Customer,31,Personal Travel,Business,1721,3,3,3,2,5,3,3,5,3,5,2,1,5,3.31,66,54,FALSE
Female,Loyal Customer,10,Personal Travel,Eco,1900,5,4,5,2,2,4,4,2,5,4,5,3,2,3.62,0,0,TRUE
Male,Loyal Customer,59,Business Travel,Business,1943,3,3,3,3,4,5,4,4,4,4,4,5,3,3.77,84,52,TRUE
Female,Loyal Customer,44,Business Travel,Business,748,4,4,4,4,4,5,5,4,4,4,4,3,3,4,0,0,TRUE
Female,Loyal Customer,70,Business Travel,Eco Plus,411,4,1,1,1,5,2,1,4,4,4,4,4,3,2.92,0,0,TRUE
Female,Loyal Customer,40,Personal Travel,Eco,861,2,4,2,1,4,2,4,4,3,2,5,4,4,3.15,0,0,FALSE
Male,Loyal Customer,41,Business Travel,Business,1783,4,4,4,4,5,4,5,4,4,4,4,4,5,4.23,1,0,TRUE
Female,Disloyal Customer,37,Business Travel,Eco,2475,2,2,2,4,3,2,3,3,1,2,4,4,3,2.69,7,10,FALSE
Male,Loyal Customer,51,Business Travel,Business,1514,2,2,2,2,3,5,5,3,3,4,3,5,5,3.38,119,118,TRUE
Male,Loyal Customer,46,Personal Travel,Eco,2611,2,5,3,2,3,4,4,1,4,5,1,4,4,3.23,1,0,FALSE
Male,Loyal Customer,46,Business Travel,Business,1996,1,1,2,1,5,4,5,4,4,4,4,4,4,3.31,0,0,TRUE
Female,Loyal Customer,36,Business Travel,Business,383,1,1,3,1,5,4,4,5,5,5,5,4,3,3.54,1,0,TRUE
Female,Loyal Customer,45,Personal Travel,Eco,533,4,4,4,3,3,3,4,2,2,4,2,1,1,2.85,0,0,FALSE
Male,Loyal Customer,29,Personal Travel,Eco,1142,4,3,4,4,3,4,1,3,1,4,2,1,3,2.85,0,0,TRUE
Female,Loyal Customer,42,Business Travel,Business,836,2,3,3,3,2,4,3,2,2,2,2,4,3,2.69,0,0,FALSE
Male,Loyal Customer,48,Business Travel,Eco,491,2,4,4,4,2,2,2,2,3,3,4,4,2,2.92,0,0,FALSE
Male,Loyal Customer,66,Personal Travel,Eco,1788,2,4,1,1,4,1,4,4,3,5,3,3,4,3,0,0,FALSE
Male,Loyal Customer,13,Personal Travel,Eco,1558,2,3,2,2,3,2,3,3,3,4,3,4,3,2.85,52,31,FALSE
Male,Disloyal Customer,13,Business Travel,Eco,674,3,3,3,4,2,3,2,2,4,3,3,1,2,2.69,19,0,FALSE
Female,Loyal Customer,31,Personal Travel,Eco,386,2,4,2,3,5,2,5,5,5,4,5,4,5,3.92,2,2,FALSE
Female,Loyal Customer,51,Personal Travel,Eco,255,3,4,3,4,4,4,4,5,5,3,5,4,2,3.85,0,0,FALSE
Female,Loyal Customer,31,Personal Travel,Eco,255,3,3,3,2,3,3,3,3,1,3,1,3,3,2.62,0,0,FALSE
Male,Loyal Customer,69,Personal Travel,Eco,592,1,5,1,4,1,1,1,1,3,4,5,2,1,2.31,34,41,FALSE
Female,Disloyal Customer,57,Business Travel,Eco,1146,3,3,3,2,5,3,1,5,2,2,1,4,5,3,0,0,FALSE
Male,Loyal Customer,54,Business Travel,Business,1607,2,4,4,4,3,1,2,2,2,3,2,4,1,2.62,34,18,FALSE
Female,Loyal Customer,70,Personal Travel,Eco,337,3,5,3,2,4,5,5,2,2,3,2,3,3,3.23,18,15,FALSE
Male,Loyal Customer,56,Business Travel,Business,689,3,3,3,3,4,5,4,4,4,4,4,3,4,3.69,0,0,TRUE
Female,Loyal Customer,42,Personal Travel,Eco,1400,3,4,3,5,3,5,4,5,5,3,5,5,3,4.08,1,0,FALSE
Female,Loyal Customer,54,Business Travel,Eco,667,2,5,5,5,3,4,4,3,3,2,3,3,3,3.46,0,6,FALSE
Female,Disloyal Customer,27,Business Travel,Eco,528,4,0,4,4,1,4,1,1,5,5,1,4,1,2.69,0,0,TRUE
Male,Loyal Customer,36,Business Travel,Business,187,5,5,5,5,3,4,5,5,5,5,4,4,3,4.46,8,0,TRUE
Male,Loyal Customer,47,Business Travel,Business,2373,5,3,5,5,4,4,5,4,4,5,4,5,5,4.46,0,0,TRUE
Male,Loyal Customer,60,Business Travel,Business,1574,1,1,1,1,5,4,4,4,4,4,4,4,4,3.15,15,8,TRUE
Male,Loyal Customer,23,Personal Travel,Eco,954,4,4,5,1,2,5,2,2,1,3,5,2,2,2.92,1,3,FALSE
Male,Loyal Customer,30,Personal Travel,Business,651,2,5,3,4,2,3,5,2,5,2,5,3,2,3.31,0,0,FALSE
Male,Loyal Customer,8,Personal Travel,Eco,867,2,5,2,4,1,2,1,1,4,5,1,5,1,2.62,0,8,FALSE
Male,Loyal Customer,35,Business Travel,Eco,782,4,2,2,2,4,4,4,4,5,3,3,4,4,3.46,0,0,TRUE
Female,Loyal Customer,22,Personal Travel,Eco,1400,3,2,3,3,4,3,4,4,4,4,3,3,4,3.38,0,0,FALSE
Male,Loyal Customer,37,Business Travel,Eco,323,1,5,5,5,1,1,1,1,4,3,4,1,1,2.54,0,0,FALSE
Female,Loyal Customer,48,Business Travel,Business,591,1,1,1,1,3,4,4,4,4,5,4,5,3,3.08,0,0,TRUE
Female,Loyal Customer,49,Business Travel,Business,669,2,2,2,2,2,2,2,2,5,4,3,2,2,2.46,156,167,FALSE
Male,Disloyal Customer,23,Business Travel,Eco,160,1,0,2,4,4,2,3,4,4,3,5,4,4,3.08,0,0,FALSE
Female,Loyal Customer,16,Business Travel,Business,356,1,1,1,1,1,1,1,1,4,1,3,2,1,1.46,0,0,FALSE
Male,Loyal Customer,56,Business Travel,Eco,449,4,2,2,2,4,4,4,4,1,2,4,4,4,3.15,0,0,FALSE
Female,Disloyal Customer,24,Business Travel,Eco,993,1,1,1,1,2,1,2,2,4,3,5,3,2,2.15,0,0,FALSE
Female,Loyal Customer,57,Business Travel,Business,2016,5,5,5,5,5,5,5,5,5,5,5,5,3,4.85,0,0,TRUE
Female,Loyal Customer,57,Personal Travel,Eco,879,2,5,2,1,3,3,4,3,3,2,3,3,4,2.92,0,1,FALSE
Female,Loyal Customer,22,Personal Travel,Eco Plus,692,1,4,0,3,4,0,4,4,4,2,4,4,4,2.92,0,0,FALSE
Female,Disloyal Customer,39,Business Travel,Business,305,3,3,3,4,4,3,4,4,3,1,2,2,4,3.08,54,49,TRUE
Male,Loyal Customer,70,Personal Travel,Eco,337,2,5,2,3,2,2,2,2,4,2,4,3,2,2.69,8,5,FALSE
Male,Loyal Customer,26,Personal Travel,Business,868,3,3,3,3,3,3,3,3,4,2,2,5,3,3.08,0,6,FALSE
Male,Loyal Customer,56,Business Travel,Business,1802,5,3,5,5,4,5,5,5,5,5,5,4,3,4.54,0,0,TRUE
Female,Loyal Customer,25,Business Travel,Eco,109,5,3,3,3,5,5,3,5,2,3,1,5,5,3.69,0,0,TRUE
Male,Loyal Customer,24,Personal Travel,Eco,404,0,1,0,3,5,0,5,5,1,1,4,4,5,2.62,11,1,TRUE
Female,Loyal Customer,25,Business Travel,Business,1506,4,4,4,4,5,5,5,5,5,5,5,3,5,4.54,0,0,TRUE
Female,Disloyal Customer,34,Business Travel,Business,247,3,3,3,3,1,3,1,1,3,2,4,5,1,2.54,0,0,FALSE
Male,Loyal Customer,7,Personal Travel,Eco,162,3,5,3,3,4,3,4,4,3,2,4,4,4,3.54,0,0,FALSE
Female,Disloyal Customer,23,Business Travel,Business,436,2,1,2,4,5,2,5,5,1,3,3,1,5,3,71,52,FALSE
Male,Loyal Customer,66,Personal Travel,Eco,250,1,5,1,1,2,1,2,2,5,3,5,5,2,2.69,0,0,FALSE
Male,Loyal Customer,32,Personal Travel,Eco,322,3,4,3,1,4,3,4,4,1,1,5,1,4,2.92,50,37,FALSE
Male,Loyal Customer,66,Personal Travel,Business,201,2,2,2,2,5,2,2,1,1,2,1,4,3,2.23,0,0,FALSE
Male,Loyal Customer,37,Business Travel,Business,3972,0,4,0,5,4,4,5,5,5,5,5,4,3,3.77,0,12,TRUE
Male,Loyal Customer,62,Business Travel,Business,2894,1,1,2,1,2,5,2,4,4,4,4,4,2,2.77,0,0,TRUE
Female,Loyal Customer,53,Business Travel,Business,1579,2,2,2,2,2,5,5,4,4,4,5,4,3,3.38,2,0,TRUE
Female,Loyal Customer,39,Business Travel,Business,3172,3,3,3,3,4,5,5,5,5,5,4,3,4,4,0,0,TRUE
Female,Loyal Customer,26,Personal Travel,Eco,762,3,4,3,3,2,3,1,2,5,5,5,5,2,3.31,20,60,FALSE
Male,Loyal Customer,25,Personal Travel,Eco,224,4,5,4,4,2,4,2,2,4,3,2,4,2,3.23,0,3,TRUE
Female,Loyal Customer,22,Personal Travel,Eco,813,4,4,4,4,4,4,4,4,5,3,2,5,4,3.92,15,12,FALSE
Male,Disloyal Customer,34,Business Travel,Business,707,3,3,3,3,5,3,5,5,3,4,5,5,5,4,21,13,FALSE
Male,Loyal Customer,18,Business Travel,Business,2720,1,1,1,1,4,4,4,5,1,5,3,4,4,2.92,133,122,TRUE
Male,Loyal Customer,45,Business Travel,Business,543,3,3,3,3,5,4,5,4,4,4,4,3,3,3.69,0,0,TRUE
Male,Loyal Customer,53,Business Travel,Business,1972,3,3,3,3,4,5,4,5,5,4,5,4,5,4.08,0,0,TRUE
Female,Loyal Customer,40,Business Travel,Business,1751,3,3,3,3,4,2,2,3,3,3,3,1,4,2.85,8,3,FALSE
Female,Disloyal Customer,42,Business Travel,Eco,372,4,1,4,3,4,4,4,4,4,3,3,2,4,3.38,0,10,FALSE
Female,Disloyal Customer,23,Business Travel,Business,550,5,0,5,1,2,5,2,2,3,4,4,5,2,3.08,0,0,TRUE
Female,Loyal Customer,59,Business Travel,Business,3781,0,0,0,4,2,5,4,3,3,3,3,3,5,2.69,0,0,TRUE
Female,Disloyal Customer,39,Business Travel,Business,1072,3,3,3,3,3,3,5,5,3,5,4,5,5,3.85,170,164,FALSE
Male,Loyal Customer,39,Business Travel,Business,507,5,5,5,5,5,5,4,5,5,5,5,3,3,4.62,11,1,TRUE
Female,Loyal Customer,60,Personal Travel,Business,1119,2,2,2,3,2,4,3,3,3,2,3,3,3,2.69,19,,FALSE
Female,Loyal Customer,52,Personal Travel,Eco,296,4,4,4,4,2,4,4,1,1,4,1,3,5,3.15,0,0,FALSE
Female,Loyal Customer,51,Business Travel,Business,2262,2,2,2,2,2,5,1,4,4,4,4,1,3,2.77,6,10,TRUE
Male,Loyal Customer,35,Business Travel,Business,3258,1,2,1,1,4,4,4,4,4,4,4,5,4,3.23,6,9,TRUE
Female,Loyal Customer,33,Business Travel,Business,1337,2,5,5,5,2,3,4,2,2,2,2,2,1,2.85,25,11,FALSE
Male,Loyal Customer,22,Personal Travel,Eco,530,1,4,5,1,3,5,5,3,4,5,4,3,3,3.54,0,0,FALSE
Female,Loyal Customer,58,Business Travel,Business,416,1,1,1,1,4,5,4,4,4,4,4,3,3,3,8,5,TRUE
Female,Disloyal Customer,39,Business Travel,Business,515,3,3,3,3,2,3,1,2,5,2,4,3,2,2.77,0,0,FALSE
Female,Loyal Customer,42,Business Travel,Business,1431,4,4,4,4,5,5,4,5,5,5,5,5,3,4.46,0,0,TRUE
Female,Loyal Customer,55,Personal Travel,Eco,547,2,1,2,2,2,1,1,1,1,2,1,4,4,1.85,0,0,FALSE
Female,Loyal Customer,16,Personal Travel,Eco,500,1,5,1,3,3,1,3,3,3,3,4,5,3,2.92,0,8,FALSE
Male,Disloyal Customer,59,Business Travel,Business,422,2,2,2,4,2,2,2,2,3,4,4,3,2,2.62,0,0,FALSE
Female,Loyal Customer,68,Personal Travel,Eco,1165,3,3,4,2,1,3,4,5,5,4,5,4,4,3.62,42,55,FALSE
Male,Loyal Customer,63,Business Travel,Business,143,1,1,1,1,4,3,2,5,5,5,4,5,3,3.08,0,27,TRUE
Female,Loyal Customer,30,Personal Travel,Eco,580,3,3,3,4,2,3,2,2,1,3,4,1,2,2.54,1,0,FALSE
Female,Loyal Customer,35,Personal Travel,Eco Plus,594,1,3,1,2,2,1,2,2,1,2,2,3,2,1.85,68,68,FALSE
Female,Loyal Customer,60,Business Travel,Business,2363,3,3,3,3,5,5,5,4,4,4,4,4,5,4,0,0,TRUE
Male,Loyal Customer,22,Business Travel,Business,3076,2,2,2,2,4,5,4,4,5,5,2,3,4,3.38,43,38,TRUE
Male,Loyal Customer,56,Personal Travel,Eco,691,2,5,2,2,3,2,3,3,5,4,5,4,3,3.31,5,0,FALSE
Female,Disloyal Customer,12,Business Travel,Eco,1234,3,3,3,1,2,3,2,2,3,2,3,5,2,2.62,0,0,FALSE
Female,Loyal Customer,41,Personal Travel,Business,1142,3,1,3,3,5,4,3,2,2,3,4,2,4,3,0,0,FALSE
Male,Loyal Customer,41,Business Travel,Business,2586,1,1,1,1,4,5,4,5,5,5,5,3,4,3.38,0,0,TRUE
Female,Loyal Customer,27,Personal Travel,Eco,438,3,2,3,2,3,3,3,3,4,3,2,4,3,2.92,2,0,FALSE
Male,Loyal Customer,15,Personal Travel,Eco,1342,2,3,2,1,3,2,3,3,4,3,4,4,3,2.85,38,28,FALSE
Female,Loyal Customer,32,Business Travel,Eco,1476,0,0,0,2,1,0,1,1,1,3,4,2,1,1.23,0,0,TRUE
Male,Loyal Customer,35,Personal Travel,Eco,919,3,4,3,1,2,3,2,2,4,5,4,5,2,3.08,1,0,FALSE
Female,Loyal Customer,43,Business Travel,Business,2266,3,3,3,3,5,5,5,4,4,5,4,4,5,4.08,25,27,TRUE
Male,Loyal Customer,37,Business Travel,Business,2475,3,3,3,3,3,3,5,5,5,5,5,3,5,3.92,9,0,TRUE
Male,Loyal Customer,33,Personal Travel,Eco,363,3,3,3,2,2,3,2,2,3,1,4,1,2,2.38,2,3,FALSE
Male,Loyal Customer,13,Personal Travel,Eco,1065,3,2,3,3,3,4,4,4,2,3,2,4,4,3.15,202,198,FALSE
Male,Loyal Customer,60,Business Travel,Business,404,4,4,4,4,5,5,5,5,5,5,5,3,5,4.54,0,0,TRUE
Male,Loyal Customer,46,Business Travel,Business,2323,1,3,3,3,5,3,3,1,1,1,1,2,3,2.31,6,9,FALSE
Male,Loyal Customer,32,Personal Travel,Eco,1747,2,1,2,4,1,2,1,1,1,3,3,3,1,1.92,48,47,FALSE
Male,Loyal Customer,37,Business Travel,Business,2458,4,3,4,3,2,4,4,3,3,3,4,2,1,3.08,0,0,FALSE
Female,Loyal Customer,48,Business Travel,Business,1984,2,2,2,2,2,5,4,5,5,5,5,5,5,3.77,12,22,TRUE
Female,Disloyal Customer,20,Personal Travel,Business,991,3,5,3,2,3,3,3,3,3,3,5,3,3,3.23,8,37,FALSE
Male,Loyal Customer,25,Business Travel,Business,2501,3,3,3,3,4,4,4,4,4,3,1,5,4,3.46,0,0,TRUE
Male,Loyal Customer,26,Business Travel,Business,581,3,3,3,3,3,3,3,3,2,5,3,3,3,3.08,22,28,FALSE
Male,Loyal Customer,23,Business Travel,Business,2867,2,2,2,2,5,5,5,5,4,2,5,5,5,3.77,0,0,TRUE
Female,Loyal Customer,68,Personal Travel,Eco,1041,2,4,2,1,2,5,5,1,1,2,1,4,3,2.54,33,33,FALSE
Male,Loyal Customer,58,Business Travel,Business,2475,4,4,4,4,2,4,5,5,5,5,5,4,5,4.31,0,0,TRUE
Male,Loyal Customer,51,Business Travel,Eco,82,3,3,3,3,3,3,3,3,3,4,3,1,3,2.92,0,0,FALSE
Male,Loyal Customer,51,Business Travel,Business,3288,2,2,2,2,5,5,5,3,3,5,4,5,5,3.69,152,156,TRUE
Male,Loyal Customer,34,Business Travel,Business,399,3,3,3,3,5,3,2,3,3,3,3,4,3,3.15,33,33,TRUE
Male,Loyal Customer,47,Business Travel,Business,3922,5,5,5,5,3,5,5,3,3,4,3,4,4,4.15,0,0,TRUE
Female,Loyal Customer,8,Personal Travel,Business,229,2,4,2,2,4,2,4,4,5,3,4,5,4,3.46,14,5,FALSE
Male,Loyal Customer,27,Business Travel,Business,1046,5,5,4,5,5,5,5,5,1,2,3,1,5,3.92,0,5,TRUE
Female,Loyal Customer,33,Business Travel,Eco,259,3,2,2,2,3,3,3,3,1,2,3,2,3,2.46,6,2,FALSE
Female,Loyal Customer,33,Business Travel,Business,1990,1,4,4,4,2,3,4,1,1,1,1,4,3,2.54,0,0,FALSE
Male,Loyal Customer,55,Business Travel,Business,3766,4,2,4,4,3,3,3,5,4,5,4,3,3,3.62,185,158,TRUE
Male,Loyal Customer,46,Personal Travel,Eco,1299,1,4,1,5,2,1,2,2,3,4,5,3,2,2.69,85,86,FALSE
Female,Loyal Customer,50,Business Travel,Business,486,3,3,3,3,5,5,4,5,5,5,5,5,5,4.31,25,30,TRUE
Female,Loyal Customer,60,Business Travel,Business,3914,3,3,3,3,4,5,5,5,5,5,5,3,5,4.15,0,4,TRUE
Female,Loyal Customer,73,Business Travel,Eco,373,2,5,5,5,4,2,2,2,2,2,2,1,3,2.85,0,0,FALSE
Female,Loyal Customer,43,Business Travel,Business,843,5,5,5,5,3,4,5,4,4,4,4,4,4,4.31,0,0,TRUE
Female,Loyal Customer,66,Business Travel,Eco,575,2,1,1,1,3,3,4,2,2,2,2,3,4,2.31,2,3,FALSE
Male,Loyal Customer,44,Business Travel,Business,425,4,4,4,4,4,5,5,5,5,5,5,5,5,4.62,0,0,TRUE
Female,Loyal Customer,58,Business Travel,Business,2816,0,3,1,4,3,1,3,5,5,1,1,1,2,2.31,0,4,TRUE
Male,Loyal Customer,21,Personal Travel,Eco,100,3,5,3,3,1,3,1,1,3,2,5,3,1,2.62,0,5,FALSE
Female,Loyal Customer,22,Business Travel,Business,2074,3,3,3,3,3,3,3,3,2,1,2,2,3,2.62,0,0,FALSE
Female,Loyal Customer,42,Business Travel,Business,237,4,4,3,4,2,4,5,4,4,4,4,4,4,3.85,11,2,TRUE
Female,Loyal Customer,42,Business Travel,Business,550,2,2,2,2,1,3,3,2,2,2,2,2,2,2.08,58,64,FALSE
Male,Loyal Customer,33,Business Travel,Business,3204,3,3,3,3,4,4,4,4,5,3,4,4,4,3.69,0,0,TRUE
Male,Loyal Customer,26,Personal Travel,Eco,955,4,4,4,5,5,4,5,5,5,3,4,5,5,4.46,0,0,FALSE
Male,Loyal Customer,46,Business Travel,Business,3660,4,4,4,4,2,4,4,5,5,4,5,4,5,4.15,3,0,TRUE
Male,Loyal Customer,10,Personal Travel,Business,2136,0,2,0,3,4,0,4,4,1,4,3,1,4,2.31,1,0,TRUE
Female,Loyal Customer,28,Personal Travel,Eco,882,1,1,1,2,1,1,1,1,1,5,2,4,1,1.69,0,0,FALSE
Female,Loyal Customer,47,Business Travel,Business,2200,2,2,2,2,5,5,4,4,4,4,5,5,5,3.77,0,0,TRUE
Female,Loyal Customer,10,Personal Travel,Eco,480,1,2,1,2,1,1,1,1,1,5,1,2,1,1.54,0,0,FALSE
Female,Loyal Customer,40,Business Travel,Business,3906,2,2,2,2,5,5,5,4,4,4,4,3,3,3.46,0,0,TRUE
Male,Loyal Customer,50,Business Travel,Business,447,2,5,2,2,4,5,4,4,4,4,4,3,3,3.54,2,0,TRUE
Female,Loyal Customer,43,Business Travel,Business,328,4,4,4,4,2,4,4,4,4,4,4,4,4,3.85,1,0,TRUE
Female,Loyal Customer,48,Personal Travel,Eco,626,5,5,5,1,2,5,4,1,1,5,1,5,4,3.38,0,0,TRUE
Female,Disloyal Customer,25,Business Travel,Eco,1069,1,1,1,4,2,1,2,2,1,5,4,2,2,2.15,41,47,FALSE
Female,Disloyal Customer,48,Business Travel,Business,733,4,4,4,3,3,4,3,3,5,5,4,5,3,3.85,2,7,FALSE
Female,Loyal Customer,36,Business Travel,Eco,337,2,1,1,1,2,2,2,2,4,4,3,2,2,2.15,152,159,FALSE
Male,Loyal Customer,51,Business Travel,Business,311,4,4,4,4,3,3,1,4,4,4,4,1,4,3.38,0,0,TRUE
Female,Loyal Customer,9,Personal Travel,Eco,862,0,4,0,4,3,4,3,3,3,3,5,4,3,3,1,5,TRUE
Male,Loyal Customer,41,Business Travel,Eco,387,5,3,3,3,5,5,5,5,2,1,2,2,5,3.54,23,25,TRUE
Male,Loyal Customer,44,Business Travel,Business,2136,5,5,5,5,3,4,5,5,5,5,5,3,4,4.54,0,0,TRUE
Female,Loyal Customer,55,Personal Travel,Eco,892,1,4,0,4,5,5,5,3,3,0,3,4,5,3.23,16,,FALSE
Female,Loyal Customer,33,Personal Travel,Eco,216,3,0,3,1,1,3,1,1,3,3,4,3,1,2.08,0,0,FALSE
Female,Loyal Customer,43,Business Travel,Eco Plus,746,3,5,5,5,3,3,3,3,5,3,4,3,3,3.69,191,239,FALSE
Male,Loyal Customer,44,Business Travel,Eco Plus,2139,2,1,1,1,2,2,2,2,3,2,3,4,2,2.08,1,0,FALSE
Female,Loyal Customer,10,Personal Travel,Eco,1010,4,4,4,4,3,4,3,3,2,2,4,4,3,3.38,66,66,FALSE
Male,Loyal Customer,39,Business Travel,Business,190,4,4,4,4,4,5,5,5,5,4,4,3,5,4.31,0,4,TRUE
Female,Loyal Customer,57,Business Travel,Business,3989,3,3,3,3,2,4,4,2,2,2,2,3,4,2.85,0,0,TRUE
Male,Loyal Customer,53,Business Travel,Business,1596,4,1,4,4,2,4,5,4,4,4,4,5,3,3.69,0,0,TRUE
Female,Loyal Customer,40,Business Travel,Business,3194,2,2,2,2,3,4,4,4,4,4,4,5,3,3.31,0,0,TRUE
Male,Loyal Customer,41,Business Travel,Business,3036,3,3,3,3,4,4,5,5,5,5,5,3,5,4.08,40,41,TRUE
Female,Loyal Customer,40,Business Travel,Business,1542,1,1,1,1,5,5,5,5,3,5,4,5,5,3.54,138,131,TRUE
Female,Loyal Customer,42,Business Travel,Business,417,2,2,2,2,3,4,4,3,3,4,3,5,4,3.15,7,3,TRUE
Male,Loyal Customer,44,Business Travel,Eco,564,5,5,5,5,5,5,5,5,3,3,1,5,5,4.38,79,53,TRUE
Male,Loyal Customer,16,Personal Travel,Business,395,4,4,4,1,5,4,5,5,3,2,4,3,5,3.77,81,90,FALSE
Male,Loyal Customer,41,Business Travel,Business,3103,5,5,3,5,5,5,4,4,4,4,4,5,5,4.46,5,3,TRUE
Female,Loyal Customer,46,Business Travel,Business,1721,3,3,3,3,3,5,4,5,5,5,5,3,5,4,0,0,TRUE
Female,Loyal Customer,32,Business Travel,Business,2900,2,4,4,4,2,2,2,2,1,1,4,4,2,2.62,0,0,FALSE
Female,Loyal Customer,36,Business Travel,Business,134,4,4,4,4,4,5,4,4,4,4,5,3,3,4,23,22,TRUE
Female,Loyal Customer,40,Business Travel,Business,2994,3,3,3,3,4,4,4,5,4,4,5,4,4,3.85,0,6,TRUE
Male,Loyal Customer,43,Business Travel,Business,137,5,5,5,5,3,3,2,4,4,4,3,2,2,3.62,43,53,TRUE
Female,Loyal Customer,37,Business Travel,Business,1752,0,0,0,4,1,5,5,1,1,1,1,5,1,1.92,0,3,TRUE
Male,Loyal Customer,47,Personal Travel,Eco,631,3,4,3,1,5,3,5,5,3,3,4,5,5,3.77,0,0,FALSE
Male,Disloyal Customer,27,Business Travel,Business,551,0,0,0,2,2,0,2,2,5,2,5,3,2,1.92,0,0,TRUE
Male,Loyal Customer,28,Personal Travel,Eco,292,2,5,2,3,2,2,2,2,5,2,5,5,2,3,0,0,FALSE
Female,Loyal Customer,10,Personal Travel,Eco Plus,153,3,4,3,1,5,3,5,5,3,2,5,5,5,3.77,115,120,FALSE
Female,Loyal Customer,26,Personal Travel,Eco,581,2,5,2,5,3,2,3,3,2,2,3,2,3,2.85,2,3,FALSE
Female,Disloyal Customer,28,Business Travel,Business,2486,2,2,2,1,3,2,3,3,5,2,5,4,3,2.85,3,0,FALSE
Male,Loyal Customer,54,Business Travel,Business,695,4,4,4,4,3,5,5,4,4,4,4,5,5,4.23,0,0,TRUE
Male,Loyal Customer,46,Business Travel,Business,2176,2,2,2,2,2,5,5,2,2,2,2,4,4,2.77,84,63,TRUE
Male,Loyal Customer,19,Business Travel,Eco Plus,1024,4,5,5,5,4,4,5,4,1,4,2,4,4,3.92,0,0,TRUE
Male,Loyal Customer,64,Personal Travel,Eco,302,2,4,2,4,2,2,2,2,4,4,4,5,2,3,4,12,FALSE
Female,Disloyal Customer,22,Business Travel,Eco,458,0,0,0,5,3,0,3,3,5,5,2,2,3,2.38,35,63,TRUE
Male,Disloyal Customer,30,Business Travel,Eco,408,1,5,1,1,3,1,3,3,2,1,3,5,3,2.46,24,15,FALSE
Female,Disloyal Customer,22,Business Travel,Eco,677,4,4,4,5,4,4,4,4,3,2,4,4,4,3.85,4,0,TRUE
Female,Disloyal Customer,21,Business Travel,Eco,542,5,0,5,4,5,0,5,5,3,3,2,3,5,3.46,0,0,TRUE
Male,Loyal Customer,45,Business Travel,Business,3709,4,4,4,4,3,5,1,4,4,4,4,4,3,3.69,0,2,TRUE
Male,Loyal Customer,53,Personal Travel,Eco,223,4,4,4,3,5,4,5,5,1,2,4,2,5,3.69,0,3,FALSE
Male,Loyal Customer,54,Personal Travel,Eco,1846,1,3,2,4,3,2,3,3,4,5,4,2,3,3,27,4,FALSE
Female,Loyal Customer,59,Business Travel,Business,2513,3,2,2,2,1,3,3,3,3,3,3,4,1,2.54,0,0,FALSE
Female,Loyal Customer,18,Personal Travel,Eco,231,3,5,3,3,4,3,4,4,5,5,5,3,4,3.92,32,53,FALSE
Male,Loyal Customer,16,Personal Travel,Eco Plus,895,1,3,1,1,3,1,3,3,4,5,1,1,3,2.31,17,0,FALSE
Male,Loyal Customer,8,Personal Travel,Eco,364,3,4,3,4,5,3,2,5,2,1,3,4,5,3.38,0,0,FALSE
Male,Loyal Customer,27,Business Travel,Eco,223,5,3,3,3,5,5,5,5,3,1,5,2,5,3.85,0,0,TRUE
Male,Loyal Customer,37,Personal Travel,Eco,304,3,4,3,4,2,3,2,2,5,4,4,3,2,3.15,72,61,FALSE
Male,Loyal Customer,50,Business Travel,Eco Plus,808,2,4,4,4,2,2,2,2,2,2,3,4,2,2.69,7,14,FALSE
Female,Loyal Customer,40,Personal Travel,Eco,746,1,3,1,4,4,1,4,4,2,2,3,2,4,2.69,0,14,FALSE
Female,Loyal Customer,62,Personal Travel,Eco,2586,1,2,1,2,1,4,5,1,4,3,2,5,5,2.77,0,37,FALSE
Female,Loyal Customer,67,Personal Travel,Eco,460,2,5,2,2,3,4,4,1,1,2,1,4,5,2.77,0,0,FALSE
Female,Loyal Customer,44,Business Travel,Business,3918,0,4,0,4,4,4,4,1,1,1,1,3,5,2.46,0,0,TRUE
Male,Disloyal Customer,34,Business Travel,Business,862,3,3,3,1,2,3,2,2,3,5,5,3,2,2.85,63,53,FALSE
Male,Loyal Customer,32,Business Travel,Business,2845,1,1,1,1,4,4,4,4,4,1,4,1,4,2.62,12,4,TRUE
Male,Loyal Customer,50,Personal Travel,Eco Plus,397,5,4,5,4,3,5,3,3,3,5,5,5,3,4.08,0,0,TRUE
Male,Loyal Customer,31,Personal Travel,Eco,468,4,4,1,4,3,1,3,3,5,5,5,2,3,3.31,0,11,FALSE
Male,Disloyal Customer,44,Business Travel,Business,409,3,3,3,1,3,3,3,3,3,4,5,4,3,3.15,0,0,FALSE
Male,Loyal Customer,31,Business Travel,Business,1774,2,2,2,2,4,4,4,4,3,4,3,1,4,3,0,0,TRUE
Male,Loyal Customer,58,Personal Travel,Eco,545,1,4,1,3,2,1,2,2,2,5,4,1,2,2.31,0,0,FALSE
Male,Disloyal Customer,33,Business Travel,Business,2640,2,2,2,3,5,2,5,5,4,3,4,3,5,3.46,0,0,FALSE
Male,Loyal Customer,35,Business Travel,Business,2846,3,3,3,3,2,4,4,4,4,4,4,5,3,3.54,18,8,TRUE
Female,Loyal Customer,54,Personal Travel,Business,597,3,0,4,3,5,5,5,4,4,4,4,4,3,3.69,0,0,FALSE
Female,Loyal Customer,45,Personal Travel,Eco Plus,484,3,5,3,4,3,5,5,4,4,3,5,4,4,4,0,0,FALSE
Female,Loyal Customer,29,Business Travel,Eco,836,0,0,0,4,5,0,3,5,3,2,5,1,5,2.54,0,0,TRUE
Female,Loyal Customer,59,Business Travel,Eco,650,5,1,5,1,3,4,2,5,5,5,5,1,1,3.31,0,0,TRUE
Male,Disloyal Customer,37,Business Travel,Eco,199,4,5,4,2,4,4,5,4,2,1,4,5,4,3.69,25,20,FALSE
Female,Disloyal Customer,20,Business Travel,Eco,852,4,4,4,4,5,4,5,5,4,5,3,4,5,4.31,20,0,FALSE
Male,Loyal Customer,25,Business Travel,Business,616,3,3,3,3,4,4,4,4,5,2,5,3,4,3.62,0,0,TRUE
Male,Loyal Customer,52,Business Travel,Business,936,3,3,3,3,5,4,5,4,4,4,4,5,4,3.92,0,0,TRUE
Female,Loyal Customer,37,Business Travel,Business,3117,4,4,3,4,1,4,3,5,5,5,5,3,2,3.69,0,0,TRUE
Female,Loyal Customer,56,Business Travel,Business,2053,5,5,5,5,2,5,4,4,4,4,4,5,3,4.23,1,5,TRUE
Female,Loyal Customer,31,Personal Travel,Eco,451,1,2,1,4,1,1,1,1,2,1,4,4,1,1.85,0,5,FALSE
Male,Loyal Customer,58,Business Travel,Business,1345,3,3,3,3,2,5,5,5,5,5,5,4,5,4.08,0,0,TRUE
Female,Loyal Customer,45,Business Travel,Business,2402,4,4,4,4,4,3,5,5,5,5,5,4,3,4.23,0,0,TRUE
Female,Loyal Customer,27,Business Travel,Eco,1084,4,1,1,1,4,4,4,4,4,3,5,4,4,3.31,0,0,TRUE
Male,Disloyal Customer,14,Business Travel,Eco Plus,925,1,3,0,3,1,0,1,1,4,4,4,1,1,1.85,32,19,FALSE
Female,Disloyal Customer,25,Business Travel,Eco,83,1,1,1,3,1,1,1,1,4,4,4,1,1,1.85,0,11,FALSE
Male,Loyal Customer,40,Business Travel,Business,3360,5,5,5,5,5,4,5,5,5,5,5,4,5,4.85,0,0,TRUE
Male,Loyal Customer,48,Business Travel,Business,3497,1,1,1,1,5,5,3,4,4,4,4,5,4,3.23,0,7,TRUE
Male,Loyal Customer,59,Business Travel,Business,2586,2,2,2,2,4,4,4,5,3,3,5,4,4,3.38,20,11,TRUE
Male,Loyal Customer,58,Business Travel,Business,1447,2,2,2,2,3,5,4,5,5,5,5,5,5,3.85,0,0,TRUE
Female,Loyal Customer,46,Business Travel,Business,3986,5,5,5,5,2,4,1,5,5,5,5,2,5,4.15,0,0,TRUE
Male,Loyal Customer,46,Business Travel,Business,948,2,2,2,2,1,3,3,2,2,2,2,3,1,2.08,1,16,FALSE
Female,Loyal Customer,22,Business Travel,Business,391,3,2,2,2,3,3,3,3,3,3,3,1,3,2.62,0,0,FALSE
Male,Disloyal Customer,10,Business Travel,Eco,628,4,0,4,3,3,4,1,3,2,1,5,4,3,2.85,1,0,TRUE
Female,Loyal Customer,29,Business Travel,Eco Plus,594,4,2,2,2,4,4,4,4,2,5,3,4,4,3.38,18,0,FALSE
Male,Loyal Customer,17,Personal Travel,Eco,788,1,4,0,3,3,0,3,3,4,3,3,3,3,2.54,52,48,FALSE
Female,Loyal Customer,47,Business Travel,Business,2049,5,5,5,5,3,4,4,5,5,5,5,4,3,4.46,0,0,TRUE
Female,Loyal Customer,48,Personal Travel,Eco Plus,589,4,4,4,2,5,4,5,4,4,4,4,3,4,3.92,0,0,TRUE
Male,Loyal Customer,35,Business Travel,Eco,1499,3,3,3,3,3,3,3,3,1,5,2,2,3,2.85,23,33,FALSE
Male,Loyal Customer,27,Business Travel,Eco Plus,227,3,5,3,5,3,4,3,3,4,1,2,1,3,3.08,0,0,TRUE
Female,Loyal Customer,44,Personal Travel,Eco,1910,2,5,2,2,2,5,4,5,5,2,5,4,4,3.62,8,23,FALSE
Male,Loyal Customer,41,Business Travel,Business,277,1,1,1,1,3,5,5,5,5,5,5,4,4,3.46,0,0,TRUE
Male,Loyal Customer,26,Business Travel,Eco Plus,90,2,5,5,5,2,2,4,2,4,2,4,1,2,3.08,15,11,FALSE
Female,Loyal Customer,55,Business Travel,Business,1800,5,5,3,5,3,5,4,5,5,5,5,1,2,4.08,0,0,TRUE
Female,Loyal Customer,33,Business Travel,Business,3643,1,2,2,2,4,4,3,1,1,1,1,1,3,2,0,0,FALSE
Female,Loyal Customer,24,Business Travel,Business,1005,2,2,2,2,4,4,4,4,1,3,4,1,4,2.85,11,0,TRUE
Male,Disloyal Customer,24,Business Travel,Eco,446,2,1,2,3,2,2,1,2,1,5,3,1,2,2.08,51,66,FALSE
Female,Loyal Customer,41,Business Travel,Business,305,0,0,0,3,2,3,1,2,2,2,2,4,1,1.69,0,0,TRUE
Male,Loyal Customer,49,Business Travel,Eco,516,4,4,4,4,4,4,4,4,5,2,2,4,4,3.77,0,0,TRUE
Male,Loyal Customer,31,Business Travel,Business,1535,3,3,3,3,3,4,3,3,5,4,5,5,3,3.62,3,0,TRUE
Female,Loyal Customer,66,Personal Travel,Eco Plus,237,1,4,0,5,5,5,4,3,3,0,3,5,3,3.15,18,19,FALSE
Male,Loyal Customer,26,Personal Travel,Eco,200,2,2,2,3,2,2,2,2,2,2,3,1,2,2.08,0,0,FALSE
Male,Loyal Customer,48,Business Travel,Business,3800,1,3,1,1,5,5,4,5,5,5,4,4,4,3.62,0,0,TRUE
Male,Loyal Customer,48,Personal Travel,Eco,631,4,5,4,4,5,4,5,5,3,4,4,4,5,4.31,12,7,FALSE
Male,Disloyal Customer,37,Business Travel,Business,1052,3,3,3,2,3,3,4,3,3,2,5,5,3,3.23,8,0,FALSE
Female,Loyal Customer,18,Business Travel,Business,265,3,3,3,3,4,5,4,4,4,4,5,3,4,3.77,0,0,TRUE
Female,Loyal Customer,67,Personal Travel,Eco,438,3,4,3,3,2,5,5,3,3,3,4,4,4,3.54,104,101,FALSE
Female,Loyal Customer,58,Business Travel,Business,3490,3,3,3,3,3,4,5,4,4,4,4,3,3,3.54,12,6,TRUE
Male,Loyal Customer,26,Business Travel,Business,3106,1,0,0,3,3,0,2,3,4,2,2,2,3,1.92,0,9,FALSE
Male,Loyal Customer,36,Business Travel,Business,1783,5,5,5,5,5,4,5,3,3,4,3,3,3,4.08,2,0,TRUE
Female,Loyal Customer,60,Business Travel,Business,2207,1,1,1,1,5,4,4,4,4,5,5,3,4,3.23,0,0,TRUE
Female,Loyal Customer,34,Business Travel,Business,1204,3,4,4,4,1,3,3,3,3,3,3,2,3,3,36,28,FALSE
Male,Disloyal Customer,24,Business Travel,Business,584,5,0,5,1,3,5,4,3,5,4,4,3,3,3.46,13,11,TRUE
Male,Loyal Customer,66,Business Travel,Business,259,5,5,4,5,3,2,2,4,4,4,4,4,2,3.69,0,0,TRUE
Male,Loyal Customer,64,Business Travel,Business,141,1,1,3,1,1,3,2,5,5,5,4,2,5,2.92,0,0,TRUE
Female,Loyal Customer,42,Business Travel,Business,1117,1,1,1,1,1,1,5,4,4,4,4,2,3,2.46,0,0,TRUE
Female,Loyal Customer,42,Business Travel,Business,2365,0,0,0,3,3,4,4,4,4,5,5,5,5,3.23,0,0,TRUE
Male,Loyal Customer,39,Business Travel,Business,153,3,3,3,3,4,5,1,3,3,4,4,4,3,3.31,0,1,TRUE
Male,Loyal Customer,18,Personal Travel,Eco,671,3,2,3,2,3,3,3,3,3,1,1,3,3,2.54,0,0,FALSE
Male,Loyal Customer,60,Business Travel,Business,3916,1,1,1,1,5,4,4,4,4,5,4,3,5,3.23,1,8,TRUE
Male,Loyal Customer,67,Personal Travel,Eco,581,3,5,3,1,2,3,2,2,5,4,4,4,2,3.08,72,69,FALSE
Male,Loyal Customer,53,Personal Travel,Eco,802,1,5,1,3,2,1,2,2,3,5,4,5,2,2.77,31,39,FALSE
Female,Loyal Customer,48,Business Travel,Business,1700,0,4,0,4,3,5,4,2,2,2,2,3,3,2.62,0,0,TRUE
Male,Loyal Customer,23,Business Travel,Business,1514,1,1,1,1,5,5,5,5,4,2,4,5,5,3.38,1,0,TRUE
Male,Loyal Customer,35,Personal Travel,Eco,925,3,4,3,2,3,3,3,3,3,4,4,3,3,3.15,2,0,FALSE
Female,Loyal Customer,21,Personal Travel,Eco,373,3,4,3,2,4,3,4,4,2,3,4,5,4,3.46,31,22,FALSE
Male,Loyal Customer,23,Personal Travel,Eco,909,4,5,4,2,4,4,4,4,5,4,3,2,4,3.77,1,0,FALSE
Male,Loyal Customer,33,Business Travel,Business,1990,5,5,5,5,4,4,4,4,4,1,5,5,4,4.23,0,0,TRUE
Male,Disloyal Customer,42,Business Travel,Business,293,4,3,3,4,5,4,5,5,5,2,4,4,5,4.08,0,0,FALSE
Male,Loyal Customer,24,Personal Travel,Eco,1345,4,4,4,3,5,4,2,5,5,1,5,5,5,4,26,33,FALSE
Female,Loyal Customer,11,Personal Travel,Eco Plus,311,3,4,5,1,5,5,1,5,5,2,4,4,5,3.77,32,75,FALSE
Male,Loyal Customer,21,Personal Travel,Eco,294,2,5,2,3,1,2,1,1,4,2,4,3,1,2.38,0,0,FALSE
Male,Disloyal Customer,30,Business Travel,Business,719,2,2,2,3,3,2,3,3,2,2,2,1,3,2.31,45,41,FALSE
Female,Loyal Customer,47,Business Travel,Business,1967,3,3,5,3,3,5,5,5,5,5,5,4,4,4.23,81,89,TRUE
Male,Loyal Customer,48,Personal Travel,Eco,349,3,4,3,2,2,3,3,2,5,3,4,4,2,3.08,28,29,FALSE
Male,Loyal Customer,64,Business Travel,Business,304,5,3,5,5,5,4,4,4,4,4,4,3,5,4.23,0,8,TRUE
Male,Loyal Customer,44,Business Travel,Eco,1754,2,1,2,2,2,2,2,2,1,2,1,1,2,1.69,0,0,FALSE
Male,Loyal Customer,25,Business Travel,Business,2739,3,4,1,4,3,3,3,3,3,5,4,3,3,3.23,16,8,FALSE
Female,Loyal Customer,41,Business Travel,Business,3170,2,2,2,2,2,4,4,5,5,5,5,4,5,3.62,0,0,TRUE
Male,Loyal Customer,54,Business Travel,Business,1524,1,1,1,1,3,4,4,5,5,5,5,4,3,3.23,17,15,TRUE
Male,Loyal Customer,30,Personal Travel,Eco Plus,160,2,4,2,1,4,2,4,4,4,5,4,3,4,3.31,0,0,FALSE
Male,Disloyal Customer,15,Business Travel,Eco,870,1,0,0,5,5,0,5,5,4,4,5,5,5,3.38,0,0,FALSE
Male,Disloyal Customer,11,Business Travel,Eco,1036,3,3,3,5,3,3,3,3,4,3,5,4,3,3.46,4,2,FALSE
Female,Loyal Customer,51,Personal Travel,Eco,1504,2,4,2,2,4,3,4,5,5,2,5,4,4,3.54,0,0,FALSE
Female,Disloyal Customer,46,Business Travel,Business,2288,2,3,3,3,2,5,5,5,5,5,4,5,5,4,0,10,FALSE
Female,Loyal Customer,32,Business Travel,Business,3200,1,2,2,2,1,1,1,1,4,4,3,2,1,1.92,38,21,FALSE
Female,Disloyal Customer,33,Business Travel,Business,393,3,3,3,4,3,3,3,3,4,3,4,3,3,3.23,10,8,FALSE
Female,Loyal Customer,30,Business Travel,Business,2303,3,5,3,3,2,2,2,2,4,4,2,3,2,2.85,0,0,TRUE
Male,Loyal Customer,21,Personal Travel,Eco,1120,2,4,2,4,1,2,1,1,5,5,4,5,1,2.85,38,50,FALSE
Female,Loyal Customer,31,Personal Travel,Eco Plus,1751,2,1,2,3,2,2,2,2,3,3,4,1,2,2.23,9,7,FALSE
Male,Loyal Customer,10,Personal Travel,Eco,223,2,5,2,4,3,2,3,3,3,5,4,4,3,3.31,52,47,FALSE
Male,Loyal Customer,44,Business Travel,Business,361,4,4,4,4,4,5,4,5,5,5,5,3,4,4.31,0,0,TRUE
Female,Disloyal Customer,27,Business Travel,Eco,259,3,4,3,4,2,3,2,2,2,5,4,1,2,2.85,25,23,FALSE
Male,Loyal Customer,56,Business Travel,Business,3805,3,3,3,3,2,5,4,4,4,4,4,4,4,3.62,0,0,TRUE
Female,Loyal Customer,51,Business Travel,Business,2065,3,4,4,4,2,4,4,3,3,3,3,3,3,3.31,0,0,FALSE
Female,Loyal Customer,32,Business Travel,Business,2423,1,1,1,1,4,4,5,4,5,2,5,5,4,3.23,0,0,TRUE
Female,Disloyal Customer,25,Business Travel,Business,448,2,5,2,1,1,2,1,1,3,3,5,3,1,2.31,13,2,FALSE
Male,Loyal Customer,41,Business Travel,Business,746,2,2,2,2,3,4,5,4,4,4,4,3,4,3.31,0,17,TRUE
Male,Loyal Customer,41,Business Travel,Business,1514,5,5,5,5,2,5,4,4,4,4,4,3,3,4.08,0,3,TRUE
Male,Loyal Customer,23,Business Travel,Business,3991,1,1,1,1,3,4,3,3,5,3,5,5,3,2.92,0,0,TRUE
Male,Loyal Customer,24,Business Travel,Eco Plus,680,1,1,1,1,1,1,3,1,3,5,3,3,1,1.92,0,0,FALSE
Male,Loyal Customer,38,Business Travel,Business,2486,5,5,5,5,2,3,5,5,5,5,5,3,3,4.31,57,55,TRUE
Male,Loyal Customer,69,Personal Travel,Eco,859,2,3,2,3,1,2,1,1,3,4,1,2,1,2,5,6,FALSE
Male,Disloyal Customer,24,Business Travel,Business,1105,5,1,5,1,5,5,5,5,5,3,5,5,5,4.23,0,0,TRUE
Female,Disloyal Customer,25,Business Travel,Eco Plus,406,2,1,2,4,4,2,2,4,4,5,4,4,4,3.23,9,5,FALSE
Male,Loyal Customer,63,Personal Travel,Eco,936,2,3,2,3,2,3,3,3,3,4,3,3,3,2.85,166,151,FALSE
Female,Disloyal Customer,26,Business Travel,Eco,399,2,4,2,4,2,2,2,2,2,2,4,4,2,2.62,0,0,FALSE
Male,Loyal Customer,38,Personal Travel,Eco,1008,3,2,3,3,5,3,5,5,3,3,3,3,5,3.54,0,0,FALSE
Female,Loyal Customer,62,Business Travel,Eco,577,2,2,2,2,2,3,3,2,2,2,2,2,2,2.15,7,12,FALSE
Male,Disloyal Customer,21,Business Travel,Eco,393,3,0,4,4,2,4,2,2,3,4,4,3,2,2.85,1,0,FALSE
Male,Disloyal Customer,36,Business Travel,Eco Plus,134,2,2,2,4,4,2,4,4,2,5,3,1,4,3,0,0,FALSE
Male,Loyal Customer,56,Personal Travel,Eco,937,1,5,1,2,3,1,3,3,5,5,5,4,3,3.15,7,6,FALSE
Male,Loyal Customer,42,Business Travel,Eco,762,3,5,5,5,3,3,3,3,3,1,4,3,3,3.38,9,0,FALSE
Male,Loyal Customer,28,Business Travel,Business,484,2,2,2,2,4,4,4,4,5,5,4,3,4,3.46,0,0,TRUE
Female,Loyal Customer,25,Business Travel,Business,1009,2,2,2,2,5,5,5,5,3,2,5,5,5,3.69,0,0,TRUE
Male,Loyal Customer,44,Personal Travel,Eco,371,2,2,2,3,4,2,1,4,2,1,4,1,4,2.46,1,0,FALSE
Female,Loyal Customer,35,Personal Travel,Eco,1197,3,4,3,2,4,3,4,4,5,3,2,3,4,3.38,0,0,FALSE
Female,Loyal Customer,29,Business Travel,Business,1647,1,1,1,1,4,4,4,4,3,5,4,3,4,3,0,1,TRUE
Female,Disloyal Customer,24,Business Travel,Business,669,4,0,3,3,3,3,4,3,4,2,4,4,3,3.08,0,1,TRUE
Male,Loyal Customer,27,Personal Travel,Eco,632,2,1,2,3,1,2,1,1,2,5,2,3,1,2,0,0,FALSE
Female,Disloyal Customer,26,Business Travel,Eco Plus,1237,1,1,1,2,5,1,5,5,4,5,4,2,5,3.15,0,0,FALSE
Female,Disloyal Customer,25,Business Travel,Eco,157,3,3,3,3,2,3,2,2,1,5,4,1,2,2.62,0,0,FALSE
Male,Loyal Customer,43,Business Travel,Business,2985,5,5,5,5,2,1,3,4,4,4,4,4,1,3.62,0,0,TRUE
Female,Loyal Customer,56,Business Travel,Business,2009,3,3,3,3,3,5,5,4,4,4,4,3,5,3.77,0,0,TRUE
Male,Loyal Customer,46,Business Travel,Business,2189,0,5,0,1,4,4,3,1,1,1,1,3,3,2.08,0,16,TRUE
Female,Disloyal Customer,40,Business Travel,Business,689,1,1,1,4,5,1,5,5,3,4,3,2,5,3.08,0,0,FALSE
Female,Disloyal Customer,25,Business Travel,Business,1379,4,5,4,5,4,4,4,4,5,2,5,4,4,4.15,0,0,TRUE
Female,Loyal Customer,66,Business Travel,Eco,224,2,2,2,2,5,3,4,2,2,2,2,3,1,2.46,7,19,FALSE
Female,Loyal Customer,40,Business Travel,Eco,948,4,2,2,2,4,4,4,4,3,5,3,1,4,3.23,0,0,TRUE
Male,Loyal Customer,51,Business Travel,Business,177,1,4,4,4,3,1,1,3,3,3,1,1,2,2.38,87,81,FALSE
Male,Disloyal Customer,36,Business Travel,Business,733,2,2,2,3,1,2,1,1,5,5,5,4,1,2.62,0,0,FALSE
Female,Loyal Customer,30,Personal Travel,Eco,888,3,4,4,3,5,4,5,5,4,5,5,3,5,4.23,109,112,FALSE
Female,Disloyal Customer,26,Business Travel,Eco,643,3,4,3,4,5,3,5,5,4,4,4,3,5,4,0,0,FALSE
Female,Loyal Customer,27,Personal Travel,Eco,907,2,3,3,1,3,3,3,3,3,2,4,1,3,2.62,0,9,FALSE
Female,Loyal Customer,29,Personal Travel,Eco,1440,3,5,3,3,5,3,5,5,3,3,4,4,5,3.92,0,0,FALSE
Female,Loyal Customer,39,Business Travel,Eco Plus,1114,2,2,2,2,2,2,2,2,2,2,4,2,2,2.15,0,0,FALSE
Female,Loyal Customer,51,Business Travel,Business,3873,4,1,4,4,4,5,4,4,4,4,4,4,3,3.77,2,0,TRUE
Female,Loyal Customer,39,Business Travel,Business,725,1,1,1,1,2,5,5,3,3,3,3,4,5,2.85,0,0,TRUE
Female,Disloyal Customer,17,Business Travel,Eco,349,3,3,3,3,2,3,2,2,2,1,3,3,2,2.46,0,0,FALSE
Female,Disloyal Customer,23,Business Travel,Eco,377,4,1,4,4,2,4,2,2,4,1,4,1,2,2.69,0,0,FALSE
Female,Loyal Customer,13,Personal Travel,Eco,277,3,3,3,3,5,3,5,5,2,3,4,2,5,3.54,9,9,FALSE
Female,Loyal Customer,42,Personal Travel,Business,1744,0,3,0,3,5,3,4,4,4,0,4,3,3,2.77,10,0,TRUE
Male,Loyal Customer,61,Personal Travel,Eco,349,2,2,1,3,1,1,1,1,4,2,3,3,1,1.92,0,0,FALSE
Female,Loyal Customer,41,Business Travel,Business,2400,5,5,5,5,3,5,5,4,4,4,4,4,3,4.31,0,0,TRUE
Female,Loyal Customer,67,Personal Travel,Eco,573,3,5,3,2,5,5,4,3,3,3,3,3,3,3.46,7,3,FALSE
Female,Loyal Customer,41,Personal Travel,Eco,1068,1,5,1,1,2,1,2,2,4,3,5,4,2,2.54,0,17,FALSE
Female,Loyal Customer,59,Business Travel,Business,2205,3,3,3,3,2,4,5,5,5,4,5,4,4,3.85,5,0,TRUE
Female,Loyal Customer,33,Business Travel,Eco,270,3,5,5,5,3,3,3,3,3,2,3,4,3,3.46,39,30,FALSE
Female,Loyal Customer,44,Personal Travel,Eco,587,4,4,4,4,4,5,5,3,3,4,3,4,5,4,1,0,TRUE
Female,Loyal Customer,48,Business Travel,Eco,862,2,2,2,2,1,4,4,1,1,2,1,1,2,1.92,0,0,FALSE
Male,Loyal Customer,14,Personal Travel,Eco,869,2,5,2,2,1,2,1,1,5,2,1,1,1,2,12,0,FALSE
Male,Disloyal Customer,24,Business Travel,Eco,1542,2,2,2,2,2,2,2,2,4,5,3,1,2,2.38,0,0,FALSE
Male,Loyal Customer,56,Business Travel,Business,226,0,0,0,2,4,4,4,4,4,4,4,4,5,3,0,3,TRUE
Male,Loyal Customer,36,Business Travel,Business,862,2,2,2,2,3,5,5,5,5,5,5,4,3,3.69,21,1,TRUE
Female,Loyal Customer,43,Business Travel,Business,3657,0,0,0,4,2,4,5,2,2,2,2,5,5,2.54,0,1,TRUE
Male,Loyal Customer,22,Personal Travel,Eco,1733,1,4,1,2,2,1,2,2,4,4,5,4,2,2.62,28,14,FALSE
Male,Loyal Customer,65,Personal Travel,Eco,651,4,3,4,3,1,4,1,1,1,1,3,4,1,2.38,0,0,TRUE
Female,Disloyal Customer,22,Business Travel,Eco,223,3,2,3,2,3,3,3,3,3,5,2,4,3,3,11,38,FALSE
Female,Loyal Customer,56,Business Travel,Business,143,3,3,3,3,3,4,1,4,4,5,3,2,2,3.08,0,0,TRUE
Female,Loyal Customer,39,Business Travel,Business,2176,4,5,5,5,2,3,3,3,3,3,4,3,1,3.38,0,0,FALSE
Male,Loyal Customer,16,Personal Travel,Eco,515,3,4,3,4,4,3,1,4,3,5,4,5,4,3.62,15,12,FALSE
Male,Loyal Customer,39,Business Travel,Business,319,0,0,0,2,4,5,5,4,4,4,4,5,3,3.08,31,39,TRUE
Male,Loyal Customer,60,Business Travel,Business,1705,5,5,5,5,1,2,2,5,5,5,5,4,1,3.85,0,0,TRUE
Male,Disloyal Customer,20,Business Travel,Eco,1273,2,2,2,4,3,2,3,3,3,1,4,4,3,2.77,0,1,FALSE
Male,Loyal Customer,32,Personal Travel,Eco,562,1,2,1,4,4,1,4,4,2,5,3,2,4,2.85,87,88,FALSE
Female,Loyal Customer,39,Personal Travel,Eco,373,2,3,2,4,3,2,3,3,1,4,2,4,3,2.77,8,15,FALSE
Male,Loyal Customer,12,Personal Travel,Eco Plus,236,2,3,2,1,1,2,5,1,1,4,1,4,1,2.15,32,25,FALSE
Male,Loyal Customer,67,Personal Travel,Eco,502,4,4,4,3,5,4,5,5,4,3,5,5,5,4.31,0,0,FALSE
Female,Disloyal Customer,35,Business Travel,Eco,809,2,2,2,4,3,2,3,3,1,3,3,2,3,2.54,7,13,FALSE
Female,Loyal Customer,29,Business Travel,Business,1618,1,1,1,1,4,4,4,4,4,3,5,3,4,3,4,0,TRUE
Female,Disloyal Customer,13,Business Travel,Business,804,5,4,5,3,4,5,4,4,3,4,4,4,4,4.08,0,0,TRUE
Male,Disloyal Customer,19,Business Travel,Eco,342,2,0,2,3,4,2,4,4,5,1,2,3,4,2.77,0,0,FALSE
Female,Loyal Customer,37,Personal Travel,Eco,366,2,1,2,2,1,2,1,1,4,5,3,2,1,2.08,0,0,FALSE
Female,Loyal Customer,9,Personal Travel,Eco Plus,2475,3,2,4,4,4,4,2,4,3,3,3,2,2,3.08,0,0,FALSE
Male,Disloyal Customer,27,Business Travel,Business,269,1,1,1,4,4,1,4,4,4,2,5,5,4,3.08,0,0,FALSE
Male,Loyal Customer,60,Business Travel,Eco Plus,989,5,2,2,2,5,5,5,5,2,3,5,1,5,3.62,0,0,TRUE
Female,Disloyal Customer,20,Business Travel,Eco,187,4,4,4,4,5,4,5,5,1,1,3,3,5,3.69,0,0,FALSE
Male,Loyal Customer,33,Personal Travel,Eco,651,3,4,3,4,4,3,4,4,4,2,4,5,4,3.69,0,4,FALSE
Male,Disloyal Customer,25,Business Travel,Business,296,2,4,1,3,5,1,5,5,5,3,4,3,5,3.54,0,0,FALSE
Female,Loyal Customer,58,Personal Travel,Eco,908,2,5,2,2,1,1,3,2,2,2,2,4,3,2.38,0,0,FALSE
Male,Loyal Customer,51,Business Travel,Business,2173,1,1,1,1,2,5,5,5,5,5,5,5,5,3.54,0,0,TRUE
Female,Loyal Customer,59,Business Travel,Business,2096,3,3,3,3,5,4,4,5,5,5,5,4,4,4.08,2,0,TRUE
Male,Loyal Customer,13,Personal Travel,Eco,1416,3,1,3,2,5,3,5,5,4,3,3,4,5,3.54,10,18,FALSE
Female,Loyal Customer,43,Personal Travel,Eco,2586,4,4,4,4,5,2,4,1,1,4,1,2,3,3,0,0,FALSE
Male,Loyal Customer,10,Personal Travel,Eco Plus,102,3,4,3,3,3,3,3,3,3,1,3,2,3,2.85,33,23,FALSE
Female,Loyal Customer,48,Business Travel,Eco,695,5,5,5,5,3,2,1,5,5,5,5,3,3,4,0,0,TRUE
Female,Disloyal Customer,38,Business Travel,Business,333,5,4,4,5,4,4,4,4,3,2,4,5,4,4,0,0,TRUE
Male,Loyal Customer,40,Personal Travel,Eco,1371,3,4,3,3,1,3,1,1,5,3,5,4,1,2.85,12,0,FALSE
Female,Loyal Customer,50,Personal Travel,Eco,190,1,4,0,3,3,3,4,3,3,0,3,1,4,2.46,0,0,FALSE
Female,Loyal Customer,41,Personal Travel,Eco,1120,2,4,2,3,2,2,4,2,3,2,4,4,2,2.77,0,0,FALSE
Female,Loyal Customer,52,Business Travel,Business,763,1,1,1,1,4,5,4,5,5,4,5,5,4,3.46,0,0,TRUE
Female,Loyal Customer,17,Business Travel,Business,2963,2,5,5,5,2,2,2,2,2,2,4,2,2,2.85,69,64,FALSE
Female,Loyal Customer,51,Personal Travel,Eco,308,2,2,2,3,4,3,4,3,3,2,3,2,4,2.85,0,0,FALSE
Female,Loyal Customer,51,Business Travel,Eco Plus,216,4,4,4,4,5,4,2,3,3,4,3,1,4,3.46,2,3,TRUE
Male,Loyal Customer,27,Business Travel,Eco,733,2,2,2,2,2,2,2,2,3,4,4,4,2,2.54,23,19,FALSE
Male,Loyal Customer,50,Business Travel,Business,2043,4,4,4,4,2,4,4,5,5,5,5,3,5,4.15,0,0,TRUE
Female,Loyal Customer,24,Personal Travel,Eco,460,1,4,1,1,5,1,5,5,2,3,4,1,5,2.92,0,0,FALSE
Male,Disloyal Customer,44,Business Travel,Eco,287,2,0,1,3,4,1,5,4,2,3,5,1,4,2.69,0,9,FALSE
Female,Loyal Customer,33,Business Travel,Business,1190,4,2,4,4,1,2,5,5,5,5,5,1,1,3.38,5,0,TRUE
Male,Loyal Customer,47,Business Travel,Business,3444,3,1,1,1,5,3,3,3,3,3,3,3,2,2.62,0,0,FALSE
Male,Loyal Customer,29,Business Travel,Business,946,2,3,3,3,2,2,2,2,2,3,4,4,2,2.62,0,0,FALSE
Female,Loyal Customer,44,Personal Travel,Eco,1048,4,5,4,2,3,4,5,3,3,4,1,5,4,3.62,40,31,FALSE
Female,Loyal Customer,8,Personal Travel,Eco,919,1,5,1,3,2,1,2,2,4,4,4,3,2,2.62,5,28,FALSE
Male,Loyal Customer,62,Personal Travel,Eco,458,2,4,2,2,2,2,3,2,3,4,4,1,2,2.54,0,3,FALSE
Female,Loyal Customer,56,Business Travel,Business,182,1,1,1,1,5,2,3,3,3,4,1,2,1,2.15,0,6,FALSE
Male,Disloyal Customer,43,Business Travel,Eco,109,2,1,2,2,3,2,3,3,1,4,2,1,3,2.23,0,0,FALSE
Female,Loyal Customer,8,Personal Travel,Eco Plus,577,3,5,3,1,1,3,1,1,5,2,5,3,1,2.62,0,0,FALSE
Male,Loyal Customer,43,Business Travel,Business,3672,5,5,5,5,2,4,5,5,5,5,5,4,5,4.62,10,4,TRUE
Male,Loyal Customer,36,Business Travel,Business,2166,2,4,4,4,5,3,3,2,2,2,2,2,1,2.77,0,0,FALSE
Male,Loyal Customer,40,Business Travel,Business,589,5,5,5,5,3,5,1,4,4,4,4,4,3,4,43,30,TRUE
Female,Loyal Customer,66,Personal Travel,Eco Plus,696,4,2,4,2,3,2,2,2,2,4,2,3,3,2.69,31,62,TRUE
Female,Loyal Customer,40,Personal Travel,Eco,1009,2,5,2,2,4,2,4,4,2,4,3,2,4,3.08,0,0,FALSE
Female,Loyal Customer,52,Business Travel,Eco,1136,5,5,5,5,1,4,4,5,5,5,5,5,1,4.23,1,38,TRUE
Male,Loyal Customer,47,Business Travel,Business,1793,4,4,5,4,2,4,5,4,4,5,4,5,4,4.15,0,12,TRUE
Male,Loyal Customer,55,Business Travel,Eco,515,1,3,3,3,1,1,1,1,4,4,3,1,1,2.08,92,81,FALSE
Male,Loyal Customer,39,Business Travel,Business,102,2,2,2,2,4,4,2,5,5,5,5,4,2,3.38,9,5,TRUE
Female,Loyal Customer,54,Business Travel,Business,1487,3,3,3,3,2,5,4,5,5,5,5,5,3,3.92,0,0,TRUE
Female,Loyal Customer,8,Personal Travel,Eco,393,1,3,1,3,4,1,4,4,3,5,2,4,4,3,0,0,FALSE
Male,Loyal Customer,38,Personal Travel,Eco,347,1,5,1,1,4,1,4,4,5,5,5,3,4,3.31,0,0,FALSE
Male,Loyal Customer,21,Personal Travel,Eco,641,2,3,2,2,2,2,5,2,1,3,5,1,2,2.46,73,77,FALSE
Male,Loyal Customer,15,Personal Travel,Eco,74,3,4,3,3,4,3,4,4,4,4,5,3,4,3.69,0,0,FALSE
Female,Loyal Customer,20,Personal Travel,Eco,846,2,4,2,2,1,2,1,1,4,5,5,5,1,2.69,4,0,FALSE
Male,Disloyal Customer,60,Personal Travel,Eco,214,2,4,0,4,1,0,1,1,3,5,3,4,1,2.23,0,0,FALSE
Male,Loyal Customer,47,Business Travel,Business,2446,4,5,5,5,1,3,3,4,4,4,4,1,4,3.62,26,22,FALSE
Female,Disloyal Customer,40,Business Travel,Business,432,3,3,3,3,1,3,3,1,4,3,4,2,1,2.62,0,20,FALSE
Male,Loyal Customer,52,Personal Travel,Eco,643,0,5,0,2,2,0,1,2,5,5,5,4,2,2.54,0,0,TRUE
Male,Loyal Customer,42,Business Travel,Business,3251,2,2,2,2,2,4,4,5,5,5,5,4,3,3.46,51,75,TRUE
Male,Disloyal Customer,32,Business Travel,Eco,331,1,0,1,1,3,1,3,3,5,4,2,3,3,2.31,0,0,FALSE
Male,Loyal Customer,20,Personal Travel,Eco,1069,2,3,2,2,1,2,1,1,3,1,2,4,1,1.92,0,2,FALSE
Female,Loyal Customer,51,Business Travel,Business,151,2,2,2,2,3,5,5,3,3,4,5,4,4,3.38,0,0,TRUE
Female,Loyal Customer,20,Personal Travel,Eco,642,4,5,4,4,5,4,5,5,5,2,5,5,5,4.46,0,50,FALSE
Male,Loyal Customer,52,Business Travel,Business,114,4,4,4,4,2,2,1,4,4,4,5,4,2,3.38,0,0,TRUE
Female,Loyal Customer,20,Business Travel,Eco,956,4,4,4,4,4,4,5,4,4,2,3,5,4,3.92,34,21,TRUE
Male,Loyal Customer,41,Business Travel,Business,3864,4,4,4,4,4,5,5,4,4,4,4,4,3,4.08,11,9,TRUE
Male,Loyal Customer,52,Personal Travel,Business,762,4,4,4,3,2,4,4,1,1,4,1,4,4,3.08,0,10,TRUE
Female,Disloyal Customer,27,Business Travel,Eco,472,4,0,4,4,3,4,3,3,5,1,4,1,3,3,0,0,TRUE
Female,Loyal Customer,34,Business Travel,Business,2728,5,5,5,5,5,4,4,5,5,5,5,4,4,4.69,0,0,TRUE
Female,Loyal Customer,42,Business Travel,Business,2401,5,5,5,5,3,4,4,5,5,5,5,4,5,4.62,0,0,TRUE
Male,Loyal Customer,39,Business Travel,Business,594,5,5,5,5,1,4,3,4,4,5,4,1,5,3.92,0,0,TRUE
Male,Loyal Customer,57,Business Travel,Eco,86,1,2,2,2,1,1,1,1,1,2,3,2,1,1.54,0,0,FALSE
Female,Disloyal Customer,30,Business Travel,Eco,711,3,4,4,3,2,4,5,2,4,3,3,3,2,3.23,0,0,FALSE
Male,Loyal Customer,38,Personal Travel,Eco,944,3,4,2,2,5,2,5,5,2,2,1,1,5,3,0,0,FALSE
Female,Loyal Customer,34,Personal Travel,Eco,597,3,0,3,3,2,3,2,2,4,4,4,2,2,2.62,0,2,FALSE
Male,Loyal Customer,46,Business Travel,Business,2803,5,5,5,5,3,5,4,5,5,5,5,4,4,4.62,0,0,TRUE
Male,Loyal Customer,48,Business Travel,Business,3896,2,2,2,2,4,5,4,5,5,5,5,4,5,3.85,37,26,TRUE
Female,Disloyal Customer,44,Business Travel,Eco,507,4,4,4,5,2,4,4,2,1,5,2,4,2,3.31,0,8,TRUE
Male,Loyal Customer,25,Business Travel,Eco Plus,590,4,3,4,4,4,4,4,4,4,5,4,3,4,3.92,0,0,FALSE
Male,Loyal Customer,65,Personal Travel,Business,1199,3,5,3,4,2,2,2,4,4,3,4,3,1,3.08,29,32,FALSE
Female,Disloyal Customer,17,Business Travel,Eco,147,3,1,3,3,5,3,5,5,3,2,3,1,5,3.23,65,80,FALSE
Female,Loyal Customer,39,Business Travel,Business,270,1,1,1,1,3,5,5,5,5,5,5,4,5,3.54,20,26,TRUE
Male,Loyal Customer,59,Personal Travel,Eco,834,2,3,2,3,5,2,5,5,5,1,1,3,5,3.23,0,0,FALSE
Female,Loyal Customer,40,Business Travel,Eco,657,4,5,5,5,4,4,4,4,3,4,4,1,4,3.92,4,5,FALSE
Male,Loyal Customer,56,Personal Travel,Eco,1723,1,4,1,2,2,1,2,2,5,3,5,5,2,2.69,15,23,FALSE
Male,Disloyal Customer,42,Business Travel,Business,282,4,4,4,3,3,4,3,3,5,3,5,5,3,3.77,0,0,FALSE
Female,Loyal Customer,64,Personal Travel,Eco,1182,1,4,1,2,4,3,4,2,2,1,2,5,3,2.62,0,0,FALSE
Male,Loyal Customer,51,Business Travel,Eco,351,5,1,5,1,5,5,5,5,4,3,4,5,5,4.08,72,72,TRUE
Female,Disloyal Customer,39,Business Travel,Business,622,2,2,2,2,4,2,4,4,4,3,3,2,4,2.92,47,29,FALSE
Male,Disloyal Customer,25,Business Travel,Business,227,4,4,4,4,3,4,3,3,3,2,4,2,3,3.31,0,38,TRUE
Female,Loyal Customer,42,Business Travel,Business,2428,3,3,3,3,2,5,4,5,5,4,5,5,4,3.92,0,0,TRUE
Female,Loyal Customer,37,Business Travel,Business,368,5,5,5,5,4,5,5,5,5,5,5,3,4,4.69,2,1,TRUE
Male,Loyal Customer,51,Business Travel,Business,948,5,5,5,5,2,4,5,4,4,4,4,4,4,4.23,3,3,TRUE
Male,Loyal Customer,42,Business Travel,Business,3228,4,4,4,4,3,5,2,4,4,4,4,5,3,3.85,0,0,TRUE
Male,Disloyal Customer,22,Business Travel,Eco,978,4,4,4,2,4,4,4,4,3,2,4,5,4,3.69,0,0,TRUE
Female,Loyal Customer,19,Personal Travel,Eco,1532,3,5,3,4,4,3,4,4,3,5,3,4,4,3.77,0,0,FALSE
Female,Loyal Customer,51,Business Travel,Business,622,1,1,1,1,5,5,5,5,5,5,5,5,3,3.62,22,27,TRUE
Male,Disloyal Customer,45,Business Travel,Business,869,2,2,2,1,1,2,1,1,3,2,5,5,1,2.15,7,20,FALSE
Female,Disloyal Customer,20,Business Travel,Eco,812,0,0,0,3,3,0,2,3,4,3,5,5,3,2.38,0,0,TRUE
Female,Loyal Customer,52,Business Travel,Business,1598,3,3,3,3,5,3,5,4,4,4,4,4,5,3.85,0,0,TRUE
Male,Loyal Customer,43,Business Travel,Business,3144,2,3,3,3,3,4,3,2,2,2,2,3,2,2.62,5,4,FALSE
Male,Loyal Customer,43,Business Travel,Business,448,3,3,3,3,2,4,4,5,5,4,5,3,5,3.77,31,11,TRUE
Male,Loyal Customer,16,Business Travel,Eco,1005,1,1,1,1,1,1,1,1,4,1,4,2,1,1.54,0,10,FALSE
Male,Loyal Customer,44,Business Travel,Eco,1979,1,4,3,4,2,1,2,2,1,3,3,3,2,2.38,0,0,FALSE
Female,Loyal Customer,29,Business Travel,Business,1949,3,1,1,1,3,3,3,3,2,5,4,2,3,2.62,0,0,FALSE
Female,Loyal Customer,53,Business Travel,Business,409,5,5,5,5,4,4,4,4,4,4,4,4,4,4.31,29,20,TRUE
Male,Disloyal Customer,41,Business Travel,Business,226,3,3,3,3,4,3,2,4,4,1,1,4,4,3,0,0,FALSE
Male,Loyal Customer,38,Personal Travel,Eco Plus,2342,5,3,5,3,1,5,2,1,1,5,3,2,1,2.85,0,0,TRUE
Male,Loyal Customer,54,Business Travel,Business,3444,2,1,1,1,1,4,4,2,2,2,2,1,2,1.92,104,106,FALSE
Male,Loyal Customer,46,Business Travel,Business,3848,2,2,1,2,3,5,5,5,5,5,5,1,4,3.46,30,26,TRUE
Female,Loyal Customer,39,Business Travel,Eco,910,4,4,4,4,4,4,4,4,2,1,1,4,4,3.38,0,0,TRUE
Male,Loyal Customer,38,Personal Travel,Eco,1005,1,5,1,3,5,1,5,5,5,5,5,4,5,3.85,0,24,FALSE
Female,Disloyal Customer,20,Business Travel,Eco,544,2,0,2,5,3,2,3,3,3,3,4,4,3,2.85,24,15,FALSE
Female,Loyal Customer,15,Personal Travel,Eco Plus,1013,4,2,4,3,1,4,1,1,1,5,3,2,1,2.46,11,4,TRUE
Male,Disloyal Customer,33,Business Travel,Eco,982,4,4,4,1,2,4,2,2,2,2,3,2,2,2.62,31,0,FALSE
Female,Loyal Customer,57,Personal Travel,Eco,474,2,3,2,4,4,1,1,1,1,2,1,2,4,2.15,0,0,FALSE
Male,Disloyal Customer,37,Business Travel,Business,239,1,1,1,4,5,1,5,5,5,5,5,4,5,3.62,0,0,FALSE
Female,Loyal Customer,37,Business Travel,Business,472,5,5,5,5,1,3,5,3,3,3,3,5,2,3.69,32,19,TRUE
Male,Loyal Customer,42,Business Travel,Business,182,0,5,0,4,2,4,4,5,5,2,2,4,5,3.23,15,48,TRUE
Female,Loyal Customer,36,Personal Travel,Business,551,2,4,2,3,5,5,1,5,5,2,5,2,1,3.23,0,0,FALSE
Male,Loyal Customer,31,Personal Travel,Eco,475,3,4,3,3,4,3,4,4,2,3,4,4,4,3.46,0,0,FALSE
Male,Disloyal Customer,31,Business Travel,Business,1069,4,4,4,4,5,4,2,5,4,5,4,1,5,3.92,72,114,FALSE
Male,Disloyal Customer,39,Business Travel,Eco,944,2,2,2,4,2,2,2,2,4,1,2,4,2,2.38,0,0,FALSE
Female,Disloyal Customer,52,Business Travel,Eco,534,3,0,3,2,1,3,1,1,3,2,4,1,1,1.92,0,0,FALSE
Female,Loyal Customer,47,Business Travel,Business,1848,5,5,5,5,4,5,4,5,5,5,5,4,4,4.69,6,5,TRUE
Male,Loyal Customer,10,Personal Travel,Eco,479,3,5,3,3,3,3,3,3,1,4,4,5,3,3.31,3,0,FALSE
Male,Loyal Customer,32,Business Travel,Business,541,5,3,5,5,4,4,4,4,5,5,5,5,4,4.46,85,70,TRUE
Female,Loyal Customer,59,Business Travel,Eco,77,2,5,5,5,3,3,3,2,2,2,2,4,3,3.15,0,0,FALSE
Female,Loyal Customer,17,Business Travel,Eco,964,1,1,1,1,1,1,1,4,3,3,3,1,1,1.69,140,156,FALSE
Male,Loyal Customer,61,Personal Travel,Business,1728,2,5,2,1,2,5,4,2,2,2,2,4,4,2.85,0,0,FALSE
Male,Loyal Customer,38,Personal Travel,Eco,166,2,4,2,5,3,2,3,3,4,3,5,4,3,3.31,0,0,FALSE
Male,Loyal Customer,37,Personal Travel,Eco,594,4,1,4,2,5,4,5,5,1,1,3,3,5,3.31,0,0,FALSE
Female,Loyal Customer,51,Business Travel,Business,483,3,3,3,3,4,4,5,5,5,5,5,4,4,4.08,0,0,TRUE
Male,Loyal Customer,39,Business Travel,Business,722,2,2,2,2,5,4,5,4,4,4,4,3,4,3.46,0,0,TRUE
Female,Loyal Customer,46,Business Travel,Business,925,3,3,3,3,3,5,4,5,5,5,5,5,3,4,17,9,TRUE
Female,Loyal Customer,18,Personal Travel,Eco,954,2,4,2,5,3,2,4,3,3,4,4,5,3,3.38,12,1,FALSE
Female,Loyal Customer,58,Business Travel,Business,3556,3,3,3,3,4,4,5,5,5,5,5,5,3,4.08,0,0,TRUE
Female,Loyal Customer,36,Business Travel,Business,1738,1,5,1,1,5,3,2,5,5,5,5,1,2,3.15,0,0,TRUE
Female,Loyal Customer,10,Business Travel,Eco Plus,2419,2,4,4,4,2,4,2,2,5,3,3,2,2,3,0,0,FALSE
Male,Loyal Customer,59,Personal Travel,Eco,1464,3,5,3,2,3,3,3,3,4,5,4,4,3,3.46,64,90,FALSE
Female,Loyal Customer,34,Business Travel,Business,251,3,3,2,3,2,5,4,5,5,5,5,5,3,3.85,37,24,TRUE
Male,Loyal Customer,41,Business Travel,Business,3063,4,1,4,4,4,5,5,3,3,4,3,5,5,3.85,3,14,TRUE
Female,Disloyal Customer,39,Business Travel,Eco,312,1,0,1,1,2,1,2,2,3,1,1,1,2,1.38,0,0,FALSE
Male,Loyal Customer,19,Personal Travel,Eco,926,5,5,5,4,2,5,2,2,4,3,5,5,2,3.77,0,0,TRUE
Male,Disloyal Customer,21,Business Travel,Eco,853,4,4,4,3,1,4,1,1,5,5,2,5,1,3.08,3,0,TRUE
Female,Loyal Customer,31,Business Travel,Business,447,1,1,1,1,5,5,5,5,3,4,4,4,5,3.38,5,0,TRUE
Male,Loyal Customer,53,Personal Travel,Eco,1739,2,4,2,4,2,2,2,2,3,5,4,3,2,2.85,5,6,FALSE
Male,Loyal Customer,28,Business Travel,Business,2239,1,1,5,1,5,5,5,5,3,2,4,4,5,3.54,0,6,TRUE
Male,Loyal Customer,57,Personal Travel,Eco,931,3,4,3,3,4,3,4,4,4,5,4,3,4,3.69,0,13,FALSE
Male,Loyal Customer,68,Personal Travel,Business,432,1,4,1,4,4,4,4,5,5,1,5,2,4,3.38,0,0,FALSE
Male,Loyal Customer,50,Business Travel,Business,293,3,3,3,3,2,4,5,5,5,5,5,4,5,4,0,0,TRUE
Female,Loyal Customer,37,Personal Travel,Eco,1056,3,5,3,1,4,3,4,4,5,2,1,4,4,3.31,0,0,FALSE
Female,Loyal Customer,51,Business Travel,Business,1618,1,1,1,1,2,3,5,5,5,5,5,2,3,3,0,0,TRUE
Male,Disloyal Customer,38,Business Travel,Business,356,4,4,4,2,2,4,2,2,4,2,2,1,2,2.69,0,0,TRUE
Female,Disloyal Customer,37,Business Travel,Eco,340,4,4,4,3,2,4,2,2,3,5,3,2,2,3.08,0,6,FALSE
Male,Loyal Customer,36,Personal Travel,Eco Plus,641,2,5,2,4,3,2,3,3,4,5,4,5,3,3.46,0,0,FALSE
Female,Loyal Customer,65,Business Travel,Eco Plus,1086,5,1,1,1,5,5,5,4,4,2,1,5,5,3.38,0,0,TRUE
Male,Loyal Customer,57,Business Travel,Business,3923,3,3,3,3,5,4,5,4,4,4,4,3,3,3.69,2,0,TRUE
Female,Loyal Customer,18,Personal Travel,Eco,546,2,3,2,3,5,2,5,5,4,2,3,1,5,3.23,0,0,FALSE
Female,Loyal Customer,29,Business Travel,Business,507,5,5,5,5,5,5,5,5,3,2,5,5,5,4.62,19,6,TRUE
Male,Loyal Customer,9,Personal Travel,Eco,2370,3,5,3,1,4,3,4,4,4,3,4,5,4,3.62,0,0,FALSE
Female,Disloyal Customer,26,Business Travel,Business,1055,3,2,2,2,2,2,2,2,5,3,5,3,2,2.69,5,5,FALSE
Male,Loyal Customer,63,Business Travel,Business,3699,4,4,4,4,5,3,1,5,5,5,5,1,3,3.77,0,0,TRUE
Male,Loyal Customer,21,Personal Travel,Business,646,0,4,0,3,3,0,4,3,1,2,3,3,3,2.23,0,5,TRUE
Female,Loyal Customer,9,Personal Travel,Eco,116,1,4,0,4,4,0,4,4,3,1,4,4,4,2.85,0,0,FALSE
Male,Loyal Customer,68,Personal Travel,Eco,436,2,5,2,5,5,2,5,5,4,5,5,5,5,4.23,110,92,FALSE
Male,Loyal Customer,38,Business Travel,Business,3945,1,1,1,1,5,5,4,4,4,4,4,4,3,3.15,0,0,TRUE
Male,Disloyal Customer,29,Business Travel,Eco,643,2,4,2,3,3,2,3,3,2,2,1,5,3,2.69,4,4,FALSE
Female,Disloyal Customer,8,Business Travel,Eco,590,3,4,3,1,1,3,1,1,5,5,5,3,1,2.77,0,0,FALSE
Male,Disloyal Customer,36,Business Travel,Business,1438,2,3,3,4,1,3,1,1,5,3,4,4,1,2.69,12,10,FALSE
Male,Loyal Customer,33,Personal Travel,Eco,874,1,1,1,3,1,1,1,1,3,3,3,4,1,1.85,0,0,FALSE
Male,Loyal Customer,41,Business Travel,Business,441,4,4,3,4,5,5,4,5,5,4,5,3,4,4.23,0,0,TRUE
Female,Loyal Customer,31,Business Travel,Eco Plus,1635,2,2,3,2,2,2,2,2,2,4,4,3,2,2.46,21,17,FALSE
Female,Loyal Customer,48,Business Travel,Eco,342,2,3,3,3,3,3,3,2,2,2,2,1,4,2.54,2,8,FALSE
Male,Disloyal Customer,17,Business Travel,Eco,1020,4,4,4,4,5,4,5,5,3,3,5,3,5,4.15,0,0,FALSE
Male,Loyal Customer,30,Business Travel,Business,483,3,3,3,3,3,5,3,3,1,5,5,4,3,3.38,0,0,TRUE
Male,Loyal Customer,19,Business Travel,Business,1464,2,5,5,5,2,2,2,2,4,4,3,1,2,3,1,0,FALSE
Male,Loyal Customer,39,Business Travel,Business,2443,1,3,1,1,4,5,5,3,3,4,3,4,3,3.08,0,0,TRUE
Male,Loyal Customer,35,Business Travel,Eco,370,1,3,3,3,1,1,1,1,3,5,3,3,1,2.23,7,2,FALSE
Female,Disloyal Customer,25,Business Travel,Eco,524,2,2,2,4,5,2,5,5,3,2,3,3,5,3.31,0,45,FALSE
Male,Loyal Customer,63,Personal Travel,Eco,496,1,4,5,3,1,5,1,1,5,4,4,3,1,2.92,0,0,FALSE
Female,Loyal Customer,46,Personal Travel,Eco,1144,4,4,4,3,4,4,4,4,4,4,3,5,3,3.85,2,0,TRUE
Male,Loyal Customer,69,Personal Travel,Eco,177,3,4,3,3,2,3,3,2,4,4,5,4,2,3.23,0,16,FALSE
Female,Loyal Customer,60,Business Travel,Business,192,0,4,0,5,3,5,5,5,5,5,5,4,5,3.92,0,0,TRUE
Female,Loyal Customer,41,Business Travel,Eco,748,4,3,3,3,4,5,4,4,1,2,5,5,4,3.62,0,0,TRUE
Female,Loyal Customer,31,Personal Travel,Eco Plus,1045,5,3,5,1,5,5,5,5,5,3,1,2,5,3.85,10,2,TRUE
Female,Disloyal Customer,21,Business Travel,Eco,641,2,1,2,4,2,2,2,2,1,2,4,3,2,2.23,0,0,FALSE
Female,Loyal Customer,41,Business Travel,Business,2465,1,0,0,3,2,4,3,5,5,0,1,1,4,2.23,0,0,FALSE
Female,Loyal Customer,43,Business Travel,Business,3047,2,2,2,2,1,1,1,3,3,3,3,3,3,2.23,39,20,TRUE
Female,Loyal Customer,43,Business Travel,Business,1659,2,2,2,2,5,4,4,4,4,4,4,3,4,3.38,60,52,TRUE
Male,Disloyal Customer,25,Business Travel,Eco,606,1,0,1,1,3,1,5,3,4,2,1,5,3,2.31,0,0,FALSE
Male,Loyal Customer,32,Business Travel,Business,946,5,5,4,5,4,4,4,4,1,1,4,2,4,3.62,0,22,TRUE
Female,Loyal Customer,42,Business Travel,Business,3496,3,3,3,3,1,1,5,4,4,4,4,2,1,2.92,4,6,TRUE
Female,Loyal Customer,26,Personal Travel,Eco,190,3,3,3,3,5,3,5,5,1,1,4,4,5,3.46,34,102,FALSE
Male,Loyal Customer,58,Business Travel,Business,3974,4,4,4,4,4,4,5,4,4,4,4,5,5,4.23,0,0,TRUE
Male,Loyal Customer,55,Business Travel,Eco,133,5,1,2,1,5,5,5,5,4,1,1,2,5,3.23,0,5,TRUE
Female,Loyal Customer,51,Personal Travel,Eco,328,3,5,3,2,4,3,4,1,1,3,1,4,5,3,0,3,FALSE
Male,Loyal Customer,35,Business Travel,Business,1683,3,3,1,3,4,4,5,5,5,5,5,4,5,4,0,0,TRUE
Female,Disloyal Customer,15,Business Travel,Eco,2602,3,3,3,4,3,4,4,4,5,4,4,4,4,3.77,26,17,FALSE
Male,Loyal Customer,22,Personal Travel,Eco Plus,853,1,4,0,3,5,0,1,5,4,2,5,5,5,3.08,6,0,FALSE
Female,Loyal Customer,23,Personal Travel,Eco,1189,2,4,2,4,5,2,5,5,5,5,4,4,5,4,77,83,FALSE
Male,Loyal Customer,50,Business Travel,Business,135,4,4,4,4,3,5,5,4,4,4,4,3,4,4,0,0,TRUE
Female,Disloyal Customer,15,Business Travel,Eco,1146,2,2,2,3,1,2,3,1,1,4,2,1,1,1.92,50,51,FALSE
Male,Loyal Customer,51,Personal Travel,Eco,954,2,4,2,3,4,2,4,4,1,4,4,2,4,3.08,17,19,FALSE
Male,Loyal Customer,44,Business Travel,Business,1598,1,5,5,5,4,4,4,1,1,1,1,2,4,2.92,13,4,FALSE
Male,Loyal Customer,51,Business Travel,Business,692,2,1,1,1,2,4,2,2,2,2,2,2,1,1.85,0,5,FALSE
Female,Loyal Customer,26,Personal Travel,Eco,1449,2,5,2,4,1,2,1,1,5,5,2,1,1,2.46,0,2,FALSE
Female,Loyal Customer,50,Business Travel,Business,3520,2,5,5,5,2,2,2,4,1,4,4,2,2,3.08,338,322,FALSE
Female,Loyal Customer,40,Business Travel,Business,1589,4,4,4,4,2,3,5,5,5,5,5,4,5,4.23,0,0,TRUE
Female,Loyal Customer,35,Business Travel,Eco,1671,3,1,1,1,3,3,3,3,3,3,2,1,3,2.31,0,20,FALSE
Male,Disloyal Customer,37,Business Travel,Business,301,5,5,5,3,4,5,4,4,5,2,5,4,4,4.23,0,0,TRUE
Female,Disloyal Customer,16,Business Travel,Eco,468,4,0,4,5,4,4,4,4,3,5,2,1,4,3.38,0,0,FALSE
Female,Loyal Customer,40,Business Travel,Business,620,2,2,5,2,4,5,1,2,2,2,2,4,2,2.69,67,56,TRUE
Female,Loyal Customer,42,Business Travel,Business,3348,2,2,2,2,2,5,5,5,5,5,5,3,4,3.62,10,8,TRUE
Male,Disloyal Customer,39,Business Travel,Eco,1195,3,3,3,3,3,1,1,2,4,3,2,1,1,2.31,170,222,FALSE
Female,Loyal Customer,21,Personal Travel,Eco,1182,3,3,3,1,2,3,2,2,5,1,4,3,2,2.62,0,0,FALSE
Female,Loyal Customer,55,Business Travel,Eco,356,3,3,1,3,1,3,3,3,3,3,3,2,2,2.54,7,0,FALSE
Female,Loyal Customer,44,Personal Travel,Eco Plus,516,3,2,3,3,4,3,4,3,3,3,5,4,4,3.38,0,0,FALSE
Male,Loyal Customer,38,Personal Travel,Eco,634,2,5,2,2,4,2,3,4,5,2,5,3,4,3.31,0,0,FALSE
Female,Loyal Customer,69,Business Travel,Business,2038,1,5,5,5,2,2,2,2,2,2,1,2,2,2.54,21,17,FALSE
Male,Loyal Customer,43,Business Travel,Eco,2176,3,2,2,2,4,3,4,4,4,2,2,3,4,3,0,0,TRUE
Male,Loyal Customer,57,Personal Travel,Eco,386,1,4,1,2,3,1,3,3,3,3,5,5,3,2.85,31,14,FALSE
Female,Loyal Customer,42,Personal Travel,Eco,990,1,4,1,4,2,4,4,1,1,1,1,4,5,2.54,0,0,FALSE
Male,Loyal Customer,17,Personal Travel,Eco,646,3,4,3,1,3,3,2,3,5,1,2,4,3,2.85,0,2,FALSE
Male,Disloyal Customer,44,Business Travel,Business,2586,4,4,4,2,2,4,2,2,4,3,5,4,2,3.23,0,0,TRUE
Female,Loyal Customer,39,Business Travel,Business,3516,2,2,2,2,4,5,4,5,5,5,5,5,4,3.85,5,0,TRUE
Female,Loyal Customer,46,Business Travel,Eco,438,5,2,2,2,3,1,4,5,5,5,5,1,5,3.46,0,0,TRUE
Female,Disloyal Customer,22,Business Travel,Eco,2442,2,2,2,3,2,5,5,2,3,3,4,5,5,3.31,2,14,FALSE
Male,Loyal Customer,20,Business Travel,Eco,1166,3,2,2,2,3,3,2,3,1,2,3,2,3,2.38,0,8,FALSE
Female,Disloyal Customer,23,Business Travel,Eco,772,0,1,1,3,5,1,5,5,1,4,3,3,5,2.85,0,0,TRUE
Female,Loyal Customer,45,Business Travel,Eco,407,3,1,1,1,5,3,3,3,3,3,3,3,1,2.54,50,40,FALSE
Male,Disloyal Customer,39,Business Travel,Business,2367,1,2,2,3,5,2,5,5,4,4,4,5,5,3.62,0,0,FALSE
Female,Loyal Customer,10,Personal Travel,Eco,575,2,4,2,3,2,2,2,2,3,4,4,5,2,2.85,0,14,FALSE
Male,Loyal Customer,20,Personal Travel,Eco Plus,321,3,4,3,1,5,3,5,5,5,3,5,5,5,4,0,0,FALSE
Female,Loyal Customer,44,Business Travel,Eco,230,4,2,2,2,3,5,3,4,4,4,4,1,3,3.15,0,0,TRUE
Male,Disloyal Customer,24,Business Travel,Eco,948,1,1,1,3,2,1,4,2,5,3,4,4,2,2.54,20,0,FALSE
Female,Loyal Customer,39,Business Travel,Eco,526,2,3,3,3,2,2,2,2,4,4,2,4,2,2.69,0,9,FALSE
Female,Loyal Customer,23,Personal Travel,Eco Plus,358,5,4,2,2,2,2,2,2,3,4,4,5,2,3,1,0,TRUE
Female,Loyal Customer,37,Business Travel,Business,452,4,4,2,4,1,3,3,4,4,4,4,1,4,3.23,19,35,FALSE
Female,Loyal Customer,51,Business Travel,Eco,1024,2,1,1,1,2,5,2,2,2,2,2,2,2,2,15,15,FALSE
Male,Loyal Customer,44,Business Travel,Eco Plus,1114,5,4,4,4,5,5,5,5,4,3,2,2,5,4.08,45,44,TRUE
Female,Disloyal Customer,24,Business Travel,Eco,578,2,0,2,3,2,2,2,2,4,4,2,2,2,2.23,0,0,FALSE
Female,Loyal Customer,38,Personal Travel,Eco,224,3,1,3,3,4,3,3,4,2,3,3,1,4,2.85,0,0,FALSE
Male,Loyal Customer,60,Personal Travel,Eco,2342,1,4,1,4,1,1,1,1,1,1,5,1,1,1.77,7,0,FALSE
Female,Disloyal Customer,30,Business Travel,Business,912,3,3,3,2,4,3,4,4,3,3,4,3,4,3.31,61,46,FALSE
Female,Disloyal Customer,23,Business Travel,Business,2329,4,4,4,3,4,4,4,4,2,3,4,3,4,3.62,6,0,FALSE
Female,Disloyal Customer,39,Business Travel,Business,1024,3,2,2,3,4,2,4,4,5,5,3,4,4,3.46,0,25,FALSE
Female,Loyal Customer,59,Personal Travel,Eco,158,3,4,3,2,5,4,4,3,3,3,3,3,4,3.38,8,10,FALSE
Female,Disloyal Customer,24,Business Travel,Eco,260,1,2,1,3,3,1,3,3,3,2,3,2,3,2.31,0,0,FALSE
Male,Loyal Customer,22,Personal Travel,Eco,925,1,1,1,3,5,1,5,5,4,2,2,4,5,3,0,0,FALSE
Male,Loyal Customer,49,Business Travel,Business,265,0,0,0,5,2,5,4,5,5,1,1,5,3,2.77,0,0,TRUE
Female,Loyal Customer,31,Business Travel,Business,2402,2,1,4,1,2,2,2,4,5,2,3,2,2,2.46,0,10,FALSE
Male,Loyal Customer,54,Business Travel,Business,2994,2,2,2,2,3,4,1,5,5,5,4,1,3,3,0,0,TRUE
Female,Loyal Customer,54,Personal Travel,Eco,134,2,5,2,5,5,4,2,5,5,2,5,4,3,3.77,2,0,FALSE
Male,Disloyal Customer,37,Business Travel,Business,882,3,3,3,2,2,3,2,2,4,5,5,5,2,3.15,14,24,FALSE
Male,Loyal Customer,39,Business Travel,Business,2026,3,5,5,5,1,4,4,3,3,2,3,1,4,3.31,62,61,FALSE
Female,Loyal Customer,43,Business Travel,Eco,1081,2,4,5,4,2,3,3,2,2,2,2,3,2,2.77,0,0,FALSE
Female,Disloyal Customer,18,Business Travel,Eco,1444,3,3,3,3,1,3,1,1,4,4,3,2,1,2.46,47,35,FALSE
Female,Loyal Customer,43,Business Travel,Business,731,2,2,2,2,3,5,4,4,4,4,4,3,5,3.38,0,0,TRUE
Male,Loyal Customer,31,Business Travel,Business,1699,1,3,3,3,1,1,1,1,3,3,3,1,1,1.92,0,2,FALSE
Male,Loyal Customer,58,Business Travel,Eco,134,4,3,3,3,4,4,4,4,4,3,4,1,4,3.46,0,3,TRUE
Female,Loyal Customer,39,Business Travel,Business,1586,3,3,3,3,5,3,3,3,3,3,3,1,1,2.85,0,5,FALSE
Male,Loyal Customer,53,Business Travel,Eco,1721,4,3,3,3,4,4,4,4,2,4,4,5,4,3.69,0,0,TRUE
Female,Loyal Customer,17,Personal Travel,Eco,1986,3,5,3,5,3,3,3,3,1,2,1,4,3,3,0,0,FALSE
Male,Loyal Customer,62,Personal Travel,Eco,503,2,5,2,2,3,2,1,3,4,2,5,3,3,2.85,0,0,FALSE
Female,Loyal Customer,57,Business Travel,Business,738,2,2,2,2,2,5,5,4,4,4,4,3,4,3.31,8,1,TRUE
Male,Disloyal Customer,45,Business Travel,Business,1020,3,2,2,4,5,3,5,5,4,4,5,3,5,3.85,0,0,TRUE
Female,Loyal Customer,55,Business Travel,Business,2053,4,4,4,4,5,4,5,4,4,4,5,3,3,4.08,0,0,TRUE
Female,Loyal Customer,20,Personal Travel,Eco,109,3,4,3,1,1,3,1,1,4,2,5,4,1,2.54,0,0,FALSE
Male,Loyal Customer,51,Business Travel,Business,2748,2,5,3,5,4,4,3,2,2,2,2,2,2,2.92,0,,FALSE
Female,Loyal Customer,47,Business Travel,Eco,406,3,5,5,5,3,4,3,3,3,3,3,2,4,3.54,0,13,FALSE
Female,Loyal Customer,49,Personal Travel,Eco,624,2,3,2,3,4,4,4,2,2,2,2,2,2,2.62,113,119,FALSE
Male,Disloyal Customer,13,Business Travel,Business,770,4,0,4,3,1,4,1,1,5,5,5,3,1,2.85,63,56,TRUE
Male,Loyal Customer,58,Personal Travel,Business,632,4,5,4,4,2,4,4,5,5,4,5,3,3,4,63,45,FALSE
Male,Loyal Customer,45,Business Travel,Business,737,4,4,4,4,2,3,2,4,4,4,4,2,2,3.31,0,0,TRUE
Male,Loyal Customer,44,Business Travel,Business,395,1,1,1,1,4,4,5,4,4,4,4,3,5,3.15,0,0,TRUE
Female,Disloyal Customer,23,Business Travel,Eco,190,0,2,0,3,3,0,4,3,3,5,1,5,3,2.46,81,76,TRUE
Male,Loyal Customer,27,Business Travel,Business,2358,3,3,3,3,3,3,3,3,3,4,3,1,3,2.92,0,0,TRUE
Female,Loyal Customer,56,Business Travel,Eco,106,5,2,2,2,4,2,1,5,5,5,5,1,1,3.08,0,0,TRUE
Male,Loyal Customer,29,Business Travel,Business,2118,5,5,5,5,5,5,5,5,3,2,4,3,5,4.38,0,0,TRUE
Male,Loyal Customer,41,Business Travel,Eco,461,4,2,2,2,4,4,4,4,2,5,3,4,4,3.38,20,12,TRUE
Male,Loyal Customer,38,Business Travel,Eco,356,2,5,4,5,2,2,2,2,4,1,3,4,2,2.92,41,39,FALSE
Female,Disloyal Customer,26,Business Travel,Business,190,1,4,2,4,5,2,5,5,5,3,5,3,5,3.77,27,12,FALSE
Male,Loyal Customer,16,Personal Travel,Eco,946,1,2,1,3,1,5,5,3,3,4,3,5,5,3.15,177,178,FALSE
Female,Loyal Customer,39,Business Travel,Business,2882,1,1,1,1,5,4,5,4,4,5,4,4,5,3.38,0,0,TRUE
Female,Disloyal Customer,27,Business Travel,Eco,1068,3,3,3,3,2,3,2,2,2,4,4,1,2,2.62,0,9,FALSE
Female,Loyal Customer,24,Business Travel,Business,639,3,4,4,4,3,3,3,3,4,5,4,3,3,3.54,44,30,FALSE
Male,Loyal Customer,49,Business Travel,Eco Plus,86,2,3,3,3,1,2,1,1,2,2,4,2,1,2.08,0,0,FALSE
Male,Loyal Customer,35,Business Travel,Eco Plus,1042,1,1,1,1,1,1,1,1,1,2,2,3,1,1.31,67,47,FALSE
Female,Loyal Customer,25,Business Travel,Business,621,4,4,4,4,4,4,4,4,5,5,5,5,4,4.31,0,2,TRUE
Female,Loyal Customer,48,Business Travel,Business,2857,4,4,4,4,3,4,4,4,4,4,4,5,5,4.08,30,28,TRUE
Male,Loyal Customer,35,Personal Travel,Eco,137,3,0,3,4,5,3,5,5,4,5,5,3,5,3.85,0,20,FALSE
Female,Disloyal Customer,17,Business Travel,Eco,368,3,2,3,4,5,3,5,5,2,2,3,4,5,3.54,16,11,FALSE
Male,Disloyal Customer,48,Business Travel,Eco,250,3,3,3,2,3,3,3,3,1,4,2,2,3,2.69,88,98,FALSE
Male,Disloyal Customer,45,Business Travel,Business,347,1,1,1,3,2,1,2,2,2,4,5,4,2,2.31,0,0,FALSE
Female,Loyal Customer,16,Personal Travel,Business,78,1,5,1,3,3,1,3,3,3,4,5,5,3,3.08,0,0,FALSE
Male,Loyal Customer,56,Business Travel,Business,1823,4,4,4,4,5,5,4,5,5,5,5,3,3,4.31,69,51,TRUE
Male,Loyal Customer,48,Personal Travel,Eco,1127,1,5,1,4,5,1,5,5,5,5,3,5,5,3.85,0,0,FALSE
Female,Loyal Customer,48,Business Travel,Business,1390,2,5,2,2,5,4,4,5,5,5,5,5,4,4.08,0,0,TRUE
Female,Loyal Customer,42,Business Travel,Eco,868,3,1,1,1,2,2,1,3,3,3,3,1,3,2.08,0,3,FALSE
Male,Loyal Customer,54,Business Travel,Business,1205,5,5,5,5,5,4,4,4,4,5,4,5,3,4.46,0,0,TRUE
Male,Loyal Customer,37,Business Travel,Eco Plus,425,1,1,1,1,1,1,1,1,3,2,4,4,1,1.69,53,45,FALSE
Female,Loyal Customer,32,Business Travel,Business,2040,1,1,1,1,3,4,3,3,3,2,5,5,3,2.69,5,0,TRUE
Male,Loyal Customer,42,Business Travel,Business,373,2,2,2,2,5,3,3,4,4,5,4,3,5,3.38,0,0,TRUE
Female,Loyal Customer,30,Personal Travel,Eco,405,2,3,4,3,2,4,2,2,2,2,4,3,2,2.69,35,49,FALSE
Male,Loyal Customer,44,Business Travel,Business,1123,2,2,2,2,2,4,4,4,4,4,4,3,4,3.15,0,0,TRUE
Female,Loyal Customer,52,Business Travel,Business,3125,1,5,5,5,2,3,4,1,1,2,1,3,4,2.85,0,0,FALSE
Female,Loyal Customer,59,Business Travel,Business,955,2,2,2,2,4,5,5,4,4,4,4,4,3,3.46,0,0,TRUE
Female,Loyal Customer,38,Personal Travel,Eco,806,2,3,1,1,2,1,5,2,5,1,2,1,2,2.15,69,48,FALSE
Male,Loyal Customer,49,Business Travel,Business,1747,5,5,5,5,2,4,5,3,3,3,3,4,5,4,23,23,TRUE
Male,Loyal Customer,26,Personal Travel,Eco,272,1,0,1,2,4,1,5,4,5,4,5,4,4,3.08,17,10,FALSE
Male,Disloyal Customer,24,Business Travel,Eco,937,2,2,2,1,5,2,5,5,1,3,2,1,5,2.77,119,99,FALSE
Male,Loyal Customer,32,Personal Travel,Eco,1007,3,4,3,3,4,3,4,4,3,3,4,3,4,3.46,0,0,FALSE
Female,Loyal Customer,48,Personal Travel,Eco,1037,2,4,2,3,4,5,4,1,1,2,1,3,4,2.77,0,0,FALSE
Male,Loyal Customer,52,Business Travel,Eco,1739,3,4,4,4,3,3,3,3,4,1,4,1,3,3.08,0,0,FALSE
Female,Loyal Customer,36,Business Travel,Business,420,4,4,4,4,1,5,4,4,4,4,4,1,2,3.46,2,4,TRUE
Female,Loyal Customer,20,Business Travel,Business,2754,2,3,2,2,5,5,5,5,5,5,5,5,5,4.15,0,0,TRUE
Female,Loyal Customer,29,Personal Travel,Eco,787,3,5,3,4,1,3,2,1,5,5,4,3,1,3.08,3,0,FALSE
Male,Loyal Customer,37,Business Travel,Business,1684,2,2,2,2,5,4,5,5,5,5,5,3,4,3.77,0,0,TRUE
Male,Loyal Customer,30,Business Travel,Business,371,4,4,3,4,5,5,5,5,5,5,4,2,5,4.31,6,0,TRUE
Female,Loyal Customer,41,Business Travel,Business,237,0,0,0,3,3,5,5,4,4,4,4,5,3,3.08,6,1,TRUE
Female,Loyal Customer,51,Business Travel,Business,2368,3,5,3,3,4,5,3,5,5,5,5,2,1,3.77,0,0,TRUE
Female,Loyal Customer,60,Business Travel,Business,1334,5,5,5,5,5,4,5,5,5,5,5,4,3,4.69,0,0,TRUE
Female,Disloyal Customer,30,Business Travel,Eco,587,2,4,2,4,2,2,2,2,3,1,1,2,2,2.23,0,0,FALSE
Male,Loyal Customer,34,Business Travel,Business,264,1,2,2,2,3,2,1,1,1,1,1,4,3,1.85,5,0,FALSE
Male,Loyal Customer,37,Personal Travel,Eco,833,2,4,2,1,1,2,1,1,4,2,5,4,1,2.31,0,0,FALSE
Male,Loyal Customer,46,Personal Travel,Eco,1076,3,2,3,3,3,5,5,4,4,4,3,5,5,3.77,168,157,FALSE
Male,Loyal Customer,67,Business Travel,Business,2631,2,2,2,2,2,3,3,2,2,2,2,2,2,2.15,6,3,FALSE
Female,Disloyal Customer,22,Business Travel,Eco,599,5,2,5,4,1,5,1,1,3,3,4,3,1,2.92,0,0,TRUE
Female,Loyal Customer,66,Business Travel,Eco,171,1,0,0,3,4,4,4,3,3,1,3,2,4,2.46,37,10,FALSE
Male,Loyal Customer,65,Personal Travel,Eco,712,3,5,2,4,3,2,3,3,4,2,2,5,3,3.15,52,49,FALSE
Female,Loyal Customer,27,Personal Travel,Eco,486,2,2,1,4,1,1,5,1,4,4,4,3,1,2.54,0,0,FALSE
Male,Disloyal Customer,28,Business Travel,Eco,677,2,2,2,3,2,2,2,2,4,1,4,1,2,2.23,43,36,FALSE
Female,Loyal Customer,60,Business Travel,Business,3019,4,4,4,4,5,5,4,5,5,5,5,5,5,4.62,0,0,TRUE
Female,Loyal Customer,14,Personal Travel,Eco,1598,4,5,4,3,5,4,5,5,4,2,5,4,5,4.23,0,5,FALSE
Female,Loyal Customer,61,Personal Travel,Eco,302,1,5,1,3,2,5,5,4,4,1,4,4,3,3.23,3,3,FALSE
Male,Loyal Customer,25,Business Travel,Business,3595,2,2,5,2,4,4,4,4,4,2,3,3,4,3.31,0,0,TRUE
Male,Disloyal Customer,27,Business Travel,Business,204,2,2,2,4,3,2,3,3,4,2,5,3,3,2.92,0,0,FALSE
Female,Loyal Customer,56,Business Travel,Business,337,3,3,3,3,5,5,5,4,4,4,4,4,3,3.85,0,0,TRUE
Female,Disloyal Customer,40,Business Travel,Business,861,2,2,2,5,5,2,5,5,4,3,5,5,5,3.85,0,2,FALSE
Male,Loyal Customer,47,Business Travel,Business,1808,4,4,4,4,3,2,3,4,4,4,4,4,2,3.54,0,0,TRUE
Male,Loyal Customer,41,Business Travel,Business,312,0,0,0,1,2,5,4,5,5,5,5,4,5,3.15,0,0,TRUE
Female,Loyal Customer,29,Business Travel,Business,3316,4,4,4,4,5,5,5,5,5,3,5,4,5,4.46,9,3,TRUE
Male,Loyal Customer,66,Business Travel,Eco,1120,2,2,2,2,2,2,2,2,2,4,4,1,2,2.23,0,4,FALSE
Female,Disloyal Customer,28,Business Travel,Eco Plus,550,4,4,4,4,5,4,5,5,2,3,3,3,5,3.92,0,0,FALSE
Female,Loyal Customer,53,Business Travel,Business,3922,3,3,3,3,3,5,4,4,4,4,4,5,3,3.69,0,0,TRUE
Female,Loyal Customer,69,Personal Travel,Eco,335,4,5,2,4,5,4,4,2,2,2,2,4,4,3.38,0,0,FALSE
Male,Loyal Customer,31,Personal Travel,Eco,432,2,3,2,3,2,2,2,2,2,2,4,4,2,2.46,0,9,FALSE
Female,Disloyal Customer,30,Business Travel,Business,937,5,5,5,2,5,5,5,5,4,2,5,5,5,4.46,0,0,TRUE
Male,Loyal Customer,29,Business Travel,Business,3740,1,3,3,3,1,1,1,1,4,1,4,2,1,2,34,24,FALSE
Male,Loyal Customer,58,Business Travel,Business,1724,1,3,3,3,2,3,4,1,1,1,1,1,1,1.92,13,8,FALSE
Male,Loyal Customer,26,Personal Travel,Eco,293,1,4,1,3,3,1,3,3,5,5,5,4,3,3.15,32,17,FALSE
Female,Loyal Customer,44,Business Travel,Business,821,1,1,1,1,2,4,4,5,5,5,5,3,3,3.08,0,0,TRUE
Female,Loyal Customer,54,Business Travel,Business,212,4,4,4,4,5,5,4,4,4,4,5,5,4,4.31,12,26,TRUE
Female,Loyal Customer,45,Business Travel,Business,3485,2,2,2,2,5,4,4,4,4,4,4,3,4,3.38,35,17,TRUE
Male,Loyal Customer,54,Business Travel,Business,630,4,4,4,4,3,5,5,2,2,2,2,5,5,3.62,4,6,TRUE
Male,Loyal Customer,48,Business Travel,Business,1731,2,2,2,2,3,5,4,4,4,4,4,5,4,3.46,5,0,TRUE
Female,Loyal Customer,25,Business Travel,Business,628,1,1,1,1,4,4,4,4,3,4,4,4,4,3,19,9,TRUE
Male,Loyal Customer,52,Business Travel,Business,1020,5,5,5,5,3,5,5,3,3,3,3,5,3,4.08,118,,TRUE
Male,Loyal Customer,51,Business Travel,Business,862,4,4,4,4,5,4,4,4,4,4,4,4,5,4.15,0,3,TRUE
Female,Loyal Customer,15,Personal Travel,Eco,602,2,5,2,4,4,2,4,4,4,5,5,4,4,3.77,4,15,FALSE
Female,Loyal Customer,47,Business Travel,Eco Plus,2677,5,3,3,3,1,4,2,5,5,5,5,2,2,3.46,41,0,TRUE
Male,Loyal Customer,58,Personal Travel,Eco,461,2,4,2,1,5,2,5,5,5,5,2,4,5,3.62,0,0,FALSE
Male,Loyal Customer,30,Business Travel,Business,1677,1,1,1,1,5,5,5,5,5,3,5,3,5,3.46,18,10,TRUE
Male,Loyal Customer,49,Business Travel,Eco,896,4,5,5,5,4,4,4,4,4,5,1,3,4,4,0,0,TRUE
Male,Loyal Customer,55,Business Travel,Eco,433,5,2,2,2,5,5,5,5,3,2,3,2,5,3.54,0,0,TRUE
Male,Loyal Customer,46,Business Travel,Business,2285,0,4,0,4,2,2,2,3,3,3,3,2,5,2.54,0,0,TRUE
Male,Loyal Customer,25,Business Travel,Business,782,3,3,3,3,4,4,4,4,4,4,3,4,4,3.62,116,110,TRUE
Male,Loyal Customer,27,Personal Travel,Eco,354,4,1,4,1,3,4,1,3,1,4,1,2,3,2.46,0,0,FALSE
Male,Loyal Customer,19,Personal Travel,Eco,116,5,4,0,3,2,0,2,2,3,2,3,1,2,2.23,0,0,TRUE
Female,Loyal Customer,57,Personal Travel,Eco,899,0,5,0,5,3,4,5,3,3,0,3,3,4,2.92,0,0,TRUE
Female,Loyal Customer,49,Business Travel,Business,3013,4,1,1,1,2,3,3,4,4,4,4,2,2,2.69,50,44,FALSE
Female,Loyal Customer,47,Business Travel,Business,3114,2,2,2,2,5,5,4,5,5,5,5,4,3,3.77,16,17,TRUE
Male,Loyal Customer,45,Business Travel,Eco,488,2,2,2,2,2,2,2,2,4,1,4,1,2,2.15,0,0,FALSE
Male,Loyal Customer,48,Business Travel,Business,107,4,4,4,4,2,2,1,3,3,4,5,3,1,3.08,38,29,TRUE
Male,Disloyal Customer,22,Business Travel,Business,334,5,0,5,3,3,5,3,3,3,2,4,5,3,3.38,105,127,TRUE
Female,Loyal Customer,56,Business Travel,Business,1090,3,3,3,3,4,5,5,5,5,5,5,5,4,4.23,14,0,TRUE
Male,Disloyal Customer,25,Business Travel,Business,957,3,5,3,1,1,3,1,1,4,5,4,4,1,2.77,0,0,FALSE
Female,Loyal Customer,56,Personal Travel,Eco,545,3,4,3,1,1,1,1,4,4,3,4,3,3,2.69,4,0,FALSE
Female,Loyal Customer,41,Business Travel,Eco,163,3,2,3,3,3,3,3,3,1,1,1,1,3,2.31,0,0,TRUE
Female,Loyal Customer,34,Business Travel,Business,3400,2,2,2,2,1,3,3,4,4,4,4,4,1,2.77,61,57,TRUE
Female,Loyal Customer,51,Business Travel,Business,925,2,2,2,2,3,4,5,4,4,4,4,5,3,3.38,0,0,TRUE
Female,Loyal Customer,28,Business Travel,Business,685,4,4,2,4,4,4,4,4,3,2,5,5,4,3.77,4,15,TRUE
Female,Loyal Customer,42,Business Travel,Business,3837,1,1,1,1,1,5,3,5,5,5,5,5,4,3.23,1,1,TRUE
Female,Loyal Customer,59,Business Travel,Business,1496,5,5,2,5,5,4,4,2,2,2,2,3,3,3.38,0,0,TRUE
Female,Disloyal Customer,50,Business Travel,Business,1198,2,2,2,2,1,2,1,1,3,4,4,4,1,2.23,5,0,TRUE
Female,Loyal Customer,35,Business Travel,Business,3125,1,2,2,2,1,3,4,1,1,2,1,4,4,2.15,27,20,FALSE
Male,Loyal Customer,39,Business Travel,Eco,351,4,3,3,3,4,4,4,4,1,3,4,3,4,3.38,12,1,TRUE
Female,Loyal Customer,29,Business Travel,Business,1471,4,4,4,4,4,4,4,4,3,2,4,5,4,3.85,96,88,TRUE
Female,Disloyal Customer,43,Business Travel,Business,1005,2,2,2,1,3,2,3,3,4,5,4,4,3,2.92,0,0,FALSE
Male,Disloyal Customer,42,Business Travel,Business,214,5,5,5,4,5,5,5,5,5,3,5,3,5,4.62,0,2,TRUE
Female,Loyal Customer,9,Personal Travel,Eco Plus,405,3,4,3,4,2,3,2,2,5,5,4,4,2,3.31,0,0,FALSE
Female,Loyal Customer,23,Personal Travel,Eco,1010,0,5,0,3,1,0,1,1,3,4,5,4,1,2.15,21,0,TRUE
Female,Loyal Customer,30,Business Travel,Eco,361,1,1,1,1,1,1,1,1,3,5,4,2,1,1.77,0,0,FALSE
Male,Loyal Customer,55,Business Travel,Business,2506,4,4,4,4,4,2,3,4,4,4,4,2,1,3.38,0,0,TRUE
Female,Loyal Customer,37,Business Travel,Business,3127,5,5,5,5,3,5,5,4,4,4,4,3,4,4.31,0,0,TRUE
Female,Disloyal Customer,31,Business Travel,Business,1797,4,4,4,1,3,4,3,3,3,3,3,4,3,3.23,0,0,FALSE
Male,Loyal Customer,57,Business Travel,Business,2512,1,1,3,1,3,4,4,2,2,2,2,3,5,2.54,0,0,TRUE
Female,Disloyal Customer,34,Business Travel,Eco,255,4,0,4,2,4,4,4,4,3,1,4,5,4,3.31,0,0,FALSE
Female,Loyal Customer,50,Business Travel,Business,946,2,2,3,2,3,4,4,5,5,5,5,3,3,3.54,0,6,TRUE
Male,Loyal Customer,57,Business Travel,Business,3259,3,3,3,3,2,4,5,4,4,4,4,3,3,3.46,0,0,TRUE
Male,Loyal Customer,29,Business Travel,Business,1513,3,3,3,3,4,4,4,4,3,2,5,3,4,3.46,56,59,TRUE
Male,Loyal Customer,50,Personal Travel,Eco,533,1,4,3,5,5,3,5,5,3,4,4,4,5,3.92,12,11,FALSE
Male,Loyal Customer,50,Business Travel,Business,689,3,3,3,3,5,2,2,3,3,3,3,3,4,3.08,25,39,FALSE
Male,Loyal Customer,53,Personal Travel,Eco,590,2,1,2,3,4,2,4,4,4,4,4,1,4,3,52,43,FALSE
Female,Loyal Customer,48,Business Travel,Business,2949,2,2,2,2,3,5,5,4,4,4,4,5,3,3.46,0,0,TRUE
Female,Loyal Customer,29,Business Travel,Business,2012,3,3,3,3,4,4,4,4,5,2,5,5,4,3.77,0,2,TRUE
Female,Loyal Customer,55,Business Travel,Business,1849,2,2,2,2,2,4,5,4,4,4,4,3,4,3.23,16,23,TRUE
Male,Loyal Customer,30,Business Travel,Business,2075,2,2,2,2,4,4,4,4,5,5,1,3,4,3.23,119,104,TRUE
Female,Loyal Customer,47,Business Travel,Business,2668,4,4,4,4,3,4,3,4,4,4,4,4,4,3.85,0,0,FALSE
Female,Loyal Customer,15,Personal Travel,Eco Plus,639,3,5,3,2,3,3,1,3,3,3,5,5,3,3.23,52,66,FALSE
Male,Loyal Customer,27,Business Travel,Business,1611,3,3,3,3,5,5,5,5,3,5,5,3,5,4.08,0,0,TRUE
Female,Loyal Customer,47,Business Travel,Business,2342,5,5,5,5,4,3,5,5,5,5,5,4,5,4.69,0,0,TRUE
Male,Loyal Customer,68,Personal Travel,Eco,300,1,2,1,3,3,1,3,3,1,1,4,4,3,2.31,0,0,FALSE
Male,Loyal Customer,22,Business Travel,Eco,650,4,4,4,4,4,4,4,4,1,2,1,3,4,3.31,5,2,TRUE
Female,Disloyal Customer,36,Business Travel,Eco Plus,601,2,2,2,5,3,2,3,3,5,2,4,3,3,3,0,0,FALSE
Male,Loyal Customer,23,Business Travel,Business,1605,5,5,5,5,5,4,5,5,2,4,2,2,5,4.15,1,0,TRUE
Male,Loyal Customer,41,Personal Travel,Eco,1020,2,4,2,3,2,2,2,2,4,2,3,2,2,2.46,5,6,FALSE
Male,Loyal Customer,55,Business Travel,Business,463,1,2,2,2,1,1,1,2,3,4,4,1,1,1.92,182,166,FALSE
Female,Loyal Customer,23,Business Travel,Eco Plus,431,4,5,5,5,4,4,3,4,4,5,4,4,4,4.23,0,0,FALSE
Female,Loyal Customer,41,Business Travel,Business,1697,2,4,2,2,5,4,5,5,5,5,5,3,4,3.92,54,51,TRUE
Male,Loyal Customer,63,Personal Travel,Eco,813,0,5,0,5,5,0,2,5,3,2,5,3,5,3.08,0,0,TRUE
Male,Loyal Customer,33,Personal Travel,Business,1652,5,5,5,3,4,5,5,4,3,3,5,4,4,4.23,0,0,TRUE
Female,Loyal Customer,46,Business Travel,Business,364,1,1,1,1,5,5,5,5,5,4,5,3,5,3.54,36,41,TRUE
Female,Loyal Customer,44,Business Travel,Business,3234,3,4,4,4,1,3,4,3,3,3,3,3,2,3.08,0,0,FALSE
Male,Loyal Customer,44,Business Travel,Business,2091,3,3,3,3,5,2,2,5,5,5,5,4,2,3.62,0,0,TRUE
Male,Loyal Customer,55,Business Travel,Business,1670,3,3,3,3,2,5,4,5,5,5,5,5,3,3.92,0,0,TRUE
Female,Loyal Customer,34,Business Travel,Business,1924,3,3,3,3,4,5,4,5,5,5,5,3,5,4.08,0,0,TRUE
Male,Loyal Customer,57,Business Travel,Business,1372,5,3,5,5,2,5,4,5,5,4,5,3,3,4.15,0,0,TRUE
Female,Loyal Customer,23,Personal Travel,Eco,1005,5,5,5,5,4,5,4,4,3,4,4,5,4,4.38,0,0,TRUE
Male,Disloyal Customer,22,Business Travel,Eco,476,3,0,3,4,2,3,2,2,3,1,3,2,2,2.31,0,0,FALSE
Female,Disloyal Customer,28,Business Travel,Business,689,2,2,2,2,1,2,1,1,5,3,5,4,1,2.38,1,0,FALSE
Female,Disloyal Customer,23,Business Travel,Business,1416,2,2,2,3,2,2,2,2,4,2,3,1,2,2.23,0,0,FALSE
Male,Loyal Customer,27,Business Travel,Business,1400,4,4,4,4,4,4,4,4,5,5,1,3,4,3.85,3,13,TRUE
Male,Loyal Customer,30,Business Travel,Business,2106,2,2,2,2,2,3,2,2,2,1,3,2,2,2.08,0,8,FALSE
Male,Loyal Customer,41,Business Travel,Eco Plus,446,2,3,3,3,2,2,2,2,4,5,4,3,2,2.85,6,11,FALSE
Female,Loyal Customer,64,Personal Travel,Eco,812,1,4,1,3,5,3,4,3,3,1,3,3,4,2.92,47,59,FALSE
Female,Loyal Customer,70,Personal Travel,Eco,271,1,0,1,4,4,1,1,3,3,1,3,2,2,2,0,0,FALSE
Female,Loyal Customer,27,Business Travel,Business,3953,4,4,4,4,4,4,4,4,1,1,3,1,4,3.23,36,43,FALSE
Male,Loyal Customer,43,Business Travel,Business,3346,1,1,1,1,4,5,5,5,5,5,5,5,5,3.69,30,33,TRUE
Male,Loyal Customer,44,Business Travel,Business,2141,4,4,4,4,4,5,4,5,5,5,5,3,3,4.23,59,88,TRUE
Male,Disloyal Customer,21,Business Travel,Eco,674,2,2,2,3,5,2,4,5,1,3,3,2,5,3,1,0,FALSE
Female,Loyal Customer,43,Business Travel,Eco,1652,3,3,4,4,1,2,2,3,3,3,3,4,2,2.85,30,12,FALSE
Female,Loyal Customer,11,Personal Travel,Eco,2496,2,3,3,3,3,3,3,3,4,1,3,3,3,2.85,0,0,FALSE
Male,Disloyal Customer,25,Business Travel,Eco,1121,1,1,1,3,2,1,1,2,3,3,3,2,2,1.92,61,48,FALSE
Male,Loyal Customer,49,Business Travel,Business,2556,5,5,5,5,3,4,5,4,4,4,4,3,4,4.23,0,0,TRUE
Female,Loyal Customer,40,Business Travel,Business,156,4,4,4,4,2,4,5,4,4,4,3,2,1,3.46,0,0,TRUE
Male,Loyal Customer,45,Personal Travel,Eco,1372,2,5,2,4,1,2,1,1,5,5,5,3,1,2.85,0,13,FALSE
Female,Loyal Customer,22,Personal Travel,Eco,164,3,1,3,1,5,3,5,5,3,2,1,1,5,2.92,0,0,FALSE
Male,Loyal Customer,26,Business Travel,Business,3753,5,5,5,5,5,5,5,5,3,2,1,2,5,4.08,4,0,TRUE
Female,Disloyal Customer,27,Business Travel,Eco,364,2,4,2,4,2,2,2,2,4,4,3,2,2,2.69,31,52,FALSE
Female,Disloyal Customer,34,Business Travel,Business,1072,2,2,2,1,2,2,2,2,5,2,4,3,2,2.38,29,25,FALSE
Male,Loyal Customer,54,Business Travel,Business,484,5,5,5,5,2,5,5,5,5,5,5,4,4,4.62,0,0,TRUE
Male,Loyal Customer,51,Business Travel,Business,759,5,5,2,5,2,4,4,5,5,5,5,4,3,4.15,28,32,TRUE
Female,Loyal Customer,44,Business Travel,Business,2284,4,4,4,4,4,5,5,5,5,5,5,5,3,4.46,31,31,TRUE
Female,Loyal Customer,51,Business Travel,Business,280,2,1,1,1,3,3,4,2,2,2,2,4,4,2.38,0,0,FALSE
Male,Loyal Customer,42,Business Travel,Business,416,1,1,2,1,3,3,1,4,4,4,4,5,5,2.92,88,69,TRUE
Male,Loyal Customer,58,Personal Travel,Eco,874,2,4,3,1,5,3,5,5,5,5,3,5,5,3.92,0,0,FALSE
Female,Loyal Customer,38,Business Travel,Business,1525,5,5,5,5,1,3,5,5,5,5,5,3,1,4.08,78,73,TRUE
Male,Loyal Customer,36,Business Travel,Business,502,3,5,5,5,2,4,3,3,3,3,3,1,4,3.38,5,23,FALSE
Female,Loyal Customer,62,Business Travel,Business,2077,3,3,3,3,3,5,4,5,5,5,5,5,4,4.08,0,0,TRUE
Male,Loyal Customer,56,Business Travel,Business,158,5,5,5,5,3,4,4,5,5,5,4,5,4,4.54,0,0,TRUE
Female,Disloyal Customer,49,Business Travel,Business,646,2,3,3,1,4,2,4,4,5,4,4,3,4,3.31,9,2,FALSE
Female,Loyal Customer,25,Business Travel,Business,612,1,1,1,1,5,5,5,5,5,4,4,5,5,3.62,27,19,TRUE
Male,Loyal Customer,26,Personal Travel,Eco,187,2,4,2,3,1,2,1,1,5,3,3,4,1,2.46,0,0,FALSE
Female,Loyal Customer,39,Personal Travel,Eco Plus,910,2,5,2,4,4,2,4,4,4,2,5,3,4,3.46,0,6,FALSE
Female,Loyal Customer,55,Personal Travel,Eco,280,3,5,3,2,3,5,4,1,1,3,1,4,4,3,0,6,FALSE
Male,Loyal Customer,35,Business Travel,Eco,463,3,5,5,5,3,3,3,3,1,1,3,2,3,3.08,0,0,TRUE
Female,Loyal Customer,41,Business Travel,Eco,308,1,4,4,4,1,1,1,1,2,4,1,3,1,2.15,0,13,FALSE
Female,Loyal Customer,25,Personal Travel,Business,1428,1,4,1,3,4,1,4,4,5,3,4,3,4,3.15,8,8,FALSE
Female,Loyal Customer,41,Business Travel,Business,534,1,1,1,1,4,4,4,4,4,4,4,5,5,3.23,20,23,TRUE
Male,Loyal Customer,53,Personal Travel,Business,1096,2,4,2,1,4,5,4,2,2,2,4,2,5,3,0,0,FALSE
Male,Disloyal Customer,20,Business Travel,Eco,546,2,0,3,2,3,3,3,3,5,3,4,3,3,2.85,0,0,FALSE
Male,Disloyal Customer,38,Business Travel,Business,696,3,3,3,2,1,3,1,1,3,4,5,3,1,2.54,0,0,FALSE
Female,Disloyal Customer,26,Business Travel,Eco,391,2,0,2,4,3,2,1,3,5,4,3,5,3,2.85,1,0,FALSE
Male,Loyal Customer,33,Business Travel,Business,3332,5,5,5,5,4,4,4,4,1,2,4,5,4,4,0,0,TRUE
Female,Loyal Customer,43,Business Travel,Business,1744,2,2,2,2,2,3,4,3,3,4,3,3,4,2.85,0,0,TRUE
Female,Loyal Customer,53,Business Travel,Business,2678,2,2,2,2,5,4,5,4,4,4,4,3,5,3.54,1,17,TRUE
Male,Loyal Customer,52,Business Travel,Business,626,3,3,3,3,4,5,5,5,5,5,5,4,4,4.15,0,0,TRUE
Male,Loyal Customer,28,Personal Travel,Eco,442,2,4,3,1,1,3,1,1,5,3,5,4,1,2.62,0,1,FALSE
Female,Loyal Customer,33,Business Travel,Business,3487,3,3,2,2,5,3,3,3,3,3,3,3,3,3,0,0,FALSE
Female,Loyal Customer,55,Personal Travel,Eco Plus,160,5,4,5,2,3,4,5,3,3,5,3,5,5,4,0,0,TRUE
Female,Disloyal Customer,20,Business Travel,Eco,631,4,0,4,3,4,4,4,4,4,5,3,2,4,3.46,0,0,FALSE
Male,Loyal Customer,54,Business Travel,Eco,357,3,4,4,4,3,3,3,3,4,2,4,2,3,3.23,0,0,FALSE
Male,Disloyal Customer,25,Business Travel,Eco,373,3,4,3,3,1,3,1,1,1,5,3,4,1,2.54,86,127,FALSE
Male,Loyal Customer,17,Personal Travel,Eco,1773,4,3,4,4,3,4,2,3,3,3,3,1,3,3.08,0,0,FALSE
Female,Loyal Customer,16,Business Travel,Business,1890,2,3,3,3,2,1,2,2,2,5,4,1,2,2.46,36,45,FALSE
Female,Loyal Customer,30,Business Travel,Eco,1237,4,3,3,3,4,4,4,4,2,3,2,1,4,3.15,0,0,TRUE
Female,Disloyal Customer,13,Business Travel,Eco,550,2,3,2,3,4,2,4,4,2,3,3,3,4,3,4,0,FALSE
Male,Loyal Customer,43,Business Travel,Business,2501,2,2,2,2,4,5,5,4,4,4,4,3,3,3.38,0,18,TRUE
Female,Loyal Customer,38,Personal Travel,Eco,1035,3,5,3,4,5,3,5,5,4,2,5,5,5,4.15,12,0,FALSE
Male,Disloyal Customer,47,Business Travel,Eco,696,4,4,4,3,5,4,5,5,4,1,1,2,5,3.62,0,3,FALSE
Female,Disloyal Customer,22,Business Travel,Eco,980,3,3,3,3,4,3,4,4,2,2,3,1,4,3,76,80,FALSE
Female,Loyal Customer,41,Business Travel,Business,594,1,1,5,1,5,5,4,5,5,5,5,5,5,4,3,0,TRUE
Female,Loyal Customer,58,Business Travel,Eco,337,2,3,2,3,1,3,3,2,2,2,2,4,3,2.46,0,7,TRUE
Male,Loyal Customer,48,Business Travel,Business,3555,5,1,5,5,4,5,5,5,5,5,5,4,3,4.38,0,1,TRUE
Male,Disloyal Customer,29,Business Travel,Business,2342,2,2,2,4,2,2,2,2,3,3,4,3,2,2.54,0,0,FALSE
Male,Loyal Customer,45,Business Travel,Eco Plus,782,4,1,1,1,4,4,4,4,2,4,1,5,4,3,41,36,TRUE
Male,Loyal Customer,25,Business Travel,Business,3275,0,0,0,4,3,3,3,3,3,2,1,4,3,2.23,0,0,TRUE
Male,Loyal Customer,38,Business Travel,Business,1560,3,2,2,2,3,2,1,3,3,3,3,4,2,2.54,28,19,FALSE
Female,Loyal Customer,49,Business Travel,Eco,534,2,4,4,4,1,4,4,2,2,2,2,3,3,2.85,36,39,FALSE
Female,Loyal Customer,47,Business Travel,Business,3498,3,3,3,3,4,4,5,5,5,5,5,4,5,4.15,0,0,TRUE
Male,Loyal Customer,29,Personal Travel,Eco,200,3,5,0,2,2,0,2,2,4,4,5,5,2,2.77,0,0,FALSE
Male,Disloyal Customer,34,Business Travel,Business,936,1,1,1,1,2,1,2,2,5,5,5,5,2,2.54,39,22,FALSE
Female,Loyal Customer,36,Business Travel,Eco,245,4,4,4,4,4,4,4,4,2,5,4,1,4,3.69,33,28,TRUE
Female,Loyal Customer,31,Business Travel,Business,3114,2,2,2,2,5,5,5,5,3,4,1,5,5,3.54,14,4,TRUE
Female,Disloyal Customer,36,Business Travel,Eco Plus,238,1,1,1,3,3,1,3,3,1,1,2,2,3,1.92,0,0,FALSE
Male,Loyal Customer,67,Business Travel,Business,399,1,1,1,1,3,4,5,5,5,5,5,4,5,3.46,0,0,TRUE
Female,Loyal Customer,39,Business Travel,Business,3657,2,5,5,5,2,3,3,2,2,2,2,2,3,2.92,0,0,FALSE
Female,Loyal Customer,61,Personal Travel,Eco,666,1,5,1,3,5,5,4,5,5,1,5,5,5,3.85,19,4,FALSE
Male,Disloyal Customer,23,Business Travel,Business,337,5,0,5,1,3,5,5,3,5,5,5,5,3,3.85,84,76,TRUE
Female,Loyal Customer,48,Personal Travel,Eco,2182,3,2,3,4,2,4,4,2,2,3,3,2,3,2.85,3,0,FALSE
Male,Loyal Customer,9,Personal Travel,Eco,469,2,4,5,1,4,5,4,4,5,5,4,4,4,3.92,115,116,FALSE
Female,Loyal Customer,22,Business Travel,Business,2123,1,1,1,1,1,1,1,1,2,5,3,1,1,1.54,46,51,FALSE
Female,Disloyal Customer,22,Business Travel,Eco,404,1,0,0,3,4,0,4,4,5,5,1,4,4,2.69,0,0,FALSE
Male,Loyal Customer,12,Personal Travel,Eco,223,3,4,0,4,2,0,2,2,5,2,5,3,2,2.62,0,0,FALSE
Female,Disloyal Customer,27,Business Travel,Business,551,2,2,2,3,1,2,1,1,5,4,5,3,1,2.46,0,0,FALSE
Male,Loyal Customer,25,Business Travel,Business,758,3,3,3,3,5,5,5,5,1,2,4,1,5,3.46,3,4,TRUE
Male,Disloyal Customer,22,Business Travel,Eco,1011,2,2,2,4,3,2,5,3,1,1,3,3,3,2.62,0,7,FALSE
Female,Disloyal Customer,25,Business Travel,Eco,110,2,5,2,3,2,2,2,2,5,1,2,4,2,2.62,17,15,FALSE
Female,Loyal Customer,63,Business Travel,Business,1201,2,4,4,4,3,3,3,2,2,2,2,4,2,2.85,1,0,FALSE
Female,Disloyal Customer,23,Business Travel,Business,825,5,5,5,3,3,5,2,3,3,2,5,5,3,3.77,40,56,TRUE
Male,Loyal Customer,53,Business Travel,Business,1660,2,3,2,2,2,5,4,5,5,5,5,3,5,3.69,1,0,TRUE
Male,Disloyal Customer,25,Business Travel,Eco,551,2,4,2,3,4,2,1,4,5,5,4,1,4,3.15,0,0,FALSE
Female,Disloyal Customer,24,Business Travel,Business,1310,5,4,5,4,4,5,4,4,4,3,5,5,4,4.31,125,,TRUE
Female,Loyal Customer,39,Personal Travel,Eco,577,3,5,3,3,4,3,5,4,3,4,4,5,4,3.85,0,0,FALSE
Male,Loyal Customer,43,Business Travel,Business,1873,3,5,4,5,1,4,3,3,3,3,3,2,4,3.31,0,0,FALSE
Male,Loyal Customer,44,Business Travel,Business,2288,2,2,2,2,5,5,5,5,5,4,5,3,3,3.69,0,0,TRUE
Female,Loyal Customer,49,Business Travel,Business,352,1,1,1,1,2,5,4,4,4,4,4,3,3,2.85,0,0,TRUE
Male,Loyal Customer,51,Business Travel,Eco,187,4,2,2,2,4,4,4,4,1,5,2,1,4,3,0,0,FALSE
Female,Loyal Customer,30,Business Travel,Business,1436,1,4,2,2,1,1,1,1,5,3,3,1,1,2,167,152,FALSE
Male,Loyal Customer,58,Business Travel,Eco,429,2,4,4,4,2,2,2,2,1,3,3,3,2,2.62,10,4,FALSE
Female,Loyal Customer,28,Business Travel,Business,1739,3,3,3,3,3,4,3,3,5,3,4,4,3,3.38,0,0,TRUE
Female,Disloyal Customer,17,Business Travel,Eco,196,2,0,2,2,2,2,2,2,5,5,4,5,2,2.69,0,0,FALSE
Male,Loyal Customer,18,Business Travel,Business,2935,2,4,4,4,1,1,2,1,2,3,4,2,1,2.38,0,0,FALSE
Female,Loyal Customer,61,Business Travel,Business,2553,2,3,3,3,1,1,2,2,2,2,2,4,1,2.15,0,29,FALSE
Female,Loyal Customer,36,Business Travel,Eco,772,4,4,4,4,4,4,4,4,1,3,3,4,4,3.62,0,1,FALSE
Female,Loyal Customer,42,Business Travel,Business,1748,1,1,1,1,1,4,5,3,3,3,3,5,3,2.62,0,0,TRUE
Male,Loyal Customer,54,Personal Travel,Eco,764,2,4,2,4,3,2,3,3,5,2,4,4,3,3.15,77,63,FALSE
Male,Loyal Customer,44,Personal Travel,Eco,2588,1,4,1,5,3,1,3,3,5,3,5,4,3,3.15,28,5,FALSE
Male,Disloyal Customer,39,Business Travel,Eco,761,1,1,1,4,4,1,1,4,3,3,3,1,4,2.38,0,0,FALSE
Female,Disloyal Customer,27,Business Travel,Eco,404,4,4,3,3,4,3,3,4,4,3,3,3,4,3.46,103,103,FALSE
Female,Loyal Customer,49,Business Travel,Business,1862,2,2,2,2,2,4,5,4,4,4,4,3,4,3.23,0,0,TRUE
Female,Disloyal Customer,14,Business Travel,Eco,994,2,3,3,4,5,3,5,5,4,4,4,5,5,4,14,14,FALSE
Male,Loyal Customer,51,Personal Travel,Eco,409,1,5,1,3,3,1,3,3,4,5,5,5,3,3.23,0,30,FALSE
Male,Loyal Customer,20,Personal Travel,Eco,488,2,5,2,2,2,2,2,2,5,3,4,5,2,2.92,3,4,FALSE
Male,Loyal Customer,63,Personal Travel,Eco Plus,1056,1,5,1,4,5,1,5,5,5,5,5,3,5,3.85,18,11,FALSE
Male,Loyal Customer,53,Business Travel,Eco,584,4,4,4,4,5,4,5,5,3,1,3,3,5,3.85,0,0,TRUE
Female,Loyal Customer,26,Business Travel,Eco,874,3,1,1,1,3,3,1,3,3,5,2,1,3,2.31,12,12,FALSE
Male,Loyal Customer,22,Business Travel,Eco,395,4,5,5,5,4,4,2,4,4,1,4,2,4,3.69,0,0,FALSE
Female,Loyal Customer,47,Personal Travel,Eco Plus,745,4,2,4,3,1,3,3,5,5,4,5,1,2,3.23,0,0,TRUE
Female,Loyal Customer,61,Business Travel,Eco,144,5,5,5,5,2,5,4,5,5,5,5,5,1,4.38,62,64,TRUE
Female,Loyal Customer,27,Business Travel,Business,2556,3,3,2,3,3,2,3,3,1,4,3,2,3,2.69,0,0,TRUE
Female,Loyal Customer,59,Business Travel,Business,641,3,3,3,3,5,5,5,2,2,2,2,4,3,3.23,3,0,TRUE
Male,Loyal Customer,69,Business Travel,Business,2262,3,5,5,5,2,4,3,3,3,3,3,1,1,3.15,0,0,FALSE
Male,Loyal Customer,44,Business Travel,Business,2342,2,2,3,2,3,3,4,1,1,2,1,5,3,2.46,0,0,TRUE
Female,Disloyal Customer,23,Business Travel,Eco,683,2,2,2,3,3,2,2,3,4,4,4,4,3,2.92,0,0,FALSE
Female,Loyal Customer,54,Business Travel,Business,585,4,4,4,4,2,5,4,4,4,4,4,4,4,3.92,40,12,TRUE
Male,Loyal Customer,58,Business Travel,Business,651,4,4,4,4,2,5,5,4,4,4,4,3,3,3.85,21,23,TRUE
Female,Loyal Customer,55,Personal Travel,Eco,448,3,5,3,3,3,5,5,2,2,3,2,3,5,3.38,58,49,FALSE
Male,Loyal Customer,15,Personal Travel,Business,967,2,4,2,3,3,2,3,3,4,3,2,3,3,2.85,35,32,FALSE
Female,Loyal Customer,51,Business Travel,Business,422,3,3,3,3,2,5,5,5,5,5,5,5,5,4.15,0,12,TRUE
Male,Disloyal Customer,25,Business Travel,Eco,817,4,4,4,4,5,4,5,5,3,5,3,3,5,4.15,0,0,TRUE
Male,Loyal Customer,50,Business Travel,Business,3503,4,4,4,4,5,4,4,4,4,4,4,4,3,4,4,10,TRUE
Female,Loyal Customer,67,Personal Travel,Eco,532,3,4,3,3,4,5,5,4,4,3,4,5,5,4,0,2,FALSE
Female,Loyal Customer,46,Business Travel,Business,1024,5,5,5,5,2,3,5,4,4,5,4,5,1,4.08,0,0,TRUE
Female,Disloyal Customer,25,Business Travel,Eco,1105,1,1,1,4,3,1,3,3,4,2,3,3,3,2.46,17,23,FALSE
Female,Loyal Customer,37,Business Travel,Business,3474,5,5,5,5,4,5,4,4,4,4,4,5,5,4.54,0,0,TRUE
Male,Disloyal Customer,38,Business Travel,Business,609,1,1,1,2,2,1,3,2,5,2,5,4,2,2.38,0,0,FALSE
Male,Loyal Customer,63,Personal Travel,Eco Plus,557,3,5,3,2,3,3,3,3,2,4,2,1,3,2.85,81,62,FALSE
Male,Disloyal Customer,19,Personal Travel,Eco,1491,3,5,3,1,1,3,2,1,3,4,5,4,1,2.77,27,0,FALSE
Male,Loyal Customer,68,Personal Travel,Eco,746,4,5,4,3,5,4,5,5,3,5,5,5,5,4.46,0,1,FALSE
Male,Loyal Customer,31,Business Travel,Business,3997,4,4,4,4,3,4,3,3,4,2,1,3,3,3.23,0,0,TRUE
Female,Loyal Customer,24,Personal Travel,Eco,425,4,2,4,4,4,4,4,4,2,2,3,2,4,3.31,7,8,FALSE
Female,Loyal Customer,34,Personal Travel,Eco,222,3,1,3,4,4,3,4,4,4,2,3,3,4,3.23,0,0,FALSE
Female,Loyal Customer,35,Business Travel,Business,3405,2,2,2,2,5,4,4,2,2,2,2,4,3,2.77,1,11,FALSE
Female,Loyal Customer,46,Business Travel,Business,2256,4,4,4,4,4,5,4,5,5,5,5,4,3,4.31,0,0,TRUE
Male,Loyal Customer,30,Business Travel,Business,340,4,4,4,4,4,4,4,4,5,3,5,5,4,4.15,0,0,TRUE
Female,Disloyal Customer,22,Business Travel,Eco,331,2,4,2,4,4,2,4,4,2,1,3,3,4,3,23,18,FALSE
Female,Loyal Customer,34,Business Travel,Business,101,3,4,4,4,4,2,3,3,3,3,3,2,4,3.23,35,42,FALSE
Male,Loyal Customer,26,Personal Travel,Business,833,2,4,2,4,3,2,2,3,5,3,4,5,3,3.23,0,0,FALSE
Male,Loyal Customer,39,Business Travel,Business,1061,3,4,4,4,4,3,3,3,3,3,3,3,3,3.31,0,0,FALSE
Male,Disloyal Customer,26,Business Travel,Eco,135,5,5,5,4,5,5,5,5,2,3,3,4,5,4.31,0,0,TRUE
Female,Loyal Customer,63,Personal Travel,Eco,1249,4,5,4,1,5,5,4,4,4,4,4,5,4,4.08,0,0,FALSE
Female,Loyal Customer,33,Business Travel,Business,761,4,4,4,4,4,5,5,5,5,5,5,5,5,4.62,13,5,TRUE
Female,Loyal Customer,58,Business Travel,Business,1593,5,5,5,5,5,4,5,5,5,5,5,5,5,4.92,0,0,TRUE
Female,Loyal Customer,63,Personal Travel,Eco,200,3,3,3,1,4,4,1,2,2,3,2,4,2,2.62,33,17,FALSE
Male,Loyal Customer,8,Personal Travel,Eco,1235,2,5,1,3,1,1,1,1,4,3,4,5,1,2.46,3,0,FALSE
Male,Loyal Customer,64,Personal Travel,Eco,899,2,4,2,1,5,2,5,5,4,5,4,3,5,3.62,2,0,FALSE
Male,Loyal Customer,53,Personal Travel,Eco Plus,127,2,4,2,4,3,2,3,3,2,4,4,4,3,3.08,0,0,FALSE
Male,Loyal Customer,55,Business Travel,Business,3694,3,1,3,3,2,5,5,4,4,4,4,4,4,3.54,0,0,TRUE
Male,Disloyal Customer,36,Business Travel,Business,1187,2,2,2,5,2,2,3,2,4,5,4,4,2,3,59,36,FALSE
Male,Loyal Customer,58,Business Travel,Business,417,2,2,2,2,4,4,4,2,2,2,2,5,4,2.85,30,30,TRUE
Male,Loyal Customer,9,Personal Travel,Eco,541,2,5,4,5,2,4,2,2,5,2,5,3,2,3.31,0,0,FALSE
Male,Loyal Customer,29,Business Travel,Eco,1487,4,2,2,2,4,4,4,4,2,4,4,2,4,3.23,0,0,FALSE
Male,Loyal Customer,31,Personal Travel,Business,602,3,4,3,1,3,3,3,3,5,5,5,3,3,3.38,11,13,FALSE
Male,Loyal Customer,20,Personal Travel,Eco,493,0,5,0,4,5,0,5,5,4,3,5,4,5,3.46,3,0,TRUE
Female,Loyal Customer,44,Business Travel,Business,393,1,5,5,5,2,3,3,1,1,1,1,3,1,2.46,75,71,FALSE
Female,Loyal Customer,34,Business Travel,Business,3518,2,2,2,2,3,4,4,5,5,5,5,5,3,3.62,0,0,TRUE
Female,Disloyal Customer,35,Business Travel,Business,302,4,4,4,3,5,4,5,5,3,4,5,5,5,4.31,0,0,FALSE
Male,Disloyal Customer,52,Business Travel,Eco,550,4,3,4,3,3,4,3,3,1,5,3,3,3,3.23,0,0,FALSE
Female,Loyal Customer,41,Business Travel,Business,2216,1,1,1,1,4,5,1,4,4,4,4,4,5,3,0,0,TRUE
Male,Loyal Customer,14,Personal Travel,Eco,229,2,4,2,4,3,2,3,3,3,2,4,3,3,2.92,0,0,FALSE
Male,Loyal Customer,47,Business Travel,Business,2722,1,1,5,1,5,4,5,4,4,4,4,5,5,3.69,0,0,TRUE
Female,Loyal Customer,23,Business Travel,Business,1503,4,4,4,4,4,4,4,4,1,2,3,2,4,3.38,0,4,TRUE
Male,Loyal Customer,10,Personal Travel,Eco,173,3,5,3,1,2,3,2,2,5,2,4,4,2,2.92,66,68,FALSE
Female,Loyal Customer,37,Business Travel,Business,1907,5,5,5,5,5,5,5,5,5,4,5,3,3,4.62,0,0,TRUE
Male,Loyal Customer,66,Business Travel,Business,1870,2,1,1,1,3,2,2,2,2,2,2,3,1,1.85,13,9,FALSE
Male,Loyal Customer,70,Personal Travel,Eco Plus,925,3,4,3,2,2,3,2,2,4,5,5,4,2,3.15,1,0,FALSE
Male,Loyal Customer,21,Personal Travel,Eco,765,0,1,0,4,4,0,4,4,1,4,3,4,4,2.54,0,0,TRUE
Female,Loyal Customer,51,Business Travel,Eco,160,2,5,5,5,3,2,2,2,2,2,2,1,3,2.77,0,0,TRUE
Female,Loyal Customer,20,Personal Travel,Eco,399,1,4,1,5,3,1,3,3,4,4,5,4,3,3.15,0,0,FALSE
Female,Loyal Customer,53,Personal Travel,Eco,369,1,4,1,1,1,1,3,2,2,1,2,5,2,2,0,0,FALSE
Female,Loyal Customer,54,Personal Travel,Eco Plus,1017,4,3,4,4,2,3,3,5,5,4,5,3,2,3.62,0,0,TRUE
Female,Disloyal Customer,10,Business Travel,Eco,731,4,4,4,4,5,4,5,5,5,2,4,3,5,4.15,18,0,FALSE
Male,Loyal Customer,40,Business Travel,Business,1535,2,2,2,2,4,4,5,5,5,5,5,4,5,3.85,0,0,TRUE
Female,Loyal Customer,48,Business Travel,Business,1237,5,5,5,5,2,1,2,5,5,5,5,5,3,4.08,0,0,TRUE
Female,Loyal Customer,40,Business Travel,Business,1956,3,3,2,3,5,5,4,3,3,4,3,3,4,3.46,0,17,TRUE
Male,Loyal Customer,37,Business Travel,Business,937,5,5,5,5,2,5,5,4,4,4,4,3,5,4.31,42,8,TRUE
Male,Loyal Customer,42,Personal Travel,Eco,163,4,4,4,1,5,4,5,5,4,2,4,5,5,4,0,3,TRUE
Male,Loyal Customer,55,Business Travel,Business,2342,2,4,3,4,2,3,4,2,2,2,2,3,1,2.62,36,19,FALSE
Female,Loyal Customer,60,Business Travel,Business,316,4,4,4,4,2,4,4,5,5,5,5,3,5,4.15,0,0,TRUE
Male,Loyal Customer,31,Business Travel,Business,364,3,4,3,3,5,5,5,5,5,2,1,3,5,3.77,0,0,TRUE
Male,Loyal Customer,23,Business Travel,Business,1660,2,2,2,2,5,5,5,5,1,3,3,2,5,3.23,1,5,TRUE
Female,Loyal Customer,49,Business Travel,Business,224,3,3,3,3,5,4,5,5,5,5,5,4,5,4.23,0,0,TRUE
Female,Loyal Customer,29,Personal Travel,Eco,468,2,5,2,4,5,2,5,5,3,3,4,4,5,3.77,0,0,FALSE
Male,Disloyal Customer,26,Business Travel,Business,946,4,4,4,4,2,4,1,2,3,2,4,4,2,3.08,0,0,TRUE
Female,Loyal Customer,49,Business Travel,Business,2314,2,2,2,2,5,5,5,4,4,4,4,5,4,3.69,0,0,TRUE
Male,Loyal Customer,12,Personal Travel,Business,1814,4,4,4,5,3,4,3,3,3,2,3,4,3,3.46,0,0,FALSE
Female,Loyal Customer,39,Business Travel,Business,453,3,3,3,3,3,5,4,5,5,5,5,3,5,4,0,0,TRUE
Female,Loyal Customer,28,Personal Travel,Eco,2267,4,4,4,2,4,4,2,4,4,3,4,2,2,3.31,0,0,TRUE
Male,Loyal Customer,39,Business Travel,Business,2135,2,2,2,2,2,5,4,4,4,3,4,5,3,3.23,0,0,TRUE
Female,Loyal Customer,52,Business Travel,Business,2671,3,3,2,3,3,4,4,5,5,5,5,5,5,4,0,0,TRUE
Female,Disloyal Customer,38,Business Travel,Business,290,4,4,4,1,2,4,3,2,5,2,4,4,2,3.15,0,0,TRUE
Female,Disloyal Customer,25,Business Travel,Business,829,5,2,5,2,5,5,5,5,3,2,5,4,5,4.08,1,0,TRUE
Female,Loyal Customer,28,Personal Travel,Eco,429,4,1,4,3,3,4,3,3,4,2,2,1,3,2.85,3,11,FALSE
Female,Loyal Customer,10,Personal Travel,Eco,1727,3,5,3,1,5,3,3,5,3,2,5,3,5,3.54,108,89,FALSE
Male,Loyal Customer,42,Business Travel,Business,2597,1,1,1,1,4,4,1,4,4,4,4,5,3,2.85,0,0,TRUE
Female,Loyal Customer,30,Business Travel,Business,2755,3,3,3,3,5,5,5,5,5,3,5,5,5,4.23,6,12,TRUE
Female,Loyal Customer,29,Business Travel,Business,1670,1,2,4,2,1,1,1,1,4,3,1,3,1,1.92,0,7,FALSE
Female,Loyal Customer,22,Business Travel,Business,3600,3,3,3,3,3,4,3,3,3,4,4,2,3,3.15,0,6,FALSE
Male,Loyal Customer,59,Business Travel,Business,236,2,3,3,3,1,2,2,2,2,2,2,3,4,2.38,27,32,FALSE
Female,Loyal Customer,38,Personal Travel,Eco,1182,2,5,2,3,5,2,5,5,5,5,4,3,5,3.92,0,0,FALSE
Male,Loyal Customer,28,Business Travel,Business,2900,2,2,2,2,5,5,5,5,3,5,5,5,5,3.92,0,0,TRUE
Female,Loyal Customer,39,Business Travel,Eco,346,5,1,1,1,5,5,5,5,5,5,1,5,5,3.77,0,0,TRUE
Male,Loyal Customer,8,Personal Travel,Eco,1063,4,4,4,2,4,3,3,3,4,4,5,3,3,3.54,221,219,FALSE
Male,Disloyal Customer,20,Business Travel,Eco,859,2,2,2,4,5,2,5,5,1,3,3,4,5,3.31,0,10,FALSE
Male,Loyal Customer,53,Personal Travel,Business,1075,0,1,0,2,1,3,3,1,1,0,1,3,1,1.31,0,0,TRUE
Male,Disloyal Customer,45,Business Travel,Business,612,4,4,4,4,4,4,4,4,3,2,5,3,4,3.77,1,0,FALSE
Male,Loyal Customer,57,Business Travel,Business,141,0,5,0,1,3,3,5,5,5,5,5,4,5,3.54,0,0,TRUE
Female,Loyal Customer,63,Business Travel,Business,3795,1,1,1,1,1,5,4,4,4,4,4,1,5,2.77,93,95,TRUE
Female,Disloyal Customer,22,Business Travel,Eco,134,2,0,2,1,2,2,1,2,3,4,1,3,2,1.92,0,0,FALSE
Female,Loyal Customer,13,Personal Travel,Eco,657,3,4,3,4,3,3,3,3,2,1,4,1,3,2.85,0,0,FALSE
Female,Loyal Customer,53,Business Travel,Eco,528,5,2,3,2,5,4,1,5,5,5,5,5,4,3.92,0,0,TRUE
Male,Loyal Customer,41,Business Travel,Business,1591,3,3,4,3,2,5,4,5,5,4,5,4,5,4,0,0,TRUE
Female,Loyal Customer,37,Personal Travel,Eco,912,3,4,4,3,4,4,4,4,4,2,5,4,4,3.77,0,7,FALSE
Female,Loyal Customer,15,Business Travel,Eco,909,3,1,1,1,3,3,3,3,1,5,4,3,3,2.62,66,75,FALSE
Male,Loyal Customer,40,Business Travel,Business,2850,2,3,3,3,4,4,3,2,2,2,2,3,4,2.85,0,0,FALSE
Female,Loyal Customer,13,Business Travel,Business,2219,3,1,3,1,3,3,3,3,2,5,3,3,3,2.77,0,0,FALSE
Female,Loyal Customer,51,Business Travel,Business,650,1,1,1,1,3,5,5,5,5,5,5,5,4,3.54,0,1,TRUE
Female,Loyal Customer,61,Personal Travel,Eco,1773,3,4,3,4,4,3,4,1,1,3,1,3,5,3,68,78,FALSE
Female,Disloyal Customer,25,Business Travel,Eco Plus,641,3,2,3,3,4,3,3,4,2,4,2,2,4,3,0,0,FALSE
Female,Disloyal Customer,34,Business Travel,Eco,255,3,2,3,4,5,3,5,5,4,4,3,4,5,3.85,5,14,FALSE
Male,Loyal Customer,36,Business Travel,Eco,101,4,1,1,1,4,4,4,4,3,1,4,2,4,2.85,0,0,TRUE
Female,Loyal Customer,28,Business Travel,Business,3513,3,3,4,3,4,5,4,4,2,1,3,2,4,3.23,28,41,TRUE
Male,Loyal Customer,17,Personal Travel,Eco,1597,3,3,4,2,5,4,5,5,3,3,1,2,5,3.46,0,37,FALSE
Female,Disloyal Customer,20,Business Travel,Eco,813,2,2,2,4,1,2,1,1,4,1,4,3,1,2.15,0,7,FALSE
Female,Loyal Customer,46,Personal Travel,Eco,1984,3,5,3,4,4,4,2,5,5,3,5,4,2,3.77,0,0,FALSE
Male,Loyal Customer,53,Business Travel,Business,2961,1,1,2,1,2,4,5,2,2,2,2,3,3,2.31,0,4,TRUE
Female,Loyal Customer,40,Personal Travel,Eco,1313,2,5,2,2,2,2,2,2,5,5,4,4,2,3,10,0,FALSE
Female,Loyal Customer,13,Business Travel,Business,3734,4,4,4,4,5,5,5,5,5,3,5,5,5,4.54,57,59,TRUE
Female,Loyal Customer,50,Business Travel,Business,2106,4,3,3,3,4,3,4,4,4,4,4,4,2,3.54,44,40,FALSE
Female,Loyal Customer,41,Business Travel,Business,833,5,5,5,5,4,5,4,2,2,2,2,5,5,3.92,0,0,TRUE
Female,Loyal Customer,23,Business Travel,Eco Plus,1535,3,2,2,2,3,2,2,3,4,1,4,3,3,2.62,25,0,FALSE
Male,Loyal Customer,32,Personal Travel,Eco,773,0,5,0,4,4,0,4,4,2,3,3,3,4,2.77,0,8,TRUE
Female,Loyal Customer,61,Business Travel,Business,163,5,1,5,5,1,2,3,4,4,4,4,1,3,3.23,0,0,TRUE
Male,Loyal Customer,52,Business Travel,Business,1667,3,4,3,3,5,5,5,4,4,4,4,4,4,4,0,0,TRUE
Male,Loyal Customer,18,Personal Travel,Eco,369,1,4,1,5,5,1,5,5,4,4,2,4,5,3.54,0,0,FALSE
Female,Loyal Customer,32,Personal Travel,Eco Plus,1069,4,3,3,5,2,3,2,2,4,5,4,1,2,3.08,101,81,FALSE
Female,Loyal Customer,35,Business Travel,Business,3886,1,5,4,5,3,3,3,1,1,1,1,1,3,2.46,14,10,FALSE
Male,Loyal Customer,57,Business Travel,Business,332,2,2,2,2,4,4,5,5,5,5,5,4,5,3.85,129,118,TRUE
Male,Loyal Customer,46,Business Travel,Business,280,4,4,4,4,5,5,5,4,4,4,4,4,3,4.15,0,0,TRUE
Male,Loyal Customer,53,Business Travel,Business,3038,0,0,0,3,2,5,5,3,3,4,4,3,5,2.85,3,0,TRUE
Male,Loyal Customer,32,Business Travel,Business,892,1,1,1,1,5,5,5,5,5,2,2,1,5,3,11,23,TRUE
Female,Loyal Customer,50,Business Travel,Business,309,3,3,3,3,3,4,5,4,4,4,4,4,5,3.77,0,0,TRUE
Female,Loyal Customer,39,Business Travel,Business,1578,1,1,1,1,5,4,5,4,4,4,4,5,3,3.23,86,,TRUE
Male,Loyal Customer,14,Personal Travel,Eco,239,4,5,4,4,4,4,4,4,5,2,4,3,4,3.92,4,5,FALSE
Female,Loyal Customer,50,Personal Travel,Eco,2701,3,5,3,4,3,1,5,3,5,4,5,5,5,3.92,0,0,FALSE
Male,Loyal Customer,58,Personal Travel,Eco,410,2,4,2,2,3,2,3,3,4,3,5,4,3,3.08,0,16,FALSE
Female,Loyal Customer,15,Personal Travel,Eco,533,1,4,1,5,2,1,5,2,4,2,4,4,2,2.85,0,0,FALSE
Female,Loyal Customer,49,Business Travel,Business,2510,3,3,3,3,5,1,1,3,3,3,3,3,3,2.85,0,0,FALSE
Female,Loyal Customer,54,Personal Travel,Eco,119,2,4,2,4,3,3,4,4,4,2,4,3,4,3.31,0,0,FALSE
Female,Loyal Customer,48,Business Travel,Business,406,2,2,2,2,5,4,4,2,2,2,2,4,4,2.85,10,4,TRUE
Female,Loyal Customer,48,Business Travel,Business,1746,2,2,2,2,3,4,4,4,4,4,4,5,5,3.46,0,4,TRUE
Male,Disloyal Customer,20,Business Travel,Eco,164,3,2,3,4,4,3,4,4,1,5,4,1,4,3.23,11,18,FALSE
Male,Loyal Customer,40,Personal Travel,Eco,1749,4,3,4,3,5,4,2,5,3,1,1,3,5,3.31,0,0,FALSE
Female,Disloyal Customer,28,Business Travel,Business,762,4,4,4,2,3,4,3,3,3,2,4,5,3,3.38,120,99,TRUE
Female,Loyal Customer,55,Personal Travel,Eco,812,5,2,5,2,5,3,3,5,5,5,5,1,2,3.69,0,4,TRUE
Male,Loyal Customer,54,Business Travel,Business,1416,5,5,5,5,2,4,5,4,4,4,4,5,4,4.31,2,0,TRUE
Female,Loyal Customer,51,Business Travel,Business,2400,3,2,2,2,2,2,1,3,3,3,3,1,2,2.23,0,0,FALSE
Male,Loyal Customer,34,Business Travel,Business,3143,4,4,4,4,2,5,4,5,5,4,4,5,5,4.23,21,17,TRUE
Female,Loyal Customer,55,Business Travel,Eco,954,1,0,0,3,4,3,4,1,1,1,1,4,4,2.08,0,0,FALSE
Male,Loyal Customer,12,Business Travel,Business,2075,2,2,2,2,4,4,4,4,5,4,4,4,4,3.46,0,0,TRUE
Male,Loyal Customer,54,Personal Travel,Eco,573,3,4,3,2,3,3,3,3,3,3,4,5,3,3.23,0,13,FALSE
Male,Loyal Customer,58,Personal Travel,Eco,689,2,2,2,3,5,2,3,5,3,5,4,1,5,3.23,22,19,FALSE
Male,Disloyal Customer,38,Business Travel,Eco,615,1,4,1,3,2,1,2,2,3,5,3,2,2,2.38,24,24,FALSE
Male,Loyal Customer,22,Business Travel,Eco Plus,1208,4,2,2,2,4,4,5,4,4,1,2,3,4,3.15,2,0,TRUE
Male,Disloyal Customer,18,Business Travel,Eco,967,2,2,2,4,3,2,3,3,3,5,3,3,3,2.92,19,9,FALSE
Female,Loyal Customer,55,Personal Travel,Eco,985,3,4,3,3,5,4,5,5,5,3,5,3,4,4,0,0,FALSE
Male,Loyal Customer,64,Personal Travel,Eco,441,2,1,2,3,3,2,3,3,1,5,2,3,3,2.54,0,0,FALSE
Male,Loyal Customer,49,Personal Travel,Eco,241,5,5,5,4,3,5,3,3,4,5,5,5,3,4.23,0,5,TRUE
Male,Loyal Customer,43,Business Travel,Eco,498,4,3,3,3,4,4,4,4,4,2,5,5,4,3.77,0,0,TRUE
Female,Loyal Customer,38,Personal Travel,Eco,130,1,2,1,3,3,1,3,3,4,2,4,3,3,2.54,0,0,FALSE
Female,Loyal Customer,15,Personal Travel,Eco,2603,2,1,2,2,4,2,4,4,1,3,2,1,4,2.46,0,0,FALSE
Male,Loyal Customer,9,Business Travel,Eco,1211,3,5,5,5,3,4,1,3,2,5,2,4,3,3.46,46,52,FALSE
Female,Loyal Customer,8,Personal Travel,Eco,373,2,4,2,2,1,2,3,1,2,5,4,1,1,2.31,11,19,FALSE
Male,Disloyal Customer,27,Business Travel,Business,1044,2,2,2,1,1,2,1,1,5,4,4,4,1,2.31,0,0,FALSE
Male,Loyal Customer,61,Business Travel,Business,125,3,3,3,3,4,4,3,5,5,5,5,3,2,3.69,60,60,TRUE
Female,Loyal Customer,46,Business Travel,Eco,1024,5,2,2,2,5,3,1,5,5,5,5,4,5,3.77,17,0,TRUE
Male,Loyal Customer,22,Business Travel,Business,3858,4,4,4,4,2,3,2,2,3,2,5,4,2,3.15,0,0,TRUE
Female,Disloyal Customer,18,Business Travel,Eco,862,2,2,2,3,4,2,4,4,1,4,3,4,4,3,29,15,FALSE
Female,Loyal Customer,55,Business Travel,Business,2242,4,4,4,4,4,5,4,5,5,5,5,1,3,4.08,35,32,TRUE
Female,Loyal Customer,46,Business Travel,Business,2475,1,2,2,2,1,2,3,1,1,1,1,3,3,1.77,0,0,FALSE
Male,Loyal Customer,34,Personal Travel,Eco,936,3,4,3,4,4,3,4,4,4,2,5,5,4,3.77,0,0,FALSE
Female,Disloyal Customer,12,Business Travel,Business,1130,5,5,4,3,4,4,2,4,5,3,5,4,4,4,0,0,TRUE
Female,Loyal Customer,42,Business Travel,Business,1522,2,2,2,2,2,5,1,5,5,5,5,1,3,3.08,26,13,TRUE
Female,Disloyal Customer,42,Business Travel,Business,224,2,2,2,3,3,2,3,3,4,4,4,3,3,2.92,9,37,FALSE
Male,Loyal Customer,63,Personal Travel,Eco,1846,1,3,2,3,4,2,4,4,4,4,4,3,4,3.23,0,0,FALSE
Male,Loyal Customer,26,Personal Travel,Eco,237,4,5,4,1,3,4,3,3,3,2,5,4,3,3.38,0,0,TRUE
Female,Loyal Customer,53,Business Travel,Business,3038,5,5,4,5,2,4,4,4,4,4,4,4,5,4.15,7,0,TRUE
Female,Loyal Customer,54,Personal Travel,Eco,526,2,5,2,3,5,4,5,5,5,2,5,3,4,3.85,0,1,FALSE
Male,Loyal Customer,69,Personal Travel,Eco,1514,4,5,4,2,1,4,1,1,3,2,3,3,1,2.62,60,66,FALSE
Female,Disloyal Customer,24,Business Travel,Eco,447,4,3,4,4,2,4,2,2,1,2,3,4,2,2.85,13,7,FALSE
Female,Loyal Customer,50,Business Travel,Business,1823,2,4,4,4,1,4,4,2,2,3,2,4,3,3,0,0,FALSE
Female,Disloyal Customer,26,Business Travel,Business,214,3,0,3,4,2,3,2,2,5,2,4,3,2,2.69,0,0,FALSE
Female,Loyal Customer,42,Business Travel,Business,2658,2,2,2,2,4,5,5,4,4,4,4,3,3,3.38,0,0,TRUE
Male,Loyal Customer,42,Personal Travel,Eco Plus,577,2,4,2,1,2,2,2,2,3,3,4,3,2,2.46,0,0,FALSE
Female,Disloyal Customer,42,Business Travel,Business,1011,3,3,3,1,1,3,1,1,5,4,4,4,1,2.62,0,2,FALSE
Female,Loyal Customer,52,Business Travel,Business,2161,2,2,3,2,1,3,1,5,5,5,5,4,4,3.23,0,0,TRUE
Female,Disloyal Customer,22,Business Travel,Eco,543,3,5,3,5,1,3,1,1,5,5,5,5,1,3.31,0,0,FALSE
Female,Loyal Customer,45,Personal Travel,Eco,666,0,2,0,3,1,2,3,3,3,0,3,1,2,1.77,3,1,TRUE
Female,Loyal Customer,39,Business Travel,Business,2184,3,3,3,3,2,5,5,5,5,5,5,4,5,4.08,0,0,TRUE
Female,Loyal Customer,46,Personal Travel,Eco,247,2,3,2,4,4,1,5,2,2,2,1,4,3,2.69,0,5,FALSE
Male,Loyal Customer,47,Business Travel,Business,1411,4,4,4,4,4,5,4,5,5,5,5,4,4,4.38,11,5,TRUE
Female,Loyal Customer,53,Business Travel,Eco,326,5,2,2,2,2,2,2,5,5,5,5,5,3,3.46,0,0,TRUE
Male,Loyal Customer,30,Business Travel,Business,1682,4,4,4,4,4,3,4,4,3,2,4,4,4,3.69,0,6,FALSE
Male,Loyal Customer,62,Personal Travel,Eco,421,3,5,3,4,5,3,5,5,3,1,3,3,5,3.69,68,83,FALSE
Female,Loyal Customer,26,Business Travel,Business,899,2,2,2,2,5,5,5,5,2,2,2,1,5,3.08,25,24,TRUE
Male,Loyal Customer,28,Business Travel,Business,3418,4,3,3,3,4,4,4,4,2,3,3,2,4,3.31,0,8,FALSE
Female,Loyal Customer,31,Business Travel,Business,2236,5,5,5,5,4,4,4,4,3,4,4,3,4,4.15,0,10,TRUE
Female,Loyal Customer,37,Personal Travel,Eco,1139,2,4,3,3,2,3,2,2,2,2,3,2,2,2.46,0,0,FALSE
Male,Loyal Customer,52,Business Travel,Business,762,3,4,4,4,5,4,3,3,3,3,3,1,4,3.38,1,0,FALSE
Male,Loyal Customer,61,Business Travel,Business,1334,2,5,3,5,5,3,3,2,2,2,2,4,3,3.15,0,0,FALSE
Male,Loyal Customer,51,Business Travel,Eco,2419,5,1,1,1,5,5,5,3,1,5,3,5,5,3.46,0,0,TRUE
Male,Loyal Customer,35,Personal Travel,Eco,1660,3,5,4,5,5,4,5,5,5,5,4,5,5,4.62,33,18,FALSE
Male,Loyal Customer,79,Business Travel,Business,2847,3,3,3,3,2,3,2,3,3,3,3,2,2,2.69,4,7,FALSE
Female,Loyal Customer,27,Personal Travel,Eco,641,2,2,2,4,2,2,2,2,4,3,4,4,2,2.69,0,0,FALSE
Female,Loyal Customer,26,Personal Travel,Eco,1075,3,4,3,3,4,3,4,4,4,5,3,2,4,3.54,0,0,FALSE
Male,Loyal Customer,49,Business Travel,Business,1931,0,0,0,2,3,3,3,3,5,4,4,3,3,2.54,264,270,TRUE
Male,Disloyal Customer,27,Business Travel,Business,516,5,5,5,1,4,5,1,4,4,3,4,3,4,3.69,7,0,TRUE
Female,Loyal Customer,7,Personal Travel,Eco,2079,1,3,0,1,5,0,5,5,4,2,2,5,5,2.92,0,13,FALSE
Female,Disloyal Customer,46,Business Travel,Eco,413,4,3,4,3,2,4,2,2,3,3,4,2,2,2.92,0,0,FALSE
Male,Loyal Customer,26,Business Travel,Business,3180,1,1,1,1,4,4,4,4,1,5,3,4,4,2.85,0,0,TRUE
Male,Loyal Customer,67,Personal Travel,Business,365,2,1,2,3,1,2,3,2,2,2,5,4,3,2.46,85,71,FALSE
Female,Loyal Customer,49,Business Travel,Business,1276,2,5,5,5,1,3,3,2,2,2,2,1,2,2.69,0,0,FALSE
Female,Loyal Customer,56,Personal Travel,Eco,1464,3,4,3,4,2,5,5,2,2,3,2,5,4,3.38,19,18,FALSE
Female,Disloyal Customer,24,Business Travel,Business,406,4,2,4,3,2,4,2,2,3,5,3,4,2,3.08,28,19,FALSE
Male,Disloyal Customer,22,Business Travel,Eco,495,0,0,0,3,2,0,2,2,1,3,1,3,2,1.46,0,0,TRUE
Female,Disloyal Customer,50,Business Travel,Business,680,4,4,4,2,1,4,1,1,4,2,5,4,1,2.85,0,0,TRUE
Female,Loyal Customer,8,Personal Travel,Eco,763,4,2,4,3,2,4,2,2,4,5,4,2,2,3.08,0,5,FALSE
Male,Loyal Customer,46,Business Travel,Business,1990,5,5,5,5,5,4,5,4,4,4,4,5,3,4.46,26,0,TRUE
Male,Loyal Customer,21,Personal Travel,Eco,405,3,5,3,2,5,3,5,5,3,4,4,4,5,3.92,0,0,FALSE
Female,Loyal Customer,10,Personal Travel,Eco Plus,359,3,5,3,2,3,3,3,3,5,4,4,3,3,3.38,0,9,FALSE
Female,Loyal Customer,23,Personal Travel,Eco Plus,628,3,5,3,3,5,3,5,5,3,3,5,3,5,3.92,35,40,FALSE
Female,Loyal Customer,56,Business Travel,Eco,817,4,4,3,3,2,4,1,4,4,4,4,5,5,3.62,43,41,TRUE
Male,Loyal Customer,48,Personal Travel,Eco,1204,2,3,2,3,5,2,5,5,3,1,3,1,5,3.08,18,0,FALSE
Male,Disloyal Customer,13,Business Travel,Eco,700,5,5,5,3,2,5,1,2,3,5,5,4,2,3.62,0,0,TRUE
Female,Loyal Customer,49,Business Travel,Business,293,4,4,5,4,4,4,5,5,5,5,5,5,5,4.62,2,0,TRUE
Female,Loyal Customer,40,Business Travel,Business,1190,5,5,5,5,3,1,3,5,5,5,5,4,4,4.23,0,0,TRUE
Male,Loyal Customer,68,Business Travel,Business,2148,2,4,4,4,5,4,3,2,2,2,2,3,1,2.92,0,21,FALSE
Female,Disloyal Customer,25,Business Travel,Eco,797,4,4,4,5,1,4,2,1,5,5,3,2,1,3.15,32,26,FALSE
Female,Disloyal Customer,34,Business Travel,Business,472,1,1,1,1,5,1,5,5,3,5,5,3,5,3.15,18,2,FALSE
Female,Loyal Customer,42,Business Travel,Business,3910,3,5,5,5,3,4,4,3,3,3,3,3,2,3.54,81,68,FALSE
Female,Disloyal Customer,26,Business Travel,Business,689,2,4,2,2,2,2,2,2,5,2,4,3,2,2.62,0,0,FALSE
Female,Loyal Customer,45,Personal Travel,Eco,328,3,3,3,3,3,5,3,1,3,4,4,3,3,3.15,132,135,FALSE
Male,Loyal Customer,44,Business Travel,Eco Plus,125,5,4,4,4,5,5,5,5,1,1,1,4,5,3.77,0,5,TRUE
Male,Loyal Customer,31,Business Travel,Eco Plus,432,2,1,1,1,2,2,2,2,3,3,4,3,2,2.15,18,22,FALSE
Male,Loyal Customer,70,Personal Travel,Eco,427,1,5,4,2,5,4,5,5,4,5,5,3,5,4.08,3,2,FALSE
Female,Loyal Customer,69,Personal Travel,Eco,404,3,5,3,2,4,4,4,4,4,3,4,4,4,3.69,0,4,FALSE
Female,Loyal Customer,32,Business Travel,Business,1609,5,5,5,5,5,5,5,5,4,2,3,3,5,4.38,0,0,TRUE
Female,Loyal Customer,34,Business Travel,Eco,551,3,4,4,4,3,3,3,3,3,4,3,2,3,3.23,11,3,FALSE
Female,Loyal Customer,55,Business Travel,Eco,1346,3,3,3,3,2,3,2,4,4,3,4,2,3,3,10,2,FALSE
Female,Loyal Customer,23,Personal Travel,Eco,2248,1,4,0,3,2,0,2,2,4,3,4,4,2,2.38,1,15,FALSE
Male,Loyal Customer,23,Business Travel,Business,3479,1,1,2,1,3,3,3,3,1,4,4,1,3,2.31,0,0,TRUE
Female,Loyal Customer,52,Personal Travel,Eco,238,4,4,4,3,5,3,3,5,5,4,5,4,3,4,0,0,FALSE
Female,Loyal Customer,56,Personal Travel,Eco,599,1,3,1,4,1,2,3,4,4,1,4,5,4,2.85,0,0,FALSE
Male,Loyal Customer,36,Business Travel,Eco,636,4,1,1,1,4,4,4,4,4,1,2,3,4,2.85,0,0,TRUE
Female,Loyal Customer,27,Business Travel,Eco,532,1,3,3,3,1,2,1,1,1,4,3,3,1,2.08,0,3,FALSE
Female,Loyal Customer,58,Business Travel,Business,545,5,5,2,5,4,4,4,4,4,4,4,4,4,4.08,0,0,TRUE
Female,Loyal Customer,24,Business Travel,Business,2941,4,4,4,4,5,5,5,5,1,5,1,2,5,3.85,45,49,TRUE
Female,Loyal Customer,57,Personal Travel,Eco,2329,2,5,2,1,4,4,4,5,5,2,5,2,5,3.54,2,0,FALSE
Female,Loyal Customer,49,Business Travel,Business,3056,5,2,5,5,2,4,5,5,5,5,5,5,3,4.31,0,0,TRUE
Male,Loyal Customer,63,Personal Travel,Eco,888,3,4,2,1,1,2,1,1,3,5,5,5,1,2.62,21,37,FALSE
Female,Loyal Customer,68,Business Travel,Eco Plus,1014,4,2,2,2,1,4,5,4,4,4,4,3,4,3.31,0,4,TRUE
Male,Loyal Customer,37,Business Travel,Eco Plus,292,5,3,3,3,5,5,5,5,3,2,5,5,5,4.15,1,0,TRUE
Female,Loyal Customer,28,Personal Travel,Eco,529,3,4,3,4,1,3,1,1,5,2,4,4,1,2.77,0,0,FALSE
Male,Loyal Customer,43,Business Travel,Business,2173,1,0,0,4,4,3,3,4,4,0,4,4,1,2.46,0,0,FALSE
Female,Disloyal Customer,24,Business Travel,Eco,1389,1,1,1,1,5,1,1,5,5,4,4,3,5,2.85,0,0,FALSE
Female,Loyal Customer,39,Business Travel,Business,2465,3,3,3,3,2,5,4,4,4,4,4,5,4,3.69,0,0,TRUE
Female,Loyal Customer,38,Personal Travel,Eco,423,1,0,1,3,1,4,4,3,2,5,5,4,4,2.85,184,195,FALSE
Female,Loyal Customer,47,Business Travel,Business,1558,3,5,3,3,3,4,4,2,2,2,2,3,4,3.08,3,0,TRUE
Female,Disloyal Customer,30,Business Travel,Business,689,3,3,3,2,3,3,3,3,4,2,4,4,3,3.08,24,19,FALSE
Female,Loyal Customer,29,Business Travel,Business,804,2,2,2,2,4,4,4,4,5,3,4,5,4,3.46,97,84,TRUE
Male,Loyal Customer,36,Business Travel,Eco,327,1,5,4,5,1,1,1,1,3,4,4,1,1,2.46,37,29,FALSE
Female,Loyal Customer,51,Business Travel,Eco,366,3,4,4,4,3,2,3,3,3,3,3,4,2,3.15,7,4,FALSE
Male,Loyal Customer,44,Personal Travel,Eco,1723,3,4,3,3,5,3,5,5,4,4,4,2,5,3.85,27,26,FALSE
Male,Loyal Customer,51,Business Travel,Business,894,4,4,4,4,3,3,3,4,3,4,5,3,3,3.62,135,123,TRUE
Male,Loyal Customer,49,Business Travel,Business,3338,5,5,4,5,2,1,1,4,4,4,4,2,1,3.23,0,0,TRUE
Female,Loyal Customer,57,Business Travel,Business,3765,2,2,2,2,4,5,4,5,5,5,5,3,3,3.62,0,0,TRUE
Male,Loyal Customer,30,Business Travel,Eco Plus,1400,1,5,5,5,1,2,1,1,3,5,3,3,1,2.77,0,0,FALSE
Female,Disloyal Customer,36,Business Travel,Business,550,2,2,2,3,3,2,3,3,5,3,4,4,3,3,5,1,FALSE
Female,Loyal Customer,56,Business Travel,Business,1521,1,1,1,1,2,4,4,4,4,4,4,3,4,2.85,0,4,TRUE
Male,Loyal Customer,31,Business Travel,Business,1416,2,5,5,5,2,2,2,2,1,3,4,2,2,2.85,0,0,FALSE
Male,Loyal Customer,22,Business Travel,Business,1947,5,5,5,5,5,5,5,5,5,3,5,5,5,4.85,57,70,TRUE
Male,Loyal Customer,37,Personal Travel,Eco Plus,2422,3,5,3,3,3,3,3,3,3,2,4,3,3,3.15,0,17,FALSE
Male,Loyal Customer,41,Business Travel,Business,1504,5,5,5,5,4,4,4,4,4,4,4,3,3,4.15,6,0,TRUE
Male,Loyal Customer,16,Personal Travel,Eco,1199,2,2,2,3,4,2,4,4,2,5,3,4,4,3.15,6,0,FALSE
Male,Loyal Customer,48,Business Travel,Business,562,2,2,4,2,1,3,4,4,4,4,4,3,4,3.15,4,0,TRUE
Male,Disloyal Customer,25,Business Travel,Business,631,5,0,4,4,2,4,4,2,4,4,5,5,2,3.46,0,0,TRUE
Female,Disloyal Customer,40,Business Travel,Business,391,1,1,1,2,5,1,5,5,4,5,4,3,5,3.23,3,0,FALSE
Female,Loyal Customer,10,Personal Travel,Eco,483,3,4,3,4,5,3,5,5,4,3,4,5,5,4.08,0,0,FALSE
Female,Loyal Customer,15,Business Travel,Eco Plus,846,2,3,3,3,2,3,3,2,2,4,3,1,2,2.54,8,18,FALSE
Male,Loyal Customer,53,Business Travel,Business,1562,3,3,3,3,5,5,5,4,4,4,4,5,5,4.08,0,0,TRUE
Male,Loyal Customer,42,Business Travel,Eco,313,4,5,5,5,4,4,4,4,1,3,4,1,4,3.69,3,7,FALSE
Male,Loyal Customer,50,Business Travel,Business,3878,1,1,1,1,2,5,4,5,5,5,5,5,4,3.38,4,0,TRUE
Male,Loyal Customer,22,Personal Travel,Eco,246,3,4,3,1,1,3,1,1,4,2,5,1,1,2.31,110,95,FALSE
Female,Loyal Customer,12,Business Travel,Eco,519,5,2,2,2,5,4,1,5,4,1,3,3,5,3.23,72,60,FALSE
Male,Loyal Customer,59,Business Travel,Business,1886,5,5,3,5,4,5,5,4,4,4,4,5,5,4.46,0,0,TRUE
Female,Loyal Customer,35,Business Travel,Business,2846,2,3,3,3,4,3,3,2,2,2,2,1,2,2.46,31,59,FALSE
Female,Loyal Customer,44,Business Travel,Eco,679,4,1,1,1,1,4,1,3,3,4,3,4,1,2.38,7,10,TRUE
Male,Loyal Customer,58,Business Travel,Business,1824,3,3,3,3,2,4,3,1,1,1,3,2,4,2.54,0,0,FALSE
Female,Disloyal Customer,21,Business Travel,Eco,259,5,4,5,2,2,5,2,2,5,3,5,3,2,3.46,0,0,TRUE
Female,Loyal Customer,23,Personal Travel,Eco,503,3,1,3,3,2,3,2,2,4,2,3,3,2,2.54,13,16,FALSE
Male,Loyal Customer,44,Personal Travel,Eco,1121,3,3,3,1,4,3,4,4,4,1,2,3,4,3,0,0,FALSE
Male,Loyal Customer,60,Business Travel,Business,624,1,3,3,3,4,4,4,1,1,1,1,2,3,2.38,0,0,FALSE
Male,Loyal Customer,16,Personal Travel,Eco,1005,3,3,3,4,5,3,2,5,2,3,3,1,5,3.23,0,2,FALSE
Male,Loyal Customer,64,Personal Travel,Eco,2342,1,3,1,3,2,1,2,2,1,1,3,2,2,1.85,0,0,FALSE
Female,Loyal Customer,62,Personal Travel,Eco,207,1,2,0,4,4,4,3,5,5,0,5,3,3,3,0,0,FALSE
Male,Loyal Customer,42,Business Travel,Business,3457,1,5,5,5,5,3,3,1,1,1,1,4,2,2.85,5,0,FALSE
Male,Loyal Customer,36,Business Travel,Business,3468,5,5,5,5,4,5,5,5,5,5,5,4,3,4.69,8,2,TRUE
Male,Loyal Customer,69,Business Travel,Eco,373,3,1,5,1,3,3,3,3,3,3,2,3,3,2.77,48,60,FALSE
Male,Loyal Customer,51,Personal Travel,Eco,488,2,1,2,3,2,2,2,1,3,2,2,2,2,2,318,317,FALSE
Female,Loyal Customer,39,Business Travel,Eco,239,4,1,3,1,4,3,4,4,2,1,2,4,4,2.85,0,1,FALSE
Male,Disloyal Customer,24,Business Travel,Eco,874,5,5,5,4,2,5,2,2,4,2,5,4,2,3.62,5,0,TRUE
Male,Loyal Customer,50,Business Travel,Business,3867,2,2,2,2,4,4,5,2,2,2,2,5,4,2.92,0,4,TRUE
Male,Loyal Customer,49,Business Travel,Business,546,1,1,1,1,5,4,5,4,4,4,4,5,3,3.23,2,0,TRUE
Female,Disloyal Customer,22,Business Travel,Eco,1110,3,3,3,4,4,3,4,4,2,4,3,3,4,3.38,0,0,FALSE
Female,Loyal Customer,58,Business Travel,Business,2354,4,4,5,4,3,4,5,5,5,5,5,4,4,4.38,0,0,TRUE
Male,Loyal Customer,73,Business Travel,Eco,179,4,1,1,1,4,4,4,4,5,1,3,4,4,3.08,0,0,TRUE
Female,Loyal Customer,32,Personal Travel,Eco,408,1,2,4,4,3,4,3,3,2,2,3,2,3,2.77,0,0,FALSE
Female,Loyal Customer,46,Personal Travel,Eco,1185,2,5,2,2,3,5,1,4,4,2,4,1,4,3,0,3,FALSE
Male,Loyal Customer,33,Business Travel,Eco Plus,1046,2,2,2,2,2,2,2,2,1,5,3,1,2,2.15,0,0,FALSE
Male,Disloyal Customer,35,Business Travel,Eco,834,1,2,2,3,1,2,1,1,1,3,3,1,1,1.69,40,42,FALSE
Female,Loyal Customer,55,Personal Travel,Eco,337,5,5,3,3,4,4,4,3,3,3,3,5,4,3.77,9,0,TRUE
Female,Loyal Customer,17,Business Travel,Business,867,2,1,1,1,2,2,2,2,4,2,3,2,2,2,0,42,FALSE
Female,Loyal Customer,59,Personal Travel,Eco,121,3,5,3,3,5,2,5,4,4,3,3,4,3,3.62,0,0,FALSE
Male,Loyal Customer,64,Personal Travel,Eco,261,1,4,1,3,5,1,4,5,4,3,2,2,5,3.08,9,7,FALSE
Male,Loyal Customer,47,Business Travel,Business,3200,3,3,3,3,3,5,4,5,5,5,5,4,4,4,0,0,TRUE
Male,Loyal Customer,22,Personal Travel,Eco,689,2,4,2,2,2,2,2,2,5,2,5,3,2,2.69,0,10,FALSE
Male,Loyal Customer,39,Business Travel,Business,826,3,5,5,5,5,4,4,3,3,3,3,3,1,3.62,0,0,FALSE
Male,Loyal Customer,63,Personal Travel,Eco,534,2,4,2,4,1,2,1,1,5,3,4,3,1,2.54,42,34,FALSE
Male,Loyal Customer,23,Business Travel,Business,1440,1,1,1,1,5,5,5,5,3,5,4,5,5,3.54,0,0,TRUE
Female,Loyal Customer,39,Business Travel,Business,594,3,3,3,3,4,5,5,4,4,4,4,4,4,3.85,14,16,TRUE
Female,Loyal Customer,55,Business Travel,Eco,1055,3,2,2,2,1,3,3,3,3,3,3,4,3,2.69,0,0,FALSE
Female,Loyal Customer,60,Business Travel,Business,2370,5,5,3,5,4,4,4,5,4,3,4,4,4,4.15,0,39,TRUE
Female,Loyal Customer,53,Business Travel,Business,3590,3,3,3,3,4,5,4,4,4,4,4,5,4,3.85,19,3,TRUE
Female,Loyal Customer,54,Business Travel,Business,946,3,3,3,3,4,5,5,4,4,4,4,3,5,3.85,97,70,TRUE
Male,Loyal Customer,51,Business Travel,Eco,558,5,2,2,2,5,5,5,5,2,1,5,2,5,3.54,0,0,TRUE
Male,Loyal Customer,56,Business Travel,Business,3714,2,2,2,2,3,5,5,5,5,5,5,5,4,3.85,0,0,TRUE
Female,Loyal Customer,65,Personal Travel,Eco Plus,931,3,5,3,1,5,4,5,5,5,3,5,5,3,4,11,39,FALSE
Female,Disloyal Customer,27,Business Travel,Business,909,4,4,4,5,3,4,3,3,3,2,4,5,3,3.62,1,7,FALSE
Female,Loyal Customer,30,Business Travel,Business,2875,2,1,1,1,3,2,2,4,1,4,3,2,2,2.15,78,171,FALSE
Female,Loyal Customer,42,Personal Travel,Eco Plus,432,2,4,2,2,3,1,4,4,4,2,4,1,4,2.85,0,0,FALSE
Male,Loyal Customer,49,Business Travel,Business,2450,2,1,1,1,4,4,4,2,2,2,2,4,1,2.31,1,0,FALSE
Male,Loyal Customer,56,Personal Travel,Eco Plus,867,1,5,1,5,5,1,5,5,5,3,3,4,5,3.69,3,0,FALSE
Female,Loyal Customer,38,Business Travel,Eco,177,1,4,3,4,1,1,1,1,1,4,4,4,1,2.31,13,44,FALSE
Male,Loyal Customer,32,Personal Travel,Eco,590,1,5,1,2,2,1,2,2,4,3,4,5,2,2.62,0,14,FALSE
Male,Loyal Customer,46,Business Travel,Eco Plus,1208,3,3,3,3,3,3,3,3,4,5,4,4,3,3.38,13,25,FALSE
Male,Loyal Customer,51,Business Travel,Business,2073,0,0,0,4,5,5,4,2,2,2,2,4,4,2.62,22,17,TRUE
Female,Loyal Customer,9,Personal Travel,Eco,216,1,0,1,1,5,1,5,5,3,5,5,3,5,3.08,0,11,FALSE
Female,Loyal Customer,31,Business Travel,Business,2135,2,3,3,3,2,2,2,2,1,4,4,1,2,2.38,0,0,FALSE
Female,Loyal Customer,40,Personal Travel,Eco,967,1,4,1,3,3,1,2,3,4,4,4,4,3,2.85,7,4,FALSE
Female,Loyal Customer,39,Business Travel,Business,304,1,1,1,1,3,4,4,4,4,4,4,5,5,3.15,62,58,TRUE
Male,Loyal Customer,60,Business Travel,Business,1592,5,5,4,5,3,5,4,4,4,5,4,5,5,4.46,0,0,TRUE
Female,Loyal Customer,57,Personal Travel,Eco,207,1,5,0,2,5,3,2,2,2,0,2,4,4,2.46,9,20,FALSE
Female,Disloyal Customer,36,Business Travel,Eco,337,1,0,1,4,1,2,2,1,3,3,3,2,2,1.92,227,246,FALSE
Female,Loyal Customer,14,Personal Travel,Eco Plus,1391,4,2,4,3,4,4,4,4,4,2,3,3,4,3.46,2,19,FALSE
Female,Loyal Customer,27,Business Travel,Business,2635,2,5,5,5,2,2,2,2,2,2,2,3,2,2.77,0,0,FALSE
Female,Loyal Customer,30,Business Travel,Business,396,1,1,1,1,5,4,5,5,4,3,4,4,5,3.31,0,0,TRUE
Female,Loyal Customer,11,Personal Travel,Eco,1282,2,5,3,1,2,3,2,2,3,5,5,5,2,3.08,0,0,FALSE
Female,Disloyal Customer,36,Business Travel,Eco,416,3,3,3,4,2,3,2,2,2,4,4,1,2,2.69,113,115,FALSE
Female,Loyal Customer,21,Personal Travel,Eco,414,2,4,2,3,1,2,1,1,3,4,1,4,1,2.23,0,0,FALSE
Female,Disloyal Customer,24,Business Travel,Eco,190,2,0,2,4,5,2,1,5,2,5,1,5,5,3,0,3,FALSE
Male,Loyal Customer,54,Personal Travel,Eco,1504,4,1,4,3,4,4,4,4,1,2,4,2,4,3.15,0,6,FALSE
Male,Loyal Customer,56,Business Travel,Business,951,1,1,1,1,2,4,5,5,5,5,5,5,4,3.38,0,0,TRUE
Male,Disloyal Customer,38,Business Travel,Eco,985,2,2,2,3,4,2,4,4,1,5,2,1,4,2.77,1,4,FALSE
Female,Disloyal Customer,45,Business Travel,Eco,328,1,1,0,4,5,0,5,5,2,2,4,1,5,2.69,48,51,FALSE
Female,Loyal Customer,40,Business Travel,Business,2106,1,1,1,1,2,5,5,4,4,4,4,4,4,3.08,7,20,TRUE
Female,Loyal Customer,35,Personal Travel,Eco,762,2,4,2,3,2,2,2,2,4,3,4,4,2,2.77,43,24,FALSE
Female,Loyal Customer,45,Business Travel,Business,1620,2,2,2,2,5,5,5,4,4,4,4,3,5,3.62,58,43,TRUE
Female,Loyal Customer,30,Business Travel,Eco Plus,811,4,1,1,1,4,4,4,4,3,1,4,1,4,2.77,0,0,TRUE
Female,Disloyal Customer,18,Business Travel,Eco,473,2,2,2,3,3,2,3,3,2,4,3,4,3,2.77,35,26,FALSE
Female,Loyal Customer,70,Personal Travel,Eco,417,5,5,5,3,5,4,2,5,5,5,5,5,4,4.46,14,11,TRUE
Female,Loyal Customer,59,Business Travel,Business,1950,5,5,5,5,3,5,4,5,5,5,5,5,3,4.62,10,19,TRUE
Male,Loyal Customer,41,Business Travel,Business,2365,2,2,2,2,2,3,4,2,2,2,2,2,4,2.38,0,0,FALSE
Female,Loyal Customer,43,Business Travel,Business,3135,0,1,1,3,5,5,4,1,1,1,1,5,4,2.46,0,6,TRUE
Female,Loyal Customer,34,Personal Travel,Eco,594,4,4,4,3,5,4,5,5,1,5,2,1,5,3.69,0,0,FALSE
Male,Disloyal Customer,37,Business Travel,Business,746,1,1,1,5,4,1,2,4,4,2,5,4,4,2.92,0,0,FALSE
Female,Disloyal Customer,25,Business Travel,Eco,1043,2,2,2,3,2,2,2,1,2,4,4,2,2,2.31,0,11,FALSE
Female,Loyal Customer,39,Personal Travel,Business,591,5,5,5,4,4,4,5,4,4,5,5,3,5,4.46,4,0,TRUE
Female,Loyal Customer,52,Business Travel,Business,446,4,4,4,4,3,5,5,4,4,4,4,4,3,4,3,0,TRUE
Male,Loyal Customer,39,Personal Travel,Eco,228,4,2,4,2,1,4,1,1,4,2,2,2,1,2.31,4,12,FALSE
Female,Loyal Customer,33,Business Travel,Business,3057,4,4,3,4,4,5,4,2,2,2,2,3,4,3.31,0,0,TRUE
Male,Disloyal Customer,24,Business Travel,Business,895,4,0,4,3,3,4,5,3,4,4,4,4,3,3.46,0,0,TRUE
Female,Loyal Customer,40,Business Travel,Business,1797,2,2,2,2,5,4,5,4,4,4,4,5,4,3.62,5,6,TRUE
Male,Loyal Customer,35,Business Travel,Business,216,3,3,3,3,2,5,1,5,5,5,3,5,3,3.54,2,1,TRUE
Female,Disloyal Customer,37,Business Travel,Eco,251,3,2,3,3,1,3,1,1,3,1,4,4,1,2.31,0,0,FALSE
Female,Loyal Customer,48,Business Travel,Business,2581,2,4,5,4,2,4,3,2,2,2,2,1,4,2.85,18,12,FALSE
Female,Loyal Customer,40,Business Travel,Business,235,0,0,0,3,2,2,4,4,4,4,4,5,5,2.85,87,92,TRUE
Male,Disloyal Customer,12,Business Travel,Eco,1011,3,3,3,5,5,3,5,5,5,5,4,4,5,4.23,0,0,FALSE
Male,Loyal Customer,55,Business Travel,Business,2938,5,5,1,5,3,4,5,5,5,5,5,5,4,4.38,0,0,TRUE
Male,Loyal Customer,40,Personal Travel,Eco,449,2,3,2,3,5,2,5,5,5,5,2,2,5,3.54,1,0,FALSE
Male,Loyal Customer,31,Personal Travel,Eco Plus,1050,4,4,4,4,4,3,3,3,4,4,5,3,3,3.69,135,127,FALSE
Male,Loyal Customer,38,Business Travel,Business,1430,3,5,5,5,1,2,2,3,3,3,3,3,4,3.23,17,39,FALSE
Female,Disloyal Customer,25,Business Travel,Business,821,5,5,5,3,5,5,5,5,3,3,5,4,5,4.46,0,0,TRUE
Male,Loyal Customer,63,Personal Travel,Eco,1072,3,5,2,1,1,2,1,1,3,4,5,3,1,2.46,0,0,FALSE
Male,Loyal Customer,41,Business Travel,Business,1504,1,1,1,1,2,4,4,5,5,5,5,4,5,3.31,0,0,TRUE
Male,Loyal Customer,39,Business Travel,Business,1024,2,2,2,2,1,3,1,2,2,2,2,4,1,2,0,0,TRUE
Female,Loyal Customer,32,Personal Travel,Eco,1703,5,2,5,2,4,5,4,4,4,3,2,2,4,3.54,0,0,TRUE
Female,Loyal Customer,52,Business Travel,Business,3137,3,3,3,3,5,4,5,5,5,5,4,3,4,4,0,0,TRUE
Male,Loyal Customer,20,Personal Travel,Eco,1979,3,0,3,3,2,3,2,2,4,5,4,5,2,2.92,0,0,FALSE
Male,Loyal Customer,18,Personal Travel,Eco,1522,2,5,2,3,4,2,4,4,4,3,4,3,4,3.38,0,0,FALSE
Male,Loyal Customer,42,Business Travel,Business,1643,5,2,5,5,3,2,5,5,5,5,3,5,3,4.08,38,56,TRUE
Female,Loyal Customer,51,Personal Travel,Eco,814,4,4,4,3,3,4,4,1,1,4,1,5,4,3.23,14,12,TRUE
Female,Disloyal Customer,33,Business Travel,Business,369,3,3,3,2,3,3,3,3,4,3,5,3,3,3.15,0,0,FALSE
Female,Disloyal Customer,69,Business Travel,Eco Plus,228,2,2,2,1,2,2,2,2,2,2,3,4,2,2.15,0,0,FALSE
Male,Loyal Customer,38,Business Travel,Business,3159,1,1,1,1,4,2,1,2,2,2,2,5,5,2.23,0,14,TRUE
Female,Loyal Customer,50,Business Travel,Business,358,2,2,2,2,4,4,5,2,2,2,2,4,3,2.77,0,0,TRUE
Female,Disloyal Customer,33,Business Travel,Eco,212,3,4,3,3,3,3,3,3,2,2,3,4,3,3,40,51,FALSE
Female,Disloyal Customer,38,Business Travel,Eco,1091,4,4,4,3,3,4,3,3,1,2,3,1,3,2.92,0,0,FALSE
Female,Loyal Customer,52,Personal Travel,Eco Plus,862,2,4,2,4,3,5,5,1,1,2,1,3,3,2.77,58,50,FALSE
Male,Disloyal Customer,63,Business Travel,Business,271,5,5,5,2,3,5,3,3,5,3,4,5,3,3.92,17,29,TRUE
Female,Loyal Customer,46,Business Travel,Business,954,4,4,3,4,4,3,4,5,5,5,5,3,2,3.92,0,0,TRUE
Female,Loyal Customer,24,Personal Travel,Eco,368,1,5,1,2,4,1,4,4,2,5,4,5,4,3.23,0,0,FALSE
Female,Loyal Customer,34,Business Travel,Business,3207,2,2,2,2,4,1,5,4,4,4,4,1,1,2.77,12,37,TRUE
Female,Loyal Customer,22,Business Travel,Eco,414,1,4,4,4,1,1,2,1,2,5,3,4,1,2.54,0,0,FALSE
Female,Loyal Customer,52,Business Travel,Business,930,1,1,1,1,2,5,4,2,2,2,2,3,4,2.31,42,38,TRUE
Male,Loyal Customer,63,Business Travel,Eco Plus,1165,3,3,3,3,3,3,3,3,2,5,3,2,3,3,3,45,FALSE
Male,Loyal Customer,31,Business Travel,Eco Plus,1189,4,5,5,5,4,4,4,4,5,5,3,4,4,4.31,8,0,TRUE
Male,Loyal Customer,46,Business Travel,Business,3269,3,4,4,4,2,4,4,3,3,3,3,3,4,3.38,32,28,FALSE
Male,Disloyal Customer,63,Business Travel,Eco,296,5,0,5,3,4,5,4,4,5,5,2,5,4,3.92,12,18,TRUE
Female,Loyal Customer,68,Personal Travel,Eco,522,1,4,1,2,3,2,4,4,4,1,4,1,5,2.77,0,0,FALSE
Male,Loyal Customer,52,Personal Travel,Business,1506,4,5,4,3,4,5,5,3,3,4,4,3,3,3.85,0,5,TRUE
Female,Loyal Customer,57,Business Travel,Business,2089,5,5,5,5,3,4,4,5,5,5,5,5,3,4.54,0,0,TRUE
Female,Loyal Customer,62,Personal Travel,Eco,700,3,5,3,2,1,5,2,4,4,3,4,4,4,3.38,12,0,FALSE
Female,Loyal Customer,24,Personal Travel,Eco,544,5,3,5,4,4,5,4,4,1,4,3,2,4,3.69,0,62,TRUE
Male,Loyal Customer,12,Personal Travel,Eco,273,1,1,1,2,4,1,4,4,4,5,2,1,4,2.62,0,0,FALSE
Male,Loyal Customer,42,Business Travel,Business,2072,5,1,5,5,2,4,4,4,4,4,4,3,5,3.85,121,106,TRUE
Male,Loyal Customer,37,Personal Travel,Eco Plus,374,3,4,3,3,5,3,5,5,5,3,4,3,5,3.92,6,6,FALSE
Female,Loyal Customer,39,Business Travel,Business,3368,5,5,5,5,3,5,5,4,4,4,4,5,5,4.54,0,0,TRUE
Male,Loyal Customer,44,Business Travel,Business,576,2,1,1,1,1,4,4,2,2,2,2,3,3,2.15,30,25,FALSE
Female,Disloyal Customer,29,Business Travel,Business,696,3,3,3,1,1,3,1,1,3,3,5,3,1,2.38,0,0,FALSE
Female,Loyal Customer,41,Personal Travel,Eco Plus,628,2,5,3,1,3,1,5,2,2,3,1,5,2,2.69,7,33,FALSE
Male,Loyal Customer,24,Personal Travel,Eco,764,4,5,4,1,5,4,5,5,4,4,4,3,5,4.08,0,0,FALSE
Male,Loyal Customer,39,Business Travel,Eco,396,3,5,5,5,3,2,3,3,4,5,3,1,3,3.46,48,34,FALSE
Female,Loyal Customer,43,Business Travel,Business,2006,3,3,3,3,3,5,4,5,5,5,5,4,4,4,2,1,TRUE
Female,Loyal Customer,24,Personal Travel,Eco,190,5,5,5,2,5,5,1,5,3,4,4,3,5,4,0,0,TRUE
Male,Loyal Customer,47,Business Travel,Eco Plus,737,4,5,5,5,4,4,4,4,3,4,3,3,4,4,37,20,FALSE
Female,Loyal Customer,47,Business Travel,Eco,399,3,4,4,4,3,3,3,4,5,3,4,3,3,3.54,158,147,FALSE
Female,Loyal Customer,47,Personal Travel,Eco,967,1,5,1,1,4,5,5,4,4,1,4,4,4,3.31,0,0,FALSE
Female,Disloyal Customer,24,Business Travel,Eco,925,5,4,4,3,5,4,5,5,4,5,3,5,5,4.38,13,0,TRUE
Female,Loyal Customer,35,Business Travel,Business,599,3,3,1,3,2,2,3,4,4,4,4,1,5,3,0,0,TRUE
Male,Loyal Customer,15,Personal Travel,Eco,820,2,5,2,3,3,2,3,3,1,5,1,3,3,2.77,0,0,FALSE
Male,Loyal Customer,47,Business Travel,Business,2810,4,4,4,4,5,4,4,5,5,5,5,5,3,4.38,0,0,TRUE
Female,Disloyal Customer,45,Business Travel,Business,599,3,3,3,4,4,3,4,4,5,3,4,3,4,3.62,1,0,FALSE
Female,Loyal Customer,56,Business Travel,Business,1531,3,3,3,3,4,5,4,4,4,4,4,5,4,3.85,36,29,TRUE
Male,Loyal Customer,38,Business Travel,Business,101,5,5,5,5,4,5,5,5,5,5,4,4,2,4.54,0,0,TRUE
Female,Loyal Customer,46,Business Travel,Business,1972,1,1,1,1,3,5,4,4,4,4,4,4,3,3,14,0,TRUE
Male,Loyal Customer,7,Personal Travel,Eco,1504,3,5,3,3,1,3,1,1,3,2,1,1,1,2.15,18,16,FALSE
Female,Loyal Customer,15,Personal Travel,Eco,679,3,4,3,1,1,3,1,1,4,4,5,3,1,2.62,17,12,FALSE
Male,Loyal Customer,40,Business Travel,Business,3595,4,4,4,4,4,5,5,4,4,4,4,5,5,4.31,0,2,TRUE
Female,Loyal Customer,62,Business Travel,Business,192,2,3,3,3,3,3,3,2,2,2,2,4,4,2.77,0,0,FALSE
Male,Loyal Customer,16,Business Travel,Business,187,1,4,4,4,3,3,1,3,2,2,3,2,3,2.69,4,0,FALSE
Male,Loyal Customer,54,Business Travel,Business,3154,2,5,2,2,2,4,4,4,4,4,5,4,5,3.62,0,0,TRUE
Male,Loyal Customer,55,Business Travel,Business,1185,3,3,1,3,5,1,5,5,5,5,5,4,1,3.54,42,40,TRUE
Female,Loyal Customer,38,Personal Travel,Business,550,5,2,4,3,2,3,4,2,2,4,4,3,2,3.08,0,1,TRUE
Female,Loyal Customer,47,Business Travel,Business,197,2,2,2,2,1,3,4,1,1,1,2,2,3,2,9,0,FALSE
Male,Loyal Customer,27,Personal Travel,Eco,208,1,5,1,2,1,1,1,1,5,1,4,3,1,2.08,0,0,FALSE
Male,Loyal Customer,60,Personal Travel,Eco,228,2,4,2,4,4,2,5,4,4,4,5,5,4,3.77,0,0,FALSE
Male,Loyal Customer,41,Business Travel,Eco,201,4,5,5,5,4,4,4,4,4,5,4,2,4,4.15,9,2,TRUE
Female,Disloyal Customer,54,Business Travel,Business,1547,1,2,2,1,5,1,3,5,5,3,5,4,5,3.23,0,0,FALSE
Male,Loyal Customer,37,Personal Travel,Eco,2288,3,2,3,3,5,3,5,5,3,1,2,4,5,3.38,0,0,FALSE
Female,Loyal Customer,64,Personal Travel,Eco,867,4,1,4,4,4,4,4,2,2,4,2,1,3,3,49,31,FALSE
Female,Loyal Customer,63,Personal Travel,Eco,719,3,4,2,4,5,5,5,4,4,2,4,3,5,3.85,0,0,FALSE
Female,Disloyal Customer,21,Business Travel,Eco,1212,4,4,4,4,1,4,1,1,2,5,4,2,1,2.85,18,21,FALSE
Female,Loyal Customer,47,Personal Travel,Eco,321,3,3,4,3,2,4,3,1,1,4,1,4,4,2.85,0,0,FALSE
Male,Loyal Customer,45,Personal Travel,Eco,397,3,3,3,4,4,3,1,4,3,5,4,4,4,3.46,42,40,FALSE
Male,Disloyal Customer,44,Business Travel,Eco,989,4,4,4,1,5,4,5,5,1,1,5,4,5,3.69,0,0,TRUE
Male,Disloyal Customer,8,Business Travel,Eco,1067,4,3,3,3,1,3,1,1,4,5,2,3,1,2.62,0,4,FALSE
Female,Disloyal Customer,22,Business Travel,Business,296,2,1,1,2,2,1,2,2,1,5,3,4,2,2.15,81,82,FALSE
Female,Loyal Customer,54,Business Travel,Business,1606,2,2,2,2,2,2,1,5,5,5,5,5,5,3.31,0,0,TRUE
Female,Loyal Customer,28,Personal Travel,Business,925,3,5,3,4,4,3,4,4,4,2,4,3,4,3.62,0,1,FALSE
Male,Loyal Customer,48,Personal Travel,Eco,472,2,5,1,2,4,1,4,4,5,5,3,3,4,3.31,0,8,FALSE
Female,Disloyal Customer,28,Business Travel,Business,1979,3,2,2,3,4,2,4,4,5,5,3,3,4,3.38,67,38,FALSE
Male,Loyal Customer,60,Business Travel,Business,2419,5,5,5,5,4,4,4,4,4,4,4,3,5,4.31,1,0,TRUE
Male,Loyal Customer,15,Personal Travel,Eco,1956,1,5,1,5,1,1,1,1,5,3,5,4,1,2.62,5,0,FALSE
Male,Loyal Customer,57,Personal Travel,Eco Plus,1024,3,4,3,3,1,3,1,1,3,5,5,3,1,2.77,0,0,FALSE
Male,Disloyal Customer,39,Business Travel,Business,691,4,4,4,3,1,4,1,1,3,4,4,4,1,2.92,67,65,FALSE
Male,Loyal Customer,56,Business Travel,Business,3762,5,5,5,5,3,4,4,5,5,5,5,4,5,4.62,10,5,TRUE
Male,Loyal Customer,51,Business Travel,Business,910,3,3,4,3,2,5,4,5,5,5,5,5,3,4,0,0,TRUE
Male,Disloyal Customer,27,Business Travel,Business,469,1,1,1,2,4,1,4,4,1,1,3,4,4,2.38,0,0,FALSE
Female,Loyal Customer,70,Personal Travel,Eco,1379,3,3,3,3,2,4,3,2,2,3,2,1,1,2.46,49,38,FALSE
Male,Loyal Customer,23,Personal Travel,Eco,546,4,3,4,1,3,4,3,3,1,1,3,2,3,2.69,0,0,FALSE
Female,Loyal Customer,28,Personal Travel,Eco,337,3,4,3,1,3,3,3,3,4,4,5,5,3,3.38,31,29,FALSE
Male,Loyal Customer,49,Personal Travel,Eco,397,0,5,0,3,3,0,1,3,4,5,5,4,3,2.77,6,0,TRUE
Male,Loyal Customer,45,Business Travel,Business,597,5,5,5,5,4,3,3,5,5,5,5,5,2,4.38,2,16,TRUE
Male,Loyal Customer,45,Business Travel,Business,3032,5,5,5,5,1,4,3,5,5,5,5,5,4,4.38,40,36,TRUE
Female,Loyal Customer,43,Business Travel,Eco,162,4,4,4,4,4,4,1,4,4,4,4,4,5,3.85,0,0,TRUE
Male,Disloyal Customer,38,Business Travel,Business,235,4,4,4,2,4,4,5,4,3,2,5,4,4,3.77,0,0,TRUE
Female,Disloyal Customer,30,Business Travel,Eco,985,1,1,1,3,1,1,3,4,3,4,3,3,3,2.38,154,157,FALSE
Female,Disloyal Customer,23,Business Travel,Eco,744,2,1,1,4,4,1,4,4,2,2,4,2,4,2.69,0,0,FALSE
Male,Loyal Customer,56,Business Travel,Eco,442,4,5,5,5,4,4,4,4,1,1,1,1,4,3.31,0,0,TRUE
Female,Loyal Customer,9,Personal Travel,Business,427,3,3,3,3,1,3,1,1,2,5,3,1,1,2.31,0,0,FALSE
Female,Loyal Customer,51,Business Travel,Business,680,4,4,4,4,1,1,2,5,5,5,5,2,3,3.46,0,0,TRUE
Female,Loyal Customer,39,Business Travel,Business,2542,0,5,1,2,1,2,4,5,5,5,5,1,4,3.08,0,0,TRUE
Female,Loyal Customer,30,Personal Travel,Eco,2425,3,2,3,3,3,5,5,4,4,4,4,5,5,3.85,19,22,FALSE
Male,Disloyal Customer,24,Business Travel,Eco,1072,3,3,3,5,4,3,4,4,3,3,5,4,4,3.69,0,22,FALSE
Female,Disloyal Customer,18,Business Travel,Business,210,5,5,5,1,1,5,1,1,5,2,5,3,1,3.08,0,0,TRUE
Male,Loyal Customer,40,Business Travel,Business,1521,2,5,5,5,5,3,3,2,2,2,2,3,3,3.23,0,15,FALSE
Female,Disloyal Customer,25,Business Travel,Business,224,5,4,5,3,3,5,3,3,3,2,4,3,3,3.54,0,0,TRUE
Male,Loyal Customer,35,Business Travel,Eco,818,4,1,3,1,4,4,4,4,3,1,2,4,4,3,0,0,TRUE
Male,Loyal Customer,51,Business Travel,Business,2609,2,1,1,1,2,3,3,2,2,2,2,2,3,2,3,12,FALSE
Male,Loyal Customer,66,Personal Travel,Eco Plus,937,1,5,0,3,2,0,2,2,4,3,4,5,2,2.54,1,0,FALSE
Male,Loyal Customer,41,Business Travel,Business,2396,2,2,2,2,5,4,4,4,4,4,4,3,3,3.31,19,16,TRUE
Male,Disloyal Customer,23,Business Travel,Eco,413,2,4,2,3,3,2,3,3,4,4,3,4,3,3.08,0,0,FALSE
Male,Loyal Customer,28,Business Travel,Business,2992,3,2,2,2,3,3,3,3,3,3,2,4,3,2.77,39,40,FALSE
Male,Loyal Customer,22,Business Travel,Business,3920,3,3,3,3,5,5,5,5,4,5,5,5,5,4.31,0,0,TRUE
Male,Loyal Customer,33,Business Travel,Business,1428,2,2,2,2,4,4,4,4,3,4,4,5,4,3.38,0,0,TRUE
Male,Disloyal Customer,24,Business Travel,Eco,909,1,1,1,3,3,1,3,3,3,4,4,1,3,2.38,10,7,FALSE
Female,Loyal Customer,68,Business Travel,Business,569,1,2,2,2,5,3,3,1,1,1,1,4,1,2.08,0,0,FALSE
Male,Loyal Customer,51,Business Travel,Business,680,2,2,2,2,1,1,3,4,4,4,4,3,2,2.62,0,0,TRUE
Female,Loyal Customer,39,Personal Travel,Eco Plus,896,3,4,3,2,2,3,2,2,4,3,5,5,2,3.08,1,7,FALSE
Female,Disloyal Customer,49,Business Travel,Eco,280,3,1,3,4,1,3,3,1,3,3,4,2,1,2.46,78,63,FALSE
Male,Loyal Customer,59,Business Travel,Business,472,3,3,3,3,3,2,2,3,3,3,3,4,1,2.77,16,23,FALSE
Male,Loyal Customer,11,Personal Travel,Eco,812,3,1,3,3,3,1,1,1,4,3,3,1,1,2.15,49,162,FALSE
Female,Loyal Customer,57,Business Travel,Business,354,3,3,3,3,2,5,5,3,3,4,3,5,4,3.54,4,4,TRUE
Female,Loyal Customer,32,Business Travel,Eco,1121,1,5,5,5,1,1,1,1,3,3,4,3,1,2.62,0,0,FALSE
Female,Loyal Customer,23,Business Travel,Eco,1452,0,4,0,1,5,0,5,5,2,3,2,5,5,2.85,2,0,TRUE
Male,Loyal Customer,39,Business Travel,Eco,1020,5,5,5,5,5,5,5,5,5,2,2,1,5,4.23,0,0,TRUE
Male,Loyal Customer,41,Business Travel,Business,3126,2,2,2,2,4,4,5,5,5,5,5,4,5,3.85,7,9,TRUE
Female,Loyal Customer,46,Business Travel,Business,2071,4,4,4,4,4,4,4,2,2,2,2,3,4,3.31,39,38,TRUE
Female,Loyal Customer,29,Personal Travel,Eco,453,2,1,2,4,5,2,5,5,2,5,4,4,5,3.54,29,13,FALSE
Male,Loyal Customer,62,Personal Travel,Eco,420,0,3,0,1,1,0,1,1,1,3,5,5,1,1.69,0,0,TRUE
Male,Loyal Customer,37,Business Travel,Business,2504,3,2,2,2,3,3,3,2,2,3,4,3,3,2.69,5,28,FALSE
Female,Loyal Customer,48,Business Travel,Business,2903,4,4,4,4,4,5,4,4,4,5,4,5,5,4.31,43,43,TRUE
Female,Loyal Customer,50,Business Travel,Business,2260,1,1,1,1,5,5,5,5,5,5,5,4,5,3.69,21,16,TRUE
Male,Loyal Customer,61,Personal Travel,Eco,106,2,4,2,2,1,2,1,1,4,2,5,4,1,2.38,0,0,FALSE
Male,Loyal Customer,50,Personal Travel,Eco,441,3,4,3,3,1,3,1,1,3,3,3,2,1,2.38,0,0,FALSE
Male,Loyal Customer,45,Business Travel,Business,3657,4,4,4,4,2,5,5,4,4,4,4,4,5,4.08,0,0,TRUE
Male,Disloyal Customer,34,Business Travel,Business,369,2,2,2,1,1,2,1,1,4,3,5,3,1,2.15,0,1,FALSE
Male,Loyal Customer,44,Business Travel,Business,1996,5,5,5,5,5,4,4,5,5,5,5,5,4,4.77,0,0,TRUE
Male,Loyal Customer,50,Business Travel,Eco,2342,2,1,1,1,1,2,1,1,4,3,2,4,1,1.85,0,14,FALSE
Female,Loyal Customer,53,Personal Travel,Eco Plus,73,2,5,2,4,2,4,5,1,1,2,1,5,3,2.85,54,54,FALSE
Female,Loyal Customer,70,Personal Travel,Eco,241,3,5,3,3,5,4,5,3,3,3,2,3,3,3.46,0,0,FALSE
Female,Loyal Customer,53,Business Travel,Business,1522,3,3,5,3,5,5,4,5,5,4,5,5,5,4.38,0,0,TRUE
Male,Loyal Customer,71,Business Travel,Eco,1016,1,2,2,2,1,1,1,1,3,1,3,2,1,1.62,0,6,FALSE
Male,Loyal Customer,48,Personal Travel,Eco,2330,4,4,4,2,4,5,5,4,5,3,4,5,5,4.15,0,0,FALSE
Male,Disloyal Customer,27,Business Travel,Business,1276,3,4,4,4,5,4,5,5,5,3,5,4,5,4.31,0,27,FALSE
Female,Loyal Customer,32,Business Travel,Business,363,3,3,3,3,2,2,2,2,5,2,4,3,2,2.77,0,0,TRUE
Female,Loyal Customer,60,Personal Travel,Eco,366,1,4,1,2,5,4,3,4,4,1,4,1,3,2.85,0,0,FALSE
Female,Loyal Customer,12,Personal Travel,Eco,1589,3,4,3,3,1,3,1,1,4,3,4,5,1,2.77,0,0,FALSE
Male,Loyal Customer,42,Business Travel,Eco,373,3,3,3,3,3,3,3,3,4,4,3,3,3,3.15,0,0,FALSE
Female,Disloyal Customer,42,Business Travel,Eco,1169,2,2,2,3,1,2,1,1,3,1,4,4,1,2.08,0,0,FALSE
Male,Loyal Customer,30,Business Travel,Business,2343,3,2,2,2,3,3,3,2,4,4,3,3,3,2.85,149,108,FALSE
Female,Loyal Customer,64,Personal Travel,Eco,484,4,4,4,2,3,2,1,1,1,4,1,3,2,2.46,40,41,FALSE
Male,Loyal Customer,59,Business Travel,Business,3310,4,4,4,4,4,4,5,4,4,5,4,5,4,4.23,4,6,TRUE
Male,Loyal Customer,60,Business Travel,Eco,550,2,4,4,4,2,2,2,2,2,3,3,4,2,2.77,15,30,FALSE
Female,Loyal Customer,60,Personal Travel,Eco,588,3,4,3,3,5,5,5,3,3,3,3,3,3,3.54,0,0,FALSE
Male,Disloyal Customer,23,Business Travel,Eco,331,2,5,2,1,4,2,4,4,4,3,4,5,4,3.38,4,0,FALSE
Female,Loyal Customer,31,Business Travel,Business,2013,5,5,5,5,4,4,4,4,4,5,5,4,4,4.46,78,82,TRUE
Male,Loyal Customer,24,Business Travel,Eco Plus,804,2,1,1,1,2,2,1,2,2,3,3,4,2,2,8,16,FALSE
Female,Loyal Customer,45,Business Travel,Business,356,5,5,5,5,2,3,1,2,2,2,2,2,1,2.85,0,0,TRUE
Male,Disloyal Customer,39,Business Travel,Eco,719,2,2,2,2,5,2,5,5,4,3,2,2,5,3.15,0,9,FALSE
Female,Loyal Customer,54,Personal Travel,Eco,594,4,3,4,4,3,2,3,4,4,4,4,2,2,3.31,28,18,FALSE
Female,Loyal Customer,21,Personal Travel,Eco,358,1,4,1,2,4,1,4,4,4,2,4,5,4,3.08,39,40,FALSE
Male,Loyal Customer,25,Personal Travel,Eco Plus,762,1,1,1,2,3,1,3,3,3,4,3,1,3,2.23,0,0,FALSE
Female,Disloyal Customer,37,Business Travel,Eco,261,1,1,1,4,3,1,3,3,1,1,4,4,3,2.31,0,0,FALSE
Male,Loyal Customer,42,Personal Travel,Eco,2176,1,3,1,1,1,1,1,1,4,4,3,2,1,1.85,70,42,FALSE
Female,Loyal Customer,42,Business Travel,Eco,368,5,3,3,3,3,3,4,5,5,5,5,2,1,3.62,13,0,TRUE
Male,Disloyal Customer,26,Business Travel,Business,641,2,2,2,1,4,2,4,4,4,2,4,3,4,2.92,0,0,FALSE
Male,Loyal Customer,26,Business Travel,Business,3666,2,5,5,5,2,2,2,2,3,3,3,1,2,2.85,0,0,FALSE
Female,Loyal Customer,24,Personal Travel,Eco,399,3,5,3,2,4,3,3,4,5,2,5,5,4,3.69,0,0,FALSE
Female,Loyal Customer,30,Personal Travel,Eco,605,4,4,4,3,5,4,5,5,5,5,4,5,5,4.46,0,16,FALSE
Female,Loyal Customer,27,Personal Travel,Eco,368,2,5,2,1,2,2,5,2,3,3,5,1,2,2.69,1,0,FALSE
Male,Loyal Customer,58,Personal Travel,Eco,546,2,4,2,3,4,2,4,4,3,2,4,2,4,3.08,7,0,FALSE
Male,Loyal Customer,23,Business Travel,Business,630,5,5,5,5,4,4,4,4,3,3,5,4,4,4.23,0,17,TRUE
Female,Loyal Customer,60,Business Travel,Business,125,1,1,1,1,5,3,4,2,2,2,1,3,4,2.31,0,0,FALSE
Female,Loyal Customer,68,Personal Travel,Eco,677,2,3,2,1,1,4,5,5,5,2,5,1,3,3,0,0,FALSE
Male,Loyal Customer,24,Business Travel,Eco Plus,373,4,5,5,5,4,4,4,4,3,3,2,3,4,3.85,0,0,TRUE
Female,Loyal Customer,42,Personal Travel,Eco,589,4,4,4,2,3,4,5,2,2,4,2,3,4,3.31,17,15,FALSE
Male,Loyal Customer,57,Business Travel,Business,1951,1,1,1,1,3,5,4,5,5,4,5,5,4,3.38,59,52,TRUE
Female,Disloyal Customer,37,Business Travel,Business,377,4,4,4,4,2,4,2,2,3,2,5,3,2,3.15,0,0,FALSE
Female,Loyal Customer,54,Business Travel,Business,2927,3,3,3,3,5,4,4,5,5,5,5,5,3,4.08,0,0,TRUE
Female,Loyal Customer,38,Business Travel,Eco Plus,122,4,2,2,2,4,4,4,4,4,2,5,4,4,3.46,0,0,TRUE
Male,Loyal Customer,53,Business Travel,Business,2213,4,4,2,4,3,5,4,4,4,4,4,3,5,3.85,0,3,TRUE
Female,Loyal Customer,41,Business Travel,Business,321,0,0,0,1,4,5,5,4,4,4,4,4,3,2.92,0,0,TRUE
Male,Loyal Customer,31,Personal Travel,Eco,710,2,4,2,1,3,2,3,3,5,3,5,3,3,3,0,0,FALSE
Male,Loyal Customer,52,Business Travel,Eco,140,2,1,1,1,2,2,2,2,2,2,4,4,2,2.08,20,19,FALSE
Male,Loyal Customer,50,Business Travel,Business,1826,1,1,1,1,4,4,5,5,5,5,5,5,3,3.46,1,19,TRUE
Male,Disloyal Customer,24,Business Travel,Business,414,5,0,5,5,5,5,5,5,3,2,4,3,5,4,0,0,TRUE
Male,Loyal Customer,58,Business Travel,Business,2945,1,1,1,1,4,4,2,4,4,4,4,3,3,2.77,37,39,TRUE
Female,Loyal Customer,26,Business Travel,Business,1601,3,1,3,3,3,3,3,3,3,5,4,5,3,3.23,5,0,TRUE
Female,Loyal Customer,27,Personal Travel,Eco,669,4,5,4,4,4,4,4,4,4,4,5,5,4,4.23,0,0,TRUE
Male,Loyal Customer,49,Business Travel,Business,2271,2,2,2,2,5,4,5,4,4,4,4,5,5,3.69,0,0,TRUE
Female,Disloyal Customer,47,Business Travel,Eco,447,4,5,5,3,5,5,3,5,5,1,1,2,5,3.77,0,0,FALSE
Female,Loyal Customer,48,Business Travel,Business,1211,2,2,2,2,5,4,5,4,4,4,4,3,3,3.38,18,6,TRUE
Female,Disloyal Customer,22,Business Travel,Eco Plus,173,3,3,3,4,5,3,5,5,4,1,3,1,5,3.46,20,31,FALSE
Female,Loyal Customer,61,Business Travel,Eco,1119,4,1,1,1,3,5,1,4,4,4,4,2,3,2.85,0,0,TRUE
Male,Loyal Customer,39,Business Travel,Business,3226,5,5,5,5,3,4,5,4,4,4,5,3,4,4.31,12,7,TRUE
Male,Disloyal Customer,25,Business Travel,Eco,674,3,3,3,1,1,3,2,1,2,5,5,2,1,2.46,11,16,FALSE
Female,Disloyal Customer,45,Business Travel,Business,719,1,1,1,3,1,2,3,4,5,4,5,3,3,2.77,132,115,FALSE
Female,Loyal Customer,17,Business Travel,Business,986,3,3,3,3,5,5,5,5,5,2,5,4,5,4.08,2,0,TRUE
Female,Disloyal Customer,27,Business Travel,Business,1072,1,1,1,3,1,1,1,1,1,1,3,4,1,1.54,20,10,FALSE
Female,Loyal Customer,39,Business Travel,Eco,163,3,5,5,5,3,3,3,3,1,4,1,1,3,3.08,0,0,FALSE
Female,Loyal Customer,35,Business Travel,Business,1539,5,5,5,5,4,1,4,5,5,5,5,4,1,4.15,0,0,TRUE
Male,Disloyal Customer,37,Business Travel,Business,696,1,1,1,3,1,1,1,1,5,3,5,3,1,2.08,0,4,FALSE
Female,Disloyal Customer,21,Business Travel,Eco,270,3,0,3,1,4,3,4,4,4,2,3,1,4,2.77,0,0,FALSE
Female,Loyal Customer,49,Business Travel,Business,2039,5,5,5,5,5,5,5,4,4,4,4,4,3,4.46,0,0,TRUE
Male,Loyal Customer,36,Business Travel,Eco,628,1,3,4,4,1,2,1,1,3,2,3,1,1,2.08,18,11,FALSE
Female,Loyal Customer,38,Business Travel,Eco,677,3,1,1,1,3,3,3,3,3,5,4,1,3,2.62,19,10,FALSE
Female,Loyal Customer,53,Business Travel,Business,1956,3,3,3,3,3,3,5,4,4,4,4,3,3,3.46,0,0,TRUE
Male,Loyal Customer,46,Business Travel,Business,1733,2,2,2,2,4,4,3,2,2,2,2,2,3,2.46,17,8,FALSE
Female,Loyal Customer,40,Personal Travel,Eco,763,4,4,4,3,3,4,3,3,1,4,3,4,3,3.31,34,39,FALSE
Female,Loyal Customer,54,Personal Travel,Eco,247,3,4,3,4,5,4,5,2,2,3,2,4,3,3.38,0,0,FALSE
Female,Loyal Customer,34,Business Travel,Business,946,3,3,5,3,3,5,5,4,4,4,4,4,4,3.92,36,62,TRUE
Male,Loyal Customer,44,Business Travel,Eco,399,2,3,3,3,2,2,2,2,2,3,4,3,2,2.54,30,29,FALSE
Female,Loyal Customer,58,Business Travel,Business,1576,3,2,2,2,2,3,4,3,3,3,3,2,4,2.77,0,0,FALSE
Female,Loyal Customer,12,Personal Travel,Eco,985,3,4,3,5,2,3,2,2,5,4,5,3,2,3.31,29,25,FALSE
Female,Loyal Customer,37,Personal Travel,Eco,462,3,5,2,4,4,2,4,4,3,3,4,3,4,3.46,22,16,FALSE
Male,Loyal Customer,8,Personal Travel,Eco,373,3,0,3,5,5,3,5,5,5,2,4,3,5,3.69,3,0,FALSE
Male,Disloyal Customer,29,Business Travel,Business,868,0,0,0,3,3,0,3,3,3,2,4,5,3,2.23,0,4,TRUE
Female,Loyal Customer,35,Personal Travel,Eco,1033,1,3,1,2,5,1,5,5,3,5,3,1,5,3.08,8,22,FALSE
Female,Loyal Customer,7,Personal Travel,Eco,130,2,0,2,4,3,2,3,3,5,3,5,3,3,2.92,23,20,FALSE
Female,Loyal Customer,55,Business Travel,Business,1964,4,1,4,4,2,5,5,4,4,4,4,3,4,3.69,0,0,TRUE
Female,Disloyal Customer,25,Business Travel,Eco,419,2,2,2,2,4,2,4,4,4,1,1,3,4,2.69,63,57,FALSE
Female,Loyal Customer,24,Personal Travel,Eco,270,2,0,2,3,1,2,1,1,3,5,4,5,1,2.31,0,0,FALSE
Female,Loyal Customer,50,Personal Travel,Eco,262,4,3,4,3,2,2,5,1,1,4,1,1,3,2.62,60,79,FALSE
Female,Loyal Customer,28,Personal Travel,Eco,248,3,4,3,4,1,3,1,1,5,2,5,4,1,2.85,31,34,FALSE
Female,Disloyal Customer,42,Business Travel,Eco,811,2,1,1,1,1,1,1,1,3,2,1,2,1,1.38,3,0,FALSE
Male,Loyal Customer,49,Personal Travel,Eco Plus,957,3,5,3,2,4,3,4,4,4,5,5,4,4,3.85,2,8,FALSE
Male,Loyal Customer,61,Business Travel,Business,2895,0,0,0,3,5,4,4,3,3,3,3,4,3,2.69,0,0,TRUE
Male,Disloyal Customer,26,Business Travel,Business,621,5,5,5,4,3,4,3,3,3,2,4,3,3,3.62,3,0,TRUE
Male,Disloyal Customer,29,Business Travel,Business,481,2,2,2,3,4,2,1,4,2,1,3,4,4,2.62,7,0,FALSE
Female,Loyal Customer,50,Business Travel,Eco,850,2,2,2,2,4,1,2,2,2,2,2,1,4,2.15,29,18,TRUE
Female,Loyal Customer,50,Business Travel,Business,925,2,2,2,2,4,5,4,4,4,4,4,4,4,3.46,15,3,TRUE
Female,Disloyal Customer,48,Business Travel,Business,812,1,1,1,4,5,1,5,5,3,5,5,3,5,3.38,0,29,FALSE
Male,Loyal Customer,52,Business Travel,Business,3097,5,5,5,5,3,5,4,4,4,5,4,3,5,4.38,3,0,TRUE
Male,Disloyal Customer,39,Business Travel,Business,2521,4,4,4,1,1,4,1,1,4,4,4,3,1,2.77,0,45,FALSE
Female,Loyal Customer,55,Business Travel,Eco,1931,3,4,4,4,2,4,4,2,2,3,2,1,2,2.85,112,101,FALSE
Male,Loyal Customer,16,Personal Travel,Eco,210,1,3,1,3,1,1,1,1,3,2,3,2,1,1.77,35,26,FALSE
Male,Loyal Customer,48,Personal Travel,Eco,1204,2,2,2,3,4,2,4,4,2,4,3,1,4,2.85,14,12,FALSE
Male,Loyal Customer,25,Business Travel,Eco,550,3,2,2,2,3,2,1,3,2,5,3,2,3,2.54,20,26,FALSE
Male,Disloyal Customer,23,Business Travel,Eco,319,1,0,1,4,2,1,2,2,5,2,4,5,2,2.38,0,0,FALSE
Male,Loyal Customer,29,Business Travel,Business,1687,3,3,3,3,3,3,3,3,1,2,2,1,3,2.54,0,0,FALSE
Female,Disloyal Customer,43,Business Travel,Business,577,2,2,2,5,3,2,3,3,4,4,4,3,3,3.08,0,0,FALSE
Male,Loyal Customer,38,Business Travel,Eco,399,3,5,5,5,3,5,3,3,5,2,1,2,3,3.46,0,0,TRUE
Female,Loyal Customer,64,Business Travel,Eco,1189,5,4,5,4,1,3,4,5,5,5,5,3,5,4.15,0,5,TRUE
Male,Loyal Customer,43,Business Travel,Eco,544,1,3,5,3,1,1,1,1,4,2,2,3,1,2.15,0,0,FALSE
Male,Loyal Customer,60,Business Travel,Business,1020,5,5,5,5,5,4,5,5,5,4,5,3,4,4.62,15,9,TRUE
Female,Disloyal Customer,50,Business Travel,Eco Plus,107,2,2,2,4,3,2,4,3,4,2,1,5,3,2.85,0,0,FALSE
Male,Loyal Customer,36,Personal Travel,Eco,694,3,5,2,3,4,2,1,4,3,2,5,3,4,3.15,53,63,FALSE
Male,Disloyal Customer,23,Business Travel,Eco,337,3,2,3,4,1,3,1,1,4,4,4,3,1,2.62,0,21,FALSE
Male,Loyal Customer,28,Business Travel,Business,2013,1,1,1,1,4,4,4,4,4,5,4,5,4,3.23,14,7,TRUE
Female,Disloyal Customer,57,Business Travel,Eco,192,4,3,4,1,1,4,1,1,2,1,4,5,1,2.46,0,0,FALSE
Male,Loyal Customer,52,Business Travel,Business,315,2,2,2,2,5,5,4,5,5,5,5,3,5,3.85,57,65,TRUE
Male,Loyal Customer,52,Business Travel,Business,3771,3,4,3,3,2,4,5,4,4,5,4,3,5,3.77,0,0,TRUE
Male,Loyal Customer,43,Business Travel,Business,3554,1,1,1,1,5,4,5,4,4,5,4,3,4,3.23,0,0,TRUE
Male,Disloyal Customer,44,Business Travel,Business,239,2,2,2,4,3,2,3,3,5,5,4,3,3,3.15,1,0,FALSE
Male,Loyal Customer,16,Personal Travel,Eco,1121,1,5,1,1,1,1,1,1,5,2,4,4,1,2.15,0,0,FALSE
Female,Loyal Customer,24,Business Travel,Eco Plus,419,0,3,0,3,3,0,3,3,1,3,4,4,3,2.31,0,0,TRUE
Female,Loyal Customer,60,Business Travel,Business,327,1,1,1,1,4,4,4,5,4,4,5,4,4,3.23,118,137,TRUE
Female,Disloyal Customer,25,Business Travel,Eco,199,1,2,1,4,1,3,3,1,5,4,4,3,3,2.69,184,170,FALSE
Male,Loyal Customer,13,Personal Travel,Eco,444,4,5,4,5,4,4,4,4,3,4,5,3,4,4.08,21,15,FALSE
Female,Disloyal Customer,25,Business Travel,Eco,399,3,0,2,4,1,2,1,1,3,4,3,4,1,2.23,0,0,FALSE
Female,Loyal Customer,24,Business Travel,Business,1304,1,1,1,1,5,5,5,5,2,4,2,4,5,3.15,6,0,TRUE
Female,Loyal Customer,35,Personal Travel,Eco,868,2,2,3,3,3,3,3,3,1,4,3,1,3,2.62,0,0,FALSE
Male,Disloyal Customer,27,Business Travel,Eco,1592,3,2,2,4,1,3,1,1,1,5,2,1,1,2.08,0,0,FALSE
Female,Loyal Customer,41,Personal Travel,Eco,910,3,4,3,5,3,3,3,3,3,2,5,2,3,3.23,0,32,FALSE
Male,Loyal Customer,23,Personal Travel,Eco,808,2,2,2,4,1,2,1,1,1,2,3,3,1,1.92,0,0,FALSE
Female,Loyal Customer,38,Business Travel,Eco,546,2,1,1,1,2,2,2,2,3,5,3,3,2,2.23,0,0,FALSE
Female,Loyal Customer,39,Business Travel,Business,2191,1,1,3,1,4,4,5,4,4,4,4,4,5,3.38,0,3,TRUE
Male,Loyal Customer,61,Business Travel,Business,2748,5,5,5,5,3,2,4,4,4,4,5,2,1,3.77,0,0,TRUE
Female,Loyal Customer,55,Personal Travel,Eco,1010,2,3,2,3,5,4,3,3,3,2,3,4,3,3.08,0,13,FALSE
Female,Disloyal Customer,22,Business Travel,Eco,1400,2,3,3,2,3,2,3,3,5,1,5,4,3,3,1,0,FALSE
Male,Loyal Customer,53,Business Travel,Eco,467,5,5,5,5,5,5,5,5,5,1,2,1,5,4.15,0,46,TRUE
Male,Loyal Customer,44,Personal Travel,Eco,1671,1,4,1,4,5,1,2,5,2,2,4,2,5,2.92,4,0,FALSE
Male,Loyal Customer,46,Business Travel,Business,164,1,1,4,1,2,4,4,4,4,4,5,3,3,3.08,0,0,TRUE
Male,Loyal Customer,49,Business Travel,Business,1877,5,5,5,5,4,4,4,3,3,3,3,3,3,3.85,0,0,TRUE
Male,Loyal Customer,41,Business Travel,Business,507,3,1,1,1,3,3,2,3,3,3,3,3,4,2.54,0,0,FALSE
Female,Loyal Customer,24,Personal Travel,Eco,641,2,4,2,2,2,2,4,2,4,5,5,4,2,3.08,11,12,FALSE
Male,Loyal Customer,19,Business Travel,Business,2057,4,4,2,4,4,4,4,4,4,3,4,3,4,3.69,12,0,TRUE
Male,Loyal Customer,43,Business Travel,Business,214,5,5,5,5,2,5,5,5,5,5,5,4,3,4.54,33,23,TRUE
Female,Loyal Customer,13,Personal Travel,Eco,1723,3,4,2,3,5,2,5,5,3,4,4,4,5,3.77,2,0,FALSE
Male,Loyal Customer,69,Personal Travel,Eco,1407,3,4,3,4,5,3,5,5,4,3,5,2,5,3.92,49,22,FALSE
Male,Loyal Customer,40,Business Travel,Eco,177,3,5,5,5,3,2,3,3,3,4,3,5,3,3.62,0,5,TRUE
Female,Loyal Customer,42,Business Travel,Business,1869,1,1,1,1,5,4,5,3,3,3,3,5,5,3.08,0,0,TRUE
Female,Loyal Customer,49,Personal Travel,Eco,719,3,4,3,3,3,5,4,2,2,3,2,5,4,3.31,7,0,FALSE
Female,Loyal Customer,45,Business Travel,Business,2454,1,1,1,1,3,4,4,4,4,4,4,5,3,3,10,3,TRUE
Female,Loyal Customer,48,Business Travel,Business,3183,2,2,3,2,3,5,4,5,5,5,5,3,4,3.69,8,0,TRUE
Female,Loyal Customer,69,Personal Travel,Eco Plus,192,1,5,1,1,4,1,2,3,3,1,3,2,3,2.31,0,0,FALSE
Female,Loyal Customer,28,Business Travel,Business,1527,1,1,1,1,4,4,4,4,3,3,5,3,4,2.92,0,0,TRUE
Male,Loyal Customer,29,Business Travel,Business,488,2,4,3,3,2,2,2,2,1,5,4,4,2,2.77,0,0,FALSE
Male,Loyal Customer,49,Business Travel,Business,405,4,4,4,4,3,4,4,5,5,5,5,3,5,4.23,2,0,TRUE
Male,Loyal Customer,52,Personal Travel,Eco Plus,674,0,4,0,2,1,0,1,1,5,4,5,5,1,2.23,2,0,TRUE
Male,Loyal Customer,23,Business Travel,Business,1506,4,4,4,4,5,5,5,5,5,2,5,3,5,4.31,0,0,TRUE
Male,Loyal Customer,31,Personal Travel,Eco,888,3,3,3,4,1,3,1,1,5,5,3,1,1,2.62,0,0,FALSE
Male,Loyal Customer,63,Personal Travel,Eco,533,1,5,1,1,2,1,2,2,4,3,5,4,2,2.54,0,3,FALSE
Male,Loyal Customer,9,Personal Travel,Eco Plus,342,3,4,4,5,5,4,2,5,4,4,5,4,5,4.15,29,26,FALSE
Male,Loyal Customer,57,Business Travel,Eco,289,1,4,4,4,1,1,1,1,4,2,3,4,1,2.38,0,10,FALSE
Female,Disloyal Customer,30,Business Travel,Eco Plus,2762,2,2,2,3,5,2,5,5,2,4,4,3,5,3.38,1,0,FALSE
Male,Disloyal Customer,24,Business Travel,Eco,241,4,0,5,3,4,5,4,4,1,2,4,5,4,3.46,0,0,FALSE
Male,Loyal Customer,47,Personal Travel,Eco,83,1,3,1,3,5,1,5,5,4,5,2,2,5,3.23,0,0,FALSE
Female,Loyal Customer,64,Business Travel,Business,1652,3,2,2,2,4,4,3,3,3,3,3,1,1,2.62,0,0,FALSE
Male,Loyal Customer,30,Business Travel,Business,2613,2,3,3,3,2,2,2,2,3,3,4,3,2,2.62,2,10,FALSE
Male,Disloyal Customer,25,Business Travel,Eco,533,4,3,4,4,5,4,3,5,4,1,3,2,5,3.62,69,58,FALSE
Female,Loyal Customer,55,Business Travel,Business,2086,1,1,1,1,3,4,5,4,4,4,4,4,3,3,0,0,TRUE
Male,Loyal Customer,58,Personal Travel,Eco,2296,3,4,3,3,3,5,5,4,2,4,4,5,5,3.85,0,9,FALSE
Female,Loyal Customer,57,Business Travel,Business,2275,2,2,4,2,4,5,4,4,4,4,4,5,5,3.77,0,0,TRUE
Female,Disloyal Customer,36,Business Travel,Business,460,3,3,3,2,3,3,3,3,5,3,4,5,3,3.31,0,0,FALSE
Female,Loyal Customer,51,Business Travel,Eco,411,2,1,1,1,3,2,3,2,2,2,2,3,2,2,0,0,TRUE
Male,Loyal Customer,45,Business Travel,Business,661,2,2,2,2,5,5,4,5,5,5,5,3,5,3.85,0,0,TRUE
Male,Disloyal Customer,22,Business Travel,Eco,109,3,1,3,3,4,3,4,4,3,3,2,3,4,3.08,50,52,FALSE
Female,Loyal Customer,45,Personal Travel,Eco Plus,2475,3,2,3,4,4,4,3,4,4,3,4,4,4,3.54,0,0,FALSE
Female,Loyal Customer,29,Business Travel,Business,2365,5,5,4,5,4,4,4,4,3,3,4,4,4,4.08,41,26,TRUE
Male,Loyal Customer,37,Business Travel,Business,2843,4,4,4,4,5,2,3,4,4,4,4,3,1,3.54,0,15,TRUE
Male,Loyal Customer,44,Business Travel,Business,258,4,2,2,2,1,3,3,4,4,4,4,4,2,3,9,17,FALSE
Male,Loyal Customer,30,Business Travel,Eco Plus,1048,5,5,5,5,5,5,5,5,4,1,2,1,5,4.08,0,0,TRUE
Male,Loyal Customer,24,Business Travel,Business,2167,4,4,4,4,5,5,5,5,5,4,4,4,5,4.46,0,0,TRUE
Male,Disloyal Customer,20,Business Travel,Eco,446,1,5,1,1,5,1,2,5,4,4,4,3,5,3.15,0,0,FALSE
Female,Loyal Customer,63,Personal Travel,Eco Plus,2521,2,3,2,3,2,3,3,4,2,4,4,3,3,2.92,0,13,FALSE
Male,Loyal Customer,50,Personal Travel,Eco,1085,2,5,2,2,2,2,3,2,5,4,5,2,2,2.92,0,0,FALSE
Female,Loyal Customer,25,Personal Travel,Eco,366,0,5,0,3,1,0,1,1,3,3,4,4,1,2,1,0,TRUE
Female,Loyal Customer,22,Personal Travel,Eco,694,3,4,3,3,2,3,1,2,3,3,5,5,2,3,8,3,FALSE
Female,Loyal Customer,28,Business Travel,Eco,489,3,4,4,4,3,3,3,3,2,4,2,1,3,3,0,0,FALSE
Female,Loyal Customer,46,Business Travel,Business,337,5,5,5,5,4,5,5,4,4,4,4,4,5,4.54,0,2,TRUE
Male,Loyal Customer,54,Business Travel,Business,867,2,2,1,2,3,4,3,2,2,2,2,4,1,2.31,0,0,FALSE
Female,Loyal Customer,27,Business Travel,Business,471,3,3,3,3,5,5,5,5,5,2,5,4,5,4.08,0,0,TRUE
Male,Loyal Customer,60,Personal Travel,Eco Plus,209,1,1,1,4,1,1,1,1,1,5,4,2,1,1.85,64,45,FALSE
Male,Loyal Customer,54,Business Travel,Eco,776,4,1,1,1,4,4,4,4,3,1,3,3,4,2.85,1,11,FALSE
Male,Loyal Customer,11,Personal Travel,Eco,1045,5,4,5,3,4,5,4,4,3,4,5,4,4,4.15,0,0,TRUE
Male,Loyal Customer,22,Personal Travel,Eco,326,2,1,2,2,1,2,1,1,4,1,1,4,1,1.77,0,0,FALSE
Female,Loyal Customer,41,Business Travel,Eco,1046,4,3,2,3,4,4,4,4,3,5,3,4,4,3.62,0,0,FALSE
Female,Loyal Customer,44,Business Travel,Business,3159,2,2,2,2,2,5,4,4,4,4,4,5,5,3.46,0,0,TRUE
Female,Loyal Customer,47,Business Travel,Business,674,2,2,2,2,4,5,4,5,5,5,5,3,4,3.69,37,41,TRUE
Female,Loyal Customer,34,Business Travel,Business,3907,3,3,3,3,5,5,4,4,4,4,4,4,5,3.92,7,4,TRUE
Female,Loyal Customer,57,Personal Travel,Eco,308,4,1,4,3,2,4,3,5,5,4,1,2,3,3.15,0,6,FALSE
Male,Loyal Customer,41,Business Travel,Business,240,2,2,2,2,3,4,5,4,4,4,4,4,4,3.38,0,0,TRUE
Female,Loyal Customer,57,Business Travel,Business,2875,3,3,3,3,4,5,4,5,5,5,5,3,4,4,26,25,TRUE
Female,Disloyal Customer,25,Business Travel,Business,649,3,4,3,3,2,3,2,2,3,2,5,3,2,2.85,0,0,FALSE
Male,Loyal Customer,60,Business Travel,Business,685,4,4,4,4,2,5,4,4,4,4,4,3,4,3.85,75,68,TRUE
Female,Loyal Customer,50,Business Travel,Eco,1126,3,4,5,4,4,3,4,2,2,3,2,4,1,3.15,0,20,FALSE
Male,Loyal Customer,41,Personal Travel,Eco,735,4,4,4,4,4,4,4,4,5,2,4,5,4,4,4,0,FALSE
Female,Loyal Customer,35,Personal Travel,Eco,1079,3,3,3,3,3,3,3,3,4,5,4,1,3,3.15,0,0,FALSE
Male,Disloyal Customer,27,Business Travel,Eco,774,3,4,4,3,2,3,2,2,3,3,4,3,2,2.92,0,0,FALSE
Female,Loyal Customer,58,Personal Travel,Eco,685,1,4,1,3,2,4,5,1,1,1,1,3,5,2.46,0,0,FALSE
Female,Loyal Customer,48,Business Travel,Eco Plus,3302,1,1,1,1,1,2,2,2,5,4,4,2,2,2.15,0,0,FALSE
Female,Disloyal Customer,17,Business Travel,Eco Plus,967,1,2,1,4,1,1,1,1,4,1,4,2,1,1.85,0,44,FALSE
Female,Loyal Customer,9,Personal Travel,Eco,825,2,4,2,3,3,2,4,3,3,4,5,3,3,3.15,16,0,FALSE
Female,Disloyal Customer,39,Business Travel,Business,1136,4,4,4,2,1,4,1,1,5,5,4,4,1,3.08,0,0,TRUE
Female,Loyal Customer,7,Business Travel,Business,1990,2,5,5,5,2,2,2,2,1,1,3,2,2,2.62,0,7,FALSE
Female,Loyal Customer,27,Business Travel,Business,1990,1,1,1,1,4,4,4,4,4,2,5,3,4,2.92,2,13,TRUE
Male,Loyal Customer,46,Personal Travel,Eco,227,3,4,3,3,1,3,1,1,4,4,3,3,1,2.62,0,0,FALSE
Male,Disloyal Customer,45,Business Travel,Business,599,5,4,4,4,4,5,4,4,5,5,4,3,4,4.23,0,13,TRUE
Female,Loyal Customer,64,Business Travel,Business,717,4,1,1,1,3,3,4,4,4,4,4,2,4,3,0,0,FALSE
Female,Loyal Customer,25,Personal Travel,Eco Plus,125,1,3,0,2,2,0,2,2,5,1,2,2,2,1.85,0,0,FALSE
Male,Loyal Customer,37,Business Travel,Business,460,2,2,2,2,3,3,3,5,5,5,5,5,4,3.54,3,2,TRUE
Male,Loyal Customer,15,Personal Travel,Eco,152,5,4,5,2,1,5,1,1,3,4,5,3,1,3.08,0,0,TRUE
Male,Loyal Customer,47,Business Travel,Business,1788,5,5,5,5,2,5,4,4,4,4,4,5,3,4.23,0,0,TRUE
Male,Loyal Customer,54,Business Travel,Business,224,5,5,3,5,3,5,5,4,4,4,4,4,3,4.15,16,14,TRUE
Male,Loyal Customer,31,Business Travel,Business,1588,5,5,3,5,4,4,4,4,4,5,5,4,4,4.31,3,0,TRUE
Female,Loyal Customer,57,Business Travel,Eco,125,3,3,4,3,3,2,2,3,3,3,3,3,1,2.77,88,93,TRUE
Male,Loyal Customer,37,Business Travel,Eco,129,5,1,1,1,5,4,5,5,4,3,5,3,5,3.62,0,0,TRUE
Male,Loyal Customer,41,Business Travel,Business,261,2,2,2,2,3,3,4,5,5,5,5,2,2,3.23,0,0,TRUE
Male,Loyal Customer,66,Personal Travel,Eco,1189,1,5,1,2,2,1,2,2,5,3,5,3,2,2.62,53,41,FALSE
Female,Loyal Customer,69,Personal Travel,Eco,624,1,5,0,3,4,2,2,3,3,0,3,1,3,2.31,0,0,FALSE
Male,Disloyal Customer,38,Business Travel,Business,1346,3,3,3,1,2,3,2,2,3,2,5,4,2,2.69,0,19,FALSE
Female,Disloyal Customer,20,Business Travel,Eco,272,1,4,1,3,4,1,3,4,1,2,4,1,4,2.54,0,3,FALSE
Female,Loyal Customer,35,Business Travel,Business,3897,1,4,4,4,2,4,3,2,2,3,1,1,1,2.46,0,0,FALSE
Female,Disloyal Customer,24,Business Travel,Eco,762,1,1,1,3,3,1,3,3,2,5,4,2,3,2.46,0,0,FALSE
Female,Disloyal Customer,40,Business Travel,Business,369,2,2,2,3,1,2,1,1,4,3,5,3,1,2.31,6,4,FALSE
Male,Loyal Customer,45,Business Travel,Business,2520,3,3,3,3,2,5,5,4,4,4,4,3,3,3.54,17,15,TRUE
Female,Disloyal Customer,43,Business Travel,Business,690,3,3,3,4,5,3,5,5,5,3,4,3,5,3.92,49,45,FALSE
Female,Disloyal Customer,61,Business Travel,Business,214,2,2,2,3,5,2,5,5,3,2,5,3,5,3.38,93,130,FALSE
Male,Loyal Customer,15,Personal Travel,Eco,1199,2,2,2,4,4,2,4,4,4,2,3,2,4,3,13,19,FALSE
Male,Loyal Customer,24,Personal Travel,Eco,224,1,3,1,4,3,1,3,3,1,4,4,1,3,2.46,82,72,FALSE
Male,Loyal Customer,35,Business Travel,Business,744,3,3,3,3,4,5,5,5,5,5,5,4,5,4.23,0,0,TRUE
Male,Disloyal Customer,24,Business Travel,Eco,1006,4,4,4,3,5,4,5,5,4,4,4,3,5,4.15,0,0,FALSE
Male,Loyal Customer,61,Personal Travel,Eco,67,2,5,2,3,5,2,5,5,3,2,4,5,5,3.69,71,64,FALSE
Male,Loyal Customer,68,Personal Travel,Eco,476,2,3,2,2,5,2,5,5,1,5,2,5,5,3.38,53,35,FALSE
Female,Disloyal Customer,26,Business Travel,Eco,587,2,2,2,3,4,2,4,4,1,1,3,4,4,2.77,0,0,FALSE
Female,Disloyal Customer,31,Business Travel,Business,922,3,3,3,3,3,3,5,3,1,1,3,1,3,2.69,21,30,FALSE
Female,Loyal Customer,54,Business Travel,Business,3525,3,3,3,3,4,4,4,4,4,4,4,4,4,3.69,0,0,TRUE
Female,Disloyal Customer,26,Business Travel,Business,421,3,3,3,4,5,3,3,5,2,2,4,1,5,3.31,0,0,FALSE
Female,Disloyal Customer,19,Business Travel,Eco,1028,4,4,4,4,1,4,1,1,2,3,3,4,1,2.77,19,4,FALSE
Male,Loyal Customer,41,Business Travel,Business,2138,5,3,5,5,2,4,4,4,4,4,4,4,4,4,0,0,TRUE
Female,Disloyal Customer,25,Business Travel,Business,945,1,5,1,2,4,1,4,4,5,3,4,3,4,3.15,0,3,FALSE
Female,Disloyal Customer,36,Business Travel,Eco,216,4,4,4,4,2,4,5,2,2,3,4,1,2,3.15,52,85,FALSE
Male,Loyal Customer,34,Personal Travel,Eco,546,1,2,1,4,2,1,2,2,2,3,4,4,2,2.31,0,5,FALSE
Female,Loyal Customer,26,Personal Travel,Eco,250,3,4,3,3,3,3,3,3,2,4,3,5,3,3.23,128,126,FALSE
Female,Loyal Customer,20,Business Travel,Business,1757,4,5,2,2,4,4,4,4,1,2,4,4,4,3.38,0,0,FALSE
Male,Loyal Customer,43,Business Travel,Business,2408,1,1,1,1,4,5,5,4,4,4,4,3,3,3.08,0,0,TRUE
Male,Loyal Customer,35,Personal Travel,Eco,2276,5,5,5,2,1,5,1,1,3,4,3,4,1,3.08,0,0,TRUE
Male,Loyal Customer,38,Personal Travel,Eco,655,3,0,3,1,4,3,4,4,5,4,4,3,4,3.23,0,0,FALSE
Male,Loyal Customer,25,Personal Travel,Eco,273,3,3,3,1,5,3,5,5,5,2,4,1,5,3.46,0,0,FALSE
Female,Loyal Customer,35,Business Travel,Business,2176,3,3,4,3,2,5,5,4,4,4,4,5,3,3.77,0,16,TRUE
Male,Loyal Customer,54,Personal Travel,Business,1124,3,5,3,3,3,4,4,1,1,3,1,5,3,3,0,0,FALSE
Female,Disloyal Customer,26,Business Travel,Eco,1109,1,1,1,4,2,1,2,2,1,3,4,1,2,1.92,0,0,FALSE
Male,Disloyal Customer,24,Business Travel,Eco,1372,4,3,3,2,5,4,5,5,4,5,5,5,5,4.23,0,0,TRUE
Female,Loyal Customer,47,Business Travel,Business,967,1,1,1,1,3,4,5,3,3,4,3,4,4,2.85,0,0,TRUE
Male,Loyal Customer,16,Personal Travel,Eco,214,2,2,2,3,4,2,4,4,1,3,4,2,4,2.85,15,3,FALSE
Male,Disloyal Customer,35,Business Travel,Eco,787,1,1,1,4,1,1,3,1,4,1,4,1,1,1.85,9,5,FALSE
Male,Loyal Customer,45,Business Travel,Eco,386,5,1,1,1,5,5,5,5,5,2,5,4,5,3.77,45,46,TRUE
Male,Loyal Customer,32,Personal Travel,Eco,2092,3,4,3,5,4,3,5,4,3,4,4,5,4,3.92,8,0,FALSE
Female,Loyal Customer,30,Personal Travel,Eco,293,1,5,1,4,5,1,1,5,3,5,4,5,5,3.46,28,9,FALSE
Female,Loyal Customer,47,Business Travel,Business,188,1,1,1,1,5,1,3,4,4,4,5,1,1,2.46,0,0,TRUE
Female,Loyal Customer,44,Business Travel,Eco,1037,4,1,1,1,1,1,4,4,4,4,4,5,3,2.85,94,76,TRUE
Male,Loyal Customer,36,Business Travel,Business,3645,1,0,0,2,1,2,2,5,5,0,5,2,4,2.23,0,0,FALSE
Female,Disloyal Customer,27,Business Travel,Business,515,3,3,3,2,2,3,2,2,5,3,4,3,2,2.85,68,61,FALSE
Female,Loyal Customer,25,Personal Travel,Eco,488,3,2,3,4,5,3,5,5,3,5,4,2,5,3.77,5,0,FALSE
Male,Disloyal Customer,47,Business Travel,Business,108,2,2,2,4,3,2,3,3,5,3,5,3,3,3.08,0,0,FALSE
Male,Loyal Customer,55,Business Travel,Business,3789,3,2,2,2,4,4,4,3,3,3,3,3,2,2.92,6,9,FALSE
Female,Loyal Customer,19,Personal Travel,Business,179,3,3,3,5,3,3,3,3,3,4,2,2,3,3.08,0,0,FALSE
Female,Loyal Customer,67,Personal Travel,Eco,761,1,5,2,1,2,4,4,1,1,2,2,3,3,2.38,8,7,FALSE
Male,Loyal Customer,14,Personal Travel,Eco,1999,5,4,5,2,2,4,2,2,1,2,5,4,2,3.08,0,0,TRUE
Female,Loyal Customer,52,Business Travel,Business,3617,4,4,4,4,5,5,5,5,5,5,5,4,3,4.46,39,38,TRUE
Male,Loyal Customer,33,Personal Travel,Eco,602,4,3,4,3,4,4,4,4,3,5,4,2,4,3.69,2,0,FALSE
Male,Loyal Customer,47,Business Travel,Eco,402,2,4,4,4,1,2,1,1,2,1,4,4,1,2.38,5,10,FALSE
Female,Loyal Customer,64,Business Travel,Business,1650,4,4,4,4,4,5,4,3,3,3,3,3,4,3.69,24,2,TRUE
Female,Loyal Customer,30,Personal Travel,Eco,216,4,2,4,4,4,4,4,4,1,3,4,1,4,3.31,0,0,TRUE
Male,Loyal Customer,51,Business Travel,Business,3275,1,1,1,1,3,4,5,5,5,5,5,3,4,3.31,0,0,TRUE
Male,Loyal Customer,51,Business Travel,Business,328,3,5,3,3,5,5,5,5,5,5,5,4,4,4.38,21,16,TRUE
Male,Loyal Customer,55,Business Travel,Business,1558,2,2,2,2,4,5,4,4,4,4,4,4,4,3.46,11,6,TRUE
Male,Loyal Customer,26,Personal Travel,Eco,842,4,3,5,4,3,5,3,3,1,2,4,1,3,3.15,3,0,FALSE
Female,Loyal Customer,53,Personal Travel,Business,1504,3,4,3,3,1,5,1,1,1,3,1,5,3,2.62,22,60,FALSE
Female,Loyal Customer,45,Business Travel,Business,1222,1,1,1,1,3,5,4,5,5,5,5,4,4,3.38,50,29,TRUE
Female,Loyal Customer,48,Business Travel,Business,1771,3,3,3,3,4,4,1,4,4,4,4,5,5,3.62,0,0,TRUE
Female,Loyal Customer,28,Personal Travel,Eco Plus,2300,1,3,1,4,5,1,5,5,3,1,3,2,5,3,22,2,FALSE
Female,Loyal Customer,27,Business Travel,Business,2419,2,3,2,2,5,5,5,3,5,3,3,5,5,3.69,0,0,TRUE
Female,Loyal Customer,11,Personal Travel,Eco,259,3,1,3,3,1,3,1,1,2,5,2,4,1,2.31,22,20,FALSE
Male,Disloyal Customer,36,Business Travel,Business,335,3,3,3,2,2,3,2,2,5,5,5,3,2,3.08,0,1,FALSE
Female,Loyal Customer,50,Business Travel,Business,2661,4,4,4,4,5,4,5,3,3,3,3,3,5,3.85,14,10,TRUE
Male,Disloyal Customer,24,Business Travel,Business,585,0,4,0,3,2,0,2,2,3,3,5,5,2,2.38,0,0,TRUE
Female,Loyal Customer,43,Business Travel,Business,3777,5,5,5,5,5,5,4,4,4,4,4,5,3,4.46,0,14,TRUE
Male,Loyal Customer,32,Business Travel,Business,3422,3,3,3,3,4,4,4,4,4,5,5,4,4,3.85,14,5,TRUE
Female,Loyal Customer,10,Personal Travel,Eco,258,1,4,1,5,4,1,4,4,4,5,1,3,4,3.15,0,0,FALSE
Male,Loyal Customer,34,Business Travel,Business,3139,4,4,4,4,5,4,5,5,5,5,5,5,3,4.46,72,82,TRUE
Male,Loyal Customer,24,Business Travel,Eco,329,1,2,2,2,1,1,1,1,3,5,4,4,1,2.15,0,0,FALSE
Male,Loyal Customer,66,Business Travel,Business,3088,3,1,3,1,3,3,4,3,3,3,3,3,2,2.69,42,33,FALSE
Female,Loyal Customer,30,Personal Travel,Eco,1139,4,5,4,1,5,4,5,5,3,4,4,3,5,4,12,14,FALSE
Male,Loyal Customer,63,Business Travel,Eco Plus,457,2,3,3,3,2,2,2,2,2,4,3,1,2,2.38,0,0,FALSE
Male,Loyal Customer,70,Business Travel,Business,3687,0,0,0,4,5,1,2,4,4,4,4,1,5,2.62,26,16,TRUE
Male,Loyal Customer,50,Business Travel,Business,770,5,5,5,5,4,4,5,2,2,2,2,3,4,3.69,16,3,TRUE
Female,Loyal Customer,56,Business Travel,Eco,909,3,5,5,5,1,4,4,3,3,3,3,2,2,3.31,0,0,FALSE
Male,Loyal Customer,53,Business Travel,Business,728,3,3,3,3,5,4,4,4,4,4,4,4,4,3.77,0,0,TRUE
Female,Loyal Customer,49,Business Travel,Business,1444,3,3,3,3,5,5,4,4,4,4,4,4,3,3.77,11,0,TRUE
Male,Loyal Customer,29,Business Travel,Eco Plus,550,3,4,5,4,3,3,3,3,1,4,4,3,3,3.31,0,0,FALSE
Female,Loyal Customer,47,Business Travel,Business,2717,2,2,2,2,5,4,4,4,4,4,4,4,3,3.38,16,18,TRUE
Male,Loyal Customer,39,Business Travel,Business,1471,4,2,4,4,5,4,5,4,4,4,4,3,4,3.92,22,36,TRUE
Female,Loyal Customer,30,Personal Travel,Eco,1276,3,4,2,4,5,2,5,5,2,1,3,2,5,3.31,2,0,FALSE
Male,Loyal Customer,51,Business Travel,Business,1744,4,4,4,4,3,4,4,5,5,5,5,3,4,4.15,0,0,TRUE
Male,Disloyal Customer,26,Business Travel,Eco,542,1,3,1,3,2,1,2,2,3,3,3,3,2,2.23,0,0,FALSE
Male,Loyal Customer,53,Business Travel,Business,3274,2,2,2,2,3,5,5,4,4,4,4,5,5,3.62,0,0,TRUE
Male,Loyal Customer,58,Business Travel,Business,228,2,1,4,1,2,2,2,2,2,4,4,2,2,2.31,167,194,FALSE
Female,Disloyal Customer,18,Business Travel,Eco,762,5,5,5,1,2,5,2,2,4,2,5,3,2,3.31,0,0,TRUE
Female,Loyal Customer,51,Business Travel,Business,3902,3,3,3,3,2,5,4,5,5,5,5,4,4,3.92,13,0,TRUE
Male,Loyal Customer,39,Business Travel,Business,998,5,5,5,5,2,5,5,4,4,5,4,4,5,4.46,0,14,TRUE
Female,Loyal Customer,74,Business Travel,Business,102,4,4,4,4,5,4,4,4,4,4,4,2,2,3.77,31,34,FALSE
Female,Loyal Customer,64,Personal Travel,Eco,733,2,1,2,3,2,1,1,3,3,1,3,1,1,1.85,132,137,FALSE
Female,Loyal Customer,51,Business Travel,Business,356,1,1,1,1,2,5,4,5,5,5,5,4,5,3.38,0,0,TRUE
Female,Loyal Customer,28,Business Travel,Business,3665,1,1,1,1,4,4,4,4,3,4,4,4,4,3,44,77,TRUE
Female,Loyal Customer,43,Personal Travel,Eco,451,5,4,5,2,2,5,5,4,4,5,4,4,3,4,0,0,TRUE
Female,Disloyal Customer,33,Business Travel,Eco Plus,198,4,4,4,4,4,1,4,4,4,4,3,4,4,3.69,165,165,FALSE
Male,Loyal Customer,48,Business Travel,Eco,641,4,1,2,1,4,4,4,4,2,5,2,5,4,3.23,0,0,TRUE
Female,Loyal Customer,16,Personal Travel,Eco,432,2,1,2,4,1,2,1,1,4,4,4,1,1,2.15,0,0,FALSE
Male,Disloyal Customer,15,Business Travel,Eco,1205,4,3,3,4,5,3,5,5,4,5,4,4,5,4.15,0,2,TRUE
Male,Loyal Customer,9,Business Travel,Business,3418,2,2,2,2,2,2,2,2,3,1,3,4,2,2.23,0,0,FALSE
Male,Loyal Customer,47,Business Travel,Business,3962,4,4,4,4,4,4,4,5,5,5,5,3,3,4.15,0,0,TRUE
Male,Loyal Customer,52,Business Travel,Business,3134,2,2,2,2,5,4,4,5,5,5,5,5,3,3.77,0,0,TRUE
Male,Disloyal Customer,27,Business Travel,Business,148,5,5,5,1,3,5,3,3,5,3,5,3,3,3.77,0,0,TRUE
Male,Loyal Customer,60,Business Travel,Business,3799,5,5,5,5,5,4,4,4,4,4,4,3,5,4.38,0,0,TRUE
Male,Loyal Customer,50,Personal Travel,Eco,304,2,3,2,3,2,2,2,2,2,4,3,3,2,2.46,14,7,FALSE
Male,Disloyal Customer,26,Business Travel,Eco,651,3,3,3,3,2,3,2,2,4,1,2,4,2,2.62,54,43,FALSE
Female,Loyal Customer,37,Business Travel,Business,748,5,5,5,5,4,5,5,5,5,5,5,3,4,4.69,9,3,TRUE
Female,Loyal Customer,55,Business Travel,Business,3553,2,4,4,4,5,2,3,2,2,2,2,2,4,2.92,13,0,FALSE
Female,Loyal Customer,22,Business Travel,Business,1449,5,5,5,5,5,5,5,5,3,4,5,3,5,4.62,6,0,TRUE
Female,Disloyal Customer,50,Business Travel,Eco Plus,1046,1,1,1,4,2,1,2,2,4,1,3,1,2,1.92,10,8,FALSE
Female,Loyal Customer,43,Business Travel,Business,2303,4,4,4,4,5,5,5,2,2,2,2,3,3,3.46,4,4,TRUE
Female,Disloyal Customer,25,Business Travel,Business,1739,3,0,3,4,5,3,1,5,5,5,3,5,5,3.62,57,54,FALSE
Male,Disloyal Customer,21,Business Travel,Eco,283,3,0,3,1,3,3,3,3,4,5,5,5,3,3.15,0,0,FALSE
Female,Loyal Customer,8,Personal Travel,Eco,337,3,4,3,3,4,3,2,4,5,5,5,3,4,3.69,19,32,FALSE
Male,Loyal Customer,64,Personal Travel,Eco,268,1,3,1,3,4,1,4,4,1,1,4,1,4,2.46,0,22,FALSE
Female,Loyal Customer,39,Personal Travel,Eco,2454,2,4,2,3,1,2,1,1,4,3,3,3,1,2.31,0,0,FALSE
Female,Disloyal Customer,37,Business Travel,Business,569,2,2,2,1,2,2,2,2,4,2,4,5,2,2.46,0,0,FALSE
Female,Loyal Customer,47,Business Travel,Business,3270,3,3,3,3,5,5,5,3,5,5,5,5,5,4.23,188,180,TRUE
Female,Loyal Customer,32,Business Travel,Business,2777,1,1,1,1,5,5,5,4,3,5,5,5,5,3.54,0,0,TRUE
Female,Loyal Customer,75,Business Travel,Business,674,3,3,3,3,3,5,3,5,5,5,5,5,3,3.92,0,0,TRUE
Male,Loyal Customer,22,Personal Travel,Eco,361,1,2,5,2,3,5,3,3,2,1,3,2,3,2.69,0,0,FALSE
Female,Disloyal Customer,55,Business Travel,Eco,1115,4,4,4,5,2,4,2,2,5,1,5,4,2,3.38,0,0,FALSE
Female,Loyal Customer,26,Personal Travel,Eco,854,3,4,3,4,2,3,2,2,4,2,5,5,2,3.15,11,19,FALSE
Female,Loyal Customer,42,Business Travel,Business,338,5,5,5,5,4,5,5,4,4,4,4,5,4,4.54,4,0,TRUE
Female,Loyal Customer,35,Personal Travel,Business,197,2,1,2,2,5,2,2,5,5,2,5,2,3,2.92,25,39,FALSE
Male,Disloyal Customer,29,Business Travel,Eco Plus,853,2,2,2,3,5,2,5,5,4,4,3,2,5,3.38,36,40,FALSE
Female,Loyal Customer,54,Business Travel,Business,1476,1,5,1,1,4,4,5,5,5,5,5,4,3,3.69,0,0,TRUE
Female,Loyal Customer,26,Personal Travel,Business,838,1,4,1,3,2,1,5,2,4,2,3,1,2,2.38,0,0,FALSE
Female,Disloyal Customer,26,Business Travel,Eco,221,3,0,3,2,5,3,5,5,2,4,3,2,5,3.23,0,0,FALSE
Male,Loyal Customer,45,Business Travel,Business,1107,1,1,3,1,4,4,1,2,2,2,2,4,5,2.46,0,0,TRUE
Male,Loyal Customer,61,Business Travel,Business,451,4,4,4,4,2,4,4,5,5,5,5,5,4,4.23,0,3,TRUE
Female,Loyal Customer,57,Business Travel,Business,2237,4,4,4,4,4,5,5,5,5,5,5,3,3,4.31,0,0,TRUE
Female,Loyal Customer,22,Business Travel,Business,680,3,3,3,3,5,5,5,5,5,4,4,3,5,4.08,4,70,TRUE
Male,Disloyal Customer,33,Business Travel,Eco,577,3,2,3,4,2,3,1,2,1,4,3,4,2,2.62,0,0,FALSE
Female,Loyal Customer,52,Business Travel,Eco,612,3,3,3,3,5,3,3,3,3,3,3,1,1,2.85,29,43,FALSE
Male,Loyal Customer,29,Business Travel,Business,530,1,1,1,1,4,4,4,4,5,4,5,4,4,3.23,0,0,TRUE
Male,Disloyal Customer,25,Business Travel,Eco,1211,3,3,3,1,2,3,4,2,4,5,5,5,2,3.23,0,0,FALSE
Male,Disloyal Customer,31,Business Travel,Eco,2021,3,3,3,4,4,3,4,4,3,5,4,5,4,3.77,27,31,FALSE
Male,Loyal Customer,58,Personal Travel,Eco,628,3,5,3,3,3,3,4,3,4,3,5,5,3,3.62,41,36,FALSE
Male,Loyal Customer,45,Business Travel,Business,265,5,5,5,5,5,5,5,5,4,4,5,5,5,4.85,252,275,TRUE
Male,Loyal Customer,43,Business Travel,Business,2397,4,4,4,4,4,5,4,4,4,4,4,3,3,3.92,59,49,TRUE
Female,Loyal Customer,16,Personal Travel,Eco Plus,213,5,2,5,3,2,5,2,2,5,4,4,4,2,3.46,0,0,TRUE
Female,Loyal Customer,36,Business Travel,Business,2041,4,4,4,4,2,4,4,4,4,4,4,5,4,3.92,6,6,TRUE
Male,Loyal Customer,44,Business Travel,Business,3431,2,3,2,2,4,4,5,3,3,3,3,3,4,3.15,15,0,TRUE
Female,Loyal Customer,45,Business Travel,Eco,89,4,1,5,1,2,4,4,4,4,4,4,2,2,3.15,0,0,TRUE
Male,Loyal Customer,31,Personal Travel,Business,594,2,3,2,2,2,2,2,2,2,1,4,2,2,2.15,185,186,FALSE
Male,Loyal Customer,49,Business Travel,Business,190,5,5,5,5,4,5,5,4,4,4,5,5,4,4.62,0,0,TRUE
Male,Loyal Customer,49,Business Travel,Business,277,3,3,3,3,2,3,2,5,5,5,5,3,2,3.38,108,107,TRUE
Female,Loyal Customer,34,Personal Travel,Eco,266,1,0,1,1,5,1,5,5,5,4,5,4,5,3.23,0,0,FALSE
Female,Loyal Customer,64,Business Travel,Business,3732,3,1,1,1,3,3,3,3,3,3,3,1,1,2.23,0,0,FALSE
Male,Loyal Customer,62,Personal Travel,Eco,522,3,5,3,4,2,3,2,2,3,4,2,2,2,2.85,16,18,FALSE
Male,Loyal Customer,49,Business Travel,Business,2100,1,1,1,1,3,2,1,4,4,4,4,3,2,2.38,4,0,TRUE
Female,Loyal Customer,54,Personal Travel,Eco,772,1,5,1,4,4,1,1,1,1,1,1,4,5,2.31,24,19,FALSE
Female,Loyal Customer,36,Business Travel,Business,829,3,5,5,5,2,3,3,3,3,3,3,3,3,3.38,0,0,FALSE
Male,Loyal Customer,36,Business Travel,Business,936,1,1,3,1,3,4,4,4,4,4,4,4,4,3.15,0,0,TRUE
Male,Loyal Customer,66,Business Travel,Business,3871,4,2,2,2,5,3,2,4,4,4,4,3,2,3.15,2,0,FALSE
Female,Loyal Customer,50,Personal Travel,Eco Plus,1096,3,4,3,3,5,3,4,4,4,3,4,4,3,3.62,0,12,FALSE
Male,Loyal Customer,35,Personal Travel,Eco,672,2,3,2,2,5,2,5,5,1,1,4,4,5,3.15,0,0,FALSE
Female,Loyal Customer,16,Personal Travel,Eco,545,3,5,3,1,5,3,5,5,3,4,1,3,5,3.54,0,0,FALSE
Male,Loyal Customer,47,Personal Travel,Eco,168,4,4,0,3,2,0,2,2,4,3,4,4,2,2.62,0,8,FALSE
Female,Disloyal Customer,41,Business Travel,Eco,1497,3,3,3,3,3,5,5,3,2,3,3,5,5,3.54,0,6,FALSE
Female,Disloyal Customer,27,Business Travel,Business,859,4,4,4,2,4,4,4,4,5,3,4,3,4,3.77,0,0,FALSE
Male,Loyal Customer,38,Business Travel,Business,2586,4,4,4,4,4,3,4,4,4,4,4,5,4,4,5,9,TRUE
Female,Loyal Customer,50,Business Travel,Eco,528,4,4,4,4,3,3,5,4,4,4,4,1,2,3.54,0,0,TRUE
Male,Loyal Customer,38,Personal Travel,Eco,163,2,3,2,3,1,2,1,1,2,4,4,4,1,2.31,0,1,FALSE
Male,Loyal Customer,22,Personal Travel,Eco,507,3,3,2,3,2,2,2,2,2,5,3,4,2,2.69,0,4,FALSE
Female,Disloyal Customer,47,Business Travel,Eco,613,4,0,4,3,1,4,5,1,3,5,2,2,1,2.69,0,0,FALSE
Male,Loyal Customer,40,Business Travel,Business,139,0,5,0,2,2,5,4,2,2,2,2,2,2,2.31,0,0,TRUE
Male,Loyal Customer,55,Personal Travel,Business,305,4,5,4,3,4,4,4,3,3,4,3,4,4,3.77,0,0,TRUE
Male,Disloyal Customer,16,Business Travel,Business,919,5,0,5,5,5,5,5,5,4,3,4,3,5,4.15,7,7,TRUE
Male,Loyal Customer,33,Business Travel,Business,1716,4,5,2,5,4,4,4,4,2,2,3,3,4,3.54,0,0,FALSE
Male,Loyal Customer,47,Personal Travel,Eco Plus,412,2,4,2,3,1,2,1,1,3,2,4,5,1,2.38,68,48,FALSE
Female,Loyal Customer,77,Business Travel,Eco,628,3,5,5,5,4,4,3,3,3,3,3,3,3,3.62,24,43,FALSE
Male,Disloyal Customer,36,Business Travel,Eco,707,3,3,3,4,3,3,3,3,4,4,4,3,3,3.31,43,34,FALSE
Female,Loyal Customer,34,Business Travel,Business,2820,4,4,4,4,2,4,5,5,5,5,5,4,5,4.31,65,105,TRUE
Male,Loyal Customer,33,Business Travel,Eco,433,5,4,4,4,5,5,5,5,4,3,5,3,5,4.38,0,0,TRUE
Male,Loyal Customer,22,Business Travel,Eco,585,0,3,0,2,5,0,5,5,3,2,2,3,5,2.69,107,103,TRUE
Female,Loyal Customer,10,Personal Travel,Eco,957,3,5,3,3,3,3,3,3,5,5,4,5,3,3.69,0,0,FALSE
Female,Disloyal Customer,42,Business Travel,Business,911,1,1,1,2,3,1,1,3,3,2,2,1,3,1.85,0,14,FALSE
Male,Loyal Customer,52,Business Travel,Business,3850,5,5,5,5,2,5,5,2,2,2,2,4,3,3.62,7,0,TRUE
Male,Loyal Customer,56,Business Travel,Eco,925,5,4,4,4,5,5,5,5,1,1,4,1,5,3.77,18,11,TRUE
Female,Loyal Customer,33,Business Travel,Business,3254,1,5,5,5,3,1,2,1,1,1,1,3,1,2.31,36,35,FALSE
Male,Loyal Customer,38,Business Travel,Eco,554,2,5,5,5,2,2,2,2,3,5,3,4,2,3.23,0,1,FALSE
Female,Disloyal Customer,35,Business Travel,Business,719,2,2,2,4,1,2,1,1,3,2,4,3,1,2.15,1,7,FALSE
Female,Disloyal Customer,27,Business Travel,Eco,365,1,0,1,4,5,1,5,5,4,4,3,3,5,3.15,0,0,FALSE
Male,Loyal Customer,41,Personal Travel,Eco,253,2,3,2,4,1,2,1,1,1,2,4,2,1,2,0,0,FALSE
Female,Loyal Customer,63,Personal Travel,Eco,109,2,5,0,3,3,4,3,5,5,0,5,3,5,3.31,0,0,FALSE
Male,Loyal Customer,24,Personal Travel,Eco,533,2,5,2,2,2,5,4,5,4,5,5,4,4,3.77,189,183,FALSE
Male,Loyal Customer,15,Personal Travel,Eco,322,2,4,2,1,3,2,3,3,5,2,3,5,3,2.92,3,0,FALSE
Female,Loyal Customer,44,Business Travel,Business,3452,4,4,4,4,3,5,5,4,4,5,4,3,3,4,12,0,TRUE
Female,Loyal Customer,43,Business Travel,Business,197,0,5,1,4,2,4,5,2,2,2,2,3,3,2.69,1,0,TRUE
Female,Loyal Customer,59,Personal Travel,Business,1670,4,5,4,1,3,1,3,1,1,4,1,1,4,2.54,3,0,FALSE
Female,Loyal Customer,34,Business Travel,Business,2190,0,0,0,1,2,5,5,2,2,2,2,4,3,2.15,0,0,TRUE
Female,Disloyal Customer,37,Business Travel,Business,432,3,3,3,5,4,3,4,4,4,4,5,5,4,3.92,0,0,FALSE
Male,Disloyal Customer,38,Business Travel,Business,577,4,4,4,2,1,4,1,1,5,5,5,3,1,3.08,0,0,FALSE
Female,Disloyal Customer,50,Business Travel,Eco,631,3,4,4,3,5,4,1,5,3,4,4,4,5,3.77,10,0,FALSE
Male,Loyal Customer,34,Business Travel,Business,1519,2,2,2,2,3,3,4,2,2,2,2,4,3,2.54,0,0,FALSE
Male,Loyal Customer,47,Business Travel,Business,1894,5,3,5,5,5,4,4,5,5,5,5,5,3,4.54,24,12,TRUE
Male,Loyal Customer,13,Personal Travel,Eco,551,2,4,2,3,1,2,1,1,3,3,5,5,1,2.54,0,0,FALSE
Male,Loyal Customer,49,Personal Travel,Eco,192,3,4,3,2,2,3,2,2,3,5,4,3,2,2.92,0,0,FALSE
Female,Loyal Customer,68,Personal Travel,Eco,977,3,5,3,3,4,4,4,3,3,3,3,3,3,3.38,0,0,FALSE
Female,Loyal Customer,57,Business Travel,Business,2092,2,2,2,2,4,5,4,4,4,4,4,3,5,3.46,13,8,TRUE
Male,Loyal Customer,46,Business Travel,Business,214,5,5,5,5,4,5,4,5,5,5,5,5,4,4.77,0,0,TRUE
Male,Loyal Customer,67,Personal Travel,Eco,912,4,2,4,4,4,2,2,1,1,3,4,2,2,2.69,152,175,TRUE
Female,Disloyal Customer,24,Business Travel,Eco,1050,1,1,1,3,5,1,5,5,1,2,1,2,5,2.54,13,3,FALSE
Male,Loyal Customer,39,Business Travel,Business,2180,2,2,2,2,2,5,4,5,5,5,5,2,1,3.23,0,0,TRUE
Female,Disloyal Customer,45,Business Travel,Business,993,5,5,5,1,4,5,4,4,4,2,5,5,4,4.08,0,0,TRUE
Female,Loyal Customer,45,Business Travel,Business,1522,4,4,4,4,3,2,3,5,5,5,5,1,3,3.69,110,121,TRUE
Female,Loyal Customer,44,Business Travel,Business,408,3,1,3,3,4,4,5,4,4,4,4,4,4,3.62,0,3,TRUE
Male,Loyal Customer,27,Business Travel,Business,862,3,4,3,3,4,4,4,4,5,4,4,4,4,3.85,0,0,TRUE
Female,Disloyal Customer,21,Business Travel,Business,647,5,5,5,3,2,5,2,2,4,4,5,4,2,3.69,3,2,TRUE
Male,Loyal Customer,34,Personal Travel,Business,916,1,4,1,3,4,5,4,3,3,1,3,4,5,3.15,22,0,FALSE
Male,Disloyal Customer,22,Business Travel,Eco,609,3,4,3,4,4,3,4,4,1,1,3,2,4,3.08,0,9,FALSE
Male,Loyal Customer,46,Business Travel,Eco,912,3,2,2,2,4,3,4,4,2,3,4,4,4,3.15,46,56,FALSE
Female,Loyal Customer,37,Business Travel,Business,1846,5,5,5,5,2,5,5,4,4,4,4,4,4,4.31,43,36,TRUE
Male,Loyal Customer,44,Business Travel,Business,1750,1,1,4,1,3,5,5,5,5,5,5,4,3,3.62,9,3,TRUE
Male,Loyal Customer,61,Business Travel,Eco,134,5,2,2,2,5,5,5,5,1,3,2,2,5,3.38,0,0,TRUE
Male,Loyal Customer,50,Business Travel,Business,1069,3,3,3,3,3,5,4,5,5,4,5,3,4,3.85,111,107,TRUE
Female,Loyal Customer,37,Business Travel,Business,772,2,3,3,3,4,3,3,2,2,1,2,4,2,2.62,0,0,FALSE
Male,Loyal Customer,56,Personal Travel,Eco Plus,612,2,5,2,1,1,2,1,1,4,5,4,2,1,2.38,35,29,FALSE
Female,Loyal Customer,53,Business Travel,Business,2204,1,4,4,4,2,4,4,1,1,1,1,3,2,2.46,0,0,FALSE
Male,Disloyal Customer,34,Business Travel,Business,342,3,3,3,2,5,3,5,5,5,3,4,5,5,3.92,2,0,FALSE
Male,Loyal Customer,8,Personal Travel,Eco,1102,4,4,5,2,5,5,5,5,2,1,2,5,5,3.85,0,3,TRUE
Female,Loyal Customer,38,Personal Travel,Eco,1105,2,0,2,3,2,1,2,4,4,4,4,2,2,2.46,140,,FALSE
Male,Disloyal Customer,39,Business Travel,Business,1235,5,5,5,4,5,5,5,5,5,5,5,5,5,4.92,0,20,TRUE
Male,Disloyal Customer,27,Business Travel,Eco,689,3,2,2,3,2,2,2,2,2,3,3,2,2,2.31,0,0,FALSE
Female,Loyal Customer,35,Personal Travel,Eco,1011,3,4,3,4,3,3,3,3,3,4,4,3,3,3.31,0,0,FALSE
Male,Loyal Customer,55,Personal Travel,Eco,2139,1,3,1,3,1,1,1,1,2,5,3,4,1,2.08,11,0,FALSE
Female,Loyal Customer,56,Personal Travel,Eco Plus,930,2,4,2,3,2,4,3,2,2,2,2,3,2,2.54,0,0,FALSE
Male,Loyal Customer,32,Personal Travel,Eco Plus,799,2,5,2,1,2,2,2,2,2,1,1,1,2,1.92,27,16,FALSE
Male,Loyal Customer,57,Business Travel,Business,328,2,2,2,2,5,4,4,5,5,5,5,5,4,3.85,0,0,TRUE
Male,Loyal Customer,46,Business Travel,Business,1721,1,1,1,1,4,4,4,4,4,4,4,3,3,2.92,0,0,TRUE
Female,Loyal Customer,56,Business Travel,Business,413,3,3,3,3,1,4,3,3,3,3,3,2,1,2.69,0,1,FALSE
Female,Loyal Customer,23,Business Travel,Eco,689,3,1,1,1,3,3,2,3,1,3,4,1,3,2.23,62,100,FALSE
Female,Loyal Customer,10,Personal Travel,Eco,2279,2,3,2,4,4,2,4,4,2,1,2,3,4,2.85,4,1,FALSE
Male,Loyal Customer,37,Business Travel,Eco Plus,296,4,4,3,4,4,4,4,4,3,3,3,4,4,3.69,0,0,TRUE
Male,Disloyal Customer,23,Business Travel,Eco,1056,2,2,2,3,5,2,5,5,3,4,3,1,5,3.23,0,0,FALSE
Female,Loyal Customer,65,Personal Travel,Eco,468,1,2,1,3,1,4,3,2,2,1,2,1,2,1.92,38,35,FALSE
Male,Loyal Customer,45,Business Travel,Business,1256,4,4,3,4,3,4,4,4,4,4,4,5,5,4,0,0,TRUE
Female,Loyal Customer,20,Business Travel,Business,2759,5,5,1,5,4,4,4,4,5,2,4,3,4,3.85,0,0,TRUE
Female,Loyal Customer,45,Business Travel,Business,1389,3,3,3,3,5,4,4,2,2,2,2,4,4,3.15,0,0,TRUE
Female,Loyal Customer,60,Personal Travel,Eco,466,4,5,4,4,3,5,5,4,4,4,4,5,5,4.31,9,0,TRUE
Male,Loyal Customer,45,Personal Travel,Eco,733,4,3,4,3,2,4,2,2,4,4,2,2,2,2.92,25,40,FALSE
Male,Loyal Customer,51,Business Travel,Business,3135,1,1,1,1,4,4,5,4,4,4,4,4,3,3.08,28,65,TRUE
Male,Disloyal Customer,39,Business Travel,Business,216,3,3,3,5,1,3,1,1,4,5,2,5,1,2.85,0,0,FALSE
Male,Loyal Customer,35,Business Travel,Business,209,3,3,3,3,5,3,4,2,2,2,3,4,3,3.08,0,0,FALSE
Male,Disloyal Customer,21,Business Travel,Eco,988,4,4,4,4,4,1,1,3,2,5,4,1,1,2.92,0,0,FALSE
Male,Loyal Customer,72,Business Travel,Eco,1562,4,3,2,3,4,4,4,4,3,2,4,1,4,3.23,0,0,FALSE
Female,Loyal Customer,48,Business Travel,Business,373,2,2,2,2,4,4,4,5,5,5,5,3,4,3.62,0,0,TRUE
Female,Loyal Customer,49,Business Travel,Business,829,3,3,3,3,2,4,4,5,5,5,5,4,4,3.85,0,0,TRUE
Female,Loyal Customer,11,Business Travel,Eco Plus,2588,2,1,1,1,2,2,2,1,1,3,3,2,2,1.77,0,0,FALSE
Male,Loyal Customer,70,Personal Travel,Business,216,4,4,4,3,4,5,5,4,4,4,4,3,5,4.08,7,1,FALSE
Female,Disloyal Customer,36,Business Travel,Eco,377,3,3,3,3,3,3,3,3,4,2,3,1,3,2.85,28,7,FALSE
Male,Loyal Customer,30,Business Travel,Business,310,3,3,3,3,3,3,3,3,4,4,4,2,3,3.15,0,0,FALSE
Male,Loyal Customer,24,Personal Travel,Eco,723,4,3,4,4,2,4,2,2,1,5,3,4,2,3.08,1,2,FALSE
Female,Loyal Customer,11,Business Travel,Eco,505,4,1,5,5,4,4,3,4,5,5,3,4,4,3.92,0,0,TRUE
Male,Loyal Customer,60,Business Travel,Business,3838,4,4,4,4,1,1,4,4,4,4,4,3,5,3.54,0,5,TRUE
Male,Loyal Customer,67,Personal Travel,Eco,134,2,2,2,3,5,2,5,5,1,5,4,3,5,3.38,38,26,FALSE
Male,Loyal Customer,8,Personal Travel,Eco,1438,3,5,3,3,5,3,5,5,5,5,5,5,5,4.38,5,0,FALSE
Male,Loyal Customer,22,Personal Travel,Eco Plus,2237,3,5,3,1,2,3,2,2,4,4,4,3,2,2.92,28,9,FALSE
Male,Loyal Customer,35,Business Travel,Eco,391,4,4,2,4,4,3,4,4,1,1,4,4,4,3.31,0,0,FALSE
Female,Loyal Customer,53,Personal Travel,Eco,293,4,5,4,3,3,5,4,1,1,4,1,4,4,3.31,0,0,FALSE
Female,Disloyal Customer,28,Business Travel,Eco,743,4,4,4,3,4,4,4,4,4,1,3,2,4,3.46,70,60,TRUE
Male,Disloyal Customer,20,Business Travel,Business,1099,4,5,4,3,4,4,4,4,4,2,5,4,4,3.92,0,0,TRUE
Female,Loyal Customer,36,Personal Travel,Eco,1450,4,2,4,3,5,4,5,5,2,1,4,4,5,3.69,101,76,FALSE
Female,Disloyal Customer,25,Business Travel,Eco,190,4,2,4,4,4,5,4,3,3,4,4,4,4,3.77,230,232,FALSE
Female,Loyal Customer,55,Business Travel,Business,631,5,5,5,5,3,5,4,5,5,5,5,5,3,4.62,0,0,TRUE
Female,Loyal Customer,45,Personal Travel,Eco,495,2,4,2,3,3,4,4,1,1,2,1,3,5,2.69,8,5,FALSE
Male,Loyal Customer,47,Business Travel,Business,1900,2,2,2,2,4,5,4,2,2,2,2,3,5,2.85,14,4,TRUE
Male,Disloyal Customer,27,Business Travel,Eco,372,3,3,3,3,5,3,4,5,3,1,3,2,5,3.31,0,0,FALSE
Male,Loyal Customer,48,Business Travel,Business,1874,2,2,2,2,2,4,5,5,5,5,5,5,3,3.62,4,2,TRUE
Female,Loyal Customer,43,Business Travel,Business,3640,4,4,4,4,4,3,2,5,5,5,3,3,2,3.69,0,0,TRUE
Male,Loyal Customer,23,Personal Travel,Eco,987,1,5,1,5,2,1,2,2,3,5,4,4,2,2.85,2,0,FALSE
Male,Loyal Customer,69,Personal Travel,Eco Plus,190,3,3,3,2,1,3,1,1,1,1,3,2,1,1.92,6,18,FALSE
Female,Loyal Customer,33,Business Travel,Business,2133,4,3,3,3,4,4,4,1,4,2,3,4,4,3.31,146,129,FALSE
Female,Loyal Customer,68,Personal Travel,Eco,460,2,3,5,3,4,5,1,1,1,5,1,4,2,2.85,0,0,FALSE
Male,Loyal Customer,12,Personal Travel,Eco,2153,3,4,3,3,4,3,4,4,1,4,4,5,4,3.54,0,8,FALSE
Female,Loyal Customer,16,Personal Travel,Eco,236,2,5,2,2,5,2,5,5,4,5,1,4,5,3.62,0,0,FALSE
Male,Disloyal Customer,33,Business Travel,Eco,433,1,4,1,1,1,1,1,1,5,5,5,3,1,2.31,0,2,FALSE
Male,Loyal Customer,34,Business Travel,Business,809,5,5,5,5,5,3,3,5,5,5,5,5,4,4.62,13,7,TRUE
Male,Disloyal Customer,43,Business Travel,Business,580,2,1,1,1,5,2,5,5,3,5,4,5,5,3.38,0,0,FALSE
Male,Loyal Customer,51,Personal Travel,Eco,102,3,4,0,2,3,0,3,3,5,5,5,4,3,3.08,0,1,FALSE
Female,Loyal Customer,11,Personal Travel,Eco,447,4,5,4,2,1,4,1,1,3,3,5,4,1,2.92,41,47,FALSE
Male,Loyal Customer,14,Personal Travel,Eco,397,4,4,4,1,4,4,4,4,3,5,5,3,4,3.77,0,0,FALSE
Female,Loyal Customer,56,Business Travel,Business,787,4,1,4,4,4,5,4,4,4,4,4,4,5,3.92,0,6,TRUE
Female,Loyal Customer,70,Business Travel,Business,2922,3,5,1,5,1,4,4,3,3,2,3,3,1,2.92,0,0,FALSE
Male,Loyal Customer,49,Business Travel,Business,3095,3,1,1,1,5,3,3,3,3,2,3,1,2,2.38,0,1,FALSE
Female,Loyal Customer,46,Business Travel,Business,508,2,2,2,2,1,1,2,4,4,5,4,4,3,2.77,12,9,TRUE
Male,Disloyal Customer,24,Business Travel,Eco,140,5,0,5,4,5,5,5,5,4,2,4,5,5,4.15,6,0,TRUE
Male,Loyal Customer,61,Personal Travel,Eco,1990,3,2,3,3,2,3,2,2,1,3,2,1,2,2.23,0,0,FALSE
Male,Disloyal Customer,44,Business Travel,Business,1590,3,3,3,3,5,3,5,5,3,5,5,4,5,4,0,0,FALSE
Male,Loyal Customer,24,Business Travel,Business,679,3,5,5,5,3,3,3,3,1,5,4,1,3,3.38,0,1,FALSE
Male,Loyal Customer,53,Business Travel,Business,650,3,3,3,3,5,4,5,4,4,4,4,3,4,3.77,18,5,TRUE
Male,Loyal Customer,33,Personal Travel,Eco,337,5,4,5,3,1,5,1,1,1,5,3,3,1,2.92,22,56,TRUE
Male,Loyal Customer,60,Business Travel,Business,1564,1,1,1,1,5,4,5,4,4,4,4,5,5,3.38,0,0,TRUE
Female,Loyal Customer,47,Business Travel,Business,1337,2,2,5,2,3,5,4,5,5,5,5,5,3,3.92,24,10,TRUE
Male,Loyal Customer,46,Business Travel,Business,2684,0,0,0,2,5,4,4,3,3,5,5,4,5,3.08,0,0,TRUE
Female,Loyal Customer,41,Business Travel,Business,1712,3,3,3,3,2,4,4,4,4,4,4,4,3,3.46,0,7,TRUE
Male,Loyal Customer,59,Personal Travel,Eco,780,4,2,3,4,1,3,1,1,3,5,4,2,1,2.62,0,10,FALSE
Female,Loyal Customer,46,Business Travel,Eco,1195,1,3,3,3,4,2,3,1,1,1,1,4,2,2.23,0,0,FALSE
Female,Disloyal Customer,38,Business Travel,Eco,129,4,3,4,1,2,4,2,2,1,5,4,4,2,2.92,0,0,FALSE
Female,Loyal Customer,45,Personal Travel,Eco Plus,365,3,2,3,3,5,3,2,2,2,3,2,1,3,2.62,9,4,FALSE
Male,Disloyal Customer,54,Personal Travel,Eco,762,2,4,2,3,5,2,5,5,3,4,5,4,5,3.77,29,0,FALSE
Male,Disloyal Customer,25,Business Travel,Eco,835,2,2,2,4,5,2,5,5,5,4,5,1,5,3.62,1,0,FALSE
Female,Loyal Customer,58,Business Travel,Business,125,4,4,4,4,5,2,5,4,4,4,5,3,2,3.85,0,0,TRUE
Male,Disloyal Customer,25,Business Travel,Eco,541,2,0,2,5,3,2,3,3,5,3,4,4,3,3,0,0,FALSE
Male,Loyal Customer,29,Personal Travel,Eco,624,1,5,1,4,2,1,3,2,4,4,5,4,2,2.92,0,0,FALSE
Male,Disloyal Customer,9,Business Travel,Eco,1072,4,4,4,3,2,4,2,2,3,4,3,3,2,3.08,9,0,FALSE
Male,Loyal Customer,47,Business Travel,Business,1021,3,3,3,3,3,4,4,4,4,4,4,5,4,3.69,0,1,TRUE
Female,Loyal Customer,37,Business Travel,Eco,230,4,3,3,3,4,4,4,4,4,3,3,4,4,3.62,0,0,TRUE
Female,Disloyal Customer,37,Business Travel,Eco,448,1,5,1,3,5,1,1,5,4,2,4,4,5,3.15,0,0,FALSE
Female,Loyal Customer,56,Personal Travel,Eco,359,4,4,4,3,4,3,3,3,3,4,3,3,1,3.23,0,0,FALSE
Female,Loyal Customer,16,Personal Travel,Eco,1749,3,1,3,3,2,3,2,2,3,2,2,1,2,2.23,0,0,FALSE
Female,Loyal Customer,51,Personal Travel,Eco,594,2,4,1,3,1,3,4,2,2,1,2,2,1,2.15,0,0,FALSE
Female,Disloyal Customer,24,Business Travel,Eco,319,2,3,2,2,2,2,2,2,2,4,2,3,2,2.31,28,103,FALSE
Female,Loyal Customer,17,Business Travel,Eco,143,5,3,3,3,5,5,5,5,1,1,1,5,5,3.62,0,0,TRUE
Male,Loyal Customer,52,Business Travel,Business,2228,2,2,2,2,5,4,4,5,5,5,5,5,5,3.92,14,9,TRUE
Female,Loyal Customer,55,Personal Travel,Eco,1013,2,1,2,4,5,4,4,4,4,2,5,4,4,3.46,0,0,FALSE
Male,Disloyal Customer,24,Business Travel,Eco,1250,3,3,3,3,1,3,1,1,5,2,5,5,1,2.77,0,0,FALSE
Male,Loyal Customer,7,Personal Travel,Eco,368,3,2,1,3,3,1,5,3,2,2,2,4,3,2.62,93,110,FALSE
Female,Loyal Customer,28,Business Travel,Eco,685,2,2,2,2,2,2,2,2,3,4,3,3,2,2.38,0,0,FALSE
Female,Loyal Customer,15,Personal Travel,Eco,1089,3,5,3,5,4,3,2,4,3,5,2,2,4,3.46,1,0,FALSE
Female,Loyal Customer,17,Personal Travel,Eco,1080,1,1,1,3,2,1,2,2,2,3,4,2,2,2,0,0,FALSE
Male,Disloyal Customer,24,Business Travel,Eco,936,4,4,4,4,2,4,2,2,4,5,5,4,2,3.54,9,0,FALSE
Male,Disloyal Customer,39,Business Travel,Business,1076,4,4,4,2,2,4,2,2,3,3,5,5,2,3.23,0,0,TRUE
Male,Loyal Customer,56,Personal Travel,Eco,200,2,3,0,4,5,0,5,5,1,5,2,4,5,3.15,0,0,FALSE
Female,Loyal Customer,79,Business Travel,Business,1643,3,1,1,1,4,4,4,3,3,3,3,2,2,2.62,0,0,FALSE
Female,Disloyal Customer,25,Business Travel,Business,1161,4,3,5,4,5,4,2,5,5,5,4,2,2,3.85,14,0,TRUE
Male,Loyal Customer,58,Business Travel,Business,1020,1,1,1,1,2,5,5,4,4,4,4,4,3,3,9,0,TRUE
Female,Loyal Customer,40,Business Travel,Business,787,4,3,3,3,4,1,2,4,4,4,4,1,4,3.15,19,18,FALSE
Male,Loyal Customer,53,Business Travel,Business,2269,2,2,2,2,4,4,5,4,4,4,4,3,4,3.38,0,0,TRUE
Male,Loyal Customer,22,Business Travel,Eco,604,1,1,1,1,1,1,2,1,2,4,3,4,1,1.77,0,12,FALSE
Male,Disloyal Customer,21,Business Travel,Eco,802,3,2,2,2,3,2,3,3,2,1,1,2,3,2.23,33,32,FALSE
Male,Loyal Customer,66,Business Travel,Eco,325,3,4,5,4,3,3,3,3,3,1,1,4,3,3.08,0,0,TRUE
Female,Loyal Customer,47,Business Travel,Business,2454,3,3,3,3,4,5,5,2,2,2,2,3,3,3.08,0,0,TRUE
Female,Loyal Customer,43,Business Travel,Business,1185,1,1,1,1,2,2,4,4,4,4,4,2,1,2.38,0,0,TRUE
Male,Loyal Customer,44,Business Travel,Business,3276,2,3,3,3,2,3,3,2,2,2,2,4,4,2.69,92,79,FALSE
Female,Loyal Customer,42,Business Travel,Business,2125,3,3,3,3,5,5,4,2,2,2,2,4,4,3.23,0,0,TRUE
Male,Loyal Customer,56,Personal Travel,Eco,493,4,4,4,2,5,4,5,5,4,1,1,3,5,3.62,0,0,FALSE
Female,Loyal Customer,26,Business Travel,Business,2791,3,4,3,3,5,4,5,5,5,3,5,5,5,4.23,0,0,TRUE
Female,Disloyal Customer,20,Business Travel,Eco,192,5,4,5,1,4,5,1,4,3,5,2,3,4,3.54,0,0,TRUE
Male,Loyal Customer,59,Business Travel,Business,3851,3,3,2,3,3,5,4,5,5,5,5,5,3,3.92,12,0,TRUE
Female,Loyal Customer,8,Personal Travel,Business,842,3,5,3,5,3,3,2,3,2,5,4,5,3,3.54,5,,FALSE
Female,Loyal Customer,53,Personal Travel,Eco,547,4,4,4,3,4,4,4,2,2,4,2,4,4,3.46,0,0,FALSE
Male,Loyal Customer,19,Personal Travel,Eco,913,2,4,3,1,5,3,5,5,3,4,5,3,5,3.69,42,,FALSE
Male,Loyal Customer,19,Personal Travel,Eco,1046,4,2,5,4,5,5,5,5,3,5,3,1,5,4,31,24,FALSE
Female,Loyal Customer,49,Business Travel,Business,449,2,4,4,4,1,2,3,2,2,2,2,3,2,2.54,39,38,FALSE
Female,Disloyal Customer,8,Business Travel,Eco,811,3,3,3,3,1,3,1,1,1,2,4,1,1,2.08,0,20,FALSE
Female,Disloyal Customer,24,Business Travel,Eco,1303,5,5,5,4,5,5,5,5,3,3,4,4,5,4.46,0,0,TRUE
Female,Loyal Customer,66,Business Travel,Eco,235,1,2,2,2,1,1,1,4,2,3,3,1,1,1.85,116,216,FALSE
Male,Loyal Customer,32,Business Travel,Eco Plus,1046,3,3,5,3,3,2,3,3,1,2,3,1,3,2.69,0,0,FALSE
Male,Loyal Customer,33,Personal Travel,Eco Plus,125,1,1,1,1,4,1,4,4,1,1,1,3,4,2.08,23,42,FALSE
Male,Loyal Customer,7,Personal Travel,Eco,1073,2,4,1,3,4,1,4,4,4,5,5,3,4,3.38,0,0,FALSE
Female,Disloyal Customer,22,Business Travel,Eco,1407,4,4,4,2,1,4,1,1,4,2,5,4,1,2.85,0,11,TRUE
Male,Loyal Customer,59,Business Travel,Business,2234,0,5,0,4,5,5,5,3,3,3,3,1,3,3.08,0,0,TRUE
Male,Disloyal Customer,25,Business Travel,Eco,1256,2,2,2,3,3,2,3,3,5,2,4,5,3,3,0,0,FALSE
Male,Loyal Customer,59,Business Travel,Business,280,1,2,2,2,1,3,3,1,1,1,1,4,1,1.77,0,0,FALSE
Female,Loyal Customer,60,Personal Travel,Eco,852,2,4,2,1,3,5,4,3,3,2,3,4,4,3.08,124,111,FALSE
Male,Loyal Customer,18,Business Travel,Business,2120,3,5,5,5,3,3,3,3,3,5,3,3,3,3.62,19,12,FALSE
Male,Loyal Customer,33,Business Travel,Eco Plus,925,5,5,5,5,5,5,5,5,4,1,1,2,5,4.08,0,0,TRUE
Female,Disloyal Customer,34,Business Travel,Eco,425,3,3,3,5,4,3,4,4,5,2,2,5,4,3.62,80,69,FALSE
Female,Loyal Customer,42,Business Travel,Business,2685,3,3,3,3,4,5,4,5,5,5,5,4,5,4.15,6,2,TRUE
Female,Loyal Customer,49,Business Travel,Eco,129,1,5,2,5,5,3,4,1,1,1,1,2,2,2.54,45,30,FALSE
Female,Loyal Customer,39,Business Travel,Eco,955,1,0,0,3,5,0,5,5,4,1,3,4,5,2.77,18,26,FALSE
Female,Loyal Customer,39,Business Travel,Business,361,5,5,5,5,5,4,4,3,3,2,3,3,4,3.92,0,0,TRUE
Female,Loyal Customer,52,Personal Travel,Eco,406,3,4,3,3,2,4,4,2,2,3,2,4,5,3.15,0,2,FALSE
Female,Loyal Customer,40,Personal Travel,Business,596,5,3,5,4,2,4,3,3,3,5,3,1,1,3.23,0,0,TRUE
Female,Loyal Customer,54,Business Travel,Business,3342,1,1,1,1,3,5,5,5,5,4,5,4,4,3.38,0,0,TRUE
Male,Disloyal Customer,20,Business Travel,Business,395,4,5,5,1,2,5,2,2,5,2,4,5,2,3.38,5,4,TRUE
Male,Loyal Customer,42,Business Travel,Eco,270,1,5,5,5,1,1,1,1,1,1,3,3,1,2.23,1,0,FALSE
Female,Loyal Customer,44,Business Travel,Business,3975,1,1,1,1,4,4,4,5,5,5,5,4,4,3.38,0,0,TRUE
Male,Loyal Customer,9,Personal Travel,Eco,1012,1,1,0,4,4,0,4,4,4,4,4,1,4,2.69,15,8,FALSE
Female,Disloyal Customer,22,Business Travel,Business,430,4,0,4,5,4,3,3,4,4,5,4,3,3,3.54,359,379,TRUE
Male,Loyal Customer,46,Business Travel,Eco,425,4,4,4,4,4,4,4,4,4,2,4,1,4,3.62,0,0,TRUE
Male,Loyal Customer,56,Personal Travel,Eco,1325,3,5,3,2,1,3,1,1,3,2,3,4,1,2.46,1,0,FALSE
Male,Loyal Customer,38,Personal Travel,Eco,296,3,2,3,4,2,3,2,2,4,2,3,3,2,2.69,14,14,FALSE
Female,Loyal Customer,29,Business Travel,Business,677,4,4,4,4,4,4,4,4,5,2,4,5,4,4,0,0,TRUE
Female,Loyal Customer,37,Business Travel,Eco Plus,262,4,5,5,5,4,4,4,4,2,2,1,5,4,3.77,0,0,TRUE
Female,Disloyal Customer,42,Business Travel,Eco,208,4,3,4,3,2,4,2,2,2,2,3,2,2,2.69,0,0,FALSE
Female,Loyal Customer,13,Business Travel,Business,1525,4,4,3,4,4,4,4,4,3,3,3,5,4,3.77,16,13,TRUE
Female,Loyal Customer,51,Business Travel,Business,281,2,2,2,2,4,5,4,4,4,4,4,3,4,3.38,36,28,TRUE
Male,Loyal Customer,22,Business Travel,Business,247,3,3,3,3,4,4,4,4,5,3,5,4,4,3.77,10,0,TRUE
Male,Loyal Customer,60,Personal Travel,Eco Plus,101,3,3,3,4,2,3,3,2,3,5,1,2,2,2.77,0,0,FALSE
Male,Loyal Customer,36,Business Travel,Business,2338,2,2,5,2,4,4,4,5,5,5,5,3,4,3.85,0,2,TRUE
Female,Loyal Customer,55,Business Travel,Business,3021,5,5,3,5,3,5,4,5,5,5,5,5,3,4.46,7,6,TRUE
Female,Loyal Customer,55,Personal Travel,Business,1660,1,0,1,3,2,4,5,3,3,1,5,3,4,2.69,3,2,FALSE
Female,Loyal Customer,55,Personal Travel,Eco,312,2,5,2,1,2,4,4,1,1,2,4,3,5,2.77,0,0,FALSE
Female,Disloyal Customer,26,Business Travel,Eco,281,0,0,0,1,1,0,1,1,2,5,4,5,1,1.62,0,0,TRUE
Female,Disloyal Customer,30,Business Travel,Business,1590,3,3,3,4,5,3,5,5,4,3,3,1,5,3.62,3,23,FALSE
Female,Disloyal Customer,22,Business Travel,Eco,391,0,0,0,3,3,0,3,3,1,4,2,2,3,1.85,0,0,TRUE
Male,Disloyal Customer,37,Business Travel,Eco,246,2,1,2,4,3,2,4,3,4,5,3,3,3,3,23,36,FALSE
Male,Loyal Customer,45,Business Travel,Business,1504,3,3,3,3,4,5,4,5,5,5,5,4,4,4.08,41,14,TRUE
Male,Loyal Customer,54,Personal Travel,Eco,588,2,5,2,3,5,2,5,5,4,5,5,5,5,4.08,0,12,FALSE
Male,Loyal Customer,44,Business Travel,Business,3227,2,3,3,3,5,3,3,2,2,2,2,1,2,2.54,22,11,FALSE
Male,Loyal Customer,57,Personal Travel,Eco,272,3,0,3,1,4,3,4,4,1,3,3,4,4,2.85,0,0,FALSE
Male,Disloyal Customer,25,Business Travel,Eco,1125,1,1,1,2,1,1,1,1,3,3,4,3,1,1.77,45,40,FALSE
Female,Disloyal Customer,29,Business Travel,Eco,1303,1,1,1,3,4,1,4,4,1,3,3,4,4,2.62,0,0,FALSE
Female,Disloyal Customer,59,Business Travel,Eco,448,4,1,4,2,3,4,3,3,2,3,1,1,3,2.62,79,69,FALSE
Female,Loyal Customer,57,Business Travel,Business,3189,5,5,2,5,3,4,4,5,5,5,5,3,4,4.23,0,6,TRUE
Female,Loyal Customer,25,Business Travel,Business,3367,2,1,1,1,2,2,2,2,3,1,3,4,2,2,6,7,FALSE
Female,Disloyal Customer,37,Business Travel,Business,2447,2,2,2,4,3,2,3,3,5,3,4,5,3,3.15,0,0,FALSE
Female,Loyal Customer,7,Personal Travel,Eco Plus,373,3,4,5,2,5,5,5,5,2,2,4,1,5,3.69,64,57,FALSE
Female,Loyal Customer,47,Personal Travel,Eco Plus,978,3,5,4,3,5,5,5,5,5,4,5,5,4,4.46,33,38,FALSE
Female,Disloyal Customer,25,Business Travel,Eco,562,2,2,2,4,4,2,4,4,4,4,3,4,4,3.31,0,0,FALSE
Female,Loyal Customer,48,Personal Travel,Eco,883,4,3,4,3,3,3,3,4,4,4,4,4,4,3.62,0,0,TRUE
Female,Loyal Customer,52,Business Travel,Business,2399,4,4,5,4,4,5,4,4,4,4,4,3,5,4.15,0,0,TRUE
Female,Loyal Customer,30,Personal Travel,Eco,1303,2,4,2,3,1,2,1,1,3,5,5,5,1,2.69,0,0,FALSE
Female,Loyal Customer,58,Personal Travel,Eco,862,3,1,3,4,3,3,4,4,4,3,3,2,2,3,13,0,FALSE
Male,Loyal Customer,56,Personal Travel,Eco,931,4,1,4,2,1,4,1,1,3,2,2,2,1,2.15,0,17,FALSE
Female,Loyal Customer,40,Personal Travel,Eco,1482,2,1,2,2,3,2,3,3,2,5,2,1,3,2.38,0,0,FALSE
Female,Loyal Customer,58,Business Travel,Business,489,1,1,1,1,4,4,3,1,1,1,1,2,1,1.69,0,30,FALSE
Female,Loyal Customer,50,Business Travel,Business,2435,3,3,3,3,4,4,5,5,5,5,5,5,3,4.08,0,4,TRUE
Female,Loyal Customer,11,Personal Travel,Eco Plus,632,3,1,3,2,4,3,4,4,1,2,2,3,4,2.77,0,0,FALSE
Male,Loyal Customer,40,Business Travel,Business,3013,3,3,3,3,5,5,5,4,4,4,4,3,4,3.85,0,0,TRUE
Female,Loyal Customer,28,Personal Travel,Eco,1620,3,4,3,3,4,3,4,4,3,2,3,4,4,3.38,0,0,FALSE
Female,Loyal Customer,26,Business Travel,Business,655,1,1,1,1,4,4,4,4,5,3,5,5,4,3.23,0,0,TRUE
Male,Loyal Customer,45,Personal Travel,Eco,399,2,5,4,2,4,4,4,4,1,2,3,2,4,3.15,0,0,FALSE
Female,Loyal Customer,26,Business Travel,Business,3408,2,2,2,2,3,4,3,3,3,4,4,5,3,3.08,0,0,TRUE
Male,Loyal Customer,62,Personal Travel,Eco,396,4,5,4,1,1,4,1,1,3,2,5,3,1,2.69,0,0,FALSE
Male,Loyal Customer,27,Personal Travel,Eco,323,2,3,2,1,5,2,5,5,5,4,3,2,5,3.38,49,32,FALSE
Male,Disloyal Customer,36,Business Travel,Business,926,4,4,4,3,2,4,2,2,5,3,4,3,2,3.23,0,0,FALSE
Female,Loyal Customer,54,Business Travel,Business,2296,1,1,1,1,3,4,4,2,2,2,2,3,3,2.23,13,0,TRUE
Female,Loyal Customer,24,Business Travel,Eco,1609,4,5,5,5,4,4,3,4,5,5,3,3,4,4.15,0,0,TRUE
Male,Disloyal Customer,34,Business Travel,Eco,964,3,3,3,3,3,3,3,3,1,2,2,4,3,2.77,0,0,FALSE
Male,Loyal Customer,14,Personal Travel,Eco,228,2,5,2,3,3,2,1,3,4,3,4,4,3,3,0,0,FALSE
Female,Loyal Customer,63,Business Travel,Business,325,1,1,1,1,2,3,1,4,4,4,4,2,5,2.54,0,0,TRUE
Male,Loyal Customer,57,Personal Travel,Eco,432,3,5,3,4,3,3,3,3,5,3,5,5,3,3.69,0,0,FALSE
Male,Loyal Customer,29,Business Travel,Business,2818,3,3,3,3,5,5,5,5,5,2,4,3,5,3.92,4,8,TRUE
Male,Disloyal Customer,27,Business Travel,Eco,328,1,5,1,3,2,1,2,2,4,1,4,4,2,2.46,0,56,FALSE
Female,Loyal Customer,42,Business Travel,Eco,680,4,1,1,1,4,3,2,5,5,4,5,1,1,2.85,0,0,TRUE
Male,Disloyal Customer,25,Business Travel,Eco Plus,563,2,2,2,2,2,5,5,1,2,2,3,5,5,2.92,181,187,FALSE
Male,Loyal Customer,42,Business Travel,Business,1655,1,1,1,1,3,5,4,3,3,3,3,5,5,2.92,33,34,TRUE
Male,Loyal Customer,37,Business Travel,Eco,874,3,3,3,3,3,3,3,3,1,1,3,3,3,2.69,0,7,FALSE
Female,Loyal Customer,47,Business Travel,Business,666,5,5,1,5,4,3,2,5,5,5,5,4,2,3.92,4,3,TRUE
Female,Loyal Customer,7,Personal Travel,Eco,325,2,3,1,3,3,1,3,3,4,1,4,5,3,2.77,35,32,FALSE
Male,Loyal Customer,30,Business Travel,Eco,1999,2,1,1,1,2,3,2,2,4,4,1,1,2,2,0,2,FALSE
Female,Loyal Customer,23,Personal Travel,Eco Plus,328,2,3,2,2,2,2,2,2,5,5,3,2,2,2.62,7,7,FALSE
Male,Loyal Customer,46,Personal Travel,Business,1262,3,4,3,5,4,5,4,3,3,3,3,4,4,3.69,0,0,FALSE
Male,Loyal Customer,57,Business Travel,Business,3826,1,1,1,1,3,4,5,3,3,3,3,4,5,2.85,0,0,TRUE
Female,Loyal Customer,41,Business Travel,Business,2722,1,1,1,1,2,4,4,5,5,5,5,3,3,3.08,10,0,TRUE
Female,Loyal Customer,42,Business Travel,Business,489,5,5,5,5,2,5,5,3,3,3,3,5,3,4,0,2,TRUE
Male,Loyal Customer,55,Business Travel,Eco,236,3,4,4,4,4,3,4,4,4,4,4,1,4,3.62,2,0,FALSE
Female,Loyal Customer,54,Business Travel,Business,2635,5,5,5,5,3,1,1,4,4,4,4,4,1,3.54,0,0,TRUE
Female,Disloyal Customer,19,Business Travel,Eco,834,1,1,1,3,1,3,3,1,2,2,2,3,3,2,0,13,FALSE
Female,Loyal Customer,46,Business Travel,Business,2136,2,2,2,2,4,5,5,5,5,5,5,3,5,3.85,36,6,TRUE
Female,Loyal Customer,40,Personal Travel,Eco,255,3,0,0,1,1,0,1,1,5,2,5,4,1,1.85,13,6,FALSE
Male,Disloyal Customer,23,Business Travel,Eco,451,3,0,3,4,2,3,2,2,2,3,1,2,2,2.23,15,10,FALSE
Female,Loyal Customer,31,Personal Travel,Eco,407,3,3,3,4,3,3,3,3,5,4,2,2,3,3.15,0,0,FALSE
Male,Disloyal Customer,34,Business Travel,Eco,835,3,3,3,1,3,3,3,3,4,1,4,3,3,2.85,0,0,FALSE
Female,Loyal Customer,53,Personal Travel,Eco,447,3,1,3,2,2,2,1,5,5,3,5,4,1,2.85,0,0,FALSE
Male,Loyal Customer,67,Personal Travel,Eco,606,2,5,2,2,5,2,5,5,5,2,4,4,5,3.69,0,0,FALSE
Female,Loyal Customer,26,Business Travel,Business,3382,4,1,1,1,4,4,4,4,2,2,4,1,4,2.77,24,5,FALSE
Male,Loyal Customer,49,Business Travel,Business,2037,3,3,3,3,2,4,4,4,4,4,4,3,4,3.46,0,0,TRUE
Female,Loyal Customer,36,Business Travel,Business,1036,4,4,4,4,3,4,5,3,3,3,3,3,3,3.54,20,21,TRUE
Female,Loyal Customer,49,Business Travel,Business,2936,5,5,5,5,5,5,5,4,4,4,4,4,5,4.62,0,38,TRUE
Male,Loyal Customer,13,Personal Travel,Eco,1362,1,5,1,3,3,1,3,3,4,5,5,4,3,3.15,0,0,FALSE
Male,Loyal Customer,61,Personal Travel,Eco,585,3,4,3,4,4,3,4,4,3,2,4,3,4,3.46,0,0,FALSE
Female,Loyal Customer,7,Personal Travel,Eco,102,2,4,2,3,1,2,1,1,1,3,4,2,1,2.08,1,0,FALSE
Female,Loyal Customer,45,Business Travel,Business,108,4,4,4,4,3,5,4,4,4,4,5,5,3,4.08,0,0,TRUE
Female,Disloyal Customer,72,Business Travel,Eco Plus,533,4,4,4,4,3,4,3,3,3,1,5,1,3,3.23,0,0,FALSE
Female,Loyal Customer,57,Business Travel,Business,466,3,3,3,3,3,3,3,3,3,4,4,3,3,3.15,184,172,TRUE
Female,Loyal Customer,12,Personal Travel,Eco,259,3,4,3,1,5,3,5,5,1,3,1,2,5,3.15,60,54,FALSE
Male,Loyal Customer,13,Business Travel,Business,1121,1,3,3,3,1,1,1,1,4,5,4,3,1,2.38,1,26,FALSE
Female,Loyal Customer,25,Personal Travel,Eco,334,2,4,2,4,4,2,5,4,4,3,4,3,4,3.46,0,0,FALSE
Male,Loyal Customer,37,Business Travel,Business,3391,3,2,2,2,1,4,4,3,3,3,3,1,4,2.69,0,3,FALSE
Male,Loyal Customer,25,Business Travel,Business,1819,5,2,5,5,4,4,4,4,3,5,1,3,4,3.77,0,0,TRUE
Male,Loyal Customer,60,Personal Travel,Eco,551,1,1,1,3,3,1,3,3,1,3,3,1,3,2.08,0,0,FALSE
Male,Loyal Customer,51,Business Travel,Business,534,5,5,5,5,4,5,4,5,5,5,5,4,5,4.77,0,0,TRUE
Male,Loyal Customer,42,Business Travel,Business,3860,5,5,5,5,2,4,5,3,3,4,3,5,4,4.08,42,46,TRUE
Female,Loyal Customer,30,Personal Travel,Eco,307,3,4,3,4,4,3,4,4,3,4,4,5,4,3.77,3,6,FALSE
Male,Loyal Customer,35,Business Travel,Business,2446,1,1,1,1,2,4,4,4,4,4,4,3,3,2.77,5,0,TRUE
Female,Loyal Customer,33,Business Travel,Eco,333,3,5,5,5,3,3,3,3,2,4,3,4,3,3.54,13,17,FALSE
Male,Disloyal Customer,24,Business Travel,Eco,1131,2,3,3,3,3,3,5,3,2,2,2,4,3,2.92,53,35,FALSE
Female,Loyal Customer,48,Personal Travel,Eco,2486,3,2,3,3,3,4,3,3,4,4,4,3,3,3.23,0,6,FALSE
Female,Loyal Customer,42,Business Travel,Business,201,3,3,3,3,1,3,1,5,5,5,3,4,3,3.23,0,0,TRUE
Male,Loyal Customer,20,Business Travel,Eco,170,5,2,2,2,5,5,3,5,4,3,4,3,5,3.69,0,0,TRUE
Female,Loyal Customer,48,Personal Travel,Eco,528,1,4,1,3,3,1,2,3,3,1,3,4,2,2.38,0,0,FALSE
Female,Loyal Customer,56,Business Travel,Business,2788,3,3,3,3,5,5,5,4,4,4,4,5,5,4.08,415,410,TRUE
Female,Disloyal Customer,24,Business Travel,Eco,118,3,1,3,2,4,3,4,4,3,5,1,1,4,2.92,18,32,FALSE
Male,Loyal Customer,34,Business Travel,Business,2711,2,2,2,2,4,5,5,4,4,4,4,3,5,3.54,7,0,TRUE
Male,Loyal Customer,22,Business Travel,Eco,674,3,4,4,4,3,3,2,3,2,3,3,1,3,2.92,18,6,FALSE
Male,Loyal Customer,63,Personal Travel,Eco,1749,2,1,2,2,3,2,3,3,4,3,2,1,3,2.38,0,0,FALSE
Male,Loyal Customer,59,Business Travel,Eco Plus,373,5,4,4,4,5,5,5,5,1,4,5,3,5,4.23,0,0,TRUE
Female,Loyal Customer,76,Business Travel,Eco,650,3,2,2,2,4,4,4,4,4,3,4,1,2,3,0,0,FALSE
Male,Disloyal Customer,55,Business Travel,Eco,1249,3,3,3,3,2,3,2,2,4,5,2,3,2,2.85,2,0,FALSE
Male,Loyal Customer,22,Business Travel,Business,954,2,2,2,2,2,2,2,2,5,3,2,5,2,2.54,0,0,TRUE
Male,Loyal Customer,48,Personal Travel,Eco,1105,2,2,2,2,3,2,3,3,4,2,3,1,3,2.46,0,0,FALSE
Female,Loyal Customer,45,Business Travel,Business,2064,5,5,5,5,2,4,5,5,5,5,5,3,3,4.38,5,0,TRUE
Female,Loyal Customer,33,Personal Travel,Eco Plus,874,1,3,1,3,1,1,1,1,3,4,4,1,1,1.92,0,0,FALSE
Male,Loyal Customer,37,Personal Travel,Eco Plus,728,3,4,3,1,4,3,4,4,5,2,3,3,4,3.31,2,0,FALSE
Female,Loyal Customer,61,Business Travel,Business,356,3,3,3,3,2,4,5,5,5,5,5,5,5,4.08,0,11,TRUE
Female,Loyal Customer,46,Business Travel,Business,1608,5,5,5,5,5,4,5,5,5,5,5,4,3,4.69,0,0,TRUE
Male,Loyal Customer,30,Personal Travel,Eco,323,3,3,3,3,1,3,1,1,5,1,1,4,1,2.31,0,0,FALSE
Female,Loyal Customer,51,Business Travel,Business,2981,2,2,2,2,2,2,5,4,4,4,4,3,4,3.08,0,5,TRUE
Male,Loyal Customer,52,Business Travel,Business,2167,2,2,2,2,2,5,4,3,3,4,3,5,5,3.23,20,20,TRUE
Male,Loyal Customer,36,Personal Travel,Eco,2174,2,4,2,4,4,2,4,4,2,3,3,1,4,3,4,19,FALSE
Female,Disloyal Customer,26,Business Travel,Business,777,5,5,5,4,1,5,3,1,4,4,5,4,1,3.62,0,0,TRUE
Male,Loyal Customer,60,Business Travel,Business,1916,5,3,5,5,3,3,5,5,5,5,5,5,4,4.46,0,0,TRUE
Female,Loyal Customer,18,Personal Travel,Eco,1068,3,5,3,3,3,3,3,3,5,5,4,3,3,3.54,0,8,FALSE
Male,Disloyal Customer,25,Business Travel,Eco,329,2,0,3,4,2,3,2,2,5,2,1,3,2,2.38,78,73,FALSE
Male,Loyal Customer,62,Personal Travel,Eco,308,1,5,1,3,2,1,2,2,4,5,5,3,2,2.77,3,0,FALSE
Male,Loyal Customer,40,Business Travel,Business,2231,1,1,1,1,3,4,4,4,4,4,4,4,5,3.08,52,31,TRUE
Female,Loyal Customer,56,Business Travel,Business,1440,3,3,3,3,4,5,5,4,3,4,4,5,5,3.92,248,262,TRUE
Male,Loyal Customer,55,Personal Travel,Eco,315,4,5,4,5,3,4,3,3,3,1,1,4,3,3.31,3,0,TRUE
Female,Loyal Customer,55,Business Travel,Business,262,3,3,3,3,2,5,1,4,4,4,4,1,4,3.15,0,0,TRUE
Female,Disloyal Customer,22,Business Travel,Business,937,0,5,0,1,5,0,5,5,1,4,3,5,5,3,5,12,TRUE
Male,Loyal Customer,59,Business Travel,Business,1768,5,5,5,5,4,5,4,4,4,4,4,3,3,4.23,0,0,TRUE
Male,Disloyal Customer,25,Business Travel,Business,472,2,0,2,4,4,2,4,4,5,1,3,2,4,2.85,50,62,FALSE
Female,Loyal Customer,68,Personal Travel,Eco,769,2,4,2,3,4,4,5,3,3,2,1,3,5,3.15,0,0,FALSE
Male,Loyal Customer,59,Business Travel,Business,669,3,3,3,3,5,5,5,4,4,4,4,5,3,3.92,79,60,TRUE
Male,Loyal Customer,25,Business Travel,Business,1072,2,2,2,2,3,2,3,3,5,4,5,4,3,3.08,6,0,TRUE
Female,Loyal Customer,20,Personal Travel,Eco,1547,3,5,4,3,3,4,3,3,5,2,5,4,3,3.62,0,0,FALSE
Female,Disloyal Customer,26,Business Travel,Eco,1000,3,3,3,3,5,3,5,5,4,3,3,1,5,3.54,25,23,FALSE
Female,Loyal Customer,42,Business Travel,Business,1105,1,1,1,1,2,5,4,3,3,3,3,4,5,2.77,20,7,TRUE
Female,Loyal Customer,37,Personal Travel,Eco,1074,2,5,2,5,3,2,1,3,3,2,5,4,3,3.08,0,3,FALSE
Male,Loyal Customer,25,Business Travel,Business,1250,4,2,4,2,4,3,4,4,3,1,4,1,4,3.08,0,0,FALSE
Female,Loyal Customer,12,Personal Travel,Eco,369,3,5,3,2,1,3,5,1,2,1,1,5,1,2.54,47,46,FALSE
Male,Loyal Customer,19,Business Travel,Business,3492,4,4,4,4,3,3,3,3,4,4,4,3,3,3.54,0,3,TRUE
Female,Loyal Customer,31,Business Travel,Business,3804,2,4,4,4,2,2,2,2,2,4,4,4,2,2.92,0,0,FALSE
Female,Loyal Customer,57,Personal Travel,Eco,1096,3,0,3,4,2,3,2,5,5,3,5,5,3,3.31,0,0,FALSE
Male,Loyal Customer,59,Business Travel,Business,1608,3,3,3,3,3,3,4,5,5,5,5,5,4,3.92,0,0,TRUE
Male,Loyal Customer,36,Business Travel,Business,2222,4,4,4,4,1,4,4,2,2,2,2,4,1,2.92,0,0,TRUE
Female,Disloyal Customer,22,Business Travel,Business,554,5,0,5,5,3,5,3,3,5,2,4,1,3,3.38,0,0,TRUE
Male,Loyal Customer,34,Business Travel,Business,3767,2,2,2,2,5,5,3,4,4,4,4,5,4,3.54,7,9,TRUE
Male,Loyal Customer,59,Personal Travel,Eco,1158,1,5,1,3,3,1,1,3,5,5,4,5,3,3.08,0,0,FALSE
Male,Loyal Customer,25,Personal Travel,Eco,1009,5,4,5,4,1,5,1,1,5,3,5,3,1,3.31,14,7,TRUE
Female,Loyal Customer,48,Personal Travel,Business,843,2,2,2,4,2,3,3,4,4,2,4,3,2,2.85,0,0,FALSE
Female,Loyal Customer,46,Business Travel,Business,3499,3,3,3,3,2,4,5,5,5,5,5,5,4,4,0,0,TRUE
Male,Loyal Customer,44,Business Travel,Business,937,4,4,4,4,4,5,4,5,5,5,5,3,4,4.31,35,15,TRUE
Male,Loyal Customer,42,Business Travel,Business,188,1,1,1,1,2,5,3,4,4,4,3,3,3,2.69,20,22,TRUE
Male,Loyal Customer,40,Business Travel,Business,2175,4,4,4,4,5,4,5,5,5,5,5,4,4,4.46,0,0,TRUE
Male,Loyal Customer,36,Personal Travel,Eco,587,2,4,2,2,3,2,3,3,5,5,5,5,3,3.38,31,29,FALSE
Female,Disloyal Customer,22,Business Travel,Eco,184,2,2,2,4,4,2,2,4,2,2,4,3,4,2.85,0,0,FALSE
Female,Loyal Customer,8,Personal Travel,Eco,1185,3,3,3,4,1,3,1,1,1,3,3,3,1,2.31,3,0,FALSE
Female,Loyal Customer,13,Personal Travel,Eco,2486,1,5,1,4,3,1,3,3,2,4,3,4,3,2.85,45,36,FALSE
Male,Loyal Customer,24,Personal Travel,Eco,544,2,2,2,3,4,2,4,4,1,4,4,2,4,2.92,3,0,FALSE
Female,Loyal Customer,33,Business Travel,Business,991,3,4,4,4,3,2,2,3,3,3,3,3,1,2.92,19,17,FALSE
Female,Loyal Customer,52,Personal Travel,Eco,748,0,5,0,1,3,5,4,4,4,0,4,5,5,3.08,0,0,TRUE
Female,Loyal Customer,22,Business Travel,Business,1751,4,4,4,4,4,4,4,4,3,4,4,3,4,3.85,0,0,TRUE
Male,Loyal Customer,58,Business Travel,Eco,199,3,1,1,1,3,3,3,3,4,4,3,4,3,2.77,0,0,FALSE
Female,Loyal Customer,26,Personal Travel,Business,546,5,5,5,1,4,5,4,4,2,1,3,4,4,3.62,0,0,TRUE
Female,Loyal Customer,50,Business Travel,Business,2693,5,5,5,5,5,5,5,4,4,4,4,3,3,4.38,0,15,TRUE
Male,Loyal Customer,42,Personal Travel,Eco,1990,3,1,2,3,1,2,5,1,4,2,4,2,1,2.38,96,74,FALSE
Male,Disloyal Customer,22,Business Travel,Business,1598,2,1,2,4,2,2,2,2,1,4,4,4,2,2.46,87,86,FALSE
Male,Disloyal Customer,28,Business Travel,Business,907,2,2,2,4,2,2,4,2,4,5,4,2,2,2.85,41,40,FALSE
Male,Loyal Customer,17,Business Travel,Eco,127,2,1,1,1,2,2,2,2,4,3,3,2,2,2.08,0,0,FALSE
Female,Loyal Customer,36,Business Travel,Business,781,3,3,3,3,5,3,3,4,4,4,4,5,1,3.46,54,33,TRUE
Female,Loyal Customer,31,Business Travel,Eco Plus,515,5,4,4,4,5,5,5,5,5,1,2,2,5,4,0,0,TRUE
Male,Loyal Customer,41,Business Travel,Business,3840,4,4,4,4,5,3,1,4,4,4,4,3,2,3.54,55,45,TRUE
Male,Disloyal Customer,27,Business Travel,Business,1199,2,2,2,5,4,2,4,4,5,2,5,5,4,3.54,20,4,FALSE
Female,Loyal Customer,37,Business Travel,Business,3567,3,3,3,3,3,5,5,5,5,5,5,4,3,4,0,0,TRUE
Female,Loyal Customer,51,Business Travel,Business,846,2,2,2,2,4,5,5,1,1,2,1,4,4,2.69,7,0,TRUE
Female,Loyal Customer,40,Business Travel,Business,2249,1,1,1,1,3,2,3,1,1,1,1,3,2,1.62,0,0,FALSE
Female,Loyal Customer,42,Business Travel,Eco,562,1,2,5,2,3,4,4,1,1,1,1,4,4,2.54,0,0,FALSE
Male,Loyal Customer,64,Personal Travel,Eco,679,1,4,1,3,2,1,2,2,1,3,1,5,2,2.15,1,0,FALSE
Male,Disloyal Customer,43,Business Travel,Business,666,4,4,4,4,3,4,3,3,5,4,5,4,3,3.85,88,72,TRUE
Female,Loyal Customer,58,Personal Travel,Eco,2296,3,5,3,3,5,4,5,2,2,3,2,3,3,3.31,0,11,FALSE
Male,Disloyal Customer,40,Business Travel,Business,651,5,5,5,4,3,5,3,3,5,5,4,3,3,4.08,0,0,TRUE
Male,Loyal Customer,52,Business Travel,Business,645,1,1,1,1,4,4,5,4,4,4,4,5,4,3.23,43,33,TRUE
Female,Loyal Customer,41,Business Travel,Business,594,3,3,3,3,3,4,5,4,4,4,4,3,3,3.54,1,0,TRUE
Female,Loyal Customer,60,Personal Travel,Eco,447,3,5,2,1,3,4,4,4,4,2,5,4,3,3.38,28,24,FALSE
Male,Loyal Customer,60,Business Travel,Eco,724,3,5,5,5,3,3,3,3,4,5,3,4,3,3.77,2,8,FALSE
Male,Loyal Customer,34,Business Travel,Business,2982,3,3,3,3,2,5,5,4,4,4,4,3,5,3.69,0,4,TRUE
Female,Disloyal Customer,20,Business Travel,Eco,250,2,4,2,3,2,2,2,2,3,2,4,3,2,2.54,0,0,FALSE
Female,Loyal Customer,62,Business Travel,Business,2487,3,3,3,3,4,2,4,4,4,4,4,1,1,3.08,0,0,TRUE
Female,Loyal Customer,49,Business Travel,Business,192,5,5,4,5,5,5,4,4,4,4,4,4,5,4.46,1,0,TRUE
Male,Loyal Customer,40,Business Travel,Business,109,2,2,2,2,3,4,3,4,4,4,5,2,5,3.23,0,0,TRUE
Female,Loyal Customer,32,Personal Travel,Eco,762,5,2,5,3,3,5,3,3,3,4,4,1,3,3.38,0,0,TRUE
Female,Loyal Customer,39,Business Travel,Business,2113,5,5,5,5,4,5,4,5,5,5,5,4,3,4.62,0,0,TRUE
Female,Loyal Customer,41,Business Travel,Business,2572,5,5,5,5,5,4,5,3,3,3,3,5,3,4.15,11,26,TRUE
Male,Disloyal Customer,33,Business Travel,Business,96,3,3,3,2,1,3,1,1,4,5,4,4,1,2.69,0,0,FALSE
Female,Loyal Customer,41,Business Travel,Business,1796,4,4,4,4,5,5,4,5,5,5,5,3,3,4.31,0,0,TRUE
Male,Loyal Customer,67,Personal Travel,Eco,895,2,4,2,1,3,2,3,3,4,4,1,3,3,2.69,0,5,FALSE
Male,Disloyal Customer,24,Business Travel,Business,432,5,5,5,3,3,5,3,3,3,2,5,4,3,3.77,0,0,TRUE
Female,Loyal Customer,31,Personal Travel,Eco,1024,3,4,3,4,4,3,4,4,4,4,2,1,4,3.38,67,57,FALSE
Female,Disloyal Customer,25,Business Travel,Business,1197,2,5,1,2,2,1,2,2,4,2,4,5,2,2.62,0,0,FALSE
Male,Loyal Customer,67,Business Travel,Business,369,2,3,3,3,4,3,4,2,2,2,2,1,4,2.69,0,0,FALSE
Female,Loyal Customer,68,Personal Travel,Eco,109,3,4,0,4,2,4,5,4,4,0,4,3,3,3.08,25,19,FALSE
Female,Disloyal Customer,36,Business Travel,Eco,954,1,1,1,3,1,2,2,2,1,1,1,2,2,1.54,0,0,FALSE
Female,Loyal Customer,37,Business Travel,Business,356,5,5,5,5,2,5,4,4,4,4,4,4,3,4.15,0,0,TRUE
Female,Loyal Customer,66,Business Travel,Business,2286,2,4,4,4,3,4,4,2,2,2,2,2,3,2.92,53,37,FALSE
Female,Disloyal Customer,23,Business Travel,Eco,411,2,3,2,3,2,2,2,2,3,1,2,4,2,2.31,0,0,FALSE
Male,Loyal Customer,42,Business Travel,Business,3821,1,5,5,5,4,3,4,1,1,1,1,2,1,2.62,0,12,FALSE
Female,Loyal Customer,54,Business Travel,Business,2923,4,4,4,4,3,4,4,5,5,5,5,3,4,4.15,0,0,TRUE
Female,Disloyal Customer,27,Business Travel,Business,468,4,4,4,1,5,4,5,5,5,3,5,5,5,4.23,0,0,FALSE
Male,Loyal Customer,43,Business Travel,Business,997,1,1,4,1,3,4,4,5,5,5,5,4,5,3.62,0,0,TRUE
Female,Loyal Customer,22,Business Travel,Business,965,1,1,3,1,5,5,5,5,5,2,1,5,5,3.38,60,61,TRUE
Male,Loyal Customer,30,Business Travel,Business,3791,5,5,4,5,2,2,2,2,4,5,5,5,2,3.69,0,3,TRUE
Female,Loyal Customer,43,Business Travel,Business,1788,3,3,3,3,3,4,5,5,5,5,5,4,3,3.92,12,11,TRUE
Female,Loyal Customer,22,Business Travel,Business,746,3,5,5,5,3,3,3,3,4,1,4,4,3,3.54,0,0,FALSE
Female,Loyal Customer,37,Personal Travel,Eco,649,3,1,3,4,5,3,5,5,1,3,4,2,5,3.38,0,2,FALSE
Male,Loyal Customer,39,Business Travel,Business,3267,3,3,3,3,2,5,5,5,5,5,5,5,5,4.15,15,7,TRUE
Male,Disloyal Customer,20,Business Travel,Business,782,5,0,5,2,2,5,2,2,3,3,5,5,2,3.15,100,92,TRUE
Female,Loyal Customer,60,Business Travel,Business,3814,1,1,1,1,4,5,4,5,5,5,4,4,4,3.38,1,0,TRUE
Male,Loyal Customer,63,Personal Travel,Eco,1086,1,2,1,2,2,1,2,2,3,3,2,4,2,2.08,90,78,FALSE
Female,Loyal Customer,38,Business Travel,Business,2977,2,3,1,3,4,4,4,2,2,2,2,4,4,2.85,12,7,FALSE
Male,Loyal Customer,9,Business Travel,Business,2776,3,3,3,3,3,3,3,3,2,2,3,2,3,2.77,0,9,FALSE
Male,Loyal Customer,56,Business Travel,Eco,352,5,4,4,4,5,5,5,5,2,3,3,1,5,3.92,0,2,TRUE
Male,Loyal Customer,42,Business Travel,Eco,109,4,2,2,2,4,4,4,4,5,2,3,5,4,3.46,0,0,TRUE
Male,Disloyal Customer,20,Business Travel,Eco Plus,106,2,1,2,1,5,2,5,5,1,2,1,2,5,2.62,10,10,FALSE
Female,Loyal Customer,43,Personal Travel,Eco,1183,3,4,3,4,3,3,4,1,1,3,1,4,5,3,5,2,FALSE
Female,Loyal Customer,64,Personal Travel,Eco,484,3,3,3,4,5,4,3,4,4,3,4,1,3,3.38,4,4,FALSE
Male,Loyal Customer,44,Business Travel,Business,3107,1,1,1,1,3,4,4,5,5,5,5,3,3,3.15,0,0,TRUE
Female,Loyal Customer,46,Business Travel,Business,457,5,5,5,5,1,3,4,4,4,5,4,3,4,4,14,15,TRUE
Male,Loyal Customer,51,Personal Travel,Eco,325,3,4,3,4,2,3,2,2,1,1,4,3,2,2.62,0,0,FALSE
Female,Loyal Customer,59,Personal Travel,Eco,501,3,4,4,3,2,5,5,1,1,4,1,3,5,3.15,0,9,FALSE
Male,Loyal Customer,25,Business Travel,Business,542,4,4,4,4,3,3,3,3,3,5,4,3,3,3.54,0,0,TRUE
Male,Loyal Customer,40,Personal Travel,Eco,237,4,4,4,1,4,4,4,4,3,5,5,4,4,3.85,0,0,FALSE
Female,Loyal Customer,33,Personal Travel,Eco,128,1,5,1,2,5,1,5,5,4,3,5,3,5,3.46,77,79,FALSE
Male,Loyal Customer,36,Personal Travel,Eco,1709,2,5,2,5,3,2,3,3,5,3,3,5,3,3.38,1,0,FALSE
Male,Loyal Customer,57,Personal Travel,Eco Plus,954,3,3,3,4,2,3,2,2,3,3,3,1,2,2.62,0,11,FALSE
Male,Loyal Customer,30,Personal Travel,Eco Plus,1034,2,4,2,2,5,2,5,5,4,5,5,4,5,3.85,0,0,FALSE
Male,Loyal Customer,47,Personal Travel,Eco,429,2,5,2,2,4,2,4,4,4,3,1,5,4,3.23,5,6,FALSE
Female,Disloyal Customer,56,Business Travel,Business,158,1,1,1,2,3,1,3,3,3,4,5,5,3,2.69,47,49,FALSE
Male,Disloyal Customer,21,Business Travel,Eco,1440,1,2,2,1,1,1,1,1,5,2,2,1,1,1.62,139,139,FALSE
Male,Disloyal Customer,29,Business Travel,Business,761,3,3,3,1,2,3,2,2,3,2,4,5,2,2.69,0,0,FALSE
Female,Loyal Customer,51,Personal Travel,Eco,849,4,4,4,5,4,4,5,5,5,4,5,3,4,4.31,0,0,FALSE
Male,Loyal Customer,35,Business Travel,Business,2321,1,1,1,1,4,1,3,4,4,4,4,2,4,2.62,0,6,TRUE
Female,Loyal Customer,21,Personal Travel,Eco,529,5,5,5,1,4,5,3,4,5,5,4,4,4,4.15,0,0,TRUE
Female,Loyal Customer,29,Business Travel,Eco,936,4,1,1,1,4,4,4,1,3,3,5,4,4,3,195,184,TRUE
Female,Loyal Customer,40,Business Travel,Business,2652,1,1,1,1,2,1,1,4,4,4,4,3,5,2.46,0,0,TRUE
Male,Loyal Customer,39,Business Travel,Business,1819,1,5,5,5,3,1,2,1,1,1,1,4,4,2.62,105,127,FALSE
Female,Loyal Customer,71,Business Travel,Eco,1011,2,2,2,2,4,5,4,2,2,2,2,5,2,2.77,0,0,TRUE
Male,Disloyal Customer,20,Business Travel,Eco,1383,3,3,3,3,5,3,5,5,4,5,4,4,5,4,0,0,FALSE
Female,Loyal Customer,43,Business Travel,Business,1023,3,3,3,3,4,4,5,5,5,5,5,3,3,3.92,0,4,TRUE
Female,Loyal Customer,60,Business Travel,Business,1546,5,5,5,5,3,4,5,5,5,5,5,5,3,4.62,4,0,TRUE
Male,Loyal Customer,7,Personal Travel,Eco,931,1,4,1,2,1,1,1,1,5,3,4,4,1,2.23,0,0,FALSE
Male,Loyal Customer,59,Personal Travel,Business,544,5,5,5,1,4,5,5,3,3,5,3,2,3,3.77,0,4,TRUE
Female,Disloyal Customer,38,Business Travel,Business,248,2,2,2,4,4,2,4,4,5,4,4,5,4,3.54,0,0,TRUE
Male,Disloyal Customer,18,Business Travel,Eco,655,3,2,3,3,4,3,4,4,3,3,3,2,4,3.15,0,0,FALSE
Male,Loyal Customer,22,Personal Travel,Eco,1947,3,4,3,5,1,3,1,1,4,5,5,3,1,3,6,0,FALSE
Male,Loyal Customer,21,Personal Travel,Eco,1107,2,4,2,5,5,2,1,5,5,5,4,4,5,3.77,0,0,FALSE
Male,Loyal Customer,39,Personal Travel,Eco,473,3,3,3,3,2,3,5,2,1,1,3,3,2,2.62,0,4,FALSE
Female,Loyal Customer,59,Business Travel,Business,1947,4,4,4,4,3,4,5,3,3,4,3,3,5,3.77,5,0,TRUE
Male,Loyal Customer,50,Business Travel,Business,3447,3,3,3,3,4,5,5,4,4,4,4,3,4,3.77,8,0,TRUE
Male,Loyal Customer,50,Business Travel,Business,331,0,1,1,2,4,5,4,4,4,4,4,5,5,3.31,0,0,TRUE
Male,Loyal Customer,50,Personal Travel,Eco Plus,147,2,4,2,3,3,2,3,3,5,3,5,4,3,3.23,0,0,FALSE
Male,Loyal Customer,42,Personal Travel,Eco,775,5,5,5,2,2,5,2,2,5,3,3,2,2,3.31,0,0,TRUE
Female,Disloyal Customer,39,Business Travel,Eco Plus,686,3,3,3,1,1,3,1,1,2,2,2,4,1,2.08,0,0,FALSE
Male,Loyal Customer,34,Personal Travel,Eco,337,4,4,4,3,2,4,2,2,1,4,1,1,2,2.62,29,31,FALSE
Male,Loyal Customer,35,Personal Travel,Eco,646,3,1,3,3,3,3,3,3,2,3,2,3,3,2.69,0,0,FALSE
Female,Loyal Customer,67,Personal Travel,Eco,341,3,5,3,3,2,5,5,2,2,3,2,3,5,3.31,0,27,FALSE
Male,Loyal Customer,66,Business Travel,Business,577,4,3,3,3,3,4,3,4,4,4,4,2,3,3.38,0,0,FALSE
Female,Loyal Customer,41,Business Travel,Business,2874,0,0,0,4,2,5,5,1,1,1,1,4,3,2.08,57,42,TRUE
Female,Loyal Customer,56,Business Travel,Eco,1147,4,1,3,3,5,3,3,4,4,4,4,3,2,3.31,44,36,FALSE
Male,Loyal Customer,19,Personal Travel,Eco,2454,4,2,4,4,4,5,5,3,2,3,4,5,5,3.85,0,0,FALSE
Male,Loyal Customer,69,Personal Travel,Eco,746,3,4,3,5,5,3,5,5,4,4,5,5,5,4.31,13,4,FALSE
Male,Loyal Customer,24,Personal Travel,Eco,329,2,4,2,3,2,2,2,2,4,5,4,2,2,2.77,0,0,FALSE
Female,Loyal Customer,33,Business Travel,Business,502,1,1,1,1,5,3,3,1,1,1,1,3,2,1.85,9,7,FALSE
Female,Loyal Customer,58,Business Travel,Business,2563,5,5,5,5,4,5,4,4,4,4,5,5,5,4.62,0,0,TRUE
Female,Loyal Customer,30,Business Travel,Business,205,0,5,0,4,2,2,2,2,3,5,3,3,2,2.54,0,0,TRUE
Male,Loyal Customer,7,Personal Travel,Eco,592,3,5,4,1,4,4,4,4,3,4,2,5,4,3.62,0,0,FALSE
Female,Loyal Customer,51,Business Travel,Eco,529,4,5,5,5,4,4,4,2,1,2,3,4,4,3.62,329,395,TRUE
Female,Disloyal Customer,28,Business Travel,Business,522,3,3,3,4,5,3,5,5,5,2,4,3,5,3.85,77,82,FALSE
Male,Loyal Customer,41,Business Travel,Eco,1739,1,1,1,1,1,1,1,1,3,5,2,2,1,1.62,37,54,FALSE
Male,Loyal Customer,45,Business Travel,Business,1428,4,4,4,4,2,5,5,4,4,5,4,5,4,4.15,0,0,TRUE
Female,Disloyal Customer,25,Business Travel,Business,1199,5,5,5,3,1,5,1,1,5,4,4,3,1,3.31,11,0,TRUE
Female,Loyal Customer,35,Personal Travel,Eco,423,2,3,2,2,4,2,4,4,5,1,4,2,4,3,8,1,FALSE
Female,Loyal Customer,11,Personal Travel,Eco,414,1,3,1,1,5,1,5,5,3,2,1,2,5,2.69,40,29,FALSE
Female,Loyal Customer,60,Business Travel,Business,1047,1,1,5,1,4,5,4,4,4,4,4,5,5,3.62,0,0,TRUE
Male,Loyal Customer,50,Personal Travel,Eco Plus,368,3,2,3,3,4,3,4,4,2,3,4,2,4,3.15,106,99,FALSE
Female,Disloyal Customer,37,Business Travel,Eco,859,3,3,3,4,5,3,5,5,1,5,3,4,5,3.77,17,22,FALSE
Female,Loyal Customer,60,Personal Travel,Eco Plus,867,2,2,2,3,3,4,3,1,1,2,1,1,3,2.15,0,0,FALSE
Male,Loyal Customer,34,Personal Travel,Eco,775,2,4,2,4,5,2,5,5,1,2,4,4,5,3.46,112,118,FALSE
Female,Loyal Customer,51,Business Travel,Business,304,4,4,4,4,4,5,5,5,5,5,5,3,3,4.31,3,2,TRUE
Male,Loyal Customer,41,Business Travel,Business,362,2,2,2,2,5,5,5,4,4,4,4,5,3,3.62,1,0,TRUE
Female,Loyal Customer,44,Business Travel,Business,3060,3,3,4,3,2,4,5,5,5,5,5,5,4,4.08,23,15,TRUE
Female,Disloyal Customer,25,Business Travel,Eco,454,2,3,2,4,1,2,1,1,5,2,3,5,1,2.46,15,9,FALSE
Male,Loyal Customer,64,Personal Travel,Eco,2409,4,3,5,4,5,5,5,5,1,3,1,5,5,3.92,0,0,FALSE
Male,Disloyal Customer,40,Business Travel,Business,557,1,0,0,3,4,0,4,4,4,5,5,3,4,2.85,1,5,FALSE
Female,Loyal Customer,27,Personal Travel,Eco,1091,4,5,4,3,4,4,1,4,1,4,3,2,4,3.31,7,0,FALSE
Male,Loyal Customer,29,Business Travel,Business,1450,4,4,4,4,5,5,5,5,4,5,5,4,5,4.54,2,0,TRUE
Female,Loyal Customer,29,Business Travel,Business,3895,5,5,5,5,4,4,4,4,5,5,5,4,4,4.54,77,58,TRUE
Male,Loyal Customer,68,Personal Travel,Eco Plus,399,4,4,4,5,4,4,1,4,4,4,5,5,4,4,4,4,FALSE
Female,Disloyal Customer,26,Business Travel,Eco,834,4,4,4,3,3,4,3,3,1,3,2,3,3,3.08,1,18,FALSE
Female,Loyal Customer,36,Business Travel,Business,925,3,3,3,3,5,5,4,3,3,4,3,4,3,3.54,34,56,TRUE
Male,Loyal Customer,47,Business Travel,Business,1706,1,1,1,1,4,5,5,5,5,5,5,3,3,3.38,0,14,TRUE
Female,Loyal Customer,67,Personal Travel,Eco,946,2,2,2,3,2,4,3,3,3,2,3,3,1,2.54,0,0,FALSE
Female,Loyal Customer,46,Business Travel,Business,3538,1,1,1,1,5,1,1,5,5,5,5,1,1,2.54,0,0,TRUE
Male,Loyal Customer,47,Business Travel,Business,2586,3,4,4,4,3,3,3,2,5,2,2,3,3,3.15,30,4,FALSE
Female,Loyal Customer,59,Business Travel,Business,3085,2,2,2,2,2,5,5,4,4,4,4,4,5,3.46,0,0,TRUE
Female,Loyal Customer,52,Personal Travel,Eco,551,3,2,2,3,1,3,3,1,1,2,1,2,4,2.15,0,0,FALSE
Female,Disloyal Customer,35,Business Travel,Eco Plus,213,1,1,1,4,3,1,3,3,1,4,3,1,3,2.23,0,5,FALSE
Female,Loyal Customer,8,Personal Travel,Eco Plus,999,3,1,3,2,5,3,2,5,3,5,2,1,5,3.08,0,0,FALSE
Male,Loyal Customer,66,Personal Travel,Business,1062,3,3,3,2,5,5,2,4,4,3,4,1,1,3.08,0,0,FALSE
Male,Loyal Customer,69,Personal Travel,Eco,1990,4,2,3,4,1,3,4,1,2,5,3,1,1,2.62,0,0,FALSE
Male,Loyal Customer,28,Business Travel,Eco Plus,1162,4,3,3,3,4,4,4,4,3,2,2,2,4,3.23,0,0,FALSE
Female,Disloyal Customer,68,Personal Travel,Eco,192,3,5,0,3,1,0,4,1,4,3,5,3,1,2.54,84,73,FALSE
Male,Loyal Customer,31,Business Travel,Business,3737,5,5,5,5,4,4,4,4,2,2,3,4,4,3.92,70,59,TRUE
Male,Loyal Customer,49,Personal Travel,Eco,387,4,4,4,5,3,4,3,3,3,5,5,3,3,3.77,0,0,FALSE
Female,Loyal Customer,27,Personal Travel,Eco,213,2,0,0,4,3,0,2,3,3,5,5,3,3,2.54,0,0,FALSE
Male,Disloyal Customer,39,Business Travel,Eco,395,2,2,2,3,3,2,3,3,4,5,3,1,3,2.77,59,57,FALSE
Female,Loyal Customer,42,Business Travel,Business,533,3,4,4,4,2,3,4,3,3,3,3,4,2,3.23,0,0,FALSE
Male,Loyal Customer,42,Business Travel,Eco,230,4,1,1,1,4,4,4,4,5,4,4,4,4,3.38,53,47,TRUE
Female,Loyal Customer,50,Business Travel,Business,2360,0,0,0,1,2,5,5,4,4,4,4,5,3,2.85,13,17,TRUE
Female,Loyal Customer,43,Business Travel,Business,2279,2,2,2,2,4,4,4,4,4,4,4,3,5,3.38,0,0,TRUE
Female,Loyal Customer,31,Personal Travel,Eco,1797,2,3,2,1,2,2,2,2,4,1,3,2,2,2.15,90,73,FALSE
Male,Disloyal Customer,42,Business Travel,Business,1009,2,2,2,3,2,2,2,2,5,2,5,5,2,2.77,10,0,FALSE
Female,Loyal Customer,56,Business Travel,Eco,1096,2,2,2,2,5,3,3,2,2,2,2,4,4,2.69,8,0,FALSE
Male,Loyal Customer,57,Business Travel,Business,719,5,5,5,5,4,5,4,5,5,5,5,3,3,4.54,0,0,TRUE
Male,Loyal Customer,16,Personal Travel,Eco,1075,5,2,5,3,4,5,4,4,3,5,3,2,4,3.77,0,0,TRUE
Male,Loyal Customer,49,Business Travel,Business,2383,5,5,5,5,2,5,5,5,5,5,5,4,4,4.62,29,43,TRUE
Female,Loyal Customer,35,Business Travel,Eco,472,5,2,2,2,5,5,5,5,2,2,5,5,5,3.85,0,1,TRUE
Female,Loyal Customer,29,Personal Travel,Eco,270,1,1,1,3,5,1,2,5,1,3,4,2,5,2.62,46,46,FALSE
Male,Disloyal Customer,37,Business Travel,Business,296,4,4,4,1,1,4,1,1,5,4,5,5,1,3.08,36,36,TRUE
Female,Loyal Customer,52,Personal Travel,Eco Plus,748,3,5,3,1,3,4,5,3,3,3,3,5,3,3.38,115,124,FALSE
Male,Loyal Customer,42,Business Travel,Business,3592,3,3,3,3,5,5,4,5,5,4,5,5,5,4.23,0,0,TRUE
Female,Loyal Customer,42,Business Travel,Business,789,4,4,4,4,2,2,2,4,5,5,4,2,2,3.38,137,125,TRUE
Male,Disloyal Customer,23,Business Travel,Eco,179,4,0,4,1,1,4,1,1,4,1,3,3,1,2.15,0,0,FALSE
Male,Loyal Customer,35,Business Travel,Business,296,3,3,3,3,4,5,5,4,4,4,4,5,4,3.92,0,0,TRUE
Female,Loyal Customer,43,Business Travel,Business,2075,1,1,1,1,2,4,4,5,5,5,5,3,4,3.15,50,31,TRUE
Male,Loyal Customer,58,Business Travel,Business,992,1,1,1,1,3,5,5,5,5,4,5,5,4,3.46,0,0,TRUE
Male,Disloyal Customer,23,Business Travel,Business,216,0,0,0,4,1,0,1,1,3,5,5,3,1,1.85,0,0,TRUE
Female,Disloyal Customer,20,Business Travel,Eco,223,3,0,3,1,5,3,5,5,3,4,4,4,5,3.46,3,0,FALSE
Male,Loyal Customer,31,Personal Travel,Eco,2447,1,0,1,4,2,1,2,2,4,1,4,5,2,2.23,2,0,FALSE
Female,Loyal Customer,27,Personal Travel,Eco,628,1,4,1,2,3,1,3,3,3,3,4,5,3,2.77,60,53,FALSE
Male,Disloyal Customer,27,Business Travel,Business,678,1,1,1,4,3,1,3,3,5,3,5,5,3,2.92,0,0,FALSE
Female,Loyal Customer,34,Business Travel,Eco,125,4,2,2,2,4,4,4,4,3,2,4,2,4,3.15,0,0,FALSE
Female,Loyal Customer,55,Business Travel,Business,356,1,1,1,1,3,4,5,5,5,4,5,5,4,3.38,4,0,TRUE
Female,Disloyal Customer,21,Business Travel,Eco,1416,1,1,1,3,2,1,2,2,2,4,5,3,2,2.23,16,5,FALSE
Female,Disloyal Customer,66,Business Travel,Business,584,3,3,3,3,3,3,3,3,2,1,4,3,3,2.85,0,0,FALSE
Male,Loyal Customer,63,Business Travel,Business,468,3,3,3,3,5,4,4,5,5,5,5,3,3,3.92,1,0,TRUE
Female,Loyal Customer,29,Business Travel,Business,2133,4,4,4,4,2,2,2,2,3,5,4,4,2,3.23,5,0,TRUE
Male,Loyal Customer,50,Personal Travel,Eco,403,3,2,3,4,4,3,4,4,3,2,4,2,4,3.23,11,26,FALSE
Female,Loyal Customer,43,Business Travel,Business,2430,5,5,5,5,5,4,4,5,5,5,4,3,3,4.46,3,6,TRUE
Female,Loyal Customer,51,Business Travel,Business,3958,2,2,3,2,2,4,4,4,4,4,4,5,4,3.38,47,53,TRUE
Male,Loyal Customer,36,Personal Travel,Eco,641,3,4,3,3,3,3,2,3,5,4,4,5,3,3.46,0,0,FALSE
Female,Loyal Customer,33,Business Travel,Business,3227,5,5,5,5,4,5,5,5,5,5,5,3,5,4.77,0,7,TRUE
Male,Loyal Customer,23,Business Travel,Eco Plus,1217,4,2,4,4,4,4,5,4,5,4,1,4,4,3.77,29,19,TRUE
Male,Loyal Customer,48,Personal Travel,Eco,308,3,3,3,3,1,3,4,1,1,3,4,1,1,2.38,0,0,FALSE
Female,Disloyal Customer,29,Business Travel,Business,1488,2,2,2,5,2,2,2,2,4,3,5,3,2,2.77,0,0,FALSE
Female,Loyal Customer,45,Personal Travel,Eco Plus,612,1,4,1,5,5,4,4,3,3,1,4,4,4,3.31,0,0,FALSE
Male,Loyal Customer,22,Personal Travel,Eco,1635,3,2,3,4,4,3,4,4,3,3,4,4,4,3.46,30,7,FALSE
Male,Loyal Customer,45,Personal Travel,Eco,337,3,4,3,4,4,3,4,4,3,4,4,1,4,3.46,41,29,FALSE
Female,Loyal Customer,54,Business Travel,Business,2663,2,4,3,4,2,3,4,2,2,2,2,4,4,2.92,34,41,FALSE
Female,Loyal Customer,39,Business Travel,Business,2755,2,3,3,3,4,3,4,2,2,2,2,3,1,2.62,28,30,FALSE
Female,Loyal Customer,41,Business Travel,Business,1729,1,1,5,1,3,4,4,3,3,4,3,4,3,3,100,87,TRUE
Female,Loyal Customer,29,Personal Travel,Eco,331,3,5,3,4,4,3,4,4,4,4,5,4,4,3.92,0,0,FALSE
Male,Loyal Customer,63,Personal Travel,Eco,358,3,2,3,3,2,3,2,2,4,1,3,1,2,2.38,1,0,FALSE
Male,Loyal Customer,53,Business Travel,Business,199,1,1,1,1,5,1,3,5,5,5,5,2,2,2.85,21,14,TRUE
Female,Disloyal Customer,30,Business Travel,Eco,612,3,1,3,4,3,3,3,3,3,4,4,1,3,2.92,0,0,FALSE
Male,Disloyal Customer,25,Business Travel,Eco,577,3,3,3,4,2,3,2,2,3,4,4,3,2,2.92,6,0,FALSE
Female,Loyal Customer,31,Business Travel,Business,216,1,3,4,4,4,4,1,4,1,1,3,4,4,2.92,81,71,FALSE
Male,Loyal Customer,29,Personal Travel,Eco,1123,1,3,1,3,1,1,1,1,2,4,1,1,1,1.62,13,21,FALSE
Female,Loyal Customer,37,Business Travel,Business,1910,5,5,5,5,5,4,4,3,3,4,3,4,5,4.23,6,0,TRUE
Male,Loyal Customer,41,Business Travel,Business,1440,1,1,1,1,2,4,4,2,2,2,2,4,3,2.23,5,0,TRUE
Female,Disloyal Customer,27,Business Travel,Eco,355,3,3,3,2,2,3,2,2,5,4,1,5,2,2.85,0,0,FALSE
Female,Disloyal Customer,39,Business Travel,Business,265,3,3,3,4,3,3,1,3,4,1,4,1,3,2.77,23,25,FALSE
Male,Loyal Customer,41,Business Travel,Business,861,5,5,5,5,3,3,2,4,4,4,4,4,4,4,29,30,TRUE
Male,Loyal Customer,41,Business Travel,Business,2504,1,1,5,1,4,4,5,4,4,4,4,5,5,3.62,0,0,TRUE
Female,Loyal Customer,50,Business Travel,Business,3782,4,4,4,4,5,4,3,4,4,4,4,1,1,3.54,3,4,FALSE
Male,Loyal Customer,40,Personal Travel,Eco,309,1,5,1,3,3,1,3,3,3,3,5,4,3,2.92,0,0,FALSE
Female,Disloyal Customer,34,Business Travel,Eco,507,1,1,1,4,3,1,3,3,3,1,3,2,3,2.23,0,0,FALSE
Male,Loyal Customer,38,Personal Travel,Eco,1246,5,5,5,5,4,5,4,4,4,4,5,3,4,4.38,0,0,TRUE
Female,Loyal Customer,36,Business Travel,Business,1518,2,2,2,2,3,4,5,3,3,3,3,1,2,2.69,0,0,TRUE
Male,Disloyal Customer,26,Business Travel,Business,632,3,4,4,1,1,4,1,1,4,3,5,4,1,2.77,3,0,FALSE
Female,Disloyal Customer,41,Business Travel,Business,280,3,3,3,4,4,3,4,4,1,3,4,1,4,3.15,9,17,FALSE
Female,Loyal Customer,32,Personal Travel,Eco,1744,3,0,3,2,5,3,5,5,3,2,5,4,5,3.46,0,0,FALSE
Male,Disloyal Customer,26,Business Travel,Eco,862,4,4,4,4,2,4,4,2,3,1,4,2,2,3.08,23,12,FALSE
Male,Loyal Customer,16,Personal Travel,Eco,1927,4,4,4,3,1,4,1,1,5,5,3,3,1,3,0,0,TRUE
Female,Loyal Customer,48,Business Travel,Business,2812,1,4,4,4,5,4,3,1,1,1,1,3,2,2.62,0,0,FALSE
Female,Loyal Customer,35,Business Travel,Eco,1235,4,4,5,4,4,4,4,4,4,4,2,5,4,4,0,0,TRUE
Female,Loyal Customer,41,Business Travel,Business,1345,2,2,2,2,1,4,3,2,2,1,2,1,3,2.08,7,5,FALSE
Male,Loyal Customer,43,Business Travel,Business,2232,2,4,4,4,4,4,3,3,3,3,2,2,4,3.23,0,0,FALSE
Female,Loyal Customer,42,Business Travel,Business,3224,5,5,5,5,5,4,4,5,5,5,5,4,4,4.69,75,75,TRUE
Male,Loyal Customer,30,Business Travel,Business,449,4,1,3,3,4,3,4,4,2,4,3,1,4,3.08,102,95,FALSE
Female,Disloyal Customer,26,Business Travel,Business,228,2,2,2,2,2,1,1,3,4,2,3,1,1,2,157,153,FALSE
Male,Loyal Customer,60,Business Travel,Eco Plus,667,4,2,3,3,4,4,4,4,5,1,1,3,4,3.23,1,0,TRUE
Female,Loyal Customer,35,Business Travel,Eco,143,3,2,1,2,3,4,3,3,3,1,2,5,3,2.69,3,0,TRUE
Female,Loyal Customer,46,Personal Travel,Eco,226,3,4,3,3,5,5,4,4,4,3,4,3,5,3.85,0,0,FALSE
Female,Loyal Customer,17,Business Travel,Eco,280,2,3,3,3,2,2,3,2,4,2,4,2,2,2.62,0,0,FALSE
Male,Loyal Customer,58,Business Travel,Business,1199,2,3,3,3,1,4,3,2,2,3,2,4,4,2.77,0,0,FALSE
Male,Disloyal Customer,49,Business Travel,Eco,1047,3,3,3,1,3,2,2,4,2,3,5,2,2,2.69,229,240,TRUE
Female,Loyal Customer,54,Business Travel,Business,795,1,1,1,1,2,5,4,4,4,4,4,5,4,3.08,37,32,TRUE
Male,Loyal Customer,65,Personal Travel,Eco,562,3,4,3,4,2,3,2,2,5,5,4,5,2,3.38,0,0,FALSE
Male,Disloyal Customer,62,Business Travel,Eco,545,4,4,4,3,1,4,1,1,1,1,3,4,1,2.46,0,6,FALSE
Female,Loyal Customer,45,Personal Travel,Eco,214,3,2,3,4,5,3,4,1,1,3,1,3,4,2.85,0,0,FALSE
Male,Loyal Customer,61,Business Travel,Eco Plus,1040,4,5,5,5,4,4,4,4,4,3,2,5,4,4.08,26,17,TRUE
Male,Loyal Customer,14,Personal Travel,Eco,1045,4,1,4,3,1,4,1,1,2,4,2,2,1,2.31,0,0,FALSE
Female,Loyal Customer,11,Personal Travel,Eco,862,2,3,2,3,1,2,1,1,1,1,4,4,1,2,7,0,FALSE
Female,Loyal Customer,23,Business Travel,Business,2291,5,5,5,5,5,5,5,5,3,3,4,5,5,4.62,98,98,TRUE
Male,Disloyal Customer,25,Business Travel,Eco,965,3,3,3,5,1,3,1,1,1,2,5,3,1,2.46,0,0,FALSE
Female,Loyal Customer,60,Business Travel,Business,3607,3,3,3,3,4,5,5,5,5,5,5,3,3,4,92,94,TRUE
Male,Loyal Customer,44,Business Travel,Business,1428,3,3,2,3,4,4,5,4,4,4,4,5,2,3.62,88,69,TRUE
Male,Loyal Customer,59,Business Travel,Business,3933,3,3,3,3,5,5,4,3,3,3,3,4,5,3.62,0,0,TRUE
Female,Loyal Customer,52,Business Travel,Business,480,2,3,3,3,4,3,4,2,2,2,2,3,3,2.77,22,15,FALSE
Female,Loyal Customer,56,Personal Travel,Eco,993,3,5,3,3,4,4,5,5,5,3,5,4,4,4.08,27,64,FALSE
Male,Loyal Customer,45,Business Travel,Business,594,1,4,4,4,4,4,4,1,1,1,1,3,4,2.77,0,0,FALSE
Male,Loyal Customer,12,Personal Travel,Eco,438,1,5,1,4,2,1,2,2,5,3,4,4,2,2.77,0,1,FALSE
Female,Loyal Customer,37,Personal Travel,Eco,529,3,4,3,1,4,3,4,4,4,4,5,5,4,3.69,0,0,FALSE
Female,Disloyal Customer,22,Business Travel,Business,601,5,4,5,3,1,5,1,1,4,3,4,3,1,3.08,0,0,TRUE
Male,Loyal Customer,60,Personal Travel,Eco,238,1,4,1,2,2,1,2,2,4,2,4,5,2,2.46,2,0,FALSE
Female,Loyal Customer,52,Business Travel,Business,545,5,5,5,5,5,5,4,3,3,3,3,4,5,4.23,0,0,TRUE
Male,Loyal Customer,63,Business Travel,Business,3729,1,1,5,1,3,4,5,4,4,4,4,5,4,3.46,0,0,TRUE
Female,Disloyal Customer,25,Business Travel,Eco,1358,2,2,2,3,1,2,1,1,1,2,3,5,1,2,3,15,FALSE
Female,Loyal Customer,41,Business Travel,Business,1389,5,5,5,5,5,4,4,3,3,3,3,3,5,4.08,0,0,TRUE
Female,Loyal Customer,46,Personal Travel,Eco,236,2,5,2,4,4,2,4,2,2,2,2,3,5,3,0,0,FALSE
Male,Loyal Customer,37,Business Travel,Eco Plus,123,5,1,1,1,5,5,5,5,4,4,5,1,5,3.62,0,0,TRUE
Male,Loyal Customer,56,Business Travel,Business,1765,3,3,3,3,2,5,5,4,4,4,4,5,3,3.69,0,0,TRUE
Female,Loyal Customer,44,Personal Travel,Eco,308,4,4,2,1,2,2,2,3,3,2,3,4,2,2.62,0,0,FALSE
Male,Loyal Customer,35,Personal Travel,Eco,812,2,5,2,4,5,2,5,5,3,1,3,5,5,3.62,47,33,FALSE
Male,Loyal Customer,30,Personal Travel,Eco,328,3,0,3,2,4,3,4,4,3,5,4,4,4,3.31,0,0,FALSE
Female,Loyal Customer,47,Business Travel,Business,294,2,2,2,2,4,4,5,5,5,4,5,3,5,3.69,0,0,TRUE
Male,Disloyal Customer,37,Business Travel,Eco,404,3,4,3,4,4,3,4,4,1,4,3,3,4,3.38,10,6,FALSE
Female,Loyal Customer,18,Personal Travel,Eco,888,2,5,2,4,4,2,4,4,3,2,4,3,4,3.31,14,0,FALSE
Female,Loyal Customer,66,Personal Travel,Eco,1171,2,5,2,4,5,5,4,3,3,2,3,3,5,3.54,7,0,FALSE
Female,Loyal Customer,37,Personal Travel,Eco,1035,3,5,3,3,1,3,1,1,4,2,4,4,1,2.69,0,,FALSE
Female,Loyal Customer,65,Personal Travel,Eco,414,0,3,0,4,3,3,3,3,3,0,3,4,2,2.38,0,0,TRUE
Male,Disloyal Customer,29,Business Travel,Eco,979,3,2,2,3,3,2,3,3,4,5,3,1,3,2.85,0,4,FALSE
Female,Loyal Customer,55,Business Travel,Eco,1075,4,3,3,3,1,3,4,4,4,4,4,5,4,3.54,2,1,TRUE
Female,Loyal Customer,42,Business Travel,Business,3558,0,0,0,3,2,3,1,3,3,3,3,5,2,2.15,0,0,TRUE
Male,Loyal Customer,27,Business Travel,Business,1917,4,4,4,4,4,5,4,4,3,4,5,5,4,4.15,87,99,TRUE
Female,Disloyal Customer,23,Business Travel,Eco,1068,1,1,1,3,5,1,5,5,2,3,4,3,5,3,0,0,FALSE
Female,Loyal Customer,55,Business Travel,Business,971,1,3,3,3,4,1,1,1,1,1,1,3,2,1.92,15,0,FALSE
Female,Loyal Customer,9,Personal Travel,Eco,1208,4,1,4,4,1,4,1,1,1,5,3,2,1,2.46,0,0,FALSE
Male,Loyal Customer,47,Business Travel,Business,3689,5,5,5,5,4,4,4,4,5,4,4,4,4,4.38,150,141,TRUE
Female,Disloyal Customer,49,Business Travel,Eco,241,1,0,0,4,2,0,2,2,1,2,2,1,2,1.46,0,0,FALSE
Female,Disloyal Customer,22,Business Travel,Eco,337,3,0,3,5,1,3,1,1,5,5,4,3,1,2.69,0,0,FALSE
Female,Loyal Customer,39,Business Travel,Business,748,2,4,4,4,4,4,3,2,2,2,2,4,4,3.15,21,9,FALSE
Male,Loyal Customer,47,Business Travel,Business,2233,4,4,4,4,5,5,5,5,5,5,4,4,4,4.46,0,3,TRUE
Female,Loyal Customer,22,Business Travel,Eco,842,0,5,0,1,3,0,3,3,4,1,5,1,3,2.23,37,56,TRUE
Female,Loyal Customer,47,Business Travel,Business,3919,3,4,3,3,5,5,4,5,5,5,5,3,4,4.15,0,9,TRUE
Female,Loyal Customer,27,Business Travel,Eco Plus,500,1,4,4,4,1,1,1,1,2,5,2,3,1,2.31,79,71,FALSE
Female,Loyal Customer,15,Business Travel,Business,2117,1,1,1,1,3,4,3,3,3,4,5,5,3,2.85,0,0,TRUE
Male,Loyal Customer,65,Personal Travel,Eco,227,4,5,4,4,4,4,4,4,4,4,4,4,4,4.08,9,20,FALSE
Male,Loyal Customer,27,Personal Travel,Eco,228,2,5,2,4,2,2,2,2,5,4,5,4,2,3.15,125,122,FALSE
Male,Disloyal Customer,57,Business Travel,Business,1133,3,4,4,3,4,3,3,4,4,1,3,3,4,3.31,0,0,FALSE
Male,Loyal Customer,41,Personal Travel,Eco,304,4,4,4,3,5,4,5,5,5,4,5,4,5,4.38,2,6,TRUE
Male,Loyal Customer,42,Business Travel,Business,920,2,4,4,4,5,2,3,2,2,2,2,3,4,3,0,0,FALSE
Female,Loyal Customer,10,Personal Travel,Eco,2174,2,3,2,3,4,2,4,4,4,3,3,2,4,3.08,0,4,FALSE
Female,Loyal Customer,37,Business Travel,Eco,586,3,1,1,1,3,2,3,3,3,3,3,1,3,2.31,128,126,FALSE
Female,Loyal Customer,31,Business Travel,Business,2684,3,3,3,3,4,4,4,4,3,4,4,4,4,3.62,0,5,TRUE
Male,Disloyal Customer,48,Business Travel,Business,773,5,5,5,2,1,5,1,1,5,2,5,5,1,3.31,3,15,TRUE
Male,Loyal Customer,56,Personal Travel,Eco,449,1,5,1,1,4,1,4,4,5,3,5,5,4,3.31,0,0,FALSE
Male,Loyal Customer,35,Personal Travel,Eco,696,3,4,3,4,5,3,4,5,5,2,5,5,5,4.08,6,0,FALSE
Male,Disloyal Customer,25,Business Travel,Eco,169,3,0,3,4,3,3,3,3,1,3,5,2,3,2.77,15,,FALSE
Male,Loyal Customer,53,Personal Travel,Eco,2172,3,4,3,3,3,3,3,3,5,2,5,4,3,3.38,0,0,FALSE
Male,Loyal Customer,60,Personal Travel,Eco,1626,2,3,2,1,2,2,2,2,2,3,5,4,2,2.46,0,0,FALSE
Female,Loyal Customer,54,Personal Travel,Eco Plus,2504,4,1,3,3,3,5,5,4,4,3,4,5,5,3.77,0,0,FALSE
Male,Disloyal Customer,27,Business Travel,Business,216,4,4,4,5,4,4,4,4,2,1,4,4,4,3.69,0,0,TRUE
Female,Loyal Customer,51,Personal Travel,Eco,468,1,3,1,4,4,5,4,4,4,1,4,4,3,3.23,0,0,FALSE
Female,Loyal Customer,20,Personal Travel,Eco,237,2,5,2,4,2,2,2,2,5,5,4,3,2,3.08,0,0,FALSE
Male,Loyal Customer,52,Business Travel,Business,239,4,4,4,4,5,4,5,5,5,5,5,5,3,4.46,28,30,TRUE
Male,Loyal Customer,23,Business Travel,Business,956,2,2,2,2,4,4,4,4,5,3,5,5,4,3.54,0,0,TRUE
Female,Loyal Customer,26,Personal Travel,Eco,429,3,3,5,3,2,5,2,2,3,5,2,4,2,3.15,0,1,FALSE
Male,Loyal Customer,51,Business Travel,Business,862,5,5,4,5,3,5,5,4,4,4,4,4,5,4.38,0,0,TRUE
Male,Disloyal Customer,42,Business Travel,Eco,395,2,1,2,1,2,2,2,2,1,4,2,3,2,2,0,0,FALSE
Female,Loyal Customer,38,Personal Travel,Eco,738,3,5,3,1,2,3,2,2,4,4,5,4,2,3.08,0,0,FALSE
Female,Loyal Customer,41,Business Travel,Business,2413,1,1,1,1,5,5,4,3,3,2,3,4,5,2.92,0,0,TRUE
Female,Loyal Customer,53,Business Travel,Business,2911,4,4,4,4,2,5,5,5,5,5,5,4,4,4.31,0,0,TRUE
Female,Disloyal Customer,15,Business Travel,Eco Plus,495,3,2,3,3,5,3,5,5,1,5,4,1,5,3.46,25,20,FALSE
Male,Loyal Customer,29,Business Travel,Eco Plus,844,0,0,0,1,1,0,1,1,1,2,4,5,1,1.31,0,0,TRUE
Male,Loyal Customer,41,Business Travel,Eco,145,5,2,2,2,5,5,5,5,1,3,3,2,5,3.46,0,0,TRUE
Female,Loyal Customer,18,Personal Travel,Eco,479,1,5,1,2,2,1,4,2,4,4,3,4,2,2.69,0,0,FALSE
Male,Disloyal Customer,18,Business Travel,Eco,444,2,2,3,4,3,3,3,3,2,2,3,4,3,2.85,14,7,FALSE
Male,Loyal Customer,51,Business Travel,Eco Plus,209,2,5,3,5,1,2,1,1,3,1,2,3,1,2.31,0,0,TRUE
Female,Loyal Customer,33,Business Travel,Business,2257,3,3,3,3,4,4,4,5,5,5,5,4,3,3.92,0,0,TRUE
Male,Loyal Customer,53,Personal Travel,Eco,1222,4,1,4,2,5,4,5,5,1,3,1,3,5,3.31,0,13,TRUE
Female,Loyal Customer,10,Personal Travel,Eco,337,2,5,2,3,4,2,4,4,3,1,3,5,4,3.23,51,38,FALSE
Female,Loyal Customer,47,Personal Travel,Eco,448,4,5,5,3,2,4,5,3,3,5,3,3,4,3.77,0,0,FALSE
Male,Disloyal Customer,30,Business Travel,Eco,1999,3,2,2,2,3,3,3,3,3,5,1,3,3,2.77,4,0,FALSE
Female,Disloyal Customer,38,Business Travel,Business,930,3,3,3,3,1,3,1,1,5,4,4,5,1,2.85,1,0,FALSE
Female,Loyal Customer,39,Business Travel,Business,3833,4,4,4,4,3,4,5,4,4,5,4,4,3,4,0,3,TRUE
Male,Disloyal Customer,23,Business Travel,Eco,944,1,1,1,4,3,1,3,3,1,5,4,3,3,2.54,0,8,FALSE
Female,Loyal Customer,7,Personal Travel,Eco,700,3,5,3,5,3,3,3,3,1,1,4,4,3,3.15,79,71,FALSE
Female,Loyal Customer,57,Business Travel,Business,2550,5,5,5,5,5,5,4,5,5,5,5,4,4,4.77,86,87,TRUE
Female,Loyal Customer,50,Business Travel,Business,2582,5,5,5,5,2,4,4,4,4,4,4,3,3,4,6,2,TRUE
Female,Loyal Customer,63,Business Travel,Eco,862,4,5,5,5,1,2,1,4,4,4,4,3,3,3.46,0,0,TRUE
Female,Loyal Customer,27,Personal Travel,Eco,964,1,4,1,4,2,1,2,2,5,3,4,4,2,2.69,0,0,FALSE
Female,Loyal Customer,56,Business Travel,Business,214,3,3,3,3,5,5,4,4,4,4,5,3,3,3.77,4,5,TRUE
Male,Loyal Customer,61,Personal Travel,Eco Plus,1619,3,5,3,2,1,3,1,1,4,5,5,5,1,3,4,0,FALSE
Male,Loyal Customer,13,Personal Travel,Eco Plus,1452,1,4,1,3,2,1,2,2,1,2,4,1,2,2,0,0,FALSE
Male,Disloyal Customer,15,Business Travel,Eco,910,2,2,2,4,5,2,1,5,4,3,4,2,5,3.15,9,15,FALSE
Male,Disloyal Customer,23,Business Travel,Business,1524,5,5,5,2,5,5,5,5,3,2,5,5,5,4.38,0,0,TRUE
Female,Loyal Customer,45,Business Travel,Eco Plus,1416,2,4,4,4,5,4,3,2,2,2,2,2,3,3,4,0,FALSE
Male,Loyal Customer,54,Business Travel,Business,645,4,4,4,4,3,4,5,2,2,2,2,4,4,3.38,0,3,TRUE
Male,Loyal Customer,22,Business Travel,Business,1591,4,4,4,4,2,2,2,2,3,3,5,3,2,3.08,0,0,TRUE
Female,Loyal Customer,36,Business Travel,Business,1440,2,2,4,2,3,4,4,5,5,5,5,4,4,3.77,0,0,TRUE
Female,Loyal Customer,31,Business Travel,Business,634,1,2,2,2,1,1,1,1,3,3,3,3,1,1.85,45,53,FALSE
Male,Disloyal Customer,40,Business Travel,Business,302,4,4,4,5,5,4,5,5,3,5,4,3,5,4.31,17,10,TRUE
Male,Loyal Customer,49,Business Travel,Business,551,2,4,4,4,5,4,3,2,2,2,2,4,1,3,52,32,FALSE
Male,Disloyal Customer,22,Business Travel,Business,507,0,0,0,1,3,0,3,3,4,2,5,4,3,2.15,9,3,TRUE
Male,Loyal Customer,13,Personal Travel,Eco,156,1,3,0,3,4,0,4,4,4,4,3,2,4,2.77,2,16,FALSE
Male,Loyal Customer,28,Business Travel,Business,1598,5,5,5,5,4,4,4,4,5,4,5,5,4,4.54,0,0,TRUE
Male,Loyal Customer,42,Business Travel,Business,2465,1,1,1,1,3,3,5,4,4,4,3,4,5,3,0,3,TRUE
Female,Disloyal Customer,36,Business Travel,Business,1055,4,4,4,4,1,4,1,1,4,4,4,5,1,3.15,0,0,FALSE
Female,Disloyal Customer,36,Business Travel,Business,650,3,3,3,3,4,3,2,4,5,4,5,3,4,3.54,15,13,FALSE
Male,Loyal Customer,58,Business Travel,Business,2043,4,4,4,4,3,5,4,4,4,5,4,4,3,4,0,0,TRUE
Female,Loyal Customer,60,Business Travel,Business,1089,2,4,3,4,5,4,4,2,2,2,2,1,4,3,65,47,FALSE
Female,Loyal Customer,62,Business Travel,Eco,431,3,4,4,4,4,4,4,3,3,3,3,2,4,3.46,0,14,FALSE
Female,Loyal Customer,59,Business Travel,Eco Plus,290,1,0,0,3,3,4,4,2,2,1,2,3,3,2.15,12,11,FALSE
Female,Loyal Customer,58,Business Travel,Business,550,3,3,3,3,3,4,4,2,2,2,2,5,5,3.15,0,0,TRUE
Male,Loyal Customer,25,Business Travel,Business,2944,4,4,4,4,4,4,4,4,3,5,2,3,4,3.77,0,0,TRUE
Male,Loyal Customer,69,Personal Travel,Eco,143,1,5,1,1,3,1,3,3,5,5,3,5,3,3,0,0,FALSE
Male,Loyal Customer,41,Personal Travel,Eco,569,4,4,4,3,4,4,3,4,5,2,4,4,4,3.77,14,24,FALSE
Female,Disloyal Customer,22,Business Travel,Business,409,2,1,2,2,1,2,1,1,3,5,2,1,1,1.85,5,6,FALSE
Female,Loyal Customer,21,Business Travel,Business,372,2,5,5,5,2,2,2,2,1,2,4,2,2,2.77,0,13,FALSE
Male,Loyal Customer,57,Business Travel,Business,2704,3,3,3,3,3,5,4,2,2,2,2,5,4,3.15,6,0,TRUE
Male,Loyal Customer,56,Business Travel,Business,2099,2,2,2,2,5,5,5,4,4,4,4,4,4,3.62,0,1,TRUE
Male,Loyal Customer,45,Business Travel,Eco,391,1,4,4,4,1,1,1,1,4,4,4,1,1,2.38,0,0,FALSE
Female,Loyal Customer,37,Personal Travel,Eco,151,3,4,0,5,5,0,5,5,4,3,4,4,5,3.62,0,0,FALSE
Female,Loyal Customer,49,Business Travel,Eco,431,2,3,3,3,3,3,4,2,2,2,2,2,3,2.62,0,0,FALSE
Female,Loyal Customer,41,Personal Travel,Eco,425,4,0,2,5,3,2,3,3,4,4,5,5,3,3.31,0,0,FALSE
Male,Loyal Customer,14,Personal Travel,Eco,1781,3,4,3,2,3,3,3,3,3,3,3,3,3,3,18,2,FALSE
Male,Loyal Customer,56,Personal Travel,Business,373,1,5,1,1,2,4,5,2,2,1,2,3,4,2.54,0,0,FALSE
Female,Loyal Customer,27,Personal Travel,Eco,1379,3,5,3,5,2,3,2,2,5,2,4,5,2,3.31,22,0,FALSE
Female,Loyal Customer,46,Business Travel,Eco,592,4,1,1,1,2,2,2,4,4,4,4,2,3,2.62,1,0,FALSE
Female,Disloyal Customer,38,Business Travel,Eco,525,1,0,1,5,5,1,5,5,5,3,4,4,5,3.38,0,0,FALSE
Female,Loyal Customer,40,Business Travel,Business,2165,3,3,3,3,4,3,5,4,4,4,4,4,3,3.62,0,0,TRUE
Male,Loyal Customer,39,Business Travel,Eco,425,3,4,4,4,3,3,3,3,2,4,3,3,3,3.23,0,0,FALSE
Male,Loyal Customer,44,Personal Travel,Eco,1188,3,4,4,3,1,4,1,1,3,5,5,3,1,2.92,0,0,FALSE
Male,Loyal Customer,24,Personal Travel,Eco,405,3,1,3,3,3,3,3,3,3,2,4,1,3,2.69,11,1,FALSE
Female,Loyal Customer,58,Business Travel,Business,1736,4,4,5,4,5,4,4,5,5,5,5,4,3,4.38,7,5,TRUE
Male,Loyal Customer,55,Business Travel,Business,3528,3,3,3,3,2,5,5,4,4,4,4,3,3,3.54,0,0,TRUE
Male,Loyal Customer,28,Business Travel,Business,281,1,5,5,5,1,1,1,1,1,4,4,4,1,2.62,9,13,FALSE
Male,Loyal Customer,9,Personal Travel,Eco,237,1,4,0,3,4,0,4,4,3,2,4,1,4,2.62,0,0,FALSE
Male,Loyal Customer,45,Business Travel,Business,1514,3,3,2,3,3,4,5,4,4,4,4,4,3,3.54,0,0,TRUE
Female,Loyal Customer,14,Personal Travel,Eco,2917,3,2,3,2,3,3,3,3,2,3,2,2,3,2.62,0,0,FALSE
Female,Disloyal Customer,49,Business Travel,Eco,187,1,4,1,4,4,1,4,4,1,1,3,1,4,2.54,0,0,FALSE
Male,Loyal Customer,57,Personal Travel,Eco,77,2,5,2,3,5,2,5,5,3,2,5,4,5,3.69,0,0,FALSE
Male,Disloyal Customer,39,Business Travel,Business,277,4,4,4,1,3,4,3,3,4,4,4,3,3,3.38,0,0,TRUE
Female,Disloyal Customer,19,Business Travel,Eco,584,2,4,2,3,1,2,1,1,2,4,4,1,1,2.15,0,0,FALSE
Female,Loyal Customer,33,Business Travel,Business,2763,3,3,3,3,5,4,5,5,5,5,5,4,4,4.15,12,10,TRUE
Male,Loyal Customer,52,Business Travel,Eco Plus,257,3,1,5,1,3,3,3,3,2,1,3,4,3,2.69,83,79,FALSE
Male,Loyal Customer,42,Personal Travel,Eco,1773,3,3,3,3,5,3,5,5,4,2,3,3,5,3.62,0,0,FALSE
Female,Loyal Customer,18,Personal Travel,Eco,584,3,4,3,2,3,3,3,3,3,4,5,4,3,3.31,43,47,FALSE
Female,Loyal Customer,45,Business Travel,Eco Plus,466,4,5,5,5,3,5,4,4,4,4,4,5,5,4.38,40,76,TRUE
Female,Loyal Customer,38,Personal Travel,Eco,86,1,5,1,3,3,1,3,3,1,2,2,3,3,2.38,6,0,FALSE
Female,Loyal Customer,53,Personal Travel,Eco,1562,1,1,1,1,3,1,1,1,1,1,1,4,2,1.46,0,24,FALSE
Female,Loyal Customer,46,Business Travel,Business,1411,1,1,1,1,3,5,4,5,5,5,5,5,3,3.38,0,0,TRUE
Female,Loyal Customer,46,Business Travel,Business,296,1,1,1,1,3,4,5,4,4,4,4,4,5,3.15,50,60,TRUE
Male,Loyal Customer,47,Business Travel,Business,539,5,5,5,5,2,4,4,3,3,3,3,4,5,3.92,8,2,TRUE
Female,Loyal Customer,18,Personal Travel,Eco,431,1,5,3,2,4,3,4,4,4,3,4,3,4,3.38,0,11,FALSE
Female,Loyal Customer,18,Business Travel,Business,2134,4,4,4,4,5,5,5,5,3,2,4,4,5,4.15,0,11,TRUE
Female,Loyal Customer,53,Business Travel,Eco,468,4,1,4,1,5,2,5,4,4,4,4,5,5,3.69,0,0,TRUE
Female,Loyal Customer,62,Business Travel,Business,2679,3,4,2,4,4,2,3,3,3,3,3,3,1,2.92,11,7,FALSE
Male,Disloyal Customer,23,Business Travel,Eco,333,4,0,5,3,4,5,4,4,4,3,4,4,4,3.69,2,0,TRUE
Male,Loyal Customer,55,Business Travel,Business,240,2,5,5,5,2,2,2,1,1,2,3,2,2,2.62,163,153,FALSE
Female,Loyal Customer,46,Personal Travel,Eco Plus,1199,2,3,2,1,1,1,2,3,3,2,3,3,4,2.31,0,4,FALSE
Male,Loyal Customer,63,Business Travel,Business,416,3,1,1,1,3,4,3,3,3,3,3,2,4,2.62,0,0,FALSE
Male,Disloyal Customer,47,Business Travel,Eco,74,3,1,3,4,3,3,3,3,3,3,3,1,3,2.77,54,44,FALSE
Male,Loyal Customer,52,Business Travel,Business,628,1,1,5,1,3,4,5,3,3,3,3,5,4,3.15,0,0,TRUE
Male,Disloyal Customer,32,Business Travel,Eco,680,2,2,2,4,4,2,2,4,1,2,4,1,4,2.62,0,0,FALSE
Female,Disloyal Customer,26,Business Travel,Business,802,0,0,0,1,2,0,2,2,4,4,5,5,2,2.08,0,0,TRUE
Female,Loyal Customer,69,Personal Travel,Eco,507,2,4,2,4,4,4,3,2,2,2,2,2,4,2.85,24,27,FALSE
Male,Loyal Customer,59,Business Travel,Business,429,1,1,1,1,5,1,5,4,4,4,4,2,3,2.77,48,49,TRUE
Female,Loyal Customer,19,Business Travel,Business,3000,4,4,4,4,5,5,5,5,5,5,5,5,5,4.69,2,0,TRUE
Female,Disloyal Customer,24,Business Travel,Eco,1416,2,3,3,1,1,2,1,1,3,4,5,3,1,2.31,12,0,TRUE
Male,Loyal Customer,54,Business Travel,Business,3399,5,5,5,5,5,5,5,4,4,5,4,5,5,4.77,0,0,TRUE
Male,Loyal Customer,56,Business Travel,Business,1416,1,0,0,2,2,2,2,1,1,0,1,4,2,1.38,42,23,FALSE
Female,Loyal Customer,44,Business Travel,Business,280,5,5,5,5,3,4,5,5,5,5,5,3,4,4.54,0,0,TRUE
Male,Loyal Customer,70,Personal Travel,Eco,666,4,3,4,4,1,4,1,1,2,5,3,1,1,2.62,0,0,FALSE
Male,Loyal Customer,30,Personal Travel,Eco,921,3,2,3,3,1,3,1,1,2,4,2,4,1,2.31,0,0,FALSE
Male,Loyal Customer,42,Business Travel,Business,2399,1,1,1,1,3,5,4,4,4,4,4,3,5,3.08,6,0,TRUE
Female,Loyal Customer,40,Personal Travel,Eco,2218,3,5,3,1,2,3,3,2,1,4,2,4,2,2.69,1,0,FALSE
Male,Disloyal Customer,38,Business Travel,Eco,471,3,4,3,4,3,3,3,3,4,2,4,4,3,3.31,6,15,FALSE
Male,Loyal Customer,32,Personal Travel,Eco Plus,484,2,0,3,3,5,3,5,5,5,4,5,5,5,3.85,0,0,FALSE
Female,Loyal Customer,14,Personal Travel,Eco,184,1,4,0,3,5,0,5,5,3,3,5,5,5,3.38,0,0,FALSE
Female,Loyal Customer,13,Business Travel,Business,2018,5,5,5,5,3,3,3,3,1,1,5,2,3,3.38,0,5,TRUE
Male,Loyal Customer,40,Business Travel,Business,719,5,5,5,5,4,5,4,2,2,2,2,4,3,3.69,37,36,TRUE
Male,Loyal Customer,41,Personal Travel,Eco,2116,4,5,4,3,1,4,1,1,2,1,4,2,1,2.54,1,0,FALSE
Male,Loyal Customer,53,Business Travel,Business,1389,1,2,2,2,4,4,3,1,1,1,1,4,3,2.23,0,9,FALSE
Male,Loyal Customer,42,Business Travel,Business,546,2,2,2,2,5,4,4,4,4,4,4,4,3,3.38,0,0,TRUE
Female,Loyal Customer,39,Business Travel,Business,3572,3,3,3,3,4,5,4,5,5,5,5,3,5,4.08,62,57,TRUE
Male,Loyal Customer,13,Personal Travel,Eco,163,3,5,3,1,4,3,4,4,4,2,3,4,4,3.38,0,0,FALSE
Male,Disloyal Customer,43,Business Travel,Eco,163,1,3,1,2,4,1,2,4,3,4,3,4,4,2.77,43,33,FALSE
Female,Loyal Customer,51,Business Travel,Business,1005,3,3,2,3,3,5,4,4,4,4,4,4,4,3.62,8,5,TRUE
Male,Loyal Customer,14,Personal Travel,Eco,405,4,5,4,3,3,4,3,3,2,4,3,1,3,3.23,30,37,FALSE
Female,Loyal Customer,43,Business Travel,Business,2586,1,1,3,1,4,4,4,4,5,5,5,4,4,3.46,49,45,TRUE
Male,Loyal Customer,43,Personal Travel,Eco,1357,3,2,3,3,5,3,5,5,3,4,4,2,5,3.62,6,7,FALSE
Male,Loyal Customer,50,Business Travel,Business,2391,1,2,2,2,1,1,1,2,2,3,3,1,1,1.69,120,144,FALSE
Male,Loyal Customer,41,Business Travel,Business,3728,0,0,0,3,2,5,4,2,2,2,2,5,5,2.46,3,0,TRUE
Female,Loyal Customer,22,Business Travel,Business,3278,5,5,5,5,5,5,5,5,3,2,4,4,5,4.46,15,5,TRUE
Female,Loyal Customer,24,Personal Travel,Eco,546,2,5,2,1,2,2,2,2,2,1,3,5,2,2.38,0,0,FALSE
Male,Loyal Customer,26,Business Travel,Business,837,3,2,5,2,3,3,3,3,2,1,4,1,3,2.69,18,18,FALSE
Female,Loyal Customer,39,Business Travel,Business,2117,2,2,2,2,5,4,4,3,3,3,3,5,3,3.15,0,15,TRUE
Male,Loyal Customer,38,Business Travel,Business,1721,2,5,5,5,3,4,4,2,2,2,2,1,1,2.92,91,77,FALSE
Female,Loyal Customer,19,Personal Travel,Eco,1174,3,5,3,4,2,3,2,2,4,2,5,3,2,3.08,0,0,FALSE
Female,Loyal Customer,42,Personal Travel,Eco,270,3,4,3,4,1,4,4,5,5,3,5,1,1,3.31,0,0,FALSE
Female,Loyal Customer,33,Business Travel,Eco,262,4,1,1,1,4,4,4,3,2,4,4,4,4,3.08,299,284,FALSE
Female,Loyal Customer,26,Business Travel,Business,2274,3,5,5,5,3,3,3,3,3,2,4,4,3,3.54,0,0,FALSE
Male,Loyal Customer,45,Personal Travel,Eco,1626,4,3,4,3,1,4,1,1,4,2,3,3,1,2.62,0,0,FALSE
Male,Loyal Customer,35,Business Travel,Eco,230,5,2,2,2,5,5,5,5,3,1,3,5,5,3.69,0,0,TRUE
Male,Loyal Customer,45,Business Travel,Business,1621,5,5,5,5,2,5,4,2,2,2,2,4,4,3.62,0,0,TRUE
Male,Loyal Customer,43,Business Travel,Business,1832,2,1,4,4,3,3,3,2,2,2,2,3,3,2.62,0,1,FALSE
Female,Loyal Customer,40,Personal Travel,Eco,775,3,3,3,3,3,3,3,3,1,4,4,4,3,3.08,5,6,FALSE
Male,Disloyal Customer,33,Business Travel,Business,2454,4,4,4,1,1,4,1,1,4,5,4,3,1,2.85,0,19,FALSE
Male,Loyal Customer,38,Personal Travel,Eco,1464,4,4,4,3,2,4,4,2,3,3,4,1,2,3.08,0,0,TRUE
Male,Disloyal Customer,37,Business Travel,Business,163,3,3,3,4,3,3,3,4,2,4,4,3,3,3.23,136,146,FALSE
Female,Loyal Customer,36,Business Travel,Business,581,4,1,2,1,2,3,3,4,4,4,4,4,4,3.08,0,0,FALSE
Female,Loyal Customer,36,Business Travel,Eco Plus,399,5,1,1,1,5,5,5,5,2,2,1,5,5,3.31,14,3,TRUE
Male,Disloyal Customer,44,Business Travel,Business,265,4,4,4,4,4,4,4,4,1,2,5,5,4,3.77,24,59,FALSE
Female,Loyal Customer,37,Business Travel,Business,933,3,3,3,3,5,5,2,4,4,4,4,4,5,3.77,0,0,TRUE
Male,Loyal Customer,51,Business Travel,Business,3920,3,3,3,3,3,4,4,4,4,4,4,3,4,3.54,0,25,TRUE
Female,Loyal Customer,49,Business Travel,Business,628,1,1,3,1,3,4,5,5,5,5,5,3,5,3.54,7,2,TRUE
Male,Loyal Customer,30,Personal Travel,Eco,351,2,4,2,3,4,2,4,4,3,2,4,3,4,3.15,0,11,FALSE
Male,Loyal Customer,41,Personal Travel,Eco,447,3,2,3,3,4,3,1,4,4,1,3,1,4,2.77,0,0,FALSE
Female,Disloyal Customer,57,Business Travel,Business,277,2,2,2,5,1,2,1,1,4,4,5,4,1,2.62,79,71,FALSE
Male,Loyal Customer,54,Business Travel,Business,2488,3,3,3,3,3,4,5,3,3,4,3,5,4,3.54,0,0,TRUE
Male,Loyal Customer,27,Business Travel,Eco Plus,156,3,1,1,1,3,3,3,3,2,4,4,4,3,2.69,0,9,FALSE
Male,Loyal Customer,31,Personal Travel,Eco,2125,1,3,0,4,1,0,1,1,3,3,4,3,1,1.92,29,28,FALSE
Female,Loyal Customer,63,Personal Travel,Eco,2218,3,4,3,2,3,4,4,3,3,3,5,5,5,3.62,0,0,FALSE
Male,Loyal Customer,9,Personal Travel,Eco,985,5,4,5,3,1,5,1,1,4,2,4,3,1,3,0,0,TRUE
Male,Loyal Customer,9,Business Travel,Eco,694,1,1,1,1,1,1,2,1,3,4,4,1,1,1.69,0,16,FALSE
Male,Loyal Customer,35,Business Travel,Business,2396,5,5,3,5,4,4,5,5,5,5,5,3,5,4.54,0,0,TRUE
Male,Loyal Customer,38,Business Travel,Business,1164,2,2,2,2,3,5,5,4,4,4,4,4,3,3.38,15,3,TRUE
Male,Loyal Customer,31,Business Travel,Business,500,3,3,3,3,3,4,3,3,4,4,4,5,3,3.46,0,1,TRUE
Female,Disloyal Customer,24,Business Travel,Business,1440,4,0,4,1,2,4,3,2,4,2,5,4,2,2.85,0,0,TRUE
Female,Loyal Customer,41,Personal Travel,Eco,677,3,4,3,4,1,3,1,1,3,1,4,1,1,2.31,0,0,FALSE
Female,Loyal Customer,35,Business Travel,Business,2002,3,3,3,3,4,4,2,5,5,5,5,3,3,3.69,46,46,TRUE
Female,Loyal Customer,59,Business Travel,Business,2806,5,5,5,5,4,4,5,5,5,5,5,4,4,4.69,0,0,TRUE
Male,Loyal Customer,51,Business Travel,Business,1400,3,3,3,3,3,5,4,4,4,4,4,5,4,3.77,8,0,TRUE
Male,Loyal Customer,37,Personal Travel,Business,719,3,4,3,2,4,4,5,4,4,3,4,3,3,3.54,34,20,FALSE
Female,Loyal Customer,33,Personal Travel,Eco,583,1,4,1,4,5,1,5,5,4,1,4,4,5,3.38,0,0,FALSE
Male,Loyal Customer,28,Personal Travel,Eco,867,5,5,5,4,1,5,1,1,3,2,4,3,1,3.08,52,38,TRUE
Female,Loyal Customer,70,Business Travel,Business,282,4,5,4,5,3,4,3,4,4,4,4,4,4,4,80,72,FALSE
Male,Loyal Customer,52,Business Travel,Business,1965,4,4,4,4,4,5,4,5,5,5,5,4,4,4.38,0,0,TRUE
Female,Loyal Customer,16,Business Travel,Eco Plus,1189,5,2,2,2,5,4,2,5,2,3,3,2,5,3.23,0,0,FALSE
Female,Loyal Customer,55,Business Travel,Business,1794,4,4,4,4,2,4,4,4,4,4,4,3,3,3.69,0,0,TRUE
Male,Loyal Customer,26,Personal Travel,Eco,641,3,5,3,1,3,3,3,3,3,3,5,3,3,3.15,0,0,FALSE
Female,Loyal Customer,26,Personal Travel,Eco,937,2,3,2,3,2,2,2,2,1,1,4,1,2,2.08,13,0,FALSE
Female,Loyal Customer,57,Business Travel,Business,227,5,5,5,5,5,5,4,5,5,5,5,5,3,4.77,0,0,TRUE
Female,Disloyal Customer,21,Business Travel,Eco,152,1,1,1,3,2,1,2,2,2,2,4,3,2,2,0,0,FALSE
Male,Disloyal Customer,43,Business Travel,Eco,154,1,5,1,1,5,1,5,5,4,2,5,1,5,3.15,106,103,FALSE
Male,Loyal Customer,42,Business Travel,Business,1995,1,1,2,1,5,5,5,4,4,4,4,5,4,3.46,0,0,TRUE
Male,Loyal Customer,42,Personal Travel,Eco,1258,3,4,3,2,1,3,1,1,5,4,4,4,1,2.77,28,36,FALSE
Male,Loyal Customer,45,Business Travel,Business,2936,3,2,2,2,3,3,3,3,3,3,3,4,2,2.77,3,0,FALSE
Female,Loyal Customer,56,Personal Travel,Eco,414,4,3,4,3,4,2,3,3,3,4,3,3,2,3.15,82,63,FALSE
Male,Loyal Customer,21,Personal Travel,Business,646,4,5,4,1,5,4,5,5,5,1,5,5,5,4.15,66,78,TRUE
Female,Loyal Customer,35,Business Travel,Business,1174,1,2,2,2,1,4,4,1,1,1,1,1,2,1.77,0,0,FALSE
Male,Disloyal Customer,28,Business Travel,Eco,991,1,1,1,4,1,1,1,1,2,4,4,4,1,2,113,114,FALSE
Male,Loyal Customer,48,Business Travel,Business,1724,1,4,4,4,4,3,4,1,1,1,1,3,1,2.46,15,9,FALSE
Male,Loyal Customer,38,Business Travel,Eco,1069,4,1,5,1,4,4,4,4,3,1,1,4,4,3.08,64,65,TRUE
Female,Loyal Customer,40,Business Travel,Business,1900,4,4,4,4,2,5,4,4,4,4,4,5,5,4.08,0,13,TRUE
Male,Loyal Customer,18,Personal Travel,Eco,432,4,5,4,2,3,4,3,3,4,4,4,4,3,3.62,0,0,FALSE
Female,Loyal Customer,39,Personal Travel,Eco Plus,247,3,4,3,3,3,3,3,3,4,2,4,4,3,3.23,0,0,FALSE
Female,Loyal Customer,60,Business Travel,Business,2446,3,3,5,3,3,5,5,4,4,4,4,3,3,3.77,0,,TRUE
Male,Loyal Customer,47,Personal Travel,Eco,639,3,4,3,4,3,3,5,3,3,5,5,4,3,3.69,0,0,FALSE
Female,Loyal Customer,36,Business Travel,Business,2202,3,3,3,3,3,4,3,2,2,2,3,1,2,2.62,0,0,FALSE
Female,Loyal Customer,54,Business Travel,Business,3970,5,5,5,5,3,4,5,4,4,4,4,4,5,4.38,0,0,TRUE
Male,Loyal Customer,32,Business Travel,Business,920,1,1,3,3,1,2,1,1,4,1,3,1,1,1.77,14,80,FALSE
Male,Loyal Customer,55,Business Travel,Eco,509,3,4,4,4,3,3,3,3,2,2,4,3,3,3.15,0,0,FALSE
Male,Loyal Customer,40,Personal Travel,Eco,1440,1,5,1,3,5,1,5,5,5,3,4,3,5,3.54,0,0,FALSE
Male,Loyal Customer,16,Personal Travel,Eco,1050,2,4,2,5,1,2,1,1,3,3,5,5,1,2.69,0,0,FALSE
Female,Loyal Customer,42,Business Travel,Eco,143,4,4,4,4,3,5,1,4,4,4,4,1,2,3.38,39,57,TRUE
Male,Loyal Customer,39,Personal Travel,Eco,409,2,4,2,1,2,2,2,2,3,4,5,3,2,2.62,0,0,FALSE
Female,Loyal Customer,57,Business Travel,Business,1514,2,2,2,2,4,5,5,5,5,4,5,3,3,3.62,22,21,TRUE
Female,Loyal Customer,40,Business Travel,Business,446,3,4,3,3,5,5,5,5,5,5,5,3,4,4.23,55,52,TRUE
Male,Loyal Customer,56,Business Travel,Business,3018,3,2,2,2,3,4,4,3,3,3,3,4,2,2.92,0,0,FALSE
Male,Loyal Customer,36,Business Travel,Eco,737,4,2,2,2,4,4,4,4,4,2,3,5,4,3.38,21,29,TRUE
Female,Loyal Customer,30,Business Travel,Business,1205,2,2,2,2,5,5,5,5,5,5,5,4,5,4,1,4,TRUE
Male,Loyal Customer,54,Personal Travel,Eco,837,2,4,2,1,2,2,2,2,4,5,4,4,2,2.77,11,0,FALSE
Male,Loyal Customer,39,Business Travel,Business,1303,3,1,1,1,2,4,4,3,3,3,3,2,3,2.54,0,0,FALSE
Female,Loyal Customer,44,Business Travel,Business,2178,4,4,4,4,3,5,5,5,5,5,5,3,4,4.31,46,54,TRUE
Male,Loyal Customer,46,Business Travel,Business,3752,5,5,5,5,5,4,5,4,4,4,4,5,4,4.54,10,16,TRUE
Male,Loyal Customer,56,Business Travel,Business,2414,5,5,5,5,3,5,4,4,4,4,4,5,3,4.31,0,0,TRUE
Male,Disloyal Customer,26,Business Travel,Business,230,3,5,3,3,1,3,1,1,2,5,3,5,1,2.77,30,40,FALSE
Female,Disloyal Customer,25,Business Travel,Business,580,2,0,3,3,5,3,5,5,4,3,5,3,5,3.54,0,0,FALSE
Male,Loyal Customer,47,Personal Travel,Eco,1045,1,2,1,3,3,1,3,3,3,2,4,2,3,2.38,0,0,FALSE
Male,Loyal Customer,52,Business Travel,Business,3984,3,3,3,3,5,5,4,3,3,4,3,3,5,3.62,1,6,TRUE
Female,Disloyal Customer,59,Business Travel,Business,239,3,4,4,3,2,3,2,2,3,4,4,4,2,3.08,0,0,FALSE
Male,Loyal Customer,44,Business Travel,Business,2296,1,1,2,1,2,5,4,4,4,4,4,4,5,3.15,6,0,TRUE
Female,Loyal Customer,40,Business Travel,Business,451,2,2,2,2,5,5,5,4,2,2,3,5,5,3.38,326,366,TRUE
Female,Loyal Customer,37,Business Travel,Business,3603,3,3,3,3,4,4,4,5,5,5,5,4,5,4.08,0,0,TRUE
Female,Loyal Customer,25,Business Travel,Eco Plus,563,5,2,2,2,5,5,5,5,1,3,4,4,5,3.69,6,6,TRUE
Male,Loyal Customer,23,Business Travel,Business,406,3,2,2,2,3,3,3,3,3,2,4,3,3,2.77,1,0,FALSE
Male,Loyal Customer,37,Personal Travel,Eco Plus,1303,3,4,3,3,4,3,4,4,4,3,3,3,4,3.46,0,0,FALSE
Male,Loyal Customer,46,Personal Travel,Eco,604,2,2,2,4,2,2,2,2,2,3,4,4,2,2.54,46,36,FALSE
Female,Disloyal Customer,35,Business Travel,Eco,409,2,2,2,2,5,2,5,5,4,4,2,3,5,3.31,12,9,FALSE
Male,Loyal Customer,59,Business Travel,Business,2358,5,5,5,5,2,4,5,4,4,4,4,4,5,4.31,21,19,TRUE
Female,Disloyal Customer,36,Business Travel,Business,473,3,3,3,4,4,3,4,4,5,5,5,4,4,3.92,14,5,FALSE
Male,Loyal Customer,61,Business Travel,Business,335,3,3,3,3,3,5,5,5,5,5,5,5,5,4.23,0,,TRUE
Male,Disloyal Customer,28,Business Travel,Eco,620,3,1,2,3,2,4,4,1,2,3,4,4,4,2.85,170,166,FALSE
Female,Loyal Customer,38,Business Travel,Eco,163,4,4,4,4,4,4,4,4,4,5,4,2,4,3.92,0,8,TRUE
Female,Loyal Customer,10,Business Travel,Business,2155,1,4,4,4,1,1,1,1,2,2,3,1,1,2,2,0,FALSE
Male,Loyal Customer,32,Business Travel,Business,1788,4,4,4,4,4,4,4,4,5,3,4,3,4,3.92,2,0,TRUE
Male,Loyal Customer,59,Business Travel,Business,1894,2,2,2,2,3,5,5,3,3,4,3,3,4,3.15,0,26,TRUE
Female,Loyal Customer,24,Business Travel,Business,1487,1,1,1,1,4,4,4,4,4,5,4,3,4,3.08,10,0,TRUE
Female,Loyal Customer,14,Personal Travel,Eco Plus,1044,3,3,3,4,4,3,4,4,4,5,1,1,4,3.31,3,0,FALSE
Female,Loyal Customer,33,Business Travel,Business,416,1,0,0,3,3,3,3,4,4,0,4,3,3,2.38,0,0,FALSE
Male,Loyal Customer,44,Business Travel,Eco Plus,949,4,2,2,2,4,4,4,4,2,4,5,2,4,3.31,0,0,TRUE
Female,Disloyal Customer,36,Business Travel,Eco,462,1,4,1,3,4,1,4,4,2,5,4,1,4,2.92,82,76,FALSE
Male,Loyal Customer,62,Business Travel,Business,3802,2,3,3,3,2,4,4,2,2,2,2,2,2,2.54,25,25,FALSE
Female,Loyal Customer,16,Personal Travel,Eco,545,3,2,3,2,1,3,1,1,1,3,3,1,1,1.92,3,0,FALSE
Male,Loyal Customer,58,Business Travel,Business,3770,2,2,2,2,2,5,5,5,5,5,5,3,4,3.62,0,6,TRUE
Female,Loyal Customer,55,Business Travel,Business,3158,4,4,4,4,3,3,2,5,5,5,3,3,1,3.54,0,0,TRUE
Male,Disloyal Customer,23,Business Travel,Business,1102,5,3,5,4,3,5,3,3,4,3,5,4,3,3.85,26,7,TRUE
Female,Loyal Customer,43,Personal Travel,Eco,991,4,1,4,3,1,2,3,4,4,4,1,2,3,2.77,14,0,FALSE
Female,Loyal Customer,53,Personal Travel,Eco,345,3,5,3,2,5,5,5,3,3,3,3,3,5,3.69,25,24,FALSE
Female,Loyal Customer,44,Business Travel,Business,1775,3,3,3,3,5,5,5,4,4,5,4,4,3,3.92,21,11,TRUE
Male,Loyal Customer,11,Personal Travel,Eco Plus,414,3,5,3,3,5,3,5,5,4,5,5,3,5,4.15,0,0,FALSE
Female,Loyal Customer,49,Business Travel,Eco,328,2,4,4,4,1,3,4,2,2,2,2,4,2,2.77,0,0,FALSE
Female,Loyal Customer,49,Personal Travel,Eco,802,2,4,2,4,2,3,4,5,5,2,5,3,1,3.23,9,12,FALSE
Female,Loyal Customer,56,Business Travel,Business,912,2,2,2,2,3,5,4,4,4,4,4,4,5,3.46,0,1,TRUE
Female,Loyal Customer,59,Personal Travel,Eco,997,2,5,2,2,2,1,3,4,4,2,3,5,1,2.77,0,0,FALSE
Female,Disloyal Customer,23,Business Travel,Eco,296,3,1,3,3,4,3,4,4,4,3,2,1,4,3,0,0,FALSE
Female,Disloyal Customer,23,Business Travel,Eco,581,1,5,0,4,2,0,2,2,3,3,4,4,2,2.46,0,0,FALSE
Male,Disloyal Customer,23,Business Travel,Business,1592,5,4,5,4,5,5,5,5,5,3,4,5,5,4.62,17,0,TRUE
Female,Loyal Customer,57,Business Travel,Business,2688,2,2,2,2,4,5,5,4,4,4,4,4,3,3.46,0,0,TRUE
Female,Loyal Customer,35,Business Travel,Eco Plus,230,3,5,2,5,3,3,3,3,4,5,3,3,3,3.46,31,46,FALSE
Female,Disloyal Customer,26,Business Travel,Business,442,1,5,1,3,1,1,1,1,5,2,5,4,1,2.38,3,0,FALSE
Female,Loyal Customer,52,Business Travel,Business,308,0,0,0,4,5,4,5,4,4,4,4,3,4,3.15,21,9,TRUE
Male,Loyal Customer,15,Personal Travel,Eco,446,3,2,3,3,1,3,1,1,1,4,4,4,1,2.38,9,1,FALSE
Female,Disloyal Customer,25,Business Travel,Business,2475,1,5,1,5,1,1,1,3,3,3,4,1,1,2.31,0,0,FALSE
Male,Disloyal Customer,35,Business Travel,Business,937,3,3,3,2,2,3,2,2,5,5,4,4,2,3.08,0,0,FALSE
Male,Loyal Customer,51,Business Travel,Business,2308,2,2,2,2,3,5,5,4,4,4,4,3,5,3.46,0,0,TRUE
Female,Loyal Customer,32,Business Travel,Business,110,2,1,1,1,1,1,2,1,2,4,4,3,1,1.85,4,9,FALSE
Male,Loyal Customer,20,Business Travel,Business,2517,2,2,2,2,5,5,5,5,1,4,5,1,5,3.38,13,0,TRUE
Female,Loyal Customer,46,Business Travel,Business,606,4,4,1,4,5,5,4,4,4,5,4,4,4,4,0,0,TRUE
Male,Loyal Customer,41,Business Travel,Eco Plus,1024,3,4,3,4,3,3,3,3,3,2,4,2,3,3.08,34,29,FALSE
Female,Loyal Customer,57,Personal Travel,Eco,680,2,5,2,2,2,4,4,5,5,2,2,4,5,3.38,0,0,FALSE
Male,Loyal Customer,43,Business Travel,Business,1013,1,1,4,1,3,4,5,5,5,5,5,4,4,3.62,0,0,TRUE
Female,Loyal Customer,26,Personal Travel,Eco,373,4,1,4,2,2,4,2,2,1,3,3,1,2,2.38,6,13,FALSE
Female,Disloyal Customer,25,Business Travel,Eco,109,2,2,2,4,1,2,1,1,4,4,4,1,1,2.23,3,8,FALSE
Male,Loyal Customer,58,Business Travel,Business,391,1,1,1,1,2,5,4,5,5,5,5,3,3,3.15,0,0,TRUE
Female,Loyal Customer,10,Business Travel,Eco,577,3,2,2,2,3,4,4,3,2,3,3,2,3,2.77,0,6,FALSE
Female,Loyal Customer,43,Personal Travel,Eco,356,2,4,3,3,3,5,4,5,5,3,5,3,4,3.77,0,0,FALSE
Male,Loyal Customer,10,Personal Travel,Eco,409,2,5,2,4,4,2,4,4,5,4,5,5,4,3.85,33,18,FALSE
Female,Loyal Customer,31,Business Travel,Business,550,2,2,2,2,4,4,4,4,5,5,5,3,4,3.54,0,0,TRUE
Male,Loyal Customer,15,Personal Travel,Eco,139,1,4,1,3,5,1,5,5,3,1,4,2,5,3.08,63,57,FALSE
Female,Loyal Customer,17,Personal Travel,Eco,224,4,5,4,2,2,4,1,2,4,3,5,4,2,3.23,11,,FALSE
Male,Disloyal Customer,25,Business Travel,Eco,589,3,3,3,2,2,3,2,2,3,2,2,5,2,2.62,2,13,FALSE
Female,Loyal Customer,56,Personal Travel,Eco,861,2,5,2,4,3,4,4,1,1,2,1,4,4,2.85,0,0,FALSE
Male,Disloyal Customer,20,Business Travel,Eco,345,4,1,4,3,3,4,3,3,4,2,4,3,3,3.15,42,34,TRUE
Female,Disloyal Customer,23,Business Travel,Eco,925,3,3,3,3,4,3,4,4,3,4,4,5,4,3.62,8,2,FALSE
Female,Disloyal Customer,25,Business Travel,Eco,1389,3,3,3,3,3,3,3,3,4,5,3,2,3,3.15,12,5,FALSE
Male,Loyal Customer,42,Business Travel,Business,3383,5,5,2,5,4,5,4,5,5,5,5,5,3,4.46,0,0,TRUE
Female,Loyal Customer,32,Business Travel,Eco,782,4,2,2,2,4,4,4,4,3,1,1,2,4,2.85,50,44,TRUE
Female,Loyal Customer,50,Business Travel,Business,991,3,2,2,2,2,3,3,3,3,3,3,1,2,2.46,6,7,FALSE
Female,Loyal Customer,42,Business Travel,Business,719,2,4,4,4,4,4,4,2,2,2,2,2,1,2.85,31,48,FALSE
Female,Disloyal Customer,29,Business Travel,Business,862,0,0,0,4,3,0,3,3,3,2,5,4,3,2.31,0,0,TRUE
Female,Loyal Customer,35,Personal Travel,Eco,2475,3,0,3,4,3,3,3,1,1,5,5,3,3,2.85,0,3,FALSE
Female,Loyal Customer,43,Business Travel,Business,956,2,2,2,2,5,4,5,4,4,4,4,5,3,3.54,99,90,TRUE
Female,Loyal Customer,55,Business Travel,Business,2127,4,4,4,4,4,5,4,4,4,4,4,5,3,4.08,1,0,TRUE
Female,Loyal Customer,41,Business Travel,Business,2783,0,0,0,1,5,4,4,3,3,3,3,5,5,2.77,0,4,TRUE
Female,Disloyal Customer,25,Business Travel,Eco,1086,2,2,2,2,1,2,1,1,2,3,4,4,1,2.08,0,0,FALSE
Male,Loyal Customer,23,Personal Travel,Eco,449,4,3,4,3,2,4,5,2,2,2,3,3,2,3,0,0,FALSE
Female,Loyal Customer,28,Business Travel,Eco,2419,5,2,2,2,5,5,5,5,1,4,5,2,5,3.69,0,0,TRUE
Female,Disloyal Customer,26,Business Travel,Eco Plus,1009,3,3,3,3,4,3,4,4,4,4,3,3,4,3.46,124,117,FALSE
Male,Loyal Customer,47,Business Travel,Business,2991,4,4,4,4,4,4,4,4,4,4,4,3,5,4,86,80,TRUE
Female,Loyal Customer,19,Personal Travel,Eco,679,1,4,1,5,3,1,2,3,4,5,5,4,3,3.15,0,9,FALSE
Female,Loyal Customer,67,Personal Travel,Eco,770,2,4,2,3,5,3,3,5,5,2,5,1,2,3.23,8,26,FALSE
Female,Loyal Customer,49,Business Travel,Eco,562,2,4,2,4,2,4,4,2,2,2,2,3,2,2.69,39,30,FALSE
Male,Disloyal Customer,21,Business Travel,Eco,204,2,4,2,4,3,2,3,3,4,3,4,4,3,3.15,0,0,FALSE
Female,Loyal Customer,17,Personal Travel,Eco,153,1,5,1,2,5,1,5,5,4,2,2,5,5,3.31,0,0,FALSE
Male,Loyal Customer,60,Business Travel,Business,1504,1,1,2,1,2,4,5,4,4,4,4,5,3,3.08,0,0,TRUE
Male,Loyal Customer,53,Personal Travel,Eco,1428,1,1,1,4,2,1,2,2,2,3,4,3,2,2.15,0,0,FALSE
Male,Disloyal Customer,36,Business Travel,Business,602,3,3,3,1,2,3,5,2,5,3,5,4,2,3.15,0,0,FALSE
Male,Disloyal Customer,44,Business Travel,Eco,476,2,0,2,3,2,2,2,2,1,2,1,4,2,1.92,0,0,FALSE
Female,Disloyal Customer,20,Business Travel,Eco,819,5,5,5,2,3,5,3,3,3,1,3,2,3,3.31,74,64,TRUE
Female,Loyal Customer,22,Personal Travel,Eco Plus,327,2,4,2,2,4,2,5,4,5,3,4,5,4,3.54,84,78,FALSE
Male,Loyal Customer,31,Business Travel,Business,1670,2,2,2,2,4,4,4,4,4,3,3,5,4,3.31,1,0,TRUE
Male,Loyal Customer,31,Personal Travel,Eco,980,2,5,2,4,4,2,4,4,5,2,5,5,4,3.69,3,0,FALSE
Male,Loyal Customer,43,Personal Travel,Eco,867,4,3,5,4,2,5,2,2,1,1,3,4,2,2.92,11,4,FALSE
Male,Loyal Customer,58,Business Travel,Business,2475,0,0,0,2,5,4,4,3,3,3,3,3,5,2.69,0,11,TRUE
Male,Loyal Customer,43,Business Travel,Business,1399,3,3,3,3,4,4,5,5,5,5,5,4,5,4.15,0,0,TRUE
Female,Loyal Customer,29,Personal Travel,Eco,119,1,2,1,1,3,1,4,3,2,3,2,3,3,2.23,2,0,FALSE
Female,Loyal Customer,54,Business Travel,Business,3098,1,1,1,1,3,5,5,4,4,4,4,5,4,3.23,0,0,TRUE
Female,Loyal Customer,20,Personal Travel,Eco,639,2,5,2,4,5,2,5,5,5,5,5,4,5,4.15,0,0,FALSE
Male,Loyal Customer,44,Business Travel,Business,444,3,3,3,3,4,5,4,5,5,4,5,5,5,4.15,5,0,TRUE
Male,Loyal Customer,54,Business Travel,Business,1514,3,3,3,3,2,3,3,3,3,3,3,1,4,2.85,12,10,FALSE
Female,Loyal Customer,80,Business Travel,Business,611,2,3,3,3,4,1,1,2,2,2,2,3,3,2.38,0,2,FALSE
Female,Loyal Customer,42,Business Travel,Eco,374,1,3,3,3,5,3,4,1,1,1,1,2,3,2.38,17,25,FALSE
Male,Loyal Customer,11,Personal Travel,Eco,1726,4,5,4,1,1,4,1,1,5,4,5,4,1,3.08,1,3,TRUE
Female,Loyal Customer,25,Business Travel,Business,2008,3,3,3,3,4,4,4,4,5,3,5,3,4,3.69,0,0,TRUE
Female,Loyal Customer,52,Business Travel,Business,545,5,5,5,5,3,5,5,5,5,5,5,4,3,4.62,9,6,TRUE
Male,Loyal Customer,10,Personal Travel,Eco,427,1,2,1,2,5,1,5,5,4,1,3,1,5,2.77,78,46,FALSE
Male,Loyal Customer,7,Personal Travel,Eco Plus,265,2,5,2,5,2,2,2,2,2,5,4,1,2,2.77,0,0,FALSE
Female,Loyal Customer,55,Business Travel,Business,1640,1,1,1,1,1,2,5,5,5,5,5,4,5,3.15,0,0,TRUE
Male,Loyal Customer,52,Personal Travel,Eco,446,3,4,3,3,5,3,5,5,3,3,4,3,5,3.77,15,12,FALSE
Female,Loyal Customer,41,Business Travel,Business,3870,2,3,2,2,4,5,4,5,5,5,5,3,4,3.77,0,0,TRUE
Female,Loyal Customer,23,Business Travel,Eco Plus,1111,1,2,2,2,1,1,1,1,3,2,4,4,1,1.92,8,16,FALSE
Female,Loyal Customer,44,Personal Travel,Eco,175,4,5,0,4,2,4,4,2,2,0,2,3,4,2.77,129,122,FALSE
Male,Loyal Customer,36,Business Travel,Business,1440,3,3,5,3,5,5,4,4,4,4,4,3,5,4,0,0,TRUE
Female,Disloyal Customer,21,Business Travel,Eco,1071,4,4,4,1,5,4,5,5,4,5,1,2,5,3.77,0,0,TRUE
Male,Loyal Customer,13,Personal Travel,Eco,571,2,2,2,3,2,2,2,2,3,4,2,3,2,2.38,0,0,FALSE
Male,Loyal Customer,48,Business Travel,Business,733,3,3,3,3,2,5,5,4,4,4,4,4,3,3.62,0,0,TRUE
Female,Loyal Customer,65,Personal Travel,Eco,762,3,5,3,2,5,4,5,3,3,3,1,4,5,3.54,39,20,FALSE
Male,Loyal Customer,19,Personal Travel,Eco,978,4,4,4,3,5,4,5,5,3,2,4,5,5,4.08,0,0,TRUE
Male,Loyal Customer,37,Business Travel,Business,1548,2,2,1,2,3,3,2,5,5,5,5,4,4,3.31,0,6,TRUE
Male,Loyal Customer,45,Personal Travel,Eco,737,4,5,4,1,5,4,5,5,5,2,5,5,5,4.23,2,10,FALSE
Male,Loyal Customer,60,Business Travel,Business,214,4,3,4,4,5,5,4,4,4,4,4,3,4,4,0,0,TRUE
Female,Loyal Customer,52,Business Travel,Eco,696,3,3,4,3,4,4,4,3,3,3,3,4,4,3.46,4,0,FALSE
Male,Loyal Customer,34,Business Travel,Business,2799,3,3,3,3,4,4,1,4,4,5,4,1,2,3.15,18,17,TRUE
Male,Loyal Customer,23,Personal Travel,Eco,945,4,2,4,3,2,4,5,2,3,4,3,1,2,3,0,0,TRUE
Male,Loyal Customer,46,Business Travel,Business,3894,3,1,1,1,2,4,3,3,3,2,3,1,3,2.31,0,0,FALSE
Female,Loyal Customer,49,Business Travel,Business,3995,5,5,5,5,2,5,4,5,5,5,5,3,5,4.54,0,0,TRUE
Female,Loyal Customer,36,Business Travel,Eco,637,3,4,4,4,3,4,3,3,4,4,1,4,3,3.38,114,127,TRUE
Female,Loyal Customer,40,Business Travel,Business,583,3,3,3,3,3,5,4,3,3,3,3,3,4,3.31,0,0,TRUE
Female,Loyal Customer,78,Business Travel,Eco,432,2,3,4,4,2,2,2,4,1,3,3,2,2,2.62,362,371,FALSE
Female,Loyal Customer,46,Business Travel,Business,1715,1,1,1,1,4,5,4,3,3,3,3,4,4,2.85,0,0,TRUE
Male,Loyal Customer,45,Business Travel,Business,2158,2,2,2,2,4,4,3,2,2,2,2,4,3,2.62,5,0,FALSE
Female,Loyal Customer,20,Personal Travel,Eco,447,4,1,0,4,2,0,2,2,1,5,4,4,2,2.38,87,80,TRUE
Female,Disloyal Customer,60,Business Travel,Eco,1087,1,0,0,3,5,0,5,5,1,4,2,1,5,2.46,0,0,FALSE
Male,Loyal Customer,31,Personal Travel,Eco,214,3,5,0,4,4,0,4,4,5,4,4,3,4,3.38,18,6,FALSE
Male,Loyal Customer,15,Personal Travel,Eco,1346,2,4,2,4,4,2,5,4,2,3,4,2,4,3.23,0,21,FALSE
Male,Loyal Customer,33,Business Travel,Eco,302,0,0,0,4,2,5,2,2,2,5,5,5,2,2.62,0,0,TRUE
Female,Loyal Customer,44,Business Travel,Business,2229,2,2,2,2,2,5,5,5,5,5,5,5,3,3.69,4,3,TRUE
Male,Loyal Customer,27,Business Travel,Business,2611,4,4,4,4,5,5,5,4,5,5,4,5,5,4.54,0,5,TRUE
Female,Disloyal Customer,48,Business Travel,Business,223,3,3,3,3,3,3,3,3,3,5,5,5,3,3.46,0,0,FALSE
Male,Loyal Customer,70,Personal Travel,Eco,872,5,5,5,1,3,5,3,3,1,2,4,3,3,3.31,0,3,TRUE
Male,Loyal Customer,12,Personal Travel,Eco,2404,3,1,3,3,3,1,5,3,3,2,3,5,5,3.08,0,4,FALSE
Female,Loyal Customer,60,Personal Travel,Eco,1440,1,4,1,3,2,3,4,4,4,1,4,3,4,2.92,0,4,FALSE
Female,Loyal Customer,17,Personal Travel,Eco,710,3,4,2,3,3,2,3,3,4,2,5,5,3,3.23,0,0,FALSE
Male,Loyal Customer,45,Business Travel,Business,2904,1,1,1,1,3,4,4,2,2,2,2,5,4,2.46,3,0,TRUE
Female,Loyal Customer,23,Personal Travel,Eco,1021,1,5,1,5,5,1,3,5,2,5,1,4,5,3.31,0,0,FALSE
Female,Loyal Customer,50,Personal Travel,Eco Plus,250,2,5,2,5,3,5,5,4,4,2,4,4,4,3.77,0,0,FALSE
Female,Loyal Customer,47,Business Travel,Business,967,4,4,4,4,3,5,5,5,5,5,5,4,3,4.31,0,0,TRUE
Male,Disloyal Customer,30,Business Travel,Eco,828,3,2,2,3,4,2,4,4,1,2,5,2,4,2.92,0,0,FALSE
Male,Loyal Customer,31,Business Travel,Eco,270,2,4,4,4,2,2,2,2,4,4,4,2,2,2.92,166,147,FALSE
Female,Loyal Customer,45,Business Travel,Eco,1134,5,4,4,4,2,3,3,5,5,5,5,1,4,3.85,0,0,TRUE
Female,Loyal Customer,43,Business Travel,Business,1744,1,1,1,1,4,4,4,4,4,5,4,5,4,3.23,15,1,TRUE
Female,Loyal Customer,33,Personal Travel,Eco,1670,2,4,2,2,4,2,1,4,3,1,2,4,4,2.69,0,0,FALSE
Male,Loyal Customer,34,Personal Travel,Eco Plus,86,3,2,3,3,3,3,1,3,4,1,4,1,3,2.62,28,17,FALSE
Female,Loyal Customer,32,Personal Travel,Eco,86,4,4,4,4,5,4,5,5,1,1,1,4,5,3.62,9,5,FALSE
Male,Loyal Customer,62,Personal Travel,Eco Plus,1506,1,4,0,4,2,0,2,2,5,2,5,5,2,2.62,0,1,FALSE
Male,Loyal Customer,70,Personal Travel,Eco,1747,4,1,4,3,4,4,4,4,2,1,3,3,4,3.15,0,0,FALSE
Male,Loyal Customer,29,Business Travel,Business,1846,5,5,5,5,3,4,3,3,4,4,3,5,3,4,0,0,TRUE
Male,Disloyal Customer,26,Business Travel,Eco,156,3,0,3,3,2,3,2,2,3,4,2,5,2,2.62,0,0,FALSE
Female,Loyal Customer,24,Personal Travel,Eco,998,2,4,2,1,3,2,3,3,5,5,4,2,3,3,14,7,FALSE
Female,Loyal Customer,60,Personal Travel,Eco Plus,515,4,2,4,2,3,2,2,4,4,4,4,2,2,3,0,0,TRUE
Male,Loyal Customer,37,Personal Travel,Eco,1733,2,4,2,5,1,2,1,1,4,4,4,5,1,2.77,0,1,FALSE
Male,Loyal Customer,29,Business Travel,Business,748,5,5,5,5,4,4,4,4,4,1,1,2,4,3.69,10,17,TRUE
Female,Disloyal Customer,23,Business Travel,Business,1068,5,0,5,5,4,5,4,4,4,2,5,3,4,3.85,9,17,TRUE
Female,Loyal Customer,49,Business Travel,Business,460,2,2,4,2,5,5,4,2,2,2,2,4,4,3.08,11,0,TRUE
Male,Loyal Customer,49,Business Travel,Business,1747,3,4,4,4,1,3,3,3,3,3,3,1,2,2.85,0,0,FALSE
Male,Loyal Customer,41,Business Travel,Eco,539,5,5,5,5,5,5,5,5,1,3,4,2,5,4.23,0,0,TRUE
Female,Loyal Customer,74,Business Travel,Eco Plus,265,2,4,4,4,1,4,3,2,2,2,2,2,4,2.77,0,0,FALSE
Female,Loyal Customer,52,Business Travel,Business,1749,3,3,3,3,4,4,5,5,5,5,5,5,3,4.08,0,6,TRUE
Female,Loyal Customer,11,Personal Travel,Eco,814,1,3,1,3,2,1,2,2,2,1,4,4,2,2.15,0,0,FALSE
Male,Loyal Customer,9,Personal Travel,Eco,1609,3,2,3,3,5,3,5,5,2,5,2,4,5,3.62,5,0,FALSE
Male,Loyal Customer,44,Business Travel,Business,1166,3,3,3,3,2,5,5,5,5,5,5,4,5,4.08,0,31,TRUE
Male,Loyal Customer,30,Personal Travel,Eco,600,2,5,2,3,1,2,1,1,2,2,4,1,1,2.08,12,0,FALSE
Female,Disloyal Customer,38,Business Travel,Eco,696,5,5,5,2,2,5,2,2,2,2,4,5,2,3.31,0,0,TRUE
Female,Loyal Customer,29,Business Travel,Business,2461,3,3,3,3,5,5,5,5,5,4,4,3,5,4.08,1,0,TRUE
Male,Loyal Customer,38,Business Travel,Eco,519,1,3,3,3,1,1,1,1,3,2,3,4,1,2.08,33,17,FALSE
Male,Disloyal Customer,15,Business Travel,Eco,1407,3,3,3,3,2,3,2,2,1,4,3,3,2,2.62,0,0,FALSE
Female,Loyal Customer,38,Business Travel,Business,2506,5,5,5,5,5,1,4,5,5,5,5,3,2,4.23,3,0,TRUE
Female,Loyal Customer,65,Personal Travel,Eco,488,4,0,4,3,3,5,4,3,3,4,3,4,3,3.31,57,47,FALSE
Female,Loyal Customer,60,Business Travel,Business,399,2,2,2,2,3,5,4,4,4,4,4,5,5,3.54,0,0,TRUE
Female,Disloyal Customer,23,Business Travel,Eco,998,4,5,5,3,2,5,2,2,2,4,4,1,2,3.15,0,15,FALSE
Female,Loyal Customer,50,Business Travel,Business,214,5,4,5,5,4,4,4,5,5,5,5,5,3,4.54,17,29,TRUE
Male,Loyal Customer,59,Business Travel,Business,632,2,2,5,2,2,5,5,4,4,4,4,5,5,3.77,0,0,TRUE
Female,Loyal Customer,34,Personal Travel,Eco,784,2,5,2,5,5,2,5,5,5,2,4,3,5,3.85,0,0,FALSE
Male,Loyal Customer,60,Business Travel,Business,196,4,5,4,4,5,4,5,5,5,5,5,3,4,4.46,18,22,TRUE
Female,Disloyal Customer,23,Business Travel,Business,163,4,3,4,3,4,4,1,4,4,4,4,3,4,3.54,44,24,TRUE
Female,Disloyal Customer,24,Business Travel,Eco,113,2,2,2,4,3,2,3,3,4,5,4,2,3,3,20,6,FALSE
Female,Loyal Customer,22,Business Travel,Business,447,2,5,5,5,2,2,2,2,2,3,4,4,2,3.08,4,0,FALSE
Male,Loyal Customer,51,Business Travel,Business,2075,2,2,2,2,5,5,5,5,5,5,5,5,3,3.92,0,0,TRUE
Female,Loyal Customer,17,Business Travel,Business,1709,5,5,1,5,5,5,5,5,5,3,5,4,5,4.46,0,0,TRUE
Male,Disloyal Customer,24,Business Travel,Eco,784,4,4,4,4,1,4,1,1,4,1,3,4,1,2.77,26,15,FALSE
Male,Loyal Customer,54,Business Travel,Business,2295,3,3,3,3,3,5,5,4,4,4,4,3,3,3.62,0,0,TRUE
Female,Disloyal Customer,21,Business Travel,Eco,335,4,0,3,2,4,3,4,4,4,2,2,1,4,2.85,0,0,TRUE
Female,Loyal Customer,23,Personal Travel,Eco Plus,484,2,4,2,2,4,2,4,4,5,4,4,4,4,3.46,1,0,FALSE
Female,Loyal Customer,30,Business Travel,Business,2833,5,5,5,5,4,4,4,4,3,2,5,4,4,4.15,0,0,TRUE
Female,Loyal Customer,42,Business Travel,Business,1567,1,4,4,4,3,3,4,1,1,2,1,4,4,2.77,6,6,FALSE
Female,Disloyal Customer,36,Business Travel,Eco Plus,258,3,2,2,3,2,2,2,2,2,3,3,4,2,2.46,64,51,FALSE
Female,Loyal Customer,13,Personal Travel,Eco,432,1,1,1,3,5,1,5,5,4,1,3,1,5,2.77,22,17,FALSE
Female,Disloyal Customer,41,Business Travel,Business,537,3,3,3,2,2,4,2,2,4,2,4,1,2,2.62,0,0,FALSE
Male,Loyal Customer,39,Business Travel,Eco Plus,783,2,5,2,5,2,2,2,2,3,2,2,2,2,2.54,0,0,TRUE
Female,Loyal Customer,47,Personal Travel,Eco,1056,3,5,3,5,5,4,5,1,1,3,1,4,5,3.46,11,11,FALSE
Male,Loyal Customer,31,Personal Travel,Business,590,1,2,1,4,4,1,4,4,3,1,3,1,4,2.54,0,0,FALSE
Female,Disloyal Customer,31,Business Travel,Eco,1185,1,1,1,3,5,1,5,5,2,2,3,4,5,2.92,0,0,FALSE
Female,Loyal Customer,45,Business Travel,Business,3738,2,2,2,2,3,4,4,5,5,5,5,5,3,3.62,0,0,TRUE
Female,Loyal Customer,27,Business Travel,Business,644,3,4,4,4,3,2,3,3,3,2,3,1,3,2.92,16,9,FALSE
Female,Loyal Customer,64,Business Travel,Business,2337,4,4,4,4,2,1,3,5,5,5,5,1,5,3.69,0,0,TRUE
Female,Loyal Customer,11,Personal Travel,Business,101,1,5,1,1,2,1,1,2,3,5,4,3,2,2.38,0,0,FALSE
Male,Loyal Customer,59,Business Travel,Business,888,4,4,4,4,2,4,4,4,4,4,4,4,5,3.92,28,16,TRUE
Female,Loyal Customer,34,Personal Travel,Eco,1986,3,4,3,3,5,3,3,5,4,3,4,2,5,3.62,0,15,FALSE
Female,Loyal Customer,57,Business Travel,Business,446,5,5,5,5,4,5,4,5,5,5,5,4,5,4.77,0,0,TRUE
Female,Loyal Customer,46,Business Travel,Business,1811,4,4,4,4,5,4,5,5,5,5,5,4,4,4.46,0,0,TRUE
Female,Loyal Customer,31,Business Travel,Business,1499,4,4,4,4,3,3,3,3,2,3,1,1,3,2.92,0,0,TRUE
Male,Disloyal Customer,38,Business Travel,Business,201,5,5,5,4,4,5,4,4,5,4,5,3,4,4.38,22,25,TRUE
Female,Loyal Customer,24,Business Travel,Business,1517,5,5,5,5,5,5,5,5,5,2,4,3,5,4.54,13,8,TRUE
Female,Loyal Customer,64,Business Travel,Eco Plus,696,3,4,4,4,5,3,3,3,3,3,3,2,1,3.15,0,14,FALSE
Female,Disloyal Customer,29,Business Travel,Eco,1262,3,3,3,2,1,3,1,1,3,1,3,1,1,2,0,0,FALSE
Female,Loyal Customer,68,Personal Travel,Eco,604,1,3,1,4,3,4,5,2,2,1,2,4,2,2.62,6,0,FALSE
Male,Loyal Customer,36,Personal Travel,Eco,733,4,5,4,4,1,4,1,1,5,5,1,5,1,3.15,0,5,FALSE
Female,Loyal Customer,18,Business Travel,Business,802,4,4,4,4,4,4,4,4,5,2,5,5,4,4.08,8,4,TRUE
Male,Disloyal Customer,42,Business Travel,Eco,694,3,3,3,4,5,3,5,5,2,3,1,4,5,3.54,4,0,FALSE
Female,Loyal Customer,60,Personal Travel,Eco,950,4,4,4,4,4,5,4,5,5,4,5,4,5,4.38,0,0,FALSE
Male,Disloyal Customer,33,Business Travel,Eco,721,3,3,3,2,2,3,2,2,4,5,1,3,2,2.69,0,0,FALSE
Male,Loyal Customer,32,Business Travel,Business,1262,3,1,1,1,3,3,3,3,3,2,3,4,3,2.54,7,0,FALSE
Female,Loyal Customer,25,Personal Travel,Eco Plus,326,4,2,4,2,1,4,3,1,3,1,2,3,1,2.38,0,0,FALSE
Female,Loyal Customer,37,Business Travel,Business,3256,4,4,4,4,4,4,4,1,4,1,1,4,4,3.31,353,370,TRUE
Male,Disloyal Customer,21,Business Travel,Eco,192,4,1,4,4,4,4,4,4,2,3,3,2,4,3.31,0,2,FALSE
Female,Loyal Customer,35,Business Travel,Business,1930,3,3,3,3,4,4,4,4,4,4,4,5,3,3.69,0,0,TRUE
Female,Loyal Customer,41,Personal Travel,Eco Plus,253,1,2,1,3,5,4,4,2,2,1,2,1,3,2.38,0,0,FALSE
Female,Disloyal Customer,22,Business Travel,Eco,366,2,2,2,3,3,2,3,3,3,5,3,2,3,2.77,0,0,FALSE
Female,Loyal Customer,40,Business Travel,Business,1810,3,3,3,3,2,1,4,4,4,4,4,3,4,3.23,0,0,TRUE
Male,Disloyal Customer,21,Business Travel,Business,307,0,0,0,2,3,0,3,3,4,2,5,5,3,2.31,0,2,TRUE
Male,Loyal Customer,63,Business Travel,Business,1599,5,5,5,5,2,4,5,4,4,4,4,4,5,4.31,0,0,TRUE
Male,Loyal Customer,44,Business Travel,Eco,1021,3,1,2,1,3,3,3,3,1,1,3,3,3,2.31,0,0,FALSE
Male,Loyal Customer,30,Business Travel,Business,2583,3,3,3,3,3,3,3,3,5,3,4,1,3,3.08,11,22,TRUE
Male,Loyal Customer,44,Business Travel,Business,762,4,4,4,4,5,5,4,5,5,5,5,4,3,4.38,0,0,TRUE
Female,Disloyal Customer,24,Business Travel,Eco,547,5,2,5,2,1,5,1,1,5,3,5,4,1,3.08,0,0,TRUE
Female,Loyal Customer,45,Personal Travel,Eco,605,2,4,2,4,5,4,5,4,4,2,4,3,4,3.62,0,0,FALSE
Male,Disloyal Customer,45,Business Travel,Business,1217,3,3,3,3,2,3,2,2,5,5,4,5,2,3.23,0,0,FALSE
Female,Loyal Customer,15,Personal Travel,Eco,967,3,5,3,4,2,3,2,2,4,5,5,5,2,3.46,19,3,FALSE
Female,Loyal Customer,25,Personal Travel,Eco,620,1,5,1,2,5,1,5,5,3,3,5,5,5,3.54,0,0,FALSE
Male,Loyal Customer,55,Personal Travel,Eco,1123,3,1,4,3,4,4,4,4,3,4,3,3,4,3.38,0,2,FALSE
Female,Loyal Customer,50,Personal Travel,Eco,187,2,4,2,3,2,2,2,4,4,2,4,4,3,2.92,0,0,FALSE
Male,Loyal Customer,43,Business Travel,Business,802,3,1,1,1,2,2,2,3,3,2,3,3,3,2.23,0,0,FALSE
Male,Disloyal Customer,45,Business Travel,Eco,554,3,0,3,3,2,3,2,2,3,2,5,1,2,2.38,0,0,FALSE
Male,Loyal Customer,18,Business Travel,Eco Plus,588,2,2,2,2,2,2,2,2,3,5,3,3,2,2.46,0,0,FALSE
Female,Loyal Customer,68,Personal Travel,Eco,562,2,1,2,3,4,3,3,3,3,2,3,1,4,2.62,42,37,FALSE
Male,Loyal Customer,34,Business Travel,Business,1996,2,2,2,2,2,5,4,4,4,4,4,4,4,3.31,62,60,TRUE
Female,Loyal Customer,49,Business Travel,Business,1782,3,1,1,1,3,1,1,3,3,3,3,3,1,2.08,26,19,FALSE
Male,Loyal Customer,53,Business Travel,Business,2323,3,3,3,3,2,4,4,5,5,5,5,5,4,3.92,3,2,TRUE
Female,Loyal Customer,69,Personal Travel,Eco Plus,2133,3,4,3,1,2,3,5,1,1,3,1,3,3,2.54,8,8,FALSE
Male,Loyal Customer,49,Business Travel,Eco Plus,354,5,3,5,3,5,5,5,5,2,3,5,2,5,4.08,0,4,TRUE
Male,Loyal Customer,54,Business Travel,Business,3671,5,5,5,5,2,3,4,5,5,5,5,5,5,4.54,52,50,TRUE
Male,Disloyal Customer,50,Business Travel,Eco,109,2,3,2,2,1,2,1,1,3,3,4,3,1,2.15,14,24,FALSE
Male,Loyal Customer,30,Business Travel,Business,2329,2,2,2,2,4,4,4,4,4,2,3,5,4,3.23,6,0,TRUE
Female,Loyal Customer,48,Business Travel,Business,2787,5,5,4,5,5,4,5,4,4,5,4,5,4,4.54,0,0,TRUE
Female,Loyal Customer,59,Personal Travel,Eco Plus,156,1,5,1,3,4,4,5,3,3,1,3,4,5,3.23,26,19,FALSE
Female,Loyal Customer,31,Personal Travel,Eco,544,5,4,5,3,5,5,5,5,1,3,5,3,5,4.15,0,0,TRUE
Male,Loyal Customer,37,Personal Travel,Eco,264,1,1,1,3,2,1,2,2,2,4,2,2,2,1.92,0,0,FALSE
Male,Loyal Customer,27,Business Travel,Business,1969,4,1,5,1,4,4,4,4,2,3,2,2,4,3.08,0,0,FALSE
Male,Loyal Customer,34,Business Travel,Business,3765,2,2,2,2,5,5,5,4,4,4,4,4,4,3.62,0,0,TRUE
Female,Loyal Customer,49,Personal Travel,Eco,229,1,4,1,2,4,4,5,1,1,1,1,5,5,2.69,0,0,FALSE
Male,Loyal Customer,38,Personal Travel,Eco,213,2,5,2,5,4,2,4,4,3,4,4,3,4,3.54,0,0,FALSE
Female,Loyal Customer,36,Business Travel,Eco,1325,1,2,2,2,1,1,1,1,2,3,3,3,1,1.77,0,0,FALSE
Male,Loyal Customer,37,Business Travel,Business,2279,4,4,4,4,4,4,5,4,4,4,4,3,4,4,0,0,TRUE
Female,Loyal Customer,42,Business Travel,Business,1771,4,4,4,4,4,4,5,3,3,3,3,3,5,3.77,0,16,TRUE
Male,Loyal Customer,70,Business Travel,Business,3695,1,3,3,3,5,4,3,1,1,2,1,2,1,2.31,2,32,FALSE
Male,Disloyal Customer,28,Business Travel,Business,2521,0,0,0,1,0,2,5,4,5,4,4,5,5,2.69,0,0,TRUE
Male,Loyal Customer,37,Business Travel,Business,2651,5,5,3,5,2,4,5,1,1,2,1,3,3,3.08,10,16,TRUE
Female,Loyal Customer,61,Personal Travel,Eco,307,3,3,3,1,5,1,2,2,2,3,2,3,3,2.54,14,13,FALSE
Female,Loyal Customer,57,Business Travel,Business,2834,3,3,1,3,4,5,4,4,4,4,4,3,5,3.62,0,0,TRUE
Female,Loyal Customer,49,Business Travel,Business,605,3,3,3,3,5,5,4,4,4,4,4,5,5,4,50,47,TRUE
Male,Loyal Customer,38,Business Travel,Business,533,3,3,3,3,1,1,4,4,4,4,4,1,4,3,0,0,TRUE
Female,Loyal Customer,10,Personal Travel,Eco Plus,84,2,4,2,4,2,2,2,2,5,3,4,5,2,3,12,1,FALSE
Male,Loyal Customer,27,Business Travel,Eco,642,4,5,5,5,4,4,4,3,5,2,4,4,4,4.08,150,132,TRUE
Male,Loyal Customer,7,Personal Travel,Eco Plus,1091,1,4,1,3,4,1,4,4,3,2,2,3,4,2.77,0,0,FALSE
Female,Loyal Customer,22,Personal Travel,Business,802,2,2,2,3,4,2,4,4,3,2,3,1,4,2.77,0,0,FALSE
Male,Loyal Customer,33,Business Travel,Business,491,2,2,2,2,4,4,4,4,4,3,5,5,4,3.46,92,83,TRUE
Female,Loyal Customer,48,Personal Travel,Eco,1749,3,3,2,5,3,1,5,1,1,2,1,3,1,2.38,0,0,FALSE
Male,Loyal Customer,47,Personal Travel,Eco Plus,748,4,5,4,3,5,4,5,5,3,3,5,5,5,4.31,0,0,FALSE
Male,Disloyal Customer,30,Business Travel,Business,710,5,5,5,3,5,5,4,3,3,4,5,4,4,4.23,24,0,TRUE
Female,Loyal Customer,40,Business Travel,Eco,569,4,3,3,3,4,4,4,4,2,1,5,1,4,3.23,0,0,TRUE
Male,Loyal Customer,48,Business Travel,Business,3234,1,1,1,1,5,5,4,4,4,4,4,3,5,3.23,15,7,TRUE
Male,Loyal Customer,32,Business Travel,Eco Plus,529,2,4,4,4,2,2,2,2,3,5,4,2,2,2.92,0,0,FALSE
Male,Loyal Customer,70,Business Travel,Eco,247,2,5,5,5,2,2,2,2,4,5,2,1,2,3,0,0,FALSE
Male,Loyal Customer,55,Business Travel,Business,569,3,3,3,3,4,4,4,4,4,4,4,5,5,3.85,0,0,TRUE
Male,Disloyal Customer,36,Business Travel,Business,414,1,1,1,4,1,1,1,1,5,3,4,3,1,2.08,0,11,FALSE
Male,Loyal Customer,29,Business Travel,Business,3825,4,1,1,1,4,3,4,4,3,4,4,2,4,3,0,11,FALSE
Male,Loyal Customer,35,Business Travel,Business,2746,4,2,2,2,4,4,4,4,4,4,4,2,4,3.38,0,0,FALSE
Male,Loyal Customer,32,Business Travel,Business,2560,0,0,0,4,3,3,5,3,5,2,5,4,3,2.85,65,60,TRUE
Female,Loyal Customer,45,Business Travel,Business,3375,2,2,2,2,4,5,4,5,5,5,5,3,5,3.77,0,0,TRUE
Male,Disloyal Customer,27,Business Travel,Business,266,3,3,3,5,4,3,4,4,3,3,4,4,4,3.62,0,0,FALSE
Female,Loyal Customer,63,Personal Travel,Eco,456,3,5,4,1,4,5,2,3,3,4,3,3,2,3.23,0,34,FALSE
Female,Loyal Customer,49,Business Travel,Business,2668,5,5,5,5,5,5,4,4,4,4,4,5,5,4.62,0,0,TRUE
Male,Loyal Customer,46,Business Travel,Eco,383,4,4,4,4,5,4,5,5,2,1,4,5,5,4,0,0,TRUE
Male,Loyal Customer,18,Personal Travel,Business,280,2,4,3,5,5,3,5,5,3,5,4,4,5,4.08,15,3,FALSE
Female,Disloyal Customer,39,Business Travel,Business,903,2,2,2,2,5,2,4,5,4,1,2,3,5,3,74,75,FALSE
Male,Loyal Customer,29,Business Travel,Business,181,0,5,0,5,4,4,4,4,3,5,5,4,4,3.62,0,0,TRUE
Male,Loyal Customer,33,Business Travel,Business,235,1,1,1,1,4,4,4,4,1,3,1,4,4,2.54,18,8,TRUE
Male,Loyal Customer,36,Business Travel,Business,1276,1,1,1,1,3,5,4,4,4,4,4,4,5,3.15,0,0,TRUE
Female,Loyal Customer,19,Personal Travel,Eco Plus,159,2,5,2,4,3,2,3,3,1,5,4,2,3,3,0,10,FALSE
Female,Disloyal Customer,17,Business Travel,Business,1269,0,0,0,3,3,0,3,3,3,2,5,5,3,2.31,107,126,TRUE
Male,Disloyal Customer,55,Business Travel,Business,2419,2,1,1,1,2,2,2,5,5,5,5,2,2,2.69,1,4,FALSE
Female,Loyal Customer,10,Personal Travel,Eco,1171,2,3,2,2,1,2,1,1,3,3,2,2,1,1.92,6,0,FALSE
Female,Loyal Customer,26,Personal Travel,Eco,373,2,4,2,3,4,2,4,4,5,3,5,2,4,3.38,61,69,FALSE
Female,Loyal Customer,8,Personal Travel,Eco,1428,4,4,5,3,4,5,4,4,1,3,4,4,4,3.77,0,0,FALSE
Female,Loyal Customer,38,Business Travel,Business,2304,4,2,2,2,5,2,2,4,4,3,4,2,1,2.85,39,36,FALSE
Female,Loyal Customer,14,Personal Travel,Eco,373,2,0,2,4,2,2,2,2,4,4,4,5,2,2.69,0,0,FALSE
Female,Loyal Customer,8,Personal Travel,Business,2845,3,0,3,3,3,2,2,5,3,5,3,2,2,2.77,1,49,FALSE
Male,Loyal Customer,53,Business Travel,Business,1749,2,2,2,2,3,4,4,5,5,5,5,3,3,3.46,0,0,TRUE
Male,Loyal Customer,48,Business Travel,Business,283,0,0,0,3,4,4,5,5,5,2,2,3,5,2.92,12,9,TRUE
Female,Loyal Customer,25,Business Travel,Business,1530,3,3,3,3,5,5,5,5,3,4,4,5,5,4.08,0,0,TRUE
Male,Loyal Customer,64,Business Travel,Business,1646,2,2,2,2,4,4,5,5,5,5,5,4,4,3.77,37,41,TRUE
Female,Loyal Customer,42,Personal Travel,Eco,588,3,1,3,4,5,3,4,4,4,3,4,1,1,3.08,0,0,FALSE
Female,Loyal Customer,59,Business Travel,Business,2044,3,3,3,3,5,5,5,4,4,4,4,4,3,3.85,0,7,TRUE
Female,Loyal Customer,54,Business Travel,Business,731,3,3,3,3,5,4,5,3,3,4,3,3,3,3.46,3,16,TRUE
Male,Loyal Customer,23,Business Travel,Business,368,2,2,5,2,4,4,4,4,3,5,4,5,4,3.69,0,0,TRUE
Female,Loyal Customer,27,Business Travel,Business,1728,5,5,5,5,5,5,5,5,3,3,5,3,5,4.54,0,0,TRUE
Female,Loyal Customer,65,Personal Travel,Eco,67,3,1,0,1,1,2,2,5,5,0,5,1,4,2.31,0,12,FALSE
Male,Loyal Customer,24,Personal Travel,Eco Plus,1036,1,4,1,3,4,1,4,4,4,5,4,4,4,3.31,0,0,FALSE
Male,Loyal Customer,63,Personal Travel,Eco,771,2,5,2,2,3,2,3,3,3,3,5,4,3,3.08,54,51,FALSE
Male,Loyal Customer,17,Personal Travel,Eco,237,3,4,0,4,2,0,2,2,4,5,5,4,2,2.85,0,0,FALSE
Female,Loyal Customer,67,Personal Travel,Eco,817,3,1,3,4,2,4,4,3,3,3,3,4,3,3.08,0,0,FALSE
Male,Loyal Customer,39,Personal Travel,Eco,388,4,3,4,3,1,4,1,1,3,4,4,2,1,2.69,0,20,FALSE
Female,Loyal Customer,70,Personal Travel,Business,605,3,5,3,3,4,2,5,4,4,3,4,1,2,3.31,0,0,FALSE
Female,Loyal Customer,51,Business Travel,Business,3319,2,1,1,1,4,3,3,2,2,3,2,4,4,2.46,57,69,FALSE
Female,Loyal Customer,22,Business Travel,Business,3917,3,4,3,4,3,3,3,3,4,4,4,2,3,3.31,0,0,FALSE
Male,Loyal Customer,38,Business Travel,Business,3079,4,4,4,4,4,2,3,3,3,3,3,5,1,3.31,8,11,TRUE
Female,Loyal Customer,27,Business Travel,Business,834,3,3,3,3,4,4,4,4,4,5,5,3,4,3.77,1,0,TRUE
Female,Loyal Customer,27,Personal Travel,Eco,837,0,3,0,2,2,0,2,2,3,3,3,2,2,1.85,0,0,TRUE
Female,Loyal Customer,49,Business Travel,Eco,896,5,1,1,1,4,1,1,5,5,5,5,2,5,3.15,0,6,TRUE
Male,Loyal Customer,39,Personal Travel,Eco,1313,3,4,3,3,3,3,3,3,5,5,4,5,3,3.62,0,0,FALSE
Male,Loyal Customer,27,Business Travel,Business,738,2,2,2,2,3,3,3,3,3,2,4,4,3,2.77,12,0,TRUE
Male,Loyal Customer,49,Personal Travel,Eco,425,1,0,1,5,1,1,1,1,3,2,5,3,1,1.92,0,2,FALSE
Female,Loyal Customer,59,Business Travel,Business,1635,1,1,1,1,3,5,5,4,4,4,5,5,4,3.31,8,3,TRUE
Male,Loyal Customer,55,Personal Travel,Eco,2402,1,2,1,4,1,2,2,3,2,3,4,2,2,2.23,0,3,FALSE
Female,Loyal Customer,15,Personal Travel,Eco,861,3,5,3,2,2,3,4,2,5,4,5,4,2,3.38,0,0,FALSE
Male,Loyal Customer,70,Personal Travel,Eco,1592,3,4,3,2,2,3,3,2,3,2,3,3,2,2.69,0,0,FALSE
Female,Disloyal Customer,36,Business Travel,Eco,520,3,0,3,5,5,3,5,5,3,1,3,5,5,3.54,0,0,FALSE
Male,Loyal Customer,22,Business Travel,Business,1811,2,1,1,1,2,2,2,2,4,3,4,2,2,2.15,34,32,FALSE
Male,Loyal Customer,47,Business Travel,Business,2221,5,5,5,5,2,4,5,5,5,5,5,4,4,4.54,0,0,TRUE
Female,Disloyal Customer,26,Business Travel,Eco,948,2,2,2,4,5,2,5,5,4,4,3,3,5,3.54,0,0,FALSE
Male,Loyal Customer,51,Business Travel,Business,3460,3,3,3,3,2,4,5,5,5,4,5,5,4,3.92,0,2,TRUE
Male,Disloyal Customer,20,Business Travel,Eco,391,3,0,3,2,3,3,3,3,5,3,3,3,3,2.85,0,0,FALSE
Female,Loyal Customer,42,Personal Travel,Eco,316,1,4,5,2,4,5,3,5,5,5,5,2,2,3.69,0,0,FALSE
Female,Disloyal Customer,15,Business Travel,Eco,733,4,4,4,2,4,4,4,4,4,2,5,5,4,3.85,0,0,FALSE
Male,Loyal Customer,44,Business Travel,Business,2627,1,1,1,1,2,5,1,4,4,5,4,2,2,2.54,3,0,TRUE
Female,Loyal Customer,18,Personal Travel,Eco,1050,3,5,4,1,3,4,3,3,5,3,4,4,3,3.46,0,36,FALSE
Male,Loyal Customer,49,Business Travel,Business,2725,1,1,3,1,2,5,5,4,4,4,4,5,3,3.23,68,61,TRUE
Female,Loyal Customer,41,Business Travel,Eco,507,1,3,3,3,1,1,1,1,2,2,4,4,1,2.08,38,21,FALSE
Male,Loyal Customer,10,Personal Travel,Eco,639,2,5,2,3,2,2,2,5,2,2,2,2,2,2.54,136,135,FALSE
Male,Loyal Customer,32,Business Travel,Business,1729,1,2,2,2,1,1,1,1,3,3,4,3,1,1.92,81,74,FALSE
Female,Loyal Customer,58,Business Travel,Eco,1258,4,1,1,1,2,4,3,4,4,4,4,2,3,2.85,0,0,FALSE
Female,Loyal Customer,39,Business Travel,Business,3554,1,3,2,3,3,4,3,1,1,1,1,4,1,2.15,0,7,FALSE
Male,Loyal Customer,37,Business Travel,Business,247,4,2,2,2,5,4,3,4,4,4,4,2,1,3.15,0,0,FALSE
Male,Loyal Customer,26,Business Travel,Business,3441,5,5,5,5,4,4,4,4,4,4,4,5,4,4.38,0,0,TRUE
Female,Loyal Customer,33,Business Travel,Eco Plus,325,2,4,4,4,2,2,2,2,1,2,3,1,2,2.38,18,24,FALSE
Female,Loyal Customer,36,Business Travel,Eco,302,4,3,3,3,4,4,4,4,1,2,4,5,4,3.46,0,0,TRUE
Male,Loyal Customer,56,Business Travel,Business,2817,2,4,2,2,3,5,4,5,5,5,5,5,5,4,14,1,TRUE
Male,Loyal Customer,54,Business Travel,Business,534,1,2,2,2,5,3,3,1,1,1,1,1,3,2,0,0,FALSE
Female,Disloyal Customer,21,Business Travel,Eco,1250,4,3,3,3,1,3,1,1,5,2,4,3,1,2.62,14,0,TRUE
Female,Disloyal Customer,17,Business Travel,Eco,950,4,4,4,3,2,4,2,2,1,2,3,1,2,2.62,0,0,FALSE
Female,Loyal Customer,35,Business Travel,Business,1188,2,4,3,4,1,2,1,2,2,2,2,3,3,2.38,0,0,FALSE
Male,Loyal Customer,46,Business Travel,Business,2195,1,5,5,5,3,2,3,1,1,1,1,3,2,2.54,0,0,FALSE
Male,Loyal Customer,39,Business Travel,Eco,1448,4,3,5,3,4,4,4,4,5,3,1,2,4,3.54,0,0,TRUE
Male,Loyal Customer,33,Business Travel,Eco Plus,214,0,0,0,4,2,0,2,2,1,1,3,2,2,1.46,0,0,TRUE
Female,Loyal Customer,66,Personal Travel,Eco,355,3,4,3,1,5,5,5,2,2,3,3,4,3,3.31,0,0,FALSE
Female,Loyal Customer,54,Business Travel,Eco Plus,236,3,4,3,3,5,2,4,2,2,3,2,4,3,3.08,0,6,TRUE
Female,Loyal Customer,50,Business Travel,Eco,782,2,1,1,1,3,4,3,3,3,2,3,3,2,2.38,0,0,FALSE
Female,Disloyal Customer,48,Business Travel,Business,200,4,4,4,2,4,4,3,4,3,3,4,5,4,3.69,3,2,TRUE
Male,Loyal Customer,19,Personal Travel,Eco,484,4,4,4,4,4,4,3,4,2,4,4,4,4,3.77,0,0,FALSE
Male,Loyal Customer,42,Business Travel,Business,3745,1,4,4,4,3,3,3,1,1,1,1,3,2,2.38,26,32,FALSE
Male,Loyal Customer,59,Business Travel,Eco,1008,4,2,2,2,4,4,4,4,5,4,1,3,4,3.31,0,0,TRUE
Female,Loyal Customer,56,Business Travel,Business,247,5,5,5,5,2,4,4,5,5,5,5,3,5,4.46,0,0,TRUE
Female,Loyal Customer,36,Business Travel,Eco,770,5,4,4,4,5,5,5,5,5,2,2,1,5,4,0,0,TRUE
Female,Loyal Customer,56,Personal Travel,Eco,821,4,4,3,3,3,4,3,5,5,3,5,4,4,3.85,0,0,FALSE
Male,Loyal Customer,44,Business Travel,Business,590,2,2,2,2,3,5,5,4,4,4,4,4,4,3.46,0,0,TRUE
Female,Disloyal Customer,8,Business Travel,Business,1471,2,4,2,2,1,2,1,1,4,3,4,4,1,2.38,0,0,FALSE
Female,Loyal Customer,51,Personal Travel,Eco,304,4,3,5,3,3,1,2,3,3,5,3,3,1,3,1,0,FALSE
Female,Disloyal Customer,15,Business Travel,Eco,646,4,0,4,3,3,4,3,3,3,4,5,5,3,3.38,0,0,FALSE
Male,Loyal Customer,67,Personal Travel,Eco,861,3,4,3,4,1,3,1,1,4,3,4,4,1,2.77,10,0,FALSE
Female,Loyal Customer,60,Business Travel,Business,1055,5,5,5,5,5,5,5,4,4,5,4,4,4,4.62,0,0,TRUE
Male,Loyal Customer,34,Business Travel,Business,1846,1,1,1,1,4,4,5,5,5,5,5,3,4,3.38,5,0,TRUE
Female,Disloyal Customer,25,Business Travel,Eco,147,4,0,4,3,4,4,4,4,2,2,4,4,4,3.31,0,0,TRUE
Male,Loyal Customer,25,Business Travel,Business,2942,3,3,5,3,4,5,4,4,1,3,1,2,4,3.23,5,14,TRUE
Male,Loyal Customer,29,Business Travel,Eco Plus,1605,3,4,4,4,3,3,3,3,4,2,3,3,3,3.23,0,14,FALSE
Male,Loyal Customer,34,Business Travel,Eco Plus,584,5,1,1,1,5,5,5,5,1,2,1,1,5,2.92,0,24,TRUE
Male,Loyal Customer,39,Business Travel,Business,332,3,2,3,3,5,4,3,5,5,5,5,2,4,3.77,108,91,TRUE
Female,Loyal Customer,59,Business Travel,Eco,680,5,5,5,5,5,1,1,5,5,5,5,1,5,4.08,8,24,TRUE
Female,Disloyal Customer,43,Business Travel,Eco,190,5,4,5,5,2,5,2,2,4,3,2,3,2,3.38,0,0,TRUE
Female,Loyal Customer,26,Business Travel,Business,2229,1,1,1,1,2,3,2,2,4,5,3,5,2,2.46,4,1,TRUE
Female,Loyal Customer,51,Business Travel,Eco,177,4,3,3,3,1,5,5,4,4,4,4,1,3,3.38,1,0,TRUE
Male,Loyal Customer,43,Personal Travel,Eco Plus,1476,5,4,5,2,2,5,2,2,3,3,3,5,2,3.31,0,0,TRUE
Female,Loyal Customer,47,Business Travel,Business,3849,4,4,4,4,3,4,4,4,4,4,4,3,4,3.85,10,0,TRUE
Male,Loyal Customer,14,Personal Travel,Eco Plus,495,3,4,5,3,2,5,2,2,5,4,4,4,2,3.46,0,0,FALSE
Male,Loyal Customer,42,Business Travel,Business,363,1,1,4,1,1,5,3,4,4,5,4,3,1,2.85,0,0,TRUE
Female,Loyal Customer,50,Business Travel,Business,3142,5,3,5,5,2,1,1,5,5,5,4,2,2,3.46,0,0,TRUE
Female,Loyal Customer,60,Business Travel,Eco,725,3,1,1,1,2,4,3,3,3,3,3,1,4,2.46,35,66,FALSE
Female,Loyal Customer,23,Personal Travel,Eco,1073,3,5,3,1,1,3,1,1,3,2,4,4,1,2.46,13,0,FALSE
Male,Disloyal Customer,13,Business Travel,Eco,846,2,2,2,3,5,2,2,5,1,2,3,4,5,2.92,6,21,FALSE
Male,Loyal Customer,18,Business Travel,Business,1189,3,1,1,1,3,3,3,3,3,4,3,2,3,2.54,0,6,FALSE
Female,Loyal Customer,28,Personal Travel,Eco,469,1,5,1,1,4,1,1,4,4,2,4,4,4,2.77,0,0,FALSE
Female,Loyal Customer,40,Business Travel,Business,1620,3,3,3,3,2,4,4,4,4,4,4,5,4,3.62,6,0,TRUE
Female,Loyal Customer,49,Personal Travel,Business,1237,3,5,3,3,4,5,4,4,4,3,4,3,5,3.85,0,0,FALSE
Male,Loyal Customer,45,Business Travel,Business,2638,2,2,2,2,2,5,5,3,3,4,3,5,5,3.31,2,0,TRUE
Female,Loyal Customer,25,Business Travel,Business,3803,3,2,2,2,3,3,3,3,3,3,3,1,3,2.62,0,0,FALSE
Female,Loyal Customer,50,Business Travel,Business,3785,3,3,3,3,3,1,4,5,5,5,5,2,2,3.38,0,0,TRUE
Male,Disloyal Customer,45,Business Travel,Eco,558,2,3,2,1,1,2,1,1,1,4,3,2,1,1.85,0,0,FALSE
Female,Loyal Customer,24,Personal Travel,Eco,787,2,5,2,3,4,2,5,4,4,4,5,4,4,3.69,9,12,FALSE
Male,Disloyal Customer,27,Business Travel,Eco,296,2,0,2,3,4,2,4,4,4,5,3,1,4,2.92,16,23,FALSE
Male,Loyal Customer,47,Personal Travel,Eco,986,2,4,2,1,2,2,2,2,4,4,5,4,2,2.77,0,0,FALSE
Female,Loyal Customer,25,Business Travel,Business,2628,3,4,4,4,3,3,3,3,4,5,3,4,3,3.54,79,83,FALSE
Male,Loyal Customer,57,Business Travel,Eco,374,2,2,2,2,2,2,2,2,3,1,2,1,2,1.92,6,14,FALSE
Female,Loyal Customer,36,Business Travel,Business,1757,2,2,2,2,3,3,4,2,2,2,2,4,2,2.46,59,52,FALSE
Male,Disloyal Customer,20,Business Travel,Business,1024,4,4,4,4,4,4,4,4,5,5,4,4,4,4.15,0,0,TRUE
Male,Loyal Customer,27,Personal Travel,Eco Plus,945,3,3,3,4,2,3,2,2,1,1,4,2,2,2.46,0,4,FALSE
Male,Loyal Customer,7,Personal Travel,Eco Plus,728,3,4,3,3,5,3,5,5,1,4,3,3,5,3.62,0,29,FALSE
Female,Loyal Customer,44,Personal Travel,Eco,190,1,4,1,3,4,5,4,5,5,1,5,3,4,3.46,1,0,FALSE
Male,Disloyal Customer,26,Business Travel,Business,425,1,0,1,5,2,1,2,2,4,4,4,3,2,2.38,0,2,FALSE
Female,Loyal Customer,43,Personal Travel,Eco,585,1,4,1,4,1,2,2,5,2,4,5,2,2,2.69,236,230,FALSE
Female,Loyal Customer,45,Business Travel,Business,2153,2,2,4,2,2,5,4,4,4,4,4,4,4,3.46,0,0,TRUE
Female,Loyal Customer,64,Personal Travel,Eco Plus,622,4,5,3,2,2,4,4,5,5,3,5,3,3,3.69,9,11,FALSE
Male,Loyal Customer,41,Business Travel,Eco,946,5,4,4,4,5,5,5,5,2,2,4,4,5,4.15,79,61,TRUE
Female,Loyal Customer,51,Business Travel,Eco Plus,990,5,4,4,4,2,5,4,5,5,5,5,4,5,4.38,0,0,TRUE
Male,Disloyal Customer,54,Business Travel,Business,1092,1,2,2,3,1,1,5,1,1,5,1,5,1,2.23,113,101,FALSE
Male,Loyal Customer,32,Business Travel,Business,3921,0,0,0,4,5,5,5,5,1,3,5,5,5,3.31,3,0,TRUE
Male,Loyal Customer,61,Business Travel,Business,413,5,5,5,5,3,4,4,4,4,4,4,5,3,4.23,0,0,TRUE
Female,Loyal Customer,7,Personal Travel,Eco,1092,2,1,2,2,2,2,2,2,3,1,2,1,2,1.85,97,120,FALSE
Male,Loyal Customer,35,Business Travel,Eco,1242,5,2,2,2,5,5,5,5,2,3,5,1,5,3.62,0,13,TRUE
Male,Loyal Customer,29,Business Travel,Business,2816,5,5,5,5,4,4,4,4,1,3,2,5,4,3.92,0,0,TRUE
Female,Disloyal Customer,39,Business Travel,Business,227,3,3,3,3,5,3,5,5,3,4,5,4,5,3.92,0,0,FALSE
Female,Loyal Customer,49,Business Travel,Eco,545,1,5,5,5,2,4,4,1,1,1,1,3,4,2.85,0,0,FALSE
Female,Disloyal Customer,34,Business Travel,Eco,2288,4,4,4,2,2,4,2,2,2,1,1,3,2,2.54,0,0,FALSE
Male,Loyal Customer,41,Business Travel,Business,2790,3,3,3,3,3,4,4,4,4,4,4,5,3,3.62,0,0,TRUE
Male,Loyal Customer,50,Personal Travel,Business,868,3,5,3,3,5,1,5,3,3,3,3,1,3,3.15,0,7,FALSE
Female,Loyal Customer,53,Business Travel,Eco,403,2,1,5,5,1,2,3,2,2,2,2,1,5,2.54,3,11,TRUE
Female,Loyal Customer,64,Personal Travel,Eco,546,1,1,4,3,3,4,4,4,4,4,4,1,4,3.15,33,18,FALSE
Female,Loyal Customer,15,Personal Travel,Eco,524,4,4,4,2,3,4,3,3,4,5,4,3,3,3.54,0,0,TRUE
Female,Loyal Customer,22,Business Travel,Business,3999,2,2,2,2,3,3,3,3,4,4,3,1,3,2.69,0,0,TRUE
Male,Loyal Customer,56,Business Travel,Business,1491,1,5,5,5,5,4,3,1,1,1,1,3,1,2.77,0,0,FALSE
Female,Loyal Customer,24,Business Travel,Business,2233,1,1,1,1,4,4,4,4,1,4,1,4,4,2.62,0,5,TRUE
Female,Loyal Customer,60,Business Travel,Eco Plus,946,2,1,1,1,5,4,3,2,2,2,2,4,4,2.54,0,0,FALSE
Male,Disloyal Customer,27,Business Travel,Eco,1598,5,5,5,3,3,5,1,3,1,4,4,3,3,3.46,48,76,TRUE
Female,Loyal Customer,29,Personal Travel,Eco,1035,3,3,3,4,3,5,5,1,5,4,4,5,5,3.85,179,158,FALSE
Female,Loyal Customer,46,Personal Travel,Eco Plus,899,4,5,4,4,3,3,3,5,5,4,5,1,3,3.77,3,10,FALSE
Male,Loyal Customer,9,Personal Travel,Eco,86,4,4,4,4,1,4,1,1,1,1,3,1,1,2.31,47,52,FALSE
Female,Loyal Customer,47,Business Travel,Business,1781,5,5,5,5,2,5,5,5,5,4,5,5,4,4.62,0,0,TRUE
Female,Loyal Customer,9,Personal Travel,Eco Plus,546,3,4,3,3,2,3,2,2,3,4,1,3,2,2.69,33,23,FALSE
Male,Loyal Customer,27,Business Travel,Business,1533,3,3,3,3,4,4,4,4,1,4,4,4,4,3.46,0,0,TRUE
Female,Loyal Customer,50,Business Travel,Business,2311,5,5,5,5,2,5,4,4,4,4,4,3,4,4.15,0,0,TRUE
Male,Loyal Customer,68,Personal Travel,Eco Plus,588,2,5,3,2,2,3,2,2,4,4,5,4,2,3.08,0,0,FALSE
Female,Loyal Customer,70,Personal Travel,Eco,842,1,3,1,3,1,1,5,1,1,1,1,2,3,1.85,2,14,FALSE
Female,Loyal Customer,33,Business Travel,Business,745,2,2,2,2,3,4,4,5,5,5,5,5,5,3.77,39,45,TRUE
Male,Loyal Customer,44,Business Travel,Business,3165,3,3,3,3,5,5,2,4,4,4,4,2,5,3.62,0,0,TRUE
Female,Loyal Customer,40,Business Travel,Business,529,3,3,3,3,3,4,5,5,5,5,5,3,5,4,0,0,TRUE
Female,Loyal Customer,63,Business Travel,Eco Plus,214,2,2,2,2,3,2,2,2,2,2,2,3,4,2.31,12,1,FALSE
Female,Loyal Customer,29,Personal Travel,Business,236,3,5,3,4,4,3,4,4,2,4,1,2,4,3.31,18,16,FALSE
Female,Disloyal Customer,39,Business Travel,Eco,137,3,3,3,2,1,3,5,1,4,3,2,4,1,2.69,58,56,FALSE
Male,Loyal Customer,32,Personal Travel,Eco,544,4,2,2,3,1,2,1,1,3,1,3,4,1,2.15,0,0,FALSE
Female,Loyal Customer,57,Business Travel,Eco,261,5,4,4,4,1,4,4,5,5,5,5,4,5,4.23,0,0,TRUE
Female,Loyal Customer,27,Business Travel,Eco,550,1,3,3,3,1,2,1,1,1,4,3,3,1,2.08,16,16,FALSE
Female,Loyal Customer,42,Business Travel,Business,2718,4,4,4,4,3,4,4,5,5,5,5,3,5,4.23,7,2,TRUE
Male,Loyal Customer,15,Personal Travel,Eco,844,5,4,5,3,4,5,4,4,5,3,5,3,4,4.15,0,0,TRUE
Female,Disloyal Customer,26,Business Travel,Eco,296,3,3,3,3,1,3,1,1,3,2,4,3,1,2.38,0,0,FALSE
Female,Loyal Customer,53,Business Travel,Business,2546,3,2,2,2,2,3,3,3,3,3,3,3,1,2.54,0,0,FALSE
Female,Loyal Customer,41,Business Travel,Business,1620,4,4,4,4,3,2,5,3,3,4,3,3,4,3.54,6,5,TRUE
Female,Loyal Customer,32,Business Travel,Business,3278,2,2,2,2,2,2,2,2,2,5,4,4,2,2.54,0,0,FALSE
Male,Loyal Customer,32,Personal Travel,Eco,1008,2,5,2,5,3,2,3,3,5,5,5,5,3,3.69,40,16,FALSE
Male,Loyal Customer,14,Personal Travel,Eco,1020,1,1,1,3,4,1,4,4,3,1,3,3,4,2.54,0,0,FALSE
Male,Disloyal Customer,29,Business Travel,Business,1096,3,3,3,4,4,3,4,4,1,2,3,3,4,3.15,0,9,FALSE
Male,Loyal Customer,50,Business Travel,Business,1564,4,2,2,2,2,3,3,4,4,4,4,3,4,3.15,13,15,FALSE
Female,Loyal Customer,46,Business Travel,Business,2340,5,5,3,5,3,4,5,3,3,3,3,5,5,4,15,21,TRUE
Female,Loyal Customer,20,Personal Travel,Eco,589,3,5,3,5,2,3,2,2,5,2,4,5,2,3.31,0,0,FALSE
Female,Loyal Customer,36,Business Travel,Business,2125,3,2,2,2,5,4,3,3,3,3,3,3,3,3,3,10,FALSE
Male,Loyal Customer,45,Business Travel,Business,255,3,3,3,3,2,5,4,4,4,4,4,3,5,3.62,0,7,TRUE
Male,Loyal Customer,45,Business Travel,Business,1739,5,5,5,5,2,5,5,5,5,5,5,4,5,4.69,8,2,TRUE
Male,Disloyal Customer,68,Business Travel,Business,224,4,4,4,3,3,4,3,3,2,3,3,2,3,3.15,26,17,FALSE
Male,Loyal Customer,27,Personal Travel,Eco,109,3,2,3,2,2,3,2,2,4,4,3,1,2,2.54,0,0,FALSE
Female,Loyal Customer,25,Personal Travel,Eco,1298,2,4,1,3,3,1,3,3,3,3,3,4,3,2.77,0,0,FALSE
Male,Disloyal Customer,30,Business Travel,Eco,639,2,0,1,5,2,1,2,2,2,5,1,2,2,2.08,9,0,FALSE
Female,Loyal Customer,53,Business Travel,Business,406,2,2,2,2,3,5,4,4,4,4,4,3,4,3.31,1,0,TRUE
Male,Loyal Customer,29,Personal Travel,Eco,404,3,3,3,3,1,3,1,1,4,1,3,4,1,2.38,31,24,FALSE
Male,Loyal Customer,30,Business Travel,Eco,936,3,5,5,5,3,2,3,3,2,4,3,4,3,3.46,9,19,FALSE
Female,Loyal Customer,58,Business Travel,Business,2023,2,2,2,2,4,4,4,5,5,5,5,3,4,3.62,0,0,TRUE
Female,Loyal Customer,30,Business Travel,Business,2588,4,2,2,2,4,3,4,4,4,4,2,2,4,3.15,0,0,FALSE
Female,Loyal Customer,42,Business Travel,Business,1727,5,5,5,5,3,5,4,5,5,5,5,5,3,4.62,0,0,TRUE
Female,Loyal Customer,40,Business Travel,Business,678,2,2,2,2,3,4,5,4,4,4,4,4,3,3.31,0,0,TRUE
Male,Loyal Customer,46,Business Travel,Eco Plus,204,4,4,4,4,4,4,4,4,5,1,1,4,4,3.62,3,0,TRUE
Female,Loyal Customer,29,Business Travel,Eco,2295,3,4,4,4,3,3,3,3,1,5,3,3,3,3.23,6,2,FALSE
Male,Loyal Customer,17,Personal Travel,Eco,645,4,5,4,4,4,4,4,4,4,2,5,4,4,4,0,0,TRUE
Female,Loyal Customer,54,Business Travel,Business,3892,5,5,4,5,4,4,5,4,4,4,4,4,5,4.38,0,0,TRUE
Male,Disloyal Customer,20,Business Travel,Eco,624,3,0,3,3,5,3,5,5,3,1,1,5,5,3.23,0,0,FALSE
Male,Disloyal Customer,25,Business Travel,Eco,143,2,0,2,1,2,2,2,2,3,4,3,3,2,2.15,0,0,FALSE
Female,Loyal Customer,47,Personal Travel,Eco,196,3,2,3,3,4,3,4,1,1,3,1,4,1,2.54,0,0,FALSE
Male,Disloyal Customer,24,Business Travel,Business,1046,4,5,4,1,4,4,3,4,3,4,4,5,4,3.77,13,0,TRUE
Male,Loyal Customer,16,Personal Travel,Eco,666,2,4,2,3,3,2,3,3,4,4,4,4,3,3.15,0,0,FALSE
Female,Loyal Customer,51,Personal Travel,Eco,628,2,1,2,4,1,3,3,2,2,2,2,2,1,2.08,14,0,FALSE
Male,Disloyal Customer,24,Business Travel,Eco,1979,3,4,4,2,3,3,3,3,1,5,1,3,3,2.92,59,89,FALSE
Male,Loyal Customer,63,Business Travel,Business,1984,2,1,5,1,2,4,4,2,2,2,2,1,2,2.31,0,5,FALSE
Female,Disloyal Customer,44,Business Travel,Eco,704,1,1,1,3,1,1,1,1,1,2,4,1,1,1.46,8,5,FALSE
Female,Loyal Customer,24,Personal Travel,Eco,444,3,5,3,4,3,3,4,3,4,3,4,5,3,3.62,0,0,FALSE
Male,Disloyal Customer,30,Business Travel,Business,999,0,0,0,2,5,0,5,5,5,3,4,4,5,2.92,0,0,TRUE
Female,Loyal Customer,57,Business Travel,Eco,351,4,5,5,5,2,5,4,4,4,4,4,2,4,4,0,0,TRUE
Male,Loyal Customer,27,Business Travel,Eco Plus,1172,5,5,5,5,5,4,5,5,3,3,3,4,5,4.38,0,0,FALSE
Female,Loyal Customer,52,Personal Travel,Eco,248,4,5,0,3,2,4,5,4,4,0,4,4,4,3.31,1,2,FALSE
Male,Loyal Customer,64,Business Travel,Business,2153,2,5,5,5,3,1,3,2,2,1,2,3,2,2.77,0,0,FALSE
Male,Disloyal Customer,27,Business Travel,Eco,247,4,0,4,1,2,4,2,2,3,1,3,5,2,2.54,1,2,FALSE
Female,Loyal Customer,57,Personal Travel,Eco,134,1,0,1,1,4,5,4,5,5,1,5,4,5,3.15,17,13,FALSE
Female,Loyal Customer,37,Business Travel,Eco Plus,253,4,5,5,5,4,5,4,4,3,4,1,4,4,4,0,0,TRUE
Female,Loyal Customer,60,Business Travel,Business,1968,1,1,1,1,4,5,4,5,5,5,5,5,3,3.46,0,0,TRUE
Female,Loyal Customer,46,Personal Travel,Eco,1121,3,4,3,2,3,5,4,1,1,3,1,4,5,3,0,0,FALSE
Female,Loyal Customer,45,Business Travel,Business,2283,1,3,3,3,3,3,3,1,1,1,1,4,2,2.23,32,43,FALSE
Female,Loyal Customer,53,Business Travel,Business,2359,1,1,1,1,5,5,4,4,4,4,4,3,4,3.15,5,0,TRUE
Male,Loyal Customer,48,Personal Travel,Eco,991,2,4,2,2,4,2,4,4,3,3,5,4,4,3.31,0,0,FALSE
Female,Disloyal Customer,37,Business Travel,Eco,201,2,0,2,3,4,2,4,4,4,1,3,3,4,2.77,0,0,FALSE
Female,Loyal Customer,57,Business Travel,Business,3448,4,4,4,4,4,4,5,4,4,4,4,3,3,3.92,4,0,TRUE
Male,Loyal Customer,48,Business Travel,Business,2761,4,4,4,4,2,4,5,4,4,5,4,3,4,3.92,24,26,TRUE
Male,Loyal Customer,58,Business Travel,Eco,911,4,3,3,3,4,4,4,4,5,5,5,5,4,4.08,2,0,TRUE
Male,Loyal Customer,47,Business Travel,Business,2751,5,5,5,5,2,5,4,4,4,4,4,3,5,4.23,0,0,TRUE
Female,Loyal Customer,26,Personal Travel,Eco Plus,788,2,5,2,3,4,2,3,4,3,4,4,3,4,3.31,59,38,FALSE
Female,Loyal Customer,44,Personal Travel,Eco,762,3,5,3,2,5,5,5,5,5,3,5,5,3,4.15,21,25,FALSE
Male,Loyal Customer,16,Personal Travel,Eco,1671,5,3,5,3,4,5,4,4,4,1,4,3,4,3.77,0,0,TRUE
Male,Loyal Customer,49,Business Travel,Eco,1482,5,3,5,3,5,5,5,5,5,5,1,4,5,4.31,0,0,TRUE
Female,Disloyal Customer,24,Business Travel,Eco,787,2,2,2,1,4,2,4,4,5,5,5,3,4,3.31,6,0,FALSE
Male,Loyal Customer,39,Business Travel,Business,1849,4,4,4,4,4,5,4,4,4,4,4,4,3,4,26,48,TRUE
Female,Disloyal Customer,41,Business Travel,Business,2399,3,2,2,5,5,3,5,5,3,5,3,3,5,3.77,2,0,FALSE
Male,Loyal Customer,43,Business Travel,Eco,349,5,4,4,4,5,5,5,5,2,4,4,4,5,4.31,0,4,TRUE
Female,Loyal Customer,34,Business Travel,Business,2248,5,5,5,5,4,4,4,5,5,5,5,4,5,4.69,16,7,TRUE
Female,Loyal Customer,52,Personal Travel,Eco,366,3,5,3,2,5,5,5,2,2,3,2,4,5,3.54,0,0,FALSE
Female,Loyal Customer,55,Personal Travel,Eco,468,3,4,3,5,4,4,5,4,4,3,4,5,3,3.92,3,27,FALSE
Male,Loyal Customer,21,Business Travel,Business,262,3,2,3,3,5,5,5,5,4,5,4,2,5,3.92,0,0,TRUE
Male,Loyal Customer,56,Business Travel,Eco,261,2,1,1,1,2,2,2,2,1,5,5,1,2,2.08,0,0,TRUE
Female,Loyal Customer,29,Personal Travel,Eco,337,4,4,3,1,3,3,3,3,4,4,5,4,3,3.38,0,0,TRUE
Male,Loyal Customer,52,Business Travel,Business,3457,5,5,5,5,3,5,5,4,4,5,4,3,4,4.38,5,6,TRUE
Female,Loyal Customer,26,Personal Travel,Eco,666,2,4,2,4,4,2,4,4,3,3,4,3,4,3.31,0,45,FALSE
Male,Loyal Customer,51,Personal Travel,Eco,182,3,4,3,3,2,3,2,2,3,4,4,3,2,2.92,46,35,FALSE
Female,Loyal Customer,60,Business Travel,Business,3902,2,4,4,4,2,4,4,2,2,2,2,3,3,2.92,104,98,FALSE
Female,Loyal Customer,30,Business Travel,Business,1626,2,4,4,4,2,2,2,2,4,3,4,2,2,2.85,15,0,FALSE
Male,Disloyal Customer,25,Business Travel,Eco Plus,628,4,1,4,4,3,4,3,3,2,4,4,3,3,3.23,0,0,FALSE
Male,Loyal Customer,40,Business Travel,Business,1892,3,2,3,3,4,5,4,2,2,2,2,3,3,2.92,0,0,TRUE
Female,Loyal Customer,58,Business Travel,Business,304,0,0,0,2,4,4,5,3,3,3,3,3,5,2.69,0,0,TRUE
Female,Loyal Customer,45,Personal Travel,Eco,580,2,4,2,1,5,5,4,5,5,2,1,3,3,3.23,28,24,FALSE
Male,Disloyal Customer,29,Business Travel,Eco,502,4,2,4,3,2,4,2,2,4,3,3,4,2,3,8,68,FALSE
Male,Loyal Customer,40,Personal Travel,Eco,2475,3,2,3,3,3,4,4,2,2,2,3,4,4,3,0,3,FALSE
Female,Disloyal Customer,30,Business Travel,Business,846,5,5,5,4,3,5,3,3,3,3,4,5,3,3.92,0,37,TRUE
Male,Loyal Customer,32,Business Travel,Eco,994,2,4,4,4,2,2,2,2,1,3,3,1,2,2.46,0,0,FALSE
Male,Loyal Customer,8,Personal Travel,Eco,612,2,1,2,4,1,2,1,1,1,5,4,4,1,2.23,0,4,FALSE
Female,Loyal Customer,9,Personal Travel,Eco,643,2,2,2,4,1,2,4,1,2,5,3,3,1,2.46,0,5,FALSE
Female,Disloyal Customer,59,Business Travel,Eco,248,4,2,4,4,3,4,3,3,1,2,4,3,3,3.08,10,9,FALSE
Male,Loyal Customer,41,Personal Travel,Eco Plus,594,3,1,3,2,2,3,2,2,4,2,2,4,2,2.46,0,0,FALSE
Male,Loyal Customer,26,Personal Travel,Eco,1744,2,4,2,2,2,2,2,2,4,5,3,5,2,2.85,2,0,FALSE
Female,Loyal Customer,46,Business Travel,Business,2149,5,5,5,5,3,4,5,4,4,4,4,4,4,4.31,82,57,TRUE
Male,Loyal Customer,50,Business Travel,Eco Plus,799,2,3,5,3,2,2,2,2,2,2,3,5,2,2.69,0,0,TRUE
Female,Loyal Customer,68,Personal Travel,Eco,1535,3,1,3,3,1,2,3,2,2,3,2,1,1,2.08,0,13,FALSE
Male,Disloyal Customer,36,Business Travel,Eco,399,4,3,4,3,4,4,4,4,1,2,4,4,4,3.46,0,0,FALSE
Female,Loyal Customer,51,Personal Travel,Eco,594,1,4,1,4,1,1,2,1,1,1,1,4,4,2,5,20,FALSE
Male,Loyal Customer,53,Business Travel,Business,1440,4,4,4,4,2,4,4,4,4,4,4,4,5,3.92,0,0,TRUE
Male,Loyal Customer,38,Business Travel,Eco,794,1,3,4,3,1,1,1,1,2,2,3,3,1,2,93,82,FALSE
Male,Loyal Customer,9,Personal Travel,Eco,2586,3,3,3,4,3,1,1,2,2,3,4,1,1,2.38,44,39,FALSE
Male,Loyal Customer,32,Personal Travel,Eco,337,4,5,4,2,4,4,4,4,4,2,5,3,4,3.77,0,0,TRUE
Female,Disloyal Customer,27,Business Travel,Business,802,4,3,3,4,1,3,1,1,3,3,3,3,1,2.54,0,0,FALSE
Male,Loyal Customer,19,Personal Travel,Eco,589,2,4,2,1,2,2,2,2,1,5,3,5,2,2.54,0,0,FALSE
Female,Loyal Customer,11,Personal Travel,Eco,1464,3,3,3,3,1,3,1,1,1,3,1,4,1,2.15,0,1,FALSE
Male,Loyal Customer,34,Business Travel,Business,1616,2,2,4,2,2,5,4,5,5,5,5,5,4,3.85,0,0,TRUE
Male,Loyal Customer,7,Personal Travel,Eco,495,3,3,3,3,2,3,2,2,4,1,1,3,2,2.46,0,0,FALSE
Male,Loyal Customer,29,Business Travel,Business,526,2,2,2,2,4,4,4,4,3,5,4,3,4,3.31,0,0,TRUE
Male,Loyal Customer,48,Business Travel,Business,2224,1,1,1,1,4,5,4,4,4,4,4,5,3,3.15,3,0,TRUE
Female,Loyal Customer,40,Business Travel,Business,854,4,4,4,4,4,1,5,4,4,4,4,5,1,3.69,0,0,TRUE
Male,Loyal Customer,52,Personal Travel,Eco,404,4,3,4,4,5,4,5,5,2,2,3,4,5,3.85,0,0,FALSE
Female,Loyal Customer,53,Business Travel,Business,2942,3,3,3,3,4,4,4,5,5,5,5,5,3,4,23,15,TRUE
Male,Loyal Customer,20,Personal Travel,Business,650,4,5,4,5,2,4,2,2,4,1,5,3,2,3.31,0,7,FALSE
Female,Loyal Customer,45,Business Travel,Eco,320,5,4,4,4,1,5,4,5,5,5,5,1,5,4.08,0,7,TRUE
Male,Loyal Customer,52,Business Travel,Business,3622,1,1,1,1,3,4,5,4,4,4,4,3,3,2.92,0,0,TRUE
Male,Loyal Customer,15,Personal Travel,Eco,650,1,3,1,3,3,1,1,3,2,5,3,3,3,2.46,128,127,FALSE
Female,Loyal Customer,19,Personal Travel,Eco,547,4,5,4,1,4,4,4,4,5,5,3,3,4,3.85,104,95,FALSE
Male,Loyal Customer,69,Business Travel,Business,684,1,5,5,5,2,3,4,1,1,2,1,2,2,2.62,7,12,FALSE
Male,Loyal Customer,47,Business Travel,Business,2123,1,1,1,1,3,4,4,5,5,5,5,5,5,3.46,5,0,TRUE
Female,Loyal Customer,50,Business Travel,Business,2798,3,3,3,3,2,5,4,4,4,4,4,5,5,3.77,0,0,TRUE
Male,Loyal Customer,19,Business Travel,Business,2388,3,3,3,3,5,5,5,5,5,4,5,1,5,4,0,0,TRUE
Female,Loyal Customer,43,Business Travel,Business,846,3,3,3,3,2,5,5,3,3,4,3,4,5,3.54,0,0,TRUE
Female,Loyal Customer,59,Personal Travel,Eco,228,2,4,2,4,5,3,3,5,5,2,2,4,4,3.46,64,48,FALSE
Female,Loyal Customer,38,Personal Travel,Eco,451,1,3,1,3,5,1,5,5,1,5,4,1,5,3.08,73,72,FALSE
Female,Loyal Customer,52,Personal Travel,Eco,308,5,1,2,3,3,3,3,5,5,2,2,4,1,3,0,0,TRUE
Male,Disloyal Customer,25,Business Travel,Business,1299,4,4,4,2,3,4,3,3,5,4,5,4,3,3.69,12,0,TRUE
Male,Loyal Customer,64,Business Travel,Business,1214,2,5,5,5,3,3,2,2,2,2,2,2,2,2.85,28,11,FALSE
Male,Disloyal Customer,27,Business Travel,Business,687,4,4,4,5,4,4,4,4,5,4,4,3,4,4.08,0,0,TRUE
Female,Disloyal Customer,59,Business Travel,Eco,308,2,3,2,3,1,2,1,1,3,5,3,4,1,2.38,92,93,FALSE
Male,Loyal Customer,44,Business Travel,Business,3750,3,3,3,3,2,4,4,2,2,2,2,4,5,3,0,0,TRUE
Male,Loyal Customer,32,Business Travel,Business,2130,4,5,5,5,4,4,4,4,4,5,3,4,4,4.23,7,18,FALSE
Male,Disloyal Customer,25,Business Travel,Eco,1147,5,5,5,3,5,5,5,5,5,2,5,4,5,4.54,11,4,TRUE
Male,Loyal Customer,47,Personal Travel,Eco,1069,4,4,4,4,1,4,1,1,2,4,1,2,1,2.54,4,6,FALSE
Female,Loyal Customer,68,Business Travel,Business,2524,4,4,4,4,4,4,4,4,4,4,4,5,5,4.15,3,1,TRUE
Male,Loyal Customer,38,Business Travel,Business,2029,3,3,3,3,2,5,4,4,4,4,4,5,5,3.77,0,0,TRUE
Male,Loyal Customer,35,Business Travel,Business,255,5,5,5,5,2,5,3,5,5,5,5,2,5,4.38,0,0,TRUE
Male,Loyal Customer,48,Business Travel,Business,1553,4,4,4,4,3,5,5,5,5,5,5,4,5,4.46,2,0,TRUE
Female,Loyal Customer,30,Personal Travel,Eco,596,1,1,1,4,3,1,3,3,3,2,3,1,3,2.23,2,11,FALSE
Female,Disloyal Customer,37,Business Travel,Eco,272,2,0,2,3,4,2,4,4,5,2,4,4,4,3.08,3,1,FALSE
Male,Loyal Customer,61,Personal Travel,Eco Plus,670,2,5,2,4,2,2,2,2,4,5,4,5,2,3.15,0,11,FALSE
Female,Loyal Customer,37,Business Travel,Business,599,3,3,3,3,5,1,1,4,4,4,4,1,5,3.15,0,0,TRUE
Female,Loyal Customer,60,Personal Travel,Eco,888,4,3,4,1,3,5,1,1,1,4,1,5,2,2.69,76,80,FALSE
Male,Loyal Customer,47,Business Travel,Business,3352,3,3,3,3,2,5,4,5,5,5,5,4,3,3.85,0,5,TRUE
Male,Loyal Customer,48,Business Travel,Business,369,5,5,5,5,4,4,5,5,5,4,5,4,5,4.69,14,20,TRUE
Male,Loyal Customer,43,Personal Travel,Eco,965,1,5,1,3,1,1,1,1,5,2,4,5,1,2.38,39,31,FALSE
Male,Loyal Customer,61,Business Travel,Eco,329,5,5,5,5,5,5,5,5,5,1,4,5,5,4.62,165,162,TRUE
Female,Disloyal Customer,16,Business Travel,Eco,236,3,2,3,4,2,3,4,2,4,1,4,2,2,2.77,4,13,FALSE
Female,Loyal Customer,44,Business Travel,Eco,488,2,2,2,2,1,1,2,2,2,2,2,5,2,2.08,0,48,TRUE
Female,Loyal Customer,60,Business Travel,Eco,1189,3,4,5,4,1,3,2,3,3,3,3,2,1,2.85,0,11,FALSE
Male,Disloyal Customer,22,Business Travel,Eco,315,0,0,0,4,5,0,5,5,5,2,4,1,5,2.77,58,80,TRUE
Female,Loyal Customer,50,Business Travel,Business,425,2,2,2,2,3,4,5,4,4,5,4,4,5,3.54,0,0,TRUE
Female,Loyal Customer,49,Business Travel,Business,271,1,1,1,1,2,4,4,5,5,5,5,5,3,3.23,10,4,TRUE
Male,Disloyal Customer,27,Business Travel,Business,1744,1,1,1,1,2,1,3,2,4,4,4,5,2,2.38,35,6,FALSE
Male,Loyal Customer,26,Business Travel,Business,2283,3,3,3,3,5,4,5,5,5,4,4,3,5,4,0,0,TRUE
Male,Loyal Customer,53,Business Travel,Business,2263,3,1,1,1,4,2,2,3,3,3,3,2,3,2.38,25,33,FALSE
Male,Loyal Customer,59,Business Travel,Eco,301,4,1,1,1,4,4,4,4,4,2,1,3,4,2.85,12,11,TRUE
Male,Loyal Customer,37,Personal Travel,Eco,2218,2,4,3,3,4,3,3,4,2,5,4,3,4,3.38,2,0,FALSE
Female,Disloyal Customer,30,Business Travel,Eco,862,1,1,1,4,2,1,2,2,3,5,3,1,2,2.15,39,25,FALSE
Female,Loyal Customer,15,Business Travel,Business,201,1,5,5,5,2,1,1,2,1,1,2,2,2,2.31,36,29,FALSE
Female,Loyal Customer,21,Personal Travel,Eco,2425,1,3,1,3,1,2,2,2,5,2,3,2,2,2.23,8,0,FALSE
Male,Loyal Customer,34,Business Travel,Business,101,0,5,0,3,1,2,3,4,4,4,4,4,1,2.69,0,0,TRUE
Male,Disloyal Customer,27,Business Travel,Eco Plus,1056,2,2,2,4,5,2,5,5,3,1,3,1,5,3.08,16,1,FALSE
Female,Disloyal Customer,25,Business Travel,Business,919,0,0,0,2,3,0,3,3,5,5,4,5,3,2.54,8,1,TRUE
Female,Loyal Customer,26,Business Travel,Business,212,1,5,5,5,1,1,1,1,2,4,3,2,1,2.46,6,8,FALSE
Male,Loyal Customer,38,Business Travel,Eco Plus,4983,4,4,4,4,4,4,4,3,4,3,5,4,4,3.92,2,0,TRUE
Female,Loyal Customer,15,Personal Travel,Eco Plus,517,2,5,2,1,2,2,2,2,1,4,5,5,2,2.69,0,2,FALSE
Female,Loyal Customer,10,Personal Travel,Eco,751,2,5,2,2,1,2,1,1,5,5,5,3,1,2.69,57,75,FALSE
Male,Loyal Customer,29,Business Travel,Eco,2402,2,2,2,2,2,2,2,3,2,3,3,2,2,2.23,17,59,FALSE
Female,Disloyal Customer,20,Business Travel,Eco,140,4,0,4,4,5,4,5,5,3,2,3,5,5,3.77,0,1,TRUE
Female,Disloyal Customer,23,Business Travel,Eco,1371,5,5,5,3,3,5,3,3,5,5,5,3,3,4.08,0,0,TRUE
Male,Loyal Customer,62,Personal Travel,Eco,731,2,1,2,3,5,2,5,5,3,1,3,3,5,3.08,1,0,FALSE
Male,Loyal Customer,44,Business Travel,Business,3980,1,1,1,1,4,4,4,4,4,4,4,5,4,3.15,1,0,TRUE
Male,Disloyal Customer,33,Business Travel,Business,372,2,2,2,3,3,2,3,3,5,4,4,5,3,3.15,0,0,FALSE
Female,Loyal Customer,57,Business Travel,Eco Plus,347,4,1,1,1,2,3,3,4,4,4,4,4,4,3,9,17,FALSE
Male,Loyal Customer,60,Business Travel,Business,1950,5,5,5,5,5,4,2,4,4,4,4,2,1,3.85,0,0,TRUE
Male,Loyal Customer,53,Business Travel,Business,2295,2,2,2,2,3,5,5,5,5,5,5,3,3,3.62,5,0,TRUE
Female,Loyal Customer,40,Personal Travel,Eco,2717,1,4,1,2,1,3,5,3,2,5,5,5,5,3.23,0,18,FALSE
Male,Loyal Customer,44,Business Travel,Business,2011,1,1,1,1,4,4,5,4,4,4,4,5,4,3.23,55,60,TRUE
Male,Loyal Customer,17,Personal Travel,Business,1195,2,1,2,4,4,2,4,4,2,4,3,1,4,2.85,31,22,FALSE
Male,Loyal Customer,52,Personal Travel,Eco Plus,1814,2,5,1,5,4,1,4,4,4,5,4,3,4,3.54,0,9,FALSE
Female,Loyal Customer,35,Business Travel,Business,237,3,2,2,2,1,4,3,3,3,3,3,3,4,2.77,2,2,FALSE
Male,Loyal Customer,63,Personal Travel,Eco,1597,1,4,2,3,2,2,2,2,4,4,4,3,2,2.69,0,0,FALSE
Female,Loyal Customer,60,Business Travel,Eco,484,5,3,3,3,2,5,3,4,4,5,4,4,3,3.69,2,3,TRUE
Female,Loyal Customer,51,Business Travel,Business,1974,4,4,4,4,2,4,4,5,5,5,4,3,3,3.92,0,0,TRUE
Female,Loyal Customer,39,Business Travel,Business,2586,4,4,4,4,3,3,3,5,4,4,4,3,3,3.69,0,0,TRUE
Male,Loyal Customer,59,Personal Travel,Eco,814,1,1,1,4,1,1,1,1,4,5,2,4,1,2.08,5,0,FALSE
Female,Loyal Customer,27,Business Travel,Business,3693,3,3,3,3,3,3,3,3,1,2,4,2,3,2.77,0,14,FALSE
Female,Loyal Customer,59,Personal Travel,Eco,660,4,2,4,3,4,4,3,2,2,4,2,3,2,3,4,0,FALSE
Male,Loyal Customer,50,Business Travel,Eco,2288,3,1,1,1,3,3,3,3,2,2,3,1,3,2.23,0,0,FALSE
Female,Loyal Customer,58,Personal Travel,Eco,407,3,3,3,3,3,5,5,5,5,3,5,2,2,3.62,38,19,FALSE
Male,Loyal Customer,66,Personal Travel,Eco Plus,2227,3,4,3,2,5,3,5,5,3,3,5,3,5,3.77,62,53,FALSE
Female,Loyal Customer,30,Business Travel,Business,1258,4,4,4,4,4,4,4,4,3,2,3,1,4,3.46,9,17,FALSE
Male,Loyal Customer,35,Business Travel,Business,1995,5,5,5,5,2,5,5,4,4,4,4,5,3,4.31,0,0,TRUE
Male,Loyal Customer,25,Personal Travel,Eco Plus,250,3,5,3,5,3,3,3,3,3,5,4,5,3,3.69,0,0,FALSE
Female,Loyal Customer,57,Business Travel,Business,1843,4,4,4,4,5,4,4,3,3,3,3,4,3,3.69,0,0,TRUE
Male,Loyal Customer,42,Business Travel,Eco Plus,102,4,5,2,5,5,4,5,5,4,2,1,2,5,3.77,21,22,TRUE
Male,Loyal Customer,60,Business Travel,Business,2288,2,2,2,2,2,2,2,5,4,5,5,2,2,2.85,0,0,TRUE
Female,Disloyal Customer,52,Business Travel,Eco,628,2,0,2,3,5,2,4,5,5,3,4,4,5,3.38,0,0,FALSE
Male,Loyal Customer,26,Personal Travel,Business,150,2,4,2,4,2,2,2,2,2,5,2,5,2,2.77,0,0,FALSE
Female,Loyal Customer,39,Business Travel,Eco,216,4,5,5,5,4,4,4,4,2,5,3,4,4,4.08,0,0,FALSE
Male,Disloyal Customer,28,Business Travel,Business,1205,1,1,1,4,4,1,4,4,4,3,5,4,4,3.08,14,14,FALSE
Female,Loyal Customer,24,Business Travel,Business,2647,2,2,2,2,5,5,5,5,4,4,4,1,5,3.54,15,3,TRUE
Female,Loyal Customer,11,Personal Travel,Eco,222,4,0,4,3,5,4,5,5,4,5,4,4,5,4,0,0,TRUE
Male,Loyal Customer,7,Personal Travel,Eco,425,2,2,2,4,5,2,1,5,3,4,3,2,5,3.08,0,0,FALSE
Female,Loyal Customer,46,Personal Travel,Eco Plus,1598,3,3,3,3,3,4,3,5,5,3,5,3,1,3.38,0,0,FALSE
Female,Loyal Customer,53,Business Travel,Business,2489,2,2,5,2,1,5,1,5,5,4,5,3,5,3.46,0,0,TRUE
Male,Disloyal Customer,29,Business Travel,Business,967,4,4,4,2,4,4,4,4,5,5,4,5,4,4.08,0,4,FALSE
Female,Loyal Customer,7,Business Travel,Business,516,3,2,2,2,3,3,3,3,1,1,4,3,3,2.54,0,10,FALSE
Male,Loyal Customer,48,Business Travel,Eco,337,2,5,5,5,2,2,2,2,1,4,4,1,2,2.85,0,0,FALSE
Male,Loyal Customer,41,Personal Travel,Eco,438,1,2,4,3,2,4,2,2,3,5,4,2,2,2.77,0,0,FALSE
Female,Loyal Customer,29,Personal Travel,Eco,980,2,4,2,3,5,2,5,5,4,5,4,3,5,3.77,0,0,FALSE
Male,Loyal Customer,65,Business Travel,Business,2567,1,1,1,1,5,5,3,4,4,4,4,4,5,3.23,0,0,TRUE
Female,Loyal Customer,33,Personal Travel,Eco Plus,1035,3,5,3,3,4,3,4,4,5,3,4,4,4,3.77,1,0,FALSE
Female,Disloyal Customer,22,Business Travel,Eco,1050,2,2,2,4,4,2,4,4,2,1,3,2,4,2.77,0,0,FALSE
Female,Loyal Customer,48,Personal Travel,Eco,731,1,1,1,3,3,3,2,1,1,1,1,1,2,1.62,0,0,FALSE
Female,Disloyal Customer,61,Personal Travel,Eco,1065,3,4,3,5,2,3,2,2,5,3,4,3,2,3.15,35,12,FALSE
Female,Disloyal Customer,39,Business Travel,Business,1068,3,3,3,2,3,3,3,3,5,5,5,4,3,3.46,0,0,FALSE
Male,Loyal Customer,43,Business Travel,Business,984,4,2,4,4,3,1,3,4,4,4,4,3,1,3.15,0,0,TRUE
Male,Disloyal Customer,25,Business Travel,Eco,941,2,2,2,3,1,2,1,1,4,4,4,5,1,2.46,65,67,FALSE
Female,Loyal Customer,57,Business Travel,Business,220,5,5,5,5,4,4,5,5,5,5,4,3,4,4.54,0,0,TRUE
Female,Loyal Customer,18,Business Travel,Business,1576,3,3,3,3,5,5,5,5,5,3,5,4,5,4.15,17,46,TRUE
Male,Loyal Customer,24,Business Travel,Business,3489,2,4,4,4,2,2,2,2,3,2,3,3,2,2.69,0,0,FALSE
Male,Loyal Customer,32,Personal Travel,Eco,1041,2,4,3,3,2,3,2,2,4,3,5,5,2,3.08,0,33,FALSE
Male,Loyal Customer,59,Business Travel,Business,1581,1,1,1,1,4,4,4,4,4,5,4,5,3,3.15,0,0,TRUE
Male,Disloyal Customer,22,Business Travel,Eco,203,0,5,0,4,1,0,2,1,1,5,3,4,1,2.08,1,0,TRUE
Male,Loyal Customer,64,Personal Travel,Eco,1849,2,2,3,3,2,3,2,2,1,4,3,4,2,2.54,4,0,FALSE
Male,Loyal Customer,38,Business Travel,Business,1731,0,0,0,2,1,4,5,4,4,4,4,4,4,2.77,0,0,TRUE
Female,Loyal Customer,43,Business Travel,Business,1598,3,3,3,3,1,3,4,4,4,4,4,4,3,3.31,0,0,TRUE
Female,Loyal Customer,61,Business Travel,Business,362,1,1,5,1,3,4,4,5,5,5,5,5,5,3.77,15,12,TRUE
Male,Loyal Customer,14,Personal Travel,Eco,707,1,5,1,2,2,1,2,2,1,1,5,4,2,2.23,0,12,FALSE
Male,Loyal Customer,33,Personal Travel,Eco,551,2,0,1,5,3,1,3,3,5,4,4,3,3,2.85,0,3,FALSE
Male,Loyal Customer,9,Business Travel,Business,594,4,4,4,4,2,2,2,2,3,2,4,5,2,3.08,0,0,TRUE
Male,Loyal Customer,57,Business Travel,Business,308,5,5,5,5,5,2,3,4,4,4,4,1,4,3.92,0,0,TRUE
Female,Disloyal Customer,20,Business Travel,Business,867,5,5,5,4,3,5,4,3,4,4,4,3,3,4,0,0,TRUE
Female,Loyal Customer,59,Business Travel,Business,144,3,3,3,3,5,5,5,4,4,4,5,3,5,4,0,9,TRUE
Female,Loyal Customer,37,Personal Travel,Eco,147,4,3,0,1,3,0,3,3,4,4,1,2,3,2.38,49,40,FALSE
Female,Disloyal Customer,46,Business Travel,Business,1448,1,1,1,4,1,1,1,1,3,2,4,3,1,1.85,1,0,FALSE
Male,Loyal Customer,29,Business Travel,Eco Plus,1892,1,4,4,4,1,1,1,1,1,2,2,3,1,2,0,1,FALSE
Female,Loyal Customer,56,Business Travel,Business,3562,3,3,3,3,2,4,4,4,4,4,4,5,5,3.69,0,6,TRUE
Female,Loyal Customer,35,Business Travel,Business,1620,3,2,3,2,4,3,3,3,3,3,3,4,1,2.85,0,0,FALSE
Female,Loyal Customer,37,Personal Travel,Business,228,5,4,5,2,4,5,4,2,2,5,2,3,3,3.54,3,1,TRUE
Male,Loyal Customer,47,Personal Travel,Eco,1074,2,4,2,2,3,2,3,3,4,5,5,5,3,3.31,0,0,FALSE
Female,Loyal Customer,16,Personal Travel,Eco,404,4,2,4,4,1,4,1,1,2,2,4,1,1,2.38,0,0,FALSE
Female,Loyal Customer,17,Business Travel,Business,806,3,3,3,3,5,5,5,5,1,3,2,4,5,3.62,0,0,TRUE
Female,Disloyal Customer,24,Business Travel,Business,404,5,5,5,3,2,5,2,2,5,4,4,3,2,3.62,0,0,TRUE
Female,Loyal Customer,47,Business Travel,Business,2152,2,1,1,1,3,3,2,2,2,2,2,4,2,2.08,0,0,FALSE
Male,Loyal Customer,57,Business Travel,Business,125,4,4,4,4,5,5,4,4,4,4,5,3,5,4.23,0,0,TRUE
Male,Loyal Customer,58,Business Travel,Business,2586,2,2,2,2,2,2,2,3,5,4,4,2,2,2.62,0,0,TRUE
Male,Loyal Customer,15,Personal Travel,Eco,989,0,4,0,1,1,0,1,1,5,5,4,5,1,2.15,0,16,TRUE
Female,Loyal Customer,13,Business Travel,Business,853,2,5,2,5,2,2,2,2,3,1,3,3,2,2.62,4,2,FALSE
Female,Loyal Customer,24,Business Travel,Business,820,1,5,4,4,1,1,1,1,4,2,2,1,1,2.15,0,21,FALSE
Male,Loyal Customer,38,Business Travel,Business,909,5,5,5,5,4,2,4,5,5,5,5,4,5,4.54,0,0,TRUE
Male,Loyal Customer,49,Personal Travel,Eco,666,1,5,1,2,4,1,1,4,4,5,4,1,4,2.85,0,0,FALSE
Female,Loyal Customer,47,Business Travel,Business,2714,5,5,5,5,3,5,5,5,5,5,5,5,3,4.69,0,0,TRUE
Female,Loyal Customer,24,Business Travel,Business,1721,2,2,1,2,5,5,5,5,1,1,3,2,5,3,0,0,TRUE
Male,Loyal Customer,27,Personal Travel,Eco,500,1,5,1,1,5,1,3,5,3,2,4,5,5,3.15,17,9,FALSE
Male,Loyal Customer,55,Personal Travel,Eco,764,4,3,4,2,2,4,2,2,2,4,5,2,2,2.92,19,7,FALSE
Male,Disloyal Customer,29,Business Travel,Eco,493,3,1,3,3,1,3,1,1,4,5,2,4,1,2.46,26,27,FALSE
Female,Loyal Customer,35,Business Travel,Business,1175,2,2,2,2,2,5,5,3,3,3,3,5,4,3.15,0,0,TRUE
Female,Loyal Customer,36,Business Travel,Eco,925,2,3,3,3,2,2,2,2,1,3,4,5,2,2.62,0,0,TRUE
Male,Loyal Customer,50,Business Travel,Eco,421,4,5,5,5,4,4,4,4,1,4,3,5,4,4,0,13,TRUE
Female,Loyal Customer,60,Business Travel,Business,2710,4,4,2,4,4,4,4,3,3,3,3,5,5,3.69,15,0,TRUE
Female,Loyal Customer,59,Business Travel,Business,2301,4,4,4,4,3,5,4,4,4,4,4,3,5,4,4,0,TRUE
Male,Loyal Customer,52,Business Travel,Eco,468,2,4,4,4,2,2,2,2,1,2,2,4,2,2.54,26,19,FALSE
Female,Loyal Customer,34,Business Travel,Eco Plus,342,0,0,0,4,2,0,2,2,5,4,1,2,2,1.85,0,0,TRUE
Male,Loyal Customer,53,Business Travel,Business,223,2,5,5,5,3,4,4,2,2,3,2,4,3,3.38,24,23,FALSE
Female,Loyal Customer,62,Business Travel,Business,1460,2,3,3,3,4,3,4,2,2,2,2,2,4,2.77,111,110,FALSE
Female,Loyal Customer,22,Personal Travel,Business,925,3,5,3,2,1,3,1,1,3,3,5,3,1,2.62,76,101,FALSE
Male,Loyal Customer,38,Business Travel,Business,488,3,3,3,3,4,5,1,5,5,5,5,2,5,3.77,21,31,TRUE
Female,Loyal Customer,16,Business Travel,Eco Plus,2446,4,2,2,2,4,3,3,4,4,1,4,2,4,3,0,0,FALSE
Female,Loyal Customer,43,Business Travel,Eco,196,5,3,3,3,2,5,1,5,5,5,5,2,3,3.62,0,0,TRUE
Male,Loyal Customer,39,Business Travel,Eco,175,1,3,3,3,1,1,1,1,3,1,2,1,1,1.69,0,0,FALSE
Female,Loyal Customer,59,Personal Travel,Eco,1127,3,5,3,5,3,4,4,2,2,3,2,4,4,3.38,13,35,FALSE
Female,Disloyal Customer,35,Business Travel,Eco Plus,1235,2,2,2,3,1,2,1,1,2,1,4,1,1,1.77,33,17,FALSE
Female,Loyal Customer,28,Business Travel,Business,763,5,5,5,5,4,4,4,4,3,2,2,5,4,4,0,0,TRUE
Female,Loyal Customer,51,Business Travel,Eco,1010,5,3,3,3,1,3,2,5,5,5,5,5,3,3.69,0,10,TRUE
Male,Loyal Customer,46,Business Travel,Eco,255,5,3,3,3,5,5,5,5,2,5,2,5,5,4.08,0,0,TRUE
Male,Loyal Customer,44,Business Travel,Business,2922,1,1,1,1,3,2,3,5,5,5,5,1,3,2.77,68,51,TRUE
Male,Loyal Customer,45,Business Travel,Eco,447,3,4,4,4,3,3,3,3,1,2,4,3,3,3.08,0,0,FALSE
Male,Disloyal Customer,58,Business Travel,Business,391,5,4,4,2,4,5,4,4,4,5,5,4,4,4.15,5,13,TRUE
Female,Loyal Customer,69,Personal Travel,Eco Plus,2402,2,0,2,1,2,3,5,2,2,2,2,2,4,2.23,1,4,FALSE
Female,Loyal Customer,22,Business Travel,Business,1235,3,5,3,3,4,4,4,4,5,5,5,2,4,3.92,0,0,TRUE
Male,Disloyal Customer,23,Business Travel,Eco,187,1,0,1,4,2,1,2,2,3,5,5,5,2,2.54,17,69,FALSE
Female,Loyal Customer,39,Business Travel,Eco,157,5,4,3,4,5,5,5,5,3,1,1,1,5,3.62,0,1,TRUE
Female,Loyal Customer,41,Business Travel,Business,3500,2,1,2,2,2,4,1,4,4,4,4,4,2,2.77,0,0,TRUE
Male,Disloyal Customer,48,Business Travel,Business,236,5,5,5,5,4,5,1,4,4,3,5,4,4,4.15,62,58,TRUE
Male,Loyal Customer,19,Personal Travel,Business,420,3,1,3,4,5,3,5,5,1,5,3,4,5,3.62,39,39,FALSE
Male,Loyal Customer,19,Personal Travel,Eco Plus,446,2,5,2,5,2,2,2,2,3,2,4,3,2,2.77,21,15,FALSE
Male,Loyal Customer,56,Business Travel,Eco,259,4,5,5,5,3,4,3,3,2,3,2,1,3,3.31,73,61,TRUE
Female,Disloyal Customer,24,Business Travel,Eco,2136,4,4,4,3,1,4,1,1,5,4,5,3,1,3.08,0,0,TRUE
Female,Disloyal Customer,23,Business Travel,Eco,680,3,2,2,3,5,2,5,5,5,1,2,5,5,3.46,0,0,FALSE
Female,Loyal Customer,27,Business Travel,Business,3050,2,2,2,2,4,4,4,4,4,1,2,3,4,2.92,0,4,TRUE
Female,Disloyal Customer,39,Business Travel,Eco,483,3,4,3,3,4,3,4,4,2,5,4,1,4,3.38,29,7,FALSE
Female,Loyal Customer,55,Personal Travel,Eco,1050,2,5,2,2,2,4,4,3,3,2,3,3,3,2.92,6,0,FALSE
Male,Disloyal Customer,23,Business Travel,Eco,296,2,0,2,5,5,2,5,5,1,5,4,4,5,3.46,5,0,FALSE
Female,Loyal Customer,35,Business Travel,Eco,1372,5,4,4,4,5,5,5,5,3,4,3,3,5,4.23,0,16,TRUE
Female,Disloyal Customer,49,Business Travel,Eco,956,1,1,1,2,4,1,4,4,1,5,1,1,4,2.31,7,13,FALSE
Male,Loyal Customer,44,Business Travel,Eco,280,5,2,2,2,5,5,5,5,2,5,3,2,5,3.69,50,55,TRUE
Male,Loyal Customer,22,Business Travel,Business,1097,3,3,3,3,3,3,3,3,2,5,2,2,3,2.92,0,0,FALSE
Female,Disloyal Customer,23,Business Travel,Eco,594,2,5,2,3,4,2,4,4,5,2,4,5,4,3.54,33,14,FALSE
Male,Loyal Customer,8,Personal Travel,Eco,309,3,5,3,3,4,3,4,4,5,5,5,4,4,4,0,0,FALSE
Male,Loyal Customer,25,Personal Travel,Eco,425,5,4,5,4,5,5,5,5,3,5,5,3,5,4.54,0,0,TRUE
Male,Loyal Customer,60,Personal Travel,Eco,1379,1,4,1,4,3,1,3,3,5,4,4,3,3,3,0,0,FALSE
Male,Loyal Customer,9,Personal Travel,Eco Plus,551,4,4,4,4,4,4,4,4,2,3,5,3,4,3.77,0,0,FALSE
Female,Loyal Customer,20,Personal Travel,Eco,442,3,5,3,3,1,3,1,1,3,4,4,5,1,2.85,0,0,FALSE
Male,Loyal Customer,23,Personal Travel,Eco,373,3,0,3,2,1,3,1,1,3,5,3,5,1,2.38,1,0,FALSE
Female,Loyal Customer,37,Business Travel,Eco,383,1,1,1,1,1,1,1,1,2,5,3,1,1,1.54,2,0,FALSE
Male,Loyal Customer,32,Business Travel,Eco,157,5,2,2,2,5,5,5,5,5,4,5,1,5,3.92,56,48,TRUE
Female,Loyal Customer,48,Business Travel,Business,3838,1,1,1,1,5,4,5,4,4,5,4,4,3,3.23,6,4,TRUE
Female,Loyal Customer,28,Personal Travel,Eco,680,4,5,4,1,4,4,2,4,3,2,4,5,4,3.54,3,1,FALSE
Male,Disloyal Customer,41,Business Travel,Business,397,2,2,2,3,5,2,5,5,3,3,4,5,5,3.54,0,0,TRUE
Male,Loyal Customer,55,Business Travel,Business,2125,2,2,2,2,2,5,5,4,4,4,4,5,4,3.46,0,0,TRUE
Female,Loyal Customer,34,Business Travel,Business,404,5,5,5,5,2,4,5,5,5,5,5,3,3,4.38,47,41,TRUE
Male,Loyal Customer,23,Personal Travel,Eco,2329,2,5,3,4,3,2,2,3,3,4,5,2,2,3.08,8,12,FALSE
Male,Loyal Customer,48,Business Travel,Business,1020,2,5,5,5,1,4,4,2,2,2,2,3,4,3.15,1,0,FALSE
Male,Disloyal Customer,23,Business Travel,Eco,733,4,4,4,1,4,4,4,4,5,5,4,4,4,3.92,0,2,TRUE
Female,Loyal Customer,25,Business Travel,Business,3498,1,1,3,1,5,5,5,5,3,2,5,3,5,3.38,30,22,TRUE
Male,Loyal Customer,44,Business Travel,Business,1569,2,2,2,2,4,5,4,4,4,4,5,3,4,3.46,0,0,TRUE
Male,Loyal Customer,24,Business Travel,Eco,853,2,1,1,1,2,2,4,2,1,5,4,2,2,2.23,10,4,FALSE
Male,Loyal Customer,45,Business Travel,Business,541,5,5,5,5,2,5,5,4,4,4,4,3,5,4.31,0,0,TRUE
Female,Loyal Customer,47,Business Travel,Business,2817,1,1,1,1,4,4,4,4,4,4,4,5,4,3.15,21,11,TRUE
Male,Loyal Customer,8,Personal Travel,Eco,1919,2,5,2,2,4,2,4,4,5,4,4,5,4,3.62,27,12,FALSE
Male,Loyal Customer,13,Personal Travel,Eco,1452,2,4,2,2,2,2,4,2,3,5,4,2,2,2.77,130,118,FALSE
Male,Loyal Customer,69,Personal Travel,Eco,1010,2,4,2,4,3,2,3,3,2,5,3,3,3,3,0,0,FALSE
Female,Loyal Customer,48,Personal Travel,Eco,639,3,3,3,3,4,4,3,3,3,3,3,4,1,3.08,3,0,FALSE
Female,Loyal Customer,43,Business Travel,Business,1243,4,4,4,4,3,4,4,5,5,5,5,3,3,4.08,6,4,TRUE
Male,Loyal Customer,26,Personal Travel,Eco,584,3,5,3,2,1,3,1,1,3,5,5,3,1,2.77,0,0,FALSE
Female,Loyal Customer,15,Personal Travel,Eco,451,2,4,2,4,3,2,3,3,1,3,3,1,3,2.62,36,28,FALSE
Male,Loyal Customer,8,Personal Travel,Business,214,2,0,2,4,5,2,5,5,4,4,5,3,5,3.54,45,36,FALSE
Female,Loyal Customer,53,Personal Travel,Eco,395,2,5,2,2,5,5,4,3,3,2,3,4,4,3.38,19,15,FALSE
Female,Disloyal Customer,55,Business Travel,Eco,1576,2,2,2,4,2,1,1,3,1,4,3,1,1,2.08,186,187,FALSE
Female,Loyal Customer,66,Personal Travel,Eco,311,0,5,0,5,5,4,4,4,4,0,4,4,4,3.31,0,0,TRUE
Male,Loyal Customer,25,Business Travel,Business,1005,1,1,4,1,4,4,4,4,4,2,4,5,4,3.23,13,8,TRUE
Female,Loyal Customer,25,Business Travel,Business,3133,3,1,1,1,3,3,3,1,1,4,4,3,3,2.38,152,134,FALSE
Male,Loyal Customer,60,Personal Travel,Eco,110,3,4,0,3,1,0,1,1,1,3,3,2,1,1.77,31,28,FALSE
Female,Loyal Customer,42,Business Travel,Business,984,4,4,1,4,2,4,5,4,4,4,4,3,4,3.62,26,22,TRUE
Male,Disloyal Customer,57,Business Travel,Business,101,2,2,2,3,3,2,4,3,4,5,5,4,3,3.23,13,21,FALSE
Male,Disloyal Customer,50,Business Travel,Eco,127,3,0,3,3,5,3,5,5,4,5,4,4,5,3.77,17,24,FALSE
Female,Disloyal Customer,24,Business Travel,Eco,692,3,3,3,4,5,3,3,5,4,1,3,1,5,3.31,31,31,FALSE
Male,Loyal Customer,38,Business Travel,Business,280,1,1,1,1,4,3,3,1,1,1,1,4,2,1.85,0,0,FALSE
Female,Loyal Customer,27,Business Travel,Business,605,3,3,3,3,4,4,4,4,2,3,5,4,4,3.54,0,0,TRUE
Female,Loyal Customer,47,Business Travel,Business,287,0,0,0,2,4,5,5,5,5,5,5,3,4,3.31,11,1,TRUE
Female,Loyal Customer,64,Personal Travel,Eco,328,3,0,3,2,4,4,4,1,1,3,1,3,5,2.62,0,1,FALSE
Male,Loyal Customer,17,Business Travel,Business,2519,4,4,4,4,4,4,4,4,4,2,4,4,4,3.85,3,0,FALSE
Male,Loyal Customer,30,Personal Travel,Eco,2239,2,4,2,2,4,2,4,4,4,3,4,3,4,3.23,0,0,FALSE
Male,Loyal Customer,54,Business Travel,Eco,370,4,5,5,5,4,4,4,4,4,4,5,4,4,4.31,0,0,TRUE
Female,Loyal Customer,41,Business Travel,Business,1585,1,4,4,4,4,2,1,1,1,1,1,2,1,2.08,49,51,FALSE
Female,Loyal Customer,39,Business Travel,Eco,416,2,5,5,5,2,2,2,2,1,3,4,1,2,2.77,30,33,FALSE
Female,Loyal Customer,27,Personal Travel,Eco,119,2,4,2,3,1,2,3,1,3,4,1,2,1,2.23,0,0,FALSE
Male,Loyal Customer,65,Personal Travel,Business,399,3,4,3,5,4,2,4,3,3,3,3,1,4,3.23,0,0,FALSE
Female,Loyal Customer,45,Business Travel,Eco,922,1,5,3,5,2,3,3,1,1,1,1,3,4,2.54,0,0,FALSE
Female,Loyal Customer,58,Business Travel,Eco,585,4,2,2,2,4,4,4,2,2,1,2,4,4,2.85,454,448,TRUE
Male,Loyal Customer,56,Personal Travel,Eco,1838,3,4,3,5,5,3,5,5,5,5,4,4,5,4.31,0,0,FALSE
Male,Loyal Customer,34,Personal Travel,Eco,342,2,5,4,4,1,4,1,1,4,5,5,4,1,3.15,0,0,FALSE
Male,Loyal Customer,42,Business Travel,Business,802,3,3,2,3,5,5,5,5,5,5,5,4,5,4.23,4,0,TRUE
Female,Loyal Customer,44,Business Travel,Business,223,1,1,2,1,2,5,5,5,5,5,5,5,5,3.62,0,0,TRUE
Female,Loyal Customer,48,Personal Travel,Eco,645,3,5,3,3,2,5,4,1,1,3,1,4,4,3,51,40,FALSE
Female,Disloyal Customer,25,Business Travel,Eco,251,3,0,3,3,1,3,1,1,1,1,3,5,1,2,0,0,FALSE
Male,Loyal Customer,24,Personal Travel,Eco,1123,3,4,3,2,3,3,3,3,4,2,4,5,3,3.23,8,0,FALSE
Female,Loyal Customer,42,Business Travel,Business,2600,1,1,1,1,2,5,4,3,3,3,3,4,3,2.62,0,0,TRUE
Female,Loyal Customer,46,Business Travel,Business,3771,5,5,4,5,3,4,5,3,3,4,3,4,4,4,0,0,TRUE
Female,Disloyal Customer,10,Business Travel,Eco,787,4,4,4,4,2,4,2,2,4,2,3,4,2,3.15,21,12,FALSE
Female,Disloyal Customer,20,Business Travel,Eco,109,5,0,5,2,5,0,1,5,1,5,2,5,5,3.15,0,0,TRUE
Female,Loyal Customer,72,Business Travel,Eco Plus,811,2,3,4,4,4,4,4,2,2,2,2,4,3,3.08,5,0,FALSE
Female,Loyal Customer,36,Business Travel,Eco,1188,2,3,3,3,2,2,2,2,3,3,3,1,2,2.38,47,57,TRUE
Male,Loyal Customer,22,Business Travel,Business,758,3,3,3,3,4,4,4,4,5,5,4,5,4,3.92,0,0,TRUE
Male,Loyal Customer,52,Business Travel,Business,937,5,5,5,5,5,4,5,4,4,4,4,5,3,4.46,6,0,TRUE
Female,Loyal Customer,60,Personal Travel,Eco,325,1,3,1,4,3,1,5,3,3,1,3,2,4,2.62,8,4,FALSE
Male,Loyal Customer,39,Personal Travel,Eco,546,1,5,1,2,2,1,2,2,1,5,2,4,2,2.31,0,0,FALSE
Female,Disloyal Customer,11,Business Travel,Eco,895,1,1,1,4,3,1,3,3,4,2,3,2,3,2.38,102,113,FALSE
Female,Loyal Customer,36,Business Travel,Business,2237,3,3,3,3,3,5,1,5,5,5,5,4,3,3.69,0,0,TRUE
Female,Loyal Customer,36,Personal Travel,Eco,948,3,2,3,3,4,3,4,4,1,2,3,3,4,3,11,12,FALSE
Male,Loyal Customer,27,Personal Travel,Eco,912,1,5,1,4,3,1,3,3,5,5,5,4,3,3.31,7,0,FALSE
Male,Loyal Customer,55,Business Travel,Business,3028,2,2,2,2,5,5,5,4,4,4,4,4,3,3.54,0,0,TRUE
Male,Loyal Customer,49,Business Travel,Business,1810,5,5,5,5,3,4,5,4,4,4,4,5,3,4.31,19,12,TRUE
Male,Loyal Customer,64,Business Travel,Eco,919,1,3,3,3,1,1,1,1,1,2,3,3,1,1.85,11,3,FALSE
Male,Loyal Customer,8,Personal Travel,Business,868,4,1,4,3,1,4,1,1,3,5,3,4,1,2.69,6,0,TRUE
Female,Loyal Customer,31,Business Travel,Eco Plus,399,0,0,0,4,4,0,4,4,3,2,2,1,4,2.15,11,4,TRUE
Male,Disloyal Customer,35,Business Travel,Eco,241,2,0,2,4,1,2,1,1,2,3,3,2,1,1.85,30,44,FALSE
Female,Loyal Customer,69,Personal Travel,Eco,1189,2,2,2,4,5,2,3,2,2,2,1,4,3,2.62,9,16,FALSE
Male,Loyal Customer,20,Personal Travel,Eco,2402,0,2,0,3,0,5,5,2,5,3,3,5,5,2.92,0,0,TRUE
Female,Loyal Customer,23,Business Travel,Business,1892,3,1,3,3,3,3,3,3,5,5,3,4,3,3.23,24,16,TRUE
Female,Disloyal Customer,55,Business Travel,Eco,1056,4,4,4,3,4,3,3,1,1,4,4,3,3,3.15,1,14,FALSE
Female,Loyal Customer,24,Business Travel,Business,2190,4,4,4,4,5,5,5,5,4,4,4,5,5,4.46,0,0,TRUE
Female,Loyal Customer,39,Business Travel,Business,2930,4,2,2,2,2,3,4,2,2,2,4,2,1,2.46,7,6,FALSE
Male,Loyal Customer,56,Business Travel,Eco,762,2,4,4,4,2,2,2,2,3,1,4,1,2,2.54,0,0,FALSE
Female,Loyal Customer,60,Business Travel,Business,1947,3,3,3,3,5,4,5,4,4,4,4,3,4,3.77,107,118,TRUE
Male,Loyal Customer,43,Personal Travel,Eco,912,4,4,4,3,2,4,2,2,5,2,4,4,2,3.23,0,10,FALSE
Male,Disloyal Customer,22,Business Travel,Eco,1259,1,1,1,3,1,3,3,5,2,5,4,3,3,2.69,186,165,FALSE
Male,Loyal Customer,24,Business Travel,Eco Plus,160,5,5,5,5,5,4,2,5,2,2,4,4,5,4.08,0,19,FALSE
Male,Loyal Customer,44,Personal Travel,Eco,369,4,3,4,3,1,4,4,1,1,4,4,1,1,2.69,0,0,TRUE
Male,Loyal Customer,30,Business Travel,Eco,253,1,5,2,5,1,1,1,1,2,1,3,2,1,2,0,0,FALSE
Female,Loyal Customer,43,Business Travel,Business,2106,2,2,2,2,2,5,4,5,5,4,5,4,3,3.46,12,0,TRUE
Male,Loyal Customer,49,Personal Travel,Eco,493,5,2,5,3,1,5,5,1,2,3,2,3,1,2.92,0,0,TRUE
Female,Loyal Customer,53,Business Travel,Business,1460,4,4,4,4,3,4,5,5,5,5,5,5,5,4.46,0,0,TRUE
Male,Disloyal Customer,26,Business Travel,Business,352,5,0,5,4,1,5,1,1,5,3,5,3,1,3,0,0,TRUE
Male,Loyal Customer,18,Personal Travel,Eco Plus,634,4,4,4,3,2,4,2,2,3,3,5,3,2,3.15,0,0,FALSE
Male,Loyal Customer,62,Business Travel,Eco,337,3,2,4,2,2,3,2,2,2,4,3,1,2,2.46,0,0,FALSE
Female,Loyal Customer,8,Personal Travel,Eco,255,2,0,2,1,5,2,5,5,5,3,4,5,5,3.38,0,0,FALSE
Female,Loyal Customer,44,Business Travel,Business,1585,0,4,0,1,2,4,5,4,4,4,4,3,4,3,35,31,TRUE
Male,Loyal Customer,52,Business Travel,Eco,628,1,2,2,2,2,1,2,2,3,1,4,2,2,2,20,27,FALSE
Male,Disloyal Customer,47,Business Travel,Business,957,5,5,5,1,2,5,2,2,5,5,5,4,2,3.69,0,3,TRUE
Male,Loyal Customer,16,Business Travel,Business,3922,1,1,5,1,1,1,1,1,4,2,3,1,1,1.77,52,49,FALSE
Male,Loyal Customer,19,Personal Travel,Eco,1558,3,4,4,1,1,4,3,1,5,5,5,3,1,3.08,6,0,FALSE
Female,Loyal Customer,56,Business Travel,Business,1701,2,2,2,2,3,5,5,4,4,4,4,3,5,3.46,0,0,TRUE
Female,Loyal Customer,16,Personal Travel,Eco,2527,4,3,4,3,2,4,1,2,5,3,5,5,2,3.31,4,25,FALSE
Male,Loyal Customer,45,Personal Travel,Eco,626,1,5,1,1,2,1,2,2,3,5,5,3,2,2.54,0,0,FALSE
Female,Disloyal Customer,21,Business Travel,Business,370,5,0,5,1,2,5,2,2,3,4,5,4,2,3.08,7,9,TRUE
Male,Loyal Customer,41,Business Travel,Business,280,0,0,0,2,3,4,5,4,4,5,5,4,3,3,0,0,TRUE
Male,Loyal Customer,70,Personal Travel,Eco,382,3,5,4,3,3,4,3,3,4,3,4,5,3,3.62,0,0,FALSE
Male,Loyal Customer,44,Business Travel,Business,2147,2,2,2,2,4,5,4,5,5,5,5,3,5,3.77,2,0,TRUE
Male,Disloyal Customer,21,Business Travel,Eco,1303,2,2,2,4,4,2,4,4,2,1,3,4,4,2.92,0,1,FALSE
Male,Disloyal Customer,36,Business Travel,Business,984,3,3,3,3,3,3,3,3,3,2,4,3,3,3,0,9,FALSE
Female,Loyal Customer,24,Business Travel,Eco Plus,462,5,1,1,1,5,4,1,5,3,2,2,2,5,2.85,0,0,FALSE
Female,Loyal Customer,19,Personal Travel,Eco,596,1,3,1,3,3,1,3,3,1,2,4,3,3,2.38,0,6,FALSE
Male,Loyal Customer,44,Business Travel,Eco,448,4,4,4,4,4,4,4,4,2,2,1,1,4,3.23,0,0,TRUE
Female,Loyal Customer,49,Personal Travel,Eco,1144,0,2,0,4,1,2,4,3,3,2,3,2,2,2.15,12,0,TRUE
Male,Loyal Customer,42,Personal Travel,Eco,986,1,5,1,5,1,1,1,1,4,3,5,5,1,2.62,10,10,FALSE
Female,Loyal Customer,59,Personal Travel,Eco,967,2,4,2,4,5,5,5,2,2,2,2,3,4,3.23,0,0,FALSE
Male,Loyal Customer,37,Business Travel,Business,2904,3,3,3,3,2,2,3,5,5,5,5,5,2,3.54,29,35,TRUE
Female,Disloyal Customer,33,Business Travel,Eco,125,1,0,1,4,3,1,3,3,5,5,1,2,3,2.46,2,0,FALSE
Male,Loyal Customer,35,Personal Travel,Eco,954,3,4,3,3,1,3,1,1,1,3,4,3,1,2.38,0,0,FALSE
Female,Loyal Customer,56,Personal Travel,Eco,563,3,4,4,3,3,4,4,2,2,4,4,4,3,3.38,0,0,FALSE
Male,Disloyal Customer,43,Business Travel,Business,547,3,2,2,4,4,3,4,4,3,3,5,4,4,3.46,0,0,FALSE
Male,Disloyal Customer,18,Business Travel,Eco,463,2,0,2,4,1,2,1,1,3,4,3,3,1,2.08,0,0,FALSE
Female,Loyal Customer,47,Business Travel,Business,1012,4,4,4,4,4,4,5,4,4,4,4,4,4,4.08,0,0,TRUE
Male,Loyal Customer,28,Business Travel,Business,3083,5,5,3,5,5,5,5,5,5,4,4,3,5,4.54,9,16,TRUE
Female,Loyal Customer,37,Business Travel,Business,1605,1,3,1,1,3,3,4,3,3,4,3,4,4,2.85,15,23,TRUE
Female,Loyal Customer,30,Personal Travel,Eco,1208,3,2,3,4,3,3,3,3,3,2,4,3,3,3,1,0,FALSE
Male,Loyal Customer,61,Business Travel,Business,2234,2,2,2,2,4,3,3,2,2,2,2,4,1,2.38,0,13,FALSE
Female,Loyal Customer,45,Business Travel,Business,2457,3,3,4,3,1,5,2,2,2,2,2,4,1,2.62,0,2,TRUE
Female,Loyal Customer,26,Business Travel,Business,3442,4,5,5,5,4,4,4,4,2,5,3,1,4,3.85,0,0,FALSE
Female,Loyal Customer,26,Personal Travel,Eco,153,3,5,3,4,5,3,5,5,4,4,4,4,5,4.15,0,0,FALSE
Male,Loyal Customer,59,Business Travel,Business,2236,5,1,5,5,4,5,5,4,4,4,4,4,5,4.23,0,2,TRUE
Female,Loyal Customer,43,Business Travel,Business,1120,4,4,4,4,4,4,5,3,3,3,3,4,5,3.85,0,3,TRUE
Male,Loyal Customer,56,Business Travel,Eco,109,4,5,5,5,3,4,3,3,5,1,1,3,3,3.46,44,43,TRUE
Female,Loyal Customer,54,Business Travel,Business,1741,1,1,1,1,4,5,5,4,4,4,4,4,4,3.23,10,0,TRUE
Female,Disloyal Customer,24,Business Travel,Eco Plus,689,4,0,3,2,2,3,2,2,4,2,2,1,2,2.23,0,0,FALSE
Female,Loyal Customer,28,Business Travel,Business,2153,4,2,5,5,4,4,4,4,1,3,1,4,4,3.46,0,0,FALSE
Male,Loyal Customer,48,Business Travel,Business,2818,5,5,2,5,1,4,5,4,4,4,4,4,3,3.85,0,0,TRUE
Female,Loyal Customer,15,Personal Travel,Eco Plus,235,2,1,2,4,4,2,2,4,2,1,4,1,4,2.54,0,13,FALSE
Female,Loyal Customer,48,Business Travel,Eco,1080,5,4,2,4,1,5,1,5,5,5,5,2,1,3.46,7,0,TRUE
Female,Loyal Customer,45,Business Travel,Business,1897,1,1,1,1,4,4,5,3,3,4,3,3,5,2.92,0,0,TRUE
Male,Loyal Customer,48,Business Travel,Business,441,1,1,1,1,2,4,5,2,2,2,2,3,5,2.38,41,33,TRUE
Male,Loyal Customer,54,Business Travel,Business,1774,4,4,4,4,5,4,5,4,4,4,4,4,5,4.23,0,0,TRUE
Female,Loyal Customer,54,Business Travel,Business,1583,5,5,5,5,2,4,5,4,4,4,4,4,5,4.31,0,0,TRUE
Male,Loyal Customer,22,Personal Travel,Eco,361,3,5,3,3,5,3,5,5,4,3,4,3,5,3.92,10,17,FALSE
Male,Loyal Customer,33,Personal Travel,Eco,1372,2,4,2,3,5,2,5,5,2,2,2,2,5,3.15,0,0,FALSE
Female,Loyal Customer,49,Business Travel,Business,1635,3,3,3,3,5,4,4,3,3,3,3,5,4,3.54,24,15,TRUE
Female,Loyal Customer,19,Personal Travel,Eco,507,5,5,5,2,3,5,3,3,3,2,4,3,3,3.54,0,0,TRUE
Female,Loyal Customer,36,Business Travel,Business,1826,5,5,5,5,3,4,5,5,5,5,5,5,4,4.69,9,6,TRUE
Female,Loyal Customer,47,Personal Travel,Eco,214,3,0,3,3,5,2,2,5,5,3,2,2,3,2.92,0,0,FALSE
Female,Loyal Customer,35,Personal Travel,Eco Plus,495,2,5,2,1,5,2,4,5,3,4,4,3,5,3.46,81,98,FALSE
Female,Disloyal Customer,68,Business Travel,Eco,261,4,3,4,3,4,4,4,4,2,1,3,2,4,3.23,0,0,FALSE
Male,Loyal Customer,20,Personal Travel,Eco,362,2,5,2,5,2,2,2,2,3,3,5,4,2,3,0,0,FALSE
Female,Disloyal Customer,29,Business Travel,Eco,387,3,5,3,3,3,3,3,3,2,2,2,2,3,2.85,0,0,FALSE
Male,Disloyal Customer,20,Business Travel,Eco,1616,1,1,1,4,3,1,3,3,3,1,4,1,3,2.23,64,68,FALSE
Female,Loyal Customer,23,Personal Travel,Eco,585,2,3,2,2,2,2,2,2,4,4,2,1,2,2.31,50,44,FALSE
Female,Loyal Customer,32,Business Travel,Eco,109,3,3,3,3,3,3,3,3,1,2,4,2,3,2.77,25,32,FALSE
Male,Disloyal Customer,25,Business Travel,Eco,397,2,0,3,4,1,3,1,1,3,1,2,3,1,1.92,0,4,FALSE
Female,Loyal Customer,26,Business Travel,Business,361,2,4,4,4,2,3,2,2,3,1,3,1,2,2.54,0,0,FALSE
Female,Loyal Customer,49,Business Travel,Business,3798,1,1,1,1,2,3,4,4,4,4,4,5,2,2.77,0,0,TRUE
Female,Disloyal Customer,85,Business Travel,Business,862,1,1,1,2,1,5,5,4,2,1,1,5,5,2.62,57,51,FALSE
Male,Loyal Customer,45,Business Travel,Business,1700,3,3,3,3,4,5,5,5,5,5,5,3,4,4.08,2,0,TRUE
Male,Loyal Customer,57,Business Travel,Business,316,0,0,0,4,3,5,4,4,4,4,4,5,4,3.15,6,0,TRUE
Female,Loyal Customer,49,Business Travel,Eco,273,1,2,2,2,4,3,3,1,1,1,1,3,3,2.08,0,0,FALSE
Male,Loyal Customer,24,Business Travel,Business,2502,1,1,1,1,4,5,4,4,2,5,4,4,4,3.08,141,141,TRUE
Female,Loyal Customer,57,Business Travel,Business,3801,0,5,0,3,2,4,4,2,2,2,2,4,3,2.54,0,7,TRUE
Female,Loyal Customer,68,Personal Travel,Eco,163,2,5,2,1,5,5,4,3,3,2,3,4,3,3.23,1,0,FALSE
Male,Loyal Customer,61,Personal Travel,Eco,948,0,0,0,1,2,0,2,2,4,4,5,4,2,2,1,0,TRUE
Female,Loyal Customer,24,Personal Travel,Eco,731,1,4,1,4,5,1,5,5,5,1,4,1,5,3.23,57,48,FALSE
Female,Loyal Customer,45,Business Travel,Business,2937,3,2,3,3,5,5,4,5,5,5,5,5,3,4.08,12,0,TRUE
Female,Loyal Customer,29,Business Travel,Business,1014,1,0,0,3,3,0,3,3,3,5,4,1,3,2.23,23,39,FALSE
Male,Loyal Customer,57,Personal Travel,Eco,990,3,1,3,2,1,3,1,1,3,1,3,3,1,2,24,20,FALSE
Female,Loyal Customer,62,Personal Travel,Eco,667,2,2,2,3,1,3,3,4,4,2,4,3,1,2.62,0,0,FALSE
Male,Loyal Customer,33,Business Travel,Business,526,5,5,5,5,5,5,5,5,5,5,4,3,5,4.77,3,0,TRUE
Female,Loyal Customer,40,Personal Travel,Eco,907,2,4,2,2,2,2,2,2,4,4,5,5,2,2.92,0,6,FALSE
Female,Loyal Customer,39,Personal Travel,Eco,733,4,5,4,2,1,4,3,1,1,5,4,4,1,3,4,6,FALSE
Female,Loyal Customer,39,Business Travel,Business,3974,2,2,2,2,4,4,5,4,4,4,4,4,3,3.38,0,0,TRUE
Female,Loyal Customer,48,Business Travel,Business,1091,3,5,5,5,1,2,1,3,3,3,3,4,2,3.08,0,0,FALSE
Male,Loyal Customer,41,Business Travel,Business,1222,1,3,3,3,1,4,3,1,1,2,1,2,1,2,98,85,FALSE
Female,Loyal Customer,55,Business Travel,Business,964,2,2,2,2,3,4,3,2,2,2,2,3,4,2.54,2,0,FALSE
Female,Loyal Customer,66,Personal Travel,Eco,1444,5,4,5,1,2,5,4,5,5,5,4,5,5,4.23,0,0,TRUE
Male,Disloyal Customer,40,Business Travel,Eco,693,1,1,1,4,5,1,3,5,4,4,3,2,5,3,0,7,FALSE
Male,Loyal Customer,30,Personal Travel,Eco Plus,522,1,4,1,2,4,1,4,4,4,2,5,4,4,3.08,0,0,FALSE
Female,Loyal Customer,35,Personal Travel,Eco,738,3,4,3,3,5,3,2,5,5,5,4,3,5,3.85,55,68,FALSE
Female,Loyal Customer,21,Business Travel,Business,834,4,4,3,4,4,4,4,4,1,3,4,1,4,3.38,0,3,TRUE
Female,Disloyal Customer,22,Business Travel,Eco,157,4,2,4,3,4,4,4,4,2,3,3,2,4,3.31,20,0,FALSE
Female,Disloyal Customer,39,Business Travel,Business,1747,3,3,3,4,1,3,1,1,4,2,3,4,1,2.54,0,0,FALSE
Male,Loyal Customer,62,Personal Travel,Eco,3365,1,4,1,4,1,5,5,5,2,4,5,5,5,3.62,19,31,FALSE
Female,Loyal Customer,34,Business Travel,Business,2058,1,5,5,5,3,3,2,1,1,1,1,4,2,2.62,0,0,FALSE
Female,Disloyal Customer,33,Business Travel,Business,565,3,3,3,4,1,3,1,1,2,4,4,2,1,2.46,12,5,FALSE
Male,Loyal Customer,20,Personal Travel,Eco,802,1,2,1,3,1,1,1,1,4,4,4,1,1,1.92,30,22,FALSE
Female,Loyal Customer,29,Business Travel,Business,2705,1,1,2,1,4,4,4,4,5,3,4,5,4,3.23,5,33,TRUE
Female,Loyal Customer,23,Personal Travel,Eco,316,1,3,1,4,4,1,4,4,2,3,2,3,4,2.77,0,0,FALSE
Female,Disloyal Customer,24,Business Travel,Business,594,0,3,0,1,4,0,4,4,4,4,4,5,4,2.85,0,0,TRUE
Male,Loyal Customer,55,Business Travel,Business,1464,3,3,3,3,4,3,1,4,4,4,4,3,4,3.31,4,0,TRUE
Female,Loyal Customer,45,Personal Travel,Eco Plus,158,3,5,3,3,3,4,5,1,1,3,1,5,3,3.08,0,13,FALSE
Female,Loyal Customer,38,Business Travel,Business,2677,5,5,5,5,3,5,5,4,4,4,4,4,4,4.38,1,0,TRUE
Male,Loyal Customer,11,Personal Travel,Eco,386,3,5,4,2,4,4,4,4,5,3,5,5,4,4,15,5,FALSE
Male,Loyal Customer,49,Personal Travel,Eco,522,2,5,2,1,2,2,2,2,3,2,4,3,2,2.46,20,15,FALSE
Female,Loyal Customer,59,Business Travel,Business,1460,2,2,2,2,5,5,4,4,4,4,4,5,3,3.54,0,0,TRUE
Female,Loyal Customer,41,Business Travel,Business,692,3,3,3,3,1,2,1,4,4,4,4,3,4,3,0,0,TRUE
Female,Loyal Customer,30,Business Travel,Business,2901,1,5,5,5,1,1,1,1,1,5,3,4,1,2.62,0,0,FALSE
Female,Loyal Customer,41,Business Travel,Business,2225,2,2,2,2,3,4,5,4,4,4,4,4,4,3.38,20,6,TRUE
Female,Loyal Customer,43,Business Travel,Business,2067,3,3,3,3,2,3,3,3,3,3,3,1,1,2.62,51,40,FALSE
Male,Loyal Customer,58,Business Travel,Business,319,2,2,2,2,5,5,5,4,4,4,4,4,3,3.54,1,0,TRUE
Female,Loyal Customer,22,Business Travel,Business,2742,4,4,4,4,4,4,4,4,1,2,1,3,4,3.31,0,3,TRUE
Female,Loyal Customer,53,Business Travel,Business,403,4,4,4,4,5,5,5,3,2,5,4,5,5,4.23,20,148,TRUE
Male,Loyal Customer,37,Business Travel,Eco,2586,2,1,1,1,2,1,2,2,3,2,1,1,2,1.62,75,34,FALSE
Male,Loyal Customer,36,Personal Travel,Eco,628,2,4,2,3,5,2,2,5,4,5,4,4,5,3.62,0,0,FALSE
Male,Loyal Customer,44,Business Travel,Eco,109,5,4,4,4,5,5,5,5,3,3,3,2,5,4.08,26,21,TRUE
Female,Loyal Customer,42,Personal Travel,Eco,675,3,4,3,3,3,4,5,3,3,3,3,3,4,3.38,0,0,FALSE
Male,Disloyal Customer,37,Business Travel,Business,1733,3,3,3,3,4,3,3,4,3,4,3,5,4,3.46,4,2,FALSE
Male,Loyal Customer,41,Personal Travel,Eco,861,3,5,3,5,2,3,2,2,3,5,4,4,2,3.31,19,25,FALSE
Female,Loyal Customer,59,Personal Travel,Eco Plus,369,3,3,3,4,3,4,4,5,5,3,5,2,2,3.54,0,0,FALSE
Male,Loyal Customer,67,Personal Travel,Business,86,4,4,4,2,5,4,4,4,4,4,4,5,4,4,0,0,FALSE
Male,Loyal Customer,55,Business Travel,Business,3497,5,4,5,5,3,4,4,5,5,5,5,4,3,4.38,7,0,TRUE
Male,Loyal Customer,40,Personal Travel,Eco,2586,3,3,3,4,3,1,1,3,2,4,5,1,1,2.62,0,34,FALSE
Male,Loyal Customer,7,Personal Travel,Eco,397,4,4,5,3,2,5,2,2,3,3,5,5,2,3.46,0,0,FALSE
Female,Loyal Customer,69,Personal Travel,Eco,590,3,1,3,3,1,4,4,1,1,3,1,1,1,2.08,0,0,FALSE
Male,Loyal Customer,51,Business Travel,Business,731,5,5,5,5,4,5,5,5,5,5,5,4,4,4.77,0,0,TRUE
Male,Loyal Customer,54,Business Travel,Business,1744,3,3,3,3,2,3,4,5,5,5,5,4,3,3.69,31,36,TRUE
Male,Loyal Customer,48,Business Travel,Business,3527,4,4,4,4,4,4,4,5,5,5,5,3,4,4.23,0,0,TRUE
Male,Disloyal Customer,16,Business Travel,Eco,399,4,0,4,5,5,4,5,5,3,1,4,5,5,3.85,1,0,TRUE
Female,Disloyal Customer,45,Business Travel,Eco,585,2,4,2,4,1,2,1,1,4,5,4,3,1,2.62,11,18,FALSE
Female,Disloyal Customer,46,Business Travel,Eco Plus,853,4,4,4,3,1,4,1,1,4,3,2,5,1,2.85,2,0,FALSE
Male,Loyal Customer,43,Business Travel,Eco,534,1,2,5,5,1,1,1,1,4,5,4,1,1,2.46,0,0,FALSE
Male,Loyal Customer,44,Business Travel,Business,3519,4,4,3,4,4,5,5,5,5,5,5,5,3,4.38,0,0,TRUE
Female,Disloyal Customer,35,Business Travel,Business,1120,2,2,2,3,5,2,5,5,3,2,5,5,5,3.54,0,0,FALSE
Male,Loyal Customer,28,Personal Travel,Business,337,0,4,0,2,5,0,5,5,3,4,4,4,5,3.15,0,0,TRUE
Male,Loyal Customer,39,Business Travel,Business,3383,3,3,5,3,2,4,4,4,4,4,4,3,5,3.69,0,0,TRUE
Male,Disloyal Customer,24,Business Travel,Eco,1037,3,3,3,4,3,3,5,3,5,1,4,4,3,3.38,0,10,FALSE
Female,Loyal Customer,40,Business Travel,Business,3129,4,4,4,4,3,4,4,5,5,5,5,3,3,4.08,3,0,TRUE
Female,Loyal Customer,10,Personal Travel,Eco,2704,2,5,2,1,4,2,4,4,1,5,2,1,4,2.85,96,73,FALSE
Female,Loyal Customer,14,Personal Travel,Eco,577,3,2,3,3,3,4,4,3,1,3,3,4,4,3.08,177,163,FALSE
Male,Loyal Customer,20,Personal Travel,Eco,787,2,4,2,1,2,2,2,2,3,5,4,3,2,2.62,6,0,FALSE
Female,Loyal Customer,9,Personal Travel,Eco,265,1,3,1,3,1,1,1,1,1,4,4,2,1,1.85,0,0,FALSE
Female,Disloyal Customer,16,Business Travel,Eco,1186,5,5,5,5,4,5,4,4,4,1,3,1,4,3.85,0,0,TRUE
Female,Loyal Customer,40,Business Travel,Business,859,3,3,3,3,3,5,4,4,4,4,4,5,4,3.77,0,0,TRUE
Female,Loyal Customer,13,Personal Travel,Business,315,3,5,3,4,3,3,3,3,5,2,5,4,3,3.54,14,7,FALSE
Male,Loyal Customer,56,Personal Travel,Eco Plus,337,2,5,2,3,3,2,3,3,5,5,1,3,3,3.08,0,7,FALSE
Female,Loyal Customer,38,Business Travel,Eco,591,3,4,4,4,3,3,3,3,4,4,5,3,3,3.54,0,0,TRUE
Male,Loyal Customer,10,Business Travel,Eco Plus,925,2,4,4,4,2,2,2,2,3,4,3,1,2,2.69,0,0,FALSE
Female,Loyal Customer,41,Business Travel,Business,3657,3,3,3,3,5,4,5,4,4,4,4,5,3,3.85,0,3,TRUE
Female,Disloyal Customer,18,Business Travel,Eco,861,4,4,4,1,5,4,5,5,5,2,5,4,5,4.08,27,5,FALSE
Female,Loyal Customer,39,Business Travel,Business,3703,1,1,1,1,5,5,5,4,4,5,4,3,3,3.23,8,19,TRUE
Male,Loyal Customer,8,Business Travel,Business,1522,1,5,5,5,1,1,1,1,3,3,4,3,1,2.62,3,4,FALSE
Male,Loyal Customer,48,Business Travel,Business,2347,0,0,0,1,2,2,1,5,5,5,5,4,4,2.62,0,0,TRUE
Female,Loyal Customer,51,Personal Travel,Eco,733,2,3,2,3,1,3,4,5,5,2,5,3,4,3.23,0,12,FALSE
Male,Loyal Customer,32,Business Travel,Business,1904,3,3,3,3,3,3,3,3,3,5,4,5,3,3.38,16,36,TRUE
Female,Loyal Customer,53,Personal Travel,Eco,125,2,5,2,2,2,2,5,1,1,2,1,2,3,2.31,58,48,FALSE
Female,Disloyal Customer,20,Business Travel,Eco,425,0,0,0,2,0,4,4,4,4,2,2,4,4,2.31,197,198,TRUE
Female,Loyal Customer,26,Business Travel,Business,2475,3,3,3,3,3,3,3,1,2,2,3,3,3,2.69,8,14,FALSE
Male,Loyal Customer,53,Personal Travel,Eco,395,4,3,4,3,3,4,3,3,3,3,2,4,3,3.23,0,7,FALSE
Female,Loyal Customer,41,Business Travel,Business,3818,3,3,3,3,5,5,5,4,4,4,4,4,4,3.92,90,74,TRUE
Female,Loyal Customer,39,Business Travel,Business,2867,5,5,5,5,3,5,4,4,4,4,4,3,3,4.15,0,0,TRUE
Male,Disloyal Customer,34,Personal Travel,Eco,853,1,5,1,1,5,1,5,5,3,2,4,3,5,3.15,0,0,FALSE
Female,Loyal Customer,36,Business Travel,Eco,227,4,4,2,4,4,5,4,4,4,1,4,3,4,3.62,0,0,TRUE
Female,Disloyal Customer,25,Business Travel,Business,453,0,5,0,4,3,0,3,3,3,5,5,5,3,3,44,66,TRUE
Female,Disloyal Customer,17,Business Travel,Business,814,5,0,5,2,3,5,3,3,3,5,5,4,3,3.54,0,15,TRUE
Male,Loyal Customer,62,Personal Travel,Eco,920,4,5,4,2,3,4,1,3,4,3,4,3,3,3.31,0,1,FALSE
Male,Loyal Customer,52,Personal Travel,Eco,888,2,4,2,3,2,2,2,2,1,2,2,1,2,2.08,0,0,FALSE
Male,Disloyal Customer,23,Business Travel,Eco,1053,1,1,1,4,5,1,5,5,1,2,3,1,5,2.69,0,6,FALSE
Male,Disloyal Customer,38,Business Travel,Business,1460,5,5,5,4,4,5,4,4,4,5,4,5,4,4.46,0,0,TRUE
Female,Loyal Customer,25,Business Travel,Business,334,3,4,5,5,3,3,3,3,2,1,4,2,3,3.15,16,3,FALSE
Female,Disloyal Customer,18,Business Travel,Eco,231,3,3,3,3,5,3,5,5,2,1,3,3,5,3.38,0,0,FALSE
Male,Loyal Customer,22,Personal Travel,Eco,2475,1,5,1,3,1,2,3,3,4,4,5,3,3,2.92,26,17,FALSE
Female,Loyal Customer,24,Personal Travel,Eco,1972,3,0,3,3,3,3,2,3,5,5,5,3,3,3.15,40,57,FALSE
Male,Loyal Customer,49,Business Travel,Business,1750,2,2,2,2,5,3,4,3,3,3,2,3,3,2.85,0,2,FALSE
Female,Loyal Customer,25,Personal Travel,Eco,622,4,4,4,2,2,4,2,2,3,4,2,1,2,2.77,26,21,TRUE
Female,Loyal Customer,34,Business Travel,Eco,813,2,4,4,4,2,2,2,2,4,1,4,2,2,2.69,1,0,FALSE
Male,Loyal Customer,44,Personal Travel,Eco,642,1,4,1,4,1,1,1,1,3,3,5,5,1,2.38,0,11,FALSE
Male,Disloyal Customer,45,Business Travel,Eco,1041,4,4,4,4,5,4,5,5,3,1,3,4,5,3.92,2,0,FALSE
Female,Disloyal Customer,54,Business Travel,Eco,214,1,3,1,4,5,1,1,5,2,3,4,3,5,2.92,0,0,FALSE
Male,Loyal Customer,49,Business Travel,Eco Plus,369,2,1,1,1,2,2,2,2,1,4,3,3,2,2,0,0,FALSE
Female,Loyal Customer,57,Business Travel,Business,333,4,4,4,4,2,5,4,4,4,4,4,3,3,3.77,0,0,TRUE
Male,Loyal Customer,36,Business Travel,Eco,453,2,4,4,4,2,1,2,2,4,5,4,3,2,3,96,86,FALSE
Female,Loyal Customer,44,Business Travel,Eco,255,2,1,1,1,2,3,3,2,2,2,2,1,1,1.77,0,9,FALSE
Male,Loyal Customer,44,Business Travel,Business,366,1,1,1,1,4,4,4,5,5,5,5,4,5,3.46,0,0,TRUE
Male,Loyal Customer,49,Business Travel,Business,1620,2,2,2,2,2,4,5,4,4,4,4,5,5,3.46,8,0,TRUE
Male,Loyal Customer,50,Business Travel,Business,2278,1,1,1,1,3,4,4,4,4,4,4,4,5,3.08,0,0,TRUE
Male,Disloyal Customer,27,Business Travel,Business,2475,5,5,5,3,5,5,5,5,4,5,3,3,5,4.46,0,39,TRUE
Male,Loyal Customer,25,Business Travel,Eco,500,3,5,5,5,3,3,3,3,1,2,4,4,3,3.38,0,0,FALSE
Female,Disloyal Customer,43,Business Travel,Eco,588,3,3,3,5,5,3,1,5,4,1,5,2,5,3.46,0,3,FALSE
Female,Disloyal Customer,40,Business Travel,Business,212,3,3,3,3,5,3,4,5,1,2,3,2,5,3.23,29,41,FALSE
Female,Loyal Customer,47,Business Travel,Business,3286,5,5,5,5,5,4,5,4,4,4,4,3,5,4.46,61,74,TRUE
Female,Loyal Customer,25,Business Travel,Eco Plus,888,1,1,1,1,1,1,3,1,3,1,4,1,1,1.54,5,14,FALSE
Female,Loyal Customer,15,Personal Travel,Eco,432,1,4,1,1,3,1,3,3,4,2,5,5,3,2.77,6,0,FALSE
Female,Loyal Customer,44,Business Travel,Business,510,2,2,2,2,4,4,4,5,2,5,5,4,4,3.46,180,183,TRUE
Female,Loyal Customer,45,Business Travel,Eco,710,4,2,2,2,1,1,2,4,4,4,4,1,5,2.77,0,0,TRUE
Male,Loyal Customer,18,Personal Travel,Eco,220,4,2,4,4,4,4,4,4,4,2,4,1,4,3.46,0,0,FALSE
Male,Loyal Customer,43,Personal Travel,Eco,333,2,5,2,1,4,2,4,4,3,2,4,3,4,3.08,0,0,FALSE
Male,Loyal Customer,39,Business Travel,Business,1372,5,5,5,5,4,4,4,4,3,4,4,4,4,4.23,338,334,TRUE
Female,Loyal Customer,42,Business Travel,Business,763,1,1,1,1,4,4,1,5,5,5,5,4,4,3.15,0,0,TRUE
Female,Loyal Customer,46,Business Travel,Business,395,2,2,2,2,2,1,4,5,5,5,5,3,4,3.23,0,0,TRUE
Female,Disloyal Customer,29,Business Travel,Eco,1052,3,3,3,1,4,3,4,4,1,3,3,4,4,3.08,3,7,FALSE
Female,Loyal Customer,68,Personal Travel,Eco,429,4,5,4,2,2,5,5,5,5,4,5,2,5,4.08,0,0,FALSE
Female,Disloyal Customer,51,Business Travel,Business,589,4,4,4,3,5,4,2,5,4,3,5,4,5,4,0,0,TRUE
Male,Disloyal Customer,24,Business Travel,Business,1096,4,0,3,2,5,3,5,5,3,2,4,4,5,3.46,0,0,TRUE
Male,Loyal Customer,46,Business Travel,Business,3550,5,5,5,5,2,5,4,4,4,4,4,5,5,4.38,0,0,TRUE
Male,Loyal Customer,54,Personal Travel,Eco,447,1,5,1,2,2,1,2,2,5,2,5,3,2,2.54,17,5,FALSE
Male,Loyal Customer,54,Business Travel,Business,451,5,5,5,5,2,5,4,5,5,5,5,5,5,4.69,0,0,TRUE
Male,Loyal Customer,70,Personal Travel,Eco,432,2,4,5,2,4,5,4,4,3,4,4,5,4,3.85,0,0,FALSE
Female,Disloyal Customer,50,Business Travel,Eco,993,4,4,4,4,4,4,4,4,3,4,3,2,4,3.69,0,21,FALSE
Male,Loyal Customer,55,Business Travel,Business,2819,2,2,2,2,2,4,5,5,5,5,5,3,4,3.54,4,0,TRUE
Female,Loyal Customer,58,Personal Travel,Eco Plus,436,1,3,4,4,4,3,3,3,3,4,3,1,4,3.08,0,0,FALSE
Female,Loyal Customer,60,Business Travel,Business,2014,1,5,1,1,5,4,5,3,3,3,3,5,3,3.23,0,0,TRUE
Male,Loyal Customer,50,Business Travel,Eco,1135,1,5,5,5,1,1,1,1,3,4,4,3,1,2.69,0,0,FALSE
Male,Loyal Customer,46,Business Travel,Eco,462,3,3,3,3,3,3,3,3,5,3,4,3,3,3.23,168,162,FALSE
Female,Loyal Customer,64,Personal Travel,Eco,200,2,2,2,4,1,4,3,5,5,2,2,2,2,2.77,2,0,FALSE
Female,Loyal Customer,64,Business Travel,Business,2569,3,3,3,3,3,1,2,5,5,5,5,4,2,3.38,0,0,TRUE
Male,Loyal Customer,20,Personal Travel,Eco,2077,4,4,4,4,1,4,5,1,1,5,5,4,1,3.31,0,0,FALSE
Female,Loyal Customer,50,Personal Travel,Eco,235,2,4,2,3,2,5,4,5,5,2,5,5,4,3.69,0,16,FALSE
Female,Loyal Customer,54,Personal Travel,Eco,1053,2,4,2,2,5,5,4,5,5,2,5,3,4,3.69,0,0,FALSE
Female,Loyal Customer,57,Business Travel,Eco,859,3,3,3,3,2,1,1,3,3,3,3,3,4,2.69,0,0,FALSE
Male,Loyal Customer,49,Business Travel,Business,1816,2,2,4,2,2,5,4,5,5,5,5,5,3,3.77,0,0,TRUE
Female,Loyal Customer,63,Business Travel,Business,2051,0,5,0,2,3,2,3,1,1,1,1,4,1,1.85,0,0,TRUE
Male,Loyal Customer,33,Business Travel,Eco Plus,280,2,1,1,1,2,2,2,2,4,5,3,1,2,2.15,100,82,FALSE
Female,Loyal Customer,41,Business Travel,Business,3926,0,0,0,1,3,4,4,2,2,2,2,4,5,2.23,0,0,TRUE
Male,Loyal Customer,32,Personal Travel,Eco,867,2,4,2,4,5,2,5,5,4,3,2,3,5,3.54,0,0,FALSE
Female,Loyal Customer,25,Business Travel,Business,187,2,2,2,2,5,5,5,5,2,3,2,4,5,3.38,0,0,TRUE
Male,Loyal Customer,76,Business Travel,Business,3680,4,4,4,4,5,5,5,5,5,4,5,5,5,4.62,23,28,TRUE
Male,Loyal Customer,67,Personal Travel,Eco,862,2,5,2,1,3,2,5,3,4,2,4,3,3,3,0,0,FALSE
Female,Loyal Customer,21,Personal Travel,Eco,630,4,4,3,3,3,4,4,5,4,4,5,4,4,3.92,143,133,FALSE
Female,Loyal Customer,49,Personal Travel,Eco,1144,1,4,1,3,2,4,4,5,5,1,5,4,4,3.31,67,58,FALSE
Female,Loyal Customer,51,Business Travel,Eco,390,4,2,2,2,4,3,4,3,3,4,3,3,4,3.15,7,0,FALSE
Male,Loyal Customer,47,Business Travel,Business,3178,2,2,2,2,5,5,4,4,4,4,4,3,3,3.38,2,0,TRUE
Female,Loyal Customer,40,Business Travel,Business,1834,5,4,5,5,4,5,4,5,5,5,5,4,4,4.62,0,0,TRUE
Female,Loyal Customer,55,Business Travel,Business,2174,2,2,4,2,2,4,5,4,4,5,4,4,5,3.62,64,75,TRUE
Male,Loyal Customer,56,Business Travel,Business,588,3,2,2,2,5,4,3,3,3,3,3,3,2,2.92,6,1,FALSE
Female,Loyal Customer,46,Personal Travel,Eco Plus,221,3,0,3,5,3,4,5,2,2,3,2,1,5,2.92,0,11,FALSE
Male,Loyal Customer,42,Personal Travel,Eco Plus,2329,1,5,2,4,3,2,3,3,5,5,4,5,3,3.46,0,0,FALSE
Male,Loyal Customer,57,Business Travel,Eco,720,5,4,4,4,5,5,5,5,5,1,2,2,5,4,0,0,TRUE
Female,Disloyal Customer,21,Business Travel,Eco,824,5,5,5,3,5,3,3,4,1,5,5,3,3,3.85,0,0,TRUE
Female,Loyal Customer,46,Business Travel,Business,3529,2,2,2,2,5,4,4,2,2,2,2,3,1,2.54,0,0,FALSE
Female,Loyal Customer,40,Personal Travel,Eco,134,2,4,0,4,5,0,5,5,4,2,4,2,5,3.23,19,13,FALSE
Male,Loyal Customer,59,Business Travel,Business,2851,5,5,5,5,4,5,5,5,5,5,5,4,4,4.77,0,0,TRUE
Male,Disloyal Customer,42,Business Travel,Business,281,3,3,3,3,2,3,2,2,3,5,4,3,2,2.92,1,0,FALSE
Male,Loyal Customer,44,Business Travel,Business,2767,5,5,5,5,5,4,5,5,5,5,5,3,3,4.62,0,6,TRUE
Female,Disloyal Customer,80,Business Travel,Business,869,1,1,1,4,3,4,4,3,3,1,5,4,2,2.77,19,0,FALSE
Male,Loyal Customer,31,Business Travel,Business,1874,3,5,5,5,3,3,3,3,4,5,3,4,3,3.77,0,0,FALSE
Male,Disloyal Customer,19,Business Travel,Eco,1290,5,5,5,4,5,5,5,5,5,4,2,1,5,4.31,0,0,TRUE
Female,Disloyal Customer,22,Business Travel,Eco,761,3,3,3,4,3,3,3,3,4,5,3,2,3,3.23,25,12,FALSE
Male,Disloyal Customer,32,Business Travel,Eco,967,3,3,3,3,2,3,2,2,1,4,5,5,2,2.92,0,0,FALSE
Male,Loyal Customer,48,Personal Travel,Eco,214,3,0,3,2,5,3,5,5,3,2,4,3,5,3.31,106,96,FALSE
Female,Loyal Customer,46,Business Travel,Business,189,3,3,4,3,5,4,5,4,4,4,4,3,3,3.77,19,19,TRUE
Female,Loyal Customer,37,Business Travel,Business,3403,1,1,1,1,5,4,4,4,4,4,5,4,3,3.15,0,0,TRUE
Female,Loyal Customer,12,Business Travel,Business,2930,4,4,4,4,4,4,4,4,4,2,5,5,4,4,0,28,TRUE
Female,Loyal Customer,42,Business Travel,Eco,783,3,3,3,3,2,3,3,3,3,3,3,4,3,3,0,0,FALSE
Female,Loyal Customer,44,Business Travel,Eco,432,2,3,3,3,2,3,3,2,2,2,2,1,3,2.38,0,6,FALSE
Female,Disloyal Customer,47,Business Travel,Business,90,1,2,2,3,1,1,4,1,4,1,3,4,1,2.15,3,19,FALSE
Female,Disloyal Customer,20,Business Travel,Eco,542,2,0,2,3,4,2,2,4,5,1,1,1,4,2.38,40,33,FALSE
Female,Loyal Customer,59,Business Travel,Eco,926,4,2,2,2,2,3,4,5,5,4,5,4,4,3.54,0,0,FALSE
Female,Loyal Customer,49,Business Travel,Business,951,1,1,1,1,5,4,5,4,4,4,4,3,4,3.15,0,0,TRUE
Female,Loyal Customer,42,Business Travel,Business,696,4,4,4,4,4,4,4,5,3,5,5,4,4,4.15,274,259,TRUE
Female,Loyal Customer,54,Business Travel,Business,1562,3,4,3,3,3,3,3,4,5,3,4,3,3,3.38,78,132,FALSE
Female,Loyal Customer,55,Business Travel,Business,3074,4,4,4,4,2,4,5,5,5,5,5,3,3,4.08,29,28,TRUE
Female,Loyal Customer,59,Business Travel,Business,390,2,2,2,2,5,4,5,5,5,5,5,3,5,3.85,1,0,TRUE
Female,Loyal Customer,46,Business Travel,Business,337,2,2,2,2,4,4,4,5,5,5,5,5,4,3.77,0,0,TRUE
Male,Loyal Customer,42,Personal Travel,Eco,101,2,1,2,3,4,2,5,4,4,3,3,3,4,3.08,26,28,FALSE
Male,Disloyal Customer,31,Business Travel,Business,1107,4,4,4,4,4,4,4,4,5,5,1,1,4,3.69,0,0,FALSE
Male,Loyal Customer,25,Personal Travel,Eco Plus,1182,3,4,3,4,3,3,3,3,3,4,5,3,3,3.38,1,0,FALSE
Male,Loyal Customer,48,Personal Travel,Eco,1546,1,5,1,4,4,1,5,4,3,4,5,4,4,3.46,0,0,FALSE
Male,Loyal Customer,46,Business Travel,Eco Plus,545,3,1,1,1,3,3,3,3,3,2,3,3,3,2.46,74,86,FALSE
Male,Loyal Customer,40,Business Travel,Business,1020,3,5,5,5,4,4,4,3,3,3,3,2,3,3.62,0,0,FALSE
Female,Loyal Customer,52,Business Travel,Business,967,4,4,4,4,5,5,4,5,5,5,5,5,3,4.46,0,5,TRUE
Female,Loyal Customer,32,Business Travel,Business,1610,4,4,4,4,4,4,4,4,5,4,4,3,4,4,0,0,TRUE
Female,Loyal Customer,32,Business Travel,Eco Plus,395,0,0,0,4,1,0,1,1,5,2,2,3,1,1.54,1,0,TRUE
Male,Loyal Customer,35,Business Travel,Business,1761,2,4,2,2,5,4,4,5,5,5,5,4,5,4,0,0,TRUE
Female,Disloyal Customer,34,Business Travel,Eco,558,4,0,4,1,1,4,1,1,2,2,5,4,1,2.31,0,0,FALSE
Male,Loyal Customer,78,Business Travel,Eco Plus,334,1,4,4,4,1,1,1,1,1,2,3,1,1,1.92,12,10,FALSE
Female,Disloyal Customer,39,Business Travel,Business,762,1,1,1,3,5,1,3,5,2,1,2,4,5,2.62,50,54,FALSE
Female,Loyal Customer,26,Personal Travel,Eco,641,3,1,3,4,5,3,5,5,2,5,4,1,5,3.54,0,0,FALSE
Male,Loyal Customer,13,Personal Travel,Eco,2402,2,4,2,2,1,2,1,1,4,4,4,1,1,2.23,0,0,FALSE
Female,Loyal Customer,51,Business Travel,Eco,563,1,5,5,5,1,3,3,1,1,1,1,3,4,2.62,20,25,FALSE
Female,Loyal Customer,54,Business Travel,Business,3314,1,1,1,1,3,3,4,1,1,1,1,2,4,1.85,87,92,FALSE
Male,Loyal Customer,39,Business Travel,Business,760,4,5,4,5,3,2,3,4,4,4,4,4,1,3.62,0,0,FALSE
Male,Loyal Customer,22,Business Travel,Eco Plus,787,2,2,5,5,2,2,3,2,1,4,4,4,2,2.92,0,0,FALSE
Male,Loyal Customer,40,Business Travel,Business,2388,2,1,1,1,2,3,4,2,2,2,2,2,2,2,0,7,FALSE
Female,Loyal Customer,67,Personal Travel,Eco,2279,1,4,1,2,3,4,5,5,5,1,2,5,3,3.15,7,0,FALSE
Female,Disloyal Customer,39,Business Travel,Business,679,2,2,2,3,5,2,5,5,3,2,5,5,5,3.54,0,0,FALSE
Female,Loyal Customer,48,Personal Travel,Eco,369,2,1,3,4,5,4,4,5,5,3,5,3,1,3.46,2,0,FALSE
Male,Loyal Customer,25,Personal Travel,Eco,237,0,5,0,3,4,0,4,4,5,2,5,4,4,3.08,0,0,TRUE
Male,Loyal Customer,76,Business Travel,Eco Plus,587,2,1,1,1,2,2,2,2,1,1,3,4,2,1.85,16,37,FALSE
Male,Loyal Customer,57,Personal Travel,Eco,997,3,5,3,2,4,3,4,4,5,2,4,5,4,3.69,0,0,FALSE
Male,Loyal Customer,53,Business Travel,Business,2794,5,5,5,5,3,5,4,5,5,5,5,3,3,4.46,2,0,TRUE
Female,Loyal Customer,38,Business Travel,Business,1909,5,5,5,5,3,5,5,4,4,4,4,3,3,4.23,0,0,TRUE
Female,Loyal Customer,12,Personal Travel,Eco,89,4,4,4,3,4,4,4,4,3,3,3,2,4,3.54,0,0,FALSE
Male,Loyal Customer,44,Business Travel,Business,872,5,5,3,5,5,5,4,4,4,4,4,4,4,4.31,0,0,TRUE
Female,Loyal Customer,28,Personal Travel,Eco,588,4,5,4,2,4,4,4,4,3,5,4,3,4,3.85,0,0,FALSE
Female,Loyal Customer,59,Business Travel,Business,1576,5,5,5,5,5,4,4,4,4,4,4,4,4,4.38,0,0,TRUE
Male,Loyal Customer,17,Personal Travel,Eco,247,2,4,2,4,2,2,2,2,5,2,4,3,2,2.77,1,0,FALSE
Female,Disloyal Customer,42,Business Travel,Business,214,4,4,4,5,2,4,2,2,4,2,5,3,2,3.31,4,5,TRUE
Female,Disloyal Customer,33,Business Travel,Business,696,1,1,1,4,5,1,4,5,5,2,4,4,5,3.23,0,0,FALSE
Male,Loyal Customer,50,Business Travel,Eco,67,4,1,1,1,4,4,4,4,1,5,2,3,4,2.92,0,21,TRUE
Female,Loyal Customer,56,Business Travel,Eco Plus,787,4,4,2,4,2,3,5,4,4,4,4,2,2,3.38,11,0,TRUE
Male,Loyal Customer,28,Business Travel,Business,2789,3,3,3,3,3,3,3,3,5,2,5,3,3,3.23,0,0,TRUE
Male,Loyal Customer,54,Personal Travel,Eco,1107,4,5,4,2,4,4,3,4,3,3,1,2,4,3.31,0,0,TRUE
Male,Loyal Customer,19,Business Travel,Business,776,5,5,5,5,5,5,5,5,4,3,4,5,5,4.69,4,0,TRUE
Female,Loyal Customer,66,Personal Travel,Eco,331,2,3,2,1,3,2,4,5,5,2,5,2,3,3,9,0,FALSE
Female,Loyal Customer,43,Personal Travel,Eco,448,2,4,0,4,4,3,4,3,3,0,3,4,1,2.69,56,57,FALSE
Male,Loyal Customer,37,Personal Travel,Business,802,3,4,3,5,1,2,3,1,1,3,1,5,4,2.77,27,46,FALSE
Female,Loyal Customer,67,Personal Travel,Eco,869,4,3,4,5,3,5,2,2,2,4,2,2,5,3.31,2,2,FALSE
Female,Loyal Customer,51,Business Travel,Business,859,3,3,3,3,4,4,5,3,3,3,3,3,3,3.31,11,17,TRUE
Female,Loyal Customer,40,Business Travel,Business,163,1,1,1,1,4,4,4,4,4,5,4,5,4,3.23,0,2,TRUE
Female,Loyal Customer,30,Personal Travel,Eco,802,5,3,5,1,1,5,1,1,2,4,3,5,1,2.85,14,0,TRUE
Male,Loyal Customer,50,Business Travel,Business,2326,2,2,2,2,3,1,5,4,4,4,4,2,5,3.08,21,12,TRUE
Female,Loyal Customer,40,Business Travel,Business,533,3,1,3,3,3,4,5,5,5,5,5,4,3,3.77,7,6,TRUE
Female,Loyal Customer,65,Personal Travel,Eco,707,1,4,1,3,3,4,5,4,4,1,4,4,3,3.15,0,4,FALSE
Female,Loyal Customer,56,Business Travel,Business,1999,4,4,4,4,3,4,5,4,4,4,4,4,3,3.92,31,12,TRUE
Female,Loyal Customer,33,Business Travel,Business,3773,2,1,1,1,2,3,3,3,3,3,2,2,2,2.15,24,19,FALSE
Female,Loyal Customer,29,Personal Travel,Eco,223,5,5,5,2,3,5,3,3,5,2,5,3,3,3.77,0,0,TRUE
Male,Loyal Customer,53,Business Travel,Business,130,2,2,2,2,4,5,4,5,5,5,5,5,3,3.77,0,0,TRUE
Male,Disloyal Customer,23,Business Travel,Eco,152,4,4,4,3,2,4,2,2,1,4,5,4,2,3.15,0,0,TRUE
Male,Loyal Customer,56,Business Travel,Business,405,3,1,1,1,1,3,4,3,3,3,3,4,1,2.38,27,18,FALSE
Male,Loyal Customer,46,Business Travel,Business,710,4,4,1,4,2,5,5,5,5,5,5,5,3,4.08,0,0,TRUE
Male,Loyal Customer,48,Personal Travel,Eco,641,1,4,1,3,4,1,4,4,5,4,4,4,4,3.31,1,0,FALSE
Female,Disloyal Customer,33,Business Travel,Business,408,3,3,3,2,3,3,3,3,5,3,4,5,3,3.31,0,0,FALSE
Female,Loyal Customer,29,Business Travel,Eco,304,4,4,4,4,4,4,4,1,2,3,1,4,4,3.31,193,184,TRUE
Female,Loyal Customer,15,Personal Travel,Eco,1454,3,5,4,1,5,4,5,5,3,5,5,3,5,4.08,48,8,FALSE
Female,Loyal Customer,31,Business Travel,Business,1860,4,4,5,4,3,3,3,3,4,2,4,4,3,3.54,0,7,TRUE
Male,Disloyal Customer,30,Business Travel,Eco,984,1,1,1,3,3,1,1,3,3,2,1,2,3,1.92,25,6,FALSE
Female,Loyal Customer,42,Personal Travel,Eco,357,4,5,4,5,3,5,4,2,2,4,2,5,3,3.69,1,0,FALSE
Male,Loyal Customer,23,Business Travel,Business,989,1,1,1,1,4,4,4,4,4,3,4,3,4,2.92,37,28,TRUE
Female,Loyal Customer,48,Business Travel,Eco,163,2,2,2,2,1,3,3,2,2,2,2,1,1,1.92,19,18,FALSE
Male,Loyal Customer,13,Personal Travel,Eco,641,4,4,4,4,3,4,3,3,4,2,3,4,3,3.46,0,0,FALSE
Female,Loyal Customer,44,Business Travel,Business,433,3,3,1,3,3,1,3,4,4,4,4,3,1,2.85,0,0,TRUE
Female,Loyal Customer,31,Business Travel,Eco,628,5,4,4,4,5,5,5,5,4,4,4,4,5,4.46,0,0,TRUE
Male,Disloyal Customer,34,Business Travel,Business,369,1,1,1,4,1,1,1,1,3,4,4,5,1,2.15,6,1,FALSE
Male,Loyal Customer,45,Personal Travel,Eco Plus,1620,4,5,4,3,2,4,4,2,3,5,4,3,2,3.46,0,5,FALSE
Male,Loyal Customer,24,Business Travel,Business,1190,1,1,1,1,4,4,4,4,1,2,2,4,4,2.54,0,0,TRUE
Female,Loyal Customer,40,Business Travel,Business,532,2,2,2,2,1,2,1,4,4,5,4,5,2,2.77,0,0,TRUE
Female,Loyal Customer,25,Business Travel,Eco,1126,2,2,2,2,2,2,3,2,1,4,4,4,2,2.46,0,10,FALSE
Female,Loyal Customer,22,Personal Travel,Business,1524,3,5,3,1,3,3,3,3,4,3,4,4,3,3.23,31,17,FALSE
Male,Loyal Customer,13,Personal Travel,Eco Plus,1197,4,5,4,3,1,4,1,1,3,2,4,2,1,2.69,0,0,TRUE
Female,Loyal Customer,29,Personal Travel,Eco,2158,1,4,1,4,4,1,4,4,5,5,5,4,4,3.54,57,41,FALSE
Female,Loyal Customer,69,Personal Travel,Eco Plus,280,3,4,4,2,5,4,4,5,5,4,5,4,5,4.15,12,14,FALSE
Male,Disloyal Customer,38,Business Travel,Eco,116,5,5,5,2,1,5,1,1,2,1,3,4,1,2.77,0,0,TRUE
Female,Loyal Customer,39,Business Travel,Business,429,5,5,5,5,2,5,5,3,3,3,3,3,4,3.92,0,0,TRUE
Male,Loyal Customer,25,Business Travel,Business,2839,4,4,5,4,3,4,5,3,5,2,4,4,3,3.85,0,0,TRUE
Female,Loyal Customer,59,Business Travel,Business,3075,5,5,5,5,3,4,4,4,4,4,4,4,5,4.31,39,24,TRUE
Male,Loyal Customer,62,Personal Travel,Eco,143,4,5,0,4,2,0,2,2,4,2,2,3,2,2.46,0,0,FALSE
Male,Loyal Customer,69,Personal Travel,Business,1709,2,2,2,4,3,3,3,4,4,2,4,1,2,2.77,0,0,FALSE
Male,Disloyal Customer,26,Business Travel,Eco,783,1,1,1,4,2,1,2,2,1,4,3,2,2,2,79,89,FALSE
Female,Loyal Customer,64,Personal Travel,Eco,373,3,4,3,3,5,3,4,2,2,3,2,2,3,3,6,0,FALSE
Female,Loyal Customer,60,Business Travel,Business,414,3,1,3,3,2,4,4,3,3,4,3,4,4,3.15,0,0,TRUE
Male,Loyal Customer,51,Business Travel,Business,83,0,4,0,2,1,3,5,5,5,5,5,3,1,3,0,0,TRUE
Female,Disloyal Customer,26,Business Travel,Business,1620,1,1,1,5,1,1,1,1,4,4,5,5,1,2.38,0,32,FALSE
Female,Loyal Customer,65,Personal Travel,Eco,615,4,3,4,5,1,5,2,3,3,4,3,2,4,3.31,0,0,FALSE
Female,Loyal Customer,57,Personal Travel,Eco Plus,1028,4,5,4,1,5,5,4,5,5,4,2,5,5,4.15,9,0,TRUE
Female,Loyal Customer,42,Business Travel,Eco Plus,566,4,3,3,3,5,4,5,5,5,4,5,5,1,4,0,0,TRUE
Male,Disloyal Customer,30,Business Travel,Business,2614,4,4,4,4,2,4,2,2,3,5,4,4,2,3.38,0,0,FALSE
Male,Disloyal Customer,27,Business Travel,Business,473,4,4,4,2,5,4,5,5,4,2,4,5,5,4.08,74,71,TRUE
Male,Loyal Customer,53,Business Travel,Business,3094,1,1,1,1,5,5,5,4,4,4,4,5,4,3.38,72,66,TRUE
Male,Loyal Customer,51,Personal Travel,Business,1635,5,5,5,2,2,4,4,5,5,5,4,5,3,4.15,9,7,TRUE
Female,Loyal Customer,57,Business Travel,Business,2886,4,4,4,4,3,5,4,3,3,3,3,5,5,3.85,0,8,TRUE
Female,Loyal Customer,69,Personal Travel,Eco,2327,0,5,0,3,5,4,4,5,5,0,5,2,3,3.15,9,0,TRUE
Male,Loyal Customer,38,Business Travel,Business,813,4,2,2,2,5,3,3,4,4,4,4,1,1,3,21,9,FALSE
Male,Loyal Customer,48,Business Travel,Eco Plus,153,4,5,5,5,4,4,4,4,5,4,4,4,4,4.31,11,31,TRUE
Female,Loyal Customer,24,Business Travel,Business,1363,5,5,5,5,4,5,4,4,5,3,4,4,4,4.38,0,0,TRUE
Female,Loyal Customer,57,Business Travel,Business,3011,3,1,1,1,2,4,3,3,3,3,3,4,3,2.62,0,0,FALSE
Female,Disloyal Customer,39,Business Travel,Eco Plus,292,3,3,3,3,4,3,4,4,2,5,1,5,4,3.38,0,4,TRUE
Female,Loyal Customer,64,Business Travel,Business,3513,1,3,3,3,1,4,3,3,3,3,1,2,3,2.54,10,4,FALSE
Female,Loyal Customer,56,Personal Travel,Eco,539,2,4,2,4,5,4,5,5,5,2,1,3,3,3.46,80,60,FALSE
Female,Loyal Customer,58,Business Travel,Eco,990,2,1,1,1,5,3,4,2,2,2,2,4,4,2.54,12,0,FALSE
Female,Loyal Customer,44,Business Travel,Business,2969,2,2,2,2,5,4,4,5,5,5,5,5,5,3.92,47,25,TRUE
Female,Loyal Customer,31,Business Travel,Business,1753,1,5,5,5,1,1,1,1,3,4,4,2,1,2.62,0,6,FALSE
Female,Disloyal Customer,18,Business Travel,Eco,789,2,2,2,3,3,2,3,3,2,1,3,1,3,2.31,21,10,FALSE
Male,Loyal Customer,46,Business Travel,Business,666,3,3,3,3,3,5,5,5,5,5,5,5,3,4.08,16,5,TRUE
Male,Disloyal Customer,33,Business Travel,Eco,196,4,3,4,3,4,4,4,4,4,4,2,3,4,3.62,0,0,FALSE
Female,Loyal Customer,28,Business Travel,Business,1979,2,2,1,2,4,5,4,4,3,4,5,4,4,3.38,0,17,TRUE
Male,Loyal Customer,47,Business Travel,Business,2187,4,5,4,4,4,4,4,5,4,5,5,4,4,4.31,933,920,TRUE
Female,Disloyal Customer,20,Business Travel,Eco,542,3,3,3,4,5,3,5,5,3,2,1,5,5,3.62,0,0,FALSE
Male,Loyal Customer,56,Personal Travel,Eco,821,3,3,3,4,1,3,1,1,4,4,3,1,1,2.46,4,0,FALSE
Male,Loyal Customer,23,Business Travel,Business,1368,4,1,4,4,4,4,4,4,5,1,2,2,4,3.31,0,0,TRUE
Female,Loyal Customer,44,Business Travel,Eco,290,3,2,2,2,2,3,4,3,3,3,3,3,2,2.69,0,0,FALSE
Female,Loyal Customer,42,Personal Travel,Eco,759,2,3,2,2,4,4,1,1,1,2,1,2,2,2.08,10,21,FALSE
Male,Loyal Customer,51,Business Travel,Business,759,4,4,4,4,3,5,4,4,4,4,4,4,5,4.08,0,0,TRUE
Female,Loyal Customer,53,Personal Travel,Eco,563,0,4,0,2,5,4,5,2,2,0,2,4,5,2.69,0,0,TRUE
Male,Loyal Customer,61,Personal Travel,Eco,588,3,5,3,3,3,3,3,3,5,4,5,5,3,3.69,0,0,FALSE
Male,Loyal Customer,57,Business Travel,Business,3737,1,1,1,1,5,5,5,5,5,5,5,5,3,3.62,14,7,TRUE
Male,Loyal Customer,54,Business Travel,Eco Plus,733,3,3,2,3,3,3,3,3,4,3,4,2,3,3,39,32,FALSE
Male,Disloyal Customer,23,Business Travel,Eco,342,1,2,1,3,3,1,3,3,3,1,4,4,3,2.46,60,54,FALSE
Male,Disloyal Customer,19,Business Travel,Eco,934,5,5,5,5,5,5,5,5,3,3,5,1,5,4.38,4,4,TRUE
Male,Loyal Customer,30,Business Travel,Business,1658,3,3,3,3,5,5,5,5,4,4,5,4,5,4.15,0,0,TRUE
Male,Loyal Customer,60,Personal Travel,Eco,1056,1,4,1,3,4,1,4,4,2,3,4,4,4,3,77,104,FALSE
Female,Loyal Customer,26,Business Travel,Business,2062,2,3,3,3,2,2,2,2,3,3,3,3,2,2.54,0,0,FALSE
Female,Disloyal Customer,16,Business Travel,Eco,229,3,1,3,3,2,3,2,2,2,5,4,3,2,2.69,0,0,FALSE
Male,Loyal Customer,24,Personal Travel,Eco,666,3,1,3,2,3,3,3,3,2,5,2,2,3,2.69,0,0,FALSE
Male,Loyal Customer,51,Business Travel,Business,1520,2,2,1,2,2,2,2,4,2,4,4,2,2,2.38,127,162,TRUE
Female,Loyal Customer,34,Business Travel,Business,333,4,4,4,4,2,5,4,4,4,4,4,3,5,3.92,41,31,TRUE
Female,Loyal Customer,42,Personal Travel,Eco,213,2,4,0,4,4,3,2,1,1,0,4,3,2,2.31,0,0,FALSE
Female,Loyal Customer,52,Business Travel,Business,3909,3,3,3,3,3,4,4,5,5,5,5,4,4,3.92,31,33,TRUE
Female,Loyal Customer,24,Personal Travel,Eco,1943,3,5,3,2,5,3,5,5,4,3,3,5,5,3.92,28,4,FALSE
Male,Loyal Customer,42,Business Travel,Business,447,4,4,4,4,2,5,5,5,5,4,5,4,3,4.15,0,0,TRUE
Male,Disloyal Customer,44,Business Travel,Business,314,2,2,2,2,2,2,1,2,3,2,5,3,2,2.31,6,3,FALSE
Female,Loyal Customer,26,Business Travel,Business,3169,5,5,4,5,4,4,4,4,5,5,4,5,4,4.46,0,0,TRUE
Male,Loyal Customer,22,Business Travel,Business,1005,2,1,1,1,2,2,2,2,1,1,5,1,2,1.77,0,0,FALSE
Male,Loyal Customer,28,Personal Travel,Eco,998,1,4,1,4,3,1,3,3,3,2,4,3,3,2.69,10,22,FALSE
Female,Loyal Customer,42,Business Travel,Business,2969,1,4,4,4,1,4,4,1,1,1,1,4,3,2.54,0,3,FALSE
Male,Disloyal Customer,63,Business Travel,Eco,89,1,0,1,5,5,1,5,5,5,1,4,4,5,3.23,0,9,FALSE
Male,Disloyal Customer,37,Business Travel,Business,287,3,3,3,4,4,3,4,4,2,2,3,2,4,3.15,0,0,FALSE
Male,Loyal Customer,71,Business Travel,Business,2598,5,5,5,5,2,5,4,4,4,4,4,4,5,4.31,0,0,TRUE
Male,Loyal Customer,61,Personal Travel,Eco,404,4,5,4,3,4,4,4,4,5,2,4,4,4,3.92,0,0,TRUE
Male,Loyal Customer,54,Business Travel,Eco,235,4,4,4,4,4,4,4,4,3,4,5,5,4,4.08,18,6,TRUE
Female,Disloyal Customer,33,Business Travel,Eco Plus,101,2,1,1,1,4,1,4,4,3,4,3,1,4,2.54,0,0,FALSE
Female,Loyal Customer,52,Business Travel,Business,3424,1,1,1,1,5,5,4,4,4,4,5,4,3,3.23,21,45,TRUE
Male,Loyal Customer,11,Personal Travel,Eco Plus,1744,4,5,4,1,5,4,5,5,4,5,3,3,5,4.08,0,0,TRUE
Female,Loyal Customer,43,Business Travel,Business,369,3,3,3,3,3,4,5,2,2,2,2,3,3,2.92,19,12,TRUE
Female,Loyal Customer,38,Personal Travel,Eco,781,2,5,2,1,4,2,4,4,1,2,2,4,4,2.85,0,0,FALSE
Female,Loyal Customer,66,Personal Travel,Eco,550,4,0,4,1,1,3,4,3,3,4,3,2,3,2.69,0,0,TRUE
Female,Loyal Customer,36,Personal Travel,Eco,1023,4,3,4,3,4,4,4,4,4,1,4,4,4,3.62,0,0,FALSE
Female,Loyal Customer,44,Business Travel,Business,3071,4,4,4,4,5,5,5,5,5,5,5,3,4,4.46,0,5,TRUE
Male,Loyal Customer,68,Personal Travel,Eco,143,3,2,3,4,2,3,2,2,2,2,4,4,2,2.69,0,0,FALSE
Male,Loyal Customer,39,Business Travel,Eco,147,4,3,3,3,4,4,4,4,4,3,5,1,4,3.54,0,0,TRUE
Female,Loyal Customer,44,Business Travel,Business,561,1,1,1,1,2,4,3,1,1,1,1,2,1,1.54,0,0,FALSE
Male,Loyal Customer,29,Personal Travel,Eco,738,3,5,3,1,2,3,2,2,3,3,5,3,2,2.85,0,9,FALSE
Female,Loyal Customer,11,Personal Travel,Eco,196,1,3,1,1,5,1,5,5,3,4,2,1,5,2.85,0,0,FALSE
Male,Disloyal Customer,26,Business Travel,Eco,1235,3,4,4,3,4,4,4,4,4,5,4,3,4,3.85,0,0,FALSE
Male,Loyal Customer,60,Personal Travel,Eco,163,3,5,3,1,3,3,3,3,3,5,5,3,3,3.31,0,0,FALSE
Male,Disloyal Customer,42,Business Travel,Eco,401,4,4,4,3,5,4,5,5,4,5,3,3,5,4.15,30,21,FALSE
Female,Loyal Customer,14,Personal Travel,Eco Plus,874,4,1,4,4,3,4,2,3,3,4,2,4,3,3.15,0,0,TRUE
Female,Loyal Customer,56,Business Travel,Business,3476,4,4,3,4,4,4,5,5,5,5,5,4,4,4.31,0,0,TRUE
Female,Loyal Customer,42,Personal Travel,Eco,325,1,3,1,3,3,1,4,1,1,1,1,2,1,1.77,10,9,FALSE
Male,Disloyal Customer,37,Business Travel,Eco,463,1,2,1,3,3,1,3,3,2,5,4,4,3,2.69,49,45,FALSE
Male,Disloyal Customer,25,Business Travel,Business,547,5,0,5,4,4,5,1,4,3,3,4,5,4,3.62,49,36,TRUE
Female,Loyal Customer,33,Business Travel,Business,2760,2,4,4,4,2,4,4,2,2,2,2,1,1,2.62,0,0,FALSE
Male,Loyal Customer,47,Business Travel,Eco,273,3,5,5,5,3,3,3,3,3,2,3,3,3,3.38,55,55,FALSE
Female,Loyal Customer,60,Personal Travel,Eco,1814,1,3,1,1,4,5,1,1,1,1,1,5,4,2.23,0,0,FALSE
Female,Loyal Customer,64,Personal Travel,Eco,1183,1,3,1,4,1,3,3,5,5,1,5,2,1,2.69,8,0,FALSE
Female,Loyal Customer,45,Business Travel,Eco,516,2,3,3,3,1,4,4,2,2,2,2,1,4,2.54,21,15,FALSE
Male,Loyal Customer,55,Personal Travel,Business,853,4,4,4,4,2,4,5,4,4,4,4,5,3,3.92,9,32,TRUE
Male,Loyal Customer,30,Business Travel,Business,2586,3,3,3,3,3,3,3,3,4,4,2,2,3,3,5,9,FALSE
Male,Loyal Customer,60,Business Travel,Business,2432,3,3,2,3,3,4,5,5,5,4,5,3,4,3.77,0,0,TRUE
Female,Loyal Customer,53,Personal Travel,Eco,1010,2,3,2,4,2,3,3,2,2,2,2,5,2,2.62,0,0,FALSE
Female,Loyal Customer,30,Business Travel,Business,1967,2,2,5,2,3,4,3,3,3,2,5,3,3,3.08,0,0,TRUE
Male,Loyal Customer,49,Business Travel,Business,1121,3,3,3,3,3,5,4,4,4,4,4,4,4,3.69,0,0,TRUE
Female,Loyal Customer,45,Business Travel,Eco,277,3,2,2,2,4,4,3,3,3,3,3,3,1,2.77,15,18,FALSE
Female,Loyal Customer,44,Business Travel,Business,813,3,3,3,3,2,2,3,3,3,2,3,4,2,2.77,59,34,FALSE
Female,Loyal Customer,63,Business Travel,Business,337,0,0,0,3,3,3,4,2,2,2,2,2,2,1.92,11,3,TRUE
Female,Loyal Customer,41,Business Travel,Business,669,2,2,2,2,5,5,5,5,5,5,5,5,4,4,4,0,TRUE
Female,Loyal Customer,33,Business Travel,Eco,306,3,4,4,4,3,3,3,3,3,4,3,4,3,3.38,1,8,FALSE
Female,Disloyal Customer,38,Business Travel,Eco,1180,2,2,2,3,2,2,2,2,1,3,3,1,2,2.08,18,4,FALSE
Female,Disloyal Customer,34,Business Travel,Eco,373,2,0,2,3,4,2,4,4,5,2,5,5,4,3.23,0,0,FALSE
Male,Loyal Customer,58,Business Travel,Business,442,2,2,2,2,3,4,5,4,4,5,4,5,4,3.54,0,0,TRUE
Female,Disloyal Customer,25,Business Travel,Eco,862,4,4,4,4,3,4,3,3,5,4,3,2,3,3.54,8,0,FALSE
Female,Disloyal Customer,25,Business Travel,Eco,689,3,2,2,3,5,2,5,5,2,5,3,2,5,3.38,30,14,FALSE
Female,Loyal Customer,43,Business Travel,Business,368,3,5,5,5,1,4,4,3,3,4,3,1,1,3.23,0,0,FALSE
Female,Disloyal Customer,50,Business Travel,Business,1127,4,4,4,1,3,4,3,3,5,2,4,3,3,3.31,0,0,TRUE
Male,Loyal Customer,44,Business Travel,Business,1062,1,1,5,1,5,5,5,2,2,2,2,3,3,2.85,47,41,TRUE
Female,Loyal Customer,30,Business Travel,Business,482,1,1,1,1,5,5,5,5,3,3,4,4,5,3.31,0,0,TRUE
Female,Loyal Customer,53,Business Travel,Business,1616,5,5,5,5,3,3,4,4,4,4,4,3,5,4.15,0,0,TRUE
Male,Loyal Customer,17,Personal Travel,Eco,1363,1,5,1,2,4,1,4,4,3,2,5,5,4,3.15,6,0,FALSE
Female,Loyal Customer,41,Business Travel,Eco Plus,669,4,3,3,3,5,3,3,4,4,4,4,3,1,3.38,40,49,FALSE
Male,Loyal Customer,25,Personal Travel,Eco,1175,1,5,1,4,4,1,4,4,4,4,4,5,4,3.46,1,0,FALSE
Female,Loyal Customer,42,Business Travel,Business,373,4,4,4,4,2,4,4,3,3,3,3,4,4,3.54,0,0,TRUE
Male,Loyal Customer,48,Business Travel,Business,237,4,4,5,4,5,5,5,5,5,4,5,3,4,4.46,3,0,TRUE
Female,Disloyal Customer,43,Business Travel,Eco,967,3,3,3,3,3,3,4,3,3,1,5,5,3,3.23,15,39,FALSE
Male,Loyal Customer,65,Personal Travel,Eco,1249,2,5,1,3,4,1,4,4,5,5,5,3,4,3.54,46,79,FALSE
Male,Loyal Customer,32,Business Travel,Business,2730,5,5,5,5,4,4,4,4,4,2,4,4,4,4.15,1,0,TRUE
Female,Loyal Customer,39,Business Travel,Business,3650,1,1,4,1,5,5,5,5,5,5,5,5,5,4,244,250,TRUE
Female,Loyal Customer,41,Business Travel,Business,1532,2,2,4,2,3,4,4,4,4,4,4,4,5,3.54,0,0,TRUE
Male,Loyal Customer,43,Business Travel,Business,272,5,3,5,5,5,4,5,5,5,5,5,3,5,4.62,0,0,TRUE
Female,Disloyal Customer,27,Business Travel,Eco,280,2,0,2,4,3,2,3,3,5,3,3,3,3,2.77,0,0,FALSE
Female,Loyal Customer,40,Business Travel,Business,2553,2,2,2,2,2,5,4,5,5,5,4,3,3,3.38,0,0,TRUE
Female,Disloyal Customer,17,Business Travel,Eco,830,3,3,3,3,2,3,2,2,3,3,4,5,2,2.92,1,0,FALSE
Female,Loyal Customer,23,Personal Travel,Eco,271,2,0,5,2,1,5,1,1,3,1,4,2,1,2.15,8,0,FALSE
Male,Loyal Customer,29,Personal Travel,Eco Plus,1546,3,4,3,1,4,3,4,4,3,4,4,5,4,3.54,8,0,FALSE
Female,Loyal Customer,56,Business Travel,Business,587,1,1,1,1,3,5,5,2,2,2,2,3,5,2.54,61,70,TRUE
Male,Loyal Customer,49,Business Travel,Business,134,2,2,2,2,2,5,5,4,4,4,5,4,3,3.38,0,0,TRUE
Male,Loyal Customer,69,Business Travel,Business,2688,3,5,2,5,3,3,3,3,3,2,4,3,3,3.23,0,8,FALSE
Female,Loyal Customer,25,Business Travel,Business,2201,1,2,2,2,1,1,1,1,2,4,4,4,1,2,17,2,FALSE
Male,Loyal Customer,53,Business Travel,Business,1927,2,2,2,2,3,3,4,4,4,4,4,3,3,3.08,5,0,TRUE
Female,Disloyal Customer,70,Personal Travel,Business,130,3,5,0,5,1,0,1,1,3,5,4,3,1,2.46,0,0,FALSE
Female,Loyal Customer,42,Personal Travel,Eco,468,1,4,1,3,2,4,3,3,3,1,1,1,1,2.15,0,0,FALSE
Male,Loyal Customer,38,Business Travel,Eco,679,4,3,5,5,4,4,4,4,1,1,1,2,4,3.23,0,0,TRUE
Male,Disloyal Customer,39,Business Travel,Eco,907,2,2,2,3,5,2,5,5,3,1,2,1,5,2.92,0,0,FALSE
Female,Loyal Customer,35,Business Travel,Eco,469,3,2,2,2,3,3,3,3,2,2,3,1,3,2.46,0,0,FALSE
Male,Loyal Customer,49,Business Travel,Business,2289,2,4,4,4,5,3,3,4,4,4,2,3,4,3.54,35,41,FALSE
Male,Loyal Customer,57,Personal Travel,Eco,588,3,4,3,4,4,3,4,4,5,4,5,5,4,4,0,0,FALSE
Female,Loyal Customer,35,Business Travel,Business,334,2,3,3,3,1,3,3,2,2,2,2,2,4,2.46,6,0,FALSE
Male,Loyal Customer,35,Personal Travel,Eco,305,3,2,3,3,4,3,4,4,4,1,4,2,4,3.15,0,12,FALSE
Male,Loyal Customer,31,Personal Travel,Eco,624,2,4,2,3,2,2,2,2,1,4,5,1,2,2.46,0,0,FALSE
Male,Loyal Customer,40,Personal Travel,Eco,2052,2,5,2,1,4,2,4,4,4,4,4,4,4,3.38,1,0,FALSE
Female,Loyal Customer,32,Personal Travel,Eco,345,4,5,4,5,4,4,4,4,5,3,5,5,4,4.31,0,0,FALSE
Male,Loyal Customer,58,Business Travel,Business,1810,4,4,4,4,1,2,2,5,5,5,3,2,2,3.31,0,0,TRUE
Male,Loyal Customer,30,Business Travel,Eco,607,4,1,1,1,4,4,4,4,4,1,1,5,4,2.92,0,0,TRUE
Female,Loyal Customer,52,Personal Travel,Eco Plus,304,4,4,4,3,3,4,4,4,4,4,4,5,4,3.92,0,0,FALSE
Male,Disloyal Customer,36,Business Travel,Eco,1009,1,1,1,2,4,1,4,4,5,3,3,4,4,2.85,0,0,FALSE
Female,Loyal Customer,69,Personal Travel,Business,1814,4,5,4,3,4,3,4,2,2,4,2,3,4,3.38,0,13,FALSE
Male,Loyal Customer,52,Business Travel,Business,406,5,5,5,5,5,5,5,5,5,5,5,5,3,4.85,0,0,TRUE
Male,Loyal Customer,43,Personal Travel,Eco,200,2,5,2,4,3,2,3,3,5,3,4,3,3,3.23,2,0,FALSE
Female,Loyal Customer,63,Business Travel,Business,224,3,2,2,2,2,3,4,3,3,3,3,2,1,2.54,0,0,FALSE
Male,Loyal Customer,24,Business Travel,Eco,175,5,5,4,5,5,5,3,5,1,1,1,2,5,3.62,0,0,TRUE
Female,Loyal Customer,26,Personal Travel,Eco Plus,1747,3,5,3,4,4,3,4,4,5,1,3,3,4,3.54,15,38,FALSE
Male,Loyal Customer,58,Business Travel,Business,3631,2,3,3,3,1,4,4,2,2,2,2,2,4,2.62,13,18,FALSE
Male,Loyal Customer,49,Business Travel,Business,1575,3,3,3,3,2,4,5,5,5,5,5,5,3,3.92,5,18,TRUE
Female,Loyal Customer,43,Business Travel,Business,2261,3,2,2,2,3,3,3,3,3,3,3,2,2,2.62,27,23,FALSE
Female,Loyal Customer,49,Business Travel,Eco,2475,4,2,2,2,4,4,4,5,3,3,2,4,4,3.31,34,40,TRUE
Male,Loyal Customer,8,Personal Travel,Eco,2075,3,5,3,4,2,3,5,2,4,4,5,3,2,3.46,21,28,FALSE
Female,Loyal Customer,42,Business Travel,Business,2268,3,5,5,5,3,4,3,3,3,3,3,2,1,3.31,45,57,FALSE
Female,Loyal Customer,11,Personal Travel,Eco,383,2,5,2,3,3,2,4,3,3,2,5,5,3,3.23,0,0,FALSE
Female,Disloyal Customer,38,Business Travel,Eco,809,1,1,1,4,4,1,4,4,1,3,4,1,4,2.54,0,0,FALSE
Female,Loyal Customer,23,Business Travel,Eco,1076,4,4,4,4,4,4,1,4,4,2,4,4,4,3.62,59,57,FALSE
Male,Loyal Customer,56,Business Travel,Business,3515,2,1,2,2,2,5,5,5,5,5,5,4,5,3.69,0,0,TRUE
Male,Disloyal Customer,42,Business Travel,Eco,950,3,3,3,3,1,3,1,1,1,4,4,5,1,2.54,0,27,FALSE
Female,Loyal Customer,32,Business Travel,Eco Plus,2717,4,5,5,5,4,4,4,1,5,4,1,4,4,3.85,0,0,TRUE
Female,Disloyal Customer,52,Business Travel,Eco,646,2,0,2,3,1,2,2,1,1,5,3,4,1,2.08,0,0,FALSE
Male,Loyal Customer,42,Business Travel,Eco Plus,1342,3,3,3,3,3,3,3,3,2,4,4,4,3,3.15,0,0,FALSE
Female,Loyal Customer,23,Personal Travel,Eco,427,3,2,3,4,3,3,3,3,2,5,4,4,3,3.23,0,8,FALSE
Female,Loyal Customer,56,Business Travel,Business,332,4,4,4,4,4,5,4,4,4,4,4,5,5,4.23,1,0,TRUE
Female,Loyal Customer,48,Personal Travel,Eco,377,3,5,3,4,4,4,5,4,4,3,4,5,3,3.92,0,3,FALSE
Male,Disloyal Customer,37,Business Travel,Business,333,3,3,3,1,5,3,5,5,4,2,4,4,5,3.62,1,0,FALSE
Female,Loyal Customer,45,Business Travel,Business,2710,3,3,3,3,4,5,1,4,4,4,4,2,3,3.31,9,0,TRUE
Male,Loyal Customer,31,Business Travel,Business,1744,3,3,3,3,3,3,3,3,3,5,4,4,3,3.31,0,0,FALSE
Female,Loyal Customer,62,Business Travel,Business,157,5,5,5,5,1,4,5,4,4,4,4,5,1,4,0,0,TRUE
Male,Loyal Customer,10,Personal Travel,Eco Plus,1056,1,5,1,1,5,1,5,5,4,4,4,3,5,3.38,72,78,FALSE
Female,Loyal Customer,31,Business Travel,Business,2907,4,4,4,4,4,4,4,4,3,4,5,5,4,4.08,0,0,TRUE
Male,Loyal Customer,49,Business Travel,Eco,145,4,1,5,1,4,4,4,4,4,5,1,3,4,3.38,0,0,TRUE
Female,Loyal Customer,45,Business Travel,Business,201,2,2,2,2,3,5,4,5,5,5,5,4,3,3.62,0,3,TRUE
Male,Loyal Customer,32,Personal Travel,Eco,547,3,2,3,3,3,3,4,3,4,1,3,2,3,2.85,19,15,FALSE
Female,Loyal Customer,72,Business Travel,Eco,308,3,1,1,1,3,3,3,3,3,3,3,2,3,2.46,53,50,FALSE
Male,Loyal Customer,47,Business Travel,Business,201,3,3,4,3,5,3,1,4,4,4,5,4,2,3.46,0,0,TRUE
Female,Loyal Customer,37,Business Travel,Business,624,2,2,2,2,2,4,4,4,4,4,4,4,5,3.31,0,1,TRUE
Male,Loyal Customer,40,Business Travel,Business,646,5,5,5,5,5,5,5,5,5,5,5,3,3,4.69,0,5,TRUE
Male,Loyal Customer,30,Business Travel,Business,1065,1,1,5,1,5,5,5,5,5,3,4,4,5,3.77,6,0,TRUE
Female,Loyal Customer,53,Business Travel,Business,248,2,2,2,2,4,5,5,4,4,4,4,4,4,3.54,84,81,TRUE
Male,Disloyal Customer,27,Business Travel,Business,1359,4,4,4,3,4,4,4,4,5,2,5,5,4,4,0,0,TRUE
Female,Disloyal Customer,25,Business Travel,Business,1846,2,5,2,1,1,2,1,1,4,3,4,5,1,2.46,1,0,FALSE
Male,Loyal Customer,32,Business Travel,Eco Plus,578,3,5,5,5,3,3,3,3,2,2,3,2,3,3.23,0,0,FALSE
Female,Loyal Customer,59,Business Travel,Business,594,1,1,1,1,2,4,5,4,4,4,4,5,4,3.08,0,9,TRUE
Male,Disloyal Customer,23,Business Travel,Eco,451,3,2,3,4,1,3,1,1,2,4,4,2,1,2.38,52,55,FALSE
Male,Loyal Customer,36,Personal Travel,Eco,1562,1,2,1,3,5,1,4,5,4,4,2,4,5,3.15,0,3,FALSE
Female,Disloyal Customer,25,Business Travel,Eco,679,3,3,3,3,5,3,5,5,3,2,4,1,5,3.46,0,0,FALSE
Male,Loyal Customer,21,Business Travel,Business,213,2,2,2,2,2,2,2,2,1,2,3,2,2,2,124,129,FALSE
Male,Loyal Customer,58,Business Travel,Business,1978,1,1,5,1,4,5,4,4,4,4,4,5,3,3.46,57,58,TRUE
Female,Loyal Customer,36,Business Travel,Business,990,2,2,2,2,3,3,3,5,5,5,5,5,3,3.46,0,0,TRUE
Male,Loyal Customer,46,Business Travel,Business,3183,2,5,5,5,2,2,3,2,2,2,2,2,1,2.69,0,0,FALSE
Male,Disloyal Customer,27,Business Travel,Business,1310,5,5,5,3,1,5,1,1,4,3,4,4,1,3.23,0,0,TRUE
Male,Loyal Customer,35,Business Travel,Business,1776,2,3,4,3,5,4,3,2,2,2,2,2,4,2.92,0,2,FALSE
Male,Loyal Customer,48,Personal Travel,Eco,471,2,4,2,2,1,2,1,1,4,2,5,5,1,2.46,14,5,FALSE
Female,Loyal Customer,54,Business Travel,Business,250,3,3,4,3,4,5,3,5,5,5,5,2,5,4,0,3,TRUE
Male,Loyal Customer,41,Business Travel,Eco,620,4,1,1,1,4,4,4,4,5,4,3,2,4,3.15,0,0,TRUE
Female,Loyal Customer,36,Business Travel,Business,1977,0,0,0,4,1,4,3,1,1,1,1,5,3,1.85,0,0,TRUE
Female,Loyal Customer,32,Personal Travel,Eco,134,1,2,0,4,2,0,1,2,1,3,4,2,2,1.85,0,0,FALSE
Female,Loyal Customer,38,Business Travel,Business,1013,1,3,3,3,1,2,2,1,1,1,1,4,2,1.92,18,29,FALSE
Female,Loyal Customer,10,Personal Travel,Eco,326,2,1,2,2,2,2,2,2,2,3,1,2,2,1.92,0,0,FALSE
Female,Disloyal Customer,36,Business Travel,Business,1390,2,2,2,2,3,2,3,3,5,5,4,4,3,3.08,1,0,FALSE
Female,Loyal Customer,13,Personal Travel,Eco,1121,3,4,3,1,1,3,1,1,5,5,4,4,1,2.77,20,14,FALSE
Male,Disloyal Customer,25,Business Travel,Eco,836,2,2,2,3,5,2,5,5,3,2,5,4,5,3.46,2,0,FALSE
Female,Loyal Customer,33,Business Travel,Business,781,2,2,2,2,5,5,5,5,5,5,5,5,5,4.08,32,34,TRUE
Male,Loyal Customer,59,Business Travel,Business,2338,4,4,4,4,2,4,4,4,4,4,4,3,3,3.69,4,0,TRUE
Female,Loyal Customer,59,Business Travel,Business,2597,3,2,2,2,3,3,3,2,1,4,3,3,3,2.62,140,144,FALSE
Male,Loyal Customer,51,Business Travel,Business,1780,5,5,5,5,4,5,5,4,4,4,4,3,4,4.38,0,0,TRUE
Male,Loyal Customer,59,Business Travel,Business,620,2,2,5,2,3,5,5,5,5,5,5,3,5,4,0,0,TRUE
Male,Disloyal Customer,36,Business Travel,Eco,101,3,0,3,4,2,3,2,2,2,3,1,5,2,2.46,0,0,FALSE
Female,Loyal Customer,39,Business Travel,Business,575,1,1,1,1,5,5,3,5,5,5,5,3,4,3.38,21,9,TRUE
Male,Loyal Customer,21,Personal Travel,Eco,1121,1,5,2,4,1,2,1,1,4,3,5,3,1,2.54,0,0,FALSE
Male,Loyal Customer,14,Personal Travel,Eco,255,2,5,2,2,2,2,3,2,4,3,5,5,2,3,0,0,FALSE
Male,Loyal Customer,22,Business Travel,Eco Plus,617,2,4,4,4,2,2,3,2,1,4,3,2,2,2.69,86,93,FALSE
Female,Loyal Customer,13,Personal Travel,Eco,2125,1,4,1,4,2,1,2,2,4,2,3,3,2,2.38,81,64,FALSE
Male,Loyal Customer,48,Personal Travel,Business,229,3,5,3,2,2,5,5,5,5,3,5,3,4,3.85,0,0,FALSE
Female,Disloyal Customer,79,Business Travel,Eco,272,3,0,3,2,3,3,3,3,2,4,5,1,3,2.69,0,0,FALSE
Female,Disloyal Customer,38,Business Travel,Eco,348,2,3,2,3,4,2,4,4,2,3,3,3,4,3,127,108,FALSE
Male,Loyal Customer,60,Business Travel,Business,3879,2,2,2,2,4,4,4,4,4,4,4,4,5,3.46,6,0,TRUE
Male,Loyal Customer,43,Personal Travel,Eco Plus,868,2,2,2,4,2,2,2,2,1,1,3,3,2,2.15,4,13,FALSE
Female,Loyal Customer,34,Business Travel,Business,2378,4,5,5,5,4,4,4,2,4,4,4,4,4,4.08,0,36,FALSE
Female,Loyal Customer,45,Business Travel,Business,431,2,2,2,2,2,5,4,4,4,4,4,4,3,3.23,49,64,TRUE
Female,Loyal Customer,32,Business Travel,Business,621,3,1,3,3,3,3,3,3,3,5,2,1,3,2.77,40,30,FALSE
Female,Loyal Customer,41,Business Travel,Business,1222,4,4,4,4,3,5,5,3,3,2,3,3,5,3.69,11,0,TRUE
Female,Disloyal Customer,20,Business Travel,Eco,264,3,0,3,3,5,3,5,5,5,1,5,3,5,3.54,0,0,FALSE
Female,Loyal Customer,63,Business Travel,Eco,628,2,2,4,2,4,4,3,2,2,2,2,3,4,2.77,0,0,FALSE
Female,Loyal Customer,39,Business Travel,Business,2083,2,2,2,2,5,4,4,4,4,4,4,5,4,3.54,0,0,TRUE
Male,Loyal Customer,61,Business Travel,Business,2077,1,5,5,5,2,4,3,1,1,1,1,3,1,2.54,0,0,FALSE
Male,Loyal Customer,37,Business Travel,Business,2288,2,2,3,2,5,3,4,4,4,4,4,4,4,3.46,0,0,TRUE
Female,Loyal Customer,8,Personal Travel,Eco,581,2,5,3,4,4,3,4,4,5,5,5,5,4,4.08,0,10,FALSE
Male,Loyal Customer,36,Personal Travel,Eco,646,3,3,3,2,4,3,3,4,5,3,3,3,4,3.31,0,0,FALSE
Female,Loyal Customer,44,Personal Travel,Eco,328,2,0,2,3,2,4,5,2,2,2,2,4,4,2.62,3,0,FALSE
Female,Loyal Customer,68,Personal Travel,Business,641,2,4,2,4,3,4,4,3,3,2,3,3,4,3.15,24,25,FALSE
Male,Disloyal Customer,22,Business Travel,Eco,227,1,4,1,3,2,1,2,2,3,2,3,3,2,2.23,0,0,FALSE
Female,Loyal Customer,55,Business Travel,Business,240,4,4,4,4,2,4,4,4,4,4,4,3,3,3.69,0,18,TRUE
Female,Loyal Customer,60,Personal Travel,Business,645,2,5,2,4,3,5,5,4,4,2,5,5,4,3.85,100,87,FALSE
Male,Disloyal Customer,21,Business Travel,Eco,448,1,4,1,3,2,1,2,2,3,2,4,3,2,2.31,0,2,FALSE
Male,Loyal Customer,68,Business Travel,Business,475,3,2,2,2,5,2,2,3,3,3,3,1,3,2.62,0,0,FALSE
Male,Disloyal Customer,20,Business Travel,Business,277,5,0,5,1,1,5,1,1,3,5,5,3,1,2.77,7,1,TRUE
Male,Loyal Customer,35,Business Travel,Eco,349,5,1,1,1,5,5,5,5,4,2,2,3,5,3.38,0,0,TRUE
Male,Disloyal Customer,27,Business Travel,Eco,1197,1,1,1,3,2,1,2,2,4,5,2,3,2,2.23,73,62,FALSE
Male,Disloyal Customer,34,Business Travel,Business,495,3,3,3,1,1,3,1,1,3,2,4,5,1,2.38,20,15,FALSE
Female,Loyal Customer,49,Personal Travel,Eco,237,4,3,4,3,3,4,4,5,5,4,5,3,3,3.85,0,0,TRUE
Male,Loyal Customer,57,Business Travel,Business,2764,5,5,5,5,5,4,5,4,4,4,4,5,5,4.62,20,27,TRUE
Male,Loyal Customer,51,Business Travel,Business,2486,4,4,4,4,3,4,4,4,4,4,4,3,4,3.85,0,0,TRUE
Female,Loyal Customer,33,Business Travel,Business,288,1,5,5,5,1,4,3,1,1,1,1,4,4,2.77,6,20,FALSE
Male,Loyal Customer,58,Personal Travel,Eco,577,3,5,3,5,1,3,5,1,5,2,4,4,1,3.23,0,0,FALSE
Male,Loyal Customer,13,Personal Travel,Eco,414,3,3,3,4,5,3,3,5,1,1,4,2,5,3.23,11,7,FALSE
Male,Loyal Customer,16,Business Travel,Business,2572,2,2,3,2,2,2,2,2,1,2,4,1,2,2.08,2,8,FALSE
Female,Disloyal Customer,59,Business Travel,Business,247,4,4,4,2,4,4,4,4,5,5,4,3,4,3.92,0,0,TRUE
Male,Loyal Customer,66,Personal Travel,Eco Plus,574,4,1,4,3,3,4,3,3,3,1,4,3,3,3,0,8,FALSE
Male,Disloyal Customer,33,Business Travel,Business,429,2,2,2,4,5,2,5,5,5,3,4,4,5,3.69,0,6,FALSE
Male,Loyal Customer,55,Business Travel,Eco,526,2,1,1,1,2,2,2,2,5,3,2,3,2,2.15,0,4,TRUE
Female,Disloyal Customer,54,Business Travel,Business,250,5,5,5,4,4,5,4,4,4,2,5,4,4,4.23,0,4,TRUE
Male,Loyal Customer,39,Business Travel,Business,3977,2,2,2,2,2,5,4,5,5,5,5,3,4,3.54,25,23,TRUE
Male,Loyal Customer,42,Personal Travel,Eco,563,2,5,3,3,4,3,4,4,5,2,4,3,4,3.54,0,0,FALSE
Female,Loyal Customer,45,Business Travel,Business,594,4,4,4,4,4,5,5,4,4,4,4,5,5,4.31,4,0,TRUE
Female,Loyal Customer,66,Business Travel,Eco Plus,689,3,5,5,5,4,4,4,3,3,3,3,1,1,3.38,0,0,FALSE
Male,Loyal Customer,52,Business Travel,Eco Plus,666,2,3,3,3,2,2,2,2,1,1,3,1,2,2.08,13,0,FALSE
Female,Loyal Customer,36,Business Travel,Business,2586,2,2,2,2,3,4,4,5,5,5,5,5,3,3.62,0,0,TRUE
Female,Loyal Customer,55,Personal Travel,Eco,529,3,1,3,2,1,2,2,2,2,3,5,2,4,2.46,0,10,FALSE
Male,Loyal Customer,34,Business Travel,Business,1846,3,2,2,2,1,3,4,3,3,3,3,1,1,2.38,49,31,FALSE
Female,Loyal Customer,53,Business Travel,Business,919,2,2,2,2,4,4,5,4,4,4,4,3,5,3.46,0,0,TRUE
Female,Disloyal Customer,24,Business Travel,Business,449,0,0,0,1,2,0,2,2,2,2,5,2,2,1.54,11,0,TRUE
Male,Loyal Customer,16,Business Travel,Business,762,1,1,1,1,1,1,1,1,3,5,4,3,1,1.85,0,11,FALSE
Female,Loyal Customer,22,Business Travel,Business,2451,5,5,5,5,4,4,4,4,3,2,5,5,4,4.23,0,0,TRUE
Male,Loyal Customer,42,Business Travel,Business,356,4,3,4,4,3,5,4,4,4,4,4,4,5,4,0,5,TRUE
Female,Loyal Customer,39,Business Travel,Business,1346,2,2,2,2,4,4,5,2,2,2,2,3,4,2.77,68,56,TRUE
Male,Loyal Customer,50,Business Travel,Business,383,3,3,3,3,5,4,4,4,4,4,4,5,4,3.85,0,0,TRUE
Female,Loyal Customer,33,Business Travel,Business,3273,0,0,0,1,2,4,2,3,3,3,3,1,4,2,0,0,TRUE
Female,Loyal Customer,29,Business Travel,Business,2133,2,2,2,2,5,5,5,5,5,2,4,5,5,3.77,0,0,TRUE
Female,Loyal Customer,39,Business Travel,Business,2753,1,1,1,1,2,5,5,4,4,4,4,4,3,3,0,0,TRUE
Male,Loyal Customer,41,Business Travel,Business,2565,3,3,1,3,4,4,4,5,3,5,4,4,4,3.62,0,0,TRUE
Male,Loyal Customer,59,Business Travel,Business,2818,1,5,5,5,1,4,4,1,1,2,1,4,4,2.92,104,106,FALSE
Female,Disloyal Customer,40,Business Travel,Business,391,3,2,2,3,2,2,2,2,3,4,4,2,2,2.54,5,0,FALSE
Male,Loyal Customer,69,Personal Travel,Eco Plus,634,3,2,3,3,2,3,2,2,3,3,2,1,2,2.38,0,2,FALSE
Female,Loyal Customer,44,Business Travel,Business,2164,2,2,2,2,1,3,1,4,4,4,4,2,1,2.46,14,0,TRUE
Female,Loyal Customer,37,Business Travel,Eco,455,1,4,4,4,1,1,1,1,1,4,3,4,1,2.31,4,12,FALSE
Female,Loyal Customer,54,Personal Travel,Eco,160,4,2,0,3,5,3,3,2,2,0,1,2,4,2.38,0,0,TRUE
Male,Loyal Customer,39,Business Travel,Business,2288,5,5,5,5,5,5,5,5,5,5,5,5,5,5,124,120,TRUE
Female,Disloyal Customer,26,Business Travel,Business,372,0,0,0,4,5,0,2,5,5,5,5,4,5,3.08,7,0,TRUE
Female,Loyal Customer,36,Business Travel,Business,2422,2,1,1,1,2,2,3,2,2,2,2,2,2,1.85,0,0,FALSE
Female,Loyal Customer,51,Business Travel,Business,1136,2,2,2,2,3,5,4,5,5,5,5,4,3,3.62,2,0,TRUE
Male,Loyal Customer,56,Personal Travel,Business,589,1,1,0,2,5,1,2,4,4,0,4,4,4,2.46,17,4,FALSE
Male,Loyal Customer,55,Business Travel,Eco,696,3,1,4,4,3,3,3,3,1,1,3,4,3,2.77,22,5,FALSE
Female,Disloyal Customer,26,Business Travel,Eco,404,1,5,2,4,3,2,3,3,4,2,2,1,3,2.69,0,0,FALSE
Male,Disloyal Customer,26,Business Travel,Business,577,4,4,4,3,3,4,3,3,5,4,4,3,3,3.62,4,0,TRUE
Female,Loyal Customer,72,Business Travel,Business,1084,4,3,3,3,2,2,3,4,4,4,4,1,1,2.92,0,0,FALSE
Male,Disloyal Customer,29,Business Travel,Business,1212,2,2,2,4,5,2,5,5,3,4,3,1,5,3.31,4,8,FALSE
Female,Loyal Customer,44,Personal Travel,Eco,834,1,4,1,3,5,5,4,4,4,1,4,3,3,3.23,0,17,FALSE
Female,Loyal Customer,18,Personal Travel,Eco,650,3,3,3,2,5,3,5,5,5,5,3,4,5,3.92,0,0,FALSE
Female,Loyal Customer,47,Business Travel,Business,436,2,2,2,2,2,4,4,3,3,3,3,3,3,2.77,0,5,TRUE
Male,Loyal Customer,53,Personal Travel,Eco,712,3,3,3,4,5,3,5,5,5,1,5,2,5,3.77,0,0,FALSE
Female,Loyal Customer,52,Business Travel,Business,3759,2,2,2,2,5,4,4,5,5,5,5,3,3,3.62,0,0,TRUE
Female,Loyal Customer,36,Business Travel,Eco Plus,599,4,1,1,1,4,4,4,4,3,3,5,1,4,3,16,3,TRUE
Female,Loyal Customer,31,Personal Travel,Eco Plus,236,2,5,2,2,1,2,1,1,4,5,5,3,1,2.62,0,0,FALSE
Male,Loyal Customer,19,Personal Travel,Eco,2454,3,4,3,1,3,4,4,3,2,5,5,4,4,3.46,0,0,FALSE
Male,Loyal Customer,31,Business Travel,Eco,1048,4,1,1,1,4,4,4,2,5,4,4,4,4,3.23,151,152,FALSE
Male,Disloyal Customer,9,Business Travel,Eco,621,1,3,1,2,3,1,3,3,3,2,2,2,3,2.23,0,2,FALSE
Female,Loyal Customer,53,Business Travel,Business,666,1,1,1,1,4,4,5,2,2,2,2,3,5,2.54,0,0,TRUE
Female,Disloyal Customer,26,Business Travel,Eco,2762,4,4,4,1,4,3,3,2,3,3,5,3,3,3.23,0,3,FALSE
Male,Loyal Customer,47,Business Travel,Business,1660,1,1,2,1,5,3,4,4,4,5,4,4,3,3.15,9,0,TRUE
Female,Loyal Customer,59,Business Travel,Eco,223,4,5,5,5,2,3,4,4,4,4,4,2,2,3.69,10,10,TRUE
Female,Loyal Customer,12,Personal Travel,Eco,895,3,5,3,3,2,3,2,2,3,2,4,5,2,3,2,0,FALSE
Female,Loyal Customer,8,Personal Travel,Eco,1062,4,5,4,4,5,4,5,5,4,5,5,3,5,4.46,4,0,TRUE
Male,Disloyal Customer,34,Business Travel,Eco,501,1,4,1,4,1,5,5,3,5,2,1,5,5,3.23,159,164,FALSE
Female,Loyal Customer,55,Personal Travel,Eco,1379,3,5,3,4,4,3,1,3,3,3,3,3,4,3.23,12,4,FALSE
Female,Disloyal Customer,39,Business Travel,Business,1616,2,2,2,3,4,2,4,4,4,4,4,5,4,3.38,11,0,FALSE
Female,Loyal Customer,57,Business Travel,Business,1592,3,3,3,3,2,5,4,3,3,3,3,3,5,3.31,0,0,TRUE
Female,Disloyal Customer,20,Business Travel,Business,872,5,5,5,4,3,5,2,3,5,3,4,3,3,3.85,0,0,TRUE
Male,Loyal Customer,32,Business Travel,Eco Plus,817,5,4,3,4,5,4,5,5,2,5,4,1,5,4,16,4,FALSE
Female,Loyal Customer,38,Business Travel,Business,2072,1,1,1,1,3,5,4,5,5,5,5,3,5,3.38,0,0,TRUE
Female,Disloyal Customer,27,Business Travel,Business,544,5,5,5,3,3,5,3,3,4,3,4,5,3,3.92,0,0,TRUE
Male,Loyal Customer,36,Personal Travel,Eco Plus,2586,2,4,2,5,2,3,3,3,4,4,1,3,3,3,0,0,FALSE
Male,Loyal Customer,37,Personal Travel,Eco,689,2,5,3,2,2,3,2,2,3,4,5,5,2,3.08,0,0,FALSE
Male,Loyal Customer,48,Business Travel,Business,872,5,5,5,5,2,4,4,4,4,4,4,3,3,4,0,0,TRUE
Female,Loyal Customer,9,Personal Travel,Eco,669,2,2,2,3,2,2,2,2,1,4,3,3,2,2.31,5,0,FALSE
Female,Loyal Customer,48,Business Travel,Eco,669,4,3,3,3,2,5,4,4,4,4,4,5,4,3.77,0,0,TRUE
Female,Loyal Customer,63,Personal Travel,Eco,325,3,4,3,3,1,5,2,5,5,3,5,1,1,3.15,0,0,FALSE
Female,Loyal Customer,41,Business Travel,Business,3787,4,4,2,4,2,1,5,5,5,5,5,1,4,3.62,0,0,TRUE
Female,Disloyal Customer,27,Business Travel,Eco,749,0,0,0,1,5,0,5,5,2,1,4,1,5,2.23,0,0,TRUE
Female,Disloyal Customer,21,Business Travel,Eco,281,1,2,1,4,5,1,5,5,4,5,3,2,5,3.31,0,0,FALSE
Female,Loyal Customer,41,Business Travel,Eco,119,5,1,1,1,4,5,4,4,4,3,2,4,4,3.23,0,0,TRUE
Male,Disloyal Customer,23,Business Travel,Eco,623,1,4,0,3,2,0,2,2,4,2,4,2,2,2.15,37,24,FALSE
Male,Loyal Customer,47,Business Travel,Business,861,5,5,5,5,4,4,5,2,2,2,2,3,5,3.77,0,0,TRUE
Male,Loyal Customer,27,Personal Travel,Eco,1546,3,3,3,3,2,3,2,2,3,4,2,1,2,2.54,0,7,FALSE
Female,Loyal Customer,41,Business Travel,Business,937,3,3,3,3,5,5,4,5,5,5,5,4,4,4.15,0,0,TRUE
Female,Loyal Customer,37,Business Travel,Business,1943,1,1,1,1,2,4,5,5,5,5,5,5,4,3.38,0,7,TRUE
Female,Loyal Customer,34,Personal Travel,Eco,2153,2,4,2,2,3,2,5,3,3,4,4,3,3,3.08,0,0,FALSE
Female,Loyal Customer,38,Business Travel,Business,2987,2,5,5,5,2,2,2,1,4,3,4,2,2,3,220,211,FALSE
Female,Loyal Customer,13,Personal Travel,Eco,566,3,5,3,1,2,3,2,2,4,4,5,4,2,3.08,4,8,FALSE
Male,Loyal Customer,52,Business Travel,Business,2374,3,3,3,3,5,1,5,4,4,4,4,1,1,3.15,0,0,TRUE
Female,Loyal Customer,29,Business Travel,Business,2299,3,3,5,3,4,4,4,4,4,4,4,3,4,3.77,0,3,TRUE
Female,Loyal Customer,41,Business Travel,Eco,674,5,4,4,4,5,5,5,5,3,4,1,1,5,3.92,0,0,TRUE
Male,Loyal Customer,66,Personal Travel,Eco,1276,1,4,1,1,1,1,1,1,4,5,4,3,1,2.15,0,0,FALSE
Male,Loyal Customer,9,Personal Travel,Eco,382,3,5,3,1,3,3,3,3,3,2,4,5,3,3.15,18,40,FALSE
Female,Disloyal Customer,22,Business Travel,Eco,500,3,2,3,4,3,3,3,3,1,5,3,4,3,3.08,14,0,FALSE
Male,Loyal Customer,42,Business Travel,Business,2643,2,3,2,2,4,4,4,3,3,3,3,4,5,3.23,0,0,TRUE
Male,Loyal Customer,14,Personal Travel,Business,965,3,2,3,3,3,3,3,3,4,5,3,3,3,3.15,0,0,FALSE
Male,Loyal Customer,41,Business Travel,Business,925,1,1,1,1,4,5,5,4,4,4,4,5,5,3.38,25,21,TRUE
Female,Loyal Customer,60,Business Travel,Business,821,2,1,3,1,1,3,4,2,2,2,2,1,3,2.08,2,0,FALSE
Female,Loyal Customer,66,Personal Travel,Eco,550,2,4,2,2,5,4,5,4,4,2,4,3,5,3.54,78,82,FALSE
Female,Loyal Customer,48,Business Travel,Business,1005,1,1,1,1,5,5,4,4,4,4,4,3,3,3.08,21,14,TRUE
Female,Loyal Customer,60,Business Travel,Business,1584,2,4,4,4,4,3,3,2,2,2,2,2,1,2.69,2,0,FALSE
Female,Loyal Customer,65,Personal Travel,Eco,397,2,4,2,1,5,4,4,2,2,2,2,5,2,2.85,3,0,FALSE
Female,Loyal Customer,49,Business Travel,Business,258,5,5,5,5,3,4,5,5,5,5,5,5,4,4.69,0,0,TRUE
Male,Loyal Customer,47,Business Travel,Business,399,5,5,5,5,4,5,5,3,3,3,3,3,3,4,130,129,TRUE
Female,Loyal Customer,40,Business Travel,Business,2624,4,4,4,4,5,3,3,4,4,4,4,3,4,3.85,0,0,FALSE
Female,Loyal Customer,33,Business Travel,Eco,1237,2,1,1,1,2,2,2,2,3,2,3,2,2,1.92,0,1,FALSE
Male,Loyal Customer,41,Business Travel,Business,2586,1,1,1,1,5,5,5,3,3,3,4,5,5,3.23,0,0,TRUE
Female,Loyal Customer,21,Business Travel,Business,1444,1,4,4,4,1,1,1,1,4,4,4,2,1,2.46,16,22,FALSE
Male,Loyal Customer,31,Personal Travel,Eco,990,3,4,3,1,3,3,3,3,3,3,4,3,3,3,27,16,FALSE
Male,Loyal Customer,41,Business Travel,Eco Plus,899,5,4,4,4,5,5,5,5,5,1,3,3,5,4.15,0,0,TRUE
Female,Disloyal Customer,39,Business Travel,Business,216,4,4,4,3,2,4,2,2,5,2,2,1,2,2.85,0,0,FALSE
Male,Loyal Customer,36,Personal Travel,Eco,1236,2,5,2,3,3,2,1,3,5,3,3,3,3,2.92,0,22,FALSE
Male,Loyal Customer,72,Business Travel,Business,2741,3,3,3,3,1,3,3,5,5,5,5,5,3,3.62,0,0,TRUE
Female,Loyal Customer,37,Personal Travel,Eco,631,2,4,2,1,5,2,5,5,3,4,5,5,5,3.69,2,0,FALSE
Female,Loyal Customer,26,Business Travel,Business,1337,4,4,4,4,4,4,4,4,4,4,5,4,4,4.08,0,0,TRUE
Male,Loyal Customer,25,Personal Travel,Eco,957,4,5,4,3,3,4,3,3,5,3,5,5,3,3.85,18,1,FALSE
Female,Disloyal Customer,26,Business Travel,Eco,944,2,1,1,3,5,1,5,5,3,1,4,1,5,2.85,81,64,FALSE
Male,Disloyal Customer,37,Business Travel,Eco,114,2,5,2,3,4,2,4,4,2,4,2,3,4,3.15,0,0,FALSE
Male,Loyal Customer,14,Business Travel,Business,1874,1,1,1,1,5,5,5,5,3,4,5,3,5,3.38,0,3,TRUE
Male,Loyal Customer,31,Business Travel,Eco,1652,4,5,5,5,4,4,4,4,1,3,3,2,4,3.69,0,0,FALSE
Male,Disloyal Customer,27,Business Travel,Business,1075,4,4,4,5,4,4,4,4,5,4,3,5,4,4.15,28,28,TRUE
Female,Loyal Customer,39,Business Travel,Business,2156,4,4,4,4,3,4,4,4,4,4,4,5,5,4.08,4,5,TRUE
Female,Loyal Customer,24,Personal Travel,Eco Plus,680,3,4,3,3,1,3,1,1,3,4,5,5,1,2.85,37,9,FALSE
Male,Loyal Customer,26,Business Travel,Eco,515,4,1,1,1,4,4,5,4,1,3,4,4,4,3.08,22,24,TRUE
Male,Loyal Customer,44,Business Travel,Business,2761,0,0,0,1,5,5,2,3,3,3,3,1,5,2.38,6,0,TRUE
Male,Loyal Customer,16,Personal Travel,Business,334,2,5,2,1,2,2,2,2,3,5,5,5,2,2.92,21,26,FALSE
Male,Loyal Customer,18,Business Travel,Business,1875,1,1,1,1,4,5,4,4,5,5,4,5,4,3.38,0,0,TRUE
Male,Loyal Customer,40,Business Travel,Business,391,3,3,3,3,5,4,4,4,4,5,4,3,4,3.77,9,2,TRUE
Female,Loyal Customer,17,Personal Travel,Eco,1620,4,5,4,2,3,4,3,3,5,2,5,3,3,3.54,25,23,FALSE
Male,Loyal Customer,34,Business Travel,Business,89,5,5,4,5,5,3,2,4,4,4,3,3,1,3.69,0,0,TRUE
Male,Disloyal Customer,28,Business Travel,Eco,493,1,0,1,4,2,1,2,2,4,1,4,1,2,1.92,0,0,FALSE
Male,Loyal Customer,64,Personal Travel,Eco,731,2,3,2,2,1,2,1,1,3,1,1,5,1,1.92,0,0,FALSE
Male,Loyal Customer,14,Personal Travel,Eco,247,2,5,2,3,3,2,5,3,4,5,5,5,3,3.62,0,0,FALSE
Male,Disloyal Customer,39,Business Travel,Business,511,2,2,2,4,2,2,2,2,4,2,4,4,2,2.62,0,0,FALSE
Female,Disloyal Customer,27,Business Travel,Business,341,4,4,4,2,2,4,2,2,3,3,4,3,2,3,0,0,FALSE
Female,Loyal Customer,33,Business Travel,Eco,516,1,3,3,3,1,1,1,1,4,4,3,4,1,2.31,0,0,FALSE
Male,Loyal Customer,57,Personal Travel,Eco,102,4,4,4,3,1,4,1,1,5,3,4,4,1,3,0,0,FALSE
Female,Loyal Customer,57,Business Travel,Business,1464,1,1,1,1,2,4,5,4,4,4,4,5,3,3,0,0,TRUE
Male,Loyal Customer,60,Personal Travel,Eco,235,2,4,2,3,1,2,3,1,1,3,3,4,1,2.31,0,0,FALSE
Male,Loyal Customer,55,Personal Travel,Eco,1726,2,4,2,1,5,2,5,5,4,5,3,3,5,3.54,31,51,FALSE
Male,Loyal Customer,26,Business Travel,Business,1717,5,5,5,5,5,5,5,5,3,3,4,5,5,4.62,0,0,TRUE
Female,Loyal Customer,57,Personal Travel,Business,644,4,4,4,4,4,5,5,1,1,4,1,4,5,3.54,0,0,FALSE
Female,Loyal Customer,24,Personal Travel,Business,1005,1,5,1,3,1,1,1,1,5,5,5,4,1,2.62,0,0,FALSE
Female,Disloyal Customer,27,Business Travel,Eco,853,2,2,2,4,2,2,2,2,5,1,2,4,2,2.46,54,39,FALSE
Female,Loyal Customer,14,Personal Travel,Eco,447,3,5,3,2,4,3,4,4,5,4,3,1,4,3.46,118,109,FALSE
Female,Disloyal Customer,41,Business Travel,Eco,594,2,3,2,3,3,2,3,3,2,5,4,2,3,2.85,0,0,FALSE
Male,Loyal Customer,33,Business Travel,Business,287,2,2,4,2,2,2,2,2,1,3,3,2,2,2.23,27,20,FALSE
Female,Loyal Customer,49,Business Travel,Eco,453,2,4,4,4,3,4,4,2,2,2,2,4,4,3.15,30,30,FALSE
Male,Loyal Customer,55,Business Travel,Business,1557,1,1,1,1,5,5,5,2,2,2,2,4,4,2.69,0,0,TRUE
Female,Loyal Customer,38,Business Travel,Eco,534,3,1,1,1,3,3,3,3,2,4,3,2,3,2.46,71,72,FALSE
Female,Loyal Customer,45,Business Travel,Business,2434,5,5,5,5,2,5,5,5,5,5,5,3,3,4.46,0,0,TRUE
Female,Disloyal Customer,40,Business Travel,Business,2704,2,2,2,4,2,4,4,1,3,2,3,4,4,2.85,0,50,FALSE
Male,Loyal Customer,50,Business Travel,Business,3144,2,2,2,2,3,5,4,4,4,4,4,5,4,3.46,31,18,TRUE
Male,Loyal Customer,26,Personal Travel,Eco,1501,3,2,4,3,5,4,5,5,3,2,3,3,5,3.62,0,0,FALSE
Male,Loyal Customer,27,Business Travel,Eco,2384,3,3,3,3,3,3,3,4,5,2,2,3,3,3.08,0,2,FALSE
Female,Loyal Customer,55,Business Travel,Business,1017,1,4,4,4,3,3,3,1,1,1,1,3,1,2.31,1,0,FALSE
Female,Loyal Customer,49,Personal Travel,Eco,581,2,4,2,4,4,5,5,4,4,2,4,5,5,3.85,68,56,FALSE
Female,Loyal Customer,58,Business Travel,Business,3788,3,4,3,3,3,5,4,3,3,3,3,3,3,3.31,11,10,TRUE
Female,Loyal Customer,35,Business Travel,Eco,813,2,5,5,5,2,3,2,2,3,3,3,1,2,2.92,19,31,FALSE
Male,Loyal Customer,38,Business Travel,Business,328,0,0,0,3,4,5,5,2,2,2,2,5,4,2.62,6,0,TRUE
Male,Loyal Customer,64,Personal Travel,Eco,903,4,4,4,3,2,4,2,2,4,5,2,5,2,3.31,0,0,FALSE
Female,Loyal Customer,77,Business Travel,Business,965,2,3,3,3,2,3,2,2,2,3,2,4,2,2.54,0,0,FALSE
Male,Loyal Customer,56,Business Travel,Eco,370,5,2,4,2,5,5,5,5,1,5,4,5,5,4.08,0,0,TRUE
Female,Loyal Customer,38,Business Travel,Business,3302,2,1,1,1,1,4,4,2,2,2,2,3,2,2.08,0,0,FALSE
Female,Loyal Customer,47,Business Travel,Business,836,3,3,1,3,2,4,5,4,4,4,4,5,4,3.54,0,2,TRUE
Female,Loyal Customer,16,Personal Travel,Eco,399,2,4,2,5,2,2,2,2,3,4,4,3,2,2.85,26,43,FALSE
Female,Disloyal Customer,22,Business Travel,Eco,296,1,0,1,4,1,2,2,3,4,5,5,2,2,2.46,116,150,FALSE
Male,Loyal Customer,36,Business Travel,Business,1516,5,5,5,5,3,4,4,5,5,5,5,3,5,4.54,38,15,TRUE
Female,Loyal Customer,50,Business Travel,Eco,1126,2,2,2,2,1,3,2,2,2,2,2,1,4,2.08,0,0,FALSE
Male,Loyal Customer,38,Business Travel,Business,2782,1,4,4,4,5,3,3,1,1,1,1,1,1,2.31,0,0,FALSE
Female,Loyal Customer,43,Business Travel,Business,2504,3,3,3,3,2,5,4,5,5,5,5,5,5,4.08,4,0,TRUE
Female,Disloyal Customer,23,Business Travel,Eco,622,1,3,1,4,4,1,4,4,1,2,4,4,4,2.85,0,0,FALSE
Female,Loyal Customer,68,Personal Travel,Eco,216,3,4,0,2,4,4,5,4,4,0,4,4,4,3.23,0,0,FALSE
Female,Loyal Customer,56,Business Travel,Eco,546,2,2,2,2,4,4,3,2,2,2,2,2,2,2.38,12,11,FALSE
Female,Loyal Customer,15,Personal Travel,Eco,1276,2,5,2,1,5,2,5,5,4,2,4,5,5,3.62,104,96,FALSE
Female,Loyal Customer,30,Business Travel,Eco Plus,772,2,1,1,1,2,2,2,2,2,5,3,3,2,2.15,0,0,FALSE
Male,Loyal Customer,33,Business Travel,Business,539,4,4,4,4,5,5,5,5,2,3,1,4,5,3.92,0,0,TRUE
Male,Disloyal Customer,22,Business Travel,Eco,331,2,4,2,3,2,2,3,2,1,1,3,3,2,2.31,10,0,FALSE
Male,Loyal Customer,53,Business Travel,Business,3765,2,2,1,1,3,3,4,2,2,2,2,3,2,2.23,41,10,FALSE
Male,Loyal Customer,40,Business Travel,Business,319,1,1,2,1,4,5,4,5,5,5,5,5,3,3.54,26,24,TRUE
Male,Loyal Customer,36,Business Travel,Eco,373,5,2,2,2,5,5,5,5,4,2,1,5,5,3.69,0,0,TRUE
Female,Loyal Customer,34,Business Travel,Business,2988,5,5,5,5,4,5,4,5,5,4,5,5,3,4.62,0,0,TRUE
Male,Loyal Customer,55,Business Travel,Business,247,0,0,0,2,4,5,4,4,4,2,2,4,5,2.77,0,0,TRUE
Female,Disloyal Customer,48,Business Travel,Eco,705,3,3,3,1,2,3,1,2,3,1,4,3,2,2.38,0,0,FALSE
Male,Loyal Customer,46,Business Travel,Business,1867,2,2,2,2,5,5,4,5,5,5,5,4,4,3.85,1,11,TRUE
Male,Loyal Customer,33,Business Travel,Business,337,1,1,1,1,4,4,4,4,4,4,5,5,4,3.23,0,0,TRUE
Male,Loyal Customer,46,Business Travel,Business,551,4,4,5,4,1,3,4,4,4,4,4,3,3,3.62,0,0,TRUE
Male,Loyal Customer,57,Business Travel,Business,868,4,4,4,4,3,4,5,4,4,4,4,3,4,3.92,0,0,TRUE
Male,Loyal Customer,36,Personal Travel,Eco,1023,2,3,2,2,2,2,2,2,3,2,2,3,2,2.23,0,0,FALSE
Male,Loyal Customer,48,Personal Travel,Eco Plus,607,3,5,3,1,1,3,1,1,3,2,4,3,1,2.38,9,0,FALSE
Female,Disloyal Customer,23,Business Travel,Business,373,5,0,5,4,4,5,4,4,5,3,5,5,4,4.08,0,0,TRUE
Male,Loyal Customer,35,Business Travel,Business,3835,4,3,4,4,2,2,5,4,4,4,4,5,1,3.54,39,46,TRUE
Male,Loyal Customer,39,Business Travel,Business,1452,1,1,3,1,5,5,5,3,3,3,3,3,5,3.15,1,0,TRUE
Female,Loyal Customer,38,Business Travel,Eco,859,1,1,1,1,1,1,1,1,3,1,4,2,1,1.46,0,0,FALSE
Female,Disloyal Customer,34,Business Travel,Eco,781,3,3,3,2,1,3,1,1,2,1,3,4,1,2.15,1,21,FALSE
Male,Loyal Customer,58,Business Travel,Business,2521,3,3,3,3,5,4,4,5,5,5,5,4,3,4,6,23,TRUE
Male,Loyal Customer,30,Business Travel,Eco,627,5,5,3,5,5,5,5,5,5,2,3,5,5,4.46,3,0,TRUE
Male,Loyal Customer,17,Personal Travel,Eco,733,5,4,5,4,4,5,4,4,4,2,1,1,4,3.62,0,0,TRUE
Male,Loyal Customer,36,Business Travel,Business,2925,2,3,3,3,1,4,3,2,2,2,2,4,1,2.46,0,0,FALSE
Female,Loyal Customer,54,Personal Travel,Eco,630,2,5,2,5,5,3,4,1,1,2,1,3,2,2.77,42,48,FALSE
Female,Loyal Customer,50,Business Travel,Business,421,3,1,1,1,4,4,4,3,3,3,3,3,2,2.69,0,0,FALSE
Male,Loyal Customer,40,Business Travel,Business,387,1,2,3,3,5,4,3,1,1,2,1,4,4,2.62,0,3,FALSE
Male,Disloyal Customer,40,Business Travel,Business,271,3,3,3,1,1,3,1,1,4,3,5,3,1,2.46,3,9,FALSE
Male,Loyal Customer,53,Business Travel,Business,3464,2,2,2,2,5,4,5,5,5,5,5,5,3,3.85,0,0,TRUE
Male,Disloyal Customer,20,Business Travel,Eco,1297,4,4,4,3,5,4,5,5,4,4,5,4,5,4.31,42,53,TRUE
Male,Loyal Customer,19,Business Travel,Business,1819,1,2,2,2,1,1,1,1,1,1,2,1,1,1.31,3,2,FALSE
Female,Loyal Customer,41,Business Travel,Eco,466,4,4,4,4,4,4,4,4,5,2,5,1,4,3.77,0,15,TRUE
Female,Loyal Customer,47,Business Travel,Business,874,1,2,2,2,5,4,3,1,1,1,1,4,2,2.23,0,11,FALSE
Female,Loyal Customer,80,Business Travel,Eco Plus,432,2,1,1,1,5,4,4,2,2,2,2,1,2,2.23,0,0,FALSE
Female,Loyal Customer,69,Personal Travel,Eco,1587,3,5,3,2,4,4,5,1,1,3,1,3,4,3,0,0,FALSE
Female,Loyal Customer,45,Business Travel,Business,1464,2,2,2,2,5,5,4,5,5,5,5,3,4,3.77,49,29,TRUE
Female,Loyal Customer,37,Business Travel,Business,1683,2,2,2,2,4,4,3,2,2,3,2,3,1,2.46,24,10,FALSE
Female,Disloyal Customer,38,Business Travel,Eco,488,4,0,4,2,4,4,2,4,4,4,2,2,2,2.92,169,219,FALSE
Male,Loyal Customer,49,Business Travel,Eco,366,3,4,2,4,3,3,3,3,4,4,4,4,3,3.38,0,28,FALSE
Female,Loyal Customer,28,Business Travel,Business,2585,5,5,5,5,5,5,5,5,3,5,3,4,5,4.62,0,0,TRUE
Male,Loyal Customer,49,Business Travel,Business,1990,5,1,5,5,2,4,5,4,4,4,4,4,4,3.92,0,0,TRUE
Female,Loyal Customer,59,Business Travel,Business,1037,3,3,3,3,4,4,5,4,4,4,4,5,5,3.92,0,0,TRUE
Female,Loyal Customer,32,Business Travel,Business,3875,1,3,3,3,2,1,1,4,4,3,2,1,1,2.23,171,176,FALSE
Male,Loyal Customer,49,Personal Travel,Eco,192,2,5,2,3,2,1,2,3,4,5,4,2,2,2.85,210,204,FALSE
Male,Loyal Customer,58,Business Travel,Eco Plus,160,5,1,1,1,5,5,5,5,5,3,3,4,5,3.69,0,0,TRUE
Female,Loyal Customer,26,Business Travel,Business,3071,3,3,3,3,5,5,5,5,3,2,5,3,5,3.85,0,0,TRUE
Male,Loyal Customer,42,Business Travel,Business,3685,4,4,4,4,4,5,4,4,4,4,4,5,4,4.15,0,0,TRUE
Female,Loyal Customer,13,Personal Travel,Eco,912,3,5,3,1,5,3,2,5,4,3,5,3,5,3.62,9,9,FALSE
Male,Loyal Customer,48,Personal Travel,Eco,119,1,5,1,4,5,1,5,5,2,4,3,4,5,3.46,0,0,FALSE
Male,Loyal Customer,55,Business Travel,Business,712,4,4,4,4,4,4,4,5,5,5,5,3,4,4.23,0,0,TRUE
Female,Loyal Customer,42,Business Travel,Business,843,3,3,3,3,3,4,4,5,5,5,5,4,3,3.85,30,22,TRUE
Female,Loyal Customer,32,Business Travel,Business,3205,4,4,3,4,4,4,4,4,3,4,5,4,4,3.92,0,0,TRUE
Female,Loyal Customer,38,Business Travel,Business,1626,5,5,5,5,5,4,1,3,3,3,3,2,5,3.77,15,4,TRUE
Male,Loyal Customer,21,Personal Travel,Eco,731,4,1,3,4,3,3,3,3,4,2,3,1,3,2.85,0,0,FALSE
Female,Disloyal Customer,36,Business Travel,Eco,683,1,1,1,3,4,1,5,4,5,3,1,5,4,2.92,8,1,FALSE
Male,Disloyal Customer,37,Business Travel,Eco,809,1,1,1,1,1,1,1,1,2,4,5,5,1,1.92,0,4,FALSE
Male,Disloyal Customer,50,Business Travel,Eco,769,1,1,1,1,5,1,5,5,5,4,3,3,5,3.08,43,44,FALSE
Male,Loyal Customer,52,Business Travel,Business,3282,0,0,0,3,5,4,4,2,2,2,2,5,4,2.54,0,9,TRUE
Female,Loyal Customer,59,Business Travel,Business,1262,5,5,5,5,3,4,5,3,3,4,3,4,4,4.08,0,0,TRUE
Male,Loyal Customer,51,Business Travel,Business,3182,5,1,5,5,3,5,5,5,5,4,5,3,4,4.23,5,22,TRUE
Male,Disloyal Customer,41,Business Travel,Eco,488,3,0,3,3,1,3,1,1,4,4,5,3,1,2.46,3,0,FALSE
Female,Loyal Customer,47,Business Travel,Business,234,0,0,0,3,3,1,3,2,2,2,2,3,1,1.69,0,0,TRUE
Male,Loyal Customer,59,Business Travel,Business,134,0,4,0,3,2,4,5,3,3,3,3,4,4,2.92,0,0,TRUE
Female,Loyal Customer,26,Personal Travel,Eco,861,2,4,2,5,5,2,5,5,5,4,4,3,5,3.92,0,0,FALSE
Female,Disloyal Customer,25,Business Travel,Eco,533,4,3,4,3,4,4,4,4,3,5,3,3,4,3.69,43,88,FALSE
Female,Disloyal Customer,54,Business Travel,Business,1416,3,3,3,2,1,3,1,1,4,2,5,5,1,2.62,0,0,FALSE
Female,Loyal Customer,42,Personal Travel,Eco Plus,234,1,1,1,3,2,4,4,3,3,1,3,1,2,2.23,0,12,FALSE
Female,Loyal Customer,61,Personal Travel,Eco,581,4,5,4,3,3,4,5,1,1,4,1,4,3,3.23,12,14,FALSE
Male,Disloyal Customer,22,Business Travel,Eco,1235,1,1,1,3,5,1,5,5,4,2,5,5,5,3.31,0,0,FALSE
Male,Loyal Customer,59,Personal Travel,Eco,1269,1,4,1,3,5,1,1,5,5,4,5,3,5,3.31,0,0,FALSE
Male,Loyal Customer,50,Business Travel,Business,2993,0,3,0,4,1,2,3,4,4,4,4,1,3,2.54,0,0,TRUE
Male,Loyal Customer,39,Business Travel,Business,937,4,4,4,4,4,4,4,5,5,5,5,4,5,4.38,0,0,TRUE
Male,Loyal Customer,55,Personal Travel,Eco,679,2,4,1,1,5,1,5,5,5,5,5,3,5,3.62,6,11,FALSE
Male,Loyal Customer,57,Business Travel,Business,3722,3,3,1,3,4,5,5,5,5,4,5,4,4,3.92,0,0,TRUE
Male,Loyal Customer,71,Business Travel,Eco,335,1,0,0,3,4,1,2,4,1,3,3,4,4,2.31,6,8,FALSE
Male,Loyal Customer,67,Business Travel,Business,2191,5,1,3,1,2,3,3,5,5,4,5,4,2,3.31,0,0,FALSE
Male,Loyal Customer,31,Personal Travel,Eco,862,3,4,3,2,2,3,2,2,4,3,4,5,2,3,0,0,FALSE
Male,Loyal Customer,58,Personal Travel,Eco,563,4,5,4,1,1,4,1,1,4,3,5,5,1,3,0,0,FALSE
Female,Loyal Customer,63,Personal Travel,Eco,304,3,4,3,3,2,5,5,4,4,3,5,5,3,3.77,0,0,FALSE
Male,Loyal Customer,54,Business Travel,Business,416,2,2,2,2,2,5,4,4,4,4,4,3,5,3.31,0,0,TRUE
Female,Loyal Customer,51,Business Travel,Eco,73,3,3,2,3,3,3,3,4,3,3,3,3,3,3,152,160,FALSE
Male,Loyal Customer,39,Business Travel,Business,432,5,5,5,5,3,4,4,3,3,3,3,4,4,3.92,0,9,TRUE
Male,Loyal Customer,62,Business Travel,Business,2079,4,4,4,4,3,5,4,5,5,5,5,4,4,4.31,1,0,TRUE
Male,Loyal Customer,45,Business Travel,Business,125,5,5,5,5,3,5,4,5,5,5,5,4,5,4.69,0,3,TRUE
Male,Loyal Customer,52,Business Travel,Business,1897,3,1,3,1,2,3,3,3,3,3,3,1,4,2.54,21,11,FALSE
Male,Loyal Customer,52,Business Travel,Business,1212,3,3,3,3,2,5,4,4,4,5,4,3,5,3.69,0,25,TRUE
Male,Loyal Customer,52,Business Travel,Business,3845,2,2,2,2,4,3,3,2,2,3,2,2,3,2.46,0,5,FALSE
Male,Loyal Customer,43,Business Travel,Eco Plus,239,1,2,5,2,1,1,1,1,3,4,4,3,1,2.23,0,0,FALSE
Male,Loyal Customer,9,Personal Travel,Eco,986,3,4,3,4,3,3,3,3,5,4,4,3,3,3.46,14,2,FALSE
Female,Disloyal Customer,39,Business Travel,Eco,429,2,3,2,3,2,2,2,2,4,2,3,3,2,2.46,0,0,FALSE
Male,Loyal Customer,27,Business Travel,Business,3396,4,3,3,3,4,4,4,4,3,3,4,4,4,3.62,43,33,FALSE
Male,Loyal Customer,38,Business Travel,Business,606,3,5,5,5,4,2,3,3,3,3,3,2,4,3.46,14,26,FALSE
Male,Loyal Customer,25,Business Travel,Eco,387,5,3,3,3,5,5,5,5,2,3,1,1,5,3.54,0,15,TRUE
Male,Loyal Customer,63,Personal Travel,Eco,399,2,4,2,2,5,2,5,5,3,5,4,5,5,3.77,0,0,FALSE
Female,Disloyal Customer,23,Business Travel,Eco,309,2,4,2,3,3,2,5,3,5,5,5,3,3,3.46,63,75,FALSE
Male,Disloyal Customer,38,Business Travel,Eco,496,3,4,3,1,1,3,1,1,4,3,2,4,1,2.38,0,12,FALSE
Male,Loyal Customer,34,Business Travel,Business,2817,5,5,5,5,5,5,4,5,5,5,5,3,5,4.77,0,0,TRUE
Female,Loyal Customer,70,Business Travel,Business,2792,3,5,5,5,2,4,3,3,3,3,3,3,2,3.38,6,0,FALSE
Female,Loyal Customer,32,Business Travel,Eco,1620,3,5,5,5,3,3,3,3,4,1,3,2,3,3.31,0,0,FALSE
Female,Loyal Customer,67,Business Travel,Business,3319,2,4,4,4,2,2,2,1,3,3,4,2,2,2.69,186,199,FALSE
Male,Loyal Customer,22,Business Travel,Eco,189,2,3,3,3,2,2,4,2,2,1,4,3,2,2.54,54,49,FALSE
Female,Loyal Customer,60,Business Travel,Eco,569,5,1,4,4,2,4,1,5,5,5,5,4,5,3.85,21,23,TRUE
Male,Loyal Customer,58,Personal Travel,Eco,1400,3,1,3,4,2,3,2,2,4,2,4,1,2,2.54,0,9,FALSE
Female,Loyal Customer,33,Business Travel,Business,2591,0,0,0,2,3,5,4,4,4,4,4,5,4,3,0,0,TRUE
Female,Loyal Customer,47,Business Travel,Business,1608,2,1,1,1,2,3,4,2,2,2,2,4,3,2.23,0,0,FALSE
Male,Loyal Customer,31,Personal Travel,Eco,290,4,5,5,3,2,5,2,2,4,5,4,4,2,3.62,0,0,FALSE
Female,Loyal Customer,53,Personal Travel,Eco,817,4,3,3,2,1,5,4,4,4,3,5,1,1,3.08,2,0,FALSE
Female,Loyal Customer,48,Business Travel,Eco,2329,1,4,4,4,1,1,1,4,4,3,4,1,1,2.54,9,7,FALSE
Female,Loyal Customer,47,Business Travel,Business,3567,2,1,4,4,3,4,3,2,2,2,2,2,4,2.69,0,0,FALSE
Female,Loyal Customer,55,Business Travel,Business,3172,2,2,2,2,5,5,4,3,3,4,3,3,3,3.15,0,0,TRUE
Male,Disloyal Customer,27,Business Travel,Business,228,5,5,5,4,4,5,5,4,5,2,5,5,4,4.46,0,2,TRUE
Male,Disloyal Customer,22,Business Travel,Eco,1172,3,3,3,2,4,3,4,4,3,4,5,4,4,3.54,122,98,FALSE
Male,Loyal Customer,48,Business Travel,Business,237,2,2,2,2,4,5,4,4,4,4,4,4,3,3.38,2,0,TRUE
Female,Loyal Customer,36,Business Travel,Business,3389,2,2,2,2,5,5,5,4,4,5,4,4,4,3.69,0,5,TRUE
Male,Loyal Customer,35,Business Travel,Eco,86,4,2,4,2,4,4,4,4,4,3,1,4,4,3.38,0,0,TRUE
Male,Loyal Customer,26,Business Travel,Business,760,4,4,4,4,5,5,5,5,4,4,1,1,5,3.92,8,29,TRUE
Female,Disloyal Customer,28,Business Travel,Eco,1160,3,3,3,3,3,3,3,3,1,2,2,2,3,2.62,0,0,FALSE
Female,Loyal Customer,42,Personal Travel,Eco,118,3,5,3,5,1,1,1,1,1,3,1,3,5,2.54,33,22,FALSE
Female,Loyal Customer,51,Personal Travel,Eco Plus,1671,4,1,4,4,2,4,4,4,4,4,4,4,4,3.62,0,0,FALSE
Female,Loyal Customer,40,Business Travel,Business,2946,2,2,2,2,4,5,4,4,4,4,4,5,4,3.54,9,3,TRUE
Female,Loyal Customer,51,Business Travel,Business,1371,4,4,4,4,3,5,4,4,4,4,4,5,5,4.15,0,0,TRUE
Female,Disloyal Customer,39,Business Travel,Business,416,2,2,2,2,2,2,5,2,5,2,2,2,2,2.46,0,0,TRUE
Female,Loyal Customer,11,Personal Travel,Eco Plus,223,2,0,2,2,2,2,3,2,3,2,5,3,2,2.31,45,36,FALSE
Female,Disloyal Customer,25,Business Travel,Eco,1428,1,1,1,3,4,1,4,4,4,5,3,4,4,3,0,25,FALSE
Male,Loyal Customer,33,Personal Travel,Business,479,2,2,2,3,1,2,1,1,3,5,4,3,1,2.31,0,0,FALSE
Male,Disloyal Customer,22,Business Travel,Eco,1136,3,3,3,4,4,3,4,4,4,5,4,3,4,3.69,2,0,FALSE
Male,Disloyal Customer,25,Business Travel,Business,89,1,3,1,3,2,1,2,2,1,3,4,3,2,2.15,0,0,FALSE
Male,Loyal Customer,30,Business Travel,Eco Plus,666,3,1,1,1,3,4,3,3,2,3,4,3,3,2.62,0,27,FALSE
Male,Loyal Customer,30,Personal Travel,Eco,201,3,1,3,4,2,3,2,2,3,1,4,1,2,2.38,27,25,FALSE
Female,Loyal Customer,65,Personal Travel,Eco,469,1,5,1,1,4,4,4,4,4,1,3,4,5,3.15,0,0,FALSE
Female,Loyal Customer,35,Personal Travel,Eco,134,4,0,0,3,2,0,2,2,3,2,3,5,2,2.15,0,0,FALSE
Male,Loyal Customer,48,Business Travel,Business,236,0,0,0,5,3,5,5,4,4,4,4,5,4,3.31,0,0,TRUE
Male,Loyal Customer,35,Personal Travel,Eco,937,2,5,2,4,2,2,2,2,3,5,5,1,2,2.85,7,18,FALSE
Male,Disloyal Customer,48,Business Travel,Business,259,3,3,3,3,2,3,2,2,3,2,5,3,2,2.77,57,49,FALSE
Male,Loyal Customer,43,Personal Travel,Eco,2603,3,2,3,3,2,3,2,2,2,4,4,2,2,2.62,11,0,FALSE
Female,Loyal Customer,17,Business Travel,Business,3746,3,4,1,1,3,3,3,3,4,5,3,4,3,3.08,0,7,FALSE
Male,Loyal Customer,40,Business Travel,Business,229,5,5,5,5,5,4,5,5,5,5,5,5,4,4.85,0,0,TRUE
Female,Loyal Customer,40,Business Travel,Business,425,4,4,4,4,3,4,5,2,2,2,2,3,5,3.38,0,0,TRUE
Male,Loyal Customer,35,Business Travel,Business,2069,2,2,2,2,2,4,4,4,4,4,4,3,5,3.23,0,0,TRUE
Female,Loyal Customer,27,Business Travel,Business,359,5,5,5,5,4,5,4,4,1,1,2,5,4,3.85,0,1,TRUE
Female,Loyal Customer,23,Personal Travel,Eco,340,3,4,3,3,3,3,3,3,5,5,4,3,3,3.46,36,22,FALSE
Male,Loyal Customer,43,Business Travel,Business,2962,2,3,3,3,2,2,2,2,2,2,2,1,1,2.08,96,121,FALSE
Female,Loyal Customer,65,Business Travel,Eco,280,1,4,4,4,1,2,2,4,5,3,3,2,2,2.85,200,183,FALSE
Male,Disloyal Customer,24,Business Travel,Eco,236,2,0,2,1,4,2,4,4,3,4,4,3,4,2.85,10,46,FALSE
Female,Loyal Customer,33,Business Travel,Business,3959,1,1,1,1,4,4,4,4,4,5,4,3,4,3.08,0,0,TRUE
Male,Disloyal Customer,25,Business Travel,Eco,1246,2,2,2,4,2,2,2,2,1,1,4,2,2,2.15,16,0,FALSE
Male,Loyal Customer,12,Business Travel,Eco,1499,2,1,1,1,2,2,2,2,4,5,4,4,2,2.46,0,0,FALSE
Male,Loyal Customer,8,Business Travel,Business,1816,2,2,2,2,2,2,2,2,4,5,3,4,2,2.62,0,0,FALSE
Female,Loyal Customer,67,Personal Travel,Eco,1164,2,4,2,3,4,4,5,4,4,2,3,2,5,3.38,0,0,FALSE
Male,Loyal Customer,47,Business Travel,Business,2762,5,5,5,5,2,4,5,4,4,4,4,5,1,4.08,0,0,TRUE
Male,Disloyal Customer,26,Business Travel,Eco,239,2,0,2,3,4,2,4,4,2,1,3,4,4,2.69,1,0,FALSE
Female,Loyal Customer,37,Business Travel,Business,134,3,3,3,3,5,2,1,5,5,5,5,5,1,3.54,20,27,TRUE
Male,Loyal Customer,42,Business Travel,Business,2125,2,2,5,2,2,3,5,4,4,4,4,5,5,3.62,7,0,TRUE
Female,Loyal Customer,38,Business Travel,Business,590,5,5,5,5,2,5,5,5,5,5,5,3,5,4.62,31,31,TRUE
Male,Loyal Customer,58,Business Travel,Eco,1598,3,1,2,2,3,3,3,3,2,1,3,2,3,2.38,1,16,FALSE
Male,Loyal Customer,37,Business Travel,Business,2522,0,4,0,1,2,3,1,1,1,1,1,4,2,1.62,43,33,TRUE
Female,Disloyal Customer,25,Business Travel,Business,332,2,0,2,3,2,2,2,2,5,2,5,4,2,2.54,0,0,FALSE
Female,Loyal Customer,17,Personal Travel,Eco Plus,2762,1,4,1,4,2,1,2,2,2,5,3,1,2,2.31,0,0,FALSE
Female,Loyal Customer,33,Business Travel,Business,200,2,2,2,2,5,3,1,5,5,5,4,3,2,3.15,0,0,TRUE
Male,Loyal Customer,49,Business Travel,Business,2669,4,4,1,4,3,4,4,4,4,4,4,4,4,3.69,0,0,TRUE
Male,Loyal Customer,8,Business Travel,Eco Plus,1391,3,2,2,2,3,3,2,3,4,3,4,1,3,2.69,10,8,FALSE
Male,Loyal Customer,67,Personal Travel,Eco,1727,4,5,3,3,4,3,4,4,1,5,4,3,4,3.62,0,0,TRUE
Male,Loyal Customer,45,Business Travel,Business,2811,4,2,4,4,3,4,5,4,4,4,4,3,4,3.77,1,0,TRUE
Female,Disloyal Customer,24,Business Travel,Eco Plus,247,5,0,5,3,2,5,2,2,4,5,1,5,2,3.15,0,0,TRUE
Female,Loyal Customer,23,Business Travel,Business,2008,1,1,1,1,5,5,5,5,3,2,3,1,5,2.92,0,5,TRUE
Female,Disloyal Customer,24,Business Travel,Eco,402,0,3,0,3,1,3,1,1,3,4,5,4,1,2.23,0,0,TRUE
Female,Loyal Customer,54,Business Travel,Business,1856,4,4,4,4,5,4,5,4,4,4,4,3,5,4.15,0,0,TRUE
Female,Loyal Customer,18,Business Travel,Business,3432,2,2,2,2,4,4,4,4,5,4,4,5,4,3.54,0,0,TRUE
Male,Disloyal Customer,44,Business Travel,Eco Plus,752,1,1,1,2,3,1,3,3,2,2,1,2,3,1.92,0,0,FALSE
Female,Loyal Customer,41,Personal Travel,Eco,798,3,5,3,1,5,3,5,5,5,2,5,3,5,3.85,1,7,FALSE
Female,Loyal Customer,45,Business Travel,Eco,265,3,4,4,4,4,2,2,2,2,3,2,1,3,2.77,0,3,FALSE
Female,Loyal Customer,47,Personal Travel,Eco,4983,1,3,1,4,1,3,3,3,3,3,5,3,3,2.77,0,0,FALSE
Male,Disloyal Customer,32,Business Travel,Eco,921,2,2,2,4,1,2,1,1,3,2,4,3,1,2.15,0,0,FALSE
Female,Loyal Customer,18,Business Travel,Business,2583,1,4,2,4,1,1,1,1,1,4,3,3,1,2.08,0,0,FALSE
Female,Loyal Customer,42,Personal Travel,Eco,1846,2,4,2,5,3,4,5,4,4,2,4,5,4,3.69,50,50,FALSE
Female,Loyal Customer,54,Business Travel,Eco Plus,109,5,2,2,2,4,4,1,5,5,5,5,4,1,3.46,0,0,TRUE
Female,Loyal Customer,59,Personal Travel,Eco,74,3,4,3,1,5,3,1,3,3,3,4,5,4,3.23,0,0,FALSE
Female,Loyal Customer,54,Business Travel,Business,2782,5,5,5,5,2,5,4,3,3,3,3,3,3,3.77,0,0,TRUE
Female,Loyal Customer,17,Business Travel,Business,2615,1,1,3,1,5,5,5,5,3,5,5,5,5,3.77,0,0,TRUE
Male,Loyal Customer,60,Business Travel,Business,737,1,1,1,1,4,4,5,4,4,4,4,5,3,3.15,5,0,TRUE
Male,Loyal Customer,53,Business Travel,Business,2556,4,5,5,5,4,2,4,4,4,4,4,1,2,3.69,5,0,FALSE
Female,Loyal Customer,37,Business Travel,Business,493,4,4,4,4,2,2,3,4,4,4,4,4,5,3.69,0,0,TRUE
Male,Disloyal Customer,77,Business Travel,Eco,129,1,0,1,5,1,1,1,1,4,3,5,1,1,1.92,21,15,FALSE
Male,Disloyal Customer,39,Business Travel,Business,547,2,2,2,4,4,2,4,4,5,5,5,3,4,3.54,0,14,FALSE
Male,Loyal Customer,57,Business Travel,Business,643,4,4,4,4,2,5,5,5,5,5,5,5,4,4.38,59,43,TRUE
Female,Loyal Customer,25,Personal Travel,Eco,1303,3,5,3,1,2,3,2,2,3,2,3,5,2,2.77,0,0,FALSE
Male,Disloyal Customer,36,Business Travel,Eco,204,3,0,3,4,2,3,2,2,1,3,3,3,2,2.38,0,0,FALSE
Male,Loyal Customer,56,Personal Travel,Eco,404,2,2,2,4,1,2,3,1,1,5,3,4,1,2.38,6,5,FALSE
Male,Disloyal Customer,29,Business Travel,Eco,1313,2,2,2,4,3,2,3,3,1,3,3,2,3,2.54,0,0,FALSE
Female,Disloyal Customer,23,Business Travel,Eco,387,3,2,3,3,5,3,5,5,1,5,3,4,5,3.62,0,0,FALSE
Female,Loyal Customer,56,Business Travel,Business,3904,3,2,2,2,3,3,3,3,3,3,3,3,3,2.77,30,29,FALSE
Female,Loyal Customer,28,Personal Travel,Eco,331,4,2,1,2,2,1,2,2,3,3,3,2,2,2.23,15,38,FALSE
Male,Loyal Customer,48,Personal Travel,Eco,756,4,5,4,3,2,4,2,2,5,4,4,4,2,3.46,16,23,FALSE
Female,Disloyal Customer,44,Business Travel,Eco,679,2,2,2,4,3,2,4,3,2,2,4,2,3,2.69,0,0,FALSE
Female,Loyal Customer,7,Personal Travel,Eco,372,0,1,0,3,3,0,3,3,2,2,4,3,3,2.08,0,0,TRUE
Male,Loyal Customer,43,Business Travel,Business,3092,0,4,0,4,3,4,4,5,5,5,5,4,4,3.62,0,0,TRUE
Female,Loyal Customer,19,Personal Travel,Eco,1303,3,2,3,4,4,3,4,4,1,5,3,3,4,3.31,0,0,FALSE
Male,Loyal Customer,31,Personal Travel,Eco,280,2,4,3,4,1,3,1,1,5,2,4,3,1,2.62,0,0,FALSE
Female,Loyal Customer,61,Personal Travel,Eco,631,4,5,4,5,3,3,3,4,4,4,4,3,4,3.85,0,9,TRUE
Female,Loyal Customer,19,Business Travel,Business,925,2,2,2,2,4,4,4,4,3,2,4,3,4,3.08,0,17,TRUE
Female,Loyal Customer,47,Business Travel,Business,1528,0,0,0,3,2,5,4,4,4,1,1,3,5,2.46,0,0,TRUE
Male,Disloyal Customer,22,Business Travel,Business,715,5,0,5,4,5,5,5,5,3,2,4,5,5,4.08,12,12,TRUE
Male,Loyal Customer,25,Business Travel,Business,374,3,3,3,3,3,3,3,3,3,2,4,2,3,2.92,25,18,TRUE
Male,Loyal Customer,29,Business Travel,Eco,2149,1,1,1,1,1,1,1,1,3,1,2,2,1,1.31,0,0,FALSE
Male,Loyal Customer,13,Personal Travel,Eco,431,2,5,2,5,1,2,1,1,5,2,5,4,1,2.77,2,1,FALSE
Male,Loyal Customer,58,Business Travel,Business,2792,2,2,2,2,4,5,5,2,2,2,2,5,5,3.08,0,0,TRUE
Male,Disloyal Customer,49,Business Travel,Business,266,3,2,2,4,2,3,2,2,1,4,4,2,2,2.54,0,0,FALSE
Male,Loyal Customer,29,Business Travel,Business,3273,1,1,1,1,4,4,4,4,5,5,4,3,4,3.15,0,0,TRUE
Male,Loyal Customer,53,Business Travel,Business,1600,4,4,4,4,2,5,5,4,4,4,4,3,4,3.92,96,79,TRUE
Female,Loyal Customer,8,Business Travel,Eco Plus,569,3,5,5,5,3,3,2,3,4,5,4,2,3,3.62,52,48,FALSE
Female,Disloyal Customer,24,Business Travel,Business,679,4,4,4,3,1,4,1,1,4,3,4,4,1,2.92,0,0,TRUE
Male,Loyal Customer,45,Personal Travel,Eco,612,3,5,3,5,2,3,1,2,2,1,3,2,2,2.62,0,0,FALSE
Male,Loyal Customer,51,Personal Travel,Eco,1010,3,1,4,3,1,4,3,1,2,5,3,1,1,2.46,0,16,FALSE
Female,Loyal Customer,58,Business Travel,Business,2999,3,3,3,3,5,5,4,5,5,5,5,5,5,4.31,30,18,TRUE
Male,Loyal Customer,53,Business Travel,Business,1931,2,3,3,3,5,3,3,2,2,2,2,3,2,2.69,0,0,FALSE
Female,Loyal Customer,40,Business Travel,Business,3693,3,4,4,4,2,3,3,3,3,3,3,4,2,3.15,0,0,FALSE
Female,Loyal Customer,63,Business Travel,Eco,442,1,3,3,3,4,2,1,1,1,1,1,1,1,1.77,6,3,FALSE
Male,Loyal Customer,33,Personal Travel,Eco,2409,2,3,2,3,2,2,2,5,5,4,3,2,2,2.85,0,15,FALSE
Female,Loyal Customer,9,Personal Travel,Eco,1464,4,5,4,3,4,4,4,4,3,3,4,4,4,3.85,19,15,FALSE
Male,Disloyal Customer,19,Business Travel,Eco,1175,2,2,2,3,4,2,4,4,4,4,4,3,4,3.23,0,0,FALSE
Female,Loyal Customer,57,Business Travel,Business,1788,3,3,3,3,3,4,5,4,4,4,4,5,4,3.77,0,0,TRUE
Male,Loyal Customer,26,Personal Travel,Eco,972,4,5,4,4,3,4,1,3,4,4,5,5,3,3.77,12,3,TRUE
Male,Loyal Customer,35,Personal Travel,Eco,1044,2,1,1,1,5,1,5,5,4,2,2,4,5,2.92,5,0,FALSE
Female,Loyal Customer,39,Business Travel,Business,328,0,0,0,1,2,5,5,5,5,5,5,3,4,3.08,0,0,TRUE
Male,Loyal Customer,38,Business Travel,Business,3290,1,1,3,1,4,4,4,5,5,5,5,3,4,3.46,0,0,TRUE
Male,Loyal Customer,42,Personal Travel,Eco,1910,2,4,2,3,5,2,1,5,5,4,4,5,5,3.62,0,0,FALSE
Female,Disloyal Customer,38,Business Travel,Eco,432,1,2,1,3,2,1,2,2,3,3,3,3,2,2.15,1,16,FALSE
Male,Loyal Customer,49,Business Travel,Business,1482,1,1,1,1,2,5,5,5,5,5,5,5,5,3.54,0,0,TRUE
Female,Loyal Customer,57,Business Travel,Business,431,3,3,3,3,5,4,5,4,4,4,4,5,4,3.92,0,0,TRUE
Female,Loyal Customer,25,Personal Travel,Business,458,2,5,2,1,1,2,3,1,2,1,1,2,1,1.85,0,0,FALSE
Female,Disloyal Customer,23,Business Travel,Eco,611,4,5,4,1,3,4,3,3,4,2,4,5,3,3.46,31,30,TRUE
Male,Loyal Customer,26,Personal Travel,Eco,759,2,5,1,2,1,1,1,1,5,2,5,4,1,2.38,0,0,FALSE
Male,Loyal Customer,26,Personal Travel,Eco,457,3,1,3,3,4,3,4,4,3,1,2,4,4,3,0,0,FALSE
Male,Loyal Customer,33,Business Travel,Business,214,3,1,3,3,5,5,5,5,3,1,4,2,5,3.46,0,0,TRUE
Male,Loyal Customer,59,Business Travel,Business,3674,2,2,2,2,2,5,5,4,4,4,4,3,4,3.31,0,0,TRUE
Female,Loyal Customer,16,Personal Travel,Eco,328,2,4,2,3,2,2,2,2,2,3,3,1,2,2.31,0,0,FALSE
Female,Loyal Customer,74,Business Travel,Eco Plus,241,4,3,3,3,1,2,4,4,4,4,4,5,3,3.38,23,20,TRUE
Male,Loyal Customer,27,Personal Travel,Eco,1598,2,4,3,1,2,3,4,2,3,2,5,5,2,2.92,0,0,FALSE
Female,Loyal Customer,60,Business Travel,Business,372,5,5,5,5,2,5,5,5,5,5,5,5,5,4.77,0,0,TRUE
Female,Loyal Customer,41,Personal Travel,Eco Plus,937,2,5,2,5,2,5,5,3,3,2,3,2,1,3.08,0,0,FALSE
Female,Disloyal Customer,38,Business Travel,Eco Plus,151,4,4,4,4,2,4,2,2,3,1,4,2,2,2.92,0,0,TRUE
Male,Loyal Customer,46,Business Travel,Business,2306,0,0,0,3,3,5,4,2,2,2,2,4,4,2.38,0,0,TRUE
Female,Loyal Customer,22,Personal Travel,Eco,546,2,1,2,4,4,2,5,4,1,3,4,1,4,2.85,2,1,FALSE
Male,Loyal Customer,60,Business Travel,Eco,985,4,5,3,5,4,4,4,4,3,5,3,3,4,3.92,0,0,FALSE
Female,Disloyal Customer,26,Business Travel,Eco,1201,4,4,4,2,1,4,1,1,1,3,3,5,1,2.62,5,12,FALSE
Male,Loyal Customer,57,Business Travel,Business,460,4,4,5,4,3,5,4,5,5,5,5,3,4,4.31,0,0,TRUE
Female,Loyal Customer,39,Business Travel,Business,2586,1,1,1,1,5,5,5,4,5,3,4,5,5,3.46,0,26,TRUE
Female,Loyal Customer,56,Business Travel,Business,3687,2,2,1,2,2,5,4,4,4,5,4,5,5,3.46,1,2,TRUE
Male,Loyal Customer,33,Personal Travel,Eco,925,3,4,3,4,3,3,3,3,5,2,4,5,3,3.46,21,8,FALSE
Male,Loyal Customer,54,Business Travel,Business,3730,2,2,2,2,2,4,5,5,5,5,5,3,5,3.62,0,4,TRUE
Male,Loyal Customer,54,Business Travel,Eco Plus,1609,4,5,4,5,4,4,4,4,3,4,3,1,4,3.77,0,4,FALSE
Female,Loyal Customer,29,Personal Travel,Eco,612,3,5,3,1,1,3,1,1,4,4,5,5,1,2.85,7,13,FALSE
Male,Loyal Customer,47,Business Travel,Eco,2139,2,2,2,2,2,2,2,2,4,3,4,1,2,2.31,0,0,FALSE
Male,Disloyal Customer,34,Business Travel,Eco,563,1,4,1,3,1,1,1,1,3,4,4,2,1,2.08,108,98,FALSE
Female,Loyal Customer,36,Personal Travel,Eco,2603,2,5,2,3,2,1,1,2,4,4,3,1,1,2.38,0,0,FALSE
Male,Loyal Customer,52,Business Travel,Business,304,0,0,0,1,4,4,5,4,4,4,4,3,4,2.85,0,2,TRUE
Female,Loyal Customer,59,Business Travel,Business,1073,2,2,3,2,2,4,4,4,4,5,4,4,3,3.31,0,0,TRUE
Male,Loyal Customer,67,Personal Travel,Eco,626,3,5,3,2,3,3,4,3,4,3,4,5,3,3.46,0,0,FALSE
Male,Loyal Customer,61,Personal Travel,Eco,1620,2,4,2,2,3,2,5,3,3,4,5,5,3,3.31,0,0,FALSE
Female,Loyal Customer,40,Business Travel,Eco,414,3,1,1,1,3,3,3,1,2,3,3,3,3,2.31,169,162,FALSE
Female,Loyal Customer,45,Business Travel,Eco,442,3,4,4,4,2,2,2,2,2,3,2,1,3,2.62,0,0,FALSE
Female,Disloyal Customer,25,Business Travel,Eco,631,4,2,4,4,2,4,2,2,3,2,3,3,2,2.85,0,0,FALSE
Male,Disloyal Customer,22,Business Travel,Eco,403,3,5,3,1,2,3,3,2,1,1,5,1,2,2.46,0,0,FALSE
Female,Loyal Customer,21,Business Travel,Eco,1032,4,5,5,5,4,4,5,4,2,2,1,1,4,3.54,93,100,TRUE
Female,Loyal Customer,27,Personal Travel,Business,1372,3,4,3,1,3,3,3,3,4,4,3,3,3,3.08,39,37,FALSE
Female,Loyal Customer,31,Business Travel,Business,2664,1,2,2,2,1,1,1,1,1,4,3,1,1,1.62,12,4,FALSE
Male,Loyal Customer,38,Business Travel,Business,3016,1,1,1,1,4,5,3,4,4,4,3,3,3,2.85,46,49,TRUE
Female,Disloyal Customer,29,Business Travel,Business,1183,4,4,4,3,1,4,1,1,4,5,4,5,1,3.15,0,0,TRUE
Female,Loyal Customer,48,Personal Travel,Eco,1015,3,4,3,1,3,4,5,3,3,3,3,5,4,3.38,1,0,FALSE
Female,Loyal Customer,20,Business Travel,Business,2118,1,1,1,1,5,5,5,5,3,3,5,4,5,3.38,78,80,TRUE
Male,Loyal Customer,48,Business Travel,Business,391,4,4,5,4,2,5,5,5,5,5,5,3,4,4.31,0,0,TRUE
Male,Loyal Customer,45,Business Travel,Business,1174,4,4,4,4,4,5,4,4,4,4,4,4,3,4,12,3,TRUE
Male,Loyal Customer,26,Business Travel,Business,2794,5,5,5,5,4,4,5,4,5,2,5,5,4,4.46,0,0,TRUE
Male,Loyal Customer,52,Business Travel,Business,1695,2,2,2,2,3,4,4,5,5,5,5,4,5,3.69,9,11,TRUE
Male,Loyal Customer,60,Business Travel,Business,1725,4,4,4,4,2,4,4,4,4,4,4,4,5,3.92,0,0,TRUE
Male,Loyal Customer,10,Personal Travel,Eco,373,2,5,2,4,4,2,4,4,5,5,3,2,4,3.54,76,82,FALSE
Male,Loyal Customer,49,Business Travel,Business,1652,1,3,3,3,4,3,3,1,1,2,1,1,4,2.31,21,5,FALSE
Female,Loyal Customer,57,Business Travel,Business,1017,3,3,3,3,3,5,5,4,4,4,4,5,5,3.92,0,0,TRUE
Female,Loyal Customer,43,Personal Travel,Eco,1005,3,4,3,2,5,1,3,2,2,3,2,3,2,2.69,0,10,FALSE
Male,Loyal Customer,18,Personal Travel,Eco,308,5,5,5,2,1,5,1,1,4,4,4,4,1,3.23,0,0,TRUE
Male,Loyal Customer,55,Business Travel,Eco Plus,1947,1,0,0,4,4,1,4,4,2,1,4,2,4,2.38,3,0,FALSE
Male,Loyal Customer,44,Business Travel,Business,3957,0,5,0,4,2,4,4,4,4,4,2,4,4,3.15,0,0,TRUE
Male,Disloyal Customer,23,Business Travel,Eco,137,2,0,3,3,2,3,2,2,5,3,2,3,2,2.46,0,0,FALSE
Female,Loyal Customer,37,Personal Travel,Eco,641,4,5,4,3,4,4,4,4,4,3,4,4,4,3.92,0,0,FALSE
Female,Loyal Customer,45,Business Travel,Business,2803,2,2,2,2,3,5,5,3,3,3,3,3,3,3,0,0,TRUE
Female,Loyal Customer,57,Personal Travel,Eco,596,1,2,1,3,5,4,4,5,5,1,5,2,2,3.08,0,0,FALSE
Female,Disloyal Customer,27,Business Travel,Eco,351,1,0,1,4,2,1,5,2,1,1,3,1,2,1.85,0,0,FALSE
Male,Loyal Customer,28,Business Travel,Business,844,5,5,5,5,5,4,5,5,1,2,4,3,5,4.15,14,23,TRUE
Male,Loyal Customer,51,Business Travel,Business,106,1,1,1,1,2,3,2,5,5,5,4,2,4,2.77,0,1,TRUE
Male,Loyal Customer,39,Business Travel,Business,2620,5,5,5,5,5,4,4,4,4,4,4,3,3,4.23,2,4,TRUE
Female,Disloyal Customer,33,Business Travel,Business,600,2,2,2,1,2,2,2,2,5,3,4,4,2,2.54,3,0,FALSE
Male,Loyal Customer,43,Business Travel,Business,214,1,1,3,1,4,5,4,5,5,5,5,3,5,3.62,0,0,TRUE
Male,Loyal Customer,49,Business Travel,Business,1919,4,4,4,4,5,3,4,4,4,4,4,5,5,4.15,6,0,TRUE
Male,Loyal Customer,54,Business Travel,Business,1744,5,5,3,5,4,3,5,4,4,4,4,5,5,4.31,1,3,TRUE
Male,Loyal Customer,27,Business Travel,Eco,1208,4,4,3,4,4,5,4,4,5,2,4,2,4,3.77,18,0,TRUE
Female,Loyal Customer,54,Business Travel,Eco,2172,4,4,4,4,1,4,2,4,4,4,4,4,3,3.54,0,0,TRUE
Male,Disloyal Customer,58,Business Travel,Business,429,2,2,2,1,5,2,5,5,5,5,4,3,5,3.54,0,0,FALSE
Male,Loyal Customer,58,Personal Travel,Eco,585,1,4,1,3,2,1,2,2,3,4,4,4,2,2.54,0,0,FALSE
Female,Loyal Customer,49,Business Travel,Business,2139,4,4,4,4,5,3,4,5,5,5,5,4,4,4.31,4,4,TRUE
Female,Loyal Customer,22,Business Travel,Business,760,2,2,2,2,2,2,2,2,4,4,5,3,2,2.62,0,6,TRUE
Male,Loyal Customer,26,Business Travel,Business,2394,3,4,4,4,3,2,3,3,1,5,4,3,3,3.23,0,0,FALSE
Male,Loyal Customer,28,Business Travel,Business,3817,1,1,1,1,5,5,5,5,4,2,5,4,5,3.38,123,122,TRUE
Female,Loyal Customer,40,Business Travel,Business,2994,2,3,3,3,3,4,3,2,2,1,2,3,3,2.62,0,0,FALSE
Male,Loyal Customer,45,Personal Travel,Eco,621,3,3,3,1,3,3,3,3,1,4,3,1,3,2.62,27,23,FALSE
Female,Loyal Customer,38,Business Travel,Business,268,3,4,4,4,5,3,3,3,3,3,3,2,3,3.31,0,0,FALSE
Male,Disloyal Customer,28,Business Travel,Business,1501,4,4,4,4,2,4,2,2,4,3,5,5,2,3.46,4,0,FALSE
Female,Loyal Customer,24,Personal Travel,Eco,989,4,3,4,3,5,4,5,5,3,1,4,4,5,3.85,0,0,TRUE
Female,Loyal Customer,40,Personal Travel,Eco Plus,813,2,0,2,1,1,2,1,1,3,4,5,5,1,2.15,0,0,FALSE
Male,Loyal Customer,59,Business Travel,Business,1440,4,4,4,4,2,4,4,4,4,5,4,4,5,4,0,0,TRUE
Male,Loyal Customer,7,Personal Travel,Eco Plus,687,0,5,0,2,1,0,1,1,4,5,5,5,1,2.31,0,0,TRUE
Female,Loyal Customer,32,Business Travel,Eco,101,4,4,4,4,4,4,4,4,5,1,2,4,4,3.69,0,33,TRUE
Female,Loyal Customer,54,Business Travel,Business,2897,2,2,2,2,3,4,4,4,4,4,4,3,4,3.23,36,12,TRUE
Male,Loyal Customer,27,Business Travel,Business,639,3,5,5,5,3,3,3,3,4,5,4,2,3,3.69,74,81,FALSE
Male,Loyal Customer,51,Business Travel,Business,1166,2,2,2,2,2,4,5,5,5,5,5,3,5,3.62,0,0,TRUE
Female,Loyal Customer,34,Business Travel,Business,188,3,3,3,3,2,5,1,5,5,5,4,3,3,3.46,0,0,TRUE
Female,Loyal Customer,32,Personal Travel,Eco,1303,3,4,3,1,4,3,4,4,4,4,3,4,4,3.46,21,10,FALSE
Female,Loyal Customer,47,Business Travel,Business,689,4,4,4,4,2,3,4,4,4,4,4,2,1,3.38,0,0,FALSE
Female,Loyal Customer,63,Business Travel,Eco Plus,337,3,3,5,3,4,3,3,4,4,3,4,3,2,3.38,23,15,FALSE
Female,Loyal Customer,37,Personal Travel,Eco,463,2,5,2,1,5,2,5,5,4,4,4,4,5,3.69,107,124,FALSE
Male,Loyal Customer,76,Business Travel,Eco,271,2,5,5,5,2,2,2,2,3,3,2,1,2,2.77,0,0,FALSE
Male,Disloyal Customer,26,Business Travel,Business,448,3,0,3,3,3,3,2,3,5,2,5,3,3,2.92,0,0,FALSE
Male,Disloyal Customer,25,Business Travel,Eco,1052,3,3,3,3,1,3,1,1,2,5,3,1,1,2.31,0,0,FALSE
Female,Loyal Customer,50,Business Travel,Business,1629,1,1,1,1,4,3,4,1,1,1,1,1,3,1.77,0,0,FALSE
Female,Loyal Customer,68,Personal Travel,Eco,395,4,5,4,1,3,4,4,3,3,4,3,3,5,3.54,0,0,FALSE
Male,Disloyal Customer,41,Business Travel,Business,345,4,4,4,3,5,4,5,5,3,5,4,4,5,4.23,60,59,TRUE
Male,Loyal Customer,59,Business Travel,Business,2092,2,2,4,2,5,5,4,5,5,5,5,5,5,4.15,16,19,TRUE
Male,Disloyal Customer,27,Business Travel,Business,1127,3,4,4,2,1,4,1,1,5,4,4,3,1,2.85,0,27,FALSE
Male,Loyal Customer,68,Personal Travel,Eco,1616,3,4,3,1,5,3,5,5,3,3,4,5,5,3.77,6,3,FALSE
Female,Disloyal Customer,48,Business Travel,Eco,1276,3,3,3,4,4,3,4,4,3,1,3,2,4,3.15,0,0,FALSE
Female,Loyal Customer,51,Business Travel,Business,2642,1,1,1,1,5,1,3,4,4,4,4,5,5,3,5,0,TRUE
Female,Loyal Customer,40,Business Travel,Business,1145,4,4,4,4,3,4,4,4,4,5,4,3,5,4,0,0,TRUE
Male,Loyal Customer,44,Business Travel,Business,2682,5,5,5,5,5,4,5,5,5,5,4,3,4,4.62,0,0,TRUE
Male,Disloyal Customer,26,Business Travel,Eco,581,4,4,4,3,3,4,3,3,1,1,3,4,3,3.08,83,71,FALSE
Female,Disloyal Customer,23,Business Travel,Business,2419,1,4,1,3,3,1,2,3,1,4,3,1,3,2.31,8,0,FALSE
Female,Loyal Customer,54,Personal Travel,Eco,222,1,1,1,2,2,1,2,1,1,1,1,1,1,1.23,0,0,FALSE
Female,Loyal Customer,51,Business Travel,Eco Plus,579,2,1,1,1,3,3,2,3,3,2,3,2,1,2.08,29,38,TRUE
Male,Loyal Customer,59,Business Travel,Business,3363,4,4,4,4,5,4,4,4,4,4,4,3,3,3.92,0,0,TRUE
Female,Loyal Customer,38,Business Travel,Business,2656,2,2,2,2,4,5,5,4,4,4,4,3,4,3.46,0,0,TRUE
Male,Loyal Customer,36,Business Travel,Business,2658,1,1,1,1,2,3,4,4,4,4,4,3,4,2.77,7,23,TRUE
Male,Loyal Customer,20,Personal Travel,Eco,1065,3,4,3,1,3,3,3,3,5,2,5,5,3,3.31,0,0,FALSE
Male,Loyal Customer,50,Personal Travel,Eco,397,2,5,4,2,2,4,2,2,3,5,4,3,2,3.08,2,0,FALSE
Male,Loyal Customer,44,Personal Travel,Eco,1411,3,1,3,3,4,3,4,4,3,1,4,4,4,3.15,0,0,FALSE
Male,Loyal Customer,41,Business Travel,Business,163,3,3,3,3,1,5,1,5,5,5,5,3,1,3.31,0,0,TRUE
Female,Loyal Customer,60,Personal Travel,Eco,679,4,5,4,1,5,4,4,1,1,4,2,4,5,3.38,20,81,FALSE
Female,Loyal Customer,54,Business Travel,Eco Plus,516,3,1,1,1,4,3,4,3,3,3,3,3,3,2.69,0,0,FALSE
Male,Loyal Customer,50,Business Travel,Business,3073,4,4,4,4,5,4,3,5,5,5,5,1,2,3.92,23,14,TRUE
Female,Loyal Customer,55,Personal Travel,Eco Plus,491,4,4,4,1,4,4,2,4,4,4,4,4,5,3.69,0,0,TRUE
Female,Disloyal Customer,36,Business Travel,Eco,581,1,1,0,3,3,0,3,3,3,3,3,4,3,2.31,18,8,FALSE
Male,Loyal Customer,56,Personal Travel,Eco,1744,4,4,4,4,1,4,1,1,3,2,3,3,1,2.69,0,0,TRUE
Male,Disloyal Customer,39,Business Travel,Business,834,3,3,3,3,2,3,2,2,4,2,2,2,2,2.54,8,15,FALSE
Male,Loyal Customer,55,Personal Travel,Eco,834,2,5,2,4,5,2,5,5,4,4,4,5,5,4,30,15,FALSE
Female,Loyal Customer,52,Business Travel,Business,588,3,4,4,4,3,4,3,3,3,3,3,4,1,3.23,58,54,FALSE
Female,Loyal Customer,59,Business Travel,Business,2518,4,4,4,4,4,5,4,4,4,4,4,4,5,4.15,0,0,TRUE
Male,Loyal Customer,67,Personal Travel,Eco,756,3,5,3,2,3,3,3,3,5,2,4,4,3,3.31,0,0,FALSE
Female,Loyal Customer,54,Business Travel,Eco,190,4,1,1,1,3,5,2,4,4,4,4,1,3,2.85,82,78,TRUE
Female,Loyal Customer,58,Business Travel,Business,2052,2,4,4,4,4,3,4,2,2,2,2,1,4,2.92,0,0,FALSE
Male,Loyal Customer,47,Business Travel,Business,930,1,1,2,1,3,5,5,5,5,5,5,4,5,3.62,0,5,TRUE
Female,Loyal Customer,39,Business Travel,Business,632,1,1,1,1,4,4,5,3,3,4,3,3,5,2.92,0,0,TRUE
Female,Loyal Customer,52,Personal Travel,Eco Plus,373,4,1,4,3,4,3,4,2,2,4,2,2,2,2.85,0,0,FALSE
Female,Loyal Customer,29,Business Travel,Business,3851,1,2,2,2,1,1,1,1,1,3,4,3,1,1.77,6,18,FALSE
Male,Loyal Customer,48,Personal Travel,Eco,2521,1,1,1,1,1,1,1,1,4,1,1,4,1,1.46,16,0,FALSE
Male,Loyal Customer,49,Personal Travel,Eco,1726,2,4,2,2,1,2,1,1,2,3,4,3,1,2.15,0,14,FALSE
Male,Loyal Customer,39,Business Travel,Business,986,2,2,2,2,2,5,5,4,4,4,4,5,4,3.46,0,0,TRUE
Female,Loyal Customer,57,Business Travel,Eco,674,2,2,2,2,1,1,5,2,2,2,2,3,3,2.23,4,0,TRUE
Male,Loyal Customer,53,Business Travel,Business,2204,3,2,3,3,2,5,5,5,5,5,5,3,3,3.77,18,14,TRUE
Male,Loyal Customer,68,Business Travel,Eco Plus,611,2,2,5,5,2,2,2,2,1,5,4,4,2,2.92,0,0,FALSE
Male,Disloyal Customer,38,Business Travel,Eco,628,3,2,3,4,2,3,2,2,2,4,3,2,2,2.62,13,26,FALSE
Male,Loyal Customer,39,Business Travel,Business,315,5,5,5,5,4,4,5,4,4,4,4,3,3,4.23,9,15,TRUE
Female,Disloyal Customer,26,Business Travel,Eco,399,2,4,2,1,4,2,4,4,1,1,5,1,4,2.69,45,72,FALSE
Male,Loyal Customer,34,Personal Travel,Eco,680,4,5,4,1,4,4,4,4,4,4,4,4,4,3.85,33,34,FALSE
Male,Disloyal Customer,22,Business Travel,Eco,2342,3,3,3,3,3,3,3,3,3,2,2,4,3,2.92,17,6,FALSE
Female,Loyal Customer,40,Business Travel,Business,2810,2,2,2,2,5,4,4,4,4,4,4,3,4,3.38,0,8,TRUE
Female,Loyal Customer,42,Personal Travel,Eco Plus,2475,4,1,4,3,4,2,2,1,2,3,2,2,2,2.46,0,0,FALSE
Female,Loyal Customer,36,Business Travel,Business,782,4,4,4,4,2,4,5,4,4,5,4,1,4,3.77,0,0,TRUE
Female,Loyal Customer,37,Personal Travel,Eco,402,5,5,5,3,1,5,1,1,3,2,5,5,1,3.23,0,0,TRUE
Female,Loyal Customer,42,Business Travel,Business,1525,4,4,4,4,4,5,5,4,4,4,4,5,5,4.31,3,0,TRUE
Male,Loyal Customer,41,Business Travel,Business,2139,3,3,1,3,2,5,4,4,4,4,4,4,5,3.54,0,0,TRUE
Female,Loyal Customer,45,Personal Travel,Eco,1050,2,5,2,5,2,4,4,2,2,2,2,5,4,3.15,0,0,FALSE
Female,Disloyal Customer,25,Business Travel,Eco,481,2,4,3,3,5,3,3,5,1,4,3,1,5,3.23,0,1,FALSE
Male,Loyal Customer,57,Business Travel,Business,391,2,5,3,5,2,3,3,2,2,2,2,3,3,2.85,0,0,FALSE
Male,Loyal Customer,49,Business Travel,Business,2398,3,3,3,3,2,4,4,5,5,5,5,5,4,3.92,21,17,TRUE
Male,Disloyal Customer,30,Business Travel,Eco,1671,2,2,2,4,3,2,3,3,1,5,4,4,3,2.92,0,0,FALSE
Female,Loyal Customer,30,Business Travel,Eco Plus,997,3,2,2,2,3,3,3,3,3,4,3,4,3,2.92,0,0,FALSE
Female,Loyal Customer,30,Business Travel,Eco,1829,3,3,3,3,3,3,3,3,1,2,4,3,3,2.85,16,11,FALSE
Female,Disloyal Customer,26,Business Travel,Business,363,4,0,4,1,4,4,4,4,3,5,5,5,4,3.62,22,72,TRUE
Female,Loyal Customer,70,Personal Travel,Eco Plus,2521,1,4,1,4,1,3,3,3,4,3,4,3,3,2.85,0,0,FALSE
Female,Disloyal Customer,20,Business Travel,Eco,972,2,2,2,3,3,2,5,3,1,2,4,4,3,2.77,0,0,FALSE
Male,Loyal Customer,40,Business Travel,Business,2680,4,5,5,5,5,3,3,4,4,4,4,1,1,3.69,0,0,FALSE
Female,Loyal Customer,26,Business Travel,Business,907,1,1,2,1,4,4,4,4,4,2,5,4,4,3.08,0,0,TRUE
Female,Loyal Customer,44,Personal Travel,Eco Plus,106,4,5,4,3,3,2,2,2,2,4,2,4,3,3.08,40,45,FALSE
Female,Disloyal Customer,18,Business Travel,Eco,228,4,4,4,4,1,4,1,1,1,1,3,3,1,2.46,0,0,FALSE
Male,Loyal Customer,27,Business Travel,Business,1609,3,3,3,3,4,4,4,4,3,2,5,3,4,3.46,0,0,TRUE
Male,Loyal Customer,11,Personal Travel,Eco,432,2,4,2,5,1,2,1,1,4,2,5,3,1,2.54,98,,FALSE
Male,Loyal Customer,40,Business Travel,Eco,1056,5,1,1,1,5,5,5,5,1,5,2,3,5,3.38,0,0,TRUE
Male,Disloyal Customer,44,Business Travel,Business,204,5,5,5,1,5,5,5,5,3,3,5,5,5,4.38,0,0,TRUE
Female,Loyal Customer,50,Business Travel,Business,1464,3,3,4,3,3,4,5,5,5,4,5,3,4,3.92,10,6,TRUE
Male,Loyal Customer,55,Business Travel,Business,308,4,4,4,4,5,5,5,4,4,4,4,3,4,4.15,14,4,TRUE
Male,Loyal Customer,57,Personal Travel,Eco,919,2,4,2,3,4,2,4,4,3,5,3,2,4,3.23,8,9,FALSE
Male,Loyal Customer,35,Personal Travel,Eco,554,1,5,1,5,1,1,1,1,5,2,4,3,1,2.38,1,25,FALSE
Female,Loyal Customer,34,Personal Travel,Eco,313,0,4,0,3,5,0,5,5,4,2,4,5,5,3.23,127,131,TRUE
Female,Loyal Customer,20,Personal Travel,Eco,1846,3,5,3,3,5,3,2,5,4,5,5,1,5,3.77,31,71,FALSE
Male,Disloyal Customer,24,Business Travel,Eco,1670,2,2,2,2,2,2,2,2,3,2,2,1,2,2,2,15,FALSE
Female,Loyal Customer,70,Personal Travel,Business,618,2,5,2,3,5,5,4,5,5,2,5,4,3,3.85,66,38,FALSE
Female,Loyal Customer,29,Business Travel,Business,3802,2,2,2,2,4,4,4,4,4,2,5,5,4,3.38,0,0,TRUE
Female,Disloyal Customer,34,Business Travel,Eco Plus,143,1,1,1,3,3,1,3,3,3,3,4,2,3,2.38,0,0,FALSE
Female,Loyal Customer,38,Business Travel,Business,80,0,5,0,3,5,5,5,3,3,3,3,4,5,3.38,0,14,TRUE
Female,Loyal Customer,35,Personal Travel,Eco,139,3,3,0,3,1,0,1,1,3,4,4,3,1,2.08,0,0,FALSE
Female,Loyal Customer,21,Business Travel,Business,745,3,3,3,3,5,5,5,5,5,3,5,5,5,4.23,0,0,TRUE
Male,Loyal Customer,26,Business Travel,Business,3125,1,1,1,1,5,5,5,5,5,5,5,3,5,3.62,1,0,TRUE
Female,Loyal Customer,16,Business Travel,Business,3973,4,4,4,4,3,3,3,3,4,5,2,2,3,3.38,2,14,TRUE
Male,Disloyal Customer,36,Business Travel,Business,187,3,3,3,3,3,3,3,3,4,5,5,4,3,3.46,0,0,FALSE
Male,Disloyal Customer,39,Business Travel,Eco,495,3,3,3,4,5,3,5,5,4,5,3,2,5,3.85,0,0,FALSE
Female,Disloyal Customer,65,Business Travel,Eco,239,2,1,2,3,1,2,1,1,2,4,3,3,1,2,0,0,FALSE
Female,Loyal Customer,53,Personal Travel,Eco,190,3,4,3,4,2,5,5,2,2,3,2,5,3,3.31,0,0,FALSE
Female,Loyal Customer,47,Business Travel,Eco,1185,4,3,3,3,1,2,4,4,4,4,4,5,5,3.54,0,19,TRUE
Male,Loyal Customer,46,Business Travel,Eco Plus,534,4,3,3,3,4,4,4,4,1,4,3,5,4,3.54,9,5,TRUE
Male,Loyal Customer,56,Business Travel,Business,309,3,3,3,3,5,4,4,4,4,4,4,3,3,3.62,0,0,TRUE
Female,Loyal Customer,29,Personal Travel,Business,1749,3,5,3,2,3,3,3,3,5,4,1,4,3,3.23,0,0,FALSE
Male,Loyal Customer,43,Business Travel,Business,1892,0,0,0,1,5,5,4,5,5,5,5,4,3,3.23,0,0,TRUE
Male,Loyal Customer,34,Business Travel,Business,1700,3,5,3,3,2,5,4,5,5,5,5,2,4,3.92,0,0,TRUE
Male,Loyal Customer,24,Personal Travel,Eco,733,0,4,0,2,2,0,2,2,4,5,5,5,2,2.54,0,0,TRUE
Male,Disloyal Customer,39,Business Travel,Eco,296,4,3,4,3,5,4,5,5,2,5,3,2,5,3.85,0,0,FALSE
Female,Loyal Customer,27,Business Travel,Eco,643,4,5,4,5,4,4,4,4,5,5,5,4,4,4.38,0,0,TRUE
Male,Loyal Customer,45,Business Travel,Business,957,2,2,2,2,4,5,5,5,5,5,5,3,5,3.85,0,0,TRUE
Female,Disloyal Customer,49,Business Travel,Business,926,5,5,5,1,2,5,2,2,5,2,5,4,2,3.46,0,0,TRUE
Female,Disloyal Customer,25,Business Travel,Business,863,4,0,4,4,2,4,2,2,4,2,3,3,2,2.77,0,0,TRUE
Female,Loyal Customer,10,Personal Travel,Eco,551,1,4,1,2,5,1,5,5,1,2,1,3,5,2.77,25,10,FALSE
Female,Loyal Customer,32,Business Travel,Business,2196,3,3,3,3,5,5,5,5,5,2,5,5,5,4.15,0,0,TRUE
Female,Loyal Customer,45,Business Travel,Business,3324,5,1,5,5,5,4,4,4,4,4,4,5,4,4.15,0,0,TRUE
Male,Loyal Customer,49,Personal Travel,Eco,678,4,5,4,4,3,4,3,3,5,5,4,4,3,3.92,0,0,TRUE
Female,Disloyal Customer,37,Business Travel,Eco,435,4,4,4,3,4,4,4,4,5,5,3,5,4,4.08,0,0,FALSE
Male,Disloyal Customer,28,Business Travel,Business,641,2,1,1,4,1,1,1,1,4,5,5,3,1,2.31,0,0,FALSE
Female,Loyal Customer,35,Personal Travel,Eco,957,2,4,2,1,4,2,1,4,3,3,5,3,4,2.92,0,0,FALSE
Male,Loyal Customer,43,Business Travel,Eco,266,4,5,5,5,4,4,4,4,5,2,1,3,4,3.85,0,0,TRUE
Female,Loyal Customer,34,Personal Travel,Eco,929,1,1,1,4,5,1,3,5,2,1,4,3,5,2.77,0,0,FALSE
Female,Loyal Customer,37,Personal Travel,Business,1605,1,5,1,1,4,3,5,1,1,1,1,3,3,2.31,55,27,FALSE
Male,Loyal Customer,39,Business Travel,Business,760,3,3,3,3,3,4,4,5,5,5,5,5,4,4,0,0,TRUE
Male,Loyal Customer,15,Personal Travel,Eco,337,3,3,3,4,5,3,2,5,4,1,1,2,5,3.15,2,14,FALSE
Male,Loyal Customer,59,Business Travel,Business,3711,4,4,4,4,3,4,4,5,5,5,5,3,4,4.15,86,79,TRUE
Female,Loyal Customer,46,Business Travel,Eco Plus,641,5,5,5,5,3,1,3,5,5,5,5,5,4,4.31,1,0,TRUE
Male,Loyal Customer,64,Personal Travel,Eco,89,2,4,0,2,4,0,2,4,5,3,5,3,4,2.92,59,59,FALSE
Male,Disloyal Customer,55,Business Travel,Eco,125,1,0,1,1,4,1,1,4,2,3,1,1,4,1.85,0,5,FALSE
Male,Disloyal Customer,24,Business Travel,Eco,359,4,5,3,2,2,3,4,2,4,2,5,5,2,3.31,9,0,TRUE
Female,Loyal Customer,54,Personal Travel,Eco,818,5,3,5,2,1,5,1,3,3,3,3,2,5,3.15,0,0,TRUE
Male,Disloyal Customer,23,Business Travel,Eco,627,3,3,3,5,1,3,1,1,2,2,4,4,1,2.54,58,57,FALSE
Male,Loyal Customer,39,Business Travel,Business,3473,5,5,4,5,3,4,5,5,5,5,5,5,4,4.62,3,5,TRUE
Male,Loyal Customer,27,Personal Travel,Eco,1747,3,0,3,5,2,3,2,2,4,3,4,3,2,2.77,21,0,FALSE
Male,Loyal Customer,29,Personal Travel,Eco,406,2,3,2,2,5,2,5,5,1,3,3,1,5,3,15,22,FALSE
Female,Loyal Customer,55,Personal Travel,Eco,188,3,5,3,2,3,5,5,5,5,3,5,3,4,3.92,0,0,FALSE
Female,Loyal Customer,40,Personal Travel,Eco Plus,468,1,5,1,5,2,1,2,2,4,2,5,3,2,2.69,38,29,FALSE
Female,Loyal Customer,48,Business Travel,Business,139,2,4,5,4,3,3,3,3,3,3,2,4,3,3.23,0,24,FALSE
Female,Loyal Customer,41,Business Travel,Business,2436,5,5,5,5,5,4,4,5,5,5,5,4,4,4.69,0,0,TRUE
Female,Loyal Customer,35,Personal Travel,Eco,363,4,5,4,5,1,4,1,1,3,3,4,3,1,3,0,0,FALSE
Male,Disloyal Customer,42,Business Travel,Eco,447,2,4,2,3,2,2,2,4,3,3,3,2,2,2.62,145,129,FALSE
Male,Loyal Customer,45,Business Travel,Business,1529,1,1,1,1,4,4,5,5,5,5,5,4,4,3.46,0,0,TRUE
Male,Loyal Customer,16,Personal Travel,Eco,119,4,2,4,3,2,4,2,2,1,3,3,3,2,2.69,0,0,FALSE
Female,Disloyal Customer,23,Business Travel,Eco,528,3,0,3,4,4,3,4,4,4,1,4,5,4,3.31,22,32,FALSE
Male,Disloyal Customer,36,Business Travel,Business,351,4,4,4,3,5,4,5,5,4,2,4,1,5,3.85,0,0,FALSE
Male,Loyal Customer,57,Business Travel,Business,2497,1,1,1,1,5,5,4,5,5,5,5,3,5,3.54,6,0,TRUE
Female,Loyal Customer,57,Business Travel,Business,999,3,2,4,2,5,3,3,3,3,3,3,4,1,3,0,9,FALSE
Male,Disloyal Customer,27,Business Travel,Eco,442,1,1,1,1,1,1,1,1,4,4,2,3,1,1.69,18,22,FALSE
Female,Loyal Customer,49,Business Travel,Business,1608,3,3,4,3,4,4,5,4,4,3,4,2,5,3.69,0,0,TRUE
Female,Loyal Customer,31,Personal Travel,Eco,2475,1,2,1,4,2,1,2,2,3,2,3,2,2,2.08,6,90,FALSE
Female,Loyal Customer,30,Personal Travel,Eco,978,4,2,4,3,4,4,2,4,3,4,4,1,4,3.31,0,0,FALSE
Male,Disloyal Customer,21,Business Travel,Eco,84,5,0,5,2,5,5,5,1,5,4,1,5,5,3.69,294,320,TRUE
Male,Loyal Customer,52,Personal Travel,Eco,1814,2,5,2,3,2,2,2,2,5,5,5,4,2,3.15,5,7,FALSE
Male,Loyal Customer,14,Personal Travel,Eco,2475,4,2,4,4,5,4,5,5,2,2,4,3,5,3.77,0,0,FALSE
Male,Disloyal Customer,24,Business Travel,Eco,296,3,0,4,3,5,4,5,5,3,3,5,4,5,3.77,56,45,FALSE
Male,Loyal Customer,19,Personal Travel,Eco,794,4,5,4,2,4,4,4,4,3,4,4,4,4,3.85,0,20,FALSE
Female,Loyal Customer,48,Business Travel,Business,3013,5,5,3,5,2,1,4,5,5,5,5,1,3,3.77,0,0,TRUE
Male,Loyal Customer,58,Business Travel,Eco,448,3,4,4,4,3,3,3,3,4,4,3,3,3,3.38,0,0,TRUE
Female,Loyal Customer,68,Personal Travel,Eco Plus,950,4,1,4,1,1,1,2,3,3,4,3,2,4,2.54,0,0,FALSE
Female,Loyal Customer,45,Business Travel,Business,1835,2,4,4,4,4,4,3,2,2,3,2,4,1,3,0,0,FALSE
Male,Loyal Customer,42,Business Travel,Business,341,5,5,5,5,5,5,4,5,5,5,5,4,3,4.69,0,0,TRUE
Female,Disloyal Customer,57,Business Travel,Business,280,2,2,2,2,1,2,1,1,3,5,5,3,1,2.31,0,0,FALSE
Male,Loyal Customer,50,Personal Travel,Eco,712,0,5,0,3,1,0,1,1,5,4,4,3,1,2.15,0,0,TRUE
Female,Disloyal Customer,33,Business Travel,Business,333,3,3,3,4,5,3,4,5,5,4,4,4,5,4,0,0,FALSE
Female,Disloyal Customer,28,Business Travel,Business,1068,4,4,4,2,4,4,4,4,4,4,5,3,4,3.85,0,0,TRUE
Female,Loyal Customer,69,Personal Travel,Eco,363,2,5,2,2,3,4,5,3,3,2,3,3,4,3.15,0,0,FALSE
Male,Loyal Customer,9,Personal Travel,Eco,646,3,5,3,2,1,3,1,1,5,3,2,1,1,2.38,0,0,FALSE
Female,Loyal Customer,15,Personal Travel,Business,1046,2,4,2,1,4,2,4,4,5,2,4,4,4,3.23,0,8,FALSE
Male,Loyal Customer,55,Personal Travel,Eco,1947,3,3,3,4,3,3,3,3,2,3,2,3,3,2.92,18,5,FALSE
Male,Loyal Customer,28,Business Travel,Business,3498,4,1,1,1,4,4,4,4,3,2,3,2,4,2.85,3,0,FALSE
Male,Loyal Customer,56,Business Travel,Eco,589,3,1,1,1,3,3,3,3,1,5,2,2,3,2.38,0,0,FALSE
Male,Loyal Customer,61,Business Travel,Business,118,3,3,3,3,2,4,5,5,5,5,4,3,5,3.85,4,0,TRUE
Male,Loyal Customer,48,Business Travel,Business,2431,3,3,3,3,2,4,4,4,4,5,4,3,4,3.54,48,34,TRUE
Female,Disloyal Customer,21,Business Travel,Eco,685,1,2,2,3,3,2,3,3,1,4,4,2,3,2.54,8,10,FALSE
Male,Loyal Customer,24,Personal Travel,Eco Plus,234,3,5,0,4,1,0,1,1,4,4,4,5,1,2.54,96,,FALSE
Female,Loyal Customer,20,Personal Travel,Eco,404,2,5,2,1,3,2,3,3,3,4,5,5,3,3.15,2,5,FALSE
Male,Loyal Customer,44,Business Travel,Business,2554,3,5,5,5,2,2,4,3,3,3,3,2,1,3.15,5,9,FALSE
Male,Loyal Customer,31,Business Travel,Business,2366,2,1,1,1,2,2,2,2,1,3,4,4,2,2.08,24,54,FALSE
Male,Loyal Customer,46,Business Travel,Eco,550,4,4,4,4,5,4,5,5,2,5,3,1,5,3.92,3,5,FALSE
Male,Loyal Customer,49,Business Travel,Business,2107,3,3,3,3,4,4,4,4,4,4,4,4,5,3.77,0,0,TRUE
Male,Disloyal Customer,27,Business Travel,Business,1235,2,3,3,3,5,3,5,5,3,3,5,4,5,3.77,0,0,FALSE
Male,Loyal Customer,33,Business Travel,Business,3264,2,2,2,2,5,5,5,5,3,5,4,5,5,3.85,0,0,TRUE
Female,Loyal Customer,29,Business Travel,Business,1833,1,1,1,1,5,5,5,5,4,3,4,4,5,3.38,0,0,TRUE
Male,Loyal Customer,23,Personal Travel,Eco Plus,468,4,3,4,3,1,4,4,1,3,4,4,1,1,2.85,0,11,FALSE
Male,Loyal Customer,18,Personal Travel,Eco,73,3,4,0,1,4,0,4,4,5,4,5,5,4,3.31,110,120,FALSE
Male,Loyal Customer,68,Personal Travel,Eco,528,3,4,3,1,2,3,2,2,4,2,5,3,2,2.77,0,0,FALSE
Female,Loyal Customer,52,Business Travel,Business,1706,2,2,2,2,3,5,4,5,5,5,5,3,5,3.69,0,11,TRUE
Female,Disloyal Customer,35,Business Travel,Business,903,1,1,1,3,2,1,2,2,4,4,5,3,2,2.38,0,,FALSE
Female,Loyal Customer,39,Business Travel,Business,2534,4,5,4,4,2,5,5,4,4,5,4,3,5,4.15,0,0,TRUE
Female,Loyal Customer,38,Business Travel,Eco,1046,5,3,3,3,5,5,5,5,2,3,4,3,5,3.92,0,0,TRUE
Male,Loyal Customer,27,Business Travel,Eco,1635,3,2,2,2,3,3,3,3,3,3,3,1,3,2.62,13,43,FALSE
Female,Loyal Customer,50,Business Travel,Business,1505,1,1,1,1,4,5,4,4,4,4,4,4,3,3.08,0,0,TRUE
Female,Loyal Customer,52,Personal Travel,Eco,666,3,1,3,2,3,2,2,4,4,3,4,3,1,2.69,14,2,FALSE
Male,Disloyal Customer,39,Business Travel,Eco,759,3,3,3,2,1,3,2,1,4,1,2,2,1,2.15,0,0,FALSE
Male,Loyal Customer,14,Personal Travel,Eco,978,3,4,2,4,1,2,1,1,3,3,5,4,1,2.62,0,0,FALSE
Male,Loyal Customer,44,Business Travel,Business,3623,5,5,5,5,5,5,5,4,4,4,4,3,5,4.54,9,21,TRUE
Male,Loyal Customer,31,Business Travel,Business,628,1,1,1,1,2,2,2,2,3,3,5,5,2,2.31,0,0,TRUE
Female,Loyal Customer,32,Personal Travel,Eco,1306,4,2,4,3,5,4,5,5,1,4,2,3,5,3.62,2,0,TRUE
Male,Loyal Customer,55,Business Travel,Business,3086,1,1,1,1,5,5,5,2,2,2,2,4,3,2.62,0,5,TRUE
Male,Loyal Customer,41,Personal Travel,Eco,612,3,4,3,3,2,3,2,2,3,5,4,3,2,3,64,45,FALSE
Female,Loyal Customer,34,Personal Travel,Eco,522,3,4,3,4,2,3,2,2,3,1,4,4,2,2.85,0,0,FALSE
Female,Loyal Customer,38,Personal Travel,Eco,985,1,5,1,2,2,1,2,2,5,5,4,5,2,2.85,126,112,FALSE
Female,Loyal Customer,47,Business Travel,Business,2389,5,5,5,5,3,4,4,5,5,5,4,5,5,4.62,72,60,TRUE
Female,Loyal Customer,60,Business Travel,Business,1166,2,5,4,5,4,3,4,2,2,2,2,2,4,3.15,14,19,FALSE
Female,Loyal Customer,56,Business Travel,Business,2554,4,4,3,4,3,5,4,5,5,5,5,4,5,4.31,12,4,TRUE
Female,Loyal Customer,45,Business Travel,Eco Plus,1090,3,2,2,2,2,3,3,3,3,3,3,1,3,2.54,0,0,FALSE
Male,Loyal Customer,45,Business Travel,Business,1643,4,4,4,4,5,1,2,4,4,4,4,1,4,3.46,0,0,TRUE
Female,Loyal Customer,32,Business Travel,Eco,2554,4,2,2,2,4,4,4,4,4,5,5,4,4,3.69,0,0,TRUE
Female,Loyal Customer,52,Business Travel,Business,1887,3,3,3,3,5,5,4,4,4,5,4,4,3,3.85,21,14,TRUE
Female,Loyal Customer,58,Personal Travel,Eco,237,2,4,2,1,2,4,4,2,2,2,1,5,5,2.77,33,27,FALSE
Female,Disloyal Customer,46,Business Travel,Business,1348,3,3,3,5,4,3,4,4,4,4,3,3,4,3.62,0,0,TRUE
Male,Loyal Customer,44,Personal Travel,Eco,1121,4,1,4,3,3,4,3,3,2,3,2,4,3,3,0,0,FALSE
Female,Loyal Customer,21,Business Travel,Eco Plus,925,2,2,2,2,2,2,4,2,3,4,3,1,2,2.38,0,0,FALSE
Female,Loyal Customer,49,Business Travel,Business,296,3,4,4,4,1,3,3,3,3,3,3,1,2,2.85,0,0,FALSE
Male,Loyal Customer,22,Personal Travel,Eco,130,4,5,0,3,1,0,1,1,3,3,3,5,1,2.31,0,4,TRUE
Male,Disloyal Customer,40,Business Travel,Eco,101,1,5,0,1,4,0,4,4,1,1,3,5,4,2.54,3,1,FALSE
Male,Loyal Customer,14,Personal Travel,Eco,545,1,4,1,2,2,1,2,2,1,2,1,3,2,1.85,0,3,FALSE
Female,Loyal Customer,27,Personal Travel,Eco,1204,3,5,2,5,2,2,2,2,3,2,2,1,2,2.54,0,0,FALSE
Male,Disloyal Customer,23,Business Travel,Eco,738,5,5,5,2,3,5,3,3,5,3,5,3,3,3.85,0,6,TRUE
Male,Loyal Customer,70,Personal Travel,Eco,1092,3,5,3,2,2,3,1,2,4,4,2,1,2,2.62,21,3,FALSE
Male,Loyal Customer,55,Business Travel,Business,2734,2,2,2,2,3,3,5,4,4,4,4,5,5,3.46,0,,TRUE
Female,Loyal Customer,12,Business Travel,Eco Plus,1236,2,3,3,3,2,2,3,2,1,1,4,2,2,2.31,40,42,FALSE
Female,Loyal Customer,39,Personal Travel,Eco,1056,3,1,3,3,2,3,2,2,4,2,4,4,2,2.69,12,3,FALSE
Female,Loyal Customer,30,Personal Travel,Eco,2475,3,4,3,4,2,3,2,2,4,2,3,3,2,2.85,0,4,FALSE
Male,Loyal Customer,53,Personal Travel,Eco,954,3,4,3,4,4,3,4,4,5,3,4,5,4,3.85,0,0,FALSE
Female,Loyal Customer,41,Business Travel,Business,3002,0,0,0,2,5,4,5,1,1,1,1,4,5,2.23,0,0,TRUE
Female,Loyal Customer,51,Business Travel,Business,280,2,2,2,2,2,4,4,4,4,4,4,3,4,3.15,0,0,TRUE
Male,Loyal Customer,40,Business Travel,Business,436,1,1,1,1,3,4,5,3,3,3,3,3,4,2.69,0,0,TRUE
Male,Loyal Customer,53,Business Travel,Business,1723,3,3,3,3,4,4,5,5,5,4,5,4,3,3.92,15,7,TRUE
Female,Loyal Customer,59,Business Travel,Business,2227,5,5,5,5,5,4,4,4,4,4,4,3,5,4.38,79,43,TRUE
Female,Loyal Customer,35,Business Travel,Eco,746,3,1,5,5,3,3,3,3,1,3,4,4,3,3.15,0,6,FALSE
Male,Loyal Customer,55,Business Travel,Eco,977,5,1,1,1,5,5,5,5,4,1,2,5,5,3.46,7,9,TRUE
Female,Loyal Customer,29,Business Travel,Business,2436,4,4,4,4,4,4,4,4,3,3,5,4,4,3.92,0,0,TRUE
Male,Loyal Customer,24,Personal Travel,Eco Plus,255,1,5,0,3,4,0,4,4,3,3,1,1,4,2.54,9,13,FALSE
Male,Loyal Customer,54,Personal Travel,Eco Plus,152,2,5,2,2,5,2,5,5,4,2,5,4,5,3.69,21,15,FALSE
Female,Loyal Customer,33,Business Travel,Eco,86,4,3,3,3,4,4,4,4,5,1,2,3,4,3.38,0,0,TRUE
Male,Loyal Customer,23,Business Travel,Business,3025,3,1,1,1,3,3,3,3,4,1,3,1,3,2.31,59,52,FALSE
Male,Loyal Customer,38,Business Travel,Business,288,1,1,1,1,4,5,4,5,5,5,5,3,5,3.46,0,0,TRUE
Male,Disloyal Customer,24,Business Travel,Eco,946,1,1,1,1,2,1,2,2,4,3,5,5,2,2.31,0,6,FALSE
Male,Loyal Customer,61,Personal Travel,Eco,301,2,4,2,2,1,2,1,1,5,4,4,2,1,2.38,0,0,FALSE
Male,Loyal Customer,39,Business Travel,Business,655,5,5,1,5,4,4,5,3,3,3,3,5,5,3.92,0,2,TRUE
Male,Loyal Customer,60,Personal Travel,Business,127,3,5,3,1,5,2,4,3,3,3,3,2,5,3.23,0,0,FALSE
Male,Loyal Customer,18,Business Travel,Business,3456,2,2,2,2,4,4,4,4,4,2,1,3,4,2.92,0,0,TRUE
Male,Loyal Customer,56,Business Travel,Business,3497,3,3,1,3,2,4,5,3,3,3,3,4,5,3.23,0,0,TRUE
Female,Loyal Customer,35,Business Travel,Business,3300,1,4,4,4,1,3,4,1,1,1,1,2,2,2.23,0,0,FALSE
Male,Loyal Customer,54,Business Travel,Business,3250,4,4,2,4,3,4,5,5,5,5,5,3,3,4,0,0,TRUE
Male,Loyal Customer,45,Personal Travel,Eco,821,5,2,4,3,1,4,1,1,2,4,3,1,1,2.46,2,5,TRUE
Male,Loyal Customer,44,Business Travel,Business,946,2,2,2,2,2,5,1,4,4,4,4,2,3,2.85,0,0,TRUE
Male,Disloyal Customer,37,Business Travel,Business,166,4,4,4,1,5,4,5,5,5,2,4,3,5,3.92,0,0,FALSE
Male,Loyal Customer,65,Personal Travel,Eco,1129,1,4,2,4,5,2,4,5,5,3,5,3,5,3.69,28,44,FALSE
Female,Loyal Customer,47,Business Travel,Eco,156,5,5,5,5,3,4,4,4,4,5,4,4,2,4.15,0,0,TRUE
Male,Loyal Customer,36,Business Travel,Eco,214,4,5,5,5,4,4,4,1,2,2,5,4,4,3.77,133,143,TRUE
Female,Loyal Customer,68,Personal Travel,Eco,304,2,3,2,2,3,3,2,5,5,2,5,2,4,3.08,0,0,FALSE
Female,Loyal Customer,33,Business Travel,Business,3452,2,2,2,2,4,3,2,5,5,5,4,2,5,3.31,0,0,TRUE
Female,Loyal Customer,53,Personal Travel,Eco,1733,2,5,2,4,3,4,5,4,4,2,4,5,3,3.62,47,34,FALSE
Female,Disloyal Customer,26,Business Travel,Eco,621,3,1,3,4,1,3,1,1,1,5,4,4,1,2.46,0,0,FALSE
Female,Loyal Customer,22,Business Travel,Business,758,2,5,5,5,2,2,2,2,2,1,3,3,2,2.77,7,13,FALSE
Female,Loyal Customer,39,Business Travel,Business,2446,4,4,4,4,2,3,4,4,4,4,4,5,3,3.77,0,0,TRUE
Female,Loyal Customer,57,Personal Travel,Eco,192,3,5,0,2,3,5,5,2,2,0,2,5,3,2.85,8,14,FALSE
Female,Loyal Customer,63,Business Travel,Business,3669,3,3,3,3,3,4,5,5,5,5,5,1,3,3.69,0,0,TRUE
Male,Loyal Customer,25,Business Travel,Business,693,3,3,3,3,5,5,5,5,1,5,1,4,5,3.69,0,0,TRUE
Female,Loyal Customer,62,Business Travel,Business,244,3,3,3,3,5,4,4,3,3,3,3,2,1,3.08,12,9,FALSE
Male,Loyal Customer,42,Business Travel,Business,316,0,1,1,1,2,5,5,3,3,3,3,4,3,2.62,18,8,TRUE
Male,Disloyal Customer,26,Business Travel,Business,227,3,3,3,4,3,3,3,3,2,4,4,1,3,3,0,0,FALSE
Male,Disloyal Customer,33,Business Travel,Eco,399,3,0,3,4,3,3,3,3,5,2,4,5,3,3.15,0,0,FALSE
Female,Disloyal Customer,40,Business Travel,Business,261,1,1,1,3,1,3,3,3,4,3,3,3,3,2.46,402,389,FALSE
Female,Loyal Customer,65,Personal Travel,Eco Plus,1504,5,5,5,4,5,4,5,5,5,5,3,4,3,4.46,0,0,TRUE
Female,Disloyal Customer,23,Business Travel,Eco,620,3,0,3,4,1,3,1,1,2,5,1,1,1,2,105,118,FALSE
Female,Loyal Customer,40,Business Travel,Business,895,1,1,1,1,3,5,5,5,5,4,5,4,5,3.46,0,2,TRUE
Male,Loyal Customer,63,Personal Travel,Eco,265,3,1,3,2,1,3,1,1,1,4,1,4,1,2,0,2,FALSE
Female,Loyal Customer,26,Business Travel,Business,404,3,1,1,1,3,3,3,3,3,4,3,2,3,2.54,3,9,FALSE
Female,Loyal Customer,37,Business Travel,Business,2456,1,4,1,1,1,2,5,5,5,5,5,5,3,3.31,0,0,TRUE
Female,Loyal Customer,50,Business Travel,Business,2761,0,5,0,2,5,4,4,3,3,3,3,5,5,3.23,21,19,TRUE
Male,Loyal Customer,23,Business Travel,Business,2643,2,3,1,3,2,2,2,2,3,5,4,2,2,2.54,0,0,FALSE
Male,Loyal Customer,59,Business Travel,Business,1167,1,1,1,1,3,4,5,2,2,3,2,5,5,2.69,7,0,TRUE
Male,Loyal Customer,24,Personal Travel,Eco,594,2,4,2,3,4,2,1,4,4,5,3,2,4,3.08,45,28,FALSE
Female,Loyal Customer,43,Business Travel,Eco,522,5,5,5,5,4,5,1,5,5,5,5,2,4,4.31,0,0,TRUE
Female,Loyal Customer,44,Business Travel,Business,575,1,1,1,1,3,5,5,2,2,2,2,4,3,2.46,0,0,TRUE
Male,Loyal Customer,17,Personal Travel,Eco,899,4,4,5,4,4,5,4,4,4,5,5,5,4,4.38,60,41,FALSE
Male,Loyal Customer,47,Business Travel,Eco,603,2,2,2,2,2,2,2,2,2,4,4,4,2,2.46,10,6,FALSE
Male,Loyal Customer,15,Business Travel,Business,3586,5,5,5,5,4,4,4,4,3,3,5,5,4,4.31,0,0,TRUE
Male,Disloyal Customer,25,Business Travel,Eco,982,5,5,5,5,5,5,5,5,4,3,5,3,5,4.62,3,0,TRUE
Male,Disloyal Customer,24,Business Travel,Eco,231,4,1,4,2,3,4,3,3,2,4,3,3,3,3,0,5,FALSE
Male,Loyal Customer,62,Personal Travel,Eco,325,2,2,2,4,1,2,1,1,3,4,3,2,1,2.15,56,56,FALSE
Female,Loyal Customer,25,Business Travel,Business,2381,2,2,2,2,4,4,4,4,4,3,4,2,4,3.15,0,0,TRUE
Male,Loyal Customer,49,Personal Travel,Eco,639,4,5,4,2,4,3,3,4,4,4,4,3,3,3.62,152,153,FALSE
Female,Disloyal Customer,26,Business Travel,Eco,366,4,0,4,1,5,4,5,5,2,2,3,3,5,3.31,0,0,TRUE
Male,Loyal Customer,58,Personal Travel,Eco,993,1,4,1,5,4,1,4,4,3,2,5,5,4,3.31,0,0,FALSE
Female,Loyal Customer,63,Personal Travel,Eco Plus,197,3,5,3,4,2,4,4,3,3,3,3,4,4,3.46,36,32,FALSE
Female,Disloyal Customer,45,Business Travel,Eco,649,2,1,2,3,5,2,5,5,1,2,2,1,5,2.77,0,0,FALSE
Male,Loyal Customer,42,Business Travel,Business,1994,5,5,5,5,5,5,5,4,4,4,4,3,5,4.54,7,0,TRUE
Male,Loyal Customer,37,Business Travel,Business,2039,3,3,3,3,3,5,5,2,2,2,2,5,3,3.15,0,0,TRUE
Female,Loyal Customer,12,Personal Travel,Eco Plus,666,3,4,3,3,2,3,2,2,3,5,3,3,2,2.92,8,0,FALSE
Male,Loyal Customer,57,Business Travel,Eco,216,5,2,2,2,5,5,5,5,2,2,2,2,5,3.38,0,0,TRUE
Male,Loyal Customer,51,Business Travel,Eco,834,3,2,2,2,2,3,2,2,4,4,3,1,2,2.46,0,0,FALSE
Female,Loyal Customer,44,Business Travel,Business,1508,2,3,3,3,1,4,4,2,2,2,2,1,2,2.38,1,0,FALSE
Female,Loyal Customer,53,Business Travel,Business,2151,0,0,0,5,5,4,5,2,2,2,2,3,5,2.69,22,18,TRUE
Male,Loyal Customer,32,Business Travel,Business,2419,5,5,5,5,4,4,4,4,4,4,3,5,4,4.31,0,0,TRUE
Male,Loyal Customer,42,Business Travel,Business,1590,1,2,2,2,3,4,4,1,1,1,1,1,4,2.08,8,0,FALSE
Male,Loyal Customer,46,Business Travel,Business,3224,2,2,2,2,1,5,3,5,5,5,5,1,3,3.15,12,11,TRUE
Female,Loyal Customer,29,Business Travel,Business,1464,2,2,2,2,2,2,2,2,3,2,4,2,2,2.23,0,0,FALSE
Male,Loyal Customer,64,Business Travel,Business,3624,4,4,4,4,5,5,4,4,4,5,4,5,4,4.31,20,4,TRUE
Female,Loyal Customer,60,Business Travel,Business,189,3,3,3,3,3,5,4,5,5,5,4,5,4,4,1,2,TRUE
Female,Disloyal Customer,24,Business Travel,Eco,404,4,4,4,1,2,4,2,2,5,5,4,5,2,3.38,0,0,FALSE
Female,Loyal Customer,49,Business Travel,Business,305,1,1,1,1,4,4,5,5,5,5,5,5,4,3.54,0,0,TRUE
Female,Loyal Customer,37,Business Travel,Business,3996,2,4,4,4,1,4,4,2,2,2,2,3,2,2.77,0,26,FALSE
Female,Disloyal Customer,29,Business Travel,Eco,1410,3,4,4,2,3,2,2,2,5,1,2,2,2,2.62,86,237,FALSE
Female,Loyal Customer,57,Personal Travel,Business,868,2,2,2,3,1,3,4,4,4,2,4,1,1,2.54,0,0,FALSE
Male,Loyal Customer,31,Business Travel,Business,1175,2,4,4,4,2,3,2,2,1,4,4,3,2,2.85,0,0,FALSE
Male,Loyal Customer,72,Business Travel,Eco,767,1,3,3,3,1,1,1,1,1,2,3,2,1,1.77,0,0,FALSE
Male,Disloyal Customer,57,Business Travel,Business,1212,2,2,2,4,1,2,1,1,5,5,5,4,1,2.69,4,2,FALSE
Female,Disloyal Customer,17,Business Travel,Eco,604,0,4,0,4,3,0,3,3,3,5,4,5,3,2.85,0,0,TRUE
Male,Loyal Customer,25,Business Travel,Business,3072,2,2,2,2,5,5,5,5,5,5,4,3,5,3.85,0,0,TRUE
Female,Loyal Customer,40,Business Travel,Business,842,5,5,5,5,2,4,5,3,3,4,3,2,5,3.92,0,0,TRUE
Female,Disloyal Customer,21,Business Travel,Eco,1189,2,2,2,3,2,2,2,2,3,2,2,2,2,2.15,2,0,FALSE
Female,Loyal Customer,54,Business Travel,Business,3741,5,5,2,5,4,5,4,5,5,5,5,5,3,4.46,29,34,TRUE
Male,Loyal Customer,26,Personal Travel,Eco,1258,1,4,1,4,1,5,5,5,4,4,5,5,5,3.77,111,158,FALSE
Male,Loyal Customer,58,Business Travel,Business,356,5,5,5,5,3,4,4,5,5,5,5,5,3,4.54,1,0,TRUE
Male,Disloyal Customer,29,Business Travel,Business,929,2,2,2,1,3,2,3,3,3,3,5,5,3,2.85,0,0,FALSE
Male,Loyal Customer,58,Business Travel,Business,461,5,5,5,5,5,1,3,4,4,4,4,1,5,3.92,12,16,TRUE
Male,Loyal Customer,60,Personal Travel,Business,216,1,5,1,5,5,5,4,4,4,1,5,4,3,3.62,2,14,FALSE
Male,Loyal Customer,52,Business Travel,Eco,1440,1,1,1,1,1,1,1,1,4,3,4,3,1,1.77,0,5,FALSE
Male,Loyal Customer,15,Personal Travel,Eco Plus,627,1,4,0,3,3,0,3,3,4,3,3,4,3,2.62,42,35,FALSE
Male,Disloyal Customer,24,Business Travel,Business,449,5,0,5,1,1,5,1,1,5,4,5,3,1,2.85,0,0,TRUE
Male,Loyal Customer,37,Business Travel,Business,3191,5,5,2,5,2,5,5,5,5,5,5,4,3,4.31,0,0,TRUE
Female,Disloyal Customer,34,Business Travel,Business,301,2,2,2,4,4,2,4,4,3,2,5,3,4,3.15,2,0,FALSE
Male,Loyal Customer,46,Personal Travel,Eco,239,3,4,0,2,4,0,4,4,3,3,4,3,4,2.92,3,6,FALSE
Male,Disloyal Customer,23,Business Travel,Business,855,5,0,5,3,5,5,2,5,4,4,5,3,5,3.92,6,18,TRUE
Male,Loyal Customer,49,Business Travel,Business,577,2,2,2,2,2,5,4,4,4,4,4,4,4,3.31,0,0,TRUE
Female,Loyal Customer,25,Business Travel,Business,2961,3,3,3,3,4,4,4,4,5,5,4,4,4,3.85,0,0,TRUE
Female,Loyal Customer,16,Business Travel,Business,2475,3,3,4,3,4,4,4,4,1,4,4,4,4,3.54,6,0,TRUE
Female,Loyal Customer,60,Personal Travel,Eco,121,4,3,4,2,3,3,3,1,1,4,1,3,1,2.54,0,0,FALSE
Male,Disloyal Customer,44,Business Travel,Business,304,3,3,3,4,2,3,2,2,4,3,5,3,2,3,0,0,TRUE
Male,Loyal Customer,25,Personal Travel,Eco,899,3,4,3,3,1,3,1,1,5,2,5,5,1,2.85,0,0,FALSE
Male,Loyal Customer,56,Personal Travel,Eco Plus,667,2,5,2,1,5,2,5,5,4,4,5,5,5,3.85,0,0,FALSE
Male,Loyal Customer,58,Business Travel,Business,1816,3,3,3,3,5,5,5,5,5,5,5,5,3,4.23,49,33,TRUE
Male,Loyal Customer,34,Business Travel,Business,3458,3,1,1,1,1,4,4,3,3,3,3,3,4,2.62,27,23,FALSE
Male,Loyal Customer,60,Business Travel,Eco,282,4,2,2,2,4,4,4,4,4,2,2,2,4,3.08,0,0,TRUE
Female,Disloyal Customer,11,Business Travel,Eco,907,2,2,2,4,5,2,5,5,3,2,3,3,5,3.31,0,0,FALSE
Male,Loyal Customer,53,Business Travel,Business,3373,3,3,5,3,3,4,5,5,5,5,4,5,5,4.23,0,0,TRUE
Female,Loyal Customer,24,Personal Travel,Eco,592,3,4,3,4,4,3,4,4,1,4,4,4,4,3.54,0,0,FALSE
Female,Loyal Customer,68,Personal Travel,Eco,1900,5,3,5,3,2,3,3,5,5,5,5,3,2,3.77,0,1,TRUE
Male,Loyal Customer,68,Business Travel,Business,3849,1,2,2,2,1,3,3,1,1,1,1,3,1,1.69,0,0,FALSE
Male,Loyal Customer,57,Business Travel,Business,3162,1,3,3,3,1,3,3,1,1,1,1,3,3,2.08,0,0,FALSE
Female,Loyal Customer,39,Personal Travel,Eco,606,3,5,3,3,5,3,5,5,5,5,3,5,5,4.23,107,90,FALSE
Male,Loyal Customer,41,Business Travel,Business,2054,3,3,3,3,3,2,3,5,5,5,5,5,3,3.69,0,0,TRUE
Male,Loyal Customer,39,Business Travel,Eco Plus,919,1,3,3,3,1,1,1,1,3,5,2,3,1,2.15,0,0,FALSE
Male,Loyal Customer,19,Personal Travel,Eco,1411,3,2,3,4,2,3,2,2,1,2,2,1,2,2.23,0,0,FALSE
Male,Loyal Customer,49,Business Travel,Eco,425,5,1,2,1,5,5,5,5,3,1,5,5,5,3.69,0,0,TRUE
Female,Loyal Customer,48,Business Travel,Business,1464,5,5,5,5,2,4,5,4,4,4,4,3,3,4.08,17,1,TRUE
Female,Disloyal Customer,35,Business Travel,Eco,944,2,2,2,3,1,2,1,1,3,2,4,3,1,2.08,8,0,FALSE
Female,Loyal Customer,40,Business Travel,Business,1660,1,2,2,2,1,2,2,1,1,1,1,4,3,1.77,22,0,FALSE
Female,Loyal Customer,11,Personal Travel,Eco,1199,5,5,5,2,4,5,4,4,3,5,1,1,4,3.69,0,0,TRUE
Male,Loyal Customer,50,Business Travel,Business,3895,3,3,1,3,5,5,5,5,4,4,4,5,5,4,182,158,TRUE
Male,Loyal Customer,53,Business Travel,Business,595,5,5,4,5,5,3,4,5,5,4,5,4,4,4.46,18,13,TRUE
Male,Loyal Customer,59,Business Travel,Business,927,2,2,2,2,4,4,4,5,5,5,5,3,5,3.69,17,0,TRUE
Female,Loyal Customer,29,Business Travel,Business,3086,1,4,4,4,1,1,1,1,1,1,1,1,1,1.69,9,2,FALSE
Male,Loyal Customer,69,Personal Travel,Eco,667,2,4,2,2,4,2,4,4,4,5,4,5,4,3.54,0,0,FALSE
Female,Loyal Customer,22,Personal Travel,Business,235,2,4,2,1,2,2,2,2,4,3,5,3,2,2.62,52,41,FALSE
Female,Loyal Customer,68,Personal Travel,Eco,1096,2,2,2,4,4,4,4,5,5,2,5,3,3,3.46,0,0,FALSE
Female,Disloyal Customer,27,Business Travel,Eco,282,2,3,2,4,2,2,2,2,1,5,3,4,2,2.62,92,100,FALSE
Male,Disloyal Customer,20,Business Travel,Eco,1041,1,1,1,3,4,1,5,4,5,5,5,5,4,3.38,41,30,FALSE
Female,Loyal Customer,53,Personal Travel,Eco,1053,1,4,1,3,2,4,5,4,4,1,4,5,3,3.15,0,0,FALSE
Female,Disloyal Customer,48,Business Travel,Business,309,1,1,1,2,3,1,3,3,3,5,5,4,3,2.69,0,0,FALSE
Male,Loyal Customer,15,Personal Travel,Eco,1620,3,4,3,3,3,5,5,3,3,4,4,5,5,3.85,194,289,FALSE
Male,Loyal Customer,11,Personal Travel,Eco,101,5,2,5,2,2,5,2,2,3,2,2,3,2,2.85,3,7,TRUE
Male,Loyal Customer,59,Personal Travel,Eco,216,2,5,2,2,4,2,4,4,5,2,4,3,4,3.31,0,0,FALSE
Male,Loyal Customer,27,Business Travel,Eco Plus,493,4,4,4,4,4,4,4,4,1,5,5,3,4,3.85,0,0,TRUE
Female,Loyal Customer,52,Business Travel,Business,338,0,0,0,4,2,5,5,5,5,5,5,5,3,3.38,12,23,TRUE
Male,Disloyal Customer,77,Business Travel,Eco,190,4,3,4,4,5,4,5,5,2,3,4,2,5,3.85,0,0,FALSE
Female,Loyal Customer,23,Business Travel,Business,3238,4,4,4,4,4,4,4,4,3,3,4,5,4,3.92,14,0,TRUE
Female,Loyal Customer,44,Business Travel,Business,689,4,4,1,4,3,5,4,4,4,4,4,5,4,3.85,0,0,TRUE
Male,Disloyal Customer,50,Business Travel,Business,436,2,2,2,5,4,2,4,4,3,4,4,4,4,3.38,14,14,FALSE
Female,Loyal Customer,52,Business Travel,Business,209,2,4,4,4,1,4,3,3,3,2,2,4,2,2.92,0,12,FALSE
Male,Loyal Customer,17,Personal Travel,Eco,399,3,5,4,4,5,4,1,5,4,4,4,3,5,3.92,0,0,FALSE
Female,Loyal Customer,52,Business Travel,Business,787,4,4,4,4,2,5,4,4,4,4,4,3,3,3.77,5,0,TRUE
Female,Disloyal Customer,37,Business Travel,Business,740,3,3,3,4,3,2,2,1,5,4,4,2,2,2.92,221,198,FALSE
Male,Disloyal Customer,27,Business Travel,Business,850,5,5,5,3,1,5,1,1,4,5,5,4,1,3.46,1,0,TRUE
Female,Loyal Customer,33,Personal Travel,Eco,1119,2,5,2,3,3,2,3,3,3,3,5,5,3,3.23,0,0,FALSE
Male,Loyal Customer,69,Personal Travel,Eco,328,2,5,2,2,1,2,1,1,3,5,5,3,1,2.54,0,0,FALSE
Male,Loyal Customer,38,Personal Travel,Eco,1188,2,2,2,4,4,2,4,4,3,4,3,4,4,3.23,0,0,FALSE
Female,Disloyal Customer,19,Business Travel,Eco,1212,4,4,4,3,4,4,4,4,5,4,5,3,4,4,6,0,TRUE
Female,Loyal Customer,41,Personal Travel,Eco,621,4,4,4,1,2,4,2,2,4,4,5,5,2,3.31,3,7,TRUE
Male,Loyal Customer,42,Personal Travel,Eco Plus,109,4,5,4,2,3,4,3,3,3,4,1,4,3,3.31,10,2,FALSE
Female,Loyal Customer,72,Business Travel,Business,3604,5,5,5,5,4,4,5,4,4,4,4,3,3,4.23,6,36,TRUE
Female,Loyal Customer,57,Business Travel,Business,2384,4,4,4,4,5,4,5,4,4,4,4,4,3,4.08,0,0,TRUE
Female,Loyal Customer,51,Personal Travel,Eco,2402,3,3,3,2,3,3,4,5,1,1,2,4,4,2.92,0,16,FALSE
Male,Loyal Customer,61,Business Travel,Business,3502,3,3,3,3,2,3,3,5,5,5,5,2,1,3.31,0,0,TRUE
Female,Loyal Customer,45,Business Travel,Business,2647,3,3,3,3,5,5,5,4,4,4,4,3,3,3.77,12,0,TRUE
Male,Loyal Customer,47,Business Travel,Business,1734,0,4,0,3,2,5,4,5,5,5,5,3,4,3.46,0,1,TRUE
Male,Disloyal Customer,40,Business Travel,Eco,429,4,4,4,3,1,4,1,1,5,2,5,2,1,2.85,0,0,FALSE
Male,Loyal Customer,29,Personal Travel,Eco,543,3,4,3,2,1,3,1,1,4,3,4,5,1,2.69,8,0,FALSE
Female,Loyal Customer,16,Business Travel,Eco,545,4,3,3,3,4,4,3,4,2,1,3,1,4,3,104,114,FALSE
Female,Loyal Customer,43,Business Travel,Eco Plus,108,2,4,4,4,2,2,2,2,2,2,2,3,3,2.62,0,0,TRUE
Male,Loyal Customer,53,Business Travel,Business,3423,3,5,5,5,1,3,3,3,3,3,3,4,4,3.46,64,51,FALSE
Female,Loyal Customer,30,Personal Travel,Eco Plus,696,4,5,4,2,2,4,5,2,4,2,5,3,2,3.38,76,70,TRUE
Male,Loyal Customer,31,Business Travel,Eco Plus,2400,4,3,3,3,4,4,4,3,2,4,3,4,4,3.46,0,30,FALSE
Female,Loyal Customer,39,Business Travel,Business,3851,3,1,3,3,1,2,2,3,3,3,3,2,2,2.38,0,0,FALSE
Male,Loyal Customer,29,Business Travel,Business,692,3,3,3,3,5,5,5,5,3,2,4,3,5,3.77,12,0,TRUE
Female,Disloyal Customer,37,Business Travel,Eco,1204,2,2,2,4,2,3,3,3,2,4,5,3,3,2.92,15,0,FALSE
Female,Loyal Customer,48,Business Travel,Business,125,4,4,4,4,3,5,5,4,4,4,5,5,3,4.15,0,0,TRUE
Female,Loyal Customer,11,Personal Travel,Eco Plus,2182,4,4,4,4,4,4,4,4,3,1,1,4,4,3.46,11,5,TRUE
Female,Loyal Customer,38,Business Travel,Business,3961,4,4,4,4,4,5,4,5,5,5,5,4,3,4.31,33,38,TRUE
Male,Loyal Customer,48,Personal Travel,Eco,1747,1,0,1,3,5,1,5,5,5,5,4,4,5,3.38,4,0,FALSE
Female,Loyal Customer,29,Business Travel,Business,3627,2,4,4,4,2,2,2,2,2,1,3,4,2,2.62,0,5,FALSE
Male,Loyal Customer,56,Business Travel,Eco Plus,373,4,4,4,4,4,4,4,4,1,3,4,1,4,3.46,0,0,TRUE
Female,Loyal Customer,53,Business Travel,Business,3541,4,4,4,4,2,4,5,5,5,5,5,4,5,4.31,7,0,TRUE
Female,Loyal Customer,32,Personal Travel,Eco,590,2,5,2,3,2,2,2,2,5,5,5,4,2,3.15,0,0,FALSE
Male,Loyal Customer,59,Personal Travel,Eco,337,5,3,4,2,3,4,3,3,3,4,3,4,3,3.38,0,0,TRUE
Female,Disloyal Customer,11,Business Travel,Eco,936,3,3,3,4,1,3,1,1,5,5,4,5,1,3,24,4,FALSE
Male,Loyal Customer,21,Personal Travel,Eco,760,1,3,1,3,2,1,2,2,3,2,3,2,2,2.08,0,0,FALSE
Female,Loyal Customer,48,Personal Travel,Eco,296,4,4,4,5,4,4,5,5,5,4,5,3,3,4.23,45,69,FALSE
Female,Loyal Customer,9,Personal Travel,Eco Plus,579,2,3,2,3,1,2,1,1,4,5,4,4,1,2.54,0,0,FALSE
Female,Loyal Customer,23,Personal Travel,Eco,2556,3,5,4,4,4,2,2,4,5,3,5,2,2,3.46,0,0,FALSE
Male,Loyal Customer,52,Personal Travel,Eco,1194,5,5,5,5,2,5,2,2,4,3,3,3,2,3.54,0,0,TRUE
Female,Loyal Customer,67,Personal Travel,Eco,2475,2,4,3,3,2,3,3,5,5,3,5,1,3,3.23,9,0,FALSE
Female,Loyal Customer,46,Business Travel,Business,1718,4,4,4,4,3,5,4,4,4,4,4,3,4,3.92,0,0,TRUE
Female,Loyal Customer,23,Business Travel,Eco,109,0,3,0,2,3,0,3,3,3,2,1,4,3,2.08,0,0,TRUE
Male,Loyal Customer,10,Personal Travel,Eco,695,4,5,4,2,4,4,4,4,5,3,4,3,4,3.85,6,0,TRUE
Female,Loyal Customer,38,Personal Travel,Eco Plus,222,5,5,5,4,4,5,4,4,2,5,3,3,4,4.08,0,0,TRUE
Female,Loyal Customer,58,Personal Travel,Eco,413,2,5,2,1,4,5,5,4,4,2,4,5,4,3.62,7,0,FALSE
Male,Loyal Customer,68,Personal Travel,Eco,1620,0,5,0,1,5,0,5,5,5,5,5,4,5,3.46,0,0,TRUE
Female,Loyal Customer,30,Business Travel,Eco Plus,1005,3,1,1,1,3,3,3,3,1,2,4,1,3,2.23,0,0,FALSE
Male,Loyal Customer,16,Business Travel,Business,2031,2,2,2,2,2,2,2,2,4,1,4,1,2,2.15,0,0,FALSE
Male,Disloyal Customer,23,Business Travel,Business,305,4,0,4,4,4,4,4,4,3,5,4,4,4,3.69,0,0,TRUE
Male,Loyal Customer,38,Business Travel,Business,2650,3,1,1,1,5,2,2,3,3,2,3,2,1,2.23,26,31,FALSE
Female,Loyal Customer,48,Business Travel,Eco,239,4,1,1,1,3,4,4,4,4,4,4,4,3,3.15,81,75,FALSE
Female,Loyal Customer,49,Business Travel,Business,1620,2,2,2,2,2,5,4,4,4,4,4,4,3,3.23,7,9,TRUE
Female,Loyal Customer,51,Business Travel,Business,409,2,2,4,2,2,5,5,5,5,4,5,4,5,3.85,14,0,TRUE
Male,Loyal Customer,69,Personal Travel,Eco,1325,4,4,4,1,1,4,1,1,3,2,3,4,1,2.54,2,1,FALSE
Male,Disloyal Customer,44,Business Travel,Eco,109,3,1,3,3,3,3,3,3,3,4,4,4,3,3.08,0,0,FALSE
Male,Loyal Customer,62,Business Travel,Eco,622,3,1,3,3,3,3,3,3,3,4,3,4,3,3,0,9,FALSE
Female,Loyal Customer,47,Personal Travel,Eco,349,4,1,4,3,1,3,3,4,4,4,4,1,2,2.92,0,0,FALSE
Female,Disloyal Customer,39,Business Travel,Business,187,4,4,4,4,1,4,1,1,2,2,3,3,1,2.62,22,32,FALSE
Female,Loyal Customer,39,Business Travel,Business,2565,3,3,3,3,2,3,3,3,3,4,4,3,3,3.08,0,0,FALSE
Male,Disloyal Customer,14,Business Travel,Eco,972,4,4,4,1,3,4,3,3,5,2,4,4,3,3.38,5,0,TRUE
Male,Loyal Customer,43,Business Travel,Eco,235,3,4,4,4,3,3,3,3,4,2,4,4,3,3.38,0,0,FALSE
Female,Disloyal Customer,24,Business Travel,Eco,861,1,1,1,3,3,1,5,3,3,3,5,4,3,2.77,0,0,FALSE
Male,Loyal Customer,52,Business Travel,Business,1846,4,4,4,4,4,4,4,4,4,4,4,3,4,3.92,0,0,TRUE
Male,Loyal Customer,64,Personal Travel,Eco Plus,862,2,5,2,5,4,2,4,4,5,5,5,5,4,4,20,14,FALSE
Female,Loyal Customer,34,Business Travel,Business,925,2,2,2,2,4,4,5,5,5,5,5,5,5,3.92,58,51,TRUE
Male,Loyal Customer,51,Business Travel,Eco,581,2,5,5,5,2,2,2,2,1,3,3,2,2,2.77,0,0,FALSE
Male,Loyal Customer,59,Personal Travel,Eco,2296,2,4,2,1,4,2,3,4,3,2,4,4,4,3,0,5,FALSE
Female,Loyal Customer,42,Business Travel,Business,335,3,3,3,3,4,4,5,5,5,4,5,4,5,4.08,0,0,TRUE
Female,Disloyal Customer,11,Business Travel,Eco,1121,3,3,3,3,3,3,3,3,4,5,4,4,3,3.38,3,0,FALSE
Male,Loyal Customer,50,Personal Travel,Eco,425,2,3,2,3,5,2,5,5,4,4,3,5,5,3.69,0,0,FALSE
Male,Loyal Customer,25,Business Travel,Business,2302,1,5,5,5,1,1,1,1,4,4,4,4,1,2.85,16,8,FALSE
Female,Disloyal Customer,10,Business Travel,Eco,1400,3,3,3,3,3,3,3,3,3,5,2,2,3,3,7,16,FALSE
Female,Disloyal Customer,44,Business Travel,Eco,342,1,0,1,1,5,1,5,5,1,4,4,3,5,2.77,0,0,FALSE
Female,Loyal Customer,43,Personal Travel,Eco,1020,4,0,3,3,4,4,3,2,2,3,3,2,4,2.85,0,0,FALSE
Female,Loyal Customer,9,Personal Travel,Eco,2182,3,4,3,3,5,3,5,5,3,4,4,2,5,3.77,0,0,FALSE
Male,Loyal Customer,26,Business Travel,Eco Plus,143,4,4,4,4,4,4,5,4,3,1,3,4,4,3.69,2,7,TRUE
Female,Disloyal Customer,21,Business Travel,Eco,710,4,4,4,4,5,4,5,5,4,5,5,4,5,4.46,9,2,TRUE
Female,Loyal Customer,63,Business Travel,Business,230,0,0,0,5,2,1,1,3,3,3,1,1,1,1.62,0,3,TRUE
Male,Disloyal Customer,20,Business Travel,Business,401,0,0,0,5,2,0,2,2,5,3,4,3,2,2.15,90,83,TRUE
Male,Loyal Customer,49,Personal Travel,Eco,1208,2,3,2,3,1,2,2,1,2,2,4,3,1,2.15,78,61,FALSE
Female,Disloyal Customer,21,Business Travel,Eco,373,4,3,4,2,3,4,1,3,4,2,5,4,3,3.23,0,0,TRUE
Male,Loyal Customer,19,Business Travel,Eco,190,4,4,3,4,4,4,4,4,1,1,4,1,4,3.23,0,0,TRUE
Female,Loyal Customer,45,Personal Travel,Eco,1521,1,4,1,2,5,4,5,2,2,1,2,4,3,2.77,69,,FALSE
Female,Disloyal Customer,26,Business Travel,Eco,1237,2,2,2,3,2,2,2,2,1,1,3,3,2,2.08,8,16,FALSE
Male,Loyal Customer,64,Business Travel,Business,1589,4,4,2,4,1,4,4,1,1,1,4,4,4,2.92,0,0,FALSE
Male,Loyal Customer,37,Business Travel,Business,248,0,0,0,2,2,4,4,2,2,2,2,3,5,2.15,7,1,TRUE
Male,Loyal Customer,48,Business Travel,Business,308,0,0,0,5,2,5,5,4,4,4,4,5,4,3.23,0,0,TRUE
Female,Disloyal Customer,27,Business Travel,Business,845,0,0,0,2,1,0,1,1,4,4,4,5,1,1.77,5,0,TRUE
Male,Loyal Customer,48,Business Travel,Eco,383,2,4,2,4,2,2,2,2,1,4,3,3,2,2.54,0,0,FALSE
Male,Disloyal Customer,29,Business Travel,Business,1096,1,1,1,3,2,1,2,2,4,4,4,3,2,2.31,0,0,FALSE
Male,Disloyal Customer,28,Business Travel,Business,1532,3,3,3,4,3,3,3,3,3,4,4,4,3,3.31,0,0,FALSE
Female,Disloyal Customer,37,Business Travel,Business,1416,2,2,2,4,1,2,1,1,4,4,4,3,1,2.38,0,0,FALSE
Male,Loyal Customer,12,Personal Travel,Eco,273,2,3,4,3,4,4,4,4,4,5,3,2,4,3.54,0,57,FALSE
Female,Loyal Customer,46,Business Travel,Business,1766,3,3,3,3,4,4,4,5,5,5,5,5,3,4,0,0,TRUE
Female,Loyal Customer,32,Personal Travel,Eco,208,3,1,3,1,4,3,4,4,4,4,1,4,4,3.08,0,0,FALSE
Female,Loyal Customer,41,Business Travel,Eco,331,5,5,5,5,4,5,4,4,3,2,2,3,4,3.92,0,0,TRUE
Male,Loyal Customer,62,Personal Travel,Eco,1013,2,4,2,3,4,2,4,4,2,1,3,4,4,3,0,8,FALSE
Female,Loyal Customer,67,Personal Travel,Eco Plus,1448,3,1,3,3,5,3,2,2,2,3,2,1,2,2.46,0,0,FALSE
Male,Loyal Customer,62,Personal Travel,Eco,296,5,5,5,1,3,5,3,3,3,5,4,4,3,3.77,0,0,TRUE
Male,Loyal Customer,49,Business Travel,Business,461,3,3,3,3,3,3,3,3,3,4,3,2,2,2.92,6,13,FALSE
Male,Loyal Customer,61,Business Travel,Business,270,3,3,5,5,1,3,3,3,3,3,3,2,2,3,116,104,FALSE
Male,Loyal Customer,23,Personal Travel,Eco,1340,2,1,2,3,3,2,3,3,4,2,3,4,3,2.69,4,2,FALSE
Female,Loyal Customer,24,Personal Travel,Eco Plus,1205,1,3,1,3,3,1,3,3,3,5,3,4,3,2.77,23,5,FALSE
Male,Loyal Customer,44,Business Travel,Business,2620,3,3,3,3,2,4,4,5,5,5,5,3,5,3.85,8,0,TRUE
Female,Loyal Customer,65,Business Travel,Business,2282,4,4,4,4,4,4,4,4,4,4,4,3,5,4,0,14,TRUE
Male,Disloyal Customer,24,Business Travel,Business,1166,5,5,5,5,5,5,5,5,4,2,5,4,5,4.62,50,58,TRUE
Male,Disloyal Customer,20,Business Travel,Eco,221,5,4,5,4,1,5,1,1,2,1,2,1,1,2.54,0,0,TRUE
Female,Disloyal Customer,28,Business Travel,Eco,1167,1,1,1,3,5,1,5,5,4,4,4,2,5,3.15,63,60,FALSE
Female,Loyal Customer,42,Business Travel,Business,3211,0,3,0,1,2,5,3,1,1,1,1,4,2,1.85,0,0,TRUE
Female,Loyal Customer,63,Personal Travel,Eco Plus,723,3,3,3,3,1,3,4,4,4,3,5,1,2,3,1,1,FALSE
Male,Disloyal Customer,25,Business Travel,Business,1121,4,0,5,2,3,5,3,3,4,3,3,1,3,3,13,0,TRUE
Female,Loyal Customer,70,Personal Travel,Eco,337,1,4,1,3,3,2,4,3,3,1,3,3,4,2.69,20,38,FALSE
Male,Loyal Customer,44,Business Travel,Business,1444,3,3,4,3,4,5,4,4,4,4,4,3,4,3.77,0,3,TRUE
Male,Loyal Customer,42,Business Travel,Business,77,5,5,5,5,5,5,4,4,4,4,5,4,5,4.62,0,0,TRUE
Male,Disloyal Customer,27,Business Travel,Business,1144,5,5,5,1,3,5,3,3,4,1,4,1,3,3.31,0,0,TRUE
Female,Loyal Customer,22,Business Travel,Business,2168,4,4,4,4,4,4,4,4,4,3,2,4,4,3.77,0,0,TRUE
Female,Loyal Customer,60,Personal Travel,Eco,1773,3,5,3,2,1,4,3,5,5,3,5,4,4,3.62,0,0,FALSE
Female,Loyal Customer,48,Business Travel,Business,1522,5,5,5,5,2,5,4,5,5,4,5,4,3,4.38,3,0,TRUE
Female,Loyal Customer,45,Business Travel,Eco,1024,3,4,4,4,1,4,5,3,3,3,3,5,3,3.46,0,15,TRUE
Male,Loyal Customer,42,Personal Travel,Eco Plus,1075,5,5,5,5,5,5,5,5,4,2,4,5,5,4.62,15,33,TRUE
Female,Loyal Customer,63,Business Travel,Business,391,2,3,3,3,1,3,3,2,2,2,2,3,1,2.31,9,4,FALSE
Female,Disloyal Customer,40,Business Travel,Business,238,2,2,2,3,2,2,2,2,2,5,4,2,2,2.46,0,0,FALSE
Female,Loyal Customer,52,Business Travel,Business,2459,2,2,2,2,5,5,4,2,2,2,2,4,4,2.92,0,0,TRUE
Male,Loyal Customer,46,Business Travel,Business,101,0,4,0,1,3,5,5,3,3,3,3,3,5,2.92,0,0,TRUE
Female,Disloyal Customer,18,Business Travel,Eco,601,2,4,2,3,3,2,3,3,3,5,4,2,3,3,2,0,FALSE
Female,Loyal Customer,50,Business Travel,Business,936,2,2,2,2,5,4,5,2,2,2,2,3,5,2.92,0,0,TRUE
Male,Loyal Customer,9,Personal Travel,Eco,1674,3,2,3,3,2,3,2,2,1,3,3,1,2,2.31,0,0,FALSE
Female,Loyal Customer,59,Business Travel,Eco Plus,119,3,2,2,2,2,4,3,2,2,3,2,1,1,2.23,0,9,FALSE
Female,Loyal Customer,49,Personal Travel,Eco,954,3,1,3,4,1,4,4,2,2,3,2,3,1,2.54,0,0,FALSE
Male,Loyal Customer,48,Business Travel,Business,1827,3,3,2,3,5,5,4,4,4,4,4,3,5,3.77,0,0,TRUE
Male,Loyal Customer,11,Personal Travel,Eco,134,4,1,0,4,3,0,2,3,1,3,3,2,3,2.23,0,0,FALSE
Male,Loyal Customer,14,Personal Travel,Eco,179,3,4,3,3,2,3,2,2,5,5,4,5,2,3.31,16,21,FALSE
Female,Loyal Customer,41,Business Travel,Eco Plus,228,5,3,3,3,1,2,2,5,5,5,5,1,2,3.23,0,0,TRUE
Male,Loyal Customer,48,Business Travel,Eco Plus,86,3,4,5,4,3,3,3,3,1,1,1,3,3,2.85,0,0,TRUE
Female,Loyal Customer,57,Business Travel,Business,3611,2,2,2,2,4,4,5,5,5,5,5,4,5,3.85,0,0,TRUE
Female,Loyal Customer,27,Business Travel,Business,420,3,3,2,3,5,5,5,5,3,2,4,4,5,3.77,67,64,TRUE
Male,Loyal Customer,47,Business Travel,Business,257,2,2,2,2,2,4,5,3,3,4,3,3,3,2.92,0,0,TRUE
Female,Loyal Customer,45,Personal Travel,Eco,634,3,5,3,2,5,5,4,5,5,3,3,3,3,3.77,71,69,FALSE
Female,Loyal Customer,13,Personal Travel,Eco,594,1,3,1,2,4,1,4,4,2,1,5,4,4,2.77,0,0,FALSE
Male,Loyal Customer,50,Business Travel,Business,3106,1,1,4,1,3,5,4,5,5,5,5,3,5,3.62,7,1,TRUE
Female,Disloyal Customer,25,Business Travel,Business,587,1,0,1,3,3,1,3,3,5,2,5,5,3,2.69,29,10,FALSE
Male,Loyal Customer,39,Business Travel,Business,3038,5,4,5,5,1,1,2,5,5,5,5,2,5,3.85,0,3,TRUE
Female,Disloyal Customer,11,Business Travel,Business,2704,4,4,4,4,1,4,1,1,4,3,4,3,1,2.92,8,0,TRUE
Male,Loyal Customer,10,Personal Travel,Eco,554,3,5,3,3,4,3,4,4,3,5,4,4,4,3.77,0,1,FALSE
Female,Loyal Customer,10,Personal Travel,Eco,2237,3,4,2,2,2,1,2,3,4,3,5,2,2,2.69,42,75,FALSE
Female,Loyal Customer,54,Personal Travel,Eco,911,4,4,4,4,4,5,5,4,4,4,1,3,4,3.85,0,0,FALSE
Female,Loyal Customer,42,Business Travel,Eco,1546,1,1,5,5,5,3,3,1,1,1,1,2,3,2.46,4,9,FALSE
Female,Disloyal Customer,26,Business Travel,Eco Plus,383,3,0,3,3,3,3,3,3,1,3,4,2,3,2.62,0,0,FALSE
Male,Loyal Customer,47,Business Travel,Business,247,1,1,1,1,5,4,5,5,5,5,5,5,3,3.54,0,0,TRUE
Female,Disloyal Customer,23,Business Travel,Eco,1104,2,2,2,4,3,2,3,3,4,1,3,1,3,2.54,0,0,FALSE
Female,Loyal Customer,13,Personal Travel,Eco,728,1,2,0,3,3,0,3,3,4,3,2,1,3,2.15,0,8,FALSE
Male,Loyal Customer,17,Personal Travel,Eco,2466,5,4,5,5,4,5,4,4,4,3,5,5,4,4.38,0,0,TRUE
Male,Loyal Customer,37,Personal Travel,Eco,468,4,5,4,4,4,4,4,4,5,2,5,3,4,4,0,0,FALSE
Male,Loyal Customer,70,Personal Travel,Eco,491,2,4,2,3,4,2,4,4,3,3,5,5,4,3.46,0,0,FALSE
Female,Disloyal Customer,35,Business Travel,Business,733,1,1,1,4,5,1,5,5,4,3,5,4,5,3.38,0,0,FALSE
Male,Disloyal Customer,26,Business Travel,Business,937,4,4,4,1,4,4,4,4,5,4,4,3,4,3.77,0,0,TRUE
Female,Loyal Customer,63,Personal Travel,Eco,304,4,5,4,3,4,4,4,2,2,4,2,4,5,3.62,36,41,FALSE
Female,Loyal Customer,65,Personal Travel,Eco Plus,759,1,5,1,3,5,4,4,5,5,1,5,4,4,3.62,10,2,FALSE
Male,Loyal Customer,34,Business Travel,Business,2453,3,5,5,5,4,4,3,3,3,3,3,2,4,3.62,2,0,FALSE
Female,Disloyal Customer,18,Business Travel,Eco,163,3,1,3,4,4,3,3,4,4,2,3,4,4,3.23,0,0,FALSE
Male,Disloyal Customer,20,Business Travel,Eco,144,1,5,1,2,3,1,3,3,1,3,4,4,3,2.62,0,3,FALSE
Female,Loyal Customer,40,Business Travel,Eco,112,4,4,4,4,4,4,4,4,3,3,1,5,4,3.69,0,1,TRUE
Female,Disloyal Customer,37,Business Travel,Business,672,1,1,1,4,4,1,3,4,3,4,4,5,4,3,0,0,FALSE
Male,Loyal Customer,56,Business Travel,Eco,956,2,4,4,4,2,2,2,2,3,3,3,3,2,2.77,32,18,FALSE
Male,Disloyal Customer,25,Business Travel,Eco,1201,4,4,4,4,3,4,3,3,3,2,4,4,3,3.46,18,0,TRUE
Female,Loyal Customer,46,Business Travel,Business,3358,3,3,3,3,1,5,2,5,5,5,5,4,4,3.69,6,0,TRUE
Male,Loyal Customer,31,Personal Travel,Eco,1389,1,5,1,4,1,1,1,1,5,4,5,3,1,2.54,0,40,FALSE
Male,Disloyal Customer,20,Business Travel,Business,1121,2,1,2,4,4,2,4,4,4,5,3,2,4,3.15,0,7,FALSE
Male,Disloyal Customer,25,Business Travel,Business,491,2,0,2,4,5,2,5,5,4,2,5,5,5,3.54,47,43,FALSE
Female,Loyal Customer,34,Business Travel,Business,1325,2,2,2,2,2,4,4,4,4,4,4,5,4,3.31,0,0,TRUE
Female,Loyal Customer,43,Personal Travel,Eco,403,2,5,2,5,4,4,4,5,5,2,2,5,5,3.85,0,0,FALSE
Female,Disloyal Customer,49,Business Travel,Business,986,4,4,4,2,4,4,2,4,5,3,4,5,4,3.77,0,0,FALSE
Male,Loyal Customer,7,Personal Travel,Eco,391,4,4,4,3,2,4,1,2,5,4,5,4,2,3.38,1,0,TRUE
Female,Loyal Customer,21,Personal Travel,Eco,386,2,1,2,3,5,2,5,5,2,3,2,3,5,3.08,0,12,FALSE
Female,Loyal Customer,55,Business Travel,Business,446,4,4,4,4,5,4,5,4,4,4,4,3,4,4.08,0,0,TRUE
Male,Loyal Customer,60,Business Travel,Business,2160,1,1,4,1,2,5,5,3,3,3,3,3,4,2.92,0,0,TRUE
Female,Loyal Customer,54,Personal Travel,Eco,1744,3,0,3,4,5,5,5,3,3,3,3,3,4,3.38,9,13,FALSE
Female,Loyal Customer,27,Personal Travel,Eco,925,3,3,3,4,2,3,2,2,2,5,3,1,2,2.69,28,10,FALSE
Male,Disloyal Customer,38,Business Travel,Eco,575,1,2,1,3,5,1,5,5,4,1,4,2,5,3,0,0,FALSE
Male,Loyal Customer,51,Personal Travel,Eco,356,3,2,3,3,2,3,2,2,4,4,2,2,2,2.62,3,0,FALSE
Male,Loyal Customer,34,Business Travel,Business,300,0,0,0,1,5,5,5,1,1,4,3,5,5,2.69,159,148,TRUE
Male,Loyal Customer,66,Personal Travel,Eco,997,3,2,3,3,1,3,1,1,1,2,4,1,1,2,41,71,FALSE
Male,Loyal Customer,29,Business Travel,Business,873,3,3,3,3,4,4,4,4,2,2,3,4,4,3.31,30,27,TRUE
Male,Loyal Customer,27,Business Travel,Business,430,2,2,2,2,4,4,4,4,2,3,1,5,4,3,1,10,TRUE
Female,Disloyal Customer,29,Business Travel,Eco Plus,599,2,2,2,4,2,2,1,2,3,5,4,1,2,2.46,30,22,FALSE
Female,Loyal Customer,64,Personal Travel,Eco,859,3,5,3,3,2,4,5,3,3,3,3,4,5,3.54,0,5,FALSE
Male,Loyal Customer,55,Personal Travel,Business,1005,2,5,2,1,2,5,5,4,4,2,4,1,2,3,19,24,FALSE
Female,Loyal Customer,54,Business Travel,Eco,421,4,3,3,3,1,5,4,4,4,4,4,1,2,3.23,15,4,TRUE
Female,Loyal Customer,25,Personal Travel,Eco,1074,4,5,4,5,2,4,2,2,4,3,4,4,2,3.46,0,2,TRUE
Female,Loyal Customer,53,Business Travel,Business,1605,1,1,1,1,5,4,4,5,5,5,5,3,3,3.31,10,0,TRUE
Female,Loyal Customer,25,Business Travel,Business,1810,1,2,5,2,1,1,1,1,4,2,4,1,1,2,0,,FALSE
Female,Loyal Customer,27,Business Travel,Business,1979,5,5,5,5,4,4,4,4,5,3,4,3,4,4.23,0,0,TRUE
Female,Loyal Customer,8,Personal Travel,Eco Plus,334,2,5,2,4,4,2,4,4,4,5,4,5,4,3.77,0,0,FALSE
Male,Loyal Customer,35,Business Travel,Business,1855,1,1,2,1,3,4,4,4,4,4,4,4,4,3.08,0,2,TRUE
Male,Loyal Customer,26,Personal Travel,Eco,580,3,4,3,1,5,3,1,5,5,5,2,2,5,3.38,0,0,FALSE
Female,Disloyal Customer,25,Business Travel,Business,588,4,0,4,3,4,4,4,4,5,5,4,5,4,3.85,0,0,TRUE
Male,Loyal Customer,53,Business Travel,Business,2319,4,2,4,2,5,4,4,4,4,4,4,4,2,3.62,13,6,FALSE
Female,Disloyal Customer,25,Business Travel,Business,135,1,5,1,3,1,1,1,1,5,2,5,3,1,2.31,0,5,FALSE
Male,Loyal Customer,51,Personal Travel,Eco,600,3,5,3,2,4,3,4,4,3,4,1,3,4,3.31,13,15,FALSE
Female,Loyal Customer,62,Personal Travel,Eco,1208,3,2,3,4,3,3,4,4,4,3,3,3,4,3.31,16,0,FALSE
Female,Loyal Customer,37,Business Travel,Business,1730,4,3,3,3,1,4,3,4,4,4,4,3,3,3.31,0,0,FALSE
Male,Loyal Customer,7,Personal Travel,Eco,1514,2,1,2,3,1,2,1,1,1,5,2,1,1,1.77,58,57,FALSE
Female,Loyal Customer,37,Business Travel,Eco,287,5,4,4,4,5,5,5,2,1,4,2,5,5,3.92,237,213,TRUE
Male,Loyal Customer,28,Business Travel,Eco,666,2,4,4,4,2,1,2,2,4,3,4,4,2,2.92,32,27,FALSE
Male,Loyal Customer,41,Business Travel,Business,3167,0,0,0,1,2,5,4,1,1,1,1,5,4,1.92,28,23,TRUE
Male,Loyal Customer,72,Business Travel,Eco,587,2,5,5,5,2,2,2,2,2,1,2,2,2,2.62,29,13,FALSE
Female,Loyal Customer,35,Business Travel,Eco,495,4,1,1,1,4,4,4,4,2,5,5,5,4,3.38,2,0,TRUE
Male,Loyal Customer,41,Personal Travel,Eco,2139,4,4,3,3,3,3,1,3,4,4,5,3,3,3.31,6,5,TRUE
Female,Disloyal Customer,26,Business Travel,Business,985,2,2,2,4,2,2,2,2,4,3,5,4,2,2.77,0,0,FALSE
Female,Loyal Customer,46,Business Travel,Business,2565,5,5,5,5,4,4,4,3,2,5,5,4,4,4.23,0,0,TRUE
Female,Loyal Customer,17,Business Travel,Business,1538,1,5,3,5,1,1,1,1,1,3,3,1,1,2.08,0,10,FALSE
Female,Disloyal Customer,43,Business Travel,Eco,609,3,3,3,1,1,3,1,1,1,3,4,4,1,2.23,0,0,FALSE
Male,Loyal Customer,44,Business Travel,Eco Plus,239,2,3,3,3,2,2,2,2,1,3,3,2,2,2.31,5,0,FALSE
Male,Loyal Customer,43,Business Travel,Business,3166,0,0,0,3,2,4,4,3,3,3,3,5,3,2.54,10,4,TRUE
Male,Loyal Customer,68,Personal Travel,Eco,495,4,4,4,4,3,4,1,3,1,1,3,2,3,2.85,27,28,TRUE
Female,Loyal Customer,65,Personal Travel,Eco,304,2,5,3,4,2,4,4,4,4,3,4,3,3,3.46,28,21,FALSE
Male,Disloyal Customer,7,Personal Travel,Eco,528,2,5,2,2,2,2,2,2,5,2,4,5,2,2.85,16,5,FALSE
Female,Loyal Customer,15,Personal Travel,Business,214,3,4,3,4,5,3,5,5,4,2,5,5,5,4.08,0,0,FALSE
Male,Disloyal Customer,24,Business Travel,Eco,125,0,4,0,5,0,5,5,2,5,3,5,5,5,3.38,185,197,TRUE
Male,Loyal Customer,64,Personal Travel,Eco,125,2,4,2,3,5,2,5,5,4,3,4,1,5,3.46,0,0,FALSE
Female,Loyal Customer,32,Personal Travel,Eco Plus,1034,3,4,3,2,1,3,1,1,3,4,4,4,1,2.62,0,0,FALSE
Male,Loyal Customer,51,Business Travel,Business,1657,2,3,2,2,4,4,5,5,5,5,5,5,3,3.85,0,13,TRUE
Female,Loyal Customer,9,Business Travel,Business,2013,2,5,5,5,2,3,2,2,1,2,4,2,2,2.85,57,57,FALSE
Female,Loyal Customer,29,Personal Travel,Eco,937,2,4,2,4,3,2,3,3,5,5,4,3,3,3.31,0,0,FALSE
Male,Loyal Customer,33,Business Travel,Business,2565,1,2,2,2,1,1,1,1,2,5,1,3,1,1.77,0,0,FALSE
Male,Disloyal Customer,26,Business Travel,Business,646,4,4,4,3,1,4,1,1,3,5,4,5,1,3.08,0,0,TRUE
Female,Loyal Customer,32,Business Travel,Business,315,4,4,4,4,4,4,4,4,1,5,3,1,4,3.54,0,0,TRUE
Female,Loyal Customer,49,Business Travel,Eco Plus,641,4,3,3,3,5,3,2,4,4,4,4,5,1,3.46,0,0,TRUE
Female,Loyal Customer,19,Personal Travel,Eco,2399,3,1,3,1,3,2,3,3,5,1,2,3,3,2.54,204,177,FALSE
Female,Loyal Customer,41,Personal Travel,Eco Plus,1750,1,2,1,4,5,3,4,1,1,1,1,1,3,2.15,0,11,FALSE
Female,Disloyal Customer,23,Business Travel,Eco,1449,5,0,0,2,4,5,4,4,5,4,5,5,4,3.62,15,0,TRUE
Female,Loyal Customer,15,Personal Travel,Eco,1136,2,5,2,4,3,2,3,3,3,2,5,5,3,3.23,4,0,FALSE
Female,Loyal Customer,39,Business Travel,Eco,191,1,3,3,3,1,2,1,1,2,5,4,2,1,2.23,0,0,FALSE
Female,Disloyal Customer,25,Business Travel,Business,630,1,5,1,1,5,1,5,5,3,3,4,5,5,3.38,0,0,FALSE
Male,Loyal Customer,33,Business Travel,Business,2722,2,4,4,4,2,2,2,2,1,3,3,1,2,2.46,13,12,FALSE
Female,Loyal Customer,38,Personal Travel,Eco,248,1,4,0,2,4,0,4,4,3,4,4,5,4,3,70,75,FALSE
Male,Loyal Customer,57,Personal Travel,Eco,235,4,3,4,3,4,4,4,4,2,5,3,1,4,3.46,7,4,FALSE
Female,Disloyal Customer,33,Business Travel,Eco,151,1,3,1,3,4,1,4,4,3,5,4,4,4,3.15,0,16,FALSE
Female,Loyal Customer,39,Personal Travel,Eco,728,3,2,3,3,4,3,4,4,3,4,3,3,4,3.31,0,0,FALSE
Male,Loyal Customer,45,Business Travel,Business,3908,1,4,1,1,2,4,4,4,4,4,4,4,5,3.23,1,0,TRUE
Female,Loyal Customer,63,Personal Travel,Business,116,1,5,1,5,1,2,5,4,4,1,4,3,4,3.08,46,40,FALSE
Female,Loyal Customer,63,Personal Travel,Eco,196,1,5,1,3,2,4,4,4,4,1,4,3,5,3.15,0,0,FALSE
Male,Loyal Customer,17,Business Travel,Eco Plus,671,0,4,0,3,3,0,3,3,1,4,1,5,3,2.31,0,0,TRUE
Female,Loyal Customer,48,Personal Travel,Eco,531,1,4,3,1,4,4,5,4,4,3,4,5,5,3.62,0,10,FALSE
Male,Loyal Customer,40,Business Travel,Business,2878,5,5,4,5,3,5,5,5,5,5,5,4,5,4.69,0,0,TRUE
Male,Loyal Customer,33,Business Travel,Business,2855,5,3,5,5,5,5,5,5,3,4,4,5,5,4.54,146,141,TRUE
Male,Loyal Customer,85,Business Travel,Eco,86,2,5,5,5,2,2,2,4,1,3,3,2,2,2.92,65,73,FALSE
Male,Disloyal Customer,36,Business Travel,Eco,651,3,2,3,4,5,3,5,5,4,1,3,2,5,3.46,0,0,FALSE
Male,Loyal Customer,33,Business Travel,Business,3407,4,4,4,4,4,4,4,4,4,5,4,5,4,4.15,0,14,TRUE
Male,Loyal Customer,32,Business Travel,Business,802,1,1,1,1,5,5,5,5,3,1,3,4,5,3.08,0,0,TRUE
Male,Loyal Customer,46,Business Travel,Eco,253,3,5,5,5,3,3,3,3,2,4,4,2,3,3.46,0,0,FALSE
Male,Loyal Customer,23,Personal Travel,Eco,868,3,2,4,3,4,4,4,4,2,2,4,4,4,3.38,2,0,FALSE
Male,Loyal Customer,37,Personal Travel,Eco,502,2,4,2,3,5,2,5,5,3,4,4,4,5,3.69,0,0,FALSE
Male,Disloyal Customer,25,Business Travel,Eco,328,1,4,2,3,5,2,5,5,5,4,3,2,5,3.54,0,4,FALSE
Female,Disloyal Customer,37,Business Travel,Eco,382,3,1,3,4,5,3,5,5,3,3,4,2,5,3.54,0,0,FALSE
Male,Loyal Customer,48,Business Travel,Business,3522,2,2,2,2,2,4,5,5,5,5,5,5,4,3.69,34,9,TRUE
Female,Loyal Customer,33,Personal Travel,Eco,101,1,2,0,1,4,0,4,4,4,1,2,4,4,2.38,0,0,FALSE
Male,Loyal Customer,49,Business Travel,Business,3297,4,5,4,4,2,5,4,4,4,4,4,4,3,3.92,30,28,TRUE
Male,Disloyal Customer,39,Business Travel,Business,1055,3,3,3,3,2,3,2,2,4,4,5,3,2,3,0,0,FALSE
Female,Loyal Customer,30,Personal Travel,Eco,170,3,1,3,1,3,3,3,3,4,3,2,1,3,2.54,2,1,FALSE
Female,Loyal Customer,41,Business Travel,Business,2043,2,2,2,2,4,5,4,4,4,4,4,3,4,3.38,0,11,TRUE
Female,Loyal Customer,48,Business Travel,Business,787,5,5,5,5,2,4,5,4,4,5,4,5,4,4.38,1,11,TRUE
Male,Disloyal Customer,23,Business Travel,Business,1407,5,5,5,4,5,5,2,5,3,2,5,4,5,4.23,32,24,TRUE
Male,Loyal Customer,55,Business Travel,Eco Plus,495,3,2,5,2,2,3,2,2,4,1,3,1,2,2.46,0,0,FALSE
Male,Loyal Customer,27,Personal Travel,Eco,1592,2,1,2,3,2,2,5,2,3,2,3,2,2,2.38,0,22,FALSE
Male,Loyal Customer,58,Business Travel,Business,362,3,3,3,3,4,4,4,5,5,5,5,3,5,4,53,51,TRUE
Male,Loyal Customer,63,Personal Travel,Eco,2075,3,5,3,1,1,3,1,1,3,2,5,2,1,2.38,0,0,FALSE
Male,Loyal Customer,57,Business Travel,Business,366,4,3,3,3,1,4,4,4,4,4,4,3,3,3.38,0,0,FALSE
Female,Loyal Customer,45,Business Travel,Business,3376,1,1,4,1,3,4,5,4,4,4,4,3,3,3.15,2,6,TRUE
Female,Loyal Customer,53,Business Travel,Business,862,4,5,4,5,4,3,3,4,4,3,4,2,4,3.77,0,6,FALSE
Male,Loyal Customer,25,Personal Travel,Eco,594,2,1,3,3,4,3,3,4,2,5,4,3,4,3.15,0,0,FALSE
Male,Loyal Customer,47,Business Travel,Business,1491,3,3,3,3,2,4,4,5,5,5,5,5,5,4,3,9,TRUE
Female,Disloyal Customer,24,Business Travel,Eco,2588,2,1,1,3,2,2,2,3,3,4,4,2,2,2.38,0,23,FALSE
Male,Loyal Customer,23,Business Travel,Business,1635,3,3,3,3,3,3,3,3,1,3,4,3,3,2.92,86,72,FALSE
Male,Loyal Customer,33,Personal Travel,Eco,229,3,5,3,3,1,3,1,1,4,5,5,5,1,3.08,0,0,FALSE
Male,Loyal Customer,31,Personal Travel,Eco,1134,2,5,2,3,3,2,3,3,5,2,4,5,3,3.23,0,0,FALSE
Female,Loyal Customer,20,Business Travel,Business,1136,3,3,5,3,3,3,3,3,2,1,3,1,3,2.77,3,15,FALSE
Female,Loyal Customer,41,Business Travel,Business,3677,2,2,2,2,1,2,5,5,5,5,5,2,2,3.08,30,32,TRUE
Male,Loyal Customer,31,Personal Travel,Eco,515,5,4,5,5,3,5,3,3,5,5,4,5,3,4.23,0,0,TRUE
Male,Loyal Customer,60,Business Travel,Business,2765,5,5,5,5,3,5,4,5,5,5,5,4,3,4.54,39,23,TRUE
Female,Loyal Customer,25,Business Travel,Eco,731,3,4,4,4,3,2,2,3,4,5,4,3,3,3.38,110,115,FALSE
Male,Loyal Customer,46,Business Travel,Business,503,2,2,2,2,3,2,2,4,4,4,4,2,1,2.62,0,0,TRUE
Female,Loyal Customer,51,Business Travel,Business,2565,2,2,2,2,3,4,5,4,4,4,4,3,4,3.31,0,0,TRUE
Male,Loyal Customer,74,Business Travel,Business,237,2,2,2,2,2,4,4,2,2,2,2,4,1,2.38,2,11,FALSE
Female,Loyal Customer,13,Personal Travel,Eco,594,3,5,3,4,5,3,5,5,5,5,4,4,5,4.31,0,0,FALSE
Female,Loyal Customer,44,Personal Travel,Eco,204,4,1,4,2,2,2,2,3,3,4,3,4,3,2.85,0,0,FALSE
Female,Loyal Customer,10,Personal Travel,Eco,446,1,4,1,3,2,1,2,2,4,4,4,5,2,2.69,0,0,FALSE
Male,Loyal Customer,48,Personal Travel,Eco,763,2,5,2,1,2,2,2,2,3,2,4,3,2,2.46,63,59,FALSE
Female,Loyal Customer,41,Personal Travel,Eco,528,2,5,2,3,3,2,3,3,4,3,4,2,3,3,0,0,FALSE
Male,Loyal Customer,30,Business Travel,Business,491,4,4,5,4,3,3,3,3,1,3,5,2,3,3.31,0,0,TRUE
Female,Loyal Customer,44,Business Travel,Business,934,2,1,1,1,2,4,4,2,2,3,2,3,4,2.38,0,0,FALSE
Female,Loyal Customer,58,Personal Travel,Eco,175,3,4,3,2,5,4,4,4,4,3,4,3,5,3.69,0,1,FALSE
Female,Loyal Customer,41,Personal Travel,Eco,1262,2,5,2,3,4,2,4,4,4,3,3,4,4,3.38,8,4,FALSE
Male,Loyal Customer,15,Personal Travel,Eco,309,3,4,4,3,2,4,4,2,3,3,5,4,2,3.31,0,0,FALSE
Male,Loyal Customer,53,Business Travel,Business,802,2,2,2,2,4,5,4,3,3,3,3,5,5,3.31,0,0,TRUE
Male,Disloyal Customer,22,Business Travel,Business,1389,4,0,4,3,2,4,2,2,4,5,4,3,2,3,85,69,TRUE
Female,Disloyal Customer,34,Business Travel,Eco,455,2,3,2,3,5,2,5,5,4,1,3,3,5,3.31,0,8,FALSE
Female,Loyal Customer,44,Business Travel,Business,3486,1,1,5,1,2,4,4,4,4,4,4,5,4,3.31,1,0,TRUE
Male,Loyal Customer,42,Business Travel,Business,493,4,4,4,4,1,4,2,5,5,4,5,4,5,3.92,0,0,TRUE
Male,Disloyal Customer,20,Personal Travel,Eco,1416,4,2,4,4,3,4,3,3,1,2,3,3,3,3,0,0,TRUE
Female,Loyal Customer,56,Business Travel,Business,1201,3,2,2,2,4,3,2,3,3,3,3,4,1,2.69,30,54,FALSE
Male,Loyal Customer,42,Business Travel,Business,1758,5,5,5,5,3,4,4,4,4,4,4,4,5,4.31,0,0,TRUE
Male,Loyal Customer,55,Personal Travel,Business,2218,3,3,3,3,2,5,4,2,2,3,2,5,1,2.92,20,11,FALSE
Male,Loyal Customer,47,Business Travel,Business,3791,4,4,4,4,3,4,5,5,5,5,5,5,3,4.31,0,0,TRUE
Female,Loyal Customer,69,Personal Travel,Eco Plus,1947,2,4,3,3,3,4,4,5,5,4,5,4,4,3.85,232,220,FALSE
Female,Loyal Customer,43,Personal Travel,Business,1222,2,4,2,2,2,2,3,4,4,2,4,4,3,2.92,7,0,FALSE
Female,Disloyal Customer,33,Business Travel,Business,349,2,1,1,2,3,1,3,3,5,5,5,3,3,2.85,14,15,FALSE
Male,Loyal Customer,44,Business Travel,Business,302,5,5,5,5,3,5,4,5,5,5,5,5,4,4.69,0,0,TRUE
Female,Disloyal Customer,26,Business Travel,Eco,1009,2,2,2,3,4,2,5,4,2,4,3,1,4,2.92,0,6,FALSE
Female,Loyal Customer,45,Business Travel,Business,2334,3,5,3,3,3,3,4,3,3,4,3,5,4,3.54,18,0,TRUE
Female,Loyal Customer,25,Business Travel,Eco,303,4,2,2,2,4,4,4,5,2,5,3,4,4,3.46,194,186,TRUE
Male,Loyal Customer,48,Business Travel,Business,1671,3,3,3,3,2,3,4,5,5,5,5,3,4,3.69,0,20,TRUE
Female,Loyal Customer,58,Business Travel,Business,3632,2,2,2,2,4,4,4,3,3,3,3,4,4,3.08,16,27,TRUE
Male,Loyal Customer,41,Business Travel,Business,2909,3,3,3,3,5,1,5,4,4,4,4,2,3,3.38,0,0,TRUE
Female,Disloyal Customer,22,Business Travel,Business,213,0,0,1,1,2,1,2,2,1,2,5,5,2,1.85,0,0,TRUE
Female,Loyal Customer,45,Business Travel,Business,2904,2,5,4,5,5,2,1,2,2,2,2,1,2,2.69,0,16,FALSE
Female,Loyal Customer,27,Personal Travel,Eco,956,3,4,3,3,1,3,1,1,1,4,3,3,1,2.38,0,0,FALSE
Female,Loyal Customer,38,Personal Travel,Eco,1874,2,5,2,5,3,2,3,3,4,5,2,5,3,3.38,0,3,FALSE
Male,Loyal Customer,11,Personal Travel,Eco,1105,1,4,1,4,3,1,3,3,3,3,1,2,3,2.46,13,5,FALSE
Male,Loyal Customer,41,Personal Travel,Eco Plus,1226,4,4,4,4,4,4,4,4,3,2,3,2,4,3.54,0,16,FALSE
Male,Disloyal Customer,10,Business Travel,Eco,1009,2,3,3,3,3,3,3,3,4,2,2,1,3,2.69,0,0,FALSE
Female,Disloyal Customer,40,Business Travel,Business,967,1,1,1,3,2,1,2,2,3,4,5,1,2,2.15,0,0,FALSE
Male,Loyal Customer,32,Business Travel,Eco Plus,588,4,1,1,1,4,4,4,4,1,3,3,4,4,2.92,0,8,FALSE
Male,Loyal Customer,44,Business Travel,Eco,290,4,5,5,5,4,4,4,4,3,3,1,3,4,3.77,0,0,TRUE
Male,Loyal Customer,70,Personal Travel,Eco,1035,1,5,1,3,3,1,2,3,3,5,5,3,3,2.92,0,27,FALSE
Male,Loyal Customer,60,Business Travel,Business,3689,2,2,2,2,4,3,3,2,2,2,2,3,2,2.38,21,9,FALSE
Female,Loyal Customer,40,Business Travel,Business,1608,2,5,5,5,4,3,3,2,2,2,2,4,1,3.08,0,0,FALSE
Female,Loyal Customer,23,Business Travel,Business,3152,2,2,2,2,2,1,2,2,2,4,2,4,2,2.23,29,42,FALSE
Male,Loyal Customer,57,Business Travel,Business,3617,1,1,1,1,3,5,4,5,5,5,5,4,5,3.46,19,4,TRUE
Male,Loyal Customer,50,Business Travel,Eco,503,2,4,4,4,2,2,2,2,4,2,2,3,2,2.69,67,72,TRUE
Male,Loyal Customer,41,Business Travel,Business,3110,5,5,4,5,1,2,2,4,4,4,4,3,5,3.69,0,0,TRUE
Female,Loyal Customer,55,Business Travel,Business,3244,2,4,2,2,3,4,4,5,5,5,5,4,5,3.85,0,0,TRUE
Male,Loyal Customer,42,Personal Travel,Eco,1062,0,5,0,3,3,0,3,3,4,2,5,3,3,2.62,3,0,TRUE
Male,Loyal Customer,47,Personal Travel,Eco Plus,603,2,3,2,3,3,2,3,3,4,1,3,3,3,2.69,0,0,FALSE
Female,Disloyal Customer,38,Business Travel,Eco,475,2,0,1,1,2,1,2,2,2,5,5,3,2,2.15,65,59,FALSE
Female,Loyal Customer,66,Personal Travel,Eco Plus,872,3,4,3,3,4,1,2,5,5,3,5,4,4,3.54,0,0,FALSE
Male,Loyal Customer,36,Business Travel,Business,3965,2,4,2,4,5,3,3,2,2,2,2,2,2,2.69,0,17,FALSE
Female,Loyal Customer,59,Business Travel,Business,3187,2,1,2,2,3,5,5,5,5,5,5,3,5,3.69,3,0,TRUE
Male,Loyal Customer,34,Business Travel,Business,1066,1,1,1,1,2,5,5,4,4,4,4,5,4,3.15,27,31,TRUE
Female,Loyal Customer,27,Personal Travel,Eco,169,1,4,1,3,3,1,3,3,5,3,5,5,3,3.08,40,33,FALSE
Female,Loyal Customer,39,Business Travel,Business,2805,4,4,4,4,2,3,3,4,4,4,4,1,3,3.38,0,0,FALSE
Male,Loyal Customer,26,Personal Travel,Eco,1972,3,1,3,3,2,3,3,2,2,2,3,1,2,2.31,8,0,FALSE
Male,Loyal Customer,51,Business Travel,Business,3433,5,5,5,5,4,5,4,5,5,5,5,4,2,4.54,0,0,TRUE
Male,Disloyal Customer,37,Business Travel,Eco,646,4,3,4,3,5,4,5,5,2,5,3,3,5,3.92,0,0,FALSE
Male,Loyal Customer,46,Business Travel,Eco,145,4,1,1,1,4,4,4,4,5,1,1,3,4,2.85,0,0,TRUE
Male,Disloyal Customer,49,Business Travel,Business,248,3,2,2,4,5,3,5,5,3,5,4,4,5,3.85,0,0,FALSE
Female,Loyal Customer,15,Personal Travel,Eco,416,1,4,1,4,4,1,4,4,2,3,3,2,4,2.85,56,125,FALSE
Female,Loyal Customer,53,Business Travel,Business,78,3,3,3,3,5,5,4,5,5,5,5,5,3,4.15,32,24,TRUE
Female,Loyal Customer,62,Business Travel,Eco,399,3,1,1,1,5,1,1,3,3,3,3,2,4,2.38,63,51,FALSE
Male,Loyal Customer,50,Personal Travel,Eco,1023,1,2,2,1,3,2,3,3,3,2,1,4,3,2.31,0,0,FALSE
Male,Loyal Customer,10,Personal Travel,Business,1428,2,2,2,4,2,2,2,2,2,2,4,2,2,2.31,0,7,FALSE
Female,Loyal Customer,25,Business Travel,Eco,533,5,2,2,2,5,5,5,5,1,2,4,5,5,3.69,51,36,TRUE
Male,Loyal Customer,55,Business Travel,Business,304,0,0,0,2,2,4,5,3,3,3,3,5,3,2.54,0,0,TRUE
Male,Loyal Customer,53,Personal Travel,Eco,223,3,4,3,3,5,3,5,5,3,5,4,2,5,3.85,57,87,FALSE
Female,Loyal Customer,25,Business Travel,Eco,328,4,2,2,2,4,4,4,4,1,4,3,4,4,3.23,0,0,TRUE
Male,Disloyal Customer,32,Business Travel,Eco,853,2,2,2,4,2,2,2,2,5,2,3,5,2,2.69,1,0,FALSE
Male,Disloyal Customer,9,Business Travel,Eco,1262,4,4,4,3,4,4,4,4,2,3,4,4,4,3.69,0,0,FALSE
Male,Loyal Customer,33,Personal Travel,Eco,2994,3,4,3,4,3,4,4,5,2,5,5,4,4,3.85,0,0,FALSE
Male,Loyal Customer,36,Business Travel,Business,1080,3,3,3,3,1,1,5,2,2,2,2,5,1,2.54,16,31,TRUE
Male,Loyal Customer,35,Business Travel,Business,3529,2,1,1,1,3,3,3,2,2,2,2,2,4,2.15,4,0,FALSE
Female,Loyal Customer,43,Business Travel,Business,3836,2,5,5,5,4,4,4,2,2,2,2,3,1,3.15,4,0,FALSE
Male,Disloyal Customer,25,Personal Travel,Eco,937,3,5,3,3,5,3,5,5,3,5,4,3,5,4,0,0,FALSE
Male,Loyal Customer,47,Business Travel,Eco,427,4,3,4,4,4,4,4,4,4,5,1,1,4,3.54,0,0,TRUE
Female,Loyal Customer,34,Personal Travel,Eco,2585,1,5,1,1,4,1,4,4,1,5,4,1,4,2.77,0,0,FALSE
Male,Loyal Customer,7,Personal Travel,Eco,137,2,1,0,4,5,0,5,5,1,2,3,4,5,2.85,19,43,FALSE
Female,Disloyal Customer,20,Business Travel,Eco Plus,473,2,4,2,1,2,2,2,2,3,4,1,1,2,2.15,0,0,FALSE
Male,Loyal Customer,57,Business Travel,Business,563,1,1,1,1,4,4,5,5,5,5,5,3,4,3.38,19,20,TRUE
Male,Loyal Customer,29,Business Travel,Business,2288,2,2,2,2,4,4,4,3,2,5,4,4,4,3.23,5,56,TRUE
Female,Disloyal Customer,27,Business Travel,Business,1073,2,2,2,2,5,2,5,5,4,3,4,4,5,3.46,0,3,FALSE
Male,Loyal Customer,59,Business Travel,Business,1744,2,2,2,2,5,4,5,5,5,5,5,4,5,3.92,15,25,TRUE
Female,Loyal Customer,42,Personal Travel,Eco,696,3,5,3,4,5,4,5,5,5,3,2,5,5,4.15,0,0,FALSE
Male,Loyal Customer,24,Business Travel,Business,3116,3,3,3,3,5,5,5,5,5,4,5,4,5,4.23,0,33,TRUE
Female,Loyal Customer,40,Business Travel,Business,2896,1,1,1,1,5,5,5,4,4,5,4,3,4,3.31,0,0,TRUE
Female,Loyal Customer,25,Personal Travel,Eco,130,4,3,4,3,1,4,1,1,3,1,3,3,1,2.46,0,0,FALSE
Female,Loyal Customer,36,Business Travel,Business,1562,1,1,1,1,3,3,2,4,4,4,4,3,3,2.62,0,0,TRUE
Female,Loyal Customer,22,Business Travel,Business,587,2,4,4,4,2,2,2,2,1,3,4,3,2,2.69,6,15,FALSE
Male,Loyal Customer,31,Business Travel,Business,3680,2,1,1,1,2,2,2,2,1,3,3,1,2,1.77,0,1,FALSE
Male,Loyal Customer,55,Business Travel,Business,328,2,2,2,2,2,4,4,4,4,4,4,3,3,3.08,0,0,TRUE
Male,Loyal Customer,47,Business Travel,Eco,306,4,3,3,3,4,4,4,4,1,2,3,2,4,3.15,60,89,FALSE
Male,Loyal Customer,23,Personal Travel,Eco,507,2,2,2,3,5,2,5,5,2,2,4,2,5,3.15,0,0,FALSE
Female,Disloyal Customer,27,Business Travel,Eco,838,3,3,3,2,3,3,3,3,2,5,3,2,3,2.92,0,0,FALSE
Female,Loyal Customer,52,Business Travel,Eco,214,2,5,5,5,5,4,4,2,2,2,2,3,2,3.31,0,30,FALSE
Male,Loyal Customer,26,Business Travel,Business,1416,5,5,5,5,4,4,4,4,3,4,1,1,4,3.77,93,70,TRUE
Female,Disloyal Customer,44,Business Travel,Business,166,5,5,5,1,4,5,4,4,3,5,5,3,4,4.08,44,48,TRUE
Female,Loyal Customer,39,Personal Travel,Eco,197,4,2,4,3,4,4,4,4,3,3,4,3,4,3.54,0,0,TRUE
Male,Loyal Customer,41,Business Travel,Business,2714,2,2,2,2,3,4,5,5,5,5,5,5,3,3.69,0,0,TRUE
Male,Loyal Customer,42,Business Travel,Business,580,2,2,2,2,3,5,4,3,3,3,3,3,5,3.08,16,8,TRUE
Male,Loyal Customer,20,Personal Travel,Eco,125,4,2,4,3,1,4,1,1,1,2,4,4,1,2.46,53,55,TRUE
Female,Loyal Customer,14,Personal Travel,Eco Plus,397,1,5,1,2,2,1,2,2,3,5,5,5,2,2.77,88,86,FALSE
Male,Loyal Customer,17,Personal Travel,Eco,1306,1,5,1,2,4,1,4,4,5,3,4,4,4,3.23,1,0,FALSE
Male,Loyal Customer,42,Business Travel,Business,332,1,1,1,1,2,4,4,5,5,5,5,4,3,3.15,0,29,TRUE
Male,Loyal Customer,15,Personal Travel,Eco,416,4,1,4,3,5,4,1,5,4,4,3,3,5,3.54,0,0,TRUE
Female,Loyal Customer,28,Personal Travel,Eco,748,1,3,2,3,5,2,5,5,5,4,1,3,5,3.38,0,0,FALSE
Female,Loyal Customer,57,Personal Travel,Eco,918,4,5,4,3,2,4,4,1,1,4,1,5,3,3.15,1,0,FALSE
Female,Loyal Customer,43,Personal Travel,Eco,280,2,0,2,4,4,5,5,1,1,2,1,4,3,2.62,4,2,FALSE
Male,Loyal Customer,40,Personal Travel,Eco,190,1,5,1,2,3,1,3,3,3,2,5,3,3,2.69,0,3,FALSE
Female,Loyal Customer,21,Personal Travel,Eco Plus,979,0,5,0,4,4,0,4,4,4,5,4,5,4,3.31,0,0,TRUE
Male,Loyal Customer,41,Business Travel,Business,1635,2,2,5,2,4,3,4,4,4,5,4,5,3,3.62,5,0,TRUE
Female,Disloyal Customer,35,Business Travel,Business,1065,2,2,2,5,5,2,3,5,5,5,5,3,5,3.77,0,0,FALSE
Male,Loyal Customer,19,Business Travel,Business,2630,1,4,4,4,1,1,1,1,2,5,4,3,1,2.46,1,4,FALSE
Female,Loyal Customer,42,Business Travel,Business,3973,1,1,1,1,4,5,5,2,2,2,2,3,5,2.62,1,0,TRUE
Male,Loyal Customer,35,Personal Travel,Eco,308,4,5,3,3,5,3,5,5,5,2,4,4,5,4.08,0,0,FALSE
Male,Loyal Customer,30,Business Travel,Business,630,5,5,4,5,4,4,4,4,3,3,5,3,4,4.08,0,0,TRUE
Female,Disloyal Customer,18,Business Travel,Business,447,4,2,4,4,2,4,2,2,4,3,4,4,2,3.15,0,0,TRUE
Male,Loyal Customer,55,Personal Travel,Eco,209,3,3,0,3,4,0,4,4,4,1,4,3,4,2.85,75,73,FALSE
Female,Loyal Customer,57,Business Travel,Business,1670,5,5,5,5,3,3,4,3,3,3,3,4,3,3.77,10,17,TRUE
Female,Loyal Customer,40,Business Travel,Business,912,5,5,5,5,4,4,5,5,5,5,5,3,4,4.62,0,0,TRUE
Female,Disloyal Customer,38,Business Travel,Business,1411,4,4,4,1,5,4,5,5,5,4,4,4,5,4.15,0,0,TRUE
Male,Loyal Customer,50,Business Travel,Business,152,4,4,4,4,1,1,1,4,4,4,3,4,3,3.15,0,0,TRUE
Male,Loyal Customer,22,Personal Travel,Eco,430,5,5,5,3,2,5,2,2,4,4,5,5,2,3.77,0,0,TRUE
Female,Disloyal Customer,23,Business Travel,Eco Plus,391,4,1,4,3,2,4,2,2,5,1,3,3,2,2.77,0,0,TRUE
Male,Loyal Customer,44,Personal Travel,Eco,287,2,2,2,2,4,2,4,4,4,2,3,3,4,2.92,43,39,FALSE
Male,Loyal Customer,55,Business Travel,Business,1888,2,2,1,1,5,4,3,2,2,2,2,2,2,2.31,0,0,FALSE
Male,Disloyal Customer,29,Business Travel,Business,679,2,2,2,2,1,2,1,1,4,3,4,5,1,2.31,0,0,FALSE
Male,Loyal Customer,29,Personal Travel,Eco,1096,4,5,4,1,1,4,2,1,4,1,5,3,1,2.77,0,0,FALSE
Male,Loyal Customer,41,Business Travel,Business,3381,3,3,3,3,5,4,4,2,2,2,2,3,5,3.15,0,0,TRUE
Male,Loyal Customer,38,Business Travel,Business,2775,2,2,2,2,5,5,5,5,5,5,5,4,2,3.77,0,0,TRUE
Male,Loyal Customer,54,Personal Travel,Eco Plus,488,3,0,3,2,3,3,4,3,5,3,5,3,3,3.08,28,16,FALSE
Male,Loyal Customer,42,Business Travel,Business,3446,4,4,4,4,2,5,4,5,5,5,5,3,4,4.15,1,0,TRUE
Male,Disloyal Customer,29,Business Travel,Eco,409,3,0,3,4,1,3,1,1,1,4,4,5,1,2.38,40,34,FALSE
Female,Loyal Customer,33,Business Travel,Business,645,2,2,4,2,3,1,4,5,5,5,5,1,2,3.15,0,0,TRUE
Male,Disloyal Customer,28,Business Travel,Business,359,3,2,2,4,1,2,1,1,2,5,3,1,1,2.15,0,0,FALSE
Male,Loyal Customer,46,Personal Travel,Business,762,3,4,3,4,3,5,4,1,1,3,1,4,3,3,40,66,FALSE
Male,Loyal Customer,60,Business Travel,Business,581,1,1,1,1,4,4,4,4,4,4,4,4,5,3.15,0,0,TRUE
Female,Loyal Customer,56,Personal Travel,Eco Plus,1111,3,4,3,3,5,5,4,2,2,3,2,3,4,3.31,0,0,FALSE
Male,Loyal Customer,45,Business Travel,Eco,1069,5,2,2,2,5,5,5,5,2,4,5,5,5,4,19,25,TRUE
Female,Disloyal Customer,35,Business Travel,Eco,1617,1,1,1,2,4,1,4,4,3,2,3,3,4,2.54,14,1,FALSE
Male,Loyal Customer,27,Personal Travel,Eco,300,1,2,1,4,5,1,5,5,2,1,3,1,5,2.77,10,13,FALSE
Female,Loyal Customer,59,Business Travel,Business,413,1,1,1,1,4,4,3,4,4,4,4,2,2,2.69,0,0,TRUE
Male,Loyal Customer,26,Personal Travel,Eco,775,1,4,1,5,5,1,5,5,2,2,5,5,5,3.54,54,44,FALSE
Female,Loyal Customer,63,Personal Travel,Eco,1773,3,5,3,2,2,4,1,4,4,3,4,3,2,3.08,0,0,FALSE
Female,Loyal Customer,40,Business Travel,Eco,1357,4,5,5,5,4,4,4,4,4,5,4,1,4,4.08,2,0,FALSE
Female,Loyal Customer,45,Business Travel,Business,129,4,4,3,4,4,4,5,5,5,5,5,4,5,4.38,0,0,TRUE
Male,Disloyal Customer,29,Business Travel,Business,1020,2,2,2,3,1,2,1,1,3,3,5,5,1,2.38,0,0,FALSE
Female,Disloyal Customer,40,Business Travel,Business,588,3,3,3,1,1,3,1,1,3,2,4,5,1,2.38,11,9,FALSE
Female,Loyal Customer,50,Business Travel,Business,691,2,2,2,2,3,4,4,4,4,4,4,4,3,3.23,5,20,TRUE
Male,Loyal Customer,41,Business Travel,Eco,1249,4,1,4,1,4,4,4,4,1,1,3,3,4,2.92,0,0,TRUE
Male,Loyal Customer,23,Business Travel,Business,1709,2,2,2,2,5,5,5,5,4,4,5,4,5,3.85,27,22,TRUE
Female,Loyal Customer,49,Business Travel,Business,3720,4,4,4,4,5,4,5,4,4,4,4,3,5,4.15,0,0,TRUE
Male,Disloyal Customer,17,Business Travel,Eco,101,1,0,1,2,1,1,1,1,2,1,1,1,1,1.08,0,0,FALSE
Male,Loyal Customer,48,Business Travel,Business,1205,4,3,4,4,5,5,4,5,5,5,5,4,3,4.31,0,0,TRUE
Male,Loyal Customer,48,Personal Travel,Eco,1306,1,4,1,2,2,1,2,2,3,3,4,3,2,2.31,37,41,FALSE
Male,Loyal Customer,50,Personal Travel,Eco,683,2,5,2,2,1,2,1,1,4,4,5,4,1,2.62,0,20,FALSE
Female,Loyal Customer,50,Business Travel,Business,547,3,3,3,3,5,4,5,3,3,3,3,5,4,3.62,0,0,TRUE
Male,Loyal Customer,36,Business Travel,Eco Plus,254,5,4,4,4,5,4,5,5,2,2,3,1,5,3.77,15,0,TRUE
Male,Disloyal Customer,26,Business Travel,Business,1107,0,0,0,2,3,0,3,3,2,4,4,5,3,2.23,12,0,TRUE
Male,Loyal Customer,60,Business Travel,Eco Plus,102,3,2,2,2,3,3,3,3,1,2,4,4,3,2.69,0,5,FALSE
Male,Loyal Customer,26,Personal Travel,Eco,577,1,5,1,3,3,1,2,3,3,3,5,3,3,2.77,0,0,FALSE
Male,Loyal Customer,45,Business Travel,Business,1908,3,3,3,3,5,5,4,4,4,4,4,5,3,3.85,0,0,TRUE
Female,Disloyal Customer,40,Business Travel,Business,259,4,4,4,3,5,4,5,5,3,3,4,5,5,4.15,0,0,TRUE
Female,Loyal Customer,47,Personal Travel,Business,201,4,5,4,5,2,4,1,1,1,4,1,2,5,3,0,0,FALSE
Female,Loyal Customer,57,Business Travel,Business,237,4,4,4,4,5,5,4,5,5,5,5,3,3,4.31,0,0,TRUE
Male,Loyal Customer,36,Business Travel,Business,3297,2,2,2,2,1,3,2,4,4,4,4,2,2,2.62,34,17,TRUE
Female,Loyal Customer,33,Business Travel,Business,2140,2,3,2,2,5,5,5,3,3,4,3,5,3,3.46,0,17,TRUE
Female,Loyal Customer,60,Business Travel,Business,2109,2,2,3,2,2,4,5,4,4,4,4,4,5,3.46,0,0,TRUE
Male,Loyal Customer,64,Business Travel,Eco Plus,101,2,1,4,1,2,2,2,2,2,4,4,2,2,2.31,0,4,FALSE
Female,Loyal Customer,11,Personal Travel,Eco Plus,834,3,4,3,5,1,3,1,1,4,4,4,4,1,2.92,0,0,FALSE
Female,Loyal Customer,52,Business Travel,Business,3458,1,1,1,1,4,5,4,4,4,4,4,4,5,3.23,22,18,TRUE
Male,Loyal Customer,50,Business Travel,Business,1438,5,5,5,5,2,5,4,2,2,2,2,4,3,3.54,0,0,TRUE
Male,Loyal Customer,53,Business Travel,Eco Plus,278,4,4,3,4,4,4,4,4,4,3,5,3,4,3.85,74,83,TRUE
Male,Loyal Customer,39,Business Travel,Business,1197,2,2,2,2,4,5,4,4,4,4,4,5,3,3.46,39,1,TRUE
Male,Loyal Customer,47,Business Travel,Eco,842,5,1,1,1,5,5,5,5,3,2,5,5,5,3.69,0,0,TRUE
Female,Loyal Customer,23,Business Travel,Business,1068,1,3,3,3,1,1,1,1,1,5,3,2,1,2,0,0,FALSE
Male,Loyal Customer,37,Business Travel,Eco,150,4,3,3,3,4,4,4,4,2,3,4,5,4,3.62,0,5,TRUE
Female,Loyal Customer,50,Business Travel,Business,2154,4,4,4,4,5,4,5,5,5,5,5,4,3,4.38,0,0,TRUE
Male,Loyal Customer,34,Business Travel,Business,3066,4,4,4,4,3,1,4,3,3,4,3,1,2,3.08,0,4,TRUE
Male,Loyal Customer,57,Business Travel,Business,2491,3,3,3,3,5,4,5,4,4,5,4,5,3,3.92,0,0,TRUE
Male,Loyal Customer,8,Personal Travel,Eco Plus,427,3,4,3,4,2,3,2,2,5,3,4,1,2,2.92,0,14,FALSE
Female,Disloyal Customer,40,Business Travel,Business,240,3,3,3,4,3,3,3,3,4,4,4,4,3,3.38,0,0,FALSE
Female,Loyal Customer,10,Personal Travel,Eco,1372,4,4,4,1,3,4,2,3,4,3,3,3,3,3.15,0,2,FALSE
Male,Loyal Customer,29,Business Travel,Eco Plus,692,4,3,3,3,4,4,4,4,1,4,3,1,4,3.23,0,0,TRUE
Female,Loyal Customer,56,Business Travel,Business,3675,1,1,1,1,1,2,1,5,5,5,5,5,1,2.62,0,0,TRUE
Male,Loyal Customer,61,Personal Travel,Eco,2378,3,5,3,3,1,3,1,1,3,2,5,4,1,2.69,1,0,FALSE
Male,Loyal Customer,55,Business Travel,Business,842,5,5,5,5,3,5,5,4,4,4,4,3,3,4.23,2,0,TRUE
Female,Disloyal Customer,32,Business Travel,Eco,874,2,2,2,1,4,2,4,4,4,5,3,3,4,3.08,24,22,FALSE
Male,Loyal Customer,36,Personal Travel,Eco,1136,2,4,2,3,1,2,1,1,2,3,2,4,1,2.15,0,9,FALSE
Male,Loyal Customer,57,Business Travel,Business,3387,5,5,5,5,4,4,5,4,4,4,4,3,5,4.38,14,21,TRUE
Female,Loyal Customer,50,Business Travel,Business,1744,1,1,2,1,5,2,1,1,1,1,1,4,1,1.69,0,28,FALSE
Male,Disloyal Customer,30,Business Travel,Eco,577,2,3,2,3,5,2,5,5,3,5,3,3,5,3.54,10,17,FALSE
Female,Disloyal Customer,25,Business Travel,Business,733,1,5,2,1,4,2,4,4,4,2,5,3,4,3.15,0,0,FALSE
Male,Loyal Customer,20,Business Travel,Eco Plus,432,1,4,4,4,1,1,1,1,4,3,4,1,1,2.31,31,30,FALSE
Male,Disloyal Customer,38,Business Travel,Eco,331,4,4,4,4,3,4,1,3,4,4,4,2,3,3.38,0,0,FALSE
Male,Loyal Customer,14,Business Travel,Business,3796,2,2,3,3,2,2,2,2,4,2,3,1,2,2.31,0,0,FALSE
Female,Loyal Customer,48,Personal Travel,Eco,615,2,2,2,3,2,3,4,5,5,2,5,2,3,3.08,11,15,FALSE
Male,Loyal Customer,60,Personal Travel,Eco,1197,4,5,4,1,2,4,4,2,4,5,4,3,2,3.38,0,7,FALSE
Female,Loyal Customer,38,Business Travel,Business,1744,5,5,5,5,2,3,5,5,5,5,5,4,3,4.38,28,16,TRUE
Male,Loyal Customer,48,Business Travel,Business,861,4,4,4,4,3,4,5,5,5,5,5,5,3,4.31,0,0,TRUE
Male,Disloyal Customer,49,Business Travel,Eco,1050,1,1,1,2,3,1,2,3,4,4,3,3,3,2.38,5,0,FALSE
Female,Disloyal Customer,26,Business Travel,Business,1744,0,0,0,4,2,0,2,2,5,4,3,4,2,2.15,18,0,TRUE
Male,Disloyal Customer,24,Business Travel,Business,1024,0,3,0,3,2,0,2,2,3,5,4,4,2,2.31,0,0,TRUE
Female,Loyal Customer,46,Personal Travel,Eco,432,1,4,1,1,4,4,4,2,2,1,3,4,4,2.69,0,0,FALSE
Male,Loyal Customer,55,Business Travel,Eco,2399,3,4,4,4,3,3,3,3,3,4,1,3,3,3.15,22,2,FALSE
Female,Loyal Customer,35,Personal Travel,Eco,2176,2,3,2,4,2,2,2,2,3,5,3,1,2,2.54,0,0,FALSE
Female,Loyal Customer,33,Business Travel,Business,1721,1,1,1,1,3,3,4,1,1,1,1,1,3,1.69,0,0,FALSE
Female,Loyal Customer,45,Business Travel,Business,2627,1,1,1,1,5,4,4,4,4,4,4,4,3,3.08,0,3,TRUE
Female,Loyal Customer,53,Business Travel,Business,991,5,5,5,5,3,4,5,5,5,5,5,5,5,4.77,13,0,TRUE
Male,Loyal Customer,26,Business Travel,Eco,1501,3,4,4,4,3,3,2,3,3,5,2,1,3,3.08,0,0,FALSE
Male,Loyal Customer,50,Personal Travel,Eco,547,5,2,5,4,5,5,5,5,3,2,2,1,5,3.77,0,0,TRUE
Female,Loyal Customer,21,Personal Travel,Eco,214,1,3,1,3,2,1,3,2,2,2,3,3,2,2.15,0,0,FALSE
Female,Disloyal Customer,23,Business Travel,Eco,671,3,4,4,4,3,4,3,3,3,5,3,1,3,3.31,0,0,FALSE
Female,Disloyal Customer,62,Business Travel,Business,366,1,1,1,1,1,1,4,1,5,3,4,5,1,2.23,0,0,FALSE
Female,Loyal Customer,51,Personal Travel,Eco,1355,1,4,0,4,5,4,3,5,5,0,5,2,4,3.23,0,0,FALSE
Female,Disloyal Customer,65,Business Travel,Eco,258,1,2,1,4,4,1,4,4,1,4,3,1,4,2.62,1,0,FALSE
Female,Disloyal Customer,35,Business Travel,Business,417,2,2,2,4,4,2,2,4,3,4,5,3,4,3.15,0,0,FALSE
Male,Loyal Customer,39,Personal Travel,Eco,353,4,4,4,5,5,4,5,5,2,5,1,5,5,4.15,0,0,FALSE
Male,Loyal Customer,44,Business Travel,Eco,541,4,2,2,2,5,4,5,5,4,1,1,5,5,3.46,6,10,TRUE
Male,Loyal Customer,9,Personal Travel,Eco,871,3,3,3,4,5,3,5,5,2,4,4,2,5,3.69,0,0,FALSE
Female,Loyal Customer,51,Business Travel,Business,2397,0,0,0,5,5,5,4,3,3,3,3,3,3,2.85,3,4,TRUE
Female,Loyal Customer,46,Business Travel,Eco,542,3,2,2,2,2,3,2,3,3,3,3,1,3,2.46,105,111,FALSE
Male,Loyal Customer,64,Personal Travel,Eco,951,5,2,5,3,3,5,1,3,1,1,3,3,3,2.92,85,83,TRUE
Male,Loyal Customer,68,Personal Travel,Business,255,2,5,2,5,4,3,4,5,5,2,5,3,2,3.62,5,1,FALSE
Male,Disloyal Customer,28,Business Travel,Business,1258,4,5,5,3,2,5,2,2,3,5,5,3,2,3.54,0,0,TRUE
Female,Loyal Customer,48,Business Travel,Business,1635,1,1,1,1,4,3,5,2,2,2,2,3,4,2.38,0,0,TRUE
Female,Disloyal Customer,42,Business Travel,Business,937,3,2,2,5,5,3,3,5,4,2,4,4,5,3.62,5,0,FALSE
Male,Loyal Customer,60,Personal Travel,Eco,1652,1,1,1,3,3,1,3,3,3,5,2,4,3,2.54,58,37,FALSE
Female,Loyal Customer,53,Business Travel,Business,2853,2,2,2,2,2,5,4,4,4,4,4,3,5,3.31,0,0,TRUE
Female,Loyal Customer,31,Personal Travel,Eco,222,3,1,3,3,2,3,2,2,3,3,4,2,2,2.54,0,0,FALSE
Male,Loyal Customer,11,Personal Travel,Eco Plus,1315,3,5,3,3,1,3,1,1,3,4,3,5,1,2.77,0,0,FALSE
Female,Loyal Customer,21,Personal Travel,Eco,1521,2,3,2,3,2,5,5,2,5,1,3,5,5,3.31,139,151,FALSE
Female,Disloyal Customer,23,Business Travel,Eco,1389,2,2,2,4,5,2,5,5,4,3,4,3,5,3.54,0,18,FALSE
Male,Loyal Customer,59,Personal Travel,Eco,341,5,2,4,3,4,4,1,4,4,3,3,4,4,3.46,0,0,TRUE
Male,Loyal Customer,22,Personal Travel,Eco,289,3,4,3,2,5,3,2,5,4,3,5,4,5,3.69,3,5,FALSE
Female,Loyal Customer,54,Business Travel,Business,919,2,4,2,2,2,4,5,4,4,5,4,5,4,3.62,16,3,TRUE
Female,Loyal Customer,52,Business Travel,Business,2953,2,2,2,2,3,4,5,5,5,5,5,4,5,3.77,10,2,TRUE
Male,Loyal Customer,40,Business Travel,Business,2285,1,1,1,1,2,5,5,3,3,3,3,5,5,2.92,0,0,TRUE
Male,Loyal Customer,18,Personal Travel,Eco,931,3,3,3,2,1,3,1,1,3,4,2,3,1,2.31,0,0,FALSE
Male,Loyal Customer,57,Business Travel,Business,1372,3,3,3,3,4,4,5,4,4,4,4,5,3,3.77,31,0,TRUE
Female,Loyal Customer,20,Personal Travel,Eco,529,2,4,1,3,3,1,3,3,2,3,4,1,3,2.54,0,0,FALSE
Female,Loyal Customer,55,Business Travel,Business,2051,1,1,1,1,4,4,4,5,5,5,5,4,5,3.46,0,10,TRUE
Female,Loyal Customer,17,Personal Travel,Eco,2105,1,0,1,3,2,1,2,2,4,2,5,3,2,2.15,0,13,FALSE
Female,Loyal Customer,54,Business Travel,Business,1389,3,3,3,3,4,4,5,4,4,4,4,5,3,3.77,0,0,TRUE
Male,Loyal Customer,55,Personal Travel,Eco,2282,2,3,2,5,5,2,5,5,5,2,5,2,5,3.69,0,15,FALSE
Male,Loyal Customer,46,Business Travel,Business,1671,3,3,3,3,5,4,5,4,4,4,4,5,4,3.92,2,0,TRUE
Female,Loyal Customer,14,Personal Travel,Eco,622,2,4,1,1,4,1,4,4,5,4,5,3,4,3.23,0,0,FALSE
Male,Loyal Customer,50,Business Travel,Business,2347,4,4,4,4,2,5,4,5,5,5,5,3,4,4.15,0,0,TRUE
Male,Loyal Customer,39,Business Travel,Business,1699,2,2,2,2,2,5,4,4,4,4,4,5,5,3.46,2,0,TRUE
Female,Loyal Customer,26,Business Travel,Business,222,2,2,2,2,5,5,5,5,4,4,5,3,5,3.77,0,0,TRUE
Male,Loyal Customer,40,Business Travel,Business,226,4,4,4,4,5,4,4,5,5,4,5,3,4,4.23,0,0,TRUE
Male,Loyal Customer,43,Business Travel,Eco Plus,817,5,3,5,5,5,5,5,5,2,3,5,2,5,4.23,0,0,TRUE
Male,Loyal Customer,30,Business Travel,Business,2611,2,2,4,2,5,4,4,3,3,3,5,4,4,3.46,0,2,TRUE
Male,Loyal Customer,31,Business Travel,Eco,1464,3,5,5,5,3,3,3,3,1,2,3,3,3,3.23,0,0,FALSE
Female,Disloyal Customer,14,Business Travel,Eco,802,4,4,4,3,4,4,2,4,3,1,3,4,4,3.38,30,24,FALSE
Male,Loyal Customer,43,Business Travel,Business,1048,3,4,4,4,1,1,1,3,3,3,3,4,3,2.85,0,0,FALSE
Male,Loyal Customer,40,Business Travel,Business,1013,4,3,3,3,2,4,4,4,4,4,4,4,2,3.46,0,0,FALSE
Male,Loyal Customer,65,Business Travel,Business,187,2,2,2,2,3,5,4,4,4,4,5,4,3,3.38,0,0,TRUE
Female,Loyal Customer,39,Business Travel,Business,1014,2,2,2,2,4,5,5,5,5,5,5,4,3,3.77,0,0,TRUE
Female,Loyal Customer,20,Personal Travel,Eco Plus,296,2,4,2,1,3,2,3,3,3,4,4,5,3,3,0,5,FALSE
Male,Loyal Customer,39,Business Travel,Business,1797,2,2,2,2,4,5,5,4,4,4,4,4,1,3.31,0,0,TRUE
Female,Loyal Customer,30,Business Travel,Eco,170,2,5,5,5,2,2,2,2,3,1,4,2,2,2.85,41,30,FALSE
Male,Loyal Customer,58,Personal Travel,Eco Plus,296,0,4,0,3,3,0,3,3,3,2,4,3,3,2.38,0,0,TRUE
Female,Disloyal Customer,24,Business Travel,Eco,254,0,0,0,4,4,0,4,4,4,2,4,3,4,2.54,0,0,TRUE
Male,Loyal Customer,31,Business Travel,Business,1516,3,2,4,4,3,2,3,3,2,1,3,2,3,2.69,36,35,FALSE
Female,Loyal Customer,35,Personal Travel,Eco,834,1,5,1,4,4,1,4,4,3,4,5,4,4,3.38,0,0,FALSE
Female,Loyal Customer,58,Business Travel,Business,1660,4,4,4,4,2,4,4,4,4,4,4,4,4,3.85,44,16,TRUE
Male,Loyal Customer,51,Personal Travel,Eco,164,2,5,2,3,3,2,3,3,3,5,5,5,3,3.38,4,0,FALSE
Female,Loyal Customer,35,Business Travel,Eco,361,1,5,5,5,1,1,1,1,2,2,3,2,1,2.31,5,24,FALSE
Female,Loyal Customer,25,Personal Travel,Eco Plus,641,2,5,3,1,1,3,1,1,4,3,5,4,1,2.62,1,0,FALSE
Female,Loyal Customer,14,Personal Travel,Eco,1027,4,1,4,3,2,4,4,2,3,5,3,1,2,2.92,0,3,TRUE
Male,Loyal Customer,31,Business Travel,Business,2402,3,3,3,3,2,2,2,2,3,3,4,5,2,2.85,15,14,TRUE
Female,Loyal Customer,32,Personal Travel,Eco,480,2,5,2,4,2,2,2,2,5,5,3,3,2,3,130,131,FALSE
Male,Loyal Customer,40,Business Travel,Business,404,3,3,4,3,5,5,4,3,3,3,3,5,3,3.62,40,37,TRUE
Male,Loyal Customer,14,Business Travel,Eco Plus,590,4,5,5,5,4,4,3,4,3,3,1,5,4,3.85,0,0,TRUE
Female,Disloyal Customer,10,Business Travel,Eco,885,3,2,2,3,3,2,2,4,3,3,4,2,2,2.69,0,49,FALSE
Female,Loyal Customer,49,Personal Travel,Eco,447,0,5,0,2,3,5,5,2,2,0,5,5,5,3,0,0,TRUE
Male,Loyal Customer,46,Business Travel,Business,3486,4,4,4,4,5,5,4,4,4,4,4,5,5,4.31,0,0,TRUE
Male,Loyal Customer,46,Personal Travel,Eco,1242,2,4,2,4,2,2,2,2,4,3,5,4,2,2.92,6,0,FALSE
Male,Disloyal Customer,37,Business Travel,Business,224,3,3,3,2,3,3,1,3,1,3,3,1,3,2.46,0,0,FALSE
Male,Loyal Customer,43,Business Travel,Business,3788,4,4,4,4,3,5,4,4,4,4,4,3,3,3.85,0,0,TRUE
Male,Loyal Customer,37,Business Travel,Business,2012,2,3,3,3,2,2,3,2,2,1,2,1,3,2.23,0,0,FALSE
Female,Loyal Customer,42,Business Travel,Business,2151,3,3,3,3,4,4,4,5,5,5,5,3,3,3.85,17,13,TRUE
Female,Disloyal Customer,30,Business Travel,Eco,590,2,1,3,3,2,3,2,2,4,4,3,3,2,2.62,0,0,FALSE
Male,Disloyal Customer,39,Business Travel,Business,764,4,3,3,2,4,3,1,4,5,3,4,4,4,3.38,10,0,TRUE
Male,Loyal Customer,20,Personal Travel,Eco,733,4,2,4,4,2,4,2,2,1,4,4,3,2,2.92,0,23,FALSE
Male,Loyal Customer,41,Business Travel,Business,909,4,4,4,4,3,5,5,5,5,5,5,5,4,4.46,0,0,TRUE
Male,Loyal Customer,43,Business Travel,Business,846,1,1,1,1,2,4,4,2,2,2,2,3,4,2.23,25,20,TRUE
Female,Disloyal Customer,22,Business Travel,Eco,358,0,5,1,5,1,1,5,1,3,4,2,3,1,2.46,3,0,TRUE
Male,Loyal Customer,45,Business Travel,Business,408,5,5,5,5,2,5,4,4,4,4,4,3,5,4.23,0,0,TRUE
Female,Loyal Customer,51,Personal Travel,Eco,1587,1,2,1,4,4,3,3,3,3,1,3,2,4,2.62,0,0,FALSE
Male,Loyal Customer,47,Personal Travel,Eco,1489,3,3,2,3,2,2,2,2,2,3,4,2,2,2.46,0,0,FALSE
Male,Loyal Customer,32,Business Travel,Business,1014,2,2,2,2,3,3,3,3,4,1,5,1,3,2.62,4,6,TRUE
Male,Loyal Customer,64,Personal Travel,Business,528,4,3,4,4,4,4,4,5,5,4,4,3,2,3.85,114,109,FALSE
Male,Loyal Customer,55,Business Travel,Business,2586,5,5,5,5,4,3,4,5,5,5,5,3,4,4.46,0,0,TRUE
Female,Disloyal Customer,24,Business Travel,Business,994,5,0,5,4,2,5,2,2,5,3,4,4,2,3.31,0,1,TRUE
Male,Loyal Customer,19,Personal Travel,Business,1186,1,4,1,2,2,1,2,2,3,2,4,3,2,2.23,28,26,FALSE
Male,Loyal Customer,54,Business Travel,Business,1501,1,1,1,1,5,5,4,4,4,4,4,5,3,3.23,27,45,TRUE
Female,Loyal Customer,64,Personal Travel,Eco,302,3,5,3,3,4,4,5,1,1,3,1,5,5,3.31,0,0,FALSE
Male,Loyal Customer,48,Business Travel,Business,2627,2,2,2,2,5,4,4,4,4,4,5,4,5,3.62,64,77,TRUE
Female,Loyal Customer,48,Business Travel,Business,2058,5,2,2,2,5,3,4,5,5,4,5,3,1,3.54,0,0,FALSE
Male,Loyal Customer,67,Personal Travel,Eco,372,3,2,3,4,4,3,4,4,3,4,4,5,4,3.62,15,2,FALSE
Male,Loyal Customer,39,Business Travel,Business,1407,4,4,2,4,4,4,4,4,4,4,4,5,3,3.85,0,0,TRUE
Female,Loyal Customer,69,Personal Travel,Eco,293,1,4,1,1,2,5,5,5,5,1,5,4,4,3.31,3,5,FALSE
Male,Loyal Customer,51,Personal Travel,Eco,671,3,2,3,3,1,3,1,1,2,3,3,4,1,2.31,0,1,FALSE
Male,Loyal Customer,49,Business Travel,Business,2041,3,2,2,2,1,3,4,3,3,3,3,2,4,2.69,0,8,FALSE
Male,Loyal Customer,53,Business Travel,Business,2719,2,1,1,1,2,2,3,2,2,1,2,1,4,1.85,22,7,FALSE
Male,Loyal Customer,54,Business Travel,Business,3734,2,1,1,1,5,3,4,2,2,2,2,1,4,2.31,0,0,FALSE
Female,Disloyal Customer,25,Business Travel,Business,702,5,0,5,3,3,5,3,3,3,5,4,3,3,3.46,8,0,TRUE
Female,Loyal Customer,40,Business Travel,Business,473,3,3,3,3,3,4,4,4,4,4,4,5,3,3.62,0,0,TRUE
Female,Disloyal Customer,28,Business Travel,Business,1096,5,5,5,3,3,5,3,3,4,2,5,5,3,3.92,0,0,TRUE
Male,Disloyal Customer,24,Business Travel,Eco,679,1,1,1,1,4,1,4,4,4,5,3,5,4,2.92,0,0,FALSE
Male,Disloyal Customer,25,Business Travel,Business,888,5,0,5,2,4,5,4,4,5,3,5,3,4,3.77,1,0,TRUE
Female,Loyal Customer,29,Business Travel,Eco,679,4,3,3,3,4,4,4,4,1,3,4,5,4,3.54,0,0,TRUE
Female,Disloyal Customer,33,Business Travel,Eco,372,3,4,3,3,3,3,3,3,2,3,3,3,3,3,0,0,FALSE
Male,Loyal Customer,32,Business Travel,Business,772,1,1,1,1,4,4,4,4,4,3,4,5,4,3.08,100,88,TRUE
Female,Loyal Customer,7,Personal Travel,Eco,460,2,4,2,3,5,2,1,5,3,5,3,4,5,3.38,80,71,FALSE
Female,Loyal Customer,18,Personal Travel,Eco Plus,641,3,4,3,4,5,3,5,5,5,4,5,4,5,4.23,0,0,FALSE
Male,Loyal Customer,49,Business Travel,Business,125,4,4,4,4,5,4,4,5,5,5,4,3,5,4.31,0,0,TRUE
Female,Loyal Customer,25,Personal Travel,Eco,1522,3,5,3,2,4,3,4,4,5,3,4,3,4,3.62,0,11,FALSE
Female,Loyal Customer,41,Business Travel,Business,3761,5,5,5,5,3,4,5,5,5,5,5,4,3,4.54,0,0,TRUE
Male,Disloyal Customer,26,Business Travel,Eco,157,3,5,3,1,2,3,2,2,5,5,4,3,2,3.08,14,9,FALSE
Female,Loyal Customer,38,Business Travel,Business,2194,2,2,2,2,5,5,5,5,5,5,5,4,3,3.85,2,0,TRUE
Male,Loyal Customer,37,Business Travel,Eco,146,1,3,3,3,1,1,1,1,4,2,4,4,1,2.23,0,0,FALSE
Female,Loyal Customer,49,Business Travel,Business,227,3,2,3,2,3,1,3,3,3,3,3,2,1,2.46,43,36,FALSE
Female,Loyal Customer,9,Personal Travel,Eco,1056,2,4,2,3,5,2,5,5,4,4,5,3,5,3.77,22,37,FALSE
Male,Loyal Customer,45,Personal Travel,Eco Plus,1592,2,5,2,1,3,2,3,3,3,4,4,3,3,2.92,6,0,FALSE
Female,Loyal Customer,52,Business Travel,Eco,488,4,2,2,2,3,3,3,4,4,4,4,4,4,3.31,0,0,TRUE
Female,Loyal Customer,29,Business Travel,Business,2675,1,3,3,3,1,1,1,1,1,3,4,4,1,2.08,0,0,FALSE
Male,Loyal Customer,60,Business Travel,Business,1814,1,1,1,1,3,5,4,5,5,5,5,3,4,3.31,17,4,TRUE
Female,Disloyal Customer,21,Business Travel,Business,621,5,2,5,2,2,5,2,2,3,5,5,5,2,3.46,0,0,TRUE
Male,Loyal Customer,64,Personal Travel,Eco,405,5,4,5,2,4,5,4,4,5,4,5,4,4,4.23,33,33,TRUE
Male,Loyal Customer,32,Personal Travel,Eco Plus,1481,2,5,2,4,2,2,2,2,4,2,3,3,2,2.69,10,0,FALSE
Male,Loyal Customer,36,Business Travel,Business,267,3,3,3,3,4,5,3,5,5,4,5,1,1,3.46,3,0,TRUE
Male,Loyal Customer,15,Personal Travel,Eco,628,1,5,1,3,1,1,4,1,5,5,4,4,1,2.77,7,11,FALSE
Female,Loyal Customer,62,Personal Travel,Eco,280,2,5,2,5,4,4,5,5,5,2,5,3,4,3.92,0,0,FALSE
Female,Disloyal Customer,32,Business Travel,Eco Plus,357,2,2,2,2,5,2,5,5,5,5,3,1,5,3.38,0,9,FALSE
Male,Loyal Customer,9,Personal Travel,Eco,1750,2,3,2,4,5,2,5,5,4,1,3,2,5,3.31,0,0,FALSE
Male,Loyal Customer,57,Business Travel,Business,2099,0,4,1,4,5,3,1,1,1,1,1,3,5,2.31,0,0,TRUE
Female,Loyal Customer,51,Business Travel,Business,3613,4,4,3,4,5,4,4,4,4,4,4,3,5,4,70,67,TRUE
Male,Loyal Customer,35,Business Travel,Eco,328,2,1,1,1,2,2,2,2,3,3,4,2,2,2.08,82,74,FALSE
Male,Loyal Customer,25,Business Travel,Business,2515,3,2,2,2,3,3,3,3,4,2,4,2,3,2.77,48,46,FALSE
Male,Disloyal Customer,23,Business Travel,Eco,255,2,2,2,4,4,2,4,4,1,5,3,4,4,3.15,26,17,FALSE
Female,Loyal Customer,45,Personal Travel,Eco,179,1,4,0,3,0,4,5,4,5,4,4,5,5,3.38,139,146,FALSE
Female,Loyal Customer,18,Business Travel,Eco,1452,4,5,3,3,4,3,2,4,1,1,4,2,4,3.08,5,0,FALSE
Female,Loyal Customer,50,Business Travel,Business,1648,3,2,3,2,5,1,1,3,3,3,3,2,2,2.54,0,8,FALSE
Male,Loyal Customer,57,Personal Travel,Eco,189,5,1,0,3,5,0,5,5,2,5,4,3,5,3.31,1,0,TRUE
Female,Disloyal Customer,26,Business Travel,Business,447,3,0,3,4,1,3,1,1,3,3,5,4,1,2.46,2,0,FALSE
Male,Loyal Customer,22,Business Travel,Business,2730,1,4,4,4,1,1,1,1,4,1,3,4,1,2.31,0,0,FALSE
Female,Loyal Customer,53,Business Travel,Business,772,1,1,1,1,4,4,4,5,5,5,5,3,4,3.31,0,0,TRUE
Male,Disloyal Customer,22,Business Travel,Eco,1310,3,3,3,5,3,3,1,3,3,5,5,4,3,3.38,5,0,FALSE
Male,Loyal Customer,34,Business Travel,Business,170,2,2,2,2,4,4,4,5,5,4,4,1,1,3.08,0,0,TRUE
Male,Loyal Customer,39,Business Travel,Business,1927,4,4,4,4,3,5,4,4,4,4,4,5,5,4.15,15,9,TRUE
Male,Loyal Customer,64,Personal Travel,Eco,868,4,2,4,1,4,4,4,4,1,1,1,4,4,2.92,1,0,TRUE
Male,Loyal Customer,29,Business Travel,Business,1648,1,1,1,1,4,3,4,4,4,3,5,3,4,2.92,0,0,TRUE
Female,Loyal Customer,32,Personal Travel,Eco,1069,4,5,4,4,4,4,4,4,4,5,4,4,4,4.15,1,0,FALSE
Female,Disloyal Customer,18,Business Travel,Eco,447,2,4,2,3,2,4,4,3,3,4,3,4,4,3.23,241,251,FALSE
Male,Loyal Customer,60,Business Travel,Business,3301,2,2,4,2,4,4,4,5,5,5,5,3,3,3.69,0,0,TRUE
Male,Loyal Customer,31,Personal Travel,Eco,2253,4,5,4,3,1,4,1,1,4,4,4,3,1,3,0,0,FALSE
Female,Disloyal Customer,36,Business Travel,Eco,245,4,0,4,2,1,4,1,1,5,2,1,1,1,2.08,10,2,FALSE
Female,Loyal Customer,21,Personal Travel,Eco,351,4,5,4,1,3,4,3,3,5,3,5,3,3,3.54,0,0,FALSE
Female,Loyal Customer,38,Personal Travel,Eco,1384,4,4,3,1,5,3,5,5,5,3,3,4,5,3.85,0,0,FALSE
Female,Loyal Customer,24,Business Travel,Eco,646,1,2,3,3,1,1,3,1,1,5,3,3,1,2.15,21,18,FALSE
Male,Loyal Customer,68,Business Travel,Eco,226,2,3,3,3,3,2,3,3,4,3,3,4,3,3,0,0,FALSE
Male,Loyal Customer,49,Business Travel,Eco Plus,195,4,3,3,3,4,4,4,4,1,1,3,1,4,3,0,0,TRUE
Female,Loyal Customer,11,Personal Travel,Eco,852,2,4,2,3,3,2,3,3,4,2,4,5,3,3.08,0,0,FALSE
Female,Loyal Customer,45,Business Travel,Business,590,4,4,4,4,3,4,4,3,3,4,3,4,3,3.62,0,0,TRUE
Female,Loyal Customer,29,Business Travel,Eco,620,5,2,3,2,5,4,5,5,3,5,3,2,5,3.77,0,0,TRUE
Male,Loyal Customer,10,Personal Travel,Eco,101,1,3,1,4,5,1,3,5,4,5,3,2,5,3.23,0,2,FALSE
Male,Loyal Customer,67,Personal Travel,Eco,1723,3,4,3,3,1,3,1,1,3,3,4,3,1,2.54,7,0,FALSE
Female,Loyal Customer,23,Business Travel,Business,972,2,4,4,4,2,2,2,2,3,3,2,1,2,2.54,0,0,FALSE
Male,Loyal Customer,27,Business Travel,Business,507,3,3,3,3,4,4,4,4,3,5,5,4,4,3.77,0,0,TRUE
Male,Disloyal Customer,23,Business Travel,Eco,726,5,5,5,2,2,5,2,2,3,4,5,5,2,3.62,0,0,TRUE
Male,Loyal Customer,25,Business Travel,Eco,1554,4,3,1,3,4,4,3,4,4,1,1,1,4,2.85,13,0,TRUE
Female,Loyal Customer,43,Business Travel,Business,1589,5,5,5,5,3,4,5,4,4,4,4,4,3,4.23,0,0,TRUE
Male,Loyal Customer,44,Business Travel,Business,901,1,1,1,1,3,4,5,4,4,4,4,4,1,2.85,39,53,TRUE
Male,Loyal Customer,22,Business Travel,Business,3435,3,3,3,3,4,4,4,4,5,3,4,4,4,3.69,33,22,TRUE
Female,Loyal Customer,22,Personal Travel,Eco,1147,0,1,0,3,3,0,3,3,2,1,2,2,3,1.77,0,0,TRUE
Female,Loyal Customer,39,Business Travel,Eco,838,2,5,5,5,2,2,2,2,3,1,3,3,2,2.85,23,4,FALSE
Male,Loyal Customer,29,Personal Travel,Eco Plus,1947,1,5,1,2,1,1,1,1,3,4,5,4,1,2.31,7,0,FALSE
Female,Loyal Customer,59,Personal Travel,Eco,834,1,4,1,2,2,3,3,4,4,1,4,1,5,2.69,0,0,FALSE
Female,Loyal Customer,10,Personal Travel,Eco,651,2,0,1,4,2,1,2,2,4,4,4,4,2,2.46,72,68,FALSE
Female,Loyal Customer,37,Business Travel,Business,2307,5,5,5,5,4,5,2,4,4,4,3,5,3,4.15,38,46,TRUE
Female,Loyal Customer,45,Business Travel,Business,1842,3,3,3,3,2,5,4,4,4,4,4,5,4,3.69,27,27,TRUE
Male,Loyal Customer,40,Business Travel,Business,3240,2,2,5,2,5,4,4,4,4,5,4,5,4,3.85,0,0,TRUE
Female,Loyal Customer,62,Business Travel,Business,1914,3,5,5,5,5,3,3,3,3,3,3,3,3,3.62,64,48,FALSE
Male,Loyal Customer,37,Personal Travel,Eco,602,1,4,1,1,1,1,1,1,5,2,4,4,1,2.08,6,0,FALSE
Male,Loyal Customer,11,Personal Travel,Eco,102,1,2,1,2,3,1,3,3,3,2,3,1,3,2.15,0,0,FALSE
Female,Loyal Customer,58,Personal Travel,Eco Plus,436,1,4,1,4,4,5,4,2,2,1,2,5,5,3.08,0,5,FALSE
Female,Loyal Customer,59,Business Travel,Business,3493,5,5,4,5,2,4,5,5,5,5,5,3,4,4.38,12,0,TRUE
Female,Loyal Customer,37,Business Travel,Business,3631,3,2,2,2,1,2,2,3,3,3,3,1,1,2.15,25,10,FALSE
Female,Loyal Customer,36,Personal Travel,Eco,1096,4,3,4,2,1,4,1,1,1,4,3,5,1,2.62,0,5,FALSE
Female,Loyal Customer,52,Business Travel,Business,2021,2,2,2,2,1,3,4,2,2,2,2,2,5,2.38,60,58,TRUE
Male,Disloyal Customer,27,Business Travel,Eco,496,4,0,4,4,3,4,3,3,3,1,3,2,3,2.85,52,60,FALSE
Male,Loyal Customer,59,Business Travel,Business,612,2,2,2,2,3,5,4,5,5,5,5,3,5,3.69,0,0,TRUE
Female,Loyal Customer,48,Business Travel,Business,937,1,1,1,1,3,5,5,2,2,2,2,3,3,2.38,0,0,TRUE
Male,Loyal Customer,60,Business Travel,Business,1635,2,2,2,2,3,5,5,4,4,4,4,4,3,3.38,0,3,TRUE
Male,Loyal Customer,31,Business Travel,Business,2604,3,4,3,3,5,5,5,5,1,1,3,5,5,3.69,0,0,TRUE
Male,Loyal Customer,42,Business Travel,Business,3280,2,2,2,2,4,3,3,4,4,4,2,1,1,2.62,0,0,FALSE
Male,Loyal Customer,56,Business Travel,Eco,369,4,2,4,4,4,4,4,4,2,2,5,2,4,3.46,2,6,TRUE
Female,Disloyal Customer,42,Business Travel,Eco,1083,2,2,2,1,1,2,1,1,3,2,4,5,1,2.08,0,2,FALSE
Female,Disloyal Customer,24,Business Travel,Eco,406,3,4,3,3,2,3,2,2,2,1,4,4,2,2.69,9,25,FALSE
Female,Loyal Customer,14,Personal Travel,Eco,603,3,2,3,3,2,3,2,2,1,3,3,1,2,2.31,24,20,FALSE
Male,Loyal Customer,47,Personal Travel,Eco,861,3,4,3,1,1,3,1,1,5,4,5,3,1,2.69,29,15,FALSE
Male,Loyal Customer,52,Business Travel,Business,3907,2,2,2,2,5,4,5,3,3,3,3,4,4,3.23,11,9,TRUE
Female,Loyal Customer,47,Business Travel,Eco,627,1,1,1,1,2,4,3,1,1,1,1,3,1,1.62,2,20,FALSE
Male,Loyal Customer,27,Personal Travel,Eco,134,2,0,0,1,5,0,2,5,5,5,4,4,5,2.92,0,4,FALSE
Male,Loyal Customer,46,Business Travel,Eco,147,4,4,3,4,4,4,4,4,1,4,2,5,4,3.62,0,0,TRUE
Male,Loyal Customer,61,Business Travel,Business,1660,0,0,0,5,4,2,4,4,4,1,1,5,3,2.54,14,6,TRUE
Male,Disloyal Customer,69,Business Travel,Business,222,1,1,1,3,1,1,1,1,2,2,3,3,1,1.62,0,1,FALSE
Female,Loyal Customer,32,Business Travel,Business,2170,3,3,5,3,4,4,4,4,5,3,4,3,4,3.77,0,0,TRUE
Male,Loyal Customer,40,Personal Travel,Eco,337,5,5,5,2,1,5,3,1,5,4,4,5,1,3.54,0,0,TRUE
Male,Disloyal Customer,15,Business Travel,Eco,761,1,1,1,5,5,1,5,5,2,4,4,2,5,3.15,0,0,FALSE
Female,Loyal Customer,23,Personal Travel,Eco,370,2,0,2,2,4,2,4,4,4,4,5,3,4,3.08,14,3,FALSE
Male,Loyal Customer,26,Personal Travel,Eco,406,1,2,1,4,4,1,4,4,2,3,4,4,4,2.92,1,0,FALSE
Male,Loyal Customer,59,Personal Travel,Eco,212,3,3,3,3,4,3,4,4,2,1,2,3,4,3,2,0,FALSE
Female,Disloyal Customer,10,Business Travel,Eco,516,3,1,3,2,2,3,3,2,2,2,3,2,2,2.31,11,18,FALSE
Male,Loyal Customer,54,Business Travel,Eco,1091,4,5,5,5,4,4,4,4,1,1,5,1,4,3.62,88,79,TRUE
Female,Disloyal Customer,37,Business Travel,Eco,323,1,3,1,3,5,1,5,5,1,3,3,4,5,3.08,0,8,FALSE
Female,Loyal Customer,24,Business Travel,Business,1721,3,2,3,3,5,5,5,5,3,2,5,3,5,3.77,0,0,TRUE
Male,Disloyal Customer,24,Business Travel,Business,1167,5,0,5,3,3,5,3,3,5,1,3,5,3,3.38,56,42,TRUE
Male,Loyal Customer,39,Personal Travel,Eco,228,3,5,0,5,2,0,2,2,3,2,5,5,2,2.77,0,0,FALSE
Female,Loyal Customer,44,Business Travel,Business,1706,2,2,2,2,2,4,4,4,4,5,4,5,5,3.46,6,0,TRUE
Male,Loyal Customer,49,Business Travel,Business,3789,4,4,4,4,5,5,5,3,2,5,5,5,5,4.31,331,322,TRUE
Female,Loyal Customer,56,Business Travel,Business,1905,4,4,4,4,3,5,5,5,5,5,5,5,3,4.38,30,31,TRUE
Female,Loyal Customer,47,Business Travel,Business,3509,2,2,2,2,3,5,4,5,5,5,5,2,1,3.31,47,41,TRUE
Female,Disloyal Customer,49,Business Travel,Eco,1127,4,4,4,4,1,4,1,1,4,2,4,1,1,2.69,0,27,FALSE
Female,Loyal Customer,17,Business Travel,Eco Plus,781,5,2,2,2,5,5,5,5,1,4,2,2,5,3.46,0,0,TRUE
Female,Loyal Customer,45,Business Travel,Business,3058,1,0,0,4,2,4,3,5,5,0,5,2,3,2.62,42,25,FALSE
Female,Loyal Customer,17,Personal Travel,Eco,580,1,4,1,3,4,1,4,4,2,3,3,4,4,2.92,0,0,FALSE
Male,Disloyal Customer,48,Business Travel,Business,290,4,4,4,4,2,4,2,2,5,3,4,3,2,3.31,0,1,FALSE
Female,Loyal Customer,31,Business Travel,Eco Plus,819,5,3,3,3,5,5,5,5,2,3,5,4,5,4.08,0,0,TRUE
Male,Loyal Customer,46,Business Travel,Business,627,4,4,4,4,5,4,1,4,4,4,4,4,3,3.77,62,57,TRUE
Male,Loyal Customer,61,Personal Travel,Eco,986,4,5,4,4,5,4,5,5,5,5,5,3,5,4.54,0,0,FALSE
Male,Loyal Customer,39,Business Travel,Business,3696,5,4,5,5,2,5,4,2,2,2,2,5,1,3.38,0,0,TRUE
Female,Loyal Customer,50,Personal Travel,Eco Plus,370,2,1,2,2,1,2,2,5,5,2,5,2,4,2.69,0,0,FALSE
Male,Loyal Customer,46,Business Travel,Business,2645,3,3,3,3,3,4,4,4,4,4,4,4,4,3.62,0,0,TRUE
Female,Loyal Customer,47,Business Travel,Eco,692,5,5,5,5,1,1,4,5,5,5,5,2,1,3.77,22,19,TRUE
Male,Loyal Customer,68,Personal Travel,Eco,1121,2,5,2,4,2,5,5,4,2,5,4,5,5,3.85,142,146,FALSE
Female,Disloyal Customer,20,Business Travel,Business,2133,1,4,1,4,4,1,4,4,2,5,3,1,4,2.92,54,35,FALSE
Female,Disloyal Customer,37,Business Travel,Eco,359,4,2,4,4,2,4,2,2,1,3,4,3,2,2.85,27,19,FALSE
Female,Loyal Customer,52,Business Travel,Business,304,2,2,3,2,1,3,4,2,2,2,2,2,1,2.15,2,0,FALSE
Female,Disloyal Customer,26,Business Travel,Business,325,2,0,2,4,5,2,5,5,3,3,4,4,5,3.38,0,0,FALSE
Female,Loyal Customer,48,Personal Travel,Eco,1547,1,2,1,4,3,4,4,4,4,1,3,4,1,2.77,0,0,FALSE
Female,Loyal Customer,51,Business Travel,Business,2072,3,3,3,3,5,4,4,2,2,2,2,5,5,3.31,0,0,TRUE
Male,Loyal Customer,56,Business Travel,Business,2410,1,1,1,1,5,5,4,4,4,4,4,4,3,3.15,0,0,TRUE
Female,Loyal Customer,54,Business Travel,Business,546,4,2,3,2,3,4,4,4,4,4,4,3,1,3.23,0,0,FALSE
Male,Loyal Customer,25,Business Travel,Eco,1723,0,5,0,2,5,0,5,5,2,1,3,4,5,2.85,7,0,TRUE
Male,Disloyal Customer,23,Business Travel,Eco,1075,4,4,4,5,5,4,5,5,2,1,3,3,5,3.85,0,0,TRUE
Female,Loyal Customer,27,Business Travel,Business,3225,1,0,0,3,4,0,3,4,2,3,3,1,4,2.15,21,10,FALSE
Male,Loyal Customer,25,Business Travel,Business,2501,2,2,2,2,4,4,4,4,4,5,5,3,4,3.46,0,0,TRUE
Male,Disloyal Customer,56,Business Travel,Business,229,2,2,2,3,3,2,3,3,4,3,3,3,3,2.77,0,0,FALSE
Female,Loyal Customer,69,Personal Travel,Eco,1726,4,4,4,3,5,4,5,3,3,4,5,4,4,4,8,0,FALSE
Female,Loyal Customer,12,Business Travel,Business,678,1,2,2,2,1,1,1,1,1,3,3,3,1,1.69,0,10,FALSE
Male,Loyal Customer,10,Personal Travel,Business,502,3,5,3,3,2,3,1,2,3,3,4,4,2,2.92,0,0,FALSE
Male,Loyal Customer,23,Personal Travel,Eco,1215,2,2,2,4,2,3,3,3,5,3,4,3,3,3,175,180,FALSE
Female,Loyal Customer,52,Business Travel,Eco,1020,3,4,4,4,2,4,4,3,3,3,3,2,2,3.15,0,0,FALSE
Female,Loyal Customer,58,Business Travel,Business,689,2,4,5,4,2,3,2,2,2,2,2,3,3,2.77,13,5,FALSE
Male,Loyal Customer,41,Business Travel,Business,3414,5,5,5,5,4,4,4,5,3,3,4,4,4,4.23,0,0,TRUE
Female,Loyal Customer,45,Business Travel,Business,550,2,2,2,2,5,3,4,2,2,2,2,1,2,2.38,0,0,FALSE
Female,Loyal Customer,33,Business Travel,Business,712,1,3,1,1,3,2,5,4,4,4,4,3,1,2.77,0,3,TRUE
Female,Loyal Customer,26,Personal Travel,Eco Plus,719,2,5,2,4,5,2,5,5,3,2,4,3,5,3.62,15,0,FALSE
Female,Loyal Customer,35,Personal Travel,Eco,2475,0,1,0,3,0,4,4,2,2,3,4,4,4,2.38,0,0,TRUE
Female,Loyal Customer,61,Business Travel,Eco,321,1,1,1,1,3,4,3,1,1,1,1,2,1,1.62,0,0,FALSE
Female,Loyal Customer,38,Business Travel,Business,1964,0,0,0,4,3,3,1,2,2,2,2,1,3,1.77,25,31,TRUE
Female,Loyal Customer,55,Business Travel,Business,2979,3,1,3,1,1,3,3,3,3,3,3,1,2,2.31,3,1,FALSE
Female,Loyal Customer,16,Personal Travel,Eco,2306,2,3,1,3,1,3,3,4,4,5,1,3,3,2.77,280,355,FALSE
Male,Loyal Customer,61,Business Travel,Business,262,3,3,3,3,3,1,1,5,5,5,5,5,2,3.38,30,37,TRUE
Female,Loyal Customer,32,Business Travel,Business,3665,5,5,5,5,4,4,4,4,2,2,3,3,4,3.85,1,8,TRUE
Female,Loyal Customer,22,Business Travel,Eco,351,1,5,5,5,1,1,2,1,2,5,2,2,1,2.54,0,0,FALSE
Male,Loyal Customer,53,Business Travel,Business,3815,4,2,3,2,2,4,4,4,4,3,4,1,3,3.08,0,5,FALSE
Male,Loyal Customer,44,Personal Travel,Eco,444,4,4,4,3,5,4,1,5,5,5,5,3,5,4.08,0,0,FALSE
Female,Loyal Customer,59,Personal Travel,Eco,561,5,3,5,5,1,1,2,2,2,5,2,5,3,3.15,0,0,TRUE
Female,Loyal Customer,39,Business Travel,Business,2055,0,0,0,4,4,5,4,5,5,5,5,3,3,3.31,55,52,TRUE
Male,Loyal Customer,70,Personal Travel,Eco,1050,1,5,1,1,4,1,4,4,5,4,5,4,4,3.31,0,0,FALSE
Male,Loyal Customer,23,Personal Travel,Eco,1076,1,5,1,2,3,1,3,3,5,5,5,4,3,3.15,24,42,FALSE
Female,Loyal Customer,63,Business Travel,Business,3609,5,5,5,5,1,5,5,5,5,5,5,3,5,4.54,0,0,TRUE
Female,Loyal Customer,68,Personal Travel,Eco,201,4,4,4,3,2,2,4,5,5,4,5,1,2,3.46,0,0,TRUE
Male,Loyal Customer,38,Business Travel,Eco,447,2,2,2,2,2,2,2,2,1,2,3,2,2,2,6,0,FALSE
Female,Loyal Customer,42,Business Travel,Business,2698,5,3,5,5,5,1,4,4,4,4,4,4,3,3.92,0,0,TRUE
Male,Loyal Customer,45,Personal Travel,Business,771,3,4,4,3,3,5,5,3,3,4,4,5,5,3.92,0,0,FALSE
Male,Loyal Customer,33,Personal Travel,Eco,337,2,2,2,3,5,2,1,5,4,1,3,3,5,2.92,0,0,FALSE
Female,Loyal Customer,39,Business Travel,Business,550,4,4,4,4,2,1,2,3,3,4,3,4,3,3.15,0,12,TRUE
Female,Disloyal Customer,23,Business Travel,Eco,468,2,5,2,3,4,2,4,4,4,4,4,4,4,3.54,7,15,FALSE
Male,Disloyal Customer,29,Business Travel,Eco,591,3,3,3,4,3,2,2,1,4,3,4,2,2,2.77,331,341,FALSE
Male,Loyal Customer,59,Business Travel,Business,1166,4,4,4,4,5,5,5,2,2,2,2,5,3,3.62,34,16,TRUE
Female,Loyal Customer,54,Personal Travel,Eco,581,2,4,2,4,3,5,5,2,2,2,4,4,3,3.23,0,0,FALSE
Male,Loyal Customer,18,Business Travel,Business,2018,3,3,3,3,3,3,3,3,2,3,4,2,3,2.92,25,10,FALSE
Male,Loyal Customer,53,Business Travel,Business,201,0,4,0,2,5,1,5,5,5,5,5,5,2,3.38,0,0,TRUE
Male,Loyal Customer,56,Personal Travel,Eco,414,2,3,2,4,5,2,5,5,2,4,4,4,5,3.62,0,0,FALSE
Female,Loyal Customer,68,Personal Travel,Eco,1194,1,5,1,3,2,5,5,1,1,1,1,4,3,2.54,0,0,FALSE
Male,Loyal Customer,66,Personal Travel,Eco,247,4,5,4,4,1,4,1,1,5,2,4,3,1,3,0,4,TRUE
Female,Loyal Customer,62,Personal Travel,Eco,373,4,4,4,4,5,5,5,1,1,4,1,4,4,3.54,0,11,FALSE
Male,Loyal Customer,59,Business Travel,Business,680,3,3,3,3,2,5,5,5,5,5,5,3,3,3.85,75,79,TRUE
Male,Loyal Customer,32,Business Travel,Business,192,1,4,4,4,2,2,1,2,4,2,3,1,2,2.46,16,12,FALSE
Female,Loyal Customer,42,Business Travel,Eco,526,5,5,5,5,4,2,1,5,5,5,5,5,2,4.15,5,0,TRUE
Female,Loyal Customer,39,Business Travel,Business,2696,3,3,3,3,2,4,3,4,4,4,4,1,1,3,11,28,TRUE
Male,Loyal Customer,33,Business Travel,Eco Plus,1144,2,5,5,5,2,2,2,2,2,1,3,4,2,2.85,3,3,FALSE
Female,Loyal Customer,44,Business Travel,Business,868,5,5,5,5,3,4,5,5,5,4,5,3,4,4.46,17,33,TRUE
Male,Loyal Customer,53,Business Travel,Business,588,5,5,5,5,5,5,4,5,5,5,5,3,4,4.69,0,0,TRUE
Male,Loyal Customer,43,Business Travel,Business,1754,4,3,3,3,3,3,3,4,4,4,4,1,3,3.23,0,2,FALSE
Male,Loyal Customer,50,Personal Travel,Eco Plus,337,5,4,4,1,3,4,4,3,4,5,5,3,3,3.69,31,22,TRUE
Male,Loyal Customer,45,Business Travel,Business,387,1,0,0,3,3,4,4,2,2,0,2,3,4,2.15,0,21,FALSE
Male,Loyal Customer,60,Personal Travel,Eco,1036,3,5,3,2,2,3,2,2,3,5,4,3,2,3,4,7,FALSE
Male,Loyal Customer,32,Personal Travel,Eco,1021,3,5,3,2,3,3,3,3,2,5,2,1,3,2.92,0,0,FALSE
Female,Loyal Customer,75,Business Travel,Business,373,2,2,2,2,2,2,3,3,3,5,3,2,3,2.62,0,0,TRUE
Male,Loyal Customer,21,Personal Travel,Eco,270,3,0,3,3,3,3,3,3,4,5,5,3,3,3.15,0,0,FALSE
Male,Loyal Customer,18,Business Travel,Business,2835,4,4,4,4,4,4,4,4,4,2,4,5,4,3.92,0,0,TRUE
Male,Loyal Customer,39,Business Travel,Business,630,1,3,3,3,3,4,4,1,1,1,1,2,4,2.38,0,1,FALSE
Female,Loyal Customer,50,Business Travel,Business,1514,1,1,1,1,2,4,4,5,5,5,5,5,5,3.38,0,0,TRUE
Female,Disloyal Customer,12,Business Travel,Eco,1299,3,3,3,3,3,3,3,3,4,4,4,3,3,3.23,0,0,FALSE
Male,Disloyal Customer,39,Business Travel,Business,224,2,2,2,3,2,2,2,2,4,4,4,5,2,2.77,9,29,FALSE
Female,Loyal Customer,8,Personal Travel,Eco,842,3,5,3,3,2,3,2,2,5,5,3,2,2,3.08,0,0,FALSE
Female,Disloyal Customer,24,Business Travel,Eco,262,3,4,3,4,3,3,3,3,3,4,4,1,3,3.15,0,0,FALSE
Male,Disloyal Customer,24,Business Travel,Business,406,4,0,4,4,1,4,1,1,4,2,5,3,1,2.62,0,0,TRUE
Male,Loyal Customer,49,Business Travel,Eco Plus,150,2,4,4,4,2,2,2,2,1,4,4,2,2,2.69,123,108,FALSE
Female,Loyal Customer,45,Personal Travel,Eco,1242,4,5,3,2,5,4,5,1,1,3,1,5,5,3.38,0,1,TRUE
Male,Loyal Customer,62,Business Travel,Business,3283,1,5,5,5,4,4,4,1,1,1,1,3,2,2.85,50,40,FALSE
Female,Loyal Customer,39,Business Travel,Business,2684,5,5,2,5,4,4,5,4,4,4,4,4,4,4.15,73,65,TRUE
Male,Loyal Customer,51,Personal Travel,Eco,200,4,5,0,1,2,0,2,2,4,3,1,4,2,2.31,13,0,TRUE
Female,Loyal Customer,46,Business Travel,Eco,794,3,3,3,3,3,2,3,3,3,3,3,1,3,2.77,46,25,FALSE
Female,Loyal Customer,53,Business Travel,Business,366,5,5,5,5,2,4,4,4,4,4,4,4,5,4.23,0,0,TRUE
Female,Loyal Customer,53,Personal Travel,Eco,110,4,4,4,2,4,5,5,3,3,4,3,2,3,3.54,0,0,FALSE
Male,Disloyal Customer,45,Business Travel,Eco,516,3,3,3,3,4,3,2,4,1,3,3,2,4,2.92,0,0,FALSE
Female,Loyal Customer,47,Business Travel,Business,3318,3,3,3,3,5,5,1,4,4,4,4,2,5,3.54,0,7,TRUE
Male,Loyal Customer,58,Business Travel,Business,563,1,1,1,1,5,4,5,5,5,5,5,4,4,3.54,0,0,TRUE
Female,Loyal Customer,29,Personal Travel,Eco,73,2,1,2,1,2,3,3,4,5,2,2,3,3,2.54,141,184,FALSE
Male,Loyal Customer,31,Business Travel,Business,697,4,2,2,2,4,3,4,4,2,3,2,3,4,3,0,0,FALSE
Male,Loyal Customer,49,Business Travel,Business,3196,3,3,3,3,4,4,5,4,4,4,4,5,3,3.77,6,8,TRUE
Female,Loyal Customer,54,Business Travel,Business,731,1,1,1,1,2,4,4,4,4,5,4,3,5,3,0,0,TRUE
Female,Loyal Customer,8,Personal Travel,Eco,1185,4,5,4,2,2,4,2,2,4,4,4,3,2,3.23,25,16,FALSE
Female,Loyal Customer,37,Personal Travel,Eco,386,2,5,2,2,3,2,3,3,4,2,5,3,3,3,9,12,FALSE
Male,Loyal Customer,32,Personal Travel,Eco,589,1,1,1,3,4,1,4,4,4,5,2,3,4,2.85,25,18,FALSE
Male,Loyal Customer,39,Business Travel,Eco Plus,528,5,1,1,1,5,5,5,5,5,5,4,2,5,3.77,0,0,TRUE
Female,Disloyal Customer,35,Business Travel,Business,2288,2,3,3,2,4,3,4,4,5,2,4,3,4,3.31,0,0,FALSE
Male,Loyal Customer,55,Business Travel,Business,1597,5,5,5,5,2,5,4,5,5,5,5,3,3,4.38,4,9,TRUE
Female,Disloyal Customer,80,Business Travel,Eco,185,1,1,1,3,2,1,2,2,3,5,3,4,2,2.31,16,12,FALSE
Male,Loyal Customer,25,Business Travel,Business,3584,2,3,3,3,2,2,2,2,1,4,4,1,2,2.38,14,5,FALSE
Female,Loyal Customer,26,Business Travel,Eco Plus,954,2,4,4,4,2,2,1,2,1,1,4,3,2,2.46,0,13,FALSE
Female,Disloyal Customer,30,Business Travel,Business,2556,4,4,4,5,4,4,4,5,3,5,5,4,4,4.23,0,1,FALSE
Male,Loyal Customer,54,Business Travel,Business,853,1,1,1,1,3,4,4,5,5,5,5,3,5,3.31,2,9,TRUE
Male,Loyal Customer,44,Business Travel,Business,2436,3,3,3,3,4,5,5,5,5,5,5,3,4,4.08,10,0,TRUE
Female,Loyal Customer,8,Personal Travel,Eco,557,2,3,2,5,3,2,3,3,3,4,3,1,3,2.85,0,0,FALSE
Male,Disloyal Customer,63,Business Travel,Eco,589,4,1,4,3,3,4,1,3,1,4,4,2,3,2.85,0,0,FALSE
Male,Loyal Customer,50,Business Travel,Business,849,2,2,2,2,2,5,5,5,5,5,5,4,5,3.77,30,16,TRUE
Male,Loyal Customer,43,Business Travel,Eco,362,3,5,5,5,3,3,3,3,1,5,2,4,3,3.46,2,0,FALSE
Female,Loyal Customer,57,Business Travel,Business,1649,4,4,4,4,4,4,5,5,5,5,5,3,4,4.31,31,25,TRUE
Female,Loyal Customer,14,Personal Travel,Eco Plus,224,1,3,1,4,2,1,2,2,3,2,3,2,2,2.15,26,22,FALSE
Male,Loyal Customer,69,Personal Travel,Eco Plus,651,2,3,2,2,5,2,2,5,3,3,3,4,5,3.15,0,0,FALSE
Female,Loyal Customer,9,Personal Travel,Eco,1121,1,1,1,2,3,1,3,3,1,2,2,1,3,1.85,0,4,FALSE
Female,Loyal Customer,21,Business Travel,Business,3732,2,2,2,2,3,4,3,3,4,2,5,4,3,3,0,0,TRUE
Female,Loyal Customer,10,Personal Travel,Business,323,3,2,3,4,5,3,5,5,4,5,4,1,5,3.77,0,0,FALSE
Female,Loyal Customer,31,Business Travel,Business,3644,3,3,3,3,4,5,4,4,4,5,4,4,4,3.85,0,0,TRUE
Male,Disloyal Customer,27,Business Travel,Eco,102,3,5,3,5,1,3,1,1,3,1,4,1,1,2.46,4,6,FALSE
Female,Loyal Customer,64,Personal Travel,Eco,607,0,4,0,3,4,4,4,1,1,0,3,4,5,2.54,0,0,TRUE
Female,Loyal Customer,44,Personal Travel,Eco,2342,1,0,1,3,1,1,1,4,4,4,5,1,1,2.08,0,9,FALSE
Female,Loyal Customer,39,Business Travel,Business,3322,5,5,5,5,5,4,4,5,5,5,5,5,4,4.77,0,13,TRUE
Male,Loyal Customer,52,Business Travel,Business,395,3,3,3,3,2,4,5,3,3,3,3,4,4,3.31,10,18,TRUE
Male,Loyal Customer,15,Personal Travel,Eco,391,0,4,0,3,2,0,4,2,1,4,1,2,2,1.92,5,0,TRUE
Male,Loyal Customer,24,Personal Travel,Eco,262,1,3,0,4,4,0,4,4,2,4,1,4,4,2.69,99,110,FALSE
Female,Loyal Customer,27,Personal Travel,Eco,903,2,3,1,3,5,1,3,5,3,1,4,2,5,2.92,0,0,FALSE
Male,Loyal Customer,35,Personal Travel,Eco,235,1,5,0,2,4,0,1,4,3,1,5,3,4,2.54,0,0,FALSE
Male,Loyal Customer,59,Business Travel,Eco,337,2,4,4,4,2,2,2,2,1,3,3,1,2,2.46,9,0,FALSE
Female,Disloyal Customer,22,Business Travel,Eco,528,3,0,4,1,1,4,1,1,5,4,5,4,1,2.62,0,0,FALSE
Female,Disloyal Customer,22,Business Travel,Business,1009,4,3,4,2,2,4,2,2,4,5,4,3,2,3.15,17,10,TRUE
Female,Loyal Customer,68,Business Travel,Business,119,4,4,4,4,5,5,5,4,4,4,5,1,4,4.08,0,0,TRUE
Male,Disloyal Customer,26,Business Travel,Eco,539,2,1,2,2,4,2,4,4,2,3,2,1,4,2.54,11,7,FALSE
Male,Loyal Customer,31,Personal Travel,Eco,409,2,1,2,4,1,2,1,1,1,4,4,4,1,2.15,31,51,FALSE
Female,Loyal Customer,30,Business Travel,Business,2849,2,4,3,4,2,2,2,2,3,5,3,4,2,2.92,20,22,FALSE
Female,Disloyal Customer,21,Business Travel,Business,280,0,4,1,3,3,1,3,3,5,3,4,3,3,2.77,9,28,TRUE
Male,Loyal Customer,23,Personal Travel,Eco,224,3,4,0,4,0,1,1,5,5,5,4,1,1,2.62,351,342,FALSE
Male,Loyal Customer,32,Personal Travel,Business,575,1,4,1,2,5,1,5,5,5,2,5,3,5,3.38,1,0,FALSE
Female,Loyal Customer,30,Business Travel,Eco,2446,4,1,1,1,4,4,4,2,2,4,4,4,4,3,0,3,FALSE
Female,Loyal Customer,66,Personal Travel,Eco,358,2,5,2,5,4,4,4,3,3,2,1,3,4,3.23,18,11,FALSE
Female,Loyal Customer,47,Business Travel,Business,375,4,4,4,4,4,3,3,2,2,2,2,2,1,2.85,8,0,TRUE
Male,Loyal Customer,46,Personal Travel,Eco Plus,270,2,1,2,4,2,2,2,2,4,1,3,3,2,2.31,112,115,FALSE
Male,Loyal Customer,57,Business Travel,Business,761,2,2,2,2,4,4,4,4,4,4,4,3,5,3.38,0,0,TRUE
Female,Loyal Customer,25,Business Travel,Business,762,1,1,1,1,4,4,4,4,5,3,5,3,4,3.08,0,0,TRUE
Male,Loyal Customer,43,Business Travel,Business,2850,5,5,5,5,2,4,4,5,5,5,5,4,4,4.46,0,0,TRUE
Male,Loyal Customer,44,Business Travel,Business,1873,4,4,4,4,4,5,5,5,5,5,5,5,4,4.54,17,10,TRUE
Male,Loyal Customer,42,Business Travel,Eco,817,1,4,1,1,1,1,1,1,2,4,2,2,1,1.69,25,21,FALSE
Female,Loyal Customer,45,Business Travel,Eco,641,4,3,3,3,4,5,5,4,4,4,4,4,1,3.69,0,0,TRUE
Male,Loyal Customer,36,Personal Travel,Eco,980,3,5,3,5,5,3,5,5,4,3,4,5,5,4.23,0,0,FALSE
Male,Loyal Customer,15,Personal Travel,Eco,1214,4,3,4,4,4,4,4,4,2,2,4,2,4,3.46,0,0,TRUE
Female,Disloyal Customer,29,Business Travel,Eco,101,3,4,4,4,3,4,3,3,5,4,3,4,3,3.62,0,0,FALSE
Male,Disloyal Customer,23,Business Travel,Eco,409,4,4,4,4,5,4,5,5,2,5,3,4,5,4.15,0,7,FALSE
Male,Loyal Customer,46,Business Travel,Business,594,5,5,5,5,3,5,5,4,4,4,4,4,5,4.46,0,0,TRUE
Male,Loyal Customer,44,Business Travel,Business,631,5,5,5,5,3,4,4,5,5,5,5,3,4,4.46,0,0,TRUE
Female,Loyal Customer,63,Business Travel,Business,532,2,5,3,5,1,2,3,2,2,2,2,1,3,2.54,0,11,FALSE
Male,Loyal Customer,36,Business Travel,Eco,304,1,5,1,5,1,1,1,1,4,2,4,2,1,2.23,0,13,FALSE
Female,Disloyal Customer,27,Business Travel,Business,1145,5,5,5,3,4,5,3,4,5,5,5,3,4,4.31,3,5,TRUE
Male,Loyal Customer,49,Business Travel,Business,1830,2,2,2,2,3,4,5,4,4,4,4,3,5,3.38,0,0,TRUE
Male,Loyal Customer,30,Business Travel,Business,1192,3,3,3,3,3,3,3,3,4,1,4,3,3,3,36,39,FALSE
Female,Loyal Customer,58,Business Travel,Business,3600,3,3,3,3,3,5,4,5,5,5,5,4,4,4,21,23,TRUE
Male,Loyal Customer,59,Personal Travel,Eco,1916,2,4,2,1,2,2,2,2,4,3,3,5,2,2.62,0,0,FALSE
Female,Loyal Customer,60,Business Travel,Business,3416,3,3,3,3,3,4,4,5,5,5,5,4,3,3.85,0,0,TRUE
Female,Loyal Customer,13,Personal Travel,Eco,503,2,5,2,3,5,2,5,5,5,2,4,4,5,3.77,2,0,FALSE
Female,Loyal Customer,45,Business Travel,Business,668,2,2,2,2,3,4,5,5,5,5,5,4,5,3.77,14,10,TRUE
Female,Loyal Customer,45,Business Travel,Business,910,4,4,4,4,2,4,4,4,4,4,4,4,5,3.92,0,2,TRUE
Female,Disloyal Customer,12,Business Travel,Eco,895,2,2,2,4,2,2,2,2,4,2,3,2,2,2.38,4,6,FALSE
Female,Loyal Customer,57,Business Travel,Business,2976,2,5,5,5,2,4,3,2,2,2,2,2,1,2.85,0,12,FALSE
Female,Loyal Customer,60,Business Travel,Business,78,1,3,3,3,1,4,4,3,3,3,1,4,4,2.85,113,105,FALSE
Male,Loyal Customer,17,Personal Travel,Eco,213,4,4,4,3,3,4,2,3,3,3,2,4,3,3.23,0,3,FALSE
Female,Loyal Customer,70,Personal Travel,Eco,781,1,5,1,4,2,5,5,4,4,1,4,5,4,3.46,0,0,FALSE
Female,Disloyal Customer,10,Business Travel,Eco,731,1,1,1,3,4,1,4,4,3,2,4,4,4,2.77,0,0,FALSE
Male,Loyal Customer,35,Business Travel,Business,315,2,2,2,2,2,5,4,4,4,4,4,4,4,3.31,38,33,TRUE
Male,Loyal Customer,32,Personal Travel,Eco,1846,4,5,5,5,4,5,5,4,4,5,5,4,4,4.54,0,0,TRUE
Female,Disloyal Customer,20,Business Travel,Eco,672,1,1,1,2,4,1,2,4,4,5,4,5,4,2.92,3,0,FALSE
Female,Loyal Customer,63,Business Travel,Business,944,3,4,4,4,4,4,4,3,3,3,3,4,4,3.62,0,0,FALSE
Male,Loyal Customer,50,Business Travel,Business,2784,5,5,5,5,4,5,5,4,4,4,4,5,4,4.54,0,5,TRUE
Female,Loyal Customer,44,Business Travel,Business,484,5,5,4,5,3,5,1,2,2,2,2,4,4,3.38,0,0,TRUE
Female,Disloyal Customer,33,Business Travel,Eco,213,1,1,0,3,4,0,5,4,1,1,3,1,4,2.15,0,0,FALSE
Female,Loyal Customer,31,Personal Travel,Eco,416,1,2,1,4,4,1,4,4,2,1,4,2,4,2.62,0,15,FALSE
Male,Loyal Customer,44,Business Travel,Eco,408,4,1,1,1,4,4,4,4,1,3,3,3,4,2.85,0,0,FALSE
Female,Loyal Customer,38,Business Travel,Business,1073,4,4,4,4,5,5,4,5,5,5,5,5,3,4.46,5,0,TRUE
Female,Loyal Customer,28,Business Travel,Business,3956,2,2,2,2,5,5,5,5,5,5,5,4,5,4,19,6,TRUE
Female,Loyal Customer,16,Personal Travel,Eco,1995,1,5,2,3,1,2,1,1,3,5,5,4,1,2.62,0,0,FALSE
Female,Loyal Customer,57,Business Travel,Business,3433,2,2,2,2,1,2,3,5,5,5,5,2,4,3.08,0,0,TRUE
Female,Loyal Customer,25,Business Travel,Business,2610,5,5,5,5,4,4,4,4,4,5,5,4,4,4.46,5,12,TRUE
Male,Loyal Customer,38,Personal Travel,Eco,542,2,4,2,4,2,2,2,2,5,5,4,5,2,3.15,2,1,FALSE
Female,Loyal Customer,45,Personal Travel,Eco Plus,867,2,3,2,4,2,4,4,1,1,2,1,2,4,2.46,1,6,FALSE
Male,Disloyal Customer,26,Business Travel,Business,304,2,4,2,3,5,2,5,5,4,4,4,5,5,3.85,0,0,FALSE
Female,Loyal Customer,28,Personal Travel,Eco,616,2,5,2,2,2,2,2,2,1,5,1,4,2,2.46,0,0,FALSE
Male,Loyal Customer,62,Business Travel,Business,2798,4,2,2,2,2,2,2,4,4,4,4,2,1,2.69,1,10,FALSE
Female,Loyal Customer,52,Business Travel,Business,1400,4,4,4,4,5,4,3,3,3,4,3,1,1,3.31,27,0,TRUE
Female,Loyal Customer,51,Business Travel,Business,722,3,3,3,3,2,5,5,4,4,4,4,5,4,3.77,120,126,TRUE
Male,Loyal Customer,42,Business Travel,Business,2565,2,2,2,2,3,5,4,5,5,5,5,4,5,3.77,1,2,TRUE
Male,Loyal Customer,44,Business Travel,Eco,374,4,3,3,3,4,4,4,4,2,4,2,4,4,3.46,19,9,TRUE
Male,Disloyal Customer,37,Business Travel,Eco,1211,3,2,2,1,4,2,4,4,4,4,3,2,4,3,0,4,FALSE
Female,Loyal Customer,34,Personal Travel,Eco Plus,222,4,2,0,3,2,0,2,2,1,5,4,4,2,2.38,0,0,FALSE
Female,Loyal Customer,42,Business Travel,Eco Plus,525,5,4,4,4,1,1,5,3,3,5,3,4,1,3.31,0,0,TRUE
Male,Loyal Customer,44,Personal Travel,Eco,545,3,3,3,5,4,3,4,4,2,2,5,1,4,3.31,0,9,FALSE
Male,Loyal Customer,44,Personal Travel,Eco,1188,5,5,4,4,2,4,3,2,4,5,4,1,2,3.46,0,0,TRUE
Male,Loyal Customer,52,Personal Travel,Eco,223,3,4,3,3,1,3,1,1,5,4,5,5,1,3,0,0,FALSE
Male,Loyal Customer,27,Business Travel,Business,1562,5,5,5,5,4,4,4,4,1,1,4,2,4,3.69,0,0,TRUE
Male,Loyal Customer,33,Business Travel,Eco,819,4,2,4,4,4,4,4,4,2,4,2,3,4,3.46,0,15,TRUE
Male,Loyal Customer,19,Personal Travel,Eco,692,4,4,4,1,3,4,3,3,3,2,4,4,3,3.23,0,0,FALSE
Male,Loyal Customer,46,Personal Travel,Business,427,4,0,4,2,3,4,4,3,3,4,3,3,5,3.23,0,0,TRUE
Female,Loyal Customer,31,Business Travel,Business,1670,2,4,4,4,2,2,2,2,2,1,2,1,2,2.31,11,2,FALSE
Female,Loyal Customer,68,Personal Travel,Eco,2218,3,1,3,3,2,4,3,1,1,3,1,2,2,2.23,0,0,FALSE
Female,Loyal Customer,53,Personal Travel,Eco,463,5,5,5,1,5,4,5,5,5,5,5,3,3,4.31,0,0,TRUE
Female,Loyal Customer,47,Personal Travel,Eco,1086,2,4,2,1,2,5,5,4,4,2,3,4,4,3.23,0,0,FALSE
Female,Loyal Customer,49,Personal Travel,Eco,722,2,5,3,2,4,4,2,4,4,3,4,2,5,3.38,95,68,FALSE
Male,Loyal Customer,58,Business Travel,Business,1111,5,5,5,5,5,5,5,4,4,4,4,3,5,4.54,27,13,TRUE
Male,Loyal Customer,23,Business Travel,Business,1430,2,2,2,2,2,2,2,2,2,4,3,1,2,2.15,0,30,FALSE
Male,Loyal Customer,59,Personal Travel,Eco Plus,270,3,2,3,3,3,2,4,3,1,4,4,4,4,3.08,222,215,FALSE
Male,Loyal Customer,39,Business Travel,Business,321,0,0,0,3,5,5,4,3,3,3,3,5,1,2.69,9,0,TRUE
Female,Loyal Customer,57,Personal Travel,Eco,1197,2,4,2,3,3,4,5,3,3,2,3,4,5,3.31,0,15,FALSE
Male,Loyal Customer,47,Personal Travel,Eco,696,4,5,4,2,2,4,2,2,5,1,1,3,2,2.85,10,6,FALSE
Female,Loyal Customer,27,Business Travel,Business,595,2,2,2,2,5,5,5,5,3,1,2,4,5,3.31,0,0,TRUE
Female,Disloyal Customer,22,Business Travel,Business,280,2,1,2,3,5,2,5,5,4,2,3,3,5,3.23,0,0,FALSE
Male,Loyal Customer,48,Personal Travel,Eco,986,3,5,4,1,2,4,2,2,4,4,5,3,2,3.15,0,0,FALSE
Male,Loyal Customer,38,Business Travel,Business,903,4,4,2,4,4,3,2,5,5,5,5,4,3,3.85,5,0,TRUE
Female,Loyal Customer,50,Business Travel,Eco,907,5,1,1,1,2,2,4,5,5,5,5,5,1,3.23,0,18,TRUE
Female,Loyal Customer,39,Business Travel,Business,1661,3,3,5,3,5,5,4,4,4,5,4,3,4,4,0,0,TRUE
Female,Loyal Customer,23,Business Travel,Business,1598,1,1,1,1,5,5,5,5,1,4,4,1,5,3,2,0,TRUE
Female,Loyal Customer,53,Business Travel,Business,247,3,3,3,3,3,5,5,4,4,4,4,5,3,3.77,4,1,TRUE
Male,Loyal Customer,25,Personal Travel,Eco,1464,3,4,4,3,4,4,4,4,5,4,4,5,4,4,0,0,FALSE
Male,Loyal Customer,51,Business Travel,Business,448,4,4,4,4,5,5,5,2,2,2,2,3,4,3.54,0,0,TRUE
Male,Disloyal Customer,47,Business Travel,Eco,187,1,2,1,4,5,1,5,5,4,3,3,3,5,3.23,0,0,FALSE
Female,Loyal Customer,48,Business Travel,Business,566,1,1,1,1,5,4,4,1,1,1,1,4,4,2.23,0,0,FALSE
Female,Loyal Customer,30,Business Travel,Business,859,3,3,3,3,4,4,4,4,5,2,4,5,4,3.69,0,2,TRUE
Female,Loyal Customer,34,Business Travel,Business,2574,5,5,5,5,4,5,3,4,4,4,4,4,5,4.38,0,0,TRUE
Female,Disloyal Customer,26,Business Travel,Business,196,4,0,3,3,5,3,5,5,3,3,5,5,5,3.77,17,4,TRUE
Female,Loyal Customer,42,Business Travel,Business,308,2,2,2,2,1,2,1,5,5,5,5,1,3,2.77,0,0,TRUE
Female,Disloyal Customer,44,Business Travel,Business,1303,5,5,5,2,2,5,2,2,4,3,5,4,2,3.54,0,2,TRUE
Female,Loyal Customer,7,Personal Travel,Eco,2300,2,4,1,1,4,1,4,4,5,4,5,5,4,3.38,38,14,FALSE
Female,Loyal Customer,56,Personal Travel,Eco,1168,5,5,5,2,3,5,4,3,3,5,2,4,5,3.92,0,0,TRUE
Male,Loyal Customer,64,Personal Travel,Eco,646,3,4,3,2,3,3,3,3,3,5,1,1,3,2.85,0,0,FALSE
Male,Loyal Customer,47,Business Travel,Business,3719,5,5,2,5,2,5,4,4,4,4,4,3,3,3.85,5,1,TRUE
Female,Loyal Customer,58,Personal Travel,Eco,297,3,3,3,3,5,5,2,4,4,3,4,1,1,3.15,34,23,FALSE
Male,Loyal Customer,8,Personal Travel,Eco,1117,1,4,0,4,1,0,1,1,3,4,3,1,1,1.85,0,0,FALSE
Male,Loyal Customer,37,Business Travel,Eco,108,4,2,2,2,4,4,4,4,5,1,1,1,4,2.92,0,0,TRUE
Male,Loyal Customer,31,Business Travel,Business,1587,4,2,2,2,4,4,4,4,4,2,4,2,4,3.23,0,6,FALSE
Male,Disloyal Customer,37,Business Travel,Eco,102,2,0,2,3,4,2,4,4,3,4,5,2,4,3,0,0,FALSE
Male,Loyal Customer,60,Personal Travel,Eco,448,3,4,3,3,4,3,4,4,3,1,3,2,4,3.15,49,36,FALSE
Male,Loyal Customer,20,Personal Travel,Eco,1428,2,5,1,3,1,1,1,1,5,3,5,3,1,2.46,11,4,FALSE
Female,Loyal Customer,25,Business Travel,Business,1502,2,5,5,5,2,2,2,2,1,3,4,1,2,2.77,70,80,FALSE
Male,Loyal Customer,63,Business Travel,Business,2227,3,4,4,4,2,4,3,3,3,3,3,2,3,3.15,0,0,FALSE
Female,Loyal Customer,49,Business Travel,Business,1774,5,5,5,5,5,4,5,5,5,5,5,5,4,4.85,6,0,TRUE
Female,Loyal Customer,53,Business Travel,Business,2345,0,5,0,4,2,5,5,4,4,4,4,4,4,3.46,54,77,TRUE
Male,Loyal Customer,57,Business Travel,Business,2529,4,4,4,4,5,5,5,4,4,4,4,5,5,4.38,10,3,TRUE
Male,Loyal Customer,58,Personal Travel,Eco,272,3,0,3,4,2,3,2,2,1,2,3,1,2,2.15,0,3,FALSE
Male,Loyal Customer,72,Business Travel,Business,661,4,4,4,4,4,5,5,4,4,4,4,5,3,4.15,0,1,TRUE
Female,Loyal Customer,25,Business Travel,Business,3535,5,5,5,5,5,5,5,5,4,3,1,5,5,4.46,92,105,TRUE
Female,Loyal Customer,53,Personal Travel,Eco,337,1,4,1,4,4,4,4,5,5,1,5,1,3,3.23,58,64,FALSE
Female,Loyal Customer,58,Business Travel,Eco,102,4,4,4,4,3,2,5,4,4,4,4,5,3,3.85,0,0,TRUE
Male,Loyal Customer,15,Personal Travel,Eco,882,4,2,4,3,5,4,5,5,3,1,4,1,5,3.54,10,9,TRUE
Male,Loyal Customer,10,Personal Travel,Eco,1838,3,4,3,4,2,3,5,2,1,1,5,1,2,2.77,0,0,FALSE
Female,Disloyal Customer,37,Business Travel,Eco,261,5,2,5,1,5,5,5,5,5,4,2,2,5,3.92,0,0,TRUE
Female,Loyal Customer,26,Business Travel,Business,3346,1,0,0,3,1,0,1,1,1,1,4,3,1,1.31,0,7,FALSE
Female,Disloyal Customer,24,Business Travel,Eco,1440,2,1,1,3,2,2,2,2,5,4,5,4,2,2.69,0,0,FALSE
Female,Loyal Customer,56,Business Travel,Business,2218,5,5,5,5,4,3,5,4,4,4,4,3,3,4.15,0,0,TRUE
Male,Disloyal Customer,26,Business Travel,Business,1618,3,3,3,1,2,3,2,2,4,2,3,5,2,2.69,0,0,FALSE
Female,Loyal Customer,51,Business Travel,Business,2586,1,1,1,1,5,5,4,4,4,4,4,4,3,3.15,0,0,TRUE
Male,Loyal Customer,23,Personal Travel,Eco,966,0,5,0,2,1,0,1,1,3,4,5,5,1,2.15,13,0,TRUE
Male,Loyal Customer,35,Business Travel,Business,3101,4,4,4,4,4,5,5,2,2,2,2,4,5,3.62,1,0,TRUE
Male,Loyal Customer,45,Business Travel,Business,1818,4,4,4,4,4,3,2,4,4,4,4,4,3,3.69,0,0,TRUE
Male,Loyal Customer,66,Business Travel,Business,940,5,1,5,5,2,4,3,5,5,5,5,2,1,3.69,2,0,TRUE
Male,Loyal Customer,48,Personal Travel,Eco,447,2,3,2,2,3,2,3,3,1,4,2,3,3,2.54,0,0,FALSE
Female,Loyal Customer,45,Business Travel,Business,2501,1,1,1,1,5,3,3,4,4,4,4,1,3,2.69,5,0,TRUE
Female,Loyal Customer,45,Business Travel,Business,3592,2,2,2,2,2,5,4,4,4,4,4,4,4,3.31,18,1,TRUE
Male,Disloyal Customer,24,Business Travel,Eco,1123,4,4,4,4,3,4,3,3,1,1,3,4,3,3.15,0,6,TRUE
Female,Loyal Customer,48,Business Travel,Business,1020,1,1,1,1,5,5,5,5,5,5,4,5,5,3.69,126,136,TRUE
Male,Loyal Customer,8,Personal Travel,Eco Plus,2300,1,4,1,3,1,1,1,1,3,5,3,3,1,2.15,10,18,FALSE
Female,Loyal Customer,23,Business Travel,Business,1846,3,5,5,5,3,3,3,3,2,5,4,4,3,3.69,0,0,FALSE
Male,Disloyal Customer,40,Business Travel,Eco,474,1,1,1,1,4,1,4,4,3,3,1,2,4,2.31,22,14,FALSE
Male,Loyal Customer,44,Business Travel,Business,1948,3,3,3,3,5,4,5,4,4,4,4,3,4,3.77,0,0,TRUE
Male,Loyal Customer,32,Business Travel,Business,387,3,4,4,4,3,2,3,3,2,4,4,2,3,3.15,4,4,FALSE
Male,Loyal Customer,26,Business Travel,Business,2178,5,5,5,5,3,3,3,3,2,2,1,2,3,3.23,9,0,TRUE
Male,Loyal Customer,37,Business Travel,Business,1990,3,3,3,3,4,3,5,5,5,5,5,3,4,3.92,0,0,TRUE
Male,Loyal Customer,27,Business Travel,Business,3612,2,2,2,2,5,5,5,5,5,5,5,4,5,4,17,8,TRUE
Male,Disloyal Customer,25,Business Travel,Eco,1400,2,2,2,3,5,2,1,5,2,3,3,2,5,2.85,17,0,FALSE
Female,Loyal Customer,36,Business Travel,Business,3871,3,3,3,3,2,5,5,4,4,4,4,5,5,3.85,0,4,TRUE
Female,Loyal Customer,57,Business Travel,Eco,391,5,2,5,2,3,2,1,5,5,5,5,2,5,3.62,0,0,TRUE
Male,Loyal Customer,41,Business Travel,Business,1589,3,3,3,3,3,5,5,5,5,4,5,4,4,4,0,0,TRUE
Female,Loyal Customer,51,Business Travel,Business,599,4,4,4,4,4,5,5,5,5,5,5,4,5,4.54,0,0,TRUE
Female,Loyal Customer,49,Personal Travel,Eco,1242,3,5,3,3,4,4,4,4,4,3,4,4,5,3.85,0,0,FALSE
Female,Loyal Customer,46,Business Travel,Business,3452,2,2,2,2,4,4,5,3,3,3,3,5,4,3.23,1,0,TRUE
Male,Loyal Customer,60,Business Travel,Business,1897,5,5,5,5,5,5,5,4,4,4,4,3,3,4.38,0,0,TRUE
Female,Loyal Customer,48,Business Travel,Business,3360,5,1,5,5,5,5,5,4,4,4,4,3,3,4.08,0,0,TRUE
Female,Disloyal Customer,22,Business Travel,Eco,236,1,3,1,2,3,1,3,3,3,5,2,2,3,2.46,0,23,FALSE
Female,Loyal Customer,39,Personal Travel,Eco,1400,3,4,3,2,3,3,3,3,4,3,4,5,3,3.31,1,4,FALSE
Male,Loyal Customer,42,Business Travel,Business,2311,1,1,1,1,2,4,4,5,5,5,5,3,4,3.15,0,0,TRUE
Female,Loyal Customer,51,Business Travel,Eco,761,4,2,2,2,1,1,4,4,4,4,4,4,1,2.85,36,13,TRUE
Female,Loyal Customer,43,Business Travel,Business,1428,1,1,1,1,5,5,5,1,1,2,1,3,3,2.31,42,25,TRUE
Male,Loyal Customer,30,Personal Travel,Eco,588,3,5,3,1,4,3,4,4,3,2,4,5,4,3.46,0,0,FALSE
Male,Loyal Customer,43,Business Travel,Business,846,5,5,5,5,4,4,5,5,5,5,5,4,4,4.69,1,4,TRUE
Female,Loyal Customer,49,Business Travel,Business,3857,4,4,4,4,3,4,5,5,5,5,5,4,4,4.31,0,0,TRUE
Female,Loyal Customer,47,Business Travel,Business,3190,1,1,3,1,5,4,4,5,5,5,5,4,5,3.69,17,16,TRUE
Male,Loyal Customer,34,Personal Travel,Eco,632,3,5,3,4,2,3,2,2,3,3,2,3,2,2.85,0,0,FALSE
Female,Disloyal Customer,14,Business Travel,Eco,759,2,2,2,1,5,2,4,5,1,4,3,4,5,3.08,4,0,FALSE
Female,Disloyal Customer,23,Business Travel,Business,606,5,0,5,3,3,5,3,3,4,5,4,4,3,3.62,80,70,TRUE
Male,Disloyal Customer,65,Business Travel,Business,296,2,2,2,3,4,2,5,4,3,2,5,5,4,3.31,20,20,TRUE
Male,Loyal Customer,42,Business Travel,Business,2600,4,1,1,1,1,3,4,4,4,3,4,3,2,2.69,45,35,FALSE
Male,Loyal Customer,33,Business Travel,Eco,261,5,2,2,2,5,5,5,5,2,3,2,4,5,3.62,61,61,TRUE
Male,Disloyal Customer,26,Business Travel,Eco,975,2,2,2,3,3,2,3,3,5,4,1,4,3,2.85,12,0,FALSE
Female,Disloyal Customer,75,Business Travel,Eco,294,2,0,2,4,2,2,1,2,5,3,3,1,2,2.23,1,0,FALSE
Male,Loyal Customer,36,Business Travel,Business,3228,4,4,4,4,4,4,4,4,4,4,3,4,4,3.92,176,175,FALSE
Male,Loyal Customer,47,Personal Travel,Eco,464,3,5,5,2,4,5,3,4,4,3,4,4,4,3.85,28,41,FALSE
Female,Loyal Customer,23,Personal Travel,Eco,1399,3,4,3,2,1,3,1,1,5,3,3,3,1,2.54,1,0,FALSE
Male,Disloyal Customer,20,Business Travel,Eco,991,3,3,3,3,3,3,3,3,5,4,4,3,3,3.31,83,70,FALSE
Male,Loyal Customer,43,Business Travel,Eco,552,4,4,4,4,4,4,4,4,4,1,3,1,4,3.46,0,0,TRUE
Female,Loyal Customer,43,Business Travel,Business,624,1,1,1,1,1,4,3,5,5,5,5,3,1,2.77,11,11,TRUE
Male,Disloyal Customer,18,Business Travel,Eco,867,2,2,2,3,5,2,5,5,3,2,3,1,5,3.08,0,0,FALSE
Female,Loyal Customer,43,Business Travel,Business,808,3,2,3,3,4,4,4,4,4,4,4,4,4,3.62,0,0,TRUE
Male,Loyal Customer,21,Personal Travel,Eco Plus,1671,1,5,1,5,2,1,2,2,3,1,2,1,2,2.15,3,0,FALSE
Male,Disloyal Customer,48,Business Travel,Business,1660,4,4,4,2,4,4,4,4,4,2,3,3,4,3.54,11,0,TRUE
Male,Loyal Customer,42,Personal Travel,Eco,926,5,5,5,1,4,5,4,4,4,4,4,3,4,4,0,0,TRUE
Male,Loyal Customer,39,Personal Travel,Business,192,2,4,2,3,2,5,5,4,4,2,1,4,3,3.15,0,0,FALSE
Male,Loyal Customer,68,Personal Travel,Eco Plus,1953,4,4,4,4,2,4,2,2,2,5,3,3,2,3.15,0,0,TRUE
Female,Disloyal Customer,47,Business Travel,Eco Plus,448,2,1,1,4,1,2,1,1,5,2,1,1,1,1.77,0,0,FALSE
Male,Loyal Customer,9,Personal Travel,Eco,1389,5,4,5,2,4,5,4,4,2,3,4,3,4,3.77,0,0,TRUE
Male,Loyal Customer,28,Business Travel,Business,2149,3,3,3,3,5,5,5,5,5,2,5,4,5,4.08,0,0,TRUE
Female,Loyal Customer,58,Business Travel,Business,760,4,4,4,4,4,4,5,5,5,5,5,5,5,4.54,25,14,TRUE
Female,Loyal Customer,40,Business Travel,Business,337,0,0,0,2,5,4,5,2,2,2,2,4,5,2.54,0,0,TRUE
Male,Loyal Customer,25,Business Travel,Business,2701,4,4,4,4,4,3,3,3,5,5,5,3,3,3.85,0,0,TRUE
Female,Disloyal Customer,29,Business Travel,Eco,1144,2,2,2,3,1,2,1,1,2,3,3,4,1,2.08,9,16,FALSE
Female,Loyal Customer,63,Business Travel,Business,3859,3,3,3,3,4,3,4,4,4,4,4,2,1,3.23,21,0,TRUE
Female,Loyal Customer,48,Personal Travel,Eco,910,1,5,1,5,2,4,5,2,2,1,4,4,5,3.15,0,6,FALSE
Female,Loyal Customer,35,Personal Travel,Eco,1728,4,5,4,3,2,4,2,2,4,4,4,5,2,3.46,0,0,FALSE
Male,Loyal Customer,39,Business Travel,Business,2882,2,3,3,3,3,3,2,2,2,2,2,3,2,2.46,74,80,FALSE
Female,Loyal Customer,46,Business Travel,Business,2159,5,5,5,5,5,5,5,4,4,5,5,5,5,4.85,0,14,TRUE
Female,Loyal Customer,14,Personal Travel,Eco,427,2,0,2,3,5,2,5,5,4,3,3,3,5,3.23,0,0,FALSE
Female,Loyal Customer,38,Personal Travel,Eco,453,4,4,4,1,5,4,5,5,3,2,4,4,5,3.85,0,0,FALSE
Male,Loyal Customer,12,Personal Travel,Eco,679,4,5,5,3,4,5,4,4,3,5,1,2,4,3.77,0,0,FALSE
Female,Loyal Customer,28,Business Travel,Business,3161,3,3,3,3,3,4,3,3,3,2,5,5,3,3.31,0,0,TRUE
Male,Loyal Customer,51,Business Travel,Business,1523,5,5,5,5,5,5,5,2,2,2,2,3,4,3.85,43,54,TRUE
Female,Disloyal Customer,50,Business Travel,Eco,1142,3,3,3,2,4,3,5,4,4,3,3,2,4,3.31,15,37,FALSE
Female,Disloyal Customer,48,Business Travel,Eco,1562,2,2,2,3,2,2,2,2,4,3,4,3,2,2.54,0,0,FALSE
Male,Loyal Customer,70,Personal Travel,Eco,1750,3,2,4,4,4,4,4,4,1,1,3,3,4,3.15,10,0,FALSE
Female,Loyal Customer,48,Personal Travel,Eco,2465,3,3,4,4,4,2,2,1,5,2,4,2,2,2.92,0,0,FALSE
Male,Loyal Customer,30,Business Travel,Business,448,2,2,2,2,5,5,5,5,4,4,4,5,5,3.85,90,97,TRUE
Female,Loyal Customer,39,Personal Travel,Eco,332,3,3,3,4,3,3,3,3,2,4,3,1,3,2.92,0,0,FALSE
Female,Loyal Customer,47,Business Travel,Eco,1197,5,1,1,1,4,3,1,5,5,5,5,1,3,3.08,0,2,TRUE
Male,Loyal Customer,50,Business Travel,Eco,1587,4,1,1,1,4,4,4,4,2,1,3,4,4,2.85,0,20,FALSE
Female,Loyal Customer,45,Business Travel,Business,3128,3,3,3,3,3,3,2,4,4,4,4,3,3,3.23,36,35,TRUE
Female,Loyal Customer,45,Business Travel,Business,1390,3,3,4,3,4,5,4,5,5,5,5,4,3,4.08,1,0,TRUE
Male,Loyal Customer,9,Business Travel,Business,804,3,3,2,3,4,4,4,4,4,4,5,4,4,3.69,1,0,TRUE
Female,Loyal Customer,51,Personal Travel,Business,861,1,4,2,1,4,5,4,1,1,2,1,5,3,2.62,0,6,FALSE
Male,Loyal Customer,54,Business Travel,Business,3106,2,1,1,1,1,3,2,2,2,2,2,4,1,1.85,17,8,FALSE
Male,Loyal Customer,41,Business Travel,Business,1444,3,3,4,3,4,5,5,5,5,5,5,3,5,4.23,0,0,TRUE
Male,Loyal Customer,54,Personal Travel,Eco,1091,2,2,2,4,1,2,1,1,4,4,3,4,1,2.38,0,0,FALSE
Female,Disloyal Customer,36,Business Travel,Eco,281,3,0,3,3,1,3,1,1,2,5,4,4,1,2.38,1,1,FALSE
Female,Loyal Customer,44,Business Travel,Eco,106,2,5,5,5,5,3,3,2,2,2,2,2,4,3.23,0,0,TRUE
Female,Loyal Customer,55,Business Travel,Business,2207,4,4,4,4,3,5,5,4,4,4,4,4,3,4,0,0,TRUE
Female,Loyal Customer,43,Personal Travel,Eco,163,3,5,3,5,4,5,3,1,1,3,1,1,4,3,35,34,FALSE
Male,Disloyal Customer,22,Business Travel,Business,414,4,0,3,2,4,3,5,4,5,2,4,4,4,3.38,0,0,TRUE
Male,Loyal Customer,33,Business Travel,Business,679,4,4,2,4,2,2,2,2,4,1,1,2,2,2.46,0,0,TRUE
Male,Loyal Customer,30,Business Travel,Business,920,1,4,4,4,1,1,1,1,1,4,1,2,1,2,37,35,FALSE
Male,Disloyal Customer,23,Business Travel,Eco,189,0,4,0,2,3,0,3,3,5,4,5,4,3,2.77,0,0,TRUE
Male,Loyal Customer,8,Personal Travel,Eco,2402,1,4,1,2,1,1,1,1,5,4,3,3,1,2.15,18,0,FALSE
Male,Loyal Customer,59,Personal Travel,Eco,787,4,2,4,4,5,4,5,5,2,4,3,4,5,3.92,0,0,FALSE
Male,Loyal Customer,42,Business Travel,Business,1660,5,5,5,5,5,4,4,5,5,5,5,3,3,4.54,9,0,TRUE
Male,Loyal Customer,18,Personal Travel,Eco,302,3,4,3,3,4,3,4,4,3,5,5,4,4,3.77,0,10,FALSE
Male,Loyal Customer,58,Business Travel,Eco Plus,163,1,5,5,5,2,1,2,2,3,3,3,2,2,2.77,0,0,FALSE
Female,Loyal Customer,53,Personal Travel,Eco,626,3,5,3,5,2,5,4,5,5,3,5,3,4,4,0,1,FALSE
Male,Loyal Customer,41,Business Travel,Business,551,4,4,4,4,5,4,5,5,5,5,5,5,5,4.62,16,6,TRUE
Male,Loyal Customer,31,Business Travel,Business,1440,5,4,5,5,4,4,4,4,3,2,5,3,4,4,0,12,TRUE
Male,Disloyal Customer,16,Business Travel,Eco,752,5,5,5,1,3,3,3,3,2,3,3,5,3,3.38,0,2,TRUE
Male,Loyal Customer,17,Business Travel,Business,1714,3,5,5,5,3,3,3,3,1,4,3,4,3,3.46,0,16,FALSE
Female,Disloyal Customer,42,Business Travel,Business,337,5,5,5,3,5,5,5,5,3,2,5,3,5,4.31,0,12,TRUE
Male,Loyal Customer,50,Business Travel,Business,3236,2,2,2,2,3,5,5,4,4,4,4,5,3,3.46,41,32,TRUE
Female,Loyal Customer,57,Business Travel,Business,2470,0,0,0,2,4,3,3,4,4,4,4,4,2,2.62,0,0,TRUE
Male,Disloyal Customer,43,Business Travel,Eco,1041,4,4,4,4,2,4,2,2,3,5,3,4,2,3.31,0,1,FALSE
Female,Loyal Customer,32,Personal Travel,Eco,2565,2,4,2,4,5,2,5,5,2,4,3,3,5,3.54,1,0,FALSE
Female,Loyal Customer,36,Personal Travel,Eco,666,3,2,3,4,3,3,3,3,2,3,3,4,3,3,0,0,FALSE
Male,Disloyal Customer,25,Business Travel,Eco,1035,2,2,2,4,2,2,2,2,3,3,3,4,2,2.54,17,4,FALSE
Male,Loyal Customer,40,Business Travel,Business,369,5,5,4,5,3,4,4,2,2,2,2,3,5,3.54,2,0,TRUE
Female,Loyal Customer,54,Personal Travel,Business,804,1,4,1,3,1,3,4,2,2,1,2,3,3,2.31,48,54,FALSE
Female,Loyal Customer,51,Business Travel,Business,317,4,4,4,4,3,5,4,4,4,4,4,4,4,4,0,0,TRUE
Male,Loyal Customer,36,Personal Travel,Eco,2227,3,5,3,1,3,5,5,5,4,3,5,5,5,4,211,238,FALSE
Female,Loyal Customer,40,Personal Travel,Eco,731,4,4,4,5,2,4,2,2,4,4,2,1,2,3.08,0,21,FALSE
Female,Disloyal Customer,34,Business Travel,Business,785,2,2,2,1,1,2,1,1,4,4,4,3,1,2.15,0,1,FALSE
Male,Loyal Customer,58,Personal Travel,Eco Plus,761,3,5,3,2,3,3,3,3,4,5,4,5,3,3.54,12,4,FALSE
Male,Loyal Customer,42,Business Travel,Business,2832,1,1,2,1,4,5,5,4,4,4,4,4,3,3.23,0,0,TRUE
Male,Loyal Customer,32,Business Travel,Business,1599,4,4,4,4,5,5,5,5,1,1,5,4,5,4,0,0,TRUE
Male,Disloyal Customer,20,Business Travel,Eco,1916,5,5,5,4,3,5,3,3,3,5,4,5,3,4.08,0,0,TRUE
Male,Loyal Customer,52,Business Travel,Business,2397,0,5,0,3,4,5,5,3,3,3,3,4,4,3.23,0,0,TRUE
Female,Loyal Customer,46,Business Travel,Business,3570,4,4,5,4,5,1,4,3,3,4,3,5,5,3.85,0,0,TRUE
Female,Loyal Customer,45,Business Travel,Business,1990,1,1,1,1,2,3,4,4,4,4,4,3,3,2.69,0,0,TRUE
Female,Loyal Customer,27,Business Travel,Business,546,5,5,5,5,5,5,5,5,3,5,2,1,5,4.31,40,27,TRUE
Female,Loyal Customer,45,Business Travel,Business,483,4,4,4,4,4,5,2,5,5,5,5,3,2,4,0,0,TRUE
Male,Loyal Customer,40,Business Travel,Eco,248,2,2,1,2,2,2,2,2,2,4,4,1,2,2.15,15,10,FALSE
Female,Loyal Customer,63,Business Travel,Eco Plus,971,2,1,1,1,1,2,2,2,2,2,2,3,3,1.85,13,3,FALSE
Female,Loyal Customer,39,Business Travel,Business,259,4,3,4,4,3,4,5,4,4,4,4,4,3,3.85,0,0,TRUE
Female,Loyal Customer,45,Business Travel,Eco,337,2,5,4,5,2,4,3,2,2,2,2,4,2,3,0,0,FALSE
Female,Loyal Customer,55,Personal Travel,Eco,946,3,1,3,3,3,2,2,3,2,2,3,2,2,2.38,258,234,FALSE
Female,Loyal Customer,39,Business Travel,Business,3112,4,4,4,4,4,5,5,5,5,4,5,4,4,4.38,15,4,TRUE
Male,Disloyal Customer,28,Business Travel,Business,356,2,2,2,1,3,2,3,3,5,4,4,3,3,2.85,0,0,FALSE
Female,Loyal Customer,29,Business Travel,Business,373,3,3,3,3,4,5,4,4,5,3,3,2,4,3.54,0,0,TRUE
Female,Disloyal Customer,21,Business Travel,Business,308,3,1,3,3,1,3,1,1,2,1,3,4,1,2.08,0,0,FALSE
Male,Loyal Customer,52,Business Travel,Eco,696,4,3,3,3,3,4,3,3,4,3,4,4,3,3.38,12,7,FALSE
Male,Loyal Customer,40,Business Travel,Business,1096,3,3,3,3,3,5,4,3,3,3,3,5,3,3.38,0,0,TRUE
Male,Loyal Customer,39,Business Travel,Business,2805,3,4,2,2,1,3,3,3,3,3,3,3,1,2.62,0,5,FALSE
Female,Disloyal Customer,27,Business Travel,Eco,578,3,0,3,5,1,3,1,1,5,1,5,2,1,2.38,0,20,FALSE
Female,Loyal Customer,27,Personal Travel,Eco,852,2,1,2,3,2,2,2,2,2,2,3,1,2,2,4,0,FALSE
Female,Loyal Customer,15,Business Travel,Business,2427,2,5,5,5,2,2,2,2,2,4,3,3,2,3,10,0,FALSE
Male,Loyal Customer,13,Personal Travel,Eco,574,2,4,2,5,2,2,2,2,3,3,4,4,2,2.85,0,16,FALSE
Male,Disloyal Customer,69,Personal Travel,Eco,901,2,4,2,3,2,2,2,2,1,1,2,1,2,2,32,8,FALSE
Male,Loyal Customer,32,Business Travel,Business,2271,2,2,2,2,5,5,5,5,5,3,4,3,5,3.69,32,2,TRUE
Male,Loyal Customer,70,Personal Travel,Eco,867,5,4,5,2,4,4,4,4,3,2,5,2,4,3.69,1,0,TRUE
Male,Loyal Customer,21,Personal Travel,Eco,251,3,4,0,1,2,0,2,2,5,2,5,5,2,2.54,16,12,FALSE
Male,Loyal Customer,56,Personal Travel,Eco,692,4,5,4,1,2,4,2,2,4,3,4,5,2,3.23,0,0,FALSE
Female,Loyal Customer,47,Business Travel,Business,1532,1,2,2,2,2,4,4,1,1,1,1,2,1,1.85,5,0,FALSE
Female,Loyal Customer,9,Personal Travel,Eco,130,1,2,1,3,3,1,4,3,5,2,4,3,3,2.69,0,0,FALSE
Male,Loyal Customer,51,Business Travel,Business,1841,3,3,3,3,3,4,4,4,4,4,4,5,4,3.69,0,0,TRUE
Female,Loyal Customer,45,Business Travel,Business,2640,3,3,3,3,4,4,4,3,5,3,4,4,4,3.62,1,0,TRUE
Female,Loyal Customer,34,Business Travel,Business,2475,1,1,1,1,3,5,5,4,4,4,4,3,5,3.15,0,8,TRUE
Male,Loyal Customer,28,Personal Travel,Eco,587,4,4,3,2,2,3,2,2,5,5,4,3,2,3.15,1,0,FALSE
Female,Loyal Customer,36,Business Travel,Business,1765,2,2,2,2,3,4,5,5,5,5,4,5,5,3.77,9,7,TRUE
Male,Disloyal Customer,25,Business Travel,Eco,170,4,0,4,1,2,4,2,2,5,2,1,4,2,2.54,0,0,FALSE
Male,Loyal Customer,28,Business Travel,Business,2195,5,5,5,5,4,4,4,4,3,5,4,2,4,4.15,0,0,TRUE
Female,Loyal Customer,47,Business Travel,Business,3451,3,3,3,3,2,5,4,4,4,4,4,5,3,3.62,8,5,TRUE
Male,Loyal Customer,45,Business Travel,Business,3594,2,2,4,2,2,5,5,5,5,5,5,5,4,3.92,0,0,TRUE
Male,Loyal Customer,49,Business Travel,Business,3303,2,2,2,2,2,4,2,4,4,4,4,1,4,2.85,2,5,TRUE
Male,Loyal Customer,53,Business Travel,Business,1243,5,5,5,5,3,4,5,4,4,4,4,3,4,4.23,0,0,TRUE
Female,Loyal Customer,56,Personal Travel,Eco,569,3,5,3,4,5,4,5,4,4,3,4,4,3,3.92,0,0,FALSE
Female,Loyal Customer,45,Business Travel,Business,588,5,5,5,5,2,5,4,5,5,5,5,3,4,4.46,11,0,TRUE
Female,Loyal Customer,34,Business Travel,Business,2082,2,4,4,4,2,2,2,4,1,3,4,2,2,2.77,286,281,FALSE
Female,Loyal Customer,44,Personal Travel,Eco Plus,407,2,5,2,5,3,4,5,2,2,2,2,3,5,3.23,36,26,FALSE
Male,Loyal Customer,29,Personal Travel,Eco Plus,622,4,3,4,4,5,4,5,5,2,4,4,4,5,4.08,0,0,FALSE
Female,Loyal Customer,50,Business Travel,Business,1337,2,2,2,2,3,4,5,5,5,5,5,4,5,3.77,6,14,TRUE
Male,Disloyal Customer,25,Business Travel,Business,544,5,1,5,4,5,5,5,5,3,5,5,5,5,4.46,0,37,TRUE
Female,Loyal Customer,60,Business Travel,Eco Plus,338,2,4,4,4,5,3,3,3,3,2,3,1,3,3.08,0,0,FALSE
Female,Loyal Customer,19,Personal Travel,Eco,581,3,5,3,1,2,3,2,2,3,4,4,4,2,2.92,0,0,FALSE
Male,Loyal Customer,56,Business Travel,Eco,337,1,4,4,4,1,1,1,1,4,2,4,1,1,2.23,1,0,FALSE
Female,Loyal Customer,40,Business Travel,Business,2485,2,2,2,2,5,1,2,5,5,5,5,5,2,3.31,14,7,TRUE
Male,Disloyal Customer,23,Business Travel,Business,404,4,0,4,2,1,4,1,1,4,4,5,4,1,2.69,0,2,TRUE
Female,Loyal Customer,55,Business Travel,Business,327,0,0,0,4,5,4,4,2,2,2,2,5,4,2.62,0,0,TRUE
Male,Loyal Customer,36,Business Travel,Business,1835,5,5,1,5,2,2,3,4,4,4,4,4,2,3.46,11,0,TRUE
Female,Loyal Customer,48,Business Travel,Business,3175,5,5,5,5,5,5,5,5,5,5,5,3,4,4.77,0,0,TRUE
Male,Loyal Customer,50,Business Travel,Business,2248,3,3,3,3,3,4,4,5,5,5,5,3,4,3.85,0,0,TRUE
Male,Disloyal Customer,18,Business Travel,Eco,581,3,0,3,3,2,3,2,2,5,5,5,5,2,3.08,0,0,FALSE
Male,Loyal Customer,73,Business Travel,Eco,373,2,5,5,5,2,2,2,2,1,3,3,2,2,2.77,98,132,FALSE
Male,Loyal Customer,41,Business Travel,Business,2913,5,5,5,5,4,1,4,5,5,5,5,1,4,4.15,0,7,TRUE
Female,Loyal Customer,56,Business Travel,Business,351,1,1,1,1,3,4,5,4,4,4,4,3,5,3.08,0,0,TRUE
Male,Loyal Customer,30,Personal Travel,Eco,590,4,4,4,1,3,4,3,3,5,4,5,5,3,3.69,4,3,FALSE
Female,Loyal Customer,54,Business Travel,Business,1880,2,2,2,2,3,5,4,5,5,5,5,3,5,3.69,0,4,TRUE
Male,Loyal Customer,19,Personal Travel,Business,1464,3,4,3,3,2,3,2,2,5,2,5,5,2,3.15,6,0,FALSE
Female,Loyal Customer,23,Personal Travel,Eco,583,2,1,3,4,3,3,3,3,4,2,4,4,3,3,0,0,FALSE
Male,Loyal Customer,58,Business Travel,Business,1611,1,1,1,1,4,4,4,1,1,1,1,4,3,2.08,5,4,FALSE
Female,Loyal Customer,49,Business Travel,Eco,594,4,2,2,2,2,4,3,4,4,4,4,3,2,3.08,0,0,FALSE
Female,Loyal Customer,54,Business Travel,Business,3704,3,3,2,3,3,4,4,4,4,4,4,5,4,3.62,0,16,TRUE
Female,Loyal Customer,34,Business Travel,Business,3813,2,4,4,4,1,4,4,2,2,2,2,4,4,3,0,0,FALSE
Male,Loyal Customer,64,Personal Travel,Eco,1041,4,5,4,5,4,4,4,4,5,3,4,5,4,4.23,0,0,FALSE
Female,Loyal Customer,51,Business Travel,Business,481,4,4,4,4,4,5,4,5,5,5,5,3,5,4.38,33,35,TRUE
Male,Loyal Customer,48,Business Travel,Eco,1721,4,5,5,5,4,4,4,4,2,2,5,5,4,4.08,5,0,TRUE
Female,Loyal Customer,50,Personal Travel,Eco,977,5,2,5,3,2,4,3,5,5,5,5,4,1,3.77,0,16,TRUE
Female,Disloyal Customer,36,Business Travel,Eco,181,1,3,1,4,2,1,2,2,4,1,4,2,2,2.23,112,120,FALSE
Male,Disloyal Customer,16,Business Travel,Eco,200,4,2,4,3,1,4,1,1,1,3,4,3,1,2.46,44,46,FALSE
Male,Loyal Customer,67,Personal Travel,Eco,2611,3,1,3,4,3,3,3,3,1,1,4,1,3,2.54,0,0,FALSE
Female,Disloyal Customer,44,Business Travel,Eco,728,4,4,4,3,2,4,2,2,2,2,3,1,2,2.69,0,0,FALSE
Male,Loyal Customer,29,Business Travel,Business,522,1,1,1,1,3,4,3,3,2,5,4,4,3,2.69,0,0,TRUE
Female,Disloyal Customer,39,Business Travel,Business,414,4,4,4,4,2,4,2,2,5,4,4,3,2,3.38,0,0,FALSE
Male,Loyal Customer,18,Personal Travel,Eco,395,1,5,1,1,4,1,4,4,3,2,5,5,4,3.08,9,2,FALSE
Male,Loyal Customer,50,Business Travel,Business,2679,2,1,2,2,3,5,5,4,4,4,4,3,5,3.38,0,0,TRUE
Female,Loyal Customer,31,Personal Travel,Eco,247,1,4,1,2,4,1,4,4,5,3,5,5,4,3.31,0,0,FALSE
Male,Loyal Customer,50,Business Travel,Business,971,3,3,3,3,5,5,5,5,5,5,5,3,4,4.15,0,0,TRUE
Female,Loyal Customer,67,Personal Travel,Eco,89,4,3,4,4,3,3,4,2,2,4,2,4,2,3.15,0,0,FALSE
Male,Disloyal Customer,30,Business Travel,Eco,725,3,3,3,3,4,3,4,4,1,4,5,1,4,3.23,5,3,FALSE
Female,Loyal Customer,48,Business Travel,Business,2521,3,3,3,3,3,5,4,5,5,5,5,3,4,3.92,0,0,TRUE
Female,Disloyal Customer,18,Business Travel,Eco,416,3,4,3,4,4,3,4,4,4,1,4,2,4,3.38,6,44,FALSE
Female,Loyal Customer,29,Personal Travel,Eco,1739,3,5,4,2,4,4,4,4,4,4,4,5,4,3.92,128,120,FALSE
Male,Loyal Customer,43,Business Travel,Business,1639,0,0,0,2,5,4,4,3,3,3,3,5,3,2.69,0,0,TRUE
Female,Loyal Customer,40,Business Travel,Eco,525,4,3,2,3,4,4,4,4,5,3,2,4,4,3.54,0,0,TRUE
Female,Disloyal Customer,10,Business Travel,Eco,589,4,3,4,3,1,4,1,1,2,4,4,1,1,2.54,50,57,FALSE
Female,Loyal Customer,9,Personal Travel,Eco Plus,1500,5,4,5,3,4,5,1,4,4,2,4,3,4,3.69,0,0,TRUE
Female,Loyal Customer,27,Business Travel,Business,534,3,3,4,3,3,4,3,3,4,1,2,2,3,2.92,0,0,TRUE
Female,Loyal Customer,59,Personal Travel,Eco Plus,957,2,2,2,3,4,3,2,2,2,2,1,4,3,2.46,8,0,FALSE
Male,Loyal Customer,34,Business Travel,Business,1448,2,2,2,2,4,4,1,2,2,2,2,3,2,2.31,0,0,TRUE
Male,Loyal Customer,56,Business Travel,Business,447,2,2,2,2,5,4,1,3,3,3,3,4,2,2.77,0,0,TRUE
Female,Loyal Customer,38,Business Travel,Eco,1121,4,1,3,3,4,4,4,4,5,3,5,4,4,3.69,117,129,TRUE
Female,Loyal Customer,38,Business Travel,Business,3270,3,3,3,3,5,4,5,3,3,4,3,4,5,3.69,0,0,TRUE
Male,Disloyal Customer,42,Business Travel,Eco,376,3,0,3,5,5,3,5,5,4,4,4,3,5,3.77,0,0,FALSE
Female,Loyal Customer,37,Business Travel,Business,2106,2,2,2,2,5,5,2,4,4,4,4,4,2,3.23,0,0,TRUE
Male,Loyal Customer,34,Personal Travel,Eco,1500,1,1,0,2,4,0,4,4,2,1,2,1,4,2,37,23,FALSE
Male,Loyal Customer,29,Business Travel,Eco,1747,1,5,3,5,1,1,1,1,1,5,2,3,1,2.31,0,0,FALSE
Female,Loyal Customer,12,Personal Travel,Eco,1844,1,5,1,1,2,1,2,2,4,4,5,3,2,2.54,41,44,FALSE
Male,Disloyal Customer,20,Business Travel,Business,223,0,0,0,4,3,0,3,3,3,2,4,4,3,2.23,5,0,TRUE
Male,Loyal Customer,22,Business Travel,Business,1590,4,4,4,4,4,5,4,4,4,4,4,3,4,4,0,0,TRUE
Female,Loyal Customer,39,Personal Travel,Eco,2237,1,4,1,1,2,1,2,2,4,4,4,3,2,2.38,6,8,FALSE
Female,Loyal Customer,41,Business Travel,Eco,759,3,3,1,3,3,3,3,2,1,4,4,3,3,2.77,307,295,FALSE
Male,Loyal Customer,43,Personal Travel,Eco,109,3,4,3,4,3,3,3,3,4,2,4,3,3,3.23,0,0,FALSE
Female,Disloyal Customer,48,Business Travel,Eco,854,1,1,1,4,5,1,5,5,3,1,3,4,5,3,40,31,FALSE
Male,Loyal Customer,26,Business Travel,Business,2329,4,4,4,4,4,4,4,4,4,2,5,5,4,4,22,5,TRUE
Female,Loyal Customer,49,Business Travel,Business,1678,2,2,2,2,3,5,4,4,4,4,4,5,3,3.38,0,12,TRUE
Female,Loyal Customer,25,Business Travel,Business,2629,3,3,3,3,5,5,5,5,4,5,4,5,5,4.23,53,37,TRUE
Female,Loyal Customer,34,Business Travel,Eco Plus,373,4,1,1,1,4,4,4,4,4,2,2,1,4,2.77,0,0,TRUE
Male,Loyal Customer,46,Business Travel,Business,237,0,0,0,3,2,5,4,5,5,5,5,5,3,3.23,3,3,TRUE
Female,Loyal Customer,48,Business Travel,Business,2342,1,1,1,1,5,5,5,5,5,5,5,3,4,3.54,10,0,TRUE
Male,Loyal Customer,55,Business Travel,Business,1685,2,5,5,5,3,3,4,2,2,2,2,2,3,3.08,58,31,FALSE
Female,Loyal Customer,63,Personal Travel,Eco,1166,2,4,2,2,3,5,4,1,1,2,1,4,5,2.77,107,87,FALSE
Male,Loyal Customer,23,Personal Travel,Eco,1047,4,3,4,4,3,4,4,3,2,5,3,2,3,3.38,0,0,FALSE
Male,Disloyal Customer,34,Business Travel,Business,337,2,2,2,2,4,2,4,4,5,5,5,3,4,3.38,0,0,FALSE
Male,Loyal Customer,39,Personal Travel,Eco,670,2,4,2,2,3,2,3,3,5,5,5,5,3,3.38,0,0,FALSE
Female,Loyal Customer,54,Business Travel,Business,1605,4,5,4,4,5,4,5,4,4,4,4,3,4,4.15,35,11,TRUE
Male,Loyal Customer,28,Personal Travel,Eco,665,4,5,4,3,5,4,5,5,2,2,2,1,5,3.62,17,0,FALSE
Male,Loyal Customer,40,Personal Travel,Eco,406,4,5,4,1,4,4,4,4,3,4,5,4,4,3.85,0,0,FALSE
Female,Loyal Customer,47,Business Travel,Business,2924,3,3,3,3,2,5,4,4,4,4,4,5,5,3.77,10,15,TRUE
Female,Loyal Customer,24,Business Travel,Business,3302,3,5,5,5,3,3,3,3,4,3,3,1,3,3.38,0,0,FALSE
Female,Loyal Customer,46,Business Travel,Business,1565,5,5,1,5,5,5,5,2,2,2,2,4,5,3.69,8,0,TRUE
Female,Loyal Customer,53,Business Travel,Business,3860,1,1,1,1,4,4,4,5,5,5,5,5,3,3.38,35,27,TRUE
Male,Disloyal Customer,20,Business Travel,Eco,1197,3,3,3,3,2,3,2,2,3,4,3,5,2,2.92,0,0,FALSE
Female,Loyal Customer,55,Personal Travel,Eco,944,2,3,2,5,4,5,3,4,4,2,4,2,4,3.38,0,0,FALSE
Female,Disloyal Customer,26,Business Travel,Eco,2133,4,4,4,1,2,4,3,2,1,3,1,3,2,2.62,67,67,FALSE
Female,Loyal Customer,51,Business Travel,Business,1438,3,3,3,3,3,3,3,3,1,3,2,3,3,2.77,174,159,FALSE
Female,Loyal Customer,35,Personal Travel,Eco,562,1,1,1,4,2,1,3,2,3,5,3,2,2,2.31,0,0,FALSE
Male,Loyal Customer,67,Personal Travel,Eco,991,3,4,4,1,1,4,1,1,3,2,4,5,1,2.62,0,0,FALSE
Male,Loyal Customer,54,Business Travel,Business,74,0,5,0,3,3,4,5,1,1,1,1,4,4,2.46,0,0,TRUE
Female,Loyal Customer,56,Business Travel,Business,3527,5,5,5,5,4,5,5,5,5,5,5,3,3,4.62,0,0,TRUE
Female,Disloyal Customer,22,Business Travel,Business,110,4,5,4,4,3,4,3,3,4,4,5,3,3,3.77,3,18,TRUE
Male,Disloyal Customer,25,Business Travel,Eco Plus,304,3,2,3,3,4,3,4,4,3,4,4,1,4,3.23,37,74,FALSE
Female,Loyal Customer,27,Personal Travel,Business,347,5,5,5,3,2,5,5,2,3,3,5,4,2,3.77,0,0,TRUE
Male,Loyal Customer,38,Personal Travel,Eco,423,2,0,2,4,1,2,1,1,5,3,4,3,1,2.23,34,32,FALSE
Male,Loyal Customer,77,Business Travel,Business,327,1,1,1,1,4,2,3,1,1,1,1,3,4,1.85,0,0,FALSE
Male,Disloyal Customer,41,Business Travel,Business,1214,5,5,5,3,1,5,1,1,4,4,4,5,1,3.38,0,0,TRUE
Female,Loyal Customer,37,Business Travel,Business,3572,2,2,2,2,3,4,4,4,4,5,4,4,3,3.31,0,0,TRUE
Male,Loyal Customer,59,Business Travel,Eco,391,3,2,2,2,3,3,3,3,4,2,4,1,3,2.69,0,0,FALSE
Female,Disloyal Customer,26,Business Travel,Eco,489,3,4,3,2,1,3,1,1,3,3,2,4,1,2.38,0,0,FALSE
Male,Disloyal Customer,23,Business Travel,Business,967,0,0,0,4,5,0,5,5,4,5,5,4,5,3.23,0,0,TRUE
Male,Loyal Customer,43,Business Travel,Business,2802,3,3,3,3,5,5,4,4,4,4,4,5,4,3.92,33,45,TRUE
Male,Disloyal Customer,29,Business Travel,Eco Plus,937,2,2,2,4,3,2,5,3,4,1,4,3,3,2.92,51,37,FALSE
Male,Disloyal Customer,36,Business Travel,Business,325,3,3,3,2,4,3,4,4,3,4,4,5,4,3.54,0,0,FALSE
Male,Loyal Customer,30,Personal Travel,Eco,1744,1,2,1,3,2,1,3,2,3,1,3,3,2,2.08,75,71,FALSE
Male,Loyal Customer,55,Business Travel,Business,3091,1,1,1,1,2,1,4,5,5,5,5,2,1,2.62,0,0,TRUE
Male,Disloyal Customer,36,Business Travel,Business,1076,1,0,0,4,5,0,5,5,3,5,3,1,5,2.85,28,48,FALSE
Male,Loyal Customer,68,Personal Travel,Eco,1121,3,4,3,3,4,3,4,4,3,2,5,4,4,3.54,0,0,FALSE
Female,Loyal Customer,25,Personal Travel,Eco,356,2,4,2,3,3,2,3,3,4,3,5,5,3,3.23,11,15,FALSE
Male,Loyal Customer,39,Business Travel,Business,1999,1,1,1,1,2,5,5,5,5,5,5,5,3,3.38,0,0,TRUE
Female,Loyal Customer,61,Personal Travel,Eco,859,4,3,3,2,1,2,3,2,2,3,2,3,1,2.38,0,11,TRUE
Female,Disloyal Customer,38,Business Travel,Eco,109,3,1,2,3,5,2,5,5,3,3,3,2,5,3.23,0,0,FALSE
Female,Loyal Customer,57,Business Travel,Eco,156,2,4,4,4,2,4,2,2,2,2,2,5,2,2.85,0,0,TRUE
Male,Loyal Customer,41,Business Travel,Business,1555,3,2,3,3,4,5,5,5,5,5,5,5,5,4.23,0,11,TRUE
Female,Loyal Customer,40,Business Travel,Eco,416,1,5,5,5,1,1,1,1,2,3,3,3,1,2.46,0,0,FALSE
Male,Disloyal Customer,32,Business Travel,Business,283,3,3,3,3,3,3,5,3,3,4,4,3,3,3.31,0,2,FALSE
Male,Loyal Customer,56,Personal Travel,Eco,370,3,5,3,5,5,3,5,5,5,5,1,2,5,4,7,5,FALSE
Female,Loyal Customer,34,Personal Travel,Eco,577,1,5,1,3,3,1,3,3,3,2,5,3,3,2.77,46,61,FALSE
Female,Loyal Customer,14,Personal Travel,Eco,1012,4,5,4,1,5,4,5,5,1,1,1,1,5,3.23,0,0,TRUE
Female,Loyal Customer,51,Personal Travel,Eco,809,3,1,4,3,3,4,4,3,3,4,3,4,1,3.08,0,0,FALSE
Female,Loyal Customer,47,Business Travel,Eco,967,1,3,3,3,4,3,3,1,1,1,1,1,4,2.23,0,13,FALSE
Male,Loyal Customer,55,Personal Travel,Eco,328,0,3,0,3,1,0,1,1,2,4,3,3,1,1.69,97,96,TRUE
Male,Loyal Customer,23,Business Travel,Business,3937,3,3,2,3,4,5,4,4,3,4,4,5,4,3.69,79,70,TRUE
Female,Loyal Customer,49,Personal Travel,Eco,261,2,3,2,4,4,5,5,1,1,2,1,5,3,2.92,0,0,FALSE
Male,Loyal Customer,58,Business Travel,Business,2475,5,5,4,5,3,4,4,5,5,5,5,3,3,4.31,0,0,TRUE
Male,Loyal Customer,29,Personal Travel,Eco,414,2,2,2,4,3,2,2,3,1,2,3,4,3,2.54,0,0,FALSE
Female,Loyal Customer,53,Personal Travel,Eco,972,2,4,2,3,3,5,4,1,1,2,1,5,4,2.85,0,0,FALSE
Female,Loyal Customer,59,Business Travel,Eco,592,4,1,1,1,3,2,3,4,4,4,4,4,2,2.85,32,38,FALSE
Female,Loyal Customer,50,Business Travel,Business,1937,1,3,4,3,5,3,4,2,2,2,1,3,4,2.85,0,0,FALSE
Female,Loyal Customer,63,Business Travel,Business,1882,1,4,4,4,5,4,3,1,1,1,1,4,4,2.85,1,0,FALSE
Male,Loyal Customer,41,Personal Travel,Eco,224,3,4,3,1,2,3,2,2,4,3,4,3,2,2.77,0,0,FALSE
Female,Loyal Customer,30,Business Travel,Business,1426,3,3,3,3,3,4,3,3,4,3,4,5,3,3.38,0,0,TRUE
Male,Loyal Customer,42,Business Travel,Business,910,1,1,1,1,3,5,5,5,5,5,5,4,3,3.38,0,4,TRUE
Female,Loyal Customer,49,Personal Travel,Eco,937,3,5,3,1,1,1,3,3,3,3,3,1,5,2.69,22,31,FALSE
Male,Loyal Customer,35,Personal Travel,Eco,409,3,4,3,2,1,3,5,1,3,5,4,4,1,3,0,0,FALSE
Male,Disloyal Customer,19,Business Travel,Business,500,5,0,5,4,4,0,4,4,5,2,4,5,4,3.54,0,0,TRUE
Female,Loyal Customer,45,Business Travel,Business,420,2,2,2,2,2,3,1,4,4,4,4,2,1,2.54,91,87,TRUE
Male,Loyal Customer,10,Personal Travel,Eco Plus,361,3,4,3,3,5,3,5,5,4,2,4,3,5,3.77,70,85,FALSE
Male,Loyal Customer,53,Business Travel,Business,2447,1,1,1,1,2,4,5,4,4,4,4,3,3,2.85,0,0,TRUE
Female,Disloyal Customer,46,Business Travel,Business,1021,4,4,4,3,5,4,5,5,5,2,5,5,5,4.31,0,0,TRUE
Female,Disloyal Customer,33,Business Travel,Eco,337,2,4,1,3,4,1,4,4,4,3,3,2,4,3,65,66,FALSE
Female,Loyal Customer,16,Personal Travel,Eco,74,1,5,1,4,3,1,3,3,5,2,5,5,3,3.15,58,56,FALSE
Male,Loyal Customer,41,Business Travel,Eco,201,3,1,1,1,3,3,3,3,1,2,4,4,3,2.46,9,8,FALSE
Male,Loyal Customer,39,Business Travel,Eco Plus,201,5,3,3,3,5,5,5,5,5,4,3,2,5,4.08,0,13,TRUE
Male,Loyal Customer,68,Personal Travel,Eco Plus,693,4,4,4,4,3,4,1,3,4,4,4,4,3,3.54,24,41,FALSE
Male,Loyal Customer,52,Personal Travel,Eco,1476,4,5,4,3,2,4,2,2,3,3,5,3,2,3.23,1,0,FALSE
Female,Loyal Customer,28,Personal Travel,Eco Plus,372,4,3,2,4,3,2,3,3,2,1,2,3,3,2.69,66,49,FALSE
Female,Loyal Customer,48,Personal Travel,Eco,762,1,5,1,2,2,5,3,5,5,1,5,2,5,3.23,15,31,FALSE
Female,Loyal Customer,61,Personal Travel,Eco,1916,4,5,4,3,4,5,4,2,2,4,5,5,3,3.85,0,0,FALSE
Female,Loyal Customer,59,Personal Travel,Eco,602,5,5,5,1,5,5,4,3,3,5,3,3,3,3.85,0,0,TRUE
Male,Loyal Customer,31,Business Travel,Business,2112,5,5,5,5,5,5,5,5,4,4,4,4,5,4.69,1,0,TRUE
Male,Loyal Customer,56,Business Travel,Business,2117,2,2,2,2,3,4,4,5,5,5,5,3,3,3.46,0,0,TRUE
Female,Loyal Customer,75,Business Travel,Eco,255,3,5,5,5,3,3,4,3,3,3,3,2,2,3.38,8,5,FALSE
Female,Disloyal Customer,36,Business Travel,Eco,932,2,2,2,3,4,2,4,4,2,5,3,1,4,2.92,0,0,FALSE
Male,Loyal Customer,40,Business Travel,Business,236,0,0,0,3,4,4,5,4,4,4,4,3,3,2.92,0,0,TRUE
Female,Loyal Customer,56,Business Travel,Business,3320,2,2,2,2,2,5,3,4,4,5,4,1,3,3,32,29,TRUE
Male,Loyal Customer,61,Personal Travel,Eco,429,2,0,2,2,5,2,3,5,5,5,5,4,5,3.46,17,23,FALSE
Female,Loyal Customer,58,Business Travel,Business,813,1,1,3,1,3,4,4,4,4,5,4,4,3,3.15,0,0,TRUE
Female,Disloyal Customer,30,Business Travel,Business,647,3,3,3,2,3,3,3,3,4,5,5,3,3,3.31,9,1,FALSE
Female,Loyal Customer,63,Business Travel,Eco,448,1,2,5,2,4,4,4,1,1,1,1,2,4,2.46,0,0,FALSE
Male,Loyal Customer,32,Business Travel,Business,771,5,5,4,5,5,5,5,5,4,5,4,5,5,4.77,26,19,TRUE
Female,Disloyal Customer,20,Business Travel,Business,317,5,0,4,3,2,4,2,2,4,5,5,4,2,3.23,0,0,TRUE
Male,Loyal Customer,68,Personal Travel,Eco,1046,3,5,2,3,1,2,1,1,4,2,4,5,1,2.62,8,0,FALSE
Male,Loyal Customer,38,Business Travel,Eco Plus,229,3,3,3,3,3,2,3,3,4,1,5,3,3,3,0,0,TRUE
Male,Loyal Customer,26,Personal Travel,Eco,1618,2,2,2,4,4,2,4,4,3,5,2,3,4,3.15,58,54,FALSE
Male,Loyal Customer,59,Business Travel,Business,3689,3,3,3,3,4,4,5,5,5,5,5,4,3,4,7,14,TRUE
Female,Disloyal Customer,28,Business Travel,Eco,872,1,2,2,1,2,2,3,2,3,3,2,2,2,2.08,0,0,FALSE
Female,Loyal Customer,55,Personal Travel,Eco,164,3,2,3,4,1,4,4,2,2,3,2,1,4,2.69,0,0,FALSE
Female,Loyal Customer,38,Business Travel,Business,354,1,1,1,1,2,5,4,4,4,4,4,4,4,3,16,3,TRUE
Female,Loyal Customer,58,Personal Travel,Eco,907,1,4,1,1,5,4,4,2,2,1,2,5,3,2.69,7,19,FALSE
Female,Loyal Customer,64,Personal Travel,Eco,529,3,5,3,3,4,5,4,2,2,3,2,5,5,3.54,14,7,FALSE
Male,Loyal Customer,69,Personal Travel,Eco,1188,2,5,2,3,2,2,2,2,4,3,3,3,2,2.69,69,65,FALSE
Female,Disloyal Customer,49,Business Travel,Business,1096,1,0,0,3,4,1,4,4,3,4,4,5,4,2.85,0,2,FALSE
Male,Loyal Customer,48,Business Travel,Eco,101,5,3,5,3,5,5,5,5,5,3,1,1,5,3.92,0,0,TRUE
Female,Loyal Customer,39,Business Travel,Business,3889,3,3,2,3,3,5,4,3,3,3,3,4,5,3.38,9,0,TRUE
Male,Disloyal Customer,36,Business Travel,Business,516,1,1,1,2,4,1,2,4,4,4,5,4,4,2.85,0,0,FALSE
Male,Loyal Customer,39,Business Travel,Eco,183,4,3,3,3,4,4,4,4,1,2,1,4,4,3.15,0,0,TRUE
Female,Loyal Customer,31,Personal Travel,Eco,554,1,3,2,2,4,2,4,4,2,5,4,1,4,2.92,1,8,FALSE
Female,Disloyal Customer,20,Business Travel,Eco,163,4,2,4,3,5,4,5,5,1,4,3,3,5,3.69,73,87,FALSE
Male,Loyal Customer,48,Business Travel,Business,1956,5,5,5,5,3,5,4,5,5,4,5,3,4,4.46,32,14,TRUE
Female,Loyal Customer,33,Business Travel,Eco,384,4,5,5,5,4,4,4,4,3,1,1,1,4,3.46,0,6,TRUE
Male,Loyal Customer,30,Business Travel,Eco,469,4,5,3,5,4,3,4,4,3,5,3,2,4,3.77,0,18,FALSE
Male,Disloyal Customer,39,Business Travel,Business,222,1,1,1,1,2,1,2,2,5,2,2,1,2,1.77,0,0,FALSE
Female,Loyal Customer,55,Business Travel,Business,1552,2,2,2,2,3,4,4,5,5,5,4,3,3,3.38,0,0,TRUE
Female,Loyal Customer,30,Business Travel,Eco Plus,343,4,3,3,3,4,4,4,4,1,2,4,4,4,3.38,11,12,FALSE
Female,Loyal Customer,16,Business Travel,Business,3895,3,2,2,2,3,3,3,3,1,2,3,4,3,2.62,0,4,FALSE
Male,Loyal Customer,67,Personal Travel,Eco,432,4,4,4,3,2,4,2,2,5,2,5,3,2,3.23,0,0,FALSE
Male,Disloyal Customer,39,Business Travel,Business,247,1,1,1,3,3,1,3,3,4,5,4,5,3,2.85,0,0,FALSE
Female,Loyal Customer,44,Business Travel,Business,449,3,3,3,3,3,5,4,4,4,4,4,5,4,3.77,16,16,TRUE
Male,Loyal Customer,15,Personal Travel,Eco,414,3,3,3,3,3,4,4,4,3,3,3,4,4,3.38,161,155,FALSE
Female,Loyal Customer,65,Personal Travel,Eco,405,0,1,0,3,4,4,3,2,2,0,1,3,4,2.08,0,0,TRUE
Female,Loyal Customer,49,Business Travel,Business,116,4,4,4,4,1,3,2,4,4,5,5,1,1,3.23,0,0,TRUE
Female,Disloyal Customer,27,Business Travel,Business,397,4,4,4,2,1,4,1,1,5,5,5,5,1,3.23,0,0,TRUE
Female,Loyal Customer,59,Personal Travel,Eco,1670,3,4,3,3,5,3,3,1,1,3,1,3,1,2.62,0,0,FALSE
Female,Loyal Customer,40,Business Travel,Business,507,1,4,4,4,2,4,3,1,1,2,1,1,1,2.23,0,0,FALSE
Female,Loyal Customer,61,Business Travel,Business,2793,3,1,1,1,5,3,3,3,3,3,3,4,2,2.69,24,17,FALSE
Female,Loyal Customer,60,Business Travel,Business,268,2,2,2,2,2,5,5,4,4,4,4,4,3,3.31,2,8,TRUE
Male,Disloyal Customer,23,Business Travel,Eco,621,3,0,3,2,2,3,2,2,4,3,4,5,2,2.69,0,8,FALSE
Female,Loyal Customer,29,Personal Travel,Eco,127,4,4,4,3,1,4,1,1,1,1,3,1,1,2.23,0,0,FALSE
Male,Loyal Customer,9,Personal Travel,Eco,383,2,3,2,3,4,2,4,4,2,2,3,2,4,2.85,65,100,FALSE
Female,Loyal Customer,52,Business Travel,Eco,397,2,4,4,4,3,4,3,2,2,2,2,3,1,2.77,0,0,FALSE
Female,Disloyal Customer,40,Business Travel,Business,557,1,1,1,4,5,1,1,5,3,3,3,2,5,2.69,45,39,FALSE
Female,Disloyal Customer,22,Business Travel,Eco,588,4,0,4,3,3,4,2,3,2,2,2,4,3,2.77,0,0,TRUE
Female,Loyal Customer,34,Personal Travel,Eco,2370,2,4,2,4,4,2,2,4,4,4,3,3,4,3.23,4,17,FALSE
Female,Loyal Customer,49,Business Travel,Business,1813,2,2,2,2,3,5,5,5,5,5,5,3,5,3.77,0,0,TRUE
Male,Loyal Customer,66,Business Travel,Business,3919,2,5,5,5,1,3,3,2,2,2,2,2,3,2.85,19,16,FALSE
Female,Disloyal Customer,37,Business Travel,Business,1072,3,3,3,3,4,3,4,4,1,5,3,3,4,3.31,111,126,FALSE
Male,Disloyal Customer,26,Business Travel,Eco,842,2,2,2,2,5,2,5,5,3,2,3,3,5,3.15,0,0,FALSE
Female,Disloyal Customer,50,Business Travel,Business,1333,4,4,4,3,4,4,4,4,3,5,4,3,4,3.85,14,4,TRUE
Female,Disloyal Customer,38,Business Travel,Business,1107,4,4,4,3,4,4,4,4,5,5,5,3,4,4.08,8,0,TRUE
Male,Loyal Customer,66,Business Travel,Business,957,2,1,1,1,2,2,2,2,2,2,2,1,3,1.77,0,0,FALSE
Male,Loyal Customer,46,Personal Travel,Business,422,4,1,2,3,1,2,3,5,5,2,5,4,4,3.15,0,0,TRUE
Male,Loyal Customer,54,Personal Travel,Eco Plus,1091,1,3,1,2,3,1,5,3,2,3,5,1,3,2.54,34,41,FALSE
Female,Loyal Customer,11,Personal Travel,Eco,994,4,5,4,2,5,4,5,5,5,5,4,4,5,4.38,0,0,FALSE
Male,Loyal Customer,21,Personal Travel,Eco,980,3,4,3,4,3,2,2,2,3,3,3,2,2,2.77,190,,FALSE
Female,Disloyal Customer,25,Business Travel,Eco,746,4,4,4,5,2,4,2,2,3,4,3,5,2,3.38,4,5,FALSE
Female,Loyal Customer,31,Personal Travel,Eco,997,3,4,3,3,5,3,4,5,4,1,3,4,5,3.62,0,0,FALSE
Male,Loyal Customer,41,Personal Travel,Eco,1005,3,5,3,4,2,3,2,2,4,5,4,4,2,3.31,0,9,FALSE
Male,Loyal Customer,40,Business Travel,Eco,1589,2,5,5,5,2,2,2,2,1,1,3,1,2,2.54,0,0,FALSE
Female,Disloyal Customer,15,Business Travel,Eco,239,3,2,2,2,2,2,4,2,3,5,3,3,2,2.69,0,0,FALSE
Male,Loyal Customer,28,Personal Travel,Eco,223,3,5,3,4,4,3,4,4,2,3,1,4,4,3.38,8,2,FALSE
Male,Loyal Customer,46,Business Travel,Eco,861,4,5,5,5,5,4,5,5,2,4,3,2,5,4.15,11,16,FALSE
Female,Disloyal Customer,22,Business Travel,Eco,1089,2,2,2,4,2,5,5,2,5,4,4,5,5,3.62,41,150,FALSE
Female,Loyal Customer,44,Personal Travel,Eco,463,3,4,3,4,3,4,3,1,1,3,1,1,2,2.54,0,0,FALSE
Male,Loyal Customer,46,Business Travel,Business,1371,3,3,3,3,2,4,5,3,3,4,3,3,5,3.38,0,0,TRUE
Female,Loyal Customer,48,Business Travel,Business,1500,4,4,4,4,3,4,4,5,5,5,5,4,3,4.15,0,0,TRUE
Male,Loyal Customer,15,Personal Travel,Eco,197,4,4,0,2,2,0,1,2,3,5,1,1,2,2.08,0,2,TRUE
Male,Loyal Customer,45,Business Travel,Business,413,3,3,3,3,2,5,5,4,4,4,4,5,4,3.77,0,0,TRUE
Female,Loyal Customer,50,Personal Travel,Eco,432,2,2,2,4,1,4,3,3,3,2,2,2,4,2.62,9,5,FALSE
Male,Loyal Customer,34,Business Travel,Business,2521,2,2,2,2,2,5,5,5,5,5,5,4,3,3.62,97,78,TRUE
Female,Loyal Customer,55,Personal Travel,Eco,508,1,4,1,3,5,5,4,4,4,1,5,5,5,3.62,0,3,FALSE
Female,Loyal Customer,40,Business Travel,Business,3061,4,4,4,4,3,5,4,4,4,4,4,4,3,3.92,0,0,TRUE
Female,Loyal Customer,28,Personal Travel,Eco,500,1,5,1,3,5,1,5,5,3,3,5,3,5,3.46,0,3,FALSE
Male,Loyal Customer,22,Personal Travel,Eco,471,3,3,3,5,2,3,2,2,5,3,5,1,2,3,18,15,FALSE
Male,Loyal Customer,57,Business Travel,Eco,436,3,5,5,5,3,3,3,3,3,5,4,4,3,3.77,0,6,FALSE
Female,Loyal Customer,30,Personal Travel,Eco,134,4,5,0,1,1,0,1,1,4,4,4,5,1,2.38,0,0,FALSE
Male,Loyal Customer,52,Business Travel,Business,1588,3,3,3,3,4,5,5,5,5,5,5,5,5,4.31,8,0,TRUE
Male,Loyal Customer,60,Personal Travel,Eco,533,3,1,2,3,1,2,1,1,1,4,4,2,1,2,0,0,FALSE
Male,Loyal Customer,21,Personal Travel,Eco Plus,152,2,5,2,3,1,2,1,1,4,4,4,4,1,2.62,0,0,FALSE
Male,Loyal Customer,49,Business Travel,Business,1476,2,2,2,2,5,4,4,5,5,4,5,4,4,3.69,21,18,TRUE
Female,Loyal Customer,45,Personal Travel,Eco,591,2,4,1,4,1,3,4,1,1,1,1,1,1,1.92,69,67,FALSE
Female,Loyal Customer,52,Business Travel,Business,1882,2,2,3,2,3,5,4,5,5,5,5,4,4,3.77,0,0,TRUE
Male,Loyal Customer,48,Business Travel,Business,1444,1,1,1,1,4,5,4,5,5,5,5,4,4,3.46,0,0,TRUE
Male,Loyal Customer,40,Business Travel,Business,874,2,2,2,2,5,5,5,5,5,5,5,3,5,3.92,0,0,TRUE
Male,Loyal Customer,20,Personal Travel,Eco,453,3,5,3,4,4,3,4,4,4,3,5,3,4,3.77,0,0,FALSE
Female,Loyal Customer,10,Personal Travel,Eco,680,4,5,3,5,4,3,4,4,3,5,5,5,4,4.15,0,0,TRUE
Female,Loyal Customer,33,Personal Travel,Eco Plus,1144,2,4,3,3,4,3,4,4,3,4,4,4,4,3.54,16,39,FALSE
Female,Loyal Customer,54,Business Travel,Eco,163,4,3,3,3,3,3,3,4,4,4,4,1,2,3.15,0,0,TRUE
Male,Loyal Customer,42,Personal Travel,Eco,370,4,4,4,3,5,4,3,5,1,1,3,2,5,3.38,20,10,FALSE
Female,Loyal Customer,7,Personal Travel,Business,607,3,4,2,1,2,2,2,2,5,5,5,5,2,3.08,6,10,FALSE
Female,Loyal Customer,63,Personal Travel,Eco,1121,2,4,2,4,2,5,4,3,3,2,3,4,4,3.23,0,11,FALSE
Female,Loyal Customer,32,Business Travel,Business,2071,1,5,2,5,1,1,1,1,1,2,3,4,1,2.15,0,0,FALSE
Male,Disloyal Customer,23,Business Travel,Business,991,0,5,0,1,1,0,1,1,3,3,4,4,1,1.85,0,0,TRUE
Female,Disloyal Customer,27,Business Travel,Eco,315,3,3,3,3,3,3,2,3,3,1,3,1,3,2.62,1,20,FALSE
Female,Loyal Customer,47,Business Travel,Business,587,3,3,2,3,3,5,4,5,5,4,5,4,4,3.85,0,0,TRUE
Male,Loyal Customer,60,Business Travel,Business,1130,2,2,4,2,4,4,5,5,5,5,5,5,4,4,14,2,TRUE
Female,Loyal Customer,50,Business Travel,Business,3291,5,1,5,5,2,4,5,5,5,5,5,3,5,4.23,0,0,TRUE
Male,Loyal Customer,26,Business Travel,Eco,484,2,1,1,1,2,2,2,2,4,5,2,2,2,2.15,9,0,FALSE
Female,Loyal Customer,40,Business Travel,Business,1667,3,1,1,1,3,2,2,3,3,3,3,2,3,2.31,20,4,FALSE
Female,Loyal Customer,48,Business Travel,Business,2342,3,4,4,4,3,3,3,4,5,3,3,3,3,3.46,4,0,FALSE
Female,Loyal Customer,45,Business Travel,Business,507,4,4,4,4,4,5,5,5,5,5,5,4,4,4.46,0,0,TRUE
Female,Loyal Customer,26,Personal Travel,Eco,2295,3,3,3,1,3,1,3,4,3,1,1,3,3,2.46,0,28,FALSE
Female,Loyal Customer,48,Business Travel,Business,404,3,3,3,3,3,5,4,5,5,5,5,3,3,3.85,0,9,TRUE
Male,Loyal Customer,27,Business Travel,Business,2402,1,5,5,5,1,1,1,1,4,3,2,4,1,2.62,25,2,FALSE
Female,Loyal Customer,42,Personal Travel,Eco,1389,4,4,4,3,2,4,5,3,3,4,3,5,4,3.69,0,56,FALSE
Male,Loyal Customer,54,Business Travel,Business,2375,5,5,4,5,5,5,5,5,5,5,5,5,4,4.85,0,0,TRUE
Male,Disloyal Customer,34,Business Travel,Business,570,1,1,1,3,2,1,4,2,4,4,4,4,2,2.54,0,4,FALSE
Male,Loyal Customer,20,Personal Travel,Eco,2153,1,5,1,2,3,1,3,3,5,3,4,3,3,2.85,0,0,FALSE
Male,Loyal Customer,26,Personal Travel,Eco,677,3,5,3,4,5,3,5,5,1,1,4,4,5,3.69,15,8,FALSE
Female,Disloyal Customer,22,Business Travel,Business,370,5,3,5,1,2,5,2,2,3,5,4,4,2,3.31,59,41,TRUE
Male,Loyal Customer,36,Personal Travel,Eco,1012,4,3,3,2,4,3,1,4,5,1,5,1,4,3.08,6,0,FALSE
Male,Loyal Customer,39,Business Travel,Business,3841,3,3,3,3,2,5,4,2,2,2,2,3,3,2.85,91,84,TRUE
Male,Loyal Customer,12,Business Travel,Eco Plus,817,2,3,1,3,2,2,1,2,3,4,3,4,2,2.46,0,0,FALSE
Female,Loyal Customer,53,Business Travel,Business,3907,2,2,2,2,2,5,4,4,4,4,4,5,4,3.38,10,0,TRUE
Female,Loyal Customer,64,Personal Travel,Eco,2174,3,4,3,1,4,4,4,1,1,3,1,3,3,2.69,1,0,FALSE
Female,Loyal Customer,28,Business Travel,Business,2039,2,2,2,2,3,4,3,3,4,3,3,4,3,2.92,19,0,TRUE
Female,Loyal Customer,45,Business Travel,Business,2157,0,0,0,3,3,5,5,4,4,4,4,3,5,3.08,0,0,TRUE
Male,Loyal Customer,24,Business Travel,Business,909,1,1,2,1,5,4,5,5,3,4,4,3,5,3.31,0,0,TRUE
Male,Loyal Customer,48,Business Travel,Business,2687,5,5,5,5,4,5,3,5,5,5,5,4,2,4.46,8,0,TRUE
Female,Loyal Customer,53,Business Travel,Business,3382,4,4,4,4,3,4,4,4,4,4,4,3,4,3.85,0,0,TRUE
Female,Loyal Customer,42,Personal Travel,Eco,651,3,2,3,3,2,2,3,1,1,3,1,2,1,2.08,0,0,FALSE
Male,Loyal Customer,39,Business Travel,Business,2069,2,2,4,2,5,5,5,2,5,1,3,5,5,3.54,206,219,TRUE
Female,Loyal Customer,37,Personal Travel,Eco,868,1,3,1,2,1,1,1,1,1,2,2,3,1,1.54,0,0,FALSE
Female,Disloyal Customer,68,Business Travel,Business,158,2,2,2,4,3,2,3,3,3,4,5,4,3,3.08,0,0,FALSE
Female,Loyal Customer,27,Business Travel,Eco,1846,2,5,5,5,2,2,2,2,2,2,3,3,2,2.85,2,0,FALSE
Male,Loyal Customer,41,Personal Travel,Eco,587,2,4,2,4,2,2,2,2,3,2,5,4,2,2.77,0,0,FALSE
Male,Loyal Customer,21,Business Travel,Business,3479,2,3,3,3,2,1,2,2,3,3,4,4,2,2.62,4,0,FALSE
Male,Loyal Customer,15,Personal Travel,Eco,311,3,5,3,3,2,3,2,2,5,5,5,5,2,3.46,0,0,FALSE
Female,Loyal Customer,57,Business Travel,Business,3926,2,2,2,2,5,5,4,5,5,5,4,4,5,3.85,0,0,TRUE
Male,Loyal Customer,12,Personal Travel,Eco,446,1,4,1,3,1,1,1,1,3,5,4,4,1,2.31,0,0,FALSE
Female,Loyal Customer,33,Personal Travel,Eco Plus,2381,0,4,0,3,1,0,1,1,3,5,4,5,1,2.15,0,0,TRUE
Female,Loyal Customer,36,Business Travel,Business,472,1,1,1,1,5,5,5,4,4,3,4,5,3,3.23,0,2,TRUE
Male,Loyal Customer,37,Business Travel,Business,2327,4,4,4,4,4,5,5,4,4,5,4,5,4,4.31,0,0,TRUE
Male,Loyal Customer,20,Personal Travel,Eco,1139,4,1,4,3,5,4,5,5,3,5,2,1,5,3.62,0,0,TRUE
Male,Loyal Customer,42,Business Travel,Business,3117,2,2,4,2,2,4,4,2,2,2,2,5,4,2.85,0,0,TRUE
Female,Loyal Customer,55,Business Travel,Business,500,4,4,4,4,3,5,4,3,3,3,3,3,4,3.62,2,0,TRUE
Female,Loyal Customer,73,Business Travel,Eco,463,3,5,5,5,3,3,2,3,3,3,3,1,4,3.31,0,0,FALSE
Female,Loyal Customer,70,Personal Travel,Eco,213,4,4,4,3,1,4,3,4,4,4,3,3,4,3.46,0,0,FALSE
Female,Loyal Customer,48,Personal Travel,Eco,419,4,1,4,3,4,3,4,2,2,4,2,4,3,3.08,0,0,FALSE
Female,Loyal Customer,34,Personal Travel,Eco Plus,67,1,4,1,1,4,1,4,4,4,2,4,4,4,2.92,18,20,FALSE
Female,Loyal Customer,53,Business Travel,Eco,346,4,5,5,5,1,1,4,3,3,4,3,3,2,3.31,12,26,TRUE
Female,Loyal Customer,42,Business Travel,Business,2623,2,5,5,5,5,3,3,2,2,2,2,3,1,3.08,22,30,FALSE
Male,Loyal Customer,45,Business Travel,Eco,718,4,5,5,5,4,4,4,4,1,1,5,1,4,3.62,0,0,TRUE
Male,Loyal Customer,28,Business Travel,Business,1337,1,1,4,1,4,4,4,4,4,5,5,3,4,3.38,0,0,TRUE
Male,Loyal Customer,35,Business Travel,Eco,261,3,4,4,4,3,3,3,3,4,3,3,2,3,3.23,0,0,FALSE
Male,Loyal Customer,50,Personal Travel,Business,89,4,4,0,1,2,5,5,4,4,0,4,5,3,3.15,23,14,FALSE
Female,Disloyal Customer,30,Business Travel,Eco,109,3,2,3,4,5,3,5,5,4,2,3,3,5,3.62,0,0,FALSE
Female,Loyal Customer,36,Personal Travel,Eco,164,3,3,3,3,3,3,3,3,4,3,4,4,3,3.23,17,21,FALSE
Female,Loyal Customer,30,Business Travel,Business,2944,5,5,5,5,5,5,5,5,3,1,2,4,5,4.23,0,0,TRUE
Female,Loyal Customer,48,Business Travel,Business,119,3,3,3,3,3,5,4,4,4,4,4,3,4,3.62,0,0,TRUE
Male,Loyal Customer,37,Personal Travel,Business,2556,3,2,3,4,3,2,4,4,2,4,4,4,4,3.31,148,182,FALSE
Female,Loyal Customer,38,Personal Travel,Eco,2288,3,5,3,1,1,3,1,1,5,4,2,3,1,2.54,0,0,FALSE
Female,Loyal Customer,32,Business Travel,Business,3405,2,2,2,2,4,4,4,4,3,4,2,4,4,3.15,14,23,TRUE
Female,Loyal Customer,54,Business Travel,Business,2279,4,4,4,4,5,4,5,4,4,5,4,3,4,4.15,0,0,TRUE
Female,Loyal Customer,44,Business Travel,Business,1222,1,1,1,1,2,4,5,4,4,5,4,4,5,3.15,0,0,TRUE
Male,Loyal Customer,42,Business Travel,Business,2935,2,2,2,2,5,5,4,4,4,4,4,4,3,3.46,60,55,TRUE
Female,Disloyal Customer,37,Business Travel,Business,152,3,3,3,3,2,3,2,2,5,2,5,5,2,3.08,0,0,FALSE
Female,Loyal Customer,54,Personal Travel,Eco,584,3,5,3,2,4,4,4,5,5,3,2,4,3,3.62,0,0,FALSE
Male,Loyal Customer,27,Business Travel,Business,1400,5,1,5,5,2,2,2,2,5,4,5,5,2,3.46,0,0,TRUE
Female,Loyal Customer,42,Business Travel,Eco,1521,5,4,4,4,3,3,3,5,5,5,5,5,5,4.31,31,22,TRUE
Female,Disloyal Customer,24,Business Travel,Eco,873,5,5,5,2,3,5,3,3,5,5,3,5,3,4,0,0,TRUE
Male,Loyal Customer,46,Business Travel,Business,2607,1,1,5,1,2,2,2,2,5,3,3,2,2,2.38,0,15,TRUE
Male,Loyal Customer,50,Business Travel,Business,3604,2,2,2,2,2,5,5,5,5,5,5,3,4,3.62,12,35,TRUE
Female,Loyal Customer,56,Personal Travel,Eco Plus,187,2,5,0,1,0,3,3,5,3,4,4,3,3,2.77,118,160,FALSE
Female,Loyal Customer,39,Business Travel,Business,2258,0,0,0,4,4,4,4,5,5,5,5,4,3,3.31,82,102,TRUE
Male,Loyal Customer,46,Personal Travel,Eco,1735,2,4,2,3,4,2,5,4,2,3,4,5,4,3.38,28,1,FALSE
Female,Loyal Customer,55,Personal Travel,Eco,1598,1,5,1,2,3,5,5,2,2,1,2,4,4,2.85,18,4,FALSE
Male,Disloyal Customer,55,Business Travel,Business,354,2,2,2,1,2,2,5,2,5,2,5,3,2,2.69,0,0,FALSE
Male,Loyal Customer,41,Personal Travel,Eco,895,2,4,1,2,3,1,3,3,3,3,5,3,3,2.77,10,0,FALSE
Male,Loyal Customer,42,Personal Travel,Eco,1463,3,4,3,1,1,3,1,1,5,3,5,4,1,2.69,0,0,FALSE
Male,Loyal Customer,39,Business Travel,Business,1024,1,1,1,1,4,4,5,2,2,2,2,2,5,2.46,0,0,TRUE
Male,Loyal Customer,48,Business Travel,Eco,328,4,4,4,4,4,4,4,4,2,2,4,3,4,3.62,0,0,TRUE
Female,Loyal Customer,57,Personal Travel,Eco,266,4,0,4,1,2,4,4,1,1,4,1,4,3,2.54,0,0,FALSE
Female,Disloyal Customer,46,Business Travel,Eco,862,1,1,1,2,3,1,3,3,2,3,3,2,3,2.15,29,44,FALSE
Female,Loyal Customer,36,Business Travel,Eco,416,2,3,3,3,2,2,2,2,1,1,3,3,2,2.23,9,20,FALSE
Male,Disloyal Customer,23,Business Travel,Eco,89,3,3,3,3,1,3,1,1,1,2,3,1,1,2,62,61,FALSE
Female,Disloyal Customer,22,Business Travel,Eco,605,0,4,0,5,2,0,2,2,4,2,5,1,2,2.23,4,0,TRUE
Female,Disloyal Customer,22,Business Travel,Business,107,3,2,3,4,4,3,4,4,1,5,4,2,4,3.31,1,0,FALSE
Male,Loyal Customer,40,Business Travel,Business,3004,5,5,5,5,5,4,4,5,5,5,4,5,4,4.69,0,0,TRUE
Male,Loyal Customer,44,Business Travel,Business,427,2,5,2,2,4,4,4,4,4,4,4,4,3,3.54,74,53,TRUE
Male,Loyal Customer,20,Business Travel,Business,2703,5,5,4,5,3,3,3,3,4,4,5,4,3,3.92,0,0,TRUE
Female,Loyal Customer,10,Personal Travel,Eco,431,4,4,4,1,4,4,3,4,4,5,5,3,4,3.77,0,0,FALSE
Male,Loyal Customer,42,Business Travel,Eco,319,4,2,2,2,4,4,4,4,5,2,3,1,4,3.15,14,6,TRUE
Male,Disloyal Customer,21,Business Travel,Eco,433,3,0,3,1,2,3,2,2,5,3,4,2,2,2.46,0,0,FALSE
Male,Loyal Customer,46,Business Travel,Business,479,2,2,2,2,2,5,4,5,5,5,5,3,3,3.46,10,13,TRUE
Male,Loyal Customer,23,Personal Travel,Eco,802,2,5,2,2,4,2,4,4,1,1,1,4,4,2.77,42,38,FALSE
Male,Disloyal Customer,36,Business Travel,Business,444,3,3,3,1,4,3,4,4,3,5,5,4,4,3.54,0,3,FALSE
Male,Loyal Customer,31,Business Travel,Eco,480,3,2,2,2,3,3,3,3,1,5,4,2,3,2.77,0,0,FALSE
Female,Loyal Customer,41,Business Travel,Business,3904,3,3,3,3,1,3,3,4,4,4,4,4,1,3.08,0,0,TRUE
Female,Loyal Customer,31,Personal Travel,Eco,337,4,5,5,2,1,5,1,1,3,5,4,5,1,3.23,0,0,FALSE
Female,Disloyal Customer,34,Business Travel,Business,534,2,2,2,1,5,2,4,5,5,2,4,4,5,3.31,9,0,FALSE
Female,Loyal Customer,26,Business Travel,Eco,552,3,3,3,3,3,3,1,3,4,5,3,2,3,3,0,11,FALSE
Female,Loyal Customer,33,Business Travel,Business,1553,5,5,5,5,4,1,5,5,5,5,5,4,1,4.23,0,4,TRUE
Female,Loyal Customer,9,Business Travel,Business,491,1,1,1,1,5,5,5,5,5,5,5,5,5,3.77,0,0,TRUE
Male,Disloyal Customer,19,Business Travel,Business,590,4,4,4,3,3,4,1,3,5,4,5,5,3,3.69,0,2,TRUE
Female,Disloyal Customer,24,Business Travel,Eco,399,1,2,1,3,1,1,1,1,4,2,4,1,1,1.77,0,0,FALSE
Male,Loyal Customer,20,Personal Travel,Eco,679,4,4,4,3,1,4,1,1,3,5,4,4,1,3,8,0,FALSE
Male,Loyal Customer,34,Personal Travel,Eco,972,2,4,2,2,1,2,1,1,3,4,4,3,1,2.31,0,0,FALSE
Male,Loyal Customer,49,Business Travel,Business,2153,2,2,4,2,2,4,4,3,3,3,3,3,5,3.08,13,8,TRUE
Male,Loyal Customer,50,Business Travel,Eco Plus,862,4,5,5,5,4,4,4,4,2,1,3,2,4,3.62,0,5,TRUE
Male,Loyal Customer,17,Personal Travel,Eco,349,3,4,3,4,3,3,3,3,3,3,3,1,3,3,0,0,FALSE
Male,Disloyal Customer,27,Business Travel,Business,313,2,2,2,4,1,2,1,1,3,3,3,1,1,2,40,13,FALSE
Female,Loyal Customer,56,Personal Travel,Eco,214,4,1,4,4,5,3,3,4,4,4,1,2,1,3.08,0,0,FALSE
Female,Loyal Customer,72,Business Travel,Eco,1144,2,1,1,1,3,3,3,2,2,2,2,4,4,2.31,0,17,FALSE
Male,Disloyal Customer,34,Business Travel,Business,2404,3,3,3,1,1,3,1,1,5,4,3,4,1,2.54,0,0,FALSE
Male,Loyal Customer,43,Business Travel,Business,2688,2,2,3,2,2,4,4,5,5,5,5,4,3,3.54,22,0,TRUE
Male,Loyal Customer,52,Business Travel,Business,1954,1,1,1,1,4,3,4,5,5,5,5,1,5,3.15,0,0,TRUE
Female,Loyal Customer,51,Business Travel,Business,337,2,2,2,2,5,5,4,5,5,5,5,4,5,3.92,0,0,TRUE
Female,Loyal Customer,46,Personal Travel,Eco,160,2,4,0,3,5,3,3,5,5,0,5,3,4,3.23,0,2,FALSE
Male,Loyal Customer,38,Personal Travel,Eco Plus,990,3,4,4,3,2,4,3,2,4,5,5,3,2,3.38,0,0,FALSE
Male,Loyal Customer,25,Business Travel,Eco,439,4,3,3,3,4,4,4,3,3,4,4,4,4,3.62,164,201,FALSE
Male,Loyal Customer,60,Personal Travel,Eco Plus,990,4,5,4,2,2,4,2,2,3,2,5,3,2,3.08,0,0,FALSE
Female,Loyal Customer,55,Business Travel,Business,3947,4,4,4,4,5,5,5,4,4,4,4,3,4,4.15,35,13,TRUE
Female,Loyal Customer,11,Personal Travel,Eco,667,3,1,3,2,3,3,2,1,2,2,2,2,2,2.15,280,252,FALSE
Male,Loyal Customer,39,Business Travel,Business,2266,4,2,2,2,3,3,4,4,4,3,4,4,2,3.15,0,0,FALSE
Male,Loyal Customer,49,Business Travel,Business,2218,2,2,2,2,3,4,5,5,5,5,5,4,4,3.69,0,0,TRUE
Male,Loyal Customer,44,Personal Travel,Eco,985,3,5,3,5,4,3,2,4,4,5,4,5,4,3.92,0,0,FALSE
Female,Disloyal Customer,20,Business Travel,Eco,570,1,3,1,3,4,1,4,4,2,5,4,3,4,3,67,57,FALSE
Male,Loyal Customer,32,Business Travel,Eco,680,0,0,0,1,3,0,3,3,3,1,1,3,3,1.62,0,0,TRUE
Female,Disloyal Customer,33,Business Travel,Business,73,4,4,4,5,4,4,4,4,5,2,5,4,4,4.08,0,0,FALSE
Male,Loyal Customer,47,Business Travel,Eco Plus,347,5,5,5,5,5,5,5,5,3,1,3,2,5,4.15,0,2,TRUE
Female,Loyal Customer,41,Business Travel,Business,522,2,2,2,2,5,2,1,5,5,5,5,5,2,3.31,15,0,TRUE
Male,Loyal Customer,37,Business Travel,Eco,547,4,1,1,1,4,4,4,4,1,5,4,2,4,3,42,38,FALSE
Female,Loyal Customer,63,Personal Travel,Eco Plus,562,2,3,2,2,4,2,3,1,1,2,1,2,1,2,17,19,FALSE
Female,Loyal Customer,17,Personal Travel,Eco,1090,1,5,1,4,4,1,4,4,2,5,2,2,4,3,31,44,FALSE
Female,Loyal Customer,30,Business Travel,Business,1312,5,5,5,5,3,3,3,3,4,3,4,3,3,3.77,22,45,TRUE
Female,Loyal Customer,43,Business Travel,Business,2139,1,1,1,1,3,4,4,5,5,4,5,4,5,3.31,12,0,TRUE
Male,Loyal Customer,40,Business Travel,Eco Plus,1096,1,3,3,3,1,1,1,1,4,1,2,3,1,1.92,0,0,FALSE
Male,Loyal Customer,42,Personal Travel,Eco Plus,429,4,4,5,5,3,5,3,3,3,5,3,1,3,3.62,0,0,FALSE
Male,Loyal Customer,53,Business Travel,Eco,811,5,1,5,1,5,5,5,5,4,4,3,4,5,4,118,103,TRUE
Female,Loyal Customer,45,Business Travel,Eco,299,4,4,2,4,4,4,4,5,5,2,3,4,4,3.77,146,136,TRUE
Male,Loyal Customer,35,Business Travel,Eco Plus,463,4,3,2,3,4,4,4,4,4,2,3,1,4,3.23,3,0,TRUE
Female,Loyal Customer,14,Business Travel,Business,2559,2,2,2,2,4,4,4,4,1,3,1,2,4,2.69,0,0,TRUE
Male,Loyal Customer,58,Personal Travel,Eco,1773,2,2,2,4,5,2,5,5,1,3,4,3,5,3.31,13,0,FALSE
Male,Loyal Customer,49,Business Travel,Eco Plus,1464,5,5,2,2,5,5,5,5,5,1,3,3,5,3.92,21,15,TRUE
Male,Loyal Customer,35,Personal Travel,Eco,333,3,4,3,3,3,3,3,3,3,2,5,3,3,3.15,4,1,FALSE
Male,Loyal Customer,27,Business Travel,Eco,594,5,5,5,5,5,5,5,5,1,5,3,5,5,4.54,0,42,TRUE
Male,Loyal Customer,12,Personal Travel,Eco Plus,308,3,4,3,2,1,3,1,1,2,3,1,1,1,2,0,0,FALSE
Female,Loyal Customer,57,Personal Travel,Eco,679,5,4,5,4,2,4,5,3,3,5,3,4,5,4,14,19,TRUE
Female,Loyal Customer,23,Business Travel,Eco Plus,954,3,2,5,2,3,3,4,3,1,2,4,3,3,2.92,0,9,FALSE
Female,Loyal Customer,12,Personal Travel,Eco,391,3,5,3,4,4,3,4,4,3,3,5,4,4,3.77,0,0,FALSE
Male,Loyal Customer,67,Personal Travel,Eco,749,2,1,3,1,5,3,5,5,1,2,1,1,5,2.69,0,0,FALSE
Male,Loyal Customer,24,Personal Travel,Eco,594,2,1,3,4,1,3,1,1,4,4,3,1,1,2.23,0,0,FALSE
Female,Loyal Customer,10,Personal Travel,Business,1041,3,5,3,4,4,3,4,4,5,2,5,3,4,3.77,0,0,FALSE
Female,Loyal Customer,29,Business Travel,Business,2600,4,4,4,4,4,4,4,4,5,3,4,4,4,4,0,0,TRUE
Male,Loyal Customer,63,Personal Travel,Eco,989,2,4,2,4,2,2,1,2,1,2,4,2,2,2.31,0,0,FALSE
Male,Loyal Customer,23,Business Travel,Business,985,1,3,3,3,1,1,1,1,4,4,4,1,1,2.15,12,4,FALSE
Male,Disloyal Customer,22,Business Travel,Eco,309,4,1,4,3,3,4,3,3,1,4,1,3,3,2.85,0,0,TRUE
Female,Loyal Customer,67,Personal Travel,Eco,1119,3,5,3,5,1,4,4,5,5,3,5,1,2,3.54,82,76,FALSE
Female,Loyal Customer,33,Business Travel,Business,1763,3,3,3,3,3,4,5,4,4,4,4,5,4,3.77,0,0,TRUE
Female,Loyal Customer,64,Personal Travel,Eco Plus,456,1,4,1,3,1,3,5,4,4,1,4,5,2,2.92,23,55,FALSE
Male,Loyal Customer,55,Business Travel,Business,320,0,0,0,3,4,5,3,2,2,1,1,2,1,1.85,0,0,TRUE
Male,Loyal Customer,41,Business Travel,Business,1919,2,2,2,2,5,5,4,4,4,4,4,4,3,3.46,0,20,TRUE
Male,Disloyal Customer,24,Business Travel,Eco,391,4,0,4,5,3,4,3,3,3,2,4,2,3,3.08,0,2,TRUE
Male,Loyal Customer,55,Personal Travel,Eco,989,1,2,1,2,4,1,4,4,2,5,2,3,4,2.69,13,14,FALSE
Male,Disloyal Customer,22,Business Travel,Eco,157,3,1,3,2,2,3,2,2,2,1,2,2,2,2.08,28,55,FALSE
Male,Disloyal Customer,34,Business Travel,Business,261,2,2,2,1,5,2,5,5,5,4,4,3,5,3.46,0,0,FALSE
Female,Loyal Customer,37,Personal Travel,Eco Plus,1005,1,4,1,1,3,1,3,3,5,4,2,5,3,2.77,116,112,FALSE
Female,Loyal Customer,16,Personal Travel,Eco,587,2,4,2,2,3,2,3,3,5,2,5,3,3,3,7,0,FALSE
Female,Loyal Customer,15,Business Travel,Eco,544,4,3,3,3,4,4,4,4,3,2,4,3,4,3.46,15,40,FALSE
Female,Loyal Customer,63,Personal Travel,Eco,509,3,4,3,1,4,5,5,3,3,3,3,4,5,3.54,1,0,FALSE
Male,Loyal Customer,44,Business Travel,Business,223,3,3,3,3,5,4,4,4,4,4,5,5,3,3.85,0,0,TRUE
Female,Loyal Customer,37,Business Travel,Business,110,3,1,1,1,1,3,3,3,3,3,3,1,1,2.08,0,1,FALSE
Female,Loyal Customer,44,Business Travel,Business,1400,1,1,5,1,5,5,5,4,4,4,4,4,4,3.62,0,0,TRUE
Female,Loyal Customer,8,Personal Travel,Eco,135,2,0,2,5,3,2,3,3,4,4,4,3,3,2.92,8,0,FALSE
Female,Loyal Customer,30,Business Travel,Business,1874,2,2,2,2,5,5,5,5,2,3,5,5,5,3.69,0,0,TRUE
Male,Loyal Customer,42,Business Travel,Business,308,1,1,1,1,3,4,4,1,1,1,1,3,4,2,18,25,FALSE
Male,Loyal Customer,65,Personal Travel,Eco,601,2,2,1,4,3,1,3,3,1,4,4,2,3,2.54,0,0,FALSE
Male,Disloyal Customer,25,Business Travel,Business,1190,4,4,4,5,1,4,1,1,4,4,2,1,1,2.77,31,17,TRUE
Male,Loyal Customer,43,Business Travel,Business,2987,2,2,3,2,5,4,4,4,4,4,4,3,3,3.38,0,0,TRUE
Male,Loyal Customer,20,Business Travel,Eco,157,4,4,4,4,4,4,4,4,5,4,3,2,4,3.85,0,0,TRUE
Male,Loyal Customer,32,Business Travel,Eco,862,4,5,1,1,4,4,4,4,3,2,3,3,4,3.23,38,33,FALSE
Female,Loyal Customer,21,Personal Travel,Eco,594,2,3,2,3,3,2,3,3,2,1,4,3,3,2.62,6,27,FALSE
Female,Loyal Customer,41,Business Travel,Business,3188,5,5,5,5,3,1,2,4,4,4,4,2,1,3.46,0,2,TRUE
Male,Disloyal Customer,32,Business Travel,Eco,209,2,5,2,4,4,2,4,4,2,5,3,1,4,3.23,0,0,FALSE
Female,Loyal Customer,54,Business Travel,Eco,1744,2,4,4,4,1,3,3,2,2,2,2,2,1,2.46,16,19,FALSE
Male,Disloyal Customer,55,Business Travel,Eco,150,4,0,3,1,2,3,2,2,2,3,3,2,2,2.23,9,10,FALSE
Female,Disloyal Customer,54,Business Travel,Eco,1369,4,4,4,4,3,4,3,3,2,2,4,2,3,3.23,0,0,FALSE
Female,Disloyal Customer,18,Business Travel,Eco,1119,2,1,1,1,4,1,4,4,3,4,5,4,4,2.92,0,0,FALSE
Male,Loyal Customer,16,Personal Travel,Eco Plus,280,4,4,3,4,1,3,1,1,3,5,4,1,1,2.69,0,0,FALSE
Male,Loyal Customer,25,Business Travel,Business,2829,1,3,1,1,4,4,4,4,5,4,4,5,4,3.38,23,24,TRUE
Male,Loyal Customer,32,Personal Travel,Eco,589,1,3,1,3,1,1,1,1,5,2,4,1,1,1.92,49,57,FALSE
Male,Disloyal Customer,38,Business Travel,Eco,164,5,3,5,4,2,3,2,2,2,1,2,4,2,2.85,0,0,TRUE
Female,Loyal Customer,53,Personal Travel,Eco,116,2,3,2,3,3,2,2,5,5,2,5,2,4,3.08,72,66,FALSE
Male,Loyal Customer,42,Business Travel,Business,2305,4,2,2,2,3,3,3,4,4,4,4,1,1,2.85,0,0,FALSE
Female,Loyal Customer,55,Business Travel,Business,1562,1,1,1,1,2,5,4,5,5,5,5,4,4,3.31,0,0,TRUE
Female,Disloyal Customer,48,Business Travel,Eco,1036,2,2,2,3,3,2,3,3,2,4,4,3,3,2.77,4,0,FALSE
Female,Loyal Customer,56,Business Travel,Business,337,4,4,4,4,3,5,5,4,4,4,4,4,4,4.08,6,3,TRUE
Male,Loyal Customer,65,Personal Travel,Eco,1660,3,4,3,4,3,3,3,3,2,5,2,1,3,3,0,0,FALSE
Female,Loyal Customer,60,Business Travel,Business,352,4,3,3,3,3,2,2,4,4,4,4,3,4,3.31,18,8,FALSE
Female,Disloyal Customer,25,Business Travel,Eco,212,4,2,5,4,4,5,1,4,1,1,3,3,4,3.15,105,100,FALSE
Male,Loyal Customer,41,Business Travel,Business,247,0,0,0,3,4,5,4,5,5,1,1,4,4,2.77,3,5,TRUE
Male,Loyal Customer,22,Business Travel,Eco,721,5,3,5,5,5,5,4,5,1,5,3,2,5,4.08,4,0,TRUE
Female,Loyal Customer,34,Personal Travel,Eco,834,3,2,3,4,1,3,1,1,2,3,3,2,1,2.23,0,0,FALSE
Female,Loyal Customer,38,Business Travel,Eco,473,1,4,4,4,1,1,1,1,1,2,3,3,1,2.08,0,5,FALSE
Female,Loyal Customer,15,Business Travel,Eco,189,1,5,5,5,1,1,2,1,1,1,4,4,1,2.46,0,0,FALSE
Male,Loyal Customer,31,Business Travel,Business,2711,1,3,3,3,1,1,1,1,2,2,4,4,1,2.08,12,0,FALSE
Female,Disloyal Customer,42,Business Travel,Eco,370,3,1,3,2,3,3,3,3,4,4,3,3,3,2.92,0,0,FALSE
Female,Loyal Customer,9,Business Travel,Eco,645,4,4,2,4,4,4,1,4,4,4,2,3,4,3.38,3,16,FALSE
Female,Loyal Customer,40,Business Travel,Business,2026,1,1,1,1,3,4,5,4,4,5,4,3,3,3,0,0,TRUE
Male,Loyal Customer,50,Personal Travel,Eco,325,3,5,3,5,5,3,5,5,1,3,5,2,5,3.85,112,117,FALSE
Male,Loyal Customer,46,Business Travel,Business,163,2,1,4,1,2,4,3,3,3,3,2,2,4,2.62,0,0,FALSE
Male,Loyal Customer,43,Business Travel,Business,2373,0,4,1,5,5,5,5,2,2,2,2,3,4,3.08,0,4,TRUE
Female,Disloyal Customer,29,Business Travel,Eco,696,4,5,5,3,1,5,1,1,4,3,3,1,1,2.85,0,0,FALSE
Male,Disloyal Customer,36,Business Travel,Eco,954,2,2,2,1,3,2,3,3,2,2,3,1,3,2.23,0,5,FALSE
Male,Loyal Customer,45,Business Travel,Business,3927,1,1,1,1,2,4,4,4,4,4,4,5,4,3,17,7,TRUE
Male,Loyal Customer,57,Business Travel,Business,3242,5,5,5,5,4,5,5,5,5,5,5,2,3,4.54,0,0,TRUE
Female,Loyal Customer,37,Personal Travel,Eco,704,2,5,1,5,1,2,2,3,2,5,4,2,2,2.77,236,226,FALSE
Male,Loyal Customer,37,Personal Travel,Eco Plus,228,2,2,2,4,4,2,4,4,3,2,4,2,4,3,9,1,FALSE
Male,Loyal Customer,27,Personal Travel,Business,1009,3,4,3,2,2,3,2,2,3,1,2,2,2,2.38,0,0,FALSE
Female,Disloyal Customer,23,Business Travel,Business,369,4,5,5,3,2,5,2,2,3,2,4,5,2,3.38,105,101,TRUE
Female,Disloyal Customer,32,Business Travel,Eco Plus,413,3,3,3,1,2,3,2,2,2,5,5,1,2,2.62,0,0,FALSE
Male,Loyal Customer,42,Business Travel,Eco,1739,3,3,5,3,3,3,3,3,3,3,2,4,3,3.15,57,70,FALSE
Female,Loyal Customer,40,Business Travel,Business,312,0,0,0,1,4,4,5,1,1,1,1,4,5,2.08,0,0,TRUE
Male,Loyal Customer,27,Business Travel,Business,542,5,5,5,5,4,4,4,4,4,2,4,5,4,4.23,0,0,TRUE
Female,Loyal Customer,51,Personal Travel,Business,1440,2,4,2,4,2,2,2,5,2,3,4,2,2,2.77,194,186,FALSE
Female,Loyal Customer,31,Business Travel,Business,2254,1,3,3,3,1,1,1,1,1,1,3,4,1,1.85,0,0,FALSE
Male,Loyal Customer,60,Business Travel,Business,364,3,3,3,3,3,4,5,5,5,5,5,5,4,4.08,0,0,TRUE
Male,Loyal Customer,53,Business Travel,Business,3849,5,5,5,5,3,4,5,5,5,5,5,5,5,4.77,0,0,TRUE
Female,Loyal Customer,56,Business Travel,Business,2917,3,3,3,3,4,3,3,4,2,5,5,3,3,3.38,0,0,TRUE
Male,Loyal Customer,45,Personal Travel,Eco,226,1,4,0,4,3,0,3,3,5,2,5,5,3,2.92,22,49,FALSE
Male,Loyal Customer,18,Personal Travel,Eco,936,2,5,2,1,4,2,4,4,3,4,4,3,4,3.23,0,0,FALSE
Female,Loyal Customer,22,Business Travel,Business,599,3,1,1,1,3,3,3,3,2,1,3,4,3,2.38,4,7,FALSE
Female,Disloyal Customer,43,Business Travel,Eco,266,3,3,3,4,3,3,4,3,2,4,3,1,3,3,0,0,FALSE
Female,Loyal Customer,9,Personal Travel,Eco,918,1,4,1,1,5,1,5,5,4,2,4,3,5,3.15,0,0,FALSE
Female,Loyal Customer,53,Business Travel,Eco,719,3,3,3,3,5,3,3,4,4,3,4,1,3,3.23,0,0,FALSE
Male,Disloyal Customer,22,Business Travel,Business,316,4,0,3,4,2,3,2,2,5,5,4,5,2,3.15,0,0,TRUE
Male,Loyal Customer,45,Business Travel,Business,691,2,4,4,4,2,4,3,2,2,2,2,2,4,2.85,0,5,FALSE
Female,Disloyal Customer,12,Business Travel,Eco,846,2,2,2,4,3,2,3,3,3,5,4,2,3,2.92,15,22,FALSE
Female,Loyal Customer,52,Personal Travel,Eco,1121,3,5,3,3,5,4,5,1,1,3,1,4,3,3.15,14,14,FALSE
Female,Loyal Customer,20,Business Travel,Eco Plus,590,0,5,1,3,4,1,4,4,2,5,4,1,4,2.92,32,13,TRUE
Female,Loyal Customer,16,Personal Travel,Eco,135,3,0,0,4,2,0,2,2,4,5,2,4,2,2.31,0,0,FALSE
Female,Disloyal Customer,27,Business Travel,Business,1590,4,4,4,5,2,4,2,2,3,4,5,3,2,3.38,0,0,FALSE
Female,Loyal Customer,49,Business Travel,Business,3871,3,3,3,3,5,4,5,4,4,4,4,3,4,3.77,0,0,TRUE
Male,Loyal Customer,66,Personal Travel,Eco,1325,2,3,2,3,2,2,2,1,4,2,4,2,2,2.38,210,196,FALSE
Male,Loyal Customer,53,Business Travel,Business,280,5,5,5,5,5,5,5,4,4,4,4,5,4,4.62,0,0,TRUE
Female,Disloyal Customer,23,Business Travel,Eco,567,3,1,3,4,2,3,2,2,3,4,4,1,2,2.62,0,0,FALSE
Male,Disloyal Customer,30,Business Travel,Eco Plus,507,1,2,2,4,1,2,1,1,3,2,2,3,1,1.92,0,0,FALSE
Female,Loyal Customer,49,Business Travel,Business,1609,4,4,4,4,2,4,5,2,2,2,2,5,5,3.46,7,0,TRUE
Female,Loyal Customer,42,Personal Travel,Eco,991,3,4,3,1,3,2,2,3,2,5,5,2,2,2.85,160,146,FALSE
Female,Loyal Customer,41,Business Travel,Business,515,5,5,5,5,3,5,4,3,3,3,3,4,4,4,11,25,TRUE
Male,Loyal Customer,59,Personal Travel,Eco,522,3,5,3,3,3,3,3,3,4,4,4,3,3,3.38,5,0,FALSE
Female,Loyal Customer,47,Personal Travel,Eco,1986,2,4,2,4,2,4,4,5,5,2,1,3,2,3.08,30,15,FALSE
Female,Loyal Customer,45,Business Travel,Business,2704,1,1,4,1,1,1,2,4,4,4,4,1,1,2.23,0,3,TRUE
Female,Loyal Customer,46,Business Travel,Business,1618,3,3,4,3,3,3,2,2,2,2,2,1,3,2.54,0,21,TRUE
Female,Loyal Customer,38,Business Travel,Business,224,2,2,2,2,3,5,4,5,5,5,5,5,4,3.77,0,8,TRUE
Male,Disloyal Customer,24,Business Travel,Eco,290,3,0,3,4,3,3,5,3,5,4,4,5,3,3.46,0,0,FALSE
Female,Loyal Customer,17,Personal Travel,Eco,216,2,0,2,1,1,2,1,1,5,2,4,3,1,1.92,0,0,FALSE
Female,Loyal Customer,59,Business Travel,Business,2567,1,1,1,1,4,5,4,4,4,4,4,4,5,3.23,5,0,TRUE
Female,Disloyal Customer,28,Business Travel,Eco,954,4,4,4,3,2,4,2,2,1,5,3,3,2,3,0,0,FALSE
Male,Loyal Customer,48,Business Travel,Business,551,3,3,2,3,4,5,5,5,5,5,5,4,5,4.15,0,0,TRUE
Female,Loyal Customer,61,Business Travel,Business,1744,1,1,5,1,4,5,5,5,5,5,5,5,3,3.85,0,0,TRUE
Female,Loyal Customer,54,Business Travel,Business,2734,3,3,3,3,4,5,4,4,4,4,4,5,3,3.77,0,0,TRUE
Female,Loyal Customer,58,Business Travel,Business,1371,1,1,1,1,2,5,5,4,4,4,4,4,4,3.08,11,0,TRUE
Male,Loyal Customer,55,Business Travel,Business,2626,5,5,5,5,4,4,5,5,5,4,5,4,5,4.69,6,0,TRUE
Female,Loyal Customer,55,Business Travel,Business,102,3,3,5,3,4,1,5,3,3,4,4,3,1,3.23,0,0,TRUE
Female,Loyal Customer,40,Business Travel,Business,802,5,5,5,5,5,4,4,4,4,4,4,3,5,4.38,2,0,TRUE
Female,Disloyal Customer,45,Business Travel,Eco,345,1,2,1,3,4,1,4,4,4,4,3,2,4,2.85,85,91,FALSE
Male,Loyal Customer,43,Business Travel,Eco,86,4,1,1,1,4,4,4,4,3,1,1,3,4,2.69,0,0,TRUE
Female,Loyal Customer,39,Business Travel,Business,868,3,3,3,3,5,5,5,4,4,4,4,3,4,3.85,0,0,TRUE
Female,Loyal Customer,39,Business Travel,Business,107,5,5,5,5,5,5,2,5,5,5,5,4,5,4.69,6,14,TRUE
Female,Loyal Customer,42,Business Travel,Business,1998,3,5,3,3,3,5,4,5,5,5,5,4,3,4.08,0,0,TRUE
Male,Disloyal Customer,21,Business Travel,Eco,1149,3,3,3,3,2,3,2,2,3,4,4,5,2,3,0,0,FALSE
Female,Loyal Customer,24,Business Travel,Business,73,2,4,4,4,3,3,2,3,2,2,4,1,3,2.85,26,20,FALSE
Female,Loyal Customer,69,Personal Travel,Eco Plus,190,3,5,3,3,3,4,4,5,5,3,4,4,5,3.92,0,0,FALSE
Male,Loyal Customer,34,Business Travel,Eco,222,4,2,2,2,4,4,4,4,4,1,4,3,4,3.23,0,0,TRUE
Female,Loyal Customer,43,Personal Travel,Eco,1158,3,4,3,2,3,3,4,3,3,3,3,5,4,3.31,0,0,FALSE
Male,Loyal Customer,44,Business Travel,Business,1849,3,3,3,3,3,4,5,3,3,3,3,3,5,3.38,21,33,TRUE
Male,Loyal Customer,70,Personal Travel,Eco,427,4,3,4,4,3,4,3,3,1,5,2,2,3,3.15,45,45,FALSE
Female,Loyal Customer,68,Business Travel,Eco,277,4,4,4,4,3,2,1,4,4,4,4,4,4,3.54,0,0,TRUE
Female,Loyal Customer,55,Business Travel,Business,544,4,4,4,4,2,5,4,5,5,4,5,3,4,4.08,71,84,TRUE
Male,Loyal Customer,41,Business Travel,Business,2027,5,5,5,5,5,1,4,3,3,5,3,2,2,3.69,68,53,TRUE
Male,Loyal Customer,10,Business Travel,Business,845,5,5,5,5,2,2,2,2,3,3,3,5,2,3.38,0,0,TRUE
Male,Loyal Customer,43,Business Travel,Business,3528,3,4,4,4,2,3,3,3,5,3,4,3,3,3.38,138,129,FALSE
Male,Loyal Customer,33,Personal Travel,Eco Plus,213,1,3,1,4,3,1,3,3,2,1,3,3,3,2.38,72,62,FALSE
Male,Loyal Customer,44,Business Travel,Business,3162,3,3,3,3,5,5,5,4,4,4,4,4,4,3.92,0,0,TRUE
Male,Loyal Customer,24,Business Travel,Eco,213,2,3,3,3,2,1,2,4,5,4,3,2,2,2.77,125,169,FALSE
Female,Disloyal Customer,20,Business Travel,Business,414,4,0,5,5,3,5,3,3,3,3,5,4,3,3.54,0,0,TRUE
Male,Loyal Customer,39,Business Travel,Business,326,5,5,5,5,3,3,1,3,3,4,3,2,1,3.31,9,16,TRUE
Female,Loyal Customer,56,Business Travel,Business,452,2,4,4,4,5,4,4,2,2,2,2,2,1,2.92,21,21,FALSE
Female,Loyal Customer,44,Business Travel,Eco,214,4,2,2,2,5,3,3,4,4,4,4,1,2,3.08,0,6,FALSE
Female,Loyal Customer,48,Business Travel,Business,2976,4,4,4,4,2,4,4,5,5,5,5,5,5,4.31,3,9,TRUE
Male,Loyal Customer,22,Personal Travel,Eco,562,3,3,3,3,4,3,4,4,4,4,4,1,4,3.38,64,57,FALSE
Female,Loyal Customer,12,Personal Travel,Eco,1846,1,5,1,3,1,1,1,1,4,3,5,4,1,2.38,0,0,FALSE
Female,Disloyal Customer,37,Business Travel,Eco,1050,2,2,2,3,2,2,2,2,1,2,1,2,2,1.92,6,3,FALSE
Female,Loyal Customer,55,Business Travel,Business,3446,1,2,5,2,1,3,3,2,2,2,1,4,1,2.23,0,0,FALSE
Male,Loyal Customer,53,Personal Travel,Business,689,2,4,2,3,5,3,3,5,5,2,3,3,3,3.31,0,0,FALSE
Male,Disloyal Customer,24,Business Travel,Eco,528,2,0,2,2,5,2,5,5,1,3,1,5,5,2.92,0,22,FALSE
Female,Loyal Customer,42,Business Travel,Business,3167,1,1,1,1,4,4,4,4,4,3,4,3,4,2.92,0,0,TRUE
Female,Loyal Customer,27,Business Travel,Business,666,4,4,4,4,4,4,4,4,4,2,4,4,4,3.85,30,6,TRUE
Female,Loyal Customer,70,Personal Travel,Eco,270,3,0,3,1,5,4,4,4,4,3,4,4,3,3.23,0,0,FALSE
Male,Loyal Customer,28,Business Travel,Business,1390,4,4,4,4,5,5,5,5,3,2,5,3,5,4.15,1,0,TRUE
Male,Loyal Customer,59,Business Travel,Business,3059,2,2,4,2,3,4,4,5,5,5,5,3,3,3.62,1,0,TRUE
Male,Loyal Customer,46,Personal Travel,Eco,334,2,5,2,2,5,2,5,5,3,2,4,5,5,3.62,11,25,FALSE
Female,Loyal Customer,41,Business Travel,Business,3899,0,0,0,1,3,4,5,2,2,2,2,4,3,2.15,0,0,TRUE
Female,Loyal Customer,26,Personal Travel,Eco,102,2,4,2,2,1,2,1,1,3,4,4,3,1,2.31,0,0,FALSE
Female,Disloyal Customer,38,Business Travel,Business,404,4,4,4,1,2,4,2,2,5,3,5,3,2,3.15,3,0,FALSE
Male,Loyal Customer,37,Personal Travel,Eco,819,1,3,1,4,4,1,4,4,1,5,5,2,4,3,0,0,FALSE
Male,Loyal Customer,40,Business Travel,Business,1189,5,5,5,5,3,3,3,4,4,4,4,1,3,3.77,0,0,TRUE
Female,Loyal Customer,39,Business Travel,Business,1671,5,5,5,5,3,3,5,4,4,4,4,4,3,4.15,37,44,TRUE
Male,Loyal Customer,50,Business Travel,Business,1996,3,5,5,5,1,3,3,3,3,3,3,3,2,3.23,8,4,FALSE
Female,Loyal Customer,51,Business Travel,Eco,1310,3,1,5,5,1,4,3,3,3,3,3,4,2,3.08,40,27,FALSE
Female,Loyal Customer,56,Business Travel,Business,3562,1,2,2,2,5,4,3,1,1,1,1,1,3,2.08,0,0,FALSE
Male,Loyal Customer,39,Business Travel,Business,2611,4,4,4,4,4,5,4,2,2,3,2,3,4,3.46,0,0,TRUE
Female,Loyal Customer,53,Business Travel,Business,2119,4,4,4,4,4,4,4,5,5,5,5,3,5,4.31,0,0,TRUE
Male,Loyal Customer,26,Personal Travel,Eco,2419,4,4,4,4,4,4,4,2,3,3,4,4,4,3.69,0,10,FALSE
Male,Loyal Customer,10,Business Travel,Business,2176,2,2,2,2,2,2,2,2,2,1,3,1,2,1.92,0,0,FALSE
Female,Loyal Customer,27,Personal Travel,Eco,209,0,5,0,5,4,0,4,4,5,5,4,2,4,3.23,0,0,TRUE
Female,Loyal Customer,22,Business Travel,Business,937,1,4,3,4,1,1,1,1,4,4,4,1,1,2.31,0,3,FALSE
Female,Loyal Customer,46,Business Travel,Business,2342,2,2,4,2,4,5,5,5,5,5,5,3,4,3.92,17,13,TRUE
Male,Disloyal Customer,25,Business Travel,Business,125,3,4,3,4,2,3,2,2,5,2,5,5,2,3.23,0,0,FALSE
Female,Loyal Customer,58,Business Travel,Eco,223,3,2,2,2,4,3,3,3,3,3,3,2,4,2.85,0,0,FALSE
Male,Loyal Customer,13,Personal Travel,Eco,318,2,1,2,3,2,2,1,2,1,3,4,3,2,2.15,0,0,FALSE
Male,Loyal Customer,52,Business Travel,Business,2542,2,2,2,2,2,5,5,4,4,4,4,3,4,3.31,0,0,TRUE
Male,Loyal Customer,65,Personal Travel,Eco,581,1,4,1,4,2,1,2,2,5,4,4,3,2,2.69,0,0,FALSE
Female,Loyal Customer,41,Personal Travel,Eco,416,3,5,4,1,2,4,2,2,1,1,1,5,2,2.54,8,21,FALSE
Female,Loyal Customer,37,Business Travel,Eco,551,2,2,4,4,2,2,2,2,4,5,4,4,2,3,50,39,FALSE
Male,Loyal Customer,47,Business Travel,Business,3407,4,4,4,4,5,4,4,5,5,5,5,3,3,4.23,4,18,TRUE
Male,Loyal Customer,37,Business Travel,Business,2590,3,2,5,5,3,3,3,3,3,3,3,2,2,3.08,27,24,FALSE
Male,Loyal Customer,13,Personal Travel,Business,660,2,5,2,3,1,2,1,1,1,5,2,3,1,2.23,0,9,FALSE
Female,Loyal Customer,57,Business Travel,Business,585,1,1,1,1,3,5,5,5,5,5,5,5,4,3.54,0,0,TRUE
Male,Loyal Customer,17,Personal Travel,Eco,624,2,3,2,1,1,2,1,1,2,4,1,2,1,1.77,31,30,FALSE
Female,Loyal Customer,49,Business Travel,Business,3563,4,4,4,4,5,5,5,5,5,5,5,4,5,4.62,0,0,TRUE
Male,Loyal Customer,25,Business Travel,Business,1727,2,2,2,2,5,5,5,5,3,4,1,1,5,3.23,0,5,TRUE
Female,Loyal Customer,70,Business Travel,Eco,101,2,1,1,1,2,2,2,2,2,2,2,1,3,1.77,0,0,FALSE
Female,Disloyal Customer,25,Business Travel,Business,672,2,0,2,3,2,2,4,2,4,4,5,3,2,2.69,9,0,FALSE
Female,Loyal Customer,28,Business Travel,Business,1491,2,2,3,2,3,3,3,3,3,3,4,4,3,2.92,8,0,TRUE
Female,Loyal Customer,36,Personal Travel,Business,2527,3,1,3,2,3,4,3,4,5,1,1,3,3,2.77,0,0,FALSE
Female,Disloyal Customer,18,Business Travel,Eco Plus,1005,3,3,2,1,1,2,3,1,1,3,3,3,1,2.08,8,0,FALSE
Female,Loyal Customer,47,Business Travel,Business,2651,1,1,1,1,4,4,5,4,4,4,4,5,5,3.31,0,0,TRUE
Male,Loyal Customer,47,Business Travel,Eco,1476,4,4,4,4,4,4,4,4,4,3,1,1,4,3.46,0,2,TRUE
Female,Loyal Customer,62,Business Travel,Eco Plus,268,4,3,2,2,1,5,3,4,4,4,4,5,4,3.46,0,0,TRUE
Female,Loyal Customer,22,Business Travel,Eco,370,2,5,5,5,2,2,1,2,2,1,3,4,2,2.77,0,0,FALSE
Male,Loyal Customer,26,Business Travel,Eco Plus,533,3,2,2,2,3,3,1,3,3,3,4,3,3,2.69,1,6,FALSE
Male,Loyal Customer,29,Business Travel,Eco Plus,589,3,5,5,5,3,3,3,3,3,5,3,2,3,3.54,20,12,FALSE
Female,Disloyal Customer,21,Business Travel,Eco,309,1,2,1,4,2,1,2,2,2,3,4,3,2,2.23,0,0,FALSE
Male,Loyal Customer,37,Personal Travel,Eco,1514,3,1,3,3,5,3,5,5,4,5,4,3,5,3.77,11,0,FALSE
Female,Loyal Customer,36,Personal Travel,Eco,551,2,3,2,5,2,2,4,2,1,3,1,2,2,2.38,9,0,FALSE
Male,Loyal Customer,58,Business Travel,Eco,1846,1,4,1,1,1,1,1,1,3,2,1,1,1,1.46,0,0,FALSE
Female,Disloyal Customer,28,Business Travel,Eco Plus,1218,1,1,1,3,1,1,1,1,2,2,3,2,1,1.54,78,107,FALSE
Female,Loyal Customer,24,Personal Travel,Eco,763,2,2,2,4,1,2,1,1,3,2,3,4,1,2.15,10,1,FALSE
Male,Loyal Customer,11,Business Travel,Eco Plus,569,2,3,3,3,2,2,1,2,3,3,4,2,2,2.46,20,9,FALSE
Male,Loyal Customer,53,Personal Travel,Eco,253,3,5,3,2,4,3,4,4,2,2,1,4,4,3.15,0,0,FALSE
Male,Loyal Customer,70,Personal Travel,Eco Plus,2475,2,5,2,4,5,2,5,5,3,5,3,4,5,3.85,0,0,FALSE
Male,Loyal Customer,70,Personal Travel,Eco,337,2,5,2,3,2,2,2,2,1,2,5,2,2,2.46,0,0,FALSE
Female,Loyal Customer,42,Business Travel,Business,3689,1,1,1,1,5,5,5,4,4,4,4,5,3,3.31,0,0,TRUE
Female,Loyal Customer,60,Business Travel,Eco,337,1,4,4,4,5,3,3,1,1,1,1,1,4,2.54,0,0,FALSE
Female,Loyal Customer,53,Personal Travel,Eco,666,4,4,4,1,5,4,5,3,3,4,5,3,5,3.85,0,2,FALSE
Male,Loyal Customer,40,Personal Travel,Eco,861,3,4,3,4,2,3,2,2,3,2,3,2,2,2.69,0,0,FALSE
Female,Loyal Customer,44,Personal Travel,Eco,523,2,2,2,4,1,4,3,5,5,2,2,2,2,2.77,93,92,FALSE
Female,Loyal Customer,7,Personal Travel,Eco Plus,358,2,4,2,2,3,2,3,3,4,5,4,4,3,3.15,0,0,FALSE
Male,Loyal Customer,50,Personal Travel,Eco,1846,1,0,1,5,3,1,3,3,4,3,3,1,3,2.38,1,4,FALSE
Female,Loyal Customer,44,Personal Travel,Eco,634,4,5,4,2,3,4,5,1,1,4,1,5,4,3.31,0,0,FALSE
Male,Loyal Customer,40,Personal Travel,Eco,406,3,5,3,3,3,3,4,3,4,3,5,4,3,3.54,0,0,FALSE
Female,Disloyal Customer,28,Business Travel,Eco,371,2,2,2,4,5,2,5,5,1,5,3,2,5,3.31,0,0,FALSE
Male,Loyal Customer,37,Business Travel,Business,209,4,2,2,2,4,4,4,3,3,3,4,2,1,2.92,0,11,FALSE
Male,Loyal Customer,38,Personal Travel,Eco,323,1,2,1,3,4,1,1,4,4,2,4,2,4,2.54,0,0,FALSE
Male,Disloyal Customer,43,Business Travel,Business,189,3,2,2,3,4,3,4,4,1,5,3,2,4,3.08,53,53,FALSE
Male,Loyal Customer,18,Personal Travel,Eco,1023,2,4,1,3,4,1,4,4,2,5,3,1,4,2.92,0,0,FALSE
Male,Disloyal Customer,55,Personal Travel,Eco,1448,0,3,0,4,3,0,3,3,3,5,3,2,3,2.46,0,0,TRUE
Male,Loyal Customer,36,Business Travel,Business,3684,4,4,4,4,2,2,3,5,5,5,5,5,3,3.92,2,0,TRUE
Female,Loyal Customer,42,Personal Travel,Eco Plus,2475,2,0,2,1,1,3,5,5,5,2,3,3,5,2.85,24,0,FALSE
Female,Loyal Customer,39,Business Travel,Business,2475,4,4,4,4,4,3,4,4,4,4,4,2,2,3.62,17,0,TRUE
Female,Disloyal Customer,26,Business Travel,Business,1061,3,3,3,2,1,3,1,1,4,4,4,5,1,2.69,0,0,FALSE
Male,Loyal Customer,23,Business Travel,Eco,2172,5,2,2,2,5,5,4,5,2,3,5,1,5,3.54,0,0,TRUE
Male,Loyal Customer,53,Business Travel,Business,1614,1,1,1,1,2,4,5,5,5,5,5,4,5,3.38,0,0,TRUE
Female,Loyal Customer,46,Business Travel,Business,366,2,2,2,2,3,5,4,5,5,5,5,3,5,3.69,78,74,TRUE
Male,Disloyal Customer,23,Business Travel,Business,366,0,3,0,4,2,0,1,2,5,2,5,4,2,2.31,0,0,TRUE
Male,Loyal Customer,38,Business Travel,Eco Plus,342,2,5,5,5,2,2,2,2,2,2,3,1,2,2.69,0,0,FALSE
Male,Loyal Customer,10,Personal Travel,Eco,584,2,5,2,4,3,2,3,3,3,2,4,5,3,3.15,26,10,FALSE
Male,Loyal Customer,49,Business Travel,Business,2139,5,5,5,5,4,5,4,5,5,5,5,5,3,4.69,4,25,TRUE
Female,Disloyal Customer,8,Business Travel,Eco,632,4,2,4,5,2,4,2,2,3,3,4,5,2,3.23,0,0,TRUE
Male,Loyal Customer,26,Personal Travel,Eco,1694,1,5,1,4,2,1,2,2,1,5,5,1,2,2.46,11,4,FALSE
Male,Loyal Customer,28,Business Travel,Business,201,4,4,4,4,4,4,3,4,4,3,2,5,4,3.77,2,0,TRUE
Female,Loyal Customer,65,Personal Travel,Eco Plus,569,2,4,2,2,5,5,5,5,5,2,5,4,5,3.92,10,0,FALSE
Male,Loyal Customer,14,Personal Travel,Eco Plus,1197,2,4,2,1,2,2,2,2,3,4,4,3,2,2.54,1,4,FALSE
Male,Loyal Customer,57,Business Travel,Business,2449,1,1,1,1,4,4,5,4,4,4,4,4,4,3.15,5,5,TRUE
Female,Loyal Customer,37,Personal Travel,Eco,1334,2,5,2,3,4,2,1,4,5,2,4,5,4,3.31,2,3,FALSE
Female,Loyal Customer,49,Personal Travel,Eco,1325,1,4,1,2,2,5,4,1,1,1,1,3,5,2.38,3,9,FALSE
Male,Loyal Customer,55,Business Travel,Business,507,2,2,2,2,3,4,5,5,5,5,5,4,4,3.69,0,0,TRUE
Male,Loyal Customer,51,Business Travel,Business,2638,2,2,2,2,3,3,4,2,2,2,2,3,2,2.38,0,0,FALSE
Male,Loyal Customer,43,Business Travel,Business,273,0,0,0,4,2,1,4,5,5,5,5,4,3,2.92,0,0,TRUE
Female,Loyal Customer,26,Business Travel,Business,946,3,3,2,3,4,4,4,4,3,5,5,4,4,3.69,0,1,TRUE
Male,Loyal Customer,8,Personal Travel,Eco,602,4,5,4,3,1,4,1,1,5,4,4,5,1,3.23,42,32,FALSE
Male,Loyal Customer,49,Personal Travel,Eco,481,4,1,4,3,4,4,4,4,3,4,4,4,4,3.62,111,110,FALSE
Male,Disloyal Customer,27,Business Travel,Eco,86,5,0,5,4,2,0,2,2,1,4,3,3,2,2.54,0,3,TRUE
Female,Disloyal Customer,11,Business Travel,Business,2330,0,0,0,3,5,0,3,5,5,2,3,5,5,2.77,0,0,TRUE
Female,Loyal Customer,59,Business Travel,Eco,937,3,5,5,5,1,3,4,4,4,3,4,1,1,3.31,44,30,FALSE
Male,Loyal Customer,31,Business Travel,Business,2406,3,3,3,3,4,4,4,4,4,3,4,3,4,3.54,6,0,TRUE
Male,Loyal Customer,33,Personal Travel,Eco Plus,265,3,4,3,1,3,3,3,3,5,4,4,5,3,3.38,55,50,FALSE
Male,Loyal Customer,44,Business Travel,Business,2079,5,5,5,5,5,4,5,4,4,4,4,5,3,4.46,0,0,TRUE
Male,Disloyal Customer,48,Business Travel,Business,247,1,1,1,3,2,1,2,2,5,3,4,4,2,2.38,0,0,FALSE
Female,Loyal Customer,29,Business Travel,Business,1660,4,4,4,4,5,5,5,5,3,4,4,2,5,4.15,0,5,TRUE
Female,Loyal Customer,26,Personal Travel,Eco,403,4,4,5,3,4,5,5,4,5,4,4,5,4,4.31,1,0,FALSE
Male,Loyal Customer,59,Business Travel,Business,351,2,2,2,2,2,5,5,5,5,5,5,4,3,3.62,0,0,TRUE
Female,Loyal Customer,64,Personal Travel,Eco,84,4,4,0,2,4,4,5,2,2,0,2,3,5,2.85,0,0,TRUE
Male,Disloyal Customer,29,Business Travel,Business,1033,5,5,5,3,5,5,5,5,4,4,4,4,5,4.54,2,7,TRUE
Female,Disloyal Customer,20,Business Travel,Eco,67,4,0,4,1,5,4,5,5,4,5,5,3,5,3.85,2,10,FALSE
Female,Loyal Customer,38,Personal Travel,Eco,236,2,4,2,4,2,2,2,2,3,3,5,5,2,2.92,95,86,FALSE
Male,Disloyal Customer,24,Business Travel,Eco,737,4,4,4,1,5,4,5,5,2,2,1,4,5,3.54,0,12,FALSE
Male,Disloyal Customer,45,Business Travel,Business,1020,2,2,2,1,4,2,4,4,4,5,4,3,4,3.15,0,0,FALSE
Female,Loyal Customer,20,Business Travel,Business,3295,3,3,4,3,3,3,3,1,4,3,3,3,3,3,160,173,FALSE
Male,Loyal Customer,39,Personal Travel,Eco,895,1,5,1,2,3,1,4,3,5,4,4,3,3,3,18,11,FALSE
Female,Loyal Customer,20,Business Travel,Business,770,2,2,2,2,5,5,5,5,1,5,1,5,5,3.46,9,0,TRUE
Female,Loyal Customer,27,Business Travel,Business,742,3,3,3,3,4,4,4,4,5,2,4,3,4,3.54,0,0,TRUE
Male,Loyal Customer,53,Business Travel,Business,957,1,3,3,3,5,4,3,1,1,1,1,1,2,2.23,76,70,FALSE
Male,Disloyal Customer,39,Business Travel,Eco,239,1,2,1,4,4,1,4,4,2,4,3,1,4,2.69,4,0,FALSE
Female,Loyal Customer,45,Personal Travel,Eco,1609,1,4,1,1,5,4,4,5,5,1,2,4,4,3.15,0,0,FALSE
Male,Loyal Customer,39,Business Travel,Business,968,2,2,5,2,5,4,5,4,4,4,4,3,4,3.69,0,5,TRUE
Male,Loyal Customer,45,Business Travel,Business,3992,4,4,4,4,2,3,5,5,5,5,5,5,4,4.23,0,0,TRUE
Male,Loyal Customer,36,Business Travel,Business,2354,5,5,5,5,4,4,4,5,2,4,4,4,4,4.23,407,409,TRUE
Male,Loyal Customer,54,Personal Travel,Eco,436,0,4,0,4,4,0,4,4,3,5,4,5,4,3.15,20,19,TRUE
Female,Loyal Customer,46,Business Travel,Business,2119,1,1,1,1,4,4,4,3,3,4,1,4,4,2.69,0,0,TRUE
Male,Loyal Customer,61,Personal Travel,Eco,480,3,2,3,4,1,3,1,1,1,1,4,2,1,2.08,31,21,FALSE
Male,Loyal Customer,22,Business Travel,Business,3012,1,1,1,1,4,5,4,4,4,1,4,2,4,2.77,0,0,TRUE
Male,Loyal Customer,50,Business Travel,Eco,993,3,1,1,1,3,3,3,3,2,4,3,4,3,2.62,0,0,FALSE
Female,Loyal Customer,58,Personal Travel,Eco Plus,651,3,0,3,2,3,4,4,4,4,3,4,4,5,3.31,0,0,FALSE
Female,Loyal Customer,40,Business Travel,Business,2342,2,2,4,2,2,3,5,3,3,3,3,4,4,3.08,0,0,TRUE
Female,Loyal Customer,55,Business Travel,Business,2271,4,4,5,4,4,5,5,4,4,4,4,4,3,4.15,7,0,TRUE
Male,Loyal Customer,60,Business Travel,Business,1726,2,2,2,2,2,3,3,2,2,2,2,4,1,2.23,29,9,FALSE
Male,Loyal Customer,30,Business Travel,Business,2396,4,4,4,4,4,4,4,4,4,1,5,4,4,3.85,0,0,TRUE
Female,Loyal Customer,48,Business Travel,Eco,192,4,3,3,3,2,3,2,4,4,4,4,3,5,3.38,0,0,TRUE
Female,Disloyal Customer,36,Business Travel,Eco,813,3,3,3,4,3,3,3,3,1,4,3,4,3,3.08,0,6,FALSE
Male,Loyal Customer,18,Business Travel,Business,2187,1,3,3,3,1,1,1,1,1,3,4,1,1,1.85,0,0,FALSE
Male,Loyal Customer,13,Personal Travel,Eco,2176,4,4,5,5,4,5,2,4,3,2,5,4,4,3.92,0,0,FALSE
Male,Loyal Customer,55,Business Travel,Business,302,2,5,5,5,2,2,2,2,2,2,2,1,3,2.69,5,5,FALSE
Male,Disloyal Customer,25,Business Travel,Eco,293,3,2,3,3,5,3,5,5,4,2,4,2,5,3.54,15,7,FALSE
Male,Loyal Customer,61,Business Travel,Business,1549,2,2,2,2,2,5,4,5,5,5,5,4,3,3.54,0,12,TRUE
Female,Disloyal Customer,25,Business Travel,Eco,109,1,0,1,4,4,1,4,4,4,3,1,3,4,2.62,0,0,FALSE
Female,Disloyal Customer,7,Business Travel,Business,557,1,5,1,1,4,1,4,4,4,2,4,5,4,3.08,0,1,FALSE
Male,Loyal Customer,36,Business Travel,Business,793,2,2,2,2,3,5,4,4,4,4,4,5,3,3.38,8,11,TRUE
Male,Loyal Customer,22,Personal Travel,Business,852,4,4,4,2,5,4,5,5,4,2,5,4,5,4.08,1,0,FALSE
Male,Loyal Customer,43,Business Travel,Eco Plus,369,2,3,3,3,2,2,2,2,4,2,4,4,2,2.69,0,1,FALSE
Male,Loyal Customer,27,Business Travel,Business,2039,1,1,1,1,3,4,3,3,4,4,5,5,3,2.92,5,3,TRUE
Female,Disloyal Customer,28,Business Travel,Eco,1282,2,2,2,4,2,2,2,2,2,5,4,4,2,2.69,83,72,FALSE
Female,Loyal Customer,49,Business Travel,Business,1924,5,5,5,5,4,5,5,3,3,3,3,5,5,4.31,0,22,TRUE
Female,Loyal Customer,41,Business Travel,Eco,802,4,4,4,4,4,4,4,4,4,1,3,1,4,3.46,16,6,FALSE
Male,Loyal Customer,53,Business Travel,Eco,216,5,1,5,5,5,5,5,5,5,1,2,4,5,4.08,0,0,TRUE
Female,Disloyal Customer,35,Business Travel,Business,426,2,2,2,5,5,2,2,5,5,2,4,4,5,3.46,4,0,FALSE
Male,Loyal Customer,51,Business Travel,Business,2377,3,3,3,3,3,4,5,5,5,5,5,3,5,4,0,0,TRUE
Male,Loyal Customer,55,Business Travel,Business,3268,2,2,2,2,5,5,5,4,4,4,4,3,3,3.46,0,0,TRUE
Male,Loyal Customer,72,Business Travel,Business,1766,2,3,3,3,1,3,3,2,2,2,2,1,1,2.15,0,0,FALSE
Female,Loyal Customer,24,Business Travel,Eco,393,4,4,4,4,4,4,2,4,2,3,3,2,4,3.38,0,0,FALSE
Female,Loyal Customer,40,Personal Travel,Eco,231,2,3,2,4,1,2,1,1,5,4,3,2,1,2.38,1,0,FALSE
Female,Loyal Customer,45,Business Travel,Business,2654,3,3,5,3,2,4,4,5,5,5,5,5,5,4.15,0,0,TRUE
Female,Disloyal Customer,28,Business Travel,Business,594,4,4,4,4,5,4,5,5,3,3,4,3,5,4.08,1,0,FALSE
Female,Loyal Customer,18,Business Travel,Eco Plus,546,3,2,2,2,3,3,3,3,1,5,2,4,3,2.77,14,48,FALSE
Female,Loyal Customer,12,Personal Travel,Eco,762,3,5,3,3,2,3,2,2,4,4,5,3,2,3.15,0,17,FALSE
Male,Loyal Customer,70,Personal Travel,Eco,391,4,4,4,3,5,4,5,5,4,4,4,5,5,4.31,0,0,TRUE
Female,Loyal Customer,8,Business Travel,Eco Plus,1056,3,5,5,5,3,3,2,3,1,4,3,2,3,3.23,31,46,FALSE
Female,Disloyal Customer,25,Business Travel,Business,1013,2,4,2,3,3,2,1,3,4,5,4,3,3,3,0,0,FALSE
Female,Loyal Customer,57,Business Travel,Business,1526,3,3,3,3,2,4,4,5,5,5,5,3,5,3.85,0,0,TRUE
Female,Disloyal Customer,24,Business Travel,Business,831,0,4,0,3,3,0,3,3,5,3,3,3,3,2.54,0,0,TRUE
Male,Loyal Customer,39,Business Travel,Business,1500,2,4,4,4,5,3,4,2,2,2,2,1,4,3,44,26,FALSE
Male,Loyal Customer,58,Business Travel,Business,1514,1,1,1,1,2,4,5,4,4,5,4,5,5,3.23,1,0,TRUE
Male,Disloyal Customer,23,Business Travel,Eco,529,2,5,2,4,3,2,2,3,5,2,5,3,3,3.15,0,0,FALSE
Female,Loyal Customer,49,Business Travel,Eco,2306,4,4,5,4,5,5,5,4,4,4,4,5,5,4.46,3,0,TRUE
Male,Loyal Customer,17,Personal Travel,Eco,373,1,1,1,4,2,1,2,2,2,2,3,4,2,2.08,0,0,FALSE
Male,Loyal Customer,37,Business Travel,Eco,261,3,2,2,2,3,3,3,3,5,1,1,5,3,2.77,0,0,TRUE
Female,Disloyal Customer,41,Business Travel,Eco,811,2,2,2,4,2,5,3,4,5,3,3,3,3,3.15,1,6,FALSE
Female,Disloyal Customer,50,Business Travel,Business,181,4,4,4,5,4,4,2,4,4,4,4,5,4,4,0,0,TRUE
Female,Loyal Customer,51,Business Travel,Business,1778,3,3,3,3,4,4,5,5,5,5,5,5,5,4.23,0,0,TRUE
Female,Loyal Customer,46,Personal Travel,Eco,1174,4,4,4,4,2,4,5,5,5,4,5,5,3,4.15,12,0,TRUE
Male,Loyal Customer,44,Business Travel,Business,3986,3,3,3,3,3,5,4,4,4,4,4,4,5,3.77,40,43,TRUE
Female,Loyal Customer,44,Business Travel,Business,2504,3,3,3,3,4,4,5,5,5,5,5,4,3,4,0,0,TRUE
Male,Loyal Customer,20,Personal Travel,Eco,190,3,4,3,1,5,3,4,5,3,4,4,3,5,3.62,0,0,FALSE
Male,Loyal Customer,60,Business Travel,Business,1579,4,4,4,4,2,4,5,4,4,4,4,3,5,3.92,1,0,TRUE
Male,Loyal Customer,38,Business Travel,Business,594,2,2,2,2,4,4,4,4,4,4,4,3,3,3.23,0,0,TRUE
Female,Loyal Customer,25,Personal Travel,Eco Plus,160,3,4,3,1,3,3,3,3,4,4,5,4,3,3.31,0,4,FALSE
Female,Loyal Customer,41,Business Travel,Business,580,2,2,2,2,4,5,5,5,5,5,5,5,5,4,8,14,TRUE
Female,Loyal Customer,32,Business Travel,Business,3334,5,5,5,5,5,5,5,5,3,2,5,3,5,4.46,0,0,TRUE
Female,Loyal Customer,40,Business Travel,Business,1711,2,2,2,2,4,4,4,3,3,3,3,5,3,3.08,22,19,TRUE
Male,Loyal Customer,52,Personal Travel,Eco,101,1,4,1,1,5,1,2,5,3,3,4,3,5,2.92,5,17,FALSE
Female,Disloyal Customer,34,Business Travel,Business,317,1,0,0,4,2,0,2,2,5,3,5,5,2,2.38,0,0,FALSE
Female,Loyal Customer,45,Business Travel,Business,594,1,1,1,1,3,5,4,4,4,4,4,3,4,3,34,17,TRUE
Male,Disloyal Customer,49,Business Travel,Business,184,4,4,4,1,5,4,5,5,4,4,4,4,5,4.08,0,0,TRUE
Male,Loyal Customer,42,Business Travel,Business,1912,3,3,3,3,3,4,5,5,5,5,5,3,4,3.92,2,0,TRUE
Male,Loyal Customer,42,Personal Travel,Eco,2979,2,5,2,3,3,2,3,3,3,3,4,4,3,3.08,0,0,FALSE
Male,Loyal Customer,42,Business Travel,Business,2971,2,5,2,2,4,5,4,4,4,4,4,4,3,3.62,0,0,TRUE
Female,Loyal Customer,59,Personal Travel,Eco,1172,2,5,2,5,4,5,5,3,3,2,3,5,3,3.62,0,0,FALSE
Female,Loyal Customer,69,Personal Travel,Eco,948,3,0,3,4,4,5,4,2,2,3,3,5,5,3.31,20,0,FALSE
Female,Loyal Customer,7,Personal Travel,Eco,936,3,2,3,3,3,3,5,3,4,5,3,4,3,3.38,18,22,FALSE
Female,Loyal Customer,22,Business Travel,Business,552,3,3,3,3,3,3,3,3,4,1,3,2,3,2.85,5,14,FALSE
Male,Disloyal Customer,20,Business Travel,Eco,1521,3,3,3,2,2,3,2,2,3,4,5,3,2,2.85,3,0,FALSE
Female,Loyal Customer,55,Personal Travel,Eco Plus,547,2,3,2,2,3,3,2,4,4,2,2,3,4,2.77,0,0,FALSE
Female,Loyal Customer,54,Business Travel,Business,667,2,2,1,2,4,3,3,5,4,4,4,3,3,3.08,142,151,TRUE
Female,Loyal Customer,70,Personal Travel,Eco,162,2,5,2,5,2,5,4,4,4,2,4,5,5,3.77,27,36,FALSE
Female,Loyal Customer,31,Business Travel,Business,1547,2,4,4,4,2,2,2,2,3,5,3,4,2,3,0,6,FALSE
Male,Loyal Customer,50,Business Travel,Business,1532,4,4,4,4,5,5,4,2,2,2,2,3,5,3.54,0,0,TRUE
Female,Loyal Customer,32,Personal Travel,Eco,251,2,2,2,3,5,2,5,5,3,1,3,2,5,3.08,0,0,FALSE
Female,Loyal Customer,50,Business Travel,Business,129,0,3,0,1,4,2,4,2,2,2,2,4,5,2.38,0,0,TRUE
Female,Loyal Customer,38,Personal Travel,Eco,1979,3,5,3,3,3,3,3,3,3,2,5,5,3,3.38,4,0,FALSE
Male,Loyal Customer,48,Personal Travel,Business,548,3,3,2,4,3,3,3,1,1,2,4,1,3,2.54,0,1,FALSE
Female,Loyal Customer,46,Business Travel,Business,2446,5,5,4,5,5,5,5,4,4,4,4,5,4,4.54,0,5,TRUE
Female,Loyal Customer,11,Personal Travel,Eco,214,4,0,4,2,1,4,1,1,4,5,1,4,1,2.46,0,0,FALSE
Female,Loyal Customer,38,Personal Travel,Eco,288,3,2,3,4,1,3,1,1,2,2,3,2,1,2.15,7,0,FALSE
Male,Loyal Customer,29,Personal Travel,Eco,738,1,4,1,3,1,1,1,1,3,3,5,4,1,2.23,74,79,FALSE
Male,Loyal Customer,47,Personal Travel,Eco,166,3,4,0,4,3,0,5,3,5,2,4,3,3,3,0,0,FALSE
Male,Loyal Customer,42,Personal Travel,Eco,383,1,4,1,2,3,1,3,3,5,4,4,5,3,3,0,0,FALSE
Female,Loyal Customer,50,Personal Travel,Eco,888,4,4,3,2,1,3,4,3,3,3,3,5,4,3.23,3,5,TRUE
Female,Loyal Customer,58,Personal Travel,Business,859,5,5,5,2,3,5,4,4,4,5,4,4,5,4.23,0,0,TRUE
Male,Disloyal Customer,21,Business Travel,Business,862,4,5,4,1,2,4,2,2,5,3,4,5,2,3.31,13,3,TRUE
Male,Loyal Customer,31,Business Travel,Eco,123,4,2,3,2,4,4,4,4,1,3,2,1,4,2.92,12,1,TRUE
Female,Loyal Customer,51,Business Travel,Business,2562,1,1,1,1,4,4,4,4,3,5,2,4,4,2.92,21,33,TRUE
Male,Loyal Customer,66,Personal Travel,Eco,1744,1,5,1,3,3,1,3,3,5,4,4,5,3,3.15,0,0,FALSE
Female,Loyal Customer,36,Personal Travel,Eco,261,5,5,5,3,3,5,3,3,3,4,3,1,3,3.54,0,0,TRUE
Female,Loyal Customer,60,Business Travel,Business,2605,5,5,5,5,5,4,4,4,4,4,4,4,3,4.31,1,0,TRUE
Male,Loyal Customer,17,Personal Travel,Eco,109,2,3,2,3,3,2,3,3,3,4,2,1,3,2.62,18,13,FALSE
Male,Disloyal Customer,15,Business Travel,Eco,337,1,4,1,4,5,1,3,5,2,4,3,4,5,3.23,109,100,FALSE
Female,Loyal Customer,58,Business Travel,Business,2475,2,2,2,2,5,5,4,5,5,5,5,4,5,3.92,0,0,TRUE
Male,Loyal Customer,40,Personal Travel,Eco,315,2,3,2,4,4,2,4,4,1,5,4,5,4,3.38,0,0,FALSE
Male,Loyal Customer,31,Personal Travel,Eco,302,3,4,3,2,1,3,1,1,4,4,5,4,1,2.77,10,13,FALSE
Male,Loyal Customer,12,Personal Travel,Eco,964,4,5,4,5,2,4,2,2,3,4,5,3,2,3.46,18,0,FALSE
Female,Loyal Customer,36,Personal Travel,Business,294,2,1,5,4,4,4,3,5,5,5,5,3,3,3.77,0,0,FALSE
Male,Disloyal Customer,27,Business Travel,Business,528,5,5,5,3,1,5,2,1,3,3,5,5,1,3.38,12,20,TRUE
Male,Loyal Customer,15,Personal Travel,Eco,1121,2,5,2,3,3,2,3,3,3,5,3,5,3,3.23,0,0,FALSE
Female,Loyal Customer,34,Business Travel,Business,1929,5,5,5,5,3,5,4,4,4,4,4,3,5,4.31,2,0,TRUE
Female,Loyal Customer,71,Business Travel,Business,109,2,5,5,5,2,3,4,3,3,3,2,3,3,3.31,0,0,FALSE
Female,Loyal Customer,55,Business Travel,Business,3098,1,1,1,1,4,4,5,2,2,2,2,3,4,2.46,64,56,TRUE
Male,Loyal Customer,32,Business Travel,Business,2458,3,3,3,3,4,4,4,4,4,5,4,3,4,3.69,3,20,TRUE
Male,Loyal Customer,23,Business Travel,Business,489,4,4,4,4,4,4,4,4,4,5,3,2,4,3.85,0,0,TRUE
Male,Disloyal Customer,35,Business Travel,Business,201,1,1,1,5,3,1,3,3,5,4,4,5,3,3,0,0,FALSE
Female,Loyal Customer,23,Business Travel,Business,3034,4,4,3,4,4,4,4,4,3,3,4,4,4,3.77,3,13,TRUE
Female,Loyal Customer,56,Business Travel,Business,646,4,4,4,4,2,5,5,5,5,5,5,5,4,4.38,16,4,TRUE
Female,Loyal Customer,24,Business Travel,Eco,636,3,4,4,4,5,5,3,5,3,1,4,5,5,3.92,0,14,TRUE
Male,Loyal Customer,59,Personal Travel,Eco,489,4,5,4,3,4,4,4,4,5,5,5,5,4,4.31,0,1,FALSE
Female,Disloyal Customer,45,Business Travel,Eco,1262,1,1,1,4,4,1,4,4,3,5,4,1,4,2.85,28,7,FALSE
Female,Disloyal Customer,22,Business Travel,Eco,937,5,5,5,2,1,5,1,1,3,5,5,4,1,3.31,15,40,TRUE
Female,Loyal Customer,49,Business Travel,Business,991,1,1,1,1,3,5,5,5,5,5,5,4,5,3.54,0,0,TRUE
Male,Loyal Customer,53,Business Travel,Eco,529,3,2,2,2,3,3,3,3,4,4,3,2,3,2.85,0,0,FALSE
Male,Loyal Customer,45,Personal Travel,Eco,846,1,4,1,1,5,1,5,5,3,2,5,3,5,3.15,0,0,FALSE
Male,Loyal Customer,46,Business Travel,Business,2422,2,4,2,4,5,3,3,2,2,2,2,1,2,2.62,29,40,FALSE
Male,Loyal Customer,51,Personal Travel,Eco,667,2,5,2,3,1,2,1,1,5,5,4,4,1,2.77,0,0,FALSE
Female,Disloyal Customer,30,Business Travel,Eco,1239,3,3,3,2,2,3,2,2,1,4,1,2,2,2.31,0,21,FALSE
Male,Loyal Customer,51,Business Travel,Business,2342,3,3,3,3,5,4,4,4,4,5,4,3,4,3.77,20,2,TRUE
Female,Loyal Customer,66,Business Travel,Business,2660,3,3,3,3,3,4,3,3,3,3,3,1,3,2.92,0,0,FALSE
Male,Loyal Customer,33,Business Travel,Business,368,1,3,3,3,1,1,1,1,4,5,3,2,1,2.23,94,87,FALSE
Female,Loyal Customer,65,Personal Travel,Eco Plus,270,2,4,2,4,2,5,5,4,5,5,4,5,5,4,148,134,FALSE
Female,Loyal Customer,35,Business Travel,Business,1718,5,5,5,5,4,5,4,5,5,5,5,4,5,4.77,0,0,TRUE
Male,Loyal Customer,67,Personal Travel,Eco,588,1,5,1,4,1,1,1,1,3,3,5,4,1,2.38,11,0,FALSE
Female,Loyal Customer,35,Personal Travel,Eco,837,2,3,3,3,4,3,4,4,4,5,4,5,4,3.69,0,21,FALSE
Female,Loyal Customer,49,Business Travel,Business,1635,3,4,2,2,1,3,3,3,3,3,3,4,1,2.69,0,0,FALSE
Male,Loyal Customer,12,Personal Travel,Eco,453,2,4,2,3,4,2,3,4,3,5,3,4,4,3.31,0,0,FALSE
Female,Loyal Customer,50,Business Travel,Eco,237,2,5,5,5,5,3,4,2,2,2,2,4,4,3.46,0,5,FALSE
Female,Loyal Customer,30,Business Travel,Business,581,1,1,2,1,5,5,5,5,5,2,4,3,5,3.38,9,2,TRUE
Male,Loyal Customer,57,Business Travel,Eco,282,1,1,1,1,1,1,1,1,4,4,3,4,1,1.85,0,0,FALSE
Female,Disloyal Customer,22,Business Travel,Eco,649,3,0,3,2,5,3,1,5,5,3,2,2,5,3,17,16,FALSE
Female,Loyal Customer,51,Personal Travel,Eco,89,3,5,0,2,2,5,5,2,2,0,2,3,4,2.69,0,0,FALSE
Male,Loyal Customer,38,Business Travel,Eco,263,2,3,3,3,2,2,2,2,5,1,3,5,2,2.69,15,22,TRUE
Female,Loyal Customer,49,Business Travel,Business,2446,2,2,2,2,3,5,4,4,4,4,4,5,3,3.38,26,36,TRUE
Female,Disloyal Customer,37,Business Travel,Eco,570,4,1,4,3,5,4,5,5,4,4,4,1,5,3.77,0,0,FALSE
Male,Loyal Customer,58,Business Travel,Business,190,5,5,4,5,5,4,5,5,5,5,5,4,4,4.69,0,0,TRUE
Female,Loyal Customer,46,Business Travel,Business,1510,4,4,4,4,4,4,4,4,4,4,4,4,3,3.92,1,0,TRUE
Female,Loyal Customer,62,Personal Travel,Eco,1428,1,5,1,1,5,5,2,4,4,1,4,5,5,3.31,0,0,FALSE
Male,Loyal Customer,52,Business Travel,Business,2474,4,5,4,4,4,5,5,5,5,5,5,4,4,4.54,101,68,TRUE
Female,Loyal Customer,47,Business Travel,Business,2440,5,5,5,5,4,4,4,4,4,4,5,4,3,4.31,16,20,TRUE
Female,Loyal Customer,49,Business Travel,Eco,416,5,5,5,5,2,2,1,5,5,5,5,3,5,4.08,0,0,TRUE
Male,Loyal Customer,53,Business Travel,Business,3257,4,4,3,4,2,5,4,4,4,4,4,4,4,3.85,9,0,TRUE
Male,Loyal Customer,36,Personal Travel,Eco,646,2,5,3,4,3,3,3,3,1,2,5,3,3,3.08,61,65,FALSE
Male,Disloyal Customer,27,Business Travel,Eco,507,3,3,3,4,1,3,1,1,4,4,3,4,1,2.69,0,0,FALSE
Female,Loyal Customer,49,Personal Travel,Eco,700,4,2,4,3,1,2,3,2,2,4,2,2,1,2.46,0,0,FALSE
Female,Loyal Customer,21,Business Travel,Eco,430,2,3,3,3,2,2,4,2,4,4,4,3,2,2.92,0,0,FALSE
Female,Disloyal Customer,50,Business Travel,Eco,74,3,1,3,2,1,3,1,1,3,5,2,1,1,2.08,4,22,FALSE
Male,Loyal Customer,57,Business Travel,Eco,222,5,1,1,1,5,5,5,5,4,5,4,1,5,3.62,4,0,TRUE
Female,Loyal Customer,43,Business Travel,Business,184,5,5,5,5,4,4,4,4,4,4,5,4,4,4.38,0,0,TRUE
Female,Loyal Customer,42,Business Travel,Business,1750,2,2,2,2,4,5,4,4,4,4,4,3,5,3.46,0,0,TRUE
Female,Loyal Customer,22,Business Travel,Eco,678,1,1,5,5,1,1,1,1,4,4,4,1,1,2.31,0,0,FALSE
Female,Loyal Customer,70,Personal Travel,Eco,451,3,1,3,3,5,4,3,3,3,3,4,3,4,3.23,0,10,FALSE
Female,Loyal Customer,52,Personal Travel,Eco,683,2,5,2,3,4,4,5,2,2,2,2,4,5,3.23,0,0,FALSE
Female,Loyal Customer,45,Business Travel,Business,3560,1,1,1,1,5,4,5,4,4,4,4,5,5,3.38,0,0,TRUE
Male,Loyal Customer,33,Business Travel,Business,391,5,5,5,5,4,5,4,4,4,5,4,4,4,4.46,0,0,TRUE
Male,Loyal Customer,26,Business Travel,Business,463,4,4,4,4,4,4,4,4,2,5,3,2,4,3.69,0,0,TRUE
Male,Loyal Customer,13,Personal Travel,Eco,1444,2,0,2,1,2,1,1,4,5,5,5,1,1,2.31,188,198,FALSE
Male,Loyal Customer,59,Business Travel,Business,2000,4,4,4,4,5,4,5,5,5,5,5,3,4,4.38,0,0,TRUE
Female,Loyal Customer,58,Business Travel,Business,2182,1,5,4,4,5,4,4,3,3,3,1,2,1,3.08,25,22,FALSE
Female,Loyal Customer,56,Business Travel,Business,3534,5,5,5,5,2,5,4,5,5,5,5,4,5,4.62,0,2,TRUE
Male,Loyal Customer,52,Personal Travel,Eco,188,5,4,5,5,5,5,5,5,3,4,4,4,5,4.54,0,0,TRUE
Female,Loyal Customer,15,Business Travel,Eco,287,4,5,5,5,4,4,2,4,2,5,3,2,4,3.77,0,0,FALSE
Male,Loyal Customer,57,Business Travel,Business,308,0,0,0,2,3,4,4,5,5,5,5,3,5,3.15,25,5,TRUE
Male,Disloyal Customer,44,Business Travel,Eco,321,1,3,1,4,5,1,2,5,5,3,3,1,5,3,5,0,FALSE
Female,Disloyal Customer,46,Business Travel,Business,967,1,1,1,4,3,1,5,3,5,5,5,3,3,3.08,1,0,FALSE
Female,Loyal Customer,47,Business Travel,Business,1130,5,5,5,5,3,4,4,5,5,5,5,3,3,4.38,1,0,TRUE
Male,Loyal Customer,55,Personal Travel,Eco,308,1,5,1,4,2,1,2,2,4,4,5,3,2,2.77,75,66,FALSE
Male,Loyal Customer,40,Business Travel,Business,2043,4,4,4,4,5,4,5,5,5,5,5,4,4,4.46,0,0,TRUE
Female,Disloyal Customer,36,Business Travel,Eco,599,1,4,1,4,2,1,2,2,1,5,4,4,2,2.54,0,35,FALSE
Male,Loyal Customer,67,Personal Travel,Eco,1096,1,0,1,3,4,1,4,4,5,2,5,3,4,2.85,0,0,FALSE
Female,Loyal Customer,26,Personal Travel,Eco,2586,2,1,2,2,1,2,1,1,1,2,1,3,1,1.54,6,0,FALSE
Male,Loyal Customer,60,Business Travel,Business,2648,2,2,2,2,5,5,5,4,4,4,4,4,4,3.62,35,31,TRUE
Male,Loyal Customer,34,Business Travel,Business,2649,3,3,5,3,5,5,5,3,3,3,3,3,3,3.62,49,63,TRUE
Female,Disloyal Customer,39,Business Travel,Eco,242,3,0,3,2,3,3,3,3,2,3,1,4,3,2.54,0,0,FALSE
Female,Loyal Customer,40,Business Travel,Business,3367,1,3,3,3,3,2,3,2,2,2,1,1,3,2.23,0,12,FALSE
Male,Loyal Customer,40,Personal Travel,Eco Plus,395,3,5,3,4,4,3,4,4,3,5,4,3,4,3.77,42,39,FALSE
Female,Loyal Customer,12,Personal Travel,Eco,573,3,1,3,2,3,3,3,3,4,3,2,1,3,2.62,0,8,FALSE
Male,Loyal Customer,39,Business Travel,Business,1853,5,5,5,5,2,4,5,4,4,4,4,5,4,4.31,0,22,TRUE
Female,Loyal Customer,22,Business Travel,Business,2429,2,2,2,2,5,5,5,5,3,2,5,3,5,3.54,0,0,TRUE
Female,Disloyal Customer,20,Business Travel,Eco,404,3,2,3,3,3,3,3,3,1,1,3,1,3,2.46,57,42,FALSE
Male,Loyal Customer,32,Business Travel,Business,3411,3,3,3,3,5,5,5,5,3,1,2,1,5,3.38,0,0,TRUE
Male,Loyal Customer,47,Business Travel,Business,2399,5,5,5,5,3,5,5,5,5,5,5,5,5,4.85,0,0,TRUE
Male,Loyal Customer,44,Business Travel,Business,602,4,2,2,2,2,3,3,4,4,4,4,1,1,2.77,0,11,FALSE
Male,Loyal Customer,37,Business Travel,Business,1807,4,3,3,3,1,4,3,3,3,3,4,2,1,2.85,2,1,FALSE
Female,Loyal Customer,59,Business Travel,Eco,372,2,2,2,2,2,2,2,3,4,3,4,2,2,2.46,155,148,FALSE
Male,Loyal Customer,25,Business Travel,Business,1711,2,4,4,4,2,2,2,2,2,3,3,4,2,2.77,0,0,FALSE
Male,Loyal Customer,33,Business Travel,Business,1671,1,1,2,1,4,4,4,4,5,2,5,5,4,3.23,0,0,TRUE
Male,Loyal Customer,37,Business Travel,Business,370,5,5,5,5,3,1,5,3,3,4,3,1,5,3.69,0,0,TRUE
Female,Loyal Customer,24,Business Travel,Eco,836,3,3,2,3,3,3,1,3,2,1,2,3,3,2.46,0,5,FALSE
Male,Loyal Customer,39,Business Travel,Business,1089,2,2,5,2,4,5,5,4,4,4,4,4,5,3.85,0,0,TRUE
Male,Loyal Customer,60,Personal Travel,Eco,612,3,2,4,3,5,4,5,5,3,1,4,3,5,3.62,6,2,FALSE
Female,Disloyal Customer,55,Business Travel,Eco,228,2,4,2,2,1,2,1,1,5,4,2,1,1,2.15,12,0,FALSE
Female,Loyal Customer,23,Personal Travel,Eco,1947,4,5,5,3,2,5,2,2,3,3,3,5,2,3.38,36,19,FALSE
Male,Loyal Customer,39,Business Travel,Business,3349,4,4,4,4,5,4,5,4,4,4,4,5,5,4.31,0,0,TRUE
Female,Loyal Customer,32,Business Travel,Business,692,3,4,2,4,3,3,3,3,1,4,2,1,3,2.77,1,0,FALSE
Male,Loyal Customer,60,Business Travel,Business,3266,3,3,3,3,3,3,3,3,3,3,3,3,4,3.08,0,0,FALSE
Female,Loyal Customer,50,Business Travel,Eco,2565,4,5,3,3,4,4,4,1,3,2,4,4,4,3.46,0,0,TRUE
Female,Loyal Customer,63,Personal Travel,Eco,495,4,2,4,2,5,2,3,1,1,4,4,2,3,2.85,34,28,FALSE
Male,Loyal Customer,29,Personal Travel,Eco,455,3,1,5,3,2,5,2,2,2,1,4,1,2,2.54,0,0,FALSE
Female,Loyal Customer,27,Personal Travel,Business,337,3,5,2,5,3,2,3,3,2,5,4,4,3,3.38,0,0,FALSE
Male,Loyal Customer,53,Business Travel,Business,1820,1,1,1,1,2,4,4,4,4,4,4,3,3,2.77,1,15,TRUE
Male,Loyal Customer,29,Business Travel,Business,1606,3,3,5,3,5,5,5,5,3,5,5,5,5,4.38,0,0,TRUE
Male,Loyal Customer,70,Business Travel,Eco,173,5,5,5,5,5,5,5,5,3,2,1,3,5,4.15,0,0,TRUE
Male,Loyal Customer,46,Business Travel,Business,1744,4,4,4,4,2,5,5,4,4,4,4,3,5,4,29,25,TRUE
Male,Disloyal Customer,27,Business Travel,Eco,1235,4,4,4,2,5,4,5,5,1,3,3,3,5,3.69,13,6,FALSE
Male,Loyal Customer,70,Personal Travel,Eco,502,3,4,3,4,4,3,4,4,3,5,4,5,4,3.85,0,0,FALSE
Female,Loyal Customer,48,Business Travel,Business,3889,1,1,4,1,2,5,5,4,4,4,4,4,3,3.23,4,10,TRUE
Male,Loyal Customer,45,Business Travel,Business,383,2,2,2,2,3,4,4,4,4,4,4,5,3,3.31,0,0,TRUE
Female,Loyal Customer,53,Personal Travel,Eco,370,1,5,1,4,2,4,4,3,3,1,3,3,5,3,0,1,FALSE
Female,Loyal Customer,14,Business Travel,Business,2300,4,5,5,5,4,4,4,3,3,3,3,4,4,3.92,0,12,FALSE
Male,Disloyal Customer,11,Business Travel,Business,853,1,2,1,4,3,1,1,3,3,1,3,3,3,2.23,27,27,FALSE
Female,Loyal Customer,23,Business Travel,Business,2712,1,1,1,1,4,4,4,4,5,4,5,5,4,3.31,0,0,TRUE
Male,Loyal Customer,41,Business Travel,Business,2005,2,1,1,1,4,2,2,1,1,1,2,2,1,1.62,0,0,FALSE
Female,Loyal Customer,31,Business Travel,Business,1091,2,2,2,2,2,2,2,2,3,4,4,3,2,2.46,0,0,FALSE
Female,Disloyal Customer,18,Business Travel,Eco Plus,1225,5,0,5,5,2,5,2,2,1,1,2,2,2,2.62,0,5,TRUE
Male,Loyal Customer,39,Business Travel,Business,3498,0,5,0,4,3,4,4,3,3,3,3,5,4,3.15,0,0,TRUE
Female,Loyal Customer,60,Business Travel,Eco,2565,2,5,5,5,1,2,2,3,3,2,3,1,3,2.85,0,0,FALSE
Female,Loyal Customer,36,Business Travel,Eco Plus,299,1,3,3,3,1,1,1,1,3,1,3,1,1,1.77,0,13,FALSE
Male,Disloyal Customer,26,Business Travel,Business,728,4,4,4,1,3,4,3,3,3,4,4,3,3,3.31,15,12,FALSE
Female,Loyal Customer,30,Personal Travel,Eco,1107,3,2,3,3,4,3,4,4,3,4,2,3,4,3.23,5,0,FALSE
Male,Loyal Customer,50,Business Travel,Business,991,5,5,5,5,3,5,4,4,4,4,4,4,4,4.31,1,20,TRUE
Male,Loyal Customer,48,Business Travel,Eco,308,4,2,4,2,3,4,3,3,3,5,5,3,3,3.38,0,0,TRUE
Female,Loyal Customer,62,Business Travel,Eco Plus,1846,3,5,4,5,3,4,3,3,3,3,3,1,3,3.31,0,0,FALSE
Female,Loyal Customer,70,Personal Travel,Eco,447,2,4,2,4,3,4,5,2,2,2,2,4,5,3.15,0,0,FALSE
Male,Disloyal Customer,22,Business Travel,Eco,599,2,0,3,4,4,3,4,4,3,4,5,4,4,3.38,0,0,FALSE
Male,Loyal Customer,45,Personal Travel,Eco,1276,2,5,2,4,3,2,3,3,3,2,5,4,3,3.15,0,3,FALSE
Female,Loyal Customer,69,Business Travel,Eco,842,2,3,3,3,3,4,4,2,2,2,2,1,4,2.69,0,0,FALSE
Female,Loyal Customer,23,Personal Travel,Eco,451,4,3,4,3,4,4,4,4,4,2,3,4,4,3.62,0,0,TRUE
Male,Loyal Customer,47,Business Travel,Business,931,2,4,5,4,2,3,4,2,2,2,2,1,2,2.69,0,0,FALSE
Female,Loyal Customer,40,Business Travel,Eco Plus,1005,5,1,1,1,5,5,5,5,1,5,2,2,5,3.31,0,0,TRUE
Male,Disloyal Customer,24,Business Travel,Eco,983,4,4,4,4,1,4,3,1,2,3,3,3,1,2.85,0,12,FALSE
Female,Loyal Customer,44,Business Travel,Business,3189,1,1,1,1,4,5,5,5,5,5,5,4,5,3.62,5,3,TRUE
Male,Loyal Customer,52,Personal Travel,Eco,1117,4,5,4,3,1,4,1,1,5,4,4,3,1,3.08,9,21,FALSE
Male,Loyal Customer,30,Business Travel,Business,1754,1,1,2,1,5,5,5,5,1,4,3,5,5,3.31,231,240,TRUE
Female,Loyal Customer,37,Business Travel,Business,304,0,0,0,5,2,4,5,3,3,3,3,5,3,2.77,0,0,TRUE
Male,Loyal Customer,65,Business Travel,Business,222,1,2,3,3,3,3,2,3,3,3,1,1,2,2.31,0,11,FALSE
Male,Loyal Customer,19,Business Travel,Business,2537,2,5,2,2,2,2,2,2,2,5,3,4,2,2.69,46,45,FALSE
Female,Loyal Customer,64,Personal Travel,Eco,861,1,5,1,3,2,5,5,1,1,1,1,3,5,2.62,35,22,FALSE
Male,Loyal Customer,55,Business Travel,Business,1045,1,1,1,1,2,4,5,4,4,4,4,4,5,3.08,9,1,TRUE
Male,Loyal Customer,58,Business Travel,Business,1750,3,3,3,3,5,3,5,4,4,4,4,4,5,3.85,0,14,TRUE
Female,Disloyal Customer,39,Business Travel,Business,442,1,1,1,1,2,1,2,2,3,2,5,5,2,2.15,0,0,FALSE
Female,Loyal Customer,46,Business Travel,Business,1710,3,1,3,1,5,3,4,4,4,4,3,4,2,3.15,0,0,FALSE
Male,Loyal Customer,39,Business Travel,Eco,158,1,4,4,4,1,1,1,1,1,5,3,2,1,2.23,0,0,FALSE
Male,Loyal Customer,52,Business Travel,Eco,409,2,2,2,2,2,2,2,2,4,2,4,2,2,2.31,0,0,TRUE
Female,Loyal Customer,44,Business Travel,Business,3534,2,2,2,2,2,5,5,5,5,5,5,5,5,3.85,0,0,TRUE
Female,Loyal Customer,31,Personal Travel,Eco Plus,328,3,0,3,3,3,3,5,3,2,4,3,2,3,2.85,0,0,FALSE
Female,Loyal Customer,49,Business Travel,Eco,519,2,1,1,1,1,4,4,2,2,2,2,1,2,1.92,0,0,FALSE
Female,Disloyal Customer,45,Business Travel,Business,1009,4,4,4,3,5,4,5,5,3,4,5,5,5,4.31,0,0,TRUE
Female,Loyal Customer,41,Business Travel,Business,181,0,5,0,1,1,4,5,1,1,1,1,4,5,2.23,1,2,TRUE
Female,Loyal Customer,58,Business Travel,Business,3730,2,2,2,2,4,4,4,4,4,4,4,5,4,3.46,9,4,TRUE
Male,Disloyal Customer,45,Business Travel,Business,304,2,1,1,4,2,2,2,2,4,4,4,3,2,2.54,0,0,FALSE
Male,Loyal Customer,40,Business Travel,Business,2218,2,4,3,4,1,4,4,2,2,2,2,3,1,2.62,20,20,FALSE
Female,Loyal Customer,33,Business Travel,Eco Plus,581,1,1,1,1,1,1,1,1,4,4,4,4,1,1.92,0,0,FALSE
Male,Loyal Customer,39,Personal Travel,Eco,1205,1,3,1,3,3,1,3,3,3,1,4,3,3,2.46,90,70,FALSE
Male,Loyal Customer,35,Business Travel,Business,315,5,5,5,5,4,4,5,4,4,4,4,5,5,4.54,0,0,TRUE
Female,Loyal Customer,27,Business Travel,Eco Plus,591,3,1,5,1,3,3,3,3,4,4,3,3,3,3,0,0,FALSE
Male,Loyal Customer,58,Personal Travel,Eco,919,1,4,1,1,3,1,3,3,3,3,4,3,3,2.54,0,0,FALSE
Male,Loyal Customer,47,Business Travel,Business,156,2,2,2,2,1,5,1,4,4,4,3,1,1,2.46,0,0,TRUE
Male,Loyal Customer,17,Business Travel,Business,3401,4,4,4,4,4,4,4,4,4,4,3,1,4,3.69,15,9,FALSE
Male,Loyal Customer,31,Business Travel,Eco Plus,738,3,2,2,2,3,3,3,3,3,2,3,2,3,2.62,0,0,FALSE
Female,Loyal Customer,39,Business Travel,Business,761,4,4,4,4,3,5,4,5,5,5,5,4,5,4.38,0,0,TRUE
Female,Disloyal Customer,39,Business Travel,Business,936,2,2,2,1,5,2,4,5,4,3,4,3,5,3.23,0,1,FALSE
Male,Loyal Customer,8,Personal Travel,Eco,271,3,3,3,2,5,3,5,5,1,5,1,2,5,3.31,10,5,FALSE
Female,Loyal Customer,23,Personal Travel,Eco,102,2,4,2,1,3,2,3,3,4,4,4,4,3,3,0,2,FALSE
Male,Loyal Customer,22,Business Travel,Business,3871,4,1,1,1,4,4,4,4,1,1,4,3,4,2.77,0,0,FALSE
Male,Loyal Customer,57,Personal Travel,Eco,340,4,5,4,2,3,4,2,3,5,3,4,4,3,3.54,0,1,FALSE
Female,Disloyal Customer,22,Business Travel,Business,237,0,5,0,2,3,0,1,3,5,3,4,3,3,2.46,0,0,TRUE
Male,Loyal Customer,27,Personal Travel,Eco,460,3,3,3,3,4,3,4,4,2,1,3,3,4,3.08,0,19,FALSE
Male,Loyal Customer,37,Business Travel,Business,3668,1,3,3,3,1,3,3,1,1,1,1,4,3,2.15,11,19,FALSE
Female,Loyal Customer,38,Business Travel,Business,3946,1,1,1,1,2,4,4,4,4,4,4,4,5,3,0,0,TRUE
Male,Loyal Customer,60,Personal Travel,Eco,925,2,5,2,3,2,2,2,2,4,2,2,3,2,2.54,0,11,FALSE
Male,Loyal Customer,65,Personal Travel,Eco,1037,3,3,3,4,4,3,1,4,3,1,3,1,4,2.85,0,0,FALSE
Male,Loyal Customer,52,Personal Travel,Eco,310,2,5,4,2,2,4,2,2,5,5,5,3,2,3.31,0,0,FALSE
Female,Loyal Customer,45,Personal Travel,Eco,349,1,3,1,3,1,3,3,2,2,1,2,2,1,1.92,0,17,FALSE
Female,Loyal Customer,64,Personal Travel,Eco,1136,1,4,1,1,3,5,4,5,5,1,5,5,4,3.38,28,14,FALSE
Female,Loyal Customer,69,Personal Travel,Eco,337,3,5,3,5,1,5,2,4,4,3,4,3,4,3.54,41,48,FALSE
Male,Disloyal Customer,49,Business Travel,Eco,1208,3,3,3,3,3,3,3,3,1,5,3,3,3,3,0,0,FALSE
Male,Loyal Customer,56,Business Travel,Business,456,5,5,4,5,4,4,5,4,4,4,4,4,5,4.38,0,0,TRUE
Male,Loyal Customer,38,Business Travel,Business,2556,1,1,1,1,4,4,4,4,1,4,3,4,4,2.77,0,16,TRUE
Female,Loyal Customer,43,Business Travel,Business,425,1,4,4,4,1,3,3,1,1,1,1,2,3,2.23,6,9,FALSE
Female,Loyal Customer,36,Business Travel,Business,2573,2,2,2,2,5,5,4,2,2,2,2,5,3,2.92,0,0,TRUE
Male,Loyal Customer,45,Personal Travel,Eco,574,3,5,2,4,2,2,2,2,3,3,4,3,2,2.85,0,0,FALSE
Female,Loyal Customer,53,Personal Travel,Eco,1379,3,1,3,4,2,3,3,4,4,3,4,4,1,3,0,0,FALSE
Female,Loyal Customer,66,Personal Travel,Eco,2519,2,3,2,2,2,5,1,1,4,3,2,1,1,2.23,4,2,FALSE
Male,Loyal Customer,46,Personal Travel,Eco,1874,4,4,4,4,2,4,2,2,2,4,3,1,2,2.92,3,0,FALSE
Female,Loyal Customer,21,Business Travel,Business,1688,3,3,3,3,3,3,3,3,3,5,4,4,3,3.31,0,0,FALSE
Male,Loyal Customer,46,Personal Travel,Eco,603,4,3,4,3,1,4,1,1,1,1,3,2,1,2.23,0,19,FALSE
Male,Loyal Customer,33,Business Travel,Business,425,5,5,5,5,2,3,2,2,4,4,5,3,2,3.62,0,0,TRUE
Female,Loyal Customer,17,Personal Travel,Business,679,2,5,2,4,3,2,3,3,4,2,1,4,3,2.92,0,0,FALSE
Female,Disloyal Customer,34,Business Travel,Eco Plus,833,1,1,1,5,5,1,3,5,3,4,3,2,5,3,0,0,FALSE
Female,Loyal Customer,18,Personal Travel,Eco,1616,3,3,3,3,4,3,4,4,1,3,2,3,4,3.08,0,0,FALSE
Male,Disloyal Customer,32,Business Travel,Eco,300,3,5,3,3,1,3,1,1,2,4,1,2,1,2.31,69,61,FALSE
Female,Loyal Customer,56,Business Travel,Business,102,5,4,5,5,3,4,4,4,4,4,4,4,4,4.15,34,31,TRUE
Female,Loyal Customer,22,Business Travel,Business,602,1,2,2,2,2,1,1,3,1,4,3,1,1,1.85,139,130,FALSE
Male,Loyal Customer,35,Business Travel,Eco,406,2,3,1,1,2,2,2,2,2,4,1,1,2,1.92,0,0,FALSE
Male,Disloyal Customer,24,Business Travel,Eco,1005,3,4,4,3,3,4,5,3,3,3,3,3,3,3.38,54,35,FALSE
Male,Loyal Customer,34,Personal Travel,Eco Plus,794,4,5,4,2,5,4,5,5,5,5,4,3,5,4.31,0,0,FALSE
Male,Loyal Customer,70,Personal Travel,Eco,431,3,4,4,3,5,4,5,5,3,4,4,1,5,3.85,66,76,FALSE
Male,Disloyal Customer,20,Business Travel,Business,1188,0,4,0,1,4,0,3,4,4,1,3,5,4,2.54,5,0,TRUE
Male,Loyal Customer,48,Business Travel,Business,1747,3,3,3,3,2,3,5,4,4,5,4,4,5,3.69,0,1,TRUE
Female,Loyal Customer,24,Personal Travel,Eco,240,2,4,2,3,2,2,2,2,5,2,4,4,2,2.77,52,50,FALSE
Male,Loyal Customer,54,Business Travel,Business,528,5,5,5,5,4,4,5,5,5,5,5,4,5,4.77,0,0,TRUE
Female,Loyal Customer,54,Personal Travel,Eco,867,3,4,3,3,1,4,4,3,3,3,1,2,2,2.77,0,0,FALSE
Male,Loyal Customer,71,Business Travel,Business,742,2,3,4,3,2,2,1,2,2,2,2,2,2,2.23,0,2,FALSE
Male,Loyal Customer,47,Business Travel,Eco,1212,4,3,3,3,4,4,4,4,1,4,2,1,4,3.15,0,0,FALSE
Male,Loyal Customer,23,Personal Travel,Eco,862,1,5,1,3,5,1,5,5,3,4,4,5,5,3.62,8,19,FALSE
Male,Loyal Customer,21,Personal Travel,Business,1489,3,3,3,3,2,3,4,2,1,3,3,2,2,2.62,10,1,FALSE
Female,Loyal Customer,34,Business Travel,Eco,212,1,4,4,4,1,1,1,1,3,5,3,1,1,2.31,0,0,FALSE
Male,Loyal Customer,48,Personal Travel,Eco,2355,3,4,3,3,3,2,2,5,3,4,4,2,2,3.08,414,,FALSE
Male,Disloyal Customer,42,Business Travel,Business,735,2,2,2,3,5,2,5,5,5,3,5,3,5,3.62,7,0,TRUE
Female,Disloyal Customer,24,Business Travel,Eco,783,2,2,2,2,3,2,3,3,1,2,5,1,3,2.38,0,0,FALSE
Female,Loyal Customer,29,Business Travel,Business,2133,1,1,1,1,1,1,1,1,4,4,2,3,1,1.69,24,0,FALSE
Female,Loyal Customer,26,Business Travel,Business,2139,3,3,3,3,4,4,4,4,4,2,5,5,4,3.69,4,27,TRUE
Male,Loyal Customer,69,Personal Travel,Eco,583,3,5,2,4,1,2,1,1,3,4,5,4,1,2.77,28,31,FALSE
Female,Loyal Customer,31,Personal Travel,Eco,223,3,4,3,3,1,3,1,1,5,3,5,4,1,2.85,0,0,FALSE
Female,Loyal Customer,48,Business Travel,Business,1998,1,1,1,1,4,5,5,5,5,5,5,3,4,3.46,0,2,TRUE
Female,Loyal Customer,54,Personal Travel,Eco,680,4,4,4,2,4,5,5,2,2,4,2,5,4,3.62,60,66,FALSE
Male,Loyal Customer,52,Business Travel,Business,2310,4,4,4,4,2,5,4,4,4,4,4,3,5,3.92,11,2,TRUE
Female,Loyal Customer,64,Business Travel,Business,2158,1,4,1,1,3,1,2,4,4,4,4,2,1,2.46,7,13,TRUE
Male,Loyal Customer,49,Personal Travel,Eco,1744,1,5,1,5,5,1,5,5,4,4,3,5,5,3.77,0,0,FALSE
Female,Disloyal Customer,37,Business Travel,Business,2586,3,3,3,2,3,4,4,5,5,5,5,4,4,3.85,10,0,FALSE
Female,Loyal Customer,41,Business Travel,Eco,853,2,3,2,3,2,2,2,2,2,2,2,3,2,2.23,114,106,FALSE
Male,Loyal Customer,70,Personal Travel,Eco,302,5,4,2,3,5,2,5,5,1,4,3,3,5,3.62,0,0,TRUE
Female,Loyal Customer,66,Personal Travel,Eco,227,3,5,0,3,5,5,5,5,5,0,1,3,4,3.38,0,0,FALSE
Male,Loyal Customer,69,Personal Travel,Eco,1389,4,4,4,3,1,4,1,1,1,5,4,2,1,2.69,0,0,FALSE
Female,Loyal Customer,21,Personal Travel,Eco,414,1,3,1,4,3,1,3,3,1,2,5,1,3,2.38,28,20,FALSE
Female,Loyal Customer,58,Personal Travel,Eco,719,2,5,2,2,5,4,4,2,2,2,2,5,5,3.23,0,0,FALSE
Male,Loyal Customer,53,Personal Travel,Eco Plus,1259,4,4,3,2,3,3,3,3,5,3,5,5,3,3.54,18,0,TRUE
Male,Disloyal Customer,38,Business Travel,Eco,247,3,4,3,4,2,3,2,2,4,5,1,3,2,2.92,0,0,FALSE
Male,Loyal Customer,48,Business Travel,Business,1703,4,4,4,4,2,5,5,5,5,5,5,4,4,4.31,0,0,TRUE
Female,Loyal Customer,32,Personal Travel,Eco,220,5,2,0,3,5,0,5,5,3,5,3,4,5,3.46,0,0,TRUE
Female,Disloyal Customer,26,Business Travel,Eco,472,4,0,4,3,1,4,1,1,4,5,5,1,1,2.62,0,2,FALSE
Female,Loyal Customer,58,Business Travel,Eco,226,3,1,1,1,4,3,3,3,3,3,3,2,4,2.62,11,5,FALSE
Male,Loyal Customer,56,Personal Travel,Eco,323,1,4,1,4,2,1,2,2,2,1,3,1,2,2,29,60,FALSE
Female,Loyal Customer,63,Business Travel,Eco Plus,109,5,2,2,2,5,5,5,5,5,5,5,4,1,3.92,5,7,TRUE
Female,Loyal Customer,27,Business Travel,Business,280,1,1,1,1,4,4,4,4,5,3,5,4,4,3.15,0,0,TRUE
Male,Loyal Customer,43,Business Travel,Business,2252,3,3,3,3,2,2,4,4,4,4,5,5,5,3.62,77,68,TRUE
Female,Disloyal Customer,64,Business Travel,Eco Plus,302,2,1,1,3,1,2,1,1,3,3,3,2,1,1.85,0,0,FALSE
Male,Loyal Customer,35,Business Travel,Eco,399,2,5,3,3,2,2,2,2,2,4,2,4,2,2.69,0,0,TRUE
Female,Loyal Customer,25,Business Travel,Business,2486,5,5,5,5,4,4,4,4,2,1,4,1,4,3.69,0,0,TRUE
Female,Loyal Customer,65,Business Travel,Business,429,3,3,3,3,1,3,3,3,3,3,3,3,3,2.85,0,0,FALSE
Male,Loyal Customer,39,Personal Travel,Eco,862,4,5,3,1,1,3,1,1,5,4,4,4,1,2.85,22,27,FALSE
Male,Loyal Customer,31,Business Travel,Business,140,4,4,4,4,3,4,4,3,5,4,5,5,3,4,31,34,TRUE
Male,Loyal Customer,39,Business Travel,Business,834,4,4,4,4,2,4,5,5,5,5,5,4,4,4.23,15,1,TRUE
Female,Loyal Customer,49,Business Travel,Eco,794,4,2,2,2,1,1,2,5,5,4,5,4,1,2.92,0,0,TRUE
Female,Disloyal Customer,36,Business Travel,Eco,101,3,0,3,4,2,3,2,2,4,2,5,4,2,2.77,1,0,FALSE
Female,Loyal Customer,22,Business Travel,Business,1837,2,2,2,2,3,4,3,3,5,5,4,3,3,3.15,0,13,TRUE
Male,Loyal Customer,30,Personal Travel,Eco Plus,2172,4,5,4,3,2,4,2,2,3,3,3,5,2,3.23,0,0,FALSE
Male,Disloyal Customer,37,Business Travel,Business,2552,2,2,2,4,2,4,4,5,3,5,5,4,4,3.54,0,0,FALSE
Female,Disloyal Customer,57,Business Travel,Eco Plus,789,1,1,1,2,1,3,3,4,2,5,1,3,3,2.31,154,144,FALSE
Male,Loyal Customer,44,Business Travel,Eco,602,3,3,3,3,3,3,3,3,4,4,4,3,3,3.23,0,0,FALSE
Female,Loyal Customer,53,Business Travel,Business,526,4,4,4,4,3,4,5,4,4,4,4,4,3,3.92,4,0,TRUE
Male,Loyal Customer,44,Personal Travel,Eco,472,4,4,4,4,1,4,1,1,4,5,4,4,1,3.15,62,81,FALSE
Male,Loyal Customer,14,Personal Travel,Eco Plus,451,5,4,5,4,2,5,2,2,3,3,5,4,2,3.54,0,0,TRUE
Female,Loyal Customer,54,Business Travel,Business,3069,4,4,4,4,2,5,5,4,4,4,4,3,5,4,80,93,TRUE
Female,Loyal Customer,52,Business Travel,Eco Plus,844,4,5,5,5,4,4,3,4,4,4,4,4,4,4.15,9,0,TRUE
Male,Loyal Customer,37,Business Travel,Business,323,3,5,5,5,4,4,3,3,3,3,3,4,2,3.62,8,10,FALSE
Male,Loyal Customer,60,Personal Travel,Eco,273,1,2,2,4,5,2,5,5,4,3,4,2,5,3.38,1,5,FALSE
Male,Loyal Customer,45,Personal Travel,Eco,383,3,4,2,3,2,2,3,2,1,4,5,1,2,2.62,0,0,FALSE
Female,Loyal Customer,43,Business Travel,Business,2441,3,4,4,4,3,4,3,3,3,3,3,2,3,3.23,0,6,FALSE
Male,Loyal Customer,21,Personal Travel,Eco,1521,3,2,3,3,4,3,4,4,2,1,3,1,4,2.85,3,0,FALSE
Female,Loyal Customer,21,Business Travel,Business,2611,3,3,3,3,3,3,3,3,1,4,4,3,3,3,1,0,FALSE
Female,Loyal Customer,14,Personal Travel,Eco,462,1,2,1,2,2,1,5,2,4,2,2,2,2,2.15,0,0,FALSE
Female,Loyal Customer,54,Business Travel,Business,1597,1,1,1,1,3,5,4,4,4,4,4,5,3,3.08,0,7,TRUE
Female,Loyal Customer,48,Business Travel,Business,3418,3,3,3,3,4,4,5,3,3,4,4,5,3,3.62,0,1,TRUE
Female,Loyal Customer,33,Personal Travel,Eco,1235,2,4,2,3,5,2,5,5,4,3,4,4,5,3.69,0,0,FALSE
Female,Loyal Customer,38,Personal Travel,Eco,358,4,5,4,2,1,4,1,1,4,2,4,4,1,2.85,18,9,FALSE
Female,Loyal Customer,44,Business Travel,Eco,404,4,5,5,5,2,3,4,4,4,4,4,3,2,3.77,0,0,FALSE
Female,Loyal Customer,30,Business Travel,Business,2777,1,1,1,1,4,5,5,3,3,5,2,5,5,3.15,0,0,TRUE
Male,Loyal Customer,49,Business Travel,Business,1626,3,3,3,3,1,3,3,3,3,4,3,3,1,2.77,28,36,TRUE
Female,Loyal Customer,39,Business Travel,Business,3537,3,3,3,3,3,5,5,4,4,4,4,5,4,3.85,0,0,TRUE
Female,Disloyal Customer,62,Business Travel,Eco,391,2,3,2,2,5,2,5,5,2,4,5,2,5,3.38,10,19,FALSE
Male,Disloyal Customer,16,Business Travel,Eco,238,2,4,2,4,4,2,4,4,1,3,4,2,4,3.08,16,26,FALSE
Male,Loyal Customer,26,Personal Travel,Eco,647,3,4,3,3,3,3,3,3,3,4,3,4,3,3.23,0,0,FALSE
Male,Disloyal Customer,35,Business Travel,Business,1747,2,2,2,5,2,2,2,2,3,4,4,4,2,2.77,0,1,FALSE
Male,Loyal Customer,33,Personal Travel,Eco,502,3,5,3,3,1,3,5,1,5,5,4,4,1,3.31,0,0,FALSE
Male,Loyal Customer,35,Business Travel,Business,926,4,2,2,2,4,2,2,4,4,4,4,4,3,3.15,15,7,FALSE
Male,Disloyal Customer,29,Business Travel,Business,874,5,5,5,1,2,5,2,2,5,3,5,5,2,3.62,9,8,TRUE
Male,Disloyal Customer,21,Business Travel,Eco,351,0,0,0,1,3,0,3,3,5,1,5,4,3,2.15,1,0,TRUE
Female,Loyal Customer,33,Business Travel,Business,2329,1,1,1,1,2,2,2,5,4,4,5,2,2,2.46,10,68,TRUE
Male,Loyal Customer,7,Personal Travel,Eco,283,4,2,4,4,5,4,5,5,2,2,4,4,5,3.85,0,0,FALSE
Male,Loyal Customer,69,Personal Travel,Eco,369,3,5,3,3,1,3,1,1,4,3,4,4,1,2.77,20,18,FALSE
Female,Loyal Customer,41,Personal Travel,Eco,588,3,3,3,3,4,3,4,4,4,4,3,2,4,3.38,0,0,FALSE
Female,Loyal Customer,19,Personal Travel,Eco,429,3,3,3,1,4,3,4,4,4,2,4,1,4,3.08,42,33,FALSE
Female,Loyal Customer,57,Business Travel,Business,2671,1,1,1,1,5,3,3,5,5,5,4,4,2,3.08,0,3,TRUE
Female,Loyal Customer,55,Business Travel,Business,359,3,3,3,3,2,5,5,5,5,5,5,4,4,4,44,28,TRUE
Male,Loyal Customer,42,Business Travel,Business,521,2,2,2,2,3,4,2,5,5,4,5,5,1,3.23,0,0,TRUE
Female,Loyal Customer,34,Business Travel,Business,2353,4,4,4,4,3,4,4,2,5,4,2,4,4,3.69,410,435,TRUE
Female,Loyal Customer,28,Personal Travel,Eco,1185,4,4,4,2,2,4,2,2,1,3,3,2,2,2.69,1,7,FALSE
Female,Loyal Customer,40,Personal Travel,Eco,488,2,5,2,5,2,2,2,2,5,5,4,5,2,3.31,0,0,FALSE
Male,Loyal Customer,24,Personal Travel,Eco,1346,4,5,4,2,1,4,1,1,4,3,5,3,1,2.92,3,0,FALSE
Male,Loyal Customer,27,Personal Travel,Eco Plus,650,2,4,2,4,4,2,4,4,4,1,4,4,4,3.31,5,8,FALSE
Male,Loyal Customer,26,Personal Travel,Eco,86,2,4,2,3,2,2,2,2,3,5,4,5,2,2.92,0,9,FALSE
Female,Loyal Customer,35,Business Travel,Business,425,1,2,2,2,4,4,3,1,1,2,1,3,4,2.31,0,0,FALSE
Male,Disloyal Customer,28,Business Travel,Business,1121,1,1,1,4,2,1,2,2,3,3,3,3,2,2.15,0,11,FALSE
Female,Loyal Customer,30,Business Travel,Eco Plus,1069,4,5,5,5,4,4,4,4,1,5,5,3,4,4.08,3,8,TRUE
Male,Loyal Customer,55,Business Travel,Business,357,5,5,5,5,2,5,4,4,4,4,4,3,5,4.23,12,2,TRUE
Female,Loyal Customer,45,Business Travel,Eco Plus,562,2,5,5,5,3,4,3,2,2,2,2,4,3,3.23,2,0,FALSE
Male,Loyal Customer,8,Personal Travel,Eco,562,2,4,2,3,3,2,3,3,4,4,5,3,3,3.15,0,9,FALSE
Male,Loyal Customer,43,Personal Travel,Eco,1744,2,4,2,3,3,2,3,3,4,5,5,5,3,3.38,0,6,FALSE
Female,Loyal Customer,17,Personal Travel,Eco Plus,719,3,4,3,3,2,3,2,2,3,3,4,5,2,3,0,2,FALSE
Female,Loyal Customer,51,Personal Travel,Business,366,2,1,2,3,3,3,3,4,4,2,1,4,4,2.77,0,0,FALSE
Male,Loyal Customer,43,Business Travel,Business,486,3,4,4,4,3,3,4,3,3,3,3,2,2,3.15,60,57,FALSE
Female,Loyal Customer,57,Business Travel,Business,621,3,3,3,3,3,5,5,5,5,4,5,5,3,4,0,0,TRUE
Female,Loyal Customer,33,Business Travel,Business,329,3,5,3,3,1,3,2,5,5,5,5,4,4,3.69,29,23,TRUE
Female,Loyal Customer,51,Business Travel,Business,1873,3,3,3,3,4,4,4,3,3,4,3,3,3,3.31,23,11,TRUE
Male,Loyal Customer,22,Business Travel,Eco,1235,3,3,3,3,3,3,3,3,4,2,4,3,3,3.08,35,35,FALSE
Male,Loyal Customer,55,Business Travel,Business,447,4,2,4,4,3,4,5,5,5,5,5,3,3,4,0,0,TRUE
Female,Loyal Customer,36,Personal Travel,Eco,251,2,4,2,4,4,2,2,4,3,4,4,4,4,3.31,0,0,FALSE
Female,Loyal Customer,32,Business Travel,Eco,1546,4,5,5,5,4,4,4,4,1,3,3,3,4,3.77,5,1,FALSE
Male,Loyal Customer,65,Personal Travel,Eco Plus,846,4,4,4,3,5,4,4,5,4,4,4,5,5,4.23,3,0,FALSE
Female,Loyal Customer,29,Personal Travel,Eco Plus,959,2,5,2,3,3,2,3,3,3,2,4,5,3,3.08,19,21,FALSE
Female,Loyal Customer,63,Business Travel,Eco,645,3,4,4,4,1,4,3,3,3,3,3,2,1,2.92,24,4,FALSE
Female,Disloyal Customer,50,Business Travel,Business,441,2,2,2,1,2,2,2,2,5,2,4,3,2,2.38,0,5,FALSE
Female,Loyal Customer,41,Business Travel,Eco Plus,1674,5,5,3,5,5,5,1,5,5,5,5,4,4,4.38,0,0,TRUE
Female,Loyal Customer,49,Business Travel,Business,3864,1,1,1,1,5,5,5,4,4,4,4,4,5,3.38,0,0,TRUE
Female,Loyal Customer,49,Business Travel,Eco,224,5,4,4,4,5,5,4,5,5,5,5,2,1,4.15,0,0,TRUE
Male,Disloyal Customer,28,Business Travel,Eco,2288,3,3,3,3,4,3,4,4,2,2,4,1,4,3.08,0,0,FALSE
Female,Loyal Customer,30,Business Travel,Business,3665,1,1,1,1,4,4,4,4,4,4,5,4,4,3.15,0,0,TRUE
Female,Disloyal Customer,31,Business Travel,Business,1773,1,1,1,1,1,1,1,1,5,3,3,3,1,1.77,0,0,FALSE
Male,Disloyal Customer,27,Business Travel,Eco,1028,2,3,3,4,3,3,3,3,3,4,2,5,3,3.15,0,0,FALSE
Female,Loyal Customer,54,Business Travel,Business,825,5,5,5,5,3,4,5,4,4,3,4,5,3,4.23,0,9,TRUE
Female,Loyal Customer,49,Personal Travel,Eco,929,2,4,2,1,3,5,5,3,3,2,3,5,4,3.23,0,0,FALSE
Female,Loyal Customer,72,Business Travel,Business,3553,3,1,1,1,3,2,2,3,3,3,3,1,1,2.08,1,83,FALSE
Female,Loyal Customer,10,Personal Travel,Eco,590,3,4,3,3,3,3,1,3,4,4,5,5,3,3.38,0,0,FALSE
Male,Loyal Customer,50,Business Travel,Business,2593,1,1,1,1,4,5,4,5,5,5,5,4,3,3.38,33,32,TRUE
Male,Loyal Customer,54,Business Travel,Business,3144,1,1,2,1,3,5,4,2,2,2,2,4,4,2.54,0,0,TRUE
Male,Loyal Customer,71,Business Travel,Business,370,5,5,5,5,5,2,1,4,4,4,4,1,4,3.77,4,0,TRUE
Female,Loyal Customer,55,Personal Travel,Eco Plus,1276,2,5,2,1,3,4,4,5,5,2,2,5,4,3.38,0,0,FALSE
Female,Loyal Customer,49,Business Travel,Business,1805,3,3,3,3,3,5,4,3,3,3,3,2,3,3.15,19,0,TRUE
Female,Loyal Customer,55,Personal Travel,Eco,534,3,3,3,3,4,4,3,1,1,3,1,4,3,2.77,39,33,FALSE
Male,Loyal Customer,34,Business Travel,Business,1542,4,4,4,4,4,4,4,4,4,4,4,5,3,4,0,0,TRUE
Female,Disloyal Customer,47,Business Travel,Eco,420,2,1,2,3,2,2,2,2,1,4,3,3,2,2.23,6,4,FALSE
Male,Loyal Customer,39,Business Travel,Business,452,3,2,2,2,5,3,2,3,3,3,3,4,4,3,52,73,FALSE
Male,Loyal Customer,28,Personal Travel,Eco,1055,4,5,4,2,1,4,1,1,5,2,4,3,1,2.85,0,0,FALSE
Female,Loyal Customer,59,Business Travel,Business,2368,5,5,5,5,5,4,4,5,5,5,5,3,5,4.69,8,0,TRUE
Male,Disloyal Customer,23,Business Travel,Business,594,4,3,4,3,3,4,3,3,4,2,4,5,3,3.46,0,0,TRUE
Male,Loyal Customer,60,Business Travel,Business,2400,3,3,4,3,2,5,4,5,5,4,5,3,5,3.92,0,1,TRUE
Female,Disloyal Customer,28,Business Travel,Business,1007,5,5,5,1,5,5,5,5,4,2,3,5,5,4.23,0,0,TRUE
Male,Loyal Customer,11,Personal Travel,Eco Plus,749,3,4,3,3,3,3,3,3,3,4,5,5,3,3.46,0,0,FALSE
Female,Loyal Customer,29,Personal Travel,Eco,1310,1,5,1,1,4,1,4,4,5,5,5,5,4,3.46,15,3,FALSE
Female,Loyal Customer,39,Business Travel,Business,158,1,1,1,1,4,4,5,4,4,4,5,4,5,3.31,0,18,TRUE
Male,Loyal Customer,22,Business Travel,Business,1400,3,3,3,3,5,5,5,5,5,2,1,1,5,3.54,0,0,TRUE
Female,Loyal Customer,43,Business Travel,Business,1728,4,4,4,4,2,4,4,4,4,4,4,3,5,3.85,5,0,TRUE
Male,Loyal Customer,49,Personal Travel,Eco,325,3,3,3,3,2,3,3,2,4,5,2,3,2,2.92,35,24,FALSE
Female,Loyal Customer,37,Business Travel,Business,3270,5,5,4,5,3,5,5,5,5,4,5,5,5,4.69,9,23,TRUE
Male,Disloyal Customer,33,Business Travel,Eco,642,3,4,3,3,5,3,5,5,5,2,3,5,5,3.92,0,0,FALSE
Female,Loyal Customer,25,Business Travel,Business,733,2,4,4,4,2,2,2,2,3,5,4,4,2,3.08,104,88,FALSE
Male,Disloyal Customer,23,Business Travel,Eco,547,4,4,5,3,4,5,4,4,2,3,4,3,4,3.77,2,0,FALSE
Male,Loyal Customer,35,Personal Travel,Eco Plus,261,3,5,3,3,4,3,4,4,1,2,3,2,4,3.15,0,0,FALSE
Male,Loyal Customer,46,Personal Travel,Eco,181,4,3,4,2,2,4,5,2,2,1,3,3,2,2.85,11,9,TRUE
Female,Loyal Customer,25,Personal Travel,Business,991,3,5,3,4,4,3,4,4,4,3,4,5,4,3.85,0,0,FALSE
Male,Loyal Customer,57,Business Travel,Business,3015,4,4,4,4,2,5,4,4,4,4,4,3,5,3.92,0,0,TRUE
Male,Loyal Customer,65,Business Travel,Eco,989,5,1,1,1,5,5,5,5,4,3,5,3,5,3.69,3,22,TRUE
Female,Disloyal Customer,15,Business Travel,Business,1754,0,0,0,4,4,0,4,4,4,5,4,4,4,2.85,1,0,TRUE
Female,Loyal Customer,22,Business Travel,Business,399,4,4,4,4,4,4,4,4,2,1,3,2,4,3.38,0,0,TRUE
Male,Loyal Customer,46,Business Travel,Business,486,4,4,4,4,5,4,5,5,5,5,5,4,3,4.38,0,0,TRUE
Female,Disloyal Customer,29,Business Travel,Eco,937,2,1,1,4,2,1,3,2,4,5,3,4,2,2.62,0,0,FALSE
Male,Loyal Customer,26,Personal Travel,Eco,589,3,5,3,4,3,3,3,3,5,3,5,5,3,3.69,0,0,FALSE
Male,Loyal Customer,37,Personal Travel,Eco,1192,4,3,4,4,2,4,2,2,4,2,4,2,2,3,0,0,FALSE
Male,Loyal Customer,26,Business Travel,Business,2040,4,4,5,4,4,4,4,4,5,5,5,4,4,4.31,37,94,TRUE
Female,Loyal Customer,30,Personal Travel,Eco,986,3,3,3,2,3,3,3,3,4,3,2,3,3,2.92,80,69,FALSE
Female,Loyal Customer,7,Personal Travel,Eco,214,4,0,4,3,3,4,3,3,5,5,5,4,3,3.54,0,0,FALSE
Male,Loyal Customer,22,Business Travel,Business,637,4,2,2,2,4,3,4,4,3,1,4,2,4,3,23,6,FALSE
Male,Loyal Customer,40,Personal Travel,Eco Plus,1055,3,4,3,3,2,3,2,2,3,5,4,4,2,3.08,0,0,FALSE
Male,Loyal Customer,54,Business Travel,Business,2927,2,2,2,2,3,5,5,4,4,4,4,4,3,3.38,0,0,TRUE
Male,Disloyal Customer,29,Business Travel,Business,488,2,2,2,3,1,2,1,1,3,3,3,3,1,2.08,100,100,FALSE
Female,Disloyal Customer,36,Business Travel,Business,399,2,2,2,4,4,2,4,4,3,4,5,3,4,3.31,0,0,FALSE
Male,Loyal Customer,33,Business Travel,Eco,134,1,2,2,2,1,1,1,1,1,4,4,3,1,1.85,0,0,FALSE
Female,Disloyal Customer,35,Business Travel,Eco,102,4,3,4,1,1,4,1,1,1,4,2,4,1,2.38,6,9,FALSE
Male,Loyal Customer,53,Business Travel,Business,323,1,1,1,1,3,5,5,5,5,5,5,5,5,3.62,1,0,TRUE
Female,Disloyal Customer,42,Business Travel,Business,391,2,2,2,2,2,2,2,2,5,4,5,3,2,2.69,9,0,FALSE
Female,Disloyal Customer,22,Business Travel,Eco,802,2,2,2,3,3,2,3,3,1,3,4,1,3,2.46,0,0,FALSE
Female,Loyal Customer,42,Business Travel,Business,377,2,2,2,2,3,5,4,4,4,4,4,5,4,3.46,0,0,TRUE
Male,Loyal Customer,59,Personal Travel,Eco,157,4,2,4,3,2,4,5,2,1,1,3,1,2,2.62,0,0,TRUE
Female,Loyal Customer,41,Personal Travel,Eco,270,2,2,2,4,2,5,5,1,4,3,3,5,5,3.31,147,139,FALSE
Male,Loyal Customer,44,Personal Travel,Eco,353,2,4,3,2,4,3,4,4,5,5,5,4,4,3.77,0,0,FALSE
Male,Loyal Customer,52,Business Travel,Business,2004,1,1,1,1,2,4,5,5,5,5,5,4,4,3.31,10,0,TRUE
Male,Loyal Customer,44,Personal Travel,Eco,250,2,5,2,3,3,2,3,3,5,4,5,5,3,3.46,0,0,FALSE
Female,Disloyal Customer,23,Business Travel,Eco,867,1,2,2,3,1,2,1,1,3,4,1,4,1,2,0,4,FALSE
Female,Loyal Customer,63,Personal Travel,Eco,440,5,5,5,1,4,5,4,3,3,5,3,5,4,4,0,0,TRUE
Male,Loyal Customer,33,Business Travel,Business,354,3,3,3,3,5,4,5,5,2,5,2,5,5,3.85,0,0,TRUE
Male,Loyal Customer,37,Business Travel,Business,390,5,5,5,5,2,5,5,4,4,4,4,4,5,4.38,0,0,TRUE
Male,Loyal Customer,51,Business Travel,Business,3923,2,2,5,2,3,5,5,5,5,5,5,4,5,4.08,8,0,TRUE
Male,Loyal Customer,56,Business Travel,Business,3998,3,3,3,3,4,4,5,4,4,5,4,4,5,3.92,0,0,TRUE
Female,Loyal Customer,38,Business Travel,Business,1303,3,3,3,3,3,3,3,3,3,3,3,4,1,2.92,24,54,FALSE
Female,Loyal Customer,51,Business Travel,Business,449,1,4,2,2,3,3,4,1,1,1,1,4,4,2.38,18,61,FALSE
Female,Loyal Customer,17,Personal Travel,Eco,972,1,4,1,3,3,1,3,3,5,4,5,3,3,3,0,0,FALSE
Female,Loyal Customer,46,Business Travel,Business,2903,1,1,1,1,5,4,4,5,5,5,5,5,5,3.62,0,13,TRUE
Male,Loyal Customer,58,Business Travel,Business,725,2,2,2,2,4,5,5,4,4,5,4,3,4,3.54,39,32,TRUE
Male,Loyal Customer,38,Personal Travel,Eco,1823,3,3,4,4,2,4,2,2,4,5,3,3,2,3.15,0,0,FALSE
Male,Loyal Customer,33,Personal Travel,Eco,491,0,4,0,2,3,0,3,3,2,2,1,5,3,2.15,3,10,TRUE
Male,Loyal Customer,34,Personal Travel,Eco,187,1,5,1,3,4,1,2,4,4,3,5,3,4,3.08,0,0,FALSE
Female,Loyal Customer,67,Personal Travel,Eco,1448,3,4,3,4,5,3,3,1,1,3,5,2,1,2.92,4,0,FALSE
Female,Loyal Customer,12,Personal Travel,Eco,214,2,4,2,3,2,3,3,2,3,3,3,3,3,2.77,135,119,FALSE
Female,Loyal Customer,14,Personal Travel,Eco Plus,802,1,4,1,1,3,1,3,3,5,3,5,4,3,2.85,2,22,FALSE
Male,Loyal Customer,52,Personal Travel,Eco,182,2,5,0,3,2,0,1,2,5,2,5,3,2,2.46,67,76,FALSE
Female,Loyal Customer,28,Business Travel,Eco,160,0,0,0,5,2,0,2,2,4,5,2,5,2,2.23,11,12,TRUE
Female,Disloyal Customer,22,Business Travel,Eco,541,1,3,1,3,2,1,2,2,3,4,4,2,2,2.31,0,0,FALSE
Male,Disloyal Customer,24,Business Travel,Eco,216,2,2,2,4,3,2,3,3,1,1,4,3,3,2.54,2,1,FALSE
Female,Loyal Customer,41,Business Travel,Business,2795,2,2,2,2,2,4,3,2,2,2,2,1,4,2.31,50,44,FALSE
Female,Loyal Customer,28,Personal Travel,Eco,1020,1,2,1,4,5,1,4,5,3,2,3,4,5,3.08,39,64,FALSE
Male,Loyal Customer,51,Business Travel,Business,2766,5,5,5,5,4,4,4,4,4,4,4,5,5,4.46,0,0,TRUE
Male,Loyal Customer,36,Business Travel,Business,1024,2,2,2,2,4,4,5,4,4,4,4,3,3,3.31,7,0,TRUE
Female,Loyal Customer,64,Personal Travel,Eco,187,0,4,0,1,2,5,5,1,1,0,1,3,4,2.08,0,0,TRUE
Female,Loyal Customer,50,Business Travel,Business,2220,5,5,5,5,4,5,5,4,4,4,4,4,5,4.54,39,23,TRUE
Male,Loyal Customer,40,Business Travel,Business,235,3,3,3,3,5,4,5,4,4,4,4,5,4,3.92,4,1,TRUE
Female,Loyal Customer,26,Business Travel,Business,550,3,3,3,3,5,5,5,5,5,4,4,4,5,4.15,66,60,TRUE
Female,Disloyal Customer,21,Business Travel,Eco,226,3,2,3,3,1,3,1,1,1,1,4,3,1,2.08,0,0,FALSE
Male,Disloyal Customer,37,Business Travel,Eco,184,1,2,0,4,2,0,5,2,4,2,3,2,2,2.23,0,0,FALSE
Male,Loyal Customer,47,Business Travel,Business,468,1,1,1,1,3,4,5,4,4,4,4,3,3,2.92,0,7,TRUE
Male,Loyal Customer,54,Business Travel,Eco,2072,2,2,2,2,2,2,2,2,3,3,4,1,2,2.23,6,12,FALSE
Male,Disloyal Customer,23,Business Travel,Eco,766,5,5,5,3,2,5,2,2,3,3,3,5,2,3.46,0,0,TRUE
Female,Loyal Customer,26,Personal Travel,Eco,129,2,3,2,3,2,2,3,2,2,1,3,4,2,2.38,0,0,FALSE
Male,Loyal Customer,40,Business Travel,Eco,909,5,4,4,4,5,5,5,5,1,5,2,3,5,4.08,0,0,TRUE
Female,Loyal Customer,17,Personal Travel,Eco,731,5,3,5,4,1,5,4,1,1,4,3,2,1,3,3,0,TRUE
Female,Loyal Customer,27,Business Travel,Eco,591,5,3,3,3,5,5,5,5,4,2,5,5,5,4.23,0,0,TRUE
Male,Loyal Customer,23,Personal Travel,Eco,3302,2,1,2,3,2,1,1,2,3,3,4,1,1,2,0,0,FALSE
Female,Loyal Customer,37,Business Travel,Eco,304,2,1,1,1,2,2,2,2,2,2,3,4,2,2,0,9,FALSE
Female,Loyal Customer,51,Personal Travel,Business,929,1,4,1,4,5,4,5,2,2,1,1,4,3,2.85,38,36,FALSE
Male,Loyal Customer,55,Personal Travel,Eco Plus,390,1,3,1,3,5,1,3,5,3,2,3,1,5,2.77,3,0,FALSE
Female,Loyal Customer,34,Business Travel,Business,157,4,5,4,4,1,3,4,4,4,4,5,1,1,3.38,59,58,TRUE
Male,Loyal Customer,19,Personal Travel,Eco,226,4,4,4,5,4,4,4,4,5,4,5,4,4,4.23,0,0,FALSE
Male,Loyal Customer,44,Business Travel,Eco,192,4,3,2,3,4,4,4,4,5,2,5,4,4,3.69,19,19,TRUE
Female,Loyal Customer,47,Business Travel,Eco,528,5,1,1,1,4,5,2,5,5,5,5,2,1,3.23,0,0,TRUE
Female,Loyal Customer,44,Business Travel,Business,2399,1,1,1,1,2,5,4,4,4,4,4,5,3,3,19,3,TRUE
Male,Loyal Customer,8,Personal Travel,Eco,1911,3,5,3,4,3,3,3,3,4,4,4,5,3,3.62,0,0,FALSE
Male,Loyal Customer,49,Business Travel,Business,261,2,2,2,2,4,3,4,2,2,2,2,1,1,2.23,0,0,FALSE
Male,Loyal Customer,43,Business Travel,Business,383,2,2,2,2,3,4,4,4,4,4,4,3,5,3.31,36,40,TRUE
Male,Disloyal Customer,29,Business Travel,Eco,1411,1,1,1,3,2,1,4,2,3,2,3,2,2,2.08,11,13,FALSE
Female,Disloyal Customer,44,Business Travel,Eco,737,2,1,1,4,4,1,4,4,2,5,4,1,4,2.85,94,91,FALSE
Female,Loyal Customer,59,Business Travel,Business,2645,3,3,3,3,5,5,4,3,3,4,3,5,4,3.69,28,16,TRUE
Female,Loyal Customer,14,Personal Travel,Eco,147,2,3,2,4,1,2,1,1,3,1,4,3,1,2.15,68,53,FALSE
Male,Disloyal Customer,20,Business Travel,Eco,201,2,4,2,4,5,2,1,5,3,1,3,1,5,2.92,0,4,FALSE
Female,Loyal Customer,59,Business Travel,Business,1773,3,3,3,3,5,5,4,5,5,5,5,5,4,4.23,0,0,TRUE
Female,Disloyal Customer,34,Business Travel,Eco,859,2,3,3,4,4,3,4,4,1,3,3,2,4,3.08,0,0,FALSE
Male,Loyal Customer,61,Business Travel,Business,2528,1,4,4,4,2,3,2,1,1,2,1,3,2,2.31,3,1,FALSE
Male,Loyal Customer,48,Personal Travel,Eco,834,4,2,4,3,3,4,3,3,3,4,2,1,3,3,0,0,FALSE
Male,Loyal Customer,44,Business Travel,Business,1892,4,4,4,4,2,5,4,5,5,5,5,3,5,4.23,9,0,TRUE
Female,Loyal Customer,60,Business Travel,Eco,237,4,5,3,3,3,4,1,4,4,4,4,2,4,3.46,0,0,TRUE
Male,Loyal Customer,53,Personal Travel,Eco,399,1,4,1,3,2,1,2,2,4,3,4,3,2,2.46,89,99,FALSE
Male,Loyal Customer,34,Business Travel,Business,1587,1,4,4,4,1,2,2,1,1,1,1,2,3,2.08,0,0,FALSE
Male,Loyal Customer,30,Business Travel,Business,1838,1,4,1,1,5,5,5,5,5,5,4,4,5,3.85,15,23,TRUE
Female,Loyal Customer,46,Personal Travel,Eco,1147,3,3,3,3,1,2,3,2,2,3,2,3,4,2.62,0,0,FALSE
Male,Loyal Customer,23,Personal Travel,Eco,140,3,3,0,3,2,0,2,2,5,2,1,2,2,2.08,13,0,FALSE
Female,Loyal Customer,29,Business Travel,Business,2706,5,5,2,5,4,4,4,4,5,4,3,1,4,3.85,0,17,TRUE
Female,Disloyal Customer,20,Business Travel,Eco,224,3,1,3,3,5,3,5,5,4,3,4,1,5,3.46,0,2,FALSE
Female,Loyal Customer,34,Personal Travel,Eco,1142,1,4,2,4,3,2,5,3,5,3,3,3,3,3.15,0,0,FALSE
Male,Loyal Customer,62,Personal Travel,Eco,145,1,1,1,3,4,1,4,4,3,4,3,1,4,2.62,0,0,FALSE
Female,Loyal Customer,24,Personal Travel,Eco,391,3,5,3,3,4,3,4,4,1,4,4,2,4,3.38,5,8,FALSE
Female,Loyal Customer,36,Business Travel,Business,785,1,1,1,1,4,2,4,2,2,2,2,2,4,2.15,0,1,TRUE
Male,Disloyal Customer,57,Business Travel,Eco,495,2,2,2,3,2,2,2,2,1,1,4,2,2,2.08,0,0,FALSE
Male,Loyal Customer,60,Business Travel,Business,2148,5,5,5,5,3,5,5,5,5,5,5,3,5,4.69,28,28,TRUE
Female,Loyal Customer,48,Personal Travel,Eco,721,4,4,4,1,3,2,2,5,5,4,5,4,3,3.54,0,0,FALSE
Male,Disloyal Customer,38,Business Travel,Eco,102,3,0,3,3,4,3,4,4,3,1,4,3,4,3,2,1,FALSE
Female,Disloyal Customer,8,Business Travel,Eco,480,1,1,1,4,4,1,4,4,1,5,3,2,4,2.69,101,107,FALSE
Male,Loyal Customer,44,Business Travel,Eco,466,5,2,2,2,5,5,5,5,1,5,4,2,5,3.69,0,0,TRUE
Male,Loyal Customer,70,Personal Travel,Eco,247,2,4,2,2,4,2,4,4,4,5,4,4,4,3.46,0,0,FALSE
Female,Loyal Customer,61,Personal Travel,Eco,376,3,5,3,3,4,5,5,3,3,3,1,3,3,3.38,0,13,FALSE
Female,Loyal Customer,69,Business Travel,Eco,1972,4,4,4,4,1,3,3,4,4,4,4,4,1,3.38,0,0,FALSE
Female,Loyal Customer,31,Business Travel,Business,2747,2,4,4,4,2,1,2,2,2,5,3,2,2,2.69,0,0,FALSE
Female,Loyal Customer,43,Business Travel,Business,2014,5,5,5,5,3,5,4,5,5,5,5,5,5,4.77,10,23,TRUE
Male,Loyal Customer,51,Business Travel,Business,1744,2,4,4,4,5,2,2,2,2,2,2,4,1,2.77,4,25,FALSE
Male,Loyal Customer,70,Personal Travel,Eco,483,2,5,2,4,1,2,1,1,1,1,3,2,1,2,0,0,FALSE
Female,Loyal Customer,16,Business Travel,Business,547,5,5,5,5,4,4,4,4,4,4,5,3,4,4.31,2,0,TRUE
Male,Loyal Customer,54,Personal Travel,Eco,1111,1,5,1,3,4,1,4,4,4,4,5,4,4,3.38,12,14,FALSE
Male,Loyal Customer,41,Personal Travel,Eco,237,4,4,0,2,2,0,1,2,3,5,5,4,2,2.62,0,0,FALSE
Female,Loyal Customer,44,Personal Travel,Eco,2075,2,3,2,4,3,5,2,2,2,2,2,4,4,2.85,0,0,FALSE
Female,Loyal Customer,48,Business Travel,Business,2625,1,1,1,1,2,5,4,4,4,4,4,5,5,3.15,0,0,TRUE
Female,Loyal Customer,41,Personal Travel,Eco,444,4,5,3,2,4,3,4,4,5,4,4,5,4,3.92,0,0,FALSE
Female,Disloyal Customer,30,Business Travel,Eco,710,3,3,3,1,3,3,4,3,1,3,2,1,3,2.54,56,58,FALSE
Female,Loyal Customer,40,Business Travel,Business,2782,1,1,1,1,4,5,4,5,5,5,5,5,5,3.62,0,0,TRUE
Male,Disloyal Customer,37,Business Travel,Eco,718,3,3,3,3,1,3,1,1,4,5,3,1,1,2.46,11,8,FALSE
Female,Disloyal Customer,26,Business Travel,Business,551,4,4,4,2,3,4,3,3,3,4,4,3,3,3.38,13,2,TRUE
Male,Loyal Customer,59,Business Travel,Business,1464,1,1,1,1,3,5,4,4,4,4,4,3,3,2.92,0,0,TRUE
Female,Loyal Customer,27,Business Travel,Business,3896,1,1,1,1,4,4,4,4,5,1,4,1,4,2.69,0,0,TRUE
Male,Disloyal Customer,24,Business Travel,Eco,280,3,4,3,3,4,3,1,4,4,5,4,4,4,3.54,0,0,FALSE
Male,Loyal Customer,49,Business Travel,Business,308,5,5,5,5,2,5,4,4,4,4,4,4,3,4.15,0,0,TRUE
Female,Loyal Customer,24,Business Travel,Business,1476,5,5,5,5,5,5,5,5,1,1,3,5,5,4.23,3,2,TRUE
Male,Loyal Customer,68,Personal Travel,Eco,272,1,3,1,3,4,1,4,4,3,5,2,2,4,2.85,0,0,FALSE
Male,Loyal Customer,31,Business Travel,Eco Plus,846,3,4,4,4,3,3,3,3,4,2,3,4,3,3.31,16,32,FALSE
Male,Loyal Customer,56,Business Travel,Business,3472,1,1,5,1,2,5,4,5,5,5,5,3,4,3.54,94,95,TRUE
Male,Disloyal Customer,34,Business Travel,Eco,316,3,2,3,3,4,3,4,4,4,4,3,2,4,3.31,46,41,FALSE
Male,Loyal Customer,29,Business Travel,Business,210,4,1,1,1,2,2,4,2,2,3,3,3,2,2.31,0,0,FALSE
Male,Loyal Customer,31,Business Travel,Business,522,3,1,1,1,3,3,3,3,3,5,3,2,3,2.62,7,36,FALSE
Female,Loyal Customer,38,Business Travel,Eco,399,5,3,3,3,5,5,5,5,4,3,3,5,5,4.15,0,0,TRUE
Male,Loyal Customer,53,Business Travel,Business,2704,5,5,5,5,2,3,4,4,4,4,4,5,4,4.15,0,0,TRUE
Male,Loyal Customer,32,Personal Travel,Eco,304,3,5,3,3,3,3,2,3,5,5,4,3,3,3.46,0,4,FALSE
Male,Loyal Customer,30,Business Travel,Business,1741,5,5,5,5,4,4,4,4,5,5,2,2,4,4.15,0,0,TRUE
Male,Loyal Customer,22,Business Travel,Business,2168,1,3,3,3,1,1,1,1,3,3,3,1,1,1.92,26,36,FALSE
Male,Loyal Customer,17,Personal Travel,Eco,604,5,4,5,2,5,5,2,5,5,3,5,4,5,4.23,0,0,TRUE
Female,Loyal Customer,61,Personal Travel,Eco,1747,3,4,3,4,5,4,4,1,1,3,1,3,4,3.08,0,0,FALSE
Male,Disloyal Customer,24,Business Travel,Eco,632,3,0,3,3,2,3,2,2,3,3,4,3,2,2.54,0,0,FALSE
Male,Loyal Customer,47,Business Travel,Business,1796,1,1,1,1,4,5,5,2,2,2,2,4,5,2.69,0,2,TRUE
Female,Loyal Customer,36,Personal Travel,Eco,446,4,4,4,1,2,4,2,2,3,5,4,3,2,3.08,47,42,FALSE
Male,Loyal Customer,30,Business Travel,Business,2957,1,1,1,1,5,4,5,5,5,1,4,1,5,3,0,0,TRUE
Female,Disloyal Customer,25,Business Travel,Business,1197,3,0,3,2,5,3,5,5,4,4,5,3,5,3.62,0,0,FALSE
Female,Loyal Customer,50,Business Travel,Business,366,3,3,3,3,5,4,5,2,2,2,2,4,3,3.15,0,0,TRUE
Female,Loyal Customer,23,Business Travel,Business,626,2,2,3,2,2,2,2,2,4,2,3,3,2,2.38,2,0,FALSE
Female,Loyal Customer,42,Business Travel,Business,1792,1,1,1,1,3,5,5,4,4,4,4,5,3,3.15,5,0,TRUE
Male,Loyal Customer,7,Personal Travel,Eco,1062,2,5,2,2,4,2,4,4,5,3,4,3,4,3.38,51,36,FALSE
Female,Disloyal Customer,25,Business Travel,Eco,691,4,4,4,4,5,4,5,5,4,4,3,4,5,4.23,14,13,FALSE
Male,Loyal Customer,46,Personal Travel,Business,2552,3,3,3,3,3,5,2,3,3,3,3,4,3,3.15,0,0,FALSE
Female,Loyal Customer,45,Business Travel,Business,2452,4,4,4,4,3,4,4,5,5,5,5,4,5,4.31,0,5,TRUE
Male,Disloyal Customer,15,Business Travel,Eco,925,2,2,2,3,2,2,1,2,3,5,3,3,2,2.46,0,0,FALSE
Male,Loyal Customer,33,Business Travel,Eco Plus,919,4,3,3,3,4,4,4,4,1,5,4,5,4,3.69,39,22,TRUE
Male,Loyal Customer,48,Personal Travel,Eco,1069,4,5,4,3,4,4,2,4,2,3,1,4,4,3.38,17,0,TRUE
Male,Loyal Customer,20,Personal Travel,Eco,646,3,4,3,4,4,3,5,4,2,2,4,2,4,3.38,72,76,FALSE
Female,Loyal Customer,39,Business Travel,Eco,306,1,4,4,4,1,1,1,1,3,5,3,1,1,2.31,0,7,FALSE
Male,Disloyal Customer,37,Business Travel,Business,413,2,2,2,4,4,2,4,4,5,3,5,3,4,3.38,0,0,FALSE
Female,Disloyal Customer,23,Business Travel,Eco,1266,2,1,1,2,2,1,2,2,3,4,4,5,2,2.38,0,2,FALSE
Female,Loyal Customer,52,Personal Travel,Eco,545,4,5,4,3,2,2,5,3,3,4,3,3,2,3.31,0,0,TRUE
Male,Loyal Customer,18,Personal Travel,Eco,223,2,5,2,2,5,2,4,5,3,3,5,4,5,3.62,0,7,FALSE
Male,Loyal Customer,40,Personal Travel,Business,1066,3,5,3,1,3,4,5,3,3,3,3,3,5,3.38,0,0,FALSE
Female,Loyal Customer,30,Personal Travel,Eco,86,3,4,3,3,1,3,1,1,3,4,4,4,1,2.69,10,3,FALSE
Male,Disloyal Customer,18,Business Travel,Eco,262,5,4,5,4,4,5,4,4,3,5,3,5,4,4.23,0,0,TRUE
Male,Loyal Customer,39,Business Travel,Business,1751,5,5,4,5,4,4,5,5,5,5,5,3,3,4.46,2,0,TRUE
Female,Loyal Customer,49,Business Travel,Business,2248,5,5,5,5,5,3,5,4,4,4,4,3,5,4.38,56,61,TRUE
Female,Loyal Customer,38,Business Travel,Eco,1979,1,0,0,3,4,0,4,4,3,1,3,4,4,2.38,13,6,FALSE
Male,Disloyal Customer,39,Business Travel,Business,332,2,2,2,4,5,2,3,5,1,4,3,3,5,3.15,4,0,FALSE
Female,Loyal Customer,25,Business Travel,Business,2079,2,3,3,3,2,2,2,2,1,2,2,1,2,2.08,0,6,FALSE
Male,Disloyal Customer,22,Business Travel,Eco,352,3,5,3,3,2,3,2,2,5,5,5,4,2,3.38,0,0,FALSE
Female,Loyal Customer,35,Business Travel,Business,224,3,4,4,4,4,3,4,3,3,3,3,2,3,3.31,0,5,FALSE
Female,Loyal Customer,37,Business Travel,Business,2664,3,3,4,3,3,4,4,4,4,5,4,4,3,3.69,0,8,TRUE
Male,Loyal Customer,57,Personal Travel,Eco,258,3,4,3,3,5,3,5,5,3,3,1,3,5,3.54,15,3,FALSE
Female,Loyal Customer,67,Personal Travel,Business,101,3,4,3,2,4,5,4,2,2,3,2,3,4,3.15,0,4,FALSE
Female,Loyal Customer,53,Business Travel,Business,295,5,5,5,5,4,4,4,4,4,4,4,5,3,4.31,0,0,TRUE
Male,Disloyal Customer,63,Business Travel,Eco,453,0,0,0,4,4,0,4,4,1,2,4,5,4,2.46,21,0,TRUE
Female,Loyal Customer,31,Personal Travel,Eco,1085,2,4,2,1,1,2,1,1,4,3,5,5,1,2.46,0,0,FALSE
Female,Loyal Customer,32,Business Travel,Eco Plus,1190,3,3,3,3,3,2,3,3,1,4,4,1,3,2.77,1,0,FALSE
Male,Loyal Customer,51,Business Travel,Business,3983,5,5,4,5,5,5,5,2,2,2,2,3,5,3.85,0,0,TRUE
Male,Loyal Customer,60,Business Travel,Eco Plus,1076,5,3,2,2,5,5,5,5,4,3,2,4,5,3.85,0,0,TRUE
Female,Loyal Customer,59,Business Travel,Business,1464,2,2,2,2,4,4,4,4,3,4,5,4,4,3.38,151,145,TRUE
Male,Loyal Customer,29,Personal Travel,Eco,422,2,1,2,3,3,2,5,3,3,2,2,2,3,2.54,0,3,FALSE
Female,Loyal Customer,60,Business Travel,Eco,501,5,4,4,4,5,4,5,5,5,5,5,2,1,4.15,0,0,TRUE
Female,Disloyal Customer,42,Business Travel,Eco Plus,1587,3,3,3,3,5,3,5,5,2,1,3,3,5,3.38,0,0,FALSE
Male,Disloyal Customer,35,Business Travel,Business,710,4,4,4,4,2,4,2,2,4,5,5,4,2,3.54,0,0,FALSE
Female,Loyal Customer,55,Business Travel,Business,3636,2,2,2,2,3,3,5,5,5,5,5,1,4,3.38,0,0,TRUE
Female,Loyal Customer,45,Personal Travel,Eco Plus,223,2,1,2,3,4,2,3,2,2,2,2,2,2,2.23,0,5,FALSE
Male,Disloyal Customer,72,Business Travel,Eco,1332,1,1,1,4,2,1,2,2,4,2,3,2,2,2.08,21,13,FALSE
Male,Loyal Customer,36,Business Travel,Eco Plus,409,2,3,4,3,2,2,2,2,1,5,3,1,2,2.46,36,26,FALSE
Male,Loyal Customer,24,Business Travel,Business,3319,2,2,2,2,1,1,2,1,4,5,4,3,1,2.31,7,4,FALSE
Male,Loyal Customer,63,Personal Travel,Eco,763,1,3,1,5,5,1,4,5,5,2,4,2,5,3.31,0,0,FALSE
Male,Disloyal Customer,16,Business Travel,Eco,404,2,3,2,3,3,2,3,3,4,2,5,5,3,3.08,2,5,FALSE
Male,Loyal Customer,27,Personal Travel,Eco,1237,5,5,5,2,4,5,3,4,5,4,4,3,4,4.08,24,10,TRUE
Male,Loyal Customer,43,Personal Travel,Eco,612,2,3,3,5,1,3,1,1,1,1,3,4,1,2.23,0,0,FALSE
Male,Disloyal Customer,48,Business Travel,Business,1590,4,4,4,3,3,4,3,3,5,2,4,3,3,3.46,10,0,TRUE
Female,Loyal Customer,55,Personal Travel,Eco,594,4,2,5,4,2,4,4,1,1,5,1,1,4,2.92,0,3,FALSE
Male,Loyal Customer,40,Business Travel,Business,266,3,3,3,3,2,5,3,4,4,4,4,4,5,3.62,19,0,TRUE
Female,Loyal Customer,22,Personal Travel,Eco,328,1,1,1,3,1,1,1,1,4,3,3,4,1,1.92,5,14,FALSE
Male,Loyal Customer,28,Business Travel,Business,3630,4,1,1,1,4,4,4,4,4,1,4,3,4,3,0,6,FALSE
Male,Disloyal Customer,46,Business Travel,Business,2125,4,4,4,5,5,4,5,5,4,5,4,3,5,4.38,0,0,FALSE
Female,Disloyal Customer,25,Business Travel,Eco,451,1,2,1,4,3,1,3,3,4,5,4,3,3,2.85,0,4,FALSE
Female,Loyal Customer,49,Business Travel,Business,2957,2,2,2,2,4,2,5,2,2,2,2,1,4,2.46,0,0,TRUE
Female,Loyal Customer,47,Personal Travel,Eco,1120,2,2,2,3,2,4,2,2,4,4,4,2,2,2.69,1592,1584,FALSE
Female,Loyal Customer,41,Business Travel,Business,2046,5,5,5,5,5,4,4,2,2,2,2,3,5,3.77,0,0,TRUE
Male,Loyal Customer,54,Business Travel,Business,1123,5,5,5,5,2,5,5,5,5,5,5,3,4,4.54,7,9,TRUE
Male,Loyal Customer,45,Business Travel,Business,2455,2,1,2,2,3,5,4,5,5,5,5,4,3,3.54,0,0,TRUE
Male,Disloyal Customer,36,Business Travel,Eco,462,2,3,2,2,2,2,2,2,1,1,3,3,2,2.08,0,1,FALSE
Male,Disloyal Customer,36,Business Travel,Business,802,3,3,3,1,3,3,3,3,3,3,5,3,3,3,0,0,FALSE
Male,Loyal Customer,9,Personal Travel,Eco,226,4,2,4,3,4,4,4,4,4,1,3,1,4,3.23,0,0,FALSE
Female,Disloyal Customer,38,Business Travel,Business,328,4,4,4,2,2,4,2,2,4,2,4,4,2,3.08,0,0,TRUE
Male,Loyal Customer,27,Business Travel,Business,631,2,3,2,2,5,4,5,5,5,3,5,4,5,3.85,0,0,TRUE
Male,Loyal Customer,34,Personal Travel,Eco,190,1,2,1,2,3,1,3,3,2,3,2,3,3,2.23,38,37,FALSE
Female,Loyal Customer,69,Personal Travel,Eco,239,4,4,4,4,2,5,5,1,1,4,1,5,4,3.38,3,3,FALSE
Female,Loyal Customer,41,Business Travel,Business,2205,1,1,1,1,2,4,5,4,4,5,4,1,5,2.92,43,50,TRUE
Male,Loyal Customer,59,Business Travel,Business,89,2,3,3,3,4,4,4,4,4,4,2,4,4,3.46,0,0,FALSE
Female,Loyal Customer,48,Business Travel,Business,907,4,4,4,4,3,2,3,4,4,4,4,3,1,3.38,0,0,FALSE
Female,Loyal Customer,9,Personal Travel,Eco,1379,3,3,3,4,3,3,3,3,5,4,4,3,3,3.38,0,0,FALSE
Male,Loyal Customer,40,Business Travel,Business,3246,5,5,5,5,2,5,4,4,4,4,4,4,3,4.15,0,0,TRUE
Male,Loyal Customer,33,Business Travel,Eco Plus,262,3,4,4,4,3,3,3,3,3,2,3,4,3,3.23,0,0,FALSE
Female,Loyal Customer,52,Business Travel,Eco,179,4,4,4,4,1,5,2,4,4,4,4,1,4,3.46,35,,TRUE
Female,Loyal Customer,22,Personal Travel,Eco,544,2,1,2,1,2,2,2,2,4,2,2,4,2,2.15,0,0,FALSE
Female,Loyal Customer,23,Business Travel,Eco Plus,931,2,1,2,1,2,2,3,2,1,1,4,2,2,1.92,20,21,FALSE
Female,Disloyal Customer,28,Business Travel,Business,587,3,3,3,3,5,3,5,5,4,5,4,3,5,3.92,16,20,FALSE
Female,Loyal Customer,27,Personal Travel,Eco,980,2,4,2,4,1,2,1,1,1,1,3,4,1,2.08,0,9,FALSE
Male,Loyal Customer,50,Business Travel,Business,1431,5,5,5,5,5,5,5,4,4,4,4,5,5,4.69,33,36,TRUE
Female,Loyal Customer,56,Business Travel,Business,302,3,3,4,3,2,4,5,5,5,4,5,4,5,4,4,0,TRUE
Female,Loyal Customer,59,Personal Travel,Eco,425,3,4,3,4,3,5,4,4,4,3,4,3,3,3.62,0,0,FALSE
Female,Loyal Customer,19,Personal Travel,Eco Plus,793,2,4,2,3,1,2,1,1,4,1,4,1,1,2.08,0,0,FALSE
Male,Loyal Customer,59,Business Travel,Business,2427,4,5,5,5,3,4,4,4,4,4,4,3,1,3.85,15,15,FALSE
Male,Loyal Customer,32,Business Travel,Business,1464,2,2,2,2,4,4,4,4,5,4,4,5,4,3.54,8,6,TRUE
Female,Loyal Customer,41,Business Travel,Eco,261,4,4,4,4,4,4,4,4,3,1,2,5,4,3.62,0,0,TRUE
Male,Loyal Customer,31,Business Travel,Business,1055,5,5,5,5,5,5,5,5,5,5,4,4,5,4.85,96,81,TRUE
Female,Loyal Customer,40,Business Travel,Business,1337,5,5,2,5,5,5,5,4,4,4,4,3,4,4.23,0,0,TRUE
Female,Disloyal Customer,34,Business Travel,Eco,306,1,4,2,3,2,2,2,2,2,3,4,1,2,2.31,37,39,FALSE
Female,Loyal Customer,37,Business Travel,Business,228,2,2,2,2,1,3,2,5,5,5,5,4,4,3.23,0,0,TRUE
Female,Loyal Customer,18,Personal Travel,Eco,341,2,5,2,4,4,2,4,4,4,3,5,3,4,3.54,1,0,FALSE
Female,Loyal Customer,54,Business Travel,Business,2705,5,5,5,5,5,5,4,4,4,4,4,4,3,4.38,0,0,TRUE
Female,Loyal Customer,43,Business Travel,Business,397,1,1,1,1,3,4,5,4,4,4,4,5,1,2.92,0,0,TRUE
Male,Loyal Customer,32,Business Travel,Eco,910,1,1,1,1,1,1,1,1,1,1,4,4,1,1.46,0,0,FALSE
Male,Loyal Customer,40,Business Travel,Business,2330,3,3,3,3,5,5,4,4,4,4,4,4,3,3.77,11,7,TRUE
Male,Loyal Customer,54,Business Travel,Business,285,5,5,5,5,4,5,4,4,4,4,4,4,5,4.46,5,2,TRUE
Male,Loyal Customer,34,Business Travel,Business,1796,3,4,4,4,4,3,4,3,3,3,3,2,4,3.38,0,0,FALSE
Male,Loyal Customer,32,Business Travel,Business,2432,4,4,4,4,3,3,3,3,3,2,1,4,3,3.15,0,0,TRUE
Female,Loyal Customer,32,Business Travel,Business,1372,4,2,2,2,4,4,4,4,4,5,4,2,4,3.46,0,0,FALSE
Female,Loyal Customer,30,Business Travel,Business,337,2,2,2,2,5,5,5,5,3,4,5,4,5,3.77,0,0,TRUE
Female,Disloyal Customer,18,Business Travel,Eco,889,3,3,3,2,5,3,4,5,3,2,3,3,5,3.38,98,98,FALSE
Female,Loyal Customer,51,Business Travel,Eco,793,5,5,5,5,4,3,3,5,5,5,5,5,4,4.54,8,3,TRUE
Female,Disloyal Customer,9,Business Travel,Eco,842,1,1,1,4,3,1,3,3,4,4,5,4,3,2.85,0,0,FALSE
Female,Loyal Customer,48,Personal Travel,Eco Plus,1440,3,1,3,2,2,3,2,2,2,3,2,3,1,2.23,0,0,FALSE
Female,Loyal Customer,59,Personal Travel,Eco,214,3,2,3,2,3,3,3,4,4,3,4,2,4,3.08,0,0,FALSE
Female,Loyal Customer,41,Business Travel,Business,1218,3,3,3,3,4,4,4,4,4,4,4,4,3,3.62,5,0,TRUE
Male,Loyal Customer,51,Business Travel,Eco,337,1,5,5,5,1,1,1,1,1,1,4,1,1,2.15,0,0,FALSE
Male,Loyal Customer,41,Business Travel,Business,3494,1,1,1,1,5,5,5,4,2,4,5,5,5,3.38,501,500,TRUE
Female,Loyal Customer,54,Business Travel,Business,2386,3,5,5,5,1,2,2,3,3,3,3,4,1,3.08,20,8,FALSE
Female,Loyal Customer,47,Business Travel,Business,2134,1,1,1,1,5,5,5,5,5,5,5,3,5,3.62,4,0,TRUE
Female,Loyal Customer,11,Personal Travel,Eco,935,5,5,5,3,4,5,4,4,3,4,1,4,4,3.92,0,0,TRUE
Male,Disloyal Customer,21,Business Travel,Eco,1222,4,4,4,3,3,4,3,3,5,2,1,2,3,3.15,19,24,TRUE
Female,Loyal Customer,44,Business Travel,Business,405,5,5,5,5,2,5,4,3,3,3,3,4,3,3.85,32,32,TRUE
Male,Disloyal Customer,22,Business Travel,Eco,377,4,0,4,3,2,4,2,2,4,1,3,5,2,2.77,0,0,FALSE
Male,Loyal Customer,40,Personal Travel,Eco,1542,4,4,3,4,3,3,3,3,5,5,4,5,3,3.77,0,0,FALSE
Male,Loyal Customer,44,Business Travel,Business,2835,1,1,1,1,2,3,3,5,5,5,5,3,2,2.85,0,0,TRUE
Male,Loyal Customer,44,Personal Travel,Eco,391,4,2,4,3,5,4,5,5,1,3,3,2,5,3.54,24,7,FALSE
Male,Disloyal Customer,23,Business Travel,Business,502,0,0,0,4,5,0,5,5,5,5,4,3,5,3.15,44,26,TRUE
Female,Loyal Customer,29,Business Travel,Business,1372,3,3,3,3,5,5,5,5,4,5,4,4,5,4.15,0,0,TRUE
Male,Loyal Customer,57,Business Travel,Business,1999,5,5,5,5,2,5,4,4,4,4,4,4,5,4.31,0,0,TRUE
Male,Loyal Customer,13,Personal Travel,Eco,157,3,5,3,1,4,3,4,4,5,5,4,4,4,3.77,0,0,FALSE
Female,Loyal Customer,48,Personal Travel,Eco,696,2,4,2,3,2,5,5,1,1,2,1,5,3,2.77,0,0,FALSE
Female,Loyal Customer,55,Personal Travel,Eco Plus,315,1,5,1,2,5,5,5,1,1,1,1,4,4,2.77,0,0,FALSE
Female,Loyal Customer,47,Business Travel,Business,2106,5,5,5,5,1,2,2,5,5,4,5,1,4,3.77,1,0,FALSE
Female,Loyal Customer,31,Business Travel,Eco Plus,859,4,3,3,3,4,4,4,4,4,2,1,3,4,3.31,0,6,TRUE
Female,Loyal Customer,42,Business Travel,Business,1444,2,1,1,1,5,2,3,2,2,2,2,2,1,2,12,11,FALSE
Female,Loyal Customer,40,Business Travel,Business,1620,3,3,3,3,4,3,4,4,4,4,4,5,3,3.62,0,0,TRUE
Female,Loyal Customer,15,Personal Travel,Eco,456,3,1,3,4,1,3,1,1,1,3,4,3,1,2.23,67,62,FALSE
Male,Loyal Customer,70,Personal Travel,Business,239,3,4,3,4,3,5,4,4,4,3,4,5,4,3.85,17,14,FALSE
Male,Loyal Customer,50,Business Travel,Business,853,2,2,2,2,2,5,5,4,4,4,4,3,5,3.38,0,0,TRUE
Male,Loyal Customer,58,Business Travel,Business,2479,1,1,2,1,5,4,4,5,5,5,5,4,5,3.62,0,0,TRUE
Male,Loyal Customer,32,Business Travel,Business,1773,2,2,2,2,5,5,5,5,4,4,3,4,5,3.69,0,0,TRUE
Female,Loyal Customer,45,Business Travel,Business,950,5,5,5,5,5,5,5,4,4,4,4,4,3,4.46,0,0,TRUE
Male,Loyal Customer,37,Personal Travel,Eco,642,1,4,1,4,2,1,2,2,3,2,4,4,2,2.46,69,52,FALSE
Female,Loyal Customer,56,Business Travel,Business,3026,3,3,3,3,3,4,4,5,5,5,5,5,4,4,11,0,TRUE
Male,Loyal Customer,24,Business Travel,Business,1504,1,1,1,1,1,1,1,1,4,1,3,2,1,1.46,0,0,FALSE
Male,Loyal Customer,37,Personal Travel,Eco,646,4,1,4,3,2,4,2,2,3,2,4,3,2,2.77,38,29,TRUE
Female,Loyal Customer,43,Personal Travel,Business,1440,1,4,1,5,2,5,4,2,2,1,4,3,3,2.85,0,27,FALSE
Male,Disloyal Customer,37,Business Travel,Eco,404,1,3,1,4,3,1,3,3,3,3,3,2,3,2.54,20,16,FALSE
Male,Disloyal Customer,28,Business Travel,Business,861,3,3,3,1,2,3,2,2,5,5,5,4,2,3.08,0,2,FALSE
Male,Loyal Customer,32,Business Travel,Eco,192,4,3,3,3,4,3,4,4,1,2,3,3,4,3.15,7,0,FALSE
Male,Disloyal Customer,34,Business Travel,Eco,405,3,2,2,4,4,2,4,4,2,3,4,3,4,3.15,5,0,FALSE
Male,Loyal Customer,37,Business Travel,Eco,323,3,5,5,5,3,4,3,3,5,2,3,3,3,3.62,0,23,TRUE
Female,Disloyal Customer,24,Business Travel,Eco,602,3,4,4,4,4,4,4,4,4,3,4,2,4,3.69,9,1,FALSE
Female,Loyal Customer,16,Business Travel,Business,1598,2,2,2,2,5,5,5,5,4,3,5,2,5,3.62,0,3,TRUE
Male,Loyal Customer,51,Business Travel,Business,588,2,1,1,1,2,4,3,2,2,2,2,4,1,2.08,3,0,FALSE
Female,Loyal Customer,36,Business Travel,Eco Plus,209,3,5,5,5,3,3,3,3,2,1,3,2,3,3.15,0,19,FALSE
Male,Loyal Customer,42,Personal Travel,Eco,907,2,4,2,1,4,2,4,4,4,3,4,4,4,3.23,0,7,FALSE
Male,Loyal Customer,29,Personal Travel,Eco,459,3,5,3,3,3,3,3,3,4,2,5,5,3,3.46,0,0,FALSE
Female,Loyal Customer,22,Personal Travel,Eco Plus,854,0,4,0,4,5,0,5,5,3,5,4,3,5,3.31,0,1,TRUE
Male,Loyal Customer,49,Business Travel,Business,1511,1,1,1,1,4,5,4,4,4,4,4,4,5,3.23,0,0,TRUE
Male,Loyal Customer,11,Personal Travel,Eco,912,1,5,1,3,5,1,5,5,4,3,4,4,5,3.54,1,5,FALSE
Male,Loyal Customer,50,Business Travel,Business,643,4,4,4,4,4,4,4,4,4,4,4,5,4,4.08,11,2,TRUE
Male,Disloyal Customer,28,Business Travel,Business,2454,3,3,3,4,3,4,4,2,2,2,3,4,4,3.15,10,34,FALSE
Female,Loyal Customer,33,Personal Travel,Eco,251,2,4,2,4,4,2,4,4,3,4,5,3,4,3.46,14,22,FALSE
Female,Disloyal Customer,37,Business Travel,Eco,228,1,3,1,4,2,1,2,2,2,3,4,2,2,2.23,0,0,FALSE
Female,Loyal Customer,27,Business Travel,Eco,1190,5,1,1,1,5,5,5,5,1,1,5,5,5,3.46,203,171,TRUE
Female,Loyal Customer,23,Business Travel,Eco,954,5,3,3,3,5,4,3,5,1,3,1,2,5,3.31,19,18,TRUE
Male,Disloyal Customer,50,Business Travel,Eco,419,4,3,4,3,3,4,3,3,3,2,4,1,3,3.08,0,2,FALSE
Female,Loyal Customer,54,Business Travel,Business,1547,5,5,5,5,2,5,5,5,5,5,5,4,5,4.69,0,4,TRUE
Male,Loyal Customer,71,Business Travel,Eco,280,4,2,2,2,3,4,3,3,4,3,4,1,3,2.92,0,0,TRUE
Female,Loyal Customer,42,Personal Travel,Eco,650,3,3,3,3,5,3,3,5,5,3,4,2,4,3.54,7,5,FALSE
Female,Loyal Customer,39,Business Travel,Business,2369,3,3,3,3,4,5,4,4,4,4,4,4,5,3.85,24,22,TRUE
Male,Loyal Customer,37,Personal Travel,Eco,373,4,2,1,2,2,1,1,2,3,4,3,1,2,2.15,0,0,FALSE
Male,Disloyal Customer,22,Business Travel,Eco,589,3,4,2,4,4,2,4,4,3,4,4,3,4,3.46,68,61,FALSE
Male,Loyal Customer,39,Personal Travel,Eco,414,5,4,5,5,5,5,4,5,1,4,5,4,5,4.38,0,0,TRUE
Male,Loyal Customer,46,Personal Travel,Eco,522,2,5,2,5,3,2,3,3,4,4,4,5,3,3.46,2,0,FALSE
Male,Disloyal Customer,36,Business Travel,Business,354,2,2,2,1,1,2,1,1,3,1,2,1,1,1.54,0,0,FALSE
Male,Loyal Customer,64,Personal Travel,Eco,366,3,5,3,2,1,3,1,1,5,1,1,3,1,2.31,2,0,FALSE
Female,Loyal Customer,35,Business Travel,Business,965,5,5,5,5,4,4,1,4,4,4,4,5,1,3.92,0,0,TRUE
Female,Loyal Customer,67,Personal Travel,Eco,479,3,1,3,2,3,1,1,1,1,3,1,1,1,1.69,7,0,FALSE
Male,Loyal Customer,36,Business Travel,Business,404,2,3,3,3,4,2,3,2,2,2,2,1,3,2.46,12,6,FALSE
Female,Loyal Customer,55,Business Travel,Business,1999,4,4,4,4,4,4,5,5,5,5,5,5,4,4.46,0,0,TRUE
Male,Disloyal Customer,20,Business Travel,Eco,472,4,2,4,3,1,4,1,1,1,2,4,2,1,2.31,0,5,FALSE
Female,Loyal Customer,53,Business Travel,Business,3632,1,1,1,1,2,5,5,5,5,5,5,5,3,3.38,0,0,TRUE
Female,Disloyal Customer,48,Business Travel,Business,1222,4,4,4,4,4,4,4,5,4,5,4,4,4,4.15,10,20,TRUE
Male,Loyal Customer,66,Business Travel,Eco,666,4,1,1,1,4,4,4,4,1,4,3,4,4,3,0,0,FALSE
Female,Loyal Customer,49,Personal Travel,Eco,332,4,1,4,2,3,2,2,5,5,4,5,3,1,3.15,0,6,FALSE
Male,Loyal Customer,49,Business Travel,Business,928,2,2,2,2,5,4,5,5,5,5,5,3,5,3.85,78,67,TRUE
Male,Disloyal Customer,37,Business Travel,Business,621,1,1,1,1,5,1,5,5,4,4,5,4,5,3.23,0,10,FALSE
Female,Disloyal Customer,30,Business Travel,Eco,793,2,2,2,3,5,2,5,5,4,1,4,1,5,3.15,0,7,FALSE
Female,Disloyal Customer,39,Business Travel,Business,148,5,5,5,3,4,5,4,4,4,3,5,4,4,4.23,0,0,TRUE
Female,Loyal Customer,44,Business Travel,Eco Plus,216,1,2,2,2,5,3,2,1,1,1,1,2,4,2.08,0,0,FALSE
Female,Disloyal Customer,21,Business Travel,Eco,1279,3,3,3,1,4,3,4,4,3,4,3,3,4,3.23,36,21,FALSE
Female,Loyal Customer,21,Personal Travel,Business,328,2,4,2,4,2,2,2,2,4,3,4,4,2,2.85,0,0,FALSE
Male,Loyal Customer,59,Business Travel,Business,338,4,4,4,4,5,5,4,5,5,5,5,1,4,4.23,4,0,TRUE
Male,Loyal Customer,44,Business Travel,Business,2155,4,5,4,4,1,1,2,5,5,5,5,2,4,3.62,0,0,TRUE
Male,Loyal Customer,47,Business Travel,Business,1911,2,2,2,2,3,3,4,4,4,4,4,4,3,3.15,0,0,TRUE
Male,Loyal Customer,41,Personal Travel,Eco,680,2,5,2,5,4,2,4,4,5,1,1,1,4,3.08,0,0,FALSE
Female,Loyal Customer,47,Personal Travel,Eco,386,3,5,3,4,4,4,5,4,4,3,4,5,4,4,0,6,FALSE
Male,Loyal Customer,14,Personal Travel,Eco,1136,2,3,2,4,3,2,5,3,4,5,3,2,3,3.15,21,0,FALSE
Female,Loyal Customer,50,Personal Travel,Eco,395,2,2,2,2,4,2,3,5,5,2,5,2,4,3.08,0,0,FALSE
Male,Loyal Customer,51,Business Travel,Eco,529,2,4,4,4,2,2,2,4,1,5,4,2,2,2.92,139,146,TRUE
Male,Loyal Customer,48,Business Travel,Business,3673,5,5,5,5,4,4,4,4,4,4,4,4,5,4.38,0,0,TRUE
Female,Loyal Customer,12,Personal Travel,Eco,588,5,5,5,3,1,5,1,1,3,3,5,4,1,3.23,85,93,TRUE
Female,Loyal Customer,10,Personal Travel,Eco,177,3,4,3,1,3,3,3,3,4,5,4,3,3,3.23,6,4,FALSE
Female,Loyal Customer,52,Personal Travel,Eco,416,2,3,2,2,2,1,1,4,5,2,3,1,1,2.23,266,,FALSE
Male,Loyal Customer,39,Business Travel,Business,590,1,1,1,1,2,4,4,4,4,4,4,4,4,2.92,0,0,TRUE
Male,Loyal Customer,16,Personal Travel,Eco,867,5,4,5,1,5,3,3,5,4,5,5,3,3,3.92,266,324,TRUE
Female,Loyal Customer,21,Business Travel,Business,733,1,1,1,1,4,4,4,4,5,3,5,5,4,3.23,24,71,TRUE
Female,Loyal Customer,34,Business Travel,Business,2158,1,1,1,1,3,5,4,4,4,4,4,5,3,3.08,50,30,TRUE
Female,Disloyal Customer,40,Business Travel,Business,666,2,2,2,1,3,2,3,3,3,2,5,4,3,2.69,20,6,FALSE
Female,Disloyal Customer,22,Business Travel,Eco,1277,5,5,5,3,5,1,1,5,3,3,5,1,1,3.31,0,0,TRUE
Female,Loyal Customer,53,Personal Travel,Eco,181,2,4,2,1,1,3,1,3,3,2,3,2,1,2.15,0,0,FALSE
Female,Loyal Customer,34,Personal Travel,Business,372,2,0,2,2,3,5,5,4,4,2,4,5,5,3.31,44,42,FALSE
Male,Loyal Customer,68,Personal Travel,Eco,265,4,2,4,4,5,4,5,5,4,5,2,2,5,3.92,0,1,FALSE
Female,Disloyal Customer,22,Business Travel,Eco,493,3,0,3,4,2,3,2,2,4,5,2,5,2,2.85,0,2,FALSE
Male,Loyal Customer,42,Personal Travel,Eco,480,2,5,2,4,2,2,2,2,4,2,3,1,2,2.54,0,0,FALSE
Female,Loyal Customer,62,Personal Travel,Eco,549,3,4,4,2,5,4,5,3,3,4,3,3,4,3.62,0,0,FALSE
Male,Loyal Customer,40,Business Travel,Business,2208,2,2,2,2,2,4,4,5,5,5,5,3,4,3.46,0,2,TRUE
Male,Loyal Customer,39,Business Travel,Eco Plus,846,4,4,2,4,4,4,4,4,3,2,4,5,4,3.69,22,12,TRUE
Male,Loyal Customer,45,Business Travel,Eco Plus,347,5,4,4,4,5,5,5,5,5,5,4,5,5,4.69,0,0,TRUE
Female,Loyal Customer,54,Business Travel,Eco,2588,5,3,3,3,3,4,3,5,5,5,5,2,1,3.62,0,14,TRUE
Female,Loyal Customer,33,Personal Travel,Eco,679,2,4,2,1,1,2,1,1,5,2,5,3,1,2.31,22,15,FALSE
Female,Loyal Customer,42,Personal Travel,Eco,642,2,4,2,2,4,4,5,1,1,2,1,5,3,2.77,38,38,FALSE
Female,Disloyal Customer,44,Business Travel,Business,354,2,3,3,3,5,2,5,5,3,2,4,3,5,3.46,0,0,FALSE
Male,Loyal Customer,41,Business Travel,Business,531,1,5,5,5,4,3,4,1,1,1,1,2,4,2.85,0,0,FALSE
Male,Loyal Customer,42,Business Travel,Business,547,4,4,4,4,4,4,4,3,3,3,3,4,4,3.69,0,0,TRUE
Male,Loyal Customer,17,Personal Travel,Eco,299,3,5,3,3,1,3,1,1,5,5,5,3,1,3,0,0,FALSE
Female,Loyal Customer,58,Business Travel,Business,1951,3,2,2,2,3,3,3,3,3,3,3,2,3,2.69,0,3,FALSE
Male,Disloyal Customer,36,Business Travel,Business,213,3,3,3,2,4,3,4,4,3,3,4,4,4,3.38,0,0,FALSE
Male,Loyal Customer,59,Business Travel,Eco Plus,1121,3,1,4,4,3,3,3,3,4,5,2,4,3,3.23,0,0,FALSE
Female,Loyal Customer,18,Business Travel,Business,1464,3,3,3,3,4,4,4,4,3,5,4,4,4,3.69,0,0,TRUE
Male,Loyal Customer,40,Business Travel,Business,1699,4,1,1,1,2,4,4,4,4,4,4,2,2,2.85,65,60,FALSE
Female,Loyal Customer,42,Business Travel,Business,817,3,4,4,4,3,4,3,3,3,2,3,4,2,3.23,0,0,FALSE
Female,Loyal Customer,52,Personal Travel,Eco,1972,1,4,0,4,1,3,4,4,4,0,3,1,1,2.31,14,8,FALSE
Male,Disloyal Customer,49,Business Travel,Business,226,1,1,1,2,1,1,1,1,4,2,5,5,1,2,0,0,FALSE
Male,Loyal Customer,47,Business Travel,Eco,151,4,1,5,1,4,4,4,4,3,2,3,5,4,3.38,22,19,TRUE
Female,Loyal Customer,40,Business Travel,Business,1734,5,5,5,5,3,5,4,3,3,2,3,4,5,4,78,77,TRUE
Female,Loyal Customer,60,Personal Travel,Eco Plus,1045,2,4,2,3,5,3,3,1,1,2,1,2,4,2.54,0,0,FALSE
Male,Loyal Customer,38,Business Travel,Business,2740,3,3,3,3,2,5,4,5,5,5,5,4,5,4,0,0,TRUE
Female,Disloyal Customer,26,Business Travel,Business,236,2,3,2,3,1,2,1,1,3,5,4,1,1,2.23,1,0,FALSE
Female,Loyal Customer,25,Business Travel,Business,1009,2,2,4,2,5,5,5,5,5,2,5,4,5,3.92,1,4,TRUE
Male,Loyal Customer,44,Business Travel,Business,1340,3,3,3,3,4,4,4,4,4,4,4,3,3,3.54,5,14,TRUE
Male,Loyal Customer,43,Business Travel,Business,2556,3,3,5,5,1,1,3,3,3,3,3,1,4,2.92,33,7,FALSE
Female,Loyal Customer,58,Personal Travel,Eco,100,2,5,2,5,2,4,5,5,5,2,5,5,5,4,15,17,FALSE
Female,Loyal Customer,40,Business Travel,Business,2029,2,2,2,2,5,4,2,4,4,4,4,4,2,3.15,16,65,TRUE
Male,Loyal Customer,48,Personal Travel,Eco,284,4,5,4,1,1,4,1,1,5,3,5,5,1,3.08,0,0,FALSE
Male,Loyal Customer,52,Business Travel,Business,3132,5,5,5,5,3,4,5,4,4,4,4,5,5,4.46,0,2,TRUE
Female,Loyal Customer,46,Personal Travel,Eco Plus,867,4,3,4,2,4,2,2,4,4,4,4,2,4,3.31,0,0,FALSE
Female,Loyal Customer,51,Business Travel,Business,2752,1,1,1,1,4,5,4,4,4,4,4,3,4,3.08,0,2,TRUE
Male,Loyal Customer,13,Personal Travel,Eco,163,3,3,0,2,1,0,1,1,1,2,3,1,1,1.46,0,9,FALSE
Female,Disloyal Customer,21,Business Travel,Eco,1023,1,2,2,4,2,3,3,1,1,3,3,3,3,2.38,384,402,FALSE
Male,Loyal Customer,45,Personal Travel,Eco,447,1,5,1,2,2,1,2,2,5,4,5,3,2,2.69,0,0,FALSE
Female,Loyal Customer,36,Business Travel,Eco Plus,590,3,1,1,1,3,3,3,3,2,4,4,1,3,2.46,30,63,FALSE
Female,Disloyal Customer,23,Business Travel,Eco,621,1,0,2,3,2,2,2,2,4,2,4,5,2,2.38,25,20,FALSE
Female,Loyal Customer,51,Personal Travel,Eco,414,4,1,4,2,3,3,3,2,2,4,2,3,2,2.69,0,0,FALSE
Female,Loyal Customer,38,Business Travel,Business,1428,3,1,3,3,3,2,2,4,4,5,4,3,4,3.15,0,5,TRUE
Female,Loyal Customer,68,Business Travel,Eco,376,2,4,4,4,4,3,4,2,2,2,2,3,2,2.92,0,12,FALSE
Male,Loyal Customer,39,Business Travel,Business,432,2,2,2,2,3,4,4,5,5,5,5,5,5,3.77,0,0,TRUE
Female,Loyal Customer,36,Business Travel,Business,359,2,2,2,2,2,4,5,5,5,5,5,5,5,3.77,19,14,TRUE
Male,Loyal Customer,20,Business Travel,Business,2342,3,3,3,3,3,3,3,3,2,2,4,2,3,2.85,0,0,TRUE
Male,Disloyal Customer,55,Business Travel,Business,89,2,2,2,4,3,2,3,3,3,2,4,3,3,2.77,0,0,TRUE
Male,Loyal Customer,19,Personal Travel,Eco,948,3,1,3,1,5,3,4,5,3,5,3,5,5,3.54,0,0,FALSE
Female,Loyal Customer,58,Business Travel,Business,1136,1,1,5,1,2,4,5,5,5,5,5,4,4,3.62,0,0,TRUE
Male,Disloyal Customer,17,Business Travel,Eco,1788,4,3,3,2,5,4,5,5,2,4,2,3,5,3.62,0,2,TRUE
Male,Loyal Customer,61,Personal Travel,Eco,109,1,5,1,1,4,1,4,4,5,3,4,5,4,3.23,0,0,FALSE
Female,Loyal Customer,43,Business Travel,Business,2641,5,5,4,5,2,5,5,4,4,4,4,5,3,4.23,0,0,TRUE
Female,Loyal Customer,54,Personal Travel,Eco Plus,484,1,2,1,4,5,2,3,2,2,1,2,1,3,2.23,6,0,FALSE
Male,Loyal Customer,60,Business Travel,Business,442,2,2,2,2,4,4,4,3,3,4,3,3,3,3,0,0,TRUE
Female,Loyal Customer,49,Business Travel,Business,342,0,0,0,4,4,5,4,4,4,4,4,5,5,3.31,22,17,TRUE
Female,Disloyal Customer,26,Business Travel,Business,1055,3,3,3,2,2,3,3,2,3,3,5,5,2,3,0,0,FALSE
Male,Disloyal Customer,39,Business Travel,Business,189,1,1,1,1,2,1,2,2,4,3,5,4,2,2.23,0,0,FALSE
Female,Loyal Customer,60,Personal Travel,Eco,1087,3,0,2,2,3,5,4,5,5,2,5,5,3,3.38,0,0,FALSE
Female,Loyal Customer,44,Business Travel,Business,1695,2,2,2,2,5,2,3,2,2,3,2,1,3,2.38,1,16,FALSE
Male,Disloyal Customer,36,Business Travel,Eco,110,1,0,2,2,3,2,3,3,5,2,5,4,3,2.69,0,5,FALSE
Male,Loyal Customer,49,Business Travel,Eco,895,3,2,2,2,3,3,3,3,2,3,1,2,3,2.46,4,16,FALSE
Male,Loyal Customer,44,Business Travel,Business,3350,3,3,3,3,2,4,4,5,5,5,5,5,3,3.85,0,14,TRUE
Female,Disloyal Customer,39,Business Travel,Business,1042,2,2,2,2,2,4,4,5,5,2,1,4,4,3,194,219,FALSE
Female,Loyal Customer,57,Personal Travel,Eco,1123,4,4,4,2,5,5,5,1,1,4,1,3,3,3.23,6,0,FALSE
Male,Loyal Customer,51,Business Travel,Business,1542,4,4,4,4,3,5,5,3,3,3,3,5,3,3.77,0,0,TRUE
Female,Loyal Customer,72,Business Travel,Business,2083,4,5,5,5,5,4,3,1,1,2,4,1,2,3.23,0,0,FALSE
Female,Loyal Customer,57,Business Travel,Business,3363,2,1,1,1,5,4,4,2,2,2,2,4,3,2.54,0,0,FALSE
Male,Disloyal Customer,18,Business Travel,Eco,678,4,4,4,4,2,4,2,2,2,1,4,2,2,2.85,0,0,FALSE
Female,Loyal Customer,24,Business Travel,Business,3377,1,1,1,1,4,4,4,4,2,4,1,2,4,2.54,7,0,TRUE
Male,Loyal Customer,27,Personal Travel,Eco,756,3,5,3,1,5,3,5,5,3,5,4,5,5,4,20,6,FALSE
Female,Loyal Customer,42,Business Travel,Eco,627,2,2,2,2,5,3,3,2,2,2,2,4,4,2.69,0,0,FALSE
Male,Loyal Customer,61,Personal Travel,Eco,2425,3,5,3,4,2,3,2,2,5,2,4,4,2,3.15,9,0,FALSE
Male,Loyal Customer,66,Personal Travel,Business,531,4,4,4,5,2,4,4,4,4,4,4,4,4,3.92,0,0,TRUE
Female,Loyal Customer,33,Personal Travel,Eco,406,4,5,4,2,1,4,1,1,2,1,3,1,1,2.31,14,37,FALSE
Male,Loyal Customer,26,Personal Travel,Eco,1674,3,5,2,3,5,2,5,5,5,4,2,3,5,3.77,20,17,FALSE
Female,Loyal Customer,27,Personal Travel,Eco,349,1,5,4,3,4,4,4,4,3,3,5,3,4,3.62,26,16,FALSE
Male,Loyal Customer,77,Business Travel,Business,3379,4,3,3,3,3,4,4,2,2,2,4,3,2,3,8,15,FALSE
Female,Loyal Customer,46,Business Travel,Business,2230,2,2,2,2,4,4,4,2,2,2,2,5,4,2.85,0,13,TRUE
Male,Loyal Customer,55,Personal Travel,Eco,641,2,5,2,3,1,2,1,1,5,4,4,4,1,2.69,127,109,FALSE
Female,Loyal Customer,32,Personal Travel,Eco,373,2,3,1,1,2,1,5,2,2,2,5,4,2,2.46,4,0,FALSE
Male,Loyal Customer,31,Personal Travel,Eco,1208,3,2,3,3,4,3,1,4,3,4,2,1,4,2.85,35,8,FALSE
Female,Disloyal Customer,22,Business Travel,Business,101,4,4,4,1,5,4,5,5,3,5,5,2,5,4,0,0,TRUE
Female,Loyal Customer,47,Personal Travel,Business,980,3,5,2,1,4,5,5,5,5,2,5,3,4,3.77,52,39,FALSE
Male,Loyal Customer,50,Business Travel,Business,1555,0,4,0,2,3,4,5,5,5,5,5,4,3,3.46,2,0,TRUE
Male,Disloyal Customer,47,Business Travel,Business,406,2,2,2,5,5,2,5,5,3,3,4,5,5,3.69,0,0,FALSE
Female,Loyal Customer,7,Personal Travel,Eco,338,4,5,4,1,4,4,4,4,3,5,5,4,4,3.92,0,0,FALSE
Male,Loyal Customer,29,Business Travel,Business,2036,1,1,1,1,5,5,5,5,4,5,5,4,5,3.62,22,21,TRUE
Male,Loyal Customer,37,Business Travel,Eco,522,5,1,3,1,5,5,5,5,3,1,3,4,5,3.54,27,28,TRUE
Male,Loyal Customer,34,Personal Travel,Business,1999,3,4,3,4,3,3,4,4,4,3,4,4,4,3.62,0,0,FALSE
Female,Loyal Customer,8,Personal Travel,Eco,979,2,4,2,1,3,2,3,3,5,3,4,3,3,2.92,0,0,FALSE
Female,Loyal Customer,28,Business Travel,Business,1123,5,5,5,5,4,4,4,4,5,4,4,1,4,4.15,0,0,TRUE
Female,Loyal Customer,29,Business Travel,Business,936,3,5,4,4,3,3,3,3,3,3,4,4,3,3.46,6,12,FALSE
Male,Loyal Customer,36,Business Travel,Business,462,3,3,3,3,2,4,4,5,5,5,5,4,5,3.92,0,24,TRUE
Male,Loyal Customer,48,Business Travel,Business,1892,1,1,1,1,2,4,4,3,3,4,3,5,4,2.77,0,3,TRUE
Female,Loyal Customer,49,Personal Travel,Eco,937,2,4,2,4,4,4,3,3,3,2,3,5,4,3.31,7,0,FALSE
Female,Loyal Customer,44,Business Travel,Business,1607,1,2,2,2,5,4,4,3,3,3,1,1,4,2.69,4,0,FALSE
Female,Disloyal Customer,25,Business Travel,Business,2845,4,0,4,3,1,4,1,1,4,3,4,5,1,2.69,0,0,TRUE
Male,Loyal Customer,49,Business Travel,Business,2556,1,1,1,1,2,4,5,4,4,4,4,3,4,2.92,0,0,TRUE
Male,Loyal Customer,40,Personal Travel,Business,765,2,4,2,3,5,5,4,5,5,2,5,4,4,3.85,64,64,FALSE
Female,Loyal Customer,24,Personal Travel,Eco,406,2,5,2,3,4,2,1,4,3,2,4,4,4,3.08,8,9,FALSE
Male,Loyal Customer,49,Business Travel,Business,787,4,4,4,4,4,4,4,4,4,4,4,4,4,4,35,34,TRUE
Female,Loyal Customer,7,Personal Travel,Eco,679,1,3,1,4,2,1,2,2,2,2,3,4,2,2.23,43,36,FALSE
Female,Loyal Customer,15,Personal Travel,Eco Plus,2454,1,5,1,2,3,1,3,3,3,3,4,1,3,2.54,0,0,FALSE
Female,Loyal Customer,60,Personal Travel,Business,991,2,4,2,3,2,5,4,3,3,2,3,3,5,3.15,0,0,FALSE
Male,Loyal Customer,41,Business Travel,Business,2387,2,2,2,2,5,5,4,5,5,5,5,4,3,3.77,0,36,TRUE
Female,Loyal Customer,52,Business Travel,Eco,192,5,1,1,1,4,1,2,5,5,5,5,1,1,2.85,0,0,TRUE
Female,Loyal Customer,56,Business Travel,Business,1035,2,2,2,2,5,4,5,5,5,4,5,4,3,3.69,0,0,TRUE
Female,Loyal Customer,51,Personal Travel,Eco Plus,270,3,0,3,3,3,1,5,1,1,3,4,4,1,2.46,0,0,FALSE
Female,Loyal Customer,64,Business Travel,Business,1591,5,5,5,5,3,4,4,5,5,5,5,3,4,4.46,3,0,TRUE
Male,Loyal Customer,26,Business Travel,Business,3797,2,2,2,2,5,5,5,5,3,3,5,3,5,3.62,0,0,TRUE
Female,Loyal Customer,47,Business Travel,Business,1622,3,3,3,3,3,4,4,2,2,2,2,4,3,2.92,2,2,TRUE
Male,Loyal Customer,55,Business Travel,Business,3784,3,3,3,3,4,5,5,4,4,4,4,3,3,3.69,47,38,TRUE
Male,Loyal Customer,26,Business Travel,Eco,871,5,5,5,5,5,5,3,5,3,1,3,1,5,3.92,21,26,TRUE
Female,Disloyal Customer,35,Business Travel,Business,589,2,2,2,3,1,2,1,1,3,2,4,4,1,2.15,19,7,FALSE
Female,Loyal Customer,11,Personal Travel,Eco,429,2,3,2,4,1,2,1,1,1,5,3,1,1,2.08,29,28,FALSE
Male,Disloyal Customer,22,Business Travel,Eco,821,4,3,3,3,5,3,5,5,4,1,4,2,5,3.62,3,0,FALSE
Female,Disloyal Customer,43,Business Travel,Eco,719,3,4,4,4,4,4,4,4,1,1,4,3,4,3.38,0,25,FALSE
Male,Loyal Customer,48,Business Travel,Business,1763,3,3,3,3,4,5,4,4,4,4,4,5,5,3.92,11,3,TRUE
Female,Loyal Customer,45,Business Travel,Business,1464,1,1,1,1,2,4,5,5,5,5,5,3,3,3.15,44,61,TRUE
Male,Loyal Customer,41,Business Travel,Business,157,5,5,5,5,5,5,5,5,5,5,5,4,4,4.85,0,0,TRUE
Male,Loyal Customer,45,Business Travel,Eco,1028,2,2,2,2,2,2,2,2,1,4,3,3,2,2.23,0,0,FALSE
Male,Loyal Customer,17,Business Travel,Business,2706,1,2,2,2,1,1,1,1,2,1,3,1,1,1.46,2,0,FALSE
Male,Loyal Customer,21,Business Travel,Eco Plus,101,2,4,2,4,2,2,3,2,2,5,3,4,2,2.85,0,0,FALSE
Male,Loyal Customer,61,Business Travel,Eco,377,2,3,3,3,2,2,2,2,3,3,4,4,2,2.69,28,53,FALSE
Female,Loyal Customer,35,Personal Travel,Eco,1076,2,4,1,4,5,1,5,5,4,4,5,5,5,3.85,0,0,FALSE
Female,Loyal Customer,10,Personal Travel,Eco,746,2,5,2,2,1,2,1,1,3,4,5,4,1,2.54,0,0,FALSE
Female,Loyal Customer,59,Business Travel,Business,2649,5,5,5,5,4,4,4,5,5,5,5,4,3,4.54,14,13,TRUE
Male,Loyal Customer,26,Personal Travel,Eco,187,2,5,2,2,1,2,1,1,4,3,4,3,1,2.38,0,0,FALSE
Male,Loyal Customer,50,Business Travel,Business,1747,1,2,2,2,3,3,2,1,1,1,1,3,2,1.85,40,33,FALSE
Female,Loyal Customer,30,Personal Travel,Eco,2306,3,4,3,2,2,3,1,2,3,2,4,4,2,2.69,0,0,FALSE
Female,Disloyal Customer,23,Business Travel,Business,967,2,4,2,3,4,2,4,4,3,2,4,4,4,3.23,0,0,FALSE
Female,Loyal Customer,45,Personal Travel,Eco Plus,129,2,4,2,1,2,5,5,3,3,2,3,5,4,3.15,0,9,FALSE
Female,Loyal Customer,49,Business Travel,Business,224,4,4,2,4,4,4,2,5,5,5,5,5,4,4.08,2,4,TRUE
Male,Loyal Customer,58,Business Travel,Business,316,1,1,1,1,5,5,4,5,5,5,5,5,3,3.54,0,0,TRUE
Male,Loyal Customer,44,Business Travel,Eco,377,3,4,4,4,3,3,3,3,1,2,3,2,3,2.92,0,0,FALSE
Female,Loyal Customer,54,Business Travel,Business,2837,4,4,4,4,3,5,4,5,5,5,5,4,4,4.31,1,0,TRUE
Male,Loyal Customer,51,Personal Travel,Eco,666,4,5,4,3,5,4,3,5,1,4,4,1,5,3.69,17,3,TRUE
Male,Loyal Customer,30,Business Travel,Business,1747,1,3,3,3,1,2,1,1,2,5,2,2,1,2.08,0,0,FALSE
Female,Loyal Customer,43,Business Travel,Eco,272,4,3,3,3,2,1,4,4,4,4,4,3,2,3.15,0,0,TRUE
Female,Loyal Customer,28,Business Travel,Eco,872,3,3,3,3,3,3,3,3,2,4,4,2,3,3,0,16,FALSE
Male,Loyal Customer,53,Business Travel,Business,2317,1,1,1,1,2,5,4,5,5,4,5,3,3,3.08,0,1,TRUE
Male,Loyal Customer,20,Personal Travel,Eco,1620,2,3,1,3,5,1,5,5,1,3,3,1,5,2.92,0,0,FALSE
Male,Loyal Customer,29,Personal Travel,Eco,431,3,1,3,2,1,3,1,1,4,4,2,2,1,2.15,0,0,FALSE
Female,Loyal Customer,43,Business Travel,Business,3172,3,3,3,3,4,5,5,4,4,4,5,4,5,4,7,3,TRUE
Male,Disloyal Customer,22,Business Travel,Business,695,4,0,4,4,3,4,1,3,4,4,5,5,3,3.38,0,0,TRUE
Male,Loyal Customer,40,Personal Travel,Eco,460,3,4,3,4,2,3,2,2,4,3,5,4,2,3.15,0,0,FALSE
Male,Loyal Customer,39,Business Travel,Business,936,5,5,5,5,2,4,5,4,4,4,4,4,5,4.31,0,0,TRUE
Male,Loyal Customer,50,Business Travel,Eco,690,2,1,1,1,3,2,3,3,1,1,2,5,3,2.15,36,31,TRUE
Male,Loyal Customer,62,Personal Travel,Eco,622,1,5,1,1,5,1,5,5,2,4,4,4,5,3.31,0,0,FALSE
Female,Loyal Customer,38,Business Travel,Eco Plus,1048,3,5,5,5,3,5,3,3,2,5,4,1,3,3.62,44,,TRUE
Male,Loyal Customer,44,Business Travel,Eco,1068,2,5,2,5,2,2,2,2,3,5,3,4,2,3,0,7,FALSE
Female,Loyal Customer,52,Business Travel,Business,1750,3,3,3,3,2,4,5,4,4,4,4,5,3,3.62,0,4,TRUE
Female,Disloyal Customer,30,Business Travel,Eco Plus,432,2,2,2,3,3,2,3,3,4,4,5,4,3,3.08,2,0,FALSE
Male,Loyal Customer,33,Personal Travel,Eco,639,3,5,3,5,4,3,4,4,5,5,4,3,4,4,83,121,FALSE
Male,Loyal Customer,45,Business Travel,Business,3346,4,4,4,4,2,4,4,3,3,4,3,4,4,3.62,0,0,TRUE
Male,Disloyal Customer,27,Business Travel,Eco,140,2,4,2,4,5,2,3,5,1,3,2,4,5,3.23,0,0,FALSE
Female,Loyal Customer,28,Personal Travel,Eco,563,4,4,4,3,3,4,3,3,5,2,5,3,3,3.54,0,0,FALSE
Female,Loyal Customer,37,Personal Travel,Eco,1521,5,5,5,3,4,5,4,4,3,1,4,5,4,4,0,0,TRUE
Female,Loyal Customer,41,Business Travel,Business,2948,2,2,2,2,2,2,4,4,4,5,3,4,3,3,67,72,TRUE
Male,Loyal Customer,12,Personal Travel,Eco,550,2,4,2,4,2,2,2,2,4,1,3,1,2,2.38,0,1,FALSE
Male,Loyal Customer,39,Business Travel,Business,2063,0,3,0,4,5,4,5,3,3,3,3,3,5,3.15,14,18,TRUE
Female,Disloyal Customer,34,Business Travel,Business,366,1,2,2,1,5,2,5,5,4,2,4,4,5,3.23,0,0,FALSE
Female,Loyal Customer,47,Business Travel,Eco,273,4,5,5,5,4,1,3,4,4,4,4,4,5,4,10,1,TRUE
Male,Loyal Customer,20,Personal Travel,Eco,2422,2,3,2,5,5,2,5,5,4,2,4,3,5,3.62,1,0,FALSE
Female,Loyal Customer,37,Business Travel,Business,651,2,2,2,2,2,4,4,5,5,5,5,3,4,3.46,0,0,TRUE
Female,Loyal Customer,9,Business Travel,Business,2764,3,3,3,3,5,4,5,5,5,5,5,4,5,4.23,0,0,TRUE
Male,Loyal Customer,39,Business Travel,Business,3081,4,2,4,4,4,5,4,5,5,5,5,4,5,4.31,0,0,TRUE
Female,Loyal Customer,23,Business Travel,Eco,1076,5,2,2,2,5,5,4,5,3,2,5,1,5,3.54,3,4,TRUE
Female,Disloyal Customer,22,Business Travel,Eco,1407,3,3,3,3,5,3,4,5,5,5,3,4,5,3.92,0,5,FALSE
Female,Loyal Customer,58,Business Travel,Eco,650,3,3,3,3,2,3,2,3,3,3,3,4,1,2.77,0,0,FALSE
Female,Loyal Customer,29,Personal Travel,Eco,1211,1,3,1,3,2,1,2,2,1,1,4,1,2,1.85,44,39,FALSE
Female,Loyal Customer,17,Business Travel,Eco Plus,226,3,4,4,4,3,3,3,3,2,3,3,2,3,3.08,1,0,FALSE
Female,Loyal Customer,9,Personal Travel,Eco,351,3,5,2,4,4,2,4,4,3,4,5,4,4,3.69,0,0,FALSE
Male,Loyal Customer,7,Personal Travel,Eco,2614,2,5,2,5,1,2,1,1,5,2,5,4,1,2.77,5,0,FALSE
Female,Loyal Customer,31,Business Travel,Business,2254,4,4,5,4,4,4,4,4,5,4,5,4,4,4.23,0,0,TRUE
Female,Loyal Customer,42,Business Travel,Eco,1074,4,5,5,5,1,1,5,4,4,4,4,5,4,3.92,0,0,TRUE
Male,Loyal Customer,43,Personal Travel,Business,925,2,4,2,3,1,2,5,2,2,2,2,1,4,2.46,63,58,FALSE
Female,Loyal Customer,20,Personal Travel,Eco,447,4,5,4,1,1,4,1,1,5,4,4,4,1,3,30,21,FALSE
Male,Loyal Customer,39,Business Travel,Eco,1076,3,3,3,3,3,3,3,3,2,1,3,2,3,2.69,30,14,FALSE
Female,Loyal Customer,54,Business Travel,Business,475,1,1,1,1,2,4,4,4,4,4,4,4,3,2.85,0,0,TRUE
Male,Disloyal Customer,25,Business Travel,Eco,589,3,0,3,1,2,3,2,2,3,3,5,5,2,2.62,33,39,FALSE
Female,Loyal Customer,44,Business Travel,Business,1814,3,3,3,3,3,4,5,5,5,5,5,3,4,3.92,27,11,TRUE
Male,Loyal Customer,57,Business Travel,Eco Plus,631,2,2,5,2,2,2,2,2,1,5,3,2,2,2.46,0,0,FALSE
Male,Loyal Customer,54,Personal Travel,Eco,486,3,0,3,3,2,3,2,2,3,4,4,3,2,2.62,0,0,FALSE
Female,Loyal Customer,55,Personal Travel,Business,410,3,5,3,4,5,4,4,5,5,3,5,4,3,4.08,0,0,FALSE
Male,Disloyal Customer,27,Business Travel,Business,251,0,0,0,2,2,0,2,2,3,4,5,5,2,2.08,52,62,TRUE
Male,Disloyal Customer,18,Business Travel,Eco,1365,1,1,1,4,2,1,3,2,1,5,4,1,2,2.15,1,0,FALSE
Male,Loyal Customer,38,Business Travel,Eco,500,2,2,2,2,2,2,2,2,4,2,3,1,2,2.15,29,38,FALSE
Male,Loyal Customer,57,Business Travel,Business,2657,5,5,5,5,4,4,5,5,5,5,5,4,3,4.62,1,0,TRUE
Male,Loyal Customer,51,Personal Travel,Eco,577,3,5,3,2,5,3,5,5,4,2,5,3,5,3.85,0,0,FALSE
Female,Disloyal Customer,38,Business Travel,Eco Plus,507,4,4,4,4,1,4,1,1,2,5,4,5,1,3.08,0,11,FALSE
Female,Disloyal Customer,50,Business Travel,Business,650,4,4,4,5,4,4,4,4,3,5,4,4,4,4.08,0,2,TRUE
Female,Loyal Customer,44,Business Travel,Eco,2248,3,4,4,4,5,3,3,3,3,3,3,2,3,3.31,3,1,FALSE
Female,Loyal Customer,48,Business Travel,Eco,170,4,1,1,1,5,4,3,4,4,4,4,2,3,3.08,0,17,FALSE
Female,Loyal Customer,46,Business Travel,Eco,258,4,4,4,4,3,4,4,4,4,4,4,2,2,3.62,17,12,FALSE
Female,Loyal Customer,38,Personal Travel,Eco,378,5,4,5,3,2,5,2,2,1,1,4,3,2,3,6,0,TRUE
Female,Loyal Customer,59,Business Travel,Business,1590,2,2,2,2,2,4,5,3,3,3,3,4,4,3,0,0,TRUE
Male,Loyal Customer,34,Personal Travel,Eco,606,1,4,1,4,5,1,5,5,4,5,5,3,5,3.69,7,14,FALSE
Male,Loyal Customer,60,Personal Travel,Eco Plus,391,1,5,1,3,3,1,3,3,3,2,5,4,3,2.85,0,0,FALSE
Male,Loyal Customer,60,Business Travel,Business,2934,2,2,2,2,3,5,5,4,4,4,4,4,4,3.46,16,15,TRUE
Female,Loyal Customer,52,Business Travel,Business,577,5,5,5,5,5,5,4,4,4,4,4,3,4,4.38,0,0,TRUE
Male,Loyal Customer,47,Business Travel,Business,1798,2,2,2,2,3,4,5,5,5,5,5,3,3,3.54,2,13,TRUE
Male,Disloyal Customer,28,Business Travel,Eco,645,1,0,1,3,4,1,4,4,2,2,1,5,4,2.46,22,0,FALSE
Female,Loyal Customer,42,Personal Travel,Business,248,3,5,3,1,2,5,5,3,3,3,2,5,5,3.46,5,1,FALSE
Female,Loyal Customer,55,Business Travel,Eco,611,4,1,4,4,3,4,4,4,4,4,4,2,4,3.54,0,0,FALSE
Male,Loyal Customer,39,Business Travel,Eco,201,3,1,1,1,3,3,3,3,3,5,3,2,3,2.62,20,24,FALSE
Female,Loyal Customer,68,Personal Travel,Eco,510,3,3,3,4,5,4,3,1,1,3,1,5,4,3.08,0,0,FALSE
Female,Disloyal Customer,24,Business Travel,Eco,543,2,2,2,3,5,2,2,5,2,2,3,3,5,2.92,0,0,FALSE
Female,Loyal Customer,14,Personal Travel,Eco,337,4,5,5,2,2,5,2,2,4,4,4,4,2,3.46,0,0,FALSE
Male,Loyal Customer,42,Business Travel,Business,569,5,5,5,5,2,1,1,5,5,5,5,1,1,3.54,0,0,TRUE
Female,Loyal Customer,28,Business Travel,Business,3238,2,2,5,2,4,4,4,4,4,5,5,4,4,3.77,11,1,TRUE
Female,Loyal Customer,8,Personal Travel,Eco,516,2,4,2,2,4,2,4,4,5,3,4,4,4,3.38,42,44,FALSE
Female,Loyal Customer,51,Business Travel,Business,1037,2,2,2,2,3,4,5,4,4,4,4,3,4,3.31,0,0,TRUE
Female,Loyal Customer,36,Personal Travel,Eco,2136,2,4,2,1,5,2,5,5,5,5,4,5,5,3.85,1,0,FALSE
Female,Disloyal Customer,27,Business Travel,Eco,2342,1,1,1,3,2,1,2,2,4,3,2,4,2,2.15,0,2,FALSE
Female,Loyal Customer,48,Business Travel,Business,1744,2,2,2,2,3,5,4,4,4,4,4,5,5,3.54,50,63,TRUE
Female,Loyal Customer,36,Business Travel,Business,3903,1,1,1,1,2,2,3,5,5,5,5,5,1,2.85,34,26,TRUE
Male,Loyal Customer,39,Business Travel,Business,2716,5,5,1,5,5,4,4,2,2,2,2,3,3,3.31,0,0,TRUE
Female,Loyal Customer,36,Business Travel,Business,1416,1,1,1,1,5,4,5,3,3,3,3,5,3,2.92,0,0,TRUE
Male,Loyal Customer,24,Business Travel,Business,695,2,2,3,2,4,4,4,4,2,2,1,3,4,2.85,0,6,TRUE
Male,Loyal Customer,55,Business Travel,Eco,777,1,1,1,1,1,1,1,1,2,5,3,4,1,1.77,0,0,FALSE
Male,Loyal Customer,64,Personal Travel,Eco,937,2,3,2,2,1,2,1,1,1,5,3,2,1,2,0,0,FALSE
Female,Disloyal Customer,37,Business Travel,Business,2434,3,3,3,4,3,3,3,3,5,5,5,3,3,3.54,9,0,FALSE
Female,Loyal Customer,42,Business Travel,Business,1334,4,4,4,4,5,4,4,4,4,4,4,3,1,3.77,30,41,FALSE
Female,Loyal Customer,21,Personal Travel,Eco,1208,3,2,4,4,4,4,4,4,4,2,4,1,4,3.38,10,6,FALSE
Female,Loyal Customer,38,Personal Travel,Eco,634,3,4,3,4,2,3,2,2,4,3,5,5,2,3.23,0,0,FALSE
Male,Loyal Customer,11,Personal Travel,Eco,409,2,5,5,2,2,5,2,2,5,3,5,3,2,3.31,0,0,FALSE
Female,Loyal Customer,27,Business Travel,Business,764,1,1,1,1,2,2,2,2,5,2,5,5,2,2.38,22,15,TRUE
Female,Loyal Customer,24,Business Travel,Eco Plus,1773,1,2,2,2,1,1,2,1,1,3,2,4,1,1.77,11,7,FALSE
Female,Disloyal Customer,64,Business Travel,Business,255,1,1,1,2,4,1,4,4,1,3,2,2,4,2.31,1,22,FALSE
Male,Loyal Customer,53,Business Travel,Business,868,4,4,4,4,4,4,5,3,3,3,3,5,5,3.92,0,0,TRUE
Female,Disloyal Customer,39,Business Travel,Business,277,2,2,2,2,2,2,2,2,1,4,2,1,2,2,0,0,FALSE
Female,Loyal Customer,40,Personal Travel,Eco,680,1,5,0,1,5,0,5,5,4,4,5,4,5,3.38,0,0,FALSE
Female,Loyal Customer,59,Business Travel,Business,3385,3,3,3,3,5,4,5,4,4,4,4,4,5,3.92,21,15,TRUE
Female,Loyal Customer,46,Business Travel,Business,113,3,3,3,3,4,4,4,5,5,5,4,4,5,4,0,0,TRUE
Female,Disloyal Customer,24,Business Travel,Eco,481,3,5,3,2,3,3,3,3,5,2,5,5,3,3.46,1,0,FALSE
Female,Loyal Customer,24,Personal Travel,Eco,402,3,4,3,1,2,3,2,2,5,3,5,4,2,3,0,0,FALSE
Female,Loyal Customer,36,Business Travel,Eco,425,3,4,4,4,3,3,3,3,4,2,3,2,3,3.15,0,0,FALSE
Male,Loyal Customer,17,Personal Travel,Eco,383,3,3,3,3,2,3,2,2,3,3,4,4,2,2.85,0,0,FALSE
Male,Loyal Customer,12,Personal Travel,Business,616,2,5,2,3,4,2,4,4,3,5,3,3,4,3.38,56,60,FALSE
Male,Loyal Customer,61,Personal Travel,Eco,337,2,2,3,3,3,3,3,2,4,3,4,3,3,2.92,142,151,FALSE
Female,Disloyal Customer,12,Business Travel,Eco,1258,3,3,3,4,3,3,3,3,2,1,3,2,3,2.77,27,9,FALSE
Male,Loyal Customer,45,Business Travel,Eco,1189,4,1,4,4,4,4,4,4,3,2,3,1,4,3.23,0,0,TRUE
Male,Loyal Customer,46,Business Travel,Eco,599,4,5,5,5,4,4,4,4,5,5,3,1,4,4.08,0,0,TRUE
Female,Loyal Customer,40,Personal Travel,Eco,528,2,4,3,4,1,3,1,1,2,1,5,5,1,2.54,0,0,FALSE
Female,Loyal Customer,24,Business Travel,Business,700,1,1,1,1,3,3,3,3,3,3,4,3,3,2.46,0,0,TRUE
Female,Disloyal Customer,24,Business Travel,Business,762,0,0,0,1,4,0,4,4,3,3,4,3,4,2.31,0,0,TRUE
Female,Loyal Customer,42,Personal Travel,Eco Plus,181,2,2,2,4,3,3,4,5,5,2,5,4,3,3.38,0,0,FALSE
Female,Loyal Customer,36,Business Travel,Eco,447,2,2,2,2,2,2,2,2,4,4,4,4,2,2.62,0,0,FALSE
Male,Loyal Customer,54,Business Travel,Business,1964,4,4,4,4,5,4,3,5,5,5,3,4,5,4.23,0,0,TRUE
Male,Loyal Customer,44,Business Travel,Business,371,1,1,1,1,4,4,5,3,3,3,3,4,4,2.85,0,0,TRUE
Male,Loyal Customer,33,Business Travel,Eco Plus,1522,2,4,4,4,2,2,2,2,2,5,3,4,2,2.92,0,0,FALSE
Female,Disloyal Customer,39,Business Travel,Business,521,1,1,1,4,1,1,1,1,1,2,5,3,1,1.77,0,0,FALSE
Male,Loyal Customer,28,Personal Travel,Eco,214,3,3,3,3,5,3,5,5,1,4,4,2,5,3.54,0,0,FALSE
Male,Loyal Customer,38,Business Travel,Business,1814,2,2,2,2,5,4,4,4,4,4,4,3,4,3.38,0,0,TRUE
Male,Loyal Customer,18,Personal Travel,Eco,508,1,4,4,1,2,4,2,2,5,5,4,5,2,3.15,0,0,FALSE
Female,Loyal Customer,19,Business Travel,Business,393,1,2,2,2,1,1,1,1,3,5,3,4,1,2.08,96,96,FALSE
Male,Loyal Customer,33,Business Travel,Business,338,1,2,3,2,1,1,1,1,4,3,3,2,1,1.92,20,12,FALSE
Male,Loyal Customer,44,Business Travel,Business,2236,3,3,3,3,2,3,3,5,5,5,5,2,4,3.54,0,0,TRUE
Male,Loyal Customer,41,Business Travel,Business,2248,1,1,1,1,5,4,5,4,4,4,4,3,5,3.23,0,3,TRUE
Female,Loyal Customer,39,Business Travel,Business,3558,0,0,0,4,2,5,4,3,3,3,5,5,5,3,0,0,TRUE
Female,Loyal Customer,40,Business Travel,Business,1754,3,1,3,3,4,5,5,5,5,5,5,4,4,4,8,0,TRUE
Female,Disloyal Customer,26,Business Travel,Eco,655,2,1,1,4,5,1,5,5,4,3,4,3,5,3.31,0,28,FALSE
Female,Disloyal Customer,25,Business Travel,Eco,714,5,4,4,3,4,2,5,3,4,5,5,5,5,4.15,0,0,TRUE
Male,Loyal Customer,63,Personal Travel,Eco,701,3,4,3,3,2,3,2,2,4,2,4,3,2,2.85,60,57,FALSE
Male,Loyal Customer,30,Business Travel,Eco,300,2,1,1,1,2,2,2,2,4,4,2,1,2,2,0,4,FALSE
Female,Loyal Customer,65,Business Travel,Business,927,4,3,3,3,3,2,3,4,4,4,4,3,3,3.31,0,0,FALSE
Male,Disloyal Customer,27,Business Travel,Business,236,2,2,2,3,1,2,1,1,4,4,1,1,1,1.92,89,78,FALSE
Female,Loyal Customer,46,Business Travel,Business,3584,3,3,3,3,2,5,4,4,4,4,5,3,4,3.62,3,0,TRUE
Male,Loyal Customer,55,Business Travel,Eco,1013,4,5,5,5,4,4,4,4,3,5,1,5,4,4.08,19,0,TRUE
Male,Loyal Customer,24,Personal Travel,Eco,163,2,4,2,2,3,2,3,3,5,5,5,3,3,3.23,0,0,FALSE
Male,Loyal Customer,45,Business Travel,Business,332,0,0,0,4,4,4,5,3,3,3,3,3,4,2.77,0,1,TRUE
Male,Loyal Customer,26,Personal Travel,Eco Plus,353,2,1,3,3,2,3,2,2,1,5,3,2,2,2.38,31,32,FALSE
Male,Loyal Customer,34,Business Travel,Business,1907,1,1,5,1,4,4,1,4,4,4,4,3,3,3,10,0,TRUE
Female,Loyal Customer,30,Personal Travel,Eco,569,4,4,4,4,2,4,2,2,5,4,4,4,2,3.46,74,73,TRUE
Male,Loyal Customer,34,Business Travel,Business,369,4,4,5,4,3,5,4,3,3,4,3,4,5,3.92,0,0,TRUE
Male,Loyal Customer,60,Business Travel,Eco,534,4,1,5,1,4,4,4,4,5,5,2,1,4,3.38,0,0,TRUE
Male,Loyal Customer,70,Personal Travel,Eco,315,1,5,5,5,5,5,5,5,3,4,5,3,5,4.31,0,6,FALSE
Female,Loyal Customer,33,Personal Travel,Eco Plus,280,2,5,2,4,5,2,1,5,2,5,2,4,5,3.38,0,0,FALSE
Male,Loyal Customer,48,Business Travel,Business,1105,2,2,2,2,5,5,5,4,4,4,4,4,4,3.62,18,5,TRUE
Male,Loyal Customer,23,Business Travel,Business,1809,0,4,0,2,4,4,4,4,5,5,5,4,4,3.46,2,0,TRUE
Female,Loyal Customer,51,Business Travel,Business,1970,3,3,3,3,2,4,4,4,4,5,4,4,4,3.62,0,0,TRUE
Female,Loyal Customer,37,Business Travel,Business,2899,2,2,2,2,2,3,3,2,2,2,2,2,3,2.23,0,0,FALSE
Male,Loyal Customer,62,Personal Travel,Eco Plus,1773,0,1,0,3,5,0,5,5,4,1,2,2,5,2.54,34,19,TRUE
Male,Disloyal Customer,23,Business Travel,Business,526,5,5,5,2,2,5,2,2,4,3,4,3,2,3.38,0,3,TRUE
Male,Loyal Customer,60,Personal Travel,Eco,599,3,3,3,2,2,3,3,2,2,4,5,1,2,2.69,0,0,FALSE
Male,Disloyal Customer,23,Business Travel,Eco,456,3,5,3,4,4,3,4,4,2,5,4,2,4,3.62,0,13,FALSE
Female,Loyal Customer,59,Personal Travel,Eco Plus,135,3,5,3,4,5,5,4,1,1,3,1,5,3,3.31,118,113,FALSE
Male,Loyal Customer,21,Personal Travel,Eco,775,4,5,4,5,1,4,1,1,4,4,4,5,1,3.31,0,0,FALSE
Male,Loyal Customer,66,Personal Travel,Eco,2586,4,4,4,1,4,4,4,5,3,5,5,4,4,3.92,9,0,FALSE
Female,Loyal Customer,64,Business Travel,Eco Plus,218,4,3,3,3,2,4,1,4,4,4,4,3,3,3.23,0,0,TRUE
Male,Loyal Customer,58,Business Travel,Business,529,3,3,3,3,2,4,4,4,4,4,4,4,4,3.54,0,0,TRUE
Female,Loyal Customer,62,Business Travel,Eco,859,3,2,2,2,2,3,4,3,3,3,3,2,1,2.54,28,2,FALSE
Male,Loyal Customer,41,Business Travel,Business,2336,2,2,2,2,1,2,1,5,5,4,5,5,4,3.08,0,0,TRUE
Male,Loyal Customer,52,Business Travel,Eco Plus,192,1,3,3,3,1,1,1,1,4,1,4,2,1,2,0,0,FALSE
Female,Disloyal Customer,11,Business Travel,Eco,861,1,1,1,4,5,1,5,5,4,3,3,2,5,3.08,5,8,FALSE
Male,Disloyal Customer,18,Business Travel,Eco,1180,5,5,5,3,5,5,5,5,5,2,5,4,5,4.54,0,0,TRUE
Male,Loyal Customer,39,Personal Travel,Eco,356,1,5,1,4,2,1,2,2,1,4,3,1,2,2.23,6,17,FALSE
Female,Loyal Customer,58,Business Travel,Business,2422,4,4,4,4,5,5,5,5,4,3,5,5,5,4.46,7,0,TRUE
Male,Loyal Customer,42,Business Travel,Business,1481,1,1,1,1,2,5,4,5,5,5,5,5,5,3.46,3,0,TRUE
Female,Loyal Customer,16,Personal Travel,Eco,1947,3,5,3,4,1,3,1,1,5,2,3,4,1,2.77,6,0,FALSE
Male,Loyal Customer,31,Business Travel,Business,2603,4,4,4,4,4,4,4,4,1,5,4,3,4,3.77,2,6,FALSE
Female,Loyal Customer,64,Business Travel,Business,224,5,5,5,5,3,4,4,4,4,4,4,3,4,4.15,0,0,TRUE
Male,Disloyal Customer,27,Business Travel,Business,134,0,0,0,3,3,0,3,3,3,4,4,5,3,2.38,0,0,TRUE
Male,Loyal Customer,29,Business Travel,Business,2402,1,1,5,1,4,4,4,4,5,4,4,4,4,3.46,0,0,TRUE
Female,Loyal Customer,49,Personal Travel,Eco,594,2,3,2,3,3,4,3,2,2,2,2,3,1,2.46,0,3,FALSE
Female,Loyal Customer,68,Personal Travel,Eco,106,2,4,0,3,5,4,4,2,2,0,2,5,3,2.77,0,0,FALSE
Female,Disloyal Customer,37,Business Travel,Eco,451,1,4,1,4,5,1,5,5,4,4,3,4,5,3.54,16,6,FALSE
Male,Loyal Customer,42,Business Travel,Business,3375,2,2,2,2,3,4,5,4,4,4,4,3,5,3.38,50,40,TRUE
Male,Loyal Customer,45,Business Travel,Business,3910,1,1,5,1,5,5,5,4,4,4,4,5,4,3.69,0,0,TRUE
Male,Disloyal Customer,17,Business Travel,Business,357,3,2,3,4,5,3,5,5,2,4,4,4,5,3.77,0,0,FALSE
Female,Disloyal Customer,35,Business Travel,Eco Plus,925,2,2,2,5,5,2,5,5,3,3,1,3,5,3.31,22,0,FALSE
Female,Loyal Customer,69,Personal Travel,Eco,645,2,4,2,2,3,4,4,1,1,2,1,4,5,2.69,0,0,FALSE
Female,Disloyal Customer,25,Business Travel,Business,2615,2,0,3,3,3,1,2,5,3,5,5,2,2,2.77,2,11,FALSE
Male,Loyal Customer,57,Personal Travel,Eco Plus,546,3,2,3,1,1,3,1,1,3,5,2,3,1,2.23,0,0,FALSE
Male,Loyal Customer,33,Business Travel,Business,1910,1,1,1,1,4,4,4,4,5,3,5,4,4,3.15,13,0,TRUE
Male,Loyal Customer,56,Business Travel,Business,2556,4,4,4,4,4,4,4,3,3,5,4,4,4,3.92,19,18,TRUE
Female,Disloyal Customer,61,Business Travel,Business,224,3,3,3,1,5,3,5,5,5,3,4,3,5,3.69,0,0,FALSE
Male,Loyal Customer,50,Business Travel,Eco Plus,1315,3,4,4,4,3,3,3,3,2,4,3,4,3,3.31,2,0,FALSE
Female,Loyal Customer,29,Personal Travel,Eco,874,4,4,4,2,2,4,2,2,4,5,4,5,2,3.38,0,0,TRUE
Female,Loyal Customer,52,Business Travel,Business,2609,2,3,2,2,4,4,5,4,4,4,4,3,5,3.54,2,7,TRUE
Male,Loyal Customer,43,Business Travel,Business,1542,4,4,4,4,4,4,5,5,5,5,5,4,5,4.46,0,3,TRUE
Female,Loyal Customer,65,Personal Travel,Eco,445,2,1,2,2,1,2,2,2,2,2,2,1,1,1.69,3,0,FALSE
Female,Loyal Customer,22,Business Travel,Business,500,1,1,1,1,5,5,5,5,5,4,2,4,5,3.38,0,0,TRUE
Male,Loyal Customer,20,Personal Travel,Business,1102,4,4,3,3,5,3,5,5,1,1,4,3,5,3.54,0,0,TRUE
Female,Loyal Customer,27,Business Travel,Eco,1105,4,3,3,3,4,5,4,4,5,4,5,3,4,3.92,0,0,TRUE
Female,Loyal Customer,43,Business Travel,Business,3487,4,4,4,4,1,3,3,4,4,4,4,1,1,3.15,0,0,FALSE
Male,Loyal Customer,40,Business Travel,Business,1905,1,2,2,2,5,2,2,1,1,1,1,4,2,2,10,14,FALSE
Female,Disloyal Customer,29,Business Travel,Eco,170,2,3,2,3,4,2,1,4,2,3,3,1,4,2.62,0,12,FALSE
Male,Loyal Customer,55,Business Travel,Business,3086,3,3,3,3,2,5,5,4,4,4,4,3,3,3.54,0,0,TRUE
Male,Loyal Customer,36,Business Travel,Eco,2586,4,5,5,5,4,4,4,4,2,3,3,5,4,4,6,0,TRUE
Male,Loyal Customer,37,Business Travel,Business,3987,4,4,4,4,4,4,5,2,2,2,2,5,5,3.62,20,0,TRUE
Female,Loyal Customer,58,Personal Travel,Eco,1475,4,5,4,1,4,3,5,3,3,4,3,3,4,3.54,0,0,FALSE
Male,Loyal Customer,41,Business Travel,Business,3392,3,3,3,3,3,3,4,3,3,3,3,2,3,3,2,17,FALSE
Female,Loyal Customer,11,Personal Travel,Eco,993,3,5,3,2,3,3,3,3,5,2,4,5,3,3.38,0,0,FALSE
Male,Loyal Customer,48,Business Travel,Business,1502,3,5,5,5,5,3,4,3,3,3,3,3,1,3.54,6,2,FALSE
Male,Loyal Customer,11,Personal Travel,Eco,435,2,3,2,4,1,2,1,1,1,1,3,4,1,2,0,0,FALSE
Female,Loyal Customer,29,Business Travel,Eco,607,3,2,2,2,3,3,3,3,3,4,4,3,3,2.92,0,0,FALSE
Male,Loyal Customer,46,Personal Travel,Eco,1337,2,5,2,2,4,2,4,4,4,4,4,4,4,3.46,0,0,FALSE
Female,Loyal Customer,27,Personal Travel,Eco,3784,2,4,2,4,2,2,2,4,5,5,4,2,2,3.08,0,0,FALSE
Female,Loyal Customer,14,Personal Travel,Eco Plus,473,1,4,1,4,5,1,5,5,2,1,4,4,5,3.23,1,0,FALSE
Female,Disloyal Customer,26,Business Travel,Eco,414,3,4,3,3,1,3,1,1,2,1,3,4,1,2.31,43,57,FALSE
Female,Loyal Customer,26,Business Travel,Business,802,4,4,4,4,5,5,5,5,3,2,1,5,5,4,3,0,TRUE
Female,Loyal Customer,14,Personal Travel,Eco,809,4,2,4,4,3,4,3,3,1,5,3,3,3,3.23,13,32,FALSE
Male,Loyal Customer,33,Business Travel,Business,604,5,5,5,5,5,5,5,5,3,2,4,3,5,4.38,1,37,TRUE
Male,Loyal Customer,66,Personal Travel,Eco,642,4,4,3,1,4,3,4,4,5,2,4,4,4,3.54,59,59,FALSE
Female,Loyal Customer,41,Business Travel,Business,3277,3,5,3,3,5,4,4,3,3,3,3,3,5,3.62,87,84,TRUE
Male,Loyal Customer,26,Personal Travel,Eco,507,3,3,3,3,5,3,5,5,3,3,3,1,5,3.46,4,4,FALSE
Female,Loyal Customer,30,Business Travel,Business,1846,4,4,4,4,5,5,5,5,3,4,4,5,5,4.38,0,0,TRUE
Female,Loyal Customer,30,Business Travel,Eco,179,0,0,0,1,5,0,5,5,1,1,1,5,5,2.23,5,15,TRUE
Male,Disloyal Customer,29,Business Travel,Business,1235,4,4,4,4,4,4,2,4,3,5,4,3,4,3.77,0,5,TRUE
Female,Loyal Customer,52,Personal Travel,Eco Plus,2077,2,5,2,5,4,5,5,4,4,2,4,5,5,4,1,0,FALSE
Female,Disloyal Customer,52,Business Travel,Eco,802,3,3,3,2,2,3,2,2,1,1,3,4,2,2.38,18,21,FALSE
Female,Loyal Customer,45,Business Travel,Business,2342,2,2,2,2,2,5,5,5,5,5,5,4,3,3.62,0,0,TRUE
Male,Loyal Customer,57,Personal Travel,Eco,237,3,4,3,3,1,3,1,1,5,2,5,5,1,2.85,0,0,FALSE
Female,Disloyal Customer,22,Business Travel,Business,462,5,0,5,2,1,5,1,1,1,2,1,3,1,2.15,0,0,TRUE
Male,Loyal Customer,31,Business Travel,Business,3964,1,1,1,1,4,4,4,4,3,1,5,5,4,2.92,0,0,TRUE
Female,Disloyal Customer,43,Business Travel,Eco,1013,3,2,2,3,5,3,5,5,4,4,3,4,5,3.69,26,13,FALSE
Female,Loyal Customer,41,Business Travel,Business,675,3,1,3,3,4,4,4,4,4,4,4,3,4,3.46,0,3,TRUE
Female,Loyal Customer,65,Personal Travel,Eco,507,1,5,1,3,3,4,4,5,5,1,5,3,3,3.31,0,18,FALSE
Male,Disloyal Customer,40,Business Travel,Business,888,2,2,2,1,1,2,1,1,4,5,4,3,1,2.23,16,4,FALSE
Female,Loyal Customer,19,Business Travel,Business,228,4,4,4,4,3,4,3,3,1,3,5,5,3,3.54,51,42,TRUE
Male,Loyal Customer,47,Personal Travel,Eco Plus,1616,2,5,2,1,3,2,3,3,3,5,5,5,3,3.23,0,20,FALSE
Female,Loyal Customer,42,Business Travel,Business,1910,3,5,5,5,2,2,1,3,3,4,3,1,4,3.15,22,13,FALSE
Female,Loyal Customer,40,Personal Travel,Eco,1121,3,1,3,3,2,3,5,2,1,5,2,3,2,2.69,27,24,FALSE
Male,Loyal Customer,36,Business Travel,Business,1703,1,5,5,5,3,3,3,3,3,3,1,2,4,3.15,12,6,FALSE
Female,Loyal Customer,63,Personal Travel,Eco,991,5,4,5,1,4,4,5,4,4,5,4,5,5,4.23,0,2,TRUE
Male,Disloyal Customer,39,Business Travel,Eco,507,2,0,2,2,4,2,4,4,4,4,1,2,4,2.69,2,0,FALSE
Female,Loyal Customer,19,Personal Travel,Eco,223,1,2,0,3,5,0,5,5,2,3,2,3,5,2.77,0,2,FALSE
Male,Loyal Customer,53,Business Travel,Business,1379,3,3,3,3,2,4,5,5,5,5,5,5,3,3.92,0,0,TRUE
Male,Loyal Customer,64,Personal Travel,Eco,448,1,5,1,5,5,1,5,5,3,3,4,3,5,3.54,0,3,FALSE
Female,Loyal Customer,48,Business Travel,Eco,364,2,1,2,2,4,3,4,2,2,2,2,4,3,2.54,0,3,FALSE
Female,Loyal Customer,68,Personal Travel,Eco,1249,3,5,3,1,5,5,4,4,4,3,4,3,4,3.69,0,0,FALSE
Male,Disloyal Customer,21,Business Travel,Business,587,5,0,5,4,3,5,3,3,5,3,4,3,3,3.54,0,0,TRUE
Female,Loyal Customer,38,Business Travel,Eco Plus,641,3,2,2,2,3,3,3,3,3,5,3,4,3,3,45,33,FALSE
Female,Loyal Customer,29,Business Travel,Eco,1068,4,2,2,2,4,4,4,4,4,3,3,3,4,3.31,0,0,TRUE
Female,Loyal Customer,33,Personal Travel,Eco,102,3,4,0,4,4,0,4,4,5,1,2,1,4,2.77,0,0,FALSE
Male,Loyal Customer,29,Business Travel,Business,2290,5,5,5,5,4,4,4,4,4,2,5,3,4,4.15,40,37,TRUE
Male,Loyal Customer,16,Personal Travel,Eco,1290,2,5,2,3,1,2,1,1,4,5,3,3,1,2.54,22,0,FALSE
Male,Loyal Customer,60,Personal Travel,Eco,175,3,5,3,4,2,3,1,2,4,4,2,1,2,2.77,2,6,FALSE
Male,Loyal Customer,54,Personal Travel,Eco,735,2,4,2,4,5,2,5,5,3,5,4,3,5,3.77,0,0,FALSE
Female,Loyal Customer,62,Business Travel,Eco,1048,5,4,4,4,3,3,2,4,4,5,4,2,1,3.46,0,0,TRUE
Female,Loyal Customer,46,Business Travel,Eco,273,4,5,5,5,2,2,1,4,4,4,4,1,2,3.31,0,0,TRUE
Female,Loyal Customer,10,Personal Travel,Eco,2367,4,5,4,3,3,4,3,3,3,3,5,5,3,3.69,0,0,FALSE
Female,Loyal Customer,50,Business Travel,Business,3926,5,5,5,5,4,2,2,4,4,5,4,3,1,3.77,0,0,TRUE
Male,Loyal Customer,56,Personal Travel,Eco,1747,3,1,3,4,4,3,4,4,3,5,3,1,4,3.23,20,3,FALSE
Male,Loyal Customer,31,Business Travel,Business,1535,2,1,1,1,2,2,2,2,1,1,4,4,2,1.92,24,6,FALSE
Male,Disloyal Customer,27,Business Travel,Eco,190,3,1,3,3,4,3,5,4,3,3,2,3,4,3.15,47,44,FALSE
Male,Loyal Customer,48,Business Travel,Business,1710,3,3,3,3,4,4,4,2,2,2,2,4,3,3,0,0,TRUE
Male,Loyal Customer,36,Business Travel,Business,758,1,1,1,1,3,3,3,5,5,5,5,5,3,3.15,55,67,TRUE
Female,Loyal Customer,60,Business Travel,Business,3135,4,4,4,4,4,4,4,4,4,4,4,3,4,3.92,0,0,TRUE
Male,Loyal Customer,31,Business Travel,Eco,500,0,0,0,5,1,0,1,1,3,4,2,4,1,1.69,0,0,TRUE
Female,Loyal Customer,40,Personal Travel,Eco,546,2,4,3,2,5,3,5,5,2,4,1,2,5,3.31,33,30,FALSE
Male,Disloyal Customer,20,Business Travel,Eco,862,2,2,2,4,5,2,5,5,1,2,4,4,5,3.31,33,27,FALSE
Female,Loyal Customer,25,Personal Travel,Eco Plus,304,5,4,4,4,5,4,5,5,3,4,4,5,5,4.38,14,4,TRUE
Male,Loyal Customer,21,Personal Travel,Eco,323,3,4,2,3,1,2,4,1,2,3,4,1,1,2.38,0,28,FALSE
Female,Loyal Customer,35,Business Travel,Business,2267,3,2,2,2,5,4,4,3,3,4,3,3,2,3.08,0,0,FALSE
Male,Disloyal Customer,36,Business Travel,Business,1438,4,3,3,2,1,3,1,1,3,3,4,5,1,2.62,0,0,FALSE
Male,Loyal Customer,68,Personal Travel,Eco,2565,1,4,1,3,1,1,1,2,1,3,2,1,1,1.69,8,0,FALSE
Female,Loyal Customer,54,Business Travel,Business,631,5,5,5,5,4,4,4,5,5,5,5,4,4,4.62,0,0,TRUE
Female,Loyal Customer,43,Business Travel,Business,3005,3,3,3,3,1,3,3,4,4,4,4,1,5,3.15,0,0,TRUE
Female,Loyal Customer,37,Personal Travel,Eco,259,4,3,4,2,2,4,2,2,2,2,2,2,2,2.54,0,0,FALSE
Male,Loyal Customer,56,Business Travel,Business,297,0,0,0,1,5,4,5,5,5,5,5,3,5,3.31,0,0,TRUE
Male,Loyal Customer,60,Business Travel,Business,2902,2,2,2,2,3,5,5,5,5,5,5,3,5,3.77,0,0,TRUE
Female,Loyal Customer,77,Business Travel,Business,2556,2,1,5,5,2,2,2,4,5,2,3,2,2,2.85,0,2,FALSE
Male,Loyal Customer,59,Business Travel,Business,2671,2,2,2,2,3,5,5,4,4,4,4,3,5,3.46,0,0,TRUE
Female,Loyal Customer,55,Business Travel,Eco,170,2,2,3,2,5,4,4,1,1,2,1,3,1,2.38,1,20,FALSE
Male,Loyal Customer,15,Business Travel,Business,1931,2,2,2,2,2,2,2,2,3,1,2,3,2,2.08,0,6,FALSE
Female,Loyal Customer,69,Personal Travel,Eco Plus,96,4,4,4,3,1,3,4,3,3,4,3,4,4,3.38,0,0,FALSE
Female,Loyal Customer,41,Business Travel,Business,607,5,5,1,5,5,4,5,4,4,4,4,4,4,4.15,51,41,TRUE
Male,Loyal Customer,69,Personal Travel,Eco,327,3,0,5,3,2,5,2,2,3,3,4,3,2,2.85,0,0,FALSE
Male,Loyal Customer,23,Business Travel,Business,2761,3,4,4,4,3,3,3,2,3,3,3,3,3,3.15,200,204,FALSE
Female,Loyal Customer,34,Personal Travel,Eco,784,2,4,2,4,3,2,3,3,3,5,4,4,3,3.23,0,0,FALSE
Female,Loyal Customer,49,Business Travel,Eco,604,3,4,4,4,3,3,2,4,4,3,4,2,1,3.15,44,16,FALSE
Female,Loyal Customer,45,Business Travel,Business,1620,1,1,2,1,3,5,5,5,5,5,5,3,5,3.54,52,41,TRUE
Male,Loyal Customer,7,Personal Travel,Eco,201,2,4,0,1,3,0,3,3,1,2,1,1,3,1.85,13,10,FALSE
Female,Loyal Customer,34,Personal Travel,Business,214,3,5,3,5,4,4,5,3,3,3,3,5,3,3.77,0,21,FALSE
Male,Loyal Customer,17,Personal Travel,Eco Plus,542,0,2,0,3,5,0,5,5,2,5,2,1,5,2.69,0,0,TRUE
Female,Loyal Customer,41,Personal Travel,Eco,644,2,4,2,3,5,2,5,5,2,3,1,1,5,3.08,0,16,FALSE
Male,Loyal Customer,52,Personal Travel,Eco,530,2,5,3,5,1,3,1,1,3,3,1,1,1,2.31,0,0,FALSE
Female,Loyal Customer,49,Business Travel,Business,266,4,4,4,4,3,5,4,4,4,4,4,3,3,3.85,7,0,TRUE
Female,Loyal Customer,33,Business Travel,Business,2577,2,3,3,3,4,2,2,2,2,2,2,1,2,2.31,10,20,FALSE
Male,Loyal Customer,18,Personal Travel,Eco,328,2,0,2,4,2,2,2,2,3,3,3,4,2,2.38,0,20,FALSE
Male,Loyal Customer,70,Personal Travel,Eco,602,3,4,3,2,4,3,4,4,4,5,4,4,4,3.69,22,14,FALSE
Female,Loyal Customer,40,Business Travel,Eco,334,5,5,5,5,5,4,5,5,4,4,3,3,5,4.46,0,7,FALSE
Female,Loyal Customer,43,Business Travel,Business,1608,4,4,4,4,3,4,5,4,4,4,4,3,5,4,0,2,TRUE
Female,Loyal Customer,61,Business Travel,Business,3519,5,5,5,5,2,4,4,5,5,5,5,4,3,4.38,0,0,TRUE
Female,Loyal Customer,61,Personal Travel,Eco,813,3,2,3,4,1,3,3,5,5,3,5,2,4,3.31,9,23,FALSE
Female,Loyal Customer,56,Business Travel,Business,641,3,3,3,3,4,4,5,4,4,4,4,5,3,3.77,0,0,TRUE
Female,Loyal Customer,48,Business Travel,Business,2734,2,2,2,2,5,3,1,4,4,5,4,1,3,2.92,0,0,TRUE
Male,Loyal Customer,15,Personal Travel,Eco,763,4,4,4,3,5,4,5,5,4,5,5,3,5,4.31,36,61,FALSE
Male,Loyal Customer,21,Business Travel,Eco,689,0,1,1,1,0,1,2,0,2,5,3,2,0,1.38,0,0,FALSE
Male,Loyal Customer,7,Personal Travel,Eco,1037,5,5,5,5,2,5,2,2,5,5,4,5,2,4,0,0,TRUE
Female,Loyal Customer,54,Business Travel,Eco Plus,534,5,3,3,3,2,4,1,5,5,5,5,5,2,3.69,0,0,TRUE
Female,Loyal Customer,16,Personal Travel,Eco,137,3,2,3,3,4,3,4,4,3,4,3,3,4,3.31,128,131,FALSE
Male,Disloyal Customer,40,Business Travel,Business,578,1,1,1,5,2,1,2,2,4,2,5,4,2,2.46,0,0,FALSE
Female,Disloyal Customer,26,Business Travel,Eco,157,3,3,3,4,3,4,4,3,3,3,4,4,4,3.46,165,184,FALSE
Female,Loyal Customer,33,Business Travel,Business,2743,5,5,5,5,5,4,4,5,5,5,5,4,4,4.69,0,0,TRUE
Male,Loyal Customer,29,Business Travel,Business,2540,1,5,5,5,1,1,1,1,3,4,4,3,1,2.69,0,0,FALSE
Male,Loyal Customer,40,Business Travel,Eco Plus,577,2,5,5,5,2,2,2,2,1,2,4,1,2,2.69,5,9,FALSE
Male,Loyal Customer,52,Business Travel,Business,1389,4,2,2,2,1,2,2,4,4,4,4,2,1,2.62,48,19,FALSE
Female,Loyal Customer,49,Business Travel,Business,3904,1,1,1,1,3,5,4,4,4,4,4,4,3,3,0,0,TRUE
Male,Disloyal Customer,21,Business Travel,Eco,462,1,0,1,2,2,1,2,2,2,3,4,3,2,1.92,1,0,FALSE
Male,Loyal Customer,44,Business Travel,Business,3723,1,1,1,1,3,5,4,4,4,4,4,4,4,3.08,20,10,TRUE
Male,Loyal Customer,43,Business Travel,Eco Plus,1400,4,1,1,1,4,4,4,4,3,2,3,2,4,2.85,0,0,FALSE
Male,Loyal Customer,19,Personal Travel,Eco Plus,748,2,4,2,3,3,2,3,3,5,2,4,4,3,3.08,0,0,FALSE
Male,Loyal Customer,31,Personal Travel,Eco,542,3,4,3,5,2,3,2,2,3,2,5,4,2,3.08,0,0,FALSE
Male,Disloyal Customer,22,Business Travel,Eco,588,1,3,1,3,5,1,5,5,1,2,4,1,5,2.85,0,0,FALSE
Female,Loyal Customer,39,Business Travel,Business,628,5,5,5,5,5,5,5,4,4,4,4,3,5,4.54,0,0,TRUE
Male,Disloyal Customer,23,Business Travel,Eco,462,1,0,2,3,2,5,5,3,4,4,5,5,5,3.38,131,138,FALSE
Female,Disloyal Customer,25,Business Travel,Eco Plus,920,4,4,4,3,2,4,4,2,4,4,4,2,2,3.31,56,65,FALSE
Female,Loyal Customer,49,Business Travel,Business,2302,2,1,1,1,4,3,3,2,2,2,2,3,4,2.31,0,0,FALSE
Female,Disloyal Customer,23,Business Travel,Eco,728,1,1,1,3,2,1,4,2,3,5,4,5,2,2.62,0,0,FALSE
Male,Loyal Customer,34,Business Travel,Eco Plus,1276,3,1,1,1,3,3,3,3,4,4,4,3,3,2.77,1,3,FALSE
Female,Loyal Customer,26,Business Travel,Business,2504,4,4,2,4,5,5,5,5,3,3,4,1,5,3.85,0,0,TRUE
Female,Loyal Customer,25,Business Travel,Business,2290,3,2,4,2,3,3,3,3,1,5,4,3,3,3,0,2,FALSE
Male,Disloyal Customer,41,Business Travel,Business,315,5,5,5,5,1,5,2,1,4,4,5,5,1,3.69,0,6,TRUE
Male,Disloyal Customer,37,Business Travel,Business,258,5,5,5,4,3,5,3,3,3,5,4,4,3,4,1,0,TRUE
Male,Disloyal Customer,20,Business Travel,Eco,311,4,3,4,4,2,4,5,2,3,4,4,1,2,3.23,6,9,FALSE
Female,Loyal Customer,53,Business Travel,Business,2257,3,5,5,5,2,3,4,3,3,3,3,2,2,3.31,30,19,FALSE
Female,Loyal Customer,54,Personal Travel,Eco,980,2,4,2,4,3,5,4,3,3,2,3,5,4,3.38,0,0,FALSE
Male,Loyal Customer,42,Business Travel,Eco,416,5,1,1,1,5,5,5,5,4,4,4,1,5,3.54,25,33,TRUE
Male,Loyal Customer,53,Personal Travel,Eco,888,5,5,5,1,5,5,2,5,5,4,4,3,5,4.15,3,1,TRUE
Female,Loyal Customer,37,Business Travel,Business,2428,1,1,1,1,2,5,4,5,5,5,5,5,4,3.38,0,0,TRUE
Male,Loyal Customer,52,Business Travel,Business,912,1,1,1,1,5,4,5,5,5,5,5,3,5,3.54,12,10,TRUE
Female,Loyal Customer,18,Personal Travel,Eco,129,4,2,4,2,3,4,2,3,5,4,5,5,3,3.54,0,0,FALSE
Male,Disloyal Customer,27,Business Travel,Business,395,1,2,2,2,3,2,3,3,5,5,5,3,3,3,0,0,FALSE
Male,Loyal Customer,41,Business Travel,Business,602,2,3,3,3,4,3,4,2,2,2,2,3,2,2.69,12,7,FALSE
Male,Loyal Customer,37,Business Travel,Business,157,3,3,3,3,1,2,5,5,5,5,4,3,2,3.38,0,0,TRUE
Female,Disloyal Customer,45,Business Travel,Business,944,1,1,1,4,2,1,2,2,3,5,5,4,2,2.54,3,6,FALSE
Female,Disloyal Customer,24,Business Travel,Eco,1460,3,3,3,2,5,3,4,5,4,4,2,4,5,3.62,6,6,FALSE
Male,Loyal Customer,19,Personal Travel,Eco,2079,3,4,3,2,1,3,1,1,3,2,4,5,1,2.54,0,0,FALSE
Female,Loyal Customer,39,Business Travel,Business,1050,3,3,3,3,2,5,5,5,5,5,5,3,4,3.92,0,2,TRUE
Female,Loyal Customer,10,Personal Travel,Eco,192,3,5,3,2,2,3,2,2,3,4,5,5,2,3.15,0,0,FALSE
Female,Loyal Customer,24,Business Travel,Business,1290,2,1,1,1,2,2,2,2,3,3,3,2,2,2,2,0,FALSE
Male,Loyal Customer,49,Personal Travel,Eco Plus,667,2,5,2,1,1,2,1,1,4,5,4,4,1,2.54,68,65,FALSE
Male,Loyal Customer,59,Personal Travel,Eco,137,2,4,2,1,5,2,5,5,5,3,4,3,5,3.54,97,97,FALSE
Male,Loyal Customer,56,Personal Travel,Eco,692,3,5,3,3,4,3,5,4,4,5,5,5,4,4.08,0,2,FALSE
Female,Loyal Customer,42,Personal Travel,Eco,502,1,4,1,5,3,5,5,5,5,1,5,4,5,3.77,0,0,FALSE
Female,Loyal Customer,39,Business Travel,Eco,2342,2,4,4,4,2,2,2,2,2,2,2,1,2,2.38,19,12,FALSE
Male,Loyal Customer,60,Business Travel,Business,1562,4,4,4,4,4,4,5,3,3,3,3,4,4,3.77,0,0,TRUE
Female,Loyal Customer,45,Business Travel,Business,550,5,5,4,5,2,5,4,4,4,4,4,5,3,4.15,30,20,TRUE
Female,Disloyal Customer,25,Business Travel,Eco,817,2,2,2,4,4,2,4,4,2,5,4,1,4,3.08,0,0,FALSE
Male,Loyal Customer,56,Business Travel,Business,319,4,4,4,4,4,4,2,5,5,5,5,3,1,3.85,0,0,TRUE
Male,Loyal Customer,31,Personal Travel,Eco,163,2,4,2,3,1,2,1,1,3,2,1,2,1,1.92,0,2,FALSE
Male,Loyal Customer,43,Personal Travel,Eco,246,4,1,4,3,3,4,3,3,4,4,4,4,3,3.38,0,0,FALSE
Male,Loyal Customer,55,Personal Travel,Eco,862,1,4,1,5,1,1,1,1,5,2,4,2,1,2.23,4,7,FALSE
Female,Loyal Customer,34,Business Travel,Business,2961,4,4,4,4,4,4,4,2,2,2,2,5,3,3.38,23,17,TRUE
Female,Disloyal Customer,13,Business Travel,Eco,517,1,4,1,3,4,1,4,4,5,3,4,3,4,3.15,14,25,FALSE
Male,Loyal Customer,60,Business Travel,Business,337,2,2,2,2,2,5,5,4,4,4,4,4,3,3.31,3,0,TRUE
Male,Loyal Customer,39,Business Travel,Eco,551,4,4,4,4,4,4,4,4,2,5,3,1,4,3.62,0,0,FALSE
Male,Loyal Customer,70,Personal Travel,Eco,250,1,4,1,3,2,1,2,2,4,5,4,3,2,2.62,0,0,FALSE
Female,Loyal Customer,26,Business Travel,Eco Plus,846,0,3,0,2,1,0,1,1,5,4,2,3,1,1.77,0,0,TRUE
Male,Loyal Customer,33,Personal Travel,Eco,404,2,5,2,1,3,2,3,3,4,5,4,5,3,3.23,11,4,FALSE
Female,Loyal Customer,55,Personal Travel,Eco,409,4,5,4,1,2,4,5,4,4,4,4,1,4,3.54,48,45,FALSE
Male,Loyal Customer,46,Business Travel,Eco Plus,1400,5,2,2,2,5,5,5,5,1,3,2,2,5,3.38,0,0,TRUE
Male,Loyal Customer,55,Business Travel,Eco Plus,337,3,2,3,3,3,3,3,3,2,4,3,4,3,3,0,0,FALSE
Female,Loyal Customer,56,Personal Travel,Eco,528,3,5,3,4,5,5,2,5,5,3,3,3,2,3.69,0,0,FALSE
Female,Loyal Customer,41,Business Travel,Business,1590,2,2,2,2,4,4,4,1,1,2,1,4,5,2.62,16,9,TRUE
Male,Loyal Customer,26,Personal Travel,Eco,1183,2,4,2,1,4,2,2,4,4,3,4,5,4,3.15,0,0,FALSE
Female,Loyal Customer,40,Personal Travel,Eco,1090,4,1,4,2,4,4,5,4,4,3,2,2,4,3.31,48,59,FALSE
Female,Disloyal Customer,19,Business Travel,Eco,204,4,4,4,3,3,4,3,3,4,2,4,2,3,3.31,0,1,FALSE
Male,Loyal Customer,35,Business Travel,Business,2141,3,4,4,4,5,4,3,3,3,3,3,3,1,3.31,0,0,FALSE
Female,Loyal Customer,28,Business Travel,Business,1721,2,2,2,2,4,4,4,4,4,5,4,4,4,3.46,0,0,TRUE
Female,Loyal Customer,34,Business Travel,Business,2935,3,1,1,1,4,4,4,3,3,3,3,2,2,2.62,0,0,FALSE
Male,Loyal Customer,32,Business Travel,Eco,1119,3,1,1,1,3,3,3,3,3,2,3,4,3,2.54,0,7,FALSE
Female,Loyal Customer,30,Business Travel,Business,1647,5,5,3,5,5,5,5,5,4,5,1,2,5,4.23,97,91,TRUE
Male,Loyal Customer,19,Business Travel,Business,1660,3,2,2,2,3,3,3,3,1,1,3,3,3,2.46,0,0,FALSE
Female,Loyal Customer,29,Personal Travel,Eco,226,4,1,0,2,4,0,4,4,1,2,3,3,4,2.46,0,0,FALSE
Female,Loyal Customer,61,Business Travel,Eco Plus,650,3,1,1,1,4,3,1,3,3,3,3,5,1,2.46,0,0,TRUE
Male,Loyal Customer,45,Business Travel,Eco Plus,1709,3,4,4,4,2,3,2,2,1,1,4,2,2,2.62,3,5,FALSE
Female,Loyal Customer,20,Personal Travel,Eco,861,2,5,2,2,2,2,2,2,5,5,5,4,2,3.08,27,13,FALSE
Female,Loyal Customer,60,Business Travel,Business,3335,1,5,5,5,3,3,4,1,1,1,1,2,3,2.69,0,0,FALSE
Male,Loyal Customer,55,Business Travel,Business,1201,4,4,4,4,4,4,4,1,2,3,3,4,4,3.46,186,180,TRUE
Male,Loyal Customer,31,Business Travel,Business,3418,3,2,2,2,3,3,3,3,3,2,2,4,3,2.69,14,2,FALSE
Female,Loyal Customer,37,Business Travel,Business,564,1,1,1,1,1,4,4,1,1,1,1,4,3,1.85,5,0,FALSE
Female,Loyal Customer,54,Business Travel,Business,510,3,2,2,2,1,3,2,3,3,3,3,4,4,2.69,4,0,FALSE
Female,Loyal Customer,30,Business Travel,Business,2473,0,5,0,3,5,5,5,5,5,3,5,5,5,3.92,0,0,TRUE
Female,Loyal Customer,65,Personal Travel,Eco,296,4,5,4,5,2,4,5,1,1,4,1,5,4,3.46,0,0,FALSE
Female,Loyal Customer,18,Personal Travel,Eco,1050,2,4,2,5,5,2,5,5,4,3,5,4,5,3.92,0,0,FALSE
Male,Loyal Customer,22,Business Travel,Business,1533,3,3,3,3,3,3,3,3,4,2,3,2,3,2.92,0,7,FALSE
Female,Loyal Customer,65,Personal Travel,Eco,997,4,5,4,3,5,5,4,5,5,4,5,4,4,4.38,0,0,FALSE
Male,Loyal Customer,39,Business Travel,Business,3605,1,1,1,1,4,5,4,3,3,3,3,3,3,2.69,0,0,TRUE
Male,Loyal Customer,41,Business Travel,Business,164,5,5,5,5,3,2,4,5,5,5,3,2,2,3.92,0,0,TRUE
Female,Loyal Customer,50,Business Travel,Business,2586,5,5,5,5,4,5,1,5,5,5,5,2,4,4.31,0,0,TRUE
Female,Loyal Customer,55,Business Travel,Eco,355,4,5,5,5,2,2,5,4,4,4,4,1,1,3.54,0,0,TRUE
Female,Loyal Customer,44,Personal Travel,Business,1698,2,3,3,4,1,1,5,4,4,3,4,3,2,3,0,0,FALSE
Female,Loyal Customer,58,Personal Travel,Eco,937,3,3,4,3,1,3,3,3,3,4,3,4,3,3.08,106,102,FALSE
Female,Loyal Customer,46,Business Travel,Eco,1135,3,5,2,5,2,3,3,3,3,3,3,2,4,3.15,0,7,FALSE
Female,Disloyal Customer,27,Business Travel,Eco Plus,488,2,2,2,4,5,2,5,5,5,4,3,1,5,3.46,0,0,FALSE
Female,Disloyal Customer,24,Business Travel,Eco,260,2,2,2,4,2,2,2,2,4,3,4,3,2,2.62,0,6,FALSE
Female,Disloyal Customer,48,Business Travel,Business,295,4,4,4,3,1,4,1,1,5,3,4,4,1,3,24,26,TRUE
Male,Loyal Customer,70,Business Travel,Business,1444,1,3,5,5,2,3,3,1,1,1,1,1,4,2.38,79,65,FALSE
Male,Loyal Customer,57,Business Travel,Business,3490,4,4,4,4,4,1,1,4,4,4,4,3,2,3.31,0,0,TRUE
Male,Loyal Customer,49,Business Travel,Business,1726,5,5,5,5,4,3,4,5,5,5,5,5,5,4.69,0,0,TRUE
Female,Disloyal Customer,23,Business Travel,Eco,1297,1,1,1,3,4,1,4,4,2,1,3,3,4,2.46,0,0,FALSE
Male,Loyal Customer,39,Business Travel,Business,1641,1,1,1,1,4,1,1,5,5,5,5,1,4,2.69,0,0,TRUE
Female,Loyal Customer,52,Personal Travel,Eco,606,3,1,3,3,3,3,4,2,2,3,2,3,1,2.54,69,57,FALSE
Female,Loyal Customer,43,Business Travel,Business,102,2,3,3,3,2,1,1,2,2,2,2,4,4,2.38,0,0,FALSE
Male,Disloyal Customer,40,Business Travel,Eco,665,2,0,2,5,5,2,5,5,4,1,4,3,5,3.31,8,0,FALSE
Female,Loyal Customer,62,Business Travel,Business,300,2,2,2,2,2,1,3,4,4,4,4,1,4,2.69,0,0,TRUE
Male,Loyal Customer,44,Personal Travel,Eco,427,2,1,2,3,1,2,1,1,2,3,2,1,1,1.69,0,0,FALSE
Female,Disloyal Customer,35,Business Travel,Eco,116,2,5,2,3,3,2,3,3,1,4,2,1,3,2.62,0,1,FALSE
Female,Loyal Customer,43,Business Travel,Eco,232,4,2,2,2,3,1,2,4,4,4,4,4,1,2.85,0,0,TRUE
Female,Loyal Customer,15,Personal Travel,Eco,630,2,5,2,3,1,2,1,1,5,5,4,5,1,2.85,0,0,FALSE
Female,Loyal Customer,14,Personal Travel,Eco,1504,2,4,2,3,5,2,5,5,5,4,5,4,5,3.92,0,0,FALSE
Male,Loyal Customer,18,Personal Travel,Business,372,1,3,1,1,3,1,3,3,1,4,4,3,3,2.38,8,1,FALSE
Male,Loyal Customer,25,Personal Travel,Eco,2677,2,3,3,4,3,4,3,1,2,3,4,3,3,2.92,0,0,FALSE
Male,Disloyal Customer,40,Business Travel,Business,158,4,4,4,3,2,4,2,2,4,4,4,4,2,3.31,0,0,TRUE
Male,Loyal Customer,50,Business Travel,Business,2563,5,5,5,5,2,4,5,5,5,5,5,4,5,4.62,0,0,TRUE
Female,Loyal Customer,54,Business Travel,Business,2159,4,4,4,4,2,4,5,4,4,4,4,4,4,3.92,0,0,TRUE
Female,Loyal Customer,56,Personal Travel,Eco Plus,227,2,3,2,1,4,3,5,4,4,2,4,1,4,3,0,17,FALSE
Female,Disloyal Customer,37,Business Travel,Business,280,2,2,2,2,3,2,5,3,3,4,5,4,3,3.08,67,113,FALSE
Male,Loyal Customer,53,Business Travel,Business,3917,3,3,3,3,5,4,3,3,3,3,3,4,4,3.38,0,0,FALSE
Female,Loyal Customer,43,Business Travel,Business,672,4,5,5,5,3,4,4,4,4,4,4,2,4,4,43,29,FALSE
Female,Loyal Customer,23,Personal Travel,Eco Plus,220,0,2,0,1,5,0,5,5,3,3,5,5,5,3,0,2,TRUE
Female,Loyal Customer,39,Personal Travel,Business,395,3,1,3,4,2,4,3,1,1,3,1,2,3,2.38,0,0,FALSE
Male,Loyal Customer,44,Personal Travel,Eco,936,3,4,2,3,5,2,2,5,4,4,4,4,5,3.62,0,0,FALSE
Female,Loyal Customer,48,Business Travel,Business,236,1,1,1,1,3,3,2,5,5,5,5,5,4,3.15,0,0,TRUE
Male,Disloyal Customer,25,Business Travel,Eco,803,4,4,4,4,4,4,4,4,2,3,4,4,4,3.77,0,39,FALSE
Female,Loyal Customer,52,Personal Travel,Eco,319,4,1,4,2,5,3,3,4,4,4,4,4,1,3.31,17,19,FALSE
Male,Loyal Customer,51,Business Travel,Business,899,4,4,4,4,3,4,4,4,4,4,4,5,4,4,0,0,TRUE
Female,Loyal Customer,39,Business Travel,Business,2684,4,4,4,4,4,5,5,3,3,3,3,5,5,4,12,0,TRUE
Male,Loyal Customer,39,Business Travel,Business,3245,1,1,1,1,4,4,5,5,5,5,5,4,5,3.54,0,0,TRUE
Male,Loyal Customer,53,Business Travel,Business,1136,4,4,4,4,5,4,4,5,5,5,5,3,4,4.31,0,2,TRUE
Female,Loyal Customer,20,Personal Travel,Eco Plus,169,2,5,2,3,1,2,1,1,3,3,4,5,1,2.54,0,0,FALSE
Male,Loyal Customer,28,Business Travel,Business,806,2,1,2,2,5,5,5,5,4,5,4,3,5,3.69,0,0,TRUE
Male,Loyal Customer,46,Personal Travel,Eco,909,2,5,2,1,2,2,1,2,5,5,1,3,2,2.54,0,0,FALSE
Female,Loyal Customer,37,Business Travel,Business,545,3,2,2,2,5,3,3,3,3,3,3,3,2,2.85,7,16,FALSE
Female,Loyal Customer,56,Business Travel,Business,991,1,1,1,1,4,4,4,4,4,4,4,5,3,3.08,0,0,TRUE
Female,Loyal Customer,38,Business Travel,Business,2552,5,5,5,5,4,4,5,3,3,3,3,5,5,4.23,0,0,TRUE
Female,Loyal Customer,24,Business Travel,Business,650,5,5,5,5,4,3,4,4,5,4,5,4,4,4.38,0,0,TRUE
Male,Disloyal Customer,54,Business Travel,Eco,151,3,2,3,2,3,3,4,3,1,4,2,1,3,2.62,1,6,FALSE
Male,Disloyal Customer,42,Business Travel,Business,442,4,4,4,1,4,4,4,4,3,5,5,3,4,3.77,1,10,TRUE
Female,Loyal Customer,56,Business Travel,Business,283,4,4,4,4,3,4,5,4,4,5,4,4,5,4.15,0,0,TRUE
Female,Loyal Customer,41,Business Travel,Eco,1532,1,3,3,3,1,1,1,1,4,4,3,2,1,2.15,64,129,FALSE
Male,Loyal Customer,48,Business Travel,Eco,1024,4,3,3,3,4,4,4,4,3,2,1,4,4,3.31,21,17,TRUE
Female,Disloyal Customer,25,Business Travel,Business,925,5,0,5,3,2,5,2,2,5,3,5,4,2,3.31,44,39,TRUE
Female,Loyal Customer,31,Business Travel,Business,3265,5,3,5,5,4,4,4,4,3,3,4,3,4,3.92,0,0,TRUE
Female,Loyal Customer,39,Business Travel,Business,3921,1,2,1,1,4,4,5,4,4,4,4,4,3,3.15,1,0,TRUE
Female,Loyal Customer,41,Personal Travel,Eco,2475,4,3,4,3,1,4,1,1,2,1,4,1,1,2.31,0,0,TRUE
Female,Loyal Customer,25,Business Travel,Eco,1576,4,3,3,3,4,1,4,1,4,2,2,4,4,3,200,188,FALSE
Male,Loyal Customer,33,Business Travel,Eco Plus,153,4,2,1,2,4,4,4,4,2,3,4,3,4,3.15,0,9,FALSE
Male,Loyal Customer,46,Business Travel,Business,1216,4,4,4,4,2,5,5,4,4,4,4,4,4,4,20,18,TRUE
Female,Loyal Customer,43,Personal Travel,Eco,2342,3,5,3,2,3,4,4,3,3,2,5,4,4,3.46,0,0,FALSE
Female,Loyal Customer,50,Personal Travel,Eco,1023,4,0,5,5,5,4,3,4,4,4,5,3,3,3.77,368,350,FALSE
Male,Loyal Customer,56,Business Travel,Business,3352,5,3,5,5,4,5,4,5,5,5,5,3,3,4.38,0,0,TRUE
Male,Disloyal Customer,38,Business Travel,Business,457,5,5,5,1,1,5,1,1,5,3,5,5,1,3.31,31,15,TRUE
Female,Loyal Customer,54,Business Travel,Business,2813,5,5,5,5,5,5,5,4,4,4,4,3,5,4.54,0,4,TRUE
Female,Loyal Customer,60,Personal Travel,Eco,1020,4,4,4,4,1,3,4,5,5,4,2,2,2,3.38,0,0,FALSE
Male,Loyal Customer,47,Business Travel,Business,3219,1,1,1,1,4,5,4,5,5,5,5,4,5,3.54,3,38,TRUE
Male,Loyal Customer,24,Personal Travel,Eco,1300,3,5,3,5,1,3,1,1,4,5,4,5,1,3.15,79,59,FALSE
Female,Disloyal Customer,23,Business Travel,Eco Plus,594,2,0,2,2,1,2,4,1,1,1,4,2,1,1.77,3,0,FALSE
Male,Disloyal Customer,58,Business Travel,Business,337,5,4,4,4,5,5,5,5,4,5,5,5,5,4.69,0,1,TRUE
Female,Loyal Customer,68,Personal Travel,Eco,1995,2,3,2,4,4,3,3,2,2,2,2,2,3,2.62,16,20,FALSE
Male,Loyal Customer,32,Personal Travel,Eco,650,1,1,1,3,4,1,1,4,4,1,2,4,4,2.38,22,,FALSE
Male,Loyal Customer,49,Business Travel,Eco,433,2,2,2,2,2,2,2,2,5,1,1,5,2,2.31,0,0,TRUE
Female,Loyal Customer,46,Personal Travel,Eco,692,3,5,3,4,4,4,4,2,2,3,2,5,5,3.54,0,0,FALSE
Female,Loyal Customer,22,Business Travel,Business,3659,4,4,4,4,4,4,4,4,3,4,2,3,4,3.69,0,0,TRUE
Male,Loyal Customer,41,Business Travel,Business,3199,1,1,1,1,4,5,4,5,5,5,5,5,5,3.62,8,6,TRUE
Female,Loyal Customer,45,Business Travel,Business,2033,2,2,2,2,4,4,5,4,4,4,4,3,4,3.38,44,29,TRUE
Female,Loyal Customer,47,Business Travel,Eco,432,5,5,5,5,5,2,4,5,5,5,5,1,5,4.38,1,0,TRUE
Female,Loyal Customer,45,Business Travel,Business,1440,4,4,4,4,2,5,5,4,4,4,4,3,3,3.85,0,0,TRUE
Female,Loyal Customer,44,Business Travel,Business,2390,2,2,2,2,2,5,4,5,5,5,5,4,4,3.62,0,0,TRUE
Male,Loyal Customer,13,Business Travel,Business,3350,3,3,3,3,5,5,5,5,3,5,4,3,5,4,13,0,TRUE
Female,Disloyal Customer,18,Business Travel,Eco Plus,215,3,5,3,3,1,3,1,1,1,4,1,2,1,2.23,0,0,FALSE
Male,Loyal Customer,11,Personal Travel,Eco,1670,1,0,1,5,4,1,3,4,3,5,5,3,4,3,0,0,FALSE
Female,Loyal Customer,51,Personal Travel,Eco,1165,1,5,2,4,2,3,5,5,5,2,5,4,3,3.54,37,13,FALSE
Female,Loyal Customer,60,Business Travel,Business,3873,5,5,5,5,5,5,5,4,4,4,4,5,3,4.54,61,47,TRUE
Female,Loyal Customer,69,Personal Travel,Business,558,3,4,2,4,3,1,5,5,5,2,5,2,3,3.38,0,0,FALSE
Male,Loyal Customer,9,Personal Travel,Eco,541,1,3,1,1,4,1,4,4,2,4,5,5,4,3,0,0,FALSE
Female,Disloyal Customer,30,Business Travel,Eco,239,3,2,3,3,1,3,1,1,4,5,3,2,1,2.46,0,0,FALSE
Male,Loyal Customer,34,Business Travel,Eco,502,3,2,2,2,3,3,3,3,2,3,3,3,3,2.69,12,0,FALSE
Female,Loyal Customer,51,Personal Travel,Eco,393,5,4,5,1,3,5,5,1,1,5,1,4,4,3.38,0,0,TRUE
Male,Loyal Customer,31,Personal Travel,Eco,596,0,2,0,4,4,0,4,4,1,1,2,4,4,2.31,0,0,TRUE
Female,Loyal Customer,43,Business Travel,Eco,310,5,5,5,5,5,4,5,5,5,5,5,5,1,4.62,7,7,TRUE
Male,Loyal Customer,43,Business Travel,Business,2836,1,1,1,1,3,5,4,5,5,5,5,5,5,3.54,0,0,TRUE
Male,Loyal Customer,70,Personal Travel,Business,432,1,4,1,2,5,2,5,3,3,1,3,1,4,2.69,0,0,FALSE
Male,Loyal Customer,34,Business Travel,Eco Plus,866,4,5,5,5,4,4,4,4,1,2,4,2,4,3.69,0,0,TRUE
Male,Loyal Customer,7,Personal Travel,Eco,373,3,5,4,2,5,4,5,5,3,2,1,3,5,3.62,10,13,FALSE
Male,Loyal Customer,34,Personal Travel,Business,2704,3,4,3,4,2,3,4,1,1,3,1,3,3,2.69,0,0,FALSE
Female,Loyal Customer,12,Personal Travel,Eco,2306,1,5,1,3,1,4,4,3,3,5,4,4,4,3.23,194,205,FALSE
Male,Loyal Customer,22,Business Travel,Business,2635,1,5,5,5,1,1,1,1,1,4,4,1,1,2.38,8,9,FALSE
Male,Loyal Customer,54,Business Travel,Business,3125,4,4,4,4,5,5,4,4,4,4,4,3,4,4.08,65,44,TRUE
Male,Loyal Customer,36,Business Travel,Eco,410,4,1,5,1,4,5,4,4,5,5,4,3,4,3.77,0,0,TRUE
Male,Loyal Customer,61,Personal Travel,Eco,2139,2,4,2,5,3,2,2,3,3,3,5,3,3,3.08,11,0,FALSE
Female,Disloyal Customer,22,Business Travel,Eco,163,3,5,3,4,4,3,4,4,4,2,5,2,4,3.62,0,7,FALSE
Male,Loyal Customer,66,Business Travel,Eco,241,4,1,1,1,4,4,4,4,4,2,3,4,4,3.08,10,0,TRUE
Male,Loyal Customer,51,Personal Travel,Eco,1005,4,4,4,3,5,4,5,5,3,4,1,1,5,3.69,0,0,FALSE
Female,Loyal Customer,63,Personal Travel,Eco,413,4,5,3,3,3,2,2,4,4,5,5,2,2,3.38,123,150,FALSE
Female,Loyal Customer,51,Business Travel,Business,2067,3,5,3,3,5,4,5,4,4,4,4,4,5,4.08,0,0,TRUE
Male,Disloyal Customer,23,Business Travel,Eco,1010,2,3,3,4,2,3,2,2,4,5,5,4,2,3.15,117,94,FALSE
Female,Loyal Customer,12,Personal Travel,Eco,685,3,3,3,4,5,3,5,5,4,1,3,4,5,3.69,0,0,FALSE
Female,Loyal Customer,61,Business Travel,Business,280,1,3,3,3,2,4,3,1,1,1,1,4,2,2.23,9,45,FALSE
Female,Disloyal Customer,21,Business Travel,Business,371,2,2,2,3,1,2,1,1,4,5,3,3,1,2.31,0,0,FALSE
Male,Loyal Customer,51,Business Travel,Eco,1416,5,4,3,4,5,5,5,5,5,5,4,2,5,4.38,0,0,TRUE
Female,Loyal Customer,43,Personal Travel,Eco,621,2,4,2,2,4,3,4,3,3,2,5,4,2,3.08,1,0,FALSE
Female,Loyal Customer,60,Business Travel,Business,2847,5,5,5,5,2,5,5,5,5,5,5,3,3,4.46,0,0,TRUE
Female,Loyal Customer,15,Business Travel,Eco Plus,122,3,1,1,1,3,3,2,3,3,4,2,1,3,2.31,0,0,FALSE
Male,Loyal Customer,39,Business Travel,Business,2901,2,2,2,2,5,5,4,4,4,4,4,4,3,3.46,2,5,TRUE
Female,Disloyal Customer,36,Business Travel,Eco,650,2,4,3,4,5,3,5,5,4,2,3,1,5,3.54,0,0,FALSE
Male,Loyal Customer,14,Personal Travel,Eco,460,2,5,2,2,2,2,2,2,3,3,5,5,2,2.85,13,26,FALSE
Male,Loyal Customer,28,Business Travel,Eco,627,3,1,1,1,3,3,3,3,3,4,2,3,3,2.54,0,6,FALSE
Male,Loyal Customer,43,Business Travel,Business,3351,5,5,3,5,5,4,5,4,4,4,4,5,5,4.46,14,24,TRUE
Male,Loyal Customer,59,Personal Travel,Business,264,3,5,3,4,5,5,1,1,1,3,1,1,2,2.69,0,0,FALSE
Female,Loyal Customer,56,Business Travel,Business,2606,4,4,4,4,4,4,4,3,3,3,3,4,4,3.69,0,0,TRUE
Female,Loyal Customer,57,Business Travel,Business,3521,3,1,3,3,2,4,5,5,5,5,5,3,5,3.77,1,1,TRUE
Male,Loyal Customer,56,Business Travel,Business,3574,4,4,3,4,2,4,5,5,5,5,5,5,5,4.31,0,0,TRUE
Female,Loyal Customer,28,Personal Travel,Eco,859,2,4,2,1,2,2,3,2,3,2,4,4,2,2.54,0,0,FALSE
Female,Loyal Customer,36,Business Travel,Business,304,4,2,2,2,5,3,4,4,4,4,4,3,4,3.46,15,7,FALSE
Female,Loyal Customer,29,Personal Travel,Eco,247,2,3,2,3,1,2,1,1,2,4,4,2,1,2.15,10,20,FALSE
Female,Loyal Customer,35,Personal Travel,Eco Plus,645,1,5,1,2,5,1,5,5,5,2,5,2,5,3.38,0,0,FALSE
Female,Loyal Customer,42,Business Travel,Eco Plus,859,5,3,3,3,4,2,3,4,4,5,4,3,2,3.46,16,55,TRUE
Female,Loyal Customer,48,Business Travel,Business,1448,2,2,2,2,4,4,4,4,4,4,4,4,4,3.38,0,7,TRUE
Female,Loyal Customer,9,Business Travel,Eco,547,2,4,4,4,2,2,3,2,1,5,3,3,2,2.85,13,11,FALSE
Female,Disloyal Customer,22,Business Travel,Eco,268,4,0,4,2,4,4,2,4,4,1,4,1,4,2.92,0,0,FALSE
Male,Loyal Customer,43,Business Travel,Eco,687,4,5,5,5,4,4,4,4,4,1,3,3,4,3.85,0,0,FALSE
Female,Disloyal Customer,24,Business Travel,Eco,822,4,4,4,5,1,4,1,1,3,4,5,5,1,3.23,0,0,TRUE
Male,Loyal Customer,53,Personal Travel,Eco,404,1,2,1,4,4,1,4,4,4,2,3,4,4,2.92,0,0,FALSE
Male,Loyal Customer,50,Business Travel,Business,2272,3,3,2,3,3,4,4,5,5,5,5,5,1,3.69,1,0,TRUE
Female,Loyal Customer,38,Business Travel,Business,3885,4,4,4,4,3,5,5,2,2,2,2,4,3,3.38,0,0,TRUE
Female,Loyal Customer,60,Personal Travel,Eco,409,2,5,4,4,4,4,4,5,5,4,5,5,5,4.31,96,87,FALSE
Female,Loyal Customer,44,Business Travel,Business,414,3,3,3,3,4,4,4,4,4,4,4,5,5,3.85,0,0,TRUE
Male,Loyal Customer,46,Business Travel,Business,1440,5,5,5,5,2,5,4,4,4,4,4,4,5,4.31,4,0,TRUE
Male,Disloyal Customer,39,Business Travel,Business,867,2,2,2,2,5,2,5,5,4,5,5,4,5,3.69,0,0,FALSE
Male,Loyal Customer,37,Personal Travel,Eco,237,2,5,2,5,1,2,1,1,4,4,4,3,1,2.69,0,0,FALSE
Female,Loyal Customer,48,Business Travel,Eco,1047,5,2,2,2,3,1,5,5,5,5,5,2,2,3.38,19,5,TRUE
Male,Loyal Customer,8,Business Travel,Business,1464,5,5,5,5,4,4,4,4,4,3,4,4,4,4.23,0,0,TRUE
Female,Disloyal Customer,24,Business Travel,Eco,1255,2,2,2,3,5,2,5,5,3,1,4,4,5,3.31,0,38,FALSE
Female,Disloyal Customer,37,Business Travel,Eco,152,4,4,4,5,4,4,4,4,4,3,5,5,4,4.15,0,0,FALSE
Male,Disloyal Customer,21,Business Travel,Eco,1149,3,4,4,3,1,4,1,1,2,4,4,2,1,2.62,15,31,FALSE
Male,Disloyal Customer,26,Business Travel,Eco,1235,1,1,1,2,2,1,2,2,2,1,2,4,2,1.77,26,24,FALSE
Male,Loyal Customer,51,Personal Travel,Eco,605,4,5,4,1,2,4,5,2,4,4,5,3,2,3.46,38,31,TRUE
Female,Loyal Customer,25,Personal Travel,Eco,175,1,4,1,4,1,1,1,1,4,4,5,5,1,2.54,0,0,FALSE
Female,Loyal Customer,13,Personal Travel,Eco,813,3,0,4,2,5,4,5,5,3,1,4,1,5,3.23,0,0,FALSE
Male,Loyal Customer,49,Personal Travel,Eco,1068,4,4,4,4,4,4,4,4,1,5,4,4,4,3.85,24,11,FALSE
Female,Loyal Customer,21,Personal Travel,Eco,599,2,4,2,1,1,2,1,1,4,1,1,3,1,1.85,0,0,FALSE
Female,Loyal Customer,27,Business Travel,Eco Plus,1514,1,1,1,1,1,1,1,1,4,5,3,4,1,1.92,0,0,FALSE
Female,Loyal Customer,9,Personal Travel,Eco Plus,374,4,3,4,4,2,4,2,2,2,4,3,1,2,2.85,0,51,FALSE
Female,Loyal Customer,21,Business Travel,Business,3714,2,2,2,2,5,5,5,5,5,2,4,3,5,3.62,0,0,TRUE
Male,Loyal Customer,59,Business Travel,Business,189,2,2,2,2,4,5,4,5,5,4,4,4,5,3.69,3,6,TRUE
Male,Loyal Customer,29,Business Travel,Business,549,5,5,5,5,5,5,5,5,4,4,4,4,5,4.69,0,0,TRUE
Male,Loyal Customer,45,Personal Travel,Business,762,4,3,4,3,2,4,3,3,3,4,1,1,1,2.77,0,3,FALSE
Male,Disloyal Customer,38,Business Travel,Eco,404,4,0,5,4,3,5,2,3,3,2,3,1,3,2.92,0,0,FALSE
Male,Loyal Customer,13,Personal Travel,Eco,451,3,4,4,3,5,4,5,5,3,5,4,4,5,4.15,60,50,FALSE
Female,Loyal Customer,24,Business Travel,Business,399,1,1,1,1,5,5,5,5,2,1,3,2,5,2.85,0,0,TRUE
Female,Loyal Customer,42,Business Travel,Business,2860,3,3,4,3,5,5,4,5,5,5,5,3,3,4.08,0,0,TRUE
Female,Loyal Customer,35,Business Travel,Eco,1500,3,1,5,1,3,3,3,3,4,5,3,1,3,2.92,0,0,FALSE
Male,Loyal Customer,21,Personal Travel,Eco,163,2,5,2,5,3,2,3,3,5,3,5,4,3,3.46,0,0,FALSE
Male,Loyal Customer,41,Business Travel,Eco,459,3,3,3,3,3,3,3,3,1,5,4,1,3,2.92,7,0,TRUE
Male,Loyal Customer,45,Personal Travel,Eco,626,3,3,3,2,2,3,2,2,5,3,4,2,2,2.77,0,0,FALSE
Male,Loyal Customer,54,Business Travel,Eco,488,4,4,4,4,4,4,4,4,1,1,1,4,4,3.31,72,67,FALSE
Male,Disloyal Customer,22,Business Travel,Business,1009,4,0,4,3,2,4,2,2,4,3,5,4,2,3,50,34,TRUE
Male,Loyal Customer,58,Business Travel,Eco,377,3,1,1,1,3,3,3,3,3,1,3,1,3,2.23,67,96,FALSE
Male,Loyal Customer,52,Business Travel,Business,2646,2,2,2,2,5,4,5,3,3,3,3,4,5,3.31,0,0,TRUE
Female,Loyal Customer,23,Business Travel,Business,829,2,2,2,2,4,4,4,4,4,3,4,5,4,3.38,4,1,TRUE
Male,Loyal Customer,48,Business Travel,Eco,374,4,3,3,3,4,4,4,4,3,1,3,2,4,3.23,0,0,TRUE
Female,Loyal Customer,35,Business Travel,Business,1773,2,2,2,2,5,4,3,2,2,2,2,1,2,2.38,0,0,FALSE
Female,Loyal Customer,54,Business Travel,Eco,670,2,5,5,5,1,4,3,2,2,2,2,1,1,2.69,0,0,FALSE
Female,Loyal Customer,23,Business Travel,Business,89,3,2,3,2,3,3,3,3,4,2,3,4,3,2.92,0,0,FALSE
Male,Loyal Customer,30,Personal Travel,Eco,1050,1,4,1,2,1,1,1,1,4,4,5,4,1,2.31,22,0,FALSE
Female,Disloyal Customer,40,Business Travel,Business,261,3,2,2,1,2,2,2,2,3,3,4,1,2,2.23,0,11,FALSE
Male,Loyal Customer,58,Personal Travel,Eco,102,3,3,3,4,1,3,1,1,2,5,3,3,1,2.54,0,0,FALSE
Female,Disloyal Customer,49,Business Travel,Business,1299,4,4,4,4,4,4,4,4,3,4,5,5,4,4.08,0,0,TRUE
Female,Loyal Customer,55,Personal Travel,Eco,153,4,2,4,3,1,4,4,5,5,4,5,3,4,3.69,0,0,FALSE
Female,Loyal Customer,40,Business Travel,Business,2875,3,3,3,3,5,4,5,5,5,5,4,5,5,4.23,0,0,TRUE
Female,Loyal Customer,15,Personal Travel,Eco,562,3,4,3,3,5,3,5,5,3,4,3,1,5,3.62,0,0,FALSE
Female,Loyal Customer,49,Business Travel,Eco Plus,481,4,5,5,5,4,3,4,4,4,4,4,1,4,3.92,0,0,FALSE
Male,Loyal Customer,54,Business Travel,Business,1615,2,2,2,2,5,5,5,4,4,5,4,4,4,3.69,0,4,TRUE
Female,Disloyal Customer,32,Business Travel,Business,173,4,4,4,3,4,4,5,4,4,1,4,4,4,3.77,0,5,FALSE
Male,Loyal Customer,51,Business Travel,Eco,95,3,1,1,1,3,3,3,3,2,3,2,2,3,2.31,0,0,FALSE
Female,Loyal Customer,46,Business Travel,Business,1500,3,3,3,3,3,4,4,5,5,5,5,3,3,3.77,4,0,TRUE
Male,Loyal Customer,51,Business Travel,Business,2064,3,3,3,3,3,3,1,5,5,5,5,5,4,3.69,0,10,TRUE
Male,Loyal Customer,29,Business Travel,Eco Plus,2446,4,4,4,4,4,4,4,1,4,3,3,4,4,3.62,0,4,TRUE
Female,Loyal Customer,26,Personal Travel,Eco,919,1,4,1,4,5,1,5,5,4,4,5,3,5,3.62,3,13,FALSE
Male,Loyal Customer,30,Business Travel,Business,280,3,3,3,3,5,5,5,5,4,3,5,3,5,4,0,0,TRUE
Male,Loyal Customer,34,Business Travel,Business,134,4,1,1,1,5,3,3,5,5,4,4,3,4,3.31,0,0,FALSE
Female,Loyal Customer,30,Business Travel,Business,3711,5,5,5,5,4,3,4,4,5,2,4,3,4,4.08,0,0,TRUE
Male,Loyal Customer,55,Business Travel,Business,3005,2,2,2,2,2,5,5,4,4,5,4,3,5,3.46,0,10,TRUE
Male,Loyal Customer,29,Business Travel,Business,965,4,4,4,4,5,5,5,5,5,3,4,5,5,4.46,3,0,TRUE
Female,Loyal Customer,52,Business Travel,Business,651,2,2,2,2,5,5,5,5,5,5,5,3,4,3.85,0,0,TRUE
Male,Loyal Customer,39,Business Travel,Business,621,4,4,4,4,4,5,5,4,4,5,4,5,5,4.38,0,0,TRUE
Male,Loyal Customer,48,Business Travel,Business,3203,2,2,2,2,3,5,5,5,5,5,5,4,3,3.69,9,0,TRUE
Female,Loyal Customer,58,Business Travel,Eco,201,5,5,5,5,2,4,1,5,5,5,5,2,4,4.08,0,0,TRUE
Male,Disloyal Customer,37,Business Travel,Eco,432,2,5,2,1,1,2,1,1,1,1,1,2,1,1.62,10,0,FALSE
Female,Loyal Customer,51,Business Travel,Business,2481,2,2,2,2,5,5,1,4,4,4,4,5,1,3.15,1,3,TRUE
Female,Disloyal Customer,39,Business Travel,Eco,280,2,4,2,2,2,2,2,2,1,3,3,1,2,2.15,9,0,FALSE
Male,Loyal Customer,23,Personal Travel,Eco,296,2,5,2,4,1,2,1,1,3,3,5,3,1,2.54,18,5,FALSE
Female,Loyal Customer,60,Personal Travel,Eco,1036,3,5,3,1,2,4,4,4,4,3,4,4,5,3.54,7,0,FALSE
Male,Disloyal Customer,39,Business Travel,Eco,337,2,0,2,3,4,2,4,4,1,4,5,3,4,2.92,0,0,FALSE
Male,Loyal Customer,38,Business Travel,Business,189,3,2,2,2,2,4,3,1,1,2,3,3,1,2.23,4,8,FALSE
Male,Loyal Customer,28,Business Travel,Business,591,4,4,4,4,4,4,4,4,4,5,5,4,4,4.15,12,6,TRUE
Female,Loyal Customer,41,Business Travel,Business,3046,3,3,3,3,2,3,5,4,4,4,4,1,1,3.08,20,20,TRUE
Male,Loyal Customer,46,Business Travel,Business,680,4,4,4,4,3,5,4,5,5,5,5,5,4,4.38,0,0,TRUE
Female,Loyal Customer,59,Business Travel,Eco,825,1,4,4,4,3,2,2,1,1,1,1,2,2,2.15,27,4,FALSE
Female,Loyal Customer,18,Personal Travel,Eco,271,3,4,3,2,2,3,3,2,3,4,5,5,2,3.15,0,2,FALSE
Female,Loyal Customer,71,Business Travel,Eco,226,1,1,1,1,3,3,4,1,1,1,1,3,3,1.85,0,0,FALSE
Male,Loyal Customer,40,Business Travel,Eco Plus,483,3,3,3,3,3,3,3,3,1,4,3,2,3,2.85,0,0,FALSE
Male,Loyal Customer,38,Business Travel,Business,347,3,3,3,3,3,1,5,5,5,5,5,5,5,3.92,0,0,TRUE
Male,Loyal Customer,55,Personal Travel,Eco,1050,5,5,5,4,4,5,4,4,3,5,5,4,4,4.38,0,0,TRUE
Female,Loyal Customer,27,Business Travel,Eco,1197,5,4,4,4,5,5,5,5,2,4,5,2,5,4.23,1,0,TRUE
Female,Loyal Customer,8,Personal Travel,Eco,328,2,2,2,3,3,2,3,3,4,2,3,3,3,2.69,0,0,FALSE
Female,Disloyal Customer,23,Business Travel,Eco,184,2,2,2,3,4,2,4,4,3,4,4,2,4,3.08,0,0,FALSE
Female,Disloyal Customer,24,Business Travel,Eco,1416,2,2,2,3,1,2,1,1,4,5,5,4,1,2.54,1,18,FALSE
Female,Loyal Customer,43,Business Travel,Business,1500,5,5,5,5,4,4,5,5,5,5,5,5,4,4.77,10,0,TRUE
Male,Loyal Customer,28,Business Travel,Business,1504,4,4,4,4,4,4,4,4,5,5,4,4,4,4.15,0,0,TRUE
Male,Disloyal Customer,22,Business Travel,Eco,670,3,3,3,4,1,3,1,1,2,5,3,1,1,2.38,15,0,FALSE
Male,Loyal Customer,23,Personal Travel,Eco,2704,1,1,1,3,2,1,2,2,1,3,4,4,2,2.08,0,,FALSE
Female,Loyal Customer,47,Business Travel,Eco Plus,814,4,3,5,5,3,4,1,4,4,4,4,4,2,3.62,0,0,TRUE
Female,Loyal Customer,28,Business Travel,Business,2129,2,2,2,2,4,3,3,5,5,4,5,3,3,3.31,139,123,TRUE
Male,Loyal Customer,22,Business Travel,Business,677,4,4,4,4,5,5,5,5,1,2,2,5,5,3.92,0,0,TRUE
Female,Disloyal Customer,26,Business Travel,Eco,107,1,2,1,4,3,1,3,3,4,5,3,2,3,2.69,82,69,FALSE
Male,Loyal Customer,37,Business Travel,Business,1734,4,4,4,4,5,4,5,5,5,5,5,5,5,4.62,0,0,TRUE
Male,Loyal Customer,41,Business Travel,Eco,836,5,1,1,1,5,5,5,5,5,1,2,5,5,3.54,0,0,TRUE
Male,Loyal Customer,48,Personal Travel,Eco Plus,581,2,4,2,2,1,2,1,1,3,5,4,3,1,2.38,0,0,FALSE
Female,Loyal Customer,55,Business Travel,Business,3360,2,2,2,2,2,4,1,5,5,5,5,5,3,3.31,8,0,TRUE
Female,Loyal Customer,69,Personal Travel,Eco,948,2,0,3,1,2,3,4,5,5,3,5,2,4,3,31,8,FALSE
Male,Loyal Customer,26,Business Travel,Eco,522,0,5,0,4,2,0,3,2,4,3,2,1,2,2.15,0,0,TRUE
Male,Loyal Customer,60,Business Travel,Business,2844,2,2,2,2,5,5,4,5,5,5,5,5,4,3.92,0,0,TRUE
Female,Loyal Customer,44,Business Travel,Business,1034,1,1,1,1,3,3,1,4,4,4,4,4,2,2.54,0,0,TRUE
Female,Loyal Customer,57,Business Travel,Business,1956,1,3,3,3,1,4,3,1,1,1,1,1,4,2.08,0,0,FALSE
Male,Disloyal Customer,38,Business Travel,Eco,296,3,0,3,4,2,3,3,2,5,1,3,5,2,2.77,0,0,FALSE
Female,Loyal Customer,56,Business Travel,Eco,199,5,2,2,2,1,2,1,5,5,5,5,3,5,3.31,0,0,TRUE
Male,Loyal Customer,56,Personal Travel,Eco,1371,2,5,2,4,1,2,5,1,3,5,4,3,1,2.92,0,0,FALSE
Female,Loyal Customer,17,Personal Travel,Eco,251,2,5,2,5,3,2,3,3,3,4,5,5,3,3.46,0,0,FALSE
Female,Loyal Customer,43,Business Travel,Business,1528,2,2,5,2,3,5,5,5,5,5,5,4,4,4,0,0,TRUE
Female,Disloyal Customer,22,Business Travel,Business,304,5,4,4,1,4,4,4,4,5,2,5,4,4,3.85,0,0,TRUE
Female,Loyal Customer,48,Personal Travel,Eco Plus,67,1,5,1,2,4,5,5,3,3,1,3,1,4,2.92,0,0,FALSE
Female,Loyal Customer,41,Business Travel,Business,3457,5,5,5,5,5,4,4,5,5,5,5,4,5,4.77,0,0,TRUE
Male,Loyal Customer,39,Personal Travel,Eco,657,4,4,3,2,3,3,3,3,3,5,5,3,3,3.38,0,0,TRUE
Male,Loyal Customer,19,Personal Travel,Eco,1744,1,0,1,3,1,1,1,1,2,3,4,2,1,1.62,1,0,FALSE
Male,Loyal Customer,46,Personal Travel,Eco,1076,1,5,1,3,5,1,5,5,4,5,4,3,5,3.62,20,18,FALSE
Male,Loyal Customer,33,Business Travel,Business,2361,4,4,5,4,4,4,4,4,2,3,2,2,4,3.54,8,10,FALSE
Female,Loyal Customer,54,Business Travel,Business,373,3,3,3,3,5,5,5,4,4,4,4,4,4,3.92,0,0,TRUE
Male,Loyal Customer,27,Business Travel,Eco,1589,2,5,5,5,2,2,2,2,3,1,4,4,2,3,29,7,FALSE
Male,Disloyal Customer,26,Business Travel,Business,361,5,1,5,4,5,5,5,5,4,3,4,3,5,4.15,0,0,TRUE
Male,Loyal Customer,36,Business Travel,Business,1404,2,2,5,2,5,1,3,2,2,2,2,3,2,2.54,0,12,TRUE
Female,Loyal Customer,42,Business Travel,Business,238,0,0,0,5,4,3,5,1,1,1,1,5,4,2.31,22,18,TRUE
Male,Loyal Customer,40,Personal Travel,Eco,631,4,5,4,3,2,4,2,2,5,3,5,3,2,3.38,0,0,TRUE
Male,Loyal Customer,57,Business Travel,Eco,290,4,5,5,5,4,4,4,4,3,5,4,3,4,4.15,2,0,TRUE
Female,Loyal Customer,37,Business Travel,Eco,2611,3,4,4,4,4,3,3,3,3,5,5,3,3,3.62,1,0,TRUE
Female,Disloyal Customer,23,Business Travel,Eco,759,2,2,2,3,3,2,3,3,1,3,2,4,3,2.54,26,22,FALSE
Female,Disloyal Customer,35,Business Travel,Business,1754,2,2,2,1,1,2,1,1,3,2,4,5,1,2.08,0,0,FALSE
Female,Disloyal Customer,38,Business Travel,Business,250,5,5,5,3,2,5,2,2,4,2,5,3,2,3.46,0,0,TRUE
Male,Loyal Customer,56,Personal Travel,Eco,1171,2,4,2,3,4,2,4,4,5,3,3,4,4,3.38,1,0,FALSE
Male,Loyal Customer,34,Business Travel,Eco Plus,1023,3,3,3,3,4,3,3,4,1,1,2,3,3,2.77,150,190,TRUE
Female,Loyal Customer,48,Personal Travel,Eco,834,2,5,2,5,5,4,4,3,3,2,1,4,4,3.38,21,5,FALSE
Female,Loyal Customer,48,Personal Travel,Eco,867,3,3,3,3,1,3,3,3,3,3,3,1,4,2.77,0,2,FALSE
Male,Loyal Customer,54,Personal Travel,Eco,406,1,5,1,4,5,1,5,5,5,3,4,2,5,3.54,0,0,FALSE
Female,Loyal Customer,27,Personal Travel,Eco,666,2,5,2,4,1,2,1,1,1,1,3,4,1,2.15,0,0,FALSE
Male,Loyal Customer,39,Business Travel,Business,2153,1,1,1,1,5,5,5,4,4,4,4,4,4,3.31,0,0,TRUE
Male,Loyal Customer,57,Business Travel,Business,135,3,3,3,3,4,4,4,5,5,5,4,4,3,3.85,33,30,TRUE
Female,Loyal Customer,60,Personal Travel,Eco,447,4,4,4,3,5,5,4,4,4,4,4,3,4,4,0,0,FALSE
Male,Loyal Customer,63,Business Travel,Business,2751,3,3,3,3,4,5,4,4,4,3,4,3,5,3.69,13,5,TRUE
Male,Loyal Customer,47,Business Travel,Business,2194,2,2,2,2,3,4,4,5,5,5,5,3,4,3.54,4,0,TRUE
Male,Loyal Customer,39,Personal Travel,Eco,2521,3,4,3,2,1,3,1,1,5,4,5,3,1,2.77,0,0,FALSE
Female,Loyal Customer,35,Business Travel,Eco Plus,1620,4,5,1,1,4,3,4,4,3,1,3,2,4,3,0,0,FALSE
Male,Loyal Customer,38,Business Travel,Eco Plus,86,4,3,3,3,4,4,4,4,5,2,5,3,4,3.69,69,87,TRUE
Female,Loyal Customer,52,Business Travel,Eco,325,4,1,1,1,4,4,4,3,2,4,4,4,4,3.08,152,181,FALSE
Male,Loyal Customer,40,Personal Travel,Eco,86,2,4,0,3,3,0,3,3,4,2,4,3,3,2.62,0,0,FALSE
Female,Disloyal Customer,27,Business Travel,Business,366,4,4,4,2,1,4,1,1,4,4,4,5,1,3,0,2,TRUE
Male,Disloyal Customer,19,Business Travel,Eco,829,3,3,3,3,4,3,5,4,2,5,5,3,4,3.62,7,0,FALSE
Female,Loyal Customer,10,Personal Travel,Eco,261,2,4,2,1,2,2,2,2,1,4,3,5,2,2.46,0,0,FALSE
Male,Disloyal Customer,18,Business Travel,Business,2300,5,0,5,4,5,5,5,5,3,4,4,5,5,4.23,1,0,TRUE
Female,Loyal Customer,70,Personal Travel,Eco,602,2,5,2,2,5,5,4,1,1,2,1,5,5,3.08,0,2,FALSE
Male,Loyal Customer,34,Business Travel,Business,421,5,5,5,5,2,4,3,5,5,4,5,2,4,4.15,63,59,TRUE
Female,Loyal Customer,41,Business Travel,Business,733,1,1,4,1,2,4,4,5,5,5,5,5,5,3.62,85,90,TRUE
Female,Loyal Customer,49,Personal Travel,Eco,1262,2,4,3,2,5,4,5,4,4,3,4,5,4,3.77,0,0,FALSE
Male,Loyal Customer,40,Business Travel,Eco,1008,5,3,3,3,5,5,5,5,3,2,5,3,5,4,28,38,TRUE
Male,Loyal Customer,55,Business Travel,Business,2845,5,5,5,5,2,2,2,3,3,4,5,2,2,3.46,0,0,TRUE
Female,Loyal Customer,35,Business Travel,Eco,311,2,3,3,3,2,2,2,2,1,5,1,3,2,2.38,93,93,FALSE
Male,Loyal Customer,20,Personal Travel,Eco,232,1,4,1,1,4,1,1,4,4,3,4,3,4,2.69,0,0,FALSE
Female,Loyal Customer,58,Business Travel,Business,2336,5,5,5,5,3,4,4,4,4,4,5,4,4,4.31,0,0,TRUE
Male,Loyal Customer,57,Business Travel,Business,2604,3,2,2,2,2,4,3,3,3,2,3,1,1,2.38,0,0,FALSE
Female,Loyal Customer,65,Personal Travel,Eco,946,1,5,1,3,3,4,5,5,5,1,1,3,2,3,68,64,FALSE
Male,Loyal Customer,49,Business Travel,Eco,1105,5,4,4,4,5,5,5,5,2,1,3,4,5,4,0,0,TRUE
Female,Loyal Customer,59,Personal Travel,Eco,1389,2,4,2,3,5,4,3,2,2,2,2,2,4,2.85,0,0,FALSE
Female,Loyal Customer,57,Personal Travel,Eco,692,3,2,3,3,2,4,3,3,3,3,1,2,1,2.54,0,0,FALSE
Male,Loyal Customer,28,Personal Travel,Eco,591,3,5,3,2,4,3,3,4,4,2,5,4,4,3.54,0,16,FALSE
Female,Disloyal Customer,34,Business Travel,Eco,268,4,5,4,3,4,4,4,4,4,1,5,3,4,3.77,0,0,FALSE
Male,Loyal Customer,13,Personal Travel,Eco,997,2,1,2,2,1,2,1,1,3,3,2,2,1,1.77,96,,FALSE
Male,Disloyal Customer,9,Business Travel,Eco,1671,1,1,1,3,4,1,4,4,1,1,1,4,4,2.31,39,27,FALSE
Male,Loyal Customer,10,Personal Travel,Eco,489,2,5,2,4,1,2,1,1,4,2,4,3,1,2.46,0,0,FALSE
Female,Loyal Customer,69,Personal Travel,Eco,1034,3,4,2,3,4,5,5,4,4,2,4,3,3,3.54,65,33,FALSE
Female,Loyal Customer,55,Business Travel,Business,2291,4,4,4,4,4,4,4,4,4,5,5,4,3,4.08,0,0,TRUE
Male,Loyal Customer,10,Personal Travel,Eco,529,4,3,4,4,3,4,3,3,3,3,3,2,3,3.23,34,27,FALSE
Male,Disloyal Customer,18,Business Travel,Eco,373,4,2,4,4,2,4,2,2,1,5,3,3,2,2.92,0,0,FALSE
Male,Loyal Customer,19,Personal Travel,Eco Plus,888,3,4,4,3,3,4,1,3,5,3,4,5,3,3.46,0,5,FALSE
Male,Disloyal Customer,21,Business Travel,Eco,1303,3,3,3,3,5,3,5,5,1,5,3,4,5,3.69,63,70,FALSE
Female,Loyal Customer,51,Personal Travel,Eco,409,2,3,3,4,4,2,2,1,1,3,1,5,1,2.46,2,3,FALSE
Male,Loyal Customer,46,Business Travel,Business,2975,2,3,3,3,5,4,3,2,2,2,2,4,1,2.77,0,0,FALSE
Female,Loyal Customer,44,Business Travel,Eco,399,4,3,3,3,4,4,5,4,4,4,4,1,3,3.54,6,15,TRUE
Male,Loyal Customer,18,Personal Travel,Eco,862,2,5,2,4,3,2,3,3,3,3,5,4,3,3.23,2,0,FALSE
Female,Loyal Customer,58,Business Travel,Business,432,4,4,4,4,5,4,5,4,4,4,4,3,4,4.08,0,0,TRUE
Female,Loyal Customer,57,Business Travel,Business,3755,2,3,3,3,4,2,2,2,2,2,2,4,3,2.62,0,21,FALSE
Female,Disloyal Customer,26,Business Travel,Business,431,3,0,3,1,3,3,1,3,3,5,4,5,3,2.85,17,12,FALSE
Male,Loyal Customer,66,Personal Travel,Eco,266,2,5,2,4,2,2,2,2,5,4,4,4,2,3.08,0,0,FALSE
Female,Loyal Customer,20,Personal Travel,Eco Plus,1521,2,4,3,3,1,3,3,1,4,3,4,3,1,2.69,0,0,FALSE
Male,Loyal Customer,59,Business Travel,Business,517,5,4,5,5,5,5,5,5,5,5,5,4,3,4.69,0,0,TRUE
Female,Loyal Customer,56,Business Travel,Business,224,3,3,3,3,5,4,5,5,5,5,5,3,5,4.15,0,0,TRUE
Male,Disloyal Customer,24,Business Travel,Eco,332,0,0,0,1,3,0,3,3,3,4,2,2,3,1.85,0,0,TRUE
Female,Loyal Customer,47,Business Travel,Business,2704,4,4,4,4,3,3,4,4,4,4,4,5,5,4,11,3,TRUE
Male,Loyal Customer,43,Business Travel,Business,3879,2,5,2,5,5,3,4,2,2,2,2,1,1,2.77,7,0,FALSE
Female,Disloyal Customer,26,Business Travel,Business,296,3,0,3,3,3,3,3,3,5,3,4,3,3,3,0,14,FALSE
Male,Loyal Customer,44,Personal Travel,Eco,1097,3,4,3,4,4,3,5,4,1,3,3,4,4,3.46,74,81,FALSE
Male,Loyal Customer,8,Personal Travel,Eco,1107,3,3,3,1,5,3,4,5,2,1,5,4,5,3.38,0,0,FALSE
Female,Disloyal Customer,26,Business Travel,Eco,759,5,4,4,1,2,4,2,2,4,3,4,4,2,3.15,0,0,TRUE
Male,Disloyal Customer,30,Business Travel,Eco,383,2,0,2,3,5,2,5,5,3,2,1,1,5,2.77,0,0,FALSE
Female,Loyal Customer,12,Personal Travel,Eco,192,2,4,0,1,0,2,3,4,5,5,4,3,3,2.77,197,197,FALSE
Male,Disloyal Customer,23,Business Travel,Eco,369,2,2,2,3,2,2,2,2,4,4,4,4,2,2.69,11,1,FALSE
Male,Disloyal Customer,18,Business Travel,Business,1188,4,5,4,3,1,4,1,1,5,5,2,1,1,2.85,5,9,TRUE
Female,Loyal Customer,45,Business Travel,Business,1090,2,2,2,2,5,5,5,5,5,5,5,5,5,4.08,10,4,TRUE
Male,Loyal Customer,50,Business Travel,Business,651,2,2,2,2,5,4,4,4,4,4,4,3,5,3.46,33,19,TRUE
Male,Loyal Customer,39,Personal Travel,Eco,569,1,5,1,1,1,1,1,1,3,5,5,3,1,2.23,0,0,FALSE
Female,Loyal Customer,58,Business Travel,Business,3391,1,1,1,1,4,4,4,4,4,4,4,5,4,3.15,1,0,TRUE
Female,Disloyal Customer,30,Business Travel,Eco,954,2,2,2,3,4,2,4,4,1,5,4,4,4,3.15,0,0,FALSE
Male,Loyal Customer,56,Business Travel,Business,2402,1,1,1,1,2,4,5,5,5,5,5,4,4,3.31,0,31,TRUE
Male,Loyal Customer,15,Personal Travel,Eco Plus,925,4,4,5,4,1,5,1,1,3,5,5,3,1,3.23,111,109,FALSE
Male,Loyal Customer,40,Business Travel,Business,1195,3,3,3,3,2,3,4,3,3,2,3,4,3,3,64,50,FALSE
Male,Loyal Customer,7,Personal Travel,Eco,240,4,5,4,4,5,4,5,5,3,4,5,4,5,4.38,0,9,FALSE
Male,Disloyal Customer,29,Business Travel,Eco,937,2,2,2,3,3,2,3,3,4,3,3,3,3,2.77,70,48,FALSE
Female,Disloyal Customer,39,Business Travel,Business,255,2,2,2,4,2,2,2,2,5,5,4,3,2,2.85,0,0,FALSE
Female,Disloyal Customer,27,Business Travel,Eco,333,3,4,3,4,4,3,4,4,2,2,3,1,4,3.15,7,9,FALSE
Male,Loyal Customer,60,Business Travel,Business,216,0,4,0,4,4,4,4,5,5,1,1,5,3,3.08,4,1,TRUE
Male,Loyal Customer,52,Business Travel,Business,419,3,3,3,3,3,5,2,5,5,5,5,3,4,3.77,0,0,TRUE
Male,Loyal Customer,61,Personal Travel,Eco,134,4,0,4,3,5,4,5,5,2,4,4,3,5,3.69,0,1,FALSE
Male,Loyal Customer,50,Business Travel,Business,1222,4,4,4,4,5,4,4,4,4,4,4,4,4,4.08,0,0,TRUE
Female,Loyal Customer,35,Business Travel,Business,2076,2,4,4,4,4,3,4,2,2,2,2,3,3,3,1,2,FALSE
Male,Loyal Customer,36,Business Travel,Eco,693,1,3,3,3,1,1,1,1,3,3,2,4,1,2.08,5,10,FALSE
Male,Loyal Customer,57,Business Travel,Business,2288,5,5,5,5,3,3,4,5,5,5,5,5,4,4.54,0,0,TRUE
Male,Disloyal Customer,26,Business Travel,Business,1127,5,5,5,4,1,5,1,1,5,5,5,3,1,3.54,11,0,TRUE
Female,Disloyal Customer,40,Business Travel,Business,142,4,4,4,3,2,4,2,2,2,3,2,3,2,2.85,0,0,FALSE
Female,Disloyal Customer,38,Business Travel,Business,417,5,5,5,5,2,5,2,2,4,5,4,4,2,3.85,0,0,TRUE
Female,Disloyal Customer,28,Business Travel,Eco,1024,3,3,3,3,1,3,1,1,1,3,3,4,1,2.31,0,0,FALSE
Female,Disloyal Customer,37,Business Travel,Eco,191,5,5,5,2,4,5,4,4,4,4,4,2,4,4,0,0,TRUE
Male,Loyal Customer,58,Business Travel,Business,735,1,1,1,1,3,5,4,2,2,3,2,5,3,2.54,0,0,TRUE
Male,Disloyal Customer,28,Business Travel,Business,1187,3,3,3,4,3,3,3,3,3,1,4,2,3,2.92,0,0,FALSE
Male,Loyal Customer,53,Business Travel,Business,1671,3,3,4,3,3,4,5,2,2,2,2,4,5,3.23,0,0,TRUE
Female,Loyal Customer,33,Personal Travel,Eco,883,3,4,3,4,3,3,1,3,1,3,5,1,3,2.85,32,26,FALSE
Female,Loyal Customer,45,Business Travel,Business,109,0,4,0,1,5,5,5,4,4,4,4,2,2,3.08,20,39,TRUE
Male,Loyal Customer,65,Personal Travel,Eco,931,2,1,2,4,1,2,1,1,1,3,4,2,1,1.92,0,27,FALSE
Female,Loyal Customer,51,Business Travel,Business,3331,4,4,4,4,4,2,5,4,4,4,4,4,2,3.77,33,34,TRUE
Female,Loyal Customer,37,Personal Travel,Eco Plus,1127,2,4,2,3,3,2,5,3,4,4,5,4,3,3.38,0,0,FALSE
Male,Loyal Customer,55,Business Travel,Business,134,1,1,1,1,4,5,5,4,4,4,4,4,4,3.23,0,0,TRUE
Female,Loyal Customer,27,Personal Travel,Eco,257,1,1,1,2,1,1,1,1,2,3,2,4,1,1.62,0,0,FALSE
Male,Loyal Customer,45,Personal Travel,Eco,101,3,4,0,4,1,0,1,1,4,5,4,5,1,2.54,0,0,FALSE
Female,Loyal Customer,56,Business Travel,Business,3293,5,5,5,5,3,4,5,5,5,5,5,1,3,4.31,0,0,TRUE
Male,Loyal Customer,52,Personal Travel,Eco,632,3,4,3,2,1,3,1,1,5,3,4,4,1,2.69,0,0,FALSE
Female,Loyal Customer,29,Business Travel,Business,2966,5,5,3,5,5,5,5,5,4,5,4,4,5,4.62,0,0,TRUE
Male,Loyal Customer,56,Business Travel,Business,1546,1,1,1,1,2,4,5,4,4,4,4,3,5,3,75,79,TRUE
Female,Disloyal Customer,22,Business Travel,Business,201,4,0,4,1,2,4,2,2,5,5,5,3,2,3,21,24,TRUE
Male,Loyal Customer,26,Business Travel,Eco,1012,3,3,3,3,3,3,3,3,1,2,3,4,3,2.85,1,0,FALSE
Male,Loyal Customer,38,Business Travel,Eco,372,3,5,5,5,3,3,3,3,4,3,3,2,3,3.46,4,7,FALSE
Male,Loyal Customer,51,Business Travel,Business,1729,5,5,5,5,5,5,5,4,4,4,4,4,3,4.46,0,0,TRUE
Male,Loyal Customer,58,Business Travel,Business,2422,1,1,1,1,5,3,4,3,3,3,3,5,3,2.77,0,0,TRUE
Female,Loyal Customer,30,Business Travel,Business,1991,4,4,4,4,5,5,5,5,4,5,4,4,5,4.46,4,2,TRUE
Male,Loyal Customer,36,Business Travel,Business,762,2,2,2,2,4,4,5,4,4,4,4,4,3,3.38,0,4,TRUE
Female,Disloyal Customer,38,Business Travel,Business,236,3,3,3,5,3,3,5,3,3,2,4,3,3,3.31,0,0,FALSE
Male,Loyal Customer,40,Personal Travel,Eco,631,1,5,2,4,5,2,5,5,4,2,5,4,5,3.77,0,0,FALSE
Male,Loyal Customer,46,Business Travel,Eco,483,2,4,1,1,2,2,2,2,4,3,3,4,2,2.46,52,45,FALSE
Male,Loyal Customer,24,Business Travel,Business,867,3,5,3,3,5,5,5,5,3,2,4,5,5,4.08,0,0,TRUE
Female,Loyal Customer,18,Business Travel,Business,2057,2,2,3,2,4,4,4,4,2,5,1,4,4,3.15,0,0,TRUE
Female,Loyal Customer,45,Personal Travel,Eco,190,3,4,3,4,2,5,4,4,4,3,4,4,4,3.69,0,0,FALSE
Female,Loyal Customer,31,Business Travel,Business,67,4,4,4,4,3,4,5,3,1,2,5,2,3,3.38,20,10,TRUE
Female,Loyal Customer,48,Business Travel,Business,3687,3,3,3,3,4,5,5,4,4,4,4,4,4,3.85,65,69,TRUE
Male,Disloyal Customer,57,Business Travel,Eco,672,4,4,4,1,5,4,5,5,2,4,4,1,5,3.69,3,1,FALSE
Male,Loyal Customer,8,Personal Travel,Eco,190,4,5,0,4,5,0,5,5,5,2,5,5,5,3.85,0,0,FALSE
Female,Loyal Customer,31,Personal Travel,Eco,1464,3,2,3,4,2,3,5,2,4,4,4,1,2,3,8,9,FALSE
Female,Loyal Customer,34,Business Travel,Business,2521,1,3,3,3,1,4,4,1,1,1,1,4,3,2.31,46,46,FALSE
Female,Disloyal Customer,24,Business Travel,Business,909,3,3,3,4,2,3,2,2,4,1,3,2,2,2.62,10,11,FALSE
Female,Loyal Customer,52,Business Travel,Eco,907,1,4,4,4,2,2,2,1,1,1,1,2,3,2.15,24,32,FALSE
Male,Loyal Customer,40,Business Travel,Eco,902,2,3,3,3,2,2,2,3,2,3,5,2,2,2.62,11,3,TRUE
Female,Loyal Customer,13,Personal Travel,Eco,813,3,0,3,5,4,3,4,4,5,2,5,3,4,3.46,0,0,FALSE
Female,Loyal Customer,70,Personal Travel,Eco,1379,2,5,2,1,3,2,3,1,1,2,1,4,5,2.46,6,0,FALSE
Male,Loyal Customer,40,Personal Travel,Eco Plus,462,3,4,3,3,3,3,3,3,5,2,4,5,3,3.38,16,12,FALSE
Male,Loyal Customer,38,Business Travel,Eco,1037,2,1,4,1,2,2,2,2,2,3,3,2,2,2.15,0,0,FALSE
Male,Loyal Customer,58,Business Travel,Business,423,4,4,4,4,2,4,5,4,4,4,4,4,4,3.92,2,0,TRUE
Male,Loyal Customer,70,Personal Travel,Eco,77,2,4,2,5,5,2,5,5,4,4,5,4,5,4,99,105,FALSE
Female,Loyal Customer,56,Business Travel,Business,404,1,2,2,2,2,4,3,1,1,2,1,2,4,2.08,0,0,FALSE
Male,Loyal Customer,44,Business Travel,Business,1979,2,3,3,3,3,3,4,2,2,2,2,2,3,2.62,0,0,FALSE
Male,Loyal Customer,18,Personal Travel,Eco,373,3,0,3,3,1,3,1,1,3,5,3,4,1,2.38,29,21,FALSE
Male,Loyal Customer,22,Business Travel,Eco,533,1,1,3,1,1,1,1,1,4,3,3,3,1,1.85,0,0,FALSE
Female,Loyal Customer,22,Personal Travel,Eco,328,2,4,2,3,2,2,2,2,1,3,4,4,2,2.54,1,0,FALSE
Male,Loyal Customer,43,Personal Travel,Eco,333,1,4,1,1,4,1,4,4,3,4,4,5,4,3.08,0,0,FALSE
Male,Disloyal Customer,25,Business Travel,Eco,413,3,2,3,2,4,3,3,4,4,3,2,1,4,2.92,67,60,FALSE
Female,Loyal Customer,10,Personal Travel,Eco,369,3,3,3,4,4,3,2,4,3,5,1,4,4,3.31,0,0,FALSE
Female,Loyal Customer,50,Business Travel,Business,2131,1,1,1,1,4,4,4,5,5,5,5,5,2,3.31,0,0,TRUE
Female,Loyal Customer,43,Business Travel,Business,594,4,4,4,4,4,4,5,2,2,2,2,3,3,3.31,6,11,TRUE
Male,Loyal Customer,17,Personal Travel,Eco Plus,649,1,2,1,3,4,1,3,4,2,1,4,1,4,2.38,9,1,FALSE
Female,Loyal Customer,16,Business Travel,Eco,259,1,3,3,3,1,2,2,1,1,5,4,3,1,2.31,5,,FALSE
Female,Loyal Customer,18,Personal Travel,Eco Plus,802,2,5,2,3,5,2,3,5,1,5,2,3,5,3.31,10,9,FALSE
Female,Loyal Customer,22,Business Travel,Business,2496,4,4,4,4,2,2,2,2,1,5,4,3,2,3,45,34,TRUE
Male,Loyal Customer,65,Personal Travel,Eco,1404,4,4,4,3,5,4,4,5,5,2,3,4,5,4,5,0,FALSE
Female,Loyal Customer,44,Business Travel,Business,2105,4,4,4,4,2,3,5,2,2,2,2,5,4,3.31,0,0,TRUE
Male,Disloyal Customer,79,Business Travel,Business,139,4,4,4,4,5,4,4,3,3,4,3,4,5,3.92,4,4,TRUE
Female,Loyal Customer,17,Personal Travel,Eco,238,1,2,0,3,1,0,1,1,1,3,3,3,1,1.54,0,0,FALSE
Female,Loyal Customer,29,Business Travel,Business,1235,4,4,4,4,5,5,5,5,4,4,2,4,5,4.23,10,16,TRUE
Male,Loyal Customer,37,Personal Travel,Eco,1572,2,4,1,2,2,1,2,2,5,2,3,5,2,2.54,0,8,FALSE
Female,Loyal Customer,64,Personal Travel,Eco,814,3,2,3,3,4,4,4,2,2,3,2,1,4,2.85,0,6,FALSE
Male,Loyal Customer,46,Business Travel,Business,888,4,1,4,4,2,5,5,4,4,4,4,3,5,3.77,3,0,TRUE
Female,Loyal Customer,23,Personal Travel,Eco,158,4,5,4,1,1,4,1,1,4,2,4,5,1,2.85,0,0,FALSE
Male,Disloyal Customer,44,Business Travel,Eco,170,3,2,4,3,1,4,1,1,4,3,4,4,1,2.69,8,0,FALSE
Female,Loyal Customer,37,Business Travel,Eco,397,4,5,5,5,4,4,4,4,1,2,5,3,4,3.85,0,0,TRUE
Female,Loyal Customer,52,Business Travel,Eco,605,4,1,1,1,5,4,4,4,4,4,4,5,5,3.54,21,16,TRUE
Female,Disloyal Customer,33,Business Travel,Business,641,3,3,3,3,1,3,1,1,5,4,5,5,1,2.92,73,60,FALSE
Male,Loyal Customer,52,Business Travel,Business,2893,4,4,3,4,4,4,4,4,4,4,4,4,5,4,5,0,TRUE
Male,Loyal Customer,36,Business Travel,Business,2611,5,5,5,5,2,5,1,4,4,4,4,3,4,3.92,0,0,TRUE
Male,Loyal Customer,52,Business Travel,Eco,1448,2,2,2,2,2,2,2,2,4,2,1,1,2,2,0,23,FALSE
Female,Loyal Customer,35,Personal Travel,Eco,129,2,4,0,1,4,0,5,4,4,2,4,4,4,2.92,0,3,FALSE
Male,Loyal Customer,42,Business Travel,Business,2041,4,4,4,4,3,5,4,4,4,4,4,4,4,4,0,4,TRUE
Male,Loyal Customer,43,Business Travel,Business,1710,3,3,3,3,3,4,4,5,5,5,5,4,5,4,0,0,TRUE
Male,Loyal Customer,46,Business Travel,Business,2147,0,0,0,1,2,4,4,1,1,1,1,3,5,1.77,0,1,TRUE
Female,Loyal Customer,57,Business Travel,Eco,2106,4,4,4,4,4,4,5,4,4,4,4,2,2,3.77,2,0,TRUE
Female,Loyal Customer,48,Business Travel,Eco,1620,3,1,1,1,2,4,3,3,3,3,3,2,3,2.46,0,0,FALSE
Male,Disloyal Customer,22,Business Travel,Eco,1927,2,3,3,4,4,2,4,4,4,2,4,5,4,3.46,9,6,FALSE
Female,Loyal Customer,33,Business Travel,Eco Plus,127,4,2,2,2,4,4,4,4,5,2,1,4,4,3.23,15,19,TRUE
Female,Disloyal Customer,50,Business Travel,Eco,998,3,3,3,3,3,3,3,3,2,4,3,4,3,3.08,6,62,FALSE
Female,Loyal Customer,59,Business Travel,Business,2375,3,3,3,3,2,4,4,4,4,4,4,4,4,3.54,0,0,TRUE
Male,Loyal Customer,39,Business Travel,Eco,448,3,2,5,2,3,3,3,4,2,2,5,3,3,3.08,163,178,TRUE
Male,Loyal Customer,51,Business Travel,Business,1786,3,3,3,3,1,4,5,4,4,4,4,1,3,3.23,0,0,TRUE
Female,Loyal Customer,12,Personal Travel,Eco Plus,289,2,5,2,4,4,2,1,4,3,5,4,4,4,3.38,68,63,FALSE
Female,Loyal Customer,36,Personal Travel,Eco,1709,2,4,2,3,3,2,3,3,1,4,3,1,3,2.62,24,0,FALSE
Female,Loyal Customer,40,Personal Travel,Business,230,3,5,0,1,5,5,4,1,1,0,1,3,4,2.54,0,1,FALSE
Female,Loyal Customer,54,Personal Travel,Eco Plus,423,3,3,3,3,1,1,2,2,2,3,2,2,1,2.15,9,33,FALSE
Female,Loyal Customer,38,Business Travel,Eco,651,4,3,3,3,4,4,4,4,3,3,4,5,4,3.69,20,29,TRUE
Female,Loyal Customer,57,Business Travel,Business,592,2,2,2,2,3,3,3,3,4,4,4,3,3,2.92,163,196,TRUE
Male,Loyal Customer,31,Business Travel,Eco,438,0,0,0,1,5,0,3,5,1,2,2,5,5,2.23,0,0,TRUE
Male,Disloyal Customer,50,Business Travel,Eco,588,2,1,2,4,1,2,1,1,3,5,4,4,1,2.38,0,41,FALSE
Male,Loyal Customer,63,Personal Travel,Eco,668,2,4,2,5,5,2,5,5,3,4,4,3,5,3.77,0,0,FALSE
Female,Disloyal Customer,26,Business Travel,Eco,680,3,3,3,4,5,3,1,5,1,3,4,1,5,3.15,54,43,FALSE
Female,Loyal Customer,17,Personal Travel,Eco,409,1,4,1,5,1,1,1,1,3,3,5,4,1,2.38,0,0,FALSE
Male,Loyal Customer,27,Personal Travel,Eco,296,1,3,1,4,4,1,4,4,2,5,4,4,4,3.15,67,59,FALSE
Female,Loyal Customer,41,Business Travel,Business,3230,4,4,4,4,4,4,4,5,5,4,5,3,3,4.08,25,20,TRUE
Male,Loyal Customer,47,Personal Travel,Eco,226,5,5,5,4,5,5,5,5,4,4,4,3,5,4.54,0,0,TRUE
Female,Disloyal Customer,34,Business Travel,Eco,751,1,1,1,3,5,1,3,5,2,4,5,5,5,3.15,0,0,FALSE
Female,Loyal Customer,41,Personal Travel,Eco,2248,5,4,5,3,2,5,2,2,5,5,5,5,2,3.85,10,0,TRUE
Female,Loyal Customer,52,Business Travel,Business,1660,2,2,4,4,5,2,1,2,2,2,2,2,1,2.38,9,0,FALSE
Female,Loyal Customer,30,Business Travel,Business,3784,3,3,3,3,3,3,3,1,2,3,4,3,3,2.85,50,55,FALSE
Female,Disloyal Customer,43,Business Travel,Eco Plus,56,1,1,1,2,4,1,4,4,5,2,5,3,4,2.85,0,0,FALSE
Female,Loyal Customer,50,Business Travel,Business,1993,1,5,5,5,4,3,3,1,1,2,1,2,2,2.69,5,0,FALSE
Female,Disloyal Customer,13,Business Travel,Eco,598,2,2,2,3,3,2,3,3,2,4,4,3,3,2.77,0,2,FALSE
Male,Loyal Customer,9,Personal Travel,Eco,67,3,5,3,3,4,3,4,4,4,2,4,4,4,3.62,46,66,FALSE
Male,Loyal Customer,45,Business Travel,Business,1507,0,0,0,4,4,5,4,5,5,5,5,4,3,3.38,0,0,TRUE
Male,Loyal Customer,46,Business Travel,Business,1622,1,1,1,1,5,5,5,4,4,1,3,5,5,3.15,276,270,TRUE
Female,Loyal Customer,37,Business Travel,Business,2631,4,2,2,2,4,3,4,4,4,4,4,4,2,3.31,10,9,FALSE
Male,Loyal Customer,67,Personal Travel,Eco,181,3,2,0,3,2,0,2,2,3,2,3,2,2,2,0,0,FALSE
Female,Loyal Customer,13,Personal Travel,Eco,1024,1,5,0,2,4,0,4,4,1,1,5,2,4,2.54,0,0,FALSE
Female,Loyal Customer,60,Business Travel,Business,2329,2,2,2,2,3,5,5,3,3,3,3,4,5,3.23,0,0,TRUE
Male,Disloyal Customer,22,Business Travel,Eco,1180,2,2,2,2,4,2,2,4,3,3,2,1,4,2.54,0,0,FALSE
Male,Loyal Customer,8,Business Travel,Business,2786,3,3,3,3,4,4,4,4,4,2,5,4,4,3.62,0,0,TRUE
Male,Loyal Customer,53,Business Travel,Business,312,1,1,1,1,4,5,4,4,4,4,4,3,4,3.08,5,8,TRUE
Male,Disloyal Customer,32,Business Travel,Eco,253,3,0,3,3,3,3,3,3,4,1,2,1,3,2.46,14,8,FALSE
Female,Loyal Customer,66,Personal Travel,Eco,592,4,3,4,3,1,3,1,2,2,4,1,4,1,2.54,110,103,TRUE
Female,Loyal Customer,38,Business Travel,Eco Plus,421,4,2,4,2,4,4,4,4,1,5,4,2,4,3.38,0,0,FALSE
Male,Disloyal Customer,33,Business Travel,Eco,139,3,2,3,4,1,3,1,1,1,2,3,1,1,2,15,8,FALSE
Male,Disloyal Customer,27,Business Travel,Business,1069,1,1,1,4,5,1,5,5,1,3,1,4,5,2.85,0,0,FALSE
Female,Loyal Customer,34,Business Travel,Business,1728,4,4,4,4,4,4,4,3,3,3,3,4,5,3.77,0,0,TRUE
Male,Loyal Customer,7,Personal Travel,Eco,1096,3,2,3,3,2,3,2,2,2,1,3,4,2,2.46,48,77,FALSE
Male,Loyal Customer,21,Personal Travel,Eco Plus,101,2,4,2,4,5,2,5,5,5,4,4,3,5,3.85,0,1,FALSE
Female,Loyal Customer,52,Business Travel,Business,2406,3,3,5,3,1,2,5,5,5,5,5,5,3,3.85,0,3,TRUE
Male,Loyal Customer,41,Business Travel,Business,633,1,1,3,1,1,2,3,4,4,4,4,1,5,2.62,0,0,TRUE
Male,Loyal Customer,45,Business Travel,Business,2248,2,2,2,2,4,5,4,5,5,5,5,4,4,3.77,39,33,TRUE
Male,Disloyal Customer,37,Business Travel,Eco,434,1,0,1,3,3,1,3,3,3,5,4,4,3,2.62,0,0,FALSE
Female,Loyal Customer,38,Business Travel,Business,590,1,1,3,1,3,3,4,4,4,4,4,5,4,3.15,4,0,TRUE
Male,Loyal Customer,20,Personal Travel,Eco,152,2,4,0,4,4,0,4,4,2,1,3,1,4,2.54,38,59,FALSE
Female,Loyal Customer,25,Personal Travel,Eco,224,3,4,3,3,5,3,5,5,2,2,4,2,5,3.54,0,0,FALSE
Female,Loyal Customer,18,Personal Travel,Eco,451,3,1,3,3,4,3,4,4,1,5,4,3,4,3.23,59,49,FALSE
Male,Disloyal Customer,24,Business Travel,Eco,453,2,2,2,4,5,2,5,5,2,4,4,2,5,3.38,16,30,FALSE
Male,Loyal Customer,22,Business Travel,Business,387,2,5,5,5,2,3,2,2,1,4,3,4,2,3.08,22,36,FALSE
Female,Loyal Customer,38,Business Travel,Eco,541,5,4,4,4,5,5,5,5,3,5,3,3,5,4.31,3,32,TRUE
Male,Loyal Customer,33,Business Travel,Business,590,2,4,4,4,2,2,2,2,4,4,4,1,2,2.85,0,0,FALSE
Male,Loyal Customer,56,Business Travel,Business,764,4,4,4,4,2,5,5,5,5,5,5,4,4,4.31,0,0,TRUE
Female,Disloyal Customer,27,Business Travel,Eco,414,1,4,1,4,4,1,4,4,2,4,3,1,4,2.85,0,0,FALSE
Female,Loyal Customer,33,Business Travel,Eco Plus,541,3,1,1,1,3,3,3,3,3,5,3,4,3,2.77,0,36,FALSE
Male,Loyal Customer,36,Personal Travel,Eco Plus,746,3,5,3,2,2,3,4,2,2,5,5,1,2,3,25,12,FALSE
Female,Loyal Customer,35,Business Travel,Business,3363,1,1,1,1,1,3,4,1,1,1,1,1,4,1.62,0,0,FALSE
Female,Loyal Customer,27,Business Travel,Eco,583,3,4,3,4,3,2,3,3,1,4,4,1,3,2.92,0,0,FALSE
Female,Loyal Customer,39,Business Travel,Business,413,5,3,3,3,4,4,3,5,5,4,5,2,2,3.69,0,0,FALSE
Female,Loyal Customer,46,Business Travel,Business,316,3,3,3,3,5,4,4,4,4,4,4,5,3,3.77,0,0,TRUE
Female,Loyal Customer,36,Business Travel,Business,1536,2,2,4,2,1,4,4,2,2,2,2,1,4,2.46,0,0,FALSE
Female,Loyal Customer,68,Personal Travel,Eco,280,3,5,3,2,3,5,4,5,5,3,5,4,4,3.92,0,0,FALSE
Male,Loyal Customer,12,Personal Travel,Eco,448,2,4,2,4,2,2,2,4,4,4,5,2,2,3,136,147,FALSE
Female,Loyal Customer,11,Personal Travel,Eco,2586,3,4,3,3,2,3,2,2,5,3,4,5,2,3.15,32,34,FALSE
Male,Loyal Customer,55,Business Travel,Business,247,3,3,3,3,5,5,5,3,3,4,3,3,4,3.62,23,26,TRUE
Female,Disloyal Customer,15,Business Travel,Eco,512,3,1,3,4,4,3,4,4,2,4,3,1,4,3.08,62,61,FALSE
Female,Loyal Customer,66,Personal Travel,Eco,907,4,5,3,1,2,5,5,3,3,3,3,5,3,3.46,25,12,FALSE
Female,Disloyal Customer,20,Business Travel,Eco,589,2,2,2,3,3,2,3,3,3,2,3,2,3,2.54,9,3,FALSE
Female,Loyal Customer,29,Personal Travel,Eco,395,3,5,3,4,2,3,3,2,4,5,5,4,2,3.46,0,0,FALSE
Female,Disloyal Customer,40,Business Travel,Business,431,4,3,3,2,3,3,3,3,3,3,4,3,3,3.08,0,0,TRUE
Female,Loyal Customer,45,Personal Travel,Business,1282,4,4,4,1,3,4,5,3,3,4,3,4,5,3.62,0,0,TRUE
Female,Loyal Customer,28,Business Travel,Business,158,1,1,1,1,4,4,4,4,4,5,1,1,4,2.69,5,4,TRUE
Male,Loyal Customer,18,Business Travel,Business,3172,2,2,2,2,4,4,4,4,3,2,5,5,4,3.31,0,0,TRUE
Female,Loyal Customer,50,Personal Travel,Eco Plus,640,3,2,3,3,1,4,4,1,1,3,5,1,3,2.62,0,0,FALSE
Male,Loyal Customer,18,Personal Travel,Eco,533,3,2,2,3,3,2,3,3,1,3,4,3,3,2.69,2,19,FALSE
Female,Loyal Customer,33,Personal Travel,Eco,545,3,4,3,4,2,3,2,2,1,3,3,3,2,2.69,9,15,FALSE
Male,Loyal Customer,31,Business Travel,Eco Plus,547,3,4,4,4,3,3,3,3,2,2,4,3,3,3.15,0,3,FALSE
Female,Disloyal Customer,22,Business Travel,Eco,466,3,0,3,1,5,3,5,5,4,3,1,2,5,3.08,112,95,FALSE
Female,Loyal Customer,43,Business Travel,Business,667,5,5,5,5,2,5,5,4,4,5,4,5,3,4.38,3,0,TRUE
Female,Disloyal Customer,23,Business Travel,Eco,317,2,0,2,1,4,2,1,4,4,5,2,5,4,2.77,0,0,FALSE
Female,Loyal Customer,9,Personal Travel,Eco,399,3,5,3,5,1,3,1,1,5,5,4,5,1,3.23,0,0,FALSE
Male,Loyal Customer,32,Business Travel,Business,2060,2,5,4,5,2,2,2,2,4,1,4,1,2,2.77,28,19,FALSE
Male,Disloyal Customer,13,Business Travel,Eco,692,1,2,2,2,5,2,5,5,5,2,4,5,5,3.46,0,0,FALSE
Female,Loyal Customer,43,Personal Travel,Eco,853,3,4,3,2,5,4,5,2,2,3,2,3,3,3.15,30,50,FALSE
Female,Loyal Customer,70,Personal Travel,Eco,531,3,5,3,2,2,4,4,5,5,3,5,4,4,3.77,14,3,FALSE
Female,Loyal Customer,43,Business Travel,Business,192,0,4,0,2,2,1,3,4,4,4,2,1,5,2.46,0,0,TRUE
Female,Loyal Customer,53,Business Travel,Business,1895,1,1,1,1,3,5,5,5,5,5,5,4,5,3.54,0,0,TRUE
Male,Loyal Customer,35,Personal Travel,Eco,369,3,2,3,4,3,3,3,3,3,3,3,2,3,2.92,0,0,FALSE
Female,Disloyal Customer,16,Business Travel,Eco Plus,342,3,0,3,3,4,3,4,4,5,1,2,2,4,2.92,0,0,FALSE
Male,Loyal Customer,39,Personal Travel,Eco,1258,3,4,3,3,3,3,3,3,4,4,3,5,3,3.38,26,28,FALSE
Male,Disloyal Customer,25,Business Travel,Eco,546,3,2,3,1,1,3,1,1,2,2,2,1,1,1.77,12,12,FALSE
Female,Disloyal Customer,65,Business Travel,Eco,427,4,3,4,5,5,4,5,5,5,2,4,5,5,4.31,17,11,FALSE
Male,Loyal Customer,57,Personal Travel,Eco,2276,3,5,3,2,4,3,4,4,4,4,3,5,4,3.69,0,0,FALSE
Male,Loyal Customer,35,Business Travel,Business,2574,5,5,2,5,5,2,4,3,3,2,3,5,1,3.46,0,2,TRUE
Female,Disloyal Customer,63,Business Travel,Eco,1056,3,3,3,5,3,2,3,2,2,4,2,3,3,2.92,0,5,FALSE
Female,Loyal Customer,49,Personal Travel,Eco,573,1,5,2,4,1,4,3,3,3,2,3,1,1,2.54,16,5,FALSE
Female,Loyal Customer,7,Personal Travel,Business,765,1,5,1,3,5,1,4,5,5,4,5,3,5,3.62,11,6,FALSE
Female,Loyal Customer,55,Business Travel,Business,328,0,0,0,3,2,5,5,4,4,4,4,5,5,3.15,0,0,TRUE
Female,Loyal Customer,40,Business Travel,Eco,265,5,5,5,5,5,5,5,5,4,2,4,2,5,4.38,0,0,TRUE
Male,Loyal Customer,59,Personal Travel,Eco,1096,2,1,2,3,2,2,2,2,1,4,2,3,2,2.15,67,53,FALSE
Female,Disloyal Customer,22,Business Travel,Business,432,5,4,5,3,2,5,2,2,3,2,5,4,2,3.38,19,8,TRUE
Female,Loyal Customer,29,Business Travel,Business,2156,5,5,5,5,5,5,5,5,5,5,5,4,5,4.92,0,2,TRUE
Female,Loyal Customer,23,Business Travel,Business,3917,3,3,3,3,5,5,5,5,5,1,4,2,5,3.77,0,0,TRUE
Female,Loyal Customer,35,Business Travel,Eco,812,3,2,3,2,3,3,3,3,2,1,3,4,3,2.69,0,0,FALSE
Male,Loyal Customer,39,Personal Travel,Eco,931,4,5,5,4,4,5,4,4,4,2,4,5,4,4.15,0,0,FALSE
Female,Loyal Customer,46,Personal Travel,Eco,1201,4,2,5,3,5,2,3,1,1,5,1,4,3,3,0,0,FALSE
Female,Loyal Customer,49,Personal Travel,Eco,780,2,5,2,4,4,5,4,2,2,2,2,4,5,3.31,0,4,FALSE
Male,Loyal Customer,57,Business Travel,Business,1801,3,3,3,3,2,4,4,5,5,5,5,3,3,3.69,36,39,TRUE
Female,Disloyal Customer,29,Business Travel,Business,1166,2,2,2,2,3,2,3,3,5,4,5,4,3,3.08,0,0,FALSE
Male,Loyal Customer,37,Personal Travel,Eco,679,1,2,1,3,5,1,5,5,2,2,3,1,5,2.77,5,0,FALSE
Male,Loyal Customer,48,Business Travel,Business,1557,1,1,1,1,3,5,3,4,4,4,4,4,3,2.92,0,0,TRUE
Male,Loyal Customer,41,Business Travel,Eco,602,2,1,1,1,2,2,2,2,1,1,3,4,2,1.85,118,121,FALSE
Female,Loyal Customer,62,Personal Travel,Eco,1107,2,5,2,5,5,3,3,2,2,2,2,1,4,2.92,0,0,FALSE
Female,Loyal Customer,55,Business Travel,Business,2542,4,2,4,4,2,4,5,4,4,4,5,3,4,3.77,0,0,TRUE
Female,Disloyal Customer,46,Business Travel,Business,2521,1,1,1,4,1,2,2,4,3,4,4,2,2,2.38,0,0,FALSE
Female,Disloyal Customer,22,Business Travel,Eco,480,2,3,2,3,3,2,1,3,2,4,4,4,3,2.77,20,22,FALSE
Female,Loyal Customer,29,Business Travel,Eco Plus,789,4,4,4,4,4,4,4,4,5,1,4,1,4,3.62,128,117,TRUE
Male,Loyal Customer,69,Business Travel,Business,488,3,3,3,3,4,4,1,4,4,4,4,2,4,3.31,2,0,TRUE
Female,Loyal Customer,22,Business Travel,Business,1814,2,2,1,2,2,2,2,2,5,4,4,4,2,2.62,0,0,TRUE
Male,Disloyal Customer,14,Business Travel,Eco,526,0,0,0,4,5,0,5,5,4,3,5,4,5,3.08,0,0,TRUE
Male,Loyal Customer,19,Personal Travel,Eco,862,2,4,3,2,4,3,4,4,3,2,4,3,4,3.23,0,0,FALSE
Male,Loyal Customer,45,Business Travel,Business,1750,5,5,5,5,4,1,3,4,4,5,3,4,1,3.77,0,0,TRUE
Male,Loyal Customer,12,Business Travel,Business,3163,2,3,3,3,2,2,2,2,4,2,4,3,2,2.62,0,0,FALSE
Female,Loyal Customer,46,Business Travel,Business,1020,1,2,1,1,2,4,4,4,4,4,4,3,5,3,0,0,TRUE
Male,Loyal Customer,41,Personal Travel,Eco,224,4,4,0,1,2,0,2,2,5,4,5,3,2,2.62,13,8,FALSE
Male,Loyal Customer,51,Business Travel,Eco,866,2,2,2,2,2,2,2,2,2,2,4,2,2,2.15,0,0,FALSE
Female,Loyal Customer,44,Business Travel,Business,458,1,1,1,1,2,5,4,5,5,5,5,4,3,3.23,0,0,TRUE
Female,Disloyal Customer,29,Business Travel,Eco,2342,4,4,4,4,4,4,4,2,5,2,4,4,4,3.77,0,23,FALSE
Male,Loyal Customer,64,Business Travel,Eco Plus,1080,2,5,5,5,2,2,2,2,1,3,3,2,2,2.77,4,10,FALSE
Male,Loyal Customer,21,Personal Travel,Eco,140,3,3,3,2,3,3,3,2,2,3,3,3,3,2.77,144,133,FALSE
Female,Loyal Customer,50,Business Travel,Business,3801,0,0,0,1,4,5,4,3,3,3,3,3,3,2.46,0,12,TRUE
Male,Loyal Customer,61,Personal Travel,Business,317,5,5,5,2,2,3,4,2,2,5,2,2,1,3.08,0,0,TRUE
Female,Loyal Customer,35,Business Travel,Business,1750,4,4,4,4,2,2,2,3,3,3,3,4,3,3.15,0,11,TRUE
Male,Loyal Customer,55,Business Travel,Business,466,2,5,5,5,4,3,3,2,2,2,2,2,1,2.92,0,3,FALSE
Female,Loyal Customer,45,Business Travel,Business,2170,0,5,0,1,5,4,5,2,2,2,2,3,5,2.77,0,0,TRUE
Female,Loyal Customer,51,Business Travel,Business,1906,4,4,5,4,4,4,5,4,4,4,4,5,4,4.23,24,18,TRUE
Male,Disloyal Customer,38,Business Travel,Business,2218,2,2,2,3,3,2,3,3,4,5,4,4,3,3.08,19,27,FALSE
Male,Loyal Customer,54,Personal Travel,Eco,628,4,4,5,4,5,5,5,5,5,3,4,4,5,4.46,5,4,TRUE
Female,Disloyal Customer,36,Business Travel,Business,247,3,3,3,3,2,3,5,2,3,1,2,4,2,2.77,0,0,FALSE
Male,Loyal Customer,56,Business Travel,Business,1778,4,4,4,4,2,4,4,2,2,2,2,5,4,3.31,0,0,TRUE
Male,Disloyal Customer,33,Business Travel,Eco,419,1,0,1,4,5,1,5,5,3,3,3,4,5,3.08,0,0,FALSE
Male,Loyal Customer,43,Business Travel,Eco,693,5,4,4,4,5,5,5,5,2,2,1,3,5,3.85,0,0,TRUE
Male,Loyal Customer,42,Business Travel,Business,2395,2,2,2,2,5,4,4,5,5,5,5,5,4,3.85,0,0,TRUE
Female,Loyal Customer,56,Business Travel,Business,407,2,2,2,2,4,4,5,5,5,5,5,3,5,3.77,0,0,TRUE
Male,Loyal Customer,43,Business Travel,Business,575,5,5,5,5,5,5,4,4,4,4,4,5,4,4.54,0,0,TRUE
Female,Loyal Customer,39,Business Travel,Business,147,1,1,1,1,2,2,5,4,4,4,3,2,3,2.54,0,5,TRUE
Male,Loyal Customer,57,Business Travel,Business,1979,3,3,3,3,5,4,5,4,4,4,4,4,3,3.77,0,0,TRUE
Female,Loyal Customer,31,Business Travel,Business,3890,3,3,3,3,4,4,4,4,5,2,4,3,4,3.54,9,0,TRUE
Male,Loyal Customer,49,Business Travel,Eco,1504,3,2,2,2,3,3,3,3,3,3,4,2,3,2.77,74,65,FALSE
Female,Disloyal Customer,23,Business Travel,Eco,590,4,4,4,3,5,4,5,5,2,2,4,1,5,3.69,9,20,FALSE
Male,Disloyal Customer,29,Business Travel,Business,1045,4,4,4,3,2,4,2,2,5,5,4,5,2,3.54,0,0,FALSE
Male,Loyal Customer,37,Business Travel,Eco Plus,569,2,5,5,5,2,2,2,2,3,3,4,3,2,3.08,0,0,FALSE
Male,Loyal Customer,57,Business Travel,Business,1688,1,1,1,1,1,3,1,4,4,4,5,2,3,2.38,0,0,TRUE
Female,Loyal Customer,41,Personal Travel,Eco Plus,1242,3,5,2,2,2,3,4,5,5,2,3,4,4,3.38,0,0,FALSE
Female,Loyal Customer,50,Personal Travel,Eco,928,2,5,2,2,2,4,5,3,3,2,3,5,3,3.15,0,0,FALSE
Male,Loyal Customer,45,Personal Travel,Eco,813,3,2,3,3,4,3,4,4,1,5,4,4,4,3.38,0,0,FALSE
Female,Disloyal Customer,46,Business Travel,Eco,1061,1,1,1,3,4,1,4,4,1,2,3,3,4,2.46,79,69,FALSE
Female,Loyal Customer,46,Business Travel,Eco,804,4,5,4,4,4,1,2,4,4,4,4,2,3,3.46,79,70,FALSE
Female,Loyal Customer,46,Personal Travel,Eco,1205,1,3,0,3,1,2,2,5,5,0,3,3,4,2.46,0,0,FALSE
Male,Loyal Customer,48,Business Travel,Eco,948,4,4,5,4,4,4,4,4,3,1,1,5,4,3.62,0,0,TRUE
Male,Loyal Customer,19,Personal Travel,Eco,594,1,4,1,4,5,1,5,5,3,4,4,3,5,3.46,0,2,FALSE
Male,Loyal Customer,33,Business Travel,Business,2437,1,4,2,4,1,1,1,1,3,4,3,3,1,2.23,30,24,FALSE
Female,Loyal Customer,64,Business Travel,Business,597,5,5,5,5,2,5,4,5,5,5,5,4,4,4.54,0,0,TRUE
Female,Loyal Customer,10,Personal Travel,Eco,895,3,4,3,3,3,3,3,3,4,3,3,4,3,3.23,57,51,FALSE
Female,Disloyal Customer,25,Business Travel,Eco,956,3,3,3,4,3,3,3,3,1,3,3,3,3,2.92,0,0,FALSE
Female,Loyal Customer,48,Business Travel,Business,4000,2,2,2,2,5,5,4,5,5,5,5,3,5,3.85,0,0,TRUE
Male,Loyal Customer,47,Personal Travel,Eco,1846,4,4,4,3,4,1,1,2,4,4,4,1,1,2.85,148,210,FALSE
Female,Loyal Customer,7,Business Travel,Business,505,2,3,3,3,2,2,2,2,1,2,4,1,2,2.23,0,0,FALSE
Female,Loyal Customer,50,Personal Travel,Business,96,4,4,0,3,3,4,4,3,3,0,3,4,4,3,0,3,TRUE
Male,Disloyal Customer,37,Business Travel,Eco,261,4,0,4,3,2,4,2,2,4,1,5,5,2,2.92,0,3,FALSE
Female,Loyal Customer,62,Personal Travel,Eco,236,3,5,3,5,1,4,4,3,3,3,3,2,3,3.23,0,2,FALSE
Male,Disloyal Customer,34,Business Travel,Business,2425,4,4,4,3,5,4,5,5,4,5,5,3,5,4.31,0,0,FALSE
Female,Loyal Customer,45,Business Travel,Business,2664,5,5,5,5,4,5,5,4,4,4,5,4,3,4.46,9,0,TRUE
Female,Loyal Customer,30,Personal Travel,Eco,475,1,4,1,1,3,1,1,3,4,2,3,4,3,2.38,1,0,FALSE
Male,Loyal Customer,16,Personal Travel,Eco,2454,2,4,1,1,1,1,1,1,5,2,5,4,1,2.23,7,5,FALSE
Male,Loyal Customer,68,Business Travel,Eco,187,2,5,5,5,2,2,2,2,1,3,3,1,2,2.69,33,25,FALSE
Female,Loyal Customer,56,Business Travel,Eco,825,1,5,5,5,5,3,3,1,1,1,1,2,3,2.77,10,0,FALSE
Male,Loyal Customer,7,Personal Travel,Eco,1773,3,4,2,4,5,2,5,5,2,1,2,3,5,3.31,20,44,FALSE
Male,Loyal Customer,50,Personal Travel,Eco,121,1,3,1,3,3,1,3,3,2,3,3,4,3,2.54,0,0,FALSE
Female,Loyal Customer,62,Personal Travel,Eco,2400,2,4,2,2,2,1,1,5,3,4,4,1,1,2.46,0,23,FALSE
Male,Loyal Customer,24,Business Travel,Business,2136,2,2,2,2,4,4,4,4,4,3,5,4,4,3.38,0,0,TRUE
Female,Loyal Customer,51,Business Travel,Business,2740,1,1,1,1,5,5,4,3,3,3,3,3,5,2.92,51,34,TRUE
Male,Loyal Customer,64,Personal Travel,Eco,1089,4,4,4,2,4,4,4,4,4,1,3,2,4,3.38,4,0,TRUE
Male,Loyal Customer,52,Business Travel,Business,3037,2,2,2,2,5,4,5,4,4,4,4,5,4,3.62,0,0,TRUE
Female,Loyal Customer,26,Personal Travel,Eco,1671,2,2,3,4,5,3,5,5,2,4,4,2,5,3.54,7,0,FALSE
Female,Loyal Customer,51,Business Travel,Eco Plus,399,3,2,2,2,1,3,4,3,3,3,3,2,4,2.69,0,3,FALSE
Male,Loyal Customer,27,Business Travel,Business,1080,5,5,5,5,5,4,5,5,4,3,2,3,5,4.31,20,17,TRUE
Male,Loyal Customer,43,Business Travel,Business,2399,3,3,3,3,3,4,4,4,4,4,4,5,4,3.69,65,59,TRUE
Female,Loyal Customer,38,Business Travel,Eco Plus,429,3,4,4,4,3,3,3,3,2,4,4,2,3,3.23,22,29,FALSE
Female,Loyal Customer,43,Business Travel,Business,3524,2,2,2,2,3,4,3,2,2,2,2,4,3,2.54,9,0,FALSE
Female,Loyal Customer,55,Business Travel,Business,1135,1,0,0,3,5,3,4,1,1,0,1,4,1,1.85,45,44,FALSE
Female,Loyal Customer,53,Business Travel,Business,3533,4,4,4,4,4,3,4,2,2,2,2,2,4,3.15,0,0,TRUE
Male,Loyal Customer,27,Business Travel,Business,628,1,3,3,3,1,1,1,1,4,1,3,3,1,2,33,48,FALSE
Female,Loyal Customer,70,Personal Travel,Eco,771,1,1,0,3,3,3,3,5,5,0,5,1,2,2.46,1,0,FALSE
Male,Loyal Customer,47,Personal Travel,Business,328,1,0,1,1,4,4,5,3,3,1,3,3,4,2.54,0,0,FALSE
Female,Loyal Customer,44,Personal Travel,Eco,192,2,4,2,5,2,4,5,1,1,2,1,4,4,2.85,0,0,FALSE
Female,Loyal Customer,36,Business Travel,Eco,1091,4,4,4,4,4,4,4,4,2,2,2,4,4,3.54,0,0,TRUE
Female,Disloyal Customer,25,Business Travel,Business,599,2,0,2,2,3,2,3,3,4,4,5,4,3,2.85,0,0,FALSE
Female,Loyal Customer,48,Business Travel,Business,1535,5,5,5,5,3,4,5,5,5,5,5,3,3,4.46,0,0,TRUE
Male,Loyal Customer,37,Business Travel,Business,3651,2,2,2,2,4,1,2,5,5,4,5,2,1,2.85,94,80,TRUE
Male,Loyal Customer,52,Business Travel,Business,3975,4,4,4,4,5,5,4,5,5,5,5,3,5,4.46,0,0,TRUE
Male,Loyal Customer,75,Business Travel,Eco,444,3,2,2,2,3,3,3,3,1,3,4,2,3,2.62,0,0,FALSE
Female,Disloyal Customer,37,Business Travel,Eco,483,3,2,3,4,4,3,4,4,1,2,3,2,4,3,0,8,FALSE
Female,Loyal Customer,31,Business Travel,Business,1119,4,4,4,4,4,4,4,4,3,4,4,3,4,3.85,0,0,TRUE
Female,Disloyal Customer,20,Business Travel,Eco,1087,1,1,1,3,1,1,1,1,3,3,2,3,1,1.69,26,21,FALSE
Female,Disloyal Customer,30,Business Travel,Business,762,0,0,0,4,1,0,1,1,3,2,4,4,1,1.62,0,1,TRUE
Female,Loyal Customer,34,Business Travel,Eco,569,1,5,5,5,1,1,1,1,3,2,3,2,1,2.38,7,0,FALSE
Female,Loyal Customer,27,Business Travel,Business,867,2,4,4,4,2,2,2,2,1,3,3,4,2,2.69,0,33,FALSE
Male,Loyal Customer,35,Business Travel,Eco Plus,109,5,5,5,5,5,4,5,5,2,1,3,2,5,4,0,0,FALSE
Female,Loyal Customer,39,Personal Travel,Eco,576,2,5,2,3,3,2,3,3,4,5,4,3,3,3.23,0,0,FALSE
Male,Loyal Customer,15,Personal Travel,Eco,369,5,5,5,4,3,5,5,3,1,3,3,2,3,3.62,0,0,TRUE
Male,Loyal Customer,44,Personal Travel,Eco,696,2,1,2,4,1,2,1,1,3,4,4,4,1,2.31,0,0,FALSE
Male,Disloyal Customer,47,Business Travel,Eco,390,2,3,2,3,1,2,1,1,2,1,3,3,1,1.92,0,0,FALSE
Male,Disloyal Customer,37,Business Travel,Eco,264,2,3,2,3,4,2,4,4,1,3,3,3,4,2.92,0,0,FALSE
Male,Disloyal Customer,25,Business Travel,Eco,925,3,3,3,4,2,3,2,2,2,3,3,3,2,2.69,9,17,FALSE
Male,Loyal Customer,26,Business Travel,Eco,403,0,5,0,5,4,0,4,4,4,4,2,3,4,3,88,69,TRUE
Male,Loyal Customer,23,Personal Travel,Eco,1541,1,5,1,2,4,1,4,4,4,3,4,3,4,3.08,0,0,FALSE
Female,Loyal Customer,15,Personal Travel,Eco,404,2,2,2,4,5,2,1,5,3,5,4,4,5,3.38,0,23,FALSE
Female,Loyal Customer,56,Business Travel,Business,2955,3,3,3,3,2,5,4,4,4,4,4,5,4,3.69,9,8,TRUE
Female,Disloyal Customer,23,Business Travel,Eco,859,5,5,5,1,5,5,5,5,3,2,4,4,5,4.15,0,4,TRUE
Male,Loyal Customer,52,Personal Travel,Eco,2165,4,5,3,2,1,3,1,1,3,4,5,4,1,2.85,0,0,TRUE
Female,Disloyal Customer,42,Business Travel,Eco,151,1,4,0,3,4,0,4,4,4,4,3,4,4,3,19,17,FALSE
Male,Loyal Customer,14,Business Travel,Business,2977,1,4,4,4,1,1,1,1,3,1,4,2,1,2.15,39,61,FALSE
Female,Loyal Customer,46,Business Travel,Business,1775,3,2,2,2,5,4,4,3,3,3,3,2,1,2.85,0,5,FALSE
Female,Loyal Customer,35,Business Travel,Business,1885,2,1,4,1,1,3,3,2,2,3,2,2,4,2.31,41,40,FALSE
Male,Loyal Customer,51,Business Travel,Eco,268,3,4,4,4,3,3,3,3,4,4,2,4,3,3.38,51,55,FALSE
Male,Loyal Customer,48,Business Travel,Business,1337,4,4,4,4,4,4,4,5,5,5,5,5,4,4.38,0,0,TRUE
Female,Loyal Customer,8,Personal Travel,Eco Plus,399,3,5,2,2,4,2,4,4,3,2,5,4,4,3.38,19,8,FALSE
Male,Loyal Customer,33,Business Travel,Business,3090,2,2,5,2,4,4,4,4,4,4,5,4,4,3.69,88,83,TRUE
Male,Loyal Customer,33,Business Travel,Business,2504,4,4,4,4,4,4,4,4,4,5,5,4,4,4.15,0,8,TRUE
Female,Loyal Customer,52,Business Travel,Business,1747,2,2,2,2,2,4,5,5,5,5,5,5,5,3.77,28,13,TRUE
Male,Loyal Customer,44,Business Travel,Business,3293,2,2,2,2,3,4,5,5,5,5,5,5,4,3.77,1,0,TRUE
Male,Loyal Customer,45,Personal Travel,Eco,451,2,4,2,3,5,2,5,5,3,3,5,5,5,3.77,6,11,FALSE
Female,Loyal Customer,26,Business Travel,Eco,532,0,5,0,5,5,0,5,5,5,3,5,2,5,3.46,0,0,TRUE
Female,Loyal Customer,47,Personal Travel,Eco,1999,3,4,3,4,5,3,4,1,1,3,1,5,3,3.08,0,15,FALSE
Male,Loyal Customer,37,Personal Travel,Eco Plus,158,2,4,0,4,5,0,1,5,5,5,5,4,5,3.46,0,0,FALSE
Female,Disloyal Customer,59,Business Travel,Eco,198,3,0,3,5,5,3,4,5,4,1,5,5,5,3.69,0,0,FALSE
Male,Disloyal Customer,38,Business Travel,Business,861,1,1,1,5,3,1,5,3,5,2,4,3,3,2.85,0,0,FALSE
Male,Loyal Customer,65,Personal Travel,Eco Plus,285,1,5,1,1,2,1,1,2,5,4,4,4,2,2.54,3,2,FALSE
Female,Loyal Customer,29,Business Travel,Business,1400,2,2,2,2,5,5,5,5,3,5,2,2,5,3.46,0,0,TRUE
Male,Loyal Customer,60,Business Travel,Business,216,0,5,0,2,1,4,4,2,2,2,2,2,5,2.38,0,0,TRUE
Male,Loyal Customer,31,Personal Travel,Eco,983,3,5,3,1,2,3,2,2,4,2,4,5,2,2.92,0,0,FALSE
Male,Loyal Customer,8,Personal Travel,Eco,731,3,2,3,3,2,3,3,2,1,4,4,1,2,2.54,0,0,FALSE
Female,Loyal Customer,58,Business Travel,Business,1587,4,4,4,4,3,5,5,5,5,5,5,5,4,4.46,0,1,TRUE
Female,Disloyal Customer,24,Business Travel,Eco,1010,2,2,2,4,2,2,4,2,3,4,4,3,2,2.77,40,42,FALSE
Female,Disloyal Customer,36,Business Travel,Eco,262,1,2,1,2,1,1,1,1,2,1,2,4,1,1.54,0,0,FALSE
Female,Disloyal Customer,36,Business Travel,Business,899,4,4,4,3,5,4,5,5,3,2,5,5,5,4.15,0,0,FALSE
Male,Loyal Customer,57,Business Travel,Business,2270,5,5,5,5,2,4,5,2,2,3,2,3,4,3.62,6,6,TRUE
Female,Loyal Customer,68,Personal Travel,Eco,140,2,4,0,3,5,3,4,1,1,0,1,2,3,2.23,5,0,FALSE
Male,Disloyal Customer,29,Business Travel,Eco,888,4,4,4,3,4,4,5,4,4,2,4,3,4,3.77,61,53,FALSE
Male,Loyal Customer,48,Business Travel,Business,3375,2,2,2,2,2,5,5,5,5,5,5,3,4,3.62,5,0,TRUE
Female,Disloyal Customer,29,Business Travel,Eco,1426,2,2,2,3,4,2,4,4,4,3,4,4,4,3.23,0,0,FALSE
Female,Loyal Customer,35,Business Travel,Business,159,1,3,3,3,5,3,4,3,3,3,1,3,2,2.85,8,15,FALSE
Male,Loyal Customer,51,Business Travel,Business,255,3,3,4,3,3,5,4,4,4,4,4,4,5,3.85,0,0,TRUE
Female,Loyal Customer,63,Business Travel,Eco,129,1,3,4,4,5,4,4,1,1,1,1,4,2,2.69,0,0,FALSE
Female,Loyal Customer,51,Business Travel,Eco,751,4,2,2,2,3,4,2,4,4,4,4,5,1,3.15,4,7,TRUE
Male,Loyal Customer,50,Business Travel,Eco,1104,4,4,4,4,4,4,4,4,2,3,2,2,4,3.46,0,0,TRUE
Male,Disloyal Customer,44,Business Travel,Business,1635,3,3,3,3,4,3,1,4,4,4,4,3,4,3.31,21,11,FALSE
Female,Disloyal Customer,24,Business Travel,Eco,386,3,3,3,4,4,3,4,4,2,5,4,3,4,3.54,0,0,FALSE
Male,Loyal Customer,44,Business Travel,Eco,2182,3,1,1,1,2,3,2,2,2,1,4,2,2,2,1,0,FALSE
Female,Loyal Customer,69,Business Travel,Eco,449,3,2,2,2,2,3,4,3,3,3,3,3,1,2.62,2,0,FALSE
Male,Loyal Customer,33,Personal Travel,Eco,641,1,5,1,3,5,1,5,5,5,4,4,3,5,3.62,84,83,FALSE
Female,Loyal Customer,46,Business Travel,Business,794,5,5,5,5,4,5,5,4,4,4,4,5,5,4.62,23,18,TRUE
Male,Loyal Customer,36,Business Travel,Business,2579,3,3,4,3,3,4,2,5,5,5,5,4,5,3.92,0,0,TRUE
Male,Loyal Customer,36,Business Travel,Business,895,5,5,5,5,2,4,5,4,4,4,4,1,3,3.92,58,56,TRUE
Male,Disloyal Customer,29,Business Travel,Business,2611,3,3,3,3,3,3,3,5,2,3,5,3,3,3.23,11,1,FALSE
Male,Loyal Customer,32,Personal Travel,Eco,484,2,3,2,4,4,2,4,4,4,5,4,4,4,3.54,0,0,FALSE
Female,Loyal Customer,42,Business Travel,Business,2902,3,3,3,3,5,4,4,5,5,5,4,4,5,4.08,0,0,TRUE
Female,Loyal Customer,48,Business Travel,Eco,829,2,2,2,2,4,4,3,2,2,2,2,1,4,2.46,74,68,FALSE
Male,Loyal Customer,26,Personal Travel,Eco,1171,2,5,1,4,5,1,5,5,5,2,5,4,5,3.77,2,0,FALSE
Male,Loyal Customer,63,Personal Travel,Eco,255,1,2,1,4,5,1,5,5,3,4,3,1,5,3.08,1,0,FALSE
Male,Loyal Customer,26,Business Travel,Business,1846,5,5,2,5,5,5,5,5,4,4,5,4,5,4.54,0,0,TRUE
Male,Loyal Customer,44,Business Travel,Business,3759,1,1,1,1,4,5,4,4,4,4,4,4,5,3.23,0,0,TRUE
Male,Loyal Customer,69,Personal Travel,Eco,224,4,4,4,4,4,4,4,4,4,2,5,5,4,4,0,15,FALSE
Male,Loyal Customer,29,Personal Travel,Eco Plus,616,3,4,3,3,1,3,1,1,3,5,5,5,1,2.92,0,0,FALSE
Male,Loyal Customer,53,Business Travel,Eco,137,4,3,4,4,4,4,4,4,2,2,2,1,4,3.23,0,0,TRUE
Male,Loyal Customer,55,Business Travel,Business,3130,2,3,3,3,1,2,1,3,1,4,3,1,1,2.15,204,208,FALSE
Male,Disloyal Customer,25,Business Travel,Business,352,0,0,0,2,5,0,1,5,5,5,4,2,5,2.62,0,5,TRUE
Female,Loyal Customer,48,Business Travel,Business,3895,4,4,4,4,5,4,4,4,4,4,4,3,3,3.92,9,8,TRUE
Female,Loyal Customer,44,Business Travel,Eco,2446,3,4,4,4,1,1,3,3,3,3,3,1,1,2.62,0,18,FALSE
Female,Loyal Customer,14,Personal Travel,Business,214,3,4,3,2,4,3,4,4,3,2,2,3,4,3.15,0,0,FALSE
Female,Loyal Customer,42,Business Travel,Business,3848,3,3,3,3,3,1,2,5,5,5,5,3,5,3.54,0,0,TRUE
Male,Loyal Customer,66,Personal Travel,Eco,762,4,3,4,4,5,4,5,5,1,5,1,4,5,3.85,14,57,FALSE
Male,Loyal Customer,51,Business Travel,Business,3780,3,3,3,3,5,3,5,5,5,4,5,1,1,3.54,16,21,TRUE
Female,Loyal Customer,25,Business Travel,Business,1431,3,5,5,5,3,3,3,3,1,1,3,1,3,3,0,15,FALSE
Female,Disloyal Customer,41,Business Travel,Eco Plus,584,4,4,4,3,5,4,5,5,2,3,3,1,5,3.69,0,0,FALSE
Male,Loyal Customer,27,Business Travel,Business,2808,4,4,1,4,4,4,4,4,4,4,5,3,4,3.77,58,46,TRUE
Female,Disloyal Customer,37,Business Travel,Eco,1147,3,3,3,2,1,3,1,1,4,2,1,3,1,2.15,0,0,FALSE
Male,Loyal Customer,47,Business Travel,Business,3557,3,3,5,3,2,5,5,5,5,5,5,3,5,4.15,28,23,TRUE
Female,Loyal Customer,28,Business Travel,Business,3930,2,1,1,1,2,3,2,2,4,5,3,1,2,2.23,53,109,FALSE
Male,Loyal Customer,23,Personal Travel,Eco Plus,258,4,3,0,3,5,0,5,5,5,3,2,3,5,3.31,59,67,FALSE
Female,Disloyal Customer,26,Business Travel,Eco,247,4,0,4,4,5,4,5,5,5,3,5,1,5,3.85,0,0,FALSE
Male,Loyal Customer,32,Business Travel,Business,2385,1,1,1,1,3,3,3,3,3,1,5,3,3,2.38,25,0,TRUE
Male,Loyal Customer,60,Business Travel,Business,3899,4,4,4,4,1,2,5,4,4,4,4,1,2,3.31,0,0,TRUE
Female,Loyal Customer,40,Business Travel,Business,2149,1,1,1,1,4,5,5,3,3,4,3,3,4,2.92,0,0,TRUE
Male,Loyal Customer,46,Business Travel,Business,1947,3,3,5,3,5,4,5,5,5,5,5,4,4,4.31,23,18,TRUE
Male,Loyal Customer,36,Business Travel,Eco Plus,620,5,3,3,3,5,5,5,5,1,2,1,3,5,3.54,2,4,TRUE
Female,Loyal Customer,55,Business Travel,Eco,719,5,3,2,3,3,3,1,5,5,5,5,1,2,3.31,0,0,TRUE
Female,Loyal Customer,18,Personal Travel,Eco Plus,361,3,5,3,3,2,3,2,2,4,2,5,5,2,3.15,0,0,FALSE
Female,Disloyal Customer,27,Business Travel,Eco,868,2,2,2,3,4,2,2,4,3,2,3,4,4,2.85,0,0,FALSE
Female,Disloyal Customer,26,Business Travel,Eco,522,1,0,1,1,2,1,2,2,5,5,1,1,2,1.85,62,57,FALSE
Male,Loyal Customer,61,Personal Travel,Eco,295,4,2,4,4,1,4,1,1,4,2,4,4,1,2.77,5,0,FALSE
Female,Loyal Customer,30,Personal Travel,Eco,630,1,4,1,3,3,1,1,3,3,4,4,4,3,2.69,0,0,FALSE
Male,Loyal Customer,35,Personal Travel,Eco,799,4,3,4,1,2,4,2,2,3,4,2,1,2,2.62,0,0,FALSE
Female,Loyal Customer,54,Personal Travel,Eco,1440,4,5,5,3,2,4,4,2,2,5,2,3,3,3.38,0,0,FALSE
Female,Loyal Customer,40,Business Travel,Business,2343,1,1,1,1,3,3,4,5,5,5,5,4,1,3,89,87,TRUE
Female,Loyal Customer,56,Personal Travel,Eco,548,2,5,2,1,2,4,4,5,5,2,5,3,5,3.46,0,0,FALSE
Male,Loyal Customer,49,Business Travel,Business,181,5,5,5,5,4,4,4,5,5,5,4,3,5,4.54,50,49,TRUE
Male,Loyal Customer,52,Personal Travel,Eco,376,2,4,4,4,3,4,3,3,4,2,5,3,3,3.38,4,0,FALSE
Male,Loyal Customer,8,Personal Travel,Eco,285,3,1,3,3,5,3,5,5,4,1,3,1,5,3.23,0,0,FALSE
Female,Loyal Customer,42,Business Travel,Business,1603,4,4,4,4,4,4,5,5,5,5,5,5,4,4.46,25,18,TRUE
Male,Loyal Customer,28,Personal Travel,Eco,774,3,3,3,2,5,3,5,5,4,2,5,2,5,3.62,20,2,FALSE
Female,Loyal Customer,7,Personal Travel,Eco,1024,4,4,4,2,5,4,1,5,3,2,5,3,5,3.62,0,0,FALSE
Male,Loyal Customer,48,Business Travel,Business,711,2,2,2,2,5,4,5,5,5,5,5,5,4,3.92,0,0,TRUE
Male,Loyal Customer,17,Business Travel,Eco,1892,4,1,3,1,4,4,5,4,2,5,2,2,4,3.15,0,0,TRUE
Female,Loyal Customer,26,Personal Travel,Eco Plus,646,0,3,0,3,4,0,1,4,2,4,3,2,4,2.31,2,0,TRUE
Female,Loyal Customer,45,Business Travel,Business,912,2,5,5,5,1,3,3,2,2,2,2,3,4,3,0,0,FALSE
Male,Loyal Customer,55,Personal Travel,Eco,181,2,4,0,2,5,0,5,5,4,4,4,5,5,3.46,37,28,FALSE
Female,Loyal Customer,31,Business Travel,Business,576,5,5,5,5,4,4,4,4,5,1,3,2,4,3.92,94,65,TRUE
Female,Loyal Customer,41,Business Travel,Business,3039,0,4,0,5,4,5,5,1,1,1,1,5,3,2.69,45,40,TRUE
Female,Loyal Customer,54,Business Travel,Business,2898,2,2,2,2,2,5,5,4,4,5,4,5,4,3.54,0,0,TRUE
Female,Loyal Customer,41,Business Travel,Business,2903,3,3,3,3,2,3,2,3,3,3,3,2,4,2.85,0,0,FALSE
Female,Disloyal Customer,21,Business Travel,Eco,190,4,5,4,3,5,4,5,5,1,5,1,3,5,3.85,0,1,TRUE
Female,Loyal Customer,52,Business Travel,Business,3398,4,4,4,4,2,4,5,5,5,5,5,4,5,4.31,0,0,TRUE
Female,Disloyal Customer,34,Business Travel,Business,551,4,4,4,5,4,4,4,4,4,2,4,5,4,4,10,6,FALSE
Female,Loyal Customer,39,Business Travel,Business,404,1,1,1,1,4,4,5,5,5,4,5,3,3,3.23,0,0,TRUE
Male,Loyal Customer,29,Personal Travel,Eco,456,2,5,3,4,5,3,5,5,4,3,5,5,5,4.15,1,0,FALSE
Male,Loyal Customer,26,Business Travel,Business,696,4,4,2,4,4,4,4,4,3,4,4,3,4,3.69,30,25,TRUE
Male,Loyal Customer,35,Personal Travel,Eco Plus,912,2,5,2,1,5,2,5,5,5,5,4,4,5,3.85,0,0,FALSE
Female,Loyal Customer,49,Business Travel,Business,3209,2,2,2,2,3,4,5,4,4,4,4,4,5,3.46,0,0,TRUE
Female,Loyal Customer,38,Business Travel,Eco,224,1,4,4,4,1,1,1,1,2,3,4,3,1,2.31,0,0,FALSE
Male,Loyal Customer,24,Business Travel,Business,447,5,5,5,5,5,5,5,5,2,3,3,5,5,4.46,79,89,TRUE
Female,Loyal Customer,40,Business Travel,Business,1065,3,3,3,3,2,5,5,4,4,4,4,4,3,3.62,0,0,TRUE
Male,Disloyal Customer,27,Business Travel,Eco,500,2,1,1,3,3,1,5,3,1,2,4,1,3,2.31,0,0,FALSE
Female,Loyal Customer,47,Business Travel,Eco,641,1,4,3,4,4,3,3,1,1,1,1,4,2,2.46,0,2,FALSE
Female,Loyal Customer,42,Personal Travel,Eco,270,2,0,0,3,4,4,1,3,3,0,2,1,2,1.92,0,0,FALSE
Male,Loyal Customer,32,Business Travel,Eco,1303,3,3,3,3,3,3,3,3,2,3,2,2,3,2.77,0,40,FALSE
Male,Loyal Customer,43,Personal Travel,Eco,759,3,5,3,2,1,3,1,1,3,5,4,4,1,2.77,0,0,FALSE
Male,Loyal Customer,39,Business Travel,Business,1346,3,3,3,3,5,5,4,1,1,2,1,5,5,3.15,0,0,TRUE
Male,Loyal Customer,32,Business Travel,Business,862,4,4,4,4,5,4,5,5,4,1,4,4,5,4.08,0,0,TRUE
Female,Loyal Customer,33,Business Travel,Eco Plus,1089,2,1,1,1,2,2,2,2,1,2,4,3,2,1.92,53,37,FALSE
Male,Disloyal Customer,28,Business Travel,Eco,1250,4,4,4,3,5,4,5,5,3,3,2,1,5,3.69,0,7,FALSE
Female,Loyal Customer,40,Business Travel,Business,1574,2,2,2,2,2,5,5,3,3,4,3,5,4,3.23,0,0,TRUE
Male,Loyal Customer,32,Business Travel,Business,2607,1,1,1,1,1,1,1,1,3,2,3,4,1,1.62,5,13,FALSE
Male,Loyal Customer,36,Business Travel,Business,337,0,1,1,2,2,4,4,2,2,2,2,5,3,2.31,0,3,TRUE
Male,Loyal Customer,47,Personal Travel,Business,319,1,3,1,3,2,3,3,1,1,1,1,1,4,1.92,56,59,FALSE
Female,Disloyal Customer,44,Business Travel,Business,762,4,4,4,1,3,4,3,3,4,3,5,5,3,3.54,0,0,TRUE
Female,Loyal Customer,50,Business Travel,Business,1766,3,2,2,2,3,4,3,3,3,3,3,1,1,2.54,0,0,FALSE
Male,Disloyal Customer,40,Business Travel,Eco,129,3,0,3,1,5,3,5,5,4,4,5,5,5,3.69,0,1,FALSE
Female,Loyal Customer,58,Personal Travel,Eco,1066,3,4,3,3,3,4,4,3,3,3,2,3,4,3.23,33,36,FALSE
Female,Loyal Customer,57,Business Travel,Business,882,1,1,1,1,4,4,4,5,5,5,5,5,4,3.46,0,0,TRUE
Female,Loyal Customer,42,Business Travel,Eco,581,2,4,4,4,3,4,4,2,2,2,2,2,2,2.85,0,0,FALSE
Male,Loyal Customer,48,Business Travel,Business,307,4,2,4,4,4,4,4,4,4,5,4,4,4,3.92,132,180,TRUE
Female,Loyal Customer,51,Personal Travel,Eco,3711,2,5,2,5,2,1,1,5,5,4,2,1,1,2.77,0,0,FALSE
Male,Loyal Customer,47,Personal Travel,Eco,1165,3,3,2,3,3,2,3,3,4,2,3,3,3,2.85,33,29,FALSE
Male,Disloyal Customer,49,Business Travel,Business,666,1,1,1,4,3,1,2,3,4,2,5,5,3,2.69,0,0,FALSE
Male,Loyal Customer,51,Business Travel,Business,873,3,3,3,3,5,4,4,4,4,4,4,4,3,3.69,0,0,TRUE
Male,Loyal Customer,8,Business Travel,Eco,1194,2,3,3,3,2,2,1,2,1,5,2,2,2,2.31,0,0,FALSE
Male,Loyal Customer,46,Personal Travel,Eco,843,4,5,4,1,4,4,4,4,4,2,5,4,4,3.77,0,8,FALSE
Female,Loyal Customer,69,Personal Travel,Eco,546,2,5,2,4,3,4,5,4,4,2,4,4,2,3.46,0,0,FALSE
Male,Loyal Customer,53,Business Travel,Business,3646,1,1,5,1,2,5,5,4,4,4,4,3,4,3.31,11,15,TRUE
Female,Loyal Customer,50,Business Travel,Eco,794,3,3,3,3,4,3,3,3,3,3,3,2,2,2.92,94,79,FALSE
Female,Loyal Customer,50,Personal Travel,Eco,523,3,5,3,4,5,5,1,1,1,3,1,4,4,3.08,47,67,FALSE
Male,Loyal Customer,39,Business Travel,Business,3007,1,1,1,1,3,4,4,1,1,1,1,4,4,2.08,0,0,FALSE
Male,Loyal Customer,38,Business Travel,Business,2809,3,3,3,3,4,4,5,5,5,5,5,5,3,4.08,0,0,TRUE
Female,Loyal Customer,30,Personal Travel,Eco,337,2,4,2,3,1,2,1,1,4,2,5,5,1,2.54,21,10,FALSE
Male,Disloyal Customer,35,Business Travel,Eco,1389,2,2,2,2,4,2,1,4,3,5,2,3,4,2.77,1,9,FALSE
Female,Disloyal Customer,25,Business Travel,Eco Plus,209,1,3,1,3,4,1,4,4,3,4,3,3,4,2.92,115,112,FALSE
Female,Loyal Customer,39,Business Travel,Business,1371,4,4,4,4,2,5,5,2,2,2,2,3,3,3.23,23,3,TRUE
Male,Loyal Customer,39,Business Travel,Business,2957,5,5,5,5,5,4,4,3,3,4,3,3,3,4,0,0,TRUE
Female,Loyal Customer,63,Personal Travel,Business,216,3,1,3,4,2,3,4,3,3,3,3,3,1,2.77,0,0,FALSE
Female,Loyal Customer,60,Personal Travel,Eco,296,1,5,3,1,3,4,4,3,3,5,5,4,4,3.46,254,265,FALSE
Female,Loyal Customer,52,Business Travel,Business,3404,1,4,4,4,4,3,3,1,1,1,1,4,1,2.46,0,0,FALSE
Female,Loyal Customer,44,Business Travel,Business,2865,3,3,3,3,5,4,4,4,4,4,4,4,5,3.85,0,0,TRUE
Female,Loyal Customer,36,Business Travel,Business,188,1,1,1,1,4,4,4,3,3,4,4,1,3,2.62,6,0,TRUE
Male,Loyal Customer,18,Personal Travel,Eco,678,3,5,3,3,4,3,1,4,2,3,1,5,4,3.15,0,0,FALSE
Female,Loyal Customer,53,Business Travel,Business,1914,4,4,4,4,4,4,4,4,4,4,4,4,4,4,0,0,TRUE
Female,Loyal Customer,35,Business Travel,Eco,370,1,5,5,5,1,1,1,1,3,4,4,2,1,2.62,17,14,FALSE
Male,Disloyal Customer,42,Business Travel,Business,214,3,3,3,4,3,3,3,3,4,5,4,3,3,3.38,0,0,FALSE
Male,Loyal Customer,45,Business Travel,Business,539,4,4,4,4,2,5,4,5,5,5,5,4,4,4.23,33,27,TRUE
Male,Loyal Customer,64,Personal Travel,Eco,290,3,5,3,4,4,3,4,4,4,2,5,3,4,3.69,0,0,FALSE
Female,Loyal Customer,70,Business Travel,Eco Plus,787,4,2,2,2,4,3,3,4,4,4,4,2,1,3,22,16,FALSE
Female,Loyal Customer,11,Personal Travel,Eco,647,2,1,1,3,3,1,5,3,1,1,4,4,3,2.46,3,0,FALSE
Male,Loyal Customer,57,Personal Travel,Eco,1521,4,4,4,3,5,4,2,5,3,2,5,3,5,3.77,5,6,FALSE
Female,Loyal Customer,36,Business Travel,Business,365,3,4,4,4,2,2,3,3,3,3,3,3,3,3.08,51,47,FALSE
Male,Disloyal Customer,37,Business Travel,Eco,615,1,1,1,4,1,1,1,1,4,4,4,3,1,2.08,14,28,FALSE
Female,Loyal Customer,24,Personal Travel,Eco,852,1,5,1,3,3,1,3,3,4,4,5,3,3,3,0,6,FALSE
Male,Loyal Customer,56,Business Travel,Business,3301,3,2,2,2,3,3,3,3,3,3,3,3,3,2.77,1,7,FALSE
Female,Loyal Customer,66,Personal Travel,Eco,682,3,5,3,4,3,4,4,2,2,3,2,5,4,3.38,2,13,FALSE
Male,Loyal Customer,48,Personal Travel,Eco,864,1,4,1,5,4,1,4,4,3,5,5,4,4,3.46,6,0,FALSE
Female,Loyal Customer,61,Personal Travel,Eco,177,4,3,4,4,5,4,3,2,2,4,2,3,2,3.23,3,24,FALSE
Female,Loyal Customer,23,Business Travel,Business,1846,5,5,5,5,3,3,3,3,5,4,4,4,3,4,1,0,TRUE
Male,Loyal Customer,17,Personal Travel,Eco,373,4,3,4,3,4,4,4,4,4,2,2,5,4,3.62,0,0,FALSE
Female,Loyal Customer,33,Personal Travel,Eco,590,3,1,3,2,5,3,5,5,1,2,3,2,5,3.08,35,23,FALSE
Female,Loyal Customer,44,Personal Travel,Eco,1235,2,5,2,4,1,5,4,2,2,2,2,1,5,2.85,47,34,FALSE
Male,Loyal Customer,45,Business Travel,Eco,967,3,1,1,1,3,3,3,3,3,5,4,4,3,2.85,1,0,FALSE
Female,Disloyal Customer,24,Business Travel,Eco,310,1,3,1,3,5,1,5,5,4,5,4,3,5,3.46,0,10,FALSE
Female,Disloyal Customer,54,Business Travel,Business,226,4,4,4,2,3,4,3,3,3,4,5,4,3,3.54,11,7,FALSE
Female,Disloyal Customer,33,Business Travel,Eco,143,2,4,2,1,4,2,4,4,2,4,4,4,4,3.15,0,0,FALSE
Male,Loyal Customer,35,Business Travel,Business,1023,1,1,1,1,3,5,4,4,4,4,4,5,4,3.15,0,0,TRUE
Male,Loyal Customer,65,Business Travel,Business,3989,1,3,3,3,4,3,4,1,1,1,1,2,3,2.31,24,13,FALSE
Female,Loyal Customer,41,Personal Travel,Eco,449,4,5,4,4,5,4,5,5,5,4,5,3,5,4.46,0,24,FALSE
Male,Loyal Customer,38,Business Travel,Eco,633,4,3,3,3,4,4,4,4,2,2,1,4,4,3.23,0,0,TRUE
Male,Loyal Customer,57,Business Travel,Eco,453,2,1,1,1,2,2,2,2,1,1,1,3,2,1.62,5,0,FALSE
Female,Loyal Customer,54,Business Travel,Eco,370,3,1,1,1,4,3,4,3,3,3,3,2,3,2.62,1,21,FALSE
Male,Loyal Customer,42,Business Travel,Business,134,4,3,3,3,4,3,4,4,4,4,4,1,3,3.38,0,1,FALSE
Female,Loyal Customer,43,Business Travel,Eco,422,4,1,1,1,2,4,1,4,4,4,4,2,5,2.85,0,0,TRUE
Male,Loyal Customer,41,Personal Travel,Eco,2521,2,3,2,4,2,1,3,3,2,3,3,3,3,2.62,0,16,FALSE
Female,Loyal Customer,40,Business Travel,Business,1802,1,1,1,1,2,5,4,4,4,4,4,4,5,3.08,23,5,TRUE
Male,Loyal Customer,65,Personal Travel,Eco,547,2,1,2,4,1,2,1,1,4,5,4,3,1,2.38,0,0,FALSE
Female,Disloyal Customer,28,Business Travel,Eco,991,3,3,3,3,2,3,2,2,3,5,3,1,2,2.69,5,5,FALSE
Male,Loyal Customer,7,Personal Travel,Eco,1005,3,5,3,2,4,3,4,4,1,2,1,4,4,3.08,2,0,FALSE
Female,Disloyal Customer,26,Business Travel,Business,762,0,0,0,1,4,0,4,4,4,2,4,3,4,2.31,0,0,TRUE
Male,Loyal Customer,40,Business Travel,Eco,594,3,5,5,5,3,3,3,3,4,2,4,4,3,3.62,0,20,FALSE
Female,Loyal Customer,60,Business Travel,Business,3873,3,3,3,3,5,4,5,4,4,4,4,4,4,3.85,23,0,TRUE
Male,Loyal Customer,27,Business Travel,Business,575,1,2,2,2,1,1,1,1,4,5,4,4,1,2.23,0,0,FALSE
Female,Disloyal Customer,39,Business Travel,Eco,139,4,2,4,4,4,4,4,4,2,1,3,3,4,3.31,0,11,TRUE
Female,Loyal Customer,48,Business Travel,Business,2498,0,0,0,1,3,4,4,1,1,1,1,5,4,1.92,25,19,TRUE
Male,Loyal Customer,57,Business Travel,Business,821,2,2,2,2,3,4,3,2,2,2,2,1,2,2.23,31,30,FALSE
Female,Disloyal Customer,50,Business Travel,Business,1547,1,1,1,1,4,1,4,4,3,3,5,5,4,2.85,0,0,FALSE
Female,Loyal Customer,40,Business Travel,Business,2283,4,1,2,1,2,4,3,4,4,4,4,1,1,2.69,1,0,FALSE
Female,Loyal Customer,56,Business Travel,Eco,90,4,2,2,2,5,4,3,5,5,4,5,4,3,3.69,0,0,FALSE
Male,Loyal Customer,53,Business Travel,Business,287,5,5,5,5,5,5,4,5,5,5,5,5,4,4.85,0,0,TRUE
Male,Loyal Customer,51,Business Travel,Business,1031,1,1,1,1,2,5,4,5,5,5,5,5,3,3.31,0,0,TRUE
Male,Loyal Customer,37,Business Travel,Eco,116,4,2,2,2,4,4,4,4,2,4,3,4,4,3.31,0,0,FALSE
Female,Loyal Customer,43,Personal Travel,Eco Plus,1102,1,1,0,3,1,3,4,1,1,0,1,3,1,1.54,0,0,FALSE
Female,Disloyal Customer,40,Business Travel,Business,405,3,3,3,3,3,3,3,4,2,4,4,3,3,3.15,132,164,FALSE
Female,Disloyal Customer,23,Business Travel,Business,1598,4,0,4,4,3,4,3,3,4,2,4,5,3,3.31,0,0,TRUE
Male,Disloyal Customer,35,Business Travel,Business,1121,2,2,2,4,4,2,4,4,5,5,5,5,4,3.69,34,37,FALSE
Female,Loyal Customer,54,Business Travel,Eco,241,4,1,1,1,3,2,4,4,4,4,4,4,4,3.08,55,55,TRUE
Male,Loyal Customer,33,Business Travel,Business,2306,4,4,4,4,5,4,5,5,1,5,4,3,5,4.08,3,5,TRUE
Male,Loyal Customer,37,Personal Travel,Eco,612,1,5,0,3,5,0,5,5,4,5,4,4,5,3.54,0,0,FALSE
Male,Loyal Customer,7,Personal Travel,Eco,181,4,1,4,2,2,4,2,2,1,4,3,2,2,2.54,7,23,FALSE
Female,Loyal Customer,42,Business Travel,Business,2750,4,3,4,3,3,3,3,4,4,4,4,4,1,3.38,4,0,FALSE
Female,Loyal Customer,19,Business Travel,Business,200,4,1,1,1,1,1,4,1,1,1,3,1,1,1.62,55,36,FALSE
Male,Loyal Customer,51,Business Travel,Business,1511,2,4,4,4,5,4,3,2,2,2,2,2,4,3.08,49,45,FALSE
Male,Loyal Customer,46,Business Travel,Business,325,1,1,1,1,2,4,4,5,5,5,5,4,3,3.15,38,36,TRUE
Male,Loyal Customer,42,Personal Travel,Eco,361,1,3,1,3,3,1,3,3,3,3,4,3,3,2.62,0,0,FALSE
Male,Disloyal Customer,26,Business Travel,Eco,1192,2,2,2,4,5,2,5,5,2,3,3,3,5,3.31,0,0,FALSE
Male,Loyal Customer,42,Business Travel,Business,2583,4,4,4,4,2,4,4,4,4,4,4,4,5,3.92,0,0,TRUE
Male,Loyal Customer,27,Personal Travel,Eco,236,3,2,3,3,1,3,1,1,1,2,3,2,1,2,41,27,FALSE
Male,Loyal Customer,8,Personal Travel,Eco,746,2,4,2,4,5,2,5,5,4,5,4,4,5,3.92,10,0,FALSE
Male,Loyal Customer,53,Business Travel,Business,2158,1,1,1,1,4,4,5,5,5,5,5,5,4,3.54,80,66,TRUE
Female,Loyal Customer,27,Personal Travel,Eco,862,4,4,4,2,2,4,2,2,4,3,5,5,2,3.31,6,0,FALSE
Male,Loyal Customer,31,Business Travel,Business,259,3,3,3,3,5,5,5,5,5,3,5,3,5,4.08,10,11,TRUE
Male,Loyal Customer,58,Personal Travel,Eco,67,3,4,0,1,2,0,5,2,3,5,4,4,2,2.69,20,12,FALSE
Male,Loyal Customer,41,Business Travel,Business,1636,2,2,2,2,3,5,5,4,4,4,4,5,4,3.54,2,0,TRUE
Female,Loyal Customer,43,Business Travel,Business,102,2,2,2,2,4,4,5,5,5,5,5,4,4,3.77,0,0,TRUE
Male,Loyal Customer,66,Personal Travel,Eco,2504,1,3,1,3,1,3,3,3,4,4,4,3,3,2.77,9,42,FALSE
Male,Loyal Customer,12,Personal Travel,Eco,96,4,4,4,4,2,4,5,2,5,2,4,5,2,3.62,0,0,FALSE
Male,Loyal Customer,59,Business Travel,Business,258,5,5,5,5,4,5,4,5,5,5,5,3,3,4.54,0,0,TRUE
Male,Loyal Customer,76,Business Travel,Eco,451,1,0,0,3,4,1,4,4,2,2,2,3,4,2.31,1,0,FALSE
Male,Disloyal Customer,20,Business Travel,Eco,500,5,0,5,1,3,5,3,3,3,2,5,5,3,3.31,8,10,TRUE
Female,Loyal Customer,58,Personal Travel,Eco,1450,4,3,4,4,4,3,4,2,2,4,2,1,4,3.15,0,0,TRUE
Female,Loyal Customer,64,Personal Travel,Eco Plus,577,3,4,3,3,5,5,5,4,4,3,4,4,5,4,0,0,FALSE
Female,Disloyal Customer,39,Business Travel,Business,2586,1,1,1,4,1,3,3,3,3,5,5,3,3,2.77,73,78,FALSE
Male,Loyal Customer,57,Business Travel,Business,2756,1,1,1,1,4,4,5,4,4,4,4,4,3,3.08,8,9,TRUE
Female,Loyal Customer,35,Business Travel,Eco,473,4,5,5,5,4,4,4,4,5,4,3,3,4,4.15,5,47,TRUE
Male,Loyal Customer,43,Personal Travel,Eco,607,2,5,2,3,1,2,1,1,5,5,4,3,1,2.69,16,53,FALSE
Male,Loyal Customer,42,Business Travel,Business,1121,1,1,3,1,2,4,4,5,5,5,5,4,3,3.31,0,0,TRUE
Female,Loyal Customer,41,Business Travel,Eco,558,4,4,4,4,4,4,4,4,1,1,3,5,4,3.54,0,0,TRUE
Female,Loyal Customer,26,Personal Travel,Eco,563,2,1,2,2,4,2,4,4,3,4,2,4,4,2.92,22,5,FALSE
Female,Loyal Customer,62,Personal Travel,Eco,986,2,4,2,2,5,4,5,5,5,2,4,3,3,3.54,0,0,FALSE
Male,Loyal Customer,49,Personal Travel,Eco,191,3,5,3,5,3,3,3,3,3,2,5,5,3,3.54,5,0,FALSE
Male,Loyal Customer,67,Personal Travel,Eco,481,3,4,3,4,5,3,5,5,4,3,5,2,5,3.92,15,8,FALSE
Female,Loyal Customer,49,Business Travel,Business,2252,5,5,5,5,5,4,4,4,4,5,4,3,5,4.46,2,0,TRUE
Female,Loyal Customer,7,Personal Travel,Eco,67,4,5,4,5,4,4,4,4,3,5,4,3,4,4.08,0,5,FALSE
Male,Loyal Customer,45,Business Travel,Eco,859,1,2,3,2,1,1,1,1,4,5,4,4,1,2.31,29,25,FALSE
Female,Loyal Customer,24,Business Travel,Business,3591,3,3,3,3,5,5,5,5,4,1,2,5,5,3.77,0,0,TRUE
Female,Loyal Customer,19,Personal Travel,Eco,135,3,4,3,4,3,5,5,4,2,4,5,5,5,4,91,168,FALSE
Female,Disloyal Customer,23,Business Travel,Eco,347,2,3,2,3,2,2,2,2,2,4,3,1,2,2.31,0,9,FALSE
Female,Loyal Customer,14,Personal Travel,Eco Plus,888,3,4,3,4,2,3,1,2,2,1,4,2,2,2.54,0,7,FALSE
Female,Loyal Customer,51,Personal Travel,Eco Plus,199,3,5,0,1,5,4,5,3,3,0,3,3,4,3,0,0,FALSE
Male,Loyal Customer,43,Business Travel,Eco,146,4,2,2,2,4,4,4,4,2,4,3,1,4,3.08,10,9,TRUE
Female,Loyal Customer,55,Business Travel,Business,2820,0,0,0,3,1,3,4,1,1,1,1,2,4,1.62,0,0,TRUE
Female,Loyal Customer,36,Business Travel,Eco,237,3,3,3,3,3,3,3,3,1,3,3,1,3,2.69,0,26,FALSE
Female,Loyal Customer,35,Business Travel,Business,3127,2,2,2,2,3,5,5,4,4,4,4,4,4,3.46,4,0,TRUE
Male,Disloyal Customer,23,Business Travel,Business,1121,4,4,4,2,2,4,2,2,3,4,4,3,2,3.08,0,0,TRUE
Female,Loyal Customer,48,Business Travel,Eco,341,3,3,3,3,4,4,4,3,3,3,3,3,3,3.23,6,0,FALSE
Male,Loyal Customer,33,Business Travel,Business,3323,4,4,4,4,5,5,5,5,2,2,4,5,5,4.15,43,45,TRUE
Female,Loyal Customer,46,Business Travel,Business,3822,1,4,4,4,5,4,4,1,1,1,1,4,3,2.85,18,8,FALSE
Male,Loyal Customer,15,Personal Travel,Eco Plus,861,1,3,1,3,1,1,3,1,3,4,3,2,1,2.08,2,10,FALSE
Male,Loyal Customer,64,Personal Travel,Eco,432,1,2,1,4,3,1,2,3,3,5,4,4,3,2.77,0,0,FALSE
Male,Loyal Customer,49,Business Travel,Business,594,2,2,3,2,5,5,4,5,5,5,5,4,4,3.92,0,1,TRUE
Female,Loyal Customer,45,Business Travel,Business,3851,4,4,4,4,3,4,5,4,4,4,4,4,4,4,105,94,TRUE
Male,Loyal Customer,62,Business Travel,Business,404,4,4,4,4,5,5,4,5,5,5,5,5,3,4.46,0,5,TRUE
Female,Loyal Customer,46,Business Travel,Business,2740,0,0,0,2,2,4,5,5,5,5,5,4,5,3.23,0,0,TRUE
Female,Loyal Customer,62,Personal Travel,Eco,135,2,5,2,4,5,5,4,2,2,2,1,5,4,3.31,0,0,FALSE
Female,Loyal Customer,40,Personal Travel,Eco Plus,562,5,3,5,3,4,5,1,4,3,3,4,1,4,3.46,41,36,TRUE
Female,Loyal Customer,40,Business Travel,Business,3011,4,4,4,4,5,5,4,4,4,4,4,3,3,4,17,12,TRUE
Female,Loyal Customer,52,Business Travel,Business,2537,3,5,5,5,2,4,3,3,3,3,3,4,4,3.62,0,0,FALSE
Female,Loyal Customer,49,Business Travel,Business,867,3,3,3,3,2,4,1,5,5,5,5,4,5,3.69,0,0,TRUE
Female,Loyal Customer,23,Business Travel,Eco,378,5,4,4,4,5,5,4,5,4,2,4,3,5,4.15,0,0,TRUE
Male,Loyal Customer,46,Business Travel,Eco,651,3,3,3,3,3,3,3,3,3,4,3,3,3,3.08,156,147,FALSE
Male,Loyal Customer,44,Business Travel,Business,581,1,1,1,1,5,1,4,4,4,4,4,4,3,2.85,21,13,TRUE
Female,Loyal Customer,24,Business Travel,Eco Plus,707,1,3,3,3,1,1,2,1,1,3,3,2,1,1.92,0,0,FALSE
Female,Loyal Customer,36,Business Travel,Business,3871,1,1,1,1,2,3,4,5,5,5,5,5,4,3.23,0,0,TRUE
Female,Loyal Customer,10,Personal Travel,Eco,436,2,2,2,3,4,2,4,4,1,4,3,3,4,2.92,1,5,FALSE
Female,Loyal Customer,59,Business Travel,Business,3919,2,2,2,2,4,4,4,4,4,4,4,4,3,3.31,3,0,TRUE
Female,Loyal Customer,33,Business Travel,Eco,714,5,3,3,3,5,5,5,2,3,1,5,5,5,3.85,232,238,TRUE
Female,Loyal Customer,56,Business Travel,Business,3644,2,2,2,2,5,5,5,5,5,5,5,4,5,4,0,0,TRUE
Male,Loyal Customer,47,Personal Travel,Eco,829,4,4,5,3,4,5,4,4,4,3,4,5,4,4.08,36,22,FALSE
Male,Loyal Customer,12,Personal Travel,Eco,406,3,5,3,2,1,3,1,1,5,2,5,5,1,2.85,26,24,FALSE
Male,Loyal Customer,67,Business Travel,Business,2965,2,2,2,2,4,4,5,4,4,5,4,3,1,3.23,0,0,TRUE
Male,Loyal Customer,42,Business Travel,Business,547,2,3,2,3,2,3,3,2,2,2,2,2,2,2.31,4,9,FALSE
Male,Loyal Customer,32,Business Travel,Eco,1452,4,1,1,1,4,5,4,4,1,1,4,4,4,2.92,30,32,TRUE
Male,Loyal Customer,46,Business Travel,Business,2935,4,4,4,4,4,4,5,4,4,4,4,5,5,4.23,1,0,TRUE
Male,Loyal Customer,39,Business Travel,Business,253,2,2,2,2,4,1,2,5,5,5,5,2,4,3.15,9,13,TRUE
Female,Disloyal Customer,18,Business Travel,Eco,352,3,4,3,3,2,3,2,2,3,3,3,1,2,2.62,1,24,FALSE
Female,Loyal Customer,32,Business Travel,Business,308,5,5,5,5,3,4,3,3,4,3,4,4,3,3.92,2,0,TRUE
Female,Loyal Customer,30,Business Travel,Eco,1814,1,5,5,5,1,1,1,1,2,1,2,1,1,2.08,60,55,FALSE
Male,Loyal Customer,53,Business Travel,Business,1504,3,3,3,3,2,5,4,3,3,3,3,3,3,3.15,32,10,TRUE
Female,Disloyal Customer,40,Business Travel,Business,236,3,3,3,4,4,3,4,4,3,1,4,2,4,3.23,0,3,FALSE
Male,Loyal Customer,38,Business Travel,Eco,224,4,3,3,3,4,4,4,4,4,5,2,2,4,3.54,0,0,TRUE
Male,Disloyal Customer,20,Business Travel,Business,296,5,4,5,4,4,5,4,4,4,5,5,4,4,4.38,0,0,TRUE
Female,Loyal Customer,41,Personal Travel,Eco,432,2,4,2,4,3,2,3,3,5,5,5,5,3,3.54,0,6,FALSE
Female,Loyal Customer,36,Business Travel,Eco,374,3,3,4,3,3,4,3,3,2,3,1,5,3,3.08,0,0,TRUE
Male,Disloyal Customer,27,Business Travel,Business,1089,4,4,4,3,2,4,5,2,4,4,5,5,2,3.69,0,0,TRUE
Male,Loyal Customer,38,Business Travel,Business,197,2,5,5,5,1,4,3,2,2,2,2,2,2,2.85,0,0,FALSE
Male,Loyal Customer,30,Personal Travel,Eco,472,3,3,3,4,5,3,5,5,2,5,4,3,5,3.85,0,0,FALSE
Female,Disloyal Customer,24,Business Travel,Eco,589,3,0,3,2,4,3,5,4,1,2,5,5,4,3.15,0,0,FALSE
Female,Loyal Customer,24,Business Travel,Business,1559,1,1,1,1,4,5,4,4,3,2,5,5,4,3.08,0,0,TRUE
Female,Loyal Customer,39,Business Travel,Eco,296,3,3,3,3,3,3,3,3,2,4,3,2,3,2.92,17,7,FALSE
Female,Loyal Customer,40,Business Travel,Business,2218,1,1,1,1,4,5,5,5,5,5,5,5,3,3.54,10,9,TRUE
Male,Loyal Customer,25,Business Travel,Business,550,2,5,2,5,2,2,2,1,3,3,4,2,2,2.69,140,171,FALSE
Male,Disloyal Customer,21,Business Travel,Eco,355,1,2,1,4,1,1,1,1,1,2,3,1,1,1.54,0,13,FALSE
Male,Disloyal Customer,34,Business Travel,Business,495,1,1,1,2,1,4,4,4,4,5,4,4,4,3,150,141,FALSE
Male,Loyal Customer,35,Business Travel,Business,3410,5,2,5,5,3,5,4,4,4,4,4,4,3,4,0,0,TRUE
Male,Loyal Customer,26,Business Travel,Business,1055,1,1,2,1,4,4,4,4,4,5,5,4,4,3.31,0,0,TRUE
Female,Loyal Customer,19,Personal Travel,Eco,599,2,2,2,4,1,2,1,1,1,4,2,3,1,2,0,0,FALSE
Female,Loyal Customer,44,Business Travel,Business,3541,1,1,1,1,4,5,5,5,5,5,5,5,4,3.62,9,9,TRUE
Female,Loyal Customer,27,Business Travel,Eco,1183,3,3,3,3,3,2,3,3,1,1,3,1,3,2.46,81,62,FALSE
Female,Loyal Customer,40,Business Travel,Business,331,2,2,2,2,3,5,5,5,5,5,5,3,5,3.77,0,0,TRUE
Male,Loyal Customer,38,Personal Travel,Eco,268,3,1,3,4,3,3,3,3,1,4,3,2,3,2.77,0,0,FALSE
Female,Loyal Customer,59,Business Travel,Business,430,1,1,4,4,1,3,3,1,1,1,1,1,1,1.77,0,0,FALSE
Male,Loyal Customer,51,Personal Travel,Eco,221,3,4,0,3,2,0,3,2,5,5,3,5,2,2.85,0,7,FALSE
Female,Loyal Customer,51,Business Travel,Eco,1066,2,4,4,4,3,3,4,2,2,2,2,3,3,2.92,50,41,FALSE
Female,Disloyal Customer,25,Business Travel,Eco,300,5,4,5,3,4,5,4,4,1,3,5,5,4,4,0,0,TRUE
Female,Disloyal Customer,23,Business Travel,Business,541,4,1,4,4,3,4,5,3,4,3,5,3,3,3.54,0,0,TRUE
Male,Loyal Customer,8,Personal Travel,Eco,1995,4,4,4,3,5,4,3,5,5,5,4,4,5,4.23,0,44,FALSE
Female,Loyal Customer,51,Business Travel,Business,2263,4,4,4,4,3,4,4,4,4,4,4,3,3,3.77,0,0,TRUE
Male,Loyal Customer,23,Business Travel,Business,2824,2,4,4,4,2,2,2,2,1,1,4,3,2,2.54,25,21,FALSE
Male,Disloyal Customer,54,Business Travel,Eco,446,2,3,3,4,5,3,4,5,3,1,4,1,5,3.31,0,0,FALSE
Female,Loyal Customer,25,Business Travel,Business,642,5,5,5,5,5,5,5,5,5,2,2,4,5,4.46,0,23,TRUE
Male,Loyal Customer,22,Business Travel,Business,2640,1,5,5,5,1,1,1,1,2,2,3,2,1,2.31,0,14,FALSE
Female,Disloyal Customer,20,Business Travel,Eco,1371,2,2,2,3,3,2,5,3,4,2,4,2,3,2.85,21,20,FALSE
Female,Loyal Customer,25,Business Travel,Eco,936,3,1,1,1,3,3,2,3,2,1,3,3,3,2.23,0,0,FALSE
Female,Loyal Customer,30,Personal Travel,Eco,937,3,3,3,2,5,3,5,5,4,5,4,4,5,3.92,0,0,FALSE
Male,Loyal Customer,55,Personal Travel,Eco Plus,1587,2,4,2,1,1,2,1,1,3,5,3,3,1,2.23,0,0,FALSE
Female,Disloyal Customer,57,Business Travel,Eco,985,3,3,3,3,2,3,2,2,2,2,3,3,2,2.54,21,8,FALSE
Female,Disloyal Customer,33,Business Travel,Eco,585,1,0,1,1,5,1,5,5,3,4,4,5,5,3.08,0,0,FALSE
Female,Loyal Customer,32,Personal Travel,Eco,2454,2,5,2,3,2,2,2,2,3,2,5,3,2,2.69,0,13,FALSE
Female,Loyal Customer,23,Business Travel,Business,316,2,4,4,4,2,2,2,2,1,5,4,3,2,2.85,0,0,FALSE
Female,Loyal Customer,53,Business Travel,Business,214,0,4,0,4,3,5,5,5,5,5,5,4,4,3.77,0,0,TRUE
Female,Loyal Customer,41,Business Travel,Eco,1050,5,4,4,4,5,5,5,5,4,2,4,4,5,4.31,0,0,TRUE
Female,Loyal Customer,51,Business Travel,Eco,589,5,4,4,4,1,2,1,5,5,5,5,1,1,3.31,0,0,TRUE
Male,Disloyal Customer,30,Business Travel,Business,745,5,5,5,3,3,5,5,3,5,4,4,5,3,4.23,0,0,TRUE
Female,Loyal Customer,38,Business Travel,Business,1721,5,5,5,5,4,5,1,2,2,2,2,3,2,3.31,4,0,TRUE
Male,Loyal Customer,31,Business Travel,Business,308,3,2,2,2,3,3,3,3,2,4,2,3,3,2.69,0,0,FALSE
Male,Loyal Customer,38,Business Travel,Eco,214,4,1,1,1,4,4,4,4,3,1,3,2,4,2.77,0,0,FALSE
Female,Loyal Customer,22,Business Travel,Business,2381,5,5,5,5,5,5,5,5,2,1,3,3,5,4.15,0,0,TRUE
Female,Loyal Customer,48,Business Travel,Business,1086,2,2,2,2,3,4,4,5,5,5,5,4,5,3.69,0,0,TRUE
Female,Loyal Customer,41,Business Travel,Business,1980,2,2,4,2,5,2,3,4,4,4,4,1,3,3.08,0,19,TRUE
Male,Loyal Customer,23,Personal Travel,Eco,214,2,0,2,2,4,2,4,4,5,4,5,5,4,3.31,0,0,FALSE
Male,Loyal Customer,15,Personal Travel,Eco,197,2,2,2,3,2,2,2,2,1,2,3,2,2,2.08,29,27,FALSE
Male,Loyal Customer,23,Personal Travel,Eco,1558,1,4,1,1,5,1,1,5,5,4,3,5,5,3.15,5,16,FALSE
Male,Disloyal Customer,50,Business Travel,Business,234,1,1,1,3,3,1,3,3,3,1,3,1,3,2.08,4,9,FALSE
Female,Loyal Customer,85,Business Travel,Business,171,2,2,4,2,4,3,4,5,5,3,4,4,4,3.54,0,0,TRUE
Male,Loyal Customer,42,Business Travel,Business,2205,4,5,5,5,5,2,2,4,4,4,4,3,4,3.92,0,20,FALSE
Male,Loyal Customer,49,Business Travel,Business,2746,3,3,3,3,4,5,5,5,5,4,5,5,3,4.08,49,43,TRUE
Female,Loyal Customer,35,Personal Travel,Eco,1084,4,4,4,1,2,4,2,2,4,2,4,3,2,2.92,0,0,TRUE
Male,Loyal Customer,18,Personal Travel,Eco,448,1,5,1,3,5,1,5,5,4,3,4,5,5,3.62,0,0,FALSE
Male,Loyal Customer,51,Business Travel,Business,2210,3,3,2,3,4,5,4,5,5,5,5,4,4,4,37,29,TRUE
Male,Loyal Customer,69,Personal Travel,Eco,458,2,5,2,3,3,2,4,3,3,4,4,4,3,3.23,0,0,FALSE
Male,Loyal Customer,32,Business Travel,Business,2485,2,1,1,1,2,2,2,2,4,4,4,4,2,2.38,102,85,FALSE
Female,Disloyal Customer,21,Business Travel,Eco,307,2,2,2,4,2,4,4,2,2,3,3,4,4,2.92,212,237,FALSE
Male,Disloyal Customer,20,Business Travel,Eco,177,2,0,2,2,2,2,2,2,2,5,3,4,2,2.31,11,24,FALSE
Male,Loyal Customer,34,Business Travel,Business,3415,1,1,1,1,4,4,4,5,2,5,5,4,4,3.15,144,135,TRUE
Female,Disloyal Customer,40,Business Travel,Business,417,2,2,2,4,3,2,3,3,3,4,5,5,3,3.15,0,0,FALSE
Female,Disloyal Customer,45,Business Travel,Eco,983,4,4,4,3,4,4,4,4,3,5,4,2,4,3.77,15,9,FALSE
Male,Loyal Customer,60,Business Travel,Business,361,1,1,1,1,3,5,5,4,4,4,4,3,3,3,0,0,TRUE
Male,Loyal Customer,48,Business Travel,Business,317,3,3,3,3,5,4,5,5,5,5,5,3,3,4,19,12,TRUE
Female,Disloyal Customer,24,Business Travel,Eco,984,2,2,2,3,3,2,3,3,4,2,4,4,3,2.85,67,45,FALSE
Female,Loyal Customer,51,Business Travel,Business,3008,3,3,3,3,4,5,3,4,4,4,4,2,4,3.54,0,0,TRUE
Male,Disloyal Customer,46,Business Travel,Business,1389,3,3,3,4,4,3,4,4,3,5,5,4,4,3.77,0,0,FALSE
Male,Loyal Customer,8,Personal Travel,Eco,1671,3,3,4,4,1,4,1,1,2,5,4,4,1,2.85,0,0,FALSE
Male,Disloyal Customer,43,Business Travel,Business,1009,1,2,2,3,5,1,5,5,3,2,4,3,5,3.15,0,2,FALSE
Male,Loyal Customer,39,Business Travel,Business,1558,3,3,3,3,3,4,5,5,5,5,5,4,3,3.92,0,0,TRUE
Male,Loyal Customer,30,Business Travel,Business,1706,2,2,2,2,4,4,4,4,4,3,4,4,4,3.31,0,0,TRUE
Female,Loyal Customer,45,Business Travel,Eco,271,4,1,1,1,1,5,4,4,4,4,4,4,4,3.15,0,0,TRUE
Female,Disloyal Customer,24,Business Travel,Business,1524,0,3,0,4,3,0,3,3,5,5,5,4,3,2.92,10,0,TRUE
Female,Loyal Customer,41,Business Travel,Business,846,5,5,5,5,2,5,4,5,5,5,5,5,4,4.62,2,4,TRUE
Female,Loyal Customer,30,Business Travel,Business,2369,1,1,1,1,5,5,5,5,5,3,5,5,5,3.62,0,0,TRUE
Male,Disloyal Customer,23,Business Travel,Eco,247,1,0,1,3,1,1,1,1,4,5,5,3,1,2.08,5,12,FALSE
Male,Loyal Customer,22,Personal Travel,Eco Plus,1482,2,2,2,3,2,2,2,2,1,2,4,2,2,2.15,0,0,FALSE
Female,Loyal Customer,51,Personal Travel,Eco,1460,2,2,2,3,1,3,2,2,2,2,5,2,1,2.23,0,42,FALSE
Female,Loyal Customer,64,Business Travel,Business,86,1,2,2,2,1,1,2,2,2,2,1,2,3,1.77,0,1,FALSE
Male,Loyal Customer,42,Business Travel,Business,1121,3,3,3,3,1,1,1,4,4,4,4,1,3,2.69,12,5,TRUE
Female,Loyal Customer,30,Personal Travel,Eco,308,3,5,3,3,2,3,2,2,5,2,5,3,2,3.08,0,8,FALSE
Male,Loyal Customer,49,Business Travel,Business,762,1,1,3,1,4,4,5,4,4,4,4,3,3,3.15,11,0,TRUE
Male,Loyal Customer,29,Personal Travel,Eco,759,1,5,1,3,2,1,2,2,5,2,4,3,2,2.54,0,0,FALSE
Female,Loyal Customer,15,Personal Travel,Eco,116,2,2,0,3,1,0,1,1,3,4,4,1,1,1.77,0,0,FALSE
Male,Disloyal Customer,39,Personal Travel,Eco,255,4,5,4,2,1,4,1,1,4,4,5,5,1,3.15,0,0,FALSE
Male,Disloyal Customer,27,Business Travel,Eco,704,2,2,2,3,3,2,3,3,4,5,3,3,3,2.92,0,0,FALSE
Female,Disloyal Customer,61,Business Travel,Business,309,2,2,2,3,1,2,1,1,2,3,4,2,1,2,19,14,FALSE
Male,Disloyal Customer,18,Business Travel,Eco,1225,1,1,1,3,2,1,2,2,5,2,4,5,2,2.38,2,0,FALSE
Female,Disloyal Customer,35,Business Travel,Business,2338,2,2,2,4,3,2,3,3,5,5,5,5,3,3.38,8,3,FALSE
Male,Loyal Customer,47,Personal Travel,Eco,1015,2,1,2,4,4,2,4,4,3,5,4,1,4,3.08,11,9,FALSE
Male,Loyal Customer,36,Business Travel,Eco,200,2,4,4,4,2,3,2,2,3,3,3,2,2,2.77,0,0,FALSE
Female,Loyal Customer,49,Personal Travel,Business,1195,2,5,2,1,4,3,5,1,1,2,1,4,4,2.69,3,0,FALSE
Male,Loyal Customer,22,Personal Travel,Eco,331,3,3,3,4,3,3,3,3,1,3,3,1,3,2.77,0,0,FALSE
Male,Loyal Customer,62,Personal Travel,Eco,788,1,5,1,3,3,1,3,3,5,2,4,4,3,2.92,20,33,FALSE
Male,Disloyal Customer,36,Business Travel,Business,733,2,2,2,3,2,2,1,2,3,2,4,5,2,2.46,0,0,FALSE
Male,Loyal Customer,34,Business Travel,Business,3453,4,4,3,4,5,1,1,4,4,4,4,4,2,3.38,0,0,TRUE
Female,Loyal Customer,61,Personal Travel,Eco,342,2,1,1,3,2,3,3,5,5,1,5,1,1,2.54,59,57,FALSE
Female,Loyal Customer,41,Business Travel,Business,2552,1,1,1,1,2,4,4,5,5,5,5,3,4,3.15,1,0,TRUE
Female,Loyal Customer,53,Personal Travel,Eco,862,2,5,2,3,2,5,5,4,4,2,3,4,5,3.54,6,0,FALSE
Female,Loyal Customer,32,Business Travel,Business,2484,3,3,3,3,5,5,5,5,5,5,4,5,5,4.31,10,10,TRUE
Male,Disloyal Customer,62,Business Travel,Business,628,2,2,2,4,2,2,2,2,3,5,4,4,2,2.77,2,0,FALSE
Male,Disloyal Customer,45,Business Travel,Eco,679,2,3,3,4,4,3,3,4,1,2,4,3,4,3.08,0,0,FALSE
Male,Loyal Customer,31,Business Travel,Business,3222,1,1,1,1,4,4,4,4,5,3,4,5,4,3.15,18,2,TRUE
Female,Loyal Customer,15,Personal Travel,Eco Plus,2182,2,4,2,4,5,2,5,5,4,1,3,1,5,3.31,0,0,FALSE
Female,Loyal Customer,40,Business Travel,Business,1698,1,5,5,5,4,3,2,1,1,1,1,1,4,2.62,0,0,FALSE
Female,Loyal Customer,48,Business Travel,Business,1911,3,3,5,3,5,4,5,5,5,4,5,4,4,4.23,30,2,TRUE
Male,Loyal Customer,37,Business Travel,Business,1757,2,3,3,3,1,4,4,2,2,2,2,3,2,2.54,5,10,FALSE
Female,Loyal Customer,19,Personal Travel,Business,1215,3,2,3,1,2,3,5,2,1,3,1,4,2,2.46,0,0,FALSE
Male,Loyal Customer,67,Personal Travel,Eco,109,4,4,4,3,1,4,1,1,4,3,3,3,1,2.77,0,0,FALSE
Male,Loyal Customer,28,Business Travel,Business,1632,3,3,3,3,2,2,2,2,5,5,5,5,2,3.23,0,0,TRUE
Female,Loyal Customer,43,Business Travel,Business,395,4,4,3,4,3,5,4,5,5,5,5,3,3,4.08,45,24,TRUE
Male,Loyal Customer,57,Business Travel,Business,370,3,3,3,3,5,4,4,4,4,4,4,5,3,3.77,0,0,TRUE
Male,Loyal Customer,54,Personal Travel,Eco,296,1,3,1,3,4,1,4,4,1,1,4,3,4,2.62,2,2,FALSE
Male,Loyal Customer,36,Business Travel,Eco,370,3,1,1,1,3,3,3,3,1,3,3,4,3,2.46,0,0,FALSE
Male,Loyal Customer,42,Business Travel,Business,1548,2,4,5,4,5,3,3,2,2,2,2,4,3,3.15,0,0,FALSE
Male,Loyal Customer,16,Personal Travel,Eco Plus,1590,2,4,2,1,2,2,2,2,4,3,4,4,2,2.62,21,15,FALSE
Male,Loyal Customer,54,Business Travel,Eco,173,5,3,3,3,5,5,5,5,3,4,3,1,5,3.85,0,0,TRUE
Male,Loyal Customer,44,Business Travel,Business,3642,5,5,5,5,4,5,5,4,4,4,4,3,5,4.46,7,12,TRUE
Male,Loyal Customer,23,Business Travel,Business,666,3,5,5,5,3,3,3,3,1,3,3,3,3,3.31,3,0,FALSE
Female,Loyal Customer,21,Personal Travel,Eco,326,5,5,5,3,4,5,4,4,4,5,2,3,4,4.08,0,0,TRUE
Female,Loyal Customer,33,Personal Travel,Eco,1325,1,5,1,4,4,1,4,4,3,2,4,3,4,3.08,0,0,FALSE
Male,Loyal Customer,40,Business Travel,Business,3970,2,2,2,2,5,4,5,4,4,4,4,3,5,3.54,46,23,TRUE
Female,Loyal Customer,38,Business Travel,Business,2325,2,2,2,2,4,4,4,2,2,2,2,1,1,2.31,53,37,FALSE
Male,Loyal Customer,59,Business Travel,Business,356,5,5,3,5,4,4,5,5,5,5,5,5,5,4.69,22,30,TRUE
Female,Loyal Customer,47,Personal Travel,Eco,980,2,4,1,3,3,4,4,1,1,1,1,5,4,2.62,0,0,FALSE
Male,Loyal Customer,40,Business Travel,Business,2260,3,3,4,3,3,5,4,4,4,4,4,3,5,3.77,0,0,TRUE
Male,Loyal Customer,10,Personal Travel,Eco,1005,2,4,2,1,4,2,4,4,3,4,4,3,4,3.15,23,8,FALSE
Female,Loyal Customer,49,Business Travel,Business,255,2,1,2,2,4,5,4,5,5,5,5,5,3,3.69,0,0,TRUE
Female,Loyal Customer,48,Business Travel,Eco,221,4,3,3,3,4,2,4,4,4,4,4,2,2,3.31,0,0,TRUE
Female,Disloyal Customer,38,Business Travel,Business,715,2,2,2,5,2,2,2,2,5,5,4,4,2,3,0,0,FALSE
Female,Loyal Customer,45,Business Travel,Business,1334,5,5,5,5,1,5,2,5,5,5,5,5,2,4.23,0,3,TRUE
Male,Loyal Customer,55,Business Travel,Eco,499,2,5,5,5,2,2,2,2,2,5,3,2,2,3,0,0,FALSE
Male,Loyal Customer,49,Personal Travel,Business,596,0,5,0,1,2,3,5,4,4,0,4,4,4,2.77,0,0,TRUE
Female,Loyal Customer,46,Business Travel,Business,3611,2,2,2,2,4,4,4,4,4,4,4,3,3,3.23,0,0,TRUE
Female,Loyal Customer,47,Personal Travel,Eco,1617,2,4,2,3,5,2,3,4,4,2,4,4,1,3.08,0,6,FALSE
Female,Loyal Customer,11,Personal Travel,Business,1208,2,2,2,3,4,2,4,4,3,2,1,1,4,2.62,0,0,FALSE
Female,Loyal Customer,49,Personal Travel,Eco,861,2,1,2,3,3,3,3,5,5,2,5,1,1,2.77,7,0,FALSE
Male,Loyal Customer,40,Personal Travel,Eco,1235,3,2,3,3,5,3,2,5,3,5,3,4,5,3.54,22,7,FALSE
Female,Loyal Customer,60,Business Travel,Business,1864,1,2,2,2,4,2,3,1,1,1,1,3,3,2,0,5,FALSE
Female,Disloyal Customer,33,Business Travel,Eco,101,2,0,3,4,2,3,2,2,2,5,5,4,2,2.77,0,0,FALSE
Female,Loyal Customer,36,Business Travel,Business,2292,1,1,1,1,1,2,5,5,5,5,5,1,1,2.62,0,0,TRUE
Male,Loyal Customer,40,Business Travel,Eco,1576,3,4,4,4,3,3,3,3,3,1,3,4,3,3.15,0,0,FALSE
Female,Loyal Customer,35,Business Travel,Business,332,4,4,4,4,1,5,4,4,4,4,4,4,2,3.69,0,3,TRUE
Male,Loyal Customer,37,Business Travel,Eco,853,2,4,4,4,2,2,2,2,4,3,4,4,2,3,0,0,FALSE
Male,Loyal Customer,7,Personal Travel,Eco,347,4,3,4,4,4,4,3,4,1,5,3,2,4,3.46,0,0,TRUE
Female,Disloyal Customer,16,Personal Travel,Eco,1242,4,5,4,2,4,4,1,4,4,2,5,5,4,3.69,0,0,FALSE
Female,Loyal Customer,36,Personal Travel,Eco Plus,837,2,3,2,1,4,2,4,4,3,3,4,2,4,2.92,0,4,FALSE
Female,Loyal Customer,53,Business Travel,Business,2363,2,2,2,2,4,4,4,4,4,4,4,4,5,3.46,48,40,TRUE
Female,Loyal Customer,50,Business Travel,Business,1590,1,5,5,5,1,1,1,4,1,4,3,1,1,2.54,134,113,FALSE
Male,Loyal Customer,21,Personal Travel,Eco,758,3,5,4,4,5,4,5,5,3,3,5,3,5,4.15,51,45,FALSE
Male,Loyal Customer,59,Business Travel,Eco,133,3,4,4,4,3,3,3,3,1,5,5,5,3,3.54,0,0,TRUE
Female,Loyal Customer,31,Personal Travel,Eco,409,3,5,3,2,3,3,3,3,3,4,5,3,3,3.31,0,0,FALSE
Male,Loyal Customer,31,Personal Travel,Eco Plus,986,4,4,4,4,5,4,5,5,3,2,4,5,5,4.15,0,0,FALSE
Male,Disloyal Customer,25,Business Travel,Business,883,4,5,3,4,3,3,3,3,3,2,5,4,3,3.46,5,0,TRUE
Female,Disloyal Customer,23,Business Travel,Eco,290,3,4,3,3,5,3,5,5,4,5,3,3,5,3.92,0,0,FALSE
Female,Loyal Customer,53,Business Travel,Business,867,4,4,4,4,4,4,5,5,5,5,5,5,5,4.54,9,5,TRUE
Female,Loyal Customer,60,Business Travel,Business,3143,4,4,4,4,2,4,4,4,4,4,4,5,5,4,46,33,TRUE
Male,Loyal Customer,66,Personal Travel,Business,1258,1,4,1,2,4,3,4,2,2,1,2,3,3,2.46,0,0,FALSE
Male,Loyal Customer,45,Personal Travel,Eco,273,1,4,1,4,3,1,3,3,1,1,4,4,3,2.54,0,0,FALSE
Female,Loyal Customer,35,Business Travel,Business,2078,1,1,1,1,4,4,4,3,3,3,3,5,5,2.92,0,0,TRUE
Male,Loyal Customer,47,Personal Travel,Eco,102,1,1,0,3,1,0,1,1,2,3,4,4,1,1.69,0,3,FALSE
Male,Loyal Customer,55,Business Travel,Business,1790,0,0,0,1,4,4,4,2,2,2,2,3,4,2.15,1,0,TRUE
Female,Loyal Customer,47,Business Travel,Business,2187,5,5,5,5,3,5,5,4,4,4,4,5,5,4.54,34,38,TRUE
Male,Disloyal Customer,38,Business Travel,Business,1846,3,3,3,1,4,3,4,4,3,4,4,4,4,3.38,0,0,FALSE
Male,Loyal Customer,31,Business Travel,Business,3099,2,2,4,2,4,4,4,4,3,2,5,5,4,3.46,0,8,TRUE
Male,Loyal Customer,54,Personal Travel,Eco,1009,3,4,3,5,4,3,4,4,5,5,4,3,4,3.92,13,26,FALSE
Male,Loyal Customer,61,Business Travel,Business,2349,5,5,4,5,4,5,4,4,4,4,4,4,4,4.31,0,0,TRUE
Female,Loyal Customer,60,Business Travel,Business,1733,1,0,0,3,5,1,2,4,4,0,4,2,3,2.23,3,0,FALSE
Female,Loyal Customer,63,Personal Travel,Eco,1464,3,4,3,2,5,5,5,5,5,3,5,3,5,4.08,0,0,FALSE
Female,Loyal Customer,49,Business Travel,Business,1582,4,4,3,4,4,4,4,5,5,5,5,5,3,4.23,0,27,TRUE
Female,Loyal Customer,49,Business Travel,Eco,1176,4,4,4,4,2,4,5,5,5,4,5,2,5,4.08,5,46,TRUE
Female,Loyal Customer,55,Business Travel,Business,1740,1,4,1,1,4,4,4,5,3,5,4,4,4,3.38,114,171,TRUE
Female,Loyal Customer,14,Personal Travel,Eco,1205,3,1,3,4,4,3,4,4,4,1,3,2,4,3.08,5,0,FALSE
Male,Loyal Customer,20,Personal Travel,Eco,551,4,2,4,4,5,4,5,5,4,2,4,4,5,4,13,14,FALSE
Male,Disloyal Customer,44,Business Travel,Business,1119,4,4,4,2,3,4,3,3,3,3,4,5,3,3.46,0,16,FALSE
Male,Loyal Customer,20,Personal Travel,Eco,407,4,2,4,4,1,4,1,1,4,1,4,3,1,2.62,9,0,TRUE
Female,Loyal Customer,42,Business Travel,Business,2425,3,5,5,5,3,4,4,3,3,3,3,4,1,3.54,18,16,FALSE
Male,Loyal Customer,48,Business Travel,Business,1990,3,5,3,3,5,3,5,2,2,2,2,3,3,3.15,26,12,TRUE
Female,Loyal Customer,47,Business Travel,Business,2897,1,5,5,5,2,3,3,1,1,1,1,4,1,2.54,0,0,FALSE
Male,Loyal Customer,7,Personal Travel,Eco,317,3,5,5,2,4,5,4,4,4,1,2,3,4,3.54,0,0,FALSE
Male,Loyal Customer,29,Business Travel,Eco,846,4,4,4,4,4,4,4,4,1,3,3,3,4,3.54,0,0,FALSE
Male,Disloyal Customer,46,Business Travel,Business,371,1,1,1,4,5,1,5,5,3,2,5,3,5,3.15,0,0,FALSE
Female,Loyal Customer,47,Business Travel,Business,1587,4,4,4,4,5,5,4,4,4,4,4,4,5,4.23,0,6,TRUE
Male,Loyal Customer,55,Business Travel,Business,473,1,3,3,3,5,4,3,1,1,1,1,4,4,2.62,27,15,FALSE
Male,Disloyal Customer,39,Business Travel,Business,148,2,2,2,4,3,2,3,3,3,4,4,5,3,3.08,30,22,FALSE
Female,Disloyal Customer,24,Business Travel,Business,874,5,4,5,4,5,5,5,5,4,2,5,3,5,4.38,0,0,TRUE
Female,Disloyal Customer,24,Business Travel,Eco,337,4,0,4,4,3,4,3,3,3,4,5,4,3,3.38,0,0,TRUE
Male,Loyal Customer,34,Business Travel,Business,588,4,4,4,4,5,3,4,4,4,5,4,3,3,3.92,0,0,TRUE
Male,Disloyal Customer,21,Business Travel,Eco,475,3,3,3,3,2,3,2,2,4,1,4,1,2,2.54,8,16,FALSE
Female,Loyal Customer,56,Business Travel,Business,447,2,2,2,2,4,5,5,5,5,5,5,4,3,3.77,0,0,TRUE
Male,Loyal Customer,16,Personal Travel,Eco,628,2,5,2,4,4,2,4,4,3,3,4,3,4,3.38,0,0,FALSE
Male,Loyal Customer,29,Personal Travel,Business,373,2,4,2,3,3,2,3,3,4,1,4,1,3,2.69,0,0,FALSE
Female,Loyal Customer,22,Personal Travel,Eco,2227,1,3,1,3,1,1,1,1,2,2,2,1,1,1.54,0,0,FALSE
Female,Disloyal Customer,20,Business Travel,Eco,938,2,2,2,3,1,2,5,1,2,5,3,3,1,2.46,0,0,FALSE
Female,Loyal Customer,7,Personal Travel,Eco,416,1,3,1,4,1,2,3,3,2,4,4,3,3,2.62,157,158,FALSE
Female,Loyal Customer,50,Business Travel,Eco,1129,3,2,3,2,3,3,3,3,2,4,4,3,3,2.92,148,135,FALSE
Female,Disloyal Customer,36,Business Travel,Business,458,2,2,2,1,3,2,3,3,3,2,5,4,3,2.69,0,0,FALSE
Female,Disloyal Customer,41,Business Travel,Business,495,4,4,4,3,4,4,4,4,3,3,2,3,4,3.54,110,109,TRUE
Male,Loyal Customer,32,Business Travel,Business,3488,2,2,2,2,5,5,5,5,4,3,4,2,5,3.54,0,0,TRUE
Female,Loyal Customer,32,Personal Travel,Eco,547,4,4,4,5,3,4,3,3,3,3,4,3,3,3.54,0,0,TRUE
Male,Loyal Customer,59,Personal Travel,Eco,425,3,0,3,3,2,3,2,2,3,2,5,3,2,2.54,0,0,FALSE
Male,Disloyal Customer,38,Business Travel,Eco,301,4,3,4,2,3,4,1,3,4,3,2,2,3,2.92,20,33,FALSE
Female,Loyal Customer,32,Business Travel,Eco,1947,3,4,4,4,3,3,3,3,3,5,4,4,3,3.54,10,0,FALSE
Female,Loyal Customer,30,Business Travel,Business,533,5,5,5,5,5,5,5,5,1,2,3,5,5,4.31,0,0,TRUE
Female,Loyal Customer,54,Business Travel,Business,733,1,1,1,1,3,4,4,4,4,5,4,5,3,3.08,33,23,TRUE
Male,Loyal Customer,35,Personal Travel,Eco,1047,3,4,4,3,1,4,1,1,1,1,4,1,1,2.23,8,0,FALSE
Female,Loyal Customer,38,Personal Travel,Business,1337,3,5,3,4,4,3,4,3,3,3,2,4,3,3.38,0,0,FALSE
Male,Loyal Customer,51,Personal Travel,Eco,141,3,5,3,5,2,3,2,2,2,4,1,4,2,2.92,30,27,FALSE
Female,Loyal Customer,17,Business Travel,Business,721,3,3,3,3,5,5,5,5,3,4,5,3,5,4,0,0,TRUE
Male,Loyal Customer,11,Personal Travel,Eco,899,1,3,1,3,4,1,3,4,3,1,4,5,4,2.85,0,0,FALSE
Male,Loyal Customer,36,Business Travel,Business,3285,0,0,0,1,3,4,4,1,1,1,1,4,4,1.85,17,17,TRUE
Male,Loyal Customer,34,Business Travel,Business,3366,4,2,4,4,2,5,2,4,4,4,4,3,5,3.62,0,0,TRUE
Female,Loyal Customer,24,Personal Travel,Eco,391,2,5,4,1,4,4,4,4,2,1,5,5,4,3.46,71,75,FALSE
Female,Loyal Customer,20,Personal Travel,Eco,257,4,4,4,4,4,4,4,4,2,5,4,3,4,3.85,15,20,FALSE
Male,Loyal Customer,35,Business Travel,Business,3192,3,3,3,3,3,2,1,5,5,5,5,4,3,3.46,0,0,TRUE
Female,Loyal Customer,44,Business Travel,Business,3768,4,4,2,4,3,4,4,4,4,4,4,5,4,3.85,35,30,TRUE
Male,Loyal Customer,53,Business Travel,Business,1695,3,3,3,3,2,4,5,4,4,4,4,3,3,3.46,29,26,TRUE
Male,Loyal Customer,53,Business Travel,Business,458,2,3,3,3,5,3,4,2,2,2,2,1,1,2.54,0,0,FALSE
Female,Loyal Customer,41,Business Travel,Business,368,1,1,5,1,3,4,4,3,3,4,3,5,3,3.08,0,0,TRUE
Male,Loyal Customer,49,Business Travel,Business,2033,2,1,1,1,1,3,4,2,2,2,2,4,3,2.15,40,33,FALSE
Female,Loyal Customer,57,Business Travel,Eco,868,1,3,3,3,2,3,4,1,1,1,1,2,1,2,54,45,FALSE
Female,Disloyal Customer,23,Business Travel,Eco,925,4,3,3,1,1,3,1,1,4,4,5,4,1,2.69,12,5,TRUE
Female,Disloyal Customer,22,Business Travel,Eco,775,3,4,4,3,3,4,4,3,1,2,4,1,3,3,0,0,FALSE
Male,Disloyal Customer,23,Business Travel,Eco,444,4,3,4,4,3,4,3,3,4,3,3,2,3,3.31,8,1,FALSE
Female,Disloyal Customer,24,Business Travel,Eco,662,1,2,1,3,5,1,5,5,2,2,4,4,5,3.08,22,64,FALSE
Female,Disloyal Customer,20,Business Travel,Business,1199,0,0,0,4,5,0,5,5,4,3,5,4,5,3.08,0,0,TRUE
Male,Loyal Customer,47,Business Travel,Business,2475,3,2,2,2,2,4,3,3,3,3,3,1,1,2.46,0,0,FALSE
Male,Loyal Customer,32,Personal Travel,Eco,288,3,5,3,3,5,3,5,5,3,5,5,3,5,4.08,0,0,FALSE
Female,Disloyal Customer,42,Business Travel,Business,868,5,5,5,1,2,5,2,2,5,4,5,3,2,3.54,2,8,TRUE
Male,Loyal Customer,58,Business Travel,Business,3099,5,5,5,5,5,4,5,4,4,4,4,5,5,4.62,0,0,TRUE
Male,Loyal Customer,39,Business Travel,Business,2176,2,2,2,2,3,4,5,4,4,4,4,3,3,3.23,0,0,TRUE
Female,Loyal Customer,47,Business Travel,Business,3978,4,4,4,4,4,4,4,5,5,5,5,4,4,4.31,0,3,TRUE
Female,Loyal Customer,69,Business Travel,Business,1608,4,4,5,4,4,4,1,5,5,5,5,4,4,4.15,0,0,TRUE
Female,Disloyal Customer,47,Business Travel,Eco,967,1,1,1,4,3,1,3,3,2,4,3,1,3,2.31,0,1,FALSE
Male,Disloyal Customer,39,Business Travel,Business,305,5,5,5,3,2,5,2,2,4,4,5,4,2,3.69,0,0,TRUE
Female,Loyal Customer,36,Business Travel,Business,2601,1,1,1,1,2,3,2,5,5,5,5,5,5,3.15,0,3,TRUE
Female,Loyal Customer,60,Business Travel,Business,3580,2,2,2,2,5,3,4,2,2,2,2,4,4,2.77,45,47,FALSE
Female,Loyal Customer,48,Business Travel,Eco,761,3,2,2,2,4,2,3,3,3,3,3,2,3,2.69,11,6,FALSE
Male,Loyal Customer,40,Business Travel,Business,2420,2,2,2,2,5,4,5,4,4,4,4,3,4,3.46,0,0,TRUE
Female,Loyal Customer,41,Personal Travel,Eco,836,1,4,1,1,4,1,4,4,4,3,4,3,4,2.92,28,32,FALSE
Male,Loyal Customer,60,Business Travel,Business,1674,4,4,4,4,4,4,4,5,3,4,4,4,4,4,144,139,TRUE
Female,Loyal Customer,19,Personal Travel,Eco,2419,2,5,2,3,3,2,3,3,3,3,3,5,3,3.08,0,0,FALSE
Male,Loyal Customer,14,Personal Travel,Eco,746,4,3,4,3,3,4,3,3,3,1,3,3,3,3.08,92,72,FALSE
Male,Loyal Customer,40,Business Travel,Business,1973,4,4,4,4,5,5,5,4,4,4,4,3,4,4.15,0,0,TRUE
Male,Loyal Customer,65,Business Travel,Eco,498,3,2,2,2,2,3,2,2,2,5,1,4,2,2.46,19,17,FALSE
Male,Disloyal Customer,39,Business Travel,Business,427,3,3,3,4,4,3,2,4,5,3,5,4,4,3.62,3,0,TRUE
Male,Disloyal Customer,25,Business Travel,Eco,916,2,2,2,4,5,2,5,5,3,1,4,4,5,3.38,0,0,FALSE
Male,Loyal Customer,35,Business Travel,Eco,331,5,3,3,3,5,5,5,5,1,4,5,5,5,4.15,0,0,TRUE
Male,Loyal Customer,80,Business Travel,Eco Plus,675,5,1,1,1,3,5,3,3,5,2,2,2,3,2.77,0,0,TRUE
Female,Loyal Customer,60,Business Travel,Eco,101,4,5,5,5,3,2,3,4,4,4,4,4,4,3.92,0,4,TRUE
Female,Disloyal Customer,24,Business Travel,Eco,583,0,4,0,4,2,0,2,2,4,4,4,5,2,2.54,4,2,TRUE
Male,Loyal Customer,15,Personal Travel,Eco,209,3,2,0,2,4,0,4,4,4,3,2,2,4,2.62,0,0,FALSE
Male,Loyal Customer,51,Personal Travel,Eco,679,1,5,1,3,2,1,2,2,3,2,5,5,2,2.62,0,0,FALSE
Male,Loyal Customer,45,Business Travel,Business,227,5,5,5,5,2,2,4,5,5,5,5,3,3,4.15,0,0,TRUE
Female,Loyal Customer,68,Personal Travel,Eco,109,2,4,0,4,2,4,5,3,3,0,3,5,4,3,8,3,FALSE
Male,Loyal Customer,33,Business Travel,Business,187,1,1,3,1,5,5,5,5,5,2,5,3,5,3.54,0,0,TRUE
Female,Loyal Customer,9,Personal Travel,Eco,1660,2,3,2,5,1,2,2,1,1,5,4,2,1,2.38,0,0,FALSE
Female,Disloyal Customer,48,Business Travel,Business,1416,3,3,3,2,3,3,3,3,4,3,4,3,3,3.08,0,5,FALSE
Female,Loyal Customer,23,Personal Travel,Eco,1407,2,1,2,4,5,2,5,5,2,3,4,2,5,3.23,0,0,FALSE
Female,Loyal Customer,12,Business Travel,Business,3760,2,3,3,3,2,2,2,2,3,4,3,4,2,2.69,0,18,FALSE
Male,Loyal Customer,49,Business Travel,Business,221,3,3,3,3,4,5,4,5,5,5,4,4,4,4,0,0,TRUE
Male,Loyal Customer,56,Business Travel,Business,304,1,1,1,1,2,4,4,4,4,4,4,5,3,2.92,14,26,TRUE
Female,Loyal Customer,43,Business Travel,Eco,468,4,2,2,2,2,3,4,4,4,4,4,2,4,3.15,34,30,FALSE
Male,Loyal Customer,51,Business Travel,Business,2586,1,1,1,1,4,4,4,4,4,4,5,4,4,3.15,2,0,TRUE
Male,Disloyal Customer,47,Business Travel,Eco,376,4,5,3,3,3,3,5,3,1,4,1,5,3,3.31,0,0,FALSE
Female,Disloyal Customer,25,Business Travel,Eco,998,3,3,3,4,3,3,2,3,3,1,4,1,3,2.77,31,17,FALSE
Male,Loyal Customer,61,Personal Travel,Eco,760,5,3,5,3,5,5,5,5,2,1,3,3,5,3.85,8,4,TRUE
Female,Loyal Customer,37,Business Travel,Business,2699,3,3,3,3,2,5,4,5,5,5,5,3,5,3.92,0,1,TRUE
Female,Loyal Customer,58,Business Travel,Business,2121,0,4,0,4,1,2,3,1,1,1,1,5,2,1.92,12,8,TRUE
Male,Disloyal Customer,25,Business Travel,Eco,453,2,4,2,5,2,2,3,2,3,5,3,2,2,2.85,0,0,FALSE
Male,Disloyal Customer,48,Business Travel,Business,191,3,3,3,4,3,3,3,3,1,2,4,2,3,2.85,0,0,FALSE
Female,Loyal Customer,38,Business Travel,Eco Plus,354,4,2,1,2,4,4,4,4,2,1,1,5,4,2.92,0,3,TRUE
Male,Loyal Customer,53,Business Travel,Business,2586,1,1,1,1,3,4,5,5,5,5,5,3,5,3.38,0,0,TRUE
Female,Disloyal Customer,37,Business Travel,Eco,377,4,2,4,3,1,4,1,1,3,2,3,4,1,2.54,0,1,FALSE
Male,Loyal Customer,38,Business Travel,Business,2491,2,2,2,2,1,4,4,4,4,4,4,1,3,2.85,18,0,TRUE
Female,Loyal Customer,48,Business Travel,Eco Plus,216,2,3,3,3,5,4,2,2,2,2,2,5,3,2.92,0,0,TRUE
Female,Loyal Customer,47,Business Travel,Business,3184,2,1,1,1,1,3,3,2,2,2,2,1,3,1.85,34,49,FALSE
Male,Loyal Customer,34,Personal Travel,Eco,738,2,3,2,3,3,2,2,3,3,3,4,1,3,2.62,60,53,FALSE
Male,Loyal Customer,64,Business Travel,Business,1947,1,5,5,5,1,2,3,1,1,1,1,1,2,2.23,27,17,FALSE
Male,Loyal Customer,41,Business Travel,Business,326,2,3,3,3,2,4,4,2,2,2,2,2,4,2.69,0,0,FALSE
Female,Loyal Customer,48,Business Travel,Business,448,3,1,1,1,3,3,3,1,2,4,4,3,3,2.46,147,150,FALSE
Female,Loyal Customer,70,Personal Travel,Eco,399,3,4,3,1,3,4,4,4,4,3,4,5,3,3.46,1,,FALSE
Female,Loyal Customer,28,Business Travel,Business,526,2,2,2,2,2,2,2,2,2,5,3,5,2,2.54,0,0,TRUE
Male,Loyal Customer,52,Business Travel,Business,547,2,4,2,2,4,4,4,2,2,2,2,3,4,2.85,4,0,TRUE
Female,Loyal Customer,41,Business Travel,Business,109,3,3,4,3,2,5,4,5,5,5,5,5,4,4.08,0,0,TRUE
Male,Loyal Customer,38,Business Travel,Business,3790,3,3,5,3,5,4,4,3,3,3,3,2,1,3.23,25,19,FALSE
Female,Loyal Customer,42,Business Travel,Business,2240,3,3,3,3,5,5,4,4,4,4,4,5,4,3.92,62,60,TRUE
Female,Loyal Customer,58,Personal Travel,Eco,1262,2,5,1,3,3,4,5,3,3,1,3,4,5,3.23,0,3,FALSE
Female,Loyal Customer,32,Business Travel,Business,3282,5,5,4,5,5,5,5,5,5,5,5,3,5,4.77,11,5,TRUE
Female,Loyal Customer,47,Business Travel,Business,3257,4,4,4,4,4,4,4,5,5,5,5,5,4,4.38,0,0,TRUE
Male,Loyal Customer,17,Personal Travel,Eco,1986,4,4,4,4,2,4,2,2,3,2,4,1,2,2.92,3,0,FALSE
Male,Loyal Customer,39,Business Travel,Business,3626,3,2,3,3,3,5,4,4,4,4,4,5,3,3.62,3,5,TRUE
Female,Loyal Customer,38,Business Travel,Eco Plus,235,5,4,4,4,5,5,5,5,3,2,5,1,5,4.08,0,0,TRUE
Male,Disloyal Customer,24,Business Travel,Eco,1068,5,5,5,4,1,5,1,1,3,4,5,5,1,3.46,0,0,TRUE
Female,Loyal Customer,40,Personal Travel,Eco,342,2,5,2,3,3,2,3,3,3,2,5,4,3,3.08,4,1,FALSE
Male,Loyal Customer,69,Personal Travel,Eco,1300,2,4,2,2,1,2,1,1,5,3,3,3,1,2.31,0,0,FALSE
Female,Disloyal Customer,22,Business Travel,Eco,196,4,4,4,3,3,4,4,3,2,1,3,2,3,3.08,20,25,FALSE
Male,Loyal Customer,40,Personal Travel,Eco,2475,2,1,2,4,2,1,2,1,2,3,4,2,2,2.15,2,0,FALSE
Female,Loyal Customer,10,Personal Travel,Eco,1389,3,5,3,4,2,3,2,2,3,2,3,5,2,3,4,0,FALSE
Female,Loyal Customer,24,Business Travel,Business,1859,5,5,3,5,2,2,2,2,1,3,4,5,2,3.15,0,0,TRUE
Female,Loyal Customer,43,Business Travel,Eco,187,4,2,2,2,4,4,4,3,5,5,1,4,4,3.38,129,147,TRUE
Female,Disloyal Customer,36,Business Travel,Eco,271,3,3,3,4,5,3,5,5,3,1,4,2,5,3.54,0,0,FALSE
Male,Disloyal Customer,40,Business Travel,Business,407,4,4,4,4,5,4,5,5,5,2,5,3,5,4.23,16,10,TRUE
Male,Loyal Customer,34,Personal Travel,Eco Plus,587,3,5,3,3,5,3,4,5,3,2,4,3,5,3.69,0,0,FALSE
Female,Loyal Customer,32,Personal Travel,Eco,1249,2,4,2,3,1,2,1,1,4,5,3,4,1,2.54,0,0,FALSE
Female,Loyal Customer,54,Business Travel,Eco,834,1,5,3,5,5,3,2,1,1,1,1,4,4,2.77,0,1,FALSE
Male,Loyal Customer,52,Business Travel,Business,1853,4,4,4,4,4,5,4,4,4,4,4,3,3,3.92,0,5,TRUE
Male,Loyal Customer,51,Personal Travel,Eco Plus,1521,3,3,3,3,2,3,2,2,2,3,3,3,2,2.62,5,0,FALSE
Female,Loyal Customer,43,Business Travel,Business,213,1,5,5,5,5,4,3,2,2,2,1,2,3,3.08,65,85,FALSE
Female,Disloyal Customer,24,Business Travel,Business,89,3,3,3,2,5,3,2,5,3,4,2,4,5,3.38,0,0,FALSE
Male,Disloyal Customer,40,Business Travel,Eco,259,2,0,2,3,1,2,1,1,2,5,1,4,1,1.92,0,0,FALSE
Male,Loyal Customer,16,Personal Travel,Eco,888,1,1,1,3,4,1,4,4,4,1,4,2,4,2.62,0,43,FALSE
Female,Loyal Customer,49,Business Travel,Business,1947,5,5,5,5,5,4,4,5,5,5,5,3,4,4.62,6,0,TRUE
Female,Disloyal Customer,20,Business Travel,Eco,438,0,4,0,3,3,4,3,3,4,4,2,2,3,2.69,0,0,TRUE
Female,Loyal Customer,46,Business Travel,Business,1970,4,4,4,4,4,4,5,5,5,5,5,4,3,4.31,3,0,TRUE
Male,Loyal Customer,45,Business Travel,Eco,405,1,2,2,2,1,1,1,1,1,4,3,2,1,1.69,0,0,FALSE
Male,Disloyal Customer,26,Business Travel,Eco,2556,1,1,1,3,1,1,1,2,5,3,4,1,1,1.92,0,45,FALSE
Male,Disloyal Customer,32,Business Travel,Business,546,1,1,1,4,4,1,4,4,5,5,4,4,4,3.23,8,9,FALSE
Female,Loyal Customer,23,Business Travel,Business,965,1,1,1,1,4,4,4,4,4,5,2,4,4,3,0,0,TRUE
Male,Loyal Customer,44,Personal Travel,Eco,842,1,2,1,4,2,1,2,2,4,4,4,1,2,2.31,0,10,FALSE
Female,Loyal Customer,58,Personal Travel,Eco,1118,2,4,2,2,3,5,5,4,4,2,4,5,5,3.62,0,3,FALSE
Female,Loyal Customer,39,Personal Travel,Eco,846,1,4,1,5,3,1,3,3,4,4,5,3,3,3.08,0,0,FALSE
Male,Loyal Customer,9,Personal Travel,Eco,785,0,5,0,4,3,0,3,3,5,3,4,4,3,2.85,0,,TRUE
Female,Loyal Customer,35,Business Travel,Business,3083,1,5,5,5,1,3,3,5,5,4,1,2,2,3.23,38,16,FALSE
Female,Loyal Customer,14,Personal Travel,Eco,354,1,4,1,2,5,1,5,5,3,4,5,5,5,3.54,39,37,FALSE
Female,Loyal Customer,24,Personal Travel,Eco,237,2,5,0,1,5,0,5,5,4,3,4,5,5,3.38,0,0,FALSE
Female,Loyal Customer,45,Personal Travel,Eco,618,3,5,2,4,3,5,5,1,1,2,5,3,5,3.38,67,45,FALSE
Male,Disloyal Customer,13,Business Travel,Eco,715,4,4,4,4,5,4,1,5,3,3,4,5,5,3.92,0,1,FALSE
Female,Disloyal Customer,20,Business Travel,Eco,89,2,4,2,4,4,2,4,4,4,4,4,4,4,3.54,0,13,FALSE
Male,Disloyal Customer,23,Business Travel,Eco,166,2,4,1,4,4,1,4,4,3,3,4,1,4,3,0,0,FALSE
Male,Loyal Customer,52,Business Travel,Business,3788,1,1,1,1,3,5,4,5,5,5,5,5,3,3.38,0,3,TRUE
Female,Loyal Customer,39,Business Travel,Business,2394,2,2,2,2,4,5,5,4,4,4,4,4,4,3.54,9,0,TRUE
Male,Loyal Customer,18,Personal Travel,Eco,251,1,5,1,1,2,1,5,2,3,1,3,4,2,2.38,4,2,FALSE
Female,Disloyal Customer,26,Business Travel,Business,534,3,5,3,5,1,3,1,1,5,5,4,3,1,3.08,0,0,FALSE
Male,Loyal Customer,45,Business Travel,Business,1758,3,4,4,4,2,4,4,3,3,3,3,2,2,3.15,0,0,FALSE
Male,Disloyal Customer,40,Business Travel,Business,700,2,2,2,2,2,2,2,2,5,4,4,3,2,2.62,83,80,FALSE
Female,Loyal Customer,45,Business Travel,Business,3398,3,3,3,3,5,5,4,4,4,4,4,5,5,4,0,0,TRUE
Male,Loyal Customer,42,Business Travel,Business,986,5,5,5,5,3,5,4,4,4,4,4,3,3,4.15,1,2,TRUE
Female,Loyal Customer,31,Personal Travel,Eco,318,4,5,4,2,5,4,5,5,4,1,1,5,5,3.85,0,0,FALSE
Female,Loyal Customer,47,Business Travel,Business,3991,0,4,0,3,3,4,4,4,4,3,3,5,4,3.15,0,1,TRUE
Female,Loyal Customer,21,Business Travel,Business,2088,5,5,5,5,4,4,4,4,4,5,4,4,4,4.38,0,0,TRUE
Male,Loyal Customer,16,Personal Travel,Eco Plus,299,4,4,4,4,5,4,5,5,4,3,5,5,5,4.38,0,0,TRUE
Female,Loyal Customer,44,Business Travel,Business,1521,5,5,5,5,1,1,1,5,5,5,5,4,5,4,85,66,TRUE
Male,Loyal Customer,55,Personal Travel,Eco,689,4,5,4,5,3,4,1,3,3,5,4,4,3,3.69,0,0,FALSE
Male,Loyal Customer,50,Business Travel,Business,3004,1,1,1,1,3,4,5,4,4,4,4,4,3,3,90,70,TRUE
Female,Loyal Customer,50,Personal Travel,Business,258,2,1,2,4,1,3,3,3,3,2,3,4,4,2.69,0,0,FALSE
Female,Loyal Customer,7,Personal Travel,Eco Plus,86,1,5,1,2,4,1,4,4,4,3,4,4,4,3.15,4,25,FALSE
Female,Loyal Customer,53,Personal Travel,Eco,1005,2,5,3,2,4,5,4,2,2,3,2,5,5,3.38,35,50,FALSE
Male,Loyal Customer,55,Business Travel,Business,1620,1,1,1,1,4,5,5,5,5,5,5,4,3,3.46,0,0,TRUE
Female,Loyal Customer,32,Business Travel,Eco Plus,748,5,5,5,5,5,5,5,5,4,2,3,3,5,4.38,0,0,TRUE
Female,Loyal Customer,52,Business Travel,Business,1689,2,2,2,2,4,5,4,5,5,5,5,4,5,3.85,0,0,TRUE
Female,Disloyal Customer,24,Business Travel,Business,496,5,0,5,2,2,5,2,2,2,3,4,3,2,2.85,0,2,TRUE
Female,Disloyal Customer,21,Business Travel,Eco,261,4,3,4,3,4,4,4,4,4,1,5,2,4,3.54,0,0,TRUE
Male,Loyal Customer,27,Business Travel,Business,2454,3,3,4,3,4,4,4,4,4,4,3,4,4,3.69,0,0,TRUE
Female,Loyal Customer,17,Personal Travel,Eco,308,2,5,2,4,4,2,4,4,3,2,4,4,4,3.38,0,4,FALSE
Female,Loyal Customer,48,Business Travel,Business,405,2,2,2,2,3,4,5,5,5,5,5,4,5,3.77,22,125,TRUE
Female,Loyal Customer,42,Business Travel,Business,1951,1,1,1,1,4,5,5,4,4,4,4,3,5,3.23,0,0,TRUE
Female,Loyal Customer,58,Business Travel,Business,1874,4,4,5,4,3,4,5,5,5,5,5,4,5,4.46,18,10,TRUE
Male,Loyal Customer,46,Business Travel,Business,1513,4,4,4,4,4,4,5,4,4,4,4,3,4,4,0,13,TRUE
Female,Loyal Customer,26,Business Travel,Business,879,2,5,5,5,2,2,2,2,4,2,3,1,2,2.85,26,16,FALSE
Male,Loyal Customer,59,Business Travel,Business,2060,2,2,2,2,2,5,4,4,4,4,4,5,5,3.46,0,0,TRUE
Female,Loyal Customer,44,Personal Travel,Eco,781,3,4,3,3,2,5,4,5,5,3,5,3,5,3.85,55,59,FALSE
Male,Disloyal Customer,40,Business Travel,Business,356,2,2,2,4,1,2,1,1,1,4,3,1,1,1.92,5,0,FALSE
Male,Loyal Customer,26,Personal Travel,Eco,4963,4,4,3,1,3,1,1,4,1,4,5,1,1,2.54,0,0,TRUE
Male,Loyal Customer,51,Personal Travel,Eco Plus,639,3,4,3,1,1,3,1,1,3,3,4,3,1,2.38,1,11,FALSE
Female,Loyal Customer,46,Business Travel,Eco,1121,2,3,3,3,3,4,3,2,2,2,2,3,1,2.54,0,0,FALSE
Female,Loyal Customer,49,Business Travel,Business,2288,3,3,3,3,4,4,5,4,4,4,4,3,4,3.69,0,0,TRUE
Male,Loyal Customer,61,Personal Travel,Business,1034,4,4,4,2,3,4,5,3,3,4,3,5,3,3.62,0,13,FALSE
Male,Loyal Customer,25,Personal Travel,Eco Plus,192,4,4,4,1,2,4,2,2,3,5,4,3,2,3.08,13,15,FALSE
Male,Loyal Customer,55,Business Travel,Eco,729,4,3,3,3,4,4,4,4,2,1,4,4,4,3.38,0,0,FALSE
Female,Disloyal Customer,22,Business Travel,Eco,1276,3,3,3,1,5,3,5,5,5,5,4,3,5,3.85,0,0,FALSE
Male,Loyal Customer,56,Personal Travel,Eco Plus,462,4,5,4,3,3,4,3,3,4,2,4,5,3,3.62,11,,TRUE
Male,Loyal Customer,49,Business Travel,Eco,438,4,4,3,3,4,4,4,4,2,2,5,1,4,3.38,9,0,TRUE
Female,Loyal Customer,61,Business Travel,Business,3620,0,0,0,4,4,4,3,3,3,5,5,4,5,3.08,0,0,TRUE
Male,Loyal Customer,60,Business Travel,Eco,945,2,1,2,2,2,2,2,2,3,1,3,3,2,2.08,2,5,FALSE
Male,Loyal Customer,39,Business Travel,Eco,1179,4,3,3,3,4,4,4,4,2,1,5,3,4,3.38,6,0,TRUE
Male,Loyal Customer,51,Personal Travel,Eco,787,2,4,1,2,3,1,3,3,3,5,4,5,3,3,0,0,FALSE
Female,Disloyal Customer,36,Business Travel,Eco,651,4,0,4,4,4,4,4,4,2,1,2,3,4,3.08,2,0,FALSE
Male,Loyal Customer,26,Business Travel,Eco Plus,992,2,1,2,1,2,2,3,2,4,2,4,2,2,2.23,9,1,FALSE
Female,Loyal Customer,51,Business Travel,Business,432,3,3,2,3,2,5,4,4,4,4,4,3,4,3.46,0,0,TRUE
Female,Disloyal Customer,30,Business Travel,Business,945,2,2,2,1,2,2,2,2,3,2,5,5,2,2.46,9,0,FALSE
Female,Loyal Customer,42,Business Travel,Business,3339,2,2,2,2,3,4,5,5,5,5,5,4,4,3.69,13,9,TRUE
Female,Loyal Customer,54,Business Travel,Business,456,4,3,3,3,5,2,2,4,4,4,4,2,1,3.15,0,0,FALSE
Female,Loyal Customer,17,Personal Travel,Eco,1041,3,4,3,3,5,3,5,5,3,5,4,3,5,3.92,9,5,FALSE
Male,Loyal Customer,20,Personal Travel,Eco,829,3,4,3,4,2,3,2,2,3,2,5,5,2,3.08,24,10,FALSE
Female,Loyal Customer,29,Business Travel,Business,2077,2,5,5,5,2,2,2,2,2,2,3,1,2,2.69,4,17,FALSE
Male,Loyal Customer,49,Business Travel,Business,1796,5,5,2,5,5,5,5,4,4,4,4,5,4,4.38,0,0,TRUE
Female,Loyal Customer,41,Personal Travel,Eco,214,2,0,2,3,2,2,1,2,5,5,4,3,2,2.54,10,15,FALSE
Male,Loyal Customer,40,Business Travel,Business,1389,5,5,5,5,2,4,5,5,5,5,5,5,3,4.54,0,0,TRUE
Female,Loyal Customer,56,Business Travel,Business,3093,1,1,1,1,4,4,4,5,5,5,5,3,5,3.38,34,12,TRUE
Female,Loyal Customer,40,Business Travel,Eco,1214,4,3,3,3,4,4,4,4,2,2,4,3,4,3.38,110,,TRUE
Female,Loyal Customer,47,Personal Travel,Business,550,3,5,3,2,5,4,5,4,4,3,2,3,3,3.54,0,1,FALSE
Male,Loyal Customer,33,Personal Travel,Eco,201,3,4,3,3,4,3,4,4,4,2,3,2,4,3.31,0,0,FALSE
Female,Loyal Customer,31,Personal Travel,Eco,781,2,3,2,3,5,2,1,5,4,3,4,5,5,3.38,6,6,FALSE
Female,Loyal Customer,42,Business Travel,Business,453,3,5,5,5,5,3,3,3,3,2,3,2,1,3.31,116,114,FALSE
Male,Loyal Customer,11,Personal Travel,Eco,834,5,4,5,3,5,5,5,5,3,2,4,3,5,4.15,0,0,TRUE
Male,Loyal Customer,56,Business Travel,Business,109,3,3,3,3,5,5,4,5,5,5,5,3,5,4.15,0,0,TRUE
Female,Loyal Customer,46,Personal Travel,Eco Plus,209,1,3,1,3,5,1,4,3,3,1,5,1,2,2.54,2,0,FALSE
Female,Loyal Customer,46,Business Travel,Business,1942,3,3,3,3,5,4,4,3,3,3,3,2,2,3.15,0,0,FALSE
Female,Loyal Customer,32,Business Travel,Business,2861,5,5,5,5,4,4,4,4,3,3,4,3,4,4.08,16,25,TRUE
Male,Loyal Customer,46,Business Travel,Business,846,1,1,1,1,4,4,4,5,5,5,5,5,4,3.46,9,13,TRUE
Female,Loyal Customer,37,Business Travel,Business,3653,5,5,5,5,5,5,5,4,4,4,4,3,3,4.38,0,0,TRUE
Male,Loyal Customer,24,Personal Travel,Eco,2311,2,4,2,2,4,2,4,4,5,2,5,4,4,3.38,0,0,FALSE
Male,Loyal Customer,45,Business Travel,Eco Plus,735,2,3,3,3,2,2,2,2,3,1,4,2,2,2.38,0,0,FALSE
Male,Loyal Customer,56,Business Travel,Eco Plus,1372,2,2,2,2,2,2,2,2,2,2,4,1,2,2.08,0,0,FALSE
Female,Loyal Customer,56,Business Travel,Eco,429,4,3,5,3,3,4,4,4,4,4,4,1,3,3.54,0,0,TRUE
Male,Loyal Customer,28,Business Travel,Business,3010,2,2,2,2,2,2,2,2,5,5,4,5,2,2.85,0,0,TRUE
Male,Loyal Customer,27,Personal Travel,Eco,1222,2,4,2,4,2,2,4,2,1,4,3,3,2,2.69,0,0,FALSE
Female,Loyal Customer,53,Personal Travel,Eco,1121,4,2,4,3,3,3,3,3,3,4,3,3,3,3.15,5,0,FALSE
Female,Loyal Customer,38,Business Travel,Business,1733,4,2,4,4,4,4,5,5,5,5,5,5,4,4.31,0,0,TRUE
Female,Disloyal Customer,19,Business Travel,Eco,101,2,2,2,4,3,2,3,3,3,5,3,1,3,2.77,9,8,FALSE
Male,Loyal Customer,50,Business Travel,Business,2079,1,4,4,4,3,2,2,1,1,1,1,4,3,2.38,19,19,FALSE
Female,Loyal Customer,59,Personal Travel,Eco,737,5,2,5,4,4,4,4,2,2,5,2,1,2,3.23,9,6,TRUE
Male,Loyal Customer,52,Business Travel,Business,1588,1,1,1,1,5,5,5,4,4,4,4,3,3,3.15,0,0,TRUE
Female,Loyal Customer,11,Personal Travel,Eco,308,3,5,3,3,2,3,2,2,4,5,4,3,2,3.15,0,0,FALSE
Male,Loyal Customer,69,Business Travel,Eco,305,4,1,1,1,4,4,4,4,5,2,2,3,4,3,0,0,TRUE
Female,Loyal Customer,55,Personal Travel,Eco,928,2,3,2,5,5,5,5,3,3,2,5,5,2,3.62,15,9,FALSE
Male,Loyal Customer,40,Personal Travel,Eco,447,1,4,1,4,5,1,5,5,3,4,4,3,5,3.46,82,71,FALSE
Female,Loyal Customer,49,Personal Travel,Eco,622,3,4,3,1,5,5,5,3,3,3,3,5,5,3.69,0,0,FALSE
Female,Loyal Customer,22,Business Travel,Eco,220,5,3,2,2,5,5,4,5,3,4,3,4,5,3.85,28,41,TRUE
Female,Loyal Customer,46,Business Travel,Business,756,5,5,5,5,4,5,4,5,5,5,5,3,3,4.54,10,18,TRUE
Female,Disloyal Customer,27,Business Travel,Eco,680,2,2,2,2,2,2,2,2,3,1,5,3,2,2.31,0,0,FALSE
Male,Loyal Customer,36,Business Travel,Business,338,3,5,5,5,2,4,3,3,3,3,3,1,3,3.31,0,0,FALSE
Female,Loyal Customer,58,Business Travel,Business,925,5,5,5,5,5,5,4,3,3,3,3,5,4,4.23,24,29,TRUE
Female,Disloyal Customer,22,Business Travel,Eco,1015,1,1,1,5,4,1,2,4,5,3,4,4,4,3,7,1,FALSE
Male,Loyal Customer,51,Business Travel,Business,814,1,1,1,1,3,5,5,4,4,4,4,4,5,3.23,37,13,TRUE
Female,Loyal Customer,54,Personal Travel,Eco,187,2,5,2,3,5,5,5,2,2,2,2,5,4,3.38,17,19,FALSE
Female,Loyal Customer,42,Business Travel,Business,3874,4,4,4,4,3,2,2,5,5,5,5,1,2,3.54,0,0,TRUE
Male,Loyal Customer,45,Business Travel,Business,1157,1,1,1,1,2,4,5,5,5,5,5,4,3,3.23,51,42,TRUE
Male,Loyal Customer,26,Business Travel,Business,1533,2,2,3,2,4,4,4,4,3,3,4,3,4,3.23,0,0,TRUE
Female,Loyal Customer,56,Business Travel,Business,446,4,5,4,4,5,4,5,4,4,4,4,3,3,4.08,3,0,TRUE
Female,Loyal Customer,41,Business Travel,Eco,409,3,5,5,5,2,3,2,2,2,4,4,1,2,3.08,0,0,FALSE
Female,Loyal Customer,47,Personal Travel,Eco,605,3,4,3,1,5,4,4,5,5,3,5,5,4,3.92,28,38,FALSE
Male,Loyal Customer,43,Business Travel,Business,2257,2,2,2,2,4,4,4,5,5,5,5,4,3,3.62,40,49,TRUE
Male,Loyal Customer,22,Business Travel,Business,1522,3,2,2,2,3,3,3,3,4,4,2,1,3,2.69,0,0,FALSE
Female,Loyal Customer,75,Business Travel,Eco,205,4,2,5,5,2,2,1,4,4,4,4,5,2,3.38,0,0,TRUE
Male,Disloyal Customer,34,Business Travel,Eco,1499,1,1,1,4,1,1,1,3,1,3,4,1,1,1.77,0,30,FALSE
Female,Loyal Customer,22,Business Travel,Eco Plus,606,0,5,0,2,3,0,3,3,5,3,3,1,3,2.38,0,0,TRUE
Male,Loyal Customer,39,Personal Travel,Business,160,3,1,3,4,1,3,3,2,2,3,4,4,2,2.69,0,0,FALSE
Male,Loyal Customer,53,Business Travel,Business,2687,5,5,5,5,2,4,4,5,5,5,5,5,5,4.62,20,7,TRUE
Female,Loyal Customer,31,Personal Travel,Eco,944,2,5,2,5,5,2,3,5,1,4,4,2,5,3.46,0,,FALSE
Female,Loyal Customer,53,Business Travel,Business,184,1,1,1,1,3,3,3,5,5,5,5,2,2,2.85,0,0,TRUE
Female,Loyal Customer,68,Personal Travel,Eco,1979,5,3,5,3,4,4,1,5,5,5,4,5,2,3.92,0,0,TRUE
Male,Loyal Customer,59,Business Travel,Business,687,1,5,4,5,2,4,3,1,1,1,1,3,1,2.46,0,0,FALSE
Male,Loyal Customer,30,Business Travel,Business,334,0,1,1,3,4,4,4,4,5,2,4,5,4,3.15,0,0,TRUE
Female,Disloyal Customer,32,Business Travel,Business,781,3,3,3,3,2,3,5,2,3,3,5,5,2,3.23,0,0,FALSE
Female,Loyal Customer,65,Personal Travel,Eco,544,3,2,3,3,1,3,3,4,4,3,4,4,2,3,9,0,FALSE
Female,Disloyal Customer,22,Business Travel,Business,304,5,2,5,2,3,2,3,3,5,5,5,4,3,3.62,0,0,TRUE
Male,Loyal Customer,45,Business Travel,Eco,849,4,3,3,3,4,4,4,4,4,1,4,4,4,3.54,16,19,FALSE
Female,Loyal Customer,51,Personal Travel,Eco,106,3,5,3,2,3,4,5,3,3,3,3,5,5,3.62,10,6,FALSE
Male,Loyal Customer,53,Business Travel,Eco Plus,152,5,5,5,5,5,5,5,5,1,5,2,3,5,4.31,0,4,TRUE
Male,Loyal Customer,26,Business Travel,Eco,1597,3,3,3,3,3,3,2,3,1,5,4,3,3,3,0,0,FALSE
Female,Loyal Customer,19,Personal Travel,Eco,558,1,4,1,1,5,1,5,5,4,3,5,3,5,3.31,0,0,FALSE
Male,Loyal Customer,40,Business Travel,Business,338,1,1,1,1,3,4,4,5,5,5,5,5,3,3.31,17,0,TRUE
Female,Loyal Customer,63,Business Travel,Business,2944,2,2,2,2,3,1,3,3,3,4,4,3,3,2.69,0,0,TRUE
Male,Loyal Customer,60,Personal Travel,Business,300,1,1,1,1,4,1,2,4,4,1,4,3,2,2.23,2,0,FALSE
Female,Loyal Customer,44,Business Travel,Business,449,5,5,5,5,4,4,5,4,4,4,4,4,3,4.31,5,0,TRUE
Male,Loyal Customer,19,Personal Travel,Eco Plus,1171,2,5,3,4,4,3,4,4,3,5,5,5,4,3.92,0,0,FALSE
Female,Loyal Customer,48,Personal Travel,Eco Plus,255,1,5,1,3,3,1,4,2,2,1,2,5,3,2.54,0,0,FALSE
Female,Loyal Customer,55,Business Travel,Eco,668,1,5,5,5,2,4,4,1,1,1,1,4,1,2.69,20,13,FALSE
Female,Loyal Customer,66,Personal Travel,Eco Plus,2419,1,4,1,4,2,5,4,4,4,1,4,5,4,3.31,17,0,FALSE
Male,Loyal Customer,34,Personal Travel,Eco,377,5,2,5,4,5,5,5,5,1,3,4,1,5,3.85,15,11,TRUE
Female,Loyal Customer,69,Personal Travel,Eco,1005,2,5,2,1,3,4,4,2,2,2,2,5,4,2.92,0,0,FALSE
Female,Loyal Customer,51,Business Travel,Eco,349,4,3,3,3,4,4,3,4,4,4,4,2,1,3.31,26,21,FALSE
Female,Loyal Customer,35,Personal Travel,Eco,458,2,5,2,4,4,2,4,4,5,4,5,4,4,3.77,5,0,FALSE
Male,Disloyal Customer,47,Business Travel,Eco,116,1,0,2,2,5,2,5,5,3,2,3,4,5,3,0,0,FALSE
Male,Loyal Customer,22,Business Travel,Business,517,1,1,1,1,4,4,4,4,3,3,4,4,4,2.92,2,0,TRUE
Male,Loyal Customer,41,Business Travel,Eco Plus,429,3,4,4,4,3,3,3,3,1,3,3,1,3,2.92,0,1,FALSE
Male,Loyal Customer,45,Personal Travel,Business,449,3,4,3,3,3,4,4,3,3,3,1,4,5,3.31,0,0,FALSE
Male,Loyal Customer,12,Personal Travel,Eco,1005,4,4,4,4,4,2,2,3,5,5,4,2,2,3.46,160,153,FALSE
Male,Loyal Customer,30,Personal Travel,Eco,916,2,5,2,3,1,2,1,1,3,5,3,5,1,2.62,0,0,FALSE
Female,Loyal Customer,47,Business Travel,Business,3435,2,2,2,2,4,4,3,2,2,2,2,3,1,2.38,0,0,FALSE
Female,Loyal Customer,12,Personal Travel,Eco,491,5,2,5,3,5,4,4,3,1,4,4,4,4,3.69,138,158,TRUE
Male,Loyal Customer,27,Personal Travel,Eco,264,5,4,5,5,1,5,1,1,5,2,3,5,1,3.31,0,0,TRUE
Male,Loyal Customer,44,Personal Travel,Eco,406,2,4,2,3,1,2,1,1,3,3,4,3,1,2.31,0,0,FALSE
Male,Loyal Customer,17,Business Travel,Business,2378,3,2,2,2,2,3,3,1,2,2,3,3,3,2.38,12,26,FALSE
Female,Loyal Customer,56,Personal Travel,Eco Plus,295,2,5,2,2,3,4,4,2,2,2,2,4,4,2.92,0,0,FALSE
Male,Loyal Customer,70,Business Travel,Eco Plus,338,1,1,1,1,1,1,1,1,4,2,3,1,1,1.46,39,36,FALSE
Male,Loyal Customer,47,Business Travel,Eco,370,5,3,5,5,5,5,5,5,4,1,4,5,5,4.38,8,15,TRUE
Male,Loyal Customer,46,Business Travel,Eco,1068,3,2,2,2,3,3,3,3,2,5,4,3,3,2.92,0,0,FALSE
Female,Disloyal Customer,39,Business Travel,Business,328,3,3,3,1,2,3,2,2,3,3,4,3,2,2.62,0,0,FALSE
Female,Loyal Customer,50,Business Travel,Business,1958,1,1,1,1,2,5,4,5,5,5,5,3,5,3.31,17,2,TRUE
Male,Loyal Customer,15,Personal Travel,Eco,337,2,4,5,4,3,5,3,3,5,5,5,5,3,4,0,0,FALSE
Male,Loyal Customer,39,Business Travel,Eco,347,3,1,1,1,3,3,3,3,3,3,4,2,3,2.54,13,8,FALSE
Female,Loyal Customer,45,Business Travel,Business,3105,1,1,1,1,4,1,1,5,5,5,4,3,4,2.77,0,0,TRUE
Male,Disloyal Customer,66,Business Travel,Business,468,5,5,5,5,2,5,2,2,3,2,5,4,2,3.62,0,0,TRUE
Female,Loyal Customer,27,Personal Travel,Eco,1416,3,4,3,3,2,3,2,2,3,1,3,3,2,2.62,0,0,FALSE
Male,Loyal Customer,29,Personal Travel,Eco,419,4,1,4,4,1,4,1,1,2,1,4,1,1,2.23,0,0,FALSE
Male,Loyal Customer,56,Business Travel,Business,3284,4,5,5,5,2,2,2,4,4,4,4,3,3,3.62,0,0,FALSE
Male,Loyal Customer,45,Business Travel,Business,3095,2,2,2,2,5,4,5,4,4,4,4,5,5,3.69,20,13,TRUE
Female,Loyal Customer,48,Business Travel,Business,1052,1,1,1,1,4,5,5,4,4,4,4,4,4,3.23,32,28,TRUE
Male,Loyal Customer,41,Personal Travel,Eco,1034,2,5,2,4,2,2,1,2,3,5,4,5,2,3,52,75,FALSE
Male,Disloyal Customer,24,Business Travel,Business,1727,4,4,4,1,4,4,4,4,4,5,5,5,4,4,0,0,TRUE
Male,Loyal Customer,40,Business Travel,Business,488,5,5,3,5,2,5,4,5,5,5,5,5,5,4.54,0,0,TRUE
Male,Disloyal Customer,19,Business Travel,Eco,101,1,0,1,5,4,1,4,4,5,5,2,1,4,2.85,0,0,FALSE
Male,Loyal Customer,31,Business Travel,Eco Plus,967,4,3,3,3,4,4,4,4,2,3,1,1,4,3.08,0,0,TRUE
Male,Disloyal Customer,20,Business Travel,Business,1299,4,5,4,4,5,4,5,5,4,3,4,3,5,4.23,0,12,TRUE
Female,Disloyal Customer,35,Business Travel,Business,1020,4,4,4,4,4,4,4,4,4,2,4,3,4,3.77,0,0,FALSE
Female,Loyal Customer,14,Personal Travel,Eco,371,2,1,2,2,4,2,4,4,3,2,1,3,4,2.62,50,44,FALSE
Male,Loyal Customer,16,Personal Travel,Eco,372,5,4,5,5,5,5,2,5,5,5,5,4,5,4.62,0,8,TRUE
Male,Disloyal Customer,38,Business Travel,Eco,495,1,3,1,1,3,1,3,3,3,5,1,2,3,2.31,0,0,FALSE
Male,Loyal Customer,57,Business Travel,Business,2559,2,3,3,3,4,4,3,2,2,2,2,1,2,2.54,39,36,FALSE
Female,Disloyal Customer,24,Business Travel,Eco,472,1,2,1,2,4,1,4,4,3,5,1,3,4,2.69,47,60,FALSE
Female,Loyal Customer,10,Personal Travel,Eco,624,3,3,3,2,4,3,4,4,4,4,3,5,4,3.54,118,115,FALSE
Female,Loyal Customer,15,Personal Travel,Eco,693,3,4,3,5,3,5,3,3,3,5,5,3,3,3.69,218,279,FALSE
Male,Loyal Customer,30,Business Travel,Eco,1020,2,5,5,5,2,2,2,2,4,4,3,1,2,3,0,0,FALSE
Male,Loyal Customer,29,Personal Travel,Eco Plus,666,1,5,1,5,3,1,1,3,3,4,3,4,3,2.85,1,0,FALSE
Female,Loyal Customer,61,Business Travel,Eco,351,4,3,5,5,2,4,3,5,5,4,5,4,2,3.92,0,0,FALSE
Male,Loyal Customer,62,Personal Travel,Eco,994,2,4,2,4,3,2,3,3,4,4,5,3,3,3.23,6,0,FALSE
Male,Disloyal Customer,48,Business Travel,Business,1660,5,5,5,3,4,5,4,4,4,5,4,4,4,4.31,0,6,TRUE
Male,Disloyal Customer,24,Business Travel,Eco,1491,1,1,1,3,1,1,1,1,2,1,4,2,1,1.54,0,0,FALSE
Male,Loyal Customer,16,Personal Travel,Eco,561,4,3,4,2,1,4,1,1,5,4,4,3,1,2.85,0,6,FALSE
Male,Loyal Customer,41,Business Travel,Business,1671,1,1,2,1,3,5,5,5,5,5,5,5,4,3.62,0,0,TRUE
Male,Loyal Customer,42,Personal Travel,Eco,303,4,3,4,4,3,4,3,3,2,2,3,3,3,3.15,0,0,TRUE
Male,Loyal Customer,51,Personal Travel,Eco,333,3,4,3,5,2,3,2,2,4,5,4,3,2,3.23,0,0,FALSE
Male,Loyal Customer,36,Business Travel,Business,184,3,3,3,3,2,2,2,4,4,4,4,1,5,3.08,0,0,TRUE
Male,Loyal Customer,50,Business Travel,Business,2235,3,3,3,3,4,4,4,2,2,2,2,4,5,3.15,0,0,TRUE
Female,Loyal Customer,38,Business Travel,Eco Plus,1064,3,3,3,3,3,3,3,3,4,1,3,1,3,2.77,7,1,FALSE
Female,Disloyal Customer,24,Business Travel,Eco,282,2,0,2,1,4,2,4,4,2,3,5,2,4,2.69,0,0,FALSE
Male,Loyal Customer,29,Business Travel,Eco,1076,3,4,4,4,3,3,3,3,4,3,3,3,3,3.31,29,41,FALSE
Male,Loyal Customer,44,Business Travel,Business,431,5,5,3,5,5,4,5,5,5,5,5,3,4,4.54,6,,TRUE
Female,Disloyal Customer,38,Business Travel,Eco,585,2,1,2,4,4,2,4,4,3,5,4,1,4,3.08,5,0,FALSE
Female,Loyal Customer,52,Business Travel,Business,3897,5,5,5,5,5,5,5,3,3,3,3,5,5,4.38,0,0,TRUE
Female,Loyal Customer,28,Personal Travel,Business,419,1,4,1,3,2,1,2,2,5,5,5,3,2,2.77,0,0,FALSE
Female,Loyal Customer,25,Business Travel,Eco Plus,1256,0,4,0,2,4,0,1,4,5,1,4,4,4,2.54,0,0,TRUE
Male,Loyal Customer,69,Personal Travel,Eco,239,4,3,4,2,2,4,2,2,1,5,3,1,2,2.69,5,0,TRUE
Female,Loyal Customer,34,Business Travel,Business,3828,3,3,3,3,2,1,1,5,5,5,5,3,2,3.15,0,0,TRUE
Female,Loyal Customer,39,Business Travel,Business,295,1,1,1,1,2,5,4,4,4,4,4,4,3,2.92,0,4,TRUE
Female,Loyal Customer,18,Personal Travel,Eco,328,2,3,1,4,5,1,3,5,2,2,4,4,5,3.15,0,0,FALSE
Male,Loyal Customer,28,Business Travel,Business,3776,3,3,3,3,3,3,3,3,2,3,4,3,3,3,85,104,FALSE
Female,Disloyal Customer,33,Business Travel,Eco,67,2,0,1,4,3,1,3,3,1,1,3,2,3,2.08,79,105,FALSE
Male,Loyal Customer,63,Personal Travel,Business,598,2,2,3,5,4,4,4,1,1,3,1,4,4,2.92,0,0,FALSE
Male,Loyal Customer,39,Business Travel,Business,2513,1,1,1,1,4,5,5,5,5,5,4,3,4,3.38,0,0,TRUE
Male,Loyal Customer,34,Business Travel,Business,2704,1,1,2,1,5,5,5,3,5,4,2,5,5,3.38,0,0,TRUE
Male,Loyal Customer,34,Business Travel,Business,820,3,3,3,3,1,3,4,4,4,4,4,5,2,3.31,4,0,TRUE
Male,Loyal Customer,60,Personal Travel,Eco,271,2,1,2,3,5,2,5,5,1,3,4,4,5,3.23,17,13,FALSE
Female,Loyal Customer,43,Business Travel,Business,2773,4,3,4,4,3,4,4,3,3,2,3,5,3,3.46,3,0,TRUE
Male,Loyal Customer,52,Business Travel,Business,406,1,1,1,1,3,5,4,5,5,5,5,4,3,3.31,0,1,TRUE
Female,Loyal Customer,57,Personal Travel,Eco,1744,2,4,2,2,4,5,5,2,2,2,2,3,4,3,32,50,FALSE
Male,Loyal Customer,39,Personal Travel,Eco,338,2,5,2,2,4,2,4,4,5,3,5,5,4,3.62,0,0,FALSE
Male,Loyal Customer,60,Business Travel,Business,226,0,0,0,2,4,5,5,4,4,4,4,3,3,2.92,0,0,TRUE
Male,Loyal Customer,41,Business Travel,Business,1426,4,4,4,4,3,5,5,5,5,4,5,3,3,4.15,3,0,TRUE
Male,Loyal Customer,29,Personal Travel,Business,775,1,1,1,4,2,1,1,2,4,2,3,1,2,1.92,0,30,FALSE
Female,Loyal Customer,42,Business Travel,Business,2070,1,1,1,1,3,5,4,4,4,4,4,4,3,3,13,0,TRUE
Male,Loyal Customer,55,Business Travel,Business,3049,2,2,2,2,4,4,5,4,4,4,4,3,4,3.38,8,0,TRUE
Female,Loyal Customer,46,Personal Travel,Eco,1117,4,4,4,2,5,5,5,4,4,4,4,5,5,4.23,39,27,TRUE
Female,Loyal Customer,56,Business Travel,Business,345,0,0,0,2,5,5,4,1,1,1,1,4,4,2.15,0,0,TRUE
Male,Loyal Customer,55,Business Travel,Business,2374,0,0,0,2,4,4,3,5,5,5,5,1,2,2.77,49,43,TRUE
Female,Loyal Customer,34,Business Travel,Eco,447,3,2,2,2,3,3,3,3,4,2,4,2,3,2.77,1,9,FALSE
Male,Disloyal Customer,45,Business Travel,Business,862,4,4,4,4,4,4,4,4,4,5,5,4,4,4.15,2,0,TRUE
Male,Disloyal Customer,20,Business Travel,Eco,1448,3,3,3,1,3,3,3,3,1,4,2,3,3,2.69,0,0,FALSE
Male,Loyal Customer,76,Business Travel,Eco Plus,224,4,4,4,4,4,4,4,4,4,4,3,1,4,3.69,0,19,FALSE
Female,Loyal Customer,53,Personal Travel,Eco Plus,1012,2,2,2,3,2,3,4,5,5,2,1,4,2,2.85,0,0,FALSE
Female,Loyal Customer,44,Business Travel,Business,3925,3,3,3,3,2,5,4,5,5,5,5,4,3,3.85,0,0,TRUE
Male,Loyal Customer,35,Business Travel,Business,508,2,3,3,3,3,3,3,2,2,3,2,4,3,2.77,0,0,FALSE
Male,Loyal Customer,23,Business Travel,Business,2075,2,2,2,2,2,2,2,2,2,5,2,1,2,2.15,26,26,FALSE
Male,Loyal Customer,47,Personal Travel,Business,102,1,2,0,3,5,4,4,1,1,0,1,4,4,2.31,0,0,FALSE
Female,Disloyal Customer,26,Business Travel,Eco,906,2,2,2,4,1,2,1,1,3,1,4,3,1,2.08,0,0,FALSE
Female,Loyal Customer,40,Personal Travel,Eco,416,5,4,5,4,3,5,3,3,1,4,4,4,3,3.69,0,0,TRUE
Female,Loyal Customer,39,Business Travel,Business,813,2,2,2,2,2,5,4,3,3,3,3,5,3,3,0,0,TRUE
Female,Loyal Customer,36,Business Travel,Eco,378,4,3,3,3,4,5,4,4,2,2,4,5,4,3.62,0,25,TRUE
Female,Loyal Customer,51,Business Travel,Eco Plus,109,4,4,5,5,3,5,5,4,4,4,4,4,2,4.08,2,14,TRUE
Female,Disloyal Customer,37,Business Travel,Eco,546,1,4,1,4,1,1,1,1,2,5,4,3,1,2.23,0,16,FALSE
Male,Loyal Customer,50,Personal Travel,Eco,270,3,0,3,3,5,3,5,5,4,3,4,5,5,3.69,0,0,FALSE
Female,Loyal Customer,31,Business Travel,Business,2075,4,4,3,4,3,3,3,3,3,5,4,4,3,3.54,2,47,TRUE
Male,Loyal Customer,41,Business Travel,Business,2665,2,2,2,2,2,5,4,4,4,4,4,5,5,3.46,7,8,TRUE
Male,Loyal Customer,48,Business Travel,Business,2182,4,4,4,4,4,3,4,4,4,4,4,4,4,3.92,5,6,TRUE
Female,Loyal Customer,46,Business Travel,Business,3612,3,3,5,3,5,5,5,5,5,5,5,4,4,4.38,94,99,TRUE
Female,Loyal Customer,58,Business Travel,Eco,1123,3,4,4,4,2,3,3,3,3,3,3,4,2,3.15,0,35,FALSE
Female,Disloyal Customer,27,Business Travel,Business,957,3,3,3,1,1,3,1,1,5,2,4,4,1,2.46,0,2,FALSE
Male,Loyal Customer,60,Personal Travel,Eco,1400,2,5,2,3,2,4,4,4,5,3,4,4,4,3.54,188,160,FALSE
Male,Loyal Customer,56,Business Travel,Business,1242,4,4,4,4,5,4,5,4,4,4,4,4,5,4.23,0,0,TRUE
Female,Disloyal Customer,25,Business Travel,Business,268,4,0,4,3,5,4,5,5,4,5,4,5,5,4.08,0,0,TRUE
Female,Loyal Customer,59,Personal Travel,Eco Plus,515,3,4,3,3,5,4,4,5,5,3,5,5,4,4.08,13,17,FALSE
Female,Disloyal Customer,17,Business Travel,Eco,1050,1,1,1,2,5,1,5,5,2,2,3,3,5,2.77,0,0,FALSE
Male,Loyal Customer,34,Business Travel,Eco,489,2,2,2,2,2,2,2,2,1,1,3,1,2,1.85,0,0,FALSE
Female,Loyal Customer,69,Personal Travel,Eco,1389,4,4,4,1,3,4,5,3,3,4,3,3,5,3.54,0,0,FALSE
Male,Disloyal Customer,21,Business Travel,Eco,584,2,4,2,4,3,2,3,3,3,5,4,3,3,3.15,0,0,FALSE
Male,Loyal Customer,42,Business Travel,Business,3880,1,1,1,1,3,4,4,3,3,4,5,3,3,2.77,0,0,TRUE
Female,Disloyal Customer,26,Business Travel,Eco,472,5,0,4,4,1,4,3,1,4,5,3,4,1,3,0,0,TRUE
Male,Disloyal Customer,11,Business Travel,Eco,848,1,1,1,4,3,1,3,3,3,5,4,4,3,2.77,0,0,FALSE
Female,Loyal Customer,21,Personal Travel,Eco,468,2,4,2,4,5,2,5,5,1,1,4,1,5,3.15,0,0,FALSE
Female,Loyal Customer,12,Personal Travel,Eco,737,3,5,3,1,3,3,3,3,3,4,5,3,3,3.23,0,,FALSE
Female,Loyal Customer,60,Personal Travel,Eco,351,1,5,1,1,4,5,5,5,5,1,5,3,5,3.54,0,0,FALSE
Male,Loyal Customer,33,Personal Travel,Business,752,2,5,2,4,3,2,3,3,4,2,5,4,3,3.23,51,76,FALSE
Male,Loyal Customer,52,Business Travel,Business,486,5,5,5,5,2,5,4,4,4,4,4,3,3,4.08,96,88,TRUE
Female,Loyal Customer,58,Personal Travel,Eco,651,2,3,2,4,4,2,2,5,5,2,5,2,2,3.08,0,0,FALSE
Male,Loyal Customer,38,Business Travel,Eco Plus,450,4,5,5,5,4,4,4,4,4,5,4,4,4,4.31,11,15,FALSE
Male,Loyal Customer,51,Business Travel,Business,255,5,5,5,5,5,5,4,4,4,4,4,3,4,4.38,0,0,TRUE
Female,Loyal Customer,56,Business Travel,Eco,458,2,1,1,1,1,4,5,2,2,2,2,1,3,2.08,0,0,TRUE
Male,Loyal Customer,54,Business Travel,Business,762,1,1,1,1,2,1,5,4,4,4,4,5,2,2.69,2,0,TRUE
Male,Loyal Customer,51,Business Travel,Eco,862,4,5,5,5,4,4,4,4,5,5,2,5,4,4.31,7,16,TRUE
Female,Disloyal Customer,37,Business Travel,Business,1590,3,3,3,4,2,3,2,2,5,2,5,5,2,3.15,2,0,FALSE
Male,Loyal Customer,40,Personal Travel,Eco,853,3,4,3,5,5,3,5,5,5,3,4,5,5,4.23,26,12,FALSE
Male,Loyal Customer,45,Personal Travel,Eco,397,1,4,1,4,5,1,5,5,1,2,3,1,5,2.92,13,21,FALSE
Female,Loyal Customer,39,Business Travel,Business,1846,2,2,5,2,3,4,4,2,2,2,2,5,5,3.08,35,56,TRUE
Male,Loyal Customer,24,Business Travel,Eco Plus,224,5,5,5,5,5,5,4,5,2,2,3,5,5,4.31,0,0,TRUE
Female,Loyal Customer,42,Business Travel,Eco Plus,645,3,5,5,5,1,4,2,3,3,3,3,5,1,3.31,0,0,TRUE
Male,Loyal Customer,17,Personal Travel,Eco,2399,3,4,3,4,1,3,1,1,5,5,3,3,1,2.85,0,0,FALSE
Female,Loyal Customer,39,Business Travel,Business,3985,2,2,3,2,5,4,5,4,4,4,4,4,5,3.69,0,0,TRUE
Male,Loyal Customer,58,Business Travel,Business,888,4,4,4,4,2,5,5,4,4,4,4,5,4,4.08,0,0,TRUE
Female,Loyal Customer,46,Business Travel,Eco,748,5,5,3,5,5,2,4,5,5,5,5,1,5,4.23,0,0,TRUE
Male,Loyal Customer,28,Business Travel,Business,2250,1,1,1,1,5,5,5,5,3,5,4,5,5,3.54,0,0,TRUE
Female,Loyal Customer,64,Personal Travel,Eco,2402,0,2,0,3,0,3,3,1,2,4,4,3,3,2.15,0,0,TRUE
Female,Loyal Customer,38,Personal Travel,Eco,1197,2,5,2,2,4,2,4,4,5,2,3,3,4,3.23,0,0,FALSE
Female,Loyal Customer,27,Personal Travel,Business,873,5,0,5,3,4,5,4,4,5,2,3,5,4,3.77,0,0,TRUE
Male,Loyal Customer,42,Business Travel,Business,2402,5,5,5,5,3,3,5,4,4,4,4,3,5,4.23,0,2,TRUE
Male,Loyal Customer,30,Personal Travel,Eco Plus,1024,3,4,2,3,4,2,3,4,4,3,5,4,4,3.46,0,3,FALSE
Male,Loyal Customer,24,Business Travel,Business,1609,3,3,3,3,5,5,5,5,4,2,3,3,5,3.77,0,0,TRUE
Male,Loyal Customer,17,Personal Travel,Eco Plus,1598,3,4,3,2,5,3,5,5,3,3,3,4,5,3.69,72,63,FALSE
Female,Loyal Customer,34,Business Travel,Business,1142,4,4,4,4,4,5,4,4,4,4,4,5,4,4.15,3,0,TRUE
Female,Loyal Customer,29,Business Travel,Business,1721,1,1,1,1,5,5,5,5,5,2,5,3,5,3.38,0,19,TRUE
Female,Loyal Customer,33,Business Travel,Eco Plus,844,4,4,4,4,4,4,4,4,5,3,5,2,4,3.92,0,0,TRUE
Female,Loyal Customer,33,Personal Travel,Eco,696,1,5,1,4,4,1,4,4,5,5,4,5,4,3.62,2,2,FALSE
Female,Loyal Customer,55,Business Travel,Business,2342,4,4,4,4,4,4,4,4,2,5,4,4,4,3.92,0,0,TRUE
Male,Loyal Customer,41,Business Travel,Business,1749,4,4,4,4,5,4,5,4,4,4,4,3,4,4.08,0,0,TRUE
Female,Loyal Customer,40,Business Travel,Business,2546,2,2,2,2,3,5,5,4,4,4,4,3,5,3.46,34,32,TRUE
Female,Loyal Customer,36,Business Travel,Eco Plus,293,4,4,4,4,4,4,4,4,2,4,4,2,4,3.69,8,3,FALSE
Female,Loyal Customer,45,Business Travel,Business,1334,5,5,5,5,4,3,2,5,5,5,5,3,4,4.31,0,9,TRUE
Male,Loyal Customer,63,Personal Travel,Eco,414,4,5,4,4,5,4,5,5,5,2,4,5,5,4.38,5,0,TRUE
Female,Loyal Customer,53,Business Travel,Business,1947,3,3,3,3,5,4,4,3,3,3,3,5,4,3.54,0,4,TRUE
Male,Loyal Customer,37,Business Travel,Eco Plus,806,3,3,3,3,3,3,3,3,1,4,4,1,3,2.85,11,0,FALSE
Female,Loyal Customer,45,Business Travel,Business,3398,5,5,5,5,5,4,5,3,3,3,3,5,5,4.31,0,0,TRUE
Male,Loyal Customer,32,Business Travel,Eco,1325,2,4,4,4,2,3,2,2,2,1,4,3,2,2.69,0,0,FALSE
Male,Disloyal Customer,45,Business Travel,Eco,300,3,5,3,5,3,3,3,3,1,4,1,1,3,2.92,0,0,FALSE
Female,Loyal Customer,58,Business Travel,Business,883,5,5,5,5,5,5,5,5,5,5,5,4,5,4.92,22,23,TRUE
Male,Loyal Customer,59,Personal Travel,Eco,1999,1,5,1,5,5,1,5,5,5,5,4,3,5,3.85,11,12,FALSE
Female,Loyal Customer,28,Business Travel,Business,2774,5,5,5,5,4,4,4,4,5,5,5,3,4,4.46,0,0,TRUE
Female,Disloyal Customer,55,Business Travel,Eco,109,3,5,2,5,4,2,3,4,5,1,3,5,4,3.54,0,0,FALSE
Female,Loyal Customer,68,Business Travel,Business,3263,5,5,5,5,4,3,1,4,4,4,4,5,4,4.08,0,0,TRUE
Male,Loyal Customer,24,Personal Travel,Eco,2405,1,5,1,2,3,1,5,3,3,2,5,2,3,2.77,44,35,FALSE
Male,Loyal Customer,45,Business Travel,Business,1182,1,1,1,1,4,2,1,5,5,5,5,5,5,3.15,0,0,TRUE
Male,Loyal Customer,30,Personal Travel,Business,255,4,4,4,3,3,4,3,3,5,5,5,5,3,3.92,0,0,FALSE
Male,Loyal Customer,58,Business Travel,Business,349,2,2,2,2,3,4,4,4,4,4,4,3,5,3.31,0,0,TRUE
Female,Loyal Customer,28,Personal Travel,Eco Plus,526,2,4,2,4,3,2,3,3,3,3,5,5,3,3.23,0,0,FALSE
Female,Loyal Customer,40,Business Travel,Business,1642,2,2,2,2,4,3,1,3,3,4,3,1,4,2.62,0,0,TRUE
Female,Loyal Customer,36,Personal Travel,Eco,600,2,0,2,4,4,2,4,4,3,2,4,4,4,3,0,1,FALSE
Female,Loyal Customer,39,Business Travel,Business,2174,5,5,5,5,2,3,5,4,4,4,4,3,5,4.15,18,20,TRUE
Male,Disloyal Customer,44,Business Travel,Eco,1249,3,3,3,4,4,3,4,4,4,1,4,3,4,3.38,38,27,FALSE
Male,Loyal Customer,12,Personal Travel,Eco,861,1,5,1,2,4,1,2,4,4,2,4,4,4,2.92,0,0,FALSE
Male,Loyal Customer,52,Personal Travel,Eco,67,3,5,3,4,5,3,5,5,5,2,4,4,5,4.08,0,0,FALSE
Female,Loyal Customer,56,Personal Travel,Eco,369,1,3,1,5,3,4,3,4,4,1,4,1,4,2.92,0,14,FALSE
Male,Loyal Customer,69,Personal Travel,Eco,588,3,3,3,3,4,3,4,4,4,2,3,2,4,3.23,5,0,FALSE
Male,Disloyal Customer,27,Business Travel,Eco,1059,4,4,4,4,2,4,2,2,1,1,4,2,2,2.77,6,18,FALSE
Male,Disloyal Customer,38,Business Travel,Eco,451,1,2,1,4,5,1,4,5,4,3,3,3,5,3.15,55,44,FALSE
Male,Loyal Customer,54,Business Travel,Business,1719,4,4,4,4,3,5,4,4,4,4,4,3,3,3.85,4,28,TRUE
Female,Loyal Customer,45,Personal Travel,Eco,812,2,1,2,2,2,4,4,3,1,2,3,4,4,2.62,336,406,FALSE
Male,Loyal Customer,40,Personal Travel,Eco,1123,2,5,2,2,2,2,2,3,3,4,4,2,2,2.69,115,137,FALSE
Male,Loyal Customer,46,Business Travel,Business,2108,2,5,2,2,4,5,4,4,4,4,4,3,4,3.62,12,16,TRUE
Female,Disloyal Customer,23,Personal Travel,Eco,748,3,4,3,2,2,3,2,2,5,1,5,2,2,2.77,21,0,FALSE
Male,Disloyal Customer,38,Business Travel,Eco,992,4,4,4,2,4,4,4,4,4,2,2,1,4,3.31,14,4,FALSE
Male,Loyal Customer,42,Business Travel,Eco,444,2,4,4,4,2,2,2,2,2,3,2,3,2,2.62,0,0,FALSE
Female,Disloyal Customer,23,Business Travel,Eco,1102,2,2,2,3,3,2,3,3,3,2,3,1,3,2.46,0,2,FALSE
Female,Loyal Customer,58,Business Travel,Business,3785,4,4,4,4,3,5,4,4,4,4,4,5,5,4.15,0,0,TRUE
Male,Loyal Customer,46,Business Travel,Business,2192,1,1,1,1,4,5,5,2,2,2,2,4,5,2.69,3,3,TRUE
Male,Disloyal Customer,26,Business Travel,Eco,645,4,4,4,3,3,4,3,3,4,1,4,5,3,3.46,68,54,FALSE
Female,Disloyal Customer,49,Business Travel,Eco,1173,1,1,1,3,4,1,4,4,1,2,1,1,4,2.15,1,0,FALSE
Female,Loyal Customer,58,Business Travel,Eco,489,2,2,2,2,4,3,3,2,2,2,2,3,4,2.54,0,0,FALSE
Male,Loyal Customer,32,Personal Travel,Eco Plus,936,3,4,3,4,2,3,2,2,3,2,2,5,2,2.85,0,0,FALSE
Female,Loyal Customer,26,Personal Travel,Eco,406,3,5,3,2,2,3,2,2,5,5,5,3,2,3.23,0,0,FALSE
Female,Loyal Customer,58,Business Travel,Business,1945,3,3,3,3,3,4,5,4,4,4,4,4,3,3.62,85,75,TRUE
Male,Loyal Customer,24,Business Travel,Eco Plus,266,0,5,0,2,0,5,5,2,3,1,3,5,5,2.77,112,146,TRUE
Male,Disloyal Customer,35,Business Travel,Eco,889,1,1,1,4,3,1,3,3,3,5,3,1,3,2.46,14,0,FALSE
Female,Loyal Customer,66,Personal Travel,Eco,1481,1,4,1,4,1,4,3,5,5,1,5,4,2,3.08,12,8,FALSE
Female,Loyal Customer,44,Business Travel,Business,633,5,5,5,5,2,3,4,5,5,5,5,5,1,4.23,42,39,TRUE
Male,Loyal Customer,49,Business Travel,Business,3568,1,1,1,1,4,4,4,3,3,4,5,4,4,3,358,357,TRUE
Female,Loyal Customer,55,Business Travel,Business,3289,2,2,2,2,3,5,5,5,5,5,5,5,4,3.85,17,8,TRUE
Female,Loyal Customer,52,Business Travel,Business,2583,4,4,5,4,3,3,5,2,2,2,2,3,3,3.23,0,0,TRUE
Female,Disloyal Customer,26,Business Travel,Eco Plus,1208,2,2,2,4,5,2,5,5,3,2,5,1,5,3.31,17,10,FALSE
Male,Loyal Customer,61,Personal Travel,Business,806,2,5,2,1,3,3,4,2,2,2,2,3,3,2.62,24,23,FALSE
Female,Loyal Customer,24,Business Travel,Business,391,1,1,1,1,5,5,5,5,5,2,3,2,5,3.15,9,7,TRUE
Female,Loyal Customer,30,Business Travel,Business,3877,4,4,4,4,4,4,4,4,2,2,2,4,4,3.54,0,0,TRUE
Female,Disloyal Customer,20,Business Travel,Eco,184,2,2,2,3,3,2,3,3,4,1,3,1,3,2.46,0,0,FALSE
Male,Loyal Customer,51,Business Travel,Business,1900,4,4,4,4,4,5,4,5,5,5,5,5,4,4.46,0,0,TRUE
Female,Loyal Customer,15,Business Travel,Eco,636,1,4,3,4,1,2,1,3,2,4,3,1,1,2.31,245,254,FALSE
Male,Loyal Customer,55,Business Travel,Eco Plus,370,4,5,3,3,4,4,4,4,4,1,3,2,4,3.46,0,0,FALSE
Male,Loyal Customer,17,Personal Travel,Eco,1262,5,5,5,4,3,5,3,3,4,2,3,3,3,3.69,0,0,TRUE
Female,Disloyal Customer,18,Business Travel,Eco,308,3,1,3,3,5,3,5,5,3,1,3,1,5,3.15,0,2,FALSE
Female,Loyal Customer,25,Business Travel,Business,547,5,5,5,5,4,4,4,4,5,5,4,3,4,4.38,0,0,TRUE
Male,Loyal Customer,59,Personal Travel,Eco Plus,2611,2,2,2,2,2,2,2,2,3,3,2,4,2,2.31,0,8,FALSE
Female,Loyal Customer,60,Business Travel,Eco,1016,4,5,4,4,5,1,3,4,4,4,4,2,2,3.54,0,0,TRUE
Male,Loyal Customer,69,Personal Travel,Eco,1123,3,5,3,3,1,3,4,1,3,3,3,5,1,2.92,1,6,FALSE
Female,Loyal Customer,24,Business Travel,Business,679,2,5,5,5,2,2,2,2,1,4,4,4,2,3.08,0,0,FALSE
Female,Loyal Customer,53,Business Travel,Business,3616,1,2,2,2,2,3,3,1,1,2,1,3,4,2.08,0,0,FALSE
Male,Disloyal Customer,19,Business Travel,Eco,533,3,0,3,1,2,3,2,2,3,3,5,3,2,2.46,32,63,FALSE
Female,Loyal Customer,40,Business Travel,Business,554,3,3,3,3,2,2,5,5,5,5,5,5,5,3.92,9,0,TRUE
Female,Loyal Customer,52,Business Travel,Business,2330,4,4,1,4,5,4,4,4,4,4,4,4,3,3.77,0,8,TRUE
Female,Loyal Customer,35,Business Travel,Business,907,3,4,3,3,2,4,4,5,5,5,5,5,5,4.08,0,0,TRUE
Male,Loyal Customer,20,Personal Travel,Eco,1972,2,4,2,1,3,2,2,3,2,2,3,2,3,2.38,0,0,FALSE
Female,Loyal Customer,44,Business Travel,Eco,190,3,1,3,1,4,2,4,3,3,3,3,2,2,2.62,0,0,TRUE
Male,Loyal Customer,34,Personal Travel,Eco,442,1,4,1,4,3,1,3,3,5,5,4,5,3,3.23,0,0,FALSE
Female,Loyal Customer,42,Business Travel,Business,2582,1,1,1,1,3,5,4,4,4,5,4,4,5,3.23,0,0,TRUE
Female,Loyal Customer,16,Personal Travel,Eco,733,4,3,4,4,5,4,5,5,2,4,4,4,5,4.08,22,14,FALSE
Female,Loyal Customer,41,Business Travel,Business,3703,2,2,5,2,5,5,4,3,3,4,3,3,5,3.54,0,0,TRUE
Female,Loyal Customer,16,Personal Travel,Eco,1587,3,5,3,2,3,3,3,3,4,4,3,4,3,3.31,0,3,FALSE
Female,Loyal Customer,42,Personal Travel,Eco,198,1,4,1,4,4,4,5,4,4,1,4,3,3,3.23,0,0,FALSE
Female,Disloyal Customer,42,Business Travel,Eco,1476,3,3,3,3,5,3,2,5,3,4,3,3,5,3.46,0,6,FALSE
Female,Disloyal Customer,39,Business Travel,Eco,96,1,1,1,4,3,1,5,3,1,1,3,2,3,2.23,0,24,FALSE
Male,Loyal Customer,34,Business Travel,Eco Plus,531,4,5,5,5,4,4,4,4,1,3,2,5,4,3.85,0,0,TRUE
Female,Disloyal Customer,18,Business Travel,Eco,1416,2,2,2,1,3,2,3,3,2,2,1,2,3,2.15,0,7,TRUE
Male,Loyal Customer,67,Personal Travel,Eco,1947,2,4,2,1,2,2,2,2,3,5,5,2,2,2.62,27,21,FALSE
Female,Disloyal Customer,64,Business Travel,Eco,990,3,3,3,4,5,3,5,5,2,5,4,2,5,3.77,6,0,FALSE
Male,Loyal Customer,18,Personal Travel,Eco,472,1,4,1,3,1,1,1,1,4,4,3,1,1,2,31,7,FALSE
Male,Disloyal Customer,38,Business Travel,Business,2133,4,4,4,1,3,4,3,3,5,3,3,5,3,3.46,27,0,TRUE
Male,Loyal Customer,52,Business Travel,Eco,403,5,2,2,2,5,5,5,5,3,1,4,2,5,3.54,0,0,TRUE
Male,Loyal Customer,52,Business Travel,Business,2214,3,3,3,3,3,5,5,4,4,4,4,5,4,3.85,12,16,TRUE
Male,Loyal Customer,23,Personal Travel,Eco,668,2,5,2,3,2,2,2,2,4,3,5,5,2,3,0,0,FALSE
Male,Loyal Customer,65,Business Travel,Business,602,2,4,4,4,1,4,3,2,2,2,2,1,3,2.62,26,13,FALSE
Male,Loyal Customer,15,Business Travel,Business,1105,1,1,1,1,5,5,5,5,4,3,4,3,5,3.31,9,0,TRUE
Male,Loyal Customer,55,Business Travel,Business,2166,1,1,1,1,2,4,5,3,3,4,3,4,5,2.85,0,0,TRUE
Female,Loyal Customer,43,Business Travel,Business,3716,2,3,3,3,3,3,3,1,1,1,2,2,4,2.38,24,27,FALSE
Male,Disloyal Customer,63,Personal Travel,Eco,125,2,4,0,2,2,0,2,2,5,5,2,5,2,2.54,0,0,FALSE
Female,Loyal Customer,45,Business Travel,Business,1708,4,2,4,2,4,3,4,4,4,4,4,1,1,3.15,0,6,FALSE
Female,Loyal Customer,8,Personal Travel,Eco,993,3,4,3,1,4,3,4,4,4,5,5,4,4,3.69,0,0,FALSE
Female,Loyal Customer,52,Business Travel,Business,2565,2,2,2,2,3,4,5,3,3,3,3,5,5,3.23,0,0,TRUE
Female,Loyal Customer,15,Personal Travel,Eco,187,3,5,3,2,3,3,3,3,4,4,5,4,3,3.46,0,0,FALSE
Female,Loyal Customer,34,Personal Travel,Eco,528,4,4,4,3,3,4,3,3,5,5,5,5,3,3.92,40,36,FALSE
Male,Loyal Customer,41,Business Travel,Business,483,1,1,1,1,3,2,1,3,3,3,3,1,5,2.15,0,0,TRUE
Male,Disloyal Customer,36,Business Travel,Business,1727,2,2,2,4,5,2,5,5,3,2,3,4,5,3.38,0,0,FALSE
Male,Loyal Customer,55,Personal Travel,Eco Plus,669,1,1,1,3,5,1,5,5,4,3,3,3,5,3.08,6,3,FALSE
Male,Disloyal Customer,22,Business Travel,Eco,812,5,5,5,2,4,5,4,4,4,4,5,4,4,4.23,0,0,TRUE
Female,Loyal Customer,41,Personal Travel,Eco,1943,2,5,1,1,1,4,5,3,5,5,4,5,5,3.54,165,130,FALSE
Male,Loyal Customer,39,Personal Travel,Eco,972,4,4,4,3,4,4,4,4,5,3,4,5,4,4,0,0,FALSE
Female,Loyal Customer,34,Business Travel,Business,770,2,3,4,3,4,3,4,2,2,2,2,3,2,2.77,82,73,FALSE
Female,Disloyal Customer,22,Business Travel,Business,562,2,4,2,3,1,2,1,1,4,5,3,1,1,2.31,53,36,FALSE
Female,Disloyal Customer,46,Business Travel,Eco,848,1,1,1,1,2,1,2,2,2,2,2,4,2,1.77,69,62,FALSE
Male,Loyal Customer,32,Business Travel,Business,1681,4,3,3,3,4,3,4,4,4,3,3,3,4,3.46,0,24,FALSE
Female,Disloyal Customer,29,Business Travel,Eco,580,3,4,2,3,1,2,1,1,4,5,3,2,1,2.46,23,23,FALSE
Male,Loyal Customer,50,Business Travel,Business,1849,3,3,3,3,2,5,5,3,3,2,3,3,3,3.15,0,7,TRUE
Female,Loyal Customer,59,Personal Travel,Eco,2176,4,3,4,2,4,3,3,1,1,4,1,4,2,2.77,0,14,FALSE
Male,Loyal Customer,39,Personal Travel,Eco,479,3,5,1,2,5,1,5,5,3,5,1,3,5,3.38,0,0,FALSE
Male,Loyal Customer,12,Personal Travel,Eco,675,3,4,3,3,4,3,3,4,5,2,5,4,4,3.62,0,0,FALSE
Female,Disloyal Customer,24,Business Travel,Eco,594,3,0,3,3,3,3,3,3,3,4,4,5,3,3.08,4,0,FALSE
Female,Loyal Customer,15,Personal Travel,Eco,1460,2,4,1,3,4,1,5,4,5,5,5,3,4,3.54,0,0,FALSE
Male,Loyal Customer,31,Personal Travel,Eco,1017,4,5,4,3,2,4,2,2,2,4,4,2,2,3.08,3,0,TRUE
Female,Disloyal Customer,29,Business Travel,Business,2583,2,3,3,5,5,3,5,5,4,5,5,3,5,4.08,5,11,FALSE
Male,Loyal Customer,21,Personal Travel,Eco,644,1,4,1,2,2,1,2,2,5,5,5,4,2,2.77,0,0,FALSE
Female,Loyal Customer,29,Personal Travel,Eco,479,4,2,4,3,5,4,5,5,3,1,3,3,5,3.62,0,0,TRUE
Male,Loyal Customer,54,Business Travel,Business,3510,0,0,0,3,3,5,5,3,3,3,3,5,4,2.85,0,0,TRUE
Male,Disloyal Customer,23,Business Travel,Business,1440,0,0,0,3,2,0,2,2,4,3,5,3,2,2,16,9,TRUE
Female,Loyal Customer,52,Business Travel,Business,1481,2,2,2,2,3,5,4,4,4,4,4,4,5,3.46,0,0,TRUE
Female,Loyal Customer,51,Business Travel,Eco,536,3,5,5,5,1,1,2,3,3,3,3,3,2,3,0,0,TRUE
Male,Loyal Customer,29,Business Travel,Eco Plus,992,2,2,3,3,2,2,2,2,2,3,4,2,2,2.38,52,58,FALSE
Male,Loyal Customer,53,Business Travel,Business,554,3,4,4,4,3,3,4,3,3,3,3,3,2,3.23,0,0,FALSE
Female,Loyal Customer,27,Personal Travel,Eco,1024,1,1,1,2,5,1,5,5,2,2,2,3,5,2.69,0,0,FALSE
Male,Loyal Customer,18,Personal Travel,Eco,460,4,5,4,2,3,4,3,3,2,4,5,2,3,3.38,0,0,FALSE
Male,Disloyal Customer,24,Business Travel,Eco,986,5,5,5,1,3,5,5,3,2,4,5,1,3,3.62,0,0,TRUE
Female,Loyal Customer,62,Business Travel,Eco,190,3,3,3,3,1,3,3,3,3,3,3,4,1,2.77,14,12,FALSE
Male,Loyal Customer,13,Personal Travel,Eco,1391,3,2,2,1,3,2,3,3,2,4,1,3,3,2.46,0,0,FALSE
Male,Loyal Customer,63,Personal Travel,Eco,429,1,4,5,5,2,5,2,2,4,4,1,2,2,3,15,,FALSE
Male,Loyal Customer,28,Business Travel,Business,3506,1,1,4,1,3,4,3,3,1,1,3,1,3,2.23,0,0,TRUE
Male,Disloyal Customer,37,Business Travel,Business,432,3,3,3,2,4,3,4,4,4,2,5,4,4,3.46,0,0,FALSE
Female,Disloyal Customer,23,Business Travel,Eco,834,2,2,2,4,3,2,2,3,3,4,1,3,3,2.62,19,12,FALSE
Male,Loyal Customer,56,Business Travel,Eco Plus,409,3,5,5,5,3,3,3,3,1,5,3,3,3,3.46,6,6,FALSE
Female,Loyal Customer,30,Business Travel,Business,986,1,1,1,1,5,4,5,5,4,1,3,2,5,2.92,0,0,TRUE
Female,Loyal Customer,16,Personal Travel,Eco,549,3,0,3,5,4,3,4,4,3,4,4,4,4,3.46,0,0,FALSE
Male,Loyal Customer,68,Personal Travel,Business,989,4,4,4,4,3,5,4,4,4,4,4,5,5,4.15,24,24,FALSE
Male,Loyal Customer,47,Business Travel,Business,1892,2,2,2,2,2,5,4,2,2,2,2,4,5,2.77,7,0,TRUE
Male,Loyal Customer,35,Business Travel,Eco,2404,5,2,2,2,5,5,5,5,4,5,4,5,5,4.15,0,0,TRUE
Male,Loyal Customer,55,Business Travel,Business,1514,3,3,3,3,4,4,4,4,4,4,4,3,5,3.69,1,0,TRUE
Female,Disloyal Customer,56,Business Travel,Eco,106,4,3,4,2,5,4,5,5,5,1,4,4,5,3.92,0,0,FALSE
Female,Loyal Customer,11,Personal Travel,Business,423,4,4,4,3,1,4,1,1,1,4,3,4,1,2.69,0,6,FALSE
Female,Loyal Customer,67,Personal Travel,Eco,1007,2,4,2,1,4,5,4,2,2,2,2,5,4,3,119,104,FALSE
Male,Loyal Customer,25,Business Travel,Business,2562,4,4,4,4,4,4,4,4,5,4,5,5,4,4.23,0,0,TRUE
Male,Disloyal Customer,23,Business Travel,Eco,647,3,3,3,3,5,3,4,5,1,2,4,3,5,3.38,0,7,FALSE
Male,Loyal Customer,59,Business Travel,Eco,409,2,4,4,4,2,2,2,2,4,1,4,2,2,2.69,0,0,FALSE
Female,Loyal Customer,42,Business Travel,Business,937,1,1,1,1,3,5,4,4,4,4,4,4,3,3,0,0,TRUE
Female,Loyal Customer,30,Personal Travel,Eco,1428,2,1,2,3,1,2,1,1,1,3,3,4,1,1.92,5,0,FALSE
Male,Loyal Customer,10,Personal Travel,Eco Plus,762,3,1,3,3,4,3,4,4,4,1,3,4,4,3.15,0,0,FALSE
Male,Loyal Customer,40,Business Travel,Business,2475,1,1,1,1,4,4,4,3,4,5,5,4,4,3.15,0,4,TRUE
Male,Loyal Customer,69,Business Travel,Business,3492,2,2,2,2,3,5,5,5,5,5,5,5,3,3.77,0,0,TRUE
Female,Disloyal Customer,49,Business Travel,Business,685,2,2,2,2,5,2,5,5,3,3,4,3,5,3.31,0,0,FALSE
Male,Loyal Customer,17,Personal Travel,Eco,911,2,4,2,4,2,2,2,2,5,5,5,1,2,2.92,56,56,FALSE
Male,Loyal Customer,36,Personal Travel,Eco,268,3,3,3,4,3,3,3,3,2,1,5,1,3,2.85,38,33,FALSE
Male,Loyal Customer,26,Personal Travel,Eco,356,2,5,2,3,1,2,1,1,3,2,5,3,1,2.38,0,0,FALSE
Male,Loyal Customer,56,Business Travel,Business,1892,1,1,1,1,2,5,5,5,5,5,5,4,3,3.31,0,0,TRUE
Male,Loyal Customer,39,Business Travel,Business,3586,0,0,0,3,3,4,4,2,2,2,2,3,5,2.31,0,0,TRUE
Male,Loyal Customer,46,Business Travel,Eco,991,2,1,1,1,2,2,2,2,4,1,4,1,2,1.92,0,0,FALSE
Male,Loyal Customer,50,Business Travel,Business,2551,2,1,1,1,5,3,3,2,2,3,2,1,4,2.31,0,0,FALSE
Male,Loyal Customer,17,Business Travel,Business,3875,4,4,4,4,1,2,4,1,4,1,3,2,1,2.69,0,0,FALSE
Male,Loyal Customer,47,Business Travel,Eco,152,3,3,3,3,3,3,3,3,3,1,4,3,3,2.92,0,0,FALSE
Female,Loyal Customer,21,Personal Travel,Eco,148,2,4,2,3,3,2,3,3,4,5,4,4,3,3.23,45,50,FALSE
Female,Loyal Customer,31,Personal Travel,Eco,1092,2,1,1,3,5,1,5,5,4,5,4,4,5,3.46,0,0,FALSE
Female,Loyal Customer,31,Business Travel,Eco,190,2,2,2,2,2,2,2,2,1,1,3,1,2,1.85,2,0,FALSE
Male,Loyal Customer,44,Business Travel,Eco Plus,641,4,2,2,2,4,4,4,4,5,2,2,4,4,3.31,5,49,TRUE
Male,Loyal Customer,66,Personal Travel,Eco,545,4,2,4,2,2,4,2,2,2,4,1,1,2,2.46,0,1,FALSE
Male,Loyal Customer,54,Business Travel,Business,1897,4,4,4,4,5,5,4,5,5,5,5,3,4,4.38,0,0,TRUE
Female,Loyal Customer,22,Business Travel,Eco,1069,3,1,1,1,3,2,3,3,5,1,2,1,3,2.23,0,22,FALSE
Male,Loyal Customer,47,Business Travel,Business,2640,3,3,3,3,5,3,3,4,2,4,1,3,3,3.08,6,4,TRUE
Female,Loyal Customer,59,Business Travel,Business,2331,1,1,2,1,2,5,4,5,5,5,5,4,5,3.46,0,12,TRUE
Male,Loyal Customer,59,Business Travel,Eco Plus,153,5,4,4,4,5,5,5,5,3,3,1,1,5,3.85,0,0,TRUE
Female,Loyal Customer,33,Business Travel,Eco,296,1,3,3,3,1,1,1,1,4,5,4,3,1,2.38,0,0,FALSE
Male,Loyal Customer,33,Business Travel,Eco,123,3,1,1,1,5,5,5,5,2,2,3,5,5,3.31,0,0,TRUE
Male,Loyal Customer,34,Business Travel,Business,1547,2,2,1,2,4,5,4,4,4,4,4,5,3,3.38,1,0,TRUE
Female,Loyal Customer,50,Personal Travel,Eco,342,2,4,2,3,3,4,3,2,2,2,2,3,4,2.77,0,0,FALSE
Male,Loyal Customer,14,Business Travel,Business,3613,4,4,4,4,4,4,4,4,1,2,4,1,4,3.38,0,0,TRUE
Female,Loyal Customer,60,Business Travel,Business,2777,5,3,5,5,4,4,5,4,4,4,4,3,3,4.08,57,58,TRUE
Male,Loyal Customer,54,Personal Travel,Eco,925,1,1,1,3,3,1,3,3,4,5,3,1,3,2.46,4,8,FALSE
Female,Disloyal Customer,37,Business Travel,Eco,188,2,2,2,4,4,2,4,4,2,3,3,2,4,2.92,0,0,FALSE
Female,Disloyal Customer,46,Business Travel,Business,869,4,4,4,4,5,4,5,5,3,2,5,4,5,4.15,59,40,TRUE
Female,Loyal Customer,52,Personal Travel,Eco,247,4,1,4,2,4,2,2,3,3,4,3,1,3,2.77,40,30,FALSE
Male,Loyal Customer,54,Business Travel,Business,2019,2,3,3,3,3,4,3,2,2,2,2,4,1,2.62,0,0,FALSE
Male,Loyal Customer,46,Personal Travel,Eco,2556,2,1,2,3,5,2,5,5,1,3,4,1,5,3,0,0,FALSE
Female,Loyal Customer,38,Business Travel,Business,2822,2,2,5,2,2,5,4,5,5,5,5,3,4,3.77,13,0,TRUE
Female,Disloyal Customer,26,Business Travel,Eco Plus,1303,4,4,4,4,4,4,4,4,1,3,4,2,4,3.54,24,47,FALSE
Male,Loyal Customer,30,Business Travel,Business,4000,4,4,4,4,4,4,4,4,4,3,4,5,4,4,0,0,TRUE
Male,Loyal Customer,43,Business Travel,Business,2656,5,5,5,5,4,5,5,4,4,4,4,4,5,4.54,0,4,TRUE
Female,Loyal Customer,69,Personal Travel,Eco Plus,184,2,4,2,5,5,5,5,2,2,2,2,4,5,3.46,0,0,FALSE
Female,Loyal Customer,55,Personal Travel,Eco,238,2,1,2,2,4,3,2,3,3,2,2,2,2,2.31,34,40,FALSE
Female,Loyal Customer,70,Personal Travel,Eco,997,3,3,3,3,5,1,3,2,2,3,5,3,1,2.85,31,16,FALSE
Female,Loyal Customer,47,Business Travel,Business,1015,5,3,5,5,3,5,5,5,5,5,5,3,1,4.23,9,8,TRUE
Female,Disloyal Customer,19,Business Travel,Eco,712,4,4,4,4,3,4,3,3,3,5,3,3,3,3.54,33,30,FALSE
Male,Disloyal Customer,30,Business Travel,Eco,990,1,1,1,3,2,1,2,2,2,1,4,4,2,2,0,5,FALSE
Male,Loyal Customer,48,Personal Travel,Eco,689,2,5,2,1,2,2,2,2,5,2,5,4,2,2.77,89,86,FALSE
Male,Loyal Customer,30,Business Travel,Business,3584,2,5,5,5,2,3,2,2,3,3,3,3,2,3.08,0,0,FALSE
Female,Loyal Customer,10,Personal Travel,Eco,1814,3,4,3,3,1,3,1,1,3,5,5,4,1,2.85,0,0,FALSE
Male,Loyal Customer,37,Personal Travel,Eco,226,3,3,3,5,5,3,5,5,3,4,2,1,5,3.62,0,0,FALSE
Female,Loyal Customer,11,Personal Travel,Eco,507,4,4,5,1,3,5,3,3,4,5,4,5,3,3.77,1,0,TRUE
Male,Loyal Customer,44,Business Travel,Business,1747,5,5,5,5,4,3,4,5,5,5,5,3,3,4.38,23,2,TRUE
Female,Loyal Customer,25,Business Travel,Business,772,4,4,4,4,4,4,4,4,4,4,4,3,4,3.92,0,0,TRUE
Female,Loyal Customer,45,Business Travel,Business,1616,5,5,5,5,4,4,4,5,5,5,5,3,5,4.62,71,62,TRUE
Male,Loyal Customer,24,Business Travel,Business,954,4,4,4,4,4,4,4,4,5,3,2,4,4,3.85,0,0,TRUE
Female,Loyal Customer,39,Business Travel,Business,432,4,4,4,4,3,5,3,5,5,5,5,2,5,4.15,10,32,TRUE
Male,Loyal Customer,41,Business Travel,Eco,419,3,3,3,3,3,3,3,3,3,2,4,2,3,2.92,0,4,FALSE
Male,Loyal Customer,18,Business Travel,Eco,946,4,3,5,5,4,5,5,4,2,1,2,1,4,3.46,0,0,TRUE
Male,Loyal Customer,29,Personal Travel,Eco,909,1,4,1,4,4,1,4,4,3,2,5,4,4,3.15,0,0,FALSE
Male,Loyal Customer,43,Business Travel,Business,2126,4,4,4,4,4,5,3,4,4,4,4,4,5,4.08,0,0,TRUE
Female,Loyal Customer,66,Personal Travel,Eco,871,2,3,2,3,1,4,4,5,5,2,5,2,4,3.23,0,0,FALSE
Female,Disloyal Customer,39,Business Travel,Business,816,4,4,4,4,5,4,5,5,2,1,3,1,5,3.62,14,1,FALSE
Male,Loyal Customer,44,Business Travel,Eco,833,4,2,2,2,4,4,4,4,1,4,2,1,4,2.92,30,14,FALSE
Male,Loyal Customer,37,Business Travel,Business,1258,1,2,1,1,3,4,5,4,4,4,4,5,5,3.31,0,5,TRUE
Male,Loyal Customer,23,Personal Travel,Eco,1180,3,4,3,4,1,3,1,1,3,5,5,5,1,3,20,2,FALSE
Female,Loyal Customer,35,Personal Travel,Eco,1076,5,4,5,4,5,5,5,5,4,5,4,3,5,4.54,0,0,TRUE
Female,Loyal Customer,27,Personal Travel,Eco,929,3,5,3,2,4,3,4,4,3,5,5,4,4,3.77,0,0,FALSE
Male,Loyal Customer,62,Personal Travel,Eco,529,3,2,5,3,3,5,3,3,2,4,3,1,3,3.08,3,0,FALSE
Male,Loyal Customer,56,Personal Travel,Eco,1121,2,4,2,5,2,2,2,2,5,5,5,4,2,3.23,0,0,FALSE
Female,Loyal Customer,8,Personal Travel,Eco,802,1,3,1,2,2,1,2,2,5,5,2,5,2,2.54,10,2,FALSE
Male,Loyal Customer,37,Personal Travel,Eco,134,2,2,2,4,1,2,1,1,4,2,3,1,1,2,0,0,FALSE
Male,Loyal Customer,56,Business Travel,Eco,383,2,4,4,4,1,2,1,1,4,2,3,2,1,2.38,0,0,FALSE
Female,Loyal Customer,51,Business Travel,Business,3874,4,5,4,4,3,4,5,4,4,4,4,4,5,4.15,0,0,TRUE
Female,Loyal Customer,46,Personal Travel,Eco Plus,1005,2,5,2,5,5,5,4,4,4,2,4,5,5,4,1,0,FALSE
Female,Disloyal Customer,31,Business Travel,Business,1587,2,2,2,1,5,2,5,5,5,3,3,4,5,3.38,4,0,FALSE
Female,Loyal Customer,60,Business Travel,Business,3904,1,3,3,3,1,1,1,1,5,1,2,1,1,1.85,27,8,FALSE
Male,Loyal Customer,30,Personal Travel,Eco Plus,493,3,3,3,3,3,3,3,3,2,1,3,3,3,2.77,0,5,FALSE
Male,Loyal Customer,28,Business Travel,Business,626,2,2,2,2,5,5,5,5,3,4,4,4,5,3.69,0,0,TRUE
Female,Disloyal Customer,36,Business Travel,Business,289,4,4,4,3,5,4,5,5,4,5,5,5,5,4.46,0,0,FALSE
Male,Loyal Customer,65,Personal Travel,Eco Plus,597,3,4,3,2,1,3,1,1,2,5,4,1,1,2.38,0,0,FALSE
Female,Loyal Customer,27,Personal Travel,Eco,680,2,5,2,3,3,2,3,3,4,5,4,4,3,3.31,0,0,FALSE
Female,Disloyal Customer,59,Business Travel,Eco Plus,337,3,3,3,1,5,3,5,5,1,3,1,4,5,3.23,22,21,FALSE
Female,Loyal Customer,69,Business Travel,Eco,209,5,2,2,2,4,5,4,5,5,5,5,1,3,3.69,0,0,TRUE
Male,Loyal Customer,12,Personal Travel,Eco,859,1,4,1,3,1,1,1,1,5,2,4,5,1,2.31,31,13,FALSE
Male,Loyal Customer,51,Business Travel,Business,3945,1,1,1,1,2,5,4,4,4,4,4,5,3,3,0,0,TRUE
Female,Loyal Customer,43,Personal Travel,Eco,612,5,5,4,5,4,5,4,3,3,4,3,3,3,3.92,17,0,TRUE
Male,Loyal Customer,64,Business Travel,Eco Plus,337,2,3,3,3,2,2,2,2,1,2,3,2,2,2.23,27,18,FALSE
Female,Loyal Customer,32,Business Travel,Eco Plus,692,4,4,4,4,4,4,4,4,1,1,2,4,4,3.38,0,0,TRUE
Male,Disloyal Customer,25,Business Travel,Eco,423,2,2,3,3,2,3,2,2,3,3,4,4,2,2.69,62,64,FALSE
Male,Loyal Customer,19,Personal Travel,Eco,844,4,4,4,4,2,4,2,2,4,4,4,3,2,3.31,0,0,TRUE
Male,Loyal Customer,47,Business Travel,Eco,438,1,5,5,5,1,1,1,1,4,4,4,2,1,2.69,0,1,FALSE
Male,Disloyal Customer,25,Business Travel,Business,544,1,0,1,5,1,1,1,1,4,3,4,4,1,2.08,0,11,FALSE
Female,Loyal Customer,59,Personal Travel,Eco,925,3,1,3,3,5,3,3,5,5,3,5,4,3,3.54,34,25,FALSE
Female,Loyal Customer,60,Business Travel,Business,3831,2,2,2,2,4,4,4,4,4,4,4,5,5,3.54,0,0,TRUE
Male,Loyal Customer,51,Business Travel,Business,3491,4,4,3,4,5,4,4,5,5,5,5,3,3,4.15,26,0,TRUE
Female,Loyal Customer,53,Business Travel,Business,3318,2,2,2,2,2,4,5,2,2,2,2,4,3,2.62,0,11,TRUE
Male,Loyal Customer,52,Personal Travel,Eco,602,3,2,3,3,3,3,3,2,1,4,3,3,3,2.77,129,178,FALSE
Male,Loyal Customer,63,Personal Travel,Eco,109,1,3,0,4,2,0,2,2,3,5,1,1,2,2,114,105,FALSE
Female,Loyal Customer,24,Personal Travel,Eco,1069,3,5,3,1,4,3,4,4,5,2,2,3,4,3.31,0,0,FALSE
Female,Loyal Customer,45,Personal Travel,Eco,482,2,1,2,1,2,1,2,4,4,2,4,3,1,2.23,0,8,FALSE
Female,Disloyal Customer,52,Business Travel,Eco,500,3,1,3,3,5,3,5,5,2,5,4,4,5,3.69,49,53,FALSE
Male,Loyal Customer,46,Business Travel,Business,2858,3,2,4,2,4,2,3,3,3,3,3,2,4,2.92,0,0,FALSE
Female,Loyal Customer,57,Business Travel,Business,667,4,1,1,1,5,3,4,4,4,4,4,4,2,3.15,8,0,FALSE
Male,Loyal Customer,42,Personal Travel,Eco,515,3,5,3,2,2,3,2,2,5,3,5,5,2,3.23,15,14,FALSE
Female,Disloyal Customer,23,Business Travel,Eco,1075,1,0,0,3,2,0,2,2,5,1,5,2,2,1.92,0,23,FALSE
Female,Disloyal Customer,17,Business Travel,Eco,767,1,1,1,3,5,1,5,5,4,5,4,1,5,3.15,0,0,FALSE
Male,Loyal Customer,34,Business Travel,Business,446,3,2,2,2,3,4,3,3,3,2,3,2,2,2.62,0,0,FALSE
Male,Disloyal Customer,20,Business Travel,Eco,169,4,3,4,5,5,4,5,5,1,4,5,1,5,3.92,0,1,FALSE
Male,Loyal Customer,36,Personal Travel,Eco,868,4,1,4,4,3,4,3,3,1,4,4,3,3,3.15,0,0,FALSE
Male,Loyal Customer,25,Business Travel,Business,299,4,3,3,3,4,4,4,4,3,1,3,4,4,3.38,0,0,FALSE
Female,Loyal Customer,48,Business Travel,Eco,294,2,5,3,3,1,3,3,2,2,2,2,3,4,2.69,0,2,FALSE
Female,Loyal Customer,76,Business Travel,Business,3302,1,1,1,1,1,4,5,4,4,4,4,3,1,2.62,0,0,TRUE
Male,Loyal Customer,59,Business Travel,Business,2620,1,1,1,1,5,5,5,5,5,5,5,3,5,3.62,23,2,TRUE
Male,Loyal Customer,55,Business Travel,Business,589,2,2,2,2,5,5,5,3,3,3,3,4,5,3.38,0,0,TRUE
Female,Loyal Customer,27,Personal Travel,Eco Plus,643,1,5,1,4,1,1,1,1,3,2,4,3,1,2.15,0,0,FALSE
Male,Loyal Customer,29,Business Travel,Business,2733,2,1,2,2,4,4,4,4,1,2,3,1,4,2.62,0,0,TRUE
Male,Loyal Customer,41,Business Travel,Business,3468,4,4,4,4,4,5,5,5,5,5,5,3,3,4.31,0,0,TRUE
Female,Loyal Customer,56,Business Travel,Business,405,4,4,4,4,5,4,5,2,2,2,2,5,3,3.54,29,32,TRUE
Male,Disloyal Customer,22,Business Travel,Eco,773,4,4,4,4,3,4,3,3,1,3,3,2,3,3.15,14,23,FALSE
Male,Loyal Customer,57,Personal Travel,Eco,192,3,2,3,4,3,3,3,3,4,4,4,4,3,3.31,0,0,FALSE
Female,Loyal Customer,24,Business Travel,Business,552,1,3,2,2,1,1,1,1,1,2,4,3,1,1.77,49,106,FALSE
Female,Loyal Customer,36,Business Travel,Business,2904,4,4,4,4,2,5,5,4,4,4,4,5,3,4,0,0,TRUE
Female,Loyal Customer,35,Business Travel,Eco,250,2,1,4,4,2,2,2,2,1,1,3,2,2,2.15,3,0,FALSE
Male,Loyal Customer,34,Personal Travel,Eco,1052,2,3,2,4,5,2,5,5,3,2,4,4,5,3.54,4,2,FALSE
Female,Loyal Customer,51,Business Travel,Business,431,5,5,5,5,3,4,4,5,5,5,5,4,4,4.54,0,0,TRUE
Male,Loyal Customer,40,Personal Travel,Eco,913,3,1,3,2,3,3,3,3,3,2,2,2,3,2.54,34,19,FALSE
Male,Loyal Customer,46,Business Travel,Business,395,3,3,3,3,3,5,4,4,4,4,4,3,3,3.54,0,0,TRUE
Female,Loyal Customer,65,Personal Travel,Eco,621,3,1,3,3,5,4,3,5,5,3,3,1,2,3.15,2,1,FALSE
Male,Disloyal Customer,36,Business Travel,Eco,84,2,0,2,4,3,2,5,3,5,4,5,1,3,3,6,0,FALSE
Male,Loyal Customer,31,Personal Travel,Eco,373,2,3,2,3,1,2,1,1,1,1,4,3,1,1.92,11,11,FALSE
Female,Loyal Customer,45,Business Travel,Business,1846,3,2,2,2,3,2,3,3,3,3,3,2,2,2.54,108,104,FALSE
Male,Loyal Customer,25,Personal Travel,Eco,1050,2,5,2,5,3,2,3,3,5,3,5,5,3,3.54,0,0,FALSE
Female,Loyal Customer,60,Business Travel,Business,1885,2,2,2,2,2,4,5,4,4,5,4,3,4,3.31,0,3,TRUE
Female,Loyal Customer,42,Business Travel,Business,2075,3,3,3,3,3,2,5,4,4,4,4,3,1,3.23,0,0,TRUE
Male,Loyal Customer,51,Business Travel,Business,2359,3,3,3,3,4,5,5,3,3,3,3,3,4,3.46,0,0,TRUE
Male,Loyal Customer,33,Business Travel,Business,689,2,4,4,4,2,2,2,2,3,2,4,2,2,2.69,0,0,FALSE
Male,Loyal Customer,52,Business Travel,Business,3282,4,4,4,4,1,1,3,5,5,5,5,2,1,3.38,0,0,TRUE
Female,Disloyal Customer,60,Personal Travel,Eco,1195,1,4,1,2,2,1,2,2,5,2,4,5,2,2.54,28,54,FALSE
Male,Loyal Customer,50,Business Travel,Business,731,3,3,3,3,4,5,4,4,4,4,4,5,5,3.92,5,15,TRUE
Female,Disloyal Customer,25,Business Travel,Eco,344,2,5,2,2,2,2,2,2,2,1,2,2,2,2.15,1,10,FALSE
Male,Loyal Customer,54,Personal Travel,Eco,1810,0,2,0,3,4,0,4,4,1,5,3,4,4,2.62,0,0,TRUE
Female,Loyal Customer,42,Business Travel,Business,515,2,2,2,2,3,4,5,5,5,5,5,5,5,3.85,16,13,TRUE
Female,Loyal Customer,27,Personal Travel,Eco,163,2,1,2,3,3,2,2,3,1,4,2,4,3,2.46,4,3,FALSE
Male,Loyal Customer,7,Personal Travel,Eco,446,4,5,4,5,2,4,2,2,4,3,4,5,2,3.54,0,0,FALSE
Male,Loyal Customer,11,Personal Travel,Eco,993,2,2,2,4,1,2,1,1,1,4,4,1,1,2,0,0,FALSE
Female,Loyal Customer,37,Personal Travel,Eco,90,3,3,3,3,1,3,1,1,3,4,3,4,1,2.54,28,29,FALSE
Male,Disloyal Customer,24,Business Travel,Eco,102,1,5,1,4,5,1,5,5,1,4,4,1,5,3.23,0,0,FALSE
Female,Loyal Customer,22,Personal Travel,Eco,803,1,3,1,5,1,1,1,1,4,2,4,1,1,2,2,0,FALSE
Male,Loyal Customer,17,Personal Travel,Eco,152,4,4,4,1,5,4,5,5,3,4,5,5,5,4.15,11,11,FALSE
Male,Loyal Customer,51,Business Travel,Business,1887,5,5,5,5,4,4,2,4,4,4,4,2,5,4.08,49,37,TRUE
Male,Loyal Customer,37,Personal Travel,Eco,390,2,4,2,3,4,2,5,4,3,2,4,4,4,3.31,19,16,FALSE
Female,Disloyal Customer,32,Business Travel,Eco,936,2,2,2,4,3,2,3,3,3,3,5,2,3,2.85,10,8,FALSE
Male,Loyal Customer,68,Business Travel,Business,2255,5,3,5,5,5,4,4,4,4,4,4,4,3,4.15,3,0,TRUE
Female,Disloyal Customer,25,Business Travel,Eco,212,3,2,3,4,4,3,3,4,1,2,3,1,4,2.85,10,1,FALSE
Female,Loyal Customer,47,Business Travel,Eco,522,5,5,5,5,2,1,1,5,5,5,5,2,2,3.69,0,1,TRUE
Female,Loyal Customer,10,Personal Travel,Eco,224,4,4,4,4,2,4,2,2,3,4,4,3,2,3.23,95,94,TRUE
Female,Loyal Customer,47,Business Travel,Business,3583,4,2,2,2,2,1,2,4,4,4,4,1,4,2.77,0,2,FALSE
Male,Disloyal Customer,16,Business Travel,Eco,404,4,5,4,4,5,4,5,5,5,3,5,3,5,4.38,2,0,TRUE
Female,Loyal Customer,24,Personal Travel,Eco,476,4,3,4,3,2,4,2,2,1,5,2,2,2,2.77,76,72,FALSE
Male,Loyal Customer,58,Business Travel,Business,1522,2,4,4,4,1,2,3,2,2,2,2,2,1,2.38,0,0,FALSE
Male,Loyal Customer,59,Business Travel,Eco,386,4,2,2,2,5,4,5,5,2,3,2,5,5,3.54,0,0,TRUE
Female,Loyal Customer,47,Business Travel,Eco,1189,2,3,3,3,3,2,2,3,3,2,3,1,4,2.62,38,14,FALSE
Male,Loyal Customer,40,Business Travel,Eco,537,5,3,3,3,5,4,5,5,3,4,1,1,5,3.62,0,0,TRUE
Male,Disloyal Customer,42,Business Travel,Business,942,5,5,5,3,4,5,4,4,4,4,4,5,4,4.31,11,0,TRUE
Female,Loyal Customer,62,Business Travel,Business,2820,4,5,5,5,1,1,2,4,4,4,4,1,4,3.38,16,23,FALSE
Female,Loyal Customer,50,Business Travel,Business,140,1,1,1,1,4,4,4,5,5,5,4,3,3,3.15,0,0,TRUE
Male,Disloyal Customer,39,Business Travel,Eco,370,3,4,3,3,3,3,3,3,2,1,4,4,3,3,7,1,FALSE
Female,Disloyal Customer,12,Business Travel,Eco,925,1,1,1,4,3,1,3,3,2,4,4,3,3,2.54,0,0,FALSE
Female,Loyal Customer,31,Personal Travel,Eco,143,1,3,1,3,5,1,5,5,2,2,1,1,5,2.69,0,0,FALSE
Male,Loyal Customer,35,Business Travel,Business,944,2,2,4,2,4,5,4,4,4,4,4,2,2,3.31,0,0,TRUE
Female,Disloyal Customer,39,Business Travel,Business,578,5,5,5,4,5,5,5,5,1,2,4,1,5,4,0,0,TRUE
Male,Loyal Customer,36,Business Travel,Business,3277,4,4,4,4,3,5,1,5,5,5,5,2,3,3.85,0,0,TRUE
Female,Loyal Customer,27,Business Travel,Business,1846,2,2,2,2,4,4,4,4,5,3,3,5,4,3.38,1,8,TRUE
Male,Loyal Customer,43,Business Travel,Business,328,4,4,1,4,1,1,5,5,5,5,5,5,5,3.85,0,0,TRUE
Female,Loyal Customer,61,Business Travel,Business,1712,2,2,5,2,1,4,4,2,2,2,2,2,1,2.38,0,0,FALSE
Male,Loyal Customer,26,Business Travel,Business,1750,1,1,1,1,3,4,3,3,5,3,4,3,3,2.69,38,23,TRUE
Female,Disloyal Customer,42,Business Travel,Eco,184,4,0,4,1,5,4,5,5,1,2,4,1,5,3.15,0,0,FALSE
Female,Loyal Customer,45,Business Travel,Eco,268,4,5,5,5,5,4,3,4,4,4,4,3,1,3.92,0,0,FALSE
Female,Loyal Customer,51,Business Travel,Business,425,3,3,3,3,2,5,5,4,4,4,4,3,5,3.69,0,0,TRUE
Female,Disloyal Customer,22,Business Travel,Eco,209,4,5,4,5,1,4,1,1,3,2,4,1,1,2.77,12,7,TRUE
Male,Loyal Customer,48,Business Travel,Business,3000,1,1,1,1,5,4,5,4,4,4,4,5,3,3.23,0,0,TRUE
Male,Loyal Customer,53,Business Travel,Business,201,4,4,4,4,2,5,4,5,5,5,5,3,5,4.23,45,42,TRUE
Female,Loyal Customer,68,Personal Travel,Eco,1379,2,5,2,3,5,3,5,1,1,2,1,4,5,3,0,1,FALSE
Female,Loyal Customer,58,Business Travel,Business,302,2,2,2,2,5,5,4,5,5,5,5,3,5,3.85,0,0,TRUE
Female,Loyal Customer,25,Business Travel,Business,247,1,1,1,1,4,4,4,4,4,5,5,3,4,3.15,44,38,TRUE
Male,Loyal Customer,42,Business Travel,Business,417,3,3,3,3,5,4,4,5,5,5,5,5,4,4.15,0,0,TRUE
Female,Loyal Customer,37,Business Travel,Business,680,5,5,5,5,2,4,5,5,5,5,5,4,5,4.62,13,10,TRUE
Male,Loyal Customer,38,Personal Travel,Business,1072,2,5,2,3,4,4,5,3,3,2,1,4,3,3.15,0,0,FALSE
Female,Loyal Customer,55,Business Travel,Business,3561,3,1,4,1,3,2,2,2,2,2,3,1,2,2.15,0,0,FALSE
Female,Disloyal Customer,39,Business Travel,Business,663,4,4,4,3,4,4,4,4,4,2,4,3,4,3.69,18,21,FALSE
Female,Disloyal Customer,23,Business Travel,Eco,328,1,0,1,3,2,1,2,2,3,5,4,3,2,2.23,0,3,FALSE
Female,Loyal Customer,22,Personal Travel,Eco,1121,2,5,2,2,4,2,4,4,5,3,4,5,4,3.54,12,2,FALSE
Female,Loyal Customer,23,Business Travel,Business,3059,0,5,0,4,4,4,4,4,1,2,5,2,4,3,0,0,TRUE
Female,Loyal Customer,22,Personal Travel,Eco,2565,3,3,3,3,4,3,4,4,3,1,4,1,4,3.08,0,0,FALSE
Male,Loyal Customer,37,Business Travel,Eco,205,3,2,2,2,3,3,3,3,2,5,2,5,3,2.92,0,0,TRUE
Female,Loyal Customer,24,Business Travel,Business,1390,3,1,1,1,3,3,3,3,1,4,4,1,3,2.38,16,0,FALSE
Male,Disloyal Customer,23,Business Travel,Eco,1211,3,2,2,3,2,2,2,2,4,5,5,1,2,2.69,16,13,FALSE
Female,Loyal Customer,41,Business Travel,Business,2108,4,4,4,4,3,5,4,4,4,4,4,4,3,3.92,94,92,TRUE
Male,Loyal Customer,33,Personal Travel,Eco Plus,925,1,5,1,3,2,1,2,2,3,5,2,3,2,2.46,0,0,FALSE
Male,Loyal Customer,31,Personal Travel,Eco,550,1,3,1,3,5,1,5,5,2,3,2,1,5,2.85,124,111,FALSE
Female,Loyal Customer,45,Business Travel,Business,2832,3,3,3,3,3,5,4,5,5,5,5,4,4,4,0,0,TRUE
Female,Loyal Customer,62,Business Travel,Business,3895,3,3,3,3,5,4,5,5,5,5,5,5,5,4.31,7,0,TRUE
Male,Disloyal Customer,34,Business Travel,Eco,411,2,0,2,1,1,2,1,1,3,4,4,3,1,1.92,0,0,FALSE
Male,Loyal Customer,48,Business Travel,Eco,436,2,3,3,3,2,2,2,2,4,2,3,2,2,2.46,18,9,FALSE
Female,Loyal Customer,45,Business Travel,Eco,902,2,1,1,1,2,3,3,2,2,2,2,2,4,2.08,0,0,FALSE
Female,Loyal Customer,45,Business Travel,Business,3173,5,5,5,5,2,4,4,4,4,4,4,3,4,4.08,10,15,TRUE
Female,Loyal Customer,54,Personal Travel,Eco,259,1,5,1,1,1,1,2,2,2,1,2,5,2,2,0,4,FALSE
Male,Loyal Customer,39,Business Travel,Business,630,4,4,4,4,2,5,4,4,4,4,4,3,3,3.77,0,0,TRUE
Female,Disloyal Customer,23,Business Travel,Eco Plus,404,4,2,4,3,4,4,4,2,5,3,4,4,4,3.62,253,229,FALSE
Female,Loyal Customer,40,Business Travel,Business,3457,3,3,3,3,2,4,4,4,4,4,4,3,5,3.54,0,15,TRUE
Female,Disloyal Customer,57,Business Travel,Business,1056,4,4,4,2,3,4,3,3,4,4,4,4,3,3.54,0,0,TRUE
Male,Loyal Customer,40,Personal Travel,Eco Plus,308,4,4,4,3,5,4,5,5,3,2,5,3,5,4,0,4,FALSE
Male,Loyal Customer,37,Personal Travel,Eco Plus,391,0,1,0,3,1,0,1,1,2,5,3,1,1,1.46,0,0,TRUE
Female,Loyal Customer,16,Personal Travel,Eco,731,2,4,2,4,4,2,4,4,5,3,5,4,4,3.62,11,0,FALSE
Female,Loyal Customer,25,Personal Travel,Eco,522,3,4,3,1,4,3,3,4,4,1,4,5,4,3.31,0,0,FALSE
Male,Loyal Customer,58,Business Travel,Business,2196,3,3,3,3,2,4,4,4,4,5,4,4,5,3.69,0,0,TRUE
Male,Loyal Customer,27,Personal Travel,Eco,460,0,4,0,1,5,0,5,5,3,5,4,3,5,3.08,0,4,TRUE
Female,Disloyal Customer,23,Business Travel,Business,2521,5,5,5,2,3,5,3,3,4,3,4,3,3,3.69,7,0,TRUE
Female,Loyal Customer,37,Personal Travel,Eco,926,2,4,2,4,1,2,1,1,3,4,5,5,1,2.69,0,2,FALSE
Female,Loyal Customer,28,Business Travel,Business,606,3,3,3,3,4,4,4,4,5,5,5,4,4,3.92,0,0,TRUE
Male,Disloyal Customer,34,Business Travel,Business,1475,2,2,2,3,3,2,3,3,4,5,5,3,3,3.08,29,25,FALSE
Male,Loyal Customer,58,Business Travel,Business,678,2,2,2,2,3,4,5,4,4,5,4,4,3,3.38,0,0,TRUE
Female,Loyal Customer,33,Personal Travel,Eco Plus,762,3,1,3,3,3,3,2,3,3,5,2,2,3,2.77,0,0,FALSE
Male,Loyal Customer,51,Business Travel,Business,2974,3,3,3,3,5,5,4,4,4,4,4,3,4,3.77,3,0,TRUE
Female,Loyal Customer,55,Personal Travel,Eco,1900,4,4,4,2,2,3,5,5,5,4,5,4,3,3.85,0,0,FALSE
Male,Loyal Customer,15,Personal Travel,Eco Plus,919,4,3,4,4,4,4,4,4,2,4,4,1,4,3.54,0,0,FALSE
Male,Loyal Customer,11,Business Travel,Eco,695,3,2,2,2,3,3,3,3,4,5,3,3,3,3,14,21,FALSE
Male,Loyal Customer,50,Personal Travel,Eco,837,3,4,3,3,3,3,4,3,4,5,4,4,3,3.54,23,26,FALSE
Male,Loyal Customer,53,Business Travel,Business,2350,3,2,3,3,2,4,5,4,4,4,4,3,3,3.38,15,18,TRUE
Female,Loyal Customer,48,Business Travel,Business,594,4,4,4,4,2,4,5,4,4,4,4,5,5,4.08,0,0,TRUE
Female,Loyal Customer,38,Business Travel,Business,2974,2,2,2,2,3,1,4,4,4,4,4,5,3,3.08,0,0,TRUE
Male,Disloyal Customer,26,Business Travel,Business,228,2,4,3,4,5,3,5,5,4,4,3,3,5,3.85,11,1,FALSE
Male,Loyal Customer,40,Business Travel,Eco,125,1,1,1,1,1,1,1,1,4,4,3,4,1,1.85,0,0,FALSE
Male,Loyal Customer,54,Personal Travel,Eco Plus,780,3,2,3,4,2,3,2,2,2,4,4,1,2,2.62,75,89,FALSE
Female,Loyal Customer,39,Business Travel,Business,1237,3,4,4,4,1,3,3,3,3,3,3,1,4,3,0,14,FALSE
Female,Loyal Customer,47,Personal Travel,Eco,1773,1,3,1,4,5,2,1,2,2,1,4,1,3,2.31,0,3,FALSE
Female,Loyal Customer,37,Business Travel,Business,1993,2,2,2,2,2,5,5,4,4,4,4,4,4,3.38,14,14,TRUE
Female,Loyal Customer,8,Personal Travel,Eco,1072,3,5,3,3,5,3,5,5,4,3,4,4,5,4,0,0,FALSE
Female,Loyal Customer,26,Personal Travel,Eco,1444,3,5,3,2,2,3,2,2,3,4,4,5,2,3.08,34,0,FALSE
Female,Loyal Customer,21,Business Travel,Business,543,1,1,1,1,1,1,1,1,3,1,4,3,1,1.54,13,0,FALSE
Male,Loyal Customer,35,Personal Travel,Eco,83,4,5,4,3,4,4,4,4,3,4,4,4,4,3.92,11,0,FALSE
Female,Loyal Customer,34,Personal Travel,Business,395,2,4,2,2,5,4,4,3,3,2,3,3,3,3.08,0,0,FALSE
Female,Loyal Customer,15,Personal Travel,Eco,526,1,4,1,1,2,1,2,2,3,2,5,5,2,2.38,7,10,FALSE
Female,Loyal Customer,21,Personal Travel,Eco,631,3,5,3,2,4,3,3,4,4,4,5,5,4,3.77,0,0,FALSE
Male,Disloyal Customer,23,Business Travel,Eco,562,3,4,3,2,5,3,1,5,3,4,4,4,5,3.54,93,93,FALSE
Male,Loyal Customer,40,Personal Travel,Eco,1500,2,4,2,5,3,2,3,3,3,4,5,3,3,3.23,4,0,FALSE
Male,Disloyal Customer,29,Business Travel,Eco,1133,2,2,2,4,1,2,1,1,3,4,3,1,1,2.08,97,57,FALSE
Female,Loyal Customer,55,Business Travel,Business,2263,5,5,4,5,5,5,5,5,5,5,5,4,5,4.85,0,15,TRUE
Male,Loyal Customer,39,Business Travel,Eco,255,3,4,4,4,3,3,3,3,2,3,3,4,3,3.23,7,1,FALSE
Female,Loyal Customer,32,Business Travel,Business,2313,2,2,3,2,2,1,2,2,4,5,4,4,2,2.69,14,0,FALSE
Male,Disloyal Customer,27,Business Travel,Business,391,5,5,5,4,2,5,4,2,5,2,5,4,2,3.85,25,17,TRUE
Male,Loyal Customer,31,Personal Travel,Eco,645,1,5,1,1,5,1,5,5,5,2,5,5,5,3.54,0,0,FALSE
Female,Loyal Customer,47,Personal Travel,Eco,1464,2,4,2,3,5,3,5,1,1,2,1,4,4,2.85,0,0,FALSE
Female,Loyal Customer,25,Business Travel,Business,1105,5,5,5,5,3,3,3,3,3,5,1,3,3,3.62,2,0,TRUE
Female,Loyal Customer,29,Personal Travel,Eco,2300,5,1,5,2,5,5,5,2,5,3,2,5,5,3.85,0,3,TRUE
Female,Loyal Customer,62,Personal Travel,Eco,581,4,5,4,4,2,4,5,5,5,4,5,4,5,4.31,8,3,FALSE
Female,Loyal Customer,31,Business Travel,Business,1947,5,5,5,5,4,3,4,4,3,2,3,4,4,3.92,2,0,TRUE
Male,Disloyal Customer,39,Business Travel,Business,89,4,4,4,3,4,4,4,4,4,2,3,3,4,3.62,0,0,FALSE
Female,Loyal Customer,11,Business Travel,Eco Plus,1547,1,5,5,5,1,1,1,1,2,3,3,4,1,2.54,0,0,FALSE
Male,Disloyal Customer,26,Business Travel,Business,1303,2,2,2,4,4,2,4,4,3,5,4,4,4,3.38,0,0,FALSE
Male,Loyal Customer,53,Business Travel,Business,1197,5,5,5,5,4,4,4,4,4,4,4,5,4,4.38,22,21,TRUE
Female,Loyal Customer,55,Business Travel,Business,1703,1,1,4,1,4,5,4,4,4,4,4,5,3,3.38,60,64,TRUE
Male,Loyal Customer,29,Personal Travel,Eco,188,3,5,3,1,3,3,1,3,3,3,5,4,3,3.08,0,0,FALSE
Male,Loyal Customer,46,Personal Travel,Eco,121,4,4,4,1,3,4,3,3,3,4,1,3,3,3.08,0,0,TRUE
Male,Loyal Customer,44,Business Travel,Business,936,2,2,2,2,5,5,5,3,3,3,3,5,4,3.38,1,0,TRUE
Female,Loyal Customer,59,Personal Travel,Eco,925,2,4,3,4,3,1,3,5,5,3,5,3,4,3.46,4,5,FALSE
Female,Loyal Customer,38,Business Travel,Eco,308,3,4,4,4,3,4,3,3,3,4,5,5,3,3.69,0,3,TRUE
Female,Loyal Customer,30,Personal Travel,Eco,1299,3,5,3,2,5,3,5,5,4,3,3,5,5,3.92,0,0,FALSE
Female,Loyal Customer,7,Personal Travel,Eco,414,0,4,0,3,3,0,3,3,4,2,5,3,3,2.54,0,0,TRUE
Male,Loyal Customer,8,Personal Travel,Eco Plus,404,3,3,3,3,3,3,3,3,1,1,4,4,3,2.85,0,0,FALSE
Female,Loyal Customer,59,Business Travel,Business,1199,2,2,2,2,4,1,4,4,4,4,4,4,1,2.92,16,0,TRUE
Male,Disloyal Customer,32,Business Travel,Business,223,4,3,3,5,5,3,5,5,3,4,5,3,5,4.08,26,21,FALSE
Female,Loyal Customer,63,Business Travel,Business,3514,1,1,1,1,5,5,3,4,4,4,4,4,5,3.23,0,28,TRUE
Male,Loyal Customer,59,Business Travel,Business,1780,2,2,2,2,2,4,4,5,5,5,5,4,3,3.46,0,0,TRUE
Male,Loyal Customer,42,Business Travel,Eco,802,2,3,3,3,2,2,2,2,4,4,4,1,2,2.62,0,0,FALSE
Female,Loyal Customer,45,Business Travel,Business,1670,5,5,5,5,2,4,5,4,4,4,4,4,3,4.15,0,0,TRUE
Male,Disloyal Customer,25,Business Travel,Eco,746,1,1,1,4,2,1,2,2,4,5,4,4,2,2.54,0,0,FALSE
Male,Loyal Customer,29,Business Travel,Business,1846,4,4,4,4,4,4,4,4,4,3,3,4,4,3.85,0,0,FALSE
Female,Loyal Customer,53,Business Travel,Eco,1056,3,4,4,4,1,5,4,3,3,3,3,1,1,3,19,7,TRUE
Male,Loyal Customer,32,Personal Travel,Eco,1216,2,0,2,2,2,2,5,2,2,5,4,5,2,2.69,2,0,FALSE
Male,Loyal Customer,24,Business Travel,Business,3850,4,3,4,3,4,4,4,4,3,5,3,2,4,3.62,0,0,FALSE
Male,Disloyal Customer,25,Business Travel,Eco,848,3,3,3,4,2,3,2,2,3,4,3,2,2,2.77,0,0,FALSE
Female,Disloyal Customer,22,Business Travel,Eco,214,4,5,4,4,4,4,2,4,3,2,5,5,4,3.85,0,23,FALSE
Female,Loyal Customer,22,Personal Travel,Eco,1590,5,4,5,4,5,5,5,5,5,5,4,3,5,4.62,2,0,TRUE
Female,Loyal Customer,36,Business Travel,Eco Plus,694,2,1,1,1,2,2,2,2,5,3,4,1,2,2.15,0,0,TRUE
Female,Loyal Customer,51,Business Travel,Business,2792,3,2,3,3,3,4,5,4,4,4,4,4,5,3.69,15,6,TRUE
Female,Loyal Customer,47,Business Travel,Business,2093,1,1,1,1,4,5,4,5,5,5,5,5,4,3.54,0,0,TRUE
Male,Loyal Customer,51,Business Travel,Business,2987,2,2,2,2,5,4,5,3,3,3,3,4,5,3.31,0,3,TRUE
Female,Loyal Customer,38,Personal Travel,Eco,883,1,4,0,3,5,0,5,5,4,5,4,4,5,3.46,80,80,FALSE
Female,Loyal Customer,29,Business Travel,Business,787,4,4,3,4,4,4,4,4,4,5,5,4,4,4.08,15,23,TRUE
Female,Disloyal Customer,12,Business Travel,Business,644,4,4,3,5,3,3,3,3,3,5,5,5,3,3.77,0,0,TRUE
Male,Loyal Customer,49,Personal Travel,Business,460,4,4,4,4,3,4,4,1,1,4,1,5,5,3.38,0,1,TRUE
Female,Loyal Customer,44,Business Travel,Business,2667,2,2,2,2,3,4,4,4,4,5,4,5,5,3.54,1,0,TRUE
Female,Loyal Customer,47,Business Travel,Business,2918,4,4,4,4,4,4,5,5,5,5,5,4,4,4.38,7,0,TRUE
Male,Loyal Customer,60,Business Travel,Business,3990,4,4,4,4,3,2,5,5,5,5,5,1,3,3.85,1,6,TRUE
Male,Loyal Customer,35,Business Travel,Eco,190,5,2,2,2,5,5,5,5,1,4,5,2,5,3.69,0,0,TRUE
Female,Loyal Customer,51,Business Travel,Business,248,2,4,4,4,3,3,3,2,2,2,2,2,2,2.69,14,5,FALSE
Female,Loyal Customer,42,Personal Travel,Eco,370,3,0,3,4,2,5,4,5,5,3,5,3,4,3.54,0,0,FALSE
Female,Disloyal Customer,21,Business Travel,Business,787,4,0,5,5,3,5,3,3,3,3,4,3,3,3.38,31,18,TRUE
Male,Loyal Customer,22,Personal Travel,Eco,930,3,1,4,3,4,4,3,4,3,4,3,3,4,3.31,1,23,FALSE
Female,Loyal Customer,62,Personal Travel,Business,409,2,5,5,3,5,5,5,3,3,5,3,3,4,3.92,71,103,FALSE
Male,Loyal Customer,19,Business Travel,Eco,406,2,1,1,1,2,2,3,2,1,5,3,3,2,2.15,0,0,FALSE
Male,Loyal Customer,30,Personal Travel,Eco,308,5,3,5,4,5,5,5,5,2,3,4,4,5,4.23,12,3,TRUE
Female,Disloyal Customer,25,Business Travel,Business,925,5,3,5,1,2,5,2,2,3,4,5,4,2,3.31,0,0,TRUE
Male,Disloyal Customer,18,Business Travel,Eco,628,3,0,3,2,1,3,4,1,5,2,4,5,1,2.62,4,0,FALSE
Male,Loyal Customer,29,Business Travel,Business,3628,1,2,2,2,1,2,1,1,1,2,4,1,1,1.62,18,7,FALSE
Female,Loyal Customer,44,Business Travel,Business,996,3,3,3,3,2,3,5,4,4,4,4,2,1,3.15,0,0,TRUE
Female,Loyal Customer,18,Personal Travel,Eco,526,3,4,3,3,5,3,5,5,4,4,5,5,5,4.15,4,0,FALSE
Male,Loyal Customer,65,Personal Travel,Eco,606,1,4,1,4,2,1,2,2,4,5,4,3,2,2.69,6,8,FALSE
Female,Loyal Customer,52,Business Travel,Business,2686,1,1,5,1,2,5,5,4,4,4,4,3,4,3.31,0,0,TRUE
Male,Loyal Customer,39,Personal Travel,Eco Plus,440,4,5,4,3,3,4,3,3,5,4,5,4,3,3.85,0,0,TRUE
Female,Loyal Customer,61,Business Travel,Eco,288,1,1,1,1,1,1,1,1,5,4,3,1,1,1.69,191,210,FALSE
Male,Disloyal Customer,28,Business Travel,Business,588,0,0,0,2,1,0,1,1,4,2,4,5,1,1.62,0,0,TRUE
Female,Disloyal Customer,23,Business Travel,Eco,429,4,0,4,3,3,4,3,3,5,2,1,2,3,2.85,0,8,TRUE
Female,Loyal Customer,57,Business Travel,Business,1024,2,2,2,2,3,5,5,3,3,4,3,4,3,3.15,1,10,TRUE
Male,Loyal Customer,48,Business Travel,Eco,954,5,4,4,4,5,5,5,5,5,5,1,1,5,4.15,0,0,TRUE
Female,Disloyal Customer,41,Business Travel,Business,325,4,4,4,3,3,4,1,3,4,4,4,3,3,3.38,9,2,FALSE
Female,Loyal Customer,49,Business Travel,Business,3133,4,1,4,4,3,5,4,4,4,5,4,5,5,4,2,1,TRUE
Male,Loyal Customer,34,Personal Travel,Eco,444,3,5,2,2,1,2,1,1,3,3,5,5,1,2.62,0,0,FALSE
Female,Loyal Customer,52,Business Travel,Eco,472,5,1,1,1,5,3,1,5,5,5,5,2,4,3.31,0,0,TRUE
Female,Loyal Customer,67,Business Travel,Business,1217,3,4,4,4,2,3,2,3,3,3,3,2,1,2.85,0,8,FALSE
Male,Loyal Customer,12,Business Travel,Business,1024,3,3,3,3,3,3,3,3,4,4,3,3,3,3.15,134,146,FALSE
Female,Loyal Customer,62,Personal Travel,Eco,251,4,5,4,2,4,5,5,5,5,4,5,3,3,4.15,0,0,TRUE
Male,Loyal Customer,45,Business Travel,Business,292,5,5,5,5,3,2,3,4,4,4,4,3,4,3.92,0,0,TRUE
Male,Loyal Customer,47,Business Travel,Business,1729,5,5,5,5,2,5,4,5,5,5,5,5,5,4.69,7,0,TRUE
Male,Loyal Customer,23,Personal Travel,Eco,1535,1,4,2,1,3,2,3,3,3,3,3,3,3,2.62,0,0,FALSE
Male,Loyal Customer,45,Personal Travel,Eco,770,2,4,2,3,1,2,1,1,3,2,4,5,1,2.38,12,20,FALSE
Male,Loyal Customer,51,Business Travel,Eco,331,5,3,3,3,5,5,5,5,4,1,3,2,5,3.77,48,53,TRUE
Female,Loyal Customer,41,Personal Travel,Eco,725,2,4,2,4,5,2,5,5,3,5,4,4,5,3.85,21,16,FALSE
Female,Loyal Customer,23,Business Travel,Business,1747,1,1,1,1,1,1,1,1,4,3,3,2,1,1.62,0,0,FALSE
Male,Loyal Customer,46,Personal Travel,Eco,1589,4,5,3,2,5,3,5,5,4,5,4,3,5,4.08,0,0,TRUE
Male,Loyal Customer,38,Business Travel,Business,3746,4,4,4,4,3,5,5,5,5,5,5,3,4,4.31,23,42,TRUE
Female,Loyal Customer,37,Business Travel,Business,2948,3,3,3,3,4,4,4,5,5,5,4,2,4,3.77,0,0,TRUE
Male,Loyal Customer,24,Personal Travel,Eco,325,1,5,1,2,5,1,5,5,3,3,2,4,5,3.23,0,0,FALSE
Male,Loyal Customer,57,Business Travel,Business,2704,4,4,4,4,2,4,4,4,4,4,4,3,5,3.85,0,,TRUE
Female,Loyal Customer,11,Personal Travel,Eco,452,4,5,5,3,5,5,1,5,3,4,4,3,5,4,0,0,TRUE
Male,Disloyal Customer,58,Business Travel,Eco,451,4,0,4,3,2,4,2,2,2,5,1,5,2,2.77,10,6,FALSE
Female,Loyal Customer,45,Business Travel,Business,989,3,3,3,3,3,4,5,4,4,4,4,3,3,3.54,4,0,TRUE
Male,Loyal Customer,39,Business Travel,Business,1726,2,2,2,2,5,3,2,2,2,2,2,2,4,2.46,2,0,FALSE
Female,Loyal Customer,8,Business Travel,Eco Plus,2583,2,3,3,3,3,4,2,1,3,3,3,2,2,2.62,159,157,FALSE
Male,Loyal Customer,49,Business Travel,Business,3885,5,5,5,5,3,5,4,4,4,4,4,4,3,4.23,40,36,TRUE
Male,Disloyal Customer,24,Business Travel,Eco,416,3,0,3,1,4,3,4,4,2,4,3,5,4,3.08,89,,FALSE
Female,Loyal Customer,23,Personal Travel,Eco,990,2,5,2,2,2,5,5,3,3,5,5,5,5,3.77,188,195,FALSE
Male,Loyal Customer,60,Business Travel,Business,3795,2,2,2,2,4,5,4,5,5,5,4,3,4,3.62,39,52,TRUE
Female,Loyal Customer,24,Business Travel,Business,2521,3,5,5,5,3,3,3,3,2,3,4,1,3,3.31,31,30,FALSE
Female,Loyal Customer,50,Business Travel,Business,89,1,1,1,1,5,4,3,4,4,4,3,2,3,2.77,28,19,TRUE
Female,Loyal Customer,60,Personal Travel,Business,2611,2,4,2,1,2,1,3,2,1,4,4,3,3,2.46,0,0,FALSE
Female,Loyal Customer,47,Personal Travel,Eco Plus,448,2,3,2,3,3,1,2,2,2,2,2,4,3,2.38,2,0,FALSE
Male,Loyal Customer,31,Business Travel,Business,3060,4,1,5,1,4,4,4,4,1,4,4,3,4,3.31,0,5,FALSE
Male,Loyal Customer,55,Business Travel,Eco,610,2,2,2,2,2,2,2,2,1,4,3,4,2,2.31,0,0,FALSE
Male,Disloyal Customer,23,Business Travel,Business,647,0,5,0,2,5,0,5,5,3,5,4,5,5,3.38,14,9,TRUE
Female,Loyal Customer,25,Business Travel,Business,323,5,5,5,5,4,4,4,4,4,5,1,4,4,4.15,0,0,TRUE
Female,Loyal Customer,39,Business Travel,Business,187,1,1,1,1,2,4,4,3,3,4,4,3,3,2.62,0,0,TRUE
Male,Disloyal Customer,27,Business Travel,Business,1303,3,4,4,3,5,4,5,5,3,3,5,5,5,4.15,0,0,FALSE
Male,Loyal Customer,35,Business Travel,Business,216,3,2,2,2,5,4,3,1,1,1,3,4,3,2.62,13,9,FALSE
Male,Loyal Customer,38,Business Travel,Eco,507,2,4,4,4,2,3,2,2,3,1,4,4,2,2.85,0,0,FALSE
Female,Loyal Customer,45,Business Travel,Eco,715,3,3,3,3,5,2,3,3,3,3,3,4,3,3.15,33,28,FALSE
Male,Loyal Customer,51,Business Travel,Eco,509,4,1,1,1,4,4,4,4,1,1,5,5,4,3,0,0,TRUE
Female,Loyal Customer,52,Business Travel,Business,2358,5,5,5,5,5,5,5,4,4,4,4,4,3,4.46,6,0,TRUE
Male,Loyal Customer,15,Personal Travel,Eco,251,2,5,0,5,3,0,3,3,3,2,5,5,3,3,3,0,FALSE
Male,Disloyal Customer,29,Business Travel,Eco,628,1,0,1,4,5,1,5,5,2,1,4,5,5,3,0,0,FALSE
Male,Loyal Customer,53,Business Travel,Business,853,2,2,2,2,4,4,5,4,4,4,4,5,4,3.54,0,0,TRUE
Male,Loyal Customer,57,Business Travel,Business,347,3,2,4,2,1,4,4,3,3,3,3,2,3,2.85,0,32,FALSE
Male,Loyal Customer,18,Personal Travel,Eco,173,3,3,0,2,0,5,5,5,2,4,5,5,5,3.38,115,183,FALSE
Male,Loyal Customer,22,Personal Travel,Eco,451,3,4,3,3,4,3,4,4,1,5,3,2,4,3.31,17,11,FALSE
Male,Loyal Customer,43,Business Travel,Business,2172,5,5,5,5,5,4,5,4,4,4,4,5,3,4.46,17,11,TRUE
Female,Loyal Customer,64,Personal Travel,Eco,135,3,3,3,3,3,3,3,5,5,3,5,4,2,3.46,0,26,FALSE
Male,Loyal Customer,44,Business Travel,Business,1984,2,1,1,1,5,3,2,2,2,3,2,4,4,2.46,14,0,FALSE
Male,Loyal Customer,30,Personal Travel,Eco Plus,472,2,4,2,5,2,2,4,2,3,2,5,3,2,2.92,45,42,FALSE
Female,Loyal Customer,60,Business Travel,Business,3661,5,5,5,5,5,5,5,3,3,4,3,5,5,4.46,0,9,TRUE
Male,Loyal Customer,19,Business Travel,Business,2175,3,3,3,3,4,4,4,4,4,3,5,3,4,3.62,0,0,TRUE
Male,Loyal Customer,21,Personal Travel,Eco,1235,4,5,4,4,4,4,2,4,4,5,4,5,4,4.08,0,0,TRUE
Male,Loyal Customer,18,Personal Travel,Eco,484,3,2,3,3,2,3,4,2,1,5,3,2,2,2.69,10,13,FALSE
Male,Loyal Customer,46,Business Travel,Business,2075,1,1,1,1,5,5,5,2,2,2,2,4,4,2.69,0,31,TRUE
Female,Loyal Customer,40,Business Travel,Business,2374,2,2,2,2,4,4,5,5,5,5,5,3,3,3.62,0,0,TRUE
Female,Loyal Customer,75,Business Travel,Business,1026,2,2,2,2,4,4,4,2,2,2,2,4,4,2.77,0,0,FALSE
Female,Loyal Customer,47,Personal Travel,Eco,358,1,3,1,2,1,3,2,1,1,1,1,1,3,1.62,2,0,FALSE
Female,Loyal Customer,26,Personal Travel,Eco,522,2,4,2,1,1,2,1,1,5,5,5,4,1,2.62,0,15,FALSE
Female,Disloyal Customer,27,Business Travel,Eco,1050,3,3,3,1,4,3,4,4,4,5,4,3,4,3.46,0,0,FALSE
Male,Loyal Customer,60,Personal Travel,Eco,270,4,0,4,3,3,4,3,3,3,4,4,3,3,3.15,47,36,FALSE
Female,Loyal Customer,52,Personal Travel,Eco,212,3,4,0,3,1,2,3,5,5,0,5,1,2,2.62,0,0,FALSE
Male,Disloyal Customer,62,Business Travel,Eco,967,3,3,3,2,1,3,1,1,3,1,5,2,1,2.23,0,0,FALSE
Female,Loyal Customer,57,Personal Travel,Eco,304,2,5,2,3,2,4,4,3,3,2,3,5,4,3.23,0,0,FALSE
Female,Loyal Customer,46,Personal Travel,Eco,493,1,4,1,1,2,4,5,3,3,1,3,3,3,2.62,0,2,FALSE
Female,Loyal Customer,22,Personal Travel,Eco,337,4,5,5,1,4,5,1,4,3,2,4,3,4,3.46,0,0,FALSE
Female,Loyal Customer,44,Business Travel,Business,583,5,5,2,5,3,5,5,4,4,4,4,3,5,4.15,32,30,TRUE
Female,Disloyal Customer,25,Business Travel,Business,1384,5,5,5,2,3,5,3,3,5,2,5,5,3,3.92,1,0,TRUE
Male,Disloyal Customer,23,Business Travel,Eco,102,3,4,3,4,4,3,2,4,4,2,3,3,4,3.31,0,4,FALSE
Female,Loyal Customer,29,Business Travel,Business,909,4,2,2,2,4,4,4,4,1,3,4,3,4,3.15,0,0,FALSE
Male,Disloyal Customer,37,Business Travel,Eco,432,2,4,2,2,5,2,5,5,4,3,4,2,5,3.46,0,15,FALSE
Female,Loyal Customer,41,Business Travel,Business,2583,5,5,5,5,2,5,4,4,4,4,4,4,3,4.15,21,34,TRUE
Male,Loyal Customer,13,Personal Travel,Eco,1192,3,2,3,4,4,3,4,4,1,5,3,2,4,3.23,0,9,FALSE
Female,Loyal Customer,28,Personal Travel,Eco,301,1,4,1,3,2,1,4,2,4,3,5,5,2,2.85,0,0,FALSE
Female,Loyal Customer,41,Personal Travel,Eco,692,2,1,2,3,2,2,2,2,4,5,2,2,2,2.38,0,0,FALSE
Male,Loyal Customer,28,Personal Travel,Eco,1050,4,4,4,5,5,4,5,5,5,4,4,4,5,4.46,8,0,TRUE
Male,Loyal Customer,38,Business Travel,Business,1702,2,2,2,2,1,4,3,2,2,2,2,1,1,2,0,0,FALSE
Male,Loyal Customer,42,Business Travel,Business,2276,2,2,2,2,4,5,4,5,5,5,5,4,3,3.69,10,0,TRUE
Male,Loyal Customer,30,Personal Travel,Eco,297,2,4,2,2,2,2,2,2,5,3,5,4,2,2.85,0,0,FALSE
Male,Loyal Customer,28,Personal Travel,Eco Plus,1666,3,3,3,3,3,3,3,3,3,4,2,1,3,2.85,92,122,FALSE
Female,Loyal Customer,44,Business Travel,Business,2335,3,3,5,3,4,3,4,2,2,2,3,4,4,3.23,0,0,FALSE
Female,Loyal Customer,18,Business Travel,Business,432,1,1,1,1,4,4,4,4,3,2,4,4,4,2.85,13,4,TRUE
Female,Loyal Customer,56,Business Travel,Business,2213,1,1,1,1,5,5,4,4,4,4,4,1,4,3,0,0,TRUE
Female,Loyal Customer,14,Personal Travel,Eco,612,3,4,3,2,4,3,4,4,2,1,1,1,4,2.77,0,0,FALSE
Female,Loyal Customer,32,Business Travel,Business,1684,2,2,2,2,4,4,4,4,5,5,4,4,4,3.54,0,0,TRUE
Female,Loyal Customer,39,Business Travel,Business,2521,1,2,1,1,2,2,2,4,4,4,4,2,2,2.38,32,11,TRUE
Male,Loyal Customer,29,Personal Travel,Business,323,3,3,3,2,1,3,1,1,4,1,4,5,1,2.46,0,6,FALSE
Male,Loyal Customer,20,Business Travel,Business,1222,3,2,2,2,3,4,3,3,2,5,3,1,3,2.77,0,0,FALSE
Female,Loyal Customer,52,Business Travel,Business,2411,4,4,4,4,3,5,4,3,3,3,3,5,5,3.85,5,6,TRUE
Female,Loyal Customer,9,Business Travel,Business,693,2,2,2,2,2,2,2,2,3,2,3,2,2,2.15,5,8,FALSE
Male,Loyal Customer,51,Business Travel,Eco,909,4,5,5,5,4,4,4,4,3,5,2,1,4,3.85,0,0,FALSE
Male,Loyal Customer,12,Personal Travel,Eco,281,1,5,1,3,2,1,2,2,3,3,5,3,2,2.54,74,91,FALSE
Female,Loyal Customer,42,Personal Travel,Eco,234,2,4,2,3,2,4,4,5,5,2,5,5,3,3.54,0,0,FALSE
Male,Loyal Customer,49,Business Travel,Business,545,4,4,4,4,4,4,5,5,5,5,5,4,3,4.31,0,0,TRUE
Male,Loyal Customer,34,Business Travel,Business,3264,3,4,4,4,5,4,3,3,3,3,3,1,3,3.31,57,52,FALSE
Female,Loyal Customer,40,Business Travel,Eco,721,5,2,2,2,5,5,5,5,2,3,3,4,5,3.69,0,20,TRUE
Female,Loyal Customer,16,Business Travel,Business,328,4,2,2,2,4,4,4,4,3,1,3,4,4,3.15,4,1,FALSE
Female,Loyal Customer,60,Personal Travel,Eco Plus,209,1,3,1,3,5,3,3,3,3,1,3,1,3,2.54,93,106,FALSE
Female,Loyal Customer,47,Business Travel,Business,328,3,3,3,3,3,4,5,5,5,5,5,5,4,4.08,0,0,TRUE
Female,Loyal Customer,23,Business Travel,Eco Plus,430,1,2,2,2,1,1,2,1,3,5,3,3,1,2.08,0,39,FALSE
Male,Loyal Customer,52,Personal Travel,Eco,1014,3,3,3,5,3,3,2,3,4,1,3,3,3,3,34,35,FALSE
Male,Loyal Customer,54,Personal Travel,Eco,447,4,4,4,1,5,4,4,5,3,2,5,5,5,3.92,10,4,TRUE
Male,Loyal Customer,40,Business Travel,Business,2642,5,5,5,5,4,5,5,1,1,2,1,3,5,3.62,58,58,TRUE
Male,Loyal Customer,66,Personal Travel,Eco,347,4,3,4,1,3,4,2,3,4,4,2,2,3,3,0,0,FALSE
Male,Disloyal Customer,24,Business Travel,Eco,817,5,5,5,3,5,0,5,5,4,2,3,2,5,3.77,0,0,TRUE
Female,Loyal Customer,44,Business Travel,Business,1744,3,3,3,3,3,4,5,5,5,5,5,4,3,3.92,0,0,TRUE
Male,Disloyal Customer,20,Business Travel,Eco,647,2,0,2,3,1,2,1,1,5,2,3,1,1,1.85,0,0,FALSE
Female,Disloyal Customer,24,Business Travel,Eco,213,3,2,2,3,5,2,2,5,4,3,3,3,5,3.23,0,7,FALSE
Male,Loyal Customer,37,Business Travel,Business,414,2,2,2,2,2,5,4,5,5,5,5,3,4,3.54,17,12,TRUE
Male,Disloyal Customer,38,Business Travel,Eco,992,2,2,2,4,3,2,3,3,4,4,4,2,3,2.92,28,49,FALSE
Male,Loyal Customer,46,Personal Travel,Eco,227,2,4,2,2,1,2,5,1,3,3,4,4,1,2.62,0,0,FALSE
Female,Loyal Customer,47,Business Travel,Business,733,2,1,1,1,3,4,4,2,2,2,2,2,3,2.23,0,0,FALSE
Female,Loyal Customer,41,Business Travel,Eco,209,3,2,2,2,3,3,3,3,1,1,3,4,3,2.54,0,4,FALSE
Male,Loyal Customer,38,Business Travel,Eco,1288,5,5,3,5,5,5,5,5,5,2,1,4,5,4.23,0,0,TRUE
Female,Disloyal Customer,30,Business Travel,Business,678,2,2,2,3,3,2,3,3,3,5,4,4,3,3,6,0,FALSE
Male,Loyal Customer,69,Personal Travel,Business,1313,2,4,2,4,2,4,4,4,4,2,5,3,2,3.23,12,0,FALSE
Male,Loyal Customer,59,Business Travel,Business,328,4,4,4,4,5,5,5,4,4,4,4,3,3,4.08,0,0,TRUE
Female,Loyal Customer,49,Business Travel,Eco,1076,2,3,1,1,3,3,4,2,2,2,2,4,1,2.31,5,22,FALSE
Female,Loyal Customer,12,Business Travel,Business,3103,1,1,1,1,4,4,4,4,3,4,1,1,4,2.54,0,0,TRUE
Female,Loyal Customer,10,Personal Travel,Eco,2311,1,4,1,1,1,3,3,5,5,4,5,3,3,3,0,5,FALSE
Male,Loyal Customer,47,Business Travel,Business,2363,1,1,4,1,3,5,5,4,4,4,4,3,3,3.23,43,39,TRUE
Female,Loyal Customer,45,Personal Travel,Eco,1144,2,3,2,4,2,5,5,1,1,2,1,2,3,2.54,0,0,FALSE
Male,Disloyal Customer,24,Business Travel,Eco,192,4,0,4,4,5,4,4,5,3,1,2,4,5,3.46,15,16,TRUE
Female,Loyal Customer,25,Business Travel,Business,2680,3,3,3,3,4,4,4,4,3,4,4,3,4,3.54,0,0,TRUE
Male,Loyal Customer,59,Business Travel,Business,2031,4,5,4,4,5,5,4,2,2,2,2,4,5,3.69,47,50,TRUE
Female,Loyal Customer,50,Business Travel,Business,1722,2,2,2,2,3,2,4,4,4,4,5,4,3,3.15,0,0,TRUE
Male,Loyal Customer,10,Personal Travel,Eco,544,4,3,4,3,4,4,4,4,5,5,4,1,4,3.77,0,0,FALSE
Female,Loyal Customer,41,Personal Travel,Eco,965,2,4,2,3,5,2,5,5,2,3,3,3,5,3.38,0,0,FALSE
Female,Loyal Customer,55,Business Travel,Eco,106,5,3,3,3,2,3,4,5,5,5,5,5,3,3.92,0,4,TRUE
Female,Loyal Customer,42,Business Travel,Business,3394,1,1,1,1,3,4,4,2,2,2,2,3,3,2.23,14,0,TRUE
Female,Loyal Customer,48,Business Travel,Business,3589,1,5,5,5,5,3,2,1,1,1,1,1,2,2.54,2,7,FALSE
Male,Loyal Customer,10,Personal Travel,Eco Plus,1139,1,4,1,3,3,1,5,3,5,4,3,3,3,3,0,0,FALSE
Male,Loyal Customer,41,Business Travel,Business,456,3,3,3,3,3,4,5,4,4,4,4,3,5,3.69,0,0,TRUE
Male,Loyal Customer,51,Business Travel,Business,2740,2,2,5,2,5,4,5,5,5,5,5,3,3,3.92,0,0,TRUE
Male,Loyal Customer,46,Business Travel,Business,1044,2,1,2,2,3,5,4,5,5,5,5,3,3,3.46,0,0,TRUE
Male,Loyal Customer,21,Business Travel,Business,1530,3,3,3,3,4,4,4,4,4,4,5,5,4,3.85,2,0,TRUE
Female,Loyal Customer,9,Personal Travel,Eco,756,1,5,1,1,4,1,3,4,4,3,5,3,4,3,7,0,FALSE
Female,Loyal Customer,14,Business Travel,Business,2835,2,4,4,4,2,2,2,2,3,5,3,1,2,2.77,0,0,FALSE
Male,Loyal Customer,44,Personal Travel,Eco Plus,283,3,5,5,3,2,5,2,2,1,3,1,2,2,2.77,0,0,FALSE
Female,Loyal Customer,67,Personal Travel,Eco Plus,1379,4,4,4,1,2,3,4,1,1,4,1,3,3,2.69,0,3,FALSE
Female,Loyal Customer,50,Business Travel,Business,1882,2,5,5,5,4,2,3,2,2,2,2,3,3,3.08,0,0,FALSE
Male,Loyal Customer,58,Business Travel,Business,1521,2,2,4,2,2,5,1,5,5,4,5,1,2,3.08,0,2,TRUE
Male,Disloyal Customer,30,Business Travel,Business,1107,3,3,3,2,2,3,4,2,3,3,5,4,2,3,0,0,FALSE
Male,Loyal Customer,50,Business Travel,Eco,1107,2,5,2,5,1,2,1,1,2,3,3,3,1,2.38,0,1,FALSE
Male,Loyal Customer,39,Business Travel,Business,2345,2,3,3,3,5,4,4,2,2,2,2,4,3,3,0,0,FALSE
Female,Disloyal Customer,28,Business Travel,Business,1285,4,4,4,5,5,4,3,5,4,4,3,3,5,4.08,5,0,TRUE
Female,Loyal Customer,47,Business Travel,Business,2839,3,4,4,4,3,3,3,3,3,2,3,4,1,3.08,37,52,FALSE
Male,Loyal Customer,29,Personal Travel,Business,409,2,4,2,3,3,2,3,3,5,2,4,3,3,3,0,0,FALSE
Male,Loyal Customer,25,Personal Travel,Eco,2248,4,5,4,5,4,4,3,4,3,4,4,5,4,4.08,27,14,FALSE
Female,Loyal Customer,33,Business Travel,Business,2362,3,3,3,3,3,4,5,5,5,5,5,3,3,3.85,0,0,TRUE
Male,Loyal Customer,64,Personal Travel,Eco,1547,4,5,4,2,3,4,3,3,5,3,4,3,3,3.54,17,0,FALSE
Male,Disloyal Customer,57,Business Travel,Business,227,5,5,5,4,2,5,2,2,5,5,4,4,2,3.85,0,0,TRUE
Male,Loyal Customer,26,Business Travel,Business,3922,5,5,5,5,4,4,4,4,3,2,4,4,4,4.08,0,0,TRUE
Female,Disloyal Customer,34,Business Travel,Business,1546,1,1,1,4,5,1,5,5,4,4,4,5,5,3.46,7,0,FALSE
Male,Loyal Customer,53,Personal Travel,Business,630,3,4,3,3,3,5,5,2,2,3,3,3,3,3.23,0,0,FALSE
Female,Loyal Customer,45,Business Travel,Business,1570,2,2,2,2,2,5,4,2,2,2,2,3,4,2.62,6,0,TRUE
Female,Loyal Customer,54,Business Travel,Business,216,3,3,3,3,4,5,5,5,5,5,5,4,5,4.23,1,0,TRUE
Male,Loyal Customer,51,Business Travel,Business,1676,5,5,5,5,1,2,2,5,5,5,3,2,4,3.77,0,0,TRUE
Male,Loyal Customer,50,Business Travel,Business,1644,3,3,1,3,5,4,5,5,5,5,4,5,5,4.08,0,0,TRUE
Male,Disloyal Customer,22,Business Travel,Eco,102,3,0,3,4,5,3,5,5,5,2,3,4,5,3.62,0,1,FALSE
Male,Loyal Customer,56,Personal Travel,Business,139,1,0,1,3,4,4,5,3,3,1,3,3,4,2.69,5,2,FALSE
Female,Loyal Customer,33,Business Travel,Eco Plus,438,2,2,2,2,2,1,2,2,3,5,4,2,2,2.38,0,0,FALSE
Male,Loyal Customer,33,Business Travel,Business,1440,4,4,2,4,5,5,5,5,4,4,4,5,5,4.31,0,0,TRUE
Female,Loyal Customer,22,Personal Travel,Eco,1195,2,5,2,5,1,2,1,1,5,4,3,5,1,2.85,13,8,FALSE
Female,Loyal Customer,59,Business Travel,Business,1658,2,4,4,4,2,4,3,2,2,2,2,4,2,2.85,0,0,FALSE
Female,Loyal Customer,29,Business Travel,Business,1902,2,2,2,2,5,5,5,5,3,5,5,4,5,3.85,0,0,TRUE
Female,Disloyal Customer,59,Business Travel,Eco,472,4,0,4,5,2,4,4,2,3,4,2,2,2,2.92,0,0,FALSE
Female,Disloyal Customer,37,Business Travel,Eco,347,4,0,4,2,2,4,1,2,3,5,3,3,2,2.69,0,0,FALSE
Female,Loyal Customer,52,Business Travel,Business,3379,2,3,3,3,4,3,4,2,2,2,2,4,2,2.77,0,0,FALSE
Female,Loyal Customer,47,Business Travel,Eco,500,4,5,5,5,4,5,5,4,4,4,4,4,3,4.31,0,0,TRUE
Female,Disloyal Customer,24,Business Travel,Eco,101,3,0,3,1,4,3,4,4,5,4,3,5,4,3.31,0,0,FALSE
Female,Disloyal Customer,27,Business Travel,Eco,1092,3,3,3,4,3,3,3,3,2,1,4,1,3,2.77,0,0,FALSE
Male,Loyal Customer,70,Personal Travel,Eco,2133,3,1,3,2,2,3,2,2,1,1,2,4,2,2.15,0,0,FALSE
Male,Loyal Customer,27,Business Travel,Business,2772,5,5,5,5,4,4,4,4,5,5,4,4,4,4.46,5,0,TRUE
Male,Loyal Customer,54,Personal Travel,Eco Plus,719,3,4,3,1,3,3,3,3,4,4,4,3,3,3.15,0,0,FALSE
Male,Disloyal Customer,33,Business Travel,Business,2704,2,2,2,3,2,5,5,1,2,4,3,5,5,3.15,0,0,FALSE
Female,Loyal Customer,45,Business Travel,Business,3051,3,3,3,3,4,4,5,5,5,5,5,4,4,4.08,19,14,TRUE
Female,Loyal Customer,37,Business Travel,Business,2237,4,4,4,4,4,4,4,4,2,5,5,4,4,4,158,144,TRUE
Male,Loyal Customer,30,Business Travel,Business,546,1,3,3,3,1,2,1,1,3,3,1,2,1,1.92,11,8,FALSE
Male,Loyal Customer,53,Personal Travel,Eco Plus,908,0,5,0,2,2,0,2,2,1,3,5,3,2,2.08,2,0,TRUE
Female,Loyal Customer,54,Personal Travel,Eco,331,3,3,3,2,3,3,4,2,2,3,2,2,5,2.85,8,18,FALSE
Male,Loyal Customer,37,Business Travel,Business,2974,0,0,0,1,2,4,5,4,4,1,1,3,4,2.23,0,0,TRUE
Female,Loyal Customer,20,Business Travel,Business,1506,3,3,3,3,4,4,4,4,4,3,4,5,4,3.69,0,0,TRUE
Male,Loyal Customer,54,Business Travel,Eco,399,4,1,2,1,4,4,4,4,3,1,1,5,4,2.92,0,0,TRUE
Male,Loyal Customer,43,Personal Travel,Eco,888,4,5,4,2,5,4,5,5,1,3,1,2,5,3.54,76,76,FALSE
Female,Loyal Customer,11,Personal Travel,Eco,569,1,2,1,3,1,1,1,1,3,4,2,3,1,1.85,11,0,FALSE
Female,Loyal Customer,44,Business Travel,Eco,1069,2,3,3,3,1,3,2,2,2,2,2,2,3,2.31,0,0,FALSE
Male,Loyal Customer,25,Business Travel,Business,2373,5,5,5,5,5,5,5,5,5,2,4,5,5,4.69,0,0,TRUE
Female,Loyal Customer,44,Business Travel,Eco,531,4,5,5,5,1,3,5,4,4,4,4,1,2,3.62,71,55,TRUE
Male,Loyal Customer,7,Personal Travel,Eco,413,2,5,2,5,3,2,3,3,2,3,5,3,3,3.15,0,0,FALSE
Male,Disloyal Customer,41,Business Travel,Eco,454,2,4,2,3,2,2,2,2,1,2,5,5,2,2.62,0,0,FALSE
Male,Loyal Customer,37,Personal Travel,Eco,762,3,4,3,4,3,3,1,3,3,4,4,3,3,3.15,9,11,FALSE
Female,Loyal Customer,39,Business Travel,Eco,140,4,1,4,1,4,4,4,4,1,5,2,3,4,3.15,10,8,TRUE
Male,Disloyal Customer,22,Business Travel,Business,121,0,0,0,3,5,0,5,5,5,5,5,5,5,3.31,0,0,TRUE
Male,Loyal Customer,31,Business Travel,Business,1597,1,5,5,5,1,1,1,1,3,2,2,1,1,2.23,0,0,FALSE
Male,Loyal Customer,25,Personal Travel,Eco,101,3,5,3,4,3,3,3,3,4,4,5,4,3,3.62,0,0,FALSE
Female,Loyal Customer,51,Business Travel,Business,1750,5,5,5,5,2,4,4,3,3,4,3,3,3,3.77,0,0,TRUE
Male,Loyal Customer,45,Personal Travel,Eco,529,2,5,2,4,5,2,5,5,4,5,4,5,5,4.08,71,69,FALSE
Female,Disloyal Customer,30,Business Travel,Eco,602,2,4,2,4,3,2,3,3,1,1,3,3,3,2.62,78,88,FALSE
Male,Loyal Customer,60,Personal Travel,Eco Plus,2288,3,3,3,1,1,3,4,1,2,1,2,2,1,2.08,0,0,FALSE
Female,Loyal Customer,29,Personal Travel,Eco,641,3,5,3,1,1,3,1,1,4,3,4,4,1,2.62,0,0,FALSE
Male,Loyal Customer,47,Business Travel,Business,395,2,5,2,2,4,4,4,3,3,4,3,5,5,3.54,0,0,TRUE
Male,Loyal Customer,45,Business Travel,Business,854,3,3,3,3,3,3,3,5,5,5,5,2,3,3.54,7,0,TRUE
Male,Loyal Customer,60,Business Travel,Business,402,3,3,3,3,3,4,5,5,5,5,5,4,4,4,0,0,TRUE
Male,Loyal Customer,37,Business Travel,Business,1642,3,5,5,5,5,3,2,3,3,3,3,2,4,3.54,3,12,FALSE
Male,Disloyal Customer,38,Business Travel,Eco Plus,259,3,3,3,2,5,3,5,5,1,3,4,2,5,3.38,13,1,FALSE
Male,Disloyal Customer,24,Business Travel,Eco,586,2,5,2,1,3,2,3,3,1,2,1,3,3,2.38,20,7,FALSE
Female,Loyal Customer,18,Personal Travel,Eco,125,3,4,3,2,3,3,3,3,2,3,5,2,3,3,0,0,FALSE
Female,Loyal Customer,24,Personal Travel,Eco,1024,2,5,2,1,2,2,2,2,4,5,4,3,2,2.77,0,42,FALSE
Male,Loyal Customer,48,Personal Travel,Eco,663,2,5,2,3,2,2,2,2,5,4,2,5,2,2.92,0,0,FALSE
Female,Loyal Customer,47,Business Travel,Business,2052,1,1,1,1,3,5,4,4,4,4,4,5,4,3.15,0,0,TRUE
Male,Loyal Customer,53,Business Travel,Business,888,1,5,5,5,3,4,3,1,1,1,1,4,3,2.85,33,45,FALSE
Male,Loyal Customer,44,Business Travel,Business,3605,2,2,2,2,5,4,4,4,4,4,4,4,4,3.46,50,51,TRUE
Female,Loyal Customer,39,Business Travel,Business,598,4,4,4,4,3,4,1,4,4,4,4,3,1,3.38,0,2,FALSE
Female,Loyal Customer,55,Personal Travel,Eco,510,5,5,5,1,5,5,5,3,3,5,2,3,4,3.92,8,25,TRUE
Male,Loyal Customer,63,Personal Travel,Eco Plus,223,3,5,0,1,1,0,1,1,5,4,5,4,1,2.38,60,58,FALSE
Female,Loyal Customer,42,Personal Travel,Business,769,3,5,3,1,2,4,5,1,1,3,1,3,3,2.69,0,0,FALSE
Female,Loyal Customer,30,Personal Travel,Eco,224,2,4,2,3,4,2,4,4,4,2,4,4,4,3.31,0,0,FALSE
Female,Loyal Customer,34,Business Travel,Business,3896,0,0,0,4,4,4,5,5,5,5,5,3,4,3.38,0,0,TRUE
Female,Loyal Customer,51,Personal Travel,Eco,411,1,4,1,3,3,4,5,3,3,1,3,3,4,2.92,0,0,FALSE
Male,Loyal Customer,36,Personal Travel,Eco,399,2,5,2,3,3,2,3,3,3,4,5,5,3,3.31,2,0,FALSE
Female,Loyal Customer,41,Business Travel,Business,1652,2,2,2,2,3,2,5,2,2,2,2,3,2,2.38,15,6,TRUE
Female,Loyal Customer,42,Business Travel,Business,2646,1,1,1,1,2,1,2,4,4,4,4,3,2,2.31,0,4,TRUE
Male,Loyal Customer,27,Personal Travel,Eco,299,2,5,5,4,4,5,4,4,5,3,5,4,4,4.15,15,6,FALSE
Female,Loyal Customer,52,Business Travel,Eco,491,4,1,5,1,2,5,2,4,4,4,4,3,3,3.23,0,0,TRUE
Male,Loyal Customer,28,Business Travel,Business,1809,2,2,2,2,2,2,2,2,3,2,4,3,2,2.31,57,54,FALSE
Female,Disloyal Customer,54,Business Travel,Eco,472,3,0,3,1,4,3,1,4,2,2,2,2,4,2.38,0,0,FALSE
Male,Loyal Customer,17,Business Travel,Business,1496,2,2,2,2,2,3,2,2,3,5,3,4,2,2.62,2,10,FALSE
Male,Disloyal Customer,34,Business Travel,Business,882,3,3,3,5,2,3,2,2,4,4,5,4,2,3.23,0,1,FALSE
Male,Loyal Customer,54,Business Travel,Business,2853,5,5,5,5,5,4,5,5,5,5,5,4,4,4.77,15,10,TRUE
Male,Loyal Customer,19,Business Travel,Business,725,3,3,3,3,5,5,5,5,4,2,3,5,5,3.92,0,12,TRUE
Female,Loyal Customer,10,Business Travel,Eco,522,4,5,5,5,4,4,4,4,3,5,4,4,4,4.23,0,2,TRUE
Female,Loyal Customer,65,Personal Travel,Eco,992,2,5,2,3,4,5,4,1,1,2,1,3,5,2.92,4,2,FALSE
Female,Loyal Customer,41,Personal Travel,Eco,261,3,4,0,4,3,0,5,3,3,1,1,5,3,2.69,4,13,FALSE
Male,Disloyal Customer,35,Business Travel,Business,1931,1,1,1,2,1,1,1,1,3,5,4,4,1,2,0,0,FALSE
Female,Loyal Customer,48,Personal Travel,Eco,571,2,3,2,4,1,3,3,5,5,2,5,3,3,3.15,0,0,FALSE
Male,Loyal Customer,8,Personal Travel,Eco,846,2,1,2,3,3,2,3,3,2,3,3,1,3,2.38,0,0,FALSE
Female,Loyal Customer,22,Business Travel,Business,1969,1,1,1,1,4,4,4,4,1,3,4,5,4,2.85,0,0,TRUE
Female,Loyal Customer,44,Business Travel,Business,399,3,3,3,3,5,4,4,4,4,4,4,4,5,3.85,0,4,TRUE
Female,Loyal Customer,11,Personal Travel,Eco,987,3,2,3,2,2,3,2,2,4,1,3,4,2,2.54,0,0,FALSE
Female,Disloyal Customer,36,Business Travel,Business,407,1,1,1,2,3,1,1,3,5,2,5,5,3,2.54,0,0,FALSE
Male,Loyal Customer,56,Business Travel,Business,690,4,4,4,4,5,5,4,4,4,5,4,4,3,4.15,0,0,TRUE
Female,Loyal Customer,14,Personal Travel,Eco Plus,1182,1,2,1,3,5,1,5,5,2,4,2,3,5,3,0,0,FALSE
Female,Loyal Customer,45,Business Travel,Business,335,3,2,3,3,4,4,5,5,5,5,5,4,4,4,0,0,TRUE
Female,Loyal Customer,42,Personal Travel,Eco,1747,2,0,3,1,4,5,4,3,3,3,3,3,1,2.69,0,0,FALSE
Female,Loyal Customer,16,Personal Travel,Eco,296,5,5,5,2,5,5,5,5,5,3,4,5,5,4.54,0,2,TRUE
Male,Loyal Customer,57,Business Travel,Business,1695,1,3,4,4,5,4,3,1,1,1,1,4,2,2.62,0,0,FALSE
Male,Loyal Customer,35,Personal Travel,Eco,1499,4,3,4,3,4,4,4,4,3,4,3,1,4,3.46,11,0,FALSE
Male,Loyal Customer,61,Personal Travel,Eco Plus,484,4,5,4,3,2,4,2,2,4,4,5,5,2,3.54,2,0,FALSE
Male,Loyal Customer,41,Business Travel,Business,2118,3,3,3,3,4,4,4,5,4,4,5,4,4,3.85,139,151,TRUE
Male,Disloyal Customer,59,Business Travel,Eco,1052,2,2,2,4,2,2,2,1,5,4,3,2,2,2.54,0,0,FALSE
Male,Loyal Customer,49,Business Travel,Business,2125,2,2,2,2,4,3,4,4,4,4,4,4,5,3.38,0,0,TRUE
Male,Disloyal Customer,25,Business Travel,Eco,1303,4,4,4,3,5,4,5,5,3,2,3,4,5,3.92,3,6,FALSE
Male,Loyal Customer,23,Business Travel,Business,1787,4,4,4,4,5,5,5,5,4,5,2,5,5,4.38,8,5,TRUE
Female,Loyal Customer,30,Personal Travel,Eco,677,3,4,3,1,4,3,4,4,5,3,5,5,4,3.69,5,3,FALSE
Male,Disloyal Customer,42,Business Travel,Eco,261,3,3,3,1,2,3,2,2,1,2,4,3,2,2.38,0,0,FALSE
Male,Loyal Customer,28,Personal Travel,Eco,787,5,5,5,1,5,5,4,5,4,5,4,4,5,4.38,0,0,TRUE
Female,Loyal Customer,25,Business Travel,Business,2558,2,1,1,1,2,2,2,2,4,3,3,2,2,2.08,29,28,FALSE
Female,Loyal Customer,51,Personal Travel,Eco Plus,201,5,3,5,4,4,2,4,1,1,5,1,1,3,3,0,0,TRUE
Male,Loyal Customer,26,Business Travel,Business,2603,4,4,4,4,5,5,5,5,2,3,4,5,5,4.23,0,0,TRUE
Female,Loyal Customer,65,Personal Travel,Eco,2182,4,4,4,1,3,2,4,3,3,4,3,5,4,3.38,0,0,TRUE
Female,Loyal Customer,18,Personal Travel,Eco,373,3,1,3,3,5,3,5,5,1,1,3,4,5,3.23,0,6,FALSE
Male,Loyal Customer,18,Business Travel,Business,2759,2,4,4,4,2,2,2,2,2,3,3,3,2,2.69,24,6,FALSE
Male,Loyal Customer,56,Personal Travel,Eco,300,2,2,2,2,3,2,3,3,4,5,2,2,3,2.69,48,72,FALSE
Female,Loyal Customer,64,Personal Travel,Eco,164,5,4,5,2,4,5,4,2,2,5,2,4,3,3.62,0,0,TRUE
Male,Loyal Customer,22,Personal Travel,Eco,1147,3,4,3,5,5,3,5,5,4,5,5,5,5,4.38,20,17,FALSE
Female,Loyal Customer,62,Personal Travel,Eco,204,1,2,0,4,3,4,4,2,2,0,2,3,3,2.31,3,1,FALSE
Female,Loyal Customer,35,Business Travel,Business,2902,4,4,4,4,5,2,3,5,5,4,5,1,5,3.92,0,0,TRUE
Male,Loyal Customer,43,Personal Travel,Eco,495,4,3,2,3,5,2,5,5,4,1,3,3,5,3.46,0,0,TRUE
Female,Loyal Customer,32,Business Travel,Business,3790,2,2,2,2,4,4,4,4,3,4,4,3,4,3.23,12,14,TRUE
Female,Disloyal Customer,37,Business Travel,Eco,226,3,2,3,2,4,3,3,4,2,2,2,1,4,2.69,1,0,FALSE
Female,Disloyal Customer,22,Business Travel,Business,814,0,0,0,3,2,0,3,2,4,5,5,3,2,2.23,1,7,TRUE
Female,Disloyal Customer,23,Business Travel,Eco,238,3,4,3,1,2,3,2,2,5,2,3,5,2,2.85,0,0,FALSE
Male,Loyal Customer,39,Business Travel,Business,283,4,4,4,4,2,4,4,4,4,4,4,5,4,3.92,39,22,TRUE
Female,Disloyal Customer,44,Business Travel,Business,1481,3,3,3,5,2,3,1,2,3,3,5,3,2,2.92,26,40,FALSE
Female,Loyal Customer,54,Business Travel,Business,2724,2,2,2,2,5,3,5,4,4,4,4,4,4,3.46,0,0,TRUE
Female,Loyal Customer,56,Personal Travel,Eco,588,3,4,3,1,4,4,5,4,4,3,4,3,3,3.46,0,0,FALSE
Male,Loyal Customer,39,Business Travel,Eco,163,4,4,4,4,4,4,4,4,3,3,2,1,4,3.46,12,13,TRUE
Male,Loyal Customer,61,Business Travel,Eco,160,3,1,1,1,3,3,3,3,2,1,3,4,3,2.38,85,81,FALSE
Female,Disloyal Customer,27,Business Travel,Eco,594,1,2,1,2,2,1,2,2,1,3,2,3,2,1.85,0,0,FALSE
Male,Loyal Customer,48,Business Travel,Business,329,2,5,5,5,1,4,4,2,2,2,2,2,4,3.08,0,0,FALSE
Female,Loyal Customer,60,Business Travel,Business,1947,5,3,5,5,4,3,5,5,5,5,5,3,4,4.38,8,0,TRUE
Male,Disloyal Customer,25,Business Travel,Business,212,2,4,2,4,3,2,3,3,3,5,4,5,3,3.31,0,0,FALSE
Female,Loyal Customer,47,Personal Travel,Eco,646,2,5,2,4,2,4,4,5,5,2,5,2,3,3.46,83,86,FALSE
Male,Loyal Customer,52,Business Travel,Eco,946,3,4,4,4,3,3,3,5,3,4,3,3,3,3.46,95,158,TRUE
Female,Loyal Customer,21,Personal Travel,Eco,849,3,5,3,3,1,3,1,1,5,3,4,4,1,2.85,0,0,FALSE
Male,Loyal Customer,52,Personal Travel,Eco,759,1,2,1,4,2,1,2,2,1,4,4,2,2,2.15,0,0,FALSE
Female,Loyal Customer,69,Personal Travel,Eco,700,1,5,1,5,2,4,4,3,3,1,3,3,3,2.92,0,0,FALSE
Female,Loyal Customer,43,Personal Travel,Eco Plus,834,4,4,4,1,2,5,5,1,1,4,1,4,3,3,0,5,FALSE
Male,Loyal Customer,19,Personal Travel,Eco,1075,4,5,4,3,4,3,3,4,2,1,2,3,3,3.15,377,350,FALSE
Female,Loyal Customer,44,Personal Travel,Eco,1660,2,3,3,1,3,5,2,3,3,3,3,3,4,2.92,14,13,FALSE
Female,Disloyal Customer,22,Business Travel,Eco,813,3,3,3,4,3,3,3,3,3,3,5,4,3,3.31,0,0,FALSE
Male,Loyal Customer,41,Business Travel,Eco,101,1,4,4,4,1,1,1,1,1,1,4,4,1,2.15,2,2,FALSE
Male,Loyal Customer,46,Personal Travel,Eco,302,2,5,2,3,3,2,3,3,5,3,4,4,3,3.23,64,69,FALSE
Female,Loyal Customer,50,Personal Travel,Business,907,1,4,1,3,5,5,4,5,5,1,3,5,3,3.46,0,0,FALSE
Male,Disloyal Customer,20,Business Travel,Eco,501,2,4,1,3,1,1,1,1,3,1,4,1,1,1.85,0,0,FALSE
Female,Loyal Customer,36,Business Travel,Eco,936,1,2,5,5,1,1,1,1,2,2,3,3,1,2.15,0,0,FALSE
Male,Loyal Customer,53,Business Travel,Business,867,4,5,5,5,1,3,2,4,4,4,4,2,3,3.54,17,10,FALSE
Male,Loyal Customer,14,Personal Travel,Business,1024,3,4,3,1,3,2,2,2,5,1,1,2,2,2.38,142,141,FALSE
Female,Disloyal Customer,17,Business Travel,Eco,671,0,0,0,3,1,0,1,1,1,5,3,4,1,1.54,0,0,TRUE
Female,Disloyal Customer,37,Business Travel,Business,2556,2,2,2,1,2,5,5,4,4,3,4,5,5,3.38,0,4,FALSE
Female,Loyal Customer,39,Business Travel,Eco,433,4,1,1,1,4,4,4,4,1,2,5,5,4,3.08,0,0,TRUE
Female,Loyal Customer,45,Business Travel,Business,1685,4,4,4,4,4,4,4,3,3,3,3,3,4,3.62,12,0,TRUE
Male,Loyal Customer,58,Business Travel,Eco,1171,1,5,4,5,1,1,1,1,4,4,3,1,1,2.46,0,0,FALSE
Male,Loyal Customer,39,Business Travel,Business,1947,4,4,4,4,3,4,5,5,5,5,5,5,5,4.46,10,20,TRUE
Male,Loyal Customer,57,Business Travel,Business,1379,3,3,3,3,4,4,4,4,4,4,4,3,4,3.62,0,0,TRUE
Male,Loyal Customer,56,Personal Travel,Eco,845,3,2,3,3,4,3,4,4,2,3,2,2,4,3,0,0,FALSE
Male,Disloyal Customer,20,Business Travel,Eco,679,2,2,2,1,5,2,5,5,1,1,5,2,5,2.92,0,0,FALSE
Male,Loyal Customer,50,Personal Travel,Eco,181,3,4,0,4,2,0,2,2,3,5,5,5,2,2.85,21,20,FALSE
Female,Loyal Customer,21,Business Travel,Business,2929,1,1,1,1,4,4,4,4,5,2,4,2,4,2.85,0,44,TRUE
Male,Loyal Customer,57,Business Travel,Eco,591,4,4,4,4,4,4,4,4,5,5,4,1,4,3.92,1,0,TRUE
Male,Loyal Customer,47,Business Travel,Business,507,2,2,2,2,2,4,4,4,4,4,4,5,5,3.38,0,0,TRUE
Female,Loyal Customer,36,Business Travel,Business,101,2,2,3,2,5,2,2,4,4,4,2,2,4,2.92,6,22,FALSE
Female,Disloyal Customer,35,Business Travel,Eco,1024,3,3,3,3,2,3,2,2,1,1,3,3,2,2.38,24,15,FALSE
Female,Loyal Customer,40,Personal Travel,Eco,2254,3,4,3,5,5,3,5,5,3,2,4,5,5,4,0,0,FALSE
Male,Disloyal Customer,37,Business Travel,Business,507,1,1,1,4,2,1,2,2,5,3,4,4,2,2.46,0,0,FALSE
Female,Loyal Customer,23,Business Travel,Business,2603,2,1,1,1,2,2,2,2,2,3,4,3,2,2.08,0,0,FALSE
Male,Loyal Customer,70,Personal Travel,Eco,471,2,4,4,5,3,4,3,3,3,5,4,3,3,3.54,43,66,FALSE
Female,Loyal Customer,55,Personal Travel,Eco,402,2,3,2,3,3,3,4,1,1,2,1,1,4,2.31,93,87,FALSE
Male,Loyal Customer,57,Business Travel,Eco,196,3,2,2,2,3,3,3,3,4,2,4,3,3,2.85,0,0,FALSE
Female,Loyal Customer,36,Business Travel,Eco,373,2,2,2,2,2,2,2,2,4,5,3,2,2,2.46,25,27,FALSE
Female,Disloyal Customer,58,Business Travel,Eco,405,2,1,2,3,3,2,3,3,4,3,2,3,3,2.62,0,41,FALSE
Male,Disloyal Customer,27,Business Travel,Business,834,1,1,1,4,4,1,5,4,3,5,4,3,4,3.08,0,0,FALSE
Male,Loyal Customer,61,Personal Travel,Eco Plus,2475,4,4,4,1,4,1,1,3,3,5,5,1,1,2.85,0,0,FALSE
Female,Loyal Customer,60,Business Travel,Eco,694,4,5,5,5,2,3,4,4,4,4,4,2,3,3.77,129,129,FALSE
Female,Loyal Customer,39,Business Travel,Eco,496,5,1,3,3,5,5,5,5,2,4,1,1,5,3.46,0,0,TRUE
Female,Loyal Customer,26,Business Travel,Business,2419,1,1,3,1,4,4,4,4,5,4,4,3,4,3.23,0,0,TRUE
Male,Loyal Customer,46,Business Travel,Eco,2556,5,1,1,1,5,5,5,5,4,2,5,2,5,3.54,0,0,TRUE
Male,Loyal Customer,56,Business Travel,Business,337,2,2,2,2,3,5,4,3,3,4,3,3,3,3,0,0,TRUE
Male,Disloyal Customer,23,Business Travel,Eco,980,1,1,1,1,2,1,2,2,3,5,5,4,2,2.31,18,13,FALSE
Male,Loyal Customer,43,Business Travel,Business,646,2,2,2,2,5,4,4,5,5,5,5,5,4,3.85,0,0,TRUE
Female,Loyal Customer,51,Business Travel,Business,1743,3,3,3,3,3,4,4,4,4,4,4,4,5,3.69,0,0,TRUE
Male,Loyal Customer,36,Business Travel,Business,3909,4,4,4,4,2,4,5,4,4,4,4,5,5,4.08,0,0,TRUE
Male,Loyal Customer,22,Personal Travel,Eco,1197,5,4,5,1,2,5,1,2,3,2,5,4,2,3.15,0,0,TRUE
Female,Loyal Customer,24,Personal Travel,Eco,1189,2,5,2,4,5,2,3,5,3,4,3,5,5,3.69,0,0,FALSE
Female,Loyal Customer,25,Personal Travel,Eco Plus,859,5,2,5,4,5,5,5,5,2,3,4,2,5,4,0,0,TRUE
Female,Loyal Customer,53,Business Travel,Business,2449,4,4,4,4,3,4,4,2,2,2,2,5,5,3.46,0,0,TRUE
Male,Loyal Customer,42,Business Travel,Business,759,4,4,4,4,2,5,5,4,4,4,4,4,4,4,3,6,TRUE
Male,Loyal Customer,40,Business Travel,Eco,829,4,1,1,1,4,3,4,4,4,5,1,1,4,2.85,0,0,FALSE
Male,Loyal Customer,42,Personal Travel,Eco,175,2,5,2,2,2,2,2,2,4,2,5,3,2,2.69,7,1,FALSE
Male,Loyal Customer,41,Business Travel,Eco,954,5,4,2,4,5,5,5,5,2,4,1,2,5,3.77,100,94,TRUE
Male,Loyal Customer,51,Business Travel,Eco,637,2,4,3,3,2,2,2,2,4,2,3,2,2,2.54,19,11,FALSE
Female,Loyal Customer,34,Personal Travel,Eco,273,2,3,2,3,5,2,5,5,1,4,5,2,5,3.38,0,0,FALSE
Male,Loyal Customer,43,Personal Travel,Eco,1501,3,5,2,2,4,2,4,4,5,4,5,5,4,3.77,0,0,FALSE
Female,Loyal Customer,20,Personal Travel,Eco,223,2,2,0,4,4,0,2,4,4,3,5,3,4,2.85,20,12,FALSE
Female,Loyal Customer,34,Business Travel,Business,266,0,0,0,3,5,3,4,3,3,3,3,5,5,2.85,0,0,TRUE
Male,Loyal Customer,48,Business Travel,Business,2133,3,3,3,3,4,3,5,5,5,5,5,4,4,4,0,0,TRUE
Female,Loyal Customer,41,Business Travel,Business,3781,5,5,5,5,4,5,5,4,4,4,4,4,3,4.38,0,9,TRUE
Female,Disloyal Customer,26,Business Travel,Eco,443,1,0,1,5,5,1,5,5,5,2,5,2,5,3.23,33,44,FALSE
Male,Loyal Customer,10,Personal Travel,Eco,594,1,3,1,1,5,1,3,5,1,3,5,4,5,2.92,0,0,FALSE
Male,Disloyal Customer,11,Business Travel,Eco,936,3,3,3,4,1,3,1,1,3,5,3,1,1,2.46,46,30,FALSE
Female,Loyal Customer,36,Personal Travel,Eco,1440,2,4,2,1,3,2,3,3,5,2,4,5,3,3,1,16,FALSE
Male,Disloyal Customer,25,Business Travel,Eco,859,1,1,1,1,1,1,2,1,4,3,2,1,1,1.54,0,0,FALSE
Male,Loyal Customer,51,Business Travel,Business,1499,1,1,1,1,4,3,3,1,1,1,1,4,3,1.92,13,2,FALSE
Female,Loyal Customer,68,Personal Travel,Eco,837,2,4,2,5,2,4,5,1,1,2,1,5,5,3,0,0,FALSE
Female,Loyal Customer,48,Personal Travel,Business,1105,3,4,3,4,3,2,1,3,3,3,4,3,5,3.15,13,0,FALSE
Female,Disloyal Customer,27,Business Travel,Eco,442,3,3,3,3,3,3,5,3,4,1,3,1,3,2.92,0,0,FALSE
Female,Loyal Customer,49,Personal Travel,Eco,214,2,4,0,3,3,1,5,5,5,0,3,2,3,2.77,0,0,FALSE
Female,Loyal Customer,45,Business Travel,Business,2738,4,4,4,4,5,4,5,4,4,4,4,3,3,4,5,0,TRUE
Male,Loyal Customer,69,Business Travel,Business,344,1,5,5,5,5,4,4,1,1,1,1,1,3,2.85,4,0,FALSE
Female,Disloyal Customer,37,Business Travel,Business,544,3,3,3,3,4,3,4,4,4,5,5,5,4,3.85,3,22,FALSE
Female,Loyal Customer,51,Personal Travel,Eco,448,3,4,3,4,2,5,4,2,2,3,2,4,4,3.23,0,0,FALSE
Male,Loyal Customer,72,Business Travel,Business,427,3,3,3,3,3,4,5,5,5,5,5,5,5,4.15,0,19,TRUE
Male,Loyal Customer,16,Personal Travel,Eco,447,2,3,2,4,4,2,4,4,4,3,4,2,4,3.23,12,0,FALSE
Female,Disloyal Customer,27,Business Travel,Eco,591,3,0,3,2,5,3,5,5,4,3,2,3,5,3.31,0,0,FALSE
Male,Loyal Customer,55,Business Travel,Business,594,2,2,2,2,2,4,5,4,4,4,4,5,4,3.38,23,14,TRUE
Female,Loyal Customer,20,Personal Travel,Eco Plus,641,4,5,5,1,5,5,5,5,4,3,4,3,5,4.15,0,0,FALSE
Male,Disloyal Customer,23,Business Travel,Business,1463,4,3,3,4,3,3,3,3,1,5,4,3,3,3.23,0,6,FALSE
Male,Loyal Customer,57,Personal Travel,Eco,411,2,4,2,4,4,2,4,4,4,3,5,5,4,3.62,0,0,FALSE
Male,Loyal Customer,41,Business Travel,Business,1904,1,1,5,1,5,4,5,5,5,5,5,3,3,3.69,0,0,TRUE
Male,Loyal Customer,13,Business Travel,Business,1452,3,1,1,1,3,2,3,3,3,5,4,4,3,2.77,28,59,FALSE
Male,Disloyal Customer,38,Business Travel,Eco,496,4,0,4,3,1,4,1,1,3,3,3,3,1,2.38,3,6,FALSE
Female,Loyal Customer,33,Personal Travel,Eco,308,4,4,4,3,5,4,3,5,5,4,4,3,5,4.08,0,0,FALSE
Male,Disloyal Customer,33,Business Travel,Business,362,2,2,2,4,2,2,2,2,3,3,2,2,2,2.31,1,4,FALSE
Female,Disloyal Customer,22,Business Travel,Eco,121,4,5,4,3,2,4,2,2,5,3,5,5,2,3.54,0,0,TRUE
Male,Loyal Customer,13,Business Travel,Business,1047,1,0,0,4,1,0,1,1,4,3,4,2,1,1.69,73,82,FALSE
Female,Loyal Customer,35,Business Travel,Business,2708,2,2,2,2,3,5,3,5,5,5,5,3,1,3.31,75,73,TRUE
Female,Loyal Customer,42,Business Travel,Business,2950,3,1,1,1,2,2,3,5,5,4,3,1,2,2.54,0,0,FALSE
Male,Disloyal Customer,22,Business Travel,Business,783,5,0,4,3,4,2,2,3,2,4,5,2,2,2.92,8,0,TRUE
Male,Loyal Customer,53,Business Travel,Business,2434,1,1,1,1,3,3,3,4,4,4,5,3,3,2.77,0,0,TRUE
Male,Loyal Customer,40,Business Travel,Business,2133,3,3,3,3,2,5,5,4,4,4,4,4,4,3.69,14,0,TRUE
Female,Loyal Customer,39,Business Travel,Eco Plus,272,5,2,2,2,5,5,5,5,1,4,1,2,5,3.38,0,0,TRUE
Female,Loyal Customer,20,Personal Travel,Eco,259,3,1,3,1,2,3,2,2,1,5,1,3,2,2.23,0,0,FALSE
Female,Loyal Customer,67,Personal Travel,Eco,1979,3,5,3,3,4,3,4,2,2,3,2,2,2,2.92,9,15,FALSE
Female,Loyal Customer,53,Personal Travel,Eco,453,1,1,1,4,2,3,3,1,1,1,1,1,3,1.77,0,0,FALSE
Female,Loyal Customer,13,Personal Travel,Eco,968,1,5,1,4,3,1,3,3,3,2,4,3,3,2.77,37,24,FALSE
Female,Loyal Customer,35,Personal Travel,Eco,365,3,5,3,3,1,3,1,1,4,3,5,5,1,2.92,8,1,FALSE
Male,Loyal Customer,24,Personal Travel,Eco,408,2,4,2,3,2,2,2,2,5,3,5,4,2,2.92,0,26,FALSE
Male,Loyal Customer,24,Personal Travel,Eco,1448,2,1,2,4,2,2,1,2,3,1,3,3,2,2.15,51,31,FALSE
Female,Loyal Customer,39,Business Travel,Eco Plus,501,5,5,3,5,5,4,5,5,2,2,3,4,5,4.08,0,0,FALSE
Male,Loyal Customer,26,Personal Travel,Eco,139,4,5,4,2,5,4,4,5,2,1,3,1,5,3.46,7,0,FALSE
Female,Loyal Customer,63,Personal Travel,Eco,937,2,4,2,3,4,4,4,4,4,2,3,4,3,3.31,13,13,FALSE
Male,Loyal Customer,43,Business Travel,Business,3538,1,1,3,1,2,4,3,4,4,4,4,1,3,2.69,0,0,TRUE
Female,Loyal Customer,45,Business Travel,Eco Plus,193,5,1,1,1,2,4,1,5,5,5,5,2,5,3.23,0,0,TRUE
Male,Loyal Customer,48,Business Travel,Business,2426,3,3,3,3,5,5,4,2,2,2,2,5,3,3.23,0,0,TRUE
Male,Loyal Customer,50,Personal Travel,Business,190,3,5,3,3,2,4,4,2,2,3,2,3,3,3,0,6,FALSE
Male,Loyal Customer,61,Business Travel,Eco,605,4,1,1,1,4,4,4,5,4,5,2,4,4,3.31,168,192,TRUE
Male,Loyal Customer,46,Business Travel,Eco,589,3,3,1,3,4,3,4,4,4,4,5,1,4,3.31,39,48,TRUE
Male,Loyal Customer,28,Business Travel,Eco,937,4,2,2,2,4,4,4,4,2,2,1,3,4,2.92,58,130,FALSE
Female,Loyal Customer,41,Business Travel,Eco,641,5,3,4,3,5,5,5,5,2,1,3,1,5,3.62,0,0,TRUE
Female,Loyal Customer,65,Personal Travel,Eco,978,0,4,0,3,5,5,4,1,1,0,1,3,3,2.31,0,0,TRUE
Female,Loyal Customer,28,Business Travel,Business,997,1,1,1,1,1,1,1,1,3,2,4,1,1,1.46,0,1,FALSE
Female,Loyal Customer,49,Business Travel,Eco,237,4,5,5,5,1,3,1,4,4,4,4,1,4,3.46,84,75,TRUE
Male,Loyal Customer,25,Business Travel,Eco,551,3,5,5,5,3,2,4,3,2,1,4,3,3,3.31,3,12,FALSE
Female,Loyal Customer,9,Personal Travel,Eco,961,3,4,3,3,2,3,2,2,2,4,3,1,2,2.62,0,0,FALSE
Female,Loyal Customer,41,Personal Travel,Eco,1047,2,5,2,4,2,2,5,2,5,3,5,4,2,3.31,0,0,FALSE
Female,Loyal Customer,47,Business Travel,Business,3900,0,5,0,3,4,4,5,4,4,4,4,4,4,3.46,0,0,TRUE
Female,Loyal Customer,38,Business Travel,Business,758,3,3,3,3,1,4,5,5,5,5,5,1,5,3.69,20,13,TRUE
Female,Loyal Customer,66,Personal Travel,Eco,110,0,5,0,1,4,3,4,2,2,0,2,1,2,2,0,0,TRUE
Male,Loyal Customer,43,Business Travel,Business,3385,5,5,5,5,4,5,5,4,4,4,4,4,3,4.38,0,0,TRUE
Female,Loyal Customer,34,Business Travel,Business,2048,2,2,2,2,2,5,3,5,5,5,5,4,5,3.62,0,0,TRUE
Male,Disloyal Customer,28,Business Travel,Eco,669,2,2,2,3,4,2,4,4,1,3,2,1,4,2.62,0,0,FALSE
Female,Disloyal Customer,25,Business Travel,Eco Plus,610,1,4,1,1,5,1,5,5,5,4,1,1,5,3,7,15,FALSE
Male,Loyal Customer,39,Personal Travel,Eco,409,2,4,2,4,2,2,2,2,3,2,2,5,2,2.62,0,0,FALSE
Female,Disloyal Customer,40,Business Travel,Business,913,4,4,4,2,2,4,2,2,1,4,1,3,2,2.69,5,12,FALSE
Female,Loyal Customer,49,Business Travel,Business,3382,1,1,1,1,4,5,5,5,5,5,5,4,3,3.46,19,17,TRUE
Male,Loyal Customer,37,Business Travel,Business,1874,1,1,1,1,5,5,5,5,5,5,5,4,3,3.54,18,4,TRUE
Female,Loyal Customer,58,Business Travel,Business,325,0,0,0,5,4,5,5,1,1,1,1,5,5,2.54,0,0,TRUE
Female,Loyal Customer,52,Business Travel,Business,1773,5,5,5,5,3,4,5,5,5,4,5,3,3,4.38,0,6,TRUE
Female,Loyal Customer,39,Business Travel,Business,1675,5,5,5,5,3,5,5,5,5,5,5,5,3,4.69,42,42,TRUE
Female,Loyal Customer,41,Personal Travel,Eco,224,5,4,0,4,2,0,1,2,1,5,5,3,2,2.62,0,0,TRUE
Female,Loyal Customer,59,Business Travel,Business,134,1,1,5,1,3,5,4,5,5,5,4,3,3,3.46,0,1,TRUE
Female,Loyal Customer,37,Business Travel,Business,1666,3,3,3,3,2,2,3,5,5,5,5,1,1,3.15,26,27,TRUE
Male,Disloyal Customer,24,Business Travel,Eco,1024,4,4,4,3,5,4,5,5,2,2,3,1,5,3.62,5,6,FALSE
Female,Loyal Customer,66,Personal Travel,Eco,2425,3,5,3,1,3,5,5,5,4,5,4,5,5,4.08,13,6,FALSE
Female,Disloyal Customer,39,Business Travel,Business,719,1,1,1,5,1,1,1,1,5,5,5,4,1,2.46,20,23,FALSE
Female,Loyal Customer,34,Business Travel,Business,1416,3,2,2,2,3,3,3,3,3,3,3,2,1,2.54,0,0,FALSE
Female,Loyal Customer,25,Personal Travel,Eco,1065,2,2,2,4,3,2,3,3,3,5,4,4,3,3.08,0,0,FALSE
Female,Loyal Customer,52,Business Travel,Business,331,4,2,4,4,4,5,5,5,5,5,5,3,4,4.23,0,0,TRUE
Male,Disloyal Customer,25,Business Travel,Eco,1393,4,4,4,1,4,4,4,4,5,5,3,4,4,3.85,13,0,TRUE
Female,Loyal Customer,37,Business Travel,Business,3053,4,4,4,4,3,3,5,4,4,5,3,5,2,3.85,0,1,TRUE
Female,Disloyal Customer,75,Business Travel,Eco,251,4,2,3,3,2,3,2,2,1,5,4,3,2,2.77,18,12,FALSE
Female,Loyal Customer,36,Business Travel,Eco,708,3,4,2,4,3,4,3,3,2,4,3,4,3,3.23,0,0,TRUE
Female,Loyal Customer,53,Business Travel,Business,2341,3,3,3,3,3,5,4,4,4,4,4,3,3,3.54,0,0,TRUE
Male,Loyal Customer,59,Business Travel,Business,2771,4,4,4,4,4,4,5,4,4,4,4,4,5,4.15,0,0,TRUE
Male,Loyal Customer,55,Business Travel,Eco,391,5,1,1,1,4,5,4,4,4,2,2,1,4,2.92,0,0,TRUE
Male,Loyal Customer,38,Personal Travel,Eco,236,4,3,4,3,4,3,2,5,1,5,3,2,2,3.15,206,220,FALSE
Female,Loyal Customer,57,Business Travel,Business,258,4,4,4,4,4,4,4,5,4,5,4,4,4,4.15,148,146,TRUE
Male,Loyal Customer,22,Personal Travel,Eco,1972,4,4,4,1,3,4,3,3,3,3,3,4,3,3.23,0,2,TRUE
Male,Disloyal Customer,22,Business Travel,Eco,1166,4,4,4,3,4,4,4,4,4,3,5,4,4,3.92,0,0,FALSE
Female,Loyal Customer,40,Personal Travel,Eco,421,2,1,2,4,3,2,3,3,2,2,3,2,3,2.46,0,7,FALSE
Male,Loyal Customer,39,Business Travel,Business,460,4,2,2,2,2,3,3,4,4,4,4,3,1,2.92,0,25,FALSE
Male,Loyal Customer,42,Business Travel,Eco,849,3,3,3,3,2,3,2,2,4,4,2,3,2,2.77,38,31,FALSE
Female,Disloyal Customer,24,Business Travel,Business,156,0,0,0,4,4,0,1,4,4,1,5,3,4,2.31,0,0,TRUE
Male,Loyal Customer,53,Business Travel,Business,1192,2,2,2,2,5,5,4,5,5,5,5,5,3,3.85,0,0,TRUE
Male,Loyal Customer,49,Personal Travel,Eco,651,3,2,3,4,1,3,1,1,1,5,4,3,1,2.46,41,31,FALSE
Female,Loyal Customer,59,Personal Travel,Eco,458,1,3,1,2,5,3,2,2,2,1,2,4,4,2.46,0,0,FALSE
Male,Loyal Customer,56,Business Travel,Business,2158,3,1,1,1,1,3,4,3,3,3,3,3,2,2.38,4,0,FALSE
Male,Loyal Customer,55,Business Travel,Business,3068,5,5,5,5,4,4,5,5,5,5,5,4,5,4.77,1,0,TRUE
Male,Disloyal Customer,22,Business Travel,Eco,288,2,1,2,3,2,3,3,3,5,3,3,3,3,2.77,503,484,FALSE
Female,Loyal Customer,76,Business Travel,Business,1713,5,5,5,5,2,2,5,5,5,5,5,4,4,4.38,8,2,TRUE
Female,Loyal Customer,33,Business Travel,Business,334,4,4,4,4,4,5,2,4,4,4,4,3,5,3.92,0,0,TRUE
Male,Loyal Customer,35,Personal Travel,Eco,883,4,4,4,5,4,4,5,4,1,2,1,4,4,3.54,12,0,TRUE
Male,Loyal Customer,30,Business Travel,Business,990,5,5,1,5,4,5,4,4,4,1,1,2,4,3.46,0,,TRUE
Male,Disloyal Customer,37,Business Travel,Eco,177,2,3,2,3,2,2,2,2,3,3,4,3,2,2.54,0,0,FALSE
Male,Loyal Customer,54,Business Travel,Business,589,1,1,1,1,4,1,1,4,4,4,4,5,5,2.77,0,0,TRUE
Female,Disloyal Customer,40,Business Travel,Business,338,1,1,1,1,5,1,5,5,3,2,2,1,5,2.54,0,0,FALSE
Female,Loyal Customer,30,Personal Travel,Eco,689,3,5,3,3,1,3,1,1,3,4,4,4,1,2.77,0,0,FALSE
Female,Loyal Customer,39,Business Travel,Business,1722,2,2,2,2,4,4,3,2,2,2,2,1,2,2.31,0,0,FALSE
Male,Loyal Customer,22,Business Travel,Business,3398,3,3,3,3,4,4,4,4,4,4,4,4,4,3.69,12,0,TRUE
Female,Loyal Customer,44,Business Travel,Business,1865,1,1,1,1,5,5,4,4,4,4,4,3,4,3.15,0,0,TRUE
Male,Loyal Customer,42,Business Travel,Eco,721,5,3,3,3,5,5,5,5,3,4,1,3,5,3.85,22,27,TRUE
Male,Loyal Customer,45,Personal Travel,Business,546,2,1,2,3,1,3,2,4,4,2,4,2,1,2.38,12,10,FALSE
Female,Disloyal Customer,29,Business Travel,Eco,737,3,3,3,1,2,3,2,2,4,3,5,4,2,2.85,18,13,FALSE
Female,Loyal Customer,50,Business Travel,Business,1670,2,2,2,2,3,5,5,5,5,5,5,4,4,3.77,0,0,TRUE
Male,Disloyal Customer,22,Business Travel,Eco,409,5,0,5,4,4,5,4,4,5,2,4,4,4,3.85,0,0,TRUE
Male,Disloyal Customer,21,Business Travel,Eco,230,4,4,4,2,2,4,2,2,2,1,2,5,2,2.77,0,0,FALSE
Male,Loyal Customer,9,Business Travel,Business,1430,2,1,1,1,2,2,2,2,3,5,3,4,2,2.31,0,8,FALSE
Female,Loyal Customer,47,Personal Travel,Eco,937,2,4,2,5,3,5,4,4,4,2,4,3,5,3.62,0,0,FALSE
Female,Loyal Customer,33,Personal Travel,Eco,1220,3,0,3,2,5,3,1,5,2,2,1,3,5,2.69,0,0,FALSE
Female,Loyal Customer,37,Personal Travel,Eco,500,4,5,5,5,5,5,5,5,4,3,4,4,5,4.54,16,6,FALSE
Female,Loyal Customer,56,Personal Travel,Eco,2065,2,5,2,2,5,4,5,4,4,2,4,3,3,3.46,0,0,FALSE
Male,Loyal Customer,33,Business Travel,Eco,184,4,3,4,3,4,4,4,4,3,1,3,1,4,3.23,0,0,FALSE
Male,Loyal Customer,51,Personal Travel,Eco,1276,2,4,2,4,3,2,3,3,4,2,5,4,3,3.15,6,19,FALSE
Male,Loyal Customer,40,Business Travel,Business,1061,3,3,2,3,2,5,4,5,5,4,5,5,4,3.85,0,9,TRUE
Female,Loyal Customer,55,Business Travel,Business,1999,2,2,2,2,3,4,4,4,4,4,4,5,5,3.46,33,21,TRUE
Female,Loyal Customer,48,Business Travel,Business,2187,5,5,5,5,3,5,5,5,5,5,5,5,4,4.77,0,0,TRUE
Female,Loyal Customer,47,Business Travel,Eco,2562,5,3,3,3,4,4,1,4,4,5,4,3,1,3.38,0,0,TRUE
Male,Loyal Customer,60,Personal Travel,Eco,925,3,1,3,4,3,3,3,3,2,1,3,1,3,2.54,3,0,FALSE
Female,Loyal Customer,26,Business Travel,Business,1744,3,3,3,3,5,5,5,5,3,1,1,4,5,3.54,5,0,TRUE
Female,Loyal Customer,10,Personal Travel,Eco,812,3,5,3,4,2,3,2,2,5,2,5,3,2,3.15,0,0,FALSE
Male,Loyal Customer,63,Business Travel,Business,404,4,4,2,4,2,4,4,4,4,4,4,4,5,3.77,13,24,TRUE
Male,Disloyal Customer,24,Business Travel,Eco,373,2,0,2,1,2,2,2,2,4,2,3,4,2,2.15,0,0,FALSE
Female,Loyal Customer,46,Business Travel,Business,406,5,5,5,5,2,4,5,2,2,2,2,3,3,3.46,13,2,TRUE
Female,Loyal Customer,25,Business Travel,Eco Plus,600,3,5,5,5,3,3,1,3,4,2,3,3,3,3.31,30,18,FALSE
Female,Loyal Customer,49,Business Travel,Business,3626,3,2,3,3,5,5,4,4,4,4,4,4,4,3.77,0,0,TRUE
Male,Loyal Customer,11,Personal Travel,Eco,550,3,0,3,1,2,3,2,2,5,2,4,3,2,2.46,29,19,FALSE
Male,Loyal Customer,53,Personal Travel,Eco,255,4,4,4,4,2,4,2,2,4,4,4,4,2,3.38,0,0,FALSE
Male,Disloyal Customer,38,Business Travel,Business,551,4,4,4,1,2,4,2,2,4,5,4,4,2,3.23,0,0,FALSE
Male,Loyal Customer,20,Personal Travel,Eco,427,3,2,3,3,4,3,4,4,1,4,3,1,4,3,1,19,FALSE
Female,Loyal Customer,50,Business Travel,Business,862,2,2,2,2,3,2,3,5,5,5,5,1,4,3.15,0,2,TRUE
Female,Loyal Customer,13,Personal Travel,Eco,602,2,4,2,3,5,2,2,5,4,3,5,4,5,3.54,19,8,FALSE
Male,Loyal Customer,42,Personal Travel,Eco,543,3,2,3,4,5,3,4,5,1,4,4,2,5,3.46,12,9,FALSE
Female,Loyal Customer,40,Personal Travel,Eco Plus,496,3,5,3,2,2,3,2,2,3,5,4,4,2,3.08,0,0,FALSE
Male,Loyal Customer,45,Business Travel,Business,2164,4,4,4,4,2,5,5,4,4,4,4,5,3,4,0,0,TRUE
Male,Loyal Customer,47,Business Travel,Business,1540,0,4,0,2,2,4,4,4,4,4,4,5,4,3.15,0,0,TRUE
Male,Loyal Customer,31,Business Travel,Eco Plus,1616,2,1,1,1,2,2,2,2,4,5,2,1,2,2.08,3,20,FALSE
Male,Loyal Customer,59,Business Travel,Business,273,3,3,2,3,4,4,5,5,5,5,5,3,3,3.85,17,47,TRUE
Male,Loyal Customer,55,Business Travel,Business,926,3,1,1,1,4,3,3,3,3,3,3,3,1,2.46,0,0,FALSE
Female,Loyal Customer,59,Personal Travel,Eco,1013,3,4,3,1,1,2,3,4,4,3,4,5,3,3.08,0,0,FALSE
Male,Loyal Customer,18,Personal Travel,Eco,666,2,4,2,4,1,2,1,1,3,4,3,1,1,2.23,2,0,FALSE
Male,Loyal Customer,53,Business Travel,Business,3471,1,1,1,1,5,4,4,5,5,5,5,3,3,3.31,0,0,TRUE
Female,Loyal Customer,37,Business Travel,Business,1519,2,2,2,2,4,5,5,2,2,2,2,4,4,2.92,21,5,TRUE
Female,Loyal Customer,17,Personal Travel,Business,589,5,4,5,4,4,5,4,4,3,5,3,2,4,4,0,0,TRUE
Female,Disloyal Customer,34,Business Travel,Eco,195,2,2,2,3,3,2,3,3,4,5,4,3,3,3,0,36,FALSE
Female,Disloyal Customer,15,Business Travel,Business,1598,5,0,5,4,3,5,5,3,3,5,5,5,3,3.92,61,42,TRUE
Male,Loyal Customer,7,Personal Travel,Business,209,2,2,2,3,2,2,2,2,4,2,4,1,2,2.31,12,10,FALSE
Male,Loyal Customer,47,Business Travel,Business,1873,2,2,2,2,3,4,4,4,4,4,4,4,3,3.23,28,28,TRUE
Male,Loyal Customer,7,Personal Travel,Eco Plus,813,2,3,2,3,5,2,5,5,4,4,3,4,5,3.62,0,0,FALSE
Female,Loyal Customer,35,Business Travel,Eco,599,4,2,2,2,4,5,4,4,3,5,1,5,4,3.46,1,0,TRUE
Female,Loyal Customer,41,Business Travel,Business,3555,2,2,2,2,5,5,4,2,2,2,2,5,4,3,0,0,TRUE
Male,Loyal Customer,69,Personal Travel,Eco,919,4,5,4,3,4,4,4,4,5,3,5,5,4,4.15,5,0,FALSE
Male,Disloyal Customer,38,Business Travel,Business,236,3,3,3,4,2,3,2,2,3,2,3,2,2,2.62,73,66,FALSE
Male,Loyal Customer,26,Personal Travel,Eco,907,1,5,2,4,4,2,4,4,4,4,4,5,4,3.62,1,0,FALSE
Female,Loyal Customer,23,Personal Travel,Eco,489,1,2,1,2,1,1,1,1,3,2,2,1,1,1.46,1,8,FALSE
Male,Disloyal Customer,60,Business Travel,Eco,801,4,4,4,4,4,4,4,4,2,4,4,3,4,3.77,0,0,FALSE
Female,Disloyal Customer,27,Business Travel,Eco,844,2,2,2,2,3,2,4,3,3,3,1,2,3,2.46,1,3,FALSE
Male,Loyal Customer,23,Personal Travel,Eco Plus,1222,3,4,4,4,1,4,1,1,3,3,5,3,1,2.85,0,0,FALSE
Male,Loyal Customer,30,Business Travel,Eco,612,1,4,4,4,1,1,1,1,3,5,3,2,1,2.38,39,44,FALSE
Female,Disloyal Customer,27,Business Travel,Business,853,4,4,4,4,1,4,3,1,3,3,5,5,1,3.23,1,3,TRUE
Male,Loyal Customer,39,Business Travel,Business,3917,0,0,0,3,1,5,4,3,3,3,3,2,1,2.15,0,0,TRUE
Male,Loyal Customer,52,Business Travel,Business,3164,1,1,1,1,3,5,5,5,5,5,5,4,4,3.46,66,52,TRUE
Female,Loyal Customer,17,Business Travel,Business,3357,3,4,2,4,3,3,3,3,1,5,3,2,3,3,14,9,FALSE
Female,Loyal Customer,51,Business Travel,Business,2409,5,5,5,5,5,4,4,4,4,4,4,3,3,4.23,33,26,TRUE
Female,Loyal Customer,65,Personal Travel,Eco Plus,507,3,4,4,3,5,4,5,1,1,4,1,5,5,3.46,44,34,FALSE
Male,Disloyal Customer,37,Business Travel,Eco,139,2,2,3,3,3,3,3,3,1,1,4,1,3,2.46,0,15,FALSE
Male,Loyal Customer,18,Personal Travel,Eco,1020,1,2,1,4,5,1,5,5,5,4,5,4,5,3.62,0,0,FALSE
Male,Loyal Customer,58,Business Travel,Business,3107,2,2,2,2,5,4,4,3,3,3,3,5,3,3.15,0,0,TRUE
Male,Loyal Customer,58,Business Travel,Business,1589,3,3,2,3,4,4,4,5,5,5,5,4,4,3.92,0,0,TRUE
Male,Loyal Customer,39,Personal Travel,Business,972,1,5,1,3,4,5,5,3,3,1,3,4,5,3.31,0,0,FALSE
Male,Loyal Customer,41,Business Travel,Business,2473,4,4,4,4,2,4,5,3,3,3,3,3,4,3.54,0,0,TRUE
Female,Loyal Customer,43,Business Travel,Business,1888,1,1,1,1,2,5,4,4,4,4,4,4,5,3.08,0,0,TRUE
Female,Loyal Customer,26,Personal Travel,Eco,460,3,5,3,1,2,3,2,2,2,4,3,5,2,2.85,0,0,FALSE
Male,Disloyal Customer,37,Business Travel,Eco,238,3,3,3,3,3,1,4,4,5,4,3,4,4,3.38,163,198,FALSE
Male,Disloyal Customer,23,Business Travel,Eco Plus,634,5,4,5,1,4,5,4,4,4,4,5,4,4,4.08,0,0,TRUE
Male,Loyal Customer,37,Business Travel,Eco,550,4,2,2,2,4,4,4,4,2,1,3,3,4,3,0,0,FALSE
Female,Loyal Customer,25,Business Travel,Business,1431,1,1,1,1,5,4,5,5,5,4,5,4,5,3.54,8,2,TRUE
Female,Loyal Customer,44,Business Travel,Eco,436,1,1,1,1,4,4,3,1,1,1,1,4,4,2.08,0,0,FALSE
Female,Loyal Customer,43,Business Travel,Business,1508,2,2,2,2,4,4,5,4,4,4,5,4,5,3.62,0,0,TRUE
Female,Loyal Customer,36,Business Travel,Business,1481,5,5,3,5,5,4,5,5,5,5,5,5,5,4.77,36,31,TRUE
Male,Disloyal Customer,37,Business Travel,Eco,1214,1,1,1,2,1,1,3,1,3,1,5,4,1,1.92,0,22,FALSE
Female,Disloyal Customer,52,Business Travel,Business,546,2,2,2,4,2,2,2,2,3,2,4,5,2,2.62,0,0,FALSE
Male,Loyal Customer,47,Business Travel,Eco Plus,374,4,4,4,4,4,4,4,4,3,5,5,5,4,4.15,27,19,TRUE
Male,Disloyal Customer,25,Business Travel,Business,255,1,0,1,3,3,1,3,3,5,2,4,5,3,2.62,0,0,FALSE
Female,Loyal Customer,32,Personal Travel,Eco Plus,547,2,1,2,3,5,2,5,5,3,4,4,2,5,3.31,0,0,FALSE
Female,Loyal Customer,28,Business Travel,Business,1595,2,3,2,2,4,4,4,4,3,3,2,4,4,3.15,19,5,TRUE
Female,Loyal Customer,43,Business Travel,Business,204,1,1,1,1,2,4,4,3,3,4,5,4,4,2.85,0,0,TRUE
Male,Loyal Customer,59,Business Travel,Business,1635,4,4,4,4,4,5,5,5,5,4,5,3,3,4.23,95,122,TRUE
Female,Loyal Customer,36,Business Travel,Business,2002,3,3,3,3,4,4,5,5,5,5,5,4,4,4.08,0,0,TRUE
Female,Loyal Customer,24,Personal Travel,Eco Plus,196,4,2,4,4,1,4,1,1,1,5,4,1,1,2.54,46,44,FALSE
Female,Loyal Customer,27,Personal Travel,Eco,566,3,4,3,4,2,3,2,2,3,5,5,3,2,3.15,0,0,FALSE
Male,Disloyal Customer,20,Business Travel,Eco,647,1,4,1,4,3,1,3,3,2,1,4,2,3,2.46,9,0,FALSE
Male,Loyal Customer,46,Business Travel,Eco,143,3,3,3,3,3,3,3,3,1,1,3,1,3,2.54,0,0,TRUE
Female,Loyal Customer,37,Business Travel,Business,3409,3,2,3,3,3,5,5,4,4,4,4,5,4,3.77,3,0,TRUE
Female,Loyal Customer,39,Business Travel,Business,577,4,4,4,4,2,5,4,5,5,5,5,5,4,4.31,0,0,TRUE
Female,Loyal Customer,55,Business Travel,Business,3997,2,3,3,3,3,3,3,2,2,2,2,3,2,2.54,0,0,FALSE
Male,Loyal Customer,69,Business Travel,Business,1560,2,5,1,5,5,3,4,2,2,2,2,1,4,2.92,15,14,FALSE
Male,Loyal Customer,56,Business Travel,Business,2117,5,5,5,5,4,4,5,2,2,2,2,5,4,3.85,45,23,TRUE
Male,Loyal Customer,37,Personal Travel,Eco,641,1,4,1,4,4,1,2,4,4,2,5,4,4,3.08,0,0,FALSE
Male,Loyal Customer,50,Business Travel,Eco,109,4,1,1,1,4,4,4,4,2,4,1,5,4,3,0,0,TRUE
Male,Loyal Customer,49,Business Travel,Business,2449,4,4,4,4,2,4,4,4,4,4,4,4,4,3.85,0,0,TRUE
Male,Loyal Customer,40,Business Travel,Eco,1076,5,3,3,3,5,5,5,5,5,3,2,5,5,4.15,0,0,TRUE
Male,Disloyal Customer,17,Business Travel,Eco,693,1,1,1,3,3,1,3,3,2,4,1,2,3,2.15,0,0,FALSE
Male,Loyal Customer,36,Business Travel,Eco,383,2,4,4,4,2,2,2,2,5,2,3,4,2,2.92,2,,TRUE
Female,Loyal Customer,44,Business Travel,Business,2240,4,5,4,4,4,5,4,5,5,5,5,5,3,4.46,0,2,TRUE
Female,Loyal Customer,48,Business Travel,Business,2847,1,1,1,1,2,4,4,4,4,4,4,4,3,2.85,0,4,TRUE
Female,Loyal Customer,27,Business Travel,Business,1878,1,5,5,5,1,1,1,1,2,2,4,4,1,2.54,0,8,FALSE
Male,Loyal Customer,62,Personal Travel,Eco,707,3,2,3,3,3,3,3,2,1,2,3,3,3,2.62,224,205,FALSE
Male,Loyal Customer,57,Personal Travel,Eco,2370,1,5,1,1,1,1,1,1,4,2,5,5,1,2.23,93,80,FALSE
Female,Loyal Customer,39,Business Travel,Business,3321,3,3,3,3,3,4,5,4,4,4,4,3,3,3.54,0,0,TRUE
Female,Loyal Customer,14,Personal Travel,Eco,711,4,3,5,3,1,5,1,1,1,2,3,1,1,2.38,15,0,FALSE
Female,Loyal Customer,55,Business Travel,Business,2973,3,3,3,3,3,4,5,2,2,2,2,3,3,2.92,33,24,TRUE
Male,Loyal Customer,57,Business Travel,Business,1706,5,5,5,5,3,4,4,4,4,4,4,3,3,4.08,0,0,TRUE
Male,Loyal Customer,51,Business Travel,Eco,451,2,4,4,4,2,2,2,2,3,5,4,1,2,2.85,0,0,FALSE
Male,Loyal Customer,39,Personal Travel,Eco,836,3,4,3,3,4,3,4,4,3,4,5,3,4,3.62,0,0,FALSE
Male,Disloyal Customer,27,Business Travel,Eco,1431,2,2,2,3,2,2,2,2,2,2,3,1,2,2.08,18,11,FALSE
Female,Loyal Customer,12,Personal Travel,Eco,919,4,5,4,3,3,4,3,3,4,5,4,4,3,3.77,0,10,FALSE
Female,Loyal Customer,34,Personal Travel,Eco,1013,3,3,3,2,1,3,1,1,2,3,3,2,1,2.15,71,,FALSE
Male,Loyal Customer,24,Personal Travel,Eco Plus,302,3,4,3,1,2,3,2,2,3,2,4,5,2,2.77,0,0,FALSE
Female,Loyal Customer,32,Personal Travel,Eco,480,1,3,1,4,1,1,1,1,2,3,3,1,1,1.77,1,0,FALSE
Male,Loyal Customer,57,Business Travel,Business,368,3,3,3,3,4,4,4,4,4,4,4,4,3,3.62,0,0,TRUE
Female,Loyal Customer,43,Business Travel,Business,2176,2,2,2,2,3,4,4,4,4,4,4,5,5,3.46,7,6,TRUE
Female,Disloyal Customer,25,Business Travel,Eco,588,3,0,3,3,2,3,3,2,3,1,4,3,2,2.46,0,0,FALSE
Male,Loyal Customer,42,Business Travel,Business,784,3,3,3,3,1,4,3,4,4,4,4,1,2,3,0,0,TRUE
Male,Loyal Customer,37,Business Travel,Business,2547,3,3,3,3,2,5,4,5,5,5,4,4,3,3.77,0,0,TRUE
Female,Disloyal Customer,38,Business Travel,Eco,920,2,2,2,4,3,2,2,3,4,2,4,1,3,2.62,0,2,FALSE
Male,Loyal Customer,52,Business Travel,Eco,983,1,1,1,1,1,1,1,1,2,4,4,3,1,1.69,0,7,FALSE
Female,Loyal Customer,67,Personal Travel,Eco Plus,507,3,5,3,2,2,5,4,2,2,3,2,3,3,3,63,51,FALSE
Male,Disloyal Customer,20,Business Travel,Eco,429,5,4,5,2,1,5,1,1,2,1,3,5,1,2.77,0,0,TRUE
Male,Loyal Customer,19,Personal Travel,Eco,447,4,5,4,4,5,4,4,5,4,3,4,3,5,4.15,0,0,TRUE
Female,Loyal Customer,48,Business Travel,Business,3605,5,5,5,5,3,4,5,5,5,4,5,4,5,4.62,0,0,TRUE
Female,Disloyal Customer,25,Business Travel,Business,1023,1,4,1,2,1,1,1,1,5,2,5,4,1,2.23,0,0,FALSE
Male,Loyal Customer,43,Business Travel,Business,1840,5,5,5,5,2,4,4,5,5,5,5,3,5,4.46,0,0,TRUE
Male,Loyal Customer,62,Personal Travel,Eco,990,2,5,1,3,3,1,3,3,3,2,4,4,3,2.85,0,0,FALSE
Female,Loyal Customer,50,Business Travel,Business,3832,2,2,2,2,2,2,4,5,5,5,5,3,1,3.08,4,0,TRUE
Female,Loyal Customer,53,Business Travel,Business,1992,2,2,2,2,4,5,5,4,4,4,4,3,3,3.38,56,59,TRUE
Male,Loyal Customer,23,Business Travel,Eco,468,0,5,0,3,5,0,5,5,5,5,4,1,5,3.31,0,0,TRUE
Female,Loyal Customer,72,Business Travel,Eco Plus,588,2,1,1,1,1,3,4,2,2,2,2,2,2,1.92,49,47,FALSE
Male,Loyal Customer,11,Personal Travel,Business,2139,3,4,3,1,3,3,3,3,3,4,4,3,3,3.08,0,0,FALSE
Male,Loyal Customer,19,Personal Travel,Eco Plus,500,3,4,5,3,3,5,3,3,4,3,5,4,3,3.69,0,0,FALSE
Male,Loyal Customer,26,Business Travel,Business,3194,3,4,4,4,3,3,3,3,1,2,3,1,3,2.85,0,0,FALSE
Male,Disloyal Customer,24,Business Travel,Eco,508,3,0,3,5,5,3,4,5,4,5,1,3,5,3.54,0,0,FALSE
Male,Disloyal Customer,30,Business Travel,Business,1590,4,4,4,5,2,4,3,2,5,4,4,3,2,3.54,0,0,TRUE
Male,Loyal Customer,45,Business Travel,Eco Plus,612,5,3,2,3,5,5,5,5,3,1,5,2,5,3.77,0,0,TRUE
Female,Loyal Customer,13,Personal Travel,Business,1670,4,5,4,4,2,4,2,2,5,3,4,5,2,3.54,33,25,FALSE
Female,Loyal Customer,50,Business Travel,Business,2092,3,3,3,3,5,5,4,4,4,5,4,5,3,3.92,0,0,TRUE
Female,Loyal Customer,29,Personal Travel,Eco,529,3,3,3,3,5,3,5,5,4,2,3,1,5,3.46,0,0,FALSE
Male,Loyal Customer,51,Personal Travel,Eco,331,3,4,3,4,2,3,2,2,3,4,5,5,2,3.23,0,0,FALSE
Male,Loyal Customer,58,Business Travel,Business,280,0,0,0,1,2,4,4,2,2,4,4,5,4,2.46,13,23,TRUE
Female,Loyal Customer,50,Personal Travel,Eco,371,1,4,1,3,1,3,3,3,2,4,4,3,3,2.69,218,217,FALSE
Female,Loyal Customer,46,Business Travel,Business,3399,3,3,3,3,5,4,4,4,4,5,4,5,4,3.92,0,0,TRUE
Female,Loyal Customer,31,Business Travel,Eco,562,3,5,2,5,3,3,3,3,1,1,3,4,3,3,26,18,FALSE
Female,Loyal Customer,42,Business Travel,Business,793,1,1,1,1,2,5,5,4,4,4,4,3,4,3,6,0,TRUE
Female,Loyal Customer,15,Personal Travel,Eco,1449,4,4,3,2,3,3,3,3,2,5,3,3,3,3.15,137,112,FALSE
Male,Loyal Customer,63,Business Travel,Eco,241,1,5,5,5,1,1,1,1,1,2,4,3,1,2.38,0,0,FALSE
Male,Disloyal Customer,26,Business Travel,Eco,448,4,0,4,3,3,4,1,3,4,2,2,3,3,2.77,0,0,TRUE
Male,Loyal Customer,40,Business Travel,Eco,508,2,5,5,5,2,2,2,2,1,5,3,2,2,2.92,18,11,FALSE
Male,Loyal Customer,25,Business Travel,Eco Plus,806,2,2,2,2,2,1,2,4,5,3,3,2,2,2.46,135,145,FALSE
Female,Loyal Customer,58,Personal Travel,Eco,1592,1,4,1,5,3,5,5,2,2,1,2,3,4,2.92,66,74,FALSE
Male,Loyal Customer,29,Business Travel,Eco,1337,2,1,1,1,2,2,2,2,2,5,3,3,2,2.15,0,0,FALSE
Male,Loyal Customer,52,Business Travel,Business,2708,2,2,2,2,1,3,1,4,4,3,4,3,2,2.54,4,14,TRUE
Female,Loyal Customer,35,Business Travel,Eco,289,3,2,4,2,3,3,3,3,1,5,3,2,3,2.85,23,23,FALSE
Female,Loyal Customer,42,Business Travel,Eco,308,4,4,4,4,5,4,4,4,4,4,4,4,4,4.08,0,0,FALSE
Male,Loyal Customer,33,Personal Travel,Eco,109,2,3,2,4,1,2,1,1,1,5,4,1,1,2.15,0,0,FALSE
Female,Loyal Customer,59,Business Travel,Eco,691,3,2,2,2,2,3,3,3,3,3,3,3,4,2.77,0,0,FALSE
Male,Disloyal Customer,23,Business Travel,Eco,264,3,4,3,3,1,3,1,1,1,5,4,4,1,2.62,20,55,FALSE
Female,Loyal Customer,52,Business Travel,Eco,416,4,2,2,2,3,2,3,4,4,4,4,3,4,3.15,0,13,FALSE
Male,Loyal Customer,12,Personal Travel,Eco,692,1,4,1,4,5,1,5,5,2,5,4,4,5,3.54,0,0,FALSE
Male,Loyal Customer,49,Business Travel,Business,250,0,0,0,3,3,4,4,4,4,4,4,3,4,2.85,45,39,TRUE
Female,Loyal Customer,15,Business Travel,Business,2871,2,2,2,2,5,5,5,5,5,3,5,3,5,3.77,0,0,TRUE
Female,Loyal Customer,41,Business Travel,Eco,979,4,2,2,2,4,4,4,4,3,2,1,2,4,2.92,25,4,TRUE
Female,Loyal Customer,61,Business Travel,Business,1686,3,3,3,3,4,1,5,5,5,5,5,2,3,3.62,0,0,TRUE
Female,Loyal Customer,34,Business Travel,Business,3657,1,1,5,1,5,2,1,5,5,5,5,1,2,3,110,111,TRUE
Female,Disloyal Customer,24,Business Travel,Eco,150,2,0,2,3,3,2,2,3,3,5,1,3,3,2.46,0,0,FALSE
Male,Loyal Customer,7,Personal Travel,Eco,1069,4,4,4,3,3,4,5,3,5,5,5,3,3,3.92,9,52,FALSE
Male,Loyal Customer,60,Personal Travel,Eco,1572,4,4,4,1,2,4,2,2,4,5,4,4,2,3.23,0,0,FALSE
Male,Loyal Customer,66,Business Travel,Eco,1121,2,2,2,2,2,2,2,2,1,5,4,4,2,2.46,41,38,FALSE
Female,Loyal Customer,41,Business Travel,Business,594,4,4,4,4,5,5,5,4,5,5,5,5,5,4.62,166,165,TRUE
Male,Loyal Customer,69,Personal Travel,Eco,468,3,2,3,3,3,3,3,3,4,1,4,2,3,2.85,0,0,FALSE
Female,Loyal Customer,18,Business Travel,Business,3869,3,5,5,5,3,3,3,3,1,3,3,2,3,3.23,28,9,FALSE
Male,Loyal Customer,41,Business Travel,Eco,549,1,5,5,5,1,1,1,1,2,4,2,4,1,2.54,0,13,FALSE
Male,Loyal Customer,50,Business Travel,Business,794,1,1,1,1,2,4,5,5,5,5,5,3,5,3.31,0,0,TRUE
Male,Loyal Customer,21,Personal Travel,Business,399,2,5,2,5,4,2,4,4,5,2,4,3,4,3.54,0,0,FALSE
Female,Disloyal Customer,29,Business Travel,Business,210,3,2,2,4,5,2,5,5,5,3,5,4,5,3.85,21,25,FALSE
Male,Loyal Customer,54,Business Travel,Business,2086,0,0,0,3,3,5,4,2,2,2,2,4,3,2.31,0,0,TRUE
Female,Loyal Customer,61,Personal Travel,Eco,395,2,4,2,1,1,5,2,1,1,2,1,2,3,2.08,80,96,FALSE
Male,Loyal Customer,44,Business Travel,Business,1998,1,1,1,1,5,5,5,5,5,5,5,4,5,3.69,0,0,TRUE
Female,Loyal Customer,45,Business Travel,Eco Plus,1237,3,4,4,4,5,5,4,4,4,3,4,1,3,3.69,49,43,TRUE
Female,Loyal Customer,39,Business Travel,Eco Plus,316,2,1,1,1,2,2,2,2,2,2,3,1,2,1.77,0,0,FALSE
Female,Loyal Customer,53,Business Travel,Business,1379,3,2,3,3,5,5,5,4,4,4,4,5,3,3.85,0,8,TRUE
Female,Loyal Customer,62,Personal Travel,Eco,545,2,5,2,5,2,5,5,1,1,2,1,1,4,2.77,0,0,FALSE
Female,Loyal Customer,60,Business Travel,Eco Plus,409,4,2,2,2,4,5,5,4,4,4,4,1,5,3.54,0,0,TRUE
Male,Loyal Customer,29,Personal Travel,Eco Plus,106,2,4,2,2,4,2,4,4,4,5,5,5,4,3.62,0,0,FALSE
Male,Loyal Customer,40,Personal Travel,Eco,429,3,4,3,3,3,3,3,3,3,3,1,1,3,2.77,29,22,FALSE
Female,Loyal Customer,36,Business Travel,Business,2689,5,5,5,5,4,1,5,4,4,4,4,3,3,4,0,0,TRUE
Male,Loyal Customer,63,Business Travel,Business,3954,1,1,1,1,3,4,5,5,5,5,5,3,4,3.31,0,0,TRUE
Male,Loyal Customer,52,Business Travel,Business,2535,1,1,1,1,2,5,5,4,4,4,4,3,3,2.92,0,4,TRUE
Male,Loyal Customer,58,Business Travel,Eco,515,1,1,1,1,1,1,1,1,1,1,3,1,1,1.15,0,0,FALSE
Female,Loyal Customer,51,Business Travel,Business,109,3,3,3,3,2,3,4,4,4,4,5,4,4,3.54,0,0,TRUE
Female,Disloyal Customer,31,Business Travel,Eco,1136,1,1,1,3,3,1,3,3,2,5,3,1,3,2.31,35,32,FALSE
Female,Loyal Customer,14,Personal Travel,Eco,650,1,4,1,4,2,1,2,2,3,3,3,4,2,2.46,0,0,FALSE
Male,Disloyal Customer,23,Business Travel,Eco,990,3,3,3,3,2,3,1,2,2,2,4,1,2,2.38,32,28,FALSE
Female,Disloyal Customer,26,Business Travel,Eco,550,2,0,2,2,4,2,4,4,2,5,3,3,4,2.85,0,0,FALSE
Female,Loyal Customer,41,Business Travel,Eco,129,4,4,5,5,4,4,4,4,4,5,3,5,4,4.23,0,5,TRUE
Female,Loyal Customer,8,Personal Travel,Eco,2174,4,5,4,4,2,4,2,2,4,4,5,5,2,3.62,0,0,FALSE
Female,Loyal Customer,43,Business Travel,Business,912,2,2,2,2,4,4,5,5,5,5,5,4,4,3.77,0,4,TRUE
Male,Loyal Customer,68,Business Travel,Business,1976,4,1,4,4,5,1,3,4,4,4,4,5,1,3.38,0,0,TRUE
Female,Disloyal Customer,18,Business Travel,Eco,986,3,3,3,4,4,3,4,4,4,5,3,2,4,3.54,0,0,FALSE
Female,Loyal Customer,39,Business Travel,Business,1671,1,1,1,1,3,5,4,4,4,4,4,5,3,3.08,63,112,TRUE
Female,Disloyal Customer,48,Business Travel,Business,1224,1,1,1,2,2,1,2,2,3,2,5,4,2,2.15,0,0,FALSE
Female,Loyal Customer,52,Business Travel,Business,3058,1,1,1,1,5,5,4,4,4,4,4,3,4,3.15,3,0,TRUE
Male,Disloyal Customer,29,Business Travel,Business,130,0,0,0,1,1,0,1,1,3,2,5,4,1,1.46,0,0,TRUE
Female,Loyal Customer,37,Business Travel,Eco,461,1,3,3,3,1,1,1,1,2,3,4,1,1,1.92,0,0,FALSE
Female,Loyal Customer,31,Business Travel,Business,451,5,5,5,5,3,3,3,3,3,2,4,3,3,3.62,0,0,TRUE
Female,Loyal Customer,60,Business Travel,Business,3840,5,5,5,5,4,5,5,5,5,5,5,3,3,4.62,6,30,TRUE
Male,Loyal Customer,46,Business Travel,Business,2295,5,5,5,5,5,5,5,3,3,4,4,5,5,4.54,29,24,TRUE
Female,Loyal Customer,37,Business Travel,Eco,109,4,1,1,1,4,4,4,4,4,3,5,5,4,3.38,0,0,TRUE
Male,Loyal Customer,9,Personal Travel,Eco,214,3,0,0,3,1,0,1,1,3,2,5,3,1,1.77,0,0,FALSE
Female,Loyal Customer,58,Personal Travel,Eco,775,1,3,1,3,3,3,1,5,5,1,5,5,3,3,56,43,FALSE
Female,Loyal Customer,34,Business Travel,Business,2826,3,5,4,4,2,3,4,1,1,1,3,4,1,2.77,21,19,FALSE
Male,Loyal Customer,40,Business Travel,Eco,421,4,4,4,4,4,4,4,4,4,1,3,4,4,3.69,0,6,TRUE
Female,Loyal Customer,43,Business Travel,Business,1671,3,3,3,3,2,4,4,5,5,5,5,3,5,3.85,9,0,TRUE
Female,Disloyal Customer,22,Business Travel,Eco,503,4,3,4,2,5,4,5,5,3,2,5,2,5,3.77,0,0,FALSE
Male,Loyal Customer,23,Business Travel,Business,2550,2,2,2,2,4,4,4,4,4,3,4,4,4,3.31,0,0,TRUE
Female,Loyal Customer,55,Business Travel,Business,2064,3,3,3,3,5,4,4,3,3,3,3,4,3,3.38,32,18,TRUE
Female,Loyal Customer,53,Business Travel,Business,957,1,1,5,1,3,5,5,4,4,4,4,3,3,3.31,0,0,TRUE
Female,Loyal Customer,57,Business Travel,Business,2438,4,2,2,2,3,4,4,4,4,4,4,3,4,3.38,93,118,FALSE
Male,Loyal Customer,40,Business Travel,Business,649,5,5,5,5,4,5,5,3,3,3,3,4,3,4.08,0,0,TRUE
Female,Loyal Customer,40,Business Travel,Business,1661,5,5,5,5,4,5,5,4,4,5,4,3,4,4.46,9,3,TRUE
Male,Loyal Customer,25,Business Travel,Business,2551,2,5,5,5,2,2,2,2,1,5,3,4,2,3.08,12,6,FALSE
Female,Disloyal Customer,22,Business Travel,Eco,248,3,5,2,1,3,2,3,3,5,2,5,5,3,3.23,14,1,FALSE
Female,Loyal Customer,31,Business Travel,Business,1050,3,3,3,3,4,4,4,4,4,4,1,4,4,3.46,0,0,TRUE
Male,Disloyal Customer,36,Business Travel,Business,761,2,1,1,4,4,1,4,4,4,4,5,5,4,3.31,0,1,FALSE
Female,Loyal Customer,49,Personal Travel,Eco Plus,502,4,2,4,4,3,3,3,4,4,4,4,3,4,3.54,0,15,FALSE
Female,Loyal Customer,33,Business Travel,Business,1127,1,1,1,1,5,4,4,5,5,4,5,3,3,3.23,0,0,TRUE
Female,Disloyal Customer,25,Business Travel,Business,799,4,0,4,3,2,4,4,2,3,3,5,3,2,3,3,2,TRUE
Female,Loyal Customer,57,Personal Travel,Eco Plus,431,3,4,3,2,2,2,5,2,2,3,2,2,1,2.54,3,0,FALSE
Female,Loyal Customer,28,Personal Travel,Eco,181,3,4,3,2,3,3,3,3,4,5,4,4,3,3.38,0,0,FALSE
Male,Loyal Customer,36,Business Travel,Eco,501,3,4,4,4,3,3,3,3,1,5,4,4,3,3.38,0,0,FALSE
Female,Loyal Customer,60,Personal Travel,Eco,296,3,5,3,4,3,4,4,3,3,3,3,4,3,3.46,5,34,FALSE
Male,Loyal Customer,43,Personal Travel,Eco,1235,1,4,1,4,1,3,3,3,2,4,4,3,3,2.77,186,172,FALSE
Male,Loyal Customer,47,Business Travel,Business,1631,2,2,2,2,3,4,5,5,5,5,5,3,3,3.54,0,0,TRUE
Female,Loyal Customer,67,Business Travel,Business,1979,1,2,2,2,4,4,4,1,1,1,1,1,3,2.08,21,0,FALSE
Female,Disloyal Customer,25,Business Travel,Business,334,4,3,4,4,5,4,5,5,5,3,5,4,5,4.31,7,0,TRUE
Male,Loyal Customer,42,Business Travel,Business,3576,2,2,2,2,3,5,4,4,4,4,4,3,3,3.23,0,0,TRUE
Female,Loyal Customer,26,Personal Travel,Eco,646,1,3,1,2,5,1,5,5,1,4,1,3,5,2.85,1,0,FALSE
Male,Loyal Customer,55,Business Travel,Business,109,0,4,0,4,5,1,3,3,3,3,3,2,1,2.46,0,0,TRUE
Female,Disloyal Customer,29,Business Travel,Eco,587,3,2,3,3,1,3,1,1,3,4,2,2,1,2.23,0,0,FALSE
Male,Loyal Customer,52,Personal Travel,Eco,993,1,4,2,4,5,2,4,5,4,2,4,3,5,3.46,62,83,FALSE
Female,Loyal Customer,46,Business Travel,Business,2699,3,3,3,3,2,5,5,5,5,5,5,4,3,3.92,0,12,TRUE
Female,Loyal Customer,50,Business Travel,Eco,1065,4,5,5,5,4,4,4,3,5,3,4,4,4,4.15,214,194,FALSE
Male,Loyal Customer,39,Business Travel,Business,1028,2,5,1,1,5,2,3,2,2,2,2,4,4,2.69,2,6,FALSE
Female,Loyal Customer,58,Business Travel,Business,2610,3,3,3,3,5,4,5,5,5,5,5,4,3,4.08,38,35,TRUE
Female,Loyal Customer,38,Business Travel,Business,1983,1,5,5,5,1,4,3,1,1,1,1,4,3,2.69,5,13,FALSE
Male,Loyal Customer,14,Personal Travel,Eco,354,2,5,5,1,1,5,4,1,3,4,4,4,1,3.08,0,13,FALSE
Female,Loyal Customer,33,Personal Travel,Eco,867,1,4,1,4,1,1,1,1,1,3,3,2,1,1.85,0,0,FALSE
Male,Loyal Customer,61,Personal Travel,Eco,205,4,1,4,2,3,4,3,3,2,1,2,3,3,2.69,3,11,FALSE
Male,Loyal Customer,52,Business Travel,Business,2446,1,1,1,1,2,3,4,3,3,2,3,4,5,2.54,0,0,TRUE
Male,Loyal Customer,38,Business Travel,Business,261,3,3,3,3,1,4,3,3,3,3,3,1,1,2.62,0,0,FALSE
Male,Loyal Customer,32,Personal Travel,Eco Plus,1192,2,4,2,3,4,2,4,4,3,5,4,3,4,3.38,0,2,FALSE
Female,Loyal Customer,30,Business Travel,Eco,227,0,0,0,4,2,0,3,2,3,2,2,1,2,1.62,0,0,TRUE
Female,Loyal Customer,50,Business Travel,Eco Plus,2237,2,5,5,5,2,2,2,2,5,4,4,2,2,3.23,0,7,FALSE
Female,Loyal Customer,49,Personal Travel,Eco,2288,2,4,3,4,3,4,4,1,1,4,4,4,4,3.23,0,52,FALSE
Male,Loyal Customer,21,Personal Travel,Business,854,3,5,3,5,4,3,4,4,4,4,5,4,4,4,3,0,FALSE
Female,Loyal Customer,32,Personal Travel,Eco Plus,695,3,5,3,1,3,3,3,3,5,3,4,4,3,3.31,0,6,FALSE
Male,Disloyal Customer,41,Business Travel,Business,390,1,2,2,1,1,2,1,1,3,4,4,4,1,2.08,0,0,FALSE
Female,Loyal Customer,66,Business Travel,Business,2856,1,3,4,4,2,4,4,1,1,1,1,2,2,2.31,0,0,FALSE
Male,Loyal Customer,41,Business Travel,Business,683,2,2,2,2,5,5,5,4,4,4,4,3,5,3.62,15,0,TRUE
Male,Loyal Customer,16,Business Travel,Eco Plus,2075,4,3,3,3,4,3,4,4,2,4,4,4,4,3.54,264,256,FALSE
Female,Loyal Customer,43,Business Travel,Business,2615,2,2,3,2,4,4,4,5,3,3,4,4,4,3.38,0,0,TRUE
Female,Loyal Customer,62,Personal Travel,Eco Plus,1674,1,4,1,3,1,3,5,1,1,1,1,1,1,1.85,0,0,FALSE
Male,Loyal Customer,42,Personal Travel,Eco,304,1,4,1,1,3,1,3,3,3,5,4,4,3,2.77,0,0,FALSE
Male,Disloyal Customer,28,Business Travel,Eco,942,2,1,1,3,5,1,5,5,2,2,4,4,5,3.08,35,28,FALSE
Male,Loyal Customer,43,Business Travel,Eco,115,4,5,2,5,4,4,4,4,2,3,3,4,4,3.69,0,0,TRUE
Female,Disloyal Customer,26,Business Travel,Eco,957,2,2,2,4,2,2,2,2,4,5,3,3,2,2.69,4,34,FALSE
Male,Loyal Customer,43,Business Travel,Business,332,1,1,1,1,4,4,4,4,4,4,4,4,4,3.08,0,0,TRUE
Female,Loyal Customer,51,Personal Travel,Eco Plus,338,1,4,1,5,4,3,2,1,1,1,4,3,1,2.38,5,0,FALSE
Male,Loyal Customer,30,Business Travel,Business,429,2,1,1,1,2,2,2,2,2,1,3,4,2,1.92,24,20,FALSE
Male,Loyal Customer,35,Business Travel,Business,3136,1,1,1,1,5,5,4,5,5,5,5,3,4,3.46,0,0,TRUE
Male,Loyal Customer,26,Business Travel,Business,1666,4,4,4,4,4,4,4,4,4,5,4,5,4,4.15,0,0,TRUE
Female,Loyal Customer,52,Personal Travel,Eco,719,1,4,1,3,2,5,4,2,2,1,2,5,5,2.85,0,0,FALSE
Male,Loyal Customer,23,Business Travel,Business,413,3,5,4,4,3,3,3,3,3,5,4,1,3,3.38,7,23,FALSE
Male,Disloyal Customer,23,Business Travel,Eco,472,5,3,5,1,1,5,1,1,1,4,4,1,1,2.54,0,0,TRUE
Female,Loyal Customer,49,Business Travel,Business,2219,2,2,2,2,2,5,5,5,5,5,5,5,5,3.85,0,0,TRUE
Female,Disloyal Customer,27,Business Travel,Business,517,2,2,2,3,3,2,3,3,3,3,5,3,3,2.85,0,0,FALSE
Female,Disloyal Customer,26,Business Travel,Eco,871,4,5,5,2,1,5,1,1,5,3,3,5,1,3.15,0,0,FALSE
Male,Disloyal Customer,66,Business Travel,Business,416,1,1,1,3,1,4,1,2,3,3,4,1,1,2,149,138,FALSE
Male,Loyal Customer,64,Personal Travel,Eco,289,3,3,3,4,1,3,1,1,1,2,3,1,1,2.08,0,10,FALSE
Male,Loyal Customer,63,Business Travel,Eco,577,3,3,2,2,3,3,3,3,3,2,4,1,3,2.69,7,0,TRUE
Female,Disloyal Customer,26,Business Travel,Business,1090,5,5,5,2,5,5,5,5,4,4,5,4,5,4.54,8,3,TRUE
Male,Loyal Customer,42,Business Travel,Business,1416,3,3,3,3,5,5,5,5,5,5,5,4,5,4.31,0,0,TRUE
Male,Loyal Customer,40,Business Travel,Business,2366,2,3,3,3,1,3,3,2,2,2,2,2,4,2.46,17,6,FALSE
Male,Disloyal Customer,38,Business Travel,Eco,430,1,2,1,4,1,1,1,1,3,5,4,4,1,2.23,0,0,FALSE
Male,Loyal Customer,65,Personal Travel,Business,888,3,4,3,1,4,4,5,1,1,3,1,4,5,3,0,0,FALSE
Male,Loyal Customer,68,Business Travel,Eco Plus,279,5,2,2,2,4,5,4,4,5,4,3,5,4,3.77,24,28,TRUE
Female,Disloyal Customer,36,Business Travel,Eco,298,4,2,4,4,3,4,3,3,4,3,3,1,3,3.15,0,0,FALSE
Female,Loyal Customer,29,Business Travel,Business,2663,1,0,0,4,0,3,3,1,2,3,3,3,3,2,162,162,FALSE
Female,Disloyal Customer,29,Business Travel,Eco,649,2,4,2,1,5,2,5,5,3,4,4,3,5,3.46,0,0,FALSE
Female,Loyal Customer,34,Personal Travel,Eco,304,3,5,3,2,1,3,1,1,5,3,4,4,1,2.77,0,0,FALSE
Female,Loyal Customer,63,Personal Travel,Eco,811,1,2,1,3,1,4,3,5,5,1,5,2,1,2.62,12,1,FALSE
Female,Loyal Customer,17,Business Travel,Eco Plus,402,3,5,5,5,3,3,3,3,2,3,3,2,3,3.31,17,13,FALSE
Female,Loyal Customer,29,Personal Travel,Eco,2218,5,2,5,3,1,5,1,1,1,4,3,4,1,2.77,21,0,TRUE
Male,Loyal Customer,28,Business Travel,Business,515,1,1,1,1,3,4,3,3,5,4,4,3,3,2.77,0,5,TRUE
Female,Loyal Customer,24,Business Travel,Business,867,5,5,3,5,4,4,4,4,3,5,5,4,4,4.23,0,0,TRUE
Male,Loyal Customer,47,Business Travel,Eco,508,3,4,3,3,3,3,3,3,3,3,3,1,3,2.92,0,2,TRUE
Male,Loyal Customer,26,Personal Travel,Eco Plus,382,3,5,3,3,2,3,2,2,5,4,5,4,2,3.31,1,0,FALSE
Female,Loyal Customer,24,Business Travel,Eco,332,5,4,2,2,5,5,4,5,4,5,5,2,5,4.08,0,0,TRUE
Male,Loyal Customer,40,Business Travel,Business,678,2,2,2,2,3,4,4,4,4,4,4,3,5,3.31,0,11,TRUE
Male,Loyal Customer,43,Personal Travel,Eco,337,3,5,3,4,2,3,2,2,4,2,2,5,2,3,0,0,FALSE
Male,Loyal Customer,38,Business Travel,Business,3208,3,4,3,3,2,2,5,3,3,3,3,1,1,2.77,7,18,TRUE
Male,Loyal Customer,39,Personal Travel,Eco,985,4,4,4,3,3,4,3,3,4,3,5,3,3,3.54,0,18,TRUE
Male,Loyal Customer,57,Business Travel,Eco Plus,933,5,5,5,5,5,5,5,5,3,5,4,5,5,4.77,5,0,TRUE
Male,Loyal Customer,40,Personal Travel,Eco,588,2,5,2,5,4,2,4,4,5,2,5,3,4,3.62,27,15,FALSE
Male,Loyal Customer,26,Personal Travel,Eco,780,3,5,3,4,5,3,5,5,5,3,4,4,5,4.15,0,0,FALSE
Male,Loyal Customer,52,Business Travel,Business,272,0,0,0,2,2,4,5,3,3,3,3,3,4,2.46,12,0,TRUE
Male,Loyal Customer,52,Personal Travel,Eco,102,1,4,1,2,2,1,2,2,2,1,2,4,2,2,0,0,FALSE
Female,Loyal Customer,55,Business Travel,Business,3990,3,3,3,3,4,4,4,3,3,3,3,3,5,3.38,20,37,TRUE
Male,Loyal Customer,54,Personal Travel,Eco,140,2,5,2,2,1,2,1,1,4,3,2,2,1,2.15,0,1,FALSE
Female,Loyal Customer,54,Personal Travel,Eco,500,3,4,3,3,3,4,5,4,4,3,3,4,4,3.62,0,0,FALSE
Male,Loyal Customer,45,Personal Travel,Eco,1747,4,4,4,3,5,4,5,5,3,2,4,2,5,3.85,127,123,TRUE
Female,Loyal Customer,62,Business Travel,Eco,106,5,3,3,3,1,4,3,5,5,5,5,3,2,3.62,0,0,TRUE
Female,Loyal Customer,44,Business Travel,Business,3618,2,2,2,2,2,5,5,4,4,4,4,5,3,3.38,0,7,TRUE
Female,Loyal Customer,65,Business Travel,Business,293,2,1,1,1,2,3,3,2,2,2,2,3,1,1.92,0,0,FALSE
Male,Loyal Customer,28,Business Travel,Eco,1158,3,1,1,1,3,3,3,3,2,3,4,1,3,2.38,0,28,FALSE
Male,Disloyal Customer,22,Business Travel,Eco,1024,5,5,5,3,4,5,4,4,4,3,3,3,4,4,4,0,TRUE
Female,Loyal Customer,10,Business Travel,Business,1597,1,1,1,1,4,4,4,4,5,4,5,5,4,3.31,0,0,TRUE
Male,Loyal Customer,53,Business Travel,Business,271,0,1,1,2,3,5,5,4,4,4,5,3,4,3.15,12,5,TRUE
Female,Loyal Customer,57,Business Travel,Eco,140,4,3,3,3,5,1,5,4,4,4,4,2,4,3.54,0,0,TRUE
Male,Loyal Customer,30,Personal Travel,Eco,612,3,1,3,2,5,3,5,5,3,1,2,1,5,3,0,9,FALSE
Male,Disloyal Customer,33,Business Travel,Business,325,3,3,3,5,5,3,5,5,5,4,4,3,5,4.08,0,0,FALSE
Female,Loyal Customer,53,Business Travel,Business,163,3,4,4,4,1,3,4,1,1,1,3,2,4,2.69,0,6,FALSE
Male,Loyal Customer,44,Business Travel,Business,3201,1,1,1,1,2,5,4,3,3,4,3,5,3,2.77,39,31,TRUE
Male,Loyal Customer,35,Business Travel,Business,2202,5,5,5,5,2,2,4,3,3,3,3,4,4,3.69,0,1,TRUE
Male,Loyal Customer,43,Personal Travel,Eco,690,1,4,2,5,4,2,4,4,4,2,5,4,4,3.46,46,32,FALSE
Male,Loyal Customer,54,Personal Travel,Eco,919,0,5,0,1,4,5,4,4,4,4,4,4,4,3.31,0,3,TRUE
Female,Loyal Customer,68,Personal Travel,Eco,280,4,5,4,4,5,5,5,4,4,4,5,3,4,4.31,0,0,FALSE
Female,Loyal Customer,30,Business Travel,Business,2612,1,5,5,5,1,1,1,1,2,5,4,2,1,2.62,0,6,FALSE
Male,Loyal Customer,31,Business Travel,Business,414,2,4,4,4,2,2,2,2,3,2,2,1,2,2.46,37,24,FALSE
Male,Loyal Customer,9,Personal Travel,Eco,166,2,4,0,5,2,0,4,2,4,2,4,4,2,2.69,0,0,FALSE
Male,Loyal Customer,8,Personal Travel,Eco,993,2,3,2,4,2,2,2,2,4,5,3,3,2,2.77,0,5,FALSE
Male,Loyal Customer,32,Personal Travel,Eco Plus,77,2,4,2,5,4,2,5,4,5,3,5,5,4,3.85,0,0,FALSE
Male,Loyal Customer,48,Business Travel,Eco,545,4,3,1,3,4,4,4,4,3,5,4,3,4,3.54,33,30,FALSE
Female,Loyal Customer,47,Business Travel,Eco,222,5,1,1,1,5,1,2,5,5,5,5,5,4,3.46,0,0,TRUE
Female,Loyal Customer,41,Personal Travel,Eco,101,4,4,4,3,5,4,5,5,2,2,5,4,5,4,0,2,FALSE
Male,Loyal Customer,40,Business Travel,Business,449,1,3,3,3,2,3,4,1,1,1,1,3,3,2.23,50,49,FALSE
Male,Disloyal Customer,37,Business Travel,Business,280,2,2,2,3,2,4,4,2,1,3,3,4,4,2.77,79,161,FALSE
Female,Loyal Customer,52,Business Travel,Eco Plus,433,4,5,5,5,5,4,5,4,4,4,4,3,2,4.15,0,10,TRUE
Female,Loyal Customer,12,Business Travel,Eco,612,3,3,3,3,3,3,3,3,3,3,3,1,3,2.85,0,0,FALSE
Male,Loyal Customer,60,Personal Travel,Eco,618,3,4,3,2,4,3,1,4,4,3,5,3,4,3.31,5,,FALSE
Female,Disloyal Customer,25,Business Travel,Eco Plus,1167,0,3,0,5,5,0,5,5,2,2,1,2,5,2.69,0,0,TRUE
Female,Disloyal Customer,20,Business Travel,Eco Plus,542,3,2,3,4,3,3,2,3,3,5,4,2,3,3.08,69,61,FALSE
Female,Disloyal Customer,23,Business Travel,Eco,983,2,2,2,4,3,2,3,3,3,3,4,5,3,3,0,0,FALSE
Male,Disloyal Customer,23,Business Travel,Eco,1325,3,3,3,3,3,3,3,3,4,5,4,4,3,3.38,6,31,FALSE
Male,Loyal Customer,16,Personal Travel,Eco,547,3,5,2,1,1,2,1,1,4,3,4,3,1,2.38,1,8,FALSE
Male,Loyal Customer,26,Business Travel,Eco,657,3,3,5,5,3,3,3,3,3,1,1,2,3,2.92,0,6,FALSE
Female,Loyal Customer,43,Business Travel,Business,409,4,4,4,4,4,5,5,2,2,3,2,3,3,3.46,1,32,TRUE
Male,Loyal Customer,28,Business Travel,Business,731,4,4,2,4,5,5,5,5,4,4,5,4,5,4.31,0,0,TRUE
Male,Loyal Customer,54,Business Travel,Business,2500,3,3,3,3,2,4,4,3,3,4,3,5,5,3.46,0,0,TRUE
Female,Loyal Customer,45,Personal Travel,Eco Plus,965,4,4,4,4,3,4,4,2,2,4,2,5,3,3.46,0,0,FALSE
Female,Loyal Customer,68,Business Travel,Business,2078,1,2,4,4,2,3,3,3,3,3,1,3,3,2.69,0,0,FALSE
Male,Loyal Customer,23,Personal Travel,Eco,1145,3,5,3,1,3,3,3,3,3,4,3,5,3,3.23,3,4,FALSE
Female,Disloyal Customer,43,Business Travel,Business,1522,5,5,5,3,3,5,3,3,5,4,5,5,3,4.15,0,0,TRUE
Male,Loyal Customer,59,Business Travel,Eco,1020,3,5,5,5,3,3,3,3,2,5,3,1,3,3.38,0,0,FALSE
Male,Loyal Customer,45,Business Travel,Eco,630,2,2,2,2,3,2,3,3,3,3,3,2,3,2.54,0,6,FALSE
Female,Loyal Customer,49,Business Travel,Business,2645,2,2,2,2,4,2,2,4,4,4,4,5,5,3.23,0,0,TRUE
Male,Loyal Customer,49,Business Travel,Business,335,2,5,5,5,3,3,4,2,2,2,2,2,3,3.08,54,51,FALSE
Male,Loyal Customer,61,Personal Travel,Eco,152,1,5,0,2,2,0,2,2,4,2,5,4,2,2.38,0,0,FALSE
Male,Loyal Customer,36,Personal Travel,Eco,1035,3,4,3,2,2,3,1,2,4,3,5,4,2,2.92,0,0,FALSE
Female,Loyal Customer,60,Business Travel,Business,1584,2,1,1,1,2,4,4,2,2,2,2,2,1,2,0,0,FALSE
Female,Loyal Customer,8,Personal Travel,Eco,240,3,5,3,1,2,3,2,2,3,3,5,4,2,2.92,0,0,FALSE
Female,Disloyal Customer,26,Business Travel,Eco,960,1,1,1,3,1,3,5,4,5,3,3,5,5,3.08,173,154,FALSE
Female,Loyal Customer,45,Personal Travel,Eco,2079,2,0,1,3,3,4,4,3,3,1,3,3,3,2.54,1,0,FALSE
Female,Disloyal Customer,35,Business Travel,Eco,889,2,2,2,4,2,2,2,2,2,3,4,1,2,2.31,53,65,FALSE
Male,Loyal Customer,39,Business Travel,Business,2795,4,5,5,5,2,3,4,1,1,1,4,4,4,3.31,0,20,FALSE
Female,Loyal Customer,60,Business Travel,Business,1587,3,1,1,1,4,1,2,3,3,3,3,2,1,2.15,0,13,FALSE
Female,Loyal Customer,24,Business Travel,Business,2253,4,4,4,4,4,4,4,4,3,4,3,3,4,3.77,0,0,FALSE
Male,Loyal Customer,14,Business Travel,Business,770,4,4,5,5,4,4,4,4,3,2,3,2,4,3.69,0,1,FALSE
Male,Loyal Customer,36,Business Travel,Business,342,0,0,0,5,4,4,1,3,3,3,3,1,4,2.38,0,0,TRUE
Female,Loyal Customer,16,Personal Travel,Eco,1464,1,5,1,1,2,1,5,2,3,2,3,4,2,2.46,6,0,FALSE
Female,Loyal Customer,64,Personal Travel,Eco,919,2,1,2,3,3,3,3,2,2,2,2,3,3,2.38,44,47,FALSE
Male,Loyal Customer,52,Business Travel,Eco,817,4,3,3,3,4,4,4,4,5,3,1,5,4,3.62,0,0,TRUE
Female,Loyal Customer,7,Personal Travel,Eco,181,3,2,3,3,5,3,5,5,1,1,3,2,5,3.15,5,3,FALSE
Female,Disloyal Customer,29,Business Travel,Eco,602,2,1,2,2,3,2,1,3,3,3,3,3,3,2.38,0,0,FALSE
Female,Disloyal Customer,25,Business Travel,Business,1199,3,4,3,3,3,3,3,3,4,4,4,4,3,3.38,0,0,FALSE
Female,Loyal Customer,36,Business Travel,Business,2078,4,1,4,4,4,4,4,5,5,5,5,5,4,4.15,3,1,TRUE
Male,Loyal Customer,67,Personal Travel,Eco,1956,4,4,4,3,5,4,5,5,5,5,4,4,5,4.38,13,28,FALSE
Female,Disloyal Customer,17,Business Travel,Eco,1849,3,3,3,5,2,3,2,2,1,3,4,4,2,2.85,0,0,FALSE
Female,Disloyal Customer,26,Business Travel,Business,502,4,4,4,4,3,4,3,3,5,5,5,4,3,3.92,0,0,TRUE
Male,Loyal Customer,60,Business Travel,Business,2342,1,1,1,1,4,4,4,4,4,4,4,4,5,3.15,1,0,TRUE
Female,Loyal Customer,42,Business Travel,Business,2773,2,2,2,2,4,4,4,5,5,5,5,5,5,3.85,0,0,TRUE
Female,Loyal Customer,36,Personal Travel,Eco,429,3,4,3,3,3,3,3,3,5,1,4,2,3,3.08,12,20,FALSE
Female,Loyal Customer,40,Personal Travel,Eco,1034,2,5,2,3,2,2,5,2,4,5,5,5,2,3.38,0,0,FALSE
Female,Disloyal Customer,49,Business Travel,Business,2454,2,2,2,2,2,1,1,4,5,3,4,1,1,2.31,0,0,FALSE
Female,Disloyal Customer,22,Business Travel,Eco,265,2,0,2,1,5,2,3,5,3,4,5,4,5,3.15,0,0,FALSE
Female,Disloyal Customer,29,Business Travel,Business,1262,2,2,2,2,4,2,3,4,5,3,4,5,4,3.23,0,0,FALSE
Female,Loyal Customer,22,Personal Travel,Eco,594,0,4,0,3,2,0,2,2,4,2,3,3,2,2.08,7,59,TRUE
Male,Loyal Customer,54,Business Travel,Eco,319,5,1,1,1,5,5,5,5,4,1,5,3,5,3.54,7,0,TRUE
Male,Loyal Customer,26,Business Travel,Business,247,0,0,0,1,3,3,3,3,4,4,4,3,3,2.38,0,0,TRUE
Male,Loyal Customer,57,Business Travel,Business,2198,0,0,0,5,3,4,5,3,3,3,3,3,4,2.77,0,0,TRUE
Male,Disloyal Customer,23,Business Travel,Eco,500,2,3,1,3,5,1,5,5,2,2,2,4,5,3.08,0,0,FALSE
Female,Loyal Customer,7,Personal Travel,Eco Plus,1744,1,4,1,3,3,1,3,3,5,4,5,4,3,3.08,0,0,FALSE
Female,Loyal Customer,46,Personal Travel,Eco,315,2,5,2,2,3,5,5,4,4,2,4,3,5,3.54,28,26,FALSE
Male,Loyal Customer,70,Personal Travel,Eco,949,2,2,2,3,2,2,2,2,1,1,4,1,2,2,0,0,FALSE
Male,Disloyal Customer,17,Business Travel,Eco,451,2,4,2,3,3,2,3,3,3,1,4,4,3,2.85,0,0,FALSE
Male,Loyal Customer,35,Business Travel,Business,2565,1,1,1,1,4,3,5,2,2,2,2,3,3,2.31,0,0,TRUE
Male,Loyal Customer,42,Business Travel,Business,1979,1,1,1,1,3,3,4,4,4,4,4,4,5,3,0,0,TRUE
Male,Loyal Customer,51,Business Travel,Business,2029,4,4,4,4,5,5,5,3,3,3,3,3,3,3.77,19,6,TRUE
Male,Disloyal Customer,17,Business Travel,Eco,775,2,2,2,4,3,2,3,3,2,5,3,3,3,2.85,2,4,FALSE
Female,Loyal Customer,48,Personal Travel,Business,1678,3,4,3,5,5,5,3,5,5,3,5,4,3,4.08,52,36,FALSE
Female,Disloyal Customer,23,Business Travel,Eco,2611,2,2,2,3,5,2,5,5,2,2,4,2,5,3.15,0,0,FALSE
Male,Loyal Customer,58,Personal Travel,Eco Plus,569,1,5,1,5,1,1,1,1,3,5,5,5,1,2.69,0,0,FALSE
Male,Loyal Customer,44,Business Travel,Business,733,5,5,5,5,3,4,4,5,5,5,5,4,3,4.46,1,0,TRUE
Female,Loyal Customer,42,Personal Travel,Eco,297,3,4,3,4,1,4,3,4,4,3,4,4,2,3.31,0,0,FALSE
Female,Loyal Customer,66,Personal Travel,Eco Plus,349,2,4,2,5,3,5,5,1,1,2,1,5,5,3.15,0,3,FALSE
Female,Loyal Customer,68,Business Travel,Business,926,2,5,1,5,1,4,3,2,2,2,2,4,4,2.85,5,7,FALSE
Female,Loyal Customer,43,Personal Travel,Eco Plus,462,4,4,4,4,2,4,5,2,2,4,4,1,1,3.15,0,0,TRUE
Female,Disloyal Customer,20,Business Travel,Eco,526,2,2,2,3,1,2,1,1,3,2,3,4,1,2.08,0,0,FALSE
Male,Loyal Customer,38,Business Travel,Eco Plus,1491,3,2,2,2,3,3,3,3,3,5,3,1,3,2.77,0,0,FALSE
Male,Loyal Customer,44,Business Travel,Business,601,3,3,3,3,4,4,4,5,5,5,5,3,5,4,0,0,TRUE
Female,Loyal Customer,47,Business Travel,Business,3169,4,4,4,4,4,5,5,4,4,4,5,4,3,4.15,2,3,TRUE
Female,Loyal Customer,69,Personal Travel,Eco,2486,4,3,4,1,2,5,3,3,3,4,3,1,4,3.08,4,16,FALSE
Male,Loyal Customer,40,Business Travel,Business,2493,2,3,3,3,5,3,3,2,2,2,2,4,4,2.92,1,0,FALSE
Female,Loyal Customer,15,Business Travel,Business,2402,2,2,2,2,2,2,2,4,3,3,3,2,2,2.38,2,24,FALSE
Male,Loyal Customer,40,Personal Travel,Eco,1005,2,5,1,2,3,1,1,3,5,3,4,5,3,2.92,91,97,FALSE
Male,Loyal Customer,61,Business Travel,Business,2242,2,2,2,2,4,4,5,2,2,2,2,4,4,2.85,0,0,TRUE
Male,Loyal Customer,53,Business Travel,Business,370,2,2,4,2,2,4,4,4,4,4,4,5,4,3.46,1,13,TRUE
Male,Loyal Customer,69,Personal Travel,Eco,357,3,5,3,3,4,3,5,4,3,5,4,3,4,3.77,0,0,FALSE
Male,Loyal Customer,68,Personal Travel,Eco,985,2,5,2,3,5,2,4,5,4,3,5,5,5,3.85,1,0,FALSE
Male,Loyal Customer,34,Business Travel,Business,719,2,3,3,3,1,2,3,2,2,2,2,1,4,2.31,1,0,FALSE
Female,Loyal Customer,64,Personal Travel,Eco,2404,3,3,3,2,3,2,2,4,2,2,2,2,2,2.46,0,21,FALSE
Female,Loyal Customer,28,Personal Travel,Eco,1744,1,5,1,2,2,1,2,2,5,2,5,5,2,2.69,0,0,FALSE
Male,Disloyal Customer,22,Business Travel,Eco,1121,2,2,2,3,2,5,1,1,4,2,4,1,1,2.31,14,46,FALSE
Female,Loyal Customer,51,Personal Travel,Eco,956,3,4,3,2,4,4,5,3,3,3,3,4,3,3.38,9,12,FALSE
Female,Loyal Customer,39,Business Travel,Business,2749,2,2,2,2,4,4,3,4,4,4,4,2,1,2.92,0,0,TRUE
Male,Loyal Customer,25,Personal Travel,Eco,298,2,5,2,3,1,2,5,1,3,5,4,5,1,3,0,0,FALSE
Female,Loyal Customer,55,Business Travel,Business,2072,1,1,1,1,5,5,4,5,5,5,5,3,3,3.38,60,44,TRUE
Female,Loyal Customer,26,Personal Travel,Business,296,1,3,5,4,5,5,5,5,1,3,4,4,5,3.85,24,0,FALSE
Female,Disloyal Customer,32,Business Travel,Business,403,4,4,4,2,2,4,2,2,3,4,4,4,2,3.15,16,12,FALSE
Male,Loyal Customer,54,Business Travel,Eco,228,4,3,3,3,4,4,4,4,3,3,2,4,4,3.46,71,91,TRUE
Female,Loyal Customer,39,Business Travel,Eco,101,2,5,5,5,2,2,2,2,1,1,1,1,2,2.38,0,0,FALSE
Female,Loyal Customer,25,Business Travel,Eco,936,3,2,2,2,3,2,1,3,4,1,2,3,3,2.38,3,0,FALSE
Female,Disloyal Customer,20,Business Travel,Eco,347,2,2,2,2,1,2,1,1,1,4,3,3,1,1.92,52,51,FALSE
Male,Loyal Customer,46,Personal Travel,Eco,319,3,3,3,1,2,3,2,2,3,4,5,3,2,2.77,0,2,FALSE
Male,Loyal Customer,42,Business Travel,Eco,630,3,2,1,1,3,3,3,3,1,2,4,2,3,2.38,0,0,FALSE
Female,Loyal Customer,58,Business Travel,Business,2616,2,2,4,2,3,5,4,5,5,5,5,3,4,3.77,0,0,TRUE
Female,Disloyal Customer,48,Business Travel,Eco Plus,867,3,3,3,3,5,3,5,5,4,4,3,5,5,3.92,0,0,FALSE
Female,Loyal Customer,51,Business Travel,Eco,96,4,2,2,2,2,4,3,4,4,4,4,3,2,3.08,0,0,TRUE
Male,Loyal Customer,10,Personal Travel,Eco,1303,2,4,2,4,1,2,1,1,3,4,4,4,1,2.54,14,0,FALSE
Male,Loyal Customer,40,Personal Travel,Eco,967,2,5,2,1,5,2,3,5,3,4,4,4,5,3.46,92,108,FALSE
Male,Loyal Customer,27,Business Travel,Business,2125,5,5,5,5,4,4,4,4,3,2,5,5,4,4.23,6,0,TRUE
Female,Loyal Customer,36,Personal Travel,Eco,351,1,4,2,3,3,2,4,3,3,2,4,5,3,3,6,9,FALSE
Female,Loyal Customer,34,Business Travel,Business,3497,1,1,1,1,2,5,4,5,5,5,5,4,5,3.38,12,0,TRUE
Female,Loyal Customer,49,Business Travel,Business,1444,1,1,1,1,2,5,5,4,4,4,4,4,3,3,14,5,TRUE
Male,Loyal Customer,15,Personal Travel,Eco,687,3,4,3,4,2,3,2,2,4,2,5,4,2,3.08,19,19,FALSE
Male,Loyal Customer,48,Business Travel,Business,1750,5,5,5,5,4,4,5,4,4,4,4,5,4,4.46,13,14,TRUE
Female,Disloyal Customer,27,Business Travel,Business,1276,4,4,4,3,2,4,2,2,5,2,5,3,2,3.23,0,0,FALSE
Male,Loyal Customer,59,Business Travel,Business,2435,3,3,3,3,2,5,4,5,5,5,5,5,5,4.08,0,0,TRUE
Male,Loyal Customer,42,Business Travel,Business,1538,3,3,3,3,1,3,3,3,3,3,3,1,4,2.77,0,1,FALSE
Male,Loyal Customer,33,Business Travel,Eco Plus,1460,3,1,3,1,3,3,3,3,2,1,3,2,3,2.38,45,33,FALSE
Female,Loyal Customer,67,Personal Travel,Eco,2125,2,5,1,2,1,3,1,3,3,1,3,3,4,2.46,0,1,FALSE
Female,Loyal Customer,69,Personal Travel,Eco,992,2,5,2,2,2,4,5,5,5,2,5,5,3,3.62,31,14,FALSE
Male,Loyal Customer,37,Personal Travel,Eco,2447,4,3,4,2,1,4,1,1,4,1,2,2,1,2.31,0,0,FALSE
Male,Loyal Customer,22,Business Travel,Business,909,4,4,4,4,3,4,3,3,3,5,1,1,3,3.23,1,0,TRUE
Male,Loyal Customer,70,Business Travel,Business,1611,3,5,5,5,3,3,2,3,3,3,3,1,3,3.23,3,1,FALSE
Male,Disloyal Customer,22,Business Travel,Eco,166,4,0,4,1,2,4,2,2,4,3,4,4,2,2.77,0,0,TRUE
Female,Loyal Customer,49,Business Travel,Business,591,2,2,2,2,4,4,5,5,5,5,5,3,2,3.54,11,5,TRUE
Female,Loyal Customer,56,Business Travel,Business,3805,5,5,5,5,5,5,5,5,3,4,5,5,5,4.77,167,157,TRUE
Male,Disloyal Customer,57,Business Travel,Eco,590,3,4,3,4,2,3,2,2,2,1,4,3,2,2.69,20,9,FALSE
Female,Loyal Customer,41,Business Travel,Business,1334,2,2,2,2,2,4,4,4,4,4,4,4,5,3.31,0,0,TRUE
Female,Loyal Customer,65,Personal Travel,Eco Plus,448,3,4,3,1,3,4,4,5,5,3,5,4,3,3.62,0,0,FALSE
Male,Loyal Customer,28,Business Travel,Business,515,3,5,5,5,3,3,3,3,2,1,1,3,3,3.08,181,196,FALSE
Male,Loyal Customer,39,Business Travel,Business,3576,0,1,1,4,5,4,5,2,2,2,2,4,3,2.69,19,30,TRUE
Male,Loyal Customer,31,Business Travel,Eco,1751,3,4,1,4,3,3,3,3,2,2,2,2,3,2.69,14,19,FALSE
Male,Loyal Customer,52,Personal Travel,Eco,853,2,4,2,4,2,2,2,2,3,3,5,3,2,2.77,0,0,FALSE
Male,Disloyal Customer,23,Business Travel,Eco,641,4,3,4,3,4,4,4,4,4,1,3,3,4,3.46,0,0,FALSE
Male,Loyal Customer,52,Business Travel,Business,3017,4,4,4,4,3,5,4,4,4,4,4,5,5,4.15,46,28,TRUE
Female,Loyal Customer,30,Business Travel,Eco,196,1,2,2,2,1,1,1,1,2,5,3,1,1,1.77,0,0,FALSE
Female,Loyal Customer,15,Personal Travel,Eco,429,2,2,2,4,5,2,5,5,2,2,3,2,5,3.15,0,0,FALSE
Female,Loyal Customer,42,Business Travel,Business,3923,2,2,2,2,3,5,5,4,4,4,4,5,4,3.54,1,0,TRUE
Male,Disloyal Customer,20,Business Travel,Eco,912,2,3,3,4,5,3,5,5,2,3,3,2,5,3.46,0,0,FALSE
Female,Loyal Customer,44,Business Travel,Business,1440,4,4,4,4,5,4,4,4,4,4,4,3,3,3.92,0,0,TRUE
Female,Loyal Customer,38,Business Travel,Eco,403,1,3,3,3,1,1,1,1,2,3,4,4,1,2.15,0,0,FALSE
Female,Loyal Customer,23,Personal Travel,Eco,362,3,4,4,4,4,4,4,4,3,4,5,3,4,3.85,18,13,FALSE
Male,Disloyal Customer,33,Business Travel,Business,1721,1,1,1,3,3,1,3,3,4,3,3,4,3,2.54,4,0,FALSE
Male,Loyal Customer,43,Business Travel,Business,1605,3,3,3,3,5,4,5,2,2,2,2,4,4,3.23,11,20,TRUE
Female,Loyal Customer,25,Business Travel,Business,3699,4,4,2,4,4,4,4,4,5,5,4,4,4,4,0,0,TRUE
Female,Loyal Customer,18,Personal Travel,Eco Plus,200,4,5,0,4,1,0,1,1,1,4,5,3,1,2.31,0,0,FALSE
Female,Loyal Customer,44,Personal Travel,Eco,272,2,0,2,3,2,4,5,4,4,2,4,3,4,3,0,1,FALSE
Male,Loyal Customer,23,Business Travel,Business,3183,3,3,3,3,5,5,5,5,3,5,4,4,5,4.08,0,0,TRUE
Male,Loyal Customer,42,Business Travel,Business,3326,3,3,3,3,5,4,2,5,5,5,5,3,3,3.77,0,0,TRUE
Female,Loyal Customer,7,Personal Travel,Eco Plus,1372,2,5,2,4,5,2,5,5,3,5,4,3,5,3.85,9,0,FALSE
Female,Loyal Customer,13,Personal Travel,Eco,672,2,5,2,3,2,2,4,2,3,4,4,3,2,2.92,55,51,FALSE
Female,Disloyal Customer,23,Business Travel,Business,491,0,5,0,5,2,0,2,2,4,4,4,3,2,2.54,8,4,TRUE
Male,Loyal Customer,45,Personal Travel,Eco,236,4,5,4,3,1,4,1,1,4,5,5,5,1,3.31,0,0,FALSE
Female,Disloyal Customer,28,Business Travel,Business,651,2,1,1,4,4,1,4,4,4,5,4,5,4,3.31,0,0,FALSE
Female,Loyal Customer,67,Personal Travel,Eco,299,3,5,3,3,4,5,4,1,1,3,1,4,5,3.23,0,0,FALSE
Male,Loyal Customer,66,Personal Travel,Eco,756,1,4,1,2,2,1,2,2,5,5,4,4,2,2.69,0,0,FALSE
Female,Loyal Customer,42,Personal Travel,Eco,967,3,5,3,2,5,4,4,5,5,3,5,4,4,4,64,73,FALSE
Male,Loyal Customer,38,Personal Travel,Eco,247,1,5,0,1,4,0,4,4,5,2,4,4,4,2.92,0,0,FALSE
Female,Loyal Customer,51,Business Travel,Business,2598,4,5,5,5,4,3,4,4,4,4,4,4,4,4.15,9,26,FALSE
Female,Disloyal Customer,20,Business Travel,Business,134,5,3,5,1,3,3,3,3,3,3,4,4,3,3.31,0,7,TRUE
Female,Loyal Customer,55,Business Travel,Business,109,0,4,0,3,5,4,4,5,5,5,5,3,3,3.54,0,10,TRUE
Female,Disloyal Customer,27,Business Travel,Eco,1214,1,1,1,2,3,1,3,3,2,2,2,3,3,2.08,62,59,FALSE
Female,Loyal Customer,56,Business Travel,Business,3758,4,4,4,4,5,4,5,5,5,5,5,5,4,4.54,0,0,TRUE
Female,Loyal Customer,37,Business Travel,Eco,160,5,5,5,5,5,5,5,5,5,1,1,1,5,4.08,0,0,TRUE
Male,Loyal Customer,58,Business Travel,Business,853,5,5,1,5,5,4,5,4,4,4,4,4,3,4.08,0,0,TRUE
Female,Disloyal Customer,25,Business Travel,Business,1069,5,4,5,3,5,5,3,5,5,5,5,5,5,4.62,0,0,TRUE
Male,Loyal Customer,30,Business Travel,Eco Plus,780,0,0,0,2,3,0,4,3,3,3,4,5,3,2.31,117,102,TRUE
Female,Disloyal Customer,37,Business Travel,Eco,1452,4,4,4,2,5,4,5,5,2,2,3,2,5,3.62,3,0,FALSE
Male,Loyal Customer,58,Business Travel,Business,2453,2,3,3,3,4,2,3,2,2,2,2,2,2,2.46,122,130,FALSE
Male,Loyal Customer,37,Personal Travel,Eco,399,0,5,0,1,5,0,5,5,4,3,5,4,5,3.23,0,0,TRUE
Male,Loyal Customer,26,Business Travel,Business,3405,2,2,2,2,4,4,4,4,4,5,5,4,4,3.54,0,0,TRUE
Male,Loyal Customer,51,Business Travel,Business,1609,0,0,0,3,4,5,5,3,3,3,3,5,5,3,0,0,TRUE
Female,Disloyal Customer,22,Business Travel,Eco,447,4,3,4,4,2,4,2,2,5,5,3,1,2,3.15,0,1,TRUE
Male,Loyal Customer,50,Business Travel,Eco,787,4,4,4,4,4,4,4,4,2,1,5,4,4,3.69,0,2,TRUE
Male,Loyal Customer,28,Business Travel,Business,602,1,1,1,1,3,3,3,3,5,3,5,4,3,2.77,21,28,TRUE
Female,Loyal Customer,33,Business Travel,Eco,231,5,1,1,1,5,5,5,5,3,1,3,4,5,3.38,0,0,TRUE
Female,Loyal Customer,40,Business Travel,Business,1757,2,2,2,2,5,5,5,5,5,5,5,5,3,3.92,0,0,TRUE
Male,Loyal Customer,31,Personal Travel,Eco,2239,2,1,3,3,3,3,3,3,2,4,4,4,3,2.92,10,0,FALSE
Male,Loyal Customer,17,Personal Travel,Eco,628,1,4,1,5,1,1,1,1,4,3,4,4,1,2.38,62,49,FALSE
Female,Loyal Customer,38,Business Travel,Eco,496,5,2,2,2,5,5,5,5,2,2,2,2,5,3.38,0,0,TRUE
Male,Loyal Customer,54,Business Travel,Eco,148,4,2,2,2,4,4,4,4,2,5,2,2,4,3.15,50,39,TRUE
Female,Loyal Customer,41,Business Travel,Business,447,3,5,2,5,3,4,3,3,3,3,3,2,3,3.23,10,1,FALSE
Female,Loyal Customer,34,Business Travel,Business,370,4,4,4,4,5,5,5,4,4,4,4,3,3,4.08,0,0,TRUE
Male,Loyal Customer,34,Business Travel,Business,675,5,5,4,5,5,5,4,4,4,4,4,2,3,4.15,0,0,TRUE
Male,Loyal Customer,57,Business Travel,Eco,931,4,3,2,2,4,4,4,4,1,5,4,1,4,3.23,47,66,FALSE
Male,Loyal Customer,60,Business Travel,Business,113,0,4,0,1,2,5,5,5,5,5,5,5,5,3.62,0,0,TRUE
Female,Loyal Customer,55,Business Travel,Eco,331,5,5,5,5,2,5,1,5,5,5,5,2,3,4.08,0,6,TRUE
Female,Loyal Customer,59,Business Travel,Eco,852,3,3,3,3,1,3,3,3,3,3,3,2,2,2.69,0,0,FALSE
Male,Loyal Customer,54,Business Travel,Business,2541,1,2,2,2,5,4,3,3,3,3,1,1,1,2.38,14,6,FALSE
Female,Loyal Customer,46,Personal Travel,Business,1167,2,5,2,5,4,5,5,5,5,2,5,5,3,4.08,0,0,FALSE
Female,Loyal Customer,45,Business Travel,Business,3034,4,4,4,4,2,4,4,5,5,5,5,3,3,4,0,0,TRUE
Female,Loyal Customer,39,Business Travel,Business,1874,5,5,5,5,4,4,1,4,4,4,4,2,3,3.85,65,59,TRUE
Male,Loyal Customer,58,Business Travel,Business,1660,1,1,1,1,2,4,4,5,5,5,5,4,5,3.31,1,6,TRUE
Male,Loyal Customer,51,Business Travel,Business,2586,3,3,3,3,4,4,4,3,4,5,5,4,4,3.77,42,27,TRUE
Male,Loyal Customer,36,Business Travel,Business,257,4,3,3,3,3,4,3,4,4,4,4,3,4,3.54,9,19,FALSE
Male,Loyal Customer,42,Business Travel,Business,1750,1,5,5,5,3,3,3,1,1,1,1,2,4,2.69,0,5,FALSE
Female,Loyal Customer,50,Business Travel,Business,944,1,4,1,1,5,4,4,4,4,4,4,5,4,3.46,30,24,TRUE
Male,Loyal Customer,18,Personal Travel,Eco,1222,3,4,4,3,3,4,2,3,4,2,4,2,3,3.15,46,33,FALSE
Male,Loyal Customer,58,Business Travel,Business,526,5,5,5,5,5,4,4,2,2,2,2,3,4,3.69,17,15,TRUE
Female,Loyal Customer,62,Business Travel,Eco,283,3,5,5,5,2,3,3,3,3,3,3,4,1,3.31,0,0,FALSE
Male,Disloyal Customer,25,Business Travel,Business,223,1,5,1,3,3,1,3,3,3,5,4,4,3,3,0,11,FALSE
Male,Loyal Customer,23,Personal Travel,Eco,384,2,4,2,3,5,2,5,5,1,3,3,4,5,3.38,37,37,FALSE
Male,Loyal Customer,39,Business Travel,Business,3548,2,2,2,2,2,4,5,4,4,4,4,4,3,3.23,2,0,TRUE
Female,Loyal Customer,52,Personal Travel,Eco,594,1,5,1,5,2,4,3,3,3,1,3,4,4,3,21,10,FALSE
Female,Loyal Customer,66,Personal Travel,Eco,721,1,0,1,3,3,5,4,2,2,1,2,1,2,2.08,0,20,FALSE
Male,Loyal Customer,67,Personal Travel,Eco,546,4,4,4,1,4,4,4,4,5,2,4,3,4,3.62,0,0,FALSE
Male,Loyal Customer,57,Personal Travel,Eco Plus,255,2,4,2,3,5,2,5,5,5,5,5,3,5,3.92,47,43,FALSE
Male,Loyal Customer,43,Business Travel,Business,3103,3,1,4,1,3,2,3,3,3,3,3,2,1,2.46,0,0,FALSE
Female,Loyal Customer,58,Business Travel,Business,2131,4,4,4,4,2,5,4,5,5,5,5,3,3,4.08,18,0,TRUE
Male,Loyal Customer,58,Business Travel,Business,2579,4,4,4,4,3,4,5,5,5,5,5,4,5,4.38,0,0,TRUE
Male,Loyal Customer,37,Business Travel,Business,3905,1,1,1,1,5,4,5,5,5,5,5,5,5,3.69,27,20,TRUE
Male,Loyal Customer,68,Personal Travel,Eco,787,5,5,5,4,5,5,5,5,5,2,4,2,5,4.38,0,0,TRUE
Male,Loyal Customer,55,Business Travel,Business,3249,2,2,3,2,3,5,5,4,4,4,4,3,4,3.46,0,0,TRUE
Male,Loyal Customer,40,Business Travel,Business,1504,4,4,4,4,5,4,4,5,5,4,5,5,5,4.46,12,4,TRUE
Female,Loyal Customer,62,Personal Travel,Eco,337,3,3,3,3,2,3,4,2,2,3,2,3,2,2.69,0,0,FALSE
Female,Loyal Customer,79,Business Travel,Eco Plus,899,2,3,3,3,5,4,3,2,2,2,2,1,3,2.69,63,82,FALSE
Female,Disloyal Customer,21,Business Travel,Eco,1046,2,2,2,4,1,2,1,1,5,3,4,3,1,2.38,0,0,TRUE
Male,Loyal Customer,34,Business Travel,Business,271,3,3,1,1,3,4,3,3,3,3,3,2,1,2.54,0,0,FALSE
Female,Disloyal Customer,19,Business Travel,Eco,1244,1,1,1,4,5,1,3,5,2,1,3,3,5,2.69,0,17,FALSE
Male,Disloyal Customer,21,Business Travel,Business,237,4,0,4,3,2,4,2,2,3,5,4,5,2,3.08,0,0,TRUE
Female,Disloyal Customer,32,Business Travel,Business,391,2,2,2,2,4,2,4,4,3,4,5,4,4,3.23,0,0,FALSE
Female,Loyal Customer,31,Business Travel,Business,2496,5,5,5,5,4,4,4,5,3,4,4,4,4,4.31,10,0,TRUE
Male,Loyal Customer,21,Business Travel,Business,3523,1,1,1,1,4,4,4,4,5,5,5,4,4,3.31,0,0,TRUE
Male,Loyal Customer,40,Business Travel,Business,3212,4,4,4,4,4,4,5,5,5,5,5,4,4,4.38,0,0,TRUE
Female,Loyal Customer,37,Business Travel,Business,154,5,5,5,5,1,2,1,5,5,5,3,3,3,3.69,0,1,TRUE
Male,Loyal Customer,45,Business Travel,Eco,1052,2,1,1,1,2,2,2,2,2,4,4,4,2,2.23,41,51,FALSE
Male,Loyal Customer,56,Personal Travel,Eco,237,3,4,3,3,5,3,5,5,3,5,4,3,5,3.92,10,9,FALSE
Female,Loyal Customer,67,Business Travel,Eco,163,5,3,3,3,1,2,5,5,5,5,5,3,3,3.69,0,0,TRUE
Female,Disloyal Customer,23,Business Travel,Eco,588,2,0,2,1,3,2,3,3,3,2,5,5,3,2.62,0,0,FALSE
Male,Loyal Customer,67,Business Travel,Business,2116,2,2,2,2,2,4,4,2,2,2,2,4,2,2.46,0,5,FALSE
Male,Loyal Customer,50,Business Travel,Business,2001,5,5,5,5,3,4,4,5,5,5,5,4,3,4.46,0,0,TRUE
Male,Loyal Customer,58,Business Travel,Business,2611,2,2,2,2,5,4,5,4,4,4,4,3,3,3.38,0,0,TRUE
Male,Disloyal Customer,20,Business Travel,Eco,406,3,5,3,1,5,3,4,5,4,4,4,4,5,3.85,0,0,FALSE
Female,Loyal Customer,19,Business Travel,Business,399,3,5,5,5,3,3,3,3,4,1,4,1,3,3.31,0,0,FALSE
Female,Loyal Customer,34,Personal Travel,Eco,351,2,5,2,3,4,2,5,4,3,2,5,5,4,3.54,0,0,FALSE
Female,Loyal Customer,57,Business Travel,Business,2907,5,5,4,5,3,5,4,4,4,4,4,4,3,4.15,22,21,TRUE
Male,Disloyal Customer,24,Business Travel,Eco,1211,5,5,5,2,5,5,5,5,5,4,4,4,5,4.54,79,81,TRUE
Female,Loyal Customer,57,Business Travel,Business,929,1,1,1,1,3,4,4,5,5,4,5,4,5,3.31,0,2,TRUE
Male,Loyal Customer,45,Business Travel,Business,1558,4,3,3,3,4,4,3,4,4,4,4,4,3,3.62,0,0,FALSE
Male,Loyal Customer,9,Personal Travel,Eco,1826,4,5,4,4,5,4,5,5,4,4,4,2,5,4.23,63,41,TRUE
Male,Loyal Customer,34,Business Travel,Business,1630,3,1,1,1,3,3,4,3,3,3,3,2,3,2.54,40,46,FALSE
Female,Loyal Customer,7,Personal Travel,Eco,989,4,2,4,3,5,4,5,5,3,2,4,1,5,3.62,0,0,TRUE
Female,Loyal Customer,61,Personal Travel,Eco Plus,526,2,5,2,5,2,4,5,1,1,2,1,5,3,2.92,93,88,FALSE
Female,Loyal Customer,41,Personal Travel,Eco,1504,3,3,3,3,4,3,4,4,4,1,4,1,4,3.15,0,15,FALSE
Female,Disloyal Customer,36,Business Travel,Business,946,2,2,2,4,2,2,2,2,3,4,4,4,2,2.69,0,0,FALSE
Female,Loyal Customer,38,Personal Travel,Eco,156,1,3,1,4,4,1,4,4,2,5,4,4,4,3.15,0,0,FALSE
Male,Disloyal Customer,28,Business Travel,Eco,577,1,2,1,4,1,1,1,1,4,1,4,2,1,1.85,14,60,FALSE
Female,Loyal Customer,25,Business Travel,Eco Plus,2358,1,4,4,4,1,1,3,1,4,2,4,3,1,2.54,19,8,FALSE
Male,Loyal Customer,41,Business Travel,Business,2115,3,3,3,3,2,5,5,5,5,5,5,4,5,4.08,43,48,TRUE
Female,Loyal Customer,52,Business Travel,Eco Plus,1122,4,5,5,5,2,3,2,4,4,4,4,2,1,3.46,15,0,TRUE
Female,Loyal Customer,8,Personal Travel,Eco,907,2,1,2,2,3,2,5,3,4,4,2,2,3,2.69,22,20,FALSE
Female,Loyal Customer,36,Business Travel,Eco,447,4,3,3,3,4,4,4,4,4,5,3,4,4,3.77,6,0,TRUE
Male,Loyal Customer,30,Business Travel,Business,3370,2,2,2,2,4,4,4,4,3,5,4,5,4,3.46,33,24,TRUE
Male,Loyal Customer,68,Business Travel,Business,1709,2,4,4,4,4,3,4,1,1,1,2,2,3,2.69,0,0,FALSE
Female,Loyal Customer,41,Business Travel,Business,920,1,4,4,4,2,4,4,1,1,1,1,4,3,2.62,0,0,FALSE
Female,Loyal Customer,32,Business Travel,Eco Plus,158,4,4,2,4,4,4,4,4,1,3,4,1,4,3.31,12,10,FALSE
Female,Loyal Customer,40,Business Travel,Business,2399,4,4,4,4,5,5,4,5,5,5,5,5,3,4.46,73,49,TRUE
Female,Loyal Customer,52,Business Travel,Eco Plus,991,3,2,2,2,4,4,4,3,3,3,3,4,1,2.92,33,19,FALSE
Female,Loyal Customer,33,Business Travel,Business,2472,1,1,1,1,3,5,4,4,4,5,4,3,4,3.08,0,4,TRUE
Female,Disloyal Customer,22,Business Travel,Business,2039,5,2,5,1,4,5,5,4,3,4,4,5,4,3.92,0,0,TRUE
Male,Loyal Customer,24,Business Travel,Business,1488,4,3,3,3,4,4,4,4,3,5,4,4,4,3.77,1,0,FALSE
Female,Loyal Customer,43,Personal Travel,Business,679,4,5,4,2,2,4,4,2,2,4,2,3,4,3.23,0,0,TRUE
Female,Disloyal Customer,27,Business Travel,Business,515,3,3,3,1,4,3,4,4,3,5,4,4,4,3.46,0,0,FALSE
Male,Loyal Customer,22,Business Travel,Business,3218,3,3,3,3,5,4,5,5,5,4,4,5,5,4.15,0,0,TRUE
Female,Loyal Customer,64,Personal Travel,Eco,280,2,5,2,3,5,4,4,2,2,2,1,3,3,2.92,20,28,FALSE
Female,Loyal Customer,43,Business Travel,Business,2504,4,4,4,4,4,4,5,3,3,4,3,5,3,3.85,5,0,TRUE
Male,Loyal Customer,20,Personal Travel,Eco,528,2,3,2,1,3,2,3,3,5,5,3,2,3,2.85,0,0,FALSE
Male,Loyal Customer,32,Business Travel,Business,451,1,3,3,3,1,1,1,1,3,1,3,3,1,1.92,3,0,FALSE
Male,Disloyal Customer,15,Business Travel,Eco,343,3,1,3,4,2,3,2,2,4,1,3,1,2,2.38,0,0,FALSE
Female,Loyal Customer,20,Business Travel,Eco Plus,462,1,4,4,4,1,2,4,1,1,2,4,1,1,2.31,80,104,FALSE
Female,Loyal Customer,21,Business Travel,Eco Plus,1598,0,3,0,2,1,0,1,1,4,5,3,3,1,1.85,0,5,TRUE
Male,Loyal Customer,17,Business Travel,Eco,153,4,3,3,3,4,4,3,4,4,5,4,2,4,3.62,0,0,TRUE
Female,Loyal Customer,20,Business Travel,Eco,950,2,1,1,1,2,2,2,2,1,5,3,2,2,2,0,0,FALSE
Female,Loyal Customer,24,Business Travel,Business,2295,4,2,2,2,4,4,4,4,2,2,2,1,4,2.85,0,0,FALSE
Male,Loyal Customer,41,Business Travel,Business,2668,1,1,1,1,2,5,4,3,3,3,3,4,3,2.62,8,9,TRUE
Male,Loyal Customer,20,Business Travel,Business,1552,4,4,4,4,4,4,4,4,3,3,5,4,4,3.92,36,26,TRUE
Female,Loyal Customer,16,Personal Travel,Eco,674,5,4,5,3,1,5,1,1,5,5,4,5,1,3.46,0,0,TRUE
Male,Loyal Customer,44,Business Travel,Business,2252,4,4,4,4,2,5,4,4,4,4,5,3,3,3.85,0,0,TRUE
Male,Disloyal Customer,22,Business Travel,Eco,304,1,2,1,2,1,1,1,1,3,5,3,2,1,1.85,0,0,FALSE
Female,Loyal Customer,54,Business Travel,Business,3902,3,5,3,3,3,5,4,5,5,5,5,5,4,4.23,0,0,TRUE
Male,Disloyal Customer,24,Business Travel,Business,482,4,0,3,1,3,3,1,3,5,5,4,4,3,3,0,0,TRUE
Male,Loyal Customer,39,Personal Travel,Eco Plus,259,3,1,3,2,5,3,5,5,2,4,2,4,5,3.38,32,27,FALSE
Female,Loyal Customer,42,Business Travel,Business,1665,4,4,4,4,2,5,4,4,4,5,4,5,3,4,0,0,TRUE
Female,Loyal Customer,53,Business Travel,Business,2432,2,2,2,2,5,5,4,2,2,2,2,5,5,3.08,4,8,TRUE
Male,Loyal Customer,8,Personal Travel,Eco,1073,4,4,4,1,3,4,3,3,5,5,4,4,3,3.62,13,1,FALSE
Female,Loyal Customer,64,Personal Travel,Eco,351,4,1,4,4,1,3,4,4,4,4,4,3,4,3.38,0,0,TRUE
Male,Loyal Customer,48,Business Travel,Business,1586,5,5,5,5,2,5,4,4,4,5,4,4,3,4.23,25,28,TRUE
Male,Loyal Customer,43,Personal Travel,Eco,1217,2,5,2,2,1,2,1,1,3,3,4,3,1,2.31,11,2,FALSE
Female,Loyal Customer,52,Personal Travel,Eco,3365,3,4,3,3,3,2,2,3,1,4,4,2,2,2.77,16,83,FALSE
Female,Loyal Customer,60,Personal Travel,Eco,1205,2,2,2,3,1,3,3,3,3,2,3,1,2,2.31,0,0,FALSE
Female,Disloyal Customer,23,Business Travel,Eco,315,4,0,4,2,3,4,3,3,1,3,4,5,3,3,0,0,TRUE
Male,Loyal Customer,56,Personal Travel,Eco,666,3,4,3,4,3,3,3,3,5,4,4,4,3,3.54,0,0,FALSE
Female,Loyal Customer,44,Personal Travel,Eco,452,2,5,2,2,1,5,2,3,3,2,3,5,3,2.92,0,0,FALSE
Female,Disloyal Customer,22,Business Travel,Eco,1154,3,3,3,4,5,3,4,5,3,5,3,1,5,3.62,11,24,FALSE
Female,Loyal Customer,60,Business Travel,Business,2826,5,5,5,5,3,4,4,4,4,4,4,3,3,4.08,20,23,TRUE
Male,Loyal Customer,56,Business Travel,Eco,526,2,3,2,3,2,2,2,2,3,2,2,2,2,2.23,39,19,FALSE
Male,Disloyal Customer,21,Business Travel,Business,228,0,0,0,2,0,5,5,4,4,4,4,5,5,2.92,158,133,TRUE
Male,Loyal Customer,40,Business Travel,Eco,135,3,2,2,2,3,3,3,3,2,1,3,1,3,2.38,0,54,FALSE
Male,Disloyal Customer,23,Business Travel,Eco,247,2,0,2,4,3,2,3,3,5,5,5,3,3,3.08,0,0,FALSE
Male,Loyal Customer,69,Personal Travel,Eco Plus,1491,1,5,1,2,2,1,2,2,3,3,1,3,2,2.15,0,0,FALSE
Female,Loyal Customer,27,Business Travel,Business,951,4,4,5,4,3,3,3,3,4,2,5,3,3,3.54,0,0,TRUE
Female,Loyal Customer,34,Business Travel,Business,1744,5,5,5,5,2,5,4,4,4,4,4,5,3,4.23,0,0,TRUE
Female,Loyal Customer,61,Personal Travel,Eco Plus,641,2,5,2,4,4,4,5,1,1,2,1,5,4,3.08,17,11,FALSE
Female,Disloyal Customer,21,Business Travel,Eco,173,3,2,3,3,5,3,5,5,2,5,4,2,5,3.62,8,17,FALSE
Female,Loyal Customer,41,Business Travel,Business,3990,5,5,5,5,5,4,5,4,4,4,4,4,5,4.54,0,0,TRUE
Female,Loyal Customer,55,Business Travel,Eco,368,3,4,4,4,5,3,3,3,3,3,3,4,2,3.38,0,0,FALSE
Female,Loyal Customer,17,Personal Travel,Eco,968,1,3,1,4,5,1,5,5,3,4,4,3,5,3.38,18,19,FALSE
Male,Loyal Customer,50,Personal Travel,Eco,431,2,4,5,5,4,5,4,4,3,3,4,3,4,3.85,0,9,FALSE
Female,Loyal Customer,60,Business Travel,Business,775,1,4,4,4,3,4,4,1,1,1,1,2,4,2.62,20,14,FALSE
Male,Disloyal Customer,23,Business Travel,Business,1084,0,0,0,3,2,0,2,2,3,5,5,5,2,2.23,0,0,TRUE
Female,Disloyal Customer,19,Business Travel,Eco Plus,447,2,2,2,3,5,2,5,5,4,2,3,3,5,3.31,0,11,FALSE
Female,Loyal Customer,30,Personal Travel,Eco,707,3,1,3,4,2,3,2,2,1,5,3,2,2,2.54,0,28,FALSE
Male,Loyal Customer,38,Business Travel,Eco Plus,459,5,2,5,5,5,5,5,5,4,5,5,1,5,4.38,0,0,TRUE
Male,Loyal Customer,45,Business Travel,Business,2434,2,1,1,1,2,2,2,4,4,1,2,2,2,2,18,9,FALSE
Male,Loyal Customer,40,Business Travel,Eco,1504,5,3,3,3,5,5,5,5,2,1,5,1,5,3.69,73,94,TRUE
Female,Loyal Customer,22,Business Travel,Business,127,2,2,2,2,5,5,4,5,3,3,2,2,5,3.23,0,0,TRUE
Female,Loyal Customer,56,Business Travel,Eco,187,2,1,1,1,3,3,3,2,2,2,2,3,1,2,41,53,FALSE
Female,Disloyal Customer,38,Business Travel,Eco,177,3,3,3,4,3,3,3,3,1,5,3,1,3,2.92,1,26,FALSE
Female,Disloyal Customer,36,Business Travel,Business,547,1,1,1,5,3,1,3,3,4,3,5,5,3,2.92,24,14,FALSE
Male,Loyal Customer,19,Personal Travel,Eco,305,3,5,4,5,1,4,1,1,5,2,5,2,1,3,0,0,FALSE
Female,Loyal Customer,52,Business Travel,Business,89,2,2,2,2,2,5,4,4,4,4,5,2,1,3,0,0,TRUE
Male,Loyal Customer,47,Personal Travel,Eco,925,1,3,1,3,1,1,1,1,4,4,1,1,1,1.77,0,24,FALSE
Female,Loyal Customer,35,Personal Travel,Eco,95,5,4,5,1,3,5,3,3,4,4,5,3,3,3.69,2,0,TRUE
Male,Loyal Customer,49,Business Travel,Eco Plus,253,1,1,1,1,1,1,1,1,4,1,3,1,1,1.38,106,112,FALSE
Male,Loyal Customer,41,Business Travel,Business,300,1,1,5,1,3,1,4,5,5,5,5,2,2,3.08,0,0,TRUE
Male,Loyal Customer,66,Business Travel,Eco,463,3,3,2,2,3,3,3,3,1,3,4,4,3,2.85,15,1,FALSE
Male,Loyal Customer,47,Business Travel,Eco Plus,528,4,2,4,2,4,4,4,4,2,4,3,3,4,3.38,0,6,TRUE
Female,Loyal Customer,66,Personal Travel,Eco,2106,2,2,2,2,3,2,2,3,3,2,3,2,3,2.38,0,0,FALSE
Male,Loyal Customer,36,Business Travel,Business,3196,5,5,5,5,5,5,5,4,4,4,4,5,3,4.54,32,20,TRUE
Male,Loyal Customer,42,Business Travel,Business,862,1,1,1,1,5,4,5,3,3,4,3,3,5,3,0,0,TRUE
Male,Loyal Customer,45,Business Travel,Eco,216,3,4,4,4,3,3,3,3,5,5,3,3,3,3.54,1,0,TRUE
Male,Loyal Customer,54,Business Travel,Eco,147,4,2,2,2,4,4,4,4,1,4,4,3,4,3.23,0,0,FALSE
Male,Loyal Customer,36,Personal Travel,Eco,1416,2,2,2,4,5,2,5,5,2,1,4,2,5,3.15,0,3,FALSE
Male,Disloyal Customer,23,Business Travel,Eco,689,4,4,4,3,3,4,3,3,4,2,4,3,3,3.38,7,14,FALSE
Male,Loyal Customer,36,Personal Travel,Eco,235,1,4,1,4,3,1,3,3,5,3,2,3,3,2.77,35,28,FALSE
Female,Loyal Customer,45,Business Travel,Eco,387,4,1,1,1,3,5,3,4,4,4,4,4,5,3.31,0,0,TRUE
Male,Disloyal Customer,38,Business Travel,Eco,459,1,0,1,1,5,1,5,5,2,1,4,4,5,2.69,0,0,FALSE
Female,Loyal Customer,42,Business Travel,Business,3509,5,5,5,5,4,5,4,4,4,4,4,5,4,4.46,6,7,TRUE
Male,Loyal Customer,57,Business Travel,Eco,717,2,3,3,3,2,2,2,2,4,1,3,1,2,2.31,25,18,FALSE
Male,Loyal Customer,32,Personal Travel,Eco,590,3,4,3,1,2,3,4,2,5,5,5,3,2,3.23,0,0,FALSE
Female,Loyal Customer,47,Personal Travel,Eco,484,3,5,3,3,5,4,4,4,4,3,4,4,4,3.85,0,0,FALSE
Male,Disloyal Customer,50,Business Travel,Eco,190,5,4,5,3,3,5,3,3,5,3,2,5,3,3.77,0,0,TRUE
Female,Loyal Customer,41,Personal Travel,Eco,683,2,4,2,3,4,2,4,4,1,4,4,1,4,3,0,25,FALSE
Female,Loyal Customer,21,Personal Travel,Eco,746,2,5,2,5,5,2,5,5,2,3,5,4,5,3.85,32,21,FALSE
Female,Loyal Customer,39,Personal Travel,Eco,1118,2,4,2,3,1,2,1,1,5,2,4,5,1,2.54,0,0,FALSE
Male,Loyal Customer,34,Business Travel,Business,3608,3,3,3,3,4,2,3,4,4,4,5,5,4,3.62,0,0,TRUE
Male,Loyal Customer,21,Personal Travel,Eco Plus,1011,1,5,1,3,3,1,3,3,4,5,5,1,3,2.92,42,68,FALSE
Female,Loyal Customer,29,Business Travel,Business,1389,4,4,4,4,3,3,3,3,3,3,5,4,3,3.54,17,0,TRUE
Male,Loyal Customer,28,Personal Travel,Eco,922,3,4,3,1,4,3,4,4,5,2,4,5,4,3.54,108,100,FALSE
Female,Loyal Customer,44,Personal Travel,Eco,937,3,4,3,2,3,3,3,5,5,3,5,1,3,3.31,0,0,FALSE
Male,Loyal Customer,32,Business Travel,Eco,201,1,2,2,2,1,1,1,1,1,4,3,4,1,1.85,15,9,FALSE
Female,Loyal Customer,57,Personal Travel,Business,762,2,5,2,2,3,4,5,5,5,2,5,3,5,3.69,0,31,FALSE
Male,Loyal Customer,55,Business Travel,Business,2425,3,3,3,3,4,3,4,3,3,3,3,2,1,2.92,23,15,FALSE
Female,Loyal Customer,21,Business Travel,Business,1749,5,5,5,5,4,4,4,4,3,5,5,5,4,4.46,0,0,TRUE
Female,Loyal Customer,43,Business Travel,Business,2402,5,5,5,5,4,4,4,4,2,5,5,4,4,4.31,25,49,TRUE
Male,Loyal Customer,42,Business Travel,Eco,967,2,1,1,1,1,2,1,1,1,3,1,3,1,1.46,58,58,TRUE
Male,Loyal Customer,34,Business Travel,Business,1544,1,5,5,5,2,3,3,1,1,1,1,4,2,2.62,14,27,FALSE
Female,Loyal Customer,41,Business Travel,Eco,997,1,2,2,2,1,1,1,1,4,1,4,1,1,1.69,15,5,FALSE
Male,Loyal Customer,49,Business Travel,Business,3328,4,4,2,4,5,4,5,4,4,4,4,5,5,4.15,0,0,TRUE
Male,Loyal Customer,38,Personal Travel,Eco,502,3,5,3,5,3,3,3,3,3,4,4,5,3,3.62,0,0,FALSE
Female,Loyal Customer,43,Personal Travel,Eco,196,3,4,3,1,3,5,5,4,3,5,5,5,5,3.92,253,245,FALSE
Male,Disloyal Customer,27,Business Travel,Eco,239,2,5,2,1,3,2,3,3,4,1,1,3,3,2.54,0,0,FALSE
Female,Loyal Customer,32,Personal Travel,Eco,373,3,5,3,3,4,3,4,4,3,3,4,5,4,3.69,8,0,FALSE
Female,Disloyal Customer,23,Business Travel,Eco,1211,3,3,3,4,1,3,1,1,2,4,3,4,1,2.54,7,9,FALSE
Male,Loyal Customer,41,Business Travel,Eco,1105,5,3,3,3,5,5,5,5,1,5,5,5,5,4.23,0,0,TRUE
Female,Loyal Customer,38,Business Travel,Business,3543,4,4,4,4,2,5,5,5,5,5,5,4,3,4.23,3,1,TRUE
Male,Loyal Customer,51,Business Travel,Business,2513,5,5,5,5,5,4,4,4,4,4,4,3,4,4.31,24,2,TRUE
Female,Loyal Customer,27,Personal Travel,Eco,163,3,5,3,4,2,3,2,2,3,3,5,2,2,3,0,0,FALSE
Male,Loyal Customer,17,Personal Travel,Eco,447,1,4,1,5,5,1,3,5,3,3,1,3,5,3.08,6,0,FALSE
Male,Loyal Customer,20,Business Travel,Business,3454,4,5,4,4,5,5,5,5,4,4,5,5,5,4.62,0,0,TRUE
Female,Loyal Customer,60,Business Travel,Business,575,4,4,4,4,4,5,4,4,4,4,4,5,5,4.23,0,0,TRUE
Male,Loyal Customer,28,Business Travel,Business,1123,1,4,4,4,1,1,1,1,4,5,3,3,1,2.54,22,59,FALSE
Female,Loyal Customer,44,Personal Travel,Eco,641,2,4,2,5,4,4,5,2,2,2,2,5,5,3.38,10,16,FALSE
Male,Loyal Customer,45,Business Travel,Business,2610,1,1,4,1,3,4,3,5,5,5,5,2,3,3.23,0,0,TRUE
Male,Loyal Customer,74,Business Travel,Business,460,2,2,2,2,2,2,2,2,2,1,1,2,2,1.85,162,163,FALSE
Female,Loyal Customer,52,Business Travel,Business,1781,1,1,1,1,2,5,5,4,4,4,4,5,4,3.15,49,39,TRUE
Female,Disloyal Customer,27,Business Travel,Eco Plus,376,4,4,4,4,2,4,2,2,2,4,4,2,2,3.08,0,0,FALSE
Female,Loyal Customer,25,Personal Travel,Eco,725,3,4,3,1,2,3,2,2,2,5,5,4,2,2.92,14,7,FALSE
Male,Loyal Customer,20,Business Travel,Business,3163,2,2,2,2,4,4,4,4,4,3,5,4,4,3.38,0,0,TRUE
Male,Disloyal Customer,23,Business Travel,Eco,1096,2,2,2,3,3,2,3,3,1,5,3,4,3,2.77,19,51,FALSE
Female,Loyal Customer,31,Business Travel,Business,2565,1,1,1,1,4,4,4,3,5,4,4,4,4,3.08,25,22,TRUE
Male,Disloyal Customer,37,Business Travel,Eco,1214,4,4,4,3,2,4,2,2,3,3,3,5,2,3.15,0,0,FALSE
Male,Loyal Customer,64,Business Travel,Business,3149,3,5,5,5,4,4,3,3,3,3,3,1,3,3.46,61,74,FALSE
Male,Loyal Customer,44,Business Travel,Business,2520,4,4,4,4,2,4,5,4,4,5,4,3,3,3.85,75,60,TRUE
Female,Loyal Customer,57,Business Travel,Business,2227,3,3,3,3,5,4,4,5,5,5,5,3,5,4.08,0,0,TRUE
Male,Loyal Customer,50,Business Travel,Business,2592,1,5,5,5,2,4,4,1,1,1,1,2,3,2.69,12,16,FALSE
Male,Loyal Customer,42,Business Travel,Eco,1733,3,4,4,4,3,3,3,3,2,2,3,1,3,2.92,8,15,FALSE
Female,Loyal Customer,36,Personal Travel,Eco,583,4,4,4,4,1,4,1,1,5,4,4,3,1,3.08,0,0,FALSE
Male,Loyal Customer,63,Personal Travel,Eco Plus,1076,3,4,3,3,3,3,3,3,3,2,4,5,3,3.23,18,20,FALSE
Female,Disloyal Customer,20,Business Travel,Business,469,5,0,5,4,4,5,4,4,4,3,4,3,4,3.77,0,0,TRUE
Male,Loyal Customer,25,Business Travel,Eco Plus,759,0,5,0,1,5,0,4,5,2,3,2,4,5,2.77,0,1,TRUE
Female,Loyal Customer,58,Business Travel,Eco,867,3,2,2,2,1,2,2,3,3,3,3,4,4,2.62,5,0,FALSE
Male,Loyal Customer,45,Business Travel,Eco,2161,3,2,2,2,3,3,3,3,1,4,4,3,3,2.77,0,0,FALSE
Male,Loyal Customer,40,Business Travel,Business,3675,2,2,2,2,2,1,1,5,5,5,5,4,3,3,0,0,TRUE
Female,Loyal Customer,60,Personal Travel,Eco,501,1,4,1,3,3,5,4,4,4,1,2,4,3,3,74,60,FALSE
Female,Loyal Customer,11,Personal Travel,Eco,1147,4,1,4,3,3,4,3,3,3,1,1,3,3,2.77,0,0,FALSE
Male,Loyal Customer,45,Business Travel,Business,1400,2,2,2,2,5,5,4,4,4,4,4,3,3,3.38,0,18,TRUE
Male,Loyal Customer,30,Personal Travel,Eco Plus,1020,3,4,3,3,4,3,4,4,4,1,3,2,4,3.23,18,1,FALSE
Male,Disloyal Customer,14,Personal Travel,Eco,163,4,5,4,3,2,4,2,2,3,3,4,4,2,3.23,0,0,FALSE
Female,Disloyal Customer,66,Business Travel,Eco,372,2,1,2,2,5,2,5,5,1,3,2,2,5,2.85,17,9,FALSE
Male,Loyal Customer,23,Personal Travel,Eco,190,3,4,3,2,5,3,5,5,4,5,4,3,5,3.92,0,0,FALSE
Female,Loyal Customer,46,Business Travel,Business,1066,3,5,5,5,4,3,3,3,3,3,3,4,3,3.62,15,5,FALSE
Male,Disloyal Customer,21,Business Travel,Eco,223,4,5,4,4,5,4,5,5,5,3,5,4,5,4.46,0,4,FALSE
Female,Loyal Customer,54,Business Travel,Business,584,5,5,3,5,5,4,5,5,5,5,5,5,3,4.62,26,53,TRUE
Male,Loyal Customer,13,Personal Travel,Eco,246,5,4,5,1,2,5,2,2,5,3,5,4,2,3.46,1,0,TRUE
Female,Loyal Customer,59,Business Travel,Business,407,5,5,5,5,2,5,5,4,4,4,4,4,5,4.38,1,0,TRUE
Male,Loyal Customer,56,Personal Travel,Eco,405,4,3,4,1,1,4,1,1,5,4,1,1,1,2.38,0,0,TRUE
Male,Loyal Customer,37,Business Travel,Business,3640,3,4,4,4,4,4,3,3,3,3,3,2,2,3.23,4,0,FALSE
Male,Loyal Customer,57,Business Travel,Business,783,1,1,4,1,4,3,3,1,1,2,1,2,1,1.92,0,0,FALSE
Male,Loyal Customer,36,Business Travel,Eco Plus,458,3,1,1,1,3,3,3,3,3,4,4,2,3,2.62,0,0,FALSE
Female,Loyal Customer,27,Personal Travel,Eco,1619,2,4,2,4,4,2,3,4,5,3,5,4,4,3.54,42,14,FALSE
Female,Loyal Customer,41,Business Travel,Business,3571,2,2,3,2,2,5,5,4,4,4,4,4,5,3.54,13,52,TRUE
Female,Loyal Customer,56,Business Travel,Business,1529,4,1,2,2,1,2,3,4,4,4,4,2,2,2.69,63,58,FALSE
Male,Loyal Customer,48,Business Travel,Business,3198,3,3,5,3,4,4,5,5,5,5,4,5,3,4.15,1,2,TRUE
Male,Loyal Customer,65,Personal Travel,Eco,265,1,5,0,3,2,0,2,2,3,5,5,3,2,2.54,0,0,FALSE
Male,Disloyal Customer,29,Business Travel,Business,773,5,5,5,1,2,5,2,2,4,4,4,3,2,3.38,0,0,TRUE
Male,Loyal Customer,15,Personal Travel,Business,1476,1,5,1,2,5,1,5,5,5,2,3,4,5,3.38,33,3,FALSE
Male,Disloyal Customer,36,Business Travel,Business,436,3,3,3,3,5,3,5,5,4,5,5,3,5,4,0,0,FALSE
Male,Loyal Customer,66,Personal Travel,Eco,1325,2,4,2,2,1,2,1,1,4,2,4,5,1,2.38,78,68,FALSE
Female,Loyal Customer,36,Business Travel,Eco Plus,1597,4,3,3,3,4,4,4,4,2,3,5,4,4,3.62,0,0,TRUE
Male,Loyal Customer,56,Business Travel,Eco,919,3,5,5,5,3,3,3,3,3,4,3,3,3,3.54,0,0,FALSE
Male,Loyal Customer,60,Personal Travel,Eco,872,4,0,4,4,3,4,3,3,5,5,4,5,3,3.62,77,89,FALSE
Male,Loyal Customer,33,Personal Travel,Eco Plus,391,3,4,3,3,5,3,5,5,3,3,4,3,5,3.77,2,5,FALSE
Female,Loyal Customer,32,Business Travel,Business,331,4,4,4,4,4,4,4,4,5,5,4,4,4,4.15,0,0,TRUE
Male,Loyal Customer,36,Business Travel,Eco,838,4,3,3,3,4,4,4,4,2,5,5,5,4,3.85,0,0,TRUE
Male,Loyal Customer,58,Business Travel,Business,1428,3,5,5,5,2,2,3,3,3,3,3,2,3,3.23,54,42,FALSE
Female,Loyal Customer,49,Business Travel,Eco,802,3,4,4,4,3,4,3,3,3,3,3,4,4,3.46,0,0,FALSE
Female,Loyal Customer,60,Business Travel,Business,1605,1,1,1,1,5,4,5,5,5,5,5,4,4,3.54,0,0,TRUE
Female,Loyal Customer,51,Business Travel,Business,1568,5,5,5,5,3,5,4,4,4,4,5,5,5,4.54,0,0,TRUE
Female,Disloyal Customer,22,Business Travel,Eco,965,4,4,4,3,2,4,2,2,3,2,4,4,2,3.08,0,0,TRUE
Male,Loyal Customer,43,Business Travel,Business,3249,3,3,3,3,4,5,5,4,4,4,5,4,5,4,39,36,TRUE
Male,Loyal Customer,70,Personal Travel,Eco,342,2,4,2,3,2,2,2,2,1,1,3,2,2,2.15,3,0,FALSE
Male,Disloyal Customer,62,Business Travel,Business,290,2,2,2,3,2,2,2,2,3,3,3,2,2,2.31,0,0,FALSE
Female,Loyal Customer,53,Personal Travel,Eco,315,3,4,3,5,4,3,1,1,1,3,1,2,4,2.69,0,0,FALSE
Female,Loyal Customer,46,Business Travel,Business,2082,3,3,3,3,1,4,4,3,3,3,3,3,2,2.92,0,0,FALSE
Female,Loyal Customer,51,Business Travel,Business,190,3,2,2,2,5,2,3,3,3,3,3,2,4,2.85,0,0,FALSE
Male,Loyal Customer,43,Business Travel,Business,1576,3,3,3,3,5,5,4,4,4,4,4,4,4,3.85,0,0,TRUE
Male,Loyal Customer,16,Personal Travel,Eco,413,3,4,3,1,5,3,2,5,4,2,4,3,5,3.38,12,20,FALSE
Male,Loyal Customer,60,Business Travel,Eco Plus,329,1,1,1,1,1,1,1,1,3,5,4,1,1,1.69,0,0,FALSE
Female,Loyal Customer,55,Business Travel,Business,867,2,2,3,2,3,5,5,4,4,4,4,5,3,3.54,0,0,TRUE
Male,Disloyal Customer,26,Business Travel,Business,829,4,4,4,5,5,4,5,5,5,2,5,3,5,4.31,0,0,FALSE
Female,Loyal Customer,20,Personal Travel,Eco,2475,2,3,3,1,2,3,2,2,5,4,3,2,2,2.62,0,0,FALSE
Female,Loyal Customer,51,Business Travel,Business,775,2,2,2,2,5,5,5,5,5,5,5,5,3,3.92,12,17,TRUE
Female,Loyal Customer,15,Personal Travel,Eco,409,3,4,3,4,1,3,1,1,3,2,4,3,1,2.54,68,62,FALSE
Male,Loyal Customer,41,Personal Travel,Eco,867,2,4,2,3,5,2,5,5,3,5,1,2,5,3.38,13,0,FALSE
Male,Loyal Customer,34,Business Travel,Business,2153,3,3,3,3,5,3,4,4,4,4,4,3,5,3.69,0,0,TRUE
Male,Loyal Customer,24,Personal Travel,Eco,1085,2,4,2,3,1,2,1,1,3,4,4,4,1,2.46,0,0,FALSE
Female,Loyal Customer,37,Personal Travel,Eco,771,2,4,2,4,3,2,3,3,3,5,4,4,3,3.23,0,0,FALSE
Female,Loyal Customer,47,Business Travel,Business,3031,2,5,4,4,5,3,3,2,2,2,2,2,2,2.92,9,8,FALSE
Female,Loyal Customer,62,Business Travel,Business,472,4,4,4,4,1,4,3,4,4,4,4,2,1,3.31,9,1,FALSE
Male,Loyal Customer,24,Personal Travel,Eco,584,3,4,4,2,4,4,4,4,5,2,4,3,4,3.62,0,11,FALSE
Male,Loyal Customer,35,Business Travel,Business,3373,1,1,1,1,4,5,5,2,2,2,2,4,5,2.69,1,0,TRUE
Male,Loyal Customer,17,Personal Travel,Eco,337,4,4,4,5,1,4,1,1,4,2,5,5,1,3.15,0,0,TRUE
Female,Loyal Customer,42,Business Travel,Eco,762,3,4,4,4,3,4,4,3,3,3,3,4,1,3.31,21,38,FALSE
Male,Loyal Customer,60,Business Travel,Business,2297,4,4,4,4,5,5,4,5,5,5,5,5,5,4.62,0,0,TRUE
Male,Loyal Customer,38,Personal Travel,Eco,238,2,4,0,3,3,0,3,3,5,5,5,3,3,3,96,92,FALSE
Female,Disloyal Customer,55,Business Travel,Business,923,3,3,3,1,1,3,3,1,5,2,4,5,1,2.69,0,0,TRUE
Female,Disloyal Customer,18,Business Travel,Eco,229,4,4,4,4,4,4,4,4,1,4,4,1,4,3.54,0,0,FALSE
Female,Loyal Customer,57,Business Travel,Business,373,1,1,1,1,4,5,5,5,5,5,5,5,3,3.54,0,11,TRUE
Male,Loyal Customer,36,Personal Travel,Eco,1068,4,5,4,2,3,4,3,3,5,4,5,3,3,3.69,14,1,TRUE
Female,Loyal Customer,50,Business Travel,Eco,163,5,4,4,4,4,2,1,5,5,5,5,3,5,4,0,0,TRUE
Male,Loyal Customer,19,Personal Travel,Eco,925,1,5,1,5,3,1,5,3,5,2,5,3,3,3.23,0,0,FALSE
Female,Loyal Customer,67,Personal Travel,Eco Plus,342,2,4,2,4,2,4,4,1,1,2,1,4,3,2.62,40,35,FALSE
Female,Loyal Customer,51,Business Travel,Eco,851,2,1,4,1,3,3,4,1,1,2,1,2,4,2.23,65,74,FALSE
Male,Loyal Customer,69,Personal Travel,Eco,645,1,2,1,3,2,1,3,2,4,3,3,4,2,2.38,50,36,FALSE
Female,Loyal Customer,25,Business Travel,Eco,342,5,4,4,4,5,5,5,5,3,1,2,4,5,4,37,33,TRUE
Male,Loyal Customer,23,Personal Travel,Eco Plus,362,3,5,3,4,2,3,4,2,5,5,5,5,2,3.69,7,1,FALSE
Male,Loyal Customer,54,Business Travel,Business,1897,5,5,5,5,4,5,5,3,4,4,5,5,5,4.62,205,191,TRUE
Female,Loyal Customer,60,Business Travel,Eco,2296,4,2,5,5,3,2,4,4,4,4,4,3,4,3.69,0,0,FALSE
Male,Disloyal Customer,24,Business Travel,Eco,134,3,4,3,2,3,3,3,3,3,5,5,4,3,3.38,16,5,FALSE
Female,Disloyal Customer,28,Business Travel,Eco,1266,2,2,2,3,4,2,4,4,2,2,3,2,4,2.77,0,0,FALSE
Female,Loyal Customer,43,Business Travel,Business,370,4,4,4,4,5,5,5,4,4,4,4,3,5,4.23,41,37,TRUE
Male,Loyal Customer,50,Business Travel,Business,2210,1,1,1,1,2,4,5,5,5,4,5,5,4,3.31,0,0,TRUE
Male,Loyal Customer,46,Business Travel,Business,3631,1,5,5,5,2,3,4,1,1,2,1,1,4,2.69,3,8,FALSE
Male,Loyal Customer,47,Personal Travel,Eco,282,0,2,0,3,2,0,2,2,2,2,2,4,2,1.77,0,0,TRUE
Female,Loyal Customer,37,Business Travel,Eco,1249,5,2,2,2,5,5,5,5,2,2,4,3,5,3.62,0,10,TRUE
Female,Disloyal Customer,38,Business Travel,Business,1514,5,5,5,4,3,5,3,3,5,3,5,3,3,4,0,1,TRUE
Male,Disloyal Customer,47,Business Travel,Eco,896,1,1,1,5,1,4,4,1,3,1,3,4,4,2.54,196,189,FALSE
Male,Loyal Customer,45,Business Travel,Business,3879,2,2,3,2,4,5,5,4,4,4,4,5,3,3.62,0,1,TRUE
Male,Loyal Customer,41,Business Travel,Business,2446,3,3,3,3,5,5,5,5,3,5,5,5,5,4.23,1,2,TRUE
Female,Loyal Customer,54,Business Travel,Business,460,5,5,3,5,2,4,3,4,4,5,4,1,5,3.85,0,0,TRUE
Male,Disloyal Customer,28,Business Travel,Eco,843,1,1,1,1,4,1,4,4,5,3,3,3,4,2.69,0,0,FALSE
Female,Disloyal Customer,36,Business Travel,Eco Plus,452,2,2,2,3,3,2,3,3,3,5,3,2,3,2.77,14,34,FALSE
Female,Loyal Customer,43,Business Travel,Business,102,3,3,3,3,3,5,4,4,4,4,5,3,3,3.62,39,48,TRUE
Male,Loyal Customer,25,Business Travel,Business,594,3,2,2,2,3,3,3,3,1,2,3,4,3,2.62,19,10,FALSE
Male,Loyal Customer,39,Business Travel,Eco,1035,2,4,4,4,2,3,2,2,1,2,3,3,2,2.62,0,0,FALSE
Male,Loyal Customer,54,Personal Travel,Business,157,2,4,0,3,3,5,4,1,1,0,1,3,4,2.38,76,69,FALSE
Male,Loyal Customer,31,Business Travel,Business,3563,1,1,1,1,5,5,5,5,2,5,2,3,5,3.15,0,0,TRUE
Female,Loyal Customer,56,Business Travel,Business,679,4,4,4,4,1,1,1,5,5,5,5,1,5,3.46,90,106,TRUE
Male,Loyal Customer,48,Business Travel,Business,1972,1,1,1,1,1,1,1,4,4,4,4,5,2,2.31,0,0,TRUE
Male,Disloyal Customer,17,Business Travel,Eco,1746,1,1,1,4,5,1,5,5,3,5,4,2,5,3.23,15,23,FALSE
Female,Disloyal Customer,20,Business Travel,Eco,733,1,1,1,1,1,1,1,1,5,2,4,4,1,1.85,0,0,FALSE
Female,Loyal Customer,46,Business Travel,Business,1514,2,2,4,2,3,4,4,5,5,5,5,4,4,3.77,0,0,TRUE
Male,Loyal Customer,20,Personal Travel,Eco,561,2,3,2,2,5,2,5,5,1,1,2,4,5,3,0,0,FALSE
Female,Loyal Customer,49,Business Travel,Eco,328,4,1,1,1,4,5,2,3,3,4,3,1,4,2.77,0,0,TRUE
Female,Disloyal Customer,36,Business Travel,Business,997,3,3,3,5,2,3,2,2,5,3,5,3,2,3.15,0,0,FALSE
Female,Loyal Customer,29,Business Travel,Business,1009,3,3,3,3,3,3,3,3,2,5,4,4,3,3.23,0,0,FALSE
Male,Loyal Customer,75,Business Travel,Business,419,3,3,3,3,3,3,3,2,3,3,3,3,3,2.92,79,158,FALSE
Male,Loyal Customer,69,Business Travel,Eco Plus,409,3,2,4,2,3,3,3,3,1,4,3,4,3,2.92,0,0,FALSE
Female,Loyal Customer,20,Business Travel,Business,2965,3,3,3,3,4,4,4,4,4,3,5,3,4,3.62,0,8,TRUE
Male,Loyal Customer,42,Personal Travel,Eco,591,3,4,3,3,2,3,2,2,5,5,4,3,2,3.15,0,0,FALSE
Female,Loyal Customer,60,Business Travel,Business,1576,2,2,1,2,5,5,4,5,5,5,5,3,4,3.69,77,74,TRUE
Male,Disloyal Customer,30,Business Travel,Eco,524,3,4,3,4,2,3,2,2,1,5,3,3,2,2.85,42,36,FALSE
Female,Loyal Customer,45,Personal Travel,Eco,1171,1,4,1,2,5,4,4,2,2,1,2,4,5,2.85,0,0,FALSE
Male,Loyal Customer,52,Business Travel,Eco,846,2,2,4,2,2,2,2,2,3,3,2,4,2,2.46,13,6,FALSE
Female,Loyal Customer,47,Business Travel,Eco,581,4,3,3,3,4,2,5,4,4,4,4,1,4,3.46,0,0,TRUE
Male,Loyal Customer,28,Business Travel,Business,2787,2,4,2,2,5,5,5,5,2,4,5,5,5,3.92,130,145,TRUE
Male,Disloyal Customer,9,Business Travel,Eco,507,0,0,0,4,5,0,5,5,4,5,5,4,5,3.23,0,0,TRUE
Female,Loyal Customer,60,Personal Travel,Eco,160,2,5,0,2,3,5,4,3,3,0,3,5,5,3.08,0,0,FALSE
Male,Loyal Customer,25,Business Travel,Business,1005,3,2,2,2,3,3,3,3,3,4,3,4,3,2.92,0,0,FALSE
Female,Loyal Customer,26,Business Travel,Business,3228,4,4,4,4,5,5,5,5,4,2,1,5,5,4.08,0,7,TRUE
Male,Loyal Customer,50,Business Travel,Business,2146,2,2,1,2,4,4,5,5,5,5,5,4,4,3.69,0,19,TRUE
Female,Loyal Customer,23,Business Travel,Business,2828,5,5,3,5,3,3,3,3,3,2,5,4,3,3.62,0,0,TRUE
Female,Loyal Customer,61,Personal Travel,Eco,820,3,4,3,3,2,3,3,5,5,3,5,2,4,3.46,15,6,FALSE
Female,Disloyal Customer,27,Business Travel,Eco,432,1,2,1,4,2,1,5,2,3,5,3,1,2,2.46,86,74,FALSE
Female,Loyal Customer,64,Personal Travel,Business,1325,4,4,4,4,3,4,4,1,1,4,1,4,3,3.15,0,0,TRUE
Female,Loyal Customer,40,Business Travel,Business,2742,3,3,3,3,3,4,4,4,4,4,4,3,3,3.46,26,8,TRUE
Male,Loyal Customer,55,Business Travel,Business,1759,1,1,3,1,4,4,5,4,4,4,4,4,3,3.23,39,36,TRUE
Male,Disloyal Customer,21,Business Travel,Eco,109,4,4,5,3,3,5,3,3,2,3,3,5,3,3.54,0,0,FALSE
Female,Loyal Customer,41,Business Travel,Eco,156,5,1,1,1,5,5,5,5,5,1,4,5,5,3.69,0,0,TRUE
Male,Loyal Customer,45,Business Travel,Business,2172,2,2,2,2,3,5,5,5,5,5,5,4,4,3.77,0,0,TRUE
Female,Loyal Customer,12,Personal Travel,Eco,667,1,4,2,3,5,2,5,5,3,4,4,4,5,3.62,0,0,FALSE
Female,Loyal Customer,43,Personal Travel,Eco,1874,3,3,3,4,4,4,3,2,2,3,2,3,4,3.08,0,0,FALSE
Female,Loyal Customer,49,Personal Travel,Eco,305,1,3,1,1,2,5,4,5,5,1,5,5,2,3.08,23,24,FALSE
Male,Loyal Customer,31,Personal Travel,Eco,1066,3,5,3,1,5,3,5,5,5,2,5,3,5,3.85,33,54,FALSE
Male,Disloyal Customer,25,Business Travel,Eco,1010,2,2,2,3,4,2,4,4,4,3,3,1,4,2.92,103,87,FALSE
Male,Loyal Customer,17,Personal Travel,Eco,227,2,5,2,3,2,1,1,3,3,4,4,1,1,2.46,273,358,FALSE
Female,Loyal Customer,67,Personal Travel,Eco,544,1,4,1,1,4,4,2,2,2,1,2,3,4,2.38,9,7,FALSE
Male,Loyal Customer,47,Business Travel,Business,2528,4,1,1,1,4,4,4,4,4,4,4,4,3,3.23,48,81,FALSE
Female,Loyal Customer,72,Business Travel,Eco,1670,4,2,2,2,2,2,4,5,5,4,5,2,4,3.31,0,0,FALSE
Male,Loyal Customer,49,Business Travel,Business,1874,4,4,4,4,4,4,4,2,3,4,4,4,4,3.77,198,202,TRUE
Female,Loyal Customer,56,Business Travel,Business,404,5,5,5,5,2,4,4,4,4,4,4,4,3,4.08,0,0,TRUE
Male,Loyal Customer,55,Business Travel,Eco,867,4,5,5,5,4,4,4,4,3,5,5,3,4,4.23,9,0,TRUE
Male,Disloyal Customer,23,Business Travel,Eco,631,5,0,5,1,2,5,2,2,3,3,5,4,2,3,19,22,TRUE
Female,Loyal Customer,52,Business Travel,Business,236,4,4,4,4,2,4,4,5,5,5,5,3,4,4.08,45,37,TRUE
Female,Loyal Customer,69,Personal Travel,Eco,372,0,5,0,4,4,5,4,1,1,0,1,3,3,2.38,5,0,TRUE
Male,Loyal Customer,19,Personal Travel,Eco,328,3,5,3,4,3,3,1,3,3,5,4,4,3,3.38,0,0,FALSE
Male,Loyal Customer,67,Business Travel,Eco Plus,170,4,4,4,4,4,4,4,4,1,4,4,1,4,3.54,0,0,TRUE
Male,Loyal Customer,62,Personal Travel,Eco,438,3,3,3,3,5,3,5,5,1,1,3,3,5,3.31,0,1,FALSE
Female,Loyal Customer,51,Business Travel,Business,3590,5,5,5,5,2,4,5,5,5,5,5,5,5,4.69,0,3,TRUE
Female,Loyal Customer,7,Business Travel,Business,502,4,2,2,2,4,4,4,4,4,2,4,3,4,3.31,17,2,FALSE
Male,Loyal Customer,44,Business Travel,Business,2106,5,5,5,5,2,4,4,5,5,5,5,4,5,4.54,0,0,TRUE
Female,Disloyal Customer,20,Business Travel,Eco,462,2,3,3,4,4,3,4,4,2,3,4,2,4,3.23,9,2,FALSE
Male,Loyal Customer,35,Business Travel,Business,2422,3,3,3,3,3,4,5,4,4,4,4,5,3,3.69,0,0,TRUE
Male,Loyal Customer,12,Personal Travel,Eco,316,3,5,4,2,1,4,1,1,1,5,2,4,1,2.62,1,0,FALSE
Male,Disloyal Customer,33,Business Travel,Eco,119,2,2,2,4,4,2,2,4,3,3,4,3,4,3,34,15,FALSE
Female,Loyal Customer,27,Business Travel,Eco Plus,692,4,1,1,1,4,4,4,4,1,3,1,4,4,2.77,14,20,TRUE
Female,Loyal Customer,25,Business Travel,Business,679,2,1,1,1,2,2,2,2,1,2,3,3,2,1.85,102,90,FALSE
Male,Loyal Customer,64,Business Travel,Eco Plus,296,2,3,3,3,2,2,2,2,2,3,3,2,2,2.38,0,17,FALSE
Female,Loyal Customer,23,Personal Travel,Eco,1182,4,5,4,5,3,4,3,3,5,5,3,5,3,4,0,0,FALSE
Male,Loyal Customer,31,Business Travel,Business,3958,2,2,2,2,4,4,4,4,4,5,5,5,4,3.62,38,31,TRUE
Female,Disloyal Customer,23,Business Travel,Eco,515,1,4,1,4,5,1,5,5,4,4,5,4,5,3.69,3,0,FALSE
Male,Loyal Customer,47,Business Travel,Business,1390,4,4,4,4,5,5,4,4,4,4,4,5,4,4.23,26,5,TRUE
Female,Loyal Customer,21,Personal Travel,Eco,223,2,5,2,3,1,2,1,1,5,3,4,3,1,2.54,19,21,FALSE
Male,Loyal Customer,31,Business Travel,Business,584,2,4,4,4,2,2,2,2,2,5,3,4,2,2.92,0,14,FALSE
Female,Loyal Customer,40,Business Travel,Business,546,4,4,4,4,4,4,4,5,5,5,5,3,3,4.15,3,0,TRUE
Female,Loyal Customer,60,Personal Travel,Business,733,2,2,2,3,4,3,4,2,2,2,1,3,1,2.38,3,0,FALSE
Female,Loyal Customer,51,Business Travel,Business,1546,1,1,1,1,2,4,4,4,4,4,4,5,4,3,32,14,TRUE
Male,Loyal Customer,45,Business Travel,Business,1591,4,4,4,4,3,4,4,4,4,4,4,3,5,3.92,0,0,TRUE
Female,Loyal Customer,23,Personal Travel,Eco,762,3,5,3,3,1,3,1,1,4,2,5,5,1,2.85,0,0,FALSE
Male,Disloyal Customer,21,Business Travel,Eco,190,1,0,1,4,2,1,2,2,3,4,2,3,2,2.08,0,0,FALSE
Male,Loyal Customer,32,Personal Travel,Eco,631,3,5,3,1,2,3,3,2,3,4,3,4,2,2.92,14,20,FALSE
Male,Loyal Customer,10,Personal Travel,Eco,2355,3,5,3,4,1,3,2,1,5,5,3,5,1,3.15,4,0,FALSE
Male,Loyal Customer,55,Business Travel,Eco Plus,640,3,1,1,1,3,3,3,3,1,5,4,2,3,2.54,0,0,FALSE
Female,Loyal Customer,34,Business Travel,Eco,460,3,4,4,4,3,3,3,3,4,5,4,2,3,3.46,76,72,FALSE
Female,Loyal Customer,59,Business Travel,Business,2774,0,5,0,1,5,5,4,3,3,3,3,5,4,3.15,0,1,TRUE
Male,Loyal Customer,25,Business Travel,Business,853,5,5,5,5,4,4,4,4,1,5,3,1,4,3.85,41,33,TRUE
Male,Loyal Customer,40,Business Travel,Business,2969,3,3,3,3,5,5,5,5,5,5,5,5,4,4.31,0,5,TRUE
Female,Loyal Customer,62,Business Travel,Business,3139,1,1,1,1,5,4,5,4,4,4,4,5,5,3.38,0,0,TRUE
Female,Loyal Customer,50,Business Travel,Eco Plus,844,5,1,1,1,1,3,1,4,4,5,4,2,4,2.77,0,0,TRUE
Male,Loyal Customer,34,Business Travel,Eco,143,4,5,3,5,4,4,4,4,3,2,4,2,4,3.69,0,0,TRUE
Female,Loyal Customer,43,Business Travel,Business,3051,2,3,3,3,3,2,2,2,2,2,2,3,4,2.54,0,0,FALSE
Male,Loyal Customer,23,Personal Travel,Eco,319,3,3,3,4,4,3,4,4,2,3,4,4,4,3.46,0,0,FALSE
Male,Disloyal Customer,46,Business Travel,Business,1166,1,1,1,2,3,1,3,3,5,4,5,3,3,2.69,15,1,FALSE
Female,Loyal Customer,29,Personal Travel,Eco,563,1,3,1,4,2,1,2,2,4,5,4,4,2,2.69,0,0,FALSE
Male,Loyal Customer,39,Business Travel,Business,1744,4,4,4,4,5,4,4,5,5,5,5,5,3,4.38,0,0,TRUE
Male,Loyal Customer,47,Business Travel,Eco,369,5,3,5,5,5,5,5,5,3,4,2,2,5,4.15,7,10,TRUE
Male,Loyal Customer,45,Business Travel,Business,1199,5,5,5,5,5,5,5,5,5,5,5,5,3,4.85,22,15,TRUE
Female,Loyal Customer,43,Personal Travel,Eco,468,3,4,3,2,5,4,5,3,3,3,3,5,5,3.69,0,0,FALSE
Female,Loyal Customer,17,Business Travel,Business,3365,1,1,1,1,1,1,1,3,4,4,4,1,1,1.85,82,84,FALSE
Male,Loyal Customer,56,Business Travel,Business,1608,2,2,4,2,4,3,5,4,4,4,4,4,3,3.46,0,0,TRUE
Female,Loyal Customer,48,Business Travel,Business,3390,3,3,3,3,3,5,4,5,5,5,5,5,3,4,0,0,TRUE
Female,Loyal Customer,9,Personal Travel,Eco,2409,1,4,1,4,1,3,3,3,3,3,4,3,3,2.77,0,50,FALSE
Male,Loyal Customer,53,Business Travel,Business,1635,3,2,2,2,4,2,3,3,3,3,3,1,2,2.54,0,0,FALSE
Male,Loyal Customer,46,Business Travel,Business,3688,1,1,1,1,2,4,4,5,5,5,5,5,3,3.23,0,0,TRUE
Male,Loyal Customer,33,Personal Travel,Eco,466,2,4,2,3,4,2,4,4,5,4,5,3,4,3.54,0,0,FALSE
Female,Loyal Customer,36,Business Travel,Business,1500,1,5,4,5,1,1,1,4,4,2,3,1,1,2.54,106,139,FALSE
Male,Loyal Customer,62,Business Travel,Business,2521,2,5,5,5,5,3,2,2,2,2,2,3,2,3.08,0,0,FALSE
Male,Loyal Customer,15,Personal Travel,Business,308,3,1,3,1,4,3,4,4,1,3,1,2,4,2.62,0,0,FALSE
Male,Loyal Customer,53,Business Travel,Business,328,0,0,0,4,2,5,4,5,5,5,5,3,4,3.23,0,0,TRUE
Female,Loyal Customer,37,Personal Travel,Eco,967,0,5,0,4,2,0,2,2,5,4,4,5,2,2.69,7,0,TRUE
Male,Loyal Customer,45,Business Travel,Business,129,1,1,1,1,1,3,5,4,4,4,3,3,5,2.77,32,45,TRUE
Female,Loyal Customer,64,Personal Travel,Eco,425,3,4,3,5,3,5,5,5,2,4,5,5,5,4.15,186,195,FALSE
Female,Loyal Customer,8,Personal Travel,Eco,1162,3,4,3,3,4,3,4,4,5,3,5,3,4,3.69,0,0,FALSE
Male,Loyal Customer,26,Personal Travel,Eco,651,3,4,3,2,1,3,1,1,5,2,4,4,1,2.62,0,0,FALSE
Male,Loyal Customer,35,Business Travel,Eco,1024,2,3,3,3,2,2,2,2,2,1,3,2,2,2.23,0,0,FALSE
Male,Loyal Customer,39,Business Travel,Business,239,3,3,3,3,3,5,5,5,5,5,5,5,4,4.15,35,24,TRUE
Male,Disloyal Customer,25,Business Travel,Eco,479,3,0,3,5,3,3,3,3,4,5,2,4,3,3.15,99,109,FALSE
Female,Loyal Customer,37,Personal Travel,Eco,1084,1,2,2,3,3,2,3,3,1,2,4,3,3,2.46,52,40,FALSE
Female,Loyal Customer,55,Business Travel,Eco,853,4,4,4,4,1,2,4,4,4,4,4,3,3,3.46,37,31,TRUE
Female,Disloyal Customer,25,Business Travel,Eco,402,2,0,2,5,5,2,5,5,4,2,3,4,5,3.38,8,3,FALSE
Female,Loyal Customer,44,Business Travel,Business,1900,2,1,1,1,1,4,4,2,2,2,2,4,2,2.15,0,0,FALSE
Female,Disloyal Customer,27,Business Travel,Eco,230,2,0,2,4,1,2,1,1,3,3,3,1,1,1.85,0,0,FALSE
Female,Loyal Customer,46,Business Travel,Eco,270,4,1,1,1,2,1,3,4,4,4,4,5,2,2.77,7,4,TRUE
Female,Loyal Customer,34,Business Travel,Business,1190,4,4,4,4,2,3,3,4,4,4,4,2,3,3.46,1,20,TRUE
Female,Loyal Customer,27,Business Travel,Business,3967,5,5,5,5,3,3,3,3,5,4,3,4,3,3.92,0,0,TRUE
Female,Loyal Customer,48,Personal Travel,Eco,577,4,5,4,1,5,4,5,3,3,4,3,4,5,3.85,0,0,TRUE
Female,Loyal Customer,40,Business Travel,Business,3415,3,3,3,3,3,4,5,4,4,4,4,3,5,3.69,17,0,TRUE
Male,Loyal Customer,36,Business Travel,Eco,209,3,5,3,5,3,3,3,3,1,4,3,5,3,3.38,0,0,TRUE
Female,Loyal Customer,45,Business Travel,Business,2398,4,4,4,4,5,5,4,4,4,4,4,3,3,4,0,2,TRUE
Male,Loyal Customer,56,Personal Travel,Eco Plus,228,3,1,3,3,3,3,4,3,1,2,3,1,3,2.54,0,0,FALSE
Female,Loyal Customer,48,Business Travel,Business,3416,1,1,1,1,4,4,4,5,5,5,5,4,3,3.31,8,0,TRUE
Male,Disloyal Customer,47,Business Travel,Business,1014,2,2,2,1,4,2,4,4,3,4,4,5,4,3.15,3,0,FALSE
Female,Disloyal Customer,22,Business Travel,Eco,816,4,4,4,4,1,4,1,1,4,2,4,3,1,2.85,0,0,TRUE
Female,Loyal Customer,58,Business Travel,Eco,321,5,4,4,4,5,2,5,5,5,5,5,4,2,4.23,0,0,TRUE
Female,Loyal Customer,32,Personal Travel,Eco,507,3,4,3,3,2,3,2,2,3,5,5,5,2,3.23,0,0,FALSE
Female,Loyal Customer,70,Personal Travel,Eco,1598,2,4,2,1,3,5,5,3,3,2,5,3,3,3.15,0,0,FALSE
Male,Loyal Customer,24,Personal Travel,Eco,262,4,4,4,2,1,4,4,1,1,5,3,3,1,2.85,0,0,FALSE
Female,Loyal Customer,14,Personal Travel,Eco,1448,4,1,4,4,2,4,2,2,2,5,4,1,2,2.85,0,0,TRUE
Female,Loyal Customer,46,Business Travel,Business,214,0,5,0,2,5,5,5,3,3,3,2,3,4,3.08,0,0,TRUE
Female,Disloyal Customer,29,Business Travel,Business,596,2,2,2,3,1,2,1,1,4,4,3,4,1,2.31,0,7,FALSE
Male,Loyal Customer,36,Business Travel,Eco,279,5,1,1,1,5,5,5,5,5,2,2,2,5,3.38,2,0,TRUE
Male,Loyal Customer,29,Personal Travel,Eco,772,2,3,2,3,2,2,2,2,4,1,3,3,2,2.38,0,0,FALSE
Male,Disloyal Customer,44,Business Travel,Business,764,1,1,1,3,1,1,1,1,5,3,5,5,1,2.23,16,26,FALSE
Male,Loyal Customer,25,Business Travel,Business,2454,1,1,5,1,1,1,1,1,3,2,3,3,1,1.85,64,44,FALSE
Male,Loyal Customer,39,Business Travel,Business,2153,2,2,2,2,2,4,4,4,4,4,4,5,5,3.38,0,4,TRUE
Female,Disloyal Customer,37,Business Travel,Eco,1034,5,5,5,1,4,5,4,4,3,3,3,2,4,3.69,9,0,TRUE
Female,Disloyal Customer,26,Business Travel,Business,1597,2,2,2,3,5,2,5,5,2,4,4,4,5,3.46,0,17,FALSE
Female,Loyal Customer,42,Business Travel,Business,551,3,3,3,3,4,4,4,4,4,4,4,5,4,3.77,65,55,TRUE
Female,Loyal Customer,53,Business Travel,Business,3162,1,1,1,1,2,4,5,3,3,4,3,4,5,2.85,0,5,TRUE
Female,Disloyal Customer,29,Business Travel,Eco,260,2,2,3,3,5,3,5,5,1,2,3,2,5,3.15,0,0,FALSE
Male,Loyal Customer,53,Personal Travel,Eco,630,3,3,3,3,3,3,5,3,1,2,3,2,3,2.85,4,0,FALSE
Male,Disloyal Customer,39,Business Travel,Business,2640,1,1,1,1,1,3,3,3,1,5,2,3,3,2.15,2,0,FALSE
Female,Loyal Customer,57,Business Travel,Business,3351,2,2,2,2,3,4,5,4,4,4,4,3,5,3.38,0,21,TRUE
Female,Loyal Customer,45,Business Travel,Business,2689,3,3,3,3,5,5,5,2,2,2,2,5,3,3.31,0,0,TRUE
Female,Loyal Customer,60,Business Travel,Business,1041,2,2,2,2,5,4,4,4,4,4,4,4,3,3.38,0,3,TRUE
Female,Loyal Customer,44,Business Travel,Business,1728,2,2,4,2,4,3,5,4,4,4,4,4,5,3.62,48,26,TRUE
Male,Disloyal Customer,37,Business Travel,Eco,447,3,3,3,2,1,3,1,1,4,3,2,1,1,2.15,130,126,FALSE
Female,Loyal Customer,47,Business Travel,Business,2080,2,2,3,2,5,4,5,2,2,2,2,4,4,3,0,0,TRUE
Female,Loyal Customer,50,Business Travel,Eco,2496,5,1,1,1,5,5,5,1,5,4,5,5,5,3.69,35,58,TRUE
Female,Loyal Customer,32,Personal Travel,Eco,1046,3,5,2,5,4,2,4,4,5,4,5,3,4,3.85,0,0,FALSE
Male,Loyal Customer,9,Personal Travel,Eco,1325,4,5,4,3,3,4,5,3,3,5,3,3,3,3.69,0,0,FALSE
Male,Loyal Customer,37,Personal Travel,Eco,181,2,5,2,3,2,2,2,2,5,3,5,2,2,2.85,36,29,FALSE
Female,Loyal Customer,26,Business Travel,Business,2546,5,5,5,5,5,5,5,5,5,4,4,3,5,4.69,19,7,TRUE
Male,Loyal Customer,52,Business Travel,Business,2942,1,2,1,1,5,5,4,2,2,2,2,5,4,2.77,1,0,TRUE
Female,Loyal Customer,49,Business Travel,Business,2739,0,5,0,3,2,4,5,4,4,4,2,5,4,3.23,1,0,TRUE
Female,Loyal Customer,57,Personal Travel,Eco,667,3,4,3,1,2,4,4,4,4,3,4,5,3,3.38,0,0,FALSE
Male,Loyal Customer,15,Personal Travel,Eco,155,2,5,2,5,1,2,1,1,5,1,3,5,1,2.62,0,12,FALSE
Male,Disloyal Customer,23,Business Travel,Eco,460,3,0,3,5,3,3,3,3,4,4,5,3,3,3.23,10,0,FALSE
Male,Loyal Customer,67,Business Travel,Business,3388,1,1,1,1,4,4,4,1,1,1,1,1,3,1.85,0,10,FALSE
Female,Loyal Customer,44,Business Travel,Business,1340,5,5,5,5,4,5,5,5,5,5,5,4,4,4.77,13,7,TRUE
Female,Loyal Customer,44,Business Travel,Eco,864,5,4,4,4,3,3,5,5,5,5,5,5,4,4.38,0,0,TRUE
Male,Loyal Customer,46,Business Travel,Business,1258,3,3,3,3,5,4,4,5,5,5,5,3,4,4,0,,TRUE
Male,Loyal Customer,64,Personal Travel,Eco,325,4,3,4,2,2,4,2,2,4,2,2,3,2,2.77,17,11,FALSE
Male,Loyal Customer,72,Business Travel,Business,1779,3,3,3,3,3,3,3,4,5,3,4,3,3,3.31,290,317,FALSE
Male,Loyal Customer,49,Personal Travel,Eco,605,2,4,1,1,3,1,3,3,3,1,3,2,3,2.31,94,84,FALSE
Male,Loyal Customer,24,Business Travel,Business,2824,4,4,4,4,4,4,4,4,3,4,3,3,4,3.77,0,0,TRUE
Female,Loyal Customer,36,Business Travel,Business,2481,4,4,4,4,5,2,5,4,4,4,4,2,1,3.62,0,1,TRUE
Male,Loyal Customer,33,Business Travel,Business,2755,2,2,2,2,2,2,2,2,4,4,4,3,2,2.54,17,16,FALSE
Female,Loyal Customer,42,Business Travel,Business,3036,3,3,3,3,2,4,5,5,5,4,5,2,1,3.46,13,1,TRUE
Female,Loyal Customer,22,Business Travel,Business,1739,3,5,5,5,3,3,3,3,2,4,3,3,3,3.46,0,0,FALSE
Female,Loyal Customer,48,Business Travel,Business,3772,2,2,2,2,1,1,3,4,4,4,4,4,4,2.85,0,0,TRUE
Female,Loyal Customer,23,Personal Travel,Eco,151,2,4,2,5,3,2,3,3,4,2,4,3,3,3.08,6,0,FALSE
Male,Loyal Customer,9,Personal Travel,Eco,337,2,4,2,3,1,2,1,1,5,5,5,3,1,2.69,0,0,FALSE
Male,Loyal Customer,25,Business Travel,Business,1947,3,1,1,1,3,3,3,3,4,5,3,2,3,2.69,0,0,FALSE
Female,Disloyal Customer,20,Business Travel,Business,204,4,0,4,3,1,4,1,1,5,5,4,5,1,2.92,0,0,TRUE
Male,Loyal Customer,57,Business Travel,Business,2338,5,5,5,5,5,4,4,2,2,2,2,4,4,3.77,25,0,TRUE
Female,Disloyal Customer,24,Business Travel,Business,1303,4,0,4,2,5,4,5,5,3,4,4,5,5,3.85,0,0,TRUE
Female,Disloyal Customer,39,Business Travel,Business,163,4,4,4,3,5,4,5,5,3,1,4,3,5,3.85,0,3,FALSE
Female,Disloyal Customer,12,Business Travel,Eco,761,3,3,3,3,3,3,3,3,2,4,4,2,3,3,50,59,FALSE
Male,Disloyal Customer,52,Business Travel,Eco,612,3,4,3,3,3,4,4,3,4,4,4,4,4,3.62,134,129,FALSE
Female,Loyal Customer,44,Personal Travel,Eco,746,1,4,1,3,5,1,3,3,3,1,3,4,4,2.77,7,0,FALSE
Male,Loyal Customer,36,Personal Travel,Eco,710,3,4,3,4,5,3,5,5,3,2,5,3,5,3.85,46,46,FALSE
Male,Loyal Customer,17,Personal Travel,Eco,110,0,2,0,4,2,0,2,2,4,4,3,1,2,2,0,0,TRUE
Female,Disloyal Customer,22,Business Travel,Eco,1300,2,2,2,3,3,2,3,3,2,2,3,3,3,2.54,7,9,FALSE
Female,Loyal Customer,24,Business Travel,Business,2715,5,5,5,5,2,2,2,3,4,5,5,2,2,3.62,0,0,TRUE
Female,Loyal Customer,21,Personal Travel,Eco,1416,2,2,2,2,3,2,3,3,4,4,3,4,3,2.85,0,0,FALSE
Female,Loyal Customer,18,Personal Travel,Eco,190,3,4,3,3,1,3,1,1,2,4,3,3,1,2.46,0,2,FALSE
Male,Loyal Customer,16,Personal Travel,Eco,697,3,3,3,3,2,3,1,2,1,5,3,2,2,2.54,0,0,FALSE
Male,Loyal Customer,60,Business Travel,Business,3457,0,5,0,4,4,5,4,2,2,2,2,3,5,2.92,6,2,TRUE
Female,Loyal Customer,22,Business Travel,Eco,622,2,3,3,3,2,2,3,2,1,3,2,2,2,2.31,7,6,FALSE
Female,Loyal Customer,35,Business Travel,Business,372,1,0,0,4,3,4,3,1,1,0,4,4,4,2.23,0,0,FALSE
Female,Loyal Customer,55,Business Travel,Business,3890,4,4,4,4,5,4,5,3,3,3,3,5,5,4,17,33,TRUE
Male,Loyal Customer,32,Personal Travel,Business,846,3,4,3,3,3,3,3,3,2,5,4,1,3,3.08,24,27,FALSE
Male,Loyal Customer,47,Business Travel,Business,227,5,5,5,5,2,5,4,4,4,4,4,3,5,4.23,0,3,TRUE
Male,Loyal Customer,64,Personal Travel,Eco,1616,2,4,2,2,4,2,4,4,4,5,5,4,4,3.54,1,0,FALSE
Male,Loyal Customer,53,Business Travel,Business,1752,1,1,1,1,5,4,4,4,4,4,4,3,5,3.15,0,5,TRUE
Male,Loyal Customer,28,Business Travel,Eco,802,4,1,1,1,4,4,4,4,2,1,5,5,4,3.08,0,0,TRUE
Male,Loyal Customer,17,Personal Travel,Eco,726,3,1,3,3,2,3,2,2,2,5,3,2,2,2.54,26,16,FALSE
Female,Disloyal Customer,22,Business Travel,Business,663,4,0,4,3,4,4,4,4,4,2,5,3,4,3.46,0,0,TRUE
Male,Loyal Customer,59,Business Travel,Business,2813,0,0,0,4,3,5,4,5,5,5,5,3,5,3.38,5,15,TRUE
Male,Disloyal Customer,20,Business Travel,Eco,433,5,1,5,3,4,5,4,4,3,3,3,4,4,3.69,0,0,TRUE
Male,Loyal Customer,38,Business Travel,Eco,2475,4,4,4,4,4,4,4,4,3,1,4,1,4,3.46,30,9,FALSE
Female,Loyal Customer,41,Business Travel,Business,675,4,4,4,4,3,4,4,5,5,5,5,3,5,4.23,0,0,TRUE
Female,Loyal Customer,44,Business Travel,Business,2268,1,1,1,1,5,4,5,4,4,4,4,3,3,3.08,27,27,TRUE
Male,Disloyal Customer,59,Business Travel,Eco,456,4,5,4,4,3,4,3,3,2,3,3,5,3,3.54,1,6,FALSE
Female,Loyal Customer,17,Personal Travel,Eco,31,2,4,0,3,1,0,1,1,4,3,5,4,1,2.23,11,11,FALSE
Female,Loyal Customer,58,Business Travel,Business,460,2,4,4,4,3,4,4,2,2,2,2,4,3,3.08,29,24,FALSE
Male,Disloyal Customer,49,Business Travel,Business,1192,2,2,2,2,5,2,5,5,4,3,4,4,5,3.46,17,33,FALSE
Male,Loyal Customer,36,Business Travel,Business,237,4,4,4,4,4,5,4,4,4,4,4,3,4,4,0,15,TRUE
Male,Disloyal Customer,12,Personal Travel,Eco Plus,118,2,3,2,4,4,2,4,4,4,1,1,1,4,2.77,24,9,FALSE
Male,Loyal Customer,23,Personal Travel,Eco,2279,2,4,2,3,4,2,4,4,4,4,5,4,4,3.54,0,0,FALSE
Male,Loyal Customer,49,Business Travel,Business,3265,4,4,2,4,3,4,5,5,5,5,5,3,5,4.15,10,0,TRUE
Female,Loyal Customer,57,Business Travel,Business,1606,4,4,4,4,2,1,2,4,4,4,4,2,3,3.23,2,0,TRUE
Female,Disloyal Customer,7,Personal Travel,Eco,370,3,5,3,1,3,3,4,3,5,1,4,3,3,3.15,0,15,FALSE
Female,Loyal Customer,59,Personal Travel,Eco,669,2,5,2,4,5,5,4,4,4,2,4,3,4,3.69,7,13,FALSE
Male,Loyal Customer,66,Personal Travel,Eco Plus,411,3,5,3,4,2,3,2,2,2,3,2,2,2,2.69,0,0,FALSE
Female,Loyal Customer,33,Business Travel,Eco,192,4,4,5,4,4,4,4,2,1,5,2,4,4,3.62,259,257,TRUE
Male,Loyal Customer,14,Personal Travel,Eco,1558,2,5,1,4,1,1,1,1,5,3,3,4,1,2.46,0,4,FALSE
Female,Loyal Customer,34,Business Travel,Business,2195,4,4,4,4,5,5,5,5,5,5,5,5,4,4.62,0,0,TRUE
Female,Loyal Customer,52,Business Travel,Business,1920,3,2,2,2,4,4,3,3,3,3,3,3,3,2.92,13,13,FALSE
Male,Loyal Customer,35,Personal Travel,Eco,746,2,4,2,5,2,2,2,2,5,2,1,3,2,2.62,0,0,FALSE
Male,Loyal Customer,25,Personal Travel,Eco,158,3,2,3,3,2,3,2,2,1,1,3,1,2,2.15,92,96,FALSE
Male,Disloyal Customer,26,Business Travel,Business,872,4,4,4,5,5,4,5,5,4,4,4,4,5,4.38,0,0,TRUE
Female,Loyal Customer,59,Personal Travel,Eco,515,3,3,3,4,3,3,4,3,3,3,3,2,3,3.08,0,0,FALSE
Male,Disloyal Customer,10,Business Travel,Eco,1306,2,2,2,3,3,2,3,3,5,5,4,5,3,3.23,0,0,FALSE
Female,Loyal Customer,53,Business Travel,Business,1820,5,5,5,5,2,5,4,4,4,4,4,5,5,4.38,0,11,TRUE
Female,Loyal Customer,55,Business Travel,Business,2185,2,2,5,2,5,5,5,5,5,5,5,5,3,4.15,0,0,TRUE
Female,Loyal Customer,48,Business Travel,Eco Plus,782,5,1,1,1,5,5,5,4,4,3,1,5,5,3.46,131,120,TRUE
Female,Loyal Customer,49,Business Travel,Eco,807,4,5,5,5,3,4,1,4,4,4,4,4,1,3.69,0,0,TRUE
Male,Loyal Customer,38,Personal Travel,Eco,2288,1,1,1,3,5,1,5,5,3,3,3,1,5,2.85,0,0,FALSE
Male,Loyal Customer,39,Business Travel,Business,1242,3,3,3,3,3,3,3,4,4,4,4,3,5,3.46,0,2,TRUE
Male,Loyal Customer,22,Personal Travel,Eco,733,0,3,0,3,2,3,2,2,5,4,5,2,2,2.54,0,9,TRUE
Female,Disloyal Customer,46,Business Travel,Business,859,4,4,4,2,1,4,1,1,5,5,4,5,1,3.15,0,0,TRUE
Female,Loyal Customer,52,Business Travel,Business,280,5,5,5,5,3,5,5,5,5,5,5,5,5,4.85,9,4,TRUE
Male,Loyal Customer,10,Personal Travel,Eco,224,2,4,2,3,3,2,2,3,5,4,4,3,3,3.08,8,4,FALSE
Female,Loyal Customer,30,Personal Travel,Eco,2556,2,3,2,2,3,2,5,3,1,3,3,4,3,2.77,13,9,FALSE
Female,Loyal Customer,35,Personal Travel,Eco,571,4,5,4,4,4,4,4,4,4,2,5,3,4,3.92,13,4,FALSE
Male,Loyal Customer,51,Business Travel,Business,3376,2,2,2,2,2,5,5,5,5,5,5,4,5,3.77,6,7,TRUE
Female,Loyal Customer,53,Personal Travel,Eco,1744,3,5,3,3,5,4,4,4,4,3,4,4,5,3.92,0,0,FALSE
Female,Loyal Customer,54,Business Travel,Business,3129,3,3,3,3,2,4,4,4,4,4,4,5,3,3.54,0,0,TRUE
Female,Loyal Customer,46,Personal Travel,Eco,247,3,4,3,1,5,4,4,3,3,3,3,3,4,3.31,8,6,FALSE
Male,Disloyal Customer,22,Business Travel,Eco,371,2,4,2,2,2,2,2,2,5,2,5,5,2,2.85,20,34,FALSE
Female,Disloyal Customer,20,Business Travel,Eco,214,2,0,2,2,5,2,5,5,4,2,5,5,5,3.38,3,13,FALSE
Female,Disloyal Customer,26,Business Travel,Business,802,3,0,3,4,2,3,2,2,3,5,4,4,2,2.85,0,0,FALSE
Female,Loyal Customer,58,Personal Travel,Eco,1846,1,5,1,3,3,1,2,5,5,1,5,5,3,3.08,0,0,FALSE
Male,Loyal Customer,50,Business Travel,Eco Plus,261,2,5,5,5,3,2,3,3,4,2,3,4,3,3.38,0,0,FALSE
Female,Loyal Customer,23,Personal Travel,Eco,1499,1,5,1,3,3,1,3,3,3,4,3,3,3,2.77,80,82,FALSE
Female,Loyal Customer,59,Business Travel,Eco,432,3,4,4,4,1,4,4,3,3,3,3,2,3,3.15,0,0,FALSE
Female,Loyal Customer,55,Business Travel,Business,2793,5,5,5,5,3,4,5,5,5,5,5,5,5,4.77,40,56,TRUE
Female,Loyal Customer,21,Personal Travel,Eco,2422,4,4,3,4,4,3,4,4,2,2,3,2,4,3.31,0,0,FALSE
Female,Loyal Customer,29,Business Travel,Business,447,1,3,3,3,1,2,1,1,3,2,4,1,1,2,0,0,FALSE
Male,Loyal Customer,59,Personal Travel,Eco,371,2,5,2,2,3,2,3,3,5,4,5,3,3,3.23,0,0,FALSE
Female,Loyal Customer,46,Business Travel,Business,163,2,2,2,2,2,4,4,5,5,5,5,4,5,3.62,0,0,TRUE
Female,Loyal Customer,48,Personal Travel,Eco,1085,1,4,1,3,2,3,4,4,4,1,4,3,4,2.92,0,0,FALSE
Male,Loyal Customer,66,Personal Travel,Eco,323,2,3,2,4,3,2,3,3,3,4,1,2,3,2.69,0,0,FALSE
Male,Loyal Customer,21,Personal Travel,Eco,714,2,4,2,2,1,2,1,1,3,5,4,3,1,2.38,123,105,FALSE
Female,Loyal Customer,23,Business Travel,Business,1694,2,2,2,2,5,5,5,5,2,3,2,1,5,3.15,0,0,TRUE
Male,Loyal Customer,57,Business Travel,Business,451,3,3,3,3,5,1,3,4,4,4,4,2,4,3.31,0,0,TRUE
Male,Loyal Customer,65,Personal Travel,Eco,473,2,5,2,1,2,5,5,3,5,1,5,5,5,3.54,146,157,FALSE
Female,Loyal Customer,24,Personal Travel,Eco,314,2,2,2,3,2,2,2,2,4,1,3,3,2,2.31,17,29,FALSE
Male,Loyal Customer,40,Personal Travel,Eco,1023,1,4,2,3,4,2,4,4,5,3,5,3,4,3.38,0,0,FALSE
Female,Loyal Customer,39,Business Travel,Business,805,4,4,4,4,2,2,2,4,4,4,4,5,5,3.69,43,66,TRUE
Male,Loyal Customer,56,Personal Travel,Eco Plus,399,1,4,1,1,5,1,5,5,4,4,4,4,5,3.38,0,0,FALSE
Male,Loyal Customer,48,Business Travel,Eco,802,4,1,2,1,4,4,4,4,3,4,4,4,4,3.31,0,0,FALSE
Female,Loyal Customer,52,Business Travel,Business,819,3,3,5,3,3,4,5,5,5,5,5,3,5,4.15,6,6,TRUE
Male,Loyal Customer,44,Business Travel,Business,3447,5,5,4,5,2,5,4,4,4,4,4,3,4,4.08,64,47,TRUE
Female,Loyal Customer,61,Business Travel,Business,3634,1,1,5,1,5,1,1,1,1,1,1,2,3,1.85,0,0,FALSE
Female,Disloyal Customer,40,Business Travel,Business,3302,1,1,1,3,1,5,2,4,1,3,4,2,2,2.31,34,19,FALSE
Male,Disloyal Customer,43,Business Travel,Eco,1016,2,2,2,1,1,2,1,1,1,2,3,5,1,1.85,23,0,FALSE
Male,Loyal Customer,50,Business Travel,Business,2613,1,1,1,1,4,5,5,5,5,5,5,5,5,3.69,0,1,TRUE
Male,Loyal Customer,12,Business Travel,Business,3566,1,1,3,1,3,3,3,3,2,1,5,2,3,2.38,0,2,TRUE
Male,Loyal Customer,36,Business Travel,Business,271,3,3,3,3,4,4,4,5,5,4,5,5,5,4.08,38,39,TRUE
Female,Loyal Customer,33,Business Travel,Business,1663,2,2,2,2,4,4,3,4,4,4,4,5,4,3.38,0,3,TRUE
Female,Loyal Customer,47,Business Travel,Business,577,5,5,5,5,4,5,4,5,5,5,5,3,5,4.69,30,47,TRUE
Male,Loyal Customer,36,Business Travel,Business,577,2,3,3,3,5,3,2,2,2,2,2,3,1,2.54,0,0,FALSE
Male,Loyal Customer,53,Business Travel,Eco,195,2,1,1,1,2,2,2,2,3,1,3,3,2,1.92,0,0,FALSE
Male,Loyal Customer,34,Business Travel,Business,1938,4,4,4,4,4,4,5,5,5,5,5,5,5,4.54,0,0,TRUE
Female,Loyal Customer,40,Business Travel,Business,135,3,3,3,3,2,5,5,4,4,4,5,3,4,3.69,0,45,TRUE
Male,Loyal Customer,27,Personal Travel,Eco,2565,3,0,3,5,3,4,4,5,4,5,5,4,4,3.77,1,0,FALSE
Female,Loyal Customer,37,Business Travel,Business,3636,2,2,2,2,4,4,5,5,5,5,4,3,4,3.62,0,0,TRUE
Male,Loyal Customer,41,Business Travel,Business,1608,4,4,4,4,4,5,5,5,5,5,5,5,3,4.46,3,11,TRUE
Male,Disloyal Customer,25,Business Travel,Eco,1070,1,1,1,4,4,1,4,4,2,3,3,2,4,2.62,75,87,FALSE
Male,Loyal Customer,46,Business Travel,Business,129,0,4,0,4,3,5,3,5,5,5,5,5,2,3.54,0,0,TRUE
Male,Loyal Customer,40,Business Travel,Business,1875,5,5,2,5,3,5,5,1,1,2,1,4,5,3.38,0,0,TRUE
Male,Loyal Customer,16,Personal Travel,Eco,667,5,5,5,5,2,5,2,2,4,4,4,3,2,3.69,0,0,TRUE
Female,Loyal Customer,31,Business Travel,Business,892,1,4,4,4,1,1,1,1,1,1,2,1,1,1.77,0,0,FALSE
Female,Loyal Customer,18,Personal Travel,Eco,965,3,5,3,1,4,3,4,4,5,2,5,3,4,3.54,0,0,FALSE
Male,Loyal Customer,60,Business Travel,Business,3753,2,2,2,2,4,3,2,5,5,5,3,3,1,3,0,0,TRUE
Female,Loyal Customer,38,Personal Travel,Eco,337,4,3,4,4,1,4,1,1,2,5,5,3,1,2.92,0,7,FALSE
Male,Loyal Customer,7,Personal Travel,Eco,957,2,5,2,1,3,2,3,3,3,2,5,3,3,2.85,2,5,FALSE
Female,Loyal Customer,62,Business Travel,Eco,226,2,5,5,5,1,3,3,2,2,2,2,4,2,2.92,45,31,FALSE
Male,Disloyal Customer,43,Business Travel,Eco,1004,3,3,3,4,3,3,3,3,2,2,2,2,3,2.77,59,54,FALSE
Male,Disloyal Customer,21,Business Travel,Eco,391,1,1,1,2,4,1,4,4,3,1,2,2,4,2.31,43,42,FALSE
Male,Loyal Customer,51,Personal Travel,Eco,442,1,4,3,3,3,3,3,3,1,4,1,5,3,2.85,20,17,FALSE
Female,Loyal Customer,39,Business Travel,Eco,251,3,2,2,2,3,3,3,3,4,2,4,3,3,2.85,15,18,FALSE
Male,Loyal Customer,52,Business Travel,Business,2332,4,4,4,4,5,5,5,5,5,5,5,5,4,4.62,52,57,TRUE
Male,Loyal Customer,37,Business Travel,Business,989,5,5,5,5,5,5,4,4,4,4,4,4,3,4.38,7,0,TRUE
Female,Loyal Customer,33,Business Travel,Business,516,3,3,3,3,4,3,2,3,3,3,3,1,4,2.92,0,7,FALSE
Female,Loyal Customer,21,Personal Travel,Business,277,2,4,2,3,2,2,2,2,3,4,4,4,2,2.77,7,72,FALSE
Female,Loyal Customer,50,Business Travel,Business,3254,3,2,2,2,4,4,3,3,3,3,3,3,2,2.85,42,36,FALSE
Female,Loyal Customer,26,Personal Travel,Business,207,4,1,4,3,3,4,2,3,3,4,2,1,3,2.85,77,78,FALSE
Female,Loyal Customer,13,Business Travel,Business,1635,3,2,2,2,3,3,3,3,3,4,4,4,3,3,1,9,FALSE
Male,Disloyal Customer,21,Business Travel,Eco,453,4,0,4,2,5,4,1,5,4,2,3,3,5,3.23,9,1,TRUE
Female,Loyal Customer,17,Personal Travel,Eco,408,2,4,2,3,3,2,3,3,5,3,5,3,3,3.15,5,3,FALSE
Male,Loyal Customer,60,Business Travel,Business,2175,2,2,2,2,3,5,5,5,5,5,5,4,3,3.69,10,0,TRUE
Male,Loyal Customer,24,Personal Travel,Business,818,2,5,2,1,3,2,3,3,3,5,3,4,3,3,0,6,FALSE
Female,Disloyal Customer,25,Business Travel,Eco,283,2,4,2,4,2,2,2,2,3,1,4,3,2,2.54,0,0,FALSE
Male,Loyal Customer,62,Business Travel,Eco,156,4,1,1,1,4,4,4,4,4,3,4,3,4,3.15,0,0,TRUE
Female,Disloyal Customer,9,Business Travel,Eco,849,2,2,2,3,2,2,2,2,4,3,3,1,2,2.31,44,61,FALSE
Female,Loyal Customer,35,Business Travel,Business,3983,3,3,3,3,2,4,5,4,4,4,4,3,5,3.62,0,0,TRUE
Male,Loyal Customer,37,Business Travel,Eco,408,2,4,4,4,2,2,2,2,1,3,3,4,2,2.69,0,0,FALSE
Female,Loyal Customer,41,Business Travel,Eco,190,5,3,3,3,5,5,5,5,4,1,3,3,5,3.85,0,0,TRUE
Female,Loyal Customer,33,Business Travel,Eco,216,2,4,4,4,2,2,2,2,3,3,3,1,2,2.62,8,6,FALSE
Male,Loyal Customer,28,Personal Travel,Business,696,3,5,3,2,5,3,5,5,5,5,5,3,5,4.15,0,0,FALSE
Male,Disloyal Customer,22,Business Travel,Eco,1404,4,4,4,2,2,4,3,2,4,1,3,4,2,3,0,0,FALSE
Female,Loyal Customer,17,Personal Travel,Eco,936,3,4,3,4,2,3,2,2,3,1,3,2,2,2.62,12,14,FALSE
Female,Loyal Customer,35,Business Travel,Business,3505,2,2,2,2,4,1,5,4,4,4,4,4,1,3,0,0,TRUE
Female,Disloyal Customer,40,Business Travel,Business,240,1,1,1,3,1,1,1,1,5,5,4,4,1,2.23,2,5,FALSE
Male,Disloyal Customer,28,Business Travel,Business,507,2,2,2,4,2,2,2,2,4,5,5,4,2,2.92,0,0,FALSE
Female,Disloyal Customer,27,Business Travel,Eco,737,1,1,1,3,1,1,1,1,3,2,3,2,1,1.62,1,1,FALSE
Male,Loyal Customer,50,Business Travel,Business,128,2,4,4,4,5,4,4,3,3,3,2,2,1,3.15,0,0,FALSE
Male,Loyal Customer,31,Business Travel,Business,1706,4,2,2,2,4,3,4,4,1,5,4,4,4,3.31,2,6,FALSE
Female,Loyal Customer,29,Business Travel,Eco,1124,4,1,3,3,4,4,4,4,2,1,3,3,4,3.08,0,0,FALSE
Male,Loyal Customer,41,Business Travel,Business,3544,4,4,4,4,5,5,4,3,3,4,3,4,4,3.92,0,0,TRUE
Male,Loyal Customer,65,Personal Travel,Eco,588,2,3,2,3,5,2,5,5,4,2,3,1,5,3.23,0,0,FALSE
Male,Loyal Customer,33,Personal Travel,Eco,587,3,1,3,3,4,3,4,4,1,4,4,3,4,3.15,36,29,FALSE
Male,Loyal Customer,65,Personal Travel,Eco,1598,3,1,4,2,5,4,3,5,2,4,2,3,5,3.31,0,0,FALSE
Male,Loyal Customer,44,Personal Travel,Eco Plus,772,4,4,4,3,2,4,2,2,2,5,1,2,2,2.85,0,0,FALSE
Male,Loyal Customer,33,Personal Travel,Eco,946,1,2,1,3,5,1,5,5,2,4,3,2,5,3,9,5,FALSE
Female,Loyal Customer,41,Business Travel,Business,251,0,0,0,5,2,5,4,4,4,4,4,3,4,3,0,0,TRUE
Male,Disloyal Customer,28,Business Travel,Business,1045,4,4,4,3,1,4,1,1,5,5,4,3,1,3.08,0,0,FALSE
Male,Loyal Customer,25,Business Travel,Business,1508,5,5,5,5,4,5,4,4,1,5,3,4,4,4.15,0,0,TRUE
Male,Loyal Customer,55,Business Travel,Business,3325,1,1,1,1,3,5,4,4,4,4,4,5,5,3.23,0,0,TRUE
Male,Loyal Customer,24,Personal Travel,Eco,239,4,4,0,3,2,0,2,2,4,3,4,4,2,2.62,0,0,FALSE
Male,Disloyal Customer,23,Business Travel,Eco,2583,4,4,4,4,3,4,3,3,3,4,5,3,3,3.62,24,28,TRUE
Male,Loyal Customer,60,Personal Travel,Eco Plus,1464,3,4,3,1,3,3,1,3,4,4,2,1,3,2.69,1,5,FALSE
Female,Loyal Customer,47,Personal Travel,Eco,674,5,5,5,2,5,4,4,2,2,5,2,5,3,3.77,8,1,TRUE
Female,Disloyal Customer,7,Business Travel,Eco,1355,3,2,2,1,3,3,3,3,4,5,4,4,3,3.08,0,0,FALSE
Male,Disloyal Customer,38,Business Travel,Business,351,2,2,2,3,1,2,1,1,3,4,3,2,1,2.08,26,38,FALSE
Female,Loyal Customer,39,Business Travel,Business,853,3,3,3,3,2,5,5,4,4,4,4,3,5,3.69,48,44,TRUE
Female,Loyal Customer,44,Business Travel,Eco,524,5,1,1,1,3,4,5,5,5,5,5,1,5,3.54,68,58,TRUE
Male,Loyal Customer,56,Personal Travel,Eco,508,2,5,4,1,3,4,3,3,4,4,5,3,3,3.38,33,53,FALSE
Female,Loyal Customer,52,Business Travel,Business,1416,1,1,1,1,3,4,5,4,4,4,4,4,3,3,9,20,TRUE
Female,Disloyal Customer,25,Business Travel,Eco Plus,471,3,4,3,3,2,3,2,2,1,1,4,3,2,2.54,0,0,FALSE
Male,Loyal Customer,54,Personal Travel,Eco,338,1,4,1,1,2,1,2,2,5,5,4,3,2,2.54,11,7,FALSE
Male,Disloyal Customer,42,Business Travel,Eco,429,3,4,2,5,1,2,1,1,1,1,2,4,1,2.15,0,0,FALSE
Male,Loyal Customer,61,Personal Travel,Eco,577,2,1,2,3,2,2,2,2,1,4,3,1,2,2.08,0,0,FALSE
Male,Loyal Customer,71,Business Travel,Business,3979,4,4,4,4,1,5,4,4,4,4,4,5,3,3.85,0,0,TRUE
Female,Loyal Customer,39,Business Travel,Business,270,4,4,4,4,2,4,5,5,5,5,5,3,4,4.15,0,0,TRUE
Male,Disloyal Customer,12,Business Travel,Business,1075,5,0,4,4,3,4,3,3,1,1,3,5,3,3,11,42,TRUE
Female,Disloyal Customer,28,Business Travel,Business,488,3,4,4,4,5,4,5,5,3,4,5,4,5,4.23,0,0,FALSE
Female,Loyal Customer,52,Business Travel,Business,1837,1,1,1,1,5,4,3,4,4,4,4,4,2,2.92,0,0,TRUE
Male,Loyal Customer,38,Personal Travel,Business,2295,3,3,3,3,3,5,5,3,3,3,2,5,5,3.54,78,94,FALSE
Male,Loyal Customer,16,Personal Travel,Eco,1481,4,1,4,3,1,4,1,1,1,1,3,2,1,2.08,2,0,TRUE
Male,Loyal Customer,29,Business Travel,Business,1372,3,3,3,3,5,5,5,5,4,4,5,4,5,4.15,0,0,TRUE
Female,Loyal Customer,30,Business Travel,Business,2100,4,4,2,4,5,4,5,5,3,4,4,3,5,4,0,0,TRUE
Female,Disloyal Customer,62,Business Travel,Business,414,4,4,4,3,3,4,3,3,3,5,5,3,3,3.62,6,1,FALSE
Male,Loyal Customer,34,Personal Travel,Eco Plus,2288,4,4,3,4,3,3,3,3,1,2,3,1,3,2.85,0,0,FALSE
Male,Loyal Customer,66,Personal Travel,Eco Plus,782,2,4,2,1,5,2,5,5,5,3,5,3,5,3.62,0,0,FALSE
Female,Loyal Customer,7,Personal Travel,Eco,305,2,5,2,1,4,2,4,4,3,5,5,5,4,3.54,0,0,FALSE
Female,Loyal Customer,51,Business Travel,Eco,151,4,3,3,3,3,2,1,4,4,4,4,2,4,3.15,0,0,TRUE
Female,Loyal Customer,29,Business Travel,Business,1504,5,4,5,5,5,5,5,5,5,2,2,3,5,4.31,0,0,TRUE
Female,Disloyal Customer,50,Business Travel,Business,591,1,1,1,3,1,1,1,1,4,2,5,3,1,1.92,0,0,FALSE
Female,Loyal Customer,40,Business Travel,Business,2887,5,5,5,5,3,5,1,4,4,4,4,2,4,3.92,16,0,TRUE
Female,Disloyal Customer,30,Business Travel,Eco,416,3,2,3,3,3,3,3,3,3,5,4,3,3,3.15,0,0,FALSE
Male,Loyal Customer,41,Personal Travel,Eco,455,3,2,2,4,3,2,3,3,4,2,4,3,3,2.92,0,0,FALSE
Female,Loyal Customer,36,Personal Travel,Eco,254,3,5,3,3,2,3,2,2,3,2,4,4,2,2.92,0,2,FALSE
Female,Disloyal Customer,22,Business Travel,Eco,2296,4,4,4,3,3,4,3,3,4,5,3,4,3,3.62,0,8,FALSE
Female,Loyal Customer,45,Personal Travel,Eco Plus,1024,3,2,3,3,4,4,4,2,2,3,2,1,2,2.69,42,43,FALSE
Female,Loyal Customer,44,Business Travel,Business,190,3,3,3,3,1,3,3,3,3,3,3,1,3,2.69,0,0,FALSE
Male,Disloyal Customer,25,Business Travel,Business,283,4,0,4,1,3,4,3,3,3,3,5,4,3,3.08,1,0,FALSE
Male,Loyal Customer,13,Personal Travel,Eco,516,1,4,4,5,1,4,1,1,3,4,4,4,1,2.85,15,18,FALSE
Female,Disloyal Customer,29,Business Travel,Eco,251,4,3,4,4,4,5,5,3,5,4,3,5,5,4.15,211,190,FALSE
Male,Loyal Customer,17,Personal Travel,Eco,650,3,5,2,2,5,2,5,5,5,4,3,4,5,3.85,40,49,FALSE
Male,Loyal Customer,23,Personal Travel,Eco,526,2,4,4,2,1,4,1,1,5,3,5,3,1,2.77,78,78,FALSE
Female,Loyal Customer,31,Business Travel,Business,594,4,5,4,5,4,4,4,4,3,3,4,2,4,3.85,0,0,FALSE
Male,Loyal Customer,63,Personal Travel,Eco Plus,1514,2,4,1,3,5,1,1,5,3,4,3,2,5,3,0,0,FALSE
Female,Loyal Customer,52,Business Travel,Eco,459,1,3,3,3,2,3,3,1,1,1,1,3,3,2.15,0,3,FALSE
Male,Loyal Customer,38,Business Travel,Eco,718,4,4,4,4,4,4,4,4,3,4,3,4,4,3.85,36,39,TRUE
Male,Loyal Customer,32,Business Travel,Eco Plus,187,2,2,2,2,2,3,2,2,4,1,3,2,2,2.23,1,0,FALSE
Male,Loyal Customer,52,Business Travel,Eco,2355,2,2,2,2,2,2,2,2,2,3,4,2,2,2.23,0,40,FALSE
Male,Loyal Customer,21,Business Travel,Business,2455,1,1,2,1,4,4,4,4,5,4,5,5,4,3.38,0,0,TRUE
Female,Loyal Customer,9,Business Travel,Business,1797,1,5,5,5,1,1,1,1,1,3,2,2,1,2.23,0,0,FALSE
Male,Loyal Customer,46,Business Travel,Business,4000,2,2,2,2,3,5,5,4,4,4,4,5,4,3.54,33,27,TRUE
Male,Loyal Customer,34,Business Travel,Business,1527,0,0,0,3,5,5,4,2,2,2,2,4,5,2.62,4,0,TRUE
Female,Disloyal Customer,54,Business Travel,Eco,238,4,4,4,4,2,4,2,2,5,4,1,3,2,3.15,91,81,TRUE
Female,Loyal Customer,14,Personal Travel,Eco,366,3,5,3,3,4,3,4,4,3,5,5,1,4,3.62,0,10,FALSE
Female,Disloyal Customer,24,Business Travel,Eco,602,2,2,2,3,1,2,1,1,3,1,3,4,1,2,97,94,FALSE
Male,Loyal Customer,36,Business Travel,Business,533,2,2,2,2,2,5,5,5,5,5,5,5,4,3.77,0,1,TRUE
Female,Loyal Customer,54,Business Travel,Eco,1744,3,3,3,3,2,4,3,3,3,3,3,2,3,2.92,9,25,FALSE
Male,Loyal Customer,16,Personal Travel,Eco,2072,1,4,1,2,5,1,4,5,4,5,5,4,5,3.54,27,18,FALSE
Male,Disloyal Customer,29,Business Travel,Eco,862,2,2,2,3,3,2,3,3,3,1,4,1,3,2.46,0,14,FALSE
Male,Loyal Customer,58,Business Travel,Business,3147,3,3,3,3,5,1,3,4,4,5,4,4,4,3.54,30,57,TRUE
Male,Loyal Customer,42,Business Travel,Business,2505,5,4,5,5,1,1,5,5,5,5,5,4,5,4.23,0,0,TRUE
Female,Disloyal Customer,26,Business Travel,Business,1092,3,3,3,3,5,3,5,5,3,3,5,4,5,3.85,0,0,FALSE
Male,Loyal Customer,8,Personal Travel,Eco,300,2,4,2,1,3,2,3,3,5,4,5,4,3,3.15,0,14,FALSE
Male,Loyal Customer,48,Business Travel,Eco,416,5,2,2,2,5,5,5,5,4,4,1,2,5,3.62,116,106,TRUE
Female,Loyal Customer,8,Personal Travel,Eco,197,2,5,2,4,4,2,4,4,4,3,2,4,4,3.38,41,24,FALSE
Male,Loyal Customer,8,Personal Travel,Eco,296,3,5,3,3,2,3,2,2,5,2,4,5,2,3.15,0,0,FALSE
Female,Loyal Customer,33,Business Travel,Business,362,1,1,1,1,4,4,5,4,4,4,4,3,3,3,0,0,TRUE
Female,Loyal Customer,48,Personal Travel,Eco,576,4,4,4,3,5,4,5,5,5,4,5,4,4,4.31,0,0,FALSE
Female,Loyal Customer,45,Business Travel,Business,1690,5,2,5,5,2,5,4,3,3,3,3,3,5,3.69,0,0,TRUE
Female,Disloyal Customer,26,Business Travel,Business,577,0,0,0,3,5,0,5,5,3,5,4,5,5,3.08,0,0,TRUE
Female,Loyal Customer,48,Business Travel,Business,2585,3,3,3,3,2,4,5,4,4,4,4,5,4,3.69,0,0,TRUE
Female,Disloyal Customer,29,Business Travel,Business,2475,1,1,1,2,2,1,2,2,4,2,3,5,2,2.15,29,11,FALSE
Male,Loyal Customer,47,Personal Travel,Eco,599,3,5,3,2,2,3,2,2,5,3,4,5,2,3.15,0,0,FALSE
Male,Loyal Customer,48,Business Travel,Business,3777,1,1,1,1,5,1,2,5,5,5,5,3,2,2.85,0,22,TRUE
Male,Loyal Customer,42,Business Travel,Eco,773,3,2,2,2,4,3,4,4,2,1,4,4,4,3,0,0,FALSE
Male,Loyal Customer,53,Business Travel,Business,170,4,4,4,4,5,4,5,4,4,4,3,3,5,4.08,14,2,TRUE
Female,Disloyal Customer,25,Business Travel,Eco,1195,4,4,4,3,5,4,3,5,2,4,4,3,5,3.85,0,0,TRUE
Female,Loyal Customer,42,Business Travel,Business,2072,2,2,4,2,4,5,5,4,4,4,4,4,4,3.69,0,0,TRUE
Male,Loyal Customer,14,Personal Travel,Eco Plus,954,2,4,2,4,5,2,5,5,1,1,1,1,5,2.92,0,16,FALSE
Female,Loyal Customer,64,Business Travel,Business,2363,2,4,5,4,5,4,4,2,2,2,2,4,2,3.23,5,0,FALSE
Male,Loyal Customer,45,Business Travel,Business,3444,2,2,2,2,5,5,5,4,3,5,5,5,5,3.85,183,178,TRUE
Male,Loyal Customer,50,Business Travel,Business,3356,1,4,4,4,3,1,2,1,1,1,1,1,2,2,1,0,FALSE
Male,Disloyal Customer,38,Business Travel,Eco,399,2,5,1,2,1,1,1,1,4,1,5,3,1,2.15,42,28,FALSE
Male,Loyal Customer,25,Personal Travel,Eco,721,3,5,3,2,5,3,5,5,2,5,5,4,5,4,40,42,FALSE
Female,Loyal Customer,15,Personal Travel,Business,1747,1,5,1,1,5,1,5,5,3,2,4,4,5,3.23,4,25,FALSE
Female,Loyal Customer,49,Personal Travel,Eco,1400,3,3,3,5,5,4,5,2,2,3,1,1,3,3.08,0,0,FALSE
Female,Loyal Customer,24,Personal Travel,Eco,304,1,5,2,3,1,2,1,1,3,4,5,4,1,2.54,44,37,FALSE
Female,Loyal Customer,69,Business Travel,Eco,378,4,3,5,3,3,2,4,5,5,4,5,4,4,3.92,0,0,TRUE
Male,Disloyal Customer,24,Business Travel,Eco,284,4,2,4,3,2,4,2,2,4,5,3,2,2,3,102,113,FALSE
Female,Loyal Customer,40,Business Travel,Business,1809,3,3,3,3,3,4,4,5,5,5,5,5,3,3.92,3,0,TRUE
Male,Loyal Customer,33,Business Travel,Business,192,3,3,3,3,5,5,4,5,1,3,5,2,5,3.62,0,0,TRUE
Female,Loyal Customer,15,Personal Travel,Eco,612,5,5,5,3,4,5,4,4,4,2,4,4,4,4.08,0,0,TRUE
Female,Loyal Customer,58,Business Travel,Business,2852,2,5,5,5,2,3,3,2,2,2,2,2,3,2.92,0,0,FALSE
Female,Disloyal Customer,46,Business Travel,Business,1061,3,3,3,3,5,3,5,5,3,2,4,3,5,3.62,0,5,TRUE
Male,Loyal Customer,43,Business Travel,Business,2104,5,5,4,5,2,5,3,5,5,5,5,4,3,4.31,0,0,TRUE
Male,Disloyal Customer,11,Business Travel,Eco,826,2,2,2,3,3,2,3,3,4,5,3,1,3,2.77,17,6,FALSE
Female,Disloyal Customer,23,Business Travel,Eco,287,3,0,4,2,2,4,2,2,5,1,4,5,2,2.77,42,34,FALSE
Female,Loyal Customer,17,Personal Travel,Eco,404,3,4,3,3,5,3,5,5,5,3,4,3,5,3.92,4,0,FALSE
Male,Loyal Customer,53,Business Travel,Business,2275,3,3,3,3,2,5,5,4,4,4,4,5,3,3.69,0,9,TRUE
Female,Loyal Customer,65,Personal Travel,Eco,587,3,5,3,5,3,4,5,1,1,3,1,4,4,3.23,3,24,FALSE
Female,Disloyal Customer,39,Business Travel,Eco,366,1,0,2,5,4,2,4,4,3,1,2,2,4,2.62,4,0,FALSE
Male,Loyal Customer,37,Personal Travel,Eco,1407,2,4,2,2,2,2,2,2,4,1,5,5,2,2.69,4,7,FALSE
Male,Loyal Customer,25,Business Travel,Business,2063,1,1,1,1,5,5,5,5,4,2,5,3,5,3.31,0,0,TRUE
Female,Loyal Customer,53,Business Travel,Business,2752,5,5,5,5,5,5,5,5,5,5,5,4,3,4.77,0,0,TRUE
Female,Loyal Customer,41,Business Travel,Business,214,2,2,2,2,2,4,5,5,5,5,5,5,3,3.62,0,2,TRUE
Female,Disloyal Customer,47,Business Travel,Eco,817,2,2,2,1,5,2,5,5,4,2,4,4,5,3.31,0,7,FALSE
Male,Loyal Customer,39,Business Travel,Business,3297,2,1,1,1,2,2,2,2,2,1,2,3,2,1.77,5,1,FALSE
Male,Loyal Customer,49,Business Travel,Eco,563,5,1,1,1,5,5,5,5,3,2,2,5,5,3.46,6,24,TRUE
Female,Loyal Customer,51,Business Travel,Business,1325,3,4,4,4,5,4,3,3,3,3,3,3,1,3.31,0,0,FALSE
Female,Loyal Customer,49,Business Travel,Business,3804,3,3,3,3,5,4,4,5,5,4,5,4,4,4,42,32,TRUE
Female,Disloyal Customer,45,Business Travel,Business,1089,3,3,3,5,4,3,4,4,5,4,5,3,4,3.85,117,111,FALSE
Male,Loyal Customer,57,Business Travel,Eco,683,1,0,0,3,4,1,2,4,2,4,4,4,4,2.54,30,33,FALSE
Male,Loyal Customer,40,Business Travel,Eco,391,4,1,5,1,4,4,4,4,2,4,5,5,4,3.62,0,2,TRUE
Male,Loyal Customer,60,Personal Travel,Eco,192,3,5,0,4,3,0,3,3,3,2,5,3,3,2.85,26,24,FALSE
Female,Loyal Customer,47,Personal Travel,Eco,1056,3,4,3,3,4,5,4,4,4,3,3,4,4,3.69,37,18,FALSE
Male,Loyal Customer,51,Business Travel,Business,542,3,3,3,3,3,5,4,3,3,3,3,5,3,3.38,52,67,TRUE
Male,Loyal Customer,30,Personal Travel,Business,2172,1,5,2,4,4,2,4,4,4,4,4,5,4,3.62,3,13,FALSE
Male,Loyal Customer,40,Business Travel,Business,1536,5,5,5,5,2,5,4,5,5,5,5,5,5,4.69,94,109,TRUE
Female,Loyal Customer,46,Business Travel,Business,2309,3,1,1,1,5,4,3,3,3,3,3,2,1,2.54,0,0,FALSE
Female,Loyal Customer,27,Personal Travel,Eco,642,4,2,4,3,3,4,3,3,2,4,2,3,3,3.08,0,0,TRUE
Male,Loyal Customer,58,Personal Travel,Eco,383,3,2,3,2,1,3,1,1,1,1,3,2,1,1.85,0,0,FALSE
Male,Loyal Customer,69,Personal Travel,Eco,304,3,2,3,3,5,3,5,5,1,1,4,2,5,3.23,15,8,FALSE
Female,Disloyal Customer,59,Business Travel,Eco,436,4,0,4,4,2,4,2,2,2,5,5,1,2,2.85,0,0,FALSE
Female,Loyal Customer,42,Business Travel,Eco Plus,325,5,5,5,5,1,2,3,5,5,5,5,3,4,4.08,12,0,TRUE
Female,Loyal Customer,42,Business Travel,Eco,302,1,5,5,5,2,3,4,1,1,1,1,3,2,2.62,9,2,FALSE
Male,Loyal Customer,15,Business Travel,Business,2642,5,5,5,5,4,4,4,4,4,4,4,5,4,4.38,0,0,TRUE
Female,Loyal Customer,51,Business Travel,Business,1930,1,3,3,3,2,4,3,1,1,1,1,3,3,2.23,0,0,FALSE
Male,Loyal Customer,41,Business Travel,Business,3309,2,2,2,2,5,5,5,3,3,3,3,4,3,3.23,0,0,TRUE
Male,Loyal Customer,42,Personal Travel,Eco,521,3,4,5,1,3,5,2,3,5,5,4,4,3,3.62,0,0,FALSE
Female,Disloyal Customer,28,Business Travel,Business,1189,2,2,2,3,1,2,1,1,4,2,4,4,1,2.23,2,0,FALSE
Male,Disloyal Customer,35,Business Travel,Business,2586,3,3,3,1,3,5,5,5,3,5,4,5,5,3.85,79,54,FALSE
Male,Loyal Customer,28,Business Travel,Business,3159,2,2,2,2,5,5,5,5,5,4,3,1,5,3.54,0,0,TRUE
Male,Loyal Customer,54,Business Travel,Eco,954,4,5,5,5,4,4,4,4,1,2,2,5,4,3.77,0,0,TRUE
Female,Loyal Customer,52,Personal Travel,Eco,325,4,5,4,4,1,2,4,3,3,4,3,5,4,3.54,32,30,FALSE
Male,Loyal Customer,44,Business Travel,Business,2000,1,2,2,2,1,3,4,1,1,1,1,3,4,2,53,75,FALSE
Male,Loyal Customer,45,Business Travel,Business,2673,2,2,2,2,5,4,5,4,4,4,4,3,5,3.54,0,0,TRUE
Male,Loyal Customer,41,Business Travel,Eco,200,5,3,2,3,5,5,5,5,3,4,4,5,5,4.15,0,0,TRUE
Male,Loyal Customer,62,Business Travel,Eco,456,5,5,5,5,5,5,5,5,5,1,3,5,5,4.54,0,5,TRUE
Male,Loyal Customer,52,Personal Travel,Eco,977,1,4,1,5,3,1,3,3,4,2,5,5,3,3.08,0,5,FALSE
Female,Loyal Customer,37,Business Travel,Business,3011,0,1,1,3,2,3,1,3,3,1,1,4,5,2.15,28,25,TRUE
Female,Loyal Customer,30,Personal Travel,Eco,308,2,1,2,3,1,2,2,1,4,2,2,4,1,2.08,0,0,FALSE
Male,Disloyal Customer,21,Business Travel,Eco,441,3,4,3,3,1,3,1,1,4,5,4,3,1,2.77,0,0,FALSE
Male,Disloyal Customer,20,Business Travel,Eco,1739,4,4,4,5,2,4,2,2,5,5,4,5,2,3.69,0,32,TRUE
Female,Loyal Customer,43,Business Travel,Business,1590,3,3,5,3,2,5,4,5,5,5,5,4,4,4.08,1,4,TRUE
Female,Loyal Customer,21,Personal Travel,Eco,476,2,4,2,3,2,2,2,2,4,5,3,3,2,2.77,91,92,FALSE
Male,Loyal Customer,25,Personal Travel,Eco Plus,471,2,4,1,3,5,1,5,5,1,5,3,1,5,3.15,0,0,FALSE
Female,Loyal Customer,60,Business Travel,Eco,651,2,5,5,5,1,3,4,2,2,2,2,4,2,3,0,0,FALSE
Female,Loyal Customer,15,Personal Travel,Eco,368,3,4,3,2,3,3,3,3,1,5,4,1,3,2.92,0,0,FALSE
Female,Disloyal Customer,54,Business Travel,Eco,101,1,3,1,3,2,1,1,2,4,3,2,4,2,2.23,0,0,FALSE
Male,Disloyal Customer,27,Business Travel,Business,545,4,4,4,3,2,4,1,2,5,3,5,4,2,3.31,0,0,TRUE
Male,Loyal Customer,58,Business Travel,Business,1190,4,4,4,4,1,5,2,4,4,4,4,3,1,3.38,7,11,TRUE
Male,Loyal Customer,52,Business Travel,Eco Plus,325,1,4,4,4,1,1,1,1,4,2,4,2,1,2.31,0,2,FALSE
Female,Loyal Customer,55,Business Travel,Business,3346,4,4,4,4,5,5,5,5,5,5,5,4,3,4.46,0,0,TRUE
Female,Loyal Customer,46,Business Travel,Eco Plus,837,5,3,3,3,1,5,1,5,5,5,5,5,2,3.69,0,2,TRUE
Female,Loyal Customer,34,Personal Travel,Eco Plus,150,4,4,4,1,4,4,4,4,5,5,5,3,4,3.92,0,0,FALSE
Male,Disloyal Customer,20,Business Travel,Eco,1149,2,2,2,2,3,2,3,3,4,4,4,3,3,2.85,80,67,FALSE
Male,Loyal Customer,58,Personal Travel,Eco,406,3,5,3,1,1,3,1,1,4,5,3,5,1,2.77,0,14,FALSE
Female,Loyal Customer,50,Business Travel,Business,147,2,2,2,2,3,4,5,5,5,5,5,2,3,3.46,0,0,TRUE
Male,Loyal Customer,47,Personal Travel,Eco,785,2,4,2,4,4,2,4,4,4,5,4,3,4,3.54,0,17,FALSE
Male,Loyal Customer,60,Personal Travel,Eco Plus,1171,3,4,3,3,3,3,3,3,5,5,3,3,3,3.38,19,2,FALSE
Female,Disloyal Customer,35,Business Travel,Business,1065,2,2,2,5,3,2,3,3,4,5,5,3,3,3.23,0,0,FALSE
Female,Disloyal Customer,43,Business Travel,Eco,1141,4,4,4,5,3,4,3,3,4,3,1,1,3,3.23,41,18,FALSE
Female,Loyal Customer,18,Personal Travel,Eco,1124,2,5,3,5,5,3,3,5,5,4,5,3,5,4.08,20,12,FALSE
Male,Loyal Customer,58,Personal Travel,Eco,852,1,5,1,3,2,1,4,2,4,2,5,3,2,2.69,0,0,FALSE
Male,Loyal Customer,44,Business Travel,Business,3689,1,5,5,5,4,3,4,1,1,1,1,4,4,3,67,50,FALSE
Male,Loyal Customer,52,Personal Travel,Eco,632,2,5,2,2,5,2,5,5,3,2,5,5,5,3.69,5,0,FALSE
Female,Disloyal Customer,24,Business Travel,Eco,317,2,5,2,5,5,2,5,5,3,4,5,5,5,4.08,0,2,FALSE
Male,Loyal Customer,55,Business Travel,Business,569,3,5,5,5,1,3,4,3,3,3,3,1,3,3.23,0,0,FALSE
Female,Loyal Customer,53,Business Travel,Business,2174,5,5,5,5,3,5,5,4,4,4,4,3,3,4.23,15,3,TRUE
Male,Loyal Customer,48,Business Travel,Business,89,4,4,4,4,4,4,5,4,4,4,4,4,5,4.15,19,16,TRUE
Male,Loyal Customer,55,Business Travel,Business,2898,4,4,4,4,3,5,5,4,4,4,4,3,3,3.92,0,0,TRUE
Female,Loyal Customer,14,Personal Travel,Eco Plus,452,3,3,1,3,4,1,4,4,2,3,3,3,4,2.92,0,1,FALSE
Male,Loyal Customer,41,Personal Travel,Eco,547,4,4,3,4,5,3,4,5,4,3,4,1,5,3.77,0,0,FALSE
Female,Loyal Customer,56,Business Travel,Business,1986,1,1,5,1,5,5,4,4,4,4,4,5,5,3.69,0,0,TRUE
Female,Loyal Customer,17,Business Travel,Eco,308,3,4,4,4,3,3,2,3,4,2,2,1,3,2.92,0,0,FALSE
Female,Loyal Customer,51,Business Travel,Business,139,3,3,4,3,2,5,5,4,4,4,4,3,4,3.69,0,0,TRUE
Male,Disloyal Customer,37,Business Travel,Eco Plus,503,1,1,1,2,5,1,5,5,4,5,2,1,5,2.92,24,27,FALSE
Male,Loyal Customer,33,Business Travel,Business,3837,4,5,4,4,4,4,4,4,5,3,4,3,4,4,0,0,TRUE
Female,Loyal Customer,19,Personal Travel,Eco,177,3,1,3,2,2,3,1,2,4,2,1,3,2,2.23,4,0,FALSE
Male,Loyal Customer,38,Business Travel,Business,3113,2,1,1,1,1,3,4,2,2,2,2,4,4,2.23,17,15,FALSE
Female,Loyal Customer,58,Business Travel,Business,1045,1,1,1,1,3,5,5,5,5,5,5,3,4,3.38,0,0,TRUE
Female,Loyal Customer,66,Business Travel,Business,412,3,4,3,3,1,4,4,5,5,5,5,4,4,3.85,0,0,TRUE
Male,Loyal Customer,46,Business Travel,Business,338,5,5,5,5,3,4,4,4,4,4,4,3,5,4.23,0,0,TRUE
Female,Loyal Customer,69,Personal Travel,Eco,1590,2,5,1,4,5,3,4,4,4,1,4,4,4,3.46,18,15,FALSE
Female,Loyal Customer,61,Personal Travel,Eco,519,4,5,4,4,4,5,4,5,5,4,5,4,4,4.38,7,5,TRUE
Female,Loyal Customer,20,Personal Travel,Eco,650,1,4,1,4,4,1,4,4,4,2,5,5,4,3.31,0,10,FALSE
Female,Loyal Customer,52,Business Travel,Business,2104,0,5,0,3,5,5,5,4,4,4,4,4,3,3.54,63,67,TRUE
Male,Loyal Customer,54,Business Travel,Business,1096,3,3,3,3,5,4,4,2,2,2,2,4,5,3.23,3,6,TRUE
Male,Loyal Customer,24,Business Travel,Business,3322,2,4,4,4,2,2,2,2,4,3,2,1,2,2.62,0,0,FALSE
Male,Loyal Customer,19,Personal Travel,Eco,1020,3,0,4,1,4,4,4,4,4,2,4,2,4,3.08,0,0,FALSE
Female,Loyal Customer,26,Business Travel,Business,1448,2,2,2,2,4,4,4,4,3,1,3,4,4,3,0,0,TRUE
Male,Loyal Customer,44,Business Travel,Business,2317,3,3,3,3,4,4,1,5,5,5,5,4,2,3.62,116,104,TRUE
Male,Loyal Customer,59,Business Travel,Eco,1671,4,4,4,4,4,4,4,4,4,5,4,2,4,3.92,0,0,FALSE
Female,Loyal Customer,34,Personal Travel,Eco,723,3,4,3,2,4,3,4,4,2,3,5,5,4,3.54,0,0,FALSE
Male,Loyal Customer,67,Business Travel,Eco,483,4,3,3,3,4,4,4,4,2,1,4,4,4,3.38,6,3,FALSE
Female,Loyal Customer,68,Personal Travel,Eco Plus,1192,2,4,2,3,4,3,5,3,3,2,3,5,4,3.31,0,0,FALSE
Female,Disloyal Customer,28,Business Travel,Eco,546,4,0,4,3,4,4,4,4,1,5,3,4,4,3.38,26,20,FALSE
Female,Loyal Customer,30,Business Travel,Business,1182,5,5,5,5,5,5,5,5,3,5,4,5,5,4.77,0,0,TRUE
Male,Loyal Customer,33,Personal Travel,Eco Plus,543,4,5,4,5,5,4,5,5,4,5,4,3,5,4.46,2,1,TRUE
Male,Loyal Customer,10,Personal Travel,Business,414,5,5,5,2,3,5,4,3,1,4,5,1,3,3.54,11,0,TRUE
Male,Disloyal Customer,18,Business Travel,Eco,618,0,2,0,5,1,0,1,1,2,1,3,1,1,1.38,0,0,TRUE
Female,Loyal Customer,51,Business Travel,Business,334,5,5,5,5,5,5,5,4,4,5,4,3,5,4.62,23,25,TRUE
Female,Loyal Customer,48,Business Travel,Business,607,1,1,1,1,5,5,4,5,5,5,5,4,3,3.46,6,0,TRUE
Female,Loyal Customer,60,Business Travel,Eco,446,3,5,5,5,1,4,4,3,3,3,3,4,3,3.54,0,0,FALSE
Male,Loyal Customer,23,Personal Travel,Eco,763,1,2,1,3,1,1,5,1,3,2,3,4,1,2.15,0,0,FALSE
Female,Loyal Customer,41,Business Travel,Business,323,5,5,5,5,4,5,4,4,4,4,4,4,4,4.38,0,0,TRUE
Female,Disloyal Customer,20,Business Travel,Eco,370,2,2,2,3,3,2,3,3,3,5,3,1,3,2.69,0,0,FALSE
Female,Loyal Customer,50,Business Travel,Business,1507,4,4,4,4,2,4,4,4,4,5,4,5,3,3.92,0,0,TRUE
Female,Loyal Customer,41,Business Travel,Business,594,4,4,4,4,2,4,5,5,5,5,5,3,4,4.15,0,0,TRUE
Female,Loyal Customer,9,Personal Travel,Eco,733,5,4,4,2,4,4,4,4,4,1,3,5,4,3.69,0,0,TRUE
Male,Disloyal Customer,38,Business Travel,Business,240,2,2,2,4,1,2,1,1,1,3,4,2,1,2,5,0,FALSE
Male,Loyal Customer,43,Business Travel,Business,1814,1,1,1,1,2,3,5,5,5,5,5,3,4,3.15,8,0,TRUE
Female,Loyal Customer,22,Personal Travel,Eco,545,3,2,3,3,3,3,3,3,4,2,2,2,3,2.77,0,0,FALSE
Female,Loyal Customer,15,Personal Travel,Eco,775,2,5,2,2,2,2,2,2,4,5,5,3,2,2.92,3,2,FALSE
Female,Disloyal Customer,27,Business Travel,Eco,1048,2,2,2,3,3,2,4,3,2,5,3,1,3,2.69,73,64,FALSE
Female,Loyal Customer,44,Business Travel,Eco,872,5,4,4,4,4,1,1,5,5,5,5,2,4,3.77,0,0,TRUE
Male,Loyal Customer,13,Personal Travel,Business,315,2,5,2,5,2,2,4,2,3,4,5,4,2,3.23,0,0,FALSE
Male,Loyal Customer,34,Personal Travel,Eco,300,3,1,3,4,4,3,4,4,1,3,4,4,4,3.23,0,0,FALSE
Male,Loyal Customer,40,Business Travel,Business,200,5,5,5,5,5,4,5,5,5,5,5,3,1,4.46,78,77,TRUE
Male,Loyal Customer,38,Business Travel,Eco,239,4,1,1,1,4,5,4,4,3,2,2,5,4,3.08,0,0,TRUE
Male,Loyal Customer,40,Personal Travel,Eco,715,4,5,4,3,3,4,3,3,2,5,5,5,3,3.77,0,6,FALSE
Female,Loyal Customer,45,Business Travel,Eco,145,4,4,3,4,4,3,1,4,4,4,4,5,2,3.54,0,0,TRUE
Female,Loyal Customer,52,Business Travel,Business,1892,5,5,5,5,3,5,4,4,4,4,4,5,3,4.31,0,0,TRUE
Male,Disloyal Customer,23,Business Travel,Eco,416,1,1,1,3,2,1,2,2,3,5,3,4,2,2.31,41,81,FALSE
Female,Loyal Customer,42,Business Travel,Business,2402,1,1,1,1,2,3,4,4,4,4,4,4,4,2.85,4,0,TRUE
Female,Loyal Customer,66,Business Travel,Business,2883,2,2,2,2,5,5,4,5,5,5,5,4,3,3.77,0,0,TRUE
Female,Loyal Customer,47,Business Travel,Business,816,5,5,5,5,5,5,4,5,5,5,5,5,4,4.85,0,0,TRUE
Male,Loyal Customer,37,Business Travel,Business,3567,4,3,3,3,4,3,3,4,4,4,4,3,2,3.38,2,0,FALSE
Female,Loyal Customer,53,Personal Travel,Eco,1005,2,5,3,3,4,4,4,5,5,3,5,5,4,4,0,0,FALSE
Male,Loyal Customer,24,Personal Travel,Eco,363,1,5,1,1,3,1,3,3,5,5,5,3,3,3,0,0,FALSE
Male,Loyal Customer,65,Personal Travel,Eco,896,2,4,2,4,3,2,2,3,5,5,4,5,3,3.38,0,0,FALSE
Male,Loyal Customer,50,Business Travel,Business,2288,5,5,5,5,3,4,4,5,5,5,5,5,3,4.54,5,0,TRUE
Female,Loyal Customer,55,Personal Travel,Eco,544,5,4,2,1,5,2,4,3,3,2,3,1,1,2.77,0,0,TRUE
Female,Loyal Customer,49,Business Travel,Business,1037,2,3,2,2,5,5,5,3,3,5,5,5,5,3.85,167,159,TRUE
Male,Loyal Customer,22,Personal Travel,Eco,854,3,5,3,2,5,3,5,5,3,5,4,5,5,4.08,0,0,FALSE
Female,Disloyal Customer,45,Business Travel,Eco,108,3,0,2,2,1,2,1,1,4,4,3,1,1,1.92,27,17,FALSE
Male,Loyal Customer,47,Business Travel,Business,1594,5,5,5,5,3,5,4,2,2,2,2,5,5,3.85,12,16,TRUE
Female,Loyal Customer,39,Business Travel,Business,1340,2,2,2,2,2,4,5,4,4,4,4,3,5,3.31,0,0,TRUE
Male,Disloyal Customer,26,Business Travel,Business,364,3,0,3,2,3,3,5,3,4,3,5,4,3,3.15,7,7,FALSE
Female,Loyal Customer,50,Business Travel,Business,3486,4,4,4,4,3,4,3,4,4,4,4,1,2,3.46,8,5,FALSE
Male,Disloyal Customer,18,Business Travel,Business,984,4,0,3,1,1,3,1,1,4,2,4,3,1,2.15,119,116,TRUE
Female,Loyal Customer,41,Personal Travel,Eco,849,3,4,3,2,5,3,5,5,4,2,4,4,5,3.77,0,0,FALSE
Male,Loyal Customer,48,Business Travel,Business,1440,1,1,1,1,3,5,4,4,4,4,4,4,4,3.08,56,46,TRUE
Female,Loyal Customer,39,Business Travel,Business,280,2,2,2,2,3,4,5,4,4,4,4,3,3,3.23,0,0,TRUE
Male,Loyal Customer,17,Business Travel,Eco Plus,630,5,3,3,3,5,5,4,5,3,4,1,5,5,3.92,0,1,TRUE
Male,Loyal Customer,33,Personal Travel,Eco,1105,4,3,4,5,4,4,4,4,2,1,3,5,4,3.62,30,26,TRUE
Female,Loyal Customer,8,Personal Travel,Eco Plus,569,1,5,1,1,5,1,5,5,3,5,4,5,5,3.54,0,0,FALSE
Male,Loyal Customer,59,Business Travel,Business,3630,0,4,0,3,2,1,1,2,2,2,2,3,4,2,0,0,TRUE
Female,Loyal Customer,60,Business Travel,Business,1983,4,4,4,4,2,5,5,3,3,4,3,5,3,3.77,2,0,TRUE
Male,Loyal Customer,60,Business Travel,Business,3634,3,3,3,3,3,3,4,4,4,4,3,4,2,3.31,34,69,FALSE
Male,Loyal Customer,56,Personal Travel,Eco Plus,1086,2,2,2,4,3,2,3,3,1,4,3,1,3,2.54,0,0,FALSE
Male,Loyal Customer,27,Business Travel,Business,2661,4,4,4,4,4,5,4,4,3,4,5,4,4,4.08,23,26,TRUE
Male,Loyal Customer,49,Business Travel,Business,3527,4,4,4,4,1,1,4,4,4,4,4,5,1,3.38,34,24,TRUE
Female,Loyal Customer,41,Business Travel,Business,3658,2,2,2,2,5,4,1,5,5,5,5,1,1,3.08,50,35,TRUE
Male,Loyal Customer,56,Business Travel,Business,1303,2,2,2,2,3,4,5,5,5,5,5,3,3,3.54,0,0,TRUE
Female,Disloyal Customer,45,Business Travel,Business,1035,4,4,4,1,1,4,1,1,4,3,5,4,1,2.85,0,0,FALSE
Female,Loyal Customer,25,Personal Travel,Eco,489,1,4,1,2,3,1,3,3,3,4,2,2,3,2.46,0,0,FALSE
Female,Loyal Customer,41,Business Travel,Eco,125,2,1,1,1,2,2,2,2,4,4,3,5,2,2.38,0,0,TRUE
Male,Loyal Customer,54,Business Travel,Business,3558,2,5,5,5,3,4,3,2,2,2,2,3,1,3,0,0,FALSE
Male,Loyal Customer,53,Business Travel,Eco,356,4,4,4,4,4,4,4,4,1,1,1,4,4,3.31,0,13,TRUE
Male,Loyal Customer,47,Business Travel,Business,1525,4,4,4,4,4,5,5,4,4,5,4,5,4,4.31,0,12,TRUE
Female,Disloyal Customer,25,Business Travel,Business,628,2,0,2,4,5,2,5,5,3,2,4,3,5,3.23,32,47,FALSE
Female,Loyal Customer,26,Business Travel,Business,2309,5,5,5,5,4,4,4,4,5,3,5,3,4,4.31,13,12,TRUE
Female,Loyal Customer,58,Business Travel,Eco,448,4,5,5,5,4,4,4,3,2,1,1,4,4,3.54,134,123,TRUE
Female,Loyal Customer,51,Business Travel,Business,3148,5,5,5,5,3,4,5,4,4,5,4,4,3,4.31,0,0,TRUE
Female,Loyal Customer,35,Personal Travel,Eco Plus,1045,3,4,3,4,2,3,5,2,5,3,5,5,2,3.54,0,0,FALSE
Female,Loyal Customer,48,Personal Travel,Eco,1102,3,3,3,3,4,5,1,4,4,3,4,2,5,3.38,0,0,FALSE
Male,Loyal Customer,49,Personal Travel,Eco,328,3,4,2,2,2,2,2,2,4,2,4,4,2,2.69,0,0,FALSE
Female,Loyal Customer,55,Business Travel,Business,2354,2,2,2,2,5,4,5,2,2,2,2,5,4,3,0,0,TRUE
Male,Loyal Customer,22,Business Travel,Business,3408,4,4,4,4,4,4,4,4,5,2,5,3,4,3.92,5,3,TRUE
Male,Loyal Customer,61,Personal Travel,Eco,483,4,0,4,3,3,4,3,3,3,4,4,4,3,3.23,0,0,FALSE
Female,Disloyal Customer,29,Business Travel,Eco Plus,1379,2,2,2,4,2,2,2,2,1,3,3,3,2,2.31,2,0,FALSE
Female,Loyal Customer,55,Business Travel,Eco,327,3,2,2,2,2,3,2,3,3,3,3,1,2,2.38,73,76,FALSE
Female,Loyal Customer,39,Business Travel,Business,2392,3,3,3,3,5,3,3,3,3,3,3,2,4,3.15,0,0,FALSE
Female,Loyal Customer,54,Business Travel,Business,2278,2,4,4,4,2,3,3,2,2,2,2,1,2,2.54,9,79,FALSE
Female,Loyal Customer,43,Personal Travel,Eco,1541,3,2,3,4,4,2,4,3,3,3,3,1,2,2.85,46,35,FALSE
Female,Disloyal Customer,36,Business Travel,Eco,828,2,2,2,3,5,2,5,5,4,3,4,4,5,3.54,0,0,FALSE
Female,Loyal Customer,38,Personal Travel,Eco Plus,425,4,4,5,1,5,5,5,5,3,3,4,3,5,4,9,11,TRUE
Female,Loyal Customer,31,Personal Travel,Eco,1674,3,5,3,3,1,3,3,1,2,2,2,2,1,2.38,0,0,FALSE
Female,Loyal Customer,44,Business Travel,Business,3051,5,5,5,5,2,5,4,5,5,5,5,5,5,4.69,2,2,TRUE
Male,Disloyal Customer,43,Business Travel,Business,1849,5,5,5,1,2,5,2,2,4,2,4,5,2,3.38,0,0,TRUE
Female,Loyal Customer,53,Personal Travel,Eco,1810,4,1,4,2,4,3,3,3,3,4,3,2,1,2.85,1,5,FALSE
Male,Loyal Customer,54,Business Travel,Business,1023,2,2,5,2,5,4,5,4,4,4,4,4,5,3.85,1,0,TRUE
Female,Loyal Customer,31,Business Travel,Business,606,2,5,2,2,4,4,4,4,5,2,4,4,4,3.54,7,0,TRUE
Male,Loyal Customer,40,Business Travel,Eco Plus,502,3,2,2,2,3,3,3,3,2,4,4,1,3,2.69,0,9,FALSE
Female,Loyal Customer,37,Business Travel,Business,3528,1,1,4,1,2,4,3,5,5,5,5,1,5,3.23,0,0,TRUE
Male,Loyal Customer,29,Personal Travel,Eco,414,4,5,4,1,2,4,2,2,4,2,5,4,2,3.15,0,19,FALSE
Male,Loyal Customer,57,Business Travel,Business,2496,5,5,3,5,4,5,4,5,5,5,5,4,5,4.62,17,24,TRUE
Male,Loyal Customer,46,Business Travel,Business,3847,2,2,2,2,4,2,3,5,5,5,5,1,5,3.31,16,18,TRUE
Female,Disloyal Customer,30,Business Travel,Eco,1346,3,3,3,2,4,3,4,4,4,4,2,4,4,3.38,0,0,FALSE
Female,Loyal Customer,49,Personal Travel,Eco,843,2,4,1,3,2,3,4,3,3,1,3,1,4,2.62,18,8,FALSE
Female,Loyal Customer,56,Business Travel,Business,2353,5,5,5,5,4,5,4,4,4,5,4,3,4,4.38,6,9,TRUE
Female,Loyal Customer,56,Personal Travel,Eco,2153,3,4,3,3,4,3,5,3,3,3,4,3,4,3.46,16,1,FALSE
Male,Loyal Customer,51,Business Travel,Business,1325,5,1,5,5,2,5,4,5,5,5,5,3,4,4.15,0,0,TRUE
Female,Loyal Customer,57,Business Travel,Business,1658,1,1,1,1,3,4,5,3,3,3,3,5,4,2.85,0,0,TRUE
Male,Loyal Customer,57,Business Travel,Eco,641,4,4,4,4,4,4,4,4,3,1,4,5,4,3.77,20,33,TRUE
Female,Disloyal Customer,25,Business Travel,Eco,281,3,1,3,2,5,3,5,5,3,4,3,1,5,3.31,28,20,FALSE
Male,Loyal Customer,46,Business Travel,Eco,192,5,1,3,3,5,5,5,5,1,4,5,2,5,3.77,0,4,TRUE
Female,Loyal Customer,15,Personal Travel,Eco Plus,227,3,5,3,1,4,3,4,4,4,2,4,4,4,3.46,0,0,FALSE
Male,Loyal Customer,31,Business Travel,Business,3346,3,5,4,4,3,3,3,3,2,1,3,1,3,2.92,0,0,FALSE
Male,Loyal Customer,60,Business Travel,Eco,221,5,1,1,1,5,5,5,5,5,2,2,5,5,3.62,0,0,TRUE
Female,Loyal Customer,51,Personal Travel,Eco,633,1,5,1,2,2,4,5,2,2,1,2,5,4,2.77,0,0,FALSE
Female,Loyal Customer,49,Business Travel,Business,3232,1,1,1,1,2,5,5,5,5,5,5,5,3,3.38,0,0,TRUE
Male,Loyal Customer,58,Business Travel,Eco,1735,3,2,2,2,3,3,3,3,2,2,4,3,3,2.69,35,114,FALSE
Male,Disloyal Customer,31,Business Travel,Business,1089,2,2,2,4,3,2,5,3,3,2,3,2,3,2.77,0,1,FALSE
Female,Disloyal Customer,80,Business Travel,Business,252,1,1,1,3,4,4,1,1,1,1,1,4,4,2.08,8,4,FALSE
Male,Loyal Customer,54,Personal Travel,Eco,270,2,4,2,1,4,2,4,4,5,4,5,3,4,3.38,0,2,FALSE
Male,Loyal Customer,18,Business Travel,Eco,2409,5,1,4,4,5,5,5,5,3,3,4,4,5,4.08,12,9,TRUE
Female,Loyal Customer,42,Business Travel,Business,247,3,3,3,3,2,4,4,4,4,5,4,5,3,3.62,0,0,TRUE
Female,Loyal Customer,56,Personal Travel,Eco,456,2,4,2,3,3,4,4,5,5,2,5,3,3,3.46,0,4,FALSE
Female,Loyal Customer,59,Personal Travel,Eco,158,4,5,4,2,4,4,5,5,5,4,5,4,4,4.23,0,0,FALSE
Female,Loyal Customer,37,Personal Travel,Eco,1005,3,4,3,3,3,3,3,3,5,2,4,4,3,3.31,115,114,FALSE
Female,Loyal Customer,28,Business Travel,Business,3394,3,3,3,3,5,5,4,5,3,2,4,3,5,3.69,0,2,TRUE
Male,Loyal Customer,43,Business Travel,Business,480,3,3,3,3,4,5,5,3,3,4,3,5,4,3.69,9,0,TRUE
Female,Loyal Customer,58,Personal Travel,Business,867,1,3,1,5,4,4,5,5,5,1,5,4,5,3.69,11,0,FALSE
Female,Loyal Customer,7,Personal Travel,Business,1506,3,2,3,3,1,3,1,1,1,2,4,2,1,2.08,8,0,FALSE
Male,Loyal Customer,62,Business Travel,Business,261,1,5,5,5,5,3,3,1,1,1,1,2,2,2.69,0,0,FALSE
Male,Disloyal Customer,49,Business Travel,Business,757,1,1,1,4,4,1,5,4,4,2,5,3,4,3,0,0,FALSE
Female,Loyal Customer,64,Personal Travel,Business,1195,1,5,1,2,5,3,5,2,2,1,2,5,3,2.85,2,0,FALSE
Male,Disloyal Customer,35,Business Travel,Eco,1062,3,3,3,3,2,3,2,2,1,2,1,5,2,2.46,0,0,FALSE
Female,Loyal Customer,27,Personal Travel,Eco,288,3,2,3,3,3,3,3,1,4,3,3,3,3,2.85,223,221,FALSE
Female,Loyal Customer,43,Business Travel,Business,220,3,3,3,3,2,5,5,4,4,4,5,4,4,3.77,98,96,TRUE
Female,Loyal Customer,50,Business Travel,Business,1849,0,0,0,2,2,4,4,2,2,2,2,3,4,2.08,31,33,TRUE
Female,Loyal Customer,41,Personal Travel,Eco,2521,3,2,3,4,3,1,1,4,1,2,4,1,1,2.31,36,36,FALSE
Female,Disloyal Customer,36,Business Travel,Eco,448,2,3,2,1,3,2,3,3,2,2,1,3,3,2.31,0,11,FALSE
Male,Loyal Customer,70,Personal Travel,Eco,649,2,3,2,3,3,2,3,3,1,5,4,2,3,2.77,0,11,FALSE
Female,Loyal Customer,38,Business Travel,Eco Plus,748,5,3,2,3,5,5,5,5,4,5,1,1,5,3.77,0,0,TRUE
Male,Loyal Customer,60,Business Travel,Business,507,3,4,4,4,2,4,3,3,3,3,3,2,2,3.08,39,34,FALSE
Female,Loyal Customer,43,Business Travel,Business,223,2,2,2,2,3,5,4,4,4,4,5,5,4,3.54,0,0,TRUE
Male,Loyal Customer,25,Business Travel,Business,2176,1,1,1,1,4,5,4,4,5,4,5,4,4,3.31,0,0,TRUE
Male,Loyal Customer,33,Business Travel,Business,1921,1,5,5,5,1,1,1,1,1,1,4,1,1,2.15,0,0,FALSE
Female,Loyal Customer,34,Business Travel,Business,1688,5,5,5,5,5,5,1,3,3,4,3,3,1,3.69,32,11,TRUE
Male,Loyal Customer,47,Business Travel,Eco,302,4,5,5,5,4,4,4,4,2,3,3,4,4,3.92,0,0,FALSE
Female,Loyal Customer,49,Business Travel,Eco,846,4,3,3,3,4,4,3,4,4,4,4,4,2,3.54,12,1,TRUE
Male,Loyal Customer,57,Personal Travel,Business,1452,1,5,1,3,5,5,5,5,5,1,5,5,5,3.92,0,0,FALSE
Male,Loyal Customer,34,Personal Travel,Eco,227,2,5,0,3,4,0,4,4,3,4,4,5,4,3.23,0,0,FALSE
Female,Disloyal Customer,30,Business Travel,Eco,878,4,4,4,5,3,4,5,3,3,1,3,5,3,3.62,0,0,FALSE
Female,Loyal Customer,46,Business Travel,Business,1235,3,3,3,3,3,4,4,2,2,2,2,5,4,3.08,77,46,TRUE
Female,Loyal Customer,23,Personal Travel,Eco Plus,196,4,5,0,3,1,0,1,1,3,5,5,4,1,2.54,0,0,FALSE
Female,Loyal Customer,18,Personal Travel,Eco,471,2,5,2,5,3,2,3,3,4,2,5,5,3,3.38,4,0,FALSE
Male,Loyal Customer,42,Business Travel,Business,468,1,1,1,1,4,4,5,3,3,3,3,4,4,2.85,0,15,TRUE
Male,Loyal Customer,50,Personal Travel,Eco,581,3,5,3,3,3,3,3,3,5,4,4,4,3,3.54,1,0,FALSE
Female,Loyal Customer,43,Business Travel,Business,3270,1,1,1,1,5,4,5,5,5,5,5,3,4,3.46,2,0,TRUE
Male,Loyal Customer,25,Business Travel,Business,1544,3,4,2,2,3,3,3,3,2,4,3,1,3,2.77,0,0,FALSE
Male,Loyal Customer,58,Business Travel,Business,369,3,3,2,3,2,4,4,5,5,5,5,4,5,3.85,0,0,TRUE
Female,Loyal Customer,25,Business Travel,Business,853,5,5,5,5,4,4,4,4,5,5,5,4,4,4.54,0,12,TRUE
Female,Loyal Customer,46,Personal Travel,Eco,1535,2,2,3,4,5,4,3,3,3,3,3,2,3,3.08,4,0,FALSE
Male,Loyal Customer,46,Business Travel,Business,3791,1,1,1,1,2,5,5,5,5,5,5,4,5,3.46,0,0,TRUE
Male,Disloyal Customer,22,Business Travel,Eco,526,1,4,1,2,4,1,4,4,4,2,5,3,4,3,0,0,FALSE
Female,Loyal Customer,29,Business Travel,Business,3672,5,5,5,5,5,5,5,5,4,2,4,5,5,4.62,9,3,TRUE
Male,Loyal Customer,25,Business Travel,Business,1750,4,4,4,4,3,3,3,3,4,2,4,4,3,3.46,0,0,TRUE
Female,Loyal Customer,21,Personal Travel,Eco,630,2,5,2,4,2,2,2,2,4,2,5,4,2,2.92,0,0,FALSE
Female,Disloyal Customer,23,Business Travel,Eco,1025,3,3,3,2,2,3,2,2,3,1,3,1,2,2.31,0,6,FALSE
Female,Loyal Customer,45,Business Travel,Business,2174,3,3,3,3,5,4,5,5,5,5,5,3,5,4.15,1,0,TRUE
Female,Disloyal Customer,51,Business Travel,Eco,563,3,5,3,3,5,3,3,5,1,1,3,4,5,3.38,57,56,FALSE
Male,Loyal Customer,44,Business Travel,Business,820,3,3,3,3,4,4,2,4,4,4,4,5,3,3.54,0,0,TRUE
Male,Loyal Customer,39,Business Travel,Business,3789,3,5,3,5,1,4,3,3,3,3,3,4,1,3.15,21,12,FALSE
Male,Loyal Customer,14,Personal Travel,Eco,102,2,3,2,3,1,2,1,1,5,5,3,1,1,2.31,0,3,FALSE
Female,Loyal Customer,35,Personal Travel,Eco,406,2,4,2,3,5,2,5,5,5,4,5,5,5,4,0,0,FALSE
Female,Loyal Customer,43,Business Travel,Business,3287,3,3,3,3,5,5,4,5,5,5,5,4,4,4.15,0,0,TRUE
Female,Loyal Customer,56,Business Travel,Business,581,3,3,3,3,3,4,4,3,3,3,3,4,4,3.31,0,0,FALSE
Female,Disloyal Customer,55,Business Travel,Eco,633,3,0,3,5,4,3,4,4,5,2,4,1,4,3.23,0,0,FALSE
Male,Disloyal Customer,22,Business Travel,Business,1084,5,1,5,3,2,5,2,2,5,2,4,5,2,3.31,0,25,TRUE
Female,Disloyal Customer,21,Business Travel,Business,2434,5,0,5,2,3,0,3,3,3,4,4,4,3,3,0,30,TRUE
Female,Loyal Customer,44,Business Travel,Business,761,1,1,1,1,4,4,5,5,5,5,5,4,5,3.54,18,18,TRUE
Female,Disloyal Customer,25,Business Travel,Eco,483,2,5,2,5,2,2,2,2,4,1,1,3,2,2.54,0,26,FALSE
Male,Loyal Customer,53,Business Travel,Business,287,4,4,4,4,2,4,5,5,5,5,5,5,3,4.23,37,39,TRUE
Male,Loyal Customer,45,Business Travel,Eco,1008,4,1,3,3,4,4,4,4,1,4,2,5,4,3.31,60,63,TRUE
Male,Loyal Customer,65,Personal Travel,Eco,899,5,4,5,4,5,5,2,5,1,2,4,4,5,3.92,43,32,TRUE
Male,Loyal Customer,53,Personal Travel,Eco,590,3,4,2,4,2,2,2,2,4,3,4,5,2,3,0,0,FALSE
Female,Loyal Customer,45,Business Travel,Business,1379,2,2,2,2,3,5,4,5,5,4,5,5,5,3.77,0,0,TRUE
Female,Disloyal Customer,20,Business Travel,Eco,163,1,4,1,4,5,1,3,5,2,4,3,3,5,3.15,0,0,FALSE
Male,Loyal Customer,45,Business Travel,Business,3870,3,3,3,3,2,4,4,5,5,5,5,5,5,4,0,0,TRUE
Female,Loyal Customer,23,Personal Travel,Eco,2007,2,4,2,1,2,2,2,3,4,4,5,2,2,2.69,172,143,FALSE
Male,Disloyal Customer,50,Business Travel,Business,352,3,3,3,2,4,3,4,4,5,1,4,5,4,3.46,0,0,FALSE
Male,Loyal Customer,22,Personal Travel,Eco,1164,4,5,4,3,4,4,4,4,3,3,4,5,4,3.92,0,0,FALSE
Female,Loyal Customer,43,Personal Travel,Eco,500,3,5,3,4,4,4,5,2,2,3,2,5,3,3.46,0,0,FALSE
Female,Loyal Customer,62,Personal Travel,Eco,283,3,4,3,3,2,4,3,3,3,3,3,2,4,3.08,0,0,FALSE
Female,Loyal Customer,60,Personal Travel,Eco,1546,2,2,2,3,2,3,3,2,2,2,2,2,2,2.23,16,5,FALSE
Male,Loyal Customer,30,Personal Travel,Eco Plus,1299,3,5,3,5,5,3,5,5,4,3,4,4,5,4.15,0,0,FALSE
Male,Loyal Customer,40,Business Travel,Business,2260,4,1,1,1,1,4,4,4,4,4,4,1,3,2.77,24,9,FALSE
Female,Loyal Customer,20,Personal Travel,Eco,89,2,3,2,4,2,2,2,2,4,1,4,3,2,2.54,0,3,FALSE
Male,Loyal Customer,13,Personal Travel,Eco,2381,3,4,3,3,3,3,3,3,1,3,4,3,3,3,2,0,FALSE
Male,Disloyal Customer,23,Business Travel,Eco,1096,1,1,1,3,3,1,5,3,3,1,2,1,3,2.15,0,7,FALSE
Female,Disloyal Customer,44,Business Travel,Eco,358,3,3,3,3,4,3,4,4,4,2,3,2,4,3.23,14,11,FALSE
Male,Loyal Customer,62,Personal Travel,Eco,1117,0,5,0,5,5,0,5,5,4,5,5,5,5,3.77,0,0,TRUE
Male,Loyal Customer,8,Personal Travel,Eco,612,4,5,5,1,4,5,4,4,5,2,4,4,4,3.92,0,0,FALSE
Male,Loyal Customer,21,Personal Travel,Eco,836,2,4,2,1,3,2,5,3,3,4,4,4,3,3.08,18,0,FALSE
Female,Loyal Customer,45,Business Travel,Business,2704,1,1,1,1,5,4,4,3,5,3,5,4,4,3.15,0,0,TRUE
Male,Loyal Customer,60,Business Travel,Business,393,4,4,4,4,3,4,4,4,4,4,4,1,1,3.46,0,11,TRUE
Female,Loyal Customer,40,Business Travel,Business,544,1,1,1,1,4,5,5,5,5,5,5,3,3,3.38,0,0,TRUE
Male,Loyal Customer,51,Personal Travel,Eco,1521,1,5,1,1,5,1,1,5,5,5,4,3,5,3.23,28,12,FALSE
Male,Loyal Customer,44,Personal Travel,Eco,531,3,4,3,1,5,3,3,5,3,4,4,4,5,3.62,0,11,FALSE
Female,Loyal Customer,58,Business Travel,Business,3332,4,4,4,4,4,5,5,4,4,4,4,3,5,4.15,5,14,TRUE
Male,Loyal Customer,30,Business Travel,Eco Plus,978,4,3,3,3,4,4,4,4,2,4,4,1,4,3.38,36,26,TRUE
Female,Loyal Customer,26,Business Travel,Business,2640,2,4,4,4,2,2,2,2,1,2,1,4,2,2.46,28,0,FALSE
Female,Loyal Customer,40,Personal Travel,Eco,719,4,5,4,4,5,4,5,5,5,3,4,5,5,4.46,0,0,FALSE
Female,Loyal Customer,47,Business Travel,Business,3824,0,4,0,2,4,5,4,3,3,3,3,5,4,3.08,0,0,TRUE
Male,Loyal Customer,46,Business Travel,Business,1505,1,4,4,4,4,3,3,1,1,1,1,2,3,2.46,0,0,FALSE
Male,Loyal Customer,45,Personal Travel,Eco,562,3,4,3,5,1,3,1,1,3,3,5,3,1,2.77,16,7,FALSE
Female,Loyal Customer,47,Business Travel,Business,2461,1,1,1,1,3,5,4,4,4,4,4,4,5,3.15,0,0,TRUE
Male,Loyal Customer,20,Business Travel,Business,1971,3,3,3,3,4,4,4,4,4,2,5,4,4,3.62,0,0,TRUE
Male,Loyal Customer,30,Business Travel,Business,2324,2,1,1,1,2,2,2,2,4,4,3,4,2,2.31,1,7,FALSE
Female,Loyal Customer,12,Personal Travel,Eco,483,1,4,5,3,4,5,4,4,3,5,4,3,4,3.77,53,53,FALSE
Female,Loyal Customer,23,Business Travel,Business,966,3,4,1,4,3,3,3,3,4,1,2,3,3,2.85,0,4,FALSE
Male,Loyal Customer,60,Business Travel,Business,3714,3,3,2,3,3,5,4,2,2,2,2,3,5,3,25,4,TRUE
Male,Disloyal Customer,20,Business Travel,Eco,67,5,0,5,5,5,5,5,5,3,3,5,3,5,4.15,0,0,TRUE
Male,Loyal Customer,44,Business Travel,Business,1780,1,1,1,1,5,5,4,5,5,5,5,5,3,3.54,0,0,TRUE
Female,Loyal Customer,60,Business Travel,Business,469,3,3,3,3,3,4,5,5,5,5,5,3,3,3.85,0,0,TRUE
Male,Loyal Customer,64,Personal Travel,Eco,328,3,0,3,5,5,3,5,5,2,4,4,1,5,3.46,0,0,FALSE
Female,Loyal Customer,62,Personal Travel,Eco,1303,1,4,2,2,3,5,5,1,1,2,1,5,5,2.85,0,0,FALSE
Male,Loyal Customer,29,Business Travel,Business,187,0,4,0,3,2,2,2,2,1,1,4,1,2,1.85,0,0,TRUE
Female,Loyal Customer,48,Business Travel,Business,645,1,1,1,1,3,4,4,4,4,4,4,3,4,2.92,0,0,TRUE
Male,Loyal Customer,45,Business Travel,Business,1772,3,1,1,1,3,3,3,1,4,2,1,3,3,2.23,123,151,FALSE
Female,Disloyal Customer,36,Business Travel,Eco,1123,4,4,4,5,5,4,5,5,5,3,2,5,5,4.31,0,7,FALSE
Female,Loyal Customer,51,Business Travel,Business,1989,4,4,4,4,3,5,5,4,4,4,4,5,5,4.23,5,0,TRUE
Male,Disloyal Customer,25,Business Travel,Business,583,1,0,1,3,5,1,5,5,4,5,5,4,5,3.38,15,14,FALSE
Male,Loyal Customer,46,Business Travel,Eco Plus,438,2,4,4,4,2,2,2,2,1,4,4,1,2,2.62,0,0,FALSE
Female,Loyal Customer,55,Personal Travel,Eco,391,2,5,4,1,3,1,3,4,4,4,4,1,5,3.15,0,4,FALSE
Female,Loyal Customer,23,Business Travel,Business,1999,3,3,3,3,5,5,5,5,4,4,3,5,5,4.08,25,35,TRUE
Male,Loyal Customer,17,Personal Travel,Eco Plus,419,3,3,3,1,5,3,5,5,1,4,3,2,5,3.31,0,0,FALSE
Female,Disloyal Customer,21,Business Travel,Eco,349,4,0,4,5,3,4,3,3,4,4,4,5,3,3.54,0,0,TRUE
Female,Loyal Customer,29,Business Travel,Business,2801,2,2,5,2,2,2,2,2,4,1,1,2,2,2.23,0,6,TRUE
Female,Loyal Customer,39,Business Travel,Business,1865,1,1,1,1,4,3,4,5,5,5,5,5,4,3.38,0,0,TRUE
Female,Disloyal Customer,30,Business Travel,Eco,442,2,1,2,2,4,2,4,4,2,3,2,1,4,2.54,31,28,FALSE
Female,Loyal Customer,61,Personal Travel,Eco,337,4,4,4,3,3,4,3,1,1,4,1,2,4,2.92,0,0,TRUE
Male,Loyal Customer,18,Business Travel,Business,1979,1,1,1,1,1,1,1,1,3,5,3,2,1,1.69,0,0,FALSE
Female,Loyal Customer,31,Business Travel,Business,689,1,1,1,1,5,5,5,5,3,5,4,5,5,3.54,0,0,TRUE
Male,Loyal Customer,52,Personal Travel,Eco,229,1,5,1,1,4,1,4,4,3,5,5,5,4,3.31,0,1,FALSE
Male,Loyal Customer,40,Business Travel,Business,588,3,2,2,2,5,3,3,3,3,3,3,1,1,2.62,0,0,FALSE
Male,Loyal Customer,51,Business Travel,Business,3342,2,2,2,2,5,4,5,5,5,5,5,3,3,3.69,0,0,TRUE
Female,Loyal Customer,52,Business Travel,Business,192,0,4,0,4,2,4,5,4,4,4,4,5,3,3.31,118,125,TRUE
Female,Loyal Customer,56,Business Travel,Business,1075,4,4,4,4,1,3,3,4,4,4,4,2,4,3.46,0,0,TRUE
Female,Loyal Customer,14,Personal Travel,Business,417,2,5,2,1,3,2,2,3,1,5,1,4,3,2.62,0,0,FALSE
Male,Loyal Customer,61,Business Travel,Eco,383,3,1,4,4,4,3,4,4,2,5,3,1,4,3.23,42,28,FALSE
Female,Loyal Customer,14,Personal Travel,Eco Plus,370,2,5,2,4,3,2,3,3,3,4,5,2,3,3.15,0,0,FALSE
Male,Loyal Customer,39,Personal Travel,Eco,1562,2,3,3,3,2,3,2,2,2,1,3,2,2,2.31,53,90,FALSE
Female,Loyal Customer,21,Business Travel,Eco,296,3,3,3,3,3,3,3,3,4,1,4,1,3,2.85,6,16,FALSE
Female,Loyal Customer,44,Personal Travel,Eco,794,1,4,1,4,1,3,3,5,3,4,4,3,3,3,137,113,FALSE
Male,Disloyal Customer,24,Business Travel,Eco,175,2,0,2,3,5,2,5,5,3,4,5,3,5,3.38,0,2,FALSE
Female,Loyal Customer,53,Business Travel,Business,2230,3,3,3,3,3,5,5,3,3,3,3,5,3,3.46,6,3,TRUE
Female,Loyal Customer,29,Business Travel,Eco,1444,2,2,2,2,2,2,2,2,4,4,3,3,2,2.46,0,0,FALSE
Female,Loyal Customer,55,Business Travel,Eco Plus,609,4,4,4,4,3,1,4,4,4,4,4,5,3,3.69,14,10,TRUE
Female,Loyal Customer,51,Business Travel,Business,1864,3,3,3,3,4,5,4,4,4,4,4,5,3,3.77,5,10,TRUE
Female,Loyal Customer,69,Personal Travel,Eco,239,3,4,3,5,1,3,5,2,2,3,2,5,5,3.31,0,0,FALSE
Female,Loyal Customer,37,Business Travel,Business,1511,5,5,2,5,4,4,5,2,2,2,2,5,5,3.69,0,0,TRUE
Female,Loyal Customer,51,Business Travel,Business,1183,2,2,2,2,2,5,5,5,5,5,5,4,3,3.62,33,19,TRUE
Female,Disloyal Customer,23,Business Travel,Business,141,4,0,5,4,4,5,4,4,5,4,5,4,4,4,54,51,TRUE
Female,Loyal Customer,38,Business Travel,Eco,399,5,5,2,5,5,5,5,5,4,3,3,1,5,4.08,0,0,TRUE
Female,Loyal Customer,37,Business Travel,Business,1620,3,3,1,3,3,4,4,5,5,4,5,5,3,3.69,0,0,TRUE
Male,Loyal Customer,46,Business Travel,Business,1794,5,5,2,5,3,4,4,4,4,4,4,5,3,4,2,0,TRUE
Female,Loyal Customer,62,Personal Travel,Eco,542,4,4,4,4,3,3,2,1,1,4,1,4,1,2.77,0,0,FALSE
Female,Disloyal Customer,62,Business Travel,Eco,1000,4,4,4,2,3,4,3,3,4,4,1,2,3,3.15,18,29,FALSE
Male,Loyal Customer,54,Personal Travel,Eco,2602,3,4,3,5,2,3,2,2,4,5,4,2,2,3.15,49,21,FALSE
Female,Loyal Customer,39,Business Travel,Business,3706,0,0,0,4,5,4,4,1,1,1,1,3,5,2.23,0,0,TRUE
Female,Disloyal Customer,23,Business Travel,Eco,372,3,3,3,3,3,3,3,3,1,3,2,2,3,2.69,12,2,FALSE
Female,Loyal Customer,59,Personal Travel,Eco,562,4,5,4,3,5,5,5,1,1,4,1,4,4,3.54,0,12,FALSE
Male,Disloyal Customer,20,Business Travel,Eco,258,5,0,5,1,3,5,1,3,5,3,5,5,3,3.38,0,0,TRUE
Female,Loyal Customer,38,Personal Travel,Eco,546,4,4,4,2,2,4,2,2,1,5,1,2,2,2.69,0,0,TRUE
Male,Loyal Customer,13,Business Travel,Eco,502,3,4,4,4,3,3,1,3,3,3,4,3,3,3.15,23,29,FALSE
Male,Loyal Customer,40,Business Travel,Business,383,4,4,5,4,5,5,4,5,5,5,5,3,4,4.46,0,0,TRUE
Female,Loyal Customer,16,Personal Travel,Eco,957,3,5,3,2,1,3,1,1,4,4,5,4,1,2.85,0,0,FALSE
Male,Disloyal Customer,25,Business Travel,Eco,844,2,2,2,2,3,2,3,3,2,4,1,3,3,2.46,16,2,FALSE
Female,Disloyal Customer,58,Business Travel,Eco,308,3,3,3,4,5,3,5,5,1,2,4,4,5,3.62,0,5,FALSE
Female,Loyal Customer,41,Personal Travel,Eco Plus,314,2,4,2,4,3,4,4,3,3,2,2,3,4,3.08,19,44,FALSE
Female,Loyal Customer,52,Business Travel,Business,544,5,5,5,5,5,4,5,4,4,4,4,3,4,4.38,0,0,TRUE
Male,Loyal Customer,42,Business Travel,Business,951,2,2,2,2,5,5,5,2,2,2,2,3,4,2.92,59,73,TRUE
Male,Disloyal Customer,34,Business Travel,Business,363,3,3,3,4,5,3,5,5,4,3,4,2,5,3.77,0,0,FALSE
Male,Loyal Customer,56,Business Travel,Eco,773,5,5,5,5,5,5,5,5,4,4,5,5,5,4.85,21,27,TRUE
Female,Loyal Customer,15,Personal Travel,Eco,1121,2,4,1,3,4,1,4,4,4,2,4,4,4,3.15,8,7,FALSE
Male,Loyal Customer,65,Business Travel,Eco,227,5,2,2,2,4,5,4,4,1,5,5,3,4,3.54,0,0,TRUE
Male,Loyal Customer,46,Business Travel,Business,2275,4,4,4,4,5,5,4,4,4,4,4,3,3,4,22,15,TRUE
Male,Loyal Customer,51,Business Travel,Business,696,3,3,3,3,2,5,4,5,5,5,5,3,4,3.85,0,0,TRUE
Male,Loyal Customer,39,Business Travel,Business,1645,4,2,4,4,2,5,5,4,4,4,4,4,3,3.77,0,0,TRUE
Male,Loyal Customer,43,Business Travel,Eco Plus,31,5,5,4,5,4,5,4,4,4,3,5,5,4,4.38,0,0,TRUE
Male,Loyal Customer,27,Personal Travel,Eco,2614,1,5,1,1,4,1,2,4,3,3,4,4,4,2.85,12,,FALSE
Female,Loyal Customer,38,Business Travel,Business,2112,3,3,3,3,1,4,1,4,4,4,4,2,5,3.15,1,1,TRUE
Male,Loyal Customer,40,Business Travel,Business,3889,5,5,5,5,4,2,4,5,5,5,5,5,1,4.31,0,0,TRUE
Male,Loyal Customer,46,Personal Travel,Eco,67,1,4,1,2,2,1,2,2,3,4,4,4,2,2.46,0,0,FALSE
Male,Loyal Customer,19,Business Travel,Business,1028,4,4,4,4,5,5,5,5,3,3,2,4,5,4.08,0,0,TRUE
Female,Loyal Customer,44,Business Travel,Business,1726,2,2,2,2,4,5,5,3,3,3,3,3,4,3.15,7,0,TRUE
Male,Loyal Customer,20,Business Travel,Eco,547,1,4,4,4,1,1,1,1,3,5,4,4,1,2.62,5,10,FALSE
Male,Loyal Customer,37,Business Travel,Business,239,4,4,4,4,5,4,4,4,4,4,4,4,4,4.08,1,0,TRUE
Male,Loyal Customer,21,Personal Travel,Eco,204,4,5,4,4,2,4,2,2,3,5,3,5,2,3.46,0,1,FALSE
Female,Loyal Customer,40,Business Travel,Business,3253,2,2,2,2,5,4,5,4,4,4,4,4,4,3.54,8,3,TRUE
Male,Loyal Customer,58,Business Travel,Business,980,4,4,4,4,2,4,4,5,5,5,5,4,4,4.15,14,9,TRUE
Female,Loyal Customer,13,Business Travel,Business,534,4,4,4,4,5,5,5,5,3,5,2,2,5,4.08,2,0,TRUE
Male,Disloyal Customer,22,Business Travel,Eco,166,2,0,2,4,3,2,1,3,5,2,4,3,3,2.62,0,0,FALSE
Female,Disloyal Customer,50,Business Travel,Eco,594,3,2,3,3,4,3,2,4,1,5,2,4,4,3.08,12,9,FALSE
Female,Disloyal Customer,27,Business Travel,Eco,152,1,1,1,3,3,1,3,3,4,4,3,4,3,2.62,0,0,FALSE
Male,Disloyal Customer,37,Business Travel,Eco,296,4,0,4,3,2,4,2,2,1,1,2,3,2,2.31,0,0,FALSE
Female,Disloyal Customer,30,Business Travel,Business,432,0,0,0,2,4,0,4,4,5,2,5,4,4,2.62,0,0,TRUE
Female,Loyal Customer,42,Business Travel,Business,3378,4,4,4,4,4,4,4,5,4,5,4,4,4,4.15,158,142,TRUE
Female,Loyal Customer,61,Business Travel,Business,3132,3,3,3,3,5,3,3,3,3,3,3,2,1,2.92,69,69,FALSE
Male,Loyal Customer,48,Business Travel,Eco,2153,1,3,3,3,1,1,1,1,2,4,2,4,1,2.08,0,10,FALSE
Female,Loyal Customer,40,Business Travel,Eco,888,5,5,5,5,5,4,5,5,3,1,3,4,5,4.23,42,75,FALSE
Male,Loyal Customer,58,Business Travel,Business,3554,5,5,5,5,4,4,4,4,4,4,4,4,5,4.38,14,9,TRUE
Male,Loyal Customer,47,Business Travel,Business,282,1,1,1,1,4,5,4,5,5,5,5,1,5,3.31,0,0,TRUE
Female,Loyal Customer,39,Business Travel,Eco,627,2,3,3,3,2,2,2,2,1,3,2,3,2,2.31,17,22,FALSE
Female,Disloyal Customer,55,Business Travel,Eco,137,5,5,5,3,5,4,2,3,5,4,1,2,2,3.54,355,346,TRUE
Male,Loyal Customer,59,Business Travel,Eco,406,4,2,2,2,4,4,4,4,2,2,3,2,4,3,6,0,TRUE
Male,Loyal Customer,11,Personal Travel,Eco,1440,2,5,1,2,4,1,4,4,3,4,5,3,4,3.23,21,0,FALSE
Female,Loyal Customer,39,Business Travel,Business,1566,1,3,1,1,5,4,4,5,5,5,5,3,5,3.62,38,38,TRUE
Male,Disloyal Customer,36,Business Travel,Business,235,3,3,3,5,1,3,3,1,5,2,2,4,1,2.77,61,60,FALSE
Male,Loyal Customer,30,Business Travel,Eco,1979,2,5,5,5,2,2,2,2,3,2,2,4,2,2.92,36,31,FALSE
Male,Loyal Customer,63,Personal Travel,Eco,1072,3,2,3,3,2,3,2,2,1,3,3,4,2,2.54,0,0,FALSE
Female,Loyal Customer,43,Business Travel,Business,2237,4,4,4,4,4,4,4,4,4,4,4,3,5,4,0,0,TRUE
Female,Loyal Customer,66,Personal Travel,Eco,419,1,3,1,4,5,3,3,4,4,1,4,2,4,3,0,0,FALSE
Female,Disloyal Customer,24,Business Travel,Business,1197,2,1,2,3,4,2,4,4,3,1,3,3,4,2.77,0,0,FALSE
Female,Loyal Customer,11,Personal Travel,Eco,2342,2,5,2,1,5,2,5,5,4,2,2,1,5,3.15,74,66,FALSE
Male,Loyal Customer,39,Business Travel,Business,67,4,4,4,4,3,4,2,5,5,5,5,1,2,3.69,0,0,TRUE
Female,Loyal Customer,41,Business Travel,Business,2097,3,3,3,3,2,5,5,5,5,5,5,3,3,3.85,24,11,TRUE
Female,Loyal Customer,26,Business Travel,Business,624,2,1,1,1,2,2,2,2,1,3,3,3,2,1.92,12,39,FALSE
Male,Loyal Customer,33,Personal Travel,Eco Plus,867,1,1,1,4,1,1,1,1,1,1,4,4,1,1.69,0,0,FALSE
Male,Loyal Customer,26,Personal Travel,Eco,588,3,5,3,3,3,3,3,3,4,4,4,5,3,3.54,0,0,FALSE
Female,Disloyal Customer,27,Business Travel,Eco,247,4,4,4,3,3,4,3,3,4,5,3,1,3,3.38,0,11,FALSE
Male,Loyal Customer,46,Business Travel,Business,2649,4,4,4,4,2,3,5,4,4,4,4,1,2,3.46,0,0,TRUE
Female,Loyal Customer,44,Business Travel,Eco,2475,2,1,1,1,2,1,1,1,1,3,4,1,1,1.54,0,0,FALSE
Female,Loyal Customer,37,Business Travel,Business,2441,5,5,5,5,1,4,1,5,5,5,5,5,5,4.31,0,0,TRUE
Female,Loyal Customer,66,Business Travel,Eco,304,3,1,1,1,3,3,3,3,3,3,3,3,1,2.38,0,0,FALSE
Male,Disloyal Customer,46,Business Travel,Business,1501,2,2,2,5,3,2,3,3,4,4,4,5,3,3.23,0,0,FALSE
Female,Loyal Customer,53,Business Travel,Business,261,0,0,0,4,1,4,2,4,4,1,1,3,3,2.08,0,0,TRUE
Female,Loyal Customer,14,Business Travel,Eco,583,4,5,5,5,4,4,3,4,2,5,4,2,4,3.92,20,19,FALSE
Female,Loyal Customer,43,Personal Travel,Eco,1187,1,4,1,2,5,3,4,2,2,1,1,4,3,2.54,2,12,FALSE
Male,Loyal Customer,56,Business Travel,Business,3233,3,3,3,3,2,4,5,4,4,4,4,4,5,3.69,0,0,TRUE
Male,Disloyal Customer,25,Business Travel,Eco,1017,3,3,3,2,2,3,2,2,3,4,2,1,2,2.46,0,0,FALSE
Female,Loyal Customer,48,Business Travel,Business,2411,2,2,2,2,5,4,5,5,5,5,5,3,4,3.77,44,64,TRUE
Female,Disloyal Customer,38,Business Travel,Business,417,4,3,3,4,5,3,5,5,5,3,5,5,5,4.23,20,7,FALSE
Male,Loyal Customer,33,Business Travel,Business,495,3,3,3,3,5,5,5,5,4,4,4,3,5,4,3,0,TRUE
Male,Loyal Customer,34,Personal Travel,Eco,1050,2,5,2,2,2,2,2,2,5,3,4,5,2,2.92,6,0,FALSE
Female,Disloyal Customer,34,Business Travel,Business,749,2,2,2,2,3,2,1,3,4,2,5,4,3,2.69,0,0,FALSE
Male,Loyal Customer,54,Personal Travel,Eco,1142,2,5,2,2,2,2,2,2,1,3,5,3,2,2.54,0,0,FALSE
Female,Disloyal Customer,24,Business Travel,Eco,588,3,1,3,2,1,3,1,1,2,2,2,4,1,2,0,0,FALSE
Male,Loyal Customer,45,Personal Travel,Eco,134,3,4,0,3,4,0,4,4,5,2,5,3,4,3.15,4,0,FALSE
Female,Loyal Customer,48,Business Travel,Business,1747,2,2,2,2,3,3,5,4,4,4,4,5,5,3.46,3,13,TRUE
Female,Loyal Customer,53,Business Travel,Business,3106,1,3,3,3,2,3,2,2,2,2,1,2,1,2.08,0,0,FALSE
Female,Disloyal Customer,29,Business Travel,Business,669,5,5,5,3,4,5,4,4,3,2,4,4,4,4,61,39,TRUE
Male,Loyal Customer,49,Business Travel,Business,1605,3,3,3,3,2,5,5,4,4,5,4,5,3,3.77,0,0,TRUE
Male,Loyal Customer,51,Business Travel,Business,3681,2,2,2,2,5,1,2,2,2,2,2,1,1,2,0,5,FALSE
Male,Loyal Customer,20,Business Travel,Business,237,3,3,3,3,5,5,5,5,4,5,5,4,5,4.23,15,10,TRUE
Male,Loyal Customer,54,Personal Travel,Eco Plus,1217,1,3,1,1,5,1,3,5,5,1,3,5,5,3,0,7,FALSE
Female,Loyal Customer,12,Personal Travel,Business,260,3,4,0,3,4,0,4,4,2,4,4,2,4,2.92,38,20,FALSE
Female,Loyal Customer,35,Business Travel,Eco,95,5,2,2,2,5,5,5,5,3,1,1,1,5,3.23,10,2,TRUE
Male,Loyal Customer,48,Business Travel,Business,1024,3,3,3,3,2,5,5,5,5,5,5,5,4,4.08,0,29,TRUE
Male,Loyal Customer,30,Business Travel,Business,1849,1,2,2,2,1,1,1,1,2,5,2,4,1,1.92,0,0,FALSE
Female,Loyal Customer,30,Business Travel,Business,247,2,2,2,2,4,4,4,4,1,3,2,1,4,2.69,0,0,TRUE
Male,Loyal Customer,47,Personal Travel,Eco Plus,806,3,2,3,4,5,3,5,5,2,2,3,1,5,3.31,18,0,FALSE
Female,Loyal Customer,57,Business Travel,Business,2303,5,5,2,5,3,4,4,5,5,5,5,4,3,4.23,19,13,TRUE
Male,Disloyal Customer,22,Business Travel,Eco,187,4,0,4,3,3,4,5,3,2,1,3,5,3,3.08,0,0,TRUE
Female,Loyal Customer,59,Business Travel,Business,2077,5,5,5,5,2,4,4,5,5,5,5,3,4,4.38,6,0,TRUE
Female,Loyal Customer,27,Business Travel,Business,2349,4,5,4,4,5,5,5,5,2,4,5,1,5,4.15,4,0,TRUE
Male,Loyal Customer,61,Business Travel,Business,2998,2,2,4,2,5,5,4,5,5,5,5,5,4,4.08,0,0,TRUE
Male,Loyal Customer,22,Business Travel,Business,3714,5,5,5,5,5,5,5,5,5,4,4,4,5,4.77,5,0,TRUE
Male,Loyal Customer,32,Personal Travel,Eco,1616,1,2,1,2,5,1,5,5,1,4,1,4,5,2.85,0,0,FALSE
Female,Loyal Customer,55,Business Travel,Business,859,4,4,4,4,4,4,4,4,4,4,4,5,5,4.15,40,26,TRUE
Female,Loyal Customer,37,Business Travel,Eco,170,5,1,1,1,5,5,5,5,3,5,2,2,5,3.46,0,0,TRUE
Female,Loyal Customer,44,Business Travel,Business,2454,2,2,2,2,4,4,4,4,3,3,4,4,4,3.23,0,0,TRUE
Female,Loyal Customer,40,Business Travel,Eco,677,4,2,2,2,4,4,4,4,3,5,5,2,4,3.46,13,14,TRUE
Female,Loyal Customer,65,Personal Travel,Eco,1069,2,3,2,5,5,3,3,4,4,2,4,1,1,3,0,0,FALSE
Female,Loyal Customer,39,Business Travel,Business,448,3,3,3,3,3,4,2,4,4,4,4,3,1,3.15,6,3,TRUE
Female,Loyal Customer,25,Personal Travel,Eco,409,3,3,3,3,4,3,4,4,2,1,4,5,4,3.31,9,21,FALSE
Female,Loyal Customer,34,Personal Travel,Eco Plus,370,3,4,2,5,2,2,2,2,3,5,5,3,2,3.08,0,0,FALSE
Male,Disloyal Customer,29,Business Travel,Eco,1379,2,2,2,4,1,2,1,1,5,5,5,3,1,2.62,4,0,FALSE
Female,Loyal Customer,26,Business Travel,Business,1165,1,1,2,1,5,5,5,5,4,5,3,2,5,3.38,42,15,TRUE
Female,Loyal Customer,43,Personal Travel,Eco,1444,0,0,0,2,5,5,5,3,3,0,3,5,4,2.69,13,2,TRUE
Female,Disloyal Customer,20,Business Travel,Eco,164,2,2,2,3,1,2,1,1,4,3,3,1,1,2,0,3,FALSE
Female,Loyal Customer,51,Business Travel,Business,1080,2,2,2,2,4,5,4,5,5,5,5,4,3,3.69,0,0,TRUE
Female,Loyal Customer,38,Personal Travel,Eco Plus,695,3,4,3,3,2,3,3,2,4,5,3,3,2,3.08,0,0,FALSE
Male,Loyal Customer,36,Business Travel,Business,2333,4,4,4,4,4,3,2,5,5,5,5,3,2,3.85,0,0,TRUE
Female,Loyal Customer,43,Business Travel,Eco,1136,5,4,4,4,3,3,4,5,5,5,5,3,5,4.23,0,0,TRUE
Female,Loyal Customer,17,Personal Travel,Eco,569,1,4,1,4,1,1,1,1,5,2,5,3,1,2.31,9,1,FALSE
Female,Loyal Customer,48,Business Travel,Business,1855,5,5,5,5,2,4,4,3,3,3,3,3,4,3.77,13,0,TRUE
Female,Loyal Customer,57,Business Travel,Business,1611,5,5,3,5,4,4,5,4,4,4,4,4,4,4.23,0,0,TRUE
Male,Loyal Customer,40,Business Travel,Business,2903,5,5,5,5,2,4,4,4,4,4,4,3,5,4.15,0,0,TRUE
Male,Loyal Customer,32,Personal Travel,Eco,404,2,4,2,3,4,2,4,4,3,2,4,3,4,3.15,20,0,FALSE
Female,Loyal Customer,20,Personal Travel,Business,1061,5,5,5,1,3,5,3,3,4,2,4,5,3,3.69,0,0,TRUE
Female,Loyal Customer,29,Personal Travel,Eco,651,1,2,2,4,2,2,2,2,4,3,4,3,2,2.54,10,0,FALSE
Male,Loyal Customer,39,Personal Travel,Eco,108,1,2,1,4,2,1,2,2,3,1,4,2,2,2.08,0,7,FALSE
Female,Loyal Customer,13,Personal Travel,Eco,507,2,2,2,2,3,2,3,3,4,3,2,3,3,2.62,0,1,FALSE
Male,Loyal Customer,10,Personal Travel,Eco,926,2,4,2,1,4,2,4,4,4,3,5,2,4,3.15,0,0,FALSE
Male,Loyal Customer,56,Business Travel,Business,2287,4,4,4,4,5,4,4,4,4,4,4,3,5,4.08,2,0,TRUE
Male,Loyal Customer,56,Business Travel,Eco,763,4,1,1,1,4,4,4,4,4,4,4,1,4,3.08,0,0,TRUE
Female,Loyal Customer,44,Business Travel,Eco,368,2,2,4,2,1,4,4,2,2,2,2,4,1,2.46,51,48,FALSE
Male,Loyal Customer,23,Personal Travel,Eco,1744,2,4,2,3,2,2,2,2,4,5,3,5,2,2.92,0,0,FALSE
Male,Loyal Customer,59,Business Travel,Business,1589,5,5,5,5,3,1,1,4,4,4,4,1,2,3.38,0,0,TRUE
Female,Disloyal Customer,30,Business Travel,Eco,516,3,2,2,3,4,2,4,4,1,4,4,1,4,2.92,0,0,FALSE
Female,Loyal Customer,47,Business Travel,Eco,1013,1,4,4,4,3,2,2,1,1,1,1,3,1,2.15,12,28,FALSE
Male,Disloyal Customer,30,Business Travel,Business,980,4,4,4,3,4,4,4,4,5,4,5,5,4,4.15,0,0,TRUE
Male,Loyal Customer,64,Personal Travel,Eco,500,2,5,2,2,4,2,4,4,5,2,4,4,4,3.38,0,0,FALSE
Male,Loyal Customer,26,Personal Travel,Eco,280,3,5,3,2,5,3,5,5,4,4,5,4,5,4.08,0,0,FALSE
Female,Loyal Customer,48,Business Travel,Business,2133,2,2,3,2,5,4,4,2,2,2,2,4,5,3,96,75,TRUE
Male,Loyal Customer,70,Personal Travel,Eco,1303,2,5,2,2,3,2,5,3,1,1,4,1,3,2.62,5,0,FALSE
Male,Loyal Customer,27,Personal Travel,Eco,468,4,4,4,5,3,4,3,3,5,4,5,5,3,4,3,0,FALSE
Female,Loyal Customer,64,Personal Travel,Eco,919,4,4,5,3,4,5,1,4,4,5,4,5,5,4.08,0,1,FALSE
Female,Loyal Customer,42,Business Travel,Business,3823,2,3,3,3,2,2,1,2,2,2,2,2,2,2.15,2,0,FALSE
Male,Disloyal Customer,44,Business Travel,Business,1276,4,4,4,3,3,4,3,3,5,4,4,5,3,3.77,3,4,TRUE
Female,Loyal Customer,15,Personal Travel,Eco,862,3,4,3,5,2,3,2,2,4,1,5,5,2,3.15,0,0,FALSE
Male,Disloyal Customer,21,Business Travel,Eco,503,4,1,4,3,3,4,3,3,3,1,2,1,3,2.69,3,0,FALSE
Male,Loyal Customer,46,Business Travel,Business,1609,2,2,2,2,5,3,4,4,4,4,4,4,3,3.31,5,0,TRUE
Male,Loyal Customer,58,Personal Travel,Eco,1021,3,4,4,4,5,4,5,5,1,2,5,4,5,3.92,0,0,FALSE
Female,Loyal Customer,36,Personal Travel,Business,1547,1,5,1,5,2,5,4,1,1,1,4,5,5,3.08,12,11,FALSE
Male,Loyal Customer,40,Business Travel,Business,2052,3,3,3,3,3,3,5,4,4,4,4,3,3,3.46,0,2,TRUE
Male,Loyal Customer,49,Business Travel,Business,928,1,1,1,1,4,5,4,4,4,3,4,4,3,3,0,8,TRUE
Male,Loyal Customer,40,Personal Travel,Eco,329,3,5,2,4,4,2,4,4,5,1,5,1,4,3.38,0,0,FALSE
Female,Disloyal Customer,23,Business Travel,Eco,358,2,0,3,3,4,3,1,4,1,1,5,4,4,2.69,0,0,FALSE
Male,Loyal Customer,51,Business Travel,Business,190,4,4,4,4,3,4,5,5,5,5,5,5,5,4.46,0,0,TRUE
Male,Loyal Customer,33,Business Travel,Business,2841,2,2,2,2,4,4,4,4,3,5,5,3,4,3.38,3,0,TRUE
Male,Loyal Customer,69,Business Travel,Business,479,1,1,1,1,2,4,4,4,4,4,4,3,3,2.77,0,0,TRUE
Male,Loyal Customer,64,Personal Travel,Eco,201,0,4,0,2,3,0,3,3,1,4,5,3,3,2.38,0,0,TRUE
Female,Loyal Customer,38,Business Travel,Business,1817,3,3,3,3,4,5,5,2,2,2,2,3,4,3.15,0,0,TRUE
Male,Loyal Customer,59,Business Travel,Business,802,1,1,1,1,2,5,5,3,3,3,3,4,4,2.77,0,0,TRUE
Female,Loyal Customer,15,Personal Travel,Eco Plus,599,2,5,2,3,5,2,2,5,2,5,4,1,5,3.31,0,0,FALSE
Male,Loyal Customer,55,Personal Travel,Eco,859,2,2,2,3,2,2,2,2,4,4,3,2,2,2.46,2,24,FALSE
Male,Loyal Customer,34,Business Travel,Business,2778,1,1,1,1,5,5,5,5,5,5,5,5,5,3.77,0,0,TRUE
Female,Loyal Customer,37,Business Travel,Business,1766,3,5,2,5,3,3,3,2,3,4,4,3,3,3.31,108,133,FALSE
Male,Disloyal Customer,28,Business Travel,Business,972,3,3,3,3,1,3,1,1,4,5,5,5,1,2.92,0,0,FALSE
Male,Loyal Customer,25,Personal Travel,Eco Plus,899,1,4,1,5,5,1,5,5,1,1,1,3,5,2.92,0,0,FALSE
Male,Loyal Customer,34,Personal Travel,Eco,283,5,4,5,4,1,5,1,1,4,4,5,4,1,3.38,0,0,TRUE
Male,Loyal Customer,26,Business Travel,Business,2009,3,1,1,1,3,2,3,3,2,4,2,4,3,2.46,52,59,FALSE
Male,Loyal Customer,43,Personal Travel,Eco,1029,2,2,1,4,4,1,4,4,3,1,3,3,4,2.77,0,0,FALSE
Male,Loyal Customer,24,Business Travel,Business,1573,1,3,4,3,1,2,1,1,2,5,3,2,1,2.23,0,0,FALSE
Female,Loyal Customer,47,Business Travel,Business,2165,5,5,5,5,4,4,5,3,3,3,3,3,4,4,0,3,TRUE
Female,Loyal Customer,40,Business Travel,Business,606,5,5,5,5,4,4,5,4,4,4,4,5,5,4.54,7,7,TRUE
Female,Disloyal Customer,50,Business Travel,Business,1493,5,5,5,3,5,5,2,5,4,4,5,3,5,4.31,1,6,TRUE
Female,Loyal Customer,42,Business Travel,Business,239,1,1,1,1,2,4,4,5,5,5,5,4,3,3.15,2,4,TRUE
Female,Loyal Customer,35,Personal Travel,Eco,1005,0,4,0,2,3,0,1,3,3,2,5,3,3,2.23,80,75,TRUE
Male,Loyal Customer,41,Business Travel,Eco,158,5,1,1,1,5,5,5,5,1,5,3,2,5,3.38,0,0,TRUE
Female,Disloyal Customer,26,Business Travel,Eco,1205,4,4,4,4,1,4,1,1,1,1,4,1,1,2.38,0,0,FALSE
Female,Loyal Customer,34,Personal Travel,Eco,351,1,5,1,3,3,1,5,3,4,2,5,5,3,3.15,0,0,FALSE
Male,Loyal Customer,43,Business Travel,Eco Plus,1504,1,1,1,1,1,1,1,1,1,5,4,1,1,1.54,11,74,FALSE
Male,Disloyal Customer,29,Business Travel,Business,632,2,2,2,1,1,2,1,1,4,5,5,3,1,2.31,21,7,FALSE
Male,Loyal Customer,22,Business Travel,Eco,479,2,3,3,3,2,2,1,2,3,2,4,2,2,2.38,23,28,FALSE
Female,Loyal Customer,33,Personal Travel,Eco,639,3,5,3,1,5,3,5,5,3,3,5,3,5,3.77,0,0,FALSE
Male,Loyal Customer,54,Personal Travel,Eco,226,1,5,0,2,1,0,1,1,5,5,4,5,1,2.38,17,7,FALSE
Female,Loyal Customer,42,Business Travel,Business,1772,1,1,1,1,5,4,5,5,5,5,5,3,4,3.46,0,1,TRUE
Female,Loyal Customer,39,Business Travel,Business,2202,1,1,1,1,4,5,4,4,4,4,4,4,5,3.23,0,0,TRUE
Female,Loyal Customer,53,Business Travel,Business,184,2,3,3,3,2,3,3,0,0,1,2,3,4,2.23,0,0,FALSE
Female,Loyal Customer,46,Business Travel,Business,587,5,5,5,5,5,5,4,5,5,5,5,4,3,4.69,18,25,TRUE
Female,Loyal Customer,52,Business Travel,Business,2568,3,3,3,3,3,5,5,4,4,4,4,3,5,3.77,0,0,TRUE
Male,Loyal Customer,43,Business Travel,Business,1517,1,1,1,1,1,2,1,5,5,5,4,3,2,2.46,0,0,TRUE
Female,Disloyal Customer,19,Business Travel,Eco,761,1,1,1,4,5,1,5,5,3,1,3,3,5,2.92,0,7,FALSE
Male,Loyal Customer,42,Personal Travel,Eco,1546,2,4,2,4,4,2,4,4,3,5,4,4,4,3.54,22,11,FALSE
Male,Loyal Customer,17,Personal Travel,Eco,106,2,3,0,2,2,0,2,2,2,3,1,4,2,1.92,0,0,FALSE
Female,Loyal Customer,48,Personal Travel,Eco Plus,1597,4,5,4,3,5,4,4,1,1,4,1,3,4,3.31,36,3,FALSE
Female,Loyal Customer,67,Personal Travel,Eco,425,3,2,3,4,2,4,3,2,2,3,2,4,3,2.85,0,0,FALSE
Male,Loyal Customer,55,Business Travel,Business,152,3,3,3,3,1,2,4,4,4,4,4,1,5,3.15,0,4,TRUE
Male,Loyal Customer,38,Business Travel,Business,2969,3,3,3,3,3,4,5,4,4,4,4,3,5,3.69,6,0,TRUE
Female,Loyal Customer,33,Business Travel,Eco,634,3,3,5,3,3,3,3,3,4,3,3,3,3,3.23,0,7,FALSE
Male,Loyal Customer,56,Business Travel,Business,2226,5,5,5,5,4,4,5,4,4,5,4,4,3,4.38,0,24,TRUE
Female,Loyal Customer,44,Business Travel,Business,3618,2,2,2,2,2,5,5,2,2,2,2,3,4,2.69,0,0,TRUE
Male,Loyal Customer,25,Business Travel,Eco Plus,280,2,4,4,4,2,3,2,2,3,1,3,2,2,2.62,25,9,FALSE
Female,Loyal Customer,22,Personal Travel,Eco,359,1,4,1,3,3,1,3,3,2,5,3,2,3,2.62,3,32,FALSE
Male,Loyal Customer,37,Business Travel,Business,1438,5,5,5,5,2,4,4,4,4,4,4,3,4,4.08,0,6,TRUE
Male,Loyal Customer,48,Personal Travel,Eco,102,1,3,1,4,1,1,1,1,4,1,1,4,1,1.85,1,0,FALSE
Female,Loyal Customer,40,Business Travel,Eco,421,4,1,1,1,4,4,4,4,2,5,2,1,4,2.85,0,0,TRUE
Female,Loyal Customer,20,Personal Travel,Eco Plus,1107,3,3,3,4,5,3,5,5,4,2,4,4,5,3.85,9,40,FALSE
Male,Loyal Customer,67,Business Travel,Eco Plus,315,2,4,4,4,2,2,2,2,3,1,4,1,2,2.54,0,0,FALSE
Female,Loyal Customer,17,Personal Travel,Eco,1694,1,3,1,4,1,1,5,1,2,1,4,4,1,2.23,8,0,FALSE
Male,Loyal Customer,55,Business Travel,Business,2027,1,1,1,1,4,5,5,5,5,5,5,4,5,3.62,0,0,TRUE
Male,Loyal Customer,54,Business Travel,Business,1855,4,4,4,4,3,4,5,5,5,5,5,4,5,4.38,0,0,TRUE
Male,Loyal Customer,56,Business Travel,Business,3943,3,3,3,3,2,5,4,5,5,5,5,4,5,4,0,0,TRUE
Female,Loyal Customer,47,Business Travel,Business,157,2,2,2,2,5,5,5,4,4,4,4,5,3,3.62,0,0,TRUE
Male,Disloyal Customer,61,Business Travel,Eco,262,2,0,2,2,5,2,5,5,3,2,4,3,5,3.08,86,77,FALSE
Male,Loyal Customer,66,Business Travel,Business,2271,0,0,0,2,4,4,4,2,2,2,2,5,5,2.46,0,0,TRUE
Male,Loyal Customer,36,Business Travel,Business,3922,1,1,3,1,5,5,1,4,4,4,4,4,4,3.15,0,0,TRUE
Female,Loyal Customer,42,Business Travel,Business,3332,5,5,5,5,3,5,4,4,4,4,4,5,3,4.31,0,0,TRUE
Female,Loyal Customer,47,Business Travel,Business,201,1,1,1,1,2,5,5,4,4,4,5,5,5,3.31,18,29,TRUE
Female,Loyal Customer,8,Personal Travel,Eco,109,3,3,0,2,3,0,4,3,4,1,2,2,3,2.31,0,0,FALSE
Female,Loyal Customer,68,Business Travel,Business,3849,1,4,3,4,5,4,4,1,1,1,1,2,3,2.62,2,0,FALSE
Female,Loyal Customer,69,Personal Travel,Eco,1235,4,3,5,1,5,1,2,4,4,5,4,3,2,3.31,0,0,FALSE
Male,Loyal Customer,56,Personal Travel,Business,674,1,5,1,5,5,5,5,3,3,1,3,5,5,3.62,0,0,FALSE
Female,Loyal Customer,52,Personal Travel,Eco,102,2,3,2,4,1,4,4,3,3,2,3,2,4,2.85,0,0,FALSE
Female,Loyal Customer,51,Business Travel,Business,3333,4,4,4,4,5,5,3,4,4,4,4,2,1,3.69,37,24,TRUE
Female,Loyal Customer,41,Business Travel,Business,2541,3,3,3,3,3,5,5,5,5,5,5,3,4,4,0,26,TRUE
Female,Loyal Customer,49,Personal Travel,Eco,705,2,5,2,3,2,5,5,1,1,2,5,5,4,3.23,0,0,FALSE
Female,Loyal Customer,30,Personal Travel,Eco,2153,2,4,2,1,2,2,2,4,5,4,5,2,2,2.85,400,412,FALSE
Female,Loyal Customer,43,Business Travel,Eco Plus,67,4,4,4,4,1,2,5,4,4,4,4,4,2,3.54,1,3,TRUE
Female,Loyal Customer,26,Personal Travel,Eco,1846,4,4,4,1,4,4,4,4,5,4,3,4,4,3.77,16,0,FALSE
Male,Loyal Customer,42,Business Travel,Business,689,2,2,2,2,5,2,3,2,2,2,2,1,2,2.23,1,0,FALSE
Male,Disloyal Customer,66,Business Travel,Eco,1287,3,3,3,3,2,3,2,2,1,5,4,1,2,2.62,107,94,FALSE
Male,Disloyal Customer,22,Business Travel,Business,931,5,0,5,4,4,5,4,4,3,2,4,4,4,3.69,0,0,TRUE
Female,Loyal Customer,42,Business Travel,Business,633,4,4,4,4,3,4,5,4,4,4,4,3,4,3.92,0,0,TRUE
Male,Loyal Customer,41,Personal Travel,Eco,1024,2,4,2,3,3,2,3,3,3,3,4,4,3,3,0,0,FALSE
Female,Disloyal Customer,36,Business Travel,Eco,304,3,4,3,3,5,3,5,5,4,3,3,1,5,3.62,1,10,FALSE
Female,Loyal Customer,55,Business Travel,Business,2266,1,1,1,1,3,4,4,4,4,4,4,5,5,3.15,0,10,TRUE
Male,Loyal Customer,39,Business Travel,Business,262,2,2,2,2,4,5,2,4,4,4,4,2,3,3.08,0,0,TRUE
Male,Loyal Customer,47,Business Travel,Business,1041,3,5,5,5,4,3,3,3,3,3,3,2,4,3.54,0,17,FALSE
Female,Loyal Customer,41,Personal Travel,Eco,853,3,4,3,4,5,3,5,5,5,4,5,3,5,4.15,0,0,FALSE
Female,Disloyal Customer,40,Business Travel,Business,109,3,3,3,4,1,3,1,1,4,5,4,4,1,2.85,46,49,FALSE
Female,Loyal Customer,66,Business Travel,Eco,2370,3,1,1,1,3,3,3,1,2,2,4,3,3,2.31,133,100,FALSE
Female,Loyal Customer,55,Personal Travel,Eco,1123,1,4,1,5,5,5,5,4,4,1,4,5,3,3.62,6,5,FALSE
Female,Loyal Customer,11,Personal Travel,Eco,785,3,5,3,1,4,3,4,4,3,3,4,5,4,3.54,0,5,FALSE
Male,Loyal Customer,33,Business Travel,Business,594,3,3,3,3,4,3,4,4,5,5,5,4,4,3.85,0,0,TRUE
Female,Loyal Customer,35,Personal Travel,Business,795,3,5,3,4,5,5,5,2,2,3,2,4,4,3.62,32,18,FALSE
Male,Loyal Customer,39,Business Travel,Business,3300,5,5,5,5,5,2,5,4,4,5,3,5,4,4.38,0,0,TRUE
Female,Loyal Customer,28,Personal Travel,Eco,1597,4,5,4,3,4,4,2,4,4,3,4,3,4,3.69,0,0,FALSE
Male,Loyal Customer,69,Personal Travel,Eco,261,4,2,4,2,3,4,3,3,4,4,3,4,3,3.31,0,0,TRUE
Female,Loyal Customer,53,Business Travel,Business,305,4,4,4,4,4,3,1,4,4,4,4,4,3,3.62,0,0,TRUE
Female,Loyal Customer,37,Personal Travel,Eco,2521,3,4,3,2,3,5,5,4,4,3,5,5,5,3.92,7,37,FALSE
Male,Loyal Customer,37,Personal Travel,Eco,563,2,3,2,3,2,3,4,3,1,2,3,4,4,2.77,63,133,FALSE
Female,Loyal Customer,70,Personal Travel,Eco,507,3,5,3,3,5,5,4,3,3,3,3,3,3,3.54,0,0,FALSE
Female,Loyal Customer,62,Business Travel,Business,1835,1,1,1,1,3,2,3,1,1,1,1,3,3,1.69,0,0,FALSE
Female,Disloyal Customer,23,Business Travel,Business,370,4,4,4,5,4,4,4,4,4,5,5,4,4,4.23,0,0,TRUE
Female,Loyal Customer,33,Business Travel,Business,937,1,1,1,1,2,5,3,4,4,4,4,4,5,3,26,5,TRUE
Male,Loyal Customer,52,Business Travel,Business,3949,0,1,1,4,2,5,4,4,4,4,4,3,5,3.15,0,0,TRUE
Female,Loyal Customer,45,Personal Travel,Eco,624,2,4,2,3,3,4,5,3,3,2,3,5,5,3.38,0,6,FALSE
Male,Loyal Customer,66,Business Travel,Business,1728,5,5,5,5,3,5,5,4,4,4,4,4,5,4.46,8,0,TRUE
Male,Loyal Customer,40,Business Travel,Business,226,1,2,2,2,3,4,4,1,1,1,1,3,2,2.08,0,0,FALSE
Male,Loyal Customer,25,Business Travel,Business,2097,3,3,3,3,4,4,4,4,3,1,1,4,4,3.15,8,6,TRUE
Male,Loyal Customer,69,Business Travel,Eco,272,3,5,2,2,3,3,3,3,3,1,5,1,3,2.85,0,2,TRUE
Female,Disloyal Customer,22,Business Travel,Eco,769,4,4,4,2,1,4,1,1,3,4,5,3,1,2.85,0,0,TRUE
Male,Loyal Customer,37,Business Travel,Eco,854,3,2,2,2,3,3,3,3,4,3,3,3,3,2.85,0,15,FALSE
Male,Loyal Customer,39,Business Travel,Business,643,3,3,3,3,4,4,5,4,4,4,4,5,4,3.85,16,10,TRUE
Male,Disloyal Customer,30,Business Travel,Eco,762,2,2,2,1,4,2,4,4,4,4,1,1,4,2.69,18,3,FALSE
Male,Loyal Customer,61,Business Travel,Eco,109,2,5,5,5,2,2,2,2,3,1,5,1,2,2.85,42,31,TRUE
Male,Loyal Customer,38,Business Travel,Business,3475,2,2,2,2,4,5,5,5,5,5,5,3,4,3.77,0,0,TRUE
Male,Loyal Customer,68,Business Travel,Business,2146,1,4,4,4,1,4,4,1,1,1,1,3,4,2.54,0,0,FALSE
Female,Loyal Customer,56,Business Travel,Business,2565,4,4,4,4,2,5,4,4,4,4,4,5,4,4,4,0,TRUE
Female,Loyal Customer,52,Personal Travel,Business,643,2,5,2,2,3,5,5,5,5,2,4,4,3,3.62,10,0,FALSE
Male,Disloyal Customer,34,Business Travel,Eco,488,3,3,3,3,3,3,3,3,1,1,3,1,3,2.54,17,6,FALSE
Female,Disloyal Customer,34,Business Travel,Business,361,2,2,2,3,5,2,2,5,5,5,4,4,5,3.54,7,5,FALSE
Female,Loyal Customer,52,Personal Travel,Eco,156,1,5,0,3,3,4,4,5,5,0,3,4,3,3.08,0,0,FALSE
Female,Loyal Customer,47,Personal Travel,Eco Plus,1747,4,2,4,4,1,4,3,5,5,4,2,1,2,3.15,10,0,TRUE
Male,Loyal Customer,28,Personal Travel,Eco,362,1,4,1,3,2,1,2,2,3,2,5,3,2,2.38,24,16,FALSE
Female,Loyal Customer,39,Business Travel,Business,1756,3,3,3,3,2,4,5,5,5,5,5,3,3,3.77,7,0,TRUE
Male,Loyal Customer,67,Personal Travel,Eco,670,2,5,2,2,3,2,3,3,3,5,4,5,3,3.23,48,38,FALSE
Female,Loyal Customer,48,Business Travel,Business,2451,4,4,4,4,2,4,4,5,5,5,5,4,4,4.15,0,1,TRUE
Male,Loyal Customer,63,Business Travel,Eco,268,1,4,2,4,1,1,1,1,4,5,3,3,1,2.38,0,0,FALSE
Female,Loyal Customer,27,Business Travel,Business,1079,2,3,3,3,2,2,2,2,1,1,4,2,2,2.23,12,0,FALSE
Male,Loyal Customer,43,Business Travel,Business,2405,4,4,5,4,4,5,4,4,4,4,4,5,5,4.31,0,0,TRUE
Male,Loyal Customer,39,Business Travel,Business,447,5,5,5,5,3,4,4,4,4,4,4,5,5,4.38,72,69,TRUE
Female,Loyal Customer,11,Personal Travel,Eco Plus,967,2,4,2,3,4,2,4,4,5,5,4,3,4,3.54,38,38,FALSE
Male,Loyal Customer,14,Personal Travel,Eco Plus,2588,2,5,1,3,1,1,1,1,2,3,4,2,1,2.08,0,0,FALSE
Female,Loyal Customer,31,Personal Travel,Eco,802,3,5,3,2,1,3,1,1,3,2,3,2,1,2.31,9,0,FALSE
Male,Loyal Customer,14,Personal Travel,Eco,1846,4,4,4,4,2,4,2,2,1,3,2,1,2,2.69,2,0,FALSE
Female,Loyal Customer,60,Business Travel,Eco,118,4,5,5,5,1,4,4,4,4,4,4,4,3,3.92,0,10,FALSE
Male,Loyal Customer,20,Business Travel,Business,764,4,4,4,4,2,2,2,2,4,2,4,5,2,3.15,7,18,TRUE
Female,Loyal Customer,42,Business Travel,Business,2686,4,3,4,4,3,5,5,5,5,5,5,4,3,4.23,0,0,TRUE
Male,Loyal Customer,50,Personal Travel,Eco,925,1,3,0,4,3,0,5,3,3,2,4,5,3,2.77,27,17,FALSE
Female,Loyal Customer,54,Personal Travel,Eco,2133,2,3,2,4,1,5,5,2,2,2,2,2,4,2.77,0,0,FALSE
Male,Loyal Customer,43,Business Travel,Business,1052,4,4,4,4,3,5,4,5,5,5,5,5,5,4.46,30,28,TRUE
Female,Loyal Customer,55,Business Travel,Eco,1010,5,1,1,1,4,3,2,5,5,5,5,3,4,3.38,5,5,TRUE
Male,Loyal Customer,27,Business Travel,Eco Plus,834,1,4,4,4,1,1,1,1,3,1,4,1,1,2.08,0,23,FALSE
Male,Loyal Customer,60,Business Travel,Eco,1372,5,5,5,5,5,5,5,5,2,5,5,1,5,4.46,0,0,TRUE
Male,Loyal Customer,52,Business Travel,Eco,226,3,2,2,2,3,3,3,3,4,1,3,4,3,2.77,0,0,FALSE
Male,Loyal Customer,22,Personal Travel,Eco,2125,1,3,1,4,4,1,1,4,3,5,3,2,4,2.77,0,0,FALSE
Female,Loyal Customer,61,Personal Travel,Eco,836,4,5,4,5,4,5,4,3,3,4,3,4,3,3.92,0,0,FALSE
Female,Loyal Customer,43,Business Travel,Business,312,1,1,1,1,3,4,5,3,3,4,3,3,4,2.77,0,0,TRUE
Male,Loyal Customer,59,Business Travel,Eco,528,3,3,3,3,3,3,3,3,3,2,4,3,3,3,0,0,FALSE
Male,Loyal Customer,10,Personal Travel,Eco,696,1,4,1,3,5,1,5,5,3,2,5,4,5,3.38,0,0,FALSE
Female,Loyal Customer,51,Business Travel,Business,1504,4,4,4,4,5,2,5,3,3,3,3,2,2,3.38,4,0,TRUE
Male,Loyal Customer,36,Business Travel,Eco,689,3,4,4,4,3,3,3,4,3,4,3,3,3,3.38,152,164,FALSE
Female,Loyal Customer,18,Personal Travel,Eco,2475,1,5,2,4,2,1,1,3,1,4,3,1,1,2.23,0,20,FALSE
Male,Loyal Customer,66,Personal Travel,Eco,647,3,5,3,2,5,3,5,5,3,1,1,2,5,3.31,0,0,FALSE
Male,Loyal Customer,29,Personal Travel,Eco,517,1,4,1,5,1,2,2,1,1,1,3,2,2,2,165,156,FALSE
Female,Loyal Customer,30,Personal Travel,Eco,404,2,2,2,3,4,2,4,4,1,5,3,3,4,3,0,11,FALSE
Male,Loyal Customer,45,Business Travel,Eco,1048,3,4,4,4,3,3,3,3,2,4,4,1,3,3.15,0,0,FALSE
Male,Loyal Customer,48,Business Travel,Business,495,3,3,3,3,2,1,2,5,5,5,5,2,4,3.31,21,21,TRUE
Male,Loyal Customer,44,Business Travel,Business,3353,4,4,4,4,2,4,5,4,4,4,4,5,5,4.08,13,12,TRUE
Female,Disloyal Customer,28,Business Travel,Eco,1428,1,2,2,1,3,1,3,3,4,1,2,2,3,2.15,9,14,FALSE
Male,Disloyal Customer,28,Business Travel,Business,599,4,4,4,4,2,4,2,2,3,5,5,5,2,3.54,53,54,TRUE
Male,Loyal Customer,31,Personal Travel,Eco,1315,0,4,0,2,5,4,5,5,4,5,4,4,5,3.62,0,0,TRUE
Male,Loyal Customer,60,Business Travel,Eco,903,3,3,3,3,2,3,2,2,1,2,3,1,2,2.31,3,14,FALSE
Female,Loyal Customer,49,Business Travel,Business,3065,2,2,2,2,2,4,4,5,5,5,5,4,5,3.62,0,0,TRUE
Male,Loyal Customer,48,Personal Travel,Eco,628,5,4,5,2,3,5,3,3,5,5,4,4,3,3.92,16,0,TRUE
Female,Disloyal Customer,9,Business Travel,Eco,950,2,2,2,4,1,2,1,1,3,4,4,3,1,2.31,0,0,FALSE
Female,Disloyal Customer,55,Business Travel,Eco,268,3,1,3,2,1,3,1,1,3,2,1,2,1,1.85,0,0,FALSE
Male,Loyal Customer,19,Personal Travel,Eco,1542,5,4,5,3,4,4,4,4,4,2,3,4,4,3.85,0,0,TRUE
Female,Loyal Customer,47,Business Travel,Business,2728,1,1,1,1,3,4,4,5,5,5,5,4,4,3.31,0,0,TRUE
Male,Loyal Customer,30,Business Travel,Business,3962,5,5,4,5,5,5,5,5,1,1,1,4,5,3.92,6,12,TRUE
Female,Loyal Customer,29,Personal Travel,Eco,314,4,4,4,1,3,4,3,3,5,5,4,4,3,3.62,0,0,FALSE
Male,Loyal Customer,56,Business Travel,Business,3314,3,3,3,3,3,4,4,2,2,2,2,5,3,3,0,0,TRUE
Female,Loyal Customer,26,Personal Travel,Eco Plus,365,2,5,5,2,5,5,5,5,5,5,4,3,5,4.31,16,20,FALSE
Female,Disloyal Customer,26,Business Travel,Business,733,1,0,1,3,5,1,5,5,5,3,4,4,5,3.23,0,0,FALSE
Female,Loyal Customer,65,Personal Travel,Eco,447,1,3,3,4,4,3,4,2,2,3,5,4,4,3.23,4,7,FALSE
Female,Loyal Customer,26,Business Travel,Eco,2253,4,2,2,2,4,4,4,4,3,2,4,3,4,3.23,0,,TRUE
Female,Loyal Customer,40,Business Travel,Business,372,5,5,5,5,4,5,4,5,5,5,5,4,4,4.69,20,10,TRUE
Female,Loyal Customer,69,Business Travel,Business,964,1,2,4,2,4,4,4,1,1,1,1,2,2,2.23,0,0,FALSE
Male,Loyal Customer,44,Personal Travel,Eco,602,1,3,1,3,5,1,5,5,1,1,4,2,5,2.85,2,0,FALSE
Female,Loyal Customer,24,Business Travel,Business,1700,2,3,3,3,3,3,2,3,4,4,3,4,3,3.08,0,0,FALSE
Female,Loyal Customer,38,Business Travel,Business,216,5,5,5,5,4,4,4,5,5,5,3,2,3,4.23,0,0,TRUE
Male,Loyal Customer,69,Personal Travel,Eco,936,4,5,4,1,5,4,5,5,5,2,5,3,5,4.08,0,0,FALSE
Male,Loyal Customer,51,Business Travel,Business,1839,4,4,5,4,2,4,5,5,5,5,5,4,5,4.38,0,0,TRUE
Male,Disloyal Customer,23,Business Travel,Eco,1472,5,5,5,5,5,5,5,5,3,3,5,1,5,4.38,1,0,TRUE
Male,Loyal Customer,40,Personal Travel,Eco,888,3,5,3,5,2,3,2,2,4,3,5,4,2,3.31,0,17,FALSE
Male,Loyal Customer,57,Personal Travel,Eco Plus,396,4,4,4,2,4,4,2,4,3,2,4,4,4,3.46,0,0,TRUE
Female,Disloyal Customer,24,Business Travel,Eco,197,3,4,3,1,5,3,5,5,5,3,5,3,5,3.85,0,0,FALSE
Male,Loyal Customer,52,Business Travel,Business,1843,3,3,3,3,4,4,4,5,5,5,5,5,3,4,36,19,TRUE
Female,Loyal Customer,37,Personal Travel,Eco,837,2,2,2,4,2,2,2,2,4,2,3,1,2,2.31,16,10,FALSE
Female,Loyal Customer,31,Business Travel,Business,3547,2,3,2,2,4,4,4,4,5,4,4,4,4,3.54,0,0,TRUE
Female,Loyal Customer,50,Business Travel,Business,3777,5,1,5,5,5,4,4,4,4,5,5,4,4,4.23,47,34,TRUE
Female,Loyal Customer,19,Personal Travel,Eco,3904,3,5,2,4,2,5,5,3,3,4,4,5,5,3.85,14,23,FALSE
Male,Disloyal Customer,50,Business Travel,Eco,1048,3,3,3,3,1,3,1,1,4,4,3,3,1,2.54,0,8,FALSE
Male,Loyal Customer,38,Personal Travel,Business,337,4,3,4,2,2,3,2,5,5,4,4,3,3,3.38,4,0,FALSE
Female,Loyal Customer,58,Business Travel,Business,1599,1,1,1,1,4,5,5,4,4,4,4,4,3,3.15,0,5,TRUE
Female,Loyal Customer,26,Business Travel,Business,1977,3,3,3,3,3,3,3,3,4,5,4,5,3,3.46,37,33,TRUE
Male,Loyal Customer,58,Personal Travel,Eco,328,2,5,2,3,2,2,2,2,4,3,4,3,2,2.77,6,4,FALSE
Female,Loyal Customer,61,Business Travel,Business,3130,5,5,4,5,5,4,3,3,3,4,3,2,4,3.85,0,4,TRUE
Male,Loyal Customer,23,Business Travel,Business,2603,5,5,5,5,4,4,4,4,2,5,1,2,4,3.85,0,0,TRUE
Female,Loyal Customer,36,Business Travel,Eco,284,1,1,1,1,1,1,1,1,3,1,3,2,1,1.38,0,1,FALSE
Male,Loyal Customer,54,Business Travel,Business,2463,5,5,5,5,3,4,5,4,4,4,4,4,5,4.38,0,0,TRUE
Female,Loyal Customer,24,Business Travel,Business,3510,3,1,1,1,3,3,3,3,1,4,3,3,3,2.46,36,31,FALSE
Female,Loyal Customer,31,Personal Travel,Eco,871,2,2,2,3,2,4,4,4,4,2,2,4,4,3,290,276,FALSE
Female,Disloyal Customer,25,Business Travel,Eco,503,1,2,1,4,2,1,4,2,4,4,3,4,2,2.62,2,0,FALSE
Male,Loyal Customer,30,Business Travel,Business,2950,3,3,3,3,4,4,4,4,4,5,5,3,4,3.77,10,4,TRUE
Female,Loyal Customer,50,Personal Travel,Eco,2399,0,4,1,3,5,4,5,3,3,1,3,4,4,3.08,0,0,TRUE
Male,Disloyal Customer,17,Business Travel,Eco,1034,2,2,2,4,3,2,3,3,5,5,5,2,3,3.15,15,0,FALSE
Male,Loyal Customer,50,Business Travel,Business,3238,2,2,2,2,4,4,4,3,3,3,3,3,4,3,0,0,TRUE
Male,Disloyal Customer,43,Business Travel,Eco,567,1,0,1,4,5,1,5,5,4,2,2,3,5,2.92,0,1,FALSE
Female,Loyal Customer,31,Business Travel,Business,1076,2,5,2,2,5,5,5,5,3,3,4,4,5,3.85,0,13,TRUE
Female,Disloyal Customer,45,Business Travel,Business,307,3,3,3,2,3,3,3,3,4,4,4,3,3,3.15,0,8,FALSE
Male,Loyal Customer,52,Business Travel,Business,3377,2,2,2,2,4,4,4,5,5,5,5,5,4,3.77,0,0,TRUE
Male,Loyal Customer,47,Business Travel,Eco,689,1,1,1,1,1,1,1,1,1,1,4,3,1,1.38,0,7,FALSE
Male,Loyal Customer,24,Personal Travel,Eco,1703,2,4,2,2,4,2,4,4,3,1,5,5,4,3.23,35,36,FALSE
Male,Loyal Customer,31,Business Travel,Business,1753,1,1,1,1,4,4,4,4,5,2,5,3,4,3,0,0,TRUE
Female,Loyal Customer,42,Business Travel,Business,668,3,3,1,3,5,5,4,4,4,4,4,4,5,3.77,1,11,TRUE
Female,Loyal Customer,63,Personal Travel,Eco,370,4,4,4,3,3,4,3,4,4,4,2,3,3,3.46,9,8,FALSE
Male,Loyal Customer,29,Personal Travel,Eco,2611,3,2,3,4,3,3,3,1,3,3,3,3,3,2.85,0,0,FALSE
Male,Loyal Customer,49,Business Travel,Business,583,2,2,2,2,2,5,4,4,4,4,4,3,4,3.23,0,0,TRUE
Male,Loyal Customer,42,Business Travel,Business,1784,5,5,5,5,3,4,5,4,4,4,5,5,3,4.38,0,0,TRUE
Female,Disloyal Customer,36,Business Travel,Business,328,3,3,3,1,1,3,1,1,5,2,5,3,1,2.46,0,9,FALSE
Male,Loyal Customer,69,Business Travel,Business,391,4,4,4,4,1,4,3,4,4,4,4,1,1,3.23,0,0,FALSE
Female,Loyal Customer,39,Business Travel,Business,1504,1,1,3,1,2,5,5,4,4,4,4,3,4,3.15,8,0,TRUE
Female,Loyal Customer,63,Personal Travel,Eco,577,4,5,4,1,5,4,5,5,5,4,5,5,4,4.31,21,19,FALSE
Female,Loyal Customer,42,Business Travel,Eco,370,4,1,1,1,1,2,1,4,4,4,4,3,3,2.54,0,0,TRUE
Female,Loyal Customer,49,Business Travel,Business,2174,0,5,0,2,3,4,4,5,5,5,5,4,4,3.54,11,0,TRUE
Male,Loyal Customer,45,Personal Travel,Eco,432,2,4,2,3,1,2,1,1,5,2,4,4,1,2.46,0,0,FALSE
Female,Loyal Customer,23,Personal Travel,Eco,101,1,5,1,3,4,1,4,4,5,3,4,4,4,3.31,0,0,FALSE
Male,Loyal Customer,63,Personal Travel,Eco,692,4,5,4,3,2,4,2,2,3,2,4,5,2,3.23,0,0,FALSE
Female,Loyal Customer,53,Business Travel,Business,1855,3,3,3,3,2,2,1,5,5,5,5,5,4,3.54,59,47,TRUE
Female,Loyal Customer,11,Personal Travel,Eco,542,2,4,2,3,4,2,4,4,5,4,5,5,4,3.69,0,0,FALSE
Female,Loyal Customer,31,Business Travel,Business,2353,2,2,2,2,2,2,2,2,5,3,4,2,2,2.46,145,186,FALSE
Male,Loyal Customer,41,Business Travel,Business,2075,4,4,4,4,4,3,4,4,4,4,4,3,3,3.77,0,14,TRUE
Male,Disloyal Customer,23,Business Travel,Eco,594,3,3,3,3,5,3,5,5,1,2,4,4,5,3.54,0,0,FALSE
Female,Disloyal Customer,17,Business Travel,Business,589,4,0,4,1,2,4,2,2,4,4,5,5,2,3,4,0,TRUE
Male,Disloyal Customer,25,Business Travel,Business,888,3,5,3,2,3,3,3,3,3,3,4,4,3,3.23,28,27,FALSE
Male,Loyal Customer,45,Business Travel,Business,342,5,5,5,5,4,4,5,4,4,4,4,4,5,4.46,0,0,TRUE
Female,Loyal Customer,30,Business Travel,Business,589,5,5,5,5,2,2,2,2,5,4,4,4,2,3.62,0,0,TRUE
Male,Loyal Customer,34,Business Travel,Business,1696,1,1,1,1,4,4,5,5,5,5,5,3,3,3.31,0,1,TRUE
Male,Loyal Customer,44,Business Travel,Business,2590,2,2,2,2,1,2,2,2,2,2,2,4,1,2,36,37,FALSE
Female,Disloyal Customer,20,Business Travel,Eco,1399,5,5,5,5,1,5,1,1,4,4,5,5,1,3.62,0,2,TRUE
Male,Loyal Customer,20,Personal Travel,Business,833,3,4,3,4,5,3,5,5,3,4,4,4,5,4,17,2,FALSE
Female,Disloyal Customer,23,Business Travel,Eco,1242,3,3,3,3,1,3,1,1,4,4,5,3,1,2.69,25,17,TRUE
Male,Loyal Customer,29,Personal Travel,Eco,468,3,4,4,3,3,4,2,3,4,2,5,5,3,3.46,0,0,FALSE
Male,Loyal Customer,19,Business Travel,Eco Plus,1021,2,1,2,1,2,1,2,2,4,4,4,2,2,2.23,0,0,FALSE
Male,Loyal Customer,8,Personal Travel,Eco,606,5,5,5,1,2,5,2,2,4,5,4,5,2,3.62,102,97,TRUE
Male,Loyal Customer,31,Business Travel,Eco,300,3,1,1,1,3,3,3,3,4,3,4,3,3,2.69,0,0,FALSE
Male,Loyal Customer,64,Personal Travel,Eco,1076,3,4,3,4,2,3,2,2,4,1,3,4,2,2.85,0,0,FALSE
Male,Loyal Customer,31,Business Travel,Business,2378,4,4,4,4,4,4,4,4,2,5,5,5,4,4.08,5,0,TRUE
Female,Loyal Customer,35,Business Travel,Business,390,4,4,4,4,3,4,5,5,5,5,5,5,3,4.31,0,0,TRUE
Male,Loyal Customer,64,Personal Travel,Eco,944,2,1,2,3,1,2,1,1,3,2,4,2,1,1.92,0,0,FALSE
Male,Loyal Customer,51,Business Travel,Business,67,1,1,1,1,2,4,5,4,4,4,4,3,5,3,116,107,TRUE
Female,Loyal Customer,8,Personal Travel,Eco,936,3,5,3,3,1,3,5,1,5,4,4,4,1,3.23,0,24,FALSE
Female,Disloyal Customer,41,Business Travel,Business,642,3,3,3,2,3,3,3,3,5,2,4,4,3,3.15,53,53,FALSE
Female,Loyal Customer,46,Business Travel,Business,2681,2,2,5,2,3,4,4,4,4,4,4,3,4,3.46,0,0,TRUE
Female,Loyal Customer,64,Business Travel,Eco,209,5,5,5,5,5,5,5,5,5,5,5,2,5,4.77,0,24,TRUE
Female,Loyal Customer,58,Business Travel,Business,2047,3,3,2,3,4,5,5,5,5,5,5,5,4,4.15,5,0,TRUE
Male,Disloyal Customer,39,Business Travel,Business,534,2,2,2,5,5,2,5,5,3,5,4,4,5,3.77,0,0,FALSE
Female,Loyal Customer,48,Business Travel,Eco,373,3,4,4,4,1,3,2,3,3,3,3,4,5,3.23,0,0,TRUE
Male,Loyal Customer,35,Business Travel,Business,273,5,5,5,5,5,2,1,5,5,5,5,4,1,4.08,8,0,TRUE
Female,Loyal Customer,51,Business Travel,Business,2252,1,1,1,1,5,5,4,5,5,5,5,4,4,3.54,0,2,TRUE
Female,Loyal Customer,36,Business Travel,Business,3943,5,5,5,5,3,5,5,5,5,5,4,3,3,4.46,18,17,TRUE
Male,Loyal Customer,22,Personal Travel,Eco,990,3,4,3,4,4,3,4,4,3,2,4,3,4,3.46,19,16,FALSE
Male,Loyal Customer,10,Personal Travel,Eco,1452,5,3,5,3,5,5,5,5,4,1,4,3,5,4.08,1,0,TRUE
Female,Loyal Customer,55,Business Travel,Business,404,1,1,1,1,5,5,4,4,4,5,4,5,4,3.38,23,21,TRUE
Male,Disloyal Customer,42,Business Travel,Eco,328,1,2,1,3,4,1,1,4,2,4,4,2,4,2.54,0,4,FALSE
Male,Loyal Customer,52,Personal Travel,Eco,719,3,1,3,2,2,3,2,2,4,2,2,3,2,2.38,0,7,FALSE
Female,Loyal Customer,8,Personal Travel,Eco,948,1,3,1,2,5,1,2,5,5,5,3,2,5,3.08,0,0,FALSE
Male,Loyal Customer,43,Business Travel,Business,2120,5,5,5,5,3,4,4,5,5,5,5,4,4,4.54,0,12,TRUE
Female,Loyal Customer,48,Business Travel,Business,3565,4,1,4,4,4,4,5,4,4,4,4,4,4,3.85,15,31,TRUE
Female,Loyal Customer,72,Business Travel,Eco,356,2,3,3,3,1,4,4,3,3,2,3,2,4,2.85,1,4,FALSE
Female,Loyal Customer,49,Business Travel,Eco,160,3,4,4,4,3,4,3,4,4,3,4,1,2,3.31,0,3,FALSE
Female,Loyal Customer,53,Personal Travel,Eco,469,2,4,2,4,5,5,5,3,3,2,3,5,3,3.54,2,9,FALSE
Female,Loyal Customer,26,Business Travel,Business,1835,5,5,5,5,4,4,4,4,5,4,5,4,4,4.46,1,8,TRUE
Female,Loyal Customer,14,Business Travel,Business,579,4,4,1,4,5,4,5,5,3,5,5,4,5,4.15,0,0,TRUE
Male,Loyal Customer,34,Business Travel,Business,1587,4,4,4,4,4,4,5,5,5,5,5,4,4,4.38,0,0,TRUE
Male,Loyal Customer,38,Business Travel,Business,2640,5,5,3,5,1,5,4,5,5,5,5,1,5,4.15,5,0,TRUE
Male,Loyal Customer,29,Business Travel,Business,954,4,4,4,4,5,5,5,5,5,2,4,4,5,4.31,0,0,TRUE
Male,Loyal Customer,52,Business Travel,Business,1197,4,4,4,4,5,4,4,5,5,4,5,5,3,4.31,0,9,TRUE
Male,Loyal Customer,33,Business Travel,Business,2055,4,4,5,4,4,4,4,4,5,2,5,5,4,4.15,0,0,TRUE
Male,Disloyal Customer,11,Business Travel,Eco,528,1,2,1,4,3,1,3,3,4,5,4,1,3,2.69,123,113,FALSE
Female,Loyal Customer,19,Personal Travel,Business,289,5,5,5,4,1,5,4,1,4,4,4,3,1,3.54,0,0,TRUE
Female,Loyal Customer,44,Business Travel,Eco,2404,2,1,1,1,2,2,2,4,4,1,2,2,2,2,160,149,FALSE
Female,Loyal Customer,45,Business Travel,Business,2183,3,3,3,3,2,2,4,2,2,2,2,1,1,2.31,120,110,TRUE
Male,Loyal Customer,38,Business Travel,Business,1182,2,2,2,2,4,4,5,5,5,5,5,5,3,3.77,0,0,TRUE
Male,Disloyal Customer,43,Business Travel,Eco,679,4,4,4,1,2,4,4,2,2,2,5,1,2,2.85,1,9,FALSE
Male,Loyal Customer,24,Business Travel,Eco Plus,929,2,1,1,1,2,2,2,2,1,2,2,1,2,1.62,1,11,FALSE
Male,Disloyal Customer,17,Business Travel,Eco,631,3,3,3,3,4,3,4,4,1,1,4,3,4,3.08,0,0,FALSE
Male,Loyal Customer,60,Business Travel,Business,3216,1,1,1,1,2,4,5,5,5,5,5,4,3,3.23,0,0,TRUE
Female,Disloyal Customer,49,Business Travel,Eco,224,3,0,3,1,3,3,3,3,1,1,3,3,3,2.31,0,0,FALSE
Male,Loyal Customer,62,Personal Travel,Eco,338,1,1,1,3,4,1,4,4,4,4,3,4,4,2.92,20,0,FALSE
Male,Loyal Customer,31,Personal Travel,Eco,204,3,5,3,1,2,3,2,2,5,2,1,3,2,2.62,0,0,FALSE
Male,Loyal Customer,72,Business Travel,Business,1764,1,2,2,2,4,3,3,1,1,2,1,2,2,2,0,0,FALSE
Male,Loyal Customer,22,Business Travel,Business,2629,5,5,2,5,1,2,1,1,4,2,5,4,1,2.92,0,15,TRUE
Female,Disloyal Customer,25,Business Travel,Eco,361,2,3,2,2,1,2,1,1,4,4,2,2,1,2.08,46,58,FALSE
Male,Loyal Customer,38,Business Travel,Business,1888,3,3,3,3,5,5,4,4,4,4,4,5,3,3.85,0,0,TRUE
Female,Disloyal Customer,24,Business Travel,Eco,1448,3,3,3,4,3,3,3,3,4,5,2,1,3,3.08,0,0,FALSE
Male,Disloyal Customer,30,Business Travel,Eco,448,2,2,2,4,3,2,3,3,3,3,3,1,3,2.62,0,0,FALSE
Male,Loyal Customer,29,Business Travel,Business,1688,4,4,4,4,5,5,5,5,4,4,4,5,5,4.46,19,24,TRUE
Male,Loyal Customer,43,Business Travel,Business,1700,1,1,1,1,4,4,5,5,5,5,5,4,5,3.54,0,0,TRUE
Female,Loyal Customer,27,Business Travel,Business,2800,4,4,4,4,2,2,2,2,3,3,5,4,2,3.15,52,47,TRUE
Male,Loyal Customer,30,Business Travel,Business,1017,5,5,2,5,5,5,5,5,2,1,3,5,5,4.08,0,0,TRUE
Male,Loyal Customer,46,Business Travel,Business,3299,5,5,5,5,4,4,5,2,2,2,2,4,3,3.69,0,0,TRUE
Female,Loyal Customer,36,Business Travel,Business,2920,1,1,1,1,5,3,1,5,5,5,5,3,4,3.08,0,18,TRUE
Female,Loyal Customer,15,Personal Travel,Eco,708,1,4,1,3,5,1,5,5,5,4,5,5,5,3.77,85,112,FALSE
Female,Disloyal Customer,21,Business Travel,Business,1322,4,0,4,1,2,4,2,2,1,2,4,4,2,2.46,0,16,TRUE
Female,Loyal Customer,52,Business Travel,Business,2363,3,4,4,4,1,3,3,3,3,4,3,4,1,3.08,2,0,FALSE
Female,Loyal Customer,21,Personal Travel,Eco,421,2,2,2,3,1,2,1,1,2,1,2,2,1,1.69,3,19,FALSE
Male,Loyal Customer,42,Personal Travel,Eco,1085,3,4,3,3,4,3,4,4,3,5,5,4,4,3.77,3,0,FALSE
Male,Loyal Customer,48,Business Travel,Business,997,5,5,5,5,2,5,5,4,4,4,4,3,5,4.31,0,0,TRUE
Female,Loyal Customer,52,Business Travel,Business,862,1,1,3,1,3,4,4,5,5,5,5,3,5,3.46,34,30,TRUE
Female,Loyal Customer,28,Business Travel,Business,3209,3,3,3,3,5,5,5,5,1,4,2,2,5,3.54,81,67,TRUE
Female,Loyal Customer,46,Personal Travel,Eco Plus,295,2,2,2,3,2,3,3,4,4,2,4,4,2,2.85,0,0,FALSE
Female,Loyal Customer,26,Business Travel,Business,3236,1,1,1,1,5,5,5,5,3,5,5,5,5,3.62,3,0,TRUE
Male,Disloyal Customer,19,Business Travel,Business,349,1,2,1,3,4,1,2,4,4,2,4,4,4,2.77,28,19,FALSE
Male,Loyal Customer,36,Business Travel,Business,2136,2,5,5,5,4,4,3,2,2,2,2,4,4,3.38,0,0,FALSE
Female,Disloyal Customer,36,Business Travel,Business,1407,2,2,2,3,5,2,5,5,5,4,4,3,5,3.62,0,0,FALSE
Male,Loyal Customer,67,Personal Travel,Eco,183,3,4,3,3,5,3,5,5,5,4,4,3,5,4,21,16,FALSE
Male,Loyal Customer,42,Business Travel,Business,2762,5,5,5,5,4,4,3,5,5,5,5,1,3,4.23,0,0,TRUE
Male,Loyal Customer,45,Personal Travel,Business,950,2,0,2,3,4,3,3,2,2,2,2,5,1,2.38,0,0,FALSE
Female,Loyal Customer,17,Personal Travel,Eco,925,5,5,5,2,4,5,4,4,3,3,4,3,4,3.92,0,0,TRUE
Male,Loyal Customer,43,Business Travel,Business,3329,1,2,2,2,4,3,3,3,3,3,1,4,1,2.46,0,0,FALSE
Male,Loyal Customer,29,Business Travel,Business,3868,5,5,5,5,4,4,4,4,3,2,4,3,4,4,0,0,TRUE
Female,Loyal Customer,29,Business Travel,Business,1452,5,5,5,5,4,4,4,4,4,5,4,5,4,4.46,6,0,TRUE
Male,Loyal Customer,26,Personal Travel,Eco,1205,2,3,2,2,1,2,1,1,4,1,4,1,1,1.92,0,1,FALSE
Female,Disloyal Customer,25,Business Travel,Eco,109,2,2,2,3,3,2,3,3,3,3,3,4,3,2.77,0,0,FALSE
Male,Loyal Customer,53,Business Travel,Eco,667,5,5,5,5,5,5,5,5,1,4,4,3,5,4.38,7,0,TRUE
Male,Loyal Customer,70,Business Travel,Business,2120,2,3,3,3,5,3,3,2,2,2,2,3,1,2.62,109,131,FALSE
Female,Loyal Customer,36,Personal Travel,Eco,2378,3,4,3,1,3,4,3,4,2,3,4,3,3,3.08,149,123,FALSE
Male,Loyal Customer,8,Personal Travel,Eco Plus,447,3,2,3,3,1,3,4,1,3,1,3,4,1,2.46,0,0,FALSE
Male,Loyal Customer,44,Business Travel,Eco Plus,350,5,5,5,5,5,5,5,5,4,4,2,1,5,4.31,37,33,TRUE
Female,Disloyal Customer,36,Business Travel,Eco,143,2,1,2,3,3,2,3,3,1,3,2,2,3,2.31,23,23,FALSE
Male,Loyal Customer,42,Personal Travel,Eco,657,5,1,5,3,2,1,2,2,3,3,3,3,2,2.69,0,0,TRUE
Male,Loyal Customer,43,Business Travel,Business,1751,2,5,2,2,2,4,4,2,2,2,2,4,4,2.85,0,0,TRUE
Male,Loyal Customer,58,Personal Travel,Eco,416,3,3,3,3,5,3,5,5,1,1,3,2,5,3.23,0,0,FALSE
Male,Loyal Customer,31,Business Travel,Business,2699,4,1,1,1,1,1,4,1,2,4,4,4,1,2.23,0,8,FALSE
Female,Loyal Customer,36,Business Travel,Business,1482,4,5,5,5,2,3,3,4,4,4,4,1,2,3.54,4,41,FALSE
Male,Loyal Customer,50,Business Travel,Business,4243,3,4,4,4,3,3,3,2,4,2,2,3,3,3.08,0,5,FALSE
Female,Loyal Customer,17,Business Travel,Eco,1215,4,3,3,3,4,4,3,4,2,4,4,1,4,3.31,0,0,TRUE
Female,Loyal Customer,13,Personal Travel,Eco,1874,3,1,3,2,1,3,1,1,4,2,2,2,1,2,7,0,FALSE
Female,Loyal Customer,57,Business Travel,Business,1522,4,4,4,4,2,5,5,5,5,5,5,5,3,4.31,0,0,TRUE
Female,Loyal Customer,54,Personal Travel,Eco,265,3,2,0,2,2,3,2,2,2,0,2,3,1,1.85,0,0,FALSE
Female,Loyal Customer,58,Personal Travel,Eco,1744,1,5,1,4,4,5,5,5,5,1,2,5,3,3.54,0,0,FALSE
Male,Loyal Customer,51,Business Travel,Business,1535,1,2,2,2,5,4,4,1,1,1,1,4,4,2.46,3,0,FALSE
Female,Loyal Customer,42,Business Travel,Business,3836,5,5,5,5,4,4,5,5,5,5,5,4,5,4.77,0,0,TRUE
Female,Loyal Customer,56,Business Travel,Business,2296,5,5,4,5,3,4,5,5,5,5,5,3,3,4.38,0,0,TRUE
Female,Loyal Customer,21,Personal Travel,Eco,2139,1,5,1,2,5,1,1,5,5,5,4,3,5,3.31,37,55,FALSE
Male,Loyal Customer,15,Personal Travel,Eco,140,3,5,3,3,5,3,3,5,3,3,1,1,5,3.31,0,0,FALSE
Male,Loyal Customer,37,Business Travel,Eco,991,2,4,2,4,2,2,2,2,2,5,4,2,2,2.69,0,0,FALSE
Male,Disloyal Customer,20,Personal Travel,Eco,1075,3,5,3,3,1,3,1,1,3,4,4,4,1,2.77,0,0,FALSE
Male,Loyal Customer,17,Personal Travel,Eco,838,3,4,3,3,4,3,4,4,5,3,5,5,4,3.85,0,0,FALSE
Male,Disloyal Customer,55,Business Travel,Eco,86,2,3,2,4,1,2,1,1,4,2,4,3,1,2.31,0,1,FALSE
Female,Loyal Customer,57,Business Travel,Business,406,2,2,2,2,4,5,5,5,5,5,5,3,5,3.85,0,0,TRUE
Female,Loyal Customer,10,Personal Travel,Eco Plus,451,4,3,4,3,3,4,2,3,5,1,2,1,3,2.92,0,0,FALSE
Female,Loyal Customer,67,Personal Travel,Eco Plus,321,2,4,2,2,5,3,4,5,5,2,5,1,3,3.31,0,0,FALSE
Male,Loyal Customer,60,Business Travel,Business,2253,4,4,4,4,4,4,4,5,5,5,5,5,4,4.38,0,0,TRUE
Male,Loyal Customer,32,Personal Travel,Eco,337,2,5,2,3,5,2,5,5,5,4,5,4,5,4,6,0,FALSE
Female,Loyal Customer,49,Personal Travel,Eco,920,3,4,2,4,3,5,4,4,4,2,4,4,3,3.54,0,0,FALSE
Male,Loyal Customer,52,Business Travel,Business,861,3,1,1,1,5,3,2,3,3,3,3,3,3,2.62,85,61,FALSE
Female,Loyal Customer,59,Business Travel,Business,3984,4,4,4,4,5,4,5,4,4,4,4,3,5,4.15,0,0,TRUE
Female,Loyal Customer,35,Business Travel,Business,2969,2,3,3,3,4,3,2,2,2,2,2,3,2,2.54,0,1,FALSE
Female,Loyal Customer,27,Business Travel,Business,3514,1,1,1,1,4,4,4,4,5,4,5,4,4,3.23,7,4,TRUE
Male,Loyal Customer,59,Business Travel,Eco,594,2,1,1,1,2,2,2,2,1,5,3,1,2,1.92,11,0,FALSE
Male,Loyal Customer,56,Business Travel,Eco,991,2,4,4,4,2,2,2,2,1,1,4,3,2,2.54,0,1,FALSE
Female,Loyal Customer,32,Business Travel,Business,3846,5,5,5,5,5,5,5,5,4,3,4,4,5,4.62,4,0,TRUE
Male,Disloyal Customer,49,Business Travel,Business,2378,3,3,3,3,1,3,1,1,4,3,4,4,1,2.62,0,0,FALSE
Female,Loyal Customer,70,Personal Travel,Eco,546,2,3,2,1,5,1,5,5,5,2,5,4,3,3.31,0,0,FALSE
Female,Loyal Customer,16,Personal Travel,Eco,125,3,1,0,2,4,0,4,4,3,5,2,4,4,2.77,38,42,FALSE
Male,Loyal Customer,26,Business Travel,Business,1788,5,5,5,5,3,3,3,3,3,5,4,5,3,4,0,0,TRUE
Male,Loyal Customer,38,Business Travel,Business,2583,4,3,3,3,1,3,2,4,4,4,4,3,2,3.08,0,4,FALSE
Male,Loyal Customer,48,Business Travel,Business,2056,3,3,3,3,5,4,5,4,4,4,4,5,3,3.85,76,85,TRUE
Male,Loyal Customer,64,Business Travel,Business,2802,2,3,3,3,3,3,4,3,3,3,2,2,2,2.77,45,41,FALSE
Male,Loyal Customer,18,Personal Travel,Eco,488,2,0,2,3,1,2,1,1,4,3,4,4,1,2.15,2,0,FALSE
Female,Loyal Customer,44,Business Travel,Business,1869,4,4,5,4,3,5,5,4,4,4,4,5,4,4.23,0,0,TRUE
Female,Loyal Customer,70,Personal Travel,Eco,515,2,4,2,3,2,5,5,3,3,2,3,3,5,3.23,1,0,FALSE
Female,Disloyal Customer,36,Business Travel,Eco,325,3,4,3,3,1,3,4,1,2,1,3,2,1,2.38,0,0,FALSE
Female,Loyal Customer,38,Business Travel,Business,67,4,1,1,1,1,3,4,3,3,2,4,4,4,2.69,26,103,FALSE
Male,Loyal Customer,25,Business Travel,Eco,874,5,2,2,2,5,5,5,5,4,1,4,1,5,3.54,19,7,TRUE
Male,Loyal Customer,44,Personal Travel,Eco,196,3,2,3,2,3,3,3,3,4,3,2,3,3,2.85,0,33,FALSE
Male,Loyal Customer,51,Personal Travel,Eco,319,2,2,2,4,5,2,5,5,4,2,4,2,5,3.38,0,0,FALSE
Female,Loyal Customer,54,Personal Travel,Eco,546,3,1,3,3,5,4,4,2,2,3,2,3,3,2.92,0,0,FALSE
Female,Disloyal Customer,22,Business Travel,Eco,820,1,1,1,3,1,1,5,1,4,5,3,3,1,2.31,2,0,FALSE
Male,Loyal Customer,31,Business Travel,Eco,550,4,5,4,4,4,4,4,4,1,5,2,5,4,3.85,0,3,TRUE
Female,Loyal Customer,30,Personal Travel,Eco,738,3,4,3,3,4,3,4,4,3,3,4,4,4,3.54,17,14,FALSE
Male,Loyal Customer,41,Business Travel,Eco Plus,771,5,3,4,3,5,5,5,5,3,1,1,5,5,3.85,0,,TRUE
Female,Loyal Customer,40,Business Travel,Eco,1065,4,5,1,5,4,4,4,4,1,1,2,5,4,3.38,24,22,TRUE
Female,Loyal Customer,8,Personal Travel,Eco,1334,2,5,2,2,5,2,5,5,3,3,4,3,5,3.54,0,0,FALSE
Female,Loyal Customer,53,Business Travel,Business,301,3,3,4,3,5,4,4,5,5,5,5,5,4,4.23,0,0,TRUE
Male,Loyal Customer,54,Business Travel,Business,503,4,4,4,4,5,4,4,3,3,3,3,4,3,3.69,0,3,TRUE
Male,Loyal Customer,46,Business Travel,Business,811,5,5,5,5,4,4,5,5,5,5,5,5,4,4.77,16,0,TRUE
Female,Loyal Customer,20,Personal Travel,Eco,224,2,5,2,3,1,2,1,1,4,4,4,5,1,2.69,0,0,FALSE
Male,Disloyal Customer,28,Business Travel,Business,1481,5,5,5,3,1,5,1,1,4,5,5,4,1,3.46,0,0,TRUE
Male,Loyal Customer,60,Personal Travel,Eco,210,4,2,4,3,3,4,3,3,1,5,3,2,3,3.08,0,0,FALSE
Male,Loyal Customer,23,Personal Travel,Eco,184,3,1,3,3,1,3,1,1,4,1,2,3,1,2.08,25,61,FALSE
Male,Loyal Customer,11,Personal Travel,Eco,888,3,4,3,4,3,3,3,3,5,4,4,4,3,3.54,17,11,FALSE
Male,Loyal Customer,60,Personal Travel,Eco,432,4,2,4,3,3,4,3,3,1,2,4,2,3,2.92,0,0,TRUE
Male,Loyal Customer,28,Business Travel,Business,3557,3,3,3,3,4,4,4,1,2,2,2,4,4,3,225,219,TRUE
Female,Loyal Customer,32,Business Travel,Eco,1133,4,2,2,2,4,3,4,4,4,4,3,1,4,3.15,39,26,FALSE
Male,Loyal Customer,62,Business Travel,Eco,991,3,3,3,3,3,3,3,3,1,5,4,3,3,3.08,0,0,FALSE
Male,Loyal Customer,10,Personal Travel,Eco,544,4,4,4,4,1,4,1,1,3,2,5,3,1,2.85,0,0,FALSE
Male,Disloyal Customer,23,Business Travel,Eco,433,4,4,4,1,4,4,4,4,2,1,5,4,4,3.46,0,0,TRUE
Male,Loyal Customer,37,Personal Travel,Eco,253,3,3,3,3,2,3,5,2,1,4,4,4,2,3,0,0,FALSE
Male,Loyal Customer,25,Personal Travel,Eco,1404,1,1,1,4,4,1,4,4,2,1,4,3,4,2.62,0,0,FALSE
Male,Loyal Customer,18,Personal Travel,Eco,2253,4,5,4,1,4,4,4,4,4,4,5,4,4,3.92,0,0,FALSE
Male,Loyal Customer,24,Personal Travel,Eco,631,1,5,2,3,2,2,2,2,3,3,5,3,2,2.69,72,74,FALSE
Female,Loyal Customer,51,Business Travel,Business,2907,4,4,4,4,4,5,5,5,5,5,5,4,5,4.54,19,12,TRUE
Male,Loyal Customer,57,Business Travel,Business,304,2,4,4,4,3,4,4,2,2,2,2,3,3,3,0,0,FALSE
Male,Disloyal Customer,40,Business Travel,Eco,190,2,1,2,3,5,2,5,5,3,5,3,2,5,3.31,0,0,FALSE
Male,Loyal Customer,62,Business Travel,Eco,557,4,5,5,5,5,4,5,5,1,5,3,5,5,4.38,19,17,TRUE
Male,Loyal Customer,58,Business Travel,Eco Plus,542,3,3,3,3,3,3,3,3,1,1,3,2,3,2.62,3,0,FALSE
Male,Disloyal Customer,26,Business Travel,Business,1205,3,3,3,4,2,3,1,2,5,4,5,4,2,3.15,0,0,FALSE
Male,Loyal Customer,58,Business Travel,Eco,1846,2,4,4,4,2,2,2,2,3,2,4,1,2,2.62,0,6,FALSE
Male,Loyal Customer,31,Personal Travel,Eco,759,3,1,3,2,4,3,5,4,4,2,3,3,4,3.15,0,30,FALSE
Female,Loyal Customer,60,Business Travel,Business,338,2,5,5,5,1,3,4,2,2,2,2,3,2,2.92,0,0,FALSE
Male,Loyal Customer,20,Personal Travel,Eco,1464,2,1,2,3,5,2,5,5,1,1,4,2,5,2.92,0,9,FALSE
Female,Loyal Customer,55,Business Travel,Business,77,2,2,2,2,4,3,5,5,5,5,5,2,5,3.62,0,0,TRUE
Male,Loyal Customer,53,Business Travel,Business,2475,2,2,2,2,4,5,4,4,4,4,4,3,3,3.31,0,0,TRUE
Female,Loyal Customer,22,Business Travel,Eco,605,5,3,3,3,5,5,5,5,4,2,3,3,5,3.92,83,84,TRUE
Female,Loyal Customer,69,Personal Travel,Eco,967,2,5,2,2,4,4,5,1,1,2,5,4,4,3.15,27,12,FALSE
Male,Loyal Customer,20,Personal Travel,Eco,192,2,1,2,3,2,2,2,2,1,2,4,3,2,2.15,39,75,FALSE
Female,Loyal Customer,30,Business Travel,Business,931,2,4,3,4,2,2,2,2,2,5,3,2,2,2.69,0,0,FALSE
Female,Disloyal Customer,33,Business Travel,Business,357,4,4,4,3,3,4,3,3,4,4,5,5,3,3.77,0,0,FALSE
Female,Loyal Customer,14,Personal Travel,Eco,1608,3,5,3,4,1,3,1,1,5,4,4,3,1,2.92,7,10,FALSE
Male,Loyal Customer,40,Personal Travel,Eco,707,3,5,3,1,3,3,3,3,5,2,5,4,3,3.31,4,11,FALSE
Female,Disloyal Customer,20,Business Travel,Business,650,5,0,5,4,1,5,1,1,4,4,5,4,1,3.08,63,116,TRUE
Male,Loyal Customer,59,Business Travel,Eco,1072,2,1,1,1,1,2,1,1,3,3,4,3,1,1.85,11,14,FALSE
Male,Loyal Customer,52,Business Travel,Business,585,1,1,1,1,4,4,4,4,4,4,4,3,5,3.08,0,3,TRUE
Male,Loyal Customer,68,Personal Travel,Eco,853,3,1,3,4,2,3,3,2,4,2,4,4,2,2.85,44,44,FALSE
Male,Loyal Customer,30,Personal Travel,Eco,1035,3,4,3,3,1,3,1,1,4,4,5,5,1,2.92,12,0,FALSE
Female,Loyal Customer,43,Business Travel,Eco,692,4,4,4,4,5,3,3,4,4,4,4,4,1,3.69,0,0,TRUE
Female,Loyal Customer,43,Business Travel,Business,2723,1,4,4,4,4,1,1,1,1,1,1,1,3,2.08,0,0,FALSE
Female,Loyal Customer,59,Personal Travel,Eco,1660,2,5,2,1,2,5,4,3,3,2,3,5,5,3.23,9,0,FALSE
Female,Loyal Customer,49,Personal Travel,Eco Plus,2370,5,4,5,3,5,2,2,3,2,4,5,2,2,3.38,105,115,TRUE
Male,Loyal Customer,51,Business Travel,Business,2113,3,3,3,3,5,4,4,4,4,4,4,3,5,3.77,0,1,TRUE
Female,Loyal Customer,58,Business Travel,Business,3635,1,1,4,1,5,5,5,5,5,5,4,4,4,3.77,1,0,TRUE
Female,Loyal Customer,66,Personal Travel,Eco,1194,1,5,1,1,3,4,5,1,1,1,1,5,4,2.54,0,0,FALSE
Male,Loyal Customer,68,Personal Travel,Business,337,1,4,3,3,4,3,3,2,2,3,2,1,3,2.62,0,0,FALSE
Female,Disloyal Customer,40,Business Travel,Business,405,2,2,2,3,3,2,1,3,4,1,4,3,3,2.54,13,12,FALSE
Female,Disloyal Customer,38,Business Travel,Eco,147,2,0,1,4,2,1,2,2,5,2,2,2,2,2.08,0,3,FALSE
Female,Loyal Customer,55,Personal Travel,Eco,867,3,3,3,4,2,3,4,4,4,3,5,4,1,3.31,3,7,FALSE
Male,Loyal Customer,57,Business Travel,Business,253,1,1,1,1,2,5,2,5,5,5,5,4,4,3.15,0,0,TRUE
Female,Loyal Customer,40,Business Travel,Eco,134,1,3,3,3,1,1,1,1,1,1,3,1,1,1.62,7,1,FALSE
Female,Disloyal Customer,47,Business Travel,Eco,530,4,0,4,3,2,4,2,2,2,2,1,4,2,2.46,0,0,FALSE
Male,Disloyal Customer,39,Business Travel,Business,1150,4,3,3,4,3,3,4,3,5,2,4,5,3,3.54,0,0,TRUE
Male,Loyal Customer,49,Business Travel,Business,543,2,5,5,5,5,3,4,2,2,2,2,2,3,3.23,61,56,FALSE
Female,Loyal Customer,55,Business Travel,Business,1389,5,5,5,5,3,5,4,5,5,5,5,4,5,4.69,15,0,TRUE
Female,Disloyal Customer,37,Business Travel,Eco,332,2,3,2,4,5,2,2,5,2,2,4,3,5,3.15,55,58,FALSE
Female,Loyal Customer,24,Personal Travel,Eco,271,3,2,3,3,3,3,2,3,1,4,4,3,3,2.85,0,0,FALSE
Male,Loyal Customer,29,Business Travel,Business,2860,5,5,5,5,2,2,2,2,5,4,4,2,2,3.46,0,0,TRUE
Female,Disloyal Customer,21,Business Travel,Eco,1144,5,5,5,4,2,5,2,2,1,1,1,4,2,3,0,0,TRUE
Female,Loyal Customer,42,Business Travel,Eco,451,3,1,1,1,2,3,3,2,2,3,2,3,3,2.23,23,21,FALSE
Male,Disloyal Customer,23,Business Travel,Eco,255,3,4,2,4,3,2,3,3,4,5,3,4,3,3.31,4,1,FALSE
Female,Loyal Customer,11,Personal Travel,Eco Plus,209,3,2,3,2,5,3,5,5,4,1,2,1,5,3.15,18,2,FALSE
Male,Disloyal Customer,22,Business Travel,Eco,192,3,5,4,2,2,4,2,2,4,5,3,3,2,3.15,0,0,FALSE
Male,Loyal Customer,35,Business Travel,Business,2077,3,3,3,3,2,5,5,4,4,4,4,5,4,3.77,1,5,TRUE
Male,Loyal Customer,48,Business Travel,Eco,1182,2,4,4,4,2,2,2,2,2,1,3,4,2,2.62,3,87,FALSE
Male,Disloyal Customer,20,Business Travel,Eco,589,3,2,3,2,5,3,5,5,1,1,2,3,5,3.08,3,8,FALSE
Male,Disloyal Customer,21,Business Travel,Eco,783,3,3,3,1,3,2,2,1,2,1,1,2,2,2,0,1,FALSE
Male,Loyal Customer,60,Personal Travel,Eco,516,2,2,2,4,2,2,2,2,1,1,4,1,2,2.08,31,27,FALSE
Male,Disloyal Customer,25,Business Travel,Business,541,0,4,0,3,3,0,4,3,5,4,5,3,3,2.85,3,0,TRUE
Male,Loyal Customer,46,Business Travel,Business,2201,5,5,5,5,4,4,5,4,4,4,4,3,5,4.38,0,0,TRUE
Male,Disloyal Customer,39,Business Travel,Business,668,4,4,4,1,4,5,5,5,5,4,5,5,5,4.31,430,438,TRUE
Male,Loyal Customer,39,Personal Travel,Eco,293,5,4,4,3,1,4,1,1,4,5,4,3,1,3.08,0,0,TRUE
Male,Loyal Customer,15,Personal Travel,Business,301,3,4,3,2,4,3,2,4,5,3,5,3,4,3.46,0,0,FALSE
Female,Loyal Customer,20,Personal Travel,Eco,1127,2,4,2,4,2,2,2,2,5,5,4,5,2,3.15,0,0,FALSE
Female,Loyal Customer,45,Business Travel,Business,462,4,4,4,4,3,2,5,5,5,5,5,1,5,4,0,0,TRUE
Female,Disloyal Customer,13,Business Travel,Eco,552,1,0,0,2,5,0,5,5,1,4,2,1,5,2.38,0,0,FALSE
Female,Loyal Customer,33,Personal Travel,Eco,813,2,4,2,1,4,2,4,4,5,3,4,3,4,3.23,2,0,FALSE
Female,Loyal Customer,41,Business Travel,Business,3238,4,5,5,5,1,3,4,4,4,4,4,2,3,3.69,0,0,FALSE
Female,Loyal Customer,36,Personal Travel,Business,622,4,5,4,4,3,1,4,5,5,4,5,2,3,3.77,4,4,TRUE
Female,Disloyal Customer,20,Business Travel,Eco,143,3,3,3,4,3,3,3,3,3,4,4,3,3,3.23,2,13,FALSE
Male,Loyal Customer,29,Business Travel,Business,3220,4,4,4,4,5,5,5,5,3,2,5,3,5,4.15,25,26,TRUE
Female,Loyal Customer,15,Personal Travel,Eco,226,3,4,3,4,4,3,1,4,2,1,4,4,4,3.15,0,0,FALSE
Male,Loyal Customer,46,Business Travel,Business,113,3,3,3,3,3,5,5,5,5,5,5,4,3,4,9,3,TRUE
Male,Loyal Customer,52,Business Travel,Business,2823,5,5,5,5,2,4,5,5,5,5,5,4,4,4.54,0,0,TRUE
Female,Disloyal Customer,39,Business Travel,Eco,1147,3,3,3,1,4,3,4,4,5,1,5,3,4,3.31,0,0,FALSE
Female,Disloyal Customer,54,Business Travel,Eco,783,2,2,2,3,4,2,4,4,1,3,3,3,4,2.85,116,102,FALSE
Female,Disloyal Customer,36,Business Travel,Eco Plus,467,1,1,1,4,1,1,1,1,5,5,2,5,1,2.23,0,0,FALSE
Female,Loyal Customer,25,Business Travel,Business,1674,3,4,4,4,3,3,3,3,1,5,3,2,3,3.15,0,0,FALSE
Female,Loyal Customer,48,Personal Travel,Eco,333,4,5,4,3,3,5,5,1,1,4,1,1,2,3,0,0,TRUE
Female,Loyal Customer,63,Personal Travel,Eco,829,1,4,1,4,4,4,5,2,2,1,2,3,4,2.85,14,7,FALSE
Female,Disloyal Customer,23,Business Travel,Eco,602,2,5,2,5,4,2,4,4,1,4,2,2,4,3.15,0,0,FALSE
Male,Loyal Customer,46,Business Travel,Business,2596,3,3,3,3,4,5,5,5,5,5,4,4,3,4,0,0,TRUE
Male,Loyal Customer,33,Business Travel,Business,2279,3,3,3,3,4,4,4,4,4,5,4,5,4,3.85,26,24,TRUE
Female,Disloyal Customer,22,Business Travel,Eco,395,3,0,3,3,3,3,3,3,2,4,3,1,3,2.62,0,0,FALSE
Male,Loyal Customer,70,Personal Travel,Eco,879,3,0,3,2,5,3,5,5,3,3,4,2,5,3.31,3,0,FALSE
Male,Loyal Customer,29,Personal Travel,Eco,404,3,4,3,4,3,3,3,3,3,5,4,5,3,3.54,0,0,FALSE
Female,Loyal Customer,54,Business Travel,Business,2053,1,1,1,1,3,5,5,4,4,4,4,4,3,3.08,0,0,TRUE
Male,Disloyal Customer,35,Business Travel,Eco,404,2,1,2,3,1,2,1,1,1,5,3,1,1,1.85,38,29,FALSE
Female,Loyal Customer,57,Business Travel,Business,909,2,2,2,2,5,5,5,5,5,5,5,4,3,3.85,0,0,TRUE
Female,Loyal Customer,47,Business Travel,Business,409,5,5,5,5,5,5,5,4,4,4,4,5,5,4.69,0,10,TRUE
Male,Loyal Customer,47,Personal Travel,Eco,2454,2,1,2,3,1,2,1,1,2,2,3,4,1,1.92,0,15,FALSE
Male,Loyal Customer,32,Business Travel,Business,2448,4,5,5,5,4,4,4,4,1,4,3,4,4,3.92,106,105,FALSE
Female,Disloyal Customer,19,Business Travel,Eco,399,4,2,3,3,2,3,2,2,1,3,4,3,2,2.62,0,0,FALSE
Male,Loyal Customer,58,Business Travel,Business,2243,1,1,1,1,3,5,4,5,5,5,5,5,5,3.54,0,0,TRUE
Female,Loyal Customer,32,Personal Travel,Eco Plus,189,0,5,0,3,1,0,4,1,4,4,5,3,1,2.38,1,0,TRUE
Female,Loyal Customer,48,Business Travel,Business,1783,4,4,5,4,4,4,5,4,4,4,4,5,3,4.15,19,13,TRUE
Male,Loyal Customer,26,Personal Travel,Eco,692,2,5,2,5,1,2,3,1,5,3,4,5,1,3,1,7,FALSE
Male,Loyal Customer,44,Business Travel,Business,3997,2,1,1,1,3,4,3,3,3,3,2,1,4,2.38,59,59,FALSE
Male,Loyal Customer,38,Business Travel,Eco,163,4,3,3,3,4,4,4,4,1,2,2,1,4,3,0,0,TRUE
Female,Loyal Customer,36,Business Travel,Business,2366,5,5,5,5,3,4,2,5,5,5,5,1,3,4.08,106,108,TRUE
Male,Loyal Customer,45,Business Travel,Business,775,5,5,5,5,4,4,5,4,4,4,4,5,5,4.54,0,8,TRUE
Male,Loyal Customer,42,Business Travel,Eco,733,4,1,1,1,4,4,4,4,3,3,3,4,4,3.08,0,0,FALSE
Female,Loyal Customer,53,Business Travel,Eco Plus,363,3,4,4,4,4,2,2,3,3,3,3,2,1,2.92,0,0,FALSE
Male,Loyal Customer,12,Personal Travel,Eco,2296,0,5,0,1,0,1,1,5,2,4,5,1,1,2,0,3,TRUE
Female,Loyal Customer,40,Personal Travel,Eco,2075,3,2,4,3,2,4,2,2,3,3,3,3,2,2.77,8,0,FALSE
Male,Loyal Customer,47,Business Travel,Business,3059,0,0,0,5,3,2,5,1,1,1,1,1,4,1.85,38,26,TRUE
Female,Loyal Customer,25,Personal Travel,Eco,569,2,2,2,4,4,2,4,4,2,4,3,2,4,3,0,0,FALSE
Male,Loyal Customer,22,Personal Travel,Eco,220,4,3,4,3,4,5,5,4,3,3,3,5,5,3.92,182,169,FALSE
Male,Loyal Customer,27,Business Travel,Business,2489,4,4,4,4,5,5,5,5,4,2,4,4,5,4.23,0,0,TRUE
Male,Loyal Customer,29,Personal Travel,Eco,862,2,5,2,4,1,2,3,1,5,5,5,4,1,3.08,12,58,FALSE
Male,Loyal Customer,46,Business Travel,Business,3109,2,2,2,2,3,4,4,2,2,2,2,3,3,2.54,42,22,TRUE
Female,Loyal Customer,39,Business Travel,Business,1235,2,2,2,2,2,4,4,3,3,3,3,5,3,2.92,5,3,TRUE
Male,Loyal Customer,56,Business Travel,Eco,985,2,1,1,1,2,2,2,2,3,5,3,2,2,2.15,0,3,FALSE
Female,Loyal Customer,51,Business Travel,Business,1961,5,5,5,5,4,5,4,4,4,4,4,4,5,4.46,0,0,TRUE
Male,Loyal Customer,66,Personal Travel,Eco,1620,3,5,2,1,3,2,5,3,1,3,4,1,3,2.77,30,32,FALSE
Male,Loyal Customer,70,Business Travel,Business,1986,4,2,2,2,2,4,4,4,4,4,4,2,2,3.08,19,0,FALSE
Male,Loyal Customer,77,Business Travel,Business,1511,1,3,3,3,5,4,4,1,1,1,1,2,3,2.46,20,9,FALSE
Male,Loyal Customer,25,Business Travel,Business,3641,4,4,4,4,5,5,5,5,3,2,4,3,5,4.08,0,0,TRUE
Male,Loyal Customer,18,Personal Travel,Eco,313,1,5,1,3,1,1,1,1,3,5,5,4,1,2.46,0,0,FALSE
Female,Loyal Customer,48,Business Travel,Business,3606,2,2,2,2,5,4,5,5,5,5,5,5,3,3.85,0,0,TRUE
Female,Loyal Customer,42,Personal Travel,Eco,954,2,5,1,3,4,4,4,3,3,1,3,5,4,3.23,0,0,FALSE
Male,Loyal Customer,53,Business Travel,Eco,175,3,3,3,3,3,3,3,3,1,4,2,4,3,2.92,0,0,TRUE
Male,Loyal Customer,22,Business Travel,Eco,837,5,1,1,1,5,5,3,5,2,2,3,2,5,3.08,5,2,TRUE
Female,Disloyal Customer,38,Business Travel,Eco,101,3,1,3,3,4,3,1,4,2,1,4,1,4,2.62,0,0,FALSE
Male,Loyal Customer,41,Business Travel,Business,2672,1,3,5,3,1,4,4,1,1,1,1,1,4,2.31,50,55,FALSE
Female,Loyal Customer,51,Business Travel,Business,1440,5,5,5,5,5,4,5,3,3,4,3,3,3,4.08,0,18,TRUE
Female,Loyal Customer,41,Personal Travel,Eco Plus,313,1,4,3,3,5,4,5,1,1,3,1,5,3,3,0,0,FALSE
Male,Loyal Customer,49,Business Travel,Eco,277,4,5,2,5,4,4,4,4,2,4,4,4,4,3.85,43,42,TRUE
Female,Loyal Customer,57,Business Travel,Business,399,2,5,2,2,3,5,4,4,4,4,4,3,5,3.62,0,0,TRUE
Female,Loyal Customer,17,Personal Travel,Eco,964,4,3,4,3,4,4,4,4,1,3,3,3,4,3.38,0,0,FALSE
Female,Loyal Customer,22,Business Travel,Business,2342,1,1,1,1,2,2,2,2,4,3,5,3,2,2.23,1,0,TRUE
Male,Loyal Customer,61,Business Travel,Eco,173,1,4,3,4,1,1,1,1,2,4,3,3,1,2.23,22,11,FALSE
Female,Disloyal Customer,27,Business Travel,Eco,397,4,1,4,3,3,4,3,3,4,4,4,1,3,3.15,38,33,FALSE
Male,Loyal Customer,51,Personal Travel,Eco,327,2,4,2,5,3,2,3,3,3,2,4,3,3,3,44,41,FALSE
Female,Loyal Customer,44,Personal Travel,Eco,356,1,5,1,2,5,4,5,5,5,1,5,2,4,3.46,0,0,FALSE
Female,Loyal Customer,57,Business Travel,Business,556,2,2,2,2,3,5,2,4,4,5,4,5,3,3.31,0,0,TRUE
Female,Loyal Customer,37,Business Travel,Eco,1134,4,2,2,2,4,4,4,4,3,2,3,2,4,3.08,0,0,TRUE
Female,Loyal Customer,49,Business Travel,Business,1990,5,5,5,5,2,4,4,5,5,5,5,3,5,4.46,21,6,TRUE
Female,Disloyal Customer,21,Business Travel,Eco,261,2,3,2,3,1,2,1,1,4,2,4,3,1,2.23,2,6,FALSE
Male,Loyal Customer,51,Personal Travel,Eco,849,1,4,1,1,2,1,2,2,3,3,5,5,2,2.46,32,36,FALSE
Female,Loyal Customer,50,Business Travel,Business,3425,4,4,5,4,3,5,4,5,5,5,5,3,4,4.31,3,0,TRUE
Female,Loyal Customer,25,Business Travel,Business,403,3,3,5,3,4,4,4,4,3,5,4,2,4,3.69,2,4,TRUE
Male,Loyal Customer,51,Business Travel,Business,1664,2,2,3,2,3,4,4,5,5,5,5,4,5,3.77,0,0,TRUE
Male,Disloyal Customer,22,Business Travel,Eco,948,4,4,4,2,5,4,5,5,1,4,3,5,5,3.92,0,2,TRUE
Male,Loyal Customer,46,Business Travel,Business,1009,3,3,3,3,3,5,5,4,4,4,4,4,5,3.85,0,0,TRUE
Female,Loyal Customer,60,Business Travel,Business,1790,5,5,5,5,4,4,4,2,2,2,2,3,4,3.62,109,103,TRUE
Female,Loyal Customer,31,Business Travel,Business,2148,5,5,5,5,4,4,4,4,4,3,5,5,4,4.38,0,0,TRUE
Male,Disloyal Customer,40,Business Travel,Business,2556,4,4,4,3,5,4,5,5,3,4,5,3,5,4.15,1,0,FALSE
Male,Loyal Customer,37,Business Travel,Business,3475,3,1,1,1,4,4,3,3,3,3,3,1,4,2.62,25,30,FALSE
Male,Loyal Customer,50,Business Travel,Business,684,5,5,5,5,3,4,4,4,4,4,4,4,3,4.15,0,0,TRUE
Male,Loyal Customer,47,Business Travel,Business,507,4,4,4,4,4,5,5,3,3,3,3,4,5,3.92,90,77,TRUE
Male,Loyal Customer,47,Business Travel,Business,3678,2,5,2,2,3,5,4,3,3,3,3,4,3,3.23,2,20,TRUE
Male,Loyal Customer,41,Business Travel,Business,2916,1,1,1,1,2,4,4,4,4,4,4,4,4,2.92,0,0,TRUE
Female,Disloyal Customer,45,Business Travel,Business,622,3,3,3,1,4,3,4,4,5,4,4,5,4,3.62,0,0,FALSE
Female,Loyal Customer,10,Personal Travel,Eco,337,2,3,5,2,4,5,4,4,5,1,3,4,4,3.54,0,0,FALSE
Male,Loyal Customer,65,Personal Travel,Eco,2475,2,1,2,3,2,5,5,3,1,4,4,5,5,3.23,0,0,FALSE
Male,Loyal Customer,16,Personal Travel,Eco,544,4,1,4,3,5,4,5,5,4,5,3,2,5,3.85,2,0,FALSE
Male,Disloyal Customer,23,Business Travel,Business,1306,5,0,5,1,3,5,2,3,5,2,5,3,3,3.23,40,35,TRUE
Female,Loyal Customer,26,Personal Travel,Eco,770,4,5,4,1,3,4,3,3,3,4,4,2,3,3.31,0,0,TRUE
Male,Loyal Customer,46,Business Travel,Business,3007,2,2,2,2,4,4,4,5,5,5,5,3,4,3.62,8,12,TRUE
Male,Loyal Customer,71,Business Travel,Eco,1781,3,5,5,5,3,3,3,3,2,1,3,4,3,3.31,0,0,FALSE
Female,Loyal Customer,53,Business Travel,Business,333,2,2,2,2,5,5,5,4,4,4,4,5,3,3.62,0,0,TRUE
Male,Loyal Customer,16,Personal Travel,Eco Plus,866,0,5,0,3,4,0,4,4,4,3,5,4,4,3.08,0,0,TRUE
Male,Disloyal Customer,42,Business Travel,Eco,1425,2,2,2,4,1,2,1,1,4,3,2,1,1,2,3,8,FALSE
Male,Loyal Customer,50,Business Travel,Business,1943,2,2,2,2,4,3,4,5,5,5,5,5,3,3.62,9,0,TRUE
Male,Disloyal Customer,65,Business Travel,Eco,304,1,0,1,3,1,1,1,1,2,4,2,2,1,1.54,2,47,FALSE
Female,Loyal Customer,44,Business Travel,Business,2510,1,5,5,5,5,4,3,1,1,1,1,4,1,2.85,24,20,FALSE
Female,Disloyal Customer,27,Business Travel,Eco,1065,4,4,4,1,3,4,3,3,3,5,4,3,3,3.38,0,0,TRUE
Female,Loyal Customer,48,Business Travel,Business,1300,5,5,5,5,5,5,4,5,5,5,5,4,4,4.77,1,0,TRUE
Female,Loyal Customer,39,Business Travel,Business,216,2,1,1,1,3,3,2,3,3,3,2,1,2,2.08,0,10,FALSE
Female,Loyal Customer,32,Business Travel,Business,1706,0,5,0,4,2,2,2,2,3,3,4,5,2,2.62,0,0,TRUE
Male,Disloyal Customer,24,Business Travel,Eco,1028,2,2,2,4,3,2,3,3,2,2,3,4,3,2.69,7,3,FALSE
Male,Loyal Customer,43,Business Travel,Business,2071,4,4,4,4,5,4,5,5,5,5,5,4,4,4.46,0,0,TRUE
Male,Loyal Customer,56,Business Travel,Business,2125,5,5,5,5,2,4,5,2,2,2,2,5,3,3.62,0,0,TRUE
Male,Disloyal Customer,28,Business Travel,Eco Plus,402,1,2,2,1,2,2,3,2,5,4,3,4,2,2.54,3,3,FALSE
Female,Loyal Customer,61,Business Travel,Business,342,4,4,4,4,5,5,1,4,4,4,4,5,4,4,0,2,TRUE
Female,Disloyal Customer,22,Business Travel,Eco,576,3,2,3,4,4,3,4,4,1,4,3,3,4,3.23,0,0,FALSE
Male,Disloyal Customer,21,Business Travel,Eco,447,4,3,4,4,5,4,5,5,2,3,1,3,5,3.69,0,0,TRUE
Female,Loyal Customer,41,Business Travel,Business,3587,0,5,1,4,2,4,5,3,3,3,3,3,3,3,19,14,TRUE
Male,Loyal Customer,56,Business Travel,Business,2075,1,1,1,1,3,3,3,1,1,1,1,1,1,1.46,24,21,FALSE
Female,Disloyal Customer,40,Business Travel,Business,781,3,3,3,4,3,3,3,3,1,5,3,1,3,2.92,3,8,FALSE
Female,Loyal Customer,11,Business Travel,Business,639,1,1,1,1,4,4,4,4,1,2,5,5,4,2.85,0,0,TRUE
Male,Loyal Customer,14,Personal Travel,Eco,813,4,1,4,3,4,4,4,4,3,3,4,1,4,3.31,0,0,FALSE
Female,Disloyal Customer,39,Business Travel,Business,460,3,3,3,4,3,3,3,3,4,3,3,1,3,3,0,4,FALSE
Female,Disloyal Customer,26,Business Travel,Business,2227,4,4,4,4,5,4,5,5,3,5,4,3,5,4.23,0,0,FALSE
Female,Loyal Customer,56,Business Travel,Eco Plus,425,4,5,5,5,2,2,1,5,5,4,5,4,3,3.85,62,66,TRUE
Male,Loyal Customer,41,Business Travel,Business,2109,3,3,3,3,3,4,4,4,4,4,4,3,5,3.62,0,0,TRUE
Male,Loyal Customer,56,Business Travel,Business,2728,1,1,1,1,1,3,3,1,1,1,1,1,4,1.54,0,0,FALSE
Female,Loyal Customer,42,Business Travel,Business,1044,1,1,1,1,3,4,5,5,5,4,5,5,3,3.31,17,18,TRUE
Male,Disloyal Customer,37,Business Travel,Eco,251,2,0,2,4,3,2,3,3,1,4,1,1,3,2.23,0,0,FALSE
Female,Loyal Customer,24,Business Travel,Business,488,3,1,1,1,3,3,3,3,3,2,3,1,3,2.31,30,25,FALSE
Male,Loyal Customer,39,Business Travel,Business,1823,4,4,4,4,5,3,5,4,4,4,4,3,3,3.92,0,0,TRUE
Female,Disloyal Customer,25,Business Travel,Business,1262,2,0,2,2,4,2,4,4,5,4,4,5,4,3.23,7,0,FALSE
Male,Loyal Customer,58,Business Travel,Business,3575,0,5,0,1,4,5,4,4,4,4,4,5,4,3.38,0,0,TRUE
Female,Disloyal Customer,25,Business Travel,Eco,547,2,2,3,4,1,3,1,1,1,3,4,4,1,2.31,5,14,FALSE
Male,Loyal Customer,16,Personal Travel,Eco,488,1,4,1,2,3,1,4,3,5,2,4,4,3,2.85,3,0,FALSE
Female,Loyal Customer,25,Business Travel,Business,533,1,3,3,3,1,1,1,1,4,5,1,4,1,2.23,0,0,FALSE
Female,Loyal Customer,51,Personal Travel,Eco,802,2,4,2,4,2,3,4,3,3,2,3,1,4,2.85,0,0,FALSE
Female,Loyal Customer,32,Business Travel,Eco Plus,266,5,3,3,3,5,5,5,5,4,4,3,2,5,4,8,7,TRUE
Male,Loyal Customer,12,Personal Travel,Eco,364,3,4,3,4,5,3,5,5,3,5,3,3,5,3.92,0,1,FALSE
Male,Loyal Customer,41,Business Travel,Business,106,0,5,1,3,3,1,5,5,5,5,5,3,1,3.23,82,72,TRUE
Male,Disloyal Customer,29,Business Travel,Business,1747,4,3,3,3,3,3,3,3,5,5,4,4,3,3.54,0,0,TRUE
Female,Loyal Customer,26,Personal Travel,Eco,140,2,4,2,1,2,2,2,2,1,1,2,5,2,2.15,0,15,FALSE
Female,Loyal Customer,29,Business Travel,Business,1546,5,5,5,5,4,4,4,4,5,4,5,4,4,4.46,0,0,TRUE
Female,Disloyal Customer,26,Business Travel,Eco,399,2,1,2,3,1,2,1,1,2,5,3,3,1,2.08,0,0,FALSE
Female,Loyal Customer,68,Business Travel,Eco Plus,214,1,5,5,5,1,3,3,1,1,1,1,1,1,2.23,0,0,FALSE
Female,Disloyal Customer,38,Business Travel,Business,550,1,1,1,1,4,1,4,4,5,4,5,5,4,3.08,0,0,FALSE
Female,Loyal Customer,65,Personal Travel,Eco,1222,3,4,3,3,3,4,3,2,2,3,2,2,1,2.69,4,0,FALSE
Female,Loyal Customer,20,Personal Travel,Eco,946,4,2,4,2,4,4,4,4,2,2,3,3,4,3.23,0,0,FALSE
Female,Disloyal Customer,34,Business Travel,Eco,551,2,0,2,1,2,2,2,2,3,4,4,2,2,2.15,0,0,FALSE
Male,Loyal Customer,11,Personal Travel,Eco,1167,3,5,3,3,4,3,4,4,4,4,4,3,4,3.69,0,0,FALSE
Female,Disloyal Customer,47,Business Travel,Business,989,4,4,4,2,4,4,4,4,4,5,5,4,4,4,0,0,TRUE
Male,Loyal Customer,17,Personal Travel,Eco,1217,2,4,2,3,2,5,5,2,3,3,4,5,5,3.46,145,138,FALSE
Male,Disloyal Customer,33,Business Travel,Eco,399,3,0,3,2,1,3,1,1,3,1,4,4,1,2.08,0,5,FALSE
Female,Loyal Customer,8,Personal Travel,Eco Plus,1164,4,4,4,2,3,4,3,3,3,5,3,5,3,3.54,15,15,FALSE
Male,Loyal Customer,69,Personal Travel,Eco,588,1,3,1,3,1,1,1,1,1,3,3,1,1,1.62,0,0,FALSE
Male,Loyal Customer,60,Personal Travel,Eco,369,1,5,1,3,2,1,1,2,3,5,4,2,2,2.46,4,7,FALSE
Female,Loyal Customer,59,Business Travel,Business,971,4,4,4,4,3,4,5,4,4,4,4,4,4,4,91,87,TRUE
Male,Loyal Customer,29,Business Travel,Business,2106,5,5,5,5,5,5,5,5,5,5,5,4,5,4.92,1,0,TRUE
Male,Loyal Customer,64,Personal Travel,Eco,814,3,0,3,1,4,3,4,4,4,3,4,5,4,3.23,0,3,FALSE
Male,Loyal Customer,40,Business Travel,Business,113,5,5,5,5,1,3,4,4,4,4,5,3,1,3.77,0,4,TRUE
Male,Loyal Customer,33,Business Travel,Eco Plus,1990,3,3,2,3,3,4,3,3,4,2,3,3,3,3,2,0,FALSE
Female,Disloyal Customer,21,Business Travel,Business,575,3,1,3,4,1,3,1,1,1,3,3,4,1,2.23,0,4,FALSE
Male,Loyal Customer,47,Personal Travel,Eco,528,4,2,4,3,2,4,2,2,1,4,4,2,2,2.77,3,35,FALSE
Female,Loyal Customer,47,Business Travel,Business,2061,1,3,3,3,4,4,3,1,1,1,1,1,3,2.23,38,32,FALSE
Male,Loyal Customer,58,Personal Travel,Eco,1400,3,5,3,3,4,3,4,4,3,4,5,5,4,3.85,0,0,FALSE
Male,Loyal Customer,31,Personal Travel,Eco Plus,1126,3,4,3,3,4,3,4,4,4,4,4,3,4,3.62,0,2,FALSE
Female,Loyal Customer,55,Personal Travel,Eco,214,3,0,3,4,2,5,5,1,1,3,1,3,5,2.77,15,11,FALSE
Female,Loyal Customer,14,Personal Travel,Eco,296,2,5,2,1,4,2,4,4,5,4,4,4,4,3.46,35,27,FALSE
Male,Loyal Customer,17,Business Travel,Eco Plus,990,4,2,2,2,4,4,5,4,1,5,5,1,4,3.31,0,0,TRUE
Male,Loyal Customer,52,Personal Travel,Eco,233,2,2,2,4,4,2,4,4,3,1,4,3,4,3,8,6,FALSE
Female,Loyal Customer,41,Business Travel,Business,1838,1,5,5,5,3,4,4,1,1,1,1,2,2,2.69,0,0,FALSE
Female,Loyal Customer,63,Personal Travel,Eco,1072,3,3,3,4,3,3,3,3,3,3,3,3,2,3,43,47,FALSE
Female,Loyal Customer,30,Business Travel,Business,3873,3,3,3,3,4,5,4,4,4,4,4,3,4,3.69,0,0,TRUE
Female,Disloyal Customer,46,Business Travel,Eco,391,1,0,1,1,4,1,4,4,3,4,1,5,4,2.54,1,0,FALSE
Female,Loyal Customer,17,Business Travel,Business,495,2,3,3,3,2,2,2,2,3,2,4,3,2,2.54,2,0,FALSE
Female,Loyal Customer,39,Business Travel,Business,1216,4,5,5,5,2,2,3,4,4,4,4,4,4,3.85,0,0,FALSE
Male,Loyal Customer,39,Business Travel,Business,3665,3,3,3,3,2,4,5,5,5,5,5,3,5,3.92,0,0,TRUE
Female,Loyal Customer,21,Business Travel,Business,2969,1,2,4,2,1,1,1,1,2,1,4,1,1,1.69,0,0,FALSE
Male,Loyal Customer,59,Business Travel,Business,2441,5,5,5,5,5,4,4,4,4,4,4,3,4,4.31,11,28,TRUE
Female,Loyal Customer,34,Business Travel,Business,239,0,0,0,4,3,4,4,4,4,4,4,5,4,3.08,85,76,TRUE
Female,Loyal Customer,42,Business Travel,Business,224,0,0,0,2,4,3,3,3,3,3,3,5,2,2.38,0,0,TRUE
Female,Disloyal Customer,39,Business Travel,Business,192,1,1,1,4,4,1,4,4,4,3,3,4,4,2.92,9,1,FALSE
Male,Loyal Customer,42,Business Travel,Business,2577,2,3,5,3,2,3,3,2,2,1,2,3,1,2.46,10,24,FALSE
Female,Loyal Customer,43,Personal Travel,Eco,1605,2,4,2,2,4,5,4,3,3,2,3,4,3,3.15,3,9,FALSE
Male,Loyal Customer,16,Personal Travel,Eco Plus,646,2,4,2,4,2,2,2,2,5,1,3,3,2,2.62,0,0,FALSE
Female,Loyal Customer,20,Personal Travel,Eco,309,2,5,2,1,2,1,1,5,4,4,5,1,1,2.62,228,226,FALSE
Male,Loyal Customer,26,Personal Travel,Eco,868,3,4,2,1,3,2,3,3,5,2,4,2,3,2.85,11,16,FALSE
Female,Loyal Customer,16,Personal Travel,Eco,1099,2,1,2,3,3,2,3,3,3,1,3,2,3,2.38,0,0,FALSE
Female,Loyal Customer,54,Personal Travel,Eco,1250,3,4,3,2,3,3,5,1,1,3,1,4,4,2.85,0,13,FALSE
Male,Loyal Customer,40,Personal Travel,Eco,488,2,3,2,1,5,2,5,5,4,5,3,5,5,3.62,0,0,FALSE
Female,Loyal Customer,13,Personal Travel,Eco,316,2,4,2,4,4,2,2,4,4,2,2,1,4,2.85,111,112,FALSE
Male,Loyal Customer,58,Personal Travel,Eco,239,2,3,0,4,4,0,4,4,4,1,3,2,4,2.69,0,0,FALSE
Female,Loyal Customer,70,Personal Travel,Eco,547,3,2,2,2,4,2,2,2,2,2,2,3,3,2.38,0,0,FALSE
Female,Loyal Customer,51,Business Travel,Eco,287,5,5,5,5,5,1,1,5,5,5,5,1,4,4,2,0,TRUE
Male,Loyal Customer,9,Personal Travel,Eco,1562,3,3,3,3,5,3,5,5,1,3,3,2,5,3.38,0,0,FALSE
Male,Loyal Customer,49,Business Travel,Eco,641,1,4,4,4,1,1,1,1,4,1,3,3,1,2.23,0,0,FALSE
Male,Loyal Customer,39,Business Travel,Eco Plus,427,4,5,5,5,4,4,4,4,5,3,2,1,4,3.85,7,14,TRUE
Female,Loyal Customer,40,Business Travel,Business,3861,2,2,2,2,3,5,4,2,2,3,2,4,5,2.92,0,0,TRUE
Female,Loyal Customer,24,Business Travel,Business,852,5,5,5,5,4,4,4,4,5,5,3,2,4,4.23,0,0,TRUE
Female,Disloyal Customer,38,Business Travel,Business,1481,4,4,4,1,3,4,3,3,4,2,3,5,3,3.31,2,0,TRUE
Male,Loyal Customer,43,Personal Travel,Eco,802,1,5,1,1,2,1,2,2,2,2,1,5,2,2.08,8,0,FALSE
Female,Loyal Customer,65,Personal Travel,Eco,2446,4,4,3,1,2,5,4,5,5,3,5,5,4,3.85,5,0,TRUE
Female,Loyal Customer,20,Personal Travel,Eco,322,2,3,2,4,2,2,2,2,4,2,3,4,2,2.62,0,4,FALSE
Female,Disloyal Customer,26,Business Travel,Business,409,3,1,3,2,4,3,4,4,3,2,2,4,4,3,69,100,FALSE
Female,Loyal Customer,25,Business Travel,Business,583,4,4,4,4,4,4,4,4,5,5,5,4,4,4.23,0,0,TRUE
Male,Loyal Customer,37,Personal Travel,Eco Plus,163,2,3,2,3,5,2,5,5,1,3,4,1,5,3.15,0,0,FALSE
Female,Loyal Customer,34,Business Travel,Business,1074,4,4,4,4,3,3,3,3,3,4,3,1,2,3.15,15,14,TRUE
Female,Disloyal Customer,64,Business Travel,Business,762,2,2,2,2,5,2,5,5,5,4,4,4,5,3.62,0,0,TRUE
Female,Loyal Customer,16,Business Travel,Business,746,3,3,3,3,3,3,3,3,3,1,4,2,3,2.85,1,14,FALSE
Male,Loyal Customer,30,Business Travel,Business,2454,3,1,1,1,3,3,3,3,5,2,3,3,3,2.62,22,6,FALSE
Female,Loyal Customer,32,Business Travel,Business,2521,2,2,2,2,5,5,5,5,3,4,4,3,5,3.62,0,0,TRUE
Female,Loyal Customer,30,Personal Travel,Eco,860,3,5,3,2,2,3,2,2,1,1,5,4,2,2.69,0,0,FALSE
Male,Loyal Customer,31,Business Travel,Business,251,4,4,4,4,5,5,5,5,5,2,5,4,5,4.38,10,0,TRUE
Male,Loyal Customer,44,Business Travel,Business,2488,3,3,3,3,3,5,4,5,5,5,5,5,5,4.15,13,14,TRUE
Female,Loyal Customer,43,Business Travel,Eco,323,3,4,4,4,5,3,4,4,4,3,4,3,3,3.69,0,0,FALSE
Male,Loyal Customer,62,Business Travel,Eco,266,4,5,5,5,4,4,4,4,5,2,3,4,4,4.08,7,0,TRUE
Male,Disloyal Customer,23,Business Travel,Eco,679,3,3,3,3,3,4,5,3,5,3,3,5,5,3.69,142,140,FALSE
Male,Disloyal Customer,25,Business Travel,Business,1089,0,0,0,4,1,0,5,1,3,3,4,3,1,1.92,5,0,TRUE
Male,Loyal Customer,42,Business Travel,Business,479,4,4,4,4,5,5,4,5,5,5,5,5,4,4.54,0,1,TRUE
Male,Loyal Customer,56,Personal Travel,Eco,566,4,4,4,1,3,4,3,3,5,4,5,4,3,3.62,34,17,FALSE
Male,Disloyal Customer,20,Business Travel,Eco,967,3,3,3,5,4,3,4,4,3,3,5,3,4,3.62,4,0,TRUE
Male,Loyal Customer,41,Business Travel,Business,728,5,5,5,5,5,5,5,2,2,2,2,3,5,3.92,0,0,TRUE
Male,Disloyal Customer,25,Business Travel,Business,308,1,5,1,3,3,1,3,3,3,5,5,4,3,3.08,4,0,FALSE
Female,Loyal Customer,34,Personal Travel,Eco Plus,173,2,4,0,2,3,0,3,3,5,5,4,3,3,2.85,0,0,FALSE
Male,Loyal Customer,18,Business Travel,Business,651,4,4,4,4,4,4,4,4,5,1,1,5,4,3.69,76,62,TRUE
Male,Disloyal Customer,19,Business Travel,Eco,1747,2,2,2,4,5,2,5,5,3,2,4,4,5,3.46,4,0,FALSE
Female,Loyal Customer,60,Business Travel,Business,3243,1,1,1,1,2,5,4,4,4,4,4,4,3,2.92,0,0,TRUE
Female,Loyal Customer,16,Business Travel,Business,670,2,2,2,2,4,5,4,4,3,2,5,4,4,3.31,0,0,TRUE
Female,Loyal Customer,36,Personal Travel,Eco Plus,1919,2,2,2,4,2,2,2,2,3,5,3,4,2,2.69,4,0,FALSE
Female,Loyal Customer,45,Business Travel,Business,2897,2,2,2,2,5,4,5,5,5,4,5,5,3,3.77,0,11,TRUE
Male,Loyal Customer,46,Business Travel,Business,1721,2,4,4,4,5,4,4,2,2,2,2,1,2,2.92,12,16,FALSE
Female,Loyal Customer,49,Business Travel,Business,349,2,1,2,1,2,3,3,2,2,2,2,2,4,2.15,27,12,FALSE
Male,Loyal Customer,28,Business Travel,Business,1620,4,4,4,4,3,3,3,3,3,5,5,4,3,3.69,0,0,TRUE
Male,Loyal Customer,53,Personal Travel,Eco,397,3,4,3,4,1,3,1,1,3,4,4,4,1,2.77,1,0,FALSE
Female,Disloyal Customer,32,Business Travel,Business,515,3,3,3,4,2,3,2,2,4,4,5,5,2,3.23,0,0,FALSE
Male,Loyal Customer,49,Business Travel,Business,483,1,2,2,2,5,3,3,1,1,1,1,3,1,2,6,3,FALSE
Male,Loyal Customer,32,Business Travel,Eco,260,4,3,4,4,4,4,4,4,5,4,5,4,4,4.08,17,22,TRUE
Female,Disloyal Customer,15,Business Travel,Eco Plus,1739,5,0,5,3,2,5,2,2,5,5,5,3,2,3.38,0,0,TRUE
Male,Loyal Customer,58,Personal Travel,Eco,1440,4,4,5,4,3,5,3,3,5,4,3,3,3,3.77,1,6,FALSE
Male,Loyal Customer,33,Business Travel,Eco,86,5,5,5,5,5,5,5,5,4,1,2,4,5,4.31,0,0,TRUE
Female,Disloyal Customer,28,Business Travel,Business,2556,3,3,3,1,2,3,4,2,4,2,3,4,2,2.77,0,0,FALSE
Female,Loyal Customer,55,Business Travel,Business,175,2,2,5,2,4,4,5,5,5,5,4,3,4,3.85,87,72,TRUE
Female,Loyal Customer,17,Personal Travel,Eco,802,4,1,4,2,5,4,5,5,4,1,2,2,5,3.38,6,0,TRUE
Female,Loyal Customer,56,Business Travel,Business,2475,4,4,4,4,5,5,5,5,4,4,4,5,5,4.46,0,0,TRUE
Male,Disloyal Customer,18,Business Travel,Eco,262,2,2,2,3,2,2,2,2,5,4,4,2,2,2.62,244,261,FALSE
Male,Loyal Customer,61,Business Travel,Eco,731,2,1,1,1,3,2,3,3,3,2,4,4,3,2.46,74,94,FALSE
Female,Loyal Customer,51,Business Travel,Eco,2253,5,1,1,1,1,5,3,5,5,5,5,5,5,3.62,21,11,TRUE
Female,Loyal Customer,26,Personal Travel,Eco,1249,3,4,3,3,3,3,3,3,3,5,4,4,3,3.38,0,10,FALSE
Male,Loyal Customer,45,Personal Travel,Eco,679,1,5,1,5,2,1,2,2,4,5,5,3,2,2.92,0,0,FALSE
Female,Loyal Customer,49,Business Travel,Business,1808,5,5,5,5,4,4,4,4,4,3,4,3,4,4.15,0,0,TRUE
Male,Loyal Customer,46,Business Travel,Business,3473,1,5,2,5,3,3,3,2,2,2,1,1,2,2.46,0,0,FALSE
Female,Loyal Customer,43,Business Travel,Business,2124,2,2,2,2,4,5,4,4,4,4,4,5,5,3.62,0,0,TRUE
Female,Loyal Customer,42,Personal Travel,Eco,308,3,1,3,4,4,4,4,1,1,3,1,1,4,2.62,0,0,FALSE
Female,Loyal Customer,26,Business Travel,Business,2747,1,5,5,5,1,1,1,1,3,3,3,2,1,2.46,0,0,FALSE
Male,Loyal Customer,52,Business Travel,Business,2425,4,4,4,4,5,5,5,5,3,3,4,5,5,4.31,5,0,TRUE
Female,Loyal Customer,63,Business Travel,Business,292,2,2,2,2,4,5,5,5,5,4,5,1,5,3.62,0,0,TRUE
Female,Loyal Customer,34,Business Travel,Business,2672,3,3,3,3,4,5,5,4,4,4,4,5,3,3.85,0,0,TRUE
Female,Disloyal Customer,29,Business Travel,Eco,602,3,2,3,3,4,3,4,4,3,3,4,4,4,3.38,9,7,FALSE
Male,Loyal Customer,26,Business Travel,Business,2833,5,5,5,5,5,4,5,5,3,4,4,3,5,4.46,27,43,TRUE
Female,Disloyal Customer,20,Business Travel,Eco,258,1,1,1,3,1,1,1,1,3,5,4,3,1,2,0,0,FALSE
Female,Loyal Customer,53,Personal Travel,Eco,228,4,3,4,3,4,1,1,5,5,4,1,3,5,3.31,0,0,FALSE
Male,Loyal Customer,55,Business Travel,Business,2448,5,5,3,5,4,5,5,5,5,5,5,5,4,4.69,0,6,TRUE
Female,Loyal Customer,52,Personal Travel,Eco,783,1,5,1,3,4,5,4,1,1,1,1,3,3,2.54,0,0,FALSE
Male,Loyal Customer,40,Personal Travel,Eco Plus,1080,2,5,2,4,4,2,4,4,3,2,5,5,4,3.54,0,5,FALSE
Female,Loyal Customer,56,Business Travel,Eco,409,4,5,5,5,3,4,4,4,4,4,4,4,3,4.08,0,0,FALSE
Male,Disloyal Customer,17,Business Travel,Eco,449,3,3,4,3,3,4,3,3,3,2,4,4,3,3.23,0,0,FALSE
Female,Loyal Customer,43,Business Travel,Business,2565,2,2,2,2,4,3,4,5,5,5,5,3,5,3.62,1,0,TRUE
Male,Loyal Customer,30,Business Travel,Business,2679,2,2,1,2,4,4,4,4,5,3,5,5,4,3.46,0,0,TRUE
Female,Disloyal Customer,27,Business Travel,Eco,552,2,4,2,4,2,2,2,2,2,5,3,1,2,2.54,0,1,FALSE
Male,Loyal Customer,42,Business Travel,Eco Plus,1635,1,2,2,2,1,1,1,1,3,2,4,2,1,1.77,12,6,FALSE
Female,Disloyal Customer,36,Business Travel,Business,728,4,4,4,2,2,4,2,2,4,5,5,5,2,3.46,0,0,FALSE
Male,Loyal Customer,31,Business Travel,Business,3477,2,2,2,2,4,4,4,4,1,5,2,5,4,3.15,0,13,TRUE
Female,Loyal Customer,39,Business Travel,Eco,265,4,4,3,4,4,4,4,4,5,1,1,3,4,3.46,0,0,TRUE
Male,Loyal Customer,32,Business Travel,Business,2260,2,5,5,5,2,2,2,2,3,1,3,2,2,2.77,0,18,FALSE
Male,Disloyal Customer,22,Business Travel,Eco,467,4,0,4,1,5,4,5,5,3,5,4,4,5,3.77,0,0,TRUE
Male,Loyal Customer,64,Personal Travel,Eco Plus,1956,2,5,2,4,2,1,1,5,3,3,5,1,1,2.69,570,567,FALSE
Male,Loyal Customer,44,Business Travel,Business,1539,5,5,5,5,4,5,5,5,5,5,5,5,3,4.77,53,52,TRUE
Male,Loyal Customer,50,Business Travel,Business,3539,3,3,3,3,4,5,5,4,4,4,4,5,5,4,9,2,TRUE
Female,Disloyal Customer,26,Business Travel,Business,771,3,0,3,3,2,3,3,2,3,4,5,5,2,2.92,0,0,FALSE
Male,Loyal Customer,40,Business Travel,Business,4000,4,4,4,4,5,3,5,5,5,4,5,3,5,4.31,0,0,TRUE
Female,Loyal Customer,59,Personal Travel,Eco,1562,2,5,2,1,2,3,5,5,5,2,5,3,4,3.38,0,8,FALSE
Male,Disloyal Customer,26,Business Travel,Eco,315,1,0,2,1,2,2,2,2,3,1,3,3,2,1.85,6,0,FALSE
Male,Disloyal Customer,42,Business Travel,Eco,1344,1,1,1,2,5,1,5,5,4,5,1,2,5,2.92,91,82,FALSE
Female,Loyal Customer,30,Personal Travel,Eco Plus,964,2,1,2,3,1,2,1,1,3,5,3,2,1,2.08,0,0,FALSE
Male,Loyal Customer,31,Business Travel,Eco,231,5,2,5,5,5,5,5,5,2,2,2,3,5,3.92,22,14,TRUE
Female,Loyal Customer,51,Personal Travel,Eco,1139,2,1,2,2,4,3,2,5,5,2,1,4,2,2.69,0,0,FALSE
Male,Loyal Customer,48,Business Travel,Business,473,3,3,4,3,3,3,3,3,3,3,3,1,2,2.85,4,0,FALSE
Male,Loyal Customer,54,Business Travel,Business,2543,5,5,5,5,2,4,5,4,4,4,4,3,4,4.15,0,0,TRUE
Male,Loyal Customer,40,Business Travel,Eco,102,5,5,4,5,5,5,5,5,3,3,2,4,5,4.31,0,4,TRUE
Female,Loyal Customer,38,Business Travel,Eco,223,4,2,2,2,4,4,4,4,2,2,5,3,4,3.23,1,3,TRUE
Female,Disloyal Customer,24,Business Travel,Eco,1235,3,3,3,2,1,3,1,1,3,2,5,5,1,2.54,0,0,FALSE
Female,Disloyal Customer,45,Business Travel,Eco,455,2,0,2,4,2,2,5,2,2,2,1,3,2,2.23,0,0,FALSE
Male,Loyal Customer,34,Business Travel,Business,1535,4,5,4,4,2,4,4,5,5,5,5,3,5,4.23,10,0,TRUE
Male,Loyal Customer,40,Business Travel,Business,403,1,1,1,1,1,4,4,1,1,1,1,1,4,1.69,0,0,FALSE
Male,Loyal Customer,28,Business Travel,Business,1628,3,1,1,1,3,3,3,3,2,2,3,3,3,2.38,0,0,FALSE
Female,Loyal Customer,47,Business Travel,Business,3779,3,3,3,3,1,2,5,5,5,4,5,5,1,3.46,39,35,TRUE
Male,Loyal Customer,47,Business Travel,Eco,386,4,4,4,4,4,4,4,4,2,3,3,3,4,3.62,0,10,FALSE
Male,Disloyal Customer,20,Business Travel,Eco,1338,1,1,1,2,4,1,4,4,4,4,3,4,4,2.85,2,0,FALSE
Female,Loyal Customer,40,Business Travel,Eco,101,4,4,4,4,4,4,4,4,1,1,1,1,4,3.08,2,3,TRUE
Male,Loyal Customer,53,Business Travel,Business,1686,4,4,4,4,5,4,5,4,4,4,4,5,2,4.08,5,0,TRUE
Female,Disloyal Customer,30,Business Travel,Eco,1674,5,5,5,1,1,5,1,1,5,3,4,2,1,3,120,107,TRUE
Male,Disloyal Customer,37,Business Travel,Business,1173,3,3,3,1,2,3,2,2,4,5,4,4,2,2.92,12,53,FALSE
Male,Loyal Customer,58,Business Travel,Eco,719,1,2,2,2,1,1,1,1,1,1,3,1,1,1.38,36,33,FALSE
Male,Loyal Customer,67,Personal Travel,Eco,957,1,4,1,5,3,1,3,3,3,5,4,3,3,3,106,99,FALSE
Male,Disloyal Customer,29,Business Travel,Eco,580,2,2,2,3,5,2,5,5,4,5,3,3,5,3.54,0,0,FALSE
Male,Loyal Customer,55,Personal Travel,Eco,694,2,4,2,3,5,2,5,5,4,3,4,5,5,3.77,4,18,FALSE
Female,Loyal Customer,72,Business Travel,Eco Plus,985,3,5,5,5,1,4,4,3,3,3,3,4,1,3.38,0,0,FALSE
Male,Loyal Customer,43,Business Travel,Business,1825,3,3,3,3,3,3,5,2,2,2,2,4,5,3.08,13,12,TRUE
Female,Loyal Customer,32,Business Travel,Eco,258,0,0,0,1,1,4,1,1,2,2,2,4,1,1.46,0,16,TRUE
Male,Loyal Customer,55,Business Travel,Eco,414,2,3,3,3,2,2,2,2,1,2,3,2,2,2.23,53,46,FALSE
Female,Loyal Customer,26,Business Travel,Eco,896,4,3,3,3,4,4,5,4,1,4,2,3,4,3.38,0,0,TRUE
Female,Loyal Customer,66,Business Travel,Eco,907,4,2,2,2,1,2,4,4,4,4,4,4,1,2.92,0,0,TRUE
Female,Loyal Customer,44,Business Travel,Business,399,2,2,2,2,3,5,4,4,4,4,4,4,4,3.38,0,0,TRUE
Female,Loyal Customer,54,Business Travel,Business,3139,4,4,4,4,3,5,4,5,5,5,5,4,5,4.38,0,0,TRUE
Female,Loyal Customer,46,Business Travel,Business,1660,3,3,3,3,2,5,5,2,2,2,2,4,5,3.15,0,0,TRUE
Male,Loyal Customer,28,Personal Travel,Eco,250,4,4,0,1,4,0,3,4,5,3,5,5,4,3.23,0,0,FALSE
Female,Loyal Customer,31,Business Travel,Business,3438,2,5,5,5,2,2,2,2,4,5,2,1,2,3,0,5,FALSE
Male,Loyal Customer,41,Business Travel,Eco,157,4,2,2,2,4,4,4,4,3,1,4,1,4,3,0,0,TRUE
Female,Disloyal Customer,23,Business Travel,Eco,1440,3,2,2,4,3,3,3,3,4,3,4,3,3,3.08,9,30,FALSE
Female,Disloyal Customer,40,Business Travel,Business,386,3,3,3,4,5,3,5,5,5,5,5,5,5,4.31,0,0,FALSE
Male,Loyal Customer,44,Business Travel,Business,3868,2,2,2,2,4,5,4,4,4,4,4,4,3,3.38,0,0,TRUE
Male,Disloyal Customer,27,Business Travel,Business,247,0,0,0,1,4,0,4,4,3,2,4,5,4,2.38,25,26,TRUE
Female,Loyal Customer,47,Business Travel,Business,867,2,2,2,2,2,4,4,5,5,5,5,4,5,3.62,1,0,TRUE
Male,Loyal Customer,15,Personal Travel,Eco,1120,2,5,2,4,3,2,3,3,4,4,4,5,3,3.38,20,17,FALSE
Male,Loyal Customer,31,Business Travel,Eco,238,4,5,5,5,4,4,4,4,5,5,1,3,4,4.08,0,0,TRUE
Male,Loyal Customer,35,Business Travel,Eco,369,1,5,5,5,1,1,1,1,4,5,3,2,1,2.69,49,38,FALSE
Female,Loyal Customer,44,Business Travel,Business,589,2,2,2,2,4,4,5,4,4,4,4,3,3,3.31,22,47,TRUE
Female,Loyal Customer,32,Business Travel,Eco,414,1,5,4,5,1,1,1,1,4,4,4,3,1,2.69,0,0,FALSE
Male,Loyal Customer,22,Personal Travel,Eco,585,4,2,4,4,5,4,5,5,1,5,4,4,5,4,0,0,FALSE
Female,Loyal Customer,34,Personal Travel,Eco,516,2,1,2,2,4,2,4,4,2,1,2,3,4,2.54,0,1,FALSE
Female,Loyal Customer,58,Personal Travel,Eco,190,2,3,0,1,4,3,4,5,5,0,5,2,4,2.92,0,0,FALSE
Female,Disloyal Customer,40,Personal Travel,Eco,488,2,2,2,4,1,2,1,1,1,3,3,2,1,1.92,0,0,FALSE
Female,Loyal Customer,55,Business Travel,Business,2817,2,4,4,4,3,4,4,2,2,3,2,3,3,3.08,0,0,FALSE
Female,Loyal Customer,69,Personal Travel,Eco,102,3,3,3,1,5,4,3,5,5,3,5,4,4,3.69,0,0,FALSE
Male,Loyal Customer,7,Personal Travel,Business,895,3,5,3,1,4,3,2,4,5,5,5,3,4,3.62,20,18,FALSE
Female,Loyal Customer,43,Personal Travel,Eco,532,4,5,4,3,5,4,5,3,3,4,3,5,3,3.92,0,0,FALSE
Male,Loyal Customer,57,Business Travel,Business,2932,3,3,3,3,3,5,4,5,5,5,5,5,3,4,0,0,TRUE
Female,Loyal Customer,66,Personal Travel,Eco,588,3,4,3,3,2,4,3,5,5,3,5,4,3,3.62,41,68,FALSE
Female,Loyal Customer,25,Business Travel,Business,541,3,3,3,3,3,3,3,3,1,1,3,3,3,2.69,0,0,FALSE
Male,Loyal Customer,25,Personal Travel,Eco,562,3,5,2,1,5,2,5,5,5,3,2,3,5,3.54,19,9,FALSE
Female,Loyal Customer,18,Personal Travel,Eco,857,2,1,2,3,1,2,2,1,3,3,3,1,1,1.92,15,21,FALSE
Female,Loyal Customer,63,Personal Travel,Eco,277,1,1,1,4,3,4,3,3,3,1,3,3,1,2.38,26,39,FALSE
Male,Disloyal Customer,19,Business Travel,Eco,259,2,4,2,3,1,2,1,1,1,2,3,1,1,1.85,0,0,FALSE
Female,Loyal Customer,34,Business Travel,Eco,1182,4,2,2,2,4,4,4,4,2,2,4,1,4,3,2,0,FALSE
Female,Loyal Customer,41,Business Travel,Eco,1127,1,2,2,2,1,2,1,1,3,2,3,1,1,1.69,0,0,FALSE
Female,Loyal Customer,52,Personal Travel,Eco,1258,1,5,1,1,4,3,5,2,2,1,2,5,5,2.85,0,0,FALSE
Female,Disloyal Customer,38,Business Travel,Eco,1491,4,4,4,3,5,4,5,5,5,2,3,1,5,3.85,0,13,TRUE
Female,Disloyal Customer,23,Business Travel,Eco,628,3,3,3,4,1,3,1,1,3,5,4,4,1,2.77,3,0,FALSE
Female,Loyal Customer,25,Personal Travel,Eco,920,5,5,5,3,1,5,1,1,2,2,1,3,1,2.69,54,43,TRUE
Female,Disloyal Customer,55,Business Travel,Business,2475,2,2,2,3,1,2,1,1,5,2,4,4,1,2.31,0,0,FALSE
Female,Loyal Customer,58,Business Travel,Business,3318,4,2,2,2,5,4,4,4,4,4,4,1,4,3.38,0,0,FALSE
Female,Disloyal Customer,50,Business Travel,Business,672,3,4,4,3,2,3,2,2,4,2,5,3,2,3,0,0,FALSE
Female,Loyal Customer,44,Business Travel,Eco Plus,1008,5,3,2,3,1,3,1,5,5,5,5,3,2,3.31,0,0,TRUE
Male,Loyal Customer,58,Business Travel,Business,2620,1,1,1,1,3,5,4,5,5,4,5,4,5,3.38,0,0,TRUE
Female,Loyal Customer,44,Business Travel,Business,371,4,4,4,4,4,4,5,5,5,5,5,4,3,4.31,0,0,TRUE
Female,Loyal Customer,37,Business Travel,Business,480,2,3,3,3,5,4,4,2,2,2,2,1,3,2.77,0,0,FALSE
Female,Loyal Customer,50,Business Travel,Business,585,4,1,1,1,4,3,3,4,4,4,4,1,1,2.69,69,91,FALSE
Female,Loyal Customer,7,Personal Travel,Eco,651,2,3,3,3,3,3,3,3,3,5,3,2,3,3,0,0,FALSE
Male,Loyal Customer,16,Business Travel,Business,1892,5,5,3,5,4,4,4,4,2,4,2,1,4,3.62,0,0,TRUE
Male,Loyal Customer,39,Personal Travel,Eco,334,2,4,2,3,2,2,3,2,3,1,3,3,2,2.46,41,41,FALSE
Male,Disloyal Customer,22,Business Travel,Eco,1061,3,3,3,4,3,3,3,3,5,4,4,3,3,3.38,0,0,TRUE
Female,Loyal Customer,50,Business Travel,Business,2737,4,4,4,4,3,5,5,4,4,4,4,3,3,3.92,0,0,TRUE
Female,Disloyal Customer,25,Business Travel,Business,406,1,5,1,1,1,1,1,1,5,4,5,3,1,2.31,1,0,FALSE
Male,Loyal Customer,30,Business Travel,Business,2497,3,4,5,4,2,2,3,2,4,4,4,4,2,3.31,45,40,FALSE
Female,Disloyal Customer,52,Business Travel,Eco,717,2,2,2,3,5,2,5,5,1,4,3,2,5,3.15,0,0,FALSE
Male,Loyal Customer,24,Personal Travel,Eco,1069,3,4,2,2,4,2,4,4,2,5,2,2,4,3.08,0,0,FALSE
Male,Loyal Customer,9,Personal Travel,Business,326,2,1,2,3,4,2,4,4,1,3,2,3,4,2.69,0,0,FALSE
Female,Loyal Customer,41,Business Travel,Business,577,2,4,2,2,2,4,5,4,4,4,4,4,5,3.54,0,0,TRUE
Female,Loyal Customer,72,Business Travel,Business,202,3,2,2,2,1,3,4,4,4,3,3,1,4,2.77,13,8,FALSE
Male,Disloyal Customer,29,Business Travel,Eco,854,3,3,3,4,1,3,1,1,1,4,4,3,1,2.46,25,5,FALSE
Male,Loyal Customer,49,Personal Travel,Eco,223,1,5,1,4,4,1,4,4,4,2,5,4,4,3.31,5,8,FALSE
Male,Disloyal Customer,39,Business Travel,Business,1235,1,1,1,3,4,1,4,4,4,3,4,3,4,2.85,1,0,FALSE
Female,Loyal Customer,28,Business Travel,Business,3099,2,2,4,2,5,5,5,5,3,3,4,3,5,3.69,0,0,TRUE
Male,Loyal Customer,56,Business Travel,Eco,196,4,5,5,5,4,4,4,4,3,4,4,2,4,4,52,39,FALSE
Male,Loyal Customer,50,Business Travel,Eco,463,4,4,2,2,4,4,4,4,2,5,4,2,4,3.46,125,129,TRUE
Female,Loyal Customer,31,Business Travel,Business,1107,4,4,4,4,5,5,5,5,4,3,4,5,5,4.38,0,0,TRUE
Female,Loyal Customer,48,Business Travel,Business,641,2,2,2,2,3,5,2,5,5,5,5,4,5,3.62,38,37,TRUE
Male,Loyal Customer,42,Personal Travel,Eco Plus,1558,2,3,2,2,5,2,5,5,2,3,3,3,5,3.23,106,122,FALSE
Female,Disloyal Customer,50,Business Travel,Eco Plus,689,1,1,1,1,4,1,4,4,5,5,3,3,4,2.85,48,55,FALSE
Female,Loyal Customer,40,Personal Travel,Eco,214,2,1,2,4,2,2,2,2,3,3,4,1,2,2.31,0,0,FALSE
Male,Loyal Customer,18,Personal Travel,Eco,600,2,2,2,3,3,2,3,3,2,5,4,1,3,2.69,3,0,FALSE
Male,Loyal Customer,43,Business Travel,Eco,411,3,1,1,1,3,3,3,3,3,3,3,1,3,2.38,0,0,FALSE
Male,Loyal Customer,54,Business Travel,Business,3813,5,5,5,5,5,5,5,4,4,4,4,5,4,4.62,0,0,TRUE
Male,Loyal Customer,39,Business Travel,Business,3220,3,3,3,3,3,4,5,4,4,4,4,5,3,3.69,11,5,TRUE
Male,Loyal Customer,39,Personal Travel,Eco,1192,3,4,3,5,1,3,1,1,3,5,4,5,1,3,0,0,FALSE
Male,Disloyal Customer,43,Business Travel,Business,2402,5,5,5,4,4,5,4,4,4,4,5,5,4,4.46,0,0,TRUE
Female,Loyal Customer,35,Personal Travel,Eco,432,3,5,3,2,4,3,4,4,3,5,4,4,4,3.69,0,0,FALSE
Male,Disloyal Customer,16,Business Travel,Business,1121,5,0,5,4,3,5,3,3,5,5,4,5,3,3.85,8,9,TRUE
Female,Loyal Customer,44,Business Travel,Eco,805,4,1,1,1,4,3,3,4,4,4,4,4,2,3,95,86,TRUE
Male,Loyal Customer,38,Business Travel,Business,533,1,4,1,1,5,2,2,4,4,4,4,3,5,3.08,4,3,TRUE
Female,Loyal Customer,30,Business Travel,Eco Plus,991,1,1,1,1,1,1,1,1,1,5,2,2,1,1.46,2,0,FALSE
Male,Loyal Customer,39,Business Travel,Business,190,1,3,3,3,1,3,3,4,4,4,1,3,2,2.69,0,0,FALSE
Female,Loyal Customer,60,Business Travel,Eco,896,4,5,5,5,3,5,4,4,4,4,4,2,3,4,2,23,TRUE
Male,Loyal Customer,31,Business Travel,Business,1811,5,5,3,5,5,5,5,5,2,5,4,2,5,4.31,0,0,TRUE
Male,Disloyal Customer,24,Business Travel,Eco,1056,2,2,2,1,4,2,4,4,5,1,5,2,4,2.92,0,2,FALSE
Female,Disloyal Customer,22,Business Travel,Eco,1056,5,5,5,1,2,5,2,2,1,5,1,2,2,2.92,0,0,TRUE
Male,Loyal Customer,48,Personal Travel,Eco,1452,3,4,3,4,5,3,4,5,2,5,4,3,5,3.85,4,0,FALSE
Male,Loyal Customer,47,Business Travel,Business,2535,3,2,2,2,5,4,4,3,3,3,3,1,4,3,0,0,FALSE
Male,Loyal Customer,44,Business Travel,Business,3786,4,4,4,4,3,4,5,4,4,4,4,4,3,3.92,58,34,TRUE
Female,Loyal Customer,36,Business Travel,Business,1759,2,3,3,3,3,4,3,2,2,2,2,2,1,2.46,14,5,FALSE
Male,Loyal Customer,21,Personal Travel,Eco,925,2,2,3,2,5,3,5,5,2,3,3,2,5,3.23,0,0,FALSE
Female,Loyal Customer,59,Business Travel,Business,1910,1,1,1,1,4,5,5,5,5,5,5,4,3,3.46,0,0,TRUE
Male,Loyal Customer,45,Business Travel,Business,448,1,5,5,5,1,1,1,4,5,3,4,1,1,2.85,389,420,FALSE
Male,Loyal Customer,39,Business Travel,Business,486,3,4,4,4,3,3,3,3,3,3,3,1,2,3,0,15,FALSE
Female,Disloyal Customer,26,Business Travel,Business,691,2,0,2,3,4,2,4,4,5,5,5,3,4,3.31,0,8,FALSE
Female,Loyal Customer,33,Business Travel,Business,190,1,4,4,4,5,4,4,2,2,2,1,2,2,2.85,0,0,FALSE
Female,Loyal Customer,34,Personal Travel,Eco Plus,342,3,4,3,3,2,3,2,2,1,4,3,2,2,2.62,3,0,FALSE
Male,Loyal Customer,53,Personal Travel,Eco,642,1,4,1,4,3,1,3,3,4,4,3,3,3,2.85,0,12,FALSE
Female,Loyal Customer,42,Business Travel,Business,3962,3,3,3,3,3,5,5,5,5,5,5,4,3,4,38,39,TRUE
Female,Disloyal Customer,22,Business Travel,Business,240,5,4,5,3,4,5,4,4,5,3,4,3,4,4.08,6,11,TRUE
Male,Loyal Customer,28,Personal Travel,Eco,781,2,4,2,2,2,2,2,2,4,4,5,3,2,2.77,0,0,FALSE
Male,Loyal Customer,53,Business Travel,Business,3044,3,3,3,3,4,5,4,3,3,3,3,5,5,3.62,0,30,TRUE
Male,Loyal Customer,48,Personal Travel,Business,447,4,2,4,4,3,4,3,2,2,4,2,1,2,2.85,27,27,FALSE
Female,Loyal Customer,44,Business Travel,Business,3175,0,4,0,5,1,2,2,1,1,1,1,1,1,1.54,34,29,TRUE
Female,Loyal Customer,21,Personal Travel,Eco,869,3,4,4,2,1,4,1,1,4,2,1,4,1,2.46,3,0,FALSE
Female,Loyal Customer,69,Personal Travel,Eco,406,4,4,4,3,3,4,4,2,2,4,2,5,5,3.54,101,98,TRUE
Female,Disloyal Customer,36,Business Travel,Business,570,3,3,3,2,3,3,4,3,3,4,4,3,3,3.15,50,44,FALSE
Male,Loyal Customer,55,Business Travel,Business,277,0,0,0,4,5,5,5,1,1,1,1,4,3,2.31,0,0,TRUE
Male,Loyal Customer,26,Personal Travel,Eco,201,4,2,4,3,5,4,5,5,1,4,4,4,5,3.85,0,12,FALSE
Female,Loyal Customer,39,Business Travel,Business,2753,2,2,2,2,3,2,2,5,5,5,5,2,3,3.08,0,0,TRUE
Male,Loyal Customer,53,Business Travel,Business,214,4,4,4,4,3,5,4,5,5,5,4,5,3,4.23,0,0,TRUE
Female,Loyal Customer,60,Business Travel,Eco,509,2,2,2,2,3,3,3,2,2,2,2,4,4,2.54,0,0,FALSE
Female,Loyal Customer,57,Business Travel,Business,287,0,0,0,4,4,4,5,5,5,5,5,5,5,3.62,0,1,TRUE
Female,Loyal Customer,52,Business Travel,Business,3767,2,3,2,2,4,4,5,5,5,5,5,3,4,3.77,8,0,TRUE
Female,Loyal Customer,50,Personal Travel,Eco,458,3,4,3,1,2,1,1,1,1,3,4,3,4,2.38,32,33,FALSE
Female,Disloyal Customer,30,Business Travel,Business,667,3,4,4,4,4,1,1,2,3,3,3,1,1,2.62,338,334,FALSE
Female,Loyal Customer,52,Business Travel,Business,1605,2,2,2,2,4,4,4,5,5,5,5,5,3,3.69,0,0,TRUE
Female,Loyal Customer,53,Business Travel,Business,1703,3,3,3,3,5,5,4,5,5,5,5,4,4,4.15,0,0,TRUE
Male,Loyal Customer,63,Business Travel,Business,1797,5,4,5,5,2,3,4,4,4,4,4,3,5,4,9,0,TRUE
Male,Loyal Customer,13,Personal Travel,Eco,391,3,5,3,4,4,3,4,4,3,3,5,5,4,3.85,0,0,FALSE
Male,Loyal Customer,59,Business Travel,Business,1797,1,1,4,1,3,4,4,4,4,4,4,4,3,3.15,19,35,TRUE
Female,Disloyal Customer,24,Business Travel,Eco,125,3,3,3,4,1,3,4,1,2,4,3,2,1,2.62,6,12,FALSE
Male,Loyal Customer,64,Personal Travel,Eco,1990,2,1,2,3,3,2,3,3,2,2,3,3,3,2.46,38,5,FALSE
Female,Disloyal Customer,37,Business Travel,Eco Plus,669,4,4,4,3,5,4,5,5,4,2,1,5,5,3.92,0,0,FALSE
Male,Loyal Customer,67,Personal Travel,Eco,948,3,2,3,3,1,3,1,1,3,5,3,2,1,2.38,0,0,FALSE
Male,Loyal Customer,58,Business Travel,Business,2475,2,1,1,1,2,2,2,3,5,4,4,2,2,2.38,8,19,FALSE
Male,Loyal Customer,14,Personal Travel,Eco,733,1,3,1,4,2,1,2,2,1,1,3,1,2,1.85,3,0,FALSE
Female,Loyal Customer,28,Business Travel,Business,2028,1,1,4,1,4,4,4,4,5,2,4,5,4,3.31,0,0,TRUE
Female,Loyal Customer,45,Personal Travel,Eco Plus,235,4,4,4,2,3,5,4,5,5,4,1,5,4,3.85,0,0,TRUE
Female,Loyal Customer,51,Business Travel,Business,3107,3,5,5,5,2,3,3,3,3,3,3,2,1,3.15,5,0,FALSE
Female,Loyal Customer,54,Business Travel,Business,1045,5,5,5,5,3,4,4,5,5,5,5,5,5,4.69,0,0,TRUE
Female,Loyal Customer,26,Business Travel,Business,1127,2,2,2,2,4,5,4,4,3,5,4,3,4,3.38,0,6,TRUE
Male,Loyal Customer,42,Personal Travel,Eco,1124,2,5,2,2,3,2,3,3,4,4,4,4,3,3.15,0,0,FALSE
Female,Loyal Customer,42,Business Travel,Business,164,0,4,0,1,5,4,4,4,4,4,4,4,3,3.15,0,0,TRUE
Female,Loyal Customer,44,Business Travel,Business,3542,4,4,4,4,4,4,4,5,4,4,4,4,4,4.08,149,138,TRUE
Male,Loyal Customer,42,Business Travel,Business,2065,2,2,2,2,5,4,5,5,5,5,5,4,3,3.77,0,0,TRUE
Male,Loyal Customer,18,Personal Travel,Eco,725,4,5,4,3,5,4,3,5,2,2,5,5,5,4,101,92,FALSE
Male,Disloyal Customer,36,Business Travel,Business,472,2,2,2,1,2,2,2,2,5,1,5,5,2,2.54,20,21,FALSE
Male,Loyal Customer,56,Business Travel,Business,1962,4,3,3,3,3,4,3,4,4,4,4,2,3,3.38,0,0,FALSE
Female,Loyal Customer,51,Business Travel,Business,3987,3,3,3,3,4,5,4,5,5,5,5,3,5,4.08,25,29,TRUE
Male,Loyal Customer,28,Business Travel,Eco,759,4,5,5,5,4,4,4,4,4,5,5,5,4,4.46,2,0,TRUE
Male,Loyal Customer,25,Business Travel,Business,667,1,1,5,1,4,4,4,4,5,4,5,3,4,3.46,0,0,TRUE
Male,Loyal Customer,61,Business Travel,Business,175,2,2,2,2,5,4,4,5,5,5,5,3,4,3.69,0,1,TRUE
Female,Disloyal Customer,25,Business Travel,Eco,258,1,3,1,4,3,1,3,3,4,4,3,3,3,2.77,0,24,FALSE
Female,Disloyal Customer,20,Business Travel,Eco,2295,2,2,2,3,3,2,3,3,1,2,4,4,3,2.62,9,9,FALSE
Male,Loyal Customer,40,Personal Travel,Eco,1846,2,0,1,4,2,1,2,2,5,1,5,1,2,2.15,12,0,FALSE
Female,Disloyal Customer,49,Business Travel,Business,764,1,1,1,3,3,1,3,3,5,3,4,4,3,2.69,66,59,FALSE
Male,Loyal Customer,52,Personal Travel,Eco,643,4,2,4,2,4,4,4,4,3,4,3,3,4,3.46,0,0,FALSE
Male,Disloyal Customer,27,Business Travel,Eco,1211,2,2,2,3,2,2,2,2,1,1,3,4,2,2.15,0,6,FALSE
Female,Loyal Customer,33,Business Travel,Business,247,1,1,1,1,2,1,2,4,4,4,4,3,3,2.38,0,0,TRUE
Female,Loyal Customer,24,Personal Travel,Eco,978,3,4,3,2,1,3,1,1,3,5,5,3,1,2.69,0,0,FALSE
Female,Loyal Customer,37,Business Travel,Eco,397,5,2,2,2,5,5,5,5,2,4,1,4,5,3.62,5,14,TRUE
Female,Disloyal Customer,26,Business Travel,Eco,986,4,4,4,5,5,4,5,5,2,3,5,4,5,4.23,31,36,FALSE
Female,Loyal Customer,48,Business Travel,Business,481,5,5,5,5,4,4,5,5,5,5,5,3,3,4.54,0,0,TRUE
Female,Loyal Customer,20,Business Travel,Business,2614,2,2,2,2,4,3,4,4,2,5,3,1,4,2.92,0,0,TRUE
Female,Loyal Customer,40,Personal Travel,Eco,677,3,4,2,2,5,2,5,5,4,2,4,3,5,3.54,0,0,FALSE
Male,Loyal Customer,7,Personal Travel,Eco,262,1,2,1,3,2,1,2,2,2,4,4,3,2,2.23,122,118,FALSE
Male,Loyal Customer,47,Business Travel,Business,2625,3,3,3,3,4,5,5,4,4,4,4,4,4,3.85,0,0,TRUE
Male,Loyal Customer,15,Personal Travel,Eco,501,5,3,5,4,5,5,5,5,2,5,4,4,5,4.38,0,0,TRUE
Male,Loyal Customer,33,Business Travel,Eco Plus,757,3,1,1,1,3,3,3,1,5,3,4,3,3,2.62,148,142,FALSE
Male,Loyal Customer,52,Business Travel,Business,1636,3,1,3,3,2,2,4,4,4,4,4,4,4,3.23,0,0,TRUE
Male,Loyal Customer,29,Business Travel,Business,3961,1,1,1,1,5,5,5,5,3,4,4,3,5,3.31,0,0,TRUE
Female,Loyal Customer,22,Personal Travel,Eco,125,3,1,3,3,4,3,4,4,4,1,3,1,4,2.92,87,101,FALSE
Female,Loyal Customer,54,Personal Travel,Eco,937,2,4,2,3,4,4,4,2,2,2,2,5,5,3.15,0,6,FALSE
Female,Loyal Customer,62,Business Travel,Eco,163,5,5,5,5,1,3,5,5,5,5,5,4,4,4.38,0,0,TRUE
Female,Loyal Customer,35,Business Travel,Business,3236,3,3,3,3,3,5,3,4,4,4,4,2,5,3.54,0,3,TRUE
Female,Disloyal Customer,25,Business Travel,Eco,409,2,4,2,2,1,2,1,1,2,3,4,1,1,2,108,98,FALSE
Male,Loyal Customer,15,Personal Travel,Eco Plus,468,4,5,4,4,5,4,5,5,3,2,4,5,5,4.23,2,7,FALSE
Female,Loyal Customer,44,Business Travel,Business,3652,4,4,4,4,2,5,5,5,5,5,5,3,4,4.23,43,34,TRUE
Female,Loyal Customer,26,Personal Travel,Eco,694,2,4,2,5,2,2,2,2,3,3,5,3,2,2.85,42,22,FALSE
Male,Disloyal Customer,24,Business Travel,Business,1075,5,0,5,2,1,5,2,1,1,4,2,3,1,2.46,0,0,TRUE
Female,Disloyal Customer,37,Business Travel,Business,440,1,1,1,2,4,1,4,4,3,2,4,5,4,2.77,0,0,FALSE
Female,Disloyal Customer,20,Business Travel,Eco,472,1,4,1,3,5,1,3,5,5,4,5,5,5,3.62,52,67,FALSE
Female,Loyal Customer,48,Business Travel,Business,3774,1,1,1,1,4,4,2,4,4,4,4,3,1,2.62,15,1,TRUE
Female,Disloyal Customer,22,Business Travel,Eco,1389,3,3,3,4,3,3,3,3,1,5,4,1,3,3,0,0,FALSE
Female,Disloyal Customer,24,Business Travel,Eco,349,5,3,5,3,3,5,3,3,2,5,4,3,3,3.62,0,0,TRUE
Male,Loyal Customer,41,Business Travel,Eco,957,4,1,3,1,4,4,4,4,2,4,4,3,4,3.23,0,0,FALSE
Male,Loyal Customer,41,Business Travel,Business,2233,5,5,5,5,3,5,5,5,5,5,5,3,4,4.62,0,4,TRUE
Male,Disloyal Customer,22,Business Travel,Eco,140,4,0,4,4,4,4,3,4,4,4,4,3,4,3.54,0,9,TRUE
Male,Loyal Customer,48,Business Travel,Eco,1259,4,2,2,2,4,4,4,4,3,1,4,2,4,3.08,0,0,FALSE
Female,Loyal Customer,55,Personal Travel,Business,2586,3,1,3,3,1,2,3,1,1,3,2,3,1,2.08,0,0,FALSE
Female,Loyal Customer,70,Business Travel,Business,192,2,2,2,2,3,3,4,3,3,3,2,3,3,2.69,5,4,FALSE
Female,Loyal Customer,32,Personal Travel,Eco,488,4,1,4,2,5,4,5,5,1,4,1,3,5,3.38,0,0,FALSE
Male,Disloyal Customer,25,Business Travel,Eco,515,2,3,2,4,5,2,5,5,1,2,5,3,5,3.38,33,28,FALSE
Male,Loyal Customer,7,Personal Travel,Eco,1107,2,1,2,3,2,2,2,2,1,1,4,1,2,1.92,1,0,FALSE
Female,Loyal Customer,29,Business Travel,Eco,1066,3,3,3,3,2,3,3,4,3,3,4,3,3,3.08,209,210,FALSE
Male,Loyal Customer,40,Business Travel,Business,346,0,0,0,2,5,4,4,5,5,5,5,5,3,3.31,21,33,TRUE
Male,Loyal Customer,54,Business Travel,Business,3960,4,4,1,4,3,4,5,5,5,5,5,4,3,4,0,0,TRUE
Female,Loyal Customer,23,Business Travel,Business,650,4,4,4,4,4,4,4,4,1,1,3,1,4,3.23,0,8,FALSE
Female,Disloyal Customer,25,Business Travel,Eco,399,1,5,1,5,3,1,3,3,2,1,3,2,3,2.54,13,4,FALSE
Female,Loyal Customer,46,Personal Travel,Eco,2762,2,4,2,4,2,4,4,2,1,4,4,4,4,3.15,6,0,FALSE
Female,Loyal Customer,42,Business Travel,Eco,2161,4,1,4,1,2,2,2,4,4,4,4,1,3,2.77,40,33,FALSE
Male,Loyal Customer,66,Personal Travel,Eco,588,1,5,1,4,3,1,3,3,4,2,5,4,3,3,8,9,FALSE
Female,Loyal Customer,33,Business Travel,Business,508,2,2,2,2,2,2,2,1,3,3,4,2,2,2.23,142,138,FALSE
Female,Loyal Customer,64,Personal Travel,Eco Plus,589,3,4,3,2,2,5,4,3,3,3,2,3,5,3.23,37,26,FALSE
Female,Loyal Customer,48,Business Travel,Business,2569,1,2,2,2,1,4,4,1,1,1,1,1,4,1.92,4,0,FALSE
Male,Loyal Customer,29,Business Travel,Business,1514,2,2,2,2,4,4,4,4,5,5,4,5,4,3.62,9,24,TRUE
Male,Loyal Customer,41,Business Travel,Eco,266,4,1,1,1,4,4,4,4,5,1,1,5,4,3,0,0,TRUE
Female,Loyal Customer,62,Business Travel,Eco Plus,89,5,4,4,4,1,3,1,5,5,5,5,5,3,3.85,0,0,TRUE
Male,Disloyal Customer,11,Business Travel,Eco,639,1,2,0,4,1,0,1,1,4,2,4,2,1,1.77,3,0,FALSE
Female,Disloyal Customer,30,Business Travel,Business,1522,3,3,3,4,5,3,5,5,5,3,4,3,5,3.92,0,6,FALSE
Male,Disloyal Customer,33,Business Travel,Business,328,3,3,3,5,4,3,4,4,3,3,5,5,4,3.77,0,0,FALSE
Male,Disloyal Customer,25,Business Travel,Business,1121,0,0,0,4,4,0,4,4,4,3,5,4,4,2.77,0,0,TRUE
Male,Disloyal Customer,25,Business Travel,Business,377,3,4,3,5,4,3,4,4,4,5,4,3,4,3.85,0,0,FALSE
Female,Loyal Customer,53,Personal Travel,Eco,675,5,5,5,3,2,4,5,3,3,5,3,3,3,3.77,0,0,TRUE
Male,Loyal Customer,56,Business Travel,Business,2407,5,5,4,5,2,2,2,5,5,4,4,2,2,3.62,357,362,TRUE
Male,Disloyal Customer,22,Business Travel,Eco,468,4,0,4,1,5,4,5,5,5,5,4,3,5,3.85,6,0,FALSE
Female,Loyal Customer,55,Personal Travel,Eco,1471,2,2,2,4,1,3,3,3,3,2,2,2,1,2.31,0,3,FALSE
Male,Disloyal Customer,27,Business Travel,Eco,1197,1,1,1,4,2,1,2,2,4,5,4,3,2,2.46,10,0,FALSE
Male,Loyal Customer,56,Business Travel,Eco Plus,649,5,1,1,1,5,5,5,5,3,5,5,5,5,3.92,0,0,TRUE
Male,Loyal Customer,53,Business Travel,Business,255,4,4,3,4,5,4,4,4,4,4,4,4,3,3.92,0,0,TRUE
Female,Loyal Customer,40,Business Travel,Business,3898,2,2,2,2,2,5,5,4,4,4,4,3,3,3.23,0,0,TRUE
Male,Loyal Customer,47,Business Travel,Business,447,2,2,2,2,2,5,4,4,4,4,4,4,3,3.23,0,0,TRUE
Female,Disloyal Customer,25,Business Travel,Business,317,4,0,4,4,4,4,2,4,4,2,4,4,4,3.38,121,110,TRUE
Female,Loyal Customer,45,Business Travel,Business,2442,0,0,0,4,4,5,1,4,4,4,4,2,4,2.77,0,4,TRUE
Male,Loyal Customer,28,Business Travel,Eco,528,1,5,1,5,1,1,1,1,4,5,4,1,1,2.38,0,0,FALSE
Female,Loyal Customer,58,Business Travel,Business,3406,3,5,5,5,3,4,3,3,3,3,3,1,1,3.23,12,5,FALSE
Male,Loyal Customer,49,Business Travel,Business,271,5,4,5,5,4,5,4,4,4,4,4,4,3,4.23,0,4,TRUE
Female,Loyal Customer,46,Business Travel,Business,2286,1,1,1,1,1,4,5,5,5,5,4,4,2,3,0,0,TRUE
Male,Loyal Customer,46,Business Travel,Business,119,5,5,4,5,4,2,5,5,5,4,5,4,2,4.23,0,0,TRUE
Female,Loyal Customer,26,Personal Travel,Eco,89,3,4,3,5,2,3,3,2,4,2,5,5,2,3.31,0,0,FALSE
Male,Loyal Customer,77,Business Travel,Business,409,3,5,5,5,3,4,4,3,3,3,3,3,3,3.62,0,0,FALSE
Female,Loyal Customer,15,Personal Travel,Eco,1476,4,4,4,5,1,4,1,1,3,2,5,5,1,3.08,37,17,TRUE
Female,Loyal Customer,46,Business Travel,Business,3993,2,3,2,2,2,4,4,5,5,5,5,3,4,3.54,0,25,TRUE
Female,Loyal Customer,28,Business Travel,Business,3437,4,4,4,4,4,4,4,4,3,5,3,2,4,3.77,0,0,TRUE
Female,Loyal Customer,13,Business Travel,Eco Plus,2442,1,1,1,1,1,1,3,1,3,4,4,4,1,2,47,42,FALSE
Female,Loyal Customer,46,Business Travel,Business,986,5,5,3,5,5,5,5,3,3,3,3,4,3,4,41,9,TRUE
Female,Loyal Customer,50,Business Travel,Business,1911,3,3,3,3,4,3,4,4,4,4,4,5,3,3.62,0,0,TRUE
Male,Loyal Customer,70,Personal Travel,Eco,282,2,3,2,3,2,2,2,2,3,2,4,1,2,2.31,45,100,FALSE
Female,Loyal Customer,19,Personal Travel,Eco,236,3,5,3,2,4,3,5,4,2,4,1,3,4,3.31,0,0,FALSE
Male,Loyal Customer,26,Personal Travel,Business,564,3,2,3,3,3,3,3,3,1,4,4,4,3,3,10,8,FALSE
Male,Loyal Customer,27,Business Travel,Business,3097,3,3,3,3,5,5,5,5,4,3,5,4,5,4.08,0,0,TRUE
Female,Loyal Customer,16,Business Travel,Business,3234,3,1,3,1,4,4,3,4,3,4,3,2,4,3,1,0,FALSE
Female,Loyal Customer,43,Business Travel,Business,2929,5,5,4,5,3,4,5,5,5,5,5,5,3,4.54,0,0,TRUE
Female,Loyal Customer,39,Business Travel,Business,1736,1,1,1,1,1,2,2,4,4,5,5,4,1,2.46,0,0,TRUE
Female,Loyal Customer,49,Business Travel,Eco,399,5,3,3,3,2,5,5,5,5,5,5,5,4,4.23,0,0,TRUE
Male,Disloyal Customer,37,Business Travel,Business,481,4,4,4,3,3,4,3,3,4,3,5,4,3,3.62,0,0,TRUE
Male,Loyal Customer,22,Business Travel,Business,3605,4,5,5,5,4,3,4,4,3,2,4,4,4,3.92,0,0,FALSE
Male,Loyal Customer,38,Personal Travel,Business,722,2,3,2,3,3,1,4,5,5,2,4,5,3,3.23,1,16,FALSE
Female,Loyal Customer,36,Business Travel,Business,3843,4,4,4,4,5,4,5,4,4,4,4,3,5,4.15,37,34,TRUE
Male,Loyal Customer,50,Business Travel,Business,109,2,2,2,2,3,5,2,4,4,4,5,4,2,3.15,0,0,TRUE
Female,Loyal Customer,42,Business Travel,Business,641,4,4,4,4,2,4,4,5,5,5,5,3,3,4,0,2,TRUE
Female,Loyal Customer,34,Business Travel,Business,1938,3,5,5,5,3,3,3,4,2,3,3,3,3,3.46,176,167,FALSE
Female,Loyal Customer,24,Business Travel,Eco,1034,3,2,2,2,3,3,4,3,3,4,4,4,3,3.08,37,34,FALSE
Male,Loyal Customer,36,Business Travel,Business,2603,1,3,3,3,1,1,3,1,1,2,1,1,4,1.92,0,0,FALSE
Female,Loyal Customer,26,Business Travel,Business,1476,4,4,4,4,4,4,4,4,4,5,5,4,4,4.15,176,159,TRUE
Male,Loyal Customer,57,Business Travel,Business,2938,4,4,5,4,4,4,5,2,2,2,2,4,4,3.54,9,13,TRUE
Male,Disloyal Customer,25,Business Travel,Business,859,1,4,1,1,5,1,5,5,4,4,5,5,5,3.54,0,0,FALSE
Male,Loyal Customer,25,Business Travel,Business,3040,4,4,4,4,4,4,4,4,3,4,3,1,4,3.62,0,0,TRUE
Male,Loyal Customer,69,Personal Travel,Eco,601,4,5,4,2,3,4,3,3,2,2,5,2,3,3.23,0,1,FALSE
Male,Disloyal Customer,20,Business Travel,Eco,984,3,3,3,4,2,3,2,2,4,2,4,3,2,2.85,1,0,FALSE
Female,Disloyal Customer,25,Business Travel,Eco Plus,1044,3,4,3,3,5,3,4,5,4,5,3,4,5,3.92,0,0,FALSE
Female,Loyal Customer,57,Personal Travel,Business,1096,4,2,4,3,4,4,3,4,4,4,4,4,2,3.54,0,0,TRUE
Female,Loyal Customer,31,Business Travel,Business,1669,1,1,1,1,4,5,4,4,3,2,5,3,4,2.92,2,14,TRUE
Female,Loyal Customer,42,Personal Travel,Eco,236,2,3,2,3,2,3,2,3,3,2,3,4,5,2.85,20,16,FALSE
Male,Loyal Customer,55,Business Travel,Eco,308,3,1,1,1,3,3,3,3,3,5,3,1,3,2.54,0,0,FALSE
Female,Loyal Customer,60,Business Travel,Eco,539,3,4,2,4,3,3,3,2,5,4,3,3,3,3.23,228,230,TRUE
Male,Disloyal Customer,39,Business Travel,Business,220,3,3,3,5,1,3,1,1,4,3,4,5,1,2.85,11,9,FALSE
Female,Loyal Customer,12,Personal Travel,Eco,980,1,2,0,4,3,0,3,3,2,2,4,2,3,2.23,0,0,FALSE
Female,Disloyal Customer,23,Business Travel,Eco,216,4,3,4,3,3,4,3,3,2,1,3,3,3,3,0,0,FALSE
Female,Loyal Customer,65,Personal Travel,Eco,228,3,5,3,1,3,5,4,2,2,3,2,4,5,3.23,125,120,FALSE
Female,Loyal Customer,60,Business Travel,Business,570,5,2,5,5,4,5,5,4,4,4,4,3,3,4.08,0,0,TRUE
Male,Loyal Customer,47,Business Travel,Business,1562,3,3,3,3,3,4,5,5,5,5,5,5,3,4,2,0,TRUE
Female,Disloyal Customer,72,Business Travel,Eco,177,1,1,0,3,0,3,3,3,3,4,4,3,3,2.38,350,399,FALSE
Male,Loyal Customer,69,Personal Travel,Eco,651,2,2,3,3,3,3,3,3,3,4,3,3,3,2.92,0,0,FALSE
Female,Loyal Customer,28,Personal Travel,Eco,805,1,3,1,3,3,1,3,3,1,5,4,2,3,2.54,17,8,FALSE
Female,Loyal Customer,33,Business Travel,Business,1728,3,3,3,3,2,4,4,4,4,4,4,5,3,3.54,4,0,TRUE
Male,Loyal Customer,33,Personal Travel,Eco,526,3,5,3,3,3,3,3,3,4,2,5,3,3,3.31,0,0,FALSE
Female,Loyal Customer,31,Business Travel,Business,3469,1,1,1,1,4,4,4,4,5,5,4,5,4,3.31,27,30,TRUE
Male,Loyal Customer,40,Personal Travel,Eco Plus,296,4,4,4,4,3,4,3,3,5,3,5,5,3,3.85,0,0,FALSE
Female,Loyal Customer,42,Personal Travel,Eco,164,3,5,3,2,5,5,5,4,4,3,1,4,5,3.77,0,0,FALSE
Female,Disloyal Customer,38,Business Travel,Business,926,4,4,4,2,1,4,1,1,4,4,4,5,1,3,0,0,TRUE
Female,Disloyal Customer,23,Business Travel,Eco,1119,4,4,4,3,4,4,4,4,3,4,2,5,4,3.77,0,2,FALSE
Female,Loyal Customer,39,Business Travel,Business,3262,5,5,5,5,5,5,4,5,5,4,5,5,4,4.77,12,11,TRUE
Male,Loyal Customer,43,Personal Travel,Eco,581,3,5,3,2,3,3,3,3,5,3,5,3,3,3.38,9,20,FALSE
Female,Loyal Customer,11,Personal Travel,Eco,669,1,5,1,1,3,1,5,3,3,4,4,5,3,3,0,0,FALSE
Female,Loyal Customer,62,Personal Travel,Business,334,2,2,2,3,4,3,3,4,4,2,5,2,3,3,0,1,FALSE
Female,Loyal Customer,25,Personal Travel,Eco Plus,541,1,5,3,3,3,3,5,3,3,4,5,5,3,3.54,0,0,FALSE
Male,Loyal Customer,55,Business Travel,Business,1724,2,2,3,2,5,4,5,5,5,5,5,4,4,3.92,3,0,TRUE
Male,Loyal Customer,68,Personal Travel,Eco,307,2,5,2,2,4,2,4,4,4,5,5,5,4,3.69,0,0,FALSE
Female,Loyal Customer,47,Business Travel,Business,1528,4,4,4,4,5,5,5,4,4,4,4,4,5,4.31,0,0,TRUE
Female,Loyal Customer,15,Personal Travel,Eco,265,5,5,5,1,3,5,3,3,5,5,4,3,3,3.85,0,0,TRUE
Female,Disloyal Customer,57,Business Travel,Business,861,4,4,4,5,4,4,4,4,4,4,4,4,4,4.08,15,0,TRUE
Female,Loyal Customer,47,Business Travel,Business,3597,2,2,2,2,5,5,5,5,5,5,5,4,3,3.85,9,0,TRUE
Male,Loyal Customer,55,Personal Travel,Eco,1085,3,5,3,5,5,3,5,5,5,4,5,4,5,4.38,0,12,FALSE
Female,Loyal Customer,68,Personal Travel,Eco,502,1,5,1,5,3,4,5,1,1,1,1,4,4,2.77,38,57,FALSE
Male,Loyal Customer,54,Personal Travel,Eco,397,2,5,2,2,4,2,4,4,3,5,5,3,4,3.46,23,10,FALSE
Male,Loyal Customer,66,Business Travel,Business,843,1,4,4,4,2,3,4,1,1,1,1,1,2,2.23,0,4,FALSE
Female,Loyal Customer,57,Personal Travel,Business,2676,4,2,4,4,3,3,4,2,2,4,2,1,3,2.92,0,0,FALSE
Male,Loyal Customer,30,Business Travel,Business,3375,4,4,4,4,5,5,5,5,3,1,2,2,5,3.77,101,97,TRUE
Male,Loyal Customer,47,Personal Travel,Eco,227,3,3,3,3,4,3,4,4,3,5,2,1,4,3.23,17,29,FALSE
Female,Loyal Customer,31,Business Travel,Eco,2556,2,1,1,1,2,2,2,2,2,3,1,3,2,1.85,4,0,FALSE
Female,Loyal Customer,35,Business Travel,Business,2458,4,4,5,4,4,2,1,4,4,4,4,3,4,3.62,0,0,TRUE
Male,Loyal Customer,52,Business Travel,Eco,803,3,5,5,5,3,3,3,3,3,2,1,3,3,3.23,0,0,TRUE
Male,Loyal Customer,34,Business Travel,Business,3103,1,1,1,1,5,4,4,1,1,1,1,4,2,2.08,0,0,FALSE
Male,Loyal Customer,10,Business Travel,Eco,2218,4,4,4,4,4,4,2,4,2,4,3,3,4,3.54,0,0,FALSE
Male,Loyal Customer,51,Business Travel,Business,2644,2,2,2,2,5,4,4,4,4,4,4,3,3,3.31,0,4,TRUE
Female,Loyal Customer,47,Personal Travel,Eco,794,3,3,2,4,1,3,4,4,4,2,4,1,4,3,0,0,FALSE
Female,Loyal Customer,24,Business Travel,Eco,391,2,3,3,3,2,2,4,2,1,3,4,4,2,2.69,15,44,FALSE
Male,Disloyal Customer,22,Business Travel,Business,580,0,0,0,2,5,0,5,5,5,5,4,5,5,3.15,0,4,TRUE
Male,Loyal Customer,45,Business Travel,Business,460,4,4,4,4,4,5,5,4,4,4,4,4,5,4.23,0,0,TRUE
Male,Loyal Customer,24,Business Travel,Business,2678,2,2,2,2,4,4,4,4,5,2,5,1,4,3.15,5,17,TRUE
Female,Loyal Customer,15,Personal Travel,Eco,675,0,4,0,1,1,0,1,1,4,4,5,5,1,2.08,0,0,TRUE
Male,Loyal Customer,45,Personal Travel,Eco,1306,2,5,2,1,1,2,1,1,3,5,3,5,1,2.46,0,0,FALSE
Male,Loyal Customer,49,Personal Travel,Eco,1189,3,4,3,1,2,3,2,2,5,5,5,3,2,3.08,12,1,FALSE
Male,Loyal Customer,31,Business Travel,Business,3916,3,3,4,3,3,4,3,3,2,1,1,4,3,2.85,0,2,TRUE
Female,Loyal Customer,37,Business Travel,Eco,370,3,1,1,1,3,5,3,3,4,2,5,1,3,2.69,13,11,TRUE
Female,Loyal Customer,45,Business Travel,Business,1124,5,5,5,5,2,4,5,5,5,5,5,3,5,4.54,0,0,TRUE
Female,Disloyal Customer,22,Business Travel,Eco,2133,5,5,5,3,2,5,2,2,5,2,5,5,2,3.69,0,0,TRUE
Female,Loyal Customer,43,Business Travel,Eco,67,5,1,4,1,3,5,2,5,5,5,5,3,4,3.69,0,0,TRUE
Female,Loyal Customer,44,Personal Travel,Eco Plus,1444,2,3,2,3,1,3,2,1,1,2,1,2,1,1.85,11,3,FALSE
Female,Loyal Customer,45,Business Travel,Business,2454,2,2,5,2,4,5,2,4,4,4,4,2,5,3.46,9,0,TRUE
Male,Loyal Customer,46,Business Travel,Business,393,2,2,2,2,5,5,4,4,4,5,4,5,4,3.69,0,0,TRUE
Female,Disloyal Customer,44,Business Travel,Business,307,2,2,2,4,4,2,1,4,3,2,5,5,4,3.08,0,3,FALSE
Male,Loyal Customer,48,Business Travel,Business,1487,3,5,3,3,2,5,4,5,5,5,5,3,5,4.08,0,0,TRUE
Male,Loyal Customer,31,Business Travel,Business,677,1,1,1,1,4,4,4,4,5,4,4,5,4,3.23,0,0,TRUE
Female,Loyal Customer,41,Business Travel,Business,602,2,2,2,2,1,5,2,5,5,5,5,5,4,3.46,7,14,TRUE
Female,Loyal Customer,45,Business Travel,Business,3621,0,4,0,2,4,5,5,3,3,3,2,4,5,3.08,0,0,TRUE
Female,Disloyal Customer,38,Business Travel,Business,762,1,1,1,1,2,1,1,2,4,2,5,5,2,2.15,8,0,FALSE
Female,Loyal Customer,41,Business Travel,Business,3975,0,0,0,2,4,1,2,2,2,2,2,4,2,1.77,0,0,TRUE
Male,Loyal Customer,35,Business Travel,Business,3873,5,5,5,5,5,5,1,4,4,5,4,4,1,4.08,0,0,TRUE
Female,Loyal Customer,49,Business Travel,Business,2829,2,3,3,3,2,2,2,1,1,3,3,2,2,2.23,145,136,FALSE
Female,Loyal Customer,37,Business Travel,Business,280,1,3,3,3,3,4,4,1,1,1,1,3,2,2.31,76,56,FALSE
Female,Loyal Customer,8,Personal Travel,Eco,1547,3,4,3,2,5,3,5,5,4,4,3,3,5,3.77,0,0,FALSE
Female,Loyal Customer,65,Business Travel,Eco,456,2,3,3,3,5,2,2,2,2,2,2,1,3,2.46,22,20,FALSE
Female,Disloyal Customer,22,Business Travel,Eco,728,5,5,5,2,2,5,1,2,3,5,3,2,2,3.23,0,0,TRUE
Female,Loyal Customer,35,Business Travel,Business,2834,1,1,1,1,5,4,5,5,5,5,5,4,3,3.46,0,6,TRUE
Female,Loyal Customer,7,Personal Travel,Eco,2295,4,5,4,1,5,4,5,5,1,1,4,3,5,3.62,5,11,FALSE
Male,Loyal Customer,27,Business Travel,Eco Plus,328,0,0,0,3,3,0,3,3,5,5,2,2,3,2.23,0,0,TRUE
Male,Loyal Customer,22,Personal Travel,Eco,308,2,1,2,4,3,2,2,3,4,3,3,2,3,2.62,0,0,FALSE
Male,Loyal Customer,51,Business Travel,Business,1517,1,4,3,4,1,3,4,1,1,1,1,3,1,2.15,0,0,FALSE
Female,Loyal Customer,30,Personal Travel,Eco,1065,0,5,1,4,1,1,1,1,3,2,5,5,1,2.31,61,52,TRUE
Male,Loyal Customer,43,Business Travel,Business,109,2,2,4,2,2,4,2,4,4,4,4,4,5,3.31,0,0,TRUE
Female,Loyal Customer,59,Business Travel,Eco,1127,1,4,4,4,2,3,3,1,1,1,1,2,1,2.15,3,39,FALSE
Female,Loyal Customer,38,Personal Travel,Eco,197,2,5,2,1,2,2,2,2,5,3,4,3,2,2.69,12,18,FALSE
Female,Disloyal Customer,18,Business Travel,Eco,422,3,3,3,3,2,3,2,2,3,3,2,3,2,2.62,0,0,FALSE
Male,Loyal Customer,27,Personal Travel,Eco,547,2,1,2,4,4,2,4,4,2,3,3,3,4,2.92,0,6,FALSE
Male,Loyal Customer,29,Business Travel,Business,3756,3,3,3,3,3,5,3,3,2,4,5,4,3,3.38,9,3,TRUE
Female,Loyal Customer,64,Personal Travel,Eco,328,2,3,2,3,4,2,3,4,4,2,3,4,2,2.92,0,0,FALSE
Female,Disloyal Customer,44,Business Travel,Business,666,4,4,4,4,4,4,4,4,5,3,4,3,4,3.92,12,1,TRUE
Female,Loyal Customer,45,Business Travel,Business,296,3,3,3,3,4,4,5,5,5,5,5,3,4,4,0,0,TRUE
Female,Loyal Customer,59,Business Travel,Eco Plus,967,3,1,5,1,4,4,4,3,3,3,3,4,1,3,27,10,FALSE
Male,Loyal Customer,39,Business Travel,Business,227,2,2,3,2,5,5,4,5,5,5,5,4,5,4,2,3,TRUE
Male,Disloyal Customer,27,Business Travel,Business,546,1,1,1,3,5,1,5,5,1,2,4,2,5,2.77,0,7,FALSE
Female,Loyal Customer,36,Business Travel,Business,2208,0,5,0,4,2,4,4,4,4,4,4,5,3,3.31,7,3,TRUE
Female,Loyal Customer,41,Business Travel,Business,1072,4,4,4,4,5,4,5,4,4,4,4,5,5,4.31,0,0,TRUE
Male,Loyal Customer,59,Business Travel,Business,837,5,5,5,5,3,4,4,5,5,4,5,3,3,4.31,0,0,TRUE
Male,Loyal Customer,53,Business Travel,Business,282,4,4,4,4,4,5,5,4,4,4,4,5,4,4.23,0,0,TRUE
Female,Loyal Customer,41,Personal Travel,Eco,134,1,0,1,4,1,1,2,1,1,1,5,5,1,1.85,0,10,FALSE
Female,Loyal Customer,40,Business Travel,Eco,679,2,3,3,3,2,2,2,2,3,4,3,1,2,2.46,22,39,FALSE
Female,Disloyal Customer,36,Business Travel,Eco,304,1,0,1,4,1,1,1,1,3,3,2,5,1,1.85,0,0,FALSE
Female,Loyal Customer,44,Business Travel,Business,2550,4,4,4,4,3,4,5,3,3,4,3,3,5,3.77,0,0,TRUE
Male,Loyal Customer,9,Personal Travel,Eco,828,3,5,3,3,5,3,4,5,4,5,4,4,5,4.08,0,0,FALSE
Male,Loyal Customer,59,Business Travel,Business,2125,2,2,2,2,3,4,4,4,4,4,4,4,5,3.38,117,117,TRUE
Female,Disloyal Customer,24,Business Travel,Eco,599,2,0,2,3,4,2,4,4,5,5,4,4,4,3.31,0,0,FALSE
Male,Disloyal Customer,26,Business Travel,Eco,496,2,2,2,4,5,2,1,5,4,1,3,1,5,2.85,0,0,FALSE
Male,Loyal Customer,33,Business Travel,Business,3537,1,5,4,5,1,1,1,1,1,1,4,2,1,2.15,69,67,FALSE
Male,Loyal Customer,54,Business Travel,Business,2888,4,3,3,3,2,3,4,4,4,4,4,3,4,3.46,40,27,FALSE
Male,Loyal Customer,33,Business Travel,Business,1802,2,2,2,2,4,4,3,4,3,2,5,3,4,3.08,0,0,TRUE
Male,Loyal Customer,36,Personal Travel,Eco,819,4,4,4,4,5,4,5,5,3,1,4,1,5,3.77,0,0,FALSE
Male,Loyal Customer,59,Business Travel,Business,469,3,3,5,3,3,4,4,3,3,3,3,1,4,3.23,0,0,FALSE
Female,Loyal Customer,35,Business Travel,Business,836,4,4,4,4,4,5,4,4,4,4,4,4,3,4,0,0,TRUE
Male,Loyal Customer,47,Business Travel,Eco Plus,228,2,5,5,5,2,2,2,2,2,4,4,4,2,3.15,49,41,FALSE
Female,Loyal Customer,13,Personal Travel,Eco,595,3,4,3,5,4,3,4,4,3,1,2,3,4,3.31,0,0,FALSE
Male,Loyal Customer,51,Business Travel,Business,2652,2,2,2,2,5,5,4,3,3,3,3,5,5,3.38,0,0,TRUE
Male,Loyal Customer,61,Personal Travel,Eco,541,3,5,3,4,5,3,1,5,5,4,5,4,5,4,0,0,FALSE
Female,Loyal Customer,51,Personal Travel,Eco,510,3,4,3,4,4,4,5,2,2,3,2,4,5,3.46,8,29,FALSE
Female,Loyal Customer,60,Personal Travel,Eco,907,1,4,2,4,5,4,5,3,3,2,3,4,4,3.38,13,1,FALSE
Female,Loyal Customer,20,Business Travel,Business,2586,3,3,3,3,4,4,4,4,5,4,4,5,4,3.85,0,0,TRUE
Female,Loyal Customer,33,Personal Travel,Eco,528,2,5,2,3,4,2,4,4,5,4,4,5,4,3.69,0,0,FALSE
Female,Loyal Customer,50,Business Travel,Business,888,4,4,4,4,5,4,4,4,4,5,4,3,4,4.08,0,0,TRUE
Male,Disloyal Customer,35,Business Travel,Eco,2182,3,2,2,2,4,3,4,4,2,4,4,2,4,3.08,2,0,FALSE
Male,Loyal Customer,54,Business Travel,Business,566,3,3,5,3,4,4,1,5,5,4,5,2,5,3.77,65,69,TRUE
Female,Loyal Customer,39,Business Travel,Business,1544,4,4,4,4,3,5,4,4,4,4,4,5,3,4,7,5,TRUE
Male,Loyal Customer,29,Business Travel,Eco Plus,483,4,2,2,2,4,4,4,4,3,2,2,2,4,3,16,4,TRUE
Male,Loyal Customer,58,Business Travel,Business,3833,1,1,1,1,5,4,4,4,4,5,4,5,4,3.31,0,0,TRUE
Female,Loyal Customer,31,Business Travel,Business,515,5,5,3,5,3,3,3,3,3,3,5,5,3,3.77,13,5,TRUE
Male,Loyal Customer,57,Personal Travel,Eco,298,2,5,2,3,1,2,1,1,4,2,5,3,1,2.46,0,8,FALSE
Female,Loyal Customer,24,Business Travel,Business,484,5,5,5,5,5,4,5,5,4,5,4,4,5,4.69,1,0,FALSE
Female,Loyal Customer,41,Personal Travel,Eco Plus,327,3,0,3,5,4,4,4,4,4,3,4,4,3,3.46,15,6,FALSE
Female,Loyal Customer,23,Business Travel,Business,3397,3,3,2,3,5,4,5,5,3,4,5,3,5,3.85,0,0,TRUE
Male,Loyal Customer,49,Business Travel,Business,3599,4,4,4,4,4,5,5,5,5,5,5,5,3,4.46,17,23,TRUE
Male,Loyal Customer,55,Personal Travel,Eco,912,3,4,3,4,2,3,2,2,1,4,3,4,2,2.85,20,7,FALSE
Male,Loyal Customer,22,Business Travel,Eco Plus,570,2,5,4,5,2,2,3,2,1,1,3,1,2,2.54,26,24,FALSE
Male,Loyal Customer,58,Business Travel,Eco,697,4,1,1,1,4,4,4,4,2,4,3,2,4,2.92,3,0,TRUE
Male,Disloyal Customer,30,Business Travel,Business,812,1,1,1,5,5,1,5,5,3,4,4,3,5,3.31,0,0,FALSE
Male,Loyal Customer,46,Business Travel,Business,2264,2,4,5,5,4,4,4,3,3,3,2,3,2,3.38,0,13,FALSE
Male,Loyal Customer,68,Personal Travel,Eco,759,1,4,1,2,4,1,4,4,5,5,5,3,4,3.31,3,10,FALSE
Female,Loyal Customer,58,Business Travel,Business,3581,3,3,3,3,2,5,4,4,4,4,4,3,3,3.46,0,0,TRUE
Female,Disloyal Customer,21,Business Travel,Eco,271,3,3,3,3,2,3,2,2,4,1,3,3,2,2.62,0,20,FALSE
Male,Loyal Customer,49,Business Travel,Business,689,3,3,3,3,4,4,4,5,5,4,5,5,5,4.08,0,0,TRUE
Male,Loyal Customer,45,Business Travel,Business,2039,2,2,2,2,3,4,5,4,4,5,4,5,5,3.62,0,0,TRUE
Female,Loyal Customer,10,Personal Travel,Eco,989,2,4,2,3,5,2,5,5,3,1,3,5,5,3.46,0,0,FALSE
Male,Loyal Customer,19,Personal Travel,Eco,1047,1,5,1,4,3,1,3,3,3,3,4,3,3,2.85,17,28,FALSE
Female,Loyal Customer,31,Business Travel,Business,594,1,1,1,1,5,5,5,5,4,3,4,2,5,3.23,7,8,TRUE
Female,Loyal Customer,43,Personal Travel,Eco,1300,4,4,4,1,5,4,5,4,4,4,4,5,3,3.92,8,4,FALSE
Male,Loyal Customer,61,Personal Travel,Eco,432,1,1,1,3,5,1,5,5,1,1,3,3,5,2.69,45,40,FALSE
Male,Loyal Customer,49,Business Travel,Business,1562,3,2,2,2,3,3,3,3,3,3,3,3,2,2.69,13,5,FALSE
Male,Loyal Customer,60,Business Travel,Eco Plus,241,1,4,4,4,1,1,1,1,1,3,3,2,1,2.08,0,0,FALSE
Male,Loyal Customer,37,Business Travel,Business,282,2,2,2,2,5,4,4,4,4,4,4,3,4,3.38,0,0,TRUE
Female,Disloyal Customer,26,Business Travel,Business,772,2,3,3,5,4,3,2,4,5,4,4,3,4,3.54,0,6,FALSE
Female,Loyal Customer,60,Business Travel,Business,1126,3,3,3,3,2,4,4,4,4,5,4,4,5,3.69,0,10,TRUE
Female,Disloyal Customer,28,Business Travel,Eco,2845,3,3,3,2,4,3,2,4,1,5,2,1,4,2.85,0,0,FALSE
Male,Loyal Customer,63,Personal Travel,Eco,377,5,4,5,4,5,5,5,5,3,3,4,4,5,4.38,0,0,TRUE
Female,Loyal Customer,17,Personal Travel,Eco Plus,240,2,4,2,3,5,2,5,5,5,2,5,4,5,3.77,0,0,FALSE
Female,Loyal Customer,51,Business Travel,Business,2300,2,2,2,2,5,5,5,4,4,5,5,5,5,3.92,0,0,TRUE
Female,Disloyal Customer,36,Business Travel,Eco,488,1,4,1,3,1,1,1,1,2,2,3,2,1,1.77,21,22,FALSE
Female,Loyal Customer,45,Business Travel,Business,3440,4,3,4,4,5,5,4,5,5,4,5,5,3,4.31,0,0,TRUE
Male,Loyal Customer,42,Personal Travel,Eco,2342,1,4,2,2,5,2,1,5,3,2,5,5,5,3.23,1,0,FALSE
Male,Loyal Customer,21,Personal Travel,Eco,1290,4,5,4,5,3,4,3,3,3,3,5,4,3,3.77,10,0,FALSE
Male,Loyal Customer,47,Business Travel,Business,2133,3,3,3,3,5,4,5,5,5,5,5,5,3,4.15,0,0,TRUE
Female,Loyal Customer,32,Personal Travel,Eco,163,3,5,0,2,2,0,4,2,2,5,2,3,2,2.46,0,0,FALSE
Female,Loyal Customer,36,Personal Travel,Eco,645,5,4,5,3,5,5,4,5,5,5,5,3,5,4.54,0,0,TRUE
Male,Loyal Customer,78,Business Travel,Eco,317,3,4,5,5,3,3,3,3,1,3,3,4,3,3.31,0,0,FALSE
Female,Disloyal Customer,44,Business Travel,Business,406,2,2,2,4,5,2,5,5,1,1,3,1,5,2.92,24,14,FALSE
Female,Loyal Customer,46,Business Travel,Business,2613,1,1,1,1,3,5,4,4,4,5,4,3,4,3.08,23,25,TRUE
Female,Disloyal Customer,8,Business Travel,Business,1546,3,0,3,4,3,3,3,3,4,5,5,5,3,3.38,4,0,FALSE
Male,Loyal Customer,46,Personal Travel,Eco,472,1,0,1,2,2,1,2,2,4,3,5,3,2,2.15,0,18,FALSE
Male,Loyal Customer,40,Business Travel,Eco,374,2,2,2,2,2,2,2,2,5,3,5,1,2,2.46,0,0,TRUE
Female,Loyal Customer,46,Business Travel,Business,543,1,1,1,1,3,4,4,4,4,4,4,5,4,3.08,10,0,TRUE
Male,Loyal Customer,44,Business Travel,Business,770,4,4,4,4,5,5,5,5,5,5,5,4,4,4.54,34,27,TRUE
Male,Loyal Customer,67,Business Travel,Eco,395,2,2,2,2,2,2,2,2,4,1,3,4,2,2.31,0,0,FALSE
Male,Loyal Customer,31,Business Travel,Business,500,3,3,3,3,3,3,3,3,1,5,4,2,3,3,0,0,FALSE
Female,Loyal Customer,12,Personal Travel,Eco,237,3,5,3,3,3,3,2,3,5,4,5,5,3,3.62,6,9,FALSE
Female,Loyal Customer,25,Business Travel,Business,3033,2,4,4,4,2,2,2,2,2,3,4,1,2,2.62,30,74,FALSE
Female,Loyal Customer,43,Business Travel,Business,1754,2,5,2,2,2,5,5,3,3,3,3,3,4,3.23,3,0,TRUE
Female,Loyal Customer,17,Business Travel,Business,746,4,4,4,4,4,4,4,4,4,5,5,3,4,4.08,89,77,TRUE
Female,Loyal Customer,27,Business Travel,Eco,646,3,2,2,2,3,3,3,3,4,2,3,4,3,2.85,6,0,FALSE
Male,Disloyal Customer,44,Business Travel,Business,363,1,1,1,4,4,1,4,4,3,4,4,3,4,2.92,0,0,FALSE
Female,Loyal Customer,47,Business Travel,Eco,584,1,2,2,2,5,2,3,1,1,1,1,3,4,2.15,29,14,FALSE
Female,Loyal Customer,53,Business Travel,Business,591,4,3,4,3,3,2,2,4,4,4,4,3,2,3.23,0,0,FALSE
Female,Loyal Customer,46,Business Travel,Business,2422,1,1,1,1,2,1,1,4,4,4,4,3,4,2.38,24,20,TRUE
Female,Loyal Customer,50,Business Travel,Business,2955,1,1,1,1,4,5,4,3,3,3,3,5,5,3,26,22,TRUE
Female,Disloyal Customer,21,Business Travel,Eco,449,5,0,5,3,2,5,2,2,5,2,5,3,2,3.15,0,0,TRUE
Male,Loyal Customer,56,Business Travel,Business,3877,5,5,5,5,5,4,5,4,4,4,4,5,4,4.54,43,19,TRUE
Male,Loyal Customer,41,Business Travel,Eco,430,5,5,5,5,5,4,5,5,3,5,5,3,5,4.62,0,11,TRUE
Female,Disloyal Customer,26,Business Travel,Business,636,3,3,3,4,3,3,3,3,3,2,3,2,3,2.92,0,0,FALSE
Female,Loyal Customer,68,Business Travel,Business,2563,4,1,1,1,4,2,2,4,4,3,4,4,3,2.85,0,10,FALSE
Female,Loyal Customer,47,Business Travel,Business,2717,3,2,3,3,2,3,2,5,5,5,5,1,3,3.23,38,29,TRUE
Female,Loyal Customer,59,Business Travel,Business,2983,3,2,2,2,1,4,4,3,3,3,3,2,1,2.54,3,0,FALSE
Male,Loyal Customer,21,Personal Travel,Eco,106,1,5,0,3,4,0,4,4,4,5,5,5,4,3.38,0,0,FALSE
Female,Disloyal Customer,46,Business Travel,Eco,373,1,2,2,3,2,2,2,2,2,2,4,3,2,2.23,8,4,FALSE
Female,Disloyal Customer,21,Business Travel,Business,719,0,0,0,4,5,0,5,5,4,2,4,3,5,2.85,0,0,TRUE
Male,Loyal Customer,23,Personal Travel,Eco Plus,1616,2,5,2,4,5,2,3,5,3,5,4,5,5,3.85,24,43,FALSE
Male,Loyal Customer,41,Business Travel,Business,365,2,3,3,3,5,4,4,2,2,3,2,1,2,2.77,43,40,FALSE
Female,Loyal Customer,39,Business Travel,Eco,773,1,4,4,4,1,1,1,1,2,4,3,3,1,2.31,0,7,FALSE
Female,Loyal Customer,14,Personal Travel,Eco,481,1,2,1,1,5,1,5,5,3,2,1,1,5,2.54,1,0,FALSE
Male,Loyal Customer,59,Business Travel,Business,1009,3,3,3,3,3,5,4,3,3,4,3,5,3,3.46,0,0,TRUE
Female,Loyal Customer,61,Business Travel,Eco,337,2,2,2,2,3,3,4,2,2,2,2,3,2,2.38,0,7,FALSE
Female,Disloyal Customer,35,Business Travel,Business,671,3,3,3,1,5,3,3,5,4,2,4,4,5,3.46,0,0,FALSE
Female,Loyal Customer,48,Business Travel,Business,3130,3,1,1,1,1,4,3,3,3,3,3,1,1,2.15,5,15,FALSE
Female,Loyal Customer,56,Business Travel,Business,3835,4,4,4,4,2,5,5,4,4,4,4,4,3,3.92,0,2,TRUE
Female,Loyal Customer,26,Business Travel,Business,502,5,5,5,5,4,4,4,4,3,3,5,3,4,4.15,0,0,TRUE
Male,Loyal Customer,49,Business Travel,Business,2205,1,1,1,1,4,4,5,5,5,4,5,5,5,3.54,0,0,TRUE
Female,Loyal Customer,49,Business Travel,Business,3613,5,5,5,5,2,5,4,4,4,4,4,5,4,4.31,0,0,TRUE
Female,Loyal Customer,48,Business Travel,Business,1729,4,5,5,5,3,2,3,4,4,4,4,2,3,3.69,0,0,FALSE
Female,Loyal Customer,44,Business Travel,Business,2250,4,4,4,4,2,5,4,4,4,4,4,5,3,3.92,0,0,TRUE
Female,Loyal Customer,45,Business Travel,Business,2553,1,1,1,1,3,5,5,4,4,4,4,5,3,3.15,4,0,TRUE
Female,Loyal Customer,54,Business Travel,Business,2760,0,0,0,1,3,4,4,3,3,3,3,3,5,2.46,0,1,TRUE
Female,Loyal Customer,24,Personal Travel,Eco,826,2,4,2,3,2,2,2,2,4,5,3,4,2,2.85,0,0,FALSE
Female,Disloyal Customer,24,Business Travel,Business,1183,5,5,5,2,2,5,2,2,4,2,4,4,2,3.38,6,12,TRUE
Male,Loyal Customer,47,Personal Travel,Eco,903,4,4,4,2,1,4,1,1,5,4,5,4,1,3.08,0,0,FALSE
Female,Loyal Customer,58,Business Travel,Business,3798,2,2,2,2,3,5,4,5,5,5,5,5,5,3.85,5,4,TRUE
Female,Loyal Customer,61,Business Travel,Eco Plus,533,4,4,3,4,1,1,5,4,4,4,4,3,2,3.31,0,0,TRUE
Male,Loyal Customer,68,Business Travel,Eco,1121,2,3,3,3,2,2,2,2,4,2,3,3,2,2.54,0,0,FALSE
Female,Loyal Customer,52,Business Travel,Business,2454,3,3,3,3,3,5,4,4,4,4,4,5,3,3.69,15,8,TRUE
Female,Disloyal Customer,25,Business Travel,Eco,1463,1,1,1,3,1,1,1,1,3,4,3,4,1,1.92,31,19,FALSE
Male,Loyal Customer,39,Personal Travel,Business,862,3,4,3,5,5,4,5,3,3,3,2,5,3,3.69,41,18,FALSE
Female,Loyal Customer,45,Business Travel,Business,280,2,2,2,2,4,4,4,4,4,4,4,3,5,3.38,0,0,TRUE
Female,Loyal Customer,54,Business Travel,Business,3430,5,5,5,5,3,5,5,5,5,5,5,5,5,4.85,13,2,TRUE
Male,Loyal Customer,56,Business Travel,Eco,1072,4,5,5,5,4,4,4,4,2,3,4,4,4,4,68,47,FALSE
Female,Disloyal Customer,23,Business Travel,Business,641,4,0,4,4,5,4,5,5,3,4,4,5,5,4,0,0,TRUE
Female,Loyal Customer,10,Personal Travel,Eco Plus,4243,4,4,4,4,4,5,5,3,4,3,3,5,5,4.08,69,109,TRUE
Female,Loyal Customer,47,Business Travel,Business,2769,5,5,5,5,4,2,3,4,4,4,4,3,3,3.92,0,0,TRUE
Male,Loyal Customer,43,Business Travel,Business,1777,3,3,3,3,3,5,4,5,5,5,5,4,5,4.08,0,0,TRUE
Female,Loyal Customer,48,Personal Travel,Business,303,2,4,2,2,5,4,5,2,2,2,2,4,3,3,0,2,FALSE
Male,Loyal Customer,19,Business Travel,Business,2476,3,3,3,3,4,4,4,4,2,3,2,5,4,3.38,0,0,TRUE
Female,Loyal Customer,60,Personal Travel,Eco,597,4,4,4,3,3,4,1,5,5,4,1,4,1,3.31,0,3,TRUE
Female,Loyal Customer,45,Business Travel,Business,1005,1,1,1,1,2,4,4,4,4,4,4,5,4,3,8,0,TRUE
Female,Loyal Customer,55,Business Travel,Eco,846,4,3,3,3,2,4,4,4,4,4,4,1,4,3.38,0,0,TRUE
Female,Loyal Customer,22,Business Travel,Business,306,0,0,0,4,1,1,1,1,1,1,2,1,1,1.08,50,48,TRUE
Female,Loyal Customer,45,Personal Travel,Eco,677,3,1,3,3,3,4,3,5,5,3,1,1,3,2.92,5,0,FALSE
Male,Loyal Customer,45,Business Travel,Business,417,5,5,5,5,3,4,4,4,4,4,4,3,3,4.08,0,0,TRUE
Male,Loyal Customer,53,Business Travel,Business,3824,0,5,0,4,4,4,5,4,4,4,4,3,5,3.54,26,15,TRUE
Female,Loyal Customer,40,Personal Travel,Eco,1754,0,1,0,4,1,0,1,1,3,1,4,2,1,1.46,0,0,TRUE
Male,Disloyal Customer,27,Business Travel,Business,227,1,0,0,3,1,0,1,1,5,2,5,5,1,1.92,3,2,FALSE
Male,Disloyal Customer,30,Business Travel,Eco,1231,4,4,4,1,1,4,1,1,3,4,5,3,1,2.77,0,0,TRUE
Female,Disloyal Customer,28,Business Travel,Business,321,5,5,5,1,3,5,3,3,4,4,5,5,3,3.92,0,0,TRUE
Female,Disloyal Customer,36,Business Travel,Eco,347,4,4,4,4,3,4,3,3,4,4,3,4,3,3.62,0,0,FALSE
Male,Loyal Customer,40,Business Travel,Business,507,1,1,1,1,1,1,3,5,5,5,5,4,3,2.77,54,48,TRUE
Female,Loyal Customer,46,Business Travel,Business,3678,5,5,5,5,4,4,5,4,4,4,4,4,5,4.46,10,0,TRUE
Male,Loyal Customer,52,Business Travel,Business,3382,2,2,3,2,3,4,5,4,4,4,4,5,5,3.62,34,31,TRUE
Female,Loyal Customer,37,Business Travel,Business,1935,1,1,1,1,2,4,5,5,5,5,5,3,4,3.23,0,0,TRUE
Male,Loyal Customer,55,Personal Travel,Eco,2486,1,1,1,4,5,1,4,5,2,1,4,4,5,2.92,0,0,FALSE
Female,Loyal Customer,52,Business Travel,Eco Plus,442,1,5,5,5,2,4,3,1,1,1,1,3,2,2.62,4,0,FALSE
Female,Disloyal Customer,36,Business Travel,Eco,649,3,2,3,3,5,3,5,5,4,3,4,4,5,3.77,0,0,FALSE
Female,Loyal Customer,47,Business Travel,Business,1725,3,3,3,3,2,3,4,5,5,5,5,4,5,3.85,0,6,TRUE
Male,Loyal Customer,33,Personal Travel,Eco,1235,2,5,2,3,2,2,2,2,5,4,4,5,2,3.08,0,5,FALSE
Male,Loyal Customer,42,Business Travel,Business,3836,2,2,2,2,2,4,4,5,5,5,5,3,4,3.46,0,0,TRUE
Female,Disloyal Customer,36,Business Travel,Eco,449,3,2,3,4,3,3,2,3,2,3,3,2,3,2.77,0,0,FALSE
Female,Loyal Customer,44,Business Travel,Eco,116,4,4,4,4,5,2,1,4,4,4,4,2,1,3.31,0,0,TRUE
Male,Disloyal Customer,21,Business Travel,Business,957,2,1,2,4,5,2,5,5,3,3,4,2,5,3.31,37,23,FALSE
Female,Disloyal Customer,27,Business Travel,Eco,228,2,3,2,3,3,2,3,3,3,2,3,2,3,2.62,19,8,FALSE
Female,Loyal Customer,56,Business Travel,Business,3756,2,2,2,2,5,3,1,4,4,4,4,2,3,2.92,0,0,TRUE
Male,Loyal Customer,37,Personal Travel,Eco,486,1,4,1,3,2,1,2,2,4,4,4,3,2,2.54,8,0,FALSE
Male,Loyal Customer,16,Business Travel,Business,2475,1,3,3,3,1,1,1,1,1,5,3,4,1,2.15,0,0,FALSE
Female,Loyal Customer,23,Business Travel,Eco,1590,4,1,1,1,4,4,2,4,3,5,3,4,4,3.08,32,34,FALSE
Female,Loyal Customer,49,Business Travel,Business,1411,4,4,5,4,5,5,5,4,4,4,4,3,5,4.31,15,14,TRUE
Female,Loyal Customer,51,Business Travel,Business,1821,2,2,2,2,5,5,5,5,5,5,5,3,5,3.92,11,9,TRUE
Male,Loyal Customer,39,Business Travel,Business,919,5,5,5,5,5,5,5,2,2,2,2,3,3,3.77,65,98,TRUE
Male,Loyal Customer,30,Business Travel,Business,2434,5,5,5,5,4,4,4,4,4,3,3,5,4,4.23,0,5,TRUE
Female,Loyal Customer,13,Personal Travel,Eco,668,3,5,3,4,3,3,3,3,3,2,5,4,3,3.38,0,0,FALSE
Female,Loyal Customer,62,Personal Travel,Eco,2496,2,3,2,2,5,1,5,2,2,2,2,1,4,2.54,24,56,FALSE
Female,Loyal Customer,19,Personal Travel,Eco,685,2,4,2,4,5,2,5,5,2,5,3,2,5,3.54,0,0,FALSE
Male,Loyal Customer,19,Business Travel,Business,599,2,5,5,5,2,2,2,2,3,5,3,4,2,3.23,0,0,FALSE
Male,Disloyal Customer,24,Business Travel,Eco,109,2,5,2,1,2,2,2,2,1,3,4,2,2,2.31,0,0,FALSE
Female,Loyal Customer,20,Personal Travel,Eco,594,2,3,2,4,4,2,4,4,1,1,3,3,4,2.85,0,0,FALSE
Female,Loyal Customer,8,Personal Travel,Eco,369,3,3,1,3,3,1,3,3,4,4,3,4,3,2.92,16,5,FALSE
Male,Loyal Customer,63,Business Travel,Eco,338,2,2,2,2,2,2,2,2,2,4,3,1,2,2.15,20,10,FALSE
Male,Loyal Customer,42,Personal Travel,Eco,1448,5,3,5,2,1,5,1,1,3,3,5,4,1,3,0,0,TRUE
Male,Loyal Customer,33,Business Travel,Business,2304,3,3,4,3,4,4,4,4,4,1,2,2,4,3.23,0,0,TRUE
Female,Loyal Customer,35,Business Travel,Business,541,5,5,5,5,2,4,5,4,4,4,4,3,5,4.23,7,0,TRUE
Female,Loyal Customer,35,Business Travel,Business,2558,4,1,4,4,4,1,5,4,4,4,4,4,1,3.38,0,0,TRUE
Male,Loyal Customer,36,Business Travel,Business,2075,3,3,3,3,2,5,5,4,4,5,4,4,4,3.77,0,0,TRUE
Male,Loyal Customer,43,Personal Travel,Eco,937,3,2,3,2,1,3,1,1,2,4,2,1,1,2,0,0,FALSE
Female,Loyal Customer,16,Personal Travel,Eco Plus,2288,2,5,2,1,2,2,2,2,5,3,1,3,2,2.46,0,10,FALSE
Female,Loyal Customer,39,Personal Travel,Eco,239,1,5,1,1,4,1,4,4,5,5,4,3,4,3.23,29,24,FALSE
Female,Loyal Customer,56,Business Travel,Business,3639,1,1,3,1,5,5,4,5,5,5,5,5,3,3.69,0,0,TRUE
Female,Loyal Customer,52,Business Travel,Business,936,4,4,4,4,4,5,4,4,4,4,4,3,4,4,0,0,TRUE
Male,Loyal Customer,69,Personal Travel,Eco,643,4,5,4,4,3,4,5,3,4,2,5,4,3,3.85,30,24,FALSE
Female,Loyal Customer,17,Personal Travel,Eco,425,1,1,1,3,4,1,1,4,3,1,3,1,4,2.15,0,0,FALSE
Female,Disloyal Customer,22,Business Travel,Eco,1033,5,5,5,3,2,5,2,2,5,2,4,5,2,3.62,0,0,TRUE
Male,Disloyal Customer,36,Business Travel,Business,1062,2,2,2,3,4,2,4,4,4,5,4,3,4,3.31,0,0,FALSE
Female,Loyal Customer,46,Business Travel,Eco,432,2,3,2,3,1,3,4,2,2,2,2,1,4,2.38,0,13,FALSE
Female,Loyal Customer,17,Personal Travel,Eco,1609,4,5,4,2,4,4,1,4,5,4,4,5,4,3.85,0,0,FALSE
Male,Loyal Customer,36,Business Travel,Eco Plus,1013,4,2,2,2,4,4,4,4,3,4,3,4,4,3.38,0,3,TRUE
Male,Loyal Customer,39,Business Travel,Eco,321,4,5,5,5,4,4,4,4,2,2,4,3,4,3.85,8,27,TRUE
Male,Loyal Customer,64,Personal Travel,Eco,280,3,5,3,2,1,3,1,1,4,3,2,3,1,2.46,0,0,FALSE
Female,Loyal Customer,66,Business Travel,Business,3814,4,1,1,1,1,1,3,4,4,4,4,2,2,2.46,0,0,FALSE
Female,Loyal Customer,37,Personal Travel,Eco,725,5,5,5,5,5,5,5,5,2,5,4,2,5,4.46,0,0,TRUE
Male,Disloyal Customer,24,Business Travel,Eco,983,3,3,3,4,3,3,3,3,4,2,4,3,3,3.15,0,0,FALSE
Male,Disloyal Customer,44,Business Travel,Business,370,1,1,1,4,3,1,3,3,4,4,4,4,3,2.77,32,26,FALSE
Male,Loyal Customer,45,Business Travel,Business,2217,2,4,1,1,4,4,3,2,2,2,2,1,2,2.31,0,0,FALSE
Male,Disloyal Customer,29,Business Travel,Business,630,2,3,3,4,2,3,2,2,5,5,4,4,2,3.15,7,0,FALSE
Male,Disloyal Customer,42,Business Travel,Eco Plus,331,3,3,3,2,3,3,3,3,1,5,3,5,3,3.08,90,95,FALSE
Male,Loyal Customer,26,Business Travel,Business,1811,5,5,5,5,5,5,4,5,4,2,4,3,5,4.38,0,0,TRUE
Male,Disloyal Customer,38,Business Travel,Eco,801,4,4,4,3,2,4,3,2,1,2,4,1,2,2.77,34,53,TRUE
Male,Disloyal Customer,29,Business Travel,Eco,1262,1,1,1,3,5,1,5,5,3,5,5,5,5,3.46,0,0,FALSE
Male,Loyal Customer,28,Personal Travel,Eco Plus,581,3,1,4,3,3,4,3,3,3,3,3,2,3,2.92,0,37,FALSE
Male,Loyal Customer,30,Business Travel,Business,946,4,4,4,4,4,4,4,4,4,5,5,4,4,4.15,0,0,TRUE
Female,Loyal Customer,33,Personal Travel,Eco Plus,108,4,5,0,2,3,0,3,3,5,3,4,5,3,3.08,0,0,FALSE
Female,Loyal Customer,36,Personal Travel,Eco,1009,2,5,2,1,1,2,1,1,4,3,2,4,1,2.23,0,0,FALSE
Female,Loyal Customer,47,Personal Travel,Eco,2176,4,4,4,5,4,4,2,4,4,4,4,3,4,3.85,0,0,TRUE
Male,Loyal Customer,56,Business Travel,Business,268,1,1,1,1,3,4,5,4,4,4,4,3,3,2.92,0,0,TRUE
Female,Loyal Customer,36,Business Travel,Eco,277,5,4,4,4,5,5,5,5,4,2,2,5,5,4.23,178,174,TRUE
Male,Loyal Customer,35,Business Travel,Eco Plus,200,2,2,2,2,2,2,2,2,1,1,3,1,2,1.85,0,0,FALSE
Female,Loyal Customer,57,Business Travel,Business,3217,4,4,4,4,2,4,5,2,2,3,2,4,4,3.38,17,15,TRUE
Female,Disloyal Customer,37,Business Travel,Eco,878,1,1,1,2,2,1,2,2,4,5,5,5,2,2.54,0,0,FALSE
Male,Loyal Customer,23,Business Travel,Business,1823,2,5,5,5,2,2,2,2,1,2,3,1,2,2.62,44,34,FALSE
Male,Loyal Customer,48,Personal Travel,Eco,587,4,4,3,2,1,3,1,1,3,2,4,5,1,2.62,0,0,FALSE
Female,Loyal Customer,46,Personal Travel,Eco,1035,3,5,3,2,2,4,4,5,5,3,5,4,3,3.69,0,0,FALSE
Female,Loyal Customer,48,Business Travel,Business,3551,5,5,5,5,5,4,4,5,5,5,5,3,3,4.54,0,1,TRUE
Female,Disloyal Customer,18,Business Travel,Eco,1826,4,4,4,3,3,4,1,3,4,5,4,2,3,3.38,14,0,FALSE
Female,Loyal Customer,53,Personal Travel,Eco,472,5,2,5,3,1,4,4,4,4,5,4,3,3,3.62,0,1,TRUE
Female,Loyal Customer,46,Business Travel,Business,677,4,4,4,4,3,5,5,4,4,4,4,3,4,4,104,104,TRUE
Male,Loyal Customer,14,Personal Travel,Eco,946,1,4,1,3,1,1,1,1,4,1,2,5,1,2,33,48,FALSE
Female,Loyal Customer,19,Business Travel,Business,1560,4,4,4,4,5,5,5,5,4,5,4,2,5,4.31,0,30,TRUE
Female,Loyal Customer,8,Personal Travel,Eco,341,3,1,3,2,4,3,4,4,1,3,1,2,4,2.69,0,0,FALSE
Male,Loyal Customer,45,Business Travel,Business,3743,1,1,1,1,2,4,5,4,4,4,4,5,3,3,0,0,TRUE
Male,Loyal Customer,55,Business Travel,Business,3932,2,2,4,2,4,5,4,4,4,4,4,3,3,3.46,0,0,TRUE
Female,Loyal Customer,24,Personal Travel,Eco,907,3,1,3,3,4,3,4,4,1,2,4,2,4,2.92,6,0,FALSE
Female,Disloyal Customer,38,Business Travel,Business,1180,3,3,3,3,5,3,5,5,5,3,5,3,5,3.92,111,98,FALSE
Male,Loyal Customer,45,Personal Travel,Eco Plus,1235,3,4,3,4,3,3,3,3,2,3,4,1,3,3,0,0,FALSE
Male,Loyal Customer,39,Business Travel,Business,1194,1,2,5,2,5,3,4,1,1,1,1,2,2,2.31,0,0,FALSE
Male,Loyal Customer,54,Business Travel,Business,1933,5,5,5,5,2,5,4,3,3,3,3,3,5,3.92,11,6,TRUE
Female,Loyal Customer,44,Personal Travel,Eco,533,2,1,5,3,2,2,2,2,2,5,2,1,3,2.46,0,0,FALSE
Female,Loyal Customer,60,Personal Travel,Eco,1009,1,5,1,3,3,4,4,1,1,1,1,5,5,2.69,0,0,FALSE
Female,Loyal Customer,56,Business Travel,Business,3047,2,2,2,2,2,5,4,5,5,5,5,5,5,3.77,65,52,TRUE
Male,Loyal Customer,38,Business Travel,Eco,239,4,5,5,5,4,4,4,4,4,4,3,1,4,3.92,34,34,FALSE
Female,Loyal Customer,55,Business Travel,Eco Plus,500,1,2,4,2,1,4,3,1,1,1,1,1,2,1.85,0,0,FALSE
Female,Loyal Customer,54,Personal Travel,Eco,1014,4,1,5,3,5,5,3,1,2,2,2,3,3,3,259,244,FALSE
Female,Loyal Customer,56,Personal Travel,Business,746,2,4,2,2,2,1,5,5,4,5,4,5,5,3.54,141,134,FALSE
Male,Disloyal Customer,30,Business Travel,Eco,1112,2,2,2,2,3,2,3,3,4,3,2,3,3,2.62,15,22,FALSE
Female,Loyal Customer,58,Business Travel,Business,1723,5,5,5,5,5,5,5,5,4,5,5,5,5,4.92,158,151,TRUE
Female,Loyal Customer,23,Business Travel,Business,3686,2,2,2,2,5,5,5,5,3,2,4,5,5,3.62,11,6,TRUE
Male,Loyal Customer,43,Business Travel,Business,2025,2,2,3,2,4,3,4,2,2,2,2,1,3,2.46,0,0,FALSE
Female,Loyal Customer,52,Personal Travel,Eco,1744,4,4,4,3,2,4,2,3,3,4,3,2,2,3.08,67,69,FALSE
Male,Disloyal Customer,26,Business Travel,Eco,1747,4,3,3,3,2,4,2,2,4,5,4,3,2,3.15,0,0,FALSE
Female,Loyal Customer,41,Business Travel,Business,386,5,5,5,5,3,5,4,4,4,4,4,4,5,4.38,2,2,TRUE
Female,Loyal Customer,26,Business Travel,Business,3633,4,2,2,2,2,2,4,2,2,5,3,2,2,2.62,0,18,FALSE
Female,Loyal Customer,42,Business Travel,Eco,2521,4,1,1,1,4,4,4,4,4,2,3,4,4,3.08,0,0,FALSE
Female,Loyal Customer,47,Business Travel,Business,2566,2,4,5,5,5,3,3,3,3,3,2,1,4,3.31,28,24,FALSE
Female,Loyal Customer,28,Personal Travel,Eco,588,1,1,1,4,5,1,4,5,1,2,3,2,5,2.69,0,0,FALSE
Male,Loyal Customer,57,Business Travel,Business,1814,2,3,2,2,2,5,4,5,5,5,5,3,5,3.69,0,0,TRUE
Female,Loyal Customer,57,Personal Travel,Eco,190,3,4,0,1,3,4,5,4,4,0,4,5,4,3.15,0,0,FALSE
Female,Loyal Customer,62,Business Travel,Eco,395,2,4,4,4,4,3,3,2,2,2,2,4,4,3.08,0,2,FALSE
Male,Loyal Customer,25,Personal Travel,Eco,925,3,5,3,1,5,3,5,5,3,2,4,3,5,3.62,16,23,FALSE
Female,Loyal Customer,51,Business Travel,Business,2139,3,3,3,3,3,4,5,5,5,5,5,4,3,3.92,11,3,TRUE
Female,Loyal Customer,46,Personal Travel,Eco,192,3,5,3,3,3,4,4,4,4,3,4,3,4,3.62,3,0,FALSE
Female,Disloyal Customer,24,Business Travel,Eco,989,4,4,4,3,3,4,3,3,3,1,4,1,3,3.08,5,0,TRUE
Female,Loyal Customer,69,Personal Travel,Eco,1105,3,1,3,2,1,3,3,2,2,3,2,1,1,2.08,11,15,FALSE
Female,Loyal Customer,45,Personal Travel,Eco,255,2,1,2,3,3,3,3,2,2,2,2,3,4,2.46,0,0,FALSE
Female,Loyal Customer,42,Personal Travel,Eco,390,1,5,1,4,3,4,4,2,2,1,2,5,5,3,0,0,FALSE
Female,Loyal Customer,46,Business Travel,Business,1726,5,5,5,5,3,3,4,4,4,4,4,5,5,4.31,11,0,TRUE
Male,Loyal Customer,52,Personal Travel,Eco,1739,1,4,1,2,1,1,1,1,3,5,5,5,1,2.38,0,0,FALSE
Male,Loyal Customer,45,Business Travel,Business,2619,5,5,5,5,5,4,4,4,4,4,4,4,3,4.31,0,0,TRUE
Female,Loyal Customer,52,Business Travel,Business,2399,4,4,4,4,5,5,4,4,4,4,4,5,4,4.23,0,0,TRUE
Male,Loyal Customer,14,Personal Travel,Eco,937,1,3,1,4,4,1,4,4,3,1,4,2,4,2.77,9,20,FALSE
Male,Loyal Customer,75,Business Travel,Business,2377,3,1,1,1,3,3,4,3,3,3,3,4,3,2.69,1,0,FALSE
Female,Loyal Customer,61,Personal Travel,Eco,860,1,4,1,3,4,5,4,1,1,1,1,4,3,2.54,4,0,FALSE
Male,Loyal Customer,35,Business Travel,Business,2091,3,3,3,3,3,5,5,5,5,5,5,3,3,3.92,0,0,TRUE
Female,Disloyal Customer,29,Business Travel,Eco,862,4,4,4,4,5,4,1,5,4,4,3,2,5,3.77,13,16,FALSE
Female,Loyal Customer,26,Business Travel,Business,109,5,5,3,5,4,4,4,4,4,5,4,4,4,4.23,6,0,TRUE
Male,Loyal Customer,10,Personal Travel,Eco Plus,300,2,3,2,4,5,2,5,5,4,3,2,1,5,3.31,33,32,FALSE
Male,Loyal Customer,21,Personal Travel,Eco,1444,3,1,3,3,3,3,3,3,4,1,2,4,3,2.77,16,9,FALSE
Male,Loyal Customer,40,Business Travel,Business,2457,5,5,5,5,2,4,5,5,5,5,5,4,3,4.46,3,0,TRUE
Male,Loyal Customer,52,Business Travel,Business,967,4,4,4,4,5,4,4,3,3,4,3,5,4,3.92,0,0,TRUE
Male,Disloyal Customer,39,Business Travel,Business,285,2,2,2,4,1,2,1,1,4,3,3,2,1,2.15,11,14,FALSE
Male,Loyal Customer,30,Personal Travel,Eco,227,3,5,3,5,3,3,3,3,4,2,4,3,3,3.38,9,13,FALSE
Male,Loyal Customer,49,Personal Travel,Eco,307,3,5,3,2,3,3,3,3,2,5,3,4,3,3.23,0,9,FALSE
Female,Loyal Customer,41,Business Travel,Business,569,2,2,2,2,2,4,5,4,4,4,4,3,5,3.31,7,0,TRUE
Male,Loyal Customer,47,Business Travel,Business,308,3,3,3,3,3,4,4,4,4,4,4,4,3,3.54,0,0,TRUE
Female,Loyal Customer,18,Business Travel,Business,3286,3,3,2,3,5,5,5,5,4,3,5,3,5,3.92,0,0,TRUE
Female,Loyal Customer,49,Personal Travel,Eco,591,1,4,1,2,4,4,4,4,4,1,4,3,5,3.15,0,0,FALSE
Male,Disloyal Customer,26,Business Travel,Eco,434,3,0,3,1,4,3,4,4,3,5,4,4,4,3.23,0,0,FALSE
Female,Loyal Customer,55,Business Travel,Business,404,2,2,2,2,4,5,4,5,5,5,5,5,4,3.85,9,18,TRUE
Female,Loyal Customer,36,Business Travel,Eco,462,4,4,4,4,4,4,4,4,1,2,4,1,4,3.38,48,44,TRUE
Male,Loyal Customer,60,Business Travel,Business,156,2,2,2,2,1,4,1,5,5,5,3,4,3,3,0,0,TRUE
Male,Loyal Customer,50,Business Travel,Eco,779,2,1,1,1,2,2,2,2,2,5,3,2,2,2.08,73,86,FALSE
Female,Loyal Customer,60,Personal Travel,Eco,930,1,5,1,2,5,4,5,3,3,1,3,4,4,3.15,3,0,FALSE
Female,Loyal Customer,54,Business Travel,Eco Plus,262,2,1,4,1,2,4,4,2,2,2,2,2,4,2.46,0,0,FALSE
Female,Loyal Customer,41,Business Travel,Business,3874,5,5,5,5,1,5,2,4,4,4,4,3,1,3.69,0,0,TRUE
Male,Loyal Customer,54,Business Travel,Business,3086,3,5,3,3,5,3,5,3,3,5,3,5,1,3.62,0,0,TRUE
Female,Loyal Customer,49,Business Travel,Eco,135,1,2,2,2,5,4,3,1,1,1,1,3,3,2.23,0,0,FALSE
Female,Disloyal Customer,39,Business Travel,Business,849,3,3,3,3,3,3,3,3,3,3,3,4,3,3.08,129,122,FALSE
Male,Loyal Customer,63,Personal Travel,Eco,371,4,3,4,4,3,4,3,3,1,4,3,4,3,3.31,0,32,TRUE
Female,Loyal Customer,70,Personal Travel,Eco,2585,2,5,2,5,2,3,5,1,1,2,1,5,5,3,0,0,FALSE
Female,Loyal Customer,67,Business Travel,Business,1009,1,1,1,1,4,5,4,5,5,5,5,3,5,3.46,0,0,TRUE
Male,Loyal Customer,31,Business Travel,Business,1599,4,5,5,5,4,4,4,4,2,3,3,4,4,3.92,169,217,FALSE
Male,Loyal Customer,18,Business Travel,Business,2982,1,1,1,1,4,4,4,4,3,5,5,5,4,3.23,8,9,TRUE
Male,Loyal Customer,25,Business Travel,Eco Plus,1215,4,3,3,3,4,4,3,4,5,2,4,2,4,3.46,2,0,TRUE
Male,Loyal Customer,14,Business Travel,Business,731,3,4,4,4,3,3,3,3,1,2,3,3,3,3,23,8,FALSE
Female,Loyal Customer,60,Personal Travel,Eco,895,4,5,4,4,3,4,5,3,3,4,3,3,3,3.69,42,69,FALSE
Female,Disloyal Customer,23,Business Travel,Eco Plus,370,0,0,0,1,5,0,2,5,2,4,3,4,5,2.38,0,0,TRUE
Male,Loyal Customer,36,Business Travel,Business,194,1,1,1,1,4,3,2,5,5,5,5,4,2,3,0,11,TRUE
Female,Disloyal Customer,23,Business Travel,Eco,271,5,4,5,3,5,5,5,5,4,3,5,3,5,4.38,0,0,TRUE
Male,Loyal Customer,57,Business Travel,Business,3653,3,3,3,3,4,3,3,3,3,2,3,2,1,2.77,0,0,FALSE
Male,Loyal Customer,49,Personal Travel,Eco,152,1,5,1,2,2,1,2,2,5,3,4,4,2,2.62,0,0,FALSE
Female,Loyal Customer,60,Business Travel,Business,3639,3,2,2,2,5,1,1,3,3,3,3,1,4,2.54,0,0,FALSE
Female,Loyal Customer,41,Business Travel,Business,882,1,0,0,2,2,3,3,5,5,0,5,4,4,2.62,9,8,FALSE
Female,Disloyal Customer,23,Business Travel,Eco,190,5,3,5,2,3,5,3,3,3,2,3,4,3,3.38,0,0,TRUE
Male,Loyal Customer,68,Personal Travel,Eco,1235,0,5,0,3,2,0,2,2,3,1,5,5,2,2.31,1,0,TRUE
Male,Loyal Customer,37,Business Travel,Business,101,1,1,1,1,1,1,3,4,4,4,4,1,2,2.15,0,0,TRUE
Female,Loyal Customer,31,Business Travel,Business,762,1,1,1,1,3,4,3,3,3,4,4,5,3,2.77,0,0,TRUE
Female,Disloyal Customer,37,Business Travel,Eco,190,2,0,2,2,3,2,5,3,1,3,4,3,3,2.54,0,1,FALSE
Male,Loyal Customer,40,Business Travel,Business,2564,1,1,1,1,2,5,4,4,4,4,4,5,5,3.15,0,0,TRUE
Female,Loyal Customer,45,Personal Travel,Eco,447,2,4,2,4,2,4,4,2,2,2,2,4,5,3,0,0,FALSE
Female,Loyal Customer,42,Personal Travel,Eco,358,4,4,4,4,1,4,3,3,3,4,3,2,3,3.23,14,17,FALSE
Male,Loyal Customer,52,Business Travel,Eco Plus,156,5,2,2,2,5,5,5,5,2,2,2,1,5,3.31,0,0,TRUE
Female,Loyal Customer,56,Business Travel,Business,2234,2,2,2,2,4,5,4,5,5,5,5,4,4,3.77,58,52,TRUE
Male,Loyal Customer,53,Business Travel,Eco,86,5,3,5,3,5,5,5,5,4,3,4,4,5,4.31,0,0,TRUE
Male,Loyal Customer,31,Personal Travel,Business,829,2,4,2,4,3,2,3,3,3,2,5,4,3,3.08,0,0,FALSE
Male,Loyal Customer,14,Personal Travel,Eco,1521,4,4,4,4,3,4,3,3,3,3,5,4,3,3.62,0,2,FALSE
Female,Disloyal Customer,26,Business Travel,Eco,547,4,4,4,2,3,4,3,3,3,3,1,1,3,2.92,0,0,FALSE
Male,Loyal Customer,68,Business Travel,Business,583,3,3,3,3,3,4,5,5,5,5,5,3,4,3.92,1,0,TRUE
Female,Loyal Customer,34,Business Travel,Business,1440,1,1,1,1,3,4,3,1,1,1,1,4,4,2,3,0,FALSE
Male,Loyal Customer,67,Personal Travel,Eco,853,1,1,1,4,1,1,1,1,3,1,3,1,1,1.54,10,18,FALSE
Female,Loyal Customer,28,Business Travel,Business,931,2,2,2,2,3,4,3,3,3,4,5,5,3,3.15,29,33,TRUE
Female,Loyal Customer,66,Business Travel,Business,3758,3,3,3,3,3,3,3,4,4,4,4,5,4,3.54,5,16,TRUE
Male,Loyal Customer,31,Business Travel,Eco,1666,4,3,3,3,4,4,4,4,3,2,4,2,4,3.38,57,39,TRUE
Male,Loyal Customer,58,Personal Travel,Eco,944,3,3,3,4,2,3,2,2,1,1,4,4,2,2.62,0,0,FALSE
Female,Loyal Customer,26,Business Travel,Business,1259,5,5,5,5,5,5,5,5,4,2,5,5,5,4.69,0,0,TRUE
Male,Loyal Customer,35,Business Travel,Business,2762,1,4,4,4,3,2,2,1,1,2,1,1,1,2.08,0,0,FALSE
Female,Loyal Customer,57,Business Travel,Business,2534,5,5,5,5,3,5,4,3,3,3,3,5,4,4.08,0,0,TRUE
Female,Loyal Customer,30,Personal Travel,Eco,795,1,4,0,1,4,0,4,4,5,5,5,4,4,3.15,18,13,FALSE
Female,Loyal Customer,9,Business Travel,Business,3787,2,1,1,1,2,2,2,2,3,1,4,2,2,1.92,0,0,FALSE
Female,Loyal Customer,45,Personal Travel,Eco,135,3,2,3,3,3,3,4,5,5,3,5,3,1,3.31,41,33,FALSE
Female,Loyal Customer,39,Business Travel,Eco,157,2,1,1,1,2,2,2,2,3,2,4,1,2,1.92,0,0,TRUE
Male,Loyal Customer,48,Business Travel,Business,853,3,1,3,3,2,4,4,4,4,4,4,4,3,3.31,16,12,TRUE
Male,Loyal Customer,42,Business Travel,Business,1733,2,2,2,2,4,3,4,4,4,4,4,5,5,3.46,26,21,TRUE
Female,Loyal Customer,38,Business Travel,Business,257,3,3,3,3,3,4,3,3,3,3,3,4,1,3,0,0,FALSE
Male,Disloyal Customer,48,Business Travel,Business,821,3,3,3,3,5,3,5,5,3,2,5,4,5,3.77,2,5,FALSE
Male,Loyal Customer,30,Business Travel,Business,1587,4,4,4,4,3,3,3,3,4,3,4,4,3,3.54,0,0,TRUE
Female,Disloyal Customer,39,Business Travel,Business,1017,2,2,2,4,5,2,5,5,4,3,4,2,5,3.46,0,0,FALSE
Male,Loyal Customer,50,Business Travel,Business,1464,1,1,1,1,5,5,5,4,4,4,4,3,5,3.31,16,17,TRUE
Male,Loyal Customer,57,Business Travel,Business,1725,2,2,2,2,5,4,4,3,2,3,4,4,4,3.15,143,121,TRUE
Male,Loyal Customer,44,Personal Travel,Business,214,1,0,1,5,1,5,5,4,2,5,5,5,5,3.38,83,142,FALSE
Male,Loyal Customer,21,Personal Travel,Eco,393,2,4,2,1,5,2,5,5,4,5,4,5,5,3.77,0,0,FALSE
Male,Loyal Customer,64,Personal Travel,Eco,547,3,0,4,3,1,4,1,1,5,3,3,3,1,2.46,0,0,FALSE
Female,Loyal Customer,61,Business Travel,Business,2378,2,4,4,4,5,3,4,2,2,2,2,1,4,3,0,0,FALSE
Male,Loyal Customer,61,Personal Travel,Eco,489,1,2,1,4,2,1,2,2,2,1,3,3,2,2,0,9,FALSE
Female,Disloyal Customer,26,Business Travel,Business,977,2,2,2,4,3,2,3,3,4,4,5,4,3,3.15,0,0,FALSE
Female,Disloyal Customer,24,Business Travel,Eco,209,5,5,5,1,3,5,3,3,1,3,5,2,3,3.38,12,25,TRUE
Female,Loyal Customer,32,Business Travel,Eco,296,5,5,5,5,5,5,5,5,1,5,3,1,5,4.23,7,0,TRUE
Female,Loyal Customer,36,Personal Travel,Eco,151,1,5,1,1,5,1,5,5,5,4,5,5,5,3.69,0,0,FALSE
Female,Disloyal Customer,20,Business Travel,Eco,948,5,5,5,2,5,5,5,5,2,3,1,2,5,3.85,0,0,TRUE
Female,Loyal Customer,53,Business Travel,Business,3675,4,4,4,4,4,5,5,5,5,5,5,5,5,4.62,0,0,TRUE
Female,Disloyal Customer,37,Business Travel,Eco,528,3,3,4,3,4,4,4,4,3,1,4,1,4,3.23,8,0,FALSE
Male,Loyal Customer,46,Personal Travel,Eco Plus,175,3,5,3,2,5,3,5,5,3,2,5,4,5,3.85,5,0,FALSE
Female,Loyal Customer,54,Business Travel,Business,846,4,4,4,4,3,4,4,5,5,5,5,3,4,4.15,11,0,TRUE
Female,Loyal Customer,62,Personal Travel,Eco,483,3,4,3,3,4,2,3,3,3,3,3,2,1,2.85,0,13,FALSE
Male,Loyal Customer,48,Personal Travel,Eco,1269,4,5,4,3,5,4,4,5,4,3,4,5,5,4.23,0,0,TRUE
Female,Loyal Customer,54,Business Travel,Business,361,3,3,2,3,5,4,4,4,4,4,4,5,4,3.77,0,5,TRUE
Male,Loyal Customer,48,Business Travel,Business,2123,2,4,4,4,1,4,4,2,2,2,2,3,3,2.85,9,0,FALSE
Male,Loyal Customer,17,Personal Travel,Business,544,3,2,4,2,4,1,1,1,1,3,3,1,1,2.08,269,264,FALSE
Female,Loyal Customer,57,Personal Travel,Eco,802,3,4,3,3,4,5,1,1,1,3,1,5,5,3,1,0,FALSE
Male,Loyal Customer,28,Business Travel,Business,1075,2,2,2,2,4,4,4,4,1,2,3,2,4,2.77,0,0,TRUE
Female,Loyal Customer,32,Business Travel,Business,872,2,2,2,2,5,4,5,5,5,5,4,2,5,3.69,0,0,TRUE
Female,Loyal Customer,53,Business Travel,Business,2475,5,5,5,5,2,5,4,4,4,4,4,5,4,4.31,2,0,TRUE
Female,Disloyal Customer,20,Business Travel,Eco,1250,3,3,3,3,5,3,5,5,1,3,3,2,5,3.38,0,0,FALSE
Female,Loyal Customer,38,Business Travel,Eco,376,2,1,1,1,2,2,2,2,3,2,2,2,2,1.85,0,0,TRUE
Male,Loyal Customer,32,Business Travel,Business,1310,5,5,5,5,4,4,4,4,5,2,5,3,4,4.23,0,28,TRUE
Female,Loyal Customer,31,Business Travel,Business,1883,5,5,1,5,3,4,3,3,1,4,1,1,3,3,22,0,TRUE
Male,Loyal Customer,20,Personal Travel,Eco,308,1,1,1,4,4,1,2,4,1,3,3,3,4,2.46,0,0,FALSE
Female,Disloyal Customer,21,Business Travel,Business,266,2,3,2,3,4,2,4,4,4,4,3,2,4,3.15,0,0,FALSE
Female,Loyal Customer,33,Business Travel,Business,436,2,2,2,2,4,4,3,2,2,2,2,3,4,2.62,2,3,FALSE
Male,Loyal Customer,54,Personal Travel,Eco,2475,4,1,4,1,5,4,5,5,4,5,1,2,5,3.54,0,0,TRUE
Female,Disloyal Customer,25,Business Travel,Eco,1242,3,4,4,4,4,4,4,4,4,3,4,2,4,3.69,0,7,FALSE
Male,Loyal Customer,26,Personal Travel,Eco,867,1,4,1,4,3,1,3,3,4,2,3,4,3,2.77,0,4,FALSE
Male,Loyal Customer,51,Business Travel,Business,3656,3,2,3,3,2,5,5,5,5,5,5,4,3,3.85,0,0,TRUE
Male,Loyal Customer,42,Business Travel,Business,2140,1,1,4,1,3,2,3,4,4,4,4,4,5,3.08,6,30,TRUE
Female,Disloyal Customer,29,Business Travel,Eco,750,3,3,3,4,5,3,1,5,2,3,3,2,5,3.23,0,0,FALSE
Female,Loyal Customer,30,Personal Travel,Eco,163,2,5,2,2,3,2,3,3,5,4,4,4,3,3.23,0,0,FALSE
Female,Loyal Customer,39,Personal Travel,Eco,456,3,3,1,2,3,1,3,3,3,2,3,4,3,2.62,29,25,FALSE
Male,Loyal Customer,45,Business Travel,Business,1290,3,3,3,3,5,4,4,5,5,5,5,5,4,4.15,4,0,TRUE
Female,Loyal Customer,44,Personal Travel,Eco,1892,3,5,3,1,1,2,1,2,2,3,5,3,3,2.62,0,0,FALSE
Female,Disloyal Customer,22,Business Travel,Eco,671,3,3,3,4,3,3,4,3,4,2,3,1,3,3,31,15,FALSE
Female,Loyal Customer,52,Business Travel,Eco,861,2,1,2,2,1,3,4,2,2,2,2,4,2,2.23,0,0,FALSE
Male,Loyal Customer,35,Business Travel,Business,315,1,5,5,5,4,3,2,1,1,1,1,3,3,2.69,11,26,FALSE
Female,Loyal Customer,23,Personal Travel,Eco,604,1,4,1,1,4,1,4,4,3,5,2,1,4,2.69,0,1,FALSE
Male,Loyal Customer,57,Business Travel,Business,236,0,0,0,3,5,5,5,4,4,5,5,3,4,3.31,0,0,TRUE
Female,Loyal Customer,67,Personal Travel,Eco,321,4,5,4,3,5,5,2,2,2,4,2,2,4,3.38,0,0,TRUE
Female,Disloyal Customer,18,Business Travel,Eco,261,5,3,5,3,1,5,1,1,5,1,2,2,1,2.69,0,0,TRUE
Female,Loyal Customer,52,Business Travel,Business,1601,2,2,5,2,3,4,4,5,5,5,5,5,5,4,0,0,TRUE
Female,Disloyal Customer,22,Business Travel,Business,997,4,0,3,1,5,3,5,5,5,5,4,5,5,3.85,0,0,TRUE
Female,Disloyal Customer,57,Business Travel,Eco,673,2,2,2,1,3,2,1,3,2,3,5,4,3,2.54,0,0,FALSE
Male,Loyal Customer,36,Business Travel,Business,2811,1,1,1,1,1,1,5,4,4,4,5,2,1,2.38,0,12,TRUE
Female,Loyal Customer,39,Business Travel,Eco,541,4,4,4,4,4,4,4,4,5,2,3,5,4,3.92,0,19,TRUE
Female,Loyal Customer,21,Personal Travel,Eco,834,1,4,1,5,5,1,5,5,3,5,4,4,5,3.69,0,0,FALSE
Female,Disloyal Customer,22,Business Travel,Business,925,5,0,5,1,2,5,2,2,4,4,5,5,2,3.23,59,61,TRUE
Female,Loyal Customer,23,Personal Travel,Eco,946,3,3,3,4,3,3,3,3,4,1,3,1,3,2.85,0,0,FALSE
Male,Loyal Customer,22,Business Travel,Business,3610,1,5,5,5,1,1,1,1,2,2,3,4,1,2.46,0,0,FALSE
Female,Loyal Customer,24,Personal Travel,Eco,369,2,3,2,3,2,2,1,2,2,2,2,3,2,2.15,2,0,FALSE
Male,Loyal Customer,65,Personal Travel,Eco,814,3,2,3,3,3,3,2,3,2,3,1,4,3,2.69,1,0,FALSE
Male,Disloyal Customer,28,Business Travel,Business,1085,4,4,4,5,3,4,3,3,4,5,4,5,3,3.92,0,0,TRUE
Female,Loyal Customer,8,Personal Travel,Eco,239,1,4,1,3,5,1,5,5,5,5,4,4,5,3.69,1,0,FALSE
Male,Loyal Customer,22,Personal Travel,Eco,2342,5,3,5,4,1,5,1,1,4,1,1,5,1,2.85,0,0,TRUE
Female,Loyal Customer,17,Business Travel,Eco Plus,950,4,4,3,4,4,4,4,4,4,5,3,4,4,3.92,0,0,TRUE
Male,Loyal Customer,29,Business Travel,Business,3823,3,3,3,3,5,5,5,5,3,4,5,4,5,4.08,30,5,TRUE
Female,Loyal Customer,19,Business Travel,Eco,590,3,5,5,5,3,3,3,3,1,5,3,3,3,3.46,0,0,FALSE
Female,Loyal Customer,48,Business Travel,Business,2513,2,2,2,2,2,5,5,5,5,5,5,5,5,3.85,0,4,TRUE
Female,Loyal Customer,26,Personal Travel,Eco,819,1,5,1,3,3,1,3,3,3,4,3,3,3,2.77,28,26,FALSE
Male,Loyal Customer,43,Business Travel,Business,345,5,2,5,5,2,5,5,5,5,5,5,3,5,4.38,0,0,TRUE
Male,Loyal Customer,54,Personal Travel,Eco,645,3,2,3,4,3,3,3,3,2,5,3,2,3,3,3,4,FALSE
Female,Loyal Customer,39,Business Travel,Business,562,5,5,5,5,4,5,5,5,5,5,5,5,5,4.92,3,0,TRUE
Male,Loyal Customer,49,Business Travel,Business,2527,3,3,3,3,4,4,5,5,5,5,5,3,5,4.08,0,0,TRUE
Male,Loyal Customer,69,Business Travel,Eco,257,3,2,2,2,3,3,3,3,2,3,1,5,3,2.69,0,0,TRUE
Female,Loyal Customer,44,Business Travel,Business,528,1,1,3,1,5,4,1,5,5,5,5,1,5,3.23,40,37,TRUE
Male,Loyal Customer,40,Business Travel,Business,985,4,4,4,4,5,5,5,4,4,4,4,4,3,4.15,5,0,TRUE
Male,Loyal Customer,13,Personal Travel,Eco,581,2,1,2,2,3,2,3,3,4,4,3,4,3,2.77,0,10,FALSE
Female,Disloyal Customer,20,Business Travel,Business,399,0,5,0,1,4,0,4,4,4,4,4,5,4,3,0,0,TRUE
Male,Loyal Customer,60,Business Travel,Business,3558,1,1,1,1,2,4,4,5,5,5,5,3,3,3.08,0,0,TRUE
Male,Loyal Customer,34,Personal Travel,Eco,872,0,3,0,3,1,0,1,1,1,3,3,1,1,1.38,0,0,TRUE
Male,Loyal Customer,41,Business Travel,Business,2028,3,3,3,3,4,4,4,5,5,5,5,3,4,3.92,0,0,TRUE
Female,Loyal Customer,46,Business Travel,Business,1884,5,5,5,5,3,5,4,4,4,4,4,5,5,4.46,48,41,TRUE
Female,Loyal Customer,54,Personal Travel,Eco,2475,2,4,1,3,1,2,4,4,3,3,3,4,4,2.92,19,9,FALSE
Male,Loyal Customer,28,Personal Travel,Eco,1504,2,5,2,2,3,2,4,3,4,4,3,5,3,3.23,0,0,FALSE
Female,Loyal Customer,65,Personal Travel,Eco Plus,452,3,4,3,2,5,5,4,5,5,3,5,3,4,3.92,30,22,FALSE
Male,Loyal Customer,49,Business Travel,Business,2475,0,0,0,4,2,4,4,5,5,1,1,3,5,2.62,55,57,TRUE
Male,Loyal Customer,66,Personal Travel,Business,190,4,5,4,4,5,5,5,5,5,4,5,4,4,4.54,59,58,FALSE
Female,Loyal Customer,49,Business Travel,Business,1024,3,3,3,3,1,5,4,5,5,5,5,4,3,3.77,12,4,TRUE
Male,Loyal Customer,61,Personal Travel,Eco,872,1,2,1,3,3,1,3,3,2,2,4,3,3,2.38,46,42,FALSE
Male,Loyal Customer,38,Business Travel,Business,2379,1,1,2,2,5,4,4,1,1,1,1,4,3,2.31,0,17,FALSE
Male,Loyal Customer,35,Business Travel,Business,1729,2,2,2,2,1,2,3,2,2,2,2,4,4,2.31,0,0,FALSE
Male,Loyal Customer,11,Personal Travel,Eco,277,3,2,3,4,2,3,5,2,1,5,3,2,2,2.85,1,7,FALSE
Female,Loyal Customer,43,Business Travel,Eco,372,2,3,3,3,3,3,3,2,2,2,2,2,3,2.54,0,0,FALSE
Female,Loyal Customer,40,Business Travel,Business,370,4,4,4,4,2,5,4,5,5,4,5,3,4,4.08,1,0,TRUE
Female,Loyal Customer,10,Personal Travel,Eco Plus,501,2,2,2,3,3,2,3,3,2,2,4,2,3,2.54,45,42,FALSE
Female,Loyal Customer,44,Business Travel,Business,483,1,4,1,1,2,4,4,4,4,4,4,5,5,3.31,11,0,TRUE
Female,Disloyal Customer,23,Business Travel,Eco,550,2,5,2,2,4,2,4,4,4,2,4,5,4,3.38,0,3,FALSE
Male,Disloyal Customer,19,Business Travel,Eco,405,2,2,3,3,5,3,5,5,2,5,3,4,5,3.62,0,0,FALSE
Male,Loyal Customer,17,Business Travel,Business,1565,1,5,5,5,1,1,1,1,3,3,4,2,1,2.54,7,19,FALSE
Female,Loyal Customer,25,Business Travel,Business,1771,1,1,1,1,4,4,4,4,4,5,4,4,4,3.15,25,0,TRUE
Female,Disloyal Customer,27,Business Travel,Business,1471,4,4,4,3,4,4,4,4,5,2,4,3,4,3.77,24,6,TRUE
Male,Loyal Customer,35,Business Travel,Business,2176,2,4,4,4,4,4,3,2,2,2,2,1,2,2.77,0,0,FALSE
Male,Loyal Customer,38,Personal Travel,Eco,1235,1,2,1,1,2,1,2,2,4,1,1,4,2,1.85,18,22,FALSE
Male,Loyal Customer,39,Business Travel,Business,2356,3,5,4,5,4,4,3,3,3,3,3,2,1,3.31,5,0,FALSE
Male,Loyal Customer,45,Personal Travel,Eco Plus,409,1,3,1,3,2,1,2,2,3,4,2,2,2,2.15,73,48,FALSE
Male,Disloyal Customer,24,Business Travel,Business,1009,5,0,5,2,5,5,5,5,3,5,4,4,5,4.08,40,24,TRUE
Male,Loyal Customer,47,Business Travel,Eco,788,4,5,5,5,4,4,4,4,5,1,3,2,4,3.85,0,0,TRUE
Male,Loyal Customer,12,Business Travel,Business,1563,1,1,1,1,5,5,5,5,4,3,5,5,5,3.54,5,2,TRUE
Female,Disloyal Customer,21,Business Travel,Eco Plus,862,3,1,3,4,5,3,5,5,2,2,3,2,5,3.31,10,2,FALSE
Male,Disloyal Customer,26,Business Travel,Eco,1269,2,2,2,4,4,2,4,4,2,2,4,4,4,3.08,0,14,FALSE
Male,Loyal Customer,47,Business Travel,Eco,425,4,5,5,5,4,4,4,4,5,1,3,4,4,4,0,0,TRUE
Male,Loyal Customer,46,Business Travel,Business,2413,4,4,5,4,4,4,4,5,5,5,5,4,4,4.38,78,73,TRUE
Male,Loyal Customer,28,Business Travel,Eco Plus,984,3,5,5,5,5,5,5,5,3,2,2,5,5,4.23,12,0,TRUE
Male,Loyal Customer,44,Business Travel,Business,2081,0,4,0,1,2,4,5,4,4,4,3,5,5,3.15,0,0,TRUE
Female,Loyal Customer,48,Business Travel,Business,895,1,1,5,1,4,4,4,4,4,4,4,5,4,3.46,4,12,TRUE
Male,Loyal Customer,55,Business Travel,Business,2390,5,5,5,5,3,4,4,5,5,5,5,4,5,4.62,0,0,TRUE
Male,Loyal Customer,33,Business Travel,Eco,67,4,5,5,5,4,5,4,4,3,3,1,4,4,3.92,0,0,TRUE
Female,Loyal Customer,42,Business Travel,Business,283,5,5,5,5,4,4,4,4,4,4,4,4,5,4.38,19,10,TRUE
Male,Loyal Customer,33,Business Travel,Business,395,2,2,2,2,2,1,2,2,4,3,3,1,2,2.15,29,48,FALSE
Female,Disloyal Customer,23,Business Travel,Business,1482,5,0,5,3,4,5,3,4,4,1,4,5,4,3.62,0,0,TRUE
Male,Loyal Customer,77,Business Travel,Eco Plus,1448,2,5,5,5,2,2,2,2,3,2,4,3,2,3,0,0,FALSE
Male,Disloyal Customer,23,Business Travel,Eco,1021,2,2,2,5,3,2,1,3,4,2,4,3,3,2.77,0,11,FALSE
Female,Loyal Customer,57,Business Travel,Business,802,5,4,4,4,1,2,3,5,5,4,5,4,4,3.85,0,0,FALSE
Male,Loyal Customer,75,Business Travel,Eco,922,5,2,4,4,5,5,5,2,3,4,3,5,5,4,0,0,TRUE
Female,Loyal Customer,67,Business Travel,Business,1761,5,5,5,5,3,5,5,5,5,5,5,4,5,4.77,0,11,TRUE
Female,Loyal Customer,48,Business Travel,Business,2129,5,5,5,5,3,4,4,4,4,4,4,3,4,4.15,0,0,TRUE
Female,Loyal Customer,57,Business Travel,Business,2319,2,2,2,2,3,5,4,5,5,4,5,3,3,3.46,0,0,TRUE
Male,Loyal Customer,38,Business Travel,Business,2775,3,2,2,2,3,2,1,3,3,3,3,3,2,2.46,10,12,FALSE
Female,Loyal Customer,30,Business Travel,Business,821,4,4,4,4,5,5,5,5,4,2,4,4,5,4.23,0,0,TRUE
Male,Loyal Customer,61,Personal Travel,Eco,888,3,5,3,1,5,3,5,5,4,3,5,5,5,4,0,0,FALSE
Male,Loyal Customer,42,Business Travel,Business,280,5,5,5,5,5,5,5,5,5,5,5,3,3,4.69,0,0,TRUE
Male,Loyal Customer,18,Personal Travel,Eco,216,5,0,5,4,3,5,2,3,5,2,4,1,3,3.23,0,0,TRUE
Male,Loyal Customer,44,Business Travel,Business,3867,2,2,3,2,2,4,4,5,5,4,5,5,5,3.69,105,105,TRUE
Female,Loyal Customer,11,Personal Travel,Eco,356,2,5,2,3,2,2,2,2,4,4,5,3,2,2.92,7,2,FALSE
Female,Loyal Customer,21,Personal Travel,Eco Plus,907,2,5,2,3,4,2,4,4,3,5,4,5,4,3.62,32,37,FALSE
Male,Loyal Customer,30,Business Travel,Business,704,4,4,2,4,4,4,4,4,3,5,4,4,4,3.85,0,0,TRUE
Male,Loyal Customer,34,Personal Travel,Eco Plus,883,1,4,1,4,1,1,1,1,2,2,3,3,1,1.92,0,0,FALSE
Female,Loyal Customer,44,Personal Travel,Eco,500,2,1,2,4,3,4,4,4,4,2,4,4,1,3,0,0,FALSE
Male,Loyal Customer,61,Business Travel,Business,337,5,5,5,5,3,4,4,4,4,4,4,4,4,4.23,31,33,TRUE
Female,Loyal Customer,44,Business Travel,Business,2350,5,5,5,5,4,4,4,5,5,5,5,5,4,4.69,0,0,TRUE
Male,Disloyal Customer,28,Business Travel,Eco,516,4,5,3,3,2,3,2,2,5,1,2,1,2,2.69,5,0,FALSE
Female,Loyal Customer,40,Business Travel,Business,587,1,1,1,1,5,5,5,4,4,4,4,4,5,3.38,13,7,TRUE
Male,Disloyal Customer,36,Business Travel,Business,588,2,2,2,3,3,2,3,3,5,3,5,5,3,3.15,0,0,FALSE
Male,Loyal Customer,30,Business Travel,Eco,141,5,2,2,2,5,5,5,5,5,2,1,2,5,3.54,71,67,TRUE
Female,Loyal Customer,62,Business Travel,Eco,101,5,3,5,5,5,5,2,5,5,5,5,2,3,4.23,0,0,TRUE
Female,Loyal Customer,43,Business Travel,Business,2441,2,2,2,2,4,4,4,4,4,4,4,4,4,3.38,0,0,TRUE
Male,Loyal Customer,29,Personal Travel,Eco,950,3,1,3,3,1,3,1,1,3,1,3,4,1,2.15,0,0,FALSE
Female,Loyal Customer,35,Personal Travel,Eco,1050,5,4,5,1,5,5,5,5,5,2,5,4,5,4.31,1,0,TRUE
Male,Loyal Customer,45,Business Travel,Business,707,1,1,1,1,5,5,5,4,4,4,4,4,4,3.31,0,0,TRUE
Male,Loyal Customer,43,Personal Travel,Eco,764,3,5,4,2,1,4,1,1,4,2,5,3,1,2.77,10,37,FALSE
Female,Loyal Customer,44,Business Travel,Eco,1723,3,3,3,3,3,1,3,3,3,3,3,3,2,2.77,6,4,FALSE
Male,Loyal Customer,36,Personal Travel,Eco,539,4,4,4,2,5,4,5,5,3,4,4,4,5,4.08,0,0,FALSE
Male,Loyal Customer,23,Personal Travel,Eco,187,2,5,2,3,3,2,3,3,4,2,5,4,3,3.15,0,0,FALSE
Female,Loyal Customer,11,Personal Travel,Eco Plus,214,1,3,1,4,4,1,4,4,2,4,3,3,4,2.92,6,0,FALSE
Male,Disloyal Customer,62,Business Travel,Business,184,4,4,4,3,4,5,5,4,5,4,4,5,5,4.31,125,134,TRUE
Female,Loyal Customer,57,Business Travel,Eco,89,3,2,2,2,1,4,4,3,3,3,3,3,3,2.77,110,99,FALSE
Female,Loyal Customer,36,Business Travel,Eco,1096,2,5,5,5,2,2,2,2,3,2,2,2,2,2.77,0,29,FALSE
Male,Loyal Customer,47,Business Travel,Business,439,4,4,5,4,5,5,5,4,4,4,4,4,4,4.31,10,6,TRUE
Male,Disloyal Customer,48,Business Travel,Eco,813,2,2,2,4,4,2,4,4,1,1,3,1,4,2.62,0,25,FALSE
Female,Loyal Customer,61,Business Travel,Eco Plus,391,2,2,2,2,3,3,3,2,2,2,2,1,1,2.08,0,2,FALSE
Female,Loyal Customer,29,Business Travel,Business,1428,5,5,5,5,5,5,5,5,2,3,4,2,5,4.31,0,0,TRUE
Male,Loyal Customer,52,Business Travel,Business,2814,2,2,2,2,4,5,4,4,4,4,4,4,3,3.38,0,0,TRUE
Male,Disloyal Customer,41,Business Travel,Business,363,3,3,3,3,4,3,4,4,4,2,5,4,4,3.54,4,0,FALSE
Male,Loyal Customer,59,Business Travel,Business,2641,0,0,0,2,3,5,4,4,4,4,4,3,3,2.77,0,0,TRUE
Male,Loyal Customer,43,Business Travel,Business,1235,5,5,5,5,5,4,5,5,5,5,5,4,5,4.85,23,0,TRUE
Male,Loyal Customer,50,Personal Travel,Eco,558,4,4,4,4,4,4,5,4,4,4,4,2,4,3.92,0,0,FALSE
Male,Loyal Customer,12,Business Travel,Business,2065,3,3,3,3,3,3,3,3,2,5,4,3,3,3.15,22,0,FALSE
Male,Loyal Customer,9,Personal Travel,Eco,1521,4,5,4,4,1,4,1,1,5,5,4,3,1,3.23,5,0,FALSE
Male,Loyal Customer,32,Personal Travel,Eco,163,3,4,3,4,3,3,2,3,5,3,5,4,3,3.46,7,5,FALSE
Male,Loyal Customer,51,Business Travel,Eco,1020,1,1,1,1,1,1,1,1,3,3,2,1,1,1.38,14,0,FALSE
Male,Loyal Customer,34,Business Travel,Eco,374,5,2,2,2,5,5,5,5,4,4,1,2,5,3.62,1,0,TRUE
Female,Loyal Customer,51,Personal Travel,Eco,977,2,5,2,3,5,4,5,1,1,2,1,5,4,3.08,15,19,FALSE
Male,Loyal Customer,37,Business Travel,Business,404,2,2,2,2,5,5,5,4,4,4,4,3,5,3.62,0,5,TRUE
Female,Loyal Customer,56,Business Travel,Eco Plus,1334,5,1,1,1,4,1,2,5,5,5,5,4,3,3.23,11,21,TRUE
Female,Loyal Customer,77,Business Travel,Eco Plus,2586,3,2,2,2,4,2,3,3,3,3,3,2,1,2.54,21,0,FALSE
Female,Loyal Customer,51,Personal Travel,Business,282,4,2,4,3,3,2,3,3,3,4,5,2,4,3.23,25,23,FALSE
Female,Loyal Customer,28,Personal Travel,Eco,502,5,4,5,4,1,5,2,1,5,5,4,3,1,3.46,0,0,TRUE
Male,Loyal Customer,55,Business Travel,Business,925,2,2,2,2,4,4,4,5,5,5,5,5,3,3.69,19,2,TRUE
Female,Loyal Customer,52,Business Travel,Eco,548,4,4,4,4,3,1,5,4,4,4,4,5,2,3.69,0,0,TRUE
Female,Loyal Customer,56,Business Travel,Business,308,2,2,2,2,2,5,5,4,4,4,4,5,5,3.54,12,10,TRUE
Male,Loyal Customer,47,Business Travel,Eco Plus,200,2,5,5,5,2,2,2,2,3,1,4,3,2,2.92,0,0,TRUE
Female,Loyal Customer,25,Business Travel,Business,2734,5,5,4,5,5,4,5,5,4,2,5,4,5,4.46,0,0,TRUE
Female,Loyal Customer,50,Business Travel,Eco,833,2,3,5,3,3,3,4,2,2,2,2,1,1,2.54,0,0,FALSE
Female,Disloyal Customer,24,Business Travel,Eco,554,3,5,3,2,3,3,3,3,5,3,3,5,3,3.38,0,0,FALSE
Male,Loyal Customer,8,Personal Travel,Eco,236,2,4,0,1,2,0,2,2,5,3,5,4,2,2.46,4,0,FALSE
Female,Loyal Customer,30,Personal Travel,Eco,361,3,4,3,2,1,3,1,1,3,3,4,3,1,2.46,0,0,FALSE
Female,Loyal Customer,35,Business Travel,Eco Plus,259,2,1,1,1,2,2,2,2,4,3,3,3,2,2.15,19,27,FALSE
Male,Loyal Customer,53,Personal Travel,Eco Plus,368,2,4,2,4,1,2,1,1,1,1,4,1,1,1.92,0,0,FALSE
Male,Loyal Customer,56,Business Travel,Business,3302,1,1,5,1,3,2,2,3,5,4,5,2,2,2.77,0,0,TRUE
Male,Loyal Customer,44,Business Travel,Business,2891,5,5,5,5,2,4,4,5,5,5,5,4,5,4.54,9,0,TRUE
Male,Loyal Customer,46,Business Travel,Business,1183,1,1,1,1,2,5,5,5,5,5,5,4,4,3.38,27,30,TRUE
Male,Loyal Customer,48,Business Travel,Business,1306,3,3,3,3,3,5,5,4,4,4,4,3,4,3.69,6,0,TRUE
Female,Loyal Customer,60,Business Travel,Business,867,3,3,3,3,2,3,5,5,5,5,5,5,5,4,0,0,TRUE
Male,Loyal Customer,26,Personal Travel,Eco,419,4,4,4,1,4,4,4,4,4,1,4,4,4,3.54,0,0,TRUE
Male,Loyal Customer,22,Personal Travel,Eco,1197,4,5,4,5,2,4,2,2,4,2,4,4,2,3.38,0,0,FALSE
Male,Disloyal Customer,29,Business Travel,Business,1300,4,4,4,3,1,4,5,1,4,5,5,3,1,3.38,0,0,TRUE
Female,Loyal Customer,39,Business Travel,Business,2233,4,2,2,2,3,4,3,2,2,4,3,3,3,2.85,264,258,FALSE
Male,Loyal Customer,23,Business Travel,Eco,802,5,4,4,4,5,5,4,5,2,3,3,5,5,4.15,0,0,TRUE
Male,Loyal Customer,29,Personal Travel,Eco,446,4,5,4,2,5,4,5,5,3,2,5,4,5,4.08,0,0,TRUE
Male,Disloyal Customer,38,Business Travel,Business,1747,3,4,4,4,2,4,2,2,3,4,5,4,2,3.31,8,0,FALSE
Male,Loyal Customer,33,Personal Travel,Eco Plus,1618,2,5,3,2,3,3,3,3,1,1,4,4,3,2.85,3,0,FALSE
Male,Loyal Customer,18,Business Travel,Eco Plus,1487,4,5,4,5,4,5,4,4,2,1,3,2,4,3.62,0,0,TRUE
Male,Loyal Customer,55,Personal Travel,Eco,89,1,3,1,3,5,1,5,5,5,3,4,3,5,3.38,0,0,FALSE
Male,Loyal Customer,47,Personal Travel,Business,214,4,1,4,3,2,3,4,4,4,4,5,2,1,3.15,17,65,TRUE
Female,Loyal Customer,44,Business Travel,Business,808,2,2,2,2,5,4,5,4,4,4,4,3,3,3.38,0,0,TRUE
Male,Loyal Customer,42,Business Travel,Business,528,5,5,4,5,3,4,5,5,5,5,5,3,5,4.54,0,0,TRUE
Female,Loyal Customer,15,Personal Travel,Eco,936,2,3,2,1,3,2,3,3,4,3,3,3,3,2.69,0,0,FALSE
Female,Loyal Customer,22,Personal Travel,Business,590,4,5,4,3,3,4,3,3,2,3,5,1,3,3.31,0,11,TRUE
Female,Disloyal Customer,38,Business Travel,Eco,220,3,1,3,4,4,3,4,4,1,5,3,3,4,3.23,15,7,FALSE
Male,Loyal Customer,43,Personal Travel,Eco,541,5,5,5,1,3,5,3,3,3,5,4,3,3,3.69,0,0,TRUE
Male,Loyal Customer,9,Personal Travel,Eco Plus,776,2,4,2,2,2,1,4,4,3,4,5,4,4,3.15,191,188,FALSE
Male,Loyal Customer,42,Personal Travel,Eco,224,3,5,3,2,3,3,3,3,5,4,4,4,3,3.46,0,1,FALSE
Female,Loyal Customer,49,Personal Travel,Eco,989,3,5,3,1,2,5,5,4,4,3,4,3,3,3.46,0,0,FALSE
Male,Loyal Customer,43,Business Travel,Business,255,1,1,1,1,3,4,4,5,5,5,5,5,5,3.46,62,38,TRUE
Male,Loyal Customer,58,Business Travel,Business,447,2,2,2,2,4,5,5,5,5,5,5,3,4,3.77,0,0,TRUE
Male,Loyal Customer,42,Business Travel,Business,2053,4,4,4,4,1,5,3,5,5,5,5,5,2,4,52,52,TRUE
Male,Disloyal Customer,43,Business Travel,Eco,95,1,0,1,1,2,1,2,2,1,3,2,2,2,1.54,0,0,FALSE
Male,Loyal Customer,50,Business Travel,Business,2452,1,1,1,1,5,5,4,5,5,5,5,5,3,3.54,9,17,TRUE
Male,Loyal Customer,39,Business Travel,Business,3313,2,5,5,5,3,3,3,3,3,2,2,2,4,3.23,0,0,FALSE
Female,Loyal Customer,34,Business Travel,Business,3078,4,4,4,4,2,4,5,5,5,5,5,3,3,4.08,0,0,TRUE
Female,Loyal Customer,43,Business Travel,Business,3761,2,4,4,4,5,4,3,2,2,2,2,3,1,2.92,0,3,FALSE
Female,Loyal Customer,7,Personal Travel,Eco,77,4,5,4,1,2,4,2,2,5,2,4,3,2,3.08,0,0,FALSE
Female,Loyal Customer,35,Business Travel,Business,386,5,5,5,5,4,4,4,5,5,5,5,4,3,4.54,0,0,TRUE
Male,Loyal Customer,13,Personal Travel,Eco,541,5,5,5,2,3,5,3,3,5,4,5,5,3,4.08,0,0,TRUE
Female,Loyal Customer,13,Personal Travel,Eco,238,1,5,1,3,2,1,2,2,5,3,4,4,2,2.69,0,0,FALSE
Male,Loyal Customer,53,Business Travel,Business,1567,3,4,3,3,5,4,5,5,5,5,5,5,5,4.38,0,0,TRUE
Male,Loyal Customer,13,Personal Travel,Eco,2586,1,2,1,3,2,1,2,2,4,1,4,3,2,2.15,0,0,FALSE
Female,Loyal Customer,39,Personal Travel,Eco,1035,4,4,4,3,2,4,2,2,5,4,4,4,2,3.38,0,0,FALSE
Male,Disloyal Customer,22,Business Travel,Eco,369,3,5,2,3,3,2,3,3,3,3,4,5,3,3.23,0,0,FALSE
Female,Loyal Customer,35,Personal Travel,Eco,431,1,2,1,4,3,1,1,3,2,1,3,2,3,2.08,0,0,FALSE
Female,Disloyal Customer,39,Business Travel,Business,480,2,2,2,2,1,2,3,1,2,2,3,2,1,1.92,0,0,FALSE
Male,Loyal Customer,34,Business Travel,Business,2692,3,3,2,3,4,4,5,5,5,5,5,3,3,3.85,12,0,TRUE
Male,Loyal Customer,34,Business Travel,Business,1991,2,2,2,2,2,5,4,5,5,5,4,5,5,3.69,0,0,TRUE
Male,Loyal Customer,59,Personal Travel,Eco,417,3,2,3,2,2,3,2,2,4,1,3,3,2,2.46,0,0,FALSE
Male,Loyal Customer,49,Business Travel,Business,229,5,5,5,5,5,4,4,4,4,4,4,3,4,4.31,0,1,TRUE
Female,Loyal Customer,18,Personal Travel,Eco Plus,1597,4,1,3,2,3,3,3,3,3,1,2,2,3,2.54,0,0,TRUE
Female,Loyal Customer,30,Business Travel,Eco,236,5,2,3,3,5,5,5,5,3,5,1,4,5,3.92,17,13,TRUE
Male,Loyal Customer,19,Personal Travel,Eco,551,2,3,2,1,4,2,4,4,5,2,1,5,4,3,0,0,FALSE
Male,Disloyal Customer,29,Business Travel,Eco,725,2,2,2,1,2,2,2,2,3,3,1,3,2,2.08,0,14,FALSE
Male,Loyal Customer,57,Business Travel,Business,1821,3,5,5,5,2,3,3,3,3,3,3,1,4,3.31,0,5,FALSE
Female,Loyal Customer,40,Personal Travel,Eco,641,1,5,1,3,1,1,1,1,3,2,5,3,1,2.15,3,0,FALSE
Male,Loyal Customer,37,Business Travel,Business,1703,4,4,4,4,3,3,5,4,4,5,4,3,3,3.85,0,0,TRUE
Female,Loyal Customer,41,Business Travel,Business,3210,3,2,4,2,1,4,3,3,3,3,3,1,4,2.77,0,0,FALSE
Female,Loyal Customer,59,Business Travel,Business,1732,1,1,1,1,5,4,4,4,4,4,4,5,3,3.15,0,0,TRUE
Female,Loyal Customer,53,Business Travel,Business,258,1,4,4,4,4,3,3,1,1,1,1,1,3,2.38,60,56,FALSE
Male,Loyal Customer,41,Business Travel,Business,3292,5,5,5,5,3,4,4,4,4,4,4,4,3,4.15,0,0,TRUE
Female,Loyal Customer,56,Business Travel,Eco,337,2,3,1,1,5,3,4,1,1,2,1,2,1,2.08,0,0,FALSE
Male,Disloyal Customer,29,Business Travel,Business,1514,0,0,0,3,5,0,5,5,4,3,4,4,5,2.92,1,26,TRUE
Female,Loyal Customer,49,Business Travel,Business,1404,4,4,4,4,5,4,4,5,5,5,5,4,4,4.38,2,0,TRUE
Female,Loyal Customer,29,Personal Travel,Eco,1053,5,4,5,2,2,4,2,2,4,2,5,4,2,3.31,1,0,TRUE
Female,Loyal Customer,51,Personal Travel,Eco,116,1,4,1,4,1,3,4,3,3,1,1,4,4,2.62,6,0,FALSE
Male,Loyal Customer,50,Business Travel,Business,606,4,4,4,4,5,5,5,5,5,5,5,3,5,4.54,15,13,TRUE
Female,Loyal Customer,38,Business Travel,Business,3808,5,5,5,5,4,4,5,5,5,5,5,3,5,4.69,0,26,TRUE
Female,Loyal Customer,49,Personal Travel,Eco,594,2,3,2,2,1,3,3,4,4,2,4,3,1,2.62,13,16,FALSE
Female,Loyal Customer,18,Business Travel,Eco,1368,5,3,3,3,5,5,3,5,4,3,1,4,5,3.77,0,0,TRUE
Male,Loyal Customer,28,Business Travel,Business,628,2,3,3,3,2,2,2,2,2,2,4,1,2,2.31,48,31,FALSE
Female,Loyal Customer,44,Business Travel,Business,199,3,4,4,4,4,4,4,2,2,2,3,1,1,2.92,25,17,FALSE
Male,Disloyal Customer,20,Business Travel,Eco,134,0,4,0,1,3,0,3,3,3,3,2,1,3,2,0,2,TRUE
Female,Loyal Customer,40,Business Travel,Business,2846,5,5,5,5,4,4,4,5,4,5,4,4,4,4.46,0,0,TRUE
Female,Loyal Customer,38,Business Travel,Business,1440,1,1,1,1,5,5,5,5,5,5,5,5,5,3.77,1,0,TRUE
Male,Loyal Customer,46,Business Travel,Business,2078,5,5,5,5,4,4,4,3,4,5,4,4,4,4.31,167,159,TRUE
Male,Loyal Customer,40,Business Travel,Business,1559,0,4,0,3,4,5,4,5,5,5,5,5,4,3.77,16,38,TRUE
Male,Loyal Customer,29,Personal Travel,Eco,1105,1,5,1,4,2,1,2,2,5,5,5,3,2,2.92,29,16,FALSE
Female,Loyal Customer,30,Business Travel,Eco Plus,352,0,0,0,1,5,0,4,5,4,5,2,3,5,2.62,0,0,TRUE
Male,Loyal Customer,54,Business Travel,Business,2266,5,5,5,5,5,5,4,5,5,5,5,5,3,4.77,0,0,TRUE
Male,Disloyal Customer,26,Business Travel,Eco,725,1,1,1,3,1,1,1,1,5,1,5,2,1,1.85,72,68,FALSE
Male,Loyal Customer,44,Business Travel,Business,1532,1,1,1,1,4,5,5,5,5,5,5,3,3,3.38,0,0,TRUE
Male,Loyal Customer,24,Business Travel,Eco,436,2,5,5,5,2,2,3,2,2,5,3,2,2,3.08,0,0,FALSE
Female,Loyal Customer,34,Business Travel,Business,2433,4,4,4,4,1,1,5,4,4,4,4,5,3,3.62,0,0,TRUE
Female,Loyal Customer,36,Business Travel,Business,101,3,3,4,3,5,1,5,4,4,4,4,4,3,3.62,0,0,TRUE
Female,Disloyal Customer,29,Business Travel,Business,2419,2,2,2,1,3,2,3,3,4,4,3,3,3,2.69,27,48,FALSE
Male,Disloyal Customer,15,Business Travel,Eco,1616,4,4,4,4,3,4,3,3,1,4,3,1,3,3.15,16,0,TRUE
Male,Disloyal Customer,25,Business Travel,Business,930,5,0,5,2,1,5,1,1,5,5,4,5,1,3.08,14,0,TRUE
Female,Loyal Customer,51,Personal Travel,Eco Plus,328,3,2,3,3,5,4,3,4,4,3,4,4,2,3.38,10,11,FALSE
Male,Loyal Customer,23,Business Travel,Business,541,3,3,3,3,4,4,4,4,5,5,1,4,4,3.62,0,0,TRUE
Female,Loyal Customer,66,Personal Travel,Eco,1372,4,5,5,1,4,3,4,5,5,5,5,3,4,4.08,0,0,FALSE
Male,Loyal Customer,11,Personal Travel,Eco,1598,2,5,2,4,1,2,1,1,4,2,5,3,1,2.54,0,0,FALSE
Female,Loyal Customer,38,Business Travel,Business,1931,5,2,5,5,4,5,4,5,5,5,5,4,4,4.46,0,0,TRUE
Female,Loyal Customer,57,Business Travel,Business,446,1,1,1,1,3,5,4,5,5,5,5,4,5,3.46,17,9,TRUE
Male,Loyal Customer,43,Business Travel,Business,309,3,3,3,3,5,3,3,3,3,3,3,3,3,3.15,0,6,FALSE
Female,Loyal Customer,26,Personal Travel,Eco,674,4,5,4,2,4,4,5,4,5,3,4,4,4,4,0,0,TRUE
Male,Loyal Customer,48,Personal Travel,Eco Plus,787,5,5,5,2,1,5,1,1,5,5,5,5,1,3.54,0,0,TRUE
Male,Loyal Customer,53,Business Travel,Business,2167,1,1,2,1,5,5,4,4,4,4,4,5,4,3.38,4,2,TRUE
Female,Loyal Customer,24,Business Travel,Business,2566,3,3,3,3,4,4,3,4,1,2,4,4,4,3.23,0,0,TRUE
Male,Loyal Customer,51,Business Travel,Business,3497,5,5,5,5,3,5,4,5,5,5,5,3,4,4.54,0,0,TRUE
Female,Loyal Customer,29,Personal Travel,Eco,2218,3,4,3,2,3,3,3,3,2,3,3,2,3,2.85,5,0,FALSE
Male,Loyal Customer,46,Business Travel,Business,3896,5,5,5,5,4,4,4,5,5,5,5,3,3,4.46,0,0,TRUE
Female,Loyal Customer,25,Personal Travel,Eco,190,4,4,4,5,3,4,1,3,5,2,4,3,3,3.46,0,0,FALSE
Male,Loyal Customer,18,Business Travel,Business,964,5,5,3,5,4,4,4,4,4,4,3,2,4,3.92,8,1,TRUE
Male,Loyal Customer,60,Business Travel,Eco,644,4,1,1,1,4,4,4,4,3,4,2,3,4,3,4,7,TRUE
Male,Loyal Customer,70,Personal Travel,Eco,296,4,4,4,1,1,4,1,1,5,4,5,5,1,3.08,0,5,FALSE
Female,Loyal Customer,58,Business Travel,Business,883,3,5,1,5,3,3,4,3,3,3,3,3,4,3.31,1,0,FALSE
Male,Disloyal Customer,33,Business Travel,Business,335,4,4,4,3,4,4,4,4,5,5,5,5,4,4.23,0,0,FALSE
Male,Loyal Customer,15,Personal Travel,Eco,983,3,3,2,5,5,2,3,5,2,5,5,2,5,3.62,1,6,FALSE
Female,Loyal Customer,28,Personal Travel,Eco,2176,2,4,2,1,4,2,4,4,3,4,2,4,4,3.08,0,0,FALSE
Male,Loyal Customer,35,Business Travel,Business,228,1,4,4,4,5,3,3,1,1,1,1,1,4,2.54,0,0,FALSE
Male,Disloyal Customer,23,Business Travel,Eco,1037,3,3,3,4,3,3,2,3,1,2,4,1,3,2.69,18,103,FALSE
Female,Loyal Customer,48,Business Travel,Eco Plus,212,4,5,2,5,1,3,3,5,5,4,5,1,3,3.54,51,53,FALSE
Female,Loyal Customer,46,Business Travel,Business,2279,0,4,0,2,2,2,1,2,2,2,2,3,5,2.08,34,27,TRUE
Male,Loyal Customer,15,Personal Travel,Eco,134,1,3,0,4,3,0,3,3,2,2,3,2,3,2.23,0,0,FALSE
Female,Disloyal Customer,39,Business Travel,Business,266,2,2,2,2,3,2,1,3,3,4,2,2,3,2.38,0,0,FALSE
Female,Loyal Customer,46,Personal Travel,Eco,2486,3,3,4,3,1,4,4,3,3,4,3,2,4,3.15,0,0,FALSE
Male,Loyal Customer,23,Personal Travel,Eco,707,3,2,4,3,4,4,4,4,2,1,4,1,4,3.08,0,0,FALSE
Male,Loyal Customer,29,Personal Travel,Eco,148,3,4,3,3,1,3,1,1,3,5,5,5,1,2.92,4,0,FALSE
Female,Loyal Customer,17,Business Travel,Business,850,4,4,4,4,5,5,5,5,5,4,4,3,5,4.38,11,4,TRUE
Female,Disloyal Customer,24,Business Travel,Eco,1438,3,2,2,4,4,3,3,4,2,1,4,4,4,3.08,0,0,FALSE
Female,Loyal Customer,21,Business Travel,Eco,1448,5,5,5,5,5,5,4,5,5,5,1,2,5,4.38,1,0,TRUE
Female,Loyal Customer,22,Business Travel,Business,1571,1,0,0,4,2,0,3,2,3,1,3,2,2,1.77,0,0,FALSE
Female,Loyal Customer,30,Business Travel,Eco,705,4,2,1,1,4,4,4,4,1,3,4,4,4,3.08,0,0,TRUE
Male,Loyal Customer,56,Personal Travel,Eco,402,1,4,1,3,4,1,4,4,3,2,4,3,4,2.92,0,0,FALSE
Female,Loyal Customer,65,Business Travel,Business,1800,1,1,1,1,5,5,1,4,4,4,4,4,2,2.85,0,,TRUE
Female,Disloyal Customer,22,Business Travel,Eco,89,3,0,3,2,1,3,1,1,1,4,5,4,1,2.23,0,3,FALSE
Male,Loyal Customer,51,Business Travel,Business,3462,2,4,4,4,2,3,4,2,2,2,2,2,1,2.62,1,6,FALSE
Female,Loyal Customer,29,Personal Travel,Eco Plus,1428,4,4,4,4,2,4,4,2,2,2,3,1,2,2.92,0,0,TRUE
Male,Loyal Customer,52,Personal Travel,Business,926,2,4,2,3,3,5,4,1,1,2,1,4,4,2.77,28,4,FALSE
Male,Loyal Customer,55,Business Travel,Business,2475,5,2,5,5,4,4,5,5,5,5,5,4,4,4.46,0,0,TRUE
Female,Loyal Customer,60,Business Travel,Business,2109,0,0,0,1,2,4,1,2,2,4,4,2,5,2.08,0,0,TRUE
Female,Loyal Customer,33,Personal Travel,Eco,1136,0,3,0,4,3,0,3,3,1,5,3,2,3,2.31,31,24,TRUE
Female,Disloyal Customer,45,Business Travel,Eco,650,2,1,2,3,5,2,5,5,3,2,3,4,5,3.23,70,97,FALSE
Female,Loyal Customer,49,Business Travel,Business,259,2,2,2,2,4,4,4,5,5,5,5,3,3,3.54,2,0,TRUE
Male,Loyal Customer,45,Business Travel,Business,2558,1,1,1,1,2,5,5,3,3,4,5,5,5,3.15,9,13,TRUE
Female,Loyal Customer,23,Business Travel,Eco Plus,589,3,3,3,3,3,4,5,3,4,4,3,1,3,3.23,75,113,TRUE
Male,Loyal Customer,39,Business Travel,Business,1120,4,4,4,4,5,4,4,5,5,5,5,4,3,4.31,0,9,TRUE
Male,Disloyal Customer,29,Business Travel,Business,647,2,1,1,2,5,1,4,5,5,3,4,3,5,3.15,12,9,FALSE
Female,Loyal Customer,51,Business Travel,Business,3775,2,2,2,2,5,5,5,5,5,5,5,4,3,3.85,4,0,TRUE
Male,Loyal Customer,46,Business Travel,Business,1399,1,1,5,1,2,4,5,4,4,4,4,5,4,3.38,0,0,TRUE
Male,Disloyal Customer,16,Business Travel,Eco,867,2,2,2,4,3,2,2,3,2,4,3,1,3,2.54,0,0,FALSE
Male,Loyal Customer,65,Personal Travel,Eco,419,1,4,1,4,5,1,5,5,3,4,3,3,5,3.38,85,65,FALSE
Male,Loyal Customer,54,Business Travel,Business,1921,2,2,2,2,2,5,4,4,4,4,4,3,5,3.31,0,0,TRUE
Female,Disloyal Customer,22,Business Travel,Business,834,4,3,4,3,1,4,1,1,4,3,4,3,1,2.77,0,0,TRUE
Male,Loyal Customer,22,Business Travel,Eco,1121,4,5,4,5,4,4,2,4,4,1,3,2,4,3.54,0,0,FALSE
Female,Loyal Customer,41,Business Travel,Business,1428,5,5,5,5,5,4,5,2,2,2,2,5,3,3.85,26,18,TRUE
Female,Loyal Customer,54,Personal Travel,Eco,2475,3,5,3,3,3,3,5,4,4,3,4,3,5,3.69,0,0,FALSE
Female,Loyal Customer,38,Business Travel,Business,3307,1,1,1,1,5,5,4,4,4,4,4,1,4,3,0,0,TRUE
Female,Loyal Customer,52,Business Travel,Business,842,5,5,5,5,5,4,4,5,5,5,5,4,3,4.62,0,0,TRUE
Female,Disloyal Customer,23,Business Travel,Business,1317,0,1,0,3,1,0,5,1,4,5,4,5,1,2.31,6,0,TRUE
Female,Loyal Customer,54,Business Travel,Business,2396,3,3,3,3,5,3,2,3,3,3,3,4,3,3.15,0,0,TRUE
Female,Loyal Customer,48,Business Travel,Business,2454,5,5,5,5,4,4,4,4,2,4,5,4,4,4.23,196,198,TRUE
Male,Disloyal Customer,31,Business Travel,Eco,896,3,3,3,4,5,3,5,5,4,1,4,4,5,3.77,8,46,FALSE
Male,Loyal Customer,32,Business Travel,Business,1945,5,5,4,5,4,4,4,4,3,5,4,4,4,4.23,6,0,TRUE
Male,Loyal Customer,18,Personal Travel,Eco,441,3,5,3,5,2,3,1,2,3,5,5,3,2,3.23,0,0,FALSE
Male,Loyal Customer,29,Business Travel,Business,802,4,4,4,4,4,4,4,4,4,5,5,5,4,4.23,0,0,TRUE
Male,Loyal Customer,40,Business Travel,Eco,1010,4,5,5,5,4,4,4,4,1,5,1,5,4,3.92,0,7,TRUE
Male,Disloyal Customer,26,Business Travel,Business,212,1,0,1,2,5,1,5,5,4,3,4,5,5,3.15,0,0,FALSE
Male,Loyal Customer,41,Business Travel,Eco Plus,964,1,2,2,2,1,1,1,1,3,5,4,1,1,1.92,14,0,FALSE
Female,Loyal Customer,48,Business Travel,Eco,1117,2,3,3,3,2,3,4,3,3,2,3,3,2,2.77,0,0,FALSE
Female,Loyal Customer,54,Personal Travel,Business,977,3,5,3,5,4,5,5,4,4,3,4,3,3,3.92,0,0,FALSE
Male,Loyal Customer,42,Business Travel,Business,1832,1,1,1,1,5,4,4,4,4,4,4,3,5,3.15,0,0,TRUE
Male,Loyal Customer,56,Business Travel,Business,1850,2,2,2,2,3,5,5,5,5,5,5,4,3,3.69,1,0,TRUE
Male,Loyal Customer,60,Business Travel,Business,2179,1,1,5,1,5,4,5,4,4,4,4,5,5,3.69,0,0,TRUE
Female,Disloyal Customer,32,Business Travel,Eco,163,2,4,2,4,5,2,2,5,4,2,4,4,5,3.46,10,14,FALSE
Female,Loyal Customer,54,Personal Travel,Eco,1068,1,4,1,2,2,5,4,4,4,1,4,4,3,3,21,12,FALSE
Male,Loyal Customer,57,Business Travel,Business,577,4,4,5,4,3,5,4,3,3,4,3,5,4,3.92,0,0,TRUE
Female,Disloyal Customer,22,Business Travel,Eco,86,4,0,4,2,3,4,3,3,1,1,1,3,3,2.46,0,0,TRUE
Male,Loyal Customer,8,Personal Travel,Eco,102,2,5,2,3,4,2,4,4,3,3,4,4,4,3.38,6,5,FALSE
Male,Loyal Customer,39,Business Travel,Business,3718,3,3,3,3,4,5,4,4,4,4,4,5,3,3.77,9,11,TRUE
Female,Loyal Customer,40,Business Travel,Business,2080,5,1,5,5,5,4,5,4,4,4,4,4,4,4.15,0,0,TRUE
Female,Loyal Customer,20,Personal Travel,Eco,480,3,1,3,3,3,3,1,3,2,3,3,4,3,2.69,22,18,FALSE
Male,Disloyal Customer,33,Business Travel,Eco,372,2,1,2,1,1,2,1,1,4,3,1,1,1,1.62,18,12,FALSE
Female,Loyal Customer,44,Business Travel,Business,2139,1,1,1,1,5,4,3,1,1,1,1,4,1,1.92,1,7,FALSE
Female,Disloyal Customer,35,Business Travel,Eco,1192,1,1,1,4,1,4,4,3,2,3,3,4,4,2.69,147,132,FALSE
Female,Loyal Customer,39,Business Travel,Business,3780,2,2,2,2,4,4,4,5,5,5,5,4,4,3.69,0,0,TRUE
Female,Loyal Customer,40,Business Travel,Business,3538,1,1,1,1,3,4,4,4,4,4,4,4,4,3,24,13,TRUE
Female,Loyal Customer,59,Personal Travel,Eco,748,1,1,1,4,4,4,4,1,1,1,1,2,2,2.08,14,26,FALSE
Female,Loyal Customer,41,Business Travel,Business,2812,3,3,3,3,2,4,3,3,3,3,3,2,4,3,0,0,FALSE
Male,Loyal Customer,57,Business Travel,Business,2136,3,3,3,3,2,3,5,3,3,4,4,2,1,3,0,0,TRUE
Male,Loyal Customer,48,Business Travel,Business,3274,1,3,3,3,3,3,3,1,1,1,1,4,3,2.31,0,0,FALSE
Male,Loyal Customer,47,Business Travel,Business,2857,2,2,2,2,3,3,3,3,4,4,5,3,3,3,161,187,TRUE
Male,Loyal Customer,34,Personal Travel,Eco,873,1,2,1,4,4,1,5,4,1,1,4,4,4,2.77,8,1,FALSE
Male,Loyal Customer,35,Business Travel,Business,2148,5,5,5,5,5,4,4,5,5,5,5,5,3,4.69,16,5,TRUE
Male,Loyal Customer,47,Business Travel,Business,341,0,0,0,1,4,5,5,5,5,5,5,3,4,3.23,2,0,TRUE
Male,Loyal Customer,69,Personal Travel,Eco,912,1,5,1,2,2,1,2,2,2,1,3,5,2,2.23,0,0,FALSE
Female,Loyal Customer,34,Business Travel,Business,1892,1,1,1,1,3,3,2,5,5,5,5,2,3,2.85,14,0,TRUE
Male,Loyal Customer,47,Business Travel,Business,3121,5,5,5,5,4,1,5,4,4,4,4,4,1,3.92,15,30,TRUE
Male,Loyal Customer,53,Business Travel,Business,1907,1,1,1,1,4,4,4,1,1,1,1,2,2,1.85,46,35,FALSE
Male,Loyal Customer,51,Business Travel,Eco,1269,4,1,1,1,4,4,4,4,4,5,3,1,4,3.08,85,88,FALSE
Male,Loyal Customer,63,Business Travel,Eco,284,5,5,5,5,5,5,5,5,2,4,5,4,5,4.62,97,88,TRUE
Female,Loyal Customer,33,Business Travel,Business,3404,4,4,4,4,5,4,5,4,4,4,4,5,4,4.23,0,0,TRUE
Female,Loyal Customer,46,Business Travel,Business,3260,5,5,5,5,2,5,4,4,4,4,4,4,4,4.23,0,0,TRUE
Female,Loyal Customer,25,Business Travel,Business,2708,4,4,4,4,5,5,5,5,2,1,1,4,5,3.77,0,0,TRUE
Male,Loyal Customer,51,Business Travel,Business,3843,4,4,4,4,3,4,5,5,5,5,5,4,3,4.23,52,49,TRUE
Female,Loyal Customer,58,Business Travel,Business,1558,5,5,5,5,4,4,5,3,3,3,3,4,4,4.08,0,0,TRUE
Female,Disloyal Customer,20,Business Travel,Eco,209,0,0,0,1,2,0,2,2,1,1,3,5,2,1.46,8,21,TRUE
Female,Loyal Customer,27,Business Travel,Business,2352,1,1,1,1,4,4,4,4,2,1,5,4,4,2.77,0,16,TRUE
Female,Loyal Customer,65,Personal Travel,Eco Plus,481,2,2,2,4,1,4,4,3,3,2,3,2,1,2.54,0,0,FALSE
Female,Disloyal Customer,48,Business Travel,Business,190,1,1,1,5,1,1,1,1,5,3,5,3,1,2.23,24,20,FALSE
Female,Disloyal Customer,36,Business Travel,Business,409,3,3,3,4,4,3,4,4,3,2,4,3,4,3.38,98,95,FALSE
Male,Loyal Customer,16,Personal Travel,Eco,359,4,4,4,2,3,4,3,3,4,2,4,4,3,3.38,0,0,FALSE
Male,Loyal Customer,61,Business Travel,Business,1720,2,2,1,2,5,2,3,4,4,4,4,3,3,3,74,97,TRUE
Male,Disloyal Customer,40,Business Travel,Eco,682,2,2,2,5,2,2,2,2,2,5,3,5,2,2.77,0,0,FALSE
Female,Loyal Customer,50,Personal Travel,Eco,594,2,3,2,2,5,4,1,5,5,2,5,4,1,3.15,3,0,FALSE
Female,Loyal Customer,33,Business Travel,Business,1379,3,3,3,3,5,5,5,4,4,4,4,4,3,3.85,3,0,TRUE
Male,Loyal Customer,44,Business Travel,Eco,1208,1,2,2,2,1,1,1,1,3,5,3,4,1,2.08,0,0,FALSE
Female,Loyal Customer,23,Personal Travel,Eco,718,4,3,4,4,5,4,5,5,5,5,1,5,5,4.23,9,20,FALSE
Female,Loyal Customer,52,Personal Travel,Eco,109,2,2,0,4,2,4,4,4,4,0,4,3,2,2.69,0,0,FALSE
Male,Loyal Customer,43,Business Travel,Business,1660,2,2,3,2,4,4,4,3,3,3,3,4,3,3.08,0,0,TRUE
Male,Disloyal Customer,26,Business Travel,Business,281,4,0,4,4,5,4,5,5,3,3,5,3,5,3.85,72,70,TRUE
Male,Loyal Customer,65,Personal Travel,Eco,603,3,5,3,1,4,3,4,4,1,1,1,5,4,3,0,0,FALSE
Female,Disloyal Customer,26,Business Travel,Eco,31,4,0,4,1,3,4,3,3,5,3,5,5,3,3.31,0,0,FALSE
Female,Disloyal Customer,24,Business Travel,Business,173,0,0,0,4,5,0,5,5,4,5,5,5,5,3.31,0,0,TRUE
Male,Loyal Customer,67,Personal Travel,Eco,542,1,4,1,4,1,1,1,1,4,4,4,4,1,2.38,28,36,FALSE
Male,Disloyal Customer,25,Business Travel,Business,351,5,1,5,5,2,5,2,2,5,3,5,3,2,3.46,0,0,TRUE
Female,Loyal Customer,55,Business Travel,Business,1535,3,3,3,3,4,3,2,3,3,3,3,4,1,2.92,39,59,FALSE
Male,Disloyal Customer,35,Business Travel,Eco,1376,2,2,2,3,2,5,5,1,2,2,2,5,5,2.92,0,0,FALSE
Female,Loyal Customer,43,Business Travel,Business,2650,2,3,3,3,4,3,3,2,2,2,2,4,3,2.77,0,0,FALSE
Female,Loyal Customer,31,Business Travel,Business,216,1,4,4,4,3,3,1,3,4,5,4,4,3,3.31,0,0,FALSE
Female,Disloyal Customer,22,Business Travel,Business,588,2,4,3,3,2,3,2,2,3,5,4,2,2,2.85,0,0,FALSE
Male,Loyal Customer,44,Business Travel,Business,3443,1,1,1,1,2,1,4,5,5,5,4,3,3,2.77,18,16,TRUE
Female,Disloyal Customer,25,Business Travel,Eco,408,2,3,1,4,1,1,4,1,1,5,3,1,1,2.15,0,12,FALSE
Male,Loyal Customer,50,Personal Travel,Eco,354,2,4,2,3,5,2,5,5,3,5,4,5,5,3.85,0,0,FALSE
Female,Loyal Customer,28,Personal Travel,Eco,944,2,3,2,3,4,2,4,4,4,5,3,2,4,3.23,0,7,FALSE
Male,Loyal Customer,58,Personal Travel,Eco,482,1,3,1,3,3,1,3,3,4,2,1,5,3,2.54,26,29,FALSE
Male,Loyal Customer,36,Business Travel,Eco Plus,174,4,5,5,5,4,4,4,4,1,2,3,4,4,3.77,0,0,TRUE
Male,Loyal Customer,16,Business Travel,Business,1532,3,3,3,3,5,5,5,5,5,4,5,4,5,4.23,0,0,TRUE
Male,Loyal Customer,67,Personal Travel,Eco,414,3,3,3,5,3,3,3,3,5,4,4,2,3,3.38,16,0,FALSE
Male,Loyal Customer,53,Personal Travel,Eco,444,3,5,3,1,5,3,5,5,4,2,5,4,5,3.85,41,28,FALSE
Female,Loyal Customer,60,Business Travel,Business,296,5,5,5,5,5,2,5,5,5,5,5,4,1,4.38,31,49,TRUE
Female,Loyal Customer,48,Business Travel,Eco,735,4,5,5,5,2,3,4,4,4,4,4,2,2,3.69,0,0,FALSE
Male,Loyal Customer,24,Business Travel,Eco,550,5,4,4,4,5,5,5,5,1,4,5,4,5,4.31,0,0,TRUE
Female,Loyal Customer,18,Personal Travel,Eco,328,1,2,2,3,2,2,2,2,3,3,3,2,2,2.23,26,36,FALSE
Male,Loyal Customer,21,Business Travel,Eco,647,3,2,2,2,3,3,4,3,4,5,4,4,3,3.23,0,0,FALSE
Female,Loyal Customer,13,Personal Travel,Business,534,4,5,4,4,4,4,4,4,5,5,5,4,4,4.31,30,21,FALSE
Female,Disloyal Customer,27,Business Travel,Business,214,5,5,5,2,5,5,5,5,3,2,4,4,5,4.23,2,2,TRUE
Female,Loyal Customer,51,Business Travel,Business,332,5,5,5,5,5,4,4,4,4,4,4,3,4,4.31,0,0,TRUE
Male,Loyal Customer,68,Personal Travel,Eco,1246,3,4,3,4,2,3,2,2,4,4,3,4,2,3.08,16,12,FALSE
Male,Loyal Customer,13,Personal Travel,Eco,1066,3,5,3,3,1,3,1,1,3,5,4,3,1,2.77,0,0,FALSE
Female,Loyal Customer,53,Personal Travel,Eco,1174,1,5,1,5,5,4,5,5,5,1,5,3,3,3.69,0,0,FALSE
Male,Loyal Customer,48,Business Travel,Eco,692,4,2,4,4,4,4,4,4,1,1,2,4,4,3.23,0,0,TRUE
Female,Loyal Customer,42,Business Travel,Business,1780,1,1,1,1,4,4,3,5,5,5,5,1,2,2.92,0,7,TRUE
Female,Loyal Customer,23,Personal Travel,Eco,534,2,5,2,3,5,2,3,5,4,5,4,4,5,3.77,25,42,FALSE
Male,Loyal Customer,36,Personal Travel,Business,907,4,5,4,3,4,5,4,2,2,4,2,3,3,3.46,0,13,FALSE
Male,Loyal Customer,35,Business Travel,Business,430,4,4,2,4,2,4,5,5,5,5,5,5,4,4.15,0,1,TRUE
Male,Loyal Customer,53,Business Travel,Business,3876,4,4,4,4,3,4,4,3,3,3,3,5,4,3.69,76,71,TRUE
Male,Loyal Customer,27,Personal Travel,Eco,503,5,5,5,5,3,5,2,3,5,3,4,3,3,3.92,0,0,TRUE
Female,Loyal Customer,33,Business Travel,Business,2191,5,5,5,5,3,4,5,4,4,4,4,4,2,4.15,13,6,TRUE
Female,Loyal Customer,53,Business Travel,Business,3011,3,3,3,3,5,4,4,4,4,4,4,5,4,3.85,0,0,TRUE
Male,Loyal Customer,49,Business Travel,Business,3332,2,5,2,2,5,5,4,5,5,5,5,4,5,4.15,14,2,TRUE
Female,Loyal Customer,33,Personal Travel,Eco,190,2,5,2,3,1,2,1,1,3,3,5,4,1,2.54,0,0,FALSE
Female,Loyal Customer,29,Business Travel,Eco Plus,773,4,5,5,5,4,4,4,4,4,2,2,2,4,3.77,0,12,FALSE
Female,Disloyal Customer,30,Business Travel,Eco,961,2,2,2,1,3,2,3,3,4,4,3,3,3,2.69,4,0,FALSE
Male,Disloyal Customer,20,Business Travel,Eco,262,1,2,1,4,2,1,2,2,4,2,3,3,2,2.23,0,0,FALSE
Male,Disloyal Customer,27,Business Travel,Business,326,4,4,4,4,3,4,3,3,3,2,4,4,3,3.46,0,0,TRUE
Male,Loyal Customer,9,Personal Travel,Eco,196,4,5,4,2,4,4,5,4,4,4,4,3,4,3.92,0,11,FALSE
Female,Loyal Customer,26,Personal Travel,Eco,331,2,5,2,5,5,2,3,5,4,4,4,4,5,3.85,0,0,FALSE
Male,Loyal Customer,59,Business Travel,Eco,1205,3,2,2,2,3,3,3,3,1,3,4,3,3,2.69,0,0,FALSE
Female,Loyal Customer,46,Business Travel,Eco,1723,3,5,5,5,4,3,3,3,3,3,3,1,1,3.23,3,0,FALSE
Female,Disloyal Customer,41,Business Travel,Business,1347,4,4,4,4,2,4,2,2,3,4,4,4,2,3.31,0,0,TRUE
Male,Loyal Customer,28,Personal Travel,Eco Plus,531,1,5,1,3,4,1,4,4,4,5,5,4,4,3.46,4,13,FALSE
Female,Loyal Customer,44,Personal Travel,Eco,523,1,4,1,3,3,5,5,4,4,1,4,4,3,3.23,0,0,FALSE
Female,Loyal Customer,39,Personal Travel,Eco,628,2,5,2,2,5,2,5,5,4,2,4,3,5,3.54,13,8,FALSE
Female,Loyal Customer,67,Personal Travel,Eco,626,2,4,2,1,3,5,4,3,3,2,3,3,5,3.08,8,4,FALSE
Male,Loyal Customer,63,Personal Travel,Eco,196,1,1,0,3,5,0,5,5,1,4,2,1,5,2.54,0,0,FALSE
Female,Loyal Customer,13,Business Travel,Business,1035,3,5,5,5,3,3,3,3,1,1,4,2,3,3.15,36,16,FALSE
Female,Loyal Customer,57,Personal Travel,Eco,373,3,0,3,4,3,4,5,1,1,3,1,4,5,2.85,0,0,FALSE
Male,Loyal Customer,32,Business Travel,Business,2519,4,4,4,4,4,4,4,4,4,4,3,5,4,4,0,0,TRUE
Female,Disloyal Customer,25,Business Travel,Eco,645,4,3,4,3,5,4,5,5,1,2,4,1,5,3.54,0,0,FALSE
Male,Loyal Customer,54,Business Travel,Eco,916,4,3,3,3,4,4,4,4,5,3,1,5,4,3.62,0,0,TRUE
Male,Loyal Customer,17,Business Travel,Eco,2521,2,1,1,1,2,1,2,4,4,3,3,2,2,2.15,0,22,FALSE
Female,Loyal Customer,36,Personal Travel,Eco Plus,728,3,5,3,1,2,3,2,2,4,2,4,2,2,2.69,0,0,FALSE
Female,Loyal Customer,27,Personal Travel,Eco,719,3,5,2,3,3,2,3,3,3,2,4,4,3,3.08,0,0,FALSE
Female,Loyal Customer,65,Personal Travel,Eco,2296,1,5,2,3,4,5,4,5,5,2,5,5,3,3.77,0,0,FALSE
Male,Disloyal Customer,9,Business Travel,Eco,675,2,2,2,3,1,2,3,1,2,3,3,1,1,2,0,6,FALSE
Male,Loyal Customer,51,Business Travel,Business,929,3,3,3,3,2,4,5,5,5,5,5,5,5,4.08,0,0,TRUE
Male,Loyal Customer,24,Business Travel,Business,1090,2,5,5,5,2,2,2,2,2,3,4,4,2,3.08,1,5,FALSE
Male,Loyal Customer,42,Business Travel,Business,3118,5,5,5,5,3,5,5,2,2,2,2,5,3,3.77,3,0,TRUE
Female,Loyal Customer,43,Business Travel,Business,3550,4,4,4,4,2,5,5,5,5,5,5,4,4,4.31,4,25,TRUE
Female,Disloyal Customer,26,Business Travel,Business,1277,5,5,5,2,5,4,4,3,2,5,4,4,4,4,50,52,TRUE
Female,Loyal Customer,48,Business Travel,Business,2075,5,5,5,5,4,5,5,5,5,5,5,3,4,4.69,0,0,TRUE
Female,Loyal Customer,21,Personal Travel,Eco,843,4,4,4,3,5,4,2,5,4,5,4,3,5,4,0,0,TRUE
Male,Loyal Customer,55,Personal Travel,Eco,453,3,4,3,4,1,3,1,1,3,5,4,3,1,2.77,68,69,FALSE
Female,Loyal Customer,26,Personal Travel,Eco,214,4,5,4,5,1,4,1,1,5,4,5,5,1,3.46,0,0,TRUE
Female,Loyal Customer,15,Personal Travel,Eco,601,4,5,4,1,2,4,5,2,5,4,5,3,2,3.54,0,0,FALSE
Male,Loyal Customer,22,Business Travel,Business,2616,3,3,3,3,4,5,4,4,3,5,4,5,4,3.85,0,0,TRUE
Male,Loyal Customer,52,Personal Travel,Eco,1005,1,5,1,5,3,1,3,3,4,4,4,3,3,3.08,0,0,FALSE
Female,Loyal Customer,52,Business Travel,Business,3461,3,3,2,3,5,5,5,3,3,3,3,5,3,3.54,1,0,TRUE
Female,Disloyal Customer,23,Business Travel,Eco,473,4,0,4,1,5,4,5,5,5,2,4,5,5,3.77,0,0,TRUE
Male,Loyal Customer,52,Business Travel,Business,3561,2,4,4,4,2,4,4,2,2,2,2,4,2,2.92,0,11,FALSE
Male,Disloyal Customer,21,Business Travel,Eco,177,4,5,4,5,4,4,3,4,4,5,4,2,4,4,0,1,TRUE
Female,Loyal Customer,59,Personal Travel,Eco Plus,577,3,4,3,3,5,4,5,2,2,3,2,5,4,3.46,0,0,FALSE
Female,Loyal Customer,54,Business Travel,Eco,1204,4,3,3,3,2,1,3,4,4,4,4,1,3,3,0,0,TRUE
Male,Loyal Customer,26,Business Travel,Business,888,1,1,1,1,4,4,4,4,3,3,4,5,4,3,0,0,TRUE
Female,Loyal Customer,59,Business Travel,Business,3591,3,3,3,3,5,5,4,4,4,4,4,4,3,3.77,0,0,TRUE
Female,Loyal Customer,45,Personal Travel,Eco,177,1,4,1,3,1,5,5,1,2,3,3,5,5,3,125,158,FALSE
Female,Loyal Customer,79,Business Travel,Business,316,4,1,1,1,2,4,4,4,4,3,4,3,4,3,0,0,FALSE
Female,Loyal Customer,58,Business Travel,Business,1633,2,1,5,1,3,4,3,2,2,2,2,3,2,2.46,84,113,FALSE
Male,Disloyal Customer,30,Business Travel,Business,224,2,1,1,2,2,1,2,2,2,4,2,3,2,2,0,0,FALSE
Female,Disloyal Customer,26,Business Travel,Eco,164,5,4,4,2,2,4,2,2,2,1,2,4,2,2.77,0,0,TRUE
Female,Loyal Customer,34,Personal Travel,Eco Plus,845,4,5,4,2,5,4,5,5,4,3,5,3,5,4.15,0,0,TRUE
Female,Loyal Customer,48,Business Travel,Eco,216,4,3,3,3,2,3,3,4,4,4,4,5,5,3.62,0,0,TRUE
Male,Loyal Customer,50,Personal Travel,Eco,1671,4,3,4,3,2,4,2,2,2,4,3,1,2,2.77,0,0,FALSE
Female,Loyal Customer,62,Business Travel,Business,101,2,2,2,2,5,3,3,4,4,4,5,3,1,3.08,1,4,TRUE
Female,Loyal Customer,52,Business Travel,Business,516,3,5,3,3,4,4,4,5,5,5,5,3,4,4.08,5,0,TRUE
Female,Disloyal Customer,56,Business Travel,Business,224,3,3,3,3,2,3,2,2,4,2,4,3,2,2.77,0,0,FALSE
Female,Loyal Customer,26,Business Travel,Business,280,4,2,4,4,5,5,5,5,3,5,4,3,5,4.15,14,11,TRUE
Male,Loyal Customer,26,Personal Travel,Eco,692,2,5,2,3,4,2,1,4,3,2,5,4,4,3.15,0,0,FALSE
Female,Loyal Customer,41,Business Travel,Business,862,2,2,2,2,3,4,5,4,4,5,4,4,3,3.38,3,0,TRUE
Male,Loyal Customer,10,Personal Travel,Eco,468,3,4,3,2,3,3,3,3,4,3,5,3,3,3.23,0,28,FALSE
Male,Loyal Customer,14,Personal Travel,Eco,780,5,2,5,4,3,5,3,3,1,1,4,2,3,3.15,31,24,TRUE
Male,Loyal Customer,38,Business Travel,Business,2410,3,3,3,3,4,5,2,4,4,4,4,4,4,3.62,2,0,TRUE
Female,Loyal Customer,55,Business Travel,Business,2811,3,3,5,3,5,4,5,5,5,5,5,4,4,4.31,28,27,TRUE
Female,Loyal Customer,30,Personal Travel,Eco,1660,1,4,1,3,4,1,4,4,3,4,3,1,4,2.85,20,13,FALSE
Female,Disloyal Customer,18,Business Travel,Eco,542,0,0,0,4,3,0,3,3,4,3,5,5,3,2.54,0,0,TRUE
Female,Loyal Customer,25,Personal Travel,Eco,292,3,5,5,3,3,5,3,3,5,5,5,5,3,4.08,123,106,FALSE
Male,Disloyal Customer,37,Business Travel,Business,551,4,4,4,4,3,4,3,3,5,3,4,5,3,3.77,0,0,TRUE
Female,Disloyal Customer,17,Business Travel,Eco,921,1,1,1,4,4,1,4,4,2,1,4,3,4,2.62,0,0,FALSE
Female,Loyal Customer,45,Business Travel,Business,2239,4,4,5,4,5,5,5,3,3,2,3,5,3,3.92,0,0,TRUE
Male,Loyal Customer,17,Business Travel,Eco,374,2,3,3,3,2,1,1,2,1,5,3,3,2,2.38,7,0,FALSE
Female,Loyal Customer,46,Business Travel,Business,2176,2,2,2,2,5,5,4,4,4,4,4,3,4,3.46,0,0,TRUE
Male,Loyal Customer,39,Personal Travel,Eco,1185,2,4,3,3,4,3,4,4,3,1,2,3,4,3.08,75,72,FALSE
Male,Loyal Customer,56,Personal Travel,Eco,301,4,4,4,3,1,4,1,1,5,4,4,5,1,3.15,0,5,FALSE
Female,Loyal Customer,65,Business Travel,Eco,308,5,4,4,4,5,2,5,5,5,5,5,1,3,4.08,0,0,TRUE
Male,Loyal Customer,62,Business Travel,Business,3230,3,3,3,3,4,2,1,4,4,4,4,1,5,3.15,9,9,TRUE
Male,Disloyal Customer,55,Business Travel,Eco,163,5,0,5,5,3,5,3,3,3,2,5,4,3,3.54,0,1,TRUE
Female,Loyal Customer,11,Personal Travel,Eco,1303,2,5,2,4,3,2,1,3,5,2,5,3,3,3.08,0,0,FALSE
Male,Disloyal Customer,52,Business Travel,Business,667,3,3,3,2,4,3,4,4,4,3,5,5,4,3.62,0,0,FALSE
Male,Loyal Customer,49,Business Travel,Business,2674,3,3,3,3,4,4,4,4,4,4,4,4,3,3.62,0,0,TRUE
Male,Loyal Customer,37,Business Travel,Business,141,0,5,0,5,4,2,1,1,1,1,1,4,2,2.08,0,0,TRUE
Female,Loyal Customer,24,Personal Travel,Eco Plus,199,1,5,1,2,3,1,4,3,3,2,4,5,3,2.85,0,0,FALSE
Male,Loyal Customer,52,Business Travel,Eco,406,4,3,3,3,4,4,4,4,4,4,3,5,4,3.77,0,0,TRUE
Female,Loyal Customer,35,Business Travel,Business,1009,3,5,5,5,2,3,3,3,3,3,3,2,2,3.23,98,78,FALSE
Female,Loyal Customer,46,Business Travel,Eco Plus,370,3,4,4,4,3,4,3,3,3,3,3,1,4,3.23,0,0,FALSE
Male,Loyal Customer,41,Business Travel,Business,1770,2,2,2,2,2,4,4,5,5,5,5,4,2,3.38,0,0,TRUE
Male,Loyal Customer,63,Personal Travel,Eco,1521,3,4,3,4,3,3,3,3,4,5,4,4,3,3.54,0,0,FALSE
Male,Loyal Customer,41,Personal Travel,Eco,719,2,5,2,3,3,2,3,3,4,3,4,3,3,3.08,0,0,FALSE
Female,Loyal Customer,77,Business Travel,Business,2651,3,5,5,5,2,3,3,3,3,3,3,3,4,3.46,0,0,FALSE
Male,Loyal Customer,56,Business Travel,Business,3991,4,3,4,4,4,3,4,5,5,5,5,2,1,3.77,74,51,TRUE
Male,Disloyal Customer,16,Business Travel,Eco,228,3,3,3,4,5,3,5,5,2,1,3,3,5,3.46,0,0,FALSE
Male,Loyal Customer,19,Business Travel,Business,2606,2,2,2,2,5,5,5,5,3,3,4,4,5,3.62,8,25,TRUE
Male,Disloyal Customer,47,Business Travel,Business,930,3,3,3,3,4,3,4,4,3,4,4,4,4,3.54,0,0,FALSE
Male,Loyal Customer,52,Personal Travel,Eco,872,4,4,4,1,4,4,4,4,4,1,4,3,4,3.46,0,0,FALSE
Male,Loyal Customer,41,Business Travel,Business,780,1,1,1,1,1,4,3,5,5,5,5,1,4,2.85,0,0,TRUE
Female,Loyal Customer,40,Business Travel,Business,590,3,3,3,3,3,4,4,2,2,2,2,4,5,3.08,0,0,TRUE
Female,Loyal Customer,42,Business Travel,Eco,788,5,5,2,2,1,3,4,5,5,5,5,1,4,3.62,0,0,TRUE
Female,Disloyal Customer,38,Business Travel,Business,143,4,4,4,4,4,4,4,4,5,4,4,4,4,4.08,0,0,TRUE
Male,Loyal Customer,47,Business Travel,Business,1814,5,5,5,5,5,4,5,5,5,5,5,5,3,4.77,5,2,TRUE
Male,Disloyal Customer,18,Business Travel,Eco,1020,3,3,3,4,1,3,1,1,2,4,4,4,1,2.62,0,0,FALSE
Female,Disloyal Customer,36,Business Travel,Eco,1038,2,2,2,3,5,2,2,5,1,2,4,3,5,2.92,3,12,FALSE
Female,Disloyal Customer,23,Business Travel,Business,1037,0,0,0,2,3,0,3,3,3,5,5,4,3,2.38,0,0,TRUE
Female,Loyal Customer,42,Business Travel,Eco Plus,250,5,2,1,2,5,5,2,5,5,5,5,5,4,3.92,0,0,TRUE
Female,Loyal Customer,31,Business Travel,Business,1211,3,3,3,3,5,5,5,5,1,2,1,5,5,3.54,0,0,TRUE
Female,Disloyal Customer,32,Business Travel,Eco,937,1,1,1,3,1,1,3,1,1,1,4,2,1,1.62,0,0,FALSE
Female,Loyal Customer,42,Business Travel,Business,2578,2,2,2,2,3,4,5,4,4,4,4,3,3,3.23,0,0,TRUE
Female,Loyal Customer,50,Personal Travel,Eco,372,2,2,2,3,4,3,4,4,4,2,4,2,4,3.08,2,7,FALSE
Female,Loyal Customer,43,Business Travel,Business,987,5,5,5,5,5,4,5,5,5,5,5,4,5,4.85,0,11,TRUE
Male,Loyal Customer,19,Personal Travel,Eco,601,4,5,4,4,5,4,5,5,4,2,4,4,5,4.23,0,0,FALSE
Male,Loyal Customer,45,Business Travel,Business,2889,5,5,5,5,3,4,4,5,5,5,5,3,4,4.46,0,0,TRUE
Female,Disloyal Customer,38,Business Travel,Eco,334,4,0,4,4,1,4,1,1,4,2,3,1,1,2.31,17,7,TRUE
Male,Loyal Customer,67,Personal Travel,Eco,422,3,3,3,3,5,3,5,5,4,2,3,3,5,3.62,0,0,FALSE
Male,Disloyal Customer,49,Business Travel,Business,214,3,3,3,4,4,3,4,4,4,4,5,3,4,3.69,0,0,TRUE
Male,Loyal Customer,26,Personal Travel,Eco,223,1,5,1,2,1,1,1,1,4,2,5,3,1,2.15,1,0,FALSE
Female,Disloyal Customer,29,Business Travel,Eco,588,2,1,2,3,2,2,2,2,2,3,3,4,2,2.31,0,0,FALSE
Female,Loyal Customer,45,Personal Travel,Eco Plus,156,3,5,3,3,3,5,5,3,5,5,5,5,5,4.23,160,155,FALSE
Female,Disloyal Customer,29,Business Travel,Eco,1259,3,3,3,3,5,3,5,5,2,5,3,1,5,3.54,25,33,FALSE
Female,Loyal Customer,57,Business Travel,Business,2400,2,2,2,2,5,5,5,2,2,2,2,3,3,2.85,0,0,TRUE
Male,Disloyal Customer,24,Business Travel,Eco,448,3,0,3,2,2,3,4,2,1,4,4,1,2,2.38,2,9,FALSE
Female,Loyal Customer,41,Personal Travel,Eco,822,3,5,3,1,5,3,5,5,3,4,4,5,5,3.92,0,0,FALSE
Female,Loyal Customer,48,Business Travel,Business,2348,5,5,5,5,5,4,5,2,2,2,2,3,5,3.85,0,0,TRUE
Male,Loyal Customer,34,Personal Travel,Eco,196,2,4,2,1,1,2,1,1,4,2,5,5,1,2.38,0,0,FALSE
Female,Loyal Customer,24,Personal Travel,Eco,1008,2,4,1,5,3,1,3,3,3,2,5,5,3,3.08,43,56,FALSE
Female,Loyal Customer,62,Personal Travel,Eco,630,3,5,3,5,2,3,1,1,1,3,2,1,2,2.46,27,21,FALSE
Female,Loyal Customer,46,Business Travel,Business,239,3,4,4,4,1,4,3,3,3,2,3,2,4,3.08,9,6,FALSE
Male,Loyal Customer,35,Business Travel,Eco,1111,2,1,1,1,2,3,2,2,4,3,3,2,2,2.15,11,26,FALSE
Female,Loyal Customer,41,Personal Travel,Eco,1389,4,4,4,2,4,4,4,4,4,4,4,3,4,3.77,56,66,FALSE
Female,Loyal Customer,56,Personal Travel,Eco Plus,201,2,5,2,4,4,5,4,3,3,2,2,1,5,3.23,0,0,FALSE
Male,Loyal Customer,27,Personal Travel,Eco,229,4,4,4,3,1,4,1,1,5,3,5,4,1,3.08,44,48,FALSE
Male,Loyal Customer,37,Business Travel,Eco Plus,101,4,5,5,5,4,4,4,4,1,5,5,4,4,4.15,0,11,TRUE
Male,Loyal Customer,27,Business Travel,Business,1440,2,2,2,2,4,4,4,4,4,3,4,3,4,3.23,15,28,TRUE
Female,Loyal Customer,67,Business Travel,Business,2042,1,2,2,2,3,2,2,1,1,1,1,3,3,1.85,0,0,FALSE
Male,Loyal Customer,35,Business Travel,Business,300,4,4,4,4,5,2,2,4,4,4,4,3,1,3.46,0,0,TRUE
Male,Loyal Customer,33,Personal Travel,Eco,67,3,5,3,4,4,3,4,4,3,5,4,4,4,3.85,7,0,FALSE
Male,Loyal Customer,51,Personal Travel,Eco,820,2,2,2,3,3,2,3,3,2,1,3,2,3,2.38,0,0,FALSE
Male,Loyal Customer,45,Personal Travel,Eco Plus,1199,3,4,3,4,1,3,1,1,4,4,3,2,1,2.62,3,22,FALSE
Male,Loyal Customer,38,Business Travel,Business,282,0,0,0,1,5,5,4,3,3,2,2,4,5,2.62,0,0,TRUE
Male,Loyal Customer,43,Business Travel,Business,1400,4,4,4,4,1,3,4,4,4,4,4,2,2,3.38,0,0,TRUE
Male,Loyal Customer,23,Business Travel,Business,1671,3,3,3,3,3,3,3,3,4,1,4,2,3,2.92,0,0,FALSE
Female,Loyal Customer,49,Business Travel,Business,1723,3,3,4,3,3,4,4,5,5,5,5,5,5,4.15,30,15,TRUE
Female,Disloyal Customer,23,Business Travel,Business,1179,4,0,4,3,4,4,4,4,5,5,5,3,4,3.77,0,0,TRUE
Male,Loyal Customer,52,Business Travel,Business,3271,4,4,4,4,2,4,5,5,5,5,5,4,4,4.23,17,46,TRUE
Male,Disloyal Customer,18,Business Travel,Eco,337,2,0,2,3,5,2,5,5,4,3,4,3,5,3.31,0,0,FALSE
Male,Loyal Customer,30,Business Travel,Business,1835,2,3,3,3,2,2,2,2,3,2,3,1,2,2.31,0,0,FALSE
Male,Loyal Customer,10,Personal Travel,Eco,562,1,5,1,5,2,1,2,2,4,2,4,5,2,2.77,0,0,FALSE
Male,Loyal Customer,54,Business Travel,Eco,639,2,5,5,5,2,2,2,2,3,1,4,1,2,2.77,0,0,FALSE
Male,Disloyal Customer,42,Business Travel,Business,209,4,4,4,1,3,4,3,3,4,5,5,3,3,3.54,0,0,TRUE
Male,Loyal Customer,25,Personal Travel,Eco,1222,0,1,0,3,2,0,2,2,3,5,2,1,2,1.77,0,0,TRUE
Male,Loyal Customer,15,Personal Travel,Eco,317,5,5,3,1,5,3,5,5,5,2,5,5,5,4.15,8,0,TRUE
Male,Loyal Customer,55,Business Travel,Business,2520,5,4,5,5,2,5,4,4,4,4,4,5,4,4.23,0,0,TRUE
Male,Loyal Customer,46,Personal Travel,Eco,719,3,5,3,2,2,3,2,2,3,4,4,4,2,3,0,0,FALSE
Female,Loyal Customer,16,Personal Travel,Eco Plus,404,2,4,2,2,2,2,3,2,3,5,4,5,2,2.92,32,26,FALSE
Female,Disloyal Customer,20,Business Travel,Eco,440,1,1,1,4,4,1,4,4,4,3,4,2,4,2.85,0,0,FALSE
Male,Disloyal Customer,35,Business Travel,Eco,957,1,1,1,4,5,1,5,5,3,5,3,3,5,3.23,34,25,FALSE
Male,Disloyal Customer,27,Business Travel,Business,383,4,4,4,4,1,4,1,1,5,3,5,4,1,3.15,8,4,TRUE
Female,Loyal Customer,45,Business Travel,Business,892,3,5,3,5,4,4,3,3,3,3,3,2,2,3.31,0,0,FALSE
Male,Loyal Customer,58,Business Travel,Business,2696,3,3,2,3,2,4,5,4,4,4,4,5,4,3.62,0,0,TRUE
Female,Loyal Customer,40,Business Travel,Business,2010,4,4,4,4,4,4,5,2,2,3,2,3,4,3.46,7,14,TRUE
Female,Loyal Customer,50,Business Travel,Business,321,3,3,5,3,2,5,5,5,5,5,5,4,5,4.23,66,53,TRUE
Male,Loyal Customer,16,Personal Travel,Eco Plus,602,2,5,2,3,4,2,4,4,3,4,5,5,4,3.62,11,11,FALSE
Female,Loyal Customer,50,Business Travel,Business,1096,5,5,5,5,3,4,5,4,4,4,4,4,4,4.31,0,49,TRUE
Male,Loyal Customer,27,Business Travel,Business,3738,3,3,3,3,5,4,5,5,1,2,1,3,5,3.31,79,99,TRUE
Female,Loyal Customer,48,Business Travel,Business,1902,3,3,3,3,5,5,5,5,5,5,5,4,5,4.31,16,0,TRUE
Female,Loyal Customer,35,Business Travel,Eco,1306,2,1,1,1,2,2,2,2,3,5,4,1,2,2.15,9,0,FALSE
Male,Loyal Customer,62,Business Travel,Business,2767,2,2,4,4,5,4,3,2,2,2,2,3,1,2.77,0,0,FALSE
Male,Disloyal Customer,22,Business Travel,Eco,502,2,1,1,3,5,1,2,5,2,4,2,4,5,2.85,0,9,FALSE
Male,Loyal Customer,31,Personal Travel,Eco,986,3,4,3,2,3,3,2,3,3,5,5,3,3,3.23,0,0,FALSE
Female,Loyal Customer,54,Business Travel,Business,1841,3,1,3,3,4,5,5,5,5,5,5,5,5,4.15,1,10,TRUE
Female,Loyal Customer,42,Business Travel,Business,2256,1,1,1,1,3,5,4,5,5,5,5,4,4,3.38,0,0,TRUE
Male,Loyal Customer,55,Business Travel,Eco,102,4,1,1,1,4,4,4,4,1,1,5,4,4,2.92,0,0,TRUE
Male,Loyal Customer,57,Business Travel,Business,1591,2,2,2,2,2,4,5,5,5,5,5,4,4,3.62,1,5,TRUE
Male,Loyal Customer,47,Business Travel,Eco,143,5,1,1,1,5,5,5,5,5,4,3,3,5,3.69,17,11,TRUE
Female,Loyal Customer,52,Business Travel,Business,1747,3,3,2,3,5,5,4,4,4,4,4,3,4,3.69,0,2,TRUE
Male,Loyal Customer,35,Personal Travel,Eco Plus,482,4,3,4,4,1,4,1,1,2,2,4,4,1,2.69,0,0,FALSE
Female,Loyal Customer,31,Personal Travel,Eco,366,3,1,3,4,1,3,1,1,2,1,3,2,1,2,0,0,FALSE
Female,Loyal Customer,40,Business Travel,Business,1760,5,3,5,5,3,4,5,5,5,5,5,3,5,4.46,2,2,TRUE
Male,Loyal Customer,21,Personal Travel,Eco,240,3,5,3,3,4,3,2,4,4,4,4,5,4,3.69,3,2,FALSE
Male,Loyal Customer,46,Business Travel,Business,3733,4,4,4,4,2,4,5,5,5,5,5,3,3,4.08,0,0,TRUE
Female,Loyal Customer,47,Personal Travel,Eco,196,4,4,4,1,2,5,5,3,3,4,3,4,5,3.62,0,0,FALSE
Female,Disloyal Customer,17,Business Travel,Eco,2704,3,3,3,3,1,3,1,1,2,4,4,1,1,2.31,0,,FALSE
Female,Loyal Customer,46,Business Travel,Business,2360,3,5,5,5,1,3,3,1,1,1,3,2,4,2.85,17,17,FALSE
Female,Disloyal Customer,32,Business Travel,Business,912,2,2,2,1,2,2,2,2,3,3,5,5,2,2.54,0,0,FALSE
Female,Disloyal Customer,42,Business Travel,Business,802,2,2,2,4,3,2,3,3,5,2,5,3,3,3,0,0,FALSE
Male,Loyal Customer,32,Personal Travel,Eco Plus,358,2,5,2,1,5,2,5,5,5,5,5,3,5,3.85,0,0,FALSE
Female,Loyal Customer,66,Personal Travel,Eco,409,4,4,4,1,2,1,3,4,4,4,4,2,4,3.15,0,0,FALSE
Male,Loyal Customer,59,Personal Travel,Eco,170,1,4,1,3,5,1,5,5,3,2,5,3,5,3.31,0,6,FALSE
Male,Loyal Customer,44,Personal Travel,Eco,2724,2,5,2,4,2,3,3,3,5,3,4,3,3,3.23,5,0,FALSE
Female,Loyal Customer,49,Business Travel,Business,2385,1,1,1,1,5,5,4,3,3,4,3,4,5,3.08,0,0,TRUE
Female,Disloyal Customer,20,Business Travel,Business,258,4,3,4,3,4,4,4,4,4,4,4,3,4,3.77,0,0,TRUE
Male,Loyal Customer,30,Business Travel,Eco,130,4,5,5,5,4,4,4,4,3,1,3,3,4,3.77,0,3,FALSE
Male,Loyal Customer,25,Business Travel,Business,2218,2,2,2,2,4,4,4,4,5,5,5,4,4,3.62,11,0,TRUE
Male,Disloyal Customer,49,Business Travel,Business,1165,3,3,3,3,3,3,5,3,3,4,4,1,3,3.15,5,4,FALSE
Female,Disloyal Customer,54,Business Travel,Business,397,5,5,5,3,5,5,3,5,4,4,4,5,5,4.46,2,0,TRUE
Male,Loyal Customer,54,Business Travel,Business,1582,4,4,4,4,3,5,5,3,3,3,3,3,3,3.62,0,0,TRUE
Male,Loyal Customer,60,Business Travel,Business,762,2,2,2,2,3,5,5,4,4,4,4,4,5,3.54,0,0,TRUE
Male,Loyal Customer,53,Business Travel,Eco Plus,67,4,3,3,3,4,4,4,4,2,2,3,1,4,3.15,7,10,TRUE
Male,Loyal Customer,60,Personal Travel,Eco,813,2,0,2,3,1,2,1,1,3,2,5,5,1,2.15,0,0,FALSE
Female,Loyal Customer,13,Personal Travel,Business,106,3,5,0,1,3,0,3,3,5,2,4,3,3,2.69,0,0,FALSE
Female,Loyal Customer,55,Personal Travel,Eco,110,2,1,0,3,2,2,3,1,1,0,1,2,4,1.69,0,0,FALSE
Male,Loyal Customer,43,Personal Travel,Eco,2165,3,4,3,4,2,3,2,2,2,5,3,3,2,2.92,0,0,FALSE
Male,Loyal Customer,41,Business Travel,Business,3955,4,5,4,4,2,5,5,4,4,4,4,3,5,4.08,3,0,TRUE
Female,Loyal Customer,55,Business Travel,Business,481,2,2,3,3,4,4,4,2,2,2,2,2,4,2.77,0,0,FALSE
Female,Loyal Customer,28,Personal Travel,Eco,1452,3,4,3,3,1,3,1,1,1,2,4,4,1,2.38,0,0,FALSE
Male,Loyal Customer,25,Business Travel,Business,715,3,3,3,3,3,4,3,3,1,4,2,1,3,2.77,124,110,TRUE
Female,Loyal Customer,38,Business Travel,Business,651,2,4,2,2,5,5,5,4,4,4,4,5,5,3.92,4,0,TRUE
Male,Loyal Customer,22,Business Travel,Business,3754,2,2,2,2,4,4,4,4,3,3,4,5,4,3.31,34,38,TRUE
Female,Disloyal Customer,35,Business Travel,Eco,1047,3,3,3,3,3,3,3,3,4,2,3,3,3,3,0,0,FALSE
Male,Loyal Customer,35,Business Travel,Business,2065,2,1,1,1,4,2,2,2,2,2,2,1,1,1.77,0,0,FALSE
Female,Loyal Customer,29,Personal Travel,Business,674,2,4,2,2,5,2,5,5,5,4,4,3,5,3.69,21,19,FALSE
Male,Disloyal Customer,30,Business Travel,Eco,405,2,4,2,3,3,2,2,3,2,1,3,4,3,2.62,0,0,FALSE
Female,Disloyal Customer,37,Business Travel,Eco,184,3,1,3,3,1,3,1,1,4,1,3,1,1,2,19,15,FALSE
Female,Disloyal Customer,36,Business Travel,Eco,280,1,2,1,3,4,1,2,4,2,5,2,4,4,2.69,0,0,FALSE
Female,Disloyal Customer,21,Business Travel,Business,373,4,0,4,1,2,4,2,2,5,5,4,2,2,2.85,10,13,TRUE
Female,Disloyal Customer,22,Business Travel,Eco,761,3,3,3,4,3,3,3,3,2,5,3,2,3,3.08,12,57,FALSE
Female,Disloyal Customer,42,Business Travel,Business,2248,1,1,1,5,2,1,3,2,3,2,5,4,2,2.46,7,0,FALSE
Male,Disloyal Customer,30,Business Travel,Business,1325,5,5,5,3,4,5,4,4,4,2,4,5,4,4.15,4,0,TRUE
Female,Loyal Customer,16,Personal Travel,Eco Plus,212,3,1,3,4,3,3,3,3,2,1,4,4,3,2.85,0,0,FALSE
Male,Disloyal Customer,23,Business Travel,Business,987,5,0,5,3,1,5,1,1,3,3,4,3,1,2.69,0,0,TRUE
Female,Loyal Customer,51,Personal Travel,Eco,1035,4,4,4,3,4,5,5,3,3,4,3,5,4,3.92,51,61,FALSE
Male,Loyal Customer,20,Personal Travel,Eco,402,1,4,1,4,3,1,3,3,3,3,4,5,3,2.92,0,0,FALSE
Male,Loyal Customer,65,Personal Travel,Eco,1979,3,5,3,3,2,3,2,2,3,5,5,4,2,3.23,3,0,FALSE
Female,Loyal Customer,58,Business Travel,Business,3708,0,4,0,2,3,5,5,5,5,5,5,5,4,3.69,0,0,TRUE
Female,Loyal Customer,34,Personal Travel,Eco,1565,2,5,2,3,3,2,3,3,5,4,5,4,3,3.38,0,18,FALSE
Female,Loyal Customer,32,Personal Travel,Eco,1547,1,5,1,3,3,1,3,3,5,4,5,3,3,3.08,0,0,FALSE
Female,Loyal Customer,54,Personal Travel,Eco,221,3,5,3,1,1,3,3,4,4,3,4,1,2,2.85,0,8,FALSE
Male,Disloyal Customer,30,Business Travel,Eco,870,3,3,3,1,3,2,5,5,5,3,3,5,5,3.54,118,153,FALSE
Female,Loyal Customer,29,Business Travel,Business,1875,4,4,4,4,4,4,4,4,4,2,3,1,4,3.54,0,0,TRUE
Female,Loyal Customer,53,Personal Travel,Eco,373,4,4,4,3,3,5,5,5,5,4,5,5,4,4.31,7,0,TRUE
Female,Loyal Customer,41,Business Travel,Business,1590,5,5,5,5,5,3,4,5,5,5,5,5,5,4.77,0,0,TRUE
Male,Loyal Customer,46,Business Travel,Business,1731,2,2,2,2,3,1,4,5,5,4,5,4,4,3.31,0,0,TRUE
Male,Loyal Customer,23,Personal Travel,Eco,727,2,3,2,2,2,2,2,2,2,2,1,1,2,1.92,0,0,FALSE
Female,Loyal Customer,20,Personal Travel,Eco,1250,2,3,2,4,2,2,2,2,2,2,3,3,2,2.38,13,0,FALSE
Female,Loyal Customer,43,Personal Travel,Business,1167,4,4,4,3,3,4,4,2,2,4,2,1,3,3.08,0,0,FALSE
Male,Loyal Customer,56,Business Travel,Business,3397,3,1,1,1,5,3,3,3,3,3,3,2,4,2.69,0,0,FALSE
Male,Loyal Customer,32,Personal Travel,Eco Plus,462,2,3,2,2,1,2,1,1,4,2,4,1,1,2,46,61,FALSE
Male,Loyal Customer,57,Business Travel,Business,130,5,5,5,5,5,4,5,4,4,4,5,3,4,4.46,31,25,TRUE
Male,Disloyal Customer,50,Business Travel,Business,1096,5,5,5,4,1,5,1,1,4,5,5,5,1,3.62,0,0,TRUE
Female,Loyal Customer,40,Personal Travel,Eco,461,3,4,3,1,2,3,2,2,4,3,4,5,2,2.92,0,0,FALSE
Female,Loyal Customer,17,Business Travel,Business,671,4,4,4,4,4,4,4,4,5,5,4,3,4,4.08,0,12,TRUE
Male,Loyal Customer,24,Business Travel,Business,302,0,0,0,4,4,4,4,4,3,3,3,1,4,2.62,0,0,TRUE
Female,Loyal Customer,38,Personal Travel,Eco,2454,3,2,3,2,3,3,3,2,2,3,2,3,3,2.62,0,14,FALSE
Male,Loyal Customer,33,Business Travel,Eco,541,1,2,2,2,1,1,1,1,4,3,3,1,1,1.77,0,8,FALSE
Female,Loyal Customer,65,Business Travel,Business,1888,5,3,5,5,2,1,2,4,4,4,4,3,3,3.46,1,2,TRUE
Female,Disloyal Customer,62,Business Travel,Business,647,1,1,1,1,2,1,2,2,4,2,4,3,2,2,0,0,FALSE
Male,Loyal Customer,55,Business Travel,Business,2900,0,1,1,4,2,5,4,3,3,3,3,4,3,2.77,0,0,TRUE
Male,Loyal Customer,53,Business Travel,Eco,337,4,3,3,3,4,4,4,4,4,4,5,3,4,3.77,17,11,TRUE
Female,Loyal Customer,41,Business Travel,Business,3635,2,2,2,2,2,5,4,5,5,5,5,5,5,3.77,0,0,TRUE
Female,Loyal Customer,47,Business Travel,Business,406,4,4,4,4,4,5,5,4,4,5,4,3,5,4.23,0,0,TRUE
Female,Loyal Customer,45,Business Travel,Business,545,3,3,3,3,2,5,4,5,5,5,5,5,4,4,39,33,TRUE
Female,Loyal Customer,10,Business Travel,Business,872,1,4,4,4,2,1,1,1,5,3,3,1,1,2.38,277,345,FALSE
Female,Loyal Customer,56,Business Travel,Eco,563,5,4,4,4,5,5,5,5,5,5,5,2,5,4.54,0,0,TRUE
Female,Loyal Customer,61,Personal Travel,Eco,1107,2,4,2,1,4,4,4,1,1,2,1,3,3,2.46,0,0,FALSE
Female,Disloyal Customer,45,Business Travel,Business,452,5,4,4,2,3,5,3,3,4,3,4,4,3,3.62,21,6,TRUE
Male,Disloyal Customer,57,Business Travel,Business,213,4,4,4,5,3,4,3,3,5,3,4,4,3,3.77,0,0,TRUE
Female,Loyal Customer,50,Personal Travel,Business,986,2,5,1,5,5,4,5,4,4,1,4,5,5,3.85,0,5,FALSE
Female,Disloyal Customer,49,Business Travel,Eco,1013,1,1,1,4,3,1,3,3,1,5,3,3,3,2.46,47,45,FALSE
Female,Loyal Customer,26,Personal Travel,Eco,1846,4,4,4,3,3,4,3,3,4,2,5,4,3,3.54,0,6,FALSE
Female,Loyal Customer,59,Business Travel,Business,2202,2,2,2,2,4,4,5,5,5,5,5,3,5,3.77,10,11,TRUE
Female,Disloyal Customer,27,Business Travel,Eco,154,2,3,2,4,1,2,1,1,3,3,4,1,1,2.15,0,0,FALSE
Female,Loyal Customer,46,Business Travel,Business,427,3,3,3,3,3,4,4,5,5,5,5,3,3,3.77,0,0,TRUE
Male,Loyal Customer,56,Business Travel,Eco,762,2,4,4,4,2,2,2,2,4,4,4,4,2,3.08,0,0,FALSE
Female,Loyal Customer,38,Personal Travel,Eco,236,2,5,0,4,2,0,2,2,3,5,5,4,2,2.77,0,0,FALSE
Male,Loyal Customer,52,Business Travel,Business,3311,3,3,2,3,4,4,5,4,4,4,4,3,4,3.62,1,3,TRUE
Male,Loyal Customer,41,Business Travel,Business,862,5,5,5,5,2,4,5,5,5,5,5,4,5,4.62,0,0,TRUE
Male,Loyal Customer,30,Business Travel,Business,529,3,3,3,3,5,5,5,5,4,2,5,4,5,4,108,84,TRUE
Female,Loyal Customer,26,Personal Travel,Eco,221,0,2,0,4,5,0,5,5,2,5,3,4,5,3.08,0,0,TRUE
Male,Disloyal Customer,47,Business Travel,Eco,101,3,0,3,4,4,3,4,4,5,1,2,3,4,3.08,0,0,FALSE
Male,Loyal Customer,32,Business Travel,Business,3998,4,4,4,4,4,4,4,4,5,4,4,5,4,4.15,0,0,TRUE
Female,Loyal Customer,16,Personal Travel,Eco,109,1,2,1,2,2,1,2,2,3,3,5,3,2,2.23,0,0,FALSE
Male,Loyal Customer,10,Personal Travel,Eco,489,3,0,4,3,2,4,3,2,5,2,5,4,2,3,0,10,FALSE
Male,Loyal Customer,45,Business Travel,Business,3178,5,5,5,5,4,1,1,4,4,4,5,4,2,3.77,8,7,TRUE
Male,Loyal Customer,48,Business Travel,Business,936,5,5,5,5,1,5,5,5,5,5,5,2,3,4.31,12,0,TRUE
Female,Loyal Customer,27,Business Travel,Eco,1015,1,4,4,4,1,1,1,1,3,5,3,2,1,2.38,0,0,FALSE
Female,Loyal Customer,27,Business Travel,Business,3729,2,2,5,2,4,4,4,4,4,4,5,4,4,3.69,0,0,TRUE
Female,Disloyal Customer,30,Business Travel,Business,1288,4,4,4,1,4,1,1,3,5,5,5,1,1,3,0,3,TRUE
Female,Loyal Customer,45,Personal Travel,Eco,163,3,2,0,4,3,3,4,2,2,0,2,1,3,2.23,0,0,FALSE
Male,Loyal Customer,51,Business Travel,Eco,349,3,3,3,3,3,3,3,3,3,1,3,1,3,2.69,0,0,FALSE
Male,Loyal Customer,42,Business Travel,Business,1519,4,4,4,4,4,4,4,3,3,3,3,4,5,3.77,0,0,TRUE
Female,Loyal Customer,13,Personal Travel,Eco,164,2,4,2,3,2,1,1,5,5,5,5,1,1,2.85,291,317,FALSE
Male,Loyal Customer,45,Personal Travel,Eco,1744,2,4,2,5,3,2,3,3,4,4,4,4,3,3.31,32,22,FALSE
Female,Loyal Customer,31,Business Travel,Business,3123,4,4,2,4,4,4,4,4,4,2,1,1,4,3.23,10,0,TRUE
Male,Loyal Customer,58,Business Travel,Business,3585,3,3,3,3,1,4,4,3,3,3,3,4,4,3.15,0,0,FALSE
Male,Loyal Customer,22,Business Travel,Business,3533,5,5,5,5,3,4,3,3,5,5,5,5,3,4.31,61,80,TRUE
Male,Loyal Customer,23,Personal Travel,Eco,862,3,4,3,2,3,3,3,3,5,2,4,4,3,3.23,0,0,FALSE
Female,Loyal Customer,56,Business Travel,Eco,991,3,2,2,2,4,2,2,3,3,3,3,1,4,2.62,0,0,FALSE
Female,Loyal Customer,45,Business Travel,Business,1585,2,2,2,2,5,5,4,5,5,5,5,5,4,3.92,0,0,TRUE
Female,Loyal Customer,41,Business Travel,Business,2218,5,4,5,5,4,4,4,5,5,5,5,4,5,4.62,0,0,TRUE
Female,Loyal Customer,29,Personal Travel,Eco,919,4,5,4,5,3,4,3,3,5,2,5,3,3,3.77,0,0,FALSE
Male,Loyal Customer,66,Personal Travel,Eco,1124,4,1,4,4,2,4,2,2,1,3,2,3,2,2.62,0,0,TRUE
Male,Disloyal Customer,63,Business Travel,Eco,583,2,0,2,4,2,2,2,5,5,5,5,2,2,2.92,217,217,FALSE
Female,Loyal Customer,59,Business Travel,Business,1925,2,4,4,4,1,4,4,2,2,2,2,2,1,2.62,0,0,FALSE
Male,Loyal Customer,60,Personal Travel,Eco,371,3,1,3,3,4,3,4,4,3,4,3,3,4,3.23,0,0,FALSE
Male,Loyal Customer,21,Personal Travel,Eco,579,3,4,3,3,3,3,2,3,5,3,5,3,3,3.31,0,0,FALSE
Male,Loyal Customer,59,Business Travel,Business,545,4,5,5,5,4,4,4,4,4,4,4,1,3,3.92,11,0,FALSE
Male,Loyal Customer,47,Personal Travel,Eco,318,1,5,1,3,4,1,4,4,5,5,3,3,4,3.31,0,0,FALSE
Male,Loyal Customer,29,Business Travel,Business,2515,1,1,1,1,1,1,1,1,1,1,3,1,1,1.15,35,37,FALSE
Male,Loyal Customer,37,Business Travel,Eco Plus,264,2,2,2,2,2,2,2,2,2,1,4,2,2,2.08,7,0,FALSE
Female,Loyal Customer,29,Personal Travel,Eco,907,2,5,2,4,2,2,2,2,5,5,5,3,2,3.15,0,1,FALSE
Female,Loyal Customer,24,Personal Travel,Eco,913,3,4,3,3,5,3,5,5,3,4,4,5,5,4,4,10,FALSE
Male,Disloyal Customer,52,Business Travel,Eco,488,2,3,2,4,3,2,3,3,1,3,3,1,3,2.54,0,0,FALSE
Female,Disloyal Customer,40,Business Travel,Business,95,5,5,5,4,2,5,2,2,1,3,2,4,2,3.23,3,16,TRUE
Female,Disloyal Customer,26,Business Travel,Eco,773,4,4,4,3,5,4,5,5,3,5,4,4,5,4.23,0,0,FALSE
Male,Loyal Customer,51,Business Travel,Business,455,1,5,5,5,1,4,3,1,1,1,1,2,4,2.62,0,0,FALSE
Female,Loyal Customer,49,Personal Travel,Eco,374,3,4,3,5,3,3,1,5,5,3,5,4,1,3.46,6,3,FALSE
Female,Loyal Customer,15,Personal Travel,Eco,442,4,4,4,4,3,4,3,3,5,4,5,3,3,3.77,3,0,FALSE
Male,Loyal Customer,67,Business Travel,Eco,666,3,3,3,3,3,3,3,2,3,4,3,3,3,3,149,132,FALSE
Male,Loyal Customer,54,Business Travel,Business,270,2,2,4,2,5,5,4,5,5,4,5,3,3,3.77,0,0,TRUE
Male,Loyal Customer,39,Business Travel,Eco,872,4,5,5,5,4,4,4,5,3,4,2,4,4,4.08,137,127,TRUE
Male,Loyal Customer,61,Business Travel,Business,1947,1,3,3,3,1,3,2,1,1,2,1,4,2,2.08,0,0,FALSE
Male,Loyal Customer,24,Personal Travel,Eco,689,1,5,1,5,1,1,1,1,5,4,4,3,1,2.54,0,0,FALSE
Male,Loyal Customer,52,Business Travel,Eco,164,4,4,4,4,5,4,5,5,3,2,2,2,5,3.77,43,39,TRUE
Female,Disloyal Customer,25,Business Travel,Eco,2994,2,2,2,4,2,4,2,2,1,4,4,2,2,2.54,306,278,FALSE
Male,Loyal Customer,47,Personal Travel,Eco,515,4,4,4,1,4,4,4,4,4,5,4,5,4,3.92,0,0,TRUE
Male,Loyal Customer,43,Business Travel,Business,2011,2,2,2,2,5,5,5,4,4,4,4,5,3,3.62,17,8,TRUE
Male,Loyal Customer,35,Business Travel,Eco,447,1,3,3,3,1,2,1,1,4,1,2,4,1,2.08,0,0,TRUE
Male,Loyal Customer,54,Business Travel,Business,1790,5,5,5,5,2,5,2,2,2,2,2,4,3,3.38,0,0,TRUE
Female,Loyal Customer,7,Personal Travel,Eco,1065,4,5,4,2,2,4,2,2,5,2,5,4,2,3.31,2,0,FALSE
Female,Loyal Customer,49,Business Travel,Business,2146,1,1,2,1,3,4,5,5,5,5,5,3,5,3.46,0,0,TRUE
Female,Loyal Customer,53,Business Travel,Business,2243,1,1,1,1,5,5,5,4,4,5,4,3,4,3.31,0,0,TRUE
Female,Loyal Customer,36,Personal Travel,Eco,733,5,3,5,2,5,5,5,5,5,3,5,4,5,4.38,0,0,TRUE
Female,Disloyal Customer,28,Business Travel,Eco Plus,2496,3,3,3,4,3,4,4,2,2,2,3,4,4,3.15,0,0,FALSE
Female,Loyal Customer,54,Personal Travel,Eco Plus,259,2,4,2,4,3,4,5,1,1,2,1,1,5,2.69,76,67,FALSE
Male,Loyal Customer,27,Business Travel,Business,1416,2,2,2,2,5,5,5,5,5,3,4,4,5,3.77,5,34,TRUE
Female,Loyal Customer,35,Business Travel,Business,1630,3,3,3,3,4,1,2,5,5,5,5,4,3,3.54,0,0,TRUE
Male,Loyal Customer,16,Personal Travel,Eco,770,3,5,3,4,4,3,4,4,3,3,4,5,4,3.77,48,44,FALSE
Male,Loyal Customer,38,Business Travel,Eco Plus,2640,5,5,5,5,5,5,5,5,2,2,5,4,5,4.46,0,0,TRUE
Female,Disloyal Customer,47,Business Travel,Eco,409,1,4,1,4,4,1,4,4,3,3,3,3,4,3,0,0,FALSE
Male,Loyal Customer,68,Personal Travel,Eco,1187,2,1,2,2,2,2,2,2,2,5,2,1,2,2.08,0,0,FALSE
Female,Loyal Customer,25,Business Travel,Business,414,5,5,5,5,4,4,4,4,3,5,4,5,4,4.38,6,21,TRUE
Male,Loyal Customer,30,Personal Travel,Eco,347,3,5,5,4,3,5,3,3,4,4,5,4,3,3.92,0,0,FALSE
Male,Loyal Customer,69,Personal Travel,Eco,759,2,4,2,4,2,2,2,2,3,4,4,4,2,2.85,4,0,FALSE
Female,Disloyal Customer,17,Business Travel,Eco,542,2,4,2,3,5,2,5,5,3,1,4,4,5,3.46,0,0,FALSE
Male,Loyal Customer,67,Personal Travel,Eco,1117,2,2,2,3,5,2,5,5,2,2,3,4,5,3.23,0,0,FALSE
Female,Loyal Customer,46,Business Travel,Eco,853,4,1,5,1,1,5,5,4,4,4,4,4,4,3.54,17,0,TRUE
Male,Loyal Customer,54,Business Travel,Business,3304,5,5,5,5,3,4,5,5,5,5,5,3,4,4.54,0,0,TRUE
Male,Loyal Customer,54,Personal Travel,Eco,414,1,2,1,4,1,4,4,3,4,4,4,4,4,3.08,178,165,FALSE
Female,Loyal Customer,47,Business Travel,Business,812,5,5,5,5,2,5,5,4,4,4,4,4,4,4.31,124,112,TRUE
Female,Loyal Customer,46,Business Travel,Eco,349,3,4,4,4,2,1,2,3,3,3,3,2,4,2.92,0,0,FALSE
Female,Loyal Customer,62,Personal Travel,Eco,280,1,4,1,3,4,4,4,4,4,1,4,4,3,3.15,0,4,FALSE
Female,Loyal Customer,20,Business Travel,Business,792,3,3,3,3,4,4,4,4,3,3,1,1,4,3.08,6,0,TRUE
Female,Disloyal Customer,31,Business Travel,Eco,779,2,2,2,4,2,2,2,2,1,4,2,1,2,2.15,36,23,FALSE
Male,Loyal Customer,30,Personal Travel,Eco Plus,669,4,4,4,3,5,4,5,5,5,2,4,3,5,4.08,81,67,FALSE
Female,Disloyal Customer,23,Business Travel,Eco,1129,3,3,3,3,3,5,3,1,2,4,4,3,3,3.08,201,190,FALSE
Male,Loyal Customer,13,Personal Travel,Eco,1136,2,4,2,3,3,2,3,3,3,5,5,4,3,3.23,7,4,FALSE
Male,Loyal Customer,8,Business Travel,Business,571,2,2,5,2,5,5,5,5,1,3,4,5,5,3.77,0,0,TRUE
Male,Loyal Customer,23,Business Travel,Business,1211,2,2,2,2,4,4,4,4,2,3,5,5,4,3.31,13,0,TRUE
Female,Loyal Customer,22,Business Travel,Business,3834,1,2,2,2,1,1,1,1,3,2,2,3,1,1.69,4,11,FALSE
Female,Loyal Customer,60,Business Travel,Eco Plus,332,2,4,4,4,1,2,2,2,2,2,2,2,1,2.31,64,79,FALSE
Male,Loyal Customer,54,Business Travel,Business,1546,1,1,1,1,4,4,5,4,4,4,4,3,3,3,15,21,TRUE
Female,Loyal Customer,52,Business Travel,Eco,308,3,4,4,4,2,4,4,3,3,3,3,2,3,3.23,0,0,FALSE
Male,Loyal Customer,51,Business Travel,Business,190,3,3,3,3,5,4,4,5,5,5,4,4,4,4,0,0,TRUE
Female,Loyal Customer,45,Business Travel,Business,2899,3,3,5,3,2,5,4,5,5,5,5,5,5,4.23,0,0,TRUE
Female,Loyal Customer,70,Business Travel,Business,2207,3,1,2,1,4,4,3,3,3,3,3,4,3,2.85,5,3,FALSE
Female,Loyal Customer,28,Personal Travel,Eco,837,2,4,2,4,4,2,4,4,4,4,4,5,4,3.62,7,0,FALSE
Male,Loyal Customer,32,Personal Travel,Eco,544,2,5,2,4,3,2,3,3,1,1,3,1,3,2.54,0,0,FALSE
Female,Loyal Customer,61,Personal Travel,Eco,2717,2,5,2,1,2,4,5,4,4,2,4,3,4,3.23,0,0,FALSE
Male,Loyal Customer,31,Business Travel,Business,1035,4,4,4,4,4,4,4,4,4,1,3,4,4,3.69,31,19,TRUE
Female,Loyal Customer,42,Business Travel,Business,3670,2,1,1,1,4,3,4,2,2,2,2,3,3,2.31,0,9,FALSE
Male,Loyal Customer,39,Business Travel,Eco Plus,925,4,4,4,4,4,4,4,4,2,1,2,5,4,3.54,0,0,TRUE
Female,Loyal Customer,47,Business Travel,Business,581,2,2,2,2,3,5,4,5,5,5,5,3,5,3.69,0,0,TRUE
Male,Loyal Customer,22,Business Travel,Business,1562,3,3,3,3,4,4,4,4,4,4,5,5,4,3.85,21,0,TRUE
Female,Loyal Customer,14,Personal Travel,Eco Plus,192,2,5,0,4,4,0,4,4,5,4,5,5,4,3.54,10,8,FALSE
Male,Loyal Customer,55,Business Travel,Business,1246,2,2,2,2,2,5,4,5,5,5,5,4,4,3.62,7,0,TRUE
Male,Disloyal Customer,24,Business Travel,Business,546,0,5,0,4,2,0,2,2,4,4,4,3,2,2.46,0,0,TRUE
Female,Loyal Customer,10,Personal Travel,Eco,954,3,1,3,2,3,3,3,3,2,5,1,1,3,2.54,0,0,FALSE
Male,Disloyal Customer,25,Business Travel,Business,925,3,4,3,2,3,3,5,3,4,2,5,4,3,3.38,6,10,FALSE
Male,Loyal Customer,34,Business Travel,Business,2360,1,1,1,1,3,4,5,4,4,4,4,5,3,3.08,13,0,TRUE
Female,Loyal Customer,33,Business Travel,Business,2067,3,4,4,4,4,3,4,3,3,4,3,4,3,3.54,57,73,FALSE
Female,Loyal Customer,23,Business Travel,Eco,163,5,1,1,1,5,5,4,5,4,5,3,4,5,3.69,0,0,TRUE
Female,Loyal Customer,54,Business Travel,Business,3516,5,5,3,5,3,5,5,5,5,5,5,5,3,4.54,106,104,TRUE
Male,Loyal Customer,54,Business Travel,Business,272,0,0,0,4,4,5,5,3,3,3,3,4,3,2.85,12,3,TRUE
Female,Disloyal Customer,39,Business Travel,Business,373,4,4,4,4,1,4,1,1,3,1,2,4,1,2.62,17,15,TRUE
Female,Loyal Customer,32,Business Travel,Business,214,3,3,3,3,4,4,5,4,4,3,4,4,4,3.69,0,0,TRUE
Female,Loyal Customer,55,Business Travel,Eco,86,3,1,1,1,3,2,3,3,3,3,3,2,4,2.46,0,0,FALSE
Female,Loyal Customer,31,Business Travel,Business,1508,1,1,1,1,5,5,5,5,4,4,3,3,5,3.31,10,0,TRUE
Male,Loyal Customer,28,Business Travel,Business,733,5,5,4,5,5,5,5,5,3,5,4,5,5,4.69,219,249,TRUE
Male,Disloyal Customer,39,Business Travel,Business,180,4,4,4,2,4,4,4,4,5,5,5,4,4,4.08,10,5,TRUE
Female,Loyal Customer,54,Business Travel,Business,3428,5,5,5,5,3,5,5,4,4,4,4,5,5,4.54,41,21,TRUE
Female,Loyal Customer,22,Business Travel,Business,192,5,5,5,5,5,5,3,5,2,4,4,4,5,4.38,4,2,TRUE
Female,Loyal Customer,35,Personal Travel,Eco,510,1,4,5,2,1,5,1,1,2,2,4,5,1,2.62,48,35,FALSE
Male,Disloyal Customer,54,Business Travel,Business,978,5,5,5,3,5,5,5,5,3,2,4,3,5,4.23,7,0,TRUE
Male,Loyal Customer,47,Business Travel,Business,250,4,4,4,4,4,4,5,4,4,4,4,5,4,4.15,0,0,TRUE
Female,Loyal Customer,49,Business Travel,Business,3970,4,4,4,4,3,5,5,5,5,5,5,3,5,4.38,0,0,TRUE
Male,Disloyal Customer,7,Business Travel,Eco,802,3,3,3,3,5,3,5,5,1,2,3,2,5,3.31,19,1,FALSE
Female,Loyal Customer,10,Business Travel,Eco Plus,1010,3,1,1,1,3,4,1,3,1,5,4,3,3,2.54,0,0,FALSE
Male,Loyal Customer,46,Personal Travel,Eco,414,2,2,2,1,4,2,4,4,1,3,2,1,4,2.46,0,0,FALSE
Male,Loyal Customer,57,Personal Travel,Eco,1249,3,4,3,1,4,3,4,4,4,5,3,5,4,3.62,0,0,FALSE
Female,Loyal Customer,31,Business Travel,Eco,1190,3,5,5,5,3,3,3,3,3,1,4,1,3,3.23,3,0,FALSE
Female,Loyal Customer,28,Business Travel,Business,1975,2,2,2,2,4,4,4,4,4,4,4,3,4,3.31,72,59,TRUE
Female,Loyal Customer,53,Personal Travel,Eco,397,3,4,3,1,5,4,4,2,2,3,2,3,4,3.08,122,104,FALSE
Male,Loyal Customer,27,Business Travel,Business,3875,3,3,3,3,5,5,5,5,1,4,4,5,5,3.92,0,0,TRUE
Female,Loyal Customer,45,Business Travel,Business,2521,2,2,2,2,3,3,5,4,4,4,4,4,4,3.31,20,10,TRUE
Female,Disloyal Customer,22,Business Travel,Business,101,4,1,4,3,5,4,5,5,1,1,3,4,5,3.46,0,0,FALSE
Female,Loyal Customer,59,Personal Travel,Eco,1452,1,1,0,4,4,3,3,3,3,0,3,1,4,2.31,83,90,FALSE
Male,Loyal Customer,30,Business Travel,Business,879,1,5,5,5,1,1,1,1,1,3,4,1,1,2.31,0,5,FALSE
Male,Loyal Customer,55,Business Travel,Business,3807,2,4,4,4,3,3,3,2,2,2,2,4,1,2.77,7,0,FALSE
Male,Loyal Customer,45,Business Travel,Business,2987,1,1,1,1,2,4,4,5,5,5,4,5,3,3.15,0,0,TRUE
Male,Loyal Customer,26,Personal Travel,Eco,1660,4,1,4,4,5,4,5,5,2,1,4,2,5,3.54,0,0,TRUE
Female,Disloyal Customer,20,Business Travel,Eco,425,2,5,2,2,4,2,2,4,5,2,2,3,4,3,62,51,FALSE
Male,Loyal Customer,55,Business Travel,Business,1072,4,4,4,4,3,4,5,4,4,4,4,3,5,4,0,0,TRUE
Female,Loyal Customer,50,Business Travel,Business,3397,2,3,3,3,3,4,3,4,4,4,2,4,2,3.15,0,0,FALSE
Male,Loyal Customer,26,Business Travel,Business,1047,2,4,4,4,2,3,2,2,2,2,3,2,2,2.62,0,0,FALSE
Female,Disloyal Customer,9,Business Travel,Eco,783,1,1,1,2,3,1,3,3,1,4,3,1,3,2.08,0,0,FALSE
Male,Loyal Customer,29,Business Travel,Business,563,5,5,5,5,4,5,4,4,3,3,5,3,4,4.23,100,87,TRUE
Male,Disloyal Customer,25,Business Travel,Eco,817,3,3,3,4,4,3,4,4,4,2,4,1,4,3.31,0,0,FALSE
Female,Loyal Customer,48,Business Travel,Business,602,3,3,3,3,5,5,5,5,5,5,5,4,3,4.15,0,0,TRUE
Male,Loyal Customer,56,Business Travel,Business,109,4,4,4,4,4,5,5,5,5,5,4,4,4,4.38,0,17,TRUE
Female,Disloyal Customer,29,Business Travel,Eco,89,2,5,2,3,4,2,4,4,1,4,3,2,4,3.08,1,0,FALSE
Male,Loyal Customer,59,Business Travel,Business,226,5,5,5,5,4,4,5,4,4,4,4,5,5,4.54,0,0,TRUE
Male,Disloyal Customer,43,Business Travel,Eco,391,3,2,3,3,3,3,3,3,4,3,3,4,3,3.08,0,0,FALSE
Female,Loyal Customer,55,Personal Travel,Eco Plus,594,3,4,3,3,4,4,4,1,1,3,1,1,2,2.62,4,0,FALSE
Male,Loyal Customer,41,Business Travel,Business,201,4,4,4,4,2,4,4,4,4,4,5,5,3,3.92,0,0,TRUE
Female,Loyal Customer,55,Personal Travel,Eco,280,3,4,4,1,3,5,1,2,2,4,2,1,2,2.62,0,0,FALSE
Male,Loyal Customer,57,Business Travel,Business,3014,3,3,3,3,3,4,4,5,5,4,5,5,5,4,4,6,TRUE
Male,Disloyal Customer,25,Business Travel,Business,1464,0,0,0,4,5,0,5,5,5,3,4,5,5,3.15,21,27,TRUE
Male,Disloyal Customer,49,Business Travel,Business,819,4,4,4,3,4,4,4,4,3,5,5,3,4,3.92,0,0,FALSE
Female,Loyal Customer,39,Business Travel,Business,3660,4,2,2,2,2,3,3,4,4,4,4,4,1,3,65,55,FALSE
Female,Loyal Customer,24,Personal Travel,Eco,239,1,5,1,4,4,1,4,4,5,4,5,4,4,3.54,32,20,FALSE
Male,Loyal Customer,57,Business Travel,Business,3519,2,2,2,2,2,5,4,5,5,5,5,4,5,3.69,29,26,TRUE
Male,Loyal Customer,51,Business Travel,Business,862,3,3,3,3,4,5,3,5,5,5,5,3,5,4,0,0,TRUE
Male,Loyal Customer,38,Business Travel,Business,216,5,5,5,5,3,4,5,4,4,4,4,4,4,4.31,29,24,TRUE
Female,Loyal Customer,68,Personal Travel,Eco,2279,3,3,3,3,2,3,2,2,2,3,2,2,1,2.38,2,8,FALSE
Male,Loyal Customer,41,Business Travel,Business,1180,3,3,3,3,5,5,5,3,2,4,4,5,5,3.85,132,130,TRUE
Male,Loyal Customer,58,Business Travel,Business,2958,3,4,4,4,2,4,3,3,3,3,3,2,4,3.23,29,40,FALSE
Male,Disloyal Customer,35,Business Travel,Eco,255,2,0,2,3,1,2,1,1,3,1,1,4,1,1.69,0,0,FALSE
Female,Loyal Customer,21,Personal Travel,Eco,587,2,3,2,4,4,2,4,4,4,1,3,1,4,2.92,8,0,FALSE
Male,Disloyal Customer,17,Business Travel,Eco,551,2,0,3,3,2,3,2,2,2,5,3,1,2,2.31,0,0,FALSE
Male,Loyal Customer,68,Personal Travel,Eco,2556,3,1,4,4,5,4,5,5,2,5,3,2,5,3.69,0,0,FALSE
Female,Loyal Customer,47,Business Travel,Eco,594,2,2,2,2,5,3,4,3,3,2,3,2,3,2.77,73,60,FALSE
Male,Loyal Customer,67,Personal Travel,Eco Plus,301,3,5,3,3,5,3,5,5,2,1,4,2,5,3.54,0,12,FALSE
Female,Loyal Customer,65,Business Travel,Eco,325,3,1,1,1,5,3,3,3,3,3,3,3,2,2.62,27,16,FALSE
Female,Loyal Customer,65,Personal Travel,Eco,1514,3,4,3,2,5,4,4,3,3,3,3,4,5,3.54,0,0,FALSE
Female,Loyal Customer,56,Business Travel,Business,3408,4,4,4,4,3,5,4,5,5,5,5,3,3,4.15,93,92,TRUE
Male,Loyal Customer,53,Business Travel,Business,888,5,5,5,5,2,5,4,5,5,5,5,5,3,4.54,9,0,TRUE
Male,Loyal Customer,52,Business Travel,Eco,2422,3,3,3,3,3,3,3,1,1,3,4,3,3,2.77,0,0,FALSE
Male,Disloyal Customer,12,Business Travel,Eco,942,2,2,2,4,1,2,1,1,3,1,3,2,1,1.92,73,67,FALSE
Male,Loyal Customer,25,Business Travel,Business,1726,1,3,3,3,1,1,1,1,2,3,3,1,1,1.85,32,5,FALSE
Male,Disloyal Customer,37,Business Travel,Eco Plus,253,1,0,0,4,4,0,4,4,1,4,3,5,4,2.62,13,12,FALSE
Female,Loyal Customer,80,Business Travel,Business,3318,1,3,3,3,5,4,3,1,1,1,1,1,3,2.31,13,6,FALSE
Female,Loyal Customer,67,Business Travel,Eco,381,3,5,3,3,2,4,4,3,3,3,3,3,4,3.31,21,21,FALSE
Female,Loyal Customer,31,Business Travel,Eco Plus,393,3,1,1,1,3,3,3,3,4,3,1,3,3,2.46,0,0,FALSE
Female,Loyal Customer,30,Business Travel,Business,802,2,1,2,2,4,4,4,4,4,5,4,5,4,3.46,0,0,TRUE
Female,Loyal Customer,58,Business Travel,Business,3451,5,5,5,5,5,5,4,3,3,3,3,3,5,4.15,0,3,TRUE
Female,Loyal Customer,52,Personal Travel,Eco Plus,1076,2,5,1,1,3,5,5,2,2,1,3,5,4,3,0,0,FALSE
Female,Loyal Customer,40,Personal Travel,Eco,472,4,0,4,1,5,4,5,5,4,2,4,4,5,3.62,0,0,FALSE
Female,Loyal Customer,59,Personal Travel,Eco,372,3,0,3,3,2,5,2,2,2,3,4,5,5,3,64,67,FALSE
Male,Loyal Customer,52,Business Travel,Business,2463,3,2,2,2,2,4,4,3,3,2,3,3,1,2.62,33,34,FALSE
Male,Loyal Customer,49,Business Travel,Eco Plus,667,2,4,4,4,2,2,2,2,2,3,2,4,2,2.69,35,39,FALSE
Female,Loyal Customer,32,Business Travel,Business,680,1,1,1,1,4,4,4,4,5,4,4,4,4,3.15,2,14,TRUE
Male,Disloyal Customer,38,Business Travel,Eco,373,4,1,4,1,4,4,4,4,1,2,1,2,4,2.77,0,0,FALSE
Female,Loyal Customer,48,Business Travel,Eco,488,3,5,5,5,1,3,3,3,3,3,3,3,1,3.15,15,17,FALSE
Female,Loyal Customer,8,Personal Travel,Eco,639,3,4,3,2,5,3,5,5,3,5,5,3,5,3.92,9,0,FALSE
Male,Loyal Customer,63,Personal Travel,Eco,1216,4,5,3,1,4,3,4,4,3,4,3,3,4,3.46,0,0,FALSE
Female,Loyal Customer,50,Business Travel,Business,337,3,3,2,2,5,4,3,3,3,3,3,3,1,2.92,39,55,FALSE
Female,Loyal Customer,26,Business Travel,Business,2709,2,2,2,2,5,5,5,5,4,2,5,5,5,3.77,0,11,TRUE
Male,Loyal Customer,58,Business Travel,Business,2746,4,4,4,4,4,5,5,5,5,5,5,3,3,4.31,22,12,TRUE
Female,Loyal Customer,17,Personal Travel,Eco,1046,1,5,1,1,4,1,1,4,3,3,5,3,4,2.77,1,20,FALSE
Male,Loyal Customer,43,Business Travel,Business,2954,3,2,2,2,5,4,4,2,2,1,3,3,3,2.77,0,0,FALSE
Female,Loyal Customer,21,Business Travel,Business,954,2,3,3,3,2,2,2,2,4,2,2,4,2,2.54,12,6,FALSE
Male,Loyal Customer,46,Personal Travel,Eco,2296,1,5,0,4,4,0,4,4,3,5,4,3,4,3.15,0,0,FALSE
Male,Loyal Customer,17,Personal Travel,Eco,761,5,4,5,1,2,5,1,2,3,2,5,5,2,3.23,0,0,TRUE
Female,Loyal Customer,51,Business Travel,Business,3937,4,1,4,4,4,5,4,5,5,5,5,3,3,4,1,0,TRUE
Male,Loyal Customer,11,Personal Travel,Eco,577,4,5,4,2,1,4,1,1,5,3,5,4,1,3.08,10,12,FALSE
Female,Loyal Customer,46,Business Travel,Business,918,3,3,3,3,5,4,5,4,4,4,4,5,3,3.85,0,0,TRUE
Female,Loyal Customer,58,Business Travel,Business,2896,1,1,1,1,2,5,4,5,5,5,5,5,3,3.31,21,40,TRUE
Male,Loyal Customer,15,Personal Travel,Eco,646,4,3,4,4,2,4,2,2,1,1,4,3,2,2.77,2,0,FALSE
Male,Loyal Customer,51,Business Travel,Eco,436,1,3,3,3,1,1,1,1,4,5,3,2,1,2.23,0,11,FALSE
Male,Loyal Customer,23,Personal Travel,Eco,448,4,4,4,5,4,4,4,4,5,5,5,3,4,4.23,0,0,FALSE
Female,Loyal Customer,40,Business Travel,Business,554,2,2,2,2,1,3,4,2,2,2,2,3,4,2.38,0,0,FALSE
Female,Loyal Customer,32,Business Travel,Business,2342,1,2,2,2,1,1,1,1,1,1,2,3,1,1.46,37,24,FALSE
Male,Loyal Customer,65,Business Travel,Business,421,2,2,2,2,4,3,3,2,2,2,2,1,2,2.23,0,8,FALSE
Female,Loyal Customer,43,Business Travel,Eco,813,3,1,1,1,5,3,4,3,3,3,3,2,3,2.69,4,3,FALSE
Male,Loyal Customer,50,Business Travel,Eco,1185,4,5,5,5,3,4,3,3,4,4,5,3,3,3.92,8,0,TRUE
Female,Loyal Customer,40,Business Travel,Business,1690,5,5,5,5,2,4,5,4,4,4,4,4,4,4.23,8,0,TRUE
Male,Loyal Customer,52,Business Travel,Eco,1620,2,4,4,4,2,2,2,2,2,5,3,3,2,2.85,0,0,FALSE
Female,Disloyal Customer,37,Business Travel,Business,328,2,2,2,2,5,2,5,5,4,5,4,4,5,3.62,0,0,FALSE
Female,Loyal Customer,70,Personal Travel,Eco,1144,2,2,2,4,5,3,3,5,5,2,5,3,3,3.38,1,0,FALSE
Female,Loyal Customer,16,Business Travel,Business,1780,1,1,1,1,2,2,2,2,3,4,5,4,2,2.31,3,0,TRUE
Female,Loyal Customer,58,Personal Travel,Eco,612,3,4,3,5,5,4,5,3,3,3,3,4,3,3.69,0,0,FALSE
Male,Loyal Customer,45,Business Travel,Eco,363,4,5,5,5,4,4,4,4,5,5,2,1,4,4,0,9,TRUE
Male,Loyal Customer,65,Personal Travel,Eco,1773,2,4,1,3,3,1,3,3,3,4,3,4,3,2.85,0,12,FALSE
Male,Loyal Customer,62,Personal Travel,Eco Plus,255,4,0,4,2,2,4,2,2,5,2,4,4,2,2.85,19,17,FALSE
Male,Disloyal Customer,28,Business Travel,Eco,551,1,3,1,3,2,1,2,2,4,5,3,1,2,2.31,20,15,FALSE
Male,Disloyal Customer,48,Business Travel,Business,925,2,3,3,5,5,2,5,5,5,2,4,5,5,3.92,0,0,FALSE
Female,Disloyal Customer,23,Business Travel,Eco,153,3,4,4,4,2,4,2,2,1,2,2,1,2,2.54,0,0,FALSE
Male,Loyal Customer,36,Business Travel,Business,192,3,4,3,3,3,3,4,2,2,2,3,4,2,2.92,45,48,FALSE
Female,Disloyal Customer,21,Business Travel,Eco,181,3,2,3,4,3,3,3,3,3,2,4,2,3,2.92,0,0,FALSE
Male,Loyal Customer,37,Business Travel,Business,1000,1,5,5,5,3,4,3,1,1,2,1,1,4,2.77,46,29,FALSE
Male,Loyal Customer,64,Personal Travel,Business,2276,2,5,2,2,2,4,4,5,5,2,5,3,3,3.38,13,0,FALSE
Male,Loyal Customer,33,Business Travel,Business,1199,2,2,2,2,5,5,5,5,5,3,3,3,5,3.62,0,0,TRUE
Male,Loyal Customer,58,Business Travel,Eco,333,4,3,5,3,4,4,4,4,4,2,1,5,4,3.62,16,10,TRUE
Female,Disloyal Customer,29,Business Travel,Business,646,5,5,5,4,5,5,5,5,4,4,5,3,5,4.62,0,1,TRUE
Male,Loyal Customer,33,Business Travel,Business,1460,3,5,3,3,4,4,4,4,4,4,5,3,4,3.85,36,37,TRUE
Male,Loyal Customer,39,Business Travel,Business,544,5,3,5,5,2,5,4,5,5,5,5,3,3,4.23,0,4,TRUE
Male,Loyal Customer,36,Business Travel,Business,2884,3,3,3,3,4,4,5,4,4,4,5,5,4,3.92,0,0,TRUE
Male,Loyal Customer,64,Business Travel,Business,1699,2,2,2,2,3,1,1,4,4,4,4,5,5,3,1,0,TRUE
Female,Loyal Customer,13,Personal Travel,Eco,689,2,5,2,3,4,2,1,4,3,4,4,3,4,3.15,4,7,FALSE
Male,Loyal Customer,63,Personal Travel,Eco Plus,502,3,4,3,1,1,3,4,1,5,4,4,4,1,2.92,102,87,FALSE
Female,Loyal Customer,34,Business Travel,Eco,110,4,2,3,2,4,4,4,4,3,4,2,1,4,3.15,0,0,TRUE
Male,Loyal Customer,31,Business Travel,Business,3326,0,4,0,1,1,1,1,1,1,4,5,3,1,1.77,0,0,TRUE
Female,Loyal Customer,24,Personal Travel,Eco,2182,1,4,1,3,3,1,3,3,4,5,4,1,3,2.77,10,1,FALSE
Female,Loyal Customer,54,Business Travel,Eco,125,5,2,2,2,3,5,5,5,5,5,5,4,1,3.77,1,0,TRUE
Female,Loyal Customer,35,Personal Travel,Eco Plus,689,2,4,1,5,3,1,3,3,3,3,5,1,3,2.85,7,15,FALSE
Female,Loyal Customer,8,Personal Travel,Business,929,3,4,3,4,2,3,2,2,4,3,4,3,2,3,0,0,FALSE
Male,Loyal Customer,12,Personal Travel,Eco,965,3,5,3,3,4,3,4,4,3,4,4,3,4,3.62,0,0,FALSE
Male,Loyal Customer,38,Personal Travel,Eco,1609,2,4,2,1,3,2,3,3,3,4,5,4,3,3,0,0,FALSE
Female,Loyal Customer,30,Business Travel,Business,2176,2,2,2,2,5,5,5,5,3,2,4,3,5,3.46,2,20,TRUE
Male,Loyal Customer,54,Business Travel,Eco,2239,3,2,2,2,3,3,3,3,3,1,4,3,3,2.69,0,6,FALSE
Female,Loyal Customer,61,Business Travel,Business,3382,1,1,1,1,5,4,3,3,3,3,1,2,4,2.46,0,0,FALSE
Female,Loyal Customer,67,Personal Travel,Eco,907,1,2,2,4,5,3,4,2,2,2,2,2,2,2.54,2,0,FALSE
Female,Loyal Customer,47,Business Travel,Business,2334,1,1,1,1,2,5,5,5,5,5,5,3,3,3.23,0,0,TRUE
Male,Loyal Customer,68,Personal Travel,Eco,599,1,5,1,4,5,1,2,5,2,4,3,1,5,3,7,14,FALSE
Male,Disloyal Customer,29,Business Travel,Eco,977,3,3,3,4,4,3,4,4,2,5,4,3,4,3.54,0,0,FALSE
Female,Loyal Customer,47,Business Travel,Business,2454,1,1,1,1,2,5,5,4,4,4,4,3,4,3,0,1,TRUE
Male,Loyal Customer,37,Personal Travel,Eco,227,3,5,3,4,4,3,4,4,3,2,5,3,4,3.62,36,43,FALSE
Male,Loyal Customer,14,Personal Travel,Eco,373,3,3,1,3,4,1,3,4,4,5,4,3,4,3.23,0,0,FALSE
Male,Loyal Customer,26,Business Travel,Eco Plus,802,2,1,1,1,2,2,4,2,3,3,4,4,2,2.38,0,36,FALSE
Female,Loyal Customer,10,Personal Travel,Eco,130,4,2,4,3,4,4,3,4,1,2,4,3,4,3.23,22,26,FALSE
Male,Loyal Customer,50,Business Travel,Eco,1916,3,4,4,4,3,3,3,3,1,5,3,1,3,3.08,0,0,FALSE
Female,Loyal Customer,37,Business Travel,Eco,201,4,5,5,5,4,4,4,4,2,2,3,5,4,3.92,5,7,TRUE
Male,Loyal Customer,57,Business Travel,Business,1400,2,2,2,2,3,5,5,4,4,4,4,5,4,3.54,25,26,TRUE
Male,Loyal Customer,55,Personal Travel,Eco,1145,3,4,3,4,2,3,2,2,4,3,3,2,2,2.85,0,0,FALSE
Male,Loyal Customer,45,Business Travel,Business,3280,5,5,5,5,4,5,5,5,5,5,5,3,5,4.77,0,0,TRUE
Male,Loyal Customer,46,Business Travel,Business,2231,4,4,4,4,2,5,5,4,4,4,4,5,3,4,0,11,TRUE
Male,Loyal Customer,59,Business Travel,Business,3778,1,1,1,1,5,5,5,5,5,5,5,4,5,3.69,16,14,TRUE
Female,Disloyal Customer,26,Business Travel,Eco,680,2,2,2,3,4,2,4,4,5,5,5,2,4,3.38,8,4,FALSE
Female,Disloyal Customer,23,Business Travel,Eco,862,4,4,4,4,5,4,5,5,5,3,4,2,5,4.15,0,3,TRUE
Female,Loyal Customer,50,Business Travel,Business,3197,4,4,4,4,2,5,5,5,5,5,5,3,5,4.31,0,8,TRUE
Female,Loyal Customer,57,Business Travel,Business,273,4,4,4,4,4,4,3,4,4,3,4,1,2,3.46,41,52,FALSE
Female,Loyal Customer,41,Business Travel,Business,2856,0,0,0,2,3,5,4,4,4,4,4,5,3,2.92,35,32,TRUE
Male,Loyal Customer,46,Business Travel,Eco,372,2,1,1,1,2,2,2,2,3,5,3,4,2,2.31,0,0,FALSE
Female,Loyal Customer,54,Personal Travel,Eco,1535,2,1,2,2,3,1,1,1,1,2,1,3,4,1.85,3,24,FALSE
Female,Loyal Customer,46,Personal Travel,Eco,2688,2,5,2,5,2,3,3,4,2,5,5,3,3,3.38,0,14,FALSE
Female,Disloyal Customer,32,Business Travel,Business,356,2,2,2,2,2,2,2,2,3,5,5,4,2,2.69,56,44,FALSE
Male,Loyal Customer,56,Business Travel,Business,3942,3,3,5,3,5,4,4,5,5,5,5,4,3,4.15,5,3,TRUE
Female,Loyal Customer,47,Business Travel,Business,2229,2,5,5,5,1,3,3,2,2,3,2,4,1,2.92,7,8,FALSE
Female,Disloyal Customer,8,Business Travel,Eco,802,4,4,4,3,2,4,2,2,1,4,4,4,2,3.08,11,7,FALSE
Female,Loyal Customer,51,Business Travel,Business,2080,3,3,3,3,4,5,5,4,4,4,4,3,4,3.77,2,0,TRUE
Female,Disloyal Customer,26,Business Travel,Eco Plus,867,3,3,3,4,2,3,2,2,1,3,4,2,2,2.62,0,0,FALSE
Male,Loyal Customer,46,Personal Travel,Eco,2296,4,5,4,3,5,4,5,5,3,4,5,5,5,4.38,5,0,FALSE
Female,Loyal Customer,35,Personal Travel,Business,965,2,4,2,5,4,5,5,5,5,2,5,4,4,4,0,6,FALSE
Male,Disloyal Customer,37,Business Travel,Business,373,2,2,2,1,4,2,1,4,4,5,5,3,4,3,0,0,FALSE
Male,Loyal Customer,17,Business Travel,Business,396,1,5,5,5,1,2,1,1,3,3,3,1,1,2.46,3,6,FALSE
Male,Disloyal Customer,34,Business Travel,Business,312,2,2,2,3,2,2,2,2,5,3,4,4,2,2.69,0,0,FALSE
Female,Loyal Customer,26,Business Travel,Business,588,5,5,5,5,3,3,3,3,4,5,4,5,3,4.08,0,0,TRUE
Male,Disloyal Customer,20,Business Travel,Eco,1587,2,1,1,1,5,2,5,5,4,2,3,4,5,3.08,0,0,FALSE
Female,Loyal Customer,29,Business Travel,Business,2979,2,2,2,2,4,4,4,4,4,5,5,5,4,3.62,0,0,TRUE
Female,Loyal Customer,44,Personal Travel,Eco Plus,563,3,5,3,3,3,4,5,3,3,3,3,5,3,3.54,0,0,FALSE
Male,Disloyal Customer,26,Business Travel,Eco,1031,3,3,3,3,5,3,3,5,4,2,3,3,5,3.46,0,0,FALSE
Male,Loyal Customer,66,Personal Travel,Business,90,2,4,2,4,2,4,4,3,3,2,3,3,4,3.08,0,0,FALSE
Male,Loyal Customer,42,Business Travel,Business,1915,5,5,1,5,2,4,5,4,4,4,4,4,3,3.85,9,2,TRUE
Male,Loyal Customer,57,Personal Travel,Eco,224,1,1,1,2,1,1,1,1,2,1,2,3,1,1.38,0,0,FALSE
Male,Loyal Customer,19,Business Travel,Eco Plus,719,1,3,3,3,1,1,3,1,3,3,4,2,1,2.23,0,0,FALSE
Female,Disloyal Customer,38,Business Travel,Business,337,2,2,2,1,1,2,1,1,4,4,4,5,1,2.31,0,0,FALSE
Male,Loyal Customer,35,Business Travel,Business,3601,2,2,4,2,4,1,3,5,5,5,5,2,5,3.46,0,0,TRUE
Female,Loyal Customer,30,Personal Travel,Eco,116,3,4,3,4,1,3,1,1,3,2,3,3,1,2.46,0,0,FALSE
Male,Loyal Customer,30,Personal Travel,Eco,1092,2,3,2,2,2,2,2,2,4,4,2,3,2,2.46,8,5,FALSE
Male,Disloyal Customer,37,Business Travel,Business,2402,2,1,1,5,5,1,5,5,4,5,3,4,5,3.54,8,0,FALSE
Female,Disloyal Customer,16,Business Travel,Eco,1892,3,3,3,3,3,3,3,3,4,1,4,2,3,2.92,0,0,FALSE
Male,Loyal Customer,16,Personal Travel,Eco,312,4,4,5,3,1,5,1,1,4,3,4,4,1,3.08,87,92,FALSE
Female,Loyal Customer,44,Personal Travel,Business,2475,1,4,1,2,5,4,4,3,3,1,3,3,3,2.85,0,0,FALSE
Female,Loyal Customer,34,Personal Travel,Business,594,1,4,1,3,2,4,5,2,2,1,2,4,4,2.69,2,0,FALSE
Female,Loyal Customer,49,Business Travel,Business,2159,2,1,1,1,5,4,3,2,2,2,2,4,4,2.54,0,0,FALSE
Female,Loyal Customer,28,Personal Travel,Eco,916,2,5,2,3,2,2,2,2,3,5,5,5,2,3.08,0,0,FALSE
Male,Loyal Customer,57,Business Travel,Eco Plus,406,2,4,4,4,2,2,2,2,4,3,4,1,2,2.77,0,0,FALSE
Female,Loyal Customer,26,Business Travel,Business,1504,1,4,4,4,1,1,1,1,2,5,3,4,1,2.46,0,0,FALSE
Male,Loyal Customer,48,Business Travel,Eco,406,3,5,5,5,3,3,3,3,3,3,3,4,3,3.54,0,0,FALSE
Female,Loyal Customer,31,Business Travel,Business,3113,3,1,1,1,3,3,3,3,1,1,4,4,3,2.38,0,1,FALSE
Male,Loyal Customer,29,Personal Travel,Eco,237,4,5,4,1,1,4,1,1,3,4,5,4,1,2.92,16,13,FALSE
Male,Loyal Customer,36,Business Travel,Eco,1158,4,5,5,5,4,5,4,4,2,2,5,3,4,4,0,0,TRUE
Male,Loyal Customer,44,Business Travel,Business,502,3,3,3,3,3,4,4,3,3,3,3,1,1,2.85,92,81,FALSE
Female,Loyal Customer,39,Personal Travel,Eco,189,2,1,2,2,5,2,2,5,4,2,3,3,5,2.92,37,17,FALSE
Male,Loyal Customer,39,Business Travel,Business,3089,2,2,2,2,4,5,5,4,4,4,4,4,5,3.62,0,0,TRUE
Female,Disloyal Customer,24,Business Travel,Eco,544,4,4,4,1,1,4,1,1,4,4,4,5,1,2.92,80,68,FALSE
Female,Loyal Customer,47,Business Travel,Business,3814,3,3,3,3,3,4,5,5,5,5,5,5,4,4.08,2,12,TRUE
Female,Loyal Customer,23,Business Travel,Business,2766,3,3,3,3,2,2,2,2,1,1,3,3,2,2.31,0,0,TRUE
Male,Loyal Customer,18,Business Travel,Business,1517,5,5,4,5,4,4,4,4,4,2,4,5,4,4.15,0,0,TRUE
Female,Loyal Customer,50,Business Travel,Business,2420,5,5,5,5,4,4,5,4,4,4,4,5,4,4.46,0,0,TRUE
Female,Loyal Customer,50,Business Travel,Business,3962,4,4,4,4,4,4,4,4,4,4,4,4,5,4.08,0,0,TRUE
Female,Loyal Customer,58,Business Travel,Business,370,2,2,5,2,2,5,4,4,4,3,4,5,5,3.62,33,28,TRUE
Female,Loyal Customer,19,Personal Travel,Eco,679,3,5,2,3,3,2,1,3,4,5,4,4,3,3.23,14,16,FALSE
Male,Loyal Customer,43,Business Travel,Business,1846,3,3,3,3,3,4,4,4,4,4,4,4,4,3.62,0,0,TRUE
Male,Loyal Customer,11,Personal Travel,Eco,1076,5,3,5,3,5,5,5,5,2,4,2,4,5,4.08,37,28,TRUE
Male,Loyal Customer,25,Business Travel,Business,2010,1,1,1,1,5,5,5,5,4,3,4,4,5,3.38,0,0,TRUE
Female,Loyal Customer,30,Personal Travel,Eco,193,3,4,0,3,5,0,5,5,4,5,3,4,5,3.54,0,0,FALSE
Male,Disloyal Customer,21,Business Travel,Business,762,4,0,4,2,3,4,3,3,4,5,4,4,3,3.31,34,47,TRUE
Female,Loyal Customer,42,Business Travel,Eco,636,4,2,2,2,2,5,3,5,5,4,5,4,2,3.46,0,0,TRUE
Female,Loyal Customer,42,Business Travel,Business,3523,4,4,4,4,5,5,5,4,4,4,4,4,4,4.23,0,0,TRUE
Male,Loyal Customer,57,Personal Travel,Eco,337,4,1,4,1,2,4,2,2,4,3,1,1,2,2.38,8,0,FALSE
Male,Loyal Customer,42,Business Travel,Business,606,1,1,3,1,3,5,5,5,5,5,5,5,4,3.69,0,0,TRUE
Male,Loyal Customer,24,Personal Travel,Eco,453,2,5,2,3,3,2,4,3,5,4,2,1,3,3,0,0,FALSE
Female,Loyal Customer,53,Personal Travel,Eco Plus,1642,1,5,1,1,4,3,5,4,4,1,5,3,5,3.23,6,0,FALSE
Female,Loyal Customer,51,Personal Travel,Eco,551,3,5,2,3,5,4,5,2,2,2,2,4,4,3.31,8,1,FALSE
Male,Loyal Customer,9,Personal Travel,Eco,423,3,2,3,4,2,3,2,2,3,1,4,3,2,2.62,42,69,FALSE
Male,Loyal Customer,31,Personal Travel,Eco,1208,3,1,3,2,2,3,2,2,1,1,2,2,2,2,0,0,FALSE
Female,Loyal Customer,21,Personal Travel,Eco,237,2,5,2,3,1,2,1,1,4,3,5,5,1,2.69,0,0,FALSE
Male,Disloyal Customer,36,Business Travel,Business,446,3,2,2,3,2,2,2,2,5,4,5,5,2,3,21,11,FALSE
Male,Loyal Customer,43,Personal Travel,Eco Plus,631,2,4,2,5,2,1,1,3,5,5,5,1,1,2.85,381,353,FALSE
Female,Loyal Customer,48,Personal Travel,Eco,475,3,5,3,4,2,3,2,3,3,3,1,4,1,2.85,10,46,FALSE
Male,Loyal Customer,43,Business Travel,Business,842,2,2,2,2,3,4,5,4,4,5,4,5,3,3.46,33,21,TRUE
Male,Loyal Customer,44,Business Travel,Business,222,4,4,4,4,1,4,4,4,4,4,5,3,4,3.77,0,0,TRUE
Male,Loyal Customer,49,Business Travel,Business,2552,1,1,3,1,5,5,5,4,3,3,5,5,5,3.54,9,0,TRUE
Female,Disloyal Customer,32,Business Travel,Business,761,4,4,4,4,5,4,5,5,4,2,4,3,5,4.08,5,0,FALSE
Male,Disloyal Customer,20,Business Travel,Business,1068,5,0,5,2,2,5,2,2,5,4,4,5,2,3.31,6,19,TRUE
Male,Loyal Customer,47,Business Travel,Business,3410,1,4,4,4,3,1,2,1,1,1,1,1,4,2.15,11,17,FALSE
Female,Loyal Customer,36,Business Travel,Business,373,5,5,5,5,1,1,5,4,4,4,4,4,3,3.85,25,24,TRUE
Female,Loyal Customer,63,Personal Travel,Eco,606,4,3,4,4,1,1,2,2,2,4,2,1,4,2.62,0,0,FALSE
Female,Disloyal Customer,48,Business Travel,Business,1481,2,2,2,4,4,2,4,4,5,2,5,3,4,3.31,0,0,FALSE
Male,Loyal Customer,38,Business Travel,Eco Plus,838,5,1,1,1,5,5,5,5,3,4,2,2,5,3.38,0,0,TRUE
Male,Loyal Customer,9,Personal Travel,Eco,954,1,2,1,3,5,1,5,5,2,2,3,2,5,2.85,0,0,FALSE
Male,Loyal Customer,45,Business Travel,Business,337,4,3,4,4,5,5,5,4,4,4,4,4,4,4.15,33,17,TRUE
Male,Loyal Customer,69,Personal Travel,Eco,584,2,5,2,1,2,2,5,2,5,2,5,5,2,3.08,0,0,FALSE
Female,Loyal Customer,41,Business Travel,Business,1131,1,1,1,1,3,2,5,4,4,4,4,5,3,2.92,123,116,TRUE
Male,Disloyal Customer,37,Business Travel,Eco,404,2,2,2,4,5,2,5,5,1,2,3,3,5,3.15,15,23,FALSE
Male,Loyal Customer,52,Business Travel,Business,1822,1,1,1,1,5,5,4,3,3,3,3,4,3,2.85,22,19,TRUE
Male,Loyal Customer,45,Business Travel,Business,3365,4,4,4,4,4,4,4,5,4,5,4,4,4,4.15,0,34,TRUE
Female,Loyal Customer,11,Personal Travel,Eco,3784,4,5,3,1,3,1,1,5,5,4,4,1,1,2.92,24,17,FALSE
Male,Loyal Customer,58,Business Travel,Eco Plus,854,5,2,2,2,5,5,5,5,2,3,2,1,5,3.38,1,0,TRUE
Female,Disloyal Customer,30,Business Travel,Eco,992,3,2,2,4,2,3,2,2,2,4,3,1,2,2.46,0,0,FALSE
Male,Loyal Customer,53,Business Travel,Business,479,1,1,1,1,5,5,5,4,4,4,4,5,3,3.31,0,0,TRUE
Male,Loyal Customer,47,Business Travel,Business,2340,2,2,2,2,2,5,5,4,4,4,4,5,5,3.54,0,0,TRUE
Female,Loyal Customer,61,Business Travel,Eco,566,3,3,3,3,4,4,4,3,3,3,3,3,3,3.23,0,4,FALSE
Female,Loyal Customer,44,Business Travel,Business,2250,0,3,0,4,1,4,1,1,1,1,1,4,5,2,48,45,TRUE
Male,Loyal Customer,20,Personal Travel,Eco,125,1,2,1,3,5,1,5,5,4,1,2,4,5,3,0,0,FALSE
Male,Loyal Customer,33,Business Travel,Eco Plus,391,4,1,1,1,4,4,4,4,1,1,3,3,4,2.69,2,12,TRUE
Female,Disloyal Customer,48,Business Travel,Eco,757,2,1,1,3,1,1,1,1,1,1,3,2,1,1.46,5,0,FALSE
Female,Loyal Customer,41,Business Travel,Eco Plus,515,3,4,4,4,2,1,2,4,4,3,4,4,1,3.08,22,32,FALSE
Female,Loyal Customer,51,Business Travel,Business,690,1,1,1,1,4,5,4,4,4,4,4,4,5,3.23,0,0,TRUE
Male,Loyal Customer,49,Business Travel,Business,2434,5,5,5,5,5,5,5,3,2,4,5,5,5,4.54,7,6,TRUE
Female,Loyal Customer,52,Business Travel,Business,3766,5,5,5,5,2,4,5,5,5,5,5,5,5,4.69,1,0,TRUE
Female,Loyal Customer,27,Personal Travel,Eco,933,2,4,2,5,2,2,1,2,4,3,4,5,2,2.92,0,0,FALSE
Male,Loyal Customer,22,Business Travel,Business,1620,4,4,4,4,5,5,5,5,3,3,5,5,5,4.38,0,0,TRUE
Female,Loyal Customer,26,Business Travel,Business,612,5,5,5,5,5,5,5,5,5,2,5,4,5,4.69,0,0,TRUE
Female,Loyal Customer,60,Business Travel,Business,401,2,2,2,2,2,4,4,4,4,4,4,5,5,3.38,31,42,TRUE
Female,Loyal Customer,62,Business Travel,Business,405,2,2,2,2,2,4,4,5,5,5,5,4,5,3.62,0,0,TRUE
Female,Disloyal Customer,36,Business Travel,Business,1182,2,2,2,3,4,2,4,4,5,2,5,4,4,3.31,20,6,FALSE
Male,Loyal Customer,12,Personal Travel,Eco,159,1,4,1,1,3,1,3,3,1,5,3,5,3,2.62,0,0,FALSE
Female,Loyal Customer,33,Personal Travel,Eco,1124,3,5,3,3,2,3,2,2,3,5,5,3,2,3.15,0,0,FALSE
Female,Loyal Customer,30,Business Travel,Business,3874,3,3,3,3,4,5,4,4,4,5,5,4,4,3.92,9,14,TRUE
Female,Loyal Customer,28,Business Travel,Business,2355,1,1,1,1,4,4,4,4,2,4,4,1,4,2.69,0,0,TRUE
Male,Disloyal Customer,20,Business Travel,Eco,303,3,1,3,4,5,3,5,5,4,1,3,3,5,3.46,0,0,FALSE
Male,Loyal Customer,49,Personal Travel,Eco,297,1,4,5,4,2,5,2,2,5,2,4,3,2,3.15,0,0,FALSE
Male,Disloyal Customer,34,Business Travel,Business,447,4,4,4,2,1,4,1,1,5,5,5,5,1,3.23,0,0,FALSE
Female,Loyal Customer,46,Personal Travel,Eco Plus,1214,1,0,1,1,2,5,4,4,4,1,1,4,3,2.38,0,0,FALSE
Male,Loyal Customer,60,Business Travel,Business,361,5,5,5,5,5,5,4,3,3,3,3,5,3,4.15,0,7,TRUE
Male,Disloyal Customer,41,Business Travel,Eco,308,2,1,2,4,5,2,5,5,1,5,3,1,5,3.15,0,0,FALSE
Female,Loyal Customer,54,Personal Travel,Business,1121,2,4,2,3,2,5,4,5,2,4,4,4,4,3.46,126,132,FALSE
Male,Loyal Customer,58,Business Travel,Eco,397,5,3,4,3,5,5,5,5,3,5,4,5,5,4.38,0,0,TRUE
Male,Disloyal Customer,20,Business Travel,Eco,376,2,0,2,3,1,2,1,1,1,2,4,5,1,1.92,45,32,FALSE
Male,Loyal Customer,39,Business Travel,Eco,216,5,3,4,4,5,5,5,5,2,3,4,1,5,3.92,0,0,TRUE
Male,Loyal Customer,39,Personal Travel,Eco,2052,3,4,4,3,4,4,4,4,3,3,4,3,4,3.62,0,0,FALSE
Male,Loyal Customer,39,Business Travel,Business,456,4,4,4,4,5,1,4,3,3,3,3,1,2,3.15,1,12,TRUE
Male,Loyal Customer,53,Personal Travel,Eco,192,4,5,4,4,5,4,5,5,4,5,5,3,5,4.46,20,10,FALSE
Male,Loyal Customer,58,Business Travel,Business,867,3,3,3,3,4,5,4,5,5,5,5,4,3,4,0,0,TRUE
Male,Loyal Customer,64,Business Travel,Business,308,3,3,3,3,2,2,2,3,3,3,3,1,1,2.46,0,0,FALSE
Female,Loyal Customer,34,Personal Travel,Eco,255,1,4,0,4,4,0,4,4,3,5,4,4,4,3.15,68,64,FALSE
Female,Loyal Customer,40,Business Travel,Eco,247,5,3,3,3,5,5,5,5,5,2,2,1,5,3.77,0,0,TRUE
Male,Loyal Customer,46,Business Travel,Eco,1065,3,5,5,5,3,3,3,3,2,2,4,2,3,3.31,0,0,FALSE
Female,Loyal Customer,62,Personal Travel,Eco,272,3,0,3,4,3,4,4,5,5,3,2,4,3,3.31,0,0,FALSE
Male,Loyal Customer,51,Personal Travel,Eco,102,1,5,1,2,3,1,3,3,5,3,4,3,3,2.85,0,0,FALSE
Female,Disloyal Customer,26,Business Travel,Eco,468,3,1,3,4,4,3,5,4,2,2,3,1,4,3,0,0,FALSE
Male,Loyal Customer,58,Business Travel,Business,2422,3,3,3,3,2,3,3,3,3,3,3,1,1,2.62,0,0,FALSE
Female,Loyal Customer,54,Business Travel,Business,2838,3,3,3,3,3,4,1,4,4,4,4,5,4,3.46,0,0,TRUE
Female,Loyal Customer,35,Business Travel,Business,2586,5,5,5,5,4,3,4,2,2,2,2,4,4,3.62,0,0,TRUE
Male,Loyal Customer,60,Business Travel,Business,2884,1,1,1,1,3,5,4,5,5,5,5,3,5,3.38,1,0,TRUE
Male,Disloyal Customer,38,Business Travel,Business,951,1,1,1,1,1,1,1,1,4,4,5,3,1,1.92,0,0,FALSE
Male,Loyal Customer,61,Business Travel,Eco,413,1,2,2,2,1,1,1,1,1,3,3,4,1,1.77,0,0,FALSE
Male,Disloyal Customer,29,Business Travel,Eco,770,4,4,4,4,4,4,4,4,3,2,4,1,4,3.54,0,6,FALSE
Male,Disloyal Customer,31,Business Travel,Business,1919,1,1,1,3,2,1,2,2,3,2,5,3,2,2.15,0,9,FALSE
Female,Loyal Customer,46,Business Travel,Business,2829,4,4,4,4,3,5,4,4,4,4,4,5,4,4.08,0,0,TRUE
Male,Loyal Customer,23,Personal Travel,Eco Plus,2079,4,0,4,4,3,4,3,3,4,2,5,3,3,3.23,0,0,FALSE
Male,Loyal Customer,48,Business Travel,Eco,209,5,4,4,4,5,5,5,5,3,5,5,4,5,4.54,0,13,TRUE
Female,Disloyal Customer,16,Business Travel,Eco,359,3,4,3,4,4,3,3,4,2,3,4,1,4,3.23,15,8,FALSE
Male,Loyal Customer,35,Business Travel,Eco,201,4,3,3,3,4,5,4,4,5,5,3,1,4,3.69,0,0,TRUE
Male,Loyal Customer,42,Business Travel,Business,3570,1,3,4,3,5,3,3,3,3,3,1,3,4,3,0,0,FALSE
Female,Loyal Customer,19,Personal Travel,Eco,160,1,5,0,3,2,0,2,2,5,4,4,3,2,2.54,0,0,FALSE
Male,Loyal Customer,51,Personal Travel,Eco,337,4,5,4,2,2,4,2,2,4,5,5,4,2,3.46,0,0,FALSE
Male,Loyal Customer,62,Personal Travel,Eco,448,2,5,2,2,3,2,3,3,4,5,4,4,3,3.23,7,0,FALSE
Male,Disloyal Customer,70,Business Travel,Business,462,1,1,1,5,5,1,5,5,5,4,4,3,5,3.46,0,0,FALSE
Male,Loyal Customer,19,Personal Travel,Eco Plus,1368,1,4,1,4,3,1,3,3,2,5,4,1,3,2.69,38,31,FALSE
Male,Disloyal Customer,18,Business Travel,Eco,622,4,3,4,3,3,4,3,3,2,5,3,1,3,3.15,0,0,FALSE
Male,Loyal Customer,58,Business Travel,Business,1554,1,1,1,1,5,5,4,4,4,4,4,4,5,3.31,20,4,TRUE
Female,Loyal Customer,50,Business Travel,Business,1496,2,2,2,2,2,5,4,4,4,4,4,5,3,3.31,0,4,TRUE
Male,Disloyal Customer,23,Business Travel,Eco,829,2,2,2,4,5,2,5,5,2,1,3,4,5,3.23,0,7,FALSE
Female,Loyal Customer,46,Business Travel,Business,3924,5,5,5,5,5,5,4,4,4,4,4,4,5,4.54,23,13,TRUE
Male,Loyal Customer,42,Business Travel,Business,2176,4,4,4,4,5,3,4,4,4,4,4,4,3,3.92,17,0,TRUE
Male,Disloyal Customer,26,Business Travel,Business,328,5,0,5,1,2,5,2,2,3,2,4,3,2,2.77,0,1,TRUE
Male,Disloyal Customer,24,Business Travel,Eco,651,2,0,2,3,3,2,3,3,3,5,1,1,3,2.38,0,0,FALSE
Female,Loyal Customer,38,Personal Travel,Eco,993,3,4,3,1,3,3,3,3,5,5,4,3,3,3.31,1,2,FALSE
Male,Loyal Customer,14,Personal Travel,Eco,641,2,5,3,3,4,3,4,4,3,5,5,3,4,3.69,0,0,FALSE
Female,Loyal Customer,24,Personal Travel,Eco,668,1,5,1,3,4,1,4,4,4,2,4,3,4,3.08,14,13,FALSE
Female,Loyal Customer,54,Business Travel,Business,2372,3,3,3,3,5,4,5,4,4,4,4,5,5,4,0,0,TRUE
Male,Loyal Customer,56,Personal Travel,Eco,507,5,5,5,4,1,5,5,1,3,3,4,5,1,3.62,0,0,TRUE
Female,Loyal Customer,36,Business Travel,Eco,347,4,3,3,3,4,4,4,4,1,4,5,1,4,3.38,0,0,TRUE
Male,Loyal Customer,64,Personal Travel,Eco,1144,1,4,1,3,3,1,3,3,4,5,4,4,3,3,0,0,FALSE
Female,Loyal Customer,54,Personal Travel,Eco,607,2,4,2,4,3,3,3,3,3,2,4,3,4,3.08,0,0,FALSE
Female,Disloyal Customer,22,Business Travel,Eco,1478,3,2,2,3,3,4,1,1,4,3,4,1,1,2.46,182,139,FALSE
Female,Disloyal Customer,33,Business Travel,Business,413,2,3,3,3,4,3,2,4,4,5,5,4,4,3.54,0,0,FALSE
Male,Loyal Customer,50,Business Travel,Business,1500,1,1,1,1,1,4,4,5,5,5,4,5,4,3.15,107,98,TRUE
Female,Disloyal Customer,24,Business Travel,Eco,337,4,0,4,4,1,4,1,1,4,3,5,4,1,2.77,51,50,FALSE
Female,Loyal Customer,43,Personal Travel,Eco,1214,3,4,3,3,4,3,4,1,1,3,1,2,1,2.54,91,64,FALSE
Male,Loyal Customer,24,Business Travel,Business,2429,1,1,1,1,5,5,5,5,1,4,4,4,5,3.23,3,0,TRUE
Male,Disloyal Customer,22,Business Travel,Eco,472,3,0,3,2,1,3,1,1,3,3,2,2,1,1.92,33,30,FALSE
Female,Loyal Customer,40,Business Travel,Business,491,1,1,1,1,2,4,5,4,4,4,4,4,3,2.92,3,0,TRUE
Female,Loyal Customer,55,Business Travel,Eco,255,3,3,3,3,2,4,3,3,3,3,3,4,3,3.08,13,39,FALSE
Male,Disloyal Customer,23,Business Travel,Business,432,5,0,5,1,5,5,5,5,5,3,5,5,5,4.15,21,9,TRUE
Male,Disloyal Customer,27,Business Travel,Business,448,5,5,5,1,1,5,1,1,3,4,4,4,1,3.08,0,0,TRUE
Female,Loyal Customer,43,Business Travel,Business,447,5,5,5,5,2,5,5,5,5,5,5,3,4,4.54,41,32,TRUE
Female,Loyal Customer,43,Personal Travel,Eco,89,3,4,3,1,2,4,4,5,5,3,5,4,3,3.54,0,10,FALSE
Male,Loyal Customer,53,Business Travel,Business,3240,2,2,2,2,5,4,4,5,5,5,5,5,4,3.85,3,6,TRUE
Female,Loyal Customer,54,Personal Travel,Eco Plus,391,3,4,3,5,3,4,4,1,1,3,1,5,3,3.08,25,35,FALSE
Male,Loyal Customer,72,Business Travel,Eco,358,3,4,4,4,3,3,3,3,2,4,4,3,3,3.31,0,0,FALSE
Male,Disloyal Customer,24,Business Travel,Eco,1053,3,3,3,2,4,3,4,4,5,4,5,5,4,3.77,23,19,FALSE
Female,Disloyal Customer,45,Business Travel,Business,1164,3,3,3,3,4,3,4,4,4,5,5,4,4,3.77,1,1,FALSE
Female,Loyal Customer,29,Business Travel,Business,1637,1,2,3,2,1,1,1,1,2,4,3,2,1,1.85,19,76,FALSE
Female,Disloyal Customer,48,Business Travel,Business,749,4,4,4,4,5,4,2,5,3,5,5,4,5,4.15,6,0,TRUE
Female,Loyal Customer,26,Personal Travel,Eco,255,4,5,4,3,5,4,2,5,4,3,4,4,5,4,0,0,FALSE
Female,Loyal Customer,32,Personal Travel,Eco,611,1,2,1,3,3,1,3,3,3,4,3,2,3,2.46,6,1,FALSE
Male,Loyal Customer,38,Personal Travel,Eco,925,2,1,2,4,1,2,1,1,2,4,3,2,1,2,1,0,FALSE
Female,Loyal Customer,12,Personal Travel,Eco,1090,1,3,1,4,2,1,2,2,2,5,3,3,2,2.38,0,0,FALSE
Female,Loyal Customer,51,Personal Travel,Eco,842,4,5,4,1,5,4,4,2,2,4,2,5,5,3.62,11,2,TRUE
Male,Loyal Customer,8,Personal Travel,Eco,102,3,1,3,3,2,3,2,2,1,5,4,4,2,2.69,0,0,FALSE
Male,Loyal Customer,46,Business Travel,Business,2244,4,4,4,4,4,4,4,4,4,4,4,3,4,3.92,0,0,TRUE
Female,Loyal Customer,12,Business Travel,Business,3050,2,1,1,1,2,2,2,2,2,1,4,4,2,2,1,0,FALSE
Female,Loyal Customer,50,Business Travel,Business,1710,1,1,1,1,5,4,5,3,3,4,3,5,3,3,0,2,TRUE
Male,Loyal Customer,63,Personal Travel,Eco,328,3,3,3,3,2,3,2,2,1,2,3,3,2,2.46,0,0,FALSE
Female,Loyal Customer,24,Personal Travel,Eco,488,1,0,1,1,5,1,5,5,3,5,4,4,5,3.08,23,90,FALSE
Female,Disloyal Customer,33,Business Travel,Eco,134,2,0,1,3,4,1,4,4,2,1,4,4,4,2.62,0,0,FALSE
Male,Loyal Customer,65,Business Travel,Eco,983,3,2,2,2,3,3,3,3,1,1,2,4,3,2.46,0,0,FALSE
Male,Loyal Customer,28,Business Travel,Business,1820,4,4,4,4,3,3,3,3,5,3,5,3,3,3.62,0,0,TRUE
Female,Loyal Customer,43,Business Travel,Business,2573,2,2,2,2,5,5,5,4,2,5,5,5,5,3.77,141,137,TRUE
Female,Loyal Customer,19,Personal Travel,Eco,325,1,5,1,2,3,1,3,3,1,5,1,2,3,2.38,3,1,FALSE
Male,Loyal Customer,62,Personal Travel,Eco,2296,1,5,0,1,3,0,3,3,4,2,3,4,3,2.46,0,0,FALSE
Female,Loyal Customer,42,Business Travel,Eco,436,2,4,4,4,4,3,4,2,2,2,2,2,2,2.85,0,0,FALSE
Male,Loyal Customer,19,Personal Travel,Eco,967,3,4,3,4,4,3,2,4,3,2,5,4,4,3.46,0,0,FALSE
Female,Loyal Customer,50,Business Travel,Business,409,4,4,2,4,2,4,4,5,5,5,5,3,3,3.85,0,23,TRUE
Female,Loyal Customer,56,Business Travel,Business,240,2,2,2,2,5,5,5,5,2,4,4,5,5,3.69,147,139,TRUE
Male,Loyal Customer,24,Personal Travel,Eco,1337,3,5,3,4,4,3,4,4,4,5,5,5,4,4.08,0,0,FALSE
Female,Loyal Customer,47,Business Travel,Business,1521,1,1,1,1,4,5,5,5,5,5,5,3,3,3.38,0,0,TRUE
Male,Disloyal Customer,36,Business Travel,Eco,1337,1,1,1,2,3,1,3,3,2,1,2,4,3,2.08,0,9,FALSE
Male,Loyal Customer,34,Personal Travel,Eco,1189,2,4,2,2,5,2,5,5,5,5,5,3,5,3.85,33,20,FALSE
Female,Loyal Customer,34,Business Travel,Eco,210,3,4,4,4,3,3,3,3,3,1,3,1,3,2.92,0,0,FALSE
Female,Loyal Customer,38,Business Travel,Business,3943,5,3,3,3,4,3,4,5,5,4,5,2,3,3.77,3,32,FALSE
Male,Loyal Customer,45,Personal Travel,Eco,605,2,4,2,1,2,2,3,2,3,4,5,3,2,2.69,3,0,FALSE
Female,Loyal Customer,28,Business Travel,Business,2153,4,4,4,4,4,4,4,4,1,2,2,1,4,3.23,0,0,FALSE
Male,Loyal Customer,31,Business Travel,Business,1953,4,4,4,4,4,4,4,4,4,2,4,4,4,3.85,0,0,FALSE
Female,Loyal Customer,48,Business Travel,Business,813,3,2,2,2,5,3,3,3,3,3,3,1,1,2.62,0,0,FALSE
Male,Loyal Customer,16,Business Travel,Eco Plus,391,5,2,2,2,5,5,4,5,4,3,1,5,5,3.69,0,0,TRUE
Female,Loyal Customer,40,Business Travel,Business,500,5,5,5,5,5,5,4,5,5,5,5,4,5,4.85,0,0,TRUE
Female,Loyal Customer,35,Personal Travel,Eco,391,3,5,3,3,1,3,1,1,1,5,2,3,1,2.46,0,0,FALSE
Female,Loyal Customer,17,Personal Travel,Eco,425,2,0,4,3,5,4,5,5,1,3,4,4,5,3.46,1,4,FALSE
Male,Loyal Customer,20,Business Travel,Business,1934,2,3,3,3,2,2,2,2,1,3,4,3,2,2.46,0,0,FALSE
Male,Disloyal Customer,42,Business Travel,Business,270,5,5,5,1,5,5,5,5,3,4,5,3,5,4.31,11,9,TRUE
Male,Disloyal Customer,38,Business Travel,Eco,1208,2,2,2,1,1,2,1,1,2,4,2,5,1,2,50,37,FALSE
Male,Disloyal Customer,26,Business Travel,Eco,675,3,3,3,3,2,3,2,2,2,3,3,3,2,2.62,4,0,FALSE
Female,Loyal Customer,41,Business Travel,Business,3321,3,3,3,3,5,5,5,4,2,4,5,5,5,4,151,184,TRUE
Female,Loyal Customer,45,Personal Travel,Eco,364,3,1,3,3,2,2,2,3,3,3,3,1,3,2.46,0,0,FALSE
Male,Loyal Customer,55,Business Travel,Business,569,3,3,3,3,5,4,4,5,5,5,5,5,4,4.15,6,0,TRUE
Female,Loyal Customer,66,Personal Travel,Eco,591,4,5,4,4,4,4,5,3,3,4,3,3,5,3.92,105,84,FALSE
Male,Disloyal Customer,38,Business Travel,Eco,255,3,3,3,4,2,3,2,2,3,2,4,4,2,2.85,32,20,FALSE
Female,Loyal Customer,45,Business Travel,Eco,83,2,4,4,4,3,2,3,2,2,2,2,2,3,2.69,0,0,TRUE
Female,Loyal Customer,52,Business Travel,Business,3195,1,1,1,1,5,4,3,4,4,4,4,4,2,2.92,32,23,TRUE
Male,Loyal Customer,60,Business Travel,Business,3494,0,0,0,4,4,5,4,4,4,4,4,5,3,3.15,24,8,TRUE
Male,Loyal Customer,68,Business Travel,Business,3531,2,2,2,2,5,4,4,4,4,4,4,5,3,3.46,0,0,TRUE
Male,Disloyal Customer,38,Business Travel,Business,361,2,2,2,4,3,2,3,3,3,3,4,4,3,2.92,0,0,FALSE
Male,Loyal Customer,30,Business Travel,Eco Plus,1182,3,3,3,3,3,3,3,3,4,3,3,4,3,3.15,2,0,FALSE
Male,Loyal Customer,21,Personal Travel,Eco,611,3,5,3,1,5,3,5,5,2,4,2,1,5,3.38,0,0,FALSE
Female,Loyal Customer,56,Business Travel,Business,319,0,0,0,4,5,4,5,1,1,1,1,4,3,2.23,34,19,TRUE
Male,Loyal Customer,41,Business Travel,Business,3857,4,4,5,4,2,5,5,4,4,4,4,3,5,4.08,6,0,TRUE
Female,Disloyal Customer,24,Business Travel,Business,282,4,4,4,1,1,4,1,1,3,3,4,4,1,2.69,8,0,TRUE
Female,Loyal Customer,21,Personal Travel,Eco,731,2,4,2,1,5,2,5,5,5,3,2,3,5,3.38,7,0,FALSE
Male,Loyal Customer,54,Business Travel,Business,928,1,1,1,1,5,5,5,3,3,3,3,3,3,2.85,91,124,TRUE
Male,Loyal Customer,40,Business Travel,Business,1452,5,5,1,5,5,4,4,4,4,4,4,3,4,4,0,0,TRUE
Male,Loyal Customer,60,Personal Travel,Eco,328,3,0,3,3,4,3,4,4,5,4,5,4,4,3.54,0,0,FALSE
Female,Disloyal Customer,50,Business Travel,Business,1124,2,2,2,3,3,2,3,3,3,3,4,5,3,2.92,0,0,FALSE
Female,Loyal Customer,40,Business Travel,Business,240,4,4,4,4,4,5,4,4,4,4,4,5,5,4.23,0,0,TRUE
Male,Disloyal Customer,23,Business Travel,Eco,370,1,3,1,3,5,1,5,5,2,3,4,4,5,3.23,0,0,FALSE
Male,Loyal Customer,42,Personal Travel,Eco,361,3,5,3,2,2,3,4,2,4,3,4,4,2,3.15,13,30,FALSE
Male,Loyal Customer,27,Business Travel,Eco Plus,2248,0,1,1,5,1,5,3,1,5,5,3,3,3,2.77,0,2,TRUE
Male,Loyal Customer,37,Business Travel,Business,2422,5,5,5,5,4,3,5,3,3,2,3,4,3,3.85,9,29,TRUE
Female,Loyal Customer,24,Business Travel,Eco Plus,406,2,4,4,4,2,2,2,2,1,2,3,2,2,2.46,14,12,FALSE
Female,Loyal Customer,24,Business Travel,Business,3369,2,2,2,2,4,4,3,4,3,5,2,2,4,3,0,0,TRUE
Male,Loyal Customer,38,Personal Travel,Eco,763,3,5,3,1,5,3,5,5,5,2,4,5,5,3.92,0,0,FALSE
Female,Loyal Customer,28,Business Travel,Eco Plus,679,4,1,1,1,4,4,4,4,2,4,3,3,4,3,27,34,TRUE
Female,Disloyal Customer,22,Business Travel,Eco,1009,2,2,2,3,1,2,1,1,4,3,3,3,1,2.15,0,5,FALSE
Male,Loyal Customer,56,Personal Travel,Eco,334,1,5,1,5,4,1,4,4,3,5,4,3,4,3.38,0,0,FALSE
Male,Loyal Customer,41,Business Travel,Business,1881,5,5,5,5,2,5,4,2,2,2,2,4,3,3.54,59,66,TRUE
Female,Loyal Customer,64,Personal Travel,Eco,254,3,3,3,1,2,2,1,3,3,3,4,4,2,2.62,0,24,FALSE
Male,Loyal Customer,17,Personal Travel,Eco Plus,174,1,4,0,4,2,0,1,2,5,5,5,4,2,2.69,27,40,FALSE
Female,Loyal Customer,61,Personal Travel,Eco,591,3,5,3,4,4,4,4,3,3,3,3,3,3,3.46,0,0,FALSE
Male,Loyal Customer,8,Personal Travel,Eco,289,2,4,2,4,1,2,1,1,4,5,5,4,1,2.77,0,0,FALSE
Female,Loyal Customer,47,Business Travel,Business,1747,4,4,4,4,5,4,4,5,5,4,5,5,5,4.46,0,0,TRUE
Female,Loyal Customer,67,Personal Travel,Eco,751,4,5,4,3,3,5,5,5,5,4,3,3,4,4.08,0,0,FALSE
Female,Loyal Customer,46,Personal Travel,Eco,868,2,4,2,3,3,4,3,2,2,2,2,3,3,2.69,1,4,FALSE
Male,Loyal Customer,21,Personal Travel,Eco Plus,1865,4,2,4,2,2,4,2,2,1,4,3,4,2,2.77,74,80,FALSE
Female,Loyal Customer,51,Personal Travel,Eco,308,2,3,5,3,1,4,1,2,2,5,4,1,1,2.62,0,0,FALSE
Male,Loyal Customer,57,Business Travel,Business,1534,1,1,1,1,4,5,4,4,4,4,4,4,4,3.15,0,1,TRUE
Female,Loyal Customer,38,Business Travel,Business,3385,2,2,2,2,3,4,4,4,4,4,4,5,5,3.46,20,7,TRUE
Male,Loyal Customer,47,Business Travel,Eco,502,4,5,1,5,4,4,4,4,3,1,4,2,4,3.46,0,19,FALSE
Male,Loyal Customer,52,Business Travel,Business,1945,1,1,1,1,4,4,5,4,4,4,4,3,5,3.15,14,24,TRUE
Female,Loyal Customer,16,Personal Travel,Eco Plus,1851,2,4,2,2,2,2,2,2,2,1,4,5,2,2.46,0,3,FALSE
Female,Disloyal Customer,72,Business Travel,Eco,231,1,2,1,4,2,1,2,2,2,2,3,4,2,2.15,0,18,FALSE
Male,Loyal Customer,23,Personal Travel,Eco,1504,2,4,2,5,5,2,5,5,3,2,3,4,5,3.62,5,6,FALSE
Male,Loyal Customer,45,Business Travel,Business,2772,3,5,3,3,3,4,5,4,4,4,4,4,4,3.85,0,0,TRUE
Male,Disloyal Customer,35,Business Travel,Business,1009,4,4,4,3,4,4,3,4,2,4,2,4,4,3.54,1,0,FALSE
Male,Loyal Customer,56,Business Travel,Business,3944,5,5,5,5,2,5,5,4,4,5,4,5,5,4.54,0,7,TRUE
Male,Loyal Customer,27,Business Travel,Business,3978,4,5,4,4,5,5,5,5,2,5,2,4,5,4.23,0,0,TRUE
Male,Loyal Customer,46,Business Travel,Eco Plus,370,5,1,4,1,5,5,5,5,2,3,2,5,5,3.69,0,0,TRUE
Male,Loyal Customer,48,Business Travel,Business,2419,2,2,2,2,5,4,5,5,5,5,5,4,3,3.77,0,0,TRUE
Male,Loyal Customer,26,Business Travel,Business,3232,3,3,3,3,3,3,3,3,1,4,3,4,3,3,22,24,FALSE
Male,Loyal Customer,61,Personal Travel,Eco,843,3,4,3,2,3,3,3,3,3,5,4,3,3,3.23,2,6,FALSE
Female,Disloyal Customer,41,Business Travel,Eco,1416,3,3,3,3,1,3,1,1,3,5,4,1,1,2.46,7,4,FALSE
Male,Loyal Customer,35,Business Travel,Business,2176,2,4,4,4,2,2,2,4,5,3,4,2,2,3.08,6,61,FALSE
Female,Loyal Customer,39,Business Travel,Business,725,5,4,5,5,5,5,5,5,4,5,4,5,5,4.77,282,263,TRUE
Female,Loyal Customer,46,Personal Travel,Eco,1172,3,3,3,3,4,2,4,3,3,3,3,2,1,2.85,48,66,FALSE
Female,Loyal Customer,39,Business Travel,Business,692,2,2,2,2,5,4,5,2,2,2,2,5,3,2.92,0,0,TRUE
Female,Loyal Customer,40,Business Travel,Business,2288,1,1,1,1,4,4,5,5,5,5,5,3,5,3.46,0,0,TRUE
Male,Loyal Customer,30,Personal Travel,Eco,1389,3,5,3,3,2,3,2,2,5,2,4,1,2,2.85,14,41,FALSE
Female,Loyal Customer,58,Personal Travel,Eco,495,5,5,5,3,4,5,5,3,3,5,3,4,3,4.08,0,6,TRUE
Female,Loyal Customer,50,Business Travel,Business,2643,4,4,4,4,4,4,4,5,5,5,5,4,5,4.38,0,0,TRUE
Female,Loyal Customer,53,Business Travel,Eco,889,3,1,4,1,4,3,3,3,3,3,3,3,1,2.69,71,63,FALSE
Male,Loyal Customer,57,Business Travel,Business,472,1,1,1,1,3,3,4,1,1,1,1,1,2,1.62,78,56,FALSE
Female,Loyal Customer,43,Personal Travel,Eco,2288,5,2,5,4,4,4,4,1,1,5,1,4,2,3.23,30,0,TRUE
Female,Disloyal Customer,20,Business Travel,Eco,861,2,2,2,3,2,4,4,2,4,2,2,4,4,2.85,131,108,FALSE
Female,Loyal Customer,37,Business Travel,Business,2494,1,1,1,1,1,2,4,4,4,5,4,1,3,2.46,7,0,TRUE
Female,Loyal Customer,42,Business Travel,Business,2866,5,5,5,5,3,4,4,5,5,5,5,3,4,4.46,128,128,TRUE
Female,Loyal Customer,40,Business Travel,Business,2851,2,3,3,3,2,3,4,2,2,2,2,3,1,2.46,34,43,FALSE
Male,Disloyal Customer,21,Business Travel,Eco,337,2,1,2,2,3,2,2,3,1,2,2,3,3,2.15,5,12,FALSE
Female,Loyal Customer,36,Business Travel,Business,547,1,1,1,1,3,5,2,5,5,5,5,1,5,3.08,7,0,TRUE
Female,Loyal Customer,55,Business Travel,Business,1621,2,2,2,2,2,4,4,5,5,5,5,4,4,3.54,1,24,TRUE
Male,Loyal Customer,56,Business Travel,Business,451,2,3,3,3,5,3,4,2,2,2,2,1,3,2.69,97,78,FALSE
Male,Loyal Customer,52,Personal Travel,Eco,495,2,5,4,4,5,4,5,5,5,4,5,4,5,4.38,0,5,FALSE
Female,Loyal Customer,40,Personal Travel,Eco,192,5,5,5,4,5,5,5,5,3,4,4,5,5,4.62,0,0,TRUE
Male,Loyal Customer,36,Business Travel,Business,1744,2,2,2,2,2,4,4,3,3,2,3,5,3,2.85,11,21,TRUE
Male,Disloyal Customer,36,Business Travel,Eco,447,3,3,3,4,1,3,1,1,3,1,4,4,1,2.46,4,0,FALSE
Male,Disloyal Customer,29,Business Travel,Business,1242,4,4,4,3,4,4,4,4,4,2,4,4,4,3.77,0,0,TRUE
Female,Loyal Customer,9,Business Travel,Business,1874,2,5,5,5,2,3,2,2,2,3,4,2,2,3,0,42,FALSE
Female,Loyal Customer,38,Business Travel,Business,457,4,3,4,4,4,3,1,4,4,4,4,5,1,3.46,0,0,TRUE
Male,Loyal Customer,55,Business Travel,Business,1795,1,1,1,1,4,5,4,3,3,4,3,4,5,3,0,0,TRUE
Female,Loyal Customer,52,Personal Travel,Eco Plus,308,2,4,2,2,5,4,5,5,5,2,5,5,5,3.92,0,0,FALSE
Male,Loyal Customer,14,Personal Travel,Eco,601,4,4,4,4,1,4,1,1,3,4,4,3,1,2.92,2,3,FALSE
Male,Loyal Customer,46,Business Travel,Business,3993,2,2,4,2,4,4,4,5,5,5,5,3,4,3.77,0,0,TRUE
Male,Loyal Customer,33,Business Travel,Business,632,1,3,2,3,1,1,1,1,1,1,3,1,1,1.54,0,0,FALSE
Male,Loyal Customer,70,Business Travel,Eco,201,2,1,5,1,2,2,2,2,3,4,3,3,2,2.46,0,0,FALSE
Male,Loyal Customer,50,Personal Travel,Eco,397,4,5,4,3,5,4,5,5,3,5,4,5,5,4.38,3,3,FALSE
Female,Loyal Customer,54,Business Travel,Business,2942,1,1,2,1,5,4,4,5,5,5,5,3,5,3.54,2,7,TRUE
Male,Loyal Customer,19,Personal Travel,Business,399,2,4,2,2,4,2,1,4,3,4,5,5,4,3.23,0,0,FALSE
Female,Disloyal Customer,70,Business Travel,Business,439,1,0,0,3,1,1,1,1,4,2,4,3,1,1.69,24,21,FALSE
Male,Disloyal Customer,20,Business Travel,Eco,1379,4,4,4,2,5,4,5,5,5,5,5,3,5,4.31,49,49,TRUE
Female,Loyal Customer,66,Business Travel,Business,729,2,2,2,2,3,4,2,4,4,4,4,2,4,3,7,18,TRUE
Male,Loyal Customer,9,Business Travel,Business,3612,4,3,3,3,4,4,4,4,3,1,4,1,4,3.23,0,0,FALSE
Female,Loyal Customer,23,Personal Travel,Eco,2504,1,4,1,4,2,1,2,2,5,3,4,5,2,2.77,0,0,FALSE
Male,Loyal Customer,31,Business Travel,Eco,1208,5,5,1,5,5,5,5,5,2,4,2,3,5,4,81,87,TRUE
Female,Loyal Customer,59,Business Travel,Business,2209,2,2,2,2,2,4,4,5,5,5,5,4,4,3.54,0,0,TRUE
Female,Loyal Customer,49,Business Travel,Business,1107,1,1,1,1,5,4,4,3,3,3,3,3,4,2.77,21,15,TRUE
Male,Disloyal Customer,8,Business Travel,Eco,2419,2,2,2,4,2,4,4,3,1,3,3,4,4,2.92,0,23,FALSE
Female,Loyal Customer,59,Personal Travel,Eco,867,1,2,1,4,2,4,3,4,4,1,4,1,3,2.62,19,20,FALSE
Male,Disloyal Customer,37,Business Travel,Business,247,2,2,2,4,1,2,1,1,3,3,4,4,1,2.31,0,0,FALSE
Female,Loyal Customer,27,Business Travel,Business,2787,2,5,5,5,2,2,2,2,1,2,4,1,2,2.69,4,0,FALSE
Male,Loyal Customer,22,Business Travel,Eco,677,4,2,2,2,4,4,3,4,3,3,3,2,4,3.08,28,31,FALSE
Female,Disloyal Customer,15,Business Travel,Eco,511,2,3,2,4,4,2,2,4,3,5,3,4,4,3.23,24,35,FALSE
Female,Loyal Customer,41,Business Travel,Business,3912,2,2,2,2,5,5,5,4,4,4,4,3,3,3.46,13,69,TRUE
Male,Disloyal Customer,50,Business Travel,Business,268,2,2,2,2,5,2,5,5,3,3,1,3,5,3.08,7,12,FALSE
Female,Loyal Customer,44,Business Travel,Business,500,2,2,2,2,3,4,4,5,5,4,5,3,4,3.46,14,0,TRUE
Male,Loyal Customer,24,Business Travel,Business,192,5,5,4,5,4,4,4,4,3,3,4,3,4,4,33,34,TRUE
Male,Disloyal Customer,40,Business Travel,Business,1558,2,3,3,3,4,3,4,4,3,2,5,4,4,3.38,12,8,FALSE
Male,Loyal Customer,26,Business Travel,Business,2079,2,2,2,2,3,4,3,3,5,3,4,3,3,3,0,0,TRUE
Male,Disloyal Customer,27,Business Travel,Business,715,4,4,4,2,2,4,2,2,3,5,4,5,2,3.31,1,5,TRUE
Male,Loyal Customer,47,Business Travel,Eco,957,3,3,3,3,3,3,3,3,2,1,3,1,3,2.62,83,73,FALSE
Male,Loyal Customer,16,Personal Travel,Eco,192,4,5,4,2,4,4,4,4,3,2,5,4,4,3.77,49,51,FALSE
Male,Loyal Customer,33,Business Travel,Business,2414,2,2,2,2,4,4,4,4,4,3,5,5,4,3.46,0,0,TRUE
Male,Disloyal Customer,20,Business Travel,Eco,264,3,1,3,4,5,3,5,5,3,3,4,4,5,3.69,0,0,FALSE
Male,Loyal Customer,37,Business Travel,Business,1692,3,4,4,4,3,4,4,3,3,3,3,2,2,3.23,30,38,FALSE
Female,Loyal Customer,46,Business Travel,Business,1547,4,4,4,4,3,4,4,5,5,5,5,3,5,4.23,0,0,TRUE
Male,Loyal Customer,22,Personal Travel,Eco,308,1,5,1,2,4,1,4,4,4,5,5,5,4,3.46,0,0,FALSE
Female,Disloyal Customer,24,Business Travel,Business,529,4,5,4,4,3,4,5,3,5,3,5,3,3,3.92,0,0,TRUE
Male,Disloyal Customer,22,Business Travel,Eco,1258,5,5,5,1,4,5,4,4,3,4,4,4,4,4,0,0,TRUE
Male,Loyal Customer,49,Personal Travel,Eco,304,3,3,3,3,4,3,5,4,3,3,4,4,4,3.54,3,0,FALSE
Female,Loyal Customer,52,Business Travel,Business,3714,0,4,0,3,3,5,4,5,5,5,5,5,5,3.77,0,0,TRUE
Male,Loyal Customer,48,Personal Travel,Eco,1845,2,5,2,2,5,2,5,5,3,3,3,4,5,3.54,0,0,FALSE
Female,Loyal Customer,43,Personal Travel,Eco,2288,3,4,3,5,3,4,4,1,4,4,4,4,4,3.62,4,11,FALSE
Male,Loyal Customer,34,Personal Travel,Eco,158,1,5,0,3,4,0,4,4,3,3,4,5,4,3.08,0,0,FALSE
Female,Loyal Customer,43,Personal Travel,Eco,89,2,4,2,1,4,4,5,2,2,2,2,3,4,2.85,0,0,FALSE
Female,Loyal Customer,59,Business Travel,Business,1598,3,2,2,2,3,3,3,3,3,3,3,4,2,2.77,0,0,FALSE
Female,Loyal Customer,49,Personal Travel,Eco,631,3,4,3,5,2,4,4,4,4,3,4,3,4,3.62,13,17,FALSE
Female,Loyal Customer,7,Personal Travel,Eco,200,2,3,0,4,4,0,4,4,3,2,2,3,4,2.69,0,0,FALSE
Female,Loyal Customer,25,Personal Travel,Eco Plus,1276,4,4,5,1,2,5,2,2,5,5,3,3,2,3.31,0,0,TRUE
Female,Loyal Customer,43,Personal Travel,Eco,1036,2,1,2,3,2,4,3,1,1,2,3,1,3,2.15,0,2,FALSE
Male,Loyal Customer,62,Personal Travel,Eco,628,1,5,1,2,3,1,3,3,5,4,5,5,3,3.15,0,0,FALSE
Female,Loyal Customer,37,Business Travel,Business,250,1,4,2,2,2,3,4,1,1,1,1,1,2,1.92,0,0,FALSE
Female,Loyal Customer,16,Personal Travel,Business,546,1,3,1,3,1,1,1,1,1,5,4,5,1,2.15,0,10,FALSE
Female,Loyal Customer,32,Personal Travel,Eco,1023,2,4,2,2,2,3,3,3,5,5,4,3,3,3.15,156,152,FALSE
Male,Loyal Customer,36,Personal Travel,Eco,258,3,4,3,4,5,3,5,5,1,4,3,4,5,3.77,70,105,FALSE
Male,Loyal Customer,51,Business Travel,Business,3143,3,3,3,3,3,4,4,4,4,4,4,4,3,3.54,0,6,TRUE
Female,Loyal Customer,49,Business Travel,Eco Plus,674,2,2,2,2,3,2,4,2,2,2,2,5,5,2.69,0,0,TRUE
Male,Loyal Customer,65,Business Travel,Business,3987,2,2,2,2,3,1,2,4,4,4,4,5,1,2.77,21,25,TRUE
Female,Loyal Customer,24,Personal Travel,Business,2172,3,1,3,3,4,3,2,4,4,3,2,2,4,2.92,0,4,FALSE
Male,Loyal Customer,17,Business Travel,Business,1089,2,2,2,2,4,5,4,4,4,4,4,3,4,3.38,10,0,TRUE
Male,Loyal Customer,23,Business Travel,Eco Plus,445,5,3,3,3,5,5,3,5,3,5,3,2,5,3.85,82,91,TRUE
Male,Disloyal Customer,38,Business Travel,Business,337,2,2,2,2,1,2,1,1,3,3,5,5,1,2.31,63,61,FALSE
Male,Loyal Customer,57,Business Travel,Business,1698,0,0,0,3,1,3,5,5,5,5,5,5,2,3,8,12,TRUE
Male,Disloyal Customer,15,Business Travel,Eco,542,0,0,0,2,3,0,1,3,5,3,4,3,3,2.08,10,0,TRUE
Male,Loyal Customer,22,Personal Travel,Eco,1076,1,4,1,4,5,1,5,5,3,4,5,3,5,3.54,0,26,FALSE
Female,Loyal Customer,60,Business Travel,Eco,1399,2,5,5,5,4,3,4,2,2,2,2,4,3,3.31,0,0,FALSE
Female,Disloyal Customer,27,Business Travel,Eco,524,2,0,2,1,3,2,3,3,3,3,4,5,3,2.62,0,0,FALSE
Female,Disloyal Customer,23,Business Travel,Eco,1325,2,2,2,4,2,2,5,2,1,2,4,3,2,2.54,0,0,FALSE
Female,Loyal Customer,54,Business Travel,Business,2770,2,2,2,2,4,4,4,5,5,5,5,5,4,3.77,0,0,TRUE
Female,Loyal Customer,41,Business Travel,Business,236,4,4,4,4,3,5,5,4,4,4,4,3,5,4.08,0,0,TRUE
Female,Loyal Customer,50,Personal Travel,Eco,723,2,4,2,3,2,2,4,4,4,2,4,3,2,2.92,7,0,FALSE
Male,Loyal Customer,32,Business Travel,Business,3040,4,5,4,4,4,4,4,4,1,1,4,2,4,3.46,31,31,FALSE
Male,Loyal Customer,63,Business Travel,Business,363,4,4,4,4,1,1,3,5,5,5,5,4,5,3.85,0,0,TRUE
Female,Loyal Customer,49,Business Travel,Business,1589,4,4,2,4,4,4,4,4,3,4,5,4,4,3.85,180,221,TRUE
Male,Loyal Customer,9,Personal Travel,Eco,448,4,5,4,5,4,4,4,4,2,1,5,3,4,3.77,17,14,FALSE
Male,Loyal Customer,32,Business Travel,Eco,1237,5,2,5,2,5,5,5,5,1,4,5,2,5,3.92,25,124,TRUE
Male,Loyal Customer,45,Business Travel,Business,2577,2,4,2,2,4,2,5,4,4,4,4,1,3,3.15,0,0,TRUE
Male,Loyal Customer,26,Business Travel,Business,1659,1,1,1,1,5,5,5,5,4,1,3,1,5,2.92,0,14,TRUE
Male,Loyal Customer,65,Personal Travel,Eco,326,2,3,2,5,5,2,5,5,1,5,3,5,5,3.69,0,0,FALSE
Female,Loyal Customer,10,Business Travel,Business,2165,3,2,2,2,3,3,3,3,1,2,2,4,3,2.54,0,0,FALSE
Male,Loyal Customer,21,Personal Travel,Eco Plus,937,2,4,2,4,2,2,2,2,1,1,1,5,2,2.31,0,0,FALSE
Female,Loyal Customer,24,Business Travel,Business,1440,1,3,3,3,1,1,1,1,4,4,3,2,1,2.15,13,9,FALSE
Female,Loyal Customer,33,Business Travel,Business,2872,5,5,5,5,1,5,5,4,4,4,3,3,1,3.85,0,0,TRUE
Male,Loyal Customer,47,Business Travel,Business,1119,4,4,4,4,4,4,5,5,5,5,5,5,4,4.46,0,0,TRUE
Female,Loyal Customer,57,Personal Travel,Eco,472,4,4,4,4,2,4,4,5,5,4,5,4,3,4,0,0,FALSE
Female,Loyal Customer,16,Personal Travel,Eco,762,1,4,1,2,1,4,4,5,4,4,4,4,4,3.23,243,256,FALSE
Female,Loyal Customer,37,Business Travel,Eco,190,4,1,1,1,4,4,4,4,5,2,2,4,4,3.08,3,0,TRUE
Male,Disloyal Customer,40,Business Travel,Eco Plus,680,5,5,5,3,2,5,2,2,1,4,1,3,2,3.08,4,0,TRUE
Female,Loyal Customer,38,Business Travel,Eco,843,5,4,2,4,5,5,5,5,5,5,1,1,5,4,0,0,TRUE
Female,Loyal Customer,35,Business Travel,Eco Plus,271,1,4,4,4,1,1,1,1,3,1,3,3,1,2.15,0,31,FALSE
Female,Loyal Customer,30,Business Travel,Business,393,3,5,3,5,3,3,3,3,2,5,3,4,3,3.46,0,0,FALSE
Female,Disloyal Customer,27,Business Travel,Eco,647,3,1,3,4,3,3,3,3,4,5,3,4,3,3.23,85,77,FALSE
Female,Loyal Customer,23,Business Travel,Business,1605,3,2,2,2,3,3,3,3,2,3,4,3,3,2.77,0,9,FALSE
Male,Loyal Customer,28,Business Travel,Business,3732,1,1,5,1,5,5,5,5,3,3,4,5,5,3.69,3,0,TRUE
Male,Loyal Customer,15,Personal Travel,Eco,1448,4,5,4,4,2,4,5,2,5,1,3,5,2,3.54,0,0,FALSE
Female,Loyal Customer,67,Personal Travel,Eco,391,1,4,1,4,5,5,5,1,1,1,4,3,5,3.08,0,0,FALSE
Female,Loyal Customer,55,Business Travel,Business,862,2,2,4,2,1,2,2,2,2,2,2,3,1,2.08,61,64,FALSE
Male,Loyal Customer,11,Personal Travel,Eco,1546,4,5,4,3,4,4,4,4,3,3,4,4,4,3.85,0,0,FALSE
Male,Loyal Customer,63,Personal Travel,Eco,192,4,5,4,4,4,4,4,4,4,3,4,5,4,4.08,0,0,TRUE
Male,Loyal Customer,8,Personal Travel,Business,862,2,1,2,3,3,2,3,3,4,5,4,3,3,2.92,10,35,FALSE
Female,Loyal Customer,62,Personal Travel,Eco,164,2,4,2,2,3,5,4,4,4,2,4,5,5,3.54,0,0,FALSE
Male,Disloyal Customer,37,Business Travel,Eco,552,2,4,2,4,2,2,2,2,4,1,1,4,2,2.46,106,118,FALSE
Male,Loyal Customer,7,Personal Travel,Business,250,3,5,3,4,3,3,3,3,3,5,5,5,3,3.69,0,3,FALSE
Female,Loyal Customer,50,Personal Travel,Eco,240,1,4,1,3,5,3,3,5,5,1,5,1,4,3.15,1,39,FALSE
Female,Loyal Customer,41,Business Travel,Business,2340,4,4,4,4,2,5,5,4,4,4,4,5,4,4.08,16,9,TRUE
Male,Loyal Customer,33,Business Travel,Business,581,2,2,2,2,4,4,4,4,3,2,4,1,4,2.92,1,0,TRUE
Female,Disloyal Customer,26,Business Travel,Eco,762,3,3,3,3,5,3,5,5,1,5,3,2,5,3.54,8,12,FALSE
Male,Loyal Customer,44,Business Travel,Eco,814,1,3,3,3,1,1,1,1,3,2,4,4,1,2.15,0,1,FALSE
Male,Loyal Customer,45,Personal Travel,Eco,622,2,1,2,4,3,2,3,3,1,5,3,3,3,2.69,0,0,FALSE
Male,Loyal Customer,29,Business Travel,Business,326,2,2,2,2,4,4,4,4,3,4,5,4,4,3.38,0,0,TRUE
Female,Loyal Customer,49,Personal Travel,Eco Plus,1521,3,4,3,4,3,5,5,5,5,3,5,4,5,4.15,31,23,FALSE
Male,Loyal Customer,9,Personal Travel,Eco Plus,529,3,5,3,1,4,3,4,4,5,5,4,5,4,3.85,0,0,FALSE
Male,Loyal Customer,22,Business Travel,Business,166,2,2,2,2,5,4,5,5,5,3,4,4,5,3.69,0,0,TRUE
Female,Loyal Customer,39,Business Travel,Business,2137,3,2,2,2,2,4,4,3,3,3,3,3,4,2.92,20,10,FALSE
Female,Loyal Customer,46,Business Travel,Business,3141,5,5,5,5,5,4,4,4,4,4,4,3,5,4.38,0,4,TRUE
Male,Loyal Customer,46,Business Travel,Business,1488,3,3,3,3,3,5,5,5,5,5,5,3,5,4.08,0,7,TRUE
Male,Loyal Customer,53,Business Travel,Business,1514,1,1,1,1,3,5,4,4,4,4,4,5,5,3.23,0,0,TRUE
Female,Loyal Customer,64,Personal Travel,Eco,337,2,4,3,2,3,5,4,4,4,3,4,5,4,3.62,0,0,FALSE
Female,Loyal Customer,15,Personal Travel,Eco,1013,1,1,1,4,3,1,1,3,1,5,3,3,3,2.31,0,0,FALSE
Female,Loyal Customer,69,Personal Travel,Eco Plus,255,2,2,0,3,2,4,3,4,4,0,4,1,3,2.46,0,0,FALSE
Female,Disloyal Customer,22,Business Travel,Eco,196,2,0,3,5,2,3,2,2,5,5,4,5,2,3.08,0,0,FALSE
Female,Disloyal Customer,37,Business Travel,Business,1389,3,3,3,3,5,3,5,5,4,1,3,4,5,3.62,0,0,FALSE
Female,Loyal Customer,40,Business Travel,Eco,1189,2,1,1,1,2,2,2,2,3,3,4,2,2,2.08,0,8,TRUE
Male,Loyal Customer,21,Personal Travel,Eco,333,2,5,2,1,1,2,1,1,4,4,5,4,1,2.54,0,0,FALSE
Male,Loyal Customer,27,Business Travel,Eco,569,5,5,3,3,5,5,5,5,2,3,4,5,5,4.23,0,50,TRUE
Male,Loyal Customer,66,Personal Travel,Eco,867,2,5,2,1,2,2,2,2,5,2,2,5,2,2.62,70,83,FALSE
Male,Loyal Customer,49,Personal Travel,Eco,331,2,5,2,3,4,2,1,4,4,4,4,5,4,3.38,0,14,FALSE
Female,Loyal Customer,14,Business Travel,Business,679,2,2,2,2,5,5,5,5,3,3,5,3,5,3.62,0,0,TRUE
Female,Loyal Customer,66,Business Travel,Business,919,2,2,2,2,4,3,3,2,2,2,2,1,1,2.15,0,0,FALSE
Male,Loyal Customer,63,Business Travel,Eco,101,4,5,5,5,4,4,4,4,5,3,1,3,4,3.92,0,0,TRUE
Male,Loyal Customer,33,Personal Travel,Eco,321,3,4,3,4,4,3,4,4,4,4,3,4,4,3.69,0,0,FALSE
Male,Disloyal Customer,28,Business Travel,Business,501,5,5,5,3,1,5,1,1,3,3,4,3,1,3.08,0,0,TRUE
Female,Loyal Customer,59,Business Travel,Business,3318,5,5,5,5,5,5,5,3,5,5,4,5,5,4.77,191,177,TRUE
Male,Disloyal Customer,23,Business Travel,Eco,1034,2,2,2,1,2,2,3,2,1,3,1,3,2,2,0,0,FALSE
Female,Loyal Customer,13,Personal Travel,Eco,228,3,5,3,3,1,3,1,1,3,3,5,5,1,2.85,0,0,FALSE
Female,Loyal Customer,43,Business Travel,Business,3956,1,1,1,1,2,3,4,5,5,5,5,2,1,2.77,61,69,TRUE
Male,Disloyal Customer,23,Business Travel,Eco,1076,5,5,5,1,2,5,2,2,4,1,5,1,2,3.08,0,0,TRUE
Male,Loyal Customer,7,Personal Travel,Eco,2381,2,5,2,2,3,2,3,3,4,2,5,2,3,2.92,0,0,FALSE
Male,Loyal Customer,13,Personal Travel,Eco,1008,1,5,2,5,5,2,5,5,5,3,4,4,5,3.92,45,30,FALSE
Female,Loyal Customer,14,Business Travel,Business,680,1,1,1,1,5,5,5,5,4,4,4,5,5,3.54,81,108,TRUE
Male,Loyal Customer,28,Personal Travel,Eco,1129,4,5,4,4,4,4,4,4,5,5,4,3,4,4.15,3,4,FALSE
Female,Disloyal Customer,38,Business Travel,Business,216,3,4,4,3,4,4,4,4,5,2,5,5,4,3.92,0,4,FALSE
Female,Loyal Customer,62,Personal Travel,Eco,862,3,4,2,3,4,1,1,2,2,2,2,5,4,2.69,0,0,FALSE
Female,Disloyal Customer,25,Business Travel,Eco,1182,2,1,1,4,3,1,3,3,3,4,3,1,3,2.46,13,17,FALSE
Male,Loyal Customer,51,Business Travel,Eco,224,4,3,4,4,4,4,4,4,5,2,4,1,4,3.62,0,0,TRUE
Female,Disloyal Customer,36,Business Travel,Eco,304,2,2,2,2,1,2,1,1,3,3,2,2,1,1.85,8,10,FALSE
Female,Loyal Customer,15,Business Travel,Business,2538,3,3,3,3,3,2,3,3,4,5,2,2,3,3,7,0,FALSE
Male,Loyal Customer,35,Business Travel,Business,3190,2,2,2,2,5,3,4,2,2,2,2,2,2,2.46,26,26,FALSE
Male,Loyal Customer,26,Business Travel,Eco,862,3,3,3,3,3,3,1,3,2,1,4,3,3,2.69,2,0,FALSE
Male,Loyal Customer,50,Business Travel,Eco Plus,192,4,5,5,5,4,4,4,4,2,5,4,2,4,4,9,22,FALSE
Male,Disloyal Customer,37,Business Travel,Business,275,3,4,4,1,1,4,1,1,5,2,5,1,1,2.54,0,0,FALSE
Male,Disloyal Customer,26,Business Travel,Business,1020,2,2,2,1,3,2,3,3,5,4,4,5,3,3,0,0,FALSE
Female,Loyal Customer,60,Business Travel,Business,3387,1,1,2,1,4,4,5,4,4,4,4,4,5,3.31,23,19,TRUE
Female,Loyal Customer,63,Business Travel,Eco,954,3,4,4,4,1,4,3,3,3,3,3,2,2,3,0,0,FALSE
Female,Disloyal Customer,25,Business Travel,Business,228,3,5,3,2,2,3,2,2,4,5,4,5,2,3.23,0,0,FALSE
Male,Loyal Customer,60,Personal Travel,Eco,462,1,3,1,4,3,1,3,3,5,3,3,3,3,2.77,0,0,FALSE
Male,Loyal Customer,57,Business Travel,Business,3463,1,1,1,1,2,4,4,4,4,4,4,4,3,2.85,0,0,TRUE
Male,Loyal Customer,29,Personal Travel,Eco,429,4,1,4,2,3,4,3,3,1,5,2,4,3,3,0,0,TRUE
Male,Loyal Customer,66,Business Travel,Eco,842,4,3,2,3,4,4,4,4,1,4,2,4,4,3.31,0,0,TRUE
Female,Loyal Customer,63,Personal Travel,Eco,190,2,2,2,3,3,2,2,3,3,2,3,3,2,2.46,4,0,FALSE
Male,Loyal Customer,55,Personal Travel,Eco,236,4,5,4,3,4,4,4,4,5,5,5,5,4,4.31,0,3,FALSE
Female,Loyal Customer,32,Business Travel,Business,551,2,2,2,2,4,4,4,4,4,2,4,3,4,3.15,0,0,TRUE
Male,Loyal Customer,37,Business Travel,Eco,978,1,3,3,3,1,1,1,1,2,5,4,1,1,2.08,0,0,FALSE
Female,Loyal Customer,17,Business Travel,Business,3774,2,4,4,4,2,3,2,2,1,5,3,2,2,2.77,0,4,FALSE
Male,Loyal Customer,58,Business Travel,Business,2296,4,4,4,4,5,4,4,4,4,4,4,4,5,4.15,0,0,TRUE
Female,Loyal Customer,39,Business Travel,Business,277,3,5,5,5,3,4,3,3,3,3,3,4,3,3.62,0,0,FALSE
Male,Loyal Customer,28,Personal Travel,Business,937,4,2,4,3,2,4,2,2,4,1,3,1,2,2.62,0,0,FALSE
Male,Disloyal Customer,40,Business Travel,Business,628,4,4,4,2,5,4,1,5,3,3,4,3,5,3.62,0,0,FALSE
Female,Loyal Customer,66,Business Travel,Business,140,5,5,5,5,2,3,2,4,4,4,4,2,1,3.54,32,35,TRUE
Female,Disloyal Customer,26,Business Travel,Business,102,3,3,3,4,4,3,3,4,2,4,4,4,4,3.46,0,0,FALSE
Female,Loyal Customer,25,Personal Travel,Business,882,2,2,2,4,4,2,3,4,4,4,3,1,4,3,5,0,FALSE
Male,Loyal Customer,39,Business Travel,Eco,990,2,5,5,5,2,2,2,2,3,2,3,1,2,2.77,22,10,FALSE
Female,Loyal Customer,47,Personal Travel,Eco,416,3,3,2,3,4,4,3,1,1,2,1,1,5,2.54,0,,FALSE
Female,Disloyal Customer,37,Business Travel,Eco,270,0,3,0,4,2,0,2,2,4,3,3,3,2,2.15,14,41,TRUE
Female,Loyal Customer,25,Business Travel,Business,2490,5,5,2,5,4,4,4,4,1,3,4,1,4,3.54,0,0,TRUE
Male,Disloyal Customer,25,Business Travel,Business,859,2,0,2,3,4,2,4,4,4,2,5,4,4,3.08,0,1,FALSE
Male,Loyal Customer,25,Business Travel,Business,2486,2,2,2,2,5,5,5,5,4,2,5,3,5,3.62,3,0,TRUE
Male,Loyal Customer,18,Business Travel,Business,1654,5,5,5,5,3,3,3,3,4,5,4,4,3,4,0,0,TRUE
Male,Loyal Customer,60,Business Travel,Business,2842,1,1,1,1,2,5,4,3,3,3,3,5,3,2.69,32,48,TRUE
Male,Loyal Customer,54,Business Travel,Business,2378,2,5,2,2,3,5,5,5,5,5,5,4,5,4.08,11,0,TRUE
Male,Loyal Customer,47,Business Travel,Business,2544,3,3,3,3,2,4,5,4,4,4,5,5,4,3.77,2,0,TRUE
Male,Loyal Customer,32,Personal Travel,Eco,335,3,5,3,3,1,3,1,1,4,2,5,5,1,2.85,0,0,FALSE
Male,Disloyal Customer,18,Business Travel,Eco,458,4,2,4,4,2,4,2,2,4,4,3,4,2,3.15,22,38,FALSE
Female,Loyal Customer,7,Personal Travel,Eco,337,5,4,5,2,2,5,2,2,5,3,2,4,2,3.31,0,0,TRUE
Male,Disloyal Customer,27,Business Travel,Business,838,5,5,5,2,4,5,4,4,3,5,5,5,4,4.31,0,0,TRUE
Female,Loyal Customer,36,Business Travel,Eco Plus,239,3,1,1,1,3,3,3,3,2,2,4,2,3,2.38,14,12,FALSE
Male,Loyal Customer,53,Business Travel,Business,1515,2,2,2,2,4,5,5,5,5,5,5,5,5,4,0,0,TRUE
Male,Loyal Customer,46,Business Travel,Eco Plus,261,4,4,4,4,4,4,4,4,4,1,4,3,4,3.69,0,1,FALSE
Female,Loyal Customer,36,Business Travel,Business,312,2,4,4,4,2,3,4,2,2,2,2,1,2,2.62,43,41,FALSE
Male,Loyal Customer,49,Business Travel,Business,2951,4,4,4,4,2,4,5,4,4,4,4,4,5,4,0,0,TRUE
Female,Loyal Customer,39,Business Travel,Business,3178,1,1,1,1,5,2,2,4,4,4,4,2,5,2.77,0,0,TRUE
Male,Loyal Customer,15,Business Travel,Business,1541,4,3,4,4,4,4,4,4,1,3,3,1,4,3.31,0,0,FALSE
Male,Loyal Customer,60,Business Travel,Business,3058,3,3,3,3,5,5,4,4,4,4,4,3,3,3.69,0,0,TRUE
Female,Loyal Customer,57,Business Travel,Eco,1091,4,4,4,4,3,5,3,4,4,4,4,5,3,3.92,0,0,TRUE
Male,Disloyal Customer,27,Business Travel,Eco,337,3,1,3,4,3,3,2,3,2,2,4,4,3,2.85,0,0,FALSE
Female,Loyal Customer,72,Business Travel,Business,3008,2,4,4,4,5,2,3,2,2,2,2,4,2,2.92,6,7,FALSE
Female,Disloyal Customer,50,Business Travel,Business,1184,5,5,5,1,4,5,1,4,5,4,5,3,4,3.92,0,0,TRUE
Male,Disloyal Customer,23,Business Travel,Business,954,4,0,5,1,2,5,3,2,5,2,5,4,2,3.08,64,56,TRUE
Female,Disloyal Customer,24,Business Travel,Eco,1079,3,4,4,4,3,4,3,3,2,4,4,3,3,3.38,1,0,FALSE
Female,Loyal Customer,46,Business Travel,Eco,472,2,4,4,4,5,4,4,1,1,2,1,1,1,2.62,13,0,FALSE
Female,Loyal Customer,43,Business Travel,Eco,1754,1,3,3,3,1,1,2,1,1,1,1,2,3,1.77,9,0,FALSE
Male,Loyal Customer,10,Personal Travel,Eco,719,4,3,4,2,3,4,3,3,2,3,3,1,3,2.92,2,0,FALSE
Male,Loyal Customer,50,Business Travel,Business,2467,3,3,3,3,3,5,5,1,1,2,1,5,5,3.08,0,9,TRUE
Male,Loyal Customer,48,Personal Travel,Eco,67,1,3,1,3,5,1,5,5,4,1,2,1,5,2.85,0,0,FALSE
Male,Loyal Customer,31,Business Travel,Business,442,3,4,4,4,3,3,3,3,4,5,4,3,3,3.54,94,79,FALSE
Female,Disloyal Customer,25,Business Travel,Eco,333,2,2,2,2,5,2,5,5,4,1,1,3,5,3,37,14,FALSE
Female,Disloyal Customer,38,Business Travel,Business,1984,2,2,2,2,3,2,3,3,5,4,4,3,3,2.92,0,0,FALSE
Female,Loyal Customer,46,Business Travel,Eco,916,4,5,5,5,1,5,4,4,4,4,4,2,1,3.69,0,0,TRUE
Female,Loyal Customer,51,Business Travel,Business,1801,4,4,4,4,4,4,5,4,4,4,4,4,4,4.08,16,1,TRUE
Male,Loyal Customer,30,Business Travel,Business,2579,5,5,5,5,4,4,4,4,1,4,3,3,4,3.92,0,0,TRUE
Male,Loyal Customer,39,Business Travel,Eco,257,4,4,4,4,4,4,4,4,1,5,3,1,4,3.54,0,0,FALSE
Female,Disloyal Customer,26,Business Travel,Business,1047,5,5,5,3,1,5,1,1,3,4,4,4,1,3.23,0,0,TRUE
Female,Loyal Customer,29,Business Travel,Business,1487,1,1,1,1,5,5,5,5,3,4,5,4,5,3.46,0,0,TRUE
Female,Loyal Customer,48,Personal Travel,Eco Plus,925,2,4,2,4,5,4,5,4,4,2,5,4,3,3.69,2,0,FALSE
Male,Loyal Customer,47,Business Travel,Business,1997,5,5,5,5,2,4,5,4,4,4,4,3,5,4.23,0,2,TRUE
Female,Loyal Customer,59,Personal Travel,Eco,812,3,2,3,2,5,1,2,1,1,3,1,3,4,2.38,0,0,FALSE
Male,Loyal Customer,48,Business Travel,Business,3685,3,2,2,2,2,2,3,3,3,3,3,3,1,2.46,76,66,FALSE
Female,Loyal Customer,13,Personal Travel,Eco,1024,2,5,2,5,5,2,5,5,5,3,3,1,5,3.69,0,0,FALSE
Male,Loyal Customer,34,Business Travel,Eco Plus,246,3,5,5,5,3,4,3,3,1,4,3,2,3,3.38,0,0,TRUE
Male,Loyal Customer,29,Business Travel,Business,3448,3,5,5,5,3,3,3,3,4,3,4,1,3,3.46,0,0,FALSE
Male,Disloyal Customer,33,Business Travel,Business,329,3,3,3,4,3,3,3,3,4,4,5,5,3,3.54,0,0,FALSE
Female,Loyal Customer,51,Business Travel,Eco,997,3,4,2,4,1,3,3,3,3,3,3,4,1,2.85,3,20,FALSE
Male,Loyal Customer,44,Business Travel,Business,1123,1,2,2,2,4,4,4,1,1,1,1,1,3,2.08,3,34,FALSE
Female,Loyal Customer,50,Business Travel,Business,3543,1,1,1,1,3,4,4,4,4,4,4,3,4,2.92,0,0,TRUE
Female,Disloyal Customer,25,Business Travel,Business,956,2,0,2,2,1,2,5,1,4,4,5,4,1,2.54,0,0,FALSE
Male,Loyal Customer,47,Business Travel,Business,1972,4,4,4,4,4,5,5,5,5,5,5,3,3,4.31,0,0,TRUE
Female,Loyal Customer,44,Business Travel,Business,3535,5,2,5,5,3,4,4,5,5,5,4,5,5,4.38,0,0,TRUE
Female,Disloyal Customer,29,Business Travel,Business,936,0,0,0,4,4,0,1,4,4,3,5,5,4,2.62,0,0,TRUE
Female,Loyal Customer,41,Business Travel,Business,1536,5,5,5,5,3,1,5,4,4,4,4,2,5,4,4,17,TRUE
Female,Disloyal Customer,27,Business Travel,Eco,1123,4,4,4,3,5,4,5,5,4,4,5,2,5,4.15,8,7,TRUE
Male,Loyal Customer,53,Business Travel,Business,628,3,4,4,4,2,3,3,3,3,3,3,3,1,3,1,1,FALSE
Male,Loyal Customer,58,Business Travel,Business,1262,3,3,3,3,2,5,5,4,4,4,4,3,3,3.54,0,0,TRUE
Male,Loyal Customer,37,Business Travel,Business,1737,4,5,5,5,5,4,4,4,4,4,4,3,4,4.23,45,59,FALSE
Female,Loyal Customer,46,Business Travel,Business,1299,5,5,4,5,4,5,4,5,5,5,5,5,4,4.69,6,88,TRUE
Female,Loyal Customer,47,Personal Travel,Eco,562,2,4,2,3,4,5,5,5,5,2,5,5,4,3.92,7,18,FALSE
Female,Loyal Customer,50,Business Travel,Business,157,2,2,2,2,4,3,4,5,5,5,5,4,2,3.46,0,0,TRUE
Male,Loyal Customer,40,Business Travel,Business,1721,5,5,5,5,3,4,4,5,5,5,5,5,5,4.69,28,14,TRUE
Male,Disloyal Customer,32,Business Travel,Business,363,2,2,2,2,1,2,1,1,5,4,5,1,1,2.23,63,57,FALSE
Male,Loyal Customer,38,Business Travel,Business,458,2,2,2,2,1,5,2,4,4,4,4,4,5,3.15,14,6,TRUE
Female,Loyal Customer,54,Business Travel,Business,164,5,1,5,5,4,4,4,4,4,4,5,4,5,4.15,0,0,TRUE
Male,Loyal Customer,56,Business Travel,Eco Plus,116,5,3,3,3,5,5,5,5,3,5,4,4,5,4.23,1,4,TRUE
Male,Disloyal Customer,21,Business Travel,Eco,258,1,4,1,2,5,1,5,5,4,4,5,5,5,3.62,0,0,FALSE
Male,Loyal Customer,32,Business Travel,Business,2554,5,5,3,5,5,5,5,5,4,5,5,2,5,4.54,0,0,TRUE
Male,Disloyal Customer,43,Business Travel,Eco,567,3,4,3,4,5,3,5,5,3,1,1,3,5,3.46,24,62,FALSE
Male,Disloyal Customer,17,Business Travel,Eco,446,1,1,2,3,4,2,4,4,3,4,3,4,4,3,9,0,FALSE
Female,Loyal Customer,42,Business Travel,Business,895,4,4,4,4,5,5,5,5,5,5,5,4,5,4.62,7,0,TRUE
Female,Loyal Customer,48,Business Travel,Business,3209,2,2,2,2,2,4,5,5,5,5,5,3,5,3.62,53,51,TRUE
Male,Loyal Customer,53,Personal Travel,Eco Plus,208,2,3,0,3,3,0,3,3,2,3,5,2,3,2.46,0,0,FALSE
Male,Loyal Customer,52,Business Travel,Eco,319,3,5,4,5,3,3,3,3,3,4,4,3,3,3.54,74,71,FALSE
Male,Loyal Customer,43,Business Travel,Business,1999,3,3,3,3,5,1,2,5,5,4,5,1,1,3.15,33,26,TRUE
Male,Loyal Customer,51,Business Travel,Business,1758,1,1,1,1,4,4,5,4,4,4,4,4,4,3.15,0,0,TRUE
Male,Loyal Customer,33,Personal Travel,Eco Plus,204,2,1,2,1,2,2,2,2,2,1,1,2,2,1.69,0,0,FALSE
Female,Loyal Customer,34,Personal Travel,Eco,2218,3,1,3,3,5,3,5,5,1,4,4,1,5,3.31,0,0,FALSE
Male,Loyal Customer,19,Personal Travel,Eco,1460,3,4,3,1,3,3,3,3,5,2,5,3,3,3.15,0,0,FALSE
Male,Loyal Customer,35,Business Travel,Eco,475,2,2,2,2,2,3,2,2,3,5,3,3,2,2.54,0,8,FALSE
Male,Loyal Customer,40,Business Travel,Eco,231,4,4,4,4,4,4,4,4,3,1,2,2,4,3.38,0,4,TRUE
Female,Loyal Customer,55,Personal Travel,Eco,337,3,4,3,3,2,4,4,5,5,3,5,5,5,3.92,4,0,FALSE
Female,Loyal Customer,24,Business Travel,Business,1438,3,2,2,2,3,3,3,3,2,2,4,4,3,2.77,23,4,FALSE
Female,Loyal Customer,56,Business Travel,Business,2932,4,4,4,4,2,4,5,2,2,2,2,3,4,3.23,0,0,TRUE
Female,Loyal Customer,38,Business Travel,Business,1546,4,4,4,4,4,5,5,5,5,5,5,3,5,4.46,0,11,TRUE
Female,Loyal Customer,45,Business Travel,Business,1773,2,2,2,2,4,3,4,3,3,3,3,4,4,3,1,0,TRUE
Male,Loyal Customer,34,Personal Travel,Eco Plus,1048,2,3,2,4,2,2,2,4,5,3,4,2,2,2.85,165,181,FALSE
Female,Loyal Customer,43,Personal Travel,Eco,1072,3,5,3,3,4,5,5,3,3,3,3,3,3,3.54,63,64,FALSE
Female,Loyal Customer,36,Business Travel,Eco,1554,4,1,1,1,4,4,4,4,3,3,2,2,4,2.85,0,0,TRUE
Male,Loyal Customer,29,Personal Travel,Business,549,2,3,2,3,3,2,3,3,4,5,4,2,3,3,0,0,FALSE
Male,Loyal Customer,36,Business Travel,Business,2704,2,2,2,2,2,2,2,5,5,5,5,2,2,2.92,7,0,TRUE
Male,Disloyal Customer,28,Business Travel,Eco,817,2,2,2,2,5,2,5,5,5,5,1,5,5,3.54,0,0,FALSE
Male,Loyal Customer,14,Personal Travel,Eco,235,3,5,0,2,3,0,3,3,4,3,4,3,3,2.77,3,0,FALSE
Male,Disloyal Customer,80,Business Travel,Eco,206,3,4,4,3,5,4,5,5,1,1,4,3,5,3.62,0,24,FALSE
Male,Loyal Customer,9,Personal Travel,Eco,270,3,0,3,2,4,3,4,4,4,2,5,5,4,3.31,13,6,FALSE
Female,Loyal Customer,26,Business Travel,Business,3911,2,2,2,2,5,5,5,5,3,5,4,4,5,3.77,0,0,TRUE
Female,Loyal Customer,63,Business Travel,Business,205,4,4,4,4,2,5,5,5,5,5,4,4,5,4.31,32,,TRUE
Female,Disloyal Customer,26,Business Travel,Business,588,3,2,3,3,3,3,3,3,3,2,3,3,3,2.85,125,114,FALSE
Female,Loyal Customer,17,Personal Travel,Eco,677,1,5,1,1,2,1,2,2,3,3,5,3,2,2.38,58,46,FALSE
Male,Loyal Customer,75,Business Travel,Business,898,1,5,5,5,4,4,3,1,1,1,1,3,2,2.77,24,1,FALSE
Female,Disloyal Customer,25,Business Travel,Eco,404,2,2,2,2,4,2,5,4,4,1,3,4,4,3,18,10,FALSE
Female,Loyal Customer,36,Personal Travel,Eco,521,2,4,5,3,4,5,4,4,3,5,5,5,4,4.08,0,0,FALSE
Male,Loyal Customer,35,Business Travel,Eco Plus,258,5,1,1,1,5,5,5,5,1,2,1,5,5,3.23,53,77,TRUE
Female,Loyal Customer,43,Business Travel,Business,3614,4,4,4,4,4,4,5,5,5,5,5,5,5,4.54,8,4,TRUE
Female,Loyal Customer,30,Business Travel,Business,1620,1,1,1,1,5,4,5,5,5,2,3,3,5,3.15,22,6,TRUE
Male,Loyal Customer,30,Personal Travel,Business,1504,5,4,5,3,5,5,5,5,3,5,5,4,5,4.54,1,0,TRUE
Female,Loyal Customer,9,Business Travel,Business,1608,4,4,4,4,5,5,5,5,1,1,1,2,5,3.54,0,0,TRUE
Female,Disloyal Customer,23,Business Travel,Eco,212,1,2,1,4,4,1,4,4,1,4,3,3,4,2.77,0,0,FALSE
Male,Loyal Customer,16,Personal Travel,Eco,587,5,3,5,4,3,5,3,3,2,5,3,2,3,3.54,0,0,TRUE
Female,Loyal Customer,42,Business Travel,Business,3235,4,4,3,4,5,5,4,5,5,5,5,3,4,4.31,0,0,TRUE
Female,Disloyal Customer,25,Business Travel,Eco,1008,3,3,3,4,2,3,2,2,2,5,5,2,2,2.92,0,0,FALSE
Male,Loyal Customer,9,Personal Travel,Eco,349,2,2,2,2,1,2,1,1,1,5,2,1,1,1.77,19,29,FALSE
Male,Disloyal Customer,32,Personal Travel,Eco,251,3,4,3,4,5,3,5,5,5,4,5,3,5,4.15,1,11,FALSE
Male,Loyal Customer,39,Business Travel,Business,386,5,5,5,5,2,5,4,3,3,3,3,5,5,4.08,7,0,TRUE
Male,Loyal Customer,58,Personal Travel,Eco,67,1,5,1,3,1,1,1,1,5,3,5,5,1,2.54,16,15,FALSE
Female,Disloyal Customer,21,Business Travel,Eco,689,4,5,5,4,4,5,5,4,1,5,1,4,4,3.92,0,0,TRUE
Female,Loyal Customer,59,Business Travel,Business,3805,4,4,4,4,2,4,5,4,4,4,4,4,4,3.92,11,0,TRUE
Female,Loyal Customer,52,Business Travel,Business,1224,1,1,1,1,4,5,4,5,5,5,5,5,4,3.54,0,0,TRUE
Female,Loyal Customer,52,Personal Travel,Eco,867,2,5,1,3,4,5,5,2,2,1,2,4,4,3.08,0,0,FALSE
Male,Loyal Customer,63,Personal Travel,Eco,547,2,0,2,4,3,2,2,3,4,2,5,4,3,2.77,3,14,FALSE
Male,Loyal Customer,39,Personal Travel,Business,862,0,4,0,3,4,3,4,5,5,0,5,1,2,2.77,6,0,TRUE
Male,Loyal Customer,18,Business Travel,Eco Plus,1020,4,1,1,1,4,4,1,4,4,1,4,3,4,2.77,42,36,FALSE
Male,Loyal Customer,30,Business Travel,Business,1931,5,5,5,5,5,5,5,5,3,3,5,3,5,4.54,0,0,TRUE
Female,Disloyal Customer,28,Business Travel,Eco,1314,5,5,5,2,3,5,3,3,2,1,3,1,3,3.15,0,0,TRUE
Male,Loyal Customer,36,Business Travel,Business,349,0,0,0,3,3,1,5,5,5,5,5,1,3,2.77,0,0,TRUE
Female,Loyal Customer,33,Personal Travel,Eco,874,2,0,2,5,1,2,1,1,5,5,5,3,1,2.54,50,36,FALSE
Female,Loyal Customer,19,Personal Travel,Eco,109,1,4,1,3,5,1,5,5,4,3,4,4,5,3.46,14,7,FALSE
Male,Loyal Customer,55,Personal Travel,Business,651,2,4,2,4,2,2,3,4,4,2,4,1,2,2.77,5,0,FALSE
Female,Loyal Customer,52,Business Travel,Business,2874,1,1,1,1,2,4,5,4,4,5,4,3,3,2.92,0,0,TRUE
Female,Loyal Customer,36,Business Travel,Business,325,5,5,5,5,1,1,5,4,4,4,4,4,2,3.77,0,0,TRUE
Male,Loyal Customer,55,Business Travel,Business,2037,5,5,5,5,2,5,4,3,3,3,3,3,5,3.92,11,2,TRUE
Female,Loyal Customer,43,Business Travel,Business,2605,2,4,4,4,1,3,3,2,2,2,2,3,3,2.69,0,0,FALSE
Male,Loyal Customer,59,Business Travel,Eco,725,4,2,1,2,4,4,4,4,5,2,3,5,4,3.38,0,0,TRUE
Male,Loyal Customer,59,Personal Travel,Eco,270,5,4,5,4,5,5,4,5,5,3,4,3,5,4.38,0,0,TRUE
Female,Loyal Customer,44,Business Travel,Business,3458,5,5,5,5,2,5,4,4,4,4,4,5,5,4.38,29,41,TRUE
Female,Disloyal Customer,25,Business Travel,Eco,1076,4,4,4,3,3,4,3,3,2,2,2,2,3,3,2,0,FALSE
Female,Disloyal Customer,24,Business Travel,Eco,404,0,0,0,2,5,0,5,5,2,1,4,2,5,2.38,4,4,TRUE
Female,Loyal Customer,52,Business Travel,Eco,2072,4,5,5,5,4,2,2,4,4,4,4,2,2,3.62,1,0,TRUE
Female,Loyal Customer,37,Business Travel,Business,456,1,0,0,3,2,4,4,5,5,0,5,4,3,2.77,0,6,FALSE
Female,Disloyal Customer,38,Business Travel,Business,390,1,1,1,4,2,1,3,2,5,2,5,5,2,2.62,0,0,FALSE
Female,Loyal Customer,60,Personal Travel,Eco,1773,3,2,3,2,4,2,1,2,2,3,2,1,3,2.31,3,14,FALSE
Male,Loyal Customer,59,Business Travel,Business,2830,2,2,2,2,3,3,2,5,5,5,3,3,3,3.08,0,0,TRUE
Male,Loyal Customer,53,Business Travel,Eco,640,4,4,4,4,4,4,4,4,2,5,4,1,4,3.69,26,22,FALSE
Female,Disloyal Customer,21,Business Travel,Business,1565,5,4,5,5,4,5,4,4,3,5,4,4,4,4.31,15,20,TRUE
Female,Loyal Customer,20,Personal Travel,Eco,1725,2,5,3,4,3,3,3,3,4,5,5,3,3,3.54,109,105,FALSE
Female,Loyal Customer,10,Personal Travel,Eco,175,2,2,2,3,4,2,2,4,1,5,2,3,4,2.77,0,0,FALSE
Male,Loyal Customer,25,Business Travel,Business,1167,4,4,4,4,4,4,4,4,5,2,4,5,4,4,0,0,TRUE
Male,Loyal Customer,21,Personal Travel,Eco,1379,3,4,4,2,3,4,4,3,5,4,4,3,3,3.54,16,23,FALSE
Female,Disloyal Customer,48,Business Travel,Eco,2402,3,3,3,3,3,2,2,3,2,3,3,2,2,2.62,0,0,FALSE
Male,Loyal Customer,26,Business Travel,Business,2342,1,1,1,1,5,5,5,5,5,2,5,3,5,3.38,0,0,TRUE
Male,Disloyal Customer,50,Business Travel,Business,1995,4,4,4,5,3,4,3,3,4,5,4,4,3,3.85,0,0,TRUE
Female,Loyal Customer,57,Business Travel,Business,2714,4,4,4,4,1,2,5,2,2,2,2,4,1,2.85,0,0,TRUE
Male,Disloyal Customer,22,Business Travel,Eco,1034,3,3,3,4,1,3,1,1,5,5,5,5,1,3.08,12,6,TRUE
Female,Disloyal Customer,23,Business Travel,Eco,125,5,3,5,3,2,5,2,2,2,5,2,4,2,3.23,0,0,TRUE
Female,Loyal Customer,22,Personal Travel,Eco,1303,2,4,2,2,1,2,1,1,5,2,4,3,1,2.31,2,17,FALSE
Female,Loyal Customer,46,Business Travel,Business,1379,4,4,4,4,3,4,5,3,3,3,3,4,4,3.69,0,0,TRUE
Female,Loyal Customer,56,Business Travel,Business,2273,1,1,1,1,3,4,4,5,5,5,5,3,3,3.15,0,10,TRUE
Male,Loyal Customer,38,Personal Travel,Eco,989,4,4,4,2,3,4,3,3,4,2,4,3,3,3.31,0,0,FALSE
Male,Loyal Customer,40,Business Travel,Business,2715,0,0,0,4,2,5,5,4,4,4,4,4,5,3.15,0,0,TRUE
Male,Loyal Customer,51,Business Travel,Business,1129,2,3,3,3,4,4,3,2,2,2,2,1,1,2.46,10,12,FALSE
Female,Loyal Customer,65,Business Travel,Eco,240,3,2,2,2,1,4,4,2,2,3,2,4,4,2.69,0,0,FALSE
Male,Loyal Customer,33,Business Travel,Business,3389,5,5,5,5,4,4,4,4,5,5,4,3,4,4.38,0,0,TRUE
Female,Loyal Customer,61,Personal Travel,Eco,2994,3,3,3,4,3,2,2,2,5,3,4,2,2,2.92,0,3,FALSE
Male,Loyal Customer,55,Business Travel,Business,2480,0,5,0,2,2,4,4,2,2,2,2,3,4,2.46,0,0,TRUE
Male,Loyal Customer,48,Business Travel,Eco,268,4,5,5,5,4,4,4,4,5,1,2,1,4,3.69,0,0,TRUE
Female,Loyal Customer,52,Personal Travel,Eco Plus,250,3,4,0,5,2,5,5,4,4,0,4,3,3,3.23,34,61,FALSE
Male,Loyal Customer,41,Business Travel,Eco,296,5,1,1,1,5,5,5,5,5,4,3,2,5,3.62,0,0,TRUE
Female,Loyal Customer,33,Business Travel,Eco,200,4,2,2,2,4,4,4,4,4,5,3,4,4,3.54,0,0,TRUE
Female,Disloyal Customer,29,Business Travel,Business,651,5,5,5,1,2,5,2,2,4,3,5,4,2,3.46,0,0,TRUE
Female,Loyal Customer,43,Business Travel,Business,1759,5,5,5,5,3,4,4,4,4,4,4,3,5,4.23,0,0,TRUE
Female,Loyal Customer,44,Business Travel,Business,2969,2,3,2,2,5,5,4,5,5,5,5,3,3,3.77,0,0,TRUE
Male,Loyal Customer,51,Business Travel,Eco Plus,696,3,2,3,2,3,3,3,3,2,5,2,1,3,2.69,14,10,FALSE
Male,Disloyal Customer,33,Business Travel,Business,599,1,1,1,3,4,1,4,4,3,4,4,4,4,2.92,0,0,FALSE
Male,Loyal Customer,69,Personal Travel,Eco,67,2,2,2,3,4,2,4,4,1,4,4,1,4,2.85,63,60,FALSE
Female,Loyal Customer,22,Personal Travel,Eco,986,1,5,1,4,3,1,3,3,3,4,5,4,3,3.08,0,0,FALSE
Male,Loyal Customer,47,Business Travel,Business,1979,3,3,3,3,4,5,5,5,5,5,5,3,3,4,0,0,TRUE
Male,Loyal Customer,52,Personal Travel,Eco,345,2,2,2,3,1,2,1,1,2,3,4,1,1,1.92,0,0,FALSE
Male,Loyal Customer,46,Personal Travel,Eco,240,3,4,3,4,2,3,2,2,3,2,4,4,2,2.92,0,0,FALSE
Female,Loyal Customer,55,Business Travel,Business,3040,3,3,3,3,1,4,3,3,3,3,3,1,1,2.62,4,16,FALSE
Male,Loyal Customer,55,Business Travel,Business,3052,4,4,4,4,4,4,4,5,5,5,5,5,4,4.38,23,40,TRUE
Male,Loyal Customer,46,Business Travel,Business,3540,2,2,2,2,3,4,5,5,5,5,5,3,5,3.69,0,0,TRUE
Female,Loyal Customer,43,Personal Travel,Eco,980,3,4,3,4,3,5,4,4,4,3,4,5,5,3.92,42,49,FALSE
Male,Disloyal Customer,38,Business Travel,Eco,406,3,2,3,3,3,3,3,3,4,2,3,1,3,2.77,4,0,FALSE
Male,Disloyal Customer,25,Business Travel,Business,1173,5,0,5,3,4,5,4,4,4,4,5,5,4,4,7,4,TRUE
Female,Loyal Customer,43,Business Travel,Business,3179,2,2,4,2,5,5,5,5,5,5,5,4,5,4.15,0,0,TRUE
Female,Loyal Customer,32,Business Travel,Business,2304,4,4,4,4,4,3,4,4,5,4,5,5,4,4.15,0,24,TRUE
Male,Loyal Customer,13,Personal Travel,Eco,689,4,4,4,1,1,4,3,1,5,2,5,3,1,2.92,46,33,FALSE
Female,Loyal Customer,44,Personal Travel,Eco,259,3,3,3,4,1,5,1,4,4,3,4,4,2,3.15,23,10,FALSE
Male,Loyal Customer,31,Business Travel,Business,391,2,2,2,2,5,5,5,5,3,5,4,5,5,3.85,0,0,TRUE
Female,Loyal Customer,52,Business Travel,Business,481,2,2,2,2,2,4,5,5,5,5,5,4,3,3.54,0,0,TRUE
Male,Loyal Customer,59,Personal Travel,Eco,236,3,2,3,3,4,3,2,4,3,1,4,1,4,2.85,0,0,FALSE
Male,Loyal Customer,25,Personal Travel,Eco,503,2,4,2,3,1,2,1,1,5,4,4,4,1,2.62,117,96,FALSE
Male,Loyal Customer,53,Business Travel,Business,2701,5,5,5,5,3,4,1,2,2,2,2,4,2,3.23,0,0,TRUE
Female,Disloyal Customer,49,Business Travel,Eco,1072,3,3,3,3,4,3,4,4,2,3,4,1,4,3.15,55,73,FALSE
Male,Loyal Customer,32,Business Travel,Eco,196,4,4,4,4,4,4,4,4,5,3,4,1,4,3.77,0,0,TRUE
Female,Loyal Customer,39,Business Travel,Business,1567,1,1,2,1,4,2,4,4,4,4,4,2,2,2.69,0,0,TRUE
Male,Loyal Customer,22,Business Travel,Business,1134,2,2,2,2,5,5,5,5,3,1,2,1,5,3.08,47,39,TRUE
Female,Loyal Customer,29,Personal Travel,Eco,2400,2,4,2,3,2,2,3,2,5,2,3,3,2,2.69,1,0,FALSE
Male,Disloyal Customer,34,Business Travel,Business,746,2,2,2,3,2,4,4,5,2,5,5,4,4,3.38,297,290,FALSE
Male,Loyal Customer,13,Personal Travel,Eco,496,1,4,1,3,5,1,5,5,3,3,4,5,5,3.46,0,0,FALSE
Female,Loyal Customer,61,Business Travel,Eco,2554,3,4,4,4,3,3,3,4,4,1,2,3,3,3.15,0,0,FALSE
Female,Disloyal Customer,23,Business Travel,Eco,951,5,5,5,2,3,5,3,3,4,4,5,4,3,3.92,7,18,TRUE
Female,Loyal Customer,25,Personal Travel,Eco,628,3,4,3,4,3,3,3,3,5,3,5,4,3,3.54,0,0,FALSE
Female,Loyal Customer,30,Business Travel,Business,1372,3,2,2,2,3,3,3,3,3,4,3,3,3,2.85,26,28,FALSE
Male,Loyal Customer,48,Personal Travel,Eco,733,4,4,4,1,2,4,5,2,1,4,4,3,2,3.08,0,0,FALSE
Female,Loyal Customer,52,Business Travel,Eco,848,4,2,2,2,4,2,5,4,4,4,4,5,5,3.62,0,0,TRUE
Male,Loyal Customer,47,Business Travel,Business,3641,1,1,1,1,3,4,4,1,1,1,1,1,3,1.77,0,11,FALSE
Male,Loyal Customer,46,Business Travel,Eco,250,3,4,4,4,3,3,3,3,2,3,3,3,3,3.15,0,0,FALSE
Female,Disloyal Customer,39,Business Travel,Business,284,2,3,3,1,3,3,3,3,2,2,2,5,3,2.69,0,0,FALSE
Male,Loyal Customer,29,Business Travel,Business,2443,1,5,5,5,1,1,1,1,4,5,3,4,1,2.85,52,70,FALSE
Male,Loyal Customer,67,Personal Travel,Eco,453,4,1,1,4,4,1,3,4,3,1,3,2,4,2.69,0,0,FALSE
Female,Loyal Customer,59,Business Travel,Business,3155,1,1,1,1,3,4,4,3,3,3,3,3,5,2.69,0,0,TRUE
Female,Loyal Customer,48,Business Travel,Business,3778,4,4,4,4,5,5,5,3,5,5,4,5,5,4.46,45,139,TRUE
Female,Disloyal Customer,9,Business Travel,Business,588,4,0,5,2,5,5,5,5,3,3,5,5,5,4,0,0,TRUE
Female,Loyal Customer,38,Business Travel,Eco,116,3,3,3,3,3,4,3,3,4,3,2,5,3,3.23,11,17,TRUE
Male,Disloyal Customer,28,Business Travel,Business,731,2,1,1,2,4,1,4,4,4,2,2,2,4,2.54,13,10,FALSE
Male,Loyal Customer,56,Personal Travel,Eco,1062,2,4,2,3,4,2,4,4,4,4,4,4,4,3.46,1,0,FALSE
Male,Loyal Customer,59,Personal Travel,Eco,602,2,2,2,3,4,2,4,4,2,3,4,1,4,2.85,0,0,FALSE
Female,Loyal Customer,23,Business Travel,Business,2117,4,4,4,4,4,4,4,4,3,1,5,5,4,3.85,23,17,TRUE
Male,Loyal Customer,55,Business Travel,Business,3534,5,5,5,5,3,5,5,5,5,5,5,3,4,4.62,0,0,TRUE
Male,Disloyal Customer,36,Business Travel,Eco,397,2,2,2,3,2,2,2,2,3,4,3,3,2,2.46,0,0,FALSE
Female,Disloyal Customer,21,Business Travel,Business,1201,5,4,5,1,2,5,1,2,4,5,5,3,2,3.38,22,25,TRUE
Female,Loyal Customer,56,Business Travel,Business,2282,5,5,5,5,4,3,5,5,5,5,5,3,5,4.62,0,0,TRUE
Female,Loyal Customer,55,Business Travel,Business,3810,4,4,3,4,3,4,4,5,5,5,5,4,5,4.23,0,0,TRUE
Male,Loyal Customer,33,Business Travel,Eco,209,5,2,2,2,5,5,5,5,3,3,1,4,5,3.62,0,0,TRUE
Female,Loyal Customer,48,Business Travel,Eco,468,2,3,3,3,4,5,3,2,2,2,2,3,3,2.85,0,0,TRUE
Female,Loyal Customer,49,Business Travel,Business,2035,1,1,1,1,2,4,4,3,3,3,3,3,4,2.54,0,0,TRUE
Male,Loyal Customer,58,Personal Travel,Eco,1481,4,4,4,1,1,4,1,1,1,5,2,4,1,2.54,1,19,FALSE
Male,Loyal Customer,23,Business Travel,Business,852,5,5,4,5,5,5,5,5,5,4,2,3,5,4.46,0,0,TRUE
Male,Loyal Customer,41,Business Travel,Eco,996,3,3,3,3,3,3,3,3,1,3,1,3,3,2.69,0,5,TRUE
Female,Loyal Customer,54,Business Travel,Business,181,3,3,3,3,5,4,5,5,5,5,5,3,4,4.08,8,6,TRUE
Male,Loyal Customer,16,Personal Travel,Eco,1117,3,4,3,2,4,3,4,4,4,3,5,4,4,3.62,6,0,FALSE
Male,Loyal Customer,53,Business Travel,Business,1620,4,4,4,4,5,4,5,4,4,4,4,4,5,4.23,0,5,TRUE
Female,Loyal Customer,59,Business Travel,Business,2932,4,4,4,4,4,4,5,4,4,5,4,3,3,4,0,0,TRUE
Male,Loyal Customer,25,Personal Travel,Eco,1739,1,5,1,4,5,1,5,5,5,2,5,3,5,3.62,0,0,FALSE
Female,Disloyal Customer,21,Business Travel,Eco,674,3,2,2,1,1,2,1,1,5,1,3,2,1,1.92,17,13,FALSE
Male,Disloyal Customer,46,Business Travel,Eco,1303,2,2,2,3,2,2,2,2,2,4,3,1,2,2.23,0,3,FALSE
Male,Loyal Customer,42,Business Travel,Eco,163,3,4,4,4,3,3,3,3,1,4,2,1,3,2.92,0,0,FALSE
Male,Loyal Customer,31,Business Travel,Eco Plus,1211,2,2,2,2,2,2,2,2,4,5,3,2,2,2.46,0,10,FALSE
Male,Loyal Customer,35,Business Travel,Business,1400,3,3,3,3,4,4,4,3,3,3,3,4,3,3.31,0,16,FALSE
Female,Loyal Customer,26,Business Travel,Business,1927,3,3,3,3,4,4,4,4,5,5,4,5,4,3.92,0,0,TRUE
Male,Loyal Customer,40,Business Travel,Eco,164,2,5,5,5,2,2,2,2,2,1,3,1,2,2.62,98,111,FALSE
Male,Disloyal Customer,27,Business Travel,Eco,944,3,3,3,3,3,3,3,3,4,4,5,5,3,3.46,0,0,FALSE
Female,Loyal Customer,57,Personal Travel,Eco,214,3,0,0,4,2,3,3,5,5,0,5,5,2,2.85,31,43,FALSE
Male,Loyal Customer,23,Business Travel,Business,944,1,4,4,4,1,1,1,1,3,4,3,2,1,2.31,0,0,FALSE
Female,Loyal Customer,41,Business Travel,Business,327,1,1,1,1,3,5,5,5,5,5,5,5,3,3.46,0,0,TRUE
Female,Disloyal Customer,22,Business Travel,Eco,1400,2,2,2,3,1,2,4,1,5,2,5,3,1,2.54,0,14,FALSE
Male,Loyal Customer,27,Personal Travel,Eco,2586,1,3,1,3,1,5,1,3,1,4,4,1,1,2.23,3,28,FALSE
Male,Loyal Customer,39,Personal Travel,Eco,793,3,4,3,3,2,3,2,2,4,5,4,5,2,3.23,17,6,FALSE
Male,Loyal Customer,10,Personal Travel,Eco,251,3,5,3,1,4,3,4,4,1,2,1,1,4,2.77,8,4,FALSE
Male,Disloyal Customer,36,Business Travel,Business,2565,3,2,2,2,2,2,2,2,5,3,5,4,2,2.77,4,0,FALSE
Female,Loyal Customer,65,Business Travel,Eco,395,2,4,4,4,2,4,3,1,1,2,1,4,2,2.62,0,0,FALSE
Female,Disloyal Customer,37,Business Travel,Business,663,2,1,1,5,4,1,4,4,4,5,5,4,4,3.38,0,0,FALSE
Female,Loyal Customer,59,Personal Travel,Eco,191,1,5,1,3,5,4,5,3,3,1,3,3,5,3.23,9,7,FALSE
Male,Loyal Customer,28,Business Travel,Eco,516,4,5,5,5,4,4,4,4,4,2,3,3,4,3.92,29,44,TRUE
Female,Loyal Customer,9,Personal Travel,Eco,213,3,4,3,4,5,3,5,5,3,2,3,2,5,3.62,0,0,FALSE
Male,Loyal Customer,41,Business Travel,Business,2615,3,3,2,3,5,3,2,3,3,3,3,1,2,2.77,30,0,FALSE
Female,Loyal Customer,36,Personal Travel,Eco,448,2,4,2,2,2,2,2,2,3,2,4,5,2,2.62,34,23,FALSE
Female,Disloyal Customer,22,Business Travel,Eco,842,2,2,2,2,2,2,2,2,1,4,3,4,2,2.31,13,23,FALSE
Female,Loyal Customer,51,Business Travel,Eco,1739,3,1,2,2,5,2,2,2,2,3,2,4,4,2.62,27,16,FALSE
Female,Loyal Customer,33,Business Travel,Business,509,1,1,1,1,3,2,5,5,5,5,5,3,2,3,0,0,TRUE
Female,Loyal Customer,59,Business Travel,Business,547,3,2,2,2,4,4,3,3,3,3,3,4,1,2.85,0,0,FALSE
Male,Disloyal Customer,34,Business Travel,Eco,2496,2,2,2,5,5,2,5,5,4,1,3,1,5,3.23,0,0,FALSE
Male,Loyal Customer,54,Business Travel,Business,3346,2,3,3,3,4,4,4,2,2,2,2,4,2,2.85,0,0,FALSE
Female,Loyal Customer,46,Business Travel,Business,1728,4,4,4,4,3,3,5,5,5,5,5,3,3,4.08,65,74,TRUE
Male,Loyal Customer,57,Business Travel,Eco,528,5,3,3,3,4,5,4,4,2,2,3,4,4,3.54,53,52,TRUE
Female,Loyal Customer,38,Business Travel,Eco,630,2,4,4,4,2,2,2,2,3,2,3,2,2,2.62,11,0,FALSE
Male,Disloyal Customer,33,Personal Travel,Eco Plus,89,4,3,4,3,1,4,1,1,2,3,3,1,1,2.38,5,8,FALSE
Female,Loyal Customer,42,Business Travel,Business,1956,4,1,4,4,2,4,4,4,4,4,4,4,4,3.62,0,0,TRUE
Female,Loyal Customer,48,Personal Travel,Eco,666,2,3,2,3,1,3,4,2,2,2,2,2,4,2.46,0,10,FALSE
Male,Loyal Customer,49,Business Travel,Business,2790,5,4,4,4,2,4,4,5,5,4,5,2,3,3.92,0,0,FALSE
Female,Loyal Customer,58,Business Travel,Business,3342,5,5,5,5,3,4,5,5,5,5,5,4,5,4.69,13,1,TRUE
Male,Loyal Customer,34,Business Travel,Business,1947,3,3,3,3,4,4,4,5,5,5,5,4,5,4.08,0,6,TRUE
Female,Loyal Customer,44,Business Travel,Business,156,5,5,5,5,3,3,4,5,5,5,4,3,5,4.38,0,0,TRUE
Female,Loyal Customer,70,Personal Travel,Eco,861,2,5,2,1,3,4,4,2,2,2,4,3,5,3,0,0,FALSE
Female,Loyal Customer,54,Business Travel,Business,2659,1,4,1,1,5,5,4,5,5,5,5,3,4,3.69,0,0,TRUE
Male,Loyal Customer,29,Personal Travel,Eco,594,1,1,1,1,4,1,3,4,3,2,2,2,4,2.23,0,0,FALSE
Female,Loyal Customer,31,Business Travel,Business,600,1,2,2,2,1,1,1,1,2,4,2,2,1,1.69,2,8,FALSE
Male,Loyal Customer,48,Personal Travel,Eco,363,2,5,5,3,1,5,1,1,5,2,4,5,1,3.08,8,0,FALSE
Female,Disloyal Customer,55,Business Travel,Eco Plus,2075,2,2,2,3,3,2,3,3,2,4,2,3,3,2.62,0,0,FALSE
Female,Loyal Customer,31,Business Travel,Business,1798,4,4,4,4,4,4,4,4,1,3,4,1,4,3.46,7,10,FALSE
Female,Loyal Customer,49,Personal Travel,Business,1416,2,4,2,3,1,2,4,1,1,2,1,2,3,2.15,9,0,FALSE
Male,Loyal Customer,32,Business Travel,Eco Plus,867,0,0,0,3,2,0,1,2,5,1,5,1,2,1.69,0,0,TRUE
Male,Disloyal Customer,38,Business Travel,Eco Plus,196,4,4,4,2,2,4,2,2,1,1,2,3,2,2.54,0,0,FALSE
Female,Loyal Customer,39,Business Travel,Eco Plus,277,3,2,2,2,3,3,3,3,2,5,4,3,3,2.92,0,0,TRUE
Male,Loyal Customer,66,Personal Travel,Eco,862,0,4,0,3,2,0,2,2,4,5,5,4,2,2.54,3,0,TRUE
Female,Loyal Customer,33,Business Travel,Eco,695,2,2,4,2,2,3,2,2,2,3,4,1,2,2.38,2,0,FALSE
Female,Loyal Customer,46,Business Travel,Eco,259,1,4,4,4,3,4,4,1,1,1,1,2,1,2.38,21,18,FALSE
Male,Disloyal Customer,38,Business Travel,Eco,637,3,3,3,1,3,3,3,3,1,3,5,5,3,3,0,6,FALSE
Female,Loyal Customer,70,Personal Travel,Eco,868,4,5,4,4,1,3,1,3,3,4,3,4,2,3.15,0,0,TRUE
Female,Disloyal Customer,20,Business Travel,Eco,1357,1,1,1,3,4,1,4,4,4,3,5,4,4,3,57,33,FALSE
Male,Loyal Customer,58,Personal Travel,Eco,733,2,2,2,4,2,2,2,2,3,4,3,2,2,2.46,0,0,FALSE
Female,Disloyal Customer,30,Business Travel,Eco,776,3,3,3,3,1,3,1,1,3,1,3,3,1,2.23,7,9,FALSE
Female,Loyal Customer,64,Business Travel,Eco,1626,2,4,4,4,5,2,3,2,2,2,2,4,1,2.85,54,57,FALSE
Male,Loyal Customer,36,Personal Travel,Eco,1190,2,4,2,2,1,2,1,1,5,3,5,4,1,2.54,5,11,FALSE
Female,Loyal Customer,52,Business Travel,Business,2316,4,4,5,4,3,5,5,4,4,4,4,5,3,4.15,59,57,TRUE
Female,Loyal Customer,58,Personal Travel,Eco,488,2,2,2,4,5,4,4,5,5,2,5,2,3,3.46,0,0,FALSE
Female,Loyal Customer,47,Business Travel,Eco,647,3,3,3,3,2,4,4,3,3,3,3,4,3,3.15,0,0,FALSE
Male,Loyal Customer,38,Personal Travel,Eco,1139,1,4,1,4,1,1,1,1,5,3,5,3,1,2.38,14,10,FALSE
Female,Disloyal Customer,36,Business Travel,Eco,421,2,0,2,4,2,2,2,2,3,4,4,3,2,2.46,0,0,FALSE
Female,Loyal Customer,48,Business Travel,Eco,639,2,5,5,5,2,2,2,2,2,2,2,4,2,2.85,6,0,FALSE
Female,Loyal Customer,59,Business Travel,Business,3004,1,1,1,1,4,4,5,5,5,5,5,5,4,3.54,58,61,TRUE
Female,Loyal Customer,48,Business Travel,Business,1506,2,2,2,2,4,4,5,3,3,4,3,4,5,3.31,0,0,TRUE
Male,Loyal Customer,7,Personal Travel,Business,86,3,4,3,2,1,3,1,1,4,2,5,4,1,2.62,4,0,FALSE
Male,Disloyal Customer,32,Business Travel,Business,174,1,1,1,3,4,1,4,4,5,4,5,5,4,3.23,0,0,FALSE
Female,Loyal Customer,37,Business Travel,Business,226,5,5,5,5,5,5,5,4,4,4,4,3,5,4.54,3,0,TRUE
Male,Disloyal Customer,23,Business Travel,Business,240,4,4,3,2,1,3,1,1,5,5,4,4,1,2.92,6,5,TRUE
Male,Loyal Customer,20,Business Travel,Business,1933,3,3,3,3,4,4,4,4,5,4,4,5,4,3.85,0,0,TRUE
Male,Loyal Customer,46,Personal Travel,Eco,1208,1,1,0,3,3,0,3,3,3,4,4,1,3,2.23,0,0,FALSE
Female,Disloyal Customer,26,Business Travel,Eco,370,3,5,3,5,3,3,3,3,3,2,1,2,3,3,0,0,FALSE
Female,Loyal Customer,53,Personal Travel,Eco,471,2,1,3,2,4,3,2,4,4,3,4,1,4,2.85,0,0,FALSE
Male,Loyal Customer,60,Business Travel,Business,2489,4,2,4,4,5,4,3,4,4,4,4,3,4,3.77,0,8,FALSE
Male,Loyal Customer,48,Business Travel,Business,3373,3,3,3,3,2,5,5,5,5,5,5,4,5,4.08,75,63,TRUE
Male,Loyal Customer,53,Personal Travel,Eco,304,4,4,4,5,3,4,3,3,3,3,4,4,3,3.62,8,1,FALSE
Female,Loyal Customer,35,Business Travel,Business,669,1,1,1,1,5,5,4,4,4,4,4,5,5,3.38,0,0,TRUE
Female,Loyal Customer,35,Business Travel,Business,3230,1,3,3,3,1,4,3,2,2,3,1,3,3,2.46,74,123,FALSE
Male,Loyal Customer,15,Personal Travel,Eco Plus,733,2,2,3,4,2,3,2,2,1,5,4,2,2,2.62,0,0,FALSE
Female,Loyal Customer,22,Business Travel,Business,2210,4,4,4,4,5,5,5,5,3,3,4,4,5,4.23,0,0,TRUE
Male,Loyal Customer,42,Business Travel,Business,1713,5,5,5,5,2,5,5,3,3,3,3,4,4,4,22,,TRUE
Male,Disloyal Customer,11,Business Travel,Eco,1017,4,4,4,3,1,4,1,1,2,4,3,2,1,2.62,53,97,FALSE
Male,Disloyal Customer,23,Business Travel,Eco,163,1,4,1,5,5,1,1,5,3,3,5,1,5,3.08,0,0,FALSE
Female,Disloyal Customer,36,Business Travel,Eco Plus,299,4,4,4,3,4,4,2,4,2,4,4,4,4,3.62,0,22,FALSE
Female,Loyal Customer,31,Business Travel,Eco,1346,3,4,4,4,3,3,3,3,4,1,4,3,3,3.23,0,0,FALSE
Female,Disloyal Customer,54,Business Travel,Business,991,3,2,2,4,4,3,3,4,3,4,4,3,4,3.31,8,3,TRUE
Female,Loyal Customer,48,Business Travel,Business,2713,5,4,5,5,4,4,5,4,4,4,4,3,3,4.15,0,0,TRUE
Male,Loyal Customer,44,Personal Travel,Eco Plus,534,1,4,1,2,2,1,2,2,4,4,5,4,2,2.62,0,0,FALSE
Female,Loyal Customer,56,Personal Travel,Business,1546,3,5,3,4,2,5,5,3,3,3,3,3,4,3.54,11,12,FALSE
Male,Loyal Customer,35,Business Travel,Business,427,1,1,1,1,3,1,1,1,1,2,1,3,3,1.54,0,0,FALSE
Female,Loyal Customer,55,Business Travel,Business,1968,4,4,4,4,2,5,4,5,5,5,5,4,4,4.23,0,6,TRUE
Female,Disloyal Customer,25,Business Travel,Business,1066,2,4,2,3,2,2,2,2,3,5,4,4,2,2.85,0,0,FALSE
Male,Loyal Customer,40,Business Travel,Eco,1061,2,1,1,1,2,2,2,2,2,5,4,1,2,2.08,0,0,FALSE
Female,Loyal Customer,48,Business Travel,Business,1535,4,4,4,4,5,4,5,5,5,5,5,5,3,4.46,5,0,TRUE
Male,Loyal Customer,43,Personal Travel,Eco,296,3,4,2,3,5,2,5,5,4,4,5,5,5,4,4,0,FALSE
Female,Loyal Customer,46,Business Travel,Business,745,3,3,2,3,5,4,5,5,5,5,5,3,5,4.08,4,2,TRUE
Female,Disloyal Customer,35,Business Travel,Eco,1590,3,3,3,2,4,3,4,4,3,2,1,3,4,3,0,10,FALSE
Male,Loyal Customer,53,Business Travel,Business,414,2,2,2,2,2,4,5,3,3,4,3,3,3,2.92,4,4,TRUE
Male,Loyal Customer,52,Business Travel,Eco,1597,5,1,5,1,5,5,5,5,5,3,4,3,5,4,0,0,TRUE
Male,Loyal Customer,48,Business Travel,Business,3201,3,3,3,3,3,5,4,5,5,5,5,5,3,4,30,26,TRUE
Female,Loyal Customer,41,Personal Travel,Eco,383,3,4,3,3,1,3,1,1,5,4,4,3,1,2.77,0,0,FALSE
Male,Disloyal Customer,25,Business Travel,Eco,419,1,1,1,3,3,1,3,3,2,3,3,2,3,2.23,12,16,FALSE
Female,Loyal Customer,69,Business Travel,Business,2093,2,1,4,4,4,3,4,3,3,3,2,2,4,3,0,0,FALSE
Male,Loyal Customer,56,Business Travel,Business,3778,0,0,0,1,5,3,4,5,5,5,5,1,1,2.69,0,0,TRUE
Male,Loyal Customer,58,Business Travel,Eco,846,1,1,1,1,1,1,1,1,1,2,4,3,1,1.46,0,1,FALSE
Female,Loyal Customer,29,Personal Travel,Eco,1246,2,5,3,4,3,3,3,3,5,5,3,3,3,3.46,0,3,FALSE
Male,Loyal Customer,37,Business Travel,Business,3267,4,4,4,4,4,3,3,2,2,2,2,5,4,3.31,0,0,TRUE
Male,Loyal Customer,38,Personal Travel,Eco Plus,302,2,2,2,3,4,2,4,4,4,3,4,2,4,3.08,0,0,FALSE
Female,Loyal Customer,32,Business Travel,Business,1189,1,0,0,3,0,3,3,4,1,3,3,3,3,2.08,309,302,FALSE
Female,Loyal Customer,56,Personal Travel,Eco,996,5,5,5,3,5,5,5,4,4,5,4,5,4,4.54,0,3,TRUE
Female,Loyal Customer,51,Business Travel,Eco Plus,1136,3,5,5,5,3,3,4,3,3,3,3,3,4,3.62,0,12,FALSE
Male,Loyal Customer,34,Personal Travel,Eco,236,4,4,4,1,1,4,1,1,3,5,4,4,1,2.85,0,0,FALSE
Female,Loyal Customer,44,Business Travel,Business,3932,0,4,0,5,2,5,5,4,4,4,4,5,5,3.62,0,16,TRUE
Male,Loyal Customer,30,Business Travel,Business,481,4,4,4,4,4,4,4,4,5,5,4,4,4,4.15,0,0,TRUE
Female,Loyal Customer,23,Business Travel,Eco Plus,991,1,3,3,3,1,1,1,1,1,3,3,4,1,2,8,9,FALSE
Female,Loyal Customer,56,Business Travel,Business,1918,5,4,5,5,5,4,5,5,5,5,5,3,5,4.69,10,0,TRUE
Female,Loyal Customer,51,Business Travel,Eco,430,5,4,4,4,5,1,1,5,5,5,5,1,3,3.69,5,8,TRUE
Female,Loyal Customer,45,Business Travel,Business,3355,3,2,2,2,1,3,4,3,3,3,3,2,4,2.69,0,0,FALSE
Female,Disloyal Customer,21,Business Travel,Business,334,4,0,3,3,5,3,5,5,4,3,4,3,5,3.62,0,0,TRUE
Female,Loyal Customer,24,Business Travel,Business,2486,1,2,1,1,4,4,4,4,4,4,4,3,4,3.08,7,6,TRUE
Male,Loyal Customer,46,Business Travel,Business,3760,2,2,2,2,3,4,4,4,4,4,4,3,5,3.31,12,0,TRUE
Male,Loyal Customer,47,Business Travel,Eco,282,5,1,1,1,5,5,5,5,1,4,4,5,5,3.62,0,0,TRUE
Female,Loyal Customer,56,Business Travel,Business,1931,1,1,1,1,4,4,4,5,5,5,5,3,4,3.31,0,0,TRUE
Female,Disloyal Customer,23,Business Travel,Eco,1203,3,3,3,4,4,3,4,4,1,3,3,1,4,3.08,0,6,FALSE
Male,Loyal Customer,70,Personal Travel,Eco,495,3,4,3,3,5,3,5,5,4,3,4,4,5,3.92,13,0,FALSE
Male,Loyal Customer,49,Business Travel,Eco,546,2,4,4,4,2,2,2,2,3,4,4,4,2,3,2,10,FALSE
Female,Disloyal Customer,20,Business Travel,Eco,456,2,2,2,3,2,3,4,2,5,3,4,4,4,3.08,168,181,FALSE
Male,Loyal Customer,51,Personal Travel,Eco,431,0,4,0,1,2,0,2,2,4,4,4,5,2,2.31,37,121,TRUE
Male,Disloyal Customer,46,Business Travel,Business,1990,3,4,4,2,4,3,4,4,3,5,4,5,4,3.77,10,11,FALSE
Female,Loyal Customer,43,Business Travel,Business,191,0,4,0,4,2,2,3,2,2,2,2,1,3,2.08,0,0,TRUE
Female,Loyal Customer,42,Business Travel,Business,1773,4,4,4,4,3,3,4,5,5,4,5,3,4,4,0,0,TRUE
Female,Disloyal Customer,26,Business Travel,Business,402,4,5,4,5,2,4,2,2,4,3,5,3,2,3.46,0,0,TRUE
Male,Loyal Customer,45,Business Travel,Business,1050,5,5,3,5,1,4,1,5,5,5,5,4,1,3.77,0,0,TRUE
Female,Loyal Customer,25,Business Travel,Business,867,5,4,5,5,5,5,5,5,3,3,5,3,5,4.46,6,5,TRUE
Male,Loyal Customer,24,Business Travel,Business,576,2,2,2,2,2,2,2,2,2,2,2,4,2,2.15,81,83,FALSE
Male,Disloyal Customer,63,Business Travel,Eco,406,1,0,1,4,5,1,5,5,1,1,1,2,5,2.46,0,3,FALSE
Female,Loyal Customer,60,Personal Travel,Eco,2065,1,4,1,3,3,3,4,5,5,1,4,4,4,3.23,0,0,FALSE
Female,Loyal Customer,50,Business Travel,Business,1048,1,1,1,1,5,5,4,4,4,4,4,4,4,3.23,0,0,TRUE
Male,Loyal Customer,49,Business Travel,Business,2133,1,1,1,1,2,5,5,5,5,5,5,5,3,3.38,0,2,TRUE
Male,Loyal Customer,53,Business Travel,Business,3778,4,4,3,4,4,2,5,4,4,4,4,1,5,3.69,0,0,TRUE
Male,Loyal Customer,62,Business Travel,Eco,689,4,5,5,5,4,4,4,2,1,3,4,4,4,3.77,144,122,TRUE
Female,Loyal Customer,23,Business Travel,Business,326,3,3,3,3,4,4,4,4,1,4,3,2,4,3.23,30,34,TRUE
Male,Loyal Customer,48,Business Travel,Business,422,5,5,5,5,1,1,4,5,5,5,5,4,1,3.92,0,0,TRUE
Male,Disloyal Customer,42,Business Travel,Eco Plus,758,4,4,4,4,2,4,2,2,5,3,1,4,2,3.15,0,0,FALSE
Male,Loyal Customer,45,Personal Travel,Eco,312,3,2,3,4,2,3,2,2,4,5,4,4,2,3.08,0,0,FALSE
Female,Loyal Customer,59,Personal Travel,Eco,967,4,2,4,3,4,4,3,5,5,4,1,1,3,3.31,13,1,TRUE
Male,Loyal Customer,11,Personal Travel,Eco,156,2,1,2,3,5,2,2,5,2,1,4,1,5,2.69,81,103,FALSE
Male,Loyal Customer,58,Business Travel,Business,1262,5,5,5,5,5,5,4,4,4,4,4,5,5,4.62,0,2,TRUE
Female,Loyal Customer,18,Personal Travel,Eco Plus,588,4,5,3,2,2,3,2,2,4,5,4,4,2,3.23,79,72,FALSE
Female,Loyal Customer,53,Business Travel,Business,1189,5,5,5,5,1,1,4,5,5,5,5,1,3,3.85,0,0,TRUE
Female,Loyal Customer,55,Business Travel,Business,1813,4,4,4,4,5,3,3,4,4,4,4,1,3,3.62,26,11,FALSE
Male,Loyal Customer,26,Personal Travel,Eco,528,3,3,3,1,1,3,1,1,4,2,2,4,1,2.23,0,0,FALSE
Male,Loyal Customer,53,Business Travel,Business,1925,1,1,1,1,5,4,5,5,5,5,5,4,3,3.46,16,11,TRUE
Male,Disloyal Customer,22,Business Travel,Eco,227,5,5,5,2,1,5,1,1,4,4,4,2,1,3.08,0,0,TRUE
Male,Disloyal Customer,30,Business Travel,Business,369,4,4,4,3,1,4,1,1,3,2,5,3,1,2.77,23,11,FALSE
Male,Loyal Customer,47,Business Travel,Business,782,2,2,2,2,2,5,4,5,5,5,5,4,5,3.69,61,87,TRUE
Male,Loyal Customer,44,Personal Travel,Eco,867,2,5,2,1,4,2,5,4,4,1,2,4,4,3.08,0,3,FALSE
Male,Loyal Customer,22,Business Travel,Business,370,4,4,4,4,5,5,5,5,5,1,3,5,5,4.23,0,0,TRUE
Female,Loyal Customer,69,Personal Travel,Eco,502,3,3,4,3,3,3,2,2,2,4,2,2,2,2.69,0,0,FALSE
Male,Loyal Customer,23,Business Travel,Business,1657,3,3,3,3,4,4,4,4,4,4,5,4,4,3.77,0,1,TRUE
Female,Loyal Customer,40,Business Travel,Business,1119,1,1,1,1,3,3,4,1,1,1,1,1,2,1.62,0,0,FALSE
Male,Loyal Customer,67,Personal Travel,Eco,1197,0,4,0,4,5,0,5,5,1,3,5,3,5,3.08,0,0,TRUE
Female,Disloyal Customer,20,Business Travel,Business,1298,3,2,3,2,5,3,5,5,3,2,3,2,5,3.31,0,0,FALSE
Male,Loyal Customer,60,Business Travel,Business,479,2,2,2,2,4,4,5,4,4,4,4,4,5,3.54,0,0,TRUE
Female,Loyal Customer,50,Business Travel,Business,2714,4,4,1,4,3,5,5,5,5,5,4,3,5,4.08,0,0,TRUE
Male,Loyal Customer,63,Personal Travel,Eco Plus,1068,3,3,3,4,5,3,5,5,3,5,4,3,5,3.92,32,0,FALSE
Male,Loyal Customer,38,Personal Travel,Business,600,2,1,1,3,2,2,3,5,5,1,5,3,1,2.62,0,0,FALSE
Female,Loyal Customer,14,Business Travel,Eco,1099,2,2,2,2,2,2,2,2,2,3,3,1,2,2.08,0,4,FALSE
Female,Disloyal Customer,59,Business Travel,Business,201,3,3,3,2,4,3,4,4,4,5,4,3,4,3.54,0,0,FALSE
Male,Loyal Customer,31,Business Travel,Business,403,3,3,3,3,5,5,5,5,5,5,5,4,5,4.31,19,30,TRUE
Female,Disloyal Customer,25,Business Travel,Business,447,3,5,3,1,4,3,4,4,5,3,4,5,4,3.69,0,0,FALSE
Female,Loyal Customer,37,Business Travel,Eco,247,3,4,2,4,3,3,3,3,1,2,4,2,3,2.85,0,0,FALSE
Female,Loyal Customer,14,Personal Travel,Eco,1217,1,5,1,1,4,1,2,4,3,2,5,4,4,2.85,3,10,FALSE
Female,Loyal Customer,33,Personal Travel,Eco,1062,4,5,4,4,4,2,2,3,5,4,4,2,2,3.46,175,165,FALSE
Male,Loyal Customer,30,Business Travel,Business,2034,4,4,4,4,4,4,4,4,5,4,5,4,4,4.15,4,6,TRUE
Male,Loyal Customer,60,Business Travel,Business,715,4,4,4,4,4,5,5,5,5,5,5,4,3,4.38,42,33,TRUE
Female,Loyal Customer,60,Business Travel,Business,3908,2,2,2,2,2,4,4,4,4,4,4,5,5,3.38,0,0,TRUE
Male,Loyal Customer,27,Business Travel,Business,3416,2,2,2,2,4,4,4,4,5,2,4,5,4,3.38,1,0,TRUE
Female,Loyal Customer,45,Business Travel,Eco,308,4,5,5,5,5,3,2,4,4,4,4,4,3,4,0,0,FALSE
Female,Loyal Customer,44,Business Travel,Business,761,1,1,1,1,4,3,2,4,4,4,4,3,5,2.85,11,0,TRUE
Male,Loyal Customer,65,Personal Travel,Eco,224,4,2,4,3,5,4,5,5,4,2,4,1,5,3.69,0,0,FALSE
Female,Disloyal Customer,37,Business Travel,Eco,461,3,0,3,1,4,3,4,4,1,2,2,2,4,2.54,0,0,FALSE
Female,Loyal Customer,48,Business Travel,Business,448,3,3,3,3,3,3,4,3,3,3,3,3,1,2.92,13,2,FALSE
Male,Loyal Customer,58,Business Travel,Business,2296,2,2,2,2,5,3,4,4,4,4,4,3,5,3.38,0,8,TRUE
Female,Loyal Customer,50,Business Travel,Business,2751,4,2,4,4,5,5,4,4,4,4,4,3,4,3.92,0,0,TRUE
Female,Disloyal Customer,25,Business Travel,Business,1138,5,0,4,5,5,4,5,5,3,4,4,4,5,4.08,2,0,TRUE
Male,Disloyal Customer,24,Business Travel,Eco,317,3,4,3,1,3,3,3,3,2,1,5,4,3,2.92,27,17,FALSE
Male,Loyal Customer,55,Business Travel,Business,1860,4,4,4,4,5,4,5,4,4,4,4,3,3,4,0,2,TRUE
Female,Loyal Customer,25,Personal Travel,Eco Plus,550,4,2,4,4,3,4,3,3,3,2,3,4,3,3.23,0,0,TRUE
Male,Loyal Customer,46,Personal Travel,Eco,647,3,5,3,1,4,3,4,4,4,5,4,4,4,3.69,0,0,FALSE
Male,Loyal Customer,39,Business Travel,Business,1729,5,5,5,5,4,4,4,2,2,2,2,5,3,3.69,0,0,TRUE
Male,Disloyal Customer,25,Business Travel,Eco,853,3,3,3,4,1,3,1,1,1,1,5,1,1,2.15,20,4,FALSE
Male,Loyal Customer,48,Business Travel,Eco,723,4,5,5,5,4,4,4,4,4,1,2,1,4,3.62,0,35,TRUE
Female,Loyal Customer,31,Business Travel,Business,2125,3,3,3,3,2,2,2,2,3,2,5,4,2,2.77,3,0,TRUE
Male,Loyal Customer,48,Business Travel,Business,1793,1,1,1,1,3,4,5,5,5,5,5,4,5,3.46,0,0,TRUE
Female,Disloyal Customer,39,Business Travel,Business,959,4,4,4,3,4,4,4,4,2,5,5,3,4,3.85,32,63,TRUE
Female,Loyal Customer,12,Business Travel,Business,2585,4,4,4,4,4,4,4,3,3,3,5,4,4,3.85,4,22,TRUE
Female,Loyal Customer,40,Business Travel,Business,3590,1,4,4,4,4,3,3,1,1,1,1,4,1,2.46,0,0,FALSE
Male,Loyal Customer,58,Business Travel,Business,1990,4,1,2,2,1,2,4,4,4,4,4,4,4,3.08,29,20,FALSE
Female,Disloyal Customer,24,Business Travel,Eco,236,3,0,3,1,2,3,5,2,3,5,5,3,2,2.85,0,2,FALSE
Female,Loyal Customer,21,Business Travel,Business,2699,2,2,2,2,5,4,5,5,3,5,5,4,5,3.77,0,0,TRUE
Male,Loyal Customer,34,Business Travel,Business,3947,2,1,1,1,5,4,4,2,2,2,2,4,3,2.54,8,0,FALSE
Male,Disloyal Customer,14,Business Travel,Eco,563,3,0,4,3,2,4,2,2,4,2,5,5,2,2.92,0,2,FALSE
Male,Disloyal Customer,24,Business Travel,Business,284,0,0,0,2,2,0,2,2,4,4,4,3,2,1.92,0,0,TRUE
Female,Loyal Customer,68,Personal Travel,Eco,423,3,4,3,1,5,4,4,5,5,3,5,5,3,3.85,0,0,FALSE
Male,Disloyal Customer,22,Business Travel,Eco,1237,5,4,4,2,2,4,2,2,4,2,3,4,2,3.08,0,0,TRUE
Female,Loyal Customer,41,Business Travel,Business,2715,3,1,2,1,3,2,2,3,3,3,3,2,2,2.31,30,7,FALSE
Female,Loyal Customer,50,Personal Travel,Eco,534,3,4,3,3,3,5,4,2,2,3,2,4,4,3.23,21,7,FALSE
Male,Loyal Customer,54,Personal Travel,Business,2519,3,3,3,3,3,4,4,1,1,3,1,3,4,2.77,0,0,FALSE
Male,Loyal Customer,39,Business Travel,Business,515,3,3,3,3,4,5,4,2,2,2,2,5,4,3.23,0,0,TRUE
Male,Disloyal Customer,37,Business Travel,Eco,122,4,0,4,1,1,4,1,1,5,4,4,1,1,2.38,0,0,FALSE
Female,Loyal Customer,56,Business Travel,Business,3357,3,2,2,2,1,3,4,3,3,3,3,4,3,2.77,0,0,FALSE
Male,Disloyal Customer,34,Business Travel,Business,383,3,3,3,3,5,3,5,5,4,3,5,5,5,4,45,46,FALSE
Male,Loyal Customer,41,Business Travel,Business,1747,3,3,3,3,5,3,5,4,4,4,4,3,5,3.77,2,0,TRUE
Female,Loyal Customer,58,Business Travel,Eco,1121,5,5,5,5,2,4,2,5,5,5,5,1,4,4.08,71,61,TRUE
Male,Loyal Customer,39,Business Travel,Business,2448,5,5,5,5,5,4,5,4,4,4,4,4,4,4.46,0,0,TRUE
Male,Disloyal Customer,80,Business Travel,Eco,325,2,0,2,4,5,2,5,5,1,2,5,5,5,3.31,0,0,FALSE
Male,Loyal Customer,52,Personal Travel,Eco,1558,5,4,5,4,1,5,1,1,4,4,5,3,1,3.31,0,0,TRUE
Female,Loyal Customer,48,Business Travel,Business,2589,4,4,4,4,4,4,4,5,5,5,5,4,5,4.38,0,0,TRUE
Female,Loyal Customer,44,Business Travel,Business,2565,1,1,1,1,5,5,5,4,4,4,5,5,5,3.54,0,2,TRUE
Male,Loyal Customer,61,Personal Travel,Eco,1919,2,4,3,4,5,3,5,5,5,3,5,5,5,4.15,0,0,FALSE
Female,Loyal Customer,29,Personal Travel,Eco,1138,1,5,1,2,4,1,4,4,5,5,5,5,4,3.54,0,0,FALSE
Male,Loyal Customer,10,Personal Travel,Eco,2777,3,2,3,4,3,5,5,2,1,4,4,5,5,3.54,0,0,FALSE
Male,Loyal Customer,52,Personal Travel,Eco,469,2,5,2,1,5,2,5,5,4,4,4,5,5,3.77,0,0,FALSE
Male,Loyal Customer,54,Personal Travel,Business,414,3,3,3,4,2,3,4,5,5,3,5,3,3,3.54,0,0,FALSE
Male,Loyal Customer,47,Business Travel,Business,1916,2,2,2,2,2,4,4,4,4,4,4,3,3,3.08,5,0,TRUE
Female,Loyal Customer,57,Business Travel,Business,3082,4,4,4,4,5,4,4,4,4,5,4,5,4,4.23,0,5,TRUE
Female,Loyal Customer,37,Personal Travel,Business,1187,1,4,1,4,2,5,5,2,2,1,3,4,5,3,0,2,FALSE
Male,Loyal Customer,17,Personal Travel,Eco,2454,4,3,3,3,3,3,3,4,4,2,2,3,3,3.08,18,59,FALSE
Male,Disloyal Customer,50,Business Travel,Eco,511,5,3,5,3,3,5,3,3,5,1,1,4,3,3.38,0,0,TRUE
Female,Loyal Customer,19,Personal Travel,Eco Plus,912,2,5,2,1,3,2,4,3,5,4,5,5,3,3.38,2,0,FALSE
Male,Loyal Customer,66,Business Travel,Eco,1009,2,2,4,2,2,2,2,2,4,5,3,4,2,2.77,0,,FALSE
Male,Loyal Customer,52,Personal Travel,Eco,550,1,0,1,4,2,1,2,2,3,2,5,3,2,2.15,0,0,FALSE
Male,Disloyal Customer,25,Business Travel,Business,534,4,5,4,5,3,4,3,3,3,5,4,4,3,3.85,16,7,TRUE
Female,Loyal Customer,35,Business Travel,Business,2845,4,4,4,4,4,5,4,4,4,5,4,3,3,4,54,21,TRUE
Female,Loyal Customer,32,Business Travel,Eco Plus,399,4,4,4,4,4,4,4,4,5,2,5,1,4,3.77,1,0,TRUE
Male,Loyal Customer,48,Business Travel,Eco Plus,391,4,5,5,5,4,4,4,4,3,1,3,3,4,3.77,0,0,FALSE
Female,Loyal Customer,31,Personal Travel,Eco,1183,5,5,5,2,2,5,2,2,4,5,5,5,2,3.77,95,114,TRUE
Male,Loyal Customer,11,Personal Travel,Business,468,3,1,1,3,3,1,3,3,4,4,3,4,3,2.77,0,12,FALSE
Female,Loyal Customer,31,Business Travel,Business,1711,3,3,3,3,5,5,5,5,1,1,3,4,5,3.54,5,16,TRUE
Male,Loyal Customer,55,Business Travel,Business,1175,3,3,3,3,3,5,5,5,5,5,5,3,3,3.92,0,0,TRUE
Male,Loyal Customer,53,Business Travel,Business,2854,5,5,5,5,5,5,5,4,4,4,4,5,4,4.62,0,0,TRUE
Female,Loyal Customer,65,Personal Travel,Eco,585,3,4,3,2,4,5,4,3,3,3,3,4,3,3.38,3,2,FALSE
Male,Loyal Customer,50,Personal Travel,Eco,967,3,5,3,5,5,3,5,5,5,4,5,4,5,4.38,24,23,FALSE
Male,Loyal Customer,30,Personal Travel,Eco,150,2,2,2,3,3,2,3,3,4,3,4,3,3,2.85,0,16,FALSE
Male,Loyal Customer,47,Personal Travel,Eco,159,3,5,3,2,3,3,3,3,4,5,5,5,3,3.62,18,16,FALSE
Male,Loyal Customer,40,Business Travel,Business,3230,1,1,1,1,3,1,1,5,5,5,5,4,5,2.92,0,0,TRUE
Female,Loyal Customer,60,Business Travel,Business,611,2,2,2,2,2,5,4,5,5,4,5,4,5,3.62,66,78,TRUE
Female,Loyal Customer,51,Business Travel,Eco,568,2,1,1,1,5,5,4,2,2,2,2,5,5,2.85,0,0,TRUE
Female,Disloyal Customer,45,Business Travel,Eco,214,1,0,2,5,4,2,4,4,2,3,5,2,4,2.92,0,0,FALSE
Female,Loyal Customer,57,Business Travel,Business,215,4,4,5,4,4,5,4,4,4,4,4,3,5,4.15,0,0,TRUE
Female,Loyal Customer,23,Business Travel,Business,2798,2,1,1,1,2,2,2,2,4,5,2,3,2,2.23,25,33,FALSE
Male,Loyal Customer,51,Business Travel,Business,650,1,1,1,1,4,5,5,5,5,5,5,5,5,3.69,0,0,TRUE
Female,Disloyal Customer,25,Business Travel,Eco,1069,1,1,1,3,1,3,3,4,1,4,4,3,3,2.46,113,136,FALSE
Female,Disloyal Customer,22,Business Travel,Eco,630,4,3,4,4,1,4,1,1,4,4,3,4,1,2.92,3,33,FALSE
Male,Loyal Customer,57,Business Travel,Business,1471,1,2,2,2,5,4,3,1,1,1,1,2,4,2.23,0,0,FALSE
Female,Loyal Customer,27,Personal Travel,Eco,1744,1,4,1,4,2,1,2,2,3,3,3,4,2,2.46,0,0,FALSE
Female,Disloyal Customer,24,Business Travel,Eco,372,4,4,4,4,2,4,2,2,2,1,5,3,2,3,61,45,TRUE
Male,Loyal Customer,61,Business Travel,Business,1974,2,5,5,5,1,3,4,2,2,2,2,2,4,3,6,6,FALSE
Female,Loyal Customer,40,Personal Travel,Eco,425,5,2,2,4,5,2,4,5,1,3,2,1,5,3.15,0,0,TRUE
Male,Loyal Customer,60,Personal Travel,Business,399,4,4,4,2,4,4,4,2,2,4,2,3,5,3.38,10,11,FALSE
Female,Loyal Customer,50,Business Travel,Business,2133,4,4,4,4,2,4,4,5,5,5,5,4,5,4.23,0,3,TRUE
Male,Disloyal Customer,29,Business Travel,Business,677,4,4,4,1,2,4,2,2,3,4,5,4,2,3.15,0,0,TRUE
Male,Loyal Customer,62,Personal Travel,Eco,436,1,4,1,1,5,1,5,5,2,4,5,5,5,3.38,0,0,FALSE
Male,Disloyal Customer,34,Business Travel,Business,404,1,1,1,3,4,1,4,4,1,2,2,3,4,2.38,28,62,FALSE
Female,Loyal Customer,66,Personal Travel,Eco,919,2,5,1,3,2,4,5,5,5,1,5,5,4,3.62,23,35,FALSE
Female,Loyal Customer,51,Business Travel,Business,2028,2,3,3,3,4,2,2,2,2,2,2,2,1,2.31,0,0,FALSE
Female,Disloyal Customer,38,Business Travel,Eco,175,2,1,2,4,2,1,1,1,1,3,4,1,1,1.85,276,263,FALSE
Male,Loyal Customer,20,Personal Travel,Eco,987,4,5,4,5,5,4,5,5,3,3,5,3,5,4.31,11,0,TRUE
Male,Loyal Customer,42,Personal Travel,Eco,605,3,2,3,3,2,3,2,2,1,1,3,2,2,2.23,10,7,FALSE
Male,Loyal Customer,45,Business Travel,Eco,109,5,5,5,5,4,5,4,4,2,4,5,2,4,4.15,5,5,TRUE
Female,Loyal Customer,15,Personal Travel,Eco,758,3,5,4,4,3,4,5,3,1,2,5,3,3,3.46,0,0,FALSE
Female,Loyal Customer,52,Business Travel,Eco,102,5,2,2,2,1,3,5,5,5,5,5,4,3,3.62,0,3,TRUE
Female,Disloyal Customer,24,Business Travel,Eco,408,2,0,2,2,4,2,4,4,5,5,5,4,4,3.31,39,51,FALSE
Male,Loyal Customer,20,Business Travel,Business,2672,3,3,1,3,4,4,4,4,3,4,4,3,4,3.38,11,0,TRUE
Female,Loyal Customer,34,Personal Travel,Eco,337,3,5,3,2,5,3,1,5,4,2,4,5,5,3.62,0,0,FALSE
Male,Loyal Customer,40,Business Travel,Business,1506,4,4,4,4,2,4,5,4,4,4,4,5,3,3.92,0,0,TRUE
Female,Loyal Customer,61,Business Travel,Eco,95,4,2,2,2,2,1,1,3,3,4,3,2,1,2.31,0,0,TRUE
Male,Disloyal Customer,21,Business Travel,Business,1062,5,0,5,2,5,5,5,5,4,2,5,5,5,4.08,25,31,TRUE
Female,Loyal Customer,47,Personal Travel,Eco,814,4,0,4,1,2,5,5,5,5,4,5,4,3,3.62,9,6,FALSE
Female,Loyal Customer,21,Personal Travel,Eco,158,2,4,2,1,3,2,3,3,5,2,5,5,3,3.08,81,82,FALSE
Female,Loyal Customer,67,Personal Travel,Eco,859,3,4,3,4,2,4,4,1,1,3,5,5,4,3.31,0,0,FALSE
Female,Disloyal Customer,25,Business Travel,Eco Plus,432,4,0,4,3,5,4,5,5,3,2,3,1,5,3.38,14,21,FALSE
Female,Loyal Customer,27,Business Travel,Eco Plus,1771,2,5,5,5,2,2,2,2,3,4,2,2,2,2.92,0,0,FALSE
Male,Loyal Customer,34,Business Travel,Business,2399,1,1,1,1,1,3,3,4,4,4,4,4,4,2.69,0,0,TRUE
Male,Loyal Customer,30,Business Travel,Business,1947,1,1,1,1,4,4,4,4,3,2,4,3,4,2.77,7,0,TRUE
Male,Loyal Customer,50,Business Travel,Business,484,3,3,3,3,5,5,4,5,5,5,5,4,5,4.23,27,11,TRUE
Female,Loyal Customer,37,Business Travel,Business,3537,2,5,2,5,4,3,3,2,2,2,2,2,1,2.69,0,16,FALSE
Male,Loyal Customer,68,Personal Travel,Eco Plus,2586,2,3,1,1,2,1,2,2,5,1,3,1,2,2,0,0,FALSE
Male,Loyal Customer,11,Personal Travel,Eco,628,3,4,3,3,4,3,4,4,5,4,4,4,4,3.77,0,0,FALSE
Male,Loyal Customer,46,Business Travel,Eco,2277,4,2,2,2,4,5,5,3,4,4,4,5,5,3.77,144,158,TRUE
Female,Loyal Customer,70,Personal Travel,Eco,153,3,4,3,3,4,4,4,3,3,3,3,4,2,3.31,0,6,FALSE
Female,Loyal Customer,55,Personal Travel,Eco,169,1,5,0,3,1,2,5,4,4,0,4,4,1,2.62,38,26,FALSE
Female,Loyal Customer,23,Business Travel,Eco,406,1,4,4,4,1,1,4,1,1,1,3,4,1,2.31,0,0,FALSE
Male,Disloyal Customer,25,Business Travel,Eco,78,2,0,2,3,5,2,5,5,4,4,3,4,5,3.38,12,4,FALSE
Female,Loyal Customer,72,Business Travel,Eco,1065,2,1,1,1,5,3,2,2,2,2,2,1,3,2.08,3,0,FALSE
Male,Loyal Customer,66,Personal Travel,Eco Plus,253,2,1,2,3,5,2,5,5,2,4,2,2,5,3.08,0,4,FALSE
Male,Loyal Customer,49,Business Travel,Eco,419,1,1,1,1,1,1,1,1,4,4,2,1,1,1.54,90,71,FALSE
Male,Loyal Customer,17,Personal Travel,Eco,2704,4,0,4,2,4,4,4,5,4,3,5,4,4,3.62,5,0,TRUE
Male,Disloyal Customer,43,Business Travel,Business,2075,3,4,4,1,1,3,1,1,4,3,5,5,1,2.77,19,0,FALSE
Male,Loyal Customer,33,Personal Travel,Business,561,3,4,2,4,4,2,4,4,3,2,5,3,4,3.38,10,48,FALSE
Female,Loyal Customer,30,Business Travel,Eco,78,1,5,5,5,1,1,1,1,3,2,4,4,1,2.62,0,0,FALSE
Male,Loyal Customer,49,Business Travel,Business,190,3,3,3,3,5,5,4,4,4,4,5,5,5,4.08,0,3,TRUE
Male,Loyal Customer,28,Personal Travel,Eco,694,3,4,3,3,4,3,4,4,4,3,5,5,4,3.77,15,1,FALSE
Female,Disloyal Customer,43,Business Travel,Eco,689,1,1,1,4,1,1,2,1,3,2,4,1,1,1.77,0,0,FALSE
Male,Loyal Customer,49,Personal Travel,Eco,1235,4,4,4,4,4,4,4,4,3,2,4,3,4,3.69,3,0,TRUE
Female,Disloyal Customer,20,Business Travel,Eco,622,2,4,2,3,5,2,5,5,4,5,4,4,5,3.85,0,0,FALSE
Female,Loyal Customer,50,Business Travel,Business,907,5,5,5,5,3,5,5,4,4,4,4,4,3,4.31,0,0,TRUE
Female,Loyal Customer,34,Personal Travel,Eco,201,4,5,4,1,2,4,2,2,5,2,3,5,2,3.15,23,20,FALSE
Male,Loyal Customer,43,Business Travel,Business,1426,3,4,4,4,3,3,3,3,3,3,3,3,3,3.23,0,1,FALSE
Male,Loyal Customer,44,Business Travel,Business,2042,3,3,3,3,4,4,4,5,5,5,4,3,4,3.85,0,0,TRUE
Male,Loyal Customer,60,Personal Travel,Eco,1481,2,1,2,4,5,2,4,5,2,5,4,1,5,3.23,0,0,FALSE
Female,Loyal Customer,47,Business Travel,Business,3311,4,4,4,4,4,5,4,3,3,4,3,4,3,3.77,0,0,TRUE
Female,Loyal Customer,50,Business Travel,Business,302,3,3,1,3,3,5,5,4,4,4,4,4,5,3.69,6,4,TRUE
Female,Loyal Customer,34,Personal Travel,Eco,408,2,1,2,3,5,2,5,5,1,2,3,4,5,3.08,0,0,FALSE
Male,Disloyal Customer,26,Business Travel,Business,480,1,1,1,3,2,1,2,2,5,2,5,4,2,2.38,0,0,FALSE
Male,Loyal Customer,51,Personal Travel,Business,1892,1,5,1,3,2,2,2,2,2,1,2,4,3,2.31,0,0,FALSE
Female,Loyal Customer,26,Business Travel,Business,528,1,4,4,4,1,1,1,3,4,3,3,1,1,2.38,183,180,FALSE
Female,Disloyal Customer,44,Business Travel,Eco,697,3,4,4,2,4,4,4,4,1,3,2,2,4,3.15,0,0,FALSE
Male,Disloyal Customer,14,Business Travel,Eco,1039,2,2,2,3,4,2,4,4,4,4,3,2,4,3.08,0,8,FALSE
Male,Disloyal Customer,17,Business Travel,Business,1235,5,0,5,2,5,5,4,5,5,3,4,4,5,4,0,2,TRUE
Male,Loyal Customer,42,Business Travel,Business,1013,3,3,3,3,4,3,4,3,3,3,3,4,2,3.15,20,91,FALSE
Female,Loyal Customer,37,Business Travel,Eco,529,3,4,4,4,3,3,3,3,4,4,5,5,3,3.69,0,0,TRUE
Male,Loyal Customer,60,Personal Travel,Business,1754,5,5,5,1,5,3,1,4,4,5,4,1,3,3.54,0,0,TRUE
Female,Loyal Customer,37,Business Travel,Business,1589,5,5,5,5,2,4,4,3,3,3,3,4,3,3.77,0,0,TRUE
Female,Disloyal Customer,19,Business Travel,Eco,828,4,3,3,3,5,3,5,5,4,2,3,4,5,3.77,0,0,TRUE
Female,Loyal Customer,27,Personal Travel,Eco,1073,1,5,1,4,2,1,2,2,4,5,4,3,2,2.77,0,8,FALSE
Male,Disloyal Customer,20,Business Travel,Eco,214,2,0,2,5,3,2,3,3,5,3,4,3,3,2.92,0,0,FALSE
Female,Loyal Customer,27,Personal Travel,Eco,192,4,4,4,5,1,4,2,1,5,3,4,4,1,3.23,0,0,TRUE
Female,Loyal Customer,64,Personal Travel,Eco,603,3,1,3,3,4,3,4,1,1,3,1,1,4,2.46,15,9,FALSE
Female,Loyal Customer,20,Personal Travel,Eco,1062,3,4,3,4,5,3,5,5,5,4,4,5,5,4.23,50,38,FALSE
Female,Loyal Customer,16,Business Travel,Eco,1050,4,5,5,5,4,4,5,4,3,2,1,1,4,3.62,38,31,TRUE
Male,Loyal Customer,54,Business Travel,Business,795,1,1,1,1,2,5,4,4,4,4,4,5,5,3.15,0,0,TRUE
Female,Loyal Customer,52,Personal Travel,Eco,86,4,5,0,3,2,2,2,3,3,0,3,1,1,2.23,0,0,TRUE
Female,Loyal Customer,64,Personal Travel,Eco,1107,3,3,2,3,5,5,4,4,4,2,4,3,5,3.62,15,23,FALSE
Female,Loyal Customer,38,Business Travel,Eco,355,4,4,4,4,4,4,4,4,1,4,3,3,4,3.62,4,8,FALSE
Female,Loyal Customer,47,Business Travel,Business,2075,5,5,5,5,5,4,4,4,4,4,4,5,3,4.38,0,0,TRUE
Male,Loyal Customer,56,Business Travel,Business,1546,4,4,4,4,1,1,1,5,5,5,5,5,2,3.54,0,0,TRUE
Female,Loyal Customer,39,Business Travel,Business,1726,4,4,4,4,2,4,5,4,4,5,4,3,5,4,0,0,TRUE
Female,Loyal Customer,17,Personal Travel,Eco,802,2,5,2,5,3,2,3,3,1,2,5,4,3,3.08,60,57,FALSE
Male,Loyal Customer,30,Business Travel,Business,466,5,5,5,5,4,4,4,4,5,3,5,5,4,4.46,0,0,TRUE
Female,Loyal Customer,43,Business Travel,Business,1199,1,1,1,1,5,5,5,5,5,5,5,3,5,3.62,51,50,TRUE
Female,Loyal Customer,47,Business Travel,Business,3547,3,3,3,3,4,5,5,4,4,4,4,4,3,3.77,0,0,TRUE
Female,Loyal Customer,27,Business Travel,Business,1886,2,2,1,2,4,4,4,4,5,5,2,5,4,3.38,0,11,TRUE
Male,Loyal Customer,35,Business Travel,Business,1642,3,1,1,1,2,2,3,3,3,3,3,1,3,2.23,0,0,FALSE
Male,Disloyal Customer,19,Business Travel,Eco,990,2,2,2,3,3,2,3,3,3,1,4,1,3,2.46,0,0,FALSE
Female,Loyal Customer,42,Business Travel,Business,833,4,4,4,4,2,5,5,3,3,4,3,4,3,3.69,22,34,TRUE
Male,Disloyal Customer,43,Business Travel,Eco,380,3,3,3,3,1,3,1,1,4,5,3,3,1,2.62,0,8,FALSE
Female,Loyal Customer,38,Business Travel,Eco,133,1,0,0,4,2,0,2,2,2,4,3,2,2,1.85,19,8,FALSE
Female,Loyal Customer,51,Personal Travel,Business,503,3,4,3,2,5,5,4,3,3,3,2,5,4,3.54,0,0,FALSE
Female,Disloyal Customer,44,Business Travel,Business,224,3,3,3,5,3,3,3,3,5,4,4,3,3,3.46,0,0,FALSE
Male,Loyal Customer,47,Business Travel,Eco,163,5,5,5,5,5,5,5,5,1,4,5,5,5,4.62,0,0,TRUE
Male,Loyal Customer,49,Personal Travel,Eco,414,2,5,2,3,4,2,4,4,3,5,5,3,4,3.54,86,83,FALSE
Male,Loyal Customer,22,Personal Travel,Eco,2586,2,1,2,3,2,4,4,3,5,3,4,4,4,3.15,0,23,FALSE
Female,Loyal Customer,35,Personal Travel,Eco,1824,3,5,3,3,2,3,2,2,5,5,4,4,2,3.31,24,19,FALSE
Male,Loyal Customer,30,Business Travel,Business,3875,5,2,5,5,5,5,5,5,5,4,4,4,5,4.54,0,0,TRUE
Male,Disloyal Customer,43,Business Travel,Eco,1618,3,3,3,3,2,3,4,2,4,4,4,2,2,3,6,0,FALSE
Female,Disloyal Customer,45,Business Travel,Business,1389,4,4,4,2,4,4,4,4,3,5,4,4,4,3.85,0,0,TRUE
Male,Loyal Customer,47,Personal Travel,Eco,101,3,5,3,1,3,3,3,3,4,3,5,5,3,3.38,0,0,FALSE
Male,Loyal Customer,59,Business Travel,Business,1015,5,5,5,5,4,5,4,4,4,3,4,5,3,4.31,0,0,TRUE
Female,Disloyal Customer,39,Business Travel,Eco,184,3,3,3,3,2,3,2,2,3,3,4,2,2,2.69,38,27,FALSE
Female,Loyal Customer,69,Business Travel,Business,2595,3,3,3,3,4,3,3,5,5,5,5,2,1,3.46,0,0,TRUE
Female,Loyal Customer,48,Personal Travel,Eco,1024,0,2,0,4,5,4,4,2,2,0,2,3,1,2.23,14,7,TRUE
Female,Disloyal Customer,45,Business Travel,Business,1069,4,4,4,3,3,4,1,3,5,4,5,4,3,3.62,3,0,TRUE
Female,Loyal Customer,40,Business Travel,Business,3301,0,0,0,2,5,4,5,5,5,5,5,5,4,3.46,89,78,TRUE
Male,Loyal Customer,38,Business Travel,Eco,594,3,4,2,2,3,4,3,3,2,5,3,4,3,3.15,0,1,TRUE
Male,Disloyal Customer,38,Business Travel,Eco,585,3,0,3,1,2,3,2,2,4,4,5,3,2,2.62,0,5,FALSE
Female,Disloyal Customer,24,Business Travel,Business,175,5,0,5,2,3,0,4,3,3,2,4,4,3,2.92,3,0,TRUE
Male,Loyal Customer,41,Personal Travel,Eco,859,1,5,1,1,5,1,5,5,4,2,5,5,5,3.46,0,98,FALSE
Male,Loyal Customer,22,Personal Travel,Eco,1017,1,0,1,5,1,1,1,1,3,5,4,3,1,2.08,0,0,FALSE
Male,Loyal Customer,28,Business Travel,Business,600,1,1,1,1,4,5,4,4,4,2,5,3,4,3,0,0,TRUE
Male,Loyal Customer,45,Business Travel,Eco,1726,1,5,5,5,2,1,2,2,3,3,4,2,2,2.85,102,90,FALSE
Male,Loyal Customer,39,Business Travel,Eco Plus,2640,4,4,4,4,4,5,4,4,4,4,4,2,4,3.92,0,0,TRUE
Female,Loyal Customer,23,Personal Travel,Eco,965,1,1,1,1,1,1,1,1,4,2,2,4,1,1.62,30,27,FALSE
Female,Loyal Customer,34,Personal Travel,Business,1084,2,4,2,1,4,5,5,5,5,2,5,3,4,3.62,2,0,FALSE
Female,Disloyal Customer,27,Business Travel,Eco,1064,1,1,1,3,1,2,2,1,2,4,3,2,2,1.92,5,62,FALSE
Female,Disloyal Customer,27,Business Travel,Eco,1201,4,5,5,2,4,5,4,4,3,4,4,4,4,4,53,42,TRUE
Female,Disloyal Customer,23,Business Travel,Eco,612,5,3,5,1,5,5,5,5,1,4,1,1,5,3.54,0,0,TRUE
Female,Disloyal Customer,39,Business Travel,Business,259,2,2,2,5,2,2,2,2,4,5,4,5,2,3,0,8,FALSE
Male,Disloyal Customer,23,Business Travel,Eco,226,4,3,4,4,4,4,4,4,1,3,3,4,4,3.54,0,0,FALSE
Female,Loyal Customer,77,Business Travel,Eco Plus,869,4,5,5,5,2,4,3,4,4,4,4,1,2,3.62,0,0,FALSE
Male,Loyal Customer,35,Personal Travel,Eco,1199,1,2,1,3,4,1,3,4,4,3,3,3,4,2.77,0,0,FALSE
Female,Disloyal Customer,26,Business Travel,Eco,280,3,3,3,3,2,3,2,2,3,1,3,1,2,2.38,0,0,FALSE
Male,Loyal Customer,36,Personal Travel,Eco,762,2,4,2,3,2,4,3,4,2,5,5,3,3,3.23,161,176,FALSE
Male,Disloyal Customer,27,Business Travel,Eco,588,3,2,3,3,4,3,4,4,2,1,3,1,4,2.85,15,14,FALSE
Male,Loyal Customer,45,Business Travel,Business,991,3,3,3,3,5,4,4,5,5,5,5,4,3,4,0,0,TRUE
Female,Disloyal Customer,30,Business Travel,Eco,563,2,0,2,5,2,2,2,2,3,2,3,2,2,2.23,12,9,FALSE
Male,Loyal Customer,50,Business Travel,Business,2392,3,3,3,3,5,5,5,4,4,4,4,3,3,3.77,0,0,TRUE
Female,Disloyal Customer,17,Business Travel,Eco,964,1,1,1,5,3,1,5,3,1,1,4,4,3,2.54,0,5,FALSE
Female,Loyal Customer,25,Personal Travel,Business,757,1,4,1,3,4,1,4,4,3,4,5,3,4,3.15,0,27,FALSE
Female,Disloyal Customer,22,Business Travel,Eco,419,3,3,3,3,3,3,3,3,3,2,3,5,3,3.08,0,6,FALSE
Male,Loyal Customer,52,Business Travel,Business,1598,2,5,5,5,3,3,4,2,2,2,2,2,3,3.08,0,0,FALSE
Female,Loyal Customer,44,Business Travel,Eco Plus,488,4,4,4,4,4,3,3,4,4,4,4,1,3,3.54,0,0,TRUE
Female,Loyal Customer,51,Business Travel,Business,580,3,3,3,3,5,4,5,5,5,5,5,4,5,4.23,17,2,TRUE
Male,Loyal Customer,56,Personal Travel,Eco Plus,417,1,3,1,4,5,1,5,5,4,4,5,3,5,3.54,27,21,FALSE
Female,Loyal Customer,30,Personal Travel,Eco,308,0,4,0,3,2,0,2,2,3,4,5,4,2,2.38,0,0,TRUE
Female,Loyal Customer,70,Personal Travel,Eco,972,2,2,2,4,4,3,3,3,3,2,3,4,2,2.85,11,0,FALSE
Male,Disloyal Customer,22,Business Travel,Business,808,4,0,4,2,2,4,2,2,5,2,5,5,2,3,0,0,TRUE
Male,Loyal Customer,37,Business Travel,Eco Plus,412,1,3,3,3,1,1,1,1,1,4,2,1,1,1.77,0,0,FALSE
Male,Disloyal Customer,26,Business Travel,Eco,334,2,4,2,5,5,2,5,5,5,2,4,5,5,3.92,0,0,FALSE
Male,Loyal Customer,46,Business Travel,Business,1709,4,4,4,4,3,5,5,4,4,4,4,3,3,3.92,0,13,TRUE
Female,Loyal Customer,55,Business Travel,Business,2139,2,2,2,2,5,5,4,4,4,4,4,5,5,3.69,27,12,TRUE
Male,Loyal Customer,50,Business Travel,Eco,700,3,2,2,2,3,3,3,3,2,5,2,1,3,2.62,34,27,FALSE
Male,Disloyal Customer,59,Business Travel,Eco,125,2,5,2,4,5,2,2,5,2,5,5,1,5,3.46,35,29,FALSE
Female,Loyal Customer,57,Personal Travel,Eco,431,0,5,0,2,2,5,5,5,5,0,5,3,5,3.23,0,0,TRUE
Female,Loyal Customer,58,Business Travel,Business,546,5,5,5,5,2,1,1,3,2,4,5,1,1,3.08,294,288,TRUE
Female,Loyal Customer,54,Business Travel,Business,628,2,4,4,4,2,2,2,2,2,2,2,1,1,2.31,0,0,FALSE
Female,Disloyal Customer,30,Business Travel,Business,710,4,5,5,4,5,5,5,5,3,2,4,4,5,4.31,44,48,TRUE
Male,Disloyal Customer,44,Business Travel,Eco,308,4,4,4,2,4,4,4,4,4,4,1,4,4,3.62,58,77,TRUE
Female,Loyal Customer,21,Personal Travel,Eco,714,3,4,3,1,4,3,4,4,3,5,5,3,4,3.54,0,0,FALSE
Male,Loyal Customer,23,Business Travel,Business,3150,1,1,4,1,4,5,4,4,3,4,5,4,4,3.38,0,0,TRUE
Male,Disloyal Customer,24,Business Travel,Eco,1259,2,2,2,3,5,2,5,5,3,3,5,5,5,3.62,8,0,FALSE
Male,Loyal Customer,56,Business Travel,Eco,413,3,5,2,5,3,3,3,3,4,4,2,1,3,3.15,0,0,FALSE
Male,Loyal Customer,37,Business Travel,Eco,448,4,4,4,4,4,4,4,4,4,5,2,2,4,3.77,1,0,TRUE
Male,Loyal Customer,57,Business Travel,Business,1999,3,3,5,3,3,4,5,4,4,4,4,4,4,3.85,39,43,TRUE
Female,Loyal Customer,45,Personal Travel,Eco,1091,4,1,4,3,5,3,4,4,4,4,4,2,2,3.38,2,0,FALSE
Male,Loyal Customer,43,Personal Travel,Eco,547,2,3,2,4,5,2,3,5,4,3,3,4,5,3.46,0,0,FALSE
Female,Disloyal Customer,29,Business Travel,Eco,522,2,4,2,3,2,2,5,2,4,2,3,3,2,2.77,0,0,FALSE
Female,Loyal Customer,49,Business Travel,Business,3496,1,1,1,1,5,5,5,4,3,4,4,5,5,3.38,188,242,TRUE
Male,Disloyal Customer,25,Business Travel,Business,581,4,0,4,3,4,4,4,4,3,5,4,3,4,3.54,17,2,TRUE
Male,Loyal Customer,45,Business Travel,Business,1440,4,4,4,4,5,4,5,4,4,4,4,5,4,4.23,83,84,TRUE
Male,Loyal Customer,7,Personal Travel,Eco,268,2,5,2,3,5,2,5,5,3,2,4,2,5,3.46,73,64,FALSE
Female,Disloyal Customer,34,Business Travel,Business,1452,3,3,3,2,4,3,2,4,3,3,5,4,4,3.31,5,0,FALSE
Male,Loyal Customer,42,Business Travel,Business,845,3,4,3,3,5,4,5,5,5,5,5,1,4,4,0,0,TRUE
Female,Loyal Customer,50,Business Travel,Business,2750,2,2,2,2,2,5,4,4,4,4,4,3,3,3.15,6,0,TRUE
Female,Loyal Customer,50,Business Travel,Business,3462,1,1,1,1,2,4,4,4,4,4,5,2,5,2.92,0,0,TRUE
Male,Loyal Customer,46,Business Travel,Business,1075,1,4,4,4,5,3,3,1,1,1,1,1,3,2.46,0,6,FALSE
Male,Disloyal Customer,29,Business Travel,Eco,1491,2,2,2,4,1,2,3,1,2,2,3,1,1,2,6,3,FALSE
Female,Loyal Customer,46,Business Travel,Eco,601,3,4,4,4,2,4,4,3,3,3,3,1,3,3.15,2,0,FALSE
Male,Loyal Customer,15,Personal Travel,Eco,438,3,5,3,1,3,3,3,3,4,3,5,3,3,3.23,0,0,FALSE
Female,Loyal Customer,40,Business Travel,Business,200,1,1,1,1,5,2,2,4,4,4,4,5,2,2.77,0,0,TRUE
Male,Loyal Customer,66,Personal Travel,Eco,594,2,2,2,3,3,2,3,3,3,3,3,1,3,2.54,0,11,FALSE
Female,Loyal Customer,23,Business Travel,Business,1553,1,1,2,1,5,5,5,5,5,1,1,1,5,2.92,13,0,TRUE
Male,Loyal Customer,61,Personal Travel,Eco,199,3,5,3,2,5,3,5,5,5,3,5,3,5,4,0,0,FALSE
Female,Loyal Customer,36,Personal Travel,Eco,377,4,4,4,4,5,4,2,5,3,1,3,2,5,3.54,0,0,FALSE
Male,Loyal Customer,58,Personal Travel,Eco,1185,3,4,3,3,2,3,2,2,4,2,3,2,2,2.69,13,0,FALSE
Male,Loyal Customer,42,Business Travel,Business,1399,2,2,2,2,2,4,4,4,4,4,4,3,5,3.23,55,54,TRUE
Female,Disloyal Customer,20,Business Travel,Eco,409,1,1,1,3,4,1,4,4,4,1,3,4,4,2.69,31,28,FALSE
Female,Loyal Customer,22,Business Travel,Business,1610,2,2,2,2,2,2,2,2,3,2,5,5,2,2.54,0,6,TRUE
Female,Loyal Customer,45,Business Travel,Business,1111,1,1,1,1,3,3,2,5,5,5,5,3,4,3,0,0,TRUE
Male,Loyal Customer,60,Business Travel,Business,3261,3,3,3,3,2,5,4,5,5,5,5,3,4,3.85,0,9,TRUE
Female,Loyal Customer,64,Personal Travel,Eco,577,1,4,1,1,3,5,4,2,2,1,5,4,5,2.92,34,36,FALSE
Female,Loyal Customer,37,Business Travel,Eco,468,5,3,3,3,5,5,5,5,1,3,3,3,5,3.77,17,8,TRUE
Female,Loyal Customer,36,Business Travel,Business,1009,4,2,2,2,4,3,4,4,4,4,4,3,4,3.38,0,0,FALSE
Female,Loyal Customer,48,Business Travel,Business,1986,3,1,4,1,1,4,3,3,3,3,3,4,3,2.77,0,1,FALSE
Male,Loyal Customer,54,Personal Travel,Eco,991,2,5,1,3,4,1,4,4,5,2,4,4,4,3.31,6,13,FALSE
Female,Disloyal Customer,44,Business Travel,Eco,995,3,3,3,4,3,3,3,2,5,3,3,3,3,3.15,34,36,FALSE
Female,Loyal Customer,34,Business Travel,Business,2570,1,4,5,4,5,4,4,1,1,1,1,4,4,3,6,3,FALSE
Female,Loyal Customer,41,Business Travel,Eco,164,1,2,2,2,1,1,1,1,3,3,3,3,1,1.85,0,0,FALSE
Female,Loyal Customer,29,Business Travel,Business,1721,2,4,4,4,2,3,2,2,1,1,3,2,2,2.46,56,72,FALSE
Male,Loyal Customer,67,Personal Travel,Eco,2419,2,4,2,2,2,4,4,3,4,2,3,4,4,3.08,52,53,FALSE
Female,Loyal Customer,51,Business Travel,Eco,1589,2,3,3,3,1,1,2,2,2,2,2,2,1,2,29,39,FALSE
Female,Loyal Customer,61,Business Travel,Business,376,2,2,1,2,4,4,3,2,2,2,2,2,4,2.46,69,58,FALSE
Male,Loyal Customer,16,Business Travel,Eco,422,4,4,4,4,4,5,4,4,2,1,5,5,4,3.85,0,0,TRUE
Male,Loyal Customer,59,Business Travel,Eco,328,4,4,4,4,4,4,4,4,3,2,3,2,4,3.54,0,0,FALSE
Female,Loyal Customer,36,Personal Travel,Eco,404,1,5,1,4,4,1,4,4,4,3,4,4,4,3.31,0,6,FALSE
Male,Loyal Customer,10,Personal Travel,Eco,780,2,5,2,2,4,2,3,4,3,2,4,5,4,3.23,0,0,FALSE
Female,Loyal Customer,67,Personal Travel,Eco,1290,3,5,2,1,3,5,4,5,5,2,5,3,3,3.54,47,11,FALSE
Female,Loyal Customer,53,Business Travel,Business,854,5,5,5,5,2,5,4,4,4,4,4,5,3,4.23,17,0,TRUE
Male,Disloyal Customer,24,Business Travel,Eco,787,3,3,3,3,4,3,4,4,3,4,4,2,4,3.38,0,7,FALSE
Female,Loyal Customer,31,Business Travel,Business,1727,1,1,5,1,5,5,5,5,5,5,4,5,5,4,14,3,TRUE
Female,Loyal Customer,26,Business Travel,Business,1587,5,5,5,5,4,5,4,4,4,4,5,5,4,4.54,15,4,TRUE
Male,Loyal Customer,33,Business Travel,Eco,1061,4,4,4,4,4,4,4,4,5,4,4,1,4,3.85,0,2,TRUE
Male,Loyal Customer,65,Personal Travel,Eco,948,3,3,3,3,3,3,2,3,1,3,2,1,3,2.54,0,0,FALSE
Female,Loyal Customer,47,Personal Travel,Eco,86,1,5,1,4,2,3,3,4,4,1,4,1,5,2.92,112,112,FALSE
Female,Loyal Customer,23,Business Travel,Business,594,5,5,4,5,3,4,3,3,5,5,4,3,3,4,0,0,TRUE
Male,Loyal Customer,42,Business Travel,Business,3208,5,5,5,5,2,4,5,5,5,5,5,4,4,4.54,0,0,TRUE
Male,Loyal Customer,51,Business Travel,Business,761,4,4,4,4,4,5,4,5,5,5,5,5,5,4.54,125,121,TRUE
Female,Loyal Customer,57,Business Travel,Business,453,2,2,2,2,3,5,4,5,5,5,5,3,3,3.54,0,0,TRUE
Female,Loyal Customer,36,Business Travel,Eco,1092,4,2,2,2,4,4,4,4,1,2,3,2,4,2.92,0,0,TRUE
Male,Loyal Customer,58,Business Travel,Business,3441,5,5,5,5,3,5,5,4,4,4,4,4,5,4.46,0,0,TRUE
Male,Loyal Customer,67,Personal Travel,Eco,1313,2,5,2,3,3,2,3,3,3,5,5,4,3,3.31,21,13,FALSE
Male,Loyal Customer,13,Personal Travel,Eco,475,0,3,0,1,2,0,2,2,2,1,3,5,2,1.77,0,0,TRUE
Male,Loyal Customer,47,Personal Travel,Eco,421,4,5,4,4,4,4,4,4,5,3,4,2,4,3.92,2,9,FALSE
Female,Disloyal Customer,37,Business Travel,Business,317,2,2,2,4,2,2,2,2,3,4,5,5,2,2.85,1,0,TRUE
Male,Loyal Customer,60,Business Travel,Business,600,3,3,3,3,3,4,4,4,4,4,4,5,5,3.77,0,0,TRUE
Female,Loyal Customer,36,Business Travel,Business,1009,3,4,3,3,2,4,4,3,3,2,3,4,3,3.15,0,0,FALSE
Female,Loyal Customer,57,Business Travel,Business,2664,1,1,1,1,2,4,4,4,4,4,4,4,4,2.92,0,0,TRUE
Female,Disloyal Customer,23,Business Travel,Eco,1012,3,3,3,4,1,3,1,1,4,3,4,4,1,2.69,0,3,FALSE
Male,Loyal Customer,25,Personal Travel,Eco Plus,944,3,5,3,4,3,3,3,3,4,2,2,1,3,3,2,1,FALSE
Female,Loyal Customer,43,Business Travel,Business,3824,5,5,5,5,5,4,4,4,4,5,4,3,4,4.38,1,0,TRUE
Male,Disloyal Customer,30,Business Travel,Business,1547,5,5,5,4,4,5,4,4,5,5,5,5,4,4.62,0,0,TRUE
Male,Loyal Customer,54,Business Travel,Business,3590,3,3,3,3,5,4,4,5,5,5,5,4,4,4.08,0,0,TRUE
Female,Loyal Customer,70,Personal Travel,Business,731,2,2,3,4,4,4,4,1,1,3,1,3,2,2.62,0,0,FALSE
Male,Loyal Customer,40,Business Travel,Eco,438,2,4,4,4,2,3,2,2,4,3,1,5,2,2.92,0,0,TRUE
Male,Disloyal Customer,65,Business Travel,Business,349,3,3,3,3,2,3,2,2,3,2,4,3,2,2.69,3,0,FALSE
Male,Loyal Customer,68,Personal Travel,Eco,366,3,5,3,5,4,3,4,4,3,5,5,1,4,3.77,0,0,FALSE
Male,Loyal Customer,7,Personal Travel,Eco,689,2,4,2,3,1,2,1,1,3,2,4,4,1,2.31,2,0,FALSE
Male,Loyal Customer,55,Business Travel,Eco Plus,693,1,1,1,1,1,1,1,3,1,3,3,1,1,1.46,259,248,FALSE
Male,Loyal Customer,36,Personal Travel,Eco,1464,5,1,5,3,1,5,1,1,1,3,2,4,1,2.54,0,0,TRUE
Female,Disloyal Customer,21,Business Travel,Eco,404,5,4,5,2,4,5,4,4,4,5,4,3,4,4.08,32,33,TRUE
Female,Loyal Customer,28,Business Travel,Eco,612,3,3,4,3,3,3,3,3,1,5,4,2,3,3.08,17,11,FALSE
Female,Loyal Customer,29,Personal Travel,Eco,762,1,4,1,3,3,1,3,3,3,2,5,5,3,2.85,0,0,FALSE
Female,Loyal Customer,65,Personal Travel,Eco,519,4,5,4,2,4,5,5,2,2,4,2,4,3,3.54,0,0,TRUE
Female,Loyal Customer,47,Business Travel,Eco Plus,787,5,2,3,2,5,3,2,5,5,5,5,4,4,3.85,0,0,TRUE
Female,Loyal Customer,43,Business Travel,Eco,826,3,2,2,2,2,2,2,3,3,3,3,1,4,2.46,12,30,FALSE
Female,Disloyal Customer,23,Business Travel,Business,255,0,3,0,3,5,0,5,5,4,2,4,5,5,3.15,4,6,TRUE
Female,Loyal Customer,24,Business Travel,Business,2956,2,2,3,2,5,5,5,5,5,5,5,5,5,4.15,0,0,TRUE
Male,Loyal Customer,36,Business Travel,Business,1693,2,2,3,2,2,5,5,4,4,4,4,4,5,3.54,0,16,TRUE
Female,Loyal Customer,38,Business Travel,Business,1569,2,5,5,5,5,3,4,2,2,3,2,2,2,3.23,0,2,FALSE
Female,Loyal Customer,45,Business Travel,Business,696,2,2,2,2,1,4,4,2,2,2,2,3,1,2.23,44,30,FALSE
Female,Loyal Customer,57,Personal Travel,Eco,1855,3,4,3,3,1,3,3,5,5,3,5,4,2,3.38,51,61,FALSE
Male,Disloyal Customer,61,Business Travel,Business,280,1,0,0,3,1,3,3,4,4,5,4,3,3,2.62,147,136,FALSE
Female,Loyal Customer,55,Business Travel,Business,1997,1,1,1,1,4,5,4,2,2,2,2,4,4,2.54,0,0,TRUE
Female,Loyal Customer,60,Business Travel,Business,308,2,2,2,2,3,3,5,5,5,5,5,2,2,3.31,8,16,TRUE
Female,Loyal Customer,38,Business Travel,Business,1363,3,3,3,3,3,5,5,5,5,5,5,4,3,4,14,8,TRUE
Male,Loyal Customer,48,Business Travel,Business,1448,3,3,3,3,4,5,5,5,5,5,5,3,3,4,0,0,TRUE
Female,Loyal Customer,34,Business Travel,Business,2417,2,2,2,2,3,4,5,4,4,4,4,5,5,3.54,0,0,TRUE
Male,Loyal Customer,34,Business Travel,Business,2682,3,3,3,3,2,3,5,5,5,5,5,1,3,3.54,68,63,TRUE
Male,Loyal Customer,46,Business Travel,Business,2082,5,5,4,5,4,4,5,4,4,4,4,5,3,4.31,14,4,TRUE
Male,Loyal Customer,58,Business Travel,Business,1747,1,1,2,1,5,4,4,5,5,5,5,3,4,3.46,0,0,TRUE
Female,Loyal Customer,22,Business Travel,Business,2176,2,4,3,3,2,2,2,2,2,1,3,2,2,2.31,18,4,FALSE
Male,Loyal Customer,37,Business Travel,Business,2869,3,3,3,3,3,2,3,5,5,5,5,1,1,3.23,2,0,TRUE
Male,Loyal Customer,31,Personal Travel,Eco,373,2,3,2,5,4,2,4,4,1,2,1,4,4,2.92,0,33,FALSE
Female,Loyal Customer,35,Business Travel,Business,2728,1,1,1,1,2,5,4,4,4,4,4,5,4,3.08,0,0,TRUE
Female,Disloyal Customer,36,Business Travel,Business,759,4,4,4,2,5,4,5,5,4,2,4,4,5,4,0,0,FALSE
Female,Loyal Customer,36,Personal Travel,Eco,430,4,4,4,2,2,4,1,2,3,2,4,5,2,3,0,0,FALSE
Male,Loyal Customer,64,Business Travel,Business,3656,3,4,4,4,3,3,3,3,3,3,3,3,3,3.23,0,0,FALSE
Male,Disloyal Customer,20,Business Travel,Eco,2295,2,2,2,3,4,2,2,4,1,1,4,1,4,2.46,3,0,FALSE
Male,Loyal Customer,11,Personal Travel,Eco Plus,337,1,4,1,1,5,1,5,5,3,5,4,5,5,3.46,23,23,FALSE
Male,Loyal Customer,22,Personal Travel,Eco,583,4,4,4,3,4,4,2,4,5,2,4,4,4,3.69,0,0,TRUE
Male,Loyal Customer,40,Business Travel,Business,1597,2,2,2,2,3,4,5,4,4,4,4,3,4,3.31,6,0,TRUE
Male,Loyal Customer,66,Business Travel,Business,2558,4,4,4,4,3,4,4,5,5,5,5,3,5,4.23,0,0,TRUE
Male,Loyal Customer,43,Business Travel,Business,2503,4,4,4,4,5,4,4,5,5,5,5,3,3,4.23,0,5,TRUE
Female,Loyal Customer,64,Business Travel,Business,3961,1,1,4,1,3,4,5,4,4,5,4,3,3,3.23,23,18,TRUE
Male,Disloyal Customer,24,Business Travel,Eco,1121,4,4,4,2,5,4,5,5,5,3,4,3,5,4.08,0,0,TRUE
Female,Loyal Customer,24,Personal Travel,Eco,164,3,4,3,4,3,4,4,5,2,4,5,4,4,3.77,423,417,FALSE
Male,Disloyal Customer,11,Business Travel,Eco,937,1,1,1,1,2,1,2,2,3,2,5,3,2,2,17,14,FALSE
Female,Loyal Customer,55,Personal Travel,Eco,135,2,1,2,4,5,4,3,1,1,2,1,2,4,2.46,0,2,FALSE
Male,Loyal Customer,43,Business Travel,Eco Plus,503,1,3,3,3,1,1,1,1,4,5,3,1,1,2.15,0,26,FALSE
Female,Loyal Customer,12,Business Travel,Business,1814,2,3,3,3,2,2,2,2,1,5,4,1,2,2.46,25,12,FALSE
Male,Loyal Customer,47,Personal Travel,Eco,1195,3,4,3,2,4,3,4,4,3,2,5,5,4,3.54,76,61,FALSE
Male,Loyal Customer,64,Business Travel,Business,1583,4,4,4,4,3,5,4,3,3,3,3,5,4,3.77,0,0,TRUE
Male,Loyal Customer,58,Personal Travel,Eco,738,4,4,4,4,2,4,3,2,3,4,5,4,2,3.46,31,27,FALSE
Female,Loyal Customer,51,Business Travel,Business,667,4,4,4,4,4,5,4,5,5,5,5,4,3,4.31,9,1,TRUE
Male,Loyal Customer,24,Personal Travel,Eco,577,2,3,1,4,5,1,5,5,4,4,3,1,5,3.31,0,4,FALSE
Female,Loyal Customer,28,Business Travel,Eco Plus,1025,3,4,4,4,3,3,3,3,2,1,4,1,3,2.92,0,0,FALSE
Female,Disloyal Customer,18,Business Travel,Eco,2519,2,2,2,4,5,2,5,5,1,5,3,4,5,3.46,3,0,FALSE
Female,Loyal Customer,26,Business Travel,Business,2917,5,5,5,5,5,5,5,3,3,5,5,5,5,4.69,0,5,TRUE
Male,Loyal Customer,39,Business Travel,Eco Plus,163,4,1,1,1,4,4,4,4,4,3,2,4,4,3.08,0,0,TRUE
Male,Disloyal Customer,25,Business Travel,Eco,1076,2,3,3,1,1,3,1,1,5,3,5,3,1,2.46,34,47,TRUE
Male,Loyal Customer,64,Business Travel,Business,3949,5,5,5,5,3,4,1,4,4,4,4,2,1,3.62,0,0,TRUE
Female,Loyal Customer,56,Personal Travel,Eco,134,4,0,0,4,5,3,5,4,4,0,4,5,1,3,67,56,FALSE
Female,Loyal Customer,44,Personal Travel,Eco Plus,1728,4,5,4,1,3,4,4,3,3,4,2,3,3,3.31,0,26,FALSE
Male,Loyal Customer,32,Personal Travel,Eco,337,2,2,2,3,3,2,1,3,1,1,4,1,3,2.15,0,0,FALSE
Female,Disloyal Customer,23,Business Travel,Eco,934,2,2,2,3,2,2,2,2,1,2,4,4,2,2.31,0,0,FALSE
Male,Disloyal Customer,41,Business Travel,Eco,391,3,5,3,2,4,3,2,4,2,4,2,4,4,3.23,0,0,FALSE
Male,Loyal Customer,53,Business Travel,Business,1612,0,0,0,1,1,1,2,3,3,3,3,5,2,1.85,0,0,TRUE
Female,Loyal Customer,23,Personal Travel,Eco,2342,3,5,3,4,1,3,1,1,1,1,4,3,1,2.38,0,0,FALSE
Male,Loyal Customer,56,Business Travel,Business,1015,1,1,1,1,2,3,4,1,1,2,1,1,4,1.77,7,0,FALSE
Female,Disloyal Customer,38,Business Travel,Eco,404,2,4,2,1,2,2,2,2,5,2,2,4,2,2.46,1,3,FALSE
Female,Loyal Customer,46,Business Travel,Business,2288,5,5,3,5,3,3,4,5,5,5,5,4,3,4.23,0,0,TRUE
Female,Disloyal Customer,30,Business Travel,Eco,802,3,3,3,3,3,4,4,4,5,4,3,4,4,3.62,146,137,FALSE
Female,Loyal Customer,25,Business Travel,Eco,731,1,2,2,2,1,1,2,1,2,1,3,1,1,1.54,12,18,FALSE
Male,Loyal Customer,53,Business Travel,Eco,1045,3,2,2,2,3,3,3,3,2,5,3,2,3,2.77,0,0,FALSE
Female,Loyal Customer,25,Business Travel,Business,1028,3,1,1,1,3,3,3,3,1,1,4,3,3,2.31,3,5,FALSE
Female,Loyal Customer,47,Business Travel,Business,3862,4,2,2,2,3,4,3,4,4,4,4,3,3,3.23,0,0,FALSE
Male,Loyal Customer,26,Business Travel,Business,723,5,5,5,5,5,5,5,5,3,4,4,5,5,4.69,0,1,TRUE
Male,Disloyal Customer,44,Business Travel,Eco,119,1,0,1,4,4,1,4,4,3,4,2,5,4,2.85,0,0,FALSE
Female,Disloyal Customer,19,Business Travel,Eco,1076,4,4,4,3,4,4,4,4,3,5,5,5,4,4.08,6,30,TRUE
Male,Disloyal Customer,30,Business Travel,Business,667,2,2,2,3,1,2,1,1,4,3,4,5,1,2.38,3,0,FALSE
Female,Loyal Customer,31,Business Travel,Business,772,4,4,4,4,5,5,5,5,5,2,5,3,5,4.31,0,0,TRUE
Male,Loyal Customer,67,Business Travel,Business,3583,3,3,3,3,3,5,4,5,5,5,5,3,4,3.92,26,15,TRUE
Female,Loyal Customer,30,Personal Travel,Eco,338,2,2,2,4,2,2,2,2,4,2,3,3,2,2.46,0,0,FALSE
Female,Disloyal Customer,34,Business Travel,Business,370,2,2,2,1,4,2,3,4,5,5,5,4,4,3.31,48,44,FALSE
Female,Disloyal Customer,24,Business Travel,Eco,583,1,4,1,3,4,1,4,4,3,2,4,4,4,3,0,0,FALSE
Male,Disloyal Customer,22,Business Travel,Eco,1199,3,3,3,4,4,3,4,4,1,4,3,3,4,3.31,3,0,FALSE
Male,Loyal Customer,8,Business Travel,Business,1744,3,1,2,1,3,3,3,3,4,2,3,4,3,2.69,0,0,FALSE
Female,Loyal Customer,42,Business Travel,Business,2248,3,3,3,3,2,3,5,5,5,4,5,3,4,3.69,0,0,TRUE
Male,Loyal Customer,34,Personal Travel,Eco,867,2,5,2,3,3,2,3,3,4,2,4,3,3,3,1,0,FALSE
Male,Disloyal Customer,23,Business Travel,Eco,431,5,0,5,5,1,5,1,1,5,2,5,4,1,3.08,0,0,TRUE
Male,Loyal Customer,42,Personal Travel,Eco,479,1,2,3,3,4,3,4,4,1,2,3,4,4,2.92,46,39,FALSE
Female,Loyal Customer,60,Business Travel,Eco,402,3,4,4,4,3,3,2,3,3,3,3,1,4,3.08,0,0,TRUE
Female,Loyal Customer,35,Business Travel,Eco,157,3,4,4,4,3,3,3,1,5,3,2,3,3,3.15,131,131,FALSE
Male,Loyal Customer,65,Personal Travel,Eco,347,1,5,1,3,3,1,3,3,5,4,4,5,3,3.15,0,0,FALSE
Male,Loyal Customer,56,Personal Travel,Eco,145,2,4,2,5,4,2,4,4,3,5,2,4,4,3.46,0,0,FALSE
Male,Loyal Customer,45,Business Travel,Business,1733,3,3,3,3,1,2,2,5,5,5,3,3,3,3.15,81,97,TRUE
Male,Loyal Customer,55,Business Travel,Eco,547,2,5,1,5,2,2,2,2,1,1,4,1,2,2.31,12,1,FALSE
Male,Loyal Customer,50,Business Travel,Business,3616,3,3,3,3,3,4,5,4,4,4,4,3,5,3.69,1,0,TRUE
Male,Disloyal Customer,24,Business Travel,Eco,212,3,1,3,4,2,3,2,2,4,2,4,3,2,2.69,0,8,FALSE
Male,Loyal Customer,49,Business Travel,Business,867,5,5,5,5,2,4,4,4,4,4,4,4,3,4.08,5,5,TRUE
Male,Loyal Customer,31,Personal Travel,Eco,391,3,5,3,1,1,3,1,1,5,4,4,5,1,2.85,0,0,FALSE
Female,Loyal Customer,40,Business Travel,Business,1521,2,5,5,5,4,4,3,2,2,2,2,2,4,3.23,0,0,FALSE
Female,Loyal Customer,16,Personal Travel,Eco,1744,2,3,2,3,4,2,4,4,2,5,1,5,4,3.15,0,13,FALSE
Male,Loyal Customer,58,Business Travel,Business,2640,3,3,3,3,5,5,3,5,5,5,5,3,5,4.08,0,0,TRUE
Female,Loyal Customer,45,Business Travel,Business,594,3,1,1,1,3,3,4,3,3,3,3,4,1,2.54,0,6,FALSE
Female,Loyal Customer,32,Business Travel,Business,2765,3,3,3,3,5,5,5,5,3,2,4,2,5,3.69,4,0,TRUE
Male,Loyal Customer,54,Personal Travel,Eco,920,2,5,2,1,3,2,3,3,4,2,4,3,3,2.85,2,1,FALSE
Male,Disloyal Customer,39,Business Travel,Eco,1045,2,2,2,2,2,2,2,2,2,4,1,4,2,2.23,61,48,FALSE
Male,Disloyal Customer,48,Business Travel,Eco,191,2,0,2,5,5,2,4,5,4,2,4,1,5,3.15,0,0,FALSE
Male,Loyal Customer,54,Business Travel,Business,986,1,2,1,1,4,4,4,3,3,3,3,5,5,3,22,31,TRUE
Male,Loyal Customer,58,Business Travel,Business,201,4,3,4,4,2,4,4,4,4,4,5,5,4,3.92,17,17,TRUE
Male,Loyal Customer,63,Business Travel,Business,1533,3,3,3,3,4,4,3,3,3,3,3,3,1,3,20,16,FALSE
Male,Loyal Customer,22,Business Travel,Business,2686,2,2,2,2,5,5,5,5,4,3,1,1,5,3.23,0,0,TRUE
Female,Loyal Customer,62,Personal Travel,Eco,1592,3,5,4,2,5,3,4,2,2,4,4,5,4,3.62,15,12,FALSE
Female,Loyal Customer,67,Personal Travel,Eco,406,2,4,2,3,5,4,5,5,5,2,5,4,5,3.92,0,1,FALSE
Male,Loyal Customer,25,Business Travel,Business,1666,5,5,5,5,4,4,4,4,3,4,2,4,4,4.08,126,132,TRUE
Female,Loyal Customer,41,Business Travel,Business,3048,3,3,3,3,2,5,5,5,5,5,5,5,3,4,8,0,TRUE
Female,Loyal Customer,23,Business Travel,Business,888,1,1,1,1,2,2,2,2,4,2,5,4,2,2.23,12,0,TRUE
Female,Loyal Customer,42,Personal Travel,Eco,447,1,4,2,2,4,5,4,4,4,2,4,1,3,3.08,0,0,FALSE
Male,Loyal Customer,43,Business Travel,Business,2154,4,4,1,4,2,5,5,5,5,4,5,4,4,4,15,11,TRUE
Female,Loyal Customer,69,Business Travel,Business,2885,5,5,5,5,4,3,5,4,4,4,4,5,3,4.31,0,0,TRUE
Female,Loyal Customer,27,Business Travel,Business,2405,4,2,4,4,4,5,4,4,4,4,3,5,4,3.92,13,0,TRUE
Male,Disloyal Customer,57,Business Travel,Eco,261,3,0,3,1,1,3,1,1,2,3,3,5,1,2.08,0,0,FALSE
Male,Loyal Customer,46,Business Travel,Business,2691,2,2,2,2,4,4,4,5,5,5,5,4,3,3.62,57,32,TRUE
Male,Loyal Customer,52,Business Travel,Business,1121,5,5,3,5,3,5,4,4,4,4,4,5,4,4.23,14,54,TRUE
Male,Loyal Customer,68,Personal Travel,Eco,834,2,4,2,1,3,2,3,3,3,3,5,3,3,2.85,0,21,FALSE
Male,Disloyal Customer,22,Business Travel,Business,1133,5,0,5,2,3,5,3,3,1,1,1,4,3,2.77,0,0,TRUE
Female,Disloyal Customer,36,Business Travel,Business,1620,1,1,1,2,2,1,2,2,3,4,4,4,2,2.23,63,61,FALSE
Female,Disloyal Customer,32,Business Travel,Eco,449,3,3,3,3,1,3,2,1,4,2,3,3,1,2.46,30,44,FALSE
Female,Loyal Customer,23,Business Travel,Business,3888,1,1,1,1,5,5,5,5,4,4,4,4,5,3.46,0,0,TRUE
Female,Loyal Customer,21,Personal Travel,Eco,874,3,4,3,2,2,3,2,2,3,2,5,5,2,2.92,0,0,FALSE
Female,Loyal Customer,26,Personal Travel,Eco,583,3,5,3,4,2,3,1,2,3,2,4,3,2,2.85,0,0,FALSE
Male,Loyal Customer,14,Personal Travel,Eco,427,3,4,3,1,2,3,2,2,5,2,5,2,2,2.77,32,70,FALSE
Male,Loyal Customer,36,Personal Travel,Eco,362,2,4,2,3,3,2,3,3,3,5,4,3,3,3.08,0,16,FALSE
Female,Loyal Customer,52,Personal Travel,Eco,451,3,3,5,2,5,1,3,2,2,5,2,3,5,3.15,26,19,FALSE
Female,Loyal Customer,48,Business Travel,Business,3114,5,5,5,5,4,5,4,4,4,4,4,3,5,4.38,0,0,TRUE
Female,Loyal Customer,7,Business Travel,Business,2856,1,2,2,2,1,1,1,1,4,3,4,2,1,1.92,0,0,FALSE
Male,Loyal Customer,10,Personal Travel,Eco,270,2,4,0,3,2,0,3,2,4,5,4,3,2,2.62,42,36,FALSE
Male,Loyal Customer,53,Business Travel,Business,2620,1,1,1,1,1,4,4,1,1,1,1,4,1,1.69,0,6,FALSE
Female,Loyal Customer,38,Business Travel,Eco,140,5,2,2,2,5,5,5,5,1,2,5,5,5,3.77,120,122,TRUE
Female,Loyal Customer,46,Business Travel,Business,2370,1,1,1,1,2,5,4,5,5,5,5,5,3,3.31,0,0,TRUE
Male,Loyal Customer,28,Personal Travel,Eco,432,4,1,4,2,4,4,4,4,2,5,2,3,4,3.31,0,0,TRUE
Male,Loyal Customer,50,Business Travel,Business,1034,3,3,3,3,5,5,5,4,4,4,4,3,3,3.77,0,0,TRUE
Male,Loyal Customer,35,Personal Travel,Eco,1072,2,4,2,3,3,2,4,3,3,2,5,5,3,3.15,29,18,FALSE
Male,Loyal Customer,39,Business Travel,Business,3262,3,3,2,3,5,5,5,5,5,5,5,2,5,4.08,0,0,TRUE
Female,Loyal Customer,51,Personal Travel,Eco,2039,2,5,2,1,3,4,4,1,1,2,1,5,3,2.62,49,48,FALSE
Male,Loyal Customer,50,Business Travel,Eco Plus,645,4,2,2,2,4,4,4,4,3,1,1,4,4,3,112,96,TRUE
Female,Loyal Customer,38,Business Travel,Business,3522,3,5,3,3,5,5,4,3,3,4,3,4,5,3.85,5,15,TRUE
Male,Loyal Customer,15,Personal Travel,Eco,179,2,3,2,2,5,2,5,5,3,1,2,3,5,3.08,0,0,FALSE
Male,Loyal Customer,51,Personal Travel,Eco Plus,850,1,5,1,1,3,1,1,3,4,2,5,3,3,2.54,5,0,FALSE
Male,Loyal Customer,27,Business Travel,Business,173,3,3,3,3,5,5,4,5,4,2,4,1,5,3.62,0,0,TRUE
Female,Loyal Customer,35,Business Travel,Business,2044,2,5,2,2,5,4,4,5,5,5,5,5,4,4.08,0,0,TRUE
Female,Loyal Customer,40,Business Travel,Business,2813,5,5,5,5,5,5,4,4,4,5,4,4,5,4.62,0,0,TRUE
Female,Loyal Customer,64,Personal Travel,Eco,643,2,4,2,1,2,4,5,4,4,2,4,5,4,3.31,0,0,FALSE
Female,Disloyal Customer,25,Business Travel,Eco,1399,2,2,2,4,4,2,4,4,3,2,3,1,4,2.85,29,17,FALSE
Male,Loyal Customer,27,Business Travel,Business,1558,4,4,4,4,5,5,5,5,3,4,4,4,5,4.31,0,0,TRUE
Male,Disloyal Customer,24,Business Travel,Eco,199,1,0,1,2,2,1,2,2,4,5,3,3,2,2.15,0,0,FALSE
Male,Loyal Customer,9,Personal Travel,Eco,150,2,1,0,3,4,0,4,4,1,5,4,3,4,2.69,0,0,FALSE
Male,Loyal Customer,22,Personal Travel,Eco,782,3,5,3,1,3,3,5,3,4,2,4,5,3,3.38,18,19,FALSE
Male,Loyal Customer,80,Business Travel,Business,3613,4,4,4,4,4,4,5,4,4,4,4,4,5,4.15,0,0,TRUE
Female,Loyal Customer,32,Personal Travel,Eco,602,2,5,2,1,2,2,2,2,4,2,4,5,2,2.69,56,71,FALSE
Female,Loyal Customer,36,Personal Travel,Eco,621,3,4,3,3,4,3,2,4,4,3,4,4,4,3.46,0,0,FALSE
Female,Disloyal Customer,24,Business Travel,Eco,680,4,4,4,1,3,4,3,3,4,1,4,1,3,3,0,0,TRUE
Female,Disloyal Customer,28,Business Travel,Eco,1167,2,2,2,4,2,2,2,2,2,4,1,2,2,2.23,0,0,FALSE
Male,Loyal Customer,36,Business Travel,Eco,292,1,4,2,4,1,1,1,1,4,5,3,2,1,2.31,0,0,FALSE
Male,Loyal Customer,40,Personal Travel,Eco,446,3,5,3,3,5,3,5,5,3,4,5,4,5,4.08,0,0,FALSE
Male,Loyal Customer,40,Business Travel,Eco,160,2,3,3,3,2,2,2,2,2,3,4,1,2,2.38,0,0,FALSE
Male,Loyal Customer,28,Business Travel,Business,3240,2,4,5,5,2,2,2,2,4,4,3,3,2,3.08,19,28,FALSE
Female,Loyal Customer,64,Personal Travel,Eco,838,4,4,4,2,5,4,5,4,4,4,4,3,5,4,0,0,TRUE
Female,Loyal Customer,55,Business Travel,Business,1846,1,1,1,1,2,3,4,4,4,5,4,3,3,2.77,13,0,TRUE
Female,Loyal Customer,12,Personal Travel,Eco,1009,2,4,2,5,5,2,5,5,5,5,4,3,5,4,0,0,FALSE
Male,Disloyal Customer,20,Business Travel,Eco,203,3,2,3,4,4,3,4,4,3,2,4,3,4,3.31,0,0,FALSE
Female,Loyal Customer,36,Business Travel,Eco,556,2,3,3,3,2,2,2,2,3,3,4,3,2,2.62,0,0,FALSE
Female,Loyal Customer,67,Personal Travel,Eco,592,3,3,3,4,1,3,3,2,2,3,2,2,1,2.46,63,55,FALSE
Female,Disloyal Customer,25,Business Travel,Eco,1188,2,2,2,3,4,2,4,4,4,1,4,2,4,2.92,38,21,FALSE
Male,Loyal Customer,41,Personal Travel,Eco,447,3,5,3,3,1,3,1,1,4,4,5,5,1,3,70,54,FALSE
Female,Disloyal Customer,10,Business Travel,Eco Plus,2588,1,0,1,1,1,5,5,2,4,4,2,5,5,2.77,0,0,FALSE
Female,Loyal Customer,55,Business Travel,Eco,371,5,1,1,1,2,1,5,5,5,5,5,5,5,3.54,14,5,TRUE
Female,Loyal Customer,53,Business Travel,Eco,2288,5,2,2,2,3,5,2,5,5,5,5,4,1,3.54,0,24,TRUE
Male,Loyal Customer,35,Business Travel,Business,451,4,1,1,1,2,3,3,4,4,4,4,2,4,2.85,0,0,FALSE
Female,Loyal Customer,55,Personal Travel,Eco,457,0,4,0,1,5,5,5,3,3,0,3,3,5,2.85,0,0,TRUE
Female,Loyal Customer,52,Business Travel,Business,603,2,2,2,2,2,4,4,5,5,5,5,4,3,3.46,0,0,TRUE
Female,Loyal Customer,27,Personal Travel,Eco,770,2,4,2,4,3,2,3,3,3,3,4,5,3,3.15,60,42,FALSE
Male,Loyal Customer,61,Personal Travel,Eco,557,1,5,1,3,5,1,4,5,1,4,1,3,5,3,0,21,FALSE
Male,Loyal Customer,45,Personal Travel,Eco,895,2,4,2,2,1,2,1,1,3,3,5,4,1,2.38,0,2,FALSE
Male,Loyal Customer,24,Business Travel,Eco,1242,0,5,0,4,5,0,5,5,4,2,2,4,5,3.15,92,87,TRUE
Male,Disloyal Customer,25,Business Travel,Eco,1066,4,3,3,2,4,3,4,4,3,4,4,3,4,3.46,16,2,TRUE
Female,Loyal Customer,52,Business Travel,Business,3354,5,5,5,5,2,4,4,4,4,4,4,4,3,4.08,10,0,TRUE
Male,Loyal Customer,27,Business Travel,Business,2238,4,1,1,1,4,4,4,4,4,2,3,3,4,3,98,83,FALSE
Female,Loyal Customer,14,Personal Travel,Eco,416,1,5,2,2,3,2,3,3,3,2,1,4,3,2.62,50,40,FALSE
Male,Disloyal Customer,20,Business Travel,Eco,239,2,1,2,3,3,2,3,3,2,4,3,3,3,2.62,0,0,FALSE
Male,Loyal Customer,29,Business Travel,Business,2208,2,3,3,3,2,2,2,2,2,2,3,2,2,2.31,0,10,FALSE
Female,Loyal Customer,7,Personal Travel,Eco,271,3,2,3,3,4,3,4,4,3,2,3,2,4,3.08,6,0,FALSE
Male,Loyal Customer,44,Personal Travel,Eco,109,3,4,3,4,3,3,3,3,3,3,4,2,3,3.15,0,5,FALSE
Male,Loyal Customer,67,Business Travel,Business,1650,3,4,4,4,5,1,1,3,3,2,3,4,3,3.08,47,38,FALSE
Female,Loyal Customer,25,Business Travel,Business,1805,3,2,2,2,3,3,3,3,1,1,3,2,3,2.38,3,7,FALSE
Female,Loyal Customer,54,Business Travel,Business,1171,3,3,3,3,5,5,4,3,3,4,3,5,4,3.69,0,10,TRUE
Male,Loyal Customer,62,Personal Travel,Eco,640,2,5,2,3,4,2,4,4,5,3,4,5,4,3.62,0,0,FALSE
Male,Disloyal Customer,23,Business Travel,Eco,460,1,1,1,3,2,1,4,2,4,4,3,2,2,2.31,9,0,FALSE
Female,Disloyal Customer,19,Business Travel,Eco,936,3,3,3,2,5,3,5,5,2,1,5,2,5,3.38,0,0,FALSE
Female,Loyal Customer,31,Business Travel,Business,588,2,2,2,2,5,5,5,5,2,2,5,5,5,3.62,0,0,TRUE
Female,Loyal Customer,28,Business Travel,Business,3952,1,1,1,1,4,4,4,4,4,1,3,3,4,2.69,0,0,TRUE
Male,Loyal Customer,51,Business Travel,Business,1626,2,2,2,2,3,4,5,5,5,5,5,4,4,3.69,0,0,TRUE
Male,Loyal Customer,56,Business Travel,Business,1848,4,4,4,4,4,2,5,4,4,4,4,3,1,3.62,0,0,TRUE
Female,Loyal Customer,50,Business Travel,Business,2340,2,2,2,2,5,5,5,4,4,4,4,4,5,3.69,0,0,TRUE
Female,Loyal Customer,54,Personal Travel,Eco,284,2,5,2,5,3,5,3,4,4,2,4,4,1,3.38,44,44,FALSE
Female,Disloyal Customer,22,Business Travel,Business,607,4,3,4,4,4,4,4,4,3,2,4,1,4,3.46,90,94,FALSE
Female,Loyal Customer,24,Business Travel,Business,2657,2,2,2,2,4,4,4,4,3,3,5,3,4,3.23,0,14,TRUE
Male,Loyal Customer,36,Business Travel,Business,3516,4,4,4,4,2,4,1,5,5,4,5,3,1,3.54,0,0,TRUE
Female,Loyal Customer,57,Business Travel,Eco,423,5,3,3,3,4,1,2,5,5,5,5,3,5,3.77,0,0,TRUE
Female,Disloyal Customer,21,Business Travel,Eco,351,3,0,3,1,5,3,5,5,4,2,4,3,5,3.31,0,0,FALSE
Male,Loyal Customer,23,Personal Travel,Eco,951,1,3,1,3,4,1,4,4,2,5,4,2,4,2.92,1,0,FALSE
Female,Loyal Customer,45,Business Travel,Business,1471,2,4,2,2,5,4,5,4,4,4,4,3,3,3.54,0,0,TRUE
Male,Loyal Customer,42,Personal Travel,Eco,604,1,1,1,3,4,1,4,4,1,3,4,3,4,2.62,0,0,FALSE
Female,Loyal Customer,39,Personal Travel,Eco Plus,306,5,4,5,2,3,5,3,3,4,5,4,4,3,3.85,0,0,TRUE
Male,Loyal Customer,36,Business Travel,Business,140,1,5,5,5,4,3,4,4,4,4,1,4,3,3.62,0,0,FALSE
Female,Loyal Customer,44,Business Travel,Business,2203,4,4,4,4,3,4,5,5,5,5,5,4,4,4.31,38,36,TRUE
Male,Loyal Customer,57,Business Travel,Business,2377,5,5,5,5,2,4,5,5,5,5,5,3,4,4.46,16,35,TRUE
Female,Disloyal Customer,39,Business Travel,Business,446,2,2,2,5,3,2,3,3,4,3,4,3,3,3,2,0,FALSE
Female,Loyal Customer,44,Business Travel,Business,493,2,2,5,2,5,5,5,4,2,5,5,5,5,4,100,132,TRUE
Male,Loyal Customer,54,Personal Travel,Eco,404,2,4,2,4,3,2,3,3,5,3,4,5,3,3.31,7,0,FALSE
Female,Loyal Customer,19,Personal Travel,Business,1825,4,4,4,4,5,4,5,5,4,4,3,5,5,4.31,0,0,FALSE
Female,Loyal Customer,52,Business Travel,Eco,954,2,5,5,5,1,5,2,2,2,2,2,5,4,3.23,0,0,TRUE
Male,Loyal Customer,48,Personal Travel,Eco,813,3,0,3,4,1,3,1,1,5,4,2,4,1,2.46,0,0,FALSE
Male,Loyal Customer,37,Personal Travel,Eco Plus,447,2,5,4,3,4,4,2,4,4,5,4,3,4,3.69,0,0,FALSE
Female,Loyal Customer,33,Business Travel,Business,650,1,1,1,1,2,4,5,4,4,4,4,4,3,2.92,0,0,TRUE
Female,Disloyal Customer,8,Business Travel,Eco,1155,1,1,1,4,3,1,3,3,1,4,4,5,3,2.62,0,0,FALSE
Male,Loyal Customer,46,Business Travel,Business,3060,4,4,4,4,5,5,4,4,4,4,4,4,4,4.15,0,0,TRUE
Male,Disloyal Customer,35,Business Travel,Eco Plus,414,1,2,2,3,1,2,1,1,2,4,3,3,1,2,13,11,FALSE
Male,Disloyal Customer,24,Business Travel,Eco,467,1,4,1,4,2,1,2,2,4,1,3,1,2,2.15,0,1,FALSE
Female,Loyal Customer,33,Business Travel,Business,3070,5,5,5,5,5,5,5,5,5,5,5,3,4,4.77,0,0,TRUE
Male,Loyal Customer,35,Business Travel,Business,414,3,3,3,3,2,4,4,2,2,2,2,5,5,3.08,0,0,TRUE
Male,Loyal Customer,28,Personal Travel,Eco,2153,3,4,3,4,1,3,1,1,4,3,4,5,1,2.85,0,0,FALSE
Female,Disloyal Customer,25,Business Travel,Business,1440,4,4,4,2,1,4,1,1,3,3,4,4,1,2.77,0,0,FALSE
Female,Loyal Customer,17,Personal Travel,Eco,139,1,0,1,3,3,1,3,3,3,3,4,4,3,2.46,0,0,FALSE
Female,Loyal Customer,38,Business Travel,Business,3157,3,2,5,2,1,3,3,3,3,3,3,2,3,2.77,0,13,FALSE
Female,Loyal Customer,70,Business Travel,Eco,134,3,1,1,1,2,3,3,3,3,3,3,2,4,2.46,15,19,FALSE
Female,Disloyal Customer,42,Business Travel,Eco,846,3,3,3,2,4,3,4,4,5,3,1,3,4,3.23,8,13,FALSE
Male,Disloyal Customer,25,Business Travel,Eco,874,2,2,2,4,3,2,3,3,4,1,1,2,3,2.46,47,42,FALSE
Male,Loyal Customer,58,Personal Travel,Eco,280,2,4,2,3,1,2,1,1,4,1,4,4,1,2.31,0,20,FALSE
Female,Loyal Customer,17,Business Travel,Eco Plus,605,5,4,4,4,5,5,5,5,4,2,5,2,5,4.23,0,2,TRUE
Female,Loyal Customer,41,Business Travel,Business,590,3,3,5,3,4,5,4,2,2,2,2,3,3,3.15,0,0,TRUE
Female,Loyal Customer,61,Business Travel,Business,592,2,5,5,5,2,2,1,2,2,2,2,2,1,2.54,15,5,FALSE
Female,Loyal Customer,56,Personal Travel,Eco Plus,319,4,5,4,1,4,3,3,4,2,4,4,3,3,3.38,137,151,FALSE
Male,Loyal Customer,49,Business Travel,Business,3503,5,5,5,5,4,5,4,5,5,4,5,4,4,4.62,0,0,TRUE
Male,Disloyal Customer,37,Business Travel,Eco,404,4,4,4,3,1,4,1,1,3,4,4,3,1,2.85,0,0,FALSE
Male,Loyal Customer,67,Personal Travel,Eco Plus,773,3,5,3,2,4,3,4,4,5,4,5,5,4,3.92,1,0,FALSE
Female,Loyal Customer,54,Business Travel,Business,1754,4,4,4,4,4,4,5,5,5,5,5,3,3,4.23,18,0,TRUE
Male,Loyal Customer,52,Personal Travel,Eco,338,2,5,2,1,5,2,4,5,3,4,4,4,5,3.54,0,0,FALSE
Female,Loyal Customer,20,Business Travel,Business,3577,4,2,2,2,4,4,4,4,1,4,1,1,4,2.85,0,5,FALSE
Male,Loyal Customer,49,Business Travel,Business,1444,3,3,3,3,5,5,4,4,4,4,4,5,4,3.92,6,2,TRUE
Male,Loyal Customer,46,Business Travel,Eco,983,3,3,3,3,3,3,3,3,3,4,4,4,3,3.23,0,1,FALSE
Female,Loyal Customer,36,Business Travel,Business,1440,4,4,4,4,4,4,4,2,2,2,2,3,4,3.31,0,0,TRUE
Male,Loyal Customer,40,Business Travel,Business,3888,2,4,4,4,4,3,4,2,2,2,2,2,2,2.85,0,21,FALSE
Female,Loyal Customer,39,Business Travel,Business,2595,2,2,2,2,3,1,2,4,4,4,4,4,3,2.85,0,29,TRUE
Male,Loyal Customer,51,Personal Travel,Eco,329,2,4,2,5,3,2,3,3,4,4,5,1,3,3.15,1,13,FALSE
Female,Loyal Customer,14,Personal Travel,Eco,954,2,5,2,3,4,2,4,4,2,1,2,2,4,2.85,39,28,FALSE
Male,Loyal Customer,35,Business Travel,Business,2669,2,2,2,2,5,2,3,4,4,4,4,2,5,3.15,7,2,TRUE
Female,Disloyal Customer,40,Business Travel,Business,227,3,2,2,4,2,2,1,2,3,4,4,3,2,2.62,22,22,FALSE
Female,Loyal Customer,54,Business Travel,Business,3213,1,1,1,1,5,5,4,4,4,4,4,3,5,3.23,0,6,TRUE
Male,Loyal Customer,64,Personal Travel,Eco,737,2,1,2,3,3,2,3,3,3,3,3,3,3,2.62,0,0,FALSE
Female,Loyal Customer,53,Business Travel,Business,373,3,3,1,3,2,4,5,4,4,4,4,5,5,3.62,0,1,TRUE
Female,Loyal Customer,38,Personal Travel,Eco,239,2,5,0,1,2,0,2,2,3,4,1,5,2,2.23,0,0,FALSE
Male,Loyal Customer,29,Business Travel,Business,3135,2,4,2,2,4,4,4,4,3,2,5,3,4,3.31,9,0,TRUE
Female,Disloyal Customer,34,Business Travel,Business,879,2,2,2,1,3,2,4,3,5,4,5,3,3,3,0,0,FALSE
Male,Loyal Customer,40,Business Travel,Business,2420,2,4,4,4,3,4,4,2,2,2,2,1,4,2.92,0,3,FALSE
Male,Loyal Customer,48,Business Travel,Business,3843,2,2,2,2,4,4,4,5,5,5,5,4,5,3.77,6,0,TRUE
Female,Loyal Customer,40,Personal Travel,Eco Plus,577,2,5,2,4,1,2,1,1,3,5,4,3,1,2.62,0,0,FALSE
Male,Disloyal Customer,34,Business Travel,Business,462,1,1,1,1,5,1,3,5,5,3,5,5,5,3.15,0,0,FALSE
Male,Loyal Customer,42,Business Travel,Business,3372,5,4,5,5,3,4,5,4,4,4,4,4,5,4.31,0,0,TRUE
Female,Loyal Customer,13,Personal Travel,Eco,270,3,0,3,5,3,3,3,3,5,5,4,5,3,3.46,0,8,FALSE
Female,Loyal Customer,17,Personal Travel,Eco,1773,1,3,1,4,5,1,5,5,1,5,4,1,5,3.15,0,34,FALSE
Female,Loyal Customer,38,Business Travel,Business,1588,4,1,1,1,2,4,4,4,4,4,4,3,4,3.08,17,12,FALSE
Male,Loyal Customer,31,Personal Travel,Eco,1874,3,4,3,2,5,3,1,5,3,3,1,4,5,3.23,30,29,FALSE
Male,Loyal Customer,37,Business Travel,Business,1400,1,4,4,4,1,4,4,1,1,1,1,4,2,2.46,9,0,FALSE
Female,Disloyal Customer,75,Business Travel,Eco,349,3,0,3,1,4,3,4,4,4,5,5,4,4,3.38,0,0,FALSE
Female,Loyal Customer,40,Business Travel,Business,3620,5,5,5,5,2,5,5,4,4,4,4,5,3,4.31,0,0,TRUE
Female,Loyal Customer,67,Personal Travel,Eco,1440,1,4,1,3,5,4,4,5,5,1,5,5,4,3.62,1,3,FALSE
Female,Loyal Customer,57,Business Travel,Eco,206,3,1,1,1,3,3,3,2,3,4,4,3,3,2.62,57,138,FALSE
Male,Disloyal Customer,24,Business Travel,Eco,1130,4,4,4,1,4,3,3,5,4,4,5,3,3,3.62,0,7,TRUE
Female,Loyal Customer,55,Business Travel,Business,2935,1,3,1,1,2,5,5,2,2,2,2,4,4,2.62,0,0,TRUE
Male,Loyal Customer,68,Personal Travel,Eco,532,3,5,2,1,1,2,1,1,4,3,5,5,1,2.62,0,0,FALSE
Male,Loyal Customer,51,Personal Travel,Eco,679,1,4,1,3,3,1,3,3,4,4,4,3,3,2.85,0,12,FALSE
Male,Disloyal Customer,24,Business Travel,Eco,651,2,2,2,4,3,2,3,3,3,3,4,1,3,2.69,22,42,FALSE
Female,Loyal Customer,56,Business Travel,Business,209,4,4,4,4,4,4,5,4,4,4,5,4,4,4.15,0,0,TRUE
Male,Loyal Customer,55,Business Travel,Business,787,5,5,5,5,5,4,5,5,5,5,5,3,4,4.69,24,21,TRUE
Female,Loyal Customer,40,Personal Travel,Eco,412,2,5,2,2,5,2,5,5,3,5,5,5,5,3.92,15,16,FALSE
Male,Loyal Customer,60,Personal Travel,Eco,258,2,1,2,3,1,2,1,1,2,3,3,2,1,1.85,0,0,FALSE
Female,Loyal Customer,48,Personal Travel,Eco,594,4,2,4,4,4,3,3,1,1,4,1,2,4,2.85,0,0,FALSE
Female,Loyal Customer,13,Personal Travel,Eco,996,1,5,1,3,2,1,2,2,3,3,5,4,2,2.62,0,0,FALSE
Female,Loyal Customer,52,Business Travel,Eco,368,5,3,3,3,4,4,2,5,5,5,5,4,1,3.77,0,0,TRUE
Female,Disloyal Customer,36,Business Travel,Eco Plus,605,3,3,3,3,3,3,3,3,1,4,4,4,3,3.08,22,16,FALSE
Male,Loyal Customer,52,Personal Travel,Eco,712,5,4,5,4,1,5,1,1,1,4,2,5,1,3,0,0,TRUE
Female,Loyal Customer,65,Business Travel,Business,867,3,2,2,2,1,4,3,3,3,3,3,2,2,2.54,7,24,FALSE
Female,Loyal Customer,70,Personal Travel,Eco,306,2,4,2,5,1,3,1,1,1,2,1,3,5,2.38,5,0,FALSE
Male,Loyal Customer,41,Personal Travel,Eco,193,2,4,2,3,2,2,2,2,4,3,4,5,2,2.85,0,0,FALSE
Male,Loyal Customer,27,Business Travel,Eco Plus,580,4,5,5,5,4,4,4,4,3,3,3,3,4,3.92,12,1,TRUE
Male,Loyal Customer,25,Business Travel,Eco,460,3,4,4,4,3,3,2,3,3,5,3,4,3,3.38,7,0,FALSE
Female,Loyal Customer,35,Business Travel,Business,2588,3,2,2,2,3,3,3,3,4,3,2,3,3,2.77,1,1,FALSE
Female,Loyal Customer,58,Personal Travel,Eco,189,2,4,2,3,3,4,4,2,2,2,2,1,2,2.54,0,0,FALSE
Female,Loyal Customer,28,Business Travel,Business,1990,3,3,3,3,4,4,4,4,5,3,4,4,4,3.69,0,0,TRUE
Male,Loyal Customer,17,Business Travel,Business,896,1,1,1,1,4,4,4,4,3,2,4,4,4,2.85,0,2,TRUE
Male,Loyal Customer,56,Business Travel,Business,1903,0,0,0,1,4,4,4,1,1,1,1,4,5,2,0,0,TRUE
Male,Loyal Customer,33,Personal Travel,Eco,134,1,4,1,4,4,1,3,4,2,3,4,2,4,2.85,1,0,FALSE
Female,Loyal Customer,50,Personal Travel,Eco Plus,528,2,1,2,2,5,2,2,3,3,2,3,1,4,2.46,0,0,FALSE
Female,Disloyal Customer,23,Business Travel,Eco,468,3,3,3,3,4,3,4,4,2,2,4,1,4,3.08,37,35,FALSE
Male,Disloyal Customer,24,Business Travel,Eco,674,4,4,4,3,5,4,5,5,4,2,1,3,5,3.77,21,5,FALSE
Female,Loyal Customer,26,Personal Travel,Eco,1303,2,5,2,3,5,2,5,5,3,3,5,3,5,3.69,0,0,FALSE
Female,Loyal Customer,8,Personal Travel,Eco,631,2,1,2,4,3,2,3,3,1,4,4,1,3,2.54,3,1,FALSE
Female,Loyal Customer,28,Business Travel,Business,522,2,3,3,3,2,2,2,2,3,1,3,2,2,2.31,0,3,FALSE
Female,Disloyal Customer,22,Business Travel,Business,190,5,0,5,4,3,5,1,3,4,4,4,4,3,3.46,0,0,TRUE
Male,Loyal Customer,35,Personal Travel,Eco,672,2,2,2,2,2,2,2,2,2,3,2,3,2,2.15,0,6,FALSE
Female,Loyal Customer,40,Business Travel,Business,337,5,5,5,5,4,4,5,5,5,5,5,5,4,4.77,13,6,TRUE
Female,Loyal Customer,54,Personal Travel,Eco,484,4,0,4,4,5,4,5,4,4,4,5,3,4,3.85,0,0,TRUE
Male,Loyal Customer,39,Business Travel,Business,1448,2,1,1,1,4,2,3,2,2,2,2,1,2,1.92,5,0,FALSE
Male,Disloyal Customer,39,Business Travel,Business,2133,5,5,5,5,2,5,2,2,4,5,4,5,2,3.92,0,0,TRUE
Male,Loyal Customer,35,Business Travel,Eco,776,4,3,3,3,4,4,4,4,4,4,1,2,4,3.38,5,2,TRUE
Female,Loyal Customer,26,Personal Travel,Eco,201,1,4,1,5,4,1,4,4,5,3,2,2,4,3.08,17,11,FALSE
Female,Disloyal Customer,20,Business Travel,Eco Plus,507,2,1,2,4,2,4,4,2,2,3,4,4,4,2.92,177,184,FALSE
Female,Loyal Customer,44,Business Travel,Business,1560,1,1,3,1,2,4,4,5,5,5,5,5,4,3.46,0,0,TRUE
Male,Loyal Customer,68,Personal Travel,Eco,2586,2,4,2,2,2,4,4,5,3,3,4,4,4,3.31,0,0,FALSE
Female,Loyal Customer,54,Business Travel,Eco,936,2,5,5,5,5,3,3,2,2,2,2,2,2,3.08,8,0,FALSE
Male,Loyal Customer,28,Business Travel,Business,581,2,2,2,2,2,2,2,2,5,3,4,5,2,2.69,18,7,TRUE
Female,Loyal Customer,58,Business Travel,Business,1804,3,3,3,3,3,4,4,2,2,2,2,3,5,3,0,0,TRUE
Male,Loyal Customer,57,Business Travel,Business,3593,2,2,2,2,2,4,5,5,5,5,5,5,5,3.77,0,0,TRUE
Female,Loyal Customer,64,Personal Travel,Eco,173,3,4,3,1,4,3,5,1,1,3,1,4,5,2.92,26,17,FALSE
Female,Loyal Customer,33,Personal Travel,Eco,1587,4,5,4,4,3,4,2,3,5,4,3,4,3,3.69,0,0,TRUE
Male,Loyal Customer,57,Business Travel,Business,1990,3,3,3,3,2,4,5,1,1,2,1,5,4,2.85,30,49,TRUE
Male,Loyal Customer,39,Business Travel,Business,2165,1,1,1,1,3,4,4,4,4,4,4,3,5,3,0,0,TRUE
Female,Loyal Customer,30,Personal Travel,Eco,405,3,4,2,1,4,2,4,4,3,3,5,3,4,3.23,20,17,FALSE
Male,Loyal Customer,19,Personal Travel,Eco,1587,3,4,3,1,4,3,4,4,3,2,5,5,4,3.46,0,0,FALSE
Male,Loyal Customer,14,Personal Travel,Eco,177,3,1,3,3,2,3,2,2,2,5,3,2,2,2.54,22,19,FALSE
Female,Loyal Customer,39,Personal Travel,Eco,290,2,4,2,2,2,2,2,2,5,2,4,4,2,2.69,0,0,FALSE
Male,Loyal Customer,52,Business Travel,Business,1389,5,5,4,5,5,5,5,5,5,5,5,4,4,4.77,25,5,TRUE
Male,Disloyal Customer,77,Business Travel,Eco,448,3,3,3,4,2,3,2,2,4,1,3,3,2,2.69,0,0,FALSE
Male,Loyal Customer,69,Personal Travel,Eco,447,3,4,3,1,3,3,3,3,4,2,3,5,3,3.08,0,4,FALSE
Male,Loyal Customer,47,Business Travel,Eco,157,2,3,3,3,2,2,2,2,5,4,1,1,2,2.46,1,0,TRUE
Female,Disloyal Customer,38,Business Travel,Eco,937,2,2,2,3,4,2,4,4,4,4,2,2,4,3,6,30,FALSE
Male,Loyal Customer,40,Business Travel,Business,3117,1,1,1,1,4,4,3,1,1,1,1,2,1,1.69,2,0,FALSE
Female,Loyal Customer,11,Personal Travel,Eco,239,4,2,4,3,5,4,5,5,1,1,4,4,5,3.62,22,18,FALSE
Male,Loyal Customer,26,Business Travel,Business,3161,4,4,4,4,5,5,5,5,5,4,4,5,5,4.54,0,0,TRUE
Male,Disloyal Customer,25,Business Travel,Eco,174,1,4,1,1,1,1,1,1,1,3,1,1,1,1.38,59,60,FALSE
Male,Loyal Customer,31,Personal Travel,Eco,1218,3,4,3,5,3,3,3,3,4,2,5,5,3,3.54,0,0,FALSE
Male,Loyal Customer,38,Business Travel,Business,2519,4,4,4,4,5,5,4,5,5,5,5,3,5,4.46,0,21,TRUE
Male,Loyal Customer,42,Business Travel,Eco,599,3,5,5,5,3,3,3,3,2,1,4,1,3,3.15,0,0,FALSE
Male,Loyal Customer,27,Business Travel,Business,937,1,3,3,3,1,1,1,1,3,3,4,2,1,2.08,55,38,FALSE
Male,Disloyal Customer,23,Business Travel,Eco,1346,3,3,3,2,3,3,3,3,5,4,4,5,3,3.38,1,0,FALSE
Female,Loyal Customer,37,Business Travel,Business,163,3,3,3,3,4,2,2,4,4,4,4,4,5,3.46,0,0,TRUE
Male,Loyal Customer,55,Business Travel,Eco,1010,2,2,2,2,2,2,2,2,4,2,2,3,2,2.23,50,53,FALSE
Male,Loyal Customer,49,Personal Travel,Eco Plus,404,3,4,3,4,3,3,3,3,4,1,3,3,3,3.08,0,0,FALSE
Male,Loyal Customer,49,Business Travel,Eco Plus,592,4,4,2,4,4,4,4,4,2,4,2,2,4,3.38,5,7,TRUE
Female,Loyal Customer,39,Business Travel,Business,1874,1,1,1,1,4,5,2,5,5,5,5,4,3,3.23,41,26,TRUE
Female,Loyal Customer,13,Personal Travel,Eco,2039,3,5,3,4,5,3,5,5,4,3,4,5,5,4.15,7,0,FALSE
Male,Loyal Customer,23,Business Travel,Business,1464,3,3,3,3,3,4,3,3,5,5,5,4,3,3.62,18,0,TRUE
Female,Disloyal Customer,32,Business Travel,Business,235,3,3,3,4,2,3,3,2,5,4,4,4,2,3.23,11,79,FALSE
Female,Loyal Customer,38,Business Travel,Business,1449,4,4,4,4,2,5,5,5,5,5,5,3,4,4.23,30,9,TRUE
Female,Disloyal Customer,40,Business Travel,Business,371,4,4,4,2,1,4,1,1,4,2,4,4,1,2.77,1,0,TRUE
Female,Loyal Customer,14,Personal Travel,Eco,587,2,5,2,3,5,2,5,5,5,3,5,4,5,3.92,4,6,FALSE
Male,Loyal Customer,57,Business Travel,Eco,1010,4,4,4,4,4,4,4,4,3,2,4,1,4,3.54,0,0,FALSE
Female,Loyal Customer,56,Personal Travel,Eco,528,2,5,2,5,5,4,4,3,3,2,3,4,3,3.46,102,109,FALSE
Female,Loyal Customer,50,Business Travel,Business,3761,2,2,2,2,5,4,4,5,5,5,5,5,4,3.85,0,21,TRUE
Male,Loyal Customer,40,Business Travel,Eco,770,3,3,3,3,3,2,3,3,1,1,4,1,3,2.54,29,49,FALSE
Male,Loyal Customer,62,Personal Travel,Eco,539,2,5,2,2,3,2,3,3,5,2,5,3,3,3.08,0,0,FALSE
Female,Loyal Customer,43,Business Travel,Eco,544,5,2,2,2,3,1,5,5,5,5,5,5,5,3.85,0,0,TRUE
Female,Loyal Customer,23,Business Travel,Business,3530,3,5,5,5,3,3,3,3,4,3,4,3,3,3.62,0,7,FALSE
Male,Loyal Customer,35,Personal Travel,Eco,740,3,4,3,4,3,3,3,3,1,4,4,1,3,3,0,0,FALSE
Female,Loyal Customer,44,Business Travel,Business,980,2,4,4,4,1,4,4,2,2,2,2,2,3,2.77,0,0,FALSE
Male,Loyal Customer,32,Personal Travel,Eco,393,1,5,1,4,5,1,5,5,1,5,5,4,5,3.62,35,32,FALSE
Male,Loyal Customer,15,Personal Travel,Eco,695,3,4,3,3,3,3,3,3,5,3,5,5,3,3.54,0,9,FALSE
Female,Loyal Customer,31,Personal Travel,Eco,134,3,0,0,4,2,0,2,2,3,3,1,2,2,1.85,0,0,FALSE
Male,Loyal Customer,41,Business Travel,Business,2231,1,1,1,1,4,4,2,4,4,4,4,1,2,2.54,5,1,TRUE
Male,Loyal Customer,17,Personal Travel,Eco,1754,1,3,1,2,4,1,4,4,4,3,2,1,4,2.62,64,85,FALSE
Female,Disloyal Customer,30,Business Travel,Eco Plus,446,1,1,1,4,2,1,2,2,2,2,3,3,2,2,71,78,FALSE
Female,Loyal Customer,39,Business Travel,Eco,228,3,2,2,2,3,3,3,3,2,3,4,4,3,2.85,22,43,FALSE
Female,Loyal Customer,46,Business Travel,Business,3736,4,4,4,4,3,2,1,5,5,5,5,2,4,3.69,0,0,TRUE
Female,Loyal Customer,22,Personal Travel,Eco,689,4,3,4,4,4,4,2,4,3,3,3,3,4,3.46,0,5,FALSE
Female,Loyal Customer,39,Business Travel,Business,116,4,1,1,1,1,3,3,3,3,3,4,1,3,2.38,0,0,FALSE
Female,Loyal Customer,43,Personal Travel,Eco,163,2,5,2,2,2,4,5,3,3,2,3,4,3,3.08,0,0,FALSE
Female,Loyal Customer,41,Business Travel,Business,2433,2,2,2,2,2,5,5,3,3,4,3,3,3,3,0,0,TRUE
Female,Loyal Customer,48,Business Travel,Business,1718,4,4,4,4,4,5,4,4,4,4,4,5,5,4.23,0,0,TRUE
Female,Loyal Customer,10,Personal Travel,Eco Plus,1192,2,4,2,1,5,2,5,5,4,5,4,3,5,3.62,6,17,FALSE
Female,Loyal Customer,60,Business Travel,Business,2253,2,2,2,2,3,3,4,4,4,4,4,4,4,3.23,1,0,TRUE
Male,Loyal Customer,44,Personal Travel,Business,862,2,5,2,3,2,4,4,3,3,2,3,3,5,3.15,9,0,FALSE
Male,Loyal Customer,60,Business Travel,Business,397,3,3,3,3,5,5,4,5,5,5,5,4,4,4.15,29,22,TRUE
Female,Loyal Customer,60,Personal Travel,Eco,628,2,5,2,4,3,5,4,3,3,2,3,5,4,3.46,7,6,FALSE
Female,Disloyal Customer,47,Business Travel,Business,446,3,3,3,5,4,3,4,4,4,3,5,3,4,3.69,14,6,FALSE
Male,Loyal Customer,24,Business Travel,Business,3428,3,3,3,3,5,5,5,5,5,4,4,3,5,4.08,0,0,TRUE
Female,Loyal Customer,28,Business Travel,Business,2568,1,1,1,1,4,4,4,4,2,5,5,3,4,3,0,0,TRUE
Female,Loyal Customer,30,Personal Travel,Eco Plus,888,3,5,3,4,2,3,5,2,3,5,4,4,2,3.46,10,0,FALSE
Female,Disloyal Customer,23,Business Travel,Eco,509,4,4,4,4,5,4,5,5,4,5,3,3,5,4.23,41,29,FALSE
Female,Loyal Customer,49,Business Travel,Business,2288,1,1,1,1,2,5,5,5,5,5,5,3,3,3.23,0,21,TRUE
Female,Loyal Customer,34,Business Travel,Eco Plus,1235,2,3,3,3,2,2,2,2,1,3,3,2,2,2.31,1,9,FALSE
Male,Loyal Customer,61,Personal Travel,Eco,109,2,5,2,3,4,2,4,4,4,1,4,4,4,3.31,11,9,FALSE
Male,Loyal Customer,37,Business Travel,Eco Plus,109,4,5,5,5,4,4,4,4,2,2,5,3,4,3.92,0,0,TRUE
Female,Loyal Customer,52,Business Travel,Business,3213,3,3,3,3,4,5,4,5,5,5,5,3,5,4.08,0,0,TRUE
Male,Disloyal Customer,39,Business Travel,Eco,191,1,4,1,4,3,1,3,3,5,4,5,4,3,3.15,0,31,FALSE
Female,Loyal Customer,35,Personal Travel,Eco,1069,3,1,3,4,4,3,1,4,4,1,3,2,4,2.85,4,0,FALSE
Female,Disloyal Customer,29,Business Travel,Eco,920,3,3,3,4,5,3,5,5,1,2,4,1,5,3.38,12,3,FALSE
Female,Loyal Customer,54,Business Travel,Business,2118,3,3,2,3,2,5,5,4,4,4,4,5,4,3.69,29,30,TRUE
Female,Loyal Customer,51,Business Travel,Business,304,2,2,2,2,4,4,5,5,5,4,5,4,3,3.62,0,0,TRUE
Female,Loyal Customer,25,Business Travel,Business,3380,1,1,1,1,5,5,5,5,3,4,5,4,5,3.46,2,3,TRUE
Male,Disloyal Customer,27,Business Travel,Eco,1483,2,2,2,2,1,2,1,1,3,5,4,2,1,2.15,10,0,FALSE
Female,Loyal Customer,42,Personal Travel,Eco,1892,4,5,4,2,2,1,5,2,2,4,2,4,2,3,0,0,TRUE
Male,Loyal Customer,29,Business Travel,Business,719,2,2,2,2,2,2,2,1,1,3,3,2,2,2,129,158,FALSE
Female,Loyal Customer,60,Business Travel,Business,2092,4,4,4,4,2,4,4,4,4,4,4,5,4,3.92,0,0,TRUE
Male,Loyal Customer,47,Business Travel,Eco Plus,641,1,5,5,5,1,1,1,1,3,3,4,1,1,2.46,0,0,FALSE
Female,Loyal Customer,34,Business Travel,Business,459,4,4,2,4,2,4,4,5,5,5,5,5,4,4.08,0,0,TRUE
Female,Loyal Customer,66,Personal Travel,Eco,364,3,1,4,1,3,2,2,3,3,4,3,3,2,2.62,15,15,FALSE
Male,Loyal Customer,53,Personal Travel,Eco,725,2,2,2,3,1,2,1,1,2,3,4,4,1,2.15,0,4,FALSE
Male,Loyal Customer,58,Business Travel,Eco,588,4,5,5,5,4,4,4,4,4,5,4,5,4,4.38,4,0,TRUE
Female,Loyal Customer,42,Business Travel,Eco,946,3,4,2,2,4,3,3,3,3,3,3,1,3,2.85,0,0,FALSE
Male,Loyal Customer,42,Personal Travel,Eco Plus,472,3,2,3,3,2,3,2,2,4,4,3,1,2,2.62,39,43,FALSE
Female,Loyal Customer,41,Business Travel,Eco,163,1,4,5,4,1,1,1,1,3,4,4,3,1,2.54,12,12,FALSE
Female,Disloyal Customer,17,Business Travel,Eco,967,2,2,2,3,5,2,5,5,5,1,4,3,5,3.38,0,0,FALSE
Male,Loyal Customer,37,Business Travel,Eco Plus,468,5,1,1,1,5,5,5,5,2,3,3,3,5,3.38,0,0,TRUE
Male,Loyal Customer,9,Personal Travel,Eco,356,4,5,4,1,4,4,4,4,3,2,5,3,4,3.62,0,0,FALSE
Male,Loyal Customer,33,Business Travel,Business,383,4,1,1,1,4,4,4,4,4,5,3,4,4,3.31,49,23,FALSE
Female,Loyal Customer,68,Personal Travel,Eco,1744,2,5,3,4,4,5,4,5,5,3,5,4,3,4,0,0,FALSE
Female,Loyal Customer,50,Business Travel,Business,1852,5,5,5,5,2,4,4,4,4,4,4,5,3,4.15,0,7,TRUE
Female,Loyal Customer,24,Personal Travel,Eco,184,5,4,5,4,1,5,1,1,3,3,4,3,1,3.08,0,0,TRUE
Male,Loyal Customer,38,Business Travel,Eco Plus,714,5,4,4,4,5,5,5,5,1,4,5,5,5,4.38,45,21,TRUE
Male,Loyal Customer,40,Personal Travel,Eco Plus,345,4,5,4,4,5,4,2,5,3,5,4,5,5,4.23,19,11,FALSE
Female,Loyal Customer,40,Business Travel,Business,3093,2,1,2,2,5,4,5,4,4,4,4,5,4,3.54,0,0,TRUE
Male,Loyal Customer,28,Personal Travel,Eco Plus,325,2,4,4,3,4,4,4,4,3,2,2,3,4,3.31,1,0,FALSE
Female,Loyal Customer,62,Business Travel,Eco,1237,3,4,4,4,5,2,3,3,3,3,3,2,4,3.31,18,0,FALSE
Male,Loyal Customer,45,Business Travel,Business,950,1,1,1,1,3,4,5,3,3,3,3,3,3,2.62,0,0,TRUE
Male,Loyal Customer,68,Personal Travel,Eco,370,4,1,4,2,2,4,2,2,3,5,3,3,2,2.85,21,18,TRUE
Male,Loyal Customer,37,Business Travel,Business,1737,3,3,1,3,4,3,4,2,2,2,2,2,1,2.46,0,0,TRUE
Female,Loyal Customer,58,Business Travel,Business,2069,0,4,0,1,3,5,5,2,2,4,4,4,4,2.92,0,0,TRUE
Male,Loyal Customer,45,Business Travel,Business,213,2,2,2,2,3,4,4,4,4,4,5,3,5,3.38,0,0,TRUE
Male,Loyal Customer,50,Business Travel,Business,2085,2,2,2,2,5,4,4,5,5,5,4,5,1,3.54,63,65,TRUE
Female,Loyal Customer,58,Business Travel,Business,226,4,4,4,4,4,4,5,5,5,5,5,4,4,4.38,0,0,TRUE
Female,Disloyal Customer,24,Business Travel,Eco,192,1,1,1,4,1,5,5,1,3,3,4,5,5,3,160,175,FALSE
Male,Loyal Customer,27,Personal Travel,Eco Plus,928,3,4,3,1,5,3,2,5,3,2,4,5,5,3.46,21,24,FALSE
Male,Loyal Customer,55,Business Travel,Business,500,3,3,3,3,4,5,4,4,4,4,4,5,4,3.85,0,0,TRUE
Male,Loyal Customer,63,Personal Travel,Eco,594,3,2,3,4,5,3,5,5,4,3,4,2,5,3.69,13,3,FALSE
Male,Loyal Customer,63,Personal Travel,Eco Plus,328,3,1,3,4,1,3,1,1,3,1,4,3,1,2.23,0,0,FALSE
Female,Disloyal Customer,61,Business Travel,Business,214,1,1,1,5,4,1,4,4,5,2,5,4,4,3.15,0,0,FALSE
Female,Loyal Customer,57,Personal Travel,Eco,436,4,2,4,3,3,3,3,5,5,4,5,2,4,3.62,1,4,FALSE
Male,Loyal Customer,18,Business Travel,Business,3926,5,5,5,5,3,3,3,3,5,3,1,5,3,3.77,0,0,TRUE
Female,Disloyal Customer,9,Business Travel,Eco,639,1,3,1,4,1,1,1,1,4,4,3,4,1,2.23,1,0,FALSE
Female,Loyal Customer,41,Personal Travel,Eco,1576,3,3,3,3,1,3,1,1,4,4,2,3,1,2.46,0,0,FALSE
Male,Loyal Customer,46,Personal Travel,Eco,236,2,4,2,4,1,2,1,1,5,5,4,5,1,2.85,0,1,FALSE
Female,Loyal Customer,67,Personal Travel,Eco,1744,2,5,1,2,4,3,4,4,4,1,4,3,4,3.15,0,0,FALSE
Male,Disloyal Customer,23,Business Travel,Business,236,4,5,4,4,1,4,1,1,3,5,5,5,1,3.31,0,0,TRUE
Male,Loyal Customer,69,Personal Travel,Eco,762,2,4,2,4,1,2,1,1,3,3,3,1,1,2.15,22,27,FALSE
Female,Loyal Customer,8,Personal Travel,Eco Plus,285,3,4,3,4,1,3,1,1,4,1,4,3,1,2.54,0,0,FALSE
Male,Loyal Customer,15,Personal Travel,Eco,374,3,0,3,3,4,3,1,4,1,2,5,2,4,2.69,0,0,FALSE
Female,Loyal Customer,62,Personal Travel,Eco,402,1,5,1,2,2,4,5,5,5,1,5,3,4,3.31,34,17,FALSE
Male,Loyal Customer,24,Personal Travel,Eco,251,3,3,3,1,3,3,3,3,1,4,3,3,3,2.77,12,7,FALSE
Male,Loyal Customer,22,Personal Travel,Eco,280,3,5,5,3,3,5,3,3,3,5,5,3,3,3.77,3,0,FALSE
Female,Disloyal Customer,40,Business Travel,Business,1892,4,4,4,1,4,4,3,4,4,2,4,4,4,3.54,4,0,FALSE
Female,Disloyal Customer,37,Business Travel,Business,337,3,3,3,3,2,3,2,2,4,3,4,3,2,2.85,0,0,FALSE
Female,Disloyal Customer,21,Business Travel,Eco,1091,5,5,5,3,2,5,2,2,5,3,4,5,2,3.69,5,0,TRUE
Male,Loyal Customer,49,Business Travel,Business,372,1,1,5,1,5,5,4,5,5,5,5,5,5,4,12,8,TRUE
Male,Loyal Customer,36,Business Travel,Eco,294,3,1,1,1,3,3,3,3,2,3,3,3,3,2.46,0,0,FALSE
Female,Loyal Customer,34,Business Travel,Business,1546,4,4,4,4,3,4,4,5,5,5,5,4,4,4.23,41,48,TRUE
Female,Loyal Customer,54,Personal Travel,Eco,936,4,5,4,1,3,4,4,3,3,4,4,3,5,3.62,58,42,TRUE
Female,Loyal Customer,52,Business Travel,Business,3849,3,2,2,2,3,3,3,3,3,2,3,4,4,2.85,34,23,FALSE
Female,Loyal Customer,44,Business Travel,Business,2867,3,4,4,4,2,3,4,3,3,3,3,4,3,3.31,40,56,FALSE
Male,Disloyal Customer,49,Business Travel,Business,666,2,3,3,4,5,2,5,5,5,4,5,3,5,3.92,0,15,FALSE
Female,Loyal Customer,55,Personal Travel,Eco,1747,5,5,5,2,5,4,4,1,1,5,4,5,4,3.85,33,3,TRUE
Female,Loyal Customer,56,Personal Travel,Eco,1048,4,4,3,3,4,5,4,5,5,3,5,5,3,4.08,20,14,TRUE
Female,Loyal Customer,37,Personal Travel,Eco Plus,650,1,2,1,3,5,1,5,5,4,5,3,1,5,3.15,0,0,FALSE
Male,Loyal Customer,30,Business Travel,Eco,4963,1,1,1,1,1,1,1,2,2,4,3,1,1,1.54,0,0,FALSE
Male,Loyal Customer,58,Business Travel,Business,650,5,5,5,5,3,4,4,4,4,4,4,4,3,4.15,0,1,TRUE
Female,Loyal Customer,39,Business Travel,Business,1824,2,5,5,5,1,3,3,2,2,2,2,3,3,2.92,0,0,FALSE
Male,Loyal Customer,10,Personal Travel,Eco,479,1,1,5,3,1,5,1,1,4,5,4,3,1,2.69,0,0,FALSE
Female,Loyal Customer,48,Personal Travel,Eco,550,4,4,4,3,5,3,3,4,4,4,4,4,2,3.69,0,0,FALSE
Male,Loyal Customer,17,Personal Travel,Eco,528,1,5,1,1,5,1,5,5,5,4,5,4,5,3.62,0,0,FALSE
Female,Disloyal Customer,27,Business Travel,Eco,517,2,2,2,3,2,2,1,2,1,4,3,2,2,2.15,0,0,FALSE
Female,Disloyal Customer,21,Business Travel,Business,332,4,0,4,5,1,4,1,1,5,5,5,3,1,3,0,0,TRUE
Male,Loyal Customer,11,Personal Travel,Eco Plus,1096,3,1,4,4,5,4,5,5,2,3,4,1,5,3.54,0,0,FALSE
Male,Disloyal Customer,26,Business Travel,Business,1136,1,1,1,4,1,1,1,1,4,2,4,3,1,1.92,29,31,FALSE
Male,Loyal Customer,60,Business Travel,Business,3947,0,0,0,3,2,4,5,1,1,1,1,3,5,2,44,58,TRUE
Male,Loyal Customer,42,Business Travel,Business,323,4,3,3,3,3,2,3,4,4,3,4,4,3,3.31,4,10,FALSE
Female,Loyal Customer,7,Personal Travel,Eco,395,1,0,1,4,5,1,5,5,5,4,5,4,5,3.46,38,32,FALSE
Male,Disloyal Customer,25,Business Travel,Eco,1013,2,2,2,3,2,2,2,2,1,3,2,1,2,2,0,,FALSE
Male,Disloyal Customer,8,Business Travel,Business,1723,3,0,3,2,2,3,2,2,3,2,3,3,2,2.31,15,0,FALSE
Male,Loyal Customer,36,Business Travel,Business,1399,4,4,4,4,2,5,4,2,2,2,2,1,5,3.15,0,0,TRUE
Female,Loyal Customer,50,Business Travel,Business,1977,3,3,3,3,5,4,4,2,2,2,2,3,5,3.15,0,0,TRUE
Female,Loyal Customer,29,Business Travel,Business,533,2,2,2,2,4,4,4,4,4,3,5,4,4,3.38,1,12,TRUE
Male,Loyal Customer,41,Personal Travel,Eco,957,3,1,3,3,3,3,3,3,2,3,4,2,3,2.77,0,0,FALSE
Male,Loyal Customer,7,Personal Travel,Eco,308,1,3,1,3,2,1,2,2,1,5,4,1,2,2.15,0,0,FALSE
Female,Disloyal Customer,22,Business Travel,Eco,248,1,0,1,3,2,1,2,2,5,4,4,3,2,2.31,11,4,FALSE
Female,Loyal Customer,12,Personal Travel,Business,1744,1,4,1,2,1,1,1,1,3,4,4,4,1,2.15,0,0,FALSE
Female,Loyal Customer,50,Business Travel,Business,3677,4,4,2,4,2,3,1,4,4,4,4,3,4,3.31,23,25,TRUE
Male,Loyal Customer,21,Business Travel,Business,1814,4,5,5,5,4,4,4,4,4,4,4,1,4,4,0,0,FALSE
Male,Loyal Customer,27,Business Travel,Business,2573,3,3,3,3,4,4,4,4,4,5,5,3,4,3.77,0,0,TRUE
Male,Loyal Customer,49,Business Travel,Eco,627,2,2,2,2,2,2,2,2,4,5,4,1,2,2.46,0,0,FALSE
Female,Loyal Customer,45,Personal Travel,Eco,849,2,3,2,3,1,1,1,3,3,2,3,1,3,2.15,0,0,FALSE
Female,Loyal Customer,62,Business Travel,Business,3656,0,0,0,1,1,3,2,1,1,1,1,4,1,1.23,0,0,TRUE
Male,Disloyal Customer,22,Business Travel,Eco,1266,1,0,0,3,3,0,3,3,5,4,5,4,3,2.62,23,0,FALSE
Female,Loyal Customer,35,Business Travel,Business,2204,3,5,5,5,5,4,4,3,3,3,3,1,1,3.46,14,12,FALSE
Male,Disloyal Customer,37,Business Travel,Business,1173,1,1,1,1,5,1,5,5,4,2,5,3,5,3,0,0,FALSE
Female,Loyal Customer,39,Business Travel,Business,3241,2,1,1,1,5,4,4,2,2,2,2,1,1,2.15,12,26,FALSE
Male,Disloyal Customer,29,Business Travel,Eco,761,3,3,3,3,3,1,1,1,4,3,4,1,1,2.38,58,72,FALSE
Male,Loyal Customer,54,Personal Travel,Eco,253,3,4,3,1,4,3,4,4,3,2,3,4,4,3.23,0,0,FALSE
Male,Disloyal Customer,22,Business Travel,Eco,842,2,2,2,4,3,2,3,3,3,2,4,3,3,2.77,0,0,FALSE
Male,Loyal Customer,8,Personal Travel,Eco,337,1,3,1,3,3,1,3,3,4,3,1,5,3,2.62,16,10,FALSE
Female,Loyal Customer,35,Business Travel,Business,1797,3,5,5,5,3,2,3,3,3,3,3,4,4,3.54,10,15,FALSE
Female,Disloyal Customer,25,Business Travel,Business,1199,1,0,1,3,3,1,3,3,3,5,4,3,3,2.54,0,0,FALSE
Male,Loyal Customer,61,Personal Travel,Business,1045,1,4,1,1,5,5,4,3,3,1,3,5,3,3,0,0,FALSE
Male,Loyal Customer,52,Business Travel,Business,3980,0,4,0,2,5,4,4,4,4,4,4,3,5,3.31,0,0,TRUE
Female,Loyal Customer,50,Business Travel,Business,669,5,5,5,5,2,5,5,4,4,4,4,5,4,4.38,0,29,TRUE
Male,Disloyal Customer,27,Business Travel,Eco,125,1,5,1,3,4,1,5,4,5,2,4,2,4,3.15,0,0,FALSE
Male,Loyal Customer,9,Personal Travel,Eco,1747,1,0,1,4,5,1,5,5,4,4,5,4,5,3.38,0,0,FALSE
Male,Loyal Customer,57,Personal Travel,Eco,479,1,2,1,3,5,1,5,5,3,3,3,4,5,3.15,0,14,FALSE
Female,Disloyal Customer,20,Business Travel,Eco,368,2,4,2,3,2,2,2,2,4,3,4,4,2,2.77,7,0,FALSE
Male,Loyal Customer,46,Business Travel,Business,67,1,1,1,1,2,5,4,4,4,4,5,5,5,3.23,0,9,TRUE
Female,Loyal Customer,9,Personal Travel,Eco,1416,2,5,2,4,2,2,1,2,2,1,4,2,2,2.38,0,0,FALSE
Female,Loyal Customer,50,Personal Travel,Eco,190,2,5,2,2,3,5,5,2,2,2,2,4,4,3.08,3,0,FALSE
Female,Loyal Customer,29,Business Travel,Business,1865,3,3,5,3,4,4,4,4,4,3,4,5,4,3.85,9,0,TRUE
Female,Loyal Customer,44,Business Travel,Business,1943,3,3,3,3,5,5,5,5,5,5,5,5,4,4.31,59,62,TRUE
Female,Loyal Customer,29,Business Travel,Business,3637,4,4,4,4,4,4,4,4,3,2,5,4,4,3.85,0,1,TRUE
Female,Loyal Customer,43,Personal Travel,Eco,1979,1,1,1,4,2,3,3,3,3,1,3,2,4,2.38,96,112,FALSE
Male,Loyal Customer,33,Business Travel,Business,189,3,1,1,1,3,3,3,3,2,2,2,4,3,2.38,49,49,FALSE
Female,Disloyal Customer,21,Business Travel,Eco,159,1,0,1,1,4,1,4,4,5,4,5,5,4,3,4,0,FALSE
Male,Loyal Customer,53,Business Travel,Eco,335,2,5,5,5,2,2,2,2,4,2,4,2,2,3,0,0,FALSE
Male,Disloyal Customer,26,Business Travel,Eco,631,2,3,2,3,4,2,4,4,2,3,3,1,4,2.85,0,0,FALSE
Female,Loyal Customer,26,Business Travel,Eco,1009,2,4,4,4,2,2,3,2,3,1,4,3,2,2.77,0,0,FALSE
Male,Loyal Customer,55,Business Travel,Business,2075,5,5,3,5,3,3,4,4,4,4,4,4,4,4,0,0,TRUE
Male,Loyal Customer,18,Personal Travel,Eco Plus,213,1,3,1,5,4,1,4,4,4,3,2,1,4,2.85,11,28,FALSE
Male,Loyal Customer,7,Personal Travel,Eco,931,2,4,2,1,4,2,4,4,4,3,4,5,4,3.31,1,7,FALSE
Male,Loyal Customer,54,Business Travel,Business,3911,3,3,3,3,2,5,5,4,4,4,4,4,4,3.69,0,0,TRUE
Female,Loyal Customer,16,Personal Travel,Eco,317,2,4,4,3,5,4,5,5,2,5,3,1,5,3.69,0,0,FALSE
Male,Disloyal Customer,52,Business Travel,Eco,738,5,5,5,3,1,5,1,1,3,1,2,2,1,2.69,0,22,TRUE
Male,Loyal Customer,40,Personal Travel,Eco,312,2,5,2,2,5,2,5,5,3,5,4,3,5,3.69,1,0,FALSE
Female,Loyal Customer,45,Business Travel,Business,2734,4,4,4,4,3,5,5,5,5,5,4,4,3,4.23,6,8,TRUE
Female,Loyal Customer,27,Business Travel,Eco Plus,1179,2,2,2,2,2,2,2,2,2,5,4,2,2,2.38,17,20,FALSE
Female,Loyal Customer,28,Personal Travel,Eco,462,1,1,1,3,3,1,3,3,1,2,2,1,3,1.92,0,2,FALSE
Male,Disloyal Customer,39,Business Travel,Eco,163,3,0,2,3,5,2,5,5,2,5,2,5,5,3.38,4,7,FALSE
Female,Disloyal Customer,50,Business Travel,Eco,86,3,0,3,1,5,3,5,5,4,2,3,4,5,3.31,0,4,FALSE
Female,Disloyal Customer,42,Business Travel,Eco,325,1,2,1,2,5,1,5,5,1,1,2,1,5,2.46,0,0,FALSE
Male,Loyal Customer,28,Business Travel,Business,1587,3,3,3,3,5,5,5,5,3,4,4,4,5,4,0,6,TRUE
Female,Loyal Customer,52,Personal Travel,Eco,316,3,2,3,4,4,3,3,1,1,3,1,4,2,2.62,0,0,FALSE
Male,Loyal Customer,66,Personal Travel,Eco,925,3,4,3,3,2,3,2,2,3,2,4,5,2,2.92,11,27,FALSE
Male,Loyal Customer,59,Business Travel,Business,2010,4,4,4,4,4,4,5,4,4,4,4,3,3,3.92,0,4,TRUE
Female,Loyal Customer,24,Business Travel,Business,589,3,5,5,5,3,3,3,3,3,4,2,1,3,3.31,2,2,FALSE
Female,Loyal Customer,44,Business Travel,Business,580,2,2,2,2,3,4,5,5,5,5,5,3,4,3.62,12,1,TRUE
Male,Loyal Customer,58,Business Travel,Business,1936,1,1,1,1,5,5,5,4,4,4,4,5,5,3.46,1,0,TRUE
Female,Loyal Customer,76,Business Travel,Business,177,2,2,2,2,1,2,2,4,4,4,4,4,5,2.92,0,0,TRUE
Male,Loyal Customer,34,Business Travel,Business,1217,4,1,1,1,4,3,3,4,4,4,4,2,2,2.85,33,39,FALSE
Male,Loyal Customer,49,Business Travel,Business,748,2,2,2,2,2,5,4,4,4,4,4,5,4,3.38,0,15,TRUE
Male,Loyal Customer,47,Business Travel,Business,3629,1,1,1,1,5,5,5,4,4,4,4,4,3,3.23,0,4,TRUE
Female,Loyal Customer,48,Personal Travel,Eco,611,5,3,5,3,4,4,3,4,4,5,4,2,3,3.77,6,0,TRUE
Female,Loyal Customer,43,Personal Travel,Eco,1036,3,4,3,3,5,5,4,3,3,3,4,5,5,3.85,0,0,FALSE
Male,Loyal Customer,36,Business Travel,Business,3846,4,2,2,2,1,4,4,4,4,4,4,4,1,3.08,0,0,FALSE
Male,Disloyal Customer,17,Personal Travel,Eco Plus,972,1,4,1,2,2,1,2,2,5,3,4,4,2,2.54,0,0,FALSE
Male,Disloyal Customer,18,Business Travel,Eco,967,3,3,3,1,2,3,2,2,3,3,5,3,2,2.69,0,0,FALSE
Female,Loyal Customer,36,Personal Travel,Eco,175,3,4,3,3,4,3,3,4,5,4,4,5,4,3.77,0,0,FALSE
Female,Loyal Customer,47,Business Travel,Business,153,1,1,1,1,3,4,2,5,5,5,5,5,3,3.15,29,11,TRUE
Male,Loyal Customer,12,Personal Travel,Eco,829,2,5,2,3,4,2,5,4,4,3,4,4,4,3.54,5,0,FALSE
Male,Loyal Customer,29,Business Travel,Business,3479,2,3,3,3,2,2,2,2,3,2,3,2,2,2.38,6,3,FALSE
Female,Loyal Customer,55,Personal Travel,Eco,731,2,3,2,3,3,2,3,4,4,2,4,2,2,2.77,0,0,FALSE
Female,Loyal Customer,29,Personal Travel,Eco Plus,451,1,4,1,4,2,1,2,2,4,3,3,4,2,2.54,20,19,FALSE
Male,Loyal Customer,53,Business Travel,Business,2355,2,2,2,2,5,5,5,4,5,5,4,5,5,3.92,144,137,TRUE
Female,Loyal Customer,63,Personal Travel,Eco Plus,1185,2,3,2,2,4,4,2,4,4,2,4,3,2,2.92,0,0,FALSE
Male,Loyal Customer,56,Personal Travel,Eco,695,3,4,3,3,5,3,5,5,4,2,5,3,5,3.85,0,0,FALSE
Male,Loyal Customer,57,Personal Travel,Eco,240,2,4,0,4,0,1,1,5,3,4,4,1,1,2.31,253,243,FALSE
Male,Loyal Customer,19,Personal Travel,Eco,220,3,0,0,2,3,0,3,3,2,3,1,2,3,1.92,50,45,FALSE
Female,Loyal Customer,65,Personal Travel,Eco Plus,223,3,0,3,1,2,4,4,3,3,3,3,5,3,2.85,0,0,FALSE
Female,Loyal Customer,56,Business Travel,Business,2615,2,4,3,4,4,3,4,2,2,2,2,3,1,2.77,0,0,FALSE
Male,Loyal Customer,61,Personal Travel,Eco Plus,421,3,3,3,4,3,3,3,3,3,1,1,1,3,2.62,0,0,FALSE
Female,Loyal Customer,49,Business Travel,Business,3593,1,1,1,1,4,5,4,5,5,5,5,3,4,3.38,0,0,TRUE
Female,Loyal Customer,37,Business Travel,Business,2942,3,2,2,2,2,2,3,3,3,3,3,2,4,2.62,13,19,FALSE
Female,Loyal Customer,66,Personal Travel,Eco,297,3,4,3,3,5,5,5,4,4,3,4,5,5,4.08,0,23,FALSE
Female,Loyal Customer,57,Business Travel,Eco,74,4,4,4,4,1,1,1,4,4,4,4,4,1,3.08,0,0,TRUE
Female,Disloyal Customer,25,Business Travel,Business,546,3,0,3,1,5,3,5,5,5,4,4,4,5,3.62,0,0,FALSE
Female,Loyal Customer,57,Business Travel,Business,1685,2,1,1,1,5,3,4,2,2,1,2,1,1,2,0,0,FALSE
Male,Disloyal Customer,26,Business Travel,Business,594,2,2,2,2,2,2,2,2,3,3,5,5,2,2.62,0,0,FALSE
Male,Disloyal Customer,43,Business Travel,Eco,212,1,0,1,5,2,1,2,2,4,2,3,1,2,2,0,0,FALSE
Female,Loyal Customer,42,Business Travel,Business,190,4,4,4,4,2,5,4,4,4,4,5,5,3,4,1,0,TRUE
Female,Loyal Customer,28,Business Travel,Business,3830,1,1,5,1,3,3,3,3,3,3,5,3,3,2.85,2,4,TRUE
Male,Loyal Customer,48,Business Travel,Business,862,3,2,3,3,5,5,5,2,2,2,2,3,4,3.15,2,6,TRUE
Male,Loyal Customer,49,Business Travel,Business,966,3,5,3,3,5,4,5,5,5,5,5,5,4,4.38,19,4,TRUE
Female,Loyal Customer,58,Business Travel,Business,2297,1,1,1,1,2,5,5,4,4,4,4,5,5,3.23,0,0,TRUE
Male,Loyal Customer,49,Business Travel,Business,600,5,5,5,5,3,5,4,4,4,4,4,3,5,4.31,0,0,TRUE
Male,Loyal Customer,68,Business Travel,Eco Plus,192,2,4,4,4,3,2,3,3,4,3,2,4,3,3.15,70,72,FALSE
Male,Loyal Customer,60,Business Travel,Business,2111,3,4,4,4,3,4,4,3,3,3,3,2,3,3.31,0,0,FALSE
Male,Loyal Customer,52,Business Travel,Eco,867,5,3,3,3,5,5,5,5,3,5,2,1,5,3.85,0,6,TRUE
Male,Loyal Customer,46,Business Travel,Business,2747,1,1,1,1,5,5,2,4,4,4,4,5,3,3.08,28,27,TRUE
Male,Loyal Customer,52,Business Travel,Business,907,3,1,1,1,3,4,3,3,3,3,3,3,1,2.46,0,0,FALSE
Female,Loyal Customer,50,Business Travel,Business,550,5,5,5,5,4,5,5,5,5,4,5,5,4,4.77,31,19,TRUE
Male,Loyal Customer,18,Personal Travel,Eco,641,3,4,3,3,5,3,1,5,3,2,4,4,5,3.46,0,0,FALSE
Female,Loyal Customer,47,Business Travel,Eco,259,3,1,1,1,4,3,4,3,3,3,3,4,1,2.62,2,0,FALSE
Female,Loyal Customer,32,Business Travel,Business,1970,2,4,2,2,4,4,4,4,5,5,3,2,4,3.46,111,120,TRUE
Male,Loyal Customer,44,Business Travel,Business,2142,1,1,1,1,2,2,1,5,5,5,5,2,5,2.77,1,0,TRUE
Female,Loyal Customer,39,Personal Travel,Eco,1249,2,5,2,3,5,2,5,5,4,5,4,5,5,4,9,0,FALSE
Female,Loyal Customer,57,Business Travel,Business,3755,4,4,4,4,2,5,4,2,2,2,2,5,3,3.31,0,21,TRUE
Female,Loyal Customer,21,Personal Travel,Eco,404,2,4,2,2,2,2,2,2,4,4,5,4,2,2.85,0,2,FALSE
Male,Loyal Customer,58,Personal Travel,Eco,486,1,1,1,4,4,1,2,4,3,3,2,4,4,2.62,10,4,FALSE
Male,Disloyal Customer,37,Business Travel,Business,192,1,1,1,1,5,1,1,5,3,4,4,4,5,2.77,0,0,FALSE
Female,Loyal Customer,30,Business Travel,Eco,366,1,5,5,5,1,1,1,1,1,2,3,4,1,2.38,88,105,FALSE
Female,Disloyal Customer,14,Business Travel,Eco,916,3,3,3,4,5,3,5,5,3,4,3,2,5,3.69,6,29,FALSE
Female,Disloyal Customer,25,Business Travel,Eco Plus,1237,4,1,4,3,1,4,1,1,2,4,4,4,1,2.62,20,9,FALSE
Male,Loyal Customer,52,Business Travel,Business,164,0,4,0,4,2,5,5,2,2,2,2,4,5,2.85,20,9,TRUE
Male,Disloyal Customer,13,Business Travel,Eco,798,2,2,2,3,2,1,3,1,2,4,4,3,3,2.46,313,303,FALSE
Female,Loyal Customer,30,Business Travel,Eco Plus,1047,4,2,1,2,4,4,4,4,3,4,3,4,4,3.31,0,0,TRUE
Female,Loyal Customer,22,Business Travel,Business,3889,4,4,4,4,4,4,4,4,4,2,3,4,4,3.77,0,0,TRUE
Male,Loyal Customer,22,Business Travel,Eco Plus,2475,1,1,5,5,1,1,3,1,1,3,3,2,1,2.15,0,0,FALSE
Male,Loyal Customer,60,Business Travel,Business,1990,2,2,5,2,2,4,4,5,5,5,5,4,4,3.77,4,4,TRUE
Male,Loyal Customer,52,Business Travel,Business,1532,3,1,1,1,2,3,2,3,3,3,3,2,2,2.23,44,36,FALSE
Male,Loyal Customer,24,Personal Travel,Eco Plus,528,1,5,1,2,2,1,2,2,5,3,5,3,2,2.62,0,0,FALSE
Male,Loyal Customer,14,Personal Travel,Eco Plus,399,3,4,5,2,5,5,5,5,3,3,5,4,5,4.15,0,0,FALSE
Female,Loyal Customer,36,Personal Travel,Eco Plus,231,2,5,2,3,5,2,5,5,3,3,1,5,5,3.54,0,0,FALSE
Male,Loyal Customer,43,Personal Travel,Eco,601,2,5,2,3,4,2,5,4,3,1,5,2,4,3.23,0,0,FALSE
Male,Loyal Customer,58,Business Travel,Business,2944,1,1,5,1,4,5,5,4,4,4,4,3,4,3.46,19,12,TRUE
Male,Loyal Customer,48,Business Travel,Business,2097,1,1,4,4,5,3,4,4,4,4,1,3,1,3,0,0,FALSE
Male,Loyal Customer,55,Business Travel,Business,361,4,4,1,4,5,3,4,4,4,4,4,1,4,3.54,0,0,FALSE
Female,Disloyal Customer,38,Business Travel,Business,305,5,5,5,5,5,5,4,5,3,2,4,5,5,4.46,6,0,TRUE
Female,Loyal Customer,55,Personal Travel,Eco,563,1,1,1,3,4,3,3,4,4,1,4,4,2,2.69,38,131,FALSE
Male,Loyal Customer,47,Personal Travel,Eco,224,1,2,0,3,4,0,4,4,4,5,3,4,4,2.92,52,49,FALSE
Female,Loyal Customer,43,Business Travel,Business,3923,1,3,3,3,3,2,2,4,4,4,1,2,3,2.69,7,8,FALSE
Male,Loyal Customer,36,Personal Travel,Eco,558,3,4,3,3,4,3,2,4,4,5,5,5,4,3.77,0,0,FALSE
Female,Loyal Customer,56,Business Travel,Business,1471,3,3,5,3,3,4,5,4,4,5,4,5,5,4.08,6,1,TRUE
Female,Disloyal Customer,26,Business Travel,Eco,1111,4,4,4,4,2,4,2,2,4,1,4,3,2,3.08,0,0,FALSE
Female,Loyal Customer,33,Business Travel,Business,296,2,2,2,2,3,4,5,5,5,5,5,5,4,3.77,2,0,TRUE
Female,Loyal Customer,57,Business Travel,Eco Plus,187,4,4,4,4,1,3,4,4,4,4,4,4,2,3.54,0,0,TRUE
Male,Loyal Customer,32,Business Travel,Eco,259,5,3,3,3,5,5,5,5,1,3,2,3,5,3.69,61,55,TRUE
Male,Loyal Customer,17,Personal Travel,Eco,459,2,5,2,1,4,2,5,4,3,2,4,3,4,3.15,22,13,FALSE
Female,Loyal Customer,60,Personal Travel,Eco,1990,3,3,3,4,3,3,3,1,1,3,1,1,3,2.46,0,0,FALSE
Male,Loyal Customer,30,Personal Travel,Eco,223,2,4,2,2,5,2,5,5,5,2,4,3,5,3.54,27,16,FALSE
Female,Disloyal Customer,19,Business Travel,Eco,909,3,4,4,3,1,4,1,1,4,2,4,2,1,2.62,5,0,FALSE
Female,Loyal Customer,50,Personal Travel,Eco,1416,2,2,2,3,2,4,4,5,5,2,5,3,2,3.15,38,39,FALSE
Female,Loyal Customer,61,Personal Travel,Business,280,1,4,1,4,4,4,5,1,1,1,1,5,5,2.85,0,44,FALSE
Male,Disloyal Customer,20,Business Travel,Business,177,3,2,3,3,5,3,5,5,2,5,3,4,5,3.69,0,0,FALSE
Male,Loyal Customer,55,Personal Travel,Eco Plus,455,2,3,2,4,4,2,4,4,4,2,3,2,4,3.08,43,32,FALSE
Male,Loyal Customer,37,Business Travel,Eco,469,3,3,3,3,3,3,3,3,2,3,4,1,3,2.85,0,0,FALSE
Female,Loyal Customer,45,Business Travel,Business,1688,4,3,2,3,1,2,3,4,4,4,4,4,4,3.23,0,0,FALSE
Female,Loyal Customer,16,Personal Travel,Eco,1047,3,5,4,3,4,3,3,3,3,4,5,3,3,3.54,309,407,FALSE
Female,Disloyal Customer,27,Business Travel,Eco,712,3,3,3,3,3,3,3,3,4,4,3,1,3,3,0,0,FALSE
Male,Disloyal Customer,66,Business Travel,Business,404,1,1,1,5,5,1,5,5,3,2,4,4,5,3.23,0,6,FALSE
Male,Loyal Customer,56,Business Travel,Eco,631,3,4,4,4,3,3,3,4,1,3,4,3,3,3.23,96,145,FALSE
Female,Loyal Customer,52,Personal Travel,Eco,2227,1,5,1,2,4,4,5,5,5,1,5,5,4,3.62,1,7,FALSE
Female,Disloyal Customer,46,Business Travel,Business,844,2,2,2,2,4,2,1,4,3,5,5,3,4,3,0,0,FALSE
Male,Loyal Customer,25,Business Travel,Eco,965,5,3,3,3,5,5,5,5,2,1,1,1,5,3.38,15,44,TRUE
Male,Loyal Customer,44,Business Travel,Business,3306,1,1,1,1,2,4,5,5,5,5,5,4,5,3.38,20,21,TRUE
Female,Loyal Customer,29,Business Travel,Business,2327,3,5,5,5,3,3,3,3,3,1,3,3,3,3.31,115,103,FALSE
Male,Loyal Customer,43,Personal Travel,Eco,258,2,5,0,4,5,0,5,5,4,4,2,1,5,3.23,2,12,FALSE
Female,Disloyal Customer,26,Business Travel,Eco,488,3,1,3,2,1,3,1,1,1,1,3,4,1,1.92,35,18,FALSE
Female,Disloyal Customer,39,Business Travel,Eco,373,1,4,2,5,1,2,3,1,4,4,2,2,1,2.46,0,0,FALSE
Male,Disloyal Customer,18,Business Travel,Eco,624,2,2,2,4,2,2,2,2,1,2,4,4,2,2.38,0,0,FALSE
Female,Loyal Customer,49,Personal Travel,Eco,1671,4,4,5,3,5,5,1,3,3,5,3,5,1,3.62,1,0,FALSE
Male,Loyal Customer,59,Business Travel,Business,151,2,2,2,2,5,4,4,4,4,4,5,4,4,3.54,0,0,TRUE
Male,Disloyal Customer,47,Business Travel,Eco,409,1,0,1,3,5,1,5,5,3,5,4,3,5,3.15,51,49,FALSE
Male,Loyal Customer,49,Business Travel,Business,581,2,2,2,2,4,4,4,4,4,4,4,5,3,3.38,0,3,TRUE
Female,Loyal Customer,53,Personal Travel,Eco,257,4,2,0,4,4,3,4,4,4,0,5,1,1,2.77,24,34,FALSE
Female,Loyal Customer,55,Business Travel,Business,1872,1,1,1,1,2,5,4,5,5,5,5,3,4,3.23,0,0,TRUE
Male,Loyal Customer,52,Business Travel,Eco,569,2,5,5,5,2,2,2,2,1,4,3,3,2,2.92,107,106,TRUE
Male,Disloyal Customer,29,Business Travel,Eco,987,2,2,2,1,1,2,1,1,2,5,3,2,1,1.92,0,0,FALSE
Female,Loyal Customer,40,Business Travel,Business,3333,5,5,5,5,3,4,5,5,5,5,5,3,4,4.54,0,0,TRUE
Male,Loyal Customer,44,Business Travel,Business,2465,4,4,4,4,4,5,4,3,3,3,3,5,5,3.92,6,0,TRUE
Female,Loyal Customer,27,Business Travel,Business,1864,2,2,2,2,4,5,4,4,5,2,4,4,4,3.38,0,0,TRUE
Male,Loyal Customer,39,Business Travel,Business,2473,1,1,5,1,3,4,4,4,4,4,4,3,4,3.23,0,0,TRUE
Male,Loyal Customer,40,Business Travel,Eco,869,5,3,3,3,5,5,5,5,1,5,2,1,5,3.69,0,0,TRUE
Female,Disloyal Customer,9,Business Travel,Business,1744,4,4,4,3,5,4,5,5,5,3,3,3,5,4.08,4,5,TRUE
Female,Loyal Customer,14,Personal Travel,Eco,532,3,5,3,4,4,3,2,4,3,4,5,3,4,3.62,0,0,FALSE
Male,Loyal Customer,34,Personal Travel,Eco,222,2,5,2,4,1,2,1,1,4,4,5,2,1,2.62,0,0,FALSE
Male,Loyal Customer,47,Business Travel,Business,408,3,3,3,3,3,4,4,5,5,5,5,4,5,4,0,0,TRUE
Male,Loyal Customer,72,Business Travel,Eco,433,5,3,3,3,5,5,5,5,2,4,3,4,5,4,0,0,TRUE
Female,Loyal Customer,28,Business Travel,Business,1438,1,1,1,1,4,4,4,4,5,5,4,3,4,3.15,0,13,TRUE
Female,Loyal Customer,35,Business Travel,Business,2820,4,4,4,4,5,4,3,4,4,4,4,1,1,3.54,62,47,TRUE
Male,Loyal Customer,59,Business Travel,Business,2284,2,2,2,2,5,4,5,4,4,4,4,5,4,3.62,0,0,TRUE
Male,Loyal Customer,42,Business Travel,Business,3475,4,4,5,4,4,4,4,4,4,4,4,4,5,4.15,0,0,TRUE
Male,Disloyal Customer,27,Business Travel,Eco,166,2,3,2,3,4,2,4,4,4,4,4,2,4,3.23,0,0,FALSE
Female,Loyal Customer,45,Personal Travel,Eco,1605,1,4,1,2,3,5,4,3,3,1,3,3,3,2.77,2,0,FALSE
Male,Loyal Customer,36,Business Travel,Eco,861,4,2,2,2,4,4,4,4,1,2,3,4,4,3.08,0,0,TRUE
Female,Loyal Customer,60,Business Travel,Business,354,3,3,3,3,5,5,4,5,5,4,5,3,5,4.08,116,97,TRUE
Male,Loyal Customer,28,Personal Travel,Eco,271,4,0,4,4,1,4,1,1,5,2,4,2,1,2.54,0,0,FALSE
Male,Loyal Customer,56,Business Travel,Business,501,5,5,3,5,4,5,4,5,5,5,5,5,5,4.69,0,0,TRUE
Male,Loyal Customer,50,Business Travel,Business,2352,3,3,2,3,4,4,5,5,5,5,5,3,5,4,31,27,TRUE
Female,Loyal Customer,33,Business Travel,Business,1957,2,2,3,2,1,3,1,5,5,5,5,3,5,3.23,0,0,TRUE
Male,Loyal Customer,33,Business Travel,Business,3789,4,3,5,3,4,4,4,4,4,3,4,3,4,3.77,0,0,FALSE
Male,Loyal Customer,40,Business Travel,Business,404,4,4,4,4,1,4,5,4,4,4,4,5,1,3.69,6,11,TRUE
Female,Loyal Customer,58,Personal Travel,Eco,911,3,5,3,5,3,4,2,1,1,3,1,3,4,2.92,127,121,FALSE
Male,Loyal Customer,35,Personal Travel,Eco,134,2,4,2,3,5,2,5,5,3,2,4,3,5,3.46,0,0,FALSE
Male,Disloyal Customer,38,Business Travel,Business,419,5,5,5,2,4,5,3,4,5,5,4,5,4,4.31,0,0,TRUE
Female,Loyal Customer,7,Personal Travel,Eco,407,2,4,2,3,5,2,5,5,3,2,5,5,5,3.69,8,10,FALSE
Male,Disloyal Customer,17,Business Travel,Eco,1072,3,3,3,2,5,3,5,5,1,2,5,3,5,3.46,0,2,FALSE
Male,Loyal Customer,42,Personal Travel,Eco,175,3,5,3,2,5,3,5,5,3,4,5,4,5,4,27,24,FALSE
Male,Loyal Customer,43,Personal Travel,Eco,308,3,4,3,4,2,3,3,2,2,5,3,2,2,2.92,0,0,FALSE
Female,Loyal Customer,13,Personal Travel,Eco,547,5,5,5,2,4,5,4,4,2,1,3,4,4,3.69,0,1,TRUE
Female,Loyal Customer,47,Personal Travel,Eco,404,4,2,4,3,4,4,4,4,4,4,4,2,4,3.62,9,0,TRUE
Male,Loyal Customer,65,Personal Travel,Eco,967,4,5,4,1,3,4,3,3,5,3,5,5,3,3.69,0,0,FALSE
Female,Disloyal Customer,45,Business Travel,Business,325,2,2,2,1,5,2,5,5,3,5,5,5,5,3.62,15,0,FALSE
Female,Loyal Customer,38,Business Travel,Business,1715,2,2,2,2,2,3,3,2,2,2,2,1,1,2,0,0,FALSE
Female,Loyal Customer,49,Personal Travel,Eco,1119,2,5,3,3,4,4,5,5,5,3,5,4,4,4,0,19,FALSE
Male,Disloyal Customer,25,Business Travel,Business,250,5,0,5,3,1,5,1,1,4,5,5,4,1,3.08,11,4,TRUE
Female,Loyal Customer,71,Business Travel,Eco,102,4,5,5,5,5,3,4,4,4,4,4,2,1,3.85,8,6,FALSE
Female,Disloyal Customer,47,Business Travel,Business,787,1,1,1,4,2,1,2,2,3,5,5,3,2,2.46,13,6,FALSE
Male,Loyal Customer,42,Business Travel,Business,794,3,4,3,3,3,4,4,2,2,3,2,4,3,3.08,0,0,TRUE
Male,Loyal Customer,40,Business Travel,Business,712,5,5,5,5,3,5,5,5,5,5,5,3,4,4.62,0,6,TRUE
Female,Disloyal Customer,25,Business Travel,Eco Plus,1121,2,2,2,3,2,5,5,2,2,3,2,5,5,3.08,218,422,FALSE
Female,Loyal Customer,39,Business Travel,Eco,1069,1,4,4,4,1,1,1,1,1,1,2,1,1,1.77,19,10,FALSE
Male,Loyal Customer,35,Business Travel,Business,3714,2,2,2,2,2,4,4,4,4,4,4,5,3,3.23,0,0,TRUE
Male,Loyal Customer,48,Personal Travel,Eco,1037,2,1,2,2,2,2,2,2,2,3,1,4,2,2.08,0,0,FALSE
Male,Loyal Customer,39,Personal Travel,Eco,1026,3,5,3,2,5,3,5,5,4,2,4,4,5,3.85,1,4,FALSE
Male,Loyal Customer,46,Business Travel,Eco Plus,351,3,3,3,3,3,3,3,3,4,2,3,4,3,3.08,0,0,FALSE
Male,Loyal Customer,39,Business Travel,Eco,954,5,2,2,2,5,5,5,5,5,4,1,1,5,3.62,2,23,TRUE
Male,Loyal Customer,36,Business Travel,Business,3422,1,2,2,2,3,1,1,1,1,1,1,2,2,1.54,3,36,FALSE
Female,Loyal Customer,16,Personal Travel,Eco,331,3,4,5,4,4,5,4,4,3,3,5,3,4,3.92,0,0,FALSE
Male,Loyal Customer,10,Personal Travel,Eco Plus,337,1,5,1,3,2,1,2,2,3,4,4,3,2,2.54,1,2,FALSE
Female,Loyal Customer,48,Business Travel,Business,697,5,5,5,5,5,5,2,4,4,4,4,4,4,4.31,0,0,TRUE
Male,Disloyal Customer,24,Business Travel,Eco,145,3,1,3,4,3,3,3,3,2,2,4,3,3,2.85,48,32,FALSE
Female,Loyal Customer,10,Personal Travel,Eco,290,2,4,2,3,2,2,2,2,5,5,5,5,2,3.15,0,0,FALSE
Female,Loyal Customer,57,Business Travel,Eco,515,1,5,5,5,4,4,4,1,1,1,1,3,3,2.92,46,44,FALSE
Female,Loyal Customer,8,Personal Travel,Eco,122,4,1,0,4,2,0,2,2,2,1,4,4,2,2.15,0,0,FALSE
Male,Loyal Customer,43,Business Travel,Business,2634,3,3,3,3,3,4,4,5,5,5,5,3,4,3.85,14,0,TRUE
Female,Loyal Customer,61,Personal Travel,Eco,229,2,5,2,3,4,5,5,1,1,2,1,3,3,2.85,0,0,FALSE
Female,Loyal Customer,58,Business Travel,Business,2904,1,1,1,1,4,4,4,4,4,4,4,4,3,3,6,0,TRUE
Female,Loyal Customer,25,Personal Travel,Eco,951,2,5,2,2,2,2,1,2,2,4,4,2,2,2.46,0,0,FALSE
Male,Loyal Customer,28,Personal Travel,Business,1744,3,5,3,2,5,3,5,5,4,4,3,5,5,4,2,17,FALSE
Female,Loyal Customer,18,Personal Travel,Eco,419,3,5,3,4,3,3,3,3,3,3,5,5,3,3.54,9,38,FALSE
Female,Loyal Customer,15,Business Travel,Business,270,2,3,3,3,2,2,2,2,3,2,3,4,2,2.54,0,0,FALSE
Female,Loyal Customer,37,Business Travel,Eco,1303,3,3,3,3,3,2,3,3,3,5,3,1,3,2.92,0,22,FALSE
Male,Loyal Customer,47,Personal Travel,Business,306,3,5,3,2,3,5,4,1,1,3,2,5,4,3.15,0,0,FALSE
Male,Loyal Customer,56,Personal Travel,Eco,997,1,5,1,5,4,1,4,4,5,2,4,3,4,3.31,0,0,FALSE
Female,Loyal Customer,13,Personal Travel,Eco,936,2,3,2,3,3,2,3,3,3,3,3,5,3,2.92,0,0,FALSE
Female,Loyal Customer,9,Personal Travel,Eco,1096,2,2,2,4,3,2,3,3,3,1,4,2,3,2.62,0,0,FALSE
Male,Loyal Customer,33,Business Travel,Business,2771,1,5,5,5,4,3,1,4,3,1,4,1,4,3.15,0,0,FALSE
Male,Loyal Customer,61,Business Travel,Business,2929,2,2,2,2,4,4,4,5,5,5,5,3,4,3.62,0,0,TRUE
Male,Loyal Customer,54,Personal Travel,Business,575,2,4,2,3,2,4,5,3,3,2,3,5,3,3.15,0,4,FALSE
Male,Loyal Customer,45,Business Travel,Eco Plus,241,4,5,5,5,4,4,4,4,2,4,2,2,4,3.77,0,0,TRUE
Female,Disloyal Customer,41,Business Travel,Eco,616,4,3,4,4,5,4,5,5,2,2,3,4,5,3.85,15,17,FALSE
Female,Loyal Customer,54,Business Travel,Eco,520,4,2,4,4,5,3,4,4,4,4,4,2,1,3.46,7,104,FALSE
Female,Loyal Customer,34,Business Travel,Business,371,1,1,4,1,2,5,5,4,4,4,4,5,3,3.31,1,0,TRUE
Female,Loyal Customer,48,Personal Travel,Eco,177,4,2,4,3,2,4,3,5,5,4,5,4,3,3.69,0,0,FALSE
Male,Loyal Customer,61,Personal Travel,Eco,1400,1,4,2,3,4,2,4,4,5,4,3,4,4,3.38,0,0,FALSE
Female,Loyal Customer,72,Business Travel,Business,628,4,3,3,3,4,4,3,4,4,4,4,4,4,3.69,1,2,FALSE
Female,Loyal Customer,60,Business Travel,Business,2419,2,2,2,2,4,5,5,5,5,4,5,5,3,3.77,11,0,TRUE
Female,Loyal Customer,62,Business Travel,Business,2690,4,3,5,3,3,4,3,4,4,4,4,4,4,3.77,0,0,FALSE
Male,Loyal Customer,46,Business Travel,Eco,994,2,1,1,1,3,2,3,3,1,5,3,2,3,2.31,0,0,FALSE
Female,Loyal Customer,57,Personal Travel,Eco,248,2,5,2,2,3,5,4,3,3,2,3,5,3,3.23,25,21,FALSE
Female,Loyal Customer,58,Business Travel,Business,277,4,4,4,4,3,2,3,4,4,4,4,1,2,3.31,0,0,TRUE
Female,Loyal Customer,36,Business Travel,Business,447,4,4,4,4,4,5,5,4,4,4,4,4,3,4.08,5,11,TRUE
Male,Loyal Customer,33,Personal Travel,Eco,247,3,2,0,2,3,0,3,3,2,2,3,1,3,2.08,0,7,FALSE
Female,Loyal Customer,19,Personal Travel,Eco,2541,2,4,2,1,2,5,5,2,2,4,3,5,5,3.23,1,5,FALSE
Female,Loyal Customer,39,Business Travel,Eco,444,3,2,2,2,3,3,3,3,1,4,4,2,3,2.69,0,0,FALSE
Male,Loyal Customer,43,Business Travel,Business,2259,5,3,5,5,4,5,5,5,5,4,5,5,3,4.54,11,18,TRUE
Male,Loyal Customer,50,Business Travel,Business,1895,5,5,5,5,2,5,4,5,5,5,4,5,4,4.54,0,0,TRUE
Female,Loyal Customer,42,Business Travel,Business,2257,1,3,3,3,5,4,4,1,1,1,1,3,2,2.46,10,3,FALSE
Male,Disloyal Customer,35,Business Travel,Eco,1598,2,2,2,2,2,2,2,2,3,4,1,3,2,2.23,0,26,FALSE
Male,Loyal Customer,68,Personal Travel,Eco,762,2,2,2,4,2,2,1,2,4,4,3,2,2,2.46,0,0,FALSE
Female,Loyal Customer,38,Personal Travel,Eco,507,0,4,0,4,1,0,1,1,4,4,4,5,1,2.23,13,1,TRUE
Female,Loyal Customer,33,Business Travel,Business,2454,3,5,5,5,3,3,3,2,4,3,3,3,3,3.46,7,16,FALSE
Female,Loyal Customer,56,Personal Travel,Eco,1447,1,4,1,4,2,1,1,5,5,1,5,5,1,2.77,19,20,FALSE
Male,Loyal Customer,46,Business Travel,Business,868,2,2,2,2,3,4,5,5,5,5,5,4,5,3.77,1,5,TRUE
Male,Loyal Customer,44,Business Travel,Business,2632,2,2,5,2,5,4,4,3,3,3,3,3,3,3.23,11,0,TRUE
Female,Loyal Customer,47,Business Travel,Eco,156,5,5,5,5,4,3,4,4,4,5,4,2,4,4.15,0,0,TRUE
Female,Loyal Customer,41,Business Travel,Business,3757,2,2,2,2,2,4,4,4,4,4,4,5,3,3.23,20,2,TRUE
Female,Loyal Customer,57,Business Travel,Business,994,3,4,3,3,5,5,4,4,4,4,4,4,4,3.92,0,0,TRUE
Female,Loyal Customer,43,Business Travel,Business,3434,0,3,0,4,4,2,4,4,4,4,4,5,5,3.31,7,11,TRUE
Female,Loyal Customer,32,Business Travel,Business,2509,3,3,3,3,5,5,5,5,3,2,1,4,5,3.62,0,0,TRUE
Male,Loyal Customer,52,Business Travel,Business,925,3,1,1,1,2,3,4,3,3,3,3,3,4,2.62,0,0,FALSE
Female,Disloyal Customer,20,Business Travel,Eco,532,2,1,2,3,5,2,5,5,4,5,4,2,5,3.46,0,9,FALSE
Female,Disloyal Customer,36,Business Travel,Eco,387,2,1,2,3,3,2,2,3,2,4,3,4,3,2.62,0,0,FALSE
Female,Loyal Customer,39,Business Travel,Business,3823,4,4,4,4,3,1,2,5,5,5,5,3,2,3.62,27,14,TRUE
Female,Loyal Customer,25,Business Travel,Eco,2419,2,2,2,2,2,4,2,4,2,2,3,2,2,2.38,0,0,FALSE
Female,Loyal Customer,7,Personal Travel,Eco,369,2,4,2,2,3,2,3,3,5,3,1,1,3,2.62,0,0,FALSE
Female,Loyal Customer,22,Business Travel,Eco Plus,937,2,3,3,3,2,2,1,2,1,2,4,2,2,2.23,0,0,FALSE
Female,Loyal Customer,25,Personal Travel,Eco,327,3,0,2,4,5,2,1,5,4,4,4,4,5,3.31,40,36,FALSE
Male,Loyal Customer,7,Personal Travel,Eco,438,2,5,2,3,4,2,2,4,5,4,4,4,4,3.46,0,0,FALSE
Female,Loyal Customer,39,Business Travel,Eco,222,3,3,3,3,3,3,3,3,3,3,5,5,3,3.31,0,0,TRUE
Male,Loyal Customer,30,Business Travel,Business,589,3,3,3,3,4,4,4,4,3,2,3,3,4,3.31,0,0,TRUE
Male,Loyal Customer,25,Personal Travel,Eco Plus,102,2,5,2,1,4,2,4,4,5,3,4,4,4,3.38,0,0,FALSE
Female,Loyal Customer,25,Personal Travel,Eco,1129,3,5,3,2,5,3,5,5,3,2,4,3,5,3.69,15,15,FALSE
Female,Loyal Customer,36,Business Travel,Business,257,2,2,2,2,2,1,4,4,4,4,4,5,4,3.08,0,1,TRUE
Male,Loyal Customer,44,Personal Travel,Eco,871,4,1,4,3,5,4,5,5,4,5,3,4,5,4,0,0,TRUE
Male,Loyal Customer,51,Personal Travel,Eco,191,2,1,2,2,5,2,5,5,1,3,3,2,5,2.92,0,0,FALSE
Female,Loyal Customer,55,Personal Travel,Eco,1250,3,3,3,4,1,3,4,2,2,3,2,4,3,2.85,0,3,FALSE
Female,Loyal Customer,56,Personal Travel,Eco,2039,3,4,2,3,2,4,5,1,1,2,5,4,4,3.08,44,12,FALSE
Female,Loyal Customer,48,Personal Travel,Eco,1085,3,4,3,3,5,4,4,2,2,3,2,5,5,3.46,0,0,FALSE
Female,Loyal Customer,39,Business Travel,Business,2551,1,1,1,1,3,5,4,4,4,4,4,5,3,3.08,0,0,TRUE
Male,Loyal Customer,45,Business Travel,Business,404,5,5,5,5,1,3,4,5,5,5,5,5,3,4.31,0,0,TRUE
Female,Loyal Customer,56,Business Travel,Business,3846,5,2,5,5,2,4,5,4,4,5,4,5,5,4.23,0,0,TRUE
Female,Loyal Customer,59,Business Travel,Business,1524,1,4,4,4,2,2,3,1,1,1,1,1,2,2.08,0,6,FALSE
Male,Disloyal Customer,38,Business Travel,Eco,411,4,1,4,3,5,4,3,5,2,4,4,1,5,3.46,0,0,FALSE
Male,Loyal Customer,63,Personal Travel,Eco,377,1,2,1,2,4,1,4,4,3,1,3,3,4,2.54,0,0,FALSE
Male,Loyal Customer,58,Business Travel,Eco Plus,266,3,2,2,2,3,3,3,3,3,5,4,2,3,2.92,4,10,FALSE
Female,Loyal Customer,53,Business Travel,Business,190,3,3,3,3,3,5,4,5,5,4,4,4,4,3.85,0,0,TRUE
Male,Loyal Customer,36,Personal Travel,Eco,143,3,3,0,3,2,0,2,2,1,5,4,3,2,2.31,0,0,FALSE
Male,Loyal Customer,16,Business Travel,Eco,942,1,1,3,1,1,1,2,1,1,3,3,4,1,1.77,25,20,FALSE
Female,Loyal Customer,28,Business Travel,Eco,2466,2,2,5,2,2,2,2,3,4,2,4,2,2,2.62,0,56,FALSE
Female,Loyal Customer,25,Personal Travel,Eco,226,1,2,1,4,3,1,3,3,2,2,3,2,3,2.31,0,0,FALSE
Female,Loyal Customer,26,Business Travel,Eco Plus,2688,5,3,3,3,5,5,5,5,3,3,4,2,5,3.92,11,14,TRUE
Female,Loyal Customer,24,Personal Travel,Eco Plus,868,4,2,4,3,1,4,1,1,3,2,2,1,1,2.23,16,11,FALSE
Male,Loyal Customer,45,Business Travel,Eco,667,3,1,1,1,2,3,2,2,1,1,3,1,2,1.77,124,112,FALSE
Female,Loyal Customer,35,Business Travel,Eco Plus,195,4,1,4,1,4,4,4,4,2,5,4,2,4,3.31,0,0,TRUE
Male,Loyal Customer,17,Personal Travel,Eco,859,0,2,0,3,1,0,1,1,4,5,3,1,1,1.69,0,0,TRUE
Female,Loyal Customer,54,Business Travel,Business,491,1,1,2,1,5,4,4,2,2,2,2,4,3,2.54,0,0,TRUE
Male,Loyal Customer,29,Personal Travel,Eco Plus,413,4,5,4,2,1,4,1,1,3,3,5,3,1,2.85,0,0,FALSE
Male,Loyal Customer,27,Personal Travel,Eco Plus,351,1,1,1,4,5,1,5,5,4,4,3,3,5,3.23,13,4,FALSE
Female,Loyal Customer,14,Personal Travel,Eco,209,3,5,3,3,4,3,4,4,5,4,5,3,4,3.85,38,39,FALSE
Male,Loyal Customer,62,Personal Travel,Business,1726,3,4,3,3,3,5,5,3,3,3,3,5,3,3.54,0,0,FALSE
Female,Loyal Customer,31,Business Travel,Business,3188,5,5,5,5,5,5,5,5,4,4,5,5,5,4.85,0,0,TRUE
Female,Loyal Customer,55,Personal Travel,Eco,1145,3,5,3,4,3,4,4,5,5,3,5,4,3,3.92,0,0,FALSE
Female,Loyal Customer,59,Business Travel,Business,867,1,1,1,1,4,4,5,4,4,4,4,3,5,3.15,0,0,TRUE
Female,Disloyal Customer,22,Business Travel,Eco,349,3,0,3,5,2,3,2,2,1,2,3,3,2,2.38,0,2,FALSE
Male,Disloyal Customer,50,Business Travel,Eco,156,1,0,1,4,1,1,1,1,4,4,1,4,1,1.85,0,0,FALSE
Female,Loyal Customer,30,Business Travel,Eco,604,5,4,4,4,5,5,5,5,2,5,5,2,5,4.31,5,0,TRUE
Female,Loyal Customer,30,Business Travel,Business,2795,2,1,1,1,2,2,2,2,2,5,4,3,2,2.23,35,38,FALSE
Female,Loyal Customer,46,Personal Travel,Eco,628,2,4,2,3,2,5,5,4,2,5,5,5,5,3.77,161,161,FALSE
Male,Loyal Customer,35,Business Travel,Eco Plus,1500,4,3,3,3,4,5,4,4,1,5,2,1,4,3.31,14,0,TRUE
Male,Disloyal Customer,28,Business Travel,Eco,1034,3,3,3,2,5,3,5,5,2,1,2,5,5,3.38,0,0,FALSE
Male,Loyal Customer,31,Business Travel,Business,3323,2,5,5,5,2,2,2,2,3,4,2,1,2,2.85,0,0,FALSE
Male,Loyal Customer,41,Business Travel,Business,979,3,3,3,3,4,5,4,5,5,4,5,3,4,3.92,3,0,TRUE
Female,Loyal Customer,57,Business Travel,Business,3841,3,3,3,3,5,4,4,5,5,5,4,3,5,4,0,14,TRUE
Male,Loyal Customer,53,Personal Travel,Eco,1024,1,4,2,4,4,2,4,4,3,5,3,2,4,3.23,3,0,FALSE
Female,Loyal Customer,56,Business Travel,Eco,843,5,2,2,2,2,2,3,4,4,5,4,5,5,3.46,0,0,TRUE
Female,Disloyal Customer,39,Business Travel,Business,289,3,3,3,3,4,3,4,4,3,2,4,4,4,3.38,10,9,FALSE
Male,Loyal Customer,11,Personal Travel,Eco,1083,1,4,1,1,4,1,4,4,3,3,5,3,4,2.92,0,6,FALSE
Female,Loyal Customer,65,Business Travel,Business,3146,4,4,4,4,2,5,5,5,5,5,5,5,3,4.31,0,12,TRUE
Male,Loyal Customer,32,Business Travel,Business,1087,5,5,2,5,4,4,4,4,1,1,4,1,4,3.38,0,0,TRUE
Female,Loyal Customer,37,Business Travel,Eco,171,2,4,4,4,2,2,2,2,3,4,4,2,2,2.85,298,281,FALSE
Male,Loyal Customer,58,Business Travel,Business,3206,5,5,5,5,3,1,5,5,5,5,5,5,2,4.31,0,0,TRUE
Female,Loyal Customer,58,Business Travel,Business,2120,2,2,2,2,2,4,4,4,4,4,5,5,5,3.46,0,0,TRUE
Male,Loyal Customer,56,Business Travel,Eco,363,4,4,2,2,4,4,4,4,4,5,5,2,4,3.69,3,0,TRUE
Female,Loyal Customer,52,Business Travel,Business,1660,2,3,2,2,3,4,5,5,5,5,5,3,5,3.77,0,0,TRUE
Male,Disloyal Customer,28,Business Travel,Eco,795,3,3,3,4,1,3,1,1,5,4,4,2,1,2.69,42,43,FALSE
Female,Loyal Customer,25,Personal Travel,Eco,894,2,2,2,4,3,2,3,3,3,1,3,2,3,2.54,61,55,FALSE
Male,Loyal Customer,42,Business Travel,Business,1634,5,5,5,5,1,5,2,5,5,5,5,5,3,4.31,0,0,TRUE
Male,Loyal Customer,20,Business Travel,Eco,259,3,3,5,3,3,3,3,3,4,5,3,2,3,3.31,0,0,FALSE
Female,Loyal Customer,50,Business Travel,Business,1995,5,5,5,5,5,5,4,4,4,4,4,4,4,4.46,88,56,TRUE
Male,Loyal Customer,44,Business Travel,Business,588,3,3,3,3,4,4,4,3,4,5,4,4,4,3.69,146,131,TRUE
Female,Loyal Customer,57,Business Travel,Business,630,2,2,2,2,4,5,4,2,2,2,2,4,5,2.92,0,0,TRUE
Female,Loyal Customer,25,Personal Travel,Eco,978,4,5,4,2,5,4,5,5,4,3,4,5,5,4.23,0,0,FALSE
Male,Loyal Customer,51,Business Travel,Business,3038,4,5,5,5,2,4,3,4,4,3,4,2,3,3.69,6,2,FALSE
Female,Loyal Customer,52,Business Travel,Business,646,5,5,5,5,5,5,5,5,5,5,5,4,4,4.85,20,14,TRUE
Male,Loyal Customer,39,Business Travel,Business,908,5,5,5,5,5,5,5,5,5,5,5,5,4,4.92,97,82,TRUE
Male,Loyal Customer,52,Business Travel,Eco,1068,2,3,3,3,2,2,2,2,1,4,3,4,2,2.54,0,0,FALSE
Female,Disloyal Customer,28,Business Travel,Eco,416,3,0,3,5,2,3,3,2,5,2,2,1,2,2.54,3,0,FALSE
Male,Loyal Customer,41,Personal Travel,Eco,451,3,4,3,2,3,3,3,3,4,4,5,3,3,3.31,0,0,FALSE
Male,Loyal Customer,58,Business Travel,Business,589,1,1,1,1,3,4,4,1,1,1,1,3,3,1.92,13,8,FALSE
Male,Loyal Customer,26,Business Travel,Eco,641,3,3,3,3,3,4,5,3,2,1,1,5,3,3,0,0,TRUE
Male,Loyal Customer,49,Business Travel,Business,500,2,1,5,5,1,3,2,2,2,3,2,2,2,2.46,0,0,FALSE
Female,Loyal Customer,39,Business Travel,Business,3700,1,4,4,4,1,4,3,1,1,1,1,3,4,2.46,105,121,FALSE
Male,Loyal Customer,59,Business Travel,Business,589,3,3,3,3,3,4,5,4,4,5,4,3,3,3.62,2,16,TRUE
Male,Loyal Customer,46,Business Travel,Business,3834,4,4,4,4,5,5,5,5,5,5,5,3,3,4.38,11,1,TRUE
Male,Disloyal Customer,22,Business Travel,Eco,997,3,3,3,3,4,3,4,4,2,5,4,2,4,3.38,0,,FALSE
Male,Loyal Customer,46,Business Travel,Business,2747,4,1,1,1,5,3,4,4,4,4,4,4,4,3.31,0,0,FALSE
Male,Loyal Customer,24,Personal Travel,Eco,491,1,0,1,1,4,1,4,4,5,5,4,5,4,3,0,0,FALSE
Female,Loyal Customer,57,Business Travel,Business,1883,4,4,4,4,3,5,4,3,3,4,3,5,3,3.77,0,5,TRUE
Female,Loyal Customer,55,Personal Travel,Eco,721,3,5,3,5,4,4,4,5,5,3,5,4,5,4.23,21,37,FALSE
Female,Loyal Customer,49,Personal Travel,Eco,239,3,5,3,1,2,1,4,4,4,3,3,3,3,3,0,0,FALSE
Male,Loyal Customer,42,Business Travel,Business,1355,3,3,3,3,5,5,5,4,5,5,4,5,5,4.23,423,403,TRUE
Male,Loyal Customer,58,Business Travel,Business,554,5,4,5,5,4,5,5,5,5,5,5,3,5,4.69,0,0,TRUE
Male,Loyal Customer,44,Business Travel,Business,325,1,1,1,1,5,4,5,5,5,5,5,4,4,3.54,66,80,TRUE
Male,Disloyal Customer,40,Business Travel,Eco Plus,689,1,0,0,3,3,0,3,3,1,1,4,3,3,1.92,0,1,FALSE
Female,Disloyal Customer,25,Business Travel,Eco,967,2,2,2,4,1,2,2,1,3,1,3,3,1,2.08,85,94,FALSE
Male,Loyal Customer,53,Business Travel,Business,667,4,4,4,4,3,5,4,5,5,5,5,5,3,4.31,10,24,TRUE
Male,Loyal Customer,52,Business Travel,Eco,620,2,2,2,2,2,2,2,2,2,3,2,2,2,2.08,0,4,FALSE
Male,Loyal Customer,63,Personal Travel,Eco,1471,4,4,4,3,3,4,3,3,4,4,4,4,3,3.62,0,7,FALSE
Female,Loyal Customer,10,Personal Travel,Eco Plus,216,4,4,4,3,5,4,5,5,3,2,4,4,5,4,0,0,FALSE
Male,Loyal Customer,37,Personal Travel,Eco,1121,4,4,4,2,5,4,5,5,4,4,5,5,5,4.31,0,6,FALSE
Male,Loyal Customer,61,Personal Travel,Eco,370,3,3,3,4,2,3,2,2,1,3,3,4,2,2.69,0,0,FALSE
Female,Loyal Customer,35,Business Travel,Business,545,2,2,2,2,5,4,4,5,5,5,5,3,4,3.69,4,0,TRUE
Female,Loyal Customer,29,Business Travel,Eco Plus,1010,0,0,0,3,3,0,3,3,4,1,1,1,3,1.69,0,0,TRUE
Male,Loyal Customer,43,Business Travel,Eco,965,4,4,4,4,4,4,4,4,4,3,5,5,4,4.08,0,1,TRUE
Male,Disloyal Customer,22,Business Travel,Eco,1379,5,5,5,2,4,5,4,4,5,3,4,4,4,4.15,9,19,TRUE
Male,Disloyal Customer,30,Business Travel,Eco,377,2,2,2,4,4,2,4,4,4,5,4,3,4,3.38,35,29,FALSE
Male,Disloyal Customer,26,Business Travel,Eco,420,4,0,4,4,5,4,5,5,2,2,3,2,5,3.46,16,0,TRUE
Male,Loyal Customer,60,Personal Travel,Eco,529,1,4,1,5,2,1,2,2,3,5,5,5,2,2.92,0,0,FALSE
Male,Loyal Customer,41,Business Travel,Eco,526,1,0,0,3,4,1,4,4,4,3,3,4,4,2.69,0,0,FALSE
Male,Loyal Customer,43,Business Travel,Business,2008,1,1,1,1,4,1,3,5,5,5,3,1,5,2.77,0,0,TRUE
Male,Loyal Customer,50,Business Travel,Eco Plus,781,1,2,2,2,1,1,1,1,1,5,1,3,1,1.69,13,20,FALSE
Male,Loyal Customer,30,Personal Travel,Business,577,1,4,1,2,1,1,1,1,3,5,5,4,1,2.31,0,0,FALSE
Male,Loyal Customer,20,Personal Travel,Eco,235,3,4,0,3,4,0,4,4,4,1,3,1,4,2.69,30,35,FALSE
Male,Disloyal Customer,39,Business Travel,Business,984,1,2,2,2,5,2,5,5,3,2,5,5,5,3.38,2,0,FALSE
Female,Loyal Customer,54,Business Travel,Business,3899,4,4,2,4,4,4,5,5,5,5,5,5,3,4.23,104,98,TRUE
Female,Loyal Customer,49,Business Travel,Business,1814,4,4,4,4,2,5,4,4,4,4,4,4,3,3.85,8,16,TRUE
Male,Loyal Customer,52,Business Travel,Business,2957,2,2,2,2,4,5,5,4,4,4,4,3,4,3.46,0,29,TRUE
Male,Loyal Customer,43,Business Travel,Business,3305,0,3,0,4,4,5,5,5,5,1,1,2,1,2.77,0,0,TRUE
Female,Disloyal Customer,29,Business Travel,Eco Plus,406,3,3,3,2,3,3,3,3,3,2,2,4,3,2.85,24,20,FALSE
Female,Loyal Customer,64,Personal Travel,Eco,853,2,4,2,1,3,4,5,3,3,2,5,4,5,3.31,0,0,FALSE
Female,Disloyal Customer,21,Business Travel,Eco,228,2,4,2,3,1,2,1,1,1,5,3,3,1,2.23,0,0,FALSE
Female,Loyal Customer,53,Business Travel,Business,3703,3,3,3,3,2,4,5,4,4,4,4,5,3,3.62,0,0,TRUE
Male,Loyal Customer,55,Business Travel,Business,674,1,2,2,2,3,3,3,1,1,1,1,1,3,1.85,0,1,FALSE
Female,Loyal Customer,36,Personal Travel,Eco Plus,626,2,4,2,3,1,2,5,1,5,3,5,4,1,2.92,23,22,FALSE
Male,Disloyal Customer,50,Business Travel,Eco,459,2,0,2,1,2,2,2,2,1,5,3,1,2,1.92,69,67,FALSE
Male,Loyal Customer,9,Personal Travel,Eco Plus,1162,2,1,2,4,3,2,3,3,2,5,2,1,3,2.54,60,44,FALSE
Male,Loyal Customer,57,Business Travel,Business,3697,3,3,4,3,5,5,4,5,5,5,5,5,5,4.38,45,32,TRUE
Female,Loyal Customer,9,Personal Travel,Eco,1448,1,1,1,1,2,1,2,2,4,1,1,2,2,1.62,0,0,FALSE
Female,Loyal Customer,40,Business Travel,Eco,708,1,2,2,2,1,1,1,1,3,5,4,1,1,1.92,10,6,FALSE
Male,Loyal Customer,29,Business Travel,Business,733,1,1,1,1,4,4,4,4,5,4,4,4,4,3.15,107,138,TRUE
Male,Loyal Customer,48,Business Travel,Business,888,2,2,2,2,3,5,4,4,4,5,4,5,5,3.62,9,12,TRUE
Female,Loyal Customer,55,Business Travel,Business,1204,1,1,1,1,3,4,5,5,5,5,5,4,5,3.46,33,,TRUE
Female,Loyal Customer,50,Business Travel,Business,2303,3,5,5,5,2,2,3,3,3,4,3,2,4,3.38,0,6,FALSE
Male,Loyal Customer,39,Business Travel,Business,1920,2,2,2,2,4,5,4,5,5,5,4,4,5,3.77,9,6,TRUE
Male,Loyal Customer,33,Business Travel,Eco Plus,1009,2,3,3,3,2,2,2,2,3,4,3,1,2,2.46,3,0,FALSE
Male,Loyal Customer,58,Business Travel,Business,154,3,2,2,2,3,4,4,2,2,2,3,1,2,2.46,1,6,FALSE
Male,Disloyal Customer,35,Business Travel,Business,787,2,2,2,3,5,2,5,5,3,5,5,5,5,3.77,70,49,FALSE
Male,Loyal Customer,39,Business Travel,Business,1136,3,3,3,3,2,4,5,4,4,4,4,4,5,3.69,5,0,TRUE
Male,Loyal Customer,25,Personal Travel,Eco,227,1,4,1,3,2,1,2,2,5,5,1,3,2,2.46,0,1,FALSE
Male,Disloyal Customer,55,Business Travel,Business,1390,5,5,5,4,2,5,4,2,3,2,5,3,2,3.62,31,28,TRUE
Male,Loyal Customer,53,Business Travel,Business,1728,2,2,4,2,2,4,5,2,2,2,2,5,3,2.85,1,0,TRUE
Female,Loyal Customer,51,Business Travel,Business,633,1,1,1,1,3,3,4,3,3,3,3,4,4,2.62,69,59,TRUE
Female,Loyal Customer,43,Business Travel,Business,2710,5,1,5,5,3,4,5,3,3,3,3,5,3,3.69,26,10,TRUE
Female,Loyal Customer,14,Personal Travel,Eco,1144,1,5,1,2,2,1,2,2,2,5,5,5,2,2.69,0,18,FALSE
Male,Loyal Customer,48,Business Travel,Eco,369,4,2,2,2,4,4,4,4,3,3,4,1,4,3.15,0,0,FALSE
Female,Loyal Customer,9,Personal Travel,Eco,255,3,4,3,1,1,3,1,1,4,3,4,4,1,2.54,23,21,FALSE
Male,Loyal Customer,40,Business Travel,Business,761,3,3,3,3,2,5,5,5,5,5,5,5,5,4.15,2,8,TRUE
Female,Loyal Customer,58,Personal Travel,Eco,1035,3,4,3,5,3,5,5,2,2,3,2,5,4,3.54,0,0,FALSE
Female,Disloyal Customer,20,Business Travel,Business,1142,5,0,5,3,2,5,4,2,3,4,4,3,2,3.23,0,0,TRUE
Female,Loyal Customer,31,Personal Travel,Eco,937,3,3,3,1,1,3,1,1,3,1,5,4,1,2.31,0,0,FALSE
Female,Disloyal Customer,24,Business Travel,Business,626,3,4,3,3,1,3,2,1,3,2,4,2,1,2.46,0,0,FALSE
Female,Loyal Customer,39,Business Travel,Business,2412,3,2,2,2,5,4,3,3,3,3,3,2,2,2.85,3,9,FALSE
Male,Loyal Customer,54,Business Travel,Business,1649,3,3,3,3,4,4,4,4,4,4,4,3,5,3.69,27,41,TRUE
Male,Loyal Customer,47,Business Travel,Eco,236,4,1,1,1,4,4,4,4,3,3,3,3,4,3,0,0,TRUE
Female,Loyal Customer,26,Personal Travel,Eco,314,4,5,4,5,3,4,3,3,4,5,5,3,3,3.92,11,8,FALSE
Male,Loyal Customer,32,Business Travel,Business,224,0,5,0,5,1,1,1,1,2,1,2,5,1,1.92,7,8,TRUE
Male,Loyal Customer,51,Business Travel,Eco Plus,1097,4,5,5,5,4,4,4,4,5,4,1,4,4,4.08,0,0,TRUE
Female,Loyal Customer,35,Business Travel,Business,3652,4,4,4,4,5,4,5,5,5,5,5,3,5,4.46,7,3,TRUE
Female,Loyal Customer,46,Business Travel,Business,575,4,2,4,4,2,5,5,4,4,4,4,5,5,4,0,0,TRUE
Female,Disloyal Customer,30,Business Travel,Eco,641,3,0,3,3,4,3,4,4,2,2,2,5,4,3,0,0,FALSE
Male,Loyal Customer,39,Business Travel,Business,171,4,4,3,4,2,4,1,4,4,4,4,3,4,3.46,2,0,TRUE
Male,Loyal Customer,42,Business Travel,Business,1454,2,2,2,2,5,5,5,4,4,4,4,5,4,3.69,0,0,TRUE
Female,Loyal Customer,24,Business Travel,Business,2740,4,4,4,4,4,4,4,4,3,1,4,4,4,3.69,3,0,FALSE
Male,Loyal Customer,35,Personal Travel,Eco,1390,3,5,3,3,4,3,4,4,2,1,4,2,4,3.23,31,46,FALSE
Male,Loyal Customer,20,Business Travel,Business,2391,2,1,1,1,2,2,2,2,2,4,3,2,2,2,0,0,FALSE
Male,Loyal Customer,18,Business Travel,Business,3200,3,1,4,1,3,3,3,3,4,1,3,1,3,2.54,13,14,FALSE
Male,Loyal Customer,58,Business Travel,Business,2430,3,2,5,5,3,3,4,3,3,3,3,4,4,3.46,4,10,FALSE
Female,Loyal Customer,24,Personal Travel,Eco,679,4,1,5,2,3,5,3,3,1,2,3,4,3,3,3,9,TRUE
Male,Loyal Customer,35,Business Travel,Eco,1533,4,1,1,1,4,4,4,4,5,2,4,2,4,3.08,0,0,TRUE
Male,Loyal Customer,70,Business Travel,Business,419,1,4,5,5,1,3,3,1,1,1,1,1,1,2.15,66,53,FALSE
Male,Loyal Customer,38,Business Travel,Business,3538,3,1,3,1,1,4,4,3,3,3,3,2,4,2.69,16,16,FALSE
Female,Disloyal Customer,28,Business Travel,Eco,715,2,2,2,4,2,2,2,2,3,3,5,3,2,2.62,0,0,FALSE
Female,Loyal Customer,70,Personal Travel,Eco Plus,1224,2,4,2,1,5,2,3,1,1,2,1,4,4,2.46,0,0,FALSE
Female,Loyal Customer,52,Personal Travel,Eco,4817,3,5,3,5,3,1,4,4,4,3,4,4,4,3.62,45,16,FALSE
Male,Loyal Customer,56,Business Travel,Business,1950,2,2,4,2,4,4,3,2,2,2,2,3,4,2.77,0,0,FALSE
Male,Loyal Customer,20,Personal Travel,Eco,1258,1,5,1,4,2,1,2,2,3,5,3,5,2,2.77,0,10,FALSE
Male,Loyal Customer,15,Business Travel,Business,1005,1,1,1,1,5,5,5,5,3,4,4,3,5,3.31,0,0,TRUE
Male,Disloyal Customer,22,Business Travel,Business,214,5,0,5,4,5,5,2,5,4,3,4,1,5,3.69,0,0,TRUE
Male,Loyal Customer,61,Personal Travel,Eco,305,3,4,4,1,2,4,1,2,4,3,4,5,2,3,0,0,FALSE
Female,Loyal Customer,26,Personal Travel,Eco,785,3,5,3,4,2,3,3,2,5,4,4,4,2,3.38,0,0,FALSE
Male,Loyal Customer,17,Business Travel,Business,273,2,5,5,5,2,2,2,2,4,5,3,1,2,3.08,3,10,FALSE
Male,Loyal Customer,51,Business Travel,Business,3724,1,1,1,1,2,4,4,5,5,5,5,3,4,3.15,6,0,TRUE
Male,Loyal Customer,65,Personal Travel,Eco,1074,3,4,3,3,5,3,5,5,5,3,5,3,5,4,11,20,FALSE
Female,Loyal Customer,18,Business Travel,Business,1167,4,4,1,4,5,5,5,5,5,3,4,4,5,4.15,0,0,TRUE
Male,Loyal Customer,63,Personal Travel,Eco,604,5,4,5,3,2,5,2,2,5,4,5,5,2,3.77,0,0,TRUE
Female,Disloyal Customer,23,Business Travel,Eco,122,1,0,1,2,4,1,4,4,4,5,4,3,4,2.85,0,0,FALSE
Female,Loyal Customer,50,Business Travel,Business,3711,3,3,3,3,5,5,5,3,2,5,5,5,5,4,3,0,TRUE
Female,Disloyal Customer,79,Business Travel,Eco,102,2,2,2,3,3,2,3,3,2,2,4,2,3,2.54,0,0,FALSE
Male,Loyal Customer,7,Personal Travel,Eco,445,2,2,2,3,3,2,3,3,2,4,3,3,3,2.69,8,20,FALSE
Female,Loyal Customer,19,Personal Travel,Eco,862,3,5,3,2,3,3,3,3,4,2,5,5,3,3.38,78,91,FALSE
Male,Loyal Customer,51,Personal Travel,Eco,404,1,4,4,4,2,4,3,2,1,2,2,1,2,2.46,0,8,FALSE
Female,Disloyal Customer,29,Business Travel,Eco,919,4,4,4,4,5,4,5,5,2,3,3,1,5,3.77,17,9,FALSE
Female,Disloyal Customer,26,Business Travel,Eco,1032,3,3,3,3,5,3,5,5,4,5,3,3,5,3.85,1,0,FALSE
Male,Disloyal Customer,21,Business Travel,Eco,966,4,4,4,3,2,4,2,2,5,3,5,4,2,3.38,0,4,TRUE
Female,Disloyal Customer,28,Business Travel,Business,1972,1,1,1,3,2,1,2,2,4,5,5,3,2,2.46,1,0,FALSE
Male,Loyal Customer,25,Business Travel,Business,1766,2,5,5,5,2,2,2,2,4,2,3,4,2,3.08,0,26,FALSE
Female,Loyal Customer,54,Personal Travel,Eco,1491,1,2,1,2,4,1,3,4,4,1,4,4,4,2.69,34,6,FALSE
Male,Loyal Customer,34,Business Travel,Business,1882,2,4,4,4,4,4,4,2,2,3,2,2,4,3.15,15,3,FALSE
Male,Loyal Customer,49,Business Travel,Business,463,4,4,4,4,5,5,4,2,2,2,2,4,4,3.54,0,0,TRUE
Male,Loyal Customer,51,Business Travel,Business,1499,1,1,1,1,4,4,4,1,1,1,1,3,2,1.92,9,8,FALSE
Male,Loyal Customer,52,Business Travel,Eco,303,5,5,5,5,5,5,5,5,4,1,1,3,5,4.15,66,63,TRUE
Female,Loyal Customer,46,Business Travel,Eco,756,4,5,5,5,1,3,2,3,3,4,3,1,2,3.15,22,32,FALSE
Male,Disloyal Customer,25,Business Travel,Business,1192,0,3,0,3,2,0,4,2,4,3,4,4,2,2.38,0,0,TRUE
Female,Loyal Customer,30,Personal Travel,Eco,1660,4,4,4,2,4,4,4,4,5,5,3,3,4,3.85,2,0,FALSE
Male,Loyal Customer,39,Business Travel,Eco Plus,269,2,5,5,5,2,2,2,2,2,3,4,2,2,2.92,56,31,FALSE
Female,Disloyal Customer,20,Business Travel,Eco,447,4,0,4,3,4,4,5,4,3,3,4,4,4,3.54,0,4,TRUE
Male,Loyal Customer,68,Personal Travel,Eco,469,3,4,3,4,3,3,2,3,4,3,5,4,3,3.38,0,0,FALSE
Male,Loyal Customer,21,Personal Travel,Eco,399,2,4,2,3,1,2,1,1,4,5,5,4,1,2.69,4,17,FALSE
Male,Loyal Customer,37,Business Travel,Business,3652,2,2,2,2,5,2,2,5,5,5,5,1,4,3.23,10,2,TRUE
Female,Loyal Customer,56,Business Travel,Business,372,1,1,1,1,4,5,4,4,4,4,4,5,5,3.31,0,0,TRUE
Female,Disloyal Customer,29,Business Travel,Eco,192,1,0,0,5,2,0,2,2,1,1,1,5,2,1.69,0,0,FALSE
Female,Disloyal Customer,38,Business Travel,Business,294,3,3,3,2,1,3,1,1,3,5,5,4,1,2.69,0,0,TRUE
Female,Disloyal Customer,26,Business Travel,Eco,607,2,3,2,3,2,2,2,2,3,5,3,2,2,2.54,0,0,FALSE
Male,Loyal Customer,44,Business Travel,Eco,525,1,3,3,3,1,1,1,1,3,3,4,1,1,2,0,30,FALSE
Female,Loyal Customer,41,Personal Travel,Eco,1751,4,2,4,3,1,4,1,1,1,3,3,4,1,2.46,0,,FALSE
Female,Loyal Customer,40,Business Travel,Business,2296,5,5,5,5,4,3,5,4,4,5,4,3,3,4.23,1,0,TRUE
Male,Loyal Customer,53,Business Travel,Business,746,4,4,4,4,5,5,5,5,5,5,5,5,3,4.54,0,0,TRUE
Female,Loyal Customer,39,Business Travel,Business,3784,4,4,4,4,5,5,4,5,5,5,5,4,3,4.38,0,0,TRUE
Female,Loyal Customer,47,Business Travel,Business,2383,1,1,1,1,5,4,5,4,4,4,4,3,5,3.23,28,14,TRUE
Female,Disloyal Customer,16,Business Travel,Eco,1184,3,4,4,3,3,4,3,3,4,5,4,3,3,3.54,0,0,FALSE
Female,Loyal Customer,12,Personal Travel,Eco,2174,5,2,5,4,2,5,4,2,2,5,4,4,2,3.54,0,0,TRUE
Female,Loyal Customer,26,Business Travel,Business,2026,1,1,1,1,5,5,5,5,4,3,5,5,5,3.54,3,20,TRUE
Male,Loyal Customer,27,Personal Travel,Eco,632,1,4,1,1,4,1,4,4,4,5,4,4,4,3.15,0,0,FALSE
Male,Loyal Customer,28,Personal Travel,Eco,175,3,3,3,1,1,3,1,1,1,4,5,5,1,2.46,0,0,FALSE
Male,Loyal Customer,50,Business Travel,Business,338,0,0,0,4,3,4,4,4,4,4,4,3,3,2.85,0,0,TRUE
Female,Loyal Customer,51,Personal Travel,Eco,163,3,5,3,2,4,5,5,5,5,3,5,5,5,4.23,0,0,FALSE
Female,Loyal Customer,59,Business Travel,Business,2454,2,2,3,2,4,4,4,5,5,4,4,4,4,3.62,134,123,TRUE
Female,Loyal Customer,30,Business Travel,Business,3270,4,2,2,2,4,4,4,4,2,5,3,1,4,3.15,0,0,FALSE
Male,Loyal Customer,35,Business Travel,Business,1846,4,4,4,4,4,4,4,5,5,5,5,4,4,4.31,111,88,TRUE
Male,Loyal Customer,41,Business Travel,Business,3525,2,2,4,2,4,2,5,4,4,4,4,1,1,3,21,27,TRUE
Male,Loyal Customer,64,Personal Travel,Eco,1460,2,4,2,4,3,2,3,3,4,3,5,5,3,3.31,0,22,FALSE
Male,Loyal Customer,49,Business Travel,Eco,458,4,4,4,4,4,4,4,4,3,3,5,1,4,3.69,0,0,TRUE
Female,Loyal Customer,31,Personal Travel,Eco,731,2,5,2,1,1,2,1,1,4,3,3,4,1,2.31,0,0,FALSE
Male,Loyal Customer,28,Personal Travel,Eco,859,1,5,1,2,2,1,2,2,3,2,4,3,2,2.31,0,0,FALSE
Female,Disloyal Customer,26,Business Travel,Business,544,2,0,2,5,5,2,4,5,3,4,5,4,5,3.54,0,0,FALSE
Male,Disloyal Customer,65,Business Travel,Business,266,4,4,4,2,2,4,2,2,1,1,2,4,2,2.62,0,0,FALSE
Female,Disloyal Customer,62,Business Travel,Eco,1562,3,3,3,2,3,3,3,3,2,1,2,2,3,2.54,4,0,FALSE
Male,Loyal Customer,46,Personal Travel,Eco Plus,867,4,5,4,4,4,4,1,4,4,4,5,1,4,3.69,0,0,FALSE
Female,Loyal Customer,11,Personal Travel,Eco Plus,861,4,1,4,2,2,4,2,2,2,2,3,1,2,2.38,16,11,TRUE
Female,Loyal Customer,27,Business Travel,Business,1550,3,3,3,3,2,2,2,2,4,4,5,5,2,3.08,0,0,TRUE
Female,Loyal Customer,34,Business Travel,Business,1739,3,3,3,3,2,5,3,5,5,5,5,2,5,3.77,0,0,TRUE
Female,Disloyal Customer,23,Business Travel,Eco,1119,2,3,3,4,4,3,4,4,3,1,4,1,4,3.08,78,111,FALSE
Female,Disloyal Customer,23,Business Travel,Business,1440,0,5,0,4,3,0,3,3,4,5,4,4,3,2.92,0,0,TRUE
Female,Disloyal Customer,21,Business Travel,Eco,1183,1,1,1,3,2,1,2,2,4,5,2,4,2,2.31,0,0,FALSE
Female,Loyal Customer,32,Business Travel,Business,641,1,1,1,1,1,2,1,1,5,2,4,3,1,1.85,0,0,TRUE
Male,Loyal Customer,54,Business Travel,Business,1145,2,2,2,2,5,5,4,5,5,5,5,5,5,4,0,0,TRUE
Female,Disloyal Customer,25,Business Travel,Business,991,4,2,4,1,2,4,2,2,5,5,5,4,2,3.23,0,0,TRUE
Male,Disloyal Customer,30,Business Travel,Eco,432,1,0,1,2,3,1,5,3,1,4,3,4,3,2.38,0,14,FALSE
Male,Disloyal Customer,21,Business Travel,Eco,140,1,4,1,4,3,1,3,3,5,3,3,1,3,2.69,0,0,FALSE
Female,Loyal Customer,29,Personal Travel,Eco,993,2,5,2,4,4,2,4,4,3,2,5,3,4,3.38,11,5,FALSE
Male,Disloyal Customer,25,Business Travel,Eco,427,3,3,3,3,3,3,3,3,3,1,3,1,3,2.69,45,20,FALSE
Male,Loyal Customer,33,Business Travel,Business,2529,2,5,5,5,2,2,2,2,1,4,3,1,2,2.77,0,0,FALSE
Male,Loyal Customer,9,Business Travel,Business,3868,3,3,3,3,3,3,3,3,2,4,3,3,3,3,8,19,FALSE
Male,Loyal Customer,51,Business Travel,Business,1979,3,3,3,3,4,5,5,5,5,5,5,3,4,4.08,47,35,TRUE
Female,Loyal Customer,51,Business Travel,Eco,912,2,4,4,4,2,2,3,2,2,2,2,2,1,2.46,30,34,FALSE
Male,Disloyal Customer,35,Business Travel,Business,236,1,1,1,4,2,1,2,2,4,1,3,1,2,1.92,0,0,FALSE
Female,Loyal Customer,53,Personal Travel,Eco,1069,1,2,1,3,4,3,4,1,1,1,1,4,2,2.15,0,0,FALSE
Female,Loyal Customer,49,Business Travel,Business,3713,1,1,1,1,3,4,3,5,5,5,5,2,2,2.92,72,64,TRUE
Male,Loyal Customer,17,Business Travel,Eco Plus,1437,3,5,5,5,3,2,4,3,2,2,4,2,3,3.31,26,53,FALSE
Female,Loyal Customer,57,Business Travel,Eco,679,4,3,3,3,4,2,5,4,4,4,4,2,1,3.31,0,0,TRUE
Male,Disloyal Customer,20,Business Travel,Eco,119,2,0,2,1,3,2,3,3,3,5,3,5,3,2.69,0,0,FALSE
Female,Loyal Customer,28,Personal Travel,Eco,1546,1,5,1,4,2,1,2,2,4,5,5,4,2,2.92,7,17,FALSE
Male,Loyal Customer,17,Personal Travel,Eco,1062,2,5,2,2,2,2,2,2,4,3,5,5,2,2.92,0,0,FALSE
Female,Loyal Customer,57,Business Travel,Business,2233,2,2,2,2,4,4,5,4,4,4,5,5,3,3.54,27,0,TRUE
Female,Loyal Customer,48,Business Travel,Business,594,2,2,2,2,4,5,5,4,4,4,4,3,4,3.46,0,0,TRUE
Female,Disloyal Customer,60,Business Travel,Business,1235,4,4,4,2,1,4,1,1,5,5,5,5,1,3.23,0,0,FALSE
Female,Loyal Customer,16,Personal Travel,Eco,913,2,2,1,4,1,1,1,1,1,1,3,4,1,1.77,0,0,FALSE
Female,Loyal Customer,43,Business Travel,Business,3465,1,3,3,3,5,4,3,2,2,2,1,2,1,2.46,0,0,FALSE
Female,Loyal Customer,53,Personal Travel,Eco,429,3,4,3,3,5,1,1,1,1,3,5,2,2,2.62,0,0,FALSE
Female,Loyal Customer,46,Personal Travel,Eco,682,4,4,4,3,4,1,1,1,1,4,4,2,1,2.62,15,7,FALSE
Male,Loyal Customer,42,Business Travel,Business,2392,5,5,5,5,5,4,5,4,4,4,4,5,4,4.54,0,0,TRUE
Male,Loyal Customer,14,Personal Travel,Eco,1045,2,2,2,2,5,2,1,5,2,3,3,1,5,2.69,0,,FALSE
Female,Loyal Customer,58,Business Travel,Business,109,2,1,1,1,3,3,3,1,1,1,2,1,2,1.69,0,0,FALSE
Female,Disloyal Customer,32,Business Travel,Business,227,2,1,1,1,2,1,2,2,5,5,5,5,2,2.62,0,0,FALSE
Male,Loyal Customer,70,Business Travel,Eco,425,3,5,5,5,3,3,3,3,2,4,3,2,3,3.38,0,0,FALSE
Female,Loyal Customer,28,Business Travel,Eco,826,5,2,2,2,5,5,5,5,3,2,5,1,5,3.62,43,39,TRUE
Male,Loyal Customer,44,Business Travel,Business,3138,4,4,2,4,5,4,4,5,5,5,5,4,3,4.15,0,0,TRUE
Male,Loyal Customer,57,Business Travel,Eco,67,3,5,5,5,3,3,3,3,1,5,4,3,3,3.54,0,0,FALSE
Male,Loyal Customer,26,Business Travel,Business,1747,2,2,5,2,4,4,4,4,5,3,4,4,4,3.62,0,0,TRUE
Male,Disloyal Customer,25,Business Travel,Business,710,2,5,3,1,3,3,3,3,4,4,5,4,3,3.31,0,0,FALSE
Male,Disloyal Customer,40,Business Travel,Business,184,2,2,2,1,3,2,3,3,4,2,4,4,3,2.69,0,81,FALSE
Male,Loyal Customer,14,Business Travel,Business,1846,2,2,2,2,2,2,2,2,4,3,3,3,2,2.38,26,38,FALSE
Female,Disloyal Customer,12,Business Travel,Eco,1123,2,2,2,3,4,2,4,4,3,4,4,4,4,3.23,0,10,FALSE
Female,Loyal Customer,57,Business Travel,Eco,433,4,5,5,5,3,5,3,4,4,4,4,4,3,4.08,77,98,TRUE
Male,Disloyal Customer,24,Business Travel,Eco,569,2,0,2,2,2,2,2,2,3,5,3,4,2,2.38,0,5,FALSE
Female,Loyal Customer,41,Personal Travel,Eco,783,1,5,1,2,2,1,2,2,3,4,4,3,2,2.46,0,0,FALSE
Male,Loyal Customer,21,Personal Travel,Eco,1192,1,4,2,4,4,2,4,4,4,1,3,3,4,3.08,0,0,FALSE
Male,Loyal Customer,30,Business Travel,Business,352,1,1,1,1,4,4,4,4,5,2,3,3,4,2.85,0,1,TRUE
Female,Loyal Customer,25,Personal Travel,Eco,451,1,4,1,1,1,5,5,5,5,4,5,5,5,3.62,154,177,FALSE
Male,Loyal Customer,56,Business Travel,Business,1979,1,1,1,1,2,3,5,4,4,4,4,4,5,3,40,21,TRUE
Male,Disloyal Customer,27,Business Travel,Business,371,3,3,3,5,2,3,1,2,4,3,4,5,2,3.08,0,0,FALSE
Male,Loyal Customer,53,Personal Travel,Eco,414,2,2,2,3,4,2,4,4,3,2,4,3,4,3,0,0,FALSE
Male,Loyal Customer,52,Business Travel,Business,1766,4,5,4,4,4,5,5,4,4,4,4,5,3,4.23,0,0,TRUE
Female,Disloyal Customer,24,Business Travel,Eco,1065,4,4,4,3,2,4,3,2,4,2,4,2,2,3.08,10,17,FALSE
Male,Loyal Customer,46,Business Travel,Business,2302,2,2,2,2,4,4,4,4,3,4,5,4,4,3.38,221,212,TRUE
Male,Disloyal Customer,27,Business Travel,Eco,1216,2,2,2,1,5,2,5,5,3,2,4,1,5,3,0,0,FALSE
Female,Loyal Customer,25,Business Travel,Business,2425,1,1,1,1,4,4,4,4,4,3,5,4,4,3.08,0,0,TRUE
Female,Loyal Customer,16,Personal Travel,Eco,420,3,3,3,1,2,3,2,2,3,5,4,4,2,2.85,0,0,FALSE
Female,Loyal Customer,54,Personal Travel,Eco,472,2,3,5,2,3,5,5,3,3,5,1,3,2,3.23,0,0,FALSE
Male,Loyal Customer,39,Business Travel,Business,2951,3,3,2,3,5,3,3,3,3,3,3,2,2,2.92,0,0,FALSE
Male,Loyal Customer,38,Business Travel,Business,135,2,2,2,2,5,5,5,5,5,5,4,3,5,3.85,0,0,TRUE
Male,Loyal Customer,17,Personal Travel,Eco,271,5,0,5,5,5,5,5,5,1,2,1,5,5,3.77,0,0,TRUE
Female,Disloyal Customer,54,Business Travel,Eco,599,2,3,2,4,2,2,2,2,4,4,4,1,2,2.62,0,0,FALSE
Female,Disloyal Customer,23,Business Travel,Eco,2565,4,4,4,3,1,4,1,1,3,3,4,3,1,2.77,4,21,FALSE
Male,Loyal Customer,36,Business Travel,Eco,954,3,3,3,3,3,3,3,1,1,4,2,3,3,2.69,531,485,TRUE
Female,Loyal Customer,68,Business Travel,Business,297,5,5,5,5,3,3,4,4,4,5,4,3,2,4,54,67,TRUE
Male,Loyal Customer,28,Business Travel,Business,2588,2,2,2,2,5,5,5,3,4,3,3,5,5,3.54,1,12,TRUE
Male,Loyal Customer,53,Business Travel,Business,728,4,1,1,1,1,2,3,4,4,4,4,2,1,2.46,0,0,FALSE
Female,Loyal Customer,48,Business Travel,Business,335,2,4,2,2,2,5,4,4,4,4,4,3,3,3.31,0,8,TRUE
Male,Loyal Customer,60,Personal Travel,Eco,1062,2,4,2,4,4,2,4,4,3,4,5,3,4,3.46,0,2,FALSE
Male,Loyal Customer,17,Personal Travel,Eco,488,3,5,3,3,3,3,3,3,5,5,5,3,3,3.62,31,30,FALSE
Female,Loyal Customer,65,Personal Travel,Eco Plus,967,4,4,4,3,5,5,4,5,5,4,5,4,4,4.31,0,0,FALSE
Female,Loyal Customer,53,Business Travel,Business,1136,4,4,4,4,2,4,4,4,4,4,4,3,4,3.77,11,24,TRUE
Female,Loyal Customer,52,Business Travel,Business,2740,2,2,2,2,5,4,5,4,4,5,4,4,5,3.69,52,57,TRUE
Male,Loyal Customer,64,Personal Travel,Eco,332,2,3,2,3,1,2,1,1,5,1,3,3,1,2.15,0,0,FALSE
Male,Loyal Customer,39,Business Travel,Business,3240,4,4,5,4,5,4,4,5,5,5,5,4,3,4.38,12,25,TRUE
Female,Loyal Customer,37,Business Travel,Eco Plus,448,4,5,5,5,4,4,4,4,5,4,3,2,4,4.08,0,6,TRUE
Male,Loyal Customer,15,Personal Travel,Eco,1119,4,5,4,1,3,4,3,3,5,4,5,3,3,3.62,6,77,FALSE
Male,Loyal Customer,56,Business Travel,Business,416,5,5,5,5,2,4,4,4,4,5,4,4,3,4.15,0,0,TRUE
Female,Loyal Customer,47,Business Travel,Business,1846,5,5,5,5,4,5,5,3,3,4,3,5,5,4.38,30,18,TRUE
Male,Loyal Customer,39,Business Travel,Business,2670,3,3,1,1,2,3,3,3,3,2,3,1,1,2.23,34,29,FALSE
Male,Loyal Customer,22,Business Travel,Business,2556,4,4,4,4,3,3,3,3,5,2,5,4,3,3.62,0,0,TRUE
Female,Loyal Customer,50,Business Travel,Business,2117,2,2,2,2,2,4,4,4,4,4,4,4,5,3.31,47,33,TRUE
Female,Loyal Customer,50,Business Travel,Business,1062,4,1,4,1,4,4,4,4,4,4,4,3,4,3.46,25,0,FALSE
Male,Disloyal Customer,41,Business Travel,Business,1979,4,4,4,1,4,4,4,4,3,3,5,4,4,3.69,0,0,FALSE
Female,Loyal Customer,23,Personal Travel,Eco Plus,750,2,4,2,4,4,2,4,4,3,3,4,3,4,3.31,0,0,FALSE
Female,Disloyal Customer,30,Business Travel,Eco,679,3,3,3,4,2,3,2,2,4,1,4,4,2,2.85,8,0,FALSE
Female,Disloyal Customer,40,Business Travel,Business,628,3,3,3,2,3,3,3,3,3,1,3,2,3,2.69,31,54,FALSE
Male,Disloyal Customer,37,Business Travel,Business,1379,2,2,2,2,4,2,3,4,5,4,5,4,4,3.31,0,3,FALSE
Male,Loyal Customer,21,Business Travel,Business,3455,2,2,2,2,5,5,5,5,3,4,4,5,5,3.77,11,19,TRUE
Male,Loyal Customer,10,Personal Travel,Eco,551,2,1,2,4,2,2,2,2,1,5,3,1,2,2.23,0,0,FALSE
Male,Loyal Customer,18,Business Travel,Eco,789,4,3,3,3,4,4,5,4,5,3,1,3,4,3.54,20,6,TRUE
Female,Loyal Customer,31,Business Travel,Business,296,2,2,2,2,4,4,4,4,3,5,5,3,4,3.38,0,0,TRUE
Male,Loyal Customer,49,Business Travel,Business,3655,3,3,1,3,5,5,4,4,4,4,4,4,3,3.62,0,0,TRUE
Female,Loyal Customer,39,Business Travel,Business,305,0,0,0,5,5,4,5,3,3,3,3,5,4,3.08,8,1,TRUE
Female,Loyal Customer,23,Personal Travel,Eco Plus,2172,4,4,4,4,5,4,5,5,3,4,3,3,5,4.08,0,4,FALSE
Male,Loyal Customer,8,Personal Travel,Eco,399,2,5,2,4,4,2,4,4,3,4,4,3,4,3.46,1,0,FALSE
Female,Loyal Customer,65,Personal Travel,Eco,1608,2,5,1,1,2,5,4,1,1,1,1,4,4,2.46,0,0,FALSE
Male,Loyal Customer,53,Business Travel,Eco,321,3,5,5,5,3,3,3,3,4,5,4,1,3,3.62,17,3,FALSE
Female,Loyal Customer,66,Business Travel,Business,2103,4,4,4,4,4,5,5,5,5,5,5,3,5,4.46,74,,TRUE
Male,Loyal Customer,58,Personal Travel,Eco Plus,1325,3,5,3,3,2,3,2,2,4,5,5,4,2,3.31,9,24,FALSE
Female,Loyal Customer,30,Personal Travel,Eco,937,3,4,3,4,1,3,1,1,4,1,1,2,1,2.23,0,0,FALSE
Male,Loyal Customer,64,Personal Travel,Eco,2454,5,1,5,4,5,2,2,3,4,3,3,2,2,3.15,5,0,TRUE
Female,Loyal Customer,58,Business Travel,Business,1357,3,3,3,3,3,5,4,3,3,3,3,4,4,3.38,7,4,TRUE
Female,Loyal Customer,55,Business Travel,Business,3569,1,1,1,1,4,4,5,5,5,5,5,4,5,3.54,6,3,TRUE
Male,Loyal Customer,54,Business Travel,Business,2306,2,2,2,2,5,3,4,5,5,4,5,2,3,3.38,53,52,TRUE
Female,Loyal Customer,27,Business Travel,Business,1755,4,4,4,4,5,4,5,5,3,4,5,5,5,4.38,7,0,TRUE
Female,Loyal Customer,40,Business Travel,Eco,481,2,2,4,4,2,1,2,2,3,4,3,3,2,2.62,0,0,FALSE
Female,Loyal Customer,57,Business Travel,Business,471,5,4,5,5,5,5,5,4,3,5,5,5,5,4.69,150,159,TRUE
Male,Loyal Customer,45,Business Travel,Business,479,4,4,2,4,4,4,4,4,4,4,4,5,5,4,25,28,TRUE
Female,Loyal Customer,46,Personal Travel,Eco,356,1,4,1,3,5,4,5,4,4,1,2,3,5,3.23,24,45,FALSE
Male,Loyal Customer,40,Business Travel,Business,2593,1,1,3,1,3,4,5,4,4,4,4,4,3,3.15,0,0,TRUE
Male,Loyal Customer,26,Business Travel,Business,2558,4,4,4,4,4,4,4,4,4,5,4,3,4,4,19,1,TRUE
Male,Loyal Customer,43,Business Travel,Eco,2172,4,2,2,2,4,4,4,4,4,1,5,2,4,3.23,0,0,TRUE
Female,Loyal Customer,32,Business Travel,Business,1416,4,4,4,4,1,2,1,1,1,2,5,2,1,2.46,82,81,TRUE
Male,Loyal Customer,31,Business Travel,Business,967,2,2,2,2,3,4,3,3,5,3,5,3,3,3.08,17,12,TRUE
Female,Loyal Customer,63,Personal Travel,Eco,1598,5,4,5,3,3,4,5,5,5,5,4,5,5,4.46,10,19,TRUE
Male,Disloyal Customer,24,Business Travel,Eco,199,3,4,3,2,4,3,1,4,1,4,3,3,4,3,0,0,FALSE
Male,Loyal Customer,29,Business Travel,Business,2409,1,1,1,1,4,4,4,4,4,4,4,4,4,3.08,0,0,TRUE
Female,Loyal Customer,46,Business Travel,Eco,241,4,5,2,5,1,4,1,4,4,4,4,3,4,3.46,0,0,TRUE
Male,Loyal Customer,69,Personal Travel,Eco,543,2,3,2,5,4,2,4,4,3,3,4,4,4,3.38,9,0,FALSE
Female,Loyal Customer,66,Personal Travel,Eco,680,3,4,3,4,3,5,5,3,3,3,3,4,5,3.69,1,19,FALSE
Female,Loyal Customer,48,Business Travel,Business,507,1,1,1,1,2,4,5,5,5,5,5,4,4,3.31,51,52,TRUE
Female,Disloyal Customer,21,Business Travel,Eco,1046,2,3,3,2,4,3,4,4,1,4,5,1,4,3.08,41,41,FALSE
Female,Loyal Customer,39,Business Travel,Business,3078,4,4,4,4,4,1,5,4,4,4,4,5,3,3.85,2,0,TRUE
Female,Loyal Customer,23,Personal Travel,Eco,569,3,4,3,1,3,3,1,3,5,3,5,3,3,3.08,0,0,FALSE
Male,Loyal Customer,31,Business Travel,Business,964,2,2,2,2,5,5,5,5,1,5,3,3,5,3.46,0,0,TRUE
Male,Loyal Customer,61,Personal Travel,Eco,1749,2,1,2,3,3,2,4,3,2,5,4,2,3,2.77,7,1,FALSE
Male,Loyal Customer,46,Personal Travel,Eco,1259,3,4,4,4,5,4,5,5,4,1,4,1,5,3.77,0,0,FALSE
Female,Loyal Customer,26,Business Travel,Eco Plus,1670,2,5,5,5,2,2,4,2,3,4,2,3,2,3.15,0,0,FALSE
Female,Loyal Customer,65,Business Travel,Business,3332,4,4,4,4,5,5,5,3,5,5,5,5,5,4.54,318,313,TRUE
Male,Loyal Customer,12,Personal Travel,Eco,569,2,2,2,4,2,3,3,3,4,4,3,3,3,2.92,179,161,FALSE
Female,Loyal Customer,52,Personal Travel,Eco,438,4,4,4,3,4,4,5,5,5,4,1,3,3,3.77,0,23,FALSE
Male,Loyal Customer,50,Business Travel,Business,1250,4,4,4,4,5,3,4,4,4,4,4,3,1,3.69,0,48,FALSE
Female,Disloyal Customer,29,Business Travel,Eco,1237,4,3,3,3,1,3,1,1,1,1,1,4,1,2.08,0,0,TRUE
Female,Disloyal Customer,27,Business Travel,Business,228,1,1,1,2,3,1,3,3,5,5,4,4,3,2.77,7,0,FALSE
Female,Loyal Customer,18,Personal Travel,Eco,612,5,1,5,1,1,5,1,1,1,4,1,3,1,2.31,0,4,TRUE
Male,Loyal Customer,42,Personal Travel,Eco,637,4,5,4,5,4,4,4,4,3,3,5,4,4,4.08,20,25,FALSE
Female,Loyal Customer,48,Business Travel,Business,3837,0,0,0,4,2,4,5,5,5,5,5,5,3,3.31,0,0,TRUE
Female,Loyal Customer,26,Business Travel,Business,1475,2,2,2,2,4,5,4,4,3,4,4,3,4,3.31,0,0,TRUE
Male,Loyal Customer,52,Personal Travel,Eco,1042,3,4,3,1,2,3,3,2,5,5,4,4,2,3.15,3,14,FALSE
Male,Loyal Customer,56,Personal Travel,Eco,488,2,0,2,2,1,2,1,1,4,5,3,4,1,2.15,0,0,FALSE
Male,Disloyal Customer,37,Business Travel,Eco,421,1,2,1,3,2,1,2,2,3,1,4,2,2,2,7,7,FALSE
Female,Disloyal Customer,20,Business Travel,Eco,334,3,4,3,4,3,3,3,3,4,4,4,4,3,3.46,1,0,FALSE
Female,Loyal Customer,48,Business Travel,Business,2454,5,5,5,5,4,5,5,4,4,4,4,4,4,4.46,5,27,TRUE
Female,Loyal Customer,16,Personal Travel,Eco,500,2,3,2,3,3,2,3,3,1,1,1,1,3,2.15,0,4,FALSE
Female,Loyal Customer,62,Personal Travel,Eco,296,1,4,1,3,5,5,4,5,5,1,3,5,4,3.54,89,79,FALSE
Female,Loyal Customer,59,Personal Travel,Eco,773,4,4,4,4,4,5,4,5,5,4,5,4,5,4.38,21,23,FALSE
Male,Loyal Customer,35,Business Travel,Eco,231,2,4,4,4,2,2,2,2,4,2,4,4,2,2.92,0,0,FALSE
Female,Loyal Customer,58,Personal Travel,Eco,431,5,5,5,3,3,5,4,2,2,5,2,4,5,3.85,0,0,TRUE
Male,Disloyal Customer,37,Business Travel,Business,675,1,1,1,3,1,1,1,1,4,5,5,5,1,2.31,1,16,FALSE
Male,Loyal Customer,55,Business Travel,Business,3840,5,4,5,5,5,5,4,5,5,5,5,4,3,4.62,0,0,TRUE
Female,Loyal Customer,30,Personal Travel,Eco,650,2,3,2,3,4,2,4,4,3,2,4,2,4,3,50,52,FALSE
Male,Loyal Customer,10,Personal Travel,Eco,874,2,1,2,3,2,2,4,2,1,3,4,1,2,2.23,0,0,FALSE
Female,Disloyal Customer,26,Business Travel,Eco Plus,110,2,0,2,2,5,2,4,5,3,3,5,4,5,3.23,0,0,FALSE
Female,Loyal Customer,18,Personal Travel,Eco,173,3,2,3,3,4,3,4,4,2,2,4,1,4,3,1,0,FALSE
Male,Loyal Customer,20,Personal Travel,Business,419,1,2,1,3,3,1,3,3,2,1,4,2,3,2.23,19,22,FALSE
Female,Loyal Customer,46,Business Travel,Business,2475,4,4,4,4,5,5,4,5,5,5,5,3,4,4.38,0,0,TRUE
Female,Loyal Customer,52,Personal Travel,Eco,240,3,4,3,3,3,5,5,1,1,3,1,3,3,2.92,0,0,FALSE
Female,Disloyal Customer,22,Business Travel,Eco,633,2,2,2,3,5,2,5,5,2,5,2,1,5,3.15,0,0,FALSE
Female,Loyal Customer,47,Business Travel,Business,883,5,5,5,5,5,5,5,5,5,5,5,4,5,4.92,4,0,TRUE
Female,Loyal Customer,64,Personal Travel,Eco,992,3,4,3,1,2,4,4,5,5,3,5,5,5,3.77,24,10,FALSE
Male,Loyal Customer,66,Personal Travel,Eco,473,4,2,3,3,2,3,2,2,1,4,2,4,2,2.62,0,0,TRUE
Female,Disloyal Customer,21,Business Travel,Eco,1235,3,3,3,3,5,3,5,5,3,3,4,1,5,3.54,25,19,FALSE
Female,Loyal Customer,34,Personal Travel,Business,1069,3,4,3,3,3,4,5,1,1,3,3,5,4,3.23,0,0,FALSE
Female,Disloyal Customer,37,Business Travel,Business,1050,5,5,5,1,1,5,1,1,3,3,4,4,1,3,28,41,TRUE
Female,Loyal Customer,41,Business Travel,Business,645,3,3,3,3,5,5,5,4,4,5,4,4,3,3.92,0,0,TRUE
Male,Loyal Customer,32,Business Travel,Business,1865,4,4,4,4,5,5,5,5,3,4,5,5,5,4.46,0,0,TRUE
Male,Loyal Customer,52,Business Travel,Business,2342,5,5,5,5,4,4,1,4,4,4,4,5,5,4.23,0,5,TRUE
Female,Loyal Customer,42,Personal Travel,Eco Plus,774,2,5,2,3,5,4,5,2,2,2,2,3,4,3.15,0,0,FALSE
Male,Loyal Customer,56,Business Travel,Business,3249,5,5,5,5,4,3,5,5,5,5,5,5,4,4.69,105,102,TRUE
Male,Loyal Customer,43,Business Travel,Business,248,4,4,4,4,4,5,5,5,5,5,5,4,3,4.38,11,0,TRUE
Female,Disloyal Customer,50,Business Travel,Eco,529,4,0,4,1,2,4,2,2,4,5,2,3,2,2.69,3,35,TRUE
Female,Loyal Customer,34,Business Travel,Business,2049,4,4,4,4,1,1,4,5,5,5,5,1,1,3.38,0,0,TRUE
Female,Loyal Customer,46,Business Travel,Business,337,3,3,3,3,5,5,5,5,5,5,5,5,4,4.31,0,0,TRUE
Female,Loyal Customer,43,Business Travel,Eco Plus,989,3,3,3,3,4,2,2,3,3,3,3,4,2,2.92,1,0,FALSE
Male,Loyal Customer,49,Business Travel,Business,3973,1,1,1,1,2,5,4,5,5,5,5,5,4,3.38,0,0,TRUE
Female,Loyal Customer,21,Personal Travel,Business,1750,2,4,2,4,2,5,5,2,1,3,3,5,5,3.31,209,228,FALSE
Male,Loyal Customer,44,Business Travel,Business,1854,0,4,0,1,3,5,5,2,2,2,2,4,3,2.54,0,0,TRUE
Male,Loyal Customer,29,Business Travel,Business,1450,2,5,5,5,2,2,2,2,3,5,3,1,2,3,0,0,FALSE
Female,Loyal Customer,24,Personal Travel,Eco,764,3,4,3,5,2,3,3,2,4,4,3,1,2,3,0,0,FALSE
Male,Loyal Customer,35,Personal Travel,Eco,666,5,4,5,3,1,5,1,1,1,5,4,1,1,2.85,0,0,TRUE
Male,Disloyal Customer,25,Business Travel,Business,250,4,2,4,4,2,4,5,2,4,2,4,3,2,3.23,0,0,TRUE
Male,Disloyal Customer,44,Business Travel,Business,409,2,2,2,3,1,2,1,1,3,2,5,5,1,2.31,9,21,FALSE
Female,Loyal Customer,31,Business Travel,Business,1448,4,4,4,4,3,3,3,3,4,5,1,1,3,3.23,0,0,TRUE
Male,Disloyal Customer,38,Business Travel,Business,1056,1,1,1,3,3,1,3,3,3,5,5,4,3,2.77,1,0,FALSE
Male,Disloyal Customer,36,Business Travel,Eco,746,2,2,2,1,1,2,1,1,4,4,5,2,1,2.15,0,21,FALSE
Male,Loyal Customer,46,Business Travel,Business,1570,2,2,2,2,2,5,4,3,3,3,3,3,5,3,0,0,TRUE
Female,Loyal Customer,53,Business Travel,Business,3312,2,2,1,2,4,4,3,2,2,3,2,2,2,2.38,0,43,FALSE
Female,Loyal Customer,50,Personal Travel,Eco,634,4,4,5,5,4,5,5,4,4,5,4,5,4,4.46,0,0,FALSE
Male,Loyal Customer,7,Personal Travel,Business,612,4,5,4,4,4,4,4,4,5,4,1,3,4,3.85,61,43,FALSE
Female,Loyal Customer,33,Personal Travel,Eco,1197,2,3,3,2,5,3,5,5,3,4,5,2,5,3.62,32,11,FALSE
Male,Loyal Customer,29,Business Travel,Business,562,2,5,5,5,2,2,2,2,4,5,4,1,2,3.15,0,0,FALSE
Male,Loyal Customer,41,Business Travel,Business,1586,1,1,1,1,2,5,4,3,3,4,3,4,3,2.69,15,7,TRUE
Male,Loyal Customer,28,Personal Travel,Eco,589,3,5,4,4,2,4,2,2,3,5,4,4,2,3.38,0,0,FALSE
Male,Loyal Customer,38,Personal Travel,Eco,359,2,4,2,4,2,2,2,2,3,5,5,3,2,2.92,0,0,FALSE
Male,Loyal Customer,60,Personal Travel,Business,746,2,5,2,2,3,1,2,3,3,2,3,1,3,2.46,28,41,FALSE
Female,Loyal Customer,31,Business Travel,Business,2789,3,5,5,5,3,3,3,3,1,4,4,1,3,3.31,11,1,FALSE
Male,Disloyal Customer,24,Business Travel,Eco,1140,4,4,4,3,4,2,2,3,2,3,4,2,2,3,0,0,TRUE
Female,Loyal Customer,11,Personal Travel,Eco,1671,2,1,2,4,3,2,3,3,1,1,4,1,3,2.31,0,0,FALSE
Male,Loyal Customer,46,Business Travel,Eco,575,4,2,2,2,4,4,4,4,5,5,1,3,4,3.38,0,0,TRUE
Male,Loyal Customer,47,Business Travel,Business,1352,3,3,3,3,2,5,4,4,4,4,4,4,3,3.54,0,0,TRUE
Female,Disloyal Customer,36,Business Travel,Business,425,2,3,3,2,2,3,2,2,3,3,5,4,2,2.77,0,0,FALSE
Female,Loyal Customer,23,Business Travel,Business,1943,2,2,2,2,2,2,2,2,3,3,3,3,2,2.31,0,10,TRUE
Female,Loyal Customer,49,Personal Travel,Eco Plus,1172,2,5,2,3,4,5,5,5,5,2,3,5,4,3.85,0,0,FALSE
Male,Loyal Customer,69,Personal Travel,Eco,992,1,5,1,2,3,1,3,3,4,2,4,3,3,2.69,0,0,FALSE
Male,Loyal Customer,43,Business Travel,Eco,1428,5,1,1,1,3,5,3,3,2,5,2,3,3,2.85,0,0,TRUE
Male,Loyal Customer,41,Business Travel,Eco,190,3,2,2,2,3,3,3,3,1,2,3,1,3,2.38,0,0,FALSE
Male,Disloyal Customer,44,Business Travel,Eco,727,3,3,3,2,4,3,1,4,3,2,1,2,4,2.69,0,0,FALSE
Female,Disloyal Customer,20,Business Travel,Eco,274,1,1,2,4,5,2,5,5,3,2,4,3,5,3.23,99,108,FALSE
Female,Loyal Customer,46,Personal Travel,Eco,503,3,3,3,2,3,3,4,1,1,3,1,5,3,2.69,0,0,FALSE
Female,Loyal Customer,44,Business Travel,Business,227,4,4,4,4,4,3,2,5,5,5,5,1,4,3.85,0,0,TRUE
Male,Loyal Customer,60,Personal Travel,Business,1464,3,5,4,5,4,5,5,2,2,4,2,5,4,3.85,0,1,FALSE
Male,Loyal Customer,44,Business Travel,Eco,1182,3,5,4,4,3,3,3,3,2,5,3,4,3,3.46,0,0,FALSE
Female,Loyal Customer,41,Business Travel,Business,1846,2,2,2,2,5,5,5,5,4,3,4,5,5,3.77,342,323,TRUE
Female,Loyal Customer,39,Business Travel,Eco,192,2,5,5,5,2,2,2,2,5,4,5,4,2,3.46,0,0,TRUE
Male,Loyal Customer,42,Business Travel,Business,3908,2,5,2,2,3,4,4,5,5,5,5,4,5,3.92,37,31,TRUE
Female,Loyal Customer,39,Business Travel,Eco Plus,2139,3,5,5,5,3,3,3,3,1,4,3,3,3,3.38,0,0,FALSE
Female,Loyal Customer,70,Personal Travel,Eco,1506,4,5,4,3,2,3,5,4,4,4,3,3,5,3.77,0,0,FALSE
Male,Disloyal Customer,36,Business Travel,Business,277,4,4,4,3,2,4,2,2,1,1,4,2,2,2.69,82,67,FALSE
Male,Loyal Customer,42,Business Travel,Business,2078,1,1,1,1,4,4,4,4,4,4,4,3,5,3.08,0,0,TRUE
Female,Loyal Customer,47,Business Travel,Business,1036,2,2,2,2,3,5,4,5,5,5,5,5,4,3.77,0,0,TRUE
Female,Loyal Customer,29,Business Travel,Business,3315,2,2,2,2,3,4,3,3,4,4,4,3,3,3,9,9,TRUE
Male,Loyal Customer,62,Personal Travel,Eco,240,3,5,3,4,3,3,3,3,2,4,3,3,3,3.23,7,0,FALSE
Male,Loyal Customer,59,Business Travel,Business,3843,1,1,1,1,3,3,2,4,4,4,4,4,2,2.62,0,0,TRUE
Female,Loyal Customer,17,Business Travel,Business,2475,2,5,4,4,2,2,2,2,4,3,3,2,2,2.85,3,9,FALSE
Male,Loyal Customer,30,Business Travel,Business,2050,3,2,2,2,3,3,3,3,2,2,4,1,3,2.54,0,0,FALSE
Male,Disloyal Customer,40,Business Travel,Business,235,3,3,3,2,3,3,4,3,3,2,5,3,3,3.08,0,7,FALSE
Female,Disloyal Customer,21,Business Travel,Eco,605,3,3,3,3,3,3,3,3,4,3,3,2,3,3,73,66,FALSE
Female,Loyal Customer,37,Personal Travel,Eco,534,3,4,3,3,2,3,2,2,5,3,5,5,2,3.23,0,56,FALSE
Male,Loyal Customer,53,Personal Travel,Eco,423,3,1,3,4,3,3,3,3,4,5,2,1,3,2.92,20,13,FALSE
Female,Disloyal Customer,39,Business Travel,Eco Plus,280,4,4,4,3,3,4,3,3,3,2,4,1,3,3.15,0,0,FALSE
Male,Loyal Customer,11,Business Travel,Eco Plus,861,3,1,2,1,3,4,3,3,3,1,1,2,3,2.31,0,0,TRUE
Male,Loyal Customer,57,Business Travel,Eco,311,1,5,5,5,1,1,1,1,2,5,3,3,1,2.62,26,15,FALSE
Female,Loyal Customer,33,Personal Travel,Business,599,2,0,2,3,3,3,3,3,3,2,3,5,2,2.62,0,7,FALSE
Female,Loyal Customer,11,Personal Travel,Eco,200,2,4,0,1,1,0,1,1,5,2,5,4,1,2.08,34,13,FALSE
Female,Disloyal Customer,35,Business Travel,Eco,301,3,0,2,3,5,2,5,5,4,2,5,1,5,3.23,0,0,FALSE
Male,Loyal Customer,39,Personal Travel,Eco,372,3,0,3,5,5,3,4,5,5,3,4,4,5,3.77,0,0,FALSE
Female,Loyal Customer,19,Business Travel,Business,589,1,5,5,5,1,1,1,1,2,1,1,1,1,2,1,0,FALSE
Female,Loyal Customer,15,Business Travel,Eco Plus,1195,5,4,4,4,5,5,5,5,5,3,3,2,5,4.23,1,7,TRUE
Female,Disloyal Customer,22,Business Travel,Business,1068,4,0,4,4,3,4,3,3,3,2,4,4,3,3.15,0,0,TRUE
Male,Loyal Customer,47,Personal Travel,Eco,1346,1,5,1,5,5,1,5,5,5,4,4,5,5,3.92,0,0,FALSE
Male,Loyal Customer,61,Personal Travel,Eco,761,4,4,4,4,3,4,3,3,4,2,4,5,3,3.62,0,0,TRUE
Male,Disloyal Customer,25,Business Travel,Business,1371,4,4,4,2,2,4,2,2,4,5,4,3,2,3.23,0,1,TRUE
Male,Loyal Customer,59,Business Travel,Business,1587,4,4,4,4,2,5,4,4,4,4,4,4,3,3.85,5,0,TRUE
Female,Loyal Customer,40,Personal Travel,Eco,649,4,1,4,3,3,4,3,3,2,3,4,4,3,3.15,15,15,FALSE
Female,Disloyal Customer,23,Business Travel,Eco,641,2,4,2,3,1,2,1,1,4,2,4,2,1,2.23,0,0,FALSE
Female,Loyal Customer,23,Personal Travel,Eco,1164,2,5,2,5,5,2,5,5,4,5,4,3,5,4,8,6,FALSE
Female,Loyal Customer,63,Personal Travel,Eco,2475,2,5,2,3,2,1,1,1,3,5,5,1,1,2.46,0,0,FALSE
Female,Loyal Customer,36,Personal Travel,Eco,590,2,4,3,3,4,3,4,4,4,4,4,1,4,3.38,2,0,FALSE
Female,Loyal Customer,47,Business Travel,Eco,748,5,4,4,4,1,2,2,5,5,5,5,1,5,3.69,0,0,TRUE
Male,Loyal Customer,38,Business Travel,Business,1299,5,5,5,5,2,5,5,4,4,4,4,5,5,4.46,0,0,TRUE
Female,Loyal Customer,42,Business Travel,Business,2919,2,2,2,2,3,5,5,4,4,4,4,5,4,3.54,0,0,TRUE
Female,Loyal Customer,28,Business Travel,Eco,1179,5,3,5,5,5,5,5,5,1,2,5,3,5,4.15,0,0,TRUE
Male,Loyal Customer,48,Business Travel,Business,589,1,5,5,5,5,3,3,1,1,1,1,1,2,2.62,4,27,FALSE
Female,Loyal Customer,51,Business Travel,Eco,1744,2,1,2,1,4,2,4,2,2,2,2,1,3,2.15,13,0,FALSE
Male,Loyal Customer,22,Personal Travel,Eco,1476,2,5,1,3,3,1,2,3,5,4,5,4,3,3.15,0,40,FALSE
Female,Loyal Customer,59,Business Travel,Business,1889,3,3,3,3,2,5,5,3,3,3,3,5,5,3.54,0,0,TRUE
Male,Loyal Customer,41,Business Travel,Business,1982,2,2,2,2,2,5,2,5,5,5,5,1,1,3,0,0,TRUE
Male,Loyal Customer,56,Business Travel,Business,500,2,2,2,2,3,5,5,4,4,4,4,3,4,3.38,4,3,TRUE
Male,Loyal Customer,56,Business Travel,Business,3222,3,3,3,3,5,4,4,4,4,4,4,3,4,3.69,0,0,TRUE
Female,Disloyal Customer,58,Business Travel,Eco,261,1,4,1,4,1,1,1,1,4,4,3,1,1,2.08,18,15,FALSE
Male,Loyal Customer,34,Personal Travel,Eco,337,4,5,4,3,1,4,1,1,4,3,5,4,1,3.08,1,0,FALSE
Male,Loyal Customer,10,Personal Travel,Eco,2342,3,4,3,5,4,3,1,4,5,2,5,4,4,3.62,0,0,FALSE
Female,Loyal Customer,43,Business Travel,Business,2378,1,1,5,1,3,4,2,5,5,5,5,1,1,3,38,36,TRUE
Male,Loyal Customer,69,Personal Travel,Eco Plus,696,2,5,2,1,4,2,4,4,5,2,4,1,4,3.08,21,23,FALSE
Female,Disloyal Customer,39,Business Travel,Eco,89,1,3,2,4,5,2,5,5,4,3,2,1,5,3.23,0,0,FALSE
Female,Loyal Customer,40,Business Travel,Business,307,4,4,4,4,3,5,4,5,5,5,5,5,5,4.46,9,7,TRUE
Male,Loyal Customer,57,Business Travel,Business,1618,5,3,5,5,2,5,5,2,2,2,2,5,4,3.62,10,0,TRUE
Female,Disloyal Customer,26,Business Travel,Eco,224,2,4,2,4,4,2,4,4,4,2,4,3,4,3.31,0,0,FALSE
Male,Loyal Customer,60,Business Travel,Business,3026,2,2,2,2,4,4,4,3,5,5,4,4,4,3.46,304,297,TRUE
Female,Disloyal Customer,24,Business Travel,Eco,296,2,0,2,2,1,2,3,1,5,4,4,5,1,2.46,0,0,FALSE
Male,Disloyal Customer,27,Business Travel,Eco,937,0,0,0,5,3,0,3,3,1,3,2,1,3,1.85,0,0,TRUE
Female,Loyal Customer,42,Business Travel,Business,2747,2,2,2,2,2,4,5,3,3,3,3,4,5,3.08,0,4,TRUE
Female,Disloyal Customer,17,Business Travel,Eco,573,3,2,3,3,4,3,4,4,2,5,4,4,4,3.46,0,13,FALSE
Male,Loyal Customer,46,Business Travel,Business,3962,1,1,1,1,3,4,5,4,4,4,4,4,4,3.08,0,0,TRUE
Female,Loyal Customer,42,Business Travel,Eco,707,5,4,4,4,4,1,5,5,5,5,5,2,3,4,0,0,TRUE
Female,Loyal Customer,11,Personal Travel,Eco Plus,541,1,5,1,2,3,1,3,3,4,4,4,5,3,3,32,33,FALSE
Female,Loyal Customer,44,Business Travel,Business,1587,2,2,2,2,2,5,5,5,5,4,5,4,5,3.69,0,0,TRUE
Female,Disloyal Customer,22,Business Travel,Eco,368,4,5,4,1,4,4,4,4,4,1,3,3,4,3.46,0,0,FALSE
Female,Loyal Customer,72,Business Travel,Eco Plus,1035,2,3,3,3,2,3,2,2,2,2,2,1,3,2.31,62,62,FALSE
Female,Disloyal Customer,22,Business Travel,Eco,214,3,2,3,4,4,3,4,4,4,1,4,2,4,3.23,0,0,FALSE
Female,Loyal Customer,27,Personal Travel,Eco,440,3,2,3,2,5,3,4,5,3,1,2,1,5,3,0,0,FALSE
Male,Loyal Customer,50,Business Travel,Business,2103,4,4,4,4,2,5,4,5,5,5,5,5,4,4.31,0,0,TRUE
Male,Loyal Customer,26,Personal Travel,Eco,833,4,4,4,2,3,4,3,3,4,2,5,4,3,3.46,16,0,FALSE
Female,Loyal Customer,46,Business Travel,Business,404,3,3,3,3,2,4,5,4,4,4,4,5,5,3.77,17,6,TRUE
Male,Loyal Customer,35,Business Travel,Eco Plus,153,1,5,5,5,1,2,1,1,1,2,4,3,1,2.46,0,0,FALSE
Female,Loyal Customer,49,Business Travel,Business,2772,3,5,3,3,5,5,4,5,5,5,5,5,3,4.31,58,44,TRUE
Female,Disloyal Customer,44,Business Travel,Business,645,3,3,3,3,2,3,2,2,3,2,4,4,2,2.77,10,13,FALSE
Female,Disloyal Customer,28,Business Travel,Business,799,4,4,4,3,4,4,4,4,3,5,4,4,4,3.92,41,47,TRUE
Male,Loyal Customer,12,Personal Travel,Eco,1068,1,5,1,1,4,1,4,4,5,2,5,5,4,3.23,0,6,FALSE
Female,Loyal Customer,24,Business Travel,Business,2651,5,5,5,5,4,4,4,4,4,2,3,1,4,3.85,1,4,TRUE
Female,Loyal Customer,40,Business Travel,Business,3662,3,3,3,3,1,1,3,4,4,4,4,1,4,2.92,0,0,TRUE
Female,Loyal Customer,41,Personal Travel,Eco,283,2,4,2,2,5,2,5,5,4,2,5,3,5,3.54,0,0,FALSE
Female,Loyal Customer,42,Business Travel,Business,2249,2,2,3,2,3,4,5,5,5,5,5,5,5,3.92,1,0,TRUE
Male,Loyal Customer,45,Business Travel,Eco,192,5,2,2,2,5,5,5,5,5,3,4,3,5,3.92,0,0,TRUE
Female,Disloyal Customer,23,Business Travel,Eco,993,3,3,3,1,4,3,4,4,4,4,5,3,4,3.46,0,0,FALSE
Male,Loyal Customer,49,Business Travel,Business,236,3,3,3,3,1,3,4,5,5,5,5,3,3,3.54,23,20,TRUE
Male,Loyal Customer,58,Business Travel,Business,3037,4,4,4,4,4,5,5,5,5,4,5,5,4,4.46,11,40,TRUE
Male,Loyal Customer,25,Business Travel,Business,1635,3,2,2,2,3,3,3,3,4,1,1,3,3,2.54,17,6,FALSE
Male,Disloyal Customer,38,Business Travel,Eco,1024,2,2,2,5,4,2,4,4,4,5,4,1,4,3.31,16,5,FALSE
Male,Disloyal Customer,39,Business Travel,Eco,296,3,0,3,5,4,3,4,4,5,4,2,3,4,3.38,3,12,FALSE
Female,Disloyal Customer,65,Business Travel,Eco,387,4,1,4,4,1,4,1,1,1,4,4,2,1,2.46,24,14,FALSE
Female,Loyal Customer,55,Personal Travel,Eco,2496,3,4,4,3,4,3,5,5,5,4,5,3,4,4,0,0,FALSE
Female,Loyal Customer,23,Personal Travel,Eco,672,1,4,0,3,4,0,4,4,5,4,4,4,4,3.15,0,0,FALSE
Male,Loyal Customer,60,Personal Travel,Business,925,4,3,4,1,2,3,4,4,4,4,4,1,4,3.23,80,69,TRUE
Female,Loyal Customer,31,Personal Travel,Eco Plus,533,1,2,1,3,1,1,1,1,1,4,3,1,1,1.62,0,0,FALSE
Male,Loyal Customer,23,Personal Travel,Eco,542,2,5,2,3,4,2,4,4,5,4,3,4,4,3.54,0,0,FALSE
Female,Disloyal Customer,34,Business Travel,Eco,361,3,4,3,4,1,3,1,1,3,3,3,1,1,2.38,31,115,FALSE
Female,Loyal Customer,42,Personal Travel,Eco Plus,987,2,4,2,1,3,4,4,4,4,2,4,4,3,3.15,9,14,FALSE
Female,Loyal Customer,33,Personal Travel,Eco,157,4,5,4,2,4,4,4,4,4,2,5,3,4,3.77,40,84,FALSE
Male,Loyal Customer,10,Personal Travel,Eco,994,1,5,1,2,2,1,2,2,3,5,5,4,2,2.69,0,0,FALSE
Female,Loyal Customer,21,Personal Travel,Eco,808,1,5,1,2,4,1,4,4,5,4,4,5,4,3.38,0,15,FALSE
Male,Loyal Customer,69,Personal Travel,Eco,237,3,5,3,1,1,3,1,1,5,4,4,5,1,2.85,0,0,FALSE
Male,Disloyal Customer,28,Business Travel,Business,954,4,4,4,5,4,4,4,4,4,5,5,3,4,4.15,13,14,TRUE
Male,Loyal Customer,39,Business Travel,Business,746,1,5,5,5,2,3,3,1,1,1,1,4,2,2.62,22,15,FALSE
Female,Loyal Customer,33,Business Travel,Eco,550,2,2,2,2,2,2,2,2,1,5,3,2,2,2.23,0,0,FALSE
Female,Loyal Customer,49,Business Travel,Business,2551,2,2,2,2,2,5,5,5,5,5,5,4,3,3.62,40,66,TRUE
Female,Disloyal Customer,21,Business Travel,Eco,814,4,4,4,1,4,4,4,4,4,5,4,3,4,3.77,0,0,TRUE
Male,Disloyal Customer,39,Business Travel,Eco,177,3,2,3,3,3,3,3,3,3,5,4,4,3,3.23,0,0,FALSE
Male,Loyal Customer,35,Business Travel,Eco,188,4,3,3,3,4,4,4,4,5,1,3,3,4,3.46,0,0,TRUE
Female,Loyal Customer,52,Business Travel,Business,1723,5,5,5,5,2,3,4,5,5,5,5,4,3,4.31,12,0,TRUE
Female,Loyal Customer,54,Business Travel,Business,1504,1,3,1,1,5,5,4,4,4,5,4,4,3,3.38,0,14,TRUE
Female,Loyal Customer,58,Personal Travel,Eco,907,4,5,3,3,5,5,5,4,4,3,4,3,4,4,0,0,FALSE
Male,Disloyal Customer,26,Business Travel,Business,488,2,2,2,1,4,2,4,4,4,5,5,4,4,3.31,0,0,FALSE
Female,Loyal Customer,59,Business Travel,Business,3361,1,4,4,4,5,3,3,1,1,1,1,4,1,2.54,0,0,FALSE
Male,Disloyal Customer,29,Business Travel,Eco Plus,642,2,2,2,3,2,5,5,3,1,3,4,5,5,3.23,124,145,FALSE
Male,Loyal Customer,53,Business Travel,Eco,1313,3,1,2,1,3,3,3,3,2,4,4,4,3,2.77,1,0,FALSE
Male,Loyal Customer,12,Personal Travel,Eco Plus,594,1,4,1,3,3,1,3,3,2,3,3,4,3,2.62,45,29,FALSE
Male,Disloyal Customer,24,Business Travel,Eco,450,5,4,5,4,5,5,5,5,2,2,4,4,5,4.23,26,43,TRUE
Male,Loyal Customer,52,Business Travel,Business,3064,2,2,3,2,4,4,1,3,3,5,3,4,2,2.92,0,0,TRUE
Male,Loyal Customer,9,Personal Travel,Business,288,1,5,5,4,1,5,1,1,3,4,5,4,1,3.08,51,51,FALSE
Male,Loyal Customer,39,Business Travel,Business,2416,3,3,3,3,3,3,1,5,5,4,5,3,3,3.38,0,0,TRUE
Female,Loyal Customer,58,Business Travel,Eco Plus,2704,4,2,2,2,3,3,1,3,3,4,3,3,3,2.77,0,0,TRUE
Female,Loyal Customer,37,Business Travel,Business,2031,3,4,4,4,4,3,3,3,3,3,3,4,1,3.23,0,0,FALSE
Female,Loyal Customer,41,Business Travel,Business,2040,1,3,3,3,4,3,3,2,2,2,1,3,1,2.38,0,0,FALSE
Male,Loyal Customer,46,Personal Travel,Eco,846,3,4,3,3,1,3,1,1,1,3,2,5,1,2.38,30,15,FALSE
Male,Loyal Customer,41,Personal Travel,Eco,1076,1,5,1,3,1,1,1,1,4,2,4,3,1,2.15,0,0,FALSE
Male,Loyal Customer,69,Personal Travel,Eco Plus,145,1,2,0,3,2,0,2,2,4,5,4,4,2,2.38,30,18,FALSE
Female,Loyal Customer,58,Business Travel,Business,192,4,4,4,4,2,5,5,5,5,5,4,3,3,4.08,0,0,TRUE
Female,Loyal Customer,33,Business Travel,Business,2086,0,0,0,2,2,5,5,5,5,5,5,4,5,3.31,0,0,TRUE
Male,Loyal Customer,41,Personal Travel,Eco Plus,1199,0,4,0,2,5,0,5,5,2,1,4,5,5,2.92,14,3,TRUE
Male,Loyal Customer,70,Business Travel,Eco,2704,3,1,1,1,3,3,3,4,5,3,3,3,3,2.77,2,19,FALSE
Female,Disloyal Customer,9,Business Travel,Eco,895,0,0,0,4,3,0,4,3,3,3,4,5,3,2.46,5,1,TRUE
Female,Loyal Customer,40,Business Travel,Eco,262,4,2,2,2,4,4,4,4,2,1,2,4,4,3,94,97,TRUE
Male,Loyal Customer,48,Personal Travel,Eco,1340,4,4,5,5,2,5,2,2,3,2,3,4,2,3.31,0,0,FALSE
Male,Loyal Customer,45,Business Travel,Business,3960,3,3,3,3,5,3,2,5,5,5,5,1,5,3.69,0,1,TRUE
Female,Disloyal Customer,23,Business Travel,Eco,721,4,5,5,3,5,5,5,5,4,3,3,3,5,4.23,6,0,FALSE
Male,Disloyal Customer,43,Business Travel,Eco,370,2,3,2,4,3,2,3,3,4,4,3,4,3,3.08,0,0,FALSE
Male,Disloyal Customer,37,Business Travel,Eco,251,5,4,5,3,4,5,5,4,5,1,3,2,4,3.85,0,0,TRUE
Female,Loyal Customer,41,Business Travel,Business,239,2,2,2,2,4,5,5,4,4,4,4,5,5,3.69,2,0,TRUE
Female,Disloyal Customer,28,Business Travel,Business,907,4,4,4,3,4,4,4,4,4,5,4,3,4,3.92,0,0,TRUE
Female,Loyal Customer,47,Business Travel,Eco,119,3,4,4,4,4,2,3,2,2,3,2,1,2,2.77,0,0,FALSE
Female,Loyal Customer,50,Business Travel,Business,436,4,4,4,4,5,5,4,3,3,4,3,5,5,4.08,0,0,TRUE
Male,Loyal Customer,38,Business Travel,Business,2266,4,5,4,4,5,4,4,5,5,5,5,4,3,4.38,18,14,TRUE
Female,Loyal Customer,61,Personal Travel,Business,643,4,5,4,3,2,4,5,3,3,4,5,5,4,3.92,0,0,TRUE
Female,Loyal Customer,46,Business Travel,Business,2514,2,1,2,2,2,5,5,5,5,5,5,3,3,3.46,24,10,TRUE
Female,Loyal Customer,13,Personal Travel,Eco Plus,262,5,3,5,5,1,5,5,1,4,5,1,1,1,3.23,0,0,TRUE
Male,Loyal Customer,65,Personal Travel,Eco,733,1,5,1,1,5,1,5,5,4,5,2,4,5,3.38,0,0,FALSE
Male,Loyal Customer,37,Business Travel,Eco Plus,189,4,5,5,5,4,4,4,4,3,3,4,4,4,4.08,0,0,TRUE
Male,Disloyal Customer,21,Business Travel,Eco,373,4,0,4,5,2,4,2,2,2,4,4,2,2,2.85,0,0,TRUE
Male,Loyal Customer,50,Personal Travel,Eco,281,3,3,1,3,2,1,2,2,1,4,3,3,2,2.31,0,0,FALSE
Male,Loyal Customer,19,Personal Travel,Eco Plus,1617,1,4,1,4,5,1,5,5,4,2,4,4,5,3.46,11,27,FALSE
Male,Loyal Customer,17,Business Travel,Business,160,2,2,2,2,3,2,2,3,1,5,3,2,3,2.46,0,0,FALSE
Male,Loyal Customer,28,Business Travel,Business,966,5,5,5,5,4,4,4,4,5,3,5,4,4,4.38,0,0,TRUE
Male,Disloyal Customer,28,Business Travel,Eco,588,3,2,3,3,1,3,1,1,2,5,3,3,1,2.38,0,0,FALSE
Female,Loyal Customer,20,Business Travel,Business,3317,1,2,2,2,1,1,1,1,3,3,3,1,1,1.69,201,190,FALSE
Female,Disloyal Customer,55,Business Travel,Eco,1359,3,3,3,3,3,3,2,3,4,1,5,1,3,2.85,0,0,FALSE
Male,Loyal Customer,64,Personal Travel,Eco,738,1,4,1,3,3,1,3,3,4,4,5,3,3,2.92,18,4,FALSE
Male,Loyal Customer,47,Business Travel,Business,2031,5,5,5,5,4,5,4,5,5,5,5,4,3,4.62,0,0,TRUE
Female,Loyal Customer,57,Business Travel,Business,1801,2,2,2,2,5,4,4,5,5,4,5,4,5,3.77,0,0,TRUE
Male,Loyal Customer,47,Business Travel,Business,2475,1,1,1,1,3,5,4,4,4,4,4,5,3,3.08,0,1,TRUE
Female,Disloyal Customer,38,Business Travel,Eco,300,4,0,4,4,5,4,1,5,3,2,5,3,5,3.46,0,0,TRUE
Female,Loyal Customer,51,Business Travel,Business,1522,2,2,2,2,4,4,5,5,5,5,5,5,3,3.77,10,0,TRUE
Female,Loyal Customer,20,Personal Travel,Business,419,0,4,0,3,2,0,2,2,3,1,3,5,2,2.08,2,18,TRUE
Female,Loyal Customer,36,Business Travel,Eco Plus,605,4,2,2,2,4,4,4,4,2,4,2,2,4,3.08,0,0,TRUE
Female,Loyal Customer,51,Business Travel,Business,108,1,2,2,2,5,3,3,2,2,2,1,1,2,2.15,0,0,FALSE
Male,Loyal Customer,10,Business Travel,Business,2448,2,3,3,3,3,2,2,1,1,4,3,2,2,2.38,208,204,FALSE
Male,Loyal Customer,55,Personal Travel,Eco,371,2,0,2,4,1,2,1,1,4,3,1,1,1,1.77,27,22,FALSE
Male,Loyal Customer,39,Business Travel,Business,2694,5,5,5,5,2,5,4,5,5,5,5,4,3,4.46,10,10,TRUE
Male,Loyal Customer,10,Personal Travel,Eco,1107,4,2,4,3,4,4,4,4,3,5,3,4,4,3.69,0,0,FALSE
Male,Loyal Customer,54,Business Travel,Eco,387,4,2,2,2,4,4,4,4,4,5,2,5,4,3.54,0,0,TRUE
Male,Loyal Customer,39,Personal Travel,Eco,629,3,5,3,3,3,3,4,3,4,3,4,4,3,3.46,15,17,FALSE
Female,Loyal Customer,41,Business Travel,Eco Plus,493,5,1,1,1,5,4,4,5,5,5,5,4,3,3.69,0,0,TRUE
Male,Loyal Customer,35,Personal Travel,Eco,1172,2,3,2,3,2,2,2,2,3,2,3,4,2,2.46,10,2,FALSE
Female,Disloyal Customer,39,Business Travel,Business,1416,1,1,1,1,3,1,3,3,1,3,3,5,3,2.23,0,0,FALSE
Female,Loyal Customer,11,Business Travel,Eco,1069,2,3,3,3,2,3,1,2,2,1,3,4,2,2.38,0,0,FALSE
Male,Loyal Customer,65,Personal Travel,Eco,920,1,1,0,4,2,0,2,2,4,5,3,3,2,2.23,0,0,FALSE
Male,Loyal Customer,54,Business Travel,Eco,680,5,5,4,5,4,5,4,4,4,2,5,4,4,4.23,27,21,TRUE
Male,Loyal Customer,36,Business Travel,Eco,479,4,3,3,3,4,4,4,4,1,2,3,1,4,3.08,8,0,FALSE
Male,Loyal Customer,43,Personal Travel,Business,591,3,4,3,2,4,4,5,4,4,3,4,5,5,3.85,26,12,FALSE
Male,Loyal Customer,70,Personal Travel,Eco,1052,1,3,1,2,3,1,5,3,3,3,3,4,3,2.69,0,0,FALSE
Female,Loyal Customer,43,Business Travel,Eco Plus,357,2,2,2,2,2,2,2,3,1,4,4,2,2,2.31,187,185,FALSE
Female,Loyal Customer,42,Personal Travel,Eco Plus,328,2,2,2,4,3,4,4,4,4,2,1,3,2,2.85,0,0,FALSE
Male,Disloyal Customer,22,Business Travel,Eco,944,1,1,1,3,1,1,1,1,5,1,1,5,1,1.77,2,0,FALSE
Male,Loyal Customer,66,Personal Travel,Eco Plus,231,2,4,2,2,2,2,2,2,3,4,5,4,2,2.77,0,0,FALSE
Male,Loyal Customer,55,Business Travel,Business,1916,2,2,2,2,4,4,4,4,4,4,4,5,3,3.38,0,0,TRUE
Female,Disloyal Customer,39,Business Travel,Business,666,5,5,5,1,5,5,5,5,3,5,4,4,5,4.38,0,44,TRUE
Male,Loyal Customer,13,Personal Travel,Eco,965,4,5,4,3,5,4,5,5,5,2,4,3,5,4.15,0,0,TRUE
Female,Disloyal Customer,25,Business Travel,Eco Plus,250,2,5,2,4,1,2,1,1,3,1,2,4,1,2.23,0,0,FALSE
Male,Loyal Customer,57,Business Travel,Business,2031,3,2,3,3,4,4,4,4,4,4,4,5,5,3.77,15,0,TRUE
Male,Loyal Customer,26,Business Travel,Business,2638,2,4,4,4,2,2,2,2,1,5,3,1,2,2.62,0,0,FALSE
Female,Loyal Customer,70,Personal Travel,Eco,1031,3,3,3,3,5,4,3,1,1,3,1,4,3,2.85,26,34,FALSE
Male,Loyal Customer,37,Business Travel,Business,227,1,1,1,1,4,5,4,4,4,4,4,5,5,3.31,0,0,TRUE
Male,Loyal Customer,40,Business Travel,Business,227,3,2,2,2,4,3,3,3,3,3,3,2,1,2.62,32,30,FALSE
Female,Loyal Customer,28,Personal Travel,Eco,1855,3,4,3,3,1,3,1,1,3,5,4,1,1,2.54,0,0,FALSE
Male,Loyal Customer,53,Business Travel,Business,1879,1,1,1,1,2,5,4,5,5,5,5,5,5,3.46,2,0,TRUE
Female,Loyal Customer,33,Business Travel,Eco Plus,1269,2,5,5,5,2,2,2,2,2,2,4,4,2,3,0,0,FALSE
Male,Loyal Customer,33,Business Travel,Business,1825,3,1,1,1,3,3,3,3,4,1,3,2,3,2.38,2,38,FALSE
Male,Loyal Customer,44,Business Travel,Business,2730,2,2,2,2,2,4,5,4,4,4,5,5,5,3.54,0,0,TRUE
Female,Loyal Customer,62,Personal Travel,Eco,337,4,5,4,3,5,5,5,2,2,4,2,4,2,3.62,36,17,FALSE
Male,Disloyal Customer,21,Business Travel,Eco,405,2,3,2,3,1,2,1,1,1,3,3,2,1,1.92,0,0,FALSE
Female,Loyal Customer,47,Business Travel,Eco,177,4,1,1,1,4,1,5,4,4,4,4,3,4,3.08,9,5,TRUE
Male,Disloyal Customer,33,Business Travel,Business,404,2,2,2,5,4,2,5,4,4,3,5,4,4,3.54,0,0,FALSE
Male,Loyal Customer,17,Business Travel,Business,386,1,1,1,1,4,4,4,4,4,3,5,3,4,3,2,0,TRUE
Female,Loyal Customer,44,Business Travel,Business,1947,3,4,4,4,3,2,3,3,3,2,3,2,1,2.85,0,0,FALSE
Female,Loyal Customer,58,Business Travel,Business,3652,2,2,2,2,4,4,5,3,3,3,3,4,3,3.08,33,16,TRUE
Male,Loyal Customer,45,Business Travel,Business,3447,4,4,4,4,4,4,4,4,4,4,4,4,5,4.08,52,46,TRUE
Male,Loyal Customer,53,Business Travel,Business,3481,0,4,1,5,2,4,5,4,4,4,4,4,4,3.46,0,0,TRUE
Female,Loyal Customer,26,Personal Travel,Eco,337,2,5,2,3,4,2,5,4,4,2,4,3,4,3.38,16,16,FALSE
Female,Loyal Customer,18,Personal Travel,Eco,1471,1,3,1,2,3,1,3,3,3,5,3,1,3,2.46,0,0,FALSE
Male,Loyal Customer,44,Business Travel,Business,3013,3,3,3,3,3,1,4,5,5,5,5,5,1,3.54,0,0,TRUE
Male,Loyal Customer,44,Business Travel,Business,438,5,5,1,5,3,4,5,5,5,5,5,4,5,4.38,0,2,TRUE
Female,Loyal Customer,46,Business Travel,Eco Plus,1127,4,3,1,1,5,3,4,4,4,4,4,3,2,3.23,119,121,FALSE
Female,Loyal Customer,32,Business Travel,Business,3505,3,3,3,3,3,3,3,3,2,2,4,2,3,2.85,0,0,FALSE
Male,Loyal Customer,11,Business Travel,Business,2288,2,2,2,2,5,5,5,5,3,2,5,4,5,3.62,0,0,TRUE
Male,Loyal Customer,53,Business Travel,Eco,481,2,1,1,1,2,2,2,2,4,3,2,4,2,2.15,0,11,FALSE
Female,Loyal Customer,38,Personal Travel,Eco,2239,4,4,4,4,5,4,5,5,5,5,5,3,5,4.46,0,0,FALSE
Male,Loyal Customer,30,Business Travel,Eco Plus,748,0,0,0,1,2,0,4,2,2,1,5,1,2,1.54,0,0,TRUE
Male,Loyal Customer,53,Business Travel,Business,2160,2,2,2,2,4,4,5,4,4,4,4,5,4,3.54,0,0,TRUE
Female,Loyal Customer,29,Business Travel,Business,3206,2,2,2,2,5,5,5,5,5,3,4,5,5,3.85,27,14,TRUE
Female,Loyal Customer,45,Business Travel,Business,1987,4,4,4,4,5,5,5,5,5,5,5,4,3,4.46,0,2,TRUE
Female,Loyal Customer,20,Business Travel,Eco Plus,522,2,3,3,3,2,2,3,2,1,3,3,4,2,2.54,61,70,FALSE
Male,Loyal Customer,70,Personal Travel,Business,581,3,4,2,1,5,5,4,4,4,2,4,4,5,3.62,5,0,FALSE
Male,Disloyal Customer,37,Business Travel,Business,338,3,3,3,5,5,3,2,5,5,5,5,3,5,4,5,0,FALSE
Male,Loyal Customer,10,Business Travel,Business,2095,3,2,2,2,3,3,3,3,4,3,3,1,3,2.69,51,40,FALSE
Female,Loyal Customer,28,Personal Travel,Eco,1005,4,5,4,3,1,4,1,1,5,3,1,1,1,2.62,113,110,FALSE
Female,Loyal Customer,58,Personal Travel,Eco,2576,2,4,2,2,2,4,2,3,5,4,5,2,2,3,0,18,FALSE
Male,Loyal Customer,7,Personal Travel,Eco,547,5,4,5,4,5,5,5,5,1,5,3,2,5,4.15,7,0,TRUE
Female,Loyal Customer,37,Business Travel,Business,262,2,1,3,1,5,3,4,2,2,2,2,2,3,2.46,0,0,FALSE
Male,Loyal Customer,10,Personal Travel,Eco,1299,2,4,2,2,4,2,4,4,3,5,3,4,4,3.31,0,0,FALSE
Male,Disloyal Customer,22,Business Travel,Eco,307,1,4,1,2,4,1,4,4,5,2,4,5,4,3.15,0,0,FALSE
Female,Loyal Customer,33,Business Travel,Business,1735,4,4,4,4,3,4,4,5,5,4,5,4,4,4.15,0,0,TRUE
Female,Loyal Customer,39,Business Travel,Business,2630,2,2,2,2,5,4,3,2,2,2,2,3,1,2.46,0,0,FALSE
Female,Disloyal Customer,20,Business Travel,Eco,462,1,4,1,3,3,1,3,3,2,5,3,4,3,2.77,5,5,FALSE
Male,Loyal Customer,55,Business Travel,Eco,533,2,3,2,3,2,2,2,2,1,1,3,1,2,2,0,0,FALSE
Male,Loyal Customer,68,Personal Travel,Eco,429,1,0,1,2,2,1,2,2,4,1,4,2,2,1.85,0,1,FALSE
Female,Loyal Customer,32,Business Travel,Eco,56,5,3,3,3,5,5,5,5,3,2,1,1,5,3.54,26,17,TRUE
Male,Loyal Customer,40,Business Travel,Business,2042,1,1,4,1,4,5,5,5,5,5,5,5,5,3.92,6,3,TRUE
Male,Loyal Customer,46,Business Travel,Business,1596,4,4,4,4,3,5,4,4,4,4,4,4,3,3.92,2,3,TRUE
Female,Loyal Customer,44,Business Travel,Eco,190,4,3,3,3,3,1,5,4,4,4,4,5,1,3.38,0,0,TRUE
Male,Loyal Customer,42,Business Travel,Business,2125,1,3,1,1,2,4,4,5,5,4,5,3,4,3.23,43,30,TRUE
Male,Loyal Customer,53,Business Travel,Business,2329,1,1,1,1,5,5,5,5,5,4,5,4,4,3.54,24,39,TRUE
Male,Loyal Customer,31,Personal Travel,Eco,1258,1,4,1,3,2,1,2,2,3,5,5,3,2,2.62,12,4,FALSE
Female,Loyal Customer,49,Business Travel,Business,2989,3,3,3,3,2,5,5,5,5,5,5,5,5,4.15,1,0,TRUE
Male,Loyal Customer,43,Business Travel,Business,1916,2,1,1,1,3,2,2,2,2,2,2,3,1,1.85,3,0,FALSE
Female,Loyal Customer,19,Personal Travel,Eco,802,1,4,1,2,2,1,2,2,3,2,1,3,2,2,10,20,FALSE
Female,Loyal Customer,41,Business Travel,Business,270,0,0,0,4,3,5,4,4,4,4,4,4,4,3.08,27,27,TRUE
Female,Loyal Customer,42,Business Travel,Eco,224,4,3,3,3,1,2,2,3,3,4,3,1,2,2.62,53,42,FALSE
Female,Loyal Customer,52,Business Travel,Business,3756,5,5,2,5,3,5,4,5,5,5,5,4,4,4.38,0,0,TRUE
Female,Loyal Customer,31,Business Travel,Eco,459,2,1,5,1,2,2,2,2,3,4,3,3,2,2.46,0,0,FALSE
Male,Loyal Customer,17,Business Travel,Business,366,2,4,4,4,2,2,2,2,1,1,4,1,2,2.38,56,48,FALSE
Male,Disloyal Customer,25,Business Travel,Business,337,2,0,2,2,3,2,3,3,3,5,5,4,3,2.85,64,55,FALSE
Male,Disloyal Customer,37,Business Travel,Business,444,3,3,3,1,4,3,4,4,3,2,4,5,4,3.31,2,0,FALSE
Female,Loyal Customer,47,Business Travel,Business,2953,2,2,2,2,3,5,4,4,4,4,4,4,4,3.38,0,0,TRUE
Female,Loyal Customer,19,Personal Travel,Eco,399,2,4,2,1,3,2,3,3,5,5,4,5,3,3.23,0,0,FALSE
Male,Loyal Customer,21,Personal Travel,Eco,257,4,3,4,3,4,4,4,4,3,3,1,4,4,3.46,0,0,FALSE
Male,Loyal Customer,46,Business Travel,Eco,416,2,4,4,4,2,2,2,2,2,1,4,3,2,2.62,0,22,FALSE
Male,Loyal Customer,32,Business Travel,Eco,1874,4,5,5,5,4,4,4,4,5,2,5,2,4,4.08,0,0,TRUE
Male,Loyal Customer,44,Personal Travel,Eco,102,3,1,3,2,3,3,2,3,3,4,3,4,3,2.85,3,0,FALSE
Female,Loyal Customer,15,Personal Travel,Eco Plus,308,1,5,1,5,3,1,3,3,4,5,5,5,3,3.38,0,0,FALSE
Male,Loyal Customer,11,Personal Travel,Eco Plus,733,4,4,4,2,3,4,3,3,1,3,5,5,3,3.38,39,34,FALSE
Male,Disloyal Customer,22,Business Travel,Eco,1426,4,4,4,1,2,4,2,2,5,3,5,3,2,3.15,13,0,TRUE
Female,Loyal Customer,27,Business Travel,Business,1763,1,1,3,1,3,3,3,3,3,3,4,5,3,2.77,0,0,TRUE
Male,Loyal Customer,39,Business Travel,Business,2588,1,1,1,1,3,5,5,4,4,4,4,4,5,3.23,0,0,TRUE
Male,Disloyal Customer,23,Business Travel,Eco,395,0,4,1,4,5,1,5,5,4,3,5,3,5,3.46,0,0,TRUE
Female,Disloyal Customer,40,Business Travel,Business,408,3,3,3,4,1,3,1,1,1,5,3,4,1,2.54,0,1,FALSE
Male,Loyal Customer,25,Personal Travel,Eco Plus,399,2,5,2,2,5,2,5,5,5,5,4,5,5,4,0,0,FALSE
Male,Loyal Customer,47,Business Travel,Business,2586,4,4,4,4,4,4,4,3,5,4,4,4,4,4,0,0,TRUE
Female,Disloyal Customer,24,Business Travel,Eco,265,3,2,3,3,3,3,3,3,3,1,4,1,3,2.69,0,0,FALSE
Male,Disloyal Customer,48,Business Travel,Eco,1046,5,5,5,1,2,5,2,2,4,3,2,1,2,3,0,0,TRUE
Female,Disloyal Customer,32,Business Travel,Eco Plus,193,2,2,2,1,2,2,3,2,3,2,3,4,2,2.31,0,0,FALSE
Male,Loyal Customer,48,Business Travel,Business,460,2,2,2,2,5,5,4,3,3,4,3,4,5,3.38,7,4,TRUE
Female,Disloyal Customer,23,Business Travel,Eco,1300,2,1,1,4,2,2,4,2,3,2,4,3,2,2.46,6,0,FALSE
Female,Loyal Customer,7,Personal Travel,Eco,680,3,4,3,1,4,3,4,4,3,4,5,3,4,3.46,0,0,FALSE
Female,Loyal Customer,40,Business Travel,Business,599,5,5,5,5,3,5,5,4,4,4,4,5,3,4.38,62,51,TRUE
Male,Loyal Customer,50,Business Travel,Eco,405,1,4,4,4,1,1,1,1,3,5,4,3,1,2.54,45,38,FALSE
Male,Loyal Customer,45,Business Travel,Business,3586,1,1,1,1,4,3,3,4,4,4,5,3,4,2.92,0,0,TRUE
Male,Loyal Customer,23,Business Travel,Business,1123,1,1,3,1,5,4,5,5,4,4,5,4,5,3.62,0,0,TRUE
Female,Loyal Customer,36,Business Travel,Business,2527,1,5,5,5,4,3,3,1,1,1,1,3,2,2.69,0,0,FALSE
Female,Disloyal Customer,25,Business Travel,Eco,1274,3,3,3,2,3,2,2,2,4,3,2,2,2,2.54,131,111,FALSE
Female,Loyal Customer,42,Personal Travel,Eco,130,1,1,0,3,5,4,4,2,2,0,2,3,4,2.38,0,6,FALSE
Male,Loyal Customer,28,Business Travel,Eco Plus,866,5,2,2,2,5,5,5,5,3,5,5,5,5,4.15,0,0,TRUE
Male,Disloyal Customer,28,Business Travel,Eco,1050,4,4,4,4,5,4,5,5,2,1,3,2,5,3.69,0,0,TRUE
Female,Loyal Customer,34,Business Travel,Business,944,1,1,1,1,5,1,2,5,5,5,5,4,3,3,0,5,TRUE
Male,Loyal Customer,11,Personal Travel,Eco,1670,3,5,3,3,2,3,4,2,3,4,4,3,2,3.15,6,0,FALSE
Female,Loyal Customer,46,Business Travel,Eco,859,5,5,5,5,4,3,3,5,5,5,5,2,4,4.31,0,0,TRUE
Female,Loyal Customer,46,Business Travel,Eco,331,4,3,3,3,2,5,2,3,3,4,3,1,1,2.85,58,49,TRUE
Female,Loyal Customer,25,Personal Travel,Eco Plus,1379,3,3,3,3,3,3,4,3,4,3,1,5,3,3.15,6,0,FALSE
Female,Loyal Customer,66,Personal Travel,Eco,220,2,0,0,4,5,5,4,3,3,0,3,3,4,2.77,7,10,FALSE
Female,Loyal Customer,60,Business Travel,Business,1940,4,4,4,4,2,4,5,5,5,5,5,4,5,4.31,0,0,TRUE
Male,Loyal Customer,27,Business Travel,Business,2253,2,2,2,2,2,2,2,2,2,3,5,4,2,2.46,0,0,TRUE
Female,Loyal Customer,8,Personal Travel,Eco,746,4,5,4,3,3,4,3,3,3,4,5,5,3,3.77,53,76,FALSE
Male,Loyal Customer,39,Business Travel,Eco,546,4,5,5,5,4,4,4,4,3,2,2,4,4,3.85,0,0,TRUE
Male,Loyal Customer,66,Business Travel,Eco,109,4,1,4,1,4,4,4,4,4,4,3,2,4,3.31,21,15,TRUE
Female,Loyal Customer,51,Business Travel,Business,3441,1,2,2,2,3,4,4,1,1,1,1,2,4,2.15,17,6,FALSE
Male,Loyal Customer,49,Business Travel,Business,4817,2,2,2,2,5,5,5,5,3,4,5,5,5,3.85,20,0,TRUE
Male,Loyal Customer,40,Business Travel,Business,240,4,4,4,4,5,5,4,5,5,5,5,3,4,4.38,32,38,TRUE
Male,Loyal Customer,13,Personal Travel,Eco,577,3,5,3,4,4,3,4,4,5,2,4,5,4,3.85,32,21,FALSE
Female,Loyal Customer,9,Personal Travel,Eco,802,1,5,1,2,3,1,3,3,1,5,3,4,3,2.69,0,7,FALSE
Female,Loyal Customer,45,Business Travel,Business,1517,2,2,2,2,4,4,4,4,3,1,2,4,4,2.92,0,0,TRUE
Female,Loyal Customer,27,Business Travel,Business,2422,3,3,3,3,3,3,3,3,3,5,3,5,3,3.31,0,0,TRUE
Male,Loyal Customer,54,Personal Travel,Eco,78,1,4,0,5,5,0,5,5,3,5,5,3,5,3.54,0,0,FALSE
Male,Loyal Customer,40,Business Travel,Business,3584,1,5,5,5,1,3,2,1,1,1,1,3,1,2.31,118,131,FALSE
Female,Loyal Customer,25,Business Travel,Business,3026,3,3,1,3,3,3,3,3,1,1,4,3,3,2.62,0,0,FALSE
Male,Disloyal Customer,24,Business Travel,Eco,341,3,4,4,4,5,4,5,5,4,1,4,1,5,3.77,0,0,FALSE
Female,Loyal Customer,42,Business Travel,Business,2101,4,4,4,4,3,5,5,4,4,4,4,4,5,4.15,28,35,TRUE
Female,Loyal Customer,41,Business Travel,Business,1476,3,3,3,3,2,4,5,5,5,5,5,3,3,3.77,0,0,TRUE
Female,Loyal Customer,59,Business Travel,Business,377,3,3,3,3,2,5,5,2,2,2,2,3,4,3,56,33,TRUE
Male,Loyal Customer,63,Business Travel,Eco,414,4,2,5,5,4,4,4,4,3,3,3,1,4,3.54,0,0,FALSE
Male,Loyal Customer,63,Personal Travel,Eco,651,2,1,1,2,3,1,3,3,2,1,2,3,3,2.08,0,0,FALSE
Male,Loyal Customer,66,Personal Travel,Eco,944,4,5,4,3,5,4,5,5,3,4,1,5,5,4.08,0,0,TRUE
Female,Loyal Customer,39,Business Travel,Eco,271,2,5,4,5,2,2,2,2,3,1,4,2,2,2.77,0,0,FALSE
Male,Loyal Customer,48,Business Travel,Business,3161,3,3,3,3,5,4,5,4,4,4,4,4,4,3.85,0,0,TRUE
Male,Loyal Customer,45,Business Travel,Eco,1009,1,2,2,2,2,1,2,2,1,4,4,1,2,2,0,9,FALSE
Female,Disloyal Customer,85,Business Travel,Business,67,4,4,4,3,4,4,4,2,1,5,4,4,4,3.62,0,0,TRUE
Male,Loyal Customer,65,Business Travel,Business,3304,3,4,4,4,2,3,3,4,1,4,3,3,3,3.15,102,140,FALSE
Female,Loyal Customer,18,Personal Travel,Eco,602,3,2,3,3,4,3,4,4,1,2,3,2,4,2.92,18,28,FALSE
Male,Loyal Customer,54,Business Travel,Business,2083,3,5,3,3,3,5,4,5,5,5,5,3,4,4.08,1,0,TRUE
Male,Loyal Customer,34,Personal Travel,Eco,337,3,4,3,4,4,3,1,4,3,5,5,5,4,3.69,17,0,FALSE
Female,Loyal Customer,58,Personal Travel,Eco,369,4,4,5,4,4,2,2,3,3,5,3,1,5,3.46,0,0,FALSE
Male,Loyal Customer,46,Business Travel,Business,296,3,3,3,3,3,5,4,4,4,4,4,3,3,3.54,0,0,TRUE
Female,Loyal Customer,37,Business Travel,Business,1197,3,3,3,3,2,4,5,4,4,4,4,4,3,3.54,0,0,TRUE
Female,Loyal Customer,11,Personal Travel,Eco Plus,931,2,4,2,2,5,2,5,5,3,2,4,5,5,3.54,2,3,FALSE
Male,Disloyal Customer,37,Business Travel,Business,404,5,5,5,1,1,5,1,1,4,5,4,5,1,3.31,0,0,TRUE
Female,Loyal Customer,58,Business Travel,Eco,304,3,5,5,5,5,3,4,3,3,3,3,1,1,3.38,0,0,FALSE
Male,Loyal Customer,43,Personal Travel,Eco,916,3,5,4,1,3,4,2,3,3,1,4,2,3,2.92,5,1,FALSE
Female,Disloyal Customer,33,Business Travel,Eco Plus,152,3,3,3,3,3,3,3,3,2,1,3,4,3,2.85,98,84,FALSE
Male,Loyal Customer,11,Personal Travel,Eco,1085,3,3,3,4,4,3,3,4,1,3,3,1,4,3,0,0,FALSE
Male,Loyal Customer,25,Business Travel,Business,1134,4,4,4,4,4,4,4,4,5,2,4,5,4,4,0,0,TRUE
Male,Loyal Customer,11,Personal Travel,Eco,547,1,5,1,5,2,1,2,2,3,4,5,2,2,2.69,0,0,FALSE
Male,Loyal Customer,12,Personal Travel,Eco Plus,837,2,4,3,4,2,3,3,2,4,3,5,4,2,3.15,13,15,FALSE
Female,Loyal Customer,28,Personal Travel,Eco,163,4,5,4,5,1,4,1,1,5,2,5,3,1,3.15,0,0,TRUE
Male,Disloyal Customer,37,Business Travel,Eco,967,2,2,2,2,2,2,2,2,1,2,3,4,2,2.15,0,0,FALSE
Female,Loyal Customer,38,Personal Travel,Eco,214,1,4,1,3,5,1,5,5,1,2,4,4,5,3.15,0,2,FALSE
Male,Loyal Customer,42,Business Travel,Business,397,4,4,4,4,5,4,2,4,4,4,4,2,1,3.54,0,0,TRUE
Female,Disloyal Customer,38,Business Travel,Eco,395,2,4,1,3,2,1,2,2,1,5,4,4,2,2.54,0,0,FALSE
Female,Loyal Customer,59,Business Travel,Business,337,0,0,0,4,5,5,4,5,5,4,4,4,5,3.46,0,0,TRUE
Female,Loyal Customer,43,Personal Travel,Eco,516,1,4,1,1,2,2,1,4,4,1,4,1,3,2.23,5,0,FALSE
Female,Loyal Customer,18,Personal Travel,Eco,622,2,4,3,4,4,3,2,4,5,3,5,5,4,3.69,0,0,FALSE
Male,Loyal Customer,34,Personal Travel,Eco,481,2,4,2,4,1,2,1,1,3,3,3,2,1,2.23,0,0,FALSE
Male,Loyal Customer,23,Business Travel,Business,1990,5,5,5,5,5,5,5,5,3,3,5,4,5,4.62,4,0,TRUE
Male,Loyal Customer,22,Personal Travel,Eco,271,4,0,4,4,5,4,5,5,3,1,5,5,5,3.85,17,14,FALSE
Male,Loyal Customer,56,Business Travel,Business,2764,3,3,3,3,5,4,5,4,4,4,4,3,5,3.85,0,0,TRUE
Female,Loyal Customer,15,Personal Travel,Eco,429,2,3,2,3,4,2,5,4,1,2,3,3,4,2.92,34,27,FALSE
Female,Disloyal Customer,25,Business Travel,Eco,948,3,3,3,4,5,3,5,5,1,5,3,4,5,3.77,5,2,FALSE
Male,Loyal Customer,69,Personal Travel,Eco,1203,3,1,3,3,2,3,2,2,2,5,4,3,2,2.69,11,9,FALSE
Female,Disloyal Customer,24,Business Travel,Eco,229,4,2,5,3,4,5,4,4,3,5,3,3,4,3.77,0,0,FALSE
Female,Loyal Customer,54,Business Travel,Business,3323,1,1,1,1,4,5,4,5,5,4,5,4,5,3.46,16,6,TRUE
Female,Loyal Customer,55,Business Travel,Business,173,2,2,2,2,4,5,4,4,4,4,5,3,4,3.46,0,0,TRUE
Male,Loyal Customer,66,Personal Travel,Eco,294,2,5,2,1,5,2,5,5,3,5,4,4,5,3.69,0,0,FALSE
Male,Disloyal Customer,29,Business Travel,Eco,622,4,4,4,3,5,4,5,5,4,5,3,2,5,4.08,0,0,FALSE
Male,Loyal Customer,60,Business Travel,Business,3440,2,2,2,2,4,4,4,4,4,4,4,3,4,3.31,69,66,TRUE
Male,Loyal Customer,14,Personal Travel,Eco,1947,1,5,1,1,5,1,5,5,4,2,3,5,5,3.31,4,0,FALSE
Female,Loyal Customer,66,Personal Travel,Eco,569,2,4,2,2,3,3,3,3,3,2,3,5,3,2.92,0,0,FALSE
Female,Loyal Customer,20,Personal Travel,Eco Plus,1197,4,5,4,2,4,4,4,4,4,3,4,3,4,3.77,0,0,FALSE
Female,Disloyal Customer,23,Business Travel,Eco,762,1,2,2,3,4,2,4,4,4,4,4,3,4,3.15,3,0,FALSE
Male,Loyal Customer,45,Business Travel,Business,3189,2,2,2,2,2,2,2,1,4,4,4,2,2,2.38,217,206,FALSE
Male,Loyal Customer,31,Personal Travel,Eco,1208,3,1,3,3,5,3,5,5,3,1,3,4,5,3.38,0,7,FALSE
Female,Loyal Customer,18,Business Travel,Eco,425,2,5,5,5,2,2,2,2,4,5,3,4,2,3.31,66,65,FALSE
Female,Loyal Customer,32,Business Travel,Business,2468,3,3,3,3,3,3,3,3,3,4,3,2,3,3,0,0,FALSE
Male,Loyal Customer,21,Personal Travel,Eco Plus,397,2,5,2,3,2,4,4,5,3,5,4,4,4,3.62,168,163,FALSE
Female,Loyal Customer,63,Business Travel,Eco,347,2,5,5,5,2,3,3,2,1,4,3,3,3,3.15,243,238,FALSE
Female,Loyal Customer,30,Business Travel,Business,345,1,4,1,4,1,1,1,1,1,5,4,1,1,2,13,9,FALSE
Female,Loyal Customer,45,Business Travel,Business,1023,3,3,3,3,3,5,5,5,5,5,5,5,5,4.23,0,0,TRUE
Male,Disloyal Customer,70,Business Travel,Eco,666,3,1,3,4,4,3,4,4,3,5,4,2,4,3.38,0,0,FALSE
Male,Loyal Customer,49,Business Travel,Business,3377,1,5,5,5,2,3,3,1,1,1,1,3,1,2.46,0,0,FALSE
Female,Loyal Customer,38,Business Travel,Eco,1608,2,4,2,2,2,2,2,4,5,3,3,2,2,2.69,138,132,FALSE
Female,Disloyal Customer,24,Business Travel,Eco,587,2,1,2,2,2,2,3,2,4,1,2,3,2,2.15,23,,FALSE
Female,Loyal Customer,43,Personal Travel,Eco,280,1,4,1,3,4,4,4,1,1,1,1,5,5,2.69,0,0,FALSE
Female,Loyal Customer,11,Personal Travel,Eco,345,2,5,2,1,2,2,4,2,3,5,5,4,2,3,0,0,FALSE
Male,Disloyal Customer,33,Business Travel,Eco,752,2,2,2,3,5,2,5,5,1,5,4,4,5,3.46,0,0,FALSE
Female,Loyal Customer,44,Business Travel,Business,1983,4,4,4,4,3,4,4,5,5,5,5,5,3,4.23,49,66,TRUE
Female,Disloyal Customer,36,Business Travel,Business,666,2,2,2,4,3,2,3,3,5,2,5,3,3,3,0,0,FALSE
Male,Disloyal Customer,24,Business Travel,Eco,616,4,0,4,4,4,4,4,4,4,3,4,3,4,3.54,0,0,FALSE
Male,Loyal Customer,45,Personal Travel,Eco,302,2,4,2,1,3,2,2,3,4,3,5,4,3,2.92,14,25,FALSE
Male,Loyal Customer,44,Business Travel,Business,2296,5,5,1,5,2,4,4,4,4,4,4,4,4,3.85,0,0,TRUE
Female,Loyal Customer,47,Personal Travel,Eco Plus,997,2,5,2,3,4,5,4,3,3,2,3,3,4,3.31,0,0,FALSE
Female,Disloyal Customer,38,Business Travel,Eco,516,2,0,2,5,2,5,5,5,5,4,2,5,5,3.62,101,175,FALSE
Female,Loyal Customer,46,Business Travel,Business,352,3,3,3,3,4,5,1,5,5,5,5,4,2,3.69,0,0,TRUE
Male,Loyal Customer,32,Business Travel,Business,1481,2,2,2,2,2,2,2,2,2,4,1,4,2,2.23,0,18,FALSE
Female,Loyal Customer,51,Business Travel,Business,1355,5,5,5,5,3,5,5,4,4,4,4,4,4,4.38,0,0,TRUE
Female,Loyal Customer,37,Personal Travel,Eco,334,1,4,1,1,5,1,5,5,5,3,4,5,5,3.46,0,0,FALSE
Female,Loyal Customer,52,Personal Travel,Business,817,1,1,2,4,1,4,4,4,4,2,2,4,2,2.69,0,0,FALSE
Male,Loyal Customer,40,Business Travel,Business,3082,0,0,0,4,2,3,3,1,1,1,1,4,2,1.69,3,14,TRUE
Male,Loyal Customer,26,Business Travel,Business,3078,2,1,1,1,2,2,2,2,1,4,3,3,2,2,0,12,FALSE
Female,Loyal Customer,62,Business Travel,Business,2114,1,1,1,1,2,5,5,5,5,5,5,5,3,3.38,0,0,TRUE
Female,Loyal Customer,57,Business Travel,Business,304,3,3,3,3,3,1,1,3,3,3,3,2,4,2.69,74,77,FALSE
Female,Loyal Customer,52,Business Travel,Eco,1197,5,2,2,2,5,3,2,5,5,5,5,4,5,3.85,63,57,TRUE
Female,Loyal Customer,52,Business Travel,Business,2599,1,1,5,1,5,4,5,4,4,4,4,4,4,3.54,6,14,TRUE
Female,Loyal Customer,30,Personal Travel,Eco,738,3,4,3,2,1,3,1,1,3,5,5,5,1,2.85,0,0,FALSE
Male,Disloyal Customer,22,Business Travel,Business,484,5,0,5,1,3,5,3,3,5,5,5,3,3,3.54,7,1,TRUE
Male,Loyal Customer,41,Business Travel,Eco,463,1,1,1,1,1,1,1,1,1,4,4,1,1,1.46,0,0,FALSE
Male,Loyal Customer,56,Personal Travel,Eco Plus,246,1,1,1,4,3,1,5,3,3,2,3,3,3,2.54,5,9,FALSE
Female,Loyal Customer,51,Business Travel,Business,1835,4,4,4,4,4,5,5,4,4,4,4,5,4,4.23,0,3,TRUE
Male,Loyal Customer,41,Personal Travel,Eco,237,2,1,2,3,5,2,2,5,3,3,2,4,5,3,13,4,FALSE
Female,Loyal Customer,62,Personal Travel,Eco,937,2,4,1,2,2,5,4,5,5,1,5,4,5,3.46,0,11,FALSE
Male,Loyal Customer,60,Personal Travel,Eco,1773,3,4,3,3,1,3,1,1,3,2,3,2,1,2.31,0,0,FALSE
Female,Loyal Customer,30,Personal Travel,Eco,1535,2,5,2,2,1,2,1,1,5,5,4,4,1,2.69,11,0,FALSE
Male,Loyal Customer,55,Personal Travel,Eco Plus,571,3,5,3,3,2,3,2,2,4,4,4,4,2,3.15,0,0,FALSE
Male,Disloyal Customer,28,Business Travel,Eco,820,2,2,2,4,5,2,2,5,3,2,2,3,5,3,26,14,FALSE
Male,Loyal Customer,33,Business Travel,Business,395,1,1,2,1,3,4,3,3,1,5,5,5,3,2.85,5,0,TRUE
Male,Loyal Customer,28,Personal Travel,Business,838,3,2,3,2,5,3,2,5,3,1,2,3,5,3,0,0,FALSE
Male,Disloyal Customer,16,Business Travel,Eco,787,1,1,1,3,1,1,1,4,4,2,2,1,1,1.77,32,32,FALSE
Female,Loyal Customer,23,Business Travel,Business,2793,3,2,2,2,3,3,3,3,4,1,3,1,3,2.54,0,0,FALSE
Male,Loyal Customer,33,Business Travel,Business,1863,1,1,1,1,5,5,5,5,3,5,5,5,5,3.62,4,0,TRUE
Female,Disloyal Customer,33,Business Travel,Business,359,3,3,3,1,4,3,4,4,4,4,5,4,4,3.54,0,0,FALSE
Male,Disloyal Customer,25,Business Travel,Eco Plus,101,1,1,1,3,2,1,2,2,2,5,3,2,2,2.08,7,7,FALSE
Male,Loyal Customer,40,Business Travel,Business,98,1,1,1,1,5,2,5,5,5,5,4,1,5,3.15,0,0,TRUE
Male,Disloyal Customer,34,Business Travel,Eco,998,3,3,3,3,3,5,5,3,4,1,3,5,5,3.54,173,171,FALSE
Male,Loyal Customer,56,Business Travel,Business,1171,2,2,2,2,5,5,5,4,4,5,4,3,4,3.62,5,0,TRUE
Female,Loyal Customer,42,Business Travel,Business,1185,3,3,3,3,3,3,5,4,4,4,4,1,4,3.38,0,0,TRUE
Female,Loyal Customer,7,Personal Travel,Eco,711,2,3,2,3,2,2,2,2,1,5,5,3,2,2.62,80,66,FALSE
Female,Loyal Customer,52,Business Travel,Business,680,5,5,5,5,3,4,4,4,4,4,4,4,4,4.23,18,2,TRUE
Female,Loyal Customer,28,Business Travel,Business,284,3,5,5,5,3,3,3,3,3,5,4,3,3,3.69,35,36,FALSE
Male,Loyal Customer,36,Personal Travel,Eco,604,2,3,2,3,3,2,3,3,4,3,3,1,3,2.69,38,26,FALSE
Female,Loyal Customer,22,Business Travel,Business,1533,3,3,3,3,4,4,4,4,3,5,5,5,4,3.85,0,0,TRUE
Female,Loyal Customer,47,Personal Travel,Eco,787,3,5,3,4,2,3,5,2,2,3,2,5,5,3.38,8,0,FALSE
Male,Loyal Customer,31,Personal Travel,Eco,476,3,5,3,5,4,3,4,4,2,4,3,1,4,3.46,0,0,FALSE
Male,Loyal Customer,24,Business Travel,Business,946,3,3,3,3,4,4,4,4,5,3,5,5,4,3.85,38,26,TRUE
Female,Loyal Customer,40,Personal Travel,Eco,1979,4,5,4,3,4,4,4,4,2,4,1,2,4,3.46,0,3,FALSE
Male,Loyal Customer,58,Personal Travel,Eco,282,2,5,2,3,4,2,2,4,4,5,4,4,4,3.46,0,0,FALSE
Female,Loyal Customer,47,Personal Travel,Business,937,2,4,2,2,3,2,5,3,3,2,3,4,3,2.92,32,19,FALSE
Male,Loyal Customer,48,Business Travel,Business,3939,3,2,2,2,2,4,4,3,3,3,3,3,4,2.92,8,0,FALSE
Female,Loyal Customer,22,Business Travel,Eco,287,5,1,1,1,5,5,4,5,3,2,1,1,5,3,0,0,TRUE
Male,Loyal Customer,40,Business Travel,Business,2361,3,1,2,2,4,3,4,3,3,3,3,2,3,2.77,6,4,FALSE
Female,Disloyal Customer,25,Business Travel,Business,471,4,0,4,2,4,4,4,4,5,5,4,3,4,3.62,1,0,FALSE
Female,Loyal Customer,54,Business Travel,Business,3305,2,2,2,2,2,2,3,2,2,3,2,1,4,2.23,0,0,FALSE
Male,Loyal Customer,47,Business Travel,Business,3369,3,3,3,3,2,5,5,4,4,4,4,3,3,3.54,12,5,TRUE
Male,Loyal Customer,32,Business Travel,Business,2811,2,2,2,2,5,5,5,5,3,4,2,2,5,3.38,0,0,TRUE
Female,Loyal Customer,32,Business Travel,Eco,164,0,0,0,3,1,0,1,1,4,2,5,1,1,1.46,0,0,TRUE
Male,Loyal Customer,57,Personal Travel,Eco,872,2,1,2,4,2,2,2,2,3,4,3,4,2,2.54,0,0,FALSE
Female,Disloyal Customer,33,Business Travel,Eco,346,4,4,4,2,4,1,1,3,1,3,4,1,1,2.54,204,188,FALSE
Female,Loyal Customer,52,Business Travel,Business,2607,4,4,4,4,4,5,4,4,4,4,4,3,3,3.92,0,0,TRUE
Female,Loyal Customer,49,Business Travel,Business,1803,3,3,3,3,3,4,5,4,4,4,4,4,4,3.69,0,8,TRUE
Female,Loyal Customer,57,Business Travel,Business,3876,1,1,1,1,4,5,4,5,5,5,4,5,4,3.46,0,1,TRUE
Female,Loyal Customer,40,Business Travel,Business,2686,2,2,4,2,3,5,4,4,4,4,4,3,5,3.54,0,0,TRUE
Female,Loyal Customer,57,Business Travel,Business,2913,1,1,1,1,2,5,4,4,4,4,4,3,3,2.85,57,56,TRUE
Female,Loyal Customer,56,Personal Travel,Eco,290,3,4,3,1,3,5,5,2,2,3,2,4,3,3.08,0,0,FALSE
Male,Loyal Customer,26,Business Travel,Business,1009,1,1,1,1,5,5,5,5,4,5,5,3,5,3.54,24,13,TRUE
Female,Disloyal Customer,25,Business Travel,Eco,594,2,1,1,3,3,1,3,3,2,3,3,1,3,2.23,14,7,FALSE
Male,Loyal Customer,31,Personal Travel,Eco,539,2,2,2,3,5,2,5,5,3,2,4,3,5,3.31,1,1,FALSE
Male,Loyal Customer,38,Business Travel,Eco,1590,2,2,2,2,2,2,2,2,1,4,3,1,2,2.08,0,12,FALSE
Male,Loyal Customer,46,Business Travel,Business,308,3,3,3,3,3,5,5,4,4,4,4,4,5,3.85,4,0,TRUE
Female,Loyal Customer,9,Personal Travel,Business,1620,3,4,3,3,3,3,3,3,4,2,5,3,3,3.23,0,0,FALSE
Female,Loyal Customer,31,Business Travel,Business,2765,3,3,3,3,5,5,5,5,5,4,5,4,5,4.23,23,13,TRUE
Male,Loyal Customer,52,Business Travel,Business,1617,2,2,2,2,3,5,4,4,4,4,4,5,4,3.46,0,0,TRUE
Female,Loyal Customer,63,Personal Travel,Eco,990,2,4,2,3,4,3,4,3,3,2,3,1,1,2.69,7,16,FALSE
Female,Loyal Customer,24,Business Travel,Business,622,1,1,1,1,5,5,5,5,5,2,4,4,5,3.38,0,0,TRUE
Female,Loyal Customer,28,Business Travel,Business,545,3,3,3,3,5,4,5,5,4,2,4,4,5,3.85,0,1,TRUE
Male,Loyal Customer,40,Business Travel,Eco,672,3,4,4,4,3,3,3,3,4,2,4,4,3,3.38,0,0,FALSE
Male,Loyal Customer,34,Business Travel,Business,624,3,2,2,2,2,3,3,3,3,3,3,2,2,2.54,32,33,FALSE
Male,Loyal Customer,49,Personal Travel,Business,436,0,4,0,1,2,5,5,3,3,0,3,5,3,2.62,0,0,TRUE
Male,Loyal Customer,69,Personal Travel,Eco,1162,3,3,3,4,2,3,5,2,4,4,3,1,2,3,1,0,FALSE
Female,Loyal Customer,27,Personal Travel,Business,853,4,4,4,3,1,4,1,1,4,2,5,4,1,2.92,0,1,FALSE
Male,Loyal Customer,43,Business Travel,Business,337,1,1,1,1,4,3,3,1,1,1,1,2,4,1.85,0,0,FALSE
Male,Loyal Customer,37,Business Travel,Business,106,4,2,4,4,4,3,1,4,4,5,5,2,2,3.38,0,0,TRUE
Male,Loyal Customer,42,Business Travel,Business,3534,2,3,3,3,3,4,3,2,2,3,2,3,1,2.62,53,75,FALSE
Male,Loyal Customer,45,Business Travel,Business,821,5,5,5,5,2,4,5,4,4,4,4,5,3,4.23,0,0,TRUE
Male,Disloyal Customer,37,Business Travel,Eco,907,3,3,3,3,3,3,3,3,2,4,2,1,3,2.77,0,11,FALSE
Male,Loyal Customer,54,Business Travel,Business,2644,3,3,3,3,4,5,4,3,3,3,3,3,3,3.31,0,0,TRUE
Male,Loyal Customer,41,Business Travel,Business,1195,1,1,2,1,1,5,2,4,4,4,4,2,2,2.54,0,0,TRUE
Female,Loyal Customer,25,Business Travel,Business,735,5,5,5,5,2,2,2,2,4,2,4,5,2,3.46,0,0,TRUE
Male,Loyal Customer,56,Personal Travel,Eco,1172,2,1,2,3,5,2,5,5,3,5,3,4,5,3.46,30,23,FALSE
Female,Loyal Customer,35,Business Travel,Business,2125,3,1,1,1,1,3,4,3,3,3,3,1,4,2.38,63,55,FALSE
Female,Loyal Customer,46,Business Travel,Business,3278,5,5,5,5,5,4,4,4,4,4,4,3,5,4.38,0,0,TRUE
Female,Loyal Customer,21,Business Travel,Eco Plus,2454,5,3,3,3,5,5,5,5,1,4,5,1,5,3.85,0,0,TRUE
Female,Disloyal Customer,27,Business Travel,Eco,188,3,5,2,3,3,2,3,3,5,2,1,2,3,2.85,0,0,FALSE
Female,Loyal Customer,51,Personal Travel,Eco,2182,1,1,2,3,5,3,3,4,4,2,4,4,3,3,0,2,FALSE
Female,Loyal Customer,57,Personal Travel,Eco,727,1,1,1,3,1,3,3,1,1,1,1,1,3,1.62,2,3,FALSE
Female,Disloyal Customer,39,Business Travel,Business,449,3,3,3,4,3,3,3,3,5,4,5,5,3,3.62,0,0,FALSE
Male,Loyal Customer,11,Personal Travel,Eco,550,1,2,1,2,4,1,4,4,2,1,3,2,4,2.38,0,0,FALSE
Female,Loyal Customer,35,Business Travel,Business,376,2,1,2,2,3,5,4,5,5,5,5,2,4,3.46,0,0,TRUE
Female,Loyal Customer,34,Business Travel,Business,2514,3,3,3,3,4,1,1,4,4,4,5,3,2,3.08,0,4,TRUE
Male,Loyal Customer,47,Business Travel,Eco,2521,2,3,2,3,2,2,2,2,1,5,2,4,2,2.46,0,0,FALSE
Male,Loyal Customer,21,Business Travel,Eco,813,4,2,2,2,4,4,2,4,4,3,4,3,4,3.23,95,79,FALSE
Male,Loyal Customer,55,Personal Travel,Eco,1034,5,5,5,1,5,5,5,5,5,5,5,5,5,4.69,0,0,TRUE
Male,Loyal Customer,53,Personal Travel,Eco,250,3,1,3,3,3,3,3,3,3,5,4,2,3,3,0,2,FALSE
Female,Loyal Customer,57,Personal Travel,Eco,1021,3,0,3,3,2,5,5,5,5,3,2,3,3,3.23,35,54,FALSE
Male,Loyal Customer,11,Personal Travel,Eco,645,2,2,1,4,4,1,1,4,3,4,3,4,4,2.85,9,4,FALSE
Female,Disloyal Customer,52,Business Travel,Business,564,5,5,5,5,3,5,3,3,5,3,5,3,3,4.08,32,36,TRUE
Male,Loyal Customer,69,Personal Travel,Eco,571,1,4,1,3,1,1,1,1,1,1,3,2,1,1.62,0,0,FALSE
Female,Loyal Customer,41,Business Travel,Business,985,3,3,3,3,3,4,4,5,5,5,5,4,4,3.92,0,0,TRUE
Female,Disloyal Customer,20,Business Travel,Eco,134,4,3,5,3,4,5,4,4,1,1,4,4,4,3.54,0,0,FALSE
Male,Loyal Customer,23,Business Travel,Business,2057,1,5,3,5,1,1,1,1,1,5,4,4,1,2.54,22,19,FALSE
Male,Loyal Customer,56,Business Travel,Business,3476,3,3,3,3,4,4,5,5,5,5,5,4,3,4,4,3,TRUE
Male,Loyal Customer,47,Business Travel,Business,2302,2,2,2,2,1,3,4,2,2,2,2,2,4,2.31,95,89,FALSE
Female,Loyal Customer,43,Business Travel,Business,3720,1,1,1,1,4,4,3,1,1,1,1,3,3,1.92,4,0,FALSE
Female,Loyal Customer,59,Personal Travel,Eco,250,3,5,3,2,4,5,5,4,4,3,4,5,3,3.85,83,107,FALSE
Male,Loyal Customer,41,Business Travel,Eco Plus,1249,4,5,5,5,4,4,4,4,3,4,5,3,4,4.15,0,24,TRUE
Female,Loyal Customer,44,Business Travel,Business,1688,5,5,5,5,1,5,2,4,4,4,4,1,2,3.62,13,0,TRUE
Male,Loyal Customer,25,Business Travel,Business,719,1,1,1,1,5,5,5,5,5,3,5,5,5,3.62,17,1,TRUE
Male,Loyal Customer,19,Personal Travel,Eco,2218,4,4,4,3,5,4,5,5,3,3,3,3,5,3.92,0,0,FALSE
Male,Loyal Customer,40,Business Travel,Business,1017,4,4,4,4,2,5,4,4,4,4,4,4,4,3.92,5,0,TRUE
Male,Loyal Customer,60,Business Travel,Business,1710,2,4,2,2,2,5,5,5,5,5,5,4,5,3.92,53,55,TRUE
Female,Loyal Customer,53,Business Travel,Eco,196,2,2,2,2,5,4,4,2,2,2,2,3,3,2.69,77,90,FALSE
Male,Disloyal Customer,62,Business Travel,Business,227,2,2,2,3,2,2,2,2,2,4,3,2,2,2.31,0,0,FALSE
Male,Loyal Customer,56,Business Travel,Business,3097,3,3,3,3,3,5,4,5,5,5,4,3,4,3.85,13,4,TRUE
Male,Loyal Customer,41,Personal Travel,Eco,1084,1,5,2,3,4,2,1,4,4,4,5,3,4,3.23,11,3,FALSE
Female,Disloyal Customer,28,Business Travel,Eco,763,2,2,2,4,1,2,1,1,2,4,3,4,1,2.23,2,0,FALSE
Female,Loyal Customer,67,Personal Travel,Eco,2342,3,4,3,4,2,4,4,5,5,3,5,2,3,3.62,0,0,FALSE
Male,Loyal Customer,56,Business Travel,Business,3789,5,5,5,5,1,5,2,3,3,4,3,2,2,3.46,71,68,TRUE
Male,Loyal Customer,51,Business Travel,Eco,861,3,2,2,2,3,3,3,3,1,3,3,2,3,2.54,0,3,FALSE
Male,Loyal Customer,37,Personal Travel,Eco Plus,993,1,1,1,3,1,1,1,1,1,5,2,4,1,1.77,0,0,FALSE
Male,Loyal Customer,24,Personal Travel,Eco Plus,214,2,0,0,2,3,0,3,3,3,3,4,5,3,2.38,0,1,FALSE
Female,Loyal Customer,32,Personal Travel,Eco,592,3,5,3,1,5,3,5,5,5,1,1,3,5,3.46,63,65,FALSE
Male,Loyal Customer,47,Personal Travel,Eco,137,1,2,1,3,2,1,2,2,4,5,3,2,2,2.31,40,33,FALSE
Female,Loyal Customer,18,Business Travel,Business,1436,3,3,3,3,4,5,4,4,5,4,3,1,4,3.54,0,0,TRUE
Female,Loyal Customer,57,Business Travel,Eco,507,3,2,2,2,3,4,4,4,4,3,4,1,4,3.08,0,28,FALSE
Female,Disloyal Customer,20,Business Travel,Business,1121,2,1,2,4,4,2,5,4,4,1,3,3,4,3,1,0,FALSE
Female,Loyal Customer,31,Business Travel,Eco Plus,602,3,2,2,2,3,3,3,3,1,2,2,3,3,2.46,0,0,FALSE
Male,Loyal Customer,38,Business Travel,Business,583,4,4,4,4,5,5,5,4,4,4,4,4,5,4.31,3,0,TRUE
Female,Loyal Customer,54,Business Travel,Eco,761,2,3,3,3,1,4,4,1,1,2,1,1,2,2.15,100,89,FALSE
Male,Loyal Customer,48,Business Travel,Business,1920,1,1,1,1,4,5,4,5,5,5,5,4,5,3.54,14,14,TRUE
Male,Disloyal Customer,25,Business Travel,Eco,671,1,1,1,3,2,1,2,2,4,5,3,2,2,2.23,0,0,FALSE
Female,Loyal Customer,51,Business Travel,Business,2688,2,4,4,4,1,4,3,2,2,2,2,1,3,2.62,0,0,FALSE
Male,Loyal Customer,9,Personal Travel,Eco,373,1,2,1,3,4,1,4,4,4,5,2,2,4,2.85,1,0,FALSE
Female,Loyal Customer,44,Personal Travel,Eco,447,0,4,0,4,3,4,5,5,5,0,2,3,4,3,0,0,TRUE
Male,Loyal Customer,43,Business Travel,Eco,1091,3,5,5,5,3,3,3,2,1,4,3,3,3,3.31,173,170,FALSE
Female,Loyal Customer,47,Personal Travel,Business,836,1,4,1,4,5,5,4,3,3,1,5,3,5,3.38,0,0,FALSE
Male,Loyal Customer,36,Business Travel,Eco,102,4,1,1,1,4,4,4,4,1,3,4,4,4,3,0,0,TRUE
Female,Disloyal Customer,27,Business Travel,Business,488,1,2,2,3,5,2,5,5,3,4,4,3,5,3.38,0,5,FALSE
Female,Loyal Customer,36,Business Travel,Eco,719,4,5,5,5,4,4,4,4,4,5,4,2,4,4.15,0,0,FALSE
Female,Loyal Customer,26,Business Travel,Eco Plus,403,3,2,4,4,3,3,2,3,1,4,4,4,3,3.08,0,7,FALSE
Female,Loyal Customer,38,Business Travel,Business,264,3,3,3,3,4,4,3,4,4,4,4,2,3,3.38,56,53,TRUE
Male,Loyal Customer,32,Business Travel,Business,1389,2,2,2,2,5,5,5,5,4,5,5,5,5,4,67,79,TRUE
Male,Loyal Customer,38,Business Travel,Business,1604,2,2,2,2,5,4,5,4,4,4,4,4,4,3.54,0,0,TRUE
Male,Loyal Customer,39,Business Travel,Business,1949,2,2,2,2,3,3,1,5,5,5,4,5,1,3.08,1,0,TRUE
Male,Disloyal Customer,26,Business Travel,Eco,557,4,0,4,1,5,4,5,5,2,2,3,4,5,3.38,0,0,TRUE
Male,Loyal Customer,25,Personal Travel,Eco,541,2,2,2,4,1,2,1,1,2,2,4,3,1,2.08,0,0,FALSE
Female,Disloyal Customer,22,Business Travel,Eco,194,4,0,4,2,3,4,3,3,3,2,5,4,3,3.08,0,0,TRUE
Female,Loyal Customer,56,Business Travel,Business,781,2,2,3,2,5,4,5,5,5,5,5,5,4,4,0,0,TRUE
Female,Loyal Customer,60,Business Travel,Business,2520,1,3,3,3,2,4,4,2,2,2,1,3,4,2.62,0,0,FALSE
Male,Loyal Customer,15,Personal Travel,Eco,1235,0,5,0,5,2,0,2,2,4,5,4,3,2,2.62,4,1,TRUE
Female,Loyal Customer,60,Business Travel,Business,1704,5,5,5,5,2,5,4,4,4,4,4,4,5,4.31,11,12,TRUE
Male,Disloyal Customer,24,Business Travel,Eco,819,3,3,3,5,2,3,2,2,4,5,4,2,2,3.08,0,0,FALSE
Male,Loyal Customer,33,Business Travel,Business,3680,4,4,4,4,4,4,4,4,1,3,2,1,4,3.31,0,1,TRUE
Male,Loyal Customer,24,Personal Travel,Eco Plus,1192,4,5,4,4,2,4,2,2,3,2,5,5,2,3.38,0,0,FALSE
Female,Loyal Customer,40,Business Travel,Eco,250,4,2,2,2,4,4,4,4,4,5,4,3,4,3.54,0,0,TRUE
Male,Loyal Customer,37,Personal Travel,Business,338,4,4,4,4,5,5,5,2,2,4,2,4,5,3.85,0,0,TRUE
Male,Disloyal Customer,22,Business Travel,Eco,551,3,5,3,1,4,3,4,4,3,2,5,3,4,3.38,0,0,FALSE
Male,Disloyal Customer,42,Business Travel,Business,214,2,2,2,3,5,2,5,5,4,2,3,1,5,3.15,15,11,FALSE
Male,Disloyal Customer,52,Business Travel,Business,626,3,3,3,4,2,3,2,2,4,4,4,4,2,3.08,0,0,FALSE
Female,Loyal Customer,62,Personal Travel,Eco,1671,3,4,3,2,5,2,2,2,2,3,2,3,4,2.85,0,0,FALSE
Female,Loyal Customer,41,Business Travel,Business,101,3,3,3,3,3,2,5,4,4,4,4,2,2,3.23,0,3,TRUE
Female,Loyal Customer,41,Business Travel,Business,2469,5,5,5,5,3,4,4,5,5,5,5,5,4,4.62,0,0,TRUE
Female,Loyal Customer,58,Business Travel,Business,1668,3,3,3,3,2,4,5,5,5,5,5,5,3,3.92,0,0,TRUE
Male,Loyal Customer,69,Business Travel,Business,337,1,1,1,1,2,5,5,5,5,4,5,3,5,3.31,43,34,TRUE
Male,Disloyal Customer,20,Business Travel,Eco,577,4,4,3,2,3,3,3,3,5,2,4,5,3,3.38,0,7,TRUE
Male,Loyal Customer,39,Business Travel,Business,296,3,3,3,3,4,4,4,4,3,5,5,4,4,3.77,143,224,TRUE
Male,Loyal Customer,12,Personal Travel,Eco,293,2,5,2,4,5,2,5,5,3,5,4,3,5,3.85,12,12,FALSE
Male,Loyal Customer,35,Business Travel,Business,647,3,3,3,3,2,5,5,4,4,4,4,5,3,3.69,0,0,TRUE
Female,Loyal Customer,53,Business Travel,Business,1901,3,3,3,3,2,4,4,5,5,5,5,3,3,3.69,0,4,TRUE
Female,Loyal Customer,61,Personal Travel,Eco,1045,0,3,0,3,2,3,2,4,4,0,4,4,5,2.62,0,3,TRUE
Female,Loyal Customer,28,Personal Travel,Eco,1056,2,4,2,2,2,2,5,2,4,5,5,5,2,3.23,2,0,FALSE
Female,Loyal Customer,34,Business Travel,Business,1452,1,0,0,3,5,4,3,3,3,0,3,2,4,2.38,0,0,FALSE
Male,Loyal Customer,31,Personal Travel,Eco,991,3,5,4,1,1,4,1,1,3,4,4,5,1,2.85,0,9,FALSE
Male,Disloyal Customer,12,Business Travel,Eco,1770,4,4,4,3,1,4,1,1,2,4,4,3,1,2.77,22,15,FALSE
Male,Loyal Customer,43,Business Travel,Eco,347,3,1,5,1,4,3,4,4,3,5,4,3,4,3.38,0,0,TRUE
Female,Loyal Customer,60,Personal Travel,Eco,2105,4,4,5,3,2,3,3,4,4,5,2,3,3,3.46,0,0,FALSE
Male,Loyal Customer,48,Business Travel,Business,3629,1,1,1,1,2,4,5,4,4,4,4,5,5,3.15,0,0,TRUE
Male,Loyal Customer,72,Business Travel,Business,1828,4,1,2,2,5,2,3,4,4,3,4,4,1,3,0,0,FALSE
Male,Loyal Customer,39,Business Travel,Business,3593,3,3,5,3,4,4,4,4,4,4,3,4,2,3.62,0,0,FALSE
Female,Loyal Customer,57,Personal Travel,Eco,1105,3,1,3,3,2,4,5,2,2,3,2,5,4,3,0,6,FALSE
Male,Loyal Customer,9,Personal Travel,Eco,500,2,5,2,3,2,2,2,2,2,4,2,3,2,2.54,0,0,FALSE
Male,Loyal Customer,55,Business Travel,Business,293,2,2,2,2,5,4,4,5,5,5,5,4,3,3.69,0,0,TRUE
Female,Loyal Customer,46,Personal Travel,Eco,1460,3,5,3,5,2,4,4,4,4,3,4,3,5,3.77,21,19,FALSE
Male,Loyal Customer,41,Personal Travel,Eco,1747,2,5,2,3,4,2,4,4,3,5,2,2,4,3.23,0,0,FALSE
Female,Loyal Customer,40,Business Travel,Eco,110,3,4,3,4,3,4,3,3,1,1,1,1,3,2.62,0,0,TRUE
Female,Disloyal Customer,30,Business Travel,Eco,315,4,4,4,4,4,4,4,4,4,2,4,2,4,3.69,0,8,FALSE
Male,Loyal Customer,25,Business Travel,Business,1011,4,4,4,4,4,4,4,4,5,5,5,3,4,4.15,0,0,TRUE
Female,Loyal Customer,29,Personal Travel,Eco,1616,3,4,3,2,2,3,2,2,5,3,4,4,2,3,0,0,FALSE
Male,Loyal Customer,41,Business Travel,Business,3369,2,4,4,4,3,3,3,2,2,2,2,3,4,2.92,6,6,FALSE
Female,Loyal Customer,26,Personal Travel,Eco Plus,102,2,5,2,1,3,2,3,3,1,2,4,1,3,2.46,68,65,FALSE
Male,Disloyal Customer,25,Business Travel,Business,1208,0,4,0,2,3,0,3,3,5,2,3,4,3,2.46,83,70,TRUE
Male,Loyal Customer,31,Personal Travel,Eco,2133,3,3,3,4,1,3,1,1,1,4,4,2,1,2.38,0,0,FALSE
Male,Loyal Customer,27,Business Travel,Business,501,2,1,1,1,2,2,2,2,3,1,3,3,2,1.92,79,59,FALSE
Male,Loyal Customer,20,Personal Travel,Eco,1199,3,4,3,3,3,3,3,3,4,3,4,1,3,3.08,9,5,FALSE
Male,Loyal Customer,33,Personal Travel,Eco,997,4,4,4,2,3,4,3,3,5,4,4,3,3,3.54,0,0,FALSE
Female,Disloyal Customer,80,Business Travel,Business,1111,3,3,3,3,3,3,3,3,5,3,3,3,3,3.15,0,47,FALSE
Male,Loyal Customer,43,Personal Travel,Eco,918,3,5,3,1,5,3,5,5,4,5,4,3,5,3.92,22,9,FALSE
Female,Disloyal Customer,13,Business Travel,Eco,1412,3,3,3,3,2,3,2,2,3,2,3,5,2,2.77,0,0,FALSE
Female,Loyal Customer,60,Personal Travel,Eco,628,2,1,2,3,3,2,2,4,4,2,4,1,2,2.46,16,4,FALSE
Male,Disloyal Customer,45,Business Travel,Eco,321,3,3,3,2,3,3,3,3,2,4,3,4,3,3,1,0,FALSE
Male,Loyal Customer,32,Business Travel,Business,761,1,1,1,1,5,5,5,5,3,5,1,4,5,3.23,0,0,TRUE
Male,Loyal Customer,30,Personal Travel,Eco,1609,3,1,2,2,5,2,5,5,1,5,1,4,5,3.15,0,8,FALSE
Female,Loyal Customer,53,Business Travel,Eco,1624,1,2,2,2,4,3,3,2,2,1,2,3,2,2.23,4,0,FALSE
Male,Loyal Customer,60,Business Travel,Business,3983,5,2,5,5,3,4,4,4,4,4,4,3,3,3.85,0,6,TRUE
Male,Disloyal Customer,19,Business Travel,Eco,1267,1,1,1,4,1,1,4,1,1,3,3,4,1,2,0,0,FALSE
Female,Disloyal Customer,29,Business Travel,Eco,2475,2,2,2,3,3,2,4,3,2,3,2,4,3,2.69,0,0,FALSE
Male,Loyal Customer,28,Business Travel,Business,1877,2,2,2,2,5,4,5,5,3,5,4,3,5,3.62,11,3,TRUE
Male,Loyal Customer,47,Business Travel,Business,1961,2,3,2,2,2,5,5,4,4,4,4,4,4,3.46,55,41,TRUE
Female,Loyal Customer,10,Personal Travel,Eco,337,4,3,4,3,2,4,2,2,2,1,4,2,2,2.69,30,37,FALSE
Female,Loyal Customer,68,Personal Travel,Eco,253,2,5,0,3,2,5,3,5,5,0,5,1,2,2.92,0,0,FALSE
Female,Loyal Customer,37,Business Travel,Business,2114,1,2,2,2,5,4,3,1,1,1,1,3,1,2.08,64,50,FALSE
Female,Loyal Customer,26,Personal Travel,Eco,554,1,1,1,3,4,1,5,4,3,2,3,4,4,2.77,0,0,FALSE
Male,Loyal Customer,25,Personal Travel,Eco,469,4,4,4,3,2,4,2,2,4,4,5,3,2,3.31,0,0,FALSE
Male,Loyal Customer,59,Personal Travel,Eco,1598,2,5,2,1,2,3,3,3,4,5,5,3,3,3.15,199,180,FALSE
Female,Loyal Customer,72,Business Travel,Business,152,5,5,5,5,2,5,2,5,5,5,3,1,3,3.92,0,0,TRUE
Female,Loyal Customer,44,Business Travel,Business,2652,1,1,1,1,3,4,5,4,4,4,4,3,4,3,35,36,TRUE
Male,Disloyal Customer,24,Business Travel,Eco,144,1,2,1,2,2,1,4,2,1,5,1,2,2,2,0,0,FALSE
Male,Disloyal Customer,38,Business Travel,Business,683,4,4,4,3,1,4,1,1,5,5,4,5,1,3.23,0,0,TRUE
Male,Loyal Customer,59,Personal Travel,Eco,846,3,4,3,3,4,3,2,4,4,4,4,3,4,3.46,14,8,FALSE
Female,Loyal Customer,41,Business Travel,Business,594,3,3,3,3,5,5,5,4,4,5,5,5,5,4.23,160,216,TRUE
Female,Loyal Customer,51,Business Travel,Business,2235,3,5,3,3,2,4,4,5,5,5,5,3,5,4,1,0,TRUE
Male,Loyal Customer,64,Business Travel,Business,1874,2,3,3,3,2,4,3,2,2,2,2,2,4,2.62,0,0,FALSE
Female,Disloyal Customer,34,Business Travel,Business,912,4,4,4,5,4,4,4,4,3,2,4,5,4,3.92,0,1,FALSE
Female,Loyal Customer,68,Personal Travel,Eco,570,3,3,3,4,4,3,3,1,1,3,1,4,4,2.85,2,2,FALSE
Female,Loyal Customer,56,Personal Travel,Eco,468,3,1,3,4,1,4,3,2,2,3,2,2,3,2.54,0,0,FALSE
Female,Loyal Customer,20,Personal Travel,Eco,1020,2,5,3,3,3,3,3,3,2,4,2,1,3,2.85,11,2,FALSE
Male,Loyal Customer,16,Business Travel,Eco,957,2,4,4,4,2,2,4,2,3,1,4,3,2,2.85,0,0,FALSE
Male,Loyal Customer,19,Business Travel,Business,3381,4,4,4,4,3,3,3,3,4,3,5,3,3,3.54,0,0,TRUE
Male,Loyal Customer,22,Business Travel,Eco,2277,4,5,5,5,4,4,4,4,5,3,3,1,4,3.92,3,0,TRUE
Male,Loyal Customer,44,Business Travel,Business,1464,2,3,3,3,4,2,2,2,2,1,2,3,2,2.38,0,0,FALSE
Female,Disloyal Customer,30,Business Travel,Eco,1077,3,3,3,3,5,3,5,5,1,4,2,4,5,3.54,5,0,FALSE
Male,Loyal Customer,49,Personal Travel,Eco,462,2,4,5,4,4,5,4,4,4,2,4,5,4,3.92,0,17,FALSE
Female,Loyal Customer,36,Business Travel,Business,2178,3,3,3,3,1,5,2,5,5,5,5,5,3,3.69,0,0,TRUE
Male,Loyal Customer,54,Business Travel,Business,2214,2,2,2,2,4,4,5,4,4,4,4,5,5,3.62,1,2,TRUE
Male,Loyal Customer,39,Business Travel,Business,2249,2,2,2,2,4,5,5,5,5,5,5,1,2,3.46,0,0,TRUE
Male,Loyal Customer,45,Business Travel,Eco Plus,1097,4,3,3,3,4,4,4,4,3,1,5,4,4,3.54,156,161,TRUE
Male,Loyal Customer,63,Personal Travel,Eco,352,2,5,2,2,4,2,4,4,3,5,5,3,4,3.46,0,0,FALSE
Male,Loyal Customer,60,Business Travel,Eco,591,4,2,2,2,4,4,4,4,1,5,3,1,4,3.08,34,33,FALSE
Male,Loyal Customer,27,Business Travel,Business,2176,3,2,2,2,3,2,3,3,4,4,4,1,3,2.77,0,0,FALSE
Female,Loyal Customer,69,Business Travel,Business,842,2,2,2,2,4,4,4,2,2,2,2,1,2,2.38,8,0,FALSE
Male,Disloyal Customer,29,Business Travel,Eco,868,1,1,1,3,3,1,3,3,3,1,4,1,3,2.15,5,0,FALSE
Male,Disloyal Customer,42,Business Travel,Business,759,3,3,3,1,4,3,4,4,5,2,5,3,4,3.38,0,0,FALSE
Female,Loyal Customer,26,Personal Travel,Eco,547,3,1,3,2,1,3,1,1,4,1,3,3,1,2.08,13,2,FALSE
Male,Loyal Customer,39,Business Travel,Business,2212,1,1,1,1,2,5,4,4,4,4,5,5,5,3.23,35,40,TRUE
Male,Loyal Customer,40,Personal Travel,Eco,539,2,5,2,3,2,2,2,2,4,3,5,4,2,2.92,0,0,FALSE
Female,Loyal Customer,22,Personal Travel,Eco,562,3,2,3,4,4,3,4,4,3,1,4,1,4,3.08,35,26,FALSE
Female,Disloyal Customer,32,Business Travel,Business,364,4,4,4,4,4,5,5,4,3,4,4,5,5,4.23,140,135,FALSE
Male,Loyal Customer,39,Personal Travel,Eco,780,2,5,2,1,4,2,4,4,3,5,5,4,4,3.46,0,0,FALSE
Female,Loyal Customer,61,Personal Travel,Eco,315,3,4,3,3,1,5,3,2,2,3,2,5,1,2.85,0,0,FALSE
Female,Loyal Customer,70,Personal Travel,Eco,562,2,4,2,1,5,4,5,4,4,2,1,4,5,3.31,0,0,FALSE
Male,Disloyal Customer,48,Business Travel,Business,772,2,2,2,2,2,2,2,2,3,4,5,4,2,2.62,0,0,FALSE
Male,Loyal Customer,55,Business Travel,Business,985,3,3,3,3,2,4,4,3,3,4,3,5,3,3.31,0,2,TRUE
Female,Loyal Customer,54,Business Travel,Business,2486,1,1,1,1,4,5,4,5,5,5,4,3,5,3.38,5,0,TRUE
Female,Loyal Customer,43,Business Travel,Business,185,3,3,3,3,2,3,3,5,5,4,3,4,5,3.54,0,23,TRUE
Male,Loyal Customer,15,Personal Travel,Eco Plus,468,3,5,3,1,5,3,5,5,4,5,5,4,5,4.08,20,21,FALSE
Female,Loyal Customer,40,Business Travel,Business,787,3,3,3,3,3,4,5,4,4,4,4,3,4,3.62,0,0,TRUE
Female,Loyal Customer,59,Business Travel,Business,3708,1,3,5,3,2,1,2,1,1,1,1,3,1,1.92,23,14,FALSE
Male,Loyal Customer,58,Business Travel,Business,2586,1,1,1,1,2,3,4,4,4,4,4,5,3,2.85,0,0,TRUE
Female,Loyal Customer,40,Business Travel,Business,3583,4,4,3,4,4,3,3,2,2,2,2,4,4,3.15,1,0,TRUE
Female,Loyal Customer,22,Business Travel,Business,2105,4,4,4,4,2,2,2,2,5,5,2,3,2,3.15,0,0,TRUE
Female,Loyal Customer,14,Business Travel,Eco Plus,2917,4,5,5,5,4,3,4,3,5,2,4,4,4,4,5,26,FALSE
Male,Loyal Customer,48,Business Travel,Eco,232,4,5,5,5,4,4,4,4,5,1,1,4,4,3.85,0,0,TRUE
Female,Disloyal Customer,35,Business Travel,Eco,1097,3,3,3,1,1,3,2,1,4,4,2,3,1,2.38,0,29,FALSE
Female,Loyal Customer,41,Business Travel,Eco Plus,584,2,1,2,1,4,2,2,2,2,2,2,2,2,2,6,2,FALSE
Female,Loyal Customer,62,Business Travel,Business,1460,3,3,4,3,1,3,3,3,3,3,3,4,1,2.85,43,25,FALSE
Female,Disloyal Customer,27,Business Travel,Business,237,3,3,3,3,3,3,3,3,3,3,4,3,3,3.08,199,188,FALSE
Male,Loyal Customer,32,Business Travel,Business,3861,2,2,2,2,4,4,4,4,5,3,4,3,4,3.31,0,0,TRUE
Male,Loyal Customer,18,Personal Travel,Eco,694,3,5,3,3,5,3,5,5,5,2,4,3,5,3.92,0,0,FALSE
Male,Loyal Customer,29,Personal Travel,Eco,175,4,5,0,1,3,0,3,3,5,2,5,4,3,2.92,0,0,FALSE
Female,Disloyal Customer,21,Business Travel,Eco,2704,1,1,1,4,1,5,5,3,2,5,4,5,5,3.23,10,0,FALSE
Female,Loyal Customer,63,Business Travel,Business,399,3,2,3,3,5,1,1,2,2,2,2,4,5,2.69,0,0,TRUE
Female,Loyal Customer,40,Business Travel,Business,1620,4,4,4,4,3,5,5,5,5,5,5,4,4,4.38,75,73,TRUE
Female,Loyal Customer,67,Personal Travel,Eco,237,1,4,1,2,3,4,5,2,2,1,2,5,4,2.77,0,0,FALSE
Male,Loyal Customer,33,Business Travel,Business,2465,4,4,4,4,2,2,2,2,5,4,5,3,2,3.31,0,0,TRUE
Male,Loyal Customer,40,Business Travel,Business,808,5,5,5,5,3,5,4,3,3,3,3,5,5,4.15,0,0,TRUE
Female,Disloyal Customer,59,Business Travel,Eco,483,2,2,2,3,2,2,4,3,1,3,4,4,4,2.77,179,168,FALSE
Female,Loyal Customer,32,Personal Travel,Eco,959,2,5,2,4,1,2,1,1,3,5,4,4,1,2.69,0,0,FALSE
Female,Loyal Customer,48,Business Travel,Business,3391,2,5,5,5,2,4,4,2,2,2,2,3,1,3,19,10,FALSE
Female,Loyal Customer,41,Business Travel,Eco,280,1,2,2,2,1,1,1,1,1,1,3,3,1,1.54,0,0,FALSE
Male,Loyal Customer,25,Business Travel,Business,2391,3,3,3,3,4,5,5,5,1,5,3,5,5,3.85,178,153,TRUE
Male,Loyal Customer,46,Business Travel,Eco,259,5,2,2,2,5,5,5,5,3,3,4,4,5,3.85,0,0,TRUE
Male,Loyal Customer,53,Personal Travel,Eco,644,2,4,2,1,2,2,2,2,3,3,5,5,2,2.69,0,16,FALSE
Male,Loyal Customer,22,Business Travel,Business,1017,5,5,5,5,4,5,4,4,5,2,5,2,4,4.23,0,0,TRUE
Female,Loyal Customer,53,Business Travel,Business,3329,3,3,3,3,3,1,1,2,2,2,2,3,3,2.38,0,5,TRUE
Male,Disloyal Customer,58,Business Travel,Business,401,4,4,4,2,3,4,3,3,4,2,4,4,3,3.38,1,0,TRUE
Female,Loyal Customer,40,Business Travel,Business,2614,1,1,3,1,2,4,5,5,5,4,5,3,5,3.38,20,0,TRUE
Female,Disloyal Customer,22,Business Travel,Eco,767,5,5,5,5,1,5,2,1,5,2,5,4,1,3.54,0,0,TRUE
Male,Loyal Customer,40,Business Travel,Business,1130,2,5,5,5,1,3,3,2,2,2,2,3,4,3,0,0,FALSE
Male,Loyal Customer,37,Personal Travel,Eco,264,2,1,2,4,2,2,2,2,1,3,3,3,2,2.23,0,0,FALSE
Male,Loyal Customer,45,Personal Travel,Eco,370,3,5,3,3,4,3,4,4,1,2,2,5,4,3.31,0,0,FALSE
Female,Loyal Customer,47,Business Travel,Business,3966,3,3,3,3,2,5,4,4,4,4,4,5,5,3.77,5,0,TRUE
Male,Loyal Customer,43,Personal Travel,Eco,236,1,4,1,2,2,1,4,2,4,4,5,4,2,2.77,2,0,FALSE
Female,Loyal Customer,39,Business Travel,Business,1818,2,2,2,2,2,5,3,5,5,5,5,1,5,3.38,0,6,TRUE
Female,Loyal Customer,27,Personal Travel,Eco,270,4,4,4,3,5,4,5,5,1,2,3,2,5,3.62,0,0,TRUE
Male,Loyal Customer,25,Business Travel,Business,2288,4,4,4,4,4,4,4,4,5,2,4,3,4,3.85,0,0,TRUE
Male,Disloyal Customer,29,Business Travel,Business,351,3,3,3,5,3,3,3,3,3,4,5,1,3,3.23,0,0,FALSE
Female,Loyal Customer,63,Personal Travel,Eco,2860,2,5,2,1,2,4,4,5,4,5,5,4,4,3.62,0,16,FALSE
Male,Loyal Customer,58,Business Travel,Business,1521,4,4,4,4,5,4,5,5,5,5,5,4,3,4.38,0,0,TRUE
Female,Loyal Customer,30,Business Travel,Business,2174,5,5,5,5,5,5,5,5,4,2,3,3,5,4.38,0,0,TRUE
Female,Loyal Customer,28,Personal Travel,Eco,946,3,2,3,2,5,3,4,5,4,2,3,2,5,3.31,0,0,FALSE
Male,Loyal Customer,43,Business Travel,Eco,427,2,4,4,4,2,2,2,2,4,1,2,2,2,2.54,0,13,FALSE
Female,Disloyal Customer,37,Business Travel,Business,1235,4,4,4,4,5,4,5,5,3,2,5,5,5,4.23,0,5,FALSE
Male,Loyal Customer,13,Personal Travel,Eco Plus,436,4,5,4,2,4,4,4,4,5,4,4,5,4,4.08,0,0,FALSE
Female,Loyal Customer,41,Business Travel,Business,251,4,4,4,4,4,5,5,4,4,4,4,3,5,4.15,0,12,TRUE
Male,Loyal Customer,35,Personal Travel,Eco,954,4,4,5,3,1,5,1,1,2,3,2,2,1,2.62,0,0,TRUE
Female,Loyal Customer,43,Personal Travel,Eco,1235,1,5,1,2,3,5,2,1,1,1,1,4,2,2.23,0,1,FALSE
Male,Disloyal Customer,25,Business Travel,Eco,544,1,1,1,3,2,1,2,2,1,2,2,4,2,1.85,0,0,FALSE
Female,Loyal Customer,43,Business Travel,Business,3197,5,5,5,5,2,4,4,5,5,5,5,3,5,4.46,0,8,TRUE
Male,Loyal Customer,43,Business Travel,Eco,944,2,2,3,3,2,2,2,2,4,2,3,5,2,2.62,13,7,TRUE
Female,Loyal Customer,42,Business Travel,Business,1847,3,3,3,3,5,4,4,4,4,4,4,4,4,3.77,35,35,TRUE
Male,Loyal Customer,59,Business Travel,Business,1900,4,4,2,4,4,5,5,4,4,4,4,4,3,3.92,87,69,TRUE
Male,Disloyal Customer,27,Business Travel,Eco,543,2,1,3,4,5,3,5,5,1,5,4,2,5,3.46,13,12,FALSE
Male,Loyal Customer,35,Business Travel,Business,2922,3,3,3,3,4,5,4,1,1,2,1,3,5,2.92,0,0,TRUE
Male,Loyal Customer,20,Business Travel,Business,1546,3,2,2,2,3,3,3,3,3,1,4,4,3,2.77,11,8,FALSE
Female,Loyal Customer,49,Business Travel,Business,1533,3,4,4,4,3,4,3,2,2,2,3,4,1,3,0,6,FALSE
Female,Loyal Customer,42,Personal Travel,Eco,300,4,5,5,4,3,5,5,4,4,5,4,5,5,4.46,75,93,FALSE
Female,Disloyal Customer,26,Business Travel,Business,1183,2,0,2,5,3,2,3,3,3,2,5,5,3,2.92,0,0,FALSE
Female,Loyal Customer,30,Business Travel,Business,718,2,2,2,2,1,2,1,1,5,2,3,3,1,2.08,0,0,TRUE
Female,Loyal Customer,12,Business Travel,Business,1721,2,2,2,2,4,4,4,4,4,3,3,3,4,3.15,1,0,TRUE
Female,Loyal Customer,42,Business Travel,Business,3751,2,2,2,2,4,4,4,3,2,4,4,4,4,3.15,186,188,TRUE
Female,Loyal Customer,48,Business Travel,Eco,279,3,5,5,5,3,3,3,3,3,3,3,2,3,3.38,7,2,FALSE
Male,Loyal Customer,38,Business Travel,Business,3391,2,2,2,2,4,5,2,5,5,5,5,1,5,3.46,0,0,TRUE
Female,Loyal Customer,56,Business Travel,Business,1650,3,2,2,2,2,3,4,3,3,2,3,4,4,2.85,0,18,FALSE
Male,Loyal Customer,11,Personal Travel,Eco Plus,455,2,4,2,1,5,2,5,5,4,3,5,4,5,3.62,0,0,FALSE
Female,Loyal Customer,71,Business Travel,Business,3060,1,5,5,5,1,4,3,1,1,1,1,1,2,2.38,0,0,FALSE
Male,Loyal Customer,43,Personal Travel,Eco Plus,216,3,4,3,4,3,3,3,3,1,4,4,5,3,3.31,0,0,FALSE
Male,Loyal Customer,44,Business Travel,Business,2380,0,0,0,4,4,4,5,5,5,5,5,4,5,3.54,0,0,TRUE
Male,Loyal Customer,33,Business Travel,Eco,259,1,2,2,2,1,2,1,1,1,2,4,1,1,1.62,41,42,FALSE
Female,Loyal Customer,49,Personal Travel,Eco,247,3,4,3,2,5,4,5,2,2,3,2,5,4,3.38,15,3,FALSE
Male,Loyal Customer,38,Business Travel,Eco,1062,5,1,1,1,5,5,5,5,5,3,5,1,5,3.62,0,0,TRUE
Male,Disloyal Customer,28,Business Travel,Business,802,5,5,5,5,2,5,2,2,3,3,4,5,2,3.69,34,4,TRUE
Male,Loyal Customer,66,Personal Travel,Eco,1249,2,4,2,1,2,4,2,3,4,4,5,2,2,2.85,35,154,FALSE
Female,Disloyal Customer,36,Business Travel,Eco,190,4,2,4,4,5,4,5,5,1,2,3,2,5,3.54,29,13,FALSE
Male,Loyal Customer,42,Business Travel,Business,867,4,4,4,4,4,5,4,5,5,5,5,5,5,4.54,24,9,TRUE
Female,Loyal Customer,43,Business Travel,Business,304,3,3,3,3,2,5,4,5,5,5,5,4,3,3.85,0,0,TRUE
Male,Loyal Customer,56,Personal Travel,Eco,372,3,2,3,3,4,3,1,4,3,2,4,1,4,2.85,0,0,FALSE
Male,Loyal Customer,32,Personal Travel,Eco Plus,282,3,4,3,5,2,3,1,2,4,4,5,2,2,3.08,0,6,FALSE
Female,Loyal Customer,23,Business Travel,Business,2010,3,3,3,3,5,5,5,5,2,1,4,3,5,3.62,27,22,TRUE
Female,Loyal Customer,40,Business Travel,Business,2172,2,2,2,2,2,4,5,2,2,2,2,4,5,2.77,0,0,TRUE
Female,Loyal Customer,56,Business Travel,Business,1452,1,4,4,4,5,3,3,1,1,1,1,2,2,2.46,0,0,FALSE
Male,Loyal Customer,56,Business Travel,Business,2627,1,1,1,1,2,3,4,4,4,4,4,4,5,2.92,16,43,TRUE
Male,Loyal Customer,47,Business Travel,Business,2043,4,4,5,4,5,5,4,4,4,4,4,4,5,4.31,37,37,TRUE
Male,Loyal Customer,22,Personal Travel,Eco,1065,3,5,3,5,1,3,1,1,3,4,4,3,1,2.85,0,0,FALSE
Female,Loyal Customer,48,Business Travel,Business,2201,1,1,1,1,4,2,3,5,5,5,5,1,4,2.92,110,96,TRUE
Female,Loyal Customer,45,Business Travel,Business,646,4,4,4,4,2,4,4,5,5,5,5,5,5,4.31,0,0,TRUE
Male,Disloyal Customer,19,Business Travel,Eco,852,3,3,3,3,2,3,2,2,1,1,4,3,2,2.46,13,7,FALSE
Female,Loyal Customer,31,Personal Travel,Eco,2496,3,5,3,4,3,2,2,3,4,4,5,2,2,3.23,27,38,FALSE
Female,Disloyal Customer,38,Business Travel,Eco Plus,572,2,2,2,1,3,2,5,3,5,2,1,5,3,2.77,0,0,FALSE
Male,Loyal Customer,36,Personal Travel,Eco Plus,719,3,4,3,3,3,3,3,3,1,3,2,3,3,2.85,14,13,FALSE
Female,Loyal Customer,65,Personal Travel,Eco,1211,4,4,4,1,1,3,1,1,1,4,1,3,4,2.46,59,63,FALSE
Male,Loyal Customer,18,Personal Travel,Eco,209,2,5,0,3,3,0,3,3,5,5,3,5,3,3.08,0,0,FALSE
Male,Loyal Customer,60,Business Travel,Business,3967,4,4,5,4,5,4,4,5,5,5,5,3,4,4.38,0,0,TRUE
Female,Disloyal Customer,27,Business Travel,Eco,152,5,4,5,3,1,5,1,1,4,1,3,3,1,2.85,0,0,TRUE
Male,Disloyal Customer,27,Business Travel,Eco,262,1,1,1,2,5,1,5,5,3,5,3,2,5,3,0,0,FALSE
Male,Loyal Customer,30,Personal Travel,Eco,280,1,5,4,2,2,4,2,2,3,2,5,4,2,2.92,0,11,FALSE
Male,Loyal Customer,40,Business Travel,Business,1548,1,1,2,1,3,5,4,4,4,4,4,5,4,3.23,0,0,TRUE
Male,Loyal Customer,52,Business Travel,Business,74,5,5,3,5,5,4,5,4,4,4,5,3,3,4.23,0,0,TRUE
Male,Loyal Customer,37,Personal Travel,Business,1050,1,5,1,3,5,4,4,5,5,1,4,5,4,3.62,0,0,FALSE
Male,Disloyal Customer,42,Business Travel,Business,913,4,4,4,3,4,4,4,4,3,3,3,4,4,3.69,23,17,TRUE
Female,Loyal Customer,47,Business Travel,Business,3509,4,4,4,4,3,5,4,5,5,5,5,4,3,4.23,13,17,TRUE
Female,Loyal Customer,40,Business Travel,Eco,606,4,5,1,5,4,4,4,4,2,1,4,2,4,3.38,108,105,FALSE
Female,Loyal Customer,54,Personal Travel,Eco Plus,2402,1,4,1,2,4,5,4,2,2,1,2,1,3,2.46,0,0,FALSE
Female,Loyal Customer,11,Personal Travel,Eco,358,3,5,3,2,1,3,1,1,3,3,5,5,1,2.77,0,0,FALSE
Female,Loyal Customer,60,Business Travel,Business,1242,4,4,4,4,5,5,5,4,4,4,4,5,4,4.31,0,0,TRUE
Male,Loyal Customer,70,Business Travel,Eco,1028,4,4,4,4,4,4,4,4,4,2,2,5,4,3.77,0,0,TRUE
Female,Loyal Customer,53,Business Travel,Business,1005,2,2,2,2,5,4,4,4,4,4,4,5,3,3.46,0,0,TRUE
Female,Loyal Customer,39,Personal Travel,Eco,646,3,1,3,1,1,3,1,1,1,4,2,3,1,1.92,0,0,FALSE
Female,Loyal Customer,70,Personal Travel,Eco,228,3,1,3,3,2,3,3,2,2,3,2,3,3,2.54,25,20,FALSE
Male,Loyal Customer,12,Personal Travel,Eco,460,3,3,3,4,3,3,3,3,1,4,2,1,3,2.77,0,0,FALSE
Male,Loyal Customer,40,Personal Travel,Eco Plus,627,3,1,3,4,5,3,5,5,2,1,3,3,5,3.31,34,53,FALSE
Female,Loyal Customer,62,Personal Travel,Eco Plus,1014,2,1,3,2,3,1,2,1,1,3,1,4,1,1.92,0,12,FALSE
Male,Loyal Customer,49,Business Travel,Eco,334,2,4,4,4,2,2,2,2,4,5,3,1,2,2.85,0,0,FALSE
Male,Loyal Customer,47,Business Travel,Business,1917,5,5,5,5,5,5,5,5,5,5,5,4,3,4.77,8,2,TRUE
Female,Loyal Customer,39,Personal Travel,Eco,357,2,5,2,3,2,4,4,4,4,5,5,4,4,3.69,222,219,FALSE
Male,Disloyal Customer,24,Business Travel,Eco,1009,5,5,5,2,5,5,2,5,3,2,5,3,5,4,4,0,TRUE
Male,Loyal Customer,54,Business Travel,Business,3728,1,1,2,1,5,5,4,4,4,3,4,4,5,3.31,0,1,TRUE
Female,Loyal Customer,70,Personal Travel,Eco,634,3,5,3,1,2,5,5,5,5,3,1,5,3,3.54,0,0,FALSE
Male,Loyal Customer,15,Personal Travel,Eco,1616,4,4,4,4,1,4,1,1,4,5,5,3,1,3.15,2,0,FALSE
Male,Disloyal Customer,21,Business Travel,Eco,818,3,2,2,1,1,3,1,1,4,5,3,4,1,2.38,0,0,FALSE
Female,Loyal Customer,54,Business Travel,Eco,214,4,1,3,1,1,4,4,4,4,4,4,2,2,2.92,0,0,FALSE
Male,Loyal Customer,39,Business Travel,Business,2422,5,5,5,5,5,5,5,3,4,5,4,5,5,4.69,0,0,TRUE
Female,Loyal Customer,18,Personal Travel,Eco,1107,3,2,3,3,2,3,2,2,2,1,3,1,2,2.23,9,0,FALSE
Female,Loyal Customer,30,Business Travel,Eco Plus,272,2,3,3,3,2,3,2,2,4,3,3,1,2,2.54,0,0,FALSE
Male,Loyal Customer,32,Personal Travel,Eco,250,2,4,2,2,3,2,3,3,5,2,5,5,3,3.15,35,24,FALSE
Female,Loyal Customer,14,Personal Travel,Eco,2139,1,5,1,2,1,1,1,1,3,2,5,5,1,2.23,3,0,FALSE
Male,Loyal Customer,36,Business Travel,Eco,133,3,2,2,2,3,3,3,3,4,1,2,3,3,2.62,7,0,TRUE
Male,Loyal Customer,64,Personal Travel,Eco Plus,141,3,5,3,2,5,3,5,5,3,4,5,3,5,3.92,33,27,FALSE
Male,Disloyal Customer,9,Business Travel,Eco,1171,1,1,1,3,2,1,1,2,4,4,2,1,2,1.92,0,0,FALSE
Female,Loyal Customer,37,Business Travel,Eco,255,2,5,5,5,2,2,2,2,3,2,3,3,2,2.92,0,0,FALSE
Female,Loyal Customer,35,Personal Travel,Eco,530,2,3,5,3,4,5,4,4,1,1,4,3,4,3.31,0,0,FALSE
Female,Loyal Customer,49,Personal Travel,Eco Plus,193,2,2,0,3,0,1,1,1,2,4,4,1,1,1.69,150,,FALSE
Female,Loyal Customer,56,Business Travel,Business,2475,3,3,3,3,4,5,5,5,5,5,5,5,3,4.15,16,4,TRUE
Female,Disloyal Customer,10,Business Travel,Eco,1065,1,2,2,2,1,2,1,1,1,3,3,3,1,1.77,16,3,FALSE
Female,Loyal Customer,44,Business Travel,Business,2991,3,3,3,3,3,4,4,4,4,4,4,3,3,3.46,0,0,TRUE
Male,Loyal Customer,52,Personal Travel,Eco,569,3,2,3,1,4,3,2,4,1,5,2,4,4,2.92,0,0,FALSE
Male,Loyal Customer,23,Business Travel,Business,2122,3,3,3,3,5,5,5,5,4,3,5,5,5,4.15,10,0,TRUE
Female,Loyal Customer,30,Business Travel,Business,970,4,4,4,4,4,4,4,4,2,5,1,5,4,3.77,9,0,TRUE
Female,Disloyal Customer,25,Business Travel,Business,874,2,0,3,3,3,3,3,3,5,4,4,3,3,3,0,0,FALSE
Male,Disloyal Customer,28,Business Travel,Business,646,2,2,2,2,4,2,4,4,5,5,5,5,4,3.54,0,0,FALSE
Female,Loyal Customer,12,Personal Travel,Eco,413,2,1,2,3,4,2,3,4,4,5,2,1,4,2.85,19,17,FALSE
Female,Disloyal Customer,25,Business Travel,Business,448,5,0,5,2,3,5,3,3,3,3,5,5,3,3.46,0,0,TRUE
Female,Disloyal Customer,39,Business Travel,Business,524,1,1,1,4,2,1,2,2,2,2,3,4,2,2.08,8,21,FALSE
Female,Loyal Customer,27,Business Travel,Business,2380,2,5,2,5,2,2,2,2,2,1,3,2,2,2.46,0,0,FALSE
Male,Loyal Customer,29,Personal Travel,Eco,227,2,5,0,3,2,0,2,2,4,5,5,3,2,2.69,52,56,FALSE
Male,Loyal Customer,20,Personal Travel,Eco Plus,435,3,1,1,3,1,1,1,1,1,5,2,1,1,1.69,0,0,FALSE
Female,Disloyal Customer,15,Business Travel,Business,528,4,4,4,1,3,4,3,3,3,5,4,3,3,3.38,0,3,TRUE
Male,Loyal Customer,38,Business Travel,Eco,262,4,2,2,2,4,4,4,4,4,2,4,3,4,3.31,0,19,FALSE
Male,Loyal Customer,60,Personal Travel,Eco,867,3,4,3,2,2,3,2,2,1,1,3,4,2,2.46,7,26,FALSE
Male,Loyal Customer,67,Personal Travel,Eco,387,0,5,0,1,3,0,3,3,5,5,4,4,3,2.77,0,0,TRUE
Female,Loyal Customer,57,Business Travel,Business,3509,4,4,3,4,4,3,5,2,2,2,2,4,1,3.08,17,10,TRUE
Female,Disloyal Customer,16,Business Travel,Eco,223,5,0,5,4,5,5,5,5,5,3,4,3,5,4.15,0,0,TRUE
Male,Loyal Customer,40,Business Travel,Business,3842,4,4,4,4,4,4,5,4,4,4,4,5,5,4.23,32,24,TRUE
Female,Loyal Customer,37,Business Travel,Eco,261,4,5,5,5,4,4,4,4,5,5,1,1,4,3.92,0,0,TRUE
Female,Loyal Customer,52,Business Travel,Business,3049,3,2,2,2,5,3,3,4,4,4,3,1,1,2.85,0,0,FALSE
Female,Loyal Customer,7,Business Travel,Eco,502,4,3,3,4,4,4,4,4,1,2,3,2,4,3.23,0,0,FALSE
Male,Disloyal Customer,46,Business Travel,Business,868,3,4,4,5,5,3,2,5,3,5,5,3,5,4,6,0,TRUE
Female,Loyal Customer,13,Business Travel,Business,3935,1,1,1,1,4,4,4,4,3,5,5,4,4,3.15,2,0,TRUE
Male,Disloyal Customer,18,Business Travel,Eco,859,5,5,5,5,2,5,2,2,4,4,3,3,2,3.62,0,0,TRUE
Female,Loyal Customer,67,Personal Travel,Eco Plus,483,1,5,5,5,3,4,5,2,2,5,1,4,1,3.31,5,0,FALSE
Female,Loyal Customer,31,Business Travel,Eco,463,5,5,5,5,5,5,5,5,5,4,5,4,5,4.85,0,5,TRUE
Female,Loyal Customer,48,Personal Travel,Eco Plus,1158,3,5,3,2,2,4,5,4,4,3,4,4,5,3.69,0,0,FALSE
Male,Loyal Customer,41,Business Travel,Eco,750,5,5,5,5,5,5,5,5,3,5,5,2,5,4.62,0,0,TRUE
Female,Loyal Customer,57,Business Travel,Business,1020,5,5,5,5,2,5,4,5,5,5,5,4,4,4.54,0,9,TRUE
Female,Loyal Customer,56,Personal Travel,Eco,1080,5,4,5,4,2,5,5,5,5,5,5,4,3,4.38,0,0,TRUE
Male,Loyal Customer,51,Business Travel,Business,214,1,1,1,1,2,5,4,4,4,4,5,5,5,3.23,5,0,TRUE
Male,Loyal Customer,48,Personal Travel,Eco Plus,299,1,5,1,5,4,1,4,4,5,4,4,3,4,3.46,16,9,FALSE
Male,Loyal Customer,63,Business Travel,Eco,985,3,5,5,5,2,3,2,2,2,3,2,1,2,2.85,0,18,FALSE
Male,Loyal Customer,58,Business Travel,Business,2820,3,4,5,4,1,2,3,3,3,3,3,4,4,3.23,14,6,FALSE
Male,Loyal Customer,57,Business Travel,Business,2517,4,2,2,2,1,4,3,2,2,2,4,3,1,2.46,18,0,FALSE
Female,Loyal Customer,56,Personal Travel,Eco Plus,1598,1,4,1,3,3,3,5,3,3,1,3,5,5,3.08,0,7,FALSE
Male,Loyal Customer,20,Business Travel,Business,1865,3,4,3,4,3,3,3,3,4,3,3,1,3,3.08,0,0,FALSE
Female,Disloyal Customer,24,Business Travel,Eco,1460,5,5,5,3,5,5,1,5,3,4,4,3,5,4.08,31,13,TRUE
Female,Loyal Customer,49,Business Travel,Business,1910,5,5,5,5,3,3,4,5,5,5,5,3,5,4.46,0,0,TRUE
Male,Loyal Customer,32,Personal Travel,Eco Plus,1482,1,5,1,3,3,1,3,3,5,4,5,4,3,3.15,58,56,FALSE
Female,Loyal Customer,47,Business Travel,Business,446,2,1,1,1,1,2,3,2,2,2,2,1,2,1.69,3,2,FALSE
Male,Loyal Customer,39,Business Travel,Eco,1195,3,3,3,3,3,4,3,3,2,5,2,3,3,3.08,18,0,TRUE
Female,Loyal Customer,26,Business Travel,Business,3987,4,4,4,4,3,3,3,3,3,2,5,4,3,3.46,0,0,TRUE
Female,Disloyal Customer,24,Business Travel,Business,692,4,4,4,5,3,4,2,3,4,4,4,3,3,3.62,0,0,TRUE
Male,Loyal Customer,13,Personal Travel,Eco,612,3,3,3,3,2,3,2,2,3,5,3,5,2,3,0,0,FALSE
Male,Loyal Customer,39,Personal Travel,Eco,460,4,5,4,5,5,4,3,5,5,2,5,5,5,4.38,0,0,FALSE
Female,Loyal Customer,63,Personal Travel,Eco,463,3,3,3,4,4,3,4,1,1,3,1,1,4,2.69,0,0,FALSE
Male,Loyal Customer,24,Business Travel,Eco Plus,661,5,4,4,4,5,5,3,5,2,2,2,4,5,3.85,0,0,TRUE
Male,Loyal Customer,29,Personal Travel,Eco,280,1,2,1,4,5,1,5,5,3,3,4,4,5,3.31,16,0,FALSE
Female,Loyal Customer,62,Personal Travel,Eco,466,1,5,1,1,4,5,5,2,2,1,2,4,4,2.85,0,0,FALSE
Male,Disloyal Customer,38,Business Travel,Eco,165,1,4,1,4,3,1,5,3,2,5,3,1,3,2.77,0,0,FALSE
Male,Loyal Customer,22,Business Travel,Business,3658,1,5,5,5,1,1,1,1,2,5,4,1,1,2.54,80,72,FALSE
Female,Loyal Customer,56,Business Travel,Business,3034,1,2,2,2,2,3,4,1,1,1,1,2,3,1.92,81,70,FALSE
Male,Loyal Customer,69,Personal Travel,Eco,1979,1,2,1,3,1,1,1,1,2,4,4,2,1,1.85,2,10,FALSE
Female,Loyal Customer,39,Business Travel,Business,1009,1,1,1,1,3,3,3,1,1,1,1,2,2,1.62,0,0,FALSE
Female,Loyal Customer,30,Personal Travel,Eco,1829,4,5,4,4,3,4,3,3,3,2,4,4,3,3.54,0,0,FALSE
Female,Loyal Customer,37,Business Travel,Business,3547,2,2,2,2,2,5,5,3,3,2,3,3,4,2.92,41,10,TRUE
Female,Loyal Customer,44,Business Travel,Business,641,1,1,1,1,4,4,1,5,5,5,5,5,4,3.23,0,0,TRUE
Male,Loyal Customer,31,Business Travel,Business,3865,2,2,2,2,5,5,5,5,2,5,3,1,5,3.38,0,0,TRUE
Male,Loyal Customer,27,Personal Travel,Eco,528,1,4,1,3,1,1,1,1,4,3,5,4,1,2.31,5,3,FALSE
Male,Loyal Customer,54,Business Travel,Business,1589,1,1,1,1,3,4,4,4,4,4,4,5,3,3,51,72,TRUE
Male,Loyal Customer,22,Personal Travel,Eco,929,1,5,1,4,4,1,4,4,5,5,1,4,4,3.31,7,0,FALSE
Female,Loyal Customer,68,Business Travel,Eco,404,3,4,4,4,4,2,3,3,3,3,3,1,1,2.92,1,19,FALSE
Female,Loyal Customer,35,Personal Travel,Eco,633,2,5,2,4,5,2,5,5,5,5,5,4,5,4.15,55,42,FALSE
Female,Disloyal Customer,19,Business Travel,Eco,480,1,2,1,4,5,1,3,5,2,4,4,2,5,3,28,28,FALSE
Female,Loyal Customer,69,Business Travel,Eco,1105,1,4,4,4,5,4,3,1,1,1,1,1,4,2.62,24,13,FALSE
Male,Disloyal Customer,15,Business Travel,Business,1157,0,0,0,4,2,0,2,2,3,5,5,4,2,2.23,2,0,TRUE
Female,Loyal Customer,66,Personal Travel,Eco,802,4,3,4,5,4,5,4,5,5,4,3,3,3,4,59,64,FALSE
Female,Loyal Customer,15,Personal Travel,Eco,640,4,4,4,4,1,4,1,1,3,2,5,5,1,3,0,0,TRUE
Male,Loyal Customer,37,Business Travel,Business,187,1,1,1,1,2,5,2,4,4,4,5,2,4,2.77,2,3,TRUE
Male,Loyal Customer,68,Personal Travel,Eco,621,2,5,2,2,4,2,4,4,3,4,5,4,4,3.46,10,10,FALSE
Female,Loyal Customer,41,Business Travel,Business,315,2,1,1,1,4,4,4,2,2,2,2,4,2,2.38,6,0,FALSE
Male,Loyal Customer,36,Business Travel,Business,1962,1,1,1,1,2,1,4,4,4,5,4,1,1,2.31,0,0,TRUE
Female,Loyal Customer,31,Business Travel,Business,607,1,1,1,1,4,4,4,4,5,4,3,2,4,2.92,0,0,TRUE
Male,Loyal Customer,18,Business Travel,Business,1708,2,4,4,4,2,2,2,2,2,1,4,2,2,2.54,0,22,FALSE
Male,Loyal Customer,52,Business Travel,Business,3656,2,3,4,3,5,1,1,1,1,1,2,3,2,2.23,0,0,FALSE
Female,Loyal Customer,67,Personal Travel,Eco,259,4,1,4,2,2,2,1,5,5,4,5,3,1,3,7,2,FALSE
Female,Disloyal Customer,41,Business Travel,Business,228,1,0,0,4,5,0,5,5,3,5,3,1,5,2.85,0,0,FALSE
Male,Loyal Customer,55,Personal Travel,Eco,777,1,3,1,2,4,1,4,4,2,2,2,4,4,2.62,0,23,FALSE
Male,Loyal Customer,48,Business Travel,Business,3938,1,3,3,3,4,2,3,1,1,1,1,4,4,2.38,0,12,FALSE
Male,Loyal Customer,17,Personal Travel,Eco,431,2,5,2,5,2,2,2,4,2,4,5,2,2,3,234,255,FALSE
Female,Loyal Customer,25,Business Travel,Business,626,2,4,4,4,2,2,2,2,2,2,3,3,2,2.62,43,55,FALSE
Female,Loyal Customer,29,Business Travel,Business,589,2,2,2,2,4,4,4,4,3,2,5,4,4,3.23,0,0,TRUE
Male,Loyal Customer,79,Business Travel,Business,408,2,2,2,2,5,3,3,2,2,2,2,4,1,2.46,0,8,FALSE
Male,Loyal Customer,28,Personal Travel,Eco,972,1,5,1,1,2,1,2,2,3,3,4,4,2,2.38,0,0,FALSE
Male,Loyal Customer,49,Business Travel,Business,3466,4,2,2,2,4,4,4,4,4,4,4,2,4,3.38,7,9,FALSE
Female,Loyal Customer,16,Personal Travel,Eco,175,2,4,2,3,5,2,5,5,4,5,4,3,5,3.77,0,0,FALSE
Male,Loyal Customer,35,Business Travel,Business,1107,3,3,3,3,1,5,1,4,4,5,4,4,1,3.15,0,10,TRUE
Female,Loyal Customer,44,Business Travel,Business,3551,5,5,3,5,3,5,4,3,3,3,3,4,5,3.92,0,0,TRUE
Male,Disloyal Customer,20,Business Travel,Eco,1390,2,2,2,4,5,2,5,5,2,4,3,3,5,3.38,60,56,FALSE
Female,Loyal Customer,37,Business Travel,Business,2829,5,5,3,5,3,3,2,4,4,4,4,5,2,3.77,0,1,TRUE
Female,Loyal Customer,53,Business Travel,Business,2031,1,1,1,1,5,4,4,4,4,4,4,4,5,3.23,0,0,TRUE
Male,Loyal Customer,58,Personal Travel,Eco,175,2,5,2,5,5,2,5,5,3,2,4,3,5,3.69,0,0,FALSE
Male,Disloyal Customer,14,Personal Travel,Eco,1055,4,3,4,4,3,4,3,3,1,5,3,4,3,3.38,0,0,FALSE
Male,Loyal Customer,53,Personal Travel,Eco,432,3,5,3,3,5,3,2,5,5,4,5,5,5,4.08,0,0,FALSE
Male,Loyal Customer,44,Personal Travel,Eco Plus,683,2,4,3,4,5,3,5,5,4,4,5,4,5,4.08,0,8,FALSE
Female,Loyal Customer,38,Personal Travel,Eco,240,1,4,1,3,1,1,1,1,3,1,4,4,1,2,55,59,FALSE
Male,Loyal Customer,23,Business Travel,Eco,604,3,4,4,4,3,3,2,3,1,5,3,2,3,3.08,0,0,FALSE
Male,Loyal Customer,50,Business Travel,Business,760,2,2,5,2,3,5,4,4,4,4,4,4,5,3.69,27,13,TRUE
Female,Loyal Customer,46,Business Travel,Eco,808,2,3,3,3,5,3,5,2,2,2,2,2,3,2.85,0,0,TRUE
Male,Disloyal Customer,32,Business Travel,Business,814,2,2,2,4,3,2,4,3,1,5,4,1,3,2.77,12,14,FALSE
Female,Loyal Customer,39,Business Travel,Business,3287,4,2,3,2,3,3,3,4,4,4,4,4,2,3.23,91,113,FALSE
Female,Loyal Customer,53,Business Travel,Business,3954,2,4,2,2,3,5,5,4,4,4,4,5,3,3.62,0,0,TRUE
Male,Loyal Customer,36,Business Travel,Business,449,5,5,5,5,4,4,4,3,2,5,5,4,4,4.23,163,148,TRUE
Male,Loyal Customer,44,Business Travel,Business,1558,1,1,1,1,2,4,5,3,3,3,3,5,5,2.85,0,0,TRUE
Male,Loyal Customer,45,Business Travel,Eco Plus,349,5,1,1,1,4,5,4,4,1,4,4,4,4,3.23,5,8,TRUE
Female,Loyal Customer,49,Business Travel,Eco,590,4,1,1,1,2,4,3,4,4,4,4,2,1,2.69,35,52,FALSE
Female,Loyal Customer,39,Business Travel,Business,1770,4,1,1,1,1,3,4,4,4,4,4,1,4,2.77,0,2,FALSE
Female,Loyal Customer,72,Business Travel,Business,139,1,4,4,4,2,2,1,2,2,2,1,2,3,2.31,0,0,FALSE
Male,Loyal Customer,41,Business Travel,Business,2211,5,5,5,5,3,5,5,4,4,4,4,5,5,4.54,0,18,TRUE
Male,Loyal Customer,39,Personal Travel,Eco,369,2,5,2,5,1,2,1,1,4,5,2,5,1,2.77,0,0,FALSE
Female,Loyal Customer,18,Business Travel,Business,349,4,4,2,4,4,4,4,4,2,2,3,4,4,3.46,0,0,FALSE
Male,Loyal Customer,38,Business Travel,Business,583,1,1,5,1,1,2,5,4,4,4,4,5,3,3.08,20,16,TRUE
Female,Disloyal Customer,23,Business Travel,Eco,813,1,1,1,4,5,1,5,5,2,4,4,2,5,3.08,0,0,FALSE
Female,Loyal Customer,51,Personal Travel,Eco Plus,1671,2,3,2,3,5,2,4,5,5,2,5,3,4,3.46,12,23,FALSE
Male,Loyal Customer,39,Business Travel,Business,1778,1,1,1,1,2,1,4,4,4,5,4,2,3,2.54,0,8,TRUE
Male,Disloyal Customer,40,Business Travel,Business,347,1,1,1,4,2,1,1,2,5,5,4,3,2,2.46,5,1,FALSE
Female,Loyal Customer,35,Business Travel,Eco,566,4,3,2,3,4,5,4,4,4,5,1,1,4,3.38,0,8,TRUE
Male,Loyal Customer,52,Personal Travel,Eco,190,1,4,1,3,2,1,2,2,5,3,4,5,2,2.69,0,0,FALSE
Male,Loyal Customer,37,Personal Travel,Eco,134,2,0,0,3,1,0,2,1,4,2,3,2,1,1.62,1,0,FALSE
Female,Loyal Customer,38,Business Travel,Business,1542,2,1,1,1,3,3,3,2,2,2,2,3,1,2,0,0,FALSE
Female,Loyal Customer,29,Business Travel,Eco,1205,3,2,2,2,3,3,3,3,2,2,3,1,3,2.46,0,36,FALSE
Male,Loyal Customer,63,Personal Travel,Eco,811,1,3,0,2,5,0,5,5,2,3,5,2,5,2.92,0,0,FALSE
Female,Loyal Customer,45,Business Travel,Business,1089,4,4,4,4,4,5,4,5,5,5,5,3,4,4.31,0,0,TRUE
Female,Loyal Customer,53,Personal Travel,Eco,837,3,5,3,2,3,4,4,2,2,3,2,3,3,3,0,0,FALSE
Male,Disloyal Customer,36,Business Travel,Business,337,1,1,1,1,1,1,5,5,4,5,5,5,5,3.08,170,159,FALSE
Female,Disloyal Customer,36,Business Travel,Eco,194,3,3,3,3,5,3,5,5,1,1,3,3,5,3.31,0,5,FALSE
Male,Loyal Customer,22,Business Travel,Business,2677,2,2,2,2,5,4,4,1,3,4,4,4,4,3.15,0,0,TRUE
Female,Loyal Customer,52,Business Travel,Business,1587,2,2,2,2,3,3,4,4,4,4,4,4,5,3.31,0,0,TRUE
Male,Loyal Customer,30,Personal Travel,Eco,1096,2,4,2,4,5,2,5,5,3,1,3,3,5,3.38,0,0,FALSE
Female,Loyal Customer,40,Business Travel,Business,1671,5,5,5,5,3,3,4,4,4,4,4,3,4,4.08,0,0,TRUE
Male,Loyal Customer,14,Business Travel,Business,888,2,2,2,2,2,2,2,2,1,3,3,1,2,2,5,0,FALSE
Female,Loyal Customer,51,Business Travel,Eco,369,4,5,5,5,2,5,2,4,4,4,4,4,5,4.08,0,0,TRUE
Female,Loyal Customer,41,Business Travel,Business,1686,1,1,1,1,4,4,4,5,5,5,5,4,3,3.31,0,0,TRUE
Female,Loyal Customer,10,Personal Travel,Eco,1666,2,0,2,3,3,2,3,3,3,3,4,3,3,2.62,17,21,FALSE
Male,Loyal Customer,49,Personal Travel,Eco,290,3,5,3,2,2,3,2,2,5,3,5,4,2,3.15,0,0,FALSE
Female,Disloyal Customer,58,Business Travel,Business,294,2,2,2,5,1,2,1,1,4,5,4,3,1,2.54,0,0,FALSE
Male,Loyal Customer,30,Personal Travel,Eco,109,2,2,2,4,1,2,5,1,2,3,3,4,1,2.46,0,9,FALSE
Male,Disloyal Customer,28,Business Travel,Eco,753,2,2,2,3,4,2,4,4,3,5,2,2,4,3,0,0,FALSE
Female,Loyal Customer,13,Personal Travel,Eco,558,2,2,2,4,5,2,5,5,2,3,4,1,5,3.23,0,4,FALSE
Female,Loyal Customer,20,Personal Travel,Eco,862,1,4,1,4,2,1,2,2,5,3,4,4,2,2.69,0,1,FALSE
Male,Loyal Customer,34,Personal Travel,Eco,946,1,4,1,4,3,1,3,3,1,1,3,1,3,2.23,0,0,FALSE
Female,Loyal Customer,59,Business Travel,Business,108,3,3,3,3,3,5,4,5,5,5,4,4,5,4,0,0,TRUE
Male,Loyal Customer,28,Business Travel,Eco,985,3,2,2,2,3,3,3,3,2,2,3,1,3,2.46,0,0,FALSE
Female,Loyal Customer,38,Personal Travel,Eco,1056,3,5,3,3,3,3,3,3,1,1,2,1,3,2.62,0,0,FALSE
Male,Loyal Customer,44,Personal Travel,Eco,1256,3,4,4,2,5,4,5,5,4,2,5,2,5,3.85,0,0,FALSE
Female,Loyal Customer,44,Business Travel,Business,2459,4,4,4,4,5,5,5,4,4,5,4,5,5,4.46,161,201,TRUE
Female,Loyal Customer,54,Business Travel,Business,1009,3,3,3,3,3,5,4,5,5,5,5,3,3,3.85,0,0,TRUE
Male,Loyal Customer,65,Business Travel,Business,449,3,5,5,5,3,4,3,3,3,3,3,1,1,3.23,0,0,FALSE
Male,Loyal Customer,44,Business Travel,Business,2712,4,4,4,4,4,5,5,4,4,4,4,5,3,4.15,59,40,TRUE
Male,Loyal Customer,31,Business Travel,Business,1452,4,4,3,4,4,4,4,4,2,2,3,4,4,3.54,0,16,TRUE
Male,Disloyal Customer,35,Business Travel,Business,1061,4,4,4,4,2,4,2,2,3,5,5,3,2,3.38,0,0,FALSE
Male,Loyal Customer,43,Business Travel,Business,1713,4,4,4,4,4,4,5,5,5,5,5,4,3,4.31,105,95,TRUE
Male,Loyal Customer,35,Business Travel,Business,3482,1,1,2,1,2,4,5,4,4,4,4,4,3,3,107,98,TRUE
Male,Loyal Customer,59,Business Travel,Business,1532,5,5,5,5,4,4,4,5,5,5,5,4,3,4.54,6,0,TRUE
Female,Loyal Customer,57,Personal Travel,Eco Plus,862,1,5,2,2,2,4,5,2,2,2,2,3,5,2.85,10,0,FALSE
Male,Loyal Customer,11,Personal Travel,Eco,223,1,5,0,4,3,0,3,3,5,4,4,3,3,2.92,10,8,FALSE
Female,Loyal Customer,16,Business Travel,Business,1747,2,3,3,3,2,2,2,2,3,3,4,4,2,2.69,0,0,FALSE
Male,Disloyal Customer,38,Business Travel,Business,533,5,5,5,1,2,5,2,2,5,4,5,4,2,3.62,0,0,TRUE
Female,Loyal Customer,57,Business Travel,Eco,873,4,1,1,1,4,1,3,4,4,4,4,3,2,2.77,0,0,TRUE
Female,Loyal Customer,48,Business Travel,Eco,551,2,4,4,4,2,1,3,2,2,2,2,3,5,2.77,45,24,TRUE
Male,Disloyal Customer,17,Business Travel,Eco,1394,5,5,5,3,5,4,4,5,3,5,4,4,4,4.31,0,0,TRUE
Male,Loyal Customer,37,Business Travel,Business,1136,1,1,1,1,2,4,4,5,5,4,5,5,5,3.31,6,16,TRUE
Male,Loyal Customer,48,Business Travel,Business,2366,1,1,1,1,3,5,4,4,4,4,4,3,5,3.08,2,0,TRUE
Male,Loyal Customer,24,Business Travel,Eco,1067,3,4,4,4,3,3,2,3,3,3,1,3,3,3,0,0,FALSE
Female,Loyal Customer,55,Business Travel,Business,3249,5,5,3,5,5,4,4,4,4,4,4,4,4,4.23,0,1,TRUE
Female,Loyal Customer,54,Personal Travel,Eco,937,2,5,2,4,2,1,4,5,5,2,5,4,2,3.31,4,15,FALSE
Female,Loyal Customer,37,Business Travel,Eco Plus,323,3,3,3,3,3,3,3,3,4,2,3,4,3,3.08,20,12,FALSE
Male,Loyal Customer,54,Business Travel,Eco,503,2,2,2,2,2,2,2,2,1,3,3,4,2,2.23,0,0,FALSE
Male,Loyal Customer,43,Business Travel,Business,1768,3,5,5,5,3,3,3,1,3,3,4,3,3,3.38,242,278,FALSE
Female,Loyal Customer,53,Personal Travel,Eco,743,5,4,5,4,2,5,5,5,5,5,5,4,5,4.54,19,2,TRUE
Female,Disloyal Customer,34,Business Travel,Business,936,1,0,0,5,2,0,2,2,4,4,5,3,2,2.31,35,20,FALSE
Female,Disloyal Customer,45,Business Travel,Eco Plus,843,1,1,1,4,2,1,2,2,2,4,4,2,2,2.15,0,0,FALSE
Male,Loyal Customer,25,Personal Travel,Eco,368,2,5,2,5,3,2,3,3,1,2,5,1,3,2.85,0,0,FALSE
Female,Loyal Customer,28,Personal Travel,Eco,337,2,4,2,1,2,2,2,2,3,2,2,2,2,2.15,0,0,FALSE
Female,Loyal Customer,51,Business Travel,Business,1036,3,3,3,3,3,4,5,3,3,3,3,4,3,3.31,92,104,TRUE
Male,Loyal Customer,54,Business Travel,Business,395,4,4,4,4,2,4,5,3,3,4,3,3,3,3.54,0,0,TRUE
Female,Loyal Customer,31,Business Travel,Business,2452,5,5,5,5,4,4,3,4,2,5,1,3,4,3.85,0,0,TRUE
Female,Loyal Customer,34,Business Travel,Business,3549,4,4,4,4,2,4,5,5,5,5,5,4,4,4.23,0,0,TRUE
Male,Loyal Customer,13,Personal Travel,Eco,2845,2,0,2,3,2,5,5,5,5,4,4,5,5,3.62,4,13,FALSE
Male,Loyal Customer,40,Personal Travel,Eco,283,1,5,2,3,1,2,1,1,4,5,5,4,1,2.69,5,0,FALSE
Female,Disloyal Customer,37,Business Travel,Business,1642,4,4,4,3,1,4,1,1,4,3,4,4,1,2.92,95,105,FALSE
Male,Loyal Customer,38,Business Travel,Business,2381,1,3,3,3,1,1,1,4,2,3,4,1,1,2.15,2,37,FALSE
Female,Loyal Customer,51,Business Travel,Business,770,1,1,1,1,2,5,5,2,2,3,2,3,4,2.46,25,24,TRUE
Female,Loyal Customer,57,Business Travel,Eco,192,5,2,5,2,4,1,5,5,5,5,5,3,4,3.92,0,0,TRUE
Female,Loyal Customer,39,Personal Travel,Eco Plus,545,4,1,4,4,1,4,1,1,1,5,3,3,1,2.54,0,0,FALSE
Female,Loyal Customer,57,Business Travel,Eco,657,4,1,1,1,2,3,1,3,3,4,3,4,4,2.62,0,0,TRUE
Male,Loyal Customer,46,Business Travel,Business,2419,5,5,5,5,4,5,4,4,4,4,4,3,5,4.38,3,1,TRUE
Male,Loyal Customer,35,Business Travel,Business,387,3,3,3,3,2,2,1,5,5,5,5,5,2,3.38,0,0,TRUE
Male,Loyal Customer,32,Personal Travel,Eco,423,1,1,1,4,3,1,3,3,1,2,4,2,3,2.23,1,0,FALSE
Male,Loyal Customer,19,Personal Travel,Eco,430,3,4,3,1,2,3,2,2,5,3,5,3,2,2.92,0,29,FALSE
Male,Loyal Customer,62,Business Travel,Business,328,1,1,1,1,2,3,4,1,1,1,1,3,3,1.77,1,12,FALSE
Female,Loyal Customer,32,Business Travel,Business,3970,5,5,5,5,5,5,5,5,4,3,4,5,5,4.69,10,15,TRUE
Female,Loyal Customer,64,Business Travel,Business,2586,3,3,3,3,1,4,1,4,4,4,4,1,2,2.85,0,4,TRUE
Male,Disloyal Customer,40,Business Travel,Business,1176,5,5,5,4,5,5,4,5,4,5,3,2,5,4.38,0,0,TRUE
Male,Loyal Customer,50,Business Travel,Business,2176,1,1,1,1,2,4,5,5,5,5,5,5,3,3.31,84,101,TRUE
Female,Loyal Customer,32,Personal Travel,Eco,143,5,4,0,3,1,0,1,1,5,5,5,3,1,2.62,0,2,TRUE
Male,Loyal Customer,59,Business Travel,Business,2075,4,4,4,4,3,4,4,5,5,5,5,3,5,4.23,2,0,TRUE
Female,Loyal Customer,43,Business Travel,Business,1599,3,3,3,3,3,4,5,5,5,5,5,5,3,4,0,0,TRUE
Male,Loyal Customer,45,Business Travel,Business,833,1,1,1,1,4,5,4,4,4,4,4,4,5,3.23,3,0,TRUE
Female,Loyal Customer,26,Business Travel,Eco Plus,731,2,2,2,2,2,2,1,2,1,3,2,2,2,1.92,27,9,FALSE
Female,Loyal Customer,27,Business Travel,Eco Plus,744,0,0,0,5,4,0,1,4,4,5,2,2,4,2.38,20,15,TRUE
Female,Loyal Customer,16,Business Travel,Business,1660,2,3,3,3,2,2,2,2,4,1,3,2,2,2.38,50,57,FALSE
Female,Disloyal Customer,23,Business Travel,Eco,234,4,4,4,3,4,4,4,4,4,3,4,5,4,3.92,0,0,TRUE
Female,Loyal Customer,38,Business Travel,Business,1919,2,2,2,2,2,1,2,4,4,4,4,2,3,2.62,1,0,TRUE
Female,Disloyal Customer,26,Business Travel,Business,1276,4,4,4,5,3,4,3,3,5,4,5,3,3,3.85,0,1,TRUE
Female,Loyal Customer,51,Personal Travel,Eco Plus,731,3,3,3,1,2,4,4,1,1,3,1,5,2,2.54,0,0,FALSE
Female,Disloyal Customer,23,Business Travel,Eco,1276,1,1,1,3,3,1,3,3,4,3,3,2,3,2.38,49,29,FALSE
Male,Loyal Customer,26,Business Travel,Business,2869,1,1,1,1,4,4,4,4,4,4,1,4,4,2.85,0,0,TRUE
Male,Loyal Customer,47,Personal Travel,Eco,436,4,4,4,3,2,4,2,2,3,2,5,3,2,3.08,0,0,FALSE
Male,Disloyal Customer,38,Business Travel,Business,227,2,2,2,3,1,2,1,1,4,3,3,3,1,2.15,85,115,FALSE
Female,Loyal Customer,36,Business Travel,Eco,612,4,4,4,4,4,5,4,4,5,1,2,3,4,3.69,0,0,TRUE
Female,Loyal Customer,43,Business Travel,Business,369,3,5,5,5,5,3,4,3,3,3,3,1,3,3.54,30,37,FALSE
Female,Loyal Customer,38,Personal Travel,Eco,373,3,4,3,1,5,3,5,5,4,2,4,3,5,3.62,0,0,FALSE
Female,Loyal Customer,47,Business Travel,Eco,972,4,1,4,4,4,4,1,4,4,4,4,2,2,3.23,0,9,TRUE
Male,Loyal Customer,60,Personal Travel,Eco,239,3,4,3,5,3,3,3,3,3,2,5,4,3,3.38,73,69,FALSE
Female,Loyal Customer,52,Business Travel,Business,1448,4,4,4,4,3,4,4,5,5,5,5,5,3,4.23,2,0,TRUE
Female,Loyal Customer,51,Business Travel,Business,2179,2,2,2,2,5,2,2,5,5,5,5,4,1,3.23,22,4,TRUE
Female,Disloyal Customer,26,Business Travel,Business,1130,3,3,3,2,5,3,5,5,5,4,5,5,5,4.08,0,0,FALSE
Male,Loyal Customer,33,Business Travel,Business,235,5,5,5,5,5,5,5,5,3,2,5,3,5,4.46,0,0,TRUE
Female,Loyal Customer,56,Personal Travel,Eco,692,1,5,1,3,4,5,4,1,1,1,1,5,3,2.69,0,0,FALSE
Male,Loyal Customer,14,Personal Travel,Business,240,3,3,3,2,2,3,1,2,4,3,4,3,2,2.69,0,0,FALSE
Female,Disloyal Customer,24,Business Travel,Eco,592,2,0,2,2,5,2,5,5,3,3,4,4,5,3.23,0,0,FALSE
Female,Disloyal Customer,26,Business Travel,Business,611,2,2,2,3,2,5,5,2,4,3,4,5,5,3.38,186,203,FALSE
Male,Loyal Customer,30,Business Travel,Eco Plus,867,5,2,4,2,5,5,5,5,3,3,2,5,5,3.92,0,0,TRUE
Female,Disloyal Customer,25,Business Travel,Eco,618,5,0,5,3,1,5,1,1,1,3,4,5,1,2.69,4,0,TRUE
Male,Loyal Customer,29,Business Travel,Business,2778,4,4,4,4,4,4,4,4,3,5,5,5,4,4.15,0,0,TRUE
Female,Loyal Customer,39,Business Travel,Business,240,4,4,4,4,4,4,5,4,4,4,4,5,5,4.23,5,0,TRUE
Female,Loyal Customer,15,Personal Travel,Eco,158,4,5,4,2,5,4,5,5,3,3,4,3,5,4,7,4,FALSE
Male,Disloyal Customer,26,Business Travel,Business,1013,1,1,1,1,4,1,4,4,4,3,5,5,4,2.92,0,0,FALSE
Female,Loyal Customer,24,Business Travel,Business,3736,1,1,1,1,4,4,4,4,4,2,4,4,4,2.92,2,3,TRUE
Female,Disloyal Customer,22,Business Travel,Eco,843,3,2,2,4,5,2,5,5,1,2,4,4,5,3.38,0,4,FALSE
Male,Disloyal Customer,12,Business Travel,Eco,714,3,4,4,3,4,1,5,3,3,4,3,5,5,3.62,193,189,FALSE
Male,Disloyal Customer,19,Business Travel,Eco,842,2,2,2,4,4,2,4,4,3,1,3,4,4,3,0,14,FALSE
Male,Disloyal Customer,45,Business Travel,Eco,378,3,5,3,4,4,3,4,4,5,5,5,1,4,3.85,1,0,FALSE
Female,Loyal Customer,36,Personal Travel,Eco,372,3,3,3,1,1,3,1,1,3,5,3,3,1,2.38,0,0,FALSE
Male,Loyal Customer,70,Personal Travel,Eco,236,4,5,4,1,4,4,4,5,3,4,5,4,4,3.92,136,136,FALSE
Female,Loyal Customer,60,Personal Travel,Eco,632,1,3,1,3,2,4,3,4,4,1,4,4,2,2.77,73,85,FALSE
Male,Loyal Customer,42,Business Travel,Business,590,2,4,4,4,2,4,3,2,2,2,2,1,3,2.69,48,39,FALSE
Male,Loyal Customer,59,Business Travel,Business,1824,3,3,1,3,2,3,4,5,5,5,5,5,4,3.69,0,0,TRUE
Female,Loyal Customer,40,Business Travel,Eco Plus,391,3,2,5,2,3,3,3,2,4,3,3,3,3,3,225,216,FALSE
Female,Loyal Customer,65,Personal Travel,Eco,258,2,3,0,3,2,2,3,4,4,0,4,1,2,2.31,32,40,FALSE
Female,Loyal Customer,29,Business Travel,Business,1504,2,2,2,2,3,4,3,3,4,3,5,3,3,3,0,0,TRUE
Female,Loyal Customer,26,Personal Travel,Eco Plus,408,3,5,3,5,1,3,1,1,4,2,5,3,1,2.85,12,40,FALSE
Female,Loyal Customer,69,Personal Travel,Eco,1723,4,5,4,2,5,5,5,3,3,4,3,3,5,3.92,0,0,FALSE
Male,Loyal Customer,51,Personal Travel,Eco,235,4,5,0,1,4,0,4,4,5,5,4,5,4,3.46,6,0,FALSE
Male,Loyal Customer,52,Personal Travel,Business,1124,2,4,2,1,2,4,4,2,2,2,5,5,4,3,9,0,FALSE
Female,Loyal Customer,43,Business Travel,Business,271,2,1,2,1,4,4,4,2,2,2,2,2,1,2.23,23,17,FALSE
Female,Loyal Customer,60,Business Travel,Business,3617,4,5,5,5,1,3,3,4,4,4,4,3,2,3.62,20,36,FALSE
Male,Loyal Customer,58,Personal Travel,Eco,862,2,5,2,3,2,2,3,2,5,3,4,5,2,3.08,17,30,FALSE
Male,Loyal Customer,61,Personal Travel,Eco,337,2,3,2,3,1,2,1,1,2,3,2,3,1,2,0,0,FALSE
Female,Loyal Customer,38,Personal Travel,Eco,89,3,5,3,5,3,3,3,3,4,4,5,5,3,3.77,0,0,FALSE
Male,Loyal Customer,57,Business Travel,Business,2937,0,0,0,1,5,4,4,1,1,1,1,3,3,1.85,0,0,TRUE
Female,Loyal Customer,42,Personal Travel,Eco,821,3,2,3,4,3,4,3,4,4,3,5,4,4,3.54,0,2,FALSE
Female,Loyal Customer,56,Business Travel,Business,597,1,1,1,1,5,5,4,4,4,4,4,4,4,3.23,0,0,TRUE
Female,Loyal Customer,60,Business Travel,Business,2619,4,4,4,4,5,5,4,5,5,4,5,3,3,4.23,4,0,TRUE
Female,Loyal Customer,45,Business Travel,Business,365,3,3,3,3,4,4,5,5,5,4,5,4,5,4.08,7,1,TRUE
Female,Loyal Customer,48,Business Travel,Business,1334,4,1,1,1,1,2,3,4,4,3,4,1,2,2.38,0,0,FALSE
Female,Loyal Customer,49,Business Travel,Business,1866,4,4,4,4,2,5,5,4,4,5,4,4,4,4.08,0,0,TRUE
Male,Loyal Customer,53,Business Travel,Eco,517,4,2,2,2,4,4,4,4,1,3,4,1,4,3,0,0,FALSE
Female,Disloyal Customer,26,Business Travel,Business,1608,0,0,0,3,5,0,5,5,4,2,5,3,5,2.85,0,0,TRUE
Male,Loyal Customer,60,Business Travel,Business,239,4,1,4,4,2,4,4,3,3,4,3,5,4,3.46,0,0,TRUE
Female,Disloyal Customer,25,Business Travel,Business,1192,2,4,2,3,5,2,3,5,4,4,4,4,5,3.62,9,0,FALSE
Female,Loyal Customer,29,Business Travel,Business,562,2,2,2,2,4,4,4,4,5,5,4,3,4,3.46,79,66,TRUE
Female,Loyal Customer,44,Business Travel,Business,600,3,3,3,3,5,5,5,3,3,3,3,5,4,3.69,0,0,TRUE
Male,Loyal Customer,42,Business Travel,Business,1259,2,2,2,2,4,5,5,5,5,5,5,3,3,3.69,0,0,TRUE
Male,Loyal Customer,58,Business Travel,Eco,250,4,5,5,5,4,4,4,4,5,2,3,4,4,4.08,0,0,TRUE
Male,Loyal Customer,56,Business Travel,Eco,669,2,4,3,4,2,2,2,2,2,3,3,4,2,2.69,21,7,FALSE
Male,Loyal Customer,14,Business Travel,Business,3872,1,3,1,1,5,5,5,5,1,5,4,4,5,3.46,8,3,TRUE
Male,Loyal Customer,37,Personal Travel,Eco,190,5,1,5,1,5,5,5,5,2,2,2,1,5,3.38,0,0,TRUE
Male,Loyal Customer,16,Personal Travel,Eco,1597,2,2,2,2,1,2,1,1,2,4,2,3,1,1.92,1,0,FALSE
Female,Loyal Customer,49,Personal Travel,Business,134,4,0,4,1,5,4,5,5,5,4,5,3,5,3.85,0,0,FALSE
Male,Disloyal Customer,25,Business Travel,Eco,1379,3,3,3,3,1,3,1,1,2,5,4,3,1,2.54,5,0,FALSE
Male,Disloyal Customer,25,Business Travel,Business,859,3,0,3,1,5,3,5,5,3,3,5,3,5,3.38,0,0,FALSE
Male,Loyal Customer,14,Personal Travel,Eco,67,3,5,3,1,1,3,1,1,4,5,5,5,1,2.92,0,0,FALSE
Male,Loyal Customer,70,Personal Travel,Eco,73,4,4,0,4,4,0,4,4,3,3,4,4,4,3.23,53,72,FALSE
Female,Loyal Customer,45,Business Travel,Business,1728,2,2,2,2,4,4,4,2,2,2,2,4,4,2.77,60,67,TRUE
Female,Loyal Customer,31,Business Travel,Business,1748,3,5,5,5,3,3,3,3,4,1,3,3,3,3.38,14,17,FALSE
Female,Loyal Customer,37,Business Travel,Business,2617,3,4,4,4,4,3,3,3,3,3,3,3,2,3.23,32,29,FALSE
Female,Disloyal Customer,20,Business Travel,Eco,448,2,1,2,3,1,2,1,1,2,1,3,1,1,1.62,0,2,FALSE
Female,Loyal Customer,47,Business Travel,Eco,689,5,1,1,1,4,1,3,5,5,5,5,3,4,3.31,0,0,TRUE
Male,Loyal Customer,57,Business Travel,Business,209,4,5,4,4,5,5,1,5,5,5,5,3,4,4.23,0,4,TRUE
Male,Loyal Customer,36,Personal Travel,Eco,395,1,3,1,1,3,1,4,3,3,5,4,4,3,2.77,0,0,FALSE
Female,Loyal Customer,29,Business Travel,Business,907,2,2,2,2,2,2,2,2,2,1,1,4,2,2,0,0,FALSE
Male,Loyal Customer,24,Personal Travel,Eco Plus,552,4,5,4,4,2,4,2,2,2,2,2,1,2,2.77,0,10,FALSE
Male,Loyal Customer,52,Business Travel,Business,2237,3,3,3,3,4,5,5,4,4,4,4,3,5,3.85,15,0,TRUE
Female,Loyal Customer,48,Personal Travel,Eco,288,3,4,3,2,4,4,5,4,4,3,4,4,3,3.62,0,0,FALSE
Female,Loyal Customer,46,Business Travel,Business,404,5,5,1,5,2,5,5,5,5,4,5,3,3,4.08,0,8,TRUE
Female,Loyal Customer,28,Personal Travel,Eco,331,2,5,2,1,1,2,1,1,1,3,3,4,1,2.08,0,1,FALSE
Female,Loyal Customer,30,Business Travel,Business,1589,2,2,2,2,4,4,4,4,3,4,3,3,4,3.15,0,0,TRUE
Female,Loyal Customer,53,Business Travel,Business,1774,2,1,2,2,2,4,5,5,5,5,5,4,4,3.54,0,0,TRUE
Male,Loyal Customer,8,Personal Travel,Eco,353,4,3,5,4,3,5,3,3,1,5,2,1,3,3.23,13,18,FALSE
Female,Loyal Customer,29,Business Travel,Business,3601,1,1,1,1,5,5,5,5,4,2,4,3,5,3.23,0,0,TRUE
Male,Loyal Customer,56,Business Travel,Eco,141,2,4,5,4,2,2,2,2,2,1,3,3,2,2.62,0,0,FALSE
Male,Loyal Customer,8,Personal Travel,Eco,606,4,4,4,3,2,4,2,2,1,5,3,3,2,3,0,0,FALSE
Female,Loyal Customer,19,Personal Travel,Eco Plus,913,1,5,1,3,5,1,5,5,5,3,5,4,5,3.69,5,0,FALSE
Female,Disloyal Customer,43,Business Travel,Eco,747,2,2,2,1,1,2,1,1,1,1,2,2,1,1.46,0,0,FALSE
Female,Disloyal Customer,50,Business Travel,Eco,101,3,4,3,3,1,3,1,1,2,4,2,5,1,2.54,0,0,FALSE
Male,Loyal Customer,47,Business Travel,Eco,141,5,3,3,3,5,5,5,3,2,5,5,5,5,4.15,142,158,TRUE
Female,Loyal Customer,37,Business Travel,Eco,432,4,5,5,5,4,3,4,4,1,5,4,1,4,3.77,0,0,FALSE
Female,Loyal Customer,49,Business Travel,Business,1551,2,5,5,5,4,4,4,3,3,3,2,3,4,3.62,0,0,FALSE
Female,Disloyal Customer,43,Business Travel,Eco,689,2,2,2,3,4,2,4,4,3,1,3,2,4,2.77,15,0,FALSE
Female,Loyal Customer,55,Personal Travel,Eco,1124,2,5,2,2,2,3,5,5,5,2,5,5,3,3.54,4,13,FALSE
Female,Loyal Customer,54,Personal Travel,Eco Plus,731,2,4,3,3,1,2,2,1,1,3,3,4,5,2.62,13,12,FALSE
Female,Loyal Customer,53,Personal Travel,Eco Plus,1023,3,3,3,2,5,3,2,5,5,3,5,3,5,3.62,17,12,FALSE
Female,Loyal Customer,59,Business Travel,Business,331,4,2,2,2,5,4,3,4,4,4,4,1,4,3.31,3,1,FALSE
Female,Disloyal Customer,20,Business Travel,Eco,447,1,4,1,4,2,1,2,2,4,1,4,1,2,2.23,0,0,FALSE
Female,Loyal Customer,31,Business Travel,Business,534,1,1,1,1,4,4,4,4,4,5,4,3,4,3.08,5,8,TRUE
Female,Loyal Customer,24,Business Travel,Business,2895,2,1,1,1,2,2,2,2,1,3,3,3,2,1.92,0,0,FALSE
Male,Loyal Customer,52,Personal Travel,Eco,502,4,5,4,1,3,4,3,3,4,1,3,2,3,3.08,0,0,FALSE
Female,Loyal Customer,45,Personal Travel,Eco,145,3,4,3,4,5,2,5,5,5,3,4,1,2,3.54,12,23,FALSE
Male,Loyal Customer,39,Business Travel,Business,2556,5,5,5,5,5,3,4,4,4,4,4,5,4,4.38,60,60,TRUE
Male,Loyal Customer,7,Personal Travel,Eco,414,3,2,3,4,2,3,2,2,4,3,4,2,2,2.77,12,0,FALSE
Female,Loyal Customer,41,Business Travel,Business,226,3,1,1,1,3,4,4,3,3,3,3,4,3,2.77,0,0,FALSE
Male,Loyal Customer,47,Business Travel,Business,1974,3,3,3,3,3,5,5,4,4,4,4,5,3,3.77,0,0,TRUE
Female,Loyal Customer,40,Business Travel,Business,594,2,2,1,2,3,4,5,4,4,4,4,3,3,3.15,0,0,TRUE
Female,Loyal Customer,60,Personal Travel,Eco,547,2,4,2,3,2,4,3,5,5,2,1,5,3,3.15,8,3,FALSE
Female,Disloyal Customer,44,Business Travel,Eco,361,2,1,1,2,3,1,3,3,4,5,1,4,3,2.54,0,38,FALSE
Female,Loyal Customer,42,Business Travel,Business,3737,2,4,4,4,1,4,3,2,2,2,2,1,4,2.69,41,50,FALSE
Male,Disloyal Customer,14,Business Travel,Eco,2165,3,3,3,2,3,3,5,3,3,5,4,5,3,3.46,0,0,FALSE
Female,Loyal Customer,51,Business Travel,Business,3706,2,2,2,2,2,4,4,5,5,5,5,4,4,3.54,1,0,TRUE
Male,Loyal Customer,41,Business Travel,Business,682,5,5,5,5,3,4,4,5,5,5,5,3,4,4.46,0,0,TRUE
Female,Loyal Customer,58,Business Travel,Business,1744,2,2,4,2,2,5,4,2,2,2,2,3,5,2.85,4,0,TRUE
Male,Loyal Customer,13,Personal Travel,Eco,2419,5,4,5,4,2,5,4,2,3,1,3,3,2,3.31,0,0,TRUE
Female,Loyal Customer,42,Business Travel,Business,419,5,5,5,5,4,4,4,5,5,5,5,3,3,4.46,0,0,TRUE
Female,Loyal Customer,25,Business Travel,Business,3154,2,2,4,2,2,2,2,2,4,2,4,3,2,2.54,0,0,FALSE
Female,Loyal Customer,56,Business Travel,Business,711,2,2,2,2,2,5,4,3,3,4,3,5,5,3.23,0,0,TRUE
Male,Loyal Customer,30,Business Travel,Business,2713,2,2,2,2,2,2,2,2,4,4,3,4,2,2.54,14,5,FALSE
Male,Loyal Customer,38,Business Travel,Business,427,2,5,2,2,2,2,1,3,3,3,3,5,2,2.69,0,0,TRUE
Female,Loyal Customer,45,Business Travel,Business,2904,1,1,1,1,5,5,5,5,5,5,5,4,3,3.54,9,0,TRUE
Male,Disloyal Customer,27,Business Travel,Business,130,4,4,4,1,3,4,3,3,5,2,4,3,3,3.31,0,0,TRUE
Male,Loyal Customer,45,Personal Travel,Eco,812,3,3,3,3,5,3,5,5,1,5,3,3,5,3.62,0,2,FALSE
Male,Loyal Customer,23,Personal Travel,Eco,502,2,5,2,4,2,2,2,2,5,4,5,3,2,3.08,8,0,FALSE
Female,Disloyal Customer,45,Business Travel,Business,867,5,5,5,2,1,5,1,1,5,5,5,3,1,3.38,14,4,TRUE
Female,Loyal Customer,33,Business Travel,Business,1372,1,1,1,1,4,2,5,4,4,5,4,2,5,3,0,0,TRUE
Male,Disloyal Customer,24,Business Travel,Eco,337,4,0,4,1,2,4,2,2,3,5,5,3,2,2.85,25,35,TRUE
Male,Loyal Customer,51,Business Travel,Business,1345,2,3,5,3,3,3,4,2,2,2,2,4,2,2.85,0,3,FALSE
Female,Loyal Customer,66,Personal Travel,Eco,315,3,4,3,1,5,4,5,4,4,3,3,4,4,3.62,30,26,FALSE
Female,Loyal Customer,30,Personal Travel,Eco,413,3,2,3,3,3,3,3,3,2,3,4,3,3,2.92,0,0,FALSE
Male,Loyal Customer,50,Personal Travel,Eco,541,2,2,2,3,5,2,5,5,4,5,4,4,5,3.69,9,0,FALSE
Female,Loyal Customer,18,Personal Travel,Eco,772,1,4,1,3,2,1,2,2,1,2,3,2,2,2,0,,FALSE
Female,Loyal Customer,24,Personal Travel,Eco,258,2,5,2,1,4,2,3,4,1,4,4,3,4,3,10,6,FALSE
Female,Loyal Customer,71,Business Travel,Business,2166,4,4,4,4,4,4,4,5,5,5,5,3,4,4.23,0,0,TRUE
Male,Loyal Customer,37,Personal Travel,Eco,821,2,5,2,1,5,2,5,5,4,2,4,3,5,3.46,0,0,FALSE
Male,Loyal Customer,44,Personal Travel,Eco,748,3,5,3,4,3,3,3,3,3,4,4,5,3,3.54,0,0,FALSE
Female,Loyal Customer,51,Personal Travel,Eco,764,2,4,2,4,4,2,1,3,3,2,3,5,5,3.08,0,0,FALSE
Male,Loyal Customer,46,Business Travel,Business,2388,1,1,1,1,4,5,5,2,2,2,2,3,3,2.46,0,0,TRUE
Male,Loyal Customer,61,Business Travel,Eco,376,4,3,3,3,4,4,4,4,1,4,4,1,4,3.31,0,0,FALSE
Male,Loyal Customer,52,Personal Travel,Business,432,1,5,1,5,1,3,3,3,4,5,4,3,3,3.15,197,193,FALSE
Female,Loyal Customer,65,Business Travel,Eco Plus,116,2,5,5,5,2,2,2,1,3,3,4,2,2,2.92,134,131,FALSE
Female,Loyal Customer,11,Personal Travel,Eco Plus,712,3,5,3,4,3,3,3,3,1,3,4,5,3,3.31,0,3,FALSE
Female,Loyal Customer,51,Business Travel,Business,2831,3,3,3,3,4,4,4,5,5,5,5,3,3,3.85,4,0,TRUE
Male,Loyal Customer,8,Business Travel,Eco Plus,547,2,4,4,4,2,2,3,2,3,3,3,4,2,2.92,0,5,FALSE
Male,Loyal Customer,36,Business Travel,Eco,373,4,3,3,3,4,4,4,4,5,2,5,4,4,3.77,0,0,TRUE
Female,Loyal Customer,46,Business Travel,Business,3057,3,3,3,3,4,4,5,4,4,4,4,5,4,3.85,0,0,TRUE
Male,Loyal Customer,57,Business Travel,Business,2178,4,4,4,4,2,5,5,4,4,4,4,4,5,4.08,2,0,TRUE
Male,Disloyal Customer,29,Business Travel,Eco,944,2,2,2,5,1,2,1,1,4,3,2,3,1,2.23,107,94,FALSE
Male,Loyal Customer,41,Personal Travel,Eco Plus,1182,2,5,2,3,4,2,4,4,5,2,5,3,4,3.46,39,25,FALSE
Male,Loyal Customer,54,Personal Travel,Eco,483,2,5,2,3,4,2,4,4,5,2,5,2,4,3.38,0,3,FALSE
Male,Loyal Customer,46,Business Travel,Business,2868,1,1,1,1,3,3,4,4,4,4,4,5,3,2.92,0,3,TRUE
Female,Loyal Customer,54,Personal Travel,Eco,209,2,3,2,3,2,4,3,3,3,2,3,1,1,2.46,40,17,FALSE
Male,Disloyal Customer,39,Business Travel,Eco,192,4,0,4,4,1,4,1,1,1,5,4,4,1,2.62,0,0,TRUE
Male,Loyal Customer,51,Business Travel,Business,593,1,1,2,1,5,4,5,5,5,5,5,4,4,3.62,3,19,TRUE
Female,Loyal Customer,22,Personal Travel,Eco,356,4,4,4,4,2,4,2,2,5,2,5,4,2,3.38,7,0,FALSE
Female,Loyal Customer,54,Business Travel,Business,1707,2,2,3,2,4,5,4,3,3,4,3,5,3,3.31,0,0,TRUE
Female,Loyal Customer,42,Business Travel,Eco Plus,373,2,4,5,4,3,3,3,2,2,2,2,3,3,2.92,0,0,FALSE
Male,Disloyal Customer,23,Business Travel,Eco,476,2,4,2,5,5,2,2,5,1,5,3,5,5,3.54,0,0,FALSE
Female,Loyal Customer,43,Business Travel,Eco Plus,521,3,2,2,2,1,1,1,3,3,3,3,2,2,2.15,0,0,FALSE
Female,Loyal Customer,48,Business Travel,Business,1728,2,2,2,2,5,4,4,4,4,4,4,5,5,3.62,0,12,TRUE
Male,Loyal Customer,25,Business Travel,Business,2699,2,2,2,2,4,4,4,4,3,4,3,2,4,3.08,0,0,TRUE
Female,Loyal Customer,51,Business Travel,Business,2730,3,3,3,3,5,5,4,4,4,4,4,3,4,3.77,9,0,TRUE
Male,Loyal Customer,45,Business Travel,Eco,451,1,4,4,4,1,1,1,1,1,3,2,4,1,2.15,28,24,FALSE
Male,Disloyal Customer,31,Business Travel,Business,1846,2,1,1,4,5,1,4,5,3,3,5,3,5,3.23,0,0,FALSE
Male,Loyal Customer,41,Business Travel,Business,3338,1,1,1,1,2,4,5,4,4,4,4,4,3,2.92,4,0,TRUE
Male,Loyal Customer,38,Business Travel,Business,170,3,3,3,3,5,4,3,3,3,3,3,4,3,3.31,0,0,FALSE
Female,Loyal Customer,58,Business Travel,Business,3107,3,3,3,3,2,5,4,4,4,4,4,3,4,3.54,5,0,TRUE
Male,Loyal Customer,56,Business Travel,Business,2642,5,5,4,5,3,5,4,1,1,2,1,5,4,3.46,1,14,TRUE
Male,Loyal Customer,25,Personal Travel,Eco,600,3,5,3,3,5,3,5,5,5,5,2,1,5,3.85,0,0,FALSE
Male,Loyal Customer,22,Personal Travel,Eco Plus,592,2,3,2,2,1,2,1,1,1,2,3,2,1,1.77,0,0,FALSE
Female,Loyal Customer,49,Business Travel,Eco,190,3,1,3,1,1,3,3,3,3,3,3,3,4,2.62,4,1,FALSE
Male,Loyal Customer,26,Business Travel,Business,3974,3,3,3,3,3,3,3,3,1,3,3,4,3,2.92,4,1,FALSE
Male,Loyal Customer,39,Business Travel,Eco Plus,227,3,1,1,1,3,2,3,3,2,1,3,3,3,2.23,0,0,FALSE
Male,Disloyal Customer,23,Business Travel,Business,323,4,0,4,1,5,4,5,5,5,5,4,3,5,3.85,11,3,TRUE
Female,Loyal Customer,23,Personal Travel,Business,175,4,2,4,2,3,4,5,3,3,4,2,4,3,3.31,0,0,FALSE
Female,Loyal Customer,55,Business Travel,Business,3787,5,5,3,5,5,5,5,4,4,4,4,3,3,4.23,121,121,TRUE
Male,Loyal Customer,13,Personal Travel,Eco,1620,4,5,4,5,5,4,5,5,4,3,5,5,5,4.54,0,7,FALSE
Male,Loyal Customer,64,Personal Travel,Eco,431,4,5,4,3,4,4,4,4,4,2,4,5,4,3.92,0,8,FALSE
Female,Loyal Customer,33,Business Travel,Business,2866,4,4,4,4,4,1,3,4,4,5,4,2,2,3.46,0,4,TRUE
Male,Loyal Customer,58,Business Travel,Business,2304,5,3,5,5,4,4,2,5,5,5,5,3,4,4.23,49,54,TRUE
Male,Loyal Customer,57,Personal Travel,Eco,216,3,0,3,4,3,3,3,3,3,3,5,3,3,3,60,63,FALSE
Male,Loyal Customer,55,Personal Travel,Eco Plus,223,5,4,5,1,4,5,4,4,4,2,4,5,4,3.92,0,0,TRUE
Male,Loyal Customer,43,Business Travel,Business,1525,4,4,5,4,5,5,5,5,5,5,5,5,5,4.77,223,210,TRUE
Male,Loyal Customer,43,Business Travel,Business,2068,1,1,4,1,3,5,5,5,5,5,5,4,5,3.77,13,0,TRUE
Female,Loyal Customer,59,Business Travel,Business,1416,1,1,1,1,3,5,5,4,4,4,4,5,3,3.15,0,1,TRUE
Male,Loyal Customer,30,Personal Travel,Eco,599,3,1,3,4,3,3,3,3,4,2,4,3,3,3,36,44,FALSE
Male,Loyal Customer,24,Business Travel,Eco Plus,422,2,5,5,5,2,2,2,2,1,2,3,1,2,2.62,0,0,FALSE
Male,Loyal Customer,53,Personal Travel,Eco,680,2,1,2,3,1,2,1,1,1,3,2,1,1,1.62,0,6,FALSE
Female,Loyal Customer,42,Business Travel,Eco,224,3,5,5,5,1,4,4,3,3,3,3,4,4,3.62,17,19,FALSE
Female,Loyal Customer,38,Business Travel,Business,329,4,4,4,4,5,1,3,5,5,5,5,2,4,3.92,51,58,TRUE
Female,Loyal Customer,46,Business Travel,Business,1895,2,2,2,2,5,5,5,4,4,4,4,4,4,3.62,7,0,TRUE
Female,Loyal Customer,55,Personal Travel,Eco,406,3,5,2,4,3,5,2,2,2,2,2,5,4,3.15,0,0,FALSE
Female,Loyal Customer,33,Personal Travel,Eco Plus,813,0,2,0,3,3,0,4,3,2,1,4,4,3,2.23,0,0,TRUE
Male,Loyal Customer,40,Personal Travel,Eco,557,4,5,4,2,4,4,4,4,2,4,4,3,4,3.69,0,0,TRUE
Female,Loyal Customer,41,Personal Travel,Eco,405,3,5,3,1,4,3,4,4,5,1,4,5,4,3.54,0,0,FALSE
Male,Disloyal Customer,12,Business Travel,Eco Plus,788,2,0,2,4,4,2,4,4,2,4,4,3,4,3,2,18,FALSE
Male,Loyal Customer,55,Business Travel,Business,2134,3,3,3,3,5,4,5,5,5,5,5,3,5,4.15,30,24,TRUE
Female,Loyal Customer,59,Business Travel,Business,2806,4,4,4,4,4,4,5,4,4,4,4,5,3,4.08,0,0,TRUE
Female,Loyal Customer,43,Business Travel,Eco Plus,343,5,3,3,3,2,1,5,5,5,5,5,1,1,3.38,35,28,TRUE
Male,Loyal Customer,33,Business Travel,Business,406,2,2,2,2,2,3,2,2,3,2,4,3,2,2.38,0,0,TRUE
Female,Loyal Customer,11,Personal Travel,Eco,833,2,4,2,3,2,4,4,4,5,4,4,4,4,3.54,213,207,FALSE
Female,Loyal Customer,42,Personal Travel,Eco,761,3,4,3,2,1,4,3,5,5,3,5,3,1,3.23,16,12,FALSE
Male,Loyal Customer,59,Business Travel,Eco,674,5,3,3,3,5,5,5,5,4,5,3,1,5,4,0,0,TRUE
Male,Disloyal Customer,14,Business Travel,Eco,528,3,1,2,4,1,2,1,1,3,1,4,1,1,1.92,14,13,FALSE
Female,Loyal Customer,32,Personal Travel,Eco,120,1,2,1,4,5,1,5,5,2,4,3,1,5,3,0,0,FALSE
Female,Loyal Customer,54,Business Travel,Business,308,3,3,3,3,5,5,5,5,5,5,5,4,4,4.23,2,9,TRUE
Female,Loyal Customer,24,Business Travel,Business,689,2,2,2,2,5,5,5,5,4,3,4,4,5,3.69,0,0,TRUE
Female,Loyal Customer,21,Personal Travel,Eco,347,5,4,5,2,2,5,2,2,4,4,4,3,2,3.38,0,0,TRUE
Male,Loyal Customer,37,Business Travel,Business,446,2,2,2,2,2,1,2,5,5,4,5,5,1,2.92,0,0,TRUE
Female,Loyal Customer,25,Business Travel,Eco Plus,630,2,4,4,4,2,2,2,2,1,5,3,3,2,2.77,0,0,FALSE
Male,Loyal Customer,57,Personal Travel,Eco,528,3,4,3,2,3,3,3,3,3,3,4,4,3,3.15,0,0,FALSE
Male,Disloyal Customer,25,Business Travel,Business,1067,4,2,4,1,3,4,3,3,2,3,2,4,3,2.92,0,3,FALSE
Male,Loyal Customer,34,Personal Travel,Eco,630,3,1,3,1,3,3,3,3,4,4,1,3,3,2.69,61,53,FALSE
Male,Loyal Customer,50,Business Travel,Eco,102,5,5,5,5,5,5,5,5,5,1,1,3,5,4.23,0,0,TRUE
Female,Loyal Customer,24,Personal Travel,Eco,1617,1,4,2,4,2,2,2,2,5,2,3,5,2,2.77,25,28,FALSE
Male,Loyal Customer,26,Personal Travel,Eco,746,1,2,1,3,1,1,1,1,1,1,3,1,1,1.38,31,24,FALSE
Male,Loyal Customer,34,Business Travel,Eco Plus,101,5,3,3,3,5,5,5,5,4,3,5,3,5,4.15,3,5,TRUE
Male,Loyal Customer,30,Business Travel,Business,2236,3,2,5,2,3,2,3,3,2,4,4,4,3,3.08,0,0,FALSE
Male,Disloyal Customer,39,Business Travel,Eco,805,4,5,5,3,5,5,5,5,5,5,2,3,5,4.38,0,0,FALSE
Male,Loyal Customer,45,Business Travel,Business,3776,5,5,5,5,3,5,5,5,5,4,5,4,5,4.69,1,0,TRUE
Male,Loyal Customer,51,Business Travel,Business,2893,2,2,2,2,5,4,5,5,5,4,5,5,3,3.77,18,10,TRUE
Female,Disloyal Customer,40,Business Travel,Business,372,2,2,2,3,4,2,4,4,4,1,5,1,4,2.92,0,0,FALSE
Female,Loyal Customer,53,Business Travel,Business,1416,5,5,4,5,2,4,4,4,4,4,4,3,5,4.08,0,0,TRUE
Male,Loyal Customer,53,Business Travel,Business,3531,4,4,4,4,4,2,2,4,4,4,4,2,2,3.38,5,0,FALSE
Male,Loyal Customer,52,Business Travel,Business,134,4,4,4,4,2,4,5,4,4,4,4,4,4,3.92,0,0,TRUE
Male,Disloyal Customer,32,Business Travel,Business,265,2,2,2,2,2,2,1,2,3,4,5,4,2,2.54,0,0,FALSE
Female,Loyal Customer,30,Personal Travel,Eco,1069,3,4,3,3,3,3,3,3,3,3,4,3,3,3.15,114,116,FALSE
Male,Loyal Customer,31,Business Travel,Business,3466,2,2,2,2,5,5,5,5,5,2,5,5,5,3.85,0,0,TRUE
Female,Loyal Customer,35,Business Travel,Eco,163,5,4,4,4,5,4,5,5,2,5,4,4,5,4.31,0,0,TRUE
Female,Disloyal Customer,21,Business Travel,Eco,733,2,2,2,3,2,2,2,1,4,4,4,2,2,2.46,106,145,FALSE
Female,Loyal Customer,41,Personal Travel,Eco,846,3,5,3,1,5,3,3,5,4,1,5,2,5,3.46,0,0,FALSE
Female,Loyal Customer,57,Personal Travel,Eco,1091,4,1,4,2,4,3,3,2,1,3,2,3,3,2.69,271,,FALSE
Male,Loyal Customer,42,Business Travel,Eco,190,4,3,3,3,4,4,4,4,4,2,1,5,4,3.46,0,0,TRUE
Female,Loyal Customer,13,Personal Travel,Eco,2253,5,4,5,2,5,4,4,3,5,3,5,4,4,4.08,238,211,TRUE
Female,Loyal Customer,35,Business Travel,Business,2586,5,1,5,5,4,4,4,3,5,4,5,4,4,4.08,0,0,TRUE
Female,Loyal Customer,41,Business Travel,Eco,542,4,5,5,5,3,4,3,3,4,4,5,1,3,3.77,93,102,TRUE
Female,Loyal Customer,48,Business Travel,Business,3489,0,5,0,1,2,5,4,1,1,1,1,5,5,2.38,0,0,TRUE
Female,Loyal Customer,9,Personal Travel,Eco,2583,2,5,2,3,2,4,4,1,1,4,5,4,4,3.15,9,12,FALSE
Male,Loyal Customer,66,Personal Travel,Eco,762,2,5,3,4,4,3,4,4,5,3,5,5,4,3.92,2,29,FALSE
Female,Loyal Customer,30,Business Travel,Business,1927,4,4,4,4,4,4,4,4,5,3,3,5,4,4,4,0,TRUE
Female,Disloyal Customer,23,Business Travel,Eco,552,3,1,3,3,1,3,1,1,2,3,3,4,1,2.23,63,64,FALSE
Female,Loyal Customer,31,Business Travel,Business,509,5,5,5,5,5,4,5,5,5,3,5,5,5,4.77,3,14,TRUE
Female,Disloyal Customer,38,Business Travel,Eco,1437,3,3,3,3,3,3,3,1,2,4,3,3,3,2.85,0,0,FALSE
Female,Loyal Customer,19,Personal Travel,Eco,1303,2,3,2,4,5,2,1,5,4,2,3,3,5,3.15,0,22,FALSE
Female,Loyal Customer,68,Personal Travel,Business,630,3,4,3,3,4,5,4,5,5,3,5,3,5,4,0,4,FALSE
Female,Loyal Customer,22,Business Travel,Business,3650,2,2,2,2,4,4,4,4,3,2,4,4,4,3.15,10,33,TRUE
Female,Loyal Customer,49,Business Travel,Eco Plus,589,5,2,2,2,4,4,1,4,4,5,4,5,2,3.38,0,0,TRUE
Female,Loyal Customer,30,Personal Travel,Eco,590,4,2,5,4,4,5,4,4,1,5,3,3,4,3.69,0,4,FALSE
Male,Loyal Customer,35,Business Travel,Eco,273,2,1,2,1,2,2,2,2,3,3,4,4,2,2.31,0,0,FALSE
Male,Loyal Customer,44,Business Travel,Business,1013,2,2,2,2,2,5,4,5,5,5,5,5,3,3.62,0,0,TRUE
Female,Loyal Customer,48,Business Travel,Business,3313,2,2,2,2,5,4,5,5,5,5,5,3,4,3.77,0,14,TRUE
Male,Loyal Customer,11,Business Travel,Eco,633,1,4,4,4,1,1,4,1,1,4,3,2,1,2.38,0,10,FALSE
Female,Loyal Customer,47,Business Travel,Business,3052,2,2,5,2,5,4,4,4,4,4,4,3,5,3.69,0,0,TRUE
Female,Disloyal Customer,24,Business Travel,Eco,944,3,3,3,3,1,3,1,1,4,3,3,1,1,2.31,39,19,FALSE
Female,Loyal Customer,67,Personal Travel,Eco,602,2,4,2,3,1,4,3,2,2,2,1,1,4,2.38,17,20,FALSE
Female,Loyal Customer,33,Business Travel,Business,859,2,2,2,2,4,4,5,5,5,5,5,5,3,3.77,0,0,TRUE
Male,Loyal Customer,24,Personal Travel,Eco,201,2,4,2,3,3,2,3,3,3,5,3,2,3,2.92,0,0,FALSE
Female,Loyal Customer,60,Business Travel,Business,2567,5,5,5,5,3,4,4,5,5,5,5,5,4,4.62,1,0,TRUE
Male,Loyal Customer,36,Business Travel,Business,1900,2,2,2,2,4,3,5,5,5,5,5,4,3,3.62,7,26,TRUE
Male,Loyal Customer,51,Personal Travel,Eco,776,3,5,3,3,3,3,5,3,3,5,4,5,3,3.69,0,7,FALSE
Female,Loyal Customer,54,Business Travel,Business,3724,3,3,3,3,4,5,5,3,3,4,3,4,3,3.54,5,9,TRUE
Female,Loyal Customer,51,Business Travel,Business,3581,5,5,5,5,4,4,5,4,4,5,4,4,5,4.54,49,54,TRUE
Female,Loyal Customer,24,Personal Travel,Eco,851,2,4,2,4,2,2,1,2,1,2,4,4,2,2.46,4,0,FALSE
Male,Disloyal Customer,29,Business Travel,Eco,1088,4,4,4,4,3,4,3,3,4,2,2,1,3,3.15,7,0,FALSE
Female,Disloyal Customer,24,Business Travel,Eco,1276,3,3,3,4,1,3,1,1,3,5,5,5,1,2.92,0,0,FALSE
Male,Loyal Customer,10,Personal Travel,Eco,728,3,3,3,1,3,3,3,3,3,2,1,1,3,2.46,0,0,FALSE
Male,Loyal Customer,10,Business Travel,Business,1577,5,5,5,5,4,4,4,4,5,2,5,4,4,4.31,73,,TRUE
Female,Loyal Customer,48,Business Travel,Business,3979,2,2,2,2,5,5,5,5,5,5,5,4,5,4,0,4,TRUE
Female,Loyal Customer,39,Business Travel,Business,733,2,5,5,5,1,2,3,2,2,2,2,4,3,2.92,16,21,FALSE
Female,Loyal Customer,25,Business Travel,Eco,406,5,2,2,2,5,5,4,5,2,5,2,5,5,3.77,66,65,TRUE
Female,Loyal Customer,26,Business Travel,Business,2296,1,1,1,1,4,3,3,3,3,4,4,3,3,2.62,117,147,TRUE
Male,Disloyal Customer,21,Business Travel,Eco,438,3,0,4,3,4,4,4,4,2,3,1,4,4,3.08,0,40,FALSE
Male,Loyal Customer,43,Business Travel,Business,3520,5,5,5,5,4,4,1,5,5,5,5,2,4,4.23,0,0,TRUE
Male,Loyal Customer,22,Business Travel,Business,1598,1,1,2,1,5,5,5,5,3,5,4,2,5,3.38,45,41,TRUE
Female,Loyal Customer,64,Personal Travel,Eco,844,2,5,2,2,5,5,5,1,1,2,1,3,3,2.85,0,1,FALSE
Female,Loyal Customer,42,Personal Travel,Eco,2300,2,5,2,1,2,1,3,3,4,3,4,3,3,2.77,0,34,FALSE
Female,Disloyal Customer,40,Business Travel,Business,304,3,3,3,1,4,3,4,4,5,4,4,5,4,3.62,22,13,FALSE
Female,Loyal Customer,33,Business Travel,Business,500,2,3,3,3,1,3,3,2,2,2,2,4,4,2.62,24,11,FALSE
Male,Loyal Customer,63,Business Travel,Eco,300,5,3,3,3,5,5,5,5,4,1,3,4,5,3.92,6,0,TRUE
Male,Loyal Customer,44,Business Travel,Eco,834,5,5,3,3,5,5,5,5,3,1,1,5,5,3.92,0,0,TRUE
Male,Loyal Customer,77,Business Travel,Eco Plus,280,2,3,3,3,2,2,2,2,2,3,2,4,2,2.46,0,0,FALSE
Female,Loyal Customer,30,Business Travel,Business,495,4,2,4,4,3,3,3,3,5,2,1,3,3,3.08,32,59,TRUE
Female,Disloyal Customer,24,Business Travel,Eco,347,1,3,1,3,3,1,2,3,2,3,5,2,3,2.46,0,3,FALSE
Male,Loyal Customer,62,Personal Travel,Eco,616,2,4,2,4,2,2,2,2,5,2,3,1,2,2.54,0,0,FALSE
Female,Loyal Customer,24,Business Travel,Business,397,2,2,2,2,5,5,5,5,1,1,1,1,5,2.85,7,13,TRUE
Male,Loyal Customer,50,Business Travel,Business,3665,3,2,5,2,2,4,3,3,3,3,3,1,3,2.85,8,12,FALSE
Female,Loyal Customer,41,Personal Travel,Eco,2454,4,2,3,3,1,3,1,1,2,1,2,2,1,2,1,0,TRUE
Female,Disloyal Customer,22,Business Travel,Eco,205,3,1,3,4,1,3,1,1,2,1,4,1,1,2,59,52,FALSE
Male,Loyal Customer,24,Personal Travel,Eco,859,4,4,4,5,2,4,2,2,4,2,4,3,2,3.23,3,0,FALSE
Male,Loyal Customer,17,Business Travel,Business,423,1,1,3,1,3,4,3,3,3,3,4,4,3,2.77,0,0,TRUE
Female,Loyal Customer,42,Business Travel,Eco,447,2,1,1,1,4,4,3,2,2,2,2,3,1,2.15,15,3,FALSE
Male,Loyal Customer,47,Business Travel,Business,250,4,2,4,4,2,5,5,5,5,5,5,3,5,4.15,0,0,TRUE
Male,Loyal Customer,42,Business Travel,Business,1426,1,1,1,1,5,4,5,2,2,2,2,5,5,2.77,0,3,TRUE
Female,Disloyal Customer,38,Business Travel,Eco,177,3,2,3,4,3,3,3,1,1,4,4,3,3,2.85,118,138,FALSE
Male,Loyal Customer,42,Personal Travel,Eco,337,1,3,1,1,3,1,3,3,2,5,5,4,3,2.69,0,0,FALSE
Male,Disloyal Customer,21,Business Travel,Eco,631,4,3,5,3,4,5,4,4,1,4,4,4,4,3.77,0,0,FALSE
Female,Loyal Customer,35,Business Travel,Eco Plus,925,4,5,5,5,4,4,4,4,3,1,1,2,4,3.54,0,0,TRUE
Female,Loyal Customer,48,Business Travel,Business,2176,3,3,3,3,5,5,5,5,5,5,5,4,5,4.31,7,32,TRUE
Male,Loyal Customer,56,Business Travel,Business,2028,4,4,1,4,3,5,4,5,5,5,5,3,4,4,18,10,TRUE
Female,Loyal Customer,50,Business Travel,Business,594,2,2,2,2,4,4,5,3,3,3,3,5,3,3.15,0,0,TRUE
Male,Disloyal Customer,37,Business Travel,Business,696,5,4,4,3,5,4,5,5,5,2,5,5,5,4.38,0,0,TRUE
Female,Disloyal Customer,24,Business Travel,Eco,946,3,3,3,3,1,3,1,1,3,4,5,4,1,2.69,0,0,FALSE
Male,Disloyal Customer,25,Business Travel,Eco,1514,1,1,1,3,2,1,1,2,4,4,3,4,2,2.23,47,63,FALSE
Female,Disloyal Customer,26,Business Travel,Eco,854,2,2,2,4,1,2,1,1,2,4,4,1,1,2.08,0,29,FALSE
Male,Loyal Customer,68,Personal Travel,Eco,463,1,3,5,5,5,5,5,5,5,3,2,5,5,4.15,0,0,FALSE
Male,Loyal Customer,42,Personal Travel,Eco,534,2,5,2,2,4,2,4,4,5,3,5,5,4,3.62,1,5,FALSE
Male,Disloyal Customer,21,Business Travel,Eco,188,2,5,2,4,5,2,5,5,2,5,5,2,5,3.77,0,0,FALSE
Male,Loyal Customer,65,Personal Travel,Eco,201,2,4,0,4,4,0,3,4,1,3,4,3,4,2.77,0,1,FALSE
Male,Loyal Customer,56,Business Travel,Business,2402,2,2,2,2,5,5,5,3,3,5,5,5,5,3.77,3,19,TRUE
Female,Loyal Customer,34,Personal Travel,Eco,580,2,4,2,3,1,2,1,1,1,1,1,1,1,1.62,7,1,FALSE
Female,Loyal Customer,45,Business Travel,Eco,1165,5,3,5,5,5,5,5,1,4,2,1,5,5,3.92,143,128,TRUE
Male,Loyal Customer,31,Business Travel,Business,1705,0,3,0,4,2,2,2,2,1,4,3,5,2,2.31,0,29,TRUE
Female,Disloyal Customer,15,Business Travel,Eco,964,4,4,4,5,4,4,4,4,2,3,5,2,4,3.77,7,0,TRUE
Male,Loyal Customer,54,Business Travel,Business,500,3,3,3,3,2,4,4,5,5,5,5,3,4,3.77,0,23,TRUE
Female,Loyal Customer,28,Business Travel,Eco,853,2,4,4,4,2,2,2,2,1,1,2,4,2,2.46,0,0,FALSE
Female,Loyal Customer,69,Personal Travel,Eco,671,3,4,3,4,2,4,5,5,5,3,5,3,3,3.77,2,0,FALSE
Female,Loyal Customer,31,Business Travel,Business,1598,4,4,5,4,4,4,4,4,5,3,4,2,4,3.92,0,0,TRUE
Male,Loyal Customer,42,Business Travel,Eco,975,4,2,2,2,5,4,5,5,5,5,2,4,5,3.85,0,0,TRUE
Female,Loyal Customer,10,Personal Travel,Eco,1188,0,1,0,2,1,0,1,1,3,5,1,4,1,1.54,0,0,TRUE
Male,Disloyal Customer,24,Business Travel,Business,1448,3,2,3,4,5,3,5,5,3,4,4,1,5,3.62,2,0,FALSE
Female,Loyal Customer,28,Personal Travel,Eco,224,4,5,0,4,5,0,5,5,5,4,5,5,5,4,105,107,FALSE
Male,Loyal Customer,23,Business Travel,Business,110,3,3,3,3,4,4,3,4,4,3,3,3,4,3.38,0,0,TRUE
Male,Disloyal Customer,22,Business Travel,Eco,587,1,2,1,2,2,1,2,2,4,3,1,2,2,1.92,14,7,FALSE
Male,Disloyal Customer,24,Business Travel,Eco,874,2,2,2,2,5,2,5,5,2,3,5,1,5,3.15,0,0,FALSE
Female,Loyal Customer,43,Business Travel,Business,239,3,3,3,3,4,5,5,4,4,4,4,3,3,3.69,6,0,TRUE
Female,Disloyal Customer,75,Business Travel,Eco Plus,125,1,2,2,2,1,1,1,1,5,5,5,2,1,2.23,0,0,FALSE
Male,Disloyal Customer,20,Business Travel,Eco,280,3,0,3,1,2,3,2,2,1,2,1,4,2,2,6,5,FALSE
Female,Loyal Customer,36,Personal Travel,Eco,621,3,2,3,4,2,3,3,2,1,4,4,2,2,2.69,0,0,FALSE
Female,Loyal Customer,63,Personal Travel,Eco,1390,5,4,5,1,2,4,5,4,4,5,3,4,5,3.92,0,0,TRUE
Female,Loyal Customer,42,Business Travel,Business,3322,1,1,4,1,3,4,5,4,4,4,5,3,5,3.38,1,0,TRUE
Female,Loyal Customer,47,Personal Travel,Eco,762,2,5,2,2,5,5,5,2,2,2,3,3,4,3.23,9,0,FALSE
Male,Loyal Customer,43,Business Travel,Business,1854,3,3,3,3,4,5,4,4,4,4,4,4,5,3.85,72,83,TRUE
Female,Loyal Customer,65,Personal Travel,Eco,677,2,5,1,4,1,5,2,1,1,1,1,3,2,2.23,0,0,FALSE
Male,Disloyal Customer,25,Business Travel,Eco,78,3,3,3,4,5,3,5,5,4,4,3,2,5,3.77,0,0,FALSE
Female,Disloyal Customer,28,Business Travel,Business,802,0,0,0,2,2,0,2,2,4,4,5,4,2,2.08,1,34,TRUE
Female,Loyal Customer,17,Business Travel,Business,1500,5,5,2,5,4,4,4,4,5,4,5,3,4,4.15,95,84,TRUE
Male,Disloyal Customer,20,Business Travel,Eco,228,5,0,5,3,5,5,5,5,4,3,4,5,5,4.15,0,0,TRUE
Male,Loyal Customer,36,Personal Travel,Eco,2153,2,4,2,4,2,2,2,2,3,1,2,3,2,2.38,0,38,FALSE
Male,Loyal Customer,17,Personal Travel,Eco,680,3,4,3,5,2,3,2,2,5,4,4,4,2,3.31,0,0,FALSE
Male,Loyal Customer,70,Personal Travel,Eco,325,3,2,3,3,3,3,3,3,4,1,3,3,3,2.85,0,0,FALSE
Female,Loyal Customer,34,Personal Travel,Eco,853,3,4,3,4,2,3,1,2,5,5,4,5,2,3.31,0,2,FALSE
Female,Disloyal Customer,23,Business Travel,Business,442,5,0,5,1,1,5,1,1,4,3,4,4,1,2.69,15,8,TRUE
Male,Loyal Customer,70,Personal Travel,Eco,946,1,4,1,5,4,1,1,4,3,4,3,4,4,3,0,1,FALSE
Female,Loyal Customer,31,Business Travel,Business,3348,3,3,3,3,5,5,5,5,3,4,5,5,5,4.15,0,0,TRUE
Male,Loyal Customer,61,Business Travel,Eco,667,3,4,2,4,3,3,3,3,4,3,2,2,3,3,0,5,FALSE
Female,Loyal Customer,58,Personal Travel,Eco,501,3,1,3,2,5,2,3,5,5,3,4,4,2,3.23,0,0,FALSE
Male,Loyal Customer,27,Business Travel,Business,1721,5,5,5,5,5,5,5,5,3,2,4,2,5,4.31,0,0,TRUE
Male,Loyal Customer,23,Personal Travel,Eco,636,1,5,1,2,2,1,2,2,3,3,5,3,2,2.46,0,0,FALSE
Female,Loyal Customer,54,Business Travel,Business,1379,2,2,2,2,4,4,4,4,4,4,4,4,3,3.31,0,1,TRUE
Male,Loyal Customer,19,Personal Travel,Eco,822,2,2,2,3,1,2,1,1,3,2,3,2,1,1.92,0,0,FALSE
Female,Loyal Customer,35,Business Travel,Business,2445,2,2,2,2,1,5,2,5,5,5,5,5,4,3.46,0,24,TRUE
Male,Loyal Customer,32,Business Travel,Eco,1750,2,2,2,2,2,2,2,2,4,1,2,2,2,2.08,7,13,FALSE
Male,Loyal Customer,11,Personal Travel,Eco,1121,3,4,3,4,2,3,5,2,3,3,4,3,2,3.15,3,0,FALSE
Female,Loyal Customer,38,Personal Travel,Eco,867,2,4,2,3,3,2,4,3,5,4,5,4,3,3.38,0,0,FALSE
Male,Loyal Customer,20,Business Travel,Business,228,3,1,1,1,3,3,3,3,4,5,4,4,3,2.92,0,0,FALSE
Female,Disloyal Customer,38,Business Travel,Eco,575,2,4,2,2,5,2,5,5,1,2,4,3,5,3.23,0,0,FALSE
Male,Loyal Customer,53,Business Travel,Business,2527,3,3,3,3,3,4,4,5,5,5,5,5,5,4.08,0,0,TRUE
Male,Loyal Customer,32,Business Travel,Eco,980,1,3,3,3,1,1,1,1,1,1,4,1,1,1.69,0,0,FALSE
Male,Loyal Customer,49,Business Travel,Business,2770,3,3,3,3,4,4,4,3,3,3,3,1,2,3,27,37,FALSE
Male,Loyal Customer,30,Personal Travel,Eco,216,3,2,3,4,1,3,3,1,2,2,3,1,1,2.23,0,0,FALSE
Female,Disloyal Customer,26,Business Travel,Eco,317,1,3,1,3,2,1,2,2,3,5,3,2,2,2.31,0,6,FALSE
Male,Disloyal Customer,23,Business Travel,Eco,853,2,1,1,2,5,1,5,5,1,2,1,5,5,2.77,3,10,FALSE
Male,Loyal Customer,46,Business Travel,Eco,1050,2,3,2,2,2,2,2,2,1,5,2,4,2,2.38,112,97,FALSE
Female,Loyal Customer,63,Personal Travel,Eco,271,2,0,2,1,5,5,4,1,1,2,1,3,3,2.31,6,3,FALSE
Female,Loyal Customer,44,Business Travel,Business,1444,5,5,5,5,2,5,4,4,4,4,4,3,5,4.23,96,97,TRUE
Male,Loyal Customer,31,Business Travel,Business,647,4,4,5,5,4,4,4,4,1,1,4,1,4,3.46,0,0,FALSE
Male,Loyal Customer,59,Business Travel,Business,189,3,1,3,3,5,5,5,4,4,4,5,3,3,3.69,1,2,TRUE
Female,Loyal Customer,65,Personal Travel,Eco,515,3,4,3,4,4,4,5,3,3,3,3,3,4,3.54,11,0,FALSE
Male,Loyal Customer,47,Business Travel,Eco,237,2,2,3,2,2,2,2,2,4,4,3,1,2,2.38,0,0,FALSE
Male,Loyal Customer,58,Personal Travel,Eco,458,2,5,2,3,1,2,1,1,3,4,5,3,1,2.54,0,0,FALSE
Male,Loyal Customer,26,Business Travel,Eco,862,4,1,1,1,4,4,5,4,2,2,3,2,4,2.85,0,0,TRUE
Female,Loyal Customer,51,Business Travel,Business,441,3,3,3,3,5,4,5,5,5,5,5,4,3,4.08,0,0,TRUE
Male,Loyal Customer,39,Business Travel,Business,3170,1,1,3,1,2,2,2,4,2,4,5,2,2,2.38,350,318,TRUE
Female,Loyal Customer,29,Personal Travel,Eco,474,3,3,3,2,3,3,3,3,2,2,1,3,3,2.62,0,4,FALSE
Male,Loyal Customer,51,Business Travel,Business,3248,2,2,2,2,4,5,4,4,4,4,4,5,4,3.54,20,0,TRUE
Female,Loyal Customer,47,Business Travel,Business,2556,5,5,5,5,4,4,4,4,4,4,3,4,4,4.23,0,0,TRUE
Female,Loyal Customer,31,Business Travel,Business,1590,2,2,2,2,5,5,5,5,5,2,5,4,5,3.77,19,1,TRUE
Female,Loyal Customer,35,Business Travel,Business,261,0,0,0,2,5,3,2,2,2,2,2,5,4,2.23,44,58,TRUE
Male,Loyal Customer,40,Personal Travel,Eco,912,2,4,2,3,2,2,3,2,3,2,4,3,2,2.62,0,3,FALSE
Male,Loyal Customer,36,Personal Travel,Eco,1825,1,4,2,4,1,2,1,1,4,3,4,4,1,2.46,0,0,FALSE
Male,Loyal Customer,53,Business Travel,Business,239,2,2,2,2,4,5,5,5,5,5,5,3,3,3.69,0,0,TRUE
Female,Loyal Customer,26,Business Travel,Business,1089,4,4,4,4,5,5,5,5,3,2,5,3,5,4.15,0,0,TRUE
Female,Loyal Customer,32,Business Travel,Eco,2496,5,1,1,1,5,5,5,3,4,4,1,5,5,3.46,0,0,TRUE
Female,Loyal Customer,17,Personal Travel,Eco,448,1,4,1,3,2,1,1,2,4,5,4,5,2,2.69,0,0,FALSE
Female,Loyal Customer,43,Business Travel,Business,2446,1,1,1,1,4,5,2,5,5,5,5,3,4,3.23,19,0,TRUE
Female,Loyal Customer,61,Personal Travel,Eco,983,3,4,3,2,3,4,5,2,2,3,2,4,4,3.15,0,0,FALSE
Female,Disloyal Customer,23,Business Travel,Eco,67,5,0,5,5,5,5,5,5,2,5,5,5,5,4.38,15,6,TRUE
Female,Loyal Customer,62,Personal Travel,Eco,862,1,5,0,4,3,4,4,4,4,0,4,4,3,3.08,0,0,FALSE
Male,Disloyal Customer,18,Business Travel,Business,937,5,0,4,2,3,4,3,3,3,2,5,3,3,3.08,3,0,TRUE
Male,Loyal Customer,60,Business Travel,Business,588,5,5,5,5,2,5,4,5,5,5,5,5,5,4.69,0,3,TRUE
Male,Loyal Customer,20,Personal Travel,Eco,280,2,4,2,5,1,2,5,1,4,5,4,5,1,3.15,0,46,FALSE
Female,Loyal Customer,41,Business Travel,Business,3130,4,5,5,5,4,3,4,4,4,4,4,3,4,4.08,0,0,FALSE
Male,Loyal Customer,19,Personal Travel,Eco,942,2,4,2,4,5,2,4,5,5,4,3,1,5,3.54,14,20,FALSE
Female,Loyal Customer,54,Business Travel,Business,2652,1,4,4,4,2,4,3,2,2,2,1,2,4,2.69,0,0,FALSE
Female,Loyal Customer,40,Business Travel,Business,1126,1,1,2,1,5,5,4,5,5,5,5,4,5,3.69,14,14,TRUE
Male,Disloyal Customer,30,Business Travel,Business,679,4,3,3,2,4,3,4,4,4,3,4,3,4,3.46,0,0,TRUE
Female,Loyal Customer,36,Business Travel,Business,2554,5,5,5,5,2,3,4,4,4,4,4,3,5,4.08,29,25,TRUE
Male,Loyal Customer,30,Business Travel,Business,3023,2,5,5,5,2,2,2,2,2,2,4,4,2,3,4,0,FALSE
Female,Loyal Customer,16,Personal Travel,Eco,408,2,1,2,4,2,2,2,2,1,1,3,1,2,1.92,0,0,FALSE
Female,Loyal Customer,48,Business Travel,Business,528,1,1,1,1,4,5,5,4,4,5,4,4,4,3.31,53,48,TRUE
Female,Loyal Customer,57,Business Travel,Business,1009,2,2,2,2,4,5,5,5,5,5,5,5,4,3.92,0,0,TRUE
Male,Loyal Customer,38,Personal Travel,Eco,581,1,5,1,1,4,1,4,4,3,5,5,3,4,3.15,0,0,FALSE
Male,Disloyal Customer,37,Business Travel,Eco Plus,109,3,3,3,3,5,3,5,5,2,1,3,4,5,3.46,103,95,FALSE
Female,Loyal Customer,47,Business Travel,Business,1723,2,2,2,2,4,5,5,5,5,5,5,4,5,3.92,0,23,TRUE
Female,Loyal Customer,30,Business Travel,Eco,866,4,2,2,2,4,4,4,4,4,4,2,1,4,3.15,5,0,TRUE
Female,Disloyal Customer,30,Business Travel,Eco,682,2,2,2,1,2,2,2,2,2,1,2,4,2,2,0,0,FALSE
Female,Disloyal Customer,25,Business Travel,Business,1258,3,0,3,3,3,3,3,3,4,2,4,1,3,2.69,0,11,FALSE
Male,Loyal Customer,57,Personal Travel,Eco,842,4,5,4,5,1,4,1,1,4,5,4,3,1,3.23,92,102,FALSE
Male,Loyal Customer,67,Personal Travel,Eco Plus,201,2,5,0,4,3,0,3,3,3,2,1,2,3,2.38,0,8,FALSE
Female,Loyal Customer,64,Business Travel,Eco,1099,1,2,2,2,4,4,3,1,1,1,1,1,1,1.85,0,0,FALSE
Male,Loyal Customer,65,Personal Travel,Business,1598,2,5,2,4,4,4,4,2,2,2,2,3,3,3,0,0,FALSE
Male,Loyal Customer,44,Business Travel,Business,1197,2,2,2,2,1,3,4,2,2,2,2,4,1,2.23,0,0,FALSE
Male,Loyal Customer,12,Personal Travel,Eco,190,2,2,0,4,3,0,2,3,4,4,3,1,3,2.38,0,8,FALSE
Female,Loyal Customer,37,Business Travel,Business,1827,2,2,2,2,3,3,3,2,2,2,2,3,2,2.31,0,2,FALSE
Female,Disloyal Customer,21,Business Travel,Eco,964,3,3,3,1,1,3,1,1,4,3,4,3,1,2.38,0,0,FALSE
Male,Loyal Customer,51,Business Travel,Eco Plus,1726,2,3,3,3,2,2,2,2,1,5,4,4,2,2.69,0,0,FALSE
Male,Loyal Customer,18,Business Travel,Business,1717,1,4,4,4,1,1,1,1,2,1,4,2,1,2.08,0,0,FALSE
Female,Loyal Customer,48,Personal Travel,Eco,862,2,4,2,3,4,5,4,1,1,2,1,4,4,2.85,13,4,FALSE
Male,Loyal Customer,9,Business Travel,Business,1205,4,4,5,4,4,4,4,4,4,2,5,5,4,4.08,0,0,TRUE
Male,Loyal Customer,42,Business Travel,Eco,226,3,1,1,1,3,3,3,3,2,2,2,4,3,2.38,0,0,FALSE
Male,Loyal Customer,60,Business Travel,Business,116,2,2,2,2,3,5,5,4,4,4,3,1,3,3.08,0,0,TRUE
Male,Loyal Customer,33,Business Travel,Business,1499,4,4,4,4,3,3,3,3,3,5,2,3,3,3.38,14,13,TRUE
Male,Loyal Customer,9,Personal Travel,Eco,295,4,4,4,2,5,4,5,5,4,3,5,5,5,4.23,0,7,FALSE
Male,Disloyal Customer,46,Business Travel,Eco,383,2,4,2,4,2,1,3,2,4,2,2,3,3,2.62,231,225,FALSE
Male,Loyal Customer,45,Business Travel,Business,3126,1,1,3,1,5,5,5,5,4,4,4,5,5,3.69,159,151,TRUE
Male,Loyal Customer,22,Personal Travel,Eco Plus,1399,1,3,1,4,3,1,3,3,2,3,4,1,3,2.46,6,0,FALSE
Male,Loyal Customer,58,Business Travel,Business,651,5,5,5,5,4,5,5,4,4,4,4,5,4,4.54,8,5,TRUE
Female,Disloyal Customer,28,Business Travel,Business,1723,1,1,1,2,3,1,3,3,5,5,4,3,3,2.69,2,0,FALSE
Male,Loyal Customer,61,Personal Travel,Eco,1197,4,4,4,1,2,4,2,2,4,5,5,2,2,3.15,0,20,FALSE
Female,Loyal Customer,47,Business Travel,Eco,838,3,5,5,5,1,4,3,3,3,3,3,3,2,3.31,0,0,FALSE
Male,Disloyal Customer,23,Business Travel,Eco,563,4,5,4,1,4,4,4,4,2,4,5,3,4,3.69,5,0,FALSE
Male,Loyal Customer,45,Business Travel,Business,468,3,3,3,3,5,5,4,5,5,5,5,5,5,4.31,0,0,TRUE
Female,Loyal Customer,38,Business Travel,Business,693,1,1,5,1,1,3,3,1,1,1,1,4,3,2,7,2,FALSE
Male,Loyal Customer,52,Business Travel,Business,2832,2,2,2,2,3,4,5,5,5,5,5,5,5,3.85,0,0,TRUE
Male,Loyal Customer,46,Business Travel,Business,2461,5,4,5,5,2,5,5,5,5,5,5,5,4,4.62,48,38,TRUE
Male,Loyal Customer,65,Business Travel,Business,2035,1,1,1,1,3,5,5,5,5,5,5,5,3,3.46,5,0,TRUE
Male,Loyal Customer,34,Business Travel,Business,2530,4,5,5,5,1,3,3,4,4,3,4,2,1,3.38,0,0,FALSE
Male,Loyal Customer,45,Business Travel,Business,473,5,5,5,5,5,5,5,4,4,5,4,3,3,4.46,0,0,TRUE
Male,Loyal Customer,38,Business Travel,Eco,192,5,2,2,2,5,5,5,5,4,5,1,3,5,3.77,5,5,TRUE
Female,Loyal Customer,28,Business Travel,Business,746,3,3,3,3,5,5,5,5,5,2,5,2,5,3.92,9,0,TRUE
Female,Disloyal Customer,25,Business Travel,Business,728,3,5,3,5,2,3,2,2,5,2,5,4,2,3.31,0,0,FALSE
Female,Loyal Customer,56,Personal Travel,Eco,2419,2,5,2,2,5,4,5,2,2,2,2,3,3,3,0,0,FALSE
Female,Disloyal Customer,29,Business Travel,Business,453,4,4,4,4,1,4,4,1,4,4,5,3,1,3.31,2,0,FALSE
Female,Loyal Customer,38,Business Travel,Business,3495,5,5,5,5,3,5,5,3,3,4,4,5,4,4.31,0,0,TRUE
Male,Disloyal Customer,30,Business Travel,Business,646,5,5,5,3,3,5,3,3,5,3,4,3,3,3.85,0,0,TRUE
Male,Loyal Customer,43,Business Travel,Business,1604,3,2,2,2,2,2,2,3,3,3,3,3,3,2.54,72,73,FALSE
Male,Loyal Customer,16,Personal Travel,Eco,157,4,5,4,5,3,4,3,3,3,4,4,5,3,3.85,0,0,FALSE
Male,Loyal Customer,42,Business Travel,Business,1325,2,1,2,2,3,4,4,2,2,2,2,5,4,2.69,0,0,TRUE
Female,Loyal Customer,62,Business Travel,Eco,414,3,2,2,2,1,4,3,3,3,3,3,4,3,2.77,0,0,FALSE
Female,Loyal Customer,35,Business Travel,Business,1676,0,0,0,4,5,5,4,5,5,5,5,3,5,3.54,48,43,TRUE
Female,Loyal Customer,58,Business Travel,Business,2945,4,4,4,4,3,5,5,5,5,5,5,5,3,4.38,11,7,TRUE
Male,Loyal Customer,33,Personal Travel,Eco,1448,3,5,3,1,2,3,2,2,2,4,2,4,2,2.69,0,0,FALSE
Male,Loyal Customer,58,Business Travel,Business,2454,5,1,5,5,4,4,4,4,4,4,4,4,4,4,16,26,TRUE
Male,Disloyal Customer,25,Business Travel,Eco,425,3,0,3,3,4,3,4,4,3,4,4,1,4,3.08,77,87,FALSE
Male,Disloyal Customer,21,Business Travel,Business,337,5,0,4,2,3,4,3,3,4,5,5,3,3,3.38,0,0,TRUE
Male,Disloyal Customer,22,Business Travel,Eco,163,4,4,4,1,4,4,3,4,4,5,2,4,4,3.62,0,0,TRUE
Male,Loyal Customer,46,Personal Travel,Eco,304,2,1,1,2,3,1,3,3,4,2,2,3,3,2.31,0,0,FALSE
Male,Loyal Customer,44,Business Travel,Business,562,4,4,4,4,3,4,5,4,4,4,4,3,5,4,0,11,TRUE
Female,Loyal Customer,68,Personal Travel,Eco,641,3,5,2,2,2,4,5,1,1,2,1,4,4,2.77,15,0,FALSE
Female,Loyal Customer,40,Business Travel,Eco Plus,174,1,4,4,4,1,1,1,1,1,2,3,4,1,2.15,0,0,FALSE
Male,Loyal Customer,24,Business Travel,Business,2233,1,1,1,1,4,4,4,4,3,4,1,2,4,2.62,0,0,TRUE
Male,Loyal Customer,9,Personal Travel,Eco,541,2,5,2,1,3,2,3,3,5,2,5,4,3,3.08,0,0,FALSE
Female,Loyal Customer,36,Personal Travel,Eco,546,3,4,3,4,5,3,5,5,4,3,4,1,5,3.77,16,9,FALSE
Female,Loyal Customer,33,Business Travel,Business,200,3,3,3,3,4,2,5,4,4,4,5,4,5,3.77,0,0,TRUE
Male,Loyal Customer,15,Personal Travel,Eco,414,2,4,2,4,4,2,4,4,5,5,5,2,4,3.62,23,14,FALSE
Female,Loyal Customer,26,Personal Travel,Eco,386,1,4,1,1,3,1,3,3,5,5,3,2,3,2.69,7,2,FALSE
Male,Loyal Customer,27,Personal Travel,Eco,1258,4,5,4,3,3,4,4,3,3,5,5,5,3,3.92,5,0,TRUE
Male,Loyal Customer,11,Personal Travel,Eco,119,2,5,2,3,4,2,4,4,1,3,4,2,4,3.08,0,0,FALSE
Female,Loyal Customer,7,Personal Travel,Eco Plus,2614,2,5,2,2,2,4,4,4,5,3,4,4,4,3.46,0,0,FALSE
Female,Loyal Customer,27,Business Travel,Business,3277,2,2,2,2,5,5,5,5,4,5,2,5,5,3.77,4,3,TRUE
Female,Loyal Customer,42,Business Travel,Eco,192,4,1,1,1,1,3,3,4,4,4,4,1,5,2.77,0,0,TRUE
Female,Disloyal Customer,23,Business Travel,Eco,534,3,2,3,4,4,3,4,4,2,2,3,2,4,3.08,0,0,FALSE
Male,Loyal Customer,59,Business Travel,Business,602,3,3,3,3,2,4,5,4,4,4,4,3,5,3.62,19,7,TRUE
Male,Loyal Customer,55,Personal Travel,Eco,529,4,5,4,2,1,4,1,1,5,2,4,3,1,2.85,0,0,TRUE
Female,Disloyal Customer,24,Business Travel,Eco,883,4,4,4,2,1,4,1,1,5,5,5,3,1,3.08,0,0,FALSE
Male,Loyal Customer,8,Business Travel,Eco Plus,948,3,3,5,5,3,3,2,3,4,5,4,1,3,3.38,0,0,FALSE
Male,Loyal Customer,40,Business Travel,Business,3434,3,3,3,3,4,4,4,4,4,4,4,5,3,3.69,0,9,TRUE
Female,Loyal Customer,38,Business Travel,Eco,370,4,4,4,4,4,4,4,4,2,2,4,4,4,3.69,0,11,TRUE
Male,Loyal Customer,65,Personal Travel,Eco,631,2,3,2,2,1,2,2,1,4,3,3,4,1,2.31,0,8,FALSE
Male,Loyal Customer,7,Personal Travel,Eco,468,3,4,3,3,1,3,2,1,4,3,5,5,1,2.92,0,0,FALSE
Male,Disloyal Customer,34,Business Travel,Business,794,1,0,0,5,0,3,4,3,2,5,5,4,4,2.77,64,134,FALSE
Female,Loyal Customer,13,Business Travel,Business,2422,1,1,1,1,3,2,3,3,4,3,3,4,3,2.46,0,0,TRUE
Male,Loyal Customer,45,Business Travel,Business,1371,4,4,4,4,5,4,4,3,3,4,3,4,3,3.77,22,19,TRUE
Female,Loyal Customer,41,Business Travel,Business,546,1,1,1,1,4,4,4,4,4,4,4,3,4,3,55,51,TRUE
Female,Loyal Customer,30,Business Travel,Business,3371,4,4,4,4,4,4,4,4,5,5,5,5,4,4.31,100,101,TRUE
Female,Loyal Customer,43,Business Travel,Business,3845,2,2,2,2,2,4,4,5,5,5,5,3,4,3.46,43,47,TRUE
Male,Loyal Customer,49,Business Travel,Business,3979,2,2,2,2,3,4,4,5,5,5,5,3,5,3.62,0,0,TRUE
Male,Loyal Customer,57,Business Travel,Business,3449,2,2,3,2,5,5,4,4,4,4,4,3,5,3.62,0,0,TRUE
Male,Loyal Customer,57,Business Travel,Business,745,3,3,3,3,5,4,4,3,3,3,3,2,2,3.15,26,17,FALSE
Male,Loyal Customer,35,Business Travel,Business,179,1,1,1,1,1,1,5,4,4,4,5,2,3,2.54,0,0,TRUE
Female,Loyal Customer,60,Business Travel,Business,2067,5,5,5,5,2,5,4,5,5,5,5,4,5,4.62,0,0,TRUE
Female,Loyal Customer,10,Personal Travel,Eco,645,1,5,1,3,4,1,4,4,1,1,4,2,4,2.69,0,0,FALSE
Female,Disloyal Customer,39,Business Travel,Business,413,4,4,4,2,1,4,1,1,2,2,2,3,1,2.38,1,0,FALSE
Male,Disloyal Customer,42,Business Travel,Business,224,3,3,3,1,5,3,2,5,2,1,5,2,5,3.08,0,0,FALSE
Female,Loyal Customer,14,Business Travel,Business,3883,2,4,4,4,2,2,2,2,3,2,3,2,2,2.62,0,21,FALSE
Female,Loyal Customer,43,Business Travel,Business,2279,3,3,3,3,2,3,5,4,4,4,4,5,4,3.62,0,0,TRUE
Male,Loyal Customer,63,Business Travel,Eco Plus,2422,1,1,1,1,1,1,1,4,4,4,3,1,1,1.85,0,0,FALSE
Male,Loyal Customer,46,Business Travel,Eco,651,5,4,4,4,4,5,4,4,3,1,5,3,4,3.85,0,2,TRUE
Male,Loyal Customer,39,Business Travel,Business,251,4,5,4,4,3,4,5,4,4,4,4,4,3,4,0,0,TRUE
Female,Loyal Customer,40,Business Travel,Business,188,5,5,5,5,1,3,4,4,4,4,4,4,5,4.08,0,0,TRUE
Female,Loyal Customer,7,Personal Travel,Eco Plus,2611,2,4,2,3,2,2,2,4,5,4,3,2,2,2.85,36,16,FALSE
Male,Loyal Customer,53,Business Travel,Business,2586,5,5,5,5,4,4,4,3,2,4,5,4,4,4.15,0,5,TRUE
Male,Loyal Customer,34,Personal Travel,Eco,2399,2,4,2,5,4,2,4,4,4,2,5,3,4,3.46,7,0,FALSE
Female,Loyal Customer,58,Business Travel,Business,3147,2,2,2,2,3,5,4,4,4,5,4,3,4,3.38,8,0,TRUE
Female,Loyal Customer,37,Business Travel,Business,342,1,1,1,1,5,4,5,4,4,4,4,3,5,3.23,0,0,TRUE
Male,Loyal Customer,19,Personal Travel,Eco,721,4,5,4,4,2,4,2,2,5,5,4,3,2,3.54,10,0,FALSE
Male,Loyal Customer,60,Business Travel,Business,2638,1,1,1,1,5,5,5,5,5,4,5,5,3,3.54,9,0,TRUE
Female,Loyal Customer,58,Personal Travel,Eco Plus,761,1,4,1,3,4,4,5,3,3,1,3,5,4,3.15,19,13,FALSE
Female,Loyal Customer,49,Business Travel,Business,2125,4,4,4,4,2,5,4,4,4,4,4,5,4,4,0,0,TRUE
Female,Loyal Customer,20,Personal Travel,Eco,909,1,3,1,4,4,1,4,4,1,2,4,2,4,2.69,0,0,FALSE
Male,Loyal Customer,46,Business Travel,Eco,641,1,5,5,5,1,1,1,1,2,3,4,2,1,2.46,28,36,FALSE
Male,Loyal Customer,47,Business Travel,Eco Plus,528,3,3,3,3,3,3,3,3,4,3,2,3,3,3,205,187,FALSE
Female,Loyal Customer,38,Personal Travel,Eco,622,3,4,3,4,2,3,2,2,2,2,3,3,2,2.69,0,0,FALSE
Male,Loyal Customer,21,Business Travel,Business,1620,5,5,5,5,3,4,3,3,3,5,4,4,3,4,0,0,TRUE
Female,Disloyal Customer,46,Business Travel,Business,1142,3,2,2,2,1,3,4,1,4,5,4,3,1,2.69,0,0,FALSE
Male,Loyal Customer,63,Business Travel,Eco Plus,2704,1,0,0,3,1,5,5,2,2,3,3,5,5,2.69,3,0,FALSE
Female,Disloyal Customer,35,Business Travel,Eco,493,2,1,2,4,5,2,5,5,4,4,4,1,5,3.38,4,3,FALSE
Male,Loyal Customer,70,Personal Travel,Eco,347,3,4,3,2,1,3,1,1,3,3,5,4,1,2.62,0,1,FALSE
Male,Loyal Customer,66,Personal Travel,Eco,761,5,5,5,5,4,5,4,4,3,4,4,5,4,4.38,35,28,TRUE
Female,Disloyal Customer,20,Business Travel,Eco,414,3,0,2,4,2,3,4,3,2,4,4,4,4,3,169,172,FALSE
Female,Loyal Customer,29,Business Travel,Business,2691,4,4,5,4,4,3,4,4,4,5,4,5,4,4.15,0,0,TRUE
Female,Loyal Customer,16,Personal Travel,Eco,1048,2,5,2,3,2,2,2,2,5,4,4,5,2,3.08,36,35,FALSE
Female,Loyal Customer,50,Business Travel,Eco,2125,3,2,2,2,2,4,4,3,3,3,3,4,4,3,57,53,FALSE
Female,Loyal Customer,33,Business Travel,Business,1846,3,3,3,3,5,4,4,3,3,3,3,2,1,3.08,0,20,FALSE
Female,Loyal Customer,57,Personal Travel,Eco,2106,2,3,2,2,2,3,3,1,1,2,1,1,1,1.85,0,0,FALSE
Male,Loyal Customer,46,Business Travel,Business,3867,2,2,2,2,3,4,5,5,5,5,5,3,5,3.69,0,0,TRUE
Female,Loyal Customer,40,Business Travel,Business,2527,3,3,3,3,4,4,4,4,4,4,4,3,1,3.38,0,13,TRUE
Female,Loyal Customer,45,Business Travel,Business,2434,3,3,3,3,3,3,3,2,5,2,4,3,3,3.08,0,0,FALSE
Male,Loyal Customer,68,Business Travel,Eco,639,3,2,1,2,4,3,4,4,1,5,5,5,4,3.31,0,0,TRUE
Female,Loyal Customer,51,Business Travel,Business,2236,1,1,1,1,2,4,4,4,4,4,4,3,5,2.92,7,0,TRUE
Male,Loyal Customer,59,Business Travel,Business,332,2,2,2,2,5,4,5,5,5,5,5,5,3,3.85,0,0,TRUE
Female,Loyal Customer,44,Business Travel,Business,1545,3,3,3,3,3,4,4,5,5,5,5,4,3,3.85,0,2,TRUE
Male,Loyal Customer,12,Personal Travel,Eco,2125,3,4,4,4,3,4,3,3,3,1,3,3,3,3.15,18,23,FALSE
Male,Loyal Customer,22,Business Travel,Business,2079,1,1,1,1,4,4,4,4,5,4,3,5,4,3.15,22,1,TRUE
Female,Disloyal Customer,16,Business Travel,Eco,997,3,3,3,3,4,3,2,4,3,4,5,3,4,3.38,0,0,FALSE
Male,Loyal Customer,41,Business Travel,Business,406,3,3,3,3,4,5,4,2,2,2,2,5,3,3.15,0,0,TRUE
Male,Disloyal Customer,49,Business Travel,Eco,1294,2,2,2,3,4,2,2,4,4,3,3,3,4,2.92,17,17,FALSE
Female,Loyal Customer,51,Business Travel,Eco,670,3,5,5,5,1,3,4,3,3,3,3,4,4,3.54,2,0,FALSE
Male,Loyal Customer,10,Personal Travel,Eco,342,3,4,3,3,3,3,1,3,4,5,5,5,3,3.46,0,0,FALSE
Male,Loyal Customer,36,Personal Travel,Eco,431,3,3,3,1,1,3,1,1,1,3,2,4,1,2.08,0,3,FALSE
Male,Disloyal Customer,45,Business Travel,Eco,1371,2,2,2,3,5,2,5,5,4,2,3,3,5,3.31,6,16,FALSE
Male,Loyal Customer,22,Personal Travel,Eco,342,2,2,2,2,3,2,3,3,3,3,2,3,3,2.54,1,0,FALSE
Female,Loyal Customer,45,Personal Travel,Eco,223,3,3,3,1,3,5,5,5,5,3,2,3,4,3.46,18,10,FALSE
Female,Loyal Customer,72,Business Travel,Business,2454,3,3,3,3,5,5,5,4,2,3,4,5,5,3.85,21,89,TRUE
Female,Disloyal Customer,38,Business Travel,Eco,327,3,2,3,3,4,3,3,4,2,1,4,2,4,2.92,11,19,FALSE
Male,Loyal Customer,51,Business Travel,Business,3662,3,3,3,3,5,5,4,4,4,5,4,3,3,3.77,0,0,TRUE
Male,Loyal Customer,59,Business Travel,Business,626,4,4,4,4,5,4,4,4,4,4,4,4,3,4,0,0,TRUE
Female,Loyal Customer,46,Business Travel,Business,399,1,1,1,1,2,5,5,4,4,4,4,4,3,3,0,0,TRUE
Female,Loyal Customer,76,Business Travel,Business,2062,1,5,5,5,4,3,3,1,1,1,1,3,1,2.62,0,0,FALSE
Female,Loyal Customer,61,Business Travel,Eco,224,2,3,3,3,1,4,4,3,3,2,3,1,1,2.54,0,4,FALSE
Male,Loyal Customer,26,Business Travel,Business,2448,1,1,1,1,2,2,2,2,3,5,4,5,2,2.38,0,0,TRUE
Male,Loyal Customer,13,Personal Travel,Eco,589,5,4,5,1,5,5,5,5,5,5,4,3,5,4.38,14,0,TRUE
Female,Loyal Customer,69,Personal Travel,Eco,366,2,5,5,3,5,3,3,2,2,5,2,1,4,3.23,17,40,FALSE
Female,Loyal Customer,58,Business Travel,Business,3361,1,2,2,2,5,4,3,2,2,2,1,2,1,2.23,0,0,FALSE
Female,Loyal Customer,60,Personal Travel,Eco,322,3,2,3,4,1,4,4,3,3,3,2,4,1,2.85,0,0,FALSE
Female,Loyal Customer,10,Personal Travel,Eco,460,3,4,3,4,2,3,2,2,4,5,1,2,2,2.85,0,0,FALSE
Male,Loyal Customer,48,Business Travel,Business,3156,3,3,3,3,2,5,4,4,4,4,4,5,3,3.62,36,29,TRUE
Female,Loyal Customer,58,Business Travel,Business,3584,2,4,4,4,2,4,4,2,2,2,2,3,4,3,48,32,FALSE
Female,Loyal Customer,43,Business Travel,Business,2580,4,4,4,4,2,5,5,4,4,4,4,5,4,4.08,0,0,TRUE
Female,Loyal Customer,58,Business Travel,Business,3206,4,4,4,4,4,5,5,2,2,2,2,3,5,3.54,0,12,TRUE
Female,Loyal Customer,31,Personal Travel,Eco,862,2,4,1,5,1,1,2,1,3,5,5,4,1,2.69,14,7,FALSE
Male,Loyal Customer,49,Personal Travel,Eco,67,1,4,1,4,1,1,1,1,3,2,4,4,1,2.15,13,8,FALSE
Male,Loyal Customer,35,Personal Travel,Eco,341,3,4,3,4,3,3,3,3,4,3,4,3,3,3.31,58,65,FALSE
Female,Disloyal Customer,11,Business Travel,Eco,746,5,5,5,2,4,5,4,4,5,2,5,5,4,4.23,1,1,TRUE
Female,Loyal Customer,56,Personal Travel,Business,925,2,5,2,4,2,1,1,2,2,2,2,2,1,2.15,2,0,FALSE
Female,Loyal Customer,51,Business Travel,Business,700,2,2,2,2,3,3,3,2,2,2,2,2,4,2.38,4,0,FALSE
Female,Loyal Customer,39,Business Travel,Eco,101,2,4,3,4,2,2,2,2,1,2,2,1,2,2.23,0,0,FALSE
Female,Loyal Customer,57,Business Travel,Business,3449,1,1,1,1,2,4,4,4,4,4,4,3,5,2.92,0,0,TRUE
Male,Loyal Customer,33,Business Travel,Business,3182,1,1,1,1,5,5,5,5,3,4,5,3,5,3.38,33,17,TRUE
Female,Loyal Customer,32,Personal Travel,Eco,421,1,4,1,3,1,1,2,1,2,4,4,4,1,2.23,0,0,FALSE
Female,Disloyal Customer,30,Business Travel,Business,873,3,3,3,3,2,3,2,2,4,2,4,3,2,2.77,0,0,FALSE
Male,Loyal Customer,70,Personal Travel,Eco Plus,669,3,5,2,4,2,2,2,2,5,3,4,3,2,3,0,0,FALSE
Female,Loyal Customer,17,Personal Travel,Eco,599,3,3,2,3,2,2,2,2,3,4,4,3,2,2.69,31,21,FALSE
Male,Loyal Customer,41,Business Travel,Business,2446,2,2,2,2,2,4,4,3,3,4,3,5,3,3,0,24,TRUE
Female,Disloyal Customer,50,Business Travel,Business,1535,3,3,3,4,3,3,3,3,3,2,5,5,3,3.31,0,0,FALSE
Female,Loyal Customer,52,Business Travel,Business,2176,3,3,3,3,2,4,5,3,3,4,3,3,3,3.23,0,0,TRUE
Male,Loyal Customer,36,Business Travel,Business,440,2,3,3,3,5,4,3,2,2,2,2,2,4,2.85,4,0,FALSE
Male,Disloyal Customer,37,Business Travel,Business,1062,1,1,1,3,4,1,5,4,5,2,4,5,4,3.08,0,11,FALSE
Male,Disloyal Customer,25,Business Travel,Business,1173,4,5,4,1,5,4,5,5,5,4,5,4,5,4.31,45,42,TRUE
Female,Loyal Customer,49,Personal Travel,Eco,241,1,5,1,4,2,4,4,3,3,1,3,3,4,2.92,0,0,FALSE
Male,Loyal Customer,29,Business Travel,Business,3455,5,5,5,5,4,4,4,4,3,3,5,5,4,4.31,0,0,TRUE
Female,Disloyal Customer,44,Business Travel,Eco,1167,1,1,1,2,1,1,1,1,4,3,5,2,1,1.85,0,0,FALSE
Female,Loyal Customer,30,Business Travel,Eco,236,4,3,3,3,4,4,4,4,1,1,3,2,4,3.08,0,0,TRUE
Male,Loyal Customer,23,Personal Travel,Eco,594,1,4,1,1,2,1,2,2,1,4,1,4,2,2,78,67,FALSE
Male,Loyal Customer,7,Personal Travel,Eco Plus,1015,3,1,3,3,3,3,3,3,4,2,4,3,3,2.92,4,0,FALSE
Female,Loyal Customer,38,Business Travel,Business,2351,3,3,3,3,2,4,3,5,5,5,5,5,4,3.85,4,0,TRUE
Female,Disloyal Customer,29,Business Travel,Business,925,4,4,4,2,1,4,1,1,5,3,4,4,1,2.92,0,83,TRUE
Male,Loyal Customer,42,Business Travel,Business,2352,2,5,5,5,1,4,4,3,3,2,2,1,4,3.15,0,6,FALSE
Female,Disloyal Customer,21,Business Travel,Eco,1476,4,4,4,2,4,4,3,4,5,2,4,2,4,3.54,6,4,FALSE
Male,Loyal Customer,19,Personal Travel,Eco,944,1,2,1,4,5,1,5,5,1,4,4,1,5,3,0,0,FALSE
Male,Disloyal Customer,50,Business Travel,Eco,158,3,1,3,3,2,3,2,2,3,3,3,2,2,2.46,83,98,FALSE
Male,Loyal Customer,49,Personal Travel,Eco,102,1,4,1,5,4,1,4,4,3,1,4,1,4,2.85,0,1,FALSE
Female,Loyal Customer,66,Personal Travel,Eco,2466,0,4,0,5,2,5,5,5,5,0,5,4,5,3.46,0,0,TRUE
Female,Loyal Customer,24,Business Travel,Business,2118,2,2,2,2,2,2,2,2,3,2,3,3,2,2.23,123,121,FALSE
Male,Loyal Customer,33,Business Travel,Business,1666,2,2,2,2,4,4,4,4,5,2,5,3,4,3.31,0,0,TRUE
Male,Loyal Customer,25,Business Travel,Business,3680,5,5,5,5,4,4,4,4,2,4,2,4,4,4,2,1,TRUE
Female,Loyal Customer,47,Business Travel,Business,1503,2,4,4,4,5,3,2,2,2,2,2,4,1,2.85,89,75,FALSE
Female,Loyal Customer,18,Personal Travel,Eco,846,1,4,1,3,5,1,5,5,3,2,5,5,5,3.46,0,0,FALSE
Female,Loyal Customer,56,Business Travel,Business,1699,3,3,3,3,4,5,5,4,4,4,4,3,3,3.69,73,71,TRUE
Female,Loyal Customer,41,Business Travel,Business,3582,2,2,2,2,3,4,4,2,2,2,2,5,3,2.69,89,54,TRUE
Female,Loyal Customer,60,Business Travel,Eco,1389,2,4,3,4,3,4,4,2,2,2,2,1,3,2.77,18,11,FALSE
Female,Loyal Customer,32,Business Travel,Business,578,2,4,4,4,2,2,2,2,4,1,3,4,2,2.77,32,37,FALSE
Female,Loyal Customer,43,Business Travel,Business,799,2,2,5,2,3,5,1,5,5,5,5,3,2,3.46,0,0,TRUE
Female,Loyal Customer,22,Personal Travel,Eco,989,2,3,2,4,2,2,2,2,4,5,4,2,2,2.77,0,0,FALSE
Male,Loyal Customer,52,Business Travel,Eco Plus,2704,4,3,3,3,4,4,4,4,5,4,5,4,4,3.92,24,2,TRUE
Female,Disloyal Customer,66,Business Travel,Business,370,4,4,4,1,1,4,1,1,3,4,4,3,1,2.69,3,0,TRUE
Male,Loyal Customer,19,Personal Travel,Eco,783,3,5,3,2,4,3,4,4,3,5,5,4,4,3.77,16,18,FALSE
Female,Loyal Customer,17,Business Travel,Business,3545,2,2,2,2,5,5,5,5,3,2,5,4,5,3.62,0,0,TRUE
Female,Loyal Customer,60,Business Travel,Eco,1438,2,4,4,4,5,4,4,1,1,2,1,3,2,2.85,33,3,FALSE
Male,Disloyal Customer,23,Business Travel,Eco,693,2,2,2,3,3,2,3,3,2,4,3,2,3,2.62,3,1,FALSE
Male,Disloyal Customer,26,Business Travel,Business,2288,5,5,5,4,1,5,1,1,4,4,4,3,1,3.31,1,0,TRUE
Female,Loyal Customer,36,Business Travel,Business,1518,2,2,2,2,4,5,5,4,4,4,4,4,3,3.46,0,0,TRUE
Female,Loyal Customer,56,Personal Travel,Eco,315,4,5,4,3,5,4,4,3,3,4,3,3,4,3.77,0,0,FALSE
Male,Loyal Customer,29,Personal Travel,Eco,266,4,4,4,2,2,4,2,2,4,2,1,5,2,2.92,0,0,FALSE
Male,Disloyal Customer,20,Business Travel,Eco,447,2,2,2,1,4,2,4,4,2,4,2,2,4,2.69,8,0,FALSE
Female,Disloyal Customer,18,Business Travel,Eco,951,3,3,3,4,5,3,5,5,3,2,4,4,5,3.77,4,13,FALSE
Female,Loyal Customer,47,Business Travel,Business,854,4,4,4,4,5,5,5,4,4,5,4,5,5,4.46,0,9,TRUE
Female,Loyal Customer,44,Business Travel,Business,1481,1,1,5,1,5,5,5,4,4,4,4,5,4,3.69,0,0,TRUE
Male,Loyal Customer,27,Personal Travel,Eco,403,3,5,3,4,4,3,4,4,3,4,4,5,4,3.85,0,0,FALSE
Male,Loyal Customer,31,Business Travel,Eco Plus,1874,2,1,1,1,2,3,2,2,1,2,2,2,2,1.77,1,24,FALSE
Male,Loyal Customer,52,Business Travel,Business,2342,3,5,1,5,3,3,3,2,4,3,4,3,3,3.23,0,7,FALSE
Female,Loyal Customer,23,Personal Travel,Eco,862,3,4,3,4,5,3,5,5,4,4,4,5,5,4.15,70,74,FALSE
Male,Disloyal Customer,44,Business Travel,Business,2075,3,3,3,3,2,3,5,2,4,5,3,4,2,3.23,0,0,FALSE
Male,Loyal Customer,47,Business Travel,Business,1444,1,1,1,1,5,5,4,5,5,5,5,4,4,3.54,0,2,TRUE
Female,Loyal Customer,43,Business Travel,Business,1440,3,1,1,1,1,3,3,3,3,3,3,4,2,2.38,17,14,FALSE
Male,Loyal Customer,51,Business Travel,Business,3420,2,5,5,5,5,4,4,2,2,2,2,3,2,3.31,0,0,FALSE
Male,Loyal Customer,51,Business Travel,Business,1650,3,3,3,3,2,4,5,5,5,5,4,3,4,3.77,27,29,TRUE
Female,Disloyal Customer,34,Business Travel,Eco,406,2,0,2,3,2,2,2,2,2,3,3,4,2,2.23,8,7,FALSE
Female,Loyal Customer,38,Personal Travel,Eco Plus,1399,1,5,1,2,5,1,5,5,3,5,3,3,5,3.38,8,38,FALSE
Female,Disloyal Customer,36,Business Travel,Eco,541,1,4,0,3,4,0,4,4,2,2,4,4,4,2.77,1,2,FALSE
Female,Loyal Customer,10,Personal Travel,Eco,436,3,5,3,4,2,3,2,2,3,2,5,5,2,3.15,0,0,FALSE
Male,Loyal Customer,40,Personal Travel,Eco,304,1,5,1,3,4,1,4,4,3,3,4,4,4,3.15,0,0,FALSE
Female,Loyal Customer,51,Personal Travel,Eco Plus,998,2,4,2,3,2,1,5,1,1,2,1,5,4,2.54,71,69,FALSE
Male,Loyal Customer,49,Business Travel,Eco,2296,2,5,5,5,2,2,2,2,3,2,2,1,2,2.69,0,0,FALSE
Male,Disloyal Customer,22,Business Travel,Eco,551,2,4,2,2,3,2,3,3,1,1,4,2,3,2.46,0,0,FALSE
Female,Loyal Customer,62,Business Travel,Eco,130,5,1,1,1,3,1,5,3,3,5,3,3,1,2.69,4,6,TRUE
Male,Disloyal Customer,21,Business Travel,Eco,277,1,1,1,2,1,1,1,4,2,3,2,1,1,1.62,111,160,FALSE
Male,Loyal Customer,58,Business Travel,Business,479,1,1,1,1,4,4,5,3,3,4,3,5,4,3,2,0,TRUE
Female,Loyal Customer,48,Business Travel,Business,368,4,4,4,4,3,5,4,4,4,4,4,5,5,4.15,0,0,TRUE
Female,Loyal Customer,32,Business Travel,Business,1859,3,3,3,3,4,4,4,4,2,4,5,5,4,3.69,5,11,TRUE
Male,Loyal Customer,16,Business Travel,Business,862,1,0,0,4,3,0,3,3,2,5,3,1,3,2.15,0,0,FALSE
Female,Loyal Customer,50,Business Travel,Business,577,4,4,4,4,3,4,4,3,3,3,3,4,3,3.54,0,0,TRUE
Male,Loyal Customer,48,Business Travel,Business,2153,2,2,2,2,3,3,3,4,5,5,5,3,3,3.23,140,177,TRUE
Male,Loyal Customer,9,Personal Travel,Eco,1744,2,2,2,3,2,2,2,2,2,4,3,2,2,2.31,15,4,FALSE
Female,Loyal Customer,47,Personal Travel,Eco,2079,3,1,3,3,4,2,3,3,3,3,3,2,4,2.85,0,0,FALSE
Female,Loyal Customer,57,Business Travel,Business,295,2,2,2,2,3,5,4,5,5,5,5,4,5,3.77,0,0,TRUE
Male,Loyal Customer,36,Personal Travel,Eco,406,1,4,1,3,4,1,4,4,1,5,3,2,4,2.85,0,0,FALSE
Male,Loyal Customer,49,Personal Travel,Eco,1020,4,2,4,3,2,4,2,2,3,3,3,2,2,2.77,18,15,FALSE
Female,Disloyal Customer,29,Business Travel,Eco,1195,1,1,1,4,4,1,4,4,3,3,4,1,4,2.69,6,10,FALSE
Male,Loyal Customer,33,Personal Travel,Eco,319,3,4,3,3,5,3,5,5,3,5,4,1,5,3.77,0,4,FALSE
Female,Loyal Customer,50,Business Travel,Business,1024,3,4,4,4,1,4,4,3,3,3,3,2,1,3,16,2,FALSE
Male,Loyal Customer,14,Personal Travel,Eco,406,3,5,3,1,5,3,5,5,4,5,4,4,5,4,0,0,FALSE
Male,Disloyal Customer,10,Business Travel,Eco,832,3,3,3,3,3,3,3,3,1,3,4,4,3,3,5,2,FALSE
Female,Loyal Customer,14,Personal Travel,Business,351,4,2,4,4,3,4,3,3,1,2,3,3,3,3,0,0,FALSE
Female,Loyal Customer,33,Business Travel,Business,163,5,5,5,5,3,1,4,4,4,4,3,5,1,3.77,0,4,TRUE
Male,Loyal Customer,20,Business Travel,Eco,2384,3,2,2,2,3,4,5,3,3,3,5,2,3,3.08,0,0,TRUE
Male,Disloyal Customer,21,Business Travel,Eco,907,1,0,0,2,2,0,2,2,4,4,4,5,2,2.15,0,0,FALSE
Female,Loyal Customer,20,Personal Travel,Eco,577,2,4,2,4,2,2,2,2,4,4,4,5,2,3,0,0,FALSE
Female,Disloyal Customer,39,Business Travel,Business,862,3,3,3,3,4,3,4,4,3,5,5,4,4,3.69,0,0,FALSE
Female,Loyal Customer,31,Personal Travel,Eco,2402,3,5,3,4,3,3,1,3,4,5,3,3,3,3.31,0,0,FALSE
Female,Loyal Customer,34,Personal Travel,Eco,1846,3,2,3,4,5,3,1,5,1,5,3,3,5,3.31,104,104,FALSE
Male,Loyal Customer,12,Personal Travel,Eco,170,4,5,4,2,5,4,5,5,4,4,5,5,5,4.38,2,0,TRUE
Female,Loyal Customer,56,Personal Travel,Eco,999,3,5,3,3,4,5,4,4,4,3,4,3,3,3.69,67,73,FALSE
Female,Loyal Customer,37,Business Travel,Eco,580,4,2,2,2,4,4,4,4,4,2,4,1,4,3.15,0,0,TRUE
Male,Loyal Customer,40,Business Travel,Business,2263,2,2,2,2,5,4,4,4,4,4,4,4,5,3.54,0,0,TRUE
Female,Loyal Customer,48,Personal Travel,Eco,861,3,5,3,4,2,5,4,2,2,3,2,5,5,3.46,0,0,FALSE
Male,Loyal Customer,72,Business Travel,Business,2842,2,2,2,2,4,1,1,4,4,4,4,2,4,2.77,0,5,TRUE
Female,Loyal Customer,60,Business Travel,Business,2564,0,0,0,3,2,4,4,4,4,5,5,5,4,3.08,0,0,TRUE
Female,Disloyal Customer,15,Business Travel,Eco,1891,4,4,4,3,2,4,2,2,3,4,3,4,2,3.15,11,0,TRUE
Female,Loyal Customer,56,Business Travel,Business,3294,4,4,4,4,2,3,3,4,4,4,4,3,4,3.62,83,79,TRUE
Female,Loyal Customer,16,Personal Travel,Eco,602,2,5,2,5,2,2,2,2,1,3,4,1,2,2.54,0,0,FALSE
Female,Loyal Customer,52,Business Travel,Business,600,1,1,1,1,2,5,5,4,4,4,4,3,5,3.08,0,0,TRUE
Female,Loyal Customer,16,Business Travel,Eco,305,2,2,2,2,2,2,3,2,1,5,4,4,2,2.54,0,1,FALSE
Female,Loyal Customer,33,Business Travel,Business,3946,1,1,3,1,2,5,4,5,5,5,5,5,4,3.54,0,0,TRUE
Male,Loyal Customer,65,Personal Travel,Eco,483,1,3,1,4,3,1,3,3,2,4,2,4,3,2.62,0,0,FALSE
Male,Loyal Customer,36,Personal Travel,Eco,802,2,3,2,4,5,2,1,5,5,5,2,1,5,3.23,0,0,FALSE
Male,Loyal Customer,56,Business Travel,Business,2587,3,3,3,3,4,3,4,3,3,3,3,2,4,3.15,37,40,FALSE
Female,Loyal Customer,22,Personal Travel,Eco,2072,1,4,1,3,3,1,3,3,3,5,5,4,3,3,0,0,FALSE
Male,Disloyal Customer,26,Business Travel,Eco,528,1,3,1,4,3,1,3,3,1,3,4,2,3,2.46,50,54,FALSE
Female,Loyal Customer,66,Personal Travel,Eco,1587,2,4,2,5,2,3,4,5,5,2,5,5,5,3.77,0,0,FALSE
Female,Loyal Customer,30,Business Travel,Business,602,2,5,5,5,2,2,2,2,2,5,3,4,2,3.15,3,13,FALSE
Male,Loyal Customer,65,Personal Travel,Eco,257,2,5,2,5,4,2,4,4,1,1,1,1,4,2.77,0,0,FALSE
Male,Loyal Customer,38,Business Travel,Business,3383,1,5,5,5,1,3,4,1,1,1,1,3,1,2.46,18,2,FALSE
Male,Loyal Customer,39,Personal Travel,Eco Plus,312,2,5,2,1,1,2,1,1,5,5,4,5,1,2.69,0,0,FALSE
Female,Loyal Customer,36,Business Travel,Business,438,3,3,3,3,4,5,4,5,5,5,5,3,4,4,0,0,TRUE
Female,Loyal Customer,49,Business Travel,Eco,867,5,5,5,5,3,5,3,5,5,5,5,3,4,4.46,0,0,TRUE
Female,Loyal Customer,42,Personal Travel,Eco,321,4,3,4,1,1,1,5,4,4,4,4,1,4,3.08,104,90,FALSE
Female,Loyal Customer,37,Business Travel,Business,337,2,2,2,2,3,5,5,4,4,4,4,4,5,3.54,0,0,TRUE
Male,Loyal Customer,36,Business Travel,Business,3485,2,4,2,2,4,4,2,4,4,4,4,1,2,3,0,0,TRUE
Male,Disloyal Customer,40,Business Travel,Business,683,2,2,2,2,2,2,2,2,4,4,5,5,2,2.77,55,57,FALSE
Male,Loyal Customer,41,Business Travel,Eco,867,5,4,4,4,5,5,5,5,1,4,1,4,5,4,0,0,TRUE
Male,Loyal Customer,48,Personal Travel,Eco,419,3,4,3,3,2,3,2,2,4,5,3,4,2,3.08,0,22,FALSE
Female,Loyal Customer,70,Business Travel,Business,666,3,2,2,2,4,3,3,3,3,3,3,3,2,2.77,0,0,FALSE
Female,Loyal Customer,22,Business Travel,Business,641,5,5,5,5,5,5,5,5,5,2,2,5,5,4.54,96,112,TRUE
Male,Loyal Customer,25,Business Travel,Business,1642,3,3,3,3,3,4,3,3,5,4,4,3,3,3.38,19,1,TRUE
Male,Disloyal Customer,20,Business Travel,Eco,591,2,1,2,3,4,2,4,4,2,5,3,4,4,3.08,0,0,FALSE
Female,Loyal Customer,54,Business Travel,Business,3289,1,1,1,1,2,5,5,4,4,4,4,5,3,3.08,0,20,TRUE
Female,Loyal Customer,46,Personal Travel,Business,90,2,5,2,1,5,5,5,5,5,2,5,3,4,3.77,0,25,FALSE
Male,Disloyal Customer,25,Business Travel,Eco,1075,3,3,3,3,2,3,2,2,2,3,3,3,2,2.62,12,51,FALSE
Male,Loyal Customer,57,Business Travel,Eco,432,4,3,3,3,4,4,4,4,2,2,4,2,4,3.31,9,13,FALSE
Female,Loyal Customer,50,Personal Travel,Eco,356,2,4,2,4,5,4,5,4,4,2,4,3,3,3.54,0,0,FALSE
Female,Loyal Customer,47,Business Travel,Business,3743,5,5,2,5,2,5,5,4,4,4,4,4,3,4,0,0,TRUE
Female,Loyal Customer,16,Personal Travel,Eco Plus,1237,2,1,2,2,2,2,2,2,4,2,3,1,2,2.08,0,5,FALSE
Female,Loyal Customer,39,Business Travel,Business,293,2,2,2,2,3,4,5,5,5,4,5,3,5,3.62,0,0,TRUE
Male,Loyal Customer,60,Business Travel,Business,227,3,3,3,3,4,2,4,5,5,5,5,1,1,3.38,68,61,TRUE
Male,Loyal Customer,55,Business Travel,Business,2360,3,3,5,3,5,5,5,5,5,5,5,3,5,4.38,0,0,TRUE
Female,Loyal Customer,44,Business Travel,Business,1448,3,4,3,3,2,3,2,4,4,4,4,4,5,3.46,0,0,TRUE
Male,Loyal Customer,35,Personal Travel,Eco Plus,647,3,4,3,3,1,3,1,1,3,3,2,2,1,2.31,0,0,FALSE
Male,Loyal Customer,32,Personal Travel,Eco,386,2,4,2,3,2,2,2,2,4,2,5,4,2,2.77,76,74,FALSE
Female,Loyal Customer,27,Business Travel,Business,1310,2,5,2,2,5,5,5,5,3,2,4,5,5,3.85,0,3,TRUE
Male,Loyal Customer,41,Business Travel,Eco,591,2,1,1,1,2,2,2,2,1,1,1,5,2,1.77,0,0,TRUE
Male,Loyal Customer,49,Personal Travel,Eco,2442,3,4,3,4,3,3,2,4,3,3,4,2,2,3.08,110,116,FALSE
Female,Loyal Customer,57,Business Travel,Eco,216,5,5,5,5,2,5,3,5,5,5,5,1,4,4.23,0,0,TRUE
Male,Loyal Customer,60,Business Travel,Business,731,5,5,5,5,2,4,4,3,3,4,3,4,5,4,0,0,TRUE
Female,Loyal Customer,18,Personal Travel,Eco,1034,2,5,2,3,2,2,3,2,3,3,4,4,2,2.85,7,0,FALSE
Female,Loyal Customer,58,Business Travel,Business,1677,1,1,1,1,2,5,5,5,5,5,5,3,4,3.31,1,0,TRUE
Female,Loyal Customer,49,Business Travel,Eco,247,1,4,4,4,5,2,2,1,1,1,1,4,3,2.54,22,34,FALSE
Female,Loyal Customer,42,Business Travel,Business,507,3,3,3,3,3,4,3,3,3,4,3,3,4,3.23,43,12,FALSE
Male,Loyal Customer,40,Business Travel,Business,3682,4,2,4,4,5,5,5,4,4,4,4,4,4,4.08,0,0,TRUE
Female,Disloyal Customer,50,Business Travel,Eco,101,4,1,4,2,5,4,5,5,3,5,1,3,5,3.62,0,0,FALSE
Female,Loyal Customer,52,Business Travel,Business,2172,5,5,5,5,4,3,4,4,4,4,4,3,4,4.15,6,0,TRUE
Female,Loyal Customer,11,Personal Travel,Eco Plus,214,2,3,2,5,2,2,2,2,1,5,1,5,2,2.62,0,0,FALSE
Male,Loyal Customer,50,Business Travel,Business,920,4,4,4,4,5,5,5,4,4,4,4,4,4,4.23,0,0,TRUE
Male,Loyal Customer,57,Business Travel,Business,2271,2,5,5,5,4,3,2,2,2,2,2,3,4,3.15,5,52,FALSE
Male,Loyal Customer,61,Personal Travel,Eco,577,3,4,3,3,4,3,4,4,4,5,4,3,4,3.69,0,0,FALSE
Male,Loyal Customer,28,Business Travel,Eco Plus,812,2,4,4,4,2,3,2,2,4,1,3,3,2,2.77,5,0,FALSE
Male,Loyal Customer,58,Business Travel,Eco Plus,282,4,2,2,2,4,4,4,4,1,3,4,3,4,3.15,0,18,TRUE
Male,Loyal Customer,54,Business Travel,Business,1056,4,4,4,4,5,4,2,5,5,5,5,3,1,3.92,0,39,TRUE
Female,Disloyal Customer,27,Business Travel,Business,191,2,2,2,3,3,2,3,3,3,2,4,4,3,2.77,0,0,FALSE
Male,Loyal Customer,52,Business Travel,Business,2864,4,4,4,4,2,5,5,5,5,5,5,3,4,4.23,41,41,TRUE
Female,Disloyal Customer,23,Business Travel,Eco,728,3,3,3,3,5,3,1,5,5,5,4,3,5,3.69,0,5,FALSE
Male,Loyal Customer,43,Business Travel,Business,308,2,2,3,2,1,3,5,4,4,4,4,1,5,3.08,77,73,TRUE
Female,Disloyal Customer,21,Business Travel,Eco,1034,3,4,4,3,3,4,3,3,3,3,4,4,3,3.38,18,15,FALSE
Female,Loyal Customer,24,Business Travel,Business,1788,5,5,5,5,4,4,4,4,3,3,4,5,4,4.23,15,16,TRUE
Female,Loyal Customer,43,Business Travel,Eco,562,4,4,4,4,4,5,4,4,4,4,4,2,5,4,0,0,TRUE
Female,Disloyal Customer,36,Business Travel,Eco Plus,548,4,4,4,3,4,4,4,4,5,1,5,3,4,3.77,0,0,FALSE
Female,Loyal Customer,60,Business Travel,Business,1589,4,4,4,4,5,4,5,5,5,5,5,4,4,4.46,0,0,TRUE
Female,Disloyal Customer,23,Business Travel,Business,2704,1,1,1,3,1,2,2,4,4,4,3,2,2,2.31,34,61,FALSE
Female,Loyal Customer,23,Personal Travel,Eco,456,3,3,3,3,5,3,5,5,2,1,5,3,5,3.54,0,8,FALSE
Male,Loyal Customer,12,Personal Travel,Eco,438,2,4,2,2,1,2,1,1,3,4,4,5,1,2.46,17,60,FALSE
Female,Disloyal Customer,28,Business Travel,Eco,1097,2,2,2,4,5,2,5,5,3,5,4,3,5,3.62,22,51,FALSE
Female,Loyal Customer,45,Business Travel,Business,2141,0,0,0,3,5,5,4,2,2,5,5,4,3,2.92,70,62,TRUE
Male,Loyal Customer,22,Business Travel,Business,2876,4,4,4,4,5,4,5,5,4,3,5,3,5,4.23,0,0,TRUE
Female,Loyal Customer,44,Business Travel,Eco,145,4,5,5,5,2,5,2,4,4,4,4,3,1,3.69,2,0,TRUE
Male,Loyal Customer,46,Business Travel,Eco Plus,1487,2,2,2,2,2,2,2,2,4,1,3,2,2,2.15,0,0,FALSE
Male,Loyal Customer,19,Personal Travel,Eco,1126,3,2,3,4,5,3,5,5,3,1,2,1,5,3.23,16,10,FALSE
Male,Loyal Customer,36,Business Travel,Business,1570,3,3,3,3,5,3,2,5,5,5,5,2,4,3.69,0,0,TRUE
Female,Loyal Customer,50,Personal Travel,Eco,1185,3,4,3,1,3,5,5,5,5,3,5,5,5,4,0,5,FALSE
Male,Loyal Customer,37,Business Travel,Business,964,3,1,3,3,3,3,4,4,4,4,4,2,5,3.31,0,26,TRUE
Male,Loyal Customer,58,Business Travel,Business,1506,3,3,3,3,4,5,4,4,4,4,4,3,3,3.62,0,0,TRUE
Female,Loyal Customer,62,Personal Travel,Eco,2496,2,5,2,2,2,2,2,3,4,3,4,2,2,2.69,3,18,FALSE
Female,Loyal Customer,32,Personal Travel,Eco,1009,1,4,1,5,4,1,4,4,5,4,5,4,4,3.54,1,0,FALSE
Male,Disloyal Customer,42,Business Travel,Business,793,1,1,1,3,3,1,3,3,5,3,5,5,3,2.85,0,0,FALSE
Male,Loyal Customer,51,Business Travel,Business,1565,2,2,2,2,2,5,4,2,2,2,2,3,4,2.62,0,0,TRUE
Female,Loyal Customer,19,Business Travel,Business,1781,3,2,3,2,3,3,3,3,1,3,4,2,3,2.69,5,25,FALSE
Female,Loyal Customer,43,Business Travel,Eco,667,4,3,3,3,5,4,1,4,4,4,4,2,3,3.38,0,0,TRUE
Female,Loyal Customer,46,Business Travel,Business,912,2,3,3,3,3,4,3,2,2,2,2,1,2,2.46,103,95,FALSE
Female,Disloyal Customer,51,Business Travel,Eco,547,3,2,3,2,4,3,2,4,2,4,2,1,4,2.77,17,29,FALSE
Male,Disloyal Customer,25,Business Travel,Eco,1337,3,3,3,3,1,3,1,1,2,5,4,3,1,2.54,0,0,FALSE
Female,Disloyal Customer,38,Personal Travel,Eco,643,3,3,4,4,3,4,2,3,3,1,4,1,3,2.92,0,0,FALSE
Male,Disloyal Customer,41,Business Travel,Business,1592,4,4,4,3,5,4,4,5,4,5,5,4,5,4.31,0,0,TRUE
Female,Loyal Customer,44,Personal Travel,Eco,451,3,5,4,4,4,5,4,1,1,4,1,4,5,3.46,0,0,FALSE
Female,Loyal Customer,25,Personal Travel,Eco,429,1,4,1,2,1,1,1,1,3,2,3,3,1,1.85,0,0,FALSE
Male,Loyal Customer,33,Business Travel,Business,3284,3,4,4,4,3,3,3,3,1,5,4,3,3,3.31,15,24,FALSE
Female,Loyal Customer,54,Business Travel,Eco,474,2,5,5,5,5,2,1,2,2,2,2,4,4,3.15,0,0,TRUE
Male,Loyal Customer,15,Personal Travel,Eco,422,2,5,5,4,5,5,3,5,2,1,4,2,5,3.69,0,0,FALSE
Female,Loyal Customer,40,Personal Travel,Eco,674,1,4,0,1,2,0,2,2,3,2,5,5,2,2.23,0,0,FALSE
Male,Loyal Customer,54,Business Travel,Business,3304,4,4,4,4,3,5,5,4,4,4,4,5,4,4.15,0,0,TRUE
Female,Loyal Customer,39,Business Travel,Business,882,1,1,1,1,2,5,5,2,2,2,2,5,3,2.46,96,109,TRUE
Female,Disloyal Customer,50,Business Travel,Business,1506,4,3,3,4,5,4,3,5,4,2,5,5,5,4,23,6,TRUE
Female,Loyal Customer,27,Business Travel,Business,2802,2,5,2,2,4,4,4,4,4,4,5,5,4,3.77,0,0,TRUE
Female,Loyal Customer,57,Business Travel,Business,3904,3,3,3,3,4,4,4,4,3,4,4,4,4,3.62,28,0,TRUE
Female,Loyal Customer,42,Business Travel,Business,1814,1,1,1,1,5,4,4,4,4,4,4,3,4,3.08,33,49,TRUE
Female,Disloyal Customer,34,Business Travel,Eco,654,2,5,2,5,2,2,2,2,3,5,3,1,2,2.77,0,1,FALSE
Male,Disloyal Customer,26,Business Travel,Business,1124,2,2,2,3,1,2,1,1,2,2,2,4,1,1.92,0,0,FALSE
Male,Disloyal Customer,10,Business Travel,Eco,925,3,3,3,3,1,3,1,1,3,2,2,4,1,2.31,29,59,FALSE
Male,Loyal Customer,26,Business Travel,Eco,573,3,5,5,5,3,3,1,3,3,3,2,3,3,3.23,0,0,FALSE
Male,Loyal Customer,52,Business Travel,Business,1875,3,3,3,3,5,4,5,3,3,3,3,3,4,3.46,0,0,TRUE
Male,Loyal Customer,63,Personal Travel,Eco,2079,4,1,4,3,2,4,2,2,3,2,4,3,2,2.77,66,91,FALSE
Female,Loyal Customer,35,Business Travel,Eco,986,4,4,4,4,4,4,4,4,4,1,4,4,4,3.77,9,47,FALSE
Male,Disloyal Customer,23,Business Travel,Eco,95,2,2,2,2,5,2,5,5,1,2,3,1,5,2.85,81,81,FALSE
Male,Loyal Customer,22,Business Travel,Eco Plus,1069,1,5,2,5,1,1,2,1,2,4,2,4,1,2.38,0,4,FALSE
Female,Loyal Customer,32,Personal Travel,Eco,337,3,5,3,5,5,3,5,5,5,2,5,5,5,4.31,0,0,FALSE
Male,Loyal Customer,75,Business Travel,Business,2041,4,3,3,3,5,3,3,4,4,4,4,4,4,3.69,0,0,FALSE
Female,Loyal Customer,32,Business Travel,Business,3567,1,1,1,1,1,1,1,1,1,3,3,4,1,1.54,0,0,FALSE
Female,Loyal Customer,30,Personal Travel,Eco,2475,1,2,1,4,1,3,3,4,5,3,3,3,3,2.77,0,16,FALSE
Female,Loyal Customer,40,Business Travel,Business,2984,4,4,4,4,5,1,3,5,5,5,5,1,2,3.69,26,44,TRUE
Male,Loyal Customer,55,Business Travel,Business,1514,3,3,5,3,3,5,4,5,5,5,5,3,4,4.08,6,15,TRUE
Male,Disloyal Customer,29,Business Travel,Eco,986,2,3,3,3,1,3,1,1,2,2,4,1,1,2.08,113,96,FALSE
Female,Disloyal Customer,28,Business Travel,Business,1121,2,2,2,4,1,2,1,1,4,5,5,3,1,2.54,0,0,FALSE
Female,Loyal Customer,58,Personal Travel,Eco,570,4,1,4,4,1,4,3,1,1,4,1,2,1,2.38,6,0,FALSE
Male,Loyal Customer,10,Personal Travel,Eco,977,3,5,3,3,2,3,2,2,3,2,4,4,2,2.92,51,46,FALSE
Female,Loyal Customer,52,Business Travel,Business,2504,5,5,5,5,5,4,3,4,4,4,4,1,1,3.85,0,0,TRUE
Female,Loyal Customer,55,Business Travel,Eco,253,5,1,1,1,5,4,3,5,5,5,5,3,5,3.69,13,13,TRUE
Female,Loyal Customer,10,Personal Travel,Business,584,2,5,2,4,3,2,3,3,4,5,4,3,3,3.31,0,0,FALSE
Male,Loyal Customer,34,Business Travel,Business,1500,4,4,4,4,3,4,4,2,2,2,2,4,5,3.38,0,5,TRUE
Female,Loyal Customer,56,Personal Travel,Eco,484,4,4,4,4,2,3,3,1,1,4,1,3,4,2.92,15,10,FALSE
Male,Loyal Customer,44,Business Travel,Business,3790,3,5,5,5,2,3,3,3,3,3,3,4,4,3.54,0,0,FALSE
Male,Loyal Customer,62,Business Travel,Business,220,2,5,5,5,4,4,3,3,3,3,2,3,3,3.46,0,0,FALSE
Male,Loyal Customer,75,Business Travel,Business,3122,3,1,5,1,2,3,4,3,3,3,3,4,4,3,0,0,FALSE
Male,Loyal Customer,27,Personal Travel,Eco,528,2,3,3,3,3,3,3,3,4,1,4,2,3,2.85,10,9,FALSE
Male,Loyal Customer,27,Personal Travel,Eco,1430,1,4,1,4,5,1,5,5,5,4,3,5,5,3.69,0,0,FALSE
Female,Loyal Customer,35,Business Travel,Business,1908,2,2,2,2,4,4,3,2,2,2,2,3,4,2.62,24,34,FALSE
Female,Disloyal Customer,35,Business Travel,Business,1162,4,4,4,3,3,4,3,3,3,4,4,3,3,3.46,0,0,FALSE
Female,Loyal Customer,63,Personal Travel,Eco,585,4,4,4,4,2,4,5,5,5,4,5,4,5,4.23,0,0,TRUE
Female,Loyal Customer,59,Personal Travel,Eco,1488,3,1,4,4,1,4,3,5,5,4,5,2,4,3.46,0,0,FALSE
Male,Loyal Customer,22,Personal Travel,Eco,1055,3,4,3,3,4,3,4,4,3,5,5,5,4,3.85,17,1,FALSE
Male,Loyal Customer,60,Business Travel,Business,1665,4,4,4,4,2,4,5,5,5,5,5,3,3,4.08,0,0,TRUE
Female,Loyal Customer,16,Personal Travel,Business,1123,3,5,3,5,3,3,3,3,3,5,5,3,3,3.62,0,8,FALSE
Male,Loyal Customer,41,Personal Travel,Eco Plus,1506,1,5,1,3,5,1,1,5,5,5,5,5,5,3.62,0,0,FALSE
Male,Loyal Customer,40,Business Travel,Business,3032,2,2,2,2,3,5,4,4,4,4,4,3,3,3.23,53,36,TRUE
Female,Loyal Customer,40,Business Travel,Eco,633,4,5,5,5,4,4,4,4,1,5,4,2,4,3.92,18,16,FALSE
Female,Loyal Customer,39,Business Travel,Business,620,3,4,4,4,1,3,3,3,3,3,3,4,2,3.08,35,6,FALSE
Female,Loyal Customer,41,Business Travel,Business,3945,4,4,3,4,4,4,5,5,5,5,5,5,3,4.31,0,23,TRUE
Female,Loyal Customer,25,Business Travel,Business,1389,5,5,5,5,4,4,4,4,4,2,5,5,4,4.31,0,0,TRUE
Male,Loyal Customer,76,Business Travel,Eco,789,2,4,4,4,2,2,2,2,3,4,4,1,2,2.77,120,112,FALSE
Male,Loyal Customer,33,Business Travel,Eco,854,4,1,1,1,5,5,5,5,1,3,4,1,5,3.15,82,68,TRUE
Male,Loyal Customer,43,Business Travel,Eco,2404,5,5,5,5,4,5,4,4,2,2,5,3,4,4.08,0,0,TRUE
Male,Loyal Customer,59,Personal Travel,Eco,247,0,3,0,3,3,0,3,3,3,5,2,4,3,2.46,0,0,TRUE
Male,Disloyal Customer,24,Business Travel,Eco,883,3,3,3,1,2,3,2,2,3,4,5,5,2,2.92,61,44,FALSE
Female,Loyal Customer,44,Business Travel,Business,2876,5,5,3,5,4,4,4,4,4,5,5,4,4,4.31,134,117,TRUE
Male,Loyal Customer,51,Business Travel,Eco,304,3,4,4,4,3,3,3,3,2,3,3,1,3,3,25,11,FALSE
Male,Loyal Customer,67,Personal Travel,Eco,719,2,5,2,2,2,2,2,2,5,4,5,3,2,2.92,2,0,FALSE
Male,Loyal Customer,59,Business Travel,Business,1744,1,1,1,1,4,5,5,5,5,5,5,4,4,3.54,8,0,TRUE
Female,Loyal Customer,34,Business Travel,Eco Plus,2409,3,1,1,1,3,3,3,4,5,4,3,3,3,2.85,0,8,FALSE
Female,Loyal Customer,60,Personal Travel,Eco,164,3,4,3,4,5,5,5,4,4,3,4,5,5,4.15,0,0,FALSE
Female,Loyal Customer,57,Business Travel,Eco,1107,4,2,2,2,4,2,3,4,4,4,4,5,5,3.46,0,0,TRUE
Male,Loyal Customer,36,Business Travel,Business,342,2,2,2,2,5,4,4,5,5,5,5,4,5,3.85,0,0,TRUE
Male,Loyal Customer,62,Business Travel,Business,1616,1,1,1,1,5,3,5,5,5,5,5,4,5,3.54,13,11,TRUE
Female,Disloyal Customer,25,Business Travel,Business,666,4,0,4,3,4,5,5,3,2,5,5,5,5,3.85,153,137,TRUE
Male,Loyal Customer,53,Business Travel,Business,1640,2,4,3,3,2,3,3,2,2,2,2,2,2,2.46,4,0,FALSE
Female,Loyal Customer,65,Business Travel,Eco,606,2,2,2,2,3,3,4,3,3,2,3,2,4,2.69,18,57,FALSE
Female,Loyal Customer,36,Business Travel,Business,337,0,1,1,3,2,4,4,3,3,3,3,4,5,2.77,0,0,TRUE
Male,Loyal Customer,40,Personal Travel,Eco,395,3,5,3,5,1,3,1,1,5,5,5,5,1,3.31,0,0,FALSE
Female,Loyal Customer,54,Personal Travel,Eco,130,4,2,4,3,3,3,4,4,4,4,4,4,2,3.46,0,0,FALSE
Female,Loyal Customer,36,Personal Travel,Eco,164,4,5,4,4,1,4,4,1,4,2,4,4,1,3.23,0,0,FALSE
Female,Disloyal Customer,25,Business Travel,Business,1068,5,0,5,1,3,5,3,3,4,5,4,4,3,3.46,0,0,TRUE
Female,Loyal Customer,31,Business Travel,Business,641,3,2,2,2,3,3,3,3,1,5,3,2,3,2.69,82,114,FALSE
Male,Loyal Customer,52,Business Travel,Business,802,1,1,1,1,3,5,5,5,5,4,5,5,3,3.38,0,0,TRUE
Male,Loyal Customer,34,Personal Travel,Eco,909,3,5,3,3,2,3,2,2,4,5,4,5,2,3.31,0,0,FALSE
Male,Loyal Customer,51,Business Travel,Business,293,5,5,5,5,5,4,5,5,5,5,5,3,3,4.62,25,36,TRUE
Male,Loyal Customer,28,Business Travel,Business,820,3,3,3,3,4,4,4,4,3,3,1,3,4,3.23,0,2,TRUE
Male,Loyal Customer,49,Business Travel,Eco,402,2,2,2,2,2,2,2,2,2,1,4,2,2,2.08,0,0,FALSE
Male,Loyal Customer,42,Business Travel,Business,2026,0,0,0,4,3,1,5,4,4,4,4,3,2,2.62,0,0,TRUE
Female,Loyal Customer,44,Personal Travel,Business,2288,4,5,5,4,5,1,1,5,1,3,4,1,1,3.08,3,73,FALSE
Female,Loyal Customer,32,Business Travel,Business,717,1,1,1,1,5,5,5,5,3,2,5,5,5,3.38,37,39,TRUE
Male,Loyal Customer,38,Business Travel,Business,692,3,3,3,3,1,4,2,4,4,4,4,5,1,3.15,18,41,TRUE
Male,Loyal Customer,31,Business Travel,Business,544,5,5,5,5,5,5,5,5,4,2,5,4,5,4.62,0,0,TRUE
Female,Disloyal Customer,34,Business Travel,Eco,812,4,4,4,4,1,4,1,1,1,4,4,4,1,2.85,7,11,FALSE
Female,Loyal Customer,50,Business Travel,Business,2035,5,5,5,5,4,5,4,5,5,5,4,3,5,4.62,0,34,TRUE
Male,Disloyal Customer,21,Business Travel,Eco,383,0,5,0,5,3,0,3,3,3,2,5,4,3,2.77,0,0,TRUE
Female,Loyal Customer,65,Business Travel,Business,3891,3,3,5,3,4,3,3,5,5,5,5,1,4,3.77,0,0,TRUE
Female,Loyal Customer,34,Business Travel,Business,3916,3,4,2,2,2,3,3,3,3,3,3,2,3,2.77,1,21,FALSE
Male,Loyal Customer,45,Personal Travel,Eco,197,2,5,2,2,4,2,4,4,4,3,2,2,4,3.08,0,11,FALSE
Female,Disloyal Customer,23,Business Travel,Eco,507,1,0,1,3,3,1,3,3,2,5,4,4,3,2.54,0,0,FALSE
Male,Loyal Customer,37,Business Travel,Business,3385,4,4,4,4,2,5,5,4,4,4,4,4,4,4,0,0,TRUE
Female,Disloyal Customer,29,Business Travel,Business,1235,4,4,4,5,5,4,5,5,5,3,4,5,5,4.46,0,2,FALSE
Female,Loyal Customer,43,Personal Travel,Eco,990,3,1,3,4,3,2,3,3,2,4,4,3,3,2.92,294,316,FALSE
Male,Loyal Customer,23,Personal Travel,Eco,862,2,3,2,3,1,2,1,1,2,2,4,2,1,2,30,32,FALSE
Female,Loyal Customer,10,Personal Travel,Eco,799,0,5,0,2,2,0,2,2,5,2,2,2,2,2,14,0,TRUE
Male,Loyal Customer,31,Personal Travel,Eco,364,2,4,2,3,4,2,4,4,4,4,4,4,4,3.46,0,0,FALSE
Male,Loyal Customer,49,Business Travel,Eco,305,4,5,3,5,4,4,4,4,3,4,1,3,4,3.69,0,0,TRUE
Male,Loyal Customer,40,Business Travel,Business,577,2,1,1,1,4,2,1,2,2,2,2,3,3,2,6,12,FALSE
Male,Loyal Customer,63,Personal Travel,Eco,515,4,4,3,3,1,3,1,1,5,4,5,4,1,3,0,0,FALSE
Female,Loyal Customer,31,Personal Travel,Eco,590,2,5,2,2,5,2,5,5,4,5,4,4,5,3.85,0,0,FALSE
Female,Disloyal Customer,35,Business Travel,Eco,2704,4,4,4,3,4,4,4,1,1,1,3,4,4,3.15,160,181,FALSE
Female,Loyal Customer,55,Business Travel,Business,1426,3,3,3,3,2,5,4,4,4,4,4,4,3,3.54,0,0,TRUE
Female,Loyal Customer,46,Business Travel,Business,2115,3,1,1,1,5,4,4,3,3,3,3,4,4,3,27,27,FALSE
Male,Loyal Customer,56,Business Travel,Business,173,1,1,1,1,5,5,4,3,3,4,5,5,5,3.31,0,3,TRUE
Male,Disloyal Customer,25,Business Travel,Business,1587,4,0,4,4,4,3,3,4,2,4,5,3,3,3.31,152,165,TRUE
Female,Loyal Customer,53,Business Travel,Business,399,4,4,4,4,5,3,2,4,4,4,4,4,3,3.77,5,10,FALSE
Female,Loyal Customer,24,Business Travel,Business,631,1,1,1,1,4,4,4,4,5,3,4,5,4,3.15,0,6,TRUE
Male,Loyal Customer,10,Personal Travel,Eco,349,1,4,1,2,5,1,5,5,3,2,5,3,5,3.23,60,51,FALSE
Male,Loyal Customer,53,Business Travel,Eco,551,5,4,4,4,4,5,4,4,1,1,1,1,4,3.23,65,78,TRUE
Male,Loyal Customer,60,Business Travel,Business,3171,5,5,2,5,5,5,5,5,5,5,5,3,3,4.46,0,0,TRUE
Male,Disloyal Customer,28,Business Travel,Eco,370,3,3,3,4,5,3,5,5,4,1,3,1,5,3.46,17,46,FALSE
Female,Loyal Customer,40,Business Travel,Business,3187,3,3,3,3,3,4,5,4,4,4,4,3,4,3.62,0,0,TRUE
Female,Disloyal Customer,55,Business Travel,Eco Plus,107,3,3,3,3,3,3,1,3,4,4,4,2,3,3,0,0,FALSE
Male,Loyal Customer,64,Personal Travel,Eco,1846,3,5,3,3,1,3,1,1,5,4,5,3,1,2.92,0,11,FALSE
Male,Disloyal Customer,25,Business Travel,Business,846,1,4,1,3,1,1,1,1,5,5,4,5,1,2.54,5,0,FALSE
Male,Loyal Customer,13,Personal Travel,Eco,577,5,4,5,2,2,5,2,2,5,3,5,5,2,3.62,0,0,TRUE
Female,Loyal Customer,56,Business Travel,Eco,296,4,3,3,3,1,5,5,4,4,4,4,5,4,3.77,114,116,TRUE
Male,Loyal Customer,59,Business Travel,Business,2746,1,1,1,1,4,4,4,5,5,5,5,5,3,3.38,0,0,TRUE
Female,Loyal Customer,48,Personal Travel,Eco,1066,3,4,3,3,5,4,4,2,2,3,4,2,2,3.15,13,4,FALSE
Male,Loyal Customer,46,Business Travel,Business,3252,2,3,3,3,4,4,4,2,2,3,2,2,1,2.69,77,61,FALSE
Male,Loyal Customer,56,Personal Travel,Business,422,2,2,2,3,2,4,4,5,5,2,5,4,3,3.31,0,0,FALSE
Female,Loyal Customer,33,Personal Travel,Eco,273,3,1,3,3,2,3,2,2,4,5,4,4,2,2.92,0,14,FALSE
Female,Loyal Customer,44,Business Travel,Business,989,2,2,2,2,2,4,4,5,5,5,5,3,4,3.46,31,32,TRUE
Female,Loyal Customer,37,Business Travel,Eco,290,3,4,4,4,3,3,3,3,1,5,4,1,3,3.15,45,38,FALSE
Female,Loyal Customer,47,Business Travel,Business,3314,5,5,5,5,4,3,5,5,5,5,5,4,3,4.54,0,7,TRUE
Male,Disloyal Customer,48,Business Travel,Eco,289,3,1,3,4,1,3,1,1,2,4,3,4,1,2.38,5,19,FALSE
Male,Disloyal Customer,35,Business Travel,Eco,1021,4,4,4,3,3,4,3,3,2,2,1,3,3,3,0,0,FALSE
Male,Disloyal Customer,23,Business Travel,Business,903,5,0,5,4,2,5,1,2,3,2,4,4,2,3,47,47,TRUE
Female,Loyal Customer,22,Business Travel,Business,1546,3,3,3,3,3,2,3,3,5,5,5,4,3,3.46,103,117,TRUE
Male,Loyal Customer,48,Business Travel,Business,1005,3,3,3,3,3,4,4,5,5,5,5,5,4,4,6,4,TRUE
Female,Loyal Customer,40,Personal Travel,Eco Plus,2446,4,4,3,2,3,3,3,1,1,4,5,3,3,3,0,35,FALSE
Male,Loyal Customer,36,Personal Travel,Eco,247,2,1,0,2,2,0,2,2,4,2,3,1,2,1.77,0,0,FALSE
Male,Loyal Customer,43,Business Travel,Business,461,4,4,4,4,5,5,4,4,4,4,4,1,5,4,0,0,TRUE
Male,Loyal Customer,49,Business Travel,Business,1428,4,4,4,4,5,3,1,5,5,5,5,3,2,3.85,0,0,TRUE
Female,Loyal Customer,49,Business Travel,Business,1389,1,5,1,1,2,4,4,4,4,4,4,5,5,3.38,0,0,TRUE
Female,Loyal Customer,29,Personal Travel,Eco,594,3,1,3,3,5,3,5,5,4,2,3,4,5,3.54,8,0,FALSE
Male,Loyal Customer,43,Personal Travel,Eco,764,1,3,1,2,2,1,2,2,3,3,3,1,2,2,0,0,FALSE
Male,Disloyal Customer,35,Business Travel,Eco,109,3,3,3,3,1,3,4,1,3,3,2,3,1,2.54,0,0,FALSE
Female,Loyal Customer,39,Business Travel,Business,2586,4,4,5,4,5,3,5,5,5,5,5,3,5,4.46,0,1,TRUE
Female,Loyal Customer,57,Business Travel,Business,2609,4,4,4,4,3,5,4,5,5,5,5,4,5,4.38,0,0,TRUE
Female,Loyal Customer,27,Business Travel,Business,3169,3,3,3,3,2,2,2,2,1,3,1,2,2,2.23,49,34,TRUE
Male,Loyal Customer,16,Business Travel,Business,331,1,5,5,5,1,1,1,1,2,1,4,2,1,2.31,0,0,FALSE
Female,Loyal Customer,31,Business Travel,Business,2920,2,2,2,2,5,5,5,5,3,4,3,1,5,3.38,19,20,TRUE
Female,Loyal Customer,54,Business Travel,Business,3953,3,5,5,5,4,3,4,3,3,3,3,2,3,3.54,10,5,FALSE
Female,Loyal Customer,50,Business Travel,Eco Plus,692,5,5,5,5,5,4,2,5,5,5,5,5,4,4.62,0,0,TRUE
Female,Loyal Customer,8,Personal Travel,Eco,503,2,5,2,3,3,2,3,3,5,3,4,3,3,3.15,3,10,FALSE
Female,Loyal Customer,55,Business Travel,Business,1192,2,2,2,2,3,4,4,5,5,5,5,4,5,3.69,0,0,TRUE
Female,Loyal Customer,31,Personal Travel,Eco,925,1,5,1,3,5,1,5,5,3,4,5,3,5,3.54,44,36,FALSE
Male,Loyal Customer,44,Business Travel,Eco,365,3,1,1,1,3,3,3,3,4,5,4,3,3,2.85,0,0,FALSE
Male,Disloyal Customer,25,Business Travel,Business,1404,0,0,0,3,1,0,1,1,5,2,5,4,1,1.77,0,0,TRUE
Male,Disloyal Customer,20,Business Travel,Eco,867,1,1,1,4,5,1,5,5,2,3,4,4,5,3.15,69,81,FALSE
Male,Loyal Customer,42,Business Travel,Eco,529,4,1,1,1,4,4,4,4,3,3,2,2,4,2.85,0,4,FALSE
Female,Loyal Customer,54,Business Travel,Eco,967,2,1,1,1,5,2,3,2,2,2,2,2,3,2.15,27,35,FALSE
Male,Loyal Customer,70,Personal Travel,Business,1521,2,4,2,2,2,5,5,5,5,2,5,5,3,3.62,0,0,FALSE
Female,Loyal Customer,60,Personal Travel,Eco,255,0,5,0,2,3,1,2,2,2,0,2,2,3,1.85,0,7,TRUE
Male,Loyal Customer,58,Personal Travel,Eco,534,3,4,3,3,2,3,2,2,5,2,5,3,2,3,0,0,FALSE
Female,Disloyal Customer,28,Business Travel,Eco,726,1,1,1,4,5,1,5,5,3,3,3,2,5,3,0,0,FALSE
Male,Loyal Customer,58,Business Travel,Business,1744,3,3,3,3,3,4,5,5,5,5,5,4,5,4.08,7,0,TRUE
Female,Loyal Customer,63,Business Travel,Business,199,1,2,2,2,4,3,4,1,1,1,1,2,3,2.08,37,20,FALSE
Male,Loyal Customer,19,Personal Travel,Eco,227,1,5,1,3,5,1,5,5,5,5,5,3,5,3.77,0,0,FALSE
Female,Loyal Customer,52,Business Travel,Business,3397,1,1,5,1,3,5,5,5,5,5,5,5,5,3.92,0,0,TRUE
Male,Disloyal Customer,28,Business Travel,Business,423,3,3,3,1,4,3,4,4,5,5,5,3,4,3.62,0,0,FALSE
Male,Disloyal Customer,30,Business Travel,Business,723,2,2,2,2,3,2,3,3,3,1,3,2,3,2.38,19,20,FALSE
Male,Loyal Customer,67,Personal Travel,Eco,157,1,4,1,1,4,1,4,4,5,3,4,3,4,3,0,23,FALSE
Female,Loyal Customer,49,Business Travel,Business,1211,5,5,5,5,3,4,4,5,3,4,5,4,4,4.31,138,142,TRUE
Male,Loyal Customer,14,Business Travel,Business,3351,3,2,2,2,3,3,3,3,3,3,3,4,3,2.85,0,0,FALSE
Male,Loyal Customer,59,Business Travel,Business,237,2,3,3,3,5,3,3,2,2,2,2,2,3,2.69,0,0,FALSE
Female,Loyal Customer,23,Business Travel,Business,1428,2,2,2,2,4,4,4,4,4,5,4,3,4,3.38,0,0,TRUE
Female,Disloyal Customer,28,Business Travel,Eco,1041,1,1,1,4,5,1,3,5,1,4,3,2,5,2.77,71,62,FALSE
Male,Loyal Customer,49,Business Travel,Business,1605,2,2,2,2,5,4,4,5,5,5,5,5,4,3.85,0,0,TRUE
Male,Loyal Customer,48,Personal Travel,Eco,577,4,5,4,2,4,4,4,4,3,2,4,5,4,3.77,8,1,FALSE
Male,Loyal Customer,38,Business Travel,Business,1312,3,5,3,3,2,4,4,5,5,5,5,4,5,4.08,0,65,TRUE
Female,Loyal Customer,42,Business Travel,Eco Plus,101,4,5,5,5,5,1,5,4,4,4,4,3,2,3.92,0,0,TRUE
Male,Loyal Customer,63,Personal Travel,Eco,874,2,4,2,3,3,2,3,3,4,5,4,3,3,3.15,0,2,FALSE
Male,Loyal Customer,45,Business Travel,Business,236,0,1,1,4,2,4,5,4,4,4,4,4,4,3.15,0,0,TRUE
Male,Loyal Customer,70,Personal Travel,Eco,1124,2,4,2,1,4,2,4,4,5,2,3,4,4,3.15,5,11,FALSE
Female,Loyal Customer,28,Business Travel,Eco,534,3,5,5,5,3,3,3,3,2,5,3,3,3,3.54,0,0,FALSE
Male,Loyal Customer,14,Personal Travel,Eco,489,2,0,2,3,5,2,5,5,5,3,4,3,5,3.38,76,70,FALSE
Female,Disloyal Customer,45,Business Travel,Business,1464,2,3,3,2,3,2,1,3,4,2,4,4,3,2.77,49,41,FALSE
Female,Loyal Customer,15,Personal Travel,Eco,370,3,2,3,3,4,3,4,4,4,3,1,3,4,3.15,0,0,FALSE
Female,Loyal Customer,50,Personal Travel,Eco,1215,4,0,4,3,3,4,1,5,5,4,1,4,4,3.23,0,0,FALSE
Female,Loyal Customer,33,Personal Travel,Eco,147,1,4,1,5,2,1,2,2,1,5,3,5,2,2.62,0,5,FALSE
Female,Loyal Customer,55,Business Travel,Eco,444,4,5,5,5,4,4,4,4,4,4,4,1,1,3.77,5,29,FALSE
Male,Loyal Customer,41,Personal Travel,Eco,1024,1,4,1,2,5,1,5,5,3,4,5,5,5,3.54,4,0,FALSE
Male,Loyal Customer,34,Business Travel,Business,1242,5,5,5,5,4,4,4,3,3,3,3,4,3,3.92,0,0,TRUE
Female,Loyal Customer,12,Personal Travel,Business,925,2,2,2,4,3,2,3,3,3,5,3,1,3,2.77,0,0,FALSE
Male,Loyal Customer,34,Personal Travel,Eco,399,2,1,2,3,2,2,2,2,2,5,3,1,2,2.23,2,0,FALSE
Female,Loyal Customer,54,Business Travel,Business,1076,2,2,2,2,4,4,4,2,2,2,2,2,1,2.38,0,0,FALSE
Female,Loyal Customer,14,Personal Travel,Eco,532,3,4,3,1,1,3,1,1,5,3,5,3,1,2.62,0,0,FALSE
Male,Loyal Customer,24,Personal Travel,Eco,544,3,3,3,4,3,3,2,3,4,5,1,1,3,2.92,0,5,FALSE
Female,Loyal Customer,75,Business Travel,Eco,125,3,1,1,1,1,2,2,3,3,3,3,2,3,2.15,0,0,FALSE
Male,Loyal Customer,56,Business Travel,Eco,150,4,4,4,4,5,4,5,5,2,2,1,5,5,3.85,0,0,TRUE
Female,Loyal Customer,62,Business Travel,Eco,194,3,3,3,3,3,2,1,3,3,3,3,4,1,2.69,3,7,FALSE
Female,Loyal Customer,10,Personal Travel,Eco,671,3,5,3,4,4,3,2,4,2,1,4,2,4,3.15,0,0,FALSE
Male,Loyal Customer,52,Business Travel,Business,152,4,3,3,3,2,3,4,3,3,3,4,4,2,3.15,27,31,FALSE
Male,Loyal Customer,36,Business Travel,Business,157,3,2,3,3,4,2,2,4,4,4,5,1,2,3,107,97,TRUE
Male,Loyal Customer,60,Business Travel,Business,2790,5,5,5,5,5,5,5,2,2,2,2,4,5,4,0,0,TRUE
Female,Loyal Customer,38,Business Travel,Business,2071,1,3,3,3,3,4,4,1,1,2,1,1,2,2.23,18,0,FALSE
Male,Loyal Customer,42,Business Travel,Business,1516,2,2,2,2,4,4,4,2,2,2,2,4,3,2.69,8,0,TRUE
Male,Loyal Customer,52,Personal Travel,Eco,930,2,5,2,5,3,2,3,3,5,5,4,5,3,3.62,3,18,FALSE
Female,Loyal Customer,26,Personal Travel,Eco,581,3,5,3,5,3,3,3,3,5,3,4,3,3,3.54,7,4,FALSE
Male,Loyal Customer,53,Personal Travel,Business,224,1,4,1,4,3,4,4,3,3,1,3,5,4,3.08,0,0,FALSE
Male,Loyal Customer,59,Business Travel,Business,1587,1,1,1,1,2,4,5,4,4,4,4,5,4,3.08,1,0,TRUE
Female,Loyal Customer,46,Business Travel,Eco,373,5,3,4,4,5,5,5,1,2,1,4,5,5,3.77,226,217,TRUE
Male,Loyal Customer,22,Personal Travel,Eco,289,3,5,3,3,5,3,5,5,3,5,4,3,5,4,0,6,FALSE
Female,Loyal Customer,67,Personal Travel,Eco,1590,3,5,2,1,4,5,5,3,3,2,1,3,4,3.15,0,12,FALSE
Male,Loyal Customer,40,Business Travel,Eco Plus,799,5,3,3,3,5,5,5,5,1,4,1,3,5,3.69,0,0,TRUE
Male,Disloyal Customer,20,Business Travel,Eco,248,4,0,4,5,2,4,2,2,4,4,5,3,2,3.15,0,0,FALSE
Male,Disloyal Customer,51,Business Travel,Eco,599,2,3,2,3,1,2,1,1,2,2,4,4,1,2.15,0,0,FALSE
Female,Disloyal Customer,25,Business Travel,Eco,720,3,3,3,4,3,4,4,3,2,3,3,4,4,3.31,0,6,FALSE
Male,Disloyal Customer,14,Business Travel,Eco,1089,3,3,3,1,5,3,1,5,3,2,5,4,5,3.31,0,0,FALSE
Male,Loyal Customer,27,Business Travel,Business,2039,1,1,1,1,4,4,4,4,5,2,1,4,4,2.77,92,87,TRUE
Female,Loyal Customer,19,Personal Travel,Eco,349,3,4,3,1,1,3,1,1,4,4,4,3,1,2.54,10,16,FALSE
Female,Loyal Customer,46,Business Travel,Eco,594,1,3,3,3,2,3,2,1,1,1,1,2,2,1.92,0,0,FALSE
Female,Disloyal Customer,22,Business Travel,Business,646,5,4,5,4,5,5,5,5,5,2,5,3,5,4.46,6,20,TRUE
Female,Loyal Customer,41,Business Travel,Business,406,3,1,1,1,2,4,3,3,3,3,3,1,4,2.46,0,0,FALSE
Female,Loyal Customer,34,Business Travel,Business,2808,3,3,4,3,1,5,1,4,4,4,4,5,4,3.46,0,0,TRUE
Male,Loyal Customer,23,Business Travel,Eco,867,4,5,5,5,4,5,4,4,5,5,2,3,4,4.23,0,3,TRUE
Male,Loyal Customer,63,Personal Travel,Eco,515,2,5,2,2,1,2,1,1,4,4,5,5,1,2.69,0,0,FALSE
Male,Loyal Customer,24,Personal Travel,Eco,1608,3,4,3,1,2,3,2,2,3,3,5,3,2,2.77,0,0,FALSE
Male,Loyal Customer,46,Personal Travel,Eco,481,3,4,2,3,4,2,4,4,1,3,4,2,4,3.08,0,0,FALSE
Female,Loyal Customer,27,Business Travel,Business,610,1,1,1,1,5,4,5,5,3,3,3,2,5,3,0,0,TRUE
Female,Loyal Customer,64,Personal Travel,Eco,1249,4,1,4,2,4,2,3,4,4,4,4,2,1,3,0,0,FALSE
Male,Loyal Customer,32,Business Travel,Eco Plus,903,3,1,5,1,3,3,3,3,2,1,4,1,3,2.54,57,40,FALSE
Male,Loyal Customer,46,Business Travel,Business,2723,4,4,4,4,2,3,2,4,4,4,4,4,5,3.69,0,11,TRUE
Male,Disloyal Customer,24,Business Travel,Eco,338,3,4,3,3,2,3,2,2,5,5,5,5,2,3.38,39,26,FALSE
Male,Loyal Customer,20,Personal Travel,Eco,173,5,5,5,5,3,5,2,3,5,2,4,3,3,3.85,0,0,TRUE
Male,Loyal Customer,18,Personal Travel,Eco,728,3,5,3,3,4,3,4,4,5,5,5,5,4,4.08,0,0,FALSE
Male,Loyal Customer,39,Business Travel,Business,589,4,4,4,4,4,3,3,4,4,4,4,2,1,3.46,0,2,TRUE
Female,Loyal Customer,26,Business Travel,Business,606,2,2,2,2,4,5,4,4,4,2,5,4,4,3.38,10,9,TRUE
Female,Loyal Customer,29,Personal Travel,Eco,685,2,4,2,4,3,2,3,3,5,2,5,4,3,3.23,42,34,FALSE
Male,Loyal Customer,36,Business Travel,Business,2158,1,1,1,1,2,4,4,4,4,4,4,5,3,2.92,4,0,TRUE
Male,Loyal Customer,42,Business Travel,Business,678,5,5,5,5,5,5,5,4,5,5,5,5,5,4.92,74,138,TRUE
Male,Loyal Customer,39,Business Travel,Business,1598,3,5,5,5,5,2,3,3,3,4,3,2,3,3.54,3,0,FALSE
Female,Loyal Customer,54,Business Travel,Business,357,3,3,3,3,3,4,5,4,4,4,4,3,5,3.69,0,0,TRUE
Male,Loyal Customer,46,Business Travel,Business,2805,2,1,1,1,5,4,4,2,2,2,2,4,3,2.54,96,111,FALSE
Male,Loyal Customer,37,Business Travel,Business,479,1,1,1,1,4,4,5,4,4,4,4,4,4,3.15,10,1,TRUE
Female,Loyal Customer,43,Business Travel,Business,3596,0,4,0,1,3,5,5,5,5,5,5,5,5,3.69,4,10,TRUE
Male,Loyal Customer,42,Personal Travel,Eco,735,4,2,4,3,2,4,2,2,4,3,4,4,2,3.08,3,0,FALSE
Male,Disloyal Customer,21,Business Travel,Eco,399,5,0,5,2,4,5,4,4,5,4,4,3,4,3.77,13,14,TRUE
Male,Loyal Customer,64,Personal Travel,Eco,1390,4,4,4,5,3,4,3,3,4,5,4,5,3,3.92,28,28,FALSE
Female,Loyal Customer,54,Business Travel,Business,728,3,3,3,3,3,4,4,4,4,4,4,5,4,3.69,0,0,TRUE
Male,Disloyal Customer,23,Business Travel,Eco,850,2,2,2,1,5,2,5,5,4,5,5,3,5,3.54,0,19,FALSE
Female,Loyal Customer,52,Personal Travel,Eco,1825,4,5,4,3,3,5,4,2,2,4,2,3,5,3.54,0,0,TRUE
Female,Loyal Customer,28,Business Travel,Business,3179,3,3,3,3,5,5,5,5,3,4,5,5,5,4.15,0,0,TRUE
Female,Loyal Customer,58,Business Travel,Business,363,4,1,1,1,2,3,3,4,4,4,4,2,2,2.69,0,0,FALSE
Male,Loyal Customer,51,Personal Travel,Eco,1121,3,4,3,1,2,3,2,2,4,5,3,5,2,3,52,69,FALSE
Male,Loyal Customer,34,Personal Travel,Eco,2454,4,2,4,3,4,1,1,4,5,3,3,1,1,2.77,0,5,FALSE
Female,Disloyal Customer,57,Business Travel,Eco,729,2,2,2,4,1,2,1,1,4,2,3,1,1,2,25,17,FALSE
Male,Loyal Customer,53,Business Travel,Eco,414,1,4,4,4,1,1,1,1,1,1,3,1,1,1.85,12,2,FALSE
Female,Loyal Customer,56,Business Travel,Business,2815,3,3,1,3,2,5,4,4,4,4,4,4,4,3.46,0,1,TRUE
Male,Loyal Customer,23,Personal Travel,Business,383,2,4,2,2,2,2,2,2,2,1,2,2,2,2.08,1,15,FALSE
Female,Disloyal Customer,9,Business Travel,Eco,1048,3,3,3,4,5,3,5,5,2,4,4,4,5,3.85,38,28,FALSE
Male,Loyal Customer,33,Personal Travel,Eco Plus,751,4,4,5,3,2,5,2,2,5,4,2,5,2,3.46,48,51,FALSE
Female,Disloyal Customer,43,Business Travel,Eco,1212,4,4,4,3,2,4,2,2,4,5,2,2,2,3.08,9,1,FALSE
Male,Loyal Customer,37,Business Travel,Business,632,5,5,5,5,2,5,4,4,4,4,4,3,4,4.15,0,0,TRUE
Male,Loyal Customer,35,Personal Travel,Eco,1389,3,1,2,4,5,2,5,5,2,2,4,2,5,3.23,0,0,FALSE
Male,Loyal Customer,61,Personal Travel,Eco,328,2,0,2,3,2,2,2,2,5,5,4,3,2,2.62,0,0,FALSE
Female,Loyal Customer,40,Business Travel,Business,1651,3,1,1,1,3,2,2,3,3,3,3,1,2,2.15,0,0,FALSE
Male,Loyal Customer,55,Business Travel,Business,3546,0,0,0,3,3,5,5,4,4,4,4,4,3,3,0,0,TRUE
Male,Loyal Customer,51,Personal Travel,Business,196,2,5,2,3,2,5,5,3,3,2,3,5,4,3.38,20,22,FALSE
Female,Loyal Customer,14,Personal Travel,Eco Plus,327,4,0,4,4,2,4,2,2,5,5,5,3,2,3.23,24,23,FALSE
Male,Disloyal Customer,24,Business Travel,Eco,1222,3,3,3,4,4,3,4,4,4,3,4,4,4,3.62,3,0,FALSE
Female,Loyal Customer,55,Business Travel,Eco,954,4,4,4,4,2,1,4,4,4,4,4,3,2,3.38,30,19,TRUE
Male,Loyal Customer,20,Business Travel,Business,542,4,4,2,4,5,5,5,5,3,3,3,3,5,3.92,0,0,TRUE
Male,Disloyal Customer,28,Business Travel,Eco,531,3,5,3,4,3,3,3,3,2,2,3,3,3,3.08,0,0,FALSE
Female,Loyal Customer,26,Personal Travel,Eco,1346,3,5,3,2,2,3,4,2,4,2,5,3,2,3.08,0,0,FALSE
Male,Loyal Customer,48,Business Travel,Business,175,4,5,4,4,4,4,4,5,5,5,5,3,3,4.23,11,6,TRUE
Male,Loyal Customer,29,Business Travel,Eco Plus,2248,2,5,5,5,2,2,2,3,3,2,3,2,2,2.92,12,25,FALSE
Male,Loyal Customer,55,Business Travel,Business,3381,5,5,5,5,3,4,4,5,5,5,5,5,5,4.69,0,6,TRUE
Female,Loyal Customer,45,Personal Travel,Eco,1024,4,3,4,4,3,2,2,3,3,4,1,3,4,3.08,0,0,TRUE
Female,Loyal Customer,32,Business Travel,Eco Plus,641,3,1,1,1,3,3,3,3,4,2,3,3,3,2.54,4,10,FALSE
Female,Loyal Customer,44,Business Travel,Business,1235,1,1,1,1,3,4,4,4,4,4,4,5,4,3.08,8,0,TRUE
Female,Disloyal Customer,27,Business Travel,Eco,874,4,4,4,4,2,4,1,2,1,4,4,3,2,3,0,4,FALSE
Male,Loyal Customer,47,Personal Travel,Eco,1180,3,5,3,5,4,3,4,4,3,3,4,3,4,3.69,0,0,FALSE
Male,Loyal Customer,25,Personal Travel,Eco,1607,4,5,4,5,5,4,1,5,3,5,5,5,5,4.31,41,20,FALSE
Female,Loyal Customer,41,Personal Travel,Eco,1587,3,4,3,3,4,3,4,4,3,4,3,3,4,3.46,0,0,FALSE
Female,Loyal Customer,24,Personal Travel,Eco,226,2,4,0,2,1,0,1,1,4,4,4,4,1,2.15,0,0,FALSE
Female,Loyal Customer,38,Business Travel,Business,1888,2,2,3,2,2,4,3,2,2,3,2,2,3,2.46,0,0,FALSE
Female,Loyal Customer,55,Personal Travel,Eco,679,3,5,3,5,1,4,2,5,5,3,5,2,3,3.54,46,44,FALSE
Male,Loyal Customer,32,Personal Travel,Eco,528,3,4,3,4,1,3,1,1,3,3,4,4,1,2.69,0,0,FALSE
Male,Loyal Customer,31,Personal Travel,Eco,399,3,5,3,2,2,3,2,2,4,2,4,4,2,2.92,20,0,FALSE
Female,Loyal Customer,46,Business Travel,Eco,925,5,4,4,4,2,2,3,5,5,5,5,3,5,4,31,34,TRUE
Female,Loyal Customer,45,Business Travel,Business,1833,3,3,3,3,5,4,5,5,5,5,5,4,3,4.08,0,0,TRUE
Female,Loyal Customer,77,Business Travel,Eco Plus,290,2,5,5,5,3,4,4,2,2,2,2,3,3,3.23,0,0,FALSE
Male,Loyal Customer,66,Personal Travel,Eco,399,1,4,4,2,3,4,3,3,4,5,4,5,3,3.46,0,6,FALSE
Male,Disloyal Customer,23,Business Travel,Eco,1226,1,1,1,3,4,1,4,4,2,5,4,3,4,2.85,0,0,FALSE
Male,Loyal Customer,43,Business Travel,Business,2454,4,4,4,4,4,4,4,3,3,4,5,4,4,3.92,0,18,TRUE
Female,Loyal Customer,17,Personal Travel,Eco,453,3,5,3,2,3,3,3,3,3,5,4,4,3,3.38,0,0,FALSE
Female,Loyal Customer,53,Personal Travel,Eco,534,2,4,5,1,3,4,5,2,2,5,2,3,3,3.15,32,20,FALSE
Female,Disloyal Customer,68,Business Travel,Eco,1162,1,1,1,2,4,1,4,4,2,2,2,1,4,2.23,0,0,FALSE
Male,Loyal Customer,43,Business Travel,Eco,425,5,2,2,2,5,5,5,5,2,3,3,3,5,3.62,0,0,TRUE
Male,Loyal Customer,32,Personal Travel,Eco,1481,4,5,4,3,5,4,5,5,4,4,3,3,5,4.15,0,0,TRUE
Male,Disloyal Customer,70,Business Travel,Business,785,1,1,1,2,1,1,1,1,4,1,2,2,1,1.46,0,0,FALSE
Male,Loyal Customer,27,Business Travel,Business,3797,5,2,5,5,3,4,3,3,1,3,3,3,3,3.31,0,0,TRUE
Female,Loyal Customer,22,Personal Travel,Eco,550,3,3,3,4,4,3,4,4,2,1,4,1,4,3.08,0,0,FALSE
Female,Loyal Customer,56,Business Travel,Business,2701,5,5,5,5,4,4,5,3,3,4,3,5,3,4.15,0,0,TRUE
Male,Disloyal Customer,49,Business Travel,Business,1984,3,3,3,1,5,3,5,5,5,3,4,3,5,3.69,0,0,FALSE
Male,Loyal Customer,13,Personal Travel,Eco Plus,135,3,0,3,1,1,3,1,1,3,4,5,3,1,2.23,42,125,FALSE
Female,Loyal Customer,46,Business Travel,Eco,262,2,2,2,2,3,2,3,2,2,2,2,2,4,2.31,0,6,TRUE
Male,Loyal Customer,37,Business Travel,Business,1821,5,5,5,5,3,4,1,4,4,4,4,1,5,3.85,5,11,TRUE
Male,Loyal Customer,35,Personal Travel,Eco,806,2,4,3,4,2,3,2,2,2,2,3,5,2,2.77,0,0,FALSE
Male,Loyal Customer,42,Personal Travel,Eco,793,2,4,2,3,4,2,4,4,5,3,4,3,4,3.38,8,0,FALSE
Male,Loyal Customer,22,Personal Travel,Eco,590,2,1,2,3,3,2,3,3,4,5,3,2,3,2.77,0,0,FALSE
Male,Disloyal Customer,32,Business Travel,Eco,208,3,4,3,3,2,3,2,2,2,2,3,4,2,2.69,116,,FALSE
Female,Loyal Customer,52,Personal Travel,Eco,431,3,5,3,5,4,4,5,4,4,3,4,3,4,3.92,0,0,FALSE
Female,Loyal Customer,16,Personal Travel,Eco,150,2,5,2,3,5,2,5,5,3,5,4,5,5,3.92,0,0,FALSE
Male,Loyal Customer,72,Business Travel,Business,2721,2,2,2,2,5,5,4,2,2,2,2,5,3,2.92,0,0,TRUE
Male,Disloyal Customer,31,Business Travel,Business,1107,4,4,4,3,4,4,4,4,2,5,2,4,4,3.69,57,42,FALSE
Male,Loyal Customer,32,Personal Travel,Eco,725,1,3,0,2,5,0,1,5,1,4,3,4,5,2.62,0,6,FALSE
Male,Loyal Customer,8,Personal Travel,Eco,546,2,2,2,3,2,2,2,2,1,2,2,1,2,1.92,0,0,FALSE
Male,Disloyal Customer,54,Business Travel,Business,1005,4,4,4,5,5,4,5,5,3,5,4,4,5,4.38,0,0,TRUE
Male,Loyal Customer,55,Business Travel,Business,184,4,4,4,4,2,5,5,4,4,4,4,3,3,3.85,0,0,TRUE
Female,Loyal Customer,53,Personal Travel,Eco,422,3,5,3,2,3,4,2,5,5,3,5,2,5,3.62,0,0,FALSE
Male,Loyal Customer,33,Business Travel,Eco,301,4,4,4,4,5,5,5,5,4,1,5,3,5,4.15,3,0,TRUE
Male,Loyal Customer,41,Business Travel,Business,1810,1,1,1,1,2,4,5,4,4,4,4,4,5,3.08,0,0,TRUE
Female,Loyal Customer,22,Business Travel,Business,2552,5,5,5,5,1,2,1,1,5,5,5,3,1,3.38,22,2,TRUE
Female,Loyal Customer,71,Business Travel,Eco Plus,355,4,1,1,1,1,5,1,4,4,4,4,2,4,2.77,0,0,TRUE
Female,Loyal Customer,29,Personal Travel,Business,1535,3,4,3,3,3,3,3,3,3,2,4,4,3,3.15,12,0,FALSE
Female,Loyal Customer,46,Business Travel,Business,483,3,3,3,3,4,5,5,4,4,4,4,4,4,3.85,0,0,TRUE
Male,Loyal Customer,17,Personal Travel,Eco Plus,630,3,4,3,4,5,3,5,5,3,2,4,3,5,3.77,0,0,FALSE
Male,Disloyal Customer,32,Business Travel,Business,759,3,3,3,2,5,3,5,5,5,2,5,4,5,3.85,15,6,FALSE
Male,Loyal Customer,63,Personal Travel,Eco Plus,272,3,4,3,2,3,3,1,3,4,4,4,5,3,3.23,0,0,FALSE
Male,Loyal Customer,41,Business Travel,Business,1831,2,2,2,2,4,2,5,4,4,4,4,1,1,2.85,20,15,TRUE
Female,Loyal Customer,7,Personal Travel,Eco,158,4,4,4,1,1,4,1,1,5,2,5,4,1,2.85,0,0,FALSE
Female,Loyal Customer,45,Business Travel,Business,837,1,1,1,1,2,5,5,4,4,4,4,5,4,3.15,6,2,TRUE
Female,Loyal Customer,46,Business Travel,Business,3017,1,1,3,1,3,4,4,4,4,4,4,5,3,3.15,12,3,TRUE
Male,Loyal Customer,43,Business Travel,Business,3112,5,5,5,5,5,4,5,5,5,5,5,3,3,4.62,76,68,TRUE
Female,Loyal Customer,39,Personal Travel,Eco,383,3,4,3,3,4,3,4,4,4,5,5,5,4,3.92,9,1,FALSE
Male,Loyal Customer,39,Business Travel,Business,1898,0,0,0,1,4,5,4,2,2,5,5,3,3,2.62,0,0,TRUE
Male,Loyal Customer,45,Business Travel,Business,846,3,3,3,3,5,5,4,3,3,4,3,4,5,3.69,0,0,TRUE
Female,Loyal Customer,16,Personal Travel,Eco,862,3,4,3,4,4,3,4,4,5,5,4,5,4,4,21,10,FALSE
Female,Loyal Customer,42,Business Travel,Business,1162,2,5,3,5,3,4,4,2,2,2,2,2,2,2.92,11,19,FALSE
Male,Loyal Customer,59,Business Travel,Business,529,3,3,3,3,4,5,5,5,5,5,5,5,3,4.15,0,0,TRUE
Male,Disloyal Customer,26,Business Travel,Eco,862,2,2,2,4,1,2,1,1,1,4,3,4,1,2.15,3,2,FALSE
Male,Disloyal Customer,22,Business Travel,Eco,868,3,3,3,5,2,3,2,2,4,3,5,3,2,3.08,0,0,FALSE
Female,Loyal Customer,61,Personal Travel,Eco,458,3,5,3,4,3,1,5,4,4,3,4,2,1,3.23,30,21,FALSE
Male,Loyal Customer,35,Personal Travel,Business,1185,4,4,4,4,2,3,4,2,2,4,2,4,3,3.23,0,0,TRUE
Female,Disloyal Customer,23,Business Travel,Eco,461,4,1,4,3,4,4,4,4,3,4,3,3,4,3.46,0,5,FALSE
Male,Disloyal Customer,25,Business Travel,Eco,241,5,0,5,1,4,5,4,4,5,1,3,3,4,3.38,0,0,TRUE
Male,Disloyal Customer,24,Business Travel,Business,473,4,0,4,4,5,4,5,5,5,4,5,5,5,4.23,10,2,TRUE
Male,Loyal Customer,54,Business Travel,Business,2611,2,2,2,2,2,3,5,4,4,4,4,5,5,3.38,0,14,TRUE
Male,Loyal Customer,44,Business Travel,Eco,1674,5,5,5,5,5,5,5,5,1,1,4,3,5,4.15,0,0,TRUE
Male,Loyal Customer,52,Business Travel,Business,3395,3,3,3,3,4,1,3,3,3,4,3,5,1,3,0,0,TRUE
Female,Disloyal Customer,29,Business Travel,Eco,641,2,1,2,3,5,2,4,5,3,5,4,3,5,3.38,50,40,FALSE
Female,Loyal Customer,16,Business Travel,Business,1448,1,1,5,1,4,4,4,4,3,3,2,2,4,2.92,3,0,TRUE
Male,Loyal Customer,60,Business Travel,Business,1943,1,1,1,1,5,4,5,5,5,5,5,3,4,3.46,0,0,TRUE
Male,Loyal Customer,37,Business Travel,Business,1909,4,4,2,4,5,5,4,5,5,5,5,4,5,4.38,0,0,TRUE
Male,Loyal Customer,22,Personal Travel,Eco,1670,1,4,1,3,4,1,4,4,3,2,4,4,4,3,0,3,FALSE
Female,Disloyal Customer,21,Business Travel,Business,266,4,4,4,3,3,4,3,3,1,1,3,4,3,3.08,1,0,FALSE
Male,Loyal Customer,22,Business Travel,Business,647,4,4,4,4,4,4,4,4,3,3,5,5,4,4,15,10,TRUE
Female,Loyal Customer,10,Personal Travel,Eco,1035,2,3,2,2,1,2,1,1,2,1,3,1,1,1.69,0,0,FALSE
Male,Loyal Customer,47,Business Travel,Business,406,5,5,5,5,3,4,5,4,4,4,4,3,3,4.15,0,0,TRUE
Male,Loyal Customer,37,Personal Travel,Eco,127,3,2,3,3,1,3,1,1,2,5,3,3,1,2.38,0,0,FALSE
Male,Loyal Customer,35,Personal Travel,Eco Plus,368,2,3,2,3,3,2,3,3,4,2,1,1,3,2.46,44,38,FALSE
Female,Loyal Customer,32,Business Travel,Business,315,1,1,1,1,5,5,5,5,2,4,4,5,5,3.38,5,0,TRUE
Male,Loyal Customer,54,Business Travel,Business,3620,4,4,4,4,5,5,4,4,4,4,4,4,4,4.15,0,0,TRUE
Female,Loyal Customer,34,Personal Travel,Eco,588,2,5,2,4,3,2,3,3,4,5,5,5,3,3.54,7,0,FALSE
Female,Disloyal Customer,25,Business Travel,Business,484,5,0,5,4,5,5,5,5,5,2,4,5,5,4.23,0,0,TRUE
Female,Disloyal Customer,25,Business Travel,Business,337,2,4,2,4,2,2,2,2,5,4,4,4,2,3,0,0,FALSE
Female,Loyal Customer,20,Personal Travel,Eco,2218,3,3,3,1,3,3,3,3,2,4,4,5,3,3.08,1,0,FALSE
Male,Loyal Customer,65,Personal Travel,Eco,495,1,5,1,4,1,1,1,1,5,5,4,4,1,2.62,0,0,FALSE
Female,Loyal Customer,30,Business Travel,Business,134,2,2,2,2,4,4,5,4,5,4,5,5,4,3.69,61,58,TRUE
Female,Loyal Customer,50,Business Travel,Business,414,5,5,4,5,3,4,5,4,4,4,4,4,5,4.31,0,0,TRUE
Female,Loyal Customer,59,Business Travel,Business,1892,2,2,2,2,2,4,5,5,5,5,5,4,4,3.62,0,0,TRUE
Male,Loyal Customer,25,Business Travel,Business,3549,1,1,1,1,5,5,5,5,5,4,4,3,5,3.46,0,26,TRUE
Female,Loyal Customer,43,Business Travel,Business,2970,4,4,4,4,5,4,4,2,2,2,2,3,4,3.38,12,0,TRUE
Female,Loyal Customer,25,Business Travel,Business,3644,4,4,5,4,5,5,5,5,2,3,1,2,5,3.85,0,0,TRUE
Female,Loyal Customer,35,Personal Travel,Eco,622,3,3,3,3,2,3,2,2,3,2,4,4,2,2.77,5,49,FALSE
Male,Disloyal Customer,45,Business Travel,Business,429,5,5,5,5,3,5,3,3,5,5,4,5,3,4.31,0,0,TRUE
Male,Disloyal Customer,29,Business Travel,Eco,300,4,4,4,2,3,4,3,3,4,3,2,5,3,3.38,0,0,FALSE
Female,Loyal Customer,14,Personal Travel,Eco,491,4,5,3,1,3,3,3,3,4,2,4,5,3,3.31,0,0,TRUE
Male,Loyal Customer,28,Personal Travel,Eco,237,3,5,0,1,4,0,4,4,4,4,4,3,4,3.08,78,82,FALSE
Female,Loyal Customer,31,Business Travel,Business,2399,4,5,2,2,4,4,4,4,1,5,4,1,4,3.38,0,0,FALSE
Female,Loyal Customer,17,Business Travel,Business,74,2,1,5,1,4,3,2,4,4,4,3,1,4,2.92,25,13,FALSE
Female,Disloyal Customer,39,Business Travel,Business,448,3,3,3,4,1,3,1,1,3,5,4,1,1,2.54,0,0,FALSE
Male,Loyal Customer,52,Business Travel,Eco,488,4,1,1,1,4,4,4,4,1,2,2,1,4,2.54,27,28,FALSE
Female,Loyal Customer,50,Business Travel,Business,3191,4,3,4,4,3,4,5,2,2,2,2,3,3,3.15,0,0,TRUE
Female,Loyal Customer,60,Business Travel,Business,1958,5,5,5,5,3,5,5,4,4,4,4,4,3,4.31,12,0,TRUE
Male,Loyal Customer,33,Personal Travel,Eco,584,2,4,2,3,2,2,2,2,3,4,4,3,2,2.69,0,0,FALSE
Male,Loyal Customer,52,Business Travel,Business,3031,5,5,5,5,4,4,5,4,4,4,4,5,4,4.46,0,0,TRUE
Male,Loyal Customer,58,Business Travel,Eco,1199,1,2,2,2,1,1,1,1,2,4,4,4,1,2,0,0,FALSE
Female,Loyal Customer,42,Business Travel,Eco,1121,3,2,2,2,1,2,3,3,3,3,3,5,2,2.62,0,0,TRUE
Female,Loyal Customer,47,Personal Travel,Eco Plus,679,1,5,1,4,4,4,4,4,4,1,4,5,4,3.46,17,18,FALSE
Female,Disloyal Customer,26,Business Travel,Eco,872,3,3,3,3,5,3,4,5,4,1,3,1,5,3.31,0,0,FALSE
Female,Loyal Customer,57,Business Travel,Eco Plus,753,3,4,4,4,2,3,3,3,3,3,3,1,3,3,0,5,FALSE
Female,Loyal Customer,42,Business Travel,Business,1605,2,2,2,2,4,4,5,5,5,5,5,4,4,3.77,4,0,TRUE
Male,Loyal Customer,36,Business Travel,Business,163,5,5,4,5,1,1,2,3,3,4,5,1,2,3.15,0,2,TRUE
Male,Loyal Customer,15,Personal Travel,Eco,562,2,4,2,4,1,2,1,1,5,4,4,3,1,2.62,1,0,FALSE
Male,Loyal Customer,44,Business Travel,Business,3722,2,2,2,2,2,4,4,5,5,5,5,3,4,3.46,0,0,TRUE
Female,Loyal Customer,31,Personal Travel,Eco,1050,3,3,3,3,4,3,4,4,4,5,3,1,4,3.38,0,0,FALSE
Male,Loyal Customer,47,Business Travel,Business,3255,3,3,3,3,3,5,4,4,4,4,4,5,4,3.77,10,0,TRUE
Female,Loyal Customer,19,Personal Travel,Eco Plus,331,3,4,3,2,5,3,5,5,4,3,5,5,5,4,0,0,FALSE
Male,Loyal Customer,49,Personal Travel,Eco,846,2,4,2,4,4,2,4,4,3,4,5,4,4,3.54,0,0,FALSE
Male,Loyal Customer,60,Personal Travel,Eco,758,3,4,2,3,5,2,5,5,4,5,4,5,5,4,52,62,FALSE
Male,Loyal Customer,21,Business Travel,Business,554,3,3,3,3,4,4,4,4,5,1,5,1,4,3.38,0,0,TRUE
Female,Loyal Customer,30,Business Travel,Business,1010,5,5,5,5,4,4,4,4,2,2,1,3,4,3.69,0,0,TRUE
Male,Disloyal Customer,42,Business Travel,Business,226,3,3,3,3,4,3,3,4,5,4,5,4,4,3.69,0,0,FALSE
Male,Loyal Customer,59,Business Travel,Business,616,1,1,1,1,2,4,4,4,4,4,4,3,5,2.92,0,0,TRUE
Male,Loyal Customer,23,Personal Travel,Eco,351,2,4,5,2,3,5,3,3,5,5,5,4,3,3.77,3,0,FALSE
Male,Loyal Customer,38,Business Travel,Business,501,3,3,3,3,5,4,5,4,4,4,4,4,4,3.85,0,0,TRUE
Female,Loyal Customer,22,Business Travel,Business,2576,1,0,0,3,5,0,3,5,4,2,3,4,5,2.69,68,65,FALSE
Male,Loyal Customer,54,Business Travel,Business,3519,3,3,3,3,2,5,5,5,5,5,5,3,4,3.92,0,0,TRUE
Female,Loyal Customer,12,Personal Travel,Eco,1587,2,5,2,1,5,2,5,5,4,2,4,4,5,3.54,0,2,FALSE
Male,Loyal Customer,50,Business Travel,Eco,550,4,5,5,5,4,4,4,4,3,3,1,3,4,3.77,0,0,FALSE
Male,Disloyal Customer,50,Business Travel,Eco Plus,674,2,2,2,3,1,2,3,1,4,5,4,2,1,2.46,0,0,FALSE
Female,Disloyal Customer,26,Business Travel,Business,1464,4,4,4,4,5,4,5,5,3,3,5,3,5,4.15,0,28,TRUE
Female,Loyal Customer,47,Business Travel,Business,1590,5,5,5,5,3,5,4,4,4,4,4,5,3,4.31,0,0,TRUE
Female,Loyal Customer,7,Personal Travel,Eco Plus,2586,2,5,2,3,3,2,3,3,4,5,4,5,3,3.38,6,11,FALSE
Male,Loyal Customer,62,Business Travel,Business,1531,2,2,5,2,2,4,4,2,2,2,2,1,4,2.62,0,0,FALSE
Female,Loyal Customer,53,Business Travel,Business,405,3,4,3,3,3,5,5,5,5,5,5,5,5,4.31,0,0,TRUE
Female,Loyal Customer,25,Business Travel,Eco,680,5,5,5,5,5,5,5,5,2,1,2,1,5,3.92,0,0,TRUE
Female,Loyal Customer,54,Business Travel,Business,2863,2,2,2,2,2,4,5,4,4,4,4,3,5,3.31,7,0,TRUE
Female,Loyal Customer,57,Personal Travel,Eco,529,2,5,2,3,2,5,5,1,1,2,1,5,5,3,0,0,FALSE
Female,Loyal Customer,32,Business Travel,Business,2556,2,2,2,2,5,5,5,5,3,3,4,3,5,3.54,0,0,TRUE
Female,Disloyal Customer,20,Business Travel,Eco,247,2,4,2,3,3,2,3,3,2,1,4,1,3,2.54,0,0,FALSE
Male,Loyal Customer,23,Personal Travel,Eco,448,3,4,3,4,5,3,5,5,4,4,5,3,5,4.08,0,19,FALSE
Female,Loyal Customer,52,Personal Travel,Eco,687,2,4,3,4,3,4,5,1,1,3,1,5,4,3.08,27,39,FALSE
Female,Loyal Customer,50,Business Travel,Business,3643,2,2,2,2,2,4,5,4,4,4,4,5,3,3.31,2,6,TRUE
Female,Loyal Customer,68,Personal Travel,Eco,1325,2,4,2,3,2,3,5,3,3,2,2,4,3,2.92,0,0,FALSE
Male,Loyal Customer,42,Personal Travel,Eco Plus,95,1,4,1,1,1,1,5,1,2,1,1,3,1,1.77,115,120,FALSE
Female,Loyal Customer,43,Personal Travel,Eco,583,3,4,3,3,2,5,4,2,2,3,2,5,4,3.23,0,0,FALSE
Female,Loyal Customer,53,Business Travel,Eco,453,5,1,1,1,2,1,3,5,5,5,5,2,4,3.08,1,0,TRUE
Female,Loyal Customer,49,Business Travel,Business,2399,2,2,2,2,2,4,5,4,4,4,4,5,5,3.46,0,0,TRUE
Female,Loyal Customer,12,Personal Travel,Eco,125,0,5,0,3,5,0,5,5,4,5,3,3,5,3.31,4,4,TRUE
Male,Loyal Customer,60,Personal Travel,Eco,431,3,5,3,4,1,3,1,1,3,2,4,5,1,2.77,0,0,FALSE
Male,Loyal Customer,34,Business Travel,Business,304,1,2,2,2,5,3,3,1,1,1,1,3,2,2.08,0,0,FALSE
Male,Disloyal Customer,25,Business Travel,Business,2454,4,4,4,2,4,2,2,4,4,5,4,2,2,3.31,0,1,TRUE
Male,Loyal Customer,68,Personal Travel,Eco,936,4,5,4,2,5,4,5,5,5,5,5,3,5,4.38,21,0,FALSE
Male,Loyal Customer,46,Personal Travel,Eco,2300,2,4,3,1,4,3,4,4,2,3,4,2,4,3.08,12,1,FALSE
Male,Loyal Customer,53,Business Travel,Business,1967,1,1,1,1,2,4,4,5,5,5,5,5,3,3.23,9,12,TRUE
Female,Loyal Customer,45,Business Travel,Business,116,2,1,1,1,5,4,4,4,4,4,2,1,2,2.69,0,8,FALSE
Male,Loyal Customer,72,Business Travel,Business,2009,2,2,2,2,4,4,3,2,2,3,2,3,4,2.69,0,0,FALSE
Male,Disloyal Customer,24,Business Travel,Eco,569,4,0,4,3,3,4,3,3,3,2,5,4,3,3.15,19,9,FALSE
Female,Loyal Customer,16,Personal Travel,Eco,200,3,5,3,4,4,3,4,4,2,2,5,5,4,3.69,0,0,FALSE
Male,Loyal Customer,39,Business Travel,Eco,500,3,5,5,5,3,3,3,3,5,3,5,1,3,3.62,8,0,TRUE
Male,Loyal Customer,57,Business Travel,Business,255,1,1,1,1,4,4,5,5,5,5,5,4,3,3.38,49,48,TRUE
Female,Loyal Customer,58,Business Travel,Eco,429,2,2,2,2,4,3,4,2,2,2,2,2,4,2.54,16,33,FALSE
Female,Loyal Customer,47,Personal Travel,Eco,1258,1,5,1,4,2,4,5,3,3,1,1,3,3,2.77,0,10,FALSE
Male,Loyal Customer,9,Personal Travel,Eco,607,4,4,4,2,1,4,1,1,4,2,5,3,1,2.77,2,17,FALSE
Female,Loyal Customer,43,Business Travel,Business,3947,4,4,4,4,5,2,3,4,4,4,4,3,4,3.77,19,9,TRUE
Female,Loyal Customer,69,Personal Travel,Eco,2475,3,2,3,4,3,2,2,3,2,3,4,2,2,2.69,9,4,FALSE
Male,Loyal Customer,28,Business Travel,Business,1488,2,2,2,2,5,5,5,5,4,3,5,4,5,3.77,0,5,TRUE
Female,Disloyal Customer,26,Business Travel,Eco,853,2,3,3,3,5,3,5,5,4,4,4,3,5,3.77,0,0,FALSE
Male,Disloyal Customer,27,Business Travel,Business,189,0,0,0,5,4,0,4,4,5,4,4,4,4,2.92,0,0,TRUE
Female,Loyal Customer,38,Business Travel,Business,1056,4,4,4,4,4,4,4,1,5,3,4,4,4,3.77,267,287,TRUE
Male,Loyal Customer,26,Personal Travel,Eco Plus,516,3,2,3,3,1,3,1,1,1,1,4,4,1,2.15,11,9,FALSE
Male,Loyal Customer,18,Personal Travel,Eco,262,4,5,4,2,1,4,1,1,5,3,5,2,1,2.92,0,0,FALSE
Male,Disloyal Customer,20,Business Travel,Eco,377,2,4,2,4,4,2,4,4,1,1,3,2,4,2.85,108,95,FALSE
Female,Disloyal Customer,65,Business Travel,Eco,308,4,1,4,3,2,4,5,2,1,2,3,2,2,2.69,0,3,FALSE
Male,Loyal Customer,40,Business Travel,Business,349,2,2,2,2,5,5,5,4,4,4,4,5,5,3.77,12,5,TRUE
Male,Loyal Customer,53,Business Travel,Eco,679,3,2,1,2,3,3,3,3,3,5,4,1,3,2.77,0,0,FALSE
Female,Loyal Customer,47,Business Travel,Business,3405,3,3,3,3,4,4,4,4,4,4,4,3,4,3.62,0,0,TRUE
Male,Loyal Customer,59,Personal Travel,Eco Plus,626,2,5,3,2,2,3,2,2,3,3,4,5,2,2.92,0,0,FALSE
Female,Loyal Customer,37,Business Travel,Business,190,3,3,3,3,3,2,2,4,4,4,4,4,5,3.38,0,0,TRUE
Male,Loyal Customer,47,Business Travel,Eco,918,1,3,3,3,1,1,1,1,3,4,2,3,1,2.08,0,0,FALSE
Female,Loyal Customer,47,Business Travel,Business,3447,2,2,2,2,5,4,4,2,2,2,2,3,5,2.85,1,8,TRUE
Male,Loyal Customer,59,Business Travel,Business,1464,2,2,2,2,4,4,4,5,5,5,5,3,5,3.69,0,0,TRUE
Male,Disloyal Customer,39,Business Travel,Eco,427,2,0,2,3,4,2,3,4,3,3,1,1,4,2.46,0,0,FALSE
Male,Loyal Customer,45,Business Travel,Business,4243,3,2,3,3,4,3,3,5,4,3,4,3,3,3.31,0,0,TRUE
Female,Loyal Customer,44,Business Travel,Business,1747,4,4,3,4,1,5,4,5,5,5,5,5,1,3.92,0,17,TRUE
Male,Loyal Customer,47,Business Travel,Business,3624,4,4,4,4,5,5,5,4,4,4,4,4,4,4.23,0,0,TRUE
Female,Loyal Customer,73,Business Travel,Eco Plus,391,4,2,2,2,4,4,4,3,3,4,3,3,1,3,0,4,FALSE
Male,Loyal Customer,44,Business Travel,Business,992,4,4,4,4,3,5,5,4,4,4,4,4,3,4,37,16,TRUE
Male,Loyal Customer,19,Personal Travel,Eco,163,4,4,0,2,2,0,2,2,4,5,5,5,2,2.85,0,0,FALSE
Male,Loyal Customer,42,Business Travel,Business,1599,1,1,1,1,4,5,4,4,4,5,4,5,4,3.31,0,0,TRUE
Female,Loyal Customer,42,Business Travel,Eco,677,4,1,1,1,1,4,3,4,4,4,4,2,3,2.77,0,0,TRUE
Female,Disloyal Customer,21,Business Travel,Eco,1372,3,3,3,1,5,3,3,5,5,2,5,4,5,3.62,0,0,FALSE
Female,Loyal Customer,18,Personal Travel,Eco,1464,3,4,3,5,1,3,1,1,3,5,4,5,1,3,27,31,FALSE
Male,Disloyal Customer,23,Business Travel,Eco,488,4,0,4,3,4,4,4,4,5,1,5,3,4,3.46,0,0,FALSE
Female,Disloyal Customer,24,Business Travel,Business,631,3,2,3,3,1,3,1,1,4,2,4,1,1,2.23,1,0,FALSE
Female,Loyal Customer,40,Business Travel,Business,2430,1,4,4,4,2,3,4,1,1,1,1,1,2,2.23,26,15,FALSE
Male,Loyal Customer,15,Personal Travel,Eco,1119,1,5,1,4,3,1,3,3,5,3,5,5,3,3.23,1,0,FALSE
Female,Loyal Customer,64,Personal Travel,Eco Plus,696,3,5,3,3,2,5,5,4,4,3,5,5,3,3.85,14,0,FALSE
Female,Loyal Customer,41,Business Travel,Business,2467,2,1,1,1,3,3,4,2,2,2,2,3,2,2.15,0,25,FALSE
Female,Loyal Customer,28,Business Travel,Business,1576,3,3,3,3,5,5,5,5,4,2,4,3,5,3.85,0,0,TRUE
Female,Disloyal Customer,44,Business Travel,Business,728,4,4,4,5,4,4,4,4,4,2,5,5,4,4.08,0,0,TRUE
Female,Loyal Customer,17,Business Travel,Business,1626,1,2,2,2,1,1,1,1,4,4,3,2,1,1.92,0,0,FALSE
Male,Loyal Customer,25,Business Travel,Business,903,3,3,3,3,5,5,5,5,4,5,5,5,5,4.31,0,0,TRUE
Male,Loyal Customer,53,Business Travel,Business,2330,5,5,5,5,5,5,4,4,4,4,4,4,3,4.38,0,0,TRUE
Male,Loyal Customer,49,Business Travel,Business,405,4,4,4,4,2,4,5,4,4,5,4,4,3,3.92,15,6,TRUE
Male,Disloyal Customer,19,Business Travel,Eco,611,1,3,1,3,3,1,3,3,4,2,4,1,3,2.46,0,0,FALSE
Female,Loyal Customer,65,Personal Travel,Eco,577,2,4,2,4,2,5,4,1,1,2,1,5,5,2.92,2,0,FALSE
Male,Loyal Customer,26,Personal Travel,Business,316,2,0,2,1,2,2,4,2,5,4,5,3,2,2.62,1,0,FALSE
Male,Loyal Customer,30,Business Travel,Business,752,4,4,4,4,3,3,3,3,1,4,2,5,3,3.31,14,1,TRUE
Female,Loyal Customer,37,Business Travel,Business,373,4,4,4,4,3,3,5,4,4,4,4,5,1,3.77,0,0,TRUE
Female,Loyal Customer,31,Business Travel,Business,1727,5,5,4,5,5,5,5,5,4,3,3,4,5,4.46,0,0,TRUE
Male,Loyal Customer,42,Personal Travel,Eco,1346,3,5,3,2,1,3,1,1,3,3,4,5,1,2.69,40,26,FALSE
Female,Loyal Customer,38,Business Travel,Business,2032,5,5,5,5,2,2,4,2,2,2,2,5,3,3.38,2,0,TRUE
Male,Loyal Customer,60,Business Travel,Business,3980,3,3,3,3,3,4,3,3,3,3,3,3,4,3.15,0,0,FALSE
Female,Loyal Customer,46,Business Travel,Business,1789,2,2,2,2,3,2,1,4,4,4,4,1,5,2.77,0,0,TRUE
Male,Loyal Customer,54,Business Travel,Business,3790,3,3,3,3,5,4,5,1,1,2,1,4,4,3,0,18,TRUE
Female,Loyal Customer,23,Personal Travel,Eco,669,1,5,1,4,3,1,3,3,3,3,5,5,3,3.08,0,0,FALSE
Male,Loyal Customer,28,Business Travel,Eco Plus,1045,2,3,3,3,2,2,2,2,1,1,3,3,2,2.23,0,0,FALSE
Male,Loyal Customer,58,Business Travel,Business,2637,2,2,2,2,4,4,5,4,4,4,4,3,5,3.46,21,22,TRUE
Male,Loyal Customer,48,Personal Travel,Eco,700,3,5,3,1,2,3,2,2,3,2,5,3,2,2.77,0,0,FALSE
Male,Loyal Customer,55,Business Travel,Business,1020,3,3,2,3,3,4,4,4,4,4,4,4,4,3.54,0,0,TRUE
Female,Loyal Customer,33,Personal Travel,Eco Plus,162,2,2,2,4,1,2,1,1,3,5,4,1,1,2.23,0,0,FALSE
Male,Loyal Customer,53,Business Travel,Business,3033,4,4,4,4,1,4,3,3,3,3,4,4,1,3.23,42,36,FALSE
Female,Loyal Customer,57,Business Travel,Business,577,2,2,2,2,3,4,4,5,5,5,5,3,4,3.54,0,0,TRUE
Male,Loyal Customer,33,Business Travel,Business,1450,4,4,4,4,3,3,3,3,5,2,4,4,3,3.54,0,0,TRUE
Male,Loyal Customer,30,Personal Travel,Business,920,4,4,3,2,1,3,1,1,4,4,5,5,1,2.92,0,0,TRUE
Female,Disloyal Customer,45,Business Travel,Eco,315,2,0,2,3,2,2,2,2,5,3,3,2,2,2.31,0,0,FALSE
Male,Loyal Customer,40,Business Travel,Business,2209,3,3,3,3,2,5,4,4,4,5,4,3,5,3.69,0,0,TRUE
Female,Loyal Customer,40,Business Travel,Business,2721,1,1,4,1,3,4,4,4,4,4,4,4,3,3.15,3,0,TRUE
Male,Loyal Customer,32,Personal Travel,Eco,433,1,1,1,3,1,1,1,1,3,2,2,3,1,1.62,0,0,FALSE
Female,Loyal Customer,32,Personal Travel,Eco,715,2,4,2,1,5,2,5,5,5,4,1,3,5,3.38,4,0,FALSE
Female,Loyal Customer,38,Business Travel,Business,2153,4,4,5,4,4,4,1,5,5,5,5,4,2,4,2,0,TRUE
Female,Loyal Customer,58,Business Travel,Business,3670,0,0,0,3,3,4,5,3,3,3,3,4,4,2.69,1,1,TRUE
Female,Loyal Customer,24,Personal Travel,Business,1120,4,1,4,4,5,4,5,5,4,4,3,4,5,4,8,4,TRUE
Male,Loyal Customer,77,Business Travel,Business,277,1,0,0,4,5,4,3,1,1,0,1,3,1,1.85,1,0,FALSE
Female,Loyal Customer,49,Personal Travel,Eco,277,4,4,4,4,1,3,3,1,1,4,1,2,4,2.77,1,0,TRUE
Female,Loyal Customer,40,Business Travel,Business,200,2,2,2,2,2,3,2,3,3,4,5,2,1,2.54,0,0,TRUE
Female,Disloyal Customer,25,Business Travel,Eco,334,1,3,1,4,4,1,4,4,4,3,4,4,4,3.15,0,0,FALSE
Female,Loyal Customer,34,Personal Travel,Eco,316,4,4,4,2,1,4,1,1,4,4,4,4,1,2.92,0,0,FALSE
Male,Loyal Customer,53,Personal Travel,Eco,528,2,4,4,4,2,4,3,2,3,1,4,3,2,2.92,31,65,FALSE
Male,Disloyal Customer,26,Business Travel,Eco,588,3,1,3,4,3,3,3,3,3,3,3,3,3,2.92,0,0,FALSE
Female,Loyal Customer,10,Personal Travel,Eco,290,2,5,2,3,3,2,3,3,4,2,5,3,3,3.08,0,0,FALSE
Female,Loyal Customer,48,Business Travel,Business,414,5,5,5,5,3,5,5,4,4,4,4,4,3,4.31,22,6,TRUE
Female,Loyal Customer,27,Business Travel,Business,1919,5,5,5,5,4,4,4,4,5,5,3,5,4,4.46,0,24,TRUE
Female,Loyal Customer,40,Business Travel,Business,2475,5,5,5,5,5,5,4,4,4,4,4,3,4,4.38,0,0,TRUE
Female,Loyal Customer,15,Personal Travel,Eco,543,3,3,3,5,2,3,2,2,1,1,4,3,2,2.62,0,0,FALSE
Female,Loyal Customer,48,Business Travel,Business,1121,5,5,3,5,4,4,5,2,2,2,2,4,5,3.69,0,16,TRUE
Male,Loyal Customer,53,Personal Travel,Eco,618,3,5,3,1,5,3,5,5,3,4,5,5,5,4,0,0,FALSE
Male,Loyal Customer,69,Personal Travel,Eco,936,1,4,1,1,3,1,3,3,5,5,5,3,3,2.92,0,0,FALSE
Male,Loyal Customer,40,Business Travel,Business,216,2,2,2,2,4,5,4,5,5,5,5,5,5,3.92,0,0,TRUE
Male,Loyal Customer,31,Business Travel,Business,1147,2,2,2,2,5,5,5,5,5,2,5,4,5,3.77,12,67,TRUE
Male,Disloyal Customer,22,Business Travel,Eco,448,3,4,3,2,3,2,2,4,4,4,5,2,2,3.08,153,154,FALSE
Female,Loyal Customer,18,Personal Travel,Eco,700,2,3,2,4,3,2,3,3,1,2,4,3,3,2.69,0,0,FALSE
Female,Loyal Customer,24,Business Travel,Business,1529,3,3,3,3,4,4,4,4,5,5,3,4,4,3.77,0,0,TRUE
Male,Disloyal Customer,21,Business Travel,Business,189,4,5,4,4,3,4,4,3,4,4,4,4,3,3.85,0,0,TRUE
Male,Loyal Customer,49,Personal Travel,Eco,447,2,4,4,1,1,4,1,1,5,5,5,3,1,2.85,42,26,FALSE
Female,Loyal Customer,26,Business Travel,Business,2253,3,2,3,3,5,5,5,5,5,3,5,5,5,4.15,0,0,TRUE
Male,Loyal Customer,45,Personal Travel,Eco,351,1,4,1,4,1,1,1,1,3,4,5,5,1,2.46,39,38,FALSE
Male,Disloyal Customer,36,Business Travel,Business,130,2,1,1,4,1,1,1,1,5,5,4,3,1,2.31,0,0,FALSE
Male,Loyal Customer,45,Personal Travel,Eco,604,2,2,1,2,4,1,4,4,2,4,3,1,4,2.62,4,23,FALSE
Female,Disloyal Customer,20,Business Travel,Eco,231,5,0,5,4,5,5,5,5,1,3,5,1,5,3.77,0,0,TRUE
Male,Loyal Customer,45,Business Travel,Eco,337,4,2,2,2,4,4,4,4,5,2,4,2,4,3.31,0,0,TRUE
Male,Loyal Customer,54,Business Travel,Business,1592,1,1,1,1,3,2,3,1,1,1,1,2,4,1.69,7,13,FALSE
Male,Loyal Customer,57,Business Travel,Business,2901,5,5,5,5,2,1,5,4,4,4,4,1,3,3.69,0,5,TRUE
Male,Loyal Customer,43,Personal Travel,Eco,342,2,5,2,4,3,2,3,3,4,4,5,3,3,3.31,0,0,FALSE
Female,Loyal Customer,21,Personal Travel,Eco Plus,1436,1,2,1,3,4,1,4,4,2,4,2,4,4,2.77,92,98,FALSE
Male,Loyal Customer,46,Business Travel,Business,1733,5,5,5,5,3,4,5,4,4,4,4,3,3,4.15,0,3,TRUE
Male,Loyal Customer,52,Personal Travel,Eco,444,3,4,2,4,1,2,1,1,3,3,4,4,1,2.54,3,0,FALSE
Male,Loyal Customer,33,Business Travel,Business,2218,4,3,3,3,4,4,4,4,1,1,2,1,4,2.92,0,0,FALSE
Female,Loyal Customer,8,Personal Travel,Eco,2342,4,3,5,4,2,5,2,2,5,4,4,2,2,3.38,0,0,FALSE
Female,Loyal Customer,37,Personal Travel,Eco,416,1,1,1,4,2,1,2,2,4,4,3,1,2,2.15,39,53,FALSE
Female,Loyal Customer,49,Business Travel,Business,190,2,2,2,2,4,5,5,4,4,4,5,4,5,3.69,96,84,TRUE
Male,Loyal Customer,42,Business Travel,Business,2522,2,2,2,2,5,5,4,4,4,4,4,5,4,3.62,17,0,TRUE
Female,Loyal Customer,40,Business Travel,Business,3212,1,4,4,4,3,4,3,1,1,1,1,3,1,2.38,37,11,FALSE
Male,Disloyal Customer,22,Business Travel,Eco,89,3,3,3,3,1,3,1,1,5,2,3,2,1,2.38,0,0,FALSE
Male,Loyal Customer,36,Business Travel,Eco,1190,1,2,2,2,1,1,1,1,4,2,1,1,1,1.54,2,0,FALSE
Female,Loyal Customer,31,Business Travel,Business,3118,1,3,5,3,1,1,1,1,1,5,4,3,1,2.31,0,0,FALSE
Female,Loyal Customer,63,Business Travel,Eco Plus,697,4,5,5,5,4,3,4,4,4,4,4,2,5,4.08,0,0,TRUE
Male,Disloyal Customer,35,Business Travel,Eco,667,1,1,1,2,4,1,4,4,2,2,2,4,4,2.46,0,0,FALSE
Female,Disloyal Customer,47,Business Travel,Eco,564,1,1,1,3,2,1,2,2,1,3,3,2,2,1.85,25,38,FALSE
Female,Loyal Customer,40,Personal Travel,Eco Plus,511,3,5,3,3,2,3,4,2,5,2,4,4,2,3.23,0,0,FALSE
Male,Disloyal Customer,12,Business Travel,Eco,1154,3,3,3,3,1,3,1,1,4,4,3,2,1,2.46,5,18,FALSE
Male,Loyal Customer,47,Business Travel,Business,406,2,1,1,1,5,3,3,2,2,2,2,3,1,2.15,0,8,FALSE
Male,Loyal Customer,33,Business Travel,Business,3212,1,1,1,1,5,5,5,5,3,5,5,4,5,3.54,2,46,TRUE
Male,Loyal Customer,50,Business Travel,Eco Plus,192,4,1,1,1,4,4,4,2,4,4,4,4,4,3.15,109,132,FALSE
Male,Loyal Customer,70,Personal Travel,Eco,964,3,4,3,3,5,3,5,5,3,2,5,4,5,3.85,0,9,FALSE
Male,Disloyal Customer,13,Personal Travel,Eco,427,3,3,3,3,4,3,4,4,1,1,1,4,4,2.92,0,0,FALSE
Female,Loyal Customer,32,Business Travel,Business,1061,1,1,1,1,4,5,4,4,3,2,5,5,4,3.08,9,0,TRUE
Female,Loyal Customer,17,Personal Travel,Eco,678,2,4,2,3,1,2,1,1,3,3,5,4,1,2.46,1,39,FALSE
Female,Loyal Customer,56,Business Travel,Business,2751,3,3,4,3,3,4,4,5,5,5,5,3,3,3.85,126,94,TRUE
Female,Loyal Customer,14,Personal Travel,Eco,456,4,4,4,2,5,4,5,5,5,5,5,5,5,4.46,10,13,FALSE
Male,Disloyal Customer,23,Business Travel,Eco,1065,5,4,4,2,2,4,2,2,5,2,4,4,2,3.23,26,20,TRUE
Female,Loyal Customer,53,Business Travel,Business,2370,1,1,2,1,3,4,5,4,4,4,4,4,3,3.08,24,0,TRUE
Female,Loyal Customer,43,Personal Travel,Eco,102,1,1,0,4,3,4,3,5,5,0,5,3,4,2.92,0,0,FALSE
Female,Loyal Customer,65,Personal Travel,Eco,710,3,4,3,2,3,4,4,2,2,3,2,3,3,2.92,0,0,FALSE
Female,Loyal Customer,48,Business Travel,Business,447,5,2,5,5,2,4,5,4,4,4,4,4,4,4,0,4,TRUE
Female,Loyal Customer,58,Business Travel,Business,3319,1,1,1,1,3,4,4,5,5,5,5,4,4,3.31,0,0,TRUE
Male,Loyal Customer,43,Business Travel,Business,2550,2,2,5,2,2,4,4,5,5,5,5,4,5,3.85,0,0,TRUE
Male,Loyal Customer,48,Business Travel,Business,1929,4,5,5,5,2,4,3,4,4,4,4,4,1,3.77,15,14,FALSE
Male,Loyal Customer,35,Business Travel,Business,1606,2,4,4,4,5,3,3,2,2,2,2,1,2,2.77,0,1,FALSE
Male,Loyal Customer,37,Business Travel,Eco Plus,251,3,4,4,4,3,3,3,3,4,4,4,3,3,3.46,0,1,FALSE
Male,Disloyal Customer,34,Business Travel,Eco,464,2,1,2,3,5,2,2,5,1,1,3,4,5,2.77,83,94,FALSE
Female,Disloyal Customer,22,Business Travel,Business,581,5,4,5,2,1,5,1,1,4,4,4,3,1,3.08,0,0,TRUE
Male,Loyal Customer,59,Business Travel,Eco,1488,2,5,5,5,2,2,2,2,2,4,3,3,2,3,0,0,FALSE
Female,Disloyal Customer,7,Business Travel,Business,1464,4,4,4,4,5,4,5,5,5,3,4,3,5,4.23,0,0,TRUE
Male,Loyal Customer,41,Business Travel,Business,446,4,4,4,4,4,4,5,4,4,4,4,4,3,4,0,0,TRUE
Male,Loyal Customer,27,Business Travel,Business,2338,2,2,2,2,2,2,2,2,1,5,3,1,2,2.15,13,9,FALSE
Male,Disloyal Customer,15,Business Travel,Eco,696,3,3,3,4,4,3,4,4,3,4,2,1,4,3.23,0,0,FALSE
Male,Loyal Customer,41,Business Travel,Eco,2607,4,1,3,1,4,4,4,4,4,2,4,1,4,3.08,0,0,TRUE
Female,Disloyal Customer,24,Business Travel,Eco,473,0,0,0,4,2,0,2,2,3,5,4,3,2,2.08,0,0,TRUE
Female,Loyal Customer,37,Personal Travel,Eco,746,1,5,1,3,3,1,5,3,4,5,4,5,3,3.31,0,0,FALSE
Male,Loyal Customer,57,Business Travel,Eco,562,4,5,5,5,4,4,4,4,3,5,3,5,4,4.23,0,0,TRUE
Male,Loyal Customer,39,Business Travel,Business,2616,5,5,5,5,2,4,4,5,5,5,5,3,5,4.46,0,0,TRUE
Female,Loyal Customer,59,Personal Travel,Eco,1931,1,4,2,3,2,1,1,5,2,3,5,1,1,2.38,180,169,FALSE
Female,Loyal Customer,56,Personal Travel,Eco,946,1,3,1,3,2,3,2,3,3,1,3,2,3,2.31,0,0,FALSE
Male,Loyal Customer,36,Personal Travel,Eco,2182,1,2,1,3,1,1,1,1,3,5,4,2,1,2,0,0,FALSE
Male,Loyal Customer,48,Personal Travel,Eco,837,1,5,1,4,3,1,4,3,5,2,2,1,3,2.69,0,0,FALSE
Male,Loyal Customer,37,Business Travel,Business,1118,2,2,3,2,3,5,2,4,4,4,4,1,5,3.15,0,1,TRUE
Male,Disloyal Customer,20,Business Travel,Business,353,1,1,1,2,4,1,4,4,2,3,2,4,4,2.54,0,0,FALSE
Male,Loyal Customer,13,Personal Travel,Eco,604,0,4,0,2,1,0,1,1,5,3,5,4,1,2.08,0,0,TRUE
Male,Loyal Customer,44,Business Travel,Business,3092,3,3,3,3,4,2,2,3,3,3,3,1,3,2.77,47,46,FALSE
Female,Loyal Customer,59,Business Travel,Business,214,2,2,2,2,3,5,4,4,4,4,5,4,4,3.46,0,0,TRUE
Female,Loyal Customer,36,Personal Travel,Eco,997,3,2,4,4,4,1,1,4,3,4,4,1,1,2.77,251,221,FALSE
Male,Loyal Customer,49,Business Travel,Business,1546,5,5,5,5,5,5,5,5,5,5,5,3,4,4.77,28,36,TRUE
Male,Loyal Customer,43,Business Travel,Business,1020,1,3,1,1,4,4,5,4,4,5,4,4,4,3.38,0,29,TRUE
Female,Disloyal Customer,37,Business Travel,Eco Plus,1201,1,1,1,3,5,1,5,5,1,4,4,3,5,3,63,60,FALSE
Male,Loyal Customer,52,Personal Travel,Eco,157,2,4,2,5,3,2,4,3,3,4,4,4,3,3.31,0,0,FALSE
Male,Loyal Customer,14,Personal Travel,Eco Plus,451,3,5,3,1,1,3,5,1,5,1,4,3,1,2.77,0,0,FALSE
Male,Disloyal Customer,24,Business Travel,Eco,544,1,0,1,3,3,1,3,3,3,4,4,4,3,2.54,0,0,FALSE
Male,Loyal Customer,65,Personal Travel,Eco,304,3,4,3,2,2,3,2,2,3,5,5,5,2,3.15,0,0,FALSE
Male,Loyal Customer,59,Business Travel,Business,115,3,3,3,3,2,2,5,4,4,4,5,4,4,3.54,30,38,TRUE
Male,Disloyal Customer,47,Business Travel,Eco,374,4,4,4,4,4,4,4,4,2,1,2,1,4,3.23,5,9,TRUE
Female,Loyal Customer,51,Business Travel,Business,1947,5,5,5,5,5,4,5,5,5,5,5,4,4,4.77,0,0,TRUE
Female,Loyal Customer,13,Personal Travel,Eco Plus,569,2,4,2,3,1,2,1,1,5,4,4,5,1,2.69,0,0,FALSE
Female,Loyal Customer,58,Business Travel,Business,2407,3,3,3,3,2,5,4,4,4,4,4,3,4,3.54,1,5,TRUE
Female,Loyal Customer,51,Business Travel,Eco Plus,109,4,2,2,2,2,4,1,4,4,4,4,3,3,3,0,0,TRUE
Female,Loyal Customer,45,Business Travel,Business,510,3,3,3,3,5,5,4,4,4,4,4,4,5,3.92,0,0,TRUE
Female,Loyal Customer,57,Business Travel,Business,862,4,4,4,4,5,5,4,3,3,4,3,4,4,3.92,0,0,TRUE
Female,Loyal Customer,44,Business Travel,Business,2527,1,2,2,2,2,3,4,1,1,1,1,2,3,1.92,3,0,FALSE
Female,Loyal Customer,29,Personal Travel,Eco,946,5,1,5,3,5,5,5,5,4,4,3,1,5,3.92,0,0,TRUE
Male,Loyal Customer,34,Business Travel,Eco,201,3,4,4,4,3,3,3,3,2,2,4,3,3,3.15,3,0,FALSE
Male,Loyal Customer,40,Personal Travel,Eco,761,2,4,2,5,2,2,2,2,3,3,5,3,2,2.85,3,4,FALSE
Female,Loyal Customer,56,Personal Travel,Eco,2329,1,5,0,3,0,3,2,4,2,4,5,2,2,2.54,0,0,FALSE
Female,Loyal Customer,39,Business Travel,Business,585,1,1,1,1,4,4,4,5,5,5,5,3,5,3.38,0,0,TRUE
Male,Loyal Customer,47,Business Travel,Business,834,2,2,2,2,2,1,4,4,4,4,4,3,3,2.85,7,12,TRUE
Female,Loyal Customer,52,Personal Travel,Eco,907,4,5,4,2,3,4,4,2,2,4,2,3,5,3.38,5,16,FALSE
Female,Loyal Customer,35,Business Travel,Eco,352,5,3,3,3,5,5,5,5,4,3,4,3,5,4.08,0,0,TRUE
Female,Loyal Customer,41,Personal Travel,Business,222,1,4,1,3,1,4,4,4,4,1,5,1,3,2.77,0,0,FALSE
Male,Disloyal Customer,35,Business Travel,Business,205,3,3,3,3,1,3,1,1,4,5,4,5,1,2.85,0,0,FALSE
Female,Loyal Customer,31,Business Travel,Eco,337,1,4,4,4,1,1,1,1,2,1,1,2,1,1.85,24,12,FALSE
Female,Loyal Customer,43,Business Travel,Business,3118,2,4,4,4,2,3,4,2,2,2,2,4,4,3,2,0,FALSE
Male,Loyal Customer,50,Business Travel,Business,3848,0,0,0,5,4,5,5,1,1,1,1,5,3,2.38,0,4,TRUE
Female,Loyal Customer,68,Personal Travel,Eco,372,5,4,5,1,2,4,4,4,4,5,4,3,3,3.69,0,4,TRUE
Female,Loyal Customer,37,Business Travel,Business,1182,2,3,3,3,2,4,4,2,2,2,2,3,3,2.69,0,0,FALSE
Male,Loyal Customer,14,Personal Travel,Eco,163,4,4,4,3,2,4,2,2,1,1,3,4,2,2.77,0,1,FALSE
Male,Loyal Customer,20,Business Travel,Business,1529,5,5,5,5,4,4,4,4,2,2,5,4,4,4.08,4,0,TRUE
Male,Loyal Customer,60,Business Travel,Business,1158,5,5,5,5,2,4,5,4,4,4,4,3,3,4.08,0,0,TRUE
Male,Loyal Customer,37,Personal Travel,Eco,337,4,5,4,1,5,4,5,5,5,5,4,5,5,4.38,0,0,FALSE
Female,Loyal Customer,48,Business Travel,Business,761,1,1,1,1,2,5,5,4,4,4,4,5,4,3.15,0,0,TRUE
Female,Loyal Customer,68,Personal Travel,Eco,649,3,3,3,4,2,4,2,2,2,3,2,4,3,2.85,0,0,FALSE
Male,Loyal Customer,57,Business Travel,Eco,787,5,1,3,1,5,5,5,5,2,4,2,5,5,3.69,0,4,TRUE
Female,Loyal Customer,47,Business Travel,Business,3898,3,3,3,3,3,5,4,5,5,5,5,3,5,4,0,0,TRUE
Male,Loyal Customer,59,Personal Travel,Eco,143,2,2,0,3,2,0,2,2,4,3,3,1,2,2,0,0,FALSE
Female,Loyal Customer,52,Business Travel,Eco,404,3,2,2,2,4,3,3,3,3,3,3,2,1,2.62,3,9,FALSE
Male,Loyal Customer,56,Business Travel,Business,1521,5,5,3,5,2,5,5,3,3,3,3,5,3,3.85,8,0,TRUE
Male,Loyal Customer,50,Personal Travel,Eco,762,2,4,3,4,2,3,2,2,3,4,4,4,2,3,0,0,FALSE
Male,Loyal Customer,69,Personal Travel,Eco,449,1,5,3,5,3,3,4,3,1,1,1,4,3,2.85,0,0,FALSE
Male,Disloyal Customer,18,Business Travel,Eco,187,3,0,3,2,3,3,3,3,4,3,5,4,3,3,0,0,FALSE
Female,Loyal Customer,59,Personal Travel,Eco,809,5,2,5,2,3,3,2,3,3,5,3,2,1,3,0,0,TRUE
Female,Loyal Customer,26,Business Travel,Business,991,1,1,3,1,5,5,5,5,4,3,5,4,5,3.62,0,0,TRUE
Female,Loyal Customer,51,Business Travel,Business,3498,4,4,4,4,3,4,4,4,4,4,4,5,3,3.92,40,50,TRUE
Male,Disloyal Customer,26,Business Travel,Business,402,3,0,3,5,4,3,4,4,3,3,4,3,4,3.31,0,0,FALSE
Male,Loyal Customer,68,Personal Travel,Eco,383,2,5,2,2,1,2,1,1,3,3,4,4,1,2.38,0,0,FALSE
Male,Disloyal Customer,17,Business Travel,Business,808,4,4,3,2,3,3,3,3,3,2,4,4,3,3.15,0,0,TRUE
Male,Loyal Customer,39,Business Travel,Business,1803,3,3,3,3,3,3,3,3,2,4,5,3,3,3.15,72,143,TRUE
Female,Loyal Customer,40,Business Travel,Business,2296,4,4,4,4,5,4,4,4,4,4,4,3,5,4.08,8,68,TRUE
Male,Disloyal Customer,43,Business Travel,Business,1979,3,3,3,1,2,3,2,2,5,3,5,4,2,2.92,0,0,TRUE
Male,Loyal Customer,52,Business Travel,Business,337,5,5,5,5,2,4,5,4,4,5,4,5,4,4.38,8,14,TRUE
Female,Loyal Customer,50,Business Travel,Business,2958,5,5,5,5,5,4,4,4,4,4,4,4,4,4.38,0,0,TRUE
Female,Loyal Customer,52,Personal Travel,Eco,912,2,2,2,3,2,3,3,4,3,3,2,3,3,2.69,149,138,FALSE
Female,Loyal Customer,37,Business Travel,Business,3018,4,4,4,4,5,5,5,4,4,4,4,4,3,4.15,6,9,TRUE
Male,Loyal Customer,60,Business Travel,Business,812,1,1,1,1,5,5,5,5,5,5,5,5,3,3.62,1,0,TRUE
Female,Disloyal Customer,27,Business Travel,Business,437,4,4,4,3,5,4,5,5,1,4,4,2,5,3.85,0,0,FALSE
Male,Loyal Customer,51,Personal Travel,Eco,457,1,4,1,5,4,1,4,4,5,3,5,5,4,3.54,0,0,FALSE
Female,Loyal Customer,44,Business Travel,Business,3459,5,5,5,5,3,4,4,1,1,2,1,4,5,3.46,0,0,TRUE
Female,Loyal Customer,36,Business Travel,Eco,946,4,3,3,3,4,4,4,4,2,3,3,1,4,3.23,24,7,FALSE
Female,Loyal Customer,39,Personal Travel,Eco,936,4,5,4,5,4,4,4,4,3,5,5,3,4,4.15,0,0,FALSE
Female,Loyal Customer,16,Business Travel,Business,2486,4,2,2,2,4,4,4,4,2,5,4,2,4,3.31,66,47,FALSE
Male,Disloyal Customer,42,Business Travel,Business,452,5,5,5,1,5,5,1,5,4,5,5,4,5,4.23,93,83,TRUE
Female,Disloyal Customer,38,Business Travel,Business,500,4,4,4,3,1,4,1,1,3,4,4,5,1,3,0,0,FALSE
Male,Loyal Customer,33,Business Travel,Business,598,3,3,3,3,5,5,5,5,3,2,4,5,5,3.92,0,0,TRUE
Female,Disloyal Customer,28,Business Travel,Business,562,3,3,3,4,5,3,5,5,1,4,3,1,5,3.46,115,116,FALSE
Female,Loyal Customer,54,Personal Travel,Eco,300,4,4,4,5,5,3,1,3,3,4,3,4,3,3.54,0,0,FALSE
Male,Loyal Customer,52,Personal Travel,Eco,481,4,2,5,1,3,5,3,3,3,5,1,1,3,3,19,8,FALSE
Female,Disloyal Customer,21,Business Travel,Eco,1377,3,4,4,4,2,3,2,2,3,3,3,4,2,3,5,0,FALSE
Male,Disloyal Customer,18,Business Travel,Eco,867,4,5,5,3,2,5,2,2,1,3,3,2,2,3,126,111,FALSE
Female,Loyal Customer,9,Business Travel,Business,2377,1,1,1,1,5,5,5,5,5,3,1,5,5,3.31,0,0,TRUE
Male,Loyal Customer,52,Business Travel,Business,3697,2,2,2,2,3,5,4,2,2,2,2,3,5,2.77,0,0,TRUE
Female,Loyal Customer,28,Personal Travel,Eco,502,2,4,5,3,2,5,5,2,4,3,3,4,2,3.38,3,0,FALSE
Male,Loyal Customer,35,Business Travel,Eco,2304,4,5,5,5,4,4,4,4,3,2,4,5,4,4.08,0,0,TRUE
Female,Loyal Customer,24,Business Travel,Eco,295,2,3,3,3,2,2,3,2,3,5,3,3,2,2.77,0,0,FALSE
Male,Loyal Customer,57,Personal Travel,Eco,1670,1,3,1,4,4,1,4,4,3,1,4,1,4,2.69,0,0,FALSE
Female,Loyal Customer,38,Personal Travel,Eco,248,2,5,2,5,5,2,5,5,3,2,5,5,5,3.92,0,0,FALSE
Female,Loyal Customer,67,Personal Travel,Eco,448,4,4,5,5,4,5,4,1,1,5,1,3,3,3.46,3,0,FALSE
Female,Loyal Customer,46,Business Travel,Business,449,3,3,3,3,3,4,4,4,4,4,4,3,4,3.54,0,0,TRUE
Male,Loyal Customer,25,Business Travel,Business,3257,5,5,5,5,5,5,5,5,5,2,5,4,5,4.69,0,0,TRUE
Male,Loyal Customer,27,Business Travel,Eco Plus,170,4,3,3,3,4,4,4,4,3,1,3,5,4,3.46,0,6,TRUE
Male,Loyal Customer,52,Personal Travel,Eco,521,2,4,2,3,1,2,1,1,5,3,5,4,1,2.62,0,0,FALSE
Male,Loyal Customer,74,Business Travel,Eco Plus,447,5,3,3,3,5,5,5,5,2,5,1,2,5,3.77,1,0,TRUE
Male,Loyal Customer,53,Business Travel,Business,1732,4,4,4,4,5,4,4,4,4,4,4,3,4,4,0,0,TRUE
Female,Loyal Customer,52,Business Travel,Business,1426,1,1,1,1,2,5,5,5,5,5,5,3,3,3.23,0,0,TRUE
Male,Loyal Customer,66,Personal Travel,Eco,1072,1,4,1,3,4,1,4,4,4,3,4,5,4,3.23,12,10,FALSE
Male,Loyal Customer,29,Personal Travel,Eco,2475,3,1,3,3,3,3,3,1,3,3,3,3,3,2.69,0,0,FALSE
Female,Disloyal Customer,22,Business Travel,Eco,1012,1,1,1,4,1,1,5,1,4,1,4,1,1,2,0,0,FALSE
Male,Loyal Customer,58,Business Travel,Eco,759,2,4,4,4,2,2,2,2,1,3,4,1,2,2.54,0,0,FALSE
Female,Loyal Customer,52,Personal Travel,Eco,775,4,5,4,2,3,5,4,3,3,4,5,3,5,3.85,0,0,TRUE
Male,Loyal Customer,54,Business Travel,Eco Plus,206,2,5,5,5,2,2,2,2,4,1,4,4,2,3.08,0,0,FALSE
Female,Disloyal Customer,25,Business Travel,Eco,1188,2,2,2,4,5,2,5,5,4,2,3,1,5,3.23,0,12,FALSE
Male,Disloyal Customer,24,Business Travel,Eco,255,2,0,2,1,5,2,5,5,3,5,4,5,5,3.38,16,22,FALSE
Female,Disloyal Customer,20,Business Travel,Eco,481,1,2,1,2,1,1,1,1,4,5,3,1,1,1.85,93,82,FALSE
Male,Loyal Customer,61,Business Travel,Eco Plus,384,4,5,5,5,4,4,4,4,4,1,1,3,4,3.69,0,0,TRUE
Male,Loyal Customer,31,Personal Travel,Eco,697,4,3,4,3,4,4,5,4,1,5,3,4,4,3.69,0,0,FALSE
Male,Loyal Customer,47,Business Travel,Business,2454,4,4,4,4,2,3,5,4,4,5,4,3,4,3.85,1,0,TRUE
Male,Disloyal Customer,22,Business Travel,Eco,943,1,1,1,4,1,1,1,1,2,4,4,4,1,2,13,42,FALSE
Male,Loyal Customer,43,Personal Travel,Business,731,3,5,3,4,1,1,4,2,2,3,2,4,5,3,0,0,FALSE
Male,Loyal Customer,40,Business Travel,Eco,777,1,2,4,4,1,1,1,1,1,1,3,2,1,1.77,5,0,FALSE
Female,Disloyal Customer,26,Business Travel,Business,403,5,0,5,4,1,5,1,1,3,5,4,5,1,3.08,0,0,TRUE
Female,Loyal Customer,36,Personal Travel,Business,341,5,5,5,1,5,4,4,2,2,5,2,4,4,3.69,0,0,TRUE
Female,Loyal Customer,47,Personal Travel,Eco,590,3,5,3,3,4,4,4,2,2,3,2,3,3,3.15,0,3,FALSE
Female,Loyal Customer,33,Business Travel,Business,896,4,4,4,4,3,4,5,5,5,5,5,4,4,4.31,29,18,TRUE
Female,Loyal Customer,10,Personal Travel,Eco,431,3,5,4,2,4,4,4,4,5,4,5,4,4,4,1,3,FALSE
Female,Loyal Customer,41,Personal Travel,Eco,182,3,5,3,3,4,3,3,4,4,1,5,1,4,3.31,0,12,FALSE
Male,Disloyal Customer,26,Business Travel,Eco,552,4,1,4,3,3,4,2,3,3,5,4,3,3,3.23,0,0,FALSE
Male,Disloyal Customer,26,Business Travel,Business,349,3,3,3,4,2,3,2,2,3,2,3,2,2,2.62,0,0,FALSE
Female,Loyal Customer,34,Personal Travel,Eco,925,2,1,2,4,2,2,2,2,1,1,4,4,2,2.23,0,0,FALSE
Male,Loyal Customer,47,Business Travel,Business,1121,1,1,3,1,3,5,5,5,5,5,5,5,4,3.69,14,27,TRUE
Male,Loyal Customer,49,Business Travel,Business,2516,3,3,3,3,3,4,4,5,5,5,5,3,3,3.77,0,0,TRUE
Male,Disloyal Customer,28,Business Travel,Business,1727,2,2,2,3,2,2,2,2,5,2,5,5,2,2.77,0,0,FALSE
Female,Loyal Customer,27,Personal Travel,Eco,1865,3,1,4,3,4,4,4,1,3,3,4,4,4,3.23,98,138,FALSE
Male,Loyal Customer,63,Personal Travel,Eco,515,1,4,1,3,5,1,5,5,4,5,3,1,5,3.31,0,2,FALSE
Male,Loyal Customer,52,Personal Travel,Eco,1079,1,4,1,5,1,1,1,1,3,2,5,3,1,2.23,27,10,FALSE
Female,Loyal Customer,27,Personal Travel,Eco,1021,3,3,3,4,2,3,2,2,1,4,3,1,2,2.54,0,0,FALSE
Male,Loyal Customer,52,Business Travel,Business,2454,2,4,4,4,1,2,3,2,2,2,2,4,1,2.54,0,5,FALSE
Female,Disloyal Customer,27,Business Travel,Eco,1008,3,3,3,1,4,3,4,4,2,2,4,1,4,2.92,0,0,FALSE
Male,Loyal Customer,32,Personal Travel,Eco,838,2,4,3,4,3,3,3,3,3,2,4,5,3,3.23,0,0,FALSE
Female,Loyal Customer,31,Personal Travel,Eco,925,3,5,2,4,5,2,5,5,1,5,3,1,5,3.54,28,32,FALSE
Female,Disloyal Customer,41,Business Travel,Business,2125,1,1,1,3,2,1,2,2,3,2,5,5,2,2.31,0,0,FALSE
Male,Disloyal Customer,39,Business Travel,Business,2342,3,3,3,1,4,3,4,4,4,2,3,4,4,3.23,0,0,FALSE
Female,Loyal Customer,62,Personal Travel,Eco Plus,4983,3,2,3,3,3,4,4,2,1,3,4,4,4,3.08,0,0,FALSE
Female,Loyal Customer,16,Personal Travel,Eco,694,3,4,3,4,3,5,5,4,3,5,4,5,5,4.08,201,180,FALSE
Female,Loyal Customer,39,Personal Travel,Eco,1242,1,4,1,1,3,1,3,3,3,4,4,3,3,2.62,0,0,FALSE
Male,Loyal Customer,59,Business Travel,Eco,542,2,5,5,5,2,2,2,2,3,1,3,2,2,2.77,27,16,FALSE
Male,Loyal Customer,50,Business Travel,Eco,1211,5,1,3,1,5,5,5,5,1,5,3,1,5,3.46,0,0,TRUE
Male,Loyal Customer,59,Personal Travel,Eco,223,5,4,5,3,4,5,4,4,5,3,5,3,4,4.15,0,0,TRUE
Male,Loyal Customer,56,Business Travel,Business,2771,1,4,4,4,1,4,4,1,1,1,1,1,1,2.15,68,68,FALSE
Female,Loyal Customer,31,Business Travel,Eco,114,0,0,0,3,2,0,2,2,1,2,2,3,2,1.46,0,0,TRUE
Male,Loyal Customer,31,Personal Travel,Eco,581,2,4,2,3,2,2,2,2,3,1,3,1,2,2.23,8,7,FALSE
Female,Loyal Customer,14,Personal Travel,Eco,1416,3,4,3,5,3,3,3,3,4,5,3,1,3,3.31,0,1,FALSE
Female,Disloyal Customer,24,Business Travel,Business,431,5,5,5,1,3,5,3,3,4,2,5,5,3,3.77,29,2,TRUE
Female,Loyal Customer,46,Personal Travel,Eco,1521,1,2,1,4,5,4,3,4,4,1,4,3,4,3.08,70,63,FALSE
Male,Loyal Customer,57,Personal Travel,Eco,222,2,5,2,3,5,2,5,5,4,5,4,5,5,4,0,0,FALSE
Male,Loyal Customer,33,Personal Travel,Eco Plus,588,4,4,4,2,5,4,5,5,5,1,1,4,5,3.77,0,0,FALSE
Female,Loyal Customer,54,Business Travel,Business,2391,5,5,3,5,2,5,4,4,4,5,4,3,5,4.15,3,1,TRUE
Female,Disloyal Customer,25,Business Travel,Eco,926,2,2,2,3,5,2,5,5,2,3,4,3,5,3.31,0,27,FALSE
Female,Loyal Customer,39,Business Travel,Business,3948,2,3,3,3,2,3,4,2,2,2,2,3,1,2.46,0,0,FALSE
Female,Disloyal Customer,38,Business Travel,Business,204,4,4,4,4,2,4,2,2,3,5,5,5,2,3.54,0,0,TRUE
Male,Loyal Customer,43,Personal Travel,Eco Plus,2677,4,3,4,2,4,3,3,4,1,3,2,3,3,3,0,0,FALSE
Female,Loyal Customer,13,Personal Travel,Eco,1185,1,2,1,3,3,1,3,3,4,1,3,2,3,2.31,16,0,FALSE
Male,Loyal Customer,59,Personal Travel,Eco,262,4,5,4,2,3,4,3,3,5,2,1,2,3,3.15,6,7,TRUE
Female,Loyal Customer,65,Personal Travel,Eco,304,1,2,1,4,2,4,4,5,5,1,5,2,4,3.08,18,15,FALSE
Male,Loyal Customer,40,Personal Travel,Eco,1346,2,5,2,4,1,2,4,1,5,5,4,4,1,3.08,0,0,FALSE
Female,Loyal Customer,45,Business Travel,Business,3607,2,2,3,2,5,5,5,3,3,3,3,4,4,3.38,0,0,TRUE
Female,Loyal Customer,31,Personal Travel,Eco,2419,1,4,1,4,2,1,4,2,4,3,3,4,2,2.69,0,0,FALSE
Female,Loyal Customer,46,Business Travel,Business,1667,2,2,2,2,4,4,5,5,5,5,5,3,4,3.69,0,0,TRUE
Male,Loyal Customer,47,Business Travel,Business,108,1,1,1,1,5,4,4,5,5,5,4,4,3,3.31,0,0,TRUE
Male,Disloyal Customer,69,Business Travel,Business,469,2,2,2,4,2,2,2,2,3,2,5,3,2,2.54,0,0,FALSE
Female,Loyal Customer,24,Personal Travel,Eco,106,2,4,2,2,3,2,3,3,5,1,2,4,3,2.77,0,0,FALSE
Male,Loyal Customer,52,Personal Travel,Eco,639,2,4,2,2,4,2,4,4,3,3,5,5,4,3.38,62,57,FALSE
Female,Loyal Customer,44,Business Travel,Business,3948,3,2,2,2,3,3,3,3,3,3,3,3,2,2.69,18,11,FALSE
Female,Disloyal Customer,47,Business Travel,Eco,213,3,3,3,4,2,3,2,2,5,2,5,3,2,3,9,16,FALSE
Male,Loyal Customer,35,Personal Travel,Eco,432,1,5,1,2,3,1,3,3,4,3,4,4,3,2.85,10,28,FALSE
Male,Loyal Customer,47,Personal Travel,Eco,954,4,3,5,3,4,5,4,4,2,4,4,1,4,3.62,0,0,FALSE
Female,Loyal Customer,49,Business Travel,Business,3351,5,5,5,5,5,5,4,4,4,4,4,3,5,4.46,0,0,TRUE
Male,Disloyal Customer,24,Business Travel,Business,441,4,0,4,3,2,4,2,2,5,2,4,4,2,2.92,0,0,TRUE
Male,Loyal Customer,16,Business Travel,Business,950,3,1,3,1,3,3,3,3,1,5,3,2,3,2.62,19,6,FALSE
Female,Loyal Customer,68,Personal Travel,Eco,342,2,4,2,4,2,4,3,5,5,2,3,2,4,3.23,0,0,FALSE
Female,Loyal Customer,64,Personal Travel,Eco,1620,4,3,4,4,3,2,3,3,3,4,3,1,3,3.08,0,0,FALSE
Male,Loyal Customer,8,Personal Travel,Eco,113,2,2,0,3,2,0,1,2,4,1,4,1,2,1.85,0,0,FALSE
Male,Loyal Customer,67,Personal Travel,Eco,345,1,4,1,3,4,1,4,4,4,2,5,5,4,3.23,26,17,FALSE
Male,Loyal Customer,16,Personal Travel,Eco,1379,3,4,3,4,2,3,2,2,5,5,4,4,2,3.31,2,4,FALSE
Male,Loyal Customer,53,Business Travel,Business,3344,1,1,1,1,4,4,5,4,4,4,4,3,5,3.15,2,4,TRUE
Male,Loyal Customer,18,Personal Travel,Eco,200,2,4,2,3,3,2,3,3,2,1,3,3,3,2.62,0,0,FALSE
Female,Loyal Customer,45,Personal Travel,Business,213,2,0,2,3,3,4,4,1,1,2,1,4,3,2.31,47,50,FALSE
Male,Disloyal Customer,28,Business Travel,Eco,491,1,4,1,3,4,1,4,4,1,2,4,4,4,2.85,0,0,FALSE
Female,Loyal Customer,27,Personal Travel,Eco,628,2,4,2,5,2,2,2,2,5,2,5,4,2,3,20,56,FALSE
Male,Loyal Customer,60,Business Travel,Business,2131,1,1,1,1,2,5,4,4,4,4,4,4,3,2.92,12,0,TRUE
Male,Loyal Customer,48,Business Travel,Eco Plus,147,5,4,4,4,5,5,5,5,5,3,1,2,5,4.08,0,0,TRUE
Female,Loyal Customer,60,Personal Travel,Eco,1009,2,5,2,3,1,1,1,3,3,2,3,4,3,2.54,0,1,FALSE
Female,Loyal Customer,69,Personal Travel,Eco,1121,1,4,1,1,4,3,4,2,2,1,1,4,3,2.38,32,15,FALSE
Male,Loyal Customer,33,Business Travel,Business,2358,2,2,2,2,4,4,4,4,3,3,5,3,4,3.23,0,0,TRUE
Male,Loyal Customer,55,Business Travel,Business,1920,5,1,5,5,4,2,4,4,4,4,4,2,5,3.77,7,5,TRUE
Male,Loyal Customer,41,Personal Travel,Eco,526,3,5,3,2,2,3,5,2,4,5,5,4,2,3.46,7,0,FALSE
Female,Loyal Customer,25,Business Travel,Business,3491,1,1,1,1,5,5,5,5,4,2,5,4,5,3.38,0,0,TRUE
Male,Loyal Customer,41,Business Travel,Eco,599,4,5,5,5,4,4,4,4,2,1,4,5,4,3.92,79,69,TRUE
Male,Disloyal Customer,33,Business Travel,Business,370,4,5,5,3,3,5,3,3,5,5,4,4,3,4,0,0,FALSE
Female,Disloyal Customer,23,Business Travel,Eco,163,5,0,5,4,3,5,3,3,5,3,5,1,3,3.46,0,0,TRUE
Male,Loyal Customer,55,Business Travel,Business,2682,3,3,3,3,4,5,5,4,4,5,4,4,4,3.92,6,1,TRUE
Male,Disloyal Customer,30,Business Travel,Business,677,1,1,1,4,3,1,3,3,5,2,5,3,3,2.69,0,0,FALSE
Female,Loyal Customer,42,Personal Travel,Eco,209,4,4,4,4,2,4,3,3,3,4,3,2,2,3.23,77,82,FALSE
Female,Loyal Customer,51,Business Travel,Business,3859,4,4,5,4,5,5,5,5,5,5,5,1,2,4.23,0,0,TRUE
Female,Loyal Customer,60,Business Travel,Eco,920,2,5,5,5,4,3,4,2,2,2,2,1,1,2.92,0,0,FALSE
Male,Loyal Customer,20,Personal Travel,Eco,516,1,5,1,3,4,1,4,4,3,2,5,5,4,3.23,38,55,FALSE
Male,Loyal Customer,33,Personal Travel,Eco,265,4,1,0,4,1,0,1,1,1,5,3,4,1,2,0,0,FALSE
Female,Disloyal Customer,49,Business Travel,Eco Plus,305,4,5,5,2,1,4,1,1,4,4,2,1,1,2.69,0,0,FALSE
Female,Disloyal Customer,40,Business Travel,Business,257,5,5,5,5,5,5,4,5,5,4,5,5,5,4.85,0,1,TRUE
Female,Loyal Customer,51,Personal Travel,Eco,2454,1,5,1,2,5,3,5,5,5,1,4,3,5,3.46,0,0,FALSE
Male,Loyal Customer,45,Business Travel,Business,227,2,1,1,1,5,3,4,2,2,2,2,2,3,2.31,0,0,FALSE
Male,Loyal Customer,21,Personal Travel,Eco Plus,1012,3,2,3,2,4,3,4,4,1,2,3,3,4,2.92,12,12,FALSE
Male,Loyal Customer,45,Personal Travel,Business,377,1,5,1,4,5,5,5,3,3,1,3,5,3,3.38,86,60,FALSE
Female,Loyal Customer,57,Business Travel,Business,925,2,2,2,2,2,5,4,4,4,4,4,5,4,3.38,39,38,TRUE
Male,Disloyal Customer,23,Business Travel,Business,3904,4,0,4,4,4,3,4,5,4,3,5,4,4,3.69,5,1,TRUE
Female,Loyal Customer,63,Personal Travel,Business,2688,1,5,1,2,1,3,3,5,1,4,5,3,3,2.85,0,20,FALSE
Male,Loyal Customer,33,Business Travel,Business,204,3,5,4,5,1,1,3,1,2,3,4,4,1,2.85,0,0,FALSE
Female,Disloyal Customer,12,Business Travel,Eco,2585,3,3,3,3,3,3,3,3,3,4,4,3,3,3.15,0,25,FALSE
Male,Loyal Customer,63,Personal Travel,Eco,602,2,5,2,4,2,2,2,2,3,4,4,4,2,2.92,0,0,FALSE
Female,Loyal Customer,33,Personal Travel,Eco Plus,515,3,5,3,1,3,3,5,3,3,2,5,4,3,3.31,1,56,FALSE
Male,Loyal Customer,27,Business Travel,Business,3615,3,5,3,3,4,4,4,4,3,2,4,3,4,3.54,31,29,TRUE
Male,Loyal Customer,68,Personal Travel,Eco,925,2,2,2,3,4,2,4,4,2,3,3,1,4,2.77,6,21,FALSE
Female,Disloyal Customer,35,Personal Travel,Eco,1797,5,4,5,3,2,5,2,2,4,5,4,4,2,3.62,9,0,TRUE
Male,Loyal Customer,39,Business Travel,Eco,620,2,3,4,3,2,2,2,2,4,3,3,2,2,2.62,32,25,FALSE
Male,Loyal Customer,57,Business Travel,Business,3649,3,3,3,3,4,4,4,4,4,4,4,3,3,3.54,21,27,TRUE
Female,Disloyal Customer,18,Business Travel,Eco,665,3,3,3,4,4,3,4,4,2,5,4,3,4,3.54,0,0,FALSE
Female,Disloyal Customer,27,Business Travel,Business,190,4,4,4,3,3,4,3,3,3,5,5,3,3,3.62,0,0,TRUE
Male,Loyal Customer,30,Business Travel,Business,2168,4,4,4,4,5,5,5,5,1,3,1,3,5,3.77,0,0,TRUE
Male,Loyal Customer,29,Personal Travel,Eco,1709,2,4,2,2,2,2,2,2,4,1,5,4,2,2.62,45,28,FALSE
Female,Loyal Customer,25,Business Travel,Business,1563,5,5,2,5,3,3,3,3,3,2,4,4,3,3.46,0,0,TRUE
Male,Loyal Customer,70,Personal Travel,Eco,692,2,4,2,3,4,2,4,4,5,5,4,3,4,3.54,31,34,FALSE
Female,Loyal Customer,51,Business Travel,Business,2568,1,5,5,5,3,4,3,1,1,1,1,4,1,2.69,46,39,FALSE
Male,Loyal Customer,31,Business Travel,Business,1668,2,4,4,4,2,2,2,2,2,2,4,1,2,2.54,50,47,FALSE
Male,Loyal Customer,43,Business Travel,Business,2454,3,5,3,3,3,5,5,5,5,5,5,3,5,4.23,0,0,TRUE
Female,Loyal Customer,28,Personal Travel,Eco,1121,4,1,4,3,2,4,2,2,2,2,3,4,2,2.69,84,98,TRUE
Female,Disloyal Customer,25,Business Travel,Eco,1754,4,4,4,3,2,4,2,2,4,4,4,5,2,3.38,0,0,TRUE
Male,Loyal Customer,57,Business Travel,Business,937,1,1,1,1,5,4,4,5,5,5,5,4,4,3.46,0,0,TRUE
Male,Loyal Customer,57,Business Travel,Eco,2454,4,5,5,5,4,3,3,5,3,5,3,3,3,3.92,11,12,TRUE
Male,Loyal Customer,72,Business Travel,Business,3903,3,5,5,5,3,3,3,3,3,3,3,4,3,3.54,48,50,FALSE
Female,Loyal Customer,26,Personal Travel,Eco,726,2,4,2,3,5,2,5,5,3,5,4,2,5,3.62,0,0,FALSE
Male,Loyal Customer,22,Personal Travel,Business,765,2,5,2,3,2,2,2,2,5,2,5,4,2,2.92,0,0,FALSE
Female,Loyal Customer,70,Personal Travel,Eco,1076,4,4,4,5,5,4,5,4,4,4,5,4,4,4.31,18,21,FALSE
Female,Disloyal Customer,22,Business Travel,Eco,628,3,2,3,3,4,3,4,4,1,2,4,4,4,3.15,23,28,FALSE
Male,Loyal Customer,67,Personal Travel,Eco,354,2,5,2,4,4,2,4,4,3,4,5,5,4,3.69,0,0,FALSE
Male,Loyal Customer,43,Personal Travel,Eco,337,4,5,4,3,1,4,1,1,4,2,5,5,1,3.08,13,6,FALSE
Female,Loyal Customer,32,Personal Travel,Eco,153,4,2,4,3,4,4,3,4,2,4,3,3,4,3.38,0,0,TRUE
Female,Disloyal Customer,23,Business Travel,Business,612,2,1,2,4,2,2,2,2,2,1,3,4,2,2.23,0,0,FALSE
Female,Loyal Customer,17,Business Travel,Business,453,1,2,2,2,1,1,1,1,4,4,4,4,1,2.15,28,44,FALSE
Male,Loyal Customer,43,Business Travel,Eco,321,3,2,2,2,3,3,3,3,2,2,1,2,3,2.38,0,0,TRUE
Female,Disloyal Customer,26,Business Travel,Eco,803,1,1,1,2,1,4,5,1,1,3,3,5,5,2.54,145,126,FALSE
Female,Loyal Customer,58,Personal Travel,Eco,404,2,4,2,5,3,4,5,1,1,2,1,4,4,2.92,14,6,FALSE
Male,Loyal Customer,14,Personal Travel,Eco,409,2,4,3,4,4,3,4,4,1,4,4,4,4,3.46,0,0,FALSE
Female,Loyal Customer,25,Personal Travel,Eco,954,3,5,2,2,3,2,3,3,3,4,5,3,3,3.15,0,8,FALSE
Female,Disloyal Customer,20,Business Travel,Eco,598,4,0,4,4,5,4,4,5,1,2,5,4,5,3.62,0,,TRUE
Male,Loyal Customer,48,Business Travel,Business,2209,3,3,3,3,2,3,1,5,5,5,5,5,5,3.69,6,3,TRUE
Male,Disloyal Customer,24,Business Travel,Business,231,3,2,3,4,4,3,3,4,4,3,4,2,4,3.31,45,39,FALSE
Female,Loyal Customer,39,Personal Travel,Eco,1121,2,4,2,5,2,2,2,2,4,3,5,4,2,3,0,19,FALSE
Female,Loyal Customer,9,Personal Travel,Eco,337,3,1,3,2,3,3,3,3,3,5,2,4,3,2.92,0,0,FALSE
Male,Loyal Customer,45,Business Travel,Business,1846,3,3,3,3,4,3,4,5,5,5,5,4,3,3.85,0,0,TRUE
Male,Loyal Customer,33,Business Travel,Business,3060,2,2,2,2,4,4,4,4,3,4,3,5,4,3.31,0,0,TRUE
Female,Disloyal Customer,36,Business Travel,Eco,313,1,0,1,5,1,1,1,1,3,5,1,2,1,1.77,5,4,FALSE
Male,Loyal Customer,11,Business Travel,Eco,2409,1,5,5,5,1,4,1,1,4,3,4,1,1,2.77,0,6,FALSE
Female,Loyal Customer,33,Personal Travel,Eco,429,5,4,5,5,4,5,3,4,3,2,1,3,4,3.69,17,4,TRUE
Male,Loyal Customer,41,Business Travel,Business,997,5,5,5,5,1,4,1,3,3,5,3,1,4,3.46,0,0,TRUE
Male,Loyal Customer,38,Business Travel,Eco,328,2,1,4,4,2,2,2,2,1,1,3,1,2,2.08,0,0,FALSE
Female,Loyal Customer,20,Business Travel,Business,2868,3,3,3,3,4,4,5,4,5,4,4,3,4,3.77,0,0,TRUE
Female,Loyal Customer,28,Business Travel,Business,2320,3,3,3,3,3,4,3,3,3,5,5,3,3,3.38,39,35,TRUE
Female,Loyal Customer,53,Personal Travel,Eco,543,2,5,2,3,3,2,3,1,1,2,1,1,3,2.23,13,24,FALSE
Male,Loyal Customer,46,Business Travel,Business,342,5,5,5,5,4,4,5,4,4,4,4,5,4,4.46,46,37,TRUE
Male,Disloyal Customer,10,Business Travel,Eco,551,3,4,3,4,3,3,3,3,3,3,4,1,3,3.08,1,0,FALSE
Female,Loyal Customer,45,Personal Travel,Eco,552,3,1,3,4,4,5,5,5,5,3,5,4,5,4,0,0,FALSE
Male,Disloyal Customer,36,Business Travel,Eco,636,2,3,2,3,1,2,1,1,4,1,2,3,1,2,0,5,FALSE
Female,Loyal Customer,42,Personal Travel,Eco,691,2,4,2,1,2,5,4,2,2,2,2,5,4,2.85,6,0,FALSE
Male,Loyal Customer,51,Business Travel,Business,3744,1,1,1,1,3,4,5,4,4,4,3,5,3,3,0,0,TRUE
Female,Loyal Customer,50,Personal Travel,Eco,1092,3,3,2,4,3,5,2,3,3,2,1,1,4,2.77,0,0,FALSE
Female,Loyal Customer,44,Business Travel,Business,2286,1,1,1,1,2,4,3,5,5,5,5,1,2,2.77,0,0,TRUE
Female,Loyal Customer,44,Business Travel,Business,2350,2,2,2,2,4,4,4,2,2,2,2,3,3,2.62,0,0,TRUE
Female,Disloyal Customer,30,Business Travel,Eco,587,2,1,2,4,5,2,5,5,2,3,3,4,5,3.31,0,0,FALSE
Male,Loyal Customer,7,Personal Travel,Eco,639,3,2,3,4,1,3,1,1,3,1,4,4,1,2.38,18,0,FALSE
Male,Disloyal Customer,28,Business Travel,Eco,1042,1,1,1,2,5,1,5,5,4,2,1,2,5,2.69,0,0,FALSE
Female,Loyal Customer,44,Business Travel,Business,1218,1,1,5,1,5,4,4,5,5,5,5,5,5,3.92,0,0,TRUE
Female,Loyal Customer,48,Business Travel,Eco Plus,546,1,4,4,4,5,3,3,1,1,1,1,4,1,2.54,0,0,FALSE
Female,Loyal Customer,45,Business Travel,Eco Plus,665,3,4,4,4,3,4,4,3,3,3,3,2,1,3.15,67,47,FALSE
Female,Loyal Customer,25,Business Travel,Business,2238,2,3,3,3,2,2,2,2,4,1,3,4,2,2.54,10,9,FALSE
Female,Loyal Customer,45,Business Travel,Business,3063,2,2,2,2,2,4,4,4,4,4,4,3,4,3.15,0,0,TRUE
Female,Loyal Customer,58,Personal Travel,Eco,628,5,1,5,3,1,4,4,4,4,5,4,4,4,3.69,0,0,TRUE
Male,Disloyal Customer,28,Business Travel,Business,1157,5,5,5,3,5,5,5,5,3,3,5,4,5,4.46,0,18,TRUE
Male,Loyal Customer,34,Business Travel,Business,834,3,3,3,3,3,4,4,5,5,4,5,4,5,3.92,2,0,TRUE
Male,Loyal Customer,35,Business Travel,Business,3024,2,1,1,1,3,4,4,2,2,2,2,3,2,2.23,21,12,FALSE
Male,Loyal Customer,40,Business Travel,Business,2084,3,3,3,3,4,5,5,5,5,5,5,5,3,4.15,0,0,TRUE
Male,Loyal Customer,29,Business Travel,Business,2537,3,5,3,3,3,3,3,3,4,2,3,3,3,3.15,0,0,FALSE
Male,Loyal Customer,45,Business Travel,Eco,748,2,3,3,3,2,2,2,2,3,4,4,5,2,2.85,0,3,TRUE
Male,Disloyal Customer,24,Business Travel,Business,101,0,0,0,1,5,0,4,5,3,2,5,4,5,2.62,0,0,TRUE
Male,Loyal Customer,22,Personal Travel,Eco,444,4,4,4,3,2,4,2,2,2,5,4,1,2,3,0,0,TRUE
Male,Loyal Customer,19,Business Travel,Business,2411,3,3,3,3,3,3,3,3,5,4,4,3,3,3.31,23,14,TRUE
Male,Loyal Customer,20,Personal Travel,Eco,933,2,5,2,2,4,2,5,4,5,2,5,4,4,3.54,0,0,FALSE
Male,Loyal Customer,42,Business Travel,Eco,913,4,1,1,1,4,4,4,4,2,3,2,4,4,2.92,0,0,TRUE
Male,Loyal Customer,30,Business Travel,Business,2845,3,3,3,3,3,2,3,3,2,2,4,2,3,2.77,118,107,FALSE
Male,Loyal Customer,53,Personal Travel,Eco,391,1,4,1,1,2,1,2,2,5,5,1,4,2,2.38,25,15,FALSE
Female,Loyal Customer,70,Business Travel,Business,3598,3,3,5,3,3,5,4,3,3,3,3,4,3,3.46,0,0,TRUE
Female,Loyal Customer,44,Business Travel,Eco,395,5,5,5,5,3,1,1,5,5,5,5,3,2,3.85,6,8,TRUE
Male,Loyal Customer,51,Business Travel,Business,2843,4,4,4,4,4,5,5,4,4,4,4,3,3,4,0,0,TRUE
Male,Loyal Customer,60,Personal Travel,Eco,190,2,1,2,4,2,2,2,2,1,4,3,3,2,2.31,0,0,FALSE
Male,Loyal Customer,55,Business Travel,Eco,187,5,4,4,4,5,5,5,5,4,2,3,5,5,4.31,0,0,TRUE
Female,Disloyal Customer,30,Business Travel,Eco,684,2,2,2,3,3,2,3,3,2,4,4,1,3,2.62,8,7,FALSE
Female,Disloyal Customer,40,Business Travel,Business,2052,3,3,3,4,3,3,3,3,4,5,2,1,3,3.08,0,2,FALSE
Female,Loyal Customer,32,Business Travel,Business,329,1,1,1,1,5,5,5,5,5,3,1,5,5,3.31,0,0,TRUE
Male,Loyal Customer,44,Business Travel,Business,1896,1,1,1,1,3,4,5,4,4,4,4,4,4,3.08,0,0,TRUE
Male,Disloyal Customer,20,Business Travel,Eco,447,2,5,2,5,4,2,4,4,3,4,5,4,4,3.69,7,3,FALSE
Female,Loyal Customer,35,Personal Travel,Eco,333,2,4,2,5,2,2,2,2,4,4,4,3,2,2.92,0,0,FALSE
Male,Loyal Customer,45,Business Travel,Business,1165,2,2,3,2,4,4,4,5,5,4,5,3,4,3.62,65,91,TRUE
Female,Loyal Customer,11,Personal Travel,Eco Plus,237,1,4,1,4,2,1,3,2,3,1,4,3,2,2.38,12,7,FALSE
Female,Disloyal Customer,28,Business Travel,Business,1262,2,2,2,5,3,2,3,3,3,5,5,5,3,3.31,0,0,FALSE
Female,Loyal Customer,42,Business Travel,Eco,2149,5,5,4,4,3,5,3,5,5,5,5,4,3,4.31,0,0,TRUE
Male,Loyal Customer,55,Personal Travel,Eco Plus,308,2,5,2,3,5,2,5,5,3,5,5,5,5,4,71,71,FALSE
Male,Loyal Customer,22,Business Travel,Eco Plus,1189,5,1,1,1,5,5,3,5,5,2,1,4,5,3.31,0,0,TRUE
Female,Loyal Customer,42,Business Travel,Business,2248,5,5,3,5,3,4,1,5,5,5,5,1,1,3.69,1,0,TRUE
Female,Loyal Customer,67,Personal Travel,Eco,516,3,3,3,2,5,3,2,2,2,3,2,2,1,2.54,0,0,FALSE
Male,Loyal Customer,55,Personal Travel,Eco,1995,4,3,4,3,2,4,2,2,1,5,4,1,2,2.85,4,0,FALSE
Male,Loyal Customer,41,Personal Travel,Eco Plus,152,3,4,3,1,1,3,1,1,5,3,5,4,1,2.69,0,0,FALSE
Female,Loyal Customer,33,Business Travel,Eco,811,5,2,2,2,5,5,5,5,4,4,3,3,5,3.85,38,52,TRUE
Female,Loyal Customer,70,Personal Travel,Eco,834,3,5,3,3,2,4,2,4,4,3,4,3,1,3.15,0,0,FALSE
Male,Loyal Customer,41,Business Travel,Business,140,5,3,5,5,1,5,2,5,5,5,3,5,1,3.85,21,17,TRUE
Male,Loyal Customer,31,Business Travel,Business,3497,2,2,2,2,4,5,4,4,4,5,2,3,4,3.31,3,2,TRUE
Female,Loyal Customer,63,Personal Travel,Eco,922,1,5,1,1,2,5,4,2,2,1,2,4,5,2.69,8,9,FALSE
Female,Loyal Customer,77,Business Travel,Eco Plus,585,2,2,2,2,5,4,3,2,2,2,2,4,4,2.77,49,107,FALSE
Male,Loyal Customer,25,Business Travel,Business,566,3,1,3,3,2,2,2,2,4,1,4,1,2,2.31,36,11,TRUE
Male,Loyal Customer,7,Personal Travel,Eco,488,1,4,1,5,2,1,2,2,3,3,5,4,2,2.69,0,0,FALSE
Female,Loyal Customer,53,Business Travel,Business,1807,1,1,1,1,4,4,4,5,5,5,5,3,4,3.31,0,0,TRUE
Male,Loyal Customer,38,Business Travel,Business,3496,4,5,5,5,4,3,3,1,1,2,4,1,1,3,4,0,FALSE
Male,Loyal Customer,23,Business Travel,Business,647,3,5,5,5,3,3,3,3,3,3,3,1,3,3.31,22,27,FALSE
Female,Loyal Customer,46,Personal Travel,Business,226,5,5,5,1,2,4,4,2,2,5,2,4,4,3.46,0,0,TRUE
Male,Loyal Customer,37,Personal Travel,Eco,354,3,5,3,2,5,3,1,5,5,3,5,5,5,3.85,0,0,FALSE
Male,Loyal Customer,64,Personal Travel,Eco,1055,1,2,1,3,2,1,2,2,2,5,4,4,2,2.38,0,0,FALSE
Male,Loyal Customer,19,Personal Travel,Eco,102,1,4,0,3,5,0,5,5,2,2,3,5,5,3.08,0,0,FALSE
Female,Loyal Customer,36,Business Travel,Business,1789,4,4,4,4,3,4,4,5,5,5,5,5,3,4.23,23,25,TRUE
Male,Loyal Customer,16,Personal Travel,Eco,581,4,4,4,2,1,4,1,1,3,5,5,4,1,3,0,0,TRUE
Female,Disloyal Customer,22,Business Travel,Business,239,5,5,5,4,5,5,5,5,4,2,4,3,5,4.38,0,0,TRUE
Female,Disloyal Customer,34,Business Travel,Business,577,2,2,2,1,1,2,1,1,3,4,4,3,1,2.08,0,0,FALSE
Female,Loyal Customer,44,Business Travel,Business,1106,1,1,1,1,4,4,4,1,1,1,1,3,4,2.08,21,21,FALSE
Male,Loyal Customer,37,Business Travel,Eco,1107,3,4,4,4,3,3,3,3,3,3,3,4,3,3.31,0,0,FALSE
Male,Loyal Customer,12,Personal Travel,Eco,473,5,5,5,3,4,5,4,4,5,3,4,3,4,4.15,4,9,TRUE
Female,Loyal Customer,46,Business Travel,Business,1188,5,5,5,5,3,4,4,3,3,3,3,5,5,4.08,0,0,TRUE
Female,Loyal Customer,57,Business Travel,Business,2583,2,2,2,2,4,4,4,4,4,4,4,5,4,3.46,14,16,TRUE
Female,Loyal Customer,40,Business Travel,Business,1089,1,1,1,1,2,5,4,4,4,4,4,4,4,3,0,0,TRUE
Female,Disloyal Customer,49,Business Travel,Eco Plus,712,2,2,2,4,1,2,5,1,3,3,4,4,1,2.62,0,0,FALSE
Female,Loyal Customer,58,Personal Travel,Eco Plus,297,5,4,5,4,5,4,5,3,3,5,3,4,3,4.08,0,0,TRUE
Male,Loyal Customer,24,Business Travel,Business,850,5,5,5,5,4,4,4,4,5,3,5,5,4,4.46,11,5,TRUE
Male,Loyal Customer,44,Personal Travel,Eco,523,3,4,3,1,3,3,3,3,2,2,5,5,3,3.08,0,0,FALSE
Male,Loyal Customer,26,Business Travel,Business,1701,2,2,2,2,3,4,3,3,3,2,4,3,3,2.77,0,0,TRUE
Female,Loyal Customer,28,Personal Travel,Eco,431,4,1,4,3,2,4,2,2,2,2,4,2,2,2.62,0,0,FALSE
Male,Loyal Customer,43,Personal Travel,Eco,2288,5,1,5,2,1,5,1,1,3,4,2,4,1,2.69,32,22,TRUE
Female,Disloyal Customer,26,Business Travel,Business,719,5,5,5,3,4,5,4,4,4,4,5,4,4,4.31,6,5,TRUE
Male,Loyal Customer,72,Business Travel,Business,3808,3,2,2,2,5,3,4,3,3,3,3,4,3,3.08,0,0,FALSE
Female,Loyal Customer,25,Personal Travel,Eco,547,3,3,3,3,4,3,4,4,1,2,3,3,4,3.08,27,35,FALSE
Female,Loyal Customer,48,Personal Travel,Eco,1452,3,4,3,2,1,2,4,2,2,3,2,2,5,2.69,0,0,FALSE
Female,Loyal Customer,42,Personal Travel,Eco,413,2,1,4,4,2,3,4,2,2,4,2,1,4,2.69,0,0,FALSE
Male,Loyal Customer,28,Business Travel,Eco Plus,883,1,1,1,1,1,2,1,1,2,2,4,4,1,1.69,23,9,FALSE
Female,Loyal Customer,57,Business Travel,Business,1670,5,5,5,5,3,3,5,5,5,5,5,3,4,4.46,0,0,TRUE
Male,Loyal Customer,71,Business Travel,Eco,239,1,4,5,4,1,1,1,1,4,3,3,4,1,2.54,0,0,FALSE
Male,Loyal Customer,7,Personal Travel,Eco,762,4,5,5,3,4,5,4,4,2,1,2,3,4,3.54,0,0,TRUE
Female,Loyal Customer,45,Personal Travel,Eco,872,1,1,1,3,5,3,3,3,3,1,3,3,1,2.38,0,0,FALSE
Male,Disloyal Customer,22,Business Travel,Business,544,0,5,0,4,1,0,1,1,4,3,4,3,1,2.08,0,20,TRUE
Female,Loyal Customer,13,Business Travel,Business,2827,2,1,5,5,2,2,2,2,4,5,3,4,2,3,0,0,FALSE
Female,Loyal Customer,44,Business Travel,Business,2565,2,2,2,2,1,4,4,2,2,2,2,1,4,2.31,0,4,FALSE
Female,Loyal Customer,53,Business Travel,Business,1597,5,5,5,5,4,3,4,4,4,5,4,5,3,4.31,1,7,TRUE
Female,Loyal Customer,16,Personal Travel,Eco,1086,2,3,2,4,4,2,4,4,5,1,1,2,4,2.92,0,3,FALSE
Male,Loyal Customer,22,Business Travel,Eco,853,4,4,4,4,4,4,3,4,2,5,2,4,4,3.69,1,0,FALSE
Female,Loyal Customer,34,Business Travel,Business,130,4,5,5,5,3,4,3,2,2,2,4,2,4,3.46,0,0,FALSE
Male,Loyal Customer,26,Personal Travel,Eco,1013,2,1,2,3,5,2,5,5,4,2,2,3,5,3.15,0,0,FALSE
Male,Disloyal Customer,23,Business Travel,Eco,602,3,2,3,1,4,3,4,4,4,2,1,2,4,2.85,3,0,FALSE
Male,Disloyal Customer,20,Business Travel,Eco,920,2,2,2,5,1,2,1,1,5,4,5,4,1,2.69,0,0,FALSE
Female,Loyal Customer,9,Personal Travel,Business,693,2,4,2,3,3,2,3,3,3,4,5,5,3,3.23,54,37,FALSE
Female,Loyal Customer,46,Business Travel,Eco,1211,5,5,4,4,3,2,4,5,5,5,5,2,3,4,18,11,TRUE
Male,Disloyal Customer,33,Business Travel,Eco,205,3,2,3,3,2,3,2,2,1,2,3,4,2,2.46,0,17,FALSE
Female,Loyal Customer,56,Business Travel,Business,991,4,4,1,4,2,3,4,4,4,4,4,4,1,3.31,40,37,FALSE
Female,Loyal Customer,60,Business Travel,Business,1776,4,4,4,4,4,4,5,3,3,4,3,3,4,3.77,0,0,TRUE
Male,Loyal Customer,39,Business Travel,Business,1597,3,3,4,3,3,2,1,4,4,4,4,2,5,3.23,0,0,TRUE
Female,Loyal Customer,25,Personal Travel,Eco,631,1,5,1,4,4,1,4,4,5,3,4,4,4,3.38,0,0,FALSE
Male,Loyal Customer,23,Business Travel,Business,948,5,5,5,5,4,4,4,4,5,5,4,5,4,4.54,0,0,TRUE
Female,Loyal Customer,34,Business Travel,Eco Plus,317,3,1,1,1,3,3,3,3,2,2,4,1,3,2.31,40,36,FALSE
Female,Loyal Customer,51,Personal Travel,Eco,2165,0,5,0,1,5,3,5,5,5,0,3,4,3,3,10,6,TRUE
Male,Loyal Customer,22,Personal Travel,Business,2419,2,1,2,2,5,2,5,5,2,2,3,3,5,3,9,0,FALSE
Male,Loyal Customer,39,Business Travel,Business,84,0,3,0,2,5,2,4,2,2,3,3,5,4,2.69,0,0,TRUE
Female,Disloyal Customer,40,Business Travel,Business,641,5,5,5,3,2,5,2,2,3,4,5,3,2,3.54,12,18,TRUE
Female,Loyal Customer,57,Personal Travel,Eco,337,3,5,3,3,4,4,4,2,2,3,2,4,5,3.38,74,73,FALSE
Female,Loyal Customer,48,Business Travel,Business,1134,4,4,5,4,1,4,1,3,3,4,3,3,1,3.08,0,0,TRUE
Female,Loyal Customer,36,Business Travel,Eco,228,2,3,3,3,2,2,2,2,1,2,3,2,2,2.23,0,0,FALSE
Female,Loyal Customer,38,Personal Travel,Eco,595,4,2,4,3,2,4,2,2,1,4,2,1,2,2.54,0,0,FALSE
Female,Loyal Customer,41,Business Travel,Eco,2519,2,1,1,1,2,2,2,2,4,2,4,4,2,2.23,0,0,FALSE
Female,Loyal Customer,48,Personal Travel,Eco,402,2,5,2,2,3,4,4,4,4,2,4,3,3,3.23,6,5,FALSE
Female,Loyal Customer,19,Business Travel,Business,1042,5,5,5,5,3,4,3,3,1,3,4,1,3,3.46,0,2,TRUE
Male,Loyal Customer,53,Personal Travel,Eco,258,1,5,1,4,1,1,1,1,5,2,1,3,1,2.08,36,34,FALSE
Male,Loyal Customer,33,Business Travel,Business,2087,3,4,4,4,1,1,3,1,2,1,3,2,1,2.31,30,27,FALSE
Female,Loyal Customer,32,Business Travel,Business,3826,1,1,1,1,3,3,3,3,4,3,4,5,3,2.69,0,0,TRUE
Female,Loyal Customer,46,Business Travel,Business,2607,2,2,2,2,4,3,1,4,4,4,4,3,3,2.92,2,0,TRUE
Female,Loyal Customer,60,Business Travel,Eco Plus,456,4,3,4,3,2,3,1,4,4,4,4,2,1,3,0,0,TRUE
Female,Loyal Customer,69,Business Travel,Business,429,4,3,4,4,2,2,4,5,5,5,5,3,4,3.85,35,25,TRUE
Male,Loyal Customer,15,Personal Travel,Eco,405,2,4,2,2,3,2,1,3,4,3,4,5,3,2.92,30,25,FALSE
Female,Loyal Customer,42,Business Travel,Business,1631,5,5,5,5,4,1,1,4,4,4,4,5,1,3.69,0,0,TRUE
Female,Loyal Customer,25,Business Travel,Business,1204,3,4,4,4,3,2,3,3,2,4,4,1,3,3.08,104,91,FALSE
Male,Loyal Customer,35,Business Travel,Eco,1024,5,4,4,4,5,5,5,5,4,2,5,5,5,4.46,39,36,TRUE
Male,Loyal Customer,60,Business Travel,Business,3433,3,3,3,3,4,5,4,5,5,5,5,5,5,4.23,21,7,TRUE
Female,Loyal Customer,18,Personal Travel,Eco,1947,4,5,4,2,3,4,3,3,5,3,4,3,3,3.54,0,3,TRUE
Male,Disloyal Customer,24,Business Travel,Business,1062,5,4,5,3,4,5,1,4,3,4,5,3,4,3.85,3,4,TRUE
Male,Loyal Customer,15,Business Travel,Eco,1609,0,4,0,4,5,0,5,5,5,1,5,3,5,3.23,0,0,TRUE
Female,Disloyal Customer,23,Business Travel,Business,957,2,3,2,3,5,2,5,5,2,1,3,4,5,3.23,33,22,FALSE
Male,Loyal Customer,38,Personal Travel,Eco,544,1,1,1,2,1,1,5,1,4,4,1,2,1,1.92,18,22,FALSE
Female,Loyal Customer,46,Business Travel,Business,331,0,0,0,2,4,4,5,1,1,1,1,4,5,2.15,1,0,TRUE
Male,Disloyal Customer,23,Business Travel,Eco,691,1,1,1,4,2,1,1,2,3,2,5,4,2,2.23,3,0,FALSE
Male,Loyal Customer,61,Personal Travel,Eco,369,2,5,1,2,5,1,1,5,4,4,1,5,5,3.15,31,18,FALSE
Male,Loyal Customer,44,Personal Travel,Eco,670,2,1,2,2,5,2,5,5,4,2,3,4,5,3.23,0,0,FALSE
Female,Loyal Customer,25,Personal Travel,Eco,101,1,4,1,3,2,1,2,2,3,5,5,5,2,2.77,0,0,FALSE
Male,Disloyal Customer,38,Business Travel,Eco,391,4,4,4,1,2,4,2,2,1,3,5,3,2,2.85,0,0,FALSE
Female,Loyal Customer,60,Business Travel,Business,2475,3,3,3,3,2,5,5,4,4,4,4,4,4,3.69,13,18,TRUE
Female,Loyal Customer,12,Personal Travel,Eco,1303,4,3,4,1,4,4,4,4,2,2,4,3,4,3.31,0,0,TRUE
Male,Loyal Customer,57,Business Travel,Business,143,2,2,2,2,5,4,4,3,3,4,4,5,3,3.31,49,52,TRUE
Male,Loyal Customer,49,Personal Travel,Eco,842,1,4,1,3,3,1,4,3,1,4,1,3,3,2.46,53,32,FALSE
Male,Loyal Customer,7,Personal Travel,Eco,362,0,4,0,5,3,0,3,3,3,4,5,4,3,2.85,0,0,TRUE
Female,Loyal Customer,19,Personal Travel,Eco,1846,1,2,1,3,5,1,2,5,2,3,2,4,5,2.77,4,0,FALSE
Male,Loyal Customer,25,Business Travel,Business,2067,2,2,1,2,4,4,4,4,1,4,5,2,4,3,0,0,TRUE
Male,Loyal Customer,58,Business Travel,Business,1614,3,3,1,3,3,3,3,3,3,3,3,2,3,2.77,0,0,FALSE
Female,Loyal Customer,17,Personal Travel,Eco,175,2,5,2,2,2,2,2,2,4,2,4,5,2,2.77,0,0,FALSE
Male,Disloyal Customer,24,Business Travel,Eco,259,3,0,3,3,5,3,5,5,2,1,4,4,5,3.31,90,78,FALSE
Female,Loyal Customer,8,Personal Travel,Eco,834,2,5,2,1,1,2,3,1,5,2,2,5,1,2.46,0,0,FALSE
Female,Loyal Customer,36,Business Travel,Business,2199,4,4,4,4,4,5,5,4,4,4,4,5,4,4.23,0,0,TRUE
Female,Loyal Customer,30,Personal Travel,Eco,2342,3,3,4,2,4,5,5,1,1,3,3,5,5,3.38,0,21,FALSE
Male,Loyal Customer,49,Business Travel,Business,2491,1,1,1,1,4,5,5,5,5,5,5,3,3,3.38,12,0,TRUE
Female,Loyal Customer,23,Personal Travel,Eco,228,2,4,0,1,4,0,2,4,5,5,4,5,4,3.08,0,0,FALSE
Male,Loyal Customer,47,Business Travel,Business,2677,1,4,4,4,5,3,4,1,1,1,1,3,2,2.62,9,19,FALSE
Male,Loyal Customer,21,Business Travel,Business,1407,5,5,4,5,4,4,4,4,4,5,5,4,4,4.38,10,24,TRUE
Female,Loyal Customer,17,Business Travel,Business,2390,2,2,2,2,5,5,5,5,1,1,4,2,5,3.15,0,0,TRUE
Male,Loyal Customer,54,Personal Travel,Eco,541,4,5,4,5,1,4,1,1,3,4,5,3,1,3.15,0,33,FALSE
Female,Loyal Customer,40,Personal Travel,Eco,1121,2,5,3,4,3,3,3,3,3,4,4,3,3,3.31,0,0,FALSE
Male,Loyal Customer,10,Business Travel,Business,1129,5,5,3,5,5,5,5,5,3,5,4,3,5,4.46,4,1,TRUE
Female,Loyal Customer,66,Business Travel,Business,1825,1,1,3,1,4,5,5,5,5,5,5,5,3,3.69,20,17,TRUE
Male,Loyal Customer,42,Business Travel,Business,3931,3,3,3,3,2,4,4,5,5,5,5,4,4,3.85,33,25,TRUE
Female,Loyal Customer,44,Personal Travel,Eco,507,2,4,2,2,5,4,4,3,3,2,3,3,3,3.08,0,0,FALSE
Female,Loyal Customer,38,Personal Travel,Eco,1212,1,0,1,5,3,1,3,3,5,1,4,5,3,2.69,0,0,FALSE
Male,Loyal Customer,39,Business Travel,Business,197,3,4,4,4,3,3,3,2,2,2,3,3,1,2.85,14,5,FALSE
Male,Loyal Customer,23,Business Travel,Business,3553,4,4,4,4,5,5,5,5,4,3,4,5,5,4.38,0,0,TRUE
Male,Loyal Customer,53,Business Travel,Business,2096,2,2,2,2,5,5,5,4,4,5,4,4,3,3.62,0,10,TRUE
Male,Loyal Customer,58,Business Travel,Business,2621,5,5,5,5,4,4,4,5,3,5,5,4,4,4.46,187,190,TRUE
Female,Loyal Customer,38,Business Travel,Business,2465,2,2,5,5,4,3,4,3,3,3,2,3,2,3.15,16,12,FALSE
Male,Loyal Customer,51,Business Travel,Eco,278,4,1,1,1,4,4,4,4,5,3,2,1,4,2.92,0,0,TRUE
Female,Disloyal Customer,37,Business Travel,Eco,589,3,1,3,3,4,3,5,4,1,5,3,1,4,3.08,4,0,FALSE
Male,Loyal Customer,36,Business Travel,Business,3300,2,2,5,2,1,4,3,2,2,2,2,1,1,2.23,76,60,FALSE
Male,Loyal Customer,47,Business Travel,Business,787,3,3,3,3,2,5,5,4,4,4,4,5,3,3.69,0,0,TRUE
Female,Disloyal Customer,39,Business Travel,Eco Plus,1031,1,1,1,3,3,1,3,3,2,4,2,5,3,2.46,0,0,FALSE
Male,Disloyal Customer,33,Business Travel,Eco,157,4,0,4,4,3,4,3,3,4,5,3,3,3,3.31,0,0,FALSE
Male,Disloyal Customer,18,Business Travel,Eco,803,1,1,1,3,2,1,2,2,3,1,2,5,2,2,14,13,FALSE
Male,Disloyal Customer,25,Business Travel,Eco,1234,3,3,3,4,3,3,3,3,3,5,3,4,3,3.31,13,2,FALSE
Male,Loyal Customer,30,Personal Travel,Eco,448,1,4,1,3,5,1,5,5,3,5,3,3,5,3.38,0,0,FALSE
Female,Loyal Customer,43,Business Travel,Business,359,4,4,4,4,5,2,2,5,5,5,5,5,2,4,84,81,TRUE
Female,Loyal Customer,36,Personal Travel,Eco,569,4,5,3,1,5,3,3,5,4,3,4,5,5,3.85,9,7,FALSE
Male,Loyal Customer,59,Personal Travel,Eco,2586,3,3,3,4,3,2,2,3,1,3,2,2,2,2.54,8,0,FALSE
Male,Disloyal Customer,26,Business Travel,Business,794,2,2,2,3,3,2,3,3,4,2,5,4,3,2.92,0,10,FALSE
Female,Loyal Customer,44,Business Travel,Business,2330,4,4,4,4,2,5,4,4,4,4,4,5,5,4.08,0,0,TRUE
Male,Loyal Customer,26,Business Travel,Eco,764,3,1,1,1,3,4,3,3,3,2,3,1,3,2.38,10,1,TRUE
Male,Loyal Customer,50,Business Travel,Business,1755,2,1,1,1,4,2,3,2,2,2,2,3,3,2.15,0,0,FALSE
Female,Disloyal Customer,27,Business Travel,Business,541,5,5,5,2,2,5,5,2,5,5,5,4,2,4,0,0,TRUE
Female,Loyal Customer,33,Personal Travel,Eco Plus,872,2,2,2,4,2,2,2,2,3,1,4,3,2,2.38,0,19,FALSE
Male,Loyal Customer,51,Business Travel,Business,299,5,5,5,5,5,4,4,5,5,5,5,3,4,4.62,14,2,TRUE
Male,Disloyal Customer,25,Business Travel,Eco,719,2,2,2,3,2,2,2,2,1,1,4,1,2,2,0,6,FALSE
Male,Loyal Customer,40,Business Travel,Business,986,2,2,2,2,3,5,5,3,3,3,3,5,4,3.23,0,10,TRUE
Female,Loyal Customer,31,Personal Travel,Eco,1325,3,1,3,2,1,3,1,1,3,2,1,2,1,1.85,36,26,FALSE
Male,Loyal Customer,51,Business Travel,Business,405,2,2,2,2,5,5,4,5,5,5,5,4,3,3.77,0,0,TRUE
Female,Loyal Customer,43,Business Travel,Business,526,3,3,3,3,4,4,4,5,5,5,5,4,5,4.08,1,0,TRUE
Female,Loyal Customer,27,Personal Travel,Eco Plus,2174,4,1,4,3,2,4,4,2,1,5,3,3,2,2.92,14,10,FALSE
Female,Disloyal Customer,30,Business Travel,Eco,134,3,0,4,2,3,4,3,3,1,5,2,3,3,2.77,0,0,FALSE
Male,Disloyal Customer,11,Business Travel,Eco,1412,2,2,2,4,5,2,5,5,1,2,2,2,5,3,13,22,FALSE
Male,Loyal Customer,55,Business Travel,Eco,544,1,2,2,2,1,1,1,1,2,5,2,3,1,1.85,3,7,FALSE
Female,Disloyal Customer,26,Business Travel,Eco,925,1,2,2,3,3,2,1,3,3,3,4,4,3,2.62,6,1,FALSE
Male,Loyal Customer,9,Personal Travel,Eco,239,2,3,2,4,5,2,5,5,5,5,3,1,5,3.62,22,22,FALSE
Male,Disloyal Customer,26,Business Travel,Eco,1328,1,1,1,3,4,1,4,4,3,5,3,1,4,2.69,14,4,FALSE
Female,Loyal Customer,56,Personal Travel,Eco,2288,3,3,3,4,1,2,5,3,3,3,3,3,3,3,7,13,FALSE
Male,Loyal Customer,45,Personal Travel,Eco,416,1,3,1,5,1,1,1,2,5,4,2,1,1,2.15,219,224,FALSE
Female,Loyal Customer,59,Business Travel,Eco,170,4,3,3,3,4,3,1,5,5,4,5,3,4,3.62,39,34,TRUE
Male,Loyal Customer,47,Business Travel,Eco,2342,2,3,3,3,2,2,2,2,1,5,2,3,2,2.46,0,0,FALSE
Male,Disloyal Customer,21,Business Travel,Eco,746,3,3,3,3,2,3,2,2,2,2,4,2,2,2.54,60,84,FALSE
Male,Loyal Customer,65,Business Travel,Business,431,5,5,5,5,2,2,4,5,5,5,5,2,3,4.08,0,0,TRUE
Female,Loyal Customer,25,Business Travel,Business,189,3,5,4,5,2,3,3,2,4,5,2,2,2,3.23,20,26,FALSE
Female,Loyal Customer,19,Personal Travel,Eco,507,4,4,4,1,1,4,1,1,3,3,5,3,1,2.69,37,22,FALSE
Male,Loyal Customer,30,Business Travel,Business,558,2,1,3,3,2,2,2,2,1,3,1,2,2,2,0,0,FALSE
Female,Loyal Customer,59,Business Travel,Business,1784,4,5,5,5,3,4,3,2,2,2,4,2,4,3.46,0,0,FALSE
Female,Loyal Customer,53,Business Travel,Business,1645,1,1,1,1,5,4,5,4,4,4,4,3,4,3.15,0,0,TRUE
Female,Loyal Customer,53,Business Travel,Business,3872,2,4,4,4,5,4,4,2,2,2,2,2,4,3.15,68,62,FALSE
Male,Loyal Customer,28,Business Travel,Business,192,2,2,2,2,4,4,5,4,4,5,4,4,4,3.54,0,0,TRUE
Female,Loyal Customer,22,Business Travel,Business,2237,4,5,2,2,4,4,4,4,1,4,1,4,4,3.31,1,0,FALSE
Male,Loyal Customer,28,Personal Travel,Eco,591,2,3,2,4,5,2,5,5,1,3,3,2,5,3.23,65,47,FALSE
Female,Disloyal Customer,24,Business Travel,Business,130,4,0,4,2,5,4,5,5,4,3,4,3,5,3.69,0,0,TRUE
Male,Loyal Customer,16,Personal Travel,Eco,308,3,3,3,4,3,3,3,3,2,3,3,2,3,2.92,0,0,FALSE
Male,Loyal Customer,42,Business Travel,Business,2434,2,2,2,2,2,4,4,5,5,5,5,5,5,3.69,2,0,TRUE
Female,Loyal Customer,8,Business Travel,Eco Plus,1050,1,4,5,5,1,1,4,1,4,3,3,1,1,2.62,86,63,FALSE
Female,Disloyal Customer,22,Business Travel,Business,507,5,5,5,1,2,5,2,2,5,5,4,4,2,3.62,0,0,TRUE
Male,Disloyal Customer,44,Business Travel,Business,399,3,4,4,3,4,3,4,4,4,2,5,3,4,3.62,0,7,FALSE
Female,Loyal Customer,49,Business Travel,Business,3333,1,1,1,1,3,5,4,5,5,5,5,3,5,3.38,11,0,TRUE
Male,Loyal Customer,53,Personal Travel,Eco,2165,3,5,4,3,1,4,4,1,3,3,5,3,1,3.08,0,1,FALSE
Female,Loyal Customer,54,Business Travel,Business,2397,3,3,3,3,4,1,3,4,4,4,4,4,4,3.38,7,10,TRUE
Male,Loyal Customer,38,Business Travel,Business,2383,3,2,2,2,1,4,4,2,2,2,3,4,2,2.54,0,0,FALSE
Female,Loyal Customer,36,Business Travel,Business,3874,3,5,4,5,1,3,4,3,3,3,3,3,3,3.31,0,15,FALSE
Male,Loyal Customer,53,Business Travel,Business,2069,3,3,3,3,3,5,4,5,5,5,4,4,4,3.92,0,12,TRUE
Female,Loyal Customer,31,Business Travel,Business,1559,5,5,5,5,4,4,4,4,3,5,4,4,4,4.31,0,0,TRUE
Male,Loyal Customer,61,Personal Travel,Eco,216,2,4,2,2,2,2,2,2,4,5,4,5,2,2.92,0,0,FALSE
Male,Loyal Customer,29,Personal Travel,Eco,733,4,4,4,3,5,4,4,5,3,3,3,3,5,3.85,0,0,FALSE
Female,Loyal Customer,35,Business Travel,Eco,1999,2,2,2,2,2,2,2,2,3,5,4,2,2,2.46,0,0,FALSE
Female,Loyal Customer,53,Business Travel,Business,3375,3,4,3,3,2,4,4,4,4,4,4,3,3,3.46,7,8,TRUE
Male,Loyal Customer,54,Personal Travel,Eco Plus,358,2,5,2,1,3,2,3,3,3,3,5,3,3,2.92,54,50,FALSE
Female,Loyal Customer,40,Business Travel,Eco Plus,1721,5,5,5,5,5,5,5,5,5,2,4,3,5,4.54,5,0,TRUE
Female,Loyal Customer,44,Business Travel,Business,2592,2,1,1,1,1,3,3,2,2,2,2,2,1,1.77,0,0,FALSE
Male,Loyal Customer,31,Business Travel,Eco Plus,651,5,5,5,5,5,5,5,5,3,4,1,2,5,4.23,0,0,TRUE
Female,Loyal Customer,23,Business Travel,Eco,1053,4,1,1,1,4,4,1,4,3,1,3,3,4,2.62,16,14,FALSE
Male,Loyal Customer,16,Business Travel,Business,227,4,1,1,1,3,4,4,4,2,4,4,4,4,3.08,265,260,FALSE
Male,Loyal Customer,12,Personal Travel,Eco,587,4,5,4,3,3,4,3,3,3,5,5,4,3,3.77,0,0,FALSE
Female,Loyal Customer,22,Personal Travel,Eco,189,4,4,4,3,3,4,3,3,4,3,4,5,3,3.62,0,2,FALSE
Female,Loyal Customer,29,Business Travel,Business,817,2,2,2,2,5,5,5,5,4,2,1,3,5,3.31,92,,TRUE
Female,Loyal Customer,55,Personal Travel,Eco,308,4,4,4,2,3,1,5,5,5,4,5,1,2,3.46,0,0,TRUE
Male,Loyal Customer,69,Personal Travel,Eco,926,2,4,2,5,2,3,2,4,3,4,5,2,2,3.08,95,159,FALSE
Female,Loyal Customer,42,Business Travel,Business,1500,3,3,3,3,2,4,5,5,5,5,5,5,5,4.08,12,0,TRUE
Male,Loyal Customer,46,Business Travel,Eco,279,2,3,3,3,2,2,2,2,2,1,2,3,2,2.23,29,27,TRUE
Female,Loyal Customer,18,Personal Travel,Eco Plus,414,4,3,4,4,2,4,3,2,1,1,3,1,2,2.62,36,27,FALSE
Female,Loyal Customer,67,Personal Travel,Eco,2585,2,4,2,2,2,4,2,4,2,3,5,2,2,2.77,83,86,FALSE
Female,Loyal Customer,55,Business Travel,Business,2867,2,2,2,2,2,5,4,5,5,5,5,3,3,3.46,0,0,TRUE
Female,Disloyal Customer,20,Business Travel,Eco,779,2,2,2,3,5,2,5,5,4,2,3,1,5,3.15,4,35,FALSE
Male,Loyal Customer,50,Personal Travel,Eco,1204,3,5,3,5,5,3,5,5,3,3,4,3,5,4,100,96,FALSE
Female,Disloyal Customer,24,Business Travel,Eco,760,2,2,2,3,3,2,3,3,3,1,4,2,3,2.54,9,12,FALSE
Female,Loyal Customer,38,Business Travel,Eco,391,2,4,4,4,2,1,2,2,3,2,4,4,2,2.77,26,19,FALSE
Female,Loyal Customer,38,Business Travel,Business,2288,2,2,2,2,5,4,3,4,4,5,4,1,2,3.08,4,13,TRUE
Male,Loyal Customer,41,Personal Travel,Eco Plus,874,1,5,1,1,5,1,5,5,5,2,5,3,5,3.38,0,0,FALSE
Female,Loyal Customer,47,Personal Travel,Eco,134,1,1,1,3,3,3,3,5,5,1,1,2,2,2.38,0,0,FALSE
Male,Disloyal Customer,50,Personal Travel,Eco,2475,1,5,1,3,4,1,4,4,4,5,4,5,4,3.46,0,0,FALSE
Female,Loyal Customer,26,Business Travel,Business,1700,1,1,1,1,3,3,3,3,3,5,2,3,3,2.46,0,0,TRUE
Male,Loyal Customer,33,Business Travel,Eco Plus,883,1,1,1,1,1,1,1,1,3,2,4,1,1,1.46,0,0,FALSE
Male,Loyal Customer,54,Business Travel,Business,2531,3,3,3,3,5,4,4,5,5,5,4,3,5,4,0,0,TRUE
Female,Loyal Customer,56,Personal Travel,Eco,2565,3,4,3,3,3,1,5,2,5,4,1,5,5,3.38,17,25,FALSE
Male,Loyal Customer,23,Business Travel,Business,207,0,5,0,4,5,2,2,5,1,3,3,1,5,2.77,0,2,TRUE
Male,Disloyal Customer,25,Business Travel,Eco,1190,5,5,5,1,5,5,5,5,2,4,5,5,5,4.38,0,20,TRUE
Female,Disloyal Customer,24,Business Travel,Eco,909,0,0,0,3,5,0,5,5,3,3,4,5,5,2.92,0,0,TRUE
Female,Loyal Customer,52,Business Travel,Business,925,1,1,1,1,4,5,4,4,4,4,4,3,3,3,54,44,TRUE
Female,Loyal Customer,68,Personal Travel,Eco,473,5,3,1,5,1,2,5,2,2,1,2,2,1,2.46,2,22,TRUE
Male,Loyal Customer,57,Personal Travel,Eco,674,1,4,1,3,3,1,3,3,5,4,4,4,3,3,0,7,FALSE
Male,Loyal Customer,14,Personal Travel,Eco,1249,3,5,3,2,5,3,5,5,4,2,4,5,5,3.92,8,17,FALSE
Female,Disloyal Customer,39,Business Travel,Business,1440,1,1,1,3,4,1,4,4,3,2,3,3,4,2.62,24,0,FALSE
Male,Loyal Customer,72,Business Travel,Business,3138,1,1,1,1,1,2,3,1,1,1,1,2,4,1.54,39,28,FALSE
Female,Loyal Customer,57,Personal Travel,Eco,2583,2,2,2,4,2,1,5,2,1,4,4,5,5,3,0,0,FALSE
Female,Loyal Customer,51,Business Travel,Business,440,2,2,2,2,5,4,5,5,5,5,5,4,3,3.77,0,0,TRUE
Female,Loyal Customer,50,Business Travel,Business,3772,1,1,4,1,2,5,5,5,5,5,5,5,5,3.77,21,18,TRUE
Female,Loyal Customer,56,Business Travel,Eco Plus,177,3,5,5,5,1,3,4,3,3,3,3,1,3,3.23,0,0,FALSE
Male,Disloyal Customer,43,Business Travel,Eco,667,4,3,4,3,1,4,4,1,5,4,1,2,1,2.85,13,16,FALSE
Female,Loyal Customer,59,Business Travel,Eco,402,5,4,4,4,2,2,5,4,4,5,4,5,5,4.08,66,63,TRUE
Male,Loyal Customer,46,Business Travel,Business,402,1,3,3,3,3,2,3,1,1,1,1,2,1,1.92,0,0,FALSE
Male,Loyal Customer,48,Personal Travel,Eco,214,1,0,1,3,4,1,4,4,4,2,5,3,4,2.77,0,0,FALSE
Male,Loyal Customer,52,Personal Travel,Eco Plus,689,5,4,5,2,2,5,2,2,3,4,4,4,2,3.38,0,1,TRUE
Male,Loyal Customer,43,Business Travel,Business,2732,4,4,4,4,2,5,2,5,5,5,5,3,3,3.92,0,0,TRUE
Female,Disloyal Customer,39,Business Travel,Eco,578,4,0,4,1,2,4,1,2,3,4,3,1,2,2.38,0,0,FALSE
Female,Disloyal Customer,29,Business Travel,Eco,1171,2,1,1,1,3,1,3,3,4,2,2,1,3,2.08,0,0,FALSE
Male,Disloyal Customer,23,Business Travel,Business,413,4,5,4,5,2,4,2,2,3,5,5,5,2,3.69,0,100,TRUE
Male,Loyal Customer,28,Personal Travel,Eco,550,4,0,4,4,3,4,3,3,1,4,2,3,3,2.92,0,0,FALSE
Male,Loyal Customer,55,Business Travel,Business,447,4,4,4,4,3,4,4,4,4,4,4,3,3,3.77,13,4,TRUE
Male,Loyal Customer,20,Business Travel,Eco Plus,731,2,3,5,3,2,2,1,2,3,4,3,3,2,2.69,86,65,FALSE
Female,Disloyal Customer,47,Business Travel,Business,1084,1,2,2,1,2,1,2,2,3,2,4,4,2,2.15,0,0,FALSE
Female,Loyal Customer,49,Business Travel,Business,1916,5,5,3,5,3,4,5,4,4,5,4,5,3,4.23,0,0,TRUE
Female,Disloyal Customer,25,Business Travel,Eco,909,3,3,3,4,5,3,2,5,3,1,3,4,5,3.38,22,20,FALSE
Female,Loyal Customer,54,Personal Travel,Eco,282,1,4,1,1,2,3,1,3,3,1,5,3,2,2.31,10,0,FALSE
Male,Loyal Customer,47,Business Travel,Business,337,3,3,3,3,5,3,3,3,3,3,3,4,3,3.23,32,21,FALSE
Female,Loyal Customer,23,Personal Travel,Eco,429,3,0,3,4,5,3,5,5,5,2,5,4,5,3.77,34,36,FALSE
Female,Disloyal Customer,25,Business Travel,Business,620,1,4,1,4,3,1,3,3,5,3,4,5,3,3.08,0,0,FALSE
Male,Disloyal Customer,23,Business Travel,Eco,957,4,4,4,3,2,4,2,2,4,4,3,5,2,3.31,32,38,TRUE
Male,Loyal Customer,57,Personal Travel,Eco,859,4,4,4,1,3,4,3,3,4,3,5,4,3,3.46,0,0,FALSE
Female,Loyal Customer,33,Business Travel,Eco,173,5,4,4,4,5,5,5,5,4,4,1,4,5,4.23,25,41,TRUE
Female,Loyal Customer,33,Business Travel,Business,883,3,4,4,4,3,3,3,4,1,3,2,3,3,3.08,181,169,FALSE
Female,Loyal Customer,45,Personal Travel,Eco,989,2,2,2,4,4,4,4,2,2,2,5,1,4,2.92,0,6,FALSE
Female,Loyal Customer,58,Business Travel,Business,502,1,1,2,1,4,5,4,4,4,4,4,4,3,3.15,0,0,TRUE
Female,Loyal Customer,39,Personal Travel,Eco,86,0,5,0,1,2,0,2,2,3,3,5,4,2,2.23,0,0,TRUE
Female,Loyal Customer,25,Personal Travel,Eco,1068,4,1,4,3,3,4,3,3,4,4,4,4,3,3.38,0,0,FALSE
Male,Loyal Customer,34,Personal Travel,Eco,237,1,3,0,2,1,0,1,1,2,4,4,5,1,1.92,0,0,FALSE
Female,Loyal Customer,13,Business Travel,Business,3313,2,1,1,1,2,2,2,2,1,2,3,1,2,1.69,22,30,FALSE
Female,Loyal Customer,45,Business Travel,Business,3937,2,5,5,5,1,3,3,2,2,2,2,3,2,2.85,0,0,FALSE
Male,Loyal Customer,52,Business Travel,Business,678,2,2,2,2,2,4,4,5,5,5,5,5,4,3.62,0,0,TRUE
Female,Loyal Customer,55,Business Travel,Business,2585,5,5,3,5,4,5,4,5,5,5,5,4,4,4.54,0,10,TRUE
Female,Loyal Customer,69,Personal Travel,Business,883,2,2,2,4,2,5,5,3,2,3,3,5,5,3.31,156,152,FALSE
Female,Loyal Customer,46,Business Travel,Business,1428,1,1,1,1,3,5,4,4,4,4,4,3,4,3,0,0,TRUE
Female,Loyal Customer,52,Business Travel,Business,236,0,0,0,3,4,5,3,5,5,1,1,4,1,2.46,6,7,TRUE
Female,Loyal Customer,52,Business Travel,Business,836,2,2,5,2,5,5,4,5,5,5,5,3,4,4,0,1,TRUE
Female,Loyal Customer,66,Personal Travel,Business,1727,4,5,4,3,1,4,5,5,5,4,5,4,3,4,0,0,FALSE
Female,Loyal Customer,57,Business Travel,Business,1464,1,1,1,1,2,5,4,2,2,2,2,3,3,2.23,66,65,TRUE
Male,Disloyal Customer,24,Business Travel,Business,356,5,4,5,1,1,5,1,1,5,4,4,4,1,3.15,0,0,TRUE
Male,Loyal Customer,47,Business Travel,Business,2615,5,5,5,5,5,5,4,4,4,4,4,5,5,4.62,0,0,TRUE
Female,Loyal Customer,39,Business Travel,Eco,296,3,1,5,1,3,3,3,3,4,3,2,1,3,2.69,0,0,FALSE
Male,Loyal Customer,65,Personal Travel,Eco,581,1,4,1,5,2,1,2,2,4,4,4,3,2,2.69,0,0,FALSE
Male,Loyal Customer,10,Personal Travel,Business,4502,4,2,5,4,5,3,3,2,3,4,4,3,3,3.46,6,2,FALSE
Male,Loyal Customer,66,Personal Travel,Eco,829,2,5,2,3,3,2,3,3,4,4,4,3,3,3.15,12,27,FALSE
Female,Loyal Customer,53,Business Travel,Eco,944,5,5,5,5,1,3,3,5,5,5,5,3,5,4.23,0,0,TRUE
Male,Loyal Customer,43,Business Travel,Business,1056,3,3,3,3,3,3,2,2,2,2,2,5,5,2.92,1,2,TRUE
Male,Loyal Customer,43,Personal Travel,Eco,280,2,5,2,3,3,2,3,3,5,3,5,3,3,3.23,0,6,FALSE
Female,Loyal Customer,39,Personal Travel,Eco Plus,669,2,5,1,2,1,1,1,1,4,2,5,5,1,2.38,41,39,FALSE
Female,Loyal Customer,49,Business Travel,Business,3848,2,4,4,4,2,4,3,2,2,3,2,1,2,2.69,67,70,FALSE
Female,Loyal Customer,31,Business Travel,Business,3271,3,4,3,3,5,5,5,5,5,5,4,4,5,4.31,2,12,TRUE
Female,Loyal Customer,70,Personal Travel,Eco,372,3,4,3,3,4,4,3,1,1,3,1,1,3,2.62,0,0,FALSE
Female,Loyal Customer,44,Personal Travel,Eco Plus,551,4,2,4,4,3,3,3,1,1,4,4,3,1,2.85,0,0,TRUE
Female,Loyal Customer,51,Business Travel,Business,3220,2,2,2,2,5,2,2,5,5,5,5,3,3,3.31,21,14,TRUE
Male,Loyal Customer,58,Business Travel,Business,214,0,5,0,4,2,4,4,4,4,4,4,3,5,3.31,0,0,TRUE
Female,Loyal Customer,41,Business Travel,Business,453,4,4,4,4,3,4,5,4,4,4,4,5,5,4.15,4,17,TRUE
Female,Loyal Customer,51,Business Travel,Business,199,3,3,1,3,4,4,2,3,3,4,5,5,1,3.15,12,5,TRUE
Female,Disloyal Customer,25,Business Travel,Business,2475,1,4,2,3,2,3,3,5,3,4,5,3,3,3.15,0,28,FALSE
Male,Disloyal Customer,24,Business Travel,Eco,834,2,2,2,1,2,3,3,2,2,1,3,3,3,2.23,131,135,FALSE
Male,Disloyal Customer,43,Business Travel,Eco,1127,3,3,3,3,3,2,2,2,5,4,4,2,2,2.92,8,0,FALSE
Male,Loyal Customer,40,Business Travel,Business,2899,4,4,4,4,3,1,1,5,5,5,5,1,5,3.62,0,0,TRUE
Female,Loyal Customer,56,Business Travel,Business,2172,4,4,4,4,3,4,5,4,4,5,4,5,5,4.23,0,0,TRUE
Male,Loyal Customer,55,Business Travel,Business,2777,3,3,3,3,4,4,4,3,2,5,5,4,4,3.62,0,0,TRUE
Male,Loyal Customer,50,Business Travel,Business,1905,2,2,2,2,4,4,5,5,5,5,5,3,4,3.69,0,0,TRUE
Female,Disloyal Customer,26,Business Travel,Business,1140,4,4,4,1,3,4,3,3,5,4,5,5,3,3.69,0,0,TRUE
Male,Disloyal Customer,40,Business Travel,Eco,152,5,0,5,4,2,5,2,2,4,5,3,3,2,3.23,0,0,TRUE
Male,Loyal Customer,33,Business Travel,Business,1102,2,3,3,3,2,2,2,2,2,4,3,4,2,2.62,10,0,FALSE
Female,Loyal Customer,60,Personal Travel,Eco,457,2,4,2,3,3,5,4,4,4,2,4,5,5,3.62,0,0,FALSE
Female,Loyal Customer,49,Business Travel,Business,189,0,4,0,3,3,4,4,2,2,2,2,4,4,2.62,5,3,TRUE
Male,Disloyal Customer,35,Business Travel,Eco,1477,1,1,1,5,1,2,2,3,1,3,2,2,2,2,0,0,FALSE
Female,Loyal Customer,24,Personal Travel,Eco,189,3,5,3,4,1,3,1,1,5,5,4,4,1,3.08,20,8,FALSE
Female,Loyal Customer,52,Personal Travel,Business,1496,1,1,1,3,4,3,4,1,1,1,1,3,2,2,0,17,FALSE
Male,Loyal Customer,29,Business Travel,Business,2704,5,5,5,5,5,5,5,5,4,2,4,5,5,4.62,0,0,TRUE
Female,Disloyal Customer,42,Business Travel,Eco,395,3,0,3,2,2,3,2,2,4,5,3,2,2,2.54,62,102,FALSE
Female,Loyal Customer,52,Business Travel,Business,594,2,2,2,2,5,4,5,4,4,4,4,5,3,3.54,3,0,TRUE
Male,Loyal Customer,14,Business Travel,Business,3207,3,3,3,3,5,5,5,5,5,5,5,4,5,4.31,0,1,TRUE
Female,Loyal Customer,72,Business Travel,Business,2286,1,5,5,5,5,4,4,2,2,2,1,1,1,2.92,0,0,FALSE
Female,Loyal Customer,34,Business Travel,Business,2022,4,2,2,2,1,3,3,4,4,4,4,4,3,3.08,83,81,FALSE
Female,Loyal Customer,70,Personal Travel,Eco,650,2,5,2,3,4,2,5,2,2,2,2,1,3,2.69,0,0,FALSE
Male,Disloyal Customer,20,Business Travel,Eco,809,3,3,3,3,1,3,1,1,4,2,2,1,1,2.15,59,60,FALSE
Male,Loyal Customer,31,Business Travel,Business,2927,5,5,5,5,5,5,4,5,5,2,4,4,5,4.54,0,0,TRUE
Female,Loyal Customer,49,Business Travel,Business,3639,2,2,2,2,4,4,4,4,4,4,4,4,3,3.31,0,0,TRUE
Male,Loyal Customer,31,Business Travel,Business,1916,2,5,5,5,2,2,2,2,3,5,4,4,2,3.31,2,8,FALSE
Male,Loyal Customer,17,Personal Travel,Eco,143,2,5,0,3,1,0,5,1,2,2,5,2,1,2.23,0,0,FALSE
Female,Loyal Customer,43,Personal Travel,Eco,802,3,5,3,3,2,4,5,4,4,3,4,3,3,3.54,0,0,FALSE
Female,Loyal Customer,17,Business Travel,Business,3347,3,5,5,5,3,2,3,3,1,1,3,4,3,3.15,14,7,FALSE
Male,Loyal Customer,46,Business Travel,Business,3247,3,3,3,3,3,4,5,5,5,5,5,4,4,4,3,0,TRUE
Male,Loyal Customer,47,Personal Travel,Eco,376,2,4,2,1,1,2,1,1,4,5,5,5,1,2.62,0,0,FALSE
Female,Loyal Customer,43,Business Travel,Business,3612,3,3,3,3,5,2,3,4,4,4,4,2,3,3.31,0,0,TRUE
Male,Loyal Customer,57,Business Travel,Business,1407,2,2,2,2,4,5,4,5,5,5,5,5,5,3.92,6,0,TRUE
Male,Disloyal Customer,54,Business Travel,Eco,106,1,4,1,2,5,1,5,5,2,3,1,1,5,2.77,0,0,FALSE
Female,Loyal Customer,43,Business Travel,Eco,1069,5,2,2,2,2,1,3,5,5,5,5,5,2,3.38,5,0,TRUE
Female,Loyal Customer,69,Personal Travel,Eco,687,3,5,2,2,5,5,5,5,5,2,5,3,5,4,10,2,FALSE
Female,Loyal Customer,29,Business Travel,Business,1372,3,3,3,3,5,5,5,5,3,2,4,5,5,3.92,43,4,TRUE
Male,Loyal Customer,36,Business Travel,Eco,528,2,1,5,1,2,2,2,2,4,4,4,2,2,2.54,26,8,FALSE
Male,Loyal Customer,46,Business Travel,Eco,602,2,5,5,5,2,2,2,2,2,5,3,2,2,3,0,0,FALSE
Male,Loyal Customer,57,Business Travel,Business,1677,3,3,3,3,3,4,4,5,5,5,5,5,4,4,0,5,TRUE
Male,Loyal Customer,30,Personal Travel,Eco,300,4,5,3,2,5,3,5,5,5,5,1,3,5,3.92,0,0,FALSE
Male,Loyal Customer,7,Personal Travel,Eco,67,2,5,2,4,5,2,5,5,4,4,5,4,5,4,28,29,FALSE
Female,Loyal Customer,55,Business Travel,Business,460,3,3,3,3,4,5,5,5,5,5,5,4,4,4.15,0,0,TRUE
Female,Loyal Customer,57,Personal Travel,Eco Plus,365,1,5,1,2,1,5,5,3,4,5,4,5,5,3.54,199,192,FALSE
Male,Disloyal Customer,20,Business Travel,Eco,1024,2,2,2,3,2,4,4,1,2,3,4,4,4,2.85,131,164,FALSE
Male,Loyal Customer,34,Business Travel,Business,2845,1,0,0,3,0,2,2,3,2,3,3,2,2,1.77,0,0,FALSE
Male,Disloyal Customer,54,Business Travel,Business,1055,2,2,2,2,4,2,4,4,4,2,5,5,4,3.23,0,0,FALSE
Female,Loyal Customer,30,Personal Travel,Eco,531,2,4,2,1,3,2,3,3,4,3,4,3,3,2.85,0,0,FALSE
Male,Disloyal Customer,21,Business Travel,Eco,854,3,3,3,4,3,3,3,3,5,2,4,5,3,3.38,7,0,FALSE
Female,Loyal Customer,48,Business Travel,Business,631,2,2,2,2,2,4,4,4,4,4,4,3,5,3.23,12,129,TRUE
Male,Loyal Customer,33,Personal Travel,Eco,666,4,4,5,5,3,5,3,3,2,2,4,5,3,3.69,39,18,FALSE
Male,Loyal Customer,52,Personal Travel,Eco,679,4,4,4,4,5,4,3,5,1,3,5,2,5,3.77,0,0,FALSE
Male,Loyal Customer,50,Business Travel,Business,2824,0,5,0,2,4,1,1,1,1,1,1,1,3,1.62,0,0,TRUE
Male,Loyal Customer,29,Business Travel,Business,1793,4,4,4,4,4,4,4,4,3,2,5,3,4,3.77,17,1,TRUE
Male,Loyal Customer,17,Personal Travel,Business,622,2,4,2,5,3,2,3,3,5,2,4,5,3,3.31,10,0,FALSE
Male,Loyal Customer,42,Business Travel,Business,3893,5,5,5,5,4,4,4,5,3,5,5,4,4,4.46,129,143,TRUE
Male,Disloyal Customer,39,Business Travel,Eco,671,4,4,4,3,1,4,1,1,2,3,4,1,1,2.54,12,4,FALSE
Female,Loyal Customer,21,Personal Travel,Eco Plus,563,2,4,2,3,2,2,2,2,3,3,5,5,2,2.85,0,0,FALSE
Male,Loyal Customer,16,Personal Travel,Eco,235,3,1,3,4,3,3,3,3,4,5,4,1,3,3.08,0,0,FALSE
Male,Loyal Customer,53,Business Travel,Business,3357,2,2,2,2,5,3,3,2,2,2,2,3,1,2.38,0,0,FALSE
Male,Loyal Customer,67,Personal Travel,Eco,594,2,5,2,2,1,2,1,1,2,2,2,3,1,2,0,0,FALSE
Female,Loyal Customer,50,Business Travel,Business,3157,3,3,3,3,3,5,4,4,4,4,4,3,5,3.69,78,84,TRUE
Male,Loyal Customer,35,Personal Travel,Eco,693,2,5,2,2,3,2,3,3,3,2,4,3,3,2.85,18,27,FALSE
Male,Loyal Customer,69,Business Travel,Business,609,3,4,4,4,1,4,4,3,3,3,3,3,3,3.23,10,3,FALSE
Male,Loyal Customer,63,Personal Travel,Eco,719,2,4,2,2,5,2,5,5,4,2,5,4,5,3.62,10,0,FALSE
Female,Loyal Customer,57,Business Travel,Eco,1438,1,2,2,2,4,3,4,1,1,1,1,1,1,1.85,7,10,FALSE
Female,Loyal Customer,52,Personal Travel,Eco,2378,1,4,1,1,4,3,5,4,4,1,4,4,4,3.08,0,0,FALSE
Female,Disloyal Customer,21,Business Travel,Eco,591,4,0,4,1,5,4,5,5,4,3,3,4,5,3.62,9,0,TRUE
Female,Disloyal Customer,22,Business Travel,Business,468,5,5,5,4,4,5,4,4,3,2,5,3,4,4.08,0,0,TRUE
Male,Loyal Customer,49,Personal Travel,Eco,1107,3,2,3,2,3,3,3,3,3,4,2,3,3,2.85,0,0,FALSE
Female,Loyal Customer,36,Business Travel,Eco,337,4,1,1,1,4,4,4,4,1,4,4,4,4,3.08,363,350,FALSE
Male,Loyal Customer,34,Business Travel,Business,347,2,3,3,3,4,3,3,2,2,2,2,1,2,2.46,0,0,FALSE
Male,Disloyal Customer,33,Business Travel,Business,101,2,2,2,4,4,2,3,4,3,5,3,2,4,3.08,0,0,FALSE
Male,Loyal Customer,31,Business Travel,Eco,1399,2,3,3,3,2,3,2,2,2,4,3,2,2,2.54,6,13,FALSE
Male,Disloyal Customer,25,Business Travel,Eco,1371,1,0,0,3,4,1,4,4,4,3,4,4,4,2.77,0,0,FALSE
Female,Loyal Customer,43,Business Travel,Eco,95,5,2,2,2,5,3,4,5,5,5,5,3,2,3.69,0,0,TRUE
Male,Loyal Customer,49,Business Travel,Business,3048,1,1,1,1,2,4,4,4,4,4,5,5,5,3.15,0,0,TRUE
Female,Loyal Customer,42,Business Travel,Business,2725,1,1,1,1,2,4,5,4,4,4,4,5,5,3.15,26,13,TRUE
Female,Loyal Customer,51,Personal Travel,Business,315,2,5,4,5,2,5,4,5,5,4,5,3,5,4.15,0,0,FALSE
Male,Loyal Customer,26,Business Travel,Business,1724,2,2,2,2,4,4,4,4,4,3,4,3,4,3.23,0,0,TRUE
Male,Loyal Customer,59,Personal Travel,Eco,2153,3,4,3,3,1,3,1,1,4,5,5,4,1,2.92,0,0,FALSE
Female,Loyal Customer,15,Personal Travel,Eco Plus,965,2,3,2,3,1,2,1,1,2,5,3,2,1,2.15,23,16,FALSE
Female,Disloyal Customer,21,Business Travel,Eco,1046,1,1,1,4,3,1,3,3,2,4,3,1,3,2.31,39,23,FALSE
Male,Loyal Customer,43,Business Travel,Business,3980,3,3,4,3,4,5,4,4,4,4,4,5,5,4,12,0,TRUE
Female,Loyal Customer,31,Business Travel,Business,2503,1,4,4,4,1,1,1,1,1,3,4,4,1,2.31,5,5,FALSE
Male,Loyal Customer,21,Personal Travel,Eco,358,2,5,2,4,5,2,5,5,3,5,5,5,5,4.08,0,0,FALSE
Male,Loyal Customer,45,Business Travel,Eco,753,4,2,2,2,4,4,4,4,1,2,3,2,4,2.92,0,8,TRUE
Female,Disloyal Customer,21,Business Travel,Business,113,5,0,5,2,1,5,1,1,3,1,2,4,1,2.38,0,17,TRUE
Male,Loyal Customer,57,Personal Travel,Eco,500,3,3,1,3,5,1,5,5,2,5,4,2,5,3.38,44,31,FALSE
Female,Loyal Customer,54,Business Travel,Business,1626,3,3,3,3,5,5,3,5,5,5,5,2,1,3.69,34,38,TRUE
Male,Loyal Customer,30,Personal Travel,Eco,423,4,4,3,3,5,3,5,5,1,5,4,4,5,3.92,34,24,FALSE
Female,Loyal Customer,41,Business Travel,Business,3805,4,4,4,4,2,1,3,4,4,4,4,2,3,3.31,7,4,TRUE
Male,Loyal Customer,24,Business Travel,Business,1476,4,4,4,4,4,4,4,4,2,5,4,3,4,3.85,0,0,FALSE
Male,Loyal Customer,23,Personal Travel,Eco,539,4,4,5,4,4,5,4,4,5,2,5,5,4,4.23,0,0,FALSE
Male,Loyal Customer,47,Business Travel,Business,967,2,1,1,1,2,4,3,2,2,2,2,4,3,2.23,34,22,FALSE
Female,Loyal Customer,40,Business Travel,Eco,1061,2,1,1,1,2,2,2,2,3,4,2,2,2,2,0,0,FALSE
Female,Disloyal Customer,49,Business Travel,Business,220,3,3,3,2,5,3,4,5,4,4,5,5,5,3.92,61,91,TRUE
Male,Loyal Customer,34,Business Travel,Business,429,2,2,2,2,1,4,4,2,2,3,2,2,2,2.31,91,78,FALSE
Female,Disloyal Customer,20,Business Travel,Business,570,0,5,0,1,5,0,5,5,5,4,4,4,5,3.31,6,0,TRUE
Male,Loyal Customer,49,Business Travel,Business,2240,1,1,3,1,3,4,5,5,5,5,4,3,5,3.46,52,31,TRUE
Female,Loyal Customer,49,Business Travel,Eco,1754,2,5,5,5,1,3,2,2,2,2,2,3,2,2.77,9,0,FALSE
Male,Loyal Customer,37,Business Travel,Business,2538,1,1,1,1,3,1,4,4,4,4,4,3,2,2.54,0,0,TRUE
Female,Disloyal Customer,20,Business Travel,Eco,308,2,2,2,3,5,2,5,5,4,4,4,4,5,3.62,11,16,FALSE
Male,Loyal Customer,47,Business Travel,Business,3666,2,2,2,2,3,5,4,5,5,5,5,3,4,3.62,72,63,TRUE
Male,Loyal Customer,44,Business Travel,Business,1564,4,4,4,4,5,5,4,4,4,4,4,3,4,4.08,0,0,TRUE
Female,Loyal Customer,57,Business Travel,Eco,740,3,1,1,1,2,3,4,3,3,3,3,1,4,2.46,0,0,FALSE
Male,Loyal Customer,38,Business Travel,Eco,190,4,5,4,5,4,4,4,4,1,5,4,4,4,4,5,5,TRUE
Female,Loyal Customer,54,Business Travel,Eco,315,5,3,3,3,1,3,1,5,5,5,5,4,2,3.46,121,127,TRUE
Female,Loyal Customer,62,Business Travel,Business,3699,2,4,2,2,4,2,3,5,5,5,5,2,5,3.54,0,0,TRUE
Male,Loyal Customer,37,Business Travel,Business,1357,2,1,1,1,3,4,3,2,2,2,2,3,3,2.23,14,12,FALSE
Male,Loyal Customer,48,Business Travel,Eco,1121,1,4,4,4,1,1,1,1,1,5,3,1,1,2.15,44,75,FALSE
Male,Loyal Customer,36,Personal Travel,Eco Plus,2367,2,5,2,3,2,3,3,3,3,3,4,3,3,3,196,150,FALSE
Female,Loyal Customer,20,Personal Travel,Eco,349,3,5,3,3,1,3,1,1,4,2,5,3,1,2.69,0,0,FALSE
Male,Loyal Customer,8,Personal Travel,Eco,523,3,4,3,2,3,3,5,3,5,4,5,4,3,3.62,11,54,FALSE
Male,Loyal Customer,7,Personal Travel,Eco,1276,2,4,2,1,3,2,1,3,4,2,5,5,3,2.85,0,0,FALSE
Female,Loyal Customer,15,Personal Travel,Eco,254,2,3,0,4,3,0,3,3,3,3,3,3,3,2.54,41,40,FALSE
Female,Loyal Customer,23,Business Travel,Business,153,2,2,2,2,5,5,3,5,2,4,3,2,5,3.23,55,67,TRUE
Male,Loyal Customer,29,Business Travel,Eco Plus,331,5,1,1,1,5,4,5,5,5,4,5,2,5,3.69,0,0,TRUE
Male,Loyal Customer,26,Business Travel,Business,489,4,4,4,4,5,5,5,5,4,4,2,1,5,4,36,36,TRUE
Male,Disloyal Customer,49,Business Travel,Business,1372,4,4,4,5,4,4,4,4,3,4,4,4,4,4,13,0,TRUE
Female,Disloyal Customer,24,Business Travel,Business,616,5,2,5,3,1,5,1,1,4,2,5,3,1,2.92,0,0,TRUE
Male,Loyal Customer,58,Business Travel,Business,3069,5,5,5,5,3,5,5,5,5,5,5,3,5,4.69,1,18,TRUE
Male,Loyal Customer,39,Business Travel,Business,2248,4,4,2,4,5,5,5,3,5,4,5,5,5,4.31,3,10,TRUE
Female,Disloyal Customer,18,Business Travel,Eco,226,1,1,1,4,4,1,3,4,3,1,4,4,4,2.69,0,0,FALSE
Female,Disloyal Customer,36,Business Travel,Business,862,4,4,4,1,2,4,2,2,3,5,4,4,2,3.15,0,1,FALSE
Male,Loyal Customer,44,Business Travel,Eco,101,4,1,1,1,3,4,3,3,4,4,4,2,3,2.85,0,1,FALSE
Male,Loyal Customer,53,Business Travel,Business,500,2,2,2,2,3,5,5,5,5,5,5,4,5,3.85,30,23,TRUE
Female,Loyal Customer,17,Personal Travel,Eco Plus,2475,2,4,2,3,2,2,2,4,3,4,3,2,2,2.69,150,164,FALSE
Female,Loyal Customer,46,Business Travel,Business,3892,5,5,5,5,4,5,4,4,4,4,4,5,5,4.54,0,0,TRUE
Female,Loyal Customer,33,Personal Travel,Eco Plus,618,1,4,2,3,2,5,2,5,2,4,4,2,2,2.92,355,342,FALSE
Male,Loyal Customer,53,Business Travel,Business,3361,2,2,2,2,3,4,4,5,5,5,5,3,5,3.62,0,0,TRUE
Female,Disloyal Customer,39,Business Travel,Eco,106,1,2,1,2,4,1,4,4,3,4,3,4,4,2.85,0,0,FALSE
Male,Loyal Customer,64,Business Travel,Eco,255,3,3,1,3,3,3,3,3,2,5,4,4,3,3.08,16,9,FALSE
Female,Disloyal Customer,24,Business Travel,Business,731,4,3,3,3,4,3,4,4,3,5,5,5,4,3.85,0,0,TRUE
Male,Loyal Customer,36,Personal Travel,Eco Plus,2288,5,3,5,4,5,5,5,3,1,3,4,5,5,4.08,0,0,TRUE
Female,Disloyal Customer,37,Business Travel,Eco,368,1,0,1,3,1,1,1,1,1,4,4,2,1,1.62,0,0,FALSE
Male,Loyal Customer,49,Business Travel,Business,3733,0,4,0,4,5,5,5,4,4,5,5,5,5,3.92,135,142,TRUE
Male,Loyal Customer,48,Business Travel,Business,666,4,4,4,4,3,3,4,4,4,4,4,2,4,3.69,0,0,FALSE
Male,Loyal Customer,26,Business Travel,Business,2685,3,3,3,3,4,4,4,1,5,3,1,4,4,3.23,123,132,TRUE
Female,Loyal Customer,15,Personal Travel,Business,1342,3,5,3,4,1,3,3,1,5,2,3,4,1,2.92,1,16,FALSE
Female,Disloyal Customer,44,Business Travel,Eco,482,3,2,3,4,5,3,5,5,2,3,3,4,5,3.62,0,0,FALSE
Male,Loyal Customer,55,Business Travel,Business,1536,4,4,3,4,1,5,1,4,4,4,4,4,4,3.54,0,0,TRUE
Male,Disloyal Customer,39,Business Travel,Eco,862,2,3,3,3,2,3,2,2,4,3,3,1,2,2.54,0,0,FALSE
Male,Loyal Customer,21,Business Travel,Business,1452,2,2,2,2,3,4,3,3,3,4,5,3,3,3,54,38,TRUE
Male,Loyal Customer,26,Business Travel,Business,2402,2,2,3,2,5,4,4,3,3,5,4,4,4,3.46,286,330,TRUE
Female,Loyal Customer,7,Personal Travel,Eco,127,2,1,2,4,2,2,2,2,3,1,4,2,2,2.23,75,63,FALSE
Male,Loyal Customer,38,Business Travel,Eco,265,4,3,3,3,4,4,4,4,3,2,4,3,4,3.46,44,54,FALSE
Male,Loyal Customer,34,Personal Travel,Eco,1105,4,5,4,1,5,4,5,5,2,5,4,3,5,4,0,0,FALSE
Female,Loyal Customer,48,Business Travel,Business,3883,0,4,0,1,5,4,5,3,3,3,3,4,4,3,0,0,TRUE
Female,Loyal Customer,39,Business Travel,Business,3226,3,3,3,3,4,4,5,4,4,4,5,5,5,4,0,0,TRUE
Male,Loyal Customer,12,Business Travel,Business,3634,3,5,5,5,3,3,3,3,2,2,3,4,3,3.38,31,23,FALSE
Male,Loyal Customer,30,Business Travel,Business,3497,1,1,1,1,3,4,3,3,4,2,5,3,3,2.62,0,1,TRUE
Female,Loyal Customer,25,Business Travel,Business,1009,2,2,2,2,3,3,3,3,4,2,5,3,3,2.85,5,0,TRUE
Female,Loyal Customer,61,Personal Travel,Eco,1303,2,5,2,1,4,3,5,5,5,2,3,3,5,3.46,4,0,FALSE
Female,Loyal Customer,27,Personal Travel,Eco,139,3,5,0,3,4,0,2,4,3,4,5,4,4,3.15,0,0,FALSE
Male,Disloyal Customer,25,Business Travel,Eco,1014,2,2,2,3,4,2,4,4,1,1,3,3,4,2.69,0,0,FALSE
Male,Disloyal Customer,10,Business Travel,Eco,1930,3,3,3,2,1,3,1,1,5,2,4,4,1,2.54,0,0,FALSE
Female,Loyal Customer,48,Business Travel,Eco,1020,2,5,5,5,1,3,4,2,2,2,2,2,4,3,33,42,FALSE
Male,Loyal Customer,41,Business Travel,Business,3653,0,4,0,5,4,4,4,2,2,2,2,5,4,2.92,0,4,TRUE
Female,Loyal Customer,47,Personal Travel,Eco Plus,626,2,5,3,5,4,5,4,5,5,3,5,4,3,4.08,4,0,FALSE
Male,Disloyal Customer,21,Business Travel,Eco,861,4,3,3,3,4,3,4,4,1,1,2,2,4,2.92,3,0,FALSE
Male,Loyal Customer,7,Personal Travel,Business,468,1,1,1,3,2,1,2,2,1,5,4,1,2,2,93,80,FALSE
Female,Loyal Customer,37,Business Travel,Business,317,3,5,5,5,1,3,3,3,3,3,3,2,3,3.23,0,0,FALSE
Male,Disloyal Customer,20,Business Travel,Eco,123,1,0,1,4,3,1,3,3,3,4,1,3,3,2.31,0,0,FALSE
Female,Loyal Customer,37,Business Travel,Business,822,5,5,5,5,3,3,2,3,3,3,3,1,2,3.31,9,0,TRUE
Male,Loyal Customer,45,Personal Travel,Eco,356,3,3,3,4,3,3,3,3,3,2,4,3,3,3.08,0,15,FALSE
Male,Loyal Customer,20,Business Travel,Eco Plus,2504,4,4,4,4,4,2,4,4,2,4,3,4,4,3.62,0,0,FALSE
Male,Loyal Customer,50,Business Travel,Business,1979,3,3,4,3,1,1,5,3,3,3,3,2,1,2.69,0,0,TRUE
Female,Loyal Customer,38,Personal Travel,Eco,488,2,5,2,3,4,2,4,4,3,3,4,3,4,3.31,0,0,FALSE
Female,Disloyal Customer,45,Business Travel,Eco,859,4,5,5,4,3,5,3,3,2,4,3,1,3,3.46,53,59,FALSE
Female,Disloyal Customer,30,Business Travel,Eco,589,2,1,2,3,2,2,2,2,4,4,3,3,2,2.46,36,40,FALSE
Male,Loyal Customer,24,Personal Travel,Eco,201,2,3,2,4,4,2,4,4,4,2,4,4,4,3.31,17,5,FALSE
Female,Disloyal Customer,59,Business Travel,Eco,102,4,3,4,5,1,4,1,1,1,3,1,5,1,2.62,0,0,FALSE
Male,Loyal Customer,57,Business Travel,Eco Plus,237,4,4,3,3,4,4,4,4,5,3,4,1,4,3.62,0,13,TRUE
Female,Loyal Customer,12,Personal Travel,Eco,2036,3,5,3,3,1,3,4,1,4,3,3,4,1,2.92,16,0,FALSE
Male,Loyal Customer,56,Personal Travel,Eco Plus,577,2,4,2,4,2,2,1,2,5,2,5,5,2,2.92,0,0,FALSE
Female,Disloyal Customer,20,Business Travel,Eco,483,3,0,3,3,5,3,2,5,5,3,4,4,5,3.46,0,0,FALSE
Female,Loyal Customer,59,Business Travel,Business,2802,5,5,5,5,3,5,5,5,5,5,5,5,5,4.85,0,2,TRUE
Male,Disloyal Customer,40,Business Travel,Eco,196,3,0,3,3,5,3,5,5,3,1,4,3,5,3.31,0,0,FALSE
Male,Loyal Customer,45,Personal Travel,Eco,602,3,5,3,2,5,3,5,5,3,5,4,5,5,4.08,0,0,FALSE
Female,Loyal Customer,54,Business Travel,Business,2484,2,2,2,2,4,4,5,4,4,4,4,5,3,3.46,0,0,TRUE
Male,Loyal Customer,49,Business Travel,Business,1079,4,4,4,4,3,5,5,5,5,5,5,4,3,4.31,21,11,TRUE
Male,Loyal Customer,48,Business Travel,Business,2413,3,3,3,3,4,5,4,5,5,5,5,3,5,4.08,20,10,TRUE
Male,Loyal Customer,52,Business Travel,Business,3432,0,4,0,4,3,4,5,4,4,4,4,4,3,3.31,0,5,TRUE
Female,Loyal Customer,44,Business Travel,Business,991,3,3,3,3,5,5,4,4,4,4,4,3,5,3.85,0,0,TRUE
Female,Loyal Customer,40,Business Travel,Business,2346,2,2,2,2,3,4,4,4,4,4,4,3,3,3.15,39,36,TRUE
Male,Disloyal Customer,25,Business Travel,Business,148,4,0,3,3,3,3,3,3,4,4,5,3,3,3.15,30,22,TRUE
Female,Loyal Customer,8,Personal Travel,Eco,630,2,5,2,2,4,2,5,4,3,2,4,3,4,3.23,65,71,FALSE
Male,Loyal Customer,60,Personal Travel,Business,106,4,4,4,5,4,4,5,2,2,4,4,3,3,3.69,0,0,TRUE
Female,Disloyal Customer,45,Business Travel,Eco Plus,594,3,2,2,3,4,3,4,4,3,2,3,2,4,3,13,12,FALSE
Male,Loyal Customer,28,Business Travel,Business,2174,2,1,2,2,5,5,5,5,5,4,5,3,5,3.77,0,0,TRUE
Male,Loyal Customer,50,Business Travel,Business,690,1,1,1,1,2,5,4,4,4,4,4,4,4,3,0,0,TRUE
Female,Loyal Customer,40,Business Travel,Eco,779,4,2,5,2,4,4,4,4,1,2,3,4,4,3.31,0,2,TRUE
Female,Loyal Customer,48,Business Travel,Business,588,3,3,2,3,1,3,2,5,5,4,5,1,1,2.92,0,0,TRUE
Male,Loyal Customer,46,Business Travel,Eco Plus,2586,3,2,2,2,3,3,3,1,2,2,3,3,3,2.46,37,34,FALSE
Female,Loyal Customer,65,Business Travel,Business,181,3,5,5,5,2,4,3,3,3,3,3,3,1,3.31,0,0,FALSE
Female,Loyal Customer,33,Business Travel,Eco,106,5,5,5,5,5,5,5,5,1,4,3,2,5,4.23,0,0,TRUE
Female,Disloyal Customer,22,Business Travel,Eco,119,4,0,4,2,4,4,2,4,3,3,2,2,4,2.92,0,4,TRUE
Male,Loyal Customer,46,Personal Travel,Eco,1725,3,4,3,5,1,3,1,1,5,4,4,4,1,3,2,0,FALSE
Female,Disloyal Customer,27,Business Travel,Business,1262,2,2,2,3,3,2,3,3,3,2,5,5,3,2.92,6,14,FALSE
Female,Disloyal Customer,46,Business Travel,Eco,978,3,3,3,1,5,3,5,5,4,4,2,1,5,3.38,0,8,FALSE
Male,Loyal Customer,39,Business Travel,Business,545,1,1,1,1,2,5,5,2,2,2,2,5,3,2.46,29,5,TRUE
Female,Loyal Customer,29,Business Travel,Business,3818,3,3,3,3,5,5,5,5,5,4,5,3,5,4.15,0,0,TRUE
Male,Loyal Customer,46,Personal Travel,Eco,689,3,2,3,3,4,3,4,4,2,4,2,3,4,3.15,0,6,FALSE
Female,Loyal Customer,47,Business Travel,Business,581,3,3,3,3,2,5,5,5,5,5,5,4,5,4.08,34,27,TRUE
Female,Loyal Customer,39,Business Travel,Business,236,0,0,0,3,2,4,4,3,3,3,3,5,4,2.62,3,0,TRUE
Female,Loyal Customer,61,Business Travel,Eco,305,2,4,4,4,1,4,4,2,2,2,2,4,3,2.92,7,0,FALSE
Male,Loyal Customer,43,Personal Travel,Eco,794,2,3,2,4,4,2,4,4,2,5,3,1,4,3.08,0,0,FALSE
Male,Loyal Customer,15,Personal Travel,Eco,383,2,4,2,5,5,2,5,5,4,5,5,3,5,4,0,10,FALSE
Male,Loyal Customer,42,Business Travel,Eco,529,2,5,5,5,2,2,2,2,2,3,4,4,2,3.08,0,0,FALSE
Male,Disloyal Customer,37,Business Travel,Business,1162,2,2,2,3,4,2,3,4,4,5,5,2,4,3.23,0,0,FALSE
Female,Disloyal Customer,38,Business Travel,Eco,363,2,4,2,3,3,2,5,3,1,3,3,1,3,2.69,87,74,FALSE
Female,Loyal Customer,64,Business Travel,Business,371,3,3,3,3,5,5,5,4,4,4,4,3,5,3.92,15,11,TRUE
Female,Loyal Customer,62,Personal Travel,Eco,1576,1,5,1,1,3,5,4,4,4,1,4,3,5,3.15,0,2,FALSE
Female,Loyal Customer,60,Personal Travel,Eco,733,2,3,2,3,1,5,5,2,2,2,3,3,4,2.85,0,0,FALSE
Male,Loyal Customer,40,Personal Travel,Eco,293,1,4,2,4,1,2,1,1,3,3,5,5,1,2.54,27,35,FALSE
Male,Loyal Customer,26,Personal Travel,Eco,783,3,2,3,3,3,3,3,3,1,2,2,1,3,2.46,3,0,FALSE
Female,Loyal Customer,29,Business Travel,Business,829,3,1,1,1,3,3,3,3,2,3,3,3,3,2.46,0,0,FALSE
Male,Loyal Customer,22,Business Travel,Business,2277,4,4,4,4,4,4,4,4,4,3,5,3,4,3.92,0,0,TRUE
Male,Loyal Customer,25,Personal Travel,Eco,1416,3,4,3,3,3,3,3,3,4,5,3,3,3,3.31,65,63,FALSE
Female,Disloyal Customer,39,Business Travel,Business,862,2,2,2,1,3,2,3,3,3,2,5,4,3,2.69,18,2,FALSE
Female,Loyal Customer,44,Business Travel,Business,577,5,5,5,5,2,4,5,4,4,4,4,3,4,4.15,0,0,TRUE
Male,Loyal Customer,68,Personal Travel,Eco,612,2,4,2,3,2,2,2,2,4,4,2,1,2,2.46,3,0,FALSE
Male,Loyal Customer,59,Business Travel,Business,226,2,2,2,2,4,5,5,5,5,5,5,3,3,3.69,7,0,TRUE
Male,Loyal Customer,42,Business Travel,Business,3719,2,2,2,2,3,5,5,5,5,5,5,3,5,3.77,49,49,TRUE
Male,Loyal Customer,18,Personal Travel,Eco,101,3,4,0,3,4,0,4,4,3,3,4,5,4,3.15,0,0,FALSE
Female,Loyal Customer,55,Business Travel,Business,547,3,3,3,3,4,4,5,2,2,2,2,3,3,3,0,4,TRUE
Male,Loyal Customer,52,Business Travel,Business,819,5,5,5,5,1,4,2,5,5,5,5,1,1,3.77,62,50,TRUE
Female,Loyal Customer,35,Business Travel,Eco Plus,372,5,2,2,2,5,4,5,5,4,4,4,5,5,4,0,0,TRUE
Male,Loyal Customer,42,Business Travel,Eco,134,2,2,2,2,2,2,2,2,3,4,3,2,2,2.31,143,159,FALSE
Female,Loyal Customer,56,Personal Travel,Eco,1080,2,1,2,3,2,4,4,2,2,2,2,3,4,2.54,0,11,FALSE
Female,Loyal Customer,57,Business Travel,Business,689,5,5,5,5,2,4,5,2,2,2,2,5,5,3.77,32,11,TRUE
Male,Loyal Customer,9,Personal Travel,Eco,200,5,4,5,4,2,5,2,2,4,4,4,4,2,3.62,2,10,TRUE
Female,Loyal Customer,62,Personal Travel,Eco,304,1,1,1,2,5,3,2,3,3,1,1,4,4,2.38,2,10,FALSE
Female,Disloyal Customer,48,Business Travel,Business,1464,5,5,5,3,5,5,5,5,4,4,5,4,5,4.62,0,0,TRUE
Male,Loyal Customer,54,Business Travel,Eco,590,2,5,2,5,3,2,3,3,2,5,4,4,3,3.31,35,14,FALSE
Male,Disloyal Customer,30,Business Travel,Business,337,2,2,2,3,5,2,3,5,3,1,3,3,5,3,0,21,FALSE
Female,Loyal Customer,63,Business Travel,Business,3075,2,4,2,2,4,2,3,3,3,3,3,4,2,2.85,2,0,TRUE
Male,Disloyal Customer,33,Business Travel,Eco,594,2,3,2,3,3,2,3,3,1,5,1,4,3,2.69,8,0,FALSE
Male,Loyal Customer,49,Business Travel,Business,3566,3,1,1,1,3,4,3,3,3,3,3,1,2,2.38,48,41,FALSE
Female,Loyal Customer,53,Business Travel,Business,3739,4,4,4,4,2,4,5,4,4,4,4,5,4,4,47,29,TRUE
Male,Loyal Customer,51,Business Travel,Business,1440,2,2,5,2,2,5,3,5,5,5,5,4,2,3.62,8,2,TRUE
Female,Loyal Customer,38,Business Travel,Business,2296,4,4,4,4,5,5,5,3,5,3,5,5,5,4.38,0,17,TRUE
Male,Loyal Customer,52,Business Travel,Business,3641,2,2,2,2,5,1,3,4,4,4,4,5,1,3,0,0,TRUE
Female,Loyal Customer,51,Business Travel,Business,1548,2,2,2,2,5,2,2,2,2,2,2,4,3,2.46,0,12,FALSE
Female,Disloyal Customer,22,Business Travel,Eco,712,2,2,2,3,5,2,5,5,1,3,2,3,5,3.08,29,25,FALSE
Female,Loyal Customer,72,Business Travel,Business,2004,2,4,4,4,2,4,3,2,2,2,2,3,3,2.85,0,0,FALSE
Female,Disloyal Customer,40,Business Travel,Business,189,2,2,2,4,3,2,3,3,2,5,3,2,3,2.77,0,0,FALSE
Female,Loyal Customer,46,Business Travel,Business,484,2,2,2,2,4,5,5,4,4,4,4,3,3,3.38,0,0,TRUE
Male,Loyal Customer,49,Business Travel,Business,235,2,2,2,2,3,5,4,4,4,4,4,4,4,3.38,0,0,TRUE
Male,Loyal Customer,40,Business Travel,Business,950,1,1,1,1,4,5,5,5,5,5,5,5,5,3.69,0,4,TRUE
Male,Loyal Customer,66,Business Travel,Eco Plus,460,1,4,4,4,1,1,1,3,5,4,3,1,1,2.54,248,255,FALSE
Male,Disloyal Customer,34,Business Travel,Eco,399,3,0,3,3,1,3,1,1,2,1,3,3,1,1.92,0,0,FALSE
Male,Loyal Customer,35,Business Travel,Eco,228,3,2,3,2,3,3,3,3,4,5,5,4,3,3.31,8,0,TRUE
Female,Loyal Customer,77,Business Travel,Business,2353,5,5,5,5,2,1,4,4,4,4,4,2,4,3.77,0,0,TRUE
Male,Loyal Customer,7,Personal Travel,Eco,1069,2,1,2,1,2,2,2,2,3,5,1,1,2,2,0,0,FALSE
Female,Disloyal Customer,30,Business Travel,Eco,641,3,0,3,3,1,3,5,1,4,5,1,3,1,2.54,0,0,FALSE
Female,Disloyal Customer,36,Business Travel,Business,746,2,3,3,4,2,3,3,2,3,2,5,4,2,2.92,0,0,FALSE
Male,Loyal Customer,43,Business Travel,Eco,955,5,2,2,2,5,5,5,5,1,5,2,4,5,3.69,0,0,TRUE
Female,Disloyal Customer,40,Business Travel,Business,408,2,2,2,2,2,2,5,2,4,4,5,3,2,2.85,0,0,FALSE
Female,Loyal Customer,24,Personal Travel,Eco,373,2,2,2,3,4,2,4,4,2,4,3,4,4,3.08,2,0,FALSE
Male,Loyal Customer,58,Business Travel,Eco,775,2,2,1,2,2,2,2,2,2,5,4,3,2,2.38,0,14,FALSE
Male,Loyal Customer,55,Business Travel,Eco,315,3,4,4,4,4,3,4,4,3,2,3,2,4,3.38,4,7,FALSE
Male,Loyal Customer,44,Personal Travel,Eco,419,2,3,2,4,5,2,5,5,1,5,2,5,5,3.54,9,0,FALSE
Male,Loyal Customer,56,Personal Travel,Eco,1201,2,4,2,4,3,2,4,3,1,4,3,5,3,3.08,32,21,FALSE
Male,Loyal Customer,20,Business Travel,Business,250,2,3,2,3,2,2,2,2,4,2,3,2,2,2.38,0,0,FALSE
Male,Loyal Customer,42,Business Travel,Business,1833,4,4,5,4,3,4,5,4,4,4,5,4,4,4.15,0,0,TRUE
Female,Disloyal Customer,18,Business Travel,Eco,2402,1,2,2,3,3,1,3,3,3,2,5,1,3,2.46,5,0,FALSE
Male,Loyal Customer,26,Personal Travel,Eco,1846,5,4,5,3,3,5,5,3,3,1,2,2,3,3.38,0,2,TRUE
Male,Disloyal Customer,24,Business Travel,Eco,446,0,4,0,1,2,0,2,2,3,2,5,4,2,2.08,63,63,TRUE
Male,Loyal Customer,20,Business Travel,Business,1452,1,1,1,1,5,5,5,5,2,1,5,5,5,3.23,0,0,TRUE
Male,Loyal Customer,54,Business Travel,Business,679,3,3,3,3,5,5,5,4,3,3,4,5,5,3.92,182,158,TRUE
Male,Loyal Customer,58,Business Travel,Eco,502,4,4,4,4,4,4,4,4,4,3,4,3,4,3.85,0,0,FALSE
Female,Loyal Customer,16,Business Travel,Eco Plus,1144,4,2,2,2,4,4,4,4,3,2,5,3,4,3.31,2,0,TRUE
Male,Loyal Customer,12,Personal Travel,Eco,680,4,4,4,2,3,4,3,3,4,2,5,3,3,3.38,0,0,FALSE
Female,Loyal Customer,54,Business Travel,Business,1389,3,3,3,3,5,4,4,5,5,5,5,5,3,4.08,0,0,TRUE
Female,Loyal Customer,14,Personal Travel,Eco,937,0,4,0,4,3,0,3,3,5,4,5,5,3,3,11,4,TRUE
Male,Loyal Customer,53,Business Travel,Business,2530,4,4,4,4,4,4,4,5,5,5,5,5,5,4.46,0,33,TRUE
Female,Loyal Customer,57,Business Travel,Business,2721,2,2,2,2,5,5,4,4,4,4,4,5,4,3.62,18,13,TRUE
Female,Loyal Customer,43,Business Travel,Business,1021,3,3,3,3,5,3,4,3,3,3,3,4,3,3.31,0,7,FALSE
Male,Loyal Customer,31,Personal Travel,Business,912,4,4,5,3,2,5,1,2,5,5,4,5,2,3.62,0,0,TRUE
Male,Loyal Customer,49,Business Travel,Business,1587,3,3,3,3,5,4,4,5,5,5,5,5,4,4.15,57,47,TRUE
Male,Disloyal Customer,39,Business Travel,Eco,453,1,4,1,4,3,1,3,3,2,4,4,3,3,2.77,71,70,FALSE
Male,Loyal Customer,31,Business Travel,Business,347,2,2,2,2,4,4,4,4,5,2,4,3,4,3.23,0,0,TRUE
Female,Loyal Customer,60,Business Travel,Business,139,0,5,0,4,4,5,4,4,4,4,4,5,4,3.62,0,0,TRUE
Female,Loyal Customer,61,Business Travel,Business,3377,3,3,3,3,4,4,3,3,3,3,3,1,1,2.85,13,0,FALSE
Female,Loyal Customer,31,Personal Travel,Eco,369,2,5,2,4,3,2,1,3,1,3,5,1,3,2.69,1,7,FALSE
Female,Disloyal Customer,21,Business Travel,Eco,1372,3,3,3,3,5,3,5,5,3,1,3,1,5,3.31,10,0,FALSE
Male,Loyal Customer,42,Business Travel,Business,3433,4,4,4,4,5,3,2,5,5,5,5,2,2,3.85,28,39,TRUE
Female,Loyal Customer,42,Business Travel,Eco,397,4,3,3,3,4,2,2,4,4,4,4,5,1,3.31,0,0,TRUE
Male,Loyal Customer,51,Business Travel,Eco,710,4,1,1,1,4,4,4,4,5,2,2,2,4,2.92,0,0,TRUE
Female,Loyal Customer,50,Business Travel,Eco,154,3,1,1,1,4,1,1,3,3,3,3,3,3,2.31,0,3,FALSE
Male,Disloyal Customer,22,Business Travel,Eco,447,3,4,3,3,1,3,1,1,3,3,4,4,1,2.62,10,5,FALSE
Female,Loyal Customer,25,Business Travel,Eco Plus,950,1,2,2,2,1,1,4,1,3,4,3,2,1,2.08,82,52,FALSE
Male,Loyal Customer,29,Personal Travel,Eco,184,2,4,2,4,1,2,5,1,4,1,4,2,1,2.54,0,0,FALSE
Female,Loyal Customer,39,Business Travel,Business,3119,5,5,5,5,5,5,1,4,4,5,4,5,1,4.15,0,0,TRUE
Female,Loyal Customer,25,Business Travel,Business,868,5,5,3,5,4,5,4,4,4,3,5,4,4,4.23,0,0,TRUE
Female,Disloyal Customer,25,Business Travel,Eco,632,2,2,2,3,4,2,4,4,3,4,3,3,4,3.08,0,0,FALSE
Female,Loyal Customer,12,Personal Travel,Eco,337,2,1,2,4,4,2,4,4,2,1,4,4,4,2.92,2,0,FALSE
Female,Disloyal Customer,30,Business Travel,Eco,356,2,4,2,3,2,2,5,2,2,1,3,2,2,2.46,0,10,FALSE
Female,Disloyal Customer,29,Business Travel,Eco,1044,2,2,2,3,5,2,5,5,4,4,4,4,5,3.62,44,36,FALSE
Female,Loyal Customer,62,Business Travel,Business,717,3,5,5,5,3,2,3,3,3,3,3,2,1,3.15,55,31,FALSE
Male,Loyal Customer,42,Business Travel,Business,3401,2,2,5,2,3,4,4,5,5,4,5,3,4,3.69,0,0,TRUE
Female,Loyal Customer,42,Business Travel,Business,2194,1,1,1,1,3,5,5,5,5,5,5,3,5,3.46,0,0,TRUE
Male,Loyal Customer,38,Business Travel,Business,2531,3,3,3,3,4,3,3,3,3,3,3,2,1,2.85,0,0,FALSE
Female,Loyal Customer,45,Business Travel,Business,280,3,3,3,3,3,3,3,3,3,3,3,3,4,3.08,3,0,FALSE
Female,Loyal Customer,37,Business Travel,Eco,937,5,2,2,2,5,5,5,5,4,4,3,5,5,4,0,0,TRUE
Female,Loyal Customer,48,Business Travel,Business,358,2,2,2,2,5,4,5,4,4,4,4,5,5,3.69,0,0,TRUE
Female,Loyal Customer,69,Personal Travel,Eco,860,2,4,2,4,5,5,4,3,3,2,3,5,4,3.54,0,0,FALSE
Female,Loyal Customer,30,Business Travel,Business,1399,4,4,4,4,5,5,5,5,4,4,4,4,5,4.38,15,38,TRUE
Female,Loyal Customer,53,Personal Travel,Eco,972,2,2,2,4,4,3,3,4,4,2,4,3,2,3,0,0,FALSE
Male,Loyal Customer,7,Personal Travel,Eco,977,4,5,4,4,4,4,4,4,4,5,4,4,4,4.15,189,185,FALSE
Male,Loyal Customer,23,Business Travel,Business,1121,2,2,1,2,4,4,4,4,5,3,5,3,4,3.31,7,0,TRUE
Female,Loyal Customer,36,Personal Travel,Eco,1726,1,5,1,3,5,1,5,5,4,5,5,5,5,3.85,14,0,FALSE
Female,Loyal Customer,24,Business Travel,Business,1562,4,4,4,4,3,3,3,3,4,3,5,3,3,3.54,0,0,TRUE
Male,Loyal Customer,56,Business Travel,Business,3670,1,1,1,1,3,5,4,4,4,5,4,4,3,3.08,0,0,TRUE
Female,Loyal Customer,60,Business Travel,Business,1606,3,3,3,3,5,5,4,4,4,4,4,3,5,3.85,1,2,TRUE
Female,Loyal Customer,42,Business Travel,Eco,605,5,3,3,3,2,2,5,5,5,5,5,2,4,3.77,0,0,TRUE
Male,Loyal Customer,33,Business Travel,Business,1698,2,4,4,4,2,2,2,2,4,1,2,4,2,2.69,0,0,FALSE
Female,Loyal Customer,60,Business Travel,Eco,872,3,2,2,2,4,4,4,3,3,3,3,1,4,2.92,16,0,FALSE
Male,Loyal Customer,12,Personal Travel,Eco,366,3,4,3,3,1,3,1,1,4,3,5,5,1,2.85,0,0,FALSE
Female,Loyal Customer,53,Business Travel,Business,1855,2,2,2,2,4,5,4,3,3,4,3,3,4,3.15,3,5,TRUE
Male,Loyal Customer,42,Personal Travel,Eco,239,4,5,4,5,5,4,5,5,4,5,4,4,5,4.54,31,29,FALSE
Female,Disloyal Customer,23,Business Travel,Business,224,5,0,5,3,2,5,4,2,3,2,5,3,2,3.15,130,121,TRUE
Male,Loyal Customer,35,Personal Travel,Eco,151,2,2,2,2,3,2,3,3,3,5,3,1,3,2.62,47,70,FALSE
Female,Disloyal Customer,23,Business Travel,Eco,775,4,4,4,1,2,4,2,2,5,4,5,4,2,3.31,46,68,TRUE
Female,Loyal Customer,30,Business Travel,Business,3432,1,1,1,1,5,5,5,4,2,4,4,5,5,3.31,140,125,TRUE
Male,Loyal Customer,70,Business Travel,Eco,1823,3,4,4,4,3,3,3,3,2,4,3,4,3,3.31,0,0,FALSE
Male,Disloyal Customer,20,Business Travel,Business,277,1,1,1,3,3,1,3,3,3,5,3,2,3,2.46,4,6,FALSE
Female,Loyal Customer,30,Business Travel,Business,3576,1,1,1,1,5,5,5,5,4,2,4,3,5,3.23,7,0,TRUE
Male,Loyal Customer,39,Personal Travel,Eco,789,4,5,3,3,3,4,4,4,5,5,5,4,4,4.08,160,144,FALSE
Male,Loyal Customer,49,Personal Travel,Eco,197,2,2,2,2,2,2,2,2,3,1,2,2,2,2,42,31,FALSE
Male,Loyal Customer,30,Personal Travel,Eco,160,3,5,3,4,5,3,5,5,3,3,4,5,5,4.08,0,0,FALSE
Female,Loyal Customer,39,Business Travel,Business,3827,2,3,3,3,4,4,3,2,2,2,2,3,4,2.85,24,22,FALSE
Male,Loyal Customer,58,Business Travel,Business,2009,0,5,0,2,4,2,3,4,4,4,4,3,1,2.77,0,0,TRUE
Female,Loyal Customer,48,Business Travel,Business,718,3,5,5,5,4,4,3,3,3,3,3,4,3,3.69,0,0,FALSE
Female,Loyal Customer,27,Business Travel,Eco Plus,406,2,3,3,3,2,2,2,2,1,2,3,2,2,2.23,35,41,FALSE
Male,Loyal Customer,39,Business Travel,Business,3692,1,1,1,1,2,5,4,2,2,2,2,5,4,2.46,0,0,TRUE
Male,Loyal Customer,26,Business Travel,Business,1017,3,3,3,3,5,5,5,5,5,5,5,3,5,4.23,0,0,TRUE
Female,Loyal Customer,58,Personal Travel,Eco,861,3,5,3,2,2,4,4,1,1,3,1,4,3,2.77,0,0,FALSE
Female,Loyal Customer,57,Business Travel,Business,441,2,2,2,2,2,1,3,5,5,5,5,4,2,3.08,0,0,TRUE
Female,Loyal Customer,80,Business Travel,Business,548,3,3,3,3,2,4,4,5,5,4,5,3,5,3.77,0,0,TRUE
Female,Loyal Customer,13,Personal Travel,Eco Plus,719,4,5,4,2,2,4,2,2,4,4,4,4,2,3.31,0,0,FALSE
Male,Loyal Customer,31,Business Travel,Business,500,5,5,5,5,4,4,4,4,5,2,5,5,4,4.38,52,43,TRUE
Male,Loyal Customer,33,Business Travel,Eco,237,5,5,3,3,5,5,5,5,3,3,5,1,5,4.08,31,33,TRUE
Male,Loyal Customer,65,Personal Travel,Eco,605,3,5,3,3,3,3,3,3,5,3,4,4,3,3.46,0,0,FALSE
Female,Loyal Customer,51,Business Travel,Business,3863,1,1,1,1,2,4,4,4,4,4,4,3,3,2.77,0,0,TRUE
Female,Loyal Customer,69,Personal Travel,Eco,888,1,4,2,1,3,4,5,4,4,2,4,4,3,3.15,1,23,FALSE
Female,Disloyal Customer,27,Business Travel,Eco,143,1,2,2,4,1,2,1,1,3,3,4,1,1,2,0,0,FALSE
Female,Disloyal Customer,24,Business Travel,Eco,569,0,5,0,4,4,0,1,4,5,5,4,4,4,3.08,46,38,TRUE
Male,Loyal Customer,18,Business Travel,Business,2457,1,2,2,2,2,1,1,3,3,3,3,1,1,1.92,0,0,FALSE
Male,Loyal Customer,29,Personal Travel,Eco,317,3,1,1,4,2,1,2,2,4,3,4,3,2,2.46,0,0,FALSE
Male,Disloyal Customer,56,Personal Travel,Eco,689,3,1,3,4,3,3,3,3,2,1,4,3,3,2.77,0,0,FALSE
Male,Loyal Customer,20,Business Travel,Business,127,2,5,5,5,2,2,2,2,2,4,3,4,2,3.08,7,1,FALSE
Female,Loyal Customer,10,Business Travel,Business,3436,2,2,2,2,5,5,5,5,4,3,5,5,5,3.85,0,0,TRUE
Female,Loyal Customer,47,Business Travel,Business,1885,4,4,4,4,2,3,5,5,5,4,5,2,1,3.69,0,0,TRUE
Female,Disloyal Customer,34,Business Travel,Eco Plus,427,2,3,3,3,3,3,3,3,3,2,4,1,3,2.77,0,0,FALSE
Male,Loyal Customer,52,Business Travel,Business,1872,1,1,1,1,5,4,4,5,5,5,5,4,4,3.46,0,0,TRUE
Male,Loyal Customer,16,Business Travel,Business,3216,4,2,2,2,4,4,4,4,4,4,4,2,4,3.38,0,3,FALSE
Male,Loyal Customer,39,Business Travel,Business,896,4,4,4,4,3,4,1,5,5,5,5,3,4,3.92,50,47,TRUE
Female,Loyal Customer,27,Business Travel,Business,3975,2,2,2,2,4,4,4,4,5,5,5,3,4,3.54,7,1,TRUE
Male,Loyal Customer,46,Business Travel,Business,1235,3,4,4,4,3,3,3,3,3,3,3,1,4,3.15,2,0,FALSE
Female,Loyal Customer,55,Business Travel,Business,1867,3,3,3,3,2,4,4,4,4,4,4,2,5,3.46,0,0,TRUE
Female,Disloyal Customer,38,Business Travel,Business,1310,5,5,5,1,4,5,4,4,5,3,5,4,4,4.15,4,0,TRUE
Female,Loyal Customer,35,Business Travel,Business,2422,3,4,2,4,5,3,4,3,3,3,3,4,2,3.31,0,0,FALSE
Male,Loyal Customer,36,Business Travel,Business,1934,2,2,2,2,1,4,1,5,5,5,5,3,2,3,11,9,TRUE
Male,Loyal Customer,53,Business Travel,Business,2999,4,4,4,4,3,4,4,4,4,4,4,4,4,3.92,0,0,TRUE
Male,Loyal Customer,31,Business Travel,Eco Plus,86,4,1,1,1,4,4,4,4,5,3,1,3,4,3,0,0,TRUE
Male,Loyal Customer,53,Business Travel,Business,484,5,5,5,5,3,4,5,5,5,5,5,3,3,4.46,14,8,TRUE
Female,Loyal Customer,59,Business Travel,Business,1865,4,4,4,4,2,3,4,4,4,4,4,5,4,3.85,0,2,TRUE
Female,Loyal Customer,20,Personal Travel,Eco Plus,270,2,5,2,2,4,2,1,4,5,5,5,4,4,3.46,4,20,FALSE
Female,Loyal Customer,18,Personal Travel,Eco,266,2,3,2,4,2,2,2,2,4,3,3,2,2,2.54,0,0,FALSE
Male,Loyal Customer,29,Business Travel,Business,1927,5,5,5,5,4,4,4,4,5,5,5,5,4,4.62,2,0,TRUE
Male,Loyal Customer,32,Personal Travel,Eco,1597,4,4,4,1,5,4,5,5,3,4,5,4,5,4.08,0,1,FALSE
Male,Loyal Customer,61,Personal Travel,Eco,496,2,3,2,1,3,2,3,3,5,2,2,4,3,2.69,0,0,FALSE
Female,Loyal Customer,38,Business Travel,Business,3445,2,1,1,1,1,2,2,2,2,2,2,1,2,1.62,0,0,FALSE
Female,Loyal Customer,44,Business Travel,Business,546,3,3,3,3,3,5,4,5,5,5,5,3,3,3.85,0,0,TRUE
Female,Loyal Customer,44,Business Travel,Business,1587,3,3,3,3,3,5,5,4,4,4,4,5,5,3.92,0,7,TRUE
Male,Disloyal Customer,27,Business Travel,Business,554,3,3,3,4,2,3,2,2,4,3,4,4,2,3,0,0,FALSE
Female,Loyal Customer,29,Personal Travel,Eco,373,3,0,3,5,1,3,1,1,4,2,4,5,1,2.54,0,2,FALSE
Female,Loyal Customer,27,Personal Travel,Eco,517,3,5,3,3,2,3,2,2,5,5,5,5,2,3.46,0,0,FALSE
Female,Loyal Customer,43,Business Travel,Eco,544,5,2,2,2,2,5,5,5,5,5,5,3,1,3.62,0,0,TRUE
Female,Loyal Customer,14,Personal Travel,Eco,592,2,4,2,4,2,2,2,2,5,3,4,1,2,2.69,0,0,FALSE
Female,Loyal Customer,46,Personal Travel,Eco,1041,1,5,1,3,4,4,4,5,5,1,5,5,4,3.62,0,20,FALSE
Female,Loyal Customer,56,Business Travel,Business,3698,2,2,2,2,3,5,5,2,2,2,2,4,4,2.85,0,0,TRUE
Female,Loyal Customer,38,Business Travel,Business,2374,2,2,2,2,5,4,3,3,3,3,2,3,1,2.69,23,25,FALSE
Female,Loyal Customer,26,Business Travel,Business,2677,3,3,3,3,4,5,4,4,5,5,5,3,4,3.92,20,0,TRUE
Male,Disloyal Customer,24,Business Travel,Eco Plus,907,1,2,1,4,2,1,2,2,2,5,4,2,2,2.31,0,17,FALSE
Female,Loyal Customer,51,Business Travel,Eco Plus,501,3,1,5,5,3,4,3,2,2,3,2,3,2,2.92,0,0,FALSE
Female,Loyal Customer,31,Business Travel,Business,589,3,3,5,3,4,4,4,4,2,2,3,1,4,3.23,17,9,TRUE
Female,Loyal Customer,34,Personal Travel,Eco,746,4,5,4,3,5,4,5,5,5,2,1,2,5,3.85,46,76,FALSE
Male,Disloyal Customer,39,Business Travel,Business,280,5,5,5,2,5,5,5,5,4,5,3,4,5,4.46,10,15,TRUE
Female,Loyal Customer,7,Personal Travel,Eco,646,5,2,5,4,2,5,2,2,4,3,4,2,2,3.23,0,0,TRUE
Female,Loyal Customer,59,Personal Travel,Eco,216,1,4,1,4,3,3,4,4,4,1,4,2,2,2.85,0,0,FALSE
Female,Disloyal Customer,40,Business Travel,Business,853,2,2,2,2,3,2,3,3,5,5,3,5,3,3.08,0,0,FALSE
Male,Loyal Customer,27,Business Travel,Eco,543,4,4,4,4,4,4,4,4,2,5,4,1,4,3.69,15,5,FALSE
Female,Loyal Customer,64,Personal Travel,Eco,733,1,5,1,4,2,4,2,3,3,1,1,3,5,2.69,0,0,FALSE
Female,Loyal Customer,38,Business Travel,Business,413,4,4,4,4,4,5,5,5,5,5,5,4,3,4.38,0,0,TRUE
Male,Loyal Customer,21,Business Travel,Business,3784,2,4,4,4,2,2,2,2,1,1,4,2,2,2.46,0,0,FALSE
Female,Loyal Customer,16,Personal Travel,Eco,359,3,1,3,3,2,3,2,2,1,1,3,3,2,2.23,103,95,FALSE
Male,Loyal Customer,44,Business Travel,Business,2619,2,2,2,2,2,2,1,5,5,5,5,5,4,3.23,0,0,TRUE
Male,Loyal Customer,61,Personal Travel,Eco,758,2,4,3,4,3,3,2,3,2,4,3,2,3,2.92,0,0,FALSE
Female,Loyal Customer,65,Personal Travel,Eco,1045,3,4,3,4,4,3,4,3,3,3,3,1,3,3.15,0,0,FALSE
Male,Loyal Customer,23,Business Travel,Business,1504,2,4,4,4,2,2,2,2,4,5,4,3,2,3.08,52,29,FALSE
Male,Loyal Customer,37,Business Travel,Eco,376,5,4,2,4,5,5,5,5,3,1,4,5,5,4.08,0,0,TRUE
Female,Loyal Customer,28,Personal Travel,Eco,787,0,4,1,4,3,1,3,3,3,3,5,5,3,2.92,0,0,TRUE
Female,Disloyal Customer,42,Business Travel,Eco,1660,3,3,3,3,5,3,5,5,3,4,4,1,5,3.62,13,0,FALSE
Male,Loyal Customer,66,Personal Travel,Eco,2446,1,5,0,4,2,0,2,2,1,1,5,4,2,2.23,6,0,FALSE
Male,Disloyal Customer,23,Business Travel,Eco,927,3,3,3,1,5,3,3,5,3,1,1,2,5,2.92,0,0,FALSE
Female,Loyal Customer,52,Business Travel,Business,2145,0,4,0,5,2,4,4,2,2,2,2,4,5,2.77,0,0,TRUE
Male,Loyal Customer,64,Personal Travel,Eco,289,1,5,1,3,5,1,5,5,3,4,5,3,5,3.54,0,1,FALSE
Female,Loyal Customer,53,Personal Travel,Eco Plus,861,1,5,2,3,2,1,1,4,3,4,4,1,1,2.46,137,160,FALSE
Female,Disloyal Customer,27,Business Travel,Eco,134,2,2,2,4,3,2,3,3,3,3,4,3,3,2.85,23,25,FALSE
Male,Disloyal Customer,24,Business Travel,Eco,791,2,2,2,4,4,2,4,4,4,2,4,3,4,3.15,13,8,FALSE
Female,Loyal Customer,66,Business Travel,Business,862,3,3,3,3,5,3,4,3,3,3,3,4,4,3.38,40,35,FALSE
Female,Loyal Customer,48,Business Travel,Business,728,1,1,2,1,4,4,5,3,3,3,3,3,4,2.85,2,14,TRUE
Male,Loyal Customer,41,Business Travel,Business,3836,5,5,5,5,4,5,4,5,5,5,5,5,3,4.69,0,0,TRUE
Male,Loyal Customer,33,Business Travel,Business,3296,4,4,4,4,3,3,3,3,3,2,4,5,3,3.46,0,5,TRUE
Male,Loyal Customer,39,Business Travel,Business,1725,3,4,4,4,5,4,3,3,3,3,3,1,1,3.15,6,4,FALSE
Male,Loyal Customer,35,Business Travel,Eco Plus,1947,3,4,4,4,3,3,3,3,3,1,2,2,3,2.92,1,0,FALSE
Male,Loyal Customer,54,Business Travel,Business,280,1,1,1,1,4,4,4,4,4,4,4,5,3,3.08,0,5,TRUE
Female,Loyal Customer,49,Business Travel,Business,2576,1,1,1,1,2,4,4,3,3,3,3,4,3,2.54,0,0,TRUE
Male,Loyal Customer,42,Personal Travel,Eco,550,2,0,3,3,2,3,2,2,4,2,5,3,2,2.54,2,0,FALSE
Female,Disloyal Customer,24,Business Travel,Eco,500,1,0,1,4,3,1,3,3,3,4,5,5,3,2.77,67,65,FALSE
Female,Loyal Customer,35,Personal Travel,Eco,657,4,5,4,3,5,4,5,5,5,1,4,4,5,4.15,0,0,FALSE
Male,Loyal Customer,60,Business Travel,Eco,373,5,2,3,2,5,5,5,5,5,3,1,1,5,3.62,0,0,TRUE
Female,Loyal Customer,47,Business Travel,Business,1671,3,3,3,3,5,5,5,4,4,4,4,4,5,4,0,0,TRUE
Female,Loyal Customer,36,Business Travel,Eco Plus,735,3,2,2,2,3,2,3,3,4,5,3,1,3,2.77,12,9,FALSE
Male,Disloyal Customer,38,Business Travel,Eco,143,1,3,1,1,2,1,2,2,2,2,1,1,2,1.62,0,0,FALSE
Male,Loyal Customer,47,Business Travel,Business,2808,4,4,4,4,3,4,5,3,3,3,3,3,3,3.54,1,0,TRUE
Female,Disloyal Customer,26,Business Travel,Business,590,5,5,5,1,2,5,2,2,5,3,4,5,2,3.54,0,10,TRUE
Male,Disloyal Customer,15,Business Travel,Business,1363,5,0,5,3,5,5,5,5,4,3,4,3,5,4,6,0,TRUE
Male,Loyal Customer,42,Business Travel,Business,957,3,3,3,3,3,4,4,4,4,4,4,5,4,3.69,92,88,TRUE
Female,Disloyal Customer,20,Business Travel,Business,134,2,4,2,3,5,2,5,5,2,1,4,3,5,3.31,0,0,FALSE
Female,Loyal Customer,69,Business Travel,Eco,545,1,5,5,5,4,2,2,1,1,1,1,3,4,2.69,11,1,FALSE
Female,Disloyal Customer,38,Business Travel,Eco Plus,308,2,2,2,3,4,2,4,4,3,2,4,1,4,2.85,22,17,FALSE
Female,Loyal Customer,23,Business Travel,Business,2338,4,4,4,4,4,4,4,4,5,5,5,3,4,4.15,18,1,TRUE
Female,Loyal Customer,27,Business Travel,Eco,334,1,3,3,3,1,1,1,1,4,3,4,3,1,2.23,0,16,FALSE
Male,Loyal Customer,52,Personal Travel,Eco,409,2,4,2,1,5,2,5,5,4,5,5,5,5,3.85,65,64,FALSE
Male,Disloyal Customer,60,Business Travel,Business,1440,2,2,2,1,2,2,2,2,5,5,5,4,2,2.77,4,0,FALSE
Female,Loyal Customer,43,Business Travel,Business,493,3,3,3,3,5,4,4,4,4,4,4,4,1,3.54,0,0,TRUE
Male,Loyal Customer,56,Personal Travel,Eco,391,1,3,1,2,3,1,3,3,1,1,3,5,3,2.31,4,0,FALSE
Female,Loyal Customer,56,Personal Travel,Eco Plus,268,2,3,2,4,1,2,1,2,2,2,2,5,1,2.23,0,0,FALSE
Female,Disloyal Customer,24,Business Travel,Business,481,5,0,5,5,3,5,3,3,4,4,5,3,3,3.69,0,0,TRUE
Male,Loyal Customer,36,Business Travel,Business,550,3,1,3,1,4,4,3,3,3,3,3,3,2,2.77,0,0,FALSE
Female,Loyal Customer,21,Business Travel,Business,591,1,1,1,1,3,4,3,3,4,3,4,4,3,2.69,0,0,TRUE
Female,Loyal Customer,37,Business Travel,Business,3541,5,5,5,5,3,5,5,5,5,5,5,4,3,4.62,55,41,TRUE
Male,Loyal Customer,26,Business Travel,Business,1752,1,1,1,1,5,5,5,5,2,5,5,1,5,3.23,0,0,TRUE
Male,Loyal Customer,30,Personal Travel,Eco Plus,222,4,0,4,1,2,4,2,2,4,3,4,3,2,2.69,0,0,TRUE
Male,Disloyal Customer,35,Business Travel,Business,978,2,3,3,2,5,3,5,5,5,3,5,5,5,3.92,0,0,FALSE
Female,Loyal Customer,52,Business Travel,Business,399,1,1,5,1,3,1,2,2,2,2,2,2,2,2,0,0,TRUE
Female,Loyal Customer,35,Business Travel,Business,2454,2,2,2,2,4,4,4,4,2,5,2,4,4,3.15,3,15,TRUE
Male,Disloyal Customer,38,Business Travel,Business,631,2,2,2,1,5,2,5,5,3,4,4,5,5,3.46,7,8,FALSE
Female,Loyal Customer,67,Business Travel,Business,1918,2,1,1,1,3,4,3,2,2,2,2,4,1,2.15,0,0,FALSE
Female,Loyal Customer,55,Personal Travel,Eco,748,5,4,5,2,4,4,4,2,2,5,2,3,4,3.54,1,0,TRUE
Female,Loyal Customer,20,Personal Travel,Eco,480,1,4,1,3,3,1,3,3,3,5,4,3,3,2.85,0,0,FALSE
Male,Loyal Customer,53,Personal Travel,Eco,515,2,4,2,4,3,2,3,3,3,4,5,5,3,3.31,7,0,FALSE
Male,Disloyal Customer,55,Business Travel,Eco,209,3,0,3,4,5,3,5,5,2,1,4,3,5,3.31,0,0,FALSE
Male,Loyal Customer,36,Business Travel,Eco,433,1,4,4,4,1,1,1,1,4,2,4,1,1,2.23,88,92,FALSE
Male,Loyal Customer,49,Business Travel,Eco,689,2,2,2,2,2,2,2,2,4,1,4,2,2,2.23,0,0,FALSE
Male,Loyal Customer,27,Business Travel,Business,719,1,4,4,4,1,1,1,1,4,5,3,3,1,2.54,32,7,FALSE
Male,Loyal Customer,44,Business Travel,Business,1438,5,5,5,5,3,4,4,5,5,5,5,5,3,4.54,0,9,TRUE
Male,Loyal Customer,58,Personal Travel,Eco,2402,2,4,2,5,2,2,2,2,3,3,4,4,2,2.85,42,62,FALSE
Male,Loyal Customer,48,Business Travel,Eco Plus,1674,2,5,5,5,2,2,2,2,3,4,1,2,2,2.85,76,66,FALSE
Male,Loyal Customer,48,Business Travel,Business,3360,4,4,4,4,3,5,5,5,5,5,5,4,3,4.31,0,0,TRUE
Female,Loyal Customer,36,Business Travel,Business,2863,4,3,3,3,1,3,3,4,4,3,4,4,3,3.23,129,124,FALSE
Male,Loyal Customer,41,Business Travel,Business,802,3,3,3,3,3,5,4,4,4,4,4,5,5,3.85,83,92,TRUE
Male,Disloyal Customer,26,Business Travel,Business,349,3,3,3,2,5,3,5,5,1,1,3,2,5,3.15,33,32,FALSE
Female,Loyal Customer,20,Business Travel,Business,2191,1,5,5,5,1,1,1,1,4,5,3,2,1,2.69,102,92,FALSE
Female,Loyal Customer,32,Personal Travel,Eco,825,4,5,4,4,4,4,4,4,3,4,5,3,4,4,0,0,FALSE
Male,Loyal Customer,43,Business Travel,Business,2900,0,0,0,1,3,5,4,2,2,2,2,3,3,2.08,8,0,TRUE
Male,Disloyal Customer,37,Business Travel,Business,347,2,2,2,3,5,2,5,5,4,2,4,2,5,3.31,0,0,FALSE
Female,Loyal Customer,42,Personal Travel,Eco,1205,3,4,3,4,5,4,4,5,5,3,5,2,3,3.85,106,89,FALSE
Male,Loyal Customer,26,Business Travel,Eco,645,5,3,3,3,5,5,4,5,2,5,3,2,5,3.85,101,98,TRUE
Male,Loyal Customer,46,Business Travel,Business,3933,4,4,4,4,5,4,4,4,4,4,4,3,3,3.92,4,24,TRUE
Female,Loyal Customer,33,Business Travel,Business,937,1,1,4,1,5,2,3,3,3,3,3,3,2,2.62,0,0,TRUE
Female,Loyal Customer,76,Business Travel,Business,3758,1,2,2,2,2,4,4,1,1,1,1,3,1,1.92,10,17,FALSE
Female,Loyal Customer,52,Personal Travel,Eco,2475,5,0,5,2,5,3,3,3,2,4,4,3,3,3.23,0,0,TRUE
Female,Loyal Customer,25,Personal Travel,Eco Plus,936,1,1,1,3,3,1,3,3,4,5,2,4,3,2.62,90,76,FALSE
Female,Loyal Customer,67,Business Travel,Business,2311,1,1,1,1,2,2,5,5,5,5,5,1,2,2.77,14,16,TRUE
Female,Loyal Customer,23,Personal Travel,Business,436,2,4,2,2,4,2,4,4,3,2,5,3,4,3.15,0,0,FALSE
Male,Loyal Customer,40,Business Travel,Business,395,4,4,4,4,4,5,4,5,5,5,5,1,4,4.15,53,55,TRUE
Female,Disloyal Customer,7,Business Travel,Eco Plus,606,4,0,4,4,1,4,1,1,1,2,3,3,1,2.23,22,24,FALSE
Female,Loyal Customer,44,Business Travel,Eco Plus,250,3,4,3,4,3,1,2,3,3,3,3,3,4,3,16,4,TRUE
Male,Loyal Customer,17,Personal Travel,Eco,585,3,5,3,3,2,3,2,2,4,3,4,3,2,3,0,0,FALSE
Male,Loyal Customer,45,Business Travel,Business,283,5,5,5,5,3,4,4,5,5,5,5,4,4,4.54,0,0,TRUE
Female,Disloyal Customer,38,Business Travel,Business,1422,4,4,4,1,5,4,5,5,4,5,4,3,5,4.08,0,0,TRUE
Female,Loyal Customer,10,Personal Travel,Eco,512,1,1,1,3,4,1,5,4,3,2,4,1,4,2.62,0,0,FALSE
Female,Disloyal Customer,24,Business Travel,Business,731,5,0,5,4,1,5,1,1,4,3,4,3,1,2.85,14,3,TRUE
Male,Loyal Customer,22,Business Travel,Business,2274,3,3,4,4,3,3,3,3,3,5,4,1,3,3.23,0,0,FALSE
Male,Loyal Customer,36,Business Travel,Business,2159,4,4,4,4,2,5,4,5,5,5,5,4,3,4.15,0,0,TRUE
Female,Loyal Customer,59,Business Travel,Business,3025,3,2,2,2,3,4,4,3,3,3,3,4,1,2.85,2,10,FALSE
Female,Loyal Customer,60,Business Travel,Business,1068,3,3,2,3,5,5,5,4,4,4,4,3,4,3.77,0,0,TRUE
Male,Loyal Customer,53,Business Travel,Business,2194,5,5,5,5,5,4,4,5,5,4,5,3,4,4.54,0,0,TRUE
Female,Loyal Customer,48,Personal Travel,Eco,403,2,4,5,3,4,4,4,4,4,5,4,4,5,4,32,27,FALSE
Female,Loyal Customer,58,Business Travel,Business,2931,2,2,3,2,4,5,4,5,5,5,5,5,5,4,31,27,TRUE
Female,Loyal Customer,20,Personal Travel,Eco,591,2,4,2,1,4,2,4,4,3,3,5,5,4,3.31,11,7,FALSE
Female,Loyal Customer,50,Business Travel,Eco,342,1,3,3,3,1,3,4,1,1,1,1,1,4,2.08,0,0,FALSE
Female,Loyal Customer,56,Personal Travel,Eco,928,3,4,3,2,5,5,5,5,5,3,5,3,3,3.92,9,4,FALSE
Male,Loyal Customer,43,Personal Travel,Eco,2402,2,4,2,3,2,2,2,2,3,5,3,4,2,2.77,83,68,FALSE
Female,Disloyal Customer,26,Business Travel,Eco Plus,416,1,0,1,2,2,1,4,2,2,3,2,4,2,2,97,102,FALSE
Female,Loyal Customer,30,Personal Travel,Eco,507,3,5,3,1,4,3,2,4,4,3,5,3,4,3.38,0,0,FALSE
Male,Loyal Customer,35,Personal Travel,Eco,992,3,4,2,3,3,2,3,3,4,4,5,3,3,3.23,2,,FALSE
Male,Loyal Customer,39,Business Travel,Business,425,4,4,3,4,5,4,4,3,3,3,3,3,4,3.62,0,0,TRUE
Male,Loyal Customer,49,Personal Travel,Business,440,1,5,1,3,2,5,1,1,1,1,1,4,1,2.08,7,2,FALSE
Male,Loyal Customer,46,Business Travel,Business,3714,5,5,5,5,3,4,5,4,4,4,4,3,5,4.31,0,1,TRUE
Male,Loyal Customer,35,Business Travel,Business,1438,5,5,5,5,2,5,5,4,4,4,4,5,3,4.31,0,0,TRUE
Female,Disloyal Customer,29,Business Travel,Eco,1107,1,0,0,2,5,0,5,5,3,5,2,1,5,2.62,27,10,FALSE
Female,Loyal Customer,46,Business Travel,Business,1516,1,4,1,1,2,4,4,4,4,4,4,4,3,3.08,0,0,TRUE
Male,Loyal Customer,31,Business Travel,Business,3151,3,3,3,3,3,3,3,3,2,2,3,2,3,2.77,47,35,FALSE
Female,Loyal Customer,40,Business Travel,Business,1379,3,1,1,1,3,2,3,3,3,3,3,4,4,2.62,0,0,FALSE
Male,Disloyal Customer,11,Business Travel,Business,985,5,0,5,1,5,0,5,5,3,4,5,3,5,3.54,18,4,TRUE
Male,Loyal Customer,55,Business Travel,Business,2651,0,0,0,1,5,5,5,2,2,2,2,5,4,2.54,0,0,TRUE
Male,Loyal Customer,49,Business Travel,Business,2953,4,4,4,4,5,4,4,2,2,2,2,4,4,3.46,1,12,TRUE
Male,Loyal Customer,19,Business Travel,Eco Plus,787,5,2,2,2,5,5,4,5,2,2,1,5,5,3.46,2,0,TRUE
Male,Loyal Customer,48,Business Travel,Business,2072,2,2,2,2,5,3,4,4,4,4,4,4,4,3.38,4,0,TRUE
Female,Loyal Customer,37,Business Travel,Business,3777,4,4,4,4,3,4,5,5,5,4,5,4,5,4.31,0,0,TRUE
Female,Loyal Customer,57,Business Travel,Business,1792,1,1,1,1,3,4,2,5,5,5,3,4,2,2.85,0,0,TRUE
Female,Loyal Customer,63,Personal Travel,Eco,1197,2,5,2,3,2,2,2,4,5,4,4,2,2,3,198,188,FALSE
Male,Loyal Customer,39,Business Travel,Business,1440,3,3,3,3,3,4,5,3,3,3,3,3,4,3.31,3,7,TRUE
Female,Loyal Customer,55,Business Travel,Business,2551,2,2,2,2,3,5,4,4,4,4,4,3,3,3.23,0,0,TRUE
Female,Loyal Customer,44,Business Travel,Business,2152,5,5,5,5,5,5,5,5,5,5,5,3,4,4.77,0,0,TRUE
Female,Disloyal Customer,31,Business Travel,Business,1670,2,2,2,3,2,2,2,2,3,3,3,4,2,2.46,3,21,FALSE
Male,Loyal Customer,39,Business Travel,Business,2714,4,4,4,4,4,5,5,4,4,4,4,5,5,4.31,0,0,TRUE
Female,Disloyal Customer,22,Business Travel,Eco,1200,3,3,3,1,3,3,3,3,3,4,5,3,3,3.08,0,0,FALSE
Female,Loyal Customer,26,Personal Travel,Eco,1464,1,5,2,4,4,2,4,4,4,2,4,3,4,3.31,14,57,FALSE
Female,Loyal Customer,61,Business Travel,Business,2193,3,2,2,2,3,2,2,3,3,3,3,4,3,2.69,0,0,FALSE
Male,Loyal Customer,58,Business Travel,Business,1566,2,3,3,3,2,2,1,2,2,2,2,1,1,2,14,21,FALSE
Female,Loyal Customer,40,Personal Travel,Eco,551,4,2,4,3,5,4,4,5,1,5,4,3,5,3.77,0,9,TRUE
Female,Loyal Customer,14,Personal Travel,Eco,746,4,5,4,3,2,4,2,2,3,2,5,3,2,3.15,2,0,TRUE
Female,Loyal Customer,9,Personal Travel,Eco,2588,1,5,1,3,3,1,3,3,4,2,4,5,3,2.92,5,0,FALSE
Male,Loyal Customer,64,Personal Travel,Eco,587,5,4,5,2,2,5,2,2,4,2,5,3,2,3.31,0,0,TRUE
Male,Loyal Customer,28,Personal Travel,Eco,773,4,4,4,5,5,4,5,5,2,1,4,4,5,4,0,0,FALSE
Female,Disloyal Customer,17,Business Travel,Eco,134,3,2,3,3,5,3,5,5,3,3,2,1,5,3.31,0,0,FALSE
Male,Disloyal Customer,21,Business Travel,Eco,250,2,4,2,4,3,2,3,3,2,1,2,4,3,2.69,0,15,FALSE
Male,Loyal Customer,48,Business Travel,Business,3286,3,3,3,3,5,5,5,5,5,5,5,5,4,4.31,31,26,TRUE
Male,Loyal Customer,51,Business Travel,Business,2704,1,1,1,1,5,4,5,5,5,5,5,5,4,3.62,94,85,TRUE
Female,Loyal Customer,45,Business Travel,Eco,846,3,1,1,1,1,3,3,3,3,3,3,2,4,2.38,0,0,FALSE
Female,Loyal Customer,62,Business Travel,Business,345,0,0,0,1,4,5,4,5,5,5,5,4,5,3.31,0,0,TRUE
Male,Loyal Customer,23,Business Travel,Eco,1024,4,2,2,2,4,4,3,4,2,3,3,3,4,3.08,4,7,FALSE
Female,Loyal Customer,44,Business Travel,Business,2858,1,1,1,1,2,5,4,2,2,2,2,3,5,2.38,2,0,TRUE
Female,Loyal Customer,44,Personal Travel,Eco,651,3,1,3,3,2,4,3,4,4,3,4,1,2,2.85,0,2,FALSE
Female,Loyal Customer,48,Business Travel,Business,3075,0,0,0,1,4,4,5,5,5,5,5,4,4,3.23,57,60,TRUE
Female,Loyal Customer,28,Business Travel,Business,3044,4,4,5,4,3,3,3,3,4,4,4,4,3,3.69,6,0,TRUE
Female,Loyal Customer,54,Business Travel,Business,1204,1,1,1,1,2,1,5,5,5,5,5,2,3,2.85,0,0,TRUE
Female,Loyal Customer,43,Business Travel,Business,1390,1,1,1,1,4,5,5,5,5,5,5,4,4,3.54,0,0,TRUE
Female,Disloyal Customer,20,Business Travel,Eco,562,4,2,3,4,4,3,4,4,3,1,3,1,4,3.08,0,2,FALSE
Male,Loyal Customer,32,Business Travel,Business,3157,4,4,4,4,4,4,4,4,5,2,4,4,4,3.92,0,0,TRUE
Male,Loyal Customer,59,Business Travel,Business,666,1,1,1,1,5,5,5,4,4,4,4,3,4,3.23,0,0,TRUE
Female,Loyal Customer,27,Business Travel,Eco,1107,2,4,4,4,2,2,2,2,4,4,3,3,2,2.92,0,0,FALSE
Female,Loyal Customer,26,Personal Travel,Eco,584,3,2,2,3,4,2,4,4,1,2,2,3,4,2.77,0,0,FALSE
Female,Loyal Customer,51,Personal Travel,Eco Plus,200,4,3,4,3,4,4,3,2,2,4,2,1,1,2.85,36,48,FALSE
Female,Loyal Customer,78,Business Travel,Business,3235,5,5,5,5,5,4,5,4,4,4,4,4,3,4.38,0,0,TRUE
Male,Loyal Customer,52,Business Travel,Business,223,3,3,3,3,5,1,5,3,3,4,3,5,3,3.38,77,83,TRUE
Female,Disloyal Customer,34,Business Travel,Business,373,2,2,2,3,5,2,5,5,3,5,4,3,5,3.54,0,0,FALSE
Male,Loyal Customer,56,Personal Travel,Eco,599,2,2,2,4,1,2,1,1,3,4,3,1,1,2.08,0,0,FALSE
Female,Loyal Customer,35,Business Travel,Business,805,2,3,3,3,3,2,3,2,2,2,2,3,4,2.62,0,0,FALSE
Female,Loyal Customer,56,Personal Travel,Eco,715,3,4,3,1,2,3,1,1,1,3,1,4,4,2.38,0,0,FALSE
Male,Loyal Customer,41,Business Travel,Business,2533,1,1,1,1,4,4,4,1,1,2,1,4,2,2.08,0,0,FALSE
Female,Loyal Customer,46,Business Travel,Business,1786,3,3,3,3,1,4,4,5,5,5,5,5,2,3.69,0,0,TRUE
Male,Loyal Customer,69,Personal Travel,Eco,391,3,4,3,1,3,3,3,3,5,2,4,3,3,3.08,6,3,FALSE
Female,Loyal Customer,46,Personal Travel,Eco,308,1,4,1,3,5,4,3,1,1,1,2,4,4,2.62,9,10,FALSE
Male,Loyal Customer,57,Business Travel,Eco,313,3,5,5,5,4,3,4,4,3,2,3,3,4,3.69,0,0,FALSE
Male,Loyal Customer,50,Business Travel,Business,160,2,2,2,2,2,5,5,5,5,5,5,4,4,3.69,65,67,TRUE
Female,Disloyal Customer,54,Business Travel,Eco,944,3,3,3,4,3,3,5,3,1,1,4,1,3,2.85,5,8,FALSE
Female,Disloyal Customer,20,Business Travel,Eco,201,0,5,0,4,3,0,3,3,2,1,3,4,3,2.38,0,0,TRUE
Male,Loyal Customer,50,Business Travel,Business,109,1,1,1,1,4,3,1,4,4,4,5,3,4,2.77,0,4,TRUE
Male,Loyal Customer,48,Business Travel,Business,2018,4,4,4,4,5,3,4,4,4,4,4,3,4,3.92,27,0,TRUE
Male,Loyal Customer,56,Business Travel,Business,3759,5,5,5,5,5,4,5,5,5,5,5,3,3,4.62,0,0,TRUE
Female,Loyal Customer,48,Business Travel,Eco,149,4,2,2,2,4,2,3,4,4,4,4,3,1,3,0,4,TRUE
Female,Loyal Customer,45,Business Travel,Eco,231,2,1,3,1,5,5,1,3,3,2,3,5,5,3,0,0,TRUE
Male,Loyal Customer,55,Business Travel,Business,2288,4,4,4,4,5,3,4,5,5,5,5,4,3,4.23,9,0,TRUE
Female,Loyal Customer,48,Business Travel,Eco,109,5,4,4,4,5,3,1,5,5,5,5,5,3,4.15,0,0,TRUE
Female,Loyal Customer,46,Business Travel,Eco Plus,329,3,3,3,3,3,3,3,2,2,3,3,3,3,2.85,293,282,FALSE
Male,Loyal Customer,45,Personal Travel,Eco,472,3,1,3,2,2,3,4,2,4,3,2,3,2,2.62,14,11,FALSE
Female,Loyal Customer,48,Business Travel,Business,270,5,5,5,5,4,5,5,5,5,5,5,5,4,4.85,0,5,TRUE
Female,Loyal Customer,45,Personal Travel,Eco,1428,3,4,3,4,3,2,2,5,5,4,4,2,2,3.31,193,184,FALSE
Female,Loyal Customer,47,Business Travel,Business,862,3,3,3,3,4,4,4,5,5,5,5,5,5,4.15,0,0,TRUE
Female,Disloyal Customer,50,Business Travel,Business,447,4,4,4,1,4,1,1,3,2,5,5,1,1,2.77,279,293,TRUE
Male,Loyal Customer,45,Personal Travel,Eco,672,1,5,1,4,3,1,3,3,5,5,4,5,3,3.31,2,23,FALSE
Male,Loyal Customer,26,Personal Travel,Eco,319,0,2,0,3,3,0,3,3,3,4,3,2,3,2.23,0,0,TRUE
Male,Loyal Customer,54,Business Travel,Eco Plus,80,3,5,5,5,3,3,3,3,2,5,4,3,3,3.62,0,11,FALSE
Female,Disloyal Customer,43,Business Travel,Business,182,1,1,1,4,4,1,4,4,5,3,4,4,4,3.08,0,0,FALSE
Male,Loyal Customer,45,Business Travel,Eco,163,1,5,5,5,1,1,1,1,2,4,4,1,1,2.46,24,19,FALSE
Female,Loyal Customer,39,Business Travel,Business,1960,2,2,5,2,5,5,4,5,5,5,5,5,3,4.08,43,30,TRUE
Female,Loyal Customer,47,Business Travel,Business,3282,1,1,1,1,2,4,5,5,5,5,5,3,4,3.23,12,2,TRUE
Female,Loyal Customer,57,Personal Travel,Eco,412,2,4,2,4,3,5,4,2,2,2,2,5,3,3.08,7,6,FALSE
Male,Loyal Customer,70,Business Travel,Business,599,2,5,5,5,4,3,2,2,2,2,2,2,2,2.92,0,0,FALSE
Male,Loyal Customer,56,Business Travel,Eco,528,5,3,3,3,5,5,5,5,2,5,5,4,5,4.23,0,0,TRUE
Male,Loyal Customer,53,Business Travel,Business,1514,1,1,1,1,4,4,5,4,4,4,4,3,4,3.08,17,38,TRUE
Female,Loyal Customer,41,Personal Travel,Eco Plus,545,5,3,5,2,4,3,2,1,1,5,1,1,3,2.77,0,1,TRUE
Male,Loyal Customer,28,Business Travel,Business,3410,1,2,2,2,1,1,1,1,4,2,3,1,1,1.69,0,3,FALSE
Male,Loyal Customer,38,Business Travel,Eco Plus,739,5,3,3,3,5,5,5,5,3,5,5,1,5,4.08,13,0,TRUE
Female,Loyal Customer,46,Business Travel,Business,2381,1,1,5,1,3,5,4,4,4,4,4,4,3,3.31,51,95,TRUE
Female,Loyal Customer,31,Business Travel,Business,1597,2,4,1,4,2,2,2,4,1,2,4,2,2,2.46,185,160,FALSE
Female,Disloyal Customer,24,Business Travel,Business,650,1,1,1,1,4,1,5,4,1,3,1,1,4,2.15,6,1,FALSE
Male,Disloyal Customer,27,Business Travel,Eco Plus,109,2,2,2,4,2,2,2,2,2,4,3,5,2,2.62,0,0,FALSE
Male,Loyal Customer,24,Personal Travel,Eco,391,2,5,2,4,4,2,1,4,5,1,4,1,4,3,0,0,FALSE
Female,Loyal Customer,40,Business Travel,Business,1642,4,4,4,4,2,4,4,4,4,4,4,5,4,3.92,0,0,TRUE
Female,Loyal Customer,32,Personal Travel,Eco,184,3,3,3,3,5,3,4,5,3,2,3,2,5,3.38,5,13,FALSE
Female,Loyal Customer,39,Business Travel,Eco,954,1,2,2,2,1,1,1,1,4,4,4,1,1,1.92,3,10,FALSE
Male,Loyal Customer,69,Personal Travel,Eco,116,2,1,2,3,2,2,2,2,4,1,2,2,2,2.08,46,30,FALSE
Female,Loyal Customer,54,Business Travel,Business,3420,2,2,2,2,2,5,5,4,4,4,5,4,5,3.54,0,0,TRUE
Male,Loyal Customer,44,Business Travel,Business,594,4,4,3,4,4,5,4,4,4,4,4,4,3,3.92,0,0,TRUE
Female,Loyal Customer,35,Business Travel,Business,2586,4,3,4,4,3,4,3,4,4,4,4,3,1,3.46,0,0,TRUE
Female,Loyal Customer,34,Business Travel,Business,3008,5,5,5,5,3,5,5,5,5,5,5,5,5,4.85,0,0,TRUE
Male,Loyal Customer,50,Business Travel,Business,1550,1,1,5,1,4,5,4,4,4,4,4,4,3,3.38,56,78,TRUE
Male,Loyal Customer,52,Business Travel,Business,2319,3,3,3,3,4,4,4,5,5,5,5,3,4,3.92,0,0,TRUE
Female,Loyal Customer,61,Personal Travel,Eco,1025,1,5,1,4,2,5,4,5,5,1,2,5,5,3.46,0,0,FALSE
Male,Disloyal Customer,37,Business Travel,Business,236,3,3,3,2,5,3,5,5,4,2,2,4,5,3.54,57,45,FALSE
Male,Loyal Customer,26,Business Travel,Business,2321,1,1,1,1,4,5,4,4,4,2,4,4,4,3,0,0,TRUE
Female,Disloyal Customer,27,Business Travel,Business,479,3,3,3,2,1,3,1,1,3,2,4,4,1,2.38,38,34,FALSE
Female,Loyal Customer,18,Personal Travel,Eco,134,3,4,3,1,2,3,2,2,4,3,5,5,2,3,0,0,FALSE
Female,Loyal Customer,54,Business Travel,Business,460,3,5,3,3,3,5,4,3,3,3,3,3,3,3.38,1,0,TRUE
Male,Disloyal Customer,26,Business Travel,Business,1182,1,1,1,3,1,1,1,1,3,2,3,3,1,1.69,8,30,FALSE
Male,Loyal Customer,53,Business Travel,Business,580,1,3,3,3,2,3,3,1,1,1,1,2,1,1.92,24,0,FALSE
Male,Loyal Customer,49,Business Travel,Business,2762,4,4,4,4,5,5,4,5,5,5,5,4,5,4.54,0,0,TRUE
Female,Loyal Customer,58,Personal Travel,Eco,449,2,4,2,2,3,4,4,4,4,2,4,4,5,3.38,0,0,FALSE
Male,Loyal Customer,67,Personal Travel,Eco,967,3,5,3,4,3,5,5,3,4,4,5,5,5,4.15,265,259,FALSE
Female,Loyal Customer,48,Business Travel,Business,1605,1,1,1,1,3,5,4,4,4,4,4,4,4,3.08,55,65,TRUE
Female,Loyal Customer,17,Business Travel,Business,175,4,2,2,2,2,2,4,2,4,2,3,2,2,2.54,4,1,FALSE
Female,Loyal Customer,27,Business Travel,Business,2712,3,3,3,3,4,4,4,4,4,2,2,5,4,3.46,0,0,TRUE
Male,Loyal Customer,10,Personal Travel,Eco,562,3,5,3,4,4,3,4,4,5,3,3,5,4,3.85,0,0,FALSE
Female,Loyal Customer,21,Personal Travel,Eco,102,4,3,4,4,1,4,1,1,1,3,5,2,1,2.62,0,0,FALSE
Female,Loyal Customer,44,Business Travel,Business,1909,4,4,4,4,2,4,4,5,5,5,4,3,5,4.08,10,0,TRUE
Male,Loyal Customer,23,Personal Travel,Eco Plus,1749,2,3,2,2,3,2,3,3,2,2,2,1,3,2.31,0,0,FALSE
Female,Disloyal Customer,20,Business Travel,Eco,1299,3,3,3,3,3,4,4,1,4,3,4,4,4,3.31,151,146,FALSE
Male,Loyal Customer,32,Personal Travel,Eco Plus,528,3,5,3,3,3,3,1,3,5,2,5,4,3,3.31,6,25,FALSE
Male,Loyal Customer,40,Business Travel,Business,1982,2,2,2,2,3,5,4,4,4,5,5,5,5,3.69,95,87,TRUE
Male,Loyal Customer,55,Business Travel,Business,989,2,3,5,5,2,3,3,2,2,2,2,1,1,2.54,2,31,FALSE
Male,Loyal Customer,45,Business Travel,Eco,564,2,1,1,1,3,2,3,3,4,5,1,3,3,2.46,0,0,TRUE
Male,Loyal Customer,51,Business Travel,Business,1482,4,4,4,4,5,5,2,5,5,5,5,1,1,3.85,3,19,TRUE
Female,Loyal Customer,30,Business Travel,Business,762,3,3,3,3,3,3,3,3,1,1,4,1,3,2.62,0,0,FALSE
Female,Loyal Customer,59,Personal Travel,Eco,308,2,4,2,2,5,5,5,1,1,2,1,4,3,2.85,10,8,FALSE
Male,Disloyal Customer,37,Business Travel,Business,369,2,1,1,2,4,1,4,4,5,5,4,5,4,3.23,4,5,FALSE
Female,Loyal Customer,53,Business Travel,Eco,143,2,2,4,4,2,2,2,2,2,2,2,2,3,2.38,3,0,FALSE
Male,Loyal Customer,58,Business Travel,Eco Plus,187,2,3,3,3,3,2,3,3,1,1,4,1,3,2.46,1,2,FALSE
Male,Loyal Customer,50,Personal Travel,Eco,621,2,4,2,1,1,2,1,1,1,5,3,5,1,2.23,0,0,FALSE
Male,Loyal Customer,9,Personal Travel,Eco,1258,2,5,2,4,2,2,2,2,5,3,4,4,2,3,0,0,FALSE
Female,Loyal Customer,22,Personal Travel,Eco,2994,4,1,4,2,4,4,4,3,1,1,1,4,4,2.85,0,0,FALSE
Male,Loyal Customer,58,Business Travel,Business,2102,4,4,4,4,5,4,1,5,5,5,5,4,3,4.08,0,0,TRUE
Male,Loyal Customer,47,Personal Travel,Eco,2350,4,2,4,4,4,4,4,4,3,5,3,1,4,3.54,0,13,FALSE
Male,Loyal Customer,35,Business Travel,Business,2812,2,2,2,2,3,4,3,2,2,2,2,2,2,2.31,0,0,FALSE
Male,Loyal Customer,55,Personal Travel,Business,1158,2,5,2,3,4,4,4,4,4,2,4,3,3,3.38,0,5,FALSE
Male,Loyal Customer,51,Business Travel,Eco,628,2,3,3,3,2,2,2,2,1,5,4,4,2,2.69,10,16,FALSE
Female,Loyal Customer,58,Business Travel,Business,1399,3,5,2,2,5,3,4,3,3,3,3,2,1,3,9,0,FALSE
Female,Loyal Customer,29,Business Travel,Business,3612,5,5,5,5,4,4,4,4,5,3,4,5,4,4.38,2,0,TRUE
Male,Loyal Customer,31,Business Travel,Business,2399,1,1,1,1,4,4,4,4,5,4,5,4,4,3.23,0,10,TRUE
Female,Loyal Customer,29,Business Travel,Business,2759,3,3,3,3,4,5,4,4,3,2,5,1,4,3.38,15,26,TRUE
Male,Loyal Customer,31,Business Travel,Eco,438,0,0,0,3,4,0,1,4,4,4,5,3,4,2.46,0,20,TRUE
Male,Disloyal Customer,24,Business Travel,Eco,250,3,0,3,4,3,3,3,3,2,4,3,2,3,2.77,0,0,FALSE
Male,Loyal Customer,40,Business Travel,Eco,645,4,2,2,2,4,4,4,4,4,4,3,1,4,3.23,0,0,FALSE
Male,Loyal Customer,30,Business Travel,Business,3710,1,1,5,1,4,4,4,4,5,2,5,2,4,3.23,46,44,TRUE
Male,Loyal Customer,43,Business Travel,Business,1680,2,4,4,4,3,4,3,2,2,2,2,2,3,2.85,0,0,FALSE
Female,Disloyal Customer,14,Personal Travel,Eco,325,1,2,1,4,3,1,3,3,3,1,4,2,3,2.38,0,0,FALSE
Female,Loyal Customer,49,Business Travel,Business,761,2,5,5,5,1,3,3,2,2,2,2,4,4,3.08,0,9,FALSE
Male,Loyal Customer,27,Business Travel,Business,862,2,2,3,2,5,5,5,5,5,3,4,3,5,3.77,0,0,TRUE
Male,Loyal Customer,24,Business Travel,Business,1504,2,2,2,2,5,5,5,5,4,5,4,1,5,3.62,40,15,TRUE
Female,Disloyal Customer,22,Business Travel,Eco,173,5,3,5,3,2,5,2,2,5,2,5,4,2,3.46,24,18,TRUE
Female,Disloyal Customer,22,Business Travel,Eco,1389,2,2,2,2,1,2,1,1,4,3,5,4,1,2.31,0,0,FALSE
Female,Loyal Customer,36,Personal Travel,Eco,907,2,5,2,2,1,2,4,1,3,2,5,3,1,2.54,0,0,FALSE
Female,Loyal Customer,50,Business Travel,Business,2296,2,2,2,2,3,4,5,4,4,4,4,3,5,3.38,0,0,TRUE
Female,Loyal Customer,38,Business Travel,Eco,657,5,5,3,3,5,5,5,5,5,2,1,5,5,4.15,0,0,TRUE
Male,Loyal Customer,47,Business Travel,Business,3709,5,5,5,5,2,5,4,3,3,3,3,5,3,3.92,0,0,TRUE
Male,Loyal Customer,40,Business Travel,Business,3003,2,2,2,2,2,4,4,4,4,4,4,3,5,3.23,0,0,TRUE
Female,Loyal Customer,29,Business Travel,Business,589,2,2,3,2,4,5,4,4,3,2,4,3,4,3.23,8,3,TRUE
Female,Loyal Customer,11,Personal Travel,Eco,191,1,4,1,5,3,1,1,3,3,3,5,5,3,2.92,0,0,FALSE
Male,Loyal Customer,54,Business Travel,Eco,577,1,5,5,5,1,1,1,1,1,5,3,2,1,2.46,0,0,FALSE
Female,Disloyal Customer,22,Business Travel,Business,651,5,5,5,1,4,5,4,4,4,2,5,5,4,4.08,0,0,TRUE
Female,Loyal Customer,70,Personal Travel,Eco,1262,2,4,2,4,4,4,5,5,5,2,3,3,3,3.54,52,45,FALSE
Female,Disloyal Customer,62,Business Travel,Eco,409,2,0,2,4,4,2,3,4,4,1,2,3,4,2.69,0,0,FALSE
Female,Loyal Customer,25,Business Travel,Eco,944,1,5,5,5,1,1,3,1,2,1,4,1,1,2.38,3,0,FALSE
Male,Disloyal Customer,26,Business Travel,Business,967,3,3,3,1,5,3,2,5,5,4,5,5,5,3.77,8,2,FALSE
Female,Disloyal Customer,25,Business Travel,Business,1750,5,5,5,4,3,5,3,3,4,4,5,4,3,4.08,0,0,TRUE
Female,Loyal Customer,54,Business Travel,Business,349,5,5,5,5,4,5,4,3,3,4,3,4,3,4.08,27,23,TRUE
Female,Loyal Customer,43,Business Travel,Business,3663,0,1,1,3,3,4,4,3,3,2,2,4,5,2.69,0,10,TRUE
Female,Loyal Customer,17,Business Travel,Business,312,3,3,3,3,4,4,4,4,3,2,4,4,4,3.46,0,1,TRUE
Male,Loyal Customer,24,Business Travel,Business,3700,4,4,4,4,5,4,5,5,3,2,5,4,5,4.15,0,0,TRUE
Female,Disloyal Customer,62,Business Travel,Eco Plus,1598,1,1,1,1,3,1,3,3,3,4,5,1,3,2.31,0,5,FALSE
Female,Loyal Customer,59,Business Travel,Business,1821,3,3,3,3,3,4,4,4,4,4,4,4,5,3.69,111,95,TRUE
Female,Loyal Customer,35,Business Travel,Eco,101,2,5,5,5,2,2,2,2,1,5,1,5,2,3,0,0,TRUE
Female,Loyal Customer,30,Business Travel,Eco,1012,4,1,1,1,4,4,4,4,2,2,5,2,4,2.92,9,0,TRUE
Female,Loyal Customer,57,Personal Travel,Eco,1235,1,3,1,3,5,2,3,5,5,1,5,1,1,2.77,0,0,FALSE
Female,Disloyal Customer,62,Business Travel,Eco,296,3,1,3,3,5,3,5,5,4,1,3,1,5,3.23,66,54,FALSE
Female,Loyal Customer,67,Personal Travel,Eco Plus,483,3,1,2,1,4,1,2,5,5,2,5,3,2,2.77,32,33,FALSE
Female,Loyal Customer,58,Business Travel,Eco,581,4,1,1,1,4,5,1,4,4,4,4,4,3,3.08,0,0,TRUE
Female,Loyal Customer,41,Business Travel,Business,1389,3,3,3,3,4,5,5,4,4,4,4,4,3,3.77,16,16,TRUE
Male,Loyal Customer,45,Business Travel,Business,731,2,2,2,2,5,5,5,5,5,5,5,3,3,3.77,0,0,TRUE
Male,Loyal Customer,55,Business Travel,Business,184,4,3,3,3,2,4,4,2,2,2,4,4,1,2.92,0,0,FALSE
Male,Loyal Customer,22,Business Travel,Business,1605,3,3,3,3,3,3,3,3,3,1,1,3,3,2.69,96,90,FALSE
Female,Loyal Customer,56,Business Travel,Eco,857,3,4,4,4,2,3,2,4,4,3,4,1,1,3,0,0,FALSE
Male,Loyal Customer,28,Personal Travel,Eco,335,1,4,1,1,2,1,2,2,5,2,5,3,2,2.38,0,0,FALSE
Female,Disloyal Customer,36,Business Travel,Eco,200,3,4,3,3,4,3,1,4,5,5,4,4,4,3.62,0,0,FALSE
Female,Loyal Customer,59,Business Travel,Business,102,0,5,1,4,3,4,4,5,5,3,3,5,4,3.54,0,5,TRUE
Male,Loyal Customer,43,Business Travel,Business,3466,3,3,3,3,3,5,5,4,4,4,4,4,5,3.85,0,0,TRUE
Male,Loyal Customer,30,Business Travel,Business,3416,1,1,1,1,5,5,5,5,5,3,2,1,5,3.08,0,0,TRUE
Female,Disloyal Customer,29,Business Travel,Business,802,2,2,2,4,4,2,4,4,4,4,5,4,4,3.46,0,5,FALSE
Male,Loyal Customer,30,Business Travel,Eco,861,1,1,2,1,1,1,1,1,4,4,3,1,1,1.69,0,0,FALSE
Female,Loyal Customer,60,Business Travel,Business,1972,4,4,4,4,5,5,5,5,5,5,5,4,4,4.54,24,26,TRUE
Male,Loyal Customer,10,Personal Travel,Eco,304,1,5,1,1,5,1,4,5,3,5,4,5,5,3.46,51,38,FALSE
Male,Loyal Customer,39,Business Travel,Business,1671,5,5,5,5,4,4,4,5,5,5,5,3,4,4.54,0,0,TRUE
Male,Loyal Customer,39,Business Travel,Eco,266,5,2,2,2,5,5,5,5,1,4,3,1,5,3.46,3,0,TRUE
Male,Loyal Customer,45,Business Travel,Business,1773,2,4,4,4,5,3,3,2,2,2,2,4,4,3.15,8,21,FALSE
Female,Loyal Customer,18,Personal Travel,Eco,1598,3,2,3,3,5,3,5,5,3,1,3,1,5,3.23,2,0,FALSE
Male,Loyal Customer,70,Personal Travel,Eco,762,1,3,1,3,4,1,4,4,3,2,3,1,4,2.62,0,0,FALSE
Male,Loyal Customer,51,Business Travel,Business,370,5,5,3,5,3,4,4,4,4,4,4,4,5,4.15,2,0,TRUE
Male,Loyal Customer,33,Business Travel,Business,3526,5,5,5,5,5,5,5,5,3,4,4,4,5,4.62,11,0,TRUE
Male,Loyal Customer,15,Business Travel,Business,3794,3,1,1,1,3,3,3,3,2,1,3,2,3,2.23,18,11,FALSE
Female,Loyal Customer,27,Business Travel,Business,2176,1,5,5,5,1,1,1,1,3,3,4,1,1,2.46,47,50,FALSE
Female,Loyal Customer,52,Personal Travel,Eco,425,3,2,3,4,5,4,4,4,4,3,4,2,4,3.54,0,0,FALSE
Female,Disloyal Customer,27,Business Travel,Eco,1008,2,2,2,3,4,2,2,4,2,4,4,3,4,2.92,0,0,FALSE
Female,Loyal Customer,22,Personal Travel,Eco,700,3,5,3,1,2,3,2,2,3,1,3,4,2,2.62,2,2,FALSE
Male,Loyal Customer,40,Personal Travel,Eco,368,1,3,1,5,4,1,2,4,3,4,1,3,4,2.77,0,0,FALSE
Female,Loyal Customer,34,Business Travel,Business,2424,1,1,1,1,3,5,4,5,5,4,5,3,5,3.31,2,48,TRUE
Male,Loyal Customer,47,Business Travel,Eco,604,4,5,5,5,4,4,4,4,4,2,3,3,4,3.92,0,2,TRUE
Female,Disloyal Customer,20,Business Travel,Eco,566,4,1,4,3,4,4,5,4,3,4,2,4,4,3.54,27,18,FALSE
Female,Loyal Customer,24,Personal Travel,Business,237,3,2,3,4,2,3,2,2,2,1,4,3,2,2.54,16,12,FALSE
Female,Loyal Customer,41,Business Travel,Business,2762,4,4,4,4,4,4,4,1,4,5,1,4,4,3.62,0,23,TRUE
Male,Disloyal Customer,22,Business Travel,Eco,1166,2,2,2,3,1,2,1,1,4,3,3,4,1,2.23,0,11,FALSE
Male,Loyal Customer,48,Business Travel,Eco,463,4,3,3,3,4,4,4,4,4,4,4,3,4,3.69,0,0,TRUE
Female,Disloyal Customer,23,Business Travel,Eco,521,2,4,2,4,3,2,1,3,4,2,3,4,3,2.85,0,0,FALSE
Female,Loyal Customer,46,Business Travel,Eco,406,4,4,4,4,5,2,2,4,4,4,4,4,1,3.54,0,4,FALSE
Female,Loyal Customer,30,Business Travel,Business,484,2,2,2,2,4,4,4,4,4,2,4,1,4,3,1,0,TRUE
Male,Loyal Customer,45,Business Travel,Business,84,4,4,4,4,1,4,4,5,5,5,4,2,1,3.62,14,10,TRUE
Female,Loyal Customer,29,Business Travel,Eco,1092,4,5,5,5,4,4,4,4,2,5,4,5,4,4.23,0,0,TRUE
Female,Loyal Customer,63,Business Travel,Business,3090,0,5,0,3,2,3,3,1,1,1,1,2,3,1.92,0,0,TRUE
Female,Disloyal Customer,45,Business Travel,Business,334,1,1,1,4,5,1,5,5,3,5,5,4,5,3.46,4,27,FALSE
Female,Disloyal Customer,37,Business Travel,Eco,1389,3,3,3,4,5,3,5,5,4,2,3,2,5,3.62,0,6,FALSE
Female,Loyal Customer,46,Business Travel,Eco,779,4,4,4,4,1,4,1,4,4,4,4,5,3,3.54,0,0,TRUE
Male,Loyal Customer,35,Business Travel,Eco,262,4,3,3,3,4,4,4,4,1,2,3,1,4,3.08,0,0,TRUE
Male,Loyal Customer,17,Personal Travel,Eco,460,0,4,0,1,4,0,4,4,4,2,3,5,4,2.69,0,0,TRUE
Male,Loyal Customer,26,Business Travel,Business,479,2,2,5,2,5,5,5,5,4,5,5,4,5,4.15,0,8,TRUE
Male,Loyal Customer,41,Business Travel,Business,1363,5,5,5,5,3,5,5,5,5,5,5,3,3,4.54,4,14,TRUE
Female,Loyal Customer,55,Business Travel,Business,2133,2,3,3,3,1,3,4,2,2,3,2,3,2,2.54,0,18,FALSE
Male,Disloyal Customer,18,Business Travel,Business,1390,4,0,4,2,3,4,3,3,3,3,5,5,3,3.23,6,0,TRUE
Male,Loyal Customer,44,Business Travel,Business,3829,1,1,1,1,3,5,5,4,4,4,4,4,5,3.23,25,25,TRUE
Female,Loyal Customer,50,Business Travel,Business,405,4,4,4,4,2,5,5,4,4,4,4,5,5,4.15,0,0,TRUE
Male,Loyal Customer,39,Personal Travel,Eco Plus,281,5,3,5,4,4,5,4,4,1,5,4,3,4,3.92,32,15,TRUE
Female,Disloyal Customer,36,Business Travel,Eco,1770,1,1,1,3,3,1,3,3,2,3,1,1,3,2,0,12,FALSE
Female,Loyal Customer,46,Personal Travel,Eco Plus,422,4,3,4,3,5,2,4,3,3,4,3,2,4,3.38,0,0,FALSE
Female,Loyal Customer,44,Business Travel,Business,2613,2,3,2,2,5,4,3,5,5,5,5,1,5,3.62,0,8,TRUE
Male,Loyal Customer,55,Personal Travel,Eco,909,4,5,4,4,2,4,2,2,4,4,1,3,2,3.15,0,0,FALSE
Male,Disloyal Customer,45,Business Travel,Business,1121,3,3,3,3,4,3,4,4,4,2,3,5,4,3.46,0,26,FALSE
Female,Loyal Customer,56,Business Travel,Business,1979,5,5,5,5,5,5,4,4,4,4,4,3,4,4.38,3,0,TRUE
Male,Loyal Customer,48,Business Travel,Business,1966,4,4,4,4,2,4,4,3,3,4,3,4,4,3.62,0,0,TRUE
Female,Loyal Customer,53,Personal Travel,Eco,196,3,5,3,1,5,5,4,1,1,3,1,3,4,3,0,0,FALSE
Male,Loyal Customer,51,Business Travel,Business,1546,1,1,1,1,2,5,5,4,4,4,4,3,5,3.08,0,19,TRUE
Female,Loyal Customer,46,Personal Travel,Eco,842,2,2,2,2,1,2,3,2,2,2,2,3,1,2,6,0,FALSE
Female,Loyal Customer,35,Personal Travel,Eco,2717,3,5,3,3,3,2,2,5,5,4,4,2,2,3.31,7,19,FALSE
Female,Disloyal Customer,21,Business Travel,Eco,689,4,4,4,4,2,4,2,2,3,2,3,3,2,3,0,0,FALSE
Male,Disloyal Customer,27,Business Travel,Business,282,1,1,1,4,4,1,4,4,5,5,2,5,4,3.15,79,59,FALSE
Male,Loyal Customer,36,Personal Travel,Eco,250,2,4,0,2,4,0,4,4,5,3,5,4,4,3.15,82,62,FALSE
Male,Loyal Customer,25,Business Travel,Business,1144,4,3,3,3,4,4,4,4,3,2,4,2,4,3.38,0,0,FALSE
Male,Loyal Customer,41,Business Travel,Business,3989,3,3,3,3,3,5,4,5,5,5,5,5,5,4.15,18,26,TRUE
Male,Loyal Customer,47,Personal Travel,Eco,473,2,1,2,2,3,2,3,3,2,3,3,3,3,2.46,0,0,FALSE
Female,Loyal Customer,51,Business Travel,Business,774,4,4,4,4,2,5,4,3,3,4,3,5,3,3.69,0,0,TRUE
Male,Disloyal Customer,52,Business Travel,Business,500,5,5,5,1,5,5,4,5,5,5,4,3,5,4.38,12,0,TRUE
Female,Loyal Customer,45,Business Travel,Eco,393,4,2,2,2,3,4,4,3,3,4,3,1,3,2.92,5,2,FALSE
Female,Disloyal Customer,19,Business Travel,Business,109,2,2,2,4,2,2,2,2,3,4,4,4,2,2.69,0,7,FALSE
Male,Loyal Customer,66,Business Travel,Business,2799,1,5,5,5,2,3,3,1,1,1,1,2,2,2.46,0,0,FALSE
Male,Loyal Customer,46,Business Travel,Business,2079,1,1,1,1,4,5,4,4,4,4,4,4,3,3.08,0,41,TRUE
Female,Disloyal Customer,36,Business Travel,Business,2475,4,4,4,1,4,1,1,5,3,5,4,1,1,2.92,0,0,FALSE
Female,Loyal Customer,53,Business Travel,Eco,599,1,4,4,4,3,4,3,1,1,1,1,1,3,2.38,8,2,FALSE
Female,Disloyal Customer,27,Business Travel,Business,296,2,2,2,4,4,2,4,4,1,2,3,4,4,2.92,33,26,FALSE
Male,Loyal Customer,49,Business Travel,Business,447,1,1,1,1,5,4,4,4,4,4,4,4,3,3.08,0,0,TRUE
Female,Loyal Customer,32,Personal Travel,Eco,859,2,4,2,3,2,2,2,2,4,3,4,5,2,2.85,0,0,FALSE
Female,Loyal Customer,29,Personal Travel,Eco,954,3,3,3,2,4,3,4,4,4,4,1,4,4,3.31,6,14,FALSE
Male,Loyal Customer,47,Business Travel,Business,495,1,1,1,1,2,4,4,1,1,1,1,4,1,1.77,17,5,FALSE
Male,Disloyal Customer,25,Business Travel,Eco,599,2,0,2,2,5,2,5,5,3,4,4,5,5,3.38,46,40,FALSE
Female,Loyal Customer,39,Business Travel,Business,432,2,2,2,2,4,4,4,5,5,5,5,5,5,3.85,0,0,TRUE
Male,Loyal Customer,54,Business Travel,Eco,503,1,2,2,2,1,1,1,1,3,2,4,4,1,1.92,23,17,FALSE
Female,Loyal Customer,71,Business Travel,Eco,338,3,4,4,4,3,3,2,3,3,3,3,1,3,3,0,0,FALSE
Male,Disloyal Customer,49,Business Travel,Business,222,1,1,1,3,5,1,5,5,5,4,5,5,5,3.54,0,0,FALSE
Male,Loyal Customer,57,Business Travel,Business,373,4,2,2,2,1,3,4,4,4,4,4,2,4,3.08,0,0,FALSE
Female,Loyal Customer,61,Personal Travel,Eco,1062,4,1,4,4,4,4,3,3,3,4,3,3,2,3.23,1,0,TRUE
Female,Loyal Customer,37,Personal Travel,Eco,611,2,4,2,5,1,2,1,1,4,1,5,5,1,2.62,51,43,FALSE
Male,Loyal Customer,33,Personal Travel,Eco,794,3,4,3,1,1,3,1,1,5,5,4,5,1,2.85,0,0,FALSE
Female,Loyal Customer,49,Business Travel,Business,2429,1,1,1,1,5,5,2,5,5,5,5,5,3,3.38,0,0,TRUE
Male,Loyal Customer,43,Business Travel,Business,3998,1,1,1,1,3,4,5,5,5,4,5,4,5,3.38,4,0,TRUE
Female,Disloyal Customer,38,Business Travel,Eco,1180,3,3,3,4,1,3,1,1,4,5,2,4,1,2.69,9,0,FALSE
Male,Loyal Customer,33,Business Travel,Business,3899,2,2,2,2,4,4,4,4,5,5,5,1,4,3.38,0,0,TRUE
Female,Disloyal Customer,30,Business Travel,Eco,697,2,2,2,2,2,2,3,2,2,3,5,4,2,2.54,0,0,FALSE
Female,Loyal Customer,55,Business Travel,Business,1535,1,1,1,1,2,4,4,3,3,4,3,4,4,2.69,0,0,TRUE
Male,Loyal Customer,54,Business Travel,Business,1464,1,1,1,1,5,4,5,5,5,5,5,5,5,3.69,1,0,TRUE
Male,Loyal Customer,40,Business Travel,Business,1797,3,3,3,3,5,3,4,5,5,5,5,4,3,3.92,0,0,TRUE
Male,Disloyal Customer,22,Business Travel,Eco,733,1,1,1,3,3,1,3,3,2,5,2,4,3,2.46,0,0,FALSE
Male,Disloyal Customer,33,Personal Travel,Eco,630,4,5,3,1,5,3,1,5,5,3,5,4,5,3.77,0,0,FALSE
Male,Loyal Customer,55,Business Travel,Business,2942,5,5,5,5,2,4,4,4,4,4,4,4,5,4.23,0,0,TRUE
Male,Loyal Customer,8,Business Travel,Business,2753,1,5,5,5,1,1,1,1,1,1,3,4,1,2.31,30,23,FALSE
Female,Loyal Customer,54,Business Travel,Eco,957,5,4,4,4,4,1,4,5,5,5,5,4,3,4.08,10,17,TRUE
Male,Loyal Customer,57,Business Travel,Business,3872,5,5,5,5,5,5,5,5,5,5,5,4,3,4.77,0,0,TRUE
Female,Disloyal Customer,44,Business Travel,Business,3365,3,3,3,2,3,4,4,4,2,3,4,4,4,3.31,7,0,FALSE
Female,Loyal Customer,12,Personal Travel,Eco,337,4,5,3,3,2,3,2,2,5,2,4,5,2,3.23,53,49,FALSE
Female,Loyal Customer,30,Personal Travel,Eco,787,3,5,2,1,2,2,2,2,4,3,4,3,2,2.69,8,13,FALSE
Female,Loyal Customer,62,Personal Travel,Eco,2105,2,3,2,1,2,4,4,5,5,2,5,3,4,3.23,0,0,FALSE
Female,Loyal Customer,43,Business Travel,Business,1541,2,4,4,4,2,1,1,1,1,1,2,3,1,2.08,11,10,FALSE
Female,Disloyal Customer,18,Business Travel,Eco,1068,3,3,3,2,2,3,2,2,4,3,4,5,2,2.92,0,0,FALSE
Male,Loyal Customer,55,Personal Travel,Eco,109,2,5,2,5,5,2,5,5,4,5,5,5,5,4.23,58,70,FALSE
Female,Loyal Customer,66,Personal Travel,Eco,733,1,4,1,3,4,3,4,3,3,1,3,1,1,2.46,0,0,FALSE
Male,Loyal Customer,24,Personal Travel,Eco,2681,1,2,1,4,3,1,3,3,3,1,4,1,3,2.31,92,,FALSE
Male,Loyal Customer,62,Business Travel,Eco,429,2,1,1,1,2,2,2,2,2,2,3,1,2,1.77,88,74,FALSE
Male,Loyal Customer,39,Business Travel,Eco,406,1,3,3,3,1,1,1,1,1,2,4,2,1,1.85,0,2,FALSE
Female,Loyal Customer,68,Personal Travel,Eco,622,2,3,2,4,3,3,3,3,3,2,3,3,2,2.77,17,19,FALSE
Male,Loyal Customer,37,Business Travel,Business,163,0,3,0,5,5,2,2,3,3,3,3,1,5,2.69,0,0,TRUE
Male,Loyal Customer,23,Business Travel,Business,2166,3,3,3,3,5,5,5,5,5,2,5,4,5,4.08,1,0,TRUE
Female,Loyal Customer,41,Personal Travel,Eco,861,2,5,2,3,3,2,3,3,4,4,4,3,3,3.15,0,10,FALSE
Male,Loyal Customer,47,Business Travel,Business,2704,1,1,1,1,5,5,5,4,5,4,5,5,5,3.62,0,0,TRUE
Female,Loyal Customer,28,Business Travel,Business,2586,5,5,5,5,4,4,4,4,5,2,5,4,4,4.31,0,0,TRUE
Male,Loyal Customer,27,Business Travel,Business,2306,2,5,5,5,2,2,2,2,3,1,3,3,2,2.85,0,0,FALSE
Female,Loyal Customer,48,Personal Travel,Eco,409,2,4,2,4,2,5,5,1,1,2,1,3,5,2.85,7,0,FALSE
Male,Loyal Customer,54,Business Travel,Business,1609,4,4,4,4,2,3,2,4,4,4,4,1,3,3.31,0,0,FALSE
Female,Disloyal Customer,37,Business Travel,Eco,119,1,4,1,3,5,1,5,5,2,2,3,2,5,3,8,0,FALSE
Female,Loyal Customer,24,Business Travel,Business,2216,0,0,0,3,4,4,4,4,4,2,4,4,4,2.85,0,0,TRUE
Female,Loyal Customer,30,Business Travel,Business,669,2,1,2,2,5,5,5,5,5,3,4,3,5,3.62,2,0,TRUE
Male,Loyal Customer,13,Personal Travel,Eco,1065,3,1,3,3,5,3,4,5,2,2,3,1,5,3.08,11,0,FALSE
Male,Loyal Customer,37,Business Travel,Eco,1306,2,4,4,4,2,1,2,2,1,2,4,4,2,2.62,0,1,FALSE
Male,Loyal Customer,46,Personal Travel,Eco,899,4,4,4,3,4,1,1,5,4,4,4,1,1,3.08,213,213,FALSE
Male,Loyal Customer,65,Business Travel,Business,3963,5,5,5,5,2,1,5,5,5,5,4,3,1,3.92,0,1,TRUE
Male,Disloyal Customer,24,Business Travel,Eco,102,4,5,4,2,2,4,2,2,4,1,2,1,2,2.69,0,0,FALSE
Male,Loyal Customer,49,Business Travel,Business,1542,3,3,2,3,4,5,3,4,4,4,4,5,2,3.54,0,1,TRUE
Male,Loyal Customer,61,Personal Travel,Business,163,1,5,0,4,5,5,5,5,5,0,5,5,5,3.85,0,0,FALSE
Female,Loyal Customer,20,Personal Travel,Eco,2288,2,1,2,3,5,2,5,5,2,2,3,1,5,2.92,0,0,FALSE
Male,Loyal Customer,24,Business Travel,Business,759,1,3,3,3,1,1,1,1,2,3,4,3,1,2.08,27,15,FALSE
Female,Loyal Customer,45,Business Travel,Business,3231,3,2,2,2,2,4,3,3,3,3,3,1,1,2.46,91,78,FALSE
Female,Loyal Customer,31,Personal Travel,Eco,1390,2,4,2,3,2,2,5,2,2,1,1,4,2,2.46,68,51,FALSE
Male,Disloyal Customer,22,Business Travel,Business,414,4,0,4,5,1,4,1,1,5,5,5,5,1,3.15,0,28,TRUE
Female,Loyal Customer,28,Personal Travel,Business,1814,3,5,3,5,1,3,1,1,3,3,5,5,1,3,0,0,FALSE
Male,Loyal Customer,23,Personal Travel,Business,516,1,5,1,1,1,1,1,1,5,5,2,3,1,2.15,10,0,FALSE
Male,Disloyal Customer,24,Business Travel,Eco,337,4,5,4,2,2,4,2,2,3,2,5,4,2,3.15,0,10,TRUE
Male,Disloyal Customer,46,Business Travel,Eco,1587,4,4,4,1,5,4,5,5,4,4,1,2,5,3.69,126,118,FALSE
Female,Loyal Customer,43,Business Travel,Business,102,4,4,4,4,4,5,4,5,3,5,4,4,4,4.15,140,156,TRUE
Female,Loyal Customer,16,Personal Travel,Eco,1346,2,4,3,3,5,3,5,5,3,4,4,3,5,3.77,0,0,FALSE
Male,Loyal Customer,32,Personal Travel,Eco Plus,1521,2,5,2,4,3,2,4,3,5,4,4,5,3,3.54,67,58,FALSE
Male,Loyal Customer,45,Business Travel,Business,1507,4,4,3,4,2,5,5,4,4,4,4,4,5,4,9,0,TRUE
Female,Loyal Customer,59,Personal Travel,Eco,438,2,4,2,3,5,5,4,5,5,2,5,4,5,3.92,0,0,FALSE
Female,Loyal Customer,11,Personal Travel,Eco,2475,4,2,4,3,4,5,3,3,2,4,3,3,3,3.31,0,0,TRUE
Female,Loyal Customer,49,Business Travel,Business,3635,3,3,3,3,3,5,4,2,2,2,2,5,4,3.15,0,6,TRUE
Male,Loyal Customer,24,Personal Travel,Eco,255,3,5,3,4,5,3,5,5,1,3,5,2,5,3.77,18,17,FALSE
Male,Loyal Customer,47,Business Travel,Business,3683,1,1,1,1,2,4,4,5,5,5,5,5,3,3.23,0,0,TRUE
Female,Loyal Customer,57,Business Travel,Business,1558,4,4,4,4,5,5,4,4,4,4,4,3,3,4,0,0,TRUE
Male,Loyal Customer,8,Personal Travel,Eco,109,4,1,4,4,2,4,2,2,4,5,3,1,2,2.92,9,5,FALSE
Female,Loyal Customer,43,Business Travel,Business,3383,1,1,1,1,5,5,4,4,4,4,4,5,4,3.31,0,0,TRUE
Male,Loyal Customer,9,Personal Travel,Eco,386,3,5,3,3,1,3,1,1,5,3,4,4,1,2.85,0,4,FALSE
Male,Loyal Customer,46,Business Travel,Business,3382,2,2,2,2,3,4,4,2,2,2,2,5,3,2.69,0,0,TRUE
Male,Disloyal Customer,25,Business Travel,Eco,954,3,3,3,4,3,3,3,3,4,4,2,4,3,3.23,0,12,FALSE
Female,Disloyal Customer,26,Business Travel,Business,481,3,0,2,3,4,2,4,4,4,2,5,5,4,3.23,0,0,FALSE
Female,Loyal Customer,37,Business Travel,Business,2444,5,5,5,5,2,5,4,4,4,4,4,4,3,4.15,0,0,TRUE
Male,Loyal Customer,41,Business Travel,Business,1723,5,5,5,5,3,5,5,2,2,2,2,5,5,3.92,0,0,TRUE
Female,Disloyal Customer,21,Business Travel,Eco,265,2,0,2,2,3,2,3,3,3,2,3,3,3,2.38,0,2,FALSE
Female,Disloyal Customer,32,Business Travel,Business,309,3,3,3,1,4,3,4,4,5,5,5,5,4,3.77,0,0,FALSE
Male,Loyal Customer,53,Business Travel,Business,2564,3,3,3,3,5,5,4,4,4,4,5,5,3,3.92,0,0,TRUE
Male,Loyal Customer,36,Business Travel,Business,511,5,1,5,5,5,5,4,5,5,5,5,4,5,4.54,0,0,TRUE
Male,Loyal Customer,39,Personal Travel,Eco,1371,3,5,3,1,2,3,2,2,4,4,3,5,2,3,0,0,FALSE
Male,Loyal Customer,64,Personal Travel,Eco,936,2,3,2,2,3,2,2,3,1,1,5,4,3,2.54,0,5,FALSE
Female,Loyal Customer,48,Business Travel,Business,1120,1,1,1,1,4,4,4,5,5,4,5,4,3,3.23,0,0,TRUE
Male,Disloyal Customer,45,Business Travel,Business,762,3,3,3,4,2,3,2,2,5,2,4,5,2,3.08,58,43,FALSE
Female,Loyal Customer,42,Business Travel,Business,3001,3,3,3,3,3,2,3,3,3,3,3,1,2,2.69,0,0,FALSE
Male,Loyal Customer,23,Business Travel,Business,2106,4,4,4,4,5,5,5,5,5,5,3,4,5,4.46,5,0,TRUE
Male,Loyal Customer,26,Business Travel,Eco,1068,4,3,3,3,4,4,2,4,3,5,3,1,4,3.31,48,43,FALSE
Male,Loyal Customer,26,Personal Travel,Eco,1036,4,4,4,4,3,4,3,3,3,3,4,4,3,3.54,6,3,FALSE
Female,Loyal Customer,20,Personal Travel,Eco,337,3,5,3,3,4,3,4,4,3,3,4,5,4,3.69,0,2,FALSE
Female,Loyal Customer,12,Personal Travel,Eco,337,4,5,4,5,4,4,4,4,3,1,1,1,4,3.38,18,34,FALSE
Male,Loyal Customer,58,Personal Travel,Eco,2402,1,4,1,3,1,1,1,1,4,4,4,4,1,2.31,0,0,FALSE
Male,Loyal Customer,15,Personal Travel,Eco,438,1,4,1,5,4,1,4,4,5,4,5,5,4,3.62,0,0,FALSE
Female,Disloyal Customer,27,Business Travel,Eco,1562,2,2,2,2,2,2,2,2,1,4,4,5,2,2.46,0,0,FALSE
Male,Disloyal Customer,36,Business Travel,Business,541,1,2,2,2,3,2,3,3,4,3,5,4,3,2.85,7,7,FALSE
Male,Loyal Customer,15,Personal Travel,Eco Plus,760,5,5,5,3,4,5,4,4,3,3,5,3,4,4.08,16,8,TRUE
Male,Disloyal Customer,22,Business Travel,Eco,1024,2,2,2,2,2,2,2,2,3,5,2,4,2,2.46,106,97,FALSE
Male,Loyal Customer,40,Business Travel,Business,2732,4,4,4,4,5,5,4,4,4,5,4,4,4,4.23,0,0,TRUE
Male,Loyal Customer,53,Business Travel,Business,3716,3,3,3,3,3,5,4,4,4,4,4,5,4,3.77,54,54,TRUE
Female,Loyal Customer,45,Personal Travel,Business,1947,2,4,3,4,2,4,5,4,4,3,5,5,3,3.69,49,31,FALSE
Female,Loyal Customer,30,Personal Travel,Business,577,5,5,5,1,3,5,3,3,4,3,5,5,3,3.85,0,0,TRUE
Female,Loyal Customer,36,Business Travel,Business,2161,5,5,5,5,4,5,5,4,4,4,4,3,4,4.38,0,0,TRUE
Female,Disloyal Customer,23,Business Travel,Eco,622,2,5,3,4,2,3,2,2,4,2,4,3,2,2.92,0,0,FALSE
Male,Loyal Customer,44,Personal Travel,Eco,645,2,1,2,2,5,2,5,5,2,3,1,3,5,2.92,65,63,FALSE
Female,Loyal Customer,41,Business Travel,Business,1747,4,4,4,4,2,5,4,5,5,4,5,5,4,4.23,0,0,TRUE
Male,Disloyal Customer,22,Business Travel,Business,239,4,0,4,3,2,4,2,2,4,4,4,5,2,3.08,0,5,TRUE
Female,Loyal Customer,35,Personal Travel,Eco Plus,399,1,4,1,4,4,1,4,4,4,2,5,5,4,3.31,0,7,FALSE
Female,Disloyal Customer,23,Business Travel,Eco,135,4,2,4,4,2,4,2,2,3,2,4,3,2,2.92,49,111,FALSE
Male,Disloyal Customer,35,Business Travel,Eco,207,4,5,4,2,1,4,1,1,5,1,2,2,1,2.54,0,0,FALSE
Female,Loyal Customer,28,Business Travel,Eco Plus,533,1,4,4,4,1,2,1,1,2,2,4,3,1,2.31,46,50,FALSE
Male,Disloyal Customer,27,Business Travel,Business,1121,3,3,3,5,2,3,2,2,3,4,5,4,2,3.15,5,0,FALSE
Female,Loyal Customer,10,Personal Travel,Eco,541,2,4,2,3,2,2,2,2,4,3,5,2,2,2.69,0,0,FALSE
Female,Loyal Customer,48,Business Travel,Business,546,2,2,2,2,4,5,4,5,5,5,5,4,4,3.77,55,42,TRUE
Female,Disloyal Customer,17,Business Travel,Eco,588,2,0,2,2,4,2,4,4,3,4,2,5,4,2.92,0,0,FALSE
Male,Disloyal Customer,27,Business Travel,Eco,587,3,2,2,4,2,2,2,2,3,4,3,4,2,2.69,36,26,FALSE
Male,Loyal Customer,54,Personal Travel,Eco,522,3,4,3,3,1,3,3,1,3,2,4,4,1,2.69,0,0,FALSE
Male,Loyal Customer,43,Business Travel,Business,2419,1,1,1,1,5,5,5,3,5,5,4,5,5,3.54,304,288,TRUE
Male,Loyal Customer,56,Business Travel,Business,2154,5,5,3,5,2,4,5,4,4,4,4,4,5,4.15,0,0,TRUE
Female,Disloyal Customer,20,Business Travel,Eco,1416,3,3,3,1,2,3,2,2,1,2,5,1,2,2.31,0,0,FALSE
Male,Loyal Customer,17,Business Travel,Business,3482,4,4,4,4,5,5,5,5,5,5,4,5,5,4.62,0,0,TRUE
Male,Loyal Customer,32,Business Travel,Business,356,3,3,2,3,4,4,4,4,5,4,4,3,4,3.62,0,0,TRUE
Female,Loyal Customer,7,Personal Travel,Eco,480,1,1,1,3,4,1,4,4,2,2,3,3,4,2.54,29,31,FALSE
Male,Disloyal Customer,26,Business Travel,Eco,1045,3,3,3,3,2,3,2,2,2,2,3,1,2,2.38,0,0,FALSE
Male,Disloyal Customer,38,Business Travel,Business,2704,4,4,4,4,3,4,3,3,5,5,5,4,3,3.92,0,0,TRUE
Male,Loyal Customer,40,Business Travel,Business,2657,5,5,5,5,2,2,1,2,2,2,2,3,2,2.92,67,64,TRUE
Female,Loyal Customer,58,Business Travel,Business,1812,3,3,4,3,1,1,5,5,5,5,4,3,4,3.54,97,121,TRUE
Male,Disloyal Customer,31,Business Travel,Eco,1056,1,1,1,3,2,1,2,2,3,5,3,3,2,2.23,0,0,FALSE
Male,Loyal Customer,35,Business Travel,Business,3212,3,2,4,2,1,2,3,3,3,3,3,2,1,2.46,6,26,FALSE
Female,Loyal Customer,63,Business Travel,Business,2157,4,4,4,4,3,5,4,5,5,5,5,5,4,4.38,0,0,TRUE
Female,Loyal Customer,17,Personal Travel,Eco,872,2,1,1,3,4,1,4,4,3,5,2,2,4,2.77,71,73,FALSE
Male,Loyal Customer,48,Business Travel,Eco,748,3,4,4,4,3,3,3,3,3,2,3,3,3,3.15,0,0,FALSE
Male,Loyal Customer,12,Personal Travel,Eco,588,2,1,2,4,5,2,5,5,4,1,3,3,5,3.23,5,34,FALSE
Female,Loyal Customer,29,Business Travel,Eco Plus,1235,5,3,3,3,5,5,5,5,2,3,3,4,5,3.92,0,0,TRUE
Male,Loyal Customer,59,Personal Travel,Eco Plus,296,2,5,2,1,2,2,2,2,4,2,4,4,2,2.62,0,0,FALSE
Male,Loyal Customer,58,Business Travel,Eco Plus,419,3,3,3,3,3,3,3,3,5,4,1,5,3,3.23,0,9,TRUE
Female,Loyal Customer,60,Personal Travel,Eco,546,3,3,3,4,1,5,2,3,3,3,3,4,4,3.15,4,0,FALSE
Male,Loyal Customer,31,Personal Travel,Eco Plus,404,2,5,2,3,5,2,1,5,5,3,5,4,5,3.62,0,0,FALSE
Male,Loyal Customer,58,Personal Travel,Business,229,2,4,2,5,5,5,4,4,4,2,4,3,5,3.77,2,0,FALSE
Male,Loyal Customer,44,Personal Travel,Eco,266,1,0,1,3,1,1,5,3,5,4,4,5,5,2.92,186,175,FALSE
Male,Loyal Customer,51,Business Travel,Business,209,4,4,4,4,2,3,1,5,5,5,5,5,3,3.85,5,5,TRUE
Male,Disloyal Customer,24,Business Travel,Eco,669,0,0,0,2,4,0,4,4,5,5,5,3,4,2.77,10,4,TRUE
Female,Disloyal Customer,22,Business Travel,Eco,1069,3,3,3,4,1,3,1,1,1,4,4,3,1,2.46,92,101,FALSE
Male,Loyal Customer,41,Business Travel,Eco,1475,5,3,2,3,5,5,5,5,1,2,1,2,5,3.38,7,0,TRUE
Female,Loyal Customer,51,Personal Travel,Business,1660,3,0,3,3,4,5,4,3,3,3,3,3,4,3.15,3,0,FALSE
Male,Loyal Customer,43,Business Travel,Eco,159,5,1,1,1,5,5,5,5,1,4,5,3,5,3.54,0,0,TRUE
Male,Loyal Customer,65,Personal Travel,Eco,1009,3,4,4,1,5,4,5,5,1,4,1,3,5,3.46,4,7,FALSE
Female,Disloyal Customer,18,Business Travel,Eco,483,4,4,4,4,5,4,3,5,1,4,3,4,5,3.85,9,16,FALSE
Male,Loyal Customer,56,Business Travel,Eco,315,5,5,5,5,5,5,5,5,4,1,2,4,5,4.31,41,69,TRUE
Male,Loyal Customer,50,Business Travel,Business,1522,5,5,5,5,4,5,5,3,3,3,3,5,4,4.23,0,0,TRUE
Female,Loyal Customer,52,Business Travel,Business,1881,1,1,4,1,4,5,5,4,4,4,4,5,5,3.62,0,0,TRUE
Male,Loyal Customer,36,Personal Travel,Eco,541,4,4,4,1,5,4,5,5,3,2,4,5,5,3.92,0,0,FALSE
Female,Loyal Customer,59,Business Travel,Business,2704,2,2,2,2,4,4,4,5,4,3,5,4,4,3.46,18,16,TRUE
Male,Loyal Customer,8,Personal Travel,Business,1589,2,4,2,3,3,2,3,3,5,2,5,4,3,3.15,0,0,FALSE
Female,Loyal Customer,43,Business Travel,Business,1620,3,3,3,3,3,5,4,5,5,5,5,4,3,3.92,3,0,TRUE
Female,Disloyal Customer,35,Business Travel,Eco,1416,2,2,2,4,2,2,5,2,1,2,3,4,2,2.54,0,0,FALSE
Female,Loyal Customer,25,Business Travel,Business,3807,3,3,3,3,4,4,4,4,3,3,4,3,4,3.46,0,0,TRUE
Female,Loyal Customer,35,Personal Travel,Eco,1620,1,4,0,2,4,0,4,4,4,2,4,3,4,2.77,2,0,FALSE
Female,Loyal Customer,47,Business Travel,Business,1874,1,4,4,4,3,4,4,1,1,1,1,2,4,2.62,48,25,FALSE
Male,Loyal Customer,23,Business Travel,Business,1012,4,4,4,4,4,4,4,4,5,5,4,4,4,4.15,8,12,TRUE
Female,Loyal Customer,62,Personal Travel,Eco,546,4,3,4,2,5,1,5,3,3,4,3,4,4,3.46,8,7,FALSE
Female,Loyal Customer,52,Personal Travel,Eco,528,3,4,3,3,2,5,5,5,5,3,5,5,4,4,0,0,FALSE
Male,Loyal Customer,32,Business Travel,Business,404,1,1,1,1,5,5,5,5,1,4,1,4,5,3,23,0,TRUE
Female,Loyal Customer,30,Business Travel,Business,3577,5,5,5,5,4,4,4,4,5,2,4,4,4,4.23,0,0,TRUE
Male,Loyal Customer,54,Business Travel,Business,187,3,3,4,3,5,5,5,4,4,4,4,4,5,4.08,105,94,TRUE
Female,Disloyal Customer,18,Business Travel,Eco,2457,3,4,4,3,2,3,4,2,3,4,3,1,2,2.92,0,4,FALSE
Male,Loyal Customer,28,Personal Travel,Eco,862,1,1,1,1,5,1,5,5,3,2,1,3,5,2.62,10,7,FALSE
Male,Loyal Customer,32,Personal Travel,Eco Plus,2556,4,2,4,4,4,2,2,3,1,3,4,2,2,2.85,0,0,FALSE
Male,Loyal Customer,18,Personal Travel,Eco,569,2,5,2,3,2,2,2,2,5,4,4,5,2,3.08,0,0,FALSE
Male,Disloyal Customer,18,Personal Travel,Eco,1092,2,5,2,5,2,2,2,2,2,3,2,5,2,2.77,0,0,FALSE
Male,Loyal Customer,59,Personal Travel,Eco,667,2,3,2,3,4,2,4,4,1,1,4,4,4,2.92,0,0,FALSE
Female,Loyal Customer,47,Personal Travel,Eco,954,1,4,1,4,4,3,4,3,3,1,3,3,1,2.69,0,10,FALSE
Male,Disloyal Customer,27,Business Travel,Business,306,1,2,2,4,4,2,4,4,3,5,3,1,4,3,0,0,FALSE
Male,Loyal Customer,59,Personal Travel,Eco,235,2,4,2,3,2,4,4,5,3,2,3,4,4,3.23,172,191,FALSE
Female,Loyal Customer,56,Business Travel,Business,3428,2,2,2,2,1,4,3,4,4,5,4,3,4,3.08,0,0,TRUE
Male,Loyal Customer,44,Personal Travel,Eco,669,2,3,2,3,2,2,2,2,4,1,3,3,2,2.38,0,0,FALSE
Female,Loyal Customer,21,Business Travel,Business,1783,2,3,3,3,2,2,2,1,4,3,4,2,2,2.54,503,507,FALSE
Female,Loyal Customer,24,Business Travel,Business,3356,3,3,3,3,5,5,5,5,1,2,2,4,5,3.54,0,0,TRUE
Male,Loyal Customer,57,Business Travel,Eco,1107,4,4,4,4,4,4,4,4,3,5,5,4,4,4.08,145,141,TRUE
Female,Loyal Customer,31,Business Travel,Business,3037,1,1,3,1,2,2,2,2,3,4,4,4,2,2.38,127,,TRUE
Female,Loyal Customer,31,Personal Travel,Business,642,3,4,3,1,2,3,2,2,4,3,5,3,2,2.85,0,0,FALSE
Male,Loyal Customer,43,Business Travel,Business,909,2,2,2,2,4,4,5,5,5,5,5,3,5,3.77,0,0,TRUE
Female,Loyal Customer,23,Business Travel,Business,3798,1,1,1,1,5,5,5,5,2,5,5,5,5,3.54,0,0,TRUE
Male,Disloyal Customer,29,Business Travel,Eco,759,2,2,2,2,3,2,3,3,2,5,2,2,3,2.54,0,0,FALSE
Male,Disloyal Customer,30,Business Travel,Eco,829,1,1,1,3,4,1,4,4,2,5,2,3,4,2.69,0,0,FALSE
Female,Loyal Customer,61,Business Travel,Business,1721,4,1,1,1,5,3,3,4,4,4,4,3,1,2.92,89,90,FALSE
Female,Loyal Customer,58,Business Travel,Business,3747,1,1,1,1,4,5,4,4,4,4,4,4,4,3.15,6,0,TRUE
Female,Loyal Customer,68,Business Travel,Business,3784,2,2,3,2,4,4,4,5,2,3,5,4,4,3.38,0,0,TRUE
Male,Disloyal Customer,36,Business Travel,Business,134,4,4,4,4,5,4,2,5,5,5,5,3,5,4.23,0,1,FALSE
Male,Loyal Customer,43,Business Travel,Business,588,4,4,4,4,5,5,5,4,4,4,4,5,5,4.38,43,27,TRUE
Male,Disloyal Customer,28,Business Travel,Eco,152,1,1,1,3,4,1,4,4,1,4,3,4,4,2.69,8,0,FALSE
Female,Disloyal Customer,27,Business Travel,Eco,1042,3,3,3,4,5,3,5,5,2,5,4,3,5,3.85,26,13,FALSE
Male,Loyal Customer,16,Business Travel,Eco Plus,577,2,5,5,5,2,2,4,2,2,5,3,1,2,3.08,9,46,FALSE
Female,Loyal Customer,56,Business Travel,Business,118,5,5,5,5,1,1,4,4,4,4,4,1,3,3.54,0,0,TRUE
Male,Disloyal Customer,12,Business Travel,Eco,678,3,3,3,3,5,3,1,5,1,4,4,1,5,3.15,91,99,FALSE
Female,Loyal Customer,46,Business Travel,Business,1919,4,4,3,4,3,4,4,5,5,5,5,3,4,4.08,2,6,TRUE
Male,Loyal Customer,44,Personal Travel,Eco,622,2,3,2,4,1,2,1,1,2,4,1,4,1,2.15,2,0,FALSE
Male,Loyal Customer,26,Business Travel,Eco,1670,3,5,5,5,3,3,1,3,4,2,4,1,3,3.23,7,15,FALSE
Male,Loyal Customer,52,Personal Travel,Eco,83,3,1,3,3,4,3,4,4,3,5,3,1,4,3.15,0,0,FALSE
Male,Disloyal Customer,22,Business Travel,Eco,762,4,4,4,2,5,4,5,5,3,5,4,3,5,4.08,0,2,FALSE
Female,Loyal Customer,39,Business Travel,Business,2635,3,5,3,3,2,5,4,4,4,4,4,4,5,3.85,25,6,TRUE
Male,Loyal Customer,52,Personal Travel,Eco,986,3,4,3,3,5,3,5,5,4,2,3,4,5,3.77,40,31,FALSE
Male,Loyal Customer,53,Business Travel,Eco Plus,371,4,1,1,1,4,4,4,4,1,2,3,4,4,2.85,0,0,FALSE
Male,Loyal Customer,7,Personal Travel,Eco,683,3,5,3,4,3,3,3,3,2,1,4,3,3,3.08,0,0,FALSE
Female,Loyal Customer,39,Business Travel,Business,2704,1,3,3,3,2,1,1,2,4,2,4,1,1,2.15,0,25,FALSE
Female,Loyal Customer,56,Business Travel,Business,3755,2,2,2,2,5,4,3,2,2,2,2,2,2,2.46,0,0,FALSE
Male,Loyal Customer,50,Business Travel,Business,187,2,2,2,2,2,4,5,4,4,4,4,3,4,3.23,0,0,TRUE
Female,Loyal Customer,39,Personal Travel,Eco,728,3,2,3,3,3,3,3,3,2,1,2,3,3,2.62,0,0,FALSE
Male,Loyal Customer,39,Personal Travel,Eco,397,1,4,3,1,2,3,3,2,3,4,5,4,2,2.85,9,16,FALSE
Female,Disloyal Customer,21,Business Travel,Eco,998,3,3,3,3,5,3,5,5,3,5,4,1,5,3.69,30,29,FALSE
Female,Loyal Customer,52,Personal Travel,Eco,1023,4,5,4,1,4,3,4,4,4,4,4,4,2,3.62,0,0,TRUE
Female,Loyal Customer,60,Business Travel,Business,2865,2,2,5,5,3,4,4,2,2,2,2,1,2,2.77,0,0,FALSE
Male,Loyal Customer,52,Business Travel,Business,1690,3,3,3,3,3,5,4,5,5,5,5,3,3,3.85,8,7,TRUE
Female,Loyal Customer,48,Business Travel,Business,719,4,4,4,4,3,4,4,5,5,5,5,4,5,4.31,0,0,TRUE
Male,Loyal Customer,54,Business Travel,Eco,591,5,4,4,4,5,5,5,5,2,4,2,2,5,4,22,15,TRUE
Male,Loyal Customer,23,Business Travel,Business,3810,3,3,3,3,5,4,5,5,4,2,5,3,5,3.85,0,0,TRUE
Female,Disloyal Customer,23,Business Travel,Eco,1009,5,5,5,2,5,5,5,5,5,2,4,3,5,4.31,123,113,TRUE
Female,Loyal Customer,44,Personal Travel,Eco,1105,2,3,3,2,1,5,1,3,3,3,3,3,1,2.54,26,25,FALSE
Female,Loyal Customer,31,Business Travel,Eco Plus,1217,3,5,5,5,3,3,3,3,3,4,3,4,3,3.62,0,0,FALSE
Female,Loyal Customer,34,Business Travel,Business,2536,5,1,5,5,5,5,5,1,5,3,1,5,5,3.92,271,243,TRUE
Male,Loyal Customer,56,Business Travel,Business,328,2,5,2,2,2,5,4,4,4,4,4,5,4,3.62,4,0,TRUE
Female,Loyal Customer,49,Personal Travel,Eco,571,5,5,5,4,5,5,5,5,5,5,5,3,3,4.62,9,0,TRUE
Female,Loyal Customer,42,Business Travel,Business,3480,3,3,3,3,2,5,4,4,4,4,4,5,5,3.77,0,0,TRUE
Female,Loyal Customer,41,Personal Travel,Eco,277,1,4,3,3,5,3,5,5,2,2,3,3,5,3.38,0,0,FALSE
Female,Loyal Customer,24,Business Travel,Business,500,1,5,1,1,3,4,3,3,5,3,5,4,3,3.15,0,0,TRUE
Female,Loyal Customer,23,Business Travel,Business,2134,5,5,5,5,4,4,4,4,5,1,1,5,4,4,0,0,TRUE
Male,Loyal Customer,24,Business Travel,Business,2744,1,0,0,4,0,5,1,2,5,3,4,1,1,2.08,131,135,FALSE
Male,Loyal Customer,53,Business Travel,Business,2166,4,4,4,4,5,3,4,4,4,4,4,2,5,3.92,0,0,TRUE
Male,Loyal Customer,63,Business Travel,Business,3482,2,2,2,2,4,4,5,5,5,5,5,3,5,3.77,0,0,TRUE
Female,Loyal Customer,49,Personal Travel,Eco,259,3,2,3,1,1,1,1,4,4,3,4,4,2,2.54,0,0,FALSE
Male,Loyal Customer,46,Personal Travel,Eco,308,3,5,3,3,2,3,2,2,3,4,5,4,2,3.15,0,0,FALSE
Male,Loyal Customer,24,Business Travel,Eco,1598,5,2,4,4,5,5,3,5,1,5,3,1,5,3.69,0,0,TRUE
Female,Disloyal Customer,23,Business Travel,Eco,628,3,3,3,4,3,3,3,3,2,2,4,4,3,3.08,0,0,FALSE
Male,Loyal Customer,54,Business Travel,Business,3727,4,4,4,4,4,5,4,4,4,4,4,4,5,4.15,0,0,TRUE
Male,Loyal Customer,77,Business Travel,Eco,1020,1,3,3,3,1,1,1,1,2,3,3,1,1,1.85,0,0,FALSE
Female,Loyal Customer,57,Personal Travel,Business,1037,2,4,2,3,3,4,4,3,3,2,3,5,3,3.15,0,30,FALSE
Male,Loyal Customer,14,Personal Travel,Eco,327,4,3,4,4,4,4,4,4,4,5,5,4,4,4.08,13,8,FALSE
Female,Loyal Customer,45,Business Travel,Business,583,5,5,5,5,3,5,4,4,4,4,4,5,4,4.38,2,0,TRUE
Male,Loyal Customer,56,Personal Travel,Eco,1389,3,5,3,2,2,3,2,2,3,2,3,3,2,2.69,0,0,FALSE
Female,Loyal Customer,24,Business Travel,Eco Plus,351,5,2,2,2,5,5,4,5,1,3,4,2,5,3.46,0,0,TRUE
Female,Loyal Customer,43,Business Travel,Eco,1592,3,1,5,1,4,4,3,3,3,3,3,3,3,3,0,12,FALSE
Female,Loyal Customer,54,Business Travel,Business,3801,5,5,5,5,3,4,4,5,5,5,4,5,4,4.54,0,0,TRUE
Male,Loyal Customer,75,Business Travel,Business,609,2,2,2,2,1,4,5,4,4,4,4,5,5,3.38,0,1,TRUE
Male,Loyal Customer,61,Business Travel,Business,419,4,4,4,4,4,5,4,2,2,2,2,3,3,3.31,69,51,TRUE
Male,Disloyal Customer,28,Business Travel,Eco,125,1,4,1,1,4,1,4,4,1,1,2,5,4,2.54,0,0,FALSE
Female,Loyal Customer,34,Personal Travel,Eco,1053,1,4,1,3,5,1,1,5,5,5,4,5,5,3.46,0,0,FALSE
Male,Loyal Customer,54,Business Travel,Business,711,1,1,1,1,4,5,4,5,5,5,5,3,4,3.38,5,0,TRUE
Male,Loyal Customer,18,Personal Travel,Eco,861,2,3,1,1,2,1,3,2,4,2,5,4,2,2.46,14,7,FALSE
Female,Loyal Customer,21,Personal Travel,Eco,460,2,4,2,2,2,2,2,2,3,5,5,5,2,2.92,0,0,FALSE
Male,Loyal Customer,47,Business Travel,Eco Plus,333,1,1,1,1,1,1,1,1,2,2,3,2,1,1.38,5,0,FALSE
Female,Loyal Customer,8,Personal Travel,Eco,1620,2,4,2,1,1,2,1,1,5,5,3,5,1,2.54,8,0,FALSE
Female,Disloyal Customer,23,Business Travel,Eco,306,2,2,2,3,4,2,4,4,1,5,4,3,4,3.08,2,0,FALSE
Male,Loyal Customer,41,Business Travel,Business,1124,5,5,5,5,3,4,5,5,5,5,5,4,5,4.69,0,3,TRUE
Female,Loyal Customer,53,Business Travel,Eco,299,3,5,5,5,4,4,3,3,3,3,3,2,1,3.38,109,110,FALSE
Male,Loyal Customer,44,Personal Travel,Eco,646,1,3,1,1,5,1,5,5,2,3,3,2,5,2.85,21,14,FALSE
Male,Loyal Customer,23,Business Travel,Business,2589,5,5,5,5,5,5,5,5,1,2,4,3,5,4.23,0,14,TRUE
Female,Loyal Customer,46,Business Travel,Business,3809,1,1,1,1,4,4,4,5,5,5,5,3,3,3.23,3,11,TRUE
Female,Loyal Customer,47,Business Travel,Business,2997,1,1,1,1,5,3,5,4,4,4,4,1,2,2.77,6,8,TRUE
Male,Loyal Customer,56,Business Travel,Business,3319,3,3,3,3,2,4,5,4,4,4,4,5,3,3.62,0,0,TRUE
Male,Loyal Customer,61,Personal Travel,Eco,312,2,4,2,2,4,2,5,4,5,3,5,3,4,3.46,2,0,FALSE
Female,Loyal Customer,39,Business Travel,Business,2454,2,2,2,2,2,5,5,4,4,4,4,4,3,3.31,21,15,TRUE
Female,Loyal Customer,67,Personal Travel,Eco,1046,4,4,4,4,5,5,5,3,3,4,1,3,5,3.85,0,0,FALSE
Male,Loyal Customer,39,Business Travel,Business,1587,1,1,4,1,5,4,4,5,5,5,5,5,4,3.77,4,0,TRUE
Male,Loyal Customer,44,Business Travel,Business,2187,5,5,5,5,5,3,5,4,4,4,4,4,2,4.23,23,12,TRUE
Male,Disloyal Customer,33,Personal Travel,Eco,551,3,2,3,3,3,3,5,3,4,2,2,4,3,3.08,94,89,FALSE
Male,Loyal Customer,35,Business Travel,Business,2187,1,1,1,1,5,5,4,4,4,4,4,5,4,3.31,0,3,TRUE
Female,Loyal Customer,39,Personal Travel,Eco,147,4,5,4,4,2,4,2,2,5,5,5,5,2,3.77,0,0,TRUE
Female,Loyal Customer,49,Business Travel,Eco,413,2,1,1,1,3,3,3,3,3,2,3,4,2,2.38,14,29,FALSE
Male,Loyal Customer,71,Business Travel,Eco,402,3,3,2,3,3,3,3,4,3,3,4,3,3,3.08,222,208,FALSE
Male,Loyal Customer,44,Business Travel,Eco,459,3,3,3,3,3,3,3,3,2,2,1,5,3,2.85,0,0,TRUE
Male,Loyal Customer,22,Business Travel,Business,850,1,1,1,1,4,4,4,4,2,1,2,3,4,2.46,0,0,TRUE
Male,Loyal Customer,22,Business Travel,Eco Plus,1024,5,1,1,1,5,5,3,5,2,3,2,4,5,3.23,0,0,TRUE
Male,Loyal Customer,51,Business Travel,Business,1995,1,1,5,1,5,4,5,2,2,3,2,5,3,3,0,0,TRUE
Female,Loyal Customer,10,Business Travel,Eco Plus,820,5,3,2,2,5,5,4,5,1,5,4,5,5,3.92,0,0,TRUE
Male,Loyal Customer,29,Business Travel,Business,3677,2,2,2,2,4,4,4,4,4,2,2,3,4,3,2,0,TRUE
Male,Loyal Customer,42,Business Travel,Eco,101,2,5,5,5,2,2,2,2,1,1,5,1,2,2.69,0,0,TRUE
Male,Loyal Customer,13,Personal Travel,Eco,370,4,5,4,4,4,4,2,4,1,3,2,2,4,3.31,0,0,TRUE
Male,Loyal Customer,47,Business Travel,Eco Plus,618,5,3,2,3,5,5,5,5,3,4,1,1,5,3.62,0,0,TRUE
Female,Loyal Customer,76,Business Travel,Business,200,0,4,0,2,4,4,2,1,1,1,1,2,1,1.77,1,0,TRUE
Male,Loyal Customer,46,Business Travel,Business,2586,3,2,2,2,3,3,3,1,5,2,4,3,3,2.77,12,10,FALSE
Male,Disloyal Customer,26,Business Travel,Eco,692,1,0,0,4,3,0,3,3,3,4,3,2,3,2.23,4,6,FALSE
Female,Loyal Customer,50,Business Travel,Business,1013,1,1,1,1,3,4,5,5,5,5,5,3,5,3.38,0,0,TRUE
Male,Disloyal Customer,15,Business Travel,Eco,672,2,2,2,3,2,2,2,2,4,1,4,2,2,2.31,24,24,FALSE
Male,Loyal Customer,25,Business Travel,Eco,704,3,1,3,1,3,3,3,3,1,5,3,1,3,2.54,0,0,FALSE
Female,Loyal Customer,47,Personal Travel,Eco,862,3,4,3,4,4,5,4,3,3,3,2,3,3,3.38,14,0,FALSE
Male,Disloyal Customer,27,Business Travel,Eco,780,4,4,4,2,4,4,4,4,2,1,3,1,4,3.15,0,14,FALSE
Male,Loyal Customer,30,Personal Travel,Eco,190,5,5,5,3,1,5,1,1,5,4,4,4,1,3.38,0,0,TRUE
Female,Loyal Customer,22,Personal Travel,Eco,395,3,5,3,4,4,3,4,4,4,5,5,5,4,4.08,27,33,FALSE
Female,Loyal Customer,29,Business Travel,Business,3934,4,4,4,4,5,5,5,5,5,2,4,3,5,4.23,15,14,TRUE
Male,Loyal Customer,26,Personal Travel,Eco,89,3,3,0,2,5,0,3,5,2,5,2,2,5,2.85,6,8,FALSE
Male,Loyal Customer,49,Business Travel,Eco,735,4,5,5,5,5,4,5,5,2,4,3,1,5,4.08,0,9,FALSE
Female,Loyal Customer,33,Business Travel,Eco,139,5,4,4,4,5,5,5,5,3,3,3,5,5,4.31,0,0,TRUE
Female,Disloyal Customer,20,Business Travel,Business,486,5,0,5,1,2,5,2,2,5,4,4,4,2,3.15,0,0,TRUE
Female,Loyal Customer,31,Business Travel,Eco,1085,3,3,2,3,3,3,3,3,1,3,4,4,3,2.92,10,7,FALSE
Male,Loyal Customer,60,Business Travel,Eco,1440,3,1,1,1,3,3,3,3,4,2,4,4,3,2.69,0,0,FALSE
Female,Loyal Customer,58,Business Travel,Business,1927,2,2,2,2,3,5,5,4,4,5,4,4,3,3.46,5,19,TRUE
Male,Loyal Customer,57,Business Travel,Business,570,5,5,5,5,4,5,5,4,4,4,4,3,4,4.38,0,0,TRUE
Female,Loyal Customer,59,Business Travel,Business,240,2,1,2,2,3,1,1,4,4,4,4,4,5,2.85,69,90,TRUE
Male,Loyal Customer,47,Business Travel,Business,1513,2,2,2,2,4,5,5,4,4,4,4,4,3,3.46,12,0,TRUE
Male,Loyal Customer,77,Business Travel,Eco,2276,3,4,4,4,3,3,3,4,2,1,2,3,3,3,0,14,FALSE
Female,Loyal Customer,54,Business Travel,Business,1617,1,1,1,1,5,5,5,4,4,4,4,4,3,3.23,0,0,TRUE
Female,Disloyal Customer,39,Business Travel,Eco Plus,101,4,4,4,4,1,4,1,1,5,1,5,4,1,3,0,0,TRUE
Female,Loyal Customer,21,Personal Travel,Eco,2052,2,4,2,4,3,2,3,3,3,5,3,5,3,3.23,0,0,FALSE
Male,Loyal Customer,46,Business Travel,Business,1850,1,3,3,3,3,3,2,1,1,1,1,2,1,1.92,0,7,FALSE
Female,Loyal Customer,32,Personal Travel,Eco,954,2,4,2,4,1,2,1,1,1,5,3,4,1,2.38,0,9,FALSE
Male,Loyal Customer,50,Business Travel,Business,965,2,2,2,2,3,4,4,2,2,3,2,3,5,2.77,0,0,TRUE
Male,Disloyal Customer,37,Business Travel,Business,1810,2,2,2,3,4,2,1,4,4,2,5,3,4,2.92,0,2,FALSE
Male,Loyal Customer,30,Personal Travel,Business,495,3,2,4,2,2,4,2,2,4,1,3,1,2,2.46,11,0,FALSE
Female,Loyal Customer,51,Business Travel,Business,2521,2,2,2,2,2,5,5,5,5,5,5,3,3,3.54,0,0,TRUE
Male,Loyal Customer,78,Business Travel,Business,460,4,4,4,4,1,4,3,4,4,4,4,3,3,3.54,0,0,FALSE
Male,Disloyal Customer,24,Business Travel,Business,377,0,5,0,1,3,0,3,3,3,3,4,5,3,2.54,12,0,TRUE
Female,Loyal Customer,45,Business Travel,Business,2581,2,2,2,2,3,5,5,5,5,5,5,5,3,3.77,0,0,TRUE
Male,Loyal Customer,50,Personal Travel,Eco,2300,3,4,2,3,2,1,1,4,2,4,4,1,1,2.46,3,26,FALSE
Male,Loyal Customer,41,Business Travel,Eco,515,2,3,3,3,3,2,3,3,2,2,4,3,3,2.77,98,98,FALSE
Female,Loyal Customer,52,Business Travel,Eco Plus,968,1,2,2,2,4,2,1,1,1,1,1,1,3,1.69,17,23,FALSE
Female,Loyal Customer,66,Business Travel,Eco Plus,304,3,5,4,4,5,4,4,3,3,3,3,4,2,3.62,53,43,FALSE
Female,Loyal Customer,34,Personal Travel,Business,1464,4,4,4,2,3,3,5,2,2,4,2,5,3,3.31,48,42,FALSE
Male,Loyal Customer,20,Personal Travel,Eco Plus,390,3,2,3,3,1,3,1,1,3,1,4,1,1,2.08,79,71,FALSE
Male,Loyal Customer,23,Business Travel,Business,3968,2,3,3,3,2,1,2,2,1,1,3,3,2,2.15,59,56,FALSE
Male,Loyal Customer,36,Business Travel,Business,108,3,3,3,3,5,4,5,4,4,4,5,3,5,3.92,0,4,TRUE
Male,Disloyal Customer,22,Business Travel,Eco,1135,2,2,2,1,4,2,2,4,5,5,4,3,4,3.08,0,0,FALSE
Female,Loyal Customer,37,Personal Travel,Eco,899,2,3,2,3,3,2,2,3,2,2,2,4,3,2.54,10,15,FALSE
Female,Loyal Customer,59,Business Travel,Business,308,1,1,1,1,4,5,4,5,5,5,5,4,3,3.38,16,22,TRUE
Female,Loyal Customer,60,Business Travel,Business,693,3,3,3,3,5,5,5,4,4,4,4,4,3,3.85,28,6,TRUE
Female,Loyal Customer,25,Personal Travel,Eco,594,5,1,5,4,5,5,4,5,4,4,3,1,5,3.92,2,0,TRUE
Female,Loyal Customer,45,Business Travel,Business,1648,1,3,3,3,5,4,4,1,1,1,1,3,2,2.46,62,56,FALSE
Male,Loyal Customer,39,Business Travel,Business,1606,5,5,5,5,4,2,5,4,4,4,4,4,1,4,0,0,TRUE
Female,Disloyal Customer,39,Business Travel,Business,224,3,3,3,2,2,3,2,2,4,5,4,5,2,3.08,0,12,FALSE
Male,Loyal Customer,39,Business Travel,Business,599,3,3,3,3,3,4,5,4,4,4,4,3,3,3.54,28,22,TRUE
Female,Loyal Customer,25,Business Travel,Business,2906,2,2,2,2,5,5,5,5,1,5,4,1,5,3.38,0,0,TRUE
Female,Loyal Customer,49,Business Travel,Business,957,5,5,5,5,5,5,5,4,4,4,4,4,3,4.46,84,75,TRUE
Female,Loyal Customer,51,Business Travel,Business,1809,4,4,4,4,1,1,3,4,4,5,5,3,3,3.46,19,15,TRUE
Male,Loyal Customer,36,Business Travel,Eco,216,4,5,5,5,4,4,4,4,5,5,2,2,4,4.08,0,0,TRUE
Female,Loyal Customer,60,Personal Travel,Eco,315,4,3,2,2,5,3,1,5,5,2,5,3,1,3.15,0,0,FALSE
Male,Loyal Customer,56,Personal Travel,Business,200,3,4,3,4,3,1,1,1,5,4,1,1,1,2.46,328,337,FALSE
Female,Loyal Customer,45,Business Travel,Eco,196,5,2,2,2,2,3,4,5,5,5,5,2,1,3.31,0,0,TRUE
Male,Disloyal Customer,62,Business Travel,Eco,589,1,1,1,3,4,1,4,4,2,2,3,4,4,2.62,0,0,FALSE
Female,Loyal Customer,14,Personal Travel,Eco,547,2,4,2,1,1,2,2,1,2,2,1,5,1,2,39,38,FALSE
Female,Loyal Customer,45,Business Travel,Business,458,2,2,2,2,3,2,4,4,4,4,4,1,4,2.92,2,0,TRUE
Male,Loyal Customer,7,Personal Travel,Business,405,3,4,3,3,1,3,1,1,5,4,4,4,1,2.85,119,118,FALSE
Male,Disloyal Customer,34,Business Travel,Eco,1243,1,1,1,1,5,1,5,5,1,5,1,2,5,2.62,53,67,FALSE
Male,Loyal Customer,42,Business Travel,Business,1972,3,2,3,3,3,3,4,4,4,4,4,3,5,3.46,0,0,TRUE
Female,Disloyal Customer,18,Business Travel,Eco,846,3,3,3,5,1,3,1,1,2,4,4,1,1,2.46,4,0,FALSE
Male,Loyal Customer,46,Business Travel,Business,2847,1,5,1,1,4,5,4,3,3,3,3,3,5,3.15,28,19,TRUE
Male,Loyal Customer,39,Business Travel,Business,1460,5,5,5,5,2,4,5,4,4,4,4,4,3,4.15,0,14,TRUE
Male,Loyal Customer,52,Personal Travel,Eco,993,3,5,3,3,3,3,3,3,4,5,4,5,3,3.62,0,0,FALSE
Female,Disloyal Customer,19,Business Travel,Eco,296,3,4,3,3,3,5,5,2,5,3,4,5,5,3.85,264,253,FALSE
Male,Loyal Customer,43,Business Travel,Business,3930,4,4,4,4,2,4,4,5,5,5,5,3,5,4.15,0,0,TRUE
Male,Loyal Customer,35,Business Travel,Business,2173,3,3,3,3,5,4,4,5,5,5,5,4,3,4,0,0,TRUE
Male,Loyal Customer,40,Business Travel,Eco,410,4,3,3,3,4,4,4,4,5,5,3,3,4,3.77,0,5,TRUE
Male,Loyal Customer,45,Personal Travel,Eco,1605,3,5,3,1,3,3,3,3,4,5,5,5,3,3.54,11,0,FALSE
Male,Loyal Customer,55,Business Travel,Eco,259,3,2,3,2,3,3,3,3,4,5,3,2,3,3,0,0,FALSE
Male,Loyal Customer,37,Business Travel,Business,2907,3,1,1,1,1,3,3,3,3,3,3,2,1,2.15,3,0,FALSE
Female,Loyal Customer,43,Personal Travel,Eco,862,3,4,4,3,2,5,5,5,5,4,5,5,3,4.08,0,0,FALSE
Female,Loyal Customer,48,Business Travel,Business,181,2,5,5,5,2,3,4,2,2,2,2,3,2,3,0,0,FALSE
Male,Loyal Customer,51,Business Travel,Business,3923,2,4,2,4,2,4,4,2,2,2,2,1,4,2.69,35,63,FALSE
Male,Loyal Customer,54,Business Travel,Business,711,2,2,2,2,4,4,5,4,4,4,4,5,4,3.54,15,0,TRUE
Male,Disloyal Customer,37,Business Travel,Eco,239,3,3,3,4,1,3,1,1,4,4,4,4,1,2.77,10,20,FALSE
Female,Loyal Customer,33,Business Travel,Business,3372,4,4,4,4,3,5,5,4,4,4,4,4,3,4,0,0,TRUE
Male,Loyal Customer,50,Personal Travel,Eco,2133,2,2,3,4,5,3,5,5,4,4,3,4,5,3.77,8,1,FALSE
Male,Loyal Customer,10,Personal Travel,Eco,406,3,5,3,2,2,3,2,2,4,4,4,3,2,3,8,8,FALSE
Male,Loyal Customer,9,Personal Travel,Eco,429,1,1,1,3,3,1,3,3,4,4,2,3,3,2.46,0,0,FALSE
Male,Loyal Customer,55,Business Travel,Business,493,2,2,2,2,5,5,5,5,5,5,5,3,1,3.62,0,0,TRUE
Female,Loyal Customer,26,Business Travel,Eco Plus,689,4,1,1,1,4,4,4,4,1,1,1,5,4,2.69,0,0,TRUE
Male,Loyal Customer,41,Business Travel,Business,3185,0,0,0,2,3,4,4,5,5,5,5,4,5,3.23,10,5,TRUE
Male,Loyal Customer,7,Business Travel,Business,1438,5,5,5,5,2,2,2,2,3,3,4,4,2,3.38,0,0,TRUE
Female,Loyal Customer,19,Personal Travel,Eco,1535,1,4,1,4,5,1,1,5,2,5,4,1,5,3,55,42,FALSE
Female,Loyal Customer,46,Personal Travel,Eco,2367,1,4,1,2,4,4,4,2,2,1,2,5,5,2.85,1,0,FALSE
Male,Loyal Customer,58,Business Travel,Business,2232,1,1,1,1,5,4,5,4,4,4,4,4,3,3.15,6,3,TRUE
Male,Loyal Customer,28,Personal Travel,Eco,315,2,1,2,1,3,2,3,3,1,3,2,3,3,2.23,0,0,FALSE
Male,Loyal Customer,29,Personal Travel,Eco,406,3,1,2,3,2,2,2,2,4,2,4,3,2,2.46,0,0,FALSE
Male,Loyal Customer,18,Personal Travel,Eco,409,1,4,2,2,5,2,5,5,5,2,4,4,5,3.54,10,9,FALSE
Female,Loyal Customer,16,Business Travel,Business,2105,2,2,2,2,4,4,4,4,5,5,3,3,4,3.38,4,0,TRUE
Male,Loyal Customer,42,Business Travel,Business,2114,4,3,4,4,4,4,5,4,4,4,4,3,5,4,0,17,TRUE
Female,Loyal Customer,45,Business Travel,Business,1816,0,0,0,1,5,4,4,4,4,4,4,4,3,2.85,1,0,TRUE
Male,Loyal Customer,63,Personal Travel,Eco,481,1,4,3,1,5,3,5,5,4,5,1,2,5,3.38,0,5,FALSE
Female,Disloyal Customer,25,Business Travel,Business,236,2,5,2,3,3,2,3,3,5,2,4,5,3,3.23,0,3,FALSE
Female,Loyal Customer,40,Business Travel,Business,2782,4,4,4,4,5,4,4,5,5,5,5,5,3,4.38,0,0,TRUE
Male,Loyal Customer,59,Personal Travel,Eco Plus,769,3,5,3,5,2,3,2,2,5,2,5,4,2,3.31,12,2,FALSE
Female,Disloyal Customer,23,Business Travel,Eco,337,4,2,4,3,1,4,1,1,3,5,4,4,1,2.85,14,12,FALSE
Female,Loyal Customer,47,Business Travel,Business,2327,4,4,4,4,4,4,4,5,5,5,5,4,5,4.38,0,0,TRUE
Male,Loyal Customer,49,Business Travel,Business,3845,1,1,1,1,5,5,5,2,2,2,2,5,5,2.85,0,0,TRUE
Male,Loyal Customer,53,Business Travel,Business,258,2,2,2,2,5,4,4,5,5,5,5,5,4,3.85,0,0,TRUE
Male,Loyal Customer,44,Business Travel,Business,2757,2,2,2,2,5,4,5,5,5,5,5,3,5,3.85,0,0,TRUE
Male,Loyal Customer,65,Personal Travel,Eco Plus,602,4,2,4,4,4,4,4,4,4,3,4,4,4,3.77,5,1,FALSE
Male,Disloyal Customer,20,Business Travel,Business,280,5,0,5,1,2,5,2,2,3,4,5,5,2,3.15,0,0,TRUE
Male,Loyal Customer,40,Personal Travel,Eco,302,3,1,3,3,2,3,1,2,3,4,3,4,2,2.62,1,0,FALSE
Female,Loyal Customer,23,Business Travel,Business,651,4,4,4,4,4,4,4,4,4,4,4,2,4,3.85,0,0,TRUE
Female,Disloyal Customer,14,Business Travel,Eco,967,1,1,1,4,3,1,3,3,4,5,2,3,3,2.62,0,0,FALSE
Female,Loyal Customer,42,Business Travel,Business,1566,4,4,4,4,4,4,5,3,3,4,3,4,5,3.92,0,3,TRUE
Female,Loyal Customer,41,Personal Travel,Eco,680,4,4,3,2,4,3,4,4,3,4,4,4,4,3.62,0,0,FALSE
Male,Loyal Customer,24,Personal Travel,Eco,1303,3,3,3,4,4,3,4,4,1,4,3,1,4,3.15,10,0,FALSE
Female,Loyal Customer,52,Personal Travel,Eco,67,2,5,2,1,3,4,4,1,1,2,1,5,4,2.69,2,0,FALSE
Male,Loyal Customer,44,Business Travel,Eco,147,2,2,2,2,3,2,3,3,3,1,2,1,3,2.23,0,0,TRUE
Male,Loyal Customer,18,Personal Travel,Eco,469,1,4,1,3,3,1,3,3,5,4,4,5,3,3.08,0,2,FALSE
Male,Disloyal Customer,21,Business Travel,Business,1086,3,2,3,4,2,3,2,2,4,4,3,4,2,2.92,0,0,FALSE
Male,Loyal Customer,8,Personal Travel,Eco,1010,4,4,4,1,4,4,4,4,5,2,1,5,4,3.54,0,0,FALSE
Male,Loyal Customer,37,Business Travel,Business,368,3,4,4,4,4,4,4,3,3,3,3,4,2,3.46,44,36,FALSE
Female,Loyal Customer,55,Personal Travel,Eco,432,2,4,3,1,2,5,4,2,2,3,2,4,3,2.85,3,5,FALSE
Female,Loyal Customer,35,Personal Travel,Eco,1020,1,0,2,5,4,2,1,4,4,4,5,4,4,3.08,0,0,FALSE
Female,Loyal Customer,15,Personal Travel,Eco,907,1,4,1,4,2,1,2,2,3,4,4,5,2,2.69,0,0,FALSE
Female,Loyal Customer,35,Personal Travel,Business,280,3,4,3,1,2,5,4,4,4,3,4,5,5,3.62,0,0,FALSE
Male,Loyal Customer,41,Business Travel,Business,978,2,2,2,2,4,4,5,5,5,4,5,5,4,3.77,0,0,TRUE
Male,Loyal Customer,13,Personal Travel,Eco,404,3,5,3,3,2,3,2,2,4,3,2,4,2,2.92,4,0,FALSE
Female,Loyal Customer,58,Business Travel,Business,2285,1,1,1,1,4,4,5,5,5,5,5,3,3,3.31,0,0,TRUE
Female,Disloyal Customer,23,Business Travel,Eco,746,2,2,2,2,2,2,2,2,2,3,4,4,2,2.38,0,25,FALSE
Male,Loyal Customer,44,Business Travel,Business,2784,1,1,4,1,4,5,4,4,4,4,5,5,5,3.62,4,6,TRUE
Female,Loyal Customer,39,Personal Travel,Eco,946,0,3,0,1,2,0,1,2,5,2,1,2,2,1.62,0,0,TRUE
Male,Loyal Customer,24,Personal Travel,Eco,629,1,4,1,3,3,1,3,3,3,5,5,4,3,3,0,1,FALSE
Male,Loyal Customer,46,Personal Travel,Eco,147,3,4,3,3,4,3,4,4,4,3,4,4,4,3.62,9,4,FALSE
Female,Loyal Customer,42,Business Travel,Business,2616,3,3,3,3,2,5,4,2,2,3,2,3,4,3,60,38,TRUE
Female,Loyal Customer,36,Business Travel,Eco,541,5,2,2,2,5,4,5,5,1,4,5,4,5,3.77,3,0,TRUE
Male,Loyal Customer,60,Personal Travel,Eco Plus,399,1,5,1,5,1,1,1,1,4,3,5,3,1,2.46,0,0,FALSE
Female,Disloyal Customer,33,Business Travel,Eco,192,2,5,2,3,5,2,5,5,3,2,5,2,5,3.54,0,0,FALSE
Male,Loyal Customer,49,Personal Travel,Eco,187,3,4,3,4,3,3,3,3,3,4,5,3,3,3.38,0,9,FALSE
Male,Loyal Customer,36,Business Travel,Eco,564,3,1,1,1,3,3,3,3,3,5,2,3,3,2.62,6,13,FALSE
Male,Loyal Customer,28,Business Travel,Business,2182,3,3,4,3,4,4,4,4,4,2,3,5,4,3.62,12,17,TRUE
Male,Loyal Customer,57,Personal Travel,Eco,1042,3,4,3,3,1,3,1,1,3,4,5,4,1,2.77,6,0,FALSE
Male,Loyal Customer,54,Business Travel,Eco,566,5,4,1,4,5,5,5,5,4,5,3,4,5,4.23,1,6,TRUE
Female,Loyal Customer,58,Business Travel,Business,2186,3,3,5,3,3,4,5,3,3,3,3,5,4,3.62,0,0,TRUE
Female,Loyal Customer,56,Business Travel,Business,366,1,1,1,1,2,5,5,4,4,4,4,5,3,3.08,34,32,TRUE
Male,Loyal Customer,25,Business Travel,Business,1984,2,5,5,5,2,2,2,2,1,5,4,2,2,3,0,0,FALSE
Male,Loyal Customer,38,Business Travel,Business,3403,1,1,1,1,4,5,4,5,5,5,5,5,4,3.54,0,0,TRUE
Female,Disloyal Customer,48,Business Travel,Business,325,4,4,4,1,5,4,5,5,3,3,4,3,5,3.85,26,14,FALSE
Male,Loyal Customer,56,Business Travel,Eco,207,5,4,4,4,5,5,5,5,4,3,1,1,5,3.92,0,0,TRUE
Male,Loyal Customer,46,Personal Travel,Eco,236,3,4,3,3,4,3,4,4,5,5,4,3,4,3.77,0,3,FALSE
Female,Disloyal Customer,21,Business Travel,Business,404,3,1,3,3,3,3,3,3,4,5,2,3,3,3,13,11,FALSE
Female,Loyal Customer,8,Personal Travel,Eco,421,3,3,4,2,3,4,3,3,1,4,2,1,3,2.77,2,0,FALSE
Female,Loyal Customer,32,Personal Travel,Eco,589,2,4,2,2,3,2,3,3,4,2,2,5,3,2.85,70,69,FALSE
Male,Loyal Customer,30,Business Travel,Eco Plus,223,5,4,4,4,5,5,5,5,5,4,3,1,5,4.23,0,1,TRUE
Female,Disloyal Customer,39,Business Travel,Business,255,2,2,2,4,2,2,2,2,2,5,4,3,2,2.62,0,0,FALSE
Male,Loyal Customer,60,Personal Travel,Eco,1620,1,5,1,2,3,1,3,3,4,4,4,3,3,2.85,6,8,FALSE
Male,Loyal Customer,52,Business Travel,Business,2394,5,5,5,5,4,4,4,3,4,5,5,4,4,4.38,189,185,TRUE
Female,Loyal Customer,51,Business Travel,Eco,588,5,5,5,5,5,5,5,5,5,5,5,1,5,4.69,0,0,TRUE
Female,Loyal Customer,39,Business Travel,Business,139,2,2,2,2,3,5,4,4,4,4,4,5,3,3.38,61,70,TRUE
Female,Loyal Customer,15,Personal Travel,Eco,1167,3,4,2,4,2,2,2,2,5,2,3,4,2,2.85,24,22,FALSE
Female,Loyal Customer,37,Personal Travel,Eco,356,2,4,2,3,3,2,3,3,3,5,4,5,3,3.23,22,24,FALSE
Male,Disloyal Customer,39,Business Travel,Business,266,2,3,3,1,1,3,1,1,4,2,2,3,1,2.08,6,0,FALSE
Female,Loyal Customer,18,Personal Travel,Eco,223,4,4,4,3,4,4,4,4,3,2,4,5,4,3.77,0,0,FALSE
Female,Loyal Customer,35,Business Travel,Eco,758,4,4,4,4,4,4,4,4,3,3,4,2,4,3.69,0,0,TRUE
Male,Disloyal Customer,25,Business Travel,Business,507,4,0,3,3,4,3,4,4,3,4,5,3,4,3.38,1,0,FALSE
Male,Disloyal Customer,25,Business Travel,Eco,159,1,4,1,4,1,5,5,3,2,3,4,5,5,3.31,411,425,FALSE
Female,Loyal Customer,57,Business Travel,Business,781,5,5,5,5,5,5,5,4,4,4,4,4,5,4.62,0,0,TRUE
Male,Loyal Customer,37,Business Travel,Business,1636,4,2,3,2,5,4,3,1,1,1,4,4,4,2.92,0,0,FALSE
Female,Loyal Customer,36,Personal Travel,Eco,925,3,4,3,3,5,3,5,5,3,2,1,4,5,3.54,0,0,FALSE
Female,Loyal Customer,15,Personal Travel,Eco,892,3,5,3,3,4,3,4,4,4,3,5,5,4,3.85,0,0,FALSE
Male,Disloyal Customer,30,Business Travel,Eco,695,3,3,3,3,3,1,1,3,3,4,4,1,1,2.54,155,141,FALSE
Female,Disloyal Customer,37,Business Travel,Eco,125,3,1,2,3,4,2,4,4,3,3,2,3,4,2.92,0,0,FALSE
Female,Loyal Customer,39,Business Travel,Business,563,4,4,4,4,3,4,5,4,4,4,4,4,5,4.08,0,0,TRUE
Female,Loyal Customer,35,Business Travel,Business,2286,1,1,1,1,5,5,4,5,5,5,5,4,3,3.46,24,17,TRUE
Male,Loyal Customer,39,Business Travel,Business,2182,1,1,1,1,3,1,2,1,1,1,1,3,1,1.38,3,5,FALSE
Female,Loyal Customer,20,Personal Travel,Eco,785,1,5,1,4,1,1,1,1,4,5,4,4,1,2.54,0,0,FALSE
Male,Loyal Customer,54,Business Travel,Eco,248,3,2,4,2,3,3,3,3,1,1,3,4,3,2.69,25,15,FALSE
Female,Loyal Customer,42,Business Travel,Eco,226,1,4,4,4,1,3,3,1,1,1,1,4,4,2.46,0,0,FALSE
Female,Loyal Customer,39,Personal Travel,Eco,152,3,5,3,2,2,3,1,2,3,2,5,3,2,2.77,0,0,FALSE
Male,Loyal Customer,23,Business Travel,Business,1703,2,2,3,2,4,4,4,4,3,2,5,5,4,3.38,22,4,TRUE
Female,Loyal Customer,26,Personal Travel,Eco,164,4,2,4,4,4,4,4,4,3,5,3,2,4,3.62,32,46,FALSE
Female,Loyal Customer,57,Business Travel,Business,1826,0,0,0,4,1,1,1,4,4,5,4,1,1,2,44,150,TRUE
Male,Loyal Customer,37,Business Travel,Business,2999,2,5,5,5,3,4,4,4,4,4,2,2,3,3.62,0,0,FALSE
Female,Disloyal Customer,23,Business Travel,Eco,1147,3,3,3,1,1,3,1,1,3,5,4,5,1,2.62,22,0,FALSE
Male,Loyal Customer,44,Personal Travel,Eco,411,2,1,2,2,3,2,3,3,1,4,1,4,3,2.38,0,45,FALSE
Male,Loyal Customer,28,Personal Travel,Eco Plus,770,5,2,5,2,3,5,3,3,4,2,2,4,3,3.31,0,0,TRUE
Male,Loyal Customer,44,Business Travel,Business,601,5,5,5,5,2,4,4,5,5,5,5,2,2,4.15,0,0,TRUE
Male,Loyal Customer,31,Business Travel,Business,2691,4,4,4,4,5,5,5,5,4,3,5,5,5,4.46,0,0,TRUE
Male,Loyal Customer,54,Personal Travel,Eco,216,3,4,3,1,2,3,2,2,5,4,5,5,2,3.15,0,0,FALSE
Female,Loyal Customer,57,Business Travel,Business,621,2,2,1,2,3,5,5,5,5,5,5,4,3,3.62,1,2,TRUE
Female,Loyal Customer,50,Business Travel,Business,2535,4,4,4,4,2,1,4,5,5,5,5,2,1,3.54,7,6,TRUE
Male,Disloyal Customer,23,Business Travel,Eco,2075,2,2,2,3,1,2,1,1,2,2,4,4,1,2.08,0,0,FALSE
Female,Loyal Customer,48,Business Travel,Business,2586,4,4,4,4,3,5,4,5,5,5,5,4,5,4.38,0,0,TRUE
Male,Loyal Customer,28,Business Travel,Business,867,1,2,2,2,1,1,1,1,4,3,4,3,1,2,0,0,FALSE
Female,Loyal Customer,45,Personal Travel,Eco Plus,321,2,4,2,4,2,4,4,2,2,2,2,3,1,2.62,0,0,FALSE
Male,Loyal Customer,27,Personal Travel,Eco,404,3,5,3,1,1,3,1,1,4,3,5,3,1,2.62,0,0,FALSE
Female,Loyal Customer,51,Personal Travel,Eco,1504,4,3,4,4,5,3,4,2,2,4,2,2,4,3.31,0,0,FALSE
Male,Loyal Customer,57,Business Travel,Business,2615,3,3,3,3,5,5,5,5,4,5,5,5,5,4.31,0,3,TRUE
Female,Loyal Customer,41,Business Travel,Business,3226,4,4,4,4,5,4,4,4,4,4,4,3,5,4.08,26,16,TRUE
Male,Loyal Customer,45,Personal Travel,Eco,188,4,5,4,4,4,2,2,5,5,4,5,2,2,3.69,221,252,FALSE
Female,Loyal Customer,24,Personal Travel,Eco,601,3,2,3,2,4,3,4,4,4,1,3,3,4,3.08,0,0,FALSE
Female,Loyal Customer,58,Personal Travel,Eco,954,3,5,3,3,4,1,5,3,3,3,3,4,3,3.31,29,37,FALSE
Female,Loyal Customer,50,Business Travel,Business,1725,1,1,3,1,3,4,4,4,4,4,4,3,5,3.15,0,48,TRUE
Female,Loyal Customer,31,Business Travel,Eco Plus,436,3,1,1,1,3,3,3,3,3,5,3,3,3,2.69,54,44,FALSE
Male,Loyal Customer,67,Personal Travel,Eco,295,2,5,2,3,5,2,5,5,4,4,5,2,5,3.77,8,0,FALSE
Male,Loyal Customer,60,Business Travel,Business,3879,2,5,5,5,3,2,1,2,2,2,2,3,1,2.69,0,0,FALSE
Female,Loyal Customer,41,Personal Travel,Eco,1156,2,5,2,5,3,2,3,3,5,4,4,3,3,3.38,58,41,FALSE
Female,Loyal Customer,7,Personal Travel,Eco,844,3,4,3,3,4,3,2,4,5,5,5,5,4,3.85,0,0,FALSE
Female,Loyal Customer,48,Business Travel,Eco,354,4,5,5,5,1,2,2,4,4,4,4,4,2,3.54,0,0,TRUE
Male,Loyal Customer,55,Personal Travel,Eco,1217,3,0,3,3,3,2,3,1,3,2,3,3,3,2.46,127,145,FALSE
Female,Disloyal Customer,9,Business Travel,Eco,590,1,2,2,3,2,2,2,2,2,4,3,2,2,2.23,11,47,FALSE
Female,Loyal Customer,8,Business Travel,Business,1259,2,3,5,3,2,2,2,2,4,2,3,4,2,2.77,17,18,FALSE
Male,Loyal Customer,47,Business Travel,Business,3464,4,4,4,4,3,5,4,5,5,5,5,3,4,4.23,0,0,TRUE
Female,Loyal Customer,38,Personal Travel,Eco,229,3,5,3,2,1,3,1,1,4,2,4,5,1,2.69,0,0,FALSE
Female,Loyal Customer,47,Personal Travel,Eco,1065,1,5,1,1,2,5,4,3,3,1,3,5,3,2.85,0,0,FALSE
Female,Loyal Customer,49,Business Travel,Business,3403,4,4,4,4,4,4,4,4,4,4,4,5,4,4.08,0,0,TRUE
Female,Loyal Customer,66,Personal Travel,Eco,515,1,4,1,3,3,5,4,4,4,1,4,4,5,3.31,41,53,FALSE
Male,Loyal Customer,70,Personal Travel,Eco,1269,1,1,1,2,1,1,1,1,3,1,1,1,1,1.23,0,0,FALSE
Female,Disloyal Customer,22,Business Travel,Eco,200,0,5,0,5,4,0,5,4,2,5,5,1,4,3.08,0,0,TRUE
Male,Loyal Customer,21,Personal Travel,Eco Plus,429,2,3,2,3,2,2,2,2,2,1,1,3,2,2.08,0,11,FALSE
Female,Disloyal Customer,61,Business Travel,Business,345,1,0,0,3,3,1,3,3,5,2,4,5,3,2.54,0,0,FALSE
Female,Loyal Customer,59,Business Travel,Eco,692,5,1,1,1,5,2,3,5,5,5,5,5,5,3.69,4,17,TRUE
Male,Disloyal Customer,31,Business Travel,Business,1061,2,1,1,4,3,1,3,3,1,4,4,4,3,2.62,39,37,FALSE
Female,Loyal Customer,59,Business Travel,Business,205,4,4,4,4,5,4,4,5,5,5,4,5,4,4.38,0,10,TRUE
Male,Loyal Customer,62,Personal Travel,Eco,812,4,3,4,3,4,4,4,4,2,4,2,4,4,3.54,0,0,FALSE
Male,Loyal Customer,10,Business Travel,Business,733,4,4,4,4,5,5,5,5,4,4,5,5,5,4.54,0,0,TRUE
Female,Loyal Customer,33,Personal Travel,Eco,1119,3,5,3,3,4,3,5,4,4,2,5,5,4,3.85,0,0,FALSE
Female,Loyal Customer,67,Personal Travel,Eco,368,2,4,2,3,3,3,3,5,5,2,2,2,3,3,0,3,FALSE
Male,Loyal Customer,46,Business Travel,Business,148,0,5,0,4,4,4,5,5,5,5,4,4,5,3.85,0,1,TRUE
Female,Loyal Customer,48,Business Travel,Eco,2640,5,1,1,1,5,5,5,5,5,4,3,5,5,3.85,0,43,TRUE
Female,Loyal Customer,56,Business Travel,Business,227,4,4,4,4,2,5,5,3,3,4,3,5,3,3.77,2,1,TRUE
Female,Disloyal Customer,26,Business Travel,Business,184,3,3,3,3,2,3,2,2,5,2,5,5,2,3.08,0,0,FALSE
Female,Loyal Customer,34,Business Travel,Business,315,4,4,4,4,5,4,4,4,4,4,4,4,4,4.08,0,8,TRUE
Male,Loyal Customer,47,Personal Travel,Eco,1426,3,3,3,2,2,3,2,2,1,3,3,3,2,2.46,0,0,FALSE
Female,Loyal Customer,56,Business Travel,Business,2485,2,2,2,2,5,5,4,4,4,5,5,5,3,3.69,0,0,TRUE
Male,Loyal Customer,45,Personal Travel,Eco Plus,1158,2,3,2,2,5,2,4,5,4,3,1,1,5,3,2,0,FALSE
Male,Loyal Customer,48,Business Travel,Business,328,0,0,0,4,2,5,5,4,4,4,4,3,3,2.92,1,5,TRUE
Female,Loyal Customer,31,Personal Travel,Business,602,5,5,5,1,5,5,4,5,5,4,5,5,5,4.54,0,7,TRUE
Female,Disloyal Customer,20,Business Travel,Eco,227,4,0,4,4,4,4,1,4,2,4,4,3,4,3.23,0,0,FALSE
Male,Loyal Customer,49,Business Travel,Eco Plus,1674,2,2,1,2,2,2,2,2,1,5,2,4,2,2.23,0,0,FALSE
Male,Loyal Customer,31,Personal Travel,Eco,1744,4,4,4,3,3,4,5,3,4,5,4,4,3,3.85,0,0,FALSE
Female,Loyal Customer,8,Personal Travel,Eco,365,1,5,1,4,5,1,5,5,4,3,5,4,5,3.69,17,7,FALSE
Female,Loyal Customer,60,Business Travel,Business,2059,3,3,4,3,2,5,4,4,4,4,4,3,3,3.54,0,0,TRUE
Female,Loyal Customer,53,Business Travel,Eco,566,2,2,2,2,4,4,3,2,2,2,2,1,2,2.31,0,0,FALSE
Male,Disloyal Customer,36,Business Travel,Eco,484,1,4,1,3,4,1,4,4,2,3,4,3,4,2.92,0,0,FALSE
Male,Loyal Customer,40,Personal Travel,Eco,280,1,3,1,4,4,1,4,4,1,1,4,1,4,2.54,0,0,FALSE
Female,Loyal Customer,45,Business Travel,Business,588,4,4,4,4,2,4,5,5,5,4,5,4,3,4.08,0,0,TRUE
Female,Disloyal Customer,37,Business Travel,Business,468,4,4,4,3,1,4,1,1,5,4,5,3,1,3.08,2,9,TRUE
Male,Disloyal Customer,22,Business Travel,Eco,1517,3,3,3,4,2,3,3,2,5,5,5,4,2,3.38,0,0,FALSE
Female,Loyal Customer,53,Business Travel,Business,2372,1,1,1,1,2,4,5,4,4,4,5,2,4,2.92,33,52,TRUE
Male,Loyal Customer,35,Business Travel,Business,946,2,3,3,3,1,3,4,2,2,2,2,4,3,2.62,11,0,FALSE
Female,Disloyal Customer,27,Business Travel,Eco,519,3,1,3,3,2,3,2,2,4,3,4,1,2,2.54,1,2,FALSE
Male,Loyal Customer,30,Personal Travel,Eco,328,0,0,0,3,2,0,2,2,5,4,5,5,2,2.31,0,0,TRUE
Male,Loyal Customer,49,Business Travel,Business,1726,1,1,1,1,2,3,5,5,5,5,5,3,4,3.15,2,5,TRUE
Female,Loyal Customer,53,Business Travel,Business,130,1,1,1,1,2,4,5,5,5,5,4,4,5,3.31,0,0,TRUE
Male,Loyal Customer,10,Personal Travel,Eco,390,3,1,3,3,2,3,3,2,3,1,4,2,2,2.46,21,19,FALSE
Female,Disloyal Customer,24,Business Travel,Business,1440,4,0,4,2,1,4,1,1,5,4,4,3,1,2.62,0,0,TRUE
Female,Loyal Customer,64,Personal Travel,Business,679,3,5,3,1,3,4,4,4,4,3,4,3,5,3.54,0,0,FALSE
Female,Loyal Customer,26,Business Travel,Business,3344,3,3,3,3,4,4,4,4,5,5,3,4,4,3.77,0,0,TRUE
Female,Loyal Customer,69,Business Travel,Business,1930,2,5,5,5,5,3,3,2,2,2,2,1,2,3,4,8,FALSE
Male,Loyal Customer,56,Business Travel,Eco,395,4,3,3,3,4,4,4,4,4,2,4,5,4,3.69,0,0,TRUE
Male,Disloyal Customer,23,Business Travel,Business,641,4,0,4,2,4,4,4,4,5,4,5,4,4,3.69,0,0,TRUE
Male,Loyal Customer,43,Personal Travel,Eco,967,3,5,3,3,2,3,2,2,3,3,5,5,2,3.15,0,0,FALSE
Female,Loyal Customer,42,Business Travel,Business,143,5,5,5,5,4,4,5,5,5,5,5,5,4,4.77,0,0,TRUE
Male,Loyal Customer,11,Personal Travel,Eco,1182,4,4,4,4,5,4,5,5,1,1,2,2,5,3.54,0,0,FALSE
Male,Loyal Customer,41,Business Travel,Business,2611,5,5,5,5,5,4,5,4,4,4,4,3,5,4.46,3,0,TRUE
Female,Disloyal Customer,40,Business Travel,Business,622,1,2,2,4,3,2,3,3,5,3,4,4,3,3,1,7,FALSE
Female,Disloyal Customer,24,Business Travel,Eco,551,3,2,2,3,3,2,1,3,4,3,4,4,3,2.85,23,16,FALSE
Female,Loyal Customer,48,Business Travel,Business,3959,5,5,5,5,1,4,5,5,5,5,5,2,3,4.23,0,0,TRUE
Male,Loyal Customer,54,Business Travel,Eco,1825,4,1,5,5,4,4,4,4,2,1,4,2,4,3.38,0,0,TRUE
Female,Loyal Customer,43,Business Travel,Business,1086,5,5,5,5,4,4,5,5,5,5,5,5,5,4.85,0,0,TRUE
Male,Loyal Customer,39,Business Travel,Business,2828,1,1,1,1,5,2,4,4,4,3,4,1,1,2.46,75,58,TRUE
Male,Loyal Customer,50,Business Travel,Business,2052,4,3,4,4,2,4,4,4,4,5,4,3,3,3.69,4,11,TRUE
Male,Loyal Customer,49,Business Travel,Eco Plus,201,3,2,3,2,3,3,3,3,4,3,3,4,3,3,0,0,FALSE
Male,Loyal Customer,25,Business Travel,Business,3393,3,3,3,3,5,5,5,5,5,3,2,3,5,3.85,3,0,TRUE
Female,Loyal Customer,22,Business Travel,Business,380,3,1,3,1,3,3,3,3,1,1,4,1,3,2.31,0,0,FALSE
Female,Loyal Customer,9,Personal Travel,Eco,2342,0,4,0,4,2,0,2,2,4,5,3,5,2,2.54,0,0,TRUE
Female,Loyal Customer,28,Personal Travel,Eco Plus,337,4,2,4,4,3,4,3,3,1,5,3,4,3,3.31,0,0,FALSE
Male,Loyal Customer,52,Business Travel,Eco,602,2,4,4,4,2,2,2,2,4,3,3,3,2,2.85,0,0,FALSE
Female,Loyal Customer,68,Personal Travel,Eco,318,5,5,3,4,3,1,3,5,5,3,5,3,3,3.69,0,0,TRUE
Female,Loyal Customer,47,Business Travel,Business,447,5,5,5,5,4,5,5,3,3,3,3,5,4,4.23,0,0,TRUE
Female,Loyal Customer,43,Business Travel,Business,2975,3,3,3,3,4,1,4,4,4,4,4,4,4,3.46,22,32,TRUE
Male,Disloyal Customer,21,Business Travel,Eco,950,2,3,3,5,3,3,3,3,3,4,5,3,3,3.31,0,0,FALSE
Male,Loyal Customer,39,Business Travel,Business,2068,1,1,1,1,4,4,4,4,4,4,4,4,3,3,0,0,TRUE
Male,Loyal Customer,30,Business Travel,Business,1345,2,2,2,2,3,3,3,3,3,5,4,4,3,3,0,0,TRUE
Male,Loyal Customer,51,Business Travel,Eco,199,2,2,2,2,2,2,2,2,5,1,3,3,2,2.31,16,21,TRUE
Female,Loyal Customer,44,Business Travel,Business,3679,5,3,5,5,2,2,3,4,4,4,4,3,1,3.46,17,5,TRUE
Female,Loyal Customer,45,Business Travel,Business,3137,4,4,4,4,2,5,5,5,5,5,5,4,3,4.23,9,0,TRUE
Male,Loyal Customer,50,Business Travel,Business,3018,5,5,5,5,5,4,4,2,2,2,2,3,4,3.69,0,0,TRUE
Male,Loyal Customer,48,Business Travel,Business,1109,5,5,5,5,3,4,4,5,5,5,5,5,4,4.62,0,13,TRUE
Female,Loyal Customer,44,Personal Travel,Eco,594,2,1,2,2,2,1,2,5,5,2,5,4,4,2.85,0,0,FALSE
Female,Loyal Customer,49,Business Travel,Business,2328,1,1,1,1,3,5,4,4,4,4,4,3,4,3,47,40,TRUE
Male,Loyal Customer,23,Personal Travel,Eco,270,4,3,0,4,4,0,4,4,4,4,4,1,4,3.08,9,0,FALSE
Male,Loyal Customer,41,Business Travel,Eco,866,2,1,1,1,1,2,1,1,2,5,3,1,1,1.69,0,9,FALSE
Male,Loyal Customer,48,Business Travel,Business,3895,2,2,2,2,3,4,4,5,5,5,5,3,4,3.54,30,27,TRUE
Male,Loyal Customer,11,Personal Travel,Eco,806,3,4,3,3,2,3,2,2,3,2,3,1,2,2.54,3,3,FALSE
Male,Loyal Customer,9,Personal Travel,Eco,651,1,1,1,4,3,1,3,3,3,5,2,1,3,2.38,0,0,FALSE
Female,Disloyal Customer,13,Business Travel,Business,1205,0,5,0,2,3,0,3,3,3,2,4,4,3,2.46,9,1,TRUE
Male,Loyal Customer,49,Business Travel,Eco,1218,2,4,4,4,2,2,2,2,1,3,4,2,2,2.62,1,0,FALSE
Male,Disloyal Customer,48,Business Travel,Business,862,4,3,3,5,3,4,3,3,4,5,5,5,3,3.85,0,0,FALSE
Female,Loyal Customer,52,Business Travel,Business,3536,3,1,1,1,4,4,4,3,3,3,3,4,2,2.77,0,13,FALSE
Female,Loyal Customer,54,Business Travel,Business,314,4,1,1,1,3,3,3,4,4,4,4,3,1,2.77,2,0,FALSE
Male,Loyal Customer,36,Business Travel,Eco,480,3,5,5,5,3,3,3,3,1,3,3,1,3,3.15,0,0,FALSE
Female,Loyal Customer,43,Business Travel,Business,3367,4,4,4,4,3,4,4,5,5,5,5,3,5,4.23,0,0,TRUE
Male,Loyal Customer,68,Personal Travel,Eco Plus,733,1,4,1,3,4,1,4,4,2,5,4,1,4,2.92,0,0,FALSE
Male,Disloyal Customer,22,Business Travel,Business,937,4,0,4,2,4,4,4,4,3,2,4,3,4,3.23,0,0,TRUE
Male,Loyal Customer,58,Business Travel,Eco,1448,3,5,3,5,3,3,3,3,3,2,4,1,3,3.15,0,0,FALSE
Male,Disloyal Customer,26,Business Travel,Business,1069,1,1,1,4,2,1,3,2,4,3,3,3,2,2.31,0,2,FALSE
Male,Loyal Customer,41,Personal Travel,Eco,1754,2,1,3,1,3,3,3,3,2,3,1,3,3,2.38,125,92,FALSE
Male,Disloyal Customer,26,Business Travel,Business,351,3,1,3,3,3,3,3,3,4,1,4,2,3,2.77,13,8,FALSE
Male,Loyal Customer,45,Business Travel,Business,508,5,5,5,5,5,5,5,2,2,2,2,5,4,4,0,1,TRUE
Female,Loyal Customer,56,Business Travel,Eco,1222,2,5,5,5,2,2,3,2,2,2,2,4,3,3,0,0,FALSE
Female,Disloyal Customer,24,Business Travel,Business,542,4,0,4,2,2,4,2,2,3,4,5,5,2,3,0,0,TRUE
Female,Loyal Customer,62,Personal Travel,Eco Plus,192,1,3,1,3,1,2,2,3,2,3,3,2,2,2.15,209,213,FALSE
Male,Disloyal Customer,21,Business Travel,Eco,817,3,3,3,1,5,3,5,5,4,1,2,1,5,3.15,0,0,FALSE
Male,Loyal Customer,25,Personal Travel,Eco,188,3,2,0,3,5,0,1,5,2,1,4,3,5,2.62,0,0,FALSE
Female,Disloyal Customer,23,Business Travel,Eco,157,2,5,2,4,2,2,3,2,1,4,5,3,2,2.85,0,0,FALSE
Female,Loyal Customer,36,Business Travel,Business,1605,4,4,4,4,2,5,4,4,4,3,4,5,3,3.85,5,0,TRUE
Male,Loyal Customer,40,Business Travel,Business,440,1,1,1,1,3,4,5,5,5,5,5,4,3,3.31,0,0,TRUE
Female,Loyal Customer,25,Personal Travel,Eco,1183,0,1,0,2,2,0,4,2,4,1,3,1,2,1.69,0,0,TRUE
Female,Loyal Customer,60,Personal Travel,Eco,401,2,4,2,3,3,2,3,5,5,2,5,3,2,3.15,0,0,FALSE
Male,Loyal Customer,59,Business Travel,Eco,641,2,3,3,3,2,2,2,2,1,2,4,1,2,2.23,15,11,FALSE
Female,Loyal Customer,64,Business Travel,Eco,268,5,5,5,5,4,4,2,5,5,5,5,4,2,4.31,0,0,TRUE
Male,Loyal Customer,78,Business Travel,Eco Plus,395,4,2,2,2,4,4,4,4,3,4,3,4,4,3.38,0,2,TRUE
Male,Loyal Customer,13,Personal Travel,Business,1535,1,2,1,3,4,1,4,4,3,1,3,3,4,2.62,0,6,FALSE
Male,Loyal Customer,7,Personal Travel,Business,1262,2,5,2,3,1,2,1,1,3,4,3,4,1,2.46,0,0,FALSE
Female,Loyal Customer,54,Business Travel,Business,2870,2,2,2,2,4,5,5,5,5,5,5,5,3,3.85,0,9,TRUE
Female,Loyal Customer,25,Personal Travel,Eco,429,2,4,2,3,2,2,2,2,5,3,1,2,2,2.46,0,0,FALSE
Male,Loyal Customer,61,Business Travel,Business,1464,1,3,3,3,5,3,4,1,1,1,1,1,4,2.38,5,0,FALSE
Female,Disloyal Customer,26,Business Travel,Eco,236,4,1,4,3,3,4,4,3,2,5,3,4,3,3.31,0,0,FALSE
Male,Disloyal Customer,57,Business Travel,Eco,852,1,1,1,3,3,1,3,3,2,1,2,4,3,2.15,2,30,FALSE
Male,Loyal Customer,44,Business Travel,Eco,785,3,5,5,5,3,3,3,3,1,4,3,2,3,3.31,32,37,FALSE
Male,Disloyal Customer,40,Business Travel,Business,859,2,2,2,1,1,2,1,1,5,3,5,3,1,2.23,0,,FALSE
Female,Loyal Customer,19,Personal Travel,Eco Plus,489,3,0,3,1,1,3,1,1,4,2,4,4,1,2.15,0,0,FALSE
Female,Loyal Customer,33,Personal Travel,Eco,495,1,4,3,4,3,3,3,3,5,4,4,3,3,3.31,103,98,FALSE
Female,Loyal Customer,33,Business Travel,Business,2574,4,5,5,5,5,4,4,4,4,4,4,2,4,4.15,0,0,FALSE
Male,Loyal Customer,32,Business Travel,Business,3447,5,5,5,5,4,4,4,4,2,4,2,3,4,3.92,0,0,TRUE
Male,Loyal Customer,72,Business Travel,Eco,846,3,3,2,3,3,3,3,3,1,5,3,3,3,2.92,21,16,FALSE
Male,Disloyal Customer,30,Business Travel,Business,929,4,4,4,3,3,4,3,3,3,5,5,4,3,3.69,24,27,TRUE
Female,Loyal Customer,33,Business Travel,Business,909,4,4,4,4,3,5,4,4,4,5,4,4,5,4.15,0,0,TRUE
Male,Loyal Customer,22,Personal Travel,Eco,1517,3,5,3,4,3,3,3,3,3,3,3,5,3,3.38,0,0,FALSE
Female,Loyal Customer,58,Business Travel,Business,1192,2,2,1,2,2,5,4,4,4,4,4,3,3,3.08,0,3,TRUE
Male,Loyal Customer,66,Personal Travel,Eco,621,3,1,3,2,5,3,5,5,3,4,3,2,5,3.38,23,33,FALSE
Female,Loyal Customer,49,Personal Travel,Eco,733,2,3,2,3,4,4,3,5,5,2,5,3,2,3.31,20,12,FALSE
Male,Disloyal Customer,15,Business Travel,Eco,1330,3,3,3,3,4,3,2,4,4,4,5,2,4,3.38,0,0,FALSE
Female,Loyal Customer,60,Business Travel,Business,1987,1,1,1,1,4,4,4,4,4,4,4,4,3,3,77,74,TRUE
Female,Loyal Customer,49,Business Travel,Business,2576,5,5,5,5,5,5,5,4,4,4,4,4,4,4.54,18,19,TRUE
Male,Disloyal Customer,22,Business Travel,Business,222,4,0,4,2,5,4,5,5,5,1,3,4,5,3.62,0,0,TRUE
Female,Loyal Customer,33,Personal Travel,Eco Plus,1061,2,4,2,1,1,2,2,1,4,4,5,4,1,2.54,36,30,FALSE
Female,Loyal Customer,59,Business Travel,Business,1723,2,2,2,2,5,4,5,5,5,5,5,4,3,3.77,6,6,TRUE
Female,Loyal Customer,56,Business Travel,Eco,1222,5,5,5,5,2,5,2,5,5,5,5,1,5,4.23,0,0,TRUE
Female,Loyal Customer,68,Business Travel,Eco,127,4,1,1,1,3,4,4,4,4,4,4,3,5,3.23,0,0,TRUE
Female,Disloyal Customer,29,Business Travel,Business,228,3,3,3,3,4,3,3,4,4,2,5,4,4,3.46,0,1,FALSE
Female,Loyal Customer,37,Business Travel,Business,193,1,2,2,2,3,3,3,4,4,4,1,2,2,2.54,0,0,FALSE
Female,Loyal Customer,55,Business Travel,Business,600,1,1,1,1,4,5,5,5,5,5,5,5,4,3.62,0,0,TRUE
Female,Loyal Customer,14,Personal Travel,Eco,883,3,5,3,3,1,3,1,1,3,2,1,2,1,2.23,11,13,FALSE
Male,Disloyal Customer,33,Business Travel,Eco,89,2,1,2,3,5,2,5,5,2,4,4,1,5,3.15,0,11,FALSE
Female,Loyal Customer,53,Business Travel,Business,2618,1,1,1,1,4,4,5,4,4,4,4,3,5,3.15,0,5,TRUE
Male,Disloyal Customer,27,Business Travel,Business,569,1,2,2,3,1,2,1,1,5,2,4,5,1,2.31,58,60,FALSE
Female,Loyal Customer,47,Personal Travel,Eco,781,2,4,2,3,5,2,3,2,2,2,2,1,5,2.69,0,0,FALSE
Female,Loyal Customer,32,Business Travel,Business,761,4,4,4,4,5,5,5,5,1,3,4,3,5,4,2,0,TRUE
Female,Disloyal Customer,34,Business Travel,Business,328,3,3,3,3,5,3,5,5,3,4,5,5,5,4,0,0,FALSE
Male,Loyal Customer,25,Personal Travel,Eco Plus,2475,1,4,1,4,1,5,5,3,2,3,3,5,5,3.23,27,13,FALSE
Female,Loyal Customer,53,Business Travel,Business,1127,3,3,2,3,4,5,4,5,5,5,5,3,4,3.92,1,0,TRUE
Male,Loyal Customer,44,Business Travel,Business,1825,3,3,3,3,3,4,4,4,4,4,4,4,5,3.69,2,0,TRUE
Male,Disloyal Customer,20,Business Travel,Eco,238,3,4,3,2,4,3,4,4,4,3,4,5,4,3.62,0,0,FALSE
Female,Disloyal Customer,25,Business Travel,Eco,496,4,0,4,3,4,4,3,4,5,2,1,2,4,3.08,0,0,FALSE
Female,Loyal Customer,28,Business Travel,Business,3724,5,5,5,5,4,4,4,4,3,3,5,4,4,4.23,10,3,TRUE
Male,Loyal Customer,56,Business Travel,Business,3214,4,4,4,4,2,5,5,5,5,5,5,3,4,4.23,0,0,TRUE
Male,Loyal Customer,16,Personal Travel,Eco,201,4,1,4,4,2,4,2,2,3,5,4,1,2,2.92,5,0,FALSE
Female,Loyal Customer,28,Business Travel,Business,2255,3,1,1,1,3,3,3,3,4,3,3,2,3,2.54,6,0,FALSE
Female,Loyal Customer,32,Business Travel,Business,544,5,5,5,5,4,3,4,4,4,5,4,5,4,4.38,17,7,TRUE
Female,Loyal Customer,32,Business Travel,Business,3802,3,3,3,3,5,4,5,5,1,5,1,2,5,3.46,0,0,TRUE
Female,Loyal Customer,37,Personal Travel,Eco,2717,3,4,3,4,3,2,2,3,4,3,4,2,2,3,0,0,FALSE
Female,Disloyal Customer,38,Business Travel,Eco,669,4,4,4,3,3,4,3,3,3,3,3,3,3,3.31,0,0,FALSE
Male,Loyal Customer,22,Business Travel,Eco Plus,700,3,5,2,5,3,3,4,3,2,3,3,2,3,3.15,0,0,FALSE
Female,Disloyal Customer,28,Business Travel,Eco,342,4,0,4,3,1,4,1,1,3,3,2,5,1,2.46,43,46,TRUE
Female,Loyal Customer,40,Business Travel,Business,2690,3,1,3,3,5,4,5,5,5,5,5,3,4,3.92,51,37,TRUE
Male,Loyal Customer,55,Business Travel,Business,1481,5,5,5,5,5,5,5,4,4,4,4,4,3,4.46,0,0,TRUE
Male,Loyal Customer,30,Business Travel,Business,2438,0,0,0,2,2,2,2,2,3,4,4,5,2,2.15,0,0,TRUE
Male,Loyal Customer,61,Personal Travel,Eco,965,3,5,3,3,3,3,3,3,3,4,4,4,3,3.38,0,0,FALSE
Female,Loyal Customer,63,Business Travel,Eco,585,2,1,1,1,3,1,5,2,2,2,2,3,4,2.23,3,1,TRUE
Male,Loyal Customer,40,Business Travel,Business,255,4,3,3,3,1,3,3,4,4,3,4,3,2,3.08,31,22,FALSE
Male,Disloyal Customer,32,Personal Travel,Eco,1013,3,3,3,3,4,3,4,4,3,1,4,1,4,3.08,0,0,FALSE
Female,Loyal Customer,53,Business Travel,Business,1630,4,1,1,1,4,4,3,4,4,3,4,2,1,2.77,0,0,FALSE
Female,Loyal Customer,50,Business Travel,Eco,588,2,2,2,2,3,3,4,2,2,2,2,1,4,2.38,7,2,FALSE
Male,Loyal Customer,32,Business Travel,Business,1553,5,3,5,5,5,5,5,5,5,2,5,5,5,4.62,97,96,TRUE
Male,Loyal Customer,58,Business Travel,Eco,204,1,1,1,1,1,1,1,1,3,3,2,1,1,1.38,0,0,FALSE
Male,Loyal Customer,49,Business Travel,Business,190,3,3,3,3,3,4,4,5,5,5,4,4,5,3.92,0,0,TRUE
Male,Loyal Customer,30,Business Travel,Business,689,2,2,5,2,5,5,5,5,1,2,5,2,5,3.54,28,13,TRUE
Female,Loyal Customer,43,Business Travel,Business,134,2,2,3,2,2,2,4,5,5,5,5,4,5,3.54,0,0,TRUE
Female,Disloyal Customer,38,Business Travel,Eco,271,2,4,2,3,3,2,3,3,1,4,4,3,3,2.85,0,0,FALSE
Female,Loyal Customer,24,Personal Travel,Eco,460,1,1,1,3,3,1,3,3,3,3,3,2,3,2.31,28,14,FALSE
Female,Loyal Customer,25,Personal Travel,Eco,349,2,2,2,3,5,2,5,5,4,4,4,3,5,3.54,31,27,FALSE
Female,Loyal Customer,16,Personal Travel,Eco,620,4,5,3,1,3,3,2,3,3,5,5,5,3,3.46,0,0,TRUE
Male,Loyal Customer,55,Personal Travel,Eco,594,2,1,2,3,3,2,4,3,3,5,3,1,3,2.69,1,0,FALSE
Female,Loyal Customer,32,Business Travel,Business,772,1,1,1,1,5,5,5,5,3,5,4,5,5,3.54,8,1,TRUE
Female,Loyal Customer,59,Business Travel,Business,1516,1,1,1,1,2,3,5,3,3,3,3,4,4,2.62,8,5,TRUE
Female,Loyal Customer,55,Personal Travel,Eco,160,3,2,3,4,3,4,4,3,3,3,3,4,4,3.31,0,0,FALSE
Male,Loyal Customer,38,Business Travel,Eco,1389,2,3,3,3,3,2,2,4,4,2,2,2,2,2.62,138,137,FALSE
Male,Loyal Customer,40,Personal Travel,Eco,417,2,4,2,3,3,2,3,3,4,5,3,1,3,2.92,31,38,FALSE
Male,Loyal Customer,47,Business Travel,Business,373,2,2,5,2,2,5,4,4,4,4,4,5,4,3.62,38,33,TRUE
Male,Disloyal Customer,47,Business Travel,Eco,391,3,3,3,4,5,3,5,5,4,2,4,4,5,3.85,128,120,FALSE
Male,Disloyal Customer,18,Business Travel,Eco,759,2,2,2,3,3,2,3,3,1,3,3,2,3,2.46,7,12,FALSE
Female,Loyal Customer,42,Business Travel,Business,296,1,1,1,1,4,5,4,5,5,5,5,3,4,3.38,0,0,TRUE
Female,Loyal Customer,40,Business Travel,Business,3707,2,2,2,2,3,5,4,4,4,4,4,4,4,3.38,17,11,TRUE
Female,Loyal Customer,41,Personal Travel,Eco Plus,802,2,5,2,2,5,4,4,4,4,2,4,4,4,3.54,7,24,FALSE
Male,Loyal Customer,55,Business Travel,Business,2220,0,4,0,3,4,5,4,3,3,3,3,4,3,3,1,0,TRUE
Female,Loyal Customer,22,Business Travel,Business,991,2,2,2,2,4,4,4,4,4,5,5,5,4,3.62,0,0,TRUE
Female,Disloyal Customer,38,Business Travel,Business,1598,5,5,5,5,1,5,1,1,3,4,4,3,1,3.31,0,0,TRUE
Female,Disloyal Customer,24,Business Travel,Eco,387,5,2,5,4,1,5,1,1,4,3,5,3,1,3.08,0,0,TRUE
Female,Loyal Customer,36,Personal Travel,Eco,1337,2,5,2,3,1,2,1,1,4,3,4,5,1,2.62,0,0,FALSE
Female,Loyal Customer,65,Personal Travel,Eco,903,2,4,2,1,3,4,5,2,2,2,2,5,3,2.85,24,20,FALSE
Female,Disloyal Customer,24,Business Travel,Eco,1241,3,3,3,4,3,3,3,3,4,3,4,3,3,3.23,7,9,FALSE
Female,Loyal Customer,41,Business Travel,Eco,936,1,1,1,1,1,1,1,1,1,3,4,1,1,1.38,0,0,FALSE
Female,Loyal Customer,36,Personal Travel,Eco,934,2,4,2,2,4,2,4,4,4,5,4,4,4,3.46,0,0,FALSE
Female,Loyal Customer,15,Personal Travel,Eco,228,3,1,3,3,4,3,5,4,4,1,3,4,4,3.23,0,0,FALSE
Male,Loyal Customer,42,Personal Travel,Eco,1846,2,4,1,3,2,1,2,2,1,1,3,1,2,1.92,0,0,FALSE
Female,Loyal Customer,44,Business Travel,Business,588,1,1,1,1,4,5,5,2,2,2,2,1,5,2.46,0,4,TRUE
Female,Loyal Customer,42,Business Travel,Business,3918,1,1,1,1,3,4,4,2,2,3,2,3,4,2.38,22,12,TRUE
Female,Loyal Customer,62,Business Travel,Business,1471,2,2,2,2,3,4,5,5,5,5,5,4,3,3.62,0,0,TRUE
Male,Loyal Customer,60,Personal Travel,Business,2300,3,4,3,2,2,4,5,1,1,3,3,3,5,3,0,0,FALSE
Female,Loyal Customer,68,Personal Travel,Business,606,3,4,3,5,4,5,5,2,2,3,2,5,3,3.54,0,7,FALSE
Male,Loyal Customer,45,Business Travel,Business,3818,3,1,5,1,1,4,3,3,3,3,3,2,1,2.54,1,14,FALSE
Male,Loyal Customer,35,Personal Travel,Eco,436,4,4,4,3,4,4,4,4,5,3,5,3,4,3.92,0,0,FALSE
Male,Loyal Customer,66,Personal Travel,Eco,607,4,4,3,3,5,3,5,5,5,5,4,5,5,4.31,20,,FALSE
Male,Loyal Customer,49,Personal Travel,Eco,543,2,5,3,2,5,3,5,5,2,3,5,4,5,3.77,17,11,FALSE
Female,Loyal Customer,33,Personal Travel,Eco,589,3,3,3,2,3,3,3,3,5,1,1,3,3,2.77,0,0,FALSE
Female,Loyal Customer,22,Business Travel,Business,1044,5,5,5,5,4,4,4,4,4,5,5,4,4,4.46,0,0,TRUE
Female,Loyal Customer,70,Personal Travel,Eco,528,1,4,1,4,5,3,3,4,4,1,4,4,1,3,0,0,FALSE
Female,Loyal Customer,31,Personal Travel,Eco,544,4,4,4,3,2,4,2,2,1,4,2,2,2,2.77,0,0,FALSE
Male,Disloyal Customer,48,Business Travel,Business,305,3,3,3,5,1,3,1,1,4,2,5,5,1,2.85,0,0,FALSE
Male,Loyal Customer,70,Personal Travel,Eco,255,3,2,3,3,5,3,5,5,3,3,2,4,5,3.54,0,0,FALSE
Female,Loyal Customer,54,Business Travel,Business,3734,1,1,1,1,2,3,4,5,5,5,5,4,3,3.08,0,0,TRUE
Male,Loyal Customer,38,Personal Travel,Eco Plus,631,2,4,2,3,3,2,3,3,2,4,4,1,3,2.77,0,0,FALSE
Female,Loyal Customer,45,Personal Travel,Eco,985,3,4,2,4,4,5,5,1,1,2,1,3,3,2.92,0,0,FALSE
Male,Loyal Customer,44,Personal Travel,Eco,825,4,5,4,3,3,4,3,3,4,5,5,4,3,3.85,0,0,TRUE
Male,Loyal Customer,45,Business Travel,Business,119,0,4,0,1,5,4,1,4,4,3,3,2,1,2.46,0,0,TRUE
Female,Loyal Customer,24,Business Travel,Business,2726,1,1,1,1,4,4,4,4,4,3,4,3,4,2.92,0,0,TRUE
Female,Loyal Customer,16,Personal Travel,Eco,821,2,2,2,4,2,2,2,2,1,3,3,4,2,2.38,0,0,FALSE
Male,Loyal Customer,39,Business Travel,Eco,175,4,5,2,5,4,4,4,4,3,5,3,1,4,3.69,0,0,TRUE
Female,Disloyal Customer,25,Business Travel,Business,589,0,0,0,4,1,0,1,1,3,4,4,5,1,1.85,2,0,TRUE
Female,Loyal Customer,48,Business Travel,Business,3456,2,2,2,2,2,4,4,4,4,4,4,3,3,3.08,0,0,TRUE
Male,Loyal Customer,27,Business Travel,Business,2773,1,0,0,4,2,0,2,2,3,3,3,2,2,1.85,7,6,FALSE
Female,Loyal Customer,32,Personal Travel,Eco Plus,337,4,5,4,3,4,4,4,4,4,3,5,5,4,4.08,1,0,TRUE
Female,Loyal Customer,49,Business Travel,Business,2536,3,4,4,4,2,3,4,3,3,3,3,1,4,3.15,0,0,FALSE
Male,Loyal Customer,44,Business Travel,Business,3689,4,4,4,4,5,4,4,3,3,4,3,3,4,3.77,0,0,TRUE
Female,Loyal Customer,16,Personal Travel,Eco,1050,2,5,2,4,2,2,2,2,5,4,5,3,2,3.08,0,0,FALSE
Female,Loyal Customer,12,Business Travel,Business,733,3,3,3,3,3,3,3,3,2,3,4,1,3,2.85,0,0,FALSE
Male,Disloyal Customer,20,Business Travel,Eco,406,1,3,1,4,5,1,5,5,1,3,3,4,5,3.15,0,0,FALSE
Male,Loyal Customer,7,Personal Travel,Eco,405,2,5,2,4,4,2,1,4,2,5,2,2,4,3,11,1,FALSE
Female,Loyal Customer,47,Business Travel,Eco,954,4,5,5,5,1,4,1,4,4,4,4,2,1,3.38,0,6,TRUE
Male,Loyal Customer,48,Business Travel,Business,2378,3,3,3,3,4,5,5,4,4,4,4,5,4,3.92,0,0,TRUE
Female,Loyal Customer,26,Business Travel,Business,641,3,3,3,3,5,5,5,5,4,5,5,5,5,4.31,0,0,TRUE
Male,Loyal Customer,22,Personal Travel,Eco,190,3,5,3,5,4,3,4,4,4,2,4,3,4,3.69,0,0,FALSE
Female,Disloyal Customer,38,Business Travel,Eco,160,1,3,1,3,2,1,2,2,4,3,3,2,2,2.23,0,0,FALSE
Male,Loyal Customer,34,Business Travel,Business,488,4,1,1,1,5,3,4,4,4,4,4,1,4,3.08,12,14,FALSE
Female,Loyal Customer,45,Personal Travel,Eco,849,4,4,4,3,2,2,5,4,4,4,4,2,5,3.62,1,0,FALSE
Female,Disloyal Customer,43,Business Travel,Eco,116,2,2,2,3,5,2,5,5,1,5,4,1,5,3.23,5,8,FALSE
Female,Loyal Customer,42,Business Travel,Business,631,4,4,4,4,5,4,4,5,5,5,5,5,3,4.38,6,3,TRUE
Female,Disloyal Customer,50,Business Travel,Business,678,4,3,3,2,5,4,5,5,5,4,5,3,5,4.08,14,12,TRUE
Female,Loyal Customer,37,Business Travel,Business,1748,2,2,2,2,5,5,4,4,4,4,4,4,5,3.62,11,3,TRUE
Female,Disloyal Customer,40,Business Travel,Business,2521,2,2,2,4,2,3,3,2,1,4,4,3,3,2.69,4,0,FALSE
Male,Loyal Customer,31,Business Travel,Business,1587,3,4,3,4,3,3,3,3,1,3,3,2,3,2.92,100,81,FALSE
Female,Disloyal Customer,21,Business Travel,Eco,843,3,3,3,4,4,3,4,4,3,3,3,2,4,3.31,14,7,FALSE
Male,Loyal Customer,60,Business Travel,Business,444,2,2,2,2,2,4,4,4,4,4,4,3,4,3.15,0,0,TRUE
Female,Loyal Customer,30,Personal Travel,Eco Plus,639,1,4,0,4,4,0,3,4,2,4,3,2,4,2.69,0,0,FALSE
Female,Loyal Customer,57,Business Travel,Business,762,2,3,3,3,2,2,2,3,3,4,4,2,2,2.69,146,134,FALSE
Male,Loyal Customer,58,Personal Travel,Eco Plus,772,1,4,1,2,4,1,4,4,4,3,1,1,4,2.62,0,0,FALSE
Male,Loyal Customer,49,Business Travel,Business,3171,2,2,2,2,5,4,5,4,4,4,4,4,5,3.62,73,91,TRUE
Male,Loyal Customer,43,Business Travel,Business,1890,2,3,3,3,3,3,3,2,2,2,2,2,4,2.62,0,0,FALSE
Male,Loyal Customer,52,Business Travel,Business,3096,3,3,3,3,2,4,5,4,4,4,5,4,3,3.62,0,0,TRUE
Female,Loyal Customer,20,Personal Travel,Eco,733,2,3,2,4,2,2,2,2,2,4,3,4,2,2.62,0,0,FALSE
Female,Disloyal Customer,20,Business Travel,Eco,1024,4,4,4,4,1,4,1,1,3,2,3,3,1,2.69,0,4,FALSE
Female,Loyal Customer,20,Personal Travel,Eco,383,1,4,1,5,1,1,1,1,1,3,5,1,1,2,0,9,FALSE
Male,Loyal Customer,26,Personal Travel,Eco,1124,3,4,3,3,4,3,4,4,4,3,5,4,4,3.69,0,0,FALSE
Female,Loyal Customer,39,Business Travel,Business,3514,2,2,2,2,5,4,4,4,4,4,5,3,4,3.46,0,10,TRUE
Female,Loyal Customer,15,Personal Travel,Business,2475,3,4,3,4,3,3,3,4,3,3,4,3,3,3.31,205,201,FALSE
Male,Loyal Customer,14,Personal Travel,Eco,546,4,1,4,3,3,4,3,3,3,5,4,3,3,3.31,0,0,TRUE
Male,Loyal Customer,19,Business Travel,Business,3936,1,1,4,1,3,3,3,3,3,2,5,4,3,2.77,23,5,TRUE
Female,Loyal Customer,52,Business Travel,Business,3815,4,3,3,3,4,4,3,4,4,4,4,2,3,3.46,0,0,FALSE
Male,Loyal Customer,32,Business Travel,Eco Plus,605,5,3,3,3,5,5,5,3,3,3,5,5,5,4.08,133,116,TRUE
Male,Loyal Customer,37,Business Travel,Business,3259,3,2,2,2,3,3,3,4,4,3,4,3,3,3,219,207,FALSE
Male,Loyal Customer,13,Personal Travel,Eco,328,2,2,2,4,2,2,2,2,1,3,4,1,2,2.23,20,18,FALSE
Female,Loyal Customer,14,Business Travel,Business,2804,1,1,4,1,3,3,3,3,3,5,5,3,3,2.92,0,0,TRUE
Female,Loyal Customer,49,Personal Travel,Eco Plus,1448,2,1,2,4,4,4,3,1,1,2,2,2,3,2.38,0,0,FALSE
Female,Loyal Customer,67,Personal Travel,Eco,452,3,4,3,2,5,4,4,1,1,3,1,5,4,3.08,10,0,FALSE
Male,Loyal Customer,59,Business Travel,Eco,109,5,2,2,2,5,5,5,5,2,2,5,5,5,3.85,0,0,TRUE
Female,Loyal Customer,61,Personal Travel,Eco Plus,363,3,5,3,4,3,5,5,1,1,3,1,5,5,3.38,5,5,FALSE
Female,Loyal Customer,50,Business Travel,Business,1635,4,4,4,4,4,3,4,5,5,5,5,4,4,4.23,5,0,TRUE
Male,Loyal Customer,31,Business Travel,Business,1990,1,5,5,5,1,1,1,1,2,4,4,2,1,2.54,1,3,FALSE
Male,Disloyal Customer,30,Business Travel,Business,985,2,2,2,4,2,2,2,4,3,4,4,2,2,2.69,135,137,FALSE
Female,Loyal Customer,35,Business Travel,Eco,464,4,1,1,1,4,4,4,4,1,4,4,4,4,3.08,202,213,TRUE
Female,Loyal Customer,55,Business Travel,Business,463,1,0,0,3,3,3,3,5,5,0,2,4,1,2.31,0,0,FALSE
Male,Loyal Customer,45,Business Travel,Business,3069,3,3,3,3,3,3,2,5,5,5,5,3,2,3.46,4,0,TRUE
Female,Disloyal Customer,44,Business Travel,Business,406,2,2,2,3,3,2,3,3,5,5,5,3,3,3.15,14,5,FALSE
Female,Loyal Customer,18,Personal Travel,Eco,583,2,4,2,5,1,2,1,1,4,4,4,3,1,2.62,0,1,FALSE
Male,Loyal Customer,40,Business Travel,Business,106,3,3,3,3,1,1,5,4,4,4,4,1,1,2.85,0,0,TRUE
Female,Loyal Customer,39,Business Travel,Eco Plus,952,3,3,1,3,3,3,3,3,2,5,4,1,3,2.85,14,15,FALSE
Male,Loyal Customer,51,Business Travel,Business,239,2,3,2,2,2,4,5,4,4,4,4,5,3,3.38,44,47,TRUE
Female,Loyal Customer,13,Personal Travel,Eco,432,3,4,3,3,4,3,2,4,5,2,5,5,4,3.62,10,8,FALSE
Male,Loyal Customer,18,Business Travel,Eco,996,1,1,1,1,1,1,3,1,3,3,4,2,1,1.77,26,39,FALSE
Male,Disloyal Customer,8,Business Travel,Eco,651,3,2,3,3,2,3,5,2,1,2,3,4,2,2.69,0,0,FALSE
Male,Loyal Customer,48,Personal Travel,Eco,1670,4,0,4,3,4,4,3,4,5,2,4,5,4,3.54,0,0,FALSE
Male,Loyal Customer,62,Personal Travel,Eco,237,2,4,2,3,2,2,2,2,5,3,5,3,2,2.85,0,0,FALSE
Male,Loyal Customer,76,Business Travel,Eco,347,4,2,4,2,4,4,4,4,1,1,3,3,4,3.08,0,0,TRUE
Male,Loyal Customer,37,Personal Travel,Eco,200,3,4,0,1,4,0,4,4,4,4,5,5,4,3.23,16,38,FALSE
Male,Loyal Customer,50,Business Travel,Business,2916,3,3,3,3,4,4,4,3,3,3,3,1,5,3.23,0,0,TRUE
Male,Loyal Customer,45,Personal Travel,Eco Plus,304,2,2,2,4,5,2,4,5,2,4,4,2,5,3.31,3,0,FALSE
Female,Loyal Customer,36,Personal Travel,Eco,110,3,2,3,3,2,3,2,2,2,4,3,4,2,2.69,0,0,FALSE
Female,Loyal Customer,39,Business Travel,Business,3933,2,2,2,2,2,4,5,5,5,5,4,4,5,3.62,0,0,TRUE
Female,Disloyal Customer,23,Business Travel,Eco,862,2,2,2,2,5,2,5,5,3,1,5,3,5,3.23,27,41,FALSE
Female,Loyal Customer,58,Business Travel,Business,1399,2,1,1,1,2,4,4,2,2,2,2,1,3,2.08,0,0,FALSE
Female,Loyal Customer,54,Business Travel,Business,2978,1,1,2,1,3,4,5,5,5,5,5,3,3,3.31,0,0,TRUE
Male,Disloyal Customer,22,Business Travel,Eco,141,2,4,2,4,1,2,1,1,3,3,3,2,1,2.23,12,13,FALSE
Male,Loyal Customer,38,Business Travel,Business,1726,2,2,2,2,5,4,5,4,4,4,4,3,3,3.38,0,0,TRUE
Male,Loyal Customer,61,Business Travel,Eco,359,4,4,4,4,5,4,5,5,1,4,2,4,5,3.92,0,0,TRUE
Female,Disloyal Customer,27,Business Travel,Eco,173,4,0,4,2,5,4,5,5,1,1,5,4,5,3.46,0,0,FALSE
Female,Loyal Customer,22,Business Travel,Business,1932,4,4,4,4,3,4,3,3,5,4,4,5,3,3.85,17,2,TRUE
Male,Loyal Customer,12,Personal Travel,Eco,419,3,4,3,2,4,3,4,4,5,3,2,1,4,3.23,0,0,FALSE
Male,Disloyal Customer,15,Business Travel,Eco,871,3,3,3,3,4,3,4,4,3,2,4,3,4,3.31,0,0,FALSE
Male,Disloyal Customer,41,Business Travel,Eco,373,4,0,4,4,1,4,1,1,2,5,3,5,1,2.69,12,1,FALSE
Female,Loyal Customer,54,Business Travel,Business,3098,3,3,3,3,2,4,5,5,5,5,5,3,2,3.69,0,0,TRUE
Female,Loyal Customer,55,Business Travel,Business,1709,4,4,4,4,2,5,5,5,5,5,5,3,5,4.31,0,0,TRUE
Male,Disloyal Customer,25,Business Travel,Eco,1074,1,1,1,5,2,1,5,2,5,5,5,3,2,2.92,0,0,FALSE
Male,Loyal Customer,8,Business Travel,Business,546,4,4,5,4,4,4,4,4,5,3,5,5,4,4.23,1,0,TRUE
Male,Loyal Customer,50,Business Travel,Business,2064,3,3,3,3,4,4,5,5,5,4,5,5,5,4.15,7,12,TRUE
Female,Loyal Customer,25,Business Travel,Business,370,4,4,4,4,5,5,5,5,5,2,4,3,5,4.23,0,0,TRUE
Male,Loyal Customer,31,Business Travel,Business,602,2,2,2,2,5,5,5,5,5,5,5,3,5,3.92,0,0,TRUE
Male,Disloyal Customer,9,Business Travel,Business,529,5,0,5,2,1,5,1,1,5,5,5,5,1,3.15,0,0,TRUE
Female,Loyal Customer,58,Business Travel,Business,2086,1,1,1,1,3,5,5,4,4,4,4,5,5,3.31,40,27,TRUE
Female,Loyal Customer,34,Business Travel,Business,787,4,4,2,4,4,4,5,4,4,4,4,5,4,4,0,0,TRUE
Male,Loyal Customer,20,Business Travel,Business,308,4,4,4,4,5,5,5,5,4,2,4,5,5,4.31,0,0,TRUE
Male,Loyal Customer,76,Business Travel,Business,2741,3,5,5,5,5,3,4,3,3,3,3,2,1,3.46,15,14,FALSE
Male,Loyal Customer,31,Business Travel,Business,3029,1,1,1,1,4,4,4,4,2,1,5,5,4,2.85,0,0,TRUE
Male,Disloyal Customer,40,Business Travel,Eco,134,3,0,3,2,3,3,4,3,5,1,5,1,3,2.77,0,1,FALSE
Male,Loyal Customer,35,Business Travel,Business,197,1,1,1,1,4,4,5,5,5,5,4,5,5,3.54,16,7,TRUE
Female,Disloyal Customer,22,Business Travel,Business,240,5,0,5,4,1,5,1,1,5,3,5,4,1,3.08,0,0,TRUE
Male,Loyal Customer,47,Business Travel,Eco,198,4,4,4,4,4,4,4,4,3,2,4,3,4,3.69,0,4,FALSE
Female,Disloyal Customer,35,Business Travel,Eco,678,1,2,2,3,5,2,5,5,2,2,4,2,5,3.08,0,0,FALSE
Male,Loyal Customer,59,Personal Travel,Eco,496,3,3,3,3,4,3,4,4,5,4,1,1,4,3.23,13,0,FALSE
Male,Loyal Customer,44,Business Travel,Eco,1482,4,4,4,4,4,4,4,4,1,4,3,3,4,3.62,0,8,TRUE
Female,Disloyal Customer,44,Business Travel,Business,347,2,2,2,3,1,2,1,1,4,4,5,4,1,2.46,5,0,FALSE
Female,Loyal Customer,51,Business Travel,Business,1614,2,2,2,2,2,5,5,3,3,3,3,5,5,3.23,0,0,TRUE
Female,Loyal Customer,47,Business Travel,Business,936,4,4,3,4,4,5,4,4,4,4,4,5,5,4.15,55,34,TRUE
Male,Loyal Customer,32,Business Travel,Business,3985,0,0,0,4,3,3,3,3,2,3,2,2,3,2.15,0,0,TRUE
Female,Loyal Customer,29,Business Travel,Business,1805,4,5,3,5,4,4,4,4,1,1,3,4,4,3.54,0,0,FALSE
Male,Disloyal Customer,28,Business Travel,Eco,1332,1,2,2,4,5,1,3,5,2,5,4,1,5,3.08,2,0,FALSE
Male,Loyal Customer,40,Business Travel,Eco,1064,4,2,2,2,4,4,4,4,5,2,2,2,4,3.15,47,30,TRUE
Female,Loyal Customer,39,Business Travel,Business,1310,4,4,2,4,2,5,4,5,5,5,5,4,4,4.08,0,0,TRUE
Male,Loyal Customer,33,Business Travel,Business,304,1,4,4,4,1,1,1,1,4,2,4,2,1,2.31,0,0,FALSE
Male,Loyal Customer,15,Business Travel,Eco Plus,1188,3,3,3,3,3,3,2,3,1,4,3,4,3,2.92,50,40,FALSE
Female,Loyal Customer,28,Personal Travel,Eco,500,1,4,1,3,4,1,4,4,4,2,5,4,4,3.15,11,0,FALSE
Female,Loyal Customer,43,Personal Travel,Eco,253,4,3,4,5,1,2,3,3,3,4,3,2,2,3,62,61,FALSE
Male,Loyal Customer,41,Personal Travel,Eco,577,3,4,3,3,2,3,2,2,5,4,5,5,2,3.31,67,64,FALSE
Female,Loyal Customer,69,Business Travel,Business,3174,1,2,2,2,5,3,4,1,1,1,1,2,2,2.08,0,0,FALSE
Female,Loyal Customer,44,Business Travel,Business,2865,1,1,1,1,3,4,4,4,4,4,4,5,4,3.08,3,2,TRUE
Female,Loyal Customer,44,Personal Travel,Eco,432,2,4,2,4,4,4,4,2,2,2,2,5,5,3.23,0,0,FALSE
Female,Loyal Customer,52,Business Travel,Business,3483,5,5,5,5,2,5,5,4,4,4,4,5,4,4.38,18,7,TRUE
Female,Disloyal Customer,29,Business Travel,Eco,251,4,3,3,3,2,3,2,2,2,1,3,1,2,2.38,0,7,FALSE
Female,Loyal Customer,49,Personal Travel,Eco,946,3,2,3,4,1,3,3,1,1,3,1,4,4,2.54,6,43,FALSE
Female,Loyal Customer,41,Business Travel,Business,3189,3,3,3,3,3,4,1,5,5,5,5,3,5,3.69,0,0,TRUE
Female,Loyal Customer,23,Business Travel,Business,3018,3,3,3,3,4,4,4,4,3,1,3,5,4,3.38,0,0,TRUE
Male,Loyal Customer,26,Personal Travel,Eco,760,3,5,3,2,4,3,4,4,5,4,4,4,4,3.77,7,0,FALSE
Female,Loyal Customer,46,Personal Travel,Eco,1428,3,5,3,1,3,4,1,3,4,3,4,1,1,2.77,296,301,FALSE
Male,Loyal Customer,40,Business Travel,Business,1999,1,1,2,1,2,4,4,4,4,5,4,5,4,3.15,46,48,TRUE
Male,Disloyal Customer,26,Business Travel,Eco,1351,4,4,4,1,1,4,1,1,1,4,5,5,1,2.77,0,3,FALSE
Female,Loyal Customer,72,Business Travel,Business,3555,2,3,3,3,2,2,2,2,2,2,2,1,2,2.15,27,10,FALSE
Male,Loyal Customer,43,Business Travel,Business,544,2,2,2,2,4,4,4,5,5,5,5,4,3,3.62,0,0,TRUE
Male,Loyal Customer,26,Personal Travel,Eco,631,2,5,2,5,2,2,2,2,2,1,4,3,2,2.62,18,12,FALSE
Female,Loyal Customer,49,Business Travel,Business,2363,1,1,5,1,3,5,4,4,4,4,4,5,4,3.46,108,97,TRUE
Female,Loyal Customer,69,Personal Travel,Business,651,4,2,4,3,5,4,3,1,1,4,1,2,1,2.69,0,0,FALSE
Female,Disloyal Customer,37,Business Travel,Business,337,3,3,3,4,2,3,2,2,5,5,4,4,2,3.23,0,28,FALSE
Female,Loyal Customer,40,Business Travel,Eco,364,5,2,2,2,5,5,5,5,4,2,5,1,5,3.69,8,3,TRUE
Female,Loyal Customer,49,Business Travel,Business,3690,0,0,0,4,3,5,5,5,5,5,5,3,4,3.38,0,0,TRUE
Female,Disloyal Customer,38,Business Travel,Business,928,4,4,4,5,4,4,4,4,4,4,4,4,4,4.08,0,0,FALSE
Male,Loyal Customer,37,Personal Travel,Eco,2475,3,5,4,3,4,2,2,2,4,5,4,2,2,3.23,1,0,FALSE
Male,Loyal Customer,25,Business Travel,Business,2996,2,2,3,2,4,4,3,4,1,3,5,3,4,3.08,9,13,TRUE
Female,Loyal Customer,23,Personal Travel,Eco,417,1,5,4,5,2,4,2,2,4,5,5,5,2,3.54,12,14,FALSE
Male,Loyal Customer,51,Business Travel,Business,3377,5,5,4,5,2,5,5,5,5,5,5,5,3,4.54,0,0,TRUE
Female,Loyal Customer,26,Personal Travel,Eco,1304,3,4,3,2,1,3,1,1,4,3,3,4,1,2.54,0,0,FALSE
Female,Loyal Customer,70,Personal Travel,Eco,1744,2,3,2,3,1,3,4,5,5,2,5,1,5,3.15,3,0,FALSE
Male,Loyal Customer,35,Personal Travel,Eco Plus,1590,3,1,3,1,2,3,2,2,1,3,1,4,2,2.15,0,45,FALSE
Male,Disloyal Customer,55,Business Travel,Eco,623,3,2,3,4,1,3,1,1,4,1,3,3,1,2.31,23,29,FALSE
Female,Loyal Customer,28,Business Travel,Business,2595,4,4,4,4,3,4,3,3,3,2,4,3,3,3.38,0,0,TRUE
Male,Loyal Customer,32,Business Travel,Business,129,2,1,1,1,2,2,2,2,2,2,4,3,2,2,39,45,FALSE
Male,Loyal Customer,63,Personal Travel,Eco,237,1,2,0,4,2,0,2,2,4,5,3,2,2,2.23,27,47,FALSE
Female,Loyal Customer,65,Personal Travel,Eco,731,2,3,2,3,5,4,3,3,3,2,3,3,3,3,14,42,FALSE
Male,Loyal Customer,37,Personal Travel,Eco,325,3,4,3,4,3,3,3,3,5,5,4,4,3,3.62,0,0,FALSE
Male,Loyal Customer,51,Business Travel,Business,2055,4,4,5,4,3,5,4,5,5,5,5,5,3,4.38,3,0,TRUE
Male,Loyal Customer,43,Business Travel,Business,1892,4,2,4,4,5,4,4,5,5,5,5,5,5,4.38,0,0,TRUE
Female,Loyal Customer,49,Personal Travel,Business,692,1,5,1,4,4,4,4,2,2,1,2,4,5,3,76,72,FALSE
Male,Loyal Customer,48,Business Travel,Eco Plus,1066,3,3,3,3,3,3,3,3,2,1,4,1,3,2.69,0,0,FALSE
Female,Disloyal Customer,21,Business Travel,Eco,912,1,1,1,5,4,1,4,4,4,3,4,4,4,3.08,0,7,FALSE
Male,Loyal Customer,24,Personal Travel,Eco Plus,919,3,2,3,3,4,3,4,4,3,5,3,4,4,3.46,12,12,FALSE
Female,Loyal Customer,46,Business Travel,Business,3334,3,4,3,3,4,4,4,3,2,4,4,4,4,3.54,152,163,TRUE
Female,Loyal Customer,60,Personal Travel,Eco,125,3,2,3,2,1,2,3,1,1,3,1,4,3,2.23,50,67,FALSE
Male,Disloyal Customer,26,Business Travel,Eco,590,3,3,3,3,2,3,2,2,4,3,3,4,2,2.85,0,0,FALSE
Male,Disloyal Customer,14,Business Travel,Eco,1222,3,3,3,4,2,3,2,2,3,2,3,4,2,2.77,89,104,FALSE
Female,Loyal Customer,61,Personal Travel,Eco,597,3,5,3,5,1,5,5,5,5,3,5,4,5,4.15,19,7,FALSE
Male,Disloyal Customer,26,Business Travel,Business,1172,2,3,3,3,4,3,4,4,2,3,4,3,4,3.23,0,5,FALSE
Female,Loyal Customer,40,Personal Travel,Eco,316,3,3,1,2,5,1,5,5,1,5,2,3,5,3.15,1,7,FALSE
Male,Loyal Customer,37,Business Travel,Eco,448,4,1,1,1,4,4,4,4,5,2,4,4,4,3.23,0,4,TRUE
Female,Loyal Customer,27,Business Travel,Business,599,3,3,3,3,3,4,3,3,4,5,5,3,3,3.46,0,0,TRUE
Female,Loyal Customer,41,Business Travel,Business,2173,3,3,3,3,5,5,4,4,4,4,4,5,3,3.85,0,0,TRUE
Male,Loyal Customer,53,Personal Travel,Eco,594,3,4,3,3,5,3,5,5,2,1,4,4,5,3.62,0,0,FALSE
Male,Loyal Customer,10,Personal Travel,Eco,100,2,1,0,3,5,0,5,5,4,4,4,1,5,3,0,0,FALSE
Male,Loyal Customer,45,Business Travel,Business,3884,0,0,0,2,2,5,5,3,3,3,3,3,5,2.62,10,4,TRUE
Female,Disloyal Customer,35,Business Travel,Eco,888,4,3,3,3,4,3,5,4,2,2,4,3,4,3.38,13,9,FALSE
Male,Disloyal Customer,21,Business Travel,Eco,1021,3,3,3,2,5,3,5,5,3,5,3,3,5,3.69,36,42,FALSE
Female,Disloyal Customer,18,Business Travel,Eco,201,4,0,4,4,5,4,5,5,4,3,5,5,5,4.08,0,0,TRUE
Male,Loyal Customer,21,Personal Travel,Eco,414,1,1,1,4,2,1,2,2,1,2,4,3,2,2,0,0,FALSE
Male,Disloyal Customer,25,Business Travel,Eco,1303,3,3,3,3,5,3,5,5,3,2,5,5,5,3.85,2,0,FALSE
Female,Loyal Customer,39,Business Travel,Business,1602,5,5,5,5,4,4,5,4,4,4,4,4,5,4.46,19,11,TRUE
Male,Loyal Customer,70,Business Travel,Business,346,2,1,1,1,5,2,2,2,2,2,2,2,1,1.92,106,104,FALSE
Female,Loyal Customer,34,Personal Travel,Eco,445,2,5,2,4,1,2,1,1,5,4,5,3,1,2.77,0,0,FALSE
Male,Loyal Customer,52,Business Travel,Business,2486,3,3,3,3,5,5,4,5,5,5,5,4,3,4.08,0,0,TRUE
Female,Disloyal Customer,29,Business Travel,Eco Plus,589,1,1,1,3,4,1,1,4,3,5,4,4,4,2.77,0,0,FALSE
Female,Loyal Customer,23,Business Travel,Business,1262,1,1,1,1,1,1,1,1,3,3,4,1,1,1.54,0,0,FALSE
Female,Loyal Customer,45,Business Travel,Business,2875,3,3,3,3,5,4,5,5,5,5,5,5,4,4.23,16,0,TRUE
Female,Disloyal Customer,17,Business Travel,Eco,227,2,2,2,4,2,2,2,2,4,2,3,3,2,2.46,2,40,FALSE
Female,Loyal Customer,63,Personal Travel,Eco,846,1,5,1,3,3,4,4,2,2,1,2,3,4,2.69,24,30,FALSE
Female,Loyal Customer,42,Personal Travel,Eco,510,2,5,4,2,5,4,5,4,4,4,4,4,4,3.92,75,68,FALSE
Male,Loyal Customer,24,Business Travel,Business,3376,1,0,0,2,3,0,3,3,2,5,2,4,3,2.15,11,24,FALSE
Male,Loyal Customer,54,Business Travel,Business,2526,5,5,5,5,4,5,4,4,4,4,4,4,4,4.38,0,0,TRUE
Female,Loyal Customer,52,Business Travel,Business,1829,2,2,2,2,4,5,4,4,4,5,4,4,5,3.62,5,5,TRUE
Female,Loyal Customer,21,Personal Travel,Eco,1428,4,4,4,3,2,4,2,2,5,5,4,3,2,3.38,0,3,FALSE
Male,Loyal Customer,47,Business Travel,Business,255,1,1,1,1,5,4,5,5,5,5,5,3,4,3.46,0,0,TRUE
Male,Loyal Customer,30,Business Travel,Business,3802,5,3,3,3,5,4,5,5,2,1,4,3,5,3.69,13,23,FALSE
Male,Loyal Customer,33,Business Travel,Business,3579,2,2,2,2,5,5,5,5,3,2,4,3,5,3.46,0,0,TRUE
Female,Loyal Customer,52,Business Travel,Business,3074,3,3,3,3,4,5,4,4,4,4,4,4,3,3.69,1,0,TRUE
Male,Loyal Customer,44,Business Travel,Business,1368,1,3,3,3,2,3,3,1,1,1,1,3,4,2.23,0,0,FALSE
Male,Loyal Customer,50,Business Travel,Eco,495,5,5,5,5,5,5,5,5,4,4,1,5,5,4.54,6,5,TRUE
Female,Loyal Customer,39,Business Travel,Business,403,4,4,4,4,2,4,5,4,4,4,4,4,5,4,15,0,TRUE
Female,Loyal Customer,60,Personal Travel,Eco,1310,3,5,3,3,3,4,5,4,4,3,4,5,3,3.77,58,44,FALSE
Female,Loyal Customer,44,Business Travel,Eco Plus,279,4,1,1,1,4,1,3,4,4,4,4,1,3,2.69,6,1,TRUE
Female,Disloyal Customer,38,Personal Travel,Eco,2399,3,4,3,3,3,3,3,4,5,5,5,3,3,3.62,185,186,FALSE
Female,Loyal Customer,36,Business Travel,Eco,809,4,3,3,3,4,5,4,4,4,5,1,5,4,3.77,0,0,TRUE
Male,Loyal Customer,56,Personal Travel,Eco,719,1,1,1,2,4,1,4,4,3,4,2,2,4,2.54,3,0,FALSE
Male,Loyal Customer,49,Business Travel,Business,3690,1,1,1,1,3,4,5,5,5,5,5,5,3,3.38,90,88,TRUE
Female,Loyal Customer,52,Business Travel,Eco,190,5,1,1,1,5,1,5,5,5,5,5,2,3,3.38,6,6,TRUE
Male,Loyal Customer,55,Business Travel,Business,301,3,3,3,3,2,5,5,4,4,4,4,5,4,3.77,0,0,TRUE
Male,Disloyal Customer,41,Business Travel,Business,1145,4,4,4,1,4,4,4,4,4,5,5,4,4,3.92,0,0,TRUE
Male,Disloyal Customer,42,Business Travel,Business,804,4,5,5,1,4,4,4,4,3,2,5,5,4,3.85,0,26,TRUE
Male,Loyal Customer,29,Personal Travel,Eco,1089,3,4,3,2,4,3,4,4,5,2,1,1,4,3.08,0,0,FALSE
Female,Loyal Customer,70,Personal Travel,Eco,436,2,3,2,3,4,3,3,2,2,2,1,3,3,2.54,13,3,FALSE
Female,Loyal Customer,34,Personal Travel,Eco,426,2,2,1,4,1,1,1,1,1,3,4,3,1,1.92,36,34,FALSE
Male,Disloyal Customer,44,Business Travel,Business,1182,5,5,5,2,2,5,2,2,3,2,5,3,2,3.31,106,117,TRUE
Male,Disloyal Customer,22,Business Travel,Business,1399,5,0,5,1,5,5,4,5,3,2,4,4,5,3.69,106,110,TRUE
Female,Loyal Customer,59,Personal Travel,Eco,368,3,3,3,1,2,1,1,2,2,3,2,2,1,2,0,0,FALSE
Male,Loyal Customer,46,Business Travel,Business,1334,4,4,4,4,5,4,4,4,4,4,4,5,4,4.15,3,0,TRUE
Male,Loyal Customer,28,Personal Travel,Eco,683,2,4,2,4,1,2,1,1,5,4,5,5,1,2.85,0,0,FALSE
Male,Disloyal Customer,61,Business Travel,Business,323,4,4,4,4,4,3,3,3,5,4,4,3,3,3.69,185,176,TRUE
Female,Loyal Customer,42,Business Travel,Business,361,4,1,1,1,5,2,2,4,4,4,4,1,1,2.62,0,0,FALSE
Male,Loyal Customer,28,Business Travel,Business,787,1,2,2,2,1,1,1,1,1,3,2,2,1,1.54,2,29,FALSE
Male,Loyal Customer,54,Personal Travel,Eco,896,2,2,2,4,4,2,4,4,1,3,4,2,4,2.92,0,3,FALSE
Male,Loyal Customer,34,Personal Travel,Eco,484,1,0,1,4,4,1,5,4,5,4,5,3,4,3.15,0,0,FALSE
Female,Loyal Customer,69,Personal Travel,Eco,1009,3,3,3,4,3,1,3,4,4,3,4,4,1,3.08,1,0,FALSE
Female,Loyal Customer,61,Personal Travel,Eco Plus,268,2,0,2,3,4,5,1,1,1,2,2,2,4,2.23,7,0,FALSE
Male,Loyal Customer,19,Personal Travel,Eco,731,1,4,1,3,5,1,5,5,1,1,3,4,5,3,0,0,FALSE
Female,Loyal Customer,40,Personal Travel,Eco,528,2,5,5,1,5,5,5,5,5,5,4,4,5,4.31,13,0,FALSE
Male,Loyal Customer,47,Business Travel,Business,837,5,5,5,5,5,5,4,5,5,5,5,4,5,4.85,0,0,TRUE
Female,Loyal Customer,63,Personal Travel,Eco,337,2,2,2,4,4,3,3,4,4,2,4,4,1,3,0,0,FALSE
Male,Loyal Customer,42,Business Travel,Business,216,5,5,5,5,4,5,4,5,5,5,5,4,4,4.69,0,0,TRUE
Female,Loyal Customer,41,Business Travel,Business,226,1,1,1,1,4,4,3,4,4,4,4,5,2,2.92,0,0,TRUE
Female,Loyal Customer,32,Business Travel,Eco,1120,1,4,4,4,1,1,1,1,4,2,3,3,1,2.31,11,20,FALSE
Female,Loyal Customer,12,Personal Travel,Eco,1721,4,1,4,2,2,4,3,2,3,1,3,1,2,2.46,0,0,FALSE
Male,Loyal Customer,38,Personal Travel,Eco,341,2,4,2,4,3,2,3,3,5,3,5,3,3,3.23,0,0,FALSE
Female,Loyal Customer,35,Business Travel,Business,1931,1,1,1,1,4,2,1,4,4,5,4,4,1,2.54,0,0,TRUE
Female,Loyal Customer,54,Business Travel,Business,1905,5,5,5,5,2,4,4,5,5,4,5,3,4,4.31,0,0,TRUE
Female,Loyal Customer,26,Personal Travel,Business,1750,2,3,2,3,1,2,1,1,2,4,5,3,1,2.31,71,74,FALSE
Male,Loyal Customer,35,Business Travel,Business,1794,0,0,0,5,3,5,4,1,1,1,1,5,5,2.38,0,1,TRUE
Male,Loyal Customer,68,Personal Travel,Eco,1046,2,4,2,3,4,2,4,4,4,4,4,4,4,3.46,0,8,FALSE
Female,Loyal Customer,53,Business Travel,Business,1782,2,2,2,2,2,1,2,3,3,2,3,3,3,2.31,3,3,TRUE
Male,Loyal Customer,50,Business Travel,Business,733,5,5,5,5,5,5,4,4,4,4,4,5,3,4.46,4,0,TRUE
Female,Loyal Customer,48,Personal Travel,Eco,266,2,2,0,3,3,3,4,2,2,0,2,3,4,2.31,0,0,FALSE
Male,Loyal Customer,28,Business Travel,Business,162,2,2,2,2,2,2,2,2,2,1,4,3,2,2.15,0,12,FALSE
Female,Loyal Customer,49,Business Travel,Business,2586,1,5,5,5,3,2,2,1,1,1,1,3,4,2.62,0,0,FALSE
Female,Loyal Customer,34,Personal Travel,Eco Plus,135,3,0,3,4,1,3,1,1,4,3,4,4,1,2.46,0,0,FALSE
Male,Disloyal Customer,34,Business Travel,Eco,802,2,2,2,4,1,2,1,1,4,3,4,1,1,2.15,98,112,FALSE
Female,Loyal Customer,57,Business Travel,Business,237,3,5,3,3,5,5,4,4,4,4,4,3,3,3.85,27,26,TRUE
Male,Disloyal Customer,39,Business Travel,Business,846,2,2,2,4,5,2,1,5,1,5,4,2,5,3.08,0,0,FALSE
Male,Loyal Customer,36,Personal Travel,Business,342,1,5,1,1,3,5,4,3,3,1,2,4,3,2.77,0,0,FALSE
Female,Loyal Customer,51,Business Travel,Business,1587,1,4,1,1,4,4,5,4,4,4,4,5,4,3.46,8,0,TRUE
Female,Loyal Customer,34,Business Travel,Eco Plus,1069,5,2,1,2,5,5,5,5,2,2,4,5,5,3.69,0,0,TRUE
Female,Loyal Customer,69,Personal Travel,Eco,919,2,1,2,3,4,3,2,2,2,2,2,4,1,2.31,0,0,FALSE
Female,Disloyal Customer,39,Business Travel,Business,471,3,3,3,4,4,3,4,4,3,2,3,1,4,3.15,0,7,FALSE
Female,Loyal Customer,56,Business Travel,Business,2342,4,4,5,4,4,4,4,4,3,5,4,4,4,4.08,0,10,TRUE
Female,Loyal Customer,28,Personal Travel,Eco,991,3,5,3,4,2,3,2,2,3,4,5,5,2,3.31,0,0,FALSE
Female,Loyal Customer,44,Business Travel,Business,1576,2,2,2,2,3,5,4,5,5,5,5,4,4,3.69,0,0,TRUE
Female,Loyal Customer,26,Personal Travel,Eco,647,3,1,3,4,3,3,3,3,1,2,4,4,3,2.85,0,0,FALSE
Female,Loyal Customer,9,Personal Travel,Eco Plus,2350,4,2,4,4,2,4,2,2,3,2,4,4,2,3,0,1,FALSE
Male,Loyal Customer,62,Personal Travel,Eco Plus,253,2,1,2,3,3,2,3,3,2,1,4,4,3,2.54,0,0,FALSE
Female,Loyal Customer,25,Personal Travel,Eco,507,1,5,1,1,3,1,3,3,4,4,4,5,3,2.92,66,50,FALSE
Male,Loyal Customer,44,Business Travel,Business,3037,2,2,2,2,2,3,4,4,4,4,4,1,5,3,0,0,TRUE
Female,Loyal Customer,41,Business Travel,Business,1726,1,1,1,1,5,4,5,3,3,3,3,4,5,3,13,13,TRUE
Male,Loyal Customer,13,Personal Travel,Eco,453,1,5,1,5,3,1,3,3,3,4,4,5,3,3.15,63,56,FALSE
Male,Loyal Customer,37,Business Travel,Eco,116,4,2,2,2,4,4,4,4,1,4,2,2,4,3,0,0,TRUE
Male,Loyal Customer,51,Business Travel,Business,1346,1,1,1,1,5,5,4,5,5,5,5,4,3,3.46,11,0,TRUE
Male,Loyal Customer,62,Personal Travel,Eco,528,2,4,2,1,4,2,4,4,3,5,5,4,4,3.38,3,0,FALSE
Male,Loyal Customer,35,Business Travel,Eco Plus,993,2,5,5,5,2,2,2,2,3,1,4,2,2,2.85,1,0,FALSE
Male,Loyal Customer,46,Business Travel,Business,419,4,4,4,4,4,5,4,5,5,5,5,3,4,4.31,0,0,TRUE
Male,Loyal Customer,43,Business Travel,Business,515,5,5,3,5,2,4,5,4,4,5,4,3,4,4.08,0,0,TRUE
Male,Loyal Customer,43,Business Travel,Business,557,2,2,2,2,3,5,4,4,4,4,4,3,5,3.38,0,9,TRUE
Female,Loyal Customer,57,Personal Travel,Eco,986,1,5,1,3,3,5,5,5,5,1,5,5,3,3.62,0,0,FALSE
Male,Loyal Customer,14,Personal Travel,Eco,1269,5,5,5,5,5,5,5,5,4,3,4,4,5,4.62,6,0,TRUE
Male,Loyal Customer,29,Business Travel,Eco,2454,3,3,4,3,3,3,3,4,1,2,4,3,3,3,8,0,FALSE
Male,Disloyal Customer,25,Business Travel,Eco,1107,2,1,1,2,4,2,4,4,3,4,3,1,4,2.69,0,0,FALSE
Male,Loyal Customer,51,Business Travel,Business,3406,4,4,4,4,3,4,5,4,4,4,4,4,3,3.92,60,71,TRUE
Male,Loyal Customer,69,Personal Travel,Eco,2446,3,4,3,4,3,3,3,3,5,4,4,5,3,3.62,0,0,FALSE
Male,Disloyal Customer,25,Business Travel,Business,852,1,0,1,3,4,1,4,4,3,5,5,4,4,3,20,28,FALSE
Male,Disloyal Customer,22,Business Travel,Eco,447,3,5,3,3,2,3,2,2,5,5,4,5,2,3.38,0,1,FALSE
Male,Loyal Customer,25,Business Travel,Eco Plus,508,4,4,1,4,4,5,4,1,4,1,4,4,4,3.38,139,122,TRUE
Female,Loyal Customer,34,Personal Travel,Eco,1416,1,5,1,5,1,1,1,1,3,4,4,4,1,2.46,0,0,FALSE
Male,Disloyal Customer,18,Business Travel,Eco,163,5,5,5,4,3,5,3,3,2,1,2,1,3,3.23,1,0,TRUE
Male,Loyal Customer,45,Business Travel,Business,3885,0,0,0,1,4,4,5,3,3,3,3,3,3,2.46,0,3,TRUE
Female,Disloyal Customer,33,Business Travel,Business,214,3,3,3,3,4,3,4,4,3,2,4,4,4,3.38,0,0,FALSE
Male,Loyal Customer,51,Business Travel,Eco,802,4,2,2,2,4,4,4,4,3,4,3,4,4,3.38,18,10,TRUE
Female,Loyal Customer,47,Business Travel,Business,1131,2,2,2,2,3,4,4,4,4,4,4,4,5,3.38,0,0,TRUE
Female,Loyal Customer,64,Personal Travel,Eco,1069,4,3,4,3,3,3,4,2,2,4,2,4,1,3,0,0,FALSE
Male,Loyal Customer,47,Business Travel,Business,946,4,4,4,4,5,4,4,5,5,5,5,5,4,4.46,0,0,TRUE
Female,Loyal Customer,44,Business Travel,Business,2093,1,1,1,1,5,4,4,3,3,4,3,3,3,2.77,0,7,TRUE
Female,Loyal Customer,48,Business Travel,Business,2215,5,5,5,5,3,5,4,4,4,5,4,5,3,4.38,0,0,TRUE
Female,Loyal Customer,56,Personal Travel,Eco,472,4,2,4,3,1,4,4,1,1,4,1,3,2,2.62,0,16,FALSE
Male,Loyal Customer,39,Business Travel,Eco,372,2,5,5,5,2,2,2,2,3,4,4,3,2,3.15,0,0,FALSE
Male,Loyal Customer,15,Personal Travel,Business,305,4,4,4,5,1,4,1,1,3,3,5,5,1,3.15,0,0,FALSE
Female,Loyal Customer,28,Business Travel,Business,3559,3,4,4,4,3,3,3,3,1,3,3,3,3,3.08,29,18,FALSE
Male,Disloyal Customer,48,Business Travel,Business,216,4,4,4,3,1,4,1,1,2,5,1,1,1,2.46,3,1,FALSE
Male,Disloyal Customer,66,Business Travel,Eco,562,1,0,1,4,4,1,4,4,3,3,3,3,4,2.69,0,0,FALSE
Female,Loyal Customer,41,Business Travel,Business,534,3,3,3,3,1,2,5,4,4,4,4,1,2,3,0,0,TRUE
Female,Loyal Customer,45,Personal Travel,Eco,2378,3,2,3,4,3,1,1,4,5,2,3,1,1,2.54,4,4,FALSE
Female,Loyal Customer,63,Business Travel,Business,2889,0,5,0,4,1,2,3,1,1,1,1,4,3,2,0,0,TRUE
Female,Disloyal Customer,34,Business Travel,Eco,399,2,0,2,4,4,2,4,4,5,1,1,5,4,2.92,0,0,FALSE
Female,Loyal Customer,19,Personal Travel,Eco,813,3,4,4,3,4,4,4,4,4,3,3,1,4,3.46,7,1,FALSE
Male,Loyal Customer,15,Personal Travel,Eco,630,2,1,2,2,2,2,2,2,4,2,3,3,2,2.23,0,19,FALSE
Female,Disloyal Customer,43,Business Travel,Business,1616,2,2,2,3,5,2,5,5,3,4,4,4,5,3.54,25,35,FALSE
Female,Loyal Customer,37,Business Travel,Eco Plus,109,4,1,1,1,4,4,4,4,3,3,3,1,4,2.85,0,0,FALSE
Male,Disloyal Customer,23,Business Travel,Eco,187,1,3,1,4,2,1,2,2,1,3,3,1,2,2,34,36,FALSE
Male,Loyal Customer,58,Business Travel,Business,2252,3,3,3,3,5,4,5,5,5,5,5,3,4,4.08,4,1,TRUE
Male,Loyal Customer,56,Business Travel,Business,1529,1,1,1,1,4,5,5,4,4,4,4,3,4,3.15,16,0,TRUE
Female,Loyal Customer,63,Personal Travel,Eco,911,3,4,3,3,5,5,4,2,2,3,2,5,4,3.46,0,0,FALSE
Male,Loyal Customer,59,Business Travel,Business,2957,3,3,3,3,3,5,4,5,5,5,5,5,4,4.08,0,0,TRUE
Male,Loyal Customer,57,Business Travel,Business,2402,3,3,3,3,5,4,4,4,4,4,4,4,3,3.69,0,0,TRUE
Male,Loyal Customer,26,Personal Travel,Eco,777,4,4,4,3,1,4,1,1,3,3,5,4,1,2.92,0,0,FALSE
Male,Loyal Customer,27,Business Travel,Business,919,1,1,1,1,4,4,4,4,5,2,5,4,4,3.08,0,0,TRUE
Female,Loyal Customer,39,Business Travel,Business,2988,1,1,1,1,2,5,5,3,3,4,3,3,5,2.85,25,19,TRUE
Female,Loyal Customer,7,Personal Travel,Eco,837,2,1,2,3,1,2,1,1,2,5,3,2,1,2,2,12,FALSE
Female,Loyal Customer,34,Personal Travel,Eco,297,2,4,2,5,5,2,5,5,4,4,4,5,5,4,68,64,FALSE
Female,Loyal Customer,67,Personal Travel,Eco,646,3,5,3,2,4,5,2,4,4,3,4,3,4,3.54,7,0,FALSE
Female,Loyal Customer,25,Personal Travel,Eco,888,2,5,2,1,1,2,1,1,5,5,5,3,1,2.62,25,3,FALSE
Male,Loyal Customer,58,Personal Travel,Eco,354,2,4,2,1,1,2,2,1,3,5,4,4,1,2.46,0,0,FALSE
Male,Loyal Customer,49,Personal Travel,Eco,578,3,5,3,1,4,3,4,4,4,2,4,3,4,3.38,114,115,FALSE
Male,Loyal Customer,38,Business Travel,Business,1506,1,2,2,2,3,3,4,1,1,2,1,1,4,2.08,16,8,FALSE
Male,Loyal Customer,52,Business Travel,Business,2772,0,4,0,4,3,4,5,1,1,1,1,1,2,2.08,73,79,TRUE
Male,Loyal Customer,68,Personal Travel,Business,399,2,1,2,4,1,3,3,4,4,2,5,4,4,3,0,0,FALSE
Female,Loyal Customer,60,Business Travel,Business,1658,2,2,2,2,3,5,4,5,5,5,5,5,3,3.69,0,0,TRUE
Female,Loyal Customer,51,Personal Travel,Business,570,2,5,2,3,3,5,5,3,3,2,5,5,4,3.62,0,0,FALSE
Male,Loyal Customer,7,Personal Travel,Eco Plus,650,2,3,2,3,1,2,1,1,2,4,3,2,1,2.08,0,0,FALSE
Male,Loyal Customer,46,Personal Travel,Eco,853,1,4,1,3,3,1,3,3,3,1,4,2,3,2.46,22,15,FALSE
Male,Loyal Customer,38,Personal Travel,Eco,430,3,5,3,3,4,3,4,4,5,4,4,4,4,3.85,19,21,FALSE
Female,Loyal Customer,43,Business Travel,Business,1521,2,5,4,5,5,2,1,2,2,2,2,3,1,2.77,11,0,FALSE
Male,Loyal Customer,39,Business Travel,Eco,846,5,5,5,5,5,5,5,1,3,3,3,5,5,4.23,184,174,TRUE
Female,Loyal Customer,22,Business Travel,Business,2857,4,1,1,1,4,4,4,4,1,2,3,1,4,2.62,46,51,FALSE
Female,Loyal Customer,41,Business Travel,Business,937,4,4,4,4,2,5,4,4,4,4,4,4,3,3.85,59,54,TRUE
Female,Loyal Customer,20,Personal Travel,Eco,399,2,4,2,2,2,2,2,2,4,2,5,4,2,2.69,0,10,FALSE
Female,Loyal Customer,44,Business Travel,Business,1809,3,3,3,3,4,4,4,5,3,5,5,4,4,3.85,147,135,TRUE
Male,Loyal Customer,30,Business Travel,Business,2454,5,5,5,5,4,4,4,4,4,5,4,4,4,4.38,0,0,TRUE
Female,Loyal Customer,55,Business Travel,Business,3281,5,5,5,5,3,5,5,5,5,5,5,5,3,4.69,8,0,TRUE
Male,Loyal Customer,38,Business Travel,Business,417,5,2,5,5,5,4,4,4,4,4,4,3,3,4,37,29,TRUE
Female,Loyal Customer,57,Business Travel,Business,139,0,5,0,5,2,5,5,1,1,1,1,3,4,2.54,20,35,TRUE
Female,Loyal Customer,32,Personal Travel,Eco,528,2,4,2,4,4,2,4,4,3,3,4,4,4,3.38,13,8,FALSE
Female,Loyal Customer,59,Personal Travel,Eco Plus,594,2,4,2,4,1,4,3,4,4,2,4,4,4,3.23,0,0,FALSE
Female,Loyal Customer,70,Personal Travel,Eco,1172,4,4,4,1,2,4,4,3,3,4,3,5,3,3.38,0,0,FALSE
Female,Disloyal Customer,45,Business Travel,Business,373,4,4,4,2,5,4,5,5,5,3,5,3,5,4.15,12,19,TRUE
Male,Loyal Customer,29,Business Travel,Business,926,2,2,2,2,4,4,4,4,3,2,4,4,4,3.15,0,18,TRUE
Male,Loyal Customer,31,Business Travel,Business,1783,4,4,4,4,2,2,2,2,3,4,4,5,2,3.23,7,0,TRUE
Female,Loyal Customer,52,Personal Travel,Eco,361,2,2,2,3,1,4,4,1,1,2,1,2,4,2.23,0,0,FALSE
Female,Loyal Customer,52,Personal Travel,Eco,337,1,3,1,3,1,2,2,5,5,2,2,2,2,2.38,167,161,FALSE
Male,Loyal Customer,44,Business Travel,Eco Plus,338,4,2,3,2,4,4,4,4,5,1,3,5,4,3.46,0,0,TRUE
Female,Disloyal Customer,27,Business Travel,Eco,989,3,3,3,3,1,3,1,1,3,4,5,3,1,2.62,0,0,FALSE
Male,Disloyal Customer,27,Business Travel,Eco,493,3,0,3,3,1,3,1,1,3,4,3,4,1,2.31,0,0,FALSE
Female,Loyal Customer,14,Personal Travel,Eco,954,1,1,1,3,1,1,1,1,1,4,4,3,1,1.77,0,0,FALSE
Female,Disloyal Customer,38,Business Travel,Business,733,4,4,4,2,5,4,4,5,5,2,5,3,5,4,69,65,FALSE
Male,Loyal Customer,35,Business Travel,Business,1587,4,4,4,4,1,2,2,5,5,5,5,4,3,3.69,0,7,TRUE
Female,Disloyal Customer,22,Business Travel,Eco,1248,3,3,3,1,4,3,4,4,3,4,4,3,4,3.31,6,3,FALSE
Male,Loyal Customer,50,Business Travel,Business,3822,4,4,4,4,4,5,5,4,4,4,4,4,5,4.23,0,0,TRUE
Male,Loyal Customer,22,Business Travel,Business,2735,2,2,2,2,4,4,4,4,3,4,5,2,4,3.23,0,1,TRUE
Male,Loyal Customer,38,Business Travel,Business,272,3,3,3,3,1,3,3,4,4,4,4,2,3,3.08,0,0,TRUE
Female,Loyal Customer,39,Business Travel,Business,759,5,5,5,5,2,4,4,4,4,4,4,3,4,4.08,0,0,TRUE
Male,Loyal Customer,61,Business Travel,Business,2695,2,4,4,4,3,3,4,2,2,2,2,3,2,2.85,0,0,FALSE
Male,Loyal Customer,46,Business Travel,Business,2983,1,4,4,4,4,3,4,1,1,1,1,4,4,2.77,0,0,FALSE
Female,Loyal Customer,27,Personal Travel,Eco,1506,4,5,4,1,5,4,5,5,4,2,1,1,5,3.54,1,6,FALSE
Female,Disloyal Customer,36,Business Travel,Business,581,3,3,3,2,4,3,4,4,5,3,4,4,4,3.54,0,0,FALSE
Female,Loyal Customer,31,Business Travel,Eco,1770,5,2,2,2,5,5,5,5,1,2,4,4,5,3.62,9,0,TRUE
Male,Loyal Customer,58,Personal Travel,Eco,1145,3,4,3,3,3,3,3,3,3,5,5,3,3,3.38,1,0,FALSE
Female,Loyal Customer,42,Business Travel,Eco,874,4,1,1,1,5,5,4,4,4,4,4,4,2,3.31,0,1,TRUE
Male,Loyal Customer,53,Business Travel,Business,2819,5,5,5,5,3,4,5,4,4,4,4,3,4,4.23,0,0,TRUE
Female,Loyal Customer,57,Business Travel,Eco Plus,308,3,5,4,5,4,3,3,3,3,3,3,3,2,3.38,11,13,FALSE
Female,Loyal Customer,38,Business Travel,Business,2938,3,3,3,3,4,4,5,5,5,5,5,4,3,4,0,1,TRUE
Female,Loyal Customer,25,Business Travel,Business,1897,2,5,5,5,2,2,2,2,4,4,3,4,2,3.23,0,0,FALSE
Male,Loyal Customer,39,Business Travel,Business,436,5,5,5,5,4,4,4,2,2,2,2,5,3,3.69,0,0,TRUE
Male,Loyal Customer,44,Business Travel,Business,282,2,4,4,4,5,3,3,2,2,2,2,3,3,3,4,7,FALSE
Female,Disloyal Customer,33,Business Travel,Eco,214,1,4,1,3,5,1,5,5,1,4,3,3,5,3.15,0,0,FALSE
Female,Loyal Customer,58,Business Travel,Business,2458,1,1,4,1,5,5,4,5,5,5,5,4,4,3.77,11,0,TRUE
Male,Loyal Customer,59,Business Travel,Business,2172,1,1,1,1,3,4,4,5,5,5,5,4,4,3.31,0,0,TRUE
Male,Loyal Customer,53,Business Travel,Business,163,5,5,5,5,2,1,2,4,4,4,4,3,4,3.69,0,0,TRUE
Female,Loyal Customer,46,Business Travel,Business,1797,2,2,2,2,3,5,5,4,4,4,4,5,4,3.54,0,0,TRUE
Female,Loyal Customer,66,Business Travel,Business,2204,2,2,2,2,4,3,4,5,5,5,5,1,1,3.15,0,0,TRUE
Male,Disloyal Customer,30,Business Travel,Eco,836,0,0,0,3,3,0,4,3,3,4,4,1,3,2.15,0,12,TRUE
Male,Loyal Customer,25,Business Travel,Business,2446,1,1,1,1,5,5,5,5,3,3,3,3,5,3.15,1,0,TRUE
Male,Disloyal Customer,32,Business Travel,Eco,541,1,4,1,4,3,1,3,3,3,4,3,4,3,2.85,0,0,FALSE
Female,Disloyal Customer,21,Business Travel,Eco,448,1,2,1,2,4,1,4,4,4,2,3,4,4,2.77,2,0,FALSE
Female,Loyal Customer,36,Business Travel,Business,220,2,2,2,2,3,4,5,5,5,5,4,4,3,3.54,0,0,TRUE
Male,Loyal Customer,42,Business Travel,Business,448,5,5,5,5,3,2,4,4,4,4,4,3,1,3.77,0,0,TRUE
Female,Loyal Customer,53,Business Travel,Business,163,1,1,1,1,4,4,4,4,4,4,5,3,3,3,0,0,TRUE
Male,Loyal Customer,21,Personal Travel,Eco Plus,523,4,4,4,4,4,4,4,4,3,3,5,3,4,3.85,0,0,FALSE
Female,Loyal Customer,50,Business Travel,Business,2610,3,3,3,3,2,5,5,4,4,4,4,3,4,3.62,0,0,TRUE
Female,Loyal Customer,48,Personal Travel,Eco,280,1,2,1,2,5,3,2,5,5,1,5,2,1,2.69,0,9,FALSE
Female,Loyal Customer,69,Personal Travel,Eco,337,2,5,3,1,5,5,5,4,4,3,4,3,3,3.62,0,0,FALSE
Male,Loyal Customer,26,Business Travel,Business,585,3,3,2,3,5,5,5,5,3,5,5,5,5,4.15,0,0,TRUE
Male,Loyal Customer,57,Business Travel,Eco,965,1,2,5,2,1,1,1,1,4,3,4,1,1,2.08,0,0,FALSE
Female,Loyal Customer,21,Business Travel,Business,1728,2,2,2,2,2,2,2,2,2,3,1,4,2,2.15,29,27,FALSE
Male,Disloyal Customer,11,Business Travel,Eco,852,3,3,3,3,1,3,1,1,4,2,3,3,1,2.38,0,3,FALSE
Female,Loyal Customer,25,Personal Travel,Eco,240,3,4,3,3,3,3,3,3,4,4,5,3,3,3.38,0,8,FALSE
Male,Loyal Customer,16,Personal Travel,Eco,794,1,5,1,3,3,1,3,3,3,3,4,4,3,2.85,0,9,FALSE
Female,Disloyal Customer,25,Business Travel,Eco,2586,3,3,3,2,3,1,4,4,3,1,3,4,4,2.92,0,0,FALSE
Male,Loyal Customer,45,Business Travel,Business,316,1,1,4,1,2,5,5,4,4,4,4,3,5,3.31,64,53,TRUE
Male,Disloyal Customer,18,Business Travel,Eco,577,2,5,2,3,1,2,1,1,4,2,3,5,1,2.46,0,0,FALSE
Male,Loyal Customer,43,Business Travel,Business,1897,5,5,4,5,3,5,4,4,4,4,4,3,3,4.08,14,6,TRUE
Female,Loyal Customer,42,Business Travel,Eco,237,2,2,2,2,5,2,3,2,2,2,2,1,2,2.23,30,31,FALSE
Female,Loyal Customer,56,Business Travel,Eco,163,4,1,1,1,4,5,4,4,4,4,4,3,2,3.15,0,0,TRUE
Male,Loyal Customer,54,Business Travel,Business,2553,2,2,1,2,4,5,4,4,4,4,4,4,3,3.31,0,0,TRUE
Male,Loyal Customer,13,Personal Travel,Eco,67,1,4,0,1,4,0,4,4,5,4,4,3,4,2.92,0,0,FALSE
Female,Loyal Customer,61,Business Travel,Business,3930,4,3,4,4,5,5,1,5,5,5,3,5,1,3.85,0,0,TRUE
Female,Disloyal Customer,25,Business Travel,Business,631,3,2,3,4,5,3,5,5,2,2,4,1,5,3.38,0,0,FALSE
Male,Disloyal Customer,27,Business Travel,Eco,1956,3,3,3,3,1,3,1,1,4,2,3,5,1,2.54,2,0,FALSE
Female,Loyal Customer,57,Business Travel,Eco,163,4,4,4,4,5,5,1,4,4,4,4,3,2,3.69,32,37,TRUE
Female,Loyal Customer,51,Business Travel,Eco,1226,2,2,5,2,3,3,5,2,2,2,2,3,4,2.85,0,0,TRUE
Male,Loyal Customer,31,Business Travel,Eco,992,1,5,5,5,1,1,1,1,4,2,2,2,1,2.38,0,0,FALSE
Female,Loyal Customer,43,Business Travel,Eco,184,3,1,1,1,3,2,2,3,3,3,3,3,1,2.23,0,0,FALSE
Male,Loyal Customer,31,Business Travel,Business,1334,1,1,1,1,5,5,5,5,5,4,4,4,5,3.54,0,0,TRUE
Male,Loyal Customer,25,Business Travel,Business,3904,4,4,1,4,5,5,5,5,3,3,4,4,5,4,0,0,TRUE
Male,Loyal Customer,14,Business Travel,Eco,2475,2,3,3,3,2,2,2,2,2,4,2,1,2,2.31,32,10,FALSE
Male,Disloyal Customer,30,Business Travel,Business,1535,2,2,2,1,2,2,2,2,5,2,4,4,2,2.46,17,9,FALSE
Female,Loyal Customer,24,Business Travel,Eco,692,4,1,1,1,4,4,4,4,3,3,4,2,4,3,5,0,TRUE
Male,Loyal Customer,39,Business Travel,Eco,118,1,2,2,2,1,1,1,1,1,4,4,1,1,1.69,0,2,FALSE
Male,Loyal Customer,30,Business Travel,Business,2733,3,4,4,4,3,3,3,3,3,1,3,2,3,3,0,0,FALSE
Female,Loyal Customer,54,Business Travel,Business,577,3,3,3,3,2,5,5,4,4,5,4,5,4,3.85,10,1,TRUE
Female,Loyal Customer,21,Personal Travel,Eco Plus,425,2,1,2,3,1,2,1,1,1,4,4,2,1,1.92,0,0,FALSE
Male,Disloyal Customer,22,Business Travel,Eco,300,2,5,2,3,4,2,4,4,3,2,1,4,4,3.08,0,0,FALSE
Female,Loyal Customer,55,Business Travel,Business,3578,1,1,1,1,2,4,4,5,5,5,5,5,4,3.31,0,0,TRUE
Male,Loyal Customer,17,Personal Travel,Eco,337,1,4,3,5,4,3,4,4,5,3,4,4,4,3.69,2,0,FALSE
Female,Loyal Customer,39,Business Travel,Business,3684,2,5,5,5,3,2,3,2,3,4,3,3,3,3.31,182,160,FALSE
Male,Loyal Customer,36,Business Travel,Business,3739,2,1,4,4,5,1,1,2,2,2,2,2,4,2.46,57,88,FALSE
Male,Disloyal Customer,28,Business Travel,Eco,565,3,4,3,3,1,3,1,1,1,1,3,2,1,2.08,29,9,FALSE
Male,Loyal Customer,50,Business Travel,Business,3077,4,4,4,4,5,5,4,4,4,4,4,3,4,4.08,5,0,TRUE
Male,Loyal Customer,31,Business Travel,Eco,306,5,3,3,3,5,5,5,5,5,2,1,2,5,3.77,4,0,TRUE
Male,Loyal Customer,37,Personal Travel,Eco,1448,4,5,4,3,4,4,1,4,3,4,3,5,4,3.69,14,1,FALSE
Female,Loyal Customer,60,Business Travel,Business,189,3,3,4,3,5,5,4,5,5,5,4,5,3,4.15,0,0,TRUE
Female,Loyal Customer,41,Business Travel,Business,3311,1,1,1,1,2,4,5,4,4,4,5,5,3,3.08,34,28,TRUE
Female,Loyal Customer,40,Business Travel,Business,1924,5,5,5,5,5,5,5,5,5,5,5,5,4,4.92,8,0,TRUE
Male,Loyal Customer,51,Personal Travel,Eco,1475,3,5,3,3,3,3,3,3,5,2,4,4,3,3.38,0,4,FALSE
Female,Loyal Customer,44,Business Travel,Business,3390,2,2,2,2,5,5,4,5,5,5,5,5,5,4,0,0,TRUE
Female,Loyal Customer,44,Business Travel,Eco,395,5,5,5,5,3,2,4,5,5,5,5,5,3,4.38,0,0,TRUE
Male,Loyal Customer,55,Business Travel,Business,2409,2,2,5,5,3,2,3,2,2,2,2,2,4,2.77,44,18,FALSE
Female,Loyal Customer,16,Business Travel,Business,581,2,2,2,2,2,2,2,2,3,1,3,1,2,2,20,16,FALSE
Male,Loyal Customer,24,Business Travel,Business,631,2,2,2,2,4,5,4,4,5,3,5,3,4,3.46,0,0,TRUE
Female,Loyal Customer,48,Business Travel,Business,3194,1,1,1,1,4,4,4,4,4,4,4,4,4,3.08,5,9,TRUE
Male,Loyal Customer,9,Personal Travel,Eco,590,2,4,2,2,5,2,5,5,4,3,4,5,5,3.69,0,0,FALSE
Female,Loyal Customer,26,Personal Travel,Eco,2565,2,3,2,3,5,2,5,5,4,2,3,2,5,3.31,1,0,FALSE
Male,Loyal Customer,11,Personal Travel,Eco,541,5,1,5,2,1,5,1,1,4,3,3,4,1,2.77,0,3,TRUE
Male,Disloyal Customer,38,Business Travel,Business,1187,1,1,1,3,3,1,3,3,2,4,3,2,3,2.31,0,0,FALSE
Male,Loyal Customer,44,Personal Travel,Eco,432,3,3,3,3,5,3,5,5,2,2,3,2,5,3.38,19,11,FALSE
Male,Loyal Customer,53,Business Travel,Eco Plus,551,4,5,5,5,4,4,4,4,1,1,3,1,4,3.46,108,123,FALSE
Female,Loyal Customer,46,Business Travel,Eco,102,2,1,1,1,2,4,4,2,2,2,2,1,2,2,0,0,FALSE
Male,Disloyal Customer,35,Business Travel,Business,927,4,3,3,3,4,3,4,4,4,5,5,5,4,3.92,5,6,FALSE
Female,Loyal Customer,63,Business Travel,Eco,399,2,5,5,5,4,4,3,2,2,2,2,1,3,3.08,0,0,FALSE
Male,Loyal Customer,51,Business Travel,Eco,234,1,5,2,5,1,1,1,1,1,1,3,2,1,1.92,0,15,FALSE
Male,Disloyal Customer,27,Business Travel,Eco,618,2,3,2,3,1,2,1,1,4,3,4,2,1,2.23,55,43,FALSE
Female,Loyal Customer,25,Personal Travel,Eco,581,4,5,4,4,4,4,4,4,5,2,4,5,4,4.08,2,4,TRUE
Male,Loyal Customer,50,Personal Travel,Eco,639,3,5,4,1,3,4,3,3,4,3,5,4,3,3.46,0,0,FALSE
Male,Loyal Customer,49,Personal Travel,Eco,371,1,2,1,4,3,1,3,3,2,5,4,2,3,2.62,0,0,FALSE
Female,Loyal Customer,49,Personal Travel,Eco,319,1,1,3,3,2,4,3,5,5,3,5,2,4,3.15,0,0,FALSE
Female,Loyal Customer,54,Business Travel,Business,3280,3,5,5,5,5,3,3,3,3,3,3,2,3,3.54,0,0,FALSE
Male,Loyal Customer,61,Business Travel,Eco Plus,190,3,1,1,1,3,3,3,3,1,1,3,1,3,2.08,34,29,FALSE
Male,Loyal Customer,43,Business Travel,Business,2198,3,4,4,4,4,2,2,3,3,3,3,2,2,3,0,0,FALSE
Male,Loyal Customer,45,Personal Travel,Eco,588,2,5,2,4,3,2,1,3,2,2,1,4,3,2.62,0,0,FALSE
Female,Loyal Customer,36,Business Travel,Business,3650,1,4,4,4,4,3,4,1,1,1,1,3,4,2.69,0,0,FALSE
Female,Loyal Customer,60,Business Travel,Eco Plus,391,4,1,1,1,2,1,4,4,4,4,4,3,1,2.62,0,0,TRUE
Female,Loyal Customer,40,Business Travel,Eco,427,4,5,5,5,4,4,4,4,2,1,2,3,4,3.62,1,0,TRUE
Female,Disloyal Customer,30,Business Travel,Eco,899,1,2,2,3,2,2,2,2,3,4,4,3,2,2.46,23,21,FALSE
Female,Loyal Customer,66,Personal Travel,Eco,282,1,4,4,4,4,5,4,3,3,4,4,3,4,3.62,0,0,FALSE
Female,Disloyal Customer,24,Business Travel,Eco,109,4,2,4,4,3,4,3,3,4,4,3,3,3,3.38,0,7,FALSE
Male,Disloyal Customer,36,Business Travel,Eco,883,3,3,3,3,2,3,2,2,3,2,4,2,2,2.62,0,0,FALSE
Male,Loyal Customer,60,Personal Travel,Business,2176,4,5,4,1,2,2,1,2,2,4,2,2,4,2.69,0,0,FALSE
Male,Loyal Customer,13,Business Travel,Business,3771,5,5,5,5,3,3,3,3,3,1,1,3,3,3.31,0,0,TRUE
Female,Loyal Customer,41,Business Travel,Business,2951,2,2,2,2,2,4,4,2,2,2,2,5,4,2.69,95,95,TRUE
Female,Disloyal Customer,34,Business Travel,Business,357,4,4,4,3,1,4,1,1,5,5,5,4,1,3.23,13,21,FALSE
Male,Loyal Customer,59,Business Travel,Business,1552,1,1,1,1,2,5,4,5,5,5,5,3,4,3.23,36,31,TRUE
Female,Loyal Customer,10,Business Travel,Eco Plus,862,2,3,3,3,2,2,2,2,4,4,4,4,2,2.85,37,18,FALSE
Male,Loyal Customer,40,Business Travel,Business,2582,1,4,4,4,1,2,2,1,1,1,1,2,1,1.92,0,2,FALSE
Female,Loyal Customer,59,Business Travel,Business,2212,3,1,3,3,4,5,4,5,5,5,5,4,5,4,55,44,TRUE
Male,Loyal Customer,29,Business Travel,Eco Plus,507,4,5,5,5,4,4,4,4,3,1,4,3,4,3.85,0,0,FALSE
Female,Loyal Customer,60,Business Travel,Business,1888,1,1,1,1,5,5,4,4,4,4,4,3,4,3.15,0,0,TRUE
Female,Disloyal Customer,27,Business Travel,Business,1452,3,3,3,3,1,3,4,1,1,5,3,2,1,2.54,0,0,FALSE
Male,Loyal Customer,64,Personal Travel,Eco Plus,1055,3,3,3,3,2,3,2,2,4,3,3,2,2,2.69,20,17,FALSE
Female,Disloyal Customer,27,Business Travel,Business,337,2,2,2,2,1,2,1,1,3,3,5,3,1,2.15,6,0,FALSE
Male,Disloyal Customer,23,Business Travel,Business,224,0,0,0,3,1,0,1,1,2,5,2,3,1,1.46,10,13,TRUE
Male,Disloyal Customer,39,Business Travel,Business,1660,2,2,2,1,5,2,5,5,5,4,4,4,5,3.54,0,6,FALSE
Female,Loyal Customer,44,Personal Travel,Business,946,3,2,3,3,4,3,4,5,5,3,5,2,4,3.54,15,12,FALSE
Male,Loyal Customer,58,Business Travel,Business,1055,4,4,4,4,4,5,5,4,4,4,4,4,4,4.15,10,0,TRUE
Male,Loyal Customer,57,Business Travel,Business,2321,2,2,2,2,4,5,5,4,4,4,4,4,3,3.46,1,0,TRUE
Female,Disloyal Customer,17,Business Travel,Eco,1990,1,1,1,4,3,1,3,3,4,1,3,4,3,2.46,0,0,FALSE
Female,Loyal Customer,37,Business Travel,Eco,864,1,1,3,1,1,2,1,1,2,3,4,4,1,1.92,0,0,FALSE
Male,Disloyal Customer,28,Business Travel,Eco,1235,4,4,4,2,4,4,4,4,1,4,1,4,4,3.38,0,0,FALSE
Female,Loyal Customer,46,Business Travel,Business,2699,5,2,5,5,5,5,5,5,5,5,5,4,4,4.62,0,0,TRUE
Female,Loyal Customer,51,Business Travel,Business,240,4,4,4,4,4,4,4,4,4,4,4,4,3,3.92,2,0,TRUE
Male,Loyal Customer,56,Business Travel,Business,2903,3,3,2,3,4,4,4,4,4,4,4,4,4,3.62,1,0,TRUE
Female,Loyal Customer,39,Business Travel,Business,3848,5,5,5,5,3,5,4,5,5,5,5,3,3,4.46,0,0,TRUE
Female,Disloyal Customer,36,Business Travel,Eco,853,2,2,2,3,2,4,4,3,4,2,2,4,4,2.92,0,34,FALSE
Female,Loyal Customer,47,Business Travel,Business,3781,4,4,4,4,3,3,4,3,3,3,3,2,3,3.31,0,0,TRUE
Male,Loyal Customer,38,Business Travel,Business,671,1,1,1,1,2,4,4,4,4,4,4,5,4,3,24,22,TRUE
Female,Loyal Customer,45,Business Travel,Business,1833,2,2,2,2,4,2,3,2,2,2,2,5,4,2.62,69,99,TRUE
Male,Loyal Customer,48,Business Travel,Business,3873,4,2,4,2,2,2,3,4,4,4,4,1,3,3,0,4,FALSE
Male,Loyal Customer,40,Business Travel,Business,2121,1,1,1,1,4,5,5,5,5,5,5,4,5,3.62,0,0,TRUE
Female,Disloyal Customer,8,Business Travel,Eco,1635,2,2,2,3,4,2,4,4,3,5,5,5,4,3.46,6,0,FALSE
Female,Loyal Customer,67,Personal Travel,Eco,2381,3,2,2,3,5,3,3,1,1,2,1,2,4,2.46,85,61,FALSE
Male,Loyal Customer,27,Personal Travel,Eco,861,2,5,2,1,5,2,5,5,3,5,4,4,5,3.69,7,30,FALSE
Female,Loyal Customer,50,Personal Travel,Eco,581,1,4,1,1,4,5,4,1,1,1,1,3,3,2.31,6,0,FALSE
Male,Loyal Customer,56,Business Travel,Business,1522,1,1,1,1,4,4,5,5,5,5,5,5,5,3.62,0,0,TRUE
Female,Loyal Customer,16,Personal Travel,Eco,787,2,3,2,4,1,2,1,1,3,3,3,4,1,2.31,0,0,FALSE
Male,Loyal Customer,57,Personal Travel,Eco,277,2,3,3,4,1,3,1,1,4,3,4,5,1,2.69,0,0,FALSE
Male,Loyal Customer,60,Business Travel,Business,705,4,4,4,4,3,3,5,4,4,4,4,2,3,3.69,0,0,TRUE
Female,Loyal Customer,29,Business Travel,Eco,1744,5,4,1,4,5,5,5,5,1,4,4,5,5,4.08,0,3,TRUE
Male,Disloyal Customer,26,Business Travel,Business,299,2,0,2,3,3,2,3,3,4,2,4,4,3,2.69,0,8,FALSE
Female,Loyal Customer,59,Business Travel,Eco,271,1,4,4,4,2,3,3,1,1,1,1,4,2,2.38,0,0,FALSE
Female,Loyal Customer,22,Personal Travel,Eco,859,4,4,4,3,3,4,3,3,5,3,4,5,3,3.69,55,52,FALSE
Female,Loyal Customer,45,Business Travel,Business,931,2,2,2,2,5,4,5,2,2,2,2,4,4,2.92,3,0,TRUE
Male,Loyal Customer,55,Personal Travel,Eco,273,4,3,4,4,2,4,2,2,1,3,3,2,2,2.77,0,0,FALSE
Female,Disloyal Customer,17,Business Travel,Eco,403,2,0,2,2,5,2,5,5,2,4,4,2,5,3.08,4,0,FALSE
Female,Loyal Customer,28,Business Travel,Business,2751,3,3,3,3,5,5,5,5,4,5,3,2,5,3.92,0,0,TRUE
Male,Loyal Customer,33,Business Travel,Business,2006,0,4,0,1,4,4,4,4,1,3,5,4,4,2.92,70,102,TRUE
Male,Loyal Customer,53,Personal Travel,Eco,1068,3,1,3,4,5,3,5,5,4,3,4,2,5,3.62,0,19,FALSE
Male,Loyal Customer,55,Business Travel,Business,3611,0,5,0,2,4,5,4,4,4,4,4,3,3,3.23,12,8,TRUE
Female,Loyal Customer,13,Personal Travel,Eco Plus,436,1,1,1,4,2,1,2,2,3,5,3,1,2,2.15,0,0,FALSE
Male,Loyal Customer,52,Business Travel,Business,3984,2,2,2,2,1,3,2,5,5,5,5,2,3,3,0,3,TRUE
Female,Loyal Customer,17,Business Travel,Business,3812,2,2,2,2,5,4,5,5,3,3,4,3,5,3.46,0,0,TRUE
Female,Loyal Customer,13,Personal Travel,Eco,332,3,4,2,2,5,2,1,5,5,3,4,3,5,3.38,1,0,FALSE
Male,Loyal Customer,36,Business Travel,Business,2174,5,5,5,5,5,3,5,4,4,4,4,4,3,4.31,21,0,TRUE
Female,Loyal Customer,47,Business Travel,Business,1995,4,4,4,4,3,4,4,2,2,2,2,5,4,3.38,57,47,TRUE
Male,Disloyal Customer,22,Business Travel,Eco,630,1,3,1,3,1,1,1,1,4,1,2,2,1,1.69,0,46,FALSE
Male,Loyal Customer,42,Personal Travel,Eco,644,3,4,2,3,3,2,3,3,1,2,3,1,3,2.54,0,0,FALSE
Female,Loyal Customer,49,Personal Travel,Eco,647,3,5,3,1,5,5,2,5,5,3,5,1,4,3.62,13,19,FALSE
Female,Loyal Customer,43,Business Travel,Eco,874,5,2,2,2,1,3,3,5,5,5,5,1,4,3.31,0,0,TRUE
Female,Loyal Customer,10,Personal Travel,Eco,328,1,0,1,2,4,1,4,4,4,3,5,5,4,2.92,0,0,FALSE
Male,Loyal Customer,47,Business Travel,Eco,2586,2,4,4,4,2,2,2,4,4,3,4,2,2,3,0,0,FALSE
Female,Loyal Customer,45,Business Travel,Eco,689,3,5,5,5,1,4,5,3,3,3,3,3,3,3.54,0,,TRUE
Male,Disloyal Customer,24,Business Travel,Business,227,4,3,5,2,4,5,4,4,1,2,3,5,4,3.54,0,0,TRUE
Female,Loyal Customer,40,Business Travel,Eco,109,4,5,5,5,4,4,4,4,5,3,2,4,4,4.08,3,5,TRUE
Female,Loyal Customer,28,Personal Travel,Eco,2454,3,2,3,3,3,5,5,1,3,3,4,5,5,3.46,98,70,FALSE
Male,Disloyal Customer,19,Business Travel,Eco,1096,3,3,3,4,3,3,3,3,4,2,3,2,3,3,0,0,FALSE
Male,Loyal Customer,64,Personal Travel,Eco,808,3,4,3,3,5,3,3,5,1,1,3,1,5,3.08,0,0,FALSE
Female,Loyal Customer,8,Personal Travel,Eco,978,0,4,0,2,4,0,1,4,4,2,4,3,4,2.46,12,0,TRUE
Female,Loyal Customer,26,Personal Travel,Eco,594,4,4,4,5,4,4,4,4,4,1,1,1,4,3.38,0,1,FALSE
Male,Loyal Customer,56,Personal Travel,Eco,997,4,4,4,4,2,4,1,2,1,2,4,3,2,2.85,21,18,FALSE
Female,Loyal Customer,57,Personal Travel,Eco,1670,3,4,3,4,5,2,3,3,3,3,3,5,1,3.23,5,0,FALSE
Female,Loyal Customer,58,Business Travel,Eco,460,4,2,2,2,2,2,1,4,4,4,4,3,2,2.77,31,92,FALSE
Male,Loyal Customer,22,Personal Travel,Eco,712,2,4,3,1,1,3,1,1,3,2,4,3,1,2.23,0,25,FALSE
Male,Loyal Customer,51,Business Travel,Business,622,5,5,5,5,3,5,5,4,4,4,4,5,3,4.38,0,0,TRUE
Male,Loyal Customer,50,Business Travel,Business,705,1,1,1,1,5,4,5,4,4,4,4,4,3,3.15,2,0,TRUE
Female,Loyal Customer,18,Business Travel,Business,351,3,1,1,1,3,3,3,3,1,2,4,1,3,2.23,0,0,FALSE
Male,Loyal Customer,28,Personal Travel,Eco,1788,3,5,3,3,3,3,3,3,5,4,3,4,3,3.46,24,11,FALSE
Female,Loyal Customer,58,Business Travel,Business,2076,1,2,2,2,1,2,3,1,1,1,1,4,2,1.77,81,78,FALSE
Female,Loyal Customer,64,Personal Travel,Eco,481,3,4,2,4,2,3,5,2,2,2,2,5,5,3.15,33,16,FALSE
Male,Loyal Customer,56,Business Travel,Business,1428,4,4,4,4,4,2,3,5,5,5,5,5,5,4.23,5,16,TRUE
Female,Loyal Customer,50,Business Travel,Eco,720,4,4,4,4,2,2,5,4,4,4,4,2,1,3.38,0,0,TRUE
Female,Disloyal Customer,28,Business Travel,Business,838,3,3,3,5,4,3,4,4,4,5,4,3,4,3.77,0,0,FALSE
Female,Loyal Customer,52,Business Travel,Business,1663,3,3,3,3,4,5,4,5,5,5,5,4,5,4.15,40,36,TRUE
Female,Loyal Customer,33,Business Travel,Business,1061,2,2,2,2,4,4,4,5,5,5,5,3,4,3.62,0,0,TRUE
Female,Loyal Customer,47,Business Travel,Business,2182,3,3,3,3,5,5,5,5,4,4,5,5,5,4.23,143,117,TRUE
Male,Loyal Customer,48,Business Travel,Business,655,1,1,1,1,4,3,3,4,4,4,4,3,3,2.77,6,37,TRUE
Female,Loyal Customer,65,Personal Travel,Eco,106,2,4,2,5,4,4,4,5,5,2,5,5,4,3.92,0,0,FALSE
Female,Loyal Customer,49,Business Travel,Eco,270,5,5,5,5,1,5,4,5,5,5,5,4,2,4.31,13,14,TRUE
Female,Loyal Customer,51,Business Travel,Business,214,3,3,3,3,3,4,5,5,5,5,4,4,4,3.92,0,0,TRUE
Female,Loyal Customer,42,Business Travel,Business,328,5,2,2,2,1,3,4,5,5,4,5,2,1,3.15,0,0,FALSE
Male,Loyal Customer,7,Personal Travel,Eco,1069,3,5,3,5,2,3,2,2,4,3,5,5,2,3.38,0,0,FALSE
Male,Loyal Customer,45,Business Travel,Business,2025,4,4,2,4,4,5,5,5,5,5,5,3,4,4.23,0,0,TRUE
Female,Loyal Customer,59,Business Travel,Business,957,4,4,4,4,5,5,5,5,5,5,5,3,5,4.54,81,67,TRUE
Female,Disloyal Customer,26,Business Travel,Business,2419,5,5,5,4,2,5,2,2,4,2,3,4,2,3.46,0,0,TRUE
Male,Loyal Customer,61,Personal Travel,Eco,1404,3,1,3,4,4,3,4,4,3,2,4,3,4,3.23,0,0,FALSE
Female,Loyal Customer,61,Business Travel,Eco Plus,321,2,3,3,3,3,2,2,2,2,2,2,3,2,2.38,10,12,FALSE
Male,Loyal Customer,27,Personal Travel,Eco,190,3,3,3,2,4,3,4,4,4,3,2,4,4,3.31,0,0,FALSE
Female,Loyal Customer,14,Personal Travel,Eco,920,1,4,0,3,5,0,5,5,4,4,5,5,5,3.54,12,0,FALSE
Female,Loyal Customer,41,Business Travel,Business,1545,4,4,5,4,2,4,5,3,3,4,3,5,3,3.77,51,43,TRUE
Male,Loyal Customer,25,Business Travel,Business,3923,5,5,5,5,5,5,5,5,3,4,4,4,5,4.62,0,0,TRUE
Male,Loyal Customer,53,Business Travel,Business,630,2,2,2,2,2,2,2,4,3,5,4,2,2,2.62,203,185,TRUE
Female,Loyal Customer,35,Business Travel,Eco,964,4,5,5,5,4,4,4,4,4,4,5,5,4,4.38,0,0,TRUE
Female,Loyal Customer,68,Personal Travel,Eco,806,3,1,3,4,1,3,3,3,3,3,3,4,4,2.92,10,4,FALSE
Female,Loyal Customer,52,Business Travel,Eco,850,4,3,3,3,2,2,4,5,5,4,5,4,3,3.62,61,66,TRUE
Male,Loyal Customer,56,Business Travel,Business,2287,2,2,2,2,5,5,5,5,5,4,4,3,4,3.69,0,12,TRUE
Male,Loyal Customer,79,Business Travel,Eco,106,5,4,4,4,5,5,5,5,1,1,4,5,5,4.08,0,0,TRUE
Male,Loyal Customer,58,Business Travel,Business,153,0,4,0,1,5,4,5,3,3,3,3,3,4,2.92,0,0,TRUE
Male,Disloyal Customer,12,Business Travel,Eco,547,2,5,2,3,5,2,5,5,4,2,5,4,5,3.77,1,1,FALSE
Female,Loyal Customer,23,Business Travel,Business,763,3,4,1,4,3,3,3,3,1,2,3,1,3,2.62,0,0,FALSE
Female,Loyal Customer,57,Business Travel,Eco,775,2,1,1,1,2,4,3,2,2,2,2,1,4,2.08,0,0,FALSE
Female,Loyal Customer,28,Business Travel,Eco,868,3,1,1,1,3,3,3,3,4,5,4,1,3,2.69,0,0,FALSE
Male,Loyal Customer,35,Business Travel,Business,1733,1,1,1,1,4,5,4,4,4,4,4,4,4,3.15,0,0,TRUE
Male,Loyal Customer,54,Personal Travel,Eco,1123,3,1,3,4,1,3,1,1,4,3,2,2,1,2.23,0,0,FALSE
Female,Loyal Customer,58,Business Travel,Eco,1609,4,3,3,3,4,3,4,4,4,4,4,4,2,3.54,75,68,TRUE
Male,Loyal Customer,50,Personal Travel,Eco Plus,429,4,1,4,3,5,4,3,5,4,2,4,2,5,3.54,0,0,FALSE
Male,Disloyal Customer,50,Business Travel,Business,1079,3,3,3,3,5,3,5,5,2,3,2,1,5,3.31,14,26,FALSE
Female,Loyal Customer,61,Personal Travel,Eco,896,1,5,1,3,3,4,5,2,2,1,2,3,5,2.85,0,0,FALSE
Male,Loyal Customer,50,Business Travel,Business,3541,2,2,2,2,5,2,2,5,5,5,5,4,4,3.46,11,23,TRUE
Male,Loyal Customer,52,Business Travel,Business,1744,1,1,1,1,3,5,4,5,5,5,5,3,5,3.38,0,0,TRUE
Male,Loyal Customer,50,Business Travel,Business,3116,4,5,5,5,2,3,3,4,4,4,4,4,1,3.69,7,0,FALSE
Male,Loyal Customer,47,Business Travel,Business,552,1,1,1,1,5,4,4,4,4,4,4,3,3,3,0,0,TRUE
Male,Loyal Customer,30,Business Travel,Business,370,2,2,2,2,5,4,5,5,5,3,3,2,5,3.46,23,27,TRUE
Male,Loyal Customer,42,Personal Travel,Eco Plus,543,3,4,3,3,1,3,3,1,5,4,5,4,1,3.08,17,10,FALSE
Female,Loyal Customer,15,Personal Travel,Eco,657,4,4,5,3,2,5,2,2,2,4,3,1,2,3,0,0,FALSE
Male,Loyal Customer,61,Personal Travel,Eco,2419,0,5,0,4,4,0,4,4,5,5,3,3,4,3.15,2,0,TRUE
Male,Loyal Customer,35,Business Travel,Business,447,4,4,4,4,5,1,2,4,4,4,4,1,3,3.38,0,0,TRUE
Female,Loyal Customer,46,Personal Travel,Eco,170,1,5,1,2,2,5,4,4,4,1,4,3,3,3,0,0,FALSE
Male,Loyal Customer,36,Business Travel,Business,2514,2,4,4,4,4,3,3,2,2,2,2,4,1,2.85,45,45,FALSE
Female,Loyal Customer,56,Business Travel,Business,3591,4,4,4,4,5,4,5,4,4,4,4,5,5,4.31,0,0,TRUE
Male,Loyal Customer,17,Personal Travel,Business,393,2,3,2,3,4,2,4,4,2,4,4,2,4,3.08,3,5,FALSE
Female,Loyal Customer,46,Personal Travel,Eco,678,3,4,3,3,3,5,5,2,2,3,2,3,4,3.23,3,17,FALSE
Female,Disloyal Customer,27,Business Travel,Eco,534,3,2,3,3,2,3,2,2,4,3,3,2,2,2.62,23,44,FALSE
Male,Loyal Customer,34,Business Travel,Business,301,4,4,4,4,4,1,1,5,5,5,5,3,5,3.85,0,0,TRUE
Male,Loyal Customer,46,Business Travel,Business,2135,3,5,5,5,3,4,4,3,3,3,3,1,2,3.38,0,0,FALSE
Female,Loyal Customer,28,Business Travel,Business,1773,2,4,4,4,2,2,2,2,1,3,4,1,2,2.54,0,0,FALSE
Female,Disloyal Customer,41,Business Travel,Eco,1269,3,3,3,3,1,3,1,1,1,5,3,2,1,2.31,0,0,FALSE
Male,Loyal Customer,55,Business Travel,Business,2328,2,2,2,2,2,4,3,2,2,2,2,1,4,2.31,7,1,FALSE
Male,Loyal Customer,43,Business Travel,Business,978,5,3,5,5,4,4,4,5,5,5,5,3,4,4.38,0,0,TRUE
Female,Disloyal Customer,20,Business Travel,Business,862,0,0,0,2,3,0,3,3,5,5,5,5,3,2.62,0,0,TRUE
Male,Disloyal Customer,33,Business Travel,Business,391,2,2,2,4,5,2,5,5,3,5,5,3,5,3.69,53,78,FALSE
Male,Loyal Customer,53,Personal Travel,Eco Plus,589,4,5,4,3,5,4,5,5,4,5,4,3,5,4.31,0,0,TRUE
Male,Loyal Customer,45,Personal Travel,Eco,834,1,4,1,1,1,1,1,1,3,3,4,3,1,1.92,0,0,FALSE
Male,Disloyal Customer,32,Business Travel,Eco,412,3,0,3,4,2,3,2,2,1,5,1,1,2,2.23,0,0,FALSE
Female,Loyal Customer,58,Business Travel,Eco,463,4,4,4,4,4,1,1,4,4,4,4,4,3,3.46,0,0,TRUE
Male,Loyal Customer,57,Business Travel,Eco,101,4,2,4,4,4,4,4,4,3,5,2,2,4,3.54,0,0,TRUE
Female,Loyal Customer,67,Personal Travel,Eco,153,2,2,2,4,2,3,3,2,2,2,2,3,3,2.46,0,0,FALSE
Male,Loyal Customer,63,Personal Travel,Eco,2136,3,4,3,4,2,3,2,2,2,2,3,4,2,2.77,1,3,FALSE
Male,Loyal Customer,58,Business Travel,Business,3339,4,2,2,2,3,4,3,4,4,4,4,1,2,3,0,0,FALSE
Female,Loyal Customer,38,Business Travel,Business,1085,1,1,1,1,3,5,4,4,4,4,4,4,5,3.15,8,0,TRUE
Male,Loyal Customer,39,Business Travel,Business,446,5,5,5,5,5,5,4,4,4,4,4,3,3,4.31,0,0,TRUE
Male,Loyal Customer,56,Business Travel,Business,2932,2,2,2,2,5,4,5,5,5,5,5,3,4,3.77,0,0,TRUE
Male,Loyal Customer,48,Business Travel,Eco,1874,5,2,2,2,5,5,5,5,4,1,4,4,5,3.77,0,0,TRUE
Female,Loyal Customer,34,Personal Travel,Eco,821,4,1,4,4,4,4,4,4,3,5,3,1,4,3.46,0,6,FALSE
Male,Loyal Customer,44,Business Travel,Eco,1050,4,5,5,5,4,4,4,4,1,5,2,3,4,3.85,0,0,TRUE
Female,Loyal Customer,23,Business Travel,Business,2863,3,3,3,3,4,4,4,4,5,1,1,4,4,3.31,42,47,TRUE
Female,Loyal Customer,26,Business Travel,Business,3750,1,1,1,1,5,5,5,5,3,3,5,5,5,3.46,0,0,TRUE
Male,Loyal Customer,51,Business Travel,Business,2662,1,3,3,3,4,3,3,3,3,2,1,2,2,2.54,2,9,FALSE
Female,Disloyal Customer,43,Business Travel,Eco,577,3,0,4,4,1,4,1,1,3,3,3,1,1,2.23,32,46,FALSE
Female,Loyal Customer,59,Personal Travel,Eco,1165,3,2,3,3,4,3,3,4,4,3,4,3,2,3.15,5,21,FALSE
Female,Loyal Customer,32,Business Travel,Eco,646,5,3,3,3,5,4,5,5,2,4,2,2,5,3.69,16,0,FALSE
Male,Loyal Customer,42,Business Travel,Business,3447,2,1,1,1,3,3,4,2,2,2,2,3,1,2.08,30,33,FALSE
Male,Loyal Customer,54,Business Travel,Business,2310,5,5,5,5,3,5,4,5,5,5,5,4,3,4.54,0,0,TRUE
Male,Loyal Customer,56,Business Travel,Eco,1754,2,1,1,1,2,2,2,2,2,1,4,1,2,1.77,0,0,FALSE
Male,Loyal Customer,64,Business Travel,Business,308,5,5,5,5,4,1,3,5,5,5,5,3,2,4.08,0,0,TRUE
Male,Loyal Customer,52,Business Travel,Eco,337,5,1,2,1,5,5,5,5,4,5,4,4,5,3.92,0,0,TRUE
Male,Loyal Customer,55,Business Travel,Business,964,3,3,3,3,3,4,5,5,5,5,5,5,5,4.15,0,0,TRUE
Male,Loyal Customer,9,Business Travel,Business,3488,2,1,1,1,2,2,2,2,4,1,3,3,2,2,85,106,FALSE
Male,Loyal Customer,46,Business Travel,Business,1796,3,3,3,3,5,4,4,4,4,4,4,5,5,3.92,0,0,TRUE
Male,Loyal Customer,31,Personal Travel,Eco,361,3,4,3,4,3,3,3,3,3,2,5,4,3,3.31,1,32,FALSE
Female,Loyal Customer,48,Business Travel,Business,651,2,2,2,2,5,4,4,4,4,4,4,3,4,3.38,0,0,TRUE
Male,Loyal Customer,55,Business Travel,Eco,277,2,4,4,4,2,2,2,2,2,4,4,1,2,2.69,7,13,FALSE
Male,Disloyal Customer,48,Business Travel,Eco,667,2,2,2,2,3,2,3,3,1,2,3,4,3,2.46,0,0,FALSE
Female,Loyal Customer,13,Personal Travel,Eco,762,1,5,1,4,2,1,2,2,4,3,5,4,2,2.77,0,6,FALSE
Male,Loyal Customer,47,Business Travel,Business,1731,3,3,5,3,4,2,2,3,3,3,3,4,2,3.08,0,17,FALSE
Male,Loyal Customer,44,Personal Travel,Eco,1514,2,5,2,3,5,2,5,5,5,5,4,3,5,3.92,0,0,FALSE
Male,Disloyal Customer,19,Business Travel,Eco,641,4,4,4,4,3,4,3,3,1,1,4,1,3,3,49,56,FALSE
Female,Loyal Customer,37,Business Travel,Eco,548,1,1,1,1,1,1,1,1,3,3,4,2,1,1.62,0,0,FALSE
Male,Loyal Customer,72,Business Travel,Eco,1086,3,1,1,1,3,3,3,3,3,3,4,4,3,2.69,0,0,FALSE
Female,Loyal Customer,39,Business Travel,Business,187,1,1,1,1,3,3,2,3,3,3,1,1,3,2,0,0,FALSE
Female,Loyal Customer,50,Business Travel,Business,1258,2,2,2,2,5,5,5,5,5,5,5,5,4,4,0,0,TRUE
Male,Disloyal Customer,46,Business Travel,Business,2565,3,4,4,3,2,3,2,2,5,5,4,4,2,3.31,0,0,FALSE
Male,Loyal Customer,41,Business Travel,Business,2802,0,0,0,1,5,5,4,1,1,1,1,4,3,2,15,12,TRUE
Female,Loyal Customer,31,Business Travel,Business,3388,0,0,0,1,5,5,5,5,1,2,3,4,5,2.77,0,0,TRUE
Female,Loyal Customer,39,Business Travel,Eco,516,3,5,5,5,3,2,3,3,4,1,4,1,3,3.23,4,23,FALSE
Male,Loyal Customer,37,Business Travel,Eco,475,4,2,2,2,4,4,4,1,1,3,5,4,4,3.08,291,310,TRUE
Female,Loyal Customer,34,Business Travel,Business,2636,3,3,3,3,1,3,5,4,4,4,4,1,5,3.31,0,0,TRUE
Male,Loyal Customer,34,Personal Travel,Eco,888,3,4,3,3,4,3,4,4,3,5,4,4,4,3.69,47,57,FALSE
Female,Loyal Customer,54,Business Travel,Business,3277,3,3,5,3,5,5,5,4,4,5,4,5,5,4.31,0,0,TRUE
Female,Loyal Customer,49,Personal Travel,Eco,1069,1,2,1,2,5,2,3,3,3,1,3,2,4,2.46,41,46,FALSE
Female,Loyal Customer,29,Personal Travel,Eco,2586,2,2,2,4,2,2,2,4,3,4,3,2,2,2.62,0,0,FALSE
Male,Loyal Customer,41,Business Travel,Eco,448,4,5,5,5,3,4,3,3,2,3,5,3,3,3.69,7,0,TRUE
Male,Loyal Customer,30,Personal Travel,Eco,1180,3,2,3,2,3,3,3,3,3,3,3,1,3,2.69,0,26,FALSE
Male,Loyal Customer,9,Personal Travel,Eco,813,4,2,4,3,4,4,4,4,1,2,3,3,4,3.23,0,9,FALSE
Female,Loyal Customer,45,Business Travel,Business,3179,5,5,5,5,5,5,4,4,4,4,4,4,3,4.38,8,3,TRUE
Male,Disloyal Customer,19,Business Travel,Eco,1249,4,4,4,1,2,4,2,2,2,5,2,5,2,3,0,3,TRUE
Female,Disloyal Customer,40,Business Travel,Business,237,3,4,4,4,3,4,3,3,3,5,3,1,3,3.31,2,2,FALSE
Male,Disloyal Customer,26,Business Travel,Eco,1590,1,1,1,4,5,1,5,5,4,4,4,3,5,3.31,0,0,FALSE
Female,Loyal Customer,39,Personal Travel,Eco,1735,1,5,1,5,1,1,1,1,4,5,3,5,1,2.62,23,0,FALSE
Male,Loyal Customer,44,Personal Travel,Eco,377,2,4,2,5,5,2,5,5,3,5,5,5,5,4.08,0,0,FALSE
Male,Loyal Customer,40,Business Travel,Business,1379,3,3,3,3,2,5,4,3,3,3,3,3,5,3.31,4,0,TRUE
Female,Loyal Customer,56,Business Travel,Business,251,0,0,0,5,2,4,5,1,1,1,1,3,5,2.15,1,0,TRUE
Female,Loyal Customer,43,Business Travel,Business,539,2,2,2,2,2,5,5,4,4,4,4,5,3,3.38,0,0,TRUE
Female,Loyal Customer,56,Business Travel,Business,1607,2,2,2,2,4,4,3,5,5,5,5,1,3,3.31,0,0,TRUE
Male,Loyal Customer,67,Business Travel,Eco,871,5,2,2,2,5,5,5,5,5,4,2,4,5,3.92,33,26,TRUE
Male,Disloyal Customer,22,Business Travel,Business,733,4,3,4,1,4,4,4,4,5,2,4,4,4,3.62,2,0,TRUE
Female,Disloyal Customer,57,Business Travel,Eco,665,4,4,4,3,2,4,1,2,4,5,4,3,2,3.23,37,91,FALSE
Female,Loyal Customer,30,Business Travel,Business,1262,5,5,5,5,5,5,5,5,3,4,4,3,5,4.54,0,0,TRUE
Male,Loyal Customer,54,Business Travel,Business,2175,4,4,4,4,3,4,5,5,5,5,5,3,3,4.15,129,128,TRUE
Female,Loyal Customer,53,Business Travel,Business,3217,1,1,4,1,5,5,4,5,5,5,5,3,5,3.77,56,42,TRUE
Male,Loyal Customer,23,Business Travel,Business,2080,3,1,1,1,1,1,3,1,3,2,3,2,1,1.77,29,27,FALSE
Male,Loyal Customer,24,Personal Travel,Eco,2172,3,4,3,2,1,3,1,1,3,2,4,5,1,2.54,0,0,FALSE
Male,Loyal Customer,9,Personal Travel,Eco,594,2,2,3,2,3,3,3,3,1,5,3,1,3,2.62,0,0,FALSE
Male,Loyal Customer,49,Business Travel,Business,200,2,2,2,2,1,1,2,4,4,4,3,2,3,2.46,26,23,TRUE
Male,Disloyal Customer,20,Business Travel,Business,268,0,0,0,3,5,0,5,5,4,5,5,5,5,3.23,0,9,TRUE
Female,Loyal Customer,23,Personal Travel,Business,102,2,5,2,3,3,2,3,3,4,5,4,3,3,3.23,0,0,FALSE
Male,Loyal Customer,34,Business Travel,Business,1009,1,1,1,1,3,4,5,5,5,5,5,4,5,3.46,23,3,TRUE
Female,Loyal Customer,39,Business Travel,Eco,402,2,3,2,3,2,2,2,2,4,4,3,2,2,2.54,0,0,TRUE
Female,Loyal Customer,47,Personal Travel,Eco,236,2,5,2,5,3,5,5,5,5,2,5,4,4,4,0,0,FALSE
Female,Loyal Customer,30,Business Travel,Business,3754,3,3,3,3,4,4,4,4,4,4,5,4,4,3.77,0,0,TRUE
Male,Loyal Customer,45,Business Travel,Business,2089,5,2,5,5,2,5,5,4,4,5,4,5,4,4.23,0,11,TRUE
Male,Loyal Customer,27,Business Travel,Business,1658,5,5,5,5,4,4,4,4,4,2,5,4,4,4.23,3,0,TRUE
Male,Loyal Customer,56,Business Travel,Business,2118,0,0,0,4,5,1,2,2,2,2,2,3,3,2,12,5,TRUE
Female,Disloyal Customer,25,Business Travel,Business,589,0,0,1,4,4,1,4,4,3,2,5,4,4,2.77,0,2,TRUE
Male,Loyal Customer,27,Business Travel,Eco Plus,2419,3,4,4,4,3,3,3,3,2,1,2,2,3,2.85,0,0,FALSE
Female,Loyal Customer,36,Business Travel,Eco,1452,2,3,2,2,2,2,2,2,1,1,4,2,2,2.08,0,0,FALSE
Male,Loyal Customer,39,Personal Travel,Eco,1211,3,5,2,2,3,2,3,3,2,5,3,2,3,2.92,0,5,FALSE
Female,Disloyal Customer,30,Business Travel,Eco,1091,3,3,3,4,5,3,5,5,2,3,4,1,5,3.54,0,0,FALSE
Male,Loyal Customer,27,Business Travel,Business,1585,4,4,4,4,5,5,5,5,3,3,4,5,5,4.31,0,0,TRUE
Male,Loyal Customer,30,Personal Travel,Eco,305,4,4,4,1,4,4,4,4,4,3,5,5,4,3.85,85,75,FALSE
Male,Loyal Customer,32,Personal Travel,Eco,802,4,3,4,3,2,4,2,2,1,2,3,5,2,2.85,35,17,FALSE
Female,Loyal Customer,50,Business Travel,Business,134,1,5,5,5,3,1,2,1,1,1,1,3,3,2.46,61,49,FALSE
Male,Loyal Customer,41,Business Travel,Business,2740,5,5,5,5,1,4,1,4,4,4,4,2,5,3.77,0,0,TRUE
Male,Loyal Customer,69,Personal Travel,Eco Plus,364,4,2,4,3,4,4,4,4,2,3,3,3,4,3.38,0,7,FALSE
Female,Loyal Customer,46,Business Travel,Business,1158,2,2,2,2,3,5,4,3,3,4,3,4,4,3.15,0,0,TRUE
Male,Loyal Customer,21,Personal Travel,Eco,951,2,4,2,5,3,2,3,3,2,5,5,4,3,3.31,0,0,FALSE
Female,Loyal Customer,27,Business Travel,Business,1727,3,3,3,3,5,5,5,5,4,5,5,5,5,4.31,0,10,TRUE
Female,Disloyal Customer,22,Business Travel,Eco,361,4,0,4,4,4,4,4,4,3,5,3,1,4,3.38,0,9,FALSE
Male,Loyal Customer,30,Business Travel,Business,2310,3,1,1,1,3,3,3,3,1,4,4,4,3,2.62,0,0,FALSE
Female,Loyal Customer,44,Business Travel,Business,1755,2,1,1,1,4,2,2,2,2,2,2,2,1,1.85,94,85,FALSE
Female,Disloyal Customer,21,Business Travel,Eco,101,3,1,3,3,3,3,3,3,2,5,4,1,3,2.85,0,0,FALSE
Male,Loyal Customer,61,Business Travel,Business,3936,3,3,3,3,2,5,5,5,5,5,5,5,3,4,0,0,TRUE
Female,Disloyal Customer,25,Business Travel,Business,489,4,5,4,2,1,4,1,1,5,3,5,4,1,3.08,0,1,TRUE
Female,Loyal Customer,45,Personal Travel,Eco,516,3,4,3,3,3,5,2,5,5,3,5,2,2,3.46,102,95,FALSE
Female,Loyal Customer,48,Business Travel,Eco Plus,2092,2,2,2,2,2,3,3,2,2,2,2,1,4,2.23,37,38,FALSE
Female,Loyal Customer,45,Business Travel,Business,1758,4,4,4,4,5,4,4,5,5,5,5,3,3,4.23,0,0,TRUE
Female,Disloyal Customer,44,Business Travel,Eco,1269,2,2,2,4,4,2,4,4,3,1,5,4,4,3.15,22,12,FALSE
Male,Loyal Customer,59,Business Travel,Business,1604,5,1,5,5,5,5,4,5,5,5,5,3,3,4.31,92,76,TRUE
Male,Loyal Customer,31,Business Travel,Eco Plus,1107,5,4,4,4,5,5,5,5,2,4,4,1,5,4.08,0,0,TRUE
Female,Loyal Customer,42,Business Travel,Business,231,4,4,4,4,5,4,4,5,5,5,5,5,4,4.46,8,6,TRUE
Male,Loyal Customer,46,Business Travel,Business,3969,1,4,4,4,4,4,4,1,1,1,1,4,2,2.69,0,0,FALSE
Male,Loyal Customer,39,Business Travel,Eco,936,4,4,4,4,4,3,4,4,4,4,4,2,4,3.77,14,12,FALSE
Male,Loyal Customer,54,Personal Travel,Eco,157,2,4,2,2,2,2,2,2,3,4,4,3,2,2.62,0,,FALSE
Male,Loyal Customer,44,Business Travel,Business,2619,1,2,1,1,4,4,4,5,5,4,5,3,3,3.23,18,17,TRUE
Female,Loyal Customer,59,Personal Travel,Eco,785,2,5,2,4,4,4,5,3,3,2,3,4,3,3.38,0,0,FALSE
Male,Loyal Customer,46,Personal Travel,Eco,364,2,4,2,3,3,2,3,3,5,5,4,4,3,3.31,9,16,FALSE
Male,Loyal Customer,38,Personal Travel,Eco,362,1,2,5,2,3,5,3,3,3,1,3,4,3,2.92,41,31,FALSE
Female,Loyal Customer,17,Business Travel,Eco Plus,794,1,3,3,3,1,1,2,1,1,1,3,3,1,1.85,30,33,FALSE
Male,Loyal Customer,59,Business Travel,Business,1978,4,4,3,4,5,5,5,4,4,4,4,5,5,4.31,0,0,TRUE
Male,Loyal Customer,9,Personal Travel,Eco,134,3,4,3,2,4,3,4,4,5,2,5,3,4,3.54,0,0,FALSE
Female,Loyal Customer,46,Personal Travel,Eco,2106,2,3,2,3,3,4,3,4,4,2,4,1,1,2.77,0,7,FALSE
Male,Loyal Customer,54,Personal Travel,Eco,450,4,5,4,3,3,4,3,3,4,2,4,4,3,3.54,0,0,FALSE
Male,Loyal Customer,43,Business Travel,Business,1562,5,5,4,5,2,5,4,4,4,5,4,4,5,4.31,0,0,TRUE
Male,Loyal Customer,20,Business Travel,Eco,1166,1,3,3,3,1,1,3,1,2,4,3,3,1,2.23,0,25,FALSE
Female,Loyal Customer,34,Business Travel,Business,1932,4,4,4,4,2,5,5,4,4,4,4,3,5,4,0,0,TRUE
Female,Loyal Customer,39,Business Travel,Business,902,4,4,4,4,2,2,5,5,5,5,5,1,1,3.62,42,23,TRUE
Male,Loyal Customer,57,Business Travel,Business,2286,2,5,2,2,4,5,4,4,4,4,4,4,3,3.62,0,1,TRUE
Male,Loyal Customer,48,Business Travel,Business,2967,3,3,4,3,3,5,5,5,5,5,5,5,2,4.08,1,2,TRUE
Male,Disloyal Customer,20,Business Travel,Eco,285,2,4,3,5,4,3,4,4,5,2,5,5,4,3.85,0,0,FALSE
Male,Disloyal Customer,44,Business Travel,Business,363,3,3,3,3,2,3,2,2,4,3,3,1,2,2.62,14,18,FALSE
Female,Loyal Customer,44,Personal Travel,Business,1576,1,4,1,1,3,5,4,3,3,1,3,3,5,2.85,0,0,FALSE
Male,Disloyal Customer,27,Business Travel,Business,507,2,2,2,1,5,2,5,5,3,2,5,4,5,3.31,0,0,FALSE
Male,Loyal Customer,36,Business Travel,Business,2657,2,2,2,2,4,4,4,4,4,4,4,4,3,3.31,0,0,TRUE
Female,Loyal Customer,33,Business Travel,Business,74,0,4,0,4,5,4,4,4,4,4,4,5,3,3.46,0,0,TRUE
Female,Loyal Customer,38,Business Travel,Business,1587,4,4,4,4,2,5,4,4,4,4,4,3,4,3.85,0,3,TRUE
Male,Loyal Customer,13,Personal Travel,Eco,364,3,4,3,2,5,3,5,5,3,4,4,4,5,3.85,0,15,FALSE
Male,Loyal Customer,9,Business Travel,Eco,605,1,3,3,3,1,1,3,1,4,1,3,2,1,2.08,0,0,FALSE
Male,Loyal Customer,55,Personal Travel,Eco,1444,4,2,4,2,5,4,5,5,3,4,1,4,5,3.69,3,0,FALSE
Male,Disloyal Customer,39,Business Travel,Eco,196,3,1,3,4,5,3,5,5,1,1,4,3,5,3.31,0,0,FALSE
Female,Loyal Customer,53,Business Travel,Business,554,2,2,2,2,2,5,4,5,5,5,5,3,3,3.46,28,35,TRUE
Male,Loyal Customer,23,Business Travel,Business,3473,3,3,3,3,5,5,5,5,3,4,5,5,5,4.15,0,0,TRUE
Female,Loyal Customer,31,Business Travel,Business,370,2,2,2,2,5,5,5,5,4,2,5,5,5,3.77,16,9,TRUE
Female,Loyal Customer,46,Personal Travel,Eco,192,2,5,0,1,3,5,4,2,2,0,2,3,3,2.46,0,9,FALSE
Female,Loyal Customer,21,Personal Travel,Eco,377,1,1,1,2,1,2,4,3,4,2,3,4,4,2.46,315,297,FALSE
Male,Loyal Customer,41,Business Travel,Business,3965,4,4,2,4,3,4,4,2,2,3,2,4,4,3.23,33,5,TRUE
Female,Loyal Customer,44,Personal Travel,Business,1428,3,4,3,2,5,5,4,2,2,3,2,3,4,3.23,0,0,FALSE
Male,Loyal Customer,35,Personal Travel,Eco,370,2,3,2,3,1,2,1,1,2,1,3,3,1,1.92,0,8,FALSE
Male,Loyal Customer,53,Business Travel,Business,1756,3,3,3,3,3,1,5,4,4,4,5,2,4,3.38,0,0,TRUE
Male,Loyal Customer,40,Business Travel,Business,192,1,1,1,1,3,4,4,5,5,5,4,4,4,3.23,56,48,TRUE
Female,Disloyal Customer,45,Business Travel,Eco,616,2,4,2,4,2,2,2,2,1,4,3,4,2,2.62,0,0,FALSE
Female,Loyal Customer,27,Personal Travel,Eco Plus,1721,1,4,1,4,1,1,5,1,2,2,2,4,1,2.23,3,16,FALSE
Male,Loyal Customer,51,Personal Travel,Eco,67,2,5,2,1,5,2,5,5,5,4,5,4,5,3.85,3,18,FALSE
Female,Loyal Customer,58,Business Travel,Business,143,1,4,3,4,5,2,1,3,3,3,1,3,1,2.62,0,0,FALSE
Female,Loyal Customer,39,Business Travel,Business,2865,1,5,5,5,2,4,3,1,1,1,1,1,1,2.38,0,0,FALSE
Female,Loyal Customer,52,Business Travel,Business,872,4,4,4,4,4,4,4,4,4,4,4,4,3,3.92,74,65,TRUE
Female,Loyal Customer,43,Business Travel,Business,3696,4,4,4,4,2,5,5,5,5,5,5,5,5,4.46,24,30,TRUE
Female,Loyal Customer,21,Personal Travel,Eco,1428,3,4,3,5,5,3,5,5,4,3,4,3,5,4,0,17,FALSE
Male,Loyal Customer,18,Personal Travel,Eco,326,4,2,4,3,2,4,2,2,4,2,4,3,2,2.92,63,58,FALSE
Female,Loyal Customer,46,Business Travel,Business,1887,5,5,1,5,4,5,5,3,3,2,3,4,4,3.77,112,108,TRUE
Female,Loyal Customer,30,Business Travel,Eco,102,4,2,1,2,4,4,4,4,1,2,1,5,4,2.92,0,0,TRUE
Male,Loyal Customer,47,Business Travel,Business,73,2,2,2,2,3,4,4,4,4,4,5,3,4,3.31,71,66,TRUE
Female,Disloyal Customer,9,Business Travel,Eco,868,3,3,3,4,3,3,3,3,4,2,2,3,3,3,65,59,FALSE
Female,Loyal Customer,54,Personal Travel,Eco,1246,5,2,5,4,3,4,4,4,4,5,4,4,1,3.77,8,0,TRUE
Female,Loyal Customer,39,Personal Travel,Eco,212,4,1,4,1,3,4,2,3,1,2,2,2,3,2.46,4,0,FALSE
Male,Loyal Customer,55,Personal Travel,Eco,463,3,4,2,1,1,2,1,1,3,2,4,4,1,2.23,0,0,FALSE
Female,Loyal Customer,30,Business Travel,Business,1269,3,4,4,4,3,3,3,3,4,1,4,3,3,3.23,0,8,FALSE
Female,Loyal Customer,37,Personal Travel,Eco,1448,5,2,5,3,4,5,4,4,4,4,3,1,4,3.69,14,0,TRUE
Female,Loyal Customer,19,Personal Travel,Eco,472,3,3,3,4,4,3,4,4,1,1,4,4,4,3.23,35,23,FALSE
Female,Loyal Customer,45,Business Travel,Business,3551,2,5,5,5,4,4,4,2,2,2,2,4,4,3.46,3,5,FALSE
Female,Loyal Customer,41,Personal Travel,Business,594,3,5,3,4,4,5,4,1,1,3,1,4,4,3.23,0,0,FALSE
Female,Loyal Customer,35,Business Travel,Business,997,3,5,2,2,2,3,4,3,3,3,3,1,1,2.69,0,0,FALSE
Male,Disloyal Customer,12,Business Travel,Eco,577,2,4,2,3,1,2,1,1,4,2,4,5,1,2.46,0,0,FALSE
Female,Loyal Customer,52,Personal Travel,Eco,594,3,2,3,3,5,2,3,3,3,3,3,4,3,3.08,0,25,FALSE
Female,Loyal Customer,59,Business Travel,Business,3038,1,1,1,1,3,5,5,5,5,5,5,5,4,3.54,0,0,TRUE
Male,Loyal Customer,44,Business Travel,Eco,109,5,1,1,1,5,5,5,5,5,2,4,5,5,3.77,5,42,TRUE
Male,Loyal Customer,45,Business Travel,Business,1828,3,3,3,3,1,5,4,5,5,5,5,3,2,3.62,0,0,TRUE
Female,Loyal Customer,22,Business Travel,Eco,544,3,5,5,5,3,3,2,3,4,1,3,1,3,3.15,58,77,FALSE
Female,Loyal Customer,40,Business Travel,Business,2005,2,2,2,2,3,4,5,4,4,4,4,5,3,3.38,0,2,TRUE
Female,Loyal Customer,39,Business Travel,Business,200,3,3,3,3,5,4,5,4,4,4,5,5,3,3.92,0,0,TRUE
Male,Loyal Customer,23,Personal Travel,Eco,455,4,4,2,2,5,2,5,5,4,2,4,4,5,3.69,1,11,FALSE
Male,Loyal Customer,26,Business Travel,Eco,854,5,3,3,3,5,5,5,5,1,4,4,5,5,4.08,0,0,TRUE
Female,Loyal Customer,29,Business Travel,Business,500,3,2,2,2,3,3,3,3,1,1,4,2,3,2.46,0,0,FALSE
Male,Loyal Customer,54,Business Travel,Business,2618,3,3,3,3,2,5,4,3,3,3,3,3,4,3.23,0,0,TRUE
Female,Loyal Customer,54,Business Travel,Business,2586,4,5,4,4,4,4,4,3,3,4,4,4,4,3.92,0,0,TRUE
Male,Loyal Customer,8,Personal Travel,Eco,325,2,1,2,3,4,2,4,4,3,5,3,4,4,3.15,7,0,FALSE
Male,Disloyal Customer,31,Business Travel,Business,1814,4,4,4,5,4,4,4,4,3,2,4,4,4,3.85,80,59,FALSE
Female,Loyal Customer,47,Business Travel,Business,1481,3,3,3,3,2,5,5,4,4,5,4,4,3,3.69,0,0,TRUE
Female,Loyal Customer,11,Personal Travel,Eco,362,1,4,1,1,1,1,1,1,4,4,5,5,1,2.31,0,0,FALSE
Female,Loyal Customer,34,Personal Travel,Eco,929,2,1,1,3,1,1,4,1,4,3,2,1,1,1.92,0,0,FALSE
Female,Loyal Customer,54,Business Travel,Business,3928,4,4,2,4,2,3,2,4,4,4,4,1,4,3.23,0,0,TRUE
Female,Loyal Customer,28,Business Travel,Eco,489,5,5,5,5,5,5,5,5,4,5,1,2,5,4.38,0,2,TRUE
Female,Loyal Customer,33,Business Travel,Business,1812,5,5,5,5,5,1,2,5,5,5,5,4,5,4.38,0,0,TRUE
Female,Loyal Customer,58,Business Travel,Business,293,4,4,4,4,5,5,5,4,4,4,4,5,5,4.38,1,0,TRUE
Male,Loyal Customer,57,Personal Travel,Eco,509,2,5,2,2,1,2,1,1,5,4,5,3,1,2.62,0,0,FALSE
Female,Loyal Customer,23,Business Travel,Business,201,1,1,1,1,2,2,1,2,1,2,2,3,2,1.62,48,45,FALSE
Female,Loyal Customer,22,Personal Travel,Business,599,2,1,2,3,5,2,5,5,2,1,4,4,5,3.15,0,0,FALSE
Male,Loyal Customer,29,Business Travel,Eco Plus,1069,5,5,5,5,5,5,5,5,2,5,3,3,5,4.46,42,53,TRUE
Female,Loyal Customer,66,Business Travel,Business,2303,5,5,5,5,4,5,4,4,4,4,4,3,2,4.15,0,0,TRUE
Female,Loyal Customer,70,Personal Travel,Eco,414,1,4,1,3,3,4,3,5,5,1,4,5,3,3.23,0,0,FALSE
Male,Loyal Customer,26,Business Travel,Eco,744,3,1,1,1,3,3,4,3,1,4,3,1,3,2.38,0,0,FALSE
Female,Loyal Customer,45,Personal Travel,Eco,1739,4,5,4,2,4,4,4,1,1,4,1,3,5,3.23,3,58,FALSE
Male,Loyal Customer,32,Personal Travel,Eco,624,1,5,1,3,1,1,1,1,4,5,2,4,1,2.31,114,119,FALSE
Female,Loyal Customer,42,Business Travel,Business,666,5,5,2,5,4,4,4,3,3,3,3,3,5,3.77,0,0,TRUE
Male,Loyal Customer,19,Personal Travel,Eco,214,1,0,0,4,1,0,1,1,4,4,5,3,1,1.92,0,0,FALSE
Female,Loyal Customer,47,Personal Travel,Eco,854,2,5,2,3,4,5,5,2,2,2,1,4,5,3.23,7,14,FALSE
Female,Loyal Customer,37,Business Travel,Business,484,3,2,2,2,3,4,3,3,3,3,3,4,4,3,0,0,FALSE
Male,Loyal Customer,24,Business Travel,Business,3384,2,2,4,2,2,2,2,2,2,1,4,3,2,2.31,2,4,FALSE
Female,Disloyal Customer,26,Business Travel,Business,526,0,0,0,2,2,0,2,2,3,2,5,5,2,1.92,0,0,TRUE
Female,Loyal Customer,51,Business Travel,Business,1962,5,5,5,5,4,4,5,5,5,5,5,5,5,4.85,37,33,TRUE
Female,Disloyal Customer,40,Business Travel,Business,323,4,4,4,5,4,3,3,1,1,4,4,3,3,3.31,106,143,TRUE
Male,Loyal Customer,28,Business Travel,Business,1739,1,1,1,1,2,2,2,2,4,3,5,4,2,2.31,0,0,TRUE
Male,Loyal Customer,56,Personal Travel,Eco Plus,1099,4,5,4,3,1,4,1,1,4,4,5,3,1,3.08,0,0,FALSE
Male,Loyal Customer,43,Business Travel,Business,481,5,5,5,5,4,5,5,5,5,5,5,3,5,4.77,61,52,TRUE
Male,Loyal Customer,43,Personal Travel,Eco,1120,1,5,1,4,2,1,5,2,3,3,4,5,2,2.92,0,6,FALSE
Female,Disloyal Customer,33,Business Travel,Business,409,2,2,2,1,3,2,3,3,4,2,4,4,3,2.69,0,0,FALSE
Male,Loyal Customer,51,Personal Travel,Eco,666,2,4,2,2,5,2,5,5,4,2,5,3,5,3.54,15,31,FALSE
Female,Loyal Customer,36,Business Travel,Eco,192,1,1,1,1,1,1,1,1,1,5,4,1,1,1.54,79,86,FALSE
Female,Loyal Customer,66,Business Travel,Business,3640,2,2,2,2,5,4,4,4,4,4,4,3,3,3.31,0,0,TRUE
Male,Loyal Customer,57,Business Travel,Business,2951,0,0,0,2,3,5,2,5,5,5,5,1,1,2.62,16,20,TRUE
Female,Loyal Customer,15,Personal Travel,Eco,980,3,1,3,1,3,3,3,3,3,5,2,1,3,2.62,0,0,FALSE
Male,Disloyal Customer,49,Business Travel,Business,1310,1,1,1,3,1,1,1,1,4,3,4,5,1,2.08,0,17,FALSE
Male,Loyal Customer,36,Personal Travel,Eco,1017,1,4,1,4,4,1,4,4,4,4,2,4,4,3.15,0,0,FALSE
Male,Loyal Customer,31,Business Travel,Business,677,5,5,5,5,4,4,4,4,5,3,5,3,4,4.31,0,0,TRUE
Female,Disloyal Customer,20,Business Travel,Eco,563,0,0,0,5,5,0,5,5,2,3,1,3,5,2.62,0,0,TRUE
Female,Loyal Customer,7,Personal Travel,Eco,967,3,2,3,3,5,3,5,5,4,2,4,3,5,3.62,22,12,FALSE
Male,Loyal Customer,48,Personal Travel,Business,351,1,5,1,3,3,4,5,4,4,1,4,3,5,3.31,0,0,FALSE
Female,Loyal Customer,27,Business Travel,Business,1524,2,2,2,2,5,5,5,5,3,3,4,5,5,3.69,51,32,TRUE
Male,Loyal Customer,36,Business Travel,Eco,337,1,3,3,3,1,1,1,1,1,1,3,3,1,1.77,8,17,FALSE
Male,Loyal Customer,69,Personal Travel,Eco,479,3,5,3,4,5,3,5,5,2,3,5,2,5,3.85,0,0,FALSE
Male,Loyal Customer,58,Personal Travel,Eco,383,3,4,3,5,3,4,4,3,3,5,4,4,4,3.77,200,196,FALSE
Male,Loyal Customer,40,Business Travel,Business,3866,4,4,4,4,1,4,2,4,4,4,4,3,2,3.38,0,2,TRUE
Male,Loyal Customer,51,Personal Travel,Eco,812,3,2,3,2,1,3,1,1,3,4,2,4,1,2.31,0,0,FALSE
Male,Loyal Customer,25,Personal Travel,Eco,589,3,2,3,4,4,3,4,4,3,3,3,1,4,3.15,34,22,FALSE
Female,Loyal Customer,34,Business Travel,Business,1747,1,1,1,1,3,3,5,4,4,4,4,3,5,3,0,0,TRUE
Male,Loyal Customer,56,Business Travel,Business,448,1,5,5,5,1,1,1,3,2,3,4,1,1,2.54,204,218,FALSE
Male,Loyal Customer,58,Business Travel,Business,1510,1,1,1,1,5,4,4,4,4,4,4,3,5,3.15,2,0,TRUE
Female,Loyal Customer,58,Business Travel,Business,725,1,1,2,1,4,4,5,5,5,5,5,5,4,3.62,88,76,TRUE
Female,Loyal Customer,34,Personal Travel,Eco,657,1,3,1,1,2,1,2,2,3,1,5,1,2,1.92,0,0,FALSE
Female,Loyal Customer,23,Business Travel,Business,1460,3,3,3,3,4,4,4,4,3,3,4,3,4,3.46,0,0,TRUE
Female,Loyal Customer,45,Personal Travel,Eco,547,2,4,2,2,2,3,2,4,4,2,4,1,2,2.62,0,0,FALSE
Male,Loyal Customer,42,Business Travel,Business,3115,3,3,3,3,2,4,4,4,4,4,5,5,4,3.69,0,0,TRUE
Male,Disloyal Customer,27,Business Travel,Business,349,3,3,3,5,2,3,2,2,4,5,5,3,2,3.23,25,23,FALSE
Male,Loyal Customer,70,Personal Travel,Eco,752,3,5,3,4,4,3,4,4,4,2,5,3,4,3.69,0,3,FALSE
Male,Loyal Customer,57,Personal Travel,Eco,425,3,5,2,4,1,2,1,1,3,4,5,5,1,2.85,14,8,FALSE
Female,Loyal Customer,48,Business Travel,Business,2454,2,2,2,2,3,5,5,5,5,5,5,4,5,3.85,0,0,TRUE
Female,Loyal Customer,52,Business Travel,Business,587,5,5,5,5,3,5,5,4,4,4,4,1,1,3.92,0,0,TRUE
Male,Loyal Customer,69,Personal Travel,Business,764,1,5,1,1,3,1,4,2,2,1,2,3,5,2.38,2,7,FALSE
Female,Loyal Customer,58,Business Travel,Business,3549,4,4,4,4,3,5,5,4,4,4,4,3,5,4.08,57,57,TRUE
Male,Loyal Customer,52,Personal Travel,Eco Plus,282,2,0,2,2,5,2,5,5,5,3,5,3,5,3.38,86,79,FALSE
Male,Loyal Customer,62,Business Travel,Business,1449,3,5,5,5,1,4,4,3,3,2,3,2,2,3.23,0,0,FALSE
Female,Loyal Customer,58,Business Travel,Business,2555,1,5,5,5,5,4,3,1,1,1,1,4,3,3,41,56,FALSE
Male,Loyal Customer,58,Personal Travel,Eco,1814,3,5,3,3,1,3,1,1,5,2,5,3,1,2.77,0,0,FALSE
Female,Loyal Customer,46,Business Travel,Eco,533,4,5,5,5,1,2,4,5,5,4,5,5,3,4.08,0,0,TRUE
Male,Loyal Customer,31,Personal Travel,Eco,341,1,5,1,3,2,1,2,2,4,3,4,5,2,2.69,64,59,FALSE
Male,Loyal Customer,40,Personal Travel,Eco Plus,1005,1,4,2,4,3,2,3,3,5,2,4,5,3,3.15,13,6,FALSE
Female,Loyal Customer,8,Personal Travel,Business,2176,0,4,0,4,4,0,4,4,4,1,5,3,4,2.85,0,0,TRUE
Female,Loyal Customer,33,Business Travel,Business,2519,2,2,2,2,3,2,5,4,4,4,4,5,2,3.15,0,0,TRUE
Female,Disloyal Customer,26,Business Travel,Business,491,2,5,2,2,4,2,4,4,5,5,5,4,4,3.69,77,61,FALSE
Female,Disloyal Customer,22,Business Travel,Business,237,2,2,2,4,3,2,1,3,2,4,3,3,3,2.62,16,17,FALSE
Female,Loyal Customer,24,Business Travel,Business,3778,3,3,2,3,5,5,5,3,5,3,2,5,5,3.77,140,144,TRUE
Male,Loyal Customer,48,Personal Travel,Eco,404,3,4,3,5,3,3,3,3,5,2,5,5,3,3.62,0,0,FALSE
Male,Loyal Customer,47,Business Travel,Business,929,5,5,4,5,5,5,4,4,4,5,4,4,3,4.38,0,0,TRUE
Female,Disloyal Customer,35,Business Travel,Eco,409,3,2,3,4,1,3,1,1,4,1,3,1,1,2.15,17,16,FALSE
Female,Loyal Customer,36,Business Travel,Eco Plus,449,1,2,2,2,1,1,1,1,4,2,3,3,1,1.85,23,26,FALSE
Female,Loyal Customer,53,Business Travel,Business,265,0,0,0,4,3,5,4,5,5,5,5,4,5,3.46,125,125,TRUE
Female,Loyal Customer,28,Business Travel,Business,237,5,5,5,5,4,4,4,4,4,4,4,3,4,4.23,0,0,TRUE
Female,Loyal Customer,7,Personal Travel,Eco,1147,1,5,1,1,3,1,3,3,5,2,4,3,3,2.69,0,0,FALSE
Female,Loyal Customer,27,Personal Travel,Eco,223,3,2,3,3,5,3,3,5,4,3,4,1,5,3.38,3,0,FALSE
Male,Loyal Customer,49,Business Travel,Business,3121,1,1,1,1,4,3,4,4,4,4,4,4,5,3.08,0,0,TRUE
Female,Loyal Customer,26,Business Travel,Business,936,1,3,4,4,1,1,1,1,3,2,4,3,1,2.23,0,0,FALSE
Female,Loyal Customer,42,Business Travel,Business,3499,2,2,2,2,5,5,5,4,4,4,4,3,3,3.46,0,0,TRUE
Male,Disloyal Customer,42,Business Travel,Business,1797,5,5,5,1,5,5,5,5,3,3,3,4,5,4.15,0,0,TRUE
Female,Disloyal Customer,22,Business Travel,Eco,1013,1,1,1,3,5,1,5,5,2,3,3,3,5,2.92,0,0,FALSE
Male,Disloyal Customer,40,Business Travel,Eco,102,3,0,3,1,3,3,3,3,5,2,1,2,3,2.46,14,13,FALSE
Male,Loyal Customer,50,Business Travel,Eco,532,4,4,4,4,4,4,4,4,2,2,5,3,4,3.69,0,0,TRUE
Male,Loyal Customer,48,Business Travel,Business,2176,1,1,5,1,3,5,5,4,4,4,4,5,4,3.54,0,0,TRUE
Female,Loyal Customer,17,Personal Travel,Eco,986,0,2,0,4,3,0,3,3,4,3,3,2,3,2.31,0,0,TRUE
Male,Loyal Customer,31,Business Travel,Business,507,4,4,3,4,5,4,5,5,5,3,4,5,5,4.31,0,5,TRUE
Female,Loyal Customer,17,Personal Travel,Business,1069,2,4,2,3,4,2,4,4,2,5,4,4,4,3.38,0,0,FALSE
Male,Loyal Customer,30,Business Travel,Eco,234,0,0,0,3,3,0,3,3,1,1,3,1,3,1.62,0,0,TRUE
Male,Disloyal Customer,25,Business Travel,Eco,763,3,3,3,3,4,3,4,4,1,1,3,2,4,2.92,78,99,FALSE
Female,Loyal Customer,22,Business Travel,Business,2505,2,4,4,4,2,2,2,2,1,5,3,4,2,2.85,0,0,FALSE
Male,Disloyal Customer,28,Business Travel,Business,1129,4,3,3,3,1,3,1,1,4,3,4,3,1,2.62,0,0,TRUE
Female,Loyal Customer,18,Business Travel,Business,1476,1,1,1,1,4,4,4,4,1,1,1,2,4,2.23,0,20,TRUE
Female,Loyal Customer,31,Personal Travel,Eco Plus,373,1,3,1,3,3,1,3,3,1,2,1,5,3,2.31,0,0,FALSE
Female,Loyal Customer,57,Business Travel,Business,432,5,5,3,5,4,5,5,5,5,5,5,4,5,4.69,0,0,TRUE
Male,Loyal Customer,26,Business Travel,Business,2604,4,4,5,4,3,3,3,3,4,4,5,4,3,3.77,64,57,TRUE
Male,Loyal Customer,31,Personal Travel,Eco,1235,1,5,1,4,5,1,5,5,5,3,4,5,5,3.77,0,0,FALSE
Female,Loyal Customer,46,Business Travel,Business,116,1,5,5,5,1,2,2,3,3,3,1,4,3,2.92,47,99,FALSE
Female,Loyal Customer,58,Personal Travel,Eco,620,3,4,2,3,3,5,5,3,3,2,3,4,5,3.46,15,4,FALSE
Female,Disloyal Customer,27,Business Travel,Business,919,2,2,2,2,1,2,1,1,4,5,5,3,1,2.38,0,0,FALSE
Female,Loyal Customer,69,Personal Travel,Eco,780,2,5,2,1,2,5,4,3,3,2,5,4,4,3.23,41,35,FALSE
Female,Loyal Customer,33,Personal Travel,Eco,307,2,5,2,5,5,2,5,5,5,3,4,4,5,4,0,0,FALSE
Male,Loyal Customer,47,Business Travel,Business,1988,1,1,1,1,4,4,5,4,4,4,4,4,4,3.15,0,1,TRUE
Female,Loyal Customer,68,Personal Travel,Eco,1440,3,4,3,2,3,4,4,4,4,5,4,4,4,3.69,213,186,FALSE
Female,Disloyal Customer,36,Business Travel,Eco,419,1,1,1,3,3,1,3,3,2,3,4,1,3,2.23,0,0,FALSE
Female,Disloyal Customer,22,Business Travel,Eco,920,0,0,0,4,2,0,2,2,5,4,3,4,2,2.15,0,0,TRUE
Female,Loyal Customer,57,Personal Travel,Eco Plus,649,2,4,2,2,4,5,2,3,3,2,3,5,3,3.08,0,0,FALSE
Male,Loyal Customer,52,Business Travel,Eco,964,3,4,1,1,3,3,3,3,2,5,2,3,3,2.77,0,0,TRUE
Male,Loyal Customer,22,Business Travel,Business,2510,3,1,2,1,3,3,3,3,2,3,3,3,3,2.54,250,271,FALSE
Male,Loyal Customer,56,Personal Travel,Eco,1034,5,5,5,1,2,5,2,2,4,4,4,4,2,3.46,0,0,TRUE
Male,Loyal Customer,64,Personal Travel,Eco,551,3,4,3,3,2,3,1,2,2,3,3,2,2,2.54,0,0,FALSE
Male,Loyal Customer,53,Personal Travel,Eco,759,2,4,2,3,1,2,1,1,4,2,4,5,1,2.46,0,8,FALSE
Male,Loyal Customer,22,Business Travel,Business,566,1,1,1,1,4,4,4,4,5,1,3,1,4,2.62,0,0,TRUE
Male,Loyal Customer,41,Business Travel,Business,2556,4,4,4,4,5,4,5,4,4,4,4,3,3,4,2,0,TRUE
Male,Loyal Customer,32,Business Travel,Eco,907,4,2,2,2,4,4,4,4,3,5,4,2,4,3.38,9,14,FALSE
Female,Loyal Customer,32,Business Travel,Eco,2404,5,1,2,1,5,5,5,5,4,2,4,1,5,3.46,0,0,TRUE
Male,Loyal Customer,50,Business Travel,Business,1984,1,1,1,1,4,4,4,3,3,3,3,4,4,2.77,44,13,TRUE
Male,Loyal Customer,59,Personal Travel,Eco Plus,846,3,1,3,3,2,3,2,2,1,1,4,3,2,2.31,66,82,FALSE
Female,Loyal Customer,25,Business Travel,Eco Plus,534,0,3,0,3,3,0,3,3,4,2,1,2,3,2.08,0,0,TRUE
Male,Disloyal Customer,30,Business Travel,Eco Plus,649,3,3,3,1,5,3,5,5,2,5,1,2,5,3.31,13,10,FALSE
Female,Loyal Customer,46,Personal Travel,Eco,2065,2,4,2,4,3,5,4,3,3,2,3,5,3,3.31,0,0,FALSE
Female,Loyal Customer,55,Business Travel,Business,2134,2,3,3,3,3,4,3,2,2,2,2,1,3,2.54,0,0,FALSE
Female,Loyal Customer,46,Business Travel,Business,3117,5,5,5,5,3,4,4,5,5,5,5,3,5,4.54,33,35,TRUE
Female,Loyal Customer,11,Personal Travel,Eco,772,3,2,3,3,3,3,3,3,1,4,3,2,3,2.77,35,30,FALSE
Female,Loyal Customer,12,Personal Travel,Eco,931,2,5,2,1,2,2,2,2,3,5,4,3,2,2.69,0,0,FALSE
Male,Loyal Customer,17,Personal Travel,Eco,308,4,5,4,5,5,4,5,5,5,2,2,3,5,4.15,0,4,FALSE
Female,Loyal Customer,48,Business Travel,Business,1399,3,1,1,1,3,3,2,3,3,2,3,3,3,2.38,0,0,FALSE
Female,Loyal Customer,58,Business Travel,Business,1235,2,2,5,2,5,4,5,4,4,4,4,5,5,3.92,0,38,TRUE
Male,Disloyal Customer,36,Business Travel,Eco,196,4,4,4,4,3,4,3,3,3,3,4,4,3,3.54,3,28,FALSE
Male,Loyal Customer,31,Personal Travel,Eco,451,1,3,1,3,2,1,2,2,1,5,4,3,2,2.31,82,78,FALSE
Female,Loyal Customer,20,Business Travel,Business,599,4,4,4,4,3,4,3,3,4,3,2,2,3,3.31,48,40,TRUE
Female,Loyal Customer,24,Business Travel,Business,3904,1,1,3,1,4,4,4,4,4,4,4,5,4,3.31,8,7,TRUE
Male,Loyal Customer,20,Business Travel,Business,1888,2,2,3,2,5,5,5,5,5,4,5,5,5,4.08,0,4,TRUE
Male,Disloyal Customer,43,Business Travel,Eco,557,3,4,3,4,3,3,5,3,3,4,4,1,3,3.31,0,0,FALSE
Male,Loyal Customer,55,Business Travel,Business,102,5,3,5,5,4,2,5,4,4,4,4,2,3,3.85,0,0,TRUE
Female,Loyal Customer,7,Personal Travel,Eco Plus,130,2,3,2,4,5,2,5,5,3,4,3,3,5,3.54,16,20,FALSE
Male,Loyal Customer,43,Business Travel,Business,3378,2,3,3,3,1,3,2,2,2,2,2,3,1,2.23,0,0,FALSE
Male,Loyal Customer,16,Personal Travel,Eco,872,2,4,2,4,5,2,3,5,2,4,5,1,5,3.38,3,0,FALSE
Female,Disloyal Customer,40,Business Travel,Business,262,4,4,4,1,4,4,4,4,5,2,5,2,4,3.62,55,70,TRUE
Female,Loyal Customer,22,Personal Travel,Eco,931,2,4,1,1,1,1,1,1,4,5,5,5,1,2.46,15,1,FALSE
Male,Disloyal Customer,25,Business Travel,Eco,1355,4,4,4,5,5,4,5,5,5,2,4,3,5,4.23,3,0,TRUE
Male,Loyal Customer,50,Business Travel,Eco,158,4,2,2,2,4,4,4,1,3,4,1,4,4,3,134,130,TRUE
Male,Disloyal Customer,35,Business Travel,Business,2586,3,3,3,4,3,3,5,3,5,5,5,5,3,3.85,0,0,FALSE
Male,Loyal Customer,8,Personal Travel,Eco,641,3,5,3,3,4,3,4,4,5,2,5,4,4,3.77,81,68,FALSE
Male,Loyal Customer,38,Business Travel,Business,3824,3,3,3,3,5,5,4,5,5,5,5,4,4,4.15,0,0,TRUE
Male,Loyal Customer,45,Business Travel,Business,1619,3,3,5,3,2,4,5,5,5,5,5,4,3,4,1,0,TRUE
Male,Loyal Customer,42,Business Travel,Business,733,1,1,2,1,3,4,5,4,4,4,4,3,4,3.08,0,0,TRUE
Female,Loyal Customer,54,Business Travel,Business,1598,5,5,5,5,3,3,4,5,5,5,5,4,4,4.46,3,0,TRUE
Male,Loyal Customer,34,Business Travel,Business,725,4,2,2,2,3,3,3,4,4,4,4,2,4,3.15,45,63,FALSE
Male,Disloyal Customer,38,Business Travel,Business,628,4,3,3,1,2,3,2,2,3,2,5,3,2,2.69,51,36,TRUE
Female,Loyal Customer,58,Business Travel,Business,930,1,1,1,1,3,5,5,4,4,5,4,5,5,3.38,0,0,TRUE
Male,Loyal Customer,57,Business Travel,Business,3447,5,5,5,5,5,4,4,4,4,4,4,3,5,4.38,0,0,TRUE
Male,Loyal Customer,36,Business Travel,Business,2253,2,5,5,5,2,3,3,2,2,2,2,3,2,2.92,10,0,FALSE
Female,Loyal Customer,22,Personal Travel,Eco,2153,3,4,3,1,5,3,4,5,4,3,4,5,5,3.77,10,5,FALSE
Male,Loyal Customer,31,Business Travel,Business,283,2,5,5,5,2,1,2,2,3,5,2,3,2,3,1,0,FALSE
Female,Loyal Customer,44,Business Travel,Business,1522,1,1,1,1,2,4,4,2,2,2,2,5,4,2.38,2,0,TRUE
Female,Loyal Customer,28,Business Travel,Business,2064,4,4,4,4,4,4,4,4,4,3,5,5,4,4.08,0,0,TRUE
Female,Loyal Customer,57,Business Travel,Business,2830,2,2,2,2,2,5,4,4,4,4,4,4,3,3.23,11,8,TRUE
Female,Loyal Customer,44,Personal Travel,Eco,715,1,5,1,1,4,1,5,5,5,1,5,5,5,3.38,0,0,FALSE
Female,Loyal Customer,30,Personal Travel,Eco Plus,1138,4,5,4,4,1,4,1,1,4,5,4,3,1,3.15,1,21,FALSE
Female,Loyal Customer,39,Business Travel,Business,2807,2,2,2,2,3,4,5,4,4,4,5,4,5,3.54,71,72,TRUE
Female,Loyal Customer,24,Personal Travel,Eco,209,3,5,3,4,5,3,5,5,5,1,2,1,5,3.62,0,10,FALSE
Male,Disloyal Customer,36,Business Travel,Business,1476,3,3,3,1,2,3,2,2,5,5,5,4,2,3.08,0,0,FALSE
Female,Disloyal Customer,15,Business Travel,Eco,763,4,4,4,1,2,4,2,2,5,3,2,1,2,2.77,0,0,FALSE
Male,Loyal Customer,58,Business Travel,Business,2825,2,2,3,2,4,4,5,5,5,5,5,5,5,4,0,0,TRUE
Male,Loyal Customer,51,Personal Travel,Eco,2239,4,5,4,3,3,4,2,3,4,2,5,3,3,3.46,0,0,FALSE
Female,Loyal Customer,27,Business Travel,Business,3810,1,1,1,1,5,5,5,5,5,3,4,4,5,3.46,37,67,TRUE
Male,Loyal Customer,7,Personal Travel,Eco,266,3,3,3,4,1,3,1,1,3,2,4,3,1,2.46,0,0,FALSE
Female,Disloyal Customer,36,Business Travel,Eco,471,3,2,4,4,3,4,3,3,4,2,4,2,3,3.15,8,0,FALSE
Male,Disloyal Customer,26,Business Travel,Eco,1200,2,2,2,3,5,2,5,5,3,1,4,5,5,3.38,0,0,FALSE
Male,Loyal Customer,69,Personal Travel,Eco,329,1,3,1,1,5,1,5,5,2,1,5,1,5,2.77,49,54,FALSE
Female,Loyal Customer,32,Personal Travel,Eco,393,3,5,3,3,4,3,4,4,4,3,4,5,4,3.77,0,0,FALSE
Male,Loyal Customer,45,Business Travel,Business,2425,3,3,3,3,4,4,4,3,4,3,5,4,4,3.62,0,5,TRUE
Female,Loyal Customer,43,Business Travel,Business,1939,1,1,1,1,5,1,5,5,5,5,5,2,3,3.08,0,1,TRUE
Female,Loyal Customer,38,Personal Travel,Eco,101,3,5,3,1,2,3,3,2,3,4,4,3,2,2.92,0,0,FALSE
Male,Loyal Customer,39,Business Travel,Business,3523,2,3,3,3,5,4,3,2,2,2,2,1,2,2.62,10,1,FALSE
Male,Disloyal Customer,33,Business Travel,Business,351,3,3,3,1,2,3,2,2,3,5,2,2,2,2.54,0,0,FALSE
Male,Loyal Customer,35,Personal Travel,Eco,539,2,5,4,2,4,4,4,4,4,2,4,5,4,3.69,0,0,FALSE
Male,Loyal Customer,60,Personal Travel,Eco,369,3,3,3,3,4,3,4,4,1,4,3,3,4,3.23,0,0,FALSE
Female,Loyal Customer,53,Business Travel,Business,1903,3,3,3,3,3,5,5,5,5,5,5,3,5,4.08,0,0,TRUE
Male,Loyal Customer,68,Personal Travel,Eco,448,3,4,3,2,3,3,5,3,4,2,2,2,3,3,0,0,FALSE
Male,Disloyal Customer,22,Business Travel,Eco,1284,2,2,2,4,2,2,2,2,4,4,4,3,2,2.69,18,0,FALSE
Female,Loyal Customer,39,Business Travel,Business,405,4,1,1,1,4,4,4,4,3,3,3,4,4,3.08,196,218,FALSE
Male,Disloyal Customer,20,Business Travel,Eco,842,3,3,3,4,4,3,4,4,1,5,4,2,4,3.38,8,0,FALSE
Male,Loyal Customer,14,Business Travel,Business,1605,2,1,1,1,2,2,2,2,2,1,3,2,2,1.77,2,0,FALSE
Female,Loyal Customer,7,Personal Travel,Eco Plus,2300,3,1,3,3,1,3,1,1,3,4,3,3,1,2.31,0,7,FALSE
Female,Loyal Customer,50,Business Travel,Business,3438,2,2,2,2,5,5,5,4,4,4,4,4,3,3.54,0,0,TRUE
Male,Loyal Customer,33,Personal Travel,Eco,1065,3,4,3,3,2,3,2,2,5,2,5,4,2,3.08,0,0,FALSE
Female,Loyal Customer,8,Personal Travel,Eco,248,2,4,2,1,1,2,1,1,3,4,5,3,1,2.31,0,0,FALSE
Male,Loyal Customer,47,Personal Travel,Eco,338,3,4,3,4,2,3,2,2,5,2,5,4,2,3.15,3,0,FALSE
Female,Disloyal Customer,26,Business Travel,Eco,350,4,0,3,3,3,3,3,3,5,5,1,1,3,2.85,2,15,TRUE
Male,Loyal Customer,65,Business Travel,Business,1379,2,5,5,5,5,3,3,2,2,2,2,3,2,3.15,4,1,FALSE
Male,Loyal Customer,41,Business Travel,Business,3021,0,5,0,2,3,5,5,1,1,1,1,3,3,2.31,0,0,TRUE
Male,Loyal Customer,14,Business Travel,Business,802,3,1,1,1,3,4,3,3,2,5,4,4,3,2.85,13,0,FALSE
Male,Loyal Customer,33,Business Travel,Eco,429,1,3,3,3,1,1,1,1,1,1,1,1,1,1.46,3,5,FALSE
Female,Loyal Customer,46,Personal Travel,Eco,373,2,5,2,1,3,1,1,1,1,2,1,4,1,1.92,0,0,FALSE
Female,Loyal Customer,36,Business Travel,Eco,447,1,1,2,1,1,1,1,1,4,2,4,4,1,1.85,1,0,FALSE
Female,Loyal Customer,69,Business Travel,Eco Plus,349,5,2,2,2,1,5,2,5,5,5,5,2,5,3.54,0,1,TRUE
Male,Disloyal Customer,27,Business Travel,Eco,906,1,1,1,4,5,1,5,5,2,2,3,3,5,2.92,0,19,FALSE
Female,Disloyal Customer,57,Business Travel,Eco Plus,216,1,1,1,3,5,1,4,5,4,3,1,2,5,2.77,0,0,FALSE
Female,Loyal Customer,26,Personal Travel,Eco,1569,1,4,1,2,3,1,3,3,3,2,4,4,3,2.62,0,0,FALSE
Male,Loyal Customer,43,Business Travel,Eco,1590,1,2,2,2,1,1,1,1,2,5,4,1,1,1.85,0,0,FALSE
Female,Loyal Customer,58,Business Travel,Eco,1597,3,5,5,5,1,3,4,3,3,3,3,3,4,3.46,0,0,FALSE
Female,Loyal Customer,50,Business Travel,Business,2299,2,2,2,2,5,4,4,5,5,5,5,3,4,3.69,0,0,TRUE
Female,Loyal Customer,44,Business Travel,Business,370,2,2,2,2,5,5,4,4,4,4,4,5,4,3.62,11,12,TRUE
Female,Disloyal Customer,26,Business Travel,Eco,1063,3,3,3,2,5,3,4,5,2,2,1,2,5,3.08,0,0,FALSE
Female,Loyal Customer,31,Business Travel,Business,3440,3,2,2,2,3,3,3,3,2,5,3,4,3,2.92,0,0,FALSE
Male,Loyal Customer,51,Business Travel,Business,1652,4,4,4,4,5,3,5,5,5,5,5,5,5,4.54,39,16,TRUE
Female,Disloyal Customer,26,Business Travel,Eco,639,4,3,4,3,3,4,3,3,5,1,1,4,3,3.15,7,0,FALSE
Male,Loyal Customer,14,Personal Travel,Eco,817,3,3,4,5,1,4,1,1,2,1,4,2,1,2.46,0,0,FALSE
Female,Loyal Customer,34,Personal Travel,Eco,495,2,5,2,1,3,2,4,3,5,3,5,5,3,3.31,7,0,FALSE
Female,Loyal Customer,42,Business Travel,Business,1746,3,3,3,3,4,4,5,4,4,4,4,5,5,3.92,0,0,TRUE
Male,Loyal Customer,45,Business Travel,Business,3063,1,1,1,1,5,4,5,4,4,4,4,3,4,3.15,0,5,TRUE
Male,Loyal Customer,56,Business Travel,Business,1025,1,1,2,1,4,4,4,3,3,4,3,3,3,2.77,0,0,TRUE
Female,Disloyal Customer,20,Business Travel,Eco,1121,3,4,4,2,1,4,1,1,2,4,1,2,1,2.31,0,0,FALSE
Male,Loyal Customer,42,Business Travel,Business,1126,1,1,1,1,5,5,5,2,2,2,2,3,3,2.54,8,0,TRUE
Male,Loyal Customer,44,Business Travel,Business,2539,1,1,1,1,3,3,5,2,2,2,2,2,5,2.31,0,0,TRUE
Male,Loyal Customer,37,Personal Travel,Eco,1041,4,4,4,5,2,4,2,2,5,4,5,5,2,3.69,0,0,FALSE
Male,Loyal Customer,47,Business Travel,Business,2857,2,2,3,2,4,4,5,4,4,4,4,5,4,3.62,0,0,TRUE
Female,Loyal Customer,36,Business Travel,Eco,1085,2,1,1,1,2,2,2,2,3,5,4,1,2,2.15,3,0,FALSE
Female,Disloyal Customer,25,Business Travel,Eco,1024,1,1,1,3,3,1,3,3,5,4,4,3,3,2.69,5,3,FALSE
Female,Loyal Customer,59,Business Travel,Business,2937,2,2,2,2,3,4,5,5,5,5,5,4,4,3.69,26,22,TRUE
Male,Loyal Customer,62,Personal Travel,Eco,647,3,4,2,2,3,2,4,3,4,5,2,1,3,2.92,0,0,FALSE
Male,Loyal Customer,56,Business Travel,Eco,888,1,1,1,1,1,1,1,1,2,3,3,2,1,1.46,14,29,FALSE
Male,Loyal Customer,36,Business Travel,Business,3196,3,2,2,2,2,2,2,3,3,3,3,3,2,2.46,67,99,FALSE
Male,Loyal Customer,52,Personal Travel,Eco,1121,1,4,1,2,4,1,4,4,5,4,4,4,4,3.23,0,7,FALSE
Female,Loyal Customer,41,Personal Travel,Eco,746,2,4,2,3,1,2,1,1,3,4,5,5,1,2.62,0,0,FALSE
Female,Loyal Customer,27,Business Travel,Business,2738,3,3,3,3,3,3,3,3,3,4,3,1,3,2.92,0,0,FALSE
Female,Loyal Customer,55,Business Travel,Business,3243,5,5,5,5,2,4,4,5,5,5,5,4,5,4.54,0,0,TRUE
Male,Loyal Customer,43,Business Travel,Business,3908,4,4,4,4,3,5,5,5,5,5,5,5,3,4.38,11,7,TRUE
Male,Disloyal Customer,15,Business Travel,Eco,386,3,3,3,3,4,3,4,4,2,2,3,3,4,3.15,14,30,FALSE
Male,Loyal Customer,65,Business Travel,Business,3663,3,3,3,3,2,4,3,4,4,4,4,5,5,3.62,1,,TRUE
Female,Disloyal Customer,21,Business Travel,Eco,297,3,3,3,4,4,3,3,4,2,4,4,1,4,3.23,51,53,FALSE
Male,Loyal Customer,29,Personal Travel,Eco,86,3,4,3,1,3,3,3,3,5,1,5,1,3,2.92,0,0,FALSE
Male,Loyal Customer,34,Business Travel,Business,1797,4,4,4,4,5,5,5,4,4,4,4,4,5,4.31,0,0,TRUE
Male,Loyal Customer,48,Personal Travel,Eco,300,2,5,2,2,1,2,1,1,3,4,3,3,1,2.31,3,0,FALSE
Male,Loyal Customer,29,Business Travel,Business,1832,1,1,1,1,4,5,4,4,4,5,4,5,4,3.31,1,0,TRUE
Female,Loyal Customer,8,Personal Travel,Eco,672,2,4,2,3,1,2,1,1,3,5,4,4,1,2.54,0,0,FALSE
Male,Loyal Customer,64,Personal Travel,Eco,334,2,3,1,3,1,1,1,1,1,1,4,3,1,1.77,0,0,FALSE
Female,Disloyal Customer,17,Business Travel,Eco,534,4,2,4,3,4,4,4,1,3,4,4,4,4,3.46,183,196,FALSE
Female,Disloyal Customer,21,Business Travel,Business,829,5,0,5,2,4,5,4,4,5,5,4,4,4,3.92,0,1,TRUE
Female,Loyal Customer,54,Business Travel,Business,2871,4,4,4,4,4,2,1,4,4,4,5,2,2,3.38,0,26,TRUE
Female,Loyal Customer,42,Business Travel,Business,1846,4,4,4,4,4,5,5,5,5,5,5,5,5,4.62,34,80,TRUE
Female,Loyal Customer,42,Personal Travel,Eco,300,3,3,3,3,3,3,3,5,5,3,5,1,3,3.31,52,62,FALSE
Female,Loyal Customer,48,Business Travel,Eco,612,4,2,2,2,5,3,2,4,4,4,4,5,5,3.54,5,0,TRUE
Female,Loyal Customer,45,Business Travel,Business,337,4,1,1,1,5,4,4,4,4,4,4,3,2,3.15,0,22,FALSE
Female,Loyal Customer,64,Personal Travel,Eco,859,3,4,3,2,4,5,5,5,5,3,1,4,3,3.62,0,0,FALSE
Female,Loyal Customer,27,Business Travel,Eco,1195,5,5,5,5,5,5,5,5,4,4,3,5,5,4.69,55,48,TRUE
Female,Loyal Customer,9,Personal Travel,Eco,825,1,4,1,4,2,1,3,2,5,2,5,5,2,2.85,22,29,FALSE
Female,Loyal Customer,63,Personal Travel,Eco,2569,2,3,2,4,2,4,5,1,1,2,1,2,2,2.38,30,25,FALSE
Male,Loyal Customer,49,Business Travel,Eco,305,3,4,4,4,2,3,2,2,1,3,4,1,2,2.69,35,25,FALSE
Male,Loyal Customer,54,Business Travel,Eco,691,5,2,2,2,4,5,4,4,2,3,5,5,4,3.62,0,0,TRUE
Female,Loyal Customer,60,Business Travel,Business,2942,4,4,4,4,5,4,5,5,5,5,5,5,3,4.46,0,0,TRUE
Male,Loyal Customer,27,Business Travel,Eco,1134,5,3,3,3,5,5,5,5,1,5,1,1,5,3.62,51,37,TRUE
Male,Loyal Customer,47,Business Travel,Business,2039,1,1,1,1,3,4,4,3,3,3,3,4,3,2.62,36,17,TRUE
Female,Disloyal Customer,26,Business Travel,Eco,777,3,3,3,3,1,3,1,1,3,3,2,1,1,2.15,0,0,FALSE
Male,Loyal Customer,43,Business Travel,Business,1703,1,1,1,1,3,4,5,4,4,4,4,5,4,3.15,5,5,TRUE
Male,Loyal Customer,61,Business Travel,Business,2784,1,1,1,1,2,5,5,4,4,5,4,5,3,3.15,56,79,TRUE
Male,Loyal Customer,64,Personal Travel,Eco Plus,667,4,5,4,2,3,4,4,3,5,4,5,5,3,3.92,0,0,FALSE
Male,Disloyal Customer,37,Business Travel,Business,728,2,2,2,4,2,2,2,2,4,5,4,5,2,2.92,0,0,FALSE
Male,Loyal Customer,30,Business Travel,Business,599,5,5,5,5,2,2,2,2,5,1,2,1,2,3,0,0,TRUE
Male,Loyal Customer,34,Personal Travel,Eco Plus,1127,2,5,2,1,5,2,5,5,3,5,4,3,5,3.62,0,0,FALSE
Male,Loyal Customer,16,Personal Travel,Eco,1010,2,3,2,3,3,2,4,3,1,3,4,1,3,2.62,0,0,FALSE
Female,Loyal Customer,55,Personal Travel,Eco,2182,3,5,3,2,2,2,4,3,3,3,3,1,2,2.77,0,0,FALSE
Male,Loyal Customer,29,Business Travel,Business,937,4,3,4,4,5,5,5,5,1,4,2,3,5,3.85,0,41,TRUE
Male,Loyal Customer,53,Business Travel,Business,2787,4,4,1,4,4,5,4,4,4,4,4,3,5,3.85,0,6,TRUE
Male,Loyal Customer,65,Personal Travel,Eco,200,2,4,2,1,4,2,4,4,5,4,1,1,4,2.92,0,0,FALSE
Female,Loyal Customer,39,Business Travel,Business,258,4,4,4,4,3,5,5,4,4,5,4,4,5,4.23,83,98,TRUE
Male,Loyal Customer,22,Personal Travel,Eco,1770,2,1,2,4,5,2,2,5,1,4,4,1,5,2.92,0,5,FALSE
Female,Disloyal Customer,37,Business Travel,Eco,119,3,3,3,1,4,3,3,4,4,3,3,4,4,3.23,9,13,FALSE
Male,Disloyal Customer,38,Business Travel,Eco,624,4,0,4,1,4,4,2,4,4,3,2,4,4,3.08,0,0,FALSE
Female,Loyal Customer,31,Business Travel,Eco Plus,829,3,5,5,5,3,3,3,3,4,1,4,2,3,3.38,0,0,FALSE
Male,Loyal Customer,50,Business Travel,Eco,612,4,3,3,3,4,4,4,4,5,1,4,2,4,3.46,0,0,TRUE
Male,Loyal Customer,59,Personal Travel,Eco Plus,725,1,1,1,3,5,1,1,5,2,1,3,4,5,2.54,0,0,FALSE
Female,Disloyal Customer,27,Business Travel,Eco,308,1,0,0,2,1,0,1,1,1,2,5,1,1,1.23,0,0,FALSE
Female,Loyal Customer,56,Business Travel,Business,345,3,3,3,3,2,4,5,4,4,4,4,4,4,3.62,0,0,TRUE
Male,Loyal Customer,21,Business Travel,Business,862,4,4,4,4,4,4,4,4,4,4,4,3,4,3.92,69,61,TRUE
Male,Loyal Customer,35,Business Travel,Eco,2218,3,4,4,4,3,3,3,3,1,2,4,4,3,3.15,0,7,FALSE
Male,Disloyal Customer,17,Business Travel,Eco,763,4,4,4,4,2,4,2,2,1,2,4,4,2,3,0,0,TRUE
Female,Disloyal Customer,55,Business Travel,Eco Plus,151,4,4,4,3,4,4,5,4,5,3,4,5,4,4.08,0,0,FALSE
Female,Loyal Customer,27,Business Travel,Business,361,2,2,2,2,4,4,4,4,3,3,5,5,4,3.38,0,0,TRUE
Female,Loyal Customer,56,Personal Travel,Eco,349,3,5,4,3,5,5,5,4,4,4,3,5,3,4.08,0,0,FALSE
Male,Loyal Customer,45,Business Travel,Business,937,5,5,5,5,5,5,5,4,4,4,4,5,5,4.69,67,101,TRUE
Female,Loyal Customer,62,Personal Travel,Eco Plus,1258,4,4,4,4,4,4,5,2,2,4,2,3,4,3.54,27,27,FALSE
Female,Loyal Customer,19,Personal Travel,Eco,409,2,4,1,4,4,1,4,4,4,3,3,1,4,3,6,6,FALSE
Male,Loyal Customer,23,Business Travel,Business,373,2,5,5,5,2,2,2,2,3,2,3,3,2,2.92,11,6,FALSE
Female,Loyal Customer,10,Personal Travel,Eco,517,3,4,3,4,1,3,1,1,3,1,5,1,1,2.38,0,0,FALSE
Male,Loyal Customer,46,Business Travel,Eco,581,3,4,4,4,3,3,3,3,1,1,2,3,3,2.85,18,14,FALSE
Male,Loyal Customer,50,Personal Travel,Eco,584,3,5,3,3,4,3,4,4,4,2,4,3,4,3.54,0,0,FALSE
Female,Disloyal Customer,25,Business Travel,Eco Plus,861,2,0,1,3,1,1,1,1,3,4,4,4,1,2,0,0,FALSE
Female,Loyal Customer,56,Business Travel,Business,4502,3,3,5,3,5,5,5,3,3,5,4,5,5,4.15,0,0,TRUE
Female,Loyal Customer,38,Business Travel,Business,1089,4,4,4,4,3,4,4,3,3,4,3,4,3,3.62,0,0,TRUE
Male,Loyal Customer,41,Personal Travel,Eco,258,3,1,3,4,3,3,3,3,4,1,4,1,3,2.77,22,8,FALSE
Male,Loyal Customer,44,Personal Travel,Eco,966,1,4,1,3,2,1,2,2,5,4,5,3,2,2.69,0,0,FALSE
Female,Disloyal Customer,15,Business Travel,Eco,936,5,5,5,4,5,5,5,5,1,2,5,2,5,4.15,0,1,TRUE
Female,Loyal Customer,26,Business Travel,Business,2677,3,2,2,2,3,3,3,2,5,3,4,3,3,2.92,150,139,FALSE
Male,Loyal Customer,78,Business Travel,Business,370,3,2,5,2,4,3,2,3,3,3,3,3,4,3.08,59,60,FALSE
Male,Loyal Customer,26,Business Travel,Business,833,3,3,3,3,4,4,4,4,1,4,3,2,4,3.23,0,0,TRUE
Female,Loyal Customer,34,Business Travel,Eco Plus,1062,3,5,5,5,3,4,3,3,3,1,3,5,3,3.54,8,10,TRUE
Male,Loyal Customer,50,Business Travel,Eco Plus,237,3,5,5,5,3,3,3,3,4,1,4,3,3,3.46,0,0,FALSE
Female,Loyal Customer,55,Business Travel,Eco Plus,1754,3,1,1,1,2,4,4,3,3,3,3,2,1,2.38,0,8,FALSE
Female,Disloyal Customer,23,Business Travel,Eco,528,0,3,0,5,3,0,1,3,3,2,5,5,3,2.54,0,0,TRUE
Female,Loyal Customer,34,Business Travel,Business,231,3,2,2,2,5,3,4,3,3,3,3,3,3,3,0,0,FALSE
Male,Loyal Customer,26,Business Travel,Eco Plus,488,5,1,1,1,5,4,3,5,4,1,3,2,5,3.08,41,41,FALSE
Male,Loyal Customer,50,Business Travel,Business,646,1,1,1,1,3,4,4,5,5,5,5,3,4,3.23,0,0,TRUE
Female,Loyal Customer,10,Personal Travel,Eco,342,3,2,3,1,2,3,2,2,4,4,2,1,2,2.38,0,8,FALSE
Female,Loyal Customer,45,Business Travel,Business,1829,3,3,3,3,4,4,4,4,4,4,4,4,4,3.69,0,0,TRUE
Female,Loyal Customer,41,Business Travel,Business,3574,2,2,2,2,3,4,5,5,5,5,5,3,4,3.62,0,0,TRUE
Male,Disloyal Customer,25,Business Travel,Business,1036,0,0,1,4,5,1,5,5,4,2,5,3,5,3.08,11,0,TRUE
Male,Loyal Customer,30,Business Travel,Business,368,4,4,4,4,4,4,4,4,1,2,3,2,4,3.38,0,0,TRUE
Female,Loyal Customer,35,Personal Travel,Eco,409,3,5,3,3,1,3,1,1,4,4,5,5,1,3,0,0,FALSE
Male,Loyal Customer,41,Personal Travel,Eco,1121,4,5,5,3,1,5,1,1,5,4,4,3,1,3.23,4,0,FALSE
Female,Loyal Customer,45,Business Travel,Business,459,1,2,2,2,5,3,3,1,1,1,1,4,3,2.23,0,0,FALSE
Female,Loyal Customer,55,Business Travel,Business,1814,1,1,1,1,2,4,5,4,4,4,4,5,5,3.15,0,0,TRUE
Female,Loyal Customer,60,Business Travel,Eco Plus,326,5,5,5,5,4,1,1,5,5,5,5,1,1,3.69,0,0,TRUE
Female,Loyal Customer,59,Personal Travel,Eco,687,0,5,0,4,3,5,4,2,2,0,2,3,3,2.54,4,0,TRUE
Female,Loyal Customer,46,Business Travel,Business,1698,3,3,1,3,1,4,2,4,4,4,4,2,3,2.92,0,0,TRUE
Male,Loyal Customer,33,Business Travel,Business,3475,4,4,4,4,5,5,5,5,4,2,5,5,5,4.38,0,7,TRUE
Male,Loyal Customer,39,Business Travel,Business,861,2,3,3,3,1,4,3,2,2,2,2,2,2,2.38,16,14,FALSE
Male,Loyal Customer,59,Business Travel,Business,3462,5,5,5,5,4,4,5,3,3,3,3,4,3,4,0,0,TRUE
Female,Disloyal Customer,20,Business Travel,Eco,728,2,2,2,4,5,2,5,5,3,4,4,4,5,3.62,0,0,FALSE
Female,Loyal Customer,40,Business Travel,Business,1620,3,3,3,3,5,5,5,4,4,4,4,3,3,3.77,0,0,TRUE
Female,Loyal Customer,48,Business Travel,Business,748,1,1,1,1,5,2,2,4,4,4,4,1,3,2.54,0,0,TRUE
Male,Loyal Customer,78,Business Travel,Business,3179,3,2,2,2,5,4,4,3,3,3,3,2,4,3.08,0,0,FALSE
Male,Loyal Customer,36,Business Travel,Eco,929,2,5,5,5,2,2,2,2,3,2,4,3,2,3,0,0,FALSE
Male,Disloyal Customer,25,Business Travel,Eco,748,3,4,4,1,4,3,3,3,5,4,4,3,3,3.38,10,11,FALSE
Male,Loyal Customer,54,Personal Travel,Eco,1121,3,3,3,4,3,3,2,3,4,2,4,2,3,3,39,39,FALSE
Male,Loyal Customer,48,Business Travel,Business,3239,3,3,5,3,2,4,4,5,5,5,5,4,3,3.92,0,0,TRUE
Male,Loyal Customer,22,Personal Travel,Eco,270,3,0,3,4,3,3,3,3,5,5,5,4,3,3.38,36,72,FALSE
Male,Disloyal Customer,22,Business Travel,Business,438,4,1,4,4,1,4,4,1,2,4,3,1,1,2.62,0,22,FALSE
Male,Loyal Customer,44,Personal Travel,Eco Plus,964,2,1,2,1,3,2,3,3,2,2,2,2,3,2.15,0,0,FALSE
Male,Disloyal Customer,33,Business Travel,Business,594,2,2,2,5,4,2,3,4,4,4,4,5,4,3.46,72,58,FALSE
Female,Loyal Customer,42,Personal Travel,Eco,2454,3,2,3,3,2,3,3,5,5,3,5,3,4,3.38,0,0,FALSE
Female,Loyal Customer,34,Business Travel,Eco Plus,109,0,0,0,1,3,0,3,3,1,5,4,3,3,2,0,0,TRUE
Male,Loyal Customer,38,Personal Travel,Eco,164,2,5,0,5,5,0,5,5,3,5,4,5,5,3.77,4,0,FALSE
Female,Loyal Customer,28,Business Travel,Eco,544,4,3,3,3,4,4,4,4,4,3,4,3,4,3.62,0,0,FALSE
Female,Disloyal Customer,25,Business Travel,Eco,419,3,2,3,4,2,3,2,2,2,4,3,1,2,2.54,15,4,FALSE
Female,Disloyal Customer,33,Business Travel,Business,551,4,4,4,4,3,4,3,3,4,4,5,3,3,3.69,0,0,FALSE
Female,Loyal Customer,43,Business Travel,Business,946,1,4,1,1,1,1,5,5,5,5,5,1,5,3.08,0,7,TRUE
Male,Loyal Customer,25,Personal Travel,Business,189,1,4,1,3,1,1,1,1,2,1,4,3,1,1.85,3,0,FALSE
Male,Loyal Customer,52,Personal Travel,Eco,836,4,1,4,3,5,4,1,5,3,4,4,4,5,3.62,0,0,FALSE
Male,Loyal Customer,21,Business Travel,Business,2666,2,2,2,2,4,4,4,4,3,2,4,5,4,3.23,0,1,TRUE
Male,Loyal Customer,40,Business Travel,Business,244,0,0,0,1,5,2,5,1,1,1,1,2,4,1.77,0,0,TRUE
Female,Loyal Customer,44,Personal Travel,Eco Plus,1020,2,4,2,3,2,3,4,2,2,2,2,4,3,2.69,0,15,FALSE
Male,Disloyal Customer,18,Business Travel,Eco,636,3,0,3,3,3,3,3,3,2,2,2,2,3,2.46,0,0,FALSE
Female,Loyal Customer,43,Business Travel,Business,587,4,4,4,4,4,4,5,5,5,5,5,4,3,4.31,25,26,TRUE
Female,Loyal Customer,38,Business Travel,Business,649,2,2,2,2,3,5,5,3,3,3,3,3,4,3.08,0,17,TRUE
Female,Disloyal Customer,37,Business Travel,Eco,273,0,0,0,4,3,0,3,3,2,4,3,2,3,2.08,0,0,TRUE
Female,Disloyal Customer,29,Business Travel,Eco,1075,1,1,1,2,3,1,3,3,2,4,2,4,3,2.31,8,0,FALSE
Female,Loyal Customer,31,Business Travel,Business,2338,1,1,1,1,4,4,4,4,3,5,5,5,4,3.23,9,0,TRUE
Male,Loyal Customer,49,Business Travel,Business,2586,4,3,4,4,4,5,5,5,5,5,5,4,3,4.31,0,0,TRUE
Female,Loyal Customer,8,Personal Travel,Eco,271,3,4,4,1,4,4,4,4,5,4,4,5,4,3.85,0,0,FALSE
Male,Loyal Customer,51,Business Travel,Business,368,1,1,1,1,2,5,5,5,5,5,5,4,5,3.46,0,0,TRUE
Male,Disloyal Customer,37,Business Travel,Business,1488,2,2,2,4,4,2,4,4,3,5,5,4,4,3.46,1,0,FALSE
Male,Disloyal Customer,29,Business Travel,Eco,710,1,1,1,3,3,1,3,3,2,3,3,1,3,2.15,0,0,FALSE
Male,Loyal Customer,43,Business Travel,Business,3979,3,3,3,3,5,4,4,5,5,5,4,4,4,4,0,0,TRUE
Female,Loyal Customer,39,Business Travel,Eco Plus,950,5,5,5,5,5,5,5,5,5,1,1,1,5,4.08,0,8,TRUE
Female,Loyal Customer,38,Business Travel,Business,3291,2,2,2,2,3,4,4,3,3,4,3,3,3,2.92,11,3,TRUE
Female,Loyal Customer,69,Personal Travel,Eco,1407,2,5,3,2,4,4,5,5,5,3,5,4,3,3.85,0,0,FALSE
Female,Loyal Customer,68,Personal Travel,Eco,515,3,1,3,3,4,3,4,4,4,3,4,4,2,3.23,44,32,FALSE
Male,Loyal Customer,30,Business Travel,Business,2842,3,3,3,3,3,3,3,3,4,5,3,3,3,3.23,8,6,FALSE
Female,Disloyal Customer,20,Business Travel,Eco,529,4,4,4,4,3,4,3,3,2,2,1,2,3,3,51,48,FALSE
Female,Loyal Customer,45,Business Travel,Eco Plus,455,4,3,3,3,5,2,2,4,4,4,4,3,3,3.38,12,36,TRUE
Male,Loyal Customer,57,Business Travel,Business,735,1,1,1,1,3,5,4,5,5,5,5,4,3,3.31,6,7,TRUE
Male,Loyal Customer,49,Business Travel,Business,931,1,1,1,1,4,5,4,4,4,4,4,5,5,3.31,0,0,TRUE
Female,Loyal Customer,47,Business Travel,Business,1166,5,5,5,5,4,4,5,4,4,4,4,4,5,4.46,20,9,TRUE
Male,Loyal Customer,24,Business Travel,Business,3434,1,1,1,1,5,5,5,5,5,1,3,1,5,3,29,27,TRUE
Male,Loyal Customer,56,Personal Travel,Eco,2586,2,4,2,3,2,2,2,2,4,5,5,5,2,3.08,0,0,FALSE
Male,Loyal Customer,63,Personal Travel,Eco,599,3,0,3,2,3,1,1,4,5,4,4,1,1,2.46,106,149,FALSE
Female,Loyal Customer,39,Business Travel,Business,1825,4,4,4,4,2,5,5,5,5,4,5,5,3,4.23,0,0,TRUE
Male,Loyal Customer,44,Business Travel,Business,2715,3,3,4,3,5,3,4,5,5,4,5,2,3,3.77,74,82,TRUE
Female,Disloyal Customer,62,Business Travel,Eco,297,3,0,3,3,3,3,3,3,2,3,3,5,3,2.85,1,0,FALSE
Female,Loyal Customer,41,Business Travel,Business,569,5,5,5,5,2,5,5,5,5,5,5,3,5,4.62,0,0,TRUE
Female,Loyal Customer,45,Business Travel,Business,1927,4,4,5,4,2,5,5,4,4,4,4,5,4,4.15,0,0,TRUE
Female,Disloyal Customer,46,Business Travel,Eco,386,4,1,4,4,3,4,3,3,2,5,3,4,3,3.31,3,0,FALSE
Male,Loyal Customer,54,Business Travel,Eco,347,1,0,0,3,3,1,3,3,3,5,4,1,3,2.31,2,0,FALSE
Female,Loyal Customer,38,Business Travel,Business,2522,1,3,3,3,3,3,3,1,1,1,1,4,3,2.31,0,0,FALSE
Male,Loyal Customer,8,Personal Travel,Eco,404,3,5,3,1,5,3,5,5,4,2,4,5,5,3.85,0,2,FALSE
Female,Loyal Customer,25,Business Travel,Business,430,1,1,1,1,3,3,3,3,3,5,4,5,3,2.77,9,5,TRUE
Female,Loyal Customer,57,Business Travel,Business,2992,2,2,2,2,4,4,4,4,2,4,4,4,4,3.23,155,161,TRUE
Male,Loyal Customer,67,Personal Travel,Business,191,1,4,1,4,2,5,4,1,1,1,1,4,4,2.54,5,10,FALSE
Male,Loyal Customer,75,Business Travel,Business,1703,2,2,2,2,5,3,4,2,2,2,2,3,2,2.54,0,0,FALSE
Male,Loyal Customer,30,Business Travel,Business,1389,5,5,5,5,4,4,4,4,3,3,4,3,4,4.08,6,0,TRUE
Female,Disloyal Customer,22,Business Travel,Eco Plus,954,1,1,0,3,4,0,4,4,2,5,3,4,4,2.69,0,0,FALSE
Female,Disloyal Customer,38,Business Travel,Eco,1083,3,2,2,4,5,2,5,5,4,5,1,3,5,3.54,3,0,FALSE
Male,Loyal Customer,45,Personal Travel,Eco,337,1,5,3,1,4,3,4,4,5,2,5,3,4,3.38,1,0,FALSE
Female,Loyal Customer,55,Business Travel,Business,2115,5,3,5,5,4,4,5,4,4,4,4,3,3,4.08,0,0,TRUE
Male,Loyal Customer,35,Business Travel,Business,2505,5,5,5,5,5,2,4,4,4,4,5,3,5,4.31,51,53,TRUE
Female,Loyal Customer,25,Business Travel,Business,3104,2,4,4,4,2,2,2,2,1,3,4,2,2,2.62,0,0,FALSE
Female,Loyal Customer,53,Personal Travel,Eco,1188,4,1,4,4,4,2,4,2,2,4,1,2,2,2.77,0,0,FALSE
Male,Loyal Customer,59,Business Travel,Business,611,5,5,5,5,2,5,5,4,4,4,4,4,3,4.23,0,0,TRUE
Male,Loyal Customer,41,Business Travel,Business,2905,5,5,5,5,2,3,5,4,4,4,5,1,1,3.77,0,0,TRUE
Female,Loyal Customer,22,Business Travel,Eco,1605,1,5,5,5,1,1,4,1,3,4,2,3,1,2.77,65,56,FALSE
Male,Loyal Customer,54,Personal Travel,Eco,302,3,4,3,3,1,3,1,1,3,5,4,4,1,2.77,41,30,FALSE
Male,Loyal Customer,35,Business Travel,Business,3476,5,5,5,5,4,4,4,4,4,4,4,5,5,4.46,51,28,TRUE
Male,Loyal Customer,51,Business Travel,Business,3465,1,1,3,1,3,4,5,1,1,2,1,4,4,2.38,0,0,TRUE
Male,Loyal Customer,68,Personal Travel,Eco,331,1,5,1,2,4,1,4,4,5,2,4,4,4,3.15,0,0,FALSE
Female,Loyal Customer,39,Personal Travel,Eco,1182,1,4,1,3,3,1,3,3,4,5,3,2,3,2.77,99,101,FALSE
Female,Loyal Customer,48,Business Travel,Business,2585,3,3,3,3,4,3,3,5,4,5,5,3,3,3.62,0,0,TRUE
Female,Loyal Customer,41,Business Travel,Business,859,2,2,2,2,5,4,4,5,5,5,5,4,4,3.77,0,0,TRUE
Male,Loyal Customer,41,Business Travel,Business,1752,3,3,3,3,4,4,4,4,4,4,4,3,4,3.62,23,19,TRUE
Female,Loyal Customer,43,Business Travel,Business,2088,3,3,2,3,4,2,2,4,4,4,4,2,2,3,0,0,TRUE
Female,Loyal Customer,65,Personal Travel,Eco Plus,1379,5,4,5,4,3,5,2,1,1,5,1,2,4,3.23,4,0,TRUE
Male,Loyal Customer,35,Business Travel,Eco,787,4,3,3,3,4,4,4,4,4,4,3,2,4,3.54,0,0,TRUE
Female,Loyal Customer,20,Personal Travel,Eco,705,4,4,4,3,4,4,4,4,4,2,4,4,4,3.77,120,127,FALSE
Male,Loyal Customer,60,Business Travel,Business,2583,3,3,3,3,5,5,5,4,4,4,4,3,3,3.77,0,0,TRUE
Female,Disloyal Customer,18,Business Travel,Eco,239,5,4,5,4,1,5,1,1,1,5,1,2,1,2.77,3,0,TRUE
Female,Loyal Customer,65,Business Travel,Eco Plus,363,2,3,1,3,1,3,3,2,2,2,2,3,3,2.31,30,14,FALSE
Male,Loyal Customer,31,Personal Travel,Eco,446,4,5,4,3,4,4,4,4,3,5,4,3,4,3.92,0,0,FALSE
Male,Loyal Customer,54,Business Travel,Business,2610,1,1,1,1,5,5,5,4,4,4,4,3,5,3.31,0,0,TRUE
Female,Loyal Customer,32,Business Travel,Eco Plus,190,5,4,5,5,5,5,5,5,3,3,3,5,5,4.46,0,1,TRUE
Female,Loyal Customer,27,Business Travel,Eco Plus,606,5,2,2,2,5,5,5,5,3,2,4,5,5,3.85,0,10,TRUE
Female,Loyal Customer,27,Business Travel,Business,3711,4,4,4,4,4,4,4,5,4,4,4,4,4,4.08,0,4,TRUE
Female,Loyal Customer,17,Personal Travel,Eco,447,3,4,3,2,2,3,2,2,4,2,5,4,2,2.92,50,67,FALSE
Female,Disloyal Customer,26,Business Travel,Eco,419,2,0,1,4,4,1,5,4,4,4,4,3,4,3.08,33,8,FALSE
Male,Loyal Customer,54,Personal Travel,Eco,546,1,2,1,4,2,1,2,2,1,5,4,4,2,2.38,0,0,FALSE
Male,Disloyal Customer,40,Business Travel,Eco,210,2,2,1,4,5,1,3,5,3,2,3,3,5,3,0,0,FALSE
Female,Loyal Customer,18,Business Travel,Business,2870,2,1,1,1,2,2,2,2,3,2,4,1,2,1.92,0,0,FALSE
Female,Loyal Customer,34,Business Travel,Business,3158,4,4,4,4,4,4,1,5,5,5,5,1,4,3.85,0,0,TRUE
Female,Disloyal Customer,17,Business Travel,Eco,544,3,0,3,4,3,3,3,3,2,3,2,1,3,2.54,0,0,FALSE
Male,Loyal Customer,38,Business Travel,Business,197,5,5,4,5,5,4,5,5,5,5,4,5,3,4.62,48,27,TRUE
Male,Loyal Customer,60,Business Travel,Business,2771,1,4,4,4,2,4,4,1,1,2,1,3,2,2.54,0,0,FALSE
Female,Loyal Customer,27,Business Travel,Business,1400,4,4,1,4,3,3,3,3,5,2,4,3,3,3.23,10,0,TRUE
Male,Loyal Customer,41,Business Travel,Business,1939,2,2,5,2,2,5,4,4,4,4,4,3,4,3.46,0,0,TRUE
Male,Loyal Customer,39,Business Travel,Business,2126,3,3,3,3,2,2,4,5,5,5,5,3,3,3.54,1,0,TRUE
Female,Loyal Customer,17,Business Travel,Business,1704,2,2,2,2,2,2,2,2,4,1,4,3,2,2.31,0,0,FALSE
Female,Loyal Customer,42,Business Travel,Business,937,3,3,4,3,2,4,4,4,4,4,4,4,4,3.62,0,0,TRUE
Female,Disloyal Customer,24,Business Travel,Eco,170,1,2,1,3,2,1,2,2,1,4,3,2,2,2,0,0,FALSE
Male,Loyal Customer,53,Personal Travel,Eco,358,3,5,3,3,5,3,3,5,5,3,4,4,5,3.92,5,4,FALSE
Male,Loyal Customer,60,Personal Travel,Eco,1449,2,4,2,2,2,2,2,2,4,5,2,5,2,2.77,1,3,FALSE
Male,Loyal Customer,43,Business Travel,Business,1744,2,2,2,2,5,4,5,5,5,5,5,5,4,3.92,0,0,TRUE
Female,Loyal Customer,52,Business Travel,Eco Plus,1504,4,1,1,1,5,1,1,4,4,4,4,4,3,2.85,7,17,FALSE
Female,Loyal Customer,43,Business Travel,Eco,1448,3,5,5,5,5,3,4,3,3,3,3,3,2,3.62,12,0,FALSE
Male,Loyal Customer,7,Personal Travel,Eco Plus,247,2,4,2,4,5,2,5,5,5,2,5,5,5,3.92,0,0,FALSE
Female,Loyal Customer,69,Personal Travel,Eco,781,0,5,0,4,5,5,4,2,2,0,5,5,3,3.08,0,0,TRUE
Male,Loyal Customer,43,Personal Travel,Eco,550,4,0,4,3,1,4,1,1,3,3,5,3,1,2.54,0,0,TRUE
Female,Loyal Customer,53,Business Travel,Business,1162,3,3,3,3,5,4,4,4,4,4,4,5,1,3.62,0,0,TRUE
Female,Disloyal Customer,23,Business Travel,Eco,89,0,0,0,3,3,0,3,3,2,2,1,5,3,1.92,8,4,TRUE
Male,Loyal Customer,25,Personal Travel,Eco,2295,1,4,1,3,2,1,2,2,4,2,3,1,2,2.15,14,8,FALSE
Male,Loyal Customer,40,Business Travel,Business,434,3,3,3,3,5,4,4,3,3,3,3,4,1,3.23,26,17,FALSE
Male,Loyal Customer,49,Personal Travel,Eco,391,4,5,2,3,5,2,2,5,3,3,4,4,5,3.62,1,0,FALSE
Male,Loyal Customer,52,Business Travel,Business,1843,5,5,5,5,1,5,2,3,3,3,3,3,5,3.69,0,0,TRUE
Male,Disloyal Customer,26,Business Travel,Eco,920,1,0,0,2,1,0,1,1,5,2,2,5,1,1.62,0,0,FALSE
Female,Loyal Customer,32,Business Travel,Business,1172,4,4,4,4,5,4,5,5,4,5,5,3,5,4.38,5,0,TRUE
Male,Loyal Customer,49,Business Travel,Business,3276,5,5,4,5,5,4,4,4,4,4,4,4,5,4.38,0,0,TRUE
Female,Loyal Customer,69,Personal Travel,Eco,620,1,5,1,2,4,5,5,1,1,1,1,5,4,2.77,7,15,FALSE
Female,Disloyal Customer,26,Business Travel,Eco,1235,2,2,2,5,4,2,4,4,3,5,3,1,4,3.15,12,0,FALSE
Female,Loyal Customer,45,Business Travel,Business,3234,3,3,3,3,5,5,5,4,4,4,4,3,3,3.77,0,19,TRUE
Male,Loyal Customer,35,Personal Travel,Eco,250,3,4,3,4,1,3,1,1,3,4,4,5,1,2.85,0,0,FALSE
Male,Loyal Customer,55,Business Travel,Business,2133,2,2,5,2,5,3,4,2,2,2,2,3,3,2.85,43,44,TRUE
Female,Loyal Customer,54,Personal Travel,Eco,1464,2,3,2,3,5,3,4,2,2,2,2,1,3,2.62,30,21,FALSE
Female,Loyal Customer,52,Personal Travel,Eco,907,1,4,1,3,4,5,5,4,4,1,4,5,3,3.38,0,0,FALSE
Male,Disloyal Customer,25,Business Travel,Eco,1233,1,1,1,1,4,1,4,4,4,4,4,5,4,2.92,0,0,FALSE
Female,Loyal Customer,29,Business Travel,Business,2797,2,3,2,2,4,4,4,4,5,3,5,5,4,3.62,0,0,TRUE
Male,Loyal Customer,26,Personal Travel,Eco,391,3,4,4,3,1,4,1,1,2,5,2,5,1,2.77,0,0,FALSE
Female,Loyal Customer,39,Business Travel,Business,1959,2,2,2,2,3,4,4,4,4,4,4,4,4,3.31,19,11,TRUE
Male,Loyal Customer,44,Business Travel,Business,2139,4,4,4,4,4,5,5,4,4,4,4,3,4,4.08,0,0,TRUE
Male,Loyal Customer,21,Personal Travel,Eco,846,2,1,2,2,4,2,5,4,4,1,3,3,4,2.85,0,0,FALSE
Female,Loyal Customer,51,Business Travel,Business,1080,3,3,3,3,3,4,5,5,5,5,5,3,4,3.92,0,0,TRUE
Male,Loyal Customer,14,Personal Travel,Eco,704,3,3,3,2,5,3,5,5,4,3,3,2,5,3.54,0,0,FALSE
Female,Loyal Customer,42,Business Travel,Business,1698,3,3,3,3,3,5,4,4,4,4,4,3,5,3.69,0,0,TRUE
Female,Loyal Customer,58,Business Travel,Eco,237,3,2,2,2,2,3,4,3,3,3,3,4,1,2.69,0,4,FALSE
Female,Loyal Customer,41,Business Travel,Business,3215,5,5,5,5,4,4,5,5,5,5,5,3,4,4.62,0,0,TRUE
Male,Loyal Customer,57,Personal Travel,Business,496,4,4,4,5,3,4,4,1,1,4,1,4,3,3.23,0,0,FALSE
Male,Disloyal Customer,36,Business Travel,Business,251,2,2,2,3,2,2,2,2,2,2,4,1,2,2.15,19,17,FALSE
Female,Disloyal Customer,23,Business Travel,Eco,192,3,2,3,3,1,3,5,1,3,1,3,3,1,2.46,66,50,FALSE
Male,Loyal Customer,41,Personal Travel,Eco,1619,1,5,1,1,3,1,3,3,3,5,4,3,3,2.77,0,0,FALSE
Male,Loyal Customer,49,Business Travel,Business,387,1,2,2,2,1,3,3,1,1,1,1,1,2,1.62,0,0,FALSE
Male,Disloyal Customer,26,Business Travel,Eco,594,1,1,1,4,1,1,1,1,3,1,3,4,1,1.77,30,25,FALSE
Female,Loyal Customer,31,Business Travel,Business,3845,1,1,1,1,5,5,5,5,5,3,5,4,5,3.54,19,14,TRUE
Male,Loyal Customer,59,Business Travel,Business,3116,0,5,0,3,4,1,4,2,2,2,1,5,2,2.38,16,15,TRUE
Female,Loyal Customer,39,Business Travel,Business,3000,2,5,5,5,4,3,4,2,2,2,2,4,3,3.31,36,37,FALSE
Female,Loyal Customer,47,Business Travel,Business,2692,4,4,4,4,3,2,4,4,4,4,5,3,5,3.85,0,0,TRUE
Male,Loyal Customer,25,Business Travel,Business,3491,4,3,3,3,4,4,4,4,3,5,4,4,4,3.77,0,0,FALSE
Female,Loyal Customer,20,Personal Travel,Business,1814,3,2,3,4,4,3,4,4,1,2,4,1,4,3,3,0,FALSE
Female,Loyal Customer,38,Business Travel,Business,3529,4,4,4,4,5,4,5,4,4,4,4,3,3,4,0,0,TRUE
Female,Disloyal Customer,23,Business Travel,Eco,818,4,4,4,3,3,4,2,3,1,5,3,1,3,3.08,0,0,FALSE
Male,Loyal Customer,45,Personal Travel,Eco,370,1,4,1,4,3,1,3,3,2,1,4,1,3,2.38,13,12,FALSE
Female,Disloyal Customer,29,Business Travel,Eco Plus,338,2,2,2,4,1,2,1,1,4,4,4,2,1,2.31,0,0,FALSE
Female,Disloyal Customer,29,Business Travel,Eco,163,2,0,2,2,5,2,5,5,1,2,3,1,5,2.69,0,6,FALSE
Male,Loyal Customer,41,Personal Travel,Eco,967,3,5,4,3,3,4,3,3,4,5,4,3,3,3.62,45,36,FALSE
Male,Disloyal Customer,25,Business Travel,Business,1440,5,0,5,3,4,0,4,4,3,5,4,4,4,3.46,0,2,TRUE
Female,Loyal Customer,51,Business Travel,Business,2556,2,2,2,2,3,4,4,3,3,4,3,3,5,3.08,0,0,TRUE
Female,Loyal Customer,36,Business Travel,Eco,781,4,1,1,1,4,4,4,4,2,5,4,1,4,3,0,0,TRUE
Female,Loyal Customer,52,Personal Travel,Eco,787,2,4,2,4,2,4,4,2,2,2,2,5,5,3.08,13,0,FALSE
Male,Disloyal Customer,22,Business Travel,Business,241,4,0,4,1,4,4,5,4,4,5,4,5,4,3.69,15,3,TRUE
Male,Loyal Customer,53,Business Travel,Business,2721,2,2,2,2,5,4,4,4,4,4,3,5,1,3.23,0,0,TRUE
Male,Loyal Customer,39,Personal Travel,Eco,861,3,5,3,3,5,3,5,5,3,2,5,3,5,3.85,30,23,FALSE
Male,Disloyal Customer,18,Business Travel,Eco,926,1,1,1,4,4,1,4,4,2,3,4,2,4,2.69,52,36,FALSE
Male,Loyal Customer,62,Personal Travel,Eco Plus,479,2,4,2,2,3,2,2,3,3,4,1,4,3,2.69,0,0,FALSE
Male,Loyal Customer,50,Business Travel,Business,3823,1,1,3,1,2,5,5,5,5,5,5,4,5,3.62,0,0,TRUE
Female,Disloyal Customer,30,Business Travel,Eco,250,1,0,1,1,3,1,3,3,1,2,2,1,3,1.69,0,0,FALSE
Male,Loyal Customer,36,Business Travel,Business,338,0,0,0,3,3,3,5,3,3,3,3,1,2,2.23,0,3,TRUE
Male,Loyal Customer,11,Personal Travel,Eco,187,3,3,3,2,2,3,5,2,5,5,2,1,2,2.92,3,0,FALSE
Male,Loyal Customer,23,Business Travel,Eco,230,2,4,4,4,2,1,2,2,1,1,3,1,2,2.23,0,0,FALSE
Female,Loyal Customer,51,Business Travel,Business,304,0,0,0,3,3,4,5,4,4,4,4,5,3,3,0,0,TRUE
Female,Loyal Customer,48,Business Travel,Eco,491,4,4,4,4,4,4,2,4,4,4,4,4,1,3.62,0,0,TRUE
Female,Loyal Customer,23,Business Travel,Business,1464,5,5,5,5,4,4,4,4,5,4,4,4,4,4.38,0,8,TRUE
Female,Loyal Customer,27,Personal Travel,Eco,373,2,1,5,2,4,5,3,4,1,5,2,2,4,3.08,57,57,FALSE
Male,Loyal Customer,30,Business Travel,Business,3066,0,0,0,3,1,5,5,1,5,3,4,5,1,2.54,11,9,TRUE
Male,Loyal Customer,55,Business Travel,Business,3204,5,5,5,5,2,5,4,5,5,5,5,3,4,4.46,0,24,TRUE
Female,Loyal Customer,33,Business Travel,Business,3001,5,5,5,5,3,5,5,4,4,4,4,3,5,4.38,0,0,TRUE
Female,Loyal Customer,27,Business Travel,Business,2329,4,4,4,4,4,4,4,4,4,2,4,4,4,3.85,0,0,TRUE
Male,Loyal Customer,39,Business Travel,Business,1997,3,1,3,3,2,4,4,4,4,4,4,3,4,3.31,6,8,TRUE
Female,Loyal Customer,50,Business Travel,Business,1665,5,5,5,5,5,4,5,4,4,4,4,4,5,4.54,0,0,TRUE
Male,Disloyal Customer,23,Business Travel,Eco,1244,3,3,3,5,1,3,1,1,3,4,4,4,1,2.77,6,1,FALSE
Female,Disloyal Customer,51,Business Travel,Eco,569,3,4,2,3,4,2,4,4,2,5,4,3,4,3.38,0,0,FALSE
Male,Loyal Customer,28,Personal Travel,Eco,867,2,4,2,2,2,2,2,2,3,3,2,4,2,2.46,0,0,FALSE
Male,Loyal Customer,34,Personal Travel,Eco,404,4,4,4,4,1,4,1,1,1,3,4,2,1,2.62,9,22,FALSE
Male,Loyal Customer,43,Business Travel,Business,3553,2,2,2,2,3,5,4,4,4,4,4,4,5,3.46,0,0,TRUE
Female,Loyal Customer,50,Personal Travel,Eco,967,3,4,3,4,5,5,5,3,3,3,3,5,3,3.77,15,25,FALSE
Male,Loyal Customer,43,Business Travel,Business,1786,2,2,2,2,5,5,5,4,4,4,4,5,3,3.62,0,0,TRUE
Female,Disloyal Customer,7,Business Travel,Eco,1155,3,3,3,4,2,3,2,2,1,5,3,3,2,2.77,11,0,FALSE
Male,Loyal Customer,19,Personal Travel,Eco,852,5,4,5,1,5,5,5,5,3,5,5,4,5,4.38,0,11,TRUE
Male,Loyal Customer,25,Business Travel,Business,2846,4,4,4,4,5,5,5,4,5,3,4,5,5,4.38,116,133,TRUE
Male,Loyal Customer,27,Personal Travel,Eco Plus,101,1,4,1,3,2,1,2,2,4,5,2,3,2,2.46,0,10,FALSE
Female,Loyal Customer,37,Business Travel,Business,1575,2,2,2,2,1,3,3,4,4,4,5,1,4,2.85,30,23,TRUE
Female,Loyal Customer,8,Personal Travel,Eco,853,3,3,3,4,3,3,3,3,2,2,4,2,3,2.92,10,0,FALSE
Male,Loyal Customer,40,Business Travel,Business,3577,3,1,1,1,3,3,3,3,3,3,3,3,3,2.54,480,471,FALSE
Female,Loyal Customer,63,Personal Travel,Eco,1005,4,5,4,3,2,4,3,5,5,4,1,3,1,3.38,71,40,FALSE
Male,Loyal Customer,55,Personal Travel,Eco,296,3,5,2,5,1,2,4,1,5,3,5,4,1,3.15,5,0,FALSE
Female,Loyal Customer,42,Business Travel,Business,671,3,3,3,3,5,3,5,3,3,2,3,4,4,3.38,0,0,TRUE
Female,Loyal Customer,44,Business Travel,Business,102,5,5,5,5,5,4,1,4,4,4,5,5,3,4.23,0,0,TRUE
Male,Loyal Customer,34,Business Travel,Business,3173,5,5,5,5,1,3,3,4,4,4,4,5,1,3.77,21,19,TRUE
Female,Loyal Customer,52,Personal Travel,Business,162,2,4,2,3,3,4,4,1,1,2,1,5,3,2.69,0,0,FALSE
Male,Loyal Customer,10,Personal Travel,Eco,1448,2,1,2,4,5,2,4,5,1,3,3,4,5,3.15,0,0,FALSE
Male,Loyal Customer,25,Personal Travel,Eco,668,3,4,3,1,3,3,4,3,4,3,5,3,3,3.23,10,50,FALSE
Male,Loyal Customer,23,Personal Travel,Eco,1085,4,5,4,2,2,4,2,2,4,3,4,3,2,3.15,46,50,FALSE
Female,Loyal Customer,51,Business Travel,Eco,575,5,3,3,3,2,1,1,5,5,5,5,4,2,3.38,12,5,TRUE
Male,Loyal Customer,34,Business Travel,Eco,190,2,3,2,3,2,2,2,2,3,2,3,2,2,2.31,0,0,FALSE
Male,Disloyal Customer,23,Business Travel,Eco,425,5,3,5,2,2,5,2,2,5,5,5,5,2,3.69,42,41,TRUE
Female,Loyal Customer,38,Personal Travel,Eco,1201,2,2,2,4,5,2,2,5,3,5,3,1,5,3.15,0,0,FALSE
Male,Loyal Customer,47,Business Travel,Business,216,5,5,5,5,1,3,3,4,4,4,4,3,4,3.85,0,0,TRUE
Female,Loyal Customer,45,Business Travel,Business,1934,3,5,5,5,5,2,1,3,3,3,3,2,2,3.23,110,101,FALSE
Female,Loyal Customer,39,Personal Travel,Eco,2075,3,5,3,3,2,3,2,2,4,3,5,4,2,3.15,0,0,FALSE
Female,Loyal Customer,51,Personal Travel,Eco,612,2,3,2,3,2,3,3,3,3,2,3,4,3,2.77,0,0,FALSE
Female,Loyal Customer,29,Business Travel,Eco,320,4,1,1,1,4,4,4,4,1,2,2,1,4,2.54,0,0,TRUE
Female,Loyal Customer,15,Personal Travel,Eco Plus,2276,1,4,1,1,4,1,4,4,4,5,1,3,4,2.85,19,12,FALSE
Male,Loyal Customer,31,Personal Travel,Eco,1080,3,5,4,5,1,4,1,1,5,5,5,3,1,3.31,0,0,FALSE
Female,Loyal Customer,58,Business Travel,Business,577,2,2,2,2,2,4,5,4,4,4,4,4,5,3.38,0,0,TRUE
Male,Loyal Customer,40,Personal Travel,Eco,1235,3,1,2,4,4,2,4,4,4,3,3,1,4,3,20,7,FALSE
Female,Loyal Customer,32,Personal Travel,Eco Plus,214,4,3,0,2,3,0,3,3,5,1,4,2,3,2.54,0,0,FALSE
Female,Loyal Customer,9,Personal Travel,Eco Plus,2704,4,5,4,1,4,1,1,5,3,5,4,1,1,3,27,30,FALSE
Male,Loyal Customer,13,Personal Travel,Eco,1197,3,4,3,3,1,3,1,1,2,2,4,1,1,2.23,1,0,FALSE
Female,Loyal Customer,30,Business Travel,Business,516,4,4,3,4,2,2,2,2,4,3,4,3,2,3,0,0,TRUE
Male,Loyal Customer,43,Personal Travel,Business,1089,2,4,2,3,1,3,4,3,3,2,3,4,3,2.85,0,0,FALSE
Male,Loyal Customer,26,Business Travel,Business,1739,1,1,1,1,5,5,5,5,3,2,4,4,5,3.23,0,0,TRUE
Male,Loyal Customer,69,Business Travel,Business,674,2,2,5,2,5,3,3,2,2,2,2,4,1,2.69,0,0,FALSE
Male,Disloyal Customer,56,Business Travel,Business,235,3,3,3,3,2,3,2,2,1,3,2,1,2,2.31,0,0,FALSE
Female,Disloyal Customer,19,Business Travel,Eco,1609,3,3,3,2,4,3,4,4,5,5,4,5,4,3.77,0,0,FALSE
Female,Loyal Customer,53,Business Travel,Eco,262,2,1,1,1,3,3,3,2,2,2,2,1,2,1.92,1,0,FALSE
Female,Loyal Customer,32,Business Travel,Business,3708,3,3,5,3,5,5,5,5,2,2,2,1,5,3.54,0,12,TRUE
Male,Loyal Customer,51,Business Travel,Business,100,0,5,0,4,5,4,4,4,4,4,4,5,5,3.69,0,0,TRUE
Male,Loyal Customer,36,Business Travel,Business,3361,2,1,1,1,4,3,3,1,1,1,2,3,1,1.85,0,0,FALSE
Female,Loyal Customer,31,Business Travel,Eco Plus,792,4,1,1,1,4,4,4,4,5,1,4,4,4,3.15,0,23,TRUE
Female,Loyal Customer,46,Business Travel,Business,3784,3,3,3,3,5,5,5,3,5,3,4,5,5,4,0,0,TRUE
Male,Loyal Customer,32,Personal Travel,Eco Plus,1009,3,4,3,3,2,3,5,2,3,3,2,1,2,2.77,0,0,FALSE
Male,Loyal Customer,65,Personal Travel,Eco,1189,3,5,3,1,3,3,3,3,5,5,5,5,3,3.62,0,0,FALSE
Male,Disloyal Customer,14,Business Travel,Eco,1136,2,2,2,3,4,2,4,4,1,3,3,2,4,2.77,0,0,FALSE
Male,Disloyal Customer,54,Business Travel,Eco,198,3,0,3,3,4,3,4,4,4,3,2,4,4,3.15,0,0,FALSE
Female,Disloyal Customer,37,Business Travel,Eco Plus,164,3,3,3,4,5,3,5,5,4,2,4,4,5,3.85,33,28,FALSE
Male,Loyal Customer,40,Business Travel,Eco,861,2,1,1,1,2,2,2,2,1,5,2,4,2,2.08,6,11,FALSE
Male,Disloyal Customer,26,Business Travel,Eco,368,2,1,2,4,4,2,4,4,2,3,4,3,4,3,19,11,FALSE
Female,Loyal Customer,67,Personal Travel,Eco,372,2,5,2,5,2,5,4,3,3,2,3,5,3,3.38,13,11,FALSE
Female,Loyal Customer,42,Business Travel,Business,1891,3,3,3,3,1,2,1,5,5,5,5,4,3,3.31,0,0,TRUE
Female,Loyal Customer,48,Business Travel,Business,3463,1,1,1,1,4,4,4,5,5,5,5,3,4,3.31,50,33,TRUE
Male,Loyal Customer,42,Business Travel,Business,297,0,0,0,4,5,4,4,2,2,2,2,4,5,2.62,19,21,TRUE
Female,Loyal Customer,43,Business Travel,Business,1557,3,3,3,3,2,4,4,4,4,4,4,4,3,3.46,0,0,TRUE
Female,Loyal Customer,55,Business Travel,Business,2919,1,1,1,1,1,1,1,3,3,4,3,1,1,1.69,131,105,FALSE
Male,Loyal Customer,49,Personal Travel,Eco,337,2,4,5,3,3,5,3,3,5,5,5,5,3,3.92,44,34,FALSE
Male,Loyal Customer,32,Business Travel,Business,3800,2,2,2,2,1,1,2,1,4,5,3,3,1,2.23,0,0,FALSE
Male,Disloyal Customer,33,Business Travel,Eco,628,3,5,3,3,2,3,2,2,5,4,1,1,2,2.77,71,72,FALSE
Male,Loyal Customer,33,Business Travel,Business,1530,4,4,4,4,2,2,2,2,4,1,1,5,2,2.85,0,0,TRUE
Male,Loyal Customer,60,Business Travel,Business,587,2,2,2,2,2,5,4,5,5,5,5,4,4,3.62,0,2,TRUE
Male,Loyal Customer,7,Personal Travel,Eco,160,3,4,3,1,2,3,2,2,3,3,5,5,2,2.92,25,11,FALSE
Male,Loyal Customer,64,Personal Travel,Eco Plus,2486,3,4,3,3,1,3,1,1,2,3,4,3,1,2.46,0,5,FALSE
Female,Loyal Customer,47,Business Travel,Eco,2556,2,4,4,4,4,2,2,2,2,2,2,4,4,2.92,0,2,FALSE
Male,Loyal Customer,22,Business Travel,Business,1599,3,1,1,1,3,3,3,3,4,4,3,2,3,2.62,6,0,FALSE
Male,Loyal Customer,9,Personal Travel,Eco,1224,4,0,4,2,4,4,4,3,5,4,4,4,4,3.54,134,133,TRUE
Male,Loyal Customer,52,Business Travel,Business,3280,3,3,3,3,3,4,3,5,5,5,5,3,5,3.85,0,0,TRUE
Male,Loyal Customer,16,Personal Travel,Eco,919,3,1,3,4,4,3,4,4,2,1,3,3,4,3,0,9,FALSE
Female,Loyal Customer,40,Business Travel,Business,1899,3,5,5,5,2,4,3,3,3,3,3,3,2,3.38,0,0,FALSE
Male,Loyal Customer,59,Personal Travel,Eco,589,2,4,2,2,3,2,3,3,4,4,5,3,3,3.08,19,46,FALSE
Male,Disloyal Customer,19,Business Travel,Eco,1399,3,3,3,4,3,3,3,3,1,3,3,4,3,3,0,0,FALSE
Male,Loyal Customer,49,Personal Travel,Eco,327,2,0,2,4,5,2,5,5,4,4,5,3,5,3.54,0,0,FALSE
Male,Loyal Customer,45,Business Travel,Business,2475,4,4,4,4,2,2,2,5,4,4,3,2,2,3.23,35,176,TRUE
Male,Loyal Customer,26,Personal Travel,Eco,236,1,5,1,1,2,1,2,2,3,5,5,3,2,2.54,0,0,FALSE
Female,Loyal Customer,30,Personal Travel,Eco,357,1,2,2,3,4,2,4,4,4,1,3,2,4,2.77,0,0,FALSE
Female,Loyal Customer,31,Business Travel,Business,2489,3,3,3,3,5,5,5,5,4,4,4,4,5,4.08,0,0,TRUE
Female,Loyal Customer,55,Business Travel,Business,3809,1,1,1,1,2,4,5,5,5,5,5,3,5,3.31,1,0,TRUE
Female,Loyal Customer,17,Personal Travel,Eco,237,3,5,3,4,4,3,4,4,5,4,5,5,4,4.08,63,61,FALSE
Female,Loyal Customer,54,Business Travel,Business,3862,3,3,3,3,3,4,5,4,4,4,4,3,5,3.69,23,18,TRUE
Female,Loyal Customer,45,Business Travel,Eco,413,4,3,3,3,2,3,3,4,4,4,4,1,2,3.08,0,0,FALSE
Male,Loyal Customer,42,Business Travel,Eco,530,5,4,4,4,5,5,5,5,3,3,2,4,5,4.15,0,0,TRUE
Male,Loyal Customer,33,Business Travel,Business,102,0,5,0,4,1,1,1,1,1,4,4,4,1,2.08,12,14,TRUE
Male,Loyal Customer,62,Personal Travel,Eco,401,2,4,3,3,5,3,5,5,3,3,5,5,5,3.92,0,0,FALSE
Female,Loyal Customer,54,Business Travel,Business,1994,3,3,3,3,5,5,5,5,5,5,3,4,4,4.08,0,0,TRUE
Female,Loyal Customer,43,Business Travel,Business,2536,2,2,2,2,5,5,4,5,5,5,5,4,5,3.92,18,5,TRUE
Female,Loyal Customer,15,Personal Travel,Eco,564,3,5,3,3,1,3,1,1,3,4,4,4,1,2.77,0,1,FALSE
Male,Disloyal Customer,22,Business Travel,Eco,510,1,0,1,3,5,1,5,5,5,5,5,5,5,3.54,0,0,FALSE
Female,Loyal Customer,46,Personal Travel,Eco,347,4,1,4,3,2,3,4,5,5,4,1,4,1,3.15,0,3,FALSE
Female,Loyal Customer,70,Business Travel,Business,1075,2,2,2,2,4,3,3,2,2,2,2,2,2,2.31,0,0,FALSE
Female,Loyal Customer,11,Personal Travel,Eco,604,2,4,2,5,1,2,1,1,3,3,4,3,1,2.46,0,0,FALSE
Male,Loyal Customer,19,Personal Travel,Eco,546,1,5,3,4,5,3,5,5,4,3,1,4,5,3.69,13,0,FALSE
Male,Loyal Customer,41,Business Travel,Business,2135,2,2,2,2,3,4,5,5,5,5,5,4,4,3.69,0,0,TRUE
Female,Loyal Customer,56,Business Travel,Business,3175,2,2,2,2,4,5,4,4,4,4,4,3,5,3.46,0,7,TRUE
Male,Loyal Customer,31,Personal Travel,Eco,1034,1,5,1,4,2,1,4,2,3,4,4,4,2,2.85,12,0,FALSE
Female,Loyal Customer,8,Personal Travel,Business,541,1,4,1,4,4,1,2,4,4,5,4,3,4,3.15,0,0,FALSE
Female,Loyal Customer,35,Personal Travel,Eco,395,3,4,3,3,4,3,5,4,3,4,5,3,4,3.69,0,0,FALSE
Male,Loyal Customer,39,Business Travel,Business,2257,5,5,5,5,2,4,4,4,4,4,4,5,4,4.23,0,0,TRUE
Male,Loyal Customer,48,Business Travel,Eco,1222,3,2,2,2,3,3,3,3,2,2,3,2,3,2.54,0,4,TRUE
Male,Loyal Customer,16,Personal Travel,Eco,264,2,4,2,3,2,2,2,3,4,4,5,2,2,2.85,115,134,FALSE
Male,Loyal Customer,60,Business Travel,Business,2725,5,5,5,5,5,5,5,4,4,4,4,5,4,4.62,17,11,TRUE
Female,Loyal Customer,45,Business Travel,Business,1616,4,4,4,4,2,3,4,5,5,5,5,5,3,4.08,0,0,TRUE
Female,Loyal Customer,55,Personal Travel,Business,101,1,3,1,3,2,2,1,3,3,1,3,3,2,2.15,0,0,FALSE
Male,Loyal Customer,46,Business Travel,Business,762,3,3,3,3,3,4,5,5,5,5,5,3,5,4,0,15,TRUE
Male,Loyal Customer,47,Business Travel,Eco Plus,310,3,2,4,2,4,3,4,4,4,4,3,1,4,3.23,16,4,FALSE
Male,Loyal Customer,8,Personal Travel,Eco Plus,985,1,4,2,4,1,2,1,1,4,2,4,4,1,2.38,1,0,FALSE
Female,Loyal Customer,39,Business Travel,Eco,524,3,2,2,2,3,4,3,3,3,4,2,4,3,2.92,16,16,TRUE
Male,Loyal Customer,61,Personal Travel,Business,397,4,4,3,4,2,5,4,1,1,3,1,3,3,2.92,0,0,FALSE
Female,Loyal Customer,47,Business Travel,Eco,337,2,5,5,5,3,3,3,3,3,2,3,2,3,3.23,0,0,FALSE
Female,Loyal Customer,37,Business Travel,Business,2480,2,2,2,2,3,5,5,4,4,4,5,4,4,3.54,0,0,TRUE
Female,Loyal Customer,58,Personal Travel,Eco,554,1,5,1,3,5,5,5,2,2,1,2,5,5,3.23,0,1,FALSE
Female,Disloyal Customer,22,Business Travel,Eco Plus,226,3,0,4,3,1,4,1,1,1,3,4,3,1,2.23,0,0,FALSE
Female,Loyal Customer,40,Personal Travel,Eco,363,3,1,3,3,2,3,2,2,1,1,3,2,2,2.15,6,1,FALSE
Male,Loyal Customer,56,Personal Travel,Business,601,1,4,1,3,2,1,1,4,4,1,4,3,1,2.31,13,12,FALSE
Female,Loyal Customer,65,Business Travel,Business,2631,3,1,1,1,3,3,3,4,5,1,2,3,3,2.54,0,0,FALSE
Male,Loyal Customer,55,Business Travel,Business,1737,4,4,2,4,4,4,5,4,4,4,4,4,3,3.85,0,0,TRUE
Male,Loyal Customer,60,Personal Travel,Eco,689,3,5,3,2,5,3,5,5,5,4,5,3,5,4.08,0,1,FALSE
Male,Loyal Customer,58,Business Travel,Eco,1532,3,1,1,1,3,3,3,3,3,4,2,1,3,2.38,52,41,FALSE
Male,Loyal Customer,28,Personal Travel,Eco,1166,1,3,1,4,2,1,2,2,4,2,2,1,2,2.08,0,0,FALSE
Male,Loyal Customer,35,Personal Travel,Eco,1172,1,5,1,4,3,1,3,3,4,2,5,5,3,3.08,0,0,FALSE
Male,Loyal Customer,40,Business Travel,Business,397,2,3,3,3,2,2,2,2,2,2,2,1,3,2.23,3,6,FALSE
Female,Loyal Customer,52,Business Travel,Business,2402,1,1,1,1,2,3,4,4,4,4,4,5,5,3,0,8,TRUE
Female,Loyal Customer,43,Personal Travel,Eco,347,4,4,3,1,4,4,4,3,3,3,1,4,4,3.23,1,0,FALSE
Female,Loyal Customer,59,Business Travel,Business,1464,2,1,5,1,1,3,4,2,2,2,2,1,2,2.15,2,7,FALSE
Male,Loyal Customer,14,Personal Travel,Eco,944,5,5,5,3,4,5,4,4,1,5,2,5,4,4,0,0,TRUE
Female,Loyal Customer,46,Business Travel,Business,2421,1,1,1,1,2,5,4,5,5,5,5,4,3,3.23,0,0,TRUE
Male,Loyal Customer,36,Business Travel,Business,179,2,2,2,2,4,3,4,4,4,4,5,3,1,3.08,0,4,TRUE
Female,Loyal Customer,40,Personal Travel,Eco,239,1,3,1,2,3,1,4,3,2,3,1,2,3,2.23,30,15,FALSE
Female,Loyal Customer,44,Personal Travel,Eco,332,4,5,4,3,4,5,4,3,3,4,3,4,4,3.85,16,3,FALSE
Male,Loyal Customer,42,Business Travel,Business,2687,5,5,5,5,2,4,5,5,5,5,5,3,5,4.54,0,0,TRUE
Female,Disloyal Customer,18,Personal Travel,Eco,1041,1,2,1,3,3,1,3,3,2,1,4,2,3,2.23,18,4,FALSE
Male,Disloyal Customer,26,Business Travel,Eco,1101,4,4,4,3,4,4,4,4,4,1,1,2,4,3.31,2,0,FALSE
Male,Loyal Customer,56,Business Travel,Business,109,1,1,1,1,5,5,5,4,4,4,5,4,5,3.46,0,0,TRUE
Female,Loyal Customer,52,Business Travel,Business,3488,2,4,2,2,1,5,2,5,5,5,5,3,4,3.46,0,0,TRUE
Female,Loyal Customer,55,Personal Travel,Eco,719,1,5,1,1,2,5,4,2,2,1,2,4,5,2.69,36,70,FALSE
Male,Loyal Customer,53,Business Travel,Business,3962,5,5,5,5,4,4,5,4,4,4,4,5,4,4.46,0,0,TRUE
Female,Loyal Customer,41,Business Travel,Eco,2475,4,4,4,4,4,5,5,1,4,3,3,5,5,3.92,0,0,TRUE
Female,Loyal Customer,27,Personal Travel,Eco,570,2,5,2,2,1,2,2,1,3,4,5,3,1,2.54,0,0,FALSE
Female,Disloyal Customer,34,Business Travel,Business,2419,4,4,4,3,5,4,5,5,5,5,4,3,5,4.31,31,1,FALSE
Male,Loyal Customer,70,Business Travel,Business,3550,4,4,4,4,2,2,5,5,5,5,5,5,1,3.92,8,4,TRUE
Female,Loyal Customer,55,Business Travel,Business,444,5,5,5,5,3,5,5,4,4,4,4,3,3,4.23,0,0,TRUE
Male,Loyal Customer,31,Business Travel,Business,1050,3,3,5,3,4,4,4,4,2,3,5,3,4,3.62,0,0,TRUE
Male,Loyal Customer,46,Business Travel,Business,1526,1,1,1,1,3,4,5,4,4,4,4,5,4,3.15,0,0,TRUE
Female,Loyal Customer,22,Business Travel,Business,2730,3,4,4,4,3,3,3,3,2,4,1,1,3,2.92,83,81,FALSE
Male,Loyal Customer,42,Business Travel,Business,471,5,3,5,5,2,4,4,5,5,5,5,5,4,4.38,1,0,TRUE
Female,Disloyal Customer,44,Business Travel,Eco,1237,3,3,3,3,4,3,4,4,1,1,3,3,4,3,0,0,FALSE
Male,Disloyal Customer,22,Business Travel,Eco,370,1,1,1,3,2,1,2,2,1,4,3,1,2,1.85,5,0,FALSE
Male,Loyal Customer,57,Business Travel,Business,2937,1,1,1,1,5,5,5,4,4,4,4,3,5,3.31,23,18,TRUE
Female,Loyal Customer,52,Business Travel,Business,2919,5,5,5,5,3,4,5,2,2,2,2,5,5,3.85,22,26,TRUE
Female,Loyal Customer,34,Personal Travel,Eco,990,2,5,2,5,5,2,5,5,3,3,5,4,5,3.92,0,0,FALSE
Female,Loyal Customer,47,Business Travel,Business,370,2,2,2,2,4,4,4,4,4,4,4,5,4,3.46,19,12,TRUE
Male,Loyal Customer,56,Business Travel,Business,1448,4,4,4,4,1,3,5,5,5,5,5,5,4,4.15,0,1,TRUE
Male,Loyal Customer,41,Business Travel,Business,2288,5,5,5,5,4,5,4,4,4,4,4,5,4,4.46,0,0,TRUE
Female,Loyal Customer,9,Business Travel,Business,2921,4,2,2,2,4,4,4,4,4,1,3,3,4,3.15,0,0,FALSE
Female,Disloyal Customer,44,Business Travel,Eco,1048,2,2,2,4,2,2,2,2,1,2,3,4,2,2.31,0,0,FALSE
Female,Loyal Customer,44,Business Travel,Business,3145,1,1,1,1,3,4,4,5,5,5,5,4,5,3.38,41,21,TRUE
Male,Loyal Customer,41,Personal Travel,Eco,895,3,4,3,3,2,3,2,2,1,1,3,1,2,2.31,33,32,FALSE
Male,Loyal Customer,60,Business Travel,Business,2877,5,5,5,5,4,4,5,4,4,4,4,5,3,4.38,12,31,TRUE
Female,Loyal Customer,65,Personal Travel,Eco,1080,3,3,2,2,4,4,1,3,3,2,3,1,4,2.69,0,0,FALSE
Female,Disloyal Customer,62,Business Travel,Eco,495,3,2,3,3,5,3,5,5,4,1,3,2,5,3.38,9,0,FALSE
Female,Loyal Customer,57,Business Travel,Business,101,1,1,1,1,3,5,5,5,5,4,5,5,5,3.54,0,0,TRUE
Female,Disloyal Customer,19,Business Travel,Eco,983,3,3,3,5,2,3,2,2,5,4,4,5,2,3.31,0,0,FALSE
Female,Disloyal Customer,21,Business Travel,Eco,580,4,0,4,3,3,4,3,3,4,5,5,3,3,3.38,0,0,TRUE
Male,Disloyal Customer,22,Business Travel,Eco,440,2,4,2,5,3,2,3,3,3,4,4,3,3,3.15,1,0,FALSE
Male,Disloyal Customer,15,Business Travel,Business,1259,4,4,4,2,5,4,5,5,4,3,4,5,5,4.15,28,6,TRUE
Male,Loyal Customer,22,Personal Travel,Eco,2475,3,3,4,1,3,4,2,3,3,3,5,3,3,3.08,0,0,FALSE
Male,Disloyal Customer,30,Business Travel,Eco,846,3,3,3,4,2,3,2,2,3,3,1,1,2,2.46,0,0,FALSE
Female,Loyal Customer,34,Business Travel,Eco Plus,1400,0,0,0,3,2,0,2,2,5,1,1,1,2,1.46,0,0,TRUE
Male,Loyal Customer,53,Business Travel,Eco,689,2,4,4,4,2,2,2,2,3,3,3,3,2,2.77,0,9,FALSE
Female,Loyal Customer,35,Business Travel,Business,1589,1,1,4,1,5,4,5,5,5,4,5,5,4,3.77,23,0,TRUE
Male,Loyal Customer,51,Business Travel,Business,1475,5,5,5,5,5,4,4,5,5,4,5,4,5,4.69,0,4,TRUE
Female,Loyal Customer,34,Personal Travel,Eco,164,2,4,0,2,2,0,2,2,3,5,4,5,2,2.54,29,38,FALSE
Female,Loyal Customer,63,Personal Travel,Eco,212,2,1,2,3,4,4,3,3,3,2,3,1,1,2.46,23,18,FALSE
Female,Loyal Customer,36,Business Travel,Eco,551,4,5,3,5,4,4,4,4,3,1,5,3,4,3.77,0,0,TRUE
Male,Loyal Customer,7,Personal Travel,Eco,190,4,5,4,3,5,4,5,5,3,3,4,4,5,4.15,58,50,FALSE
Male,Loyal Customer,31,Business Travel,Business,1792,1,1,1,1,5,5,5,5,4,4,3,5,5,3.46,0,0,TRUE
Male,Loyal Customer,70,Business Travel,Business,2893,3,3,3,3,1,2,3,4,4,4,4,5,1,3.08,0,0,TRUE
Female,Loyal Customer,30,Business Travel,Business,3940,2,2,2,2,4,4,4,4,5,4,5,4,4,3.54,46,35,TRUE
Male,Disloyal Customer,64,Business Travel,Business,259,2,2,2,3,4,2,4,4,4,1,4,4,4,3.08,0,4,FALSE
Male,Disloyal Customer,38,Business Travel,Eco,691,2,2,2,3,4,2,4,4,1,1,4,4,4,2.85,26,10,FALSE
Female,Loyal Customer,48,Business Travel,Business,344,0,0,0,3,5,3,5,4,4,4,4,4,4,3.08,0,0,TRUE
Male,Loyal Customer,35,Business Travel,Business,277,4,3,3,3,3,2,2,4,4,4,4,3,3,3.23,58,44,FALSE
Male,Loyal Customer,33,Business Travel,Business,1721,5,5,5,5,4,4,4,4,5,3,4,2,4,4.15,27,14,TRUE
Female,Loyal Customer,54,Business Travel,Business,345,3,1,1,1,4,3,3,3,3,2,3,3,1,2.38,0,0,FALSE
Female,Loyal Customer,49,Business Travel,Business,1669,3,3,2,3,4,4,4,5,5,5,5,4,4,3.92,46,36,TRUE
Female,Loyal Customer,43,Business Travel,Business,1635,1,1,1,1,2,3,4,3,3,3,3,4,3,2.46,0,0,TRUE
Female,Loyal Customer,33,Personal Travel,Eco,427,3,4,3,3,2,3,2,2,4,1,3,1,2,2.54,0,0,FALSE
Male,Loyal Customer,64,Personal Travel,Business,602,4,4,4,2,4,4,4,4,4,4,5,5,4,4,0,0,FALSE
Female,Loyal Customer,26,Personal Travel,Eco,811,2,2,2,3,5,2,4,5,1,1,3,4,5,3,0,0,FALSE
Male,Loyal Customer,31,Personal Travel,Eco,1195,2,4,2,1,5,2,1,5,4,2,3,4,5,3.08,0,7,FALSE
Female,Disloyal Customer,48,Business Travel,Eco,1069,3,3,3,1,5,3,5,5,1,2,3,3,5,3.23,23,38,FALSE
Male,Loyal Customer,44,Business Travel,Business,3457,2,4,4,4,3,2,3,2,2,2,2,4,3,2.85,53,59,FALSE
Female,Loyal Customer,42,Business Travel,Business,462,3,3,4,3,4,1,1,4,4,4,4,3,4,3.23,26,19,TRUE
Female,Disloyal Customer,23,Business Travel,Eco,921,1,1,1,4,3,1,3,3,5,3,1,2,3,2.38,0,0,FALSE
Female,Loyal Customer,58,Business Travel,Eco Plus,770,1,3,3,3,5,3,3,1,1,1,1,2,4,2.38,0,0,FALSE
Female,Disloyal Customer,27,Business Travel,Business,516,4,4,4,1,3,4,3,3,3,3,4,4,3,3.31,96,78,TRUE
Female,Loyal Customer,35,Business Travel,Business,762,3,3,3,3,5,5,5,5,5,5,5,4,3,4.15,12,13,TRUE
Male,Disloyal Customer,37,Business Travel,Eco,370,1,4,0,3,1,0,3,1,1,4,2,1,1,1.69,0,0,FALSE
Male,Disloyal Customer,36,Business Travel,Eco,567,2,0,1,3,3,1,3,3,1,4,4,1,3,2.23,0,0,FALSE
Male,Loyal Customer,49,Personal Travel,Eco,2457,4,2,4,4,4,5,5,2,1,2,3,5,5,3.54,0,0,FALSE
Male,Loyal Customer,50,Business Travel,Business,994,3,5,5,5,2,3,3,3,3,3,3,4,4,3.54,112,103,FALSE
Male,Disloyal Customer,22,Business Travel,Eco,323,5,4,5,3,1,5,4,1,5,3,4,4,1,3.46,0,0,TRUE
Female,Loyal Customer,48,Personal Travel,Eco,405,2,4,2,1,2,4,4,1,1,2,2,5,3,2.54,8,1,FALSE
Male,Loyal Customer,40,Business Travel,Business,451,2,2,2,2,3,4,4,4,4,4,4,4,5,3.38,0,2,TRUE
Male,Loyal Customer,16,Personal Travel,Eco,305,1,4,1,3,1,1,1,1,1,1,2,2,1,1.54,2,0,FALSE
Male,Loyal Customer,49,Business Travel,Eco,338,2,3,3,3,2,2,2,2,4,2,3,4,2,2.62,15,7,FALSE
Female,Disloyal Customer,24,Business Travel,Eco,347,1,1,0,3,5,0,5,5,2,2,3,2,5,2.62,34,34,FALSE
Male,Loyal Customer,8,Personal Travel,Eco,268,3,3,3,4,4,3,4,4,1,4,4,4,4,3.46,23,20,FALSE
Male,Loyal Customer,18,Personal Travel,Eco,1290,1,5,1,1,2,1,2,2,5,4,4,5,2,2.69,26,14,FALSE
Female,Loyal Customer,9,Personal Travel,Eco,611,2,3,2,3,3,2,3,3,4,2,4,5,3,3,21,31,FALSE
Female,Disloyal Customer,38,Business Travel,Eco,987,3,3,3,3,5,3,3,5,1,2,5,2,5,3.31,0,0,TRUE
Male,Loyal Customer,44,Business Travel,Business,2597,3,3,3,3,3,5,5,5,5,5,3,5,2,3.85,49,50,TRUE
Male,Loyal Customer,60,Business Travel,Business,3262,1,1,1,1,5,4,5,5,5,5,5,3,4,3.46,8,0,TRUE
Male,Disloyal Customer,24,Business Travel,Eco,748,2,2,2,5,1,2,1,1,1,2,3,5,1,2.15,87,68,FALSE
Male,Loyal Customer,45,Business Travel,Business,502,3,5,5,5,3,3,2,3,3,3,3,1,3,3.23,0,44,FALSE
Male,Loyal Customer,50,Personal Travel,Eco,748,3,4,3,3,5,3,4,5,5,5,4,4,5,4.08,1,7,FALSE
Female,Loyal Customer,42,Business Travel,Business,597,2,1,2,2,3,4,4,3,3,4,3,3,3,2.85,0,0,TRUE
Male,Loyal Customer,50,Business Travel,Business,2486,2,2,2,2,4,5,5,5,5,5,5,3,4,3.77,0,0,TRUE
Female,Loyal Customer,40,Personal Travel,Eco,1416,4,4,4,3,1,4,1,1,2,4,4,1,1,2.62,129,129,FALSE
Male,Loyal Customer,38,Business Travel,Business,2057,2,1,1,1,4,4,4,2,2,2,2,4,4,2.54,0,0,FALSE
Male,Loyal Customer,39,Personal Travel,Eco,157,3,4,0,2,3,0,3,3,4,5,4,5,3,3,0,0,FALSE
Male,Loyal Customer,21,Personal Travel,Eco,1190,4,4,4,4,1,4,1,1,5,3,3,3,1,2.92,8,0,TRUE
Male,Loyal Customer,56,Business Travel,Business,1555,2,2,2,2,4,5,5,5,5,5,5,5,5,4,4,0,TRUE
Female,Disloyal Customer,13,Business Travel,Eco,1144,3,3,3,3,4,3,4,4,2,1,4,4,4,3.23,0,12,FALSE
Male,Loyal Customer,68,Personal Travel,Business,794,4,4,4,1,3,4,5,2,2,4,2,4,3,3.23,5,21,FALSE
Male,Loyal Customer,42,Business Travel,Business,2263,2,2,2,2,5,4,5,4,4,5,4,5,3,3.62,0,0,TRUE
Female,Loyal Customer,45,Business Travel,Business,3879,5,5,5,5,2,4,4,4,4,4,4,5,5,4.31,0,0,TRUE
Male,Loyal Customer,45,Business Travel,Business,896,1,1,1,1,5,5,5,4,4,4,4,3,4,3.23,17,9,TRUE
Female,Loyal Customer,49,Business Travel,Business,2080,3,1,1,1,2,4,4,3,3,3,3,1,1,2.31,14,12,FALSE
Male,Loyal Customer,63,Personal Travel,Eco,912,3,1,3,3,5,3,5,5,4,4,2,2,5,3.46,40,28,FALSE
Male,Loyal Customer,39,Business Travel,Eco,925,4,4,4,4,4,4,4,4,2,4,5,3,4,3.85,62,46,TRUE
Male,Loyal Customer,37,Business Travel,Business,3440,3,3,3,3,4,5,5,4,4,4,4,4,3,3.77,0,0,TRUE
Male,Loyal Customer,71,Business Travel,Business,3297,0,3,0,4,1,2,3,3,3,3,3,1,1,2.08,1,0,TRUE
Female,Loyal Customer,55,Personal Travel,Eco,1990,2,3,3,4,4,4,3,5,5,3,5,4,1,3.54,1,0,FALSE
Male,Loyal Customer,28,Business Travel,Business,2454,1,1,1,1,5,5,5,5,3,2,2,1,5,2.85,0,0,TRUE
Female,Loyal Customer,46,Personal Travel,Business,2556,2,5,2,4,2,4,3,2,2,2,2,3,4,2.85,0,0,FALSE
Female,Loyal Customer,40,Business Travel,Business,710,2,2,4,2,4,4,4,4,4,4,4,3,3,3.38,1,19,TRUE
Female,Disloyal Customer,20,Business Travel,Eco Plus,521,4,5,4,1,4,4,4,4,5,2,1,5,4,3.62,0,0,TRUE
Male,Loyal Customer,56,Business Travel,Business,3835,4,4,4,4,4,4,4,4,4,4,4,5,5,4.15,0,0,TRUE
Male,Loyal Customer,13,Business Travel,Business,1846,3,1,1,1,3,3,3,3,2,3,3,4,3,2.54,38,16,FALSE
Female,Loyal Customer,50,Business Travel,Business,651,3,4,4,4,3,1,2,3,3,3,3,3,4,3.08,0,3,FALSE
Male,Loyal Customer,43,Business Travel,Business,3410,3,3,3,3,5,4,5,4,4,4,4,4,3,3.77,20,5,TRUE
Female,Loyal Customer,59,Personal Travel,Eco,1024,1,1,1,3,1,3,2,5,5,1,5,1,1,2.31,0,0,FALSE
Female,Loyal Customer,56,Business Travel,Business,1020,5,5,5,5,2,5,4,5,5,5,5,4,4,4.54,0,0,TRUE
Female,Loyal Customer,24,Business Travel,Eco Plus,273,1,2,2,2,1,1,3,1,2,5,4,4,1,2.23,56,42,FALSE
Male,Loyal Customer,50,Business Travel,Business,1250,3,4,2,4,4,3,3,3,3,3,3,4,4,3.31,4,2,FALSE
Male,Disloyal Customer,21,Business Travel,Eco,874,5,5,5,4,1,5,1,1,5,2,5,5,1,3.46,0,0,TRUE
Male,Loyal Customer,51,Personal Travel,Eco,127,1,1,1,3,5,1,5,5,3,2,2,1,5,2.69,0,0,FALSE
Male,Loyal Customer,74,Business Travel,Business,2469,1,5,5,5,1,1,1,3,2,3,3,1,1,2.46,368,350,FALSE
Male,Disloyal Customer,27,Business Travel,Business,550,5,5,5,3,2,5,2,2,4,4,4,4,2,3.62,0,0,TRUE
Male,Loyal Customer,46,Business Travel,Business,1416,3,3,3,3,5,5,4,5,5,5,5,5,5,4.31,14,0,TRUE
Female,Disloyal Customer,24,Business Travel,Business,259,5,0,5,4,4,5,4,4,3,2,5,3,4,3.69,32,30,TRUE
Female,Loyal Customer,68,Personal Travel,Eco,491,2,3,3,2,4,1,2,4,4,3,4,2,4,2.92,0,0,FALSE
Male,Loyal Customer,14,Personal Travel,Eco,277,4,5,4,2,3,4,4,3,1,2,3,4,3,3.23,0,0,TRUE
Female,Loyal Customer,46,Business Travel,Business,2454,3,3,3,3,5,3,5,4,4,4,4,3,4,3.69,2,0,TRUE
Male,Loyal Customer,40,Business Travel,Business,3973,3,3,3,3,2,4,4,3,3,3,3,5,3,3.23,10,2,TRUE
Female,Disloyal Customer,39,Business Travel,Business,250,2,2,2,4,5,2,3,5,5,2,5,4,5,3.54,0,0,TRUE
Female,Loyal Customer,58,Business Travel,Business,2354,5,5,5,5,4,5,4,5,5,5,5,5,5,4.85,0,0,TRUE
Male,Loyal Customer,42,Business Travel,Eco,787,2,2,2,2,2,2,2,2,1,4,2,1,2,2,74,60,FALSE
Female,Loyal Customer,45,Business Travel,Business,280,4,1,1,1,2,4,3,4,4,4,4,4,1,2.85,111,131,FALSE
Female,Loyal Customer,59,Personal Travel,Eco,419,3,3,3,3,1,2,3,5,5,3,5,2,3,3.15,78,66,FALSE
Male,Loyal Customer,62,Personal Travel,Eco,853,2,5,2,4,3,2,3,3,3,5,5,3,3,3.31,17,4,FALSE
Male,Loyal Customer,44,Business Travel,Business,2457,2,2,2,2,2,4,4,3,3,3,3,5,4,3,0,0,TRUE
Male,Disloyal Customer,16,Business Travel,Business,272,4,5,4,1,2,4,2,2,2,1,4,5,2,2.92,0,0,TRUE
Male,Loyal Customer,28,Business Travel,Eco,296,4,5,1,5,4,4,4,4,2,3,3,4,4,3.62,0,0,TRUE
Male,Loyal Customer,61,Personal Travel,Eco Plus,2342,1,4,1,4,2,1,2,2,4,2,2,5,2,2.46,3,0,FALSE
Male,Loyal Customer,62,Business Travel,Business,2994,2,3,3,3,1,2,2,2,2,2,2,2,4,2.31,31,58,FALSE
Male,Loyal Customer,15,Personal Travel,Eco,449,3,3,3,4,4,3,4,4,5,4,5,2,4,3.69,21,6,FALSE
Male,Loyal Customer,42,Business Travel,Eco,236,3,5,3,5,3,3,3,3,1,2,4,1,3,3,29,19,FALSE
Male,Disloyal Customer,16,Business Travel,Eco,986,2,2,2,3,1,2,1,1,3,5,4,3,1,2.31,37,44,FALSE
Male,Loyal Customer,25,Business Travel,Business,594,1,0,0,4,1,0,1,1,3,4,3,1,1,1.54,62,80,FALSE
Male,Loyal Customer,22,Business Travel,Business,3744,2,2,5,2,4,4,4,4,3,4,5,3,4,3.54,0,0,TRUE
Male,Loyal Customer,49,Personal Travel,Eco,1346,2,4,2,4,2,2,2,2,3,5,4,5,2,3,5,0,FALSE
Male,Loyal Customer,31,Business Travel,Business,3415,5,5,5,5,4,4,3,4,3,5,5,2,4,4.15,58,49,TRUE
Female,Loyal Customer,41,Business Travel,Business,1887,5,5,5,5,2,4,5,4,4,4,4,4,4,4.23,119,101,TRUE
Female,Loyal Customer,31,Business Travel,Business,425,2,3,3,3,2,2,2,2,4,3,3,4,2,2.69,0,0,FALSE
Male,Loyal Customer,69,Business Travel,Business,1695,5,5,5,5,3,4,4,4,4,4,4,3,5,4.23,1,0,TRUE
Male,Disloyal Customer,25,Business Travel,Eco,566,3,2,3,3,3,3,3,3,1,1,4,2,3,2.62,5,2,FALSE
Female,Loyal Customer,25,Personal Travel,Eco,449,2,5,2,2,4,2,4,4,4,2,5,5,4,3.46,0,2,FALSE
Male,Loyal Customer,39,Business Travel,Business,2455,0,5,0,4,5,5,4,1,1,1,1,4,3,2.62,5,6,TRUE
Female,Loyal Customer,37,Business Travel,Business,2203,4,2,5,2,2,4,4,4,4,4,4,1,4,3.38,0,0,FALSE
Female,Loyal Customer,55,Business Travel,Business,337,0,0,0,1,5,1,1,5,5,5,5,2,4,2.62,15,41,TRUE
Male,Loyal Customer,32,Business Travel,Business,3307,2,2,2,2,2,2,2,2,1,4,3,2,2,2.15,0,2,FALSE
Female,Loyal Customer,30,Personal Travel,Eco,228,4,1,4,4,5,4,5,5,3,2,3,1,5,3.54,0,0,FALSE
Female,Loyal Customer,61,Personal Travel,Eco,936,1,4,1,3,3,5,4,3,3,1,3,5,4,3.08,0,0,FALSE
Female,Loyal Customer,29,Personal Travel,Eco,456,4,3,4,5,3,4,5,3,1,1,2,4,3,3.23,0,0,FALSE
Male,Loyal Customer,65,Personal Travel,Eco,862,2,4,2,4,2,2,2,2,3,3,4,5,2,2.85,3,1,FALSE
Female,Loyal Customer,39,Business Travel,Business,362,5,2,2,2,5,4,4,5,5,4,5,3,1,3.62,10,7,FALSE
Male,Disloyal Customer,30,Business Travel,Business,280,2,2,2,2,1,2,1,1,2,1,2,3,1,1.69,54,29,FALSE
Male,Loyal Customer,46,Business Travel,Business,3223,5,2,5,5,4,4,4,4,4,4,4,4,3,4,3,0,TRUE
Male,Loyal Customer,29,Business Travel,Eco,404,3,1,5,5,3,3,3,3,3,4,4,3,3,3.31,41,57,FALSE
Female,Disloyal Customer,21,Business Travel,Eco,448,2,0,2,4,1,2,3,1,1,2,3,3,1,1.92,0,0,FALSE
Male,Loyal Customer,24,Personal Travel,Eco,449,0,2,0,3,5,0,3,5,2,5,4,2,5,2.77,1,0,TRUE
Female,Disloyal Customer,26,Business Travel,Business,227,3,3,3,3,3,3,4,3,2,1,3,2,3,2.77,38,44,FALSE
Female,Loyal Customer,30,Business Travel,Business,2159,1,1,3,1,5,5,5,5,5,5,4,5,5,3.85,7,0,TRUE
Male,Loyal Customer,37,Business Travel,Business,3868,2,2,2,2,5,5,4,5,5,5,5,4,4,3.85,6,2,TRUE
Female,Disloyal Customer,22,Business Travel,Eco,361,4,4,4,3,5,4,5,5,4,1,4,2,5,3.85,0,0,FALSE
Male,Loyal Customer,42,Business Travel,Business,3759,1,1,1,1,5,5,5,5,5,5,5,4,5,3.69,4,7,TRUE
Male,Loyal Customer,60,Business Travel,Business,3326,5,5,5,5,5,4,5,4,4,4,4,4,4,4.46,0,0,TRUE
Female,Loyal Customer,58,Personal Travel,Eco,787,3,5,4,3,3,5,4,2,2,4,1,5,5,3.54,36,51,FALSE
Female,Loyal Customer,56,Business Travel,Business,3867,3,4,3,3,3,4,5,4,4,4,5,4,3,3.77,0,0,TRUE
Male,Disloyal Customer,36,Business Travel,Eco,923,2,2,2,3,5,2,5,5,3,4,2,3,5,3.31,0,0,FALSE
Male,Loyal Customer,50,Business Travel,Eco,1028,2,3,3,3,1,2,1,1,2,2,3,4,1,2.15,66,53,TRUE
Male,Loyal Customer,50,Business Travel,Business,2063,2,1,1,1,4,4,4,2,2,2,2,1,4,2.31,46,35,FALSE
Male,Loyal Customer,38,Business Travel,Business,808,2,2,2,2,5,3,1,4,4,4,4,2,1,2.77,17,0,TRUE
Male,Loyal Customer,38,Business Travel,Eco,651,4,5,4,5,4,4,4,4,1,5,5,3,4,4,0,0,TRUE
Female,Loyal Customer,43,Personal Travel,Eco,1452,2,3,2,2,1,2,2,4,4,2,4,1,4,2.54,51,32,FALSE
Female,Loyal Customer,63,Business Travel,Eco,341,4,3,5,3,2,3,2,4,4,4,4,1,3,3.23,0,0,TRUE
Female,Loyal Customer,69,Personal Travel,Eco,964,1,5,1,3,3,5,4,5,5,1,1,4,5,3.31,0,5,FALSE
Female,Loyal Customer,51,Business Travel,Business,627,4,4,4,4,2,2,3,4,4,4,4,1,2,3.23,50,73,TRUE
Male,Loyal Customer,38,Business Travel,Business,569,3,3,3,3,2,4,4,4,4,4,4,3,5,3.54,0,0,TRUE
Female,Disloyal Customer,23,Business Travel,Eco,723,2,2,2,4,2,2,2,2,2,1,1,3,2,2.08,24,17,FALSE
Male,Loyal Customer,34,Business Travel,Business,3601,4,1,1,1,1,3,4,4,4,3,4,3,2,2.69,8,7,FALSE
Female,Disloyal Customer,17,Business Travel,Eco,369,5,2,5,1,1,5,1,1,1,4,1,3,1,2.38,0,0,TRUE
Female,Loyal Customer,32,Personal Travel,Eco Plus,2762,3,0,3,5,3,2,3,3,2,5,4,3,3,3,0,16,FALSE
Female,Loyal Customer,30,Personal Travel,Eco,802,1,3,1,5,5,1,5,5,1,2,1,4,5,3,31,18,FALSE
Female,Loyal Customer,14,Personal Travel,Eco,1851,1,4,1,4,3,1,3,3,4,4,4,1,3,2.77,0,0,FALSE
Female,Loyal Customer,30,Personal Travel,Business,594,4,1,4,3,1,4,1,1,1,1,3,3,1,2.15,67,46,FALSE
Female,Disloyal Customer,43,Business Travel,Eco,404,2,3,2,2,5,2,5,5,4,5,3,4,5,3.62,6,0,FALSE
Male,Loyal Customer,60,Business Travel,Eco,189,1,2,5,2,1,1,1,1,2,2,3,1,1,1.77,45,50,FALSE
Female,Loyal Customer,46,Personal Travel,Eco,1744,1,2,1,3,5,1,3,5,5,1,1,4,4,2.77,2,10,FALSE
Female,Loyal Customer,56,Personal Travel,Eco,577,2,2,2,2,1,3,3,1,1,2,1,4,1,1.92,0,0,FALSE
Female,Disloyal Customer,30,Business Travel,Business,458,3,3,3,2,2,3,2,2,2,1,2,2,2,2.23,0,12,FALSE
Male,Loyal Customer,17,Personal Travel,Eco,1208,2,1,2,3,4,2,5,4,4,4,3,1,4,3,0,0,FALSE
Female,Disloyal Customer,17,Business Travel,Eco,817,3,3,3,4,3,1,1,3,4,2,4,1,1,2.54,35,13,FALSE
Male,Loyal Customer,57,Business Travel,Business,764,5,5,5,5,2,4,4,4,4,4,4,4,5,4.23,0,0,TRUE
Male,Loyal Customer,47,Business Travel,Business,280,3,3,3,3,3,4,4,4,4,4,4,3,5,3.62,14,0,TRUE
Male,Loyal Customer,27,Personal Travel,Eco,1744,2,5,1,1,3,1,3,3,5,4,4,4,3,3,1,7,FALSE
Male,Loyal Customer,53,Business Travel,Business,233,2,2,2,2,3,4,5,4,4,4,4,3,4,3.31,0,0,TRUE
Female,Loyal Customer,47,Business Travel,Eco,689,5,2,2,2,4,5,2,5,5,5,5,4,4,3.85,0,0,TRUE
Male,Loyal Customer,60,Personal Travel,Business,551,3,1,3,2,2,2,3,1,1,3,1,3,2,2.08,0,0,FALSE
Female,Loyal Customer,60,Personal Travel,Eco Plus,2475,3,2,3,3,3,4,5,2,3,2,4,5,5,3.38,0,0,FALSE
Female,Loyal Customer,59,Business Travel,Business,1188,3,3,3,3,3,5,5,4,4,4,4,5,4,3.85,0,0,TRUE
Female,Loyal Customer,67,Business Travel,Business,221,4,4,4,4,2,4,1,4,4,4,5,5,4,3.77,85,101,TRUE
Male,Loyal Customer,27,Personal Travel,Eco,725,3,5,3,3,4,3,4,4,4,4,3,5,4,3.77,10,40,FALSE
Male,Loyal Customer,51,Personal Travel,Eco,805,1,5,1,1,3,1,3,3,4,3,3,1,3,2.46,0,0,FALSE
Male,Loyal Customer,25,Business Travel,Eco,2681,5,3,3,3,5,3,5,4,1,3,2,5,5,3.62,0,24,TRUE
Male,Loyal Customer,31,Personal Travel,Eco,1008,5,5,5,4,1,5,1,1,5,4,5,3,1,3.46,0,0,TRUE
Male,Loyal Customer,49,Business Travel,Business,280,5,5,5,5,3,5,5,5,5,5,5,3,4,4.62,0,0,TRUE
Female,Loyal Customer,63,Personal Travel,Eco,163,1,5,1,4,3,4,5,1,1,1,1,3,3,2.54,0,0,FALSE
Female,Loyal Customer,29,Business Travel,Eco Plus,130,2,3,3,3,2,2,2,2,1,4,4,2,2,2.46,0,5,FALSE
Male,Loyal Customer,30,Business Travel,Business,3440,3,3,3,3,3,3,3,3,3,1,3,4,3,2.92,0,0,FALSE
Female,Loyal Customer,50,Business Travel,Business,1769,1,1,1,1,2,5,4,4,4,4,5,3,4,3,0,4,TRUE
Male,Loyal Customer,26,Personal Travel,Eco Plus,543,2,3,2,3,3,2,3,3,1,1,4,5,3,2.69,33,13,FALSE
Male,Loyal Customer,49,Business Travel,Business,1767,1,1,1,1,4,5,5,4,4,4,4,4,5,3.31,0,0,TRUE
Female,Loyal Customer,33,Personal Travel,Eco,409,1,5,1,5,4,1,4,4,4,1,5,2,4,3.15,0,0,FALSE
Male,Loyal Customer,54,Business Travel,Eco,937,2,3,3,3,2,2,2,2,3,1,4,4,2,2.54,0,0,FALSE
Female,Disloyal Customer,24,Business Travel,Eco,680,2,1,1,1,4,1,4,4,4,5,1,4,4,2.77,0,0,FALSE
Male,Loyal Customer,47,Business Travel,Eco Plus,199,4,2,2,2,4,4,4,4,1,3,2,2,4,2.92,10,12,TRUE
Female,Disloyal Customer,27,Business Travel,Eco,311,3,1,3,3,1,3,1,1,4,5,3,3,1,2.46,29,16,FALSE
Female,Loyal Customer,57,Business Travel,Eco,1075,5,2,2,2,4,3,3,5,5,5,5,3,2,3.54,0,0,TRUE
Female,Loyal Customer,39,Business Travel,Business,3273,3,3,3,3,4,5,4,4,4,4,4,4,4,3.77,0,0,TRUE
Male,Loyal Customer,55,Business Travel,Business,1568,2,5,5,5,3,4,4,2,2,2,2,1,1,2.92,0,0,FALSE
Female,Loyal Customer,48,Business Travel,Business,909,2,2,2,2,4,5,4,2,2,2,2,3,3,2.69,6,0,TRUE
Female,Loyal Customer,30,Business Travel,Business,3556,1,1,3,1,5,5,4,5,4,2,4,5,5,3.46,0,8,TRUE
Female,Loyal Customer,39,Business Travel,Business,1705,1,1,1,1,3,4,4,5,5,5,5,4,5,3.38,0,10,TRUE
Male,Disloyal Customer,24,Business Travel,Eco,1069,2,2,2,2,4,2,4,4,2,1,3,2,4,2.62,3,4,FALSE
Male,Loyal Customer,18,Personal Travel,Eco,967,3,4,3,4,5,3,5,5,4,1,3,1,5,3.54,95,79,FALSE
Male,Loyal Customer,41,Personal Travel,Eco,1084,4,4,4,2,5,4,5,5,5,2,5,5,5,4.23,0,0,TRUE
Male,Loyal Customer,46,Business Travel,Business,1901,5,5,5,5,1,1,4,5,5,5,5,3,5,4.15,22,25,TRUE
Male,Loyal Customer,31,Business Travel,Eco Plus,899,2,1,1,1,2,2,2,2,4,2,4,3,2,2.15,0,14,FALSE
Female,Loyal Customer,34,Business Travel,Business,2419,5,5,5,5,4,4,5,4,4,4,4,3,3,4.23,0,9,TRUE
Female,Disloyal Customer,59,Business Travel,Eco,475,2,4,2,3,3,2,1,3,1,5,4,3,3,2.77,1,0,FALSE
Male,Loyal Customer,7,Personal Travel,Eco,1145,2,3,2,3,3,2,5,3,4,1,3,1,3,2.69,0,0,FALSE
Female,Loyal Customer,33,Business Travel,Business,3477,4,4,4,4,2,4,3,5,5,5,5,1,2,3.69,0,30,TRUE
Male,Loyal Customer,23,Personal Travel,Eco,1726,5,4,5,3,3,5,3,3,3,3,3,3,3,3.54,2,0,TRUE
Male,Loyal Customer,57,Personal Travel,Eco,1195,2,5,2,1,3,2,3,3,5,4,4,4,3,3.15,89,85,FALSE
Male,Loyal Customer,27,Business Travel,Eco Plus,1069,5,1,1,1,5,5,5,1,2,4,1,5,5,3.15,92,158,TRUE
Female,Loyal Customer,70,Personal Travel,Eco,1120,3,4,3,1,3,4,4,2,2,3,2,4,4,3,0,0,FALSE
Male,Loyal Customer,57,Business Travel,Business,641,5,5,5,5,2,5,5,4,4,4,4,3,4,4.23,0,0,TRUE
Male,Loyal Customer,11,Personal Travel,Eco Plus,1102,3,4,3,4,4,3,5,4,5,3,1,5,4,3.69,2,0,FALSE
Male,Loyal Customer,60,Personal Travel,Eco,1111,3,4,3,3,3,3,3,3,1,5,3,1,3,2.92,17,0,FALSE
Female,Loyal Customer,45,Business Travel,Business,1939,0,4,0,3,5,5,5,4,4,2,2,4,4,3.23,0,0,TRUE
Female,Loyal Customer,22,Personal Travel,Eco Plus,1092,4,5,3,5,1,3,1,1,2,2,4,2,1,2.62,64,46,FALSE
Male,Loyal Customer,24,Business Travel,Eco,907,2,5,5,5,2,2,3,2,3,4,4,4,2,3.31,20,13,FALSE
Male,Loyal Customer,42,Business Travel,Business,594,5,5,5,5,5,4,5,4,4,4,4,4,5,4.54,0,0,TRUE
Female,Disloyal Customer,24,Business Travel,Eco,587,2,2,3,4,4,3,3,4,2,5,3,1,4,3.08,3,5,FALSE
Male,Loyal Customer,36,Business Travel,Eco,479,4,1,1,1,4,4,4,4,2,4,3,2,4,2.92,0,0,TRUE
Female,Loyal Customer,45,Personal Travel,Eco Plus,719,1,5,1,5,4,5,5,5,5,1,5,5,3,3.85,0,12,FALSE
Male,Loyal Customer,31,Business Travel,Eco,425,2,2,2,2,2,2,2,2,2,3,3,1,2,2.08,0,0,FALSE
Female,Loyal Customer,49,Business Travel,Business,1111,5,5,2,5,2,5,5,5,5,5,5,3,3,4.23,16,0,TRUE
Female,Loyal Customer,48,Business Travel,Business,1750,5,5,5,5,3,4,5,5,5,5,5,4,4,4.62,27,26,TRUE
Male,Disloyal Customer,37,Business Travel,Business,1020,3,3,3,3,2,3,2,2,5,4,5,5,2,3.23,2,0,FALSE
Male,Disloyal Customer,23,Business Travel,Eco,366,5,5,5,2,3,5,3,3,3,5,5,5,3,4,0,0,TRUE
Female,Loyal Customer,36,Business Travel,Business,370,1,1,1,1,4,4,5,4,4,4,4,5,4,3.23,0,0,TRUE
Female,Loyal Customer,43,Personal Travel,Eco,67,1,4,1,3,3,5,4,4,4,1,4,5,3,3.23,0,0,FALSE
Male,Loyal Customer,44,Business Travel,Business,829,1,1,1,1,3,4,4,4,4,4,4,4,5,3.08,11,2,TRUE
Male,Loyal Customer,56,Business Travel,Business,3856,2,2,2,2,5,4,5,5,5,5,5,4,5,3.92,60,65,TRUE
Male,Loyal Customer,40,Business Travel,Business,2370,2,2,2,2,4,4,4,5,5,5,5,4,3,3.62,0,38,TRUE
Male,Loyal Customer,39,Business Travel,Business,2738,1,1,1,1,2,4,5,2,2,2,2,4,5,2.46,0,0,TRUE
Male,Loyal Customer,52,Business Travel,Business,2106,5,5,5,5,2,3,5,4,4,4,4,3,4,4.08,0,0,TRUE
Female,Loyal Customer,45,Personal Travel,Eco,3904,1,4,1,1,1,5,5,3,2,3,4,5,5,3.08,2,0,FALSE
Female,Loyal Customer,19,Personal Travel,Eco,712,4,3,4,1,5,4,5,5,3,1,2,3,5,3.46,0,0,FALSE
Female,Loyal Customer,59,Business Travel,Eco,579,4,5,5,5,4,5,5,5,5,3,3,5,5,4.54,147,144,TRUE
Female,Loyal Customer,57,Business Travel,Eco,409,4,5,5,5,3,2,5,4,4,4,4,5,3,4.08,22,23,TRUE
Male,Loyal Customer,46,Business Travel,Business,2275,1,1,1,1,2,2,3,4,4,3,1,4,1,2.15,0,0,FALSE
Male,Loyal Customer,12,Personal Travel,Eco,612,4,4,4,2,5,4,4,5,1,3,1,1,5,3.31,0,0,TRUE
Male,Disloyal Customer,26,Business Travel,Business,480,0,0,0,1,1,0,1,1,4,5,5,5,1,1.85,18,7,TRUE
Female,Loyal Customer,39,Business Travel,Business,1952,3,3,3,3,1,5,2,5,5,5,5,4,5,3.77,112,94,TRUE
Male,Loyal Customer,14,Personal Travel,Eco,2475,2,1,2,3,4,2,3,4,3,2,4,1,4,2.69,25,5,FALSE
Female,Loyal Customer,36,Business Travel,Business,1299,4,4,4,4,4,5,5,5,5,5,5,3,3,4.31,0,4,TRUE
Male,Loyal Customer,47,Business Travel,Business,3245,4,4,4,4,3,4,4,4,4,4,4,3,3,3.77,0,0,TRUE
Male,Loyal Customer,48,Business Travel,Business,177,4,1,1,1,3,3,3,2,2,2,4,3,4,2.54,1,0,FALSE
Male,Loyal Customer,34,Personal Travel,Eco,86,3,5,0,3,4,0,2,4,3,4,1,2,4,2.69,0,0,FALSE
Female,Loyal Customer,38,Business Travel,Business,2286,1,1,1,1,4,4,5,2,2,2,2,4,4,2.54,0,0,TRUE
Female,Loyal Customer,45,Business Travel,Business,2182,3,3,3,3,5,5,4,2,2,3,2,3,3,3.15,0,0,TRUE
Female,Loyal Customer,30,Business Travel,Business,2627,4,4,4,4,4,4,4,4,2,2,3,2,4,3.46,0,0,FALSE
Female,Loyal Customer,25,Personal Travel,Business,565,2,5,2,5,4,2,4,4,2,4,2,1,4,3.15,18,43,FALSE
Female,Loyal Customer,48,Business Travel,Business,2817,1,1,1,1,3,5,4,5,5,5,5,3,3,3.23,15,17,TRUE
Male,Disloyal Customer,24,Business Travel,Eco,299,2,5,2,2,1,2,1,1,3,1,1,4,1,2,0,0,FALSE
Female,Loyal Customer,46,Business Travel,Business,67,3,3,3,3,4,5,4,4,4,4,4,5,5,3.92,0,0,TRUE
Male,Loyal Customer,31,Business Travel,Business,397,2,1,1,1,2,2,2,2,1,3,3,1,2,1.77,14,6,FALSE
Female,Loyal Customer,40,Business Travel,Business,187,2,2,4,2,3,5,5,5,5,5,5,4,3,3.85,0,0,TRUE
Male,Loyal Customer,54,Personal Travel,Eco,153,2,4,2,3,3,2,3,3,3,2,5,5,3,3.08,0,0,FALSE
Female,Disloyal Customer,22,Business Travel,Eco,277,1,2,1,4,3,1,3,3,2,4,3,3,3,2.54,30,30,FALSE
Male,Loyal Customer,55,Personal Travel,Eco Plus,1024,1,4,1,3,5,1,5,5,5,3,4,3,5,3.46,0,1,FALSE
Female,Loyal Customer,69,Personal Travel,Eco Plus,383,3,5,3,3,5,5,4,1,1,3,1,4,3,3.15,0,0,FALSE
Male,Loyal Customer,36,Business Travel,Business,3281,2,2,2,2,5,5,5,4,4,4,4,4,4,3.62,0,7,TRUE
Male,Loyal Customer,22,Personal Travel,Eco,744,1,3,1,2,5,1,5,5,1,2,3,1,5,2.69,0,0,FALSE
Male,Loyal Customer,29,Business Travel,Eco Plus,1089,2,2,5,2,2,2,2,2,1,2,4,4,2,2.46,0,0,FALSE
Female,Loyal Customer,29,Business Travel,Business,1919,4,4,3,4,4,4,4,4,4,4,4,5,4,4,2,0,TRUE
Male,Loyal Customer,58,Business Travel,Business,1926,5,5,5,5,5,5,5,3,3,3,3,3,5,4.23,34,18,TRUE
Male,Loyal Customer,63,Business Travel,Business,1747,4,4,4,4,4,3,5,5,5,5,5,4,5,4.38,0,0,TRUE
Male,Loyal Customer,69,Personal Travel,Eco,646,3,4,3,5,1,3,1,1,1,3,5,2,1,2.54,0,0,FALSE
Male,Loyal Customer,57,Personal Travel,Eco,258,3,5,0,2,5,0,5,5,4,5,5,2,5,3.54,34,25,FALSE
Male,Loyal Customer,63,Personal Travel,Eco,315,3,3,4,1,3,4,3,3,1,5,3,5,3,3.15,3,4,FALSE
Female,Loyal Customer,29,Personal Travel,Eco,2172,2,5,2,4,3,2,3,3,4,4,4,4,3,3.31,0,0,FALSE
Female,Loyal Customer,53,Personal Travel,Eco Plus,224,2,4,2,1,2,5,5,4,4,2,4,5,4,3.38,16,16,FALSE
Female,Disloyal Customer,22,Business Travel,Eco,587,3,4,3,2,2,3,2,2,4,4,4,4,2,3,28,32,FALSE
Female,Loyal Customer,70,Business Travel,Business,2556,2,5,5,5,2,4,4,2,2,2,2,1,1,2.85,0,0,FALSE
Female,Disloyal Customer,23,Business Travel,Eco,686,3,3,3,4,4,3,4,4,2,5,4,2,4,3.46,14,18,FALSE
Male,Loyal Customer,63,Personal Travel,Eco,325,3,4,3,2,3,3,3,3,5,1,1,4,3,2.92,0,1,FALSE
Female,Loyal Customer,44,Personal Travel,Business,368,2,4,2,4,2,4,3,3,3,2,3,1,1,2.62,3,0,FALSE
Male,Loyal Customer,64,Personal Travel,Eco,278,2,4,2,3,5,2,5,5,4,5,4,4,5,3.85,0,0,FALSE
Female,Loyal Customer,51,Business Travel,Business,3531,5,5,4,5,4,5,4,5,5,5,5,4,3,4.54,0,32,TRUE
Male,Loyal Customer,32,Personal Travel,Eco,936,5,2,5,3,3,5,5,3,3,4,2,1,3,3.38,5,1,TRUE
Male,Loyal Customer,24,Personal Travel,Eco,227,2,5,2,3,3,2,3,3,5,4,4,4,3,3.31,0,0,FALSE
Male,Loyal Customer,34,Personal Travel,Eco,283,4,5,4,2,4,4,4,4,5,4,5,3,4,4,20,16,TRUE
Female,Loyal Customer,76,Business Travel,Business,3316,1,5,5,5,2,3,3,2,2,2,1,4,2,2.85,0,0,FALSE
Male,Loyal Customer,55,Business Travel,Business,1592,2,2,2,2,5,4,5,5,5,5,5,4,5,3.92,0,0,TRUE
Female,Loyal Customer,33,Business Travel,Business,402,3,3,3,3,4,4,5,5,5,5,5,5,3,4.08,27,24,TRUE
Male,Loyal Customer,24,Business Travel,Eco Plus,1249,4,2,2,2,4,4,3,4,1,5,2,3,4,3.08,23,59,TRUE
Male,Loyal Customer,40,Business Travel,Business,3554,4,4,4,4,4,5,4,2,2,2,2,3,5,3.46,8,39,TRUE
Female,Loyal Customer,41,Business Travel,Business,429,4,4,4,4,2,3,1,5,5,5,5,5,5,4,0,0,TRUE
Female,Loyal Customer,70,Personal Travel,Eco,1448,3,4,3,2,2,5,2,4,4,3,4,3,3,3.23,0,0,FALSE
Male,Disloyal Customer,42,Business Travel,Business,746,4,4,4,4,3,4,3,3,3,2,4,3,3,3.38,6,0,TRUE
Female,Loyal Customer,53,Personal Travel,Eco,2079,2,0,3,5,3,4,5,5,5,3,5,5,5,3.85,0,0,FALSE
Female,Loyal Customer,48,Personal Travel,Eco,948,4,4,4,3,2,4,4,3,3,4,3,1,4,3.31,3,0,FALSE
Female,Loyal Customer,27,Business Travel,Business,1197,3,3,3,3,3,3,3,3,3,4,3,3,3,3.08,0,0,FALSE
Male,Disloyal Customer,29,Business Travel,Business,758,5,5,5,4,4,5,1,4,4,5,4,3,4,4.08,6,0,TRUE
Female,Disloyal Customer,28,Business Travel,Eco,334,2,4,1,3,4,1,4,4,4,2,4,1,4,2.92,2,6,FALSE
Male,Loyal Customer,37,Business Travel,Business,244,4,2,3,2,4,4,4,3,3,4,3,4,4,3.38,242,246,FALSE
Female,Loyal Customer,44,Business Travel,Business,1608,2,2,2,2,4,5,5,4,4,4,4,5,4,3.62,0,0,TRUE
Female,Loyal Customer,36,Business Travel,Eco,1136,2,5,2,5,2,2,2,2,1,2,3,2,2,2.46,40,28,FALSE
Male,Loyal Customer,59,Business Travel,Business,603,5,5,5,5,4,4,5,3,3,4,3,5,5,4.31,0,0,TRUE
Male,Loyal Customer,58,Business Travel,Business,757,5,5,5,5,4,5,5,5,5,5,5,3,3,4.62,19,2,TRUE
Male,Disloyal Customer,38,Business Travel,Business,920,1,1,1,3,2,1,2,2,4,4,5,5,2,2.54,0,0,FALSE
Female,Loyal Customer,16,Personal Travel,Eco,1045,4,5,4,3,5,4,5,5,4,2,5,5,5,4.31,0,0,FALSE
Female,Loyal Customer,34,Personal Travel,Eco,224,5,4,5,3,3,5,5,3,4,2,4,3,3,3.77,0,0,TRUE
Female,Loyal Customer,42,Personal Travel,Eco,262,1,5,1,4,3,3,4,1,1,1,1,5,5,2.69,0,0,FALSE
Female,Loyal Customer,46,Business Travel,Business,1972,3,3,3,3,2,5,4,5,5,5,5,5,3,3.92,17,11,TRUE
Male,Loyal Customer,26,Personal Travel,Eco,86,4,5,4,3,1,4,1,1,3,3,4,4,1,2.92,25,24,FALSE
Female,Loyal Customer,57,Personal Travel,Business,918,1,3,1,4,2,3,4,4,4,1,4,1,1,2.54,0,0,FALSE
Female,Loyal Customer,28,Business Travel,Business,3823,3,3,3,3,5,5,5,5,3,5,4,4,5,4.08,0,0,TRUE
Male,Loyal Customer,63,Personal Travel,Eco,925,2,5,2,1,5,2,2,5,3,2,4,4,5,3.23,0,0,FALSE
Female,Loyal Customer,68,Personal Travel,Eco Plus,248,2,5,2,1,2,5,4,2,2,2,2,4,5,2.92,3,0,FALSE
Male,Loyal Customer,25,Business Travel,Business,1850,2,2,2,2,4,4,4,4,4,4,4,3,4,3.31,0,0,TRUE
Female,Disloyal Customer,29,Business Travel,Eco,846,3,3,3,3,2,3,4,2,3,5,3,5,2,3.15,26,22,FALSE
Female,Loyal Customer,40,Business Travel,Business,3650,3,3,3,3,5,3,2,5,5,5,5,5,4,3.92,23,0,TRUE
Male,Loyal Customer,18,Personal Travel,Eco,775,3,1,3,2,2,3,2,2,2,5,3,1,2,2.38,0,0,FALSE
Female,Disloyal Customer,39,Business Travel,Business,1017,2,2,2,4,3,2,3,3,5,5,5,4,3,3.31,101,92,TRUE
Male,Disloyal Customer,19,Business Travel,Eco,413,3,4,3,3,1,3,1,1,1,4,4,2,1,2.38,28,25,FALSE
Male,Loyal Customer,69,Personal Travel,Eco,1045,5,5,5,3,2,5,2,2,4,4,4,4,2,3.62,0,0,TRUE
Male,Disloyal Customer,39,Business Travel,Eco,207,2,5,2,1,2,2,2,2,3,2,4,4,2,2.54,0,6,FALSE
Female,Loyal Customer,57,Business Travel,Business,2036,2,2,2,2,2,4,5,5,5,5,5,4,4,3.62,0,0,TRUE
Male,Loyal Customer,37,Business Travel,Eco,316,1,1,1,1,1,1,1,1,2,4,3,4,1,1.69,0,7,FALSE
Female,Loyal Customer,41,Business Travel,Business,3919,4,4,4,4,4,4,5,4,4,4,4,3,3,3.92,4,1,TRUE
Female,Loyal Customer,23,Business Travel,Eco Plus,399,2,2,2,2,2,2,2,2,4,4,3,3,2,2.46,0,0,FALSE
Male,Loyal Customer,33,Personal Travel,Eco,802,3,2,3,2,5,3,5,5,1,4,2,4,5,3.38,13,31,FALSE
Female,Loyal Customer,15,Personal Travel,Eco,1546,4,5,4,5,4,4,4,4,3,4,3,3,4,3.92,12,0,FALSE
Female,Disloyal Customer,45,Business Travel,Eco Plus,599,2,2,2,3,4,2,4,4,3,5,3,4,4,3.23,10,0,FALSE
Male,Loyal Customer,43,Business Travel,Business,3608,4,4,4,4,3,4,4,4,4,4,4,4,5,4,14,0,TRUE
Male,Loyal Customer,15,Personal Travel,Eco,135,2,0,2,4,3,2,3,3,3,5,4,4,3,2.92,0,0,FALSE
Male,Loyal Customer,52,Business Travel,Business,621,2,2,2,2,2,4,4,2,2,2,2,4,4,2.62,54,47,TRUE
Female,Loyal Customer,65,Personal Travel,Eco,1042,2,5,2,3,5,4,3,3,3,2,3,3,3,3.15,44,40,FALSE
Male,Loyal Customer,53,Business Travel,Eco Plus,1754,4,5,5,5,4,4,4,4,2,5,4,3,4,4.08,4,0,FALSE
Male,Loyal Customer,53,Business Travel,Business,2556,4,4,4,4,2,2,4,5,5,5,5,3,4,3.92,0,0,TRUE
Male,Loyal Customer,15,Personal Travel,Eco,1368,3,4,3,5,1,3,1,1,3,3,4,4,1,2.77,0,38,FALSE
Male,Loyal Customer,21,Personal Travel,Eco,986,3,4,4,3,5,4,5,5,4,4,4,4,5,4.15,0,0,FALSE
Male,Loyal Customer,32,Business Travel,Business,2343,2,2,2,2,4,4,4,4,5,2,4,2,4,3.15,44,46,TRUE
Male,Disloyal Customer,27,Business Travel,Eco,238,2,5,2,2,2,2,2,2,4,4,3,5,2,2.85,26,55,FALSE
Female,Loyal Customer,32,Business Travel,Business,1269,3,2,2,2,3,3,3,3,1,5,3,3,3,2.77,4,0,FALSE
Male,Loyal Customer,38,Business Travel,Business,859,1,1,1,1,1,3,2,5,5,5,5,3,2,2.69,0,0,TRUE
Male,Loyal Customer,39,Business Travel,Business,3882,2,2,2,2,2,5,5,5,5,5,5,5,4,3.77,0,0,TRUE
Male,Loyal Customer,55,Business Travel,Business,3446,2,4,5,4,1,3,3,2,2,2,2,1,4,2.69,7,0,FALSE
Female,Loyal Customer,49,Business Travel,Business,1776,4,4,4,4,5,5,5,4,4,4,4,3,4,4.15,0,0,TRUE
Male,Loyal Customer,63,Business Travel,Business,3958,3,3,1,3,3,3,3,3,3,3,3,3,4,2.92,11,0,FALSE
Male,Loyal Customer,42,Business Travel,Business,1744,1,0,0,1,2,2,2,4,4,0,4,2,4,2,7,0,FALSE
Female,Loyal Customer,63,Personal Travel,Eco,325,3,2,2,2,5,2,2,2,2,2,2,1,3,2.31,0,0,FALSE
Male,Loyal Customer,34,Personal Travel,Business,479,1,5,1,1,1,2,2,5,5,1,5,4,2,2.69,17,13,FALSE
Female,Loyal Customer,29,Personal Travel,Eco,296,3,1,3,4,2,3,2,2,3,2,3,1,2,2.38,0,0,FALSE
Female,Loyal Customer,67,Personal Travel,Eco Plus,920,4,3,4,2,2,2,3,2,2,4,2,3,3,2.77,0,0,TRUE
Female,Loyal Customer,29,Business Travel,Eco,2614,3,1,1,1,3,2,3,3,3,4,2,1,3,2.31,0,0,FALSE
Female,Loyal Customer,60,Business Travel,Eco,874,3,2,2,2,4,3,4,3,3,3,3,1,4,2.85,0,0,FALSE
Male,Loyal Customer,13,Personal Travel,Eco,187,2,5,2,2,2,2,2,2,5,5,5,5,2,3.15,50,48,FALSE
Male,Loyal Customer,42,Business Travel,Business,3664,5,5,5,5,3,4,4,5,5,5,5,4,5,4.62,0,5,TRUE
Female,Disloyal Customer,25,Business Travel,Business,1017,4,5,4,2,5,4,5,5,4,3,4,4,5,4.15,0,0,FALSE
Male,Disloyal Customer,47,Business Travel,Business,446,3,3,3,5,2,3,2,2,3,2,5,4,2,3,52,43,FALSE
Male,Disloyal Customer,9,Business Travel,Business,1372,0,0,0,2,3,0,3,3,4,2,4,5,3,2.23,6,0,TRUE
Male,Loyal Customer,22,Business Travel,Business,1204,1,1,1,1,1,2,1,1,4,5,3,4,1,2,0,0,FALSE
Male,Loyal Customer,44,Personal Travel,Eco,925,4,4,4,4,5,4,5,5,3,3,4,3,5,4.08,0,0,FALSE
Male,Loyal Customer,52,Business Travel,Business,1641,1,1,1,1,2,5,5,4,4,4,4,5,4,3.15,1,1,TRUE
Male,Loyal Customer,34,Personal Travel,Eco,119,3,1,3,3,4,3,4,4,3,5,4,2,4,3.31,0,0,FALSE
Female,Disloyal Customer,22,Business Travel,Business,1145,4,3,5,2,3,5,3,3,3,2,5,3,3,3.38,0,0,TRUE
Female,Loyal Customer,54,Personal Travel,Eco,371,2,4,2,4,1,3,3,4,4,2,4,3,4,3.08,0,0,FALSE
Female,Loyal Customer,33,Business Travel,Business,3601,2,1,1,1,3,3,3,2,2,2,2,1,1,1.85,0,0,FALSE
Female,Disloyal Customer,21,Business Travel,Eco,102,3,3,3,4,5,3,5,5,1,4,3,2,5,3.54,0,0,FALSE
Male,Loyal Customer,43,Business Travel,Business,1129,2,2,2,2,5,5,5,5,5,5,5,3,5,3.92,45,45,TRUE
Female,Loyal Customer,29,Business Travel,Eco,515,3,2,1,2,3,3,3,3,2,5,3,4,3,2.85,0,0,FALSE
Male,Disloyal Customer,46,Business Travel,Business,1334,3,3,3,3,1,3,1,1,5,4,5,4,1,2.85,7,18,FALSE
Female,Loyal Customer,21,Business Travel,Business,3284,4,4,4,4,5,5,5,5,5,3,4,4,5,4.38,0,0,TRUE
Female,Loyal Customer,46,Business Travel,Business,2068,2,2,4,2,2,5,4,5,5,4,5,5,4,3.77,0,0,TRUE
Female,Loyal Customer,39,Business Travel,Eco,224,5,5,5,5,5,5,5,5,4,4,3,3,5,4.54,0,0,TRUE
Male,Loyal Customer,49,Business Travel,Business,2565,2,3,2,2,2,4,5,4,4,4,4,3,3,3.23,5,0,TRUE
Female,Loyal Customer,53,Business Travel,Business,449,3,3,3,3,2,5,4,4,4,4,4,4,5,3.69,40,102,TRUE
Male,Disloyal Customer,21,Business Travel,Business,227,1,3,1,3,1,1,1,2,3,3,3,1,1,1.85,182,184,FALSE
Male,Loyal Customer,57,Personal Travel,Eco,337,1,4,1,1,1,1,1,1,3,4,4,3,1,2,36,24,FALSE
Male,Loyal Customer,36,Personal Travel,Eco Plus,1034,3,4,3,3,5,3,5,5,4,5,4,4,5,4.08,72,70,FALSE
Female,Loyal Customer,45,Business Travel,Business,3187,3,3,4,3,4,4,5,4,4,4,4,4,5,3.92,1,0,TRUE
Female,Loyal Customer,44,Personal Travel,Business,547,4,1,4,4,1,2,3,4,4,4,4,1,3,3,0,0,FALSE
Female,Loyal Customer,33,Personal Travel,Eco,677,1,5,1,4,5,1,3,5,3,2,5,4,5,3.38,31,30,FALSE
Female,Loyal Customer,37,Business Travel,Eco,230,1,2,2,2,1,1,1,1,2,2,3,4,1,1.77,0,13,FALSE
Female,Loyal Customer,40,Personal Travel,Eco,2611,1,3,1,4,1,2,2,1,5,5,5,2,2,2.62,128,135,FALSE
Female,Loyal Customer,60,Business Travel,Eco,544,4,5,5,5,4,3,3,4,4,4,4,3,2,3.85,21,1,FALSE
Female,Loyal Customer,61,Personal Travel,Eco,836,3,4,3,4,3,4,5,4,4,3,3,3,5,3.69,0,0,FALSE
Male,Loyal Customer,17,Personal Travel,Eco,2585,4,4,4,4,4,5,3,5,2,4,5,3,3,3.85,0,0,FALSE
Female,Loyal Customer,45,Business Travel,Business,3769,5,5,5,5,5,5,5,4,4,4,4,3,4,4.46,1,8,TRUE
Male,Loyal Customer,16,Personal Travel,Eco,787,2,4,2,3,3,2,3,3,3,4,4,3,3,3,15,26,FALSE
Female,Loyal Customer,33,Personal Travel,Eco,1065,2,5,2,2,1,2,1,1,5,5,4,4,1,2.69,0,0,FALSE
Female,Loyal Customer,35,Business Travel,Eco,77,1,5,5,5,1,1,1,1,3,5,3,1,1,2.54,0,10,FALSE
Male,Loyal Customer,36,Business Travel,Business,2011,2,2,2,2,5,4,5,4,4,4,4,5,5,3.69,0,0,TRUE
Female,Loyal Customer,30,Personal Travel,Eco Plus,862,4,5,4,5,2,4,2,2,5,2,4,5,2,3.54,4,0,FALSE
Female,Loyal Customer,76,Business Travel,Business,2015,3,5,5,5,5,3,2,3,3,3,3,1,1,3.23,25,18,FALSE
Male,Loyal Customer,29,Business Travel,Eco,1065,3,5,5,5,3,3,3,3,2,1,1,4,3,3.15,0,0,FALSE
Female,Loyal Customer,61,Personal Travel,Eco,1609,2,5,2,2,3,4,5,2,2,2,2,4,4,3,2,0,FALSE
Male,Loyal Customer,55,Personal Travel,Eco,502,2,5,2,5,5,2,5,5,3,5,5,3,5,4,0,0,FALSE
Male,Loyal Customer,9,Personal Travel,Eco,481,1,5,1,2,3,1,3,3,3,2,1,4,3,2.46,0,0,FALSE
Male,Loyal Customer,14,Business Travel,Business,2958,3,3,3,3,5,5,5,5,1,3,4,3,5,3.69,0,0,TRUE
Female,Loyal Customer,32,Personal Travel,Eco,649,0,2,0,3,2,0,2,2,2,2,4,4,2,1.92,0,3,TRUE
Female,Loyal Customer,57,Business Travel,Business,430,2,2,2,2,5,5,4,2,2,2,2,3,5,2.92,2,0,TRUE
Female,Loyal Customer,8,Personal Travel,Eco,468,3,4,3,5,3,3,3,3,4,5,5,4,3,3.69,28,19,FALSE
Female,Loyal Customer,41,Business Travel,Business,2623,2,2,2,2,3,4,4,5,5,5,5,3,5,3.62,10,3,TRUE
Female,Loyal Customer,53,Personal Travel,Eco,163,2,5,2,4,1,3,2,4,4,2,4,3,5,3.15,0,0,FALSE
Male,Disloyal Customer,38,Personal Travel,Eco,404,2,4,2,3,2,2,2,2,4,3,5,5,2,2.92,50,49,FALSE
Female,Disloyal Customer,25,Business Travel,Eco,991,4,4,4,3,1,4,1,1,3,4,4,2,1,2.77,17,0,FALSE
Male,Loyal Customer,49,Business Travel,Business,1559,3,3,3,3,3,4,5,5,5,5,5,4,4,4,2,5,TRUE
Male,Loyal Customer,41,Business Travel,Business,2522,1,1,1,1,4,3,3,1,1,1,1,4,1,1.77,0,0,FALSE
Male,Loyal Customer,39,Personal Travel,Eco Plus,495,1,3,1,4,2,1,1,2,2,4,3,3,2,2.23,0,4,FALSE
Male,Disloyal Customer,23,Business Travel,Eco,867,3,3,3,3,5,3,4,5,3,4,4,2,5,3.62,0,1,FALSE
Female,Loyal Customer,57,Business Travel,Business,304,2,2,2,2,4,5,5,4,4,4,4,5,3,3.54,2,0,TRUE
Male,Loyal Customer,10,Business Travel,Business,1514,3,3,3,3,3,3,3,3,3,3,3,2,3,2.92,0,0,FALSE
Male,Loyal Customer,31,Business Travel,Business,2110,4,1,4,4,4,4,4,4,5,5,4,4,4,3.92,0,0,TRUE
Female,Loyal Customer,23,Personal Travel,Business,226,2,4,2,1,5,2,5,5,4,5,4,4,5,3.69,4,0,FALSE
Female,Loyal Customer,39,Personal Travel,Business,990,2,2,2,2,3,2,3,1,1,2,1,4,4,2.23,0,0,FALSE
Female,Loyal Customer,48,Business Travel,Business,323,3,3,3,3,4,5,4,5,5,5,5,4,4,4.08,0,0,TRUE
Female,Loyal Customer,28,Personal Travel,Eco,2136,3,5,3,3,3,3,3,3,4,3,5,4,3,3.46,0,0,FALSE
Female,Disloyal Customer,56,Business Travel,Eco Plus,349,4,4,4,4,1,4,4,1,2,2,1,5,1,2.85,7,0,TRUE
Female,Loyal Customer,35,Personal Travel,Eco,405,0,5,0,3,2,0,2,2,5,3,4,5,2,2.54,2,0,TRUE
Male,Loyal Customer,22,Business Travel,Business,679,2,5,5,5,2,2,2,2,3,5,4,3,2,3.23,68,66,FALSE
Male,Loyal Customer,33,Personal Travel,Eco,759,4,5,4,2,5,4,5,5,3,3,4,5,5,4.15,0,1,TRUE
Female,Loyal Customer,8,Personal Travel,Eco,345,1,4,1,4,5,1,5,5,4,2,5,4,5,3.54,31,28,FALSE
Female,Loyal Customer,36,Personal Travel,Eco,1013,2,3,2,3,3,2,4,3,4,3,3,3,3,2.92,0,0,FALSE
Female,Loyal Customer,26,Personal Travel,Eco,762,2,5,2,1,4,2,4,4,5,4,5,5,4,3.62,4,0,FALSE
Female,Loyal Customer,25,Personal Travel,Business,280,5,5,5,3,4,5,4,4,3,2,4,3,4,3.92,0,0,TRUE
Female,Disloyal Customer,38,Business Travel,Eco,1190,2,2,2,1,2,2,2,2,5,5,2,1,2,2.31,0,7,FALSE
Female,Loyal Customer,34,Personal Travel,Eco,189,3,4,3,4,1,3,1,1,4,2,3,3,1,2.54,1,0,FALSE
Female,Loyal Customer,36,Business Travel,Eco,346,3,3,4,4,3,3,3,3,4,2,2,3,3,3.08,0,0,TRUE
Male,Loyal Customer,52,Business Travel,Business,972,1,1,1,1,5,4,4,2,2,2,2,4,5,2.62,0,0,TRUE
Male,Loyal Customer,49,Business Travel,Business,516,3,4,3,3,5,5,1,4,4,4,4,3,3,3.54,0,0,TRUE
Male,Disloyal Customer,33,Business Travel,Business,427,2,2,2,4,4,2,4,4,5,4,4,3,4,3.38,0,0,FALSE
Female,Loyal Customer,9,Personal Travel,Eco,373,2,2,2,4,2,2,4,2,2,2,4,3,2,2.54,0,0,FALSE
Female,Loyal Customer,51,Business Travel,Business,2997,1,1,1,1,5,2,1,4,4,4,4,1,5,2.62,0,0,TRUE
Female,Loyal Customer,24,Business Travel,Eco Plus,577,5,3,3,3,5,4,5,5,2,4,1,1,5,3.54,11,1,TRUE
Female,Loyal Customer,23,Personal Travel,Eco,551,3,2,3,3,4,3,4,4,3,2,3,3,4,3.15,0,0,FALSE
Male,Loyal Customer,35,Business Travel,Eco,1598,3,2,2,2,3,3,3,3,3,5,4,3,3,3,101,122,TRUE
Male,Loyal Customer,29,Business Travel,Eco,1127,1,3,3,3,1,1,1,1,4,5,4,4,1,2.46,0,0,FALSE
Female,Loyal Customer,38,Business Travel,Business,3982,2,5,5,5,2,3,2,1,1,1,2,1,1,2.38,9,12,FALSE
Male,Loyal Customer,35,Business Travel,Business,2658,1,1,1,1,2,5,4,4,4,4,4,5,3,3,29,,TRUE
Male,Loyal Customer,11,Business Travel,Business,583,5,4,5,5,5,5,5,5,5,2,4,5,5,4.62,7,3,TRUE
Male,Loyal Customer,48,Business Travel,Eco,101,4,5,5,5,4,4,4,4,4,2,1,2,4,3.69,0,0,TRUE
Male,Loyal Customer,31,Business Travel,Business,2402,5,5,5,5,5,5,5,5,4,4,3,5,5,4.69,0,0,TRUE
Female,Loyal Customer,62,Personal Travel,Business,663,4,5,4,3,3,2,4,4,4,4,4,4,5,3.85,29,25,FALSE
Male,Disloyal Customer,37,Business Travel,Business,273,3,3,3,5,5,3,5,5,4,2,5,3,5,3.92,0,0,FALSE
Male,Loyal Customer,45,Business Travel,Business,861,2,2,3,2,5,5,4,5,5,5,5,5,4,4,17,6,TRUE
Male,Disloyal Customer,33,Business Travel,Business,362,4,4,4,3,3,4,3,3,1,3,3,3,3,3.15,27,22,FALSE
Female,Disloyal Customer,27,Business Travel,Eco,1388,1,1,1,3,1,1,1,1,4,4,3,3,1,1.92,0,12,FALSE
Male,Loyal Customer,22,Personal Travel,Eco Plus,337,1,4,1,2,1,1,1,1,4,5,4,3,1,2.23,0,0,FALSE
Male,Loyal Customer,15,Personal Travel,Eco,295,4,4,4,1,4,4,4,4,3,4,5,4,4,3.77,0,0,FALSE
Male,Loyal Customer,40,Business Travel,Business,631,1,1,2,1,5,4,4,4,4,4,4,4,4,3.23,0,0,TRUE
Female,Loyal Customer,40,Business Travel,Business,2704,3,3,3,3,3,3,3,5,2,4,5,3,3,3.31,17,0,TRUE
Female,Loyal Customer,55,Business Travel,Business,1983,5,5,5,5,4,4,5,3,3,3,3,4,3,4,0,0,TRUE
Female,Loyal Customer,45,Business Travel,Business,3314,5,5,5,5,3,2,5,5,5,5,5,2,5,4.38,47,29,TRUE
Male,Loyal Customer,54,Business Travel,Business,1416,5,5,5,5,2,1,1,4,4,4,4,1,1,3.23,4,0,TRUE
Female,Loyal Customer,28,Business Travel,Business,3581,1,3,3,3,1,1,1,1,1,5,4,3,1,2.15,0,0,FALSE
Male,Loyal Customer,40,Business Travel,Eco Plus,934,1,2,2,2,1,1,1,1,3,5,4,2,1,2,0,0,FALSE
Female,Loyal Customer,51,Personal Travel,Eco,189,3,4,0,1,4,5,4,1,1,0,1,4,3,2.38,0,0,FALSE
Male,Loyal Customer,62,Personal Travel,Eco,227,2,5,0,3,4,0,1,4,3,1,1,3,4,2.38,0,0,FALSE
Female,Loyal Customer,37,Business Travel,Eco,373,5,1,1,1,5,5,5,5,5,4,1,5,5,3.69,36,37,TRUE
Female,Loyal Customer,30,Business Travel,Business,2277,5,5,5,5,4,4,4,4,2,5,5,1,4,4.08,18,2,TRUE
Male,Loyal Customer,42,Business Travel,Business,3309,4,3,3,3,4,3,3,4,4,4,4,1,3,3.31,62,60,FALSE
Male,Disloyal Customer,42,Business Travel,Business,361,5,5,5,3,2,5,2,2,3,3,4,5,2,3.54,0,0,TRUE
Male,Loyal Customer,49,Business Travel,Business,1045,4,4,4,4,4,5,4,4,4,5,4,4,3,4.08,3,0,TRUE
Male,Loyal Customer,47,Business Travel,Business,1632,0,0,0,3,4,5,4,3,3,3,3,2,3,2.54,0,0,TRUE
Female,Loyal Customer,33,Business Travel,Eco,696,0,0,0,3,4,0,4,4,2,3,5,2,4,2.38,2,1,TRUE
Male,Loyal Customer,47,Business Travel,Eco,1126,3,4,4,4,3,3,3,3,3,3,3,3,3,3.23,0,0,FALSE
Female,Loyal Customer,56,Personal Travel,Eco,228,3,4,3,1,5,5,4,3,3,3,3,5,4,3.54,0,0,FALSE
Male,Disloyal Customer,40,Business Travel,Eco,954,2,2,2,3,1,2,1,1,3,1,1,4,1,1.85,0,0,FALSE
Male,Loyal Customer,38,Personal Travel,Eco,297,4,2,4,4,5,4,5,5,3,4,3,4,5,4,0,0,TRUE
Female,Disloyal Customer,36,Business Travel,Business,874,4,4,4,2,3,4,3,3,4,4,5,3,3,3.54,0,2,FALSE
Male,Loyal Customer,59,Personal Travel,Eco,2136,3,4,3,1,1,3,1,1,3,2,4,3,1,2.31,0,0,FALSE
Male,Loyal Customer,9,Personal Travel,Eco,447,4,4,4,3,4,4,4,4,4,3,3,3,4,3.69,0,0,FALSE
Female,Disloyal Customer,21,Business Travel,Eco,404,4,4,4,5,5,4,5,5,5,2,4,4,5,4.31,0,0,TRUE
Male,Loyal Customer,44,Personal Travel,Eco Plus,1547,4,5,4,2,3,4,5,3,4,3,3,4,3,3.62,27,41,FALSE
Female,Loyal Customer,9,Personal Travel,Eco,954,3,4,4,3,4,4,4,4,4,3,4,5,4,3.85,72,67,FALSE
Female,Disloyal Customer,29,Business Travel,Eco,541,2,3,2,3,5,2,5,5,4,3,3,2,5,3.38,31,28,FALSE
Female,Loyal Customer,48,Business Travel,Eco,937,5,4,4,4,1,2,1,5,5,5,5,3,2,3.54,0,0,TRUE
Female,Loyal Customer,25,Business Travel,Business,3656,4,4,4,4,3,3,3,3,1,1,4,1,3,2.92,0,0,TRUE
Female,Loyal Customer,28,Personal Travel,Eco,282,2,4,2,5,5,2,5,5,4,1,2,4,5,3.54,0,0,FALSE
Male,Loyal Customer,21,Personal Travel,Eco,2425,4,5,4,2,5,4,4,5,3,1,3,2,5,3.62,0,0,FALSE
Female,Loyal Customer,48,Business Travel,Business,2668,4,4,4,4,4,4,4,2,2,2,4,2,1,3.15,33,39,FALSE
Female,Loyal Customer,43,Business Travel,Business,1076,3,3,3,3,2,5,4,3,3,2,3,4,4,3.23,50,31,TRUE
Male,Disloyal Customer,27,Business Travel,Business,626,0,0,0,3,3,0,3,3,3,2,5,4,3,2.23,0,0,TRUE
Male,Loyal Customer,9,Business Travel,Business,804,3,1,1,1,3,3,3,3,3,4,3,3,3,2.62,11,17,FALSE
Male,Disloyal Customer,27,Business Travel,Business,216,2,2,2,4,2,2,2,2,1,5,3,1,2,2.31,9,10,FALSE
Male,Loyal Customer,70,Personal Travel,Eco Plus,692,2,4,2,3,4,2,4,4,4,3,5,3,4,3.38,0,0,FALSE
Male,Loyal Customer,60,Business Travel,Business,551,1,1,4,1,2,4,4,3,3,3,3,5,5,3,17,0,TRUE
Male,Loyal Customer,23,Personal Travel,Eco,383,2,5,2,1,3,2,3,3,2,2,2,5,3,2.69,0,0,FALSE
Male,Loyal Customer,48,Business Travel,Eco,387,3,5,5,5,3,3,3,3,1,2,3,1,3,3.08,0,0,FALSE
Male,Disloyal Customer,16,Business Travel,Business,496,5,4,5,4,5,5,5,5,3,4,4,4,5,4.46,1,0,TRUE
Male,Loyal Customer,25,Personal Travel,Eco Plus,250,3,5,0,1,1,0,1,1,4,3,5,4,1,2.23,0,0,FALSE
Female,Disloyal Customer,46,Business Travel,Business,1009,3,3,3,1,5,3,3,5,3,4,4,4,5,3.54,0,0,FALSE
Male,Disloyal Customer,11,Business Travel,Eco,581,2,1,2,3,5,2,5,5,3,4,4,2,5,3.31,2,9,FALSE
Female,Loyal Customer,39,Business Travel,Business,3926,3,3,3,3,2,5,5,5,5,5,5,3,3,3.85,0,0,TRUE
Female,Loyal Customer,39,Business Travel,Business,2065,3,3,3,3,4,4,4,5,5,5,4,4,4,3.92,281,243,TRUE
Female,Loyal Customer,53,Business Travel,Business,3226,4,4,4,4,3,1,4,5,5,5,5,3,1,3.69,0,0,TRUE
Male,Loyal Customer,27,Business Travel,Eco Plus,997,3,4,4,4,3,3,3,3,3,5,4,2,3,3.38,43,29,FALSE
Female,Loyal Customer,31,Business Travel,Business,666,4,4,4,4,2,2,2,2,4,3,4,4,2,3.15,7,27,TRUE
Female,Disloyal Customer,44,Business Travel,Business,2288,2,2,2,1,5,2,5,5,3,5,5,3,5,3.46,1,0,FALSE
Male,Loyal Customer,24,Business Travel,Business,846,3,3,3,3,4,4,4,4,4,3,4,5,4,3.69,0,0,TRUE
Male,Disloyal Customer,22,Business Travel,Eco,980,3,3,3,5,4,3,4,4,4,3,4,4,4,3.69,0,0,FALSE
Female,Loyal Customer,43,Business Travel,Business,3076,3,3,5,3,4,4,4,5,5,5,5,5,5,4.31,9,0,TRUE
Female,Loyal Customer,24,Personal Travel,Eco,697,1,4,1,4,4,1,4,4,4,4,3,4,4,3.23,1,9,FALSE
Female,Loyal Customer,45,Business Travel,Business,833,2,2,2,2,3,4,5,4,4,4,4,4,4,3.38,12,12,TRUE
Female,Loyal Customer,26,Personal Travel,Eco,493,0,1,0,3,3,0,1,3,3,2,4,1,3,1.85,0,0,TRUE
Female,Loyal Customer,52,Business Travel,Business,1651,4,4,4,4,5,4,4,4,4,4,4,3,4,4,0,0,TRUE
Female,Loyal Customer,53,Business Travel,Business,448,4,4,4,4,3,5,5,4,4,4,4,5,4,4.15,0,0,TRUE
Female,Loyal Customer,70,Personal Travel,Eco,2075,4,4,5,3,5,3,4,2,2,5,2,4,1,3.38,0,0,TRUE
Female,Loyal Customer,40,Business Travel,Business,1084,2,3,2,2,3,4,5,5,5,5,5,5,3,3.77,0,0,TRUE
Female,Disloyal Customer,25,Business Travel,Eco,850,1,1,1,3,2,1,2,2,2,5,3,4,2,2.23,0,0,FALSE
Male,Loyal Customer,49,Personal Travel,Eco,182,2,5,0,2,2,0,2,2,4,3,2,3,2,2.23,0,18,FALSE
Male,Loyal Customer,44,Personal Travel,Eco,101,4,4,4,3,3,4,3,3,3,3,4,5,3,3.54,0,0,TRUE
Female,Loyal Customer,14,Personal Travel,Eco,1379,1,5,0,3,1,0,1,1,3,2,3,3,1,1.85,60,58,FALSE
Male,Loyal Customer,45,Business Travel,Business,2055,3,3,5,3,3,5,4,2,2,2,2,5,3,3.23,0,0,TRUE
Male,Loyal Customer,50,Business Travel,Eco,264,5,5,5,5,5,5,5,5,3,2,1,4,5,4.23,0,0,TRUE
Male,Disloyal Customer,61,Personal Travel,Eco,1721,4,3,5,2,4,5,4,4,4,4,1,4,4,3.69,0,0,TRUE
Female,Disloyal Customer,37,Business Travel,Eco,205,2,4,2,2,2,2,2,2,4,3,5,2,2,2.62,0,0,FALSE
Female,Disloyal Customer,50,Business Travel,Business,1303,4,4,4,4,5,4,5,5,2,4,4,3,5,4.08,0,0,FALSE
Male,Disloyal Customer,42,Business Travel,Business,725,3,3,3,4,4,3,4,4,4,5,4,3,4,3.69,7,11,FALSE
Male,Loyal Customer,49,Business Travel,Business,3720,5,5,5,5,3,5,4,4,4,4,4,3,4,4.23,0,0,TRUE
Male,Loyal Customer,35,Business Travel,Business,1785,4,1,1,1,3,4,4,4,4,4,4,2,3,3,105,95,FALSE
Female,Loyal Customer,56,Business Travel,Business,1916,2,1,5,5,2,3,3,2,2,2,2,3,2,2.62,0,0,FALSE
Female,Loyal Customer,40,Business Travel,Business,3911,5,5,5,5,4,4,4,3,4,4,4,4,4,4.23,371,339,TRUE
Male,Loyal Customer,26,Business Travel,Eco Plus,594,1,2,2,2,1,1,2,1,1,3,3,4,1,1.85,0,0,FALSE
Male,Loyal Customer,54,Personal Travel,Eco,680,2,4,2,3,4,2,4,4,4,5,4,5,4,3.62,101,127,FALSE
Male,Loyal Customer,42,Business Travel,Eco,565,5,3,3,3,5,5,5,5,3,4,1,2,5,3.77,0,0,TRUE
Male,Loyal Customer,69,Business Travel,Eco,696,3,3,3,3,3,3,3,3,3,2,3,2,3,2.85,0,0,FALSE
Male,Disloyal Customer,43,Business Travel,Eco,710,3,3,3,3,1,3,1,1,4,1,5,4,1,2.54,0,10,FALSE
Female,Disloyal Customer,38,Business Travel,Eco,676,3,3,3,4,5,3,5,5,2,1,4,2,5,3.46,3,19,FALSE
Male,Disloyal Customer,37,Business Travel,Eco,1000,2,3,3,2,2,3,2,2,3,2,1,4,2,2.38,0,0,FALSE
Female,Loyal Customer,52,Business Travel,Eco,326,5,1,1,1,4,4,2,4,4,5,4,5,4,3.38,0,0,TRUE
Female,Loyal Customer,20,Business Travel,Business,2471,1,4,2,2,1,1,1,1,3,4,4,3,1,2.15,0,0,FALSE
Male,Loyal Customer,33,Personal Travel,Eco Plus,1046,2,4,2,1,2,2,2,2,4,3,4,3,2,2.54,87,65,FALSE
Male,Disloyal Customer,37,Business Travel,Business,325,5,5,5,3,3,5,3,3,3,5,5,3,3,3.92,0,0,TRUE
Male,Disloyal Customer,29,Business Travel,Eco,802,1,1,1,2,2,1,2,2,1,4,2,2,2,1.77,82,76,FALSE
Male,Loyal Customer,29,Business Travel,Business,2510,2,5,5,5,2,1,2,2,4,2,4,3,2,3,48,34,FALSE
Female,Disloyal Customer,47,Business Travel,Business,451,3,3,3,3,5,3,5,5,5,3,5,4,5,4,4,0,FALSE
Male,Disloyal Customer,26,Business Travel,Business,2052,3,3,3,3,2,3,3,2,3,4,4,4,2,3,0,0,FALSE
Female,Loyal Customer,21,Personal Travel,Eco,157,2,5,2,3,1,2,1,1,3,4,5,4,1,2.62,91,109,FALSE
Male,Loyal Customer,20,Personal Travel,Eco,787,3,5,3,2,5,3,5,5,2,4,3,5,5,3.85,4,19,FALSE
Male,Loyal Customer,53,Business Travel,Eco,1262,2,4,4,4,2,2,2,2,1,3,3,3,2,2.62,0,0,FALSE
Male,Loyal Customer,65,Personal Travel,Eco,675,2,5,2,3,5,2,5,5,5,5,5,4,5,4.08,8,0,FALSE
Male,Loyal Customer,19,Personal Travel,Eco,781,4,4,4,3,5,4,5,5,3,3,5,3,5,4.08,0,20,FALSE
Male,Loyal Customer,46,Business Travel,Business,761,4,4,4,4,2,4,5,4,4,4,4,5,3,3.92,7,0,TRUE
Female,Loyal Customer,16,Business Travel,Business,370,1,4,4,4,1,1,1,1,1,5,4,3,1,2.38,54,72,FALSE
Male,Loyal Customer,59,Business Travel,Business,1491,3,3,3,3,2,4,5,4,4,5,4,5,3,3.69,20,0,TRUE
Female,Disloyal Customer,58,Business Travel,Eco,261,2,0,2,1,4,2,4,4,2,5,1,4,4,2.69,0,0,FALSE
Female,Loyal Customer,21,Business Travel,Business,2260,2,2,2,2,2,2,2,2,3,1,4,4,2,2.31,0,0,FALSE
Male,Disloyal Customer,66,Business Travel,Business,368,2,1,1,3,2,2,2,2,5,2,4,5,2,2.54,0,0,FALSE
Male,Loyal Customer,44,Business Travel,Eco,1754,5,5,2,5,5,5,5,5,4,2,3,4,5,4.23,0,0,TRUE
Male,Loyal Customer,51,Business Travel,Business,1990,3,3,3,3,5,5,5,5,3,3,5,5,5,4.08,157,160,TRUE
Female,Loyal Customer,23,Personal Travel,Eco,861,3,4,3,4,2,3,2,2,4,4,5,3,2,3.15,2,6,FALSE
Female,Loyal Customer,43,Personal Travel,Eco,399,3,4,3,2,3,4,4,4,4,3,4,3,3,3.38,0,6,FALSE
Female,Disloyal Customer,19,Business Travel,Business,738,5,3,5,2,3,5,3,3,5,3,4,5,3,3.77,0,0,TRUE
Male,Disloyal Customer,30,Business Travel,Business,862,3,3,3,3,5,3,5,5,4,5,4,4,5,4,4,2,FALSE
Female,Loyal Customer,33,Business Travel,Eco,83,0,0,0,3,4,0,4,4,4,1,2,1,4,2.08,0,0,TRUE
Male,Loyal Customer,23,Business Travel,Business,1948,3,3,3,3,4,4,4,4,4,5,4,4,4,3.77,1,8,TRUE
Male,Loyal Customer,25,Personal Travel,Eco,113,3,3,3,1,3,3,3,3,5,4,2,1,3,2.85,0,0,FALSE
Male,Loyal Customer,18,Personal Travel,Eco,327,4,0,4,1,1,4,1,1,4,5,5,5,1,2.77,0,0,FALSE
Female,Loyal Customer,14,Personal Travel,Eco,77,3,4,0,4,5,0,5,5,5,3,4,4,5,3.62,0,0,FALSE
Female,Loyal Customer,45,Business Travel,Eco,787,3,2,2,2,4,4,3,3,3,3,3,3,4,3,19,45,FALSE
Male,Disloyal Customer,22,Business Travel,Eco,391,2,3,2,4,2,2,2,2,2,5,3,1,2,2.46,5,10,FALSE
Male,Loyal Customer,47,Business Travel,Business,296,1,1,1,1,4,5,5,4,4,4,4,4,4,3.23,4,0,TRUE
Male,Loyal Customer,53,Business Travel,Eco,229,4,5,5,5,4,4,4,4,4,3,5,4,4,4.23,0,0,TRUE
Male,Loyal Customer,40,Personal Travel,Eco,1587,4,4,4,3,2,4,2,2,3,5,4,3,2,3.23,55,68,TRUE
Male,Disloyal Customer,17,Business Travel,Eco,1723,3,3,3,4,3,1,1,2,2,4,4,1,1,2.46,188,175,FALSE
Female,Loyal Customer,49,Business Travel,Business,3162,5,1,5,5,5,4,5,3,3,2,3,5,3,3.77,0,0,TRUE
Male,Loyal Customer,41,Business Travel,Eco,153,5,4,4,4,5,5,5,5,2,2,2,3,5,3.92,0,0,TRUE
Male,Loyal Customer,66,Personal Travel,Eco,581,3,5,3,3,4,3,4,4,3,3,4,3,4,3.54,0,0,FALSE
Male,Loyal Customer,49,Personal Travel,Eco,468,2,4,2,3,2,2,3,2,3,2,5,4,2,2.77,40,30,FALSE
Male,Loyal Customer,48,Business Travel,Business,1075,4,4,4,4,5,3,5,5,5,5,5,2,3,4.15,0,0,TRUE
Male,Loyal Customer,10,Personal Travel,Eco,370,4,1,4,4,4,4,4,4,4,2,3,4,4,3.54,3,0,FALSE
Female,Disloyal Customer,35,Business Travel,Business,2586,2,2,2,4,2,2,3,5,3,4,5,3,3,3.08,39,14,FALSE
Male,Loyal Customer,49,Personal Travel,Eco,1723,2,5,2,4,3,2,3,3,3,5,3,4,3,3.23,0,0,FALSE
Female,Loyal Customer,24,Personal Travel,Eco,2583,4,3,4,3,5,4,5,5,3,5,3,2,5,3.92,0,0,FALSE
Male,Loyal Customer,43,Business Travel,Business,3267,3,3,4,3,2,3,5,5,5,5,5,5,3,3.92,0,2,TRUE
Male,Loyal Customer,17,Business Travel,Business,1843,1,1,1,1,5,5,5,5,5,2,5,4,5,3.46,0,0,TRUE
Male,Loyal Customer,41,Business Travel,Eco,95,5,3,3,3,5,5,5,5,2,5,3,2,5,3.92,38,17,TRUE
Male,Loyal Customer,34,Business Travel,Business,1868,4,4,4,4,4,5,5,4,4,4,4,5,4,4.23,0,0,TRUE
Female,Disloyal Customer,24,Business Travel,Business,951,5,0,5,3,5,5,5,5,4,4,4,5,5,4.23,0,0,TRUE
Female,Loyal Customer,47,Business Travel,Business,2262,3,4,4,4,5,4,3,3,3,3,3,2,3,3.38,0,8,FALSE
Male,Loyal Customer,44,Business Travel,Business,3720,4,4,4,4,2,1,5,5,5,5,5,1,4,3.77,0,0,TRUE
Male,Disloyal Customer,30,Business Travel,Eco,1321,4,4,4,3,5,4,5,5,2,5,1,1,5,3.69,0,0,FALSE
Female,Disloyal Customer,26,Business Travel,Business,594,3,5,3,2,2,3,2,2,3,5,4,4,2,3.08,29,25,FALSE
Male,Disloyal Customer,29,Business Travel,Eco,1562,3,3,3,4,3,3,3,3,2,2,5,4,3,3.15,0,0,FALSE
Female,Loyal Customer,69,Business Travel,Eco Plus,109,4,2,4,4,2,2,1,4,4,4,4,2,1,2.92,0,0,TRUE
Female,Disloyal Customer,26,Business Travel,Business,1721,4,4,4,3,2,4,2,2,4,2,4,5,2,3.23,21,44,FALSE
Male,Loyal Customer,49,Business Travel,Business,3489,2,2,2,2,2,5,4,3,3,4,3,5,3,3.08,0,0,TRUE
Male,Disloyal Customer,26,Business Travel,Business,606,3,2,2,1,2,2,2,2,3,5,4,4,2,2.62,0,0,FALSE
Female,Loyal Customer,60,Business Travel,Business,2536,5,5,5,5,4,5,5,5,5,5,4,4,5,4.77,9,5,TRUE
Male,Disloyal Customer,20,Business Travel,Eco,427,4,2,4,4,4,4,4,4,2,1,4,3,4,3.38,0,0,FALSE
Male,Loyal Customer,23,Business Travel,Eco Plus,421,4,2,2,2,4,4,1,4,2,5,4,1,4,3,0,0,FALSE
Male,Loyal Customer,38,Business Travel,Eco,403,5,4,4,4,5,5,5,5,2,1,4,5,5,4.15,0,0,TRUE
Female,Loyal Customer,56,Business Travel,Business,584,3,1,4,1,4,4,3,3,3,3,3,2,4,2.92,11,0,FALSE
Female,Loyal Customer,61,Personal Travel,Eco,862,2,3,2,1,1,2,4,5,5,2,5,4,5,3.15,0,0,FALSE
Female,Loyal Customer,39,Personal Travel,Eco,1197,1,5,1,3,4,1,3,4,4,2,5,4,4,3.15,0,11,FALSE
Male,Loyal Customer,29,Business Travel,Business,636,2,2,2,2,5,5,5,5,3,2,5,2,5,3.46,0,0,TRUE
Male,Loyal Customer,57,Personal Travel,Eco,683,4,4,4,3,2,4,2,2,3,4,4,3,2,3.15,0,2,FALSE
Female,Loyal Customer,47,Business Travel,Business,1728,3,3,3,3,2,3,4,3,3,2,3,4,4,3.08,1,43,TRUE
Male,Loyal Customer,52,Personal Travel,Eco,834,2,5,2,2,5,2,5,5,3,3,4,4,5,3.62,89,97,FALSE
Female,Loyal Customer,60,Business Travel,Business,925,1,1,1,1,4,4,5,2,2,2,2,5,4,2.62,0,0,TRUE
Male,Loyal Customer,36,Business Travel,Business,101,2,2,2,2,1,2,2,4,4,4,3,3,1,2.46,9,19,TRUE
Female,Loyal Customer,36,Personal Travel,Eco,2640,1,1,2,2,1,2,1,1,2,4,3,2,1,1.77,0,0,FALSE
Female,Loyal Customer,22,Personal Travel,Business,936,4,3,4,4,2,4,2,2,5,2,4,2,2,3.08,10,5,TRUE
Female,Loyal Customer,66,Personal Travel,Eco,994,3,1,3,3,2,4,4,1,1,3,1,1,3,2.31,0,0,FALSE
Male,Loyal Customer,53,Business Travel,Eco,715,5,2,5,2,5,5,5,5,2,4,2,1,5,3.69,0,0,TRUE
Female,Loyal Customer,58,Business Travel,Business,806,1,1,1,1,3,4,5,4,4,4,4,5,5,3.23,0,0,TRUE
Male,Loyal Customer,62,Personal Travel,Eco,1005,3,4,2,3,2,2,2,2,5,3,5,4,2,3,0,0,FALSE
Male,Loyal Customer,72,Business Travel,Business,2794,4,4,4,4,5,4,2,5,5,5,3,4,4,4.08,0,0,TRUE
Male,Loyal Customer,60,Business Travel,Business,247,0,1,1,2,5,5,5,5,5,5,5,3,3,3.46,0,0,TRUE
Male,Loyal Customer,35,Personal Travel,Eco,868,3,2,3,2,2,3,5,2,2,5,2,4,2,2.85,0,0,FALSE
Male,Loyal Customer,45,Personal Travel,Eco,661,4,1,4,4,2,4,2,2,3,3,4,3,2,2.92,0,0,TRUE
Male,Disloyal Customer,39,Business Travel,Business,160,3,3,3,2,5,3,5,5,5,5,5,3,5,4,4,2,FALSE
Male,Loyal Customer,57,Personal Travel,Eco,954,1,2,1,3,1,1,1,1,4,2,4,2,1,1.85,3,13,FALSE
Female,Loyal Customer,38,Personal Travel,Eco,916,1,3,1,3,5,1,5,5,2,4,4,1,5,3.08,0,0,FALSE
Male,Loyal Customer,70,Personal Travel,Eco,563,1,5,1,2,1,1,1,1,5,3,5,3,1,2.31,0,0,FALSE
Male,Loyal Customer,35,Personal Travel,Eco,1258,3,5,3,3,3,3,3,3,4,2,4,3,3,3.23,0,14,FALSE
Male,Loyal Customer,48,Business Travel,Business,1562,3,3,1,3,3,5,5,5,5,5,5,5,5,4.08,50,59,TRUE
Female,Disloyal Customer,27,Business Travel,Business,1618,5,5,5,3,4,5,4,4,3,3,5,4,4,4.15,0,0,TRUE
Male,Loyal Customer,8,Personal Travel,Eco,563,3,5,3,4,1,3,4,1,5,4,5,5,1,3.38,35,21,FALSE
Male,Loyal Customer,61,Personal Travel,Eco Plus,945,1,1,1,4,3,1,3,3,3,3,4,1,3,2.38,40,46,FALSE
Male,Loyal Customer,43,Business Travel,Business,1464,3,3,4,3,3,1,1,5,5,5,5,4,3,3.46,0,0,TRUE
Female,Disloyal Customer,22,Business Travel,Business,611,4,2,4,3,3,4,2,3,2,5,4,1,3,3.08,15,6,FALSE
Male,Loyal Customer,41,Business Travel,Business,590,2,4,4,4,4,4,4,2,2,2,2,1,2,2.85,4,15,FALSE
Female,Loyal Customer,56,Personal Travel,Eco,1440,2,5,2,3,4,3,4,2,2,2,2,3,5,3,12,20,FALSE
Female,Loyal Customer,48,Personal Travel,Eco,2583,1,5,1,2,2,3,2,4,4,1,4,1,4,2.62,0,0,FALSE
Male,Loyal Customer,40,Business Travel,Business,3352,2,2,2,2,2,4,5,4,4,4,4,3,3,3.15,2,1,TRUE
Female,Loyal Customer,13,Personal Travel,Business,589,1,5,1,4,3,1,3,3,3,1,1,1,3,2.31,23,19,FALSE
Female,Loyal Customer,31,Business Travel,Business,725,2,2,2,2,5,5,5,5,5,2,5,4,5,3.77,0,0,TRUE
Female,Loyal Customer,34,Business Travel,Eco Plus,2640,4,2,2,2,4,4,4,3,4,3,5,4,4,3.46,0,12,TRUE
Male,Loyal Customer,70,Personal Travel,Eco Plus,888,2,1,2,3,3,2,3,3,3,1,3,4,3,2.54,0,0,FALSE
Female,Disloyal Customer,41,Business Travel,Business,629,1,1,1,2,3,1,3,3,3,3,4,4,3,2.46,0,12,FALSE
Male,Loyal Customer,57,Personal Travel,Eco,1102,1,4,1,1,2,1,2,2,5,3,1,1,2,2,0,0,FALSE
Female,Loyal Customer,37,Business Travel,Business,109,3,3,3,3,3,4,4,4,4,4,5,4,3,3.62,0,0,TRUE
Female,Loyal Customer,53,Business Travel,Business,1119,3,1,1,1,1,3,3,3,3,3,3,2,4,2.38,0,10,FALSE
Male,Loyal Customer,20,Personal Travel,Eco,689,2,4,2,2,3,2,3,3,3,5,5,4,3,3.15,0,0,FALSE
Male,Loyal Customer,45,Personal Travel,Eco,328,3,0,3,1,5,3,5,5,3,3,5,5,5,3.54,0,0,FALSE
Female,Loyal Customer,27,Personal Travel,Eco,1346,2,5,2,3,2,2,2,2,3,5,3,3,2,2.77,0,0,FALSE
Female,Loyal Customer,43,Business Travel,Business,1751,4,4,4,4,4,4,5,3,3,4,3,3,5,3.85,13,15,TRUE
Female,Loyal Customer,23,Personal Travel,Eco,208,3,2,3,4,3,3,3,3,4,1,4,4,3,3.08,0,0,FALSE
Male,Loyal Customer,47,Business Travel,Eco,521,2,1,1,1,2,2,2,2,4,4,5,3,2,2.38,0,0,TRUE
Male,Loyal Customer,38,Personal Travel,Eco,1916,3,5,3,1,4,3,4,4,5,2,5,3,4,3.54,3,0,FALSE
Female,Loyal Customer,22,Personal Travel,Eco,507,2,2,2,3,4,2,4,4,1,2,4,1,4,2.69,3,0,FALSE
Male,Loyal Customer,51,Business Travel,Business,1438,4,4,5,4,3,5,5,4,4,4,4,3,5,4.15,0,0,TRUE
Male,Loyal Customer,65,Business Travel,Business,1561,4,2,2,2,3,4,4,4,4,4,4,1,1,3,2,8,FALSE
Male,Disloyal Customer,24,Business Travel,Eco Plus,488,1,2,0,3,3,0,2,3,2,5,3,4,3,2.38,3,0,FALSE
Female,Disloyal Customer,54,Business Travel,Eco,925,1,2,2,3,2,2,2,2,3,4,3,1,2,2.23,0,0,FALSE
Female,Disloyal Customer,23,Business Travel,Eco,240,1,2,1,4,1,1,1,1,4,2,3,3,1,1.92,76,77,FALSE
Female,Loyal Customer,35,Personal Travel,Eco,861,2,5,2,3,2,2,2,2,5,3,4,3,2,2.85,0,0,FALSE
Male,Loyal Customer,28,Personal Travel,Business,577,3,4,3,3,1,3,1,1,3,5,4,5,1,2.85,0,0,FALSE
Male,Loyal Customer,50,Business Travel,Business,667,4,4,4,4,5,4,5,2,2,2,2,3,5,3.54,14,4,TRUE
Male,Loyal Customer,48,Business Travel,Business,227,1,1,1,1,2,4,4,5,5,5,5,3,5,3.23,0,0,TRUE
Female,Loyal Customer,50,Personal Travel,Eco,386,3,4,3,2,2,5,4,5,5,3,5,5,4,3.85,9,4,FALSE
Male,Loyal Customer,56,Business Travel,Business,842,2,2,2,2,4,5,4,3,3,4,3,4,3,3.15,0,2,TRUE
Female,Loyal Customer,19,Business Travel,Business,328,3,1,1,1,3,3,3,3,1,1,4,3,3,2.31,16,8,FALSE
Male,Loyal Customer,54,Business Travel,Eco,213,2,4,4,4,2,2,2,4,5,4,3,2,2,3.08,172,168,FALSE
Female,Disloyal Customer,33,Business Travel,Business,4963,2,2,2,1,2,3,3,3,4,5,5,3,3,2.92,75,171,FALSE
Male,Disloyal Customer,30,Business Travel,Eco,588,1,4,1,3,2,1,1,2,4,5,3,4,2,2.54,0,0,FALSE
Female,Loyal Customer,62,Personal Travel,Eco,591,3,4,3,3,3,5,5,1,1,3,1,3,5,3.08,50,62,FALSE
Female,Loyal Customer,7,Personal Travel,Eco,2565,3,4,3,1,3,3,3,3,5,1,2,3,3,2.85,0,0,FALSE
Female,Loyal Customer,10,Personal Travel,Eco,1617,4,5,4,3,4,4,4,4,3,4,4,4,4,3.92,12,14,FALSE
Female,Loyal Customer,49,Personal Travel,Eco,817,3,4,3,4,4,2,4,3,3,3,3,4,4,3.38,2,0,FALSE
Female,Loyal Customer,9,Personal Travel,Eco,257,2,1,2,4,3,2,3,3,3,1,4,1,3,2.46,0,0,FALSE
Female,Loyal Customer,50,Business Travel,Business,1761,5,5,5,5,4,5,4,3,3,3,3,3,5,4.08,0,0,TRUE
Female,Loyal Customer,35,Business Travel,Business,3418,2,2,2,2,2,3,5,5,5,5,5,4,2,3.38,0,0,TRUE
Male,Loyal Customer,58,Business Travel,Business,2742,1,1,1,1,2,4,4,5,5,5,5,4,3,3.15,88,96,TRUE
Male,Loyal Customer,9,Personal Travel,Eco,425,3,2,3,4,3,3,3,3,2,2,2,2,3,2.69,0,0,FALSE
Female,Loyal Customer,14,Personal Travel,Eco Plus,622,2,4,3,3,3,3,3,3,5,5,5,3,3,3.46,144,147,FALSE
Female,Loyal Customer,39,Business Travel,Business,341,3,3,3,3,5,4,5,5,5,5,5,5,3,4.15,5,7,TRUE
Male,Loyal Customer,51,Personal Travel,Eco,859,1,5,1,1,1,1,1,1,5,5,5,4,1,2.46,0,0,FALSE
Male,Loyal Customer,33,Personal Travel,Eco,460,2,5,2,5,1,2,1,1,3,3,5,3,1,2.62,19,8,FALSE
Female,Loyal Customer,23,Business Travel,Eco,1671,1,5,5,5,1,1,1,1,2,1,1,3,1,2.15,1,24,FALSE
Female,Loyal Customer,15,Personal Travel,Eco,102,0,5,0,2,3,0,3,3,1,5,2,4,3,2.38,0,0,TRUE
Male,Loyal Customer,23,Personal Travel,Eco,134,1,3,1,2,1,1,1,1,3,5,2,3,1,1.92,0,0,FALSE
Female,Loyal Customer,14,Personal Travel,Eco,585,2,2,2,3,3,2,3,3,3,2,4,4,3,2.77,3,5,FALSE
Female,Loyal Customer,11,Personal Travel,Eco,853,5,4,5,1,2,5,2,2,3,2,5,4,2,3.23,0,0,TRUE
Female,Loyal Customer,34,Business Travel,Business,957,2,2,2,2,5,5,5,5,5,5,5,3,5,3.92,0,0,TRUE
Female,Disloyal Customer,34,Business Travel,Business,495,2,2,2,4,2,2,4,2,5,5,5,3,2,3.08,0,0,FALSE
Female,Loyal Customer,47,Personal Travel,Eco,2586,5,4,5,3,5,4,1,4,4,4,4,4,5,4,0,0,TRUE
Male,Loyal Customer,55,Business Travel,Business,920,4,4,4,4,3,4,4,5,5,5,5,3,3,4.08,21,76,TRUE
Male,Loyal Customer,14,Personal Travel,Eco,184,2,3,0,3,2,0,2,2,2,5,5,3,2,2.38,0,0,FALSE
Female,Loyal Customer,39,Business Travel,Eco,1947,4,3,3,3,4,4,4,4,4,4,3,3,4,3.62,100,80,FALSE
Male,Loyal Customer,41,Business Travel,Business,451,5,5,4,5,2,5,5,4,4,4,4,4,4,4.23,3,0,TRUE
Female,Loyal Customer,21,Personal Travel,Eco,260,4,1,4,2,1,4,1,1,3,4,1,3,1,2.31,0,0,FALSE
Female,Loyal Customer,23,Business Travel,Business,1535,1,1,1,1,5,5,5,5,5,4,5,5,5,3.69,0,0,TRUE
Female,Loyal Customer,42,Business Travel,Business,1840,2,2,2,2,5,4,5,4,4,4,4,5,3,3.54,20,10,TRUE
Female,Disloyal Customer,20,Business Travel,Eco,844,2,2,2,2,4,2,4,4,3,3,3,1,4,2.77,0,0,FALSE
Female,Loyal Customer,24,Business Travel,Business,331,4,4,2,4,3,4,3,3,1,3,3,5,3,3.23,2,0,TRUE
Female,Loyal Customer,43,Business Travel,Business,1949,5,5,5,5,3,5,5,2,2,2,2,3,4,3.69,0,0,TRUE
Male,Loyal Customer,19,Personal Travel,Eco Plus,2585,2,4,2,5,2,2,2,2,3,3,4,5,2,2.92,0,0,FALSE
Female,Loyal Customer,31,Business Travel,Business,781,3,3,3,3,3,3,3,4,1,2,5,3,3,3,206,213,TRUE
Male,Loyal Customer,56,Business Travel,Eco,1576,4,3,3,3,4,4,4,4,1,2,4,3,4,3.31,0,0,FALSE
Male,Loyal Customer,67,Personal Travel,Eco,1014,2,3,2,1,2,4,2,4,1,2,5,2,2,2.46,223,215,FALSE
Female,Loyal Customer,59,Business Travel,Business,2463,1,1,4,1,2,5,4,5,5,5,5,3,4,3.46,59,46,TRUE
Female,Loyal Customer,26,Personal Travel,Business,2677,2,1,2,2,2,3,3,1,4,2,2,3,3,2.31,0,0,FALSE
Male,Disloyal Customer,48,Business Travel,Business,288,4,4,4,3,4,5,5,3,3,4,3,5,5,4,255,255,FALSE
Male,Loyal Customer,32,Personal Travel,Eco,483,4,1,4,4,2,4,2,2,2,2,3,3,2,2.69,35,28,FALSE
Male,Loyal Customer,43,Business Travel,Business,2122,2,2,2,2,5,4,4,4,4,4,4,3,4,3.38,0,0,TRUE
Male,Loyal Customer,16,Personal Travel,Eco,2139,2,4,2,2,1,2,1,1,5,5,5,5,1,2.77,0,0,FALSE
Female,Loyal Customer,25,Business Travel,Eco,507,5,2,5,2,5,5,5,5,2,3,3,2,5,3.77,0,4,TRUE
Female,Loyal Customer,12,Personal Travel,Eco,429,1,4,1,4,3,1,3,3,1,1,4,1,3,2.31,9,57,FALSE
Female,Disloyal Customer,32,Business Travel,Business,399,2,2,2,2,1,2,1,1,3,3,4,3,1,2.08,0,10,FALSE
Male,Loyal Customer,46,Business Travel,Business,451,1,1,1,1,5,5,4,4,4,5,4,3,3,3.15,35,28,TRUE
Male,Disloyal Customer,27,Business Travel,Eco,1023,3,4,4,3,4,4,4,4,1,4,5,1,4,3.46,3,0,FALSE
Female,Disloyal Customer,25,Business Travel,Eco Plus,223,2,3,2,2,3,2,3,3,2,4,1,3,3,2.54,0,0,FALSE
Male,Loyal Customer,36,Personal Travel,Eco,226,2,5,0,2,3,0,3,3,4,2,4,4,3,2.69,5,1,FALSE
Male,Loyal Customer,41,Personal Travel,Eco,328,2,3,1,3,2,1,2,2,1,2,3,1,2,1.92,9,4,FALSE
Female,Loyal Customer,26,Personal Travel,Eco,1605,1,5,0,3,0,5,5,5,3,4,3,5,5,3.38,196,169,FALSE
Male,Loyal Customer,43,Business Travel,Eco,997,3,2,5,2,3,3,3,3,3,3,3,4,3,3.08,9,29,FALSE
Female,Loyal Customer,58,Personal Travel,Eco,1426,3,5,3,2,2,4,3,3,3,3,3,2,1,2.85,0,0,FALSE
Male,Loyal Customer,47,Business Travel,Business,1646,5,5,5,5,5,5,5,5,5,5,5,4,3,4.77,0,0,TRUE
Female,Loyal Customer,63,Personal Travel,Eco,429,5,3,5,2,4,2,1,4,4,5,2,1,5,3.31,26,27,TRUE
Male,Loyal Customer,43,Personal Travel,Eco,946,4,3,4,1,1,4,1,1,5,3,1,3,1,2.46,29,23,FALSE
Male,Loyal Customer,37,Business Travel,Business,181,2,2,2,2,3,4,5,5,5,5,5,4,3,3.62,6,0,TRUE
Male,Loyal Customer,39,Business Travel,Business,86,4,1,1,1,2,4,3,1,1,2,4,2,3,2.23,20,12,FALSE
Female,Loyal Customer,60,Business Travel,Eco,108,4,4,4,4,1,3,4,4,4,4,4,3,3,3.54,2,0,TRUE
Female,Loyal Customer,43,Business Travel,Business,3683,3,3,3,3,5,5,5,5,4,5,4,5,5,4.23,202,207,TRUE
Female,Loyal Customer,41,Business Travel,Business,2945,4,4,4,4,3,5,5,3,3,4,3,3,3,3.69,0,0,TRUE
Female,Loyal Customer,57,Business Travel,Business,2146,3,2,2,2,1,4,4,3,3,3,3,3,2,2.69,0,0,FALSE
Male,Loyal Customer,18,Personal Travel,Eco,957,1,4,1,4,4,1,4,4,4,5,5,5,4,3.54,1,0,FALSE
Male,Loyal Customer,30,Business Travel,Business,309,3,4,4,4,3,3,3,3,1,3,3,2,3,3,0,0,FALSE
Female,Loyal Customer,39,Personal Travel,Business,920,2,4,2,3,2,5,4,2,2,2,1,3,5,2.85,1,0,FALSE
Female,Loyal Customer,49,Business Travel,Business,2230,5,5,3,5,5,5,4,4,4,4,4,4,3,4.23,0,12,TRUE
Male,Disloyal Customer,37,Business Travel,Eco,290,1,3,1,3,1,1,1,1,1,1,4,3,1,1.69,0,0,FALSE
Female,Loyal Customer,41,Business Travel,Business,3696,5,5,5,5,2,5,5,2,2,2,2,3,5,3.69,0,0,TRUE
Male,Disloyal Customer,54,Business Travel,Eco,1299,1,1,1,3,1,1,1,1,3,1,3,1,1,1.46,8,3,FALSE
Female,Loyal Customer,18,Personal Travel,Eco Plus,1721,3,3,3,3,2,3,2,2,2,4,3,4,2,2.77,0,0,FALSE
Female,Loyal Customer,10,Personal Travel,Eco,783,3,5,3,3,2,3,2,2,4,3,4,3,2,3,0,0,FALSE
Female,Disloyal Customer,36,Business Travel,Eco,650,2,2,3,4,2,3,2,2,2,3,3,1,2,2.38,70,64,FALSE
Male,Loyal Customer,13,Personal Travel,Eco,287,5,2,5,4,2,5,2,2,3,3,4,3,2,3.23,0,0,TRUE
Female,Loyal Customer,59,Business Travel,Business,3558,2,2,2,2,5,5,4,5,5,5,5,5,3,3.85,0,0,TRUE
Male,Loyal Customer,40,Personal Travel,Eco,447,2,4,2,3,5,2,5,5,5,5,4,3,5,3.85,14,24,FALSE
Male,Loyal Customer,19,Personal Travel,Eco,762,3,5,3,3,2,3,4,2,4,3,5,4,2,3.31,0,0,FALSE
Male,Disloyal Customer,24,Business Travel,Business,1464,4,4,4,3,1,4,1,1,5,5,4,4,1,3.15,11,16,TRUE
Female,Loyal Customer,30,Personal Travel,Eco,1250,4,4,4,4,1,4,3,1,5,3,3,3,1,3.08,0,0,FALSE
Female,Disloyal Customer,22,Business Travel,Business,447,5,0,5,2,3,0,3,3,5,5,5,3,3,3.23,0,25,TRUE
Male,Loyal Customer,20,Business Travel,Eco,595,5,1,1,1,5,5,5,5,5,1,3,3,5,3.46,0,0,TRUE
Male,Disloyal Customer,24,Business Travel,Eco,449,1,3,1,4,3,1,3,3,3,4,3,1,3,2.54,24,28,FALSE
Female,Loyal Customer,55,Business Travel,Eco,158,4,5,5,5,2,5,1,4,4,4,4,3,5,3.92,0,0,TRUE
Female,Disloyal Customer,24,Business Travel,Eco,483,3,2,3,3,3,3,3,3,3,4,3,1,3,2.85,130,127,FALSE
Female,Loyal Customer,60,Business Travel,Business,3136,5,3,5,5,5,4,4,5,5,5,5,3,3,4.38,0,0,TRUE
Female,Loyal Customer,53,Business Travel,Business,1034,2,2,2,2,4,3,3,2,2,2,2,4,1,2.38,0,0,FALSE
Female,Disloyal Customer,23,Business Travel,Eco,588,3,2,3,2,3,3,2,3,1,2,2,3,3,2.46,2,0,FALSE
Female,Disloyal Customer,27,Business Travel,Eco,1061,3,3,3,4,5,3,5,5,3,3,4,3,5,3.77,4,13,FALSE
Female,Loyal Customer,53,Personal Travel,Eco,488,3,5,3,3,4,5,5,2,2,3,2,5,4,3.54,0,0,FALSE
Male,Loyal Customer,8,Business Travel,Eco Plus,692,2,4,4,4,2,2,1,2,3,4,4,1,2,2.69,8,29,FALSE
Female,Loyal Customer,69,Business Travel,Business,2642,4,2,4,4,2,4,5,2,2,2,2,5,3,3.15,0,0,TRUE
Female,Loyal Customer,40,Business Travel,Eco,471,5,1,1,1,5,5,5,5,5,1,4,5,5,3.69,390,362,TRUE
Female,Loyal Customer,43,Business Travel,Eco Plus,516,1,4,5,4,1,2,3,1,1,1,1,1,3,2.15,30,25,FALSE
Female,Loyal Customer,40,Personal Travel,Eco,1259,1,4,1,4,2,1,2,2,4,4,5,3,2,2.69,118,98,FALSE
Female,Loyal Customer,31,Business Travel,Business,3906,2,1,1,1,2,3,2,2,4,2,4,3,2,2.23,22,38,FALSE
Male,Disloyal Customer,26,Business Travel,Business,2475,1,2,2,1,2,1,1,4,3,5,5,1,1,2.23,0,6,FALSE
Female,Loyal Customer,33,Business Travel,Business,1723,4,4,4,4,2,1,4,4,4,4,4,5,2,3.54,0,0,TRUE
Female,Loyal Customer,52,Business Travel,Business,1728,3,5,5,5,3,3,4,3,3,3,3,1,4,3.46,0,0,FALSE
Male,Loyal Customer,47,Business Travel,Business,1984,4,3,4,4,2,3,5,4,4,4,4,3,5,3.77,0,0,TRUE
Female,Loyal Customer,33,Business Travel,Eco,788,4,5,4,5,4,4,4,4,4,1,4,5,4,4,8,0,TRUE
Male,Loyal Customer,44,Business Travel,Business,3145,1,5,5,5,4,2,3,1,1,1,1,4,3,2.77,0,0,FALSE
Female,Loyal Customer,13,Personal Travel,Eco,4963,0,5,0,1,0,1,1,3,4,5,5,1,1,2.08,3,0,TRUE
Male,Loyal Customer,41,Business Travel,Business,862,2,2,2,2,5,5,5,5,5,5,5,5,4,4,21,16,TRUE
Female,Loyal Customer,28,Business Travel,Business,3415,4,4,4,4,3,3,3,3,3,3,5,3,3,3.46,0,0,TRUE
Female,Loyal Customer,34,Business Travel,Business,2554,4,1,2,1,5,3,4,4,4,4,4,4,4,3.38,0,3,FALSE
Female,Loyal Customer,43,Business Travel,Business,606,4,4,4,4,4,5,5,5,5,5,5,5,3,4.46,41,40,TRUE
Female,Loyal Customer,7,Personal Travel,Eco,67,1,4,1,1,2,1,4,2,4,3,4,5,2,2.62,7,0,FALSE
Female,Loyal Customer,39,Business Travel,Business,2556,3,4,4,4,3,3,3,3,5,4,3,3,3,3.46,14,50,FALSE
Male,Loyal Customer,56,Business Travel,Business,1488,4,4,4,4,2,4,4,4,4,4,4,4,3,3.77,73,91,TRUE
Male,Loyal Customer,17,Personal Travel,Eco,907,0,5,0,5,4,0,2,4,3,4,4,4,4,3,1,0,TRUE
Female,Loyal Customer,23,Personal Travel,Eco,757,5,4,5,2,5,5,5,5,5,3,5,5,5,4.54,0,0,TRUE
Female,Loyal Customer,56,Business Travel,Eco,261,4,2,2,2,3,5,2,4,4,4,4,3,5,3.38,0,0,TRUE
Female,Loyal Customer,48,Business Travel,Business,989,4,4,4,4,4,5,5,4,4,4,4,5,4,4.23,0,0,TRUE
Male,Loyal Customer,39,Business Travel,Eco,2218,2,4,4,4,2,2,2,2,1,5,4,4,2,2.92,0,0,FALSE
Male,Loyal Customer,46,Personal Travel,Eco Plus,460,3,4,3,1,5,3,5,5,3,3,5,3,5,3.69,0,0,FALSE
Male,Loyal Customer,46,Business Travel,Business,861,1,1,1,1,3,5,4,5,5,4,5,3,4,3.23,3,2,TRUE
Male,Loyal Customer,37,Personal Travel,Eco,236,2,4,2,3,4,2,4,4,3,4,4,5,4,3.46,0,0,FALSE
Male,Disloyal Customer,43,Business Travel,Eco,528,2,0,2,1,1,2,1,1,2,1,3,5,1,1.69,0,0,FALSE
Male,Loyal Customer,36,Personal Travel,Eco,1788,1,2,1,4,3,1,3,3,1,2,2,2,3,2.15,3,0,FALSE
Female,Loyal Customer,17,Business Travel,Business,3968,4,4,4,4,3,3,3,3,4,2,5,5,3,3.62,20,9,TRUE
Female,Loyal Customer,27,Business Travel,Business,2556,3,5,5,5,3,3,3,3,4,1,1,2,3,3.15,0,0,FALSE
Male,Loyal Customer,35,Business Travel,Eco,1174,5,3,3,3,5,5,5,5,5,3,5,5,5,4.38,153,152,TRUE
Male,Loyal Customer,33,Personal Travel,Business,2248,1,4,1,4,5,1,5,5,5,3,5,3,5,3.62,0,9,FALSE
Female,Loyal Customer,28,Personal Travel,Eco,1076,2,1,2,3,2,2,2,2,4,2,3,2,2,2.23,0,3,FALSE
Male,Loyal Customer,30,Personal Travel,Eco,102,2,4,2,3,4,2,4,4,3,1,5,5,4,3.31,0,0,FALSE
Male,Loyal Customer,18,Business Travel,Business,3282,4,4,3,4,4,4,4,4,1,5,3,3,4,3.62,0,0,TRUE
Male,Loyal Customer,18,Personal Travel,Eco,1096,4,4,4,3,1,4,1,1,3,5,3,3,1,2.85,0,0,TRUE
Female,Loyal Customer,12,Personal Travel,Eco,1290,5,4,5,3,5,5,5,5,3,5,5,5,5,4.62,0,12,TRUE
Male,Loyal Customer,37,Personal Travel,Eco Plus,1028,1,4,2,4,4,2,4,4,5,5,5,4,4,3.69,0,0,FALSE
Male,Loyal Customer,64,Business Travel,Eco,680,2,1,4,4,2,2,2,2,1,3,3,3,2,2.38,0,4,FALSE
Male,Loyal Customer,70,Personal Travel,Eco,452,1,5,2,2,5,2,5,5,2,2,1,1,5,2.92,0,5,FALSE
Male,Loyal Customer,55,Personal Travel,Eco,678,3,3,3,1,1,3,1,1,3,5,5,3,1,2.54,17,8,FALSE
Male,Disloyal Customer,19,Business Travel,Eco,442,2,3,2,5,1,2,3,1,3,5,4,3,1,2.69,2,5,FALSE
Male,Disloyal Customer,13,Business Travel,Eco,853,3,3,3,4,3,3,3,3,4,4,4,2,3,3.23,0,4,FALSE
Male,Loyal Customer,38,Personal Travel,Business,239,4,2,4,3,2,4,4,1,1,4,1,4,1,2.69,0,0,FALSE
Female,Loyal Customer,40,Business Travel,Business,3018,3,3,3,3,5,1,3,5,5,5,5,4,5,3.85,70,72,TRUE
Male,Loyal Customer,48,Business Travel,Business,2504,4,4,2,4,4,4,4,5,2,5,4,4,4,3.85,0,12,TRUE
Male,Loyal Customer,47,Personal Travel,Eco,331,3,1,3,4,1,3,1,1,3,2,3,1,1,2.08,0,10,FALSE
Male,Loyal Customer,53,Personal Travel,Eco,328,4,1,4,3,1,4,1,1,1,1,4,3,1,2.23,0,0,FALSE
Female,Loyal Customer,63,Personal Travel,Eco,1042,1,4,1,3,3,5,5,1,1,1,1,3,5,2.62,6,0,FALSE
Male,Loyal Customer,41,Business Travel,Business,936,3,3,3,3,5,5,5,4,4,4,4,4,4,3.92,0,0,TRUE
Male,Loyal Customer,39,Business Travel,Business,468,3,3,3,3,4,5,4,3,3,3,3,5,3,3.46,7,5,TRUE
Female,Loyal Customer,58,Business Travel,Business,323,1,1,3,1,1,3,4,4,4,4,4,4,5,3,52,46,TRUE
Female,Loyal Customer,43,Business Travel,Eco,448,2,1,5,5,4,4,4,2,2,2,2,4,1,2.92,1,0,FALSE
Female,Loyal Customer,39,Personal Travel,Eco,277,3,1,4,3,5,4,5,5,4,3,4,2,5,3.69,18,7,FALSE
Female,Loyal Customer,56,Personal Travel,Eco Plus,986,2,5,2,3,4,4,5,2,2,2,2,5,4,3.23,0,0,FALSE
Female,Disloyal Customer,39,Business Travel,Business,372,3,3,3,3,5,3,5,5,3,2,4,2,5,3.54,49,45,FALSE
Male,Loyal Customer,15,Personal Travel,Eco,1099,4,0,4,2,4,4,4,4,3,5,5,4,4,3.62,0,7,FALSE
Female,Disloyal Customer,23,Business Travel,Eco,529,5,0,5,2,3,5,5,3,5,3,4,3,3,3.54,0,0,TRUE
Female,Loyal Customer,42,Business Travel,Business,2402,3,3,3,3,4,4,4,4,2,4,4,4,4,3.54,26,23,TRUE
Male,Disloyal Customer,39,Business Travel,Eco,1416,4,4,4,3,5,4,3,5,4,2,4,2,5,3.77,24,7,FALSE
Female,Loyal Customer,36,Business Travel,Business,1444,2,3,1,1,1,3,3,2,2,2,2,3,3,2.15,1,0,FALSE
Male,Loyal Customer,53,Business Travel,Eco,516,1,3,3,3,1,1,1,1,4,1,3,4,1,2.08,21,13,FALSE
Female,Loyal Customer,32,Personal Travel,Eco,746,1,1,1,2,3,1,1,3,1,3,2,1,3,1.77,0,15,FALSE
Female,Loyal Customer,26,Personal Travel,Eco,954,3,5,3,2,1,3,1,1,3,2,4,5,1,2.62,0,0,FALSE
Male,Loyal Customer,8,Personal Travel,Business,425,1,5,1,3,2,1,2,2,4,1,4,4,2,2.46,8,0,FALSE
Female,Loyal Customer,46,Business Travel,Business,1997,1,1,1,1,2,5,4,4,4,4,4,4,3,2.92,0,0,TRUE
Female,Loyal Customer,44,Business Travel,Business,605,5,5,5,5,3,4,5,4,4,4,4,4,3,4.23,0,0,TRUE
Male,Disloyal Customer,28,Business Travel,Business,280,4,4,4,3,4,4,3,4,5,5,4,4,4,4,0,0,TRUE
Female,Disloyal Customer,29,Business Travel,Eco,542,2,1,1,3,4,1,4,4,3,4,2,3,4,2.77,26,22,FALSE
Female,Loyal Customer,62,Personal Travel,Eco,402,3,4,3,3,4,4,5,4,4,3,4,4,4,3.77,0,0,FALSE
Female,Disloyal Customer,30,Business Travel,Eco Plus,342,3,4,4,4,4,4,4,4,1,5,2,1,4,3.38,0,0,FALSE
Male,Loyal Customer,22,Business Travel,Business,980,4,4,1,4,4,4,4,4,3,4,5,4,4,3.77,0,0,TRUE
Male,Loyal Customer,39,Business Travel,Business,3707,3,4,4,4,5,3,3,3,3,3,3,3,3,3.38,0,0,FALSE
Female,Loyal Customer,52,Business Travel,Business,3663,2,5,2,2,4,4,5,4,4,4,4,3,2,3.46,0,0,TRUE
Male,Loyal Customer,24,Personal Travel,Eco,930,4,1,4,4,2,4,2,2,2,2,3,4,2,2.77,13,13,FALSE
Male,Loyal Customer,48,Personal Travel,Business,650,2,2,2,3,5,4,3,2,2,2,2,4,4,2.85,0,7,FALSE
Female,Loyal Customer,42,Business Travel,Eco,1167,5,2,2,2,2,2,3,5,5,5,5,4,4,3.54,49,60,TRUE
Male,Loyal Customer,51,Business Travel,Business,2808,2,2,2,2,5,5,5,4,4,4,4,5,5,3.77,0,0,TRUE
Male,Loyal Customer,57,Personal Travel,Eco,192,3,5,3,1,4,3,4,4,4,4,4,5,4,3.69,0,0,FALSE
Male,Loyal Customer,60,Business Travel,Business,738,1,1,1,1,5,5,5,4,4,4,4,3,3,3.15,30,26,TRUE
Male,Loyal Customer,22,Business Travel,Eco Plus,954,0,3,0,4,3,0,3,3,5,4,3,2,3,2.54,5,8,TRUE
Female,Loyal Customer,26,Personal Travel,Eco,369,1,3,1,3,2,1,2,2,1,4,3,4,2,2.23,0,0,FALSE
Male,Loyal Customer,55,Business Travel,Business,2018,4,4,4,4,3,4,5,1,1,2,1,5,3,3.15,0,0,TRUE
Female,Disloyal Customer,24,Business Travel,Eco,271,4,0,4,3,3,4,3,3,5,5,4,5,3,3.54,0,0,FALSE
Female,Loyal Customer,58,Business Travel,Business,3782,1,2,2,2,1,3,3,1,1,2,1,3,2,1.85,0,8,FALSE
Female,Loyal Customer,39,Business Travel,Eco Plus,429,3,3,3,3,3,2,3,3,2,5,3,2,3,2.92,28,62,FALSE
Female,Loyal Customer,37,Business Travel,Business,1502,0,0,0,3,1,2,5,3,3,3,5,5,1,2.38,5,0,TRUE
Male,Loyal Customer,28,Business Travel,Eco,641,3,2,2,2,3,3,3,3,4,4,4,3,3,3,17,12,FALSE
Female,Disloyal Customer,21,Business Travel,Eco,421,3,5,3,2,2,3,5,2,4,5,2,2,2,3.08,0,0,FALSE
Male,Loyal Customer,41,Business Travel,Eco,128,4,3,3,3,3,4,3,3,3,4,1,2,3,3,0,3,TRUE
Female,Loyal Customer,57,Business Travel,Business,2292,5,5,5,5,2,4,4,5,5,5,4,5,4,4.46,0,0,TRUE
Female,Disloyal Customer,26,Business Travel,Business,1290,5,5,5,4,3,5,5,3,3,5,5,3,3,4.15,1,0,TRUE
Male,Loyal Customer,9,Personal Travel,Eco,1346,2,4,2,1,1,2,3,1,3,5,3,3,1,2.38,0,0,FALSE
Female,Loyal Customer,27,Business Travel,Eco Plus,533,4,3,4,3,4,4,4,4,5,4,3,3,4,3.77,0,0,TRUE
Male,Disloyal Customer,58,Business Travel,Eco,370,4,5,4,3,1,4,5,1,2,1,3,1,1,2.69,3,0,FALSE
Male,Loyal Customer,33,Personal Travel,Eco,425,4,0,4,4,1,4,1,1,4,3,4,5,1,2.77,0,0,TRUE
Female,Loyal Customer,33,Business Travel,Business,1990,3,3,3,3,5,4,4,5,5,5,5,4,5,4.15,0,5,TRUE
Male,Disloyal Customer,30,Business Travel,Eco,253,3,5,3,3,1,3,1,1,5,5,1,4,1,2.77,0,0,FALSE
Female,Loyal Customer,36,Business Travel,Business,2925,1,1,1,1,1,1,1,3,2,3,3,1,1,1.54,0,29,FALSE
Female,Loyal Customer,48,Business Travel,Business,1618,3,3,2,3,5,3,2,5,5,4,5,1,3,3.38,0,0,TRUE
Female,Disloyal Customer,45,Business Travel,Eco,373,4,0,4,2,4,4,4,4,2,4,1,1,4,2.92,0,0,FALSE
Male,Disloyal Customer,27,Business Travel,Business,157,1,1,1,4,5,1,5,5,3,3,4,3,5,3.15,0,13,FALSE
Female,Loyal Customer,41,Business Travel,Business,925,4,4,4,4,3,5,4,4,4,4,4,3,5,4,77,87,TRUE
Female,Loyal Customer,17,Personal Travel,Eco,1947,4,5,4,4,2,4,3,2,3,3,5,3,2,3.38,3,0,FALSE
Male,Loyal Customer,47,Personal Travel,Eco,495,1,4,1,3,2,1,2,2,4,4,4,5,2,2.69,0,0,FALSE
Female,Loyal Customer,52,Business Travel,Eco,529,3,3,4,3,4,3,4,3,3,3,3,4,1,3.15,0,0,FALSE
Female,Loyal Customer,16,Personal Travel,Eco,1916,3,3,3,2,2,3,2,2,5,5,5,1,2,2.92,0,0,FALSE
Male,Loyal Customer,30,Personal Travel,Eco,337,2,5,2,1,5,2,5,5,5,4,5,3,5,3.77,15,4,FALSE
Male,Loyal Customer,46,Business Travel,Eco,606,1,3,2,3,1,1,1,1,4,1,3,1,1,1.77,15,12,FALSE
Male,Loyal Customer,21,Personal Travel,Eco,1389,3,4,3,4,4,3,2,4,5,5,4,5,4,3.85,24,9,FALSE
Female,Loyal Customer,47,Business Travel,Business,1781,3,3,3,3,4,4,4,5,5,5,5,3,3,3.85,0,0,TRUE
Male,Loyal Customer,56,Personal Travel,Eco,403,3,5,3,5,4,3,4,4,5,2,5,3,4,3.85,30,36,FALSE
Male,Loyal Customer,58,Business Travel,Business,3772,3,3,3,3,2,5,5,4,4,4,4,5,5,3.85,20,14,TRUE
Female,Loyal Customer,48,Business Travel,Business,1416,1,4,4,4,3,4,3,1,1,1,1,1,2,2.31,0,0,FALSE
Male,Loyal Customer,41,Business Travel,Eco,493,4,4,4,4,4,4,4,4,2,4,4,5,4,3.92,40,23,TRUE
Male,Loyal Customer,45,Business Travel,Business,1947,1,1,1,1,5,3,5,4,4,5,4,3,5,3.23,1,3,TRUE
Male,Loyal Customer,57,Business Travel,Business,2578,1,4,4,4,3,4,4,1,1,2,1,4,2,2.69,7,8,FALSE
Female,Loyal Customer,52,Business Travel,Business,1145,5,5,5,5,3,4,5,5,5,4,5,3,3,4.38,3,0,TRUE
Male,Loyal Customer,41,Business Travel,Eco,1069,3,4,4,4,3,3,3,3,2,4,3,1,3,3.08,0,0,FALSE
Male,Loyal Customer,42,Business Travel,Business,1521,3,3,3,3,5,5,4,5,5,5,5,4,5,4.23,18,9,TRUE
Male,Loyal Customer,33,Business Travel,Business,1680,1,1,1,1,5,5,5,5,4,5,5,3,5,3.54,0,0,TRUE
Male,Disloyal Customer,36,Business Travel,Eco,852,1,1,1,2,5,1,5,5,1,1,2,1,5,2.38,3,0,FALSE
Female,Loyal Customer,55,Business Travel,Business,967,5,5,5,5,4,5,5,3,3,4,3,5,4,4.31,102,91,TRUE
Female,Loyal Customer,52,Business Travel,Business,663,1,1,1,1,2,4,4,5,5,5,5,5,4,3.31,4,0,TRUE
Female,Loyal Customer,51,Business Travel,Business,2016,5,5,4,5,3,4,1,5,5,5,5,3,4,4.15,0,0,TRUE
Male,Loyal Customer,36,Business Travel,Business,3426,4,4,4,4,1,3,4,2,2,2,4,3,1,2.92,0,0,FALSE
Male,Loyal Customer,37,Personal Travel,Eco,919,1,3,1,4,2,1,4,2,1,3,2,1,2,2.08,0,0,FALSE
Male,Disloyal Customer,26,Business Travel,Eco,1056,2,2,2,2,5,2,5,5,5,3,3,4,5,3.46,1,0,FALSE
Male,Disloyal Customer,36,Business Travel,Business,1642,4,4,4,5,1,4,1,1,3,5,4,5,1,3.23,0,0,FALSE
Female,Loyal Customer,51,Business Travel,Business,153,5,5,4,5,3,3,4,5,5,5,5,5,2,4.31,0,0,TRUE
Male,Disloyal Customer,37,Business Travel,Eco,583,2,1,1,2,1,1,1,1,1,4,2,2,1,1.54,27,15,FALSE
Male,Loyal Customer,42,Business Travel,Business,1594,4,4,4,4,2,5,5,2,2,2,2,3,4,3.31,0,6,TRUE
Female,Loyal Customer,30,Business Travel,Business,1948,4,4,4,4,4,4,4,4,4,5,4,3,4,4,22,7,TRUE
Female,Disloyal Customer,23,Business Travel,Eco,852,3,4,4,3,3,5,5,4,3,4,3,5,5,3.92,37,72,FALSE
Female,Disloyal Customer,45,Business Travel,Business,462,4,4,4,4,5,4,5,5,3,3,4,5,5,4.23,0,0,TRUE
Female,Loyal Customer,27,Personal Travel,Eco,213,3,1,0,3,2,0,3,2,3,5,4,2,2,2.31,81,104,FALSE
Female,Loyal Customer,50,Business Travel,Business,237,3,3,2,3,5,4,4,4,4,4,4,5,4,3.77,0,0,TRUE
Female,Loyal Customer,43,Business Travel,Business,452,1,1,1,1,2,5,2,2,2,2,2,5,5,2.38,63,43,TRUE
Female,Loyal Customer,53,Personal Travel,Eco,1005,4,5,4,1,5,4,4,3,3,4,3,3,4,3.62,5,0,TRUE
Female,Loyal Customer,54,Personal Travel,Business,853,4,1,4,3,3,4,3,5,5,4,5,3,4,3.69,0,6,FALSE
Female,Loyal Customer,52,Personal Travel,Eco Plus,587,4,5,4,2,2,5,5,4,4,4,4,3,3,3.77,50,82,FALSE
Female,Loyal Customer,22,Personal Travel,Eco,448,2,3,2,3,1,2,1,1,4,3,5,3,1,2.38,41,40,FALSE
Female,Loyal Customer,28,Personal Travel,Eco,646,4,3,4,2,1,4,1,1,3,3,5,4,1,2.77,0,0,TRUE
Female,Loyal Customer,53,Business Travel,Business,3956,4,4,4,4,1,1,1,5,5,5,5,5,5,3.77,0,0,TRUE
Male,Loyal Customer,46,Personal Travel,Eco,505,3,5,3,2,3,3,3,3,3,3,5,5,3,3.38,0,0,FALSE
Female,Loyal Customer,10,Personal Travel,Business,1416,4,4,3,2,2,3,2,2,3,1,5,4,2,2.85,9,4,TRUE
Female,Loyal Customer,47,Personal Travel,Eco,1119,4,2,5,3,2,3,4,4,4,5,4,3,2,3.46,0,2,FALSE
Female,Disloyal Customer,12,Personal Travel,Eco,868,3,3,3,2,1,3,1,1,2,4,1,3,1,2.15,0,3,FALSE
Female,Loyal Customer,52,Business Travel,Business,2960,3,3,3,3,2,5,5,5,5,5,5,3,5,4,0,0,TRUE
Male,Loyal Customer,30,Business Travel,Business,3179,4,1,4,4,4,4,4,4,4,5,5,3,4,3.85,0,0,TRUE
Male,Loyal Customer,60,Business Travel,Eco,667,1,2,2,2,1,1,1,1,4,1,1,2,1,1.54,0,1,FALSE
Female,Loyal Customer,52,Business Travel,Business,3649,3,3,3,3,3,4,5,4,4,4,4,4,5,3.77,0,2,TRUE
Male,Loyal Customer,11,Business Travel,Eco,632,1,3,3,3,1,1,3,1,3,2,3,3,1,2.15,37,28,FALSE
Male,Loyal Customer,20,Business Travel,Eco Plus,358,4,2,2,2,4,4,4,4,5,2,5,2,4,3.38,0,0,TRUE
Female,Loyal Customer,22,Business Travel,Eco,224,0,3,1,5,4,1,4,4,5,1,2,4,4,2.92,0,0,TRUE
Female,Loyal Customer,24,Business Travel,Business,2425,4,4,4,4,5,5,5,5,1,5,1,5,5,4.08,0,0,TRUE
Female,Loyal Customer,28,Personal Travel,Eco,1739,0,4,0,3,1,0,4,1,5,5,3,4,1,2.38,0,0,TRUE
Male,Loyal Customer,43,Business Travel,Business,1045,2,2,2,2,3,5,5,4,4,4,4,5,4,3.54,0,0,TRUE
Female,Loyal Customer,57,Personal Travel,Eco,2586,5,3,5,3,3,3,2,3,3,5,3,5,3,3.54,0,0,TRUE
Male,Loyal Customer,43,Business Travel,Business,253,4,4,4,4,3,1,4,5,5,5,5,5,1,3.85,0,3,TRUE
Male,Loyal Customer,53,Business Travel,Business,1372,1,1,5,1,3,4,5,4,4,4,4,5,3,3.38,0,0,TRUE
Female,Disloyal Customer,40,Business Travel,Business,1086,2,3,3,3,3,5,3,1,5,4,3,3,3,3.15,36,29,FALSE
Female,Loyal Customer,38,Business Travel,Eco,925,4,5,5,5,4,4,4,4,3,1,4,1,4,3.69,0,14,FALSE
Male,Disloyal Customer,25,Business Travel,Business,352,5,5,5,3,5,5,5,5,4,1,4,4,5,4.31,0,0,TRUE
Female,Loyal Customer,51,Business Travel,Eco,895,3,3,3,3,1,2,1,3,3,3,3,4,4,2.77,0,0,FALSE
Female,Loyal Customer,47,Business Travel,Business,2517,3,3,5,3,3,5,5,3,3,3,3,5,4,3.69,0,0,TRUE
Male,Disloyal Customer,28,Business Travel,Business,762,2,2,2,1,1,2,4,1,4,5,5,3,1,2.54,6,5,FALSE
Female,Loyal Customer,66,Business Travel,Eco,142,4,4,4,4,1,5,2,4,4,4,4,4,3,3.62,33,49,TRUE
Female,Loyal Customer,39,Business Travel,Business,257,2,2,2,2,5,4,2,5,5,5,5,4,1,3.38,0,2,TRUE
Female,Loyal Customer,37,Personal Travel,Eco,1916,1,5,1,3,3,1,3,3,5,3,4,3,3,2.92,12,8,FALSE
Female,Loyal Customer,44,Business Travel,Business,2575,1,1,2,1,5,5,4,4,4,4,4,3,5,3.31,0,0,TRUE
Female,Loyal Customer,26,Personal Travel,Eco,604,1,5,1,4,4,1,4,4,4,3,4,5,4,3.38,0,4,FALSE
Female,Loyal Customer,52,Personal Travel,Eco,2979,3,3,3,3,3,3,3,1,5,1,2,3,3,2.77,48,40,FALSE
Male,Loyal Customer,23,Business Travel,Business,978,5,5,5,5,3,3,3,3,5,3,3,4,3,3.85,0,0,TRUE
Female,Loyal Customer,13,Personal Travel,Eco,109,3,4,3,3,2,3,2,2,3,1,2,2,2,2.46,0,0,FALSE
Male,Loyal Customer,50,Business Travel,Business,1032,4,4,4,4,5,4,5,4,4,4,4,5,3,4.15,0,0,TRUE
Female,Loyal Customer,24,Business Travel,Business,2809,3,3,3,3,5,5,5,5,1,1,1,3,5,3.31,17,14,TRUE
Female,Loyal Customer,60,Business Travel,Business,1521,4,4,4,4,2,4,5,4,4,4,4,4,4,3.92,7,1,TRUE
Male,Disloyal Customer,23,Business Travel,Eco,562,1,0,1,3,2,1,2,2,1,2,1,5,2,1.77,0,0,FALSE
Male,Loyal Customer,39,Business Travel,Business,3980,1,1,5,1,2,5,4,4,4,4,4,4,5,3.38,0,0,TRUE
Male,Loyal Customer,36,Business Travel,Business,1121,3,3,3,3,4,5,5,5,5,5,5,4,5,4.23,0,30,TRUE
Female,Loyal Customer,42,Business Travel,Business,1844,5,5,5,5,4,4,4,5,5,5,5,5,3,4.62,0,7,TRUE
Female,Loyal Customer,42,Personal Travel,Eco,507,1,4,1,3,1,1,5,4,4,1,4,5,3,2.85,0,0,FALSE
Male,Disloyal Customer,29,Business Travel,Eco,545,3,0,3,3,3,3,3,3,1,1,4,4,3,2.62,15,20,FALSE
Male,Disloyal Customer,22,Business Travel,Eco,462,3,4,3,4,1,3,1,1,3,3,1,3,1,2.38,0,0,FALSE
Female,Loyal Customer,60,Business Travel,Business,2172,3,3,3,3,4,5,5,5,5,5,5,4,3,4.08,0,0,TRUE
Male,Loyal Customer,64,Personal Travel,Eco,502,4,3,4,3,5,4,5,5,3,2,4,1,5,3.69,0,0,FALSE
Male,Loyal Customer,55,Business Travel,Business,1576,1,5,5,5,1,4,3,1,1,1,1,3,3,2.62,0,0,FALSE
Female,Loyal Customer,12,Personal Travel,Eco Plus,631,3,1,4,3,4,4,4,4,1,1,4,3,4,3.08,0,0,FALSE
Female,Disloyal Customer,21,Business Travel,Eco,184,1,4,1,4,5,1,5,5,3,5,3,3,5,3.46,30,14,FALSE
Female,Disloyal Customer,29,Business Travel,Eco,641,4,2,4,3,2,4,2,2,3,2,4,4,2,2.92,13,6,FALSE
Female,Disloyal Customer,24,Business Travel,Eco,526,3,0,3,2,5,3,2,5,3,3,2,2,5,2.92,29,36,FALSE
Female,Loyal Customer,33,Personal Travel,Eco,1558,2,5,3,1,2,3,5,2,4,4,5,3,2,3.15,0,0,FALSE
Male,Loyal Customer,59,Personal Travel,Eco,533,3,2,3,3,3,4,4,2,1,3,2,4,4,2.92,256,242,FALSE
Female,Loyal Customer,26,Personal Travel,Eco,2607,3,2,3,3,3,4,4,3,3,3,4,4,4,3.31,56,98,FALSE
Male,Loyal Customer,17,Personal Travel,Eco,1616,3,4,2,5,5,2,5,5,3,2,4,4,5,3.77,0,0,FALSE
Female,Loyal Customer,44,Personal Travel,Eco,227,2,3,0,1,2,4,2,4,4,0,4,3,3,2.46,31,25,FALSE
Female,Disloyal Customer,22,Business Travel,Eco,156,4,3,4,2,4,4,4,4,5,2,4,1,4,3.46,0,0,TRUE
Male,Loyal Customer,29,Personal Travel,Eco,1205,3,1,3,4,5,3,2,5,3,3,3,2,5,3.23,0,0,FALSE
Male,Loyal Customer,54,Personal Travel,Eco Plus,2917,1,1,1,2,2,1,2,2,3,4,2,4,2,2.08,16,0,FALSE
Female,Loyal Customer,43,Business Travel,Business,2690,2,1,2,2,3,4,3,5,5,5,5,3,1,3.15,0,5,TRUE
Female,Disloyal Customer,26,Business Travel,Eco Plus,128,5,5,5,1,2,5,2,2,4,2,2,5,2,3.23,0,0,TRUE
Male,Loyal Customer,52,Personal Travel,Eco,273,3,4,4,1,1,4,1,1,2,3,2,5,1,2.46,0,8,FALSE
Female,Loyal Customer,58,Business Travel,Eco,569,1,1,1,1,4,3,3,1,1,1,1,4,2,1.85,0,0,FALSE
Male,Loyal Customer,41,Personal Travel,Eco,2106,3,1,3,1,1,3,1,1,4,5,2,1,1,2.08,0,0,FALSE
Male,Disloyal Customer,30,Business Travel,Eco,584,4,2,5,3,5,5,5,5,2,5,4,2,5,4,0,0,FALSE
Male,Loyal Customer,61,Business Travel,Business,2516,1,3,3,3,2,3,3,3,3,3,1,4,2,2.62,3,0,FALSE
Male,Disloyal Customer,28,Business Travel,Eco,563,3,5,3,3,1,3,1,1,2,3,2,1,1,2.23,13,20,FALSE
Female,Loyal Customer,13,Personal Travel,Eco,1282,3,1,3,3,5,3,5,5,1,2,4,1,5,3.15,13,4,FALSE
Female,Loyal Customer,40,Personal Travel,Eco,460,1,5,4,1,4,4,5,4,1,4,5,3,4,3.46,0,0,FALSE
Female,Disloyal Customer,29,Business Travel,Eco,551,2,1,2,3,1,2,1,1,2,2,3,2,1,1.77,0,0,FALSE
Male,Loyal Customer,41,Personal Travel,Eco,517,2,2,2,4,4,2,4,4,2,4,4,1,4,3,26,10,FALSE
Female,Loyal Customer,16,Business Travel,Business,634,4,4,4,4,5,5,5,5,1,2,1,1,5,3.54,0,0,TRUE
Female,Loyal Customer,69,Personal Travel,Business,748,3,4,3,3,4,4,4,2,2,3,2,4,3,3.15,0,0,FALSE
Female,Loyal Customer,54,Business Travel,Business,2419,1,1,1,1,3,3,5,5,5,5,5,5,5,3.46,4,0,TRUE
Female,Loyal Customer,47,Personal Travel,Eco Plus,2405,4,5,4,5,3,2,4,3,3,4,3,4,4,3.69,3,3,FALSE
Female,Loyal Customer,42,Business Travel,Business,135,4,4,4,4,4,4,4,4,4,4,5,5,3,4.08,0,4,TRUE
Male,Loyal Customer,51,Personal Travel,Eco,825,3,4,3,1,5,3,5,5,3,3,5,4,5,3.77,0,0,FALSE
Male,Loyal Customer,49,Business Travel,Business,1609,4,4,4,4,4,4,4,4,4,4,4,4,3,3.92,10,0,TRUE
Male,Disloyal Customer,50,Business Travel,Business,425,2,2,2,2,3,2,5,3,4,3,4,4,3,3,5,0,TRUE
Male,Loyal Customer,12,Personal Travel,Eco Plus,601,5,5,5,1,1,5,1,1,5,2,3,5,1,3.08,0,0,TRUE
Male,Loyal Customer,46,Personal Travel,Eco,190,1,4,1,2,5,1,5,5,2,5,5,3,5,3.38,0,0,FALSE
Female,Disloyal Customer,14,Business Travel,Eco,984,2,2,2,3,4,2,4,4,4,4,4,1,4,3.08,0,0,FALSE
Male,Loyal Customer,62,Personal Travel,Eco Plus,1345,4,4,4,5,2,4,2,2,4,3,5,3,2,3.38,0,0,FALSE
Male,Disloyal Customer,19,Business Travel,Eco,238,3,1,3,4,2,3,5,2,4,1,3,1,2,2.62,70,66,FALSE
Female,Loyal Customer,46,Business Travel,Business,806,2,2,2,2,5,5,5,4,4,4,4,5,5,3.77,140,116,TRUE
Male,Loyal Customer,50,Business Travel,Business,2753,5,5,5,5,5,5,4,4,4,4,4,4,4,4.46,3,2,TRUE
Male,Loyal Customer,46,Business Travel,Business,3859,1,5,5,5,4,4,4,1,1,2,1,3,2,2.92,1,1,FALSE
Female,Loyal Customer,42,Business Travel,Business,2402,4,4,2,4,2,5,4,4,4,4,4,3,5,3.77,9,12,TRUE
Female,Disloyal Customer,24,Business Travel,Business,562,4,0,4,4,4,5,2,5,5,5,4,2,2,3.54,140,178,TRUE
Male,Loyal Customer,36,Business Travel,Business,2080,2,2,2,2,2,4,4,5,5,5,5,3,4,3.46,0,0,TRUE
Male,Loyal Customer,66,Personal Travel,Eco,1590,2,3,3,2,1,3,1,1,2,2,2,2,1,1.92,0,2,FALSE
Female,Disloyal Customer,43,Business Travel,Eco,125,2,0,2,1,3,2,3,3,4,5,4,4,3,2.77,0,0,FALSE
Female,Loyal Customer,43,Personal Travel,Eco,1013,2,1,2,3,5,4,4,5,5,2,5,3,3,3.38,14,5,FALSE
Male,Loyal Customer,45,Personal Travel,Eco,798,2,1,2,3,2,2,2,2,2,3,4,2,2,2.23,0,0,FALSE
Female,Loyal Customer,37,Personal Travel,Eco,1269,3,5,3,5,1,3,1,1,4,3,5,4,1,3,4,0,FALSE
Female,Disloyal Customer,37,Business Travel,Business,159,5,5,5,4,4,5,4,4,3,5,4,3,4,4.23,0,0,TRUE
Male,Loyal Customer,19,Personal Travel,Eco,484,5,1,5,4,4,5,4,4,3,2,3,2,4,3.54,60,77,TRUE
Male,Loyal Customer,27,Business Travel,Business,3481,2,5,5,5,2,2,2,2,2,1,4,4,2,2.92,86,106,FALSE
Female,Disloyal Customer,25,Business Travel,Eco Plus,1754,1,4,1,4,5,1,4,5,3,4,2,2,5,3.15,0,0,FALSE
Male,Loyal Customer,48,Business Travel,Business,1587,4,4,4,4,5,4,5,5,5,5,5,5,4,4.54,0,0,TRUE
Male,Loyal Customer,68,Personal Travel,Eco,1086,5,2,5,4,4,5,4,4,4,4,4,3,4,4,0,0,TRUE
Female,Loyal Customer,58,Business Travel,Eco Plus,925,5,3,3,3,4,3,5,5,5,5,5,1,3,3.85,28,17,TRUE
Male,Loyal Customer,45,Personal Travel,Business,315,1,4,1,4,3,4,4,2,2,1,4,4,3,2.85,50,47,FALSE
Male,Disloyal Customer,47,Business Travel,Eco,412,3,3,3,5,2,3,2,2,4,3,3,3,2,2.92,0,0,FALSE
Male,Loyal Customer,50,Business Travel,Eco,216,5,5,5,5,5,5,5,5,4,2,3,4,5,4.46,0,0,TRUE
Male,Loyal Customer,48,Business Travel,Eco,550,3,2,1,2,4,3,4,4,4,3,3,1,4,2.92,0,22,FALSE
Male,Loyal Customer,48,Business Travel,Eco,972,2,3,3,3,2,2,2,2,1,4,3,1,2,2.31,0,0,FALSE
Male,Loyal Customer,51,Business Travel,Business,3458,0,4,0,1,2,5,5,2,2,2,2,5,3,2.54,0,2,TRUE
Male,Disloyal Customer,21,Business Travel,Eco,984,4,4,4,1,4,4,4,4,5,5,4,4,4,3.92,6,0,TRUE
Female,Loyal Customer,12,Personal Travel,Eco,266,4,2,4,3,4,4,4,4,3,1,3,4,4,3.38,0,0,FALSE
Male,Disloyal Customer,31,Business Travel,Eco Plus,990,3,2,2,4,5,2,5,5,3,4,3,4,5,3.62,51,44,FALSE
Female,Loyal Customer,33,Personal Travel,Eco,259,1,3,1,4,2,1,2,2,1,5,4,2,2,2.31,0,10,FALSE
Female,Loyal Customer,45,Personal Travel,Eco Plus,457,3,5,3,2,4,5,5,4,4,3,4,5,5,4,0,14,FALSE
Male,Loyal Customer,46,Personal Travel,Eco,384,2,5,2,3,4,2,4,4,3,2,4,5,4,3.38,0,0,FALSE
Male,Loyal Customer,60,Business Travel,Business,3717,3,3,3,3,3,3,3,3,5,5,5,3,3,3.46,262,233,TRUE
Female,Loyal Customer,25,Business Travel,Business,2434,3,3,3,3,3,2,3,3,1,5,2,1,3,2.69,0,0,FALSE
Male,Loyal Customer,42,Business Travel,Business,2449,5,5,5,5,3,3,4,4,4,4,4,4,3,4.08,0,0,TRUE
Female,Loyal Customer,38,Business Travel,Business,2617,2,2,2,2,5,5,4,4,4,4,4,3,4,3.46,0,0,TRUE
Female,Disloyal Customer,21,Personal Travel,Eco,2182,2,2,2,1,1,2,1,1,2,4,2,1,1,1.69,0,1,FALSE
Male,Loyal Customer,12,Personal Travel,Business,109,3,4,0,1,3,0,3,3,5,3,4,5,3,2.85,0,0,FALSE
Female,Loyal Customer,59,Personal Travel,Eco,402,2,4,2,5,5,5,5,2,2,2,2,3,3,3.23,1,0,FALSE
Male,Loyal Customer,45,Business Travel,Business,2133,4,4,4,4,3,4,4,5,5,4,5,4,5,4.23,0,8,TRUE
Male,Loyal Customer,24,Personal Travel,Business,250,3,5,3,3,3,3,3,3,3,4,5,4,3,3.46,0,2,FALSE
Male,Loyal Customer,50,Business Travel,Business,3890,4,2,2,2,3,3,3,2,2,2,4,3,1,2.54,0,0,FALSE
Male,Disloyal Customer,27,Business Travel,Eco,1119,4,4,4,4,3,4,3,3,4,4,2,1,3,3.31,2,0,FALSE
Female,Disloyal Customer,28,Business Travel,Business,393,1,1,1,3,5,1,5,5,5,5,5,5,5,3.62,23,17,FALSE
Female,Loyal Customer,45,Personal Travel,Eco,547,2,5,2,5,4,5,4,5,5,2,5,5,5,4.15,0,17,FALSE
Female,Loyal Customer,50,Personal Travel,Eco,342,2,5,2,5,3,1,2,1,1,2,5,4,4,2.85,0,0,FALSE
Male,Loyal Customer,56,Business Travel,Business,802,2,2,2,2,2,5,4,5,5,5,5,4,3,3.54,11,4,TRUE
Male,Loyal Customer,77,Business Travel,Business,2541,4,3,2,3,1,3,4,4,4,4,4,2,3,3.15,0,0,FALSE
Female,Loyal Customer,32,Personal Travel,Eco,581,4,2,3,4,1,3,1,1,1,3,4,4,1,2.46,0,0,FALSE
Male,Loyal Customer,33,Personal Travel,Eco Plus,1050,2,5,2,2,2,2,2,2,5,4,4,5,2,3,0,0,FALSE
Male,Disloyal Customer,30,Business Travel,Business,986,1,1,1,4,4,1,4,4,5,5,4,4,4,3.23,0,0,FALSE
Female,Disloyal Customer,40,Business Travel,Business,293,4,4,4,4,2,4,1,2,2,3,3,2,2,2.85,25,27,FALSE
Female,Loyal Customer,25,Personal Travel,Eco,238,3,4,0,2,3,0,3,3,1,2,2,1,3,2.08,0,0,FALSE
Male,Loyal Customer,53,Personal Travel,Eco Plus,1947,5,4,5,2,2,5,2,2,3,3,5,5,2,3.46,0,0,TRUE
Male,Loyal Customer,24,Personal Travel,Eco,248,2,5,2,2,2,2,2,2,4,3,4,3,2,2.69,0,1,FALSE
Male,Loyal Customer,7,Personal Travel,Eco,468,4,1,4,3,1,4,1,1,4,2,4,3,1,2.54,89,100,FALSE
Male,Loyal Customer,47,Business Travel,Business,157,4,4,4,4,3,4,4,5,5,5,4,5,3,4.15,0,0,TRUE
Male,Loyal Customer,27,Personal Travel,Eco,628,2,2,1,3,4,1,1,4,4,4,4,4,4,2.92,18,13,FALSE
Male,Loyal Customer,45,Business Travel,Business,829,1,1,1,1,5,4,5,3,3,3,3,4,3,2.85,5,9,TRUE
Female,Loyal Customer,58,Business Travel,Eco Plus,119,2,4,4,4,4,3,3,2,2,2,2,2,3,2.85,30,51,FALSE
Female,Loyal Customer,40,Business Travel,Business,1892,1,1,1,1,3,5,4,4,4,4,4,5,3,3.08,0,0,TRUE
Female,Loyal Customer,22,Business Travel,Eco,1589,4,2,2,2,4,4,1,4,1,5,2,1,4,2.77,97,97,FALSE
Female,Loyal Customer,50,Business Travel,Business,2153,4,4,2,4,5,3,5,5,5,5,5,3,5,4.23,5,21,TRUE
Female,Loyal Customer,45,Business Travel,Business,1211,2,2,2,2,4,4,5,5,5,5,5,5,4,3.85,0,0,TRUE
Male,Loyal Customer,31,Business Travel,Business,1590,1,1,1,1,4,4,4,4,5,3,4,4,4,3.08,0,0,TRUE
Female,Loyal Customer,21,Personal Travel,Eco,986,3,4,3,2,4,3,2,4,3,4,5,5,4,3.54,0,0,FALSE
Male,Disloyal Customer,26,Business Travel,Business,861,2,3,3,4,2,3,2,2,5,4,4,4,2,3.08,0,13,FALSE
Female,Disloyal Customer,22,Business Travel,Eco,458,2,0,3,3,4,3,4,4,5,4,4,5,4,3.46,18,6,FALSE
Female,Loyal Customer,53,Business Travel,Eco Plus,1010,2,2,2,2,5,1,2,2,2,2,2,4,3,2.38,24,7,FALSE
Female,Loyal Customer,16,Personal Travel,Eco,616,4,1,4,3,5,4,5,5,1,4,3,1,5,3.46,20,3,FALSE
Female,Loyal Customer,49,Business Travel,Eco Plus,110,4,4,4,4,3,5,1,4,4,4,4,3,3,3.62,15,16,TRUE
Female,Disloyal Customer,34,Business Travel,Eco,1009,3,3,3,5,2,3,2,2,5,5,2,5,2,3.23,0,0,FALSE
Male,Loyal Customer,36,Business Travel,Business,1901,3,3,3,3,5,4,3,5,5,5,5,1,5,3.85,0,0,TRUE
Female,Loyal Customer,30,Personal Travel,Eco,1171,3,5,2,5,5,2,4,5,4,5,3,4,5,4,25,22,FALSE
Female,Loyal Customer,59,Business Travel,Business,3331,3,4,4,4,3,2,2,3,3,3,3,3,3,3.08,19,9,FALSE
Male,Loyal Customer,52,Business Travel,Eco,116,5,4,4,4,5,5,5,5,2,2,5,1,5,4,0,0,TRUE
Female,Loyal Customer,64,Personal Travel,Eco,599,2,4,2,1,1,5,3,2,2,2,2,3,3,2.46,28,77,FALSE
Male,Loyal Customer,47,Business Travel,Business,1399,1,5,5,5,4,3,3,1,1,1,1,2,3,2.69,0,0,FALSE
Female,Loyal Customer,29,Personal Travel,Eco,679,3,5,2,5,2,2,2,2,5,5,4,3,2,3.23,0,1,FALSE
Female,Loyal Customer,68,Personal Travel,Business,678,2,5,2,3,2,5,4,4,4,2,4,4,5,3.54,130,110,FALSE
Male,Loyal Customer,42,Business Travel,Business,2803,1,1,1,1,5,4,4,5,5,5,5,4,3,3.38,4,,TRUE
Female,Loyal Customer,25,Business Travel,Business,2346,0,0,0,3,5,5,5,5,5,3,3,5,5,3.38,4,12,TRUE
Male,Loyal Customer,55,Business Travel,Business,1749,5,5,5,5,2,4,5,3,3,3,3,5,4,4,0,0,TRUE
Male,Loyal Customer,73,Business Travel,Business,3466,3,3,3,3,3,4,4,3,3,3,3,4,1,3.08,0,3,FALSE
Male,Loyal Customer,49,Business Travel,Business,2017,2,2,2,2,2,4,5,5,5,5,5,4,5,3.69,0,3,TRUE
Male,Disloyal Customer,20,Business Travel,Eco,811,2,2,2,1,1,2,1,1,5,4,4,5,1,2.38,1,0,FALSE
Male,Loyal Customer,63,Personal Travel,Eco,328,4,4,4,2,1,4,2,1,1,4,4,5,1,2.85,0,0,TRUE
Male,Loyal Customer,40,Business Travel,Business,3988,4,4,4,4,1,3,2,5,5,4,5,3,1,3.46,0,21,TRUE
Male,Loyal Customer,42,Business Travel,Business,197,3,3,3,3,3,2,3,3,3,3,3,2,3,2.85,9,7,FALSE
Male,Disloyal Customer,27,Business Travel,Business,1089,1,1,1,2,2,1,2,2,5,5,4,3,2,2.38,0,0,FALSE
Female,Loyal Customer,65,Personal Travel,Eco,2329,1,5,1,2,1,3,3,3,4,3,4,3,3,2.77,5,9,FALSE
Female,Loyal Customer,69,Personal Travel,Eco,294,4,5,4,3,2,5,4,4,4,4,4,3,5,3.92,10,3,TRUE
Female,Disloyal Customer,39,Business Travel,Eco,337,2,0,1,3,5,1,5,5,5,5,5,5,5,3.62,0,0,FALSE
Female,Loyal Customer,48,Business Travel,Eco,158,3,5,5,5,1,4,3,4,4,3,4,2,4,3.62,0,0,FALSE
Male,Loyal Customer,40,Business Travel,Eco,209,5,1,5,1,5,5,5,5,3,1,4,4,5,3.77,76,61,TRUE
Female,Loyal Customer,60,Business Travel,Business,1670,3,3,3,3,4,3,5,4,4,4,4,3,5,3.69,0,1,TRUE
Female,Loyal Customer,55,Business Travel,Business,229,3,3,3,3,3,1,1,3,3,3,3,1,1,2.38,72,87,FALSE
Male,Loyal Customer,53,Business Travel,Business,590,2,2,2,2,5,4,5,4,4,4,4,4,5,3.62,0,0,TRUE
Female,Loyal Customer,51,Business Travel,Business,248,2,2,2,2,2,5,5,5,5,4,5,3,5,3.62,1,0,TRUE
Female,Loyal Customer,75,Business Travel,Eco,102,5,1,1,1,5,4,2,5,5,5,5,3,4,3.54,0,0,TRUE
Female,Loyal Customer,58,Business Travel,Business,447,5,5,1,5,2,4,5,4,4,4,4,1,4,3.69,2,0,TRUE
Male,Loyal Customer,26,Personal Travel,Eco,493,3,4,3,3,3,3,3,3,4,4,4,5,3,3.46,0,0,FALSE
Male,Loyal Customer,66,Business Travel,Eco,564,3,2,2,2,3,3,3,3,3,4,4,2,3,2.85,0,0,FALSE
Female,Loyal Customer,34,Business Travel,Business,3290,4,4,4,4,3,4,4,3,3,3,3,4,5,3.69,0,0,TRUE
Male,Disloyal Customer,24,Business Travel,Eco,587,4,4,5,1,1,5,1,1,4,3,4,5,1,3,87,75,FALSE
Female,Disloyal Customer,32,Business Travel,Eco Plus,158,2,2,2,1,4,2,2,4,2,4,2,2,4,2.54,0,0,FALSE
Male,Loyal Customer,50,Business Travel,Eco Plus,687,4,5,5,5,4,4,4,4,2,5,4,3,4,4.08,0,0,FALSE
Male,Loyal Customer,28,Business Travel,Eco,1020,1,4,4,4,1,2,1,1,2,5,3,3,1,2.46,0,0,FALSE
Female,Disloyal Customer,28,Business Travel,Eco,1598,4,5,5,1,3,4,3,3,1,4,4,3,3,3.31,37,16,FALSE
Male,Disloyal Customer,18,Business Travel,Business,1021,4,0,4,1,4,4,4,4,5,4,3,5,4,3.54,2,4,TRUE
Male,Loyal Customer,49,Business Travel,Business,1919,0,4,1,4,3,5,5,2,2,2,2,3,3,2.77,0,0,TRUE
Female,Loyal Customer,26,Personal Travel,Eco,432,3,3,2,4,2,2,2,2,3,1,5,4,2,2.69,0,0,FALSE
Male,Loyal Customer,31,Personal Travel,Eco,959,2,5,2,4,2,2,2,2,5,5,5,4,2,3.23,25,9,FALSE
Male,Loyal Customer,46,Business Travel,Eco Plus,972,2,5,5,5,3,2,3,3,1,3,3,3,3,3.15,119,126,FALSE
Male,Loyal Customer,39,Business Travel,Business,409,5,5,5,5,2,4,4,4,4,4,4,4,3,4.08,0,0,TRUE
Male,Loyal Customer,53,Business Travel,Business,399,1,4,4,4,4,4,4,1,1,1,1,2,4,2.69,58,77,FALSE
Male,Loyal Customer,48,Business Travel,Business,90,3,3,3,3,3,5,5,5,5,5,4,4,5,4.08,0,4,TRUE
Female,Loyal Customer,8,Personal Travel,Eco,666,2,3,2,5,4,2,4,4,3,4,5,2,4,3.38,1,59,FALSE
Female,Loyal Customer,25,Business Travel,Business,2496,3,4,4,4,3,3,3,3,1,5,4,4,3,3.38,0,0,FALSE
Female,Loyal Customer,12,Business Travel,Eco,1217,1,5,5,5,1,1,3,1,4,4,4,3,1,2.92,0,0,FALSE
Female,Loyal Customer,22,Business Travel,Eco,599,3,5,5,5,3,3,3,3,1,2,4,3,3,3.31,13,18,FALSE
Male,Loyal Customer,59,Business Travel,Business,2086,1,1,1,1,5,4,4,4,4,4,4,3,3,3,22,14,TRUE
Male,Disloyal Customer,23,Business Travel,Eco,164,2,0,2,4,3,2,3,3,4,3,2,5,3,2.77,17,15,FALSE
Male,Loyal Customer,14,Personal Travel,Eco,1660,3,4,3,1,2,3,2,2,5,3,5,5,2,3.08,2,6,FALSE
Male,Disloyal Customer,40,Business Travel,Eco,723,5,5,5,1,2,5,2,2,4,2,5,3,2,3.31,0,0,TRUE
Female,Loyal Customer,59,Business Travel,Business,2653,5,5,5,5,5,5,5,1,1,2,1,4,3,3.62,54,50,TRUE
Male,Disloyal Customer,49,Business Travel,Eco,899,3,3,3,3,2,3,2,2,4,3,4,1,2,2.69,0,13,FALSE
Female,Loyal Customer,14,Personal Travel,Eco,1069,3,5,3,1,5,3,3,5,4,3,4,5,5,3.77,0,0,FALSE
Female,Loyal Customer,25,Business Travel,Business,109,1,1,1,1,5,5,5,5,2,4,1,1,5,2.85,86,76,TRUE
Female,Loyal Customer,18,Personal Travel,Eco,259,3,4,3,4,1,3,1,1,1,3,3,3,1,2.38,0,0,FALSE
Male,Loyal Customer,15,Personal Travel,Eco,417,3,5,3,5,5,3,5,5,4,4,5,5,5,4.38,12,10,FALSE
Male,Loyal Customer,48,Business Travel,Eco Plus,585,2,5,5,5,2,2,2,2,1,2,3,3,2,2.77,1,0,FALSE
Female,Loyal Customer,47,Business Travel,Business,3740,3,3,5,3,4,4,5,4,4,4,4,3,5,3.92,0,0,TRUE
Male,Loyal Customer,9,Personal Travel,Eco,74,3,5,3,4,4,3,4,4,5,4,4,3,4,3.85,5,0,FALSE
Male,Disloyal Customer,41,Business Travel,Eco,144,1,2,1,4,3,1,3,3,3,2,4,2,3,2.46,6,0,FALSE
Male,Loyal Customer,55,Business Travel,Business,683,4,4,2,4,2,4,4,4,4,5,4,3,5,3.77,9,86,TRUE
Female,Loyal Customer,9,Personal Travel,Eco Plus,862,2,5,2,5,4,2,4,4,3,4,5,3,4,3.62,0,0,FALSE
Male,Loyal Customer,52,Personal Travel,Eco,417,2,3,2,2,4,2,1,4,4,3,3,4,4,2.92,6,4,FALSE
Male,Loyal Customer,22,Personal Travel,Eco,135,0,0,0,3,2,0,2,2,2,4,5,3,2,1.92,30,26,TRUE
Female,Loyal Customer,14,Personal Travel,Eco Plus,236,4,5,4,5,2,4,2,2,4,4,4,3,2,3.46,1,0,FALSE
Female,Disloyal Customer,23,Business Travel,Eco,550,3,3,3,3,3,3,2,3,1,1,3,3,3,2.62,0,0,FALSE
Male,Loyal Customer,66,Personal Travel,Eco,404,1,4,1,1,2,1,2,2,5,5,4,5,2,2.69,15,11,FALSE
Female,Loyal Customer,55,Business Travel,Business,2018,1,1,1,1,2,4,4,5,5,5,5,5,4,3.31,0,0,TRUE
Male,Loyal Customer,54,Business Travel,Eco Plus,1927,3,4,4,4,3,3,3,3,3,5,4,1,3,3.31,0,0,FALSE
Male,Loyal Customer,61,Personal Travel,Eco,651,1,4,1,4,3,1,3,3,3,5,4,5,3,3.08,0,0,FALSE
Female,Disloyal Customer,18,Business Travel,Eco,1103,1,1,1,1,1,2,2,5,5,3,5,2,2,2.38,0,0,FALSE
Male,Loyal Customer,24,Personal Travel,Eco,726,2,2,2,3,2,2,2,2,4,1,4,1,2,2.23,0,0,FALSE
Male,Loyal Customer,23,Business Travel,Business,2024,1,4,2,2,4,4,1,4,2,5,3,1,4,2.85,112,107,FALSE
Female,Loyal Customer,38,Business Travel,Business,546,2,2,2,2,2,2,3,2,2,2,2,1,3,2.08,0,0,FALSE
Male,Loyal Customer,65,Business Travel,Eco,937,2,4,4,4,2,2,2,2,1,2,4,2,2,2.54,0,7,FALSE
Female,Loyal Customer,59,Business Travel,Business,2736,2,2,2,2,2,5,4,4,4,4,4,5,4,3.38,0,0,TRUE
Female,Loyal Customer,14,Personal Travel,Eco,2092,3,5,3,1,4,3,3,4,4,2,5,3,4,3.38,5,0,FALSE
Male,Loyal Customer,34,Business Travel,Business,1525,5,5,5,5,4,3,2,5,5,5,5,2,2,4.08,0,0,TRUE
Female,Loyal Customer,48,Business Travel,Business,945,1,3,3,3,5,1,2,1,1,1,1,1,4,2.08,0,0,FALSE
Female,Loyal Customer,53,Business Travel,Business,2717,2,2,2,2,4,5,5,4,4,4,4,3,5,3.54,7,5,TRUE
Female,Loyal Customer,29,Personal Travel,Eco,515,5,5,5,3,5,5,4,5,4,3,4,5,5,4.46,0,0,TRUE
Male,Loyal Customer,37,Personal Travel,Eco,771,1,4,1,2,2,1,2,2,4,2,4,3,2,2.31,0,0,FALSE
Female,Loyal Customer,47,Business Travel,Eco,634,4,4,4,4,4,5,2,4,4,4,4,5,5,4.08,0,4,TRUE
Female,Loyal Customer,17,Personal Travel,Eco,1363,2,5,2,3,2,2,2,2,5,3,3,5,2,2.92,0,0,FALSE
Female,Loyal Customer,49,Business Travel,Business,599,4,4,4,4,1,4,3,4,4,4,4,3,3,3.54,21,14,TRUE
Male,Loyal Customer,38,Personal Travel,Eco Plus,1089,1,5,1,4,3,1,3,3,3,3,2,1,3,2.54,37,19,FALSE
Male,Loyal Customer,46,Business Travel,Business,1162,4,4,4,4,4,2,4,5,5,5,5,4,3,4.08,38,27,TRUE
Female,Loyal Customer,55,Business Travel,Eco,197,4,5,5,5,2,1,4,4,4,4,4,4,2,3.69,0,0,TRUE
Female,Loyal Customer,49,Personal Travel,Eco,500,4,5,2,2,1,3,2,1,1,2,1,3,2,2.23,38,32,FALSE
Male,Loyal Customer,49,Business Travel,Eco,1547,2,1,1,1,2,2,2,2,3,2,3,4,2,2.08,0,0,FALSE
Female,Loyal Customer,35,Business Travel,Eco,588,1,5,5,5,1,1,1,1,1,2,4,4,1,2.46,0,0,FALSE
Male,Loyal Customer,13,Personal Travel,Eco,399,3,4,3,3,3,3,3,3,3,3,4,5,3,3.31,0,0,FALSE
Female,Loyal Customer,52,Business Travel,Business,2119,3,3,3,3,2,5,5,5,5,5,5,4,5,4.08,39,24,TRUE
Male,Loyal Customer,56,Business Travel,Business,997,3,3,3,3,4,5,5,5,5,5,5,5,5,4.31,25,17,TRUE
Female,Disloyal Customer,11,Business Travel,Eco,1416,4,4,4,3,5,4,5,5,3,3,3,1,5,3.77,0,14,FALSE
Female,Disloyal Customer,23,Business Travel,Eco,325,3,1,3,2,2,3,2,2,2,2,3,2,2,2.23,35,39,FALSE
Male,Loyal Customer,54,Business Travel,Business,3144,2,5,5,5,2,3,3,2,2,2,2,4,1,2.92,0,0,FALSE
Male,Loyal Customer,48,Business Travel,Business,3263,5,5,5,5,5,4,4,3,3,3,3,3,4,4,2,0,TRUE
Male,Disloyal Customer,56,Business Travel,Eco,101,3,2,3,4,3,3,3,3,1,5,4,1,3,2.92,0,0,FALSE
Male,Disloyal Customer,24,Business Travel,Eco,600,3,0,3,1,2,3,2,2,5,5,5,4,2,2.85,32,56,FALSE
Male,Loyal Customer,32,Personal Travel,Eco,1069,2,4,2,2,5,2,5,5,3,1,1,4,5,3.15,50,55,FALSE
Male,Loyal Customer,26,Personal Travel,Eco,1303,2,4,1,5,3,1,3,3,3,2,3,4,3,2.85,0,0,FALSE
Female,Loyal Customer,33,Personal Travel,Eco,1147,0,5,0,5,5,0,5,5,5,2,5,5,5,3.62,0,0,TRUE
Female,Loyal Customer,54,Business Travel,Business,3612,1,1,1,1,5,4,4,2,2,2,2,3,4,2.46,0,7,TRUE
Male,Disloyal Customer,20,Business Travel,Business,1121,4,0,4,3,2,4,2,2,5,4,4,4,2,3.08,0,10,TRUE
Male,Loyal Customer,49,Business Travel,Business,2864,2,2,2,2,3,5,5,5,5,5,5,5,4,3.85,0,4,TRUE
Male,Loyal Customer,50,Business Travel,Business,1390,5,5,5,5,2,4,4,4,4,4,4,4,3,4.08,0,10,TRUE
Female,Loyal Customer,47,Business Travel,Business,1389,5,5,5,5,2,4,5,4,4,4,4,5,5,4.38,3,0,TRUE
Female,Loyal Customer,24,Business Travel,Business,2333,5,5,4,5,4,4,4,4,3,4,4,5,4,4.23,17,6,TRUE
Male,Loyal Customer,31,Business Travel,Business,533,2,2,2,2,5,5,5,5,1,1,4,3,5,3.23,0,0,TRUE
Male,Loyal Customer,60,Personal Travel,Eco,271,3,1,2,2,1,2,1,1,2,3,2,1,1,1.69,36,21,FALSE
Male,Loyal Customer,62,Business Travel,Business,2039,2,4,4,4,3,1,2,2,2,2,2,4,4,2.77,5,25,FALSE
Female,Loyal Customer,28,Business Travel,Eco Plus,481,4,1,1,1,4,4,4,4,1,1,3,4,4,2.77,0,0,FALSE
Female,Loyal Customer,61,Personal Travel,Eco,526,4,5,4,4,4,4,4,1,1,4,1,4,5,3.46,0,0,TRUE
Male,Loyal Customer,60,Business Travel,Business,369,5,5,5,5,3,5,4,3,3,3,3,3,3,3.85,0,0,TRUE
Male,Loyal Customer,43,Business Travel,Business,2484,4,4,4,4,2,5,4,4,4,4,4,4,5,4,0,0,TRUE
Female,Disloyal Customer,22,Business Travel,Eco,980,4,4,4,3,2,4,2,2,4,4,3,5,2,3.31,0,0,FALSE
Male,Loyal Customer,47,Business Travel,Business,1660,1,1,1,1,2,5,4,4,4,4,4,5,5,3.15,0,4,TRUE
Male,Loyal Customer,31,Business Travel,Business,3720,3,1,1,1,3,3,3,3,4,1,3,3,3,2.46,0,0,FALSE
Male,Loyal Customer,39,Business Travel,Business,986,5,5,1,5,4,4,4,3,3,3,3,4,4,3.69,0,17,TRUE
Female,Loyal Customer,19,Personal Travel,Eco,997,1,4,1,4,3,1,3,3,5,4,4,5,3,3.15,0,0,FALSE
Male,Loyal Customer,8,Personal Travel,Eco,483,3,1,3,3,2,3,2,2,3,4,2,2,2,2.46,16,7,FALSE
Male,Loyal Customer,23,Business Travel,Business,1562,2,2,3,2,4,4,4,4,3,2,4,3,4,3.15,3,47,TRUE
Male,Disloyal Customer,33,Business Travel,Eco,588,2,0,2,3,4,2,2,4,4,3,5,1,4,2.77,36,28,FALSE
Male,Disloyal Customer,42,Business Travel,Business,363,2,2,2,1,5,2,5,5,4,5,4,1,5,3.31,0,0,FALSE
Male,Loyal Customer,38,Personal Travel,Business,2327,2,4,2,3,3,5,5,3,3,2,3,3,4,3.23,1,0,FALSE
Female,Loyal Customer,58,Personal Travel,Eco,868,5,1,5,4,4,4,4,5,5,5,5,2,1,3.85,3,0,TRUE
Female,Loyal Customer,39,Personal Travel,Eco,1190,3,5,3,3,4,3,4,4,5,4,3,5,4,3.85,0,2,FALSE
Male,Loyal Customer,56,Business Travel,Business,605,1,1,1,1,2,2,1,1,1,1,1,4,2,1.46,0,0,FALSE
Male,Disloyal Customer,33,Business Travel,Eco,101,3,2,3,4,1,3,1,1,2,5,4,1,1,2.38,0,0,FALSE
Male,Loyal Customer,45,Business Travel,Business,679,4,4,4,4,4,4,5,5,5,5,5,3,3,4.23,2,0,TRUE
Male,Loyal Customer,32,Business Travel,Business,2053,5,5,5,5,4,4,4,4,5,2,5,3,4,4.23,41,31,TRUE
Female,Loyal Customer,21,Business Travel,Eco,272,0,5,0,4,5,0,3,5,5,5,5,3,5,3.46,0,1,TRUE
Female,Loyal Customer,58,Business Travel,Business,1325,1,0,0,3,1,4,3,5,5,0,5,4,1,2.46,3,11,FALSE
Male,Loyal Customer,12,Personal Travel,Eco,594,4,2,4,4,2,4,2,2,1,2,3,1,2,2.54,20,11,FALSE
Male,Loyal Customer,11,Business Travel,Business,758,2,5,5,5,2,2,2,2,4,5,3,3,2,3.23,0,0,FALSE
Female,Loyal Customer,29,Business Travel,Eco Plus,1107,2,5,2,5,2,2,2,2,4,4,3,4,2,3,10,0,FALSE
Male,Loyal Customer,59,Business Travel,Business,3965,1,1,2,1,2,5,3,4,4,4,4,2,1,2.62,0,0,TRUE
Female,Loyal Customer,50,Business Travel,Business,414,4,4,4,4,5,5,5,4,4,4,4,4,4,4.23,65,48,TRUE
Female,Loyal Customer,45,Business Travel,Business,3077,2,2,2,2,3,4,4,4,4,4,4,5,3,3.31,0,12,TRUE
Female,Disloyal Customer,24,Business Travel,Business,649,5,0,5,2,1,5,1,1,2,1,2,3,1,2.23,8,7,TRUE
Male,Loyal Customer,44,Business Travel,Eco,950,5,1,1,1,5,5,5,5,3,4,4,3,5,3.62,44,39,TRUE
Male,Disloyal Customer,36,Business Travel,Business,236,2,2,2,4,2,2,2,2,3,1,4,3,2,2.38,0,0,FALSE
Male,Disloyal Customer,42,Business Travel,Business,351,3,3,3,4,2,3,2,2,3,3,3,4,2,2.85,0,0,FALSE
Female,Loyal Customer,33,Business Travel,Business,1605,3,3,3,3,2,4,5,5,5,4,5,5,3,3.85,0,0,TRUE
Male,Loyal Customer,45,Business Travel,Eco,451,4,2,2,2,4,4,4,4,5,5,1,5,4,3.54,0,0,TRUE
Female,Loyal Customer,54,Business Travel,Business,2800,5,5,5,5,4,4,4,3,3,3,3,5,4,4.08,26,6,TRUE
Male,Loyal Customer,33,Business Travel,Business,3669,3,3,3,3,5,5,5,5,5,1,3,1,5,3.62,0,0,TRUE
Male,Disloyal Customer,28,Business Travel,Eco,495,3,0,3,3,2,3,2,2,3,2,4,1,2,2.31,0,8,FALSE
Female,Loyal Customer,60,Business Travel,Business,2133,3,3,3,3,2,3,5,4,4,4,4,3,4,3.46,1,3,TRUE
Male,Loyal Customer,17,Personal Travel,Eco Plus,140,2,3,2,2,3,2,3,3,2,4,3,1,3,2.54,123,124,FALSE
Male,Disloyal Customer,29,Business Travel,Business,762,5,5,5,5,4,5,4,4,5,5,5,4,4,4.62,0,0,TRUE
Female,Loyal Customer,45,Business Travel,Business,2296,3,3,3,3,2,2,2,5,5,5,5,2,2,3.23,0,4,TRUE
Male,Loyal Customer,27,Business Travel,Business,1117,2,4,4,4,2,2,2,2,1,1,3,2,2,2.38,49,19,FALSE
Female,Loyal Customer,31,Business Travel,Eco,106,3,1,1,1,3,2,3,3,1,2,2,3,3,2.15,0,4,FALSE
Female,Loyal Customer,37,Business Travel,Eco,419,3,4,3,3,3,3,3,3,1,2,4,4,3,3,9,12,FALSE
Female,Loyal Customer,38,Business Travel,Business,266,2,4,4,4,2,3,4,2,2,2,2,3,1,2.69,0,24,FALSE
Male,Loyal Customer,16,Personal Travel,Eco,837,2,5,2,5,1,2,1,1,5,2,4,4,1,2.69,1,14,FALSE
Female,Loyal Customer,60,Personal Travel,Eco Plus,419,2,3,2,5,3,5,3,1,1,2,1,3,2,2.54,0,0,FALSE
Female,Disloyal Customer,43,Business Travel,Eco,715,1,1,1,3,5,1,5,5,2,5,1,3,5,2.92,5,5,FALSE
Female,Loyal Customer,41,Business Travel,Business,888,3,3,3,3,4,5,4,4,4,4,4,5,4,3.85,6,0,TRUE
Male,Loyal Customer,41,Business Travel,Eco,283,3,3,3,3,3,3,3,3,3,3,3,2,3,2.92,0,0,FALSE
Male,Disloyal Customer,47,Business Travel,Business,864,4,4,4,2,3,4,3,3,3,2,4,5,3,3.38,0,0,TRUE
Male,Loyal Customer,49,Personal Travel,Eco,237,3,4,3,4,4,3,4,4,4,2,4,4,4,3.62,0,0,FALSE
Female,Loyal Customer,18,Business Travel,Business,308,2,1,1,1,2,2,2,2,2,5,4,3,2,2.23,0,0,FALSE
Male,Loyal Customer,52,Business Travel,Business,425,3,3,3,3,5,4,5,3,3,3,3,4,3,3.46,0,0,TRUE
Female,Loyal Customer,48,Business Travel,Business,3642,1,1,1,1,3,1,5,4,4,4,4,5,2,2.77,0,0,TRUE
Male,Disloyal Customer,23,Business Travel,Eco,237,2,3,2,4,4,2,4,4,4,2,3,4,4,3.23,24,29,FALSE
Male,Loyal Customer,42,Business Travel,Business,3003,3,3,3,3,5,3,4,5,5,5,3,5,4,3.92,29,14,TRUE
Female,Loyal Customer,42,Business Travel,Business,2367,3,3,3,3,3,3,5,4,4,4,4,3,3,3.46,26,3,TRUE
Male,Disloyal Customer,39,Business Travel,Eco,240,2,3,2,3,2,3,3,4,1,4,4,3,3,2.85,148,128,FALSE
Female,Loyal Customer,38,Personal Travel,Eco,950,2,5,2,3,3,2,3,3,4,5,3,4,3,3.23,0,0,FALSE
Female,Loyal Customer,42,Business Travel,Eco,866,3,4,4,4,1,3,4,3,3,3,3,4,1,3.08,32,26,FALSE
Male,Loyal Customer,43,Personal Travel,Eco,236,4,4,4,2,3,4,3,3,5,3,5,4,3,3.62,11,3,TRUE
Female,Loyal Customer,28,Personal Travel,Eco,447,1,3,1,5,3,1,3,3,1,1,4,1,3,2.31,23,16,FALSE
Female,Loyal Customer,59,Business Travel,Business,1546,4,3,3,3,4,3,3,4,4,4,4,1,1,3.15,0,0,FALSE
Female,Disloyal Customer,25,Business Travel,Eco,642,0,2,0,3,2,0,2,2,5,2,4,4,2,2.15,0,0,TRUE
Female,Loyal Customer,45,Business Travel,Business,1471,1,3,3,3,4,3,3,1,1,1,1,2,3,2.23,0,0,FALSE
Male,Disloyal Customer,26,Business Travel,Business,677,3,3,3,3,4,3,4,4,5,2,4,5,4,3.62,0,13,FALSE
Female,Loyal Customer,41,Business Travel,Eco,589,2,3,3,3,1,2,1,1,2,3,3,3,1,2.15,11,1,FALSE
Male,Loyal Customer,34,Business Travel,Business,2689,1,1,1,1,5,5,1,4,4,4,4,1,3,2.69,0,0,TRUE
Male,Loyal Customer,32,Business Travel,Business,577,2,1,1,1,2,2,2,2,4,2,4,3,2,2.15,0,7,FALSE
Male,Loyal Customer,56,Business Travel,Business,3226,0,4,1,4,5,5,5,1,1,1,1,4,4,2.77,38,41,TRUE
Male,Disloyal Customer,31,Business Travel,Eco,1042,1,1,1,1,4,1,4,4,5,5,2,5,4,2.92,6,0,FALSE
Female,Loyal Customer,51,Business Travel,Business,3886,0,0,0,3,5,4,5,5,5,5,5,3,5,3.46,9,0,TRUE
Male,Loyal Customer,26,Business Travel,Business,1609,5,5,3,5,5,5,5,5,3,4,4,3,5,4.38,34,5,TRUE
Female,Loyal Customer,57,Business Travel,Business,1846,5,5,4,5,5,5,4,5,5,5,5,5,4,4.77,32,48,TRUE
Male,Disloyal Customer,26,Business Travel,Business,1460,2,2,2,5,4,2,4,4,4,2,4,5,4,3.38,13,20,FALSE
Male,Loyal Customer,68,Personal Travel,Business,209,4,5,4,3,3,5,2,4,4,4,4,4,5,3.92,0,1,TRUE
Female,Disloyal Customer,30,Business Travel,Business,733,4,4,4,2,5,4,5,5,4,3,4,3,5,4,36,29,TRUE
Female,Loyal Customer,60,Business Travel,Business,2117,5,5,5,5,4,4,5,4,4,4,4,5,5,4.54,0,0,TRUE
Female,Loyal Customer,71,Business Travel,Business,3064,1,3,3,3,5,3,3,2,2,2,1,3,1,2.46,0,0,FALSE
Female,Loyal Customer,42,Business Travel,Eco,833,2,5,5,5,4,4,4,2,2,2,2,3,4,3.38,0,0,FALSE
Female,Disloyal Customer,60,Personal Travel,Eco,250,3,3,3,2,2,3,1,2,3,3,3,1,2,2.38,2,3,FALSE
Female,Loyal Customer,33,Business Travel,Business,3381,1,2,2,2,4,3,4,1,1,1,1,1,3,2,0,0,FALSE
Female,Loyal Customer,50,Business Travel,Business,366,2,2,2,2,2,5,4,5,5,5,5,3,4,3.54,0,0,TRUE
Male,Loyal Customer,40,Business Travel,Business,550,1,1,1,1,3,1,5,4,4,4,4,2,3,2.62,0,2,TRUE
Female,Loyal Customer,40,Business Travel,Business,3407,3,2,1,2,4,3,3,3,3,3,3,1,4,2.69,0,0,FALSE
Male,Loyal Customer,48,Personal Travel,Eco Plus,989,2,5,2,4,1,2,3,1,4,5,4,3,1,2.85,0,0,FALSE
Female,Loyal Customer,28,Business Travel,Business,2252,3,4,4,4,3,3,3,3,1,2,4,3,3,3.08,0,0,FALSE
Female,Loyal Customer,49,Personal Travel,Eco,541,3,5,3,3,3,5,4,3,3,3,3,3,5,3.54,0,0,FALSE
Female,Disloyal Customer,29,Business Travel,Eco Plus,507,4,4,4,3,3,4,3,3,5,4,2,2,3,3.38,0,0,FALSE
Female,Loyal Customer,27,Business Travel,Business,1947,3,3,3,3,3,2,3,3,4,2,3,4,3,3,3,0,TRUE
Male,Loyal Customer,44,Personal Travel,Eco,448,1,5,1,1,1,1,1,1,5,3,4,4,1,2.23,0,8,FALSE
Female,Loyal Customer,24,Personal Travel,Eco,888,2,5,2,5,4,2,4,4,2,2,5,5,4,3.54,29,30,FALSE
Female,Loyal Customer,52,Business Travel,Business,1509,3,3,3,3,3,5,4,4,4,4,4,4,5,3.77,0,0,TRUE
Male,Loyal Customer,33,Personal Travel,Eco,507,2,1,2,2,1,2,1,1,2,1,2,2,1,1.54,0,0,FALSE
Female,Loyal Customer,27,Business Travel,Business,1129,5,5,5,5,5,5,5,5,3,5,4,5,5,4.77,0,0,TRUE
Female,Loyal Customer,37,Business Travel,Business,2620,1,1,1,1,2,5,4,2,2,2,2,5,4,2.46,0,25,TRUE
Male,Loyal Customer,50,Business Travel,Eco,185,4,1,1,1,4,4,4,4,1,4,3,5,4,3.08,2,0,TRUE
Female,Loyal Customer,53,Personal Travel,Eco,693,3,4,3,5,2,4,5,5,5,3,5,4,3,3.92,46,70,FALSE
Male,Loyal Customer,66,Personal Travel,Eco,404,1,4,1,3,4,1,4,4,3,4,4,3,4,3.08,1,2,FALSE
Male,Loyal Customer,57,Business Travel,Eco,964,2,4,3,3,2,2,2,2,1,4,4,1,2,2.46,0,0,FALSE
Male,Disloyal Customer,17,Business Travel,Eco,935,2,1,1,4,4,2,4,4,5,3,5,4,4,3.31,2,0,TRUE
Male,Disloyal Customer,38,Business Travel,Eco,838,1,1,1,3,2,1,2,2,3,3,4,4,2,2.23,0,0,FALSE
Male,Loyal Customer,55,Business Travel,Business,337,3,3,3,3,5,4,4,3,3,4,3,4,4,3.54,3,5,TRUE
Female,Loyal Customer,55,Business Travel,Business,163,2,2,2,2,4,4,4,5,5,5,4,5,3,3.62,0,0,TRUE
Female,Loyal Customer,58,Business Travel,Business,3712,4,5,3,5,3,4,3,3,3,3,4,1,4,3.46,90,88,FALSE
Female,Loyal Customer,59,Personal Travel,Eco,1979,3,5,3,3,5,5,5,5,5,3,5,2,5,4.15,0,0,FALSE
Female,Loyal Customer,67,Personal Travel,Eco,950,2,1,2,4,1,2,4,3,3,2,3,3,3,2.54,0,0,FALSE
Female,Loyal Customer,54,Personal Travel,Eco,641,1,3,0,3,3,3,3,5,5,0,5,1,4,2.77,10,0,FALSE
Female,Loyal Customer,9,Personal Travel,Eco Plus,550,4,1,4,4,2,4,3,2,2,1,2,1,2,2.46,2,0,FALSE
Female,Disloyal Customer,21,Business Travel,Business,653,2,1,2,4,4,2,4,4,1,2,3,1,4,2.62,0,0,FALSE
Male,Loyal Customer,36,Business Travel,Business,533,2,1,1,1,1,2,1,2,2,2,2,1,2,1.54,0,0,FALSE
Male,Loyal Customer,41,Business Travel,Eco,2174,2,5,2,5,2,2,2,2,3,2,3,3,2,2.69,7,5,FALSE
Male,Loyal Customer,53,Personal Travel,Eco,143,2,4,2,3,5,2,5,5,4,2,4,5,5,3.69,0,0,FALSE
Male,Loyal Customer,49,Business Travel,Business,3663,3,3,3,3,4,4,5,5,5,5,5,5,4,4.15,0,0,TRUE
Male,Loyal Customer,28,Business Travel,Eco,216,2,5,5,5,2,2,2,2,4,5,3,1,2,3.08,0,0,FALSE
Male,Loyal Customer,56,Business Travel,Business,2120,1,3,1,1,2,5,4,5,5,5,5,4,5,3.54,0,0,TRUE
Female,Loyal Customer,60,Personal Travel,Eco Plus,405,2,3,3,1,1,2,3,5,5,3,5,4,2,3,0,0,FALSE
Female,Loyal Customer,29,Business Travel,Business,1780,2,1,5,1,2,2,2,2,1,4,4,3,2,2.38,0,0,FALSE
Female,Loyal Customer,42,Business Travel,Business,1740,4,4,4,4,2,5,5,2,2,2,2,5,4,3.46,0,0,TRUE
Male,Loyal Customer,54,Personal Travel,Eco,407,0,4,0,3,5,0,4,5,3,3,5,5,5,3.23,10,0,TRUE
Female,Loyal Customer,53,Personal Travel,Eco,746,3,5,3,4,5,5,4,5,5,3,5,4,3,4.15,0,9,FALSE
Male,Loyal Customer,28,Business Travel,Business,1969,4,4,3,4,5,5,5,5,5,3,4,5,5,4.38,0,0,TRUE
Female,Loyal Customer,60,Business Travel,Business,430,4,5,5,5,3,3,4,4,4,4,4,2,3,3.85,0,0,FALSE
Male,Loyal Customer,42,Personal Travel,Eco,584,2,5,2,4,3,2,4,3,5,5,5,3,3,3.54,12,38,FALSE
Female,Loyal Customer,35,Business Travel,Business,191,0,4,0,3,3,5,5,4,4,4,4,4,5,3.46,2,0,TRUE
Male,Loyal Customer,40,Business Travel,Eco,589,2,5,5,5,2,2,2,2,4,4,4,2,2,3.15,250,258,FALSE
Female,Loyal Customer,22,Business Travel,Eco Plus,481,4,2,2,2,4,4,4,4,3,2,3,3,4,3.15,0,0,TRUE
Female,Loyal Customer,23,Personal Travel,Eco,794,3,5,3,5,2,3,2,2,3,3,4,3,2,3.08,7,3,FALSE
Female,Loyal Customer,51,Personal Travel,Eco Plus,528,2,5,2,1,4,4,5,1,1,2,1,3,4,2.69,0,1,FALSE
Female,Loyal Customer,10,Personal Travel,Eco,447,3,4,3,2,3,3,1,3,3,3,5,4,3,3.08,2,0,FALSE
Male,Loyal Customer,43,Business Travel,Business,2927,2,3,3,3,5,4,3,2,2,2,2,4,2,2.85,33,27,FALSE
Male,Loyal Customer,55,Business Travel,Business,2542,5,3,5,5,2,5,5,4,4,4,4,5,5,4.31,0,8,TRUE
Female,Loyal Customer,51,Business Travel,Business,2294,3,3,3,3,3,4,5,5,5,5,5,5,5,4.15,0,0,TRUE
Male,Loyal Customer,25,Personal Travel,Eco Plus,321,4,5,4,3,4,4,5,4,3,2,4,1,4,3.62,82,70,FALSE
Female,Disloyal Customer,28,Business Travel,Eco Plus,472,0,0,0,1,3,0,3,3,3,3,4,2,3,1.92,0,0,TRUE
Female,Loyal Customer,44,Business Travel,Business,283,0,0,0,1,3,4,4,2,2,2,2,4,4,2.15,0,0,TRUE
Male,Disloyal Customer,26,Business Travel,Business,985,2,2,2,2,1,2,2,1,4,3,4,3,1,2.23,0,18,FALSE
Male,Loyal Customer,38,Business Travel,Business,2563,5,5,5,5,2,3,3,5,5,5,5,1,3,4,0,0,TRUE
Female,Loyal Customer,37,Personal Travel,Eco,862,1,5,1,1,4,1,1,4,4,3,4,4,4,2.85,0,0,FALSE
Male,Loyal Customer,49,Business Travel,Business,304,4,4,4,4,5,4,4,4,4,4,4,4,5,4.15,0,0,TRUE
Female,Loyal Customer,43,Business Travel,Business,508,5,5,5,5,4,5,4,4,4,4,4,4,5,4.46,7,7,TRUE
Male,Loyal Customer,21,Personal Travel,Eco,413,5,5,5,4,3,5,3,3,5,2,5,3,3,3.92,0,0,TRUE
Male,Loyal Customer,23,Personal Travel,Eco,964,3,4,3,3,5,3,5,5,2,4,3,1,5,3.54,13,9,FALSE
Male,Loyal Customer,33,Business Travel,Business,1598,4,1,4,4,3,4,3,3,4,3,4,4,3,3.38,0,0,TRUE
Male,Loyal Customer,69,Business Travel,Business,1576,2,3,3,3,3,2,2,2,2,2,2,2,4,2.46,0,0,FALSE
Male,Loyal Customer,46,Personal Travel,Eco,606,4,4,4,5,3,4,3,3,5,3,5,3,3,3.77,0,0,FALSE
Male,Loyal Customer,60,Business Travel,Business,3805,1,1,1,1,3,5,4,5,5,5,5,5,4,3.46,0,0,TRUE
Female,Loyal Customer,10,Personal Travel,Eco,315,3,5,3,2,4,3,4,4,5,2,5,4,4,3.69,0,0,FALSE
Male,Loyal Customer,38,Business Travel,Business,200,5,5,5,5,5,5,5,3,1,5,3,5,5,4.38,157,,TRUE
Female,Loyal Customer,7,Personal Travel,Eco,761,2,5,2,1,5,2,5,5,4,5,4,5,5,3.85,37,26,FALSE
Female,Loyal Customer,41,Business Travel,Eco,236,5,5,5,5,5,5,5,5,4,5,1,3,5,4.46,0,4,TRUE
Female,Loyal Customer,40,Business Travel,Business,2176,2,2,4,2,5,3,5,3,3,4,3,3,4,3.31,0,5,TRUE
Female,Loyal Customer,29,Business Travel,Business,2694,3,5,5,5,3,4,3,3,2,4,3,1,3,3.38,27,17,FALSE
Male,Loyal Customer,34,Personal Travel,Eco,628,2,4,2,1,3,2,3,3,4,5,5,3,3,3.08,0,0,FALSE
Female,Disloyal Customer,58,Business Travel,Eco,421,3,2,3,3,4,3,4,4,1,3,4,3,4,3.15,0,0,FALSE
Female,Loyal Customer,43,Business Travel,Business,2285,2,3,3,3,3,4,4,2,2,2,2,4,3,2.85,0,0,FALSE
Male,Loyal Customer,51,Business Travel,Business,3438,3,3,5,3,5,4,4,4,4,4,4,4,5,4,7,1,TRUE
Female,Loyal Customer,37,Business Travel,Business,1010,5,3,5,5,2,4,4,4,4,4,4,4,3,3.92,0,0,TRUE
Male,Loyal Customer,32,Business Travel,Business,333,4,4,4,4,4,4,4,4,2,4,4,3,4,3.77,0,0,FALSE
Female,Loyal Customer,61,Business Travel,Eco,228,5,2,2,2,1,2,5,5,5,5,5,3,1,3.31,0,0,TRUE
Male,Loyal Customer,49,Business Travel,Business,156,5,5,5,5,3,4,5,5,5,5,4,4,3,4.46,78,81,TRUE
Female,Loyal Customer,10,Personal Travel,Eco,366,2,5,2,1,3,2,3,3,2,5,2,5,3,2.92,1,0,FALSE
Female,Loyal Customer,45,Business Travel,Eco,391,4,3,3,3,4,1,4,4,4,4,4,4,5,3.62,1,0,TRUE
Male,Loyal Customer,36,Business Travel,Eco,273,2,5,5,5,2,1,2,2,2,5,3,4,2,3.08,20,26,FALSE
Female,Disloyal Customer,16,Business Travel,Eco,214,1,2,1,3,2,1,2,2,3,2,4,1,2,2,9,9,FALSE
Male,Loyal Customer,44,Business Travel,Business,978,1,1,1,1,5,5,5,4,4,4,4,4,5,3.38,0,0,TRUE
Female,Loyal Customer,55,Business Travel,Business,2039,5,5,5,5,3,5,5,5,5,5,5,3,5,4.69,0,6,TRUE
Female,Loyal Customer,59,Business Travel,Eco,261,5,1,3,1,2,4,1,5,5,5,5,5,4,3.54,0,0,TRUE
Male,Loyal Customer,8,Personal Travel,Eco,334,3,4,3,2,5,3,5,5,5,3,5,5,5,4.08,2,0,FALSE
Female,Disloyal Customer,44,Business Travel,Business,283,2,2,2,3,1,2,5,1,4,5,4,4,1,2.77,10,11,TRUE
Male,Loyal Customer,45,Business Travel,Business,3877,2,2,2,2,5,4,4,4,4,4,4,4,3,3.38,5,0,TRUE
Male,Loyal Customer,54,Business Travel,Business,1096,5,5,5,5,2,4,5,5,5,5,5,5,5,4.69,7,27,TRUE
Female,Loyal Customer,52,Business Travel,Business,2586,1,1,1,1,4,4,4,3,3,3,5,4,4,2.92,123,164,TRUE
Female,Loyal Customer,56,Personal Travel,Eco,427,1,1,1,3,1,2,3,1,1,1,1,3,4,1.77,14,22,FALSE
Male,Loyal Customer,66,Personal Travel,Eco,1565,4,3,4,4,2,4,2,2,2,2,3,3,2,2.85,0,2,FALSE
Female,Loyal Customer,43,Business Travel,Business,1355,4,4,4,4,5,5,5,3,3,4,3,3,5,4,20,0,TRUE
Male,Disloyal Customer,21,Business Travel,Business,888,5,3,5,1,3,3,3,3,3,4,5,5,3,3.54,70,91,TRUE
Female,Loyal Customer,19,Personal Travel,Eco,239,1,4,1,3,4,1,4,4,3,5,5,5,4,3.38,0,0,FALSE
Female,Loyal Customer,29,Personal Travel,Eco,1547,3,3,3,2,4,3,4,4,1,4,2,4,4,3.15,1,0,FALSE
Male,Loyal Customer,64,Personal Travel,Eco,1013,4,4,3,3,4,3,4,4,4,4,3,1,4,3.46,7,19,FALSE
Female,Disloyal Customer,29,Business Travel,Business,644,4,3,3,4,3,3,2,3,5,3,5,5,3,3.54,1,0,TRUE
Female,Loyal Customer,31,Business Travel,Business,2300,5,5,5,5,4,4,4,4,4,5,3,3,4,4.23,0,0,TRUE
Female,Loyal Customer,57,Business Travel,Eco,611,2,5,5,5,3,3,3,2,2,2,2,2,4,3.08,21,21,FALSE
Female,Loyal Customer,69,Personal Travel,Eco,643,3,4,3,4,3,5,4,3,3,3,3,3,5,3.54,0,0,FALSE
Male,Loyal Customer,66,Business Travel,Eco Plus,351,2,3,3,3,2,2,2,2,4,5,4,1,2,2.69,0,0,FALSE
Male,Loyal Customer,66,Business Travel,Business,1679,4,1,1,1,2,4,4,4,4,4,4,3,2,2.92,0,0,FALSE
Male,Loyal Customer,39,Business Travel,Business,3292,4,4,4,4,3,4,1,5,5,5,4,1,3,3.62,0,0,TRUE
Female,Loyal Customer,48,Business Travel,Business,3367,3,3,3,3,3,5,5,5,5,5,5,5,3,4.08,0,0,TRUE
Male,Loyal Customer,52,Business Travel,Business,3838,2,2,2,2,3,4,4,4,4,4,4,3,4,3.23,76,82,TRUE
Female,Disloyal Customer,20,Business Travel,Eco,692,5,5,5,2,5,4,5,5,4,2,4,4,5,4.23,18,16,TRUE
Male,Loyal Customer,48,Business Travel,Business,3369,1,1,1,1,3,4,5,4,4,4,4,5,2,3,0,0,TRUE
Male,Disloyal Customer,72,Business Travel,Business,227,4,4,4,2,3,4,3,3,4,2,4,3,3,3.31,0,0,FALSE
Female,Loyal Customer,65,Personal Travel,Eco,1192,4,2,4,3,2,2,2,2,2,4,2,1,1,2.38,4,0,TRUE
Female,Loyal Customer,10,Personal Travel,Eco,1379,3,3,3,1,5,3,5,5,3,5,5,5,5,3.92,25,0,FALSE
Male,Loyal Customer,54,Personal Travel,Eco,377,5,5,5,2,2,5,2,2,3,2,5,4,2,3.38,108,120,TRUE
Male,Loyal Customer,52,Business Travel,Business,210,4,4,4,4,4,4,4,4,4,4,5,4,3,4,0,0,TRUE
Male,Loyal Customer,57,Business Travel,Business,3912,1,1,5,1,5,5,4,5,5,4,5,3,5,3.77,0,0,TRUE
Male,Loyal Customer,24,Personal Travel,Eco Plus,192,3,4,0,3,5,0,5,5,5,2,5,3,5,3.46,30,12,FALSE
Male,Loyal Customer,41,Personal Travel,Eco Plus,515,2,1,2,3,2,4,4,3,3,3,3,4,4,2.92,190,182,FALSE
Male,Loyal Customer,60,Personal Travel,Eco Plus,1620,1,4,1,2,5,1,5,5,5,5,3,4,5,3.54,0,0,FALSE
Male,Loyal Customer,30,Personal Travel,Eco,214,2,0,2,3,2,2,2,2,5,3,5,3,2,2.54,21,25,FALSE
Male,Loyal Customer,33,Business Travel,Business,1558,3,3,3,3,3,3,3,3,4,4,4,4,3,3.31,17,28,FALSE
Female,Disloyal Customer,22,Business Travel,Business,372,5,0,5,2,1,5,1,1,3,3,4,4,1,2.69,0,0,TRUE
Female,Loyal Customer,40,Personal Travel,Eco,719,3,4,3,1,1,3,1,1,3,5,5,5,1,2.77,12,0,FALSE
Female,Loyal Customer,77,Business Travel,Business,387,3,5,5,5,3,4,3,3,3,3,3,2,1,3.31,0,2,FALSE
Female,Disloyal Customer,19,Business Travel,Eco,689,2,2,2,3,5,2,5,5,1,1,3,2,5,2.92,0,0,FALSE
Male,Loyal Customer,47,Business Travel,Business,2931,3,3,3,3,2,5,4,4,4,4,4,4,4,3.62,20,12,TRUE
Female,Disloyal Customer,27,Business Travel,Business,762,3,3,3,1,3,3,3,3,5,5,4,5,3,3.38,0,0,FALSE
Female,Loyal Customer,35,Business Travel,Business,2225,1,4,4,4,3,3,4,1,1,1,1,4,3,2.62,0,0,FALSE
Male,Loyal Customer,7,Personal Travel,Eco Plus,482,1,5,1,4,2,1,1,2,1,4,2,4,2,2.31,0,0,FALSE
Female,Loyal Customer,65,Business Travel,Business,3772,4,4,4,4,2,4,5,4,4,4,4,4,3,3.85,15,10,TRUE
Female,Loyal Customer,28,Business Travel,Business,3357,3,5,5,5,3,3,3,3,4,5,3,4,3,3.77,4,0,FALSE
Male,Loyal Customer,58,Business Travel,Business,2782,1,1,1,1,3,5,5,4,4,4,4,5,3,3.15,0,0,TRUE
Female,Loyal Customer,59,Personal Travel,Eco,288,3,4,3,2,3,5,5,5,5,3,1,4,4,3.62,27,20,FALSE
Male,Loyal Customer,28,Business Travel,Eco,946,2,5,5,5,2,2,2,2,3,3,4,4,2,3.15,0,13,FALSE
Male,Loyal Customer,30,Business Travel,Business,1337,5,5,5,5,3,4,3,3,5,4,5,4,3,4.15,0,0,TRUE
Male,Loyal Customer,28,Personal Travel,Eco,1145,2,5,2,1,4,2,4,4,5,3,4,5,4,3.46,0,3,FALSE
Male,Loyal Customer,23,Business Travel,Eco,404,4,4,4,4,4,4,5,4,1,4,2,2,4,3.54,11,16,TRUE
Female,Loyal Customer,51,Business Travel,Business,1303,4,4,4,4,4,4,5,4,4,4,4,5,5,4.23,1,0,TRUE
Male,Disloyal Customer,20,Business Travel,Eco,991,1,1,1,1,5,1,5,5,5,1,5,1,5,2.85,0,9,FALSE
Female,Disloyal Customer,24,Business Travel,Eco,1047,5,0,0,1,4,0,4,4,4,2,4,4,4,2.77,0,0,TRUE
Female,Loyal Customer,16,Personal Travel,Eco Plus,337,3,2,3,4,1,3,1,1,2,3,3,3,1,2.31,0,0,FALSE
Male,Loyal Customer,42,Business Travel,Business,1982,2,2,2,2,2,5,4,5,5,5,5,4,4,3.62,60,56,TRUE
Male,Loyal Customer,48,Business Travel,Business,1695,3,3,3,3,2,5,4,3,3,3,3,4,4,3.31,76,86,TRUE
Female,Loyal Customer,43,Business Travel,Business,3141,3,3,3,3,4,4,5,4,4,4,4,5,4,3.85,0,0,TRUE
Male,Disloyal Customer,23,Business Travel,Eco,337,3,2,4,3,5,4,5,5,2,4,2,3,5,3.62,47,31,FALSE
Female,Loyal Customer,68,Personal Travel,Eco,628,3,5,3,4,5,5,5,3,3,3,3,4,3,3.77,21,26,FALSE
Female,Loyal Customer,64,Personal Travel,Eco,632,2,5,2,5,5,4,4,1,1,2,1,4,4,3.08,0,0,FALSE
Female,Loyal Customer,49,Business Travel,Business,2045,5,5,5,5,5,5,4,4,4,4,4,3,5,4.46,0,0,TRUE
Male,Loyal Customer,50,Business Travel,Business,368,3,2,2,2,5,3,4,3,3,3,3,1,3,2.85,0,2,FALSE
Male,Loyal Customer,46,Business Travel,Business,1648,0,0,0,2,3,5,5,4,4,4,4,3,5,3,21,18,TRUE
Female,Loyal Customer,24,Personal Travel,Eco,190,4,5,0,1,2,0,5,2,3,4,4,4,2,2.77,0,0,TRUE
Female,Loyal Customer,23,Business Travel,Eco Plus,488,4,5,5,5,4,5,4,4,5,4,1,5,4,4.23,0,62,TRUE
Male,Loyal Customer,36,Business Travel,Business,3147,5,5,5,5,4,5,3,5,5,5,5,4,1,4.38,0,0,TRUE
Male,Loyal Customer,40,Business Travel,Business,373,5,5,5,5,3,2,3,5,5,4,5,1,1,3.77,0,24,TRUE
Female,Loyal Customer,48,Business Travel,Business,632,2,2,2,2,5,4,4,3,3,4,3,4,3,3.15,0,0,TRUE
Male,Loyal Customer,47,Business Travel,Eco Plus,577,5,2,2,2,5,5,5,5,5,1,3,2,5,3.62,0,0,TRUE
Male,Loyal Customer,17,Personal Travel,Eco,957,4,4,4,1,5,4,5,5,3,3,4,4,5,3.92,0,0,FALSE
Male,Loyal Customer,56,Business Travel,Business,1652,4,4,4,4,5,3,4,5,5,5,5,4,4,4.31,0,0,TRUE
Male,Loyal Customer,29,Personal Travel,Eco,481,3,2,3,4,5,3,4,5,4,2,3,1,5,3.38,0,13,FALSE
Female,Loyal Customer,56,Personal Travel,Eco Plus,2182,3,3,3,2,2,3,3,1,1,3,1,1,3,2.23,39,45,FALSE
Female,Loyal Customer,28,Personal Travel,Eco,120,4,5,0,4,2,0,2,2,1,4,4,2,2,2.46,0,1,TRUE
Female,Disloyal Customer,27,Business Travel,Eco,151,3,2,2,2,3,2,3,3,2,5,3,1,3,2.62,0,0,FALSE
Male,Loyal Customer,40,Business Travel,Business,1608,4,2,2,2,2,4,4,4,4,4,4,3,4,3.31,0,0,FALSE
Male,Loyal Customer,45,Personal Travel,Eco,147,4,3,0,2,3,0,3,3,4,1,2,3,3,2.38,57,45,FALSE
Female,Loyal Customer,56,Business Travel,Eco,840,2,4,4,4,5,3,4,2,2,2,2,4,2,3.08,0,0,FALSE
Male,Loyal Customer,20,Personal Travel,Eco,323,2,2,2,3,3,2,3,3,2,1,3,4,3,2.54,0,0,FALSE
Female,Loyal Customer,35,Business Travel,Business,481,4,4,4,4,1,5,5,5,5,5,5,1,2,3.85,0,0,TRUE
Female,Loyal Customer,51,Personal Travel,Eco Plus,306,2,4,2,2,5,5,4,1,1,2,4,4,4,3.08,0,0,FALSE
Female,Loyal Customer,17,Personal Travel,Eco,491,1,3,1,3,1,1,1,1,4,2,4,5,1,2.15,0,0,FALSE
Male,Loyal Customer,42,Business Travel,Business,4502,5,5,5,5,2,2,2,4,4,4,5,2,2,3.62,4,4,TRUE
Female,Loyal Customer,45,Personal Travel,Business,446,4,4,4,4,3,4,4,1,1,4,1,5,5,3.38,20,30,FALSE
Male,Disloyal Customer,65,Business Travel,Business,307,1,1,1,3,5,1,2,5,4,5,5,5,5,3.31,26,18,FALSE
Female,Loyal Customer,7,Personal Travel,Eco,666,3,5,3,2,5,3,5,5,3,3,2,5,5,3.77,18,23,FALSE
Male,Loyal Customer,20,Personal Travel,Eco,1139,3,1,4,3,3,4,5,3,4,4,2,1,3,3.08,9,7,FALSE
Male,Disloyal Customer,24,Business Travel,Eco,301,4,0,4,3,1,4,1,1,5,2,5,5,1,2.77,0,0,TRUE
Male,Disloyal Customer,36,Business Travel,Business,446,4,4,4,1,5,4,5,5,3,2,5,5,5,4,19,13,FALSE
Female,Loyal Customer,67,Personal Travel,Eco,1235,5,0,5,1,2,4,5,4,4,5,4,5,4,3.69,4,0,TRUE
Female,Loyal Customer,34,Business Travel,Eco,207,5,3,3,3,5,5,5,5,3,5,1,1,5,3.77,0,0,TRUE
Male,Loyal Customer,43,Business Travel,Business,160,4,2,4,4,2,3,4,4,4,4,5,2,1,3.31,0,0,TRUE
Male,Loyal Customer,13,Personal Travel,Eco Plus,577,1,4,0,2,2,0,2,2,5,4,5,4,2,2.54,2,10,FALSE
Female,Loyal Customer,31,Personal Travel,Eco,860,3,4,3,3,3,3,3,3,3,4,4,3,3,3.23,0,0,FALSE
Female,Loyal Customer,43,Business Travel,Business,645,5,5,5,5,5,5,5,4,4,4,4,3,5,4.54,0,0,TRUE
Male,Loyal Customer,65,Personal Travel,Eco,862,3,4,3,1,2,3,2,2,3,4,4,4,2,2.85,0,0,FALSE
Female,Disloyal Customer,38,Business Travel,Business,1134,5,5,5,3,5,3,3,3,5,4,5,3,3,4,65,81,TRUE
Male,Loyal Customer,53,Business Travel,Business,441,1,1,5,1,4,5,4,5,5,4,5,3,3,3.54,0,0,TRUE
Female,Loyal Customer,39,Business Travel,Business,3040,3,3,4,3,3,4,5,4,4,4,4,3,5,3.77,2,14,TRUE
Female,Loyal Customer,34,Business Travel,Eco,1076,4,3,1,1,4,5,4,4,3,4,2,1,4,3.08,0,0,TRUE
Male,Loyal Customer,42,Business Travel,Business,949,3,3,3,3,3,5,4,4,4,4,4,3,5,3.69,0,0,TRUE
Female,Loyal Customer,46,Business Travel,Business,1085,5,5,5,5,4,4,5,4,4,4,4,5,4,4.46,6,1,TRUE
Male,Loyal Customer,47,Business Travel,Business,1919,3,3,3,3,5,5,4,5,5,5,5,3,5,4.15,3,5,TRUE
Male,Loyal Customer,55,Business Travel,Business,3154,5,1,5,5,3,4,4,2,2,2,2,3,3,3.15,0,12,TRUE
Female,Loyal Customer,31,Business Travel,Business,1197,3,4,4,4,3,3,3,3,1,5,3,3,3,3.23,0,0,FALSE
Male,Loyal Customer,35,Business Travel,Eco,2640,4,2,2,2,4,4,4,4,5,4,4,1,4,3.38,0,0,TRUE
Male,Loyal Customer,21,Personal Travel,Eco,1739,4,5,4,4,5,4,5,5,4,4,4,4,5,4.38,0,0,FALSE
Male,Loyal Customer,12,Personal Travel,Eco,2556,3,5,3,3,1,3,1,1,4,3,4,4,1,2.77,0,0,FALSE
Female,Loyal Customer,24,Business Travel,Eco,368,3,5,5,5,3,3,2,3,2,5,4,4,3,3.62,0,0,FALSE
Male,Disloyal Customer,75,Business Travel,Eco,850,3,3,3,4,5,3,5,5,1,2,3,3,5,3.46,0,0,FALSE
Male,Loyal Customer,44,Personal Travel,Eco,265,3,1,3,2,4,3,4,4,1,1,1,1,4,2.46,0,0,FALSE
Female,Loyal Customer,10,Personal Travel,Eco,950,0,2,0,4,3,0,3,3,1,3,4,4,3,2.31,0,0,TRUE
Female,Loyal Customer,45,Business Travel,Eco,1041,3,3,3,3,2,4,4,3,3,3,3,3,4,3.15,0,14,FALSE
Male,Loyal Customer,45,Business Travel,Business,2306,4,4,4,4,4,1,1,5,5,5,5,3,4,3.77,0,0,TRUE
Male,Disloyal Customer,26,Business Travel,Eco,151,1,0,1,3,3,1,3,3,3,4,1,4,3,2.31,0,0,FALSE
Male,Disloyal Customer,20,Business Travel,Eco,304,4,3,4,5,4,4,4,4,3,2,5,5,4,3.92,0,0,TRUE
Female,Disloyal Customer,22,Business Travel,Eco,404,2,2,2,4,5,2,5,5,2,5,3,1,5,3.31,11,10,FALSE
Male,Loyal Customer,39,Business Travel,Business,447,2,1,3,3,1,3,3,2,2,2,2,2,1,2.08,40,43,FALSE
Male,Loyal Customer,64,Business Travel,Business,202,3,1,1,1,4,4,3,2,2,1,3,2,2,2.23,5,10,FALSE
Female,Disloyal Customer,21,Business Travel,Eco,936,2,1,1,3,2,1,4,2,3,5,3,3,2,2.46,0,2,FALSE
Male,Loyal Customer,38,Business Travel,Business,2873,2,4,4,4,4,4,3,2,2,2,2,1,2,2.77,35,21,FALSE
Male,Loyal Customer,32,Personal Travel,Eco,2182,5,4,5,4,2,5,2,2,3,3,4,1,2,3.23,0,0,TRUE
Female,Disloyal Customer,13,Business Travel,Eco,1086,2,2,2,3,3,2,3,3,1,1,5,2,3,2.46,0,2,FALSE
Female,Disloyal Customer,23,Business Travel,Eco,125,3,0,2,1,3,2,3,3,4,4,5,5,3,2.92,0,0,FALSE
Male,Loyal Customer,52,Business Travel,Business,253,2,2,2,2,5,5,1,5,5,5,5,3,4,3.54,0,5,TRUE
Female,Loyal Customer,62,Personal Travel,Eco,1020,4,2,5,3,3,1,2,5,5,5,5,4,1,3.46,4,0,TRUE
Male,Loyal Customer,62,Personal Travel,Eco,692,3,5,3,2,5,3,5,5,4,4,5,3,5,4,13,0,FALSE
Male,Loyal Customer,31,Personal Travel,Eco,987,3,1,2,3,5,2,5,5,3,4,3,2,5,3.31,0,9,FALSE
Male,Loyal Customer,44,Business Travel,Business,2157,1,1,1,1,3,1,2,5,5,5,5,5,3,2.92,77,77,TRUE
Female,Loyal Customer,27,Personal Travel,Eco,268,3,1,3,3,4,3,4,4,2,1,3,2,4,2.85,8,10,FALSE
Male,Loyal Customer,19,Business Travel,Business,3452,3,3,3,3,5,5,5,5,3,2,4,5,5,3.92,1,3,TRUE
Female,Disloyal Customer,20,Business Travel,Eco,861,1,1,1,3,4,1,4,4,4,5,3,1,4,2.77,36,51,FALSE
Male,Loyal Customer,13,Personal Travel,Eco,1504,1,3,1,5,5,1,5,5,3,3,1,1,5,3,0,0,FALSE
Female,Loyal Customer,39,Business Travel,Business,328,0,0,0,1,4,3,1,1,1,1,1,3,1,1.31,4,8,TRUE
Female,Loyal Customer,53,Personal Travel,Eco,101,0,5,0,4,2,4,4,3,3,0,3,4,4,2.77,0,0,TRUE
Female,Loyal Customer,61,Business Travel,Business,396,4,4,4,4,3,4,5,4,4,4,4,5,4,4.08,13,2,TRUE
Male,Loyal Customer,63,Business Travel,Business,200,3,2,2,2,3,4,3,3,3,3,3,4,4,3,0,0,FALSE
Female,Disloyal Customer,46,Business Travel,Business,1084,3,3,3,4,4,3,4,4,5,2,5,3,4,3.62,6,26,FALSE
Male,Loyal Customer,34,Personal Travel,Eco,1558,1,5,2,4,5,2,5,5,4,2,4,5,5,3.77,6,0,FALSE
Male,Loyal Customer,44,Business Travel,Eco,992,4,4,4,4,5,4,5,5,3,1,4,1,5,3.77,0,24,FALSE
Female,Loyal Customer,64,Personal Travel,Eco,331,2,4,2,1,1,1,1,4,4,2,4,1,5,2.46,1,2,FALSE
Female,Loyal Customer,59,Business Travel,Business,231,5,5,5,5,2,1,1,4,4,4,4,3,5,3.69,0,0,TRUE
Female,Loyal Customer,69,Personal Travel,Eco,700,1,2,1,2,4,3,2,2,2,1,2,3,1,2,0,0,FALSE
Male,Disloyal Customer,47,Business Travel,Eco,906,3,3,3,4,1,3,3,1,5,2,5,2,1,2.77,13,0,FALSE
Female,Loyal Customer,19,Personal Travel,Eco,1123,1,4,1,1,4,1,4,4,4,2,5,3,4,2.92,0,9,FALSE
Female,Loyal Customer,52,Business Travel,Business,2708,1,1,1,1,2,5,5,4,4,4,4,4,5,3.15,0,0,TRUE
Female,Disloyal Customer,11,Business Travel,Eco,1108,5,5,5,3,2,5,2,2,5,2,3,5,2,3.54,0,0,TRUE
Female,Loyal Customer,45,Business Travel,Business,302,0,0,0,3,4,4,5,4,4,4,4,4,4,3.08,5,0,TRUE
Male,Loyal Customer,52,Personal Travel,Eco,2677,2,5,2,5,2,2,2,4,4,3,1,2,2,2.77,0,21,FALSE
Female,Loyal Customer,57,Business Travel,Eco Plus,516,5,5,2,5,5,5,1,4,4,5,4,3,2,3.85,0,0,TRUE
Female,Loyal Customer,23,Business Travel,Business,2814,3,3,3,3,3,3,3,3,1,4,3,1,3,2.77,0,0,FALSE
Female,Loyal Customer,16,Business Travel,Business,1379,3,3,3,3,4,4,4,4,3,3,4,3,4,3.46,13,0,TRUE
Female,Loyal Customer,12,Personal Travel,Eco,1222,1,3,1,2,1,1,1,1,3,5,2,1,1,1.77,71,52,FALSE
Female,Loyal Customer,35,Business Travel,Business,2860,2,2,2,2,4,4,5,5,5,5,5,5,3,3.77,0,0,TRUE
Female,Disloyal Customer,29,Business Travel,Business,859,3,2,2,3,5,2,5,5,3,4,4,3,5,3.54,0,0,FALSE
Female,Loyal Customer,39,Business Travel,Business,208,2,2,2,2,4,4,2,5,5,5,5,2,1,3.15,2,23,TRUE
Female,Loyal Customer,59,Business Travel,Business,2417,2,2,2,2,3,4,4,5,5,5,5,3,5,3.62,2,8,TRUE
Female,Loyal Customer,55,Business Travel,Business,1450,5,5,5,5,5,5,5,4,4,4,4,3,4,4.46,0,1,TRUE
Male,Loyal Customer,38,Business Travel,Business,312,2,3,3,3,5,2,3,2,2,2,2,2,1,2.46,0,0,FALSE
Male,Loyal Customer,8,Personal Travel,Business,395,2,5,2,4,5,2,5,5,5,4,5,4,5,4.08,2,0,FALSE
Male,Disloyal Customer,39,Business Travel,Business,372,3,3,3,3,3,3,3,3,4,3,5,3,3,3.23,26,21,TRUE
Female,Loyal Customer,62,Personal Travel,Eco,507,2,4,2,5,4,5,4,1,1,2,1,4,5,3.08,0,0,FALSE
Male,Loyal Customer,17,Personal Travel,Eco,1390,3,1,3,3,5,3,5,5,1,1,3,4,5,3.23,4,0,FALSE
Male,Loyal Customer,47,Business Travel,Business,581,3,3,3,3,5,3,1,5,5,5,5,1,5,3.62,0,0,TRUE
Female,Disloyal Customer,29,Business Travel,Business,776,2,2,2,4,1,2,1,1,2,4,4,4,1,2.31,35,45,FALSE
Male,Loyal Customer,33,Business Travel,Business,1713,5,5,5,5,5,5,5,5,3,2,4,5,5,4.54,0,0,TRUE
Male,Loyal Customer,35,Business Travel,Business,301,5,5,5,5,1,3,1,4,4,4,4,4,1,3.54,7,0,TRUE
Male,Loyal Customer,29,Business Travel,Business,1142,3,3,3,3,2,2,2,2,4,5,4,5,2,3.08,19,9,TRUE
Female,Loyal Customer,35,Personal Travel,Eco,1464,2,4,2,3,2,2,2,2,5,5,5,5,2,3.15,41,24,FALSE
Female,Loyal Customer,66,Personal Travel,Eco,261,2,4,0,3,4,3,3,5,5,0,5,1,2,2.85,0,0,FALSE
Female,Loyal Customer,39,Business Travel,Eco,551,4,4,4,4,4,4,4,4,5,2,2,2,4,3.62,0,0,TRUE
Female,Loyal Customer,20,Personal Travel,Eco,102,4,3,4,1,3,4,3,3,1,3,5,5,3,3.23,3,0,FALSE
Female,Disloyal Customer,29,Business Travel,Eco,1471,1,1,1,4,4,1,4,4,2,2,4,1,4,2.54,0,0,FALSE
Male,Loyal Customer,25,Business Travel,Business,1963,2,1,1,1,2,2,2,2,2,1,4,4,2,2,0,0,FALSE
Female,Loyal Customer,41,Business Travel,Business,2986,3,3,3,3,3,4,4,3,3,3,3,4,3,3.23,16,9,TRUE
Male,Loyal Customer,11,Personal Travel,Eco,333,1,5,1,5,2,1,2,2,5,5,4,4,2,3,0,0,FALSE
Female,Loyal Customer,32,Business Travel,Business,2685,4,1,4,4,5,5,5,5,1,4,4,1,5,3.69,34,26,TRUE
Male,Loyal Customer,58,Personal Travel,Eco,235,2,5,2,2,2,4,4,4,4,5,5,4,4,3.62,273,259,FALSE
Male,Disloyal Customer,27,Business Travel,Business,224,3,3,3,4,3,3,3,3,1,4,3,2,3,2.92,0,0,FALSE
Female,Disloyal Customer,34,Business Travel,Eco,401,2,0,1,4,5,1,5,5,4,2,4,4,5,3.23,116,105,FALSE
Female,Loyal Customer,40,Personal Travel,Eco Plus,2585,3,4,3,4,5,3,5,5,4,2,5,3,5,3.92,0,0,FALSE
Female,Loyal Customer,37,Business Travel,Business,3864,1,1,5,1,3,1,4,5,5,5,5,4,1,3.15,5,13,TRUE
Male,Loyal Customer,61,Business Travel,Eco Plus,1040,2,5,5,5,2,2,2,2,5,4,2,3,2,3.15,0,0,TRUE
Female,Loyal Customer,28,Business Travel,Business,2744,1,1,1,1,4,4,4,4,3,2,4,5,4,2.92,0,0,TRUE
Female,Loyal Customer,31,Business Travel,Eco,106,4,2,2,2,4,4,4,4,1,3,4,2,4,3.08,15,14,TRUE
Male,Loyal Customer,40,Business Travel,Business,1014,1,1,2,1,3,4,4,4,4,4,4,4,4,3.08,21,14,TRUE
Male,Loyal Customer,58,Business Travel,Eco,250,4,4,4,4,4,4,4,4,1,1,3,3,4,3.38,0,0,FALSE
Male,Loyal Customer,25,Personal Travel,Eco,1075,5,4,4,3,3,4,2,3,5,2,5,5,3,3.69,0,0,TRUE
Female,Loyal Customer,55,Business Travel,Business,295,0,0,0,3,5,4,4,1,1,1,1,4,5,2.23,10,15,TRUE
Female,Loyal Customer,22,Personal Travel,Eco,783,2,4,2,4,3,2,3,3,4,4,5,3,3,3.23,1,0,FALSE
Male,Loyal Customer,7,Personal Travel,Eco Plus,402,3,5,3,2,3,3,3,3,4,5,5,3,3,3.46,0,0,FALSE
Female,Loyal Customer,61,Business Travel,Eco,335,4,2,2,2,5,2,2,4,4,4,4,3,4,3.23,20,0,TRUE
Female,Loyal Customer,46,Business Travel,Eco,190,2,5,5,5,2,2,2,1,5,3,3,2,2,3,122,143,FALSE
Female,Loyal Customer,53,Business Travel,Business,501,2,4,4,4,4,4,4,2,2,2,2,2,1,2.85,0,1,FALSE
Male,Disloyal Customer,10,Business Travel,Business,985,4,4,4,4,4,4,4,4,3,4,5,3,4,3.92,0,0,TRUE
Female,Loyal Customer,31,Business Travel,Business,481,2,2,2,2,5,5,5,5,4,2,5,3,5,3.62,0,14,TRUE
Male,Loyal Customer,25,Business Travel,Business,1892,2,2,2,2,2,2,2,2,1,5,3,3,2,2.31,0,0,FALSE
Male,Loyal Customer,38,Business Travel,Business,1997,4,4,4,4,2,2,5,4,4,4,4,2,5,3.69,12,0,TRUE
Male,Loyal Customer,47,Personal Travel,Eco,2704,3,5,3,3,4,3,4,4,4,1,3,1,4,3.23,0,0,FALSE
Male,Loyal Customer,55,Business Travel,Eco,1061,3,1,1,1,3,3,3,3,1,1,4,2,3,2.23,0,2,FALSE
Female,Disloyal Customer,37,Business Travel,Eco Plus,311,3,3,3,5,1,3,5,1,4,5,2,3,1,3,0,0,FALSE
Male,Loyal Customer,35,Personal Travel,Eco Plus,666,2,5,2,3,4,2,4,4,4,5,2,1,4,3.23,14,7,FALSE
Female,Loyal Customer,54,Business Travel,Business,3425,1,5,1,1,1,3,4,5,5,5,5,4,3,3.31,0,0,TRUE
Male,Loyal Customer,55,Business Travel,Eco,500,4,2,2,2,4,4,4,4,3,4,4,1,4,3.23,8,6,FALSE
Female,Disloyal Customer,21,Business Travel,Eco,1009,2,2,2,1,2,2,2,2,1,1,4,1,2,1.85,0,0,FALSE
Male,Loyal Customer,41,Business Travel,Business,1838,2,2,1,2,2,4,4,4,4,4,4,3,5,3.15,10,1,TRUE
Female,Disloyal Customer,18,Business Travel,Eco,1076,2,2,2,1,5,2,5,5,2,5,1,4,5,3.15,0,0,FALSE
Male,Loyal Customer,41,Personal Travel,Eco,67,2,2,2,2,2,3,3,3,5,1,2,3,3,2.54,314,352,FALSE
Male,Loyal Customer,57,Personal Travel,Business,313,2,5,2,1,4,4,5,5,5,2,5,3,4,3.62,5,0,FALSE
Male,Loyal Customer,55,Personal Travel,Eco,925,2,4,2,3,2,2,2,2,5,3,4,5,2,2.92,10,13,FALSE
Female,Loyal Customer,43,Business Travel,Business,838,4,4,4,4,3,5,5,4,4,4,4,3,4,4,0,8,TRUE
Female,Loyal Customer,47,Business Travel,Business,236,1,1,3,1,3,5,4,4,4,4,4,3,3,3.08,47,45,TRUE
Female,Disloyal Customer,36,Business Travel,Business,1303,4,4,4,5,5,4,5,5,4,3,4,3,5,4.23,0,0,FALSE
Male,Loyal Customer,9,Business Travel,Business,913,1,1,1,1,3,3,3,3,4,3,3,2,3,2.38,0,0,TRUE
Male,Loyal Customer,56,Business Travel,Business,190,0,5,1,3,1,1,1,4,4,4,4,1,2,2.38,0,0,TRUE
Male,Disloyal Customer,30,Business Travel,Business,738,5,5,5,3,5,5,5,5,4,5,4,5,5,4.69,0,0,TRUE
Female,Loyal Customer,59,Business Travel,Business,1938,3,3,3,3,2,5,5,4,4,4,4,5,4,3.77,5,0,TRUE
Male,Loyal Customer,16,Personal Travel,Eco,1660,3,4,3,1,4,3,4,4,3,3,5,4,4,3.46,0,3,FALSE
Male,Loyal Customer,19,Personal Travel,Eco,373,3,1,3,4,5,3,2,5,2,4,4,1,5,3.23,0,0,FALSE
Female,Loyal Customer,31,Business Travel,Business,2369,5,5,5,5,5,5,3,5,1,5,5,2,5,4.31,9,9,TRUE
Female,Loyal Customer,33,Business Travel,Eco,262,5,3,3,3,5,5,5,5,3,5,3,5,5,4.23,0,0,TRUE
Female,Loyal Customer,41,Business Travel,Business,3660,3,3,3,3,5,4,5,5,5,5,5,3,4,4.08,0,0,TRUE
Female,Loyal Customer,56,Business Travel,Business,2732,1,1,1,1,3,5,2,4,4,4,5,2,2,2.69,0,0,TRUE
Female,Loyal Customer,31,Business Travel,Business,3364,2,2,2,2,2,2,2,2,2,5,3,4,2,2.46,0,0,FALSE
Female,Loyal Customer,44,Personal Travel,Eco,711,1,3,0,3,4,4,4,2,2,0,2,4,4,2.54,30,35,FALSE
Female,Loyal Customer,61,Business Travel,Business,2169,3,3,3,3,1,2,1,5,5,5,5,5,4,3.46,0,0,TRUE
Female,Loyal Customer,32,Business Travel,Eco Plus,3784,1,1,2,1,1,1,1,3,3,3,2,1,1,1.62,4,54,FALSE
Female,Loyal Customer,49,Business Travel,Business,581,3,3,3,3,3,5,4,4,4,4,4,5,5,3.85,0,0,TRUE
Female,Disloyal Customer,43,Business Travel,Business,1013,4,4,4,3,2,4,2,2,5,4,4,4,2,3.38,39,69,TRUE
Male,Loyal Customer,26,Business Travel,Eco,670,2,2,2,2,2,2,1,2,2,3,3,1,2,2,2,1,FALSE
Male,Disloyal Customer,49,Business Travel,Business,1310,4,3,3,3,3,4,3,3,4,2,4,3,3,3.23,0,0,FALSE
Female,Loyal Customer,41,Business Travel,Business,447,4,4,4,4,5,4,4,3,3,4,3,5,4,3.92,0,4,TRUE
Female,Loyal Customer,40,Business Travel,Business,328,5,5,5,5,3,4,5,5,5,5,5,5,5,4.77,0,0,TRUE
Male,Loyal Customer,43,Personal Travel,Eco,641,1,5,1,3,4,1,4,4,3,3,4,5,4,3.23,0,0,FALSE
Male,Loyal Customer,9,Personal Travel,Business,585,0,5,0,2,3,0,3,3,5,2,4,3,3,2.54,0,0,TRUE
Male,Disloyal Customer,40,Business Travel,Business,270,4,4,4,4,4,4,4,4,5,5,5,4,4,4.23,0,0,FALSE
Female,Loyal Customer,13,Business Travel,Business,746,3,1,1,1,3,3,3,3,3,1,4,1,3,2.31,0,0,FALSE
Male,Loyal Customer,64,Business Travel,Eco Plus,315,2,2,2,2,2,2,2,2,3,2,3,4,2,2.31,0,0,FALSE
Female,Loyal Customer,31,Business Travel,Business,2548,3,1,1,1,3,3,3,3,2,5,3,2,3,2.54,0,0,FALSE
Male,Loyal Customer,48,Business Travel,Business,1539,3,3,3,3,2,4,5,5,5,5,5,5,5,4.08,5,0,TRUE
Male,Loyal Customer,59,Business Travel,Eco,343,3,4,4,4,3,3,3,3,2,3,3,1,3,3,12,15,FALSE
Male,Loyal Customer,39,Business Travel,Business,228,1,1,1,1,5,4,5,4,4,4,4,4,5,3.31,0,0,TRUE
Male,Loyal Customer,55,Business Travel,Business,3431,0,4,0,5,3,5,4,5,5,5,5,4,4,3.77,0,0,TRUE
Female,Loyal Customer,7,Personal Travel,Eco,828,1,4,1,1,3,1,3,3,3,3,4,5,3,2.69,69,58,FALSE
Female,Loyal Customer,52,Personal Travel,Eco,1744,5,1,5,3,2,3,4,3,3,5,4,3,1,3.23,0,0,TRUE
Male,Loyal Customer,56,Business Travel,Business,1047,5,5,5,5,4,5,5,4,4,4,4,4,5,4.54,15,19,TRUE
Male,Loyal Customer,35,Personal Travel,Eco,828,4,5,4,1,5,4,5,5,3,4,5,3,5,4.08,3,0,FALSE
Female,Loyal Customer,37,Business Travel,Eco,184,1,1,1,1,1,1,1,1,1,3,3,4,1,1.54,0,2,FALSE
Female,Loyal Customer,40,Business Travel,Business,3997,5,5,5,5,3,5,4,5,5,5,5,4,3,4.54,0,0,TRUE
Female,Loyal Customer,25,Business Travel,Business,2009,3,3,5,3,3,3,3,3,5,5,3,5,3,3.62,5,22,TRUE
Male,Loyal Customer,31,Personal Travel,Eco,1009,3,2,3,2,3,3,3,3,4,4,3,1,3,2.85,0,0,FALSE
Male,Disloyal Customer,52,Business Travel,Business,476,4,4,4,3,3,4,3,3,4,5,5,4,3,3.77,0,0,TRUE
Female,Disloyal Customer,27,Business Travel,Business,89,3,3,3,3,3,3,3,3,3,1,4,1,3,2.77,57,52,FALSE
Male,Loyal Customer,45,Personal Travel,Eco,395,4,5,4,4,3,4,2,3,5,3,5,5,3,3.85,42,79,FALSE
Male,Loyal Customer,40,Business Travel,Business,651,5,5,5,5,5,4,5,4,4,4,4,4,3,4.38,0,0,TRUE
Male,Loyal Customer,45,Business Travel,Business,1325,4,3,3,3,1,3,2,4,4,4,4,4,4,3.31,126,117,FALSE
Female,Loyal Customer,38,Business Travel,Business,345,1,5,5,5,2,4,4,1,1,1,1,1,2,2.54,7,7,FALSE
Male,Loyal Customer,80,Business Travel,Business,3923,3,1,1,1,4,4,4,3,3,2,3,2,2,2.54,1,2,FALSE
Male,Loyal Customer,61,Business Travel,Business,2257,5,5,5,5,2,5,4,5,5,5,5,4,4,4.54,36,24,TRUE
Male,Loyal Customer,42,Business Travel,Business,479,5,5,5,5,4,4,4,4,3,4,4,4,4,4.23,183,187,TRUE
Female,Loyal Customer,51,Business Travel,Eco Plus,77,2,2,2,2,2,3,3,2,2,2,2,2,4,2.31,0,,FALSE
Male,Loyal Customer,57,Business Travel,Business,100,0,4,0,5,4,5,5,5,5,5,1,3,5,3.62,0,0,TRUE
Male,Loyal Customer,37,Business Travel,Eco Plus,463,4,2,2,2,4,4,4,4,3,4,4,3,4,3.38,0,0,TRUE
Female,Loyal Customer,47,Business Travel,Business,761,1,2,2,2,1,3,3,1,1,1,1,1,1,1.54,8,0,FALSE
Male,Disloyal Customer,22,Business Travel,Eco,209,3,1,3,2,3,3,3,3,4,1,2,2,3,2.54,0,0,FALSE
Male,Loyal Customer,25,Business Travel,Business,651,2,2,2,2,3,3,3,3,5,3,4,5,3,3.08,2,0,TRUE
Male,Loyal Customer,36,Business Travel,Business,545,1,1,1,1,4,5,4,4,4,4,4,5,4,3.23,0,0,TRUE
Male,Loyal Customer,36,Personal Travel,Eco,157,3,4,0,2,4,0,4,4,5,3,4,3,4,3.08,86,62,FALSE
Female,Disloyal Customer,22,Business Travel,Eco,1094,3,3,3,2,2,3,2,2,4,5,4,5,2,3.08,0,0,FALSE
Female,Loyal Customer,7,Personal Travel,Eco,1235,3,4,3,4,2,3,2,2,5,5,5,3,2,3.31,0,0,FALSE
Male,Loyal Customer,32,Personal Travel,Eco,342,3,3,3,2,2,3,2,2,5,1,1,2,2,2.38,9,27,FALSE
Male,Loyal Customer,51,Business Travel,Eco,456,3,2,2,2,3,3,3,3,4,1,4,2,3,2.69,6,2,FALSE
Female,Loyal Customer,13,Personal Travel,Eco Plus,651,1,2,1,3,4,1,4,4,4,2,3,1,4,2.62,0,0,FALSE
Female,Loyal Customer,39,Personal Travel,Eco,479,2,3,4,2,2,4,2,2,1,3,4,3,2,2.62,0,0,FALSE
Male,Loyal Customer,45,Business Travel,Business,2590,5,5,5,5,5,4,4,5,5,5,5,3,4,4.62,48,43,TRUE
Male,Loyal Customer,44,Business Travel,Business,1881,3,3,3,3,5,4,4,5,5,5,5,4,5,4.15,0,0,TRUE
Female,Loyal Customer,35,Personal Travel,Eco,333,3,5,3,4,5,3,5,5,5,3,5,3,5,4.15,32,27,FALSE
Male,Loyal Customer,60,Personal Travel,Eco,563,2,4,2,4,3,2,4,3,4,4,4,5,3,3.38,0,0,FALSE
Female,Loyal Customer,25,Business Travel,Business,1749,2,3,3,3,2,2,2,2,4,5,3,1,2,2.62,0,0,FALSE
Female,Loyal Customer,35,Business Travel,Business,227,3,3,3,3,5,4,4,5,5,5,5,4,3,4,0,10,TRUE
Female,Loyal Customer,52,Business Travel,Business,1616,4,4,4,4,4,5,4,4,4,4,4,5,4,4.15,7,0,TRUE
Female,Loyal Customer,17,Personal Travel,Eco,1670,3,0,3,3,4,3,4,4,4,4,4,3,4,3.31,0,0,FALSE
Female,Loyal Customer,53,Personal Travel,Eco,646,2,2,2,4,3,3,4,1,1,2,1,2,2,2.23,0,0,FALSE
Female,Loyal Customer,11,Personal Travel,Eco,472,5,2,5,3,4,5,4,4,1,1,3,2,4,3.31,0,0,TRUE
Male,Loyal Customer,39,Business Travel,Eco,1235,5,4,4,4,5,5,5,5,3,3,5,3,5,4.31,0,5,TRUE
Female,Loyal Customer,51,Business Travel,Business,3543,3,3,3,3,1,3,3,5,5,4,5,1,5,3.38,2,0,TRUE
Female,Loyal Customer,43,Business Travel,Business,3065,3,3,3,3,5,5,4,4,4,4,4,3,3,3.69,0,0,TRUE
Female,Disloyal Customer,23,Business Travel,Eco,110,4,0,5,4,5,3,3,1,3,1,1,3,3,2.77,157,154,TRUE
Female,Loyal Customer,50,Personal Travel,Eco,1087,3,3,3,4,5,5,4,3,3,3,3,3,3,3.46,0,0,FALSE
Female,Loyal Customer,45,Business Travel,Business,1346,2,2,2,2,3,5,4,4,4,4,4,3,3,3.23,36,37,TRUE
Female,Loyal Customer,12,Personal Travel,Business,473,0,4,0,3,1,0,1,1,2,5,4,3,1,1.92,14,44,TRUE
Male,Loyal Customer,31,Personal Travel,Eco,853,2,4,2,4,2,2,2,2,5,5,4,3,2,3,0,0,FALSE
Female,Loyal Customer,56,Business Travel,Business,2565,5,5,5,5,2,5,5,5,5,5,5,3,4,4.54,0,0,TRUE
Male,Loyal Customer,41,Business Travel,Business,1951,5,5,5,5,5,4,4,4,4,4,4,3,5,4.38,0,0,TRUE
Male,Loyal Customer,56,Business Travel,Eco Plus,377,4,2,2,2,4,4,4,4,1,4,3,1,4,3,55,50,FALSE
Male,Loyal Customer,51,Personal Travel,Eco Plus,230,3,5,3,1,2,3,2,2,4,3,4,4,2,2.92,0,12,FALSE
Male,Loyal Customer,57,Personal Travel,Eco,283,1,4,1,3,3,1,3,3,2,5,3,1,3,2.54,0,0,FALSE
Female,Disloyal Customer,30,Business Travel,Eco,946,1,1,1,3,1,1,1,1,1,4,4,4,1,1.85,0,0,FALSE
Female,Loyal Customer,47,Business Travel,Business,944,2,2,2,2,2,4,4,3,3,3,3,3,4,2.85,0,0,TRUE
Male,Loyal Customer,37,Personal Travel,Eco,764,1,4,1,3,4,1,4,4,5,5,4,5,4,3.46,0,0,FALSE
Female,Loyal Customer,17,Personal Travel,Eco Plus,299,3,5,3,2,2,3,2,2,3,5,4,4,2,3.08,0,0,FALSE
Male,Loyal Customer,51,Personal Travel,Eco,1310,2,5,3,5,2,3,2,2,5,4,3,5,2,3.31,24,19,FALSE
Female,Loyal Customer,33,Business Travel,Eco Plus,216,2,3,3,3,2,2,2,2,4,5,3,4,2,2.85,0,0,FALSE
Female,Loyal Customer,37,Business Travel,Eco,397,3,2,2,2,3,3,3,1,1,3,4,3,3,2.54,161,150,FALSE
Female,Loyal Customer,38,Personal Travel,Eco,309,1,5,1,1,2,1,2,2,4,3,4,4,2,2.46,0,0,FALSE
Male,Loyal Customer,51,Business Travel,Eco,1014,4,1,1,1,4,4,4,4,3,2,4,3,4,3,0,0,TRUE
Male,Loyal Customer,38,Personal Travel,Eco Plus,624,1,5,1,3,2,1,2,2,3,3,5,4,2,2.62,20,62,FALSE
Male,Loyal Customer,7,Personal Travel,Eco,1172,2,2,2,3,2,2,2,2,4,4,3,1,2,2.38,0,0,FALSE
Female,Loyal Customer,59,Business Travel,Eco,558,5,1,1,1,1,3,4,5,5,5,5,2,3,3.15,0,0,TRUE
Female,Loyal Customer,60,Personal Travel,Eco,226,1,5,1,5,2,5,5,3,3,1,1,3,3,2.92,0,3,FALSE
Male,Loyal Customer,57,Business Travel,Business,369,2,1,2,2,4,4,5,5,5,5,5,3,3,3.54,35,26,TRUE
Male,Loyal Customer,29,Business Travel,Business,2738,1,2,2,2,1,1,1,1,3,3,4,4,1,2,0,0,FALSE
Female,Loyal Customer,10,Personal Travel,Eco,333,2,3,2,3,3,2,3,3,3,4,3,3,3,2.85,0,0,FALSE
Female,Loyal Customer,48,Business Travel,Business,3473,5,5,5,5,2,4,4,4,4,4,4,3,5,4.15,0,0,TRUE
Female,Loyal Customer,10,Personal Travel,Eco,1062,1,3,1,5,4,1,4,4,3,5,5,4,4,3.38,0,0,FALSE
Female,Disloyal Customer,26,Business Travel,Eco,765,4,4,4,3,4,2,2,3,5,3,4,2,2,3.23,160,154,FALSE
Male,Loyal Customer,45,Business Travel,Business,3164,1,1,1,1,3,5,4,2,2,2,2,5,5,2.62,0,0,TRUE
Male,Loyal Customer,42,Business Travel,Business,148,5,5,5,5,2,5,4,5,5,5,5,5,5,4.69,0,1,TRUE
Female,Loyal Customer,14,Personal Travel,Eco,370,2,0,2,1,1,2,1,1,4,4,4,5,1,2.15,2,0,FALSE
Male,Disloyal Customer,21,Business Travel,Business,907,5,4,5,1,4,5,4,4,5,4,5,5,4,4.23,4,1,TRUE
Female,Disloyal Customer,26,Business Travel,Eco,834,2,3,3,3,2,3,2,2,1,4,4,2,2,2.54,7,0,FALSE
Male,Loyal Customer,10,Personal Travel,Eco Plus,1372,3,4,4,4,4,4,5,4,4,5,3,3,4,3.92,3,0,FALSE
Male,Loyal Customer,32,Business Travel,Eco,2248,2,2,2,2,2,2,2,2,4,5,3,4,2,2.62,0,0,FALSE
Male,Loyal Customer,64,Business Travel,Business,3730,3,2,2,2,3,4,3,3,3,3,3,1,1,2.54,0,0,FALSE
Female,Loyal Customer,39,Business Travel,Eco,89,2,2,5,2,2,2,2,2,1,2,1,4,2,2.23,68,67,FALSE
Female,Disloyal Customer,38,Business Travel,Eco,794,2,1,1,3,4,1,5,4,5,2,5,5,4,3.23,0,0,FALSE
Female,Loyal Customer,32,Business Travel,Eco,1258,3,2,2,2,3,3,3,3,3,4,2,2,3,2.69,0,0,FALSE
Female,Loyal Customer,62,Personal Travel,Eco,480,2,1,2,2,1,2,3,2,2,2,4,2,2,2.08,0,0,FALSE
Female,Loyal Customer,28,Personal Travel,Eco Plus,366,5,5,5,4,2,5,2,2,5,2,3,1,2,3.31,0,0,TRUE
Female,Disloyal Customer,26,Business Travel,Eco,1076,3,3,3,2,5,3,5,5,3,2,4,2,5,3.46,3,0,FALSE
Male,Loyal Customer,22,Business Travel,Business,2215,4,4,4,4,5,5,5,5,4,2,5,4,5,4.31,0,0,TRUE
Female,Loyal Customer,60,Business Travel,Business,1899,5,5,3,5,5,5,4,4,4,4,4,3,4,4.23,85,91,TRUE
Female,Loyal Customer,20,Personal Travel,Eco,1194,4,4,3,1,3,3,3,3,4,5,5,4,3,3.46,0,8,FALSE
Male,Loyal Customer,27,Business Travel,Business,1790,4,4,4,4,4,4,4,4,2,4,2,2,4,3.54,19,7,FALSE
Female,Loyal Customer,60,Personal Travel,Eco,1171,2,5,2,2,4,5,4,3,3,2,3,3,5,3.31,17,4,FALSE
Female,Disloyal Customer,35,Business Travel,Eco,1400,4,4,4,3,3,4,3,3,1,4,3,3,3,3.23,20,3,FALSE
Female,Disloyal Customer,29,Business Travel,Business,189,0,0,0,3,5,0,5,5,4,5,5,4,5,3.15,0,0,TRUE
Female,Loyal Customer,58,Personal Travel,Eco,325,3,1,4,3,4,3,2,2,2,4,2,3,4,2.85,15,16,FALSE
Male,Disloyal Customer,19,Business Travel,Eco,441,3,5,2,3,3,2,3,3,2,3,5,2,3,3,0,0,FALSE
Female,Loyal Customer,53,Business Travel,Business,2480,4,4,4,4,4,4,4,2,3,3,3,4,4,3.62,394,392,FALSE
Male,Loyal Customer,61,Personal Travel,Eco,533,1,4,1,3,3,1,3,3,3,5,4,4,3,2.92,115,106,FALSE
Female,Loyal Customer,46,Business Travel,Business,2185,2,2,2,2,4,5,4,4,4,4,4,4,4,3.46,0,0,TRUE
Male,Loyal Customer,57,Personal Travel,Eco,293,3,2,1,3,1,1,1,1,2,1,2,4,1,1.77,0,0,FALSE
Male,Disloyal Customer,17,Business Travel,Eco,628,3,5,3,4,4,3,4,4,3,3,4,5,4,3.77,39,17,FALSE
Female,Disloyal Customer,26,Business Travel,Eco,589,3,3,3,4,3,3,2,3,4,1,3,2,3,2.85,0,0,FALSE
Male,Loyal Customer,51,Business Travel,Business,2534,2,2,2,2,2,4,4,4,4,4,4,4,4,3.23,0,0,TRUE
Female,Disloyal Customer,27,Business Travel,Eco,328,2,0,2,3,4,2,4,4,1,5,3,4,4,2.92,0,0,FALSE
Male,Loyal Customer,37,Personal Travel,Eco,322,2,5,2,4,4,2,4,4,4,3,3,2,4,3.31,0,0,FALSE
Female,Disloyal Customer,30,Business Travel,Eco,1046,3,3,3,3,1,3,1,1,4,2,4,2,1,2.38,9,9,FALSE
Female,Loyal Customer,66,Business Travel,Eco Plus,533,5,5,5,5,4,2,1,5,5,5,5,3,1,3.92,0,0,TRUE
Male,Loyal Customer,38,Personal Travel,Eco,1426,2,4,2,3,3,2,3,3,2,1,3,2,3,2.54,60,120,FALSE
Male,Disloyal Customer,63,Business Travel,Eco Plus,337,1,1,1,4,2,1,2,2,1,2,3,2,2,1.85,102,101,FALSE
Male,Loyal Customer,11,Personal Travel,Eco,173,1,5,0,4,2,0,2,2,2,2,1,5,2,2.15,15,24,FALSE
Female,Disloyal Customer,26,Business Travel,Eco,867,3,4,4,1,4,4,4,4,1,2,3,3,4,3.15,7,0,FALSE
Female,Loyal Customer,9,Personal Travel,Eco Plus,404,3,4,2,2,4,2,4,4,3,5,5,3,4,3.46,1,0,FALSE
Female,Disloyal Customer,22,Business Travel,Eco,1436,2,2,2,5,2,2,2,4,3,5,4,2,2,2.85,196,205,FALSE
Female,Loyal Customer,15,Personal Travel,Eco Plus,448,3,5,1,3,1,1,1,2,2,4,3,1,1,2.15,178,163,FALSE
Male,Loyal Customer,16,Personal Travel,Eco,145,2,4,2,5,2,2,2,2,3,5,4,4,2,3,81,75,FALSE
Male,Loyal Customer,36,Business Travel,Business,2951,4,4,5,4,4,4,4,4,4,4,4,4,1,3.85,0,0,FALSE
Male,Loyal Customer,44,Business Travel,Business,761,3,3,3,3,5,4,4,5,5,5,5,4,5,4.15,40,25,TRUE
Male,Loyal Customer,61,Business Travel,Business,1817,1,1,1,1,5,4,4,5,5,5,5,4,3,3.38,0,0,TRUE
Male,Loyal Customer,50,Business Travel,Business,1973,5,5,5,5,5,5,5,5,5,5,5,4,4,4.85,5,0,TRUE
Female,Loyal Customer,56,Personal Travel,Eco,1107,1,4,1,3,5,3,4,5,5,1,5,1,4,3.23,27,24,FALSE
Male,Loyal Customer,34,Business Travel,Business,861,3,3,3,3,5,5,5,2,2,3,2,4,4,3.38,0,0,TRUE
Female,Loyal Customer,42,Personal Travel,Eco,1189,1,4,0,1,3,3,4,5,5,0,5,4,3,2.92,1,0,FALSE
Male,Disloyal Customer,17,Business Travel,Eco Plus,395,2,3,2,2,1,2,1,1,1,3,5,3,1,2.08,0,0,FALSE
Female,Loyal Customer,34,Business Travel,Business,802,4,3,2,2,2,3,3,4,4,4,4,3,2,3.08,0,9,FALSE
Female,Loyal Customer,58,Personal Travel,Eco,226,3,3,3,2,1,3,2,3,3,3,4,4,3,2.85,22,10,FALSE
Female,Disloyal Customer,78,Business Travel,Eco,453,1,1,1,2,2,1,2,2,3,5,3,4,2,2.23,0,0,FALSE
Female,Loyal Customer,59,Personal Travel,Eco,252,1,2,1,3,3,3,3,2,2,1,2,1,1,1.92,0,0,FALSE
Female,Loyal Customer,47,Business Travel,Business,134,3,3,3,3,4,4,5,5,5,5,5,3,4,4,0,0,TRUE
Female,Disloyal Customer,20,Business Travel,Eco,641,5,5,5,2,2,5,2,2,3,3,3,5,2,3.38,0,0,TRUE
Female,Disloyal Customer,32,Business Travel,Eco,359,2,4,2,4,4,2,4,4,3,1,4,4,4,3.23,0,0,FALSE
Male,Loyal Customer,66,Personal Travel,Eco,733,2,5,2,1,1,2,1,1,2,5,3,4,1,2.31,2,7,FALSE
Female,Loyal Customer,44,Business Travel,Business,3384,5,5,4,5,5,5,4,3,3,3,3,3,5,4.08,0,0,TRUE
Female,Loyal Customer,60,Business Travel,Business,337,2,2,2,2,4,5,2,4,4,4,4,4,1,3.08,0,0,TRUE
Male,Disloyal Customer,26,Business Travel,Eco,548,2,0,2,3,2,2,2,2,4,3,4,5,2,2.54,0,0,FALSE
Female,Loyal Customer,53,Business Travel,Business,534,5,5,5,5,5,4,5,5,5,4,5,3,3,4.54,0,0,TRUE
Male,Loyal Customer,50,Personal Travel,Eco,762,2,5,2,1,3,2,3,3,4,4,4,5,3,3.15,0,0,FALSE
Male,Loyal Customer,61,Personal Travel,Eco,899,3,2,4,4,2,4,2,2,3,2,3,3,2,2.77,16,16,FALSE
Female,Loyal Customer,44,Business Travel,Business,2704,4,4,4,4,3,5,5,5,5,5,5,5,5,4.54,8,0,TRUE
Female,Disloyal Customer,24,Business Travel,Eco,986,3,3,3,1,3,3,3,3,3,2,5,4,3,3,79,62,FALSE
Male,Disloyal Customer,39,Business Travel,Eco,373,1,4,1,3,3,1,3,3,4,5,1,1,3,2.54,0,0,FALSE
Female,Loyal Customer,67,Personal Travel,Eco,366,2,4,2,3,2,3,4,4,4,2,4,1,2,2.85,0,0,FALSE
Female,Disloyal Customer,80,Business Travel,Eco,200,1,4,1,4,4,1,4,4,2,3,4,2,4,2.92,107,115,FALSE
Male,Loyal Customer,38,Business Travel,Business,861,4,4,4,4,4,5,4,4,4,4,4,3,3,3.92,1,0,TRUE
Female,Loyal Customer,42,Personal Travel,Eco,528,3,5,2,3,5,5,5,2,2,2,2,4,4,3.38,0,8,FALSE
Male,Loyal Customer,31,Personal Travel,Eco,628,0,5,0,4,5,0,5,5,5,3,5,3,5,3.46,5,5,TRUE
Male,Disloyal Customer,26,Business Travel,Eco,300,2,0,2,2,2,2,2,2,1,1,3,4,2,1.92,0,0,FALSE
Female,Loyal Customer,55,Business Travel,Business,3147,5,5,5,5,2,4,5,5,5,5,5,3,3,4.38,0,0,TRUE
Female,Loyal Customer,26,Business Travel,Business,248,0,0,0,1,1,1,1,1,4,5,4,4,1,1.77,0,0,TRUE
Female,Loyal Customer,43,Business Travel,Eco,1342,1,1,1,1,1,4,4,1,1,1,1,4,2,1.77,31,4,FALSE
Female,Disloyal Customer,22,Business Travel,Eco,346,4,0,4,5,2,4,2,2,3,3,1,3,2,2.69,29,30,TRUE
Male,Loyal Customer,40,Business Travel,Business,502,3,3,3,3,3,4,4,4,4,4,4,5,5,3.77,7,0,TRUE
Female,Loyal Customer,52,Business Travel,Business,1838,1,1,1,1,4,4,4,5,3,4,5,4,4,3.15,151,385,TRUE
Male,Loyal Customer,49,Business Travel,Business,1892,5,5,5,5,4,3,3,4,4,4,4,1,5,4,0,0,TRUE
Male,Loyal Customer,9,Business Travel,Eco Plus,2565,2,3,3,3,2,3,2,2,2,5,2,3,2,2.62,108,99,FALSE
Male,Loyal Customer,21,Personal Travel,Eco,1182,2,4,2,5,5,2,5,5,3,2,4,3,5,3.62,9,10,FALSE
Female,Disloyal Customer,29,Business Travel,Eco,1235,1,1,1,4,2,1,2,2,2,1,3,2,2,1.85,0,0,FALSE
Male,Loyal Customer,56,Business Travel,Business,447,4,4,5,4,4,1,5,5,5,5,5,1,1,3.77,0,8,TRUE
Female,Loyal Customer,30,Personal Travel,Eco,1099,3,3,3,5,2,3,2,2,1,5,1,1,2,2.54,4,8,FALSE
Female,Disloyal Customer,25,Business Travel,Eco,617,3,0,3,2,1,3,1,1,3,3,5,2,1,2.15,16,7,FALSE
Male,Loyal Customer,53,Business Travel,Business,2418,4,4,3,4,5,5,5,4,4,4,4,3,4,4.08,0,0,TRUE
Female,Loyal Customer,26,Personal Travel,Eco,508,3,4,3,4,2,3,2,2,4,2,4,3,2,2.92,27,40,FALSE
Female,Loyal Customer,36,Personal Travel,Eco,447,2,4,2,3,4,2,4,4,3,5,5,4,4,3.54,0,0,FALSE
Male,Loyal Customer,41,Business Travel,Business,581,2,1,1,1,2,4,3,2,2,2,2,4,3,2.23,0,0,FALSE
Female,Loyal Customer,44,Business Travel,Business,2481,1,1,1,1,2,4,5,4,4,4,4,4,5,3.08,0,0,TRUE
Female,Loyal Customer,47,Business Travel,Business,1772,2,2,2,2,4,5,5,5,5,5,5,4,5,3.92,0,0,TRUE
Male,Loyal Customer,54,Business Travel,Eco,362,3,5,5,5,3,3,3,3,2,5,2,4,3,3.54,46,46,FALSE
Female,Disloyal Customer,19,Business Travel,Eco,818,4,4,4,2,5,4,5,5,4,4,3,4,5,4.08,0,8,FALSE
Male,Loyal Customer,35,Business Travel,Business,2106,1,1,1,1,3,5,5,5,5,5,5,3,5,3.46,0,0,TRUE
Female,Disloyal Customer,37,Business Travel,Business,579,3,3,3,4,1,3,1,1,5,2,4,4,1,2.69,0,0,FALSE
Female,Loyal Customer,39,Business Travel,Business,2140,2,5,2,2,3,4,4,5,5,5,5,3,4,3.77,0,0,TRUE
Female,Loyal Customer,65,Business Travel,Business,2223,1,2,2,2,5,3,3,3,3,3,1,2,3,2.54,0,0,FALSE
Male,Loyal Customer,51,Personal Travel,Eco,201,4,3,4,3,2,4,2,2,4,5,4,1,2,3.08,0,0,TRUE
Female,Loyal Customer,47,Business Travel,Business,296,2,1,1,1,5,3,4,2,2,2,2,2,4,2.38,47,38,FALSE
Female,Loyal Customer,28,Business Travel,Business,954,1,1,1,1,5,5,5,5,2,1,1,1,5,2.62,0,0,TRUE
Male,Loyal Customer,13,Personal Travel,Eco,212,1,0,0,4,5,0,5,5,5,2,5,4,5,3.15,4,2,FALSE
Female,Loyal Customer,10,Business Travel,Eco Plus,770,2,3,3,3,2,2,4,2,4,4,3,2,2,2.77,16,15,FALSE
Female,Disloyal Customer,55,Business Travel,Eco,223,3,0,2,3,4,2,4,4,5,4,4,3,4,3.23,42,40,FALSE
Male,Disloyal Customer,36,Business Travel,Eco,157,3,1,3,3,4,3,4,4,1,3,2,2,4,2.85,0,0,FALSE
Male,Loyal Customer,42,Business Travel,Business,3169,2,2,2,2,5,4,4,5,5,5,5,5,5,3.92,0,0,TRUE
Female,Loyal Customer,60,Business Travel,Business,3294,1,1,1,1,5,4,5,4,4,4,4,4,5,3.31,7,0,TRUE
Female,Disloyal Customer,21,Business Travel,Eco,642,3,1,3,2,4,3,4,4,1,5,1,1,4,2.77,2,13,FALSE
Female,Loyal Customer,67,Personal Travel,Eco,550,3,4,3,4,4,4,4,1,1,3,1,3,3,2.92,0,0,FALSE
Male,Loyal Customer,28,Business Travel,Eco Plus,489,4,5,5,5,4,4,4,4,3,2,5,3,4,4,2,0,TRUE
Male,Loyal Customer,47,Personal Travel,Eco,486,3,0,3,3,5,3,5,5,3,4,5,3,5,3.62,0,0,FALSE
Female,Loyal Customer,47,Business Travel,Business,546,1,1,1,1,2,4,5,3,3,3,3,3,5,2.69,0,0,TRUE
Male,Loyal Customer,50,Business Travel,Eco,946,2,4,5,5,2,2,2,2,4,4,4,2,2,3.08,0,0,FALSE
Female,Loyal Customer,64,Personal Travel,Eco,677,2,5,2,3,3,1,5,4,4,2,4,3,4,3.23,0,0,FALSE
Female,Loyal Customer,48,Business Travel,Business,2699,0,5,0,1,3,2,3,5,5,5,5,1,2,2.85,0,0,TRUE
Female,Loyal Customer,53,Business Travel,Business,2752,2,2,2,2,2,5,3,5,5,5,5,5,5,3.69,97,102,TRUE
Male,Loyal Customer,45,Business Travel,Business,3544,2,2,2,2,3,5,5,5,5,5,5,5,3,3.77,0,0,TRUE
Female,Loyal Customer,39,Business Travel,Eco Plus,349,1,2,2,2,1,1,1,1,3,3,2,3,1,1.77,67,63,FALSE
Female,Loyal Customer,43,Personal Travel,Eco,689,4,4,4,3,5,5,5,3,3,4,3,4,5,4,0,2,TRUE
Male,Loyal Customer,39,Business Travel,Business,181,0,5,0,1,2,4,4,5,5,5,5,5,5,3.54,0,0,TRUE
Male,Loyal Customer,50,Business Travel,Business,1784,2,2,2,2,2,5,5,4,4,4,4,5,3,3.38,0,0,TRUE
Female,Loyal Customer,67,Personal Travel,Eco,607,2,4,2,2,3,4,4,2,2,2,2,3,3,2.69,2,0,FALSE
Male,Loyal Customer,26,Business Travel,Eco,1235,4,4,4,4,4,3,2,4,1,2,3,4,4,3.31,0,0,FALSE
Male,Loyal Customer,23,Business Travel,Business,1941,2,2,2,2,2,2,2,2,3,3,4,4,2,2.46,4,5,TRUE
Male,Loyal Customer,44,Business Travel,Business,358,1,1,1,1,4,4,4,4,4,4,4,3,4,3,0,0,TRUE
Male,Disloyal Customer,24,Business Travel,Eco,407,4,0,4,2,5,4,5,5,4,5,5,3,5,3.92,16,4,TRUE
Male,Disloyal Customer,38,Business Travel,Eco,184,4,4,4,3,5,4,5,5,1,3,4,2,5,3.77,0,0,FALSE
Female,Loyal Customer,9,Personal Travel,Eco,1072,2,2,2,2,5,2,5,5,3,5,2,1,5,3.15,0,8,FALSE
Female,Loyal Customer,39,Business Travel,Eco,363,4,2,2,2,4,4,4,4,2,2,5,5,4,3.38,8,1,TRUE
Female,Disloyal Customer,36,Business Travel,Business,950,2,2,2,3,4,2,2,4,3,4,5,5,4,3.23,7,4,FALSE
Female,Loyal Customer,33,Personal Travel,Eco Plus,491,3,4,3,3,2,3,2,2,4,1,3,2,2,2.62,4,4,FALSE
Male,Disloyal Customer,46,Business Travel,Business,1158,3,2,2,3,2,3,2,2,4,2,4,4,2,2.69,23,18,FALSE
Male,Loyal Customer,57,Business Travel,Business,417,4,5,4,4,2,4,4,4,4,4,4,4,4,3.92,0,0,TRUE
Female,Loyal Customer,47,Business Travel,Business,2615,2,2,2,2,5,5,5,4,3,3,5,5,5,3.69,0,70,TRUE
Female,Loyal Customer,46,Business Travel,Eco,230,4,3,3,3,2,1,1,4,4,4,4,4,1,2.92,0,0,TRUE
Male,Loyal Customer,58,Personal Travel,Eco,581,2,4,2,3,5,2,5,5,3,3,4,4,5,3.62,14,34,FALSE
Male,Loyal Customer,65,Personal Travel,Eco,1969,1,5,1,3,1,1,1,1,4,5,5,5,1,2.62,67,43,FALSE
Male,Loyal Customer,39,Business Travel,Business,1417,4,4,4,4,2,4,4,5,5,5,5,3,5,4.15,10,55,TRUE
Female,Loyal Customer,56,Business Travel,Business,3221,2,2,2,2,2,5,5,4,4,4,4,3,5,3.38,0,0,TRUE
Male,Disloyal Customer,24,Business Travel,Business,1005,5,0,5,3,2,5,2,2,5,3,5,3,2,3.23,59,51,TRUE
Female,Loyal Customer,42,Business Travel,Business,2693,2,2,2,2,3,4,4,4,4,4,4,5,4,3.38,1,6,TRUE
Female,Loyal Customer,27,Personal Travel,Eco,163,4,4,4,3,2,4,1,2,1,1,4,3,2,2.69,0,0,TRUE
Male,Loyal Customer,30,Business Travel,Eco Plus,1911,0,0,0,4,2,0,2,2,1,5,3,3,2,1.85,0,0,TRUE
Male,Loyal Customer,51,Personal Travel,Eco,829,1,4,1,1,5,1,5,5,3,3,4,4,5,3.23,0,0,FALSE
Male,Loyal Customer,59,Business Travel,Business,515,3,3,3,3,4,4,5,5,5,5,5,4,5,4.15,2,0,TRUE
Male,Disloyal Customer,43,Business Travel,Eco Plus,2409,2,2,2,3,2,1,4,4,5,3,5,4,4,3.15,0,10,FALSE
Female,Loyal Customer,49,Personal Travel,Eco,438,2,5,2,5,4,5,5,4,4,2,1,4,3,3.54,44,73,FALSE
Female,Disloyal Customer,29,Business Travel,Eco,1448,4,4,4,2,3,4,3,3,4,5,4,1,3,3.38,0,0,FALSE
Female,Loyal Customer,26,Personal Travel,Eco Plus,409,4,5,4,2,4,4,4,4,5,3,1,1,4,3.46,0,0,TRUE
Male,Loyal Customer,43,Business Travel,Business,1460,4,2,4,4,2,4,5,4,4,4,4,4,3,3.69,0,0,TRUE
Female,Loyal Customer,65,Personal Travel,Eco,2300,3,3,3,4,2,5,4,3,3,3,3,1,5,3.23,0,0,FALSE
Female,Loyal Customer,17,Personal Travel,Eco,758,4,5,4,1,4,4,4,4,5,2,5,5,4,3.92,6,0,FALSE
Female,Loyal Customer,46,Business Travel,Business,2848,5,5,5,5,2,1,1,5,5,5,5,5,4,4.08,0,0,TRUE
Female,Loyal Customer,13,Business Travel,Business,2248,1,4,2,4,1,1,1,1,5,2,3,1,1,2.08,400,393,FALSE
Male,Loyal Customer,46,Personal Travel,Eco,1042,3,1,3,4,3,3,3,3,1,2,3,4,3,2.77,0,0,FALSE
Male,Disloyal Customer,16,Business Travel,Eco,432,1,1,1,4,2,1,2,2,4,3,3,2,2,2.15,0,17,FALSE
Female,Disloyal Customer,35,Business Travel,Eco Plus,590,2,2,2,4,3,2,1,3,1,1,4,4,3,2.46,19,19,FALSE
Male,Loyal Customer,49,Business Travel,Business,932,3,3,3,3,3,5,5,5,5,5,5,4,4,4.08,0,9,TRUE
Female,Loyal Customer,20,Business Travel,Eco,689,4,5,5,5,4,4,3,4,3,5,5,3,4,4.15,9,0,TRUE
Male,Loyal Customer,34,Business Travel,Business,3760,2,2,2,2,3,1,4,3,3,4,3,3,4,2.77,0,0,TRUE
Female,Loyal Customer,29,Business Travel,Eco Plus,1874,3,2,1,2,3,3,3,3,1,1,2,2,3,2.23,20,31,FALSE
Male,Loyal Customer,60,Personal Travel,Eco,306,3,5,3,5,2,3,2,2,3,2,5,4,2,3.15,0,0,FALSE
Female,Loyal Customer,43,Personal Travel,Eco,481,2,3,2,4,1,4,4,2,2,2,2,1,2,2.38,0,0,FALSE
Female,Disloyal Customer,35,Business Travel,Business,728,3,3,3,3,2,3,1,2,3,2,5,4,2,2.77,5,0,FALSE
Female,Loyal Customer,35,Personal Travel,Eco Plus,332,4,3,4,4,5,4,5,5,3,4,1,4,5,3.92,1,0,FALSE
Female,Disloyal Customer,25,Business Travel,Business,859,4,0,4,3,5,4,5,5,3,2,5,5,5,3.85,0,0,FALSE
Male,Loyal Customer,49,Personal Travel,Eco,507,3,4,3,2,5,3,5,5,4,3,5,4,5,3.92,2,0,FALSE
Male,Loyal Customer,40,Business Travel,Business,628,5,5,5,5,4,5,4,4,4,5,4,3,4,4.38,0,0,TRUE
Female,Loyal Customer,38,Business Travel,Business,3687,4,4,4,4,5,4,5,5,5,5,5,3,3,4.31,6,0,TRUE
Male,Loyal Customer,42,Personal Travel,Eco,308,3,2,3,4,4,3,4,4,3,1,3,3,4,3.15,47,55,FALSE
Male,Disloyal Customer,25,Business Travel,Eco,591,3,3,3,4,2,3,2,2,1,4,1,2,2,2.46,0,2,FALSE
Male,Loyal Customer,15,Personal Travel,Eco,641,3,4,3,3,1,3,1,1,3,4,3,1,1,2.38,0,0,FALSE
Male,Loyal Customer,53,Business Travel,Business,1565,1,1,1,1,2,4,5,4,4,4,4,3,5,3,15,19,TRUE
Male,Disloyal Customer,26,Business Travel,Business,240,0,0,0,3,4,0,1,4,3,4,4,5,4,2.46,8,0,TRUE
Female,Loyal Customer,49,Business Travel,Business,888,2,2,2,2,2,4,5,5,5,5,5,4,5,3.69,18,6,TRUE
Female,Loyal Customer,62,Personal Travel,Business,632,1,1,1,3,5,4,3,4,4,1,4,4,3,2.92,0,0,FALSE
Male,Disloyal Customer,30,Business Travel,Business,647,2,2,2,2,5,2,5,5,3,2,5,3,5,3.31,65,51,FALSE
Male,Loyal Customer,45,Personal Travel,Eco,173,3,5,3,3,4,3,4,4,2,4,4,3,4,3.54,0,0,FALSE
Female,Loyal Customer,54,Business Travel,Business,2189,2,2,2,2,3,4,4,5,5,5,5,3,5,3.62,25,14,TRUE
Male,Disloyal Customer,38,Business Travel,Business,325,3,4,4,2,4,4,4,4,4,5,4,3,4,3.77,7,0,TRUE
Male,Loyal Customer,59,Personal Travel,Eco,337,2,4,2,5,4,2,4,4,3,4,5,4,4,3.62,3,12,FALSE
Male,Loyal Customer,23,Personal Travel,Eco,304,3,5,3,3,5,3,5,5,5,4,4,5,5,4.23,0,0,FALSE
Female,Disloyal Customer,25,Business Travel,Eco,372,3,2,3,3,1,3,1,1,3,2,4,3,1,2.31,0,12,FALSE
Male,Disloyal Customer,26,Business Travel,Business,2182,4,4,4,1,5,4,4,5,5,3,4,3,5,3.92,0,0,FALSE
Female,Disloyal Customer,21,Business Travel,Eco,507,2,0,1,4,4,1,4,4,3,5,5,3,4,3.08,0,0,FALSE
Male,Loyal Customer,55,Business Travel,Business,3685,2,2,2,2,2,4,5,5,5,5,5,4,4,3.62,0,0,TRUE
Female,Loyal Customer,57,Business Travel,Business,447,1,1,1,1,5,5,5,3,3,4,3,4,5,3.15,2,0,TRUE
Male,Loyal Customer,16,Personal Travel,Eco,129,1,3,0,4,3,0,3,3,3,2,4,3,3,2.46,0,18,FALSE
Male,Loyal Customer,75,Business Travel,Eco,111,3,3,3,3,3,3,3,3,2,5,2,5,3,3.15,0,0,TRUE
Female,Loyal Customer,53,Business Travel,Business,432,2,3,2,2,4,1,3,5,5,5,5,3,1,3.15,5,5,TRUE
Male,Loyal Customer,21,Personal Travel,Eco,770,1,4,1,2,4,1,4,4,4,4,4,5,4,3.23,6,0,FALSE
Male,Loyal Customer,11,Personal Travel,Eco Plus,236,5,5,5,2,1,5,1,1,5,5,4,4,1,3.38,0,0,TRUE
Male,Loyal Customer,69,Personal Travel,Eco,587,0,5,0,3,3,0,3,3,3,3,5,4,3,2.69,0,0,TRUE
Female,Loyal Customer,23,Personal Travel,Eco,414,1,5,1,3,5,1,5,5,3,2,5,1,5,3.23,44,22,FALSE
Male,Loyal Customer,49,Business Travel,Business,1878,1,1,1,1,4,4,5,5,5,5,5,3,3,3.31,0,0,TRUE
Female,Loyal Customer,45,Personal Travel,Eco,306,4,3,4,4,4,3,3,5,5,4,5,2,3,3.77,32,56,FALSE
Female,Disloyal Customer,24,Business Travel,Eco,1262,4,4,4,3,5,4,3,5,2,1,3,2,5,3.46,8,0,FALSE
Male,Loyal Customer,12,Personal Travel,Eco,431,3,5,3,3,5,3,5,5,3,2,4,1,5,3.62,17,33,FALSE
Male,Loyal Customer,16,Personal Travel,Eco,1089,2,5,2,1,1,2,1,1,1,2,4,4,1,2.08,0,0,FALSE
Male,Loyal Customer,43,Business Travel,Business,312,5,5,5,5,2,4,5,5,5,5,5,4,3,4.46,0,0,TRUE
Female,Loyal Customer,45,Business Travel,Eco,1721,5,5,5,5,4,4,2,5,5,5,5,3,4,4.38,0,0,TRUE
Male,Loyal Customer,13,Personal Travel,Eco Plus,338,4,2,4,3,4,4,1,4,3,3,2,2,4,3.08,0,0,FALSE
Female,Loyal Customer,50,Business Travel,Eco,594,4,5,5,5,3,4,1,4,4,4,4,2,2,3.62,0,0,TRUE
Male,Loyal Customer,14,Personal Travel,Eco,546,3,3,2,3,2,2,2,2,4,4,3,1,2,2.54,57,56,FALSE
Male,Loyal Customer,26,Personal Travel,Eco,1407,3,4,2,4,1,2,1,1,2,4,5,4,1,2.62,0,0,FALSE
Female,Loyal Customer,33,Business Travel,Eco,331,4,5,5,5,4,4,4,4,3,4,5,5,4,4.31,0,0,TRUE
Female,Loyal Customer,39,Business Travel,Business,157,1,5,5,5,3,1,3,2,5,1,1,3,3,2.92,172,163,FALSE
Male,Loyal Customer,18,Personal Travel,Eco,308,4,4,4,5,1,4,1,1,3,5,5,4,1,3.23,0,0,FALSE
Male,Disloyal Customer,39,Business Travel,Eco,106,1,0,1,1,1,1,1,1,4,4,5,1,1,1.69,33,24,FALSE
Female,Loyal Customer,52,Business Travel,Eco,134,2,3,3,3,3,4,3,2,2,2,2,1,2,2.46,0,0,TRUE
Female,Loyal Customer,52,Personal Travel,Eco,125,4,1,4,4,5,3,4,5,5,4,5,4,1,3.77,0,0,FALSE
Female,Loyal Customer,61,Personal Travel,Eco,501,4,4,2,1,4,4,4,3,3,2,2,3,5,3.15,8,66,FALSE
Male,Loyal Customer,30,Business Travel,Business,3014,4,4,4,4,4,4,4,4,4,4,4,4,4,4,4,0,TRUE
Female,Disloyal Customer,35,Business Travel,Eco,1037,3,3,3,4,4,3,4,4,1,2,3,4,4,3.23,0,6,FALSE
Female,Loyal Customer,15,Personal Travel,Eco,417,2,3,2,4,4,2,5,4,2,2,1,2,4,2.85,0,0,FALSE
Female,Loyal Customer,47,Business Travel,Business,3182,4,4,2,4,2,5,5,5,5,5,5,4,5,4.23,1,0,TRUE
Male,Loyal Customer,59,Business Travel,Business,2802,3,3,3,3,4,5,5,5,5,4,5,4,5,4.15,0,0,TRUE
Female,Loyal Customer,7,Personal Travel,Eco,612,3,2,3,2,1,3,1,1,4,1,3,1,1,2,10,7,FALSE
Male,Loyal Customer,33,Business Travel,Business,3744,4,2,4,4,4,4,4,4,4,4,4,4,4,3.85,0,0,TRUE
Female,Loyal Customer,48,Business Travel,Business,297,3,3,3,3,2,4,4,4,4,4,4,3,5,3.54,3,0,TRUE
Male,Loyal Customer,54,Business Travel,Business,641,1,1,1,1,4,5,5,5,5,5,5,3,5,3.54,12,8,TRUE
Female,Loyal Customer,48,Business Travel,Business,3431,3,1,1,1,1,4,3,3,3,3,3,1,1,2.15,0,0,FALSE
Female,Loyal Customer,56,Personal Travel,Eco Plus,349,2,4,2,3,3,3,1,4,4,2,4,3,4,3,5,0,FALSE
Female,Disloyal Customer,28,Business Travel,Business,994,1,1,1,4,2,1,2,2,3,5,4,5,2,2.54,13,0,FALSE
Female,Loyal Customer,15,Personal Travel,Eco,1069,3,1,3,4,5,3,5,5,2,3,3,4,5,3.54,4,,FALSE
Male,Loyal Customer,37,Business Travel,Business,3962,1,3,1,1,4,5,5,5,5,5,5,4,5,3.77,0,14,TRUE
Male,Loyal Customer,42,Business Travel,Business,846,3,3,3,3,5,3,3,4,4,4,4,5,1,3.46,0,0,TRUE
Female,Loyal Customer,51,Business Travel,Business,1660,5,5,5,5,3,3,5,4,4,4,4,5,5,4.38,0,0,TRUE
Female,Disloyal Customer,36,Business Travel,Business,255,3,2,2,1,5,2,5,5,3,3,5,4,5,3.46,6,1,FALSE
Female,Disloyal Customer,25,Business Travel,Business,404,5,0,5,3,2,5,2,2,5,5,5,5,2,3.54,0,0,TRUE
Female,Loyal Customer,55,Business Travel,Eco,488,1,5,5,5,1,4,4,1,1,1,1,3,3,2.69,77,70,FALSE
Male,Loyal Customer,64,Personal Travel,Eco,814,1,3,1,3,5,1,3,5,1,3,3,2,5,2.77,28,22,FALSE
Male,Loyal Customer,34,Business Travel,Eco Plus,216,4,2,2,2,4,4,4,4,4,1,2,1,4,2.92,0,17,TRUE
Female,Loyal Customer,56,Business Travel,Business,1065,3,1,3,3,5,5,5,4,4,4,4,5,4,3.85,0,0,TRUE
Female,Loyal Customer,18,Personal Travel,Eco,919,4,4,4,3,1,4,1,1,5,5,5,5,1,3.31,7,14,FALSE
Female,Loyal Customer,29,Business Travel,Business,1389,1,1,1,1,4,4,4,4,3,3,5,4,4,3,0,0,TRUE
Male,Disloyal Customer,25,Business Travel,Business,606,2,0,1,4,5,1,5,5,4,3,4,4,5,3.31,0,0,FALSE
Male,Disloyal Customer,23,Business Travel,Eco,302,0,0,0,1,3,0,2,3,4,5,2,1,3,1.85,0,0,TRUE
Female,Loyal Customer,45,Business Travel,Business,2709,0,0,0,4,5,5,5,1,1,1,1,3,5,2.38,20,16,TRUE
Female,Loyal Customer,53,Business Travel,Eco Plus,967,4,2,2,2,3,1,3,4,4,4,4,5,5,3.31,0,0,TRUE
Female,Loyal Customer,56,Business Travel,Business,1535,1,1,3,1,4,5,5,5,5,5,5,5,4,3.77,0,0,TRUE
Male,Loyal Customer,45,Business Travel,Business,2902,4,4,4,4,2,5,5,5,5,5,5,3,4,4.23,16,5,TRUE
Male,Loyal Customer,32,Business Travel,Business,3467,0,5,1,3,3,3,3,3,2,5,3,3,3,2.85,0,0,TRUE
Female,Disloyal Customer,11,Business Travel,Eco,1096,2,2,2,4,5,2,5,5,2,5,3,3,5,3.46,0,0,FALSE
Female,Loyal Customer,14,Personal Travel,Eco,409,3,4,3,3,1,3,1,1,4,1,3,3,1,2.38,0,37,FALSE
Female,Loyal Customer,28,Personal Travel,Eco,1587,2,5,2,1,3,2,3,3,5,3,5,4,3,3.15,0,0,FALSE
Female,Loyal Customer,19,Personal Travel,Eco,1598,1,4,1,3,5,1,5,5,3,2,3,5,5,3.31,103,100,FALSE
Male,Loyal Customer,50,Business Travel,Business,1544,3,3,3,3,2,4,4,4,4,5,4,3,3,3.46,1,0,TRUE
Female,Loyal Customer,61,Business Travel,Eco Plus,370,5,5,5,5,4,4,5,5,5,5,5,1,5,4.54,0,0,TRUE
Male,Loyal Customer,61,Personal Travel,Eco,1598,0,4,0,2,4,0,4,4,3,3,4,4,4,2.77,0,0,TRUE
Female,Disloyal Customer,36,Business Travel,Business,550,2,1,1,2,3,1,3,3,5,3,5,5,3,2.85,0,0,FALSE
Female,Loyal Customer,57,Personal Travel,Eco,526,2,4,2,1,2,2,5,3,2,4,4,5,5,3.15,188,199,FALSE
Male,Loyal Customer,31,Personal Travel,Eco Plus,1535,5,4,5,2,3,5,3,3,3,5,3,3,3,3.62,9,0,TRUE
Female,Loyal Customer,44,Personal Travel,Eco,214,2,1,2,4,1,3,3,4,4,2,4,2,1,2.54,72,67,FALSE
Male,Loyal Customer,55,Business Travel,Business,1416,1,1,1,1,2,5,5,4,4,4,4,4,4,3.08,0,0,TRUE
Male,Loyal Customer,57,Personal Travel,Business,453,2,3,2,2,5,3,5,2,2,2,2,2,4,2.77,0,0,FALSE
Female,Loyal Customer,66,Personal Travel,Eco,1440,1,4,0,2,3,3,5,4,4,0,4,5,5,3.08,10,28,FALSE
Male,Loyal Customer,9,Personal Travel,Eco,615,3,1,3,2,3,3,3,3,3,3,3,2,3,2.69,0,0,FALSE
Female,Disloyal Customer,21,Business Travel,Business,990,1,4,1,4,5,1,5,5,1,2,3,2,5,3,6,13,FALSE
Male,Loyal Customer,70,Personal Travel,Eco,849,3,1,3,2,5,3,4,5,3,1,3,4,5,3.23,0,0,FALSE
Female,Loyal Customer,32,Business Travel,Business,1784,1,1,1,1,5,5,5,5,2,2,4,3,5,3.08,0,4,TRUE
Female,Loyal Customer,53,Personal Travel,Eco,484,3,0,3,5,3,5,4,4,4,3,4,5,4,3.62,0,0,FALSE
Female,Loyal Customer,69,Personal Travel,Eco,159,3,5,3,3,2,5,4,3,3,3,1,4,3,3.23,11,10,FALSE
Male,Loyal Customer,33,Personal Travel,Eco Plus,528,3,4,3,3,2,3,2,2,4,4,4,5,2,3.15,0,0,FALSE
Female,Loyal Customer,77,Business Travel,Business,2172,2,3,4,3,3,2,1,2,2,2,2,2,1,2.23,14,0,FALSE
Female,Loyal Customer,48,Personal Travel,Eco Plus,1023,1,3,1,3,3,5,4,4,4,1,5,5,3,3.23,3,0,FALSE
Female,Loyal Customer,30,Business Travel,Business,3659,1,1,5,1,1,2,1,1,4,4,4,4,1,2.31,54,47,TRUE
Male,Loyal Customer,25,Personal Travel,Eco,1024,4,4,4,4,4,4,4,4,4,2,4,3,4,3.77,7,9,FALSE
Female,Loyal Customer,26,Personal Travel,Eco,338,1,4,1,3,5,1,1,5,5,2,5,5,5,3.31,0,0,FALSE
Female,Loyal Customer,21,Business Travel,Business,1504,5,5,1,5,5,5,5,5,5,2,4,4,5,4.31,12,6,TRUE
Female,Loyal Customer,59,Personal Travel,Eco Plus,356,4,1,4,3,2,2,2,2,2,4,3,3,3,2.69,59,52,FALSE
Male,Loyal Customer,59,Business Travel,Business,954,4,4,4,4,2,4,4,4,4,4,4,3,5,3.85,52,59,TRUE
Male,Loyal Customer,42,Personal Travel,Eco,257,3,4,0,4,3,0,3,3,2,2,4,1,3,2.46,0,0,FALSE
Female,Loyal Customer,64,Personal Travel,Eco,67,2,5,2,1,5,5,5,3,3,2,4,5,3,3.46,0,11,FALSE
Male,Loyal Customer,56,Business Travel,Business,1871,2,5,5,5,1,4,3,2,2,2,2,3,3,3,0,14,FALSE
Male,Loyal Customer,40,Business Travel,Eco,563,4,4,4,4,4,4,4,4,4,4,3,2,4,3.77,8,0,TRUE
Male,Loyal Customer,26,Business Travel,Business,834,2,5,5,5,2,2,2,2,3,1,2,2,2,2.69,4,9,FALSE
Male,Disloyal Customer,16,Business Travel,Business,1309,5,4,5,1,5,5,2,4,4,4,5,2,2,3.69,0,1,TRUE
Male,Disloyal Customer,27,Business Travel,Eco,861,1,1,1,3,2,1,2,2,1,3,3,4,2,2,0,0,FALSE
Female,Loyal Customer,56,Business Travel,Business,2079,1,5,2,5,3,3,3,1,1,1,1,2,3,2.38,31,37,FALSE
Female,Loyal Customer,57,Personal Travel,Eco,1733,2,4,2,2,2,3,4,2,2,2,2,4,5,2.77,15,5,FALSE
Male,Loyal Customer,52,Business Travel,Business,2754,5,5,5,5,2,5,5,5,5,5,5,3,3,4.46,0,0,TRUE
Male,Loyal Customer,32,Business Travel,Eco,2677,2,1,1,1,2,2,2,2,3,3,2,1,2,1.85,0,0,FALSE
Male,Loyal Customer,35,Business Travel,Business,759,3,3,4,3,2,1,2,5,5,5,5,3,2,3.31,0,58,TRUE
Male,Loyal Customer,33,Business Travel,Eco,280,2,3,3,3,2,2,2,2,2,2,3,4,2,2.46,0,0,FALSE
Male,Loyal Customer,17,Business Travel,Eco,789,0,5,0,3,2,0,2,2,3,5,4,3,2,2.38,5,1,TRUE
Female,Loyal Customer,60,Business Travel,Business,2149,2,2,2,2,3,5,5,4,4,4,4,3,4,3.38,0,0,TRUE
Male,Loyal Customer,49,Business Travel,Business,3615,1,4,4,4,3,4,3,1,1,1,1,2,1,2.31,0,0,FALSE
Male,Loyal Customer,16,Personal Travel,Business,909,3,3,3,4,5,3,5,5,5,4,3,1,5,3.77,0,0,FALSE
Female,Loyal Customer,19,Personal Travel,Eco,83,1,5,1,4,2,1,4,2,3,4,4,5,2,2.92,0,0,FALSE
Male,Loyal Customer,40,Business Travel,Business,1843,3,3,3,3,4,5,4,4,4,4,4,3,5,3.77,0,0,TRUE
Male,Disloyal Customer,37,Business Travel,Business,258,4,4,4,3,3,4,2,3,5,3,5,3,3,3.54,22,0,FALSE
Male,Loyal Customer,43,Business Travel,Eco,192,3,5,5,5,4,3,4,4,2,1,5,1,4,3.54,0,0,TRUE
Female,Loyal Customer,41,Business Travel,Business,1735,2,2,2,2,2,4,4,4,4,4,4,4,3,3.15,19,16,TRUE
Female,Loyal Customer,46,Business Travel,Business,258,1,1,1,1,4,4,4,4,4,4,4,5,4,3.15,0,0,TRUE
Male,Loyal Customer,32,Personal Travel,Eco,216,4,0,0,2,4,0,4,4,5,2,4,4,4,2.85,0,0,FALSE
Male,Loyal Customer,23,Personal Travel,Eco,163,1,4,1,1,3,1,5,3,5,3,5,4,3,3,0,0,FALSE
Female,Disloyal Customer,22,Business Travel,Business,1199,4,5,4,1,4,4,1,4,5,5,5,3,4,3.77,0,0,TRUE
Male,Loyal Customer,50,Business Travel,Eco,1188,5,1,5,1,5,5,5,5,3,5,4,3,5,4,54,50,TRUE
Male,Loyal Customer,45,Business Travel,Business,1622,4,4,4,4,4,5,5,4,4,4,4,4,4,4.15,1,0,TRUE
Male,Loyal Customer,36,Business Travel,Eco,216,4,4,4,4,4,4,4,4,3,4,1,2,4,3.54,0,0,TRUE
Female,Loyal Customer,37,Business Travel,Eco,1013,1,1,1,1,1,1,1,1,4,4,4,4,1,1.92,0,0,FALSE
Female,Loyal Customer,46,Business Travel,Business,1504,4,4,4,4,1,1,3,4,4,4,4,2,5,3.38,0,0,TRUE
Male,Loyal Customer,39,Business Travel,Business,231,2,1,1,1,2,4,3,2,2,2,2,2,2,2,0,0,FALSE
Female,Loyal Customer,59,Business Travel,Eco,697,5,1,1,1,2,4,2,5,5,5,5,1,2,3,0,0,TRUE
Female,Loyal Customer,52,Business Travel,Business,2979,4,4,4,4,2,4,4,5,5,5,5,3,4,4.08,0,0,TRUE
Male,Loyal Customer,17,Personal Travel,Eco,414,2,5,2,4,2,2,2,2,3,3,5,2,2,2.77,0,0,FALSE
Female,Loyal Customer,22,Business Travel,Eco,674,4,5,5,5,5,5,4,5,4,1,2,2,5,4,117,131,TRUE
Male,Loyal Customer,46,Business Travel,Business,143,1,4,4,4,2,2,1,2,2,2,1,3,3,2.38,11,10,FALSE
Male,Loyal Customer,27,Business Travel,Business,2689,3,5,5,5,3,3,3,3,2,3,2,2,3,3.23,18,11,FALSE
Female,Disloyal Customer,24,Business Travel,Eco,147,3,4,3,2,4,3,4,4,2,2,1,3,4,3,0,0,FALSE
Male,Disloyal Customer,21,Business Travel,Business,214,1,3,1,4,1,1,1,1,2,5,3,4,1,2.15,0,0,FALSE
Female,Loyal Customer,20,Business Travel,Business,2399,1,1,1,1,4,4,4,4,4,4,4,3,4,3,11,3,TRUE
Male,Disloyal Customer,20,Business Travel,Eco,335,3,3,3,2,4,3,4,4,5,1,5,2,4,3.31,0,0,FALSE
Male,Loyal Customer,62,Business Travel,Business,3086,2,1,2,1,3,3,3,2,2,2,2,4,4,2.38,0,0,FALSE
Female,Disloyal Customer,20,Business Travel,Business,631,4,0,4,4,2,4,2,2,4,2,4,5,2,3,0,0,TRUE
Male,Loyal Customer,28,Business Travel,Business,2406,2,2,5,2,4,4,4,4,3,3,4,4,4,3.46,0,0,TRUE
Female,Loyal Customer,41,Business Travel,Business,1706,5,5,5,5,4,5,5,5,5,5,5,3,4,4.69,0,0,TRUE
Female,Loyal Customer,47,Business Travel,Business,907,5,5,5,5,5,4,5,4,4,4,4,3,3,4.31,0,0,TRUE
Male,Disloyal Customer,22,Business Travel,Eco,581,4,5,4,3,4,4,4,4,4,2,4,5,4,3.92,0,0,TRUE
Female,Loyal Customer,40,Personal Travel,Eco,209,1,4,1,5,2,1,2,2,2,4,5,2,2,2.54,0,3,FALSE
Female,Loyal Customer,50,Personal Travel,Eco,191,1,4,1,4,3,4,4,2,2,1,2,1,3,2.46,10,0,FALSE
Male,Loyal Customer,34,Business Travel,Business,409,1,4,4,4,1,3,3,1,1,1,1,4,4,2.46,0,44,FALSE
Male,Disloyal Customer,30,Business Travel,Eco,448,2,0,2,1,1,2,3,1,2,3,3,2,1,1.77,0,0,FALSE
Male,Loyal Customer,40,Business Travel,Business,550,2,2,2,2,2,5,5,5,5,5,5,5,4,3.77,0,0,TRUE
Male,Loyal Customer,61,Personal Travel,Eco Plus,1068,4,4,4,1,4,4,4,4,3,4,4,5,4,3.77,0,0,FALSE
Female,Loyal Customer,54,Business Travel,Business,3048,1,1,1,1,4,4,4,2,2,2,2,3,4,2.38,0,0,TRUE
Female,Disloyal Customer,44,Business Travel,Business,2227,5,4,4,3,5,1,1,5,2,4,4,1,1,3.08,0,25,TRUE
Female,Loyal Customer,33,Business Travel,Business,207,1,1,1,1,3,3,3,1,1,1,1,4,1,1.69,0,0,FALSE
Male,Disloyal Customer,24,Business Travel,Eco,341,3,0,3,3,3,3,3,3,4,1,4,2,3,2.69,0,0,FALSE
Male,Loyal Customer,42,Business Travel,Business,3350,4,2,2,2,4,4,4,3,3,3,4,1,1,2.85,0,0,FALSE
Male,Loyal Customer,52,Business Travel,Eco,579,2,5,5,5,2,1,1,4,5,3,3,1,1,2.92,155,167,FALSE
Male,Loyal Customer,47,Business Travel,Eco,296,1,3,3,3,1,1,1,1,4,5,3,4,1,2.38,24,22,FALSE
Female,Loyal Customer,10,Business Travel,Business,1747,2,2,2,2,2,2,2,2,1,2,3,3,2,2.08,33,23,FALSE
Female,Loyal Customer,48,Business Travel,Business,1616,2,2,2,2,2,4,5,3,3,3,3,3,4,2.92,0,11,TRUE
Male,Loyal Customer,63,Personal Travel,Eco,689,2,5,1,2,3,1,2,3,5,4,4,4,3,3,0,0,FALSE
Female,Disloyal Customer,26,Business Travel,Business,621,4,4,4,1,2,4,2,2,3,3,5,5,2,3.15,0,0,TRUE
Female,Loyal Customer,28,Personal Travel,Eco,1195,4,5,4,1,2,4,2,2,4,3,4,4,2,3.15,0,0,FALSE
Female,Loyal Customer,15,Personal Travel,Eco,1750,4,4,4,1,5,4,4,5,3,2,5,5,5,3.92,10,7,FALSE
Male,Loyal Customer,40,Business Travel,Eco,209,4,4,4,4,4,4,4,4,1,3,4,4,4,3.69,0,7,FALSE
Male,Loyal Customer,38,Business Travel,Business,3764,3,3,3,3,5,5,4,3,3,4,3,3,5,3.62,0,19,TRUE
Male,Loyal Customer,56,Business Travel,Business,3476,1,5,5,5,2,3,3,1,1,1,1,4,4,2.77,21,17,FALSE
Male,Disloyal Customer,26,Business Travel,Business,719,4,4,4,1,5,4,5,5,4,4,5,3,5,4.08,0,6,TRUE
Male,Loyal Customer,46,Personal Travel,Eco,236,3,5,3,5,4,3,4,4,4,2,5,3,4,3.77,0,0,FALSE
Female,Loyal Customer,13,Personal Travel,Eco,533,3,5,3,2,4,3,2,4,4,2,5,5,4,3.54,5,5,FALSE
Male,Loyal Customer,43,Business Travel,Business,1673,2,2,2,2,2,2,4,5,5,5,3,1,5,3.08,7,2,TRUE
Male,Loyal Customer,45,Business Travel,Eco,528,3,5,5,5,3,3,3,3,1,5,3,1,3,3.31,21,17,FALSE
Male,Loyal Customer,25,Personal Travel,Eco,455,2,4,2,4,4,2,4,4,3,5,5,3,4,3.54,0,0,FALSE
Female,Loyal Customer,28,Business Travel,Business,1352,5,1,5,5,5,5,5,5,4,3,5,5,5,4.46,0,0,TRUE
Male,Loyal Customer,36,Business Travel,Business,259,5,5,5,5,2,4,3,4,4,4,4,4,1,3.85,0,0,TRUE
Male,Loyal Customer,10,Personal Travel,Eco Plus,414,1,0,4,5,2,4,2,2,4,3,5,5,2,3,0,0,FALSE
Male,Loyal Customer,46,Business Travel,Business,507,3,3,5,3,3,5,4,4,4,4,4,4,4,3.85,11,4,TRUE
Female,Loyal Customer,47,Business Travel,Business,737,1,1,1,1,3,4,4,4,4,5,4,4,5,3.15,0,0,TRUE
Female,Disloyal Customer,29,Business Travel,Business,1012,4,4,4,2,2,4,5,2,4,5,5,5,2,3.69,0,4,TRUE
Female,Loyal Customer,60,Business Travel,Business,967,4,4,5,4,5,5,5,4,4,4,4,5,5,4.46,31,21,TRUE
Female,Loyal Customer,68,Personal Travel,Eco,260,1,2,1,4,1,4,3,2,2,1,2,1,1,1.92,0,35,FALSE
Female,Disloyal Customer,44,Business Travel,Business,337,5,5,5,3,1,5,1,1,4,4,4,3,1,3.23,8,12,TRUE
Male,Loyal Customer,38,Business Travel,Business,631,4,4,4,4,5,4,4,5,5,5,5,4,4,4.38,14,55,TRUE
Male,Loyal Customer,38,Business Travel,Business,3194,3,3,3,3,5,5,5,5,5,5,5,4,4,4.23,41,52,TRUE
Male,Loyal Customer,36,Business Travel,Eco Plus,77,1,4,4,4,1,1,1,1,3,2,3,3,1,2.23,38,27,FALSE
Male,Loyal Customer,47,Personal Travel,Eco,785,3,4,3,1,3,3,3,3,3,3,5,3,3,3.08,45,28,FALSE
Female,Loyal Customer,56,Business Travel,Business,289,4,4,4,4,2,4,4,4,4,4,4,4,4,3.85,6,26,FALSE
Male,Loyal Customer,70,Business Travel,Business,1582,3,4,4,4,4,3,3,3,3,3,3,4,2,3.31,0,0,FALSE
Female,Loyal Customer,45,Business Travel,Business,986,2,1,4,1,2,4,3,2,2,2,2,4,2,2.38,0,0,FALSE
Female,Loyal Customer,29,Personal Travel,Eco,1990,2,1,2,3,1,2,1,1,3,1,4,3,1,1.92,0,0,FALSE
Male,Loyal Customer,47,Business Travel,Business,2239,3,3,3,3,4,5,4,4,4,4,4,3,5,3.77,0,0,TRUE
Male,Loyal Customer,40,Business Travel,Business,3341,3,3,3,3,3,5,5,4,4,4,4,3,3,3.62,63,53,TRUE
Female,Loyal Customer,37,Business Travel,Business,2582,4,3,3,3,3,3,3,4,4,4,4,3,1,3.23,0,0,FALSE
Male,Loyal Customer,45,Business Travel,Eco,310,5,5,5,5,5,5,5,5,5,3,1,5,5,4.54,0,0,TRUE
Male,Loyal Customer,51,Personal Travel,Eco,2139,4,5,3,4,2,3,2,2,5,5,4,5,2,3.54,0,0,TRUE
Female,Loyal Customer,39,Business Travel,Eco,408,1,1,1,1,1,1,1,1,1,4,4,1,1,1.46,0,0,FALSE
Female,Disloyal Customer,25,Business Travel,Business,293,4,5,4,3,2,4,2,2,4,4,5,5,2,3.54,29,53,FALSE
Female,Loyal Customer,56,Business Travel,Business,2454,4,4,4,4,5,4,5,5,5,5,5,3,3,4.31,0,0,TRUE
Female,Loyal Customer,36,Business Travel,Business,3643,5,5,5,5,3,5,4,5,5,5,4,4,3,4.46,0,0,TRUE
Male,Loyal Customer,46,Business Travel,Business,1846,3,5,5,5,2,2,4,3,3,2,3,2,2,3.15,0,8,FALSE
Male,Disloyal Customer,43,Business Travel,Eco,771,2,2,2,3,3,2,3,3,4,4,3,4,3,2.92,7,17,FALSE
Male,Loyal Customer,58,Business Travel,Business,419,2,5,5,5,4,4,4,2,2,2,2,1,4,3.23,0,0,FALSE
Female,Loyal Customer,39,Business Travel,Business,1005,3,3,3,3,4,4,5,4,4,4,4,4,4,3.77,0,0,TRUE
Female,Loyal Customer,43,Business Travel,Business,237,4,4,4,4,4,4,4,4,4,4,4,3,4,3.92,0,0,TRUE
Male,Loyal Customer,41,Personal Travel,Eco,1476,1,4,1,4,2,1,2,2,3,3,3,3,2,2.38,4,0,FALSE
Male,Loyal Customer,36,Business Travel,Business,2951,3,2,2,2,4,2,2,3,3,3,3,4,1,2.62,0,4,FALSE
Male,Loyal Customer,62,Business Travel,Business,3463,2,2,2,2,4,4,4,5,5,5,5,5,5,3.85,0,6,TRUE
Female,Loyal Customer,54,Personal Travel,Eco Plus,436,3,4,3,4,5,4,4,1,1,3,1,3,5,3.15,7,42,FALSE
Female,Disloyal Customer,25,Business Travel,Eco,77,3,3,2,1,4,2,4,4,1,1,4,2,4,2.69,0,0,FALSE
Female,Loyal Customer,32,Business Travel,Business,3904,4,4,4,4,4,4,4,4,4,5,4,3,4,4,16,2,TRUE
Female,Loyal Customer,39,Business Travel,Business,2355,5,5,5,5,4,1,3,1,1,2,1,1,1,2.69,11,4,TRUE
Female,Loyal Customer,53,Business Travel,Business,2778,4,4,4,4,3,5,4,4,4,5,4,3,3,3.92,8,7,TRUE
Male,Loyal Customer,25,Business Travel,Business,2944,2,5,5,5,2,2,2,2,3,5,3,3,2,3.15,16,31,FALSE
Male,Loyal Customer,45,Business Travel,Business,3310,2,2,2,2,2,1,2,4,4,4,4,4,1,2.62,0,0,TRUE
Male,Loyal Customer,43,Personal Travel,Eco Plus,1235,3,4,4,3,4,4,3,4,4,4,4,3,4,3.69,0,0,FALSE
Male,Loyal Customer,15,Personal Travel,Eco,315,3,2,3,4,4,3,1,4,1,2,3,4,4,2.92,0,13,FALSE
Male,Loyal Customer,14,Personal Travel,Eco,447,2,5,2,2,4,2,4,4,2,3,2,4,4,3.08,0,0,FALSE
Female,Loyal Customer,41,Business Travel,Business,364,3,3,3,3,5,4,5,4,4,4,4,3,5,3.85,0,0,TRUE
Female,Loyal Customer,47,Business Travel,Business,351,5,5,5,5,4,1,4,5,5,5,5,4,2,4.23,0,0,TRUE
Female,Loyal Customer,59,Business Travel,Eco,1034,3,2,2,2,5,4,4,3,3,3,3,1,2,2.85,3,0,FALSE
Female,Loyal Customer,30,Personal Travel,Eco,1747,3,3,3,4,1,3,5,1,1,5,3,4,1,2.85,5,0,FALSE
Female,Loyal Customer,58,Business Travel,Business,2343,3,3,3,3,1,3,2,4,4,4,5,1,2,2.92,0,5,TRUE
Male,Loyal Customer,38,Business Travel,Business,3612,2,2,2,2,3,5,3,5,5,5,5,3,5,3.62,0,0,TRUE
Female,Loyal Customer,79,Business Travel,Business,1584,2,3,3,3,2,4,4,2,2,2,2,4,2,2.69,0,0,FALSE
Female,Loyal Customer,51,Business Travel,Business,2174,3,4,4,4,5,2,1,3,3,3,3,4,3,3.23,55,50,FALSE
Female,Loyal Customer,62,Personal Travel,Eco,764,4,4,4,5,3,5,4,3,3,4,3,3,4,3.77,20,22,FALSE
Female,Loyal Customer,16,Personal Travel,Eco,277,4,2,4,3,5,4,5,5,4,3,3,1,5,3.69,120,97,FALSE
Male,Loyal Customer,33,Personal Travel,Eco,946,2,5,2,3,2,2,2,2,3,5,2,2,2,2.62,0,0,FALSE
Male,Loyal Customer,46,Business Travel,Business,448,1,1,1,1,1,3,1,5,5,5,5,1,4,2.62,0,0,TRUE
Female,Loyal Customer,45,Business Travel,Eco Plus,834,3,2,2,2,3,4,3,3,3,3,3,1,2,2.62,0,24,FALSE
Female,Loyal Customer,60,Personal Travel,Eco,391,1,4,2,3,2,4,4,5,5,2,5,4,4,3.46,8,0,FALSE
Male,Loyal Customer,49,Business Travel,Business,3865,1,1,1,1,3,5,4,4,4,4,4,4,5,3.15,5,0,TRUE
Male,Loyal Customer,16,Personal Travel,Eco,456,3,4,3,1,5,3,5,5,4,4,4,5,5,3.92,0,0,FALSE
Female,Loyal Customer,41,Business Travel,Business,2320,1,1,1,1,3,2,1,5,5,5,5,5,5,3.08,0,0,TRUE
Female,Loyal Customer,41,Business Travel,Business,2905,0,0,0,3,3,4,4,3,3,3,3,4,5,2.69,5,2,TRUE
Female,Loyal Customer,48,Business Travel,Business,2288,4,4,4,4,3,4,5,5,5,5,5,4,3,4.23,0,0,TRUE
Female,Loyal Customer,62,Personal Travel,Eco,821,4,4,5,2,4,5,4,2,2,5,2,5,5,3.77,0,0,FALSE
Male,Loyal Customer,9,Business Travel,Business,575,3,3,5,3,3,3,3,3,2,4,2,1,3,2.92,58,47,FALSE
Male,Loyal Customer,32,Business Travel,Eco Plus,931,3,4,4,4,3,3,3,3,4,1,3,1,3,3,0,0,FALSE
Male,Loyal Customer,29,Personal Travel,Eco Plus,363,1,1,1,2,4,1,4,4,3,2,3,4,4,2.62,0,0,FALSE
Male,Loyal Customer,75,Business Travel,Business,2350,3,3,3,3,2,5,5,4,4,4,4,5,5,3.85,0,7,TRUE
Male,Loyal Customer,52,Business Travel,Business,2960,4,1,1,1,5,2,2,4,4,4,4,1,4,2.85,8,0,FALSE
Female,Loyal Customer,68,Business Travel,Eco,116,5,4,2,4,5,2,3,5,5,5,5,2,2,3.77,0,0,TRUE
Female,Disloyal Customer,65,Business Travel,Eco,484,2,2,3,4,1,3,1,1,2,5,3,1,1,2.23,0,0,FALSE
Female,Loyal Customer,51,Business Travel,Business,1660,1,1,1,1,5,4,4,5,5,5,5,5,5,3.62,17,9,TRUE
Female,Disloyal Customer,24,Business Travel,Eco,247,3,4,4,4,1,4,1,1,5,2,5,2,1,2.85,0,2,FALSE
Female,Loyal Customer,74,Business Travel,Eco Plus,299,4,1,1,1,4,3,3,1,3,1,2,3,3,2.31,115,138,FALSE
Male,Loyal Customer,22,Personal Travel,Eco,78,3,2,3,3,3,3,3,3,2,5,3,3,3,3,0,0,FALSE
Male,Loyal Customer,41,Business Travel,Eco,760,3,1,2,1,3,3,3,3,4,1,2,3,3,2.46,0,1,FALSE
Female,Loyal Customer,67,Personal Travel,Business,1674,3,4,4,5,1,4,5,1,1,4,1,1,3,2.85,65,61,FALSE
Female,Loyal Customer,30,Business Travel,Business,3029,5,5,3,5,4,4,4,4,1,2,5,5,4,3.92,0,0,TRUE
Female,Loyal Customer,48,Business Travel,Business,292,2,2,2,2,4,3,4,2,2,3,2,4,1,2.54,7,38,FALSE
Male,Loyal Customer,52,Personal Travel,Business,476,2,4,4,3,1,2,4,1,1,4,1,5,4,2.77,8,0,FALSE
Male,Loyal Customer,46,Business Travel,Eco Plus,192,4,2,4,2,3,4,3,3,2,5,3,4,3,3.23,0,2,TRUE
Female,Loyal Customer,45,Business Travel,Business,2529,5,5,5,5,2,5,5,5,5,5,5,4,3,4.54,0,17,TRUE
Female,Loyal Customer,32,Business Travel,Business,3783,2,1,3,1,2,2,2,2,2,2,3,1,2,1.92,54,51,FALSE
Female,Disloyal Customer,26,Business Travel,Eco Plus,522,3,3,3,4,3,3,3,3,1,1,3,3,3,2.77,0,10,FALSE
Female,Loyal Customer,18,Personal Travel,Eco,1947,3,4,3,3,1,3,1,1,3,3,3,3,1,2.46,0,0,FALSE
Female,Disloyal Customer,25,Business Travel,Business,2133,4,4,4,5,5,4,3,5,5,2,3,3,5,4,12,0,FALSE
Male,Loyal Customer,41,Business Travel,Eco,801,3,5,5,5,3,3,3,3,5,5,2,2,3,3.62,11,0,TRUE
Female,Loyal Customer,37,Business Travel,Eco,147,4,3,3,3,4,4,4,4,4,5,2,3,4,3.62,0,0,TRUE
Male,Loyal Customer,30,Personal Travel,Business,554,3,5,3,4,3,3,2,3,4,5,5,3,3,3.54,2,0,FALSE
Female,Loyal Customer,52,Business Travel,Eco Plus,596,5,2,5,5,1,1,4,4,4,5,4,4,5,3.77,0,0,TRUE
Male,Loyal Customer,45,Personal Travel,Business,1379,2,1,2,3,3,1,3,2,2,2,2,3,1,2.08,1,0,FALSE
Male,Disloyal Customer,15,Business Travel,Eco,153,3,1,3,3,5,3,4,5,3,1,3,1,5,3.08,0,0,FALSE
Female,Loyal Customer,29,Business Travel,Eco Plus,2306,5,2,3,2,5,5,5,5,5,4,3,2,5,3.92,0,0,TRUE
Male,Disloyal Customer,43,Business Travel,Business,228,2,2,2,4,4,2,4,4,1,3,3,2,4,2.85,21,6,FALSE
Female,Disloyal Customer,37,Business Travel,Eco,431,3,1,3,3,5,3,5,5,2,4,3,1,5,3.31,6,0,FALSE
Female,Loyal Customer,30,Business Travel,Business,1249,2,2,2,2,4,4,4,4,4,3,4,5,4,3.38,26,30,TRUE
Female,Loyal Customer,35,Business Travel,Business,966,1,5,5,5,2,3,3,1,1,1,1,4,4,2.77,96,95,FALSE
Female,Loyal Customer,26,Personal Travel,Eco,223,5,4,5,1,5,5,5,5,5,4,5,5,5,4.54,96,87,TRUE
Female,Loyal Customer,22,Personal Travel,Business,895,3,5,3,3,4,3,4,4,1,2,3,2,4,3.15,28,16,FALSE
Male,Loyal Customer,48,Business Travel,Business,325,3,3,3,3,3,4,4,5,5,5,5,4,3,3.85,0,0,TRUE
Male,Loyal Customer,32,Personal Travel,Eco Plus,2342,1,4,1,4,3,1,3,3,3,3,4,1,3,2.62,28,31,FALSE
Male,Loyal Customer,55,Business Travel,Business,2422,2,2,2,2,5,4,4,5,5,5,5,5,5,3.92,8,6,TRUE
Male,Disloyal Customer,25,Business Travel,Eco,1493,1,1,1,3,1,1,1,1,2,4,3,1,1,1.62,8,20,FALSE
Female,Loyal Customer,38,Personal Travel,Eco,541,2,5,3,4,2,3,2,2,3,2,5,3,2,2.92,1,0,FALSE
Female,Loyal Customer,57,Personal Travel,Eco,1065,3,4,3,1,2,4,5,4,4,3,4,3,3,3.31,0,0,FALSE
Female,Loyal Customer,32,Business Travel,Business,896,3,3,3,3,4,4,4,4,1,3,5,1,4,3.23,0,0,TRUE
Female,Disloyal Customer,26,Business Travel,Eco,2874,1,1,1,1,1,2,2,2,5,4,5,2,2,2.23,0,0,FALSE
Female,Loyal Customer,52,Business Travel,Business,3858,0,0,0,3,3,5,4,4,4,4,4,3,4,2.92,24,16,TRUE
Male,Loyal Customer,30,Business Travel,Eco,251,1,5,3,5,1,1,1,1,3,4,4,1,1,2.38,0,8,FALSE
Female,Loyal Customer,25,Business Travel,Business,1726,1,2,2,2,1,1,1,1,2,2,3,4,1,1.77,0,5,FALSE
Male,Disloyal Customer,38,Business Travel,Business,213,3,3,3,3,5,3,5,5,5,4,5,4,5,4.08,17,4,FALSE
Male,Loyal Customer,42,Business Travel,Business,373,3,3,3,3,2,4,5,5,5,5,5,4,5,4,0,0,TRUE
Male,Loyal Customer,59,Business Travel,Business,1979,3,3,4,3,4,4,4,3,3,3,3,4,4,3.46,0,1,TRUE
Male,Loyal Customer,37,Business Travel,Eco Plus,1075,1,2,2,2,1,2,1,1,2,1,1,3,1,1.54,0,0,TRUE
Male,Loyal Customer,47,Business Travel,Business,101,2,3,3,3,3,4,4,1,1,1,2,4,3,2.62,0,0,FALSE
Male,Loyal Customer,57,Business Travel,Business,3070,2,2,2,2,5,4,4,4,4,4,4,5,4,3.54,0,0,TRUE
Male,Loyal Customer,21,Personal Travel,Eco,850,2,4,2,4,1,2,1,1,5,3,5,4,1,2.69,0,0,FALSE
Female,Loyal Customer,18,Personal Travel,Eco,134,2,4,2,4,5,2,5,5,2,4,3,3,5,3.54,0,0,FALSE
Female,Disloyal Customer,34,Business Travel,Eco,462,3,1,3,2,1,3,1,1,4,2,2,2,1,2,0,0,FALSE
Female,Loyal Customer,55,Personal Travel,Eco Plus,1916,4,4,5,3,5,2,4,5,5,5,2,1,2,3.62,0,0,FALSE
Male,Loyal Customer,37,Personal Travel,Eco,731,1,4,1,2,4,1,4,4,1,5,1,3,4,2.69,0,0,FALSE
Male,Loyal Customer,54,Business Travel,Eco,181,4,5,5,5,5,4,5,5,3,5,1,2,5,4.15,0,0,TRUE
Female,Loyal Customer,59,Business Travel,Business,3800,1,1,1,1,4,4,5,5,5,5,5,4,5,3.54,0,0,TRUE
Female,Loyal Customer,48,Business Travel,Business,541,2,2,2,2,2,4,5,5,5,5,5,5,4,3.69,0,0,TRUE
Male,Loyal Customer,61,Personal Travel,Eco,2288,1,2,1,3,1,1,1,1,1,3,3,2,1,1.62,0,0,FALSE
Female,Loyal Customer,52,Personal Travel,Eco,594,4,1,4,4,1,4,3,5,5,4,5,1,2,3.31,5,10,FALSE
Female,Loyal Customer,33,Business Travel,Eco,1626,5,2,4,4,5,5,5,5,3,3,5,3,5,4.15,32,29,TRUE
Female,Loyal Customer,43,Business Travel,Eco,916,4,5,2,2,1,5,1,4,4,4,4,3,1,3.08,6,0,TRUE
Female,Disloyal Customer,24,Business Travel,Eco,358,4,2,4,5,4,4,4,4,5,4,5,4,4,4.08,0,0,TRUE
Male,Loyal Customer,44,Business Travel,Business,3284,1,1,4,1,2,5,3,4,4,4,4,1,5,3,0,0,TRUE
Male,Loyal Customer,57,Business Travel,Business,1430,3,3,3,3,3,4,5,5,5,5,5,5,3,4,0,0,TRUE
Female,Loyal Customer,12,Personal Travel,Eco,1721,1,5,1,4,1,1,4,1,4,2,4,3,1,2.46,9,8,FALSE
Female,Loyal Customer,65,Personal Travel,Eco,451,4,4,4,3,4,1,5,5,5,4,5,3,5,4,0,0,TRUE
Female,Loyal Customer,54,Business Travel,Business,3654,4,5,3,5,4,4,4,4,4,4,4,3,1,3.77,25,19,FALSE
Male,Disloyal Customer,20,Business Travel,Business,214,2,1,2,2,4,2,3,4,4,1,2,4,4,2.69,0,0,FALSE
Female,Loyal Customer,56,Business Travel,Business,3885,4,4,5,4,5,5,5,4,4,4,4,3,3,4.15,8,3,TRUE
Male,Loyal Customer,56,Business Travel,Eco,199,3,5,5,5,3,3,3,3,2,3,3,3,3,3.38,0,0,FALSE
Female,Loyal Customer,49,Business Travel,Business,1910,4,4,3,4,4,5,5,4,4,4,4,3,3,3.92,0,0,TRUE
Female,Loyal Customer,42,Business Travel,Business,3789,4,4,4,4,5,4,5,3,3,3,3,3,3,3.69,9,7,TRUE
Male,Loyal Customer,8,Personal Travel,Eco,337,5,1,5,3,2,5,2,2,4,1,2,3,2,2.85,0,0,TRUE
Female,Loyal Customer,46,Business Travel,Eco,680,5,4,4,4,5,5,5,5,5,5,5,2,5,4.54,0,0,TRUE
Female,Loyal Customer,58,Business Travel,Business,2863,3,3,3,3,3,4,5,5,5,5,5,5,5,4.15,0,0,TRUE
Male,Loyal Customer,43,Business Travel,Business,1855,1,1,1,1,3,5,5,5,5,5,5,5,5,3.62,3,2,TRUE
Female,Loyal Customer,50,Personal Travel,Eco,484,3,0,3,4,2,5,4,2,2,3,2,4,5,3,3,0,FALSE
Female,Disloyal Customer,26,Business Travel,Eco,436,3,2,4,4,3,4,3,3,4,5,3,1,3,3.23,0,0,FALSE
Male,Loyal Customer,66,Personal Travel,Eco,486,3,0,3,3,3,3,3,3,4,2,4,3,3,2.85,48,38,FALSE
Female,Loyal Customer,49,Personal Travel,Eco,2018,5,4,5,3,5,4,4,4,4,5,5,5,5,4.46,0,0,TRUE
Male,Loyal Customer,58,Personal Travel,Eco,215,2,2,2,4,2,4,4,3,2,3,4,4,4,3.08,254,254,FALSE
Male,Loyal Customer,58,Business Travel,Business,2790,5,5,5,5,3,5,5,4,4,4,4,5,4,4.46,0,0,TRUE
Male,Loyal Customer,38,Business Travel,Business,1306,3,3,3,3,5,5,4,3,3,3,3,3,3,3.38,0,0,TRUE
Female,Disloyal Customer,43,Business Travel,Eco,528,1,0,1,4,4,1,4,4,3,2,5,3,4,2.77,43,51,FALSE
Female,Disloyal Customer,23,Business Travel,Eco,181,2,4,2,1,4,2,2,4,4,5,4,3,4,3.15,0,0,FALSE
Female,Disloyal Customer,41,Business Travel,Business,2182,1,1,1,4,5,1,5,5,5,3,5,4,5,3.46,3,16,FALSE
Male,Loyal Customer,47,Business Travel,Business,1871,5,5,5,5,5,5,5,4,4,4,4,5,5,4.69,0,0,TRUE
Female,Loyal Customer,68,Personal Travel,Eco Plus,1788,2,4,2,4,2,4,5,4,4,2,4,5,4,3.54,8,0,FALSE
Female,Disloyal Customer,44,Business Travel,Eco,1304,3,3,3,3,4,3,4,4,4,3,3,4,4,3.46,12,11,FALSE
Male,Loyal Customer,31,Personal Travel,Eco,163,3,4,3,3,3,3,3,3,3,4,4,3,3,3.23,0,1,FALSE
Female,Loyal Customer,49,Personal Travel,Eco,419,4,1,4,4,3,3,4,3,3,4,3,4,1,3.15,5,0,FALSE
Male,Loyal Customer,32,Personal Travel,Eco,618,3,5,3,2,5,3,5,5,3,2,4,4,5,3.77,0,0,FALSE
Female,Disloyal Customer,41,Business Travel,Business,342,5,5,5,4,2,5,2,2,5,2,5,5,2,3.77,27,19,TRUE
Female,Loyal Customer,40,Business Travel,Eco,919,3,1,1,1,3,3,3,3,1,2,4,2,3,2.31,15,15,FALSE
Female,Disloyal Customer,20,Business Travel,Eco,481,2,3,2,4,1,2,1,1,1,5,3,2,1,2.15,0,0,FALSE
Male,Loyal Customer,44,Business Travel,Business,1431,4,4,4,4,2,5,5,5,5,5,5,5,4,4.38,0,0,TRUE
Male,Loyal Customer,61,Business Travel,Eco,374,3,4,4,4,3,3,3,3,2,2,4,1,3,3,12,1,FALSE
Female,Loyal Customer,10,Personal Travel,Eco Plus,1504,1,4,1,4,4,1,1,4,3,5,4,5,4,3.15,0,0,FALSE
Male,Loyal Customer,39,Personal Travel,Business,689,4,4,4,1,3,5,4,2,2,4,2,3,5,3.31,0,0,FALSE
Female,Loyal Customer,61,Personal Travel,Eco,1746,4,3,4,4,1,4,3,3,3,4,4,2,2,3.15,0,,FALSE
Female,Loyal Customer,17,Personal Travel,Eco,961,4,5,5,4,1,5,1,1,5,5,4,5,1,3.54,84,65,FALSE
Female,Loyal Customer,60,Business Travel,Business,2080,0,4,0,3,2,4,5,4,4,4,5,3,5,3.31,2,0,TRUE
Male,Loyal Customer,49,Business Travel,Eco Plus,237,4,1,5,1,4,4,4,4,3,2,5,3,4,3.38,9,6,TRUE
Female,Loyal Customer,34,Personal Travel,Eco,1173,2,2,2,4,5,2,4,5,4,4,2,2,5,3.31,58,56,FALSE
Male,Loyal Customer,49,Business Travel,Business,122,1,3,3,3,2,3,4,4,4,4,1,4,3,3,0,0,FALSE
Female,Loyal Customer,39,Business Travel,Business,2092,2,2,2,2,2,4,4,5,5,5,5,4,5,3.62,9,0,TRUE
Female,Loyal Customer,47,Business Travel,Business,346,0,1,1,2,5,3,5,5,5,5,5,1,4,3.23,5,58,TRUE
Male,Loyal Customer,25,Business Travel,Business,2230,1,1,1,1,4,4,4,4,3,1,5,2,4,2.69,2,13,TRUE
Male,Loyal Customer,60,Business Travel,Eco,319,3,3,3,3,3,3,3,3,5,5,5,5,3,3.62,0,0,TRUE
Female,Disloyal Customer,25,Business Travel,Business,594,2,4,2,4,5,2,5,5,5,2,5,4,5,3.85,0,0,FALSE
Male,Loyal Customer,31,Business Travel,Business,3094,3,1,1,1,3,4,3,3,2,3,1,1,3,2.23,0,0,FALSE
Male,Loyal Customer,60,Business Travel,Business,3887,1,1,1,1,3,4,4,4,4,4,4,4,5,3.08,8,4,TRUE
Female,Loyal Customer,31,Business Travel,Business,2611,1,2,2,2,1,1,1,1,1,3,2,1,1,1.46,2,0,FALSE
Male,Loyal Customer,39,Personal Travel,Eco,569,4,4,4,2,4,4,4,4,4,2,4,5,4,3.77,0,0,FALSE
Male,Loyal Customer,47,Business Travel,Business,3071,5,5,5,5,5,5,4,5,5,4,5,5,4,4.77,0,2,TRUE
Female,Loyal Customer,55,Personal Travel,Eco,649,4,5,4,4,4,1,5,2,2,4,2,1,5,3.31,0,0,TRUE
Male,Loyal Customer,48,Business Travel,Business,951,2,2,3,2,3,4,4,4,4,4,4,3,3,3.23,0,5,TRUE
Male,Loyal Customer,25,Personal Travel,Eco Plus,1440,2,5,2,4,1,2,1,1,5,5,4,3,1,2.77,0,0,FALSE
Female,Loyal Customer,54,Business Travel,Business,1428,4,2,2,2,4,4,4,4,4,4,4,1,2,3.15,3,0,FALSE
Female,Loyal Customer,21,Personal Travel,Eco,421,2,4,2,4,2,2,2,2,3,2,2,4,2,2.54,0,0,FALSE
Female,Loyal Customer,40,Personal Travel,Eco,1105,2,5,2,2,3,2,3,3,2,5,2,2,3,2.77,3,24,FALSE
Male,Loyal Customer,56,Business Travel,Business,1730,4,4,4,4,5,5,5,3,3,4,3,4,3,3.92,1,0,TRUE
Female,Loyal Customer,47,Personal Travel,Eco,1142,3,3,3,1,5,1,4,2,2,3,1,3,2,2.54,0,10,FALSE
Female,Loyal Customer,67,Personal Travel,Eco,925,3,5,3,3,4,4,1,4,4,3,4,4,4,3.54,3,7,FALSE
Male,Loyal Customer,55,Business Travel,Business,3413,5,3,3,3,5,3,3,5,5,4,5,1,2,3.62,0,4,FALSE
Female,Loyal Customer,33,Business Travel,Business,1936,2,2,2,2,4,4,1,4,4,4,4,2,1,2.77,0,0,TRUE
Female,Disloyal Customer,31,Business Travel,Eco,946,2,2,2,3,2,2,2,2,4,3,4,2,2,2.46,0,0,FALSE
Female,Loyal Customer,44,Business Travel,Eco,304,2,1,1,1,5,5,3,2,2,2,2,5,3,2.62,0,0,TRUE
Female,Loyal Customer,26,Business Travel,Business,1720,2,2,2,2,2,2,2,2,5,3,4,3,2,2.54,34,38,TRUE
Male,Loyal Customer,10,Personal Travel,Eco,775,1,2,1,3,3,1,3,3,4,5,4,1,3,2.62,0,4,FALSE
Female,Loyal Customer,52,Personal Travel,Eco,867,2,4,2,3,4,5,4,4,4,2,4,4,5,3.62,0,0,FALSE
Male,Disloyal Customer,28,Business Travel,Business,1009,3,3,3,4,4,3,4,4,5,5,4,4,4,3.85,0,0,FALSE
Female,Loyal Customer,63,Personal Travel,Eco,356,0,5,0,2,0,5,5,5,3,5,5,5,5,3.46,178,163,TRUE
Female,Loyal Customer,48,Business Travel,Business,2329,1,1,1,1,5,5,5,5,5,3,5,5,5,3.62,2,0,TRUE
Female,Loyal Customer,39,Personal Travel,Eco,689,1,4,1,4,3,1,3,3,4,4,5,5,3,3.15,24,22,FALSE
Female,Loyal Customer,8,Personal Travel,Eco,189,5,4,0,4,3,0,1,3,4,2,5,4,3,2.92,0,0,TRUE
Female,Loyal Customer,41,Business Travel,Business,258,2,1,1,1,5,3,2,2,2,2,2,4,2,2.23,30,13,FALSE
Male,Loyal Customer,57,Business Travel,Eco,266,5,3,3,3,5,5,5,5,3,4,5,3,5,4.15,0,6,TRUE
Male,Loyal Customer,57,Business Travel,Business,420,4,3,2,3,2,3,3,4,4,4,4,2,2,3.08,46,43,FALSE
Male,Loyal Customer,40,Business Travel,Business,3569,2,2,2,2,3,4,4,5,5,5,5,5,4,3.69,90,92,TRUE
Male,Loyal Customer,59,Business Travel,Business,549,3,3,3,3,4,4,4,5,5,5,5,3,3,3.85,0,28,TRUE
Female,Loyal Customer,29,Business Travel,Business,345,3,3,4,3,4,4,4,4,4,4,5,4,4,3.85,0,0,TRUE
Male,Loyal Customer,46,Business Travel,Business,2104,2,2,2,2,2,4,4,5,5,5,5,3,5,3.54,0,0,TRUE
Male,Disloyal Customer,25,Business Travel,Business,651,3,5,2,3,2,2,2,2,5,5,5,3,2,3.15,0,0,FALSE
Female,Loyal Customer,49,Business Travel,Eco Plus,1028,2,1,1,1,5,4,3,2,2,2,2,4,3,2.46,0,0,FALSE
Female,Loyal Customer,38,Business Travel,Business,2480,1,2,2,2,4,3,3,1,1,2,1,4,4,2.31,0,0,FALSE
Female,Loyal Customer,29,Business Travel,Eco Plus,802,4,3,2,2,4,3,4,4,4,3,3,1,4,3.15,0,0,FALSE
Male,Loyal Customer,57,Business Travel,Business,964,1,1,1,1,4,5,5,3,3,3,3,3,3,2.77,14,14,TRUE
Female,Loyal Customer,57,Business Travel,Business,107,2,2,2,2,4,1,5,4,4,4,3,3,2,2.92,0,0,TRUE
Female,Loyal Customer,10,Business Travel,Business,689,4,5,5,5,4,4,4,4,4,3,3,4,4,4.08,0,0,FALSE
Male,Disloyal Customer,64,Business Travel,Business,229,3,3,3,4,1,3,1,1,2,1,4,1,1,2.15,0,0,FALSE
Female,Disloyal Customer,23,Business Travel,Eco,337,2,0,2,3,5,2,3,5,4,3,5,3,5,3.23,0,0,FALSE
Male,Loyal Customer,45,Business Travel,Business,1768,5,5,5,5,2,4,5,5,5,5,5,4,5,4.62,13,0,TRUE
Male,Loyal Customer,42,Business Travel,Business,630,3,2,4,4,5,3,3,3,3,4,3,3,4,3.38,9,0,FALSE
Female,Loyal Customer,52,Business Travel,Eco Plus,436,5,5,5,5,1,1,4,5,5,5,5,2,3,3.92,6,16,TRUE
Male,Loyal Customer,45,Business Travel,Eco,430,3,3,3,3,3,3,3,3,4,3,4,1,3,3,0,0,TRUE
Male,Loyal Customer,63,Business Travel,Business,192,4,5,5,5,2,4,3,1,1,1,4,1,4,3.08,12,14,FALSE
Female,Loyal Customer,59,Business Travel,Business,3297,0,0,0,5,5,5,5,2,2,2,2,3,5,2.77,0,0,TRUE
Female,Disloyal Customer,38,Business Travel,Eco,77,3,4,3,4,2,3,2,2,3,3,3,1,2,2.69,0,0,FALSE
Female,Loyal Customer,40,Personal Travel,Eco,644,2,5,2,3,4,2,4,4,4,4,4,4,4,3.54,13,0,FALSE
Female,Loyal Customer,48,Business Travel,Business,240,1,1,1,1,4,5,4,5,5,5,5,3,5,3.46,0,0,TRUE
Male,Loyal Customer,44,Business Travel,Eco,416,4,5,5,5,4,4,4,4,4,4,3,3,4,4.08,1,0,TRUE
Female,Disloyal Customer,22,Business Travel,Eco Plus,770,2,5,1,4,2,1,2,2,2,5,5,1,2,2.62,0,29,FALSE
Female,Loyal Customer,46,Personal Travel,Eco,488,2,4,2,4,2,3,5,4,4,2,4,5,4,3.46,49,43,FALSE
Male,Loyal Customer,59,Business Travel,Eco,919,2,1,1,1,2,2,2,2,2,1,1,3,2,1.69,0,0,FALSE
Male,Loyal Customer,28,Business Travel,Business,1723,4,4,2,4,5,5,5,5,5,3,4,4,5,4.23,0,0,TRUE
Male,Loyal Customer,28,Personal Travel,Eco,466,3,4,3,1,2,3,2,2,5,2,5,3,2,2.85,72,88,FALSE
Male,Loyal Customer,23,Business Travel,Business,733,2,2,3,2,2,2,2,2,4,4,1,3,2,2.38,0,0,FALSE
Male,Loyal Customer,44,Business Travel,Eco,351,5,5,5,5,5,5,5,5,4,1,1,3,5,4.15,45,32,TRUE
Female,Loyal Customer,26,Personal Travel,Eco,214,3,1,3,4,3,3,3,3,2,2,4,4,3,2.92,0,7,FALSE
Male,Loyal Customer,48,Personal Travel,Business,726,1,1,1,4,1,4,3,1,1,1,1,4,1,1.85,0,13,FALSE
Male,Loyal Customer,17,Personal Travel,Eco,862,3,5,3,2,4,3,4,4,5,4,5,3,4,3.77,10,30,FALSE
Female,Loyal Customer,29,Business Travel,Eco Plus,1246,4,1,1,1,3,4,4,2,2,4,3,4,4,2.85,186,173,FALSE
Male,Loyal Customer,30,Personal Travel,Eco,925,3,5,3,4,2,3,5,2,3,2,5,4,2,3.31,2,0,FALSE
Female,Loyal Customer,45,Business Travel,Business,2836,2,2,4,2,5,1,1,4,4,4,4,5,5,3.31,0,0,TRUE
Male,Loyal Customer,31,Personal Travel,Eco Plus,986,2,4,3,2,3,3,3,3,4,4,5,5,3,3.38,0,0,FALSE
Female,Disloyal Customer,26,Business Travel,Business,696,4,4,4,1,5,4,5,5,5,4,5,5,5,4.31,1,0,FALSE
Male,Loyal Customer,58,Business Travel,Business,3101,5,5,5,5,3,4,4,4,4,4,4,5,3,4.23,3,8,TRUE
Female,Loyal Customer,30,Business Travel,Business,109,0,3,0,4,4,5,5,4,2,4,4,1,4,3.08,0,0,TRUE
Female,Loyal Customer,30,Business Travel,Business,3998,3,3,3,3,4,4,4,4,4,4,1,2,4,3.31,0,0,TRUE
Male,Loyal Customer,64,Personal Travel,Eco,868,5,4,5,4,3,5,3,3,3,3,3,2,3,3.54,0,0,TRUE
Male,Loyal Customer,47,Business Travel,Business,1562,3,3,3,3,4,4,4,3,4,5,4,4,4,3.69,188,194,TRUE
Female,Loyal Customer,27,Business Travel,Business,3539,3,5,5,5,3,3,3,3,2,4,2,4,3,3.46,0,0,FALSE
Female,Loyal Customer,26,Personal Travel,Eco,328,1,5,1,4,5,1,5,5,5,5,5,3,5,3.85,13,27,FALSE
Male,Loyal Customer,30,Business Travel,Eco,811,4,2,4,2,4,4,4,4,2,4,3,1,4,3.23,0,0,FALSE
Male,Loyal Customer,21,Personal Travel,Eco,338,3,5,3,2,3,3,3,3,2,1,1,5,3,2.85,24,24,FALSE
Male,Loyal Customer,23,Personal Travel,Eco,220,2,3,2,2,1,2,1,1,4,5,5,5,1,2.62,9,0,FALSE
Male,Loyal Customer,41,Personal Travel,Eco,216,4,0,4,1,3,4,4,3,3,4,3,3,3,3,25,20,FALSE
Male,Loyal Customer,15,Personal Travel,Eco Plus,262,3,2,3,4,4,3,4,4,2,4,4,4,4,3.46,3,3,FALSE
Female,Loyal Customer,29,Personal Travel,Eco,2565,2,3,2,3,2,2,2,2,1,4,4,1,2,2.31,13,0,FALSE
Female,Loyal Customer,31,Business Travel,Business,3971,3,3,3,3,5,5,5,5,5,2,5,4,5,4.08,0,5,TRUE
Male,Loyal Customer,55,Business Travel,Business,2062,3,3,3,3,2,5,5,4,4,4,4,4,5,3.77,40,45,TRUE
Female,Loyal Customer,8,Personal Travel,Eco,1033,2,1,2,3,4,2,4,4,2,1,4,3,4,2.77,0,0,FALSE
Female,Disloyal Customer,24,Business Travel,Business,1235,0,1,0,4,5,0,5,5,4,5,4,3,5,3.15,0,0,TRUE
Male,Loyal Customer,65,Personal Travel,Eco Plus,429,3,1,3,4,5,3,5,5,3,3,3,2,5,3.46,0,0,FALSE
Male,Loyal Customer,47,Business Travel,Business,3207,2,3,3,3,1,4,4,2,2,2,2,3,4,2.69,27,19,FALSE
Male,Loyal Customer,58,Personal Travel,Business,158,2,4,2,3,2,4,5,2,2,2,2,3,4,2.85,0,0,FALSE
Male,Loyal Customer,22,Business Travel,Business,2083,4,4,4,4,4,4,4,4,3,5,4,4,4,4,5,0,TRUE
Male,Loyal Customer,22,Business Travel,Eco,696,5,2,2,2,5,5,4,5,2,1,1,4,5,3.31,26,22,TRUE
Female,Loyal Customer,48,Business Travel,Business,2987,4,5,5,5,5,3,2,4,4,4,4,1,2,3.69,0,0,FALSE
Female,Loyal Customer,53,Business Travel,Business,2586,5,5,5,5,4,5,5,5,4,4,5,5,5,4.77,0,0,TRUE
Female,Loyal Customer,25,Personal Travel,Business,268,2,0,2,5,3,2,3,3,5,4,5,3,3,3.08,118,115,FALSE
Female,Loyal Customer,59,Business Travel,Business,3598,4,4,2,4,4,3,5,5,5,5,5,1,1,3.69,0,0,TRUE
Male,Loyal Customer,60,Business Travel,Business,345,2,2,2,2,4,4,4,4,4,4,4,4,4,3.38,14,7,TRUE
Female,Loyal Customer,55,Business Travel,Business,1258,5,5,5,5,3,4,4,5,5,5,5,5,5,4.69,0,6,TRUE
Male,Loyal Customer,48,Personal Travel,Eco,1076,1,5,1,4,2,1,2,2,3,4,5,3,2,2.69,0,0,FALSE
Male,Loyal Customer,43,Business Travel,Business,453,3,3,3,3,4,5,5,3,3,3,3,5,5,3.69,0,8,TRUE
Male,Disloyal Customer,22,Business Travel,Eco,816,2,2,2,3,1,2,1,1,3,5,5,4,1,2.46,0,0,FALSE
Female,Loyal Customer,9,Personal Travel,Eco,371,1,1,1,4,4,1,4,4,1,3,3,4,4,2.69,49,38,FALSE
Female,Disloyal Customer,23,Business Travel,Eco,657,5,5,5,3,3,5,3,3,4,3,4,3,3,3.77,40,32,TRUE
Male,Loyal Customer,53,Business Travel,Business,2121,1,1,1,1,3,5,1,5,5,5,5,2,3,2.92,0,0,TRUE
Male,Disloyal Customer,47,Business Travel,Eco,116,1,4,2,2,4,2,4,4,3,2,3,2,4,2.85,0,0,FALSE
Male,Disloyal Customer,17,Business Travel,Eco,794,2,2,2,3,5,2,5,5,3,1,3,3,5,3.15,8,0,FALSE
Male,Loyal Customer,46,Business Travel,Business,376,4,4,4,4,3,4,1,3,3,3,3,5,5,3.54,0,0,TRUE
Male,Disloyal Customer,24,Business Travel,Eco,430,4,5,4,3,1,4,1,1,1,3,4,3,1,2.69,0,0,FALSE
Female,Disloyal Customer,49,Business Travel,Business,296,4,4,4,1,4,4,4,4,5,5,4,5,4,4,12,17,TRUE
Male,Loyal Customer,11,Personal Travel,Business,472,4,4,4,3,5,4,5,5,4,2,1,2,5,3.69,0,0,TRUE
Male,Loyal Customer,52,Business Travel,Business,447,4,4,3,4,4,5,4,5,5,4,5,4,5,4.31,0,3,TRUE
Male,Disloyal Customer,24,Business Travel,Eco,132,3,0,3,2,3,3,3,3,4,3,2,4,3,2.77,0,3,FALSE
Male,Loyal Customer,39,Personal Travel,Eco,679,4,3,4,3,1,4,1,1,2,5,5,1,1,2.69,11,0,FALSE
Male,Loyal Customer,56,Business Travel,Business,1892,2,2,2,2,4,4,5,4,4,4,4,4,4,3.46,0,0,TRUE
Male,Loyal Customer,57,Business Travel,Business,2242,3,3,3,3,2,4,4,3,3,3,3,5,3,3.23,4,0,TRUE
Female,Loyal Customer,35,Business Travel,Business,980,2,2,2,2,2,5,5,5,5,5,5,4,3,3.62,2,9,TRUE
Female,Loyal Customer,50,Business Travel,Business,2673,2,2,2,2,3,5,4,5,5,5,5,5,3,3.69,0,0,TRUE
Male,Disloyal Customer,60,Business Travel,Business,1117,2,1,1,4,2,3,3,5,3,5,5,3,3,3.08,196,206,FALSE
Male,Loyal Customer,47,Business Travel,Business,2602,4,4,4,4,5,5,4,5,5,5,5,5,5,4.62,12,39,TRUE
Female,Loyal Customer,32,Business Travel,Business,2494,5,5,5,5,5,5,5,5,3,4,4,4,5,4.62,11,2,TRUE
Male,Loyal Customer,37,Business Travel,Business,1933,1,5,1,1,2,5,4,5,5,5,5,4,4,3.62,0,0,TRUE
Male,Loyal Customer,41,Business Travel,Business,2081,1,4,4,4,2,3,3,1,1,1,1,2,2,2.23,12,38,FALSE
Female,Loyal Customer,30,Business Travel,Eco Plus,657,3,1,1,1,5,5,5,5,4,2,5,1,5,3.31,85,74,TRUE
Male,Disloyal Customer,19,Business Travel,Eco,153,2,2,2,3,5,2,5,5,4,1,3,1,5,3.08,76,79,FALSE
Male,Loyal Customer,60,Personal Travel,Eco,4502,2,2,2,3,2,4,4,2,1,5,4,4,4,3,28,0,FALSE
Male,Disloyal Customer,21,Business Travel,Eco,462,4,0,4,4,1,4,1,1,3,5,5,5,1,2.92,11,9,TRUE
Female,Disloyal Customer,35,Business Travel,Eco,507,1,1,1,3,5,1,5,5,4,2,3,2,5,2.92,0,0,FALSE
Female,Loyal Customer,70,Personal Travel,Eco Plus,134,1,1,0,1,4,1,2,3,3,0,5,4,1,2,0,0,FALSE
Male,Loyal Customer,55,Business Travel,Business,2442,5,5,2,5,1,4,3,4,4,4,4,4,4,3.77,14,7,TRUE
Male,Disloyal Customer,34,Business Travel,Business,302,3,3,3,3,4,3,3,4,5,4,4,3,4,3.54,0,0,FALSE
Male,Loyal Customer,10,Personal Travel,Eco,132,2,5,2,2,4,2,4,4,4,3,4,3,4,3.31,0,0,FALSE
Female,Loyal Customer,7,Personal Travel,Eco,557,3,5,3,2,3,3,3,3,1,1,1,4,3,2.69,0,0,FALSE
Male,Loyal Customer,39,Business Travel,Business,551,1,1,1,1,2,5,5,4,4,4,4,4,4,3.08,4,8,TRUE
Male,Loyal Customer,24,Personal Travel,Business,402,3,4,3,3,3,3,3,3,4,2,4,4,3,3.23,0,0,FALSE
Male,Loyal Customer,60,Business Travel,Eco,954,3,5,5,5,3,3,3,3,4,3,5,1,3,3.54,0,0,TRUE
Male,Loyal Customer,42,Business Travel,Eco,927,4,3,3,3,4,4,4,4,3,1,3,4,4,3.38,12,21,TRUE
Female,Loyal Customer,7,Personal Travel,Eco,834,2,5,2,4,2,2,2,2,3,2,4,4,2,2.77,1,0,FALSE
Male,Loyal Customer,50,Business Travel,Business,2708,3,3,2,3,5,5,5,5,5,5,5,3,5,4.15,14,8,TRUE
Female,Disloyal Customer,26,Business Travel,Business,1055,3,3,3,3,2,3,2,2,3,3,4,5,2,2.92,1,0,FALSE
Male,Loyal Customer,69,Personal Travel,Eco,363,3,5,3,5,5,3,5,5,5,2,4,3,5,4.08,0,0,FALSE
Female,Loyal Customer,35,Business Travel,Business,1728,5,5,5,5,3,3,3,4,5,3,2,3,3,3.77,137,120,TRUE
Male,Loyal Customer,53,Business Travel,Eco,843,5,5,5,5,5,5,5,5,2,4,1,3,5,4.23,0,4,TRUE
Female,Loyal Customer,46,Business Travel,Business,1576,3,3,3,3,3,4,2,4,4,4,4,1,3,3.15,0,36,TRUE
Female,Loyal Customer,51,Business Travel,Business,3967,3,1,1,1,2,3,3,3,3,3,3,2,4,2.46,0,21,FALSE
Male,Loyal Customer,14,Business Travel,Business,845,4,1,1,1,4,4,4,4,2,3,4,4,4,3.08,183,173,FALSE
Male,Loyal Customer,13,Personal Travel,Eco,473,1,5,4,2,1,4,4,1,5,3,2,4,1,2.85,0,0,FALSE
Male,Loyal Customer,51,Business Travel,Business,1927,2,2,2,2,2,5,5,4,4,4,4,4,4,3.38,38,12,TRUE
Male,Loyal Customer,36,Personal Travel,Eco,308,2,5,2,2,4,2,4,4,3,5,4,5,4,3.54,0,0,FALSE
Male,Loyal Customer,31,Business Travel,Business,2817,3,3,3,3,4,4,4,4,5,4,4,3,4,3.69,0,0,TRUE
Male,Loyal Customer,59,Business Travel,Eco,576,4,1,1,1,4,4,4,4,4,1,3,4,4,3,20,11,TRUE
Male,Loyal Customer,68,Personal Travel,Eco,721,2,5,3,3,2,3,2,2,5,4,4,3,2,3.08,0,0,FALSE
Male,Loyal Customer,30,Business Travel,Business,2059,2,2,2,2,4,4,4,4,3,3,4,4,4,3.23,57,65,TRUE
Male,Loyal Customer,65,Personal Travel,Eco,426,4,4,4,2,2,4,1,2,4,5,4,3,2,3.15,0,5,FALSE
Female,Loyal Customer,70,Personal Travel,Eco,116,3,2,0,3,3,3,2,2,2,0,2,4,1,2.08,0,4,FALSE
Male,Loyal Customer,64,Personal Travel,Eco Plus,748,2,4,2,1,4,2,4,4,4,5,5,3,4,3.38,0,0,FALSE
Male,Loyal Customer,59,Business Travel,Business,2652,1,1,1,1,5,3,3,1,1,1,1,4,4,2.08,0,0,FALSE
Male,Loyal Customer,23,Business Travel,Eco,679,2,1,4,4,2,2,3,2,1,4,2,3,2,2.46,0,0,FALSE
Male,Loyal Customer,25,Personal Travel,Eco,369,4,4,4,2,4,4,4,4,3,4,4,2,4,3.62,0,0,FALSE
Male,Loyal Customer,16,Business Travel,Business,3963,1,1,1,1,4,4,4,4,3,2,5,5,4,3,3,3,TRUE
Female,Loyal Customer,39,Business Travel,Business,1962,3,3,3,3,3,5,5,5,5,5,5,4,4,4.08,0,0,TRUE
Male,Loyal Customer,16,Personal Travel,Eco,873,2,0,2,2,5,2,5,5,3,5,4,5,5,3.46,0,11,FALSE
Male,Loyal Customer,45,Personal Travel,Eco,501,1,3,1,4,4,1,4,4,3,3,3,5,4,3.08,116,86,FALSE
Male,Disloyal Customer,19,Business Travel,Eco Plus,196,4,2,4,4,2,4,2,2,4,5,3,3,2,3.15,21,10,FALSE
Male,Loyal Customer,47,Business Travel,Business,3018,4,4,4,4,2,5,4,3,3,3,3,5,5,3.77,0,0,TRUE
Male,Loyal Customer,25,Personal Travel,Eco,1440,4,5,4,4,3,4,4,3,3,3,4,4,3,3.69,0,0,TRUE
Female,Disloyal Customer,56,Business Travel,Eco,226,3,0,3,4,4,3,1,4,4,1,3,3,4,2.85,96,109,FALSE
Male,Loyal Customer,47,Personal Travel,Eco,366,1,2,1,3,5,1,5,5,1,2,4,3,5,2.92,0,0,FALSE
Female,Loyal Customer,41,Personal Travel,Eco Plus,140,2,5,0,2,4,2,2,3,3,0,3,1,2,2.23,0,0,FALSE
Male,Loyal Customer,61,Personal Travel,Eco,354,2,5,2,3,3,2,3,3,3,2,5,5,3,3.15,0,5,FALSE
Male,Loyal Customer,40,Business Travel,Eco,667,5,5,5,5,5,5,5,5,4,5,2,5,5,4.69,0,3,TRUE
Male,Loyal Customer,64,Personal Travel,Eco,481,3,4,3,3,4,3,4,4,3,1,1,5,4,3.23,0,0,FALSE
Male,Disloyal Customer,19,Business Travel,Business,351,3,4,3,4,5,3,4,5,3,4,4,3,5,3.85,0,0,FALSE
Male,Loyal Customer,41,Business Travel,Business,3077,2,2,5,2,2,5,1,5,5,5,5,1,2,3.23,6,0,TRUE
Male,Loyal Customer,44,Business Travel,Business,2828,3,3,3,3,3,5,4,5,5,5,5,2,1,3.62,0,11,TRUE
Male,Loyal Customer,59,Business Travel,Eco Plus,442,3,4,4,4,3,3,3,3,3,2,4,3,3,3.23,0,0,FALSE
Female,Loyal Customer,21,Business Travel,Business,3735,2,5,5,5,2,3,2,2,2,4,4,4,2,3.23,0,7,FALSE
Male,Disloyal Customer,29,Business Travel,Business,1095,5,5,5,3,4,5,4,4,4,3,5,4,4,4.23,0,0,TRUE
Female,Loyal Customer,14,Personal Travel,Eco Plus,102,1,1,1,2,4,1,4,4,2,5,2,2,4,2.54,0,0,FALSE
Female,Loyal Customer,62,Personal Travel,Eco,261,2,5,2,2,4,2,1,4,4,2,4,4,5,3.15,0,0,FALSE
Male,Loyal Customer,60,Business Travel,Business,3535,1,1,2,1,5,4,1,5,5,5,5,1,2,2.92,0,0,TRUE
Female,Loyal Customer,7,Personal Travel,Eco,762,3,2,3,3,5,3,5,5,1,2,4,4,5,3.46,0,0,FALSE
Male,Loyal Customer,26,Personal Travel,Business,1199,3,5,3,1,1,3,1,1,1,1,5,3,1,2.23,9,17,FALSE
Female,Disloyal Customer,29,Business Travel,Business,1363,5,5,5,2,2,5,2,2,4,4,4,4,2,3.54,0,0,TRUE
Female,Loyal Customer,39,Business Travel,Eco Plus,896,4,2,2,2,4,4,4,4,2,4,2,1,4,3,0,0,TRUE
Male,Loyal Customer,46,Personal Travel,Eco,425,4,3,4,3,1,4,1,1,3,5,4,4,1,2.92,0,0,TRUE
Male,Loyal Customer,47,Personal Travel,Eco,605,1,5,1,3,2,1,2,2,4,4,4,4,2,2.69,0,0,FALSE
Female,Loyal Customer,50,Business Travel,Business,2267,3,2,2,2,3,2,1,3,3,3,3,3,4,2.62,3,0,FALSE
Female,Loyal Customer,66,Personal Travel,Eco,406,2,4,2,5,4,4,5,3,3,2,3,4,3,3.38,0,0,FALSE
Female,Loyal Customer,31,Business Travel,Business,1173,4,4,4,4,4,4,4,4,3,3,4,3,4,3.77,18,12,TRUE
Male,Loyal Customer,42,Personal Travel,Eco,187,4,4,0,1,3,0,3,3,4,2,4,4,3,2.69,4,0,FALSE
Female,Loyal Customer,42,Business Travel,Business,468,5,5,5,5,4,4,4,5,5,5,5,3,4,4.54,0,0,TRUE
Male,Disloyal Customer,38,Business Travel,Eco,101,1,5,1,5,3,1,3,3,4,3,5,1,3,2.92,0,0,FALSE
Male,Loyal Customer,44,Business Travel,Business,3139,5,5,5,5,5,4,5,5,5,5,5,3,5,4.77,7,0,TRUE
Male,Loyal Customer,52,Personal Travel,Eco,354,1,4,1,4,3,1,1,3,4,2,4,4,3,2.69,0,9,FALSE
Female,Loyal Customer,57,Personal Travel,Eco,190,4,5,0,1,3,4,4,5,5,0,5,5,3,3.38,27,25,FALSE
Female,Loyal Customer,49,Business Travel,Business,2362,2,2,4,2,5,5,5,4,4,4,4,5,4,3.85,3,11,TRUE
Male,Loyal Customer,45,Business Travel,Business,273,0,0,0,4,3,5,5,2,2,2,2,3,4,2.46,1,0,TRUE
Male,Loyal Customer,46,Personal Travel,Eco,409,3,4,3,2,3,3,3,3,3,4,5,4,3,3.31,7,0,FALSE
Male,Loyal Customer,40,Business Travel,Business,226,0,0,0,2,3,5,5,3,3,1,1,5,4,2.46,0,0,TRUE
Female,Loyal Customer,35,Personal Travel,Eco,290,1,4,1,1,2,1,2,2,3,5,4,4,2,2.46,8,0,FALSE
Male,Loyal Customer,53,Business Travel,Business,522,2,2,2,2,3,5,4,2,2,2,2,3,5,2.77,12,0,TRUE
Male,Loyal Customer,13,Business Travel,Business,2329,5,5,5,5,4,4,4,4,3,2,5,3,4,4.08,1,0,TRUE
Female,Loyal Customer,40,Business Travel,Business,3314,4,4,4,4,2,5,4,4,4,4,4,3,3,3.77,0,0,TRUE
Male,Disloyal Customer,40,Business Travel,Business,119,1,1,1,3,5,1,5,5,4,3,3,3,5,3.08,20,20,FALSE
Male,Loyal Customer,58,Business Travel,Business,1050,2,2,2,2,5,5,5,4,4,4,4,3,3,3.46,17,110,TRUE
Male,Loyal Customer,43,Personal Travel,Eco,843,3,5,3,1,1,3,1,1,3,2,4,5,1,2.54,31,40,FALSE
Male,Disloyal Customer,38,Business Travel,Business,247,5,5,5,2,1,5,1,1,4,2,4,5,1,3.15,87,76,TRUE
Female,Disloyal Customer,18,Business Travel,Eco,1089,4,4,4,3,2,4,2,2,5,4,4,4,2,3.38,0,0,TRUE
Female,Loyal Customer,35,Business Travel,Business,762,2,1,1,1,3,4,3,2,2,2,2,4,1,2.15,0,0,FALSE
Female,Loyal Customer,27,Personal Travel,Eco,2565,1,4,1,4,2,1,2,2,3,2,5,1,2,2.31,28,0,FALSE
Female,Disloyal Customer,40,Business Travel,Business,649,2,2,2,3,4,2,4,4,3,5,4,5,4,3.38,21,11,FALSE
Female,Disloyal Customer,25,Business Travel,Eco,842,3,3,3,2,1,3,1,1,2,5,4,5,1,2.62,2,0,FALSE
Female,Loyal Customer,29,Business Travel,Business,964,1,1,1,1,5,5,5,5,3,4,4,5,5,3.46,10,0,TRUE
Male,Loyal Customer,70,Personal Travel,Eco,237,1,5,1,1,1,1,1,1,4,5,4,4,1,2.31,17,15,FALSE
Female,Loyal Customer,37,Business Travel,Eco,160,5,4,4,4,5,5,5,5,3,2,4,3,5,4.15,0,0,TRUE
Female,Disloyal Customer,26,Business Travel,Eco,600,3,2,2,3,4,2,4,4,1,5,3,3,4,3.08,0,0,FALSE
Male,Loyal Customer,54,Business Travel,Eco Plus,1773,4,5,1,1,4,4,4,4,2,4,3,2,4,3.23,5,11,FALSE
Female,Loyal Customer,62,Business Travel,Business,297,3,5,5,5,2,3,3,3,3,2,3,3,4,3.38,50,39,FALSE
Male,Loyal Customer,47,Business Travel,Business,405,5,5,5,5,2,4,4,4,4,4,4,4,4,4.15,6,7,TRUE
Male,Loyal Customer,39,Personal Travel,Eco,882,4,1,4,2,4,4,1,4,2,2,2,1,4,2.69,2,0,TRUE
Female,Loyal Customer,34,Business Travel,Eco Plus,214,4,2,5,5,4,4,4,4,4,5,5,1,4,3.92,0,0,TRUE
Female,Loyal Customer,23,Personal Travel,Eco,671,3,5,3,4,5,3,5,5,3,2,4,5,5,4,0,8,FALSE
Female,Loyal Customer,60,Business Travel,Eco,291,2,2,2,2,1,2,1,2,2,2,2,3,3,2,50,43,FALSE
Female,Disloyal Customer,35,Business Travel,Eco,89,2,0,1,2,2,1,2,2,2,4,2,3,2,1.92,0,0,FALSE
Male,Loyal Customer,20,Personal Travel,Eco,2248,5,5,5,4,2,5,5,2,5,5,5,5,2,4.23,0,0,TRUE
Male,Loyal Customer,43,Business Travel,Business,192,0,5,0,2,5,2,1,3,3,3,3,5,2,2.62,89,81,TRUE
Female,Loyal Customer,28,Personal Travel,Eco,238,2,5,2,5,2,2,2,2,4,4,5,3,2,3.08,0,0,FALSE
Female,Loyal Customer,35,Business Travel,Business,1909,4,4,4,4,4,4,4,3,3,3,3,4,4,3.69,0,0,TRUE
Female,Loyal Customer,32,Business Travel,Eco,102,4,1,1,1,4,4,4,4,3,1,3,5,4,3,0,0,TRUE
Male,Loyal Customer,56,Business Travel,Business,236,2,2,2,2,5,4,5,5,5,5,5,3,5,3.85,0,0,TRUE
Male,Loyal Customer,32,Business Travel,Business,2092,5,5,5,5,4,4,4,4,5,2,4,4,4,4.23,4,0,TRUE
Male,Disloyal Customer,24,Business Travel,Eco,293,2,4,2,3,1,2,1,1,4,1,4,4,1,2.31,26,26,FALSE
Male,Loyal Customer,49,Personal Travel,Eco,961,2,4,2,4,2,4,4,3,2,4,5,4,4,3.38,343,338,FALSE
Female,Loyal Customer,26,Personal Travel,Eco,836,4,4,5,4,5,5,5,5,5,4,5,1,5,4.38,51,38,FALSE
Female,Loyal Customer,45,Business Travel,Business,710,3,3,3,3,3,4,4,4,4,4,4,3,3,3.46,0,0,TRUE
Female,Loyal Customer,34,Business Travel,Business,3287,2,2,2,2,3,5,4,4,4,4,4,5,4,3.46,0,0,TRUE
Female,Loyal Customer,47,Personal Travel,Business,452,1,5,1,3,1,3,3,5,3,5,5,3,3,3.15,210,192,FALSE
Female,Loyal Customer,34,Business Travel,Business,2562,3,3,3,3,2,5,5,5,5,5,5,4,2,3.85,0,0,TRUE
Male,Loyal Customer,33,Personal Travel,Eco,1044,3,3,3,4,5,3,4,5,4,3,3,5,5,3.85,0,17,FALSE
Male,Loyal Customer,30,Business Travel,Business,436,5,2,2,2,5,4,5,5,4,1,3,3,5,3.54,0,11,FALSE
Male,Loyal Customer,55,Personal Travel,Eco,447,2,5,2,2,2,2,4,2,4,5,4,3,2,3,29,24,FALSE
Female,Loyal Customer,64,Personal Travel,Eco,1749,3,3,3,4,3,4,3,5,5,3,1,3,3,3.31,37,24,FALSE
Female,Loyal Customer,36,Business Travel,Eco,369,2,2,2,2,2,2,2,2,3,3,3,1,2,2.15,0,0,FALSE
Female,Loyal Customer,31,Personal Travel,Eco,674,5,5,5,3,2,5,2,2,5,4,4,4,2,3.69,88,66,TRUE
Female,Loyal Customer,63,Business Travel,Business,2703,3,3,3,3,3,5,4,5,5,5,5,5,4,4.08,0,0,TRUE
Female,Loyal Customer,35,Business Travel,Eco,1372,3,4,4,4,3,3,3,3,1,5,4,3,3,3.31,0,0,TRUE
Male,Loyal Customer,22,Business Travel,Business,3581,4,4,4,4,5,5,5,5,5,2,4,3,5,4.23,4,0,TRUE
Male,Loyal Customer,65,Personal Travel,Eco,163,4,5,4,4,5,4,5,5,4,4,5,5,5,4.54,11,13,FALSE
Female,Loyal Customer,36,Personal Travel,Eco,89,1,4,1,3,3,1,3,3,3,2,4,5,3,2.77,0,0,FALSE
Female,Loyal Customer,30,Personal Travel,Eco,328,4,4,4,4,4,4,4,4,4,3,3,5,4,3.92,0,0,FALSE
Female,Loyal Customer,39,Business Travel,Business,2578,2,2,2,2,4,4,4,2,2,2,2,3,3,2.62,0,0,TRUE
Male,Loyal Customer,58,Business Travel,Business,377,3,3,3,3,3,5,5,3,3,3,3,5,3,3.46,0,0,TRUE
Female,Disloyal Customer,37,Business Travel,Eco,317,1,3,2,4,5,2,5,5,3,3,3,4,5,3.46,61,61,FALSE
Female,Loyal Customer,66,Personal Travel,Eco,224,3,5,0,3,5,1,3,2,2,0,4,1,2,2.38,1,0,FALSE
Female,Loyal Customer,41,Business Travel,Business,3059,0,0,0,3,2,5,5,4,4,4,4,5,3,3,0,8,TRUE
Female,Loyal Customer,37,Business Travel,Business,787,1,1,1,1,4,5,5,4,4,4,4,5,5,3.38,0,0,TRUE
Male,Loyal Customer,39,Personal Travel,Eco,325,3,1,3,4,3,3,3,3,2,1,4,4,3,2.85,2,0,FALSE
Male,Loyal Customer,43,Business Travel,Business,2611,3,5,3,3,2,4,4,5,5,5,5,4,5,4.08,0,0,TRUE
Male,Loyal Customer,35,Business Travel,Business,363,4,4,4,4,5,3,1,2,2,2,2,3,5,3.15,6,0,TRUE
Female,Loyal Customer,49,Personal Travel,Eco,122,4,3,4,3,5,5,5,5,5,4,5,3,5,4.31,0,4,FALSE
Female,Loyal Customer,55,Business Travel,Business,602,1,1,1,1,3,4,5,4,4,4,4,5,5,3.23,0,7,TRUE
Male,Loyal Customer,31,Business Travel,Business,3288,2,2,2,2,4,5,4,4,5,3,2,2,4,3.15,50,45,TRUE
Male,Loyal Customer,50,Business Travel,Eco,1102,3,3,3,3,3,3,3,3,5,4,4,3,3,3.31,13,0,FALSE
Male,Loyal Customer,38,Personal Travel,Eco Plus,332,4,1,5,3,1,5,1,1,4,2,3,1,1,2.46,107,96,FALSE
Female,Loyal Customer,57,Business Travel,Business,1816,4,4,4,4,3,4,5,4,4,4,4,5,3,4,0,0,TRUE
Female,Disloyal Customer,38,Business Travel,Business,628,3,3,3,5,1,3,1,1,4,3,4,5,1,2.85,0,0,TRUE
Male,Loyal Customer,50,Business Travel,Business,1516,5,5,5,5,5,5,2,5,5,5,5,5,2,4.54,0,0,TRUE
Male,Disloyal Customer,20,Business Travel,Eco,1134,2,2,2,3,1,2,1,1,4,5,4,4,1,2.46,0,9,FALSE
Male,Loyal Customer,77,Business Travel,Business,1625,3,3,4,3,3,2,2,3,3,3,3,3,4,3,0,0,FALSE
Female,Loyal Customer,53,Business Travel,Eco,1605,2,3,3,3,3,2,4,2,2,2,2,4,4,2.77,23,16,FALSE
Male,Loyal Customer,70,Personal Travel,Business,230,4,5,0,1,5,4,5,2,2,0,2,4,4,2.92,9,0,TRUE
Female,Loyal Customer,45,Business Travel,Business,3448,4,5,5,5,1,3,4,4,4,4,4,3,1,3.62,0,0,FALSE
Female,Loyal Customer,50,Business Travel,Business,251,2,2,2,2,2,5,4,5,5,5,5,5,4,3.69,0,0,TRUE
Female,Loyal Customer,42,Personal Travel,Eco Plus,909,3,4,2,1,4,4,1,5,5,2,5,2,1,3,36,18,FALSE
Male,Loyal Customer,50,Personal Travel,Eco,259,2,3,2,2,5,2,5,5,1,1,3,2,5,2.92,0,0,FALSE
Male,Disloyal Customer,37,Business Travel,Business,224,5,5,5,5,4,5,4,4,4,2,4,5,4,4.31,0,0,TRUE
Male,Loyal Customer,58,Business Travel,Eco Plus,163,4,5,3,3,3,4,3,3,4,2,1,4,3,3.23,0,0,TRUE
Male,Loyal Customer,54,Business Travel,Business,1764,5,5,5,5,3,4,4,5,5,5,5,5,3,4.54,2,0,TRUE
Female,Loyal Customer,49,Business Travel,Business,2704,3,3,3,3,5,4,4,5,5,5,5,4,5,4.15,0,0,TRUE
Female,Loyal Customer,24,Business Travel,Eco Plus,118,4,4,5,4,4,4,4,4,4,1,1,4,4,3.62,0,0,TRUE
Male,Loyal Customer,56,Business Travel,Eco,646,4,2,2,2,4,4,4,4,3,5,4,4,4,3.54,0,0,FALSE
Female,Loyal Customer,47,Personal Travel,Eco,436,3,5,3,1,4,5,4,4,4,3,3,5,5,3.77,0,0,FALSE
Female,Loyal Customer,39,Business Travel,Business,2055,3,3,3,3,4,5,4,4,4,4,4,5,3,3.77,0,0,TRUE
Female,Loyal Customer,41,Business Travel,Business,283,2,2,3,2,4,4,5,4,4,4,4,3,3,3.38,0,0,TRUE
Male,Disloyal Customer,25,Business Travel,Eco Plus,200,3,0,3,1,4,3,1,4,4,3,5,3,4,2.92,0,0,FALSE
Female,Loyal Customer,38,Business Travel,Business,2325,1,1,1,1,2,4,5,5,5,5,5,5,4,3.38,21,7,TRUE
Female,Loyal Customer,65,Personal Travel,Eco,594,1,4,1,5,2,4,1,3,3,1,3,2,2,2.46,0,1,FALSE
Male,Loyal Customer,27,Business Travel,Business,1589,3,3,3,3,5,5,5,5,4,2,5,4,5,4,0,0,TRUE
Female,Loyal Customer,59,Business Travel,Business,2021,0,0,0,5,5,1,4,5,5,5,5,4,5,3.38,2,0,TRUE
Male,Loyal Customer,28,Business Travel,Eco,2614,0,0,0,4,0,4,4,1,2,4,3,4,4,2.31,0,0,TRUE
Female,Loyal Customer,51,Personal Travel,Eco,761,3,4,3,4,3,4,5,1,1,3,1,5,4,3.15,17,14,FALSE
Female,Loyal Customer,10,Business Travel,Business,3778,2,2,2,2,2,2,2,2,4,5,4,4,2,2.69,34,25,FALSE
Female,Disloyal Customer,37,Business Travel,Business,1072,3,2,2,2,5,2,5,5,4,2,5,5,5,3.62,13,15,FALSE
Female,Disloyal Customer,25,Business Travel,Eco,335,1,3,1,3,1,1,1,1,1,2,4,1,1,1.62,0,0,FALSE
Female,Loyal Customer,25,Personal Travel,Eco,457,1,4,1,3,1,1,1,1,2,1,3,3,1,1.77,0,2,FALSE
Female,Loyal Customer,47,Business Travel,Business,1436,3,3,3,3,4,4,4,3,3,3,3,5,4,3.46,0,0,TRUE
Male,Loyal Customer,24,Personal Travel,Eco,551,3,2,3,3,5,3,4,5,2,1,3,3,5,3.23,10,8,FALSE
Male,Loyal Customer,21,Business Travel,Business,547,3,1,1,1,3,3,3,3,2,3,4,3,3,2.54,106,116,FALSE
Male,Disloyal Customer,8,Business Travel,Eco,925,1,1,1,4,3,1,3,3,2,2,4,4,3,2.46,9,4,FALSE
Male,Loyal Customer,70,Personal Travel,Eco,1005,4,1,3,3,4,3,4,4,4,5,2,4,4,3.46,0,0,TRUE
Female,Disloyal Customer,22,Business Travel,Business,594,5,4,5,1,2,4,2,2,4,3,4,4,2,3.23,71,66,TRUE
Female,Loyal Customer,30,Business Travel,Business,3152,5,5,5,5,5,5,5,5,4,4,5,4,5,4.77,0,0,TRUE
Female,Loyal Customer,66,Personal Travel,Business,406,2,4,2,4,3,5,4,1,1,2,1,4,3,2.77,3,8,FALSE
Female,Disloyal Customer,62,Business Travel,Eco,363,4,2,4,3,1,4,4,1,1,2,3,4,1,2.62,16,39,FALSE
Male,Disloyal Customer,21,Business Travel,Business,296,5,1,5,2,3,5,3,3,5,3,4,5,3,3.62,69,69,TRUE
Male,Loyal Customer,36,Personal Travel,Eco,697,3,1,4,4,5,4,5,5,2,2,3,4,5,3.62,0,0,FALSE
Male,Loyal Customer,66,Business Travel,Business,3499,2,2,4,2,3,3,3,2,2,2,2,3,3,2.54,3,0,FALSE
Female,Loyal Customer,60,Business Travel,Eco,533,4,4,4,4,3,4,1,4,4,4,4,4,3,3.62,2,7,TRUE
Male,Loyal Customer,18,Personal Travel,Eco,67,3,3,3,4,3,3,3,3,5,3,5,5,3,3.54,2,0,FALSE
Male,Loyal Customer,54,Personal Travel,Eco,468,1,4,1,4,4,1,4,4,4,5,5,3,4,3.38,0,0,FALSE
Male,Loyal Customer,54,Personal Travel,Business,1237,2,4,2,4,2,4,4,3,3,2,3,5,3,3.15,43,16,FALSE
Female,Disloyal Customer,18,Business Travel,Eco,1219,2,2,2,4,2,2,2,2,1,5,4,2,2,2.46,0,0,FALSE
Female,Loyal Customer,18,Business Travel,Eco,1050,3,2,2,2,3,3,2,3,1,3,3,4,3,2.62,0,0,FALSE
Female,Loyal Customer,57,Personal Travel,Eco,1235,2,5,2,5,5,1,4,4,4,2,4,1,3,3.23,3,0,FALSE
Male,Loyal Customer,59,Personal Travel,Eco Plus,78,3,5,3,1,2,3,2,2,5,4,5,4,2,3.15,6,2,FALSE
Female,Loyal Customer,50,Business Travel,Business,213,1,1,1,1,5,4,4,5,5,5,5,4,3,3.38,0,0,TRUE
Male,Loyal Customer,11,Personal Travel,Eco,599,2,1,3,3,2,3,2,2,3,4,3,4,2,2.62,0,0,FALSE
Male,Loyal Customer,25,Business Travel,Business,787,3,4,4,4,3,3,3,3,3,4,4,3,3,3.38,2,0,FALSE
Female,Loyal Customer,23,Personal Travel,Eco,489,3,1,3,1,1,3,2,1,2,3,1,2,1,1.85,0,0,FALSE
Female,Loyal Customer,66,Personal Travel,Eco,1096,2,1,2,3,1,3,3,2,2,2,2,3,1,2.08,0,0,FALSE
Male,Disloyal Customer,44,Business Travel,Business,1476,1,1,1,4,5,1,5,5,3,2,4,5,5,3.23,0,0,FALSE
Female,Loyal Customer,48,Business Travel,Business,3993,5,5,5,5,3,4,4,4,4,4,4,5,3,4.23,54,52,TRUE
Female,Loyal Customer,47,Personal Travel,Eco,1726,2,5,2,4,4,5,5,5,5,2,5,3,4,3.92,0,0,FALSE
Male,Loyal Customer,70,Personal Travel,Eco,1660,3,2,3,4,4,3,4,4,1,2,4,2,4,3.08,0,6,FALSE
Male,Disloyal Customer,44,Business Travel,Business,239,4,4,4,3,5,4,5,5,3,5,4,3,5,4.15,0,0,TRUE
Male,Disloyal Customer,27,Business Travel,Eco,1126,4,4,4,4,1,4,1,1,2,5,4,3,1,2.92,0,6,FALSE
Male,Loyal Customer,53,Business Travel,Business,1050,3,5,4,5,2,3,3,3,3,3,3,2,4,3.31,0,0,FALSE
Male,Loyal Customer,38,Business Travel,Business,1633,1,3,3,3,4,4,3,3,3,3,1,2,1,2.62,0,0,FALSE
Male,Loyal Customer,58,Personal Travel,Eco,223,1,4,1,2,2,1,2,2,4,5,5,4,2,2.69,0,3,FALSE
Male,Loyal Customer,42,Business Travel,Eco,452,2,5,2,2,2,2,2,2,2,3,4,2,2,2.46,7,14,FALSE
Female,Loyal Customer,52,Business Travel,Business,1521,4,2,4,4,4,4,5,5,5,5,5,3,3,4.08,8,1,TRUE
Male,Loyal Customer,43,Business Travel,Business,3959,5,5,5,5,3,4,4,5,5,5,5,3,4,4.46,0,0,TRUE
Female,Loyal Customer,50,Business Travel,Business,1521,3,3,3,3,3,4,5,4,4,4,4,4,4,3.69,7,0,TRUE
Female,Loyal Customer,42,Business Travel,Business,965,3,3,3,3,1,3,5,3,3,3,3,2,4,3,0,0,TRUE
Female,Loyal Customer,50,Personal Travel,Eco,547,4,5,4,4,1,5,5,5,5,4,5,3,1,3.92,0,0,FALSE
Female,Loyal Customer,31,Personal Travel,Eco,2422,2,4,2,3,2,1,1,5,2,5,4,1,1,2.54,0,7,FALSE
Male,Loyal Customer,51,Personal Travel,Eco,1005,0,4,1,3,5,1,4,5,4,3,5,3,5,3.31,7,9,TRUE
Male,Loyal Customer,61,Personal Travel,Eco,674,4,4,4,4,4,5,5,3,2,3,3,5,5,3.92,190,184,FALSE
Female,Disloyal Customer,45,Business Travel,Eco,313,5,0,5,2,1,5,1,1,2,1,2,5,1,2.38,21,16,TRUE
Male,Loyal Customer,57,Business Travel,Eco Plus,347,4,5,3,5,4,4,4,4,2,3,5,1,4,3.69,0,8,TRUE
Male,Disloyal Customer,37,Business Travel,Business,718,4,4,4,3,4,4,2,4,4,3,4,3,4,3.62,0,0,FALSE
Female,Loyal Customer,28,Business Travel,Business,2673,4,4,4,4,4,4,4,4,4,4,5,4,4,4.08,10,0,TRUE
Male,Loyal Customer,8,Personal Travel,Eco,264,2,5,2,1,5,2,5,5,5,5,2,5,5,3.77,15,25,FALSE
Female,Loyal Customer,42,Business Travel,Business,3994,3,3,3,3,2,5,5,5,5,5,5,3,5,4,0,0,TRUE
Female,Loyal Customer,42,Business Travel,Business,436,2,2,2,2,4,5,4,4,4,4,4,4,3,3.38,25,22,TRUE
Female,Loyal Customer,46,Business Travel,Business,1979,0,5,0,4,3,5,4,1,1,1,1,5,4,2.62,0,0,TRUE
Male,Loyal Customer,61,Personal Travel,Eco,362,2,4,2,2,2,2,5,2,3,3,4,3,2,2.77,0,0,FALSE
Female,Loyal Customer,23,Personal Travel,Eco,889,2,2,2,4,5,2,4,5,2,5,4,2,5,3.38,17,4,FALSE
Male,Loyal Customer,49,Business Travel,Business,3085,1,5,5,5,1,3,3,1,1,1,1,3,4,2.62,0,0,FALSE
Female,Loyal Customer,55,Business Travel,Eco,813,2,5,5,5,3,4,4,2,2,2,2,1,4,3.15,0,0,FALSE
Male,Loyal Customer,62,Business Travel,Business,338,1,1,1,1,1,3,3,1,1,1,1,4,2,1.62,37,19,FALSE
Female,Loyal Customer,48,Business Travel,Business,1726,1,1,1,1,3,3,5,2,2,2,2,5,3,2.38,0,0,TRUE
Female,Loyal Customer,58,Personal Travel,Eco,1608,3,5,3,4,4,3,5,3,3,3,4,3,3,3.54,0,6,FALSE
Female,Loyal Customer,41,Business Travel,Eco,329,4,3,3,3,4,4,4,4,3,1,2,5,4,3.38,0,0,TRUE
Male,Loyal Customer,22,Personal Travel,Business,1118,3,4,3,3,1,3,1,1,3,3,5,3,1,2.62,0,8,FALSE
Female,Loyal Customer,40,Personal Travel,Eco,351,2,5,2,3,2,2,2,2,3,2,5,5,2,2.85,0,0,FALSE
Female,Loyal Customer,43,Business Travel,Business,1937,4,5,5,5,3,3,3,4,4,4,4,3,3,3.85,0,0,FALSE
Male,Loyal Customer,42,Business Travel,Business,2794,2,2,1,2,4,5,3,2,2,2,2,2,2,2.38,0,0,TRUE
Male,Loyal Customer,63,Business Travel,Business,177,5,5,5,5,2,5,5,4,4,4,4,2,5,4.23,0,0,TRUE
Female,Loyal Customer,27,Business Travel,Eco Plus,177,4,3,3,3,4,4,4,4,1,3,2,2,4,3.15,0,5,TRUE
Female,Loyal Customer,48,Business Travel,Eco,589,5,1,5,1,1,2,1,5,5,5,5,4,1,3.15,12,3,TRUE
Female,Loyal Customer,40,Personal Travel,Eco,391,3,2,3,4,3,3,3,3,1,1,4,4,3,2.85,0,8,FALSE
Female,Loyal Customer,34,Business Travel,Business,189,5,5,5,5,4,5,4,5,5,5,5,4,5,4.77,12,10,TRUE
Male,Loyal Customer,38,Business Travel,Business,919,1,5,5,5,1,3,3,1,1,1,1,3,3,2.54,0,1,FALSE
Male,Loyal Customer,55,Business Travel,Business,2264,3,5,3,3,4,5,5,4,4,5,4,3,4,4,0,0,TRUE
Male,Loyal Customer,58,Business Travel,Business,188,4,4,4,4,3,1,3,4,4,4,5,3,2,3.46,29,39,TRUE
Male,Loyal Customer,18,Personal Travel,Eco,290,5,4,5,1,2,5,2,2,5,5,4,5,2,3.62,0,0,TRUE
Female,Loyal Customer,50,Business Travel,Eco,404,2,5,5,5,4,3,4,2,2,2,2,4,1,3.15,0,1,FALSE
Male,Loyal Customer,40,Personal Travel,Eco,1733,4,4,4,4,2,4,2,2,2,2,3,3,2,2.92,10,0,FALSE
Female,Loyal Customer,46,Business Travel,Business,135,5,5,5,5,4,4,5,4,4,4,4,3,3,4.23,0,0,TRUE
Male,Disloyal Customer,37,Business Travel,Eco Plus,297,1,1,1,4,4,1,2,4,5,2,1,4,4,2.62,0,0,FALSE
Female,Loyal Customer,56,Business Travel,Business,3057,0,0,0,3,3,2,1,4,4,4,4,5,1,2.38,4,4,TRUE
Female,Loyal Customer,13,Personal Travel,Eco,874,4,1,4,3,2,4,2,2,3,1,4,4,2,2.77,0,0,TRUE
Female,Loyal Customer,14,Personal Travel,Eco,696,4,4,4,1,3,4,3,3,4,5,5,4,3,3.62,1,2,TRUE
Male,Loyal Customer,57,Personal Travel,Eco,1189,3,1,3,3,2,3,2,2,2,5,3,2,2,2.54,0,12,FALSE
Male,Loyal Customer,29,Personal Travel,Eco Plus,780,4,3,4,3,3,4,3,3,3,3,3,1,3,3.08,0,0,TRUE
Male,Loyal Customer,54,Business Travel,Business,3640,5,5,5,5,5,4,4,3,3,3,3,5,5,4.23,6,0,TRUE
Male,Loyal Customer,46,Business Travel,Business,3532,2,3,3,3,3,3,4,2,2,3,2,3,3,2.77,3,0,FALSE
Female,Disloyal Customer,58,Business Travel,Business,296,4,4,4,3,1,4,1,1,3,4,4,4,1,2.92,0,0,TRUE
Female,Loyal Customer,42,Business Travel,Business,991,5,5,5,5,2,4,2,4,4,4,4,5,2,3.92,43,81,TRUE
Female,Loyal Customer,7,Personal Travel,Eco,234,1,5,0,1,0,4,4,4,4,5,1,4,4,2.85,724,705,FALSE
Male,Loyal Customer,28,Business Travel,Business,2368,4,4,3,4,4,4,4,4,5,3,4,4,4,3.92,0,0,TRUE
Male,Loyal Customer,48,Business Travel,Business,2182,2,4,2,4,3,3,4,2,2,2,2,4,2,2.77,0,3,FALSE
Male,Loyal Customer,39,Business Travel,Business,1859,3,3,3,3,2,5,4,4,4,4,4,3,4,3.54,0,0,TRUE
Female,Loyal Customer,28,Business Travel,Business,479,1,1,1,1,4,4,4,4,5,4,5,5,4,3.31,5,0,TRUE
Female,Loyal Customer,25,Business Travel,Business,3007,2,3,3,3,2,2,2,2,1,2,2,4,2,2.31,0,0,FALSE
Female,Loyal Customer,14,Personal Travel,Eco,977,1,4,1,1,3,1,3,3,3,2,4,3,3,2.46,19,6,FALSE
Female,Loyal Customer,8,Business Travel,Eco,631,1,3,3,3,1,1,4,1,1,3,4,4,1,2.31,0,0,FALSE
Male,Loyal Customer,36,Personal Travel,Eco,899,3,1,3,3,5,3,5,5,4,1,3,4,5,3.46,0,0,FALSE
Male,Loyal Customer,44,Business Travel,Business,1099,5,5,5,5,2,4,4,5,5,4,5,3,3,4.23,0,0,TRUE
Male,Loyal Customer,24,Personal Travel,Eco,583,2,4,2,1,3,2,3,3,3,3,5,4,3,2.92,70,72,FALSE
Female,Loyal Customer,56,Business Travel,Business,2791,1,1,1,1,5,4,5,4,4,4,4,5,4,3.31,0,0,TRUE
Female,Loyal Customer,42,Business Travel,Business,1587,2,2,2,2,5,3,5,5,5,5,5,4,5,3.85,4,0,TRUE
Female,Loyal Customer,37,Personal Travel,Eco,1197,2,4,1,3,4,1,4,4,5,3,4,4,4,3.31,3,0,FALSE
Male,Loyal Customer,42,Business Travel,Eco Plus,591,4,1,1,1,4,4,4,4,3,4,4,1,4,3,1,0,FALSE
Male,Disloyal Customer,22,Business Travel,Eco,971,4,4,4,5,4,4,4,4,4,3,5,3,4,4,2,5,TRUE
Male,Loyal Customer,44,Business Travel,Business,3100,0,4,1,5,5,4,5,2,2,2,2,5,5,3.23,0,0,TRUE
Male,Loyal Customer,70,Personal Travel,Eco,1514,3,5,3,1,4,3,4,4,5,3,3,4,4,3.54,0,0,FALSE
Male,Loyal Customer,33,Business Travel,Business,812,2,3,3,3,2,2,2,2,3,1,3,3,2,2.38,33,20,FALSE
Female,Loyal Customer,54,Business Travel,Eco Plus,349,1,5,5,5,2,1,1,1,1,1,1,2,1,2.08,0,19,FALSE
Female,Loyal Customer,8,Personal Travel,Eco,1048,4,5,4,4,5,4,5,5,4,2,4,3,5,4.15,23,30,FALSE
Female,Loyal Customer,30,Personal Travel,Eco Plus,1183,1,4,2,4,1,2,1,1,3,5,5,3,1,2.54,22,10,FALSE
Male,Loyal Customer,51,Business Travel,Business,3980,5,5,5,5,4,4,4,5,5,5,5,5,5,4.77,53,51,TRUE
Female,Loyal Customer,59,Business Travel,Business,407,2,2,4,2,5,5,5,5,5,5,4,5,5,4.15,172,168,TRUE
Female,Loyal Customer,60,Business Travel,Business,1908,3,3,3,3,4,4,4,4,4,4,4,4,3,3.62,0,0,TRUE
Female,Loyal Customer,44,Business Travel,Business,3532,3,1,3,3,1,4,4,3,3,3,3,3,1,2.69,0,0,FALSE
Female,Loyal Customer,15,Personal Travel,Eco,236,2,5,2,1,3,2,2,3,3,3,4,5,3,2.92,25,54,FALSE
Male,Loyal Customer,25,Personal Travel,Eco,341,3,4,3,3,3,3,3,3,5,3,4,4,3,3.38,0,0,FALSE
Female,Loyal Customer,41,Business Travel,Eco,787,5,4,4,4,5,5,5,5,5,4,4,5,5,4.62,8,18,TRUE
Female,Loyal Customer,27,Business Travel,Eco,862,0,0,0,2,3,3,5,3,2,4,1,4,3,2.31,5,0,TRUE
Female,Disloyal Customer,42,Business Travel,Eco,404,4,4,4,5,2,4,3,2,4,4,1,5,2,3.38,10,4,FALSE
Female,Loyal Customer,61,Business Travel,Eco,447,4,3,3,3,3,2,2,4,4,4,4,2,1,3,0,0,TRUE
Female,Disloyal Customer,24,Business Travel,Eco,1133,5,5,5,1,1,5,1,1,3,5,5,5,1,3.31,0,0,TRUE
Female,Disloyal Customer,19,Business Travel,Eco,633,3,2,3,4,1,3,1,1,3,3,3,1,1,2.23,2,0,FALSE
Female,Loyal Customer,44,Business Travel,Eco,403,4,5,5,5,5,5,5,4,4,4,4,2,1,4.08,0,0,TRUE
Female,Loyal Customer,47,Business Travel,Business,2233,5,5,5,5,1,1,2,4,4,4,4,1,1,3.23,20,40,TRUE
Female,Loyal Customer,44,Business Travel,Business,473,1,1,1,1,1,4,3,1,1,1,1,1,1,1.38,17,30,FALSE
Female,Disloyal Customer,25,Business Travel,Business,728,3,5,3,2,4,3,4,4,4,3,5,5,4,3.77,5,11,FALSE
Female,Loyal Customer,56,Business Travel,Eco,575,5,4,4,4,1,5,2,5,5,5,5,5,1,3.92,0,0,TRUE
Female,Disloyal Customer,22,Business Travel,Eco,266,3,2,3,4,5,3,5,5,3,1,4,4,5,3.62,0,0,FALSE
Female,Loyal Customer,40,Business Travel,Business,458,5,5,5,5,3,4,5,5,5,5,5,3,5,4.62,0,5,TRUE
Female,Disloyal Customer,21,Business Travel,Eco,403,3,3,3,3,4,3,4,4,4,2,4,1,4,3.23,9,40,FALSE
Male,Loyal Customer,51,Business Travel,Business,2128,4,4,4,4,2,4,5,4,4,4,4,3,4,3.85,0,0,TRUE
Male,Loyal Customer,21,Personal Travel,Eco,1164,2,4,2,2,5,2,5,5,5,2,4,2,5,3.46,0,0,FALSE
Male,Loyal Customer,55,Business Travel,Business,583,1,1,1,1,4,4,4,4,4,4,4,4,5,3.15,16,16,TRUE
Male,Loyal Customer,56,Personal Travel,Eco,642,1,5,1,4,2,1,2,2,4,3,4,3,2,2.62,31,27,FALSE
Female,Loyal Customer,72,Business Travel,Business,2564,4,4,3,4,5,5,4,5,5,5,5,3,3,4.23,0,7,TRUE
Male,Loyal Customer,43,Personal Travel,Eco,1489,3,5,3,1,5,3,5,5,5,1,5,5,5,3.92,19,5,FALSE
Female,Loyal Customer,38,Personal Travel,Eco,2248,0,5,0,3,3,0,3,3,4,5,5,3,3,2.85,3,0,TRUE
Male,Loyal Customer,60,Business Travel,Business,3758,1,4,4,4,2,2,2,1,1,1,1,3,3,2.23,69,57,FALSE
Male,Loyal Customer,67,Personal Travel,Eco,325,2,4,2,3,5,2,3,5,4,4,2,1,5,3.23,0,0,FALSE
Female,Loyal Customer,58,Personal Travel,Eco,646,2,5,2,4,2,5,2,5,5,2,5,4,5,3.69,5,0,FALSE
Male,Loyal Customer,44,Business Travel,Business,453,1,1,1,1,4,4,5,5,5,5,5,5,3,3.46,0,10,TRUE
Male,Loyal Customer,61,Personal Travel,Eco,2165,5,5,5,1,3,5,4,3,4,5,3,5,3,3.92,8,0,TRUE
Female,Loyal Customer,55,Business Travel,Business,2774,2,2,2,2,3,4,4,5,5,5,5,3,5,3.62,24,26,TRUE
Male,Loyal Customer,37,Personal Travel,Business,626,4,5,4,3,5,5,5,5,5,4,5,3,5,4.46,4,1,TRUE
Female,Loyal Customer,11,Personal Travel,Eco,1390,1,4,1,2,4,1,4,4,4,4,3,1,4,2.85,0,0,FALSE
Male,Loyal Customer,19,Business Travel,Eco,101,5,1,1,1,5,5,4,5,4,5,1,4,5,3.54,0,5,TRUE
Female,Loyal Customer,8,Personal Travel,Eco,2288,3,1,3,3,1,3,1,1,3,4,4,1,1,2.23,4,0,FALSE
Female,Disloyal Customer,22,Business Travel,Eco,446,4,4,4,3,2,4,2,2,3,4,5,5,2,3.38,0,5,TRUE
Female,Loyal Customer,47,Business Travel,Business,325,4,4,4,4,4,5,5,5,5,4,5,5,4,4.46,85,82,TRUE
Male,Loyal Customer,69,Personal Travel,Eco,1481,3,2,3,1,3,3,3,3,1,1,1,4,3,2.38,9,0,FALSE
Female,Loyal Customer,51,Business Travel,Business,1744,3,3,3,3,2,5,4,5,5,5,5,4,5,4,73,69,TRUE
Male,Loyal Customer,38,Business Travel,Eco,1607,2,1,1,1,2,2,2,2,3,5,2,1,2,2,0,0,FALSE
Female,Loyal Customer,30,Business Travel,Business,723,1,1,1,1,4,4,4,4,3,3,4,3,4,2.85,0,0,TRUE
Male,Loyal Customer,19,Personal Travel,Eco,1192,3,2,3,4,4,3,4,4,1,1,4,2,4,3,0,0,FALSE
Male,Loyal Customer,42,Business Travel,Eco,563,4,1,3,1,4,4,4,4,5,3,1,2,4,3.08,0,5,TRUE
Male,Disloyal Customer,37,Business Travel,Business,247,2,2,2,4,3,2,3,3,4,3,4,4,3,3,2,6,FALSE
Male,Loyal Customer,38,Business Travel,Business,2043,5,5,5,5,4,5,5,5,1,4,5,5,5,4.54,0,4,TRUE
Female,Loyal Customer,34,Business Travel,Business,417,4,4,4,4,3,4,5,5,5,5,5,4,4,4.31,2,3,TRUE
Female,Disloyal Customer,40,Business Travel,Business,370,3,3,3,5,3,3,3,3,3,2,4,5,3,3.31,0,0,FALSE
Female,Loyal Customer,27,Business Travel,Eco Plus,746,1,2,2,2,1,1,1,1,2,1,3,2,1,1.54,0,0,FALSE
Male,Loyal Customer,54,Business Travel,Business,139,3,1,1,1,5,4,3,1,1,1,3,3,4,2.38,3,18,FALSE
Female,Loyal Customer,68,Personal Travel,Eco,1438,2,4,2,2,5,4,4,1,1,2,1,5,4,2.85,24,2,FALSE
Male,Disloyal Customer,23,Business Travel,Eco,369,2,3,2,2,5,2,5,5,2,5,3,3,5,3.38,1,0,FALSE
Female,Loyal Customer,45,Business Travel,Business,3188,1,1,1,1,5,4,5,4,4,4,4,4,4,3.23,0,0,TRUE
Male,Loyal Customer,56,Business Travel,Business,3793,4,4,4,4,3,5,4,4,4,4,4,4,3,3.92,4,2,TRUE
Male,Loyal Customer,42,Business Travel,Eco,372,4,3,3,3,4,4,4,4,5,1,1,5,4,3.46,0,0,TRUE
Male,Loyal Customer,41,Business Travel,Business,3858,2,2,2,2,3,4,5,4,4,4,4,4,5,3.46,52,28,TRUE
Male,Loyal Customer,36,Business Travel,Business,3353,2,2,2,2,4,5,5,3,3,4,3,5,5,3.46,2,0,TRUE
Female,Disloyal Customer,37,Business Travel,Business,522,1,1,1,2,5,1,5,5,5,2,4,3,5,3.08,30,29,FALSE
Female,Loyal Customer,52,Personal Travel,Eco,337,1,5,1,1,4,1,3,5,5,1,5,3,1,2.77,0,0,FALSE
Male,Loyal Customer,38,Personal Travel,Eco,882,2,4,2,1,1,2,1,1,4,3,5,4,1,2.38,1,0,FALSE
Male,Loyal Customer,56,Business Travel,Business,2290,1,1,1,1,3,4,5,4,4,4,4,5,3,3.08,0,0,TRUE
Male,Loyal Customer,51,Personal Travel,Eco,1237,3,5,3,2,4,3,2,4,5,4,3,3,4,3.46,0,0,FALSE
Female,Loyal Customer,39,Business Travel,Eco Plus,376,3,3,5,3,3,3,3,3,3,5,2,1,3,3.08,0,0,TRUE
Male,Loyal Customer,22,Business Travel,Business,2556,1,2,2,2,1,1,1,1,1,3,4,3,1,1.77,0,0,FALSE
Female,Disloyal Customer,25,Business Travel,Business,484,4,5,4,5,3,4,2,3,3,5,4,3,3,3.69,27,15,TRUE
Male,Loyal Customer,52,Business Travel,Business,134,0,5,0,4,4,4,4,4,4,4,4,5,5,3.62,0,0,TRUE
Female,Loyal Customer,67,Personal Travel,Eco Plus,599,1,5,1,2,2,3,3,4,4,1,4,4,3,2.85,16,6,FALSE
Female,Disloyal Customer,34,Business Travel,Business,335,2,2,2,3,5,2,5,5,4,2,5,5,5,3.62,0,0,FALSE
Female,Disloyal Customer,29,Business Travel,Eco,1182,2,2,2,4,2,1,4,2,2,3,3,4,4,2.69,171,183,FALSE
Male,Disloyal Customer,15,Business Travel,Business,473,3,4,3,4,4,3,4,4,2,3,3,2,4,3.31,0,0,FALSE
Female,Disloyal Customer,31,Business Travel,Business,1849,3,3,3,3,3,3,3,3,4,2,4,4,3,3.15,0,0,FALSE
Male,Loyal Customer,48,Business Travel,Business,2888,4,4,4,4,4,4,4,5,5,5,5,3,4,4.23,31,29,TRUE
Female,Disloyal Customer,23,Business Travel,Eco,539,5,0,4,1,3,4,3,3,3,2,5,3,3,3,55,51,TRUE
Female,Loyal Customer,44,Business Travel,Business,3101,3,2,2,2,1,4,4,3,3,3,3,4,3,2.85,0,0,FALSE
Male,Loyal Customer,45,Business Travel,Business,903,2,2,2,2,2,5,5,5,5,5,5,5,5,3.85,0,0,TRUE
Female,Loyal Customer,45,Business Travel,Business,528,3,3,3,3,3,4,4,3,3,3,3,1,1,2.85,1,0,FALSE
Male,Loyal Customer,36,Business Travel,Business,670,4,4,4,4,4,4,5,3,3,4,3,4,4,3.85,27,17,TRUE
Male,Loyal Customer,21,Business Travel,Eco,1829,1,2,2,2,1,1,2,1,2,3,4,2,1,1.85,0,0,FALSE
Female,Disloyal Customer,44,Business Travel,Eco,196,2,5,2,5,4,2,4,4,3,4,1,1,4,3.15,0,0,FALSE
Female,Loyal Customer,25,Business Travel,Eco,368,1,4,4,4,1,1,3,1,1,2,4,2,1,2.23,0,0,FALSE
Female,Loyal Customer,42,Personal Travel,Eco,1045,1,1,1,3,5,3,4,1,1,1,1,1,3,2,0,0,FALSE
Female,Loyal Customer,28,Personal Travel,Eco,668,4,4,4,4,3,4,3,3,5,4,4,3,3,3.69,49,52,FALSE
Female,Disloyal Customer,11,Business Travel,Business,1747,0,0,0,3,4,0,5,4,4,5,3,3,4,2.69,0,0,TRUE
Male,Loyal Customer,64,Personal Travel,Eco,959,2,5,2,4,2,2,2,2,3,3,4,3,2,2.77,5,23,FALSE
Male,Disloyal Customer,37,Business Travel,Eco,806,1,1,1,2,4,1,4,4,5,1,2,3,4,2.54,0,0,FALSE
Male,Loyal Customer,68,Personal Travel,Eco,192,2,3,2,4,1,2,3,1,1,1,4,3,1,2.15,3,0,FALSE
Male,Loyal Customer,33,Personal Travel,Eco,2586,4,5,4,2,4,5,5,4,2,3,5,5,5,4.08,0,13,FALSE
Female,Disloyal Customer,44,Business Travel,Business,213,2,2,2,5,2,2,2,2,3,4,4,5,2,2.85,6,40,FALSE
Female,Loyal Customer,34,Personal Travel,Eco,1608,3,4,3,4,1,3,5,1,3,2,4,3,1,2.85,0,0,FALSE
Male,Disloyal Customer,25,Business Travel,Eco,959,4,4,4,3,3,4,3,3,4,5,4,3,3,3.62,65,36,FALSE
Male,Disloyal Customer,25,Business Travel,Eco,552,3,0,2,4,1,2,1,1,1,1,4,2,1,1.77,7,9,FALSE
Male,Loyal Customer,51,Business Travel,Business,2106,3,3,3,3,5,5,4,3,3,3,3,5,4,3.62,3,0,TRUE
Male,Loyal Customer,56,Business Travel,Business,1929,2,2,4,2,4,4,5,4,4,5,4,3,4,3.62,0,0,TRUE
Female,Disloyal Customer,19,Business Travel,Business,1589,0,4,0,3,3,0,2,3,4,4,5,5,3,2.77,22,7,TRUE
Female,Loyal Customer,28,Personal Travel,Eco,1224,3,2,2,3,3,2,1,3,1,5,4,4,3,2.77,28,21,FALSE
Female,Loyal Customer,55,Business Travel,Business,3679,3,3,3,3,3,4,4,5,5,5,5,4,4,3.92,0,0,TRUE
Female,Loyal Customer,38,Business Travel,Eco,925,4,2,2,2,4,4,4,4,3,1,1,4,4,3,2,0,TRUE
Female,Loyal Customer,52,Business Travel,Business,571,2,1,1,1,5,4,3,2,2,3,2,3,1,2.31,0,0,FALSE
Male,Loyal Customer,47,Personal Travel,Eco,867,5,5,5,2,1,5,1,1,5,3,5,5,1,3.38,0,0,TRUE
Male,Loyal Customer,68,Personal Travel,Eco,370,0,2,0,4,4,0,4,4,3,2,3,2,4,2.46,0,0,TRUE
Female,Loyal Customer,53,Business Travel,Eco Plus,284,2,3,3,3,1,2,2,2,2,2,2,3,4,2.38,48,53,FALSE
Female,Loyal Customer,41,Business Travel,Business,3799,5,5,5,5,4,5,3,4,4,4,4,3,1,4,95,89,TRUE
Male,Loyal Customer,31,Business Travel,Business,2519,2,2,2,2,4,4,4,4,4,5,4,4,4,3.46,0,0,TRUE
Female,Loyal Customer,48,Personal Travel,Eco,439,2,5,2,3,5,4,5,2,2,2,2,3,3,3.08,0,0,FALSE
Male,Disloyal Customer,21,Business Travel,Eco,248,2,2,2,3,3,2,1,3,4,4,4,3,3,2.77,1,0,FALSE
Male,Loyal Customer,45,Personal Travel,Eco,152,3,4,3,4,1,3,1,1,3,3,4,5,1,2.77,0,0,FALSE
Female,Disloyal Customer,23,Business Travel,Eco,414,3,0,3,2,2,3,2,2,3,3,4,5,2,2.62,0,0,FALSE
Female,Loyal Customer,19,Personal Travel,Eco,861,2,4,2,2,1,2,2,1,4,5,4,5,1,2.69,26,18,FALSE
Female,Loyal Customer,36,Business Travel,Business,3218,3,3,3,3,5,5,5,5,5,5,5,4,5,4.31,0,0,TRUE
Male,Loyal Customer,65,Personal Travel,Eco,152,3,5,3,1,4,3,4,4,4,4,4,4,4,3.62,0,6,FALSE
Male,Disloyal Customer,49,Business Travel,Business,929,3,3,3,3,5,3,5,5,5,2,5,3,5,3.85,0,4,TRUE
Male,Loyal Customer,39,Personal Travel,Eco,528,3,4,3,1,3,5,5,4,1,2,3,5,5,3.38,200,201,FALSE
Female,Loyal Customer,19,Business Travel,Eco Plus,184,3,5,5,5,3,4,1,3,4,4,4,2,3,3.54,67,43,FALSE
Male,Loyal Customer,51,Business Travel,Business,3716,5,5,5,5,2,1,1,4,4,4,5,4,5,3.85,0,0,TRUE
Male,Disloyal Customer,65,Business Travel,Business,589,4,4,4,3,4,4,4,4,3,2,5,3,4,3.69,0,0,TRUE
Female,Loyal Customer,15,Personal Travel,Eco,234,0,3,0,3,0,3,3,4,3,4,4,3,3,2.54,151,214,TRUE
Male,Loyal Customer,29,Business Travel,Business,600,3,3,3,3,5,5,5,5,4,2,4,5,5,4,0,0,TRUE
Female,Loyal Customer,45,Business Travel,Business,2389,0,0,0,5,3,5,4,5,5,5,5,3,4,3.38,0,0,TRUE
Female,Loyal Customer,25,Personal Travel,Eco,453,1,4,1,1,4,1,4,4,4,1,2,4,4,2.69,0,51,FALSE
Female,Loyal Customer,42,Personal Travel,Eco,227,2,4,2,2,4,4,5,4,4,2,3,5,4,3.46,55,59,FALSE
Female,Loyal Customer,42,Business Travel,Business,957,1,1,1,1,5,5,4,5,5,5,5,4,5,3.62,0,0,TRUE
Female,Loyal Customer,46,Personal Travel,Eco,280,1,5,1,1,3,5,5,1,1,1,1,3,4,2.46,13,15,FALSE
Female,Loyal Customer,54,Personal Travel,Eco,1355,2,3,2,4,5,4,3,4,4,2,4,3,4,3.38,0,6,FALSE
Female,Loyal Customer,62,Personal Travel,Eco,170,2,4,2,2,3,5,5,2,2,2,2,3,3,2.85,0,0,FALSE
Male,Loyal Customer,49,Personal Travel,Eco Plus,1249,2,5,2,3,2,3,3,3,4,5,4,3,3,3.23,230,,FALSE
Male,Loyal Customer,50,Business Travel,Eco,671,2,4,4,4,2,2,2,2,4,1,1,3,2,2.54,9,7,FALSE
Female,Disloyal Customer,32,Business Travel,Business,680,2,2,2,3,3,2,1,3,4,4,4,3,3,2.77,0,0,FALSE
Female,Disloyal Customer,20,Business Travel,Eco,1273,3,3,3,3,3,3,3,3,4,5,4,3,3,3.31,0,0,FALSE
Female,Loyal Customer,15,Personal Travel,Eco,366,2,5,4,4,4,4,4,4,5,5,3,2,4,3.85,0,18,FALSE
Female,Disloyal Customer,38,Business Travel,Business,473,3,3,3,2,2,3,2,2,5,3,5,5,2,3.08,0,40,FALSE
Male,Loyal Customer,43,Business Travel,Business,349,2,2,2,2,3,5,4,5,5,5,5,5,5,3.85,0,0,TRUE
Female,Loyal Customer,16,Personal Travel,Eco,721,4,4,4,3,4,5,5,3,2,5,2,5,5,3.92,337,330,FALSE
Female,Loyal Customer,30,Business Travel,Business,1124,2,5,4,5,2,2,2,2,3,3,4,4,2,3.08,0,0,FALSE
Male,Disloyal Customer,65,Business Travel,Business,643,4,3,3,2,2,4,4,2,3,2,5,3,2,3,0,9,TRUE
Female,Disloyal Customer,39,Business Travel,Business,829,4,4,4,3,4,4,4,4,3,4,4,4,4,3.85,24,26,TRUE
Female,Loyal Customer,23,Business Travel,Business,552,4,4,4,4,2,2,2,2,2,1,4,4,2,2.85,0,2,TRUE
Female,Loyal Customer,17,Personal Travel,Eco Plus,252,3,3,0,1,3,0,3,3,1,5,3,4,3,2.46,109,95,FALSE
Male,Loyal Customer,42,Business Travel,Business,197,1,3,3,3,2,2,2,2,2,3,1,2,1,2.08,4,25,FALSE
Female,Loyal Customer,58,Business Travel,Business,2473,5,5,4,5,3,5,5,5,5,5,5,4,5,4.69,0,4,TRUE
Female,Loyal Customer,29,Business Travel,Business,1524,4,4,4,4,3,3,3,3,3,5,4,5,3,3.69,0,0,TRUE
Male,Disloyal Customer,62,Business Travel,Business,362,4,4,4,3,4,4,5,4,3,2,4,1,4,3.54,3,0,FALSE
Female,Loyal Customer,67,Personal Travel,Eco,370,4,5,4,1,5,3,5,5,5,4,5,4,2,4,34,25,TRUE
Male,Loyal Customer,44,Business Travel,Business,3469,2,2,2,2,5,5,5,4,4,4,4,3,4,3.54,0,0,TRUE
Male,Disloyal Customer,28,Business Travel,Eco,974,2,2,2,2,2,2,2,4,3,1,1,2,2,2.08,17,0,FALSE
Female,Loyal Customer,45,Business Travel,Business,2306,5,5,5,5,1,4,5,4,4,4,4,4,3,4.08,0,0,TRUE
Female,Loyal Customer,15,Business Travel,Eco,1069,4,4,4,4,4,4,3,4,1,3,4,3,4,3.54,0,0,FALSE
Male,Loyal Customer,20,Personal Travel,Eco,153,1,4,0,2,5,0,4,5,4,2,4,4,5,3.08,2,6,FALSE
Female,Loyal Customer,43,Personal Travel,Eco,1845,2,4,2,1,2,4,4,5,5,2,5,4,5,3.46,0,0,FALSE
Female,Loyal Customer,26,Business Travel,Business,610,3,3,3,3,5,5,5,5,5,3,4,4,5,4.08,0,0,TRUE
Female,Loyal Customer,65,Business Travel,Eco,557,5,5,5,5,1,2,1,5,5,5,5,2,1,3.62,0,0,TRUE
Male,Disloyal Customer,47,Business Travel,Eco,406,0,0,0,2,5,0,5,5,4,4,1,2,5,2.54,5,0,TRUE
Female,Disloyal Customer,21,Business Travel,Eco,110,1,1,1,3,2,1,3,2,3,4,4,4,2,2.38,50,47,FALSE
Female,Loyal Customer,58,Business Travel,Business,1711,2,2,2,2,5,5,1,5,5,5,5,2,3,3.38,0,0,TRUE
Female,Loyal Customer,54,Business Travel,Business,2608,2,1,1,1,4,2,3,2,2,2,2,2,2,2,0,0,FALSE
Male,Loyal Customer,50,Business Travel,Business,2342,3,3,3,3,5,5,5,5,5,5,5,4,5,4.31,0,4,TRUE
Male,Loyal Customer,48,Business Travel,Eco,874,4,5,5,5,4,4,4,4,2,3,3,1,4,3.69,0,0,TRUE
Female,Loyal Customer,51,Personal Travel,Eco,297,4,4,4,3,4,5,5,4,4,4,4,3,5,4.08,22,13,FALSE
Male,Loyal Customer,57,Business Travel,Business,1204,2,3,3,3,4,4,4,2,2,2,2,2,2,2.69,18,0,FALSE
Female,Loyal Customer,42,Business Travel,Business,812,4,4,4,4,4,5,5,5,5,5,5,3,3,4.31,0,0,TRUE
Female,Loyal Customer,24,Personal Travel,Eco,689,2,4,2,3,5,2,5,5,3,5,4,3,5,3.69,0,0,FALSE
Male,Loyal Customer,57,Business Travel,Business,201,0,5,0,3,2,1,4,5,5,3,3,4,5,3.08,15,1,TRUE
Male,Disloyal Customer,36,Business Travel,Business,362,2,2,2,2,2,2,2,2,2,4,5,2,2,2.38,0,3,FALSE
Female,Loyal Customer,12,Business Travel,Business,1476,2,2,2,2,2,2,2,2,4,2,4,4,2,2.46,19,24,FALSE
Female,Loyal Customer,39,Business Travel,Business,650,3,3,3,3,2,4,4,5,5,5,5,5,3,3.85,0,0,TRUE
Female,Loyal Customer,54,Business Travel,Business,3616,4,2,2,2,4,4,4,4,4,4,4,4,2,3.38,42,23,FALSE
Male,Loyal Customer,39,Business Travel,Business,1699,1,1,1,1,5,4,5,4,4,4,4,5,4,3.31,72,62,TRUE
Female,Loyal Customer,43,Business Travel,Business,151,1,1,4,1,1,4,3,4,4,4,5,2,1,2.69,0,0,TRUE
Male,Loyal Customer,45,Business Travel,Business,1389,1,1,1,1,2,5,5,5,5,5,5,4,3,3.31,0,0,TRUE
Male,Loyal Customer,58,Business Travel,Business,2269,1,1,1,1,2,5,5,4,4,4,4,5,5,3.23,9,1,TRUE
Male,Loyal Customer,71,Business Travel,Business,258,2,4,4,4,2,4,3,2,2,3,2,2,3,2.85,22,13,FALSE
Female,Loyal Customer,25,Business Travel,Business,192,2,4,4,4,2,2,2,2,2,1,4,1,2,2.46,4,5,FALSE
Female,Loyal Customer,46,Business Travel,Business,1502,2,2,2,2,2,5,4,5,5,5,5,4,4,3.62,0,0,TRUE
Female,Loyal Customer,26,Personal Travel,Eco,622,1,4,1,3,5,1,5,5,5,2,4,3,5,3.38,0,3,FALSE
Female,Loyal Customer,12,Personal Travel,Eco,1024,4,2,4,3,1,4,1,1,3,1,3,1,1,2.23,0,0,TRUE
Female,Loyal Customer,26,Personal Travel,Business,493,2,4,2,1,5,2,5,5,3,2,4,4,5,3.38,0,0,FALSE
Male,Loyal Customer,46,Business Travel,Business,3666,2,2,2,2,2,4,5,3,3,4,3,5,4,3.15,0,0,TRUE
Male,Loyal Customer,41,Business Travel,Business,937,5,5,5,5,5,4,4,5,5,5,5,5,5,4.85,77,60,TRUE
Female,Loyal Customer,72,Business Travel,Business,482,1,2,2,2,2,3,4,1,1,1,1,3,4,2.08,0,0,FALSE
Female,Loyal Customer,50,Business Travel,Business,967,3,1,1,1,2,4,3,3,3,3,3,4,1,2.46,1,0,FALSE
Female,Loyal Customer,35,Personal Travel,Eco,644,2,4,1,4,5,1,5,5,4,3,3,4,5,3.54,8,24,FALSE
Female,Loyal Customer,66,Business Travel,Eco,129,5,3,3,3,3,1,1,5,5,5,5,3,4,3.54,0,1,TRUE
Female,Loyal Customer,27,Personal Travel,Eco,2475,1,5,1,3,2,1,2,2,1,5,5,5,2,2.69,0,0,FALSE
Male,Loyal Customer,43,Business Travel,Business,3337,4,4,4,4,4,5,5,5,5,5,5,4,4,4.46,35,38,TRUE
Male,Loyal Customer,61,Business Travel,Eco Plus,300,5,3,1,1,4,5,4,4,5,5,5,1,4,3.62,53,39,TRUE
Female,Loyal Customer,47,Business Travel,Business,1706,2,4,1,4,3,2,4,2,2,2,2,2,3,2.54,3,0,FALSE
Female,Loyal Customer,27,Personal Travel,Business,759,4,5,4,2,3,4,3,3,5,2,4,3,3,3.46,0,0,TRUE
Male,Loyal Customer,49,Business Travel,Eco,650,2,2,2,2,2,2,2,2,4,4,3,1,2,2.31,0,7,FALSE
Female,Loyal Customer,10,Personal Travel,Eco,287,2,5,3,3,3,1,1,5,4,5,4,1,1,2.92,127,133,FALSE
Female,Loyal Customer,46,Personal Travel,Business,331,3,0,3,3,2,3,1,4,4,3,2,3,3,2.62,0,0,FALSE
Male,Loyal Customer,55,Business Travel,Business,342,5,5,5,5,4,5,4,4,4,4,4,3,3,4.23,1,0,TRUE
Male,Disloyal Customer,30,Business Travel,Eco,458,3,0,3,4,3,3,3,3,4,3,2,5,3,3,0,0,FALSE
Male,Loyal Customer,27,Business Travel,Business,3209,2,2,4,2,3,3,3,3,5,3,4,5,3,3.23,12,1,TRUE
Male,Loyal Customer,55,Business Travel,Business,3893,2,3,5,5,2,4,3,2,2,2,2,3,4,3,0,0,FALSE
Female,Loyal Customer,53,Business Travel,Eco,438,5,3,3,3,5,4,5,5,5,5,5,1,2,3.92,0,0,TRUE
Female,Loyal Customer,66,Personal Travel,Eco Plus,277,1,2,3,4,3,3,4,3,3,3,3,4,3,3,10,0,FALSE
Male,Disloyal Customer,27,Business Travel,Eco,809,2,1,1,3,1,5,5,3,4,3,3,5,5,3.15,184,169,FALSE
Female,Loyal Customer,45,Business Travel,Business,3363,2,2,2,2,3,5,5,4,4,4,4,4,5,3.54,0,0,TRUE
Female,Disloyal Customer,26,Business Travel,Business,295,5,0,5,5,5,5,5,5,4,2,4,5,5,4.23,0,10,TRUE
Male,Loyal Customer,59,Business Travel,Business,2586,1,3,3,3,1,1,1,1,1,4,3,1,1,1.85,83,116,FALSE
Female,Loyal Customer,55,Business Travel,Business,408,4,4,4,4,2,4,5,5,5,5,5,3,5,4.23,19,13,TRUE
Female,Loyal Customer,33,Business Travel,Business,3068,5,5,5,5,2,5,5,5,5,5,5,3,3,4.46,39,25,TRUE
Male,Loyal Customer,49,Personal Travel,Eco,353,3,1,3,3,4,3,4,4,4,5,4,2,4,3.38,0,0,FALSE
Female,Disloyal Customer,36,Business Travel,Eco,785,1,1,1,3,2,1,2,2,1,1,4,3,2,1.85,0,0,FALSE
Female,Loyal Customer,35,Business Travel,Business,2672,2,2,2,2,5,4,5,4,4,4,4,4,4,3.54,15,14,TRUE
Female,Loyal Customer,63,Personal Travel,Eco,358,3,5,3,5,3,5,4,4,4,3,4,5,5,4.08,10,0,FALSE
Female,Loyal Customer,38,Personal Travel,Eco,671,3,5,3,1,1,3,1,1,3,5,4,5,1,2.77,43,36,FALSE
Female,Loyal Customer,8,Personal Travel,Eco,1670,2,4,2,4,2,2,2,2,2,2,1,1,2,2.15,0,4,FALSE
Female,Loyal Customer,52,Personal Travel,Eco Plus,190,5,4,5,3,2,4,4,4,4,5,4,5,5,4.15,0,0,TRUE
Male,Loyal Customer,43,Business Travel,Business,543,1,1,1,1,5,5,5,5,5,5,5,5,3,3.62,42,49,TRUE
Female,Loyal Customer,35,Business Travel,Business,3371,4,4,4,4,1,5,4,5,5,5,5,5,3,4.15,0,0,TRUE
Male,Loyal Customer,56,Business Travel,Business,3734,2,2,2,2,2,5,4,4,4,4,4,3,5,3.31,0,0,TRUE
Female,Loyal Customer,35,Business Travel,Business,2815,5,5,5,5,5,1,1,5,5,5,4,3,5,4.15,0,0,TRUE
Male,Loyal Customer,49,Business Travel,Business,1065,5,5,5,5,5,5,4,5,5,5,5,5,4,4.85,29,0,TRUE
Male,Loyal Customer,37,Business Travel,Business,1089,2,4,4,4,3,4,3,2,2,2,2,2,3,2.85,0,12,FALSE
Male,Loyal Customer,15,Business Travel,Eco Plus,337,2,4,4,4,2,2,2,2,2,1,4,2,2,2.54,100,99,FALSE
Female,Disloyal Customer,22,Business Travel,Eco,187,3,3,3,4,4,3,2,4,3,5,4,3,4,3.46,0,0,FALSE
Female,Loyal Customer,47,Business Travel,Eco,977,5,3,4,3,2,2,5,5,5,5,5,1,3,3.69,0,0,TRUE
Female,Loyal Customer,69,Personal Travel,Business,677,2,4,3,3,5,4,4,1,1,3,1,3,1,2.69,0,16,FALSE
Female,Loyal Customer,62,Personal Travel,Eco,570,2,5,3,1,5,4,4,2,2,3,5,4,3,3.31,5,9,FALSE
Male,Loyal Customer,47,Business Travel,Business,3644,2,2,2,2,2,5,4,2,2,2,2,4,5,2.77,0,0,TRUE
Female,Disloyal Customer,25,Business Travel,Business,337,2,4,2,1,1,2,1,1,3,2,4,5,1,2.23,0,0,FALSE
Female,Loyal Customer,54,Personal Travel,Eco Plus,255,1,3,1,5,1,2,3,3,3,1,3,3,1,2.31,117,121,FALSE
Female,Loyal Customer,32,Business Travel,Business,562,3,3,3,3,5,5,5,5,4,3,5,5,5,4.15,0,0,TRUE
Female,Loyal Customer,49,Business Travel,Eco,762,4,4,4,4,1,4,4,5,5,4,5,1,4,3.77,73,87,FALSE
Male,Loyal Customer,65,Personal Travel,Eco,867,4,3,4,4,4,4,4,4,2,3,4,3,4,3.62,102,129,FALSE
Female,Loyal Customer,42,Business Travel,Business,1908,3,3,3,3,5,4,5,4,4,4,4,3,4,3.77,0,0,TRUE
Male,Loyal Customer,38,Business Travel,Business,944,1,1,1,1,2,4,1,4,4,4,4,3,3,2.54,0,8,TRUE
Female,Loyal Customer,44,Business Travel,Business,1464,1,1,2,1,3,5,5,4,4,4,4,5,4,3.31,0,0,TRUE
Male,Loyal Customer,53,Business Travel,Business,2090,5,5,5,5,3,4,5,4,4,4,4,4,5,4.38,30,19,TRUE
Male,Loyal Customer,44,Business Travel,Business,2205,1,5,4,4,4,3,4,2,2,1,1,1,2,2.62,1,0,FALSE
Male,Loyal Customer,41,Business Travel,Business,3246,2,2,2,2,1,1,2,2,2,2,2,1,3,1.85,0,4,FALSE
Male,Loyal Customer,40,Business Travel,Eco,551,3,2,2,2,3,3,3,3,4,1,4,1,3,2.62,0,5,FALSE
Male,Loyal Customer,63,Personal Travel,Eco,201,2,3,0,4,3,0,3,3,2,3,3,3,3,2.46,0,0,FALSE
Male,Disloyal Customer,37,Business Travel,Eco Plus,237,1,1,1,4,2,1,2,2,4,4,3,4,2,2.38,5,9,FALSE
Male,Loyal Customer,50,Personal Travel,Eco Plus,925,4,4,4,1,1,4,1,1,5,5,3,5,1,3,1,0,FALSE
Female,Loyal Customer,11,Personal Travel,Eco,1721,1,4,1,3,3,1,5,3,4,3,3,3,3,2.85,0,0,FALSE
Female,Disloyal Customer,22,Business Travel,Eco,628,4,5,4,2,2,4,2,2,2,1,2,1,2,2.54,0,0,TRUE
Male,Loyal Customer,49,Business Travel,Eco,391,4,3,3,3,4,4,4,4,4,5,4,4,4,3.85,0,3,FALSE
Female,Loyal Customer,69,Personal Travel,Eco,460,3,4,3,3,5,4,4,5,5,3,5,4,3,3.92,19,21,FALSE
Male,Loyal Customer,37,Personal Travel,Eco,1407,2,4,2,4,5,2,2,5,5,4,3,1,5,3.38,43,48,FALSE
Male,Disloyal Customer,45,Business Travel,Business,399,5,5,5,4,2,5,3,2,4,2,4,4,2,3.62,0,0,TRUE
Male,Loyal Customer,65,Personal Travel,Eco,1211,3,0,3,3,1,3,1,1,5,4,5,4,1,2.62,6,6,FALSE
Female,Loyal Customer,46,Personal Travel,Eco,1050,1,5,1,2,4,4,4,4,4,1,4,3,3,3.08,8,0,FALSE
Male,Disloyal Customer,23,Business Travel,Eco,447,1,4,1,1,2,1,2,2,5,2,5,3,2,2.38,0,0,FALSE
Male,Loyal Customer,7,Personal Travel,Eco,655,3,1,2,4,1,2,1,1,3,1,2,4,1,2,3,0,FALSE
Male,Loyal Customer,21,Personal Travel,Eco,363,1,4,5,3,5,5,5,5,4,2,4,5,5,4.08,0,0,FALSE
Female,Disloyal Customer,30,Business Travel,Eco,954,1,1,1,3,3,1,3,3,1,1,5,2,3,2.15,0,0,FALSE
Male,Loyal Customer,41,Personal Travel,Eco,417,4,3,4,2,3,4,2,3,3,4,1,5,3,3.15,37,37,FALSE
Male,Loyal Customer,68,Business Travel,Eco,404,4,4,4,4,4,4,4,4,4,3,2,3,4,3.69,2,0,TRUE
Male,Loyal Customer,52,Business Travel,Business,3201,4,4,4,4,5,4,4,4,4,4,4,4,5,4.15,0,0,TRUE
Male,Loyal Customer,58,Business Travel,Eco,528,3,1,1,1,3,3,3,3,3,1,3,3,3,2.38,124,125,FALSE
Female,Loyal Customer,52,Business Travel,Business,3554,2,2,2,2,5,5,5,4,4,4,4,4,3,3.54,7,1,TRUE
Female,Loyal Customer,22,Personal Travel,Eco,1235,3,0,3,1,3,3,4,3,4,5,4,3,3,3,14,0,FALSE
Female,Loyal Customer,39,Business Travel,Business,691,5,5,5,5,5,5,5,4,4,4,4,5,3,4.54,0,8,TRUE
Female,Loyal Customer,27,Personal Travel,Eco,338,1,5,1,1,5,1,5,5,5,5,4,3,5,3.54,1,3,FALSE
Female,Loyal Customer,46,Business Travel,Eco,888,2,4,4,4,5,4,3,2,2,2,2,4,2,3.08,0,6,FALSE
Male,Loyal Customer,53,Business Travel,Business,2235,3,3,3,3,5,4,5,4,4,4,4,4,5,3.92,0,3,TRUE
Male,Loyal Customer,41,Business Travel,Business,2714,3,3,5,3,5,4,5,4,4,4,4,3,5,4,14,1,TRUE
Female,Loyal Customer,27,Personal Travel,Eco,1723,1,4,1,2,2,1,2,2,4,2,4,4,2,2.38,0,5,FALSE
Male,Loyal Customer,68,Business Travel,Business,2743,3,4,4,4,1,3,3,3,3,3,3,3,4,3.15,20,22,FALSE
Female,Disloyal Customer,25,Business Travel,Business,588,2,4,2,3,1,2,1,1,4,5,5,4,1,2.69,0,2,FALSE
Female,Loyal Customer,42,Business Travel,Business,1876,5,5,5,5,2,4,4,5,5,5,4,5,5,4.54,0,0,TRUE
Female,Loyal Customer,11,Business Travel,Eco,2434,2,1,1,1,2,2,3,2,3,5,3,3,2,2.31,7,29,FALSE
Male,Disloyal Customer,27,Business Travel,Eco,950,4,4,4,2,2,4,2,2,3,5,2,4,2,3.08,0,2,TRUE
Female,Disloyal Customer,25,Business Travel,Eco Plus,399,3,4,3,4,2,3,1,2,2,2,2,1,2,2.38,0,0,FALSE
Male,Loyal Customer,50,Business Travel,Business,3766,2,2,3,2,3,4,4,2,2,2,2,3,1,2.46,13,15,FALSE
Male,Loyal Customer,16,Personal Travel,Eco,787,2,4,2,2,2,2,2,2,3,3,1,4,2,2.38,9,11,FALSE
Male,Loyal Customer,53,Business Travel,Eco,270,5,5,5,5,5,5,5,5,3,5,3,2,5,4.46,0,22,TRUE
Female,Loyal Customer,41,Business Travel,Business,1192,1,1,2,1,3,4,5,5,5,5,5,3,5,3.46,0,0,TRUE
Male,Loyal Customer,59,Business Travel,Eco,2717,5,1,1,1,5,5,5,5,4,3,4,5,5,3.77,0,0,TRUE
Male,Loyal Customer,70,Personal Travel,Eco,1208,3,1,3,4,2,3,2,2,2,4,4,4,2,2.77,0,0,FALSE
Female,Loyal Customer,21,Personal Travel,Eco,200,2,5,0,4,4,0,4,4,4,1,2,2,4,2.77,20,0,FALSE
Male,Disloyal Customer,26,Business Travel,Eco,628,5,0,5,3,5,5,5,5,3,1,5,4,5,3.92,21,23,TRUE
Female,Loyal Customer,40,Personal Travel,Eco,678,3,4,3,5,4,3,4,4,3,2,4,5,4,3.69,0,2,FALSE
Male,Disloyal Customer,37,Business Travel,Business,631,3,4,4,4,3,4,3,3,5,4,5,3,3,3.69,10,0,TRUE
Female,Disloyal Customer,39,Business Travel,Business,1041,3,3,3,4,4,3,1,4,5,2,2,3,4,3.15,1,0,FALSE
Female,Disloyal Customer,22,Business Travel,Eco,550,3,5,3,2,4,3,4,4,3,4,4,4,4,3.62,0,0,FALSE
Male,Loyal Customer,17,Personal Travel,Eco,416,3,1,5,3,3,5,3,3,4,4,4,2,3,3.31,33,33,FALSE
Female,Loyal Customer,39,Personal Travel,Eco,781,3,5,3,1,4,3,1,4,4,5,5,3,4,3.46,0,0,FALSE
Male,Loyal Customer,51,Business Travel,Business,1744,4,4,4,4,3,5,5,4,4,5,4,3,3,4,42,34,TRUE
Female,Loyal Customer,35,Business Travel,Business,3936,3,1,5,5,5,3,4,2,2,3,3,1,1,2.92,0,1,FALSE
Female,Loyal Customer,41,Business Travel,Eco,308,5,4,4,4,5,5,5,5,1,1,4,2,5,3.85,0,0,TRUE
Male,Disloyal Customer,35,Business Travel,Business,427,2,2,2,4,3,2,3,3,4,4,4,3,3,3,3,1,FALSE
Female,Loyal Customer,30,Business Travel,Business,1096,4,4,4,4,4,4,4,4,4,5,4,3,4,4,0,0,TRUE
Male,Loyal Customer,34,Business Travel,Eco,196,5,4,5,4,5,5,5,5,2,1,2,3,5,3.92,0,0,TRUE
Male,Disloyal Customer,37,Business Travel,Eco,259,4,0,4,3,2,4,2,2,2,4,5,3,2,2.85,0,0,TRUE
Female,Disloyal Customer,29,Business Travel,Eco,710,1,1,1,3,4,1,4,4,1,3,3,3,4,2.54,0,0,FALSE
Male,Loyal Customer,30,Personal Travel,Eco,907,3,4,3,4,4,3,4,4,2,5,3,3,4,3.54,0,0,FALSE
Female,Loyal Customer,70,Personal Travel,Eco Plus,395,3,2,3,4,5,4,3,3,3,3,3,1,3,3.08,0,0,FALSE
Male,Loyal Customer,43,Business Travel,Eco,627,5,5,5,5,5,5,5,5,3,4,5,3,5,4.62,0,0,TRUE
Female,Loyal Customer,41,Personal Travel,Eco,727,2,5,2,5,1,2,4,1,2,5,4,1,1,2.69,0,6,FALSE
Male,Disloyal Customer,42,Business Travel,Business,442,3,3,3,4,2,3,5,2,4,5,4,3,2,3.31,14,6,FALSE
Female,Loyal Customer,46,Business Travel,Business,1782,2,2,2,2,2,5,4,4,4,5,4,5,4,3.46,0,0,TRUE
Female,Loyal Customer,47,Business Travel,Business,836,2,2,2,2,4,4,5,3,3,4,3,4,3,3.15,0,0,TRUE
Male,Loyal Customer,63,Personal Travel,Eco,733,3,3,3,4,4,3,4,4,2,5,3,3,4,3.46,0,0,FALSE
Male,Loyal Customer,58,Business Travel,Business,258,5,5,5,5,2,4,5,5,5,5,5,3,5,4.54,39,51,TRUE
Male,Loyal Customer,50,Business Travel,Business,965,5,5,5,5,1,4,2,3,3,3,3,4,5,3.69,0,0,TRUE
Female,Loyal Customer,39,Business Travel,Eco Plus,86,2,5,5,5,2,2,2,2,3,5,4,1,2,3.08,0,0,FALSE
Female,Loyal Customer,29,Business Travel,Business,1024,1,1,2,1,5,5,5,5,4,4,5,4,5,3.62,1,0,TRUE
Female,Loyal Customer,24,Personal Travel,Eco,404,2,2,5,4,4,5,4,4,3,2,4,4,4,3.62,0,0,FALSE
Male,Loyal Customer,37,Business Travel,Eco,160,5,3,3,3,5,5,5,5,5,2,5,4,5,4.23,0,0,TRUE
Male,Loyal Customer,54,Personal Travel,Eco,869,4,4,4,3,3,4,3,3,4,3,4,2,3,3.38,0,0,FALSE
Female,Loyal Customer,47,Business Travel,Business,2640,5,5,5,5,4,5,1,4,4,4,4,1,2,3.77,0,0,TRUE
Male,Loyal Customer,48,Business Travel,Business,1363,2,2,2,2,4,4,4,2,2,3,2,5,3,2.85,22,20,TRUE
Female,Loyal Customer,37,Business Travel,Business,2942,2,2,3,2,5,4,3,2,2,1,2,3,2,2.54,15,13,FALSE
Male,Loyal Customer,47,Business Travel,Business,899,5,5,5,5,2,5,5,5,5,4,5,4,3,4.46,0,0,TRUE
Male,Disloyal Customer,26,Business Travel,Business,528,1,1,1,1,5,1,5,5,4,5,4,4,5,3.23,0,70,FALSE
Male,Disloyal Customer,23,Business Travel,Eco,918,2,2,2,4,2,2,2,2,1,1,3,2,2,2.08,0,0,FALSE
Male,Loyal Customer,41,Business Travel,Business,1514,2,5,5,5,5,3,4,2,2,2,2,4,1,3.23,0,0,FALSE
Male,Loyal Customer,49,Personal Travel,Eco,153,2,1,2,1,2,2,4,2,4,3,1,2,2,2.15,33,32,FALSE
Male,Disloyal Customer,74,Business Travel,Eco,460,4,2,4,2,3,4,3,3,1,4,3,4,3,3.08,2,2,FALSE
Female,Loyal Customer,43,Personal Travel,Eco,554,3,5,3,3,2,5,5,4,4,3,4,4,4,3.77,0,0,FALSE
Female,Loyal Customer,52,Personal Travel,Eco,413,4,5,4,1,5,4,5,5,5,4,5,3,4,4.15,0,0,TRUE
Male,Disloyal Customer,25,Business Travel,Business,333,5,0,5,4,2,5,2,2,5,5,5,5,2,3.62,0,4,TRUE
Female,Loyal Customer,36,Business Travel,Eco,721,2,4,4,4,2,3,2,2,5,1,5,4,2,3.08,0,11,TRUE
Male,Loyal Customer,10,Personal Travel,Eco,338,3,5,3,5,2,3,2,2,4,4,5,3,2,3.31,8,1,FALSE
Male,Disloyal Customer,32,Business Travel,Business,547,2,2,2,3,5,2,2,5,3,2,5,5,5,3.31,0,0,FALSE
Female,Loyal Customer,38,Business Travel,Business,3174,2,2,2,2,2,4,4,5,5,5,5,3,5,3.54,0,0,TRUE
Male,Disloyal Customer,22,Business Travel,Eco,606,4,0,4,5,5,4,5,5,3,5,5,3,5,4.08,0,0,FALSE
Female,Loyal Customer,24,Business Travel,Eco,460,3,2,4,2,3,1,3,4,2,4,4,3,3,2.92,123,146,FALSE
Male,Loyal Customer,58,Personal Travel,Eco,130,1,0,1,2,1,1,1,1,4,4,5,3,1,1.92,0,0,FALSE
Male,Loyal Customer,41,Business Travel,Eco,442,1,5,5,5,1,1,1,1,2,3,4,1,1,2.38,73,59,FALSE
Male,Loyal Customer,28,Business Travel,Business,3625,5,5,5,5,5,5,5,5,3,5,4,4,5,4.69,0,0,TRUE
Male,Loyal Customer,48,Personal Travel,Eco Plus,2486,3,1,3,4,1,3,1,1,3,4,3,1,1,2.23,2,0,FALSE
Female,Loyal Customer,46,Business Travel,Business,3743,5,5,4,5,5,5,5,5,5,5,5,4,5,4.85,0,0,TRUE
Female,Loyal Customer,43,Business Travel,Business,1592,1,1,1,1,4,5,4,4,4,5,4,4,5,3.31,0,1,TRUE
Female,Loyal Customer,9,Personal Travel,Eco Plus,602,3,4,3,4,1,3,3,1,1,2,3,2,1,2.38,1,3,FALSE
Female,Loyal Customer,44,Business Travel,Business,1041,4,3,3,3,3,4,4,2,2,3,2,4,4,3.15,180,174,FALSE
Female,Loyal Customer,34,Personal Travel,Eco,216,1,0,0,3,4,0,1,4,4,4,4,3,4,2.46,0,0,FALSE
Female,Loyal Customer,40,Business Travel,Business,3005,5,5,5,5,4,4,5,5,5,4,5,3,4,4.54,0,5,TRUE
Male,Loyal Customer,61,Personal Travel,Eco,599,3,2,3,3,3,3,3,3,4,1,4,2,3,2.85,0,0,FALSE
Male,Loyal Customer,52,Business Travel,Eco,853,4,1,5,1,4,4,4,4,2,3,2,3,4,3.15,7,0,TRUE
Female,Loyal Customer,60,Business Travel,Business,2133,4,4,4,4,5,3,5,4,4,4,4,3,5,4.08,5,0,TRUE
Male,Loyal Customer,59,Business Travel,Business,1969,2,2,2,2,2,3,5,5,5,5,5,4,3,3.46,0,0,TRUE
Male,Loyal Customer,54,Personal Travel,Eco,669,1,4,1,5,3,1,3,3,4,5,5,4,3,3.23,0,6,FALSE
Male,Loyal Customer,38,Business Travel,Eco,300,3,3,5,3,3,3,3,3,1,2,3,4,3,3,0,0,FALSE
Male,Loyal Customer,49,Business Travel,Eco,185,1,5,5,5,2,1,2,2,4,5,3,2,2,3,0,0,FALSE
Female,Disloyal Customer,25,Business Travel,Eco,937,3,3,3,4,1,3,1,1,4,4,4,3,1,2.69,0,0,FALSE
Male,Loyal Customer,44,Business Travel,Eco,292,2,4,2,4,2,2,2,2,4,1,4,4,2,2.69,105,108,FALSE
Female,Disloyal Customer,35,Business Travel,Eco,1337,3,3,3,4,3,3,3,3,1,3,3,4,3,3,22,26,FALSE
Female,Loyal Customer,47,Business Travel,Business,2432,5,5,5,5,5,4,5,5,5,5,5,3,4,4.69,0,1,TRUE
Male,Loyal Customer,52,Personal Travel,Eco,577,3,5,3,4,4,3,4,4,5,4,4,5,4,4,34,17,FALSE
Male,Loyal Customer,41,Personal Travel,Eco,1020,3,3,3,3,2,3,2,2,3,5,1,1,2,2.54,0,0,FALSE
Female,Loyal Customer,52,Business Travel,Business,3252,3,5,5,5,4,3,4,3,3,3,3,2,2,3.46,0,0,FALSE
Male,Loyal Customer,67,Business Travel,Business,3182,4,2,2,2,5,2,2,4,4,4,4,4,3,3.23,27,17,FALSE
Male,Loyal Customer,62,Personal Travel,Eco Plus,1995,1,1,1,4,1,1,1,1,4,1,4,1,1,1.69,12,0,FALSE
Female,Loyal Customer,50,Business Travel,Eco,1005,4,1,5,1,4,5,4,4,4,4,4,4,4,3.69,0,4,TRUE
Female,Disloyal Customer,26,Business Travel,Eco Plus,282,2,2,2,4,5,2,5,5,2,4,4,3,5,3.46,6,1,FALSE
Female,Disloyal Customer,29,Business Travel,Eco,1014,2,2,2,2,3,2,3,3,3,2,3,4,3,2.62,0,21,FALSE
Male,Loyal Customer,48,Business Travel,Business,2516,2,2,2,2,1,4,3,5,5,5,5,5,5,3.54,0,0,TRUE
Male,Loyal Customer,41,Business Travel,Eco,187,3,3,3,3,3,3,3,1,5,2,2,3,3,2.85,274,310,FALSE
Female,Loyal Customer,25,Business Travel,Eco,1053,5,1,5,5,5,5,4,5,1,1,2,1,5,3.46,0,0,TRUE
Female,Loyal Customer,30,Personal Travel,Eco,304,1,5,1,1,4,1,3,4,4,5,4,5,4,3.23,0,0,FALSE
Female,Disloyal Customer,10,Business Travel,Eco,594,3,0,3,2,4,3,4,4,4,4,1,1,4,2.85,5,2,FALSE
Male,Loyal Customer,35,Personal Travel,Eco,328,1,2,1,4,4,1,4,4,2,5,4,2,4,2.92,19,17,FALSE
Male,Loyal Customer,57,Business Travel,Business,2160,1,1,5,1,3,4,5,3,3,3,3,4,3,3,0,0,TRUE
Female,Disloyal Customer,34,Business Travel,Eco,563,1,3,1,3,2,1,2,2,3,3,4,4,2,2.38,0,0,FALSE
Female,Disloyal Customer,46,Business Travel,Business,1185,4,5,5,4,5,4,5,5,5,2,4,4,5,4.38,7,0,TRUE
Male,Loyal Customer,47,Business Travel,Business,453,3,3,2,3,4,5,4,5,5,5,5,3,3,3.85,0,0,TRUE
Male,Loyal Customer,65,Personal Travel,Eco Plus,337,3,4,3,2,4,3,3,4,3,1,1,2,4,2.85,0,0,FALSE
Male,Loyal Customer,36,Business Travel,Eco,231,4,5,5,5,4,4,4,4,5,1,3,4,4,4,1,2,TRUE
Male,Loyal Customer,10,Business Travel,Business,997,4,5,4,4,4,4,4,4,3,4,4,5,4,4.08,2,4,TRUE
Male,Loyal Customer,22,Personal Travel,Eco Plus,258,2,3,2,4,4,2,4,4,2,3,4,2,4,3.08,0,0,FALSE
Female,Loyal Customer,51,Business Travel,Business,563,4,4,4,4,2,4,5,4,4,4,4,3,4,3.85,0,0,TRUE
Male,Loyal Customer,22,Personal Travel,Eco,411,4,5,4,2,2,4,2,2,3,5,1,2,2,2.92,0,0,FALSE
Male,Loyal Customer,29,Business Travel,Business,1276,1,1,1,1,5,5,5,5,3,5,4,4,5,3.46,46,28,TRUE
Female,Loyal Customer,18,Business Travel,Eco,368,4,4,4,4,4,4,3,4,3,5,3,1,4,3.62,126,103,FALSE
Female,Loyal Customer,45,Personal Travel,Eco,135,2,5,2,1,2,5,5,2,2,2,2,4,4,2.92,0,1,FALSE
Female,Loyal Customer,47,Personal Travel,Eco,488,4,0,4,3,5,4,4,5,5,4,5,3,4,3.85,0,0,FALSE
Male,Disloyal Customer,18,Business Travel,Eco,201,3,2,3,3,5,3,5,5,4,3,4,3,5,3.69,43,47,FALSE
Female,Loyal Customer,31,Business Travel,Business,3492,3,3,3,3,3,3,3,3,3,4,5,2,3,3.15,0,0,TRUE
Male,Loyal Customer,13,Personal Travel,Eco,1034,2,5,2,3,1,2,1,1,5,4,5,4,1,2.77,3,0,FALSE
Female,Loyal Customer,46,Business Travel,Business,2366,3,3,3,3,3,5,5,3,3,4,3,4,5,3.62,42,35,TRUE
Female,Loyal Customer,44,Business Travel,Business,2145,3,3,3,3,4,4,4,4,4,5,4,3,3,3.62,25,0,TRUE
Male,Loyal Customer,55,Personal Travel,Eco,451,4,4,4,3,4,4,4,4,3,3,4,4,4,3.77,0,0,TRUE
Female,Loyal Customer,17,Personal Travel,Eco,783,4,4,4,4,5,4,5,5,4,3,4,5,5,4.31,11,0,TRUE
Female,Loyal Customer,45,Business Travel,Business,3337,2,2,2,2,2,5,5,4,4,5,4,5,5,3.62,0,10,TRUE
Male,Loyal Customer,55,Personal Travel,Eco,1069,3,5,3,3,4,3,4,4,4,3,4,3,4,3.62,0,0,FALSE
Female,Loyal Customer,45,Personal Travel,Eco,920,4,4,4,3,3,4,4,3,3,4,3,4,3,3.54,0,0,FALSE
Male,Loyal Customer,24,Personal Travel,Eco,1865,2,5,2,1,4,2,4,4,5,2,5,3,4,3.31,0,0,FALSE
Female,Loyal Customer,70,Business Travel,Eco,650,5,4,1,4,5,2,1,4,4,5,4,5,4,3.69,0,0,TRUE
Female,Loyal Customer,59,Business Travel,Business,2160,2,2,2,2,2,4,4,4,4,4,4,3,5,3.23,0,9,TRUE
Male,Disloyal Customer,18,Business Travel,Eco,1416,5,5,5,4,2,5,2,2,4,5,2,4,2,3.62,0,0,TRUE
Male,Loyal Customer,14,Personal Travel,Business,631,2,4,2,3,4,2,4,4,1,5,4,4,4,3.31,0,0,FALSE
Male,Loyal Customer,56,Business Travel,Business,444,3,3,3,3,4,1,3,5,5,4,5,2,5,3.54,1,0,TRUE
Male,Disloyal Customer,40,Business Travel,Eco,867,1,1,1,5,4,1,4,4,2,3,4,1,4,2.69,0,0,FALSE
Male,Loyal Customer,8,Personal Travel,Business,429,1,5,1,1,5,1,1,5,2,5,2,5,5,3,0,0,FALSE
Male,Loyal Customer,43,Personal Travel,Eco Plus,143,5,4,5,4,3,5,3,3,3,5,3,4,3,3.85,0,0,TRUE
Male,Loyal Customer,55,Business Travel,Business,237,2,2,2,2,4,5,4,4,4,4,4,4,3,3.38,3,1,TRUE
Female,Loyal Customer,24,Business Travel,Business,3445,2,3,4,3,2,2,2,2,3,4,3,2,2,2.62,0,0,FALSE
Male,Disloyal Customer,31,Business Travel,Business,1990,3,3,3,1,5,3,5,5,3,4,4,3,5,3.62,5,0,FALSE
Female,Loyal Customer,48,Business Travel,Eco,954,4,4,4,4,5,5,5,4,4,4,4,1,1,3.77,0,0,TRUE
Male,Loyal Customer,34,Personal Travel,Eco,842,3,2,3,2,4,3,4,4,4,1,3,1,4,2.92,0,0,FALSE
Female,Loyal Customer,52,Business Travel,Business,2005,1,1,1,1,4,4,1,4,4,4,4,5,2,2.77,0,0,TRUE
Female,Loyal Customer,40,Business Travel,Business,3859,4,4,4,4,5,5,4,4,4,4,4,5,1,4,0,0,TRUE
Male,Loyal Customer,31,Business Travel,Business,1400,3,3,3,3,3,2,3,3,3,2,4,3,3,2.92,0,0,TRUE
Female,Loyal Customer,30,Personal Travel,Eco,433,2,2,2,4,3,2,3,3,3,4,3,3,3,2.85,0,0,FALSE
Female,Loyal Customer,35,Business Travel,Eco Plus,266,5,5,5,5,5,5,5,5,3,4,4,5,5,4.69,0,1,TRUE
Male,Loyal Customer,53,Business Travel,Business,109,5,2,5,5,4,5,5,5,5,5,5,3,3,4.38,0,0,TRUE
Male,Loyal Customer,32,Business Travel,Business,746,2,4,2,2,5,5,5,5,1,4,1,2,5,3.31,0,0,TRUE
Male,Loyal Customer,19,Personal Travel,Eco,1162,3,3,3,3,4,3,2,4,3,2,4,4,4,3.23,0,44,FALSE
Male,Loyal Customer,52,Business Travel,Business,3930,2,2,2,2,2,3,3,2,2,2,2,3,1,2.15,0,0,FALSE
Male,Disloyal Customer,15,Business Travel,Eco,743,2,2,2,1,5,2,1,5,4,3,5,1,5,2.92,11,0,FALSE
Female,Loyal Customer,60,Personal Travel,Eco,1037,2,5,2,3,2,4,4,3,3,2,4,4,5,3.31,0,0,FALSE
Female,Disloyal Customer,20,Business Travel,Eco,883,3,3,3,4,1,3,1,1,2,3,3,2,1,2.31,0,13,FALSE
Female,Loyal Customer,39,Personal Travel,Eco,650,1,2,1,4,2,1,5,2,1,5,3,3,2,2.46,8,0,FALSE
Female,Disloyal Customer,23,Business Travel,Eco,746,2,2,2,2,2,2,2,2,1,1,1,3,2,1.85,0,0,FALSE
Male,Loyal Customer,66,Personal Travel,Eco Plus,1249,1,4,1,2,2,1,2,2,5,4,5,4,2,2.69,0,0,FALSE
Male,Disloyal Customer,16,Business Travel,Eco,723,2,2,2,3,3,2,3,3,3,2,4,5,3,2.85,0,0,FALSE
Male,Loyal Customer,52,Personal Travel,Eco,1235,3,3,3,3,3,3,3,3,4,1,3,2,3,2.85,0,0,FALSE
Female,Loyal Customer,22,Business Travel,Business,1710,1,0,0,4,5,0,5,5,1,2,4,2,5,2.62,125,118,FALSE
Female,Disloyal Customer,20,Business Travel,Eco,886,2,2,2,4,4,2,4,4,4,2,4,4,4,3.23,5,14,FALSE
Female,Loyal Customer,43,Business Travel,Eco,251,4,1,1,1,4,2,5,4,4,4,4,5,3,3.23,0,0,TRUE
Female,Loyal Customer,51,Business Travel,Business,3884,4,4,4,4,1,1,4,5,5,5,5,5,2,3.77,0,0,TRUE
Female,Disloyal Customer,22,Business Travel,Eco,622,1,3,1,4,4,1,4,4,2,5,3,4,4,3.08,5,44,FALSE
Male,Disloyal Customer,24,Business Travel,Eco,307,1,0,1,2,1,1,1,1,3,5,5,3,1,1.92,18,18,FALSE
Male,Loyal Customer,46,Business Travel,Business,1671,1,1,1,1,5,5,4,4,4,4,4,5,3,3.23,0,0,TRUE
Male,Loyal Customer,53,Business Travel,Business,2634,5,5,1,5,4,4,4,3,3,4,3,4,5,3.85,0,0,TRUE
Male,Disloyal Customer,16,Business Travel,Eco,174,3,2,3,3,4,3,4,4,2,4,4,4,4,3.38,0,14,FALSE
Female,Loyal Customer,40,Business Travel,Business,2479,3,4,3,3,4,4,4,4,4,4,4,5,3,3.77,0,0,TRUE
Male,Disloyal Customer,38,Business Travel,Eco,188,4,4,5,3,3,5,3,3,3,4,3,1,3,3.38,0,0,FALSE
Female,Loyal Customer,44,Personal Travel,Eco,536,2,5,2,2,3,5,4,1,1,2,4,3,5,3,0,0,FALSE
Female,Loyal Customer,54,Personal Travel,Eco Plus,936,5,3,5,3,2,3,3,4,4,5,4,3,1,3.46,0,0,TRUE
Male,Loyal Customer,53,Business Travel,Business,1548,5,5,5,5,4,4,5,5,5,5,5,5,4,4.77,18,10,TRUE
Male,Loyal Customer,54,Personal Travel,Eco,284,3,5,3,1,1,3,1,1,5,3,2,4,1,2.54,0,0,FALSE
Female,Loyal Customer,20,Personal Travel,Eco,2139,2,5,2,1,3,2,3,3,5,2,4,3,3,2.92,58,38,FALSE
Male,Loyal Customer,17,Personal Travel,Eco,308,1,1,1,2,3,1,3,3,4,4,2,3,3,2.38,1,0,FALSE
Male,Loyal Customer,61,Business Travel,Business,2583,4,3,3,3,4,4,4,4,5,3,3,4,4,3.69,68,68,FALSE
Female,Disloyal Customer,23,Business Travel,Eco,462,3,1,3,2,3,3,3,3,1,2,1,3,3,2.38,23,24,FALSE
Male,Loyal Customer,57,Personal Travel,Eco,606,5,5,5,2,3,5,3,3,5,4,5,5,3,4.08,4,3,TRUE
Female,Loyal Customer,43,Business Travel,Business,945,2,2,2,2,3,4,2,4,4,4,4,1,1,2.69,0,0,TRUE
Female,Loyal Customer,45,Business Travel,Business,370,2,2,3,2,2,3,5,5,5,5,5,2,2,3.31,0,0,TRUE
Male,Loyal Customer,60,Personal Travel,Eco,789,2,2,2,1,4,2,4,4,2,4,2,1,4,2.62,0,0,FALSE
Female,Loyal Customer,18,Personal Travel,Business,621,1,5,1,3,4,1,4,4,4,3,4,4,4,3.23,0,0,FALSE
Male,Loyal Customer,36,Business Travel,Eco Plus,1249,4,5,5,5,4,4,4,4,1,3,5,5,4,4.08,16,0,TRUE
Female,Loyal Customer,46,Business Travel,Business,1846,5,5,3,5,4,3,4,5,5,5,5,3,4,4.31,0,0,TRUE
Female,Loyal Customer,40,Business Travel,Business,2442,3,3,3,3,3,2,3,3,3,3,3,2,3,2.85,0,0,FALSE
Female,Loyal Customer,78,Business Travel,Eco Plus,425,2,3,3,3,1,3,3,2,2,2,2,5,3,2.62,0,0,TRUE
Male,Loyal Customer,40,Business Travel,Business,404,3,3,5,3,3,4,4,4,4,4,4,5,5,3.92,0,0,TRUE
Male,Loyal Customer,47,Business Travel,Business,759,1,4,1,1,5,5,5,4,4,4,4,3,3,3.38,24,19,TRUE
Male,Disloyal Customer,27,Business Travel,Business,346,0,0,0,4,1,0,1,1,1,3,5,2,1,1.46,0,4,TRUE
Male,Loyal Customer,58,Business Travel,Eco,733,3,3,3,3,3,3,3,3,3,1,2,4,3,2.85,55,,FALSE
Female,Loyal Customer,50,Business Travel,Business,937,2,2,2,2,2,5,4,4,4,4,4,4,5,3.38,22,0,TRUE
Female,Loyal Customer,29,Business Travel,Business,1400,3,3,3,3,3,4,3,3,5,5,4,2,3,3.38,13,0,TRUE
Female,Loyal Customer,50,Personal Travel,Eco Plus,861,1,5,1,4,5,5,4,2,2,1,2,5,5,3.23,15,23,FALSE
Female,Disloyal Customer,24,Business Travel,Eco,587,1,0,1,4,1,1,1,1,5,4,4,5,1,2.23,0,4,FALSE
Female,Loyal Customer,54,Personal Travel,Eco,447,4,4,3,1,4,5,4,5,5,3,5,5,3,3.92,10,0,FALSE
Male,Loyal Customer,18,Business Travel,Business,2671,2,5,5,5,2,2,2,2,3,3,2,1,2,2.77,0,0,FALSE
Male,Loyal Customer,38,Business Travel,Eco,371,3,1,1,1,3,3,3,3,3,2,3,2,3,2.38,25,13,FALSE
Female,Loyal Customer,56,Business Travel,Business,3312,4,4,4,4,2,4,2,4,4,4,4,4,4,3.69,0,0,TRUE
Male,Loyal Customer,57,Personal Travel,Eco,612,1,5,1,5,1,1,1,1,2,5,2,3,1,2.23,36,12,FALSE
Male,Loyal Customer,25,Personal Travel,Eco,408,3,2,3,4,1,3,1,1,1,3,3,1,1,2.08,0,0,FALSE
Female,Disloyal Customer,38,Business Travel,Eco,326,3,2,3,4,1,3,1,1,3,4,3,3,1,2.46,0,4,FALSE
Male,Loyal Customer,24,Business Travel,Eco,343,4,4,4,4,4,4,3,4,3,3,5,3,4,3.77,0,0,TRUE
Male,Loyal Customer,68,Personal Travel,Eco,223,3,5,3,3,1,3,1,1,5,5,5,3,1,3,0,0,FALSE
Female,Loyal Customer,59,Business Travel,Business,1587,3,3,3,3,2,4,4,4,4,4,4,4,5,3.62,1,0,TRUE
Female,Loyal Customer,63,Personal Travel,Eco,954,3,5,3,3,4,1,2,2,2,3,2,4,3,2.85,0,0,FALSE
Male,Loyal Customer,31,Personal Travel,Business,691,1,4,2,1,4,2,4,4,5,3,5,5,4,3.38,18,17,FALSE
Male,Loyal Customer,15,Business Travel,Business,2860,3,3,2,3,5,5,5,5,3,4,2,3,5,3.69,0,0,TRUE
Female,Loyal Customer,46,Business Travel,Eco,837,2,3,3,3,4,3,2,2,2,2,2,3,2,2.54,0,11,FALSE
Female,Loyal Customer,23,Business Travel,Business,1085,1,1,1,1,5,5,5,5,3,3,5,4,5,3.38,0,1,TRUE
Female,Loyal Customer,17,Personal Travel,Eco,201,1,5,0,3,5,0,2,5,1,1,5,3,5,2.77,0,0,FALSE
Female,Loyal Customer,30,Personal Travel,Eco,228,2,5,2,3,5,2,1,5,3,2,4,4,5,3.31,39,27,FALSE
Female,Loyal Customer,30,Business Travel,Business,3578,1,1,1,1,4,4,4,4,3,3,4,5,4,3,0,0,TRUE
Female,Disloyal Customer,34,Business Travel,Business,280,1,1,1,4,1,1,4,1,3,2,4,3,1,2.08,22,31,FALSE
Male,Disloyal Customer,44,Business Travel,Eco,337,3,2,3,1,3,3,3,3,4,1,1,1,3,2.38,0,2,FALSE
Male,Loyal Customer,50,Personal Travel,Eco,1195,1,4,1,3,1,1,2,1,4,4,3,4,1,2.31,17,10,FALSE
Female,Loyal Customer,45,Personal Travel,Eco,395,2,4,2,3,3,5,5,1,1,2,1,4,5,2.92,0,0,FALSE
Male,Loyal Customer,53,Business Travel,Business,2476,2,2,5,5,4,4,4,2,2,3,2,1,4,3.08,0,0,FALSE
Male,Loyal Customer,39,Business Travel,Eco,337,1,4,4,4,1,1,1,1,2,1,3,1,1,1.92,9,1,FALSE
Male,Loyal Customer,41,Business Travel,Business,2906,1,1,1,1,2,5,5,5,5,4,5,5,4,3.38,0,0,TRUE
Male,Loyal Customer,43,Personal Travel,Eco,589,2,1,2,3,3,2,3,3,4,3,3,3,3,2.69,8,0,FALSE
Male,Disloyal Customer,22,Business Travel,Business,140,0,0,0,5,2,0,3,2,4,5,4,3,2,2.31,4,23,TRUE
Male,Loyal Customer,44,Business Travel,Eco,998,3,2,1,2,3,3,3,4,2,2,1,3,3,2.46,225,230,TRUE
Male,Loyal Customer,11,Personal Travel,Business,2569,2,1,2,3,4,2,4,4,2,4,3,2,4,2.85,0,0,FALSE
Female,Loyal Customer,51,Business Travel,Business,1774,3,3,3,3,3,5,4,5,5,5,5,4,5,4.08,0,0,TRUE
Male,Loyal Customer,46,Personal Travel,Eco,770,1,4,1,3,3,1,2,3,3,4,4,4,3,2.77,0,10,FALSE
Male,Loyal Customer,42,Business Travel,Business,197,5,5,5,5,3,5,4,5,5,5,5,3,3,4.46,0,0,TRUE
Female,Loyal Customer,28,Business Travel,Business,977,3,3,3,3,3,3,3,3,4,5,3,2,3,3.15,0,0,FALSE
Female,Loyal Customer,25,Business Travel,Business,853,1,1,1,1,3,3,3,3,4,2,5,5,3,2.69,2,23,TRUE
Male,Loyal Customer,33,Personal Travel,Eco,649,3,4,3,3,5,3,5,5,1,3,3,2,5,3.46,27,8,FALSE
Male,Disloyal Customer,27,Business Travel,Business,110,1,1,1,2,2,1,2,2,5,5,4,4,2,2.46,0,14,FALSE
Male,Loyal Customer,38,Business Travel,Business,372,4,2,4,2,1,4,4,4,4,3,4,2,1,3,14,7,FALSE
Male,Disloyal Customer,11,Business Travel,Eco,585,2,4,3,4,1,3,4,1,1,1,4,4,1,2.54,6,0,FALSE
Female,Loyal Customer,48,Business Travel,Eco,577,1,2,2,2,2,3,4,1,1,1,1,1,1,1.69,0,28,FALSE
Male,Loyal Customer,35,Business Travel,Business,2863,5,2,5,5,4,4,1,5,5,4,5,5,3,4.08,0,0,TRUE
Female,Loyal Customer,48,Business Travel,Business,2092,5,5,5,5,5,3,4,4,4,4,4,5,5,4.46,7,0,TRUE
Female,Loyal Customer,44,Business Travel,Business,2935,5,5,3,5,4,4,5,5,5,5,5,5,4,4.62,0,0,TRUE
Male,Loyal Customer,57,Business Travel,Business,2020,5,5,5,5,4,4,4,4,4,4,4,5,3,4.31,0,0,TRUE
Male,Disloyal Customer,29,Business Travel,Eco,1501,3,3,3,4,2,3,1,2,1,2,3,4,2,2.54,7,12,FALSE
Female,Loyal Customer,39,Personal Travel,Eco,990,1,4,1,4,2,1,2,2,4,2,4,4,2,2.54,3,15,FALSE
Female,Loyal Customer,40,Business Travel,Business,228,1,1,5,1,5,1,3,4,4,4,4,3,3,3,0,0,TRUE
Male,Disloyal Customer,36,Business Travel,Eco,262,1,4,1,3,1,1,1,1,4,2,4,1,1,1.92,0,0,FALSE
Female,Loyal Customer,56,Business Travel,Business,337,0,1,1,1,5,5,4,3,3,3,3,5,4,2.92,0,0,TRUE
Male,Disloyal Customer,24,Business Travel,Eco,404,1,2,1,4,5,1,4,5,3,1,3,3,5,2.92,0,26,FALSE
Male,Loyal Customer,44,Business Travel,Business,1085,5,5,5,5,3,4,5,5,5,5,5,5,4,4.69,0,0,TRUE
Female,Disloyal Customer,16,Business Travel,Eco,522,4,0,4,4,3,4,3,3,1,2,5,3,3,3,0,0,TRUE
Male,Loyal Customer,52,Business Travel,Business,2109,4,4,4,4,3,4,4,4,4,4,4,4,4,3.92,0,0,TRUE
Male,Loyal Customer,57,Business Travel,Business,2815,0,0,0,4,3,4,4,4,4,5,5,3,4,3.08,0,0,TRUE
Male,Loyal Customer,36,Business Travel,Eco,354,4,4,4,4,4,4,4,4,2,1,1,2,4,3.23,0,0,TRUE
Female,Loyal Customer,45,Personal Travel,Eco,261,3,3,3,3,2,3,4,1,1,3,1,1,1,2.23,4,0,FALSE
Female,Disloyal Customer,55,Business Travel,Eco,67,1,1,0,4,2,0,2,2,1,1,4,2,2,1.69,37,28,FALSE
Male,Loyal Customer,37,Business Travel,Eco,425,2,3,5,3,2,2,2,2,3,2,2,1,2,2.38,0,0,FALSE
Male,Loyal Customer,50,Business Travel,Business,945,5,5,5,5,2,4,3,5,5,5,5,1,2,4,0,0,TRUE
Female,Loyal Customer,38,Business Travel,Business,2434,4,4,4,4,5,3,3,4,4,3,4,2,1,3.46,0,0,FALSE
Female,Loyal Customer,39,Business Travel,Business,455,4,4,4,4,4,4,5,5,5,5,5,4,4,4.38,0,0,TRUE
Male,Loyal Customer,23,Business Travel,Eco,429,2,4,4,4,2,2,1,2,4,4,2,2,2,2.69,0,4,FALSE
Male,Loyal Customer,50,Personal Travel,Eco,1242,4,2,4,4,4,4,4,2,3,2,4,4,4,3.46,139,123,FALSE
Female,Loyal Customer,49,Business Travel,Business,236,1,4,4,4,3,1,1,1,1,1,1,1,3,2,0,0,FALSE
Male,Loyal Customer,59,Business Travel,Eco,101,5,3,5,3,5,5,5,5,3,2,4,3,5,4.08,0,0,TRUE
Male,Loyal Customer,51,Personal Travel,Eco,214,3,4,3,3,1,3,1,1,5,3,5,5,1,2.92,0,0,FALSE
Female,Disloyal Customer,33,Business Travel,Business,216,1,1,1,1,2,1,2,2,5,2,5,4,2,2.23,10,0,FALSE
Male,Loyal Customer,46,Business Travel,Business,3860,3,3,3,3,3,5,4,4,4,4,4,5,3,3.69,23,12,TRUE
Female,Disloyal Customer,28,Business Travel,Eco,803,3,4,4,4,1,4,1,1,3,2,4,4,1,2.77,0,0,FALSE
Male,Loyal Customer,58,Business Travel,Business,3003,3,3,4,3,4,4,5,5,5,5,5,4,3,4.08,0,0,TRUE
Female,Loyal Customer,25,Business Travel,Business,2688,1,1,1,1,1,1,1,1,1,1,4,2,1,1.31,0,0,FALSE
Female,Loyal Customer,47,Business Travel,Eco Plus,296,2,4,4,4,3,3,4,2,2,2,2,2,2,2.77,25,21,FALSE
Male,Loyal Customer,57,Business Travel,Business,160,3,3,3,3,3,1,5,4,4,4,5,3,1,3.23,2,0,TRUE
Male,Loyal Customer,44,Business Travel,Business,783,5,4,5,5,2,5,2,5,5,5,5,3,5,4.31,0,0,TRUE
Female,Disloyal Customer,21,Business Travel,Eco,119,3,2,3,3,5,3,1,5,3,1,3,2,5,3,0,6,FALSE
Male,Loyal Customer,38,Personal Travel,Eco,1023,3,2,3,3,3,3,3,3,2,1,2,2,3,2.54,27,45,FALSE
Male,Loyal Customer,24,Personal Travel,Eco,325,1,4,1,3,4,1,4,4,1,4,3,2,4,2.77,0,0,FALSE
Female,Disloyal Customer,13,Business Travel,Eco,1479,4,3,3,3,1,4,1,1,2,5,2,3,1,2.54,0,0,FALSE
Female,Loyal Customer,41,Business Travel,Eco,1737,3,4,4,4,3,3,3,3,2,3,2,2,3,3,0,0,FALSE
Female,Loyal Customer,29,Business Travel,Business,1684,3,3,2,3,4,4,4,4,3,5,4,4,4,3.62,0,0,TRUE
Female,Loyal Customer,60,Business Travel,Eco,624,1,4,4,4,4,3,4,1,1,1,1,4,4,2.77,0,0,FALSE
Male,Loyal Customer,66,Personal Travel,Eco,606,4,5,4,3,4,4,4,4,4,2,5,5,4,4,90,76,FALSE
Female,Loyal Customer,25,Business Travel,Business,842,5,5,5,5,4,4,4,5,5,5,4,4,4,4.54,140,129,TRUE
Male,Loyal Customer,57,Personal Travel,Eco,239,4,4,4,3,4,4,4,4,4,5,1,4,4,3.77,3,0,TRUE
Male,Loyal Customer,34,Personal Travel,Eco,113,1,1,1,3,5,1,5,5,1,3,4,1,5,2.77,0,0,FALSE
Female,Loyal Customer,28,Business Travel,Eco,677,2,3,3,3,2,2,2,2,4,1,3,3,2,2.46,94,92,FALSE
Female,Loyal Customer,53,Business Travel,Business,3917,2,2,2,2,2,5,4,4,4,4,4,5,4,3.38,30,35,TRUE
Male,Loyal Customer,34,Business Travel,Eco Plus,408,4,4,4,4,4,4,4,4,1,1,4,1,4,3.31,0,0,FALSE
Male,Loyal Customer,26,Business Travel,Business,1005,5,5,5,5,5,5,5,5,1,1,3,5,5,4.23,14,0,TRUE
Female,Disloyal Customer,34,Business Travel,Eco,907,4,4,4,3,2,4,2,2,4,5,3,3,2,3.23,23,21,FALSE
Male,Loyal Customer,54,Business Travel,Business,413,2,2,2,2,3,4,4,5,5,5,5,4,4,3.62,54,95,TRUE
Male,Disloyal Customer,33,Personal Travel,Eco,335,3,4,3,4,4,3,4,4,4,4,5,3,4,3.77,0,0,FALSE
Female,Loyal Customer,47,Business Travel,Eco,481,1,3,3,3,5,4,4,1,1,1,1,3,1,2.38,0,38,FALSE
Male,Loyal Customer,62,Personal Travel,Eco,631,3,5,3,1,2,3,4,2,3,2,2,4,2,2.77,0,0,FALSE
Female,Disloyal Customer,51,Business Travel,Business,516,4,4,4,4,5,4,5,5,5,4,4,4,5,4.38,0,0,TRUE
Female,Loyal Customer,53,Business Travel,Business,631,1,1,3,1,5,4,5,4,4,5,4,5,4,3.54,0,0,TRUE
Male,Loyal Customer,47,Personal Travel,Eco,2475,3,3,3,1,3,3,3,3,1,2,1,2,3,2.38,2,15,FALSE
Male,Loyal Customer,44,Personal Travel,Eco Plus,209,2,3,0,2,4,0,4,4,2,2,2,2,4,2.38,0,0,FALSE
Female,Loyal Customer,56,Personal Travel,Eco,236,1,4,0,3,1,4,1,5,5,0,5,2,4,2.69,20,12,FALSE
Male,Loyal Customer,52,Personal Travel,Eco,2611,3,4,2,4,2,5,5,2,2,4,3,5,5,3.54,0,0,FALSE
Female,Disloyal Customer,33,Business Travel,Eco,695,2,2,2,3,5,2,5,5,2,2,2,5,5,3.23,0,0,FALSE
Male,Loyal Customer,28,Personal Travel,Eco Plus,1119,3,5,3,3,4,3,4,4,4,5,2,3,4,3.62,0,0,FALSE
Male,Loyal Customer,28,Business Travel,Eco Plus,606,2,4,4,4,2,2,2,2,3,3,3,1,2,2.62,0,0,FALSE
Male,Loyal Customer,43,Business Travel,Business,247,2,2,2,2,2,5,5,5,5,5,5,3,5,3.69,0,0,TRUE
Male,Loyal Customer,31,Business Travel,Business,937,3,1,1,1,3,3,3,3,2,4,4,4,3,2.69,22,16,FALSE
Male,Loyal Customer,39,Personal Travel,Eco,306,2,4,2,2,1,2,1,1,5,4,4,5,1,2.62,0,0,FALSE
Male,Loyal Customer,37,Business Travel,Business,3461,2,5,5,5,4,4,3,2,2,2,2,2,4,3.23,68,61,FALSE
Male,Loyal Customer,52,Personal Travel,Eco,689,2,4,2,3,3,2,3,3,1,5,3,1,3,2.69,0,0,FALSE
Male,Loyal Customer,26,Business Travel,Business,2466,4,4,4,4,3,4,3,3,1,4,4,4,3,3.46,0,0,TRUE
Female,Loyal Customer,31,Business Travel,Business,3411,3,3,3,3,4,4,4,3,4,5,4,4,4,3.69,272,267,TRUE
Male,Disloyal Customer,27,Business Travel,Eco,846,2,2,2,2,1,2,2,1,2,5,3,1,1,2,0,0,FALSE
Male,Disloyal Customer,69,Business Travel,Eco,458,4,0,4,4,4,4,1,4,3,2,5,5,4,3.38,43,57,TRUE
Male,Disloyal Customer,19,Business Travel,Eco,752,4,4,4,3,3,4,3,3,4,2,2,4,3,3.31,3,73,FALSE
Female,Loyal Customer,50,Personal Travel,Eco,570,1,5,1,3,4,4,5,2,2,1,2,4,3,2.85,2,0,FALSE
Male,Loyal Customer,64,Business Travel,Eco Plus,968,4,5,5,5,4,4,4,4,5,1,3,2,4,3.85,7,16,TRUE
Male,Loyal Customer,20,Business Travel,Business,859,3,3,3,3,5,5,5,5,3,5,5,4,5,4.15,5,1,TRUE
Female,Loyal Customer,44,Business Travel,Business,3003,2,1,1,1,2,3,3,2,2,2,2,1,4,2,12,10,FALSE
Female,Loyal Customer,59,Business Travel,Business,544,2,2,2,2,2,4,5,5,5,5,5,3,4,3.54,0,0,TRUE
Male,Loyal Customer,38,Business Travel,Business,3944,4,4,4,4,5,4,4,4,4,4,4,5,5,4.23,0,0,TRUE
Female,Disloyal Customer,58,Business Travel,Eco,411,3,0,3,2,1,3,1,1,3,5,5,4,1,2.46,0,0,FALSE
Female,Loyal Customer,16,Personal Travel,Business,224,4,3,4,4,3,4,3,3,1,1,4,3,3,3.08,0,0,FALSE
Female,Loyal Customer,52,Business Travel,Business,2183,3,3,3,3,5,4,4,4,4,4,4,4,4,3.77,0,2,TRUE
Female,Loyal Customer,60,Business Travel,Business,2783,5,5,4,5,2,4,5,4,4,4,4,3,3,4,18,0,TRUE
Female,Loyal Customer,7,Personal Travel,Eco,528,4,4,4,4,5,4,5,5,4,2,4,4,5,4.15,0,0,FALSE
Male,Disloyal Customer,30,Business Travel,Business,925,4,5,5,2,3,5,3,3,3,4,5,5,3,3.85,76,83,TRUE
Female,Loyal Customer,25,Business Travel,Business,2199,5,5,5,5,2,2,2,2,4,5,4,3,2,3.54,0,0,TRUE
Female,Loyal Customer,31,Business Travel,Business,1587,1,1,1,1,5,5,5,5,4,4,5,5,5,3.62,0,0,TRUE
Female,Loyal Customer,59,Personal Travel,Eco,1120,2,4,2,2,2,4,5,4,4,2,3,4,3,3.15,0,0,FALSE
Female,Loyal Customer,43,Business Travel,Eco,84,4,5,5,5,5,5,3,4,4,4,4,3,5,4.31,0,3,TRUE
Male,Loyal Customer,58,Business Travel,Business,1834,5,5,5,5,5,4,4,4,4,4,4,3,4,4.31,0,0,TRUE
Female,Loyal Customer,43,Business Travel,Business,2529,2,4,5,5,4,1,2,2,2,2,2,3,1,2.69,0,0,FALSE
Female,Loyal Customer,56,Personal Travel,Eco,319,3,5,5,3,5,5,4,1,1,5,1,5,1,3.38,11,6,FALSE
Female,Loyal Customer,63,Personal Travel,Eco,258,2,4,2,3,3,2,3,4,4,2,4,1,1,2.69,0,0,FALSE
Female,Disloyal Customer,34,Business Travel,Eco Plus,304,4,4,4,4,3,4,3,3,5,5,3,5,3,3.85,26,45,FALSE
Male,Loyal Customer,36,Business Travel,Eco Plus,1050,4,2,2,2,4,4,4,4,3,4,4,3,4,3.38,5,7,TRUE
Female,Disloyal Customer,39,Business Travel,Business,354,3,3,3,3,1,3,1,1,2,3,4,1,1,2.23,33,27,FALSE
Male,Loyal Customer,36,Business Travel,Eco,387,3,5,2,5,3,3,3,3,1,1,1,2,3,2.69,0,1,FALSE
Female,Loyal Customer,27,Personal Travel,Eco,731,1,3,0,3,3,0,4,3,1,3,3,1,3,2.15,1,0,FALSE
Female,Loyal Customer,42,Business Travel,Business,3330,0,3,0,1,3,2,1,2,2,2,2,3,5,2,9,2,TRUE
Male,Loyal Customer,65,Personal Travel,Eco,358,4,4,4,4,4,4,4,4,5,2,5,4,4,4,0,0,TRUE
Female,Loyal Customer,48,Business Travel,Business,1391,1,1,1,1,3,4,5,2,2,2,2,3,4,2.38,0,0,TRUE
Male,Loyal Customer,44,Business Travel,Business,899,5,5,5,5,4,4,4,4,5,4,2,4,4,4.23,188,203,TRUE
Male,Disloyal Customer,18,Business Travel,Eco,925,4,4,4,3,2,4,2,2,4,5,5,4,2,3.46,103,98,FALSE
Male,Loyal Customer,45,Business Travel,Business,3829,4,1,3,1,1,4,3,4,4,4,4,3,1,2.85,0,0,FALSE
Male,Loyal Customer,25,Personal Travel,Eco,836,4,2,4,4,5,4,3,5,3,1,4,2,5,3.54,58,24,FALSE
Female,Loyal Customer,19,Business Travel,Business,1609,4,4,4,4,4,4,4,4,5,3,5,3,4,4,0,0,TRUE
Female,Loyal Customer,67,Personal Travel,Business,255,3,0,3,3,2,3,2,5,5,3,5,5,1,3.08,0,0,FALSE
Male,Loyal Customer,48,Business Travel,Business,383,2,4,1,4,2,4,4,2,2,2,2,4,4,2.85,0,17,FALSE
Female,Loyal Customer,47,Business Travel,Business,365,1,5,2,2,5,2,1,1,1,1,1,3,1,2,0,0,FALSE
Female,Loyal Customer,39,Business Travel,Business,3282,2,1,1,1,5,4,3,2,2,2,2,4,4,2.54,0,4,FALSE
Female,Disloyal Customer,18,Business Travel,Eco,631,1,2,1,3,5,1,3,5,2,2,3,1,5,2.62,0,7,FALSE
Female,Loyal Customer,29,Business Travel,Business,1577,1,1,1,1,3,4,3,3,4,5,5,4,3,2.92,0,0,TRUE
Female,Loyal Customer,45,Business Travel,Business,3281,2,2,2,2,3,5,3,5,5,5,5,1,2,3.23,84,80,TRUE
Male,Loyal Customer,70,Personal Travel,Business,1576,3,2,3,3,2,4,3,3,3,3,3,4,1,2.85,0,0,FALSE
Female,Loyal Customer,28,Personal Travel,Eco,545,3,2,4,3,1,4,3,1,2,3,3,3,1,2.54,0,0,FALSE
Male,Loyal Customer,37,Personal Travel,Eco,945,2,2,1,2,2,1,2,2,1,5,3,3,2,2.15,0,0,FALSE
Female,Loyal Customer,49,Business Travel,Business,433,2,2,2,2,3,5,4,3,3,4,3,3,5,3.15,0,0,TRUE
Female,Loyal Customer,29,Business Travel,Business,1035,4,4,4,4,5,5,5,5,4,3,5,3,5,4.31,0,0,TRUE
Male,Loyal Customer,59,Personal Travel,Eco,990,1,4,1,2,5,1,5,5,3,3,5,3,5,3.31,11,3,FALSE
Female,Loyal Customer,55,Business Travel,Business,2155,4,4,4,4,2,5,5,5,5,5,5,4,4,4.31,0,1,TRUE
Male,Loyal Customer,31,Business Travel,Business,666,1,0,0,4,3,0,3,3,3,2,4,2,3,2.15,0,0,FALSE
Female,Loyal Customer,48,Personal Travel,Eco,2541,3,5,3,2,3,5,4,4,4,3,4,5,3,3.69,41,9,FALSE
Male,Disloyal Customer,29,Business Travel,Eco,1797,3,3,3,4,3,3,3,3,2,5,3,3,3,3.15,0,2,FALSE
Male,Loyal Customer,11,Personal Travel,Eco,229,1,5,1,4,2,1,2,2,5,2,4,5,2,2.77,0,0,FALSE
Female,Disloyal Customer,29,Business Travel,Eco,1107,2,1,1,1,5,1,3,5,4,1,5,5,5,3,0,,FALSE
Male,Loyal Customer,50,Business Travel,Business,624,3,3,3,3,5,4,4,4,4,4,4,4,5,3.85,0,7,TRUE
Male,Disloyal Customer,38,Business Travel,Eco,979,3,3,3,3,3,1,1,2,4,4,4,1,1,2.54,158,147,FALSE
Female,Loyal Customer,49,Business Travel,Business,3852,2,2,2,2,4,4,4,5,5,5,5,4,4,3.69,30,9,TRUE
Male,Loyal Customer,49,Business Travel,Business,646,4,3,4,4,5,5,5,3,2,5,5,5,5,4.23,216,235,TRUE
Female,Loyal Customer,54,Business Travel,Eco,318,4,2,2,2,1,4,5,4,4,4,4,1,1,2.92,0,0,TRUE
Female,Loyal Customer,14,Personal Travel,Eco,634,4,5,4,1,4,4,4,4,4,5,5,3,4,3.92,15,17,FALSE
Female,Loyal Customer,72,Business Travel,Eco Plus,1979,1,1,1,1,2,3,3,1,1,1,1,1,3,1.54,4,0,FALSE
Male,Loyal Customer,50,Personal Travel,Business,1747,3,4,3,4,4,4,5,5,5,3,5,3,4,4,0,0,FALSE
Female,Loyal Customer,42,Business Travel,Business,2603,4,4,4,4,4,4,5,5,5,5,5,3,4,4.31,84,80,TRUE
Male,Loyal Customer,55,Personal Travel,Eco,1605,2,4,2,4,3,2,2,3,5,3,4,5,3,3.23,0,0,FALSE
Male,Loyal Customer,23,Business Travel,Business,1747,2,2,2,2,5,5,5,5,5,2,5,5,5,3.85,16,8,TRUE
Male,Loyal Customer,45,Business Travel,Business,227,5,5,5,5,2,4,1,5,5,5,5,1,2,3.85,0,0,TRUE
Female,Loyal Customer,50,Business Travel,Business,3737,2,2,2,2,5,4,4,2,2,2,2,3,5,2.85,35,25,TRUE
Female,Loyal Customer,54,Business Travel,Eco,108,4,3,4,4,3,3,3,4,4,4,4,1,1,3.23,0,0,FALSE
Male,Disloyal Customer,38,Business Travel,Business,419,2,2,2,2,3,2,3,3,5,4,5,5,3,3.15,0,0,FALSE
Female,Loyal Customer,50,Personal Travel,Eco,2153,5,5,5,3,5,5,5,4,2,3,4,5,5,4.31,113,133,TRUE
Female,Loyal Customer,62,Business Travel,Business,1024,4,1,1,1,1,4,3,4,4,3,4,3,2,2.69,29,35,FALSE
Male,Loyal Customer,57,Business Travel,Eco,1849,3,3,3,3,3,3,3,3,2,4,3,3,3,3,0,0,FALSE
Female,Loyal Customer,45,Business Travel,Business,3810,1,1,1,1,4,5,4,4,4,4,4,3,3,3,70,111,TRUE
Female,Loyal Customer,37,Personal Travel,Business,251,2,5,2,3,2,4,5,3,3,2,3,4,3,3.15,7,8,FALSE
Female,Loyal Customer,34,Business Travel,Business,602,2,5,5,5,1,2,3,2,2,2,2,3,4,2.92,3,0,FALSE
Male,Loyal Customer,24,Business Travel,Business,920,4,4,4,4,5,4,5,5,5,3,5,3,5,4.31,0,0,TRUE
Male,Loyal Customer,39,Business Travel,Business,1744,1,1,1,1,3,4,4,5,5,5,5,4,3,3.23,0,12,TRUE
Male,Loyal Customer,49,Business Travel,Business,2266,2,2,2,2,5,5,5,5,5,5,5,5,3,3.92,19,19,TRUE
Female,Loyal Customer,13,Personal Travel,Business,382,1,4,1,2,2,1,2,2,3,4,5,5,2,2.62,1,14,FALSE
Female,Loyal Customer,54,Business Travel,Business,1749,1,1,1,1,5,3,5,4,4,4,4,5,3,3.15,0,3,TRUE
Female,Loyal Customer,33,Business Travel,Business,2105,3,3,3,3,2,2,4,3,3,3,3,1,4,2.85,0,0,FALSE
Male,Loyal Customer,23,Business Travel,Business,3675,3,3,2,3,5,5,5,5,4,4,5,5,5,4.15,0,0,TRUE
Female,Loyal Customer,34,Personal Travel,Eco Plus,869,5,4,5,3,5,5,5,5,2,2,4,1,5,3.92,0,0,TRUE
Male,Loyal Customer,39,Business Travel,Business,1723,5,5,5,5,5,4,4,4,4,4,4,3,3,4.23,0,0,TRUE
Female,Loyal Customer,55,Personal Travel,Eco,328,3,0,3,4,2,5,5,2,2,3,2,4,4,3,0,0,FALSE
Male,Loyal Customer,60,Business Travel,Business,731,5,5,5,5,4,5,4,4,4,4,4,3,3,4.23,0,0,TRUE
Female,Loyal Customer,27,Personal Travel,Eco,581,2,5,2,2,1,2,1,1,3,2,4,5,1,2.38,5,10,FALSE
Female,Loyal Customer,25,Business Travel,Business,140,3,3,3,3,5,5,5,5,3,2,5,5,5,4,0,0,TRUE
Male,Loyal Customer,10,Personal Travel,Eco,639,1,5,2,1,2,2,1,2,5,4,4,3,2,2.62,0,0,FALSE
Male,Loyal Customer,25,Personal Travel,Eco,750,1,4,2,4,3,2,3,3,5,4,5,4,3,3.31,0,0,FALSE
Female,Loyal Customer,9,Personal Travel,Eco Plus,157,2,4,0,3,3,0,2,3,4,2,4,4,3,2.62,0,0,FALSE
Male,Disloyal Customer,29,Business Travel,Business,1130,5,5,5,2,4,5,4,4,4,3,5,3,4,4.08,0,0,TRUE
Female,Loyal Customer,32,Personal Travel,Eco,1066,3,5,3,3,3,3,3,3,5,2,4,5,3,3.46,0,0,FALSE
Male,Disloyal Customer,22,Business Travel,Eco,399,3,0,3,1,5,3,3,5,5,5,4,4,5,3.54,0,0,FALSE
Male,Loyal Customer,40,Personal Travel,Eco,214,2,4,0,5,5,0,5,5,5,4,4,4,5,3.69,27,40,FALSE
Female,Loyal Customer,17,Personal Travel,Eco,248,3,4,3,2,3,3,3,3,4,4,5,4,3,3.38,0,0,FALSE
Male,Loyal Customer,66,Personal Travel,Eco,1073,4,4,4,2,3,4,2,3,5,5,4,3,3,3.54,43,11,TRUE
Female,Loyal Customer,33,Personal Travel,Eco,1020,4,4,4,3,1,4,4,1,5,4,1,3,1,3,56,43,FALSE
Male,Disloyal Customer,22,Business Travel,Business,545,4,1,4,2,1,4,1,1,5,2,5,3,1,2.62,0,0,TRUE
Male,Loyal Customer,19,Personal Travel,Business,1065,1,1,1,2,1,1,1,1,2,3,1,3,1,1.46,20,16,FALSE
Female,Loyal Customer,41,Personal Travel,Eco,1079,2,5,3,5,3,3,3,3,4,4,5,5,3,3.69,11,7,FALSE
Male,Disloyal Customer,34,Business Travel,Business,1744,3,3,3,2,2,3,2,2,5,4,5,5,2,3.15,12,0,FALSE
Male,Loyal Customer,57,Business Travel,Business,2050,4,4,4,4,3,5,5,5,5,5,5,3,3,4.23,0,0,TRUE
Female,Loyal Customer,51,Business Travel,Eco Plus,401,5,2,2,2,5,5,5,2,2,5,2,5,5,3.62,296,276,TRUE
Female,Loyal Customer,66,Business Travel,Eco Plus,547,2,4,4,4,1,3,3,2,2,2,2,1,2,2.46,0,0,FALSE
Male,Loyal Customer,22,Business Travel,Business,896,3,1,3,3,3,3,3,3,4,3,3,1,3,2.77,0,6,TRUE
Male,Loyal Customer,50,Business Travel,Business,1690,0,0,0,3,2,4,4,4,4,4,4,4,5,2.92,0,0,TRUE
Male,Loyal Customer,17,Personal Travel,Eco,964,5,5,5,4,3,5,3,3,5,3,5,5,3,4.15,6,0,TRUE
Female,Loyal Customer,48,Business Travel,Eco,187,4,2,3,2,1,1,1,5,5,4,5,4,4,3.15,1,5,TRUE
Female,Loyal Customer,24,Personal Travel,Eco,354,2,1,2,4,1,2,1,1,3,3,3,1,1,1.92,15,19,FALSE
Female,Loyal Customer,64,Personal Travel,Eco,3711,3,3,3,1,3,1,1,2,2,2,2,1,1,1.92,358,369,FALSE
Female,Loyal Customer,58,Business Travel,Business,1558,1,1,1,1,3,5,5,4,4,4,4,3,3,3,0,0,TRUE
Female,Loyal Customer,55,Personal Travel,Business,488,5,0,5,4,5,2,1,5,5,5,5,5,2,3.77,0,0,TRUE
Male,Loyal Customer,61,Business Travel,Business,1258,3,1,1,1,4,3,4,3,3,3,3,1,3,2.54,17,0,FALSE
Female,Loyal Customer,42,Personal Travel,Eco Plus,308,3,2,3,4,3,4,4,5,5,3,5,3,3,3.62,0,0,FALSE
Male,Disloyal Customer,24,Business Travel,Eco,329,1,5,1,5,3,1,3,3,5,2,2,5,3,3,15,0,FALSE
Female,Loyal Customer,48,Business Travel,Business,1792,3,3,3,3,5,5,4,4,4,4,4,3,4,3.77,6,0,TRUE
Male,Loyal Customer,40,Business Travel,Business,236,4,4,3,4,3,5,4,5,5,5,5,3,5,4.23,0,0,TRUE
Male,Disloyal Customer,32,Business Travel,Eco,190,2,3,3,4,3,3,3,3,4,3,3,2,3,3,0,0,FALSE
Male,Loyal Customer,46,Personal Travel,Eco,304,2,5,5,1,3,5,3,3,4,5,5,5,3,3.77,0,5,FALSE
Female,Loyal Customer,42,Business Travel,Business,3820,4,5,5,5,5,4,4,4,4,4,4,1,4,4.08,0,0,FALSE
Female,Loyal Customer,39,Business Travel,Business,3475,1,1,1,1,2,4,5,5,5,5,5,3,3,3.15,0,0,TRUE
Male,Loyal Customer,52,Business Travel,Business,190,3,2,2,2,3,4,4,3,3,3,3,4,4,3.08,0,0,FALSE
Female,Loyal Customer,15,Personal Travel,Eco,594,2,1,2,2,4,2,4,4,2,1,2,1,4,2.38,5,32,FALSE
Female,Loyal Customer,58,Business Travel,Eco,391,2,3,3,3,4,3,2,2,2,2,2,1,1,2.31,0,0,FALSE
Female,Loyal Customer,32,Business Travel,Business,342,3,3,2,3,4,4,4,4,4,2,5,3,4,3.46,1,0,TRUE
Female,Loyal Customer,38,Personal Travel,Eco,280,3,4,3,3,3,3,3,3,3,3,5,5,3,3.38,7,0,FALSE
Female,Loyal Customer,24,Business Travel,Business,860,4,4,4,4,5,5,5,5,4,3,5,4,5,4.38,1,0,TRUE
Female,Loyal Customer,49,Business Travel,Eco,488,5,1,1,1,4,1,2,5,5,5,5,4,2,3.15,0,38,TRUE
Female,Disloyal Customer,32,Business Travel,Eco,237,3,1,3,4,2,3,2,2,3,4,3,4,2,2.77,10,12,FALSE
Female,Loyal Customer,65,Business Travel,Eco,278,2,1,1,1,2,2,1,2,2,2,2,4,3,1.92,0,0,FALSE
Male,Loyal Customer,22,Business Travel,Business,3003,5,5,5,5,4,4,4,4,4,5,4,5,4,4.46,0,0,TRUE
Female,Loyal Customer,11,Business Travel,Business,2565,2,1,4,1,2,2,2,2,2,5,3,4,2,2.46,51,25,FALSE
Male,Loyal Customer,58,Business Travel,Business,3117,2,2,2,2,5,1,2,4,4,4,4,2,1,2.69,4,9,TRUE
Female,Loyal Customer,61,Business Travel,Business,1744,1,1,1,1,4,3,2,1,1,2,1,4,1,1.77,27,3,FALSE
Male,Loyal Customer,39,Business Travel,Eco,1037,5,5,5,5,5,5,5,5,4,3,4,4,5,4.62,0,0,TRUE
Male,Loyal Customer,45,Business Travel,Business,1195,3,3,3,3,2,3,4,3,3,3,3,3,3,3,0,0,FALSE
Female,Disloyal Customer,54,Business Travel,Eco,295,2,0,2,4,1,2,1,1,5,2,3,2,1,2,0,0,FALSE
Male,Loyal Customer,59,Business Travel,Business,447,2,2,2,2,5,5,5,2,2,2,2,5,5,3.15,0,0,TRUE
Male,Loyal Customer,48,Personal Travel,Eco,236,3,4,3,1,3,3,2,3,5,4,5,5,3,3.38,0,0,FALSE
Male,Loyal Customer,32,Business Travel,Business,3092,1,4,4,4,1,2,1,1,3,5,2,4,1,2.54,0,0,FALSE
Female,Loyal Customer,52,Personal Travel,Eco,387,3,4,3,3,5,5,5,5,5,3,5,5,4,4.23,0,0,FALSE
Male,Loyal Customer,10,Personal Travel,Eco,1726,3,4,2,3,2,2,2,2,1,4,3,4,2,2.62,3,9,FALSE
Female,Loyal Customer,22,Personal Travel,Eco,672,2,4,2,4,2,2,2,2,2,2,4,3,2,2.54,0,1,FALSE
Male,Disloyal Customer,22,Business Travel,Eco,102,0,3,0,3,4,0,4,4,5,4,4,5,4,3.08,0,0,TRUE
Male,Disloyal Customer,24,Business Travel,Business,957,4,4,4,4,4,4,1,4,3,2,4,4,4,3.54,14,15,TRUE
Female,Disloyal Customer,49,Business Travel,Eco,697,2,2,2,2,4,2,4,4,3,5,3,1,4,2.92,0,4,FALSE
Male,Loyal Customer,44,Business Travel,Business,742,4,4,4,4,5,5,4,3,3,4,3,5,3,3.92,0,0,TRUE
Male,Loyal Customer,17,Personal Travel,Eco,435,1,3,1,3,5,1,1,5,2,1,4,2,5,2.62,0,0,FALSE
Male,Loyal Customer,41,Business Travel,Eco,170,5,5,2,5,5,5,5,5,1,1,2,1,5,3.62,0,0,TRUE
Male,Disloyal Customer,34,Business Travel,Business,725,3,3,3,1,2,3,4,2,5,3,4,3,2,2.92,0,0,FALSE
Male,Loyal Customer,25,Business Travel,Business,2195,2,2,2,2,3,3,3,3,2,5,5,3,3,2.92,0,0,TRUE
Female,Loyal Customer,36,Business Travel,Eco,1013,4,1,1,1,4,4,4,4,3,3,2,1,4,2.77,5,0,FALSE
Male,Loyal Customer,45,Personal Travel,Eco,590,4,5,3,3,5,3,5,5,5,4,5,4,5,4.31,23,17,FALSE
Male,Disloyal Customer,26,Business Travel,Business,1744,4,4,4,2,1,4,1,1,3,4,3,4,1,2.77,0,0,FALSE
Female,Loyal Customer,48,Business Travel,Business,529,3,2,2,2,1,3,3,3,3,3,3,2,4,2.62,7,0,FALSE
Female,Loyal Customer,44,Business Travel,Business,3251,4,4,4,4,4,5,4,4,4,4,4,5,4,4.15,0,0,TRUE
Female,Disloyal Customer,32,Business Travel,Business,772,4,4,4,3,5,4,5,5,5,5,5,3,5,4.38,0,0,FALSE
Female,Disloyal Customer,36,Business Travel,Eco,422,2,5,2,4,3,2,3,3,1,4,3,2,3,2.85,8,7,FALSE
Male,Disloyal Customer,17,Business Travel,Eco,1235,2,2,2,3,4,2,4,4,5,5,5,5,4,3.62,0,0,TRUE
Male,Loyal Customer,45,Business Travel,Business,2910,5,5,5,5,5,4,4,5,5,5,4,3,4,4.54,0,0,TRUE
Male,Loyal Customer,21,Business Travel,Business,2321,2,5,5,5,2,3,2,2,1,5,4,3,2,3.15,0,0,FALSE
Male,Disloyal Customer,28,Business Travel,Eco,992,3,3,3,3,4,3,4,4,4,4,4,3,4,3.54,2,0,FALSE
Male,Loyal Customer,7,Personal Travel,Eco,95,3,4,3,3,5,3,3,5,3,1,2,3,5,3.31,0,4,FALSE
Male,Loyal Customer,48,Business Travel,Business,302,2,2,2,2,4,4,4,4,4,4,4,4,5,3.46,27,19,TRUE
Female,Loyal Customer,66,Personal Travel,Eco,1488,3,2,3,3,3,3,2,3,3,3,3,2,3,2.77,0,0,FALSE
Male,Loyal Customer,68,Business Travel,Business,2171,2,2,2,2,4,5,5,4,4,4,4,3,4,3.46,9,8,TRUE
Female,Loyal Customer,34,Business Travel,Business,2559,3,3,3,3,3,4,5,4,4,4,4,5,5,3.85,12,0,TRUE
Female,Loyal Customer,18,Personal Travel,Eco,262,4,3,4,4,1,4,2,1,2,2,2,4,1,2.62,0,0,FALSE
Female,Loyal Customer,27,Business Travel,Business,2871,5,5,5,5,5,5,5,5,3,3,5,3,5,4.54,0,9,TRUE
Male,Loyal Customer,39,Personal Travel,Eco,501,2,4,3,3,4,3,4,4,4,3,5,4,4,3.62,1,10,FALSE
Male,Loyal Customer,46,Personal Travel,Eco,1797,2,5,2,5,4,2,4,4,2,5,5,4,4,3.69,0,0,FALSE
Male,Loyal Customer,48,Business Travel,Business,1778,4,4,4,4,2,4,5,5,5,5,5,3,4,4.15,9,25,TRUE
Female,Disloyal Customer,24,Business Travel,Eco,594,0,0,0,4,3,0,3,3,3,2,4,5,3,2.31,53,52,TRUE
Male,Disloyal Customer,29,Business Travel,Eco Plus,1197,3,4,4,4,5,4,1,5,3,4,3,4,5,3.77,0,0,FALSE
Male,Loyal Customer,62,Personal Travel,Eco Plus,1235,1,5,1,3,2,1,2,2,5,3,4,4,2,2.69,1,0,FALSE
Female,Loyal Customer,40,Business Travel,Business,1616,4,4,4,4,3,3,5,4,4,4,4,4,3,3.85,10,13,TRUE
Female,Loyal Customer,58,Business Travel,Business,3430,3,3,3,3,2,4,5,4,4,4,4,4,3,3.54,6,15,TRUE
Male,Disloyal Customer,43,Business Travel,Business,373,3,3,3,3,2,3,2,2,4,2,5,3,2,2.85,0,13,FALSE
Male,Disloyal Customer,25,Business Travel,Eco,151,1,5,1,5,2,1,2,2,3,2,1,1,2,2.15,7,2,FALSE
Female,Loyal Customer,44,Business Travel,Business,862,5,5,4,5,5,5,4,5,5,5,5,5,5,4.85,0,0,TRUE
Female,Disloyal Customer,19,Business Travel,Business,1367,0,0,0,3,0,3,3,4,5,5,4,3,3,2.54,0,0,TRUE
Female,Loyal Customer,57,Business Travel,Business,936,3,3,3,3,5,5,4,4,4,5,4,5,4,4,0,0,TRUE
Male,Loyal Customer,56,Business Travel,Business,2521,5,5,5,5,4,3,4,5,5,5,5,3,4,4.46,0,0,TRUE
Female,Loyal Customer,20,Personal Travel,Eco,475,2,2,2,1,2,2,2,2,4,5,1,4,2,2.38,44,56,FALSE
Female,Loyal Customer,49,Business Travel,Business,500,5,5,5,5,5,5,4,4,4,4,4,3,3,4.31,0,0,TRUE
Male,Loyal Customer,44,Business Travel,Business,3034,3,3,3,3,5,4,5,4,4,5,4,4,4,3.92,0,0,TRUE
Male,Loyal Customer,32,Personal Travel,Eco,733,4,3,4,4,1,4,1,1,2,1,5,1,1,2.46,0,0,FALSE
Male,Loyal Customer,20,Personal Travel,Eco,229,3,5,3,1,3,3,3,3,3,3,4,5,3,3.23,0,0,FALSE
Male,Loyal Customer,62,Personal Travel,Eco,599,2,1,2,4,3,2,3,3,3,4,3,1,3,2.62,31,30,FALSE
Male,Disloyal Customer,40,Business Travel,Business,1726,4,4,4,3,2,4,2,2,5,3,5,3,2,3.31,0,0,FALSE
Female,Loyal Customer,61,Business Travel,Eco,429,2,4,4,4,3,2,2,2,2,2,2,4,3,2.77,4,6,FALSE
Male,Loyal Customer,10,Personal Travel,Eco,239,3,5,3,1,3,3,5,3,1,1,2,5,3,2.92,0,0,FALSE
Male,Loyal Customer,15,Personal Travel,Eco,1149,2,5,2,3,1,2,1,1,4,5,4,5,1,2.77,0,9,FALSE
Male,Loyal Customer,42,Business Travel,Business,3255,2,2,2,2,5,4,5,4,4,4,4,3,4,3.46,0,0,TRUE
Male,Disloyal Customer,24,Business Travel,Business,223,4,4,4,3,3,4,3,3,5,5,5,5,3,3.92,0,9,TRUE
Male,Loyal Customer,35,Personal Travel,Eco Plus,1839,5,4,5,2,4,5,4,4,4,4,3,3,4,3.92,0,2,TRUE
Male,Loyal Customer,37,Personal Travel,Eco,333,3,5,3,5,3,3,3,3,3,2,4,3,3,3.31,10,0,FALSE
Male,Loyal Customer,61,Business Travel,Eco Plus,843,5,1,1,1,5,5,5,5,5,5,4,2,5,3.77,0,0,TRUE
Female,Loyal Customer,56,Personal Travel,Eco,247,4,1,4,4,3,3,4,4,4,4,4,4,2,3.46,0,0,FALSE
Male,Loyal Customer,56,Business Travel,Eco Plus,1106,3,3,3,3,3,3,3,3,3,1,3,3,3,2.85,0,14,FALSE
Female,Loyal Customer,58,Business Travel,Eco,271,2,2,2,2,4,2,2,2,2,2,2,1,1,2,0,6,FALSE
Male,Loyal Customer,55,Business Travel,Business,435,3,3,2,3,5,5,4,5,5,5,5,3,4,4,0,0,TRUE
Male,Disloyal Customer,27,Business Travel,Business,296,1,1,1,3,5,1,5,5,3,3,5,5,5,3.31,0,0,FALSE
Female,Loyal Customer,63,Personal Travel,Eco,1139,3,3,3,2,3,2,2,1,2,5,3,2,2,2.54,200,169,FALSE
Female,Loyal Customer,50,Personal Travel,Eco,365,2,4,2,3,5,4,5,5,5,2,3,5,3,3.69,0,0,FALSE
Male,Loyal Customer,51,Business Travel,Business,1528,3,3,5,3,2,3,4,3,3,3,3,1,2,2.92,11,0,FALSE
Male,Loyal Customer,54,Business Travel,Business,1824,1,4,2,4,2,4,4,1,1,1,1,1,2,2.15,3,5,FALSE
Female,Loyal Customer,42,Business Travel,Business,859,4,4,4,4,2,4,4,2,2,2,2,5,4,3.31,0,0,TRUE
Female,Disloyal Customer,8,Business Travel,Business,488,2,1,1,2,3,1,3,3,1,4,2,3,3,2.23,53,50,FALSE
Female,Disloyal Customer,35,Business Travel,Eco,925,3,3,3,3,5,3,5,5,3,4,5,1,5,3.69,0,0,FALSE
Male,Loyal Customer,41,Personal Travel,Eco,280,3,4,2,3,2,1,4,4,4,4,4,4,4,3.31,136,131,FALSE
Male,Loyal Customer,62,Business Travel,Business,125,1,2,2,2,5,3,4,2,2,2,1,3,2,2.38,3,2,FALSE
Female,Loyal Customer,37,Business Travel,Business,295,4,4,4,4,2,3,3,4,4,3,4,4,4,3.62,0,0,FALSE
Female,Loyal Customer,49,Business Travel,Eco,671,4,4,4,4,2,4,3,4,4,4,4,1,4,3.54,0,0,FALSE
Male,Loyal Customer,25,Business Travel,Business,1372,1,5,5,5,1,1,1,1,3,1,4,4,1,2.54,0,0,FALSE
Male,Loyal Customer,58,Business Travel,Business,3169,2,5,4,5,5,4,4,2,2,2,2,2,1,3.08,61,48,FALSE
Female,Loyal Customer,29,Personal Travel,Eco,160,3,4,3,3,1,3,1,1,3,3,5,4,1,2.69,0,0,FALSE
Female,Loyal Customer,19,Personal Travel,Eco,409,3,5,3,2,2,3,2,2,5,2,5,5,2,3.15,4,0,FALSE
Male,Loyal Customer,19,Personal Travel,Eco,920,2,5,2,3,5,2,1,5,4,2,5,4,5,3.46,0,3,FALSE
Male,Loyal Customer,64,Personal Travel,Eco,1249,1,5,1,3,2,1,2,2,5,5,4,4,2,2.85,0,0,FALSE
Male,Disloyal Customer,25,Business Travel,Eco,591,1,4,1,1,5,1,3,5,5,3,3,2,5,3,0,0,FALSE
Male,Loyal Customer,23,Personal Travel,Business,2133,3,5,3,2,1,3,1,1,3,2,3,3,1,2.38,1,5,FALSE
Female,Disloyal Customer,11,Business Travel,Eco,737,3,3,3,4,4,3,4,4,2,1,4,3,4,3.23,27,76,FALSE
Female,Loyal Customer,51,Personal Travel,Business,436,3,4,3,4,2,4,5,1,1,3,1,4,3,2.92,21,14,FALSE
Female,Loyal Customer,25,Business Travel,Business,2684,1,1,1,1,2,2,2,2,5,4,5,4,2,2.46,10,7,TRUE
Male,Loyal Customer,60,Personal Travel,Eco,645,3,5,3,2,1,3,3,1,4,5,4,3,1,2.92,12,7,FALSE
Male,Loyal Customer,49,Personal Travel,Eco,551,4,5,4,2,3,4,3,3,5,3,1,5,3,3.46,0,0,FALSE
Female,Loyal Customer,33,Personal Travel,Eco,358,2,4,2,1,1,2,1,1,4,2,4,5,1,2.31,25,17,FALSE
Male,Loyal Customer,27,Business Travel,Business,1426,1,1,1,1,5,5,5,5,4,3,5,5,5,3.54,0,0,TRUE
Female,Loyal Customer,29,Personal Travel,Eco Plus,351,5,5,5,1,4,5,4,4,3,3,4,5,4,4,0,0,TRUE
Male,Loyal Customer,40,Business Travel,Business,929,2,2,2,2,4,4,5,5,5,5,5,3,4,3.69,0,0,TRUE
Male,Loyal Customer,69,Personal Travel,Eco,113,3,3,3,2,3,3,3,3,1,2,2,3,3,2.62,0,0,FALSE
Female,Loyal Customer,59,Business Travel,Business,449,4,4,4,4,3,4,5,4,4,4,4,5,5,4.15,0,0,TRUE
Male,Loyal Customer,46,Business Travel,Business,259,4,5,4,4,5,4,4,4,4,4,4,3,3,4,0,0,TRUE
Female,Loyal Customer,42,Personal Travel,Eco,147,3,5,3,3,3,4,5,4,4,3,4,3,4,3.69,5,0,FALSE
Female,Loyal Customer,30,Business Travel,Business,3042,1,4,4,4,1,1,1,1,3,2,2,2,1,2.08,11,8,FALSE
Male,Loyal Customer,9,Personal Travel,Eco,1041,3,4,3,2,3,2,2,4,3,5,5,2,2,3.08,158,156,FALSE
Male,Loyal Customer,31,Business Travel,Business,562,4,4,5,4,2,2,2,2,5,3,4,5,2,3.38,0,0,TRUE
Female,Loyal Customer,57,Business Travel,Business,2288,5,5,5,5,3,5,4,5,5,5,5,3,5,4.62,0,0,TRUE
Female,Disloyal Customer,30,Business Travel,Business,948,3,3,3,4,1,3,1,1,3,2,5,4,1,2.62,4,0,FALSE
Female,Loyal Customer,57,Personal Travel,Eco,86,2,4,2,3,3,4,4,3,3,2,2,4,5,3.15,0,0,FALSE
Female,Loyal Customer,38,Personal Travel,Business,834,4,2,4,4,2,3,4,2,2,4,2,1,1,2.69,1,1,TRUE
Female,Disloyal Customer,39,Business Travel,Business,780,3,3,3,3,4,3,4,4,4,5,4,4,4,3.69,20,19,FALSE
Female,Loyal Customer,11,Personal Travel,Eco,408,2,4,2,5,3,2,3,3,5,2,4,4,3,3.23,0,0,FALSE
Female,Disloyal Customer,38,Business Travel,Eco,101,4,3,4,4,1,4,1,1,1,2,4,3,1,2.54,0,2,FALSE
Male,Loyal Customer,45,Business Travel,Eco,266,4,4,4,4,4,4,4,4,3,4,3,1,4,3.62,0,0,FALSE
Female,Disloyal Customer,37,Business Travel,Eco Plus,86,4,4,4,2,2,4,2,2,4,3,3,4,2,3.08,0,0,FALSE
Male,Loyal Customer,63,Business Travel,Business,2151,4,4,4,4,5,2,4,4,4,4,4,2,1,3.54,0,0,TRUE
Female,Loyal Customer,45,Personal Travel,Eco,733,4,4,4,1,4,5,1,3,3,4,4,2,4,3.31,0,0,FALSE
Male,Disloyal Customer,49,Business Travel,Eco,978,1,1,1,1,5,1,5,5,5,5,4,5,5,3.38,5,4,FALSE
Female,Loyal Customer,36,Personal Travel,Eco,516,5,4,5,3,3,5,3,3,4,2,2,4,3,3.54,0,0,TRUE
Male,Loyal Customer,28,Business Travel,Business,1551,2,3,2,2,2,2,2,2,3,3,4,2,2,2.38,13,6,FALSE
Female,Loyal Customer,40,Business Travel,Business,1437,5,1,5,5,2,3,5,5,5,5,5,2,2,3.85,48,62,TRUE
Male,Loyal Customer,37,Business Travel,Business,3986,0,4,0,3,5,4,4,4,4,5,5,3,4,3.46,0,0,TRUE
Male,Loyal Customer,21,Business Travel,Business,1464,5,5,5,5,5,5,5,5,5,5,5,4,5,4.92,0,0,TRUE
Female,Disloyal Customer,25,Business Travel,Business,936,3,5,3,3,5,3,2,5,5,3,5,3,5,3.85,2,0,FALSE
Female,Loyal Customer,25,Business Travel,Business,647,1,1,1,1,1,1,1,1,1,2,4,1,1,1.31,16,7,FALSE
Female,Loyal Customer,70,Personal Travel,Eco Plus,500,4,4,4,2,2,4,4,4,4,4,4,4,5,3.77,0,7,FALSE
Female,Loyal Customer,70,Personal Travel,Eco,600,3,4,3,4,2,4,4,3,3,3,3,2,2,3.08,0,4,FALSE
Female,Disloyal Customer,27,Business Travel,Business,184,4,4,4,2,3,4,3,3,4,3,4,4,3,3.46,0,0,TRUE
Male,Loyal Customer,70,Personal Travel,Eco,452,3,4,3,1,3,3,3,3,1,1,1,4,3,2.54,0,0,FALSE
Female,Disloyal Customer,40,Business Travel,Business,674,3,4,4,5,4,4,4,4,3,2,4,5,4,3.85,0,0,FALSE
Male,Loyal Customer,38,Business Travel,Eco Plus,641,5,1,1,1,5,5,5,5,3,4,4,1,5,3.46,44,53,TRUE
Male,Loyal Customer,16,Personal Travel,Eco,409,3,4,3,3,2,3,2,2,1,5,3,1,2,2.62,0,0,FALSE
Female,Disloyal Customer,27,Business Travel,Eco,602,3,3,3,3,3,3,3,3,3,2,3,3,3,2.92,0,15,FALSE
Male,Disloyal Customer,25,Business Travel,Eco,711,2,1,1,2,5,1,5,5,2,1,3,4,5,2.85,5,0,FALSE
Male,Loyal Customer,53,Personal Travel,Business,591,4,4,4,5,5,2,4,4,4,4,4,4,3,3.92,0,0,TRUE
Female,Loyal Customer,51,Business Travel,Business,2993,2,2,3,2,4,5,5,4,4,4,4,3,4,3.54,13,13,TRUE
Female,Disloyal Customer,22,Business Travel,Eco,738,4,4,4,2,3,4,2,3,4,2,5,5,3,3.46,0,0,TRUE
Male,Loyal Customer,36,Personal Travel,Eco,476,3,2,3,1,3,3,4,3,3,1,2,4,4,2.77,175,159,FALSE
Female,Loyal Customer,53,Business Travel,Business,1761,2,2,2,2,2,4,5,3,3,4,3,3,5,3.08,12,16,TRUE
Female,Loyal Customer,45,Business Travel,Business,3122,1,1,1,1,2,5,5,5,5,5,5,4,3,3.31,0,0,TRUE
Female,Disloyal Customer,30,Business Travel,Business,1276,5,5,5,1,5,5,5,5,4,4,4,4,5,4.38,42,23,TRUE
Female,Loyal Customer,56,Business Travel,Business,883,4,4,4,4,4,5,4,4,4,4,4,4,3,4,0,0,TRUE
Male,Disloyal Customer,24,Business Travel,Business,356,0,0,0,5,3,0,3,3,4,5,5,3,3,2.62,0,0,TRUE
Female,Disloyal Customer,22,Business Travel,Eco,261,4,2,4,4,2,4,2,2,3,5,4,4,2,3.23,37,34,FALSE
Female,Loyal Customer,13,Personal Travel,Eco,304,4,1,4,4,1,4,5,1,1,2,4,2,1,2.62,0,0,FALSE
Female,Loyal Customer,23,Business Travel,Business,400,1,1,1,1,4,4,4,4,4,3,5,5,4,3.15,0,5,TRUE
Female,Disloyal Customer,29,Business Travel,Eco,1072,1,1,1,3,5,1,5,5,3,4,3,2,5,3,0,0,FALSE
Male,Loyal Customer,41,Personal Travel,Business,486,2,2,2,3,1,3,3,5,5,2,3,3,4,2.92,36,30,FALSE
Male,Loyal Customer,67,Personal Travel,Eco,594,2,3,2,3,3,2,3,3,1,2,3,1,3,2.38,0,0,FALSE
Female,Loyal Customer,39,Business Travel,Business,224,5,5,3,5,1,3,1,5,5,5,5,3,4,3.85,106,100,TRUE
Female,Loyal Customer,44,Personal Travel,Eco,2556,4,5,4,3,1,3,4,1,1,4,1,5,4,3.08,0,0,FALSE
Male,Loyal Customer,46,Business Travel,Business,588,1,1,1,1,2,4,5,5,5,5,5,5,2,3.23,22,0,TRUE
Male,Loyal Customer,45,Business Travel,Business,2645,0,4,0,1,5,1,5,5,5,5,5,3,3,3.23,46,67,TRUE
Male,Loyal Customer,42,Business Travel,Business,3276,0,4,0,2,4,5,4,5,5,5,5,3,5,3.62,0,0,TRUE
Female,Loyal Customer,42,Business Travel,Eco,391,5,2,2,2,3,2,5,5,5,5,5,4,3,3.69,0,0,TRUE
Male,Loyal Customer,36,Personal Travel,Eco,328,3,0,1,4,3,1,3,3,3,1,4,5,3,2.62,0,0,FALSE
Male,Loyal Customer,22,Business Travel,Business,1567,3,1,1,1,3,3,3,3,1,5,4,3,3,2.62,0,16,FALSE
Male,Loyal Customer,23,Business Travel,Business,3099,3,4,4,4,3,4,3,3,1,2,3,4,3,3.15,0,0,FALSE
Male,Loyal Customer,24,Personal Travel,Eco,748,0,4,0,3,5,0,5,5,4,5,5,5,5,3.54,0,2,TRUE
Female,Loyal Customer,27,Business Travel,Business,2361,3,1,3,1,3,3,3,3,1,4,4,4,3,2.77,0,0,FALSE
Male,Loyal Customer,55,Personal Travel,Eco,290,3,4,3,2,4,3,4,4,3,2,4,5,4,3.46,0,0,FALSE
Female,Loyal Customer,65,Personal Travel,Business,270,4,4,4,1,2,5,4,1,1,4,1,3,5,3,0,0,TRUE
Female,Loyal Customer,35,Business Travel,Business,1448,4,4,5,4,3,3,1,5,5,4,5,1,5,3.77,1,0,TRUE
Female,Loyal Customer,40,Business Travel,Business,3010,5,5,5,5,5,4,4,4,4,4,4,5,5,4.54,39,26,TRUE
Female,Disloyal Customer,24,Business Travel,Eco,611,2,0,2,1,4,2,4,4,4,2,4,3,4,2.77,12,0,FALSE
Female,Loyal Customer,49,Business Travel,Eco,533,5,3,3,3,3,4,2,5,5,5,5,1,2,3.54,5,4,TRUE
Female,Loyal Customer,52,Business Travel,Business,3222,3,3,3,3,5,5,5,5,5,5,5,3,4,4.15,0,0,TRUE
Female,Loyal Customer,29,Personal Travel,Eco,2475,2,4,2,5,2,2,2,1,3,5,3,2,2,2.69,110,116,FALSE
Male,Loyal Customer,33,Business Travel,Business,525,5,5,5,5,4,4,4,4,5,3,3,3,4,4.15,0,0,TRUE
Male,Loyal Customer,48,Business Travel,Business,3354,5,5,5,5,3,4,4,4,4,4,4,4,4,4.23,0,0,TRUE
Female,Disloyal Customer,44,Business Travel,Business,628,2,2,2,5,5,2,5,5,5,2,5,5,5,3.85,0,0,FALSE
Male,Loyal Customer,61,Personal Travel,Eco,397,3,5,3,1,4,3,2,4,3,3,5,4,4,3.38,0,0,FALSE
Male,Loyal Customer,39,Business Travel,Business,2162,4,4,4,4,5,5,4,5,5,5,5,4,4,4.46,0,0,TRUE
Male,Loyal Customer,11,Personal Travel,Eco,2586,2,5,2,4,3,2,3,3,4,4,3,4,3,3.23,0,0,FALSE
Female,Loyal Customer,53,Business Travel,Business,516,1,1,5,1,5,1,4,5,5,5,5,1,5,3.38,0,0,TRUE
Male,Loyal Customer,43,Business Travel,Business,641,2,5,5,5,3,3,3,2,2,2,2,1,3,2.92,0,0,FALSE
Male,Loyal Customer,41,Business Travel,Eco Plus,696,1,5,5,5,1,1,1,1,3,1,3,2,1,2.31,0,0,FALSE
Female,Loyal Customer,25,Business Travel,Business,1869,4,1,1,1,4,4,4,4,3,1,4,4,4,3,0,0,FALSE
Female,Loyal Customer,33,Business Travel,Business,481,5,5,5,5,3,4,3,4,4,4,4,3,3,4,0,2,TRUE
Female,Loyal Customer,31,Business Travel,Business,1546,2,2,2,2,3,3,3,3,5,5,4,5,3,3.23,9,2,TRUE
Female,Loyal Customer,63,Personal Travel,Eco,1069,3,5,3,3,1,1,2,2,2,3,2,1,2,2.31,0,0,FALSE
Male,Disloyal Customer,21,Business Travel,Eco,992,4,4,4,3,3,4,3,3,5,5,5,5,3,3.92,3,0,FALSE
Female,Loyal Customer,40,Personal Travel,Eco,134,3,4,3,3,4,3,4,4,4,2,4,4,4,3.54,111,101,FALSE
Female,Loyal Customer,68,Personal Travel,Eco,725,4,1,4,4,2,4,4,4,4,4,1,2,3,3.15,41,78,FALSE
Male,Loyal Customer,59,Business Travel,Business,447,1,1,1,1,4,5,5,2,2,2,2,4,4,2.62,1,0,TRUE
Female,Disloyal Customer,39,Business Travel,Business,362,2,2,2,3,1,2,1,1,3,4,2,4,1,2.15,55,55,FALSE
Female,Loyal Customer,17,Personal Travel,Eco,992,4,4,4,3,3,4,3,3,4,2,5,3,3,3.46,0,0,FALSE
Male,Disloyal Customer,37,Business Travel,Business,403,2,2,2,3,2,2,2,2,1,1,4,1,2,2,0,0,FALSE
Female,Loyal Customer,65,Personal Travel,Eco,322,2,4,1,4,3,5,1,2,2,1,2,1,3,2.38,0,4,FALSE
Male,Loyal Customer,60,Business Travel,Eco Plus,588,3,3,3,3,3,3,3,3,3,4,4,4,3,3.23,0,0,FALSE
Female,Loyal Customer,27,Business Travel,Business,1416,5,5,3,5,4,4,4,4,5,5,5,4,4,4.38,15,9,TRUE
Male,Disloyal Customer,27,Business Travel,Eco,533,1,3,1,1,5,1,5,5,3,5,1,3,5,3,0,0,FALSE
Male,Loyal Customer,68,Business Travel,Business,337,2,2,4,2,2,4,4,2,2,2,2,3,1,2.46,3,3,FALSE
Female,Loyal Customer,39,Business Travel,Business,2727,5,5,5,5,3,3,3,5,5,5,3,4,4,4.23,0,0,TRUE
Female,Loyal Customer,43,Business Travel,Business,1972,2,2,2,2,2,5,4,4,4,5,4,4,3,3.31,16,31,TRUE
Female,Loyal Customer,21,Personal Travel,Eco,992,1,5,1,4,1,2,2,5,3,5,5,2,2,2.92,156,253,FALSE
Male,Loyal Customer,41,Business Travel,Business,1197,2,1,1,1,2,4,3,2,2,2,2,3,2,2.08,66,55,FALSE
Male,Loyal Customer,34,Business Travel,Business,1491,5,5,5,5,2,4,4,4,4,4,4,5,5,4.31,0,0,TRUE
Female,Loyal Customer,55,Personal Travel,Eco,997,3,4,3,3,5,5,5,5,5,3,5,5,3,4.15,8,2,FALSE
Female,Loyal Customer,43,Business Travel,Eco,1846,3,4,4,4,4,2,4,3,3,3,3,3,3,3.31,21,16,FALSE
Male,Loyal Customer,27,Business Travel,Business,1440,5,5,5,5,5,4,5,5,3,2,5,4,5,4.46,72,76,TRUE
Female,Disloyal Customer,25,Business Travel,Eco,528,1,4,1,5,1,1,1,1,5,5,2,2,1,2.31,0,0,FALSE
Female,Loyal Customer,69,Personal Travel,Eco,447,2,3,2,3,1,4,4,3,3,2,3,1,3,2.62,0,0,FALSE
Female,Loyal Customer,27,Business Travel,Business,2470,4,5,4,4,2,2,2,2,1,5,1,4,2,2.92,0,11,TRUE
Female,Disloyal Customer,49,Business Travel,Business,925,3,3,3,3,2,3,2,2,5,4,5,4,2,3.15,16,90,FALSE
Male,Loyal Customer,65,Personal Travel,Eco,1372,4,4,5,1,4,5,2,4,4,3,4,5,4,3.77,17,1,TRUE
Male,Loyal Customer,43,Business Travel,Business,2595,3,3,3,3,3,4,4,5,5,5,5,5,5,4.08,0,0,TRUE
Female,Loyal Customer,57,Business Travel,Business,957,2,2,2,2,2,5,4,4,4,4,4,3,4,3.23,7,17,TRUE
Male,Disloyal Customer,37,Business Travel,Business,731,2,2,2,3,5,2,5,5,5,4,4,5,5,3.77,0,0,FALSE
Female,Loyal Customer,11,Business Travel,Eco,645,3,5,5,5,3,3,2,3,1,2,3,2,3,3.08,13,4,FALSE
Female,Disloyal Customer,45,Business Travel,Business,423,2,2,2,5,4,2,4,4,3,2,4,4,4,3.23,0,0,FALSE
Female,Loyal Customer,43,Business Travel,Business,414,2,2,2,2,2,4,5,4,4,4,4,5,3,3.31,0,20,TRUE
Male,Loyal Customer,54,Business Travel,Business,2611,1,1,1,1,4,3,3,5,4,5,4,3,3,2.92,0,0,TRUE
Female,Disloyal Customer,33,Business Travel,Business,406,2,2,2,3,5,2,1,5,2,2,3,2,5,2.77,80,99,FALSE
Female,Loyal Customer,56,Personal Travel,Eco,209,3,4,3,3,3,3,3,3,3,3,3,4,2,3.08,55,48,FALSE
Male,Loyal Customer,16,Personal Travel,Eco Plus,821,2,3,2,3,5,2,5,5,4,1,2,3,5,3.23,0,0,FALSE
Female,Loyal Customer,78,Business Travel,Eco,299,4,1,1,1,3,3,3,4,4,4,4,1,1,2.62,81,69,FALSE
Female,Loyal Customer,39,Business Travel,Business,192,0,4,0,2,1,1,1,1,2,2,2,1,1,1.38,150,157,TRUE
Female,Loyal Customer,45,Business Travel,Business,1760,4,4,2,4,5,4,4,5,5,5,5,5,5,4.38,0,0,TRUE
Male,Loyal Customer,48,Personal Travel,Eco,462,4,4,4,2,1,4,2,1,5,3,4,3,1,2.92,0,0,FALSE
Female,Disloyal Customer,19,Business Travel,Business,1085,4,0,4,4,4,4,4,4,3,3,4,3,4,3.46,0,0,TRUE
Female,Loyal Customer,46,Business Travel,Business,1607,1,1,1,1,2,5,5,3,3,4,3,4,3,2.77,4,0,TRUE
Female,Loyal Customer,28,Personal Travel,Eco,984,1,4,1,3,5,1,2,5,3,2,4,3,5,3,71,62,FALSE
Female,Loyal Customer,50,Business Travel,Business,762,5,5,5,5,3,4,4,4,4,4,4,3,5,4.23,0,0,TRUE
Female,Loyal Customer,62,Personal Travel,Eco,541,2,1,2,2,1,2,3,4,4,2,4,1,1,2.23,21,1,FALSE
Male,Loyal Customer,47,Business Travel,Business,2981,5,5,5,5,4,4,5,5,5,5,5,5,3,4.69,17,12,TRUE
Male,Loyal Customer,22,Business Travel,Business,1674,5,5,5,5,4,4,4,4,4,5,4,4,4,4.38,0,0,TRUE
Female,Loyal Customer,33,Business Travel,Business,3012,2,4,4,4,2,4,3,2,2,2,2,3,4,2.92,51,29,FALSE
Female,Loyal Customer,60,Personal Travel,Eco,109,3,4,3,4,3,4,3,1,1,3,1,2,3,2.69,0,0,FALSE
Male,Loyal Customer,46,Business Travel,Business,3774,1,1,1,1,2,4,4,4,4,4,4,5,3,2.92,0,9,TRUE
Male,Loyal Customer,52,Business Travel,Business,2930,4,4,4,4,2,5,4,3,3,4,3,5,5,3.85,116,100,TRUE
Male,Loyal Customer,40,Business Travel,Business,2296,5,5,5,5,2,5,4,3,3,3,3,5,5,4.08,0,5,TRUE
Male,Loyal Customer,50,Business Travel,Business,1464,5,5,2,5,3,4,4,4,4,4,4,4,3,3.92,0,5,TRUE
Female,Loyal Customer,55,Business Travel,Business,296,1,1,1,1,5,4,5,5,5,5,5,3,5,3.54,0,0,TRUE
Male,Disloyal Customer,27,Business Travel,Business,364,5,5,5,1,5,5,4,5,5,2,5,4,5,4.31,0,4,TRUE
Female,Disloyal Customer,54,Business Travel,Eco,384,2,0,2,5,2,2,2,2,1,2,3,1,2,2,28,16,FALSE
Female,Loyal Customer,40,Business Travel,Business,1005,1,1,4,1,4,5,4,4,4,4,4,4,5,3.46,0,0,TRUE
Female,Disloyal Customer,22,Business Travel,Eco,109,1,0,1,5,3,1,3,3,1,1,5,3,3,2.31,0,0,FALSE
Male,Loyal Customer,41,Business Travel,Business,3847,5,5,5,5,4,5,4,2,2,2,2,5,4,3.85,0,0,TRUE
Female,Loyal Customer,54,Business Travel,Eco Plus,834,4,3,3,3,5,3,3,4,4,4,4,3,5,3.69,0,0,TRUE
Female,Disloyal Customer,75,Business Travel,Eco,726,1,2,2,4,3,2,5,3,4,2,3,1,3,2.69,0,0,FALSE
Female,Loyal Customer,59,Business Travel,Business,151,0,5,0,3,4,4,4,1,1,1,1,4,4,2.46,0,0,TRUE
Female,Disloyal Customer,21,Business Travel,Eco,594,4,5,4,2,5,4,5,5,1,5,5,1,5,3.92,0,0,TRUE
Female,Loyal Customer,16,Personal Travel,Eco,912,3,5,3,5,2,3,2,2,4,2,4,3,2,3.08,0,0,FALSE
Male,Loyal Customer,31,Personal Travel,Eco,468,4,5,3,4,3,3,3,3,4,3,5,5,3,3.69,0,6,FALSE
Female,Loyal Customer,30,Business Travel,Business,2229,3,3,3,3,4,4,4,4,4,2,5,5,4,3.69,0,0,TRUE
Female,Loyal Customer,56,Business Travel,Business,373,1,1,1,1,4,5,4,4,4,4,4,5,4,3.23,21,54,TRUE
Male,Loyal Customer,26,Personal Travel,Eco,2475,2,4,2,4,5,2,5,5,3,5,5,4,5,3.92,6,0,FALSE
Male,Loyal Customer,44,Business Travel,Business,3183,1,1,1,1,3,4,5,3,3,3,3,5,3,2.77,0,0,TRUE
Female,Loyal Customer,44,Business Travel,Eco Plus,1005,4,1,1,1,3,3,3,4,4,4,4,2,1,2.69,0,13,FALSE
Male,Loyal Customer,53,Business Travel,Business,2139,1,1,1,1,2,3,4,4,4,4,4,4,3,2.77,0,6,TRUE
Male,Loyal Customer,42,Business Travel,Eco,789,5,1,1,1,5,5,5,5,5,5,4,1,5,3.69,0,0,TRUE
Female,Disloyal Customer,22,Business Travel,Business,364,0,0,0,4,4,0,4,4,5,5,5,5,4,3.08,11,7,TRUE
Female,Loyal Customer,24,Business Travel,Eco,1616,2,3,3,3,2,2,3,2,4,4,2,2,2,2.62,0,0,FALSE
Male,Loyal Customer,52,Personal Travel,Eco,1411,3,3,2,5,3,2,3,3,1,3,4,4,3,3,0,0,FALSE
Female,Loyal Customer,10,Personal Travel,Eco,728,4,5,4,5,2,4,2,2,3,1,4,2,2,3.08,0,0,FALSE
Male,Loyal Customer,54,Business Travel,Business,1916,4,4,4,4,3,5,5,5,5,5,5,3,5,4.38,0,0,TRUE
Male,Loyal Customer,14,Personal Travel,Eco,350,2,4,2,1,5,2,5,5,3,4,5,4,5,3.62,0,8,FALSE
Female,Loyal Customer,44,Business Travel,Business,2367,2,5,5,5,2,2,2,4,3,1,3,2,2,2.92,28,42,FALSE
Female,Loyal Customer,41,Business Travel,Eco,1121,1,1,1,1,1,1,1,1,2,3,3,3,1,1.54,0,4,FALSE
Female,Loyal Customer,66,Personal Travel,Eco,563,4,5,4,3,4,5,4,1,1,4,2,3,3,3.31,0,0,FALSE
Female,Loyal Customer,32,Business Travel,Business,853,1,1,1,1,4,5,4,4,4,5,4,4,4,3.23,1,0,TRUE
Male,Loyal Customer,38,Personal Travel,Eco,650,1,2,1,3,4,1,4,4,2,4,3,1,4,2.62,0,0,FALSE
Female,Disloyal Customer,22,Business Travel,Eco,305,4,3,4,5,5,4,5,5,5,3,2,4,5,4.15,0,0,TRUE
Male,Disloyal Customer,23,Business Travel,Eco,489,3,2,3,3,1,3,1,1,2,5,3,2,1,2.31,51,49,FALSE
Female,Loyal Customer,39,Business Travel,Business,1943,3,3,2,3,5,3,3,5,5,5,5,3,2,3.62,0,0,TRUE
Female,Disloyal Customer,19,Business Travel,Eco,590,1,1,1,4,1,1,1,1,3,1,4,2,1,1.69,20,13,FALSE
Male,Disloyal Customer,66,Business Travel,Business,2611,2,2,2,3,5,2,5,5,3,4,3,2,5,3.31,0,0,FALSE
Male,Loyal Customer,49,Business Travel,Eco,867,4,1,1,1,4,4,4,4,5,3,4,4,4,3.31,0,0,TRUE
Female,Disloyal Customer,21,Business Travel,Eco,694,5,5,5,3,2,5,2,2,2,1,4,5,2,3.31,0,0,TRUE
Female,Loyal Customer,46,Business Travel,Business,1603,3,3,3,3,4,5,4,5,5,5,5,5,4,4.15,0,0,TRUE
Male,Disloyal Customer,22,Business Travel,Eco,1379,4,4,4,3,3,4,3,3,2,4,3,4,3,3.38,0,0,FALSE
Male,Loyal Customer,45,Business Travel,Business,1554,3,5,5,5,2,4,4,3,3,3,3,3,3,3.54,0,0,FALSE
Female,Loyal Customer,36,Business Travel,Business,3998,3,3,3,3,4,1,4,4,4,4,5,4,1,3.31,33,24,TRUE
Male,Disloyal Customer,38,Business Travel,Business,419,4,4,4,3,4,4,4,4,3,5,5,5,4,4.08,0,0,FALSE
Male,Disloyal Customer,30,Business Travel,Business,2717,2,2,2,4,2,3,3,3,1,5,2,3,3,2.69,21,57,FALSE
Female,Loyal Customer,29,Business Travel,Business,1303,2,2,2,2,4,5,4,4,4,5,5,5,4,3.69,0,0,TRUE
Male,Loyal Customer,18,Business Travel,Business,2942,0,3,0,5,4,4,4,4,5,3,1,3,4,3.08,0,0,TRUE
Female,Loyal Customer,33,Personal Travel,Eco,214,2,3,2,4,5,2,3,5,3,2,3,3,5,3.23,0,0,FALSE
Male,Loyal Customer,56,Personal Travel,Eco,990,3,5,3,3,3,3,3,3,3,4,5,3,3,3.38,1,1,FALSE
Male,Loyal Customer,48,Business Travel,Business,2114,4,4,4,4,3,5,5,5,5,5,5,5,4,4.46,52,45,TRUE
Male,Loyal Customer,33,Business Travel,Eco Plus,4243,2,5,5,5,3,2,2,4,5,3,3,2,2,3.31,16,13,FALSE
Male,Loyal Customer,57,Personal Travel,Business,406,2,3,2,3,4,3,3,1,1,2,4,4,1,2.54,0,0,FALSE
Female,Loyal Customer,50,Business Travel,Eco,820,2,3,3,3,3,4,3,2,2,2,2,4,1,2.62,6,0,FALSE
Male,Loyal Customer,47,Business Travel,Eco,413,4,2,2,2,4,4,4,4,1,2,2,5,4,3.08,0,0,TRUE
Male,Loyal Customer,37,Personal Travel,Eco,2704,3,5,3,3,4,3,4,4,5,4,1,4,4,3.62,0,0,FALSE
Male,Disloyal Customer,34,Business Travel,Eco,300,3,3,3,3,1,3,1,1,1,5,3,4,1,2.46,0,0,FALSE
Male,Loyal Customer,48,Personal Travel,Eco,137,1,1,1,3,5,1,4,5,2,1,2,2,5,2.54,0,0,FALSE
Male,Loyal Customer,50,Business Travel,Business,337,2,2,2,2,4,5,5,5,5,5,5,3,3,3.69,0,0,TRUE
Female,Disloyal Customer,25,Business Travel,Business,1892,2,1,2,3,1,2,1,1,4,4,2,4,1,2.15,21,0,FALSE
Male,Disloyal Customer,36,Business Travel,Business,1605,3,3,3,4,3,3,3,3,4,3,3,3,3,3.15,0,0,FALSE
Female,Loyal Customer,53,Business Travel,Business,1454,2,2,2,2,4,4,4,5,5,5,5,4,4,3.69,0,0,TRUE
Female,Loyal Customer,30,Business Travel,Business,325,1,4,4,4,1,1,1,1,1,5,4,2,1,2.31,12,10,FALSE
Female,Disloyal Customer,42,Business Travel,Eco,377,3,4,4,5,1,4,1,1,1,1,1,4,1,2.38,0,0,FALSE
Female,Loyal Customer,59,Business Travel,Business,3738,0,5,0,1,5,4,4,4,4,4,4,4,5,3.38,0,0,TRUE
Male,Loyal Customer,23,Business Travel,Business,2571,2,2,5,2,2,2,2,2,4,4,4,3,2,2.77,0,0,FALSE
Female,Loyal Customer,45,Business Travel,Business,2586,4,3,4,4,4,5,5,5,2,5,5,5,5,4.31,242,221,TRUE
Male,Disloyal Customer,36,Business Travel,Business,480,4,4,4,1,2,4,2,2,4,5,4,5,2,3.31,0,5,FALSE
Male,Loyal Customer,19,Personal Travel,Eco,544,2,1,2,3,4,2,4,4,4,2,4,2,4,2.92,15,16,FALSE
Male,Loyal Customer,52,Personal Travel,Business,2586,3,1,3,2,3,2,2,4,3,3,3,2,2,2.54,163,123,FALSE
Male,Loyal Customer,57,Personal Travel,Eco Plus,2979,3,4,3,4,3,1,1,4,4,3,3,1,1,2.69,0,0,FALSE
Male,Disloyal Customer,23,Business Travel,Eco,937,1,1,1,4,1,1,1,1,2,4,3,2,1,1.77,116,99,FALSE
Male,Disloyal Customer,39,Business Travel,Eco Plus,642,3,3,3,4,5,3,2,5,1,3,3,4,5,3.38,0,0,FALSE
Female,Loyal Customer,37,Business Travel,Eco,204,3,3,3,3,3,3,3,3,3,1,3,2,3,2.77,4,0,FALSE
Female,Disloyal Customer,21,Business Travel,Eco,1005,1,1,1,3,4,1,4,4,3,4,4,4,4,2.92,0,20,FALSE
Male,Disloyal Customer,26,Business Travel,Eco,533,4,2,4,3,2,4,2,2,2,2,3,3,2,2.69,12,2,FALSE
Female,Loyal Customer,33,Business Travel,Business,2290,4,4,5,4,4,4,4,4,4,4,4,3,4,4,0,0,TRUE
Female,Loyal Customer,25,Business Travel,Eco Plus,337,1,3,3,3,1,1,3,1,2,3,3,2,1,2.08,0,0,FALSE
Male,Loyal Customer,24,Personal Travel,Eco,399,0,4,0,3,1,0,1,1,4,3,5,3,1,2,0,0,TRUE
Male,Loyal Customer,39,Business Travel,Business,3324,2,2,2,2,3,5,5,4,4,4,4,3,3,3.31,9,0,TRUE
Female,Loyal Customer,58,Business Travel,Business,1919,2,2,2,2,2,4,4,4,4,5,4,3,3,3.15,43,19,TRUE
Male,Loyal Customer,35,Business Travel,Business,2605,1,1,1,1,5,2,4,5,5,5,3,3,5,3.15,1,0,TRUE
Female,Loyal Customer,57,Business Travel,Business,2026,3,3,3,3,2,5,4,4,4,4,4,3,3,3.46,0,0,TRUE
Female,Loyal Customer,35,Personal Travel,Eco Plus,2342,2,3,2,4,4,2,4,4,5,3,5,2,4,3.38,12,21,FALSE
Male,Loyal Customer,19,Personal Travel,Eco Plus,143,1,5,1,3,4,1,2,4,1,1,3,4,4,2.62,0,0,FALSE
Female,Loyal Customer,47,Personal Travel,Eco,1080,3,4,3,2,4,5,5,4,4,3,4,4,3,3.69,3,6,FALSE
Female,Loyal Customer,51,Personal Travel,Eco,908,3,4,3,3,1,3,4,4,4,3,4,4,4,3.38,0,0,FALSE
Male,Disloyal Customer,54,Business Travel,Business,859,2,2,2,3,1,2,1,1,3,2,4,5,1,2.23,0,0,FALSE
Female,Loyal Customer,22,Personal Travel,Eco Plus,262,1,5,1,1,1,1,1,1,3,2,1,1,1,1.54,0,0,FALSE
Female,Loyal Customer,20,Personal Travel,Eco,666,4,4,4,4,2,4,2,2,1,5,4,2,2,3.08,0,0,FALSE
Male,Loyal Customer,50,Business Travel,Business,414,2,2,2,2,4,4,5,4,4,4,4,3,3,3.31,3,5,TRUE
Male,Loyal Customer,27,Personal Travel,Eco,2562,4,3,4,5,4,3,3,4,2,4,1,3,3,3.31,0,0,TRUE
Male,Loyal Customer,41,Business Travel,Business,1107,1,2,1,1,5,4,4,5,5,5,5,4,4,3.54,1,0,TRUE
Female,Loyal Customer,36,Personal Travel,Eco,621,4,5,4,5,3,4,3,3,5,5,4,3,3,3.92,12,1,FALSE
Male,Loyal Customer,60,Personal Travel,Eco,920,1,4,1,4,2,1,2,2,5,2,5,1,2,2.46,0,0,FALSE
Female,Loyal Customer,42,Business Travel,Eco,606,1,3,3,3,5,3,3,1,1,1,1,1,3,2.23,0,0,FALSE
Male,Loyal Customer,37,Business Travel,Business,303,1,3,3,3,2,4,3,1,1,1,1,3,2,2.15,123,116,FALSE
Male,Loyal Customer,49,Personal Travel,Business,86,5,2,5,1,4,2,2,1,1,5,1,3,1,2.54,14,12,TRUE
Male,Loyal Customer,58,Business Travel,Eco,1088,4,4,1,1,5,4,5,5,1,5,5,5,5,3.85,0,,TRUE
Male,Loyal Customer,35,Business Travel,Eco,192,3,5,5,5,3,4,3,3,2,1,3,2,3,3.23,0,0,TRUE
Female,Loyal Customer,30,Business Travel,Business,1390,4,2,2,2,4,4,4,4,2,4,3,3,4,3.23,0,0,FALSE
Male,Loyal Customer,28,Personal Travel,Eco,201,2,0,0,1,4,0,4,4,2,3,3,5,4,2.46,0,0,FALSE
Female,Loyal Customer,18,Business Travel,Business,2206,1,1,1,1,5,5,5,5,4,1,1,2,5,2.85,0,0,TRUE
Female,Loyal Customer,24,Business Travel,Business,1069,3,3,3,3,4,4,4,4,4,5,3,2,4,3.54,14,15,TRUE
Female,Loyal Customer,25,Business Travel,Business,2669,3,5,5,5,3,3,3,3,1,4,3,2,3,3.31,0,0,FALSE
Female,Disloyal Customer,27,Business Travel,Eco,599,1,4,1,4,5,1,5,5,3,1,4,1,5,3.08,0,0,FALSE
Female,Loyal Customer,32,Business Travel,Business,2560,1,1,1,1,5,5,5,5,3,3,3,2,5,3.08,0,0,TRUE
Male,Loyal Customer,24,Business Travel,Eco Plus,438,4,1,1,1,4,4,5,4,5,5,3,5,4,3.54,0,0,TRUE
Male,Disloyal Customer,36,Business Travel,Business,371,1,1,1,5,3,1,3,3,3,5,5,3,3,2.85,0,0,FALSE
Male,Loyal Customer,26,Business Travel,Business,3694,1,1,1,1,2,2,2,2,4,5,4,4,2,2.38,0,4,TRUE
Female,Loyal Customer,36,Personal Travel,Eco,293,2,2,2,3,5,2,5,5,1,5,4,1,5,3.23,0,0,FALSE
Female,Loyal Customer,21,Personal Travel,Eco,319,5,3,5,3,2,5,5,2,1,1,3,1,2,2.92,28,20,TRUE
Female,Loyal Customer,71,Business Travel,Eco,1104,2,2,3,2,2,3,4,2,2,2,2,3,2,2.38,5,0,FALSE
Male,Disloyal Customer,36,Business Travel,Business,1558,1,1,1,3,5,1,5,5,4,4,4,5,5,3.38,21,15,FALSE
Male,Loyal Customer,70,Personal Travel,Eco,2860,2,4,2,1,5,2,5,5,4,3,4,3,5,3.46,0,0,FALSE
Female,Loyal Customer,59,Business Travel,Business,3578,5,5,5,5,5,4,5,2,2,2,2,5,5,4,0,0,TRUE
Female,Loyal Customer,17,Personal Travel,Eco,368,3,4,3,4,2,3,4,2,3,4,4,3,2,3.15,0,0,FALSE
Female,Loyal Customer,41,Business Travel,Business,2943,1,1,1,1,2,4,4,4,4,4,4,5,4,3,97,90,TRUE
Female,Loyal Customer,40,Personal Travel,Eco,645,4,4,4,3,1,4,1,1,5,5,4,4,1,3.15,0,0,FALSE
Male,Disloyal Customer,28,Business Travel,Eco,522,3,0,3,2,4,3,4,4,5,4,4,2,4,3.23,2,0,FALSE
Female,Loyal Customer,36,Business Travel,Business,1747,4,2,4,4,4,3,4,5,5,5,5,4,3,4,23,15,TRUE
Male,Loyal Customer,65,Personal Travel,Eco,296,4,5,4,1,3,4,3,3,3,2,4,5,3,3.38,1,0,FALSE
Male,Loyal Customer,66,Personal Travel,Eco,1197,2,3,2,1,4,2,3,4,4,4,1,5,4,3,0,0,FALSE
Male,Disloyal Customer,46,Business Travel,Eco,413,4,5,4,4,4,4,1,4,3,3,3,5,4,3.69,17,16,FALSE
Female,Loyal Customer,21,Personal Travel,Eco Plus,89,1,4,0,1,4,0,4,4,3,4,3,5,4,2.85,0,0,FALSE
Male,Loyal Customer,51,Personal Travel,Eco,102,4,5,4,5,4,4,3,4,4,4,5,5,4,4.23,0,0,FALSE
Female,Loyal Customer,27,Personal Travel,Eco,361,2,4,2,1,1,2,1,1,4,4,5,4,1,2.46,0,0,FALSE
Male,Loyal Customer,31,Business Travel,Business,2554,4,4,4,4,5,5,5,5,4,3,4,3,5,4.23,28,3,TRUE
Male,Loyal Customer,24,Personal Travel,Eco,214,4,0,4,2,3,4,3,3,4,2,5,1,3,2.92,0,0,FALSE
Male,Loyal Customer,57,Business Travel,Business,1741,4,4,4,4,4,4,4,5,5,5,5,5,3,4.31,0,0,TRUE
Female,Loyal Customer,28,Personal Travel,Eco,236,2,3,0,4,2,0,2,2,2,2,3,3,2,2.08,0,2,FALSE
Female,Loyal Customer,14,Personal Travel,Eco,258,3,4,3,4,4,3,1,4,4,2,3,1,4,3.08,26,19,FALSE
Female,Loyal Customer,47,Business Travel,Business,1854,3,2,3,3,2,5,4,4,4,4,4,5,3,3.54,0,14,TRUE
Male,Loyal Customer,8,Personal Travel,Eco Plus,1065,3,4,3,4,3,3,1,3,4,5,4,5,3,3.46,0,0,FALSE
Female,Loyal Customer,21,Business Travel,Business,1771,3,3,2,3,2,2,2,2,5,2,5,5,2,2.92,10,11,TRUE
Male,Loyal Customer,40,Business Travel,Business,1584,4,4,4,4,2,5,4,5,5,5,5,3,3,4.08,0,0,TRUE
Female,Disloyal Customer,26,Business Travel,Eco,624,0,0,1,2,3,1,4,3,3,1,4,1,3,2,0,0,TRUE
Female,Loyal Customer,21,Personal Travel,Eco Plus,979,3,5,3,1,2,3,2,2,3,5,5,3,2,3,0,3,FALSE
Female,Disloyal Customer,47,Business Travel,Business,991,4,4,4,4,1,4,1,1,4,5,5,4,1,3.23,0,0,FALSE
Male,Disloyal Customer,34,Business Travel,Eco,669,1,1,1,3,5,1,5,5,3,3,4,3,5,3.08,0,0,FALSE
Male,Disloyal Customer,26,Business Travel,Business,414,4,4,4,5,2,4,2,2,4,2,5,5,2,3.46,0,0,TRUE
Male,Loyal Customer,55,Business Travel,Eco,463,4,4,2,4,4,4,4,4,5,2,2,2,4,3.46,51,45,TRUE
Female,Disloyal Customer,26,Business Travel,Eco Plus,874,3,3,3,3,2,3,2,2,4,4,2,4,2,2.85,0,0,FALSE
Female,Loyal Customer,54,Business Travel,Business,2703,3,3,3,3,4,5,5,4,4,4,4,3,3,3.69,0,0,TRUE
Female,Loyal Customer,65,Personal Travel,Eco,116,3,5,3,4,5,4,4,3,3,3,3,3,5,3.69,0,0,FALSE
Male,Disloyal Customer,33,Business Travel,Eco,108,1,2,0,3,1,0,1,1,1,3,3,4,1,1.62,8,13,FALSE
Female,Loyal Customer,53,Business Travel,Business,1986,4,5,5,5,1,3,3,4,4,4,4,3,3,3.69,16,0,FALSE
Female,Loyal Customer,56,Business Travel,Business,2507,3,3,3,3,3,2,3,5,5,5,5,2,4,3.54,63,97,TRUE
Male,Loyal Customer,31,Personal Travel,Eco,101,3,5,3,1,3,3,3,3,3,5,5,3,3,3.31,23,34,FALSE
Male,Loyal Customer,48,Business Travel,Business,2245,1,1,1,1,4,4,5,5,5,5,5,5,3,3.46,0,0,TRUE
Male,Loyal Customer,24,Business Travel,Business,3364,2,1,1,1,2,2,2,2,3,3,2,3,2,2,4,15,FALSE
Female,Loyal Customer,67,Personal Travel,Eco Plus,1171,3,4,3,2,2,3,4,3,3,3,3,4,3,3.08,0,2,FALSE
Male,Disloyal Customer,35,Business Travel,Eco,1455,2,1,1,2,4,2,4,4,4,5,1,2,4,2.77,18,14,FALSE
Female,Loyal Customer,56,Business Travel,Business,2241,3,3,3,3,2,4,5,5,5,5,5,5,5,4.08,0,11,TRUE
Female,Loyal Customer,14,Personal Travel,Eco Plus,541,4,4,4,1,5,4,5,5,3,5,4,4,5,4.08,0,20,FALSE
Female,Loyal Customer,31,Business Travel,Business,425,1,0,0,4,3,0,3,3,4,1,3,3,3,2.15,0,0,FALSE
Female,Loyal Customer,53,Business Travel,Business,679,2,4,4,4,2,3,3,2,2,2,2,2,2,2.62,0,0,FALSE
Male,Loyal Customer,57,Personal Travel,Eco,642,1,4,0,4,4,0,4,4,3,2,5,4,4,3,0,13,FALSE
Male,Loyal Customer,56,Business Travel,Business,964,5,5,5,5,4,4,4,4,4,4,4,5,4,4.38,0,0,TRUE
Female,Loyal Customer,19,Business Travel,Business,762,2,2,2,2,5,5,5,5,4,3,4,3,5,3.62,0,9,TRUE
Female,Loyal Customer,25,Personal Travel,Eco,228,4,5,4,1,1,4,3,1,3,2,4,5,1,2.92,0,0,FALSE
Female,Loyal Customer,42,Business Travel,Eco Plus,226,2,1,1,1,3,3,3,2,2,2,2,1,2,1.92,0,0,FALSE
Male,Loyal Customer,41,Business Travel,Business,854,3,3,3,3,2,4,5,4,4,4,4,4,3,3.54,0,2,TRUE
Female,Loyal Customer,31,Personal Travel,Eco,361,2,5,4,3,4,4,4,4,3,5,4,5,4,3.92,0,0,FALSE
Female,Loyal Customer,39,Business Travel,Business,3182,2,5,5,5,2,4,3,2,2,2,2,2,4,3.08,30,33,FALSE
Female,Disloyal Customer,24,Business Travel,Eco,126,2,3,2,1,2,2,2,2,2,5,2,5,2,2.46,0,0,FALSE
Male,Disloyal Customer,32,Business Travel,Eco,406,1,0,1,3,3,1,2,3,1,5,2,3,3,2.15,0,3,FALSE
Female,Loyal Customer,37,Personal Travel,Eco,2296,2,1,2,3,2,2,2,2,1,1,3,4,2,2.08,103,85,FALSE
Male,Disloyal Customer,26,Business Travel,Eco,2586,3,4,4,3,5,3,3,5,2,2,4,3,5,3.54,42,16,FALSE
Male,Loyal Customer,67,Personal Travel,Eco,562,1,2,1,2,1,1,1,1,1,1,2,3,1,1.38,18,21,FALSE
Male,Disloyal Customer,22,Business Travel,Eco,861,2,2,2,2,2,2,2,2,4,4,2,1,2,2.23,49,38,FALSE
Female,Loyal Customer,15,Personal Travel,Eco,197,1,1,0,3,5,0,5,5,2,2,4,3,5,2.77,16,6,FALSE
Female,Loyal Customer,65,Personal Travel,Eco,2717,1,4,1,2,1,1,4,5,3,3,4,4,4,2.85,1,25,FALSE
Female,Loyal Customer,70,Personal Travel,Business,931,3,4,3,4,3,3,3,5,5,3,3,1,4,3.38,5,6,FALSE
Female,Loyal Customer,23,Personal Travel,Eco,679,1,4,1,4,5,1,5,5,4,5,4,4,5,3.69,0,0,FALSE
Female,Loyal Customer,47,Business Travel,Business,1724,3,3,3,3,4,3,3,3,3,3,3,1,4,3,4,0,FALSE
Male,Loyal Customer,31,Personal Travel,Eco,200,2,4,2,2,3,2,3,3,4,2,4,4,3,2.92,116,111,FALSE
Female,Loyal Customer,21,Personal Travel,Eco,1041,4,4,4,5,2,4,2,2,5,2,4,4,2,3.38,9,0,FALSE
Male,Loyal Customer,55,Personal Travel,Business,371,1,1,1,2,3,1,2,1,1,1,1,3,2,1.54,0,0,FALSE
Male,Loyal Customer,59,Business Travel,Business,2140,5,5,5,5,3,5,4,5,5,5,5,5,5,4.77,0,0,TRUE
Male,Loyal Customer,43,Business Travel,Eco,1744,2,3,3,3,2,2,2,2,1,1,1,2,2,2,38,39,FALSE
Male,Loyal Customer,45,Business Travel,Business,2828,1,1,1,1,5,3,4,5,5,5,5,5,4,3.46,17,3,TRUE
Male,Loyal Customer,66,Personal Travel,Eco,1678,3,2,3,2,4,3,4,4,4,3,2,3,4,3.15,0,0,FALSE
Female,Loyal Customer,31,Business Travel,Eco Plus,101,5,5,5,5,5,5,5,5,3,2,5,2,5,4.38,0,0,TRUE
Male,Loyal Customer,29,Business Travel,Business,1849,1,1,1,1,5,5,5,5,4,2,4,5,5,3.38,0,8,TRUE
Female,Loyal Customer,37,Business Travel,Business,817,1,1,1,1,1,4,1,3,3,3,3,2,3,2.08,0,0,TRUE
Male,Loyal Customer,47,Business Travel,Business,290,2,1,2,2,5,5,5,4,4,4,4,5,4,3.62,49,35,TRUE
Female,Loyal Customer,57,Business Travel,Business,240,2,2,2,2,4,4,5,5,5,5,5,3,3,3.62,0,5,TRUE
Male,Disloyal Customer,26,Business Travel,Eco,862,1,1,1,1,1,3,3,1,5,3,1,3,3,2.08,146,135,FALSE
Female,Loyal Customer,40,Business Travel,Eco,488,4,1,1,1,4,4,4,4,4,5,4,4,4,3.38,0,0,FALSE
Female,Disloyal Customer,48,Business Travel,Eco,853,3,3,3,3,5,3,5,5,3,3,3,3,5,3.62,13,24,FALSE
Female,Loyal Customer,63,Personal Travel,Eco,1085,3,5,3,5,3,5,5,1,1,3,1,2,2,3,0,0,FALSE
Male,Loyal Customer,36,Business Travel,Business,491,2,1,1,1,4,4,3,2,2,2,2,2,2,2.15,33,28,FALSE
Female,Loyal Customer,27,Personal Travel,Business,689,1,4,0,2,4,0,4,4,3,5,5,5,4,3.15,13,3,FALSE
Female,Loyal Customer,54,Personal Travel,Eco Plus,288,5,4,5,2,4,5,5,3,3,5,3,3,4,3.92,0,0,TRUE
Female,Loyal Customer,58,Business Travel,Business,1897,1,1,1,1,3,4,4,5,5,5,5,5,3,3.31,46,40,TRUE
Female,Loyal Customer,37,Business Travel,Business,1400,4,4,5,4,1,5,1,5,5,5,5,1,3,3.69,0,0,TRUE
Male,Loyal Customer,51,Business Travel,Business,1407,3,3,3,3,3,4,5,5,5,5,5,3,5,4,0,1,TRUE
Female,Disloyal Customer,22,Business Travel,Business,265,0,3,0,2,4,0,4,4,2,3,1,1,4,2.15,35,29,TRUE
Female,Disloyal Customer,29,Business Travel,Business,696,1,1,1,3,3,1,3,3,3,2,4,5,3,2.54,0,0,FALSE
Male,Loyal Customer,43,Business Travel,Eco,883,1,1,1,1,1,1,1,1,4,1,4,2,1,1.54,0,0,FALSE
Female,Loyal Customer,47,Business Travel,Business,3756,5,5,5,5,3,4,4,5,5,5,5,5,4,4.62,0,0,TRUE
Male,Loyal Customer,30,Personal Travel,Business,516,3,5,3,2,5,3,4,5,3,3,5,3,5,3.77,0,0,FALSE
Female,Loyal Customer,50,Business Travel,Business,1011,3,3,3,3,3,5,4,4,4,4,4,5,4,3.77,58,42,TRUE
Female,Loyal Customer,64,Personal Travel,Eco,862,5,2,5,4,5,3,3,1,1,2,1,2,3,2.85,0,0,TRUE
Female,Loyal Customer,41,Business Travel,Eco,347,5,3,3,3,5,5,5,5,2,1,4,4,5,3.85,0,0,TRUE
Male,Loyal Customer,15,Personal Travel,Eco,604,3,3,3,1,3,3,3,3,5,5,1,5,3,3.15,0,10,FALSE
Female,Loyal Customer,55,Business Travel,Eco,846,3,4,4,4,1,4,3,3,3,3,3,4,2,3.15,51,40,FALSE
Female,Loyal Customer,53,Business Travel,Business,2443,1,4,1,1,4,4,4,4,4,4,4,5,5,3.46,0,0,TRUE
Male,Disloyal Customer,25,Business Travel,Eco,265,3,4,3,3,4,3,1,4,2,4,4,4,4,3.31,5,0,FALSE
Female,Loyal Customer,47,Business Travel,Business,236,3,3,3,3,4,4,5,4,4,4,4,3,3,3.62,36,33,TRUE
Female,Disloyal Customer,38,Business Travel,Business,1846,2,2,2,3,5,2,5,5,3,4,4,5,5,3.62,0,0,FALSE
Female,Disloyal Customer,48,Business Travel,Eco Plus,937,2,2,2,4,1,2,1,1,1,3,4,3,1,2.08,0,0,FALSE
Male,Loyal Customer,24,Personal Travel,Eco,861,3,4,3,1,5,3,5,5,4,5,5,3,5,3.92,0,3,FALSE
Male,Loyal Customer,57,Business Travel,Business,2215,2,2,2,2,4,4,5,5,5,5,5,5,3,3.77,23,25,TRUE
Male,Disloyal Customer,24,Business Travel,Eco,320,3,3,3,1,4,3,3,4,1,2,5,4,4,3.08,0,0,FALSE
Female,Loyal Customer,27,Personal Travel,Eco,1744,3,4,3,2,3,3,4,3,3,4,5,4,3,3.38,0,0,FALSE
Female,Disloyal Customer,23,Business Travel,Eco,1353,3,3,3,4,4,3,4,4,4,2,4,1,4,3.31,0,0,FALSE
Male,Loyal Customer,38,Personal Travel,Eco,184,1,5,0,3,1,0,1,1,4,3,5,4,1,2.23,45,38,FALSE
Male,Loyal Customer,49,Business Travel,Business,1703,4,4,4,4,4,4,5,2,2,2,2,5,3,3.46,54,53,TRUE
Female,Disloyal Customer,36,Business Travel,Business,328,3,3,3,3,2,3,2,2,5,4,4,5,2,3.15,0,0,FALSE
Female,Disloyal Customer,36,Personal Travel,Eco,631,3,1,3,3,3,3,2,3,1,4,4,4,3,2.85,0,0,FALSE
Female,Loyal Customer,48,Business Travel,Eco Plus,128,4,2,2,2,2,1,2,4,4,4,4,2,5,2.92,0,0,TRUE
Male,Loyal Customer,8,Business Travel,Eco,841,3,1,1,1,3,3,1,3,1,2,3,2,3,2.08,24,19,FALSE
Female,Loyal Customer,43,Business Travel,Business,335,4,4,4,4,3,4,5,5,5,5,5,3,4,4.23,0,0,TRUE
Male,Loyal Customer,23,Business Travel,Business,644,3,3,3,3,3,3,3,3,2,3,3,1,3,2.77,39,22,FALSE
Male,Loyal Customer,47,Business Travel,Business,814,5,5,5,5,4,5,5,4,4,4,4,3,5,4.46,47,45,TRUE
Male,Loyal Customer,28,Business Travel,Business,303,2,2,2,2,4,4,4,4,2,4,4,2,4,3.08,0,3,TRUE
Male,Disloyal Customer,40,Business Travel,Eco,308,4,0,4,3,1,4,1,1,2,3,4,3,1,2.38,0,0,FALSE
Female,Disloyal Customer,20,Business Travel,Eco,416,2,3,2,4,5,2,5,5,3,3,4,1,5,3.38,0,0,FALSE
Female,Loyal Customer,58,Personal Travel,Eco,187,1,4,1,3,2,4,5,3,3,1,3,4,4,2.92,12,48,FALSE
Male,Loyal Customer,44,Business Travel,Business,1400,5,5,5,5,4,4,4,4,4,5,5,4,4,4.46,149,108,TRUE
Male,Loyal Customer,45,Personal Travel,Business,399,3,1,3,3,3,3,2,3,3,3,3,4,4,2.92,30,22,FALSE
Female,Loyal Customer,45,Business Travel,Business,1582,1,1,1,1,5,3,2,4,4,4,4,1,3,2.62,0,0,TRUE
Male,Loyal Customer,36,Business Travel,Business,2465,4,4,4,4,1,4,4,4,4,4,4,1,3,3.46,12,10,TRUE
Male,Loyal Customer,49,Business Travel,Eco,383,2,3,3,3,2,2,2,2,3,3,3,3,2,2.54,0,0,FALSE
Male,Loyal Customer,60,Business Travel,Business,236,0,1,1,4,3,4,4,4,4,4,4,5,3,3.15,13,3,TRUE
Male,Disloyal Customer,30,Business Travel,Eco,187,1,2,1,4,4,1,3,4,2,4,4,2,4,2.77,21,17,FALSE
Female,Loyal Customer,36,Business Travel,Eco Plus,376,5,4,4,4,5,5,5,5,3,5,4,5,5,4.54,10,10,TRUE
Female,Loyal Customer,48,Business Travel,Business,3874,2,2,2,2,2,4,5,2,2,2,2,5,5,2.85,123,96,TRUE
Male,Disloyal Customer,43,Business Travel,Eco,1874,3,3,3,1,3,3,5,3,2,4,3,2,3,2.92,0,0,FALSE
Female,Loyal Customer,51,Business Travel,Business,3768,5,5,5,5,4,4,5,5,5,5,5,5,5,4.85,38,26,TRUE
Female,Loyal Customer,30,Business Travel,Eco Plus,675,3,2,2,2,3,3,3,3,4,3,4,3,3,2.92,72,61,FALSE
Female,Loyal Customer,33,Business Travel,Business,1005,2,3,3,3,5,3,3,2,2,1,2,2,1,2.46,0,26,FALSE
Male,Loyal Customer,68,Personal Travel,Eco,733,3,3,3,4,2,3,2,2,2,5,2,5,2,2.92,0,0,FALSE
Female,Loyal Customer,18,Personal Travel,Eco Plus,119,2,4,0,1,5,0,5,5,5,3,5,5,5,3.46,1,11,FALSE
Male,Loyal Customer,32,Personal Travel,Eco Plus,328,1,3,1,2,5,1,5,5,3,3,3,5,5,3.23,0,0,FALSE
Female,Loyal Customer,22,Business Travel,Business,1846,3,2,2,2,3,3,3,3,1,2,3,3,3,2.54,0,7,FALSE
Female,Disloyal Customer,21,Business Travel,Eco,521,5,0,5,2,1,5,1,1,3,1,2,3,1,2.31,0,0,TRUE
Female,Loyal Customer,51,Business Travel,Business,188,4,4,3,4,2,2,5,4,4,4,3,2,1,3.23,0,8,TRUE
Female,Loyal Customer,57,Business Travel,Business,892,2,2,5,2,3,4,4,4,4,4,4,4,5,3.62,0,0,TRUE
Female,Loyal Customer,43,Business Travel,Eco,666,3,5,5,5,3,4,4,3,3,3,3,2,3,3.54,12,10,FALSE
Female,Loyal Customer,34,Personal Travel,Eco,237,1,5,1,2,4,1,4,4,3,5,5,3,4,3.23,0,0,FALSE
Male,Loyal Customer,45,Business Travel,Eco,399,3,4,4,4,3,3,3,3,5,4,1,5,3,3.46,0,0,TRUE
Female,Loyal Customer,16,Business Travel,Business,326,2,3,3,3,2,2,2,2,3,3,4,1,2,2.46,0,0,FALSE
Female,Loyal Customer,15,Personal Travel,Eco,354,1,2,1,3,4,1,4,4,1,3,4,1,4,2.54,14,12,FALSE
Male,Loyal Customer,43,Business Travel,Eco,192,4,4,4,4,4,4,4,4,2,2,1,3,4,3.38,45,29,TRUE
Male,Loyal Customer,55,Business Travel,Business,3178,1,5,5,5,5,4,4,4,4,4,1,4,2,3.69,4,10,FALSE
Female,Loyal Customer,59,Business Travel,Business,337,2,2,1,2,5,5,5,5,5,5,5,3,4,3.77,0,0,TRUE
Male,Disloyal Customer,28,Business Travel,Business,1009,1,1,1,1,2,1,5,2,4,3,4,3,2,2.31,0,7,FALSE
Female,Disloyal Customer,23,Business Travel,Eco,746,1,1,1,3,3,1,3,3,4,5,4,4,3,2.77,0,23,FALSE
Male,Loyal Customer,12,Business Travel,Business,495,3,5,5,5,3,3,3,3,2,5,4,1,3,3.46,31,24,FALSE
Male,Loyal Customer,28,Personal Travel,Eco,763,4,5,4,3,3,4,2,3,4,2,5,4,3,3.54,5,0,FALSE
Male,Loyal Customer,29,Personal Travel,Business,383,2,5,5,1,4,5,4,4,3,3,4,5,4,3.77,0,0,FALSE
Female,Loyal Customer,50,Business Travel,Eco,678,2,1,4,4,3,3,4,2,2,2,2,3,4,2.77,82,128,FALSE
Male,Loyal Customer,39,Business Travel,Business,2609,5,5,3,5,5,4,5,4,4,4,4,5,4,4.38,44,42,TRUE
Male,Loyal Customer,60,Business Travel,Business,2361,3,2,3,3,3,5,5,4,4,4,4,5,4,3.77,0,0,TRUE
Female,Disloyal Customer,28,Business Travel,Eco Plus,1024,0,0,0,3,3,0,3,3,2,4,3,5,3,2.23,30,24,TRUE
Male,Loyal Customer,39,Business Travel,Business,2504,4,4,4,4,3,5,5,5,5,5,5,4,5,4.46,0,0,TRUE
Male,Loyal Customer,51,Business Travel,Eco Plus,416,2,3,3,3,2,2,2,2,2,2,4,4,2,2.54,0,0,FALSE
Female,Loyal Customer,36,Business Travel,Business,1649,1,1,1,1,1,5,3,5,5,5,5,2,3,2.92,0,0,TRUE
Female,Loyal Customer,62,Personal Travel,Eco,598,2,0,1,4,4,5,5,1,1,1,1,4,3,2.46,0,3,FALSE
Male,Loyal Customer,29,Business Travel,Business,1642,1,1,1,1,4,4,4,4,5,3,4,3,4,3,0,0,TRUE
Female,Loyal Customer,33,Personal Travel,Business,102,3,4,3,2,3,1,3,2,2,3,2,4,4,2.77,13,25,FALSE
Female,Loyal Customer,52,Business Travel,Business,2066,3,3,3,3,1,4,4,4,4,4,4,4,5,3.54,0,0,TRUE
Male,Disloyal Customer,26,Business Travel,Business,337,1,0,1,2,5,1,5,5,4,3,5,5,5,3.23,66,49,FALSE
Female,Loyal Customer,61,Personal Travel,Eco,302,2,3,2,2,3,2,1,1,1,2,1,4,5,2.23,15,14,FALSE
Male,Loyal Customer,42,Business Travel,Business,2140,1,1,1,1,4,5,4,5,5,5,5,3,4,3.38,0,0,TRUE
Male,Loyal Customer,62,Personal Travel,Eco,919,4,5,5,5,4,5,4,4,4,5,4,5,4,4.46,0,2,FALSE
Female,Loyal Customer,52,Business Travel,Business,1616,2,2,2,2,5,4,5,5,5,5,5,3,3,3.69,11,0,TRUE
Male,Loyal Customer,41,Business Travel,Eco,481,1,3,3,3,1,1,1,1,3,3,4,2,1,2.08,0,0,FALSE
Female,Loyal Customer,38,Personal Travel,Eco,845,3,4,3,5,2,3,2,2,3,2,4,4,2,3,0,0,FALSE
Male,Loyal Customer,28,Personal Travel,Eco,489,3,1,3,3,1,3,1,1,2,3,3,3,1,2.15,24,21,FALSE
Female,Loyal Customer,40,Personal Travel,Eco,354,1,3,1,3,5,1,5,5,3,1,3,5,5,3.15,47,54,FALSE
Male,Loyal Customer,55,Business Travel,Business,371,5,5,5,5,2,5,5,4,4,5,4,4,4,4.38,9,3,TRUE
Female,Loyal Customer,49,Personal Travel,Eco,134,5,3,5,4,3,3,3,4,4,5,4,1,2,3.54,1,2,TRUE
Female,Disloyal Customer,40,Business Travel,Business,317,2,2,2,3,4,2,3,4,3,3,4,5,4,3.15,53,49,FALSE
Female,Loyal Customer,44,Business Travel,Eco Plus,526,5,1,1,1,4,2,2,4,4,5,4,2,1,2.77,0,0,TRUE
Male,Loyal Customer,37,Business Travel,Eco,1114,2,5,5,5,2,2,2,2,2,3,2,2,2,2.77,0,0,FALSE
Female,Disloyal Customer,28,Business Travel,Eco,1018,2,2,2,4,3,2,3,3,1,3,4,4,3,2.77,0,0,FALSE
Male,Disloyal Customer,24,Business Travel,Business,231,0,0,0,4,0,4,4,4,4,5,4,4,4,2.85,168,178,TRUE
Female,Loyal Customer,25,Personal Travel,Eco,522,4,5,4,5,1,4,1,1,3,5,4,5,1,3.31,0,0,FALSE
Male,Loyal Customer,36,Business Travel,Business,934,1,1,1,1,3,5,4,1,1,2,1,3,4,2.15,0,0,TRUE
Male,Loyal Customer,37,Business Travel,Eco,362,5,3,3,3,5,5,5,5,5,1,5,4,5,4.15,0,0,TRUE
Female,Loyal Customer,60,Business Travel,Business,2065,3,3,3,3,2,4,4,5,5,5,5,3,4,3.77,0,0,TRUE
Male,Loyal Customer,38,Personal Travel,Eco,486,3,0,3,4,2,3,2,2,4,4,2,2,2,2.54,13,4,FALSE
Female,Loyal Customer,13,Personal Travel,Eco,237,1,4,0,3,3,0,5,3,5,2,4,3,3,2.77,0,0,FALSE
Male,Loyal Customer,44,Business Travel,Business,604,5,4,5,5,4,4,4,1,1,2,1,4,4,3.38,18,0,TRUE
Female,Loyal Customer,39,Business Travel,Business,188,1,1,1,1,2,4,1,4,4,5,4,2,3,2.54,3,0,TRUE
Male,Loyal Customer,47,Business Travel,Business,3777,1,1,1,1,3,4,4,5,5,5,5,3,5,3.31,27,22,TRUE
Female,Disloyal Customer,8,Business Travel,Business,1158,3,4,3,3,1,3,1,1,2,5,4,1,1,2.46,0,0,FALSE
Female,Disloyal Customer,29,Business Travel,Eco Plus,679,4,4,4,1,4,4,4,4,3,1,5,4,4,3.54,0,0,TRUE
Male,Loyal Customer,22,Personal Travel,Eco,763,2,4,3,2,2,3,2,2,5,2,4,5,2,2.92,0,2,FALSE
Male,Loyal Customer,35,Business Travel,Eco,101,5,1,1,1,5,5,5,5,1,4,2,5,5,3.46,0,0,TRUE
Female,Loyal Customer,60,Business Travel,Eco,1014,4,5,2,5,1,2,5,4,4,4,4,1,5,3.54,0,0,TRUE
Male,Loyal Customer,52,Business Travel,Business,2627,4,4,4,4,3,4,5,5,5,5,5,3,3,4.15,3,0,TRUE
Male,Loyal Customer,64,Personal Travel,Eco,620,3,4,4,1,3,4,3,3,4,3,4,5,3,3.38,6,32,FALSE
Male,Loyal Customer,57,Business Travel,Business,3157,0,0,0,4,5,5,5,3,3,3,3,5,3,3,0,0,TRUE
Female,Loyal Customer,67,Business Travel,Eco,280,4,3,3,3,2,4,4,4,4,4,4,2,2,3.31,0,0,FALSE
Female,Loyal Customer,36,Personal Travel,Business,399,3,4,3,1,5,4,5,3,3,3,3,4,4,3.46,96,90,FALSE
Female,Loyal Customer,54,Business Travel,Business,3665,4,4,4,4,3,5,3,4,4,4,4,1,3,3.62,0,0,TRUE
Male,Disloyal Customer,27,Business Travel,Business,307,5,5,5,1,3,5,3,3,4,5,4,4,3,3.85,15,12,TRUE
Female,Loyal Customer,49,Personal Travel,Eco,516,4,4,1,3,2,4,1,5,5,1,5,1,3,3,0,12,FALSE
Male,Loyal Customer,56,Business Travel,Business,2204,1,1,1,1,4,4,5,4,4,4,4,5,4,3.23,55,49,TRUE
Male,Loyal Customer,41,Business Travel,Eco,930,1,4,4,4,1,1,1,1,1,3,3,1,1,2,18,10,FALSE
Male,Loyal Customer,29,Business Travel,Business,601,2,2,2,2,4,4,4,4,5,5,4,3,4,3.46,11,0,TRUE
Female,Loyal Customer,48,Business Travel,Eco,326,2,2,2,2,5,3,4,1,1,2,1,4,3,2.46,0,0,FALSE
Male,Loyal Customer,48,Business Travel,Business,2486,1,1,1,1,2,3,5,4,4,4,4,3,5,2.92,12,0,TRUE
Male,Loyal Customer,36,Business Travel,Eco,266,4,1,1,1,4,4,4,4,2,5,4,4,4,3.23,1,2,TRUE
Male,Loyal Customer,38,Business Travel,Business,1867,1,4,1,1,4,4,5,4,4,4,4,5,1,3.23,0,0,TRUE
Female,Loyal Customer,12,Personal Travel,Eco,888,2,2,1,1,2,1,2,2,3,2,1,4,2,1.92,3,25,FALSE
Female,Loyal Customer,19,Personal Travel,Eco,1107,3,3,3,4,4,3,4,4,4,4,2,5,4,3.62,0,0,FALSE
Male,Disloyal Customer,22,Business Travel,Business,1262,4,0,3,3,5,3,5,5,5,3,5,4,5,3.85,9,11,TRUE
Male,Loyal Customer,37,Personal Travel,Eco,760,2,5,2,1,1,2,1,1,4,5,5,3,1,2.54,0,0,FALSE
Female,Loyal Customer,43,Business Travel,Business,1438,4,3,3,3,2,3,4,4,4,4,4,4,4,3.54,29,7,FALSE
Female,Loyal Customer,55,Business Travel,Business,678,2,2,2,2,1,3,4,2,2,2,2,2,1,2.08,0,11,FALSE
Female,Loyal Customer,52,Business Travel,Business,733,5,5,5,5,4,4,4,5,5,5,5,4,5,4.69,20,75,TRUE
Female,Loyal Customer,44,Business Travel,Business,1846,3,4,4,4,1,4,4,3,3,3,3,2,2,3.08,11,0,FALSE
Female,Loyal Customer,38,Business Travel,Business,134,0,5,0,4,4,4,5,2,2,2,2,5,3,2.92,0,0,TRUE
Female,Disloyal Customer,26,Business Travel,Eco,352,2,2,1,3,2,1,5,2,3,4,3,3,2,2.54,0,0,FALSE
Female,Loyal Customer,47,Personal Travel,Eco,190,3,4,3,2,5,5,5,2,2,3,2,3,3,3.23,0,0,FALSE
Male,Loyal Customer,31,Personal Travel,Eco,1607,1,4,1,4,5,1,3,5,3,3,4,5,5,3.38,0,0,FALSE
Female,Loyal Customer,40,Business Travel,Business,213,0,5,0,5,5,4,5,4,4,1,1,3,3,3.08,0,0,TRUE
Male,Loyal Customer,53,Personal Travel,Eco,304,4,4,5,4,4,5,4,4,4,4,5,3,4,4.15,0,0,FALSE
Male,Loyal Customer,11,Personal Travel,Eco,1258,4,4,4,3,3,4,3,3,4,3,4,3,3,3.46,0,0,FALSE
Female,Loyal Customer,57,Business Travel,Business,2390,4,4,4,4,3,4,4,2,2,3,2,3,5,3.38,0,16,TRUE
Female,Loyal Customer,55,Business Travel,Business,2586,4,5,4,4,5,5,5,3,5,4,5,5,5,4.54,0,0,TRUE
Female,Disloyal Customer,61,Personal Travel,Eco,1121,2,5,2,4,5,2,5,5,4,4,3,3,5,3.77,2,0,FALSE
Male,Disloyal Customer,61,Business Travel,Business,316,4,4,4,5,5,4,5,5,5,4,5,3,5,4.46,0,2,TRUE
Male,Loyal Customer,50,Business Travel,Business,594,1,5,3,5,5,4,4,1,1,1,1,4,4,3,0,2,FALSE
Male,Loyal Customer,40,Personal Travel,Eco Plus,867,3,5,3,3,1,3,1,1,3,5,5,5,1,3,87,93,FALSE
Male,Loyal Customer,39,Personal Travel,Business,837,2,2,2,4,2,4,4,4,4,2,4,3,1,2.92,76,68,FALSE
Female,Disloyal Customer,8,Business Travel,Eco,577,3,4,3,3,2,3,3,2,3,5,5,4,2,3.23,0,0,FALSE
Female,Loyal Customer,42,Business Travel,Business,1590,4,4,4,4,2,4,5,2,2,2,2,4,3,3.23,0,0,TRUE
Male,Loyal Customer,39,Business Travel,Business,883,5,5,5,5,5,4,5,4,4,4,4,4,4,4.46,3,38,TRUE
Male,Loyal Customer,7,Personal Travel,Eco,524,4,5,4,2,4,4,4,4,3,4,4,4,4,3.85,0,0,FALSE
Male,Loyal Customer,50,Personal Travel,Eco,108,1,5,0,2,5,0,4,5,5,2,4,5,5,3.31,0,8,FALSE
Male,Loyal Customer,20,Personal Travel,Eco,1044,5,4,5,3,4,5,4,4,1,5,4,2,4,3.85,0,0,TRUE
Male,Loyal Customer,51,Business Travel,Business,1972,5,5,5,5,5,5,5,4,4,4,4,4,4,4.54,0,0,TRUE
Female,Loyal Customer,46,Business Travel,Eco,199,2,5,5,5,4,3,3,2,2,2,2,1,2,2.92,17,9,FALSE
Male,Loyal Customer,50,Business Travel,Business,1066,3,3,3,3,2,5,5,5,5,5,5,3,5,4,9,0,TRUE
Male,Loyal Customer,28,Personal Travel,Eco,1009,3,5,3,1,1,3,1,1,4,3,5,5,1,2.77,0,0,FALSE
Female,Loyal Customer,31,Business Travel,Business,1744,2,3,3,3,2,2,2,2,2,2,3,3,2,2.38,1,24,FALSE
Male,Loyal Customer,38,Business Travel,Business,3710,3,2,2,2,3,1,1,3,3,3,3,4,2,2.46,36,20,FALSE
Male,Loyal Customer,17,Personal Travel,Eco,590,3,4,3,1,4,3,4,4,4,4,4,5,4,3.62,0,0,FALSE
Male,Loyal Customer,60,Business Travel,Eco,125,1,4,5,5,1,1,1,1,2,5,4,1,1,2.46,0,8,FALSE
Male,Loyal Customer,48,Business Travel,Business,204,2,2,2,2,4,4,5,4,4,4,4,4,4,3.46,0,0,TRUE
Male,Loyal Customer,16,Personal Travel,Eco,1189,2,5,2,4,3,2,3,3,5,5,3,3,3,3.31,58,49,FALSE
Female,Loyal Customer,26,Business Travel,Business,2075,5,1,5,5,4,4,4,4,3,5,3,4,4,3.92,15,0,TRUE
Male,Loyal Customer,20,Business Travel,Eco,264,5,3,3,3,5,5,5,5,3,4,3,5,5,4.15,12,13,TRUE
Female,Loyal Customer,43,Business Travel,Business,2082,1,1,2,1,5,4,5,4,4,5,4,4,4,3.38,8,0,TRUE
Female,Loyal Customer,49,Business Travel,Business,921,2,2,2,2,4,5,5,4,4,4,4,5,5,3.69,0,0,TRUE
Female,Loyal Customer,52,Business Travel,Eco,899,2,1,1,1,3,3,3,2,2,2,2,1,4,2.08,0,0,FALSE
Male,Loyal Customer,53,Business Travel,Business,2777,2,2,3,2,3,4,4,2,2,2,2,1,3,2.46,34,40,FALSE
Female,Loyal Customer,58,Personal Travel,Eco,463,2,2,2,2,5,3,2,3,3,2,2,2,2,2.46,0,8,FALSE
Female,Disloyal Customer,20,Business Travel,Eco,421,3,0,3,1,3,3,4,3,3,4,2,1,3,2.54,0,0,FALSE
Female,Loyal Customer,16,Personal Travel,Eco,2562,2,4,2,3,5,2,4,5,5,1,3,3,5,3.38,0,0,FALSE
Female,Loyal Customer,31,Business Travel,Business,2585,5,5,4,5,4,4,4,4,3,4,5,5,4,4.31,0,0,TRUE
Female,Loyal Customer,42,Business Travel,Business,3191,5,5,5,5,4,5,4,4,4,4,4,4,4,4.38,0,0,TRUE
Male,Disloyal Customer,21,Business Travel,Eco,896,4,4,4,4,2,4,2,2,5,2,1,1,2,2.85,0,0,TRUE
Female,Disloyal Customer,37,Business Travel,Business,444,4,4,4,5,3,4,1,3,3,5,5,3,3,3.62,19,15,TRUE
Male,Loyal Customer,8,Personal Travel,Eco,575,2,5,2,3,5,2,5,5,3,2,5,4,5,3.69,0,0,FALSE
Female,Loyal Customer,36,Personal Travel,Eco,628,2,4,2,3,3,2,3,3,5,2,4,5,3,3.15,83,77,FALSE
Female,Loyal Customer,30,Business Travel,Business,2227,4,4,4,4,4,4,4,4,1,4,3,4,4,3.69,0,0,FALSE
Female,Loyal Customer,45,Business Travel,Business,3393,4,4,4,4,3,5,4,4,4,4,4,5,4,4.08,9,0,TRUE
Female,Loyal Customer,39,Business Travel,Business,1922,1,1,1,1,5,5,5,4,4,4,4,3,4,3.23,0,0,TRUE
Female,Loyal Customer,12,Personal Travel,Eco,255,2,3,2,4,4,2,4,4,3,1,5,5,4,3.31,1,7,FALSE
Male,Loyal Customer,33,Business Travel,Business,2512,1,4,4,4,1,1,1,1,3,3,4,4,1,2.46,19,7,FALSE
Female,Loyal Customer,29,Personal Travel,Eco,674,4,5,4,4,4,4,4,4,4,4,4,4,4,4.08,0,0,TRUE
Female,Loyal Customer,38,Business Travel,Business,3963,1,1,1,1,2,5,5,4,4,4,4,5,4,3.15,0,0,TRUE
Female,Loyal Customer,47,Personal Travel,Eco,214,3,4,3,3,5,5,4,3,3,3,3,3,5,3.62,2,0,FALSE
Female,Loyal Customer,70,Personal Travel,Eco,447,3,4,2,1,5,3,1,4,4,2,5,2,5,3.15,0,0,FALSE
Male,Loyal Customer,51,Business Travel,Business,1888,5,5,5,5,4,5,5,4,4,4,4,5,4,4.54,0,0,TRUE
Female,Disloyal Customer,38,Business Travel,Eco,1250,3,3,3,1,4,3,4,4,1,2,2,3,4,2.85,0,0,FALSE
Female,Loyal Customer,34,Personal Travel,Eco Plus,247,1,5,1,4,2,1,2,2,5,3,2,1,2,2.38,0,0,FALSE
Female,Loyal Customer,63,Personal Travel,Eco,719,2,4,2,5,3,5,4,1,1,2,1,4,4,2.92,0,0,FALSE
Female,Loyal Customer,58,Business Travel,Eco Plus,216,5,4,4,4,5,3,4,5,5,5,5,5,2,4.31,0,6,TRUE
Female,Loyal Customer,36,Business Travel,Business,2550,3,3,3,3,4,4,5,5,5,5,5,3,5,4.08,5,13,TRUE
Female,Disloyal Customer,20,Business Travel,Eco,319,4,3,4,4,5,4,5,5,3,3,5,5,5,4.23,0,0,TRUE
Female,Loyal Customer,39,Business Travel,Business,1009,5,5,5,5,2,2,5,5,5,5,5,1,1,3.92,0,0,TRUE
Female,Disloyal Customer,36,Business Travel,Eco,274,2,0,2,4,3,2,3,3,5,2,5,4,3,2.92,0,0,FALSE
Female,Loyal Customer,57,Personal Travel,Eco Plus,432,2,5,2,3,5,4,4,5,5,2,5,4,3,3.77,0,0,FALSE
Male,Loyal Customer,49,Personal Travel,Eco,1086,4,2,4,4,4,4,4,4,3,4,4,3,4,3.69,0,0,TRUE
Male,Loyal Customer,54,Business Travel,Eco,516,5,4,4,4,5,5,5,5,1,5,5,2,5,4.23,0,0,TRUE
Female,Loyal Customer,49,Business Travel,Business,2726,1,1,1,1,4,5,5,4,4,4,4,3,4,3.15,0,0,TRUE
Male,Loyal Customer,18,Business Travel,Eco Plus,2248,5,2,2,2,5,5,3,5,4,5,3,5,5,3.92,0,2,TRUE
Male,Loyal Customer,56,Business Travel,Business,1995,2,2,2,2,4,5,4,4,4,4,4,5,5,3.62,0,0,TRUE
Male,Loyal Customer,30,Business Travel,Eco Plus,986,2,5,2,2,2,3,2,2,4,1,4,2,2,2.54,0,1,FALSE
Female,Loyal Customer,55,Personal Travel,Eco,473,2,3,2,3,1,1,1,2,2,2,2,4,4,2.23,0,0,FALSE
Female,Loyal Customer,17,Business Travel,Business,2682,3,4,4,4,3,3,3,3,1,3,3,2,3,3,0,7,FALSE
Male,Loyal Customer,64,Business Travel,Eco,145,4,1,1,1,4,4,4,4,5,4,4,1,4,3.15,0,18,TRUE
Male,Loyal Customer,10,Personal Travel,Eco,290,3,4,3,3,4,3,5,4,3,5,5,3,4,3.77,5,0,FALSE
Male,Loyal Customer,14,Business Travel,Business,2961,1,3,3,3,1,1,1,1,1,3,2,3,1,1.85,10,17,FALSE
Male,Loyal Customer,54,Business Travel,Business,122,2,3,3,3,2,4,3,2,2,1,2,1,2,2.31,36,28,FALSE
Female,Disloyal Customer,25,Business Travel,Business,661,3,4,3,4,5,3,3,5,3,4,4,3,5,3.77,16,14,FALSE
Female,Loyal Customer,52,Personal Travel,Eco Plus,763,3,3,3,4,5,1,1,2,2,3,2,5,5,3,0,0,FALSE
Male,Loyal Customer,52,Personal Travel,Eco,2402,2,4,2,3,4,2,2,4,2,3,1,5,4,2.92,0,0,FALSE
Female,Loyal Customer,51,Business Travel,Business,1506,1,1,1,1,5,5,4,4,4,4,4,5,3,3.23,0,0,TRUE
Male,Loyal Customer,45,Business Travel,Business,1635,5,4,5,5,3,4,4,4,4,4,4,3,4,4.08,9,3,TRUE
Female,Loyal Customer,26,Personal Travel,Eco,728,3,3,3,3,4,3,4,4,2,1,1,1,4,2.77,0,3,FALSE
Male,Loyal Customer,32,Business Travel,Business,680,2,1,1,1,2,2,2,2,1,3,3,4,2,2,37,45,FALSE
Male,Disloyal Customer,23,Business Travel,Eco,725,3,3,3,2,5,3,5,5,4,5,5,4,5,4,29,15,FALSE
Female,Loyal Customer,25,Business Travel,Business,2358,1,1,1,1,4,5,4,4,3,4,3,5,4,3.08,8,0,TRUE
Female,Loyal Customer,37,Business Travel,Eco,89,5,1,4,4,5,5,5,5,3,4,3,4,5,4.08,0,0,TRUE
Male,Loyal Customer,16,Personal Travel,Eco Plus,1947,3,5,3,4,4,3,4,4,4,2,3,5,4,3.69,0,13,FALSE
Female,Loyal Customer,48,Business Travel,Business,1569,3,1,1,1,5,3,4,3,3,3,3,1,1,2.46,0,2,FALSE
Male,Loyal Customer,48,Personal Travel,Eco,1487,3,4,3,2,1,3,1,1,3,3,5,3,1,2.54,30,24,FALSE
Female,Loyal Customer,47,Business Travel,Business,187,1,1,1,1,3,5,5,5,5,5,5,4,3,3.38,0,0,TRUE
Male,Loyal Customer,52,Business Travel,Business,2285,4,2,2,2,1,4,3,3,3,3,4,3,2,2.77,0,0,FALSE
Male,Disloyal Customer,9,Business Travel,Eco,813,3,4,4,4,3,4,2,1,4,2,4,2,2,3,360,347,FALSE
Female,Loyal Customer,20,Personal Travel,Eco,264,2,4,2,3,3,2,3,3,2,4,4,4,3,3,0,0,FALSE
Male,Disloyal Customer,35,Business Travel,Business,102,3,3,3,2,3,3,3,3,3,5,4,4,3,3.23,0,0,FALSE
Male,Loyal Customer,29,Business Travel,Eco,588,4,1,1,1,4,4,4,4,1,5,4,2,4,3,5,0,TRUE
Male,Loyal Customer,28,Business Travel,Business,2529,4,4,4,4,2,2,2,2,3,2,2,4,2,2.85,3,0,TRUE
Male,Loyal Customer,27,Business Travel,Eco Plus,192,5,1,1,1,5,5,5,5,1,2,1,3,5,3.08,0,0,TRUE
Male,Loyal Customer,58,Business Travel,Eco,896,2,4,5,4,2,2,2,2,3,4,1,5,2,2.92,0,0,TRUE
Female,Disloyal Customer,37,Business Travel,Eco,409,3,0,3,3,5,3,5,5,2,4,4,3,5,3.46,0,0,FALSE
Male,Loyal Customer,27,Business Travel,Business,1839,2,5,1,5,2,3,2,2,2,4,3,4,2,2.85,50,57,FALSE
Female,Disloyal Customer,39,Business Travel,Business,299,4,4,4,3,2,4,2,2,4,3,2,4,2,3.08,89,107,FALSE
Female,Loyal Customer,66,Personal Travel,Eco,320,1,5,1,5,3,2,3,4,4,1,4,2,2,2.85,0,0,FALSE
Female,Loyal Customer,10,Personal Travel,Eco,258,4,4,4,4,1,4,1,1,4,3,2,2,1,2.69,0,0,TRUE
Male,Loyal Customer,34,Business Travel,Business,3108,4,3,3,3,1,3,3,4,4,3,4,4,3,3.23,0,3,FALSE
Male,Loyal Customer,56,Business Travel,Business,451,2,2,2,2,2,5,4,4,4,4,4,4,3,3.23,0,21,TRUE
Female,Loyal Customer,29,Business Travel,Business,3586,3,3,5,3,4,4,4,4,4,5,5,5,4,4.08,53,46,TRUE
Male,Disloyal Customer,25,Business Travel,Eco,1635,2,2,2,2,5,2,2,5,1,1,2,3,5,2.62,9,7,FALSE
Female,Loyal Customer,47,Personal Travel,Eco,867,2,5,2,4,1,1,2,4,4,2,1,4,1,2.54,0,0,FALSE
Female,Loyal Customer,31,Business Travel,Business,1846,1,1,1,1,4,5,5,4,3,4,5,5,5,3.38,171,194,TRUE
Female,Disloyal Customer,36,Business Travel,Eco,964,3,3,3,1,4,3,3,4,5,4,5,5,4,3.62,42,37,FALSE
Female,Disloyal Customer,39,Business Travel,Business,391,5,5,5,1,4,5,4,4,4,4,5,4,4,4.15,88,79,TRUE
Female,Disloyal Customer,25,Business Travel,Eco,541,3,1,3,4,5,3,5,5,4,2,3,3,5,3.54,0,3,FALSE
Female,Loyal Customer,40,Business Travel,Eco,1023,2,4,3,4,2,1,2,2,3,4,4,3,2,2.77,7,0,FALSE
Female,Loyal Customer,28,Business Travel,Eco,629,4,2,2,2,4,4,4,4,2,1,3,1,4,2.85,114,103,FALSE
Female,Loyal Customer,42,Business Travel,Business,181,0,4,1,1,4,5,5,3,3,3,3,4,4,3.08,7,0,TRUE
Female,Loyal Customer,46,Business Travel,Eco Plus,164,3,3,3,3,3,4,3,2,2,3,2,3,2,2.77,0,0,FALSE
Female,Loyal Customer,46,Business Travel,Eco Plus,191,5,1,1,1,1,4,5,5,5,5,5,3,4,3.46,0,0,TRUE
Male,Loyal Customer,49,Business Travel,Business,3539,2,2,2,2,4,3,3,5,5,5,3,5,1,3.23,0,0,TRUE
Female,Loyal Customer,48,Personal Travel,Eco Plus,2176,1,1,1,3,4,4,4,5,5,1,3,2,4,2.92,0,0,FALSE
Female,Loyal Customer,59,Business Travel,Business,2845,4,4,4,4,4,3,4,4,4,4,4,4,4,3.92,15,7,TRUE
Female,Loyal Customer,30,Business Travel,Business,808,2,2,2,2,3,3,3,3,4,4,5,5,3,3.15,0,0,TRUE
Male,Loyal Customer,37,Personal Travel,Eco,432,4,4,4,1,2,4,1,2,5,2,5,4,2,3.08,103,103,FALSE
Male,Loyal Customer,53,Business Travel,Eco,331,3,2,3,2,3,3,3,3,2,3,2,1,3,2.54,0,0,FALSE
Female,Loyal Customer,42,Business Travel,Business,1389,1,1,1,1,5,4,5,5,5,5,5,4,5,3.62,0,0,TRUE
Male,Loyal Customer,48,Personal Travel,Eco,386,4,5,4,4,3,4,3,3,3,3,4,5,3,3.69,37,37,FALSE
Male,Loyal Customer,55,Business Travel,Business,1936,5,5,5,5,3,5,5,4,4,4,4,4,3,4.31,0,0,TRUE
Female,Loyal Customer,52,Personal Travel,Business,725,3,2,3,3,3,3,4,3,3,3,3,2,1,2.77,32,26,FALSE
Male,Loyal Customer,25,Business Travel,Business,495,2,1,1,1,2,2,2,2,2,1,3,4,2,1.92,0,17,FALSE
Female,Disloyal Customer,25,Business Travel,Eco,1015,3,3,3,4,3,3,3,3,5,2,4,2,3,3.15,0,0,FALSE
Female,Loyal Customer,30,Business Travel,Business,1214,3,3,2,3,4,4,4,4,5,4,2,1,4,3.31,0,2,TRUE
Female,Loyal Customer,27,Business Travel,Business,2078,4,4,4,4,5,5,5,5,3,4,4,5,5,4.38,3,0,TRUE
Male,Loyal Customer,35,Personal Travel,Eco,1298,5,5,5,3,2,5,2,2,4,3,3,5,2,3.54,0,0,TRUE
Male,Loyal Customer,49,Business Travel,Business,3805,5,5,5,5,2,4,5,5,5,5,5,5,5,4.69,13,13,TRUE
Male,Loyal Customer,48,Business Travel,Business,3717,1,1,3,1,5,4,5,5,5,5,5,4,5,3.77,0,0,TRUE
Male,Loyal Customer,56,Personal Travel,Eco,130,3,0,0,3,3,0,3,3,2,4,5,3,3,2.46,0,0,FALSE
Male,Loyal Customer,42,Personal Travel,Eco Plus,1670,1,4,1,4,4,1,4,4,2,5,4,1,4,3,5,0,FALSE
Male,Loyal Customer,58,Business Travel,Business,1873,3,3,3,3,3,5,5,5,5,5,5,3,3,3.92,0,10,TRUE
Female,Loyal Customer,62,Personal Travel,Eco,1626,0,5,0,3,5,3,4,1,1,0,5,3,4,2.62,0,0,TRUE
Female,Loyal Customer,54,Business Travel,Business,2373,4,4,4,4,4,5,5,4,4,4,4,4,5,4.23,0,0,TRUE
Male,Loyal Customer,27,Personal Travel,Eco,113,5,4,5,4,1,5,1,1,4,1,1,3,1,2.77,0,0,TRUE
Female,Loyal Customer,31,Personal Travel,Eco,333,3,5,3,3,4,3,4,4,5,3,5,5,4,3.92,0,0,FALSE
Male,Loyal Customer,59,Business Travel,Business,921,5,5,5,5,2,5,5,3,3,3,3,4,3,3.92,13,0,TRUE
Male,Loyal Customer,61,Business Travel,Eco,634,1,2,2,2,1,1,1,1,1,2,3,2,1,1.54,0,0,FALSE
Male,Loyal Customer,29,Business Travel,Business,1567,4,4,5,4,5,5,5,5,4,2,4,3,5,4.23,15,15,TRUE
Female,Loyal Customer,16,Personal Travel,Business,937,3,5,3,4,5,3,5,5,1,3,5,4,5,3.92,1,0,FALSE
Male,Loyal Customer,43,Business Travel,Business,1517,1,5,1,1,1,4,4,2,2,2,1,3,3,2.31,0,0,FALSE
Female,Loyal Customer,11,Business Travel,Business,1834,2,1,1,1,2,2,2,2,4,5,4,4,2,2.46,0,0,FALSE
Male,Loyal Customer,36,Personal Travel,Eco Plus,1626,1,3,1,2,2,1,2,2,3,3,3,3,2,2.15,0,0,FALSE
Male,Loyal Customer,47,Personal Travel,Eco,985,4,5,3,1,5,3,5,5,3,3,4,4,5,3.85,4,0,TRUE
Male,Loyal Customer,47,Personal Travel,Eco,1448,3,2,3,3,3,3,3,3,1,5,1,3,3,2.77,0,0,FALSE
Female,Loyal Customer,70,Personal Travel,Eco Plus,347,2,5,2,4,3,4,5,4,4,2,4,5,3,3.62,0,0,FALSE
Female,Loyal Customer,39,Business Travel,Eco,458,1,2,2,2,1,1,1,1,4,2,2,4,1,1.85,31,31,FALSE
Female,Loyal Customer,10,Business Travel,Business,1521,5,5,5,5,4,4,4,4,4,5,4,5,4,4.46,0,0,TRUE
Female,Disloyal Customer,32,Business Travel,Eco,409,2,0,3,4,2,3,2,2,3,5,2,1,2,2.38,8,1,FALSE
Male,Loyal Customer,28,Business Travel,Business,3864,1,1,1,1,2,2,2,2,5,4,5,1,2,2.23,0,0,TRUE
Male,Loyal Customer,47,Personal Travel,Eco,189,3,4,3,3,1,3,4,1,5,4,5,5,1,3.23,12,7,FALSE
Female,Loyal Customer,41,Personal Travel,Eco,544,3,3,3,4,2,3,2,2,3,4,3,1,2,2.69,75,81,FALSE
Female,Loyal Customer,68,Personal Travel,Eco,281,3,4,4,4,2,3,4,1,1,4,1,1,1,2.54,10,18,FALSE
Female,Loyal Customer,44,Business Travel,Business,1197,2,2,2,2,3,5,5,4,4,4,4,4,3,3.38,1,0,TRUE
Female,Loyal Customer,14,Personal Travel,Eco,369,1,5,1,4,2,1,4,2,1,3,5,3,2,2.62,0,0,FALSE
Male,Loyal Customer,57,Business Travel,Business,2747,2,4,4,4,2,3,3,4,4,4,2,4,3,3.31,0,0,FALSE
Female,Loyal Customer,31,Business Travel,Business,2532,5,3,5,5,4,4,4,4,5,4,4,3,4,4.15,0,16,TRUE
Female,Loyal Customer,52,Business Travel,Business,2108,1,5,5,5,5,4,3,1,1,1,1,1,1,2.62,0,0,FALSE
Female,Disloyal Customer,25,Business Travel,Business,1009,5,4,4,3,1,4,1,1,5,2,4,5,1,3.08,0,0,TRUE
Male,Loyal Customer,59,Personal Travel,Eco,696,4,4,4,3,5,4,5,5,3,5,5,4,5,4.31,0,0,FALSE
Male,Loyal Customer,41,Business Travel,Eco,937,1,4,4,4,1,1,1,1,1,3,2,4,1,2.15,0,0,FALSE
Female,Loyal Customer,17,Personal Travel,Eco,550,2,0,2,4,4,2,4,4,3,2,5,5,4,3.15,0,9,FALSE
Female,Loyal Customer,44,Business Travel,Business,3891,5,5,5,5,2,4,5,3,3,3,3,3,3,3.77,54,38,TRUE
Female,Loyal Customer,66,Personal Travel,Eco,170,4,5,0,3,4,5,5,3,3,0,3,5,3,3.31,31,38,TRUE
Female,Loyal Customer,52,Business Travel,Business,2119,2,2,2,2,3,4,5,4,4,4,4,4,4,3.38,0,0,TRUE
Male,Disloyal Customer,25,Business Travel,Eco,483,3,2,3,4,3,5,5,2,2,3,4,5,5,3.54,300,317,FALSE
Female,Loyal Customer,36,Business Travel,Eco,163,5,2,2,2,5,5,5,5,4,1,5,3,5,3.77,0,0,TRUE
Male,Loyal Customer,54,Business Travel,Business,2231,2,2,2,2,5,4,4,4,4,4,4,4,4,3.46,79,83,TRUE
Female,Loyal Customer,55,Business Travel,Eco Plus,1179,3,5,5,5,3,3,3,3,3,3,3,1,1,3.15,4,24,FALSE
Female,Loyal Customer,51,Business Travel,Eco,956,4,5,5,5,2,5,4,4,4,4,4,3,2,3.92,0,0,TRUE
Female,Disloyal Customer,12,Business Travel,Eco,1075,1,1,1,3,1,1,1,1,2,2,3,3,1,1.62,9,0,FALSE
Male,Loyal Customer,54,Personal Travel,Eco,1090,3,3,3,4,4,3,2,4,2,2,2,2,4,2.92,20,1,FALSE
Male,Loyal Customer,48,Business Travel,Eco,150,2,2,5,2,2,2,2,2,4,1,3,4,2,2.54,0,4,FALSE
Male,Loyal Customer,56,Personal Travel,Eco Plus,143,2,3,2,5,5,2,5,5,2,4,1,5,5,3.54,0,2,FALSE
Male,Loyal Customer,48,Personal Travel,Eco,413,1,4,5,2,2,5,2,2,4,3,5,4,2,3.15,0,0,FALSE
Female,Loyal Customer,51,Personal Travel,Eco,615,2,4,2,3,2,3,4,2,2,2,2,1,1,2.31,0,0,FALSE
Female,Loyal Customer,45,Business Travel,Business,1590,2,2,5,2,2,5,5,4,4,4,4,3,3,3.46,10,3,TRUE
Female,Loyal Customer,30,Business Travel,Business,1763,3,3,3,3,4,4,4,4,4,3,5,3,4,3.62,9,0,TRUE
Male,Loyal Customer,40,Business Travel,Business,2917,0,0,0,1,5,5,4,3,3,3,3,4,3,2.62,0,0,TRUE
Male,Loyal Customer,69,Personal Travel,Eco,561,2,4,2,4,1,2,1,1,3,1,3,2,1,2.08,0,0,FALSE
Female,Loyal Customer,40,Business Travel,Business,3474,1,1,1,1,3,5,4,4,4,4,4,3,5,3.08,53,53,TRUE
Male,Loyal Customer,51,Business Travel,Eco,1464,1,5,5,5,1,1,1,1,1,3,3,3,1,2.38,57,53,FALSE
Female,Loyal Customer,32,Business Travel,Eco Plus,1250,5,3,3,3,5,5,5,5,1,2,3,1,5,3.54,0,0,TRUE
Female,Loyal Customer,51,Business Travel,Business,591,2,2,2,2,2,5,4,4,4,4,4,5,3,3.31,13,12,TRUE
Female,Loyal Customer,33,Business Travel,Business,3509,4,4,4,4,2,2,4,4,4,4,4,1,4,3.46,0,0,TRUE
Female,Loyal Customer,58,Business Travel,Business,1794,1,1,1,1,2,4,5,4,4,4,4,5,4,3.08,1,0,TRUE
Male,Loyal Customer,26,Business Travel,Business,647,1,5,5,5,1,1,1,1,1,5,4,1,1,2.46,4,0,FALSE
Female,Disloyal Customer,10,Business Travel,Eco,708,2,2,2,3,1,2,1,1,1,5,3,2,1,2,25,24,FALSE
Female,Loyal Customer,35,Business Travel,Eco,1590,3,2,2,2,3,3,3,3,5,4,1,2,3,2.77,0,0,TRUE
Male,Disloyal Customer,39,Business Travel,Eco,239,3,5,3,2,5,3,5,5,1,4,3,3,5,3.62,10,0,FALSE
Female,Loyal Customer,25,Business Travel,Business,2195,2,5,5,5,2,2,2,2,3,4,4,1,2,3,25,17,FALSE
Female,Disloyal Customer,20,Business Travel,Eco,308,5,4,5,3,4,5,4,4,1,5,4,3,4,3.92,1,0,TRUE
Female,Loyal Customer,24,Business Travel,Business,645,3,4,4,4,3,3,3,3,4,2,4,3,3,3.31,0,0,FALSE
Male,Loyal Customer,64,Personal Travel,Eco,483,2,3,2,4,4,2,3,4,2,1,3,4,4,2.92,0,12,FALSE
Female,Loyal Customer,34,Business Travel,Eco Plus,399,3,4,4,4,3,3,3,3,3,4,3,2,3,3.23,0,0,FALSE
Male,Loyal Customer,38,Business Travel,Business,3195,2,2,2,2,3,4,3,4,4,4,4,4,1,3,0,0,TRUE
Male,Loyal Customer,45,Business Travel,Business,2495,4,4,4,4,2,3,2,4,4,4,4,1,3,3.31,0,0,TRUE
Male,Loyal Customer,63,Personal Travel,Eco,300,2,4,2,3,5,2,1,5,3,5,4,5,5,3.54,0,0,FALSE
Female,Loyal Customer,28,Personal Travel,Eco,447,2,5,2,3,1,2,1,1,4,2,4,3,1,2.38,0,20,FALSE
Male,Loyal Customer,40,Personal Travel,Eco,666,3,5,3,5,4,3,3,4,1,5,3,2,4,3.46,0,0,FALSE
Male,Loyal Customer,38,Business Travel,Eco,581,2,3,3,3,2,2,2,2,3,1,3,2,2,2.31,5,30,FALSE
Male,Loyal Customer,46,Business Travel,Business,2834,2,4,2,4,5,4,3,2,2,2,2,3,1,2.77,0,0,FALSE
Female,Disloyal Customer,22,Business Travel,Eco,1284,3,3,3,4,5,3,5,5,1,1,4,1,5,3.31,0,11,FALSE
Male,Loyal Customer,41,Personal Travel,Eco,200,2,3,2,3,1,2,4,1,5,3,5,2,1,2.62,23,17,FALSE
Female,Loyal Customer,15,Personal Travel,Eco,406,3,4,3,1,1,3,1,1,4,3,5,4,1,2.62,1,1,FALSE
Female,Loyal Customer,45,Personal Travel,Eco,677,3,4,3,4,5,4,4,1,1,3,5,3,4,3.38,13,0,FALSE
Female,Loyal Customer,25,Business Travel,Business,2199,1,3,3,3,1,1,1,1,1,4,2,3,1,1.92,44,48,FALSE
Male,Loyal Customer,10,Personal Travel,Eco,1090,3,3,3,3,5,3,5,5,1,4,4,1,5,3.46,10,0,FALSE
Female,Loyal Customer,15,Business Travel,Business,2203,5,4,5,5,5,5,5,5,4,2,4,5,5,4.54,0,5,TRUE
Female,Loyal Customer,48,Personal Travel,Eco,1436,2,2,2,2,4,3,2,4,4,2,2,2,3,2.62,10,0,FALSE
Male,Loyal Customer,14,Personal Travel,Eco,728,2,5,2,3,2,2,2,2,1,4,1,2,2,2.31,0,0,FALSE
Male,Loyal Customer,29,Business Travel,Business,3117,5,5,5,5,4,4,4,4,5,5,5,3,4,4.46,55,40,TRUE
Male,Loyal Customer,51,Business Travel,Eco,261,1,2,2,2,2,1,2,2,1,5,2,2,2,2,0,0,FALSE
Male,Loyal Customer,50,Business Travel,Eco,671,3,5,5,5,3,3,3,3,4,4,3,1,3,3.46,91,84,FALSE
Female,Disloyal Customer,33,Business Travel,Business,589,2,2,2,4,4,2,4,4,5,4,5,4,4,3.54,14,1,FALSE
Female,Disloyal Customer,36,Business Travel,Business,447,2,2,2,4,3,2,3,3,3,4,4,3,3,2.92,0,13,FALSE
Male,Loyal Customer,43,Personal Travel,Eco,329,1,4,1,4,2,1,5,2,2,2,3,3,2,2.46,0,0,FALSE
Female,Loyal Customer,39,Business Travel,Business,1476,5,5,2,5,5,5,4,4,4,4,4,4,5,4.31,13,13,TRUE
Female,Loyal Customer,58,Personal Travel,Business,1126,3,1,3,4,2,3,4,5,5,3,5,2,1,3.15,0,15,FALSE
Female,Loyal Customer,44,Business Travel,Eco,199,4,3,3,3,1,4,4,4,4,4,4,4,3,3.46,9,2,TRUE
Female,Loyal Customer,44,Business Travel,Eco,419,1,4,4,4,1,1,1,1,1,1,1,4,2,2,0,0,FALSE
Male,Loyal Customer,46,Personal Travel,Eco,462,2,3,2,2,3,2,3,3,2,5,2,3,3,2.69,2,1,FALSE
Male,Loyal Customer,58,Personal Travel,Eco,190,3,4,3,4,4,3,4,4,3,2,5,4,4,3.62,41,41,FALSE
Male,Loyal Customer,27,Personal Travel,Eco,783,1,5,1,4,5,1,5,5,3,3,5,4,5,3.62,5,27,FALSE
Female,Disloyal Customer,30,Business Travel,Eco,812,3,3,3,3,5,3,4,5,2,2,3,4,5,3.46,22,11,FALSE
Female,Loyal Customer,24,Business Travel,Eco,1020,3,1,1,1,3,3,2,3,4,3,3,2,3,2.46,0,0,FALSE
Male,Loyal Customer,22,Personal Travel,Eco,1514,4,2,4,4,3,4,3,3,3,4,3,4,3,3.38,0,0,FALSE
Female,Disloyal Customer,38,Business Travel,Business,337,5,5,5,1,3,5,3,3,5,3,5,4,3,3.85,4,1,TRUE
Male,Disloyal Customer,38,Business Travel,Eco,397,3,2,3,3,2,3,2,2,3,2,3,3,2,2.54,24,16,FALSE
Female,Loyal Customer,8,Personal Travel,Eco,767,4,5,4,2,1,4,1,1,3,5,4,4,1,3,0,0,FALSE
Female,Loyal Customer,30,Personal Travel,Eco,1846,5,4,5,3,2,5,2,2,1,2,3,3,2,3,75,61,TRUE
Male,Loyal Customer,29,Business Travel,Business,1197,4,4,4,4,4,4,4,4,4,2,4,5,4,3.92,2,0,TRUE
Male,Loyal Customer,40,Business Travel,Business,1129,2,2,2,2,1,2,2,4,4,4,4,3,1,2.54,0,3,TRUE
Male,Loyal Customer,54,Business Travel,Business,1164,5,5,4,5,4,4,5,4,4,4,4,3,5,4.31,0,0,TRUE
Female,Loyal Customer,58,Business Travel,Business,1235,1,1,1,1,3,4,4,4,4,5,4,3,3,2.92,0,0,TRUE
Female,Disloyal Customer,17,Business Travel,Eco,209,1,3,1,4,2,1,2,2,3,1,3,2,2,2.08,119,117,FALSE
Female,Loyal Customer,14,Personal Travel,Business,309,3,4,3,4,5,3,5,5,3,5,2,1,5,3.69,0,0,FALSE
Male,Disloyal Customer,32,Business Travel,Eco,391,4,0,4,5,4,4,4,4,3,4,1,3,4,3.38,28,18,FALSE
Female,Loyal Customer,41,Business Travel,Business,3316,5,5,5,5,2,5,4,4,4,4,4,4,4,4.23,0,0,TRUE
Male,Loyal Customer,20,Business Travel,Business,2243,1,1,1,1,4,4,4,4,4,5,5,5,4,3.31,0,6,TRUE
Male,Loyal Customer,70,Personal Travel,Eco,569,2,5,2,1,5,2,5,5,4,5,4,5,5,3.85,0,0,FALSE
Female,Loyal Customer,56,Personal Travel,Eco Plus,187,2,4,0,5,0,3,2,4,5,5,4,2,2,2.92,142,152,FALSE
Male,Loyal Customer,20,Personal Travel,Eco,633,4,2,4,4,3,4,3,3,1,1,3,4,3,3,0,0,FALSE
Male,Disloyal Customer,25,Business Travel,Eco,480,2,3,2,4,2,2,2,2,2,2,3,4,2,2.46,57,37,FALSE
Female,Loyal Customer,11,Personal Travel,Eco,725,3,3,3,3,1,3,1,1,1,5,1,4,1,2.31,0,10,FALSE
Male,Loyal Customer,43,Business Travel,Business,3417,3,3,3,3,5,5,4,5,5,5,5,5,3,4.15,4,18,TRUE
Female,Disloyal Customer,25,Business Travel,Eco,1107,2,2,2,2,4,2,4,4,4,5,3,2,4,3.08,0,0,TRUE
Male,Disloyal Customer,40,Business Travel,Business,587,3,3,3,1,5,3,5,5,3,3,4,3,5,3.54,0,0,FALSE
Female,Loyal Customer,34,Business Travel,Business,1129,1,1,1,1,2,5,4,4,4,4,4,5,4,3.08,45,62,TRUE
Female,Loyal Customer,53,Business Travel,Business,3732,5,5,5,5,2,4,4,4,4,4,4,5,3,4.15,81,71,TRUE
Male,Loyal Customer,19,Personal Travel,Eco,258,2,1,2,4,1,2,1,1,4,5,4,2,1,2.31,0,0,FALSE
Female,Loyal Customer,41,Personal Travel,Eco,1020,3,1,3,3,5,3,5,5,3,4,4,4,5,3.69,63,58,FALSE
Male,Loyal Customer,25,Business Travel,Eco,550,2,2,2,2,2,2,2,2,3,3,4,2,2,2.31,16,8,FALSE
Male,Loyal Customer,43,Business Travel,Business,4963,4,4,5,4,4,4,4,3,4,3,5,4,4,4,60,39,TRUE
Female,Disloyal Customer,45,Business Travel,Eco,337,2,1,2,3,1,2,1,1,1,1,3,3,1,1.69,7,11,FALSE
Female,Disloyal Customer,21,Business Travel,Business,408,4,0,4,5,3,4,3,3,5,2,4,5,3,3.46,0,0,TRUE
Male,Disloyal Customer,46,Business Travel,Eco,862,3,3,3,3,3,3,5,3,1,1,5,4,3,3.08,1,0,FALSE
Male,Loyal Customer,26,Business Travel,Business,909,2,2,5,2,4,4,4,4,5,4,5,3,4,3.69,16,16,TRUE
Male,Disloyal Customer,26,Business Travel,Eco,447,1,2,1,3,1,1,1,1,2,2,4,4,1,1.85,0,0,FALSE
Female,Loyal Customer,49,Business Travel,Eco Plus,438,3,5,5,5,1,2,4,3,3,3,3,3,2,3.23,0,0,TRUE
Female,Disloyal Customer,24,Business Travel,Eco,1310,4,4,4,4,2,4,2,2,3,3,4,5,2,3.31,15,0,TRUE
Female,Loyal Customer,20,Personal Travel,Eco,472,2,2,2,3,2,5,5,2,4,2,2,5,5,3.15,121,137,FALSE
Female,Loyal Customer,67,Personal Travel,Eco,1182,4,5,4,4,2,4,5,2,2,4,2,4,5,3.62,71,119,FALSE
Female,Loyal Customer,19,Business Travel,Eco,522,5,5,5,5,5,5,5,5,2,2,5,5,5,4.54,0,0,TRUE
Female,Loyal Customer,53,Business Travel,Business,1589,2,2,2,2,5,5,4,4,4,4,4,3,3,3.38,0,2,TRUE
Male,Disloyal Customer,63,Business Travel,Eco,665,3,2,3,4,5,3,5,5,3,1,4,2,5,3.46,25,23,FALSE
Female,Loyal Customer,41,Personal Travel,Eco,363,3,4,3,2,5,3,5,5,3,2,5,3,5,3.69,0,2,FALSE
Female,Disloyal Customer,32,Business Travel,Eco Plus,853,3,3,3,5,2,3,2,2,5,2,2,4,2,2.92,77,74,FALSE
Female,Loyal Customer,51,Personal Travel,Eco,580,1,4,1,3,3,4,4,2,2,1,2,3,4,2.62,56,50,FALSE
Male,Loyal Customer,26,Personal Travel,Eco,271,1,2,1,3,4,1,4,4,2,2,3,2,4,2.54,0,0,FALSE
Male,Loyal Customer,39,Business Travel,Business,303,2,2,2,2,3,4,5,4,4,4,4,3,4,3.31,46,56,TRUE
Female,Disloyal Customer,23,Business Travel,Business,760,5,4,5,3,4,5,4,4,4,2,4,3,4,3.92,31,74,TRUE
Male,Loyal Customer,30,Business Travel,Business,1846,3,3,3,3,5,5,5,5,4,2,4,3,5,3.85,15,0,TRUE
Male,Loyal Customer,41,Business Travel,Business,852,5,5,5,5,1,4,1,4,4,4,4,5,4,3.92,0,1,TRUE
Female,Loyal Customer,7,Personal Travel,Eco,349,3,4,3,4,4,3,4,4,5,3,5,5,4,3.92,0,0,FALSE
Male,Loyal Customer,31,Business Travel,Business,3394,4,4,4,4,5,5,5,5,3,4,4,3,5,4.23,0,0,TRUE
Male,Loyal Customer,32,Personal Travel,Eco,441,2,1,2,3,3,2,4,3,2,2,3,1,3,2.38,0,0,FALSE
Female,Disloyal Customer,26,Business Travel,Business,987,2,0,2,4,3,2,1,3,4,2,4,3,3,2.54,4,18,FALSE
Male,Loyal Customer,46,Personal Travel,Eco,1826,3,4,3,3,4,3,4,4,4,5,4,5,4,3.85,0,0,FALSE
Male,Disloyal Customer,24,Business Travel,Eco,1383,1,1,1,3,1,4,4,4,2,3,2,4,4,2.62,12,26,FALSE
Male,Loyal Customer,56,Business Travel,Business,3210,5,5,5,5,4,4,4,4,4,4,4,3,4,4.23,0,0,TRUE
Male,Loyal Customer,66,Business Travel,Eco Plus,174,2,4,4,4,2,2,2,2,2,2,4,2,2,2.62,0,0,FALSE
Female,Loyal Customer,7,Personal Travel,Eco Plus,451,1,5,1,4,1,1,1,1,5,2,4,4,1,2.38,0,6,FALSE
Male,Loyal Customer,25,Business Travel,Business,2295,5,5,5,5,4,4,4,4,4,2,4,5,4,4.23,0,0,TRUE
Female,Disloyal Customer,27,Business Travel,Eco,250,4,0,4,4,4,4,5,4,2,3,2,3,4,3.31,0,0,FALSE
Male,Loyal Customer,43,Business Travel,Eco Plus,692,2,5,5,5,2,2,2,2,2,3,2,2,2,2.77,85,82,FALSE
Female,Loyal Customer,40,Business Travel,Eco,156,1,4,4,4,1,1,1,1,2,4,3,3,1,2.31,95,89,FALSE
Female,Loyal Customer,18,Business Travel,Business,1416,3,3,3,3,4,4,4,4,5,2,4,4,4,3.62,21,4,TRUE
Male,Loyal Customer,58,Business Travel,Business,1438,2,2,2,2,2,4,5,4,4,4,4,3,3,3.15,0,4,TRUE
Female,Loyal Customer,23,Personal Travel,Eco Plus,834,4,5,3,4,5,3,5,5,3,3,5,5,5,4.23,0,0,FALSE
Male,Disloyal Customer,20,Business Travel,Business,296,5,5,5,3,3,5,3,3,3,5,5,3,3,3.92,0,0,TRUE
Male,Disloyal Customer,24,Business Travel,Eco,101,3,4,3,1,5,3,4,5,5,2,5,2,5,3.62,0,0,FALSE
Female,Loyal Customer,32,Personal Travel,Eco,925,3,4,3,1,3,3,3,3,3,5,4,5,3,3.31,13,1,FALSE
Male,Loyal Customer,25,Personal Travel,Eco,181,2,5,0,2,3,0,3,3,3,5,5,4,3,2.92,0,0,FALSE
Male,Loyal Customer,39,Business Travel,Business,1516,3,4,4,4,2,4,3,3,3,3,3,1,1,2.92,4,24,FALSE
Female,Loyal Customer,51,Business Travel,Eco,409,3,3,3,3,1,3,2,3,3,3,3,4,3,2.85,0,14,FALSE
Male,Loyal Customer,54,Business Travel,Business,1703,3,5,5,5,2,2,2,3,3,3,3,4,2,3.23,50,27,FALSE
Male,Loyal Customer,45,Business Travel,Business,3584,2,2,2,2,4,4,5,4,4,4,4,5,5,3.62,0,0,TRUE
Female,Loyal Customer,10,Business Travel,Business,1723,3,3,5,3,3,3,3,2,4,2,4,3,3,3.15,154,126,FALSE
Female,Disloyal Customer,28,Business Travel,Eco,153,2,0,2,1,3,2,3,3,2,3,2,1,3,2.08,0,0,FALSE
Female,Loyal Customer,40,Business Travel,Business,425,4,4,4,4,2,5,4,5,5,5,5,3,4,4.15,0,0,TRUE
Male,Loyal Customer,55,Business Travel,Business,1536,3,1,1,1,4,4,3,3,3,3,3,1,2,2.46,0,4,FALSE
Female,Loyal Customer,60,Business Travel,Business,2521,3,3,3,3,5,3,5,5,5,5,5,5,5,4.23,0,0,TRUE
Male,Loyal Customer,53,Business Travel,Business,280,2,2,2,2,4,4,4,3,3,4,3,5,3,3.15,0,0,TRUE
Male,Loyal Customer,38,Business Travel,Business,89,4,1,1,1,3,3,3,1,1,2,4,4,4,2.46,13,0,FALSE
Male,Loyal Customer,45,Personal Travel,Business,599,4,2,4,3,2,4,3,2,2,4,2,4,2,2.92,0,14,FALSE
Female,Disloyal Customer,29,Business Travel,Eco,733,3,3,3,3,3,3,3,3,3,2,4,2,3,2.92,0,0,FALSE
Male,Loyal Customer,58,Personal Travel,Eco,409,3,2,3,4,2,3,1,2,3,5,4,1,2,2.69,0,0,FALSE
Female,Loyal Customer,59,Business Travel,Eco,1107,4,2,2,2,2,3,1,4,4,4,4,3,4,3,0,0,TRUE
Female,Loyal Customer,71,Business Travel,Eco Plus,453,4,5,5,5,2,3,3,4,4,4,4,3,1,3.62,8,16,FALSE
Male,Loyal Customer,48,Business Travel,Eco,447,4,1,1,1,4,4,4,4,4,4,4,5,4,3.38,0,0,TRUE
Female,Loyal Customer,28,Business Travel,Business,1069,3,3,3,3,5,5,5,5,3,2,4,2,5,3.69,0,0,TRUE
Male,Disloyal Customer,21,Business Travel,Business,223,4,4,4,5,4,4,2,4,4,5,5,4,4,4.08,0,0,TRUE
Female,Loyal Customer,22,Business Travel,Business,3182,2,2,2,2,5,5,5,5,5,4,2,4,5,3.69,0,0,TRUE
Male,Loyal Customer,30,Business Travel,Business,2573,1,1,1,1,4,4,4,4,4,4,5,3,4,3.08,0,0,TRUE
Male,Loyal Customer,44,Business Travel,Business,196,0,4,0,4,2,5,4,3,3,3,3,4,4,3,0,0,TRUE
Male,Loyal Customer,30,Business Travel,Business,2300,5,5,2,5,5,5,5,2,5,3,5,5,5,4.38,147,138,TRUE
Male,Loyal Customer,43,Business Travel,Business,3892,4,4,4,4,3,5,4,4,4,4,4,4,4,4,0,0,TRUE
Female,Loyal Customer,34,Personal Travel,Eco,143,2,3,2,3,2,2,2,2,2,3,3,2,2,2.31,0,0,FALSE
Female,Loyal Customer,31,Business Travel,Business,1607,3,3,3,3,5,5,5,5,3,2,5,3,5,3.85,0,11,TRUE
Female,Loyal Customer,32,Business Travel,Business,3113,3,3,3,3,4,4,4,4,4,2,5,3,4,3.54,0,0,TRUE
Female,Disloyal Customer,27,Business Travel,Business,160,2,2,2,1,4,2,5,4,5,2,4,5,4,3.23,0,0,FALSE
Female,Loyal Customer,57,Business Travel,Business,187,1,1,1,1,3,4,1,4,4,4,4,3,1,2.46,51,44,TRUE
Male,Loyal Customer,24,Business Travel,Eco,2402,2,5,1,1,2,4,2,4,2,3,3,2,2,2.54,0,19,FALSE
Male,Loyal Customer,60,Business Travel,Business,1892,5,5,2,5,3,4,4,4,4,4,4,3,4,3.92,0,0,TRUE
Male,Loyal Customer,48,Personal Travel,Eco,770,3,4,3,2,2,3,2,2,3,3,5,3,2,2.85,0,0,FALSE
Female,Loyal Customer,26,Business Travel,Business,1506,2,2,2,2,5,5,5,5,4,3,5,5,5,3.85,50,39,TRUE
Male,Loyal Customer,58,Personal Travel,Eco,337,3,2,3,4,3,3,3,3,2,1,4,3,3,2.85,0,0,FALSE
Female,Loyal Customer,22,Personal Travel,Eco,265,1,3,0,3,4,0,4,4,1,4,3,3,4,2.62,0,0,FALSE
Male,Loyal Customer,31,Personal Travel,Eco,866,3,1,3,3,4,3,4,4,3,1,3,3,4,3,0,1,FALSE
Male,Loyal Customer,42,Business Travel,Business,458,1,1,1,1,3,5,4,3,3,3,3,5,4,2.85,0,0,TRUE
Male,Loyal Customer,17,Business Travel,Business,588,4,4,3,4,5,5,5,5,4,2,5,3,5,4.15,1,0,TRUE
Female,Disloyal Customer,34,Business Travel,Eco,308,3,3,3,3,1,3,1,1,2,5,2,1,1,2.23,6,21,FALSE
Female,Loyal Customer,31,Business Travel,Eco,711,4,1,1,1,4,4,4,4,2,1,4,1,4,2.69,0,0,TRUE
Female,Disloyal Customer,42,Business Travel,Business,680,3,3,3,1,2,3,2,2,3,3,5,4,2,2.77,0,0,TRUE
Male,Loyal Customer,43,Business Travel,Business,2677,3,3,3,3,3,4,4,3,3,3,3,3,3,3.15,0,0,FALSE
Male,Loyal Customer,34,Business Travel,Business,2723,5,5,5,5,2,4,4,4,4,3,4,3,5,4.08,0,0,TRUE
Male,Loyal Customer,58,Personal Travel,Eco,2717,3,2,3,4,3,3,3,3,4,2,3,1,3,2.85,5,32,FALSE
Female,Loyal Customer,36,Business Travel,Business,3179,2,2,2,2,3,5,5,4,4,4,4,3,5,3.46,11,7,TRUE
Female,Loyal Customer,51,Business Travel,Business,3886,1,1,1,1,5,5,4,3,3,3,3,5,3,2.92,2,0,TRUE
Male,Disloyal Customer,36,Business Travel,Eco,325,4,1,4,4,2,4,2,2,1,4,3,4,2,2.85,0,0,FALSE
Female,Disloyal Customer,25,Business Travel,Eco Plus,357,4,0,4,3,4,4,4,4,5,4,3,1,4,3.38,1,0,FALSE
Female,Loyal Customer,30,Business Travel,Business,280,3,4,4,4,3,3,3,3,2,3,4,1,3,3.08,0,2,FALSE
Male,Disloyal Customer,36,Business Travel,Business,190,1,1,1,3,2,1,2,2,3,3,4,4,2,2.23,26,27,FALSE
Male,Loyal Customer,64,Business Travel,Business,3498,1,1,1,1,5,5,4,5,5,4,5,5,3,3.46,77,61,TRUE
Female,Loyal Customer,33,Personal Travel,Eco,359,4,4,4,3,4,4,4,4,3,2,5,3,4,3.69,42,,FALSE
Male,Loyal Customer,41,Personal Travel,Eco,1024,1,5,0,3,1,0,1,1,4,5,5,3,1,2.31,0,20,FALSE
Female,Loyal Customer,56,Business Travel,Business,1062,3,2,2,2,4,3,3,3,3,3,3,2,1,2.62,0,0,FALSE
Male,Loyal Customer,65,Business Travel,Business,2995,1,1,1,1,3,3,3,1,1,1,1,4,2,1.77,0,1,FALSE
Female,Loyal Customer,39,Business Travel,Business,2796,2,2,2,2,3,4,4,2,2,3,2,4,5,2.85,0,0,TRUE
Female,Loyal Customer,28,Business Travel,Business,3548,2,2,2,2,4,5,4,4,3,5,4,4,4,3.46,5,28,TRUE
Male,Loyal Customer,44,Business Travel,Eco,315,4,5,3,5,4,4,4,4,2,1,2,1,4,3.31,1,0,FALSE
Female,Disloyal Customer,39,Business Travel,Business,788,4,4,4,3,4,2,2,2,5,3,1,2,2,2.92,196,184,TRUE
Female,Loyal Customer,67,Personal Travel,Eco,919,5,3,5,4,3,4,3,5,5,5,4,2,3,3.92,0,0,TRUE
Male,Loyal Customer,38,Personal Travel,Eco,335,3,4,3,3,2,3,2,2,5,4,5,3,2,3.15,48,47,FALSE
Male,Loyal Customer,14,Personal Travel,Eco,197,4,1,4,4,1,4,1,1,2,1,3,4,1,2.38,54,63,TRUE
Female,Loyal Customer,54,Personal Travel,Eco,2105,3,5,3,3,4,5,5,3,3,3,3,5,4,3.77,4,16,FALSE
Female,Disloyal Customer,18,Business Travel,Business,135,2,2,2,3,4,2,2,4,4,3,3,2,4,2.85,0,0,FALSE
Female,Loyal Customer,43,Business Travel,Business,3803,1,1,1,1,2,4,4,5,5,5,5,3,4,3.15,0,0,TRUE
Female,Disloyal Customer,21,Business Travel,Business,733,5,5,5,3,2,5,2,2,3,3,5,3,2,3.46,0,0,TRUE
Female,Loyal Customer,64,Personal Travel,Eco,391,0,5,0,3,2,5,5,3,3,0,1,3,3,2.54,0,0,TRUE
Male,Loyal Customer,44,Business Travel,Eco,109,2,2,2,2,2,2,2,2,4,1,4,3,2,2.31,0,0,FALSE
Male,Disloyal Customer,38,Business Travel,Business,196,2,2,2,3,2,2,5,2,4,4,4,4,2,2.92,43,45,FALSE
Male,Loyal Customer,53,Business Travel,Business,1638,5,5,5,5,4,5,4,5,5,5,5,5,3,4.69,0,0,TRUE
Female,Loyal Customer,16,Business Travel,Business,2821,2,2,5,2,5,5,5,5,1,1,4,3,5,3.46,3,0,TRUE
Male,Loyal Customer,58,Business Travel,Eco,748,5,4,4,4,5,5,5,5,5,2,4,4,5,4.38,0,0,TRUE
Female,Loyal Customer,58,Business Travel,Business,3178,1,2,2,2,1,2,2,2,2,2,1,3,3,1.92,4,9,FALSE
Female,Disloyal Customer,37,Business Travel,Business,204,5,5,5,5,1,5,1,1,3,3,4,4,1,3.31,0,0,TRUE
Female,Loyal Customer,46,Business Travel,Business,200,2,2,2,2,3,5,4,5,5,5,4,5,1,3.46,0,0,TRUE
Male,Loyal Customer,46,Business Travel,Eco,376,2,5,5,5,2,2,2,2,3,3,3,5,2,3.15,6,0,TRUE
Female,Loyal Customer,59,Business Travel,Business,3881,2,2,2,2,4,5,5,2,2,2,2,5,3,2.92,0,0,TRUE
Female,Disloyal Customer,65,Business Travel,Business,419,1,1,1,4,1,1,1,1,4,2,4,1,1,1.77,118,102,FALSE
Male,Loyal Customer,33,Business Travel,Business,2352,2,3,3,3,2,2,2,2,3,2,4,2,2,2.46,2,0,FALSE
Male,Loyal Customer,49,Business Travel,Business,2543,2,2,2,2,4,2,1,5,5,5,5,3,2,3.08,2,0,TRUE
Female,Loyal Customer,54,Business Travel,Business,3517,2,2,2,2,3,5,5,5,5,5,5,4,4,3.77,0,0,TRUE
Male,Disloyal Customer,24,Business Travel,Eco,787,1,1,1,4,2,1,2,2,2,1,4,5,2,2.15,30,16,FALSE
Female,Loyal Customer,27,Personal Travel,Eco,867,1,4,1,4,1,3,3,1,4,3,3,3,3,2.62,247,240,FALSE
Male,Loyal Customer,42,Business Travel,Business,1778,2,2,2,2,4,5,4,4,4,4,4,4,3,3.38,35,45,TRUE
Female,Loyal Customer,53,Business Travel,Eco,328,3,5,5,5,1,3,4,3,3,3,3,3,4,3.46,0,12,FALSE
Female,Loyal Customer,45,Business Travel,Business,547,2,2,2,2,2,5,5,5,5,4,5,3,5,3.62,5,0,TRUE
Female,Loyal Customer,60,Business Travel,Business,1933,5,5,5,5,3,5,5,5,5,5,5,5,4,4.77,0,3,TRUE
Male,Loyal Customer,32,Business Travel,Business,679,3,3,3,3,5,5,5,5,3,4,5,5,5,4.15,0,0,TRUE
Female,Loyal Customer,46,Business Travel,Business,212,1,1,1,1,5,5,4,5,5,5,4,4,4,3.46,0,0,TRUE
Male,Loyal Customer,35,Business Travel,Eco Plus,867,5,4,4,4,5,5,5,5,5,2,2,3,5,4.15,0,0,TRUE
Male,Loyal Customer,51,Business Travel,Business,1744,4,4,4,4,5,3,4,2,2,2,2,3,4,3.31,1,3,TRUE
Female,Loyal Customer,59,Business Travel,Business,1785,2,1,2,2,5,5,5,3,3,3,3,3,3,3.08,0,12,TRUE
Male,Loyal Customer,26,Business Travel,Business,834,1,1,1,1,3,4,3,3,3,1,4,3,3,2.38,0,6,TRUE
Female,Disloyal Customer,39,Business Travel,Business,861,1,1,1,1,2,1,2,2,5,5,4,5,2,2.46,16,12,FALSE
Male,Loyal Customer,59,Personal Travel,Eco,236,1,4,1,1,3,1,3,3,1,4,3,1,3,2.23,81,81,FALSE
Female,Loyal Customer,32,Business Travel,Business,1533,4,4,4,4,4,4,4,4,3,3,1,4,4,3.62,0,0,TRUE
Female,Disloyal Customer,26,Business Travel,Business,888,2,0,2,5,5,2,1,5,5,4,4,5,5,3.46,0,0,FALSE
Female,Loyal Customer,9,Personal Travel,Eco,547,1,2,1,3,5,1,5,5,2,2,2,4,5,2.92,0,0,FALSE
Female,Disloyal Customer,43,Business Travel,Eco,366,4,4,4,4,4,4,4,4,2,4,4,4,4,3.85,0,0,FALSE
Male,Loyal Customer,25,Business Travel,Business,725,3,3,3,3,3,3,3,3,3,4,3,4,3,3.15,0,0,FALSE
Female,Loyal Customer,21,Business Travel,Business,781,2,5,5,5,2,2,2,2,1,2,3,4,2,2.85,74,70,FALSE
Female,Loyal Customer,61,Business Travel,Eco Plus,305,3,1,2,1,4,3,4,3,3,3,3,4,4,2.92,0,0,FALSE
Female,Loyal Customer,7,Personal Travel,Eco,349,4,5,4,5,2,4,2,2,4,4,5,5,2,3.69,0,0,FALSE
Male,Loyal Customer,22,Business Travel,Business,961,4,4,4,4,3,3,3,2,4,4,2,3,3,3.31,159,157,TRUE
Male,Loyal Customer,26,Personal Travel,Eco,522,3,5,3,2,2,3,2,2,4,3,4,5,2,3.08,23,21,FALSE
Male,Loyal Customer,25,Personal Travel,Eco,510,2,5,2,2,2,2,2,2,5,5,5,4,2,3.08,98,91,FALSE
Male,Loyal Customer,39,Business Travel,Eco,1042,1,2,2,2,1,2,1,1,2,5,2,1,1,1.77,0,0,FALSE
Male,Loyal Customer,37,Business Travel,Eco,359,5,3,3,3,5,5,5,5,3,2,4,3,5,3.92,4,0,TRUE
Female,Disloyal Customer,23,Business Travel,Business,1044,1,2,1,2,5,1,5,5,1,3,3,4,5,2.92,0,0,FALSE
Male,Loyal Customer,32,Personal Travel,Eco Plus,2562,4,3,4,4,4,4,4,4,4,2,3,2,4,3.54,15,0,FALSE
Male,Loyal Customer,38,Business Travel,Eco,283,3,4,4,4,3,3,3,3,2,2,3,3,3,3.08,0,0,FALSE
Female,Disloyal Customer,21,Business Travel,Eco,821,5,5,5,2,4,5,4,4,5,5,2,4,4,4.15,1,0,TRUE
Male,Loyal Customer,42,Business Travel,Business,429,2,1,5,1,3,4,3,2,2,2,2,1,1,2.23,0,2,FALSE
Female,Loyal Customer,35,Business Travel,Business,1448,2,2,2,2,5,1,5,4,4,4,4,2,1,2.92,28,8,TRUE
Female,Loyal Customer,27,Business Travel,Business,3666,2,2,3,2,4,4,4,4,5,5,5,4,4,3.69,18,0,TRUE
Male,Loyal Customer,24,Business Travel,Eco Plus,1504,0,3,0,4,5,0,5,5,2,2,1,5,5,2.85,76,71,TRUE
Female,Loyal Customer,43,Personal Travel,Eco,226,2,4,2,5,4,5,5,3,3,2,5,4,5,3.77,2,0,FALSE
Male,Disloyal Customer,72,Business Travel,Business,1999,5,5,5,2,3,5,3,3,3,5,4,3,3,3.77,1,0,TRUE
Male,Loyal Customer,52,Personal Travel,Eco,1372,3,5,2,2,3,2,3,3,5,5,3,5,3,3.38,0,0,FALSE
Male,Disloyal Customer,49,Business Travel,Eco,862,2,2,2,2,2,2,1,2,2,5,3,3,2,2.31,0,0,FALSE
Female,Loyal Customer,39,Personal Travel,Eco,370,4,3,4,3,5,4,2,5,1,1,5,5,5,3.62,2,0,TRUE
Female,Loyal Customer,21,Business Travel,Business,522,2,4,4,4,2,2,2,2,3,2,2,4,2,2.69,0,0,FALSE
Female,Loyal Customer,29,Business Travel,Business,408,2,1,1,1,2,3,2,2,1,4,3,2,2,2,0,0,FALSE
Female,Loyal Customer,60,Business Travel,Business,447,2,2,2,2,4,4,5,3,3,4,3,4,5,3.31,0,0,TRUE
Male,Loyal Customer,40,Personal Travel,Eco,414,3,5,3,3,2,3,2,2,1,3,2,2,2,2.54,127,129,FALSE
Female,Loyal Customer,57,Business Travel,Eco Plus,86,3,5,5,5,3,3,3,3,5,3,4,3,3,3.69,146,150,FALSE
Male,Loyal Customer,9,Personal Travel,Eco,208,1,3,1,2,2,1,3,2,4,4,2,4,2,2.38,51,49,FALSE
Male,Loyal Customer,9,Personal Travel,Eco,409,2,5,5,5,1,5,2,1,1,1,5,4,1,2.92,0,0,FALSE
Female,Disloyal Customer,38,Business Travel,Eco,846,2,2,2,3,3,2,3,3,2,1,2,1,3,2.23,37,82,FALSE
Male,Loyal Customer,23,Business Travel,Eco,1046,5,1,1,1,5,5,3,5,4,4,5,2,5,3.54,0,1,TRUE
Female,Loyal Customer,48,Business Travel,Business,2734,2,1,1,1,3,3,1,2,2,2,2,3,1,1.85,0,0,FALSE
Female,Loyal Customer,16,Personal Travel,Eco,1005,2,4,2,1,4,2,4,4,1,5,4,1,4,2.92,14,7,FALSE
Male,Disloyal Customer,23,Business Travel,Eco,859,3,3,3,4,2,3,2,2,4,5,3,4,2,3.08,0,0,FALSE
Male,Loyal Customer,21,Personal Travel,Business,255,1,1,1,4,1,1,1,1,4,3,3,3,1,1.92,86,75,FALSE
Male,Loyal Customer,61,Personal Travel,Eco Plus,468,4,4,4,2,2,4,2,2,3,2,4,5,2,3.08,11,10,FALSE
Female,Loyal Customer,44,Business Travel,Business,687,2,2,2,2,2,4,4,5,5,5,5,4,3,3.46,11,4,TRUE
Female,Loyal Customer,53,Personal Travel,Eco,1065,1,4,1,4,1,4,4,2,2,1,2,3,1,2.31,0,0,FALSE
Male,Disloyal Customer,23,Business Travel,Eco,733,1,2,2,3,4,2,4,4,4,3,4,5,4,3.23,0,0,FALSE
Male,Loyal Customer,46,Business Travel,Business,945,5,5,5,5,4,4,4,4,4,4,4,5,4,4.38,0,0,TRUE
Female,Disloyal Customer,21,Business Travel,Eco,148,4,0,4,3,5,4,5,5,4,2,4,4,5,3.77,0,0,FALSE
Male,Loyal Customer,8,Personal Travel,Eco,1542,2,4,2,5,1,2,1,1,3,2,4,5,1,2.54,4,11,FALSE
Female,Loyal Customer,43,Business Travel,Eco,944,5,2,2,2,1,1,4,5,5,5,5,1,1,3,14,0,TRUE
Male,Loyal Customer,13,Personal Travel,Eco,544,2,3,2,2,5,2,5,5,4,2,2,1,5,3.08,0,8,FALSE
Female,Loyal Customer,38,Business Travel,Business,447,2,2,2,2,5,5,5,4,4,4,4,5,5,3.77,0,0,TRUE
Male,Loyal Customer,36,Business Travel,Business,2799,0,0,0,2,4,4,5,2,2,2,2,3,4,2.31,17,10,TRUE
Female,Loyal Customer,54,Business Travel,Business,3089,3,3,3,3,3,4,5,5,5,5,5,4,4,4,53,43,TRUE
Male,Loyal Customer,43,Business Travel,Business,980,1,2,1,1,2,4,5,4,4,4,4,3,4,3,0,0,TRUE
Female,Disloyal Customer,38,Business Travel,Eco Plus,536,3,3,3,1,3,3,3,3,4,1,1,4,3,2.69,0,0,FALSE
Male,Loyal Customer,45,Business Travel,Business,868,3,3,3,3,5,4,5,3,3,3,3,4,3,3.46,0,0,TRUE
Female,Loyal Customer,52,Business Travel,Business,2061,3,3,3,3,4,5,5,5,5,5,5,4,4,4.15,5,9,TRUE
Female,Loyal Customer,60,Personal Travel,Eco,946,2,4,2,4,5,4,4,5,5,2,5,1,4,3.62,8,17,FALSE
Male,Loyal Customer,52,Business Travel,Eco Plus,1089,3,2,2,2,3,3,3,3,4,3,4,1,3,2.77,90,88,FALSE
Female,Loyal Customer,14,Personal Travel,Eco,594,3,4,3,5,4,3,2,4,4,1,2,3,4,3.23,0,0,FALSE
Female,Loyal Customer,23,Personal Travel,Eco,436,2,4,2,5,5,2,2,5,5,2,5,3,5,3.62,0,0,FALSE
Male,Loyal Customer,27,Business Travel,Eco,1576,5,2,2,2,5,5,5,5,4,3,2,3,5,3.69,0,0,TRUE
Male,Loyal Customer,51,Business Travel,Business,2392,4,3,3,3,4,4,3,4,4,4,4,1,1,3.23,33,38,FALSE
Male,Loyal Customer,49,Personal Travel,Eco Plus,533,2,5,2,1,3,2,3,3,5,5,5,3,3,3.23,0,0,FALSE
Female,Loyal Customer,34,Personal Travel,Eco,986,4,5,4,4,2,4,2,2,4,4,5,3,2,3.46,0,0,FALSE
Male,Loyal Customer,38,Personal Travel,Eco,386,4,4,3,4,1,3,1,1,3,3,4,4,1,2.77,45,30,FALSE
Male,Loyal Customer,43,Business Travel,Business,3890,4,4,2,4,4,2,1,5,5,5,5,2,2,3.46,0,0,TRUE
Female,Loyal Customer,48,Business Travel,Business,533,2,1,1,1,1,3,4,2,2,2,2,3,1,1.92,18,30,FALSE
Male,Disloyal Customer,64,Business Travel,Eco,862,1,1,1,4,2,1,2,2,4,5,4,3,2,2.46,7,2,FALSE
Female,Loyal Customer,57,Personal Travel,Eco,1547,0,4,0,1,3,4,4,1,1,0,1,4,3,2,3,3,TRUE
Male,Loyal Customer,50,Personal Travel,Eco,377,4,5,4,4,1,4,1,1,3,5,4,4,1,3.15,0,0,FALSE
Female,Loyal Customer,59,Business Travel,Business,1587,2,2,2,2,4,4,4,5,5,5,5,3,4,3.62,0,0,TRUE
Male,Disloyal Customer,34,Business Travel,Eco,302,4,4,4,3,2,4,1,2,2,2,4,3,2,2.85,6,0,FALSE
Female,Loyal Customer,23,Personal Travel,Eco,569,4,5,4,5,1,4,1,1,5,4,4,3,1,3.23,0,0,FALSE
Female,Loyal Customer,10,Personal Travel,Eco,258,2,4,2,4,3,2,3,3,2,4,2,4,3,2.92,11,11,FALSE
Male,Loyal Customer,40,Business Travel,Business,1721,1,1,5,1,3,4,4,5,5,5,5,4,4,3.62,0,0,TRUE
Male,Loyal Customer,12,Personal Travel,Business,507,2,2,2,3,1,2,5,1,2,3,2,3,1,2.23,27,25,FALSE
Female,Loyal Customer,23,Personal Travel,Eco,599,4,4,4,3,1,4,2,1,2,2,4,2,1,2.62,0,0,TRUE
Female,Loyal Customer,26,Personal Travel,Eco,1102,2,4,2,3,3,2,3,3,3,3,5,3,3,3,0,0,FALSE
Male,Loyal Customer,38,Business Travel,Business,271,1,1,1,1,3,5,4,5,5,5,5,3,5,3.38,3,4,TRUE
Male,Loyal Customer,45,Personal Travel,Eco,565,2,4,2,2,3,2,3,3,3,2,5,5,3,3,0,0,FALSE
Female,Disloyal Customer,12,Business Travel,Eco,591,3,2,3,3,1,3,1,1,2,4,3,2,1,2.23,0,0,FALSE
Female,Loyal Customer,28,Personal Travel,Eco,867,1,2,1,2,2,1,5,2,2,1,3,4,2,2.15,11,8,FALSE
Male,Loyal Customer,51,Personal Travel,Eco,1069,2,5,2,2,3,2,3,3,5,2,4,5,3,3.15,62,51,FALSE
Male,Loyal Customer,23,Business Travel,Business,1914,1,1,1,1,4,4,4,4,3,3,4,3,4,2.85,0,0,TRUE
Female,Loyal Customer,48,Business Travel,Business,2603,2,2,2,2,2,5,4,5,5,5,5,3,5,3.62,3,2,TRUE
Male,Loyal Customer,35,Business Travel,Business,802,2,2,2,2,5,4,2,4,4,4,4,4,3,3.23,0,0,TRUE
Female,Loyal Customer,36,Business Travel,Eco,77,4,3,3,3,4,4,4,4,1,5,2,2,4,3.31,0,0,TRUE
Male,Loyal Customer,50,Business Travel,Business,1578,1,5,5,5,3,3,3,3,3,2,1,2,3,3,67,72,FALSE
Male,Loyal Customer,10,Personal Travel,Eco,900,2,5,2,5,4,2,4,4,2,2,2,4,4,3.23,0,0,FALSE
Male,Disloyal Customer,23,Business Travel,Eco,992,1,1,1,3,4,1,4,4,4,2,4,5,4,2.92,0,0,FALSE
Female,Loyal Customer,47,Business Travel,Business,1448,5,5,5,5,3,5,5,4,4,4,4,5,5,4.54,0,0,TRUE
Female,Loyal Customer,41,Business Travel,Eco Plus,391,4,1,1,1,5,3,2,4,4,4,4,1,2,2.77,0,0,TRUE
Female,Loyal Customer,52,Business Travel,Business,1947,1,2,2,2,1,3,3,1,1,1,1,4,4,2,0,0,FALSE
Female,Loyal Customer,38,Business Travel,Business,2251,1,1,1,1,5,3,3,1,1,1,1,1,4,1.85,1,8,FALSE
Male,Loyal Customer,50,Business Travel,Business,2938,4,4,4,4,5,4,4,4,4,4,5,4,5,4.23,0,0,TRUE
Male,Disloyal Customer,28,Business Travel,Business,813,3,3,3,3,2,3,3,2,3,5,4,4,2,3.08,0,0,FALSE
Female,Loyal Customer,36,Business Travel,Eco,463,4,4,4,4,4,4,4,4,5,1,5,1,4,3.69,0,10,TRUE
Female,Loyal Customer,60,Business Travel,Business,192,1,4,4,4,2,2,1,2,2,2,1,3,2,2.31,10,6,FALSE
Female,Loyal Customer,43,Business Travel,Business,2375,2,2,2,2,3,4,4,4,4,4,4,3,4,3.23,3,0,TRUE
Female,Loyal Customer,31,Personal Travel,Eco,236,2,4,2,4,5,2,5,5,5,5,3,2,5,3.77,0,0,FALSE
Female,Disloyal Customer,24,Business Travel,Eco Plus,241,0,2,0,3,2,0,1,2,3,4,2,5,2,2,1,0,TRUE
Male,Disloyal Customer,38,Business Travel,Business,1739,3,3,3,2,4,3,4,4,3,3,4,5,4,3.46,0,0,FALSE
Male,Loyal Customer,42,Personal Travel,Eco,372,1,5,1,5,5,1,5,5,3,4,5,3,5,3.69,0,5,FALSE
Female,Loyal Customer,56,Business Travel,Business,3546,5,5,3,5,2,5,4,3,3,4,3,3,5,3.85,0,0,TRUE
Female,Disloyal Customer,37,Business Travel,Business,311,4,4,4,3,1,4,1,1,3,2,5,4,1,2.85,0,0,TRUE
Female,Loyal Customer,46,Business Travel,Business,581,5,5,5,5,3,4,4,5,5,5,5,3,3,4.38,0,0,TRUE
Male,Loyal Customer,30,Personal Travel,Eco,408,3,2,3,2,2,3,1,2,3,2,2,1,2,2.15,83,75,FALSE
Male,Loyal Customer,31,Business Travel,Eco,308,2,5,3,5,2,2,2,2,4,3,2,3,2,2.85,0,0,FALSE
Male,Disloyal Customer,45,Business Travel,Eco,491,2,5,2,2,3,2,3,3,4,4,4,3,3,3.08,0,0,FALSE
Male,Loyal Customer,63,Personal Travel,Eco,102,1,4,1,1,2,1,1,2,5,5,5,3,2,2.54,0,0,FALSE
Male,Disloyal Customer,19,Business Travel,Eco,1076,2,1,1,4,3,1,3,3,1,4,3,4,3,2.54,30,34,FALSE
Male,Loyal Customer,46,Business Travel,Eco,1197,1,2,2,2,1,1,1,4,3,3,3,1,1,1.92,260,263,FALSE
Male,Loyal Customer,27,Personal Travel,Eco Plus,239,2,4,2,2,5,2,5,5,3,5,4,5,5,3.77,0,0,FALSE
Male,Loyal Customer,30,Personal Travel,Eco,192,2,5,2,3,3,2,3,3,5,3,4,5,3,3.31,0,0,FALSE
Male,Loyal Customer,27,Business Travel,Business,719,4,4,4,4,5,5,5,5,3,4,5,3,5,4.31,0,0,TRUE
Male,Loyal Customer,48,Business Travel,Eco,787,4,3,3,3,4,4,4,4,2,2,4,4,4,3.46,16,8,TRUE
Male,Loyal Customer,41,Business Travel,Business,3127,2,2,2,2,2,5,5,4,4,4,5,3,4,3.38,0,0,TRUE
Male,Loyal Customer,24,Personal Travel,Eco,266,2,0,0,5,1,0,1,1,3,5,4,5,1,2.15,0,0,FALSE
Female,Loyal Customer,64,Business Travel,Eco,189,3,2,2,2,1,3,3,3,3,3,3,4,3,2.69,34,30,FALSE
Female,Loyal Customer,11,Personal Travel,Eco,1091,4,2,5,4,2,5,2,2,4,5,3,2,2,3.23,15,0,FALSE
Female,Loyal Customer,47,Business Travel,Business,2048,3,3,3,3,4,1,4,4,4,4,4,1,2,3.08,41,13,TRUE
Female,Loyal Customer,62,Business Travel,Business,1303,2,1,1,1,3,2,3,2,2,3,2,1,2,1.92,26,5,FALSE
Female,Loyal Customer,51,Business Travel,Business,1802,3,3,4,3,5,4,4,2,3,1,5,4,4,3.46,158,243,TRUE
Male,Loyal Customer,55,Business Travel,Business,1790,2,2,2,2,4,5,4,5,5,5,5,5,4,3.85,0,0,TRUE
Female,Loyal Customer,57,Business Travel,Business,282,5,5,5,5,4,4,4,5,3,5,4,4,4,4.38,204,202,TRUE
Male,Loyal Customer,37,Business Travel,Business,2277,5,5,4,5,5,4,4,4,4,4,4,4,5,4.38,0,0,TRUE
Female,Loyal Customer,45,Business Travel,Business,546,2,2,2,2,3,4,5,5,5,5,5,3,4,3.62,0,0,TRUE
Male,Loyal Customer,61,Business Travel,Eco,163,5,2,2,2,4,5,4,4,2,3,2,5,4,3.38,2,6,TRUE
Male,Loyal Customer,52,Business Travel,Business,581,4,4,4,4,4,5,5,4,4,5,4,3,4,4.15,0,0,TRUE
Male,Loyal Customer,34,Business Travel,Business,2848,4,3,4,4,5,4,4,4,4,4,4,4,2,3.85,0,0,FALSE
Male,Loyal Customer,51,Business Travel,Business,2362,2,2,2,2,2,5,4,4,4,4,4,5,3,3.31,0,10,TRUE
Male,Loyal Customer,37,Business Travel,Business,541,3,3,3,3,4,3,3,3,3,4,3,2,3,3.08,10,2,FALSE
Male,Loyal Customer,8,Personal Travel,Business,416,4,3,4,3,2,4,2,2,1,3,2,5,2,2.85,31,17,FALSE
Female,Loyal Customer,47,Business Travel,Eco Plus,502,2,5,1,5,3,1,2,2,2,2,2,4,3,2.62,75,60,FALSE
Male,Loyal Customer,44,Business Travel,Business,1171,3,3,3,3,3,4,5,3,3,3,3,3,5,3.38,21,6,TRUE
Male,Loyal Customer,23,Business Travel,Eco,1048,3,3,4,4,3,3,1,3,2,2,4,3,3,2.92,40,26,FALSE
Male,Loyal Customer,65,Business Travel,Business,1009,3,3,3,3,3,4,5,4,4,4,4,4,4,3.69,0,0,TRUE
Female,Loyal Customer,49,Business Travel,Business,3473,5,4,5,5,3,4,4,5,5,5,4,3,4,4.31,0,0,TRUE
Male,Loyal Customer,55,Business Travel,Business,3165,3,3,3,3,5,5,4,4,4,4,4,4,3,3.77,12,2,TRUE
Female,Loyal Customer,50,Business Travel,Business,216,4,4,4,4,2,3,3,2,2,2,4,2,2,2.92,0,0,FALSE
Male,Loyal Customer,46,Business Travel,Business,1917,4,4,4,4,4,4,5,5,5,5,4,3,5,4.31,8,3,TRUE
Female,Loyal Customer,8,Personal Travel,Eco Plus,496,4,5,4,1,3,4,3,3,4,2,5,3,3,3.38,5,0,FALSE
Female,Loyal Customer,27,Personal Travel,Eco,1102,3,3,3,3,2,3,2,2,1,1,4,4,2,2.54,27,61,FALSE
Female,Disloyal Customer,34,Business Travel,Eco,1514,3,4,4,3,3,3,3,3,3,5,2,1,3,3.08,58,63,FALSE
Female,Loyal Customer,25,Business Travel,Business,3990,3,3,2,2,3,3,3,3,1,4,2,4,3,2.77,0,12,FALSE
Female,Loyal Customer,49,Business Travel,Business,3578,0,0,0,3,2,1,3,5,5,5,5,4,3,2.77,65,95,TRUE
Male,Loyal Customer,54,Personal Travel,Eco Plus,896,3,5,3,5,4,3,4,4,4,4,4,5,4,4,14,8,FALSE
Male,Loyal Customer,20,Personal Travel,Eco,1096,3,3,3,3,2,3,2,2,3,2,4,2,2,2.62,16,20,FALSE
Male,Loyal Customer,38,Business Travel,Business,3199,3,3,3,3,1,3,5,4,4,4,4,3,2,3.23,5,21,TRUE
Male,Loyal Customer,50,Business Travel,Business,2475,1,1,1,1,5,5,5,4,4,5,5,5,5,3.62,0,0,TRUE
Female,Loyal Customer,9,Personal Travel,Business,2329,4,5,4,2,4,1,1,4,2,3,4,1,1,2.77,7,0,TRUE
Female,Loyal Customer,44,Business Travel,Business,2244,5,5,5,5,3,5,1,4,4,4,3,2,3,3.77,6,8,TRUE
Female,Disloyal Customer,30,Business Travel,Eco,710,3,2,2,4,5,3,2,5,3,1,2,1,5,2.92,0,0,FALSE
Male,Loyal Customer,63,Personal Travel,Eco,666,2,4,2,3,4,2,4,4,3,5,5,5,4,3.62,0,3,FALSE
Female,Loyal Customer,21,Business Travel,Business,1118,4,4,4,4,5,5,5,5,1,4,1,3,5,3.85,5,0,TRUE
Female,Loyal Customer,47,Business Travel,Business,2193,4,4,4,4,2,5,5,4,4,4,4,5,5,4.15,0,0,TRUE
Male,Loyal Customer,42,Business Travel,Eco,692,5,2,2,2,5,5,5,5,5,3,4,1,5,3.77,0,0,TRUE
Female,Loyal Customer,49,Business Travel,Business,2486,4,4,4,4,4,5,4,4,4,4,4,4,3,4,46,14,TRUE
Male,Loyal Customer,27,Business Travel,Business,2490,2,5,5,5,2,2,2,2,4,1,4,2,2,2.92,2,6,FALSE
Female,Disloyal Customer,22,Business Travel,Eco,552,4,0,4,1,1,4,1,1,5,3,4,3,1,2.46,0,69,FALSE
Male,Loyal Customer,60,Business Travel,Business,255,4,4,4,4,2,4,5,3,3,4,3,5,3,3.69,23,11,TRUE
Female,Loyal Customer,10,Personal Travel,Eco Plus,2153,1,5,1,2,3,1,4,3,5,3,5,5,3,3.15,5,2,FALSE
Female,Disloyal Customer,25,Business Travel,Business,472,5,0,4,3,2,4,2,2,5,5,4,5,2,3.31,0,0,TRUE
Female,Loyal Customer,47,Business Travel,Business,2583,3,3,3,3,5,5,5,3,2,4,4,5,5,3.85,0,0,TRUE
Female,Loyal Customer,47,Business Travel,Business,1727,2,2,2,2,4,4,4,5,5,5,5,5,4,3.77,0,0,TRUE
Male,Loyal Customer,44,Personal Travel,Eco,236,4,4,4,4,4,4,4,4,2,1,4,1,4,3.38,6,9,FALSE
Male,Loyal Customer,23,Business Travel,Eco,277,2,3,4,3,2,3,1,2,3,2,4,1,2,2.46,0,0,FALSE
Male,Loyal Customer,52,Personal Travel,Eco,476,2,4,2,1,5,2,5,5,2,3,3,3,5,3.23,25,36,FALSE
Male,Loyal Customer,24,Personal Travel,Eco,347,1,2,1,4,1,1,3,1,1,4,3,3,1,2,65,62,FALSE
Female,Loyal Customer,39,Business Travel,Business,2580,4,4,4,4,2,4,5,5,5,5,5,4,4,4.23,0,8,TRUE
Female,Loyal Customer,46,Personal Travel,Eco,1400,2,4,2,3,5,3,4,3,3,2,3,5,5,3.38,13,20,FALSE
Female,Loyal Customer,56,Business Travel,Eco Plus,132,5,4,1,4,5,5,2,5,5,5,5,3,1,3.85,0,0,TRUE
Female,Loyal Customer,29,Personal Travel,Eco,936,3,4,3,1,4,3,4,4,3,3,4,4,4,3.38,0,0,FALSE
Female,Loyal Customer,43,Business Travel,Eco,569,2,2,2,2,1,3,4,2,2,2,2,1,3,2.15,0,44,FALSE
Female,Loyal Customer,47,Business Travel,Business,1983,2,2,2,2,2,5,4,2,2,2,2,5,1,2.54,0,3,TRUE
Female,Loyal Customer,60,Business Travel,Business,253,3,3,3,3,4,3,3,3,3,3,3,1,1,2.77,11,2,FALSE
Female,Loyal Customer,49,Business Travel,Business,680,1,4,4,4,1,2,2,1,1,1,1,1,3,2,33,16,FALSE
Male,Disloyal Customer,15,Business Travel,Eco,1024,2,2,2,4,5,2,5,5,4,4,4,4,5,3.69,0,0,FALSE
Female,Loyal Customer,30,Business Travel,Business,678,4,2,2,2,4,4,4,4,3,2,4,2,4,3.15,19,8,FALSE
Male,Loyal Customer,18,Business Travel,Business,2153,3,4,3,3,3,3,3,3,2,4,3,3,3,3.08,30,9,FALSE
Female,Loyal Customer,24,Business Travel,Business,1460,3,3,3,3,3,3,3,3,4,3,5,4,3,3.31,5,5,TRUE
Male,Loyal Customer,41,Business Travel,Business,2394,5,5,5,5,5,5,4,4,4,4,4,3,1,4.15,0,16,TRUE
Male,Loyal Customer,18,Business Travel,Business,2611,2,2,2,2,5,5,5,3,4,4,5,5,5,3.77,5,7,TRUE
Female,Disloyal Customer,47,Business Travel,Eco,1086,5,5,5,1,1,5,1,1,4,2,4,2,1,2.85,0,0,TRUE
Female,Loyal Customer,52,Business Travel,Business,3449,3,3,3,3,2,4,5,4,4,4,4,5,4,3.69,0,0,TRUE
Female,Disloyal Customer,34,Business Travel,Business,414,3,3,3,4,4,3,4,4,5,5,5,5,4,4,0,0,FALSE
Female,Loyal Customer,22,Business Travel,Business,270,2,2,4,2,4,4,4,4,5,2,5,3,4,3.46,44,37,TRUE
Male,Loyal Customer,38,Business Travel,Business,2940,2,2,2,2,4,4,4,5,2,4,5,4,4,3.38,233,223,TRUE
Male,Loyal Customer,56,Personal Travel,Eco,109,5,5,5,4,5,5,5,5,4,4,5,5,5,4.77,0,0,TRUE
Female,Loyal Customer,35,Business Travel,Business,110,5,5,5,5,1,4,2,4,4,4,3,1,2,3.46,0,0,TRUE
Female,Disloyal Customer,28,Business Travel,Eco,563,2,5,2,3,5,2,5,5,3,2,5,4,5,3.69,0,6,FALSE
Female,Loyal Customer,56,Business Travel,Eco,481,2,4,4,4,2,3,2,2,2,2,2,1,3,2.54,3,0,FALSE
Male,Loyal Customer,53,Business Travel,Business,733,5,5,5,5,5,4,4,3,3,3,3,5,4,4.15,0,0,TRUE
Male,Loyal Customer,33,Business Travel,Business,2811,4,4,4,4,4,4,4,4,5,4,4,5,4,4.15,28,19,TRUE
Female,Loyal Customer,37,Business Travel,Business,1721,3,3,3,3,3,4,5,5,5,5,5,5,4,4.08,0,0,TRUE
Male,Loyal Customer,21,Personal Travel,Eco,1005,2,1,2,2,5,2,5,5,1,4,3,4,5,3.15,24,10,FALSE
Female,Loyal Customer,21,Business Travel,Eco Plus,209,3,4,5,4,3,3,2,3,4,5,4,1,3,3.38,2,19,FALSE
Male,Loyal Customer,66,Personal Travel,Eco,689,4,5,4,2,3,4,4,3,3,1,4,2,3,3.23,0,0,FALSE
Male,Loyal Customer,54,Business Travel,Business,408,2,2,2,2,4,5,5,4,4,4,4,5,3,3.54,21,12,TRUE
Male,Loyal Customer,58,Business Travel,Business,3283,5,5,5,5,2,3,5,4,4,4,5,1,5,4.08,0,0,TRUE
Male,Loyal Customer,11,Personal Travel,Eco,936,2,4,2,4,3,2,3,3,3,5,5,5,3,3.38,44,62,FALSE
Female,Loyal Customer,53,Personal Travel,Eco,547,3,3,3,3,2,3,3,5,5,3,2,4,2,3.15,0,9,FALSE
Female,Disloyal Customer,26,Business Travel,Eco,404,1,3,1,5,5,1,5,5,2,5,2,1,5,3.15,1,0,FALSE
Male,Loyal Customer,39,Business Travel,Business,2934,1,1,1,1,1,3,3,5,5,5,5,1,4,2.77,0,2,TRUE
Female,Loyal Customer,25,Personal Travel,Eco,927,2,1,2,4,4,2,4,4,4,5,4,4,4,3.38,0,1,FALSE
Female,Loyal Customer,22,Personal Travel,Eco,86,1,4,1,1,4,1,5,4,3,5,5,4,4,3.23,1,4,FALSE
Male,Loyal Customer,60,Business Travel,Business,2716,4,4,4,4,4,4,4,4,4,5,4,4,5,4.15,0,0,TRUE
Female,Loyal Customer,14,Personal Travel,Eco,700,2,1,2,4,5,2,5,5,1,2,4,3,5,3.15,5,1,FALSE
Female,Loyal Customer,23,Personal Travel,Eco Plus,1208,1,5,1,3,2,1,2,2,5,5,5,2,2,2.77,11,16,FALSE
Female,Loyal Customer,47,Business Travel,Business,220,2,2,2,2,4,4,5,5,5,5,5,5,4,3.85,0,0,TRUE
Female,Loyal Customer,47,Business Travel,Business,1551,1,1,1,1,2,5,4,4,4,4,4,5,3,3,22,25,TRUE
Female,Loyal Customer,54,Business Travel,Business,1452,3,3,5,3,4,4,4,3,3,3,3,4,5,3.62,19,14,TRUE
Female,Disloyal Customer,22,Business Travel,Business,235,5,0,5,4,3,5,5,3,5,4,4,3,3,3.77,0,0,TRUE
Female,Loyal Customer,44,Business Travel,Eco,312,3,1,1,1,2,4,3,3,3,3,3,3,3,2.54,0,0,FALSE
Female,Loyal Customer,23,Business Travel,Business,526,5,5,5,5,4,4,4,4,3,5,4,3,4,4.23,0,0,TRUE
Female,Loyal Customer,60,Business Travel,Eco,2677,5,2,5,5,3,3,2,3,3,5,3,2,1,3.23,0,0,TRUE
Female,Loyal Customer,19,Personal Travel,Eco,1171,1,4,1,3,3,1,3,3,3,4,3,4,3,2.77,0,0,FALSE
Male,Loyal Customer,37,Business Travel,Business,1890,3,3,3,3,4,2,4,5,5,5,5,4,1,3.62,13,0,TRUE
Male,Loyal Customer,58,Personal Travel,Eco Plus,594,2,4,1,4,4,1,5,4,4,4,1,5,4,3.31,0,0,FALSE
Male,Loyal Customer,60,Personal Travel,Eco,395,2,4,5,3,4,5,4,4,5,3,4,4,4,3.92,23,12,FALSE
Male,Loyal Customer,35,Personal Travel,Eco,1075,3,4,3,4,2,3,2,2,4,2,4,3,2,2.92,0,0,FALSE
Male,Loyal Customer,46,Personal Travel,Eco Plus,369,2,5,2,4,3,2,3,3,4,2,1,5,3,3,0,0,FALSE
Female,Loyal Customer,52,Personal Travel,Eco,429,2,2,2,2,4,2,3,2,2,2,2,2,3,2.31,0,0,FALSE
Female,Disloyal Customer,36,Business Travel,Business,550,3,2,2,2,2,2,2,2,3,2,5,5,2,2.62,0,0,FALSE
Male,Loyal Customer,39,Business Travel,Business,1391,2,2,2,2,2,5,5,5,5,5,5,5,4,3.77,0,1,TRUE
Male,Disloyal Customer,26,Business Travel,Business,822,5,5,5,3,5,1,1,5,2,5,5,1,1,3.38,0,0,TRUE
Female,Loyal Customer,56,Business Travel,Business,369,3,3,3,3,2,5,4,3,3,3,3,5,3,3.31,0,0,TRUE
Male,Loyal Customer,48,Business Travel,Business,2536,3,3,3,3,4,4,4,5,5,5,5,5,4,4.08,0,0,TRUE
Male,Loyal Customer,27,Business Travel,Eco Plus,641,4,4,4,4,4,4,4,4,4,5,4,3,4,4,38,40,FALSE
Female,Disloyal Customer,28,Business Travel,Business,814,2,2,2,3,2,3,5,5,4,5,5,5,5,3.69,212,212,FALSE
Male,Disloyal Customer,34,Business Travel,Business,667,4,4,4,4,4,4,4,4,3,4,4,5,4,4,0,22,FALSE
Male,Loyal Customer,64,Personal Travel,Eco,187,2,4,0,2,3,0,2,3,4,5,5,4,3,2.85,0,0,FALSE
Female,Loyal Customer,42,Business Travel,Eco,1121,3,1,1,1,5,4,4,3,3,3,3,1,2,2.62,1,0,TRUE
Male,Loyal Customer,42,Business Travel,Business,3669,4,4,4,4,4,5,4,4,4,4,4,4,3,4,0,0,TRUE
Female,Disloyal Customer,22,Business Travel,Eco,108,4,5,4,5,2,4,2,2,3,2,1,5,2,3.15,0,0,TRUE
Male,Loyal Customer,20,Personal Travel,Eco,1590,3,5,2,2,1,2,4,1,3,4,3,4,1,2.69,86,90,FALSE
Female,Loyal Customer,60,Business Travel,Business,1609,3,3,3,3,2,4,5,5,5,5,5,5,3,3.92,0,15,TRUE
Male,Loyal Customer,59,Personal Travel,Eco,655,3,1,3,2,1,3,1,1,2,2,1,2,1,1.77,0,0,FALSE
Female,Loyal Customer,41,Business Travel,Business,2611,4,1,1,1,3,4,4,3,4,1,3,4,4,2.85,11,9,FALSE
Female,Loyal Customer,35,Business Travel,Business,1619,5,5,5,5,4,4,4,4,4,5,4,4,3,4.31,0,0,TRUE
Female,Disloyal Customer,15,Business Travel,Eco,1522,2,2,2,2,2,2,3,2,3,4,5,5,2,2.77,0,0,FALSE
Male,Loyal Customer,19,Business Travel,Business,1639,1,1,1,1,5,5,5,5,4,5,5,4,5,3.62,0,0,TRUE
Female,Loyal Customer,58,Business Travel,Business,1602,3,3,3,3,3,5,5,5,5,5,5,3,4,4,1,0,TRUE
Female,Disloyal Customer,25,Business Travel,Business,2153,2,0,3,3,3,3,3,3,4,3,4,5,3,3,0,0,FALSE
Male,Loyal Customer,57,Business Travel,Business,247,1,1,1,1,3,5,4,4,4,4,4,4,5,3.15,18,19,TRUE
Female,Disloyal Customer,21,Business Travel,Eco,200,5,0,5,1,5,5,5,5,4,2,1,3,5,3.54,0,0,TRUE
Female,Loyal Customer,55,Business Travel,Business,2340,5,5,5,5,2,5,5,4,4,4,4,3,4,4.23,108,107,TRUE
Female,Loyal Customer,59,Personal Travel,Eco,2296,1,4,1,1,5,3,4,1,1,1,1,4,3,2.31,5,0,FALSE
Female,Loyal Customer,58,Personal Travel,Eco,1105,2,5,3,4,5,5,1,3,3,3,3,5,5,3.62,3,3,FALSE
Female,Loyal Customer,49,Business Travel,Eco,639,2,3,3,3,2,2,2,4,5,1,5,2,2,2.77,225,222,TRUE
Male,Loyal Customer,38,Business Travel,Business,228,1,1,1,1,4,3,2,3,3,4,3,4,5,2.69,0,24,TRUE
Male,Disloyal Customer,24,Business Travel,Eco,588,4,4,4,2,2,4,2,2,2,1,2,1,2,2.46,0,0,TRUE
Male,Loyal Customer,36,Business Travel,Eco,1598,4,5,5,5,4,4,4,4,1,3,4,2,4,3.77,0,0,TRUE
Male,Loyal Customer,39,Business Travel,Business,371,3,3,3,3,5,5,4,4,4,4,4,4,4,3.85,6,0,TRUE
Male,Disloyal Customer,38,Business Travel,Business,414,4,3,3,1,2,3,2,2,5,4,5,4,2,3.08,0,0,FALSE
Male,Loyal Customer,51,Business Travel,Business,1723,2,2,2,2,4,4,4,5,5,5,5,5,5,3.85,14,2,TRUE
Female,Loyal Customer,42,Personal Travel,Eco,489,2,5,2,2,5,4,1,3,3,2,3,5,2,3,51,59,FALSE
Male,Disloyal Customer,37,Business Travel,Business,1900,1,2,2,1,5,2,5,5,5,4,4,4,5,3.46,0,0,FALSE
Female,Loyal Customer,28,Personal Travel,Eco,950,2,3,2,4,3,2,3,3,3,4,3,2,3,2.85,39,17,FALSE
Female,Loyal Customer,52,Business Travel,Business,163,3,3,3,3,2,5,5,4,4,4,4,4,3,3.62,0,0,TRUE
Female,Loyal Customer,42,Business Travel,Business,1076,5,5,5,5,5,5,5,3,5,4,5,5,5,4.77,171,156,TRUE
Female,Loyal Customer,50,Business Travel,Business,2411,4,4,5,4,3,5,2,5,5,5,5,3,3,4.08,0,0,TRUE
Male,Loyal Customer,77,Business Travel,Eco,867,3,3,3,3,3,3,3,3,1,1,4,1,3,2.62,0,0,FALSE
Male,Disloyal Customer,26,Business Travel,Business,728,2,3,3,2,5,3,5,5,4,4,3,2,5,3.54,17,32,FALSE
Male,Loyal Customer,45,Business Travel,Business,3727,4,4,4,4,3,4,5,5,5,5,5,3,5,4.31,0,0,TRUE
Female,Disloyal Customer,26,Business Travel,Eco,391,1,0,1,4,3,1,4,3,3,4,3,4,3,2.62,0,0,FALSE
Female,Loyal Customer,62,Business Travel,Business,446,3,3,3,3,3,3,2,5,5,5,5,2,3,3.46,0,0,TRUE
Female,Loyal Customer,36,Business Travel,Business,3331,3,1,1,1,1,3,3,3,3,3,3,4,3,2.46,0,32,FALSE
Male,Disloyal Customer,8,Business Travel,Eco,1036,3,3,3,1,5,3,5,5,3,4,4,5,5,3.77,1,0,FALSE
Male,Loyal Customer,55,Business Travel,Eco,1727,3,3,3,3,3,3,3,3,2,1,2,4,3,2.77,7,10,FALSE
Female,Loyal Customer,49,Business Travel,Eco,760,5,3,3,3,2,4,4,5,5,5,5,1,5,3.85,0,21,TRUE
Female,Loyal Customer,51,Business Travel,Business,2212,5,5,5,5,3,2,5,4,4,4,4,5,3,4.15,24,37,TRUE
Male,Loyal Customer,72,Business Travel,Business,1621,3,2,2,2,5,2,2,3,3,3,3,3,4,2.85,44,31,FALSE
Female,Loyal Customer,25,Business Travel,Business,2813,1,1,1,1,1,1,1,1,2,4,3,4,1,1.69,0,0,FALSE
Male,Disloyal Customer,26,Business Travel,Eco,370,2,3,2,5,5,2,5,5,3,3,5,3,5,3.69,0,0,FALSE
Male,Loyal Customer,51,Personal Travel,Eco,1598,0,5,0,2,3,0,1,3,3,2,3,3,3,2.15,1,1,TRUE
Male,Loyal Customer,50,Business Travel,Eco,844,4,2,5,5,4,4,4,4,5,1,1,1,4,3.38,0,0,TRUE
Male,Loyal Customer,31,Personal Travel,Eco,411,3,5,3,5,1,3,1,1,5,3,5,5,1,3.15,0,0,FALSE
Female,Loyal Customer,38,Business Travel,Eco,821,4,4,5,4,4,4,4,4,5,4,3,5,4,4.15,23,0,TRUE
Female,Loyal Customer,8,Personal Travel,Eco,1372,3,4,3,1,2,3,2,2,3,3,3,5,2,2.77,0,13,FALSE
Male,Disloyal Customer,22,Business Travel,Eco,744,2,2,2,3,1,2,3,1,5,3,4,3,1,2.46,0,0,FALSE
Female,Loyal Customer,31,Personal Travel,Business,1754,1,2,2,4,2,2,2,2,4,1,4,3,2,2.38,12,2,FALSE
Male,Loyal Customer,35,Business Travel,Business,3795,5,5,5,5,4,5,4,2,2,2,2,2,1,3.38,0,0,TRUE
Female,Loyal Customer,14,Personal Travel,Eco,2704,1,2,1,2,3,1,3,3,1,3,2,1,3,2,0,4,FALSE
Male,Loyal Customer,30,Business Travel,Eco Plus,1416,3,2,2,2,3,3,3,3,2,4,3,2,3,2.69,0,24,FALSE
Female,Loyal Customer,57,Personal Travel,Eco Plus,1105,1,5,1,5,4,3,3,5,5,1,5,1,1,3.08,0,1,FALSE
Male,Loyal Customer,18,Personal Travel,Eco,895,4,5,4,3,4,1,1,3,5,4,5,1,1,3.15,212,206,FALSE
Female,Loyal Customer,48,Business Travel,Business,1990,4,4,4,4,3,3,4,2,2,2,2,5,4,3.31,0,0,TRUE
Male,Loyal Customer,74,Business Travel,Business,1587,1,3,3,3,2,3,4,1,1,1,1,2,4,2.23,0,0,FALSE
Male,Loyal Customer,16,Personal Travel,Eco,1671,5,2,5,3,3,5,3,3,1,2,3,3,3,3.15,5,0,TRUE
Male,Loyal Customer,37,Personal Travel,Eco,86,1,5,1,2,1,1,1,1,3,4,4,4,1,2.23,0,0,FALSE
Female,Loyal Customer,23,Business Travel,Business,762,4,1,1,1,4,4,4,4,2,4,3,4,4,3.08,0,13,FALSE
Male,Loyal Customer,48,Business Travel,Business,74,5,5,5,5,5,4,4,4,4,4,4,3,4,4.31,0,0,TRUE
Female,Loyal Customer,58,Business Travel,Business,1987,5,5,5,5,2,4,5,3,3,3,3,3,5,3.92,0,0,TRUE
Male,Loyal Customer,27,Business Travel,Eco Plus,162,5,4,4,4,5,5,5,5,2,3,4,2,5,4.08,0,0,TRUE
Male,Loyal Customer,37,Business Travel,Business,2445,4,5,5,5,1,4,4,4,4,4,4,4,1,3.77,1,0,FALSE
Female,Loyal Customer,30,Business Travel,Business,2338,1,1,1,1,4,4,4,4,3,4,4,5,4,3.08,2,0,TRUE
Male,Loyal Customer,42,Business Travel,Business,1689,5,5,5,5,2,5,5,5,5,5,5,3,3,4.46,0,0,TRUE
Female,Loyal Customer,51,Business Travel,Business,384,2,2,2,2,5,5,5,4,4,4,4,3,3,3.46,54,51,TRUE
Male,Loyal Customer,8,Personal Travel,Eco,1028,2,5,2,4,4,2,4,4,3,3,4,4,4,3.46,11,0,FALSE
Female,Loyal Customer,65,Personal Travel,Eco,488,3,5,5,5,3,5,5,2,2,5,2,3,4,3.77,0,0,FALSE
Female,Loyal Customer,19,Personal Travel,Eco,334,2,5,2,1,5,2,5,5,3,2,4,3,5,3.38,25,11,FALSE
Male,Loyal Customer,40,Business Travel,Business,500,4,4,4,4,5,4,4,3,3,3,3,5,4,3.85,47,26,TRUE
Male,Disloyal Customer,36,Business Travel,Business,2556,3,3,3,1,3,5,5,5,5,4,5,5,5,4,2,13,FALSE
Female,Loyal Customer,51,Personal Travel,Eco,1222,5,4,5,4,3,4,4,3,3,5,3,1,4,3.69,4,0,TRUE
Male,Disloyal Customer,38,Business Travel,Business,447,2,2,2,4,3,2,3,3,3,3,5,5,3,3.08,0,0,FALSE
Female,Loyal Customer,43,Business Travel,Business,3885,5,5,5,5,4,5,5,3,3,3,3,4,3,4.08,0,0,TRUE
Female,Loyal Customer,56,Business Travel,Eco Plus,550,3,5,5,5,2,5,4,3,3,3,3,4,3,3.69,0,0,TRUE
Male,Loyal Customer,54,Business Travel,Business,1991,5,5,5,5,2,5,5,4,4,5,4,5,4,4.46,35,31,TRUE
Female,Disloyal Customer,37,Business Travel,Business,596,3,3,3,4,3,3,3,3,1,1,3,1,3,2.62,110,121,FALSE
Female,Loyal Customer,58,Business Travel,Business,296,3,3,5,3,2,3,4,3,3,3,3,1,1,2.85,0,29,FALSE
Male,Loyal Customer,26,Business Travel,Business,712,4,4,4,4,5,5,5,5,3,4,4,3,5,4.23,17,26,TRUE
Female,Disloyal Customer,24,Business Travel,Eco,1055,1,1,1,2,1,1,1,1,3,3,5,5,1,2,13,10,FALSE
Male,Loyal Customer,57,Business Travel,Eco,867,4,5,5,5,4,4,4,4,3,4,3,1,4,3.85,0,0,FALSE
Female,Loyal Customer,60,Business Travel,Business,1599,5,5,5,5,5,5,4,4,4,4,4,4,4,4.46,9,7,TRUE
Male,Loyal Customer,50,Personal Travel,Eco,1620,3,1,3,4,2,3,2,2,4,3,4,2,2,2.69,0,0,FALSE
Female,Disloyal Customer,23,Business Travel,Eco,192,2,1,2,3,2,2,2,2,3,1,4,2,2,2.15,3,0,FALSE
Male,Loyal Customer,49,Business Travel,Business,2347,4,4,4,4,2,4,5,5,5,5,5,5,4,4.31,0,0,TRUE
Male,Disloyal Customer,30,Business Travel,Business,1995,1,1,1,3,4,1,5,4,3,2,4,5,4,2.92,7,14,FALSE
Female,Disloyal Customer,22,Business Travel,Eco,1000,1,1,1,5,1,1,1,1,4,5,1,5,1,2.15,0,0,FALSE
Male,Loyal Customer,27,Business Travel,Business,1723,1,3,3,3,1,1,1,1,1,1,4,4,1,1.92,0,0,FALSE
Female,Loyal Customer,52,Business Travel,Eco,160,5,4,3,4,3,4,3,5,5,5,5,2,5,4.08,50,44,TRUE
Female,Loyal Customer,36,Business Travel,Business,2863,1,1,3,1,5,4,5,4,4,4,4,3,5,3.38,0,0,TRUE
Male,Disloyal Customer,20,Business Travel,Eco,192,2,0,2,4,2,2,2,2,4,1,3,2,2,2.15,0,0,FALSE
Male,Loyal Customer,44,Business Travel,Business,3377,0,0,0,2,3,4,4,1,1,1,1,3,4,1.85,0,6,TRUE
Female,Loyal Customer,49,Business Travel,Eco,1182,2,3,4,3,4,1,2,2,2,2,2,4,4,2.69,0,20,TRUE
Male,Loyal Customer,16,Business Travel,Eco,311,3,3,3,3,5,5,3,5,4,3,1,1,5,3.38,0,0,TRUE
Female,Loyal Customer,77,Business Travel,Business,3987,5,5,5,5,3,5,5,5,5,5,5,4,3,4.62,0,0,TRUE
Female,Loyal Customer,43,Business Travel,Business,2556,2,2,2,2,4,4,5,4,4,4,4,5,3,3.46,77,65,TRUE
Male,Loyal Customer,47,Business Travel,Eco,556,5,2,2,2,5,5,5,5,2,2,5,3,5,3.69,1,0,TRUE
Female,Loyal Customer,46,Business Travel,Business,1744,2,2,2,2,3,4,4,4,4,4,4,5,4,3.38,28,14,TRUE
Female,Loyal Customer,47,Business Travel,Eco,1235,4,1,1,1,5,1,5,3,3,4,3,1,4,2.77,29,19,TRUE
Female,Loyal Customer,33,Business Travel,Business,325,2,5,5,5,1,3,4,2,2,2,2,3,4,3.08,18,7,FALSE
Female,Loyal Customer,46,Business Travel,Business,1009,5,5,5,5,4,5,5,5,5,5,5,5,3,4.77,0,0,TRUE
Female,Loyal Customer,60,Business Travel,Business,451,1,1,4,1,5,5,4,5,5,5,5,3,5,3.77,117,113,TRUE
Female,Loyal Customer,52,Business Travel,Business,925,2,2,2,2,5,5,4,4,4,4,4,3,5,3.54,10,0,TRUE
Male,Loyal Customer,50,Personal Travel,Eco,83,3,4,0,3,2,0,2,2,4,2,4,4,2,2.46,5,2,FALSE
Female,Loyal Customer,31,Business Travel,Eco,728,2,5,5,5,2,2,2,2,4,3,3,4,2,3.15,2,0,FALSE
Male,Loyal Customer,52,Personal Travel,Eco Plus,1075,5,4,5,3,4,5,4,4,3,5,5,4,4,4.23,0,0,TRUE
Female,Loyal Customer,43,Personal Travel,Eco,1927,3,4,3,1,4,4,5,5,5,3,5,4,3,3.77,0,0,FALSE
Female,Loyal Customer,50,Business Travel,Business,3799,5,5,5,5,4,5,4,4,4,5,4,5,5,4.62,8,0,TRUE
Male,Loyal Customer,60,Business Travel,Business,612,4,4,4,4,2,4,5,5,5,5,5,5,5,4.38,21,49,TRUE
Male,Loyal Customer,43,Personal Travel,Eco,1437,3,4,3,4,2,3,2,2,4,2,4,4,2,3,0,0,FALSE
Male,Loyal Customer,55,Personal Travel,Eco,302,1,2,4,3,4,4,4,4,1,3,2,4,4,3.08,0,0,FALSE
Male,Loyal Customer,25,Business Travel,Business,1428,4,4,4,4,4,4,4,4,1,5,3,1,4,3.54,0,0,TRUE
Female,Disloyal Customer,30,Business Travel,Eco,528,4,3,5,3,2,5,2,2,3,2,3,4,2,3.08,0,0,FALSE
Male,Loyal Customer,62,Personal Travel,Eco,710,3,5,3,4,2,3,2,2,3,5,5,4,2,3.31,0,0,FALSE
Male,Loyal Customer,24,Business Travel,Business,3680,4,1,4,4,2,2,2,2,5,5,5,5,2,3.31,0,0,TRUE
Female,Loyal Customer,22,Business Travel,Eco,1521,4,1,1,1,4,4,4,4,1,4,1,1,4,2.62,3,13,TRUE
Male,Loyal Customer,44,Business Travel,Business,1543,3,5,3,3,5,4,5,5,5,5,5,5,5,4.46,0,0,TRUE
Male,Loyal Customer,51,Business Travel,Eco,235,4,3,3,3,4,4,4,4,3,2,3,3,4,3.38,0,0,FALSE
Male,Loyal Customer,43,Personal Travel,Business,1235,1,5,1,1,1,1,4,3,3,1,5,4,5,2.69,0,0,FALSE
Female,Loyal Customer,56,Business Travel,Eco,308,2,3,3,3,5,2,5,2,2,2,2,2,2,2.69,0,0,TRUE
Male,Disloyal Customer,41,Business Travel,Eco,624,2,3,2,4,5,2,5,5,4,3,3,1,5,3.38,0,0,FALSE
Male,Loyal Customer,22,Personal Travel,Eco,1846,4,5,4,4,5,4,5,5,5,4,4,4,5,4.46,40,68,FALSE
Female,Loyal Customer,53,Business Travel,Eco,192,5,2,2,2,3,4,2,5,5,5,5,2,4,3.54,0,1,TRUE
Male,Loyal Customer,12,Personal Travel,Eco,674,3,4,3,1,1,3,1,1,3,3,5,4,1,2.54,80,70,FALSE
Female,Loyal Customer,39,Business Travel,Business,370,3,3,3,3,2,4,5,4,4,4,4,4,5,3.69,10,12,TRUE
Female,Loyal Customer,55,Business Travel,Business,3169,1,1,1,1,3,5,4,5,5,5,5,3,5,3.38,73,68,TRUE
Female,Disloyal Customer,32,Business Travel,Business,802,4,4,4,2,2,4,4,2,4,2,4,3,2,3.15,0,10,FALSE
Female,Loyal Customer,40,Personal Travel,Eco,628,1,4,1,3,5,1,5,5,3,2,5,5,5,3.46,4,0,FALSE
Female,Disloyal Customer,42,Business Travel,Business,373,3,3,3,5,4,3,4,4,3,2,5,5,4,3.69,0,0,FALSE
Male,Disloyal Customer,24,Business Travel,Eco,725,4,4,4,2,2,4,2,2,4,2,3,1,2,2.77,0,4,TRUE
Male,Loyal Customer,22,Business Travel,Business,277,3,3,3,3,3,3,3,1,5,4,3,3,3,3.08,116,177,FALSE
Female,Loyal Customer,28,Business Travel,Business,1024,1,1,1,1,4,4,4,4,5,3,5,5,4,3.23,0,3,TRUE
Female,Loyal Customer,36,Business Travel,Eco Plus,267,2,3,3,3,2,2,2,2,1,1,3,4,2,2.31,59,55,FALSE
Female,Loyal Customer,62,Business Travel,Eco,550,5,1,1,1,4,2,1,5,5,5,5,5,2,3.23,92,90,TRUE
Female,Loyal Customer,60,Business Travel,Business,1889,2,2,3,2,3,5,4,5,5,5,5,5,3,3.77,0,0,TRUE
Female,Loyal Customer,59,Personal Travel,Eco,460,2,5,2,5,3,3,4,5,5,2,4,1,2,3.31,4,2,FALSE
Female,Loyal Customer,49,Business Travel,Business,3295,4,4,3,4,2,5,4,5,5,5,5,5,3,4.15,0,4,TRUE
Female,Loyal Customer,44,Personal Travel,Eco,1205,2,4,2,3,4,4,3,4,4,2,4,2,2,3.08,0,0,FALSE
Female,Loyal Customer,58,Personal Travel,Eco Plus,990,3,5,2,3,3,4,5,1,1,2,1,5,3,2.92,0,0,FALSE
Male,Disloyal Customer,24,Business Travel,Business,444,4,0,4,2,2,4,2,2,5,3,5,3,2,2.92,20,32,TRUE
Female,Loyal Customer,53,Business Travel,Eco,520,4,2,2,2,3,3,4,4,4,4,4,3,3,3.23,17,0,TRUE
Male,Loyal Customer,56,Business Travel,Eco,321,2,3,4,3,2,2,2,2,2,5,3,3,2,2.69,0,0,FALSE
Female,Loyal Customer,30,Business Travel,Business,651,3,3,4,3,5,5,5,5,4,5,4,3,5,4.15,0,0,TRUE
Male,Disloyal Customer,27,Business Travel,Business,764,3,3,3,2,2,3,2,2,2,1,3,3,2,2.38,30,46,FALSE
Male,Loyal Customer,27,Business Travel,Business,566,3,3,3,3,5,5,5,5,4,3,1,1,5,3.54,0,0,TRUE
Female,Loyal Customer,67,Personal Travel,Eco,626,3,4,3,1,2,4,5,3,3,3,3,3,5,3.23,0,0,FALSE
Female,Loyal Customer,32,Personal Travel,Eco,130,3,0,3,3,4,3,5,4,2,2,4,5,4,3.23,3,4,FALSE
Male,Disloyal Customer,36,Business Travel,Eco,331,2,0,2,1,1,2,1,1,4,3,4,1,1,1.77,0,0,FALSE
Male,Loyal Customer,44,Business Travel,Business,158,3,3,3,3,5,4,5,4,4,5,4,4,5,4,66,57,TRUE
Female,Loyal Customer,70,Personal Travel,Eco,1829,1,4,1,1,2,5,5,5,5,1,5,4,3,3.23,0,0,FALSE
Female,Loyal Customer,55,Personal Travel,Eco,646,3,2,3,4,4,3,4,5,5,3,5,4,3,3.69,0,3,FALSE
Male,Loyal Customer,66,Business Travel,Eco,404,4,1,1,1,4,4,4,4,3,1,3,2,4,2.77,9,6,TRUE
Female,Loyal Customer,19,Business Travel,Business,2738,5,5,5,5,3,4,3,3,5,3,3,1,3,3.69,0,0,TRUE
Female,Loyal Customer,53,Personal Travel,Eco Plus,964,1,5,1,2,4,4,5,4,4,1,4,5,4,3.38,6,0,FALSE
Male,Loyal Customer,22,Business Travel,Business,1660,2,2,2,2,2,2,2,2,4,3,2,2,2,2.23,0,0,FALSE
Female,Loyal Customer,69,Personal Travel,Eco,872,2,3,2,2,4,2,3,5,5,2,5,3,3,3.15,14,0,FALSE
Female,Loyal Customer,42,Business Travel,Business,1898,5,5,5,5,5,4,4,5,5,5,5,4,3,4.62,49,47,TRUE
Female,Loyal Customer,41,Business Travel,Business,967,2,2,2,2,2,3,5,4,4,4,4,5,5,3.38,44,40,TRUE
Female,Loyal Customer,53,Personal Travel,Business,1242,3,4,3,5,3,3,5,1,1,3,1,4,4,3.08,3,0,FALSE
Male,Loyal Customer,35,Business Travel,Business,1042,3,2,2,2,2,4,3,3,3,3,3,3,2,2.69,0,0,FALSE
Female,Loyal Customer,54,Personal Travel,Business,153,3,5,3,5,2,4,5,2,2,3,2,4,5,3.46,0,0,FALSE
Male,Loyal Customer,44,Business Travel,Business,366,3,3,2,3,2,5,4,4,4,4,4,3,4,3.46,5,24,TRUE
Female,Disloyal Customer,26,Business Travel,Eco Plus,913,1,2,2,2,4,2,3,4,3,2,1,1,4,2.38,0,0,FALSE
Female,Loyal Customer,44,Personal Travel,Eco,528,2,5,2,3,2,5,4,5,5,2,5,3,3,3.54,0,0,FALSE
Female,Disloyal Customer,24,Business Travel,Eco,1172,2,3,3,2,5,3,5,5,4,5,5,4,5,3.92,28,27,FALSE
Female,Loyal Customer,54,Personal Travel,Eco,999,2,4,2,4,4,5,5,5,5,2,5,5,4,4,0,0,FALSE
Male,Loyal Customer,42,Business Travel,Eco Plus,489,2,2,2,2,2,2,2,2,4,3,3,1,2,2.23,0,0,FALSE
Male,Disloyal Customer,36,Business Travel,Eco,692,1,1,1,4,1,1,1,1,1,5,3,1,1,1.69,0,0,FALSE
Female,Loyal Customer,61,Business Travel,Business,1585,2,2,3,2,1,1,5,3,3,4,3,4,4,2.85,24,20,TRUE
Female,Loyal Customer,50,Personal Travel,Eco,140,2,4,2,4,4,4,5,2,2,2,2,3,5,3.15,0,0,FALSE
Male,Loyal Customer,27,Business Travel,Business,2729,3,3,3,3,5,5,5,5,4,4,4,5,5,4.15,44,52,TRUE
Male,Loyal Customer,55,Business Travel,Business,1400,3,5,5,5,4,3,2,3,3,3,3,1,4,3.38,1,0,FALSE
Male,Disloyal Customer,21,Business Travel,Eco,447,2,2,1,4,1,1,1,1,4,4,3,4,1,2.23,7,0,FALSE
Female,Loyal Customer,31,Personal Travel,Business,334,2,1,2,4,5,2,5,5,2,4,3,2,5,3.23,5,0,FALSE
Female,Disloyal Customer,37,Business Travel,Eco,158,1,2,1,3,1,1,1,1,1,4,3,4,1,1.85,24,20,FALSE
Female,Loyal Customer,50,Business Travel,Business,3696,1,1,5,1,2,4,4,5,5,5,5,4,5,3.62,9,0,TRUE
Female,Loyal Customer,21,Personal Travel,Eco,846,1,4,1,3,3,1,3,3,5,4,5,4,3,3.08,9,17,FALSE
Female,Loyal Customer,53,Business Travel,Eco,329,1,0,0,3,1,3,3,4,4,1,4,4,1,2.23,0,0,FALSE
Male,Loyal Customer,45,Business Travel,Business,2580,3,3,3,3,3,4,4,5,5,5,5,3,4,3.85,0,11,TRUE
Female,Disloyal Customer,42,Business Travel,Eco,84,3,5,3,1,5,3,5,5,5,5,3,5,5,4.08,0,34,FALSE
Male,Loyal Customer,59,Business Travel,Business,3358,3,3,3,3,3,5,4,4,4,4,4,4,3,3.62,0,0,TRUE
Female,Loyal Customer,54,Business Travel,Eco,308,2,1,4,4,5,3,3,2,2,2,2,4,1,2.69,83,95,FALSE
Female,Loyal Customer,46,Business Travel,Business,912,1,1,1,1,2,4,4,4,4,4,4,5,4,3,5,0,TRUE
Female,Loyal Customer,52,Personal Travel,Eco Plus,406,3,4,3,1,2,5,4,2,2,3,2,3,4,2.92,0,0,FALSE
Female,Loyal Customer,38,Personal Travel,Eco,397,2,5,2,2,5,2,5,5,5,4,4,5,5,3.92,0,0,FALSE
Male,Loyal Customer,35,Business Travel,Business,2409,3,3,3,3,1,4,3,4,4,4,4,3,3,3.23,0,0,TRUE
Female,Loyal Customer,41,Personal Travel,Eco,545,2,2,2,3,4,2,4,4,1,3,4,1,4,2.77,0,0,FALSE
Female,Disloyal Customer,40,Business Travel,Business,2419,2,2,2,3,4,2,4,4,3,2,3,3,4,2.92,0,0,FALSE
Female,Disloyal Customer,36,Business Travel,Eco,1061,2,2,2,1,4,2,4,4,1,4,2,4,4,2.77,13,0,FALSE
Male,Loyal Customer,67,Personal Travel,Eco,899,2,5,2,2,2,2,2,2,5,2,4,5,2,2.85,0,0,FALSE
Female,Loyal Customer,38,Personal Travel,Eco,293,4,4,4,4,5,4,5,5,2,2,4,4,5,4,5,0,TRUE
Female,Loyal Customer,50,Personal Travel,Eco,1085,3,5,3,2,5,5,5,5,5,3,5,3,4,4.08,0,0,FALSE
Male,Loyal Customer,50,Business Travel,Business,2475,5,5,5,5,2,5,4,2,2,2,2,3,5,3.62,0,0,TRUE
Male,Loyal Customer,54,Business Travel,Business,2544,5,5,3,5,5,4,5,3,3,3,3,4,5,4.08,62,66,TRUE
Male,Loyal Customer,56,Business Travel,Business,2556,4,4,4,4,4,5,4,4,4,4,4,3,5,4.08,117,113,TRUE
Male,Loyal Customer,38,Personal Travel,Eco,237,3,4,3,4,2,3,2,2,3,3,4,4,2,3,0,2,FALSE
Female,Loyal Customer,7,Personal Travel,Eco,1120,3,5,3,3,2,3,2,2,4,4,4,5,2,3.23,16,13,FALSE
Female,Loyal Customer,32,Business Travel,Business,2668,5,5,4,5,4,4,4,4,5,2,5,5,4,4.31,2,0,TRUE
Male,Loyal Customer,45,Business Travel,Eco,1660,4,1,1,1,4,4,4,4,2,5,2,4,4,3.08,0,7,FALSE
Male,Disloyal Customer,25,Business Travel,Eco,1310,2,2,2,4,3,2,3,3,1,4,3,1,3,2.54,0,24,FALSE
Female,Loyal Customer,45,Business Travel,Business,2374,5,5,5,5,4,5,4,4,4,4,4,5,5,4.54,0,0,TRUE
Male,Loyal Customer,34,Personal Travel,Eco,209,3,4,0,1,1,0,1,1,1,5,5,2,1,1.92,0,0,FALSE
Male,Loyal Customer,20,Personal Travel,Eco Plus,305,3,4,3,3,1,3,1,1,3,3,4,4,1,2.62,5,2,FALSE
Female,Disloyal Customer,36,Business Travel,Eco,247,2,1,2,3,1,2,1,1,4,1,3,1,1,1.77,16,6,FALSE
Male,Disloyal Customer,36,Business Travel,Eco,338,3,4,3,4,2,3,2,2,3,4,3,1,2,2.77,0,0,FALSE
Male,Loyal Customer,27,Business Travel,Business,3200,1,1,1,1,5,5,5,5,4,5,2,2,5,3.23,0,0,TRUE
Male,Loyal Customer,40,Personal Travel,Eco,1368,3,4,2,4,3,2,3,3,4,2,3,3,3,3,0,0,FALSE
Male,Loyal Customer,31,Business Travel,Business,1999,4,5,4,4,5,5,5,5,4,4,4,3,5,4.38,0,4,TRUE
Male,Loyal Customer,25,Business Travel,Eco Plus,680,0,5,0,2,1,0,1,1,3,1,4,5,1,1.85,0,0,TRUE
Male,Loyal Customer,42,Business Travel,Business,537,2,2,2,2,1,5,3,5,5,5,5,4,3,3.38,0,0,TRUE
Female,Loyal Customer,45,Business Travel,Eco,288,5,1,1,1,1,2,3,5,5,5,5,1,3,2.92,29,40,TRUE
Male,Loyal Customer,59,Personal Travel,Business,639,2,1,2,3,4,3,3,3,3,2,3,2,1,2.46,0,11,FALSE
Male,Loyal Customer,34,Personal Travel,Eco,201,3,5,3,3,2,3,5,2,5,2,1,3,2,3,3,8,FALSE
Female,Loyal Customer,22,Personal Travel,Eco,213,3,5,3,4,3,3,1,3,1,5,1,3,3,2.92,0,17,FALSE
Male,Loyal Customer,21,Personal Travel,Eco,1096,2,2,2,4,2,2,3,2,3,1,3,2,2,2.31,0,0,FALSE
Male,Loyal Customer,26,Business Travel,Business,1680,3,1,1,1,3,3,3,3,1,2,4,2,3,2.31,27,10,FALSE
Male,Loyal Customer,37,Business Travel,Business,2401,2,2,2,2,5,3,1,4,4,4,4,1,5,3,94,86,TRUE
Male,Loyal Customer,38,Business Travel,Business,2746,2,2,2,2,2,5,2,4,4,4,4,1,5,3,0,0,TRUE
Female,Loyal Customer,17,Personal Travel,Eco,89,3,4,3,1,5,3,3,5,3,4,5,5,5,3.77,0,0,FALSE
Male,Loyal Customer,15,Personal Travel,Eco Plus,192,2,4,2,3,5,2,5,5,5,4,5,5,5,4,5,8,FALSE
Female,Loyal Customer,53,Personal Travel,Eco,404,3,3,3,4,4,4,4,5,5,3,5,1,2,3.54,0,0,FALSE
Male,Disloyal Customer,39,Business Travel,Business,546,4,4,4,4,2,4,2,2,3,5,5,3,2,3.38,93,88,FALSE
Male,Loyal Customer,40,Business Travel,Business,2400,4,3,4,4,2,4,5,5,5,5,5,3,3,4,0,0,TRUE
Female,Disloyal Customer,28,Business Travel,Eco Plus,599,2,2,2,3,4,2,4,4,3,3,3,1,4,2.85,0,46,FALSE
Female,Disloyal Customer,27,Business Travel,Business,2342,3,3,3,4,2,3,2,2,4,3,5,3,2,3,10,0,FALSE
Female,Loyal Customer,41,Business Travel,Business,3046,5,5,5,5,3,5,5,4,4,4,4,4,5,4.46,0,0,TRUE
Female,Loyal Customer,7,Personal Travel,Eco,516,2,4,2,3,5,2,5,5,5,4,5,5,5,4,0,0,FALSE
Male,Disloyal Customer,48,Business Travel,Business,759,3,3,3,2,2,3,2,2,4,2,5,4,2,2.85,2,1,FALSE
Male,Loyal Customer,13,Business Travel,Eco,1400,2,1,1,1,2,1,2,2,4,3,3,3,2,2.08,0,0,FALSE
Female,Loyal Customer,48,Business Travel,Business,491,3,3,3,3,4,4,4,4,4,4,4,3,5,3.69,0,0,TRUE
Female,Loyal Customer,49,Personal Travel,Eco,134,3,3,3,3,5,3,3,4,4,3,4,1,4,3.31,8,3,FALSE
Male,Disloyal Customer,26,Business Travel,Business,900,5,5,5,3,1,5,1,1,4,3,5,5,1,3.38,5,0,TRUE
Male,Loyal Customer,22,Business Travel,Business,3648,2,2,2,2,3,3,3,3,2,4,3,5,3,2.85,0,0,TRUE
Female,Loyal Customer,53,Business Travel,Business,3769,3,1,5,1,1,3,1,2,4,3,4,1,1,2.31,180,178,FALSE
Female,Loyal Customer,43,Business Travel,Eco,563,4,4,4,4,3,5,5,4,4,4,4,5,5,4.23,0,0,TRUE
Male,Loyal Customer,56,Business Travel,Business,3131,1,1,1,1,2,5,4,4,4,4,5,4,5,3.15,0,0,TRUE
Female,Loyal Customer,69,Personal Travel,Eco,631,3,5,2,5,3,3,4,5,5,2,5,1,1,3.38,0,0,FALSE
Male,Loyal Customer,59,Personal Travel,Eco,351,4,3,4,4,1,4,1,1,1,5,4,2,1,2.69,0,0,TRUE
Female,Loyal Customer,56,Business Travel,Business,1189,5,5,3,5,5,4,5,2,2,2,2,4,3,3.62,9,0,TRUE
Male,Loyal Customer,11,Personal Travel,Eco,562,5,5,5,5,3,5,3,3,4,4,5,1,3,3.92,0,0,TRUE
Female,Loyal Customer,25,Business Travel,Eco,1874,4,3,3,3,4,4,3,4,3,1,4,5,4,3.46,86,78,TRUE
Female,Disloyal Customer,29,Business Travel,Eco,158,4,0,4,1,2,4,2,2,1,5,2,2,2,2.38,0,0,TRUE
Female,Loyal Customer,48,Business Travel,Eco,95,5,3,3,3,1,2,1,5,5,5,5,1,2,3.15,0,0,TRUE
Female,Loyal Customer,42,Business Travel,Business,266,1,1,1,1,4,3,4,4,4,4,4,2,1,2.62,0,0,TRUE
Male,Disloyal Customer,15,Business Travel,Eco,449,1,4,1,2,3,1,4,3,1,3,5,4,3,2.69,0,0,FALSE
Female,Disloyal Customer,49,Business Travel,Business,1416,3,4,4,2,2,3,2,2,4,2,5,5,2,3.08,0,0,FALSE
Male,Loyal Customer,41,Business Travel,Business,2388,2,2,2,2,5,5,4,4,4,4,4,5,5,3.69,29,18,TRUE
Male,Loyal Customer,43,Business Travel,Business,1678,1,1,2,1,3,4,4,2,2,2,2,4,5,2.54,0,0,TRUE
Male,Loyal Customer,60,Business Travel,Business,1972,5,5,2,5,4,3,5,5,5,5,5,5,3,4.38,0,0,TRUE
Female,Loyal Customer,42,Personal Travel,Eco,337,4,1,4,3,3,3,3,3,3,4,1,2,2,2.77,0,0,TRUE
Female,Loyal Customer,8,Personal Travel,Eco,253,3,3,3,1,4,3,4,4,5,5,2,4,4,3.46,0,0,FALSE
Female,Loyal Customer,42,Business Travel,Eco,212,5,3,3,3,5,3,5,5,5,5,5,5,2,4.15,82,72,TRUE
Male,Disloyal Customer,18,Business Travel,Eco Plus,342,1,1,1,3,3,1,3,3,2,1,4,1,3,2.08,32,41,FALSE
Male,Loyal Customer,47,Business Travel,Business,3556,2,2,2,2,3,5,3,5,5,5,5,3,4,3.54,0,0,TRUE
Female,Disloyal Customer,27,Business Travel,Eco,191,4,4,4,4,5,4,5,5,2,1,3,2,5,3.69,16,12,FALSE
Female,Loyal Customer,67,Personal Travel,Eco Plus,693,3,1,3,1,5,1,2,1,1,3,1,1,4,2.08,100,91,FALSE
Male,Disloyal Customer,38,Business Travel,Business,641,5,5,5,3,2,5,2,2,5,5,4,3,2,3.69,0,0,TRUE
Female,Disloyal Customer,20,Business Travel,Eco,471,4,5,4,4,3,4,3,3,4,3,4,5,3,3.77,0,0,FALSE
Female,Loyal Customer,60,Business Travel,Business,3823,2,2,1,2,4,4,4,5,5,4,5,3,3,3.38,1,0,TRUE
Male,Disloyal Customer,23,Business Travel,Business,282,4,5,4,1,4,4,4,4,3,3,5,3,4,3.69,9,1,TRUE
Male,Disloyal Customer,25,Business Travel,Business,544,3,5,3,1,2,3,2,2,4,2,5,4,2,2.92,0,0,FALSE
Female,Loyal Customer,38,Business Travel,Business,2955,3,3,3,3,3,5,5,4,4,4,4,3,3,3.62,0,0,TRUE
Female,Loyal Customer,40,Business Travel,Business,2806,1,1,1,1,3,1,5,5,5,5,5,5,5,3.31,0,4,TRUE
Male,Loyal Customer,19,Personal Travel,Eco,587,3,4,3,5,1,3,1,1,5,3,5,4,1,3,0,0,FALSE
Female,Loyal Customer,61,Business Travel,Business,2073,3,3,3,3,4,5,4,4,4,4,4,4,5,3.85,6,0,TRUE
Male,Loyal Customer,44,Personal Travel,Eco,1249,3,4,3,3,5,3,5,5,5,2,3,4,5,3.85,25,6,FALSE
Female,Loyal Customer,22,Personal Travel,Eco,284,3,5,3,1,3,3,3,3,4,5,5,3,3,3.38,34,35,FALSE
Female,Disloyal Customer,8,Business Travel,Eco,946,2,2,2,2,3,2,3,3,1,5,3,4,3,2.69,2,0,FALSE
Female,Loyal Customer,45,Business Travel,Business,3947,3,4,4,4,3,4,4,3,3,3,3,4,3,3.46,25,16,FALSE
Male,Loyal Customer,46,Personal Travel,Eco,895,4,5,4,1,1,4,1,1,2,1,3,3,1,2.38,40,25,TRUE
Female,Loyal Customer,54,Business Travel,Business,1634,3,2,5,2,4,4,4,3,3,3,3,3,1,3.08,90,77,FALSE
Male,Loyal Customer,62,Personal Travel,Eco,588,2,1,1,2,1,1,1,1,1,4,3,2,1,1.62,0,0,FALSE
Female,Loyal Customer,25,Business Travel,Business,2533,5,5,5,5,2,2,2,2,5,1,2,1,2,3,0,0,TRUE
Female,Loyal Customer,32,Personal Travel,Eco,641,3,4,3,2,2,3,2,2,4,5,4,5,2,3.15,0,0,FALSE
Female,Loyal Customer,65,Personal Travel,Eco,581,4,4,4,2,4,4,4,1,1,4,1,4,5,3.23,1,3,FALSE
Male,Disloyal Customer,40,Business Travel,Business,223,2,2,2,4,2,2,2,2,4,4,4,3,2,2.69,0,0,FALSE
Female,Loyal Customer,30,Business Travel,Eco Plus,326,0,0,0,5,2,0,2,2,4,1,3,4,2,1.92,0,0,TRUE
Female,Loyal Customer,67,Personal Travel,Eco,599,3,1,3,2,1,1,2,3,3,3,3,2,1,2.15,0,0,FALSE
Male,Loyal Customer,51,Business Travel,Business,2075,5,5,5,5,2,5,5,5,5,5,5,3,3,4.46,0,0,TRUE
Female,Loyal Customer,47,Business Travel,Business,964,5,5,4,5,5,4,5,5,5,5,5,4,3,4.62,1,3,TRUE
Female,Loyal Customer,38,Business Travel,Eco,599,1,4,4,4,1,1,1,1,2,3,3,3,1,2.23,8,0,FALSE
Male,Loyal Customer,54,Business Travel,Business,3138,1,1,1,1,5,5,4,4,4,4,4,3,4,3.15,0,0,TRUE
Female,Loyal Customer,57,Personal Travel,Eco,251,1,5,0,5,3,2,3,1,1,0,3,5,3,2.46,0,4,FALSE
Male,Loyal Customer,13,Personal Travel,Eco,1119,1,5,1,3,2,1,2,2,3,4,4,5,2,2.69,0,0,FALSE
Female,Disloyal Customer,20,Business Travel,Eco,337,4,0,4,3,4,4,4,4,3,5,4,4,4,3.62,0,0,TRUE
Female,Loyal Customer,45,Business Travel,Business,759,2,2,2,2,2,2,1,2,2,2,2,3,4,2.15,23,94,FALSE
Female,Loyal Customer,51,Business Travel,Business,2344,2,2,2,2,3,4,5,3,3,3,3,3,3,2.92,0,0,TRUE
Male,Disloyal Customer,25,Business Travel,Business,296,0,0,0,3,2,0,2,2,4,4,4,5,2,2.15,0,0,TRUE
Female,Loyal Customer,39,Personal Travel,Eco,1005,1,4,2,3,2,1,5,5,2,4,5,5,5,3.38,168,163,FALSE
Female,Loyal Customer,46,Business Travel,Business,580,3,3,3,3,3,5,4,4,4,4,4,3,5,3.69,18,16,TRUE
Male,Loyal Customer,53,Business Travel,Eco,359,1,3,3,3,1,1,1,1,1,2,3,4,1,1.92,0,0,FALSE
Female,Loyal Customer,61,Personal Travel,Eco,1217,0,4,0,1,5,5,5,4,4,0,4,4,4,3.08,0,0,TRUE
Female,Loyal Customer,61,Business Travel,Eco Plus,384,4,5,5,5,3,3,2,4,4,4,4,3,5,3.92,96,102,TRUE
Male,Loyal Customer,16,Personal Travel,Eco,2586,3,5,3,4,4,3,4,4,5,2,4,5,4,3.85,45,42,FALSE
Female,Loyal Customer,44,Business Travel,Business,2903,2,1,1,1,2,3,3,2,2,2,2,3,1,1.92,0,1,FALSE
Female,Loyal Customer,17,Business Travel,Business,3170,5,5,5,5,5,5,5,5,1,3,3,1,5,4.08,16,0,TRUE
Female,Loyal Customer,50,Business Travel,Eco,1276,2,2,2,2,4,2,3,2,2,2,2,1,1,2.08,35,49,FALSE
Female,Disloyal Customer,40,Business Travel,Business,825,4,4,4,3,5,4,5,5,5,3,4,3,5,4.15,0,4,TRUE
Male,Loyal Customer,47,Business Travel,Business,2204,5,5,5,5,4,4,4,2,2,2,2,4,3,3.62,6,0,TRUE
Female,Loyal Customer,80,Business Travel,Business,3464,1,1,1,1,2,4,4,4,4,4,4,5,4,3,0,0,TRUE
Female,Loyal Customer,38,Personal Travel,Eco,562,5,3,5,3,4,5,4,4,1,1,3,4,4,3.54,0,0,TRUE
Male,Loyal Customer,31,Personal Travel,Eco,404,5,1,5,3,3,5,3,3,4,2,4,4,3,3.46,0,0,TRUE
Male,Loyal Customer,59,Business Travel,Business,1199,4,2,2,2,5,4,4,4,4,4,4,3,1,3.31,0,15,FALSE
Female,Loyal Customer,22,Business Travel,Business,1968,4,4,4,4,4,4,4,4,1,2,3,4,4,3.54,0,0,FALSE
Female,Loyal Customer,53,Business Travel,Business,2560,5,5,5,5,5,4,5,3,3,3,3,3,3,4,0,3,TRUE
Female,Loyal Customer,56,Business Travel,Eco Plus,308,4,2,2,2,5,3,4,4,4,4,4,5,2,3.46,0,0,TRUE
Female,Loyal Customer,48,Personal Travel,Eco,362,4,4,5,3,2,4,5,3,3,5,3,5,4,3.85,0,0,FALSE
Male,Disloyal Customer,38,Business Travel,Business,1562,3,3,3,5,2,3,2,2,5,2,5,3,2,3.08,2,25,FALSE
Male,Loyal Customer,64,Personal Travel,Eco,129,1,0,1,2,1,1,1,1,3,2,5,4,1,1.77,13,9,FALSE
Male,Loyal Customer,67,Personal Travel,Eco,591,2,4,2,3,5,2,3,5,4,4,4,3,5,3.54,0,0,FALSE
Female,Loyal Customer,62,Business Travel,Business,3692,2,2,4,2,3,4,2,4,4,4,4,1,2,2.92,0,0,TRUE
Male,Loyal Customer,57,Business Travel,Business,1859,1,1,1,1,2,5,5,4,4,4,4,5,5,3.23,16,15,TRUE
Female,Disloyal Customer,27,Business Travel,Eco,986,2,1,1,3,1,2,1,1,1,5,1,1,1,1.62,24,32,FALSE
Female,Disloyal Customer,25,Business Travel,Eco,1024,1,1,1,3,5,1,5,5,1,4,4,1,5,2.85,13,11,FALSE
Female,Loyal Customer,52,Business Travel,Eco,919,3,4,4,4,3,2,2,3,3,3,3,1,1,2.77,85,72,FALSE
Female,Loyal Customer,45,Business Travel,Eco Plus,576,4,2,2,2,3,1,3,4,4,4,4,5,2,3.08,0,0,TRUE
Female,Disloyal Customer,23,Business Travel,Eco,423,3,3,3,3,1,3,1,1,2,2,3,3,1,2.23,6,13,FALSE
Male,Loyal Customer,55,Business Travel,Eco,1416,5,2,2,2,5,5,5,5,4,3,5,2,5,3.85,1,0,TRUE
Male,Loyal Customer,53,Business Travel,Business,1464,3,2,2,2,5,4,4,3,3,3,3,3,3,3.08,0,0,FALSE
Female,Loyal Customer,9,Personal Travel,Eco,715,4,4,4,3,1,4,1,1,5,4,4,4,1,3.08,11,4,TRUE
Male,Loyal Customer,33,Business Travel,Business,541,2,2,3,2,4,4,4,4,5,2,5,3,4,3.38,86,85,TRUE
Male,Disloyal Customer,64,Business Travel,Business,293,3,3,3,3,3,3,3,3,4,4,4,4,3,3.31,3,0,FALSE
Female,Disloyal Customer,8,Business Travel,Eco,2092,2,3,3,3,4,2,4,4,4,3,3,3,4,3.23,26,23,FALSE
Male,Loyal Customer,34,Personal Travel,Eco,1053,4,4,4,1,3,4,3,3,3,2,5,3,3,3.23,34,15,FALSE
Male,Loyal Customer,59,Personal Travel,Eco,2521,1,1,1,3,1,3,5,2,3,3,2,5,5,2.69,0,2,FALSE
Female,Loyal Customer,13,Business Travel,Business,2544,3,1,3,3,3,3,3,3,4,3,4,3,3,3,0,0,FALSE
Male,Loyal Customer,44,Personal Travel,Eco,158,4,4,4,2,2,4,2,2,2,5,1,4,2,2.92,0,0,FALSE
Male,Loyal Customer,54,Business Travel,Business,1741,1,1,1,1,4,4,5,4,4,4,4,4,3,3.08,0,0,TRUE
Male,Loyal Customer,36,Business Travel,Business,2651,4,4,4,4,3,4,4,5,5,5,5,5,3,4.23,10,0,TRUE
Female,Loyal Customer,11,Personal Travel,Eco,760,3,5,3,1,5,3,5,5,3,5,5,4,5,4,102,88,FALSE
Female,Loyal Customer,32,Personal Travel,Eco,1036,1,5,1,2,5,1,5,5,5,5,5,5,5,3.85,12,9,FALSE
Male,Loyal Customer,42,Business Travel,Eco,2586,1,3,3,3,1,1,1,3,5,2,3,1,1,2.15,0,0,FALSE
Female,Disloyal Customer,27,Business Travel,Eco,1081,1,1,1,4,2,1,2,2,1,5,3,3,2,2.15,4,0,FALSE
Male,Loyal Customer,33,Personal Travel,Eco,646,2,4,2,3,3,2,3,3,4,1,3,2,3,2.69,1,0,FALSE
Female,Loyal Customer,28,Business Travel,Business,308,1,3,3,3,1,1,1,1,3,3,3,3,1,2.08,0,0,FALSE
Male,Loyal Customer,44,Personal Travel,Eco,227,4,5,0,1,2,0,2,2,3,4,4,5,2,2.62,0,0,TRUE
Male,Disloyal Customer,49,Business Travel,Eco,1754,3,3,3,3,4,3,5,4,1,4,3,4,4,3.38,33,28,FALSE
Male,Loyal Customer,59,Business Travel,Business,2176,2,3,2,2,3,5,2,5,5,5,5,4,4,3.62,5,0,TRUE
Male,Disloyal Customer,20,Business Travel,Business,271,0,0,0,1,1,0,1,1,5,4,4,4,1,1.69,0,0,TRUE
Female,Loyal Customer,46,Business Travel,Business,1522,3,2,3,3,3,5,4,4,4,4,4,3,5,3.62,0,0,TRUE
Male,Loyal Customer,36,Business Travel,Eco,325,5,5,5,5,5,5,5,5,1,5,3,1,5,4.23,0,0,TRUE
Female,Loyal Customer,62,Business Travel,Business,3217,2,2,2,2,5,4,4,4,4,4,4,4,5,3.54,19,16,TRUE
Male,Loyal Customer,59,Business Travel,Business,1491,3,3,3,3,2,4,4,3,3,2,3,4,3,3.08,15,14,TRUE
Female,Loyal Customer,29,Personal Travel,Eco,331,3,4,3,4,3,3,3,3,5,4,2,2,3,3.23,0,0,FALSE
Female,Disloyal Customer,41,Business Travel,Business,371,2,2,2,1,1,2,1,1,4,4,2,1,1,1.85,35,30,FALSE
Male,Loyal Customer,7,Personal Travel,Eco,727,1,5,1,3,4,1,4,4,4,1,1,5,4,2.92,0,0,FALSE
Female,Loyal Customer,65,Personal Travel,Business,1249,3,5,3,2,4,4,4,3,3,3,3,4,5,3.54,40,44,FALSE
Male,Loyal Customer,50,Business Travel,Business,2614,2,2,2,2,5,4,4,2,4,4,2,4,4,3.15,0,9,TRUE
Female,Loyal Customer,20,Business Travel,Eco,951,2,3,3,3,2,2,4,2,3,5,3,1,2,2.69,57,41,FALSE
Female,Loyal Customer,58,Business Travel,Business,2498,3,3,3,3,4,4,4,5,5,5,5,4,3,3.92,0,0,TRUE
Female,Loyal Customer,45,Personal Travel,Eco Plus,545,2,5,2,2,4,1,1,2,2,2,4,4,3,2.62,14,20,FALSE
Male,Loyal Customer,46,Personal Travel,Eco Plus,1838,1,5,1,3,5,1,5,5,3,2,5,4,5,3.46,0,0,FALSE
Female,Loyal Customer,43,Business Travel,Business,3724,3,3,3,3,4,4,5,5,5,5,5,4,3,4,19,7,TRUE
Male,Disloyal Customer,26,Business Travel,Business,280,2,2,2,2,2,2,2,2,2,3,2,2,2,2.08,0,6,FALSE
Male,Loyal Customer,41,Business Travel,Eco Plus,641,5,1,1,1,5,5,5,5,3,4,3,5,5,3.69,0,0,TRUE
Female,Loyal Customer,50,Personal Travel,Eco,488,3,5,3,1,3,4,5,5,5,3,5,5,3,3.85,0,0,FALSE
Male,Loyal Customer,38,Personal Travel,Business,1237,3,4,3,1,4,3,4,5,5,3,5,5,5,3.85,6,0,FALSE
Female,Disloyal Customer,38,Business Travel,Eco,1062,1,1,1,2,3,1,3,3,4,1,4,5,3,2.46,0,0,FALSE
Female,Loyal Customer,55,Business Travel,Business,2699,2,2,2,2,2,5,4,3,3,3,3,4,4,3,0,3,TRUE
Female,Loyal Customer,49,Business Travel,Business,679,1,1,1,1,2,5,4,4,4,4,4,2,1,2.62,51,71,TRUE
Male,Disloyal Customer,33,Business Travel,Business,423,4,4,4,3,4,4,4,4,3,2,4,5,4,3.77,0,5,FALSE
Female,Loyal Customer,57,Business Travel,Business,4817,4,4,4,4,5,5,5,3,3,4,4,5,5,4.23,0,19,TRUE
Female,Loyal Customer,35,Business Travel,Business,3833,3,3,3,3,3,2,3,5,5,5,5,4,4,3.69,0,3,TRUE
Female,Loyal Customer,40,Business Travel,Business,2559,5,5,5,5,3,5,5,4,4,4,4,3,3,4.23,0,0,TRUE
Female,Disloyal Customer,37,Business Travel,Eco Plus,373,4,4,4,4,3,4,3,3,4,4,1,1,3,3.23,0,0,FALSE
Female,Loyal Customer,52,Personal Travel,Eco,2279,2,5,2,3,2,4,2,5,3,4,5,2,2,3.15,17,79,FALSE
Male,Loyal Customer,41,Business Travel,Eco,862,2,2,2,2,2,2,2,2,3,5,2,3,2,2.38,0,0,TRUE
Female,Loyal Customer,14,Personal Travel,Eco,666,3,3,3,2,3,1,1,4,2,1,5,1,1,2.31,243,251,FALSE
Female,Loyal Customer,32,Business Travel,Business,759,2,2,2,2,5,4,5,5,3,5,4,4,5,3.69,0,0,TRUE
Male,Loyal Customer,11,Personal Travel,Eco,2338,2,4,2,3,2,1,1,3,2,4,5,1,1,2.38,152,151,FALSE
Male,Loyal Customer,12,Personal Travel,Eco,946,1,3,1,5,2,1,2,2,1,3,2,2,2,2.08,0,0,FALSE
Male,Loyal Customer,41,Business Travel,Eco,772,4,3,3,3,4,4,4,4,2,1,4,4,4,3.38,0,0,TRUE
Female,Disloyal Customer,45,Business Travel,Business,1011,3,2,2,5,4,3,4,4,4,3,4,4,4,3.54,0,0,FALSE
Male,Disloyal Customer,21,Business Travel,Eco,257,2,0,2,4,5,2,1,5,1,5,1,4,5,2.85,0,1,FALSE
Female,Loyal Customer,31,Business Travel,Eco,164,2,3,3,3,2,2,2,2,3,3,3,1,2,2.38,0,0,FALSE
Male,Loyal Customer,38,Business Travel,Eco,166,4,3,2,3,4,4,4,4,5,5,4,4,4,3.85,17,17,TRUE
Male,Loyal Customer,40,Business Travel,Business,2280,4,4,4,4,3,5,5,5,5,5,5,4,5,4.46,19,38,TRUE
Male,Loyal Customer,13,Personal Travel,Eco,590,5,4,5,2,5,5,5,5,4,4,4,4,5,4.38,0,0,TRUE
Female,Loyal Customer,44,Business Travel,Business,1597,2,2,2,2,3,4,4,2,2,2,2,5,4,2.77,0,5,TRUE
Female,Loyal Customer,66,Business Travel,Business,2264,3,5,4,5,5,4,4,3,3,3,3,2,4,3.69,0,0,FALSE
Female,Loyal Customer,30,Business Travel,Eco Plus,814,5,5,5,5,5,5,5,5,3,2,1,2,5,4.08,0,0,TRUE
Male,Loyal Customer,44,Personal Travel,Eco,1024,3,1,3,3,4,3,4,4,1,1,4,3,4,2.92,2,0,FALSE
Female,Loyal Customer,53,Business Travel,Business,3276,0,5,0,4,4,5,4,3,3,3,3,5,5,3.38,0,0,TRUE
Female,Loyal Customer,37,Business Travel,Business,2567,2,2,4,2,4,4,4,5,5,5,5,3,5,3.85,0,12,TRUE
Female,Loyal Customer,39,Personal Travel,Eco,889,2,5,2,3,3,2,3,3,3,3,4,3,3,3,38,30,FALSE
Male,Disloyal Customer,29,Business Travel,Business,1009,2,2,2,4,3,2,3,3,3,5,4,5,3,3.15,0,0,FALSE
Male,Loyal Customer,38,Business Travel,Eco,198,4,5,5,5,4,4,4,4,3,4,4,4,4,4.15,42,65,FALSE
Male,Loyal Customer,59,Business Travel,Business,1598,3,3,3,3,4,3,4,5,5,5,5,3,5,3.92,0,0,TRUE
Male,Loyal Customer,19,Personal Travel,Eco,873,1,0,1,3,4,1,4,4,3,4,4,3,4,2.77,57,65,FALSE
Female,Loyal Customer,39,Business Travel,Business,1399,4,4,2,4,4,4,5,5,5,5,5,3,5,4.23,16,4,TRUE
Male,Loyal Customer,22,Personal Travel,Eco,1145,3,5,3,1,4,3,4,4,5,2,4,5,4,3.62,0,10,FALSE
Male,Loyal Customer,50,Personal Travel,Eco Plus,282,0,4,0,5,4,0,3,4,4,4,4,3,4,3,18,10,TRUE
Male,Loyal Customer,22,Business Travel,Eco,1076,5,1,1,1,5,5,5,5,3,1,2,2,5,3.15,47,62,TRUE
Male,Loyal Customer,56,Business Travel,Business,3927,4,4,4,4,5,5,5,4,4,4,4,4,4,4.23,0,1,TRUE
Male,Loyal Customer,39,Personal Travel,Eco,507,3,5,4,2,4,4,4,4,5,5,4,3,4,3.92,0,0,FALSE
Male,Loyal Customer,29,Personal Travel,Eco,325,4,3,4,4,5,4,5,5,2,5,4,3,5,4.08,0,0,TRUE
Male,Loyal Customer,42,Business Travel,Business,3404,5,5,5,5,3,5,4,5,5,5,5,3,3,4.46,8,0,TRUE
Male,Loyal Customer,56,Business Travel,Business,2387,4,4,4,4,2,5,4,3,3,4,3,4,3,3.62,33,21,TRUE
Male,Loyal Customer,27,Business Travel,Business,192,3,3,3,3,4,4,3,4,2,3,2,1,4,3,0,1,TRUE
Female,Disloyal Customer,21,Business Travel,Eco,972,2,2,2,3,4,2,4,4,5,4,5,3,4,3.38,0,0,FALSE
Female,Loyal Customer,42,Business Travel,Business,362,1,1,1,1,4,5,4,5,5,4,5,4,5,3.46,0,17,TRUE
Female,Loyal Customer,48,Business Travel,Business,1587,1,1,1,1,5,4,5,4,4,4,4,4,3,3.15,60,68,TRUE
Male,Loyal Customer,53,Business Travel,Business,2611,4,5,4,4,4,3,5,4,4,4,4,3,4,4,0,0,TRUE
Female,Loyal Customer,64,Personal Travel,Eco,651,4,5,4,4,2,4,4,2,2,4,2,3,5,3.46,0,0,FALSE
Female,Loyal Customer,49,Personal Travel,Eco,342,3,4,3,2,4,4,4,4,4,3,4,3,5,3.62,0,0,FALSE
Female,Loyal Customer,49,Business Travel,Business,1625,5,5,5,5,4,4,4,5,5,5,5,4,5,4.69,0,4,TRUE
Male,Loyal Customer,23,Personal Travel,Eco Plus,361,2,4,3,2,3,3,3,3,5,5,4,4,3,3.38,0,0,FALSE
Male,Loyal Customer,50,Business Travel,Business,3511,3,5,3,5,1,1,1,3,3,3,3,4,3,2.92,0,29,FALSE
Male,Loyal Customer,51,Personal Travel,Eco Plus,927,1,4,1,3,2,1,5,2,3,5,4,4,2,2.85,0,0,FALSE
Male,Loyal Customer,34,Business Travel,Business,3666,4,4,4,4,5,4,5,5,5,5,5,3,3,4.31,0,0,TRUE
Female,Loyal Customer,49,Business Travel,Business,1187,1,1,1,1,3,5,4,3,3,3,3,4,3,2.69,33,40,TRUE
Female,Loyal Customer,56,Business Travel,Eco,106,5,2,2,2,4,1,2,5,5,5,5,4,3,3.46,11,4,TRUE
Male,Loyal Customer,46,Business Travel,Business,235,2,2,2,2,3,5,4,4,4,4,4,3,3,3.23,24,24,TRUE
Male,Loyal Customer,25,Personal Travel,Eco,965,2,5,2,1,2,2,2,2,4,4,4,4,2,2.77,0,0,FALSE
Female,Loyal Customer,68,Personal Travel,Eco Plus,936,3,4,3,1,4,4,5,5,5,3,5,4,4,3.85,0,0,FALSE
Female,Loyal Customer,10,Personal Travel,Eco,1558,2,4,2,2,1,2,1,1,3,2,3,4,1,2.15,91,93,FALSE
Female,Loyal Customer,44,Business Travel,Eco,222,4,1,1,1,2,5,5,3,3,4,3,4,3,3,0,0,TRUE
Male,Loyal Customer,61,Personal Travel,Business,680,4,4,4,1,3,4,4,1,1,4,2,4,3,3,2,0,FALSE
Female,Loyal Customer,18,Personal Travel,Eco Plus,641,3,4,3,1,4,3,1,4,2,1,1,2,4,2.54,13,1,FALSE
Female,Loyal Customer,58,Business Travel,Business,3065,0,5,0,3,4,4,4,2,2,2,2,4,3,2.69,0,0,TRUE
Female,Loyal Customer,58,Business Travel,Business,3736,2,1,1,1,2,2,2,2,2,3,2,2,3,1.92,52,41,FALSE
Male,Loyal Customer,64,Personal Travel,Eco,1024,4,4,4,2,4,4,4,4,3,2,5,5,4,3.77,12,5,FALSE
Male,Loyal Customer,66,Personal Travel,Business,685,2,4,2,1,5,4,5,3,3,2,3,5,4,3.31,0,0,FALSE
Female,Disloyal Customer,21,Business Travel,Business,296,4,0,4,4,4,4,5,4,4,3,5,4,4,3.77,19,12,TRUE
Male,Loyal Customer,39,Business Travel,Business,337,4,4,4,4,2,5,4,5,5,5,5,4,4,4.23,5,0,TRUE
Male,Loyal Customer,50,Business Travel,Business,1363,2,2,2,2,2,2,2,3,5,4,4,2,2,2.62,238,232,TRUE
Female,Loyal Customer,43,Business Travel,Eco Plus,189,1,2,2,2,4,3,3,1,1,1,1,4,2,2.08,13,11,FALSE
Male,Loyal Customer,41,Business Travel,Business,1620,4,4,4,4,4,5,5,2,2,2,2,5,5,3.69,7,0,TRUE
Male,Loyal Customer,46,Business Travel,Eco,552,4,4,4,4,4,4,4,4,3,3,2,2,4,3.54,4,0,TRUE
Male,Loyal Customer,41,Business Travel,Business,1616,4,4,4,4,5,5,5,4,4,5,4,3,5,4.31,2,6,TRUE
Female,Loyal Customer,31,Business Travel,Eco,646,3,4,5,5,3,3,3,3,1,5,4,4,3,3.54,0,0,FALSE
Female,Loyal Customer,53,Personal Travel,Eco,404,4,4,4,4,5,4,5,3,3,4,5,5,5,4.23,21,13,FALSE
Female,Loyal Customer,39,Business Travel,Business,3601,2,2,2,2,4,5,2,4,4,4,4,1,3,3,0,0,TRUE
Female,Loyal Customer,53,Business Travel,Business,635,2,2,2,2,5,5,5,1,1,2,3,5,5,3.08,150,156,TRUE
Male,Loyal Customer,25,Business Travel,Eco,646,4,5,5,5,4,4,4,4,3,4,5,5,4,4.31,13,4,TRUE
Female,Disloyal Customer,20,Business Travel,Eco,317,3,4,3,3,3,3,3,3,4,1,3,4,3,3.08,23,14,FALSE
Male,Disloyal Customer,46,Business Travel,Eco,1892,3,3,3,3,2,3,2,2,3,4,4,4,2,2.92,0,0,FALSE
Male,Loyal Customer,10,Personal Travel,Eco,612,3,4,2,3,1,2,1,1,2,5,3,5,1,2.54,0,0,FALSE
Female,Loyal Customer,47,Business Travel,Business,2609,3,3,3,3,5,4,5,4,4,4,4,5,5,4,0,0,TRUE
Male,Loyal Customer,32,Personal Travel,Eco,1357,3,3,2,3,5,2,5,5,2,5,4,4,5,3.69,4,0,FALSE
Female,Loyal Customer,14,Personal Travel,Eco,237,2,4,2,4,2,2,2,2,3,5,5,4,2,3,3,12,FALSE
Female,Loyal Customer,16,Business Travel,Business,2442,2,2,2,2,4,4,4,4,3,3,3,5,4,3.23,0,0,TRUE
Female,Loyal Customer,53,Personal Travel,Eco,950,1,5,0,4,2,5,4,1,1,0,1,4,3,2.38,0,0,FALSE
Male,Loyal Customer,55,Business Travel,Business,2896,1,1,1,1,3,5,5,5,5,5,5,4,3,3.38,2,0,TRUE
Female,Loyal Customer,28,Business Travel,Business,1537,2,2,2,2,5,5,5,5,5,3,5,4,5,3.85,0,0,TRUE
Female,Loyal Customer,49,Personal Travel,Eco,197,2,3,2,4,4,4,3,3,3,2,2,3,1,2.77,3,0,FALSE
Male,Loyal Customer,54,Personal Travel,Eco Plus,789,1,4,1,3,1,1,1,1,4,3,5,5,1,2.38,0,0,FALSE
Female,Loyal Customer,70,Personal Travel,Eco,541,3,4,3,4,4,5,4,5,5,3,3,5,5,4.08,0,0,FALSE
Female,Disloyal Customer,25,Business Travel,Eco,782,2,2,2,4,1,2,1,1,3,4,4,4,1,2.38,9,19,FALSE
Female,Loyal Customer,48,Business Travel,Business,951,1,1,1,1,5,4,5,3,3,3,3,5,3,2.92,0,0,TRUE
Male,Loyal Customer,7,Personal Travel,Eco,563,2,4,2,2,2,2,2,2,5,3,5,5,2,2.92,0,0,FALSE
Male,Loyal Customer,39,Business Travel,Eco,109,3,3,3,3,3,3,3,3,3,2,3,3,3,2.92,0,5,FALSE
Male,Loyal Customer,79,Business Travel,Eco,414,2,1,1,1,2,2,2,2,1,2,3,1,2,1.69,1,0,FALSE
Female,Disloyal Customer,28,Business Travel,Business,502,4,4,4,3,5,4,5,5,4,3,5,3,5,4.15,0,0,FALSE
Male,Loyal Customer,41,Business Travel,Business,990,4,4,4,4,4,4,5,4,4,4,4,3,3,3.92,37,38,TRUE
Female,Disloyal Customer,27,Business Travel,Eco Plus,1192,1,1,1,4,1,1,1,1,1,4,4,4,1,1.92,0,32,FALSE
Female,Loyal Customer,59,Business Travel,Business,2869,5,5,5,5,3,5,4,5,5,5,5,5,3,4.62,0,1,TRUE
Female,Loyal Customer,21,Personal Travel,Eco,401,3,2,5,3,5,5,5,5,3,2,3,4,5,3.85,71,117,FALSE
Male,Loyal Customer,48,Business Travel,Eco,425,5,4,4,4,5,5,5,5,4,3,1,5,5,4.23,0,0,TRUE
Male,Loyal Customer,53,Business Travel,Eco,1095,3,5,5,5,3,3,3,3,1,1,3,3,3,3.15,0,0,FALSE
Female,Loyal Customer,42,Business Travel,Business,1609,2,4,1,4,2,2,3,2,2,2,2,2,1,2.23,12,0,FALSE
Female,Disloyal Customer,48,Business Travel,Eco,1310,1,1,1,4,1,1,1,1,2,5,4,2,1,1.92,52,27,FALSE
Male,Loyal Customer,59,Personal Travel,Eco,946,4,2,3,2,1,3,1,1,4,1,3,3,1,2.23,0,0,TRUE
Female,Loyal Customer,53,Business Travel,Business,3804,2,2,2,2,5,4,4,5,5,5,5,5,3,3.77,0,0,TRUE
Male,Loyal Customer,24,Personal Travel,Eco,125,2,4,0,4,2,0,3,2,2,2,4,1,2,2.15,47,94,FALSE
Male,Loyal Customer,56,Personal Travel,Eco,429,2,1,2,3,3,2,3,3,1,4,3,3,3,2.54,35,29,FALSE
Female,Loyal Customer,42,Business Travel,Business,3004,5,5,3,5,3,5,5,5,5,5,5,5,4,4.62,5,14,TRUE
Female,Disloyal Customer,24,Business Travel,Eco,1455,2,2,2,3,2,4,4,2,4,4,1,4,4,2.92,0,0,FALSE
Male,Loyal Customer,28,Business Travel,Business,833,3,3,3,3,2,2,2,2,1,1,3,4,2,2.38,0,0,TRUE
Female,Loyal Customer,17,Personal Travel,Eco,1892,1,1,1,2,1,1,2,1,2,4,2,2,1,1.62,0,0,FALSE
Male,Loyal Customer,31,Business Travel,Eco Plus,789,2,4,4,4,2,1,2,2,1,4,4,3,2,2.69,0,0,FALSE
Male,Loyal Customer,60,Business Travel,Business,2254,3,3,5,3,4,4,4,4,4,4,4,4,4,3.85,2,0,TRUE
Male,Disloyal Customer,39,Business Travel,Business,444,4,4,4,3,1,4,1,1,5,2,5,4,1,3,12,16,TRUE
Female,Loyal Customer,47,Business Travel,Eco,522,4,5,5,5,3,2,1,4,4,4,4,2,2,3.46,40,26,TRUE
Male,Loyal Customer,60,Business Travel,Eco,283,3,4,4,4,3,3,3,3,2,2,4,2,3,3.08,20,16,FALSE
Male,Loyal Customer,13,Business Travel,Business,1529,5,5,3,5,4,4,4,4,4,4,5,3,4,4.15,0,0,TRUE
Male,Disloyal Customer,29,Business Travel,Business,1099,1,1,1,2,3,1,5,3,1,4,2,1,3,2.15,51,51,FALSE
Female,Loyal Customer,45,Business Travel,Business,2580,5,5,5,5,2,4,4,5,5,5,5,5,5,4.62,0,0,TRUE
Male,Loyal Customer,44,Business Travel,Business,1262,1,1,3,1,3,5,5,4,4,4,4,5,4,3.38,0,0,TRUE
Female,Loyal Customer,50,Business Travel,Eco,109,5,1,1,1,4,5,1,5,5,5,5,3,2,3.31,0,11,TRUE
Female,Loyal Customer,26,Personal Travel,Eco,271,3,0,3,5,5,3,5,5,4,3,5,5,5,3.92,100,93,FALSE
Female,Loyal Customer,27,Business Travel,Business,2777,5,5,5,5,5,5,5,5,4,1,3,3,5,4.31,2,0,TRUE
Male,Loyal Customer,16,Business Travel,Business,2865,2,2,2,2,5,5,5,5,3,2,3,4,5,3.46,2,0,TRUE
Female,Disloyal Customer,24,Business Travel,Eco,920,4,4,4,4,3,4,3,3,4,3,4,4,3,3.62,0,0,FALSE
Male,Disloyal Customer,34,Business Travel,Business,414,3,3,3,1,1,3,1,1,5,4,5,4,1,2.69,2,0,FALSE
Female,Loyal Customer,30,Business Travel,Business,2154,3,3,3,3,5,5,5,5,1,1,4,2,5,3.46,0,0,TRUE
Male,Loyal Customer,50,Business Travel,Eco,2349,4,3,3,3,4,4,4,4,1,2,4,3,4,3.31,0,0,TRUE
Male,Disloyal Customer,21,Business Travel,Eco,1773,3,3,3,4,4,3,4,4,3,5,4,3,4,3.62,0,0,FALSE
Male,Loyal Customer,61,Personal Travel,Eco,802,1,3,1,3,4,1,4,4,1,2,3,2,4,2.54,0,0,FALSE
Female,Loyal Customer,32,Business Travel,Business,192,3,2,2,2,3,3,3,3,4,5,3,4,3,3.08,0,0,FALSE
Female,Loyal Customer,22,Personal Travel,Eco Plus,937,2,5,3,2,1,3,1,1,1,4,4,4,1,2.46,0,0,FALSE
Male,Loyal Customer,46,Business Travel,Business,1050,1,0,0,4,2,4,3,4,4,0,4,3,2,2.38,0,0,FALSE
Female,Disloyal Customer,15,Business Travel,Eco,370,3,2,2,4,4,2,3,4,3,3,3,1,4,2.92,3,8,FALSE
Female,Loyal Customer,29,Personal Travel,Eco,413,3,1,3,4,1,3,1,1,1,3,4,3,1,2.23,7,14,FALSE
Female,Loyal Customer,12,Personal Travel,Eco,372,4,5,4,4,5,4,5,5,4,5,4,3,5,4.38,89,88,FALSE
Male,Disloyal Customer,50,Business Travel,Business,641,2,2,2,3,1,2,1,1,3,2,5,4,1,2.23,7,17,FALSE
Male,Loyal Customer,54,Business Travel,Eco,528,2,3,1,3,2,2,2,2,1,4,3,2,2,2.23,0,0,FALSE
Male,Loyal Customer,69,Personal Travel,Eco,989,1,4,1,1,5,1,5,5,3,2,4,4,5,3.15,6,3,FALSE
Male,Loyal Customer,38,Personal Travel,Eco,920,1,2,1,3,3,1,3,3,2,4,4,2,3,2.46,0,0,FALSE
Female,Disloyal Customer,25,Business Travel,Eco Plus,853,1,1,1,4,4,1,4,4,3,2,4,3,4,2.77,0,0,FALSE
Male,Loyal Customer,26,Business Travel,Eco,352,3,5,5,5,3,3,1,3,4,3,4,2,3,3.38,108,99,FALSE
Female,Loyal Customer,53,Business Travel,Business,2690,3,3,3,3,5,5,5,3,3,4,3,3,5,3.69,0,0,TRUE
Male,Loyal Customer,47,Business Travel,Business,1846,2,2,2,2,5,4,4,4,4,4,4,4,5,3.54,62,55,TRUE
Male,Loyal Customer,42,Business Travel,Business,2475,1,1,1,1,5,4,4,5,5,5,5,5,3,3.46,0,0,TRUE
Male,Disloyal Customer,19,Business Travel,Eco,461,3,3,3,4,3,5,4,4,5,4,4,4,4,3.85,141,121,FALSE
Male,Loyal Customer,63,Personal Travel,Eco,622,3,5,3,2,3,3,3,3,4,2,5,5,3,3.38,10,11,FALSE
Male,Disloyal Customer,18,Business Travel,Eco,533,3,5,3,4,2,3,3,2,5,4,5,5,2,3.54,0,0,FALSE
Male,Loyal Customer,52,Personal Travel,Eco,125,3,5,3,2,3,3,2,3,3,5,2,1,3,2.92,0,0,FALSE
Male,Loyal Customer,60,Business Travel,Eco Plus,1464,3,2,2,2,3,3,3,3,4,3,4,4,3,3,0,3,FALSE
Male,Loyal Customer,38,Business Travel,Business,2355,2,2,2,2,3,4,3,5,5,5,5,1,3,3.23,24,0,TRUE
Male,Loyal Customer,41,Business Travel,Eco,77,5,1,1,1,5,5,5,5,2,2,2,1,5,3.08,0,0,TRUE
Male,Loyal Customer,41,Business Travel,Business,2563,2,2,2,2,3,5,4,3,3,4,3,3,3,3,0,0,TRUE
Female,Disloyal Customer,15,Business Travel,Eco,986,2,2,2,5,1,2,1,1,5,5,5,5,1,2.85,0,6,FALSE
Female,Loyal Customer,49,Business Travel,Eco,1750,1,5,5,5,1,1,1,4,2,2,4,1,1,2.54,132,117,FALSE
Male,Loyal Customer,18,Personal Travel,Eco,793,4,4,4,5,3,4,4,3,3,4,5,4,3,3.85,91,71,TRUE
Female,Loyal Customer,39,Business Travel,Eco,229,5,5,5,5,5,5,5,5,2,3,5,3,5,4.46,0,0,TRUE
Female,Loyal Customer,25,Business Travel,Business,1874,2,3,1,1,2,2,2,2,2,2,4,4,2,2.23,0,0,FALSE
Male,Disloyal Customer,28,Business Travel,Business,319,5,5,5,3,4,5,5,4,5,4,4,3,4,4.31,0,0,TRUE
Female,Loyal Customer,37,Business Travel,Business,2571,3,3,3,3,5,4,5,5,5,5,5,4,5,4.23,0,0,TRUE
Female,Loyal Customer,31,Personal Travel,Eco,261,3,4,3,4,3,3,3,3,1,5,4,2,3,3.15,87,75,FALSE
Female,Loyal Customer,32,Personal Travel,Eco,557,3,4,3,3,3,3,3,3,5,3,4,4,3,3.38,81,63,FALSE
Female,Disloyal Customer,25,Business Travel,Eco,196,2,4,2,4,5,2,5,5,5,4,5,5,5,4.08,0,5,FALSE
Male,Loyal Customer,55,Business Travel,Business,3934,3,3,3,3,5,5,5,4,4,4,4,4,3,3.85,0,0,TRUE
Male,Loyal Customer,51,Business Travel,Business,2704,4,4,4,4,5,5,5,3,4,3,4,5,5,4.23,60,75,TRUE
Female,Loyal Customer,40,Business Travel,Business,2334,0,4,1,2,4,1,3,5,5,5,5,3,2,3.08,0,0,TRUE
Male,Loyal Customer,25,Business Travel,Business,3848,1,2,1,1,4,4,4,4,1,5,2,1,4,2.62,0,0,TRUE
Female,Loyal Customer,70,Personal Travel,Eco,409,3,5,3,3,2,4,5,5,5,3,1,3,3,3.46,0,14,FALSE
Female,Loyal Customer,55,Business Travel,Eco,907,2,3,3,3,4,4,3,2,2,2,2,1,3,2.62,19,11,FALSE
Male,Loyal Customer,53,Personal Travel,Eco,262,1,5,1,1,5,1,5,5,3,1,1,3,5,2.85,70,55,FALSE
Male,Loyal Customer,73,Business Travel,Business,2141,1,1,1,1,3,4,3,2,2,2,1,3,4,2.15,0,0,FALSE
Female,Loyal Customer,32,Business Travel,Eco Plus,859,0,0,0,3,3,0,2,3,3,3,4,5,3,2.23,0,0,TRUE
Male,Loyal Customer,30,Personal Travel,Eco Plus,237,1,1,1,2,4,1,5,4,1,4,3,4,4,2.69,0,0,FALSE
Male,Loyal Customer,19,Personal Travel,Eco,308,1,4,4,3,5,4,5,5,4,5,5,3,5,4.08,91,92,FALSE
Male,Loyal Customer,33,Business Travel,Business,3679,2,2,2,2,5,5,5,5,3,3,5,2,5,3.54,0,0,TRUE
Female,Loyal Customer,13,Personal Travel,Eco,501,3,4,3,4,2,3,2,2,4,3,5,4,2,3.15,0,0,FALSE
Male,Loyal Customer,53,Business Travel,Eco Plus,550,3,4,4,4,3,3,3,3,5,1,3,4,3,3.31,0,0,TRUE
Female,Disloyal Customer,31,Business Travel,Eco,1118,1,1,1,4,2,1,2,2,3,5,4,4,2,2.46,0,20,FALSE
Male,Loyal Customer,62,Business Travel,Business,3179,1,1,1,1,4,3,4,4,4,4,4,4,4,3,0,0,TRUE
Male,Loyal Customer,29,Personal Travel,Eco,1085,4,4,3,5,2,3,2,2,4,5,4,3,2,3.31,8,11,FALSE
Male,Loyal Customer,57,Business Travel,Business,2807,1,1,1,1,2,4,4,5,5,5,5,4,4,3.23,0,7,TRUE
Male,Loyal Customer,34,Business Travel,Business,3802,0,0,0,4,3,4,1,2,2,2,2,2,2,1.85,0,0,TRUE
Male,Disloyal Customer,45,Business Travel,Eco,926,3,3,3,4,5,3,2,5,3,2,3,4,5,3.46,26,44,FALSE
Female,Loyal Customer,65,Personal Travel,Eco,192,1,2,1,3,5,4,3,2,2,1,2,2,3,2.38,0,0,FALSE
Female,Loyal Customer,48,Business Travel,Business,235,2,5,5,5,2,4,3,2,2,2,2,3,4,3.15,0,0,FALSE
Female,Loyal Customer,8,Personal Travel,Eco,733,4,2,4,2,3,4,3,3,1,1,1,4,3,2.69,0,0,FALSE
Male,Loyal Customer,36,Personal Travel,Eco,814,1,0,1,2,5,1,5,5,4,5,5,1,5,3.08,32,12,FALSE
Female,Loyal Customer,48,Business Travel,Business,2075,4,4,4,4,3,4,4,4,4,4,4,3,4,3.85,0,0,TRUE
Female,Loyal Customer,10,Personal Travel,Eco,2338,3,4,3,3,5,3,5,5,3,2,4,5,5,3.85,1,0,FALSE
Male,Disloyal Customer,24,Business Travel,Eco,834,4,4,4,4,5,4,5,5,1,2,5,3,5,3.92,14,0,TRUE
Male,Loyal Customer,52,Business Travel,Business,1778,4,4,4,4,2,5,4,3,3,3,3,5,5,3.77,4,7,TRUE
Male,Disloyal Customer,43,Business Travel,Eco,1052,3,4,4,3,4,4,4,4,3,3,2,3,4,3.46,0,0,FALSE
Female,Loyal Customer,21,Business Travel,Business,657,2,2,2,2,5,5,5,5,5,2,4,5,5,3.77,6,0,TRUE
Female,Disloyal Customer,24,Business Travel,Eco,577,3,3,3,3,2,3,2,2,2,3,3,4,2,2.69,0,0,FALSE
Male,Disloyal Customer,40,Business Travel,Business,449,4,4,4,2,3,4,3,3,5,4,4,4,3,3.62,4,0,TRUE
Female,Loyal Customer,8,Personal Travel,Eco,237,1,5,1,1,2,1,3,2,5,2,4,3,2,2.46,0,0,FALSE
Female,Loyal Customer,40,Business Travel,Business,544,4,4,4,4,4,4,4,4,4,4,4,4,5,4.08,0,0,TRUE
Male,Loyal Customer,41,Business Travel,Business,2556,4,4,4,4,4,3,4,5,5,5,5,4,4,4.23,0,0,TRUE
Female,Loyal Customer,67,Personal Travel,Eco Plus,2475,4,4,4,4,3,3,4,5,5,4,5,4,4,4.08,0,0,FALSE
Male,Loyal Customer,40,Business Travel,Business,3034,2,2,3,2,4,5,5,4,4,4,4,4,4,3.62,8,28,TRUE
Female,Loyal Customer,51,Business Travel,Business,366,1,1,1,1,3,4,4,4,4,5,4,5,4,3.15,0,0,TRUE
Female,Loyal Customer,59,Business Travel,Business,956,2,1,1,1,5,3,3,2,2,2,2,4,1,2.23,1,13,FALSE
Male,Loyal Customer,29,Business Travel,Business,2218,3,3,2,3,3,3,3,3,4,3,5,4,3,3.23,0,0,TRUE
Male,Loyal Customer,70,Personal Travel,Eco,456,0,1,0,4,4,0,4,4,1,4,4,4,4,2.62,19,45,TRUE
Male,Loyal Customer,12,Personal Travel,Eco Plus,1892,4,1,4,2,5,4,5,5,2,3,2,1,5,3.31,28,45,FALSE
Male,Disloyal Customer,26,Business Travel,Business,1262,0,0,0,3,4,0,3,4,4,2,4,5,4,2.54,9,0,TRUE
Male,Loyal Customer,41,Business Travel,Business,3423,3,3,3,3,4,2,4,5,5,5,5,4,1,3.62,0,0,TRUE
Male,Loyal Customer,60,Business Travel,Business,493,4,4,4,4,2,4,5,3,3,3,3,3,3,3.46,0,0,TRUE
Male,Loyal Customer,39,Personal Travel,Eco,163,3,5,3,1,1,3,1,1,4,2,5,3,1,2.54,0,0,FALSE
Female,Loyal Customer,68,Personal Travel,Eco,1117,3,2,3,3,3,3,3,5,5,3,5,2,4,3.38,7,0,FALSE
Male,Loyal Customer,32,Business Travel,Business,2187,2,2,2,2,3,4,3,3,4,4,4,4,3,3.08,0,0,TRUE
Male,Loyal Customer,18,Personal Travel,Eco,1342,3,4,4,2,3,4,3,3,4,3,3,5,3,3.38,0,0,FALSE
Male,Loyal Customer,15,Personal Travel,Eco,304,3,5,3,2,2,3,1,2,3,5,4,5,2,3.08,0,0,FALSE
Female,Loyal Customer,43,Business Travel,Business,1750,1,3,1,1,5,5,4,4,4,4,4,4,5,3.46,0,7,TRUE
Male,Loyal Customer,49,Personal Travel,Eco,216,3,4,0,3,3,0,3,3,4,5,3,4,3,2.92,0,0,FALSE
Male,Loyal Customer,25,Personal Travel,Eco,489,3,3,3,2,3,3,5,3,4,1,5,2,3,3.08,8,14,FALSE
Female,Loyal Customer,50,Personal Travel,Eco,370,2,1,2,3,1,4,3,4,4,2,4,1,3,2.62,0,0,FALSE
Female,Loyal Customer,39,Business Travel,Business,1747,2,2,2,2,4,4,4,3,4,5,4,4,4,3.38,132,123,TRUE
Female,Loyal Customer,33,Business Travel,Business,773,2,2,2,2,4,4,4,2,3,2,2,4,4,2.85,140,129,TRUE
Male,Loyal Customer,17,Personal Travel,Business,200,3,1,3,4,2,3,2,2,4,1,3,4,2,2.62,40,27,FALSE
Male,Loyal Customer,41,Business Travel,Business,405,1,1,1,1,3,4,5,1,1,2,1,3,4,2.15,0,5,TRUE
Male,Loyal Customer,31,Business Travel,Business,1598,5,5,5,5,4,4,4,4,3,4,5,5,4,4.38,0,0,TRUE
Female,Disloyal Customer,39,Business Travel,Business,201,4,3,3,4,1,3,1,1,2,5,5,3,1,2.77,0,0,TRUE
Male,Loyal Customer,64,Business Travel,Business,2475,3,3,3,3,2,4,5,5,5,5,5,3,3,3.77,4,0,TRUE
Male,Loyal Customer,52,Business Travel,Business,3935,1,1,1,1,3,5,5,4,4,4,4,3,3,3,0,25,TRUE
Female,Loyal Customer,30,Business Travel,Business,2657,4,5,4,5,1,1,4,1,3,1,4,3,1,2.85,8,7,FALSE
Female,Loyal Customer,42,Business Travel,Eco,292,5,2,2,2,5,2,2,5,5,5,5,2,5,3.62,32,29,TRUE
Female,Loyal Customer,48,Business Travel,Business,544,2,2,2,2,4,4,5,4,4,5,4,3,5,3.54,62,46,TRUE
Male,Loyal Customer,29,Personal Travel,Eco,861,1,1,1,4,4,1,4,4,4,2,4,2,4,2.77,0,0,FALSE
Female,Disloyal Customer,23,Business Travel,Eco,271,5,0,5,1,3,5,4,3,4,5,4,5,3,3.62,62,84,TRUE
Male,Loyal Customer,74,Business Travel,Eco,134,2,5,5,5,2,2,2,2,4,2,3,2,2,2.92,43,41,FALSE
Male,Loyal Customer,60,Business Travel,Business,1276,3,1,1,1,5,3,4,3,3,3,3,2,2,2.62,10,0,FALSE
Female,Loyal Customer,46,Business Travel,Business,3185,2,5,5,5,5,3,3,2,2,2,2,1,1,2.92,0,0,FALSE
Male,Loyal Customer,55,Business Travel,Business,451,1,1,1,1,4,4,5,4,4,4,4,3,3,3,0,2,TRUE
Male,Loyal Customer,41,Business Travel,Business,1981,4,4,4,4,4,4,2,5,5,5,5,4,4,4.15,0,0,TRUE
Male,Loyal Customer,59,Personal Travel,Business,1605,2,5,2,5,2,3,5,2,2,2,2,3,4,3,41,19,FALSE
Male,Loyal Customer,57,Business Travel,Business,1005,4,4,4,4,5,5,4,5,5,5,5,5,5,4.62,3,0,TRUE
Female,Loyal Customer,36,Business Travel,Eco,455,3,1,1,1,3,3,3,3,4,4,3,4,3,2.77,0,0,FALSE
Male,Loyal Customer,16,Personal Travel,Eco,308,3,4,3,3,1,3,5,1,4,2,5,5,1,3.08,2,0,FALSE
Female,Loyal Customer,54,Business Travel,Business,812,4,4,4,4,4,5,4,4,4,4,4,3,5,4.08,0,0,TRUE
Female,Disloyal Customer,38,Business Travel,Eco,414,3,0,3,4,3,3,3,3,1,4,5,1,3,2.77,17,2,FALSE
Male,Loyal Customer,36,Business Travel,Eco,190,3,2,2,2,3,4,3,3,1,2,1,2,3,2.38,0,0,TRUE
Female,Loyal Customer,25,Business Travel,Business,1197,5,5,3,5,5,5,5,5,2,4,4,1,5,4.15,0,5,TRUE
Female,Loyal Customer,55,Personal Travel,Eco Plus,814,3,2,3,4,2,3,3,3,3,3,3,2,1,2.69,25,19,FALSE
Female,Loyal Customer,40,Personal Travel,Eco,1514,2,3,2,5,1,2,1,1,2,5,2,5,1,2.46,0,0,FALSE
Female,Loyal Customer,21,Personal Travel,Eco,632,1,5,1,4,2,1,4,2,4,2,5,4,2,2.85,9,,FALSE
Female,Disloyal Customer,38,Business Travel,Business,213,3,4,4,4,1,4,1,1,2,3,3,1,1,2.46,0,0,FALSE
Female,Loyal Customer,10,Personal Travel,Eco,852,2,5,2,2,4,2,4,4,4,5,5,4,4,3.62,1,1,FALSE
Female,Loyal Customer,60,Business Travel,Business,1056,1,1,5,1,4,4,4,4,2,4,4,4,4,3.23,214,210,TRUE
Female,Disloyal Customer,45,Business Travel,Eco,1013,3,3,3,4,4,3,4,4,1,3,2,4,4,3.23,0,0,FALSE
Male,Disloyal Customer,54,Business Travel,Eco,575,1,0,1,1,2,1,2,2,3,3,2,4,2,1.85,0,8,FALSE
Male,Loyal Customer,51,Business Travel,Business,3236,4,4,4,4,5,4,5,3,3,4,5,3,4,4,0,13,TRUE
Male,Loyal Customer,44,Business Travel,Business,2764,5,5,5,5,3,5,5,2,2,2,2,4,3,3.69,8,15,TRUE
Female,Loyal Customer,46,Personal Travel,Eco Plus,399,2,4,3,2,4,4,5,4,4,3,4,4,3,3.54,0,0,FALSE
Male,Disloyal Customer,20,Business Travel,Business,408,5,0,5,2,3,5,3,3,3,5,5,3,3,3.46,0,0,TRUE
Female,Loyal Customer,44,Business Travel,Business,1162,4,4,4,4,4,1,2,4,4,4,4,2,2,3.31,0,4,TRUE
Male,Loyal Customer,36,Personal Travel,Eco Plus,1744,2,1,2,4,1,2,1,1,3,1,2,4,1,1.92,0,0,FALSE
Female,Loyal Customer,13,Personal Travel,Eco,366,4,4,4,5,5,4,5,5,4,4,4,3,5,4.31,63,47,FALSE
Male,Loyal Customer,38,Personal Travel,Eco Plus,368,4,3,3,3,2,3,2,2,1,3,4,4,2,2.77,0,0,FALSE
Female,Loyal Customer,33,Business Travel,Business,239,1,1,1,1,5,5,1,4,4,4,4,4,1,2.77,0,0,TRUE
Male,Loyal Customer,63,Personal Travel,Eco,695,2,1,2,3,2,2,2,2,1,3,4,1,2,2.08,7,32,FALSE
Female,Loyal Customer,60,Business Travel,Business,1020,4,4,4,4,3,4,4,5,5,5,5,4,5,4.31,5,0,TRUE
Female,Loyal Customer,62,Personal Travel,Eco,163,3,2,3,4,2,3,3,3,3,3,1,1,2,2.54,0,0,FALSE
Female,Loyal Customer,50,Business Travel,Eco,125,4,3,1,3,2,4,3,3,3,4,3,1,4,2.92,0,0,FALSE
Female,Loyal Customer,24,Business Travel,Eco Plus,1208,4,5,5,5,4,4,4,4,2,2,4,1,4,3.69,1,0,TRUE
Female,Loyal Customer,15,Personal Travel,Eco,667,2,5,3,4,5,3,4,5,4,3,5,3,5,3.92,35,35,FALSE
Male,Loyal Customer,34,Business Travel,Business,334,3,4,4,4,1,4,3,3,3,3,3,4,2,3.15,0,0,FALSE
Female,Loyal Customer,36,Business Travel,Business,2046,4,1,1,1,2,3,4,4,4,3,4,1,2,2.62,0,62,FALSE
Female,Loyal Customer,50,Business Travel,Business,1566,4,4,4,4,5,4,4,4,4,4,4,3,3,3.92,0,0,TRUE
Male,Loyal Customer,19,Personal Travel,Eco,445,4,4,2,3,2,2,2,2,1,5,3,1,2,2.54,2,0,TRUE
Male,Loyal Customer,52,Business Travel,Business,2590,4,4,4,4,5,5,4,4,4,4,4,5,5,4.31,0,0,TRUE
Male,Loyal Customer,50,Business Travel,Business,2136,4,4,4,4,2,4,4,5,5,5,5,5,3,4.15,1,0,TRUE
Female,Disloyal Customer,26,Business Travel,Eco,643,1,1,1,3,1,1,2,1,4,5,3,4,1,2.15,0,0,FALSE
Female,Disloyal Customer,49,Business Travel,Business,1440,2,2,2,4,5,2,5,5,5,5,4,3,5,3.77,15,3,FALSE
Male,Loyal Customer,54,Personal Travel,Eco Plus,594,1,3,2,2,4,2,4,4,5,4,2,4,4,3.15,0,0,FALSE
Male,Disloyal Customer,27,Business Travel,Business,296,5,5,5,3,2,5,2,2,4,3,5,4,2,3.62,28,51,TRUE
Male,Loyal Customer,60,Business Travel,Business,2611,4,4,4,4,4,4,4,4,4,5,4,4,4,4.08,17,10,TRUE
Male,Loyal Customer,10,Personal Travel,Eco,867,4,4,4,1,4,4,4,4,4,4,4,3,4,3.69,0,0,FALSE
Female,Loyal Customer,15,Personal Travel,Eco,862,1,5,1,4,4,1,4,4,4,3,4,5,4,3.38,0,1,FALSE
Female,Disloyal Customer,20,Business Travel,Eco,257,3,1,3,3,3,3,3,3,4,2,3,2,3,2.77,6,0,FALSE
Male,Loyal Customer,52,Business Travel,Business,2398,2,2,2,2,2,5,1,4,4,4,4,5,5,3.23,109,100,TRUE
Male,Loyal Customer,60,Personal Travel,Eco,812,1,2,1,2,2,1,2,2,4,5,1,3,2,2.15,38,22,FALSE
Male,Loyal Customer,44,Business Travel,Business,2496,4,4,4,4,2,3,5,4,4,4,4,5,3,3.85,0,0,TRUE
Female,Loyal Customer,50,Business Travel,Eco,140,5,1,1,1,5,2,3,5,5,5,5,4,4,3.54,71,58,TRUE
Male,Loyal Customer,40,Business Travel,Business,3142,4,4,4,4,4,4,4,3,2,4,5,4,4,3.85,145,147,TRUE
Female,Disloyal Customer,23,Business Travel,Eco,842,1,1,1,1,1,1,5,1,5,5,4,4,1,2.38,0,0,FALSE
Female,Loyal Customer,30,Personal Travel,Eco,861,4,1,3,2,4,3,4,4,3,5,2,4,4,3.31,26,14,FALSE
Male,Loyal Customer,51,Personal Travel,Business,1747,2,4,3,3,1,3,4,5,5,3,2,1,3,3,10,0,FALSE
Female,Loyal Customer,58,Business Travel,Eco,302,2,1,1,1,5,2,3,2,2,2,2,4,3,2.31,17,3,FALSE
Male,Loyal Customer,46,Personal Travel,Eco,602,5,4,5,2,2,5,2,2,4,2,5,5,2,3.46,0,0,TRUE
Male,Loyal Customer,52,Business Travel,Business,265,3,4,4,4,3,1,1,3,3,4,3,4,3,3.08,97,123,FALSE
Male,Disloyal Customer,20,Business Travel,Business,283,5,0,5,2,5,5,5,5,4,5,5,5,5,4.31,13,8,TRUE
Male,Loyal Customer,46,Business Travel,Business,473,1,1,1,1,4,1,4,5,5,5,5,5,3,3.15,0,0,TRUE
Male,Disloyal Customer,46,Business Travel,Eco,1253,3,3,3,3,2,3,2,2,1,4,4,1,2,2.54,0,0,FALSE
Female,Loyal Customer,46,Business Travel,Business,2758,4,4,4,4,2,5,1,4,4,4,4,3,5,3.69,0,0,TRUE
Male,Loyal Customer,56,Business Travel,Business,3344,0,5,0,1,3,4,4,2,2,2,2,4,5,2.62,0,2,TRUE
Male,Loyal Customer,54,Personal Travel,Business,2565,1,4,2,4,2,3,5,3,5,5,5,5,5,3.77,0,0,FALSE
Female,Loyal Customer,55,Business Travel,Business,3494,5,5,5,5,3,5,5,3,3,3,3,5,5,4.23,1,0,TRUE
Female,Disloyal Customer,27,Business Travel,Business,780,4,4,4,3,4,4,2,4,1,2,4,3,4,3.31,26,23,FALSE
Male,Loyal Customer,52,Personal Travel,Eco,721,1,4,0,4,5,0,5,5,3,2,5,5,5,3.38,0,0,FALSE
Male,Loyal Customer,18,Personal Travel,Eco,1440,1,4,1,1,5,1,5,5,3,3,3,5,5,3.23,3,0,FALSE
Female,Loyal Customer,48,Business Travel,Business,2624,3,3,3,3,2,2,1,4,4,4,4,2,1,2.77,0,0,TRUE
Male,Loyal Customer,66,Personal Travel,Eco,493,2,5,2,3,5,2,5,5,5,5,5,4,5,4.08,15,0,FALSE
Male,Loyal Customer,42,Business Travel,Business,307,4,4,4,4,4,5,4,5,5,5,5,3,3,4.23,19,11,TRUE
Male,Loyal Customer,43,Business Travel,Business,2864,1,4,4,4,5,2,3,1,1,1,1,2,1,2.31,8,0,FALSE
Male,Loyal Customer,36,Business Travel,Business,2614,1,4,4,4,5,4,4,1,1,1,1,1,2,2.54,9,3,FALSE
Male,Loyal Customer,50,Business Travel,Business,2633,2,2,2,2,4,5,4,3,3,4,3,5,4,3.31,0,3,TRUE
Female,Loyal Customer,45,Personal Travel,Eco,489,2,5,2,3,1,4,3,3,3,2,3,4,2,2.85,0,0,FALSE
Female,Loyal Customer,45,Business Travel,Business,3139,2,3,5,5,1,3,3,2,2,2,2,1,2,2.54,0,0,FALSE
Female,Loyal Customer,56,Business Travel,Business,2139,3,3,3,3,5,5,5,5,5,5,5,3,4,4.15,38,25,TRUE
Male,Loyal Customer,42,Business Travel,Eco,671,4,1,1,1,4,4,4,4,4,3,1,5,4,3.08,60,71,TRUE
Female,Loyal Customer,58,Business Travel,Business,1578,4,4,2,4,4,5,4,4,4,4,4,5,4,4,0,0,TRUE
Male,Loyal Customer,9,Personal Travel,Eco,1121,3,5,3,3,1,3,1,1,3,4,4,5,1,2.85,0,0,FALSE
Male,Loyal Customer,60,Personal Travel,Eco,2475,1,3,1,3,1,5,5,2,5,1,5,5,5,3.23,15,79,FALSE
Female,Loyal Customer,52,Personal Travel,Eco,2454,1,1,1,4,4,3,4,4,4,1,4,2,4,2.85,0,0,FALSE
Male,Loyal Customer,50,Personal Travel,Eco,872,3,3,3,4,3,3,3,3,4,5,4,3,3,3.38,0,0,FALSE
Male,Loyal Customer,12,Personal Travel,Eco,1979,2,5,2,3,1,2,1,1,3,5,4,5,1,2.69,0,29,FALSE
Female,Loyal Customer,50,Business Travel,Eco,2425,2,5,5,5,5,2,3,2,2,2,2,1,2,2.92,2,0,FALSE
Male,Loyal Customer,59,Personal Travel,Eco,1306,3,5,2,3,5,2,5,5,4,4,3,5,5,3.92,0,0,FALSE
Female,Disloyal Customer,21,Business Travel,Business,1694,5,0,4,2,2,4,2,2,5,2,3,4,2,2.85,0,0,TRUE
Male,Loyal Customer,58,Personal Travel,Business,302,1,5,1,1,3,5,4,3,3,1,3,4,5,3,0,0,FALSE
Male,Loyal Customer,51,Business Travel,Business,2048,3,2,2,2,5,4,4,3,3,3,3,2,1,2.85,26,23,FALSE
Male,Loyal Customer,21,Personal Travel,Eco,950,1,5,1,1,4,1,4,4,1,1,3,3,4,2.54,0,34,FALSE
Male,Loyal Customer,44,Business Travel,Business,861,4,5,2,2,3,4,3,4,4,4,4,4,4,3.62,0,3,FALSE
Female,Disloyal Customer,23,Business Travel,Eco,467,2,0,2,2,2,2,2,2,1,3,2,4,2,2,7,0,FALSE
Female,Disloyal Customer,39,Business Travel,Business,174,3,3,3,4,5,3,5,5,1,3,3,2,5,3.46,0,7,FALSE
Female,Loyal Customer,30,Business Travel,Business,3218,2,2,5,5,2,2,2,2,1,5,3,4,2,2.85,16,16,FALSE
Female,Loyal Customer,26,Personal Travel,Eco Plus,143,4,2,4,4,4,4,4,4,1,3,3,3,4,3.38,12,2,TRUE
Female,Disloyal Customer,24,Business Travel,Eco,255,5,0,4,2,1,4,1,1,5,4,5,5,1,2.92,0,2,TRUE
Male,Loyal Customer,66,Personal Travel,Business,284,3,4,3,3,5,5,5,2,2,3,2,4,3,3.38,0,0,FALSE
Female,Loyal Customer,44,Personal Travel,Eco,404,3,4,3,3,2,1,3,3,3,3,3,5,1,2.85,7,0,FALSE
Female,Disloyal Customer,38,Business Travel,Eco,279,4,0,4,3,5,4,4,5,3,5,2,4,5,3.69,10,0,TRUE
Female,Loyal Customer,38,Business Travel,Business,1884,1,1,1,1,5,2,5,4,4,5,4,4,5,3.23,0,0,TRUE
Male,Loyal Customer,24,Personal Travel,Eco,594,3,3,4,4,2,4,2,2,3,1,3,1,2,2.62,0,0,FALSE
Female,Disloyal Customer,42,Business Travel,Eco,237,3,3,3,3,1,3,1,1,3,3,3,2,1,2.31,93,123,FALSE
Male,Loyal Customer,58,Business Travel,Business,849,5,5,5,5,5,5,4,4,4,4,4,4,4,4.46,0,0,TRUE
Female,Loyal Customer,55,Business Travel,Business,3136,4,4,4,4,5,4,4,4,4,4,4,4,3,4,56,61,TRUE
Male,Loyal Customer,71,Business Travel,Eco Plus,991,2,1,1,1,1,2,1,1,2,3,4,4,1,1.85,3,0,FALSE
Female,Loyal Customer,47,Business Travel,Business,2133,5,5,1,5,2,3,4,4,4,4,4,5,5,3.92,26,18,TRUE
Male,Loyal Customer,52,Business Travel,Business,3925,5,5,5,5,4,3,4,3,3,3,3,2,4,3.77,0,0,TRUE
Male,Loyal Customer,18,Personal Travel,Eco,319,4,1,4,4,3,4,3,3,3,3,3,3,3,3.15,0,0,FALSE
Male,Loyal Customer,33,Business Travel,Eco,157,5,5,5,5,5,5,5,5,2,3,3,2,5,4.23,30,49,TRUE
Male,Loyal Customer,35,Business Travel,Eco Plus,543,3,1,3,3,3,3,3,3,2,3,3,4,3,2.85,48,42,FALSE
Male,Loyal Customer,29,Business Travel,Business,2778,2,2,2,2,4,4,4,4,4,4,4,4,4,3.38,114,95,TRUE
Male,Loyal Customer,57,Business Travel,Business,3882,5,5,5,5,4,4,5,4,4,4,4,3,3,4.23,1,0,TRUE
Female,Loyal Customer,46,Business Travel,Business,2556,2,2,2,2,5,5,5,3,5,3,4,5,5,3.69,4,10,TRUE
Female,Loyal Customer,39,Business Travel,Business,209,5,5,5,5,2,4,5,4,4,4,3,1,1,3.69,0,2,TRUE
Female,Loyal Customer,62,Personal Travel,Eco,936,0,3,0,3,1,2,1,3,3,0,3,4,3,2,0,0,TRUE
Female,Loyal Customer,59,Personal Travel,Business,236,3,2,3,2,2,2,3,2,2,3,2,2,4,2.46,5,0,FALSE
Male,Loyal Customer,67,Personal Travel,Eco Plus,129,1,4,1,3,2,1,2,2,3,3,4,2,2,2.31,0,0,FALSE
Female,Loyal Customer,20,Personal Travel,Eco,2846,2,4,2,4,2,3,3,4,3,4,5,3,3,3.23,0,0,FALSE
Female,Disloyal Customer,24,Business Travel,Eco,247,4,5,4,5,5,4,5,5,5,5,4,5,5,4.69,5,0,TRUE
Female,Loyal Customer,55,Business Travel,Business,2187,0,4,0,2,4,4,5,4,3,2,5,5,5,3.31,277,275,TRUE
Female,Disloyal Customer,22,Business Travel,Eco,522,5,0,5,5,4,5,4,4,5,2,5,5,4,4.08,0,0,TRUE
Male,Loyal Customer,9,Personal Travel,Eco,1576,4,5,4,5,1,4,1,1,3,3,3,4,1,3,0,0,FALSE
Female,Loyal Customer,56,Personal Travel,Eco,1756,1,2,1,3,3,3,3,5,5,1,5,2,2,2.77,9,40,FALSE
Male,Loyal Customer,47,Business Travel,Business,583,3,2,2,2,5,4,3,3,3,3,3,2,1,2.77,1,0,FALSE
Male,Loyal Customer,44,Business Travel,Business,3548,4,1,4,4,5,5,4,4,4,5,4,5,4,4.08,0,8,TRUE
Female,Loyal Customer,17,Business Travel,Eco,944,5,4,4,4,5,5,3,5,3,1,4,1,5,3.77,0,0,TRUE
Female,Loyal Customer,44,Personal Travel,Eco,522,2,4,2,2,5,4,5,3,3,2,3,3,4,3.23,10,6,FALSE
Female,Disloyal Customer,25,Business Travel,Eco,1013,2,2,2,2,5,2,5,5,5,1,3,5,5,3.38,9,29,FALSE
Male,Loyal Customer,63,Personal Travel,Eco,304,1,4,1,1,5,1,1,5,4,3,4,5,5,3.08,0,2,FALSE
Female,Loyal Customer,49,Business Travel,Business,2234,1,1,1,1,4,5,5,2,2,2,2,3,3,2.46,0,0,TRUE
Male,Loyal Customer,64,Business Travel,Eco Plus,179,5,3,4,3,5,5,5,5,3,2,5,5,5,4.23,0,0,TRUE
Female,Loyal Customer,33,Personal Travel,Eco,689,4,5,4,4,2,4,2,2,3,5,4,3,2,3.38,0,0,FALSE
Female,Loyal Customer,22,Business Travel,Business,2317,2,2,2,2,4,4,4,4,5,5,4,3,4,3.46,3,9,TRUE
Male,Loyal Customer,72,Business Travel,Business,2162,3,4,5,5,3,3,4,3,3,3,3,3,3,3.46,22,14,FALSE
Female,Loyal Customer,45,Business Travel,Business,1754,3,3,3,3,5,4,5,3,3,2,3,4,5,3.54,0,0,TRUE
Male,Disloyal Customer,38,Business Travel,Eco,391,4,3,4,3,5,4,5,5,3,3,4,1,5,3.77,0,0,FALSE
Female,Disloyal Customer,54,Business Travel,Business,175,4,4,4,1,5,4,5,5,4,2,5,3,5,3.92,0,0,FALSE
Male,Loyal Customer,54,Personal Travel,Eco,1379,1,4,1,2,1,1,1,1,4,5,4,5,1,2.38,11,4,FALSE
Male,Loyal Customer,33,Business Travel,Eco Plus,2300,2,4,4,4,2,2,2,2,1,4,3,3,2,2.69,23,46,FALSE
Female,Loyal Customer,51,Business Travel,Eco,201,1,1,1,1,4,3,4,1,1,1,1,2,2,1.77,8,14,FALSE
Female,Loyal Customer,74,Business Travel,Business,200,3,3,3,3,5,4,5,4,4,4,4,3,5,3.85,18,79,TRUE
Female,Loyal Customer,59,Business Travel,Business,594,5,5,3,5,5,5,4,4,4,4,4,3,5,4.31,0,0,TRUE
Female,Disloyal Customer,21,Business Travel,Business,358,2,2,2,3,3,2,3,3,3,3,4,2,3,2.69,0,0,FALSE
Female,Loyal Customer,32,Business Travel,Eco,950,3,5,5,5,3,3,3,3,2,3,3,2,3,3.31,14,8,FALSE
Female,Loyal Customer,47,Business Travel,Business,1561,5,5,5,5,3,4,5,4,4,4,4,4,4,4.31,0,0,TRUE
Female,Loyal Customer,45,Business Travel,Business,427,2,4,4,4,1,3,3,2,2,2,2,4,1,2.62,0,0,FALSE
Female,Loyal Customer,36,Business Travel,Business,1663,5,3,5,5,4,4,5,3,3,3,3,3,3,3.77,0,0,TRUE
Male,Disloyal Customer,25,Business Travel,Eco,526,1,0,1,3,2,1,2,2,1,4,2,5,2,2,0,57,FALSE
Male,Loyal Customer,48,Personal Travel,Eco,965,1,1,1,3,2,1,2,2,1,3,3,1,2,1.77,0,0,FALSE
Male,Loyal Customer,34,Business Travel,Eco,2677,0,0,0,3,5,0,5,5,1,2,3,2,5,2.38,0,0,TRUE
Female,Loyal Customer,8,Personal Travel,Eco,2454,3,1,3,2,1,3,1,1,1,5,3,1,1,2,0,0,FALSE
Male,Loyal Customer,60,Business Travel,Business,2159,0,0,0,5,3,5,5,5,5,5,5,5,5,3.69,0,0,TRUE
Male,Loyal Customer,9,Personal Travel,Eco,762,2,5,2,2,4,2,1,4,2,5,2,5,4,3.08,51,,FALSE
Female,Loyal Customer,41,Business Travel,Eco Plus,1024,4,2,2,2,3,1,4,4,4,4,4,2,4,3.08,37,55,TRUE
Female,Loyal Customer,24,Business Travel,Business,2748,3,3,3,3,3,3,3,3,3,4,3,1,3,2.92,15,7,FALSE
Female,Loyal Customer,47,Business Travel,Business,946,5,5,5,5,3,4,5,4,4,4,4,3,5,4.31,0,0,TRUE
Male,Loyal Customer,43,Business Travel,Business,3489,4,4,4,4,4,4,5,5,5,5,5,3,3,4.23,0,0,TRUE
Male,Loyal Customer,49,Business Travel,Business,589,5,5,4,5,4,4,4,4,4,5,4,5,3,4.31,9,0,TRUE
Female,Loyal Customer,41,Personal Travel,Eco,554,4,4,4,2,2,4,5,2,3,2,4,4,2,3.23,0,0,FALSE
Female,Disloyal Customer,24,Business Travel,Business,731,0,0,0,3,1,0,1,1,3,4,5,3,1,1.69,10,19,TRUE
Male,Loyal Customer,80,Business Travel,Eco,1111,3,3,3,3,3,3,3,5,1,4,4,3,3,3.15,0,0,TRUE
Male,Disloyal Customer,27,Business Travel,Eco,174,3,5,3,4,4,3,4,4,1,2,3,2,4,3.23,0,0,FALSE
Female,Loyal Customer,34,Personal Travel,Eco,1576,4,4,4,3,5,4,5,5,4,5,5,5,5,4.46,0,0,FALSE
Male,Disloyal Customer,13,Business Travel,Eco,1217,1,0,0,3,2,0,4,2,3,5,3,3,2,2.15,0,0,FALSE
Male,Loyal Customer,29,Business Travel,Eco Plus,1066,4,1,1,1,4,4,4,4,4,5,3,4,4,3.31,129,119,FALSE
Female,Loyal Customer,55,Business Travel,Business,1827,3,3,3,3,3,5,5,5,5,5,5,3,5,4.08,0,0,TRUE
Female,Loyal Customer,42,Personal Travel,Business,1216,4,1,4,3,4,2,3,1,1,4,2,3,4,2.77,0,2,FALSE
Female,Disloyal Customer,27,Business Travel,Eco,191,2,1,3,3,4,3,4,4,1,5,4,3,4,3.15,24,18,FALSE
Male,Loyal Customer,45,Business Travel,Business,2920,1,1,4,1,4,5,4,4,4,4,4,4,4,3.38,9,1,TRUE
Male,Loyal Customer,24,Business Travel,Eco,368,0,3,0,1,4,0,4,4,4,1,5,3,4,2.54,5,5,TRUE
Male,Loyal Customer,41,Business Travel,Business,1981,1,3,3,3,5,4,4,1,1,1,1,4,1,2.46,10,6,FALSE
Female,Loyal Customer,41,Business Travel,Business,802,3,4,3,3,2,4,5,5,5,4,5,4,4,3.92,0,0,TRUE
Male,Loyal Customer,38,Personal Travel,Eco,307,1,4,1,1,4,1,4,4,4,2,4,5,4,3,0,6,FALSE
Male,Loyal Customer,67,Business Travel,Business,1618,3,1,1,1,3,2,2,3,3,3,3,3,2,2.31,0,7,FALSE
Male,Loyal Customer,37,Business Travel,Business,2061,4,4,4,4,2,2,1,4,4,4,4,1,3,3.15,0,0,TRUE
Male,Loyal Customer,49,Business Travel,Business,2635,5,5,5,5,3,4,4,4,4,4,4,5,5,4.38,0,0,TRUE
Male,Loyal Customer,50,Business Travel,Eco Plus,89,5,3,3,3,5,5,5,5,3,5,1,2,5,3.85,0,11,TRUE
Male,Loyal Customer,51,Business Travel,Business,587,5,5,5,5,2,4,4,4,4,4,4,5,3,4.15,0,0,TRUE
Male,Loyal Customer,51,Business Travel,Business,1897,1,1,1,1,5,5,5,5,5,5,5,4,5,3.69,0,0,TRUE
Male,Disloyal Customer,22,Business Travel,Eco,632,2,1,2,3,4,2,4,4,3,4,3,4,4,3.08,0,0,FALSE
Male,Loyal Customer,34,Personal Travel,Eco,1463,4,5,4,3,3,4,5,3,4,4,5,5,3,4,0,0,FALSE
Male,Loyal Customer,68,Personal Travel,Eco,569,2,4,2,3,3,2,3,3,5,5,5,3,3,3.31,33,28,FALSE
Male,Loyal Customer,57,Business Travel,Eco,763,5,3,3,3,5,5,5,5,2,4,2,5,5,4,0,34,TRUE
Male,Loyal Customer,52,Business Travel,Business,454,3,3,3,3,3,5,4,4,4,4,4,4,1,3.46,0,1,TRUE
Male,Loyal Customer,40,Business Travel,Business,631,1,0,0,4,4,3,3,3,3,0,5,1,1,2.15,16,16,FALSE
Female,Loyal Customer,64,Personal Travel,Eco,455,2,5,2,4,3,4,5,4,4,2,4,4,5,3.69,0,0,FALSE
Female,Loyal Customer,65,Personal Travel,Eco,1121,2,5,2,4,5,4,4,4,4,2,1,3,3,3.31,6,4,FALSE
Male,Loyal Customer,50,Personal Travel,Eco Plus,721,2,3,2,3,5,2,5,5,2,5,3,4,5,3.54,26,16,FALSE
Female,Disloyal Customer,20,Business Travel,Business,239,4,0,5,5,1,5,1,1,4,4,4,5,1,3.08,0,1,TRUE
Female,Disloyal Customer,28,Business Travel,Eco,874,2,2,2,3,2,2,2,2,4,5,3,4,2,2.69,0,0,FALSE
Male,Loyal Customer,15,Personal Travel,Eco,447,1,5,1,5,2,1,3,2,5,2,4,5,2,2.92,0,0,FALSE
Male,Disloyal Customer,21,Business Travel,Business,550,5,4,5,4,4,5,4,4,5,4,4,5,4,4.38,25,18,TRUE
Female,Loyal Customer,26,Business Travel,Business,1947,4,4,4,4,5,5,5,5,4,4,4,5,5,4.46,493,485,TRUE
Female,Loyal Customer,17,Personal Travel,Eco,2402,5,4,5,4,1,5,1,1,1,5,3,1,1,2.85,0,0,TRUE
Female,Loyal Customer,64,Personal Travel,Eco,399,0,2,0,3,3,4,3,1,1,0,1,3,1,1.69,0,0,TRUE
Female,Loyal Customer,44,Business Travel,Eco,446,3,4,4,4,5,2,2,3,3,3,3,3,1,3.08,1,0,FALSE
Female,Loyal Customer,47,Business Travel,Business,829,1,1,1,1,3,5,5,5,5,5,5,4,4,3.46,28,27,TRUE
Male,Loyal Customer,53,Business Travel,Business,2935,5,5,5,5,3,4,5,5,5,5,5,3,3,4.46,3,2,TRUE
Male,Loyal Customer,58,Personal Travel,Eco,760,2,2,3,1,1,3,1,1,2,4,2,4,1,2.08,72,60,FALSE
Male,Loyal Customer,48,Business Travel,Business,1975,3,2,2,2,5,3,2,3,3,3,3,2,2,2.69,0,0,FALSE
Female,Loyal Customer,44,Business Travel,Business,3529,4,4,4,4,1,4,4,4,4,4,4,1,5,3.62,0,0,TRUE
Male,Loyal Customer,60,Business Travel,Business,1440,5,5,3,5,4,4,5,4,4,4,4,4,3,4.15,26,31,TRUE
Male,Loyal Customer,51,Business Travel,Business,3490,3,3,3,3,2,4,4,5,5,5,5,4,4,3.85,0,0,TRUE
Male,Loyal Customer,49,Business Travel,Business,756,3,3,3,3,3,4,4,4,4,4,4,3,5,3.62,9,0,TRUE
Female,Disloyal Customer,14,Business Travel,Eco,1149,3,3,3,3,2,3,3,2,2,1,3,1,2,2.38,6,57,FALSE
Female,Loyal Customer,19,Personal Travel,Eco,236,2,1,0,4,4,0,4,4,4,3,3,3,4,2.77,0,0,FALSE
Female,Disloyal Customer,24,Business Travel,Eco,1249,2,2,2,1,2,2,2,2,5,5,2,4,2,2.54,0,0,FALSE
Female,Loyal Customer,50,Personal Travel,Eco,1166,4,1,5,2,2,2,3,4,4,5,4,2,1,3,5,0,FALSE
Male,Disloyal Customer,39,Business Travel,Eco,189,1,3,1,3,3,1,3,3,2,5,3,3,3,2.62,1,2,FALSE
Male,Loyal Customer,21,Personal Travel,Eco,650,0,4,0,4,2,0,2,2,4,2,4,2,2,2.15,0,0,TRUE
Female,Disloyal Customer,30,Business Travel,Eco Plus,765,1,1,1,3,2,1,2,2,2,2,1,3,2,1.77,0,0,FALSE
Male,Loyal Customer,7,Personal Travel,Eco Plus,1105,4,4,4,1,2,4,2,2,4,2,4,2,2,2.85,6,0,FALSE
Male,Loyal Customer,40,Business Travel,Eco,592,1,2,2,2,1,1,1,1,4,1,4,4,1,1.92,0,0,FALSE
Male,Loyal Customer,50,Business Travel,Business,609,1,4,4,4,1,3,4,1,1,1,1,4,4,2.54,14,27,FALSE
Female,Loyal Customer,28,Business Travel,Business,223,3,3,3,3,4,4,5,4,1,4,3,2,4,3.31,0,2,TRUE
Male,Loyal Customer,49,Business Travel,Business,3283,5,5,5,5,5,3,5,5,5,5,5,5,4,4.77,0,0,TRUE
Male,Loyal Customer,58,Business Travel,Business,372,2,2,2,2,2,4,4,4,4,5,4,4,5,3.38,13,10,TRUE
Male,Disloyal Customer,23,Business Travel,Business,1059,0,4,0,3,3,0,3,3,4,2,3,5,3,2.54,5,0,TRUE
Male,Loyal Customer,48,Business Travel,Business,2923,5,5,5,5,5,5,4,4,4,4,4,5,4,4.54,6,0,TRUE
Female,Loyal Customer,23,Personal Travel,Eco,589,1,5,1,5,2,1,2,2,5,5,5,4,2,3.08,6,0,FALSE
Male,Loyal Customer,56,Business Travel,Business,859,3,3,3,3,2,4,4,5,5,5,5,3,4,3.77,0,5,TRUE
Female,Loyal Customer,33,Business Travel,Eco Plus,802,4,3,3,3,4,4,4,4,4,3,3,2,4,3.46,3,7,FALSE
Male,Loyal Customer,39,Business Travel,Business,371,3,5,5,5,2,3,3,3,3,3,3,2,1,3.15,7,7,FALSE
Female,Disloyal Customer,25,Business Travel,Business,997,4,5,4,3,4,4,3,4,4,3,4,4,4,3.85,41,30,TRUE
Female,Loyal Customer,42,Business Travel,Business,134,4,4,4,4,3,4,4,4,4,4,5,4,5,4.08,0,0,TRUE
Female,Loyal Customer,56,Personal Travel,Eco,391,1,3,1,4,1,4,3,4,4,1,4,3,1,2.62,72,62,FALSE
Female,Disloyal Customer,20,Business Travel,Eco,748,5,5,5,4,5,5,5,5,5,4,4,3,5,4.62,0,0,TRUE
Male,Loyal Customer,29,Business Travel,Business,3484,1,1,1,1,5,5,5,5,5,2,5,3,5,3.38,0,0,TRUE
Female,Loyal Customer,17,Business Travel,Business,821,1,4,4,4,1,1,1,1,3,1,3,4,1,2.23,0,0,FALSE
Female,Loyal Customer,40,Business Travel,Business,480,5,5,5,5,4,4,5,4,4,4,4,5,5,4.54,0,0,TRUE
Female,Disloyal Customer,18,Business Travel,Eco,1009,2,2,2,4,4,2,4,4,5,2,5,4,4,3.38,0,0,FALSE
Female,Loyal Customer,23,Personal Travel,Eco Plus,328,3,1,3,2,3,3,3,3,2,1,2,2,3,2.38,32,28,FALSE
Female,Loyal Customer,29,Personal Travel,Eco,101,4,1,4,2,3,4,3,3,1,4,2,4,3,2.92,0,0,FALSE
Female,Disloyal Customer,19,Business Travel,Eco Plus,1008,5,0,5,4,1,5,1,1,1,3,2,2,1,2.38,0,0,TRUE
Female,Loyal Customer,44,Business Travel,Eco Plus,296,3,2,2,2,5,4,3,2,2,3,2,2,2,2.62,11,11,FALSE
Female,Loyal Customer,18,Business Travel,Business,1624,5,5,5,5,4,4,4,4,3,5,4,3,4,4.23,0,0,TRUE
Female,Loyal Customer,49,Business Travel,Business,3616,5,5,2,5,2,4,4,4,4,4,4,4,4,3.92,0,0,TRUE
Male,Loyal Customer,33,Personal Travel,Eco,1105,3,4,3,4,4,3,5,4,4,2,4,4,4,3.69,0,11,FALSE
Female,Loyal Customer,55,Business Travel,Eco,484,4,1,1,1,2,3,3,4,4,4,4,3,3,2.85,4,0,TRUE
Female,Loyal Customer,27,Personal Travel,Eco,1558,2,4,1,2,1,1,1,1,4,3,5,5,1,2.38,1,0,FALSE
Female,Loyal Customer,42,Business Travel,Business,3632,1,1,3,1,2,5,4,5,5,5,5,5,2,3.38,0,0,TRUE
Male,Loyal Customer,18,Business Travel,Eco Plus,280,3,4,4,4,3,3,3,3,4,5,4,1,3,3.38,0,0,FALSE
Female,Disloyal Customer,20,Business Travel,Eco,451,5,4,5,4,4,5,3,4,4,5,2,2,4,3.92,0,0,TRUE
Female,Loyal Customer,80,Business Travel,Business,2422,2,2,5,2,4,4,3,4,4,4,4,4,4,3.54,0,0,TRUE
Female,Loyal Customer,62,Business Travel,Eco,1076,3,5,5,5,3,3,3,2,1,2,2,3,3,3.08,332,336,FALSE
Male,Loyal Customer,59,Business Travel,Business,2980,5,5,5,5,3,5,5,4,4,4,4,4,3,4.31,0,29,TRUE
Male,Loyal Customer,47,Business Travel,Business,1107,3,3,3,3,5,5,4,4,4,4,4,5,3,3.85,0,0,TRUE
Male,Disloyal Customer,27,Business Travel,Eco,925,3,3,3,3,5,3,5,5,4,5,3,1,5,3.69,11,11,FALSE
Male,Loyal Customer,55,Business Travel,Business,1624,4,4,4,4,4,5,5,5,5,5,5,5,3,4.46,0,0,TRUE
Male,Loyal Customer,54,Business Travel,Business,3995,3,1,1,1,2,3,3,3,3,3,3,1,4,2.38,0,0,FALSE
Female,Loyal Customer,52,Business Travel,Business,562,3,3,3,3,5,5,4,5,5,4,5,3,3,3.92,26,21,TRUE
Female,Disloyal Customer,27,Business Travel,Eco Plus,491,3,3,3,4,1,3,1,1,4,5,3,3,1,2.69,15,11,FALSE
Male,Disloyal Customer,50,Business Travel,Eco,534,2,3,2,4,5,2,5,5,1,5,4,1,5,3.38,0,0,FALSE
Male,Loyal Customer,58,Business Travel,Business,3783,5,5,3,5,4,5,4,3,3,3,3,4,5,4,0,13,TRUE
Female,Loyal Customer,25,Business Travel,Business,2454,1,1,5,1,5,5,5,5,4,3,3,5,5,3.69,0,0,TRUE
Male,Loyal Customer,70,Personal Travel,Eco,373,3,4,3,3,1,3,1,1,1,4,4,2,1,2.38,0,0,FALSE
Male,Loyal Customer,9,Personal Travel,Eco,213,1,5,1,1,5,1,5,5,4,5,5,3,5,3.54,0,0,FALSE
Female,Loyal Customer,62,Personal Travel,Eco,817,5,1,5,4,4,3,4,2,2,5,2,2,3,3.23,0,0,TRUE
Male,Disloyal Customer,72,Business Travel,Eco,319,3,2,3,3,4,3,4,4,4,3,3,3,4,3.31,14,4,FALSE
Male,Loyal Customer,13,Personal Travel,Eco,301,1,4,1,3,4,1,4,4,1,1,4,2,4,2.62,0,0,FALSE
Female,Loyal Customer,23,Business Travel,Business,813,1,1,4,1,5,5,5,5,3,3,4,4,5,3.54,0,0,TRUE
Male,Loyal Customer,29,Personal Travel,Eco,370,3,5,4,2,1,4,1,1,4,2,5,3,1,2.77,9,0,FALSE
Female,Loyal Customer,46,Business Travel,Eco,368,2,5,5,5,3,4,4,2,2,2,2,3,4,3.31,2,7,FALSE
Male,Loyal Customer,40,Business Travel,Eco,610,4,4,5,4,4,4,4,4,2,2,4,3,4,3.69,27,47,TRUE
Male,Loyal Customer,23,Business Travel,Business,3801,3,3,3,3,5,5,5,5,4,5,5,5,5,4.31,0,0,TRUE
Male,Loyal Customer,45,Business Travel,Eco,617,4,2,2,2,4,4,4,4,5,1,4,3,4,3.31,0,0,TRUE
Male,Loyal Customer,54,Business Travel,Eco Plus,813,1,1,5,1,1,1,1,1,1,1,3,2,1,1.54,7,4,FALSE
Female,Loyal Customer,54,Business Travel,Business,468,1,1,1,1,2,1,1,3,3,5,3,2,5,2.23,1,12,TRUE
Male,Loyal Customer,35,Personal Travel,Eco,369,5,4,5,2,5,5,4,5,3,1,5,3,5,4,0,0,TRUE
Male,Loyal Customer,60,Business Travel,Eco Plus,351,5,4,4,4,5,5,5,5,3,5,5,1,5,4.31,0,0,TRUE
Female,Disloyal Customer,62,Business Travel,Eco,313,2,0,2,3,3,2,3,3,5,4,2,2,3,2.62,0,21,FALSE
Female,Loyal Customer,59,Personal Travel,Eco,214,4,1,0,4,3,4,4,1,1,0,1,2,1,2,0,0,FALSE
Male,Loyal Customer,54,Personal Travel,Eco,304,3,4,3,1,3,3,3,3,4,2,5,4,3,3.15,13,6,FALSE
Male,Loyal Customer,28,Personal Travel,Eco,594,1,4,1,4,4,1,3,4,3,1,2,1,4,2.54,36,52,FALSE
Female,Loyal Customer,56,Business Travel,Business,393,3,1,1,1,5,4,3,3,3,3,3,1,3,2.62,14,17,FALSE
Male,Loyal Customer,21,Business Travel,Business,1670,3,2,2,2,3,3,3,3,1,1,3,2,3,2.38,125,128,FALSE
Female,Loyal Customer,44,Business Travel,Eco,833,5,4,4,4,2,1,2,5,5,5,5,5,5,4,0,0,TRUE
Female,Loyal Customer,27,Personal Travel,Eco,118,2,4,2,1,5,2,3,5,1,4,1,4,5,3,0,0,FALSE
Male,Loyal Customer,37,Business Travel,Eco,316,2,5,2,5,2,2,2,2,3,4,2,2,2,2.69,55,48,FALSE
Male,Loyal Customer,34,Personal Travel,Eco,223,2,5,2,3,3,2,3,3,4,2,4,4,3,3.08,32,46,FALSE
Female,Disloyal Customer,19,Business Travel,Eco,740,3,3,3,3,3,3,3,3,5,3,1,4,3,3.08,0,0,FALSE
Female,Loyal Customer,65,Personal Travel,Business,100,2,3,2,1,2,5,1,2,2,2,4,2,4,2.46,0,0,FALSE
Female,Loyal Customer,60,Business Travel,Business,3207,3,3,3,3,2,5,4,5,5,5,5,4,5,4,102,97,TRUE
Female,Loyal Customer,54,Business Travel,Business,236,2,3,4,3,4,3,3,2,2,2,2,1,3,2.62,3,0,FALSE
Female,Loyal Customer,10,Personal Travel,Eco,550,2,4,3,3,4,3,4,4,3,5,4,3,4,3.54,18,13,FALSE
Female,Loyal Customer,54,Business Travel,Business,491,4,2,2,2,5,3,3,4,4,4,4,3,1,3.15,13,29,FALSE
Female,Loyal Customer,17,Business Travel,Business,3892,2,2,2,2,2,2,2,2,1,4,3,2,2,2.15,1,0,FALSE
Female,Loyal Customer,51,Business Travel,Eco,562,5,3,4,4,5,3,2,5,5,5,5,5,1,4,12,11,TRUE
Female,Loyal Customer,50,Business Travel,Business,1009,5,5,5,5,3,5,4,5,5,5,5,3,3,4.46,0,0,TRUE
Male,Loyal Customer,58,Business Travel,Business,2068,2,2,2,2,3,2,2,2,2,3,2,4,4,2.46,0,0,FALSE
Female,Loyal Customer,30,Business Travel,Business,3923,3,3,3,3,3,3,3,3,1,4,4,2,3,2.92,1,0,FALSE
Male,Loyal Customer,56,Business Travel,Business,1547,2,2,2,2,3,4,4,2,2,2,2,4,5,2.77,34,18,TRUE
Male,Disloyal Customer,30,Business Travel,Business,347,3,3,3,3,4,3,4,4,4,1,3,1,4,3.08,0,0,FALSE
Female,Loyal Customer,47,Business Travel,Eco,199,3,4,4,4,3,3,3,3,3,3,3,1,4,3.15,0,0,FALSE
Male,Disloyal Customer,22,Business Travel,Eco,212,1,4,1,4,5,1,5,5,4,1,4,4,5,3.38,9,11,FALSE
Male,Disloyal Customer,48,Business Travel,Business,223,1,1,1,1,5,1,5,5,4,2,4,3,5,2.92,0,5,FALSE
Female,Disloyal Customer,27,Business Travel,Eco,539,2,5,2,3,5,2,5,5,2,5,3,1,5,3.46,0,0,FALSE
Male,Loyal Customer,60,Personal Travel,Eco,1262,1,4,1,1,5,1,5,5,3,3,4,4,5,3.23,0,0,FALSE
Female,Loyal Customer,40,Business Travel,Business,3984,2,2,2,2,5,5,4,5,5,5,5,5,3,3.85,12,4,TRUE
Male,Loyal Customer,30,Business Travel,Eco Plus,1044,4,4,4,4,4,4,4,4,2,3,4,1,4,3.54,15,12,FALSE
Male,Loyal Customer,24,Business Travel,Business,3090,3,1,1,1,3,3,3,3,1,1,1,5,3,2.23,10,4,FALSE
Male,Loyal Customer,66,Personal Travel,Eco,1235,0,5,0,4,4,0,4,4,5,5,3,4,4,3.23,0,0,TRUE
Female,Loyal Customer,56,Business Travel,Business,383,3,3,3,3,2,2,3,3,3,2,3,3,1,2.62,0,0,FALSE
Female,Loyal Customer,70,Personal Travel,Eco,874,1,2,1,3,1,2,3,2,2,1,3,3,4,2.15,0,12,FALSE
Male,Loyal Customer,55,Personal Travel,Eco,697,2,5,2,1,2,2,2,2,5,5,5,4,2,3,0,0,FALSE
Female,Loyal Customer,17,Business Travel,Business,312,1,4,4,4,1,1,1,1,4,5,4,4,1,2.69,29,29,FALSE
Male,Loyal Customer,46,Business Travel,Business,1084,2,1,1,1,3,4,4,2,2,2,2,1,4,2.23,0,0,FALSE
Male,Loyal Customer,24,Business Travel,Business,861,1,1,1,1,2,2,2,2,4,2,5,4,2,2.23,0,0,TRUE
Female,Loyal Customer,59,Personal Travel,Eco,129,2,4,0,1,3,5,5,2,2,0,2,3,4,2.54,0,3,FALSE
Male,Loyal Customer,18,Personal Travel,Business,189,3,4,3,2,3,3,3,3,2,5,4,2,3,3.08,1,2,FALSE
Female,Loyal Customer,55,Personal Travel,Eco,299,1,5,3,1,3,3,3,4,4,5,5,3,3,3.31,136,156,FALSE
Male,Loyal Customer,46,Business Travel,Eco,196,5,2,2,2,5,5,5,5,1,5,3,3,5,3.69,0,0,TRUE
Male,Loyal Customer,26,Personal Travel,Eco,460,5,5,5,2,5,5,4,5,4,3,5,5,5,4.46,0,0,TRUE
Female,Disloyal Customer,22,Business Travel,Eco,605,0,0,0,1,4,0,4,4,2,3,5,1,4,2.15,0,0,TRUE
Male,Loyal Customer,62,Personal Travel,Eco,937,2,5,2,5,5,2,5,5,3,2,5,4,5,3.85,0,0,FALSE
Male,Loyal Customer,20,Personal Travel,Eco,1846,4,4,4,4,4,4,4,4,3,1,2,2,4,3.38,40,46,FALSE
Male,Disloyal Customer,28,Business Travel,Business,404,0,1,1,2,4,1,4,4,3,2,4,5,4,2.69,31,20,TRUE
Female,Loyal Customer,57,Personal Travel,Eco,1334,1,5,1,4,2,5,4,3,3,1,3,5,4,3.15,3,0,FALSE
Female,Loyal Customer,9,Personal Travel,Eco,473,1,5,1,3,1,1,1,1,1,5,5,5,1,2.38,14,5,FALSE
Female,Loyal Customer,29,Business Travel,Business,2486,2,2,2,2,2,2,2,2,3,1,2,2,2,2,0,14,FALSE
Male,Loyal Customer,54,Business Travel,Business,1797,3,3,3,3,5,4,2,4,4,4,4,2,4,3.46,60,55,TRUE
Female,Loyal Customer,48,Business Travel,Eco,282,4,4,4,4,1,1,2,4,4,4,4,3,4,3.31,64,69,TRUE
Female,Disloyal Customer,47,Business Travel,Business,472,4,4,4,1,3,4,3,3,5,5,5,3,3,3.62,11,0,TRUE
Female,Loyal Customer,40,Business Travel,Eco,191,4,5,4,4,4,4,4,4,1,5,3,3,4,3.77,8,0,TRUE
Female,Disloyal Customer,28,Business Travel,Eco,1008,3,2,2,3,1,2,1,1,5,3,3,4,1,2.38,0,0,FALSE
Male,Loyal Customer,27,Business Travel,Business,1337,5,5,1,5,5,5,5,5,5,5,4,5,5,4.62,0,0,TRUE
Male,Loyal Customer,59,Business Travel,Business,592,4,4,4,4,2,5,5,4,4,4,4,5,3,4,0,0,TRUE
Male,Loyal Customer,28,Business Travel,Eco,661,3,3,1,3,3,3,3,3,1,3,3,3,3,2.69,35,59,FALSE
Female,Loyal Customer,41,Business Travel,Business,604,2,2,3,2,4,4,5,4,4,4,4,3,5,3.54,0,0,TRUE
Male,Loyal Customer,51,Personal Travel,Eco,1089,4,5,4,4,2,4,2,2,5,4,5,5,2,3.69,0,32,FALSE
Male,Loyal Customer,55,Business Travel,Business,3660,3,1,1,1,3,3,4,3,3,3,3,3,4,2.69,0,0,FALSE
Male,Loyal Customer,29,Business Travel,Business,1623,4,4,4,4,5,5,5,5,4,4,4,4,5,4.38,0,0,TRUE
Female,Disloyal Customer,35,Business Travel,Business,2125,4,4,4,1,2,4,2,2,4,5,5,4,2,3.31,3,3,FALSE
Male,Loyal Customer,39,Business Travel,Business,1023,2,2,2,2,3,5,4,5,5,5,5,5,5,3.85,4,0,TRUE
Female,Disloyal Customer,49,Business Travel,Business,316,1,1,1,3,4,1,4,4,3,3,4,3,4,2.77,0,1,FALSE
Male,Loyal Customer,53,Business Travel,Business,3648,2,1,4,4,3,2,2,2,2,2,2,4,2,2.46,42,25,FALSE
Male,Loyal Customer,54,Business Travel,Business,2436,5,5,5,5,5,5,4,5,5,5,5,3,4,4.69,0,0,TRUE
Female,Loyal Customer,44,Personal Travel,Eco,402,0,4,0,4,3,4,5,2,2,0,2,4,4,2.62,0,0,TRUE
Male,Loyal Customer,41,Business Travel,Business,134,5,5,5,5,2,4,4,3,3,4,5,4,4,4.08,0,0,TRUE
Female,Loyal Customer,35,Personal Travel,Eco,689,1,4,1,2,1,1,1,1,4,4,5,3,1,2.23,0,1,FALSE
Male,Loyal Customer,49,Business Travel,Business,3732,1,1,1,1,3,4,5,4,4,4,4,3,4,3,0,0,TRUE
Male,Loyal Customer,65,Personal Travel,Eco,2342,1,4,2,1,2,2,2,2,2,5,2,5,2,2.46,0,1,FALSE
Female,Loyal Customer,39,Business Travel,Business,2065,2,1,1,1,5,4,4,2,2,2,2,2,1,2.23,0,0,FALSE
Male,Loyal Customer,17,Business Travel,Business,2342,3,3,3,3,5,5,5,5,5,5,5,4,5,4.31,0,0,TRUE
Male,Loyal Customer,37,Personal Travel,Eco,173,3,4,3,3,3,3,3,3,4,2,3,1,3,2.92,93,99,FALSE
Male,Loyal Customer,34,Personal Travel,Eco,368,2,4,2,4,1,2,1,1,2,3,2,5,1,2.31,0,0,FALSE
Female,Loyal Customer,49,Business Travel,Eco,748,5,1,1,1,2,4,5,4,4,5,4,4,5,3.46,49,49,TRUE
Female,Loyal Customer,54,Business Travel,Business,1903,3,3,3,3,2,4,4,5,5,5,5,5,4,3.92,0,0,TRUE
Female,Disloyal Customer,20,Business Travel,Eco,1069,1,1,1,3,2,1,2,2,4,2,4,3,2,2.15,0,0,FALSE
Female,Loyal Customer,52,Business Travel,Business,3894,1,1,1,1,3,1,5,5,5,5,3,1,2,2.62,0,50,TRUE
Female,Loyal Customer,44,Personal Travel,Eco,1183,4,5,4,3,2,5,4,5,5,4,2,3,5,3.92,5,0,TRUE
Female,Disloyal Customer,21,Business Travel,Eco,2677,3,3,3,2,3,1,1,1,3,4,3,1,1,2.23,0,17,FALSE
Female,Loyal Customer,64,Personal Travel,Eco,214,2,2,2,3,5,3,4,4,4,2,3,1,4,3,81,72,FALSE
Male,Loyal Customer,49,Personal Travel,Eco,861,1,4,1,4,3,1,3,3,5,3,5,4,3,3.08,0,44,FALSE
Male,Loyal Customer,43,Personal Travel,Eco,282,1,2,1,3,1,1,2,1,1,4,4,4,1,2,0,0,FALSE
Female,Loyal Customer,45,Business Travel,Business,423,4,4,4,4,4,4,4,4,4,4,4,4,4,4,1,0,FALSE
Female,Loyal Customer,57,Business Travel,Business,3259,2,5,2,2,4,5,4,4,4,4,5,4,4,3.77,0,0,TRUE
Male,Loyal Customer,63,Business Travel,Eco,566,5,2,2,2,5,5,5,5,2,4,5,3,5,3.85,0,0,TRUE
Male,Loyal Customer,62,Personal Travel,Eco,1013,1,2,1,2,4,1,4,4,4,4,2,1,4,2.62,0,11,FALSE
Female,Loyal Customer,61,Business Travel,Eco Plus,762,2,5,5,5,1,3,3,2,2,2,2,4,4,3.08,0,23,FALSE
Female,Disloyal Customer,18,Business Travel,Eco Plus,304,1,3,0,4,2,0,2,2,4,5,4,1,2,2.31,44,58,FALSE
Female,Loyal Customer,46,Business Travel,Business,2961,3,3,3,3,4,4,4,5,3,4,5,4,4,3.77,416,407,TRUE
Female,Loyal Customer,43,Business Travel,Business,2935,2,2,2,2,5,5,5,4,4,4,4,5,3,3.62,18,2,TRUE
Male,Loyal Customer,56,Personal Travel,Eco,1005,2,3,2,3,3,2,3,3,1,4,3,1,3,2.54,24,35,FALSE
Female,Loyal Customer,39,Business Travel,Business,3207,1,1,1,1,2,3,3,4,4,4,4,2,4,2.62,3,0,TRUE
Female,Loyal Customer,50,Business Travel,Business,2845,3,1,1,1,5,4,4,3,3,3,3,1,4,2.77,0,0,FALSE
Male,Loyal Customer,42,Business Travel,Business,140,4,5,5,5,2,3,3,3,3,3,4,2,2,3.38,0,0,FALSE
Female,Loyal Customer,40,Business Travel,Eco,251,4,2,2,2,4,4,4,4,1,3,3,3,4,3.08,0,7,TRUE
Female,Loyal Customer,41,Personal Travel,Eco,604,5,4,5,2,5,5,5,5,3,3,5,3,5,4.23,0,0,TRUE
Female,Disloyal Customer,25,Business Travel,Business,952,4,2,4,1,4,4,4,4,4,5,4,3,4,3.62,0,0,TRUE
Male,Disloyal Customer,23,Business Travel,Eco,1470,5,0,0,4,4,5,2,4,5,3,4,4,4,3.38,0,2,TRUE
Male,Disloyal Customer,17,Business Travel,Business,846,4,4,4,2,2,4,2,2,5,3,5,3,2,3.23,0,0,TRUE
Male,Loyal Customer,10,Personal Travel,Eco,1124,1,5,1,2,3,1,3,3,5,3,3,3,3,2.77,0,0,FALSE
Male,Loyal Customer,37,Business Travel,Eco,596,4,4,4,4,4,5,4,4,3,5,3,2,4,3.85,0,0,TRUE
Male,Disloyal Customer,20,Business Travel,Eco,395,0,0,0,1,2,0,2,2,4,2,5,4,2,1.85,0,0,TRUE
Female,Loyal Customer,59,Business Travel,Business,1399,4,4,4,4,4,5,4,3,3,3,3,4,3,3.69,2,3,TRUE
Female,Loyal Customer,30,Business Travel,Business,1846,5,5,2,5,4,4,4,4,5,5,5,4,4,4.31,14,0,TRUE
Male,Loyal Customer,36,Business Travel,Business,1464,2,2,2,2,5,5,5,4,4,4,4,5,5,3.77,0,0,TRUE
Female,Disloyal Customer,29,Business Travel,Business,1121,2,2,2,4,2,2,2,2,3,4,5,5,2,2.85,0,0,FALSE
Female,Loyal Customer,59,Personal Travel,Eco Plus,86,2,3,2,1,4,2,3,1,1,2,1,3,4,2.23,0,0,FALSE
Female,Loyal Customer,68,Personal Travel,Business,468,0,2,0,4,5,3,3,4,4,0,4,1,2,2.46,0,0,TRUE
Male,Loyal Customer,61,Business Travel,Business,1961,1,1,1,1,4,5,4,4,4,4,4,3,3,3,102,97,TRUE
Female,Loyal Customer,48,Personal Travel,Eco,1129,4,4,4,1,4,4,4,3,3,4,2,5,4,3.54,0,0,FALSE
Male,Loyal Customer,25,Business Travel,Business,2342,1,3,1,1,4,4,4,3,1,4,2,4,4,2.77,46,48,TRUE
Male,Loyal Customer,8,Personal Travel,Eco,781,3,5,3,3,5,3,5,5,5,3,5,5,5,4.23,1,0,FALSE
Male,Loyal Customer,65,Personal Travel,Eco,602,2,1,2,4,5,2,5,5,4,4,4,1,5,3.38,0,0,FALSE
Male,Loyal Customer,26,Business Travel,Business,1452,2,5,5,5,2,2,2,2,2,4,4,2,2,3,0,15,FALSE
Male,Loyal Customer,53,Business Travel,Business,431,4,2,2,2,1,3,4,4,4,4,4,2,1,2.85,6,11,FALSE
Female,Disloyal Customer,29,Business Travel,Eco,773,2,2,2,3,4,2,4,4,1,3,3,3,4,2.85,4,13,FALSE
Female,Disloyal Customer,30,Business Travel,Eco,507,2,4,2,4,4,2,4,4,2,1,3,3,4,3,0,0,FALSE
Female,Loyal Customer,50,Business Travel,Business,2283,1,5,5,5,1,2,3,1,1,2,1,1,4,2.46,13,5,FALSE
Female,Loyal Customer,31,Business Travel,Business,2436,1,1,3,1,1,1,1,1,4,4,3,1,1,1.77,0,0,FALSE
Female,Loyal Customer,41,Business Travel,Business,2223,4,4,5,4,3,5,5,4,4,4,4,3,5,4.15,10,5,TRUE
Female,Loyal Customer,44,Business Travel,Eco,533,2,1,3,3,5,4,3,2,2,2,2,2,2,2.54,58,54,FALSE
Female,Loyal Customer,7,Personal Travel,Eco,399,2,3,2,3,1,2,1,1,5,3,5,1,1,2.31,0,0,FALSE
Male,Loyal Customer,59,Business Travel,Business,951,3,3,3,3,5,5,4,4,4,4,4,4,5,3.92,0,0,TRUE
Female,Loyal Customer,53,Business Travel,Business,192,2,2,2,2,5,5,4,5,5,5,5,5,4,3.92,0,0,TRUE
Male,Loyal Customer,43,Business Travel,Business,1849,4,4,5,4,1,3,4,4,4,4,4,3,4,3.69,2,0,FALSE
Male,Loyal Customer,46,Business Travel,Business,721,2,5,5,5,4,3,4,2,2,2,2,2,3,3.15,39,29,FALSE
Male,Loyal Customer,24,Personal Travel,Business,1092,2,2,2,4,2,2,2,2,4,5,4,4,2,2.85,0,0,FALSE
Male,Loyal Customer,39,Business Travel,Business,239,3,3,3,3,3,4,2,4,4,4,4,3,4,3.38,0,0,TRUE
Male,Disloyal Customer,37,Business Travel,Business,985,1,1,1,4,5,1,5,5,3,3,5,4,5,3.31,2,15,FALSE
Female,Loyal Customer,40,Business Travel,Eco,107,3,3,3,3,3,4,3,3,4,4,4,2,3,3.23,58,43,FALSE
Male,Loyal Customer,25,Personal Travel,Eco,2521,3,2,3,4,4,3,4,4,1,5,4,3,4,3.38,0,18,FALSE
Female,Loyal Customer,28,Business Travel,Eco,805,5,5,5,5,5,5,5,5,4,5,2,5,5,4.69,0,0,TRUE
Male,Loyal Customer,44,Business Travel,Business,922,1,4,4,4,5,2,2,1,1,1,1,2,4,2.46,0,0,FALSE
Female,Disloyal Customer,21,Business Travel,Business,1218,3,2,3,2,4,3,4,4,3,1,3,2,4,2.92,57,35,FALSE
Male,Loyal Customer,55,Business Travel,Business,2945,2,2,2,2,1,4,4,2,2,3,2,3,2,2.38,0,8,FALSE
Male,Loyal Customer,17,Personal Travel,Eco,328,3,2,3,3,5,3,1,5,4,3,4,1,5,3.23,0,0,FALSE
Male,Loyal Customer,49,Business Travel,Business,541,4,4,4,4,5,4,5,3,3,4,3,5,5,4.08,0,0,TRUE
Male,Loyal Customer,39,Business Travel,Eco,488,3,4,4,4,3,3,3,3,1,2,4,3,3,3.08,3,12,FALSE
Male,Loyal Customer,38,Personal Travel,Eco,628,4,5,4,5,5,4,5,5,5,3,4,3,5,4.38,0,0,TRUE
Male,Loyal Customer,33,Business Travel,Business,948,1,1,1,1,4,4,4,4,5,3,5,3,4,3.08,0,0,TRUE
Female,Loyal Customer,35,Business Travel,Business,606,1,1,1,1,4,4,5,5,5,5,5,5,5,3.62,0,0,TRUE
Male,Disloyal Customer,45,Business Travel,Business,901,3,3,3,2,4,3,1,4,5,5,5,4,4,3.54,0,0,FALSE
Female,Loyal Customer,70,Business Travel,Business,2437,2,3,3,3,1,4,3,2,2,2,2,3,4,2.62,0,0,FALSE
Male,Loyal Customer,30,Business Travel,Business,2611,3,3,2,3,4,4,4,4,5,3,4,3,4,3.54,11,0,TRUE
Female,Disloyal Customer,42,Business Travel,Eco Plus,184,3,3,3,3,5,3,5,5,1,4,5,4,5,3.77,0,0,FALSE
Female,Loyal Customer,34,Business Travel,Eco Plus,1464,0,0,0,3,2,0,2,2,5,5,4,4,2,2.23,3,14,TRUE
Male,Loyal Customer,24,Business Travel,Eco,354,4,4,2,4,4,4,3,4,3,1,1,1,4,3,0,0,TRUE
Male,Loyal Customer,39,Business Travel,Business,185,2,3,3,3,4,3,4,3,3,3,2,2,2,2.85,105,101,FALSE
Male,Loyal Customer,48,Personal Travel,Eco,829,3,5,3,4,3,3,3,3,4,4,4,4,3,3.54,5,11,FALSE
Male,Loyal Customer,44,Business Travel,Eco,2446,2,2,2,2,2,2,2,2,4,4,5,3,2,2.62,20,0,TRUE
Male,Loyal Customer,31,Business Travel,Eco,395,2,1,1,1,2,2,2,2,3,5,2,3,2,2.15,5,7,FALSE
Female,Loyal Customer,37,Business Travel,Business,2861,3,3,3,3,1,4,5,4,4,4,4,1,5,3.38,0,0,TRUE
Male,Loyal Customer,80,Business Travel,Business,3247,1,5,1,1,1,1,5,4,4,4,4,2,5,2.92,50,37,TRUE
Male,Disloyal Customer,22,Business Travel,Eco,1005,5,4,4,1,4,4,5,4,3,3,4,5,4,3.85,0,0,TRUE
Male,Loyal Customer,52,Personal Travel,Eco,383,0,5,0,1,1,0,1,1,4,4,5,5,1,2.15,0,0,TRUE
Male,Loyal Customer,59,Personal Travel,Eco,420,3,3,5,3,1,5,1,1,2,5,3,3,1,2.77,5,29,FALSE
Male,Loyal Customer,69,Business Travel,Business,1448,3,3,3,3,2,4,4,3,3,2,3,3,2,2.92,0,0,FALSE
Female,Loyal Customer,44,Business Travel,Eco,106,5,4,4,4,5,1,3,5,5,5,5,2,1,3.77,0,0,TRUE
Female,Loyal Customer,14,Personal Travel,Eco,357,4,4,4,4,1,4,1,1,5,2,4,5,1,3.08,0,0,FALSE
Female,Loyal Customer,54,Business Travel,Business,3968,3,3,3,3,2,4,1,5,5,5,5,5,5,3.77,0,0,TRUE
Female,Loyal Customer,68,Personal Travel,Eco,541,4,3,4,3,4,4,3,5,5,4,5,4,2,3.85,4,0,FALSE
Male,Disloyal Customer,35,Business Travel,Business,1121,4,4,4,4,5,4,5,5,3,5,3,2,5,4.08,10,16,FALSE
Male,Loyal Customer,31,Business Travel,Eco,2409,5,1,1,1,5,5,5,5,3,5,5,2,5,3.69,0,0,TRUE
Female,Loyal Customer,54,Business Travel,Eco,308,5,5,5,5,1,5,5,5,5,5,5,3,5,4.54,0,0,TRUE
Female,Loyal Customer,47,Business Travel,Business,1891,3,3,3,3,2,3,4,4,4,4,4,4,5,3.54,0,0,TRUE
Male,Loyal Customer,30,Business Travel,Business,763,4,4,4,4,2,2,2,2,5,5,4,5,2,3.46,15,8,TRUE
Male,Loyal Customer,40,Business Travel,Business,2802,2,2,2,2,2,5,4,4,4,4,4,3,4,3.23,31,23,TRUE
Male,Loyal Customer,46,Business Travel,Business,2106,3,5,5,5,3,3,3,3,3,3,3,1,2,3.23,24,0,FALSE
Female,Loyal Customer,40,Personal Travel,Business,931,2,4,2,4,3,5,5,5,5,2,5,3,4,3.77,93,101,FALSE
Male,Loyal Customer,40,Business Travel,Business,3799,2,2,5,2,2,4,5,5,5,5,5,3,3,3.69,81,96,TRUE
Female,Loyal Customer,29,Personal Travel,Eco,672,3,4,3,3,5,3,5,5,3,3,5,3,5,3.85,0,0,FALSE
Female,Loyal Customer,53,Business Travel,Eco Plus,110,2,3,5,3,4,3,3,3,3,2,3,2,4,3.08,0,0,FALSE
Female,Disloyal Customer,17,Business Travel,Business,1020,0,0,0,3,4,0,4,4,4,3,5,5,4,2.77,11,0,TRUE
Male,Loyal Customer,27,Business Travel,Business,358,1,1,3,1,5,5,5,5,5,4,4,3,5,3.62,0,0,TRUE
Female,Loyal Customer,77,Business Travel,Business,203,4,3,3,3,5,4,3,2,2,2,4,1,4,3.08,0,11,FALSE
Male,Loyal Customer,36,Business Travel,Eco Plus,818,2,3,3,3,2,2,2,2,1,1,3,3,2,2.23,21,37,FALSE
Male,Loyal Customer,43,Personal Travel,Eco,1096,3,3,3,1,3,3,3,3,5,2,2,1,3,2.69,68,43,FALSE
Female,Loyal Customer,68,Business Travel,Business,2832,3,3,3,3,3,4,5,3,3,4,3,5,3,3.46,113,105,TRUE
Male,Loyal Customer,28,Personal Travel,Eco,296,3,5,3,2,5,3,5,5,3,4,5,3,5,3.92,17,13,FALSE
Male,Disloyal Customer,25,Business Travel,Eco,374,2,1,2,1,4,2,4,4,3,3,1,3,4,2.62,25,29,FALSE
Female,Loyal Customer,39,Business Travel,Business,2446,2,2,2,2,2,5,5,4,4,4,4,4,3,3.31,0,0,TRUE
Female,Loyal Customer,55,Personal Travel,Eco,993,1,4,1,1,2,4,4,3,3,1,3,3,4,2.62,0,0,FALSE
Male,Loyal Customer,58,Business Travel,Business,1590,3,3,3,3,5,5,4,4,4,4,4,3,4,3.77,2,0,TRUE
Female,Loyal Customer,18,Business Travel,Eco Plus,878,0,5,0,4,4,0,4,4,1,2,3,1,4,2.46,20,20,TRUE
Female,Loyal Customer,64,Business Travel,Business,166,5,5,5,5,2,4,1,5,5,5,4,5,2,4.08,0,0,TRUE
Male,Loyal Customer,7,Personal Travel,Eco,304,4,4,4,4,5,4,5,5,4,4,3,2,5,4.08,0,0,FALSE
Male,Loyal Customer,41,Business Travel,Business,2556,3,3,3,3,5,5,5,3,3,4,4,5,5,3.92,0,11,TRUE
Female,Loyal Customer,56,Personal Travel,Eco,948,3,3,3,3,1,4,4,3,3,3,3,1,3,2.85,0,0,FALSE
Male,Loyal Customer,9,Personal Travel,Eco,1389,1,4,1,4,1,1,1,1,3,2,4,4,1,2.15,0,0,FALSE
Male,Loyal Customer,25,Personal Travel,Eco,2475,3,5,3,2,3,3,3,3,3,2,5,5,3,3.31,0,0,FALSE
Male,Disloyal Customer,24,Business Travel,Eco,783,1,1,1,3,4,1,1,4,1,5,3,2,4,2.38,0,0,FALSE
Female,Loyal Customer,55,Business Travel,Business,764,2,2,2,2,2,4,4,5,5,5,5,5,3,3.54,0,0,TRUE
Female,Disloyal Customer,17,Business Travel,Eco,406,3,3,3,3,4,3,4,4,2,5,3,1,4,3.23,40,29,FALSE
Female,Loyal Customer,55,Business Travel,Business,1298,2,2,2,2,4,4,5,5,5,5,5,5,4,3.85,0,0,TRUE
Male,Loyal Customer,37,Business Travel,Business,2214,4,1,1,1,2,3,3,4,4,3,4,1,1,2.46,28,19,FALSE
Male,Loyal Customer,25,Business Travel,Eco Plus,645,3,5,5,5,3,3,2,3,2,5,4,4,3,3.62,86,82,FALSE
Male,Loyal Customer,46,Business Travel,Eco Plus,944,5,2,5,2,5,5,5,5,1,1,5,5,5,3.92,0,0,TRUE
Male,Loyal Customer,39,Business Travel,Business,308,5,5,4,5,3,5,5,4,4,4,4,4,4,4.31,4,8,TRUE
Female,Loyal Customer,27,Personal Travel,Eco,651,2,2,2,3,1,2,1,1,1,5,4,2,1,2.08,124,114,FALSE
Female,Disloyal Customer,21,Business Travel,Eco,337,2,1,2,4,2,2,2,4,2,4,3,2,2,2.46,137,138,FALSE
Female,Loyal Customer,39,Personal Travel,Eco,119,2,2,0,3,0,3,3,2,2,3,3,3,3,2.23,187,191,FALSE
Male,Loyal Customer,64,Personal Travel,Eco,919,3,5,3,3,2,3,2,2,5,1,1,4,2,2.77,0,0,FALSE
Female,Disloyal Customer,27,Business Travel,Eco,259,2,5,3,4,2,3,2,2,1,1,5,4,2,2.77,0,0,FALSE
Male,Disloyal Customer,37,Business Travel,Eco,117,3,1,3,4,5,3,5,5,4,2,3,2,5,3.46,0,0,FALSE
Female,Loyal Customer,63,Personal Travel,Eco Plus,449,5,3,5,3,2,4,4,2,2,5,2,3,1,3.15,0,0,TRUE
Male,Disloyal Customer,32,Business Travel,Business,735,2,2,2,3,4,2,4,4,5,5,5,4,4,3.54,0,0,FALSE
Female,Loyal Customer,59,Business Travel,Business,201,3,3,3,3,3,4,4,3,3,4,5,3,3,3.38,1,0,TRUE
Female,Loyal Customer,40,Business Travel,Eco Plus,896,2,1,1,1,2,2,2,2,2,5,4,3,2,2.23,8,10,FALSE
Male,Loyal Customer,57,Personal Travel,Eco,1009,3,5,3,3,4,3,4,4,3,3,5,4,4,3.69,26,27,FALSE
Male,Disloyal Customer,25,Business Travel,Eco,156,2,5,2,4,1,2,1,1,3,5,1,2,1,2.31,0,0,FALSE
Male,Loyal Customer,25,Personal Travel,Eco,483,3,1,3,4,5,3,5,5,4,5,4,5,5,4,5,0,FALSE
Male,Loyal Customer,60,Personal Travel,Eco Plus,641,3,5,3,1,5,3,5,5,3,2,5,5,5,3.85,7,0,FALSE
Male,Loyal Customer,61,Personal Travel,Eco,1532,2,1,3,3,2,3,2,2,2,5,4,1,2,2.46,0,0,FALSE
Male,Loyal Customer,15,Personal Travel,Eco,190,2,5,2,5,1,2,1,1,4,4,4,4,1,2.77,7,0,FALSE
Female,Loyal Customer,51,Business Travel,Eco,409,4,2,5,2,1,2,4,4,4,4,4,3,3,3.23,12,6,TRUE
Female,Loyal Customer,23,Business Travel,Business,236,3,4,4,4,3,3,3,3,3,5,3,3,3,3.38,0,0,FALSE
Male,Loyal Customer,45,Business Travel,Business,2539,4,4,4,4,2,4,4,5,5,5,5,4,3,4.08,10,3,TRUE
Male,Loyal Customer,13,Personal Travel,Eco,931,5,5,5,3,4,5,4,4,4,4,5,5,4,4.38,0,4,TRUE
Female,Disloyal Customer,31,Business Travel,Business,1990,2,2,2,2,5,2,5,5,3,2,3,4,5,3.23,18,6,FALSE
Male,Loyal Customer,40,Business Travel,Business,3298,3,3,3,3,2,4,5,3,3,3,3,4,5,3.38,0,0,TRUE
Female,Loyal Customer,47,Business Travel,Business,482,2,2,2,2,5,4,5,4,4,4,4,5,4,3.62,9,0,TRUE
Male,Loyal Customer,15,Personal Travel,Eco Plus,1504,3,3,3,1,2,3,2,2,4,5,1,4,2,2.69,0,0,FALSE
Female,Disloyal Customer,41,Business Travel,Eco,601,1,4,1,3,4,1,4,4,3,1,3,4,4,2.85,1,0,FALSE
Male,Loyal Customer,22,Personal Travel,Eco,1990,2,4,2,4,1,2,1,1,3,3,3,2,1,2.23,0,0,FALSE
Male,Loyal Customer,30,Business Travel,Business,1945,1,1,1,1,5,5,5,5,3,4,5,4,5,3.46,36,33,TRUE
Male,Loyal Customer,60,Business Travel,Business,1688,2,2,3,2,3,4,4,4,4,4,4,3,5,3.38,32,28,TRUE
Male,Loyal Customer,39,Business Travel,Business,3905,5,5,5,5,1,2,3,5,5,5,5,1,1,3.69,0,0,TRUE
Male,Loyal Customer,44,Business Travel,Business,302,2,2,2,2,4,4,4,5,5,5,5,4,4,3.69,31,22,TRUE
Female,Loyal Customer,49,Business Travel,Eco,797,2,5,5,5,2,3,4,2,2,2,2,2,3,3,29,19,FALSE
Male,Loyal Customer,35,Business Travel,Business,2615,5,5,5,5,2,3,5,4,4,4,4,3,3,4,0,0,TRUE
Male,Loyal Customer,40,Personal Travel,Eco Plus,770,1,5,1,4,4,1,4,4,5,3,4,5,4,3.46,22,17,FALSE
Male,Loyal Customer,47,Business Travel,Eco,587,1,2,1,1,1,1,1,1,1,3,3,4,1,1.62,35,18,FALSE
Female,Loyal Customer,12,Personal Travel,Eco Plus,1208,1,4,1,3,2,1,2,2,2,3,3,3,2,2.23,1,0,FALSE
Female,Loyal Customer,50,Personal Travel,Eco,163,3,4,3,1,4,4,5,4,4,3,5,5,3,3.69,0,0,FALSE
Male,Loyal Customer,24,Business Travel,Business,542,3,3,1,3,5,5,5,5,5,3,4,4,5,3.92,7,9,TRUE
Male,Loyal Customer,52,Business Travel,Eco,335,5,5,5,5,5,5,5,5,3,5,4,2,5,4.54,0,0,TRUE
Female,Loyal Customer,14,Personal Travel,Eco,669,1,5,1,1,5,1,5,5,4,5,5,3,5,3.54,53,41,FALSE
Male,Loyal Customer,16,Business Travel,Business,2579,2,4,4,4,2,3,2,2,3,1,3,4,2,2.77,0,0,FALSE
Male,Loyal Customer,40,Business Travel,Business,2227,5,5,5,5,4,4,5,4,4,4,4,5,3,4.38,15,50,TRUE
Male,Loyal Customer,54,Business Travel,Eco,746,2,4,4,4,2,2,2,2,4,5,3,3,2,3,0,0,FALSE
Male,Loyal Customer,72,Business Travel,Business,3712,4,4,4,4,5,3,4,4,4,3,4,1,4,3.69,0,0,FALSE
Female,Loyal Customer,22,Business Travel,Business,134,3,5,5,5,3,3,3,3,3,2,3,2,3,3.31,79,70,FALSE
Male,Loyal Customer,24,Personal Travel,Eco,1299,2,3,2,4,5,2,5,5,1,1,2,4,5,3.15,1,0,FALSE
Female,Loyal Customer,45,Business Travel,Business,1862,2,5,5,5,3,1,2,2,2,2,2,2,3,2.77,31,30,FALSE
Male,Loyal Customer,33,Business Travel,Eco,269,4,3,3,3,4,4,4,4,5,2,2,4,4,3.54,0,0,TRUE
Female,Loyal Customer,39,Business Travel,Business,936,1,1,1,1,2,4,3,3,3,4,3,5,1,2.46,17,3,TRUE
Male,Disloyal Customer,21,Business Travel,Eco,118,1,3,1,4,3,1,3,3,2,5,4,1,3,2.62,0,5,FALSE
Male,Loyal Customer,41,Business Travel,Eco,1199,3,2,2,2,3,3,3,3,4,1,3,1,3,2.54,4,0,FALSE
Female,Disloyal Customer,39,Business Travel,Eco,158,2,0,2,5,2,2,2,2,5,3,4,4,2,2.69,0,0,FALSE
Female,Disloyal Customer,24,Business Travel,Eco,148,2,3,1,4,2,1,2,2,1,5,1,2,2,2.15,3,8,FALSE
Male,Loyal Customer,51,Personal Travel,Eco,576,1,4,1,1,4,1,4,4,4,5,4,4,4,3.15,17,24,FALSE
Female,Disloyal Customer,44,Business Travel,Eco,391,1,5,2,3,4,2,4,4,5,2,1,1,4,2.92,0,2,FALSE
Male,Loyal Customer,42,Business Travel,Business,2711,5,5,3,5,4,5,4,4,4,4,4,4,4,4.23,5,18,TRUE
Female,Disloyal Customer,49,Business Travel,Business,314,3,3,3,3,5,3,1,5,3,3,5,5,5,3.62,0,0,FALSE
Male,Loyal Customer,61,Personal Travel,Eco,282,4,5,4,1,5,4,5,5,2,1,4,3,5,3.69,0,0,TRUE
Female,Loyal Customer,59,Business Travel,Business,1605,2,2,4,2,5,5,4,5,5,5,5,5,3,4,3,0,TRUE
Female,Loyal Customer,43,Business Travel,Business,1825,4,1,1,1,4,2,3,4,4,3,4,3,1,2.69,6,0,FALSE
Female,Loyal Customer,48,Business Travel,Business,3195,2,1,1,1,3,3,4,2,2,2,2,2,3,2.15,0,0,FALSE
Female,Disloyal Customer,27,Business Travel,Business,1303,2,2,2,3,5,2,5,5,3,2,4,3,5,3.31,0,0,FALSE
Female,Loyal Customer,40,Business Travel,Business,785,1,1,1,1,4,5,5,4,3,5,4,5,5,3.38,247,286,TRUE
Male,Loyal Customer,63,Personal Travel,Eco,624,3,5,3,4,2,3,2,2,5,3,3,4,2,3.15,7,17,FALSE
Male,Disloyal Customer,16,Business Travel,Eco,1616,2,2,2,3,5,2,5,5,4,2,3,3,5,3.31,0,0,FALSE
Male,Disloyal Customer,25,Business Travel,Eco,1546,2,2,2,1,2,2,2,2,3,4,5,4,2,2.54,0,0,FALSE
Male,Loyal Customer,40,Business Travel,Eco,1102,1,3,3,3,1,1,1,1,2,4,3,4,1,2.15,0,0,FALSE
Male,Disloyal Customer,25,Business Travel,Eco,1407,4,4,4,4,5,4,5,5,3,2,4,5,5,4.15,14,22,TRUE
Female,Loyal Customer,47,Personal Travel,Business,300,2,4,3,3,5,5,4,1,1,3,1,4,3,3,0,0,FALSE
Female,Loyal Customer,36,Business Travel,Business,1048,4,1,1,1,5,4,3,4,4,4,4,4,1,3.08,0,0,FALSE
Male,Loyal Customer,67,Personal Travel,Eco,1020,2,1,1,2,5,1,5,5,1,3,2,1,5,2.62,0,0,FALSE
Male,Loyal Customer,33,Business Travel,Eco,308,1,2,2,2,1,1,1,1,3,5,3,1,1,1.85,13,12,FALSE
Female,Loyal Customer,38,Business Travel,Business,2848,3,3,3,3,5,5,4,4,4,4,4,4,3,3.77,20,1,TRUE
Male,Loyal Customer,46,Business Travel,Business,2903,0,3,0,4,1,1,2,4,4,5,5,3,3,2.69,13,0,TRUE
Female,Loyal Customer,47,Business Travel,Business,500,5,5,5,5,3,5,4,5,5,5,5,3,4,4.54,0,0,TRUE
Male,Disloyal Customer,26,Business Travel,Business,806,4,4,4,5,2,4,2,2,4,2,5,5,2,3.46,0,0,TRUE
Male,Loyal Customer,33,Business Travel,Business,2703,2,2,2,2,4,5,4,4,5,4,5,5,4,3.69,0,0,TRUE
Female,Loyal Customer,44,Business Travel,Business,602,4,4,4,4,5,5,4,2,2,2,2,5,3,3.54,0,0,TRUE
Female,Loyal Customer,35,Business Travel,Eco,468,2,1,1,1,2,2,2,2,2,2,5,4,2,2.15,0,0,TRUE
Male,Loyal Customer,54,Personal Travel,Eco,2454,3,4,2,3,5,2,5,5,4,3,4,1,5,3.54,0,0,FALSE
Male,Loyal Customer,43,Business Travel,Business,989,1,1,1,1,5,4,4,4,4,4,4,3,5,3.15,0,0,TRUE
Female,Disloyal Customer,37,Business Travel,Eco,1079,4,4,4,3,1,4,1,1,4,4,3,3,1,2.85,24,16,FALSE
Female,Loyal Customer,16,Personal Travel,Eco,979,3,2,3,3,3,3,3,3,1,2,4,1,3,2.62,0,25,FALSE
Female,Loyal Customer,58,Business Travel,Business,1908,2,2,2,2,2,5,4,5,5,4,5,3,4,3.46,0,0,TRUE
Female,Loyal Customer,11,Personal Travel,Eco,1072,3,2,4,3,1,4,1,1,2,3,3,2,1,2.31,0,0,FALSE
Male,Loyal Customer,22,Business Travel,Eco Plus,2475,2,5,5,5,2,2,4,2,1,3,3,2,2,2.92,48,77,FALSE
Male,Loyal Customer,35,Personal Travel,Eco,2994,4,4,4,4,4,3,2,2,4,4,3,2,2,3.23,0,0,FALSE
Female,Loyal Customer,71,Business Travel,Business,2119,2,2,2,2,5,1,3,4,4,4,4,5,4,3.23,0,0,TRUE
Male,Loyal Customer,44,Business Travel,Business,3785,4,4,4,4,3,5,2,5,5,5,3,5,2,3.92,0,16,TRUE
Male,Loyal Customer,50,Business Travel,Business,3336,5,5,5,5,2,4,4,5,5,5,5,4,3,4.38,0,0,TRUE
Female,Disloyal Customer,22,Business Travel,Business,1616,4,0,4,2,2,4,2,2,5,4,3,3,2,2.85,0,0,TRUE
Female,Loyal Customer,69,Personal Travel,Eco,1096,1,5,1,4,5,4,2,5,5,1,5,4,3,3.46,0,0,FALSE
Male,Loyal Customer,48,Business Travel,Business,620,3,1,4,1,3,2,2,3,3,3,3,1,3,2.46,13,0,FALSE
Male,Loyal Customer,29,Personal Travel,Eco Plus,343,4,5,4,2,2,4,2,2,3,4,4,4,2,3.23,0,0,TRUE
Male,Loyal Customer,67,Personal Travel,Eco,328,3,4,3,3,5,3,5,5,4,3,4,3,5,3.85,0,0,FALSE
Male,Loyal Customer,7,Personal Travel,Eco Plus,1325,3,5,3,4,2,3,4,2,3,5,4,5,2,3.46,0,6,FALSE
Male,Loyal Customer,29,Business Travel,Eco Plus,1400,5,2,2,2,5,5,5,5,4,2,2,5,5,3.77,0,0,TRUE
Male,Disloyal Customer,25,Business Travel,Eco,1017,3,4,4,5,5,4,5,5,2,5,2,3,5,4,126,,FALSE
Female,Loyal Customer,24,Business Travel,Business,2229,0,0,0,2,5,5,5,5,1,4,4,2,5,2.92,0,1,TRUE
Female,Loyal Customer,56,Business Travel,Business,1635,2,2,2,2,4,4,4,5,2,5,4,4,4,3.38,145,122,TRUE
Male,Loyal Customer,34,Business Travel,Business,761,1,1,1,1,4,4,5,4,4,4,4,5,4,3.23,10,1,TRUE
Male,Loyal Customer,45,Business Travel,Business,356,1,1,1,1,5,5,4,4,4,5,4,4,4,3.31,60,41,TRUE
Female,Loyal Customer,42,Business Travel,Business,1874,4,4,4,4,4,4,5,2,2,2,2,5,5,3.62,20,30,TRUE
Female,Loyal Customer,47,Business Travel,Business,3240,1,1,1,1,2,4,5,4,4,4,4,4,3,2.92,12,2,TRUE
Male,Loyal Customer,23,Business Travel,Eco Plus,907,1,1,1,1,1,1,1,1,1,4,4,2,1,1.54,3,0,FALSE
Male,Disloyal Customer,18,Business Travel,Eco Plus,817,2,0,2,1,5,2,4,5,2,5,1,2,5,2.77,0,5,FALSE
Female,Disloyal Customer,27,Business Travel,Eco,622,4,0,4,3,5,4,5,5,4,2,3,1,5,3.46,75,61,FALSE
Male,Loyal Customer,23,Business Travel,Business,843,3,2,2,2,3,3,3,3,2,3,4,1,3,2.62,0,0,FALSE
Female,Loyal Customer,24,Business Travel,Business,1723,1,1,1,1,5,4,5,5,5,5,5,4,5,3.62,80,103,TRUE
Male,Loyal Customer,48,Business Travel,Eco Plus,227,4,3,3,3,4,4,4,4,2,2,1,3,4,3.15,0,0,TRUE
Female,Loyal Customer,33,Business Travel,Eco,745,3,3,3,3,3,3,3,3,3,1,4,2,3,2.85,0,0,FALSE
Female,Loyal Customer,19,Personal Travel,Eco,1616,4,4,4,3,1,4,4,1,3,4,4,4,1,3.15,2,0,FALSE
Male,Loyal Customer,48,Personal Travel,Eco,342,1,5,1,2,2,1,2,2,3,4,5,5,2,2.69,4,0,FALSE
Male,Loyal Customer,26,Business Travel,Business,2401,2,2,2,2,4,4,4,4,5,5,4,3,4,3.46,0,0,TRUE
Male,Loyal Customer,53,Business Travel,Business,159,2,2,4,2,3,5,4,5,5,4,4,4,5,3.77,15,13,TRUE
Male,Loyal Customer,19,Personal Travel,Eco,262,3,4,3,4,1,3,1,1,1,1,2,2,1,2.08,3,0,FALSE
Female,Disloyal Customer,18,Business Travel,Eco,326,1,0,0,3,3,0,2,3,3,3,5,1,3,2.08,0,0,FALSE
Female,Loyal Customer,61,Business Travel,Eco,944,2,2,2,2,5,4,4,3,3,2,3,1,3,2.77,87,79,FALSE
Female,Loyal Customer,19,Personal Travel,Business,970,1,4,0,3,1,0,1,1,4,5,4,3,1,2.15,12,0,FALSE
Female,Loyal Customer,9,Business Travel,Business,920,3,3,3,3,3,2,3,3,3,1,3,4,3,2.85,7,3,FALSE
Male,Loyal Customer,29,Business Travel,Business,1440,5,5,5,5,4,4,4,4,5,2,5,5,4,4.38,8,9,TRUE
Male,Loyal Customer,38,Business Travel,Business,1592,2,4,4,4,3,4,3,2,2,2,2,1,4,2.85,0,0,FALSE
Female,Disloyal Customer,27,Business Travel,Eco,997,3,3,3,3,3,3,3,3,3,3,4,3,3,3.08,0,0,FALSE
Male,Loyal Customer,48,Business Travel,Business,502,3,3,3,3,5,4,5,4,4,4,4,5,4,3.92,0,0,TRUE
Female,Loyal Customer,55,Business Travel,Eco,528,2,1,1,1,2,3,4,2,2,2,2,1,1,1.85,5,0,FALSE
Female,Loyal Customer,26,Personal Travel,Eco,677,4,2,5,3,3,5,3,3,1,1,4,4,3,3.15,0,5,TRUE
Female,Disloyal Customer,33,Business Travel,Eco,674,1,1,1,3,5,1,5,5,2,4,1,5,5,3,0,0,FALSE
Female,Loyal Customer,62,Business Travel,Business,3424,3,3,3,3,3,4,4,3,3,3,3,2,4,3.15,0,0,FALSE
Male,Loyal Customer,38,Personal Travel,Eco,391,3,4,3,1,2,3,2,2,5,2,5,3,2,2.85,68,77,FALSE
Female,Loyal Customer,36,Business Travel,Business,209,4,4,4,4,4,1,5,5,5,4,4,4,2,3.85,0,0,TRUE
Male,Loyal Customer,39,Business Travel,Eco,227,3,5,5,5,3,3,3,3,3,3,3,1,3,3.31,42,34,FALSE
Male,Loyal Customer,27,Personal Travel,Eco,1183,1,5,1,3,5,1,5,5,4,5,3,3,5,3.54,20,0,FALSE
Male,Loyal Customer,33,Business Travel,Business,3151,3,2,3,3,5,5,5,5,3,3,4,1,5,3.62,2,15,TRUE
Male,Loyal Customer,47,Business Travel,Business,2356,2,2,2,2,3,3,3,2,2,1,2,3,2,2.23,0,0,FALSE
Male,Loyal Customer,39,Business Travel,Business,1235,2,2,2,2,5,4,5,2,2,2,2,3,5,2.92,8,0,TRUE
Female,Disloyal Customer,27,Business Travel,Business,147,2,2,2,1,2,2,2,2,3,4,5,5,2,2.62,0,0,FALSE
Male,Loyal Customer,56,Business Travel,Business,409,2,2,2,2,3,4,5,4,4,4,4,4,3,3.31,18,6,TRUE
Male,Loyal Customer,67,Personal Travel,Eco,1788,2,2,2,3,2,2,2,2,3,4,4,1,2,2.38,0,7,FALSE
Male,Loyal Customer,34,Personal Travel,Eco,748,2,2,2,3,3,2,3,3,4,3,4,1,3,2.69,129,122,FALSE
Male,Loyal Customer,43,Business Travel,Business,2106,1,1,1,1,3,5,5,4,4,4,4,5,4,3.23,5,0,TRUE
Male,Loyal Customer,51,Business Travel,Business,2241,3,3,3,3,4,4,5,4,4,4,4,3,5,3.77,0,0,TRUE
Female,Loyal Customer,39,Business Travel,Business,853,3,3,3,3,4,4,5,5,5,5,5,4,3,4,0,0,TRUE
Male,Loyal Customer,58,Business Travel,Business,2957,5,5,5,5,2,5,4,4,4,4,5,5,5,4.46,45,44,TRUE
Female,Disloyal Customer,38,Business Travel,Business,190,4,4,4,1,1,4,1,1,4,3,4,5,1,2.85,0,0,TRUE
Female,Disloyal Customer,21,Business Travel,Eco,337,0,0,0,3,5,0,5,5,2,4,2,2,5,2.54,0,0,TRUE
Male,Loyal Customer,37,Business Travel,Business,2376,1,5,5,5,1,3,4,1,1,1,1,4,3,2.69,0,0,FALSE
Female,Loyal Customer,53,Business Travel,Business,1919,3,1,1,1,4,3,3,3,3,2,3,4,2,2.54,100,80,FALSE
Male,Loyal Customer,11,Personal Travel,Eco,337,2,4,2,2,5,2,5,5,2,2,5,4,5,3.46,0,0,FALSE
Female,Loyal Customer,46,Business Travel,Business,1844,5,5,5,5,4,4,4,5,5,5,5,4,5,4.69,39,43,TRUE
Female,Loyal Customer,46,Personal Travel,Eco,1205,4,1,4,3,4,3,3,1,1,4,1,4,2,2.69,0,0,FALSE
Male,Disloyal Customer,26,Business Travel,Business,550,3,4,4,2,2,4,2,2,5,2,4,4,2,3.08,0,0,FALSE
Male,Loyal Customer,28,Business Travel,Business,3935,2,2,2,2,5,5,5,5,5,2,5,4,5,3.77,0,0,TRUE
Female,Loyal Customer,37,Business Travel,Business,2979,4,4,4,4,4,4,4,5,5,5,5,1,4,4.08,0,0,TRUE
Male,Loyal Customer,51,Personal Travel,Eco Plus,1020,2,0,2,3,5,2,1,5,4,3,3,3,5,2.92,52,30,FALSE
Male,Loyal Customer,36,Personal Travel,Eco,1136,5,4,5,3,1,5,1,1,4,2,3,3,1,2.92,0,28,TRUE
Female,Loyal Customer,59,Personal Travel,Business,651,4,2,4,3,3,3,3,2,2,4,2,4,3,3,0,0,FALSE
Male,Disloyal Customer,37,Business Travel,Business,164,3,2,2,5,4,2,4,4,3,3,4,3,4,3.31,0,31,FALSE
Male,Loyal Customer,43,Business Travel,Business,802,4,4,4,4,4,5,5,5,5,5,5,4,4,4.46,0,0,TRUE
Female,Loyal Customer,14,Personal Travel,Eco,919,2,4,2,2,5,2,5,5,4,4,3,2,5,3.46,0,0,FALSE
Female,Loyal Customer,49,Business Travel,Business,3365,4,4,4,4,2,4,5,4,4,4,4,4,4,3.92,0,0,TRUE
Male,Loyal Customer,25,Business Travel,Business,651,2,5,5,5,2,2,2,2,4,1,1,4,2,2.85,96,80,FALSE
Female,Loyal Customer,22,Business Travel,Eco,453,2,5,5,5,2,3,1,2,2,3,2,4,2,2.92,0,23,FALSE
Male,Loyal Customer,72,Business Travel,Business,2450,3,3,3,3,4,2,2,3,3,3,3,2,4,2.92,12,0,FALSE
Male,Loyal Customer,55,Business Travel,Business,3121,3,3,3,3,2,4,5,4,4,4,4,4,3,3.54,0,3,TRUE
Female,Disloyal Customer,34,Business Travel,Business,377,3,3,3,5,4,3,2,4,4,3,4,5,4,3.62,0,0,FALSE
Female,Loyal Customer,36,Business Travel,Business,2993,2,2,2,2,1,3,4,2,2,2,2,3,4,2.38,9,24,FALSE
Male,Loyal Customer,31,Business Travel,Eco,2378,2,3,5,3,1,2,2,3,1,4,3,2,2,2.54,0,12,FALSE
Male,Loyal Customer,38,Business Travel,Business,1562,4,4,4,4,4,4,5,4,4,4,4,5,3,4.08,13,8,TRUE
Female,Disloyal Customer,20,Business Travel,Eco,282,3,4,3,4,2,3,2,2,1,5,3,2,2,2.77,0,0,FALSE
Female,Loyal Customer,47,Business Travel,Business,129,2,2,2,2,2,5,2,4,4,4,4,1,1,2.69,12,8,TRUE
Male,Loyal Customer,76,Business Travel,Business,579,5,2,2,2,1,4,3,5,5,4,5,2,1,3.15,0,0,FALSE
Male,Loyal Customer,28,Personal Travel,Eco,707,1,5,1,2,5,1,2,5,4,3,5,3,5,3.23,0,0,FALSE
Male,Loyal Customer,35,Business Travel,Business,3732,4,4,4,4,3,2,4,5,5,5,5,1,5,3.92,0,1,TRUE
Female,Loyal Customer,49,Business Travel,Eco,874,2,3,3,3,5,3,3,2,2,2,2,1,1,2.46,0,0,FALSE
Female,Loyal Customer,15,Personal Travel,Eco Plus,328,2,3,4,1,4,4,4,4,4,5,3,3,4,3.46,0,0,FALSE
Male,Loyal Customer,32,Business Travel,Business,296,4,4,4,4,5,5,5,5,4,2,4,4,5,4.23,0,0,TRUE
Male,Loyal Customer,55,Business Travel,Business,2132,3,4,2,4,3,4,4,3,3,3,3,4,2,3.23,0,0,FALSE
Male,Disloyal Customer,24,Business Travel,Business,919,4,2,4,5,1,4,1,1,5,2,4,3,1,2.85,10,0,TRUE
Male,Loyal Customer,8,Business Travel,Business,2053,4,4,4,4,5,5,5,5,5,2,5,5,5,4.46,0,0,TRUE
Female,Disloyal Customer,39,Business Travel,Business,361,1,1,1,3,1,1,1,1,5,3,4,3,1,2,0,6,FALSE
Female,Loyal Customer,22,Business Travel,Eco,173,2,4,4,4,2,2,3,2,2,1,4,1,2,2.54,13,14,FALSE
Female,Loyal Customer,42,Business Travel,Business,2632,4,4,4,4,1,4,3,4,4,4,4,3,2,3.46,23,22,TRUE
Male,Loyal Customer,45,Business Travel,Business,2931,1,1,2,1,4,4,1,5,5,5,5,2,2,2.92,0,0,TRUE
Female,Disloyal Customer,24,Business Travel,Eco,280,4,5,4,2,4,4,4,4,3,4,5,5,4,4,0,3,FALSE
Female,Loyal Customer,15,Personal Travel,Eco,1608,4,5,4,4,2,4,2,2,3,4,4,5,2,3.46,0,0,TRUE
Female,Loyal Customer,53,Business Travel,Business,1754,1,1,1,1,5,3,5,5,5,4,5,3,3,3.23,0,0,TRUE
Female,Loyal Customer,56,Business Travel,Business,2719,5,5,5,5,5,5,4,3,3,4,3,3,3,4.08,0,0,TRUE
Female,Loyal Customer,29,Business Travel,Business,1791,3,3,3,3,5,5,5,5,5,4,5,5,5,4.31,9,0,TRUE
Male,Loyal Customer,8,Personal Travel,Eco,1464,2,4,2,2,2,2,2,2,5,4,3,3,2,2.69,0,0,FALSE
Female,Loyal Customer,41,Business Travel,Business,2417,3,3,2,3,2,3,4,4,4,4,4,4,4,3.38,0,28,TRUE
Female,Loyal Customer,48,Business Travel,Business,2416,1,1,1,1,2,5,5,5,5,5,5,4,3,3.31,0,0,TRUE
Female,Loyal Customer,62,Personal Travel,Eco,570,2,4,2,1,4,4,5,4,4,2,4,4,3,3.31,0,0,FALSE
Male,Loyal Customer,44,Business Travel,Business,2855,4,4,4,4,4,4,5,4,4,4,4,4,3,4,0,12,TRUE
Male,Loyal Customer,57,Business Travel,Business,868,1,1,1,1,4,5,4,4,4,4,4,5,3,3.15,0,0,TRUE
Male,Disloyal Customer,62,Business Travel,Business,968,2,2,2,3,5,2,5,5,1,3,3,3,5,3.15,0,1,FALSE
Male,Loyal Customer,61,Personal Travel,Eco,436,3,5,3,5,5,3,5,5,4,3,5,3,5,4.15,28,29,FALSE
Female,Loyal Customer,12,Personal Travel,Eco Plus,1045,1,4,1,1,1,1,1,1,5,4,4,3,1,2.15,0,0,FALSE
Male,Loyal Customer,50,Business Travel,Business,3880,1,1,1,1,3,5,4,4,4,4,4,5,4,3.15,36,27,TRUE
Male,Loyal Customer,11,Personal Travel,Eco,731,1,2,1,3,5,1,5,5,2,5,3,3,5,3.15,0,1,FALSE
Male,Loyal Customer,65,Personal Travel,Eco Plus,605,1,5,1,5,5,1,5,5,4,3,4,3,5,3.62,14,6,FALSE
Male,Loyal Customer,39,Business Travel,Business,3637,3,3,3,3,2,4,4,4,4,4,4,5,5,3.69,0,0,TRUE
Male,Loyal Customer,69,Personal Travel,Eco,644,2,4,2,2,5,2,5,5,3,5,5,5,5,3.85,25,17,FALSE
Male,Loyal Customer,55,Personal Travel,Eco,908,4,4,4,3,5,4,2,5,5,4,4,1,5,3.85,3,0,TRUE
Male,Disloyal Customer,22,Business Travel,Business,1182,0,0,0,5,1,0,1,1,1,3,3,1,1,1.31,0,0,TRUE
Female,Loyal Customer,12,Personal Travel,Eco,1569,2,4,2,4,4,2,4,4,1,4,2,3,4,3.08,0,0,FALSE
Female,Loyal Customer,26,Business Travel,Eco,912,3,4,3,4,3,3,2,3,1,4,3,3,3,3,0,0,FALSE
Female,Disloyal Customer,44,Business Travel,Eco,1235,3,3,3,4,1,3,1,1,3,2,4,3,1,2.46,0,0,FALSE
Male,Loyal Customer,38,Business Travel,Business,3048,3,3,2,3,3,4,4,5,5,5,5,3,5,3.85,8,1,TRUE
Male,Loyal Customer,67,Business Travel,Business,1208,3,3,3,3,2,4,5,4,4,4,4,5,5,3.77,0,0,TRUE
Male,Loyal Customer,17,Personal Travel,Eco,677,2,5,2,4,5,2,4,5,3,5,5,4,5,3.92,0,0,FALSE
Male,Loyal Customer,40,Business Travel,Eco,896,1,2,2,2,1,1,1,1,2,4,3,1,1,1.69,36,25,FALSE
Female,Loyal Customer,63,Personal Travel,Eco Plus,334,1,3,2,3,5,4,3,1,1,2,4,1,2,2.46,17,0,FALSE
Female,Disloyal Customer,22,Business Travel,Eco,746,2,1,1,3,5,1,5,5,4,2,5,3,5,3.23,27,44,FALSE
Female,Loyal Customer,26,Personal Travel,Eco,1371,2,5,1,2,5,1,4,5,4,4,4,4,5,3.54,0,0,FALSE
Male,Loyal Customer,35,Business Travel,Eco,502,4,4,3,4,4,4,4,4,1,3,3,1,4,3.31,0,0,TRUE
Female,Loyal Customer,30,Business Travel,Eco Plus,1047,4,2,2,2,4,4,4,4,4,2,4,1,4,3.15,0,0,TRUE
Male,Loyal Customer,60,Personal Travel,Eco,925,3,5,3,3,2,3,5,2,5,1,2,2,2,2.92,8,0,FALSE
Female,Loyal Customer,66,Personal Travel,Eco,1020,1,5,1,5,1,1,5,2,2,1,2,3,3,2.46,7,0,FALSE
Male,Disloyal Customer,22,Business Travel,Eco,599,0,0,0,1,5,0,5,5,3,3,5,3,5,2.69,6,0,TRUE
Female,Loyal Customer,32,Business Travel,Business,3699,5,5,5,5,3,4,4,3,4,3,5,3,3,4,1,0,TRUE
Male,Loyal Customer,44,Business Travel,Business,2745,2,2,2,2,3,5,5,4,4,4,4,3,3,3.31,98,84,TRUE
Male,Loyal Customer,60,Personal Travel,Eco Plus,151,4,4,4,4,3,4,3,3,5,5,5,4,3,3.92,19,4,FALSE
Male,Loyal Customer,26,Personal Travel,Eco,268,5,0,5,1,5,5,5,5,3,3,5,4,5,3.92,13,0,TRUE
Male,Loyal Customer,40,Business Travel,Business,1721,4,4,4,4,3,5,4,4,4,4,4,3,5,4,12,9,TRUE
Female,Disloyal Customer,34,Business Travel,Business,402,4,4,4,2,2,4,2,2,4,3,5,3,2,3.15,2,0,FALSE
Male,Loyal Customer,52,Personal Travel,Eco,878,2,3,2,2,5,2,1,5,1,1,1,2,5,2.46,0,0,FALSE
Male,Disloyal Customer,21,Business Travel,Eco,641,3,0,3,3,1,3,1,1,5,5,5,5,1,2.77,0,0,FALSE
Male,Disloyal Customer,36,Business Travel,Eco,696,3,3,3,4,1,3,4,1,4,1,1,2,1,2.38,25,24,FALSE
Male,Loyal Customer,54,Business Travel,Eco,73,4,1,4,4,4,4,4,4,4,4,5,1,4,3.62,0,0,TRUE
Female,Disloyal Customer,23,Business Travel,Eco,1011,2,2,2,3,3,2,3,3,4,5,2,3,3,2.85,15,35,FALSE
Female,Loyal Customer,25,Business Travel,Business,1464,3,3,3,3,4,4,4,4,5,3,4,4,4,3.69,0,0,TRUE
Male,Loyal Customer,50,Business Travel,Business,2977,1,1,1,1,4,5,4,4,4,4,4,3,4,3.08,0,5,TRUE
Female,Disloyal Customer,42,Business Travel,Eco,236,2,5,2,4,4,2,4,4,2,1,3,5,4,3.23,1,5,FALSE
Male,Loyal Customer,34,Business Travel,Eco Plus,315,4,4,4,4,4,4,4,4,5,2,3,1,4,3.62,0,0,TRUE
Female,Disloyal Customer,26,Business Travel,Eco,1165,2,2,2,4,2,2,2,2,3,2,3,1,2,2.23,63,50,FALSE
Male,Loyal Customer,9,Personal Travel,Eco,1844,1,5,1,4,1,1,1,1,3,3,3,4,1,2.23,0,0,FALSE
Male,Loyal Customer,62,Personal Travel,Eco,240,3,4,3,3,5,3,1,5,1,5,4,3,5,3.46,10,3,FALSE
Female,Loyal Customer,55,Business Travel,Business,2804,5,5,5,5,4,4,4,5,5,5,4,3,4,4.46,0,0,TRUE
Male,Disloyal Customer,26,Business Travel,Eco,1035,3,3,3,2,1,3,1,1,1,3,2,4,1,2.15,29,13,FALSE
Male,Loyal Customer,63,Business Travel,Eco,2248,5,2,2,2,5,5,5,5,2,3,4,3,5,3.69,14,11,TRUE
Female,Loyal Customer,39,Business Travel,Eco,260,4,5,3,5,4,4,4,4,4,4,1,2,4,3.69,13,0,TRUE
Male,Loyal Customer,56,Business Travel,Eco Plus,775,2,2,2,2,2,2,2,2,4,1,4,4,2,2.38,4,6,FALSE
Female,Loyal Customer,43,Business Travel,Business,89,0,4,0,3,1,3,5,3,3,3,3,2,1,2.38,0,0,TRUE
Female,Loyal Customer,7,Personal Travel,Business,545,3,3,3,4,2,3,2,2,1,3,4,2,2,2.62,0,0,FALSE
Male,Loyal Customer,28,Business Travel,Business,2801,4,4,4,4,4,4,4,4,3,2,4,3,4,3.69,14,38,TRUE
Male,Loyal Customer,45,Personal Travel,Eco,308,2,4,2,4,3,2,3,3,5,2,5,3,3,3.15,0,0,FALSE
Female,Loyal Customer,53,Business Travel,Business,2003,5,5,5,5,3,4,5,4,4,4,4,3,4,4.23,50,21,TRUE
Female,Loyal Customer,39,Business Travel,Business,3311,1,2,2,2,3,4,4,1,1,1,1,2,1,1.92,0,0,FALSE
Female,Disloyal Customer,28,Business Travel,Eco,1750,2,2,2,3,2,2,5,2,2,1,3,3,2,2.38,20,22,FALSE
Male,Disloyal Customer,20,Business Travel,Business,853,5,0,5,1,2,5,2,2,4,4,4,5,2,3.15,8,0,TRUE
Male,Loyal Customer,7,Personal Travel,Eco,399,4,5,4,4,4,4,4,4,4,3,1,1,4,3.54,0,,FALSE
Female,Loyal Customer,59,Business Travel,Business,258,2,2,2,2,2,3,3,2,2,2,2,2,4,2.31,0,0,FALSE
Male,Loyal Customer,40,Personal Travel,Eco,589,1,5,2,1,1,2,1,1,3,5,4,3,1,2.31,27,12,FALSE
Female,Loyal Customer,38,Personal Travel,Eco,1185,3,3,3,3,1,3,1,1,3,2,3,1,1,2.15,56,54,FALSE
Male,Loyal Customer,54,Business Travel,Eco Plus,674,3,1,1,1,3,3,3,3,2,3,4,2,3,2.46,9,7,FALSE
Male,Loyal Customer,52,Business Travel,Eco,617,4,2,2,2,4,4,4,4,3,2,4,2,4,3.15,0,0,TRUE
Female,Loyal Customer,23,Business Travel,Business,2486,2,2,2,2,5,5,5,5,4,1,3,1,5,3.23,0,1,TRUE
Male,Loyal Customer,39,Business Travel,Business,2207,1,1,1,1,4,5,5,5,5,5,5,5,3,3.54,27,46,TRUE
Male,Loyal Customer,54,Personal Travel,Eco,1558,1,5,1,1,5,1,5,5,5,2,4,4,5,3.38,2,12,FALSE
Female,Loyal Customer,22,Personal Travel,Eco Plus,321,3,4,3,5,3,3,3,3,4,4,1,5,3,3.38,63,60,FALSE
Male,Loyal Customer,25,Personal Travel,Eco,999,2,5,2,2,2,2,2,2,3,3,5,5,2,2.85,0,0,FALSE
Female,Loyal Customer,11,Personal Travel,Business,674,3,5,3,2,5,3,5,5,4,3,4,5,5,4,7,23,FALSE
Female,Disloyal Customer,62,Business Travel,Eco,912,2,2,2,2,2,2,5,2,1,3,2,4,2,2.38,88,53,FALSE
Male,Loyal Customer,38,Business Travel,Eco,226,5,5,5,5,5,5,5,5,1,3,2,3,5,4.15,0,0,TRUE
Female,Disloyal Customer,16,Business Travel,Eco,581,1,1,1,3,2,1,2,2,2,2,3,4,2,2,2,0,FALSE
Male,Loyal Customer,60,Business Travel,Business,3199,4,4,4,4,3,4,5,4,4,4,4,4,3,3.92,0,0,TRUE
Female,Loyal Customer,41,Business Travel,Eco,874,3,1,1,1,3,3,3,3,1,4,2,4,3,2.46,2,0,FALSE
Male,Loyal Customer,47,Business Travel,Business,168,0,4,0,4,2,4,5,3,3,3,3,5,4,3.08,0,3,TRUE
Male,Loyal Customer,40,Business Travel,Business,2512,4,4,4,4,4,4,1,5,5,5,5,4,4,4.08,44,30,TRUE
Female,Disloyal Customer,37,Business Travel,Eco,589,4,0,4,1,5,4,5,5,5,5,5,1,5,3.77,69,64,FALSE
Female,Loyal Customer,60,Business Travel,Business,2702,5,5,5,5,2,5,5,5,5,5,5,3,5,4.62,13,5,TRUE
Male,Loyal Customer,36,Business Travel,Business,3796,3,3,3,3,1,3,3,4,4,4,4,3,1,3,1,1,TRUE
Female,Loyal Customer,27,Business Travel,Business,2251,2,2,2,2,5,5,5,5,4,5,5,4,5,3.92,0,0,TRUE
Female,Loyal Customer,40,Business Travel,Eco,1242,4,3,3,3,4,3,4,4,1,2,4,1,4,3.08,0,0,FALSE
Female,Loyal Customer,45,Business Travel,Business,2311,4,4,4,4,4,2,3,5,5,5,5,5,3,4.08,0,0,TRUE
Male,Loyal Customer,48,Business Travel,Business,1481,5,2,5,5,4,4,5,4,4,4,4,4,5,4.23,16,27,TRUE
Female,Loyal Customer,31,Business Travel,Business,1909,1,1,1,1,5,5,5,5,5,4,5,5,5,3.69,9,8,TRUE
Female,Disloyal Customer,25,Business Travel,Business,432,3,0,3,4,4,3,4,4,4,2,4,3,4,3.23,3,5,FALSE
Male,Loyal Customer,58,Business Travel,Eco,101,4,3,3,3,4,4,4,4,4,4,1,5,4,3.62,0,0,TRUE
Female,Loyal Customer,37,Business Travel,Business,432,3,3,3,3,5,5,4,5,5,5,5,5,5,4.31,0,0,TRUE
Male,Loyal Customer,51,Business Travel,Business,1294,3,3,3,3,3,5,5,5,5,5,5,5,5,4.23,20,19,TRUE
Male,Loyal Customer,40,Business Travel,Business,1655,5,4,5,5,3,5,4,3,3,4,3,3,5,4,8,1,TRUE
Male,Loyal Customer,32,Personal Travel,Eco,628,2,2,2,3,4,2,4,4,4,3,3,4,4,3.15,20,1,FALSE
Male,Loyal Customer,45,Business Travel,Business,3246,1,1,1,1,5,5,4,2,2,2,2,4,4,2.62,0,0,TRUE
Female,Loyal Customer,51,Business Travel,Business,3733,2,2,5,2,2,4,5,5,5,5,5,4,4,3.85,3,2,TRUE
Male,Loyal Customer,55,Business Travel,Business,3208,4,4,4,4,5,5,5,4,4,4,4,3,4,4.15,32,32,TRUE
Female,Loyal Customer,10,Personal Travel,Eco,271,2,3,2,4,5,2,5,5,1,1,4,2,5,3.15,46,38,FALSE
Male,Loyal Customer,15,Personal Travel,Eco,332,1,4,1,1,3,1,1,3,5,4,4,4,3,2.69,0,0,FALSE
Female,Disloyal Customer,37,Business Travel,Eco,696,2,2,2,3,3,2,3,3,3,2,1,3,3,2.46,0,0,FALSE
Male,Loyal Customer,33,Business Travel,Business,1806,3,3,3,3,4,4,4,4,3,5,5,4,4,3.77,41,29,TRUE
Female,Loyal Customer,23,Personal Travel,Eco Plus,1587,2,5,2,4,1,2,1,1,3,4,4,3,1,2.54,0,0,FALSE
Female,Disloyal Customer,25,Business Travel,Eco,200,1,0,1,1,5,1,5,5,4,5,3,1,5,2.85,0,0,FALSE
Male,Loyal Customer,48,Business Travel,Eco,725,3,2,2,2,3,3,3,3,2,4,3,4,3,2.85,3,0,FALSE
Male,Loyal Customer,45,Business Travel,Eco,803,4,3,4,4,4,4,4,4,4,3,3,4,4,3.77,66,78,FALSE
Male,Loyal Customer,33,Business Travel,Business,748,5,5,5,5,3,3,3,3,2,2,3,5,3,3.62,88,73,TRUE
Male,Loyal Customer,20,Personal Travel,Eco,108,2,5,2,3,4,2,4,4,5,5,5,4,4,3.77,0,0,FALSE
Male,Loyal Customer,45,Business Travel,Business,1726,1,1,3,1,4,5,4,5,5,5,5,5,4,3.69,24,0,TRUE
Male,Loyal Customer,39,Personal Travel,Eco,1195,3,4,3,3,2,3,2,2,4,5,5,3,2,3.15,0,0,FALSE
Male,Loyal Customer,48,Business Travel,Business,3447,0,0,0,3,2,4,5,5,5,5,2,4,3,2.92,0,18,TRUE
Female,Loyal Customer,18,Business Travel,Business,533,3,4,4,4,3,3,3,3,3,3,3,1,3,3.08,0,12,FALSE
Female,Loyal Customer,26,Personal Travel,Eco,624,4,4,4,1,2,4,2,2,4,4,5,5,2,3.31,0,0,TRUE
Female,Loyal Customer,53,Business Travel,Business,452,2,3,3,3,3,4,3,2,2,2,2,3,4,2.77,24,13,FALSE
Female,Loyal Customer,25,Business Travel,Eco Plus,911,4,3,3,3,4,4,3,4,1,1,2,2,4,2.92,0,19,TRUE
Male,Disloyal Customer,29,Business Travel,Eco,1395,3,3,3,4,3,3,3,3,1,3,3,3,3,2.92,0,0,FALSE
Female,Loyal Customer,43,Personal Travel,Eco,438,5,3,5,4,3,3,4,1,1,5,1,2,4,3.15,0,0,TRUE
Female,Loyal Customer,32,Business Travel,Business,3880,3,3,3,3,5,5,5,3,2,5,1,5,5,3.69,146,171,TRUE
Female,Loyal Customer,31,Business Travel,Business,1977,3,3,3,3,5,5,5,5,4,3,5,4,5,4.08,3,0,TRUE
Female,Loyal Customer,45,Business Travel,Business,628,4,4,4,4,2,5,5,4,4,4,4,5,3,4,55,49,TRUE
Female,Loyal Customer,45,Business Travel,Eco,584,5,5,5,5,4,5,1,5,5,5,5,1,2,4.08,0,0,TRUE
Female,Loyal Customer,48,Business Travel,Business,624,3,3,3,3,4,5,4,4,4,4,4,4,3,3.69,0,0,TRUE
Female,Loyal Customer,61,Business Travel,Business,2407,1,1,1,1,5,1,1,3,3,3,1,1,1,1.77,11,4,FALSE
Female,Loyal Customer,24,Business Travel,Business,3903,2,2,2,2,4,4,4,4,2,1,1,1,4,2.54,0,6,TRUE
Female,Disloyal Customer,31,Business Travel,Business,1597,3,3,3,4,4,3,4,4,4,4,3,3,4,3.54,22,0,FALSE
Male,Loyal Customer,49,Business Travel,Business,1834,1,1,1,1,2,4,5,5,5,5,5,3,4,3.23,39,37,TRUE
Female,Loyal Customer,25,Business Travel,Business,283,5,5,3,5,5,5,5,5,3,4,5,4,5,4.54,20,16,TRUE
Female,Loyal Customer,47,Business Travel,Business,3534,3,4,4,4,3,3,3,2,2,3,4,3,3,3.15,23,0,FALSE
Female,Loyal Customer,18,Business Travel,Business,1608,1,1,1,1,4,4,4,4,3,4,5,5,4,3.15,0,0,TRUE
Male,Loyal Customer,37,Business Travel,Business,1923,4,4,3,4,4,4,4,4,4,4,4,4,3,3.85,21,16,FALSE
Male,Loyal Customer,45,Business Travel,Eco Plus,413,2,5,5,5,2,2,2,2,2,3,3,1,2,2.77,0,0,FALSE
Female,Loyal Customer,38,Business Travel,Business,491,1,1,3,1,3,4,4,4,4,4,4,4,4,3.15,74,65,TRUE
Female,Loyal Customer,68,Personal Travel,Eco,265,3,3,0,3,4,3,3,5,5,0,5,4,4,3.23,0,0,FALSE
Male,Loyal Customer,50,Business Travel,Business,846,2,2,2,2,2,5,4,3,3,2,3,5,3,2.92,0,0,TRUE
Female,Disloyal Customer,14,Business Travel,Business,1400,5,4,5,1,3,5,3,3,3,5,4,5,3,3.77,0,0,TRUE
Female,Loyal Customer,35,Personal Travel,Eco,1496,3,1,3,4,3,3,3,3,4,3,3,4,3,3.08,0,0,FALSE
Male,Loyal Customer,47,Business Travel,Business,2935,2,2,2,2,2,5,5,3,3,3,3,3,3,2.92,6,0,TRUE
Male,Disloyal Customer,25,Business Travel,Eco,1569,2,2,2,3,3,2,3,3,1,1,3,2,3,2.31,72,124,FALSE
Male,Disloyal Customer,26,Business Travel,Business,628,2,2,2,2,1,2,1,1,3,4,5,3,1,2.23,0,0,FALSE
Female,Loyal Customer,72,Business Travel,Business,2454,4,3,2,3,5,1,2,4,4,3,4,2,2,3,2,6,FALSE
Male,Loyal Customer,38,Business Travel,Business,641,3,5,5,5,5,3,2,3,3,3,3,2,1,3.31,44,54,FALSE
Male,Loyal Customer,44,Business Travel,Business,552,4,4,4,4,2,5,5,3,3,3,3,4,4,3.69,5,11,TRUE
Female,Disloyal Customer,44,Business Travel,Business,1085,2,2,2,4,2,2,5,2,4,4,5,4,2,3.08,0,0,FALSE
Female,Disloyal Customer,26,Business Travel,Eco,646,1,3,1,4,3,1,3,3,3,5,3,4,3,2.85,16,20,FALSE
Female,Disloyal Customer,23,Business Travel,Eco,106,0,0,0,2,2,0,2,2,1,5,1,1,2,1.38,0,0,TRUE
Female,Loyal Customer,30,Business Travel,Business,1172,3,3,3,3,5,5,5,5,5,4,5,3,5,4.15,7,0,TRUE
Female,Loyal Customer,39,Business Travel,Business,763,3,3,3,3,2,1,3,4,4,4,4,5,1,3.08,0,0,TRUE
Male,Loyal Customer,51,Business Travel,Business,2717,5,5,5,5,5,5,5,3,2,4,1,5,5,4.23,0,3,TRUE
Female,Loyal Customer,43,Business Travel,Business,370,4,4,4,4,5,5,4,2,2,2,2,5,4,3.62,16,13,TRUE
Male,Loyal Customer,66,Personal Travel,Eco,237,4,4,4,1,3,4,3,3,5,3,5,4,3,3.54,0,1,FALSE
Female,Loyal Customer,31,Business Travel,Eco,1242,3,5,5,5,3,3,3,3,1,4,4,2,3,3.38,0,0,FALSE
Male,Disloyal Customer,42,Business Travel,Eco,262,2,0,3,2,2,3,2,2,3,3,1,3,2,2.15,0,3,FALSE
Female,Loyal Customer,22,Business Travel,Eco,696,2,5,5,5,2,1,2,2,4,1,3,1,2,2.69,2,12,FALSE
Male,Loyal Customer,41,Business Travel,Business,2034,4,4,2,4,5,1,4,4,4,4,4,3,2,3.46,0,0,TRUE
Female,Loyal Customer,21,Business Travel,Business,2045,3,5,5,5,3,3,3,3,2,4,4,2,3,3.46,0,0,FALSE
Male,Loyal Customer,58,Business Travel,Business,3463,1,1,1,1,2,4,4,5,5,5,5,4,5,3.31,118,109,TRUE
Female,Loyal Customer,55,Business Travel,Business,2755,5,5,5,5,2,5,5,4,4,4,4,5,5,4.46,22,23,TRUE
Female,Loyal Customer,58,Business Travel,Business,2686,3,3,3,3,4,5,4,4,4,4,4,5,3,3.77,0,0,TRUE
Male,Loyal Customer,39,Business Travel,Business,2275,5,5,5,5,3,2,3,4,4,4,4,1,2,3.62,0,0,TRUE
Male,Loyal Customer,38,Business Travel,Business,2982,5,5,5,5,3,5,5,4,4,4,4,4,5,4.46,0,0,TRUE
Male,Loyal Customer,35,Business Travel,Eco,397,2,1,1,1,2,2,2,2,1,4,4,2,2,2,0,6,FALSE
Male,Loyal Customer,38,Business Travel,Business,2097,3,3,3,3,2,4,2,4,4,4,4,4,4,3.38,40,27,TRUE
Female,Loyal Customer,43,Business Travel,Business,3108,2,2,2,2,2,2,3,2,2,2,2,4,4,2.38,0,0,FALSE
Female,Loyal Customer,46,Business Travel,Business,271,2,2,2,2,3,4,5,4,4,4,4,4,5,3.46,0,0,TRUE
Female,Loyal Customer,50,Business Travel,Business,2510,1,1,1,1,5,4,4,5,5,5,5,4,3,3.38,0,0,TRUE
Female,Loyal Customer,39,Business Travel,Business,3019,2,2,2,2,5,3,3,5,5,5,5,1,4,3.38,10,0,TRUE
Male,Disloyal Customer,26,Business Travel,Business,1749,4,4,4,4,4,4,4,4,3,5,3,4,4,3.92,0,0,TRUE
Female,Loyal Customer,60,Business Travel,Eco Plus,300,5,5,2,5,5,4,1,3,3,5,3,5,1,3.62,27,22,TRUE
Male,Loyal Customer,37,Business Travel,Business,2075,1,1,3,1,4,3,4,4,4,3,4,4,3,3,38,34,TRUE
Male,Loyal Customer,19,Personal Travel,Eco,946,1,4,1,4,4,1,4,4,3,3,3,4,4,3.08,3,0,FALSE
Female,Disloyal Customer,24,Business Travel,Eco,1013,1,1,1,4,2,1,4,2,3,5,3,4,2,2.54,54,56,FALSE
Male,Loyal Customer,22,Business Travel,Business,2288,4,4,4,4,2,2,2,4,5,4,2,2,2,3.15,0,7,TRUE
Male,Loyal Customer,54,Business Travel,Eco Plus,533,2,2,2,2,2,2,2,2,3,3,4,3,2,2.38,0,3,FALSE
Female,Disloyal Customer,26,Business Travel,Eco,531,3,5,3,2,4,3,4,4,2,5,3,1,4,3.31,10,0,FALSE
Female,Loyal Customer,39,Business Travel,Business,2976,2,2,2,2,5,5,4,4,4,4,4,4,4,3.54,60,58,TRUE
Male,Loyal Customer,58,Business Travel,Business,479,3,3,3,3,4,5,5,4,4,4,4,5,4,3.92,0,0,TRUE
Female,Loyal Customer,60,Business Travel,Eco,501,5,1,2,1,3,1,4,3,3,5,3,1,1,2.54,0,0,TRUE
Male,Loyal Customer,42,Business Travel,Business,3215,3,3,3,3,2,5,4,4,4,4,4,5,5,3.77,0,0,TRUE
Female,Disloyal Customer,24,Business Travel,Eco,187,3,4,3,2,3,3,3,3,1,3,4,2,3,2.85,0,0,FALSE
Male,Disloyal Customer,40,Business Travel,Eco,936,3,3,3,3,4,3,1,4,2,3,3,2,4,2.92,0,0,FALSE
Male,Loyal Customer,50,Business Travel,Eco,372,5,4,4,4,5,5,5,5,5,2,1,5,5,4.23,0,0,TRUE
Female,Loyal Customer,39,Business Travel,Business,620,1,1,1,1,5,4,5,5,5,5,5,3,4,3.46,5,0,TRUE
Female,Disloyal Customer,24,Business Travel,Eco,744,4,4,4,1,2,4,5,2,4,4,4,5,2,3.46,43,37,TRUE
Female,Loyal Customer,46,Business Travel,Business,1790,4,4,4,4,4,3,5,5,5,5,5,5,4,4.38,26,4,TRUE
Male,Loyal Customer,67,Personal Travel,Eco,2227,2,5,2,4,1,2,1,1,4,5,5,4,1,2.85,0,0,FALSE
Female,Loyal Customer,35,Personal Travel,Eco,419,2,5,2,2,5,2,5,5,3,2,1,1,5,3.08,43,33,FALSE
Male,Loyal Customer,50,Personal Travel,Eco,929,3,4,3,3,1,3,1,1,3,2,4,4,1,2.54,0,0,FALSE
Female,Loyal Customer,34,Business Travel,Business,1846,4,4,5,4,5,4,4,4,4,4,4,4,5,4.23,0,0,TRUE
Male,Loyal Customer,41,Business Travel,Eco,163,5,4,4,4,5,5,5,5,2,2,5,4,5,4.23,0,0,TRUE
Female,Loyal Customer,42,Business Travel,Business,3515,4,4,4,4,5,5,5,5,5,5,5,5,5,4.69,15,2,TRUE
Male,Loyal Customer,42,Business Travel,Business,2182,1,1,1,1,5,3,5,5,5,5,5,5,3,3.46,8,0,TRUE
Female,Loyal Customer,20,Personal Travel,Business,1080,5,4,5,4,4,5,4,4,5,2,5,4,4,4.23,52,38,TRUE
Female,Loyal Customer,58,Business Travel,Eco,499,5,5,5,5,4,1,5,5,5,5,5,4,5,4.54,0,7,TRUE
Female,Loyal Customer,29,Business Travel,Business,3897,3,4,4,4,3,3,3,3,3,2,3,2,3,3.08,0,12,FALSE
Female,Disloyal Customer,32,Business Travel,Eco,414,2,1,2,3,3,2,3,3,1,2,4,4,3,2.54,34,23,FALSE
Male,Loyal Customer,7,Personal Travel,Eco,404,4,2,3,4,3,3,3,3,2,3,4,2,3,3,15,0,FALSE
Female,Loyal Customer,48,Business Travel,Business,3801,4,4,2,4,5,3,2,4,4,4,4,3,2,3.46,100,94,FALSE
Female,Disloyal Customer,45,Business Travel,Eco,770,3,3,3,3,5,3,5,5,4,1,2,3,5,3.46,0,0,FALSE
Male,Loyal Customer,27,Business Travel,Business,2845,3,5,5,5,3,3,3,3,4,1,4,2,3,3.38,130,115,FALSE
Female,Loyal Customer,10,Personal Travel,Eco,296,1,5,1,4,3,1,3,3,5,5,4,5,3,3.31,0,21,FALSE
Male,Loyal Customer,28,Business Travel,Eco Plus,594,2,4,4,4,2,2,2,2,4,1,4,4,2,2.85,5,87,FALSE
Female,Loyal Customer,66,Personal Travel,Eco,1023,4,4,4,3,2,5,3,3,3,4,3,1,2,3.15,1,3,FALSE
Male,Loyal Customer,46,Business Travel,Business,3404,2,2,2,2,3,4,5,5,5,5,5,3,5,3.69,0,0,TRUE
Male,Loyal Customer,59,Business Travel,Business,2111,5,5,5,5,3,4,4,4,4,5,4,4,4,4.31,0,0,TRUE
Male,Loyal Customer,52,Business Travel,Business,2467,3,5,5,5,3,3,4,4,4,4,3,2,1,3.54,43,36,FALSE
Male,Loyal Customer,33,Business Travel,Business,1747,2,2,2,2,2,2,2,2,4,1,5,3,2,2.38,25,20,TRUE
Male,Loyal Customer,57,Business Travel,Business,772,2,2,2,2,4,4,4,3,2,4,5,4,4,3.23,222,221,TRUE
Female,Loyal Customer,14,Personal Travel,Eco,120,3,4,3,1,2,3,1,2,1,3,1,1,2,2.08,0,0,FALSE
Male,Loyal Customer,13,Personal Travel,Eco,164,2,5,2,3,3,2,3,3,3,4,5,3,3,3.15,3,0,FALSE
Male,Disloyal Customer,57,Personal Travel,Eco,833,1,4,1,1,5,1,5,5,5,2,4,5,5,3.38,87,75,FALSE
Male,Loyal Customer,60,Business Travel,Business,2430,4,4,4,4,5,4,4,5,5,5,5,4,5,4.46,0,0,TRUE
Female,Loyal Customer,61,Personal Travel,Eco Plus,581,1,4,1,3,2,4,5,3,3,1,1,5,3,2.77,44,48,FALSE
Male,Loyal Customer,58,Business Travel,Business,1744,3,3,3,3,2,5,4,3,3,3,3,3,3,3.15,0,0,TRUE
Male,Loyal Customer,48,Business Travel,Business,2434,2,1,1,1,4,3,4,2,2,2,2,1,1,2,0,0,FALSE
Male,Loyal Customer,48,Business Travel,Business,605,1,1,1,1,2,4,4,5,5,5,5,5,5,3.38,0,0,TRUE
Female,Loyal Customer,66,Personal Travel,Eco Plus,226,5,5,5,1,4,5,4,4,4,5,4,4,3,4.08,12,5,TRUE
Male,Loyal Customer,57,Personal Travel,Eco,237,2,5,2,1,3,2,3,3,5,4,4,5,3,3.23,0,0,FALSE
Male,Loyal Customer,8,Personal Travel,Eco,675,1,2,1,4,1,1,1,1,2,3,4,4,1,2,0,0,FALSE
Female,Loyal Customer,31,Business Travel,Eco,462,2,2,2,2,2,2,2,2,4,3,3,3,2,2.38,11,27,FALSE
Male,Loyal Customer,25,Personal Travel,Eco,224,3,2,3,3,5,3,5,5,4,5,4,4,5,3.92,4,4,FALSE
Male,Loyal Customer,50,Personal Travel,Eco,990,3,4,3,3,5,3,5,5,3,3,4,4,5,3.85,2,0,FALSE
Female,Loyal Customer,27,Business Travel,Eco,1074,1,1,1,1,1,2,1,1,2,2,1,3,1,1.38,0,0,FALSE
Female,Loyal Customer,23,Personal Travel,Eco,687,5,4,5,3,1,5,1,1,5,4,4,5,1,3.38,0,0,TRUE
Male,Loyal Customer,29,Personal Travel,Eco,987,1,5,1,2,4,1,1,4,5,1,2,2,4,2.54,0,3,FALSE
Male,Disloyal Customer,26,Business Travel,Business,192,3,5,3,4,4,3,4,4,5,2,4,4,4,3.77,8,8,FALSE
Female,Loyal Customer,57,Business Travel,Business,2378,4,4,1,4,5,5,5,4,4,4,5,5,5,4.23,28,40,TRUE
Male,Loyal Customer,57,Business Travel,Eco Plus,2442,3,1,5,1,3,3,3,2,3,2,4,3,3,2.77,6,0,FALSE
Female,Loyal Customer,46,Business Travel,Eco,101,5,3,3,3,1,1,5,5,5,5,5,1,5,3.62,0,0,TRUE
Male,Loyal Customer,58,Business Travel,Business,3810,3,3,3,3,5,5,5,5,4,4,4,5,5,4.15,163,160,TRUE
Female,Loyal Customer,29,Personal Travel,Eco,358,4,4,4,4,5,4,5,5,5,2,5,4,5,4.31,0,0,FALSE
Male,Loyal Customer,23,Business Travel,Business,258,1,3,3,3,1,1,1,1,3,3,4,1,1,2,10,6,FALSE
Female,Disloyal Customer,21,Business Travel,Business,364,2,2,2,4,3,2,3,3,2,1,4,2,3,2.54,0,8,FALSE
Female,Loyal Customer,41,Business Travel,Business,1603,5,5,5,5,1,5,2,5,5,5,5,3,1,4,0,0,TRUE
Male,Loyal Customer,46,Personal Travel,Eco,622,4,4,4,3,5,4,5,5,4,5,4,3,5,4.23,0,0,FALSE
Female,Disloyal Customer,26,Business Travel,Eco,416,1,4,1,3,4,1,4,4,1,3,2,1,4,2.54,0,0,FALSE
Male,Loyal Customer,40,Business Travel,Business,408,4,4,4,4,3,4,5,3,3,4,3,3,5,3.77,0,2,TRUE
Male,Loyal Customer,58,Business Travel,Business,1742,4,4,4,4,3,5,4,5,5,5,5,5,5,4.46,0,0,TRUE
Female,Loyal Customer,62,Business Travel,Eco,543,1,0,0,2,3,2,3,4,4,1,4,4,1,2.23,0,0,FALSE
Male,Loyal Customer,49,Business Travel,Eco,641,5,1,1,1,5,5,5,5,2,1,3,2,5,3.15,37,34,TRUE
Male,Loyal Customer,48,Personal Travel,Eco,1020,3,5,3,4,4,3,4,4,2,4,4,2,4,3.54,0,0,FALSE
Female,Loyal Customer,14,Personal Travel,Eco,2358,1,4,1,5,3,1,3,3,4,4,3,3,3,2.92,0,0,FALSE
Male,Loyal Customer,66,Personal Travel,Eco Plus,544,1,3,1,3,1,1,1,3,1,3,2,1,1,1.69,205,240,FALSE
Male,Loyal Customer,37,Business Travel,Eco,448,2,3,5,3,2,2,2,2,2,2,2,1,2,2.31,0,0,FALSE
Male,Loyal Customer,41,Business Travel,Business,646,5,5,5,5,4,4,4,5,5,5,5,4,4,4.62,0,0,TRUE
Female,Loyal Customer,46,Business Travel,Business,868,2,2,2,2,4,4,5,3,3,3,3,4,4,3.15,0,0,TRUE
Female,Disloyal Customer,27,Business Travel,Eco,850,1,1,1,4,2,1,2,2,2,2,5,2,2,2.08,15,0,FALSE
Male,Loyal Customer,10,Personal Travel,Eco,1671,2,1,2,4,2,2,2,2,2,2,3,1,2,2.08,0,0,FALSE
Male,Loyal Customer,64,Personal Travel,Eco,752,2,4,2,4,5,2,5,5,5,5,4,4,5,4,0,0,FALSE
Female,Loyal Customer,58,Business Travel,Eco,725,3,1,1,1,3,4,3,3,3,3,3,3,4,2.69,0,0,FALSE
Female,Loyal Customer,56,Business Travel,Business,2521,5,5,5,5,4,3,5,4,4,5,4,3,5,4.38,0,0,TRUE
Female,Loyal Customer,57,Business Travel,Business,364,5,4,5,5,4,5,5,5,5,5,5,3,4,4.62,7,17,TRUE
Male,Loyal Customer,41,Business Travel,Business,315,2,5,5,5,2,2,2,1,2,3,2,2,2,2.69,275,248,FALSE
Male,Disloyal Customer,21,Business Travel,Eco,208,1,5,1,3,5,1,5,5,1,1,4,2,5,3,0,0,FALSE
Male,Loyal Customer,31,Business Travel,Eco,1751,3,5,5,5,3,3,3,3,4,3,2,1,3,3.31,0,0,FALSE
Female,Loyal Customer,59,Business Travel,Business,591,5,5,5,5,3,4,5,3,3,3,3,3,4,3.92,1,5,TRUE
Male,Loyal Customer,44,Personal Travel,Eco,184,3,5,3,3,2,3,2,2,5,5,5,5,2,3.46,0,1,FALSE
Female,Loyal Customer,65,Personal Travel,Eco,1569,1,5,1,1,5,5,4,3,3,1,3,4,4,3.08,0,16,FALSE
Female,Loyal Customer,16,Business Travel,Eco,262,1,2,2,2,1,1,1,1,2,2,4,4,1,1.85,0,0,FALSE
Female,Disloyal Customer,22,Business Travel,Eco,214,1,1,1,4,4,1,5,4,3,4,3,1,4,2.77,0,0,FALSE
Female,Disloyal Customer,41,Business Travel,Business,1235,3,3,3,1,2,3,2,2,4,2,5,5,2,2.85,0,0,FALSE
Female,Loyal Customer,35,Business Travel,Eco Plus,2588,4,3,3,3,4,4,4,4,5,3,4,2,4,3.62,0,0,TRUE
Male,Loyal Customer,58,Business Travel,Business,1834,3,3,3,3,4,4,4,5,5,5,5,4,4,4,0,0,TRUE
Female,Loyal Customer,42,Business Travel,Eco,2342,2,2,5,2,5,4,4,2,2,2,2,2,2,2.77,8,0,FALSE
Male,Loyal Customer,45,Business Travel,Business,425,1,1,1,1,4,4,5,4,4,4,4,3,5,3.15,2,1,TRUE
Male,Loyal Customer,27,Personal Travel,Eco,1671,2,2,2,3,4,2,4,4,2,5,3,1,4,2.92,0,0,FALSE
Female,Loyal Customer,49,Personal Travel,Eco,192,2,5,2,3,4,4,4,2,2,2,3,5,3,3.15,0,0,FALSE
Female,Loyal Customer,49,Business Travel,Eco Plus,266,4,2,2,2,4,3,5,4,4,4,4,3,1,3.23,8,7,TRUE
Female,Loyal Customer,38,Business Travel,Business,1045,5,5,5,5,4,4,5,4,4,4,4,4,3,4.31,0,0,TRUE
Female,Loyal Customer,51,Business Travel,Business,2607,5,5,5,5,3,3,3,4,4,4,4,2,1,3.69,0,0,TRUE
Female,Loyal Customer,41,Business Travel,Business,1650,1,1,1,1,5,3,4,1,1,2,1,4,2,2.08,37,44,FALSE
Male,Disloyal Customer,23,Business Travel,Eco,102,3,0,3,1,5,3,5,5,5,2,5,4,5,3.54,5,5,FALSE
Female,Loyal Customer,57,Business Travel,Business,1919,4,4,4,4,2,4,5,5,5,5,5,4,4,4.23,0,0,TRUE
Male,Loyal Customer,44,Personal Travel,Eco,448,1,5,3,4,4,3,4,4,3,3,4,4,4,3.54,52,54,FALSE
Female,Loyal Customer,56,Business Travel,Business,3767,4,4,4,4,2,4,4,4,4,4,4,5,4,3.92,0,0,TRUE
Female,Loyal Customer,53,Business Travel,Business,2504,2,2,2,2,3,5,5,4,4,4,4,4,3,3.38,0,0,TRUE
Female,Disloyal Customer,29,Business Travel,Eco Plus,201,2,2,2,1,5,2,4,5,5,4,5,3,5,3.46,0,0,FALSE
Female,Disloyal Customer,59,Business Travel,Eco,682,3,3,3,1,2,3,2,2,3,5,1,1,2,2.38,0,4,FALSE
Female,Loyal Customer,49,Business Travel,Business,1623,1,1,1,1,3,4,4,2,2,2,2,4,3,2.31,60,52,TRUE
Male,Disloyal Customer,30,Business Travel,Eco,484,2,0,3,5,4,3,4,4,1,1,3,3,4,2.85,0,0,FALSE
Female,Loyal Customer,43,Business Travel,Business,2680,1,1,1,1,4,4,4,4,4,4,4,5,5,3.23,0,1,TRUE
Female,Disloyal Customer,25,Business Travel,Eco,483,4,4,4,4,3,4,3,3,4,2,4,4,3,3.54,0,5,FALSE
Female,Loyal Customer,36,Business Travel,Business,3151,4,4,4,4,5,4,4,4,4,4,4,1,2,3.69,12,7,TRUE
Male,Loyal Customer,36,Personal Travel,Eco,603,2,4,2,5,3,2,3,3,5,4,5,4,3,3.46,0,0,FALSE
Male,Loyal Customer,56,Personal Travel,Eco,562,4,4,4,2,5,4,5,5,5,5,5,4,5,4.38,0,0,FALSE
Male,Loyal Customer,26,Business Travel,Business,308,4,3,3,3,4,4,4,4,3,2,3,1,4,3.23,0,27,FALSE
Female,Loyal Customer,35,Business Travel,Business,181,0,4,0,4,2,4,4,4,4,4,4,5,3,3.23,6,14,TRUE
Male,Loyal Customer,51,Personal Travel,Eco,2475,2,3,2,2,1,2,1,1,4,3,4,1,1,2.08,0,0,FALSE
Female,Loyal Customer,29,Business Travel,Business,3170,4,4,4,4,5,5,5,5,5,4,5,5,5,4.62,0,0,TRUE
Female,Loyal Customer,44,Business Travel,Business,2267,3,3,3,3,3,4,4,5,5,5,5,4,3,3.85,0,0,TRUE
Female,Loyal Customer,38,Business Travel,Business,1668,5,4,5,5,3,5,4,5,5,5,5,5,3,4.54,23,12,TRUE
Female,Loyal Customer,46,Business Travel,Business,417,5,5,5,5,4,4,5,5,5,5,5,3,4,4.62,18,19,TRUE
Male,Loyal Customer,63,Personal Travel,Eco,163,4,4,4,5,3,4,3,3,4,5,4,4,3,3.85,0,0,FALSE
Female,Loyal Customer,50,Personal Travel,Eco,679,2,1,2,4,1,4,3,2,2,2,1,1,3,2.15,0,0,FALSE
Female,Loyal Customer,54,Business Travel,Business,354,3,5,5,5,2,3,4,3,3,3,3,2,2,3.31,0,0,FALSE
Male,Loyal Customer,17,Personal Travel,Eco,1089,3,5,3,4,2,3,2,2,3,2,1,3,2,2.69,0,4,FALSE
Male,Loyal Customer,53,Personal Travel,Eco,2089,1,1,1,4,5,1,5,5,4,5,2,3,5,3.23,4,9,FALSE
Female,Loyal Customer,53,Business Travel,Eco,349,4,3,3,3,1,5,5,5,5,4,5,3,4,3.85,0,0,TRUE
Male,Disloyal Customer,37,Business Travel,Eco,591,3,3,3,3,1,3,1,1,4,2,4,4,1,2.54,44,62,FALSE
Male,Disloyal Customer,52,Business Travel,Eco,480,1,2,1,2,3,1,3,3,4,2,2,3,3,2.31,0,0,FALSE
Male,Loyal Customer,28,Personal Travel,Eco Plus,164,1,1,1,3,1,1,1,1,1,2,3,4,1,1.62,0,0,FALSE
Female,Loyal Customer,45,Business Travel,Eco Plus,534,1,2,2,2,4,3,4,1,1,1,1,1,2,1.92,0,9,FALSE
Male,Loyal Customer,29,Business Travel,Business,2153,1,1,4,1,5,5,5,5,4,3,5,5,5,3.77,25,22,TRUE
Female,Loyal Customer,44,Business Travel,Business,1521,2,1,2,2,5,4,4,4,4,4,4,5,4,3.46,19,42,TRUE
Female,Loyal Customer,34,Business Travel,Business,2974,4,2,4,4,5,5,4,4,4,4,4,5,4,4.08,0,0,TRUE
Female,Disloyal Customer,46,Business Travel,Business,1576,4,4,4,4,4,5,5,5,3,4,4,5,5,4.31,167,139,TRUE
Male,Disloyal Customer,15,Business Travel,Eco,204,5,3,5,3,5,5,5,5,5,3,2,5,5,4.31,0,0,TRUE
Female,Loyal Customer,27,Business Travel,Eco,2419,4,2,2,2,4,5,4,4,2,1,3,2,4,3,0,0,TRUE
Female,Loyal Customer,21,Personal Travel,Eco,542,2,4,2,4,2,2,2,2,1,5,4,3,2,2.69,0,0,FALSE
Female,Disloyal Customer,41,Business Travel,Business,743,3,3,3,3,4,3,4,4,5,3,4,3,4,3.54,2,1,TRUE
Male,Loyal Customer,59,Personal Travel,Eco,1157,3,5,3,4,3,3,3,3,3,3,3,5,3,3.38,1,0,FALSE
Female,Disloyal Customer,27,Business Travel,Eco,1056,2,2,2,3,1,2,1,1,1,5,4,2,1,2.08,24,15,FALSE
Male,Loyal Customer,33,Business Travel,Business,1389,2,2,2,2,5,5,5,5,4,5,5,4,5,3.92,0,0,TRUE
Male,Loyal Customer,32,Personal Travel,Eco,646,4,2,4,3,1,4,1,1,1,5,3,4,1,2.62,0,0,FALSE
Female,Disloyal Customer,24,Business Travel,Eco,934,4,4,4,2,5,4,5,5,5,2,4,3,5,4,0,0,TRUE
Female,Disloyal Customer,58,Business Travel,Eco,315,4,1,4,2,1,4,1,1,1,1,3,1,1,1.92,0,0,FALSE
Female,Loyal Customer,56,Personal Travel,Eco,175,3,1,3,4,3,4,3,4,4,3,4,4,1,3.15,0,0,FALSE
Male,Loyal Customer,46,Business Travel,Business,1524,1,1,1,1,4,4,4,5,5,5,5,4,4,3.38,1,0,TRUE
Male,Loyal Customer,24,Personal Travel,Eco,200,4,5,4,2,1,4,1,1,5,2,4,4,1,2.92,0,0,TRUE
Female,Loyal Customer,28,Personal Travel,Eco,405,3,5,3,1,3,3,3,3,3,3,4,4,3,3.15,53,58,FALSE
Male,Disloyal Customer,16,Business Travel,Eco,721,2,2,2,4,3,2,3,3,1,3,3,4,3,2.69,0,12,FALSE
Male,Loyal Customer,56,Business Travel,Eco,550,3,2,3,3,2,3,2,2,4,4,3,1,2,2.62,0,0,FALSE
Female,Disloyal Customer,28,Business Travel,Eco Plus,190,3,3,3,4,3,1,1,4,5,3,4,1,1,2.77,142,129,FALSE
Male,Disloyal Customer,23,Business Travel,Business,542,5,0,5,3,2,0,2,2,5,5,4,5,2,3.08,24,18,TRUE
Male,Loyal Customer,59,Business Travel,Business,2139,1,1,1,1,4,5,5,4,4,5,4,3,5,3.31,0,8,TRUE
Male,Loyal Customer,65,Personal Travel,Eco,641,3,4,3,3,1,3,1,1,4,3,4,5,1,2.77,15,16,FALSE
Male,Loyal Customer,34,Business Travel,Eco,993,5,5,3,5,5,5,5,5,5,4,2,1,5,4.23,56,52,TRUE
Male,Loyal Customer,53,Business Travel,Business,2659,2,2,2,2,5,4,5,5,5,5,4,4,3,3.69,1,2,TRUE
Male,Loyal Customer,51,Personal Travel,Eco,1660,3,5,3,4,2,3,1,2,3,4,4,5,2,3.15,3,0,FALSE
Male,Loyal Customer,51,Business Travel,Business,3748,5,5,5,5,3,5,5,4,4,4,4,4,3,4.31,24,17,TRUE
Male,Loyal Customer,58,Business Travel,Business,1096,1,1,1,1,2,5,4,4,4,4,4,4,4,3,24,28,TRUE
Male,Loyal Customer,37,Business Travel,Business,529,4,1,1,1,2,3,4,4,4,4,4,3,2,2.85,0,0,FALSE
Male,Loyal Customer,23,Business Travel,Eco,557,1,2,4,2,1,1,2,1,4,4,4,3,1,2.31,0,0,FALSE
Male,Loyal Customer,59,Business Travel,Business,2352,2,2,2,2,3,4,5,4,4,5,4,5,5,3.62,21,21,TRUE
Male,Loyal Customer,28,Business Travel,Business,2150,1,1,1,1,4,4,4,4,5,5,1,4,4,3,0,0,TRUE
Male,Loyal Customer,42,Business Travel,Eco,139,4,2,2,2,4,4,4,4,2,1,2,5,4,3.08,0,0,TRUE
Female,Loyal Customer,53,Personal Travel,Eco,1781,3,5,2,5,2,5,5,3,3,2,3,5,3,3.54,0,0,FALSE
Male,Loyal Customer,17,Personal Travel,Eco Plus,414,3,3,4,1,5,4,5,5,1,1,1,3,5,3.15,4,2,FALSE
Female,Disloyal Customer,22,Business Travel,Eco,349,1,3,2,3,2,2,3,1,3,3,3,3,3,2.46,204,197,FALSE
Male,Disloyal Customer,56,Business Travel,Eco,975,2,2,2,4,2,5,5,3,1,3,3,5,5,3.23,0,0,FALSE
Female,Loyal Customer,46,Business Travel,Business,1671,1,1,1,1,2,3,4,2,2,2,2,3,4,2.15,2,0,TRUE
Female,Loyal Customer,33,Business Travel,Business,2039,1,1,1,1,4,4,4,4,4,4,4,4,5,3.15,15,0,TRUE
Female,Loyal Customer,23,Business Travel,Business,3130,3,3,3,3,3,3,3,3,3,5,2,1,3,2.92,7,0,FALSE
Female,Loyal Customer,51,Business Travel,Business,2324,5,5,5,5,3,5,4,4,4,4,5,5,4,4.46,0,38,TRUE
Female,Loyal Customer,65,Personal Travel,Eco Plus,997,1,5,2,2,2,4,5,5,5,2,1,5,4,3.31,7,6,FALSE
Male,Loyal Customer,43,Business Travel,Business,867,2,2,2,2,4,5,5,4,4,4,4,4,3,3.46,29,17,TRUE
Female,Loyal Customer,39,Business Travel,Eco Plus,460,4,3,3,3,4,4,4,4,2,4,1,4,4,3.38,0,0,TRUE
Female,Loyal Customer,45,Business Travel,Business,972,2,2,2,2,2,5,5,5,5,5,5,4,5,3.77,0,0,TRUE
Female,Disloyal Customer,16,Business Travel,Eco,901,1,1,1,3,5,1,5,5,3,4,4,2,5,3.08,0,0,FALSE
Female,Loyal Customer,36,Business Travel,Eco,347,4,3,3,3,4,4,4,4,1,5,2,5,4,3.54,4,0,TRUE
Male,Loyal Customer,68,Personal Travel,Eco,456,2,3,2,1,2,2,2,2,4,1,4,2,2,2.23,25,13,FALSE
Female,Loyal Customer,23,Personal Travel,Eco,427,2,3,2,4,2,2,2,2,1,2,4,2,2,2.31,0,0,FALSE
Male,Disloyal Customer,22,Business Travel,Eco,199,3,5,3,5,5,3,5,5,5,4,4,4,5,4.31,0,0,FALSE
Male,Loyal Customer,56,Business Travel,Business,2057,3,3,2,3,3,4,4,2,2,2,2,3,4,2.85,0,0,TRUE
Female,Disloyal Customer,22,Business Travel,Eco,2454,2,3,3,4,5,2,5,5,3,4,4,1,5,3.54,14,28,FALSE
Female,Loyal Customer,18,Personal Travel,Eco,1749,2,2,2,3,3,2,3,3,1,5,2,2,3,2.54,7,0,FALSE
Female,Loyal Customer,35,Business Travel,Business,2338,5,5,5,5,4,4,4,5,5,5,5,4,4,4.62,0,0,TRUE
Female,Disloyal Customer,29,Business Travel,Eco,1269,4,5,5,3,5,5,4,5,2,2,4,3,5,4,26,30,FALSE
Male,Loyal Customer,43,Personal Travel,Eco,1448,0,4,0,3,3,0,3,3,3,3,1,3,3,2.23,0,0,TRUE
Female,Loyal Customer,30,Business Travel,Business,1506,1,5,1,1,5,5,5,5,4,5,4,4,5,3.85,31,29,TRUE
Female,Loyal Customer,40,Personal Travel,Eco,933,5,4,5,3,1,5,1,1,3,5,5,5,1,3.38,0,4,TRUE
Male,Loyal Customer,28,Business Travel,Business,2917,1,1,1,1,5,5,5,3,3,4,4,5,5,3.31,16,18,TRUE
Female,Loyal Customer,32,Business Travel,Eco,569,3,1,1,1,3,4,3,3,1,1,3,2,3,2.23,12,12,FALSE
Female,Loyal Customer,56,Business Travel,Business,2905,2,2,2,2,5,4,4,4,4,4,5,5,5,3.69,0,6,TRUE
Male,Loyal Customer,20,Personal Travel,Eco,358,3,5,3,4,4,3,2,4,4,1,3,1,4,3.15,0,0,FALSE
Male,Loyal Customer,24,Business Travel,Business,833,5,5,2,5,5,5,5,5,3,4,1,5,5,4.23,34,23,TRUE
Female,Loyal Customer,46,Business Travel,Business,3983,4,4,4,4,4,5,4,4,4,4,4,5,5,4.23,1,0,TRUE
Female,Loyal Customer,63,Personal Travel,Eco,226,4,5,4,4,2,4,4,3,3,4,3,5,5,3.85,15,13,FALSE
Male,Loyal Customer,28,Business Travel,Eco,898,0,0,0,4,5,0,5,5,4,2,1,1,5,2.46,0,0,TRUE
Male,Loyal Customer,39,Business Travel,Business,369,3,3,3,3,5,5,4,5,5,5,5,3,5,4.15,0,0,TRUE
Female,Disloyal Customer,23,Business Travel,Eco,1072,3,3,3,2,1,3,1,1,5,2,5,3,1,2.54,0,5,FALSE
Female,Loyal Customer,48,Business Travel,Eco,602,2,3,3,3,4,3,4,2,2,2,2,2,3,2.69,0,0,FALSE
Female,Loyal Customer,59,Business Travel,Business,1708,0,0,0,2,2,5,5,4,4,4,4,3,3,2.77,34,37,TRUE
Male,Loyal Customer,41,Business Travel,Eco,2139,4,2,2,2,4,4,4,4,3,1,3,1,4,2.92,18,8,TRUE
Male,Loyal Customer,42,Business Travel,Business,1678,5,5,5,5,3,4,4,5,5,5,5,1,1,4.08,0,0,TRUE
Female,Loyal Customer,20,Personal Travel,Eco,946,3,2,3,3,4,3,4,4,3,2,3,1,4,3,0,0,FALSE
Male,Loyal Customer,67,Business Travel,Business,369,2,2,2,2,1,4,3,5,5,5,5,2,2,3.08,0,0,TRUE
Female,Loyal Customer,50,Business Travel,Business,3955,2,2,2,2,4,5,5,4,4,4,4,5,5,3.69,59,52,TRUE
Male,Loyal Customer,60,Business Travel,Business,1512,3,3,3,3,4,3,2,3,3,3,3,4,4,3.15,12,1,FALSE
Male,Loyal Customer,25,Business Travel,Business,1927,2,1,1,1,2,2,2,2,1,2,3,3,2,1.85,0,4,FALSE
Male,Loyal Customer,49,Business Travel,Business,1964,0,0,0,3,4,5,4,2,2,2,2,5,3,2.46,0,0,TRUE
Female,Loyal Customer,28,Business Travel,Business,3689,2,1,1,1,2,2,2,2,4,4,3,3,2,2.23,0,1,FALSE
Female,Loyal Customer,45,Business Travel,Business,1192,3,3,3,3,5,5,4,4,4,4,4,5,3,3.85,0,2,TRUE
Female,Disloyal Customer,22,Business Travel,Eco,403,1,0,1,4,2,1,5,2,2,1,5,4,2,2.31,34,32,FALSE
Male,Loyal Customer,45,Business Travel,Business,337,5,5,2,5,3,5,5,4,4,4,4,5,4,4.23,99,104,TRUE
Male,Loyal Customer,35,Personal Travel,Eco,482,4,4,4,1,5,4,5,5,3,5,4,1,5,3.85,0,46,FALSE
Male,Loyal Customer,42,Business Travel,Business,3040,2,3,3,3,1,1,1,2,2,2,2,1,4,2.08,0,6,FALSE
Male,Disloyal Customer,31,Business Travel,Business,1185,3,4,4,1,3,4,3,3,3,1,3,4,3,3,5,43,FALSE
Male,Loyal Customer,44,Business Travel,Business,332,3,3,2,3,3,4,4,4,4,4,4,3,3,3.38,0,0,TRUE
Male,Loyal Customer,66,Personal Travel,Eco Plus,954,3,4,2,4,3,2,3,3,3,3,4,4,3,3.15,0,0,FALSE
Male,Loyal Customer,42,Business Travel,Eco,1009,4,1,1,1,4,4,4,4,4,1,2,3,4,2.85,12,10,FALSE
Male,Loyal Customer,41,Personal Travel,Eco,937,3,5,3,3,4,3,4,4,4,5,5,3,4,3.85,7,0,FALSE
Male,Loyal Customer,8,Personal Travel,Eco Plus,266,1,3,1,2,3,1,3,3,3,1,2,1,3,2.08,0,0,FALSE
Female,Loyal Customer,43,Personal Travel,Eco,491,3,3,3,1,4,2,3,5,5,3,5,4,4,3.46,0,0,FALSE
Male,Loyal Customer,22,Personal Travel,Eco,468,2,5,2,2,5,2,5,5,2,3,4,3,5,3.46,0,0,FALSE
Female,Loyal Customer,52,Business Travel,Business,1947,4,2,2,2,1,3,3,4,4,4,4,2,1,2.77,31,12,FALSE
Female,Loyal Customer,54,Business Travel,Business,2201,2,2,2,2,4,4,5,4,4,4,4,3,4,3.38,0,0,TRUE
Male,Loyal Customer,46,Business Travel,Business,1699,5,1,3,1,2,3,2,5,5,4,5,3,4,3.31,0,0,FALSE
Male,Loyal Customer,51,Personal Travel,Eco,416,2,4,2,4,4,2,1,4,4,4,2,4,4,3.15,0,0,FALSE
Male,Disloyal Customer,23,Business Travel,Eco,920,4,4,4,3,4,4,4,4,5,4,3,5,4,4,9,3,TRUE
Female,Disloyal Customer,46,Business Travel,Eco,370,0,5,0,5,2,0,2,2,4,3,4,4,2,2.54,0,0,TRUE
Female,Loyal Customer,30,Business Travel,Eco,602,3,3,3,3,3,3,3,3,3,3,4,1,3,2.92,0,0,FALSE
Female,Disloyal Customer,21,Business Travel,Eco,335,2,5,2,2,3,2,3,3,5,5,4,3,3,3.23,0,0,FALSE
Male,Loyal Customer,50,Business Travel,Business,2409,2,2,2,2,4,4,4,1,4,5,5,4,4,3.31,67,82,TRUE
Male,Loyal Customer,37,Business Travel,Business,2329,3,3,2,3,1,1,5,4,4,5,4,4,1,3.08,0,0,TRUE
Female,Loyal Customer,45,Personal Travel,Business,549,1,5,1,3,1,1,1,5,4,5,4,1,1,2.54,170,155,FALSE
Male,Loyal Customer,60,Business Travel,Business,1760,3,3,3,3,4,4,4,4,4,4,4,3,3,3.54,1,0,TRUE
Female,Disloyal Customer,24,Business Travel,Eco,184,3,3,3,3,1,3,5,1,4,4,3,1,1,2.69,0,0,FALSE
Female,Loyal Customer,53,Business Travel,Business,255,0,0,0,2,5,4,4,3,3,3,3,5,5,2.85,51,45,TRUE
Male,Loyal Customer,48,Personal Travel,Eco,956,3,4,3,1,5,3,5,5,5,4,4,4,5,3.92,0,5,FALSE
Male,Loyal Customer,43,Personal Travel,Eco,315,3,4,4,1,2,4,2,2,1,5,5,4,2,3,0,1,FALSE
Male,Disloyal Customer,26,Business Travel,Business,628,2,2,2,4,5,2,5,5,5,2,4,4,5,3.62,0,0,FALSE
Female,Disloyal Customer,65,Business Travel,Business,425,4,4,4,5,4,4,4,4,3,2,4,5,4,3.92,19,2,FALSE
Female,Loyal Customer,62,Personal Travel,Eco Plus,1009,2,3,2,4,3,4,1,5,5,2,5,4,5,3.46,0,0,FALSE
Male,Disloyal Customer,28,Business Travel,Business,1389,4,4,4,1,5,4,5,5,3,3,5,3,5,3.92,0,0,FALSE
Female,Disloyal Customer,51,Business Travel,Eco Plus,533,3,3,3,3,5,3,5,5,1,5,4,4,5,3.77,0,0,FALSE
Female,Disloyal Customer,43,Business Travel,Eco,223,1,0,1,1,5,1,5,5,3,4,5,1,5,2.85,0,0,FALSE
Female,Loyal Customer,43,Business Travel,Eco,363,1,5,5,5,4,3,4,2,2,1,2,2,4,3.08,28,30,FALSE
Male,Loyal Customer,20,Personal Travel,Eco,351,5,5,5,5,3,5,3,3,5,3,5,5,3,4.23,0,0,TRUE
Male,Loyal Customer,43,Business Travel,Eco,445,2,5,5,5,2,2,2,2,1,4,2,3,2,2.85,47,50,TRUE
Male,Loyal Customer,15,Personal Travel,Eco,270,3,2,5,2,1,5,1,1,3,2,3,4,1,2.54,7,5,FALSE
Male,Loyal Customer,40,Personal Travel,Eco Plus,1121,2,4,2,1,5,2,5,5,4,3,4,3,5,3.46,0,0,FALSE
Female,Loyal Customer,41,Business Travel,Business,2347,5,5,5,5,5,4,5,5,5,5,5,3,3,4.62,0,0,TRUE
Male,Disloyal Customer,37,Business Travel,Business,272,3,3,3,1,4,3,4,4,3,2,2,2,4,2.92,0,0,FALSE
Male,Loyal Customer,53,Business Travel,Business,405,2,2,5,2,3,4,5,5,5,5,5,4,5,4,32,30,TRUE
Male,Loyal Customer,26,Personal Travel,Eco,655,1,1,1,3,4,1,1,4,2,5,4,4,4,2.69,0,0,FALSE
Female,Loyal Customer,38,Business Travel,Business,181,1,1,1,1,5,1,1,4,4,4,5,4,4,2.77,0,0,TRUE
Male,Loyal Customer,42,Business Travel,Business,3672,1,1,1,1,3,5,5,4,4,4,4,4,3,3.08,0,0,TRUE
Female,Loyal Customer,58,Business Travel,Eco,129,5,3,3,3,3,5,5,5,5,5,5,3,5,4.23,3,,TRUE
Female,Loyal Customer,42,Business Travel,Business,3998,3,3,3,3,4,4,4,5,5,5,5,5,3,4,32,34,TRUE
Female,Disloyal Customer,25,Business Travel,Eco Plus,861,2,2,2,4,3,2,4,3,1,3,4,4,3,2.85,0,0,FALSE
Female,Loyal Customer,42,Business Travel,Eco,1014,3,3,3,3,3,2,1,3,3,3,3,4,4,2.92,43,24,FALSE
Female,Loyal Customer,20,Personal Travel,Eco,788,1,4,1,3,2,1,2,2,2,5,3,1,2,2.23,0,0,FALSE
Female,Loyal Customer,45,Business Travel,Business,2427,1,1,5,1,5,2,1,4,4,5,5,3,4,3.15,14,14,TRUE
Female,Loyal Customer,19,Personal Travel,Eco,482,4,2,4,4,5,4,5,5,1,3,3,4,5,3.77,8,6,FALSE
Male,Disloyal Customer,24,Business Travel,Eco,709,3,3,3,4,4,3,4,4,5,3,2,5,4,3.62,0,0,FALSE
Female,Loyal Customer,61,Personal Travel,Eco,1340,1,5,1,1,5,4,4,2,2,1,2,3,3,2.62,104,79,FALSE
Female,Loyal Customer,39,Business Travel,Business,3863,1,2,1,1,3,4,5,4,4,4,4,3,5,3.15,0,0,TRUE
Male,Loyal Customer,49,Business Travel,Business,562,5,5,5,5,2,5,5,5,5,4,5,3,4,4.46,0,0,TRUE
Female,Loyal Customer,37,Personal Travel,Eco,190,4,4,4,4,4,1,1,4,3,4,4,1,1,3,258,247,FALSE
Female,Disloyal Customer,21,Business Travel,Eco,224,3,3,3,3,2,3,2,2,3,4,2,4,2,2.77,0,20,FALSE
Female,Disloyal Customer,27,Business Travel,Eco Plus,356,2,2,2,4,5,2,5,5,4,2,3,3,5,3.38,0,0,FALSE
Female,Disloyal Customer,33,Business Travel,Eco,328,3,2,3,3,2,3,2,2,1,5,3,3,2,2.62,6,6,FALSE
Male,Loyal Customer,63,Business Travel,Eco,280,2,5,5,5,3,2,3,3,2,4,3,1,3,3.15,0,0,FALSE
Female,Loyal Customer,70,Personal Travel,Eco,108,5,4,0,3,4,4,4,3,3,0,3,5,5,3.31,50,41,TRUE
Male,Disloyal Customer,27,Business Travel,Business,920,1,1,1,3,4,1,1,4,5,3,5,5,4,2.92,0,10,FALSE
Female,Loyal Customer,43,Business Travel,Business,3537,3,3,1,3,2,5,4,3,3,4,3,5,3,3.23,33,8,TRUE
Male,Disloyal Customer,19,Business Travel,Eco,1096,3,3,3,3,3,4,4,2,1,3,4,4,4,3.15,132,102,FALSE
Male,Loyal Customer,62,Business Travel,Business,2349,3,2,2,2,2,4,4,3,3,3,3,4,1,2.77,2,0,FALSE
Male,Loyal Customer,58,Business Travel,Business,2002,3,3,3,3,2,4,5,4,4,4,4,3,5,3.62,0,0,TRUE
Female,Loyal Customer,30,Business Travel,Business,511,3,1,1,1,3,3,3,3,1,3,3,2,3,2.31,28,32,FALSE
Male,Loyal Customer,28,Personal Travel,Eco,73,2,2,2,4,3,2,3,3,4,3,4,2,3,2.85,0,0,FALSE
Female,Loyal Customer,42,Business Travel,Business,737,4,2,3,2,2,4,4,4,4,3,4,1,2,3,0,3,FALSE
Female,Loyal Customer,23,Business Travel,Business,1590,2,1,5,5,2,2,2,2,3,3,3,4,2,2.77,0,0,FALSE
Male,Disloyal Customer,25,Business Travel,Eco,190,1,2,0,4,5,0,5,5,2,4,3,1,5,2.85,0,0,FALSE
Male,Loyal Customer,35,Business Travel,Business,2506,5,5,4,5,2,5,5,5,5,5,5,3,5,4.54,0,0,TRUE
Male,Loyal Customer,43,Business Travel,Business,2554,3,3,3,3,3,3,4,4,4,4,4,1,2,3.15,7,0,TRUE
Female,Loyal Customer,45,Personal Travel,Business,733,3,3,2,3,1,4,4,4,4,2,4,4,1,3,30,14,FALSE
Male,Loyal Customer,35,Business Travel,Business,2295,2,5,5,5,4,2,2,2,2,2,2,1,2,2.77,24,15,FALSE
Female,Loyal Customer,48,Personal Travel,Eco Plus,321,3,3,4,1,4,5,1,3,3,4,3,3,2,3,0,2,FALSE
Female,Loyal Customer,8,Personal Travel,Eco,333,4,5,4,2,1,4,1,1,5,2,5,4,1,3,0,0,FALSE
Female,Loyal Customer,30,Business Travel,Eco,135,4,1,1,1,4,4,4,4,1,1,1,2,4,2.46,0,0,FALSE
Female,Disloyal Customer,28,Business Travel,Business,846,2,2,2,1,2,2,2,2,4,4,5,4,2,2.62,35,40,FALSE
Female,Loyal Customer,43,Business Travel,Business,2139,4,4,4,4,2,5,5,4,4,4,4,3,4,3.92,0,0,TRUE
Male,Loyal Customer,37,Business Travel,Business,1610,2,5,5,5,2,3,4,2,2,2,2,3,4,3.15,0,0,FALSE
Female,Disloyal Customer,61,Business Travel,Business,258,3,3,3,1,4,3,4,4,3,3,5,4,4,3.38,48,41,FALSE
Male,Disloyal Customer,45,Business Travel,Eco,468,1,3,1,4,1,1,1,1,3,3,3,4,1,2.08,0,8,FALSE
Male,Loyal Customer,64,Business Travel,Eco,834,5,5,5,5,5,5,5,5,2,1,5,3,5,4.31,0,21,TRUE
Male,Loyal Customer,18,Personal Travel,Eco,936,3,5,3,3,5,3,5,5,3,3,5,4,5,4,0,0,FALSE
Male,Loyal Customer,27,Personal Travel,Eco,1201,4,5,4,4,4,4,2,4,2,1,4,4,4,3.54,15,32,FALSE
Male,Disloyal Customer,37,Business Travel,Business,216,4,4,4,3,2,4,2,2,1,3,4,1,2,2.77,90,76,FALSE
Male,Loyal Customer,38,Business Travel,Business,797,1,4,4,4,1,4,4,1,1,1,1,4,1,2.38,0,0,FALSE
Male,Loyal Customer,22,Business Travel,Business,2475,1,2,3,2,1,1,1,1,4,4,3,4,1,2.15,0,0,FALSE
Female,Disloyal Customer,39,Business Travel,Business,370,1,1,1,3,1,1,1,1,1,2,3,1,1,1.38,61,67,FALSE
Male,Loyal Customer,45,Business Travel,Business,3166,1,1,1,1,2,5,1,5,5,5,5,2,3,2.85,40,68,TRUE
Male,Loyal Customer,43,Business Travel,Eco,399,4,5,5,5,4,4,4,4,1,3,3,3,4,3.77,0,0,TRUE
Female,Loyal Customer,54,Business Travel,Business,1846,1,1,3,1,5,4,4,4,4,4,4,4,4,3.31,0,0,TRUE
Female,Loyal Customer,55,Personal Travel,Eco,1167,1,4,1,1,5,4,5,4,4,1,4,3,4,3.15,58,39,FALSE
Female,Loyal Customer,10,Personal Travel,Eco,789,1,4,1,4,1,1,1,1,4,2,5,4,1,2.31,0,0,FALSE
Female,Loyal Customer,49,Business Travel,Business,2241,4,4,4,4,2,5,4,4,4,4,5,3,4,3.92,0,0,TRUE
Female,Loyal Customer,41,Business Travel,Eco,407,2,3,3,3,3,2,3,3,3,5,3,4,3,3.08,18,21,FALSE
Female,Loyal Customer,31,Business Travel,Business,577,4,4,4,4,4,4,4,4,3,3,4,3,4,3.77,0,0,TRUE
Male,Loyal Customer,70,Personal Travel,Eco,204,1,3,0,2,4,0,3,4,2,2,2,2,4,2.23,44,48,FALSE
Female,Loyal Customer,42,Business Travel,Business,2113,2,2,2,2,1,5,2,5,5,5,5,4,5,3.46,11,0,TRUE
Female,Loyal Customer,38,Business Travel,Eco Plus,303,4,1,1,1,4,4,4,4,5,5,5,4,4,3.54,26,39,TRUE
Female,Disloyal Customer,26,Business Travel,Eco Plus,925,3,3,3,3,1,3,1,1,3,2,4,1,1,2.23,1,4,FALSE
Female,Loyal Customer,49,Personal Travel,Eco,399,2,3,2,2,3,4,3,4,4,2,4,1,3,2.85,0,0,FALSE
Male,Loyal Customer,52,Business Travel,Business,1440,5,5,5,5,5,5,4,4,4,4,4,5,5,4.62,0,0,TRUE
Female,Loyal Customer,58,Business Travel,Business,2091,4,4,4,4,3,5,5,5,5,5,5,4,4,4.38,0,0,TRUE
Male,Loyal Customer,33,Personal Travel,Eco,1183,2,5,1,3,4,1,4,4,4,4,3,4,4,3.31,0,0,FALSE
Female,Loyal Customer,36,Personal Travel,Eco Plus,646,1,1,1,3,1,3,3,1,1,3,4,3,3,2.15,155,138,FALSE
Female,Disloyal Customer,39,Business Travel,Eco Plus,628,2,2,2,3,4,2,4,4,2,2,3,2,4,2.77,109,100,FALSE
Female,Loyal Customer,49,Business Travel,Business,1521,5,5,5,5,4,4,4,4,5,5,4,4,4,4.46,202,207,TRUE
Male,Loyal Customer,43,Business Travel,Business,251,4,4,5,4,4,5,5,4,4,4,4,4,3,4.15,8,0,TRUE
Female,Loyal Customer,39,Business Travel,Business,1696,1,4,4,4,1,1,1,2,1,3,3,1,1,2.08,951,940,FALSE
Male,Loyal Customer,51,Business Travel,Eco,366,1,2,2,2,1,1,1,1,4,3,3,3,1,1.92,8,3,FALSE
Male,Loyal Customer,43,Personal Travel,Eco,296,2,5,5,4,4,5,4,4,5,5,4,5,4,4.31,0,0,FALSE
Male,Loyal Customer,42,Personal Travel,Eco,925,2,3,2,3,5,2,5,5,3,3,3,1,5,3.23,0,8,FALSE
Male,Loyal Customer,33,Personal Travel,Eco,1055,1,4,1,4,2,1,1,2,5,3,4,5,2,2.69,0,0,FALSE
Female,Disloyal Customer,16,Business Travel,Eco,304,0,0,0,3,3,0,3,3,4,1,5,2,3,2.08,3,0,TRUE
Male,Loyal Customer,40,Business Travel,Eco,1050,2,5,5,5,2,3,2,2,4,4,4,4,2,3.38,0,0,FALSE
Female,Disloyal Customer,25,Business Travel,Business,946,2,0,2,1,4,2,4,4,5,5,4,4,4,3.15,0,0,FALSE
Male,Loyal Customer,23,Personal Travel,Eco,473,1,3,1,3,4,1,4,4,5,5,4,5,4,3.38,0,0,FALSE
Female,Disloyal Customer,37,Business Travel,Eco,420,4,0,4,5,4,4,4,4,2,4,3,2,4,3.38,3,0,FALSE
Female,Loyal Customer,67,Personal Travel,Eco Plus,257,3,2,3,3,4,3,3,4,4,3,4,2,2,3.08,0,0,FALSE
Female,Loyal Customer,46,Business Travel,Eco,303,4,2,2,2,2,1,1,3,3,4,3,2,1,2.31,26,21,FALSE
Female,Loyal Customer,60,Business Travel,Eco Plus,107,1,5,5,5,1,4,3,1,1,1,1,4,2,2.62,0,0,FALSE
Male,Loyal Customer,65,Personal Travel,Eco,1124,2,1,2,3,3,2,3,3,2,4,3,2,3,2.54,0,0,FALSE
Female,Loyal Customer,11,Personal Travel,Eco Plus,774,2,5,2,1,4,2,4,4,4,5,5,3,4,3.46,0,0,FALSE
Male,Loyal Customer,47,Business Travel,Business,1528,1,1,5,1,3,5,5,5,5,5,5,3,4,3.69,20,20,TRUE
Male,Loyal Customer,24,Personal Travel,Eco,925,5,5,5,5,5,5,5,5,1,3,5,5,5,4.54,0,0,TRUE
Female,Loyal Customer,51,Business Travel,Business,1107,1,3,3,3,2,3,3,1,1,1,1,4,4,2.31,2,6,FALSE
Male,Loyal Customer,62,Business Travel,Eco,2586,3,2,2,2,3,3,3,4,2,3,4,3,3,2.85,15,38,FALSE
Male,Disloyal Customer,32,Business Travel,Eco Plus,449,3,3,3,4,4,3,4,4,3,5,3,3,4,3.54,0,4,FALSE
Female,Loyal Customer,32,Personal Travel,Eco,859,5,4,5,3,3,5,3,3,4,4,4,5,3,3.92,17,7,TRUE
Male,Disloyal Customer,23,Business Travel,Business,1020,4,5,4,1,4,4,4,4,3,4,5,3,4,3.77,0,0,TRUE
Male,Loyal Customer,60,Personal Travel,Eco,930,2,4,2,3,3,2,3,3,1,1,3,4,3,2.62,0,0,FALSE
Male,Loyal Customer,31,Business Travel,Business,1471,2,2,2,2,5,5,5,5,4,2,4,3,5,3.54,0,0,TRUE
Female,Loyal Customer,38,Business Travel,Business,2492,2,3,3,3,3,4,3,2,2,2,2,3,1,2.54,43,29,FALSE
Female,Loyal Customer,31,Business Travel,Eco,191,2,5,5,5,2,2,2,2,4,5,4,1,2,3.15,24,22,FALSE
Female,Loyal Customer,8,Personal Travel,Eco,431,3,2,3,3,3,3,3,3,1,2,4,1,3,2.62,0,83,FALSE
Male,Loyal Customer,58,Personal Travel,Eco,1514,1,3,1,4,5,1,5,5,4,2,4,3,5,3.31,4,31,FALSE
Male,Loyal Customer,47,Business Travel,Business,3077,4,4,4,4,3,5,1,4,4,4,4,2,1,3.38,23,40,FALSE
Female,Loyal Customer,50,Business Travel,Business,575,5,5,5,5,4,2,1,2,2,2,2,5,4,3.38,0,0,TRUE
Female,Loyal Customer,39,Business Travel,Business,3700,4,4,4,4,2,2,1,5,5,5,5,4,5,3.85,0,0,TRUE
Male,Loyal Customer,58,Business Travel,Business,1944,3,2,2,2,4,4,3,3,3,3,3,4,1,2.85,28,34,FALSE
Male,Loyal Customer,37,Personal Travel,Eco,200,2,4,0,4,4,0,4,4,1,2,5,1,4,2.69,60,59,FALSE
Male,Loyal Customer,25,Business Travel,Eco,1999,3,5,5,5,3,3,3,3,3,1,4,3,3,3.38,2,21,FALSE
Male,Loyal Customer,80,Business Travel,Business,1990,2,2,2,2,5,4,5,5,5,5,5,4,5,3.92,9,0,TRUE
Female,Disloyal Customer,26,Business Travel,Eco,547,4,3,4,2,4,4,4,4,5,5,2,4,4,3.77,0,0,FALSE
Female,Loyal Customer,34,Personal Travel,Eco,965,4,4,5,3,5,5,5,5,4,3,4,4,5,4.31,0,0,TRUE
Male,Loyal Customer,70,Business Travel,Business,140,1,3,3,3,2,2,2,4,4,4,1,1,3,2.54,0,0,FALSE
Male,Loyal Customer,65,Personal Travel,Eco,591,2,5,2,2,4,2,4,4,3,4,4,3,4,3.31,71,69,FALSE
Female,Loyal Customer,30,Personal Travel,Eco,1236,3,5,3,4,3,3,3,3,4,3,5,4,3,3.54,0,0,FALSE
Male,Loyal Customer,46,Business Travel,Business,655,2,2,2,2,5,4,4,4,4,4,4,5,5,3.62,0,0,TRUE
Female,Loyal Customer,37,Business Travel,Eco,383,5,3,3,3,5,5,5,5,2,5,4,3,5,4.08,0,0,TRUE
Female,Loyal Customer,50,Personal Travel,Eco,1182,1,3,1,4,2,3,4,3,3,1,3,3,2,2.54,68,82,FALSE
Female,Disloyal Customer,26,Business Travel,Eco Plus,508,5,5,5,5,4,5,4,4,1,1,4,1,4,3.69,9,0,TRUE
Female,Loyal Customer,40,Business Travel,Business,2092,3,1,2,1,1,3,3,3,3,3,3,3,2,2.38,2,0,FALSE
Male,Loyal Customer,34,Business Travel,Business,304,1,5,5,5,3,2,2,1,1,1,1,4,4,2.69,0,0,FALSE
Female,Disloyal Customer,26,Business Travel,Eco,1096,3,3,3,3,4,3,4,4,2,2,3,3,4,3.15,0,0,FALSE
Male,Disloyal Customer,19,Business Travel,Eco,1304,3,3,3,4,3,2,1,2,4,4,4,1,1,2.69,0,18,FALSE
Female,Disloyal Customer,20,Business Travel,Eco,1372,3,3,3,5,3,3,3,1,3,3,3,3,3,3,3,72,FALSE
Female,Disloyal Customer,27,Business Travel,Business,1733,1,1,1,4,2,1,2,2,2,4,4,2,2,2.15,0,0,FALSE
Female,Loyal Customer,19,Business Travel,Business,2596,4,4,4,4,4,4,4,4,1,4,2,2,4,3.46,0,4,TRUE
Male,Loyal Customer,20,Personal Travel,Eco,216,4,2,4,4,3,4,4,3,2,3,4,1,3,3.15,0,0,FALSE
Female,Loyal Customer,51,Business Travel,Business,3442,2,2,2,2,4,4,5,5,5,5,4,4,5,3.77,4,0,TRUE
Male,Loyal Customer,34,Business Travel,Business,511,2,2,2,2,2,4,4,5,5,5,5,4,4,3.54,12,11,TRUE
Female,Loyal Customer,24,Personal Travel,Eco,1620,4,4,4,1,1,4,1,1,5,5,5,5,1,3.15,0,0,TRUE
Male,Disloyal Customer,21,Business Travel,Eco,204,5,0,5,1,4,5,4,4,5,4,5,4,4,3.85,0,0,TRUE
Male,Disloyal Customer,28,Business Travel,Eco,828,3,3,3,2,4,3,4,4,1,5,3,1,4,3.08,19,19,FALSE
Female,Loyal Customer,59,Business Travel,Business,2877,4,4,4,4,4,4,5,4,4,4,4,3,4,4,44,35,TRUE
Male,Loyal Customer,30,Business Travel,Business,2552,4,2,2,2,4,4,4,4,2,4,2,4,4,3.23,0,0,FALSE
Male,Loyal Customer,35,Personal Travel,Eco,1927,2,4,1,4,1,5,5,4,3,4,5,5,5,3.69,190,181,FALSE
Male,Loyal Customer,54,Personal Travel,Eco,2399,5,3,5,4,3,5,3,3,3,2,4,2,3,3.46,0,0,TRUE
Male,Disloyal Customer,27,Business Travel,Eco,2583,3,3,3,3,5,3,5,5,2,4,3,2,5,3.54,43,48,FALSE
Male,Disloyal Customer,26,Business Travel,Eco,950,3,3,3,3,2,3,2,2,3,2,4,4,2,2.77,0,0,FALSE
Female,Disloyal Customer,30,Business Travel,Eco,844,3,3,3,4,3,3,3,3,3,3,3,2,3,3,4,0,FALSE
Male,Loyal Customer,61,Personal Travel,Eco,156,1,4,0,3,2,0,1,2,3,5,4,5,2,2.46,0,0,FALSE
Male,Loyal Customer,61,Personal Travel,Eco,937,2,3,2,4,1,2,1,1,4,1,1,2,1,1.92,0,0,FALSE
Male,Loyal Customer,35,Business Travel,Business,1189,2,2,2,2,2,4,5,5,5,5,5,1,5,3.46,23,17,TRUE
Male,Loyal Customer,48,Personal Travel,Eco,370,4,5,2,1,5,2,5,5,3,4,4,5,5,3.85,89,78,FALSE
Male,Loyal Customer,50,Personal Travel,Eco,711,3,4,3,2,3,3,3,3,3,4,4,5,3,3.31,0,9,FALSE
Female,Disloyal Customer,34,Business Travel,Eco,782,3,3,3,3,4,3,4,4,1,5,3,2,4,3.23,0,4,FALSE
Female,Loyal Customer,68,Personal Travel,Eco,405,2,3,2,4,5,2,1,2,2,2,2,5,4,2.77,0,0,FALSE
Female,Loyal Customer,62,Personal Travel,Business,1047,4,5,4,3,3,5,5,5,5,4,3,4,4,4.15,0,0,FALSE
Female,Loyal Customer,39,Business Travel,Eco,846,4,3,3,3,4,4,4,4,4,5,3,5,4,3.85,0,17,TRUE
Female,Loyal Customer,48,Business Travel,Business,1854,1,1,1,1,4,4,4,2,2,2,2,3,4,2.38,14,0,TRUE
Female,Disloyal Customer,54,Business Travel,Eco Plus,1007,4,4,4,4,4,4,1,4,4,2,3,1,4,3.31,0,17,FALSE
Male,Disloyal Customer,28,Personal Travel,Eco,223,1,4,1,3,4,1,4,4,5,2,4,3,4,3.08,0,0,FALSE
Female,Loyal Customer,28,Personal Travel,Eco,1121,1,4,1,4,5,1,5,5,5,4,5,3,5,3.69,0,0,FALSE
Male,Loyal Customer,19,Business Travel,Business,352,2,2,2,2,5,5,5,5,3,3,2,5,5,3.54,0,0,TRUE
Female,Disloyal Customer,60,Business Travel,Eco,1211,1,1,1,4,1,1,1,1,1,2,3,4,1,1.69,16,14,FALSE
Male,Loyal Customer,14,Personal Travel,Eco,326,2,4,2,4,2,1,1,3,1,5,4,1,1,2.38,202,205,FALSE
Male,Loyal Customer,34,Business Travel,Business,237,3,3,3,3,5,3,3,3,3,3,3,3,4,3.23,19,13,FALSE
Male,Loyal Customer,42,Business Travel,Business,862,1,1,1,1,4,4,5,4,4,4,4,3,3,3,11,13,TRUE
Female,Loyal Customer,49,Business Travel,Eco,177,4,3,3,3,1,4,3,4,4,4,4,4,2,3.31,7,0,TRUE
Male,Loyal Customer,37,Personal Travel,Eco,632,1,5,1,2,2,1,2,2,5,3,5,3,2,2.62,0,8,FALSE
Male,Loyal Customer,43,Business Travel,Business,1450,2,5,5,5,1,2,3,2,2,2,2,2,1,2.62,34,4,FALSE
Female,Loyal Customer,18,Business Travel,Business,3690,1,3,3,3,1,1,1,1,2,4,3,1,1,1.92,214,201,FALSE
Female,Loyal Customer,48,Business Travel,Business,2454,3,3,3,3,2,3,4,5,5,5,5,3,5,3.77,4,0,TRUE
Female,Loyal Customer,33,Personal Travel,Eco,1723,0,1,0,4,1,0,1,1,4,4,4,2,1,1.77,0,0,TRUE
Female,Loyal Customer,20,Personal Travel,Eco Plus,862,1,5,1,5,4,1,1,4,2,1,2,2,4,2.54,15,27,FALSE
Male,Loyal Customer,20,Business Travel,Business,2041,1,1,1,1,3,3,3,3,5,1,4,5,3,2.62,0,1,TRUE
Male,Loyal Customer,42,Business Travel,Business,3454,3,4,3,3,4,4,5,5,5,5,5,3,3,4,0,0,TRUE
Male,Loyal Customer,67,Business Travel,Eco Plus,223,1,2,4,2,1,1,1,1,2,1,4,1,1,1.69,33,49,FALSE
Male,Disloyal Customer,22,Business Travel,Eco,753,5,5,5,1,5,5,5,5,2,2,2,1,5,3.69,0,0,TRUE
Male,Loyal Customer,45,Business Travel,Business,1700,3,3,3,3,2,4,5,4,4,4,4,3,3,3.46,0,0,TRUE
Female,Loyal Customer,48,Personal Travel,Eco,1195,2,5,2,3,4,4,5,2,2,2,2,5,4,3.23,9,1,FALSE
Male,Loyal Customer,7,Personal Travel,Eco,2677,2,2,3,3,3,1,1,1,3,3,3,1,1,2.08,0,0,FALSE
Male,Loyal Customer,54,Business Travel,Business,255,1,1,4,1,4,5,5,4,4,4,4,5,5,3.62,0,0,TRUE
Female,Loyal Customer,25,Personal Travel,Eco,679,2,3,2,4,1,2,1,1,3,5,4,2,1,2.38,33,21,FALSE
Female,Loyal Customer,43,Business Travel,Business,719,3,3,3,3,4,5,5,4,4,4,4,3,4,3.77,0,1,TRUE
Male,Loyal Customer,40,Personal Travel,Eco,1020,1,0,1,4,5,1,4,5,3,5,4,2,5,3.08,0,3,FALSE
Male,Loyal Customer,46,Business Travel,Eco,546,4,2,2,2,4,4,4,5,2,2,2,4,4,3.15,266,262,TRUE
Female,Loyal Customer,50,Business Travel,Business,2475,2,2,2,2,5,3,3,2,2,2,2,3,2,2.46,1,0,FALSE
Female,Loyal Customer,33,Personal Travel,Eco,2762,1,0,1,1,2,1,2,2,2,5,4,2,2,1.92,0,0,FALSE
Female,Loyal Customer,38,Personal Travel,Eco,888,3,2,3,3,1,3,1,1,3,1,4,1,1,2.08,0,0,FALSE
Female,Loyal Customer,40,Business Travel,Business,1609,1,4,4,4,1,3,3,1,1,1,1,2,3,2.23,1,21,FALSE
Female,Loyal Customer,70,Business Travel,Eco,370,2,3,3,3,4,2,2,2,2,2,2,2,4,2.54,14,20,FALSE
Female,Disloyal Customer,45,Business Travel,Eco,229,2,0,2,2,5,2,5,5,5,1,5,4,5,3.31,0,0,FALSE
Male,Loyal Customer,52,Personal Travel,Eco,404,2,5,2,2,4,2,4,4,1,2,2,5,4,3,0,0,FALSE
Female,Disloyal Customer,57,Business Travel,Business,1192,3,3,3,1,4,3,4,4,4,2,5,5,4,3.46,0,7,FALSE
Male,Loyal Customer,48,Business Travel,Business,456,1,1,1,1,3,5,5,4,4,4,4,5,3,3.15,27,11,TRUE
Female,Disloyal Customer,49,Business Travel,Business,1089,3,3,3,3,5,3,5,5,3,5,5,5,5,4.08,0,0,FALSE
Male,Loyal Customer,38,Business Travel,Business,2399,3,3,3,3,3,5,5,5,5,5,5,5,5,4.23,28,25,TRUE
Male,Loyal Customer,44,Business Travel,Eco,387,5,3,2,3,4,5,4,4,2,3,5,5,4,3.77,0,0,TRUE
Male,Loyal Customer,22,Business Travel,Business,2031,1,2,1,1,5,5,5,5,1,4,1,2,5,2.92,1,16,TRUE
Male,Loyal Customer,46,Business Travel,Business,341,5,5,5,5,2,5,5,4,4,4,4,4,5,4.38,0,0,TRUE
Male,Loyal Customer,41,Business Travel,Business,612,4,4,4,4,2,4,4,4,4,4,4,4,5,3.92,0,0,TRUE
Male,Loyal Customer,38,Personal Travel,Eco Plus,536,2,4,2,5,4,2,1,4,4,5,5,3,4,3.46,47,29,FALSE
Female,Disloyal Customer,35,Business Travel,Eco,112,3,1,3,2,4,3,4,4,2,4,3,2,4,3,0,0,FALSE
Female,Loyal Customer,31,Business Travel,Business,214,5,5,5,5,5,5,5,5,5,5,5,3,5,4.85,0,3,TRUE
Female,Loyal Customer,49,Business Travel,Business,3122,2,2,2,2,2,5,5,5,5,5,5,5,4,3.77,0,10,TRUE
Female,Disloyal Customer,24,Business Travel,Business,226,4,0,4,5,3,4,3,3,3,5,5,4,3,3.54,17,10,TRUE
Male,Loyal Customer,49,Personal Travel,Eco,200,4,2,4,1,4,4,4,4,2,2,1,4,4,3.08,0,9,FALSE
Female,Loyal Customer,33,Personal Travel,Eco,319,3,4,3,3,2,3,1,2,3,5,4,3,2,2.92,20,13,FALSE
Female,Loyal Customer,62,Personal Travel,Eco,1371,1,5,2,2,3,4,5,3,3,2,3,4,5,3.23,0,9,FALSE
Male,Loyal Customer,38,Business Travel,Business,2779,3,2,2,2,3,3,2,3,3,4,3,1,4,2.69,21,15,FALSE
Female,Loyal Customer,61,Business Travel,Business,2956,4,1,1,1,4,3,3,4,4,4,4,1,1,2.69,32,16,FALSE
Male,Loyal Customer,56,Business Travel,Business,1440,3,4,4,4,3,2,3,3,3,3,3,1,3,3,0,0,FALSE
Female,Loyal Customer,30,Business Travel,Business,674,2,3,3,3,2,2,2,2,2,2,3,1,2,2.23,1,18,FALSE
Male,Loyal Customer,42,Business Travel,Business,1744,1,1,1,1,2,5,4,4,4,4,4,4,3,2.92,0,0,TRUE
Female,Loyal Customer,43,Business Travel,Business,1124,4,1,1,1,4,4,4,4,4,4,4,1,4,3.08,65,60,FALSE
Male,Loyal Customer,39,Business Travel,Business,3098,1,1,1,1,2,5,4,4,4,5,4,4,5,3.15,0,0,TRUE
Male,Loyal Customer,59,Business Travel,Business,2863,5,5,5,5,3,4,5,3,3,3,3,4,4,4,0,0,TRUE
Male,Disloyal Customer,22,Business Travel,Business,590,0,0,0,2,2,0,4,2,5,3,5,5,2,2.31,2,0,TRUE
Male,Loyal Customer,28,Business Travel,Business,2725,3,3,3,3,5,5,5,5,3,2,1,2,5,3.46,0,0,TRUE
Male,Loyal Customer,49,Business Travel,Business,1416,1,1,1,1,3,5,5,4,4,4,4,4,3,3.08,0,7,TRUE
Male,Loyal Customer,42,Business Travel,Business,3222,3,3,3,3,4,5,5,3,3,4,4,5,5,3.85,0,0,TRUE
Female,Loyal Customer,59,Business Travel,Business,3677,4,4,4,4,4,4,5,3,3,3,3,5,3,3.77,0,0,TRUE
Male,Loyal Customer,51,Personal Travel,Eco,2475,2,4,2,3,2,5,3,5,4,4,5,3,3,3.46,0,0,FALSE
Male,Loyal Customer,58,Business Travel,Business,985,4,4,3,4,5,5,5,4,4,4,4,3,3,4,0,0,TRUE
Male,Disloyal Customer,25,Business Travel,Business,761,3,0,3,5,3,3,1,3,5,2,4,4,3,3,0,0,FALSE
Female,Loyal Customer,48,Business Travel,Business,3152,2,2,3,2,2,5,5,4,4,4,4,4,4,3.46,19,16,TRUE
Male,Disloyal Customer,20,Business Travel,Eco,101,2,0,2,5,1,2,1,1,5,5,1,3,1,2.23,1,11,FALSE
Female,Loyal Customer,56,Business Travel,Business,773,4,4,4,4,5,4,5,4,4,4,4,4,3,4.08,0,0,TRUE
Male,Disloyal Customer,34,Business Travel,Eco,160,2,0,2,1,4,2,4,4,4,4,4,4,4,3,2,0,FALSE
Male,Loyal Customer,44,Business Travel,Eco,196,3,5,5,5,3,3,3,3,3,3,2,4,3,3.46,18,12,FALSE
Male,Disloyal Customer,24,Business Travel,Eco,319,4,0,4,4,3,4,1,3,5,3,4,4,3,3.23,21,83,TRUE
Male,Loyal Customer,38,Personal Travel,Eco,786,5,5,5,1,4,5,4,4,3,3,4,4,4,3.92,1,0,TRUE
Female,Loyal Customer,28,Business Travel,Eco,503,2,1,1,1,2,2,2,2,2,5,3,4,2,2.23,16,19,FALSE
Female,Loyal Customer,73,Business Travel,Eco,1121,2,2,2,2,2,4,4,2,2,2,2,4,4,2.62,106,69,FALSE
Male,Disloyal Customer,42,Business Travel,Business,1576,4,4,4,4,5,4,5,5,4,3,4,5,5,4.31,0,0,FALSE
Male,Loyal Customer,47,Business Travel,Eco,160,3,2,2,2,3,3,3,3,5,4,3,2,3,2.92,0,0,TRUE
Male,Loyal Customer,55,Personal Travel,Eco,802,2,2,2,4,3,2,3,3,2,4,4,4,3,2.92,63,56,FALSE
Male,Loyal Customer,51,Business Travel,Business,2343,5,5,2,5,3,5,5,4,4,4,4,3,5,4.15,0,0,TRUE
Male,Loyal Customer,40,Business Travel,Business,2161,5,5,5,5,4,5,4,5,5,5,5,5,3,4.69,0,0,TRUE
Male,Disloyal Customer,27,Business Travel,Business,109,4,4,4,2,4,4,4,4,4,2,4,4,4,3.69,0,0,FALSE
Male,Loyal Customer,33,Business Travel,Eco,237,2,5,5,5,2,2,2,2,2,1,4,1,2,2.69,0,0,FALSE
Male,Disloyal Customer,56,Business Travel,Business,227,3,3,3,1,2,3,3,2,4,3,4,5,2,2.92,0,0,FALSE
Male,Disloyal Customer,18,Business Travel,Eco,376,5,3,5,2,2,5,2,2,1,1,3,5,2,2.92,0,5,TRUE
Male,Loyal Customer,32,Business Travel,Business,921,4,4,4,4,4,4,4,4,3,5,1,2,4,3.62,0,0,FALSE
Female,Disloyal Customer,18,Business Travel,Eco,208,5,0,5,4,2,5,4,2,4,5,3,1,2,3.23,0,0,TRUE
Female,Disloyal Customer,43,Business Travel,Business,679,3,3,3,3,4,3,4,4,5,2,5,5,4,3.69,0,4,FALSE
Male,Loyal Customer,42,Business Travel,Eco,383,3,2,4,4,3,3,3,3,1,2,3,1,3,2.69,73,,FALSE
Male,Loyal Customer,37,Personal Travel,Eco,475,2,1,2,3,1,2,1,1,4,4,3,1,1,2,55,54,FALSE
Female,Loyal Customer,38,Personal Travel,Eco,125,2,2,2,3,5,2,5,5,1,4,3,3,5,3.23,0,0,FALSE
Female,Loyal Customer,27,Personal Travel,Eco,1744,4,5,4,3,4,4,4,4,4,5,5,5,4,4.23,25,29,FALSE
Male,Loyal Customer,42,Business Travel,Business,1372,3,3,3,3,4,5,5,5,5,5,5,4,5,4.23,0,0,TRUE
Female,Loyal Customer,35,Business Travel,Business,1796,1,5,5,5,2,4,4,2,2,2,1,4,3,3.08,0,3,FALSE
Female,Loyal Customer,43,Personal Travel,Business,472,3,5,2,1,2,5,3,5,5,2,5,3,4,3.46,0,0,FALSE
Male,Loyal Customer,18,Personal Travel,Business,633,3,4,3,4,1,3,5,1,3,2,5,4,1,3,0,0,FALSE
Male,Loyal Customer,58,Business Travel,Business,2800,5,5,5,5,1,3,2,5,5,5,5,1,2,3.77,126,114,TRUE
Female,Loyal Customer,27,Business Travel,Business,2521,5,5,3,5,5,5,5,5,3,4,5,4,5,4.54,0,11,TRUE
Female,Loyal Customer,30,Business Travel,Eco,224,5,5,3,5,5,5,5,5,3,3,3,1,5,4.08,0,0,TRUE
Male,Disloyal Customer,61,Business Travel,Business,248,2,2,2,5,1,2,1,1,4,3,4,4,1,2.46,0,0,FALSE
Male,Loyal Customer,61,Personal Travel,Eco,630,4,5,4,4,3,4,3,3,4,2,4,5,3,3.69,40,45,FALSE
Female,Loyal Customer,13,Personal Travel,Eco,733,0,1,0,4,5,0,5,5,3,1,4,2,5,2.69,15,8,TRUE
Male,Loyal Customer,63,Personal Travel,Eco,421,3,4,3,4,5,3,5,5,1,4,3,4,5,3.77,6,0,FALSE
Male,Loyal Customer,20,Personal Travel,Eco,834,3,5,3,2,5,3,5,5,4,2,4,5,5,3.92,0,0,FALSE
Male,Loyal Customer,67,Personal Travel,Eco,2446,3,4,3,5,3,5,5,3,4,4,4,5,5,4.08,332,,FALSE
Female,Loyal Customer,27,Personal Travel,Eco,583,3,5,3,2,1,3,1,1,5,3,5,3,1,2.77,51,55,FALSE
Male,Loyal Customer,24,Business Travel,Business,787,3,3,3,3,5,5,5,5,3,4,5,4,5,4.08,58,50,TRUE
Female,Loyal Customer,34,Business Travel,Eco Plus,846,5,5,5,5,5,5,5,5,2,2,1,3,5,4.08,107,98,TRUE
Male,Disloyal Customer,16,Business Travel,Eco,622,2,2,2,4,1,2,1,1,2,4,3,2,1,2.08,31,13,FALSE
Female,Disloyal Customer,22,Business Travel,Eco,589,4,3,4,2,5,4,5,5,4,2,5,4,5,4,0,0,FALSE
Female,Loyal Customer,54,Business Travel,Business,1975,2,2,2,2,3,4,5,4,4,4,4,4,4,3.38,0,0,TRUE
Male,Loyal Customer,55,Personal Travel,Eco,1020,4,3,4,5,3,4,3,3,5,3,4,4,3,3.69,0,25,FALSE
Female,Loyal Customer,46,Business Travel,Business,2273,2,5,5,5,1,3,3,2,2,2,2,1,2,2.69,0,0,FALSE
Female,Loyal Customer,12,Personal Travel,Eco,351,2,4,2,5,5,2,5,5,4,4,5,3,5,3.92,0,0,FALSE
Male,Loyal Customer,35,Personal Travel,Eco,192,3,2,3,4,1,3,1,1,1,5,3,2,1,2.31,25,14,FALSE
Female,Disloyal Customer,45,Business Travel,Business,957,5,5,5,2,5,5,5,5,5,3,4,5,5,4.54,0,0,TRUE
Female,Loyal Customer,52,Personal Travel,Eco,303,4,5,4,5,2,5,4,2,2,4,2,3,5,3.62,0,0,TRUE
Male,Loyal Customer,47,Business Travel,Business,2242,1,0,0,4,3,3,3,3,3,0,5,2,4,2.38,17,17,FALSE
Female,Disloyal Customer,33,Business Travel,Business,397,2,1,1,2,3,1,3,3,4,3,4,4,3,2.62,0,0,FALSE
Female,Loyal Customer,46,Business Travel,Business,1426,4,4,4,4,2,5,4,5,5,5,5,3,5,4.23,0,0,TRUE
Male,Loyal Customer,21,Personal Travel,Eco,438,3,3,3,3,3,3,3,1,5,2,3,3,3,2.92,71,162,FALSE
Male,Loyal Customer,34,Personal Travel,Eco Plus,534,3,2,3,3,3,3,3,3,4,5,4,1,3,3.08,120,111,FALSE
Male,Loyal Customer,38,Business Travel,Business,3258,5,5,5,5,5,4,5,5,5,5,5,4,4,4.77,8,0,TRUE
Male,Loyal Customer,55,Personal Travel,Eco,268,2,2,2,4,2,2,5,2,2,5,2,4,2,2.77,0,20,FALSE
Female,Loyal Customer,43,Personal Travel,Eco Plus,583,2,1,2,2,4,3,3,1,1,2,1,3,1,2,14,0,FALSE
Male,Loyal Customer,47,Personal Travel,Eco,184,2,3,2,4,3,2,2,3,2,5,3,3,3,2.85,0,0,FALSE
Female,Loyal Customer,52,Business Travel,Business,1481,5,5,5,5,5,5,5,4,4,5,4,4,3,4.54,1,0,TRUE
Male,Disloyal Customer,34,Business Travel,Business,270,2,2,2,3,4,2,4,4,4,4,4,4,4,3.31,0,0,FALSE
Male,Loyal Customer,55,Business Travel,Business,1734,2,2,2,2,4,5,5,5,5,5,5,1,5,3.69,0,0,TRUE
Male,Loyal Customer,44,Personal Travel,Eco,158,4,2,4,4,1,4,1,1,2,3,3,3,1,2.54,0,0,FALSE
Male,Loyal Customer,41,Business Travel,Business,3324,1,1,1,1,5,5,4,4,4,4,4,5,3,3.23,12,19,TRUE
Female,Loyal Customer,22,Business Travel,Business,1750,4,4,4,4,5,5,5,5,5,4,4,3,5,4.38,13,0,TRUE
Female,Disloyal Customer,26,Business Travel,Eco,500,2,1,2,3,4,2,5,4,4,3,4,2,4,3.08,15,5,FALSE
Male,Loyal Customer,52,Business Travel,Business,3335,4,4,4,4,2,5,4,4,4,4,4,3,4,3.85,0,0,TRUE
Female,Loyal Customer,59,Business Travel,Business,2244,4,2,2,2,1,2,3,4,4,4,4,4,3,3,3,0,FALSE
Male,Disloyal Customer,47,Business Travel,Eco,163,2,0,2,1,3,2,3,3,1,2,4,1,3,2.08,15,4,FALSE
Female,Disloyal Customer,14,Business Travel,Business,633,4,4,4,2,2,4,2,2,5,3,5,4,2,3.31,0,0,TRUE
Male,Loyal Customer,52,Personal Travel,Eco Plus,874,3,1,3,3,3,3,1,3,4,4,4,2,3,2.85,0,0,FALSE
Male,Loyal Customer,64,Personal Travel,Eco,270,3,0,3,3,1,3,1,1,5,2,4,3,1,2.31,4,0,FALSE
Female,Loyal Customer,19,Personal Travel,Eco,1440,4,4,4,2,2,4,2,2,4,3,3,3,2,3,0,19,TRUE
Male,Disloyal Customer,20,Business Travel,Business,551,4,5,4,1,1,4,1,1,3,4,4,4,1,2.85,0,0,TRUE
Male,Disloyal Customer,40,Business Travel,Eco,297,1,0,1,3,2,1,2,2,5,5,4,5,2,2.54,0,0,FALSE
Male,Disloyal Customer,27,Business Travel,Business,436,4,4,4,5,2,4,2,2,5,5,4,3,2,3.54,57,54,TRUE
Female,Loyal Customer,50,Business Travel,Business,1501,3,3,3,3,2,5,4,4,4,4,4,3,3,3.46,0,0,TRUE
Female,Loyal Customer,32,Personal Travel,Eco,813,3,0,2,1,3,2,4,3,5,2,3,5,3,2.77,0,6,FALSE
Male,Loyal Customer,29,Business Travel,Business,493,2,3,3,3,2,2,2,2,3,2,3,4,2,2.54,0,0,FALSE
Female,Loyal Customer,28,Personal Travel,Eco,584,3,5,3,4,1,3,2,1,3,4,4,5,1,3,21,11,FALSE
Female,Loyal Customer,44,Business Travel,Business,2441,2,2,2,2,2,5,1,5,5,5,5,1,3,3.08,13,0,TRUE
Female,Disloyal Customer,35,Business Travel,Business,1694,2,2,2,3,3,2,3,3,4,4,3,3,3,2.85,0,0,FALSE
Male,Loyal Customer,55,Business Travel,Business,1970,4,4,2,4,2,4,5,3,3,3,3,4,5,3.54,0,0,TRUE
Female,Loyal Customer,46,Business Travel,Business,1723,2,2,2,2,5,3,3,2,2,2,2,4,3,2.62,5,0,FALSE
Male,Loyal Customer,55,Business Travel,Business,1620,3,3,3,3,3,5,5,4,4,4,4,3,4,3.69,0,0,TRUE
Male,Loyal Customer,33,Business Travel,Eco Plus,1237,4,3,1,3,4,4,4,4,3,4,1,1,4,3.08,0,0,TRUE
Female,Disloyal Customer,23,Business Travel,Eco,457,4,2,4,4,4,4,4,4,1,4,3,4,4,3.54,290,285,FALSE
Female,Loyal Customer,60,Personal Travel,Eco Plus,270,2,2,5,1,5,2,1,4,4,5,1,1,1,2.62,0,21,FALSE
Male,Loyal Customer,40,Personal Travel,Eco,1449,3,2,3,2,4,3,4,4,2,3,3,4,4,3.15,0,0,FALSE
Male,Loyal Customer,39,Business Travel,Business,226,4,4,4,4,2,5,4,5,5,4,5,4,4,4.15,4,5,TRUE
Male,Disloyal Customer,20,Business Travel,Eco,731,3,4,4,4,3,4,3,3,5,5,5,5,3,3.92,3,0,FALSE
Male,Loyal Customer,37,Personal Travel,Eco,580,0,2,0,2,1,0,1,1,3,3,2,3,1,1.46,0,0,TRUE
Female,Loyal Customer,57,Business Travel,Business,2054,1,4,3,3,1,4,3,2,2,2,1,4,2,2.46,0,0,FALSE
Female,Loyal Customer,48,Business Travel,Business,3973,2,2,2,2,2,3,3,3,3,3,2,2,1,2.31,0,0,FALSE
Female,Disloyal Customer,59,Business Travel,Business,195,2,2,2,1,4,2,4,4,4,5,5,4,4,3.31,0,0,FALSE
Female,Loyal Customer,28,Personal Travel,Eco,468,2,4,3,1,4,3,4,4,5,5,4,4,4,3.62,5,0,FALSE
Female,Disloyal Customer,22,Business Travel,Eco,912,1,1,1,3,3,1,3,3,3,5,3,4,3,2.62,0,0,FALSE
Female,Loyal Customer,44,Business Travel,Business,899,4,4,4,4,4,4,5,5,5,5,5,3,5,4.38,30,20,TRUE
Female,Loyal Customer,41,Business Travel,Business,1189,2,1,1,1,1,4,4,2,2,2,2,3,4,2.23,0,0,FALSE
Female,Loyal Customer,42,Business Travel,Business,2201,5,5,5,5,5,2,3,5,5,5,5,1,3,4.15,101,122,TRUE
Male,Loyal Customer,10,Personal Travel,Eco,719,1,5,1,1,1,1,1,1,3,5,4,4,1,2.23,55,73,FALSE
Male,Loyal Customer,51,Business Travel,Business,2939,5,5,5,5,5,4,4,4,4,4,4,4,5,4.46,0,0,TRUE
Male,Loyal Customer,46,Business Travel,Business,2504,4,4,4,4,4,4,5,3,3,2,3,4,5,3.77,0,5,TRUE
Male,Loyal Customer,38,Business Travel,Business,3995,3,3,4,3,5,5,5,4,4,4,4,1,5,3.85,0,0,TRUE
Male,Loyal Customer,25,Business Travel,Business,2580,3,3,3,3,4,4,4,4,4,4,4,4,4,3.69,0,0,TRUE
Male,Loyal Customer,67,Personal Travel,Eco,666,4,3,3,2,5,3,4,5,2,5,4,5,5,3.85,14,13,FALSE
Male,Loyal Customer,39,Personal Travel,Eco Plus,416,5,1,5,3,3,5,4,3,2,1,4,4,3,3.31,0,0,TRUE
Female,Loyal Customer,69,Personal Travel,Eco,581,1,5,1,2,4,4,4,2,2,1,4,3,3,2.77,0,0,FALSE
Male,Loyal Customer,57,Business Travel,Business,533,2,4,4,4,5,2,3,2,2,2,2,2,4,2.92,29,15,FALSE
Male,Loyal Customer,30,Business Travel,Business,1290,2,2,2,2,5,5,5,5,5,5,4,4,5,3.92,0,0,TRUE
Male,Loyal Customer,27,Business Travel,Eco,2586,3,4,4,4,3,3,3,3,4,2,4,3,3,3.31,20,6,FALSE
Female,Loyal Customer,15,Personal Travel,Eco,781,2,5,2,3,2,2,2,2,3,5,5,3,2,2.92,0,27,FALSE
Female,Loyal Customer,48,Business Travel,Business,1931,1,1,1,1,5,4,5,4,4,4,4,3,5,3.23,0,0,TRUE
Male,Loyal Customer,70,Personal Travel,Eco,101,1,5,1,4,4,1,1,4,4,4,4,4,4,3.15,0,2,FALSE
Female,Loyal Customer,31,Business Travel,Business,2289,2,2,2,2,4,4,4,4,5,5,4,5,4,3.62,0,0,TRUE
Male,Disloyal Customer,24,Business Travel,Eco,666,4,0,4,2,4,1,1,3,5,3,3,1,1,2.46,209,194,TRUE
Male,Loyal Customer,33,Personal Travel,Eco,157,2,5,2,3,2,2,2,2,3,3,5,5,2,2.92,5,6,FALSE
Male,Loyal Customer,13,Personal Travel,Eco Plus,214,2,3,2,3,1,2,1,1,3,4,4,5,1,2.46,32,18,FALSE
Female,Loyal Customer,58,Personal Travel,Eco,895,3,1,3,3,3,2,3,2,2,3,2,4,3,2.62,0,0,FALSE
Male,Loyal Customer,49,Personal Travel,Eco,406,2,4,2,1,2,2,2,2,2,4,3,3,2,2.38,2,0,FALSE
Female,Loyal Customer,21,Personal Travel,Business,944,2,1,2,3,1,2,1,1,4,4,4,1,1,2.08,0,0,FALSE
Male,Loyal Customer,61,Personal Travel,Eco,200,4,3,4,3,4,4,5,4,1,2,4,1,4,3.31,0,0,FALSE
Male,Loyal Customer,66,Personal Travel,Business,337,4,4,4,1,2,5,4,5,5,4,5,3,3,3.77,16,1,TRUE
Female,Loyal Customer,54,Personal Travel,Business,1069,2,2,2,3,4,4,4,4,4,2,4,3,3,3.15,12,0,FALSE
Male,Loyal Customer,23,Business Travel,Eco,978,5,2,2,2,5,4,4,5,1,5,1,1,5,3.23,0,0,TRUE
Male,Loyal Customer,34,Business Travel,Eco Plus,95,0,0,0,3,5,0,1,5,4,4,1,3,5,2.38,0,0,TRUE
Male,Loyal Customer,61,Personal Travel,Eco Plus,1024,2,5,2,1,4,2,4,4,5,4,2,5,4,3.38,0,0,FALSE
Female,Loyal Customer,8,Personal Travel,Eco,933,4,5,4,2,1,4,1,1,4,2,4,3,1,2.77,0,1,FALSE
Female,Loyal Customer,36,Business Travel,Business,1590,2,2,2,2,5,5,4,3,3,3,3,4,4,3.23,7,6,TRUE
Male,Loyal Customer,25,Personal Travel,Eco,944,3,4,3,1,1,3,1,1,2,1,2,3,1,2,0,0,FALSE
Male,Loyal Customer,69,Personal Travel,Eco Plus,404,3,5,3,5,2,3,3,2,5,2,4,4,2,3.31,0,0,FALSE
Male,Loyal Customer,43,Business Travel,Business,1744,4,4,4,4,5,5,4,5,5,4,5,3,5,4.38,107,97,TRUE
Female,Loyal Customer,16,Personal Travel,Eco,1290,2,4,2,2,2,2,2,2,5,2,3,5,2,2.69,0,0,FALSE
Male,Loyal Customer,21,Personal Travel,Business,1506,2,5,2,3,1,2,2,1,4,2,3,5,1,2.54,32,36,FALSE
Male,Loyal Customer,39,Business Travel,Eco Plus,453,1,0,0,4,4,0,4,4,2,1,3,4,4,2.38,0,6,FALSE
Male,Loyal Customer,25,Personal Travel,Eco,597,1,4,1,2,1,1,1,1,4,5,4,3,1,2.23,28,27,FALSE
Male,Loyal Customer,28,Personal Travel,Eco,925,3,2,4,4,5,4,5,5,1,5,3,4,5,3.85,10,0,FALSE
Male,Loyal Customer,45,Personal Travel,Eco,1514,1,2,0,3,5,0,5,5,4,1,3,2,5,2.77,14,0,FALSE
Male,Loyal Customer,23,Business Travel,Business,759,3,4,4,4,3,3,3,3,3,1,2,3,3,3,0,7,FALSE
Female,Loyal Customer,59,Personal Travel,Eco,733,3,4,3,3,4,4,4,4,4,3,4,2,3,3.46,0,0,FALSE
Female,Disloyal Customer,28,Business Travel,Business,447,5,5,5,2,3,5,1,3,5,4,5,5,3,3.92,42,34,TRUE
Female,Loyal Customer,63,Business Travel,Business,469,3,1,1,1,2,4,3,3,3,3,3,3,2,2.46,50,37,FALSE
Male,Loyal Customer,42,Business Travel,Business,3787,2,2,2,2,3,4,4,2,2,2,2,2,3,2.46,20,17,FALSE
Female,Disloyal Customer,14,Business Travel,Eco,563,2,4,2,3,1,2,1,1,1,5,3,4,1,2.31,9,18,FALSE
Male,Loyal Customer,58,Personal Travel,Eco,967,3,5,3,3,2,3,2,2,5,5,4,3,2,3.23,0,0,FALSE
Female,Disloyal Customer,24,Business Travel,Eco,805,1,0,0,3,3,1,3,3,4,5,4,1,3,2.38,0,0,FALSE
Female,Loyal Customer,70,Business Travel,Eco,909,1,3,3,3,4,3,3,1,1,1,1,1,1,2,5,30,FALSE
Male,Loyal Customer,40,Business Travel,Business,3035,4,4,4,4,4,5,2,3,3,2,3,3,4,3.46,16,22,TRUE
Male,Loyal Customer,41,Business Travel,Business,2537,2,4,4,4,3,2,2,2,2,2,2,3,4,2.77,66,46,FALSE
Male,Loyal Customer,24,Business Travel,Eco,987,0,3,0,3,1,3,1,1,5,4,2,2,1,2,42,22,TRUE
Male,Loyal Customer,46,Business Travel,Business,1066,1,1,1,1,2,4,4,4,4,4,4,4,4,2.92,9,0,TRUE
Female,Loyal Customer,54,Business Travel,Business,2381,5,5,5,5,4,5,4,4,4,4,4,3,3,4.23,68,66,TRUE
Male,Loyal Customer,35,Personal Travel,Eco,640,1,5,1,2,3,1,3,3,3,5,5,3,3,2.92,11,16,FALSE
Female,Loyal Customer,55,Business Travel,Business,2455,5,5,5,5,5,4,5,5,5,5,5,3,3,4.62,23,13,TRUE
Female,Loyal Customer,54,Personal Travel,Eco,644,4,4,4,4,4,5,5,4,4,4,4,5,4,4.23,22,20,FALSE
Male,Loyal Customer,19,Personal Travel,Eco,651,3,0,3,3,1,3,1,1,3,1,4,1,1,1.92,49,98,FALSE
Male,Loyal Customer,55,Business Travel,Business,3678,2,2,2,2,4,4,5,4,4,5,4,4,3,3.46,18,38,TRUE
Female,Loyal Customer,69,Personal Travel,Eco,1514,2,5,3,2,3,1,4,5,5,3,4,4,4,3.46,90,140,FALSE
Male,Loyal Customer,42,Business Travel,Business,2469,1,1,1,1,2,3,4,4,4,4,5,4,5,3,0,1,TRUE
Male,Loyal Customer,44,Business Travel,Eco,989,3,2,2,2,3,3,3,3,1,3,3,4,3,2.69,0,0,FALSE
Female,Loyal Customer,13,Personal Travel,Eco,1017,4,4,4,3,4,4,4,4,1,5,3,3,4,3.62,0,0,FALSE
Male,Loyal Customer,36,Business Travel,Business,3312,1,5,5,5,1,4,3,1,1,1,1,2,3,2.54,0,0,FALSE
Female,Loyal Customer,47,Business Travel,Business,3735,2,2,2,2,5,5,5,5,5,4,5,5,5,4,0,0,TRUE
Male,Loyal Customer,63,Business Travel,Business,1437,2,2,2,2,4,4,4,2,2,2,2,4,1,2.54,11,12,FALSE
Female,Loyal Customer,7,Personal Travel,Eco Plus,2254,2,4,2,1,1,2,1,1,5,4,4,3,1,2.38,29,5,FALSE
Male,Loyal Customer,47,Business Travel,Business,2165,5,5,5,5,3,3,5,4,4,4,4,3,4,4.15,0,4,TRUE
Male,Loyal Customer,49,Business Travel,Business,3997,4,4,4,4,5,5,4,5,5,4,5,4,5,4.46,37,77,TRUE
Female,Loyal Customer,40,Business Travel,Business,1726,5,5,5,5,3,4,5,5,5,5,5,3,4,4.54,0,0,TRUE
Female,Loyal Customer,50,Personal Travel,Business,2475,2,4,2,3,2,4,4,4,4,2,4,4,4,3.31,0,96,FALSE
Male,Loyal Customer,56,Business Travel,Eco,165,5,3,3,3,5,5,5,5,2,2,3,1,5,3.62,0,1,TRUE
Female,Loyal Customer,60,Business Travel,Business,516,4,4,4,4,3,5,5,4,4,4,4,3,3,3.92,0,0,TRUE
Female,Loyal Customer,37,Personal Travel,Eco,2586,1,4,1,5,1,5,5,3,2,4,4,5,5,3.46,0,0,FALSE
Female,Loyal Customer,50,Business Travel,Business,2454,4,5,4,4,3,4,5,4,4,4,4,4,5,4.15,2,19,TRUE
Male,Loyal Customer,57,Business Travel,Business,2778,3,3,3,3,3,4,4,5,5,5,5,3,3,3.77,0,0,TRUE
Male,Loyal Customer,19,Personal Travel,Business,696,2,5,2,2,4,2,4,4,5,3,4,5,4,3.54,0,0,FALSE
Female,Loyal Customer,22,Business Travel,Eco Plus,1674,5,1,1,1,5,4,5,5,4,3,5,4,5,3.69,4,0,TRUE
Female,Disloyal Customer,27,Business Travel,Business,1346,3,2,2,2,3,2,3,3,3,3,4,3,3,2.77,0,4,FALSE
Female,Loyal Customer,65,Business Travel,Eco,308,2,4,4,4,5,4,3,1,1,2,1,1,3,2.69,0,0,FALSE
Female,Loyal Customer,47,Personal Travel,Eco Plus,851,1,5,0,1,3,5,5,1,1,0,1,5,4,2.46,10,0,FALSE
Male,Loyal Customer,29,Personal Travel,Business,986,3,3,3,3,4,3,1,4,3,3,4,3,4,3.15,0,0,FALSE
Male,Loyal Customer,46,Business Travel,Business,1171,3,3,3,3,4,4,4,5,2,4,5,4,4,3.69,315,299,TRUE
Male,Loyal Customer,43,Business Travel,Business,965,2,2,2,2,3,4,2,5,5,5,5,5,2,3.38,0,0,TRUE
Female,Loyal Customer,55,Personal Travel,Eco,406,2,5,2,5,4,4,4,1,1,2,1,4,3,2.92,0,0,FALSE
Male,Loyal Customer,45,Business Travel,Business,1588,2,5,5,5,2,4,3,2,2,2,2,2,3,3,16,2,FALSE
Female,Loyal Customer,56,Business Travel,Eco,1189,4,1,5,1,2,5,5,4,4,4,4,4,1,3.38,92,92,TRUE
Female,Loyal Customer,56,Business Travel,Business,3870,3,3,3,3,4,4,4,5,5,5,4,5,4,4,0,0,TRUE
Female,Loyal Customer,25,Personal Travel,Eco,201,1,3,1,4,4,1,4,4,2,3,1,4,4,2.77,67,56,FALSE
Male,Loyal Customer,47,Personal Travel,Business,386,2,5,2,4,5,4,4,3,3,2,3,5,4,3.54,0,0,FALSE
Male,Loyal Customer,47,Personal Travel,Eco,340,2,5,2,3,1,2,1,1,4,2,4,5,1,2.54,0,0,FALSE
Female,Loyal Customer,56,Business Travel,Business,2565,1,1,2,1,4,5,5,5,3,5,5,5,5,3.62,13,0,TRUE
Male,Loyal Customer,65,Personal Travel,Business,280,1,3,1,5,3,4,3,4,4,1,4,5,3,3.15,0,0,FALSE
Male,Loyal Customer,23,Business Travel,Business,1587,2,2,2,2,4,4,4,4,5,5,4,3,4,3.46,0,0,TRUE
Male,Loyal Customer,28,Business Travel,Business,3291,1,2,3,3,4,3,1,4,2,3,4,1,4,2.69,0,0,FALSE
Female,Disloyal Customer,29,Business Travel,Eco,547,3,3,3,3,1,3,1,1,4,4,4,2,1,2.54,5,11,FALSE
Male,Disloyal Customer,36,Business Travel,Business,405,1,1,1,2,5,1,3,5,4,4,5,3,5,3.08,0,0,FALSE
Female,Loyal Customer,33,Business Travel,Business,2710,4,5,5,5,3,3,4,4,4,3,4,4,3,3.92,0,0,FALSE
Male,Loyal Customer,22,Business Travel,Business,1020,4,4,4,4,3,4,3,3,5,3,5,5,3,3.85,0,0,TRUE
Male,Loyal Customer,68,Personal Travel,Eco,319,1,5,1,4,5,1,5,5,2,4,2,2,5,3.23,0,0,FALSE
Male,Disloyal Customer,49,Business Travel,Business,1522,4,5,5,2,3,4,3,3,3,4,4,3,3,3.54,0,0,FALSE
Male,Disloyal Customer,39,Business Travel,Eco,373,2,5,2,3,5,2,5,5,2,4,2,1,5,3.31,0,0,FALSE
Male,Loyal Customer,25,Personal Travel,Eco,1721,1,5,1,2,5,1,5,5,5,3,3,4,5,3.46,0,4,FALSE
Female,Loyal Customer,41,Business Travel,Business,2026,3,3,3,3,5,4,4,3,3,3,3,3,3,3.31,0,0,FALSE
Male,Loyal Customer,46,Personal Travel,Eco Plus,1488,3,4,3,3,1,3,1,1,3,3,5,4,1,2.69,5,0,FALSE
Male,Loyal Customer,39,Personal Travel,Eco,1797,4,2,4,4,2,4,2,2,3,2,2,1,2,2.62,15,12,TRUE
Female,Loyal Customer,65,Business Travel,Eco,587,2,4,5,4,1,3,3,2,2,2,2,4,4,2.92,23,26,FALSE
Male,Loyal Customer,47,Business Travel,Business,2787,4,4,4,4,2,4,4,5,5,5,5,4,3,4.08,0,0,TRUE
Male,Loyal Customer,54,Personal Travel,Eco,1075,2,4,2,1,2,2,2,2,4,2,4,3,2,2.46,21,29,FALSE
Male,Disloyal Customer,31,Business Travel,Eco,925,3,3,3,3,4,3,4,4,3,4,1,4,4,3.31,0,0,FALSE
Male,Disloyal Customer,34,Business Travel,Eco,661,2,3,2,3,2,3,3,3,1,4,3,3,3,2.69,302,296,FALSE
Male,Loyal Customer,42,Business Travel,Business,2209,1,1,1,1,3,4,4,4,4,5,4,4,4,3.08,4,22,TRUE
Female,Disloyal Customer,62,Business Travel,Eco,404,1,1,0,3,2,0,5,2,2,5,4,4,2,2.38,0,0,FALSE
Female,Disloyal Customer,38,Business Travel,Eco,370,1,3,1,4,1,1,1,1,2,5,3,3,1,2.08,62,78,FALSE
Male,Loyal Customer,46,Personal Travel,Eco,687,3,4,3,2,3,3,3,3,3,4,4,5,3,3.31,0,0,FALSE
Female,Loyal Customer,59,Personal Travel,Eco,550,2,3,2,5,1,5,4,4,4,2,4,5,4,3.46,73,70,FALSE
Male,Disloyal Customer,44,Business Travel,Eco,253,3,3,3,1,3,3,3,3,2,3,5,4,3,3,0,0,FALSE
Female,Loyal Customer,8,Personal Travel,Eco Plus,110,4,3,4,4,3,4,3,3,1,2,2,1,3,2.85,0,0,FALSE
Male,Loyal Customer,54,Personal Travel,Eco,1733,2,3,2,5,1,2,1,1,5,2,4,3,1,2.46,28,14,FALSE
Male,Loyal Customer,26,Business Travel,Business,3376,3,3,3,3,3,3,3,3,4,3,4,4,3,3.23,56,49,FALSE
Female,Loyal Customer,58,Business Travel,Business,248,5,5,5,5,4,5,4,5,5,5,5,5,4,4.77,0,0,TRUE
Female,Loyal Customer,13,Personal Travel,Eco,861,2,5,3,3,2,3,2,2,3,3,4,3,2,2.85,0,21,FALSE
Female,Loyal Customer,55,Business Travel,Eco,809,5,1,1,1,2,1,2,5,5,5,5,5,2,3.08,0,0,TRUE
Female,Loyal Customer,43,Business Travel,Business,2920,4,4,3,4,5,2,2,5,5,5,4,1,5,3.77,0,0,TRUE
Female,Loyal Customer,57,Business Travel,Business,3967,3,3,3,3,5,5,5,4,4,4,5,5,5,4.15,0,0,TRUE
Male,Loyal Customer,30,Business Travel,Eco Plus,505,4,3,3,3,4,4,4,4,4,5,3,5,4,3.85,0,0,TRUE
Female,Loyal Customer,49,Business Travel,Business,2475,3,3,3,3,2,4,4,5,5,5,5,4,3,3.77,0,0,TRUE
Female,Loyal Customer,24,Personal Travel,Eco,853,2,4,3,1,3,3,3,3,4,2,4,5,3,3.08,0,11,FALSE
Female,Loyal Customer,59,Business Travel,Business,2174,3,3,3,3,3,3,5,4,4,5,4,5,5,3.85,0,0,TRUE
Male,Loyal Customer,44,Business Travel,Business,3691,4,4,4,4,4,5,5,4,4,4,4,3,3,4,46,33,TRUE
Female,Disloyal Customer,37,Business Travel,Eco,173,1,3,1,3,4,1,4,4,3,2,1,1,4,2.46,0,0,FALSE
Female,Disloyal Customer,25,Business Travel,Eco,472,4,0,4,5,3,4,3,3,3,4,3,2,3,3.15,0,0,TRUE
Female,Loyal Customer,53,Business Travel,Business,1346,2,2,3,2,5,5,4,4,4,5,4,3,3,3.54,2,0,TRUE
Female,Disloyal Customer,21,Business Travel,Business,1055,5,5,5,3,5,5,5,5,4,3,4,3,5,4.38,12,4,TRUE
Female,Loyal Customer,64,Personal Travel,Eco,850,3,5,3,2,5,4,5,2,2,3,2,5,3,3.38,0,0,FALSE
Female,Disloyal Customer,35,Business Travel,Eco Plus,1134,1,1,1,5,2,1,2,2,1,4,2,3,2,2.08,1,5,FALSE
Female,Loyal Customer,17,Personal Travel,Eco,1009,4,2,4,2,2,4,5,2,2,3,3,2,2,2.85,0,0,FALSE
Female,Disloyal Customer,20,Business Travel,Business,2434,5,5,5,2,5,4,4,5,4,4,4,4,4,4.23,2,0,TRUE
Male,Loyal Customer,58,Business Travel,Business,3463,1,1,1,1,3,5,5,5,5,5,5,5,4,3.54,0,5,TRUE
Male,Loyal Customer,38,Business Travel,Eco,419,3,4,3,4,3,3,3,3,2,2,3,4,3,3.08,1,0,FALSE
Male,Loyal Customer,9,Personal Travel,Eco,574,4,5,4,3,2,4,2,2,5,2,5,5,2,3.46,0,1,TRUE
Female,Disloyal Customer,16,Business Travel,Eco,784,0,0,0,2,1,0,1,1,5,5,4,4,1,1.85,0,0,TRUE
Male,Loyal Customer,50,Business Travel,Business,227,4,4,4,4,3,4,4,5,5,5,5,4,5,4.31,0,0,TRUE
Female,Loyal Customer,37,Business Travel,Business,2950,0,4,0,2,4,4,4,5,5,5,5,2,3,3.31,0,0,TRUE
Female,Loyal Customer,52,Business Travel,Business,1538,4,4,4,4,4,5,5,2,2,2,2,3,3,3.38,69,48,TRUE
Female,Disloyal Customer,29,Business Travel,Business,907,2,2,2,1,4,2,4,4,3,2,4,4,4,2.92,93,91,FALSE
Male,Loyal Customer,60,Business Travel,Business,2845,4,5,4,4,4,5,5,4,4,4,4,3,4,4.15,46,45,TRUE
Male,Loyal Customer,45,Business Travel,Business,997,5,5,5,5,5,5,4,4,4,4,4,5,3,4.46,0,12,TRUE
Female,Disloyal Customer,21,Business Travel,Business,214,4,0,4,5,5,4,5,5,4,2,4,5,5,4,0,0,TRUE
Male,Disloyal Customer,39,Business Travel,Business,957,1,0,0,5,3,0,3,3,5,5,4,4,3,2.77,62,55,FALSE
Female,Loyal Customer,52,Business Travel,Business,2798,3,3,3,3,5,4,4,5,2,5,5,4,4,3.85,136,125,TRUE
Female,Disloyal Customer,40,Business Travel,Business,604,3,2,2,3,3,2,3,3,1,2,3,2,3,2.46,0,0,FALSE
Male,Disloyal Customer,38,Business Travel,Eco,1448,1,1,1,2,4,1,4,4,3,2,2,1,4,2.31,7,0,FALSE
Female,Disloyal Customer,26,Business Travel,Business,358,3,4,3,1,3,3,3,3,4,2,4,4,3,3.08,0,0,FALSE
Male,Loyal Customer,17,Business Travel,Business,1589,3,4,4,4,3,3,3,3,3,4,3,3,3,3.31,0,0,FALSE
Female,Loyal Customer,16,Business Travel,Business,1535,5,5,5,5,4,4,4,4,5,4,1,2,4,4,0,0,TRUE
Male,Loyal Customer,15,Personal Travel,Eco,309,3,4,3,1,3,3,1,3,5,3,4,5,3,3.15,5,16,FALSE
Female,Loyal Customer,62,Personal Travel,Eco,1164,1,4,1,1,4,4,5,4,4,1,4,5,5,3.31,29,25,FALSE
Male,Loyal Customer,35,Business Travel,Business,1882,1,1,1,1,3,5,5,4,4,4,5,5,4,3.31,2,0,TRUE
Male,Loyal Customer,52,Business Travel,Business,190,1,1,1,1,3,2,3,4,4,4,1,3,3,2.38,0,0,FALSE
Female,Disloyal Customer,25,Business Travel,Eco,926,2,2,2,3,4,2,4,4,4,3,4,2,4,3.08,10,6,FALSE
Female,Loyal Customer,61,Personal Travel,Eco Plus,328,2,2,2,4,2,3,3,5,5,2,5,2,1,2.92,8,3,FALSE
Female,Loyal Customer,29,Personal Travel,Eco,489,2,3,2,3,3,2,3,3,4,4,3,3,3,2.92,13,12,FALSE
Male,Loyal Customer,79,Business Travel,Eco Plus,430,5,2,2,2,5,5,5,5,4,5,3,5,5,4.08,0,0,TRUE
Female,Loyal Customer,8,Personal Travel,Eco,677,3,4,3,1,3,3,3,3,2,1,1,1,3,2.38,0,0,FALSE
Male,Disloyal Customer,24,Business Travel,Business,1235,5,0,5,4,5,5,4,5,4,2,5,5,5,4.15,0,0,TRUE
Female,Disloyal Customer,43,Business Travel,Business,1727,2,1,1,4,5,2,3,5,5,5,4,5,5,3.62,17,47,FALSE
Female,Loyal Customer,20,Personal Travel,Eco,733,1,5,1,1,1,1,1,1,5,5,5,1,1,2.23,0,0,FALSE
Female,Loyal Customer,24,Business Travel,Eco Plus,788,4,2,1,2,4,4,4,4,5,3,5,3,4,3.46,0,0,TRUE
Female,Disloyal Customer,36,Business Travel,Business,867,4,4,4,4,4,4,3,4,4,5,5,3,4,4,29,49,FALSE
Female,Disloyal Customer,26,Business Travel,Business,679,3,5,3,4,1,3,1,1,3,4,5,4,1,2.92,0,0,FALSE
Female,Disloyal Customer,38,Business Travel,Business,1587,3,3,3,2,5,3,5,5,3,5,5,4,5,3.92,0,18,FALSE
Male,Loyal Customer,43,Business Travel,Business,1746,5,5,5,5,4,4,5,4,4,4,4,3,5,4.38,0,0,TRUE
Male,Disloyal Customer,39,Business Travel,Eco,397,3,0,3,3,2,3,2,2,3,3,4,2,2,2.46,29,22,FALSE
Male,Loyal Customer,61,Business Travel,Business,3346,4,4,4,4,4,3,1,5,5,5,5,1,2,3.62,17,25,TRUE
Female,Loyal Customer,45,Business Travel,Business,425,1,1,1,1,1,2,2,1,1,1,1,2,1,1.23,28,22,FALSE
Female,Loyal Customer,41,Business Travel,Eco,1372,5,4,4,4,5,5,5,5,4,2,2,1,5,3.92,0,0,TRUE
Female,Loyal Customer,59,Business Travel,Business,1464,1,1,1,1,4,4,4,5,5,5,5,4,4,3.38,0,0,TRUE
Male,Loyal Customer,35,Business Travel,Eco,925,4,3,3,3,4,4,4,4,4,5,4,4,4,3.85,34,35,TRUE
Male,Loyal Customer,21,Personal Travel,Eco,308,4,3,4,2,3,4,3,3,3,2,4,1,3,3,0,0,TRUE
Male,Loyal Customer,38,Business Travel,Business,462,4,4,4,4,3,5,4,5,5,5,5,5,3,4.31,0,0,TRUE
Male,Disloyal Customer,23,Business Travel,Eco,134,2,4,2,4,4,2,4,4,1,1,3,3,4,2.92,15,6,FALSE
Female,Loyal Customer,41,Business Travel,Business,2901,3,2,2,2,3,2,3,3,3,3,3,4,3,2.77,0,10,FALSE
Male,Loyal Customer,51,Business Travel,Business,1532,5,5,5,5,4,5,5,4,4,5,4,5,4,4.62,0,0,TRUE
Male,Disloyal Customer,19,Business Travel,Eco,315,5,2,5,3,2,5,2,2,1,1,4,3,2,2.85,0,0,TRUE
Female,Loyal Customer,38,Business Travel,Business,2944,2,2,2,2,3,5,4,2,2,2,2,5,3,2.77,4,0,TRUE
Male,Disloyal Customer,36,Business Travel,Business,1706,2,2,2,5,4,2,4,4,4,5,3,3,4,3.38,0,0,FALSE
Female,Loyal Customer,27,Business Travel,Business,304,4,4,4,4,5,5,5,5,2,2,3,3,5,3.92,0,0,TRUE
Female,Loyal Customer,55,Business Travel,Business,946,3,3,3,3,5,4,4,2,2,2,2,3,5,3.15,2,0,TRUE
Male,Disloyal Customer,46,Business Travel,Business,383,4,4,4,4,3,4,2,3,5,4,4,5,3,3.77,25,7,TRUE
Male,Disloyal Customer,31,Business Travel,Business,1814,1,1,1,2,1,1,1,1,3,2,4,3,1,1.69,0,0,FALSE
Male,Loyal Customer,59,Business Travel,Business,134,1,1,1,1,2,4,4,4,4,4,5,3,5,3,0,10,TRUE
Male,Loyal Customer,31,Personal Travel,Business,894,4,4,4,2,3,4,1,3,3,2,4,5,3,3.23,14,11,FALSE
Male,Loyal Customer,36,Business Travel,Eco,606,2,3,3,3,2,2,2,2,2,3,4,3,2,2.54,0,0,FALSE
Male,Loyal Customer,41,Personal Travel,Eco,1546,3,5,3,2,2,3,2,2,5,5,5,3,2,3.23,0,0,FALSE
Male,Disloyal Customer,25,Business Travel,Eco,732,5,5,5,3,4,5,4,4,3,2,4,5,4,4.08,0,0,TRUE
Female,Loyal Customer,31,Personal Travel,Eco,444,2,4,2,3,1,2,1,1,4,1,2,3,1,2.08,0,0,FALSE
Female,Loyal Customer,47,Business Travel,Business,1448,3,3,3,3,4,2,2,3,3,3,3,5,3,3.08,2,0,TRUE
Male,Loyal Customer,43,Business Travel,Business,1677,5,5,5,5,4,2,4,2,2,2,2,1,2,3.15,0,0,TRUE
Male,Loyal Customer,64,Personal Travel,Eco,689,3,3,3,4,1,3,1,1,2,4,3,3,1,2.46,73,66,FALSE
Female,Loyal Customer,53,Personal Travel,Eco,1045,3,5,3,3,4,5,5,3,3,3,3,3,3,3.54,0,0,FALSE
Male,Loyal Customer,65,Business Travel,Eco,431,4,5,5,5,4,4,4,4,4,2,2,4,4,3.92,70,85,FALSE
Male,Loyal Customer,56,Personal Travel,Eco,366,3,4,1,1,4,1,4,4,3,4,5,1,4,3,2,2,FALSE
Female,Loyal Customer,62,Personal Travel,Eco,2402,3,3,3,5,3,5,5,2,2,3,1,5,5,3.46,0,17,FALSE
Female,Loyal Customer,58,Business Travel,Business,2948,4,4,4,4,2,5,4,4,4,5,4,3,5,4,0,0,TRUE
Male,Loyal Customer,64,Personal Travel,Eco,1337,3,5,3,3,4,3,4,4,5,5,4,4,4,3.92,0,8,FALSE
Female,Disloyal Customer,38,Business Travel,Business,222,1,1,1,5,5,1,3,5,4,4,4,4,5,3.31,0,0,FALSE
Male,Disloyal Customer,35,Business Travel,Eco,175,2,0,2,2,4,2,2,4,5,1,2,4,4,2.62,0,0,FALSE
Female,Disloyal Customer,39,Business Travel,Business,594,3,3,3,4,5,3,5,5,4,2,5,5,5,4,7,5,FALSE
Female,Disloyal Customer,27,Business Travel,Business,1721,2,2,2,2,4,2,4,4,5,2,5,5,4,3.31,60,47,FALSE
Male,Loyal Customer,44,Business Travel,Eco,261,5,5,5,5,5,5,5,5,2,1,1,4,5,4.08,0,0,TRUE
Female,Loyal Customer,57,Business Travel,Business,2084,3,4,3,4,3,2,3,3,3,2,3,1,1,2.69,0,2,FALSE
Female,Loyal Customer,29,Business Travel,Eco Plus,641,0,0,0,3,4,0,4,4,4,3,1,4,4,2.38,0,0,TRUE
Male,Loyal Customer,56,Business Travel,Eco,264,2,4,4,4,2,2,2,2,1,4,2,2,2,2.54,0,0,FALSE
Female,Disloyal Customer,37,Business Travel,Business,420,2,2,2,2,2,2,2,2,3,4,5,4,2,2.62,14,39,FALSE
Female,Disloyal Customer,25,Business Travel,Business,1197,5,0,5,2,5,3,3,4,5,4,5,3,3,3.62,154,149,TRUE
Female,Loyal Customer,57,Business Travel,Business,3582,1,1,1,1,2,4,5,5,5,5,5,4,5,3.38,0,0,TRUE
Female,Disloyal Customer,23,Business Travel,Eco,983,2,2,2,3,2,2,3,2,3,3,3,1,2,2.31,0,0,FALSE
Male,Loyal Customer,25,Personal Travel,Eco,502,2,2,2,4,3,2,3,3,2,1,4,2,3,2.54,18,13,FALSE
Female,Loyal Customer,29,Business Travel,Business,1046,5,5,5,5,5,4,5,5,5,3,4,4,5,4.62,0,0,TRUE
Male,Loyal Customer,45,Business Travel,Business,2150,3,3,3,3,2,5,5,3,3,3,3,3,5,3.38,34,35,TRUE
Male,Loyal Customer,12,Personal Travel,Eco Plus,1188,1,5,1,1,2,1,2,2,4,5,3,5,2,2.62,0,2,FALSE
Female,Disloyal Customer,32,Business Travel,Business,237,3,3,3,3,4,3,2,4,3,2,5,3,4,3.23,0,43,FALSE
Female,Loyal Customer,44,Business Travel,Business,2968,1,1,1,1,2,5,5,5,5,5,5,5,5,3.54,0,0,TRUE
Male,Loyal Customer,58,Personal Travel,Eco,1211,1,1,0,3,5,0,5,5,3,4,4,3,5,3,9,22,FALSE
Female,Loyal Customer,49,Business Travel,Business,2496,3,5,2,5,5,1,1,3,3,3,3,4,1,3,44,31,FALSE
Female,Loyal Customer,49,Business Travel,Business,3618,2,2,2,2,2,4,5,4,4,4,4,5,3,3.31,0,0,TRUE
Male,Loyal Customer,34,Business Travel,Eco,298,4,2,2,2,4,4,4,4,1,4,4,2,4,3.15,0,0,TRUE
Male,Loyal Customer,37,Business Travel,Business,3444,3,3,3,3,3,5,2,4,4,4,4,2,4,3.38,0,0,TRUE
Male,Disloyal Customer,25,Business Travel,Business,602,1,0,1,4,5,1,5,5,4,5,4,3,5,3.31,0,0,FALSE
Male,Loyal Customer,37,Personal Travel,Eco,1073,3,4,4,4,2,4,2,2,3,4,5,3,2,3.23,0,0,FALSE
Female,Loyal Customer,27,Personal Travel,Eco Plus,1303,4,5,4,1,2,4,2,2,4,2,4,2,2,2.92,0,0,FALSE
Male,Disloyal Customer,47,Business Travel,Business,769,2,2,2,5,2,2,2,2,5,5,5,4,2,3.08,0,0,FALSE
Female,Loyal Customer,59,Business Travel,Business,1744,5,5,5,5,3,4,5,4,4,4,4,3,3,4.15,0,0,TRUE
Male,Loyal Customer,60,Business Travel,Business,3301,2,2,2,2,2,4,5,4,4,4,4,3,4,3.23,19,27,TRUE
Male,Loyal Customer,24,Business Travel,Business,1726,3,1,1,1,3,2,3,3,1,2,3,1,3,2.08,2,0,FALSE
Male,Disloyal Customer,40,Business Travel,Business,589,3,3,3,2,2,3,2,2,3,4,5,5,2,3,21,6,TRUE
Male,Loyal Customer,22,Business Travel,Eco,581,3,3,3,3,3,3,4,3,2,5,3,1,3,3,1,2,FALSE
Male,Loyal Customer,44,Business Travel,Business,1778,2,2,2,2,2,5,5,4,4,4,4,4,5,3.46,23,20,TRUE
Male,Loyal Customer,32,Personal Travel,Eco Plus,1028,2,2,2,3,4,2,4,4,2,1,3,2,4,2.69,69,63,FALSE
Male,Loyal Customer,45,Business Travel,Business,1776,3,2,2,2,3,4,4,3,3,3,3,1,1,2.62,0,0,FALSE
Female,Loyal Customer,31,Personal Travel,Eco Plus,639,4,1,4,4,1,4,1,1,2,2,3,3,1,2.38,0,7,FALSE
Male,Loyal Customer,59,Business Travel,Business,3243,3,3,3,3,4,4,4,5,5,5,5,5,4,4.08,57,44,TRUE
Female,Disloyal Customer,25,Business Travel,Eco,258,3,4,3,3,5,3,2,5,3,2,5,5,5,3.69,1,5,FALSE
Male,Loyal Customer,68,Personal Travel,Eco,361,4,4,4,5,3,4,3,3,5,4,4,5,3,3.92,0,0,TRUE
Female,Loyal Customer,25,Personal Travel,Eco,594,0,2,0,4,2,2,2,2,4,3,3,2,2,2.15,0,3,TRUE
Female,Loyal Customer,8,Personal Travel,Eco,236,1,4,1,4,3,1,3,3,5,5,5,5,3,3.31,9,14,FALSE
Female,Loyal Customer,56,Business Travel,Business,2402,4,4,4,4,4,3,4,5,5,5,5,3,3,4.08,26,0,TRUE
Male,Loyal Customer,26,Personal Travel,Eco,817,1,2,1,2,4,1,4,4,2,2,2,4,4,2.54,0,0,FALSE
Male,Loyal Customer,52,Business Travel,Business,522,3,3,3,3,5,4,5,5,5,5,5,4,3,4.08,0,4,TRUE
Male,Loyal Customer,60,Business Travel,Business,2385,5,5,5,5,5,4,5,4,4,4,4,3,4,4.38,15,0,TRUE
Male,Loyal Customer,56,Business Travel,Business,3912,1,1,1,1,5,3,3,4,4,3,1,3,1,2.38,29,20,FALSE
Male,Loyal Customer,54,Personal Travel,Business,859,1,4,1,3,4,5,4,3,3,1,2,3,3,2.85,0,6,FALSE
Male,Disloyal Customer,17,Business Travel,Business,227,2,1,2,4,1,2,1,1,1,3,4,4,1,2.08,0,0,FALSE
Female,Loyal Customer,43,Business Travel,Business,2029,2,2,2,2,2,5,4,4,4,4,4,4,4,3.31,4,15,TRUE
Female,Loyal Customer,39,Personal Travel,Eco,239,4,5,4,3,3,4,3,3,3,4,4,5,3,3.69,61,57,FALSE
Female,Disloyal Customer,25,Business Travel,Eco,986,2,2,2,4,2,2,2,2,2,4,3,1,2,2.31,4,10,FALSE
Female,Disloyal Customer,45,Business Travel,Eco,304,3,4,3,4,4,3,2,4,3,4,4,2,4,3.38,23,21,FALSE
Female,Disloyal Customer,22,Business Travel,Eco,1199,4,4,4,4,4,4,4,4,5,1,2,1,4,3.46,0,33,TRUE
Male,Loyal Customer,16,Business Travel,Business,2912,5,5,5,5,5,5,5,5,5,4,5,3,5,4.77,0,0,TRUE
Female,Loyal Customer,70,Business Travel,Business,3405,4,4,4,4,2,1,3,2,2,2,2,2,2,2.62,11,0,TRUE
Female,Loyal Customer,30,Business Travel,Eco Plus,1249,5,4,4,4,5,5,5,5,2,1,4,2,5,3.92,1,0,TRUE
Male,Loyal Customer,33,Personal Travel,Eco,374,2,4,2,4,4,2,4,4,3,5,4,5,4,3.62,0,24,FALSE
Female,Loyal Customer,32,Business Travel,Business,2762,2,2,4,2,3,3,3,3,5,2,4,5,3,3.15,0,0,TRUE
Male,Loyal Customer,52,Personal Travel,Eco Plus,854,2,5,1,3,4,1,4,4,3,3,4,4,4,3.23,0,0,FALSE
Female,Loyal Customer,30,Business Travel,Eco,2072,3,4,4,4,3,3,3,3,2,1,4,2,3,3,56,79,FALSE
Female,Disloyal Customer,39,Business Travel,Eco,183,3,5,3,2,1,3,1,1,4,1,4,5,1,2.62,0,0,FALSE
Male,Loyal Customer,39,Personal Travel,Eco,1694,3,4,2,4,2,2,5,2,3,1,4,1,2,2.69,6,3,FALSE
Female,Loyal Customer,60,Personal Travel,Eco,1598,2,2,2,4,5,4,4,4,4,2,4,1,4,3.23,0,0,FALSE
Female,Loyal Customer,58,Business Travel,Business,2529,3,3,3,3,5,4,5,3,3,4,3,4,4,3.62,0,0,TRUE
Male,Loyal Customer,40,Business Travel,Business,2433,5,5,5,5,3,4,4,5,5,5,5,3,3,4.38,0,0,TRUE
Female,Loyal Customer,30,Personal Travel,Eco,696,2,5,2,3,5,2,5,5,4,3,4,4,5,3.77,4,0,FALSE
Female,Loyal Customer,44,Business Travel,Business,201,2,2,2,2,1,2,5,5,5,5,5,5,4,3.46,0,0,TRUE
Male,Loyal Customer,42,Business Travel,Business,1947,5,5,5,5,5,4,4,5,5,5,5,5,4,4.77,3,0,TRUE
Male,Disloyal Customer,46,Business Travel,Business,2521,3,3,3,3,5,3,5,5,4,3,4,3,5,3.77,0,0,FALSE
Female,Loyal Customer,21,Personal Travel,Business,1096,1,3,1,3,5,1,1,5,2,1,4,1,5,2.54,31,33,FALSE
Female,Loyal Customer,51,Business Travel,Business,3596,1,1,1,1,5,5,5,5,5,5,5,3,5,3.62,0,0,TRUE
Female,Disloyal Customer,33,Business Travel,Business,356,2,3,3,2,4,3,4,4,5,2,5,3,4,3.38,0,0,FALSE
Male,Loyal Customer,37,Business Travel,Eco,119,3,5,5,5,3,3,3,3,3,2,4,2,3,3.38,3,1,FALSE
Female,Loyal Customer,54,Business Travel,Business,2538,0,0,0,1,4,5,4,4,4,4,4,3,3,2.77,0,1,TRUE
Female,Loyal Customer,44,Business Travel,Business,2913,2,2,2,2,3,2,5,3,3,4,3,4,2,2.85,0,0,TRUE
Male,Loyal Customer,72,Business Travel,Eco,856,4,4,4,4,4,4,4,4,2,3,3,2,4,3.54,20,3,TRUE
Male,Disloyal Customer,43,Business Travel,Eco,188,3,2,4,4,5,4,5,5,3,4,4,2,5,3.85,0,0,FALSE
Male,Loyal Customer,34,Personal Travel,Eco,417,3,5,3,3,2,3,5,2,5,5,2,4,2,3.38,0,0,FALSE
Female,Loyal Customer,23,Personal Travel,Eco,268,1,3,0,3,2,0,2,2,3,2,4,2,2,2,0,0,FALSE
Female,Loyal Customer,54,Business Travel,Business,1947,1,3,3,3,5,3,2,1,1,1,1,3,1,2.15,5,0,FALSE
Male,Loyal Customer,14,Business Travel,Eco,822,2,1,2,1,2,3,2,2,1,4,3,1,2,2,26,13,FALSE
Female,Loyal Customer,52,Business Travel,Business,1460,1,1,4,1,5,4,4,5,5,5,5,3,3,3.54,0,1,TRUE
Female,Loyal Customer,30,Business Travel,Business,1998,3,3,3,3,5,5,5,5,1,2,5,3,5,3.69,0,0,TRUE
Female,Loyal Customer,53,Business Travel,Business,1922,4,4,4,4,4,4,4,4,4,4,4,3,5,4,25,44,TRUE
Male,Loyal Customer,8,Business Travel,Business,1535,1,3,3,3,1,1,1,1,2,2,3,3,1,1.92,36,6,FALSE
Female,Loyal Customer,51,Business Travel,Eco,581,3,1,1,1,4,4,3,3,3,3,3,2,3,2.62,0,0,FALSE
Male,Disloyal Customer,23,Business Travel,Eco,352,4,2,4,3,5,4,5,5,3,3,4,1,5,3.69,1,10,FALSE
Male,Loyal Customer,46,Business Travel,Business,3270,5,5,5,5,4,5,4,4,4,4,4,5,4,4.46,0,0,TRUE
Female,Loyal Customer,44,Business Travel,Business,3856,3,3,2,3,3,5,4,4,4,4,4,3,4,3.54,0,0,TRUE
Female,Disloyal Customer,20,Business Travel,Eco,775,3,3,3,4,5,3,3,5,3,5,5,2,5,3.77,0,0,FALSE
Female,Loyal Customer,23,Personal Travel,Eco,1013,5,2,5,2,2,5,2,2,1,4,2,4,2,2.92,0,0,TRUE
Male,Loyal Customer,69,Personal Travel,Eco,355,4,4,4,3,3,4,3,3,5,4,4,3,3,3.62,0,0,TRUE
Female,Loyal Customer,63,Personal Travel,Eco,516,1,4,1,4,3,5,5,3,3,1,3,4,5,3.23,0,0,FALSE
Female,Disloyal Customer,25,Business Travel,Eco,441,3,1,3,3,5,3,5,5,2,5,4,3,5,3.62,21,12,FALSE
Female,Disloyal Customer,27,Business Travel,Eco,302,2,4,2,3,3,2,3,3,3,1,3,2,3,2.62,17,56,FALSE
Male,Disloyal Customer,24,Business Travel,Eco,764,2,3,3,1,4,3,4,4,5,5,5,3,4,3.54,3,0,FALSE
Female,Disloyal Customer,27,Business Travel,Business,850,3,3,3,2,1,3,1,1,3,2,5,3,1,2.38,0,2,FALSE
Female,Loyal Customer,37,Business Travel,Business,1953,2,2,2,2,4,5,2,2,2,2,2,1,4,2.46,0,0,TRUE
Female,Loyal Customer,26,Business Travel,Eco Plus,246,4,4,5,4,4,4,3,4,3,3,2,4,4,3.69,0,0,TRUE
Female,Disloyal Customer,39,Business Travel,Eco,674,5,5,5,1,3,5,3,3,3,4,3,1,3,3.38,85,96,TRUE
Female,Loyal Customer,65,Personal Travel,Eco,299,3,4,5,4,2,5,4,5,5,5,2,5,4,4.08,22,28,FALSE
Female,Disloyal Customer,27,Business Travel,Business,502,2,2,2,2,3,2,3,3,4,4,5,5,3,3.08,0,0,FALSE
Male,Disloyal Customer,80,Business Travel,Business,277,4,4,4,5,1,3,2,3,3,4,3,3,1,3.08,34,33,TRUE
Male,Loyal Customer,55,Business Travel,Business,937,5,5,5,5,3,5,4,4,4,5,4,3,3,4.23,18,6,TRUE
Female,Loyal Customer,29,Personal Travel,Eco Plus,236,3,2,3,3,3,3,5,3,1,2,4,2,3,2.85,0,0,FALSE
Male,Loyal Customer,55,Business Travel,Business,2917,2,2,2,2,5,5,5,4,4,4,4,4,4,3.62,0,12,TRUE
Male,Loyal Customer,33,Business Travel,Business,1503,5,2,2,2,5,4,5,5,3,1,2,4,5,3.46,8,8,FALSE
Female,Loyal Customer,28,Business Travel,Business,2137,5,5,4,5,4,4,4,4,1,1,5,1,4,3.62,0,0,TRUE
Female,Disloyal Customer,43,Business Travel,Business,587,3,3,3,4,3,3,3,3,3,5,4,4,3,3.38,0,0,FALSE
Female,Disloyal Customer,55,Business Travel,Eco,308,4,4,4,4,1,4,1,1,2,5,3,4,1,2.92,97,94,FALSE
Female,Loyal Customer,49,Personal Travel,Eco,447,4,5,4,2,5,5,5,2,2,4,3,3,3,3.62,0,0,TRUE
Female,Loyal Customer,38,Business Travel,Business,345,1,1,1,1,3,5,5,5,5,4,5,5,4,3.46,0,0,TRUE
Male,Loyal Customer,53,Business Travel,Business,2475,1,1,1,1,1,5,2,4,4,4,5,4,3,2.77,0,2,TRUE
Male,Loyal Customer,18,Personal Travel,Eco,391,2,5,2,3,4,2,4,4,3,3,5,1,4,3.23,12,6,FALSE
Male,Loyal Customer,24,Business Travel,Business,1721,2,2,2,2,2,2,2,2,2,5,2,4,2,2.38,12,39,FALSE
Female,Loyal Customer,40,Personal Travel,Eco,927,3,3,3,1,5,3,5,5,4,3,1,2,5,3.31,0,0,FALSE
Female,Disloyal Customer,11,Business Travel,Eco,528,1,0,1,4,3,1,1,3,1,5,4,1,3,2.15,0,0,FALSE
Male,Loyal Customer,53,Business Travel,Business,2435,3,4,4,4,2,2,3,3,3,3,3,1,3,2.92,36,37,FALSE
Female,Loyal Customer,25,Personal Travel,Business,1521,2,5,2,4,3,2,3,3,3,3,5,3,3,3.15,23,44,FALSE
Male,Loyal Customer,49,Personal Travel,Eco,669,5,4,4,3,5,4,5,5,5,4,5,4,5,4.46,8,0,TRUE
Female,Loyal Customer,47,Business Travel,Business,594,3,3,3,3,4,5,4,5,5,5,5,4,3,4,0,0,TRUE
Female,Loyal Customer,54,Personal Travel,Eco,461,3,5,3,2,3,3,1,5,5,3,5,3,5,3.54,0,3,FALSE
Male,Loyal Customer,23,Business Travel,Business,3130,5,5,5,5,1,2,1,1,4,5,3,2,1,3.08,35,53,TRUE
Female,Loyal Customer,27,Personal Travel,Eco,666,2,4,2,5,2,2,2,2,3,3,4,4,2,2.85,25,1,FALSE
Female,Loyal Customer,16,Personal Travel,Eco,201,2,2,2,3,2,2,2,2,2,2,3,4,2,2.31,43,34,FALSE
Female,Loyal Customer,46,Business Travel,Business,594,5,5,5,5,2,4,5,5,5,5,5,4,4,4.54,0,0,TRUE
Male,Loyal Customer,54,Business Travel,Business,2650,3,3,3,3,5,5,5,3,4,4,4,5,5,4,143,148,TRUE
Female,Loyal Customer,43,Personal Travel,Eco,1773,3,2,3,4,5,4,3,3,3,3,3,1,3,3.08,7,0,FALSE
Male,Loyal Customer,44,Business Travel,Business,417,2,2,2,2,4,4,4,4,4,4,4,5,5,3.54,0,0,TRUE
Male,Disloyal Customer,27,Business Travel,Business,227,1,2,2,3,5,2,5,5,3,4,4,5,5,3.54,0,0,FALSE
Male,Loyal Customer,32,Personal Travel,Eco,1475,2,5,2,3,3,2,1,3,4,4,4,4,3,3.08,6,0,FALSE
Male,Disloyal Customer,45,Business Travel,Business,214,3,3,3,4,3,3,3,3,2,1,5,1,3,2.85,8,5,FALSE
Female,Disloyal Customer,40,Business Travel,Business,452,4,4,4,4,3,4,4,3,3,4,4,4,3,3.69,61,68,FALSE
Female,Loyal Customer,37,Business Travel,Business,986,4,4,4,4,5,5,4,4,4,4,4,3,5,4.15,23,4,TRUE
Female,Loyal Customer,49,Personal Travel,Eco,516,1,5,1,4,5,5,5,4,4,1,4,4,5,3.69,12,0,FALSE
Female,Loyal Customer,20,Personal Travel,Eco,1092,4,4,4,3,1,4,1,1,4,2,3,2,1,2.62,6,7,FALSE
Female,Loyal Customer,41,Business Travel,Business,2956,3,3,3,3,4,5,5,5,5,4,5,4,5,4.15,0,0,TRUE
Male,Loyal Customer,39,Personal Travel,Eco,239,3,4,3,3,4,3,4,4,3,3,4,3,4,3.46,0,0,FALSE
Male,Disloyal Customer,25,Business Travel,Business,468,3,0,3,2,1,3,1,1,5,4,4,4,1,2.46,15,9,FALSE
Male,Loyal Customer,29,Business Travel,Business,1723,2,2,2,2,4,4,4,4,5,4,4,4,4,3.46,2,17,TRUE
Male,Loyal Customer,34,Business Travel,Business,621,2,2,2,2,2,4,5,5,5,5,5,4,3,3.54,0,0,TRUE
Female,Disloyal Customer,24,Business Travel,Eco,834,1,1,1,4,5,1,5,5,3,3,4,1,5,3,0,0,FALSE
Male,Loyal Customer,43,Business Travel,Business,689,2,2,2,2,4,5,5,5,5,5,5,3,3,3.69,13,5,TRUE
Male,Loyal Customer,21,Personal Travel,Eco,1276,3,1,3,2,4,3,4,4,1,4,3,4,4,3.08,4,6,FALSE
Male,Loyal Customer,67,Personal Travel,Eco,335,2,3,3,3,2,3,2,2,4,1,4,2,2,2.54,0,0,FALSE
Female,Loyal Customer,35,Business Travel,Business,327,3,1,1,1,3,4,4,3,3,3,3,2,4,2.69,0,0,FALSE
Female,Loyal Customer,18,Business Travel,Business,1400,3,3,3,3,5,5,5,5,5,4,4,5,5,4.23,0,20,TRUE
Female,Loyal Customer,22,Business Travel,Business,1624,3,3,4,3,4,5,4,4,4,1,3,5,4,3.62,0,0,TRUE
Male,Disloyal Customer,27,Business Travel,Eco,201,3,0,3,1,4,3,1,4,3,1,1,5,4,2.54,18,18,FALSE
Male,Loyal Customer,41,Business Travel,Business,1754,2,5,2,2,4,5,4,2,2,2,2,3,4,3,5,14,TRUE
Male,Disloyal Customer,39,Business Travel,Eco Plus,373,2,2,2,1,5,2,5,5,2,2,2,4,5,3,0,0,FALSE
Female,Disloyal Customer,25,Business Travel,Eco,1208,3,2,2,3,5,2,5,5,2,3,1,4,5,3.23,0,0,FALSE
Male,Loyal Customer,16,Personal Travel,Eco,528,2,5,2,1,5,2,5,5,3,5,5,3,5,3.69,0,0,FALSE
Female,Loyal Customer,36,Business Travel,Eco Plus,134,4,5,3,3,4,4,4,4,3,4,1,2,4,3.46,0,0,TRUE
Female,Loyal Customer,41,Business Travel,Eco,990,4,1,1,1,4,4,4,4,2,5,2,1,4,2.85,12,12,FALSE
Female,Loyal Customer,23,Personal Travel,Eco Plus,190,5,2,5,4,1,5,1,1,3,4,3,1,1,2.77,83,90,TRUE
Male,Loyal Customer,35,Personal Travel,Eco,135,3,0,3,4,1,3,1,1,3,4,5,5,1,2.62,0,16,FALSE
Male,Loyal Customer,32,Personal Travel,Eco,764,0,4,0,4,3,0,1,3,3,4,4,4,3,2.54,0,0,TRUE
Female,Loyal Customer,30,Business Travel,Business,2142,1,1,1,1,4,4,4,4,4,3,4,5,4,3.08,19,24,TRUE
Male,Loyal Customer,13,Business Travel,Business,1864,4,4,4,4,5,5,5,5,4,4,4,4,5,4.38,10,18,TRUE
Female,Loyal Customer,23,Personal Travel,Eco,273,4,3,4,3,3,4,5,3,1,4,4,2,3,3.31,0,0,TRUE
Male,Loyal Customer,57,Personal Travel,Eco,397,3,5,3,2,5,3,5,5,4,2,4,3,5,3.77,0,0,FALSE
Male,Loyal Customer,24,Business Travel,Business,479,5,5,5,5,4,4,4,4,3,2,5,4,4,4.15,20,24,TRUE
Male,Loyal Customer,50,Business Travel,Business,925,1,1,1,1,2,4,5,5,5,5,5,5,3,3.31,0,0,TRUE
Female,Loyal Customer,51,Business Travel,Business,3765,5,5,4,5,4,5,5,5,5,5,5,5,3,4.69,5,1,TRUE
Female,Disloyal Customer,34,Business Travel,Business,427,3,3,3,2,3,3,3,3,3,5,4,3,3,3.15,12,0,FALSE
Female,Disloyal Customer,22,Business Travel,Eco,859,3,3,3,2,2,3,2,2,3,4,4,5,2,2.92,70,64,FALSE
Female,Loyal Customer,68,Business Travel,Business,369,2,2,2,2,5,5,5,4,4,4,4,4,5,3.69,8,5,TRUE
Female,Loyal Customer,56,Business Travel,Business,1806,5,5,5,5,5,4,4,5,5,5,5,3,4,4.62,4,0,TRUE
Male,Loyal Customer,25,Personal Travel,Eco,1911,2,4,2,1,5,2,5,5,5,2,4,3,5,3.46,40,65,FALSE
Male,Loyal Customer,46,Business Travel,Business,3840,1,1,1,1,4,4,4,5,5,5,5,4,4,3.38,0,6,TRUE
Male,Loyal Customer,34,Personal Travel,Eco,297,2,5,5,1,2,5,2,2,5,2,4,5,2,3.23,9,0,FALSE
Female,Loyal Customer,36,Business Travel,Business,2048,2,2,2,2,3,4,4,4,4,4,4,3,4,3.23,0,0,TRUE
Female,Loyal Customer,53,Business Travel,Business,2651,5,5,5,5,5,4,5,4,4,4,4,5,3,4.46,0,0,TRUE
Male,Loyal Customer,30,Personal Travel,Eco,1744,4,1,4,3,2,4,2,2,4,5,2,3,2,2.92,0,0,FALSE
Male,Loyal Customer,40,Business Travel,Business,2402,5,5,5,5,2,5,5,3,3,3,3,4,3,3.92,32,11,TRUE
Female,Loyal Customer,26,Business Travel,Business,2697,4,5,5,5,4,4,4,4,3,3,4,3,4,4,0,0,FALSE
Female,Loyal Customer,57,Business Travel,Business,2079,3,3,3,3,5,3,4,4,4,4,4,5,4,3.77,0,0,TRUE
Male,Loyal Customer,44,Business Travel,Eco,438,4,2,2,2,4,4,4,4,3,3,2,5,4,3.31,0,9,TRUE
Male,Loyal Customer,32,Personal Travel,Eco,936,1,2,1,3,4,1,4,4,3,1,3,4,4,2.69,4,0,FALSE
Male,Loyal Customer,52,Business Travel,Business,1585,2,3,4,3,3,3,4,2,2,2,2,3,3,2.77,0,0,FALSE
Female,Loyal Customer,15,Personal Travel,Eco,2338,0,4,0,3,4,0,3,4,2,3,3,2,4,2.46,0,5,TRUE
Male,Loyal Customer,60,Business Travel,Business,2667,2,2,2,2,5,5,4,4,4,4,4,4,4,3.54,0,0,TRUE
Female,Loyal Customer,33,Business Travel,Business,213,5,5,5,5,4,5,5,5,5,5,4,5,3,4.69,0,0,TRUE
Female,Loyal Customer,43,Business Travel,Eco,852,5,1,1,1,4,4,1,5,5,5,5,3,2,3.23,13,27,TRUE
Male,Loyal Customer,44,Business Travel,Business,3764,2,2,2,2,2,4,4,4,4,4,4,3,5,3.23,56,42,TRUE
Male,Loyal Customer,60,Business Travel,Business,2438,1,1,1,1,4,5,4,4,4,4,4,5,3,3.15,0,0,TRUE
Male,Loyal Customer,7,Personal Travel,Eco,1056,4,4,4,5,1,4,1,1,1,1,1,2,1,2.31,21,15,FALSE
Female,Loyal Customer,20,Business Travel,Business,157,4,4,4,4,3,3,4,3,2,4,3,3,3,3.38,2,14,FALSE
Female,Loyal Customer,24,Personal Travel,Eco,762,2,4,2,3,3,2,3,3,3,2,4,3,3,2.85,0,0,FALSE
Male,Loyal Customer,78,Business Travel,Business,2708,5,5,5,5,5,4,5,5,5,5,5,3,4,4.69,0,0,TRUE
Female,Loyal Customer,30,Business Travel,Business,965,2,2,2,2,4,4,4,4,5,3,3,4,4,3.31,0,0,TRUE
Male,Loyal Customer,52,Business Travel,Eco,675,5,1,1,1,5,5,5,5,1,2,5,3,5,3.38,0,2,TRUE
Male,Loyal Customer,52,Business Travel,Business,874,2,5,5,5,1,2,2,2,2,2,2,2,4,2.77,15,21,FALSE
Male,Loyal Customer,23,Business Travel,Eco,707,2,4,4,4,2,2,1,2,4,1,3,3,2,2.62,0,0,FALSE
Female,Loyal Customer,9,Personal Travel,Eco Plus,501,1,1,1,4,1,1,1,2,4,3,4,1,1,1.92,80,133,FALSE
Female,Loyal Customer,36,Business Travel,Eco,387,5,2,2,2,5,5,5,5,3,5,4,1,5,3.77,0,0,TRUE
Male,Loyal Customer,66,Personal Travel,Eco,1749,5,4,5,2,1,5,1,1,4,3,4,3,1,3,2,0,TRUE
Female,Loyal Customer,69,Personal Travel,Eco,1121,2,4,2,5,4,5,5,1,1,2,1,3,5,3.08,0,0,FALSE
Male,Loyal Customer,43,Business Travel,Business,3700,2,3,2,2,5,4,5,4,4,4,4,3,5,3.62,0,11,TRUE
Male,Loyal Customer,36,Personal Travel,Eco Plus,1476,4,5,4,2,4,4,4,4,5,3,3,5,4,3.92,3,0,FALSE
Male,Loyal Customer,59,Business Travel,Business,1723,3,5,5,5,4,3,3,3,3,3,3,4,2,3.54,0,0,FALSE
Male,Loyal Customer,17,Personal Travel,Eco,1865,1,2,1,2,4,1,4,4,4,1,2,4,4,2.62,13,5,FALSE
Female,Loyal Customer,16,Business Travel,Business,1562,4,4,4,4,4,4,4,4,2,5,3,2,4,3.69,22,16,FALSE
Female,Loyal Customer,44,Personal Travel,Eco,227,3,4,3,3,4,4,5,3,3,3,3,4,3,3.46,0,0,FALSE
Female,Loyal Customer,46,Business Travel,Business,2235,2,5,2,5,2,4,4,2,2,2,2,1,1,2.62,0,1,FALSE
Female,Disloyal Customer,37,Business Travel,Eco,328,3,3,2,4,3,2,3,3,1,2,3,2,3,2.62,15,7,FALSE
Male,Loyal Customer,35,Business Travel,Eco,342,3,3,3,3,3,3,3,3,3,2,4,1,3,2.85,22,28,FALSE
Male,Loyal Customer,44,Personal Travel,Eco,351,3,5,2,4,3,2,2,3,3,3,4,5,3,3.23,0,0,FALSE
Male,Loyal Customer,60,Business Travel,Eco,628,4,3,3,3,4,4,4,4,2,1,3,3,4,3.23,7,0,FALSE
Female,Disloyal Customer,35,Business Travel,Business,668,4,4,4,3,4,4,4,4,3,3,5,4,4,3.85,82,87,FALSE
Male,Loyal Customer,39,Business Travel,Business,1931,1,1,1,1,5,4,5,5,5,5,5,3,4,3.46,0,7,TRUE
Male,Loyal Customer,24,Business Travel,Business,192,3,2,2,2,2,2,3,2,3,1,3,2,2,2.23,67,64,FALSE
Male,Loyal Customer,50,Business Travel,Business,2447,2,2,2,2,4,4,4,3,5,5,5,4,4,3.54,7,13,TRUE
Male,Loyal Customer,50,Business Travel,Business,3929,3,3,3,3,3,4,5,4,4,4,4,5,3,3.69,18,5,TRUE
Male,Loyal Customer,65,Personal Travel,Eco Plus,109,3,5,0,1,1,0,1,1,2,2,3,1,1,1.62,1,0,FALSE
Female,Loyal Customer,62,Personal Travel,Business,946,2,3,2,3,3,4,3,3,3,2,2,2,4,2.77,0,0,FALSE
Male,Loyal Customer,46,Business Travel,Business,985,1,1,1,1,5,4,5,5,5,5,5,5,3,3.54,0,0,TRUE
Male,Loyal Customer,46,Business Travel,Business,130,0,4,0,3,3,4,4,5,5,5,5,3,4,3.46,0,0,TRUE
Female,Disloyal Customer,27,Business Travel,Business,337,3,3,3,3,3,3,3,3,3,5,5,3,3,3.31,5,1,FALSE
Male,Loyal Customer,21,Personal Travel,Eco Plus,227,4,4,0,1,3,0,5,3,5,4,4,3,3,3,0,0,TRUE
Male,Loyal Customer,47,Business Travel,Business,1569,4,4,4,4,2,5,3,4,4,4,4,4,2,3.69,0,0,TRUE
Female,Loyal Customer,46,Business Travel,Eco,479,4,4,4,4,4,4,5,4,4,4,4,3,2,3.85,0,0,TRUE
Female,Disloyal Customer,21,Business Travel,Eco,990,1,1,1,3,2,1,2,2,2,3,1,4,2,1.92,3,0,FALSE
Male,Disloyal Customer,25,Business Travel,Business,907,5,4,5,5,3,5,3,3,5,2,5,5,3,4.08,0,0,TRUE
Female,Loyal Customer,64,Personal Travel,Eco,550,1,4,1,5,4,5,4,5,5,1,5,3,4,3.62,10,0,FALSE
Male,Loyal Customer,61,Personal Travel,Eco,200,1,5,0,2,4,0,3,4,3,5,5,4,4,3.08,8,13,FALSE
Male,Loyal Customer,55,Personal Travel,Eco,836,3,5,4,2,4,4,4,4,4,4,4,5,4,3.92,0,0,FALSE
Male,Loyal Customer,30,Business Travel,Business,2787,2,2,2,2,4,4,4,4,4,2,5,5,4,3.38,0,0,TRUE
Female,Loyal Customer,23,Personal Travel,Business,1721,2,5,2,5,2,2,5,2,3,5,4,5,2,3.38,0,4,FALSE
Male,Disloyal Customer,27,Business Travel,Business,825,1,1,1,3,3,1,3,3,5,5,5,3,3,2.85,2,0,FALSE
Male,Loyal Customer,54,Business Travel,Business,3183,2,2,2,2,2,4,4,4,4,4,4,4,3,3.15,0,0,TRUE
Male,Loyal Customer,60,Business Travel,Eco,101,4,3,3,3,5,4,5,5,5,2,4,4,5,4,0,0,TRUE
Male,Loyal Customer,23,Personal Travel,Eco,370,2,1,1,1,5,1,5,5,1,2,1,1,5,2.38,7,0,FALSE
Female,Loyal Customer,52,Business Travel,Business,3739,2,2,2,2,2,4,5,4,4,4,4,5,3,3.31,0,4,TRUE
Female,Loyal Customer,11,Personal Travel,Eco Plus,143,0,2,0,4,3,0,3,3,2,1,3,2,3,2,0,0,TRUE
Male,Loyal Customer,53,Personal Travel,Eco,1208,2,3,2,4,5,2,5,5,3,2,4,1,5,3.31,8,13,FALSE
Male,Loyal Customer,12,Business Travel,Business,1487,2,3,3,3,2,3,2,2,3,4,4,2,2,2.69,0,16,FALSE
Female,Loyal Customer,38,Business Travel,Business,492,3,4,4,4,1,3,3,3,3,3,3,2,4,3.08,0,0,FALSE
Female,Disloyal Customer,20,Business Travel,Eco,531,2,0,2,2,2,2,1,2,3,1,3,2,2,1.85,0,0,FALSE
Male,Loyal Customer,33,Business Travel,Business,406,1,1,1,1,4,4,4,4,3,5,4,3,4,3,0,0,TRUE
Male,Loyal Customer,63,Personal Travel,Eco,216,4,2,4,4,4,4,4,4,4,2,4,2,4,3.54,2,2,FALSE
Female,Disloyal Customer,22,Business Travel,Eco,721,2,2,2,2,3,2,3,3,1,1,1,2,3,2.08,5,0,FALSE
Male,Loyal Customer,55,Business Travel,Business,3782,3,1,3,3,2,5,4,4,4,4,4,4,4,3.46,0,0,TRUE
Female,Loyal Customer,55,Business Travel,Business,2271,2,2,2,2,5,5,4,5,5,5,5,4,3,3.77,1,0,TRUE
Male,Loyal Customer,67,Personal Travel,Eco,641,3,4,3,2,4,3,5,4,4,5,5,5,4,3.92,13,8,FALSE
Male,Loyal Customer,42,Business Travel,Business,224,3,3,5,3,5,5,4,4,4,4,4,3,5,4,0,0,TRUE
Female,Disloyal Customer,26,Business Travel,Business,235,4,4,4,1,1,4,1,1,4,4,4,3,1,2.77,0,0,FALSE
Female,Loyal Customer,48,Business Travel,Business,2447,1,1,1,1,2,3,5,5,5,5,5,4,3,3.15,0,0,TRUE
Male,Loyal Customer,49,Personal Travel,Eco,1222,2,1,2,4,5,2,5,5,3,1,3,2,5,3.08,0,0,FALSE
Male,Loyal Customer,68,Personal Travel,Eco,1592,3,5,3,5,3,3,2,3,3,5,5,4,3,3.62,6,1,FALSE
Female,Loyal Customer,23,Personal Travel,Eco,386,4,4,2,2,5,2,5,5,4,4,4,5,5,3.92,0,1,FALSE
Male,Loyal Customer,55,Business Travel,Business,2555,4,4,4,4,3,4,4,4,4,4,4,5,4,4,7,11,TRUE
Male,Loyal Customer,15,Personal Travel,Eco Plus,312,3,4,3,1,4,3,3,4,3,5,5,4,4,3.54,5,0,FALSE
Male,Loyal Customer,68,Personal Travel,Eco,583,3,4,3,4,3,3,3,3,4,4,5,3,3,3.46,144,149,FALSE
Male,Loyal Customer,34,Business Travel,Business,2184,0,0,0,4,3,5,4,2,2,5,5,5,4,3,0,0,TRUE
Male,Loyal Customer,15,Personal Travel,Eco,134,1,2,1,4,2,1,2,2,1,5,3,1,2,2.08,1,0,FALSE
Male,Loyal Customer,28,Business Travel,Business,689,1,5,1,1,4,4,4,4,2,2,3,4,4,3,0,0,TRUE
Female,Loyal Customer,21,Business Travel,Business,2248,5,5,5,5,5,5,5,5,4,2,4,4,5,4.54,14,0,TRUE
Female,Loyal Customer,66,Personal Travel,Eco,323,1,4,1,2,3,1,3,2,2,1,2,5,2,2.23,1,2,FALSE
Female,Loyal Customer,33,Business Travel,Eco Plus,1027,5,2,2,2,5,5,5,5,5,1,1,2,5,3.46,0,0,TRUE
Female,Loyal Customer,54,Personal Travel,Eco Plus,408,1,5,1,5,5,5,4,5,5,1,1,4,4,3.54,0,0,FALSE
Male,Loyal Customer,46,Business Travel,Eco,628,3,2,2,2,3,3,3,3,2,5,4,4,3,3,0,0,FALSE
Male,Loyal Customer,29,Business Travel,Eco,1452,5,3,3,3,5,5,5,5,4,3,4,3,5,4.08,2,5,TRUE
Male,Disloyal Customer,48,Business Travel,Eco,1050,3,3,3,1,1,3,1,1,5,3,4,1,1,2.31,0,0,FALSE
Female,Loyal Customer,19,Personal Travel,Eco,967,1,1,2,2,1,2,1,1,3,4,3,4,1,2,26,27,FALSE
Male,Loyal Customer,37,Personal Travel,Eco Plus,845,4,5,4,3,3,4,4,3,3,4,5,4,3,3.77,0,0,FALSE
Female,Loyal Customer,23,Personal Travel,Business,930,2,5,2,4,5,2,5,5,5,4,5,5,5,4.15,2,1,FALSE
Male,Disloyal Customer,48,Business Travel,Business,1005,3,3,3,1,5,3,5,5,3,5,5,3,5,3.77,32,41,FALSE
Male,Loyal Customer,52,Business Travel,Eco,308,1,3,3,3,1,1,1,1,4,4,3,2,1,2.15,1,2,FALSE
Male,Disloyal Customer,17,Business Travel,Eco,345,5,0,5,4,4,5,4,4,1,4,1,3,4,3.38,0,0,TRUE
Female,Disloyal Customer,10,Business Travel,Eco,1303,3,3,3,3,4,3,4,4,3,5,3,3,4,3.46,45,65,FALSE
Male,Loyal Customer,44,Business Travel,Eco,971,3,5,5,5,3,3,3,3,1,3,3,4,3,3.38,0,0,FALSE
Female,Loyal Customer,35,Business Travel,Business,3252,5,5,5,5,5,4,4,2,2,2,2,4,5,3.85,0,0,TRUE
Female,Loyal Customer,56,Business Travel,Business,2076,4,4,4,4,2,4,4,4,4,4,4,3,3,3.69,0,0,TRUE
Female,Loyal Customer,41,Business Travel,Business,3738,2,2,2,2,5,4,4,2,2,2,2,3,3,2.69,46,34,FALSE
Female,Loyal Customer,60,Personal Travel,Eco,432,5,2,5,3,5,3,3,1,1,5,1,4,3,3.15,0,0,TRUE
Female,Loyal Customer,31,Personal Travel,Eco,1747,2,0,2,1,1,2,1,1,4,2,5,3,1,1.92,9,5,FALSE
Female,Loyal Customer,40,Business Travel,Business,2245,3,3,2,3,5,4,5,4,4,4,4,4,3,3.69,0,0,TRUE
Male,Loyal Customer,59,Business Travel,Business,3548,3,3,3,3,2,3,3,5,5,5,5,4,5,3.77,0,0,TRUE
Female,Disloyal Customer,18,Business Travel,Eco,969,1,1,1,3,5,1,5,5,4,4,5,5,5,3.46,0,0,FALSE
Male,Disloyal Customer,35,Business Travel,Eco,67,1,2,1,3,1,1,1,1,4,3,3,3,1,1.92,49,56,FALSE
Male,Loyal Customer,16,Personal Travel,Eco,429,3,5,3,3,1,3,1,1,2,5,2,5,1,2.69,0,0,FALSE
Female,Disloyal Customer,38,Business Travel,Business,297,3,3,3,5,3,3,2,3,4,4,5,4,3,3.46,0,0,FALSE
Female,Loyal Customer,26,Personal Travel,Eco,304,3,4,3,1,1,3,1,1,4,3,4,4,1,2.54,7,17,FALSE
Male,Loyal Customer,47,Personal Travel,Eco,628,3,4,3,3,1,3,1,1,4,5,5,4,1,2.92,0,0,FALSE
Female,Loyal Customer,43,Business Travel,Business,2993,4,4,4,4,5,5,5,4,5,4,5,5,5,4.54,135,135,TRUE
Male,Loyal Customer,43,Personal Travel,Eco,304,2,4,2,4,1,2,1,1,5,3,5,4,1,2.69,0,0,FALSE
Male,Disloyal Customer,72,Business Travel,Eco,902,3,3,3,5,4,3,4,4,1,2,5,1,4,3.23,0,0,FALSE
Female,Loyal Customer,20,Personal Travel,Eco,402,3,5,3,1,4,3,4,4,4,5,5,3,4,3.69,0,0,FALSE
Female,Loyal Customer,48,Business Travel,Business,239,3,4,3,3,5,5,4,4,4,4,4,3,5,3.92,7,1,TRUE
Male,Loyal Customer,50,Personal Travel,Business,692,0,4,0,4,3,4,5,2,2,0,2,4,5,2.69,0,0,TRUE
Female,Loyal Customer,9,Personal Travel,Eco,1211,2,0,2,5,5,2,5,5,1,2,2,5,5,3.15,0,14,FALSE
Male,Disloyal Customer,39,Business Travel,Eco,1038,2,2,2,3,3,2,3,3,2,1,3,3,3,2.46,0,0,FALSE
Male,Loyal Customer,55,Business Travel,Business,449,3,3,3,3,2,4,4,5,5,5,5,3,4,3.77,109,106,TRUE
Male,Loyal Customer,13,Personal Travel,Eco,689,3,5,3,3,5,3,5,5,4,2,5,4,5,4,15,6,FALSE
Male,Loyal Customer,55,Personal Travel,Eco,646,4,4,4,3,1,4,1,1,4,1,3,4,1,2.69,0,0,FALSE
Female,Loyal Customer,51,Business Travel,Business,216,4,4,5,4,5,5,5,4,4,4,5,4,3,4.31,0,0,TRUE
Male,Loyal Customer,18,Personal Travel,Eco,817,1,3,1,3,2,1,2,2,2,2,5,3,2,2.23,0,0,FALSE
Female,Loyal Customer,69,Personal Travel,Eco,273,4,4,4,4,1,3,4,2,2,4,2,2,1,2.85,12,11,FALSE
Male,Loyal Customer,29,Business Travel,Business,1948,3,3,3,3,4,4,4,4,4,4,5,3,4,3.69,85,90,TRUE
Female,Loyal Customer,35,Business Travel,Eco Plus,2677,5,2,5,2,5,5,5,5,3,3,5,1,5,3.92,0,0,TRUE
Male,Disloyal Customer,9,Business Travel,Eco,907,3,4,4,3,2,4,2,2,1,2,3,4,2,2.77,57,68,FALSE
Female,Loyal Customer,38,Business Travel,Eco,788,5,5,5,5,5,5,5,5,5,5,3,2,5,4.62,66,92,TRUE
Female,Disloyal Customer,27,Business Travel,Business,969,4,4,4,5,5,4,5,5,5,5,3,3,5,4.38,0,0,TRUE
Female,Loyal Customer,49,Business Travel,Business,1927,2,2,1,2,4,4,5,5,5,5,5,4,3,3.62,0,0,TRUE
Female,Loyal Customer,54,Business Travel,Business,1576,3,3,3,3,2,5,4,5,5,5,5,4,3,3.85,17,12,TRUE
Female,Loyal Customer,38,Personal Travel,Eco Plus,305,1,5,1,3,4,1,4,4,5,5,5,1,4,3.31,105,111,FALSE
Male,Loyal Customer,53,Business Travel,Business,431,5,5,5,5,3,4,4,5,5,5,5,4,3,4.46,0,0,TRUE
Male,Loyal Customer,59,Personal Travel,Eco,1440,5,5,5,1,4,5,4,4,5,3,5,3,4,4.08,0,0,TRUE
Male,Loyal Customer,47,Business Travel,Eco,368,2,2,3,3,2,2,2,2,4,2,4,3,2,2.54,0,0,FALSE
Male,Loyal Customer,45,Business Travel,Business,666,1,2,2,2,5,4,3,1,1,1,1,3,3,2.23,0,60,FALSE
Male,Loyal Customer,33,Business Travel,Business,794,3,3,3,3,3,3,3,3,5,2,5,5,3,3.38,0,0,TRUE
Male,Loyal Customer,32,Business Travel,Eco Plus,925,4,1,1,1,4,4,4,4,5,3,3,3,4,3.15,8,0,TRUE
Male,Loyal Customer,10,Personal Travel,Eco,321,2,4,5,3,3,5,3,3,3,2,3,1,3,3.08,0,0,FALSE
Female,Loyal Customer,11,Personal Travel,Eco,1096,2,2,3,3,1,3,1,1,3,4,3,4,1,2.38,24,19,FALSE
Female,Loyal Customer,60,Personal Travel,Eco Plus,545,3,3,5,2,4,1,3,2,2,5,2,2,2,2.77,37,33,FALSE
Male,Disloyal Customer,37,Business Travel,Business,551,2,2,2,2,5,2,5,5,3,4,4,3,5,3.38,0,0,FALSE
Female,Loyal Customer,36,Business Travel,Business,3248,5,5,5,5,3,1,4,5,5,5,5,5,2,4.23,0,12,TRUE
Female,Disloyal Customer,59,Business Travel,Eco,456,2,2,3,3,2,3,2,2,4,5,2,2,2,2.62,23,40,FALSE
Male,Disloyal Customer,13,Business Travel,Eco,2288,4,4,4,1,4,2,2,4,1,4,3,2,2,2.85,7,32,TRUE
Male,Loyal Customer,20,Personal Travel,Eco,650,3,2,3,3,5,3,5,5,3,2,3,3,5,3.46,0,0,FALSE
Female,Loyal Customer,48,Business Travel,Eco,250,1,3,3,3,5,4,4,1,1,1,1,1,2,2.31,0,0,FALSE
Male,Loyal Customer,15,Personal Travel,Eco,675,4,4,4,1,4,4,4,4,3,3,4,4,4,3.62,0,0,TRUE
Male,Disloyal Customer,40,Business Travel,Business,226,4,4,4,2,4,4,4,4,5,2,5,5,4,3.92,2,12,TRUE
Male,Loyal Customer,57,Business Travel,Business,2714,2,2,2,2,3,3,4,2,2,2,2,4,1,2.38,0,0,FALSE
Male,Loyal Customer,31,Business Travel,Business,460,3,3,3,3,5,5,5,5,4,3,4,3,5,3.92,8,0,TRUE
Female,Loyal Customer,52,Business Travel,Business,986,1,2,1,1,5,4,4,5,5,5,5,4,5,3.62,0,0,TRUE
Male,Loyal Customer,59,Business Travel,Business,3926,3,3,4,3,2,4,5,4,4,4,4,5,4,3.77,0,0,TRUE
Female,Loyal Customer,40,Personal Travel,Business,583,4,4,4,2,5,5,4,5,5,4,5,5,4,4.31,0,0,FALSE
Female,Loyal Customer,28,Business Travel,Eco Plus,1180,2,3,3,3,2,2,2,2,2,5,3,1,2,2.46,2,0,FALSE
Male,Loyal Customer,49,Business Travel,Business,1995,2,2,2,2,5,3,3,4,4,4,4,5,4,3.38,0,0,TRUE
Male,Loyal Customer,49,Business Travel,Business,2446,3,3,3,3,3,4,5,2,2,2,2,5,5,3.23,0,0,TRUE
Male,Loyal Customer,42,Business Travel,Business,3957,4,4,4,4,4,5,5,5,5,5,5,4,4,4.46,7,50,TRUE
Male,Loyal Customer,44,Business Travel,Eco,368,4,3,4,4,5,4,5,5,5,5,2,1,5,4,0,0,TRUE
Female,Loyal Customer,36,Business Travel,Eco,110,2,1,1,1,2,2,2,2,3,5,4,4,2,2.38,6,13,FALSE
Female,Loyal Customer,57,Business Travel,Business,134,5,5,5,5,5,5,5,4,4,4,4,3,4,4.46,0,0,TRUE
Male,Loyal Customer,69,Personal Travel,Eco,1164,2,5,1,3,4,1,2,4,3,3,4,5,4,3.15,39,38,FALSE
Female,Loyal Customer,55,Business Travel,Business,853,4,4,4,4,5,2,3,4,4,4,4,2,3,3.62,0,0,FALSE
Male,Loyal Customer,40,Business Travel,Eco,669,4,4,4,4,4,4,4,4,5,5,1,3,4,3.85,5,0,TRUE
Male,Loyal Customer,46,Business Travel,Business,1810,4,4,3,4,2,5,5,4,4,4,5,5,5,4.15,0,0,TRUE
Male,Loyal Customer,40,Business Travel,Eco,1197,4,2,2,2,4,4,4,4,2,2,3,2,4,3,0,6,TRUE
Male,Disloyal Customer,29,Business Travel,Eco,1197,2,2,2,3,2,2,3,2,5,3,3,2,2,2.54,0,0,FALSE
Female,Loyal Customer,25,Business Travel,Eco,1947,4,3,3,3,4,4,3,4,5,2,2,3,4,3.38,2,0,TRUE
Male,Disloyal Customer,24,Business Travel,Eco,649,3,2,3,2,4,3,4,4,2,4,3,1,4,3,19,30,FALSE
Female,Loyal Customer,38,Personal Travel,Eco,1535,2,2,2,3,4,2,3,4,3,3,2,2,4,2.77,14,0,FALSE
Male,Loyal Customer,43,Business Travel,Business,862,2,2,2,2,5,4,4,5,5,5,5,5,5,3.92,87,70,TRUE
Male,Loyal Customer,39,Personal Travel,Eco,930,1,5,2,2,3,2,4,3,4,3,4,5,3,3.15,0,0,FALSE
Male,Loyal Customer,42,Business Travel,Business,1681,4,4,4,4,4,5,4,5,5,4,5,5,4,4.38,0,0,TRUE
Female,Loyal Customer,52,Business Travel,Business,2844,1,1,1,1,5,4,4,3,3,4,3,5,5,3.08,0,4,TRUE
Female,Loyal Customer,29,Business Travel,Business,1773,2,2,2,2,4,4,4,4,5,2,4,5,4,3.38,20,0,TRUE
Female,Disloyal Customer,24,Business Travel,Eco,216,3,4,3,3,3,3,3,3,2,4,4,2,3,3.08,3,0,FALSE
Female,Loyal Customer,45,Business Travel,Business,1876,4,4,4,4,5,4,4,5,5,5,5,4,3,4.31,8,10,TRUE
Female,Loyal Customer,50,Business Travel,Business,3183,2,4,2,2,5,4,4,3,3,3,3,3,4,3.23,16,6,TRUE
Female,Loyal Customer,19,Personal Travel,Eco,524,3,4,3,3,5,3,5,5,4,3,5,4,5,4,0,0,FALSE
Female,Loyal Customer,52,Business Travel,Business,1400,1,1,3,1,3,5,4,5,5,5,5,5,4,3.62,28,27,TRUE
Female,Loyal Customer,48,Personal Travel,Eco,250,2,4,0,3,5,5,5,1,1,0,1,3,4,2.62,0,0,FALSE
Male,Loyal Customer,69,Personal Travel,Eco,583,3,5,3,4,2,3,2,2,4,4,4,3,2,3.15,33,34,FALSE
Female,Loyal Customer,32,Business Travel,Business,2815,3,3,3,3,4,4,4,4,3,2,5,5,4,3.62,0,0,TRUE
Male,Loyal Customer,50,Personal Travel,Eco Plus,239,3,3,3,2,2,3,2,2,4,3,2,5,2,2.77,1,6,FALSE
Female,Loyal Customer,56,Business Travel,Business,733,5,5,5,5,2,4,5,5,5,5,5,4,5,4.62,4,0,TRUE
Female,Disloyal Customer,31,Business Travel,Eco,1013,3,3,3,4,3,3,3,3,3,3,3,1,3,2.92,10,8,FALSE
Male,Loyal Customer,27,Business Travel,Eco,1080,3,2,2,2,3,3,3,3,1,5,3,3,3,2.77,0,0,FALSE
Male,Loyal Customer,7,Personal Travel,Eco,621,4,5,4,1,3,4,1,3,3,2,4,3,3,3.08,0,0,TRUE
Female,Loyal Customer,54,Business Travel,Business,1034,3,2,2,2,3,4,4,3,3,3,3,2,2,2.77,0,16,FALSE
Male,Loyal Customer,45,Business Travel,Business,2419,4,4,4,4,2,5,4,5,5,5,5,4,5,4.31,3,0,TRUE
Male,Loyal Customer,52,Business Travel,Eco,109,4,2,2,2,4,4,4,4,5,1,1,2,4,3,0,2,TRUE
Male,Loyal Customer,55,Business Travel,Business,1711,1,1,1,1,2,5,4,4,4,4,4,3,3,2.85,0,0,TRUE
Male,Disloyal Customer,41,Business Travel,Business,1598,3,3,3,3,2,3,2,2,3,2,4,3,2,2.69,3,0,FALSE
Male,Loyal Customer,51,Personal Travel,Eco Plus,370,3,4,2,3,5,2,5,5,3,1,4,1,5,3.31,0,0,FALSE
Female,Loyal Customer,39,Business Travel,Eco,433,3,5,1,5,3,5,3,3,1,1,1,1,3,2.69,0,0,TRUE
Female,Loyal Customer,41,Personal Travel,Eco,985,2,5,2,3,2,2,2,2,3,5,5,3,2,2.92,109,101,FALSE
Male,Loyal Customer,77,Business Travel,Business,2349,3,3,5,3,1,3,5,1,1,2,1,1,3,2.46,0,10,TRUE
Female,Loyal Customer,37,Business Travel,Business,2346,4,5,2,5,2,4,3,4,4,4,4,1,2,3.38,0,0,FALSE
Female,Loyal Customer,12,Business Travel,Eco Plus,1145,1,1,1,1,1,1,2,1,4,2,3,2,1,1.62,32,52,FALSE
Female,Loyal Customer,33,Business Travel,Business,2475,4,2,2,2,2,3,3,4,4,4,4,2,4,3.08,6,0,FALSE
Female,Loyal Customer,42,Business Travel,Eco,1097,1,0,0,3,3,3,3,2,2,1,2,3,4,2.08,0,10,FALSE
Male,Loyal Customer,50,Business Travel,Business,2611,1,4,4,4,2,1,1,3,5,4,4,1,1,2.69,121,131,FALSE
Male,Loyal Customer,38,Business Travel,Eco,784,4,5,5,5,4,4,4,4,2,2,1,5,4,3.77,0,0,TRUE
Female,Loyal Customer,24,Personal Travel,Eco,441,1,4,1,3,5,1,5,5,5,4,4,4,5,3.62,14,0,FALSE
Female,Loyal Customer,47,Business Travel,Business,3446,4,4,4,4,3,5,5,4,4,4,4,4,3,4,0,3,TRUE
Male,Loyal Customer,50,Personal Travel,Eco,1009,1,4,1,1,3,1,2,3,3,5,1,3,3,2.38,0,6,FALSE
Male,Loyal Customer,53,Business Travel,Business,495,3,3,3,3,2,5,4,4,4,4,4,4,5,3.69,2,0,TRUE
Female,Loyal Customer,30,Business Travel,Business,937,2,4,4,4,2,2,2,2,4,4,4,1,2,2.85,20,11,FALSE
Male,Loyal Customer,40,Personal Travel,Eco Plus,407,2,1,2,3,1,2,2,1,1,4,4,2,1,2,6,7,FALSE
Female,Loyal Customer,44,Business Travel,Eco,356,5,1,1,1,3,4,1,5,5,5,5,4,3,3.31,0,0,TRUE
Male,Loyal Customer,61,Business Travel,Eco Plus,1050,4,2,2,2,4,4,4,4,4,4,5,5,4,3.69,0,0,TRUE
Female,Loyal Customer,12,Personal Travel,Eco Plus,2504,1,1,1,4,5,1,5,5,4,1,4,1,5,2.92,53,47,FALSE
Male,Loyal Customer,46,Business Travel,Business,447,1,1,1,1,4,3,3,1,1,2,1,4,2,1.92,0,0,FALSE
Male,Loyal Customer,78,Business Travel,Eco,464,4,2,1,2,4,4,4,4,3,5,2,3,4,3.23,26,33,FALSE
Male,Disloyal Customer,19,Business Travel,Business,594,5,1,5,1,1,5,1,1,3,2,5,5,1,2.77,1,0,TRUE
Male,Loyal Customer,46,Business Travel,Business,3497,4,4,4,4,5,4,5,5,5,4,5,4,5,4.46,3,0,TRUE
Female,Loyal Customer,17,Personal Travel,Eco Plus,937,3,3,3,4,3,3,3,3,2,4,3,1,3,2.92,41,55,FALSE
Male,Loyal Customer,16,Personal Travel,Eco,406,2,5,2,1,5,2,5,5,3,5,4,3,5,3.62,1,12,FALSE
Female,Loyal Customer,34,Personal Travel,Eco,350,2,1,2,2,3,2,3,3,2,4,2,4,3,2.54,0,0,FALSE
Female,Loyal Customer,24,Business Travel,Business,2786,2,2,2,2,4,4,4,4,1,2,2,3,4,2.77,0,4,TRUE
Female,Loyal Customer,46,Business Travel,Eco Plus,397,4,2,2,2,2,1,4,3,3,4,3,4,5,3,4,0,TRUE
Male,Loyal Customer,53,Business Travel,Business,363,1,1,1,1,5,1,4,5,5,5,5,4,2,3.08,0,1,TRUE
Male,Loyal Customer,72,Business Travel,Eco Plus,2466,3,1,1,1,3,3,3,2,1,1,2,3,3,2.08,0,17,FALSE
Female,Loyal Customer,41,Business Travel,Business,746,3,3,3,3,4,4,4,5,5,5,5,4,4,4,0,0,TRUE
Male,Disloyal Customer,26,Business Travel,Business,220,4,0,4,1,5,4,5,5,4,3,5,4,5,3.77,0,0,TRUE
Male,Loyal Customer,40,Personal Travel,Eco,270,4,2,0,4,2,0,2,2,2,5,3,4,2,2.46,36,27,FALSE
Male,Loyal Customer,58,Business Travel,Eco Plus,859,2,3,3,3,2,2,2,2,4,1,3,2,2,2.38,0,0,FALSE
Female,Loyal Customer,24,Business Travel,Business,542,5,5,5,5,4,4,4,4,2,3,3,5,4,4.08,0,0,TRUE
Male,Loyal Customer,41,Business Travel,Eco,522,2,4,4,4,2,2,2,2,1,1,2,5,2,2.54,0,0,TRUE
Female,Disloyal Customer,28,Business Travel,Business,2475,2,2,2,4,2,2,2,4,4,3,4,2,2,2.69,0,0,FALSE
Female,Disloyal Customer,32,Business Travel,Eco,507,2,1,2,3,1,2,1,1,2,1,4,4,1,1.92,83,59,FALSE
Male,Loyal Customer,64,Personal Travel,Eco,290,4,5,4,2,3,4,3,3,5,2,4,5,3,3.62,0,10,TRUE
Male,Disloyal Customer,27,Business Travel,Business,1547,4,4,4,4,3,4,3,3,5,4,5,3,3,3.77,21,0,TRUE
Female,Disloyal Customer,29,Business Travel,Business,674,4,4,4,4,5,4,5,5,5,2,5,3,5,4.23,0,0,TRUE
Male,Disloyal Customer,22,Business Travel,Eco,901,4,4,4,4,2,4,2,2,4,5,5,3,2,3.46,6,0,FALSE
Female,Loyal Customer,40,Business Travel,Business,579,3,3,3,3,4,3,3,3,3,4,3,2,1,2.92,0,17,FALSE
Female,Loyal Customer,55,Business Travel,Eco Plus,760,2,5,5,5,4,3,4,2,2,2,2,2,4,3.23,0,0,FALSE
Female,Loyal Customer,41,Business Travel,Business,2475,5,5,5,5,2,4,5,5,5,5,5,3,5,4.54,0,0,TRUE
Male,Loyal Customer,39,Business Travel,Business,2475,5,5,5,5,4,4,4,4,4,4,5,4,4,4.38,0,0,TRUE
Male,Loyal Customer,52,Personal Travel,Eco,879,2,4,3,1,2,3,2,2,5,5,5,5,2,3.15,0,0,FALSE
Female,Loyal Customer,47,Business Travel,Business,2099,4,2,2,2,3,3,3,4,4,4,4,3,4,3.23,0,0,FALSE
Male,Loyal Customer,59,Business Travel,Business,2149,5,5,5,5,3,4,4,5,5,5,5,3,3,4.38,0,0,TRUE
Male,Loyal Customer,51,Business Travel,Business,2572,3,3,3,3,3,5,4,4,4,4,4,3,5,3.69,6,0,TRUE
Male,Disloyal Customer,23,Business Travel,Eco,551,4,0,4,4,5,4,5,5,5,2,5,3,5,3.92,0,0,TRUE
Female,Loyal Customer,63,Personal Travel,Eco,169,3,5,3,3,3,5,5,1,1,3,1,3,5,3.15,18,25,FALSE
Male,Loyal Customer,27,Personal Travel,Eco,581,3,5,4,2,1,4,1,1,4,2,4,4,1,2.77,1,0,FALSE
Female,Disloyal Customer,44,Business Travel,Business,1431,2,1,1,5,5,2,5,5,4,5,5,3,5,3.69,1,10,FALSE
Male,Loyal Customer,35,Business Travel,Business,495,3,3,3,3,2,2,4,5,5,5,5,1,4,3.46,17,1,TRUE
Female,Loyal Customer,15,Personal Travel,Eco,719,4,4,4,4,4,4,4,4,5,5,5,4,4,4.23,228,211,FALSE
Male,Loyal Customer,45,Business Travel,Business,2186,2,2,2,2,5,4,4,4,4,4,4,5,4,3.54,17,6,TRUE
Female,Loyal Customer,18,Personal Travel,Eco,237,3,4,3,3,4,3,4,4,2,1,3,2,4,3.08,0,0,FALSE
Female,Loyal Customer,42,Business Travel,Business,2204,1,2,2,2,2,2,1,2,2,2,1,1,1,1.62,1,0,FALSE
Female,Loyal Customer,57,Business Travel,Business,354,0,0,0,3,3,4,5,3,3,4,4,4,3,2.77,6,8,TRUE
Male,Loyal Customer,26,Business Travel,Business,255,2,2,2,2,4,4,4,4,4,5,5,4,4,3.54,6,10,TRUE
Male,Loyal Customer,30,Personal Travel,Eco Plus,957,3,5,3,3,2,3,2,2,3,3,5,4,2,3.08,26,7,FALSE
Male,Loyal Customer,40,Business Travel,Business,1969,5,4,5,5,5,4,4,2,2,2,2,5,5,3.85,0,0,TRUE
Female,Loyal Customer,36,Business Travel,Business,448,4,4,4,4,2,3,3,4,4,4,4,2,1,3.31,0,0,TRUE
Male,Loyal Customer,18,Business Travel,Business,3766,3,4,4,4,3,3,3,3,2,5,3,2,3,3.23,96,99,FALSE
Male,Loyal Customer,31,Business Travel,Business,708,4,4,4,4,3,3,3,3,4,2,1,4,3,3.23,3,0,TRUE
Female,Loyal Customer,53,Business Travel,Business,289,2,2,5,2,3,4,5,4,4,5,4,5,3,3.69,0,0,TRUE
Male,Loyal Customer,63,Personal Travel,Eco,508,3,4,3,1,5,3,5,5,4,2,4,4,5,3.69,12,30,FALSE
Female,Loyal Customer,49,Business Travel,Eco Plus,174,4,3,3,3,4,4,4,4,4,4,4,4,2,3.62,12,0,FALSE
Male,Loyal Customer,51,Personal Travel,Eco,2762,4,4,4,3,4,4,4,4,2,4,3,3,4,3.62,0,0,FALSE
Female,Loyal Customer,31,Business Travel,Business,102,1,1,1,1,4,4,4,4,5,2,1,3,4,2.69,2,5,TRUE
Male,Loyal Customer,67,Personal Travel,Eco,989,3,4,3,3,1,3,1,1,5,4,4,4,1,2.85,24,23,FALSE
Male,Loyal Customer,30,Business Travel,Business,2486,1,1,1,1,4,4,4,4,4,4,4,5,4,3.15,101,102,TRUE
Male,Loyal Customer,29,Business Travel,Eco,828,2,2,3,3,2,2,2,2,4,2,3,4,2,2.54,0,0,FALSE
Male,Loyal Customer,63,Personal Travel,Eco,399,2,4,2,4,5,2,1,5,5,2,5,4,5,3.54,0,0,FALSE
Male,Loyal Customer,60,Business Travel,Business,2355,4,2,3,2,3,3,3,4,4,4,4,3,1,3.08,59,5,FALSE
Male,Loyal Customer,58,Personal Travel,Eco Plus,188,3,3,3,2,5,3,1,5,2,4,1,4,5,3.15,0,0,FALSE
Female,Loyal Customer,63,Personal Travel,Eco,945,2,2,2,4,4,4,4,2,2,2,2,3,1,2.62,0,0,FALSE
Female,Disloyal Customer,24,Business Travel,Eco,189,2,5,1,1,5,1,2,5,3,4,4,4,5,3.23,5,0,FALSE
Female,Loyal Customer,72,Business Travel,Business,2971,4,4,4,4,3,4,5,4,4,4,3,5,5,4.08,0,0,TRUE
Male,Loyal Customer,45,Business Travel,Business,3230,2,2,2,2,3,2,4,5,5,5,5,3,2,3.23,0,0,TRUE
Male,Loyal Customer,52,Business Travel,Eco,499,1,3,2,2,2,1,2,2,4,2,4,4,2,2.38,0,0,FALSE
Male,Loyal Customer,61,Personal Travel,Eco,546,2,3,2,2,5,2,5,5,2,2,2,2,5,3,21,8,FALSE
Male,Loyal Customer,41,Business Travel,Business,2475,1,1,1,1,4,4,4,5,5,5,5,4,3,3.31,50,27,TRUE
Male,Loyal Customer,46,Personal Travel,Eco,280,3,4,3,4,5,3,4,5,3,4,3,3,5,3.77,0,0,FALSE
Male,Disloyal Customer,36,Business Travel,Eco,163,1,4,1,3,4,1,4,4,4,3,5,1,4,3,4,5,FALSE
Male,Loyal Customer,50,Personal Travel,Eco,143,4,4,4,4,4,4,4,4,4,4,3,2,4,3.77,88,83,FALSE
Female,Loyal Customer,24,Personal Travel,Eco,1076,2,5,2,3,4,2,4,4,4,2,5,3,4,3.38,0,0,FALSE
Female,Loyal Customer,39,Business Travel,Business,763,5,5,5,5,5,4,4,4,4,4,4,5,5,4.54,37,30,TRUE
Male,Loyal Customer,31,Business Travel,Business,328,3,3,3,3,4,4,4,4,5,2,5,3,4,3.62,0,0,TRUE
Male,Loyal Customer,30,Business Travel,Business,3468,3,5,4,5,3,3,3,3,4,1,4,2,3,3.31,14,0,FALSE
Male,Loyal Customer,65,Personal Travel,Eco,444,1,5,1,3,1,4,4,4,3,5,5,4,4,3.38,146,143,FALSE
Female,Loyal Customer,40,Business Travel,Business,402,2,2,2,2,5,5,5,5,5,5,5,3,5,3.92,0,0,TRUE
Male,Loyal Customer,25,Personal Travel,Eco,416,3,3,3,4,3,3,3,3,1,1,3,1,3,2.62,34,16,FALSE
Female,Loyal Customer,41,Business Travel,Business,3107,2,2,2,2,5,5,4,4,4,4,4,3,3,3.38,0,0,TRUE
Female,Loyal Customer,52,Business Travel,Business,2134,4,4,4,4,4,5,4,5,5,5,5,4,3,4.31,0,0,TRUE
Female,Loyal Customer,43,Business Travel,Business,369,2,1,2,2,5,5,5,2,2,2,2,4,4,2.92,0,0,TRUE
Female,Loyal Customer,41,Business Travel,Business,158,1,1,3,1,4,4,5,4,4,4,4,3,4,3.23,0,0,TRUE
Female,Loyal Customer,22,Business Travel,Business,251,0,0,0,3,2,2,2,2,1,1,5,3,2,1.77,0,3,TRUE
Female,Loyal Customer,31,Business Travel,Business,2523,1,1,1,1,4,4,4,4,4,4,4,4,4,3.08,5,0,TRUE
Female,Disloyal Customer,39,Business Travel,Eco,114,3,3,3,3,4,3,5,4,3,2,4,4,4,3.46,6,0,FALSE
Male,Loyal Customer,58,Business Travel,Business,2296,4,4,4,4,5,5,5,4,3,5,4,5,5,4.38,9,15,TRUE
Female,Loyal Customer,45,Business Travel,Business,3784,2,4,4,4,5,4,4,2,2,2,2,4,2,3.15,0,8,FALSE
Female,Disloyal Customer,23,Business Travel,Business,365,0,4,0,3,1,0,1,1,5,2,4,3,1,1.92,9,0,TRUE
Female,Loyal Customer,35,Personal Travel,Eco Plus,937,2,5,2,2,2,2,2,2,5,5,4,4,2,3,1,3,FALSE
Female,Loyal Customer,27,Business Travel,Eco,1069,2,5,3,3,2,2,2,3,4,2,2,2,2,2.62,137,142,FALSE
Male,Loyal Customer,28,Business Travel,Business,641,2,2,2,2,5,5,5,5,2,3,1,2,5,3.15,0,0,TRUE
Female,Loyal Customer,48,Business Travel,Eco,1076,4,1,1,1,4,3,4,4,4,4,4,1,4,3,5,15,FALSE
Female,Loyal Customer,58,Business Travel,Business,2572,2,2,2,2,5,5,5,3,3,4,3,3,5,3.38,0,0,TRUE
Female,Disloyal Customer,26,Business Travel,Eco,308,2,0,2,4,4,2,4,4,3,2,4,5,4,3.08,4,0,FALSE
Male,Disloyal Customer,36,Business Travel,Eco,447,3,4,4,4,2,4,2,2,1,1,4,4,2,2.85,70,62,FALSE
Male,Loyal Customer,28,Personal Travel,Eco,150,1,4,1,1,1,1,1,1,4,3,4,5,1,2.15,0,0,FALSE
Male,Loyal Customer,57,Business Travel,Business,247,5,5,5,5,4,5,5,3,3,4,3,3,4,4.15,0,0,TRUE
Female,Loyal Customer,63,Personal Travel,Business,2475,4,1,4,3,4,3,2,2,2,4,2,1,3,2.69,0,0,FALSE
Female,Loyal Customer,42,Business Travel,Business,265,2,2,5,2,5,4,5,4,4,4,4,4,4,3.77,0,0,TRUE
Male,Loyal Customer,60,Personal Travel,Eco Plus,1399,5,4,5,3,4,5,4,4,1,3,3,1,4,3.54,0,0,TRUE
Male,Disloyal Customer,25,Business Travel,Business,1304,0,0,0,3,4,0,3,4,3,3,5,4,4,2.54,0,0,TRUE
Male,Loyal Customer,39,Business Travel,Business,2777,5,5,5,5,2,4,4,4,4,4,4,3,5,4.15,0,18,TRUE
Male,Loyal Customer,58,Business Travel,Eco,102,2,1,3,3,2,2,2,2,4,2,3,1,2,2.23,0,0,FALSE
Male,Disloyal Customer,38,Business Travel,Eco,109,3,3,3,4,2,3,2,2,4,3,3,1,2,2.69,0,0,FALSE
Male,Loyal Customer,69,Personal Travel,Eco,432,1,4,1,4,3,1,5,3,2,1,4,2,3,2.62,1,0,FALSE
Male,Loyal Customer,40,Business Travel,Business,3101,3,3,3,3,2,5,5,4,4,4,4,3,3,3.54,58,78,TRUE
Female,Loyal Customer,53,Personal Travel,Eco,337,3,5,3,5,4,2,4,1,1,3,1,3,5,3.08,0,0,FALSE
Male,Loyal Customer,70,Personal Travel,Eco Plus,932,4,2,4,4,3,4,3,3,1,4,3,4,3,3.23,18,38,FALSE
Male,Loyal Customer,49,Personal Travel,Eco,141,2,4,2,3,4,2,4,4,2,2,3,3,4,3,60,55,FALSE
Male,Loyal Customer,70,Personal Travel,Eco,31,2,5,0,4,4,0,4,4,3,5,5,3,4,3.31,0,0,FALSE
Male,Loyal Customer,55,Personal Travel,Eco,558,4,4,4,3,2,4,3,2,4,3,5,4,2,3.38,0,0,FALSE
Female,Loyal Customer,48,Personal Travel,Eco,183,4,2,4,4,4,4,3,4,4,4,3,1,3,3.38,0,0,FALSE
Male,Loyal Customer,38,Personal Travel,Eco Plus,337,2,5,2,3,1,2,1,1,5,4,5,5,1,2.85,0,10,FALSE
Female,Loyal Customer,43,Personal Travel,Eco,967,4,2,4,4,3,3,3,3,3,4,3,4,1,3.15,0,0,FALSE
Male,Disloyal Customer,54,Business Travel,Eco,184,3,2,2,3,4,2,4,4,3,3,3,1,4,2.92,0,0,FALSE
Male,Loyal Customer,52,Business Travel,Eco,1481,3,2,1,2,3,3,3,3,1,1,3,1,3,2.23,0,0,FALSE
Male,Loyal Customer,75,Business Travel,Business,192,1,1,1,1,1,2,2,2,2,2,1,3,4,1.77,54,46,FALSE
Female,Loyal Customer,41,Business Travel,Business,1481,4,4,4,4,2,5,5,4,4,5,4,4,4,4.08,4,0,TRUE
Female,Disloyal Customer,25,Business Travel,Eco Plus,867,1,4,2,4,1,2,1,1,2,1,3,3,1,2,0,0,FALSE
Male,Loyal Customer,47,Business Travel,Business,1416,5,5,5,5,3,4,4,5,5,5,5,5,4,4.62,0,0,TRUE
Female,Loyal Customer,21,Personal Travel,Eco,679,4,4,4,5,5,4,5,5,4,5,5,4,5,4.54,0,0,FALSE
Male,Loyal Customer,41,Personal Travel,Eco,299,3,4,3,5,4,3,4,4,3,2,5,3,4,3.62,0,0,FALSE
Male,Disloyal Customer,26,Business Travel,Business,700,3,3,3,2,5,3,5,5,4,4,5,4,5,3.92,0,0,FALSE
Male,Loyal Customer,48,Business Travel,Eco Plus,813,1,4,4,4,1,1,1,1,1,3,4,2,1,2.15,0,0,FALSE
Male,Loyal Customer,51,Personal Travel,Eco,972,3,4,3,1,2,3,2,2,3,4,4,4,2,2.85,0,0,FALSE
Female,Loyal Customer,58,Business Travel,Business,3011,5,5,5,5,3,4,4,5,5,5,5,3,3,4.38,0,0,TRUE
Male,Loyal Customer,37,Personal Travel,Business,850,2,3,2,1,4,1,3,1,1,2,1,3,4,2.15,3,0,FALSE
Male,Loyal Customer,36,Business Travel,Business,2050,5,5,5,5,5,5,5,1,3,4,2,5,5,4.23,24,33,TRUE
Male,Loyal Customer,31,Personal Travel,Business,451,2,5,3,4,5,3,5,5,4,1,2,3,5,3.62,63,68,FALSE
Female,Loyal Customer,22,Business Travel,Eco Plus,882,3,5,5,5,3,3,2,3,2,4,3,4,3,3.46,42,46,FALSE
Male,Loyal Customer,37,Personal Travel,Eco,337,3,1,2,2,5,2,5,5,4,5,2,1,5,3.23,115,107,FALSE
Male,Disloyal Customer,25,Business Travel,Eco,565,4,4,4,4,2,4,4,2,2,2,3,3,2,3.08,34,13,FALSE
Male,Loyal Customer,51,Business Travel,Business,1694,1,1,1,1,4,5,4,3,3,4,3,3,3,2.77,32,16,TRUE
Male,Loyal Customer,25,Personal Travel,Business,679,3,4,3,3,2,3,2,2,3,5,5,4,2,3.15,0,0,FALSE
Male,Loyal Customer,47,Business Travel,Eco,1437,5,1,1,1,5,5,5,5,3,1,2,1,5,3.08,0,0,TRUE
Female,Loyal Customer,27,Personal Travel,Eco,265,4,3,4,3,5,4,5,5,1,4,1,2,5,3.54,0,0,FALSE
Male,Loyal Customer,43,Personal Travel,Eco,1303,2,4,2,2,1,2,1,1,3,4,4,3,1,2.31,1,11,FALSE
Male,Loyal Customer,56,Business Travel,Business,3954,3,2,5,2,1,4,3,3,3,3,3,3,2,2.85,0,0,FALSE
Male,Loyal Customer,46,Business Travel,Business,2138,0,0,0,3,2,5,1,4,4,4,1,1,2,2.08,0,0,TRUE
Male,Disloyal Customer,23,Business Travel,Business,526,5,5,5,1,5,3,3,5,4,5,4,3,3,3.92,214,203,TRUE
Male,Disloyal Customer,27,Business Travel,Business,762,4,4,4,4,1,4,1,1,4,2,5,5,1,3.08,0,0,TRUE
Male,Loyal Customer,27,Personal Travel,Eco,147,2,4,2,3,3,2,1,3,4,3,5,3,3,2.92,0,0,FALSE
Female,Loyal Customer,66,Personal Travel,Eco,296,2,4,2,5,5,5,5,4,4,2,5,3,5,3.92,16,6,FALSE
Female,Loyal Customer,62,Personal Travel,Eco,170,2,3,2,1,3,4,2,3,3,2,3,1,1,2.31,0,0,FALSE
Female,Loyal Customer,33,Personal Travel,Eco,237,2,5,2,3,3,2,3,3,3,4,5,3,3,3.15,0,0,FALSE
Male,Loyal Customer,25,Personal Travel,Eco,1444,4,4,4,4,3,4,5,3,2,2,2,1,3,3.15,0,7,FALSE
Female,Loyal Customer,29,Business Travel,Eco,1107,3,4,3,4,3,3,3,3,1,3,3,3,3,3,0,0,FALSE
Male,Loyal Customer,15,Personal Travel,Eco,2454,1,2,1,4,3,1,2,3,2,1,3,1,3,2.08,0,0,FALSE
Female,Loyal Customer,36,Business Travel,Eco,1384,4,3,3,3,4,4,4,4,3,3,2,3,4,3.38,82,72,TRUE
Female,Loyal Customer,46,Business Travel,Eco,552,3,4,4,4,4,4,4,3,3,3,3,2,3,3.38,0,10,FALSE
Male,Disloyal Customer,35,Business Travel,Eco,804,1,0,0,1,2,0,2,2,4,2,3,1,2,1.54,0,1,FALSE
Male,Loyal Customer,60,Business Travel,Business,3015,3,3,3,3,2,4,5,4,4,4,4,5,4,3.69,15,33,TRUE
Female,Loyal Customer,51,Business Travel,Eco,616,2,1,1,1,5,4,4,2,2,2,2,4,1,2.38,104,94,FALSE
Female,Loyal Customer,58,Business Travel,Business,431,4,4,4,4,4,4,4,5,5,5,5,5,3,4.31,26,15,TRUE
Male,Loyal Customer,33,Business Travel,Business,1436,3,3,3,3,4,4,4,4,4,4,5,3,4,3.69,12,0,TRUE
Female,Loyal Customer,7,Personal Travel,Eco,399,2,5,3,1,3,3,3,3,5,4,5,4,3,3.38,0,0,FALSE
Male,Loyal Customer,52,Business Travel,Business,2891,5,5,5,5,2,1,2,4,4,4,3,3,4,3.62,0,0,TRUE
Female,Loyal Customer,61,Personal Travel,Business,2715,3,4,3,4,3,4,5,4,4,3,4,4,5,3.85,0,0,FALSE
Male,Loyal Customer,65,Personal Travel,Eco,721,4,3,4,3,1,4,1,1,2,5,4,4,1,2.85,0,0,FALSE
Female,Loyal Customer,32,Business Travel,Business,262,5,5,5,5,5,5,5,5,2,2,1,1,5,3.92,2,0,TRUE
Male,Loyal Customer,46,Business Travel,Eco,483,3,2,2,2,3,3,3,3,5,4,4,2,3,3,5,0,TRUE
Male,Disloyal Customer,40,Business Travel,Business,287,3,3,3,4,1,3,1,1,5,4,5,5,1,3,2,0,FALSE
Female,Disloyal Customer,47,Business Travel,Eco,349,3,0,3,1,1,3,1,1,2,2,4,5,1,2.08,0,0,FALSE
Female,Loyal Customer,49,Business Travel,Business,3206,3,3,3,3,1,2,3,3,3,3,3,3,3,2.77,0,0,FALSE
Female,Loyal Customer,49,Business Travel,Business,1795,2,2,2,2,5,4,4,5,5,5,5,3,3,3.62,0,0,TRUE
Female,Loyal Customer,30,Business Travel,Eco,163,5,4,4,4,5,5,5,5,3,2,5,3,5,4.23,0,3,TRUE
Female,Loyal Customer,45,Business Travel,Business,3031,2,2,2,2,4,5,5,4,4,4,4,3,5,3.54,0,0,TRUE
Male,Loyal Customer,39,Business Travel,Eco,341,5,2,2,2,5,5,5,5,2,1,3,2,5,3.38,0,0,TRUE
Female,Loyal Customer,56,Business Travel,Business,447,3,3,3,3,2,4,5,4,4,4,4,5,5,3.77,0,0,TRUE
Female,Loyal Customer,70,Personal Travel,Business,550,3,0,3,3,3,3,5,2,2,3,2,4,3,2.77,1,0,FALSE
Male,Loyal Customer,14,Personal Travel,Eco,738,2,4,2,1,4,2,4,4,4,3,4,5,4,3.31,0,0,FALSE
Female,Loyal Customer,33,Business Travel,Business,365,2,4,4,4,3,3,3,2,2,2,2,4,3,2.92,0,0,FALSE
Male,Loyal Customer,19,Personal Travel,Eco,1546,2,4,2,1,2,2,2,2,5,4,3,4,2,2.69,0,0,FALSE
Female,Loyal Customer,42,Business Travel,Business,2119,5,4,5,5,5,5,5,4,4,4,4,5,3,4.46,1,1,TRUE
Female,Loyal Customer,59,Business Travel,Business,419,2,5,5,5,4,3,3,2,2,2,2,1,2,2.92,12,4,FALSE
Male,Loyal Customer,47,Business Travel,Business,3361,5,5,5,5,1,5,5,2,2,2,2,1,2,3.23,6,6,TRUE
Female,Loyal Customer,32,Business Travel,Business,2780,4,5,2,5,4,4,4,4,2,1,3,1,4,3.31,26,26,FALSE
Female,Disloyal Customer,26,Business Travel,Eco,1504,3,3,3,2,4,3,4,4,5,4,3,4,4,3.54,0,0,FALSE
Female,Loyal Customer,68,Personal Travel,Eco,160,2,5,2,3,5,4,4,2,2,2,2,3,3,3,0,0,FALSE
Female,Loyal Customer,36,Business Travel,Business,2700,2,2,4,2,2,3,4,2,2,2,2,2,2,2.38,2,0,FALSE
Male,Loyal Customer,24,Personal Travel,Business,2586,4,4,4,3,4,5,5,2,2,3,3,5,5,3.77,12,22,FALSE
Male,Loyal Customer,32,Business Travel,Business,3660,0,0,0,3,1,1,1,1,1,2,3,1,1,1.15,60,49,TRUE
Male,Loyal Customer,51,Business Travel,Eco,1048,3,1,1,1,3,3,3,3,3,1,3,1,3,2.23,1,0,FALSE
Male,Loyal Customer,43,Personal Travel,Eco,819,3,5,3,4,4,3,4,4,4,2,5,4,4,3.77,54,35,FALSE
Male,Loyal Customer,36,Business Travel,Business,3874,0,0,0,4,1,5,5,2,2,1,1,5,3,2.23,5,0,TRUE
Female,Loyal Customer,16,Personal Travel,Eco,763,2,5,2,5,5,2,5,5,5,3,5,3,5,4,21,9,FALSE
Male,Disloyal Customer,34,Business Travel,Business,712,3,2,2,2,2,2,2,2,5,2,5,3,2,2.62,0,9,FALSE
Female,Disloyal Customer,55,Business Travel,Business,134,3,3,3,5,3,3,4,3,4,5,4,5,3,3.69,0,0,FALSE
Male,Loyal Customer,52,Business Travel,Business,3000,3,3,3,3,4,5,5,4,4,5,4,4,3,3.85,15,1,TRUE
Female,Loyal Customer,58,Business Travel,Eco,1076,3,4,4,4,3,3,4,3,3,3,3,2,1,3.08,0,0,FALSE
Male,Loyal Customer,55,Personal Travel,Eco,214,5,3,5,3,4,5,4,4,1,4,4,4,4,3.85,0,0,TRUE
Male,Loyal Customer,47,Business Travel,Eco,204,3,2,2,2,3,3,3,3,2,5,1,4,3,2.77,0,0,FALSE
Female,Disloyal Customer,36,Business Travel,Eco,780,2,2,2,4,5,2,5,5,4,4,3,1,5,3.38,7,0,FALSE
Female,Loyal Customer,61,Business Travel,Business,3451,0,3,0,3,5,3,5,5,5,5,5,3,4,3.54,4,2,TRUE
Male,Disloyal Customer,29,Business Travel,Eco,493,1,3,1,4,4,1,4,4,3,5,4,5,4,3.31,0,0,FALSE
Male,Loyal Customer,20,Personal Travel,Eco,868,1,5,1,5,2,1,2,2,1,1,4,1,2,2.15,0,0,FALSE
Male,Loyal Customer,43,Business Travel,Business,3800,3,3,3,3,2,3,4,4,4,4,4,4,3,3.38,2,14,TRUE
Female,Disloyal Customer,24,Business Travel,Eco,680,0,0,0,2,2,0,2,2,3,5,5,4,2,2.08,1,0,TRUE
Female,Loyal Customer,58,Business Travel,Business,1171,4,4,4,4,3,5,5,5,5,5,5,4,3,4.31,0,0,TRUE
Female,Loyal Customer,36,Business Travel,Business,3919,2,3,3,3,2,3,3,2,2,2,2,3,2,2.46,1,1,FALSE
Male,Loyal Customer,22,Personal Travel,Eco,835,3,4,3,3,3,3,3,3,3,3,4,5,3,3.31,9,0,FALSE
Female,Loyal Customer,42,Business Travel,Business,1546,1,1,1,1,2,4,4,5,5,5,5,3,5,3.23,0,1,TRUE
Male,Disloyal Customer,25,Business Travel,Business,545,4,0,4,3,1,4,1,1,3,4,5,5,1,2.77,73,74,FALSE
Male,Disloyal Customer,18,Business Travel,Eco,1034,4,4,4,2,2,4,4,2,2,2,3,4,2,3,1,0,FALSE
Female,Loyal Customer,44,Business Travel,Business,628,3,1,3,3,3,3,3,2,3,2,3,3,3,2.69,124,147,FALSE
Female,Loyal Customer,22,Business Travel,Business,1426,2,5,5,5,2,2,2,2,3,3,2,2,2,2.85,203,179,FALSE
Male,Loyal Customer,41,Business Travel,Business,1624,5,5,5,5,3,4,5,5,5,5,5,5,3,4.62,0,0,TRUE
Male,Loyal Customer,53,Personal Travel,Eco,1912,2,4,2,4,4,2,4,4,3,5,4,4,4,3.54,9,0,FALSE
Female,Loyal Customer,39,Personal Travel,Eco,562,3,5,3,2,2,3,2,2,4,5,5,3,2,3.15,0,0,FALSE
Male,Loyal Customer,13,Personal Travel,Eco,1399,1,5,1,2,1,1,1,1,3,4,3,4,1,2.15,0,0,FALSE
Female,Disloyal Customer,22,Business Travel,Eco,341,4,0,4,2,2,4,2,2,3,5,5,3,2,2.92,0,0,TRUE
Female,Disloyal Customer,29,Personal Travel,Eco,1005,4,5,4,3,4,4,4,4,5,3,4,3,4,3.92,2,0,FALSE
Male,Loyal Customer,53,Business Travel,Eco,109,4,2,2,2,4,4,4,4,1,2,3,5,4,3.15,5,8,TRUE
Female,Disloyal Customer,34,Business Travel,Eco,404,3,3,3,5,3,3,5,3,2,5,1,1,3,3.08,0,0,FALSE
Female,Loyal Customer,60,Personal Travel,Eco,396,3,3,2,4,1,3,3,5,5,2,5,2,1,3,0,0,FALSE
Female,Loyal Customer,23,Business Travel,Business,3982,2,5,5,5,2,2,2,2,4,1,3,4,2,3,0,0,FALSE
Female,Loyal Customer,23,Business Travel,Eco,1389,5,1,1,1,5,5,3,5,1,5,1,1,5,3,0,0,TRUE
Female,Loyal Customer,50,Business Travel,Eco,1709,4,3,3,3,4,3,2,4,4,4,4,4,2,3.38,3,15,FALSE
Female,Loyal Customer,62,Personal Travel,Eco,510,4,5,4,2,3,5,5,3,3,4,3,4,5,3.85,55,46,TRUE
Female,Loyal Customer,26,Personal Travel,Eco,200,3,5,3,1,3,3,2,3,2,4,3,1,3,2.77,0,0,FALSE
Female,Loyal Customer,48,Business Travel,Business,1951,3,3,3,3,2,4,5,5,5,5,4,4,5,3.92,28,25,TRUE
Male,Loyal Customer,27,Personal Travel,Eco,862,2,4,3,3,5,3,5,5,4,5,4,3,5,3.92,22,12,FALSE
Female,Loyal Customer,26,Personal Travel,Eco Plus,153,4,5,4,4,3,4,3,3,4,3,4,4,3,3.69,0,0,TRUE
Male,Loyal Customer,50,Business Travel,Eco,862,4,5,5,5,4,4,4,4,1,2,4,2,4,3.69,0,11,FALSE
Male,Loyal Customer,44,Personal Travel,Eco,1558,3,5,3,5,4,3,4,4,4,3,5,4,4,3.92,3,8,FALSE
Male,Loyal Customer,38,Business Travel,Business,945,4,4,4,4,4,5,5,4,4,4,4,3,5,4.15,0,0,TRUE
Female,Disloyal Customer,39,Business Travel,Business,1671,3,4,4,1,3,4,1,3,3,2,5,5,3,3.15,10,16,FALSE
Female,Disloyal Customer,25,Business Travel,Business,304,2,4,2,3,3,2,3,3,3,5,5,5,3,3.31,20,12,FALSE
Female,Loyal Customer,45,Personal Travel,Eco,989,1,1,1,4,5,3,4,4,4,1,4,3,4,3,0,0,FALSE
Female,Disloyal Customer,25,Business Travel,Business,883,3,4,3,3,4,3,4,4,5,5,4,4,4,3.85,46,34,FALSE
Male,Loyal Customer,49,Business Travel,Eco,150,5,4,4,4,5,5,5,2,4,2,2,5,5,4,109,135,TRUE
Female,Loyal Customer,30,Business Travel,Business,1981,4,4,4,4,4,4,4,4,2,4,5,4,4,3.92,0,0,TRUE
Female,Loyal Customer,37,Personal Travel,Eco,1990,4,5,4,4,1,4,4,1,2,1,1,2,1,2.62,0,0,FALSE
Female,Loyal Customer,69,Personal Travel,Business,374,3,1,3,3,5,3,2,3,3,3,3,3,4,3,0,8,FALSE
Male,Loyal Customer,47,Business Travel,Business,509,3,3,3,3,4,3,3,3,3,3,3,2,2,2.92,0,0,FALSE
Female,Loyal Customer,29,Business Travel,Business,3449,5,2,2,2,5,4,5,5,4,4,4,3,5,3.85,6,19,FALSE
Female,Disloyal Customer,20,Business Travel,Eco,634,4,3,4,2,3,4,1,3,4,4,2,4,3,3.15,0,0,FALSE
Female,Loyal Customer,44,Business Travel,Business,237,5,5,5,5,3,4,4,4,4,4,4,5,3,4.23,14,6,TRUE
Female,Loyal Customer,70,Personal Travel,Eco,462,5,5,5,3,1,4,2,5,5,5,5,4,2,3.92,0,0,TRUE
Male,Disloyal Customer,21,Business Travel,Eco,451,3,3,4,2,4,4,4,4,3,4,4,4,4,3.62,12,13,FALSE
Female,Loyal Customer,33,Business Travel,Business,2830,3,3,3,3,2,5,4,4,4,4,4,5,3,3.62,0,0,TRUE
Male,Loyal Customer,54,Business Travel,Business,552,1,4,3,3,2,4,4,1,1,1,1,2,4,2.38,7,0,FALSE
Female,Loyal Customer,65,Personal Travel,Eco,427,1,0,1,5,3,5,4,4,4,1,1,4,4,2.85,46,56,FALSE
Male,Disloyal Customer,26,Business Travel,Eco,157,1,3,1,1,4,1,4,4,5,3,4,2,4,2.85,2,0,FALSE
Female,Loyal Customer,24,Business Travel,Business,2782,3,3,3,3,3,3,3,3,1,4,4,3,3,3,0,0,FALSE
Male,Disloyal Customer,40,Business Travel,Eco,294,4,0,4,1,5,4,5,5,4,4,1,2,5,3.38,0,6,TRUE
Male,Loyal Customer,30,Business Travel,Business,453,5,5,5,5,5,5,5,5,3,3,5,5,5,4.69,25,34,TRUE
Female,Loyal Customer,33,Business Travel,Business,1476,2,2,2,2,2,4,1,5,5,5,5,2,3,3.08,0,3,TRUE
Female,Loyal Customer,30,Business Travel,Business,1020,3,3,3,3,3,3,3,3,1,1,2,1,3,2.46,1,0,FALSE
Female,Loyal Customer,9,Personal Travel,Eco,950,4,1,4,4,2,4,2,2,2,1,2,1,2,2.38,0,2,TRUE
Male,Loyal Customer,53,Business Travel,Business,1471,1,1,1,1,4,4,4,4,4,4,4,4,4,3.08,0,0,TRUE
Male,Loyal Customer,39,Business Travel,Eco,279,2,5,1,5,2,2,2,2,2,2,4,1,2,2.46,16,30,FALSE
Female,Loyal Customer,29,Business Travel,Business,2781,3,4,3,3,5,5,5,5,3,1,3,5,5,3.85,0,10,TRUE
Male,Disloyal Customer,27,Business Travel,Business,130,4,4,4,2,5,4,5,5,3,3,5,3,5,4,0,3,TRUE
Male,Loyal Customer,47,Business Travel,Business,3612,4,4,3,4,4,5,5,5,5,5,5,5,4,4.46,0,0,TRUE
Male,Loyal Customer,42,Business Travel,Business,1208,1,1,1,1,3,2,2,5,5,4,5,4,4,2.92,39,37,TRUE
Male,Disloyal Customer,57,Business Travel,Eco,1393,2,2,2,4,3,2,4,3,1,3,3,4,3,2.77,0,0,FALSE
Male,Loyal Customer,28,Personal Travel,Eco Plus,447,4,4,4,2,4,4,1,4,5,4,4,4,4,3.69,2,3,FALSE
Male,Disloyal Customer,48,Business Travel,Business,2378,3,3,3,4,2,3,2,2,3,5,5,3,2,3.08,0,0,FALSE
Male,Loyal Customer,18,Personal Travel,Eco,1855,4,2,4,4,5,4,5,5,1,4,4,1,5,3.69,0,0,FALSE
Male,Loyal Customer,26,Business Travel,Business,1770,4,4,4,4,3,3,3,3,4,5,5,3,3,3.69,0,0,TRUE
Female,Loyal Customer,60,Business Travel,Business,3637,4,3,4,4,5,5,5,4,4,4,4,4,3,4.08,0,1,TRUE
Female,Loyal Customer,21,Personal Travel,Eco,237,3,4,0,3,4,0,4,4,5,2,4,4,4,3.15,0,10,FALSE
Male,Loyal Customer,40,Business Travel,Business,1679,4,4,4,4,4,4,4,4,4,4,4,4,4,4,0,0,TRUE
Male,Loyal Customer,49,Personal Travel,Eco,1142,3,4,3,3,4,3,4,4,1,5,2,1,4,3.15,0,0,FALSE
Female,Loyal Customer,38,Business Travel,Business,3081,4,4,4,4,2,2,1,4,4,4,4,4,2,3.31,0,0,TRUE
Female,Loyal Customer,34,Business Travel,Business,1884,3,1,1,1,3,4,3,3,3,3,3,3,3,2.62,8,0,FALSE
Female,Disloyal Customer,38,Business Travel,Business,948,4,4,4,3,3,4,3,3,5,2,4,3,3,3.46,0,0,TRUE
Male,Loyal Customer,43,Business Travel,Business,1803,1,1,1,1,3,5,4,1,1,2,1,5,5,2.38,5,0,TRUE
Male,Disloyal Customer,31,Business Travel,Eco,1389,3,3,3,4,5,3,5,5,4,2,4,2,5,3.69,126,115,FALSE
Male,Disloyal Customer,20,Business Travel,Eco,447,3,1,3,3,2,3,5,2,4,4,3,2,2,2.85,33,37,FALSE
Female,Disloyal Customer,46,Business Travel,Eco,1400,1,1,1,1,5,1,5,5,4,4,1,1,5,2.69,0,7,FALSE
Male,Loyal Customer,53,Personal Travel,Eco Plus,1299,2,4,2,4,2,2,2,2,4,4,5,3,2,2.92,0,0,FALSE
Female,Loyal Customer,47,Personal Travel,Eco Plus,408,4,5,4,3,4,4,5,4,4,4,4,5,3,4.08,0,0,FALSE
Female,Loyal Customer,51,Business Travel,Business,3633,2,5,5,5,2,2,2,2,2,2,2,2,2,2.69,8,9,FALSE
Female,Loyal Customer,54,Business Travel,Business,1616,3,3,3,3,3,4,4,3,3,3,3,4,3,3.23,0,0,TRUE
Male,Disloyal Customer,17,Business Travel,Business,1096,0,5,0,4,4,0,4,4,3,5,5,4,4,3.23,9,0,TRUE
Female,Loyal Customer,41,Business Travel,Eco,209,3,4,4,4,4,3,4,4,3,1,3,3,4,3.38,0,11,FALSE
Female,Loyal Customer,38,Business Travel,Business,3174,2,2,2,2,2,3,3,2,2,2,2,3,3,2.31,0,0,FALSE
Male,Loyal Customer,59,Business Travel,Business,464,4,4,4,4,5,5,5,4,4,4,4,5,5,4.38,13,7,TRUE
Male,Loyal Customer,51,Personal Travel,Eco,937,3,5,2,3,4,2,4,4,4,1,1,5,4,3.23,89,84,FALSE
Female,Loyal Customer,66,Personal Travel,Eco,259,3,4,3,1,1,4,1,1,1,3,1,4,3,2.31,0,0,FALSE
Female,Disloyal Customer,34,Business Travel,Eco,601,1,0,1,2,3,1,3,3,2,5,1,1,3,2,20,18,FALSE
Male,Loyal Customer,51,Business Travel,Business,3530,5,5,5,5,4,5,5,4,4,4,4,4,5,4.54,0,0,TRUE
Male,Loyal Customer,50,Business Travel,Business,589,4,4,4,4,4,3,3,2,2,3,2,4,5,3.38,0,0,TRUE
Male,Loyal Customer,57,Personal Travel,Eco Plus,1052,2,5,2,3,2,2,2,2,3,5,5,5,2,3.08,0,0,FALSE
Male,Loyal Customer,51,Personal Travel,Eco,2586,3,1,3,4,3,1,5,1,5,4,4,5,5,3.38,6,0,FALSE
Female,Loyal Customer,46,Business Travel,Business,1521,2,4,4,4,2,3,4,2,2,2,2,4,2,2.85,4,,FALSE
Male,Loyal Customer,38,Business Travel,Business,1764,2,2,2,2,4,5,4,4,4,3,4,5,3,3.38,11,4,TRUE
Female,Disloyal Customer,26,Business Travel,Business,1096,4,4,4,4,5,4,5,5,3,3,5,3,5,4.15,0,0,FALSE
Male,Disloyal Customer,61,Business Travel,Eco,308,2,2,2,2,5,2,4,5,3,2,2,4,5,3.08,10,8,FALSE
Male,Loyal Customer,50,Business Travel,Business,1521,2,2,2,2,5,5,4,4,4,4,4,4,4,3.54,74,81,TRUE
Female,Loyal Customer,69,Personal Travel,Business,391,2,4,2,2,2,3,5,4,4,2,2,3,4,3,0,0,FALSE
Male,Loyal Customer,30,Business Travel,Business,3493,1,1,1,1,2,2,2,2,5,3,4,4,2,2.31,0,0,TRUE
Male,Loyal Customer,63,Personal Travel,Eco,1642,2,5,2,2,2,2,2,2,3,4,4,3,2,2.69,125,119,FALSE
Male,Loyal Customer,17,Personal Travel,Eco,1033,2,4,2,3,1,2,1,1,5,5,4,3,1,2.62,0,9,FALSE
Male,Loyal Customer,56,Business Travel,Business,1892,1,1,1,1,5,5,4,4,4,5,4,4,3,3.23,0,0,TRUE
Male,Loyal Customer,39,Personal Travel,Business,666,2,1,2,2,4,2,3,3,3,2,3,4,2,2.54,0,0,FALSE
Female,Loyal Customer,46,Business Travel,Business,2704,5,3,5,5,2,2,2,3,4,4,1,2,2,3.08,3,0,TRUE
Male,Loyal Customer,25,Business Travel,Eco,679,0,4,0,5,1,0,1,1,3,1,2,1,1,1.54,10,2,TRUE
Male,Loyal Customer,34,Personal Travel,Eco,2565,3,4,3,4,4,3,4,4,3,2,4,3,4,3.46,16,102,FALSE
Male,Disloyal Customer,12,Business Travel,Eco,826,2,2,2,4,5,2,5,5,2,3,3,2,5,3.23,69,72,FALSE
Male,Disloyal Customer,27,Business Travel,Business,867,4,4,4,5,5,4,5,5,3,5,4,4,5,4.38,0,0,TRUE
Male,Loyal Customer,42,Business Travel,Business,1204,2,2,2,2,2,4,4,4,4,4,4,5,3,3.23,2,0,TRUE
Male,Loyal Customer,35,Business Travel,Business,489,3,4,4,4,3,2,2,3,3,3,3,3,3,3.08,0,1,FALSE
Female,Loyal Customer,38,Personal Travel,Eco Plus,153,1,2,1,1,3,1,3,3,1,2,2,2,3,1.92,14,6,FALSE
Male,Disloyal Customer,24,Business Travel,Eco,718,1,1,1,3,5,1,5,5,4,5,4,4,5,3.38,28,22,FALSE
Male,Loyal Customer,41,Business Travel,Eco,967,5,4,4,4,5,5,5,5,5,2,4,5,5,4.46,11,5,TRUE
Female,Loyal Customer,25,Personal Travel,Eco,1197,2,4,2,1,1,2,1,1,3,4,4,3,1,2.23,18,25,FALSE
Male,Loyal Customer,40,Business Travel,Business,1605,4,4,4,4,5,5,5,4,3,5,4,5,5,4.38,138,113,TRUE
Male,Disloyal Customer,45,Business Travel,Business,707,2,2,2,3,2,2,2,4,3,4,4,2,2,2.62,366,347,FALSE
Male,Disloyal Customer,26,Business Travel,Eco,955,3,3,3,4,1,3,1,1,3,4,3,4,1,2.62,0,0,FALSE
Female,Disloyal Customer,23,Business Travel,Eco,692,4,4,4,3,4,2,2,4,3,3,4,2,2,3.15,149,171,FALSE
Male,Loyal Customer,47,Personal Travel,Eco,874,2,0,2,3,4,2,4,4,3,4,5,5,4,3.23,0,0,FALSE
Male,Loyal Customer,68,Business Travel,Business,2585,2,2,2,2,2,3,2,2,2,2,2,1,2,2,6,30,FALSE
Male,Loyal Customer,31,Personal Travel,Eco,223,2,0,2,3,1,2,1,1,4,4,4,3,1,2.15,30,42,FALSE
Male,Disloyal Customer,23,Business Travel,Eco,244,2,1,2,3,4,2,4,4,2,5,3,4,4,3.08,0,4,FALSE
Female,Disloyal Customer,22,Business Travel,Eco,955,2,2,2,4,3,2,3,3,4,3,5,4,3,3.08,34,16,FALSE
Male,Loyal Customer,46,Personal Travel,Eco Plus,834,4,5,4,4,1,4,1,1,5,2,5,5,1,3.23,0,1,FALSE
Male,Loyal Customer,30,Business Travel,Business,1819,3,3,5,3,4,4,4,4,3,4,1,4,4,3.54,0,0,TRUE
Male,Loyal Customer,32,Business Travel,Business,3262,3,3,3,3,5,5,5,5,3,4,4,5,5,4.08,3,0,TRUE
Male,Loyal Customer,29,Business Travel,Business,2139,5,5,5,5,4,4,4,4,3,5,3,4,4,4.23,0,0,TRUE
Female,Loyal Customer,42,Business Travel,Business,429,1,1,5,1,4,4,5,5,5,5,5,4,3,3.69,18,13,TRUE
Female,Loyal Customer,18,Personal Travel,Eco,602,3,2,3,3,3,3,3,3,2,1,3,1,3,2.54,0,0,FALSE
Female,Loyal Customer,24,Business Travel,Business,522,3,2,5,2,3,3,3,3,3,2,3,4,3,3,11,52,FALSE
Female,Loyal Customer,46,Business Travel,Business,3057,2,2,5,2,3,5,5,5,5,5,5,4,3,3.92,7,3,TRUE
Female,Loyal Customer,46,Personal Travel,Eco,1107,1,4,1,3,3,4,4,4,4,1,4,3,3,3,0,0,FALSE
Female,Loyal Customer,38,Business Travel,Eco,433,2,3,3,3,2,3,2,2,1,4,5,3,2,2.69,0,0,TRUE
Male,Disloyal Customer,8,Business Travel,Eco,599,2,0,2,2,4,2,4,4,3,2,5,5,4,3,0,0,FALSE
Male,Loyal Customer,46,Personal Travel,Eco,867,3,5,3,3,2,3,2,2,2,5,2,2,2,2.77,0,0,FALSE
Male,Loyal Customer,62,Business Travel,Eco,258,2,5,5,5,2,2,2,2,4,1,3,2,2,2.85,0,0,FALSE
Female,Loyal Customer,49,Business Travel,Business,2704,2,2,2,2,3,4,1,4,4,4,4,5,4,3.15,108,90,TRUE
Female,Loyal Customer,23,Business Travel,Business,1533,4,4,3,4,5,5,5,5,1,4,1,5,5,3.92,2,13,TRUE
Male,Loyal Customer,38,Personal Travel,Eco,474,4,3,4,3,3,4,3,3,3,3,4,5,3,3.46,12,1,TRUE
Female,Loyal Customer,68,Business Travel,Business,3033,1,1,4,1,3,2,4,5,5,5,5,1,3,3.08,0,0,TRUE
Female,Disloyal Customer,10,Business Travel,Eco,669,2,1,1,3,1,1,1,1,1,1,4,4,1,1.69,0,7,FALSE
Female,Loyal Customer,41,Personal Travel,Eco,2139,1,4,1,1,3,1,3,3,3,3,3,5,3,2.62,0,9,FALSE
Male,Disloyal Customer,26,Business Travel,Business,2611,1,1,1,2,1,4,4,4,4,4,1,4,4,2.69,2,0,FALSE
Male,Loyal Customer,58,Business Travel,Business,1659,1,1,1,1,2,4,4,4,4,4,4,3,3,2.77,0,5,TRUE
Male,Loyal Customer,13,Personal Travel,Eco,1189,4,2,4,3,4,4,4,4,1,1,3,3,4,3.15,0,0,TRUE
Female,Loyal Customer,42,Business Travel,Business,3848,2,2,2,2,5,4,4,4,4,5,4,5,1,3.38,0,0,TRUE
Female,Loyal Customer,41,Business Travel,Business,383,5,5,5,5,5,2,4,4,4,4,4,4,3,4.15,20,16,TRUE
Male,Loyal Customer,18,Personal Travel,Eco,1012,3,5,3,3,5,3,5,5,1,2,1,4,5,3.46,0,1,FALSE
Female,Disloyal Customer,37,Business Travel,Business,446,2,2,2,2,1,2,1,1,3,5,5,5,1,2.46,3,0,FALSE
Female,Disloyal Customer,36,Business Travel,Eco,372,3,1,4,4,3,4,2,3,1,2,3,4,3,2.85,0,0,FALSE
Male,Loyal Customer,47,Personal Travel,Eco,1027,2,5,2,4,1,2,1,1,2,2,3,2,1,2.15,0,0,FALSE
Male,Loyal Customer,60,Business Travel,Business,3349,2,2,2,2,3,4,4,4,4,4,4,5,4,3.38,0,0,TRUE
Female,Loyal Customer,23,Business Travel,Business,3553,1,1,1,1,4,4,4,4,5,4,4,4,4,3.15,9,6,TRUE
Female,Disloyal Customer,30,Business Travel,Business,978,0,0,0,1,4,0,4,4,5,4,4,5,4,2.69,18,6,TRUE
Female,Loyal Customer,32,Personal Travel,Eco Plus,451,2,5,2,4,4,2,4,4,3,4,3,2,4,3.31,39,37,FALSE
Female,Loyal Customer,52,Business Travel,Eco,206,4,5,5,5,3,4,3,4,4,4,4,2,5,4,0,0,TRUE
Female,Loyal Customer,69,Personal Travel,Eco Plus,549,2,5,3,2,4,4,4,5,5,3,5,3,3,3.69,0,0,FALSE
Male,Loyal Customer,8,Personal Travel,Eco,606,3,4,3,3,1,3,1,1,3,4,4,5,1,2.77,0,0,FALSE
Male,Loyal Customer,57,Business Travel,Business,2670,5,5,5,5,4,4,4,5,3,4,4,4,4,4.31,135,123,TRUE
Female,Loyal Customer,39,Personal Travel,Eco,972,2,4,2,5,3,2,3,3,5,5,4,5,3,3.54,0,0,FALSE
Female,Loyal Customer,36,Personal Travel,Eco,2586,1,4,1,1,1,4,4,4,3,4,4,4,4,3,22,21,FALSE
Female,Loyal Customer,13,Personal Travel,Eco,143,3,4,3,1,4,3,4,4,3,4,2,2,4,3.15,0,0,FALSE
Female,Loyal Customer,54,Business Travel,Business,2974,3,3,3,3,5,4,4,5,5,5,5,5,3,4.08,0,0,TRUE
Female,Loyal Customer,46,Business Travel,Business,973,4,5,3,5,2,3,4,4,4,3,4,1,2,3.38,23,27,FALSE
Female,Loyal Customer,13,Business Travel,Business,3607,3,1,3,3,3,3,3,3,4,1,3,1,3,2.62,0,0,FALSE
Male,Loyal Customer,22,Personal Travel,Eco,545,1,5,4,2,3,4,3,3,2,3,5,2,3,3.08,60,56,FALSE
Male,Loyal Customer,68,Personal Travel,Eco,495,2,5,2,1,1,2,1,1,5,5,5,5,1,2.77,30,27,FALSE
Male,Loyal Customer,60,Business Travel,Business,3207,4,4,4,4,5,4,4,5,5,5,4,4,4,4.31,1,12,TRUE
Female,Loyal Customer,30,Business Travel,Business,2360,3,3,3,3,5,5,5,5,5,5,5,2,5,4.15,0,0,TRUE
Male,Loyal Customer,18,Personal Travel,Eco,1379,4,2,5,3,4,5,5,4,4,1,4,4,4,3.77,0,0,FALSE
Female,Loyal Customer,25,Personal Travel,Eco,594,1,4,1,4,5,1,4,5,2,3,4,2,5,3.15,65,49,FALSE
Female,Disloyal Customer,43,Business Travel,Eco,237,3,4,3,4,3,4,1,3,5,4,4,1,1,3.08,134,122,FALSE
Female,Disloyal Customer,20,Business Travel,Eco,558,1,2,2,4,3,2,3,3,3,1,4,2,3,2.54,0,0,FALSE
Male,Loyal Customer,59,Business Travel,Business,3065,4,4,3,4,3,4,4,2,2,2,2,5,4,3.31,0,0,TRUE
Male,Disloyal Customer,25,Business Travel,Eco,571,2,0,2,2,2,2,2,2,1,2,5,5,2,2.23,0,0,FALSE
Male,Disloyal Customer,25,Business Travel,Eco,1055,3,4,4,1,1,4,4,1,3,5,5,3,1,3,11,0,FALSE
Male,Loyal Customer,23,Business Travel,Business,584,3,3,3,3,4,4,4,4,4,3,3,2,4,3.38,21,8,TRUE
Female,Loyal Customer,54,Business Travel,Eco,842,4,3,3,3,4,1,3,4,4,4,4,1,2,3.08,0,7,TRUE
Female,Loyal Customer,12,Personal Travel,Eco,170,3,4,3,3,4,3,4,4,3,3,5,4,4,3.62,90,86,FALSE
Female,Disloyal Customer,21,Business Travel,Eco,408,4,0,4,1,1,4,1,1,5,2,4,5,1,2.54,10,24,TRUE
Male,Loyal Customer,62,Business Travel,Business,3645,1,5,5,5,1,4,4,1,1,2,1,4,4,2.92,0,0,FALSE
Male,Loyal Customer,60,Business Travel,Business,2708,5,5,5,5,5,5,5,4,4,4,4,4,5,4.62,47,54,TRUE
Female,Disloyal Customer,39,Business Travel,Eco,116,1,0,2,4,1,2,1,1,1,1,3,1,1,1.46,0,0,FALSE
Male,Loyal Customer,39,Business Travel,Business,2863,3,3,5,5,5,4,3,3,3,3,3,2,2,3.38,0,34,FALSE
Male,Loyal Customer,42,Personal Travel,Eco Plus,594,4,5,4,1,2,4,2,2,3,1,3,5,2,2.92,0,0,FALSE
Male,Loyal Customer,13,Personal Travel,Eco,852,3,3,3,3,4,3,4,4,4,1,3,1,4,3.08,40,38,FALSE
Female,Loyal Customer,38,Business Travel,Business,2106,5,5,5,5,5,1,3,4,4,4,4,4,1,3.85,0,12,TRUE
Male,Loyal Customer,55,Business Travel,Business,2672,2,2,2,2,5,5,4,5,5,5,5,4,4,3.85,3,0,TRUE
Male,Loyal Customer,48,Business Travel,Business,1664,2,2,2,2,2,5,4,4,4,4,4,3,5,3.31,2,0,TRUE
Male,Loyal Customer,12,Personal Travel,Eco,563,2,4,2,3,2,2,2,2,4,3,5,5,2,2.92,0,7,FALSE
Male,Disloyal Customer,46,Business Travel,Business,857,4,4,4,3,3,4,2,3,3,3,4,4,3,3.38,0,3,TRUE
Female,Loyal Customer,57,Business Travel,Business,2358,3,4,4,4,4,3,2,2,2,2,3,1,4,2.92,2,4,FALSE
Male,Loyal Customer,57,Business Travel,Business,2228,1,1,1,1,4,5,5,5,5,5,5,5,4,3.62,1,10,TRUE
Male,Loyal Customer,54,Personal Travel,Eco,552,3,0,3,5,3,3,1,3,5,3,4,4,3,3.08,0,0,FALSE
Female,Loyal Customer,52,Business Travel,Business,2176,4,4,4,4,4,5,5,5,5,5,5,4,5,4.54,54,35,TRUE
Female,Loyal Customer,42,Business Travel,Business,1567,3,3,3,3,5,5,5,3,3,4,4,5,5,3.92,211,200,TRUE
Female,Loyal Customer,43,Business Travel,Business,1698,2,2,2,2,3,4,5,4,4,4,4,4,5,3.46,0,0,TRUE
Female,Loyal Customer,11,Personal Travel,Eco,272,4,0,4,3,4,4,4,4,4,5,5,4,4,3.77,4,0,TRUE
Male,Loyal Customer,48,Business Travel,Business,3485,2,1,1,1,4,3,3,2,2,2,2,1,4,2.15,12,8,FALSE
Female,Loyal Customer,50,Business Travel,Business,1910,2,2,2,2,2,5,5,5,5,5,5,5,4,3.77,25,9,TRUE
Female,Disloyal Customer,24,Business Travel,Eco,236,2,5,3,2,3,3,3,3,4,5,5,5,3,3.54,0,0,FALSE
Female,Loyal Customer,45,Business Travel,Eco,605,2,3,3,3,1,3,3,2,2,2,2,2,4,2.46,0,0,FALSE
Male,Loyal Customer,31,Business Travel,Business,1956,4,4,4,4,4,4,4,4,5,2,5,5,4,4.08,0,5,TRUE
Female,Loyal Customer,36,Business Travel,Eco,777,1,1,1,1,1,1,1,3,1,1,1,1,1,1.15,1,14,FALSE
Female,Loyal Customer,23,Business Travel,Business,359,2,2,2,2,4,4,4,4,3,5,4,3,4,3.31,0,0,TRUE
Male,Loyal Customer,36,Business Travel,Eco Plus,187,4,2,2,2,4,4,4,4,3,2,3,3,4,3.15,0,0,FALSE
Female,Loyal Customer,40,Personal Travel,Eco,369,3,1,3,2,3,3,3,3,2,3,3,1,3,2.54,0,0,FALSE
Female,Loyal Customer,28,Business Travel,Business,599,4,4,4,4,3,4,3,3,4,5,4,4,3,3.77,0,0,TRUE
Male,Loyal Customer,46,Business Travel,Business,2460,5,5,5,5,4,5,4,5,5,5,5,3,3,4.54,0,0,TRUE
Female,Loyal Customer,21,Business Travel,Business,1939,4,4,4,4,5,5,5,5,3,4,4,4,5,4.31,0,0,TRUE
Male,Loyal Customer,66,Personal Travel,Eco Plus,192,3,5,3,2,2,3,2,2,5,4,5,5,2,3.31,25,26,FALSE
Female,Loyal Customer,50,Business Travel,Eco,737,4,5,5,5,5,3,4,4,4,4,4,4,1,4,0,0,FALSE
Male,Loyal Customer,40,Business Travel,Eco,387,5,4,2,2,5,5,5,5,5,3,5,5,5,4.31,0,0,TRUE
Male,Loyal Customer,32,Business Travel,Eco,1075,3,1,1,1,3,3,3,3,1,4,3,4,3,2.54,0,0,FALSE
Male,Loyal Customer,41,Business Travel,Business,1620,2,2,2,2,4,3,5,5,5,5,5,4,4,3.69,0,0,TRUE
Female,Loyal Customer,34,Personal Travel,Eco,1927,1,4,1,3,5,1,5,5,3,2,5,4,5,3.38,0,0,FALSE
Male,Loyal Customer,42,Business Travel,Business,1683,3,3,3,3,5,4,4,3,3,3,3,3,3,3.31,0,2,FALSE
Male,Loyal Customer,10,Personal Travel,Eco,606,1,4,1,3,5,1,1,5,4,2,4,3,5,3,33,28,FALSE
Male,Loyal Customer,59,Personal Travel,Eco,157,1,1,1,4,3,1,3,3,2,2,3,1,3,2.15,0,7,FALSE
Male,Loyal Customer,45,Personal Travel,Eco,937,4,4,5,1,5,5,5,5,2,5,4,3,5,4.08,11,5,FALSE
Male,Loyal Customer,29,Business Travel,Eco,541,2,3,3,3,2,2,2,2,4,3,4,1,2,2.54,77,63,FALSE
Male,Loyal Customer,45,Business Travel,Business,2402,2,2,1,2,4,5,4,4,4,4,4,4,3,3.31,0,1,TRUE
Male,Loyal Customer,45,Business Travel,Business,1940,1,1,2,1,2,4,5,5,5,5,5,4,4,3.38,0,13,TRUE
Male,Loyal Customer,32,Personal Travel,Eco,423,2,4,2,4,2,2,2,2,4,5,2,5,2,2.92,26,39,FALSE
Female,Loyal Customer,21,Business Travel,Business,2579,2,2,2,2,4,4,4,4,3,4,4,4,4,3.31,52,52,TRUE
Female,Disloyal Customer,44,Business Travel,Eco,345,3,3,3,4,2,3,2,2,2,4,3,2,2,2.69,73,82,FALSE
Male,Loyal Customer,58,Business Travel,Business,1983,5,5,5,5,5,4,5,5,5,5,5,5,3,4.77,0,0,TRUE
Female,Loyal Customer,42,Business Travel,Eco,266,4,3,3,3,2,1,4,4,4,4,4,3,3,3.23,5,4,TRUE
Female,Loyal Customer,27,Business Travel,Eco,861,3,3,3,3,3,3,3,2,1,3,4,3,3,2.85,190,204,FALSE
Female,Loyal Customer,59,Business Travel,Business,1620,1,1,1,1,5,3,4,5,5,5,5,3,5,3.38,0,9,TRUE
Female,Loyal Customer,60,Personal Travel,Eco,912,3,5,3,4,2,4,5,1,1,3,1,4,3,3,0,3,FALSE
Male,Loyal Customer,7,Personal Travel,Business,259,2,5,2,4,1,2,1,1,2,3,3,5,1,2.46,76,73,FALSE
Female,Loyal Customer,26,Business Travel,Business,2417,3,1,3,3,4,4,4,4,3,4,5,1,4,3.31,0,,TRUE
Male,Loyal Customer,66,Business Travel,Eco,944,3,3,3,3,3,3,3,3,4,3,3,3,3,3.08,2,6,FALSE
Male,Loyal Customer,29,Business Travel,Business,627,4,4,4,4,5,4,5,5,5,5,4,3,5,4.38,55,84,TRUE
Male,Loyal Customer,40,Business Travel,Business,577,5,5,1,5,5,5,1,4,4,5,4,5,3,4,2,0,TRUE
Female,Loyal Customer,26,Personal Travel,Eco,1121,3,4,3,2,2,3,2,2,3,2,4,5,2,2.85,45,30,FALSE
Male,Loyal Customer,9,Personal Travel,Eco,354,4,5,4,3,1,4,1,1,4,5,5,3,1,3.15,0,0,TRUE
Female,Loyal Customer,59,Business Travel,Business,2349,1,1,1,1,5,4,4,4,4,4,4,3,4,3.08,0,0,TRUE
Male,Loyal Customer,48,Business Travel,Business,2060,5,5,5,5,4,5,4,5,5,5,5,5,4,4.77,0,0,TRUE
Male,Loyal Customer,38,Business Travel,Business,3301,4,4,4,4,5,5,4,4,4,4,4,5,3,4.15,0,0,TRUE
Male,Disloyal Customer,34,Business Travel,Eco,192,3,0,3,2,1,3,1,1,1,4,5,1,1,2,64,49,FALSE
Male,Disloyal Customer,35,Business Travel,Eco,337,1,4,1,4,3,1,3,3,4,4,3,1,3,2.69,0,3,FALSE
Female,Loyal Customer,45,Personal Travel,Eco Plus,543,4,1,2,3,5,3,4,2,2,2,2,2,2,2.62,3,0,FALSE
Female,Loyal Customer,34,Business Travel,Business,2780,2,2,5,2,5,4,4,4,4,4,4,3,5,3.69,0,0,TRUE
Female,Loyal Customer,52,Business Travel,Eco,563,5,4,2,4,5,2,4,4,4,5,4,4,1,3.69,0,0,TRUE
Male,Loyal Customer,50,Personal Travel,Eco,251,1,5,0,4,5,0,5,5,5,2,2,3,5,3.23,0,0,FALSE
Male,Loyal Customer,56,Business Travel,Eco,237,2,5,5,5,2,2,2,2,5,3,4,2,2,3.15,0,0,TRUE
Female,Loyal Customer,49,Business Travel,Eco,594,1,4,4,4,3,4,3,1,1,1,1,2,4,2.54,7,11,FALSE
Female,Loyal Customer,45,Business Travel,Business,2119,2,2,5,2,3,4,5,4,4,4,3,1,4,3.31,108,96,TRUE
Female,Loyal Customer,26,Personal Travel,Eco,481,1,4,1,4,1,1,1,1,1,1,4,4,1,1.92,0,8,FALSE
Female,Loyal Customer,46,Business Travel,Business,1620,5,5,3,5,3,4,5,4,4,5,4,5,5,4.38,96,84,TRUE
Male,Disloyal Customer,45,Business Travel,Eco,436,1,3,1,3,3,1,5,3,5,4,3,3,3,2.92,0,0,FALSE
Male,Loyal Customer,10,Personal Travel,Eco,895,2,5,2,3,2,2,2,2,5,4,3,2,2,2.77,26,14,FALSE
Male,Loyal Customer,49,Business Travel,Business,1390,2,2,2,2,4,4,4,4,5,5,4,4,4,3.54,184,188,TRUE
Female,Loyal Customer,49,Business Travel,Business,2290,0,5,0,1,4,1,5,2,2,2,2,2,2,2.15,20,21,TRUE
Male,Loyal Customer,56,Business Travel,Eco,507,4,5,5,5,4,4,4,4,3,4,3,2,4,3.92,0,0,TRUE
Male,Loyal Customer,44,Business Travel,Business,395,3,3,5,3,2,4,5,5,5,5,5,4,4,4.08,0,0,TRUE
Male,Loyal Customer,30,Personal Travel,Eco,1123,1,5,1,1,3,1,3,3,3,2,3,5,3,2.62,0,0,FALSE
Female,Disloyal Customer,25,Business Travel,Eco,1250,2,2,2,2,5,2,5,5,5,1,4,2,5,3.23,0,6,FALSE
Female,Loyal Customer,42,Personal Travel,Eco,604,3,4,3,5,3,5,4,3,3,3,3,2,3,3.38,27,34,FALSE
Female,Disloyal Customer,24,Business Travel,Business,850,5,3,5,4,3,5,3,3,4,3,5,4,3,3.85,1,0,TRUE
Female,Disloyal Customer,18,Business Travel,Eco,480,2,0,2,1,3,2,3,3,2,4,5,3,3,2.54,0,0,FALSE
Male,Disloyal Customer,24,Business Travel,Eco,453,3,5,3,2,4,3,4,4,3,3,5,3,4,3.54,17,32,FALSE
Male,Loyal Customer,48,Business Travel,Eco Plus,270,5,3,3,3,5,5,5,5,2,5,5,3,5,4.15,0,0,TRUE
Female,Disloyal Customer,59,Business Travel,Eco,432,2,0,2,3,3,2,3,3,1,3,5,2,3,2.46,4,0,FALSE
Female,Loyal Customer,22,Business Travel,Business,502,3,3,3,3,3,3,3,3,3,2,3,3,3,2.92,29,14,FALSE
Female,Loyal Customer,58,Personal Travel,Business,446,1,5,1,3,4,5,4,1,1,1,4,3,4,2.85,4,2,FALSE
Female,Loyal Customer,40,Business Travel,Eco,534,4,2,2,2,4,4,4,4,1,2,4,3,4,3.08,0,6,TRUE
Male,Loyal Customer,31,Business Travel,Business,1979,4,1,1,1,4,4,4,4,1,5,2,2,4,2.85,0,0,FALSE
Male,Loyal Customer,36,Business Travel,Eco,101,4,3,4,3,4,4,4,4,3,1,5,5,4,3.69,0,1,TRUE
Female,Loyal Customer,55,Personal Travel,Eco,849,1,5,0,4,2,4,4,1,1,0,1,4,3,2.31,29,37,FALSE
Male,Loyal Customer,16,Personal Travel,Eco,106,2,1,2,3,3,2,3,3,3,3,3,4,3,2.69,0,0,FALSE
Male,Loyal Customer,38,Business Travel,Business,2494,5,5,5,5,5,4,4,5,5,5,5,5,5,4.85,8,17,TRUE
Male,Loyal Customer,14,Personal Travel,Business,700,3,5,3,5,3,3,3,3,1,5,1,1,3,3,0,14,FALSE
Female,Loyal Customer,24,Business Travel,Business,3235,3,3,4,3,5,5,5,5,4,1,3,2,5,3.69,0,0,TRUE
Female,Loyal Customer,65,Personal Travel,Eco,368,1,4,1,4,1,1,1,4,4,1,4,3,2,2.38,21,20,FALSE
Male,Loyal Customer,26,Personal Travel,Eco,1222,4,2,4,3,4,4,4,4,4,2,4,2,4,3.46,1,0,FALSE
Female,Loyal Customer,50,Business Travel,Business,1586,3,3,3,3,2,5,4,2,2,2,2,3,3,2.85,6,0,TRUE
Female,Loyal Customer,13,Business Travel,Business,3878,2,2,2,2,5,5,5,5,5,2,1,4,5,3.46,115,128,TRUE
Female,Loyal Customer,30,Business Travel,Business,1793,3,1,1,1,3,3,3,3,2,5,4,1,3,2.54,7,21,FALSE
Male,Disloyal Customer,36,Business Travel,Business,862,2,2,2,1,2,2,2,2,3,4,4,5,2,2.54,19,9,FALSE
Female,Loyal Customer,55,Personal Travel,Eco,735,3,2,2,1,1,1,2,1,1,2,1,4,4,1.92,19,17,FALSE
Male,Loyal Customer,56,Business Travel,Business,1670,3,3,3,3,3,3,3,3,3,4,3,3,3,3.08,137,162,FALSE
Male,Loyal Customer,39,Business Travel,Business,3322,3,4,4,4,1,4,3,3,3,3,3,4,2,3.15,40,40,FALSE
Female,Loyal Customer,44,Business Travel,Business,1258,4,4,4,4,4,4,5,3,3,3,3,3,3,3.62,0,0,TRUE
Female,Disloyal Customer,34,Business Travel,Business,516,4,4,4,4,3,4,5,3,5,2,5,5,3,3.92,0,0,FALSE
Female,Loyal Customer,39,Business Travel,Business,1509,3,3,3,3,3,4,4,5,5,5,5,3,3,3.77,0,0,TRUE
Female,Loyal Customer,26,Business Travel,Business,937,3,3,3,3,3,3,3,3,5,5,4,5,3,3.54,0,0,TRUE
Male,Loyal Customer,45,Business Travel,Business,449,2,2,2,2,5,5,4,5,5,5,5,3,5,3.85,0,0,TRUE
Female,Disloyal Customer,37,Business Travel,Business,270,2,2,2,4,5,2,5,5,3,1,4,3,5,3.31,0,0,FALSE
Female,Loyal Customer,46,Personal Travel,Eco,2174,1,4,1,5,2,4,5,5,5,1,5,3,4,3.46,0,0,FALSE
Female,Loyal Customer,47,Business Travel,Eco,1158,2,3,3,3,2,3,3,3,3,2,3,2,2,2.62,0,0,FALSE
Female,Disloyal Customer,27,Business Travel,Business,854,2,2,2,5,4,2,1,4,3,2,4,5,4,3.08,12,21,FALSE
Male,Loyal Customer,38,Personal Travel,Eco,391,4,5,4,3,5,4,5,5,4,2,5,5,5,4.31,0,0,FALSE
Female,Loyal Customer,39,Business Travel,Business,3146,3,4,3,3,3,5,5,4,4,4,4,5,5,4,0,0,TRUE
Male,Loyal Customer,23,Business Travel,Business,1471,2,2,2,2,2,2,2,2,4,3,3,2,2,2.31,0,0,FALSE
Male,Loyal Customer,57,Business Travel,Business,83,3,4,4,4,2,3,3,3,3,3,3,4,1,3.08,5,4,FALSE
Male,Disloyal Customer,49,Business Travel,Business,1092,2,2,2,3,3,2,3,3,3,1,3,4,3,2.62,0,0,FALSE
Female,Loyal Customer,14,Personal Travel,Eco,980,3,4,3,5,1,3,1,1,3,4,4,4,1,2.85,0,0,FALSE
Female,Disloyal Customer,35,Business Travel,Business,883,3,3,3,1,3,3,3,3,5,2,5,5,3,3.23,0,3,FALSE
Male,Disloyal Customer,37,Business Travel,Business,436,4,4,4,3,3,4,1,3,4,2,4,3,3,3.23,0,0,TRUE
Female,Loyal Customer,31,Personal Travel,Business,1199,1,5,2,1,4,2,4,4,5,5,3,1,4,3.15,0,0,FALSE
Female,Disloyal Customer,23,Business Travel,Eco,229,1,4,0,1,2,0,5,2,4,4,4,3,2,2.46,0,0,FALSE
Female,Loyal Customer,53,Business Travel,Business,1541,2,2,2,2,2,5,5,4,4,5,4,3,4,3.38,8,5,TRUE
Male,Loyal Customer,19,Personal Travel,Eco,808,2,3,2,5,2,2,2,2,2,4,3,4,2,2.69,0,0,FALSE
Female,Loyal Customer,31,Personal Travel,Eco,224,4,2,4,4,5,4,5,5,2,2,3,2,5,3.62,4,1,FALSE
Female,Loyal Customer,53,Business Travel,Business,3250,5,5,5,5,2,5,5,5,5,5,5,4,5,4.69,0,0,TRUE
Female,Loyal Customer,55,Business Travel,Business,3537,3,5,5,5,2,3,3,3,3,3,3,1,1,3.08,0,0,FALSE
Female,Loyal Customer,51,Personal Travel,Eco,563,3,5,4,4,1,4,2,2,2,4,2,3,2,2.92,0,0,FALSE
Female,Loyal Customer,36,Business Travel,Business,258,4,4,4,4,4,2,2,4,4,4,4,3,2,3.46,1,0,FALSE
Male,Loyal Customer,41,Business Travel,Business,2669,4,4,4,4,3,5,4,5,5,5,5,3,5,4.31,7,0,TRUE
Female,Loyal Customer,56,Business Travel,Business,2956,2,2,2,2,4,4,5,5,5,5,5,5,4,3.85,0,0,TRUE
Male,Loyal Customer,36,Business Travel,Business,817,4,4,4,4,2,1,5,4,4,4,4,2,2,3.38,0,0,TRUE
Female,Loyal Customer,11,Personal Travel,Eco,1020,3,4,3,3,1,3,1,1,3,4,1,2,1,2.31,13,1,FALSE
Male,Loyal Customer,40,Business Travel,Business,312,2,2,4,2,5,4,5,5,5,5,5,3,4,3.92,0,0,TRUE
Female,Loyal Customer,39,Business Travel,Business,125,4,4,4,4,4,5,4,4,4,4,4,3,4,4,0,0,TRUE
Male,Loyal Customer,27,Business Travel,Business,1005,1,5,1,1,5,4,5,5,3,4,4,3,5,3.54,0,0,TRUE
Female,Loyal Customer,25,Business Travel,Eco,453,3,1,2,2,3,3,3,3,1,1,3,1,3,2.23,0,0,FALSE
Male,Loyal Customer,16,Personal Travel,Eco,584,1,5,1,3,1,1,1,1,4,3,5,4,1,2.38,4,0,FALSE
Male,Loyal Customer,50,Personal Travel,Eco,187,5,3,5,4,3,5,3,3,2,1,3,4,3,3.38,0,0,TRUE
Male,Loyal Customer,44,Personal Travel,Eco,288,3,5,3,2,1,3,1,1,4,4,5,5,1,2.92,0,0,FALSE
Female,Disloyal Customer,36,Business Travel,Business,67,2,2,2,3,1,2,1,1,4,5,5,4,1,2.54,3,0,FALSE
Female,Loyal Customer,42,Business Travel,Business,2996,3,3,3,3,2,4,4,4,4,4,4,4,5,3.62,6,14,TRUE
Female,Loyal Customer,28,Business Travel,Business,2955,5,5,2,5,5,5,5,5,5,2,4,4,5,4.38,0,0,TRUE
Male,Disloyal Customer,26,Business Travel,Business,1091,2,2,2,3,4,2,4,4,5,5,3,2,4,3.23,0,0,FALSE
Male,Disloyal Customer,22,Business Travel,Eco,448,4,2,4,2,3,4,1,3,5,2,1,1,3,2.69,35,27,TRUE
Female,Disloyal Customer,22,Business Travel,Business,515,3,4,3,4,1,3,1,1,3,3,3,3,1,2.54,0,4,FALSE
Male,Loyal Customer,41,Personal Travel,Eco,862,2,4,2,4,4,2,4,4,3,5,4,4,4,3.54,0,3,FALSE
Female,Loyal Customer,12,Personal Travel,Eco,368,2,2,2,3,4,2,5,4,3,1,3,3,4,2.92,0,0,FALSE
Male,Loyal Customer,23,Business Travel,Business,1558,3,2,1,2,3,3,3,3,1,5,3,1,3,2.54,82,70,FALSE
Female,Loyal Customer,43,Business Travel,Eco,1135,5,1,1,1,4,3,1,5,5,5,5,4,5,3.46,0,1,TRUE
Male,Loyal Customer,60,Business Travel,Business,2761,3,3,3,3,5,5,4,3,3,4,3,3,4,3.54,44,41,TRUE
Female,Loyal Customer,34,Business Travel,Business,351,4,4,4,4,1,4,3,4,4,4,4,2,2,3.38,0,15,TRUE
Female,Disloyal Customer,54,Business Travel,Eco,229,2,0,2,4,2,1,1,1,5,4,4,1,1,2.15,131,140,FALSE
Male,Loyal Customer,37,Business Travel,Business,2844,5,5,5,5,4,5,5,4,4,4,4,4,5,4.54,0,0,TRUE
Male,Loyal Customer,36,Business Travel,Eco,432,1,1,2,1,1,2,1,1,2,2,4,4,1,1.77,2,6,FALSE
Male,Loyal Customer,59,Business Travel,Eco,224,2,2,2,2,2,2,2,2,2,5,4,4,2,2.54,116,128,FALSE
Female,Loyal Customer,57,Business Travel,Eco,601,3,2,2,2,4,4,4,2,2,3,2,2,3,2.69,0,0,FALSE
Male,Loyal Customer,48,Business Travel,Business,2332,1,1,1,1,4,4,4,5,5,5,5,4,4,3.38,0,0,TRUE
Female,Loyal Customer,57,Personal Travel,Eco,287,3,4,3,3,5,4,4,2,2,3,2,1,4,3.08,17,8,FALSE
Female,Loyal Customer,52,Business Travel,Eco,163,3,2,2,2,3,4,4,3,3,3,3,1,4,2.85,0,0,FALSE
Female,Loyal Customer,70,Personal Travel,Eco,334,5,4,5,3,4,4,3,2,2,5,2,4,1,3.38,0,0,TRUE
Male,Loyal Customer,9,Personal Travel,Eco,1083,3,3,3,1,2,3,2,2,1,4,3,1,2,2.31,54,42,FALSE
Male,Loyal Customer,14,Personal Travel,Eco,96,5,1,0,4,1,0,1,1,2,2,4,1,1,1.77,0,0,TRUE
Male,Loyal Customer,72,Business Travel,Eco,251,1,2,2,2,1,1,1,1,4,3,4,1,1,1.85,2,0,FALSE
Male,Loyal Customer,60,Personal Travel,Eco,1011,1,4,1,3,3,1,3,3,2,4,3,2,3,2.54,1,0,FALSE
Female,Loyal Customer,27,Business Travel,Business,2296,2,5,5,5,2,2,2,2,4,4,4,2,2,3.15,0,0,FALSE
Male,Loyal Customer,60,Business Travel,Business,3904,5,5,5,5,3,4,5,2,2,2,2,3,5,3.69,0,0,TRUE
Male,Loyal Customer,35,Business Travel,Eco,1249,5,1,1,1,5,5,5,5,1,3,1,1,5,3,21,11,TRUE
Female,Loyal Customer,35,Business Travel,Business,3416,1,3,3,3,3,3,3,1,1,1,1,3,1,2.08,0,12,FALSE
Male,Loyal Customer,46,Business Travel,Business,312,3,3,3,3,3,4,5,4,4,4,4,3,3,3.54,32,29,TRUE
Male,Loyal Customer,17,Business Travel,Business,1794,4,2,2,2,2,2,4,2,3,2,3,4,2,2.62,0,0,FALSE
Female,Loyal Customer,59,Business Travel,Business,1440,2,2,2,2,2,2,2,4,3,1,1,2,2,2.08,132,140,FALSE
Male,Disloyal Customer,28,Business Travel,Business,692,4,3,3,2,4,3,3,4,5,4,5,3,4,3.62,3,0,TRUE
Male,Disloyal Customer,66,Business Travel,Business,507,1,1,1,5,3,1,3,3,4,5,5,5,3,3.08,0,0,FALSE
Female,Disloyal Customer,62,Business Travel,Eco,450,2,3,2,2,3,2,3,3,4,3,1,3,3,2.62,0,0,FALSE
Male,Loyal Customer,58,Business Travel,Business,2116,2,2,2,2,3,4,4,4,4,4,5,3,4,3.31,97,73,TRUE
Female,Disloyal Customer,14,Business Travel,Eco,641,3,4,3,3,1,3,1,1,2,3,3,4,1,2.46,0,0,FALSE
Female,Loyal Customer,14,Personal Travel,Eco,1180,1,4,1,3,1,1,1,1,4,4,5,3,1,2.31,0,5,FALSE
Female,Loyal Customer,58,Business Travel,Business,1744,1,1,1,1,4,3,4,5,5,5,5,3,4,3.23,0,4,TRUE
Male,Loyal Customer,25,Business Travel,Eco,567,4,4,4,4,4,4,4,4,5,1,2,4,4,3.69,2,2,TRUE
Female,Loyal Customer,17,Personal Travel,Eco,383,4,5,4,3,1,4,4,1,5,2,4,3,1,3.15,0,32,TRUE
Female,Loyal Customer,70,Business Travel,Eco,86,1,1,1,1,4,3,2,1,1,1,1,1,1,1.46,0,0,FALSE
Female,Loyal Customer,52,Business Travel,Business,3746,1,1,1,1,4,5,5,4,4,4,4,4,5,3.31,13,31,TRUE
Male,Loyal Customer,22,Business Travel,Business,1739,4,4,4,4,4,4,4,4,3,4,4,4,4,3.92,0,0,TRUE
Male,Loyal Customer,64,Personal Travel,Eco,1028,4,4,4,3,2,4,1,2,4,4,4,4,2,3.23,0,0,FALSE
Male,Disloyal Customer,25,Business Travel,Business,624,2,4,2,1,5,2,5,5,4,2,5,3,5,3.46,12,18,FALSE
Male,Loyal Customer,50,Business Travel,Business,3166,4,4,4,4,4,4,4,5,5,5,5,3,5,4.31,0,0,TRUE
Female,Loyal Customer,27,Business Travel,Business,1550,1,5,5,5,1,1,1,1,3,1,3,4,1,2.46,8,7,FALSE
Male,Loyal Customer,46,Business Travel,Business,1639,3,4,3,3,2,4,4,2,2,2,2,4,1,2.77,0,0,TRUE
Male,Loyal Customer,26,Personal Travel,Eco,1814,3,5,3,2,4,3,4,4,3,4,5,5,4,3.77,0,0,FALSE
Male,Loyal Customer,36,Personal Travel,Eco,669,2,4,2,4,1,2,1,1,4,3,4,5,1,2.62,22,32,FALSE
Male,Loyal Customer,40,Business Travel,Business,447,3,3,4,3,2,4,5,4,4,4,4,5,3,3.69,1,0,TRUE
Female,Loyal Customer,52,Business Travel,Business,266,4,4,4,4,1,3,2,5,5,5,5,5,5,4,0,0,TRUE
Female,Loyal Customer,64,Business Travel,Business,3347,2,1,1,1,3,4,4,2,2,2,2,2,1,2.08,7,0,FALSE
Female,Loyal Customer,68,Personal Travel,Eco,383,3,4,3,2,4,5,5,2,2,3,2,5,5,3.46,0,0,FALSE
Female,Loyal Customer,27,Business Travel,Business,3207,1,4,4,4,1,2,1,1,4,4,4,1,1,2.46,0,0,FALSE
Female,Loyal Customer,50,Business Travel,Business,2534,2,2,2,2,2,4,5,4,4,4,4,3,3,3.15,25,26,TRUE
Female,Loyal Customer,53,Business Travel,Business,1512,2,2,2,2,3,4,5,4,4,4,4,3,4,3.31,0,1,TRUE
Female,Disloyal Customer,24,Business Travel,Business,1609,0,0,0,2,2,0,2,2,5,5,5,5,2,2.31,23,0,TRUE
Male,Loyal Customer,66,Personal Travel,Eco,562,2,5,2,4,5,2,5,5,3,5,2,5,5,3.85,88,84,FALSE
Female,Loyal Customer,80,Business Travel,Eco Plus,427,1,3,3,3,3,2,2,1,1,1,1,2,2,1.92,4,0,FALSE
Male,Loyal Customer,44,Business Travel,Business,2153,1,1,1,1,4,4,5,5,5,5,5,3,5,3.46,0,0,TRUE
Male,Loyal Customer,37,Personal Travel,Eco Plus,395,1,4,1,4,4,1,4,4,3,4,4,4,4,3.23,0,6,FALSE
Male,Loyal Customer,47,Business Travel,Business,214,0,4,0,3,2,4,4,4,4,4,4,5,4,3.23,0,0,TRUE
Male,Loyal Customer,60,Business Travel,Business,2503,3,3,3,3,4,5,4,4,4,4,4,3,3,3.62,6,0,TRUE
Male,Loyal Customer,63,Business Travel,Eco,268,3,5,5,5,3,3,3,3,1,4,4,1,3,3.31,8,10,FALSE
Male,Loyal Customer,43,Business Travel,Business,1962,3,3,3,3,3,3,4,3,3,3,3,4,3,3.15,0,0,FALSE
Male,Loyal Customer,48,Personal Travel,Eco Plus,337,1,4,1,3,3,1,3,3,3,5,4,3,3,2.85,26,5,FALSE
Female,Loyal Customer,60,Personal Travel,Eco,1313,2,4,2,5,2,3,4,2,2,2,2,5,5,3.08,0,0,FALSE
Male,Disloyal Customer,21,Business Travel,Eco,305,2,1,3,4,4,3,4,4,4,2,4,1,4,3.08,0,0,FALSE
Female,Disloyal Customer,20,Business Travel,Business,368,5,0,5,4,4,5,4,4,3,2,4,3,4,3.62,22,23,TRUE
Male,Loyal Customer,54,Business Travel,Eco,116,2,3,3,3,3,2,3,3,3,4,3,1,3,2.77,0,0,FALSE
Male,Loyal Customer,55,Personal Travel,Eco,859,2,5,2,1,3,2,3,3,4,4,4,3,3,3,0,0,FALSE
Male,Loyal Customer,35,Personal Travel,Eco,566,2,4,2,2,3,2,5,3,3,5,4,4,3,3.23,0,0,FALSE
Male,Loyal Customer,21,Personal Travel,Eco,259,3,2,0,2,1,0,1,1,3,1,1,3,1,1.46,0,0,FALSE
Female,Loyal Customer,56,Personal Travel,Eco Plus,273,2,4,2,3,3,3,3,4,4,2,4,2,2,2.92,67,63,FALSE
Female,Loyal Customer,49,Business Travel,Eco,668,3,4,4,4,3,4,3,3,3,3,3,3,2,3.23,0,0,FALSE
Female,Disloyal Customer,25,Business Travel,Eco,991,1,0,0,2,2,0,2,2,3,5,1,2,2,1.69,0,0,FALSE
Male,Loyal Customer,51,Personal Travel,Eco,868,4,4,4,1,1,4,1,1,4,1,5,3,1,2.62,0,0,FALSE
Female,Loyal Customer,16,Personal Travel,Eco,164,2,5,2,5,5,2,4,5,4,3,5,5,5,4,17,16,FALSE
Male,Loyal Customer,63,Personal Travel,Eco,1171,1,5,1,4,4,1,4,4,4,4,4,4,4,3.38,0,0,FALSE
Female,Loyal Customer,53,Business Travel,Business,302,4,4,4,4,4,1,2,4,4,4,4,3,4,3.54,0,0,TRUE
Male,Loyal Customer,26,Business Travel,Business,762,3,3,3,3,5,5,5,5,4,5,4,2,5,4,21,10,TRUE
Female,Disloyal Customer,21,Business Travel,Eco,931,2,2,2,3,3,2,4,3,4,5,3,2,3,2.92,0,0,FALSE
Female,Loyal Customer,55,Business Travel,Business,2844,0,0,0,3,4,5,5,4,4,4,4,4,5,3.23,4,6,TRUE
Female,Loyal Customer,34,Personal Travel,Eco,337,3,5,2,1,4,2,4,4,4,4,5,5,4,3.62,0,5,FALSE
Female,Loyal Customer,47,Business Travel,Business,2759,4,4,4,4,4,5,4,5,5,4,5,4,3,4.23,0,0,TRUE
Female,Loyal Customer,31,Personal Travel,Eco Plus,763,1,5,1,4,1,1,4,1,1,1,5,1,1,2.08,0,0,FALSE
Female,Loyal Customer,25,Business Travel,Business,528,2,2,2,2,3,3,3,3,5,5,4,3,3,3.08,37,22,TRUE
Male,Loyal Customer,43,Personal Travel,Eco,2174,3,4,3,4,5,3,5,5,5,3,4,4,5,4.08,9,8,FALSE
Female,Loyal Customer,39,Business Travel,Business,3346,5,5,5,5,4,4,5,4,4,4,4,5,4,4.46,0,0,TRUE
Male,Disloyal Customer,38,Business Travel,Eco Plus,433,3,3,3,4,4,3,3,4,2,5,4,2,4,3.38,0,0,FALSE
Male,Loyal Customer,31,Personal Travel,Eco,936,4,4,4,2,2,4,2,2,4,4,4,3,2,3.15,0,0,FALSE
Female,Loyal Customer,59,Personal Travel,Eco,594,3,2,3,3,4,4,4,4,4,3,4,2,2,3.23,2,0,FALSE
Male,Disloyal Customer,28,Business Travel,Business,679,1,2,2,3,5,2,5,5,4,3,5,4,5,3.54,0,0,FALSE
Female,Loyal Customer,35,Business Travel,Business,1531,5,5,5,5,5,5,2,4,4,4,4,3,1,4,2,4,TRUE
Female,Loyal Customer,47,Business Travel,Business,956,4,4,1,4,5,3,1,3,3,3,3,3,3,3.08,0,0,TRUE
Female,Loyal Customer,27,Personal Travel,Eco,106,2,2,2,4,2,2,2,2,4,3,4,4,2,2.69,0,3,FALSE
Female,Disloyal Customer,26,Business Travel,Business,236,4,0,4,1,3,4,3,3,5,4,4,5,3,3.31,0,0,FALSE
Male,Loyal Customer,48,Business Travel,Business,216,1,1,1,1,1,5,3,5,5,5,4,5,2,3,0,0,TRUE
Male,Loyal Customer,48,Business Travel,Eco,312,3,2,2,2,3,3,3,3,1,5,2,2,3,2.62,0,0,FALSE
Female,Loyal Customer,41,Business Travel,Business,2208,3,3,3,3,2,5,5,4,4,5,4,4,5,3.85,0,0,TRUE
Female,Loyal Customer,54,Business Travel,Business,1235,1,1,1,1,4,5,4,5,5,5,5,5,5,3.62,34,25,TRUE
Female,Loyal Customer,59,Personal Travel,Eco Plus,677,3,5,3,3,4,5,5,1,1,3,1,5,5,3.38,22,29,FALSE
Male,Loyal Customer,19,Business Travel,Business,1440,2,5,5,5,2,2,2,2,3,2,3,4,2,3,52,60,FALSE
Female,Loyal Customer,41,Personal Travel,Eco Plus,237,1,4,1,2,2,5,5,4,4,1,4,4,5,3.23,10,4,FALSE
Female,Loyal Customer,57,Personal Travel,Business,622,4,4,3,3,4,4,4,1,1,3,3,3,4,3.15,0,0,FALSE
Female,Disloyal Customer,26,Business Travel,Business,239,4,0,4,1,3,4,3,3,3,4,4,4,3,3.08,2,0,TRUE
Male,Loyal Customer,57,Business Travel,Business,646,4,4,4,4,5,4,5,5,5,5,5,5,3,4.46,13,0,TRUE
Female,Loyal Customer,59,Personal Travel,Eco,1045,2,5,2,4,3,5,4,4,4,2,4,4,4,3.62,0,0,FALSE
Female,Loyal Customer,38,Personal Travel,Business,239,2,4,2,1,2,5,5,4,4,2,4,5,1,3.15,0,0,FALSE
Male,Loyal Customer,20,Business Travel,Eco,432,3,1,1,1,3,3,2,3,1,2,4,1,3,2.15,113,125,FALSE
Female,Loyal Customer,27,Business Travel,Business,550,1,1,3,1,3,3,3,3,4,2,4,5,3,2.77,0,0,TRUE
Male,Loyal Customer,7,Personal Travel,Eco Plus,2611,2,4,2,3,5,2,5,5,4,2,3,1,5,3.31,0,0,FALSE
Male,Loyal Customer,26,Business Travel,Business,1189,3,1,3,3,3,3,3,3,4,2,2,1,3,2.62,4,12,FALSE
Male,Loyal Customer,39,Personal Travel,Eco,599,3,4,3,3,2,3,2,2,2,4,3,1,2,2.62,0,0,FALSE
Male,Loyal Customer,61,Personal Travel,Eco,692,1,2,1,4,5,1,5,5,4,2,4,2,5,3.15,0,0,FALSE
Female,Loyal Customer,49,Business Travel,Business,3724,3,3,3,3,5,4,5,4,4,4,4,5,4,3.92,7,6,TRUE
Male,Disloyal Customer,20,Business Travel,Eco,361,2,2,2,3,1,2,1,1,2,1,3,4,1,1.92,15,24,FALSE
Male,Loyal Customer,12,Personal Travel,Eco Plus,2422,3,1,3,2,3,4,4,4,1,1,2,4,4,2.77,4,0,FALSE
Male,Loyal Customer,43,Business Travel,Business,570,4,4,4,4,4,4,5,5,5,5,5,5,5,4.54,0,0,TRUE
Male,Loyal Customer,67,Business Travel,Business,3034,0,0,0,5,5,1,3,3,3,5,5,2,1,2.54,0,0,TRUE
Male,Loyal Customer,64,Personal Travel,Eco,591,3,5,3,5,1,3,1,1,4,5,4,4,1,3.08,1,0,FALSE
Female,Loyal Customer,49,Personal Travel,Eco Plus,2465,0,1,0,4,1,2,4,2,2,0,2,3,2,1.77,9,0,TRUE
Female,Loyal Customer,17,Business Travel,Business,3084,5,5,5,5,3,3,3,3,5,3,4,5,3,4,18,3,TRUE
Female,Loyal Customer,52,Business Travel,Business,408,5,5,1,5,4,4,5,3,3,3,3,3,3,3.62,0,0,TRUE
Female,Loyal Customer,54,Business Travel,Business,2565,0,0,0,3,3,5,5,3,3,3,3,5,3,2.77,0,0,TRUE
Female,Loyal Customer,52,Business Travel,Eco Plus,454,3,4,4,4,5,4,4,3,3,3,3,2,4,3.54,8,10,FALSE
Male,Disloyal Customer,22,Business Travel,Eco,528,4,2,4,3,2,4,2,2,4,4,3,3,2,3,39,26,FALSE
Female,Disloyal Customer,25,Business Travel,Business,1744,1,0,1,1,2,1,5,2,3,5,5,3,2,2.38,1,0,FALSE
Male,Disloyal Customer,40,Business Travel,Business,861,3,3,3,4,1,3,1,1,3,2,5,5,1,2.69,0,0,FALSE
Female,Loyal Customer,55,Business Travel,Business,2704,2,1,1,1,5,4,4,2,2,2,2,2,1,2.23,2,2,FALSE
Male,Loyal Customer,53,Business Travel,Business,448,3,1,1,1,3,3,3,4,3,3,3,3,3,2.62,185,176,FALSE
Female,Loyal Customer,42,Business Travel,Business,3770,5,5,5,5,3,4,5,4,4,4,4,4,4,4.31,11,4,TRUE
Male,Disloyal Customer,43,Business Travel,Business,1024,5,5,5,5,4,5,4,4,5,3,4,3,4,4.31,0,3,TRUE
Female,Loyal Customer,9,Personal Travel,Eco,646,4,5,4,1,3,4,3,3,5,2,4,1,3,3.23,0,0,TRUE
Female,Loyal Customer,47,Business Travel,Business,1460,2,2,2,2,2,4,4,5,5,5,5,5,4,3.62,2,6,TRUE
Male,Loyal Customer,66,Business Travel,Business,3852,3,3,3,3,3,3,3,2,2,2,2,4,3,2.77,0,0,TRUE
Female,Loyal Customer,47,Personal Travel,Eco,723,2,1,2,3,3,4,4,3,3,2,2,1,4,2.62,18,0,FALSE
Female,Loyal Customer,57,Business Travel,Business,883,3,3,3,3,5,5,4,4,4,4,4,5,3,3.85,33,21,TRUE
Female,Loyal Customer,80,Business Travel,Eco,577,2,5,3,5,4,4,4,2,2,2,2,4,3,3.23,83,46,FALSE
Male,Loyal Customer,39,Business Travel,Eco Plus,594,3,2,2,2,3,3,3,3,4,3,2,3,3,2.77,0,0,TRUE
Female,Loyal Customer,66,Personal Travel,Eco,109,2,4,2,1,3,2,3,3,3,2,3,3,5,2.77,0,0,FALSE
Male,Loyal Customer,41,Business Travel,Eco,362,4,5,5,5,4,4,4,4,2,1,2,4,4,3.69,101,99,TRUE
Female,Disloyal Customer,25,Business Travel,Eco,222,2,1,2,2,3,2,5,3,2,2,2,2,3,2.38,0,5,FALSE
Male,Loyal Customer,48,Business Travel,Business,101,5,5,3,5,4,5,5,3,3,4,5,3,4,4.15,0,0,TRUE
Male,Disloyal Customer,45,Business Travel,Eco,397,2,0,2,5,1,2,1,1,4,2,1,1,1,1.77,8,0,FALSE
Female,Loyal Customer,32,Business Travel,Business,2001,4,4,4,4,5,5,5,5,2,4,1,4,5,4,2,4,TRUE
Female,Loyal Customer,52,Business Travel,Business,722,5,5,5,5,3,4,5,4,4,5,4,3,5,4.38,0,4,TRUE
Female,Disloyal Customer,38,Business Travel,Business,297,2,2,2,1,2,2,2,2,5,4,5,3,2,2.62,0,1,FALSE
Male,Loyal Customer,59,Personal Travel,Eco,320,3,4,3,2,1,3,1,1,1,1,1,3,1,1.92,0,21,FALSE
Male,Loyal Customer,49,Business Travel,Business,3943,1,1,1,1,3,5,5,3,3,4,4,5,4,3.08,6,3,TRUE
Male,Loyal Customer,20,Personal Travel,Eco,1797,2,5,2,3,5,2,1,5,1,3,4,1,5,3,0,0,FALSE
Male,Loyal Customer,49,Business Travel,Business,432,4,4,4,4,4,5,4,2,2,2,2,4,3,3.38,0,0,TRUE
Female,Loyal Customer,41,Business Travel,Business,591,3,3,3,3,4,4,4,4,2,5,5,4,4,3.69,130,141,TRUE
Male,Loyal Customer,17,Personal Travel,Business,862,2,5,2,4,1,2,1,1,3,4,4,4,1,2.62,67,64,FALSE
Female,Loyal Customer,39,Business Travel,Eco,106,2,3,3,3,2,2,2,2,4,4,3,1,2,2.54,0,0,TRUE
Female,Loyal Customer,49,Business Travel,Business,1954,1,1,1,1,5,4,5,5,5,5,5,3,4,3.46,0,0,TRUE
Male,Disloyal Customer,25,Business Travel,Business,523,2,0,2,1,4,2,4,4,4,3,4,3,4,2.85,0,0,FALSE
Female,Disloyal Customer,16,Business Travel,Eco,667,1,5,0,1,1,0,4,1,1,1,4,2,1,1.69,0,0,FALSE
Female,Loyal Customer,35,Business Travel,Business,2780,2,5,5,5,3,3,3,2,2,2,2,4,3,3.15,0,0,FALSE
Female,Loyal Customer,50,Business Travel,Business,2521,5,5,5,5,3,3,4,5,5,5,5,3,3,4.31,42,6,TRUE
Female,Loyal Customer,37,Business Travel,Eco,315,5,3,2,2,5,5,5,5,3,5,5,3,5,4.08,0,0,TRUE
Male,Loyal Customer,23,Business Travel,Business,2323,5,5,5,5,4,4,4,4,5,2,2,3,4,4,0,0,TRUE
Male,Loyal Customer,36,Business Travel,Business,101,3,3,3,3,3,4,3,4,4,5,3,2,1,3.15,0,0,TRUE
Male,Loyal Customer,15,Personal Travel,Eco,723,1,2,1,4,4,1,4,4,4,4,3,1,4,2.85,58,49,FALSE
Male,Loyal Customer,57,Business Travel,Business,3166,0,0,0,3,3,5,5,4,4,4,4,4,3,3,66,57,TRUE
Male,Loyal Customer,48,Business Travel,Business,399,4,5,5,5,5,3,3,4,4,4,4,1,3,3.85,0,6,FALSE
Male,Loyal Customer,63,Personal Travel,Eco,626,3,5,3,3,1,3,1,1,4,4,4,5,1,2.92,10,15,FALSE
Female,Loyal Customer,50,Business Travel,Business,130,3,3,3,3,3,5,4,5,5,5,4,3,3,3.77,0,0,TRUE
Female,Loyal Customer,58,Business Travel,Business,2282,4,3,3,3,3,3,3,4,4,4,4,4,4,3.54,20,12,FALSE
Female,Loyal Customer,58,Business Travel,Business,1961,4,4,4,4,3,4,4,5,5,5,5,5,3,4.23,0,0,TRUE
Female,Loyal Customer,31,Business Travel,Business,1851,1,2,2,2,1,1,1,1,2,4,3,3,1,1.85,0,0,FALSE
Female,Disloyal Customer,65,Business Travel,Eco,302,2,3,2,3,4,2,4,4,1,3,3,2,4,2.85,0,0,FALSE
Female,Loyal Customer,72,Business Travel,Business,2271,1,1,1,1,1,5,2,4,4,4,4,2,1,2.38,1,0,TRUE
Male,Loyal Customer,54,Personal Travel,Eco,986,3,5,3,3,1,3,1,1,3,2,5,5,1,2.77,0,0,FALSE
Female,Loyal Customer,50,Personal Travel,Eco,1931,3,4,3,4,3,4,4,3,3,3,3,3,5,3.46,0,0,FALSE
Male,Disloyal Customer,26,Business Travel,Eco Plus,308,4,2,4,3,4,4,4,4,1,5,3,2,4,3.38,4,0,FALSE
Male,Loyal Customer,76,Business Travel,Business,2584,1,3,5,3,4,4,4,1,1,1,1,4,2,2.62,0,1,FALSE
Female,Loyal Customer,8,Personal Travel,Eco,675,4,5,4,3,4,3,3,5,4,5,5,3,3,3.92,154,171,FALSE
Male,Loyal Customer,46,Business Travel,Business,266,3,2,3,3,3,1,3,5,5,5,5,4,5,3.62,0,10,TRUE
Female,Loyal Customer,37,Personal Travel,Business,2554,4,3,4,5,4,3,3,1,3,3,1,3,3,3.08,0,6,FALSE
Male,Loyal Customer,64,Business Travel,Business,2216,1,0,0,4,3,3,4,1,1,0,1,2,2,1.69,0,0,FALSE
Male,Loyal Customer,51,Personal Travel,Eco Plus,429,3,3,3,4,1,3,1,1,2,4,4,1,1,2.38,17,27,FALSE
Female,Loyal Customer,49,Business Travel,Business,1189,4,2,2,2,2,3,4,4,4,4,4,3,3,3.15,8,19,FALSE
Male,Loyal Customer,46,Business Travel,Business,1998,1,1,1,1,3,4,1,4,4,5,4,5,2,2.77,0,1,TRUE
Male,Loyal Customer,41,Business Travel,Business,539,2,2,2,2,5,5,3,4,4,4,4,2,2,3.15,0,0,TRUE
Female,Loyal Customer,20,Personal Travel,Eco,1197,2,4,2,4,1,2,1,1,5,2,5,3,1,2.54,0,0,FALSE
Male,Loyal Customer,60,Business Travel,Business,2431,5,5,5,5,3,5,4,4,4,4,4,3,3,4.15,34,72,TRUE
Female,Loyal Customer,19,Business Travel,Business,2716,5,5,5,5,5,5,5,5,4,3,4,3,5,4.54,0,0,TRUE
Female,Loyal Customer,43,Business Travel,Eco Plus,306,4,1,1,1,4,2,2,4,4,4,4,5,3,3,9,15,TRUE
Male,Loyal Customer,65,Personal Travel,Eco,925,1,5,1,2,2,1,3,2,3,5,5,4,2,2.77,0,0,FALSE
Female,Disloyal Customer,23,Business Travel,Eco,409,1,4,1,2,4,1,4,4,1,2,4,5,4,2.85,0,0,FALSE
Male,Loyal Customer,29,Business Travel,Business,3772,5,5,5,5,5,4,5,5,3,3,5,3,5,4.46,0,,TRUE
Male,Loyal Customer,26,Personal Travel,Eco,368,3,2,3,3,4,3,4,4,2,3,3,3,4,3.15,3,0,FALSE
Female,Loyal Customer,63,Personal Travel,Eco,315,2,5,2,2,4,4,4,3,3,2,5,3,3,3.23,0,0,FALSE
Male,Loyal Customer,58,Personal Travel,Eco,618,1,4,1,2,2,1,2,2,4,4,5,3,2,2.54,48,,FALSE
Male,Loyal Customer,40,Business Travel,Business,259,0,0,0,4,5,4,4,3,3,4,4,5,3,3,15,6,TRUE
Female,Loyal Customer,66,Business Travel,Business,1629,2,1,1,1,1,2,2,2,2,2,2,1,4,1.77,23,29,FALSE
Male,Disloyal Customer,16,Business Travel,Eco,838,3,3,3,3,1,3,1,1,3,5,5,4,1,2.77,65,50,FALSE
Male,Loyal Customer,56,Personal Travel,Eco,479,3,1,3,3,2,3,1,2,4,4,3,3,2,2.62,0,4,FALSE
Male,Loyal Customer,48,Personal Travel,Eco,679,1,5,1,5,3,1,3,3,3,4,5,5,3,3.23,0,8,FALSE
Male,Loyal Customer,51,Business Travel,Business,919,2,2,2,2,5,5,5,4,4,3,4,4,3,3.46,13,5,TRUE
Female,Loyal Customer,34,Personal Travel,Eco,409,3,4,3,1,4,3,4,4,5,2,3,5,4,3.46,0,0,FALSE
Female,Disloyal Customer,18,Business Travel,Eco Plus,484,2,2,2,4,2,5,5,2,2,3,3,5,5,3.23,132,117,FALSE
Male,Loyal Customer,39,Business Travel,Business,236,2,2,2,2,4,4,4,4,4,4,4,5,5,3.54,0,0,TRUE
Female,Loyal Customer,56,Personal Travel,Eco,397,2,5,2,3,5,4,5,2,2,2,2,4,3,3.15,51,44,FALSE
Male,Disloyal Customer,37,Business Travel,Business,213,4,4,4,4,3,4,3,3,3,3,5,5,3,3.69,0,45,TRUE
Male,Loyal Customer,48,Business Travel,Business,2807,2,2,2,2,3,4,3,2,2,2,2,2,4,2.46,31,16,FALSE
Female,Loyal Customer,57,Business Travel,Business,1449,2,2,2,2,3,4,5,4,4,4,4,5,4,3.46,10,0,TRUE
Male,Loyal Customer,57,Personal Travel,Eco,925,1,2,1,3,5,1,1,5,2,4,4,3,5,2.85,6,11,FALSE
Male,Loyal Customer,43,Business Travel,Business,419,1,1,1,1,4,5,4,4,4,4,4,3,5,3.15,0,2,TRUE
Male,Loyal Customer,32,Business Travel,Business,3277,2,2,2,2,4,4,4,4,4,3,3,3,4,3.15,22,2,TRUE
Female,Loyal Customer,46,Business Travel,Business,2326,2,2,2,2,4,5,4,3,3,3,3,5,3,3.15,0,0,TRUE
Female,Disloyal Customer,22,Business Travel,Eco,1477,2,2,2,3,5,2,5,5,4,4,2,4,5,3.46,0,0,FALSE
Male,Loyal Customer,46,Business Travel,Business,1747,1,1,1,1,4,4,5,4,4,4,4,3,5,3.15,4,0,TRUE
Female,Loyal Customer,68,Personal Travel,Eco,247,3,5,0,1,2,4,5,1,1,0,1,3,5,2.38,4,7,FALSE
Male,Disloyal Customer,23,Business Travel,Eco,672,1,1,1,3,2,1,2,2,2,2,4,1,2,1.85,66,59,FALSE
Male,Disloyal Customer,23,Business Travel,Eco,925,3,2,2,4,3,2,2,4,2,3,3,2,2,2.62,17,10,FALSE
Male,Loyal Customer,17,Business Travel,Business,2768,1,1,1,1,3,3,3,3,4,4,5,5,3,2.85,7,4,TRUE
Female,Disloyal Customer,33,Business Travel,Eco,1096,2,2,2,1,4,2,4,4,4,4,5,5,4,3.31,0,0,FALSE
Male,Loyal Customer,25,Business Travel,Eco Plus,612,2,5,5,5,2,2,1,2,3,3,3,3,2,2.92,0,4,FALSE
Female,Loyal Customer,43,Business Travel,Business,1971,2,5,5,5,4,4,3,2,2,2,2,4,1,3.15,32,19,FALSE
Male,Loyal Customer,11,Personal Travel,Eco Plus,541,1,5,1,1,4,1,4,4,4,4,5,3,4,3.15,0,1,FALSE
Male,Loyal Customer,41,Personal Travel,Eco Plus,967,2,5,2,4,4,2,4,4,5,2,4,4,4,3.54,0,0,FALSE
Male,Loyal Customer,41,Personal Travel,Eco,391,1,5,1,5,1,1,1,1,3,1,1,4,1,2,0,0,FALSE
Male,Disloyal Customer,16,Business Travel,Eco,447,1,4,1,4,4,1,3,4,1,2,4,2,4,2.69,50,29,FALSE
Male,Loyal Customer,16,Personal Travel,Eco,419,2,1,4,4,5,4,5,5,4,4,4,4,5,3.92,12,68,FALSE
Female,Disloyal Customer,38,Business Travel,Business,413,4,4,4,2,4,4,4,4,3,3,4,3,4,3.62,0,0,TRUE
Female,Loyal Customer,48,Personal Travel,Eco,2504,2,4,2,3,3,1,2,5,5,2,5,5,4,3.31,0,0,FALSE
Male,Loyal Customer,27,Personal Travel,Eco,1562,1,4,2,5,3,2,3,3,5,2,4,5,3,3.23,0,0,FALSE
Female,Loyal Customer,57,Business Travel,Business,1852,3,3,3,3,4,4,4,5,5,5,5,5,3,4,14,8,TRUE
Male,Disloyal Customer,26,Business Travel,Business,425,4,0,3,3,5,3,5,5,5,5,4,4,5,3.92,5,0,FALSE
Female,Loyal Customer,55,Personal Travel,Eco,1107,3,5,3,2,3,5,5,1,1,3,3,3,5,3.23,0,9,FALSE
Male,Loyal Customer,57,Business Travel,Business,3410,4,4,4,4,5,5,2,4,4,4,4,5,1,3.85,0,0,TRUE
Female,Loyal Customer,49,Business Travel,Business,3951,2,2,2,2,5,1,4,4,4,4,4,2,2,2.92,0,0,TRUE
Female,Loyal Customer,60,Business Travel,Business,630,2,4,2,2,5,5,4,5,5,5,5,4,5,4.08,0,0,TRUE
Male,Loyal Customer,46,Business Travel,Business,2665,4,4,4,4,3,4,4,4,4,4,4,3,4,3.85,17,14,TRUE
Female,Loyal Customer,23,Business Travel,Eco,488,4,1,1,1,4,4,4,4,5,1,5,3,4,3.15,22,17,TRUE
Male,Disloyal Customer,50,Business Travel,Eco,425,3,4,4,3,1,4,1,1,2,3,5,2,1,2.62,0,0,FALSE
Male,Disloyal Customer,17,Business Travel,Eco,106,2,2,2,4,1,2,1,1,2,2,3,2,1,1.92,109,117,FALSE
Male,Disloyal Customer,39,Business Travel,Eco,1379,2,2,2,4,4,2,4,4,2,3,4,2,4,3,8,0,FALSE
Female,Disloyal Customer,22,Business Travel,Eco,646,4,1,4,4,3,4,3,3,1,2,4,2,3,2.92,33,20,FALSE
Male,Loyal Customer,19,Personal Travel,Eco,1501,1,5,2,3,1,2,1,1,4,3,5,5,1,2.62,0,0,FALSE
Female,Loyal Customer,42,Business Travel,Business,612,3,3,3,3,2,5,5,4,4,4,4,5,5,3.85,0,0,TRUE
Male,Loyal Customer,48,Personal Travel,Eco Plus,234,3,4,3,1,5,3,3,5,3,3,4,5,5,3.62,0,0,FALSE
Female,Loyal Customer,25,Personal Travel,Eco Plus,547,5,4,5,1,1,5,2,1,3,4,5,5,1,3.23,2,0,TRUE
Female,Loyal Customer,28,Personal Travel,Eco,431,2,5,2,4,1,2,1,1,5,1,2,4,1,2.38,31,14,FALSE
Male,Loyal Customer,49,Business Travel,Eco Plus,1399,3,5,2,2,3,3,3,3,1,5,3,2,3,2.92,1,0,FALSE
Female,Loyal Customer,37,Business Travel,Business,2323,5,5,5,5,5,4,4,5,5,5,5,3,3,4.54,25,28,TRUE
Male,Loyal Customer,56,Business Travel,Business,2367,1,2,1,1,5,5,5,4,4,4,4,3,3,3.23,13,0,TRUE
Male,Loyal Customer,34,Business Travel,Business,488,4,4,4,4,1,3,4,4,4,4,4,1,5,3.54,0,0,TRUE
Female,Loyal Customer,40,Personal Travel,Eco,509,3,5,5,1,4,5,3,4,4,2,4,3,4,3.62,62,124,FALSE
Male,Loyal Customer,42,Personal Travel,Eco,1744,2,4,3,4,1,3,1,1,3,3,2,3,1,2.38,5,3,FALSE
Male,Loyal Customer,50,Business Travel,Business,164,1,1,4,1,3,5,5,5,5,5,5,4,5,3.77,0,0,TRUE
Female,Loyal Customer,34,Business Travel,Business,822,2,2,2,2,5,5,5,5,5,5,5,5,5,4.08,6,0,TRUE
Female,Loyal Customer,55,Business Travel,Eco Plus,109,4,3,3,3,4,3,5,4,4,4,4,2,5,3.69,0,0,TRUE
Female,Loyal Customer,60,Business Travel,Business,1931,3,3,3,3,3,5,4,2,2,2,2,4,3,3,0,0,TRUE
Female,Loyal Customer,9,Personal Travel,Eco,250,2,5,2,4,2,2,2,2,3,5,4,5,2,3.08,0,0,FALSE
Female,Loyal Customer,31,Personal Travel,Eco Plus,1175,3,4,3,3,4,3,4,4,4,2,4,5,4,3.62,0,0,FALSE
Female,Disloyal Customer,27,Business Travel,Business,1105,3,3,3,3,3,3,3,3,3,5,4,4,3,3.31,0,3,FALSE
Male,Loyal Customer,14,Personal Travel,Eco,861,1,5,0,3,3,0,3,3,3,4,4,5,3,2.85,0,0,FALSE
Male,Loyal Customer,53,Personal Travel,Eco,2133,3,5,2,2,5,2,3,5,3,3,4,3,5,3.46,0,0,FALSE
Male,Loyal Customer,40,Personal Travel,Eco,1546,3,1,3,2,5,3,5,5,1,2,1,1,5,2.85,0,0,FALSE
Female,Loyal Customer,46,Business Travel,Business,603,4,4,4,4,2,5,5,5,5,5,5,3,3,4.15,26,22,TRUE
Male,Loyal Customer,49,Personal Travel,Eco,606,2,5,2,4,4,2,4,4,4,1,2,4,4,3.23,0,0,FALSE
Female,Disloyal Customer,20,Business Travel,Eco,920,4,4,4,3,5,4,5,5,3,4,3,3,5,4,0,0,FALSE
Male,Loyal Customer,36,Personal Travel,Eco,399,3,2,3,4,2,3,4,2,3,5,3,1,2,2.85,39,46,FALSE
Female,Disloyal Customer,44,Business Travel,Business,1136,4,4,4,5,3,4,3,3,5,5,5,3,3,3.92,0,6,TRUE
Female,Loyal Customer,13,Business Travel,Business,3491,3,2,2,2,3,3,3,3,1,1,3,1,3,2.31,20,26,FALSE
Female,Disloyal Customer,61,Business Travel,Eco,391,2,0,1,5,3,1,3,3,2,2,4,1,3,2.31,0,0,FALSE
Female,Loyal Customer,62,Business Travel,Eco,405,2,5,5,5,5,3,3,2,2,2,2,2,2,3.08,5,7,FALSE
Male,Loyal Customer,26,Personal Travel,Eco,428,3,2,3,4,5,3,5,5,3,2,3,2,5,3.46,56,85,FALSE
Female,Disloyal Customer,27,Business Travel,Eco,337,3,3,4,3,5,4,5,5,4,3,4,1,5,3.77,0,0,FALSE
Male,Loyal Customer,44,Business Travel,Business,2454,5,5,5,5,5,4,4,4,4,4,4,5,5,4.54,41,56,TRUE
Male,Loyal Customer,41,Personal Travel,Eco,2300,2,5,2,4,2,2,2,2,3,5,5,3,2,3,0,0,FALSE
Female,Disloyal Customer,42,Business Travel,Business,1605,2,2,2,2,1,2,1,1,4,4,5,3,1,2.31,0,0,FALSE
Female,Loyal Customer,43,Business Travel,Business,3258,3,4,5,5,1,4,4,3,3,3,3,1,1,3.08,4,0,FALSE
Male,Disloyal Customer,34,Business Travel,Business,453,2,2,2,1,2,2,2,2,5,2,4,4,2,2.46,2,0,FALSE
Male,Loyal Customer,69,Personal Travel,Eco,746,2,3,2,4,1,2,1,1,4,5,4,1,1,2.38,40,39,FALSE
Female,Loyal Customer,18,Personal Travel,Eco Plus,680,1,1,1,3,4,1,4,4,2,2,2,4,4,2.54,15,0,FALSE
Female,Loyal Customer,27,Personal Travel,Business,1023,2,4,2,4,1,2,1,1,3,4,4,5,1,2.62,51,51,FALSE
Female,Loyal Customer,48,Business Travel,Business,2748,1,5,5,5,1,4,4,1,1,1,1,2,4,2.69,77,68,FALSE
Female,Loyal Customer,60,Personal Travel,Eco,391,5,3,5,3,5,3,3,1,1,5,1,2,1,2.92,0,5,TRUE
Female,Loyal Customer,21,Personal Travel,Eco,735,4,1,4,3,1,4,1,1,2,1,3,1,1,2.08,0,0,FALSE
Female,Loyal Customer,33,Personal Travel,Eco,406,0,2,0,3,5,0,2,5,3,2,4,3,5,2.62,0,0,TRUE
Female,Disloyal Customer,21,Business Travel,Business,201,4,4,4,1,4,4,3,4,3,2,4,3,4,3.38,0,0,TRUE
Male,Loyal Customer,27,Business Travel,Business,2384,5,5,5,5,4,4,4,4,1,4,3,4,4,4,1,0,TRUE
Female,Loyal Customer,49,Business Travel,Business,179,2,1,1,1,2,4,4,2,2,2,2,3,3,2.23,3,0,FALSE
Female,Loyal Customer,59,Business Travel,Business,1569,2,2,1,1,3,3,3,2,2,2,2,1,3,2.08,0,0,FALSE
Female,Loyal Customer,13,Personal Travel,Eco,340,2,2,2,3,4,2,3,4,3,1,4,1,4,2.69,9,25,FALSE
Female,Loyal Customer,67,Personal Travel,Eco,261,2,5,2,4,5,2,1,1,1,2,1,2,4,2.46,0,0,FALSE
Male,Loyal Customer,34,Business Travel,Business,1749,1,1,1,1,5,3,5,4,4,4,4,4,3,3.08,84,80,TRUE
Female,Loyal Customer,13,Personal Travel,Eco,515,3,3,3,4,3,3,3,3,4,5,3,4,3,3.38,0,0,FALSE
Female,Disloyal Customer,22,Business Travel,Business,164,1,2,1,3,4,1,4,4,1,1,3,2,4,2.38,3,0,FALSE
Male,Loyal Customer,42,Business Travel,Business,1847,3,3,3,3,4,4,4,5,5,5,5,4,3,3.92,11,3,TRUE
Female,Loyal Customer,41,Personal Travel,Eco,1797,4,5,4,3,5,4,4,5,5,3,5,5,5,4.38,0,0,FALSE
Female,Loyal Customer,55,Business Travel,Business,2704,4,4,4,4,5,5,5,4,4,4,4,3,1,3.92,0,0,TRUE
Male,Loyal Customer,28,Business Travel,Business,3486,4,4,4,4,4,3,4,4,4,3,3,4,4,3.77,22,12,FALSE
Female,Loyal Customer,65,Personal Travel,Eco,438,2,4,2,3,5,4,4,1,1,2,1,4,3,2.77,0,0,FALSE
Female,Loyal Customer,26,Business Travel,Business,451,3,1,4,1,3,3,3,3,4,2,3,2,3,2.69,0,0,FALSE
Male,Disloyal Customer,18,Business Travel,Eco,937,4,4,4,5,2,4,1,2,1,3,3,4,2,3,0,0,TRUE
Male,Loyal Customer,47,Business Travel,Business,3675,2,4,4,4,3,4,4,2,2,2,2,2,2,2.85,56,83,FALSE
Male,Disloyal Customer,25,Business Travel,Eco,151,4,2,4,3,1,4,1,1,1,1,3,4,1,2.31,0,11,FALSE
Male,Loyal Customer,52,Personal Travel,Eco,323,2,1,2,2,2,2,2,2,4,2,2,1,2,2,1,0,FALSE
Female,Loyal Customer,42,Business Travel,Business,3694,3,4,3,3,5,2,1,5,5,5,5,3,5,3.77,0,0,TRUE
Male,Loyal Customer,45,Business Travel,Business,3146,5,5,4,5,5,4,4,4,4,4,4,3,4,4.23,0,4,TRUE
Male,Loyal Customer,45,Business Travel,Business,449,4,4,2,4,2,4,4,4,4,4,4,5,5,3.85,3,0,TRUE
Male,Loyal Customer,52,Personal Travel,Eco,442,3,3,3,4,5,3,5,5,2,1,4,2,5,3.46,2,5,FALSE
Female,Loyal Customer,39,Business Travel,Business,384,5,5,3,5,4,4,1,4,4,4,4,1,4,3.69,0,0,TRUE
Male,Loyal Customer,27,Business Travel,Business,620,3,3,3,3,5,5,5,5,1,1,3,4,5,3.54,7,0,TRUE
Male,Loyal Customer,52,Business Travel,Eco,479,2,5,5,5,2,2,2,2,1,4,4,4,2,3.08,0,0,FALSE
Male,Loyal Customer,44,Business Travel,Eco,544,4,2,3,2,5,4,5,5,5,1,4,2,5,3.62,42,11,TRUE
Female,Loyal Customer,48,Business Travel,Eco,746,3,5,5,5,3,3,3,3,3,3,3,2,1,3.23,49,95,FALSE
Female,Loyal Customer,41,Personal Travel,Eco,948,2,3,2,3,5,2,5,5,1,2,4,3,5,3.23,49,52,FALSE
Male,Disloyal Customer,36,Business Travel,Business,950,3,3,3,5,5,3,5,5,3,5,5,5,5,4.23,0,10,FALSE
Female,Loyal Customer,50,Business Travel,Business,1961,2,2,2,2,2,5,4,4,4,4,4,4,5,3.38,15,4,TRUE
Female,Loyal Customer,59,Business Travel,Business,829,2,2,2,2,2,5,4,5,5,5,5,3,4,3.54,0,2,TRUE
Female,Loyal Customer,60,Business Travel,Business,1979,1,1,1,1,5,3,4,5,5,5,5,3,5,3.38,6,0,TRUE
Male,Loyal Customer,29,Personal Travel,Eco,646,2,2,2,4,3,2,3,3,2,1,4,3,3,2.62,17,3,FALSE
Male,Loyal Customer,46,Personal Travel,Eco,517,3,4,3,3,3,3,3,3,3,3,4,5,3,3.31,41,36,FALSE
Male,Loyal Customer,27,Personal Travel,Eco,416,4,3,4,2,5,4,5,5,2,3,3,4,5,3.77,0,0,TRUE
Male,Loyal Customer,33,Business Travel,Business,2251,1,1,1,1,4,5,4,4,1,5,3,4,4,2.92,0,0,TRUE
Male,Loyal Customer,57,Business Travel,Eco,1620,4,4,4,4,4,4,4,4,3,1,2,2,4,3.38,0,26,FALSE
Male,Loyal Customer,15,Personal Travel,Eco,674,2,4,2,4,2,4,3,5,2,4,5,3,3,3.31,352,344,FALSE
Female,Disloyal Customer,41,Business Travel,Business,358,3,3,3,3,4,3,2,4,3,1,3,2,4,2.92,0,5,FALSE
Male,Loyal Customer,20,Business Travel,Business,2916,1,4,4,4,1,1,1,1,4,4,4,2,1,2.46,14,7,FALSE
Female,Loyal Customer,34,Personal Travel,Eco Plus,1416,2,3,2,2,2,2,2,2,2,2,2,2,2,2.08,29,11,FALSE
Male,Loyal Customer,21,Personal Travel,Eco,1073,4,5,4,4,4,4,2,4,4,4,4,3,4,3.85,0,0,FALSE
Male,Loyal Customer,36,Personal Travel,Eco,67,4,4,4,3,3,4,3,3,3,5,5,4,3,3.69,0,0,TRUE
Male,Loyal Customer,53,Business Travel,Business,247,5,5,5,5,3,5,5,5,5,5,5,4,5,4.77,0,2,TRUE
Female,Loyal Customer,23,Business Travel,Eco,584,3,1,1,1,3,3,4,3,3,1,3,2,3,2.38,0,0,FALSE
Female,Loyal Customer,51,Personal Travel,Eco Plus,1214,4,4,4,4,4,3,4,4,4,4,4,3,3,3.77,0,0,TRUE
Female,Loyal Customer,48,Business Travel,Business,3628,5,5,5,5,3,4,5,5,5,5,5,3,5,4.62,2,0,TRUE
Male,Loyal Customer,41,Personal Travel,Eco Plus,533,3,4,3,3,4,3,4,4,4,2,4,1,4,3.31,0,0,FALSE
Male,Loyal Customer,57,Business Travel,Eco,912,5,5,4,4,5,5,5,5,4,5,4,3,5,4.54,0,0,TRUE
Male,Loyal Customer,16,Personal Travel,Eco,888,4,4,4,4,2,4,4,2,5,5,4,5,2,3.77,0,0,TRUE
Male,Disloyal Customer,17,Business Travel,Eco,247,3,4,3,3,2,3,2,2,3,3,4,4,2,2.92,0,0,FALSE
Male,Loyal Customer,53,Business Travel,Business,2228,0,0,0,2,4,3,5,5,5,5,5,1,4,3,0,0,TRUE
Male,Loyal Customer,16,Personal Travel,Eco,325,1,4,1,5,4,1,4,4,4,2,4,4,4,3.23,0,0,FALSE
Male,Loyal Customer,52,Business Travel,Business,821,5,5,4,5,5,5,5,5,5,5,5,3,4,4.69,18,18,TRUE
Male,Loyal Customer,52,Business Travel,Business,1749,4,4,4,4,2,2,3,4,4,4,4,1,2,3.23,0,2,FALSE
Female,Loyal Customer,14,Personal Travel,Eco,562,1,5,1,1,1,1,1,1,3,2,4,4,1,2,50,48,FALSE
Female,Loyal Customer,8,Personal Travel,Eco,1053,2,4,2,4,5,2,5,5,4,3,4,3,5,3.69,0,4,FALSE
Female,Loyal Customer,42,Personal Travel,Eco,237,2,1,2,2,1,3,2,2,2,2,3,3,2,2.08,0,0,FALSE
Female,Loyal Customer,51,Personal Travel,Eco Plus,402,1,5,1,4,2,4,4,3,3,1,3,3,3,2.85,9,22,FALSE
Male,Disloyal Customer,36,Business Travel,Eco,1037,3,3,3,3,4,3,4,4,5,1,2,2,4,3.15,0,0,FALSE
Female,Loyal Customer,40,Business Travel,Eco,723,2,5,5,5,2,2,2,2,1,4,4,3,2,3,0,0,FALSE
Male,Loyal Customer,7,Personal Travel,Business,2860,3,1,3,3,3,1,4,2,1,4,3,4,4,2.77,0,0,FALSE
Female,Loyal Customer,60,Personal Travel,Eco Plus,534,2,4,2,2,4,5,4,1,1,2,1,5,5,2.92,0,0,FALSE
Female,Disloyal Customer,19,Business Travel,Eco,302,4,0,4,3,4,4,4,4,3,4,3,2,4,3.31,0,0,FALSE
Male,Loyal Customer,46,Business Travel,Business,1598,3,3,3,3,4,3,4,2,2,2,2,5,4,3.08,20,33,TRUE
Male,Loyal Customer,34,Business Travel,Eco,2399,2,2,2,2,2,2,2,2,3,4,4,3,2,2.46,84,76,FALSE
Female,Loyal Customer,35,Personal Travel,Eco,507,4,5,4,1,1,4,3,1,5,4,4,5,1,3.23,0,0,TRUE
Female,Loyal Customer,56,Business Travel,Business,853,3,3,1,3,4,5,5,4,4,4,4,4,3,3.62,0,0,TRUE
Male,Loyal Customer,30,Personal Travel,Eco,590,4,5,4,1,2,4,2,2,1,2,3,4,2,2.77,0,0,FALSE
Male,Loyal Customer,38,Business Travel,Eco,1020,4,2,2,2,4,4,4,4,5,2,4,5,4,3.54,0,4,TRUE
Male,Loyal Customer,48,Personal Travel,Eco,1201,3,5,3,3,4,3,4,4,4,5,2,2,4,3.54,0,0,FALSE
Female,Loyal Customer,28,Personal Travel,Eco,251,1,5,1,5,5,1,3,5,4,3,5,3,5,3.54,0,0,FALSE
Female,Loyal Customer,40,Business Travel,Business,569,2,2,2,2,3,2,2,5,5,5,5,4,3,3.23,0,0,TRUE
Male,Loyal Customer,19,Personal Travel,Eco,288,1,4,1,4,5,1,5,5,2,2,3,3,5,3.15,1,0,FALSE
Male,Loyal Customer,53,Personal Travel,Eco,1095,2,1,2,4,4,2,4,4,3,4,4,2,4,3.08,0,0,FALSE
Male,Loyal Customer,22,Personal Travel,Eco,650,2,2,2,4,4,2,5,4,3,2,3,4,4,3.15,0,0,FALSE
Male,Loyal Customer,31,Business Travel,Business,1399,1,5,5,5,1,1,1,1,3,4,4,1,1,2.54,6,8,FALSE
Male,Loyal Customer,29,Business Travel,Business,1171,1,1,4,1,4,4,4,4,3,3,5,3,4,3.15,0,0,TRUE
Male,Loyal Customer,40,Business Travel,Business,787,1,5,1,1,3,5,4,4,4,4,4,5,4,3.46,68,74,TRUE
Female,Loyal Customer,51,Business Travel,Business,1389,4,4,4,4,3,4,4,4,4,4,4,5,4,4,11,1,TRUE
Female,Loyal Customer,45,Personal Travel,Eco,2218,4,2,5,3,3,3,2,3,3,5,3,4,3,3.31,28,20,FALSE
Female,Loyal Customer,21,Personal Travel,Eco,1080,4,4,4,3,3,4,3,3,4,2,3,2,3,3.23,0,0,TRUE
Female,Loyal Customer,42,Business Travel,Eco,533,4,5,3,5,4,5,3,3,3,4,3,1,2,3.46,0,0,TRUE
Male,Loyal Customer,54,Business Travel,Business,666,2,1,2,2,5,4,4,5,5,5,5,3,5,3.69,0,0,TRUE
Female,Loyal Customer,21,Personal Travel,Eco,328,4,4,4,3,3,4,3,3,4,5,4,1,3,3.46,5,3,FALSE
Female,Loyal Customer,29,Personal Travel,Eco,937,3,3,3,3,1,3,2,1,1,3,4,1,1,2.23,30,24,FALSE
Female,Loyal Customer,42,Business Travel,Eco,942,3,1,1,1,2,4,4,3,3,3,3,3,2,2.54,0,0,FALSE
Female,Loyal Customer,52,Personal Travel,Eco,602,4,1,4,3,2,4,4,5,5,4,5,3,1,3.46,0,0,TRUE
Male,Loyal Customer,33,Personal Travel,Eco,116,4,3,4,3,4,4,4,4,2,4,3,2,4,3.46,0,0,FALSE
Female,Loyal Customer,40,Business Travel,Business,2446,4,4,4,4,4,4,4,5,5,4,5,4,4,4.23,18,29,TRUE
Male,Loyal Customer,57,Business Travel,Eco,954,3,3,5,3,3,3,3,3,1,1,4,4,3,3,0,0,FALSE
Female,Loyal Customer,59,Business Travel,Business,2886,5,5,5,5,3,5,5,5,5,5,5,4,4,4.69,34,39,TRUE
Male,Loyal Customer,46,Business Travel,Eco,467,2,5,5,5,2,2,2,2,1,1,4,2,2,2.69,40,24,FALSE
Female,Loyal Customer,60,Personal Travel,Eco,1384,2,5,2,4,4,4,1,1,1,2,1,1,2,2.31,0,0,FALSE
Female,Loyal Customer,21,Business Travel,Business,3365,2,2,2,2,4,4,4,4,4,5,2,3,4,3.23,0,0,TRUE
Female,Disloyal Customer,22,Business Travel,Business,1005,4,0,4,1,5,4,4,5,4,3,5,5,5,3.77,0,0,TRUE
Female,Loyal Customer,45,Business Travel,Business,2210,1,1,1,1,5,4,5,5,5,5,4,4,3,3.38,22,27,TRUE
Male,Loyal Customer,33,Business Travel,Business,283,3,4,4,4,3,2,3,3,4,1,4,4,3,3.23,51,56,FALSE
Male,Loyal Customer,49,Personal Travel,Eco,3365,3,3,3,4,3,5,5,3,4,4,4,5,5,3.92,12,80,FALSE
Male,Loyal Customer,18,Business Travel,Eco,1482,3,5,3,3,3,4,4,3,1,4,1,5,3,3.23,16,20,TRUE
Female,Loyal Customer,58,Business Travel,Eco,719,3,5,5,5,2,3,3,4,4,3,4,4,3,3.69,6,1,FALSE
Male,Loyal Customer,73,Business Travel,Business,3686,1,4,4,4,3,4,3,1,1,1,1,1,1,2.23,0,3,FALSE
Female,Loyal Customer,56,Personal Travel,Eco,1217,4,5,4,4,4,5,4,5,5,4,5,5,5,4.54,0,0,FALSE
Female,Loyal Customer,58,Business Travel,Eco Plus,697,1,4,4,4,5,3,3,1,1,1,1,3,3,2.62,0,0,FALSE
Female,Loyal Customer,53,Personal Travel,Eco,191,3,5,3,1,4,4,4,1,1,3,1,4,5,3,57,53,FALSE
Female,Loyal Customer,49,Personal Travel,Eco,237,2,4,2,4,2,4,5,1,1,2,1,5,5,2.92,9,3,FALSE
Male,Loyal Customer,44,Personal Travel,Eco,1142,3,4,3,5,3,3,3,3,4,3,3,5,3,3.46,0,62,FALSE
Male,Loyal Customer,44,Business Travel,Eco Plus,370,2,3,3,3,3,2,3,3,1,5,1,4,3,2.77,0,0,TRUE
Female,Loyal Customer,43,Personal Travel,Eco,972,1,5,1,3,5,4,4,2,2,1,2,5,4,3,3,0,FALSE
Male,Loyal Customer,32,Personal Travel,Eco,377,3,5,3,4,3,3,3,3,5,4,4,4,3,3.62,51,35,FALSE
Male,Loyal Customer,72,Business Travel,Business,1778,1,1,4,1,3,5,5,2,2,3,2,5,3,2.85,0,0,TRUE
Female,Disloyal Customer,23,Business Travel,Eco,758,2,2,2,2,4,2,4,4,4,3,1,5,4,3,0,0,FALSE
Male,Loyal Customer,30,Business Travel,Eco,436,5,2,3,2,5,5,5,5,2,1,5,3,5,3.69,0,0,TRUE
Female,Loyal Customer,40,Business Travel,Eco,2475,4,2,2,2,4,4,4,4,4,4,5,3,4,3.54,12,25,TRUE
Female,Disloyal Customer,35,Business Travel,Business,731,3,3,3,4,4,3,4,4,5,3,5,5,4,3.85,0,39,FALSE
Male,Disloyal Customer,23,Business Travel,Eco,404,5,2,5,1,5,5,2,5,2,1,5,3,5,3.54,0,0,TRUE
Male,Disloyal Customer,42,Business Travel,Business,683,1,1,1,4,4,1,4,4,5,3,5,3,4,3.08,0,40,FALSE
Male,Loyal Customer,17,Personal Travel,Eco,1096,4,2,4,3,4,4,4,4,2,5,2,1,4,3.31,60,81,FALSE
Male,Loyal Customer,43,Personal Travel,Eco,1389,3,4,3,4,3,3,3,3,3,1,3,1,3,2.85,0,0,FALSE
Male,Disloyal Customer,27,Business Travel,Business,224,5,5,5,4,2,5,2,2,5,2,5,5,2,3.77,0,0,TRUE
Female,Loyal Customer,40,Personal Travel,Eco,2845,3,1,3,4,5,3,5,5,5,5,4,4,5,4,0,0,FALSE
Female,Loyal Customer,74,Business Travel,Business,236,4,3,3,3,4,3,3,4,4,4,4,1,3,3.31,0,1,FALSE
Male,Loyal Customer,47,Personal Travel,Eco,846,3,5,2,1,5,2,1,5,3,3,5,4,5,3.38,0,0,FALSE
Female,Disloyal Customer,45,Business Travel,Business,1023,2,2,2,3,3,2,4,3,3,2,4,4,3,2.85,8,7,FALSE
Female,Loyal Customer,31,Business Travel,Business,1440,5,5,5,5,4,4,4,4,4,5,4,3,4,4.31,4,12,TRUE
Male,Loyal Customer,49,Personal Travel,Eco,357,3,1,3,3,4,3,5,4,4,5,2,3,4,3.38,0,0,FALSE
Female,Loyal Customer,66,Personal Travel,Eco,605,4,4,5,2,4,4,4,2,2,5,2,5,3,3.54,28,48,FALSE
Male,Loyal Customer,39,Business Travel,Business,3399,3,4,5,4,1,3,2,3,3,3,3,1,2,2.85,0,19,FALSE
Female,Loyal Customer,51,Personal Travel,Business,387,3,5,3,4,5,5,4,4,4,3,4,5,3,4,0,0,FALSE
Female,Loyal Customer,60,Business Travel,Business,2521,3,3,3,3,4,5,5,5,5,5,5,3,4,4.08,46,21,TRUE
Male,Loyal Customer,32,Business Travel,Eco,258,5,2,2,2,5,4,5,5,4,1,3,2,5,3.46,0,0,FALSE
Female,Disloyal Customer,25,Business Travel,Business,395,4,0,4,4,2,4,2,2,5,5,5,3,2,3.23,4,0,TRUE
Male,Disloyal Customer,24,Business Travel,Eco,545,3,3,3,3,5,3,5,5,1,3,3,3,5,3.46,0,9,FALSE
Male,Disloyal Customer,29,Business Travel,Eco,1533,1,1,1,3,5,1,5,5,3,3,3,1,5,2.85,4,0,FALSE
Female,Loyal Customer,45,Business Travel,Business,1946,4,4,4,4,4,3,3,4,4,4,4,1,1,3.38,0,0,FALSE
Male,Loyal Customer,44,Business Travel,Business,1635,5,5,5,5,3,3,5,5,5,5,5,4,5,4.62,23,5,TRUE
Female,Loyal Customer,42,Business Travel,Business,2712,4,5,4,4,4,5,5,4,4,3,4,4,3,4.08,0,0,TRUE
Male,Loyal Customer,45,Personal Travel,Eco,427,3,5,4,4,2,4,2,2,1,4,2,3,2,2.92,5,11,FALSE
Female,Loyal Customer,37,Business Travel,Eco,419,2,5,1,5,2,2,2,2,2,1,1,1,2,2.15,53,43,FALSE
Male,Loyal Customer,39,Business Travel,Business,2475,2,2,2,2,4,5,4,5,5,5,5,3,4,3.69,107,89,TRUE
Female,Loyal Customer,36,Business Travel,Business,1840,2,2,2,2,4,5,5,2,5,1,5,5,5,3.46,166,,TRUE
Female,Loyal Customer,23,Personal Travel,Eco Plus,1849,5,4,5,4,2,4,2,2,1,3,5,5,2,3.38,0,19,TRUE
Male,Loyal Customer,48,Business Travel,Eco,319,5,4,4,4,5,5,5,5,2,4,3,1,5,4,35,31,TRUE
Male,Loyal Customer,39,Business Travel,Business,2402,4,4,4,4,3,5,5,4,4,4,4,5,5,4.23,17,0,TRUE
Female,Loyal Customer,61,Business Travel,Business,3504,5,2,5,5,1,3,1,5,5,5,5,2,1,3.46,0,8,TRUE
Male,Loyal Customer,23,Business Travel,Business,448,3,4,4,4,3,3,3,3,4,3,3,4,3,3.38,64,74,FALSE
Female,Disloyal Customer,48,Business Travel,Eco,184,0,0,0,3,3,0,3,3,1,4,4,2,3,2,0,0,TRUE
Male,Loyal Customer,36,Business Travel,Eco,529,2,4,4,4,2,3,2,2,1,2,4,1,2,2.54,30,27,FALSE
Male,Disloyal Customer,51,Business Travel,Eco,594,4,1,4,4,5,4,5,5,1,3,3,3,5,3.62,0,26,FALSE
Female,Loyal Customer,14,Personal Travel,Eco,421,1,2,1,3,4,1,3,4,2,5,3,3,4,2.77,72,81,FALSE
Female,Loyal Customer,12,Business Travel,Business,3674,4,4,4,4,5,5,5,5,5,5,4,4,5,4.54,0,0,TRUE
Male,Loyal Customer,79,Business Travel,Eco Plus,209,2,2,4,2,2,2,2,2,1,2,3,1,2,2.08,18,22,FALSE
Female,Disloyal Customer,20,Business Travel,Eco,918,4,3,3,3,3,3,3,3,4,2,4,3,3,3.15,0,0,FALSE
Female,Disloyal Customer,22,Business Travel,Business,516,4,0,4,1,3,4,3,3,4,1,2,1,3,2.54,21,27,TRUE
Male,Loyal Customer,47,Personal Travel,Eco,285,2,4,3,1,5,3,4,5,4,2,5,3,5,3.54,7,9,FALSE
Female,Disloyal Customer,16,Business Travel,Eco,2039,1,1,1,3,4,1,4,4,4,4,3,3,4,2.85,4,0,FALSE
Male,Loyal Customer,61,Business Travel,Business,1861,2,5,2,2,3,4,3,2,2,2,2,3,1,2.54,32,52,FALSE
Female,Loyal Customer,56,Business Travel,Business,3167,4,4,4,4,2,4,4,3,3,3,3,4,5,3.62,0,0,TRUE
Male,Loyal Customer,31,Personal Travel,Eco Plus,1005,3,4,3,2,5,3,2,5,5,2,5,3,5,3.62,0,0,FALSE
Male,Loyal Customer,50,Business Travel,Business,1747,1,5,5,5,4,1,3,1,1,1,1,1,4,2.54,1,0,FALSE
Male,Loyal Customer,65,Personal Travel,Eco,883,1,2,1,2,3,1,1,3,2,5,3,4,3,2.38,5,4,FALSE
Female,Loyal Customer,8,Personal Travel,Eco,391,3,5,3,3,2,3,4,2,4,4,4,5,2,3.38,12,44,FALSE
Male,Loyal Customer,49,Business Travel,Business,3002,5,5,5,5,3,4,4,4,4,4,5,3,5,4.31,2,0,TRUE
Male,Loyal Customer,44,Business Travel,Business,2184,3,2,2,2,1,3,2,4,4,3,3,2,1,2.46,39,42,FALSE
Female,Loyal Customer,59,Personal Travel,Eco,1087,2,4,2,3,1,1,1,4,4,2,4,4,1,2.54,0,0,FALSE
Female,Loyal Customer,29,Personal Travel,Eco,248,3,5,3,4,5,3,2,5,3,2,4,5,5,3.77,10,12,FALSE
Male,Loyal Customer,42,Business Travel,Business,3198,5,5,5,5,4,2,1,5,5,5,5,1,1,3.77,1,0,TRUE
Male,Loyal Customer,41,Business Travel,Business,2021,2,2,2,2,3,5,3,4,4,4,4,4,3,3.23,0,24,TRUE
Female,Disloyal Customer,21,Business Travel,Eco,486,1,5,1,4,1,1,1,1,4,4,4,5,1,2.54,49,35,FALSE
Female,Loyal Customer,41,Business Travel,Business,590,3,2,3,3,3,5,4,4,4,4,4,5,3,3.62,0,0,TRUE
Female,Loyal Customer,27,Business Travel,Business,502,2,1,1,1,2,2,2,2,3,2,3,2,2,1.92,13,53,FALSE
Female,Loyal Customer,41,Business Travel,Business,770,4,4,4,4,3,4,5,4,4,4,4,3,3,3.85,23,4,TRUE
Female,Loyal Customer,57,Business Travel,Business,813,4,4,4,4,5,5,5,4,4,4,4,4,5,4.31,8,0,TRUE
Female,Loyal Customer,56,Personal Travel,Eco,813,2,2,2,3,5,4,3,3,3,2,3,1,3,2.77,0,0,FALSE
Male,Loyal Customer,38,Business Travel,Business,3548,2,2,2,2,4,5,5,4,4,4,5,4,5,3.69,0,0,TRUE
Female,Loyal Customer,50,Business Travel,Business,2504,0,4,0,1,5,4,5,5,5,5,5,3,4,3.54,14,11,TRUE
Female,Loyal Customer,35,Business Travel,Business,1814,2,1,1,1,5,3,3,2,2,2,2,4,4,2.46,0,7,FALSE
Female,Disloyal Customer,23,Business Travel,Eco,280,0,3,0,3,2,0,2,2,2,1,5,1,2,1.77,22,15,TRUE
Female,Loyal Customer,54,Business Travel,Eco,308,2,4,4,4,3,4,4,2,2,2,2,4,2,3,0,1,FALSE
Male,Loyal Customer,59,Business Travel,Business,762,2,2,2,2,5,5,5,5,5,5,5,5,4,4,22,1,TRUE
Male,Loyal Customer,52,Business Travel,Eco,868,2,4,4,4,2,2,2,1,2,3,3,2,2,2.54,156,142,FALSE
Female,Loyal Customer,40,Business Travel,Business,325,0,0,0,4,5,5,4,3,3,3,3,5,5,3.08,0,0,TRUE
Male,Loyal Customer,59,Business Travel,Business,511,4,4,4,4,2,5,5,5,5,5,5,3,3,4.15,1,0,TRUE
Male,Loyal Customer,9,Personal Travel,Eco,125,4,3,0,3,3,0,3,3,3,5,4,4,3,2.92,0,0,TRUE
Male,Disloyal Customer,33,Business Travel,Business,333,2,2,2,4,2,2,2,2,4,5,4,5,2,2.92,115,102,FALSE
Female,Disloyal Customer,20,Business Travel,Eco,282,5,0,5,1,3,5,3,3,4,2,5,4,3,3.31,0,0,TRUE
Female,Loyal Customer,17,Personal Travel,Eco,1053,4,5,3,1,4,3,4,4,4,5,5,3,4,3.77,20,24,FALSE
Male,Loyal Customer,56,Business Travel,Business,2138,5,5,5,5,4,5,4,5,5,5,5,4,4,4.69,0,0,TRUE
Male,Disloyal Customer,20,Business Travel,Eco,192,3,1,2,3,5,2,5,5,1,3,3,2,5,3.08,55,46,FALSE
Female,Loyal Customer,48,Personal Travel,Eco,680,1,5,1,5,4,5,4,2,2,1,2,5,3,3.08,0,0,FALSE
Female,Loyal Customer,40,Personal Travel,Eco,1014,2,5,1,4,4,1,4,4,2,1,4,3,4,3,15,34,FALSE
Male,Disloyal Customer,36,Business Travel,Eco,308,2,0,2,3,1,2,1,1,4,2,3,2,1,1.85,0,22,FALSE
Male,Disloyal Customer,25,Business Travel,Business,489,4,4,4,4,2,4,2,2,5,2,4,5,2,3.38,0,0,TRUE
Female,Loyal Customer,50,Business Travel,Business,2630,5,5,5,5,2,4,5,4,4,4,4,4,5,4.31,0,5,TRUE
Male,Loyal Customer,28,Business Travel,Business,3773,5,5,5,5,4,4,4,4,5,5,4,3,4,4.38,0,0,TRUE
Male,Disloyal Customer,34,Business Travel,Eco,515,2,4,2,2,1,2,1,1,3,4,3,4,1,2.31,0,0,FALSE
Male,Loyal Customer,28,Personal Travel,Eco,991,2,3,2,5,5,2,2,5,4,2,4,2,5,3.31,13,0,FALSE
Male,Loyal Customer,42,Business Travel,Business,3908,2,2,2,2,3,5,4,5,5,5,5,3,3,3.54,11,8,TRUE
Female,Loyal Customer,39,Business Travel,Business,3180,1,1,1,1,5,5,5,4,4,4,4,5,4,3.38,0,0,TRUE
Male,Loyal Customer,37,Business Travel,Eco,407,3,2,2,2,3,3,3,3,3,5,4,4,3,3.08,0,0,FALSE
Female,Loyal Customer,58,Business Travel,Business,927,5,5,5,5,1,1,5,5,5,5,5,2,4,4.08,13,,TRUE
Male,Loyal Customer,57,Personal Travel,Eco Plus,270,2,2,2,3,3,2,3,3,4,4,3,1,3,2.69,0,0,FALSE
Male,Loyal Customer,52,Business Travel,Eco,776,4,3,3,3,4,4,4,5,4,2,3,4,4,3.62,157,134,TRUE
Male,Loyal Customer,11,Business Travel,Eco Plus,1990,2,2,2,2,2,2,1,2,1,4,4,3,2,2.23,0,0,FALSE
Male,Loyal Customer,31,Business Travel,Eco,631,2,2,2,2,2,2,2,2,1,3,4,1,2,2.08,0,0,FALSE
Male,Loyal Customer,23,Business Travel,Business,919,1,1,1,1,4,3,4,4,3,3,5,5,4,3,0,0,TRUE
Male,Loyal Customer,34,Business Travel,Business,2479,3,4,4,4,5,4,4,3,3,3,3,2,2,3.38,0,0,FALSE
Male,Loyal Customer,46,Business Travel,Eco,253,2,1,1,1,2,2,2,2,1,5,2,1,2,1.85,0,0,FALSE
Male,Loyal Customer,45,Personal Travel,Eco,1067,4,4,4,1,3,4,3,3,4,4,5,3,3,3.46,0,0,TRUE
Female,Disloyal Customer,16,Business Travel,Eco,255,4,2,4,4,3,4,4,3,2,4,4,3,3,3.38,33,21,FALSE
Female,Loyal Customer,43,Business Travel,Eco,3463,4,2,2,2,4,4,4,3,3,4,3,4,4,3.31,24,53,FALSE
Male,Loyal Customer,9,Personal Travel,Eco,303,2,4,2,2,1,2,1,1,4,2,5,5,1,2.46,0,0,FALSE
Female,Loyal Customer,62,Personal Travel,Eco,1371,4,4,4,3,4,5,4,4,4,4,4,3,4,3.92,67,56,FALSE
Female,Loyal Customer,33,Business Travel,Business,227,1,1,1,1,5,4,5,5,5,5,5,4,5,3.62,56,57,TRUE
Female,Loyal Customer,47,Business Travel,Business,3951,1,1,1,1,2,5,5,2,2,3,2,4,4,2.54,4,0,TRUE
Female,Disloyal Customer,24,Business Travel,Business,1303,5,2,5,3,3,5,3,3,4,3,5,3,3,3.62,29,25,TRUE
Male,Loyal Customer,8,Personal Travel,Business,452,1,5,1,2,4,1,4,4,4,3,4,3,4,3.08,0,0,FALSE
Female,Loyal Customer,28,Business Travel,Eco,491,2,5,5,5,2,2,2,2,4,5,3,1,2,3.08,1,5,FALSE
Female,Loyal Customer,23,Business Travel,Business,925,4,4,4,4,5,5,5,5,5,3,5,3,5,4.38,0,0,TRUE
Male,Loyal Customer,48,Business Travel,Business,2937,3,4,3,4,3,4,3,3,3,3,3,2,1,3,0,0,FALSE
Male,Loyal Customer,54,Business Travel,Business,2682,2,3,3,3,4,4,3,2,2,2,2,2,4,2.77,0,0,FALSE
Female,Loyal Customer,58,Business Travel,Business,1621,1,1,1,1,4,3,3,5,5,5,5,5,5,3.38,108,100,TRUE
Male,Loyal Customer,57,Business Travel,Business,2493,1,1,1,1,3,4,4,1,1,1,1,2,1,1.69,0,0,FALSE
Female,Loyal Customer,9,Personal Travel,Eco,2239,1,5,1,1,1,1,1,1,4,5,5,5,1,2.46,0,0,FALSE
Male,Loyal Customer,29,Personal Travel,Eco,971,3,4,3,2,1,3,1,1,5,2,4,4,1,2.62,20,0,FALSE
Male,Loyal Customer,26,Business Travel,Business,2139,1,3,3,3,1,1,1,1,2,4,3,4,1,2.15,0,0,FALSE
Female,Loyal Customer,8,Personal Travel,Eco,541,1,5,1,2,5,1,4,5,5,5,5,5,5,3.77,0,0,FALSE
Female,Disloyal Customer,26,Business Travel,Business,646,3,4,3,3,2,3,1,2,1,5,3,1,2,2.54,0,0,FALSE
Male,Loyal Customer,20,Personal Travel,Eco Plus,2475,4,1,4,4,4,4,2,4,2,4,3,2,4,3.23,31,,FALSE
Female,Disloyal Customer,18,Business Travel,Eco,667,3,4,3,5,2,3,2,2,4,2,5,5,2,3.23,75,66,FALSE
Male,Disloyal Customer,39,Business Travel,Eco,318,2,1,3,3,5,3,5,5,1,5,4,2,5,3.38,0,0,FALSE
Female,Loyal Customer,61,Personal Travel,Business,526,3,3,3,3,2,2,3,5,5,3,5,4,3,3.38,0,0,FALSE
Female,Loyal Customer,9,Personal Travel,Eco,1074,2,2,2,3,5,2,5,5,4,5,3,1,5,3.38,0,0,FALSE
Male,Loyal Customer,47,Business Travel,Eco,227,4,1,5,1,4,4,4,2,3,3,3,4,4,3.23,140,122,FALSE
Male,Loyal Customer,15,Personal Travel,Eco,419,2,3,2,3,3,2,3,3,3,4,2,3,3,2.77,0,0,FALSE
Male,Disloyal Customer,23,Business Travel,Business,577,5,0,5,1,4,5,4,4,4,2,5,5,4,3.69,80,72,TRUE
Female,Loyal Customer,51,Business Travel,Business,2378,1,1,1,1,4,5,5,5,2,4,2,5,5,3.15,11,20,TRUE
Female,Loyal Customer,49,Business Travel,Business,2788,4,4,4,4,2,4,4,4,4,4,4,4,4,3.85,0,0,TRUE
Female,Loyal Customer,62,Personal Travel,Eco,1084,1,4,1,1,4,5,5,1,1,1,1,5,4,2.62,10,15,FALSE
Male,Loyal Customer,46,Business Travel,Eco,780,4,2,2,2,4,4,4,4,4,2,1,4,4,3.15,79,77,TRUE
Female,Loyal Customer,30,Business Travel,Business,2927,2,3,3,3,2,2,2,2,4,5,1,4,2,2.69,2,8,FALSE
Male,Loyal Customer,61,Business Travel,Business,971,2,2,2,2,3,3,3,2,2,2,2,4,3,2.46,103,88,FALSE
Female,Loyal Customer,39,Business Travel,Business,2139,3,3,3,3,3,5,5,4,4,4,4,4,3,3.69,44,46,TRUE
Male,Loyal Customer,52,Business Travel,Business,2770,1,1,1,1,2,4,4,5,5,5,5,5,3,3.23,0,0,TRUE
Male,Loyal Customer,39,Business Travel,Business,677,5,5,5,5,3,5,4,5,5,4,5,4,5,4.62,0,0,TRUE
Female,Loyal Customer,49,Business Travel,Business,446,5,5,5,5,2,4,4,4,4,4,4,3,5,4.15,5,4,TRUE
Female,Loyal Customer,57,Personal Travel,Eco,1315,3,5,3,3,3,5,5,2,2,3,4,4,5,3.62,10,3,FALSE
Female,Loyal Customer,51,Business Travel,Business,1065,2,2,2,2,2,4,4,4,4,5,4,4,4,3.31,0,0,TRUE
Male,Loyal Customer,63,Business Travel,Business,1531,4,4,4,4,2,4,4,4,4,4,4,4,3,3.77,0,0,TRUE
Female,Loyal Customer,29,Business Travel,Business,641,2,3,3,3,2,2,2,2,4,2,3,3,2,2.54,0,2,FALSE
Female,Disloyal Customer,21,Business Travel,Eco,264,3,0,3,1,5,3,3,5,2,5,2,3,5,3.08,0,0,FALSE
Female,Loyal Customer,45,Business Travel,Business,3512,5,5,5,5,5,4,5,5,5,5,4,4,4,4.69,0,0,TRUE
Male,Loyal Customer,45,Business Travel,Business,1497,4,4,4,4,5,5,4,4,4,4,4,4,3,4.08,0,2,TRUE
Female,Loyal Customer,37,Business Travel,Business,3376,4,4,4,4,3,4,5,4,4,4,4,3,4,3.92,115,103,TRUE
Male,Loyal Customer,64,Personal Travel,Eco,453,3,3,3,4,1,3,1,1,1,2,3,4,1,2.31,0,0,FALSE
Male,Disloyal Customer,24,Business Travel,Eco,413,4,0,3,5,2,3,2,2,4,5,4,5,2,3.15,3,2,TRUE
Female,Loyal Customer,45,Personal Travel,Business,456,4,4,4,4,5,3,3,1,1,4,3,2,2,3.08,0,0,FALSE
Female,Loyal Customer,52,Business Travel,Business,195,2,3,4,3,4,3,3,4,4,4,2,1,3,3.08,0,0,FALSE
Male,Loyal Customer,62,Business Travel,Business,369,2,2,2,2,2,4,5,4,4,5,4,5,4,3.46,0,0,TRUE
Male,Loyal Customer,51,Business Travel,Business,338,4,4,4,4,2,5,5,5,5,5,5,4,4,4.31,0,0,TRUE
Male,Loyal Customer,10,Personal Travel,Eco,413,1,4,1,3,4,1,4,4,2,2,3,5,4,2.92,50,42,FALSE
Female,Loyal Customer,42,Business Travel,Business,265,5,5,5,5,1,5,1,5,5,5,5,4,2,4.08,0,0,TRUE
Male,Loyal Customer,42,Business Travel,Business,1754,4,4,4,4,4,4,5,4,4,4,4,3,3,3.92,0,0,TRUE
Male,Loyal Customer,47,Business Travel,Eco,77,2,2,2,2,3,2,3,3,3,2,3,4,3,2.62,0,0,FALSE
Female,Loyal Customer,53,Personal Travel,Eco,591,3,5,2,3,2,5,5,5,5,2,5,4,5,3.92,10,0,FALSE
Male,Loyal Customer,33,Business Travel,Business,3845,1,3,3,3,1,1,1,1,1,5,3,1,1,1.92,0,0,FALSE
Male,Disloyal Customer,20,Business Travel,Eco,228,4,0,4,3,2,4,1,2,3,3,5,4,2,2.85,14,2,FALSE
Female,Loyal Customer,61,Business Travel,Eco,310,4,5,4,4,4,4,4,4,4,4,4,2,2,3.77,37,21,FALSE
Male,Loyal Customer,44,Business Travel,Eco,258,1,4,4,4,1,1,1,1,2,5,4,3,1,2.46,0,0,FALSE
Female,Loyal Customer,44,Business Travel,Eco,598,4,5,5,5,2,4,1,5,5,4,5,3,5,4.08,17,,TRUE
Male,Loyal Customer,49,Personal Travel,Eco,500,2,3,2,5,2,2,2,2,3,2,4,4,2,2.69,0,0,FALSE
Male,Loyal Customer,38,Personal Travel,Eco,212,3,5,3,3,2,3,2,2,4,1,5,2,2,2.85,4,2,FALSE
Male,Loyal Customer,36,Business Travel,Business,1846,4,4,4,4,4,3,5,3,3,3,3,5,4,3.77,20,5,TRUE
Male,Loyal Customer,56,Personal Travel,Eco,134,3,5,3,4,3,3,4,3,3,3,4,3,3,3.38,0,0,FALSE
Male,Loyal Customer,17,Business Travel,Eco Plus,228,0,5,0,3,5,0,5,5,5,1,1,5,5,3.08,0,0,TRUE
Male,Loyal Customer,31,Business Travel,Eco Plus,2676,5,5,5,5,5,5,5,4,4,4,2,5,5,4.54,0,24,TRUE
Female,Loyal Customer,35,Business Travel,Eco,590,4,1,1,1,4,4,4,4,3,2,2,5,4,3,33,15,TRUE
Female,Loyal Customer,47,Business Travel,Business,1691,1,1,1,1,2,4,4,1,1,1,1,4,3,1.92,25,19,FALSE
Male,Loyal Customer,59,Business Travel,Business,491,1,1,1,1,4,4,4,5,5,5,5,5,4,3.46,4,0,TRUE
Male,Loyal Customer,40,Business Travel,Business,406,3,3,3,3,5,4,4,3,3,3,3,4,4,3.46,0,25,FALSE
Male,Loyal Customer,38,Business Travel,Eco,1069,4,5,2,2,4,5,4,4,5,3,4,1,4,3.62,29,44,TRUE
Male,Disloyal Customer,40,Business Travel,Eco,406,4,2,4,3,4,4,4,4,1,5,3,4,4,3.54,1,5,FALSE
Male,Loyal Customer,14,Personal Travel,Eco,903,3,5,3,3,3,3,3,3,5,4,4,5,3,3.62,0,21,FALSE
Female,Disloyal Customer,25,Business Travel,Eco,240,3,2,3,2,2,3,2,2,3,2,3,1,2,2.31,0,0,FALSE
Male,Loyal Customer,36,Business Travel,Business,77,4,4,4,4,3,5,4,4,4,5,3,1,4,3.77,0,0,TRUE
Female,Disloyal Customer,20,Business Travel,Eco,192,2,0,2,4,3,2,3,3,1,3,1,3,3,2.31,27,21,FALSE
Male,Loyal Customer,50,Personal Travel,Eco,387,3,1,3,2,3,3,3,3,2,2,2,2,3,2.46,0,12,FALSE
Male,Loyal Customer,11,Personal Travel,Eco,2248,3,5,3,1,2,3,2,2,4,3,5,3,2,2.92,31,25,FALSE
Female,Loyal Customer,53,Business Travel,Business,229,2,1,3,1,4,4,3,2,2,2,2,4,2,2.46,0,0,FALSE
Male,Loyal Customer,45,Business Travel,Eco Plus,376,4,2,2,2,4,4,4,4,3,4,2,5,4,3.38,0,4,TRUE
Female,Loyal Customer,31,Business Travel,Business,3451,3,3,3,3,5,5,5,5,3,5,1,2,5,3.69,0,0,TRUE
Male,Loyal Customer,25,Business Travel,Business,1874,5,5,5,5,5,5,5,5,4,3,5,2,5,4.54,14,43,TRUE
Female,Loyal Customer,66,Personal Travel,Eco,216,0,0,0,3,2,5,5,5,5,0,5,5,3,2.92,17,15,TRUE
Male,Loyal Customer,36,Personal Travel,Eco,408,3,4,5,1,4,5,4,4,5,4,4,5,4,4,0,6,FALSE
Female,Loyal Customer,33,Business Travel,Eco,227,4,5,5,5,4,4,4,4,3,2,4,3,4,3.92,0,0,TRUE
Male,Loyal Customer,41,Business Travel,Business,3494,3,3,3,3,2,5,5,5,5,5,5,5,3,4,86,94,TRUE
Male,Disloyal Customer,41,Business Travel,Eco,129,5,5,5,5,1,5,1,1,5,4,4,5,1,3.62,0,0,TRUE
Female,Loyal Customer,24,Personal Travel,Eco,247,2,4,2,4,3,2,3,3,4,5,4,4,3,3.31,5,52,FALSE
Female,Disloyal Customer,49,Business Travel,Eco,711,1,1,1,3,4,1,4,4,3,1,4,4,4,2.69,0,2,FALSE
Male,Loyal Customer,52,Business Travel,Business,189,4,4,4,4,5,4,4,5,5,5,4,4,3,4.23,0,0,TRUE
Female,Loyal Customer,34,Business Travel,Business,763,3,3,3,3,3,5,2,5,5,5,5,2,1,3.46,0,0,TRUE
Female,Loyal Customer,45,Business Travel,Business,1585,5,5,5,5,3,5,5,2,2,2,2,4,5,3.85,26,9,TRUE
Male,Loyal Customer,57,Personal Travel,Eco,140,1,3,1,3,5,1,5,5,3,5,3,2,5,3.23,0,0,FALSE
Male,Loyal Customer,42,Business Travel,Business,1276,1,1,5,1,4,5,5,4,4,4,4,4,4,3.54,0,0,TRUE
Female,Loyal Customer,12,Personal Travel,Eco,554,4,4,4,4,5,4,5,5,4,4,5,5,5,4.46,0,0,TRUE
Female,Loyal Customer,45,Business Travel,Eco,461,5,3,3,3,2,2,3,5,5,5,5,5,4,3.85,0,6,TRUE
Female,Loyal Customer,39,Business Travel,Business,1548,3,3,3,3,3,5,2,5,5,5,5,2,3,3.62,9,0,TRUE
Female,Disloyal Customer,35,Business Travel,Business,2556,2,2,2,1,1,2,1,1,5,3,3,3,1,2.08,0,0,FALSE
Male,Loyal Customer,25,Business Travel,Business,3243,3,3,3,3,5,5,5,5,4,2,4,4,5,3.92,0,0,TRUE
Male,Loyal Customer,31,Personal Travel,Eco,595,2,5,2,1,4,2,4,4,1,1,2,2,4,2.62,0,0,FALSE
Male,Loyal Customer,50,Business Travel,Business,1426,4,2,4,4,4,4,5,5,5,5,5,5,3,4.23,0,0,TRUE
Male,Loyal Customer,50,Business Travel,Business,1656,2,2,4,2,2,4,4,4,4,4,4,3,4,3.31,0,0,TRUE
Female,Disloyal Customer,38,Business Travel,Business,270,5,5,5,3,2,5,2,2,5,3,4,3,2,3.54,0,0,TRUE
Male,Loyal Customer,45,Personal Travel,Eco,272,3,3,3,4,3,3,3,3,3,5,4,2,3,3.23,32,27,FALSE
Male,Loyal Customer,48,Business Travel,Business,2172,1,4,3,4,5,1,1,1,1,2,1,1,4,2.23,3,20,FALSE
Male,Loyal Customer,28,Business Travel,Business,235,4,4,4,4,4,4,4,4,3,3,4,3,4,3.77,6,3,TRUE
Female,Loyal Customer,55,Business Travel,Business,603,2,2,2,2,4,5,5,4,4,4,4,4,3,3.46,0,0,TRUE
Male,Disloyal Customer,25,Business Travel,Eco,640,2,4,2,4,2,2,2,2,2,3,4,1,2,2.46,106,107,FALSE
Female,Loyal Customer,47,Business Travel,Business,3173,1,1,1,1,2,5,4,4,4,4,4,5,3,3,87,111,TRUE
Male,Loyal Customer,51,Business Travel,Business,296,4,4,4,4,4,4,4,4,4,4,4,5,5,4.15,0,0,TRUE
Female,Loyal Customer,52,Personal Travel,Eco,337,3,4,3,1,2,4,4,2,2,3,2,2,5,2.85,0,7,FALSE
Male,Loyal Customer,56,Personal Travel,Eco,550,3,5,3,2,5,3,5,5,2,1,4,1,5,3.38,0,0,FALSE
Female,Loyal Customer,53,Business Travel,Business,1608,2,2,2,2,3,4,5,4,4,4,4,3,5,3.38,0,0,TRUE
Male,Loyal Customer,19,Personal Travel,Business,237,2,5,2,1,2,2,2,2,3,3,5,4,2,2.69,0,0,FALSE
Male,Loyal Customer,31,Business Travel,Business,349,1,5,5,5,1,1,1,1,2,5,4,2,1,2.62,37,23,FALSE
Female,Disloyal Customer,37,Business Travel,Eco,200,2,2,2,3,4,2,4,4,4,4,3,3,4,3.15,77,75,FALSE
Female,Loyal Customer,80,Business Travel,Eco Plus,655,4,3,3,3,1,1,3,4,4,4,4,4,4,3.23,0,0,TRUE
Female,Loyal Customer,46,Business Travel,Business,3586,4,4,4,4,3,4,5,4,4,4,4,5,5,4.15,5,10,TRUE
Female,Loyal Customer,11,Personal Travel,Eco,373,2,4,2,3,4,2,4,4,4,1,3,4,4,3.15,8,3,FALSE
Female,Loyal Customer,40,Business Travel,Business,3742,2,2,2,2,4,5,4,3,3,3,3,3,3,3,43,33,TRUE
Male,Loyal Customer,51,Business Travel,Business,2097,4,4,4,4,3,4,4,5,5,5,5,4,4,4.23,0,4,TRUE
Female,Loyal Customer,29,Business Travel,Business,3014,1,3,3,3,1,1,1,1,1,2,4,2,1,1.85,0,0,FALSE
Male,Loyal Customer,44,Business Travel,Business,2139,1,1,1,1,4,3,5,4,4,5,4,5,4,3.23,57,52,TRUE
Male,Disloyal Customer,52,Business Travel,Business,563,1,1,1,3,2,1,2,2,3,4,4,5,2,2.38,0,0,FALSE
Female,Loyal Customer,48,Business Travel,Eco,1211,5,4,3,4,3,1,3,5,5,5,5,2,4,3.77,4,0,TRUE
Male,Loyal Customer,38,Personal Travel,Eco,679,3,4,3,3,4,3,1,4,4,5,5,3,4,3.54,0,0,FALSE
Female,Disloyal Customer,38,Business Travel,Eco,209,1,0,1,4,4,1,4,4,3,3,2,4,4,2.69,13,33,FALSE
Female,Disloyal Customer,26,Business Travel,Eco,1457,2,2,2,3,3,2,3,3,2,5,3,1,3,2.62,0,20,FALSE
Female,Loyal Customer,59,Business Travel,Business,328,3,3,3,3,3,5,5,5,5,5,5,4,3,4,0,0,TRUE
Female,Loyal Customer,33,Personal Travel,Eco,1844,0,5,0,4,2,0,2,2,3,5,4,4,2,2.54,1,4,TRUE
Male,Loyal Customer,33,Personal Travel,Eco,785,3,3,3,3,5,3,5,5,3,2,3,4,5,3.62,1,10,FALSE
Female,Loyal Customer,58,Business Travel,Business,2512,3,3,3,3,2,4,4,3,3,3,3,5,3,3.23,2,0,TRUE
Male,Loyal Customer,12,Personal Travel,Eco,633,3,4,3,4,3,1,1,5,2,4,4,1,1,2.77,142,133,FALSE
Female,Disloyal Customer,20,Business Travel,Eco Plus,1020,3,3,3,4,1,3,1,1,2,2,3,3,1,2.31,0,0,FALSE
Female,Loyal Customer,47,Business Travel,Business,1592,1,1,1,1,2,3,5,5,5,5,5,4,5,3.31,0,0,TRUE
Female,Loyal Customer,67,Personal Travel,Eco,544,3,3,3,3,1,5,5,1,1,3,1,3,3,2.69,86,68,FALSE
Male,Disloyal Customer,26,Business Travel,Business,1299,4,4,4,4,5,4,2,5,3,1,4,2,5,3.62,0,0,FALSE
Male,Loyal Customer,38,Personal Travel,Eco,641,2,3,2,3,1,2,1,1,3,4,2,4,1,2.23,0,0,FALSE
Female,Loyal Customer,40,Business Travel,Business,1932,2,2,4,2,2,5,4,4,4,4,4,4,3,3.38,0,0,TRUE
Female,Disloyal Customer,24,Business Travel,Eco,236,5,4,5,4,2,5,2,2,5,3,4,4,2,3.62,0,0,TRUE
Male,Loyal Customer,52,Personal Travel,Eco,978,3,4,3,4,3,3,3,3,5,4,5,4,3,3.62,20,12,FALSE
Male,Loyal Customer,58,Business Travel,Business,651,4,3,4,4,4,5,5,5,5,4,5,5,4,4.38,83,94,TRUE
Female,Disloyal Customer,22,Business Travel,Eco,612,2,5,2,1,5,2,5,5,3,5,5,4,5,3.77,14,15,FALSE
Male,Loyal Customer,28,Business Travel,Eco Plus,794,2,5,5,5,2,2,2,2,5,4,3,2,2,3.15,151,147,FALSE
Male,Disloyal Customer,23,Business Travel,Eco,166,5,0,5,2,5,5,4,5,3,2,4,4,5,3.77,0,0,TRUE
Female,Loyal Customer,38,Business Travel,Eco Plus,533,5,5,5,5,5,5,5,5,2,1,1,2,5,3.92,0,0,TRUE
Female,Loyal Customer,50,Business Travel,Business,2446,5,2,5,5,3,5,4,5,5,5,5,5,4,4.46,0,1,TRUE
Male,Loyal Customer,44,Business Travel,Business,4963,5,5,5,5,4,4,4,3,3,4,4,4,4,4.15,0,0,TRUE
Male,Loyal Customer,50,Business Travel,Business,669,1,1,1,1,2,4,4,4,4,4,4,5,3,2.92,0,0,TRUE
Male,Loyal Customer,39,Business Travel,Business,471,1,1,1,1,4,5,5,3,3,3,3,4,3,2.85,25,15,TRUE
Female,Loyal Customer,50,Personal Travel,Eco Plus,2446,2,5,2,2,2,3,3,3,4,3,5,3,3,3.08,0,0,FALSE
Male,Loyal Customer,54,Business Travel,Business,224,3,3,3,3,5,4,4,5,5,5,5,4,5,4.15,16,15,TRUE
Female,Disloyal Customer,45,Business Travel,Eco,1117,2,2,2,3,5,2,5,5,1,1,3,4,5,3.08,73,98,FALSE
Female,Loyal Customer,27,Business Travel,Business,3433,4,4,4,4,4,4,4,4,1,1,1,2,4,3.15,40,49,FALSE
Female,Loyal Customer,22,Business Travel,Business,1538,2,4,2,2,3,3,3,3,1,1,3,1,3,2.38,0,0,TRUE
Female,Loyal Customer,36,Business Travel,Business,2586,3,1,1,1,3,3,3,3,3,3,3,1,3,2.38,0,0,FALSE
Male,Loyal Customer,36,Business Travel,Business,3446,4,4,4,4,2,4,3,4,4,4,4,3,4,3.69,46,46,TRUE
Female,Loyal Customer,59,Personal Travel,Eco,598,2,0,2,2,3,4,4,2,2,2,4,4,3,2.62,0,0,FALSE
Male,Disloyal Customer,49,Business Travel,Eco,299,3,4,3,4,3,3,2,3,1,2,3,4,3,2.92,9,0,FALSE
Male,Loyal Customer,37,Business Travel,Business,907,2,2,2,2,2,5,5,5,5,5,5,4,5,3.77,0,0,TRUE
Male,Loyal Customer,26,Business Travel,Business,2227,2,5,5,5,2,2,2,2,1,5,1,4,2,2.92,17,15,FALSE
Male,Disloyal Customer,23,Business Travel,Eco,979,2,2,2,3,4,2,4,4,4,3,4,4,4,3.23,6,9,FALSE
Male,Loyal Customer,56,Personal Travel,Eco,101,2,1,0,4,3,0,1,3,2,5,4,2,3,2.31,0,0,FALSE
Female,Loyal Customer,35,Business Travel,Eco Plus,1825,1,5,5,5,1,1,1,1,1,5,3,4,1,2.62,0,0,FALSE
Male,Loyal Customer,34,Business Travel,Business,3836,3,2,5,5,3,3,3,2,1,4,4,3,3,3.15,188,184,FALSE
Male,Loyal Customer,71,Business Travel,Business,1816,4,4,4,4,2,4,4,4,4,3,4,1,2,3.38,0,0,FALSE
Female,Disloyal Customer,30,Business Travel,Eco Plus,861,3,3,3,3,5,3,5,5,1,3,3,3,5,3.46,54,70,FALSE
Male,Loyal Customer,48,Business Travel,Business,2397,0,4,0,4,4,3,3,3,3,3,3,5,2,2.85,7,4,TRUE
Male,Loyal Customer,20,Personal Travel,Eco,519,2,4,4,1,3,4,3,3,3,5,4,3,3,3.23,3,0,FALSE
Female,Loyal Customer,28,Personal Travel,Eco,777,3,5,3,4,2,3,1,2,3,3,5,5,2,3.15,0,0,FALSE
Male,Loyal Customer,50,Business Travel,Business,2342,5,5,5,5,5,4,4,4,4,4,4,3,4,4.31,0,0,TRUE
Female,Loyal Customer,23,Business Travel,Eco,874,2,2,2,2,2,2,3,2,4,2,4,2,2,2.38,0,5,FALSE
Male,Loyal Customer,37,Business Travel,Business,407,1,1,1,1,1,2,2,1,1,1,1,2,3,1.38,60,58,FALSE
Male,Loyal Customer,56,Personal Travel,Eco,2125,3,1,3,2,3,3,3,3,1,5,2,3,3,2.69,0,2,FALSE
Male,Loyal Customer,33,Business Travel,Business,1684,2,1,2,2,5,5,5,5,4,4,5,5,5,3.85,0,0,TRUE
Female,Loyal Customer,36,Business Travel,Business,3892,4,1,1,1,2,3,3,4,4,4,4,2,2,2.69,38,38,FALSE
Male,Disloyal Customer,21,Business Travel,Eco,569,0,4,0,4,2,0,2,2,5,4,2,3,2,2.31,1,11,TRUE
Female,Disloyal Customer,12,Business Travel,Eco,542,3,1,3,3,1,3,1,1,3,4,3,2,1,2.23,25,7,FALSE
Female,Loyal Customer,62,Personal Travel,Eco,683,4,5,5,1,5,5,4,2,2,5,2,5,4,3.77,0,0,FALSE
Female,Loyal Customer,35,Business Travel,Business,2005,2,2,2,2,5,3,3,2,2,2,2,4,3,2.62,0,0,FALSE
Male,Loyal Customer,57,Business Travel,Business,3456,5,5,5,5,4,5,5,4,4,4,4,3,3,4.31,0,6,TRUE
Female,Loyal Customer,60,Business Travel,Business,370,5,5,3,5,4,5,5,4,4,4,4,5,3,4.31,16,21,TRUE
Female,Loyal Customer,11,Personal Travel,Eco,399,5,5,5,3,4,5,4,4,4,5,5,4,4,4.38,0,0,TRUE
Male,Loyal Customer,39,Personal Travel,Eco,404,2,3,2,5,2,2,2,2,5,2,5,1,2,2.69,39,16,FALSE
Male,Loyal Customer,56,Business Travel,Business,696,3,5,5,5,5,4,4,3,3,3,3,3,2,3.69,0,5,FALSE
Female,Loyal Customer,35,Business Travel,Eco,315,2,5,5,5,2,2,2,2,2,3,1,4,2,2.85,0,8,FALSE
Female,Loyal Customer,13,Personal Travel,Eco,1262,2,2,2,4,5,2,4,5,4,3,2,3,5,3.31,0,26,FALSE
Female,Loyal Customer,37,Business Travel,Business,2013,2,5,5,5,1,4,4,2,2,2,2,2,4,3.08,0,0,FALSE
Female,Loyal Customer,63,Personal Travel,Eco Plus,907,3,1,3,2,5,3,2,5,5,3,3,2,4,3.15,0,0,FALSE
Male,Loyal Customer,39,Business Travel,Business,1346,3,3,3,3,4,5,4,4,4,4,4,3,4,3.69,0,0,TRUE
Female,Loyal Customer,37,Personal Travel,Eco,162,2,4,2,4,4,2,5,4,3,3,4,5,4,3.54,22,49,FALSE
Female,Loyal Customer,65,Business Travel,Business,3259,2,2,2,2,1,2,2,2,2,2,2,2,1,1.85,88,119,FALSE
Female,Loyal Customer,52,Business Travel,Eco Plus,349,2,1,1,1,4,4,3,2,2,2,2,3,2,2.23,2,0,FALSE
Male,Disloyal Customer,32,Business Travel,Business,872,4,4,4,1,4,4,5,4,4,4,5,5,4,4,7,10,FALSE
Female,Loyal Customer,48,Personal Travel,Eco Plus,1428,1,5,1,2,4,5,5,2,2,1,4,5,4,3.15,0,0,FALSE
Female,Loyal Customer,52,Business Travel,Business,2442,2,2,2,2,4,4,5,5,5,5,5,3,5,3.77,0,0,TRUE
Female,Loyal Customer,49,Business Travel,Business,1797,2,2,2,2,3,4,4,3,3,4,3,5,4,3.15,6,0,TRUE
Male,Loyal Customer,56,Business Travel,Business,3451,1,1,1,1,4,5,5,4,4,4,4,3,5,3.23,0,0,TRUE
Female,Disloyal Customer,23,Business Travel,Eco,163,1,0,1,2,4,1,4,4,4,4,5,3,4,2.85,0,0,FALSE
Male,Loyal Customer,49,Personal Travel,Eco,2475,2,4,2,1,2,2,2,4,2,5,5,2,2,2.69,0,0,FALSE
Male,Loyal Customer,41,Business Travel,Business,1428,4,4,4,4,3,4,5,4,4,4,4,5,5,4.15,0,12,TRUE
Female,Loyal Customer,13,Personal Travel,Eco,2586,0,1,0,2,4,0,4,4,4,4,1,3,4,2.38,5,0,TRUE
Male,Loyal Customer,30,Business Travel,Eco,1024,5,3,3,3,5,5,5,5,4,5,5,4,5,4.38,0,0,TRUE
Male,Loyal Customer,24,Business Travel,Business,2716,2,2,2,2,5,5,5,5,5,2,1,3,5,3.38,25,40,TRUE
Female,Loyal Customer,53,Business Travel,Business,223,5,5,5,5,5,5,5,4,4,4,3,4,2,4.31,0,0,TRUE
Female,Loyal Customer,59,Business Travel,Eco,328,3,3,5,3,2,3,3,3,3,3,3,4,3,3.15,0,0,FALSE
Female,Disloyal Customer,42,Business Travel,Eco,938,2,3,3,4,1,2,2,1,4,5,3,3,1,2.62,0,2,FALSE
Male,Loyal Customer,37,Business Travel,Business,3867,1,1,1,1,2,4,4,5,5,5,5,4,4,3.23,7,6,TRUE
Female,Loyal Customer,28,Business Travel,Business,137,2,1,1,1,2,2,2,2,3,5,3,2,2,2.15,0,10,FALSE
Female,Disloyal Customer,24,Business Travel,Business,453,4,0,4,4,4,4,4,4,5,4,4,4,4,3.77,0,4,TRUE
Male,Loyal Customer,52,Business Travel,Business,212,3,1,3,1,4,3,3,1,1,1,3,4,4,2.46,0,67,FALSE
Female,Loyal Customer,38,Business Travel,Business,192,2,5,5,5,2,3,4,2,2,2,2,1,4,3,0,3,FALSE
Male,Disloyal Customer,23,Business Travel,Eco,604,2,2,2,4,4,2,4,4,4,5,4,3,4,3.38,0,12,FALSE
Male,Loyal Customer,48,Personal Travel,Eco,763,3,5,3,3,1,3,1,1,4,3,5,5,1,2.92,0,0,FALSE
Male,Loyal Customer,31,Business Travel,Eco,247,2,3,3,3,2,2,2,2,4,5,2,3,2,2.69,14,10,FALSE
Female,Loyal Customer,59,Business Travel,Business,164,0,5,0,5,4,5,3,5,5,5,5,1,1,3.38,81,,TRUE
Male,Loyal Customer,37,Business Travel,Business,3640,2,5,5,5,3,2,2,2,2,2,2,3,1,2.77,0,0,FALSE
Male,Disloyal Customer,25,Business Travel,Business,580,0,4,0,1,4,4,4,4,3,4,4,4,4,3.08,9,4,TRUE
Male,Loyal Customer,59,Business Travel,Business,447,5,5,5,5,3,4,5,2,2,2,2,3,3,3.54,0,7,TRUE
Female,Loyal Customer,46,Business Travel,Business,3541,2,2,1,2,2,5,4,4,4,4,4,4,3,3.15,0,3,TRUE
Female,Loyal Customer,26,Business Travel,Eco,602,2,4,4,4,2,3,1,2,2,2,2,2,2,2.46,3,0,FALSE
Female,Loyal Customer,47,Business Travel,Eco,226,2,3,3,3,1,3,3,2,2,2,2,3,2,2.38,0,0,FALSE
Male,Loyal Customer,58,Personal Travel,Eco,321,4,5,4,5,4,4,3,4,4,2,5,1,4,3.77,0,0,FALSE
Female,Loyal Customer,62,Personal Travel,Eco,668,2,4,1,5,5,4,4,3,3,1,3,3,3,3.15,2,0,FALSE
Male,Loyal Customer,39,Business Travel,Eco,89,2,2,2,2,2,2,2,2,4,1,4,2,2,2.23,6,7,TRUE
Female,Loyal Customer,25,Business Travel,Eco,528,3,5,2,5,3,4,5,3,2,3,1,4,3,3.31,2,0,TRUE
Female,Loyal Customer,25,Business Travel,Eco,1120,1,4,4,4,1,1,4,1,2,1,3,4,1,2.38,0,0,FALSE
Female,Loyal Customer,33,Personal Travel,Eco,536,0,4,0,4,5,0,5,5,4,3,4,3,5,3.23,2,4,TRUE
Male,Loyal Customer,53,Business Travel,Business,369,3,3,3,3,4,4,5,5,5,5,5,3,5,4.08,0,0,TRUE
Female,Loyal Customer,41,Business Travel,Business,1208,2,2,2,2,5,1,2,2,2,2,2,5,5,2.62,0,0,TRUE
Male,Loyal Customer,55,Business Travel,Business,541,4,4,4,4,4,4,4,4,4,4,4,3,4,3.92,30,79,TRUE
Female,Disloyal Customer,43,Business Travel,Business,666,5,5,5,3,5,5,5,5,3,5,4,4,5,4.54,0,4,TRUE
Male,Loyal Customer,43,Business Travel,Eco,262,2,4,3,4,2,2,2,2,4,2,3,4,2,2.77,51,61,FALSE
Male,Disloyal Customer,49,Business Travel,Business,214,1,1,1,2,5,1,5,5,3,4,5,3,5,3.15,0,0,FALSE
Female,Loyal Customer,35,Personal Travel,Eco,677,4,2,4,4,5,4,5,5,1,3,4,4,5,3.85,0,0,FALSE
Female,Loyal Customer,43,Business Travel,Business,239,1,1,1,1,3,5,4,5,5,5,5,4,5,3.46,11,10,TRUE
Female,Disloyal Customer,20,Business Travel,Eco,1031,4,4,4,5,5,4,5,5,2,4,1,3,5,3.92,0,0,FALSE
Male,Loyal Customer,8,Personal Travel,Eco,474,2,5,2,3,4,2,4,4,3,5,4,1,4,3.31,0,0,FALSE
Female,Loyal Customer,50,Business Travel,Business,733,3,2,2,2,4,3,3,3,3,3,3,2,4,2.85,76,70,FALSE
Female,Loyal Customer,33,Personal Travel,Business,337,3,5,3,4,2,5,5,3,3,3,3,4,5,3.69,0,0,FALSE
Male,Loyal Customer,57,Personal Travel,Eco,590,3,5,4,2,3,4,3,3,4,5,5,4,3,3.69,0,0,FALSE
Male,Loyal Customer,55,Business Travel,Business,715,5,5,4,5,4,5,4,5,5,4,5,3,4,4.46,17,18,TRUE
Female,Loyal Customer,55,Personal Travel,Eco,1576,2,4,2,5,5,4,4,2,2,2,2,4,4,3.23,0,0,FALSE
Male,Loyal Customer,29,Personal Travel,Eco,230,4,5,4,3,2,4,2,2,4,4,5,3,2,3.38,0,0,TRUE
Male,Loyal Customer,52,Business Travel,Business,1010,4,4,4,4,2,5,4,4,4,4,4,4,3,3.85,0,0,TRUE
Male,Loyal Customer,53,Personal Travel,Eco,152,2,4,0,1,5,0,2,5,5,3,4,4,5,3.08,0,3,FALSE
Female,Loyal Customer,58,Business Travel,Business,3383,4,4,4,4,5,4,5,5,5,5,5,4,3,4.38,57,41,TRUE
Female,Disloyal Customer,24,Business Travel,Eco,432,5,0,5,1,2,5,2,2,1,3,5,1,2,2.62,7,0,TRUE
Female,Loyal Customer,41,Business Travel,Business,944,3,5,2,5,4,4,4,3,3,3,3,4,1,3.38,17,10,FALSE
Female,Loyal Customer,72,Business Travel,Eco,376,4,5,5,5,5,4,3,4,4,4,4,4,3,4.15,0,16,FALSE
Female,Loyal Customer,38,Business Travel,Business,399,1,3,3,3,5,4,4,1,1,1,1,1,1,2.23,0,0,FALSE
Male,Loyal Customer,59,Personal Travel,Eco,405,3,5,3,3,1,3,1,1,3,5,4,4,1,2.85,8,7,FALSE
Female,Loyal Customer,68,Personal Travel,Eco Plus,403,2,4,2,3,4,5,4,2,2,2,2,4,5,3.15,0,0,FALSE
Female,Loyal Customer,46,Business Travel,Business,1956,2,2,2,2,3,5,4,5,5,5,5,3,3,3.54,0,0,TRUE
Male,Loyal Customer,52,Business Travel,Business,2957,4,4,4,4,4,4,4,4,4,5,4,3,3,3.92,0,0,TRUE
Female,Loyal Customer,42,Personal Travel,Business,814,3,1,2,3,5,3,4,2,2,2,4,2,2,2.69,0,0,FALSE
Male,Loyal Customer,44,Business Travel,Eco,694,5,5,1,5,5,5,5,5,2,5,1,1,5,3.85,0,0,TRUE
Female,Loyal Customer,40,Personal Travel,Eco,1028,1,2,2,3,4,2,4,4,4,4,2,1,4,2.85,72,55,FALSE
Female,Loyal Customer,43,Personal Travel,Eco,812,3,4,4,4,1,5,4,4,4,4,4,1,1,3.31,0,0,FALSE
Female,Loyal Customer,70,Business Travel,Eco Plus,931,1,3,3,3,2,3,2,1,1,1,1,3,2,2,17,13,FALSE
Male,Loyal Customer,52,Personal Travel,Eco,331,3,4,3,3,3,3,3,3,1,3,1,3,3,2.77,0,0,FALSE
Male,Loyal Customer,7,Personal Travel,Eco Plus,417,3,4,3,3,4,3,4,4,3,5,4,4,4,3.69,8,6,FALSE
Female,Loyal Customer,36,Personal Travel,Eco,483,2,1,2,4,5,2,5,5,3,5,4,1,5,3.38,0,0,FALSE
Female,Loyal Customer,44,Business Travel,Business,3211,1,1,1,1,4,3,2,4,4,4,1,1,2,2.23,0,0,FALSE
Female,Disloyal Customer,24,Business Travel,Business,1235,5,4,5,4,2,4,2,2,4,5,4,4,2,3.62,0,0,TRUE
Male,Loyal Customer,43,Business Travel,Business,2288,5,5,5,5,4,5,5,4,4,4,4,5,5,4.62,21,0,TRUE
Female,Loyal Customer,60,Personal Travel,Eco,719,2,3,2,4,5,3,1,2,2,2,2,2,5,2.69,0,0,FALSE
Female,Loyal Customer,26,Personal Travel,Eco,550,2,5,2,4,1,2,1,1,4,2,5,4,1,2.62,0,0,FALSE
Female,Loyal Customer,55,Business Travel,Business,1073,5,5,5,5,4,5,5,5,5,5,5,5,5,4.92,2,0,TRUE
Female,Loyal Customer,66,Personal Travel,Eco,985,5,4,5,1,5,4,4,5,2,5,5,4,4,4.08,131,143,TRUE
Male,Loyal Customer,53,Business Travel,Business,1679,3,3,3,3,2,4,5,5,5,5,5,5,5,4.08,0,0,TRUE
Male,Loyal Customer,46,Business Travel,Business,3471,3,5,5,5,1,4,4,3,3,2,3,1,3,3.23,0,0,FALSE
Male,Loyal Customer,25,Personal Travel,Eco,201,1,4,1,4,1,1,1,1,4,4,4,1,1,2.15,0,0,FALSE
Male,Loyal Customer,64,Personal Travel,Eco,991,3,2,3,3,2,3,2,2,1,3,4,2,2,2.46,0,4,FALSE
Male,Loyal Customer,49,Personal Travel,Eco,922,5,5,5,2,4,5,3,4,3,2,5,3,4,3.85,20,13,TRUE
Male,Loyal Customer,53,Business Travel,Business,859,2,2,2,2,4,4,4,4,4,4,4,3,5,3.38,0,0,TRUE
Female,Loyal Customer,49,Business Travel,Business,1562,3,4,5,4,4,4,3,3,3,3,3,4,3,3.54,6,5,FALSE
Female,Loyal Customer,11,Personal Travel,Eco Plus,630,3,5,3,5,4,3,4,4,4,2,5,5,4,3.92,0,0,FALSE
Female,Loyal Customer,47,Business Travel,Business,1717,5,5,5,5,2,4,5,4,4,4,4,3,5,4.23,10,4,TRUE
Male,Loyal Customer,57,Business Travel,Business,1865,2,4,4,4,5,2,2,2,2,2,2,2,4,2.85,0,0,FALSE
Female,Loyal Customer,40,Business Travel,Business,1652,1,1,2,1,3,4,5,4,4,4,4,4,4,3.15,0,1,TRUE
Male,Loyal Customer,63,Personal Travel,Eco,1400,1,4,1,4,5,1,5,5,5,3,3,5,5,3.62,49,41,FALSE
Female,Disloyal Customer,22,Business Travel,Business,191,4,0,4,3,4,4,4,4,1,5,4,1,4,3.23,0,0,TRUE
Female,Disloyal Customer,27,Business Travel,Business,304,4,4,4,4,1,4,1,1,3,5,4,5,1,3.15,58,60,TRUE
Female,Loyal Customer,9,Personal Travel,Eco,787,1,4,1,1,4,1,4,4,3,3,5,5,4,3.08,14,17,FALSE
Female,Loyal Customer,19,Business Travel,Business,248,1,1,1,1,1,1,1,1,4,3,3,3,1,1.69,3,12,FALSE
Male,Loyal Customer,59,Personal Travel,Eco,451,3,5,3,3,2,3,2,2,2,1,4,4,2,2.77,0,0,FALSE
Female,Disloyal Customer,23,Business Travel,Business,224,5,4,5,3,3,5,3,3,3,5,4,5,3,3.92,9,21,TRUE
Female,Loyal Customer,56,Business Travel,Business,2454,1,1,1,1,4,4,4,4,5,4,4,4,4,3.15,0,0,TRUE
Female,Loyal Customer,9,Personal Travel,Eco,551,4,4,4,2,3,4,3,3,2,5,4,4,3,3.46,5,18,FALSE
Female,Loyal Customer,49,Business Travel,Business,3105,5,5,2,5,4,5,4,5,5,5,5,5,4,4.54,24,24,TRUE
Male,Disloyal Customer,13,Business Travel,Business,737,5,0,5,3,5,5,5,5,3,2,4,4,5,3.92,0,0,TRUE
Female,Loyal Customer,52,Business Travel,Business,2338,4,4,4,4,5,5,5,4,4,4,4,4,5,4.31,3,0,TRUE
Male,Loyal Customer,34,Personal Travel,Eco,432,3,4,3,3,2,3,2,2,3,2,5,5,2,3,0,0,FALSE
Female,Loyal Customer,48,Business Travel,Business,712,2,2,2,2,4,4,5,4,4,4,4,5,5,3.62,1,10,TRUE
Male,Loyal Customer,48,Business Travel,Business,2578,2,1,1,1,2,3,3,2,2,2,2,4,1,2,0,0,FALSE
Female,Loyal Customer,8,Personal Travel,Eco,316,3,5,3,1,4,3,3,4,1,2,5,4,4,3.23,0,0,FALSE
Female,Loyal Customer,45,Personal Travel,Eco,4243,1,5,1,1,1,3,3,1,2,3,3,3,3,2.31,6,0,FALSE
Male,Loyal Customer,58,Business Travel,Business,1460,3,3,3,3,3,4,4,5,5,5,5,4,4,3.92,0,0,TRUE
Female,Loyal Customer,70,Business Travel,Eco Plus,479,3,2,2,2,4,3,3,3,3,3,3,4,3,2.92,16,10,FALSE
Female,Loyal Customer,37,Business Travel,Business,825,1,1,1,1,3,4,4,3,3,4,3,3,3,2.62,8,0,TRUE
Female,Loyal Customer,51,Personal Travel,Eco,867,3,4,2,3,3,4,5,2,2,2,2,5,4,3.15,1,7,FALSE
Male,Disloyal Customer,21,Business Travel,Eco,177,4,4,4,3,1,4,1,1,1,4,4,2,1,2.62,0,0,TRUE
Male,Loyal Customer,51,Personal Travel,Eco,302,1,5,1,5,4,1,4,4,5,4,4,4,4,3.54,36,41,FALSE
Female,Loyal Customer,53,Business Travel,Business,2772,2,2,2,2,4,4,5,3,3,3,3,3,5,3.15,0,0,TRUE
Female,Loyal Customer,36,Business Travel,Eco,581,4,5,5,5,4,4,4,4,1,3,2,5,4,3.85,52,70,TRUE
Male,Loyal Customer,15,Personal Travel,Eco,510,2,4,2,3,2,2,3,2,3,5,4,4,2,2.92,29,26,FALSE
Male,Disloyal Customer,23,Business Travel,Business,1195,5,0,5,1,4,5,4,4,3,4,4,3,4,3.54,19,93,TRUE
Female,Loyal Customer,49,Business Travel,Business,2788,3,5,5,5,5,4,4,3,3,3,3,4,3,3.85,0,0,FALSE
Male,Loyal Customer,45,Business Travel,Business,3356,1,1,1,1,1,4,4,5,5,5,5,2,1,2.77,0,1,TRUE
Female,Loyal Customer,28,Business Travel,Business,679,2,2,2,2,5,5,5,5,1,3,2,2,5,3.15,5,0,TRUE
Female,Loyal Customer,10,Business Travel,Business,1372,4,4,4,4,4,4,4,4,3,5,3,4,4,3.92,0,0,FALSE
Female,Loyal Customer,12,Personal Travel,Eco,372,1,0,1,3,5,1,2,5,3,3,5,4,5,2.92,0,0,FALSE
Female,Loyal Customer,27,Personal Travel,Eco,281,2,4,2,2,2,2,2,2,3,4,4,5,2,2.77,25,19,FALSE
Female,Loyal Customer,35,Business Travel,Eco,408,3,4,4,4,3,3,3,3,1,5,3,2,3,3.15,47,52,FALSE
Female,Loyal Customer,68,Personal Travel,Eco Plus,383,2,5,2,3,5,4,3,4,4,2,4,4,2,3.38,0,0,FALSE
Female,Loyal Customer,45,Personal Travel,Eco,888,3,3,3,2,5,2,2,4,4,3,2,2,2,2.85,0,0,FALSE
Female,Loyal Customer,25,Business Travel,Eco Plus,850,4,1,2,1,4,4,5,4,3,3,1,4,4,3.08,0,0,TRUE
Male,Loyal Customer,21,Personal Travel,Business,405,2,5,2,3,1,2,3,1,2,4,3,1,1,2.31,0,0,FALSE
Male,Loyal Customer,54,Business Travel,Business,2288,4,4,4,4,2,4,4,3,3,4,3,4,3,3.54,121,94,TRUE
Female,Loyal Customer,55,Business Travel,Business,1139,3,1,3,3,4,4,5,5,5,5,5,3,4,3.85,15,3,TRUE
Female,Loyal Customer,61,Business Travel,Eco Plus,327,4,3,1,3,1,4,3,4,4,4,4,3,1,3,3,0,TRUE
Male,Disloyal Customer,25,Business Travel,Eco,961,2,2,2,3,2,2,2,2,1,2,3,2,2,2.08,0,0,FALSE
Female,Disloyal Customer,28,Business Travel,Business,589,4,4,4,3,3,4,3,3,4,5,4,3,3,3.62,10,0,TRUE
Female,Disloyal Customer,35,Business Travel,Eco,1010,3,3,3,2,5,3,5,5,4,3,2,5,5,3.69,0,17,FALSE
Female,Loyal Customer,45,Business Travel,Eco,373,4,3,5,3,4,2,5,4,4,4,4,2,4,3.69,36,21,TRUE
Male,Loyal Customer,27,Business Travel,Business,2718,3,2,2,2,3,3,3,3,3,2,3,2,3,2.62,69,77,FALSE
Male,Disloyal Customer,27,Business Travel,Business,1005,2,2,2,4,1,2,1,1,4,3,4,4,1,2.38,0,0,FALSE
Male,Loyal Customer,56,Business Travel,Eco,689,5,2,2,2,5,5,5,5,5,3,2,5,5,3.92,0,18,TRUE
Male,Loyal Customer,49,Business Travel,Eco,581,2,2,2,2,2,2,2,2,4,3,3,1,2,2.23,0,0,FALSE
Female,Loyal Customer,57,Business Travel,Business,2001,3,3,4,3,4,4,5,4,4,4,4,3,5,3.85,9,0,TRUE
Female,Loyal Customer,48,Business Travel,Business,2585,1,1,3,1,5,5,5,2,2,2,2,3,4,2.77,0,0,TRUE
Male,Disloyal Customer,16,Business Travel,Eco,181,2,3,2,4,5,2,5,5,3,5,4,1,5,3.54,9,2,FALSE
Female,Loyal Customer,48,Business Travel,Business,296,1,1,3,1,4,5,4,5,5,5,5,5,5,3.77,0,0,TRUE
Female,Loyal Customer,61,Business Travel,Business,2642,3,1,1,1,1,3,3,3,3,3,3,2,1,2.15,9,0,FALSE
Female,Loyal Customer,10,Personal Travel,Eco,647,2,2,2,3,2,2,2,2,4,5,3,2,2,2.54,10,2,FALSE
Female,Loyal Customer,50,Personal Travel,Eco Plus,1197,2,4,2,5,3,5,4,3,3,2,3,3,3,3.23,3,0,FALSE
Female,Loyal Customer,52,Business Travel,Eco,1598,2,5,5,5,2,3,4,2,2,2,2,2,1,2.85,0,0,FALSE
Male,Disloyal Customer,36,Business Travel,Business,787,2,2,2,5,2,2,2,2,3,3,5,3,2,2.69,0,0,FALSE
Male,Loyal Customer,40,Business Travel,Business,409,1,1,1,1,2,2,3,1,1,1,1,2,4,1.62,0,2,FALSE
Female,Loyal Customer,57,Personal Travel,Eco,197,3,4,3,3,5,5,5,5,5,3,5,4,4,4.15,26,15,FALSE
Female,Loyal Customer,22,Business Travel,Eco Plus,566,3,3,3,3,3,3,2,3,4,3,4,3,3,3.08,5,3,FALSE
Female,Loyal Customer,47,Business Travel,Eco Plus,1076,5,1,1,1,2,1,2,5,5,5,5,5,4,3.23,50,66,TRUE
Female,Loyal Customer,29,Business Travel,Business,2903,3,2,2,2,3,3,3,3,3,5,3,4,3,3,17,25,FALSE
Male,Disloyal Customer,25,Business Travel,Eco,1417,2,1,1,1,2,2,2,2,3,3,2,5,2,2.15,0,0,FALSE
Male,Loyal Customer,10,Personal Travel,Eco Plus,547,3,3,3,4,2,3,5,2,4,3,4,1,2,3,0,0,FALSE
Male,Loyal Customer,54,Business Travel,Business,2616,1,1,5,1,2,1,5,5,5,5,3,4,4,3.23,0,6,TRUE
Male,Loyal Customer,23,Business Travel,Business,1698,3,4,4,4,3,3,3,3,2,1,4,4,3,3.15,25,23,FALSE
Male,Loyal Customer,56,Business Travel,Business,2803,3,3,3,3,4,5,4,5,5,5,5,5,4,4.15,0,0,TRUE
Female,Disloyal Customer,24,Business Travel,Eco,430,2,0,2,3,5,2,5,5,4,3,5,3,5,3.38,0,0,FALSE
Female,Loyal Customer,33,Business Travel,Business,2300,5,5,5,5,5,4,4,5,5,5,5,3,4,4.62,0,6,TRUE
Male,Loyal Customer,42,Business Travel,Business,391,2,1,1,1,1,2,3,2,2,2,2,2,4,1.92,10,0,FALSE
Male,Loyal Customer,52,Business Travel,Business,954,3,3,3,3,5,4,2,4,4,4,4,5,3,3.62,9,13,TRUE
Female,Loyal Customer,53,Business Travel,Business,116,0,3,0,4,1,3,4,2,2,2,2,3,5,2.38,2,0,TRUE
Male,Loyal Customer,33,Business Travel,Business,1262,3,5,5,5,3,3,3,3,2,4,4,1,3,3.38,58,41,FALSE
Female,Loyal Customer,39,Business Travel,Business,305,1,3,3,3,3,4,3,1,1,1,1,4,2,2.31,0,0,FALSE
Male,Disloyal Customer,11,Business Travel,Eco,1117,3,3,3,4,3,3,5,3,4,1,4,2,3,3.15,11,18,FALSE
Male,Loyal Customer,40,Business Travel,Business,562,4,4,4,4,5,4,5,5,5,5,5,5,5,4.62,10,0,TRUE
Female,Disloyal Customer,26,Business Travel,Eco,888,1,2,2,4,1,2,2,1,1,2,3,3,1,1.92,24,6,FALSE
Male,Loyal Customer,59,Business Travel,Business,925,5,5,5,5,5,5,4,3,3,4,3,4,5,4.31,67,57,TRUE
Male,Loyal Customer,53,Business Travel,Business,2454,4,4,2,4,5,4,5,5,5,5,5,3,3,4.15,1,0,TRUE
Male,Loyal Customer,44,Business Travel,Business,222,2,2,3,2,5,4,5,4,4,4,5,5,1,3.54,0,0,TRUE
Female,Loyal Customer,38,Business Travel,Business,2089,4,4,4,4,4,5,4,3,3,4,3,5,4,3.92,0,1,TRUE
Male,Disloyal Customer,24,Business Travel,Business,331,5,5,5,4,2,5,3,2,4,3,5,4,2,3.77,2,4,TRUE
Male,Loyal Customer,52,Personal Travel,Eco Plus,979,1,5,1,2,3,1,3,3,5,5,4,4,3,3.08,67,48,FALSE
Male,Loyal Customer,14,Personal Travel,Eco,2475,4,4,3,5,3,5,5,3,3,5,5,5,5,4.23,15,24,FALSE
Male,Loyal Customer,43,Business Travel,Business,2533,2,2,2,2,4,5,5,4,4,4,4,5,4,3.62,0,0,TRUE
Female,Loyal Customer,48,Personal Travel,Eco,1372,1,4,1,4,3,2,3,2,2,1,2,2,2,2.23,0,0,FALSE
Male,Loyal Customer,30,Business Travel,Business,2288,3,3,3,3,5,5,5,5,3,4,5,5,5,4.15,17,0,TRUE
Female,Loyal Customer,70,Personal Travel,Eco,746,2,4,2,4,4,3,4,3,3,2,3,2,4,3.08,0,0,FALSE
Male,Loyal Customer,56,Business Travel,Business,1670,5,5,5,5,3,4,4,2,2,2,2,4,3,3.54,0,0,TRUE
Male,Loyal Customer,52,Business Travel,Business,1416,2,2,2,2,1,1,1,4,4,4,4,2,4,2.54,0,0,TRUE
Male,Loyal Customer,22,Personal Travel,Eco,871,1,5,0,3,4,0,4,4,2,4,3,2,4,2.77,0,2,FALSE
Male,Loyal Customer,62,Business Travel,Business,2276,2,2,4,2,3,1,2,5,5,5,4,2,2,3,0,0,TRUE
Female,Loyal Customer,46,Business Travel,Eco,551,4,1,1,1,1,3,2,5,5,4,5,1,3,2.77,43,31,TRUE
Male,Loyal Customer,47,Business Travel,Business,2125,1,1,1,1,2,5,5,4,4,4,4,5,5,3.23,0,0,TRUE
Female,Loyal Customer,42,Business Travel,Business,2543,2,5,5,5,1,3,4,2,2,1,2,2,3,2.85,0,0,FALSE
Female,Disloyal Customer,66,Business Travel,Business,491,2,2,2,4,2,2,5,2,5,3,4,4,2,3,0,0,FALSE
Female,Loyal Customer,40,Personal Travel,Eco,1674,3,1,3,4,3,3,3,3,1,4,4,1,3,2.77,20,0,FALSE
Female,Loyal Customer,58,Business Travel,Business,2294,1,1,1,1,5,2,1,5,5,5,5,2,2,2.77,0,0,TRUE
Female,Loyal Customer,55,Business Travel,Business,2114,2,5,5,5,4,4,4,2,2,2,2,3,4,3.38,0,0,FALSE
Male,Disloyal Customer,22,Business Travel,Eco,216,1,0,0,2,3,0,3,3,4,4,5,3,3,2.38,0,3,FALSE
Female,Loyal Customer,25,Business Travel,Business,2721,2,2,2,2,3,4,3,3,3,2,4,3,3,2.77,0,0,TRUE
Male,Loyal Customer,39,Business Travel,Business,429,3,3,3,3,3,4,4,4,4,4,4,4,3,3.54,0,0,TRUE
Male,Loyal Customer,12,Personal Travel,Eco,1947,0,4,0,5,1,0,1,1,5,3,5,4,1,2.31,25,18,TRUE
Female,Loyal Customer,44,Personal Travel,Eco,479,3,4,3,3,5,3,3,2,2,3,2,3,1,2.85,26,22,FALSE
Female,Loyal Customer,40,Business Travel,Business,1334,5,5,5,5,3,4,4,5,5,5,5,5,4,4.62,2,0,TRUE
Female,Disloyal Customer,26,Business Travel,Eco,631,4,2,4,3,5,4,5,5,1,4,4,1,5,3.62,0,0,FALSE
Female,Loyal Customer,42,Business Travel,Business,406,4,4,4,4,3,4,5,5,5,5,5,4,4,4.31,3,0,TRUE
Male,Disloyal Customer,35,Business Travel,Eco,851,1,1,1,5,1,4,4,4,2,4,5,4,4,3.08,0,18,FALSE
Male,Disloyal Customer,27,Business Travel,Eco,844,3,3,3,4,4,3,1,4,1,2,3,2,4,2.85,10,22,FALSE
Male,Loyal Customer,22,Business Travel,Business,2840,4,5,5,5,1,1,4,1,2,2,3,4,1,2.92,0,0,FALSE
Female,Loyal Customer,7,Personal Travel,Eco,834,3,3,3,1,1,3,1,1,4,3,2,1,1,2.08,0,0,FALSE
Male,Loyal Customer,54,Business Travel,Business,735,3,3,3,3,3,4,4,5,5,5,5,4,5,4,0,0,TRUE
Male,Disloyal Customer,24,Business Travel,Eco,369,2,4,2,2,3,2,3,3,4,5,5,3,3,3.15,11,10,FALSE
Female,Loyal Customer,46,Personal Travel,Eco,397,3,3,3,1,2,1,4,1,1,3,1,1,4,2.15,34,47,FALSE
Female,Disloyal Customer,40,Business Travel,Business,109,3,3,3,2,3,3,4,3,4,2,5,1,3,3,56,54,FALSE
Male,Loyal Customer,32,Business Travel,Business,116,1,2,2,2,2,2,1,2,2,4,3,1,2,2,0,0,FALSE
Male,Loyal Customer,48,Business Travel,Business,409,4,4,4,4,5,5,5,4,4,4,4,5,3,4.23,0,0,TRUE
Male,Loyal Customer,59,Business Travel,Eco,109,4,3,4,4,4,4,4,4,2,1,4,2,4,3.38,5,0,TRUE
Female,Loyal Customer,50,Business Travel,Business,1609,4,4,4,4,4,5,5,2,2,2,2,3,4,3.46,14,10,TRUE
Female,Loyal Customer,27,Personal Travel,Eco,598,4,0,4,4,3,4,3,3,4,2,5,5,3,3.38,0,0,FALSE
Male,Loyal Customer,50,Business Travel,Business,666,5,5,5,5,2,5,4,4,4,4,4,5,4,4.31,0,0,TRUE
Female,Loyal Customer,48,Business Travel,Business,1808,4,4,5,4,2,5,4,4,4,4,4,5,3,4,0,1,TRUE
Male,Loyal Customer,15,Business Travel,Business,606,2,5,5,5,2,2,2,2,4,1,3,4,2,3,0,0,FALSE
Male,Disloyal Customer,18,Business Travel,Eco,669,3,4,3,3,5,3,5,5,3,2,4,3,5,3.69,0,0,FALSE
Male,Loyal Customer,62,Personal Travel,Eco,1120,1,4,1,5,2,1,2,2,3,2,5,4,2,2.62,0,0,FALSE
Female,Loyal Customer,47,Business Travel,Business,308,5,5,5,5,2,1,3,5,5,5,5,2,1,3.77,0,0,TRUE
Female,Disloyal Customer,33,Business Travel,Eco,587,4,0,4,4,3,4,3,3,4,3,5,4,3,3.38,0,,FALSE
Male,Loyal Customer,45,Business Travel,Business,584,1,1,1,1,3,5,4,5,5,5,5,5,4,3.46,100,121,TRUE
Male,Loyal Customer,57,Business Travel,Business,1739,4,4,4,4,5,3,4,4,4,4,4,4,5,4.08,6,0,TRUE
Female,Loyal Customer,32,Business Travel,Business,270,4,4,2,4,5,5,5,5,5,2,4,4,5,4.15,0,0,TRUE
Female,Loyal Customer,13,Personal Travel,Eco Plus,842,3,5,3,2,2,3,2,2,4,1,2,3,2,2.62,0,0,FALSE
Female,Loyal Customer,38,Business Travel,Eco,31,4,2,2,2,4,4,4,4,4,4,3,5,4,3.54,0,0,TRUE
Male,Disloyal Customer,23,Business Travel,Business,209,4,4,4,3,2,4,2,2,3,2,3,3,2,2.92,13,0,FALSE
Male,Loyal Customer,33,Business Travel,Eco Plus,1431,5,4,3,4,5,5,5,5,3,3,2,4,5,4.08,34,51,TRUE
Male,Loyal Customer,65,Personal Travel,Eco,248,3,5,3,2,4,3,4,4,4,3,5,5,4,3.77,14,28,FALSE
Female,Disloyal Customer,21,Business Travel,Eco,813,5,5,5,1,2,5,4,2,3,5,4,3,2,3.54,0,0,TRUE
Female,Loyal Customer,58,Business Travel,Business,1865,5,5,5,5,5,3,4,4,4,4,4,3,3,4.15,0,0,TRUE
Male,Loyal Customer,40,Business Travel,Business,140,1,1,1,1,3,4,5,5,5,5,5,5,5,3.54,0,0,TRUE
Female,Disloyal Customer,45,Business Travel,Business,446,2,2,2,1,4,2,4,4,3,2,5,5,4,3.08,0,0,TRUE
Female,Loyal Customer,8,Personal Travel,Eco,1597,2,5,2,4,1,2,1,1,3,3,4,5,1,2.62,4,0,FALSE
Female,Loyal Customer,52,Business Travel,Business,1688,2,4,2,2,2,4,5,4,4,4,4,4,5,3.54,22,13,TRUE
Male,Loyal Customer,32,Personal Travel,Eco,259,5,3,5,5,2,5,1,2,5,4,5,3,2,3.62,0,0,TRUE
Female,Loyal Customer,13,Personal Travel,Eco,373,2,3,2,3,5,2,5,5,3,3,5,3,5,3.54,0,4,FALSE
Female,Disloyal Customer,24,Business Travel,Eco,787,2,2,2,2,1,2,1,1,4,2,5,3,1,2.15,6,0,FALSE
Female,Loyal Customer,54,Personal Travel,Eco,1587,2,5,2,5,2,5,5,4,4,2,4,3,3,3.54,0,0,FALSE
Female,Loyal Customer,69,Personal Travel,Eco,862,4,4,4,2,2,4,4,4,4,4,4,5,5,3.85,8,9,FALSE
Female,Loyal Customer,7,Personal Travel,Eco,550,4,4,4,3,1,4,1,1,2,5,2,1,1,2.54,4,4,FALSE
Male,Loyal Customer,54,Business Travel,Business,2703,1,1,4,1,3,5,5,5,5,5,5,5,4,3.77,19,5,TRUE
Female,Loyal Customer,59,Business Travel,Business,1503,2,5,2,2,4,4,5,5,5,5,5,5,5,4.15,10,0,TRUE
Female,Loyal Customer,22,Business Travel,Eco Plus,1747,4,5,5,5,4,4,5,4,5,3,1,4,4,4.08,4,7,TRUE
Female,Disloyal Customer,23,Business Travel,Eco,458,2,4,2,5,2,2,2,2,3,4,4,5,2,3,26,30,FALSE
Male,Loyal Customer,36,Business Travel,Business,223,1,3,1,1,2,4,5,5,5,5,5,5,5,3.62,0,0,TRUE
Male,Loyal Customer,46,Personal Travel,Eco,1171,3,4,4,4,4,4,4,4,3,5,3,4,4,3.85,0,0,FALSE
Female,Loyal Customer,23,Business Travel,Eco Plus,1197,4,5,5,5,4,4,5,4,3,2,1,5,4,3.92,0,0,TRUE
Male,Disloyal Customer,24,Business Travel,Eco,387,4,0,4,3,5,4,2,5,5,2,5,1,5,3.46,0,0,FALSE
Female,Loyal Customer,41,Personal Travel,Eco,1055,2,4,2,3,5,2,5,5,5,2,5,4,5,3.77,9,9,FALSE
Female,Loyal Customer,49,Business Travel,Eco Plus,190,5,3,3,3,4,5,1,5,5,5,5,5,4,4.08,0,0,TRUE
Female,Loyal Customer,54,Personal Travel,Eco,312,2,4,4,3,5,5,5,5,5,4,5,3,4,4.15,0,0,FALSE
Female,Loyal Customer,59,Business Travel,Eco,331,4,4,4,4,2,2,3,5,5,4,5,1,4,3.62,0,1,FALSE
Male,Loyal Customer,32,Personal Travel,Eco Plus,313,3,4,2,3,3,2,1,3,4,2,5,5,3,3.08,0,0,FALSE
Male,Loyal Customer,40,Business Travel,Business,2502,3,3,3,3,4,4,4,4,4,4,4,5,4,3.77,0,0,TRUE
Male,Loyal Customer,42,Business Travel,Business,391,5,5,5,5,3,3,3,4,4,4,4,4,4,4.08,29,60,TRUE
Male,Disloyal Customer,21,Business Travel,Eco,405,2,3,2,3,4,2,4,4,4,2,3,4,4,3.15,13,3,FALSE
Female,Loyal Customer,52,Business Travel,Business,3394,2,2,2,2,3,4,5,5,5,5,5,4,4,3.69,0,25,TRUE
Male,Loyal Customer,27,Business Travel,Eco,802,3,5,2,5,3,4,3,3,2,1,4,2,3,3.08,0,8,TRUE
Female,Loyal Customer,54,Business Travel,Eco,368,2,3,3,3,1,3,4,2,2,2,2,2,2,2.38,23,9,FALSE
Male,Loyal Customer,48,Business Travel,Eco,1587,3,3,3,3,3,3,3,3,2,1,3,3,3,2.77,21,11,FALSE
Male,Loyal Customer,33,Personal Travel,Eco,594,3,4,3,3,3,3,3,3,4,3,4,1,3,3.08,87,69,FALSE
Male,Loyal Customer,52,Business Travel,Business,3000,2,2,2,2,5,5,4,4,4,4,4,4,3,3.46,4,0,TRUE
Female,Loyal Customer,43,Personal Travel,Eco,209,3,3,3,3,3,3,4,5,5,3,5,3,2,3.46,40,42,FALSE
Male,Loyal Customer,69,Personal Travel,Eco,587,1,5,1,2,3,1,3,3,3,2,5,5,3,2.85,48,41,FALSE
Female,Loyal Customer,50,Business Travel,Eco,2454,4,4,4,4,4,4,4,2,5,3,4,4,4,3.85,0,13,FALSE
Female,Loyal Customer,22,Business Travel,Business,183,2,2,2,2,5,5,3,5,3,2,4,4,5,3.38,0,1,TRUE
Male,Loyal Customer,44,Business Travel,Business,4963,5,5,5,5,5,4,4,3,2,3,4,4,4,4.08,0,0,TRUE
Female,Disloyal Customer,44,Business Travel,Eco,663,2,4,2,3,2,2,2,2,2,5,3,1,2,2.46,15,9,FALSE
Female,Disloyal Customer,51,Business Travel,Business,545,2,1,1,4,3,2,3,3,3,2,4,4,3,2.69,2,0,FALSE
Female,Disloyal Customer,15,Business Travel,Eco,1107,5,5,5,2,4,5,4,4,3,5,5,5,4,4.31,0,0,TRUE
Male,Loyal Customer,41,Business Travel,Business,404,3,3,3,3,2,4,5,4,4,5,4,5,3,3.69,0,0,TRUE
Male,Loyal Customer,52,Personal Travel,Eco,134,2,3,2,3,2,2,4,2,4,5,3,2,2,2.77,0,0,FALSE
Female,Loyal Customer,28,Business Travel,Business,2637,1,1,1,1,5,5,5,5,4,4,4,5,5,3.54,14,61,TRUE
Female,Disloyal Customer,18,Business Travel,Eco,580,2,4,2,3,2,2,2,2,2,2,3,4,2,2.46,38,30,FALSE
Male,Loyal Customer,45,Personal Travel,Eco,337,3,3,3,3,4,3,4,4,5,5,1,3,4,3.46,0,0,FALSE
Female,Loyal Customer,30,Business Travel,Business,2610,4,4,3,4,4,4,4,4,4,4,5,4,4,4,0,0,TRUE
Female,Loyal Customer,55,Business Travel,Eco Plus,153,4,2,2,2,3,5,5,4,4,4,4,4,5,3.69,26,18,TRUE
Male,Disloyal Customer,50,Business Travel,Eco,1250,4,4,4,3,2,4,2,2,1,2,3,2,2,2.69,0,0,FALSE
Female,Disloyal Customer,27,Business Travel,Business,2454,3,3,3,3,2,3,2,2,4,5,3,3,2,2.92,0,0,FALSE
Male,Loyal Customer,43,Business Travel,Business,1487,3,3,3,3,4,4,5,5,5,5,5,5,5,4.23,0,0,TRUE
Female,Loyal Customer,42,Business Travel,Eco,1312,4,5,5,5,2,2,2,4,4,4,4,3,1,3.46,100,87,FALSE
Female,Loyal Customer,8,Personal Travel,Eco,370,2,4,2,2,3,2,3,3,2,5,4,4,3,3,0,0,FALSE
Female,Disloyal Customer,38,Business Travel,Business,473,3,3,3,3,3,3,3,3,2,5,4,1,3,3,0,6,FALSE
Female,Loyal Customer,23,Personal Travel,Eco,2556,2,3,2,3,2,2,2,4,1,3,3,2,2,2.38,3,14,FALSE
Male,Loyal Customer,35,Business Travel,Eco,287,5,4,4,4,5,5,5,5,2,5,1,4,5,4.15,0,0,TRUE
Female,Loyal Customer,41,Business Travel,Eco,1190,4,1,1,1,3,4,3,3,1,4,1,5,3,2.62,0,0,TRUE
Male,Loyal Customer,34,Business Travel,Business,3792,5,5,5,5,3,5,5,4,4,4,5,3,5,4.46,0,0,TRUE
Female,Disloyal Customer,38,Business Travel,Eco,223,4,2,4,4,2,4,2,2,3,3,4,1,2,2.85,0,0,FALSE
Male,Loyal Customer,32,Personal Travel,Eco,645,1,5,1,3,3,1,3,3,4,5,4,3,3,3,0,18,FALSE
Male,Loyal Customer,54,Business Travel,Business,3563,4,4,4,4,5,4,4,4,4,4,5,5,5,4.31,103,101,TRUE
Male,Loyal Customer,28,Business Travel,Eco Plus,1182,0,0,0,2,3,0,3,3,3,5,2,5,3,2.23,31,20,TRUE
Male,Loyal Customer,43,Business Travel,Eco,954,3,4,4,4,3,3,3,3,4,2,2,4,3,3.23,0,0,TRUE
Female,Loyal Customer,57,Personal Travel,Eco,895,2,5,2,3,4,5,5,4,4,2,4,4,4,3.69,36,15,FALSE
Female,Disloyal Customer,26,Business Travel,Business,587,5,5,5,1,5,5,5,5,5,5,4,5,5,4.62,130,135,TRUE
Male,Loyal Customer,15,Personal Travel,Eco,1407,5,3,5,3,1,5,1,1,5,5,3,5,1,3.31,0,0,TRUE
Male,Loyal Customer,68,Personal Travel,Eco,239,4,1,4,4,3,4,3,3,4,4,4,2,3,3.31,0,0,TRUE
Female,Loyal Customer,20,Personal Travel,Eco,307,3,2,3,4,1,3,1,1,3,1,4,4,1,2.38,16,14,FALSE
Male,Loyal Customer,38,Personal Travel,Eco Plus,526,3,2,5,3,1,5,1,1,4,4,3,2,1,2.69,0,0,FALSE
Female,Loyal Customer,22,Business Travel,Business,3055,3,5,5,5,3,3,3,3,2,3,3,4,3,3.46,40,18,FALSE
Female,Disloyal Customer,25,Business Travel,Eco,696,4,4,4,4,3,4,3,3,2,2,4,1,3,3.15,0,0,FALSE
Female,Loyal Customer,23,Personal Travel,Eco,526,4,5,4,3,4,4,4,4,4,2,5,5,4,4,0,0,FALSE
Female,Loyal Customer,64,Business Travel,Eco,163,5,3,3,3,5,4,5,5,5,5,5,2,5,4.23,0,0,TRUE
Female,Loyal Customer,13,Personal Travel,Eco,427,4,1,4,1,1,4,1,1,4,4,1,4,1,2.38,0,0,FALSE
Male,Loyal Customer,39,Personal Travel,Eco,196,4,2,4,4,2,4,2,2,3,4,3,4,2,3.08,0,0,FALSE
Male,Loyal Customer,19,Business Travel,Business,3076,5,5,5,5,4,4,4,4,3,4,4,5,4,4.31,0,0,TRUE
Male,Disloyal Customer,24,Business Travel,Eco,370,4,0,4,3,2,4,2,2,4,5,4,3,2,3,74,68,TRUE
Male,Loyal Customer,47,Personal Travel,Eco,331,3,4,3,3,5,3,5,5,3,4,4,5,5,4,0,3,FALSE
Female,Loyal Customer,14,Business Travel,Eco Plus,639,2,1,5,1,2,2,3,2,3,2,4,4,2,2.54,0,0,FALSE
Male,Loyal Customer,40,Business Travel,Business,919,3,3,3,3,1,4,3,4,4,4,4,1,1,2.92,5,0,TRUE
Male,Disloyal Customer,39,Business Travel,Business,992,4,4,4,1,3,4,3,3,5,4,5,4,3,3.62,0,0,FALSE
Female,Loyal Customer,44,Business Travel,Business,1558,3,3,3,3,4,4,5,5,5,5,5,3,4,4,0,0,TRUE
Female,Disloyal Customer,10,Business Travel,Eco,611,5,0,5,3,1,0,1,1,3,4,5,4,1,2.54,0,0,TRUE
Male,Loyal Customer,57,Business Travel,Business,255,4,4,4,4,2,5,5,5,5,5,5,3,5,4.31,66,54,TRUE
Female,Loyal Customer,25,Business Travel,Business,2603,1,5,5,5,1,1,1,1,4,4,1,3,1,2.54,32,36,FALSE
Female,Loyal Customer,71,Business Travel,Business,3887,1,2,2,2,3,3,2,1,1,2,1,2,3,1.92,5,0,FALSE
Male,Disloyal Customer,85,Business Travel,Business,486,3,4,4,4,3,3,3,4,5,4,4,3,3,3.62,8,1,FALSE
Female,Loyal Customer,59,Business Travel,Business,990,2,4,4,4,3,3,4,2,2,2,2,3,2,2.85,0,0,FALSE
Female,Loyal Customer,9,Personal Travel,Eco,453,4,4,4,3,3,4,3,3,1,1,4,3,3,3.08,0,0,FALSE
Male,Loyal Customer,38,Business Travel,Business,2248,3,4,3,3,2,4,5,4,4,4,4,4,3,3.62,8,25,TRUE
Female,Loyal Customer,7,Personal Travel,Eco,834,3,5,3,4,2,3,4,2,4,5,4,3,2,3.38,0,0,FALSE
Male,Loyal Customer,39,Business Travel,Business,3927,1,5,5,5,3,4,3,1,1,1,1,3,1,2.62,0,0,FALSE
Male,Disloyal Customer,27,Business Travel,Eco,1460,2,2,2,4,4,2,4,4,5,3,5,2,4,3.31,0,0,FALSE
Male,Loyal Customer,42,Business Travel,Business,150,5,5,5,5,4,4,1,4,4,4,4,3,3,3.92,0,0,TRUE
Male,Loyal Customer,60,Business Travel,Eco,368,5,1,3,1,4,5,4,4,5,1,5,3,4,3.46,0,0,TRUE
Male,Loyal Customer,54,Business Travel,Business,3780,4,4,4,4,4,5,4,4,4,4,4,4,4,4.08,73,60,TRUE
Male,Loyal Customer,54,Business Travel,Business,407,5,1,5,5,3,5,4,4,4,4,4,3,5,4,6,5,TRUE
Female,Loyal Customer,43,Business Travel,Business,762,4,4,4,4,2,4,5,4,4,4,4,4,3,3.85,0,0,TRUE
Female,Disloyal Customer,24,Business Travel,Business,364,4,0,4,3,2,4,2,2,5,2,4,5,2,3,0,0,TRUE
Female,Loyal Customer,56,Business Travel,Business,1521,2,2,4,2,4,5,4,4,4,4,4,3,4,3.54,29,22,TRUE
Female,Loyal Customer,18,Personal Travel,Eco Plus,1399,2,3,2,4,1,2,1,1,4,3,1,5,1,2.31,0,0,FALSE
Male,Loyal Customer,43,Business Travel,Business,2129,4,4,2,4,4,5,4,5,5,5,5,5,3,4.23,0,0,TRUE
Female,Disloyal Customer,30,Business Travel,Business,647,2,2,2,4,4,2,5,4,3,5,5,4,4,3.54,4,0,FALSE
Female,Loyal Customer,16,Business Travel,Eco,1597,1,2,2,2,1,1,2,1,4,2,2,3,1,1.85,12,21,FALSE
Male,Loyal Customer,59,Business Travel,Eco,599,3,2,2,2,3,3,3,3,1,4,3,4,3,2.77,0,0,FALSE
Female,Loyal Customer,35,Personal Travel,Eco,222,2,4,2,2,2,2,3,2,1,1,3,1,2,2.08,0,0,FALSE
Female,Loyal Customer,60,Business Travel,Business,1076,2,2,5,2,2,5,5,5,5,5,5,5,4,4,88,51,TRUE
Female,Loyal Customer,45,Business Travel,Eco,222,5,4,4,4,5,3,4,5,5,5,5,1,2,4,0,,TRUE
Female,Loyal Customer,22,Personal Travel,Eco,1592,1,5,1,5,4,1,4,4,3,5,3,5,4,3.46,2,0,FALSE
Female,Loyal Customer,44,Business Travel,Business,3098,4,4,4,4,4,4,5,4,4,4,4,4,5,4.15,0,0,TRUE
Female,Loyal Customer,54,Business Travel,Business,2102,4,3,4,4,5,5,4,2,2,2,2,4,3,3.38,0,0,TRUE
Female,Loyal Customer,41,Business Travel,Business,3068,3,3,3,3,5,4,5,4,4,4,4,5,5,4,0,0,TRUE
Male,Disloyal Customer,39,Business Travel,Business,342,2,2,2,5,1,2,1,1,3,3,4,4,1,2.38,0,0,FALSE
Male,Loyal Customer,26,Business Travel,Business,1687,2,2,2,2,4,4,4,4,4,4,5,4,4,3.46,0,0,TRUE
Male,Disloyal Customer,27,Business Travel,Business,296,4,4,4,1,4,4,4,4,5,4,4,5,4,3.92,17,30,TRUE
Male,Loyal Customer,9,Personal Travel,Eco,125,3,2,3,2,4,3,4,4,2,2,3,2,4,2.92,10,17,FALSE
Male,Loyal Customer,68,Personal Travel,Eco,455,2,4,2,3,5,2,5,5,4,5,4,3,5,3.77,0,0,FALSE
Female,Disloyal Customer,30,Business Travel,Eco,1299,1,1,1,4,4,1,4,4,2,3,1,1,4,2.38,0,0,FALSE
Female,Loyal Customer,51,Business Travel,Business,1541,2,5,5,5,5,3,3,2,2,3,2,1,3,3.15,0,0,FALSE
Female,Loyal Customer,60,Business Travel,Eco Plus,641,3,5,5,5,3,3,3,3,2,4,3,3,3,3.46,132,121,FALSE
Male,Loyal Customer,62,Business Travel,Eco Plus,255,2,5,5,5,2,2,2,2,2,2,3,1,2,2.69,8,6,FALSE
Male,Loyal Customer,41,Business Travel,Business,214,1,1,5,1,4,4,4,4,4,4,5,5,4,3.54,0,0,TRUE
Male,Loyal Customer,64,Business Travel,Eco Plus,867,4,3,3,3,4,4,4,4,4,1,3,2,4,3.31,0,0,FALSE
Female,Loyal Customer,42,Business Travel,Eco,695,4,2,2,2,2,4,3,4,4,4,4,2,1,2.92,0,18,FALSE
Male,Loyal Customer,68,Personal Travel,Eco Plus,1437,5,5,5,2,4,5,4,4,5,4,4,5,4,4.31,0,0,TRUE
Female,Disloyal Customer,21,Business Travel,Eco,938,2,2,2,3,4,2,1,4,3,2,3,2,4,2.62,25,18,FALSE
Female,Loyal Customer,13,Personal Travel,Eco Plus,2556,2,2,2,4,1,2,1,1,2,2,3,4,1,2.08,0,0,FALSE
Male,Loyal Customer,34,Personal Travel,Eco,646,4,2,4,1,5,4,5,5,1,1,1,1,5,3,0,0,FALSE
Male,Loyal Customer,32,Business Travel,Business,3990,5,5,5,5,4,4,4,4,2,4,1,5,4,4,30,28,TRUE
Male,Loyal Customer,46,Business Travel,Business,2586,2,2,2,2,3,4,5,4,4,4,4,5,4,3.46,38,33,TRUE
Male,Loyal Customer,31,Personal Travel,Eco,212,2,1,2,1,5,2,1,5,3,5,2,1,5,2.69,0,0,FALSE
Male,Loyal Customer,24,Business Travel,Business,240,0,0,0,1,1,1,1,1,3,5,5,3,1,1.69,23,25,TRUE
Male,Disloyal Customer,27,Business Travel,Business,2486,1,1,1,1,1,1,5,1,3,3,5,5,1,2.23,19,0,FALSE
Male,Disloyal Customer,23,Business Travel,Business,530,4,0,4,3,5,4,5,5,3,2,5,5,5,3.85,0,0,TRUE
Male,Loyal Customer,45,Business Travel,Business,1677,0,5,0,2,5,5,4,1,1,1,1,4,4,2.54,0,0,TRUE
Female,Loyal Customer,54,Business Travel,Business,1449,4,4,4,4,4,4,4,4,4,4,4,4,4,4,0,0,TRUE
Female,Loyal Customer,24,Business Travel,Business,2248,2,2,2,2,2,2,2,2,5,2,3,5,2,2.54,0,0,TRUE
Male,Loyal Customer,55,Personal Travel,Business,522,4,5,4,3,2,4,4,2,2,4,2,3,3,3.23,0,0,FALSE
Female,Loyal Customer,50,Business Travel,Business,3816,5,5,5,5,5,4,4,4,4,4,4,3,4,4.31,3,4,TRUE
Male,Loyal Customer,47,Business Travel,Business,937,3,3,3,3,4,4,5,4,4,4,4,3,5,3.77,1,0,TRUE
Female,Loyal Customer,48,Business Travel,Business,2914,5,5,5,5,2,5,5,4,4,4,4,3,4,4.23,0,0,TRUE
Male,Loyal Customer,45,Personal Travel,Eco,102,3,4,0,4,4,0,4,4,5,4,1,2,4,3,0,0,FALSE
Male,Loyal Customer,51,Personal Travel,Eco,1044,4,4,3,3,2,3,2,2,5,3,2,2,2,2.85,0,0,FALSE
Male,Loyal Customer,31,Personal Travel,Eco Plus,370,1,4,1,2,4,1,4,4,4,2,4,5,4,3.08,3,6,FALSE
Male,Loyal Customer,48,Personal Travel,Eco,825,2,5,2,4,1,2,1,1,4,4,5,5,1,2.85,0,6,FALSE
Female,Disloyal Customer,27,Business Travel,Business,247,4,4,4,3,2,4,2,2,3,2,4,4,2,3.08,0,0,TRUE
Female,Disloyal Customer,19,Business Travel,Eco,125,1,2,1,3,2,1,5,2,4,5,3,1,2,2.46,29,26,FALSE
Male,Loyal Customer,50,Business Travel,Business,1400,1,1,1,1,4,3,2,4,4,4,4,2,4,2.69,8,0,TRUE
Male,Loyal Customer,67,Personal Travel,Eco,2402,1,4,1,1,1,5,5,1,1,5,2,5,5,2.85,0,1,FALSE
Male,Loyal Customer,39,Business Travel,Business,238,0,0,0,3,1,2,4,3,3,4,4,2,3,2.23,0,9,TRUE
Female,Loyal Customer,39,Business Travel,Business,369,2,2,2,2,3,1,2,2,2,2,2,2,3,2.08,0,0,TRUE
Male,Loyal Customer,16,Business Travel,Business,3335,2,1,1,1,2,2,2,2,4,1,3,3,2,2,0,4,FALSE
Male,Loyal Customer,41,Business Travel,Business,153,1,1,1,1,5,4,5,5,5,5,5,5,5,3.69,0,0,TRUE
Female,Loyal Customer,43,Business Travel,Business,1294,2,2,5,2,5,5,5,3,3,3,3,3,4,3.46,0,0,TRUE
Female,Loyal Customer,42,Business Travel,Business,3270,1,1,1,1,3,4,4,5,5,5,5,5,5,3.46,0,0,TRUE
Female,Loyal Customer,16,Personal Travel,Eco,472,3,5,3,1,3,2,1,3,5,5,4,1,1,2.85,145,136,FALSE
Female,Loyal Customer,26,Personal Travel,Eco,209,3,3,3,2,4,3,4,4,1,4,4,1,4,3.08,6,15,FALSE
Male,Disloyal Customer,39,Business Travel,Eco,431,1,3,1,4,4,1,4,4,1,4,3,1,4,2.69,0,0,FALSE
Male,Loyal Customer,69,Personal Travel,Eco,2288,4,2,4,3,5,4,5,5,4,2,2,4,5,3.77,0,0,FALSE
Female,Disloyal Customer,45,Business Travel,Business,1249,1,1,1,5,2,1,2,2,5,5,5,3,2,2.69,0,17,FALSE
Female,Loyal Customer,60,Personal Travel,Eco,1590,4,4,4,1,5,5,4,2,2,4,2,5,5,3.62,5,5,TRUE
Male,Loyal Customer,62,Personal Travel,Eco,2248,3,5,3,3,3,2,5,3,4,4,5,5,5,3.85,0,38,FALSE
Female,Loyal Customer,51,Business Travel,Business,387,2,2,3,2,2,4,4,4,4,4,4,3,4,3.23,7,0,TRUE
Male,Loyal Customer,63,Personal Travel,Eco,1020,3,4,3,3,1,3,1,1,1,4,4,1,1,2.31,22,36,FALSE
Female,Loyal Customer,35,Personal Travel,Eco,395,4,4,4,2,4,4,4,4,5,2,4,3,4,3.69,0,18,FALSE
Female,Loyal Customer,53,Business Travel,Eco Plus,851,1,3,3,3,5,3,4,2,2,1,2,3,4,2.77,17,9,FALSE
Female,Disloyal Customer,22,Business Travel,Eco,590,4,0,5,3,1,5,1,1,4,2,4,4,1,2.69,0,0,TRUE
Male,Disloyal Customer,26,Business Travel,Business,308,3,4,3,1,4,3,4,4,3,3,5,4,4,3.46,0,0,FALSE
Female,Disloyal Customer,22,Personal Travel,Eco,280,2,5,5,2,2,5,1,2,4,5,2,4,2,3.15,0,0,FALSE
Female,Loyal Customer,48,Business Travel,Business,236,2,2,2,2,1,1,5,4,4,4,4,1,1,2.54,0,0,TRUE
Male,Loyal Customer,45,Personal Travel,Eco,224,1,5,1,3,3,1,3,3,3,3,5,4,3,2.92,9,11,FALSE
Female,Loyal Customer,32,Business Travel,Business,1850,1,1,1,1,5,4,5,5,2,2,5,5,5,3.23,0,0,TRUE
Female,Loyal Customer,47,Business Travel,Business,1763,4,4,2,4,5,5,4,2,2,2,2,5,5,3.54,0,0,TRUE
Male,Loyal Customer,36,Personal Travel,Eco,480,3,0,3,4,3,5,5,3,5,4,5,5,5,3.85,166,148,FALSE
Male,Loyal Customer,40,Business Travel,Eco,645,4,4,4,4,4,4,4,4,2,4,3,3,4,3.69,0,0,FALSE
Male,Disloyal Customer,25,Business Travel,Business,222,2,0,2,5,4,2,4,4,1,3,3,5,4,3,0,0,FALSE
Male,Loyal Customer,52,Business Travel,Business,2026,3,3,3,3,5,5,5,4,4,4,4,3,4,3.85,42,42,TRUE
Female,Loyal Customer,15,Personal Travel,Eco,528,2,2,2,3,3,2,3,3,4,4,4,4,3,3,1,0,FALSE
Male,Loyal Customer,23,Business Travel,Business,2270,3,4,4,4,3,3,3,3,1,4,3,3,3,3.15,0,0,FALSE
Female,Loyal Customer,65,Personal Travel,Eco,829,2,4,2,2,2,5,4,3,3,2,5,5,3,3.23,0,0,FALSE
Male,Loyal Customer,72,Business Travel,Business,228,0,0,0,3,2,4,5,4,4,4,4,5,5,3.08,0,0,TRUE
Male,Loyal Customer,46,Personal Travel,Eco,157,2,4,2,1,3,2,3,3,3,3,5,5,3,3,0,0,FALSE
Female,Loyal Customer,40,Business Travel,Business,3625,1,1,2,1,3,4,4,5,5,5,5,3,3,3.23,0,1,TRUE
Female,Loyal Customer,54,Business Travel,Eco,567,4,4,4,4,2,1,1,4,4,4,4,5,4,3.46,0,0,TRUE
Male,Loyal Customer,11,Personal Travel,Eco,337,2,2,3,3,5,3,5,5,4,2,3,2,5,3.38,0,0,FALSE
Male,Loyal Customer,43,Business Travel,Business,2934,4,4,4,4,5,2,5,4,4,4,4,4,5,4.08,0,13,TRUE
Female,Loyal Customer,40,Personal Travel,Eco,395,2,4,2,3,4,2,4,4,1,4,2,5,4,3.15,3,13,FALSE
Female,Loyal Customer,28,Business Travel,Eco Plus,1091,5,2,2,2,5,5,5,5,3,4,5,4,5,4,0,0,TRUE
Male,Disloyal Customer,22,Business Travel,Eco,359,2,3,2,3,4,2,4,4,3,1,3,1,4,2.77,0,0,FALSE
Female,Disloyal Customer,33,Business Travel,Eco,399,2,1,2,3,2,2,4,2,1,1,3,3,2,2.15,3,0,FALSE
Female,Disloyal Customer,44,Business Travel,Eco,239,3,4,3,4,3,3,3,3,2,2,3,1,3,2.85,105,98,FALSE
Male,Loyal Customer,45,Business Travel,Business,2126,0,5,0,2,3,5,5,5,5,5,5,5,3,3.69,111,105,TRUE
Male,Loyal Customer,60,Business Travel,Business,189,2,5,5,5,2,1,2,2,2,2,2,2,4,2.77,34,11,FALSE
Male,Disloyal Customer,23,Business Travel,Business,1187,4,0,4,1,4,4,4,4,5,5,5,4,4,3.69,2,3,TRUE
Female,Loyal Customer,42,Personal Travel,Eco,1727,2,3,2,2,5,3,4,2,2,2,2,2,3,2.62,0,0,FALSE
Female,Disloyal Customer,31,Business Travel,Eco,977,2,2,2,4,2,2,2,2,1,5,4,2,2,2.46,55,41,FALSE
Male,Loyal Customer,47,Business Travel,Business,2794,2,2,2,2,5,4,5,5,5,5,5,3,4,3.77,0,0,TRUE
Male,Loyal Customer,50,Business Travel,Eco,992,4,3,3,3,4,4,4,4,5,2,2,3,4,3.46,0,0,TRUE
Female,Loyal Customer,54,Business Travel,Business,1389,3,3,5,3,2,4,4,5,5,5,5,4,3,3.92,0,0,TRUE
Male,Loyal Customer,12,Personal Travel,Eco,508,3,5,3,3,2,3,2,2,5,2,4,4,2,3.08,23,20,FALSE
Female,Loyal Customer,54,Personal Travel,Eco,590,2,5,2,2,2,4,4,3,3,2,3,4,4,3.08,0,0,FALSE
Male,Disloyal Customer,37,Business Travel,Business,484,2,2,2,4,2,2,2,2,5,5,5,4,2,3,0,0,FALSE
Male,Loyal Customer,39,Business Travel,Business,391,4,4,4,4,4,5,5,4,4,4,4,4,3,4.08,14,4,TRUE
Male,Loyal Customer,34,Personal Travel,Eco Plus,209,3,2,0,3,3,0,3,3,1,1,2,3,3,2.08,5,7,FALSE
Male,Loyal Customer,8,Personal Travel,Eco,67,1,5,1,2,2,1,2,2,4,4,4,3,2,2.54,23,38,FALSE
Male,Loyal Customer,65,Personal Travel,Eco,334,2,4,2,3,4,2,4,4,4,2,4,3,4,3.23,23,9,FALSE
Female,Loyal Customer,36,Business Travel,Business,2615,4,3,3,3,4,3,4,4,4,4,4,4,3,3.62,0,0,FALSE
Female,Loyal Customer,35,Business Travel,Eco Plus,1127,2,4,5,4,2,2,2,2,1,4,2,4,2,2.77,0,0,FALSE
Female,Loyal Customer,40,Business Travel,Business,116,3,2,2,2,5,2,2,3,3,3,3,3,1,2.62,0,0,FALSE
Female,Disloyal Customer,22,Business Travel,Business,594,4,3,4,1,3,4,3,3,4,5,4,3,3,3.38,27,34,TRUE
Male,Loyal Customer,12,Personal Travel,Eco,1411,1,5,1,1,4,1,4,4,5,3,4,3,4,3.08,0,0,FALSE
Male,Loyal Customer,61,Business Travel,Business,196,0,5,0,5,5,1,2,5,5,5,5,1,1,3.08,3,0,TRUE
Female,Loyal Customer,42,Business Travel,Business,1999,5,5,5,5,2,5,4,5,5,5,5,5,5,4.69,7,1,TRUE
Female,Loyal Customer,55,Personal Travel,Eco,912,3,4,3,1,3,5,5,2,2,3,1,5,3,3.08,15,4,FALSE
Female,Loyal Customer,25,Business Travel,Business,3966,3,3,3,3,2,2,2,2,4,5,4,1,2,2.77,12,3,TRUE
Female,Loyal Customer,26,Personal Travel,Business,845,4,4,4,2,4,4,4,4,5,5,4,5,4,4.08,0,0,TRUE
Female,Disloyal Customer,57,Business Travel,Eco,1145,2,2,2,3,3,2,3,3,3,2,3,2,3,2.54,0,0,FALSE
Female,Loyal Customer,23,Personal Travel,Eco,2288,1,5,1,2,1,2,2,3,4,1,2,2,2,2.15,196,178,FALSE
Female,Loyal Customer,57,Personal Travel,Eco,684,4,4,4,3,5,4,5,4,4,4,4,4,3,4,41,30,FALSE
Female,Loyal Customer,47,Personal Travel,Eco,432,3,5,3,3,5,5,5,1,1,3,1,4,4,3.31,0,0,FALSE
Male,Loyal Customer,24,Business Travel,Eco,1062,0,5,0,3,2,0,2,2,2,2,3,2,2,1.92,87,101,TRUE
Male,Loyal Customer,53,Business Travel,Business,1127,5,5,3,5,3,5,4,3,3,3,3,5,5,4,0,0,TRUE
Female,Loyal Customer,54,Business Travel,Eco,850,3,2,2,2,4,1,1,4,4,3,4,4,4,2.92,65,55,TRUE
Female,Loyal Customer,21,Personal Travel,Eco,1521,3,5,3,3,5,3,5,5,4,4,4,3,5,4,3,0,FALSE
Female,Loyal Customer,59,Business Travel,Business,3611,5,3,5,5,5,5,4,4,4,4,4,3,5,4.31,0,0,TRUE
Male,Loyal Customer,55,Business Travel,Business,2056,3,3,3,3,5,4,5,4,4,4,4,5,4,3.92,9,0,TRUE
Female,Loyal Customer,36,Business Travel,Business,3270,2,4,4,4,5,4,3,2,2,2,2,3,1,2.92,44,43,FALSE
Male,Loyal Customer,51,Personal Travel,Eco Plus,181,2,5,2,2,5,2,2,5,1,1,4,4,5,3.08,0,11,FALSE
Male,Loyal Customer,40,Business Travel,Business,2562,4,4,4,4,4,3,4,4,4,4,4,3,4,3.85,0,0,FALSE
Female,Disloyal Customer,27,Business Travel,Eco,1986,2,2,2,3,3,2,2,3,2,2,3,4,3,2.54,69,43,FALSE
Male,Loyal Customer,69,Personal Travel,Eco,973,1,5,1,3,4,1,4,4,4,5,5,3,4,3.38,40,58,FALSE
Female,Loyal Customer,47,Business Travel,Business,2467,2,2,2,2,3,5,4,2,2,2,2,3,4,2.69,0,0,TRUE
Male,Loyal Customer,16,Personal Travel,Eco,631,2,5,2,4,3,2,2,3,4,2,5,5,3,3.23,0,3,FALSE
Female,Disloyal Customer,36,Business Travel,Business,642,1,1,1,4,1,1,1,1,3,3,5,3,1,2,0,0,FALSE
Female,Loyal Customer,30,Business Travel,Business,569,2,1,2,2,4,4,4,4,5,5,5,3,4,3.46,0,0,TRUE
Male,Loyal Customer,62,Personal Travel,Eco,1671,3,4,3,4,1,3,3,1,3,1,4,1,1,2.46,12,2,FALSE
Female,Loyal Customer,57,Business Travel,Business,1788,3,3,2,3,2,4,5,5,5,5,5,3,5,3.85,0,0,TRUE
Male,Loyal Customer,24,Business Travel,Business,2762,3,3,3,3,3,3,3,3,5,1,1,3,3,2.85,10,5,TRUE
Male,Loyal Customer,34,Business Travel,Business,3248,2,2,2,2,2,5,5,4,4,4,4,3,5,3.38,18,0,TRUE
Male,Loyal Customer,24,Business Travel,Business,1721,1,1,1,1,5,5,5,5,3,2,4,2,5,3.08,0,0,TRUE
Male,Loyal Customer,56,Business Travel,Business,2136,4,2,4,4,5,4,5,5,5,5,5,5,3,4.31,0,0,TRUE
Female,Disloyal Customer,16,Business Travel,Eco,1313,3,3,3,5,2,3,2,2,4,1,5,1,2,2.77,0,0,FALSE
Male,Loyal Customer,41,Business Travel,Eco,2677,4,2,2,2,4,4,4,3,2,3,5,4,4,3.31,0,0,TRUE
Male,Loyal Customer,47,Business Travel,Business,3250,3,2,3,3,2,5,4,3,3,4,3,4,3,3.23,18,8,TRUE
Female,Loyal Customer,72,Business Travel,Business,3408,3,3,3,3,4,5,4,5,5,5,5,5,5,4.23,6,0,TRUE
Female,Loyal Customer,30,Business Travel,Business,1616,1,1,1,1,4,4,4,4,3,4,1,2,4,2.62,0,0,TRUE
Female,Loyal Customer,53,Business Travel,Business,777,4,2,4,4,4,5,4,5,5,5,5,4,4,4.23,1,0,TRUE
Male,Loyal Customer,29,Business Travel,Business,2805,3,3,3,3,4,4,4,4,4,2,4,5,4,3.62,0,0,TRUE
Male,Disloyal Customer,38,Business Travel,Business,515,2,2,2,5,4,2,4,4,4,5,5,4,4,3.62,0,0,FALSE
Female,Loyal Customer,24,Business Travel,Business,2662,2,2,2,2,2,2,2,3,1,3,3,2,2,2.15,151,131,FALSE
Male,Loyal Customer,61,Business Travel,Business,383,2,3,3,3,4,4,3,2,2,2,2,1,4,2.69,7,0,FALSE
Male,Loyal Customer,61,Personal Travel,Eco,2588,2,4,3,5,3,3,5,3,4,2,4,3,3,3.38,0,0,FALSE
Female,Loyal Customer,49,Personal Travel,Eco,548,4,1,4,3,3,3,3,2,2,4,2,4,2,2.85,0,0,FALSE
Female,Loyal Customer,43,Business Travel,Business,1754,4,4,4,4,2,5,4,3,3,4,3,5,5,3.85,0,28,TRUE
Male,Loyal Customer,23,Business Travel,Business,3145,1,3,3,3,1,1,1,1,2,1,4,4,1,2,0,0,FALSE
Female,Loyal Customer,40,Business Travel,Business,3444,1,1,1,1,2,5,5,4,4,4,4,5,3,3.08,32,21,TRUE
Female,Loyal Customer,49,Business Travel,Business,361,2,3,3,3,2,3,3,2,2,2,2,1,2,2.31,6,0,FALSE
Female,Loyal Customer,31,Business Travel,Business,550,2,3,3,3,2,2,2,2,1,3,3,3,2,2.38,0,0,FALSE
Male,Loyal Customer,45,Business Travel,Business,479,5,5,5,5,4,2,1,5,5,5,5,1,1,3.77,37,13,TRUE
Female,Loyal Customer,40,Personal Travel,Eco,764,2,4,2,4,1,2,1,1,4,4,5,4,1,2.69,0,13,FALSE
Male,Disloyal Customer,9,Business Travel,Eco,855,4,3,3,3,1,4,1,1,2,3,3,4,1,2.54,1,0,FALSE
Male,Loyal Customer,46,Business Travel,Business,3088,5,5,5,5,4,4,5,5,5,5,5,3,4,4.62,59,58,TRUE
Female,Disloyal Customer,27,Business Travel,Eco,200,4,2,5,5,4,5,4,4,1,1,5,1,4,3.46,80,90,TRUE
Female,Loyal Customer,51,Business Travel,Business,1011,5,2,5,5,5,4,5,4,4,4,4,3,5,4.23,8,3,TRUE
Female,Loyal Customer,18,Personal Travel,Eco,1744,2,5,2,3,1,2,3,1,1,1,4,3,1,2.23,0,0,FALSE
Female,Disloyal Customer,23,Business Travel,Eco,964,4,3,3,4,3,3,3,3,1,3,4,1,3,2.92,0,0,FALSE
Female,Loyal Customer,31,Business Travel,Business,528,2,5,5,5,2,2,2,2,3,2,3,1,2,2.77,0,0,FALSE
Male,Loyal Customer,43,Business Travel,Business,2214,5,5,5,5,3,4,4,2,2,2,2,5,5,3.77,0,0,TRUE
Female,Loyal Customer,15,Personal Travel,Eco,1452,4,3,4,4,4,4,4,4,3,1,3,3,4,3.46,0,0,TRUE
Female,Loyal Customer,23,Personal Travel,Eco,153,1,5,1,2,5,1,5,5,5,3,5,3,5,3.54,17,16,FALSE
Male,Loyal Customer,40,Business Travel,Business,1577,1,1,5,1,3,5,5,5,5,5,5,3,4,3.69,0,0,TRUE
Female,Loyal Customer,39,Business Travel,Business,530,1,0,0,4,1,3,3,4,4,0,4,3,1,2.15,43,40,FALSE
Male,Loyal Customer,48,Business Travel,Business,528,1,1,1,1,2,4,5,2,2,2,2,5,4,2.46,6,0,TRUE
Male,Disloyal Customer,26,Business Travel,Business,528,5,5,5,2,5,5,5,5,5,2,4,5,5,4.46,0,0,TRUE
Female,Disloyal Customer,32,Business Travel,Business,334,2,3,3,4,1,3,1,1,4,2,4,4,1,2.54,23,18,FALSE
Female,Loyal Customer,47,Personal Travel,Eco,937,3,4,3,1,1,1,3,3,3,3,3,4,2,2.62,8,7,FALSE
Male,Loyal Customer,8,Personal Travel,Eco,594,2,1,2,3,2,2,2,2,3,3,4,1,2,2.23,0,0,FALSE
Female,Disloyal Customer,27,Business Travel,Business,1379,2,2,2,2,2,2,2,2,4,2,5,3,2,2.46,3,2,FALSE
Male,Loyal Customer,43,Business Travel,Business,936,1,4,4,4,2,4,4,1,1,2,1,1,2,2.38,18,5,FALSE
Female,Loyal Customer,53,Personal Travel,Eco,1069,3,2,3,2,1,1,2,5,5,3,5,1,1,2.62,0,0,FALSE
Female,Loyal Customer,43,Personal Travel,Eco,873,2,4,2,3,4,3,4,4,4,2,4,5,5,3.54,10,1,FALSE
Female,Disloyal Customer,25,Business Travel,Eco Plus,190,2,4,2,1,4,2,5,4,3,1,2,4,4,2.92,0,0,FALSE
Female,Loyal Customer,47,Personal Travel,Eco,1865,3,3,3,2,5,5,5,1,1,3,1,2,3,2.85,0,0,FALSE
Female,Loyal Customer,59,Personal Travel,Eco,588,3,4,3,2,3,5,5,5,5,3,5,3,5,3.92,0,0,FALSE
Female,Loyal Customer,17,Business Travel,Business,1797,4,4,4,4,5,5,5,5,3,3,4,4,5,4.23,21,4,TRUE
Female,Disloyal Customer,16,Business Travel,Eco,607,5,2,5,3,2,5,2,2,3,5,4,5,2,3.46,0,0,TRUE
Female,Loyal Customer,57,Personal Travel,Eco,1199,1,4,1,4,4,3,3,1,1,1,1,2,4,2.31,108,110,FALSE
Female,Loyal Customer,43,Business Travel,Business,1993,4,4,4,4,3,5,5,5,5,5,5,4,5,4.46,1,30,TRUE
Female,Loyal Customer,59,Business Travel,Business,315,2,2,2,2,3,4,4,5,5,5,5,3,3,3.46,0,0,TRUE
Female,Loyal Customer,39,Personal Travel,Eco Plus,447,3,4,3,5,4,3,4,4,5,2,5,5,4,3.92,68,120,FALSE
Male,Disloyal Customer,21,Business Travel,Eco,115,3,0,3,2,3,3,2,3,2,1,2,1,3,2.15,0,0,FALSE
Female,Loyal Customer,67,Business Travel,Business,3230,2,2,2,2,2,4,3,5,5,5,5,4,4,3.46,0,0,TRUE
Female,Loyal Customer,37,Business Travel,Business,2593,5,5,5,5,3,5,5,4,4,4,4,5,3,4.38,48,46,TRUE
Female,Loyal Customer,56,Personal Travel,Eco,1188,4,4,4,1,2,5,4,5,5,4,5,4,3,3.85,0,0,FALSE
Female,Loyal Customer,9,Personal Travel,Eco,337,5,4,4,4,5,4,5,5,2,4,3,1,5,3.92,6,7,TRUE
Female,Loyal Customer,47,Business Travel,Eco Plus,134,3,3,3,3,4,2,3,3,3,3,3,3,2,2.92,13,7,FALSE
Male,Loyal Customer,37,Business Travel,Business,620,5,5,3,5,4,5,4,4,4,4,4,4,5,4.31,0,0,TRUE
Male,Loyal Customer,20,Business Travel,Business,2777,4,4,4,4,4,4,4,4,4,4,4,4,4,4,0,0,TRUE
Male,Loyal Customer,15,Personal Travel,Eco,2701,2,2,2,3,3,2,3,3,3,3,4,3,3,2.77,0,0,FALSE
Female,Loyal Customer,69,Personal Travel,Eco,781,2,5,2,4,3,4,5,4,4,2,4,4,4,3.62,0,0,FALSE
Female,Loyal Customer,18,Personal Travel,Eco,1121,4,5,4,1,2,4,2,2,5,3,4,4,2,3.23,26,7,FALSE
Female,Disloyal Customer,26,Business Travel,Business,405,4,5,5,1,2,5,2,2,5,2,4,4,2,3.31,23,23,TRUE
Male,Loyal Customer,11,Personal Travel,Eco,282,2,1,2,3,4,2,4,4,4,1,4,4,4,3,10,12,FALSE
Female,Loyal Customer,34,Personal Travel,Eco,1416,2,2,3,3,4,3,4,4,3,3,4,4,4,3.31,0,0,FALSE
Female,Loyal Customer,19,Business Travel,Business,3791,5,5,5,5,5,4,5,5,5,3,4,4,5,4.62,10,1,TRUE
Male,Loyal Customer,61,Business Travel,Business,328,3,1,1,1,5,2,3,3,3,3,3,2,2,2.46,91,88,FALSE
Male,Loyal Customer,50,Business Travel,Business,1967,5,5,3,5,2,5,4,5,5,5,5,5,4,4.46,0,0,TRUE
Male,Loyal Customer,37,Business Travel,Eco Plus,1246,1,2,3,2,1,1,1,1,2,5,4,4,1,2.15,0,6,FALSE
Female,Disloyal Customer,30,Business Travel,Eco,907,2,2,2,4,1,2,1,1,4,3,3,3,1,2.23,16,13,FALSE
Male,Loyal Customer,38,Business Travel,Business,3387,2,1,1,1,2,3,4,2,2,2,2,3,4,2.23,0,11,FALSE
Male,Loyal Customer,74,Business Travel,Business,2317,4,5,5,5,4,3,4,4,4,4,4,4,2,4,0,0,FALSE
Female,Disloyal Customer,22,Business Travel,Eco,1213,4,5,5,3,5,5,5,5,4,5,5,3,5,4.54,7,0,TRUE
Male,Loyal Customer,53,Business Travel,Business,1337,1,1,1,1,4,5,5,5,5,5,5,5,5,3.69,0,0,TRUE
Female,Loyal Customer,54,Business Travel,Eco,2409,5,4,4,4,5,5,4,5,5,5,5,4,5,4.62,23,21,TRUE
Male,Loyal Customer,33,Business Travel,Business,484,4,4,4,4,4,4,4,4,3,5,5,4,4,4.08,2,0,TRUE
Female,Loyal Customer,44,Personal Travel,Eco,337,3,5,3,3,5,4,4,2,2,3,2,4,3,3.31,0,0,FALSE
Male,Loyal Customer,44,Personal Travel,Eco,802,1,3,1,3,1,1,1,1,3,2,3,1,1,1.69,0,0,FALSE
Male,Loyal Customer,49,Business Travel,Business,725,5,5,5,5,3,5,4,4,4,4,4,4,5,4.38,80,74,TRUE
Male,Loyal Customer,29,Business Travel,Business,991,4,5,3,3,4,4,4,4,2,5,4,4,4,3.85,0,0,FALSE
Female,Loyal Customer,37,Business Travel,Eco Plus,191,5,4,4,4,5,5,5,5,4,2,1,5,5,4.15,4,3,TRUE
Female,Loyal Customer,39,Business Travel,Business,546,5,5,5,5,2,4,4,4,4,4,4,3,5,4.15,20,16,TRUE
Male,Loyal Customer,13,Personal Travel,Eco,301,1,5,3,3,5,3,5,5,3,4,4,4,5,3.85,0,0,FALSE
Female,Loyal Customer,63,Personal Travel,Business,645,3,4,3,3,5,4,5,1,1,3,1,4,3,3.08,4,8,FALSE
Female,Loyal Customer,13,Personal Travel,Business,468,4,5,2,2,4,2,4,4,3,5,5,5,4,3.77,0,0,FALSE
Female,Loyal Customer,9,Personal Travel,Eco,919,2,2,2,2,2,2,4,2,1,4,1,4,2,2.31,52,45,FALSE
Female,Loyal Customer,45,Business Travel,Business,1598,2,2,2,2,3,4,5,5,5,5,5,5,5,3.85,0,0,TRUE
Female,Loyal Customer,7,Personal Travel,Eco,533,1,5,1,1,3,1,3,3,5,4,5,3,3,2.92,7,3,FALSE
Male,Loyal Customer,49,Business Travel,Business,1440,2,5,5,5,2,3,3,2,2,2,2,4,1,2.92,14,5,FALSE
Female,Loyal Customer,69,Personal Travel,Eco,157,1,5,1,2,3,5,5,3,3,1,3,5,4,3.15,4,8,FALSE
Female,Loyal Customer,37,Personal Travel,Eco,1726,4,1,4,3,2,4,2,2,3,4,4,2,2,2.85,0,0,FALSE
Male,Loyal Customer,51,Business Travel,Business,3319,0,5,0,2,4,4,5,5,5,5,5,4,4,3.69,0,0,TRUE
Male,Disloyal Customer,16,Business Travel,Business,414,5,0,5,5,1,5,1,1,4,5,4,5,1,3.23,0,0,TRUE
Female,Loyal Customer,7,Personal Travel,Eco Plus,862,3,4,3,3,1,3,1,1,4,4,4,4,1,2.77,21,29,FALSE
Female,Loyal Customer,54,Business Travel,Business,2877,4,4,4,4,3,4,5,3,3,3,3,5,3,3.69,3,1,TRUE
Female,Loyal Customer,25,Business Travel,Business,2630,2,2,1,2,4,4,4,4,3,5,5,4,4,3.38,0,0,TRUE
Male,Disloyal Customer,28,Business Travel,Business,489,2,2,2,5,2,2,2,2,5,5,5,4,2,3.08,0,0,FALSE
Male,Loyal Customer,26,Business Travel,Eco,1099,4,3,3,3,4,4,2,4,4,4,3,4,4,3.54,63,59,FALSE
Female,Disloyal Customer,79,Business Travel,Eco,1044,2,1,1,3,2,1,5,2,4,5,3,4,2,2.69,0,0,FALSE
Female,Loyal Customer,49,Business Travel,Business,2833,3,5,5,5,2,4,4,3,3,3,3,3,1,3.38,0,0,FALSE
Male,Loyal Customer,7,Personal Travel,Eco,406,4,4,4,2,4,4,1,4,3,4,4,4,4,3.54,0,9,FALSE
Male,Disloyal Customer,37,Business Travel,Business,447,3,3,3,2,1,3,1,1,1,5,2,3,1,2.23,0,0,FALSE
Female,Loyal Customer,26,Business Travel,Eco,546,1,5,5,5,1,1,1,1,2,3,3,4,1,2.54,17,11,FALSE
Male,Loyal Customer,41,Business Travel,Eco,588,5,2,2,2,5,5,5,5,3,5,5,5,5,4.15,4,0,TRUE
Male,Loyal Customer,48,Personal Travel,Eco,1416,2,4,2,5,2,2,2,5,5,5,5,2,2,3.31,161,147,FALSE
Female,Loyal Customer,56,Business Travel,Eco,946,1,5,5,5,2,4,4,1,1,1,1,1,3,2.62,73,46,FALSE
Male,Loyal Customer,53,Business Travel,Business,2173,3,3,3,3,4,5,5,4,4,4,4,4,4,3.85,32,31,TRUE
Male,Loyal Customer,36,Personal Travel,Eco,971,2,4,2,3,3,2,3,3,5,3,5,5,3,3.31,0,4,FALSE
Male,Loyal Customer,38,Business Travel,Business,3386,4,4,4,4,4,2,5,5,5,5,5,1,3,3.92,0,0,TRUE
Female,Loyal Customer,21,Personal Travel,Eco,1616,2,4,1,3,1,1,5,1,3,5,3,4,1,2.62,60,67,FALSE
Female,Disloyal Customer,40,Business Travel,Business,452,4,4,4,4,3,4,3,3,3,3,4,5,3,3.62,5,0,TRUE
Male,Loyal Customer,29,Business Travel,Business,2500,1,1,1,1,5,5,5,5,3,3,5,3,5,3.31,4,2,TRUE
Female,Loyal Customer,43,Personal Travel,Eco Plus,1399,2,5,2,3,3,5,5,1,1,2,1,5,5,3.08,0,0,FALSE
Male,Loyal Customer,64,Personal Travel,Eco,1303,4,5,5,1,1,5,1,1,3,4,5,3,1,3,18,6,FALSE
Male,Loyal Customer,40,Business Travel,Business,2548,5,5,5,5,5,4,5,3,3,2,3,3,5,4.08,79,62,TRUE
Male,Loyal Customer,49,Business Travel,Business,391,1,1,1,1,5,5,3,3,3,3,3,5,1,2.69,50,57,TRUE
Female,Disloyal Customer,39,Business Travel,Business,1009,1,1,1,4,1,1,1,1,2,2,3,2,1,1.62,0,1,FALSE
Male,Loyal Customer,9,Personal Travel,Eco,237,4,5,0,4,4,0,4,4,3,3,4,4,4,3.31,0,0,FALSE
Male,Loyal Customer,48,Business Travel,Business,647,4,4,4,4,4,4,5,2,2,2,2,4,3,3.38,0,0,TRUE
Female,Disloyal Customer,20,Business Travel,Eco,214,1,0,0,4,1,0,1,1,4,4,4,5,1,2,34,27,FALSE
Male,Loyal Customer,60,Personal Travel,Eco,227,5,5,5,3,1,5,1,1,5,2,5,4,1,3.31,0,0,TRUE
Female,Loyal Customer,15,Business Travel,Business,602,3,3,3,3,5,5,5,5,5,4,5,4,5,4.23,0,0,TRUE
Female,Disloyal Customer,30,Business Travel,Business,1855,3,3,3,5,4,3,5,4,3,3,3,3,4,3.54,3,1,FALSE
Male,Loyal Customer,71,Business Travel,Business,3571,1,1,1,1,4,2,5,5,5,5,5,5,5,3.46,0,0,TRUE
Female,Loyal Customer,33,Business Travel,Business,1452,4,4,4,4,4,4,3,4,4,4,4,3,2,3.69,100,109,FALSE
Female,Disloyal Customer,36,Business Travel,Business,547,1,1,1,3,2,1,2,2,4,3,5,4,2,2.38,0,0,FALSE
Female,Loyal Customer,56,Business Travel,Business,2383,3,3,3,3,4,4,4,5,5,5,5,3,4,3.92,3,8,TRUE
Female,Loyal Customer,39,Business Travel,Eco,1481,2,2,2,2,2,2,2,2,2,3,4,2,2,2.23,3,6,FALSE
Male,Loyal Customer,45,Personal Travel,Eco,228,4,3,4,3,2,4,2,2,3,4,4,3,2,3.08,0,0,FALSE
Female,Disloyal Customer,52,Business Travel,Eco,776,2,3,3,3,1,3,1,1,5,4,3,3,1,2.54,3,0,FALSE
Male,Loyal Customer,64,Personal Travel,Business,950,5,5,5,2,3,4,5,1,1,5,1,4,1,3.23,3,0,TRUE
Male,Disloyal Customer,23,Business Travel,Eco,447,1,5,1,1,5,1,5,5,5,4,4,3,5,3.46,0,0,FALSE
Male,Loyal Customer,22,Business Travel,Business,986,1,1,1,1,3,3,3,3,3,5,5,5,3,2.85,0,4,TRUE
Male,Loyal Customer,60,Business Travel,Eco,763,2,2,2,2,2,2,2,2,3,3,4,3,2,2.38,0,0,FALSE
Female,Loyal Customer,21,Personal Travel,Eco,106,0,5,0,2,4,0,4,4,3,4,4,5,4,3,0,11,TRUE
Female,Loyal Customer,22,Personal Travel,Eco,1195,4,2,4,3,4,4,4,4,2,3,2,3,4,3.31,0,8,FALSE
Male,Loyal Customer,22,Business Travel,Eco Plus,387,5,1,1,1,5,5,3,5,2,4,5,2,5,3.38,0,0,TRUE
Male,Loyal Customer,33,Business Travel,Business,584,4,4,4,4,5,5,5,5,4,2,3,4,5,4.15,0,0,TRUE
Male,Loyal Customer,29,Business Travel,Business,3223,2,2,2,2,5,5,5,5,3,3,4,4,5,3.62,0,0,TRUE
Female,Disloyal Customer,22,Business Travel,Eco,283,3,0,3,1,1,3,1,1,5,3,5,5,1,2.46,0,0,FALSE
Male,Loyal Customer,61,Personal Travel,Eco,214,1,3,1,4,4,1,4,4,5,4,3,3,4,3.15,0,0,FALSE
Female,Loyal Customer,52,Business Travel,Business,1345,4,4,4,4,5,4,5,5,5,5,5,3,3,4.31,0,1,TRUE
Female,Loyal Customer,50,Business Travel,Business,628,4,4,5,4,2,5,5,4,4,4,4,3,3,3.92,9,17,TRUE
Female,Loyal Customer,27,Personal Travel,Eco,551,3,4,3,3,2,3,2,2,1,5,4,1,2,2.69,0,0,FALSE
Female,Loyal Customer,19,Business Travel,Eco Plus,159,3,4,4,4,3,3,3,3,3,5,4,4,3,3.54,0,0,FALSE
Female,Loyal Customer,7,Personal Travel,Eco,261,3,1,3,2,2,3,2,2,1,1,2,2,2,2,0,0,FALSE
Female,Loyal Customer,44,Business Travel,Business,484,1,0,0,4,1,4,3,2,2,0,2,2,2,1.77,0,0,FALSE
Female,Loyal Customer,48,Business Travel,Business,1050,1,1,1,1,5,4,2,3,3,2,3,1,2,2.23,0,0,TRUE
Female,Loyal Customer,14,Personal Travel,Eco,160,1,5,1,3,4,1,4,4,4,2,5,5,4,3.31,0,0,FALSE
Male,Loyal Customer,41,Business Travel,Business,2937,4,4,4,4,1,4,3,4,4,4,4,2,2,3.38,42,37,FALSE
Female,Loyal Customer,45,Business Travel,Eco,318,3,3,3,3,3,3,4,3,3,3,3,4,3,3.15,62,55,FALSE
Male,Loyal Customer,33,Business Travel,Business,862,3,3,3,3,2,2,2,2,3,4,4,3,2,2.77,3,0,TRUE
Male,Disloyal Customer,12,Personal Travel,Business,2125,3,4,3,3,5,3,5,5,1,1,3,3,5,3.38,87,84,FALSE
Male,Disloyal Customer,36,Business Travel,Eco,717,1,1,1,4,1,1,2,1,2,1,4,2,1,1.69,0,8,FALSE
Female,Loyal Customer,59,Business Travel,Business,910,1,1,1,1,5,5,5,5,5,5,5,4,4,3.62,0,0,TRUE
Male,Loyal Customer,69,Personal Travel,Eco,1084,2,3,2,3,2,2,2,2,4,5,4,4,2,2.85,0,0,FALSE
Male,Loyal Customer,68,Personal Travel,Eco,199,5,5,5,4,5,5,1,5,3,4,4,4,5,4.23,0,0,TRUE
Female,Disloyal Customer,14,Business Travel,Business,1145,0,0,0,5,2,0,2,2,5,4,5,4,2,2.38,18,19,TRUE
Male,Disloyal Customer,22,Business Travel,Business,356,4,0,3,5,5,3,5,5,5,4,5,4,5,4.08,0,2,TRUE
Male,Loyal Customer,28,Business Travel,Eco,984,5,1,1,1,5,5,5,5,4,3,4,1,5,3.46,5,0,TRUE
Female,Loyal Customer,18,Personal Travel,Eco,2465,2,4,2,5,1,2,1,1,3,3,5,5,1,2.69,0,2,FALSE
Female,Loyal Customer,57,Personal Travel,Eco,337,1,4,5,2,4,5,5,4,4,5,4,5,3,3.92,72,70,FALSE
Female,Disloyal Customer,50,Business Travel,Eco,480,2,0,2,4,4,2,4,4,1,3,1,1,4,2.46,1,0,FALSE
Male,Loyal Customer,31,Personal Travel,Eco Plus,912,3,5,3,1,3,3,3,3,3,2,1,1,3,2.62,0,0,FALSE
Female,Loyal Customer,40,Business Travel,Business,2434,1,1,1,1,5,5,4,3,3,3,3,3,3,2.77,0,0,TRUE
Male,Loyal Customer,39,Business Travel,Business,3987,3,1,1,1,3,3,3,4,2,1,1,3,3,2.23,144,158,FALSE
Female,Disloyal Customer,23,Business Travel,Business,997,0,0,0,4,3,0,3,3,4,3,4,4,3,2.38,3,42,TRUE
Female,Disloyal Customer,26,Business Travel,Business,954,3,3,3,4,5,3,5,5,3,5,4,5,5,4.08,0,0,FALSE
Female,Loyal Customer,52,Business Travel,Business,237,5,5,5,5,3,5,5,5,5,5,5,3,5,4.69,41,53,TRUE
Male,Loyal Customer,34,Personal Travel,Eco,1299,4,4,4,5,1,4,1,1,5,2,3,4,1,3,0,0,TRUE
Male,Loyal Customer,43,Business Travel,Eco Plus,2586,1,5,5,5,1,1,1,2,2,4,3,1,1,2.46,7,18,FALSE
Female,Loyal Customer,9,Personal Travel,Eco,2475,4,2,4,3,4,5,5,1,5,2,3,5,5,3.69,0,0,FALSE
Female,Loyal Customer,43,Business Travel,Business,3596,5,5,5,5,4,5,4,5,5,5,5,3,3,4.54,0,0,TRUE
Male,Loyal Customer,66,Business Travel,Eco Plus,364,5,5,5,5,5,5,5,5,4,2,1,1,5,4.08,0,0,TRUE
Male,Loyal Customer,37,Business Travel,Eco Plus,417,2,5,5,5,2,2,2,2,3,4,3,4,2,3.15,7,14,FALSE
Female,Loyal Customer,29,Personal Travel,Eco Plus,1096,3,3,3,3,5,3,5,5,3,2,3,2,5,3.46,0,0,FALSE
Female,Disloyal Customer,33,Business Travel,Eco,550,3,4,3,4,1,3,1,1,5,1,1,2,1,2.31,0,0,FALSE
Female,Disloyal Customer,31,Business Travel,Eco,1416,4,4,4,3,1,4,1,1,2,3,1,2,1,2.38,2,0,FALSE
Female,Loyal Customer,7,Personal Travel,Business,2454,3,4,3,5,5,3,5,5,4,4,4,5,5,4.23,2,0,FALSE
Male,Loyal Customer,22,Personal Travel,Eco,641,2,3,2,3,5,2,4,5,3,1,3,4,5,3.23,5,0,FALSE
Male,Disloyal Customer,34,Business Travel,Business,862,3,3,3,2,5,3,5,5,4,4,5,5,5,4,0,0,FALSE
Female,Disloyal Customer,12,Business Travel,Eco,573,4,0,4,2,4,4,2,4,5,4,5,5,4,3.62,20,5,FALSE
Male,Loyal Customer,60,Business Travel,Eco Plus,250,3,2,2,2,3,3,3,3,2,3,4,2,3,2.69,0,0,TRUE
Male,Loyal Customer,23,Personal Travel,Eco,507,1,5,1,4,1,1,1,1,5,4,4,3,1,2.46,0,0,FALSE
Female,Loyal Customer,38,Personal Travel,Eco,371,5,1,5,3,5,5,5,5,4,4,1,3,5,3.92,0,0,TRUE
Female,Loyal Customer,59,Business Travel,Business,151,4,4,4,4,3,5,5,5,5,5,4,4,3,4.23,0,0,TRUE
Female,Loyal Customer,55,Personal Travel,Eco,239,1,4,1,3,2,4,4,3,3,1,3,2,1,2.46,31,11,FALSE
Female,Disloyal Customer,36,Business Travel,Business,746,2,2,2,4,4,2,4,4,5,5,5,5,4,3.69,16,0,FALSE
Female,Disloyal Customer,58,Business Travel,Eco Plus,337,4,3,3,2,3,4,3,3,2,3,3,4,3,3.08,0,0,FALSE
Male,Loyal Customer,65,Business Travel,Business,655,5,5,5,5,3,2,3,4,4,4,4,4,1,3.77,0,0,TRUE
Male,Loyal Customer,54,Business Travel,Eco,550,3,2,2,2,3,3,3,3,4,5,3,4,3,3.08,0,0,FALSE
Female,Loyal Customer,47,Personal Travel,Eco,239,2,4,2,2,3,4,4,5,5,2,5,4,3,3.46,0,13,FALSE
Female,Loyal Customer,48,Business Travel,Business,3161,2,2,2,2,2,4,4,4,4,4,4,4,5,3.31,16,0,TRUE
Female,Loyal Customer,55,Business Travel,Business,948,4,4,4,4,5,5,4,4,4,4,4,3,3,4,0,0,TRUE
Female,Loyal Customer,22,Business Travel,Business,3641,2,3,3,3,2,1,2,2,1,1,4,4,2,2.31,0,13,FALSE
Male,Loyal Customer,50,Business Travel,Business,3563,2,2,2,2,5,5,5,5,5,5,5,4,5,4,79,68,TRUE
Female,Loyal Customer,29,Business Travel,Business,783,4,4,5,4,5,5,5,5,4,1,2,2,5,3.92,0,0,TRUE
Male,Loyal Customer,25,Business Travel,Business,3491,2,5,5,5,2,2,2,2,4,3,3,4,2,3.15,90,72,FALSE
Female,Loyal Customer,42,Business Travel,Business,500,5,5,5,5,2,4,5,4,4,4,4,3,4,4.15,0,1,TRUE
Male,Loyal Customer,45,Business Travel,Eco,1201,1,2,2,2,1,1,1,1,4,2,3,1,1,1.69,0,0,FALSE
Male,Loyal Customer,50,Business Travel,Business,280,2,2,2,2,2,4,4,4,4,4,4,4,3,3.15,9,21,TRUE
Female,Loyal Customer,52,Business Travel,Business,2258,1,1,4,4,2,3,3,1,1,1,1,4,4,2.31,50,48,FALSE
Male,Loyal Customer,47,Personal Travel,Eco,793,1,4,1,1,5,1,3,5,5,2,5,5,5,3.31,0,0,FALSE
Male,Loyal Customer,56,Business Travel,Business,3118,2,2,2,2,4,5,5,4,4,4,4,3,4,3.46,5,0,TRUE
Male,Loyal Customer,51,Personal Travel,Eco Plus,1075,1,2,1,2,4,1,4,4,3,1,2,3,4,2.46,17,0,FALSE
Male,Loyal Customer,33,Personal Travel,Business,101,3,2,0,2,5,0,5,5,3,4,2,1,5,2.85,0,0,FALSE
Male,Loyal Customer,50,Business Travel,Business,3091,3,3,3,3,3,5,4,5,5,5,5,5,4,4.08,0,0,TRUE
Male,Loyal Customer,49,Business Travel,Eco Plus,852,5,2,2,2,5,5,5,5,4,2,2,3,5,3.62,0,2,TRUE
Male,Loyal Customer,62,Personal Travel,Eco,280,4,4,2,2,1,2,1,1,4,3,4,5,1,2.62,0,9,FALSE
Male,Loyal Customer,52,Business Travel,Business,2439,2,2,2,2,3,5,4,5,5,5,5,3,5,3.69,0,0,TRUE
Male,Loyal Customer,33,Business Travel,Eco Plus,869,2,5,4,5,2,2,2,2,1,2,3,2,2,2.62,40,28,FALSE
Male,Loyal Customer,47,Business Travel,Business,3829,1,1,1,1,5,4,5,3,3,3,3,5,3,2.92,0,0,TRUE
Male,Loyal Customer,51,Business Travel,Business,738,1,4,1,1,5,4,4,5,5,5,5,5,3,3.69,0,0,TRUE
Male,Loyal Customer,43,Personal Travel,Eco,334,1,5,1,1,1,2,2,4,4,5,5,2,2,2.69,168,179,FALSE
Male,Loyal Customer,48,Business Travel,Eco,2465,4,4,4,4,4,4,4,4,5,2,5,2,4,3.85,0,0,TRUE
Male,Loyal Customer,43,Business Travel,Business,3001,4,4,5,4,3,4,5,5,5,5,5,3,5,4.38,0,0,TRUE
Male,Loyal Customer,52,Personal Travel,Eco,1562,3,5,3,2,2,3,5,2,4,5,5,3,2,3.38,0,11,FALSE
Female,Loyal Customer,13,Personal Travel,Eco,319,2,2,2,4,5,2,5,5,1,5,4,2,5,3.38,0,0,FALSE
Male,Loyal Customer,46,Personal Travel,Eco,1182,1,4,1,4,1,1,1,1,4,1,4,3,1,2.08,2,0,FALSE
Female,Loyal Customer,30,Business Travel,Business,198,4,4,4,4,5,5,5,5,3,5,5,4,5,4.46,0,0,TRUE
Male,Loyal Customer,52,Personal Travel,Eco,408,4,5,2,1,3,2,3,3,3,1,2,4,3,2.77,0,0,TRUE
Male,Loyal Customer,48,Personal Travel,Eco,667,3,2,4,2,5,4,5,5,4,4,3,4,5,3.85,0,0,FALSE
Male,Loyal Customer,74,Business Travel,Eco Plus,432,3,2,3,2,3,3,3,3,1,4,4,1,3,2.69,13,12,FALSE
Female,Loyal Customer,52,Business Travel,Business,3557,5,5,5,5,2,5,5,4,4,4,4,3,3,4.15,5,2,TRUE
Female,Loyal Customer,39,Business Travel,Business,1587,3,3,3,3,5,3,5,5,5,5,5,3,5,4.08,0,0,TRUE
Male,Loyal Customer,45,Business Travel,Business,1400,4,4,4,4,3,4,4,5,5,5,5,5,3,4.23,0,4,TRUE
Male,Loyal Customer,20,Personal Travel,Eco,950,2,1,2,4,1,2,4,1,2,4,2,3,1,2.23,0,0,FALSE
Male,Disloyal Customer,37,Business Travel,Eco,859,3,3,3,3,4,3,4,4,3,5,1,4,4,3.38,0,3,FALSE
Female,Disloyal Customer,34,Business Travel,Eco,542,1,0,2,3,4,2,4,4,5,4,2,2,4,2.85,2,9,FALSE
Male,Loyal Customer,33,Business Travel,Eco Plus,834,2,3,3,3,2,2,2,2,3,1,2,1,2,2.15,0,4,FALSE
Female,Loyal Customer,41,Business Travel,Business,1050,4,4,4,4,2,1,3,5,5,5,5,3,5,3.85,0,0,TRUE
Male,Loyal Customer,49,Business Travel,Eco,361,1,4,4,4,1,1,1,1,4,1,2,3,1,2.15,0,0,FALSE
Male,Loyal Customer,40,Business Travel,Eco,622,3,3,3,3,3,3,3,3,2,3,3,1,3,2.77,0,0,FALSE
Male,Loyal Customer,42,Personal Travel,Eco,446,3,5,3,1,3,3,3,3,5,5,4,3,3,3.38,19,18,FALSE
Male,Loyal Customer,33,Business Travel,Eco Plus,628,5,5,5,5,5,5,5,5,4,5,5,2,5,4.69,0,0,TRUE
Female,Loyal Customer,36,Personal Travel,Eco,1092,3,1,3,1,1,3,2,1,4,4,1,2,1,2.08,35,32,FALSE
Female,Loyal Customer,60,Business Travel,Business,3724,5,5,5,5,3,4,5,4,4,5,4,4,3,4.31,0,0,TRUE
Male,Loyal Customer,42,Business Travel,Business,985,3,3,3,3,4,4,4,3,3,3,3,5,4,3.46,11,0,TRUE
Female,Loyal Customer,49,Personal Travel,Eco,277,3,4,3,3,1,4,3,2,2,3,2,2,4,2.77,0,0,FALSE
Male,Loyal Customer,23,Personal Travel,Business,989,3,4,3,1,1,3,1,1,4,2,5,5,1,2.62,23,10,FALSE
Male,Disloyal Customer,37,Business Travel,Business,189,3,3,3,4,2,3,2,2,4,4,4,5,2,3.15,16,4,FALSE
Female,Disloyal Customer,42,Business Travel,Eco,224,2,0,1,2,2,1,2,2,1,5,5,4,2,2.23,2,4,FALSE
Female,Loyal Customer,44,Business Travel,Business,361,5,5,5,5,4,4,5,4,4,4,4,4,4,4.38,22,17,TRUE
Male,Loyal Customer,42,Personal Travel,Eco,859,1,4,1,4,3,1,4,3,1,3,3,3,3,2.62,15,0,FALSE
Female,Loyal Customer,65,Personal Travel,Eco,417,2,2,2,1,3,1,2,5,5,2,5,4,3,2.85,0,0,FALSE
Female,Loyal Customer,25,Business Travel,Business,2454,3,2,2,2,3,3,3,1,3,4,3,3,3,2.69,39,16,FALSE
Female,Loyal Customer,36,Personal Travel,Eco,2583,2,1,2,3,2,5,2,3,3,2,4,2,2,2.54,0,23,FALSE
Female,Disloyal Customer,38,Business Travel,Business,547,4,5,5,1,4,5,4,4,5,5,5,3,4,4.15,7,0,TRUE
Female,Disloyal Customer,23,Business Travel,Business,569,5,5,5,3,5,5,5,5,3,2,5,4,5,4.38,0,16,TRUE
Male,Loyal Customer,24,Business Travel,Business,1809,3,3,3,3,3,3,3,3,1,3,4,2,3,2.85,0,0,FALSE
Female,Loyal Customer,39,Business Travel,Business,3609,1,1,1,1,2,4,5,5,5,5,5,4,4,3.31,0,1,TRUE
Male,Loyal Customer,27,Personal Travel,Eco,639,1,5,1,3,3,1,3,3,4,3,4,4,3,2.92,0,24,FALSE
Female,Loyal Customer,41,Business Travel,Business,2092,2,2,2,2,4,4,4,4,4,4,4,5,4,3.46,13,12,TRUE
Male,Loyal Customer,53,Personal Travel,Eco Plus,481,2,4,2,4,1,2,1,1,1,4,4,1,1,2.15,0,0,FALSE
Female,Loyal Customer,29,Business Travel,Eco Plus,867,1,3,3,3,1,1,1,1,1,1,3,1,1,1.62,0,0,FALSE
Female,Disloyal Customer,22,Business Travel,Eco,377,3,4,3,3,3,3,3,3,3,4,4,3,3,3.23,89,69,FALSE
Male,Loyal Customer,47,Business Travel,Business,3871,1,1,1,1,2,4,4,4,4,4,4,4,4,2.92,14,7,TRUE
Male,Loyal Customer,40,Business Travel,Business,3151,5,5,5,5,5,1,1,4,4,5,4,5,4,4.08,33,21,TRUE
Male,Loyal Customer,22,Business Travel,Business,989,2,4,4,4,2,2,2,2,3,1,3,1,2,2.46,1,6,FALSE
Female,Loyal Customer,42,Business Travel,Business,1506,2,3,3,3,2,4,4,2,2,2,2,3,2,2.62,0,0,FALSE
Male,Loyal Customer,10,Personal Travel,Eco,1021,2,5,2,5,4,2,4,4,2,2,1,1,4,2.92,37,25,FALSE
Female,Loyal Customer,52,Business Travel,Business,2686,5,3,5,5,4,1,2,5,5,4,5,5,1,3.85,0,0,TRUE
Male,Loyal Customer,52,Business Travel,Eco,1598,2,5,2,5,1,2,1,1,5,1,4,4,1,2.62,0,0,TRUE
Female,Loyal Customer,20,Personal Travel,Eco,936,3,3,3,3,1,3,3,1,2,3,3,3,1,2.46,1,14,FALSE
Female,Loyal Customer,45,Business Travel,Business,2565,1,1,3,1,4,4,5,5,5,5,5,4,4,3.62,11,2,TRUE
Female,Loyal Customer,22,Business Travel,Business,651,3,3,3,3,4,4,4,4,3,2,4,5,4,3.54,2,0,TRUE
Female,Loyal Customer,52,Personal Travel,Eco,1121,3,1,3,2,5,2,2,1,1,3,1,3,2,2.23,0,0,FALSE
Female,Loyal Customer,64,Business Travel,Eco,1182,2,4,4,4,2,3,3,1,1,2,1,2,2,2.38,94,86,FALSE
Male,Disloyal Customer,35,Business Travel,Eco,588,3,4,3,1,4,3,4,4,5,3,1,2,4,3.15,0,3,FALSE
Male,Loyal Customer,44,Business Travel,Business,1546,2,2,2,2,3,5,4,4,4,4,4,5,4,3.46,84,83,TRUE
Female,Loyal Customer,45,Business Travel,Business,852,1,1,1,1,5,4,5,4,4,4,4,5,4,3.31,0,0,TRUE
Female,Loyal Customer,17,Personal Travel,Eco,371,3,0,3,3,4,3,4,4,5,2,4,3,4,3.23,18,11,FALSE
Male,Disloyal Customer,21,Business Travel,Business,594,5,0,5,2,5,5,5,5,5,3,5,4,5,4.15,0,0,TRUE
Female,Loyal Customer,41,Business Travel,Eco,449,1,3,3,3,1,1,1,1,1,1,3,4,1,1.85,16,10,FALSE
Female,Disloyal Customer,44,Business Travel,Business,447,5,0,0,1,1,5,1,1,5,4,4,4,1,2.46,8,15,TRUE
Male,Loyal Customer,52,Business Travel,Business,384,3,5,4,4,4,4,3,3,3,3,3,3,4,3.54,15,12,FALSE
Male,Loyal Customer,17,Business Travel,Eco Plus,641,3,1,1,1,3,3,4,3,1,3,4,3,3,2.54,47,33,FALSE
Female,Disloyal Customer,42,Business Travel,Eco,1065,1,1,1,2,2,1,2,2,1,4,4,3,2,2,0,4,FALSE
Male,Loyal Customer,48,Business Travel,Business,1460,3,3,3,3,4,4,5,5,5,5,5,3,3,3.92,0,0,TRUE
Female,Loyal Customer,65,Personal Travel,Eco,1009,2,5,2,2,4,4,4,3,3,2,3,4,4,3.23,0,14,FALSE
Male,Loyal Customer,58,Business Travel,Eco,304,3,3,3,3,3,3,3,3,3,2,4,4,3,3.08,0,0,TRUE
Male,Disloyal Customer,21,Business Travel,Eco,811,2,2,2,2,4,2,4,4,4,4,1,3,4,2.92,30,30,FALSE
Female,Disloyal Customer,34,Business Travel,Eco,120,2,1,2,4,2,5,3,3,2,4,3,3,3,2.85,141,141,FALSE
Male,Loyal Customer,44,Business Travel,Business,1578,4,4,3,4,5,4,5,5,5,5,5,4,5,4.46,57,47,TRUE
Female,Loyal Customer,38,Business Travel,Business,2253,5,5,5,5,4,4,5,5,5,5,5,5,3,4.69,44,38,TRUE
Male,Loyal Customer,50,Business Travel,Business,2203,3,5,3,3,2,4,4,5,5,5,5,3,3,3.85,0,0,TRUE
Female,Loyal Customer,68,Personal Travel,Eco Plus,1211,4,2,4,3,1,2,4,3,3,4,3,4,1,2.92,0,0,FALSE
Male,Loyal Customer,44,Personal Travel,Eco,888,3,4,3,4,3,3,3,3,5,3,5,5,3,3.62,12,14,FALSE
Female,Loyal Customer,37,Business Travel,Business,3644,4,4,4,4,2,5,5,4,4,4,4,4,4,4,0,12,TRUE
Female,Loyal Customer,54,Business Travel,Business,1814,4,4,4,4,5,4,5,5,5,5,5,5,4,4.54,11,0,TRUE
Female,Loyal Customer,65,Personal Travel,Business,362,1,4,1,2,3,5,4,5,5,1,5,4,4,3.38,20,6,FALSE
Female,Loyal Customer,7,Personal Travel,Eco,594,1,5,1,2,1,1,1,1,2,4,1,1,1,1.69,0,0,FALSE
Female,Loyal Customer,45,Personal Travel,Eco,1744,3,2,3,4,1,2,4,2,2,3,2,4,2,2.62,0,0,FALSE
Male,Loyal Customer,29,Business Travel,Eco,1237,1,4,2,4,1,1,1,1,1,3,4,4,1,2.15,19,10,FALSE
Female,Loyal Customer,43,Business Travel,Business,2946,1,1,1,1,4,5,4,3,3,3,3,4,5,2.92,0,2,TRUE
Male,Disloyal Customer,54,Business Travel,Eco,580,3,0,3,1,3,3,3,3,4,5,5,3,3,3,0,0,FALSE
Female,Disloyal Customer,22,Business Travel,Eco,1014,3,2,2,2,3,2,3,3,4,4,3,3,3,2.85,94,111,FALSE
Male,Loyal Customer,56,Business Travel,Business,3831,3,2,2,2,4,1,1,3,3,3,3,3,3,2.54,6,7,FALSE
Female,Loyal Customer,33,Business Travel,Business,920,3,3,5,3,2,5,4,1,1,2,1,3,3,2.77,0,5,TRUE
Male,Loyal Customer,46,Business Travel,Business,3866,3,3,3,3,4,4,5,5,5,5,5,5,5,4.23,0,0,TRUE
Male,Loyal Customer,50,Business Travel,Business,425,4,4,4,4,4,4,4,5,5,5,5,5,4,4.38,0,0,TRUE
Male,Loyal Customer,52,Personal Travel,Eco,2227,3,4,3,5,3,3,3,3,4,2,5,4,3,3.46,44,42,FALSE
Male,Loyal Customer,66,Personal Travel,Eco Plus,143,1,5,1,2,1,1,1,1,5,3,3,2,1,2.08,71,54,FALSE
Female,Loyal Customer,50,Business Travel,Business,337,0,0,0,1,2,5,4,2,2,2,2,5,5,2.31,22,52,TRUE
Female,Loyal Customer,27,Business Travel,Eco,685,1,3,3,3,1,1,1,1,2,1,3,2,1,1.77,12,31,FALSE
Male,Loyal Customer,45,Business Travel,Eco Plus,1035,5,2,2,2,5,5,5,2,2,3,4,5,5,3.62,197,174,TRUE
Female,Loyal Customer,16,Business Travel,Eco,935,3,2,2,2,3,2,3,3,1,3,4,4,3,2.69,34,29,FALSE
Male,Loyal Customer,47,Business Travel,Business,2556,0,5,0,3,4,4,5,1,1,1,1,4,4,2.54,0,0,TRUE
Male,Disloyal Customer,48,Business Travel,Business,1107,1,1,1,3,1,1,2,4,2,4,4,2,2,2.15,255,236,FALSE
Male,Loyal Customer,15,Personal Travel,Eco,1021,1,2,1,3,2,1,1,2,4,4,3,2,2,2.15,0,0,FALSE
Male,Loyal Customer,45,Business Travel,Business,2611,1,1,1,1,3,5,4,4,4,4,4,4,5,3.15,0,0,TRUE
Male,Loyal Customer,80,Business Travel,Eco,402,3,2,2,2,3,3,3,3,4,4,3,4,3,3,71,69,FALSE
Male,Loyal Customer,39,Business Travel,Business,762,4,2,4,4,5,5,5,5,5,4,5,3,3,4.15,0,0,TRUE
Female,Loyal Customer,18,Personal Travel,Eco,1035,3,4,3,5,3,4,4,4,5,4,5,4,4,4,113,144,FALSE
Female,Loyal Customer,70,Personal Travel,Eco,228,2,4,2,3,3,4,3,4,4,2,4,5,4,3.38,123,107,FALSE
Female,Loyal Customer,37,Personal Travel,Eco,719,1,4,1,1,3,1,3,3,5,2,5,3,3,2.69,14,0,FALSE
Male,Loyal Customer,33,Business Travel,Business,1899,3,2,3,3,4,4,5,4,5,2,5,5,4,3.77,0,0,TRUE
Female,Loyal Customer,59,Personal Travel,Eco,296,2,5,2,1,2,4,4,5,5,2,5,5,3,3.46,12,16,FALSE
Male,Loyal Customer,62,Personal Travel,Eco,926,4,5,3,1,5,3,1,5,4,3,5,4,5,3.69,48,82,FALSE
Male,Loyal Customer,60,Business Travel,Business,2226,0,5,0,2,5,5,5,4,4,4,4,4,5,3.62,0,0,TRUE
Male,Loyal Customer,37,Business Travel,Eco,1009,4,4,1,1,4,4,4,4,3,3,5,2,4,3.31,19,0,TRUE
Female,Loyal Customer,21,Personal Travel,Business,728,1,4,1,4,3,1,3,3,4,4,3,1,3,2.69,0,0,FALSE
Female,Loyal Customer,61,Personal Travel,Eco,192,1,5,1,2,3,4,5,2,2,1,2,5,3,2.77,2,1,FALSE
Male,Loyal Customer,55,Business Travel,Eco Plus,2417,3,1,2,1,3,3,3,1,2,1,3,3,3,2.23,0,4,FALSE
Male,Loyal Customer,36,Personal Travel,Eco,212,4,5,4,3,5,4,5,5,4,2,5,3,5,4.15,0,0,FALSE
Female,Loyal Customer,44,Business Travel,Business,3069,2,2,2,2,2,5,5,4,4,4,4,4,5,3.46,29,40,TRUE
Male,Loyal Customer,47,Business Travel,Business,2288,5,5,5,5,5,5,5,4,4,5,4,5,3,4.62,86,65,TRUE
Female,Disloyal Customer,29,Business Travel,Eco,669,5,5,5,2,4,5,4,4,2,3,5,5,4,4.08,0,0,TRUE
Male,Loyal Customer,28,Personal Travel,Eco,937,1,2,1,3,5,1,5,5,4,4,4,1,5,3.15,8,0,FALSE
Male,Loyal Customer,42,Personal Travel,Eco,1056,4,5,4,3,4,4,4,4,4,1,3,4,4,3.69,16,27,FALSE
Female,Loyal Customer,35,Business Travel,Business,152,1,2,2,2,3,2,1,4,4,4,1,1,2,2.23,0,19,FALSE
Female,Loyal Customer,55,Business Travel,Business,407,3,3,4,3,3,5,4,4,4,4,4,5,5,3.92,0,0,TRUE
Female,Loyal Customer,25,Business Travel,Business,2273,2,3,3,3,2,2,2,2,4,1,4,4,2,2.62,34,37,FALSE
Female,Loyal Customer,18,Personal Travel,Eco,192,3,4,3,1,3,3,3,3,5,3,5,3,3,3.23,87,86,FALSE
Male,Loyal Customer,44,Business Travel,Eco,359,1,4,2,4,1,1,1,1,1,2,2,2,1,1.77,0,0,FALSE
Female,Loyal Customer,45,Business Travel,Business,2346,1,1,1,1,3,5,5,4,4,4,4,5,5,3.31,0,0,TRUE
Male,Loyal Customer,43,Business Travel,Business,1013,1,1,1,1,2,5,5,3,3,3,3,3,3,2.62,0,0,TRUE
Female,Loyal Customer,48,Business Travel,Business,1035,1,1,1,1,5,4,5,5,5,5,5,5,4,3.62,2,21,TRUE
Female,Loyal Customer,56,Business Travel,Business,651,2,2,2,2,4,5,4,4,4,4,4,5,3,3.46,0,0,TRUE
Male,Loyal Customer,40,Business Travel,Business,250,3,3,5,3,5,5,5,4,4,4,4,4,3,4,5,25,TRUE
Male,Loyal Customer,27,Business Travel,Business,725,3,3,3,3,4,4,4,4,4,3,5,4,4,3.69,0,0,TRUE
Female,Loyal Customer,44,Business Travel,Business,751,3,2,2,2,3,2,3,3,3,3,3,4,3,2.77,13,18,FALSE
Male,Loyal Customer,33,Business Travel,Business,1680,2,4,4,4,2,2,2,2,3,5,3,2,2,2.85,0,0,FALSE
Female,Loyal Customer,27,Business Travel,Business,3772,1,1,1,1,4,4,4,4,3,5,5,1,4,2.92,42,54,TRUE
Female,Disloyal Customer,29,Business Travel,Eco,1096,1,1,1,4,5,1,5,5,3,1,4,1,5,2.85,58,36,FALSE
Female,Loyal Customer,22,Personal Travel,Eco,612,3,4,3,3,2,3,2,2,3,2,5,3,2,2.85,0,0,FALSE
Male,Loyal Customer,38,Personal Travel,Eco,238,2,4,2,2,5,2,5,5,3,5,5,5,5,3.85,0,15,FALSE
Female,Loyal Customer,58,Business Travel,Business,1547,4,4,4,4,5,5,4,4,4,4,4,4,4,4.15,0,0,TRUE
Female,Loyal Customer,56,Business Travel,Business,3184,3,1,3,3,4,4,4,4,4,4,4,5,4,3.62,0,0,TRUE
Male,Disloyal Customer,18,Business Travel,Eco,602,5,2,5,3,3,5,3,3,3,2,4,5,3,3.54,0,0,TRUE
Female,Loyal Customer,34,Business Travel,Business,3187,1,2,2,2,5,4,3,1,1,1,1,1,1,1.92,0,0,FALSE
Male,Loyal Customer,26,Personal Travel,Eco,2106,3,2,3,4,3,3,3,3,1,3,3,1,3,2.69,101,94,FALSE
Male,Loyal Customer,54,Business Travel,Business,872,1,2,2,2,4,3,3,1,1,1,1,3,3,2.08,2,0,FALSE
Female,Loyal Customer,58,Business Travel,Business,2663,3,3,3,3,2,5,4,5,5,5,5,3,5,3.92,0,0,TRUE
Female,Loyal Customer,34,Business Travel,Business,216,4,3,4,4,5,2,1,5,5,5,5,2,2,3.62,0,2,TRUE
Male,Loyal Customer,37,Personal Travel,Eco,782,3,5,3,1,2,3,2,2,4,5,5,4,2,3.15,3,1,FALSE
Female,Loyal Customer,31,Personal Travel,Eco,236,4,4,4,2,4,4,4,4,4,2,4,5,4,3.77,0,0,FALSE
Female,Loyal Customer,40,Personal Travel,Business,2399,3,5,3,4,4,3,4,4,4,3,2,3,5,3.62,7,0,FALSE
Female,Loyal Customer,46,Business Travel,Business,2304,3,3,3,3,2,5,2,5,5,5,5,4,2,3.62,0,0,TRUE
Female,Loyal Customer,31,Business Travel,Eco,349,3,2,2,2,3,3,3,3,2,1,1,3,3,2.38,0,9,FALSE
Male,Loyal Customer,50,Business Travel,Business,3468,5,5,5,5,5,2,2,4,4,4,4,5,4,4.15,2,0,TRUE
Female,Loyal Customer,52,Business Travel,Eco,419,4,4,4,4,4,3,4,4,4,4,4,3,3,3.77,0,0,FALSE
Male,Loyal Customer,54,Business Travel,Business,3954,4,4,5,4,4,4,4,5,5,5,5,5,3,4.38,11,15,TRUE
Male,Loyal Customer,29,Business Travel,Business,594,5,5,5,5,4,4,4,4,2,5,5,3,4,4.23,0,0,TRUE
Female,Loyal Customer,51,Personal Travel,Eco,2248,2,5,1,3,2,4,5,1,1,1,1,5,4,2.69,0,0,FALSE
Female,Disloyal Customer,31,Business Travel,Business,1771,3,3,3,3,3,3,3,3,4,4,5,4,3,3.38,15,0,FALSE
Male,Loyal Customer,56,Business Travel,Business,1166,4,4,4,4,2,4,4,4,4,4,4,3,5,3.85,5,1,TRUE
Male,Loyal Customer,33,Business Travel,Business,1589,3,2,2,2,3,3,3,3,3,4,4,2,3,2.85,0,0,FALSE
Male,Loyal Customer,41,Business Travel,Eco,140,4,3,3,3,4,4,4,4,1,1,3,3,4,3.15,0,0,FALSE
Male,Loyal Customer,49,Business Travel,Business,1655,2,2,1,2,3,5,4,2,2,2,2,3,3,2.54,1,4,TRUE
Female,Loyal Customer,27,Business Travel,Business,1703,5,5,5,5,5,5,5,5,3,5,4,5,5,4.77,10,0,TRUE
Female,Loyal Customer,30,Personal Travel,Eco,957,1,2,2,3,3,2,3,3,4,3,4,2,3,2.69,0,9,FALSE
Male,Loyal Customer,32,Personal Travel,Eco,349,1,4,5,3,2,5,2,2,4,3,5,3,2,3.15,3,0,FALSE
Male,Loyal Customer,41,Business Travel,Eco Plus,562,4,5,5,5,4,4,4,4,2,3,5,1,4,3.85,62,46,TRUE
Female,Loyal Customer,54,Business Travel,Business,2399,4,4,2,4,4,5,4,5,5,5,5,4,3,4.15,21,19,TRUE
Male,Disloyal Customer,54,Business Travel,Eco,77,4,0,4,1,5,4,5,5,5,4,5,2,5,3.77,0,0,FALSE
Male,Loyal Customer,51,Business Travel,Business,259,1,1,1,1,1,4,4,1,1,1,1,3,2,1.69,11,10,FALSE
Female,Loyal Customer,45,Business Travel,Business,3631,0,5,0,1,4,4,5,4,4,5,5,5,5,3.62,10,1,TRUE
Female,Disloyal Customer,32,Business Travel,Eco,946,3,4,4,4,3,4,3,3,2,4,4,4,3,3.46,0,0,FALSE
Male,Loyal Customer,56,Personal Travel,Eco,964,1,4,1,5,4,1,4,4,3,2,5,3,4,3.15,0,0,FALSE
Female,Loyal Customer,25,Business Travel,Business,338,4,4,4,4,4,4,4,4,5,2,5,3,4,3.92,0,0,TRUE
Male,Loyal Customer,22,Personal Travel,Eco,2355,3,2,3,4,4,3,4,4,2,1,3,2,4,3,0,0,FALSE
Male,Loyal Customer,9,Personal Travel,Eco,762,5,4,5,3,2,5,2,2,4,2,4,5,2,3.46,0,0,TRUE
Female,Loyal Customer,15,Personal Travel,Eco,469,2,4,2,2,5,2,4,5,4,2,5,5,5,3.62,17,14,FALSE
Female,Loyal Customer,47,Business Travel,Business,2007,3,3,3,3,5,5,4,5,5,4,5,4,4,4.08,0,0,TRUE
Male,Loyal Customer,66,Business Travel,Eco,409,4,1,1,1,4,4,4,4,1,2,3,3,4,2.77,0,0,FALSE
Female,Loyal Customer,41,Business Travel,Eco,251,5,2,5,2,5,5,5,5,3,3,3,1,5,3.77,23,19,TRUE
Male,Loyal Customer,33,Business Travel,Business,468,1,5,5,5,1,1,1,1,1,1,4,3,1,2.31,0,0,FALSE
Male,Loyal Customer,30,Business Travel,Eco,946,4,1,3,3,4,4,4,4,1,1,4,2,4,3,1,0,FALSE
Male,Loyal Customer,23,Business Travel,Eco,427,2,5,5,5,2,2,3,2,3,2,3,2,2,2.92,0,0,FALSE
Male,Loyal Customer,30,Business Travel,Business,3263,2,5,5,5,2,2,2,2,2,2,2,3,2,2.77,50,41,FALSE
Male,Disloyal Customer,39,Business Travel,Business,74,4,4,4,1,5,4,5,5,5,2,5,5,5,4.15,0,0,FALSE
Male,Disloyal Customer,55,Business Travel,Business,197,3,2,2,1,1,3,1,1,4,5,5,3,1,2.46,0,0,FALSE
Female,Loyal Customer,30,Business Travel,Business,2822,1,1,1,1,4,4,4,4,3,5,5,4,4,3.15,18,17,TRUE
Female,Disloyal Customer,37,Business Travel,Business,402,1,1,1,1,4,1,4,4,3,5,4,5,4,2.92,0,0,FALSE
Female,Loyal Customer,16,Personal Travel,Eco,809,2,4,2,3,4,2,4,4,4,1,4,1,4,3,0,0,FALSE
Male,Loyal Customer,15,Business Travel,Business,1619,1,4,5,4,1,1,1,1,3,4,3,2,1,2.38,90,94,FALSE
Female,Loyal Customer,44,Business Travel,Business,3417,1,1,1,1,3,5,4,3,3,4,3,3,3,2.69,7,22,TRUE
Male,Loyal Customer,39,Business Travel,Business,2873,1,1,1,1,3,4,5,5,5,5,5,3,5,3.38,8,17,TRUE
Female,Loyal Customer,49,Personal Travel,Eco,143,2,3,2,5,3,5,1,3,3,2,3,3,3,2.92,0,0,FALSE
Male,Disloyal Customer,44,Business Travel,Eco,391,2,0,2,4,3,2,3,3,4,3,3,3,3,2.69,13,2,FALSE
Female,Disloyal Customer,62,Business Travel,Business,1005,5,5,5,1,5,5,5,5,3,2,4,4,5,4.15,74,68,TRUE
Female,Loyal Customer,41,Business Travel,Business,1276,3,3,3,3,4,4,4,5,5,5,5,5,5,4.15,64,47,TRUE
Female,Loyal Customer,21,Personal Travel,Eco,599,1,3,1,4,4,1,1,4,4,5,3,1,4,2.77,18,43,FALSE
Male,Loyal Customer,24,Business Travel,Eco Plus,488,5,5,5,5,5,5,4,5,3,3,3,1,5,4.15,0,0,TRUE
Male,Loyal Customer,39,Business Travel,Business,2690,1,4,1,4,3,3,3,1,1,1,1,2,3,2.15,20,21,FALSE
Male,Disloyal Customer,25,Business Travel,Business,337,0,1,0,5,4,0,2,4,3,3,4,5,4,2.69,1,5,TRUE
Male,Loyal Customer,57,Business Travel,Business,3896,5,5,5,5,3,4,4,2,2,2,2,3,4,3.54,0,0,TRUE
Female,Loyal Customer,73,Business Travel,Business,134,3,3,3,3,2,4,4,2,2,2,3,4,3,2.92,0,0,FALSE
Female,Disloyal Customer,10,Business Travel,Eco,1299,4,4,4,4,5,4,5,5,3,3,4,5,5,4.23,0,0,TRUE
Male,Loyal Customer,31,Business Travel,Business,199,0,5,0,3,3,3,3,3,1,2,2,4,3,2.46,38,34,TRUE
Male,Loyal Customer,49,Business Travel,Business,3945,4,4,4,4,5,5,5,2,4,5,1,5,5,4.08,157,138,TRUE
Female,Loyal Customer,58,Business Travel,Eco,944,4,2,5,2,2,4,2,4,4,4,4,4,2,3.31,23,0,TRUE
Female,Loyal Customer,39,Business Travel,Business,1562,4,4,4,4,4,4,4,4,4,5,4,3,3,3.92,0,19,TRUE
Male,Loyal Customer,34,Business Travel,Business,255,3,1,3,3,5,5,5,5,5,5,5,4,4,4.08,0,0,TRUE
Male,Loyal Customer,26,Business Travel,Business,775,2,2,2,2,5,5,5,5,5,3,4,5,5,3.85,2,18,TRUE
Male,Disloyal Customer,35,Business Travel,Business,867,2,2,2,4,3,2,2,3,5,4,5,3,3,3.08,0,0,FALSE
Male,Loyal Customer,65,Personal Travel,Eco,239,2,4,2,4,4,2,4,4,5,4,5,5,4,3.77,0,0,FALSE
Female,Loyal Customer,65,Personal Travel,Business,2586,2,5,2,4,5,5,5,4,4,2,4,3,1,3.54,0,0,FALSE
Female,Disloyal Customer,26,Business Travel,Business,646,4,4,4,2,2,4,2,2,5,4,4,4,2,3.31,24,17,TRUE
Female,Loyal Customer,43,Personal Travel,Eco,799,3,2,2,3,2,3,4,3,3,2,3,3,4,2.85,56,70,FALSE
Female,Loyal Customer,33,Personal Travel,Business,495,2,4,2,3,2,4,5,4,4,2,4,5,5,3.54,60,44,FALSE
Male,Loyal Customer,32,Business Travel,Business,2306,4,4,4,4,2,2,2,2,5,4,4,5,2,3.38,0,0,TRUE
Male,Loyal Customer,48,Business Travel,Eco,719,1,1,1,1,1,1,1,1,3,3,3,2,1,1.54,0,0,FALSE
Female,Loyal Customer,29,Business Travel,Business,2278,2,3,2,2,5,5,5,5,4,3,5,5,5,3.92,0,0,TRUE
Male,Loyal Customer,39,Business Travel,Business,1576,4,4,4,4,2,4,5,5,5,5,5,3,5,4.23,0,,TRUE
Male,Disloyal Customer,39,Business Travel,Business,772,3,3,3,3,3,3,3,3,1,2,3,4,3,2.85,0,0,FALSE
Female,Loyal Customer,37,Business Travel,Business,1028,2,2,2,2,5,5,4,5,5,5,5,1,3,3.54,113,101,TRUE
Female,Loyal Customer,36,Business Travel,Business,2556,3,3,3,3,2,5,5,4,4,4,4,5,5,3.85,78,75,TRUE
Female,Loyal Customer,28,Business Travel,Business,1928,5,5,3,5,4,4,4,4,5,5,5,3,4,4.31,0,0,TRUE
Male,Loyal Customer,45,Business Travel,Eco,231,2,1,3,1,2,2,2,2,3,2,3,4,2,2.23,2,0,TRUE
Female,Loyal Customer,32,Personal Travel,Eco,561,4,4,4,4,3,4,3,3,4,5,5,5,3,3.92,27,8,FALSE
Female,Disloyal Customer,20,Business Travel,Eco,843,5,5,5,1,4,5,4,4,5,3,5,5,4,4.23,0,0,TRUE
Male,Loyal Customer,64,Personal Travel,Eco,583,3,5,3,1,2,3,5,2,4,5,5,5,2,3.46,0,0,FALSE
Male,Loyal Customer,42,Business Travel,Business,2667,0,5,0,1,4,5,4,5,5,5,5,5,4,3.69,0,0,TRUE
Female,Loyal Customer,54,Business Travel,Business,3270,5,5,5,5,2,4,5,5,5,5,5,4,5,4.62,0,0,TRUE
Female,Loyal Customer,29,Personal Travel,Eco,362,1,4,1,1,3,1,3,3,4,4,4,4,3,2.77,16,9,FALSE
Female,Loyal Customer,8,Personal Travel,Eco,299,1,4,1,1,3,1,4,3,4,4,4,5,3,2.92,4,6,FALSE
Male,Loyal Customer,57,Business Travel,Business,1592,3,3,3,3,2,5,4,5,5,5,5,4,5,4,2,0,TRUE
Female,Loyal Customer,47,Personal Travel,Eco Plus,260,4,1,4,4,5,4,3,4,4,4,4,3,3,3.62,0,9,TRUE
Female,Loyal Customer,59,Business Travel,Business,2454,3,3,3,3,1,3,3,3,3,3,3,1,4,2.77,22,6,FALSE
Male,Loyal Customer,54,Personal Travel,Business,624,1,4,1,3,1,1,5,2,2,1,2,1,3,2.08,0,0,FALSE
Male,Loyal Customer,52,Personal Travel,Eco,589,3,4,3,1,4,3,4,4,3,4,5,4,4,3.54,0,0,FALSE
Male,Loyal Customer,19,Business Travel,Business,2971,2,2,2,2,4,4,4,4,4,4,5,3,4,3.38,0,0,TRUE
Male,Loyal Customer,30,Personal Travel,Eco,731,1,3,1,3,5,1,5,5,2,2,3,1,5,2.85,0,0,FALSE
Female,Disloyal Customer,30,Business Travel,Eco,170,4,0,4,3,2,4,2,2,1,5,3,3,2,2.69,0,0,TRUE
Male,Loyal Customer,46,Business Travel,Business,2589,3,3,3,3,3,4,4,2,2,2,2,4,4,3,0,0,TRUE
Female,Loyal Customer,55,Business Travel,Business,1904,3,3,3,3,2,5,5,5,5,5,4,5,5,4.08,0,0,TRUE
Male,Loyal Customer,16,Personal Travel,Eco,1444,1,1,1,3,3,1,1,3,1,3,3,1,3,1.92,15,0,FALSE
Female,Loyal Customer,48,Business Travel,Business,2273,0,5,0,2,2,3,1,5,5,5,5,4,3,3.08,22,20,TRUE
Female,Loyal Customer,29,Personal Travel,Eco Plus,1532,2,5,2,3,3,2,3,3,4,3,3,5,3,3.15,0,0,FALSE
Female,Loyal Customer,29,Personal Travel,Eco,447,2,3,2,3,4,2,4,4,1,2,4,3,4,2.92,0,8,FALSE
Female,Disloyal Customer,39,Business Travel,Business,495,3,2,2,4,5,2,5,5,5,2,4,4,5,3.69,0,0,FALSE
Male,Loyal Customer,49,Business Travel,Business,2201,5,5,5,5,3,4,4,4,4,4,4,3,5,4.23,11,13,TRUE
Male,Loyal Customer,45,Business Travel,Business,692,4,4,2,4,2,5,4,4,4,4,4,4,4,3.77,0,0,TRUE
Female,Loyal Customer,27,Personal Travel,Eco,1590,2,4,2,2,5,2,5,5,5,5,5,3,5,3.85,3,14,FALSE
Male,Loyal Customer,34,Business Travel,Business,1024,2,2,2,2,4,4,5,4,4,4,4,4,1,3.23,0,0,TRUE
Female,Disloyal Customer,36,Business Travel,Business,2174,1,1,1,1,5,1,5,5,4,5,3,5,5,3.23,0,0,FALSE
Male,Loyal Customer,27,Business Travel,Eco,620,0,0,0,1,2,5,1,2,2,2,2,1,2,1.54,0,1,TRUE
Female,Loyal Customer,43,Business Travel,Business,3737,4,3,3,3,2,3,4,3,3,3,4,2,3,3.08,43,35,FALSE
Male,Disloyal Customer,10,Business Travel,Eco,646,5,0,5,1,2,5,2,2,4,2,4,4,2,2.92,0,0,TRUE
Male,Loyal Customer,28,Personal Travel,Eco,580,3,4,3,4,3,3,3,3,1,4,4,2,3,3.08,56,49,FALSE
Female,Loyal Customer,55,Business Travel,Business,3048,4,4,4,4,3,5,4,5,5,5,4,3,5,4.23,0,0,TRUE
Female,Loyal Customer,17,Personal Travel,Eco,296,2,4,2,4,5,2,5,5,3,4,5,3,5,3.77,50,36,FALSE
Female,Loyal Customer,36,Business Travel,Business,3937,4,5,5,5,5,4,3,4,4,4,4,3,3,4.08,10,5,FALSE
Male,Loyal Customer,33,Personal Travel,Eco,2640,4,4,4,4,3,4,3,3,1,4,5,5,3,3.62,1,0,TRUE
Male,Loyal Customer,53,Business Travel,Business,937,4,4,4,4,5,2,4,5,5,4,5,4,3,4.08,8,0,TRUE
Female,Disloyal Customer,21,Business Travel,Eco,277,2,3,3,4,3,3,3,3,1,4,4,1,3,2.85,85,86,FALSE
Female,Loyal Customer,32,Business Travel,Business,2560,4,4,4,4,5,5,4,5,3,2,4,5,5,4.15,25,17,TRUE
Female,Disloyal Customer,24,Business Travel,Eco,296,4,0,4,3,2,4,2,2,4,2,4,3,2,2.77,0,0,TRUE
Male,Loyal Customer,23,Business Travel,Business,562,3,4,4,4,3,3,3,3,3,2,3,1,3,3,0,0,FALSE
Female,Disloyal Customer,25,Business Travel,Eco,822,2,3,3,4,5,3,5,5,2,2,4,1,5,3.38,0,0,FALSE
Male,Disloyal Customer,37,Business Travel,Business,650,1,1,1,5,4,1,4,4,4,5,4,4,4,3.23,2,3,FALSE
Male,Loyal Customer,49,Business Travel,Business,3213,4,4,4,4,5,5,2,4,4,5,4,2,1,3.69,81,58,TRUE
Male,Loyal Customer,7,Personal Travel,Eco Plus,990,3,5,3,4,5,3,5,5,3,4,4,5,5,4.15,11,0,FALSE
Male,Loyal Customer,14,Personal Travel,Eco,1303,2,1,2,3,3,2,3,3,4,3,2,2,3,2.54,1,0,FALSE
Male,Loyal Customer,12,Business Travel,Business,1576,4,1,1,1,4,4,4,4,1,4,3,4,4,3,0,20,FALSE
Female,Loyal Customer,37,Business Travel,Business,3095,4,2,2,2,2,3,4,4,4,4,4,1,2,2.92,53,55,FALSE
Male,Loyal Customer,59,Business Travel,Business,570,2,2,2,2,3,5,4,2,2,2,2,4,3,2.69,29,17,TRUE
Male,Loyal Customer,16,Business Travel,Business,846,5,5,5,5,5,5,5,5,4,1,4,2,5,4.31,0,6,TRUE
Female,Loyal Customer,40,Personal Travel,Eco Plus,544,1,3,5,3,2,5,2,2,3,4,3,4,2,3,0,0,FALSE
Male,Loyal Customer,40,Business Travel,Business,1769,4,4,4,4,1,5,1,4,4,4,4,4,3,3.54,0,0,TRUE
Male,Disloyal Customer,16,Business Travel,Eco,643,2,1,2,3,4,2,4,4,1,5,4,4,4,3.08,20,10,FALSE
Female,Loyal Customer,54,Business Travel,Business,1535,1,1,1,1,3,5,4,4,4,4,4,5,5,3.23,0,0,TRUE
Female,Loyal Customer,18,Personal Travel,Eco,239,1,3,1,3,3,1,2,3,3,1,5,3,3,2.46,30,19,FALSE
Female,Loyal Customer,9,Personal Travel,Eco,666,5,1,5,3,2,5,2,2,1,2,3,4,2,2.85,1,5,TRUE
Male,Disloyal Customer,20,Business Travel,Business,364,2,4,2,4,4,2,3,4,3,3,4,4,4,3.31,31,22,FALSE
Male,Loyal Customer,29,Personal Travel,Eco,377,0,4,0,2,4,0,4,4,4,2,5,4,4,2.85,0,0,TRUE
Male,Loyal Customer,42,Business Travel,Business,3976,3,3,3,3,3,4,4,3,3,3,3,5,4,3.38,15,4,TRUE
Male,Loyal Customer,8,Personal Travel,Eco,101,3,5,3,2,5,3,5,5,3,2,5,4,5,3.85,0,0,FALSE
Male,Loyal Customer,23,Personal Travel,Eco,2475,1,0,2,3,2,2,2,4,1,3,5,2,2,2.23,0,0,FALSE
Female,Disloyal Customer,58,Business Travel,Business,404,2,2,2,1,1,2,2,1,3,5,4,5,1,2.38,0,0,FALSE
Female,Loyal Customer,52,Personal Travel,Eco,283,3,5,3,4,5,5,5,1,1,3,1,4,3,3.31,0,0,FALSE
Female,Disloyal Customer,22,Business Travel,Business,550,5,0,5,3,3,5,3,3,3,3,4,3,3,3.31,0,2,TRUE
Male,Loyal Customer,63,Business Travel,Eco,239,2,4,4,4,2,2,2,2,4,5,3,4,2,3.08,5,2,FALSE
Female,Loyal Customer,51,Business Travel,Business,2967,5,5,5,5,1,5,5,3,3,3,3,2,3,3.69,0,0,TRUE
Male,Loyal Customer,70,Personal Travel,Eco,689,2,4,2,5,1,2,1,1,5,3,4,3,1,2.62,0,0,FALSE
Female,Loyal Customer,56,Personal Travel,Business,255,2,3,2,2,1,4,4,3,3,2,3,4,3,2.77,16,13,FALSE
Female,Loyal Customer,28,Business Travel,Eco,1035,5,2,2,2,5,5,5,5,5,2,4,2,5,3.77,49,59,TRUE
Female,Disloyal Customer,21,Business Travel,Eco,377,4,0,3,3,5,3,5,5,5,5,4,5,5,4,34,29,FALSE
Male,Loyal Customer,56,Business Travel,Business,3128,4,4,3,4,3,5,4,5,5,4,5,4,3,4.08,0,2,TRUE
Female,Loyal Customer,47,Business Travel,Eco,259,3,1,1,1,4,4,3,3,3,3,3,2,3,2.62,0,0,FALSE
Male,Loyal Customer,43,Business Travel,Business,3385,1,1,1,1,4,5,4,5,5,5,5,4,4,3.46,0,0,TRUE
Male,Loyal Customer,44,Personal Travel,Eco,157,2,5,2,2,1,2,1,1,5,5,5,5,1,2.85,0,0,FALSE
Female,Disloyal Customer,25,Business Travel,Eco,137,1,1,1,4,5,1,5,5,4,2,4,2,5,3.08,0,0,FALSE
Female,Loyal Customer,44,Business Travel,Business,2961,4,4,4,4,5,4,5,4,4,4,4,3,5,4.15,0,6,TRUE
Male,Disloyal Customer,46,Personal Travel,Eco,866,2,4,2,3,2,2,2,2,4,5,5,3,2,2.92,0,0,FALSE
Female,Loyal Customer,25,Personal Travel,Eco,680,1,5,1,2,1,1,2,1,3,3,4,5,1,2.31,14,8,FALSE
Female,Loyal Customer,55,Personal Travel,Eco,456,4,5,4,2,4,4,4,3,3,4,3,5,3,3.69,8,0,FALSE
Male,Loyal Customer,25,Business Travel,Eco,488,5,3,3,3,5,5,4,5,2,3,1,4,5,3.69,19,8,TRUE
Male,Loyal Customer,40,Business Travel,Business,2505,3,3,3,3,5,4,5,3,3,4,3,5,3,3.62,29,31,TRUE
Male,Disloyal Customer,40,Business Travel,Eco,563,4,5,5,4,1,5,1,1,1,3,3,3,1,2.85,55,69,TRUE
Female,Loyal Customer,66,Business Travel,Business,3969,3,4,4,4,1,3,3,0,0,1,3,3,2,2.38,0,0,FALSE
Male,Loyal Customer,32,Business Travel,Business,1721,5,5,5,5,5,5,5,5,1,3,5,3,5,4.38,0,0,TRUE
Female,Disloyal Customer,32,Business Travel,Eco,370,3,4,3,3,4,3,4,4,3,4,2,5,4,3.54,2,0,FALSE
Male,Loyal Customer,51,Business Travel,Business,901,2,2,2,2,5,4,5,5,5,5,5,2,3,3.62,26,20,TRUE
Male,Loyal Customer,43,Business Travel,Business,1076,3,3,3,3,2,5,5,4,4,4,4,5,3,3.69,0,0,TRUE
Female,Loyal Customer,51,Business Travel,Business,316,0,0,0,5,2,4,4,3,3,3,3,4,5,2.77,89,83,TRUE
Male,Disloyal Customer,35,Business Travel,Eco,866,3,3,3,3,4,3,4,4,4,1,2,4,4,3.23,0,0,FALSE
Male,Loyal Customer,29,Business Travel,Business,2565,3,5,5,5,3,3,3,4,2,3,3,3,3,3.46,13,0,FALSE
Male,Disloyal Customer,24,Business Travel,Eco,844,0,0,0,1,1,0,1,1,3,4,2,5,1,1.46,0,0,TRUE
Female,Loyal Customer,22,Business Travel,Business,678,5,5,5,5,4,4,4,4,5,2,5,5,4,4.38,0,0,TRUE
Female,Loyal Customer,23,Personal Travel,Eco,689,3,5,3,2,1,3,1,1,4,4,4,3,1,2.69,0,0,FALSE
Male,Loyal Customer,48,Business Travel,Business,1618,1,1,1,1,4,5,5,4,4,4,4,5,5,3.38,14,9,TRUE
Female,Loyal Customer,39,Business Travel,Business,3654,1,1,1,1,5,4,5,4,4,4,4,4,4,3.23,23,21,TRUE
Male,Loyal Customer,18,Personal Travel,Eco,82,4,1,4,4,4,4,4,4,1,4,3,4,4,3.46,0,0,FALSE
Male,Loyal Customer,10,Personal Travel,Eco,746,2,5,2,4,2,4,4,5,5,4,4,4,4,3.77,199,185,FALSE
Male,Loyal Customer,39,Business Travel,Business,2024,4,4,4,4,5,3,4,4,4,4,4,4,3,3.92,0,0,FALSE
Male,Loyal Customer,67,Business Travel,Eco,360,3,5,5,5,3,3,3,3,3,2,4,4,3,3.54,0,0,FALSE
Female,Loyal Customer,42,Personal Travel,Business,989,2,4,2,4,5,4,4,3,3,2,3,4,4,3.38,0,0,FALSE
Female,Disloyal Customer,22,Business Travel,Eco,581,4,0,4,3,2,4,2,2,4,5,5,3,2,3.08,0,0,TRUE
Female,Loyal Customer,47,Business Travel,Business,1631,5,5,5,5,3,4,5,4,4,5,4,3,4,4.31,0,0,TRUE
Female,Loyal Customer,41,Business Travel,Business,3149,2,3,3,3,3,2,3,2,2,2,2,4,1,2.46,0,0,FALSE
Female,Disloyal Customer,26,Business Travel,Business,2583,1,3,1,4,3,1,2,3,1,1,2,1,3,2,0,1,FALSE
Male,Loyal Customer,53,Business Travel,Business,1589,4,4,4,4,1,1,2,4,4,4,4,2,1,3,10,0,FALSE
Female,Loyal Customer,51,Personal Travel,Eco,196,1,5,1,3,2,5,5,4,4,1,4,5,4,3.38,0,0,FALSE
Female,Loyal Customer,49,Personal Travel,Eco,759,1,4,1,1,2,4,4,1,1,1,5,5,5,2.69,0,0,FALSE
Male,Loyal Customer,28,Personal Travel,Eco,547,3,4,3,4,5,3,2,5,2,5,4,1,5,3.54,3,3,FALSE
Female,Loyal Customer,28,Business Travel,Eco Plus,528,0,0,0,1,2,0,2,2,2,2,5,1,2,1.46,0,0,TRUE
Male,Loyal Customer,27,Business Travel,Business,2402,4,4,3,4,5,4,5,5,5,4,5,3,5,4.31,0,0,TRUE
Female,Loyal Customer,39,Personal Travel,Eco,304,5,5,5,1,2,5,2,2,4,3,4,4,2,3.38,0,0,TRUE
Male,Disloyal Customer,24,Business Travel,Business,338,0,5,0,5,3,0,3,3,5,3,5,4,3,3,22,46,TRUE
Female,Loyal Customer,41,Business Travel,Eco,1448,3,2,2,2,3,3,3,3,2,3,4,1,3,2.62,0,0,FALSE
Female,Loyal Customer,35,Business Travel,Business,366,2,2,2,2,3,3,3,5,5,5,5,1,1,3,0,0,TRUE
Male,Loyal Customer,47,Personal Travel,Eco,651,2,5,3,1,5,3,5,5,5,4,1,4,5,3.69,0,0,FALSE
Female,Loyal Customer,33,Business Travel,Eco,134,4,1,4,1,4,4,4,4,1,5,2,2,4,3.08,0,14,TRUE
Female,Disloyal Customer,27,Business Travel,Business,1121,2,1,1,1,3,1,3,3,5,5,5,4,3,2.85,1,0,FALSE
Female,Loyal Customer,31,Personal Travel,Eco,594,2,3,2,3,1,2,1,1,1,4,3,5,1,2.23,72,54,FALSE
Male,Loyal Customer,24,Business Travel,Eco Plus,1182,4,1,5,1,4,4,5,4,5,1,5,4,4,3.62,0,0,TRUE
Male,Loyal Customer,61,Business Travel,Business,277,1,1,1,1,2,5,1,5,5,5,5,3,5,3.08,0,1,TRUE
Female,Loyal Customer,59,Business Travel,Business,1440,1,1,4,1,4,5,5,4,4,4,4,4,4,3.46,51,29,TRUE
Female,Loyal Customer,44,Personal Travel,Eco,899,2,5,2,4,2,5,5,4,4,2,4,3,3,3.46,1,11,FALSE
Female,Loyal Customer,29,Business Travel,Business,1670,4,4,4,4,4,4,4,4,5,3,4,3,4,3.92,0,10,TRUE
Male,Loyal Customer,52,Business Travel,Eco Plus,1532,2,3,4,3,2,2,2,2,3,4,3,1,2,2.54,0,0,FALSE
Male,Loyal Customer,37,Business Travel,Business,3540,2,2,2,2,3,4,4,3,3,4,3,4,4,3.08,0,0,TRUE
Female,Loyal Customer,41,Business Travel,Business,3820,1,1,1,1,1,3,3,5,5,5,3,5,3,2.85,108,109,TRUE
Male,Loyal Customer,44,Business Travel,Eco Plus,488,2,3,3,3,2,2,2,2,4,4,1,2,2,2.46,0,0,TRUE
Female,Loyal Customer,73,Business Travel,Eco Plus,334,2,2,2,2,1,3,3,2,2,2,2,3,4,2.31,0,0,FALSE
Male,Loyal Customer,11,Personal Travel,Eco,430,2,5,2,1,5,2,5,5,4,3,4,5,5,3.69,0,0,FALSE
Male,Loyal Customer,51,Business Travel,Business,1592,0,5,0,2,3,3,3,2,2,2,2,3,1,2.15,0,0,TRUE
Female,Disloyal Customer,22,Business Travel,Business,1216,5,0,5,3,3,5,5,3,4,5,5,5,3,3.92,0,0,TRUE
Female,Loyal Customer,51,Personal Travel,Eco,227,5,5,5,2,4,4,5,4,4,5,4,4,5,4.31,37,18,TRUE
Female,Loyal Customer,50,Business Travel,Business,2133,1,1,3,1,2,5,5,5,5,5,5,5,5,3.69,1,0,TRUE
Female,Loyal Customer,46,Business Travel,Business,682,4,4,4,4,4,4,5,5,5,5,5,3,5,4.38,3,2,TRUE
Male,Loyal Customer,25,Business Travel,Business,1744,3,1,3,3,3,3,3,3,1,2,4,2,3,2.62,39,26,FALSE
Female,Loyal Customer,59,Personal Travel,Eco,987,1,4,1,1,5,4,5,3,3,1,3,4,4,3,0,0,FALSE
Female,Loyal Customer,29,Business Travel,Eco Plus,1721,3,5,5,5,3,3,3,3,3,5,4,4,3,3.77,24,15,FALSE
Female,Loyal Customer,33,Personal Travel,Eco,1180,3,5,4,3,5,4,5,5,3,5,4,3,5,4.15,6,0,FALSE
Female,Loyal Customer,30,Business Travel,Business,546,2,2,2,2,4,5,4,4,5,2,4,4,4,3.38,0,0,TRUE
Male,Loyal Customer,43,Business Travel,Eco,239,4,3,3,3,4,4,4,4,1,3,4,3,4,3.38,0,0,FALSE
Male,Loyal Customer,32,Business Travel,Business,1874,3,3,3,3,4,4,4,4,1,3,4,4,4,3.38,0,4,TRUE
Male,Loyal Customer,30,Business Travel,Business,1371,5,5,5,5,5,5,5,5,3,2,4,3,5,4.38,47,54,TRUE
Female,Loyal Customer,13,Business Travel,Business,500,2,2,2,2,5,4,5,5,4,3,5,4,5,3.69,0,0,TRUE
Female,Loyal Customer,36,Personal Travel,Eco,594,3,1,3,4,1,3,1,1,1,5,3,1,1,2.15,86,106,FALSE
Female,Disloyal Customer,72,Business Travel,Eco,899,2,2,2,3,3,2,5,3,2,4,3,1,3,2.69,45,4,FALSE
Female,Loyal Customer,59,Personal Travel,Eco,1771,3,4,3,3,2,4,3,4,4,3,4,4,1,3.23,9,0,FALSE
Female,Loyal Customer,28,Personal Travel,Business,993,4,4,4,3,2,4,2,2,2,1,3,2,2,2.69,0,0,FALSE
Male,Disloyal Customer,26,Business Travel,Eco,190,2,1,1,3,4,1,4,4,2,2,4,3,4,2.69,32,45,FALSE
Male,Loyal Customer,52,Business Travel,Business,1073,2,2,2,2,5,4,5,2,2,2,2,4,5,3,13,18,TRUE
Female,Loyal Customer,44,Personal Travel,Eco,259,5,1,5,3,3,3,4,5,5,5,5,2,3,3.77,0,0,TRUE
Male,Loyal Customer,27,Business Travel,Business,356,1,1,1,1,5,5,5,5,5,5,4,5,5,3.69,1,38,TRUE
Female,Disloyal Customer,39,Business Travel,Business,748,4,3,3,4,2,3,2,2,3,2,4,1,2,2.69,0,0,FALSE
Female,Loyal Customer,42,Business Travel,Business,3236,5,5,5,5,5,5,4,5,5,5,5,4,5,4.85,0,0,TRUE
Female,Loyal Customer,39,Personal Travel,Eco,240,3,4,3,3,5,3,3,5,3,5,4,5,5,3.92,0,0,FALSE
Female,Loyal Customer,59,Business Travel,Eco,1235,3,5,5,5,5,2,1,3,3,3,3,2,2,3.23,20,11,FALSE
Male,Loyal Customer,69,Personal Travel,Eco Plus,337,1,4,1,3,3,1,1,3,5,4,5,4,3,2.92,0,8,FALSE
Male,Loyal Customer,70,Personal Travel,Eco,475,3,3,5,2,5,1,1,4,3,5,4,1,1,2.92,166,172,FALSE
Male,Loyal Customer,21,Personal Travel,Eco,1874,2,1,2,1,3,2,3,3,2,2,2,1,3,2.08,35,14,FALSE
Female,Loyal Customer,52,Personal Travel,Eco,577,3,1,2,2,5,1,1,5,5,2,4,3,2,2.77,13,1,FALSE
Male,Loyal Customer,56,Business Travel,Business,1452,3,3,3,3,2,5,5,4,4,4,4,3,5,3.69,0,0,TRUE
Male,Loyal Customer,50,Personal Travel,Eco,1436,3,4,3,3,4,3,4,4,4,5,4,2,4,3.62,0,1,FALSE
Female,Loyal Customer,34,Personal Travel,Eco,473,3,1,3,3,3,3,3,3,1,2,3,4,3,2.69,17,8,FALSE
Female,Disloyal Customer,79,Business Travel,Eco,269,2,2,2,4,5,2,3,5,2,3,3,1,5,3,0,0,FALSE
Female,Loyal Customer,41,Business Travel,Eco,196,3,1,1,1,3,3,3,3,3,5,3,3,3,2.69,6,11,FALSE
Female,Disloyal Customer,27,Business Travel,Eco,2399,3,3,3,4,3,3,3,2,2,4,3,3,3,3,50,71,FALSE
Male,Loyal Customer,64,Business Travel,Business,2665,2,3,3,3,5,3,4,2,2,2,2,1,1,2.54,15,11,FALSE
Female,Loyal Customer,12,Personal Travel,Eco Plus,283,1,5,1,2,3,1,3,3,5,2,4,3,3,2.77,79,71,FALSE
Female,Loyal Customer,52,Personal Travel,Eco,1874,4,3,4,4,2,1,3,4,4,4,4,3,4,3.38,1,0,FALSE
Female,Loyal Customer,10,Personal Travel,Eco,2075,2,3,1,3,5,1,5,5,4,4,3,5,5,3.54,18,1,FALSE
Female,Loyal Customer,30,Business Travel,Business,1744,1,4,4,4,1,1,1,1,3,3,2,3,1,2.23,0,0,FALSE
Female,Loyal Customer,70,Personal Travel,Eco,624,2,5,2,5,2,1,3,2,2,2,4,3,2,2.69,0,0,FALSE
Male,Loyal Customer,15,Personal Travel,Eco Plus,474,1,3,1,3,4,1,4,4,4,5,3,2,4,3,34,50,FALSE
Male,Loyal Customer,28,Business Travel,Business,1749,3,4,3,3,4,4,4,4,4,2,5,3,4,3.62,15,8,TRUE
Female,Loyal Customer,53,Business Travel,Business,2249,0,5,0,5,2,4,5,4,4,4,4,5,3,3.46,0,0,TRUE
Male,Disloyal Customer,26,Business Travel,Business,944,3,3,3,2,5,3,5,5,3,2,4,3,5,3.54,0,6,FALSE
Female,Loyal Customer,49,Business Travel,Eco Plus,2419,4,4,4,4,5,3,1,4,4,4,4,5,3,3.77,0,0,TRUE
Female,Disloyal Customer,33,Business Travel,Business,113,3,3,3,5,5,3,5,5,4,5,5,3,5,4.15,0,0,FALSE
Male,Loyal Customer,40,Business Travel,Business,784,4,4,4,4,1,2,3,4,4,4,4,3,5,3.54,0,0,TRUE
Male,Loyal Customer,32,Business Travel,Business,270,2,2,2,2,4,4,4,4,5,2,5,3,4,3.31,0,0,TRUE
Female,Disloyal Customer,23,Business Travel,Business,1500,5,3,5,4,4,5,4,4,5,5,5,5,4,4.46,17,22,TRUE
Female,Loyal Customer,28,Business Travel,Business,1670,2,2,2,2,5,5,5,5,4,5,3,5,5,3.85,0,0,TRUE
Female,Loyal Customer,50,Business Travel,Business,2125,3,2,2,2,2,3,4,3,3,3,3,1,4,2.69,16,12,FALSE
Female,Loyal Customer,31,Business Travel,Business,3033,0,3,0,5,3,3,3,3,4,3,3,3,3,2.77,19,16,TRUE
Female,Loyal Customer,60,Personal Travel,Eco,861,2,5,2,2,5,4,5,5,5,2,5,4,3,3.77,101,99,FALSE
Male,Loyal Customer,25,Business Travel,Business,3547,2,3,1,3,2,2,2,2,1,2,2,3,2,2.08,0,0,FALSE
Male,Loyal Customer,30,Personal Travel,Eco,618,1,5,1,3,4,1,4,4,4,2,5,4,4,3.23,0,0,FALSE
Male,Disloyal Customer,24,Business Travel,Eco,1154,4,4,4,4,3,4,3,3,3,5,3,1,3,3.38,0,0,FALSE
Male,Loyal Customer,63,Personal Travel,Eco,967,1,5,1,3,2,1,1,2,3,3,4,3,2,2.38,9,0,FALSE
Female,Disloyal Customer,44,Business Travel,Eco,458,4,0,5,2,3,5,3,3,4,2,3,2,3,3,75,79,FALSE
Female,Loyal Customer,26,Business Travel,Business,110,2,2,2,2,5,5,3,5,2,4,4,4,5,3.46,0,0,TRUE
Female,Disloyal Customer,30,Business Travel,Business,773,3,3,3,1,3,3,1,3,4,2,4,4,3,2.85,0,29,FALSE
Male,Loyal Customer,15,Business Travel,Business,649,3,4,5,4,3,3,3,3,1,2,4,2,3,3.08,92,118,FALSE
Female,Disloyal Customer,39,Business Travel,Business,997,3,3,3,3,2,3,2,2,3,1,4,4,2,2.69,0,0,FALSE
Female,Loyal Customer,38,Personal Travel,Eco,404,1,4,1,2,4,1,4,4,3,5,5,4,4,3.23,0,0,FALSE
Male,Loyal Customer,20,Personal Travel,Eco,628,3,5,3,1,3,4,4,4,3,3,3,4,4,3.38,157,185,FALSE
Male,Loyal Customer,40,Business Travel,Business,447,1,5,1,1,2,5,4,4,4,4,4,3,5,3.31,1,0,TRUE
Female,Loyal Customer,57,Business Travel,Eco Plus,397,3,5,5,5,1,3,4,3,3,3,3,3,3,3.38,0,0,FALSE
Female,Loyal Customer,37,Business Travel,Business,1121,1,1,1,1,3,4,4,3,3,3,3,5,4,2.77,0,1,TRUE
Female,Loyal Customer,62,Personal Travel,Eco,946,3,3,3,4,5,4,3,3,3,3,3,3,1,3.15,0,0,FALSE
Female,Loyal Customer,13,Business Travel,Business,1578,3,5,5,5,3,3,3,3,4,3,3,4,3,3.62,27,114,FALSE
Male,Loyal Customer,10,Personal Travel,Eco,696,1,5,1,3,5,1,4,5,5,2,5,4,5,3.54,0,0,FALSE
Male,Loyal Customer,61,Business Travel,Eco,955,4,3,3,3,4,4,4,4,3,3,2,5,4,3.54,0,0,TRUE
Female,Loyal Customer,66,Business Travel,Business,3994,3,5,5,5,5,3,4,3,3,3,3,2,3,3.62,0,0,FALSE
Female,Loyal Customer,69,Personal Travel,Eco,717,2,4,2,5,3,4,5,4,4,2,4,4,3,3.54,0,0,FALSE
Male,Loyal Customer,20,Personal Travel,Eco,1028,2,4,2,3,4,2,4,4,4,3,4,3,4,3.31,0,0,FALSE
Male,Disloyal Customer,26,Business Travel,Eco,501,2,4,2,1,2,2,3,2,5,5,1,3,2,2.62,12,1,FALSE
Female,Disloyal Customer,21,Business Travel,Business,255,3,4,4,4,3,4,1,3,4,3,4,4,3,3.38,14,6,FALSE
Male,Disloyal Customer,15,Business Travel,Eco,756,2,2,2,3,1,2,1,1,3,3,4,3,1,2.15,5,1,FALSE
Male,Loyal Customer,30,Business Travel,Business,3658,1,1,5,1,4,4,4,4,4,1,4,1,4,2.92,57,39,TRUE
Male,Loyal Customer,19,Personal Travel,Eco,861,1,5,1,3,4,1,4,4,3,2,4,4,4,3.08,14,1,FALSE
Female,Disloyal Customer,59,Business Travel,Eco,170,2,0,2,3,5,2,5,5,1,3,4,3,5,3.08,63,84,FALSE
Female,Disloyal Customer,24,Business Travel,Eco,1024,2,2,2,4,5,2,5,5,1,3,4,4,5,3.38,0,11,FALSE
Male,Loyal Customer,24,Personal Travel,Eco,599,5,0,5,1,5,5,5,5,2,4,3,2,5,3.62,12,0,TRUE
Female,Loyal Customer,50,Business Travel,Business,1534,2,2,2,2,2,5,4,4,4,5,4,3,5,3.38,0,0,TRUE
Female,Loyal Customer,60,Personal Travel,Eco,1183,3,5,2,2,5,4,4,2,2,2,2,4,3,3.08,0,0,FALSE
Male,Disloyal Customer,41,Business Travel,Business,1666,2,2,2,2,3,2,3,3,1,3,3,3,3,2.46,18,50,FALSE
Male,Loyal Customer,67,Personal Travel,Eco,1276,2,4,2,1,1,2,1,1,5,5,4,5,1,2.62,24,11,FALSE
Female,Disloyal Customer,52,Business Travel,Eco Plus,590,2,1,1,4,3,2,1,3,3,2,3,3,3,2.38,49,68,FALSE
Female,Loyal Customer,54,Business Travel,Business,2284,4,4,4,4,5,4,4,5,5,5,5,3,3,4.23,0,0,TRUE
Female,Loyal Customer,10,Personal Travel,Eco Plus,264,4,4,0,4,1,0,2,1,2,1,4,3,1,2.08,0,0,TRUE
Male,Loyal Customer,57,Business Travel,Business,3496,2,2,2,2,3,4,5,5,5,5,5,4,5,3.77,0,0,TRUE
Male,Loyal Customer,38,Business Travel,Business,746,1,1,1,1,1,2,3,5,5,5,5,1,5,2.77,22,1,TRUE
Male,Disloyal Customer,50,Business Travel,Eco,109,2,0,2,3,5,2,1,5,5,5,2,1,5,2.92,0,1,FALSE
Male,Disloyal Customer,26,Business Travel,Eco,828,1,1,1,3,4,1,4,4,4,4,4,2,4,2.85,0,25,FALSE
Female,Loyal Customer,44,Business Travel,Business,1634,1,1,1,1,2,4,4,3,3,3,3,4,3,2.54,0,0,TRUE
Male,Loyal Customer,51,Business Travel,Eco,361,5,4,4,4,5,5,5,5,5,1,1,3,5,4,13,0,TRUE
Male,Loyal Customer,64,Business Travel,Eco Plus,143,4,4,4,4,4,4,4,4,2,4,1,2,4,3.46,0,0,TRUE
Male,Disloyal Customer,62,Business Travel,Business,954,4,4,4,3,1,4,1,1,3,5,5,4,1,3.08,0,0,FALSE
Male,Loyal Customer,45,Personal Travel,Eco,508,2,4,2,3,1,2,1,1,3,4,4,3,1,2.38,0,8,FALSE
Female,Loyal Customer,46,Business Travel,Business,413,3,4,5,5,1,3,3,3,3,2,3,2,4,3.15,33,43,FALSE
Male,Loyal Customer,27,Personal Travel,Eco Plus,1013,2,2,2,4,3,2,3,3,3,4,3,1,3,2.69,0,7,FALSE
Female,Loyal Customer,29,Business Travel,Business,3086,3,4,4,4,3,3,3,3,3,4,4,3,3,3.38,0,0,FALSE
Female,Loyal Customer,30,Personal Travel,Eco,691,2,1,2,3,2,2,5,2,3,3,3,4,2,2.62,21,38,FALSE
Female,Loyal Customer,60,Business Travel,Business,1817,2,2,4,2,4,4,4,2,2,2,2,3,5,2.92,6,2,TRUE
Male,Loyal Customer,53,Business Travel,Business,237,5,5,5,5,5,5,2,4,4,4,4,2,3,4.08,0,0,TRUE
Male,Loyal Customer,36,Personal Travel,Business,1187,3,5,4,5,3,4,5,3,3,4,3,3,5,3.85,0,0,FALSE
Female,Loyal Customer,46,Business Travel,Business,3621,5,5,5,5,2,5,5,5,5,5,5,3,4,4.54,17,11,TRUE
Female,Disloyal Customer,13,Business Travel,Eco,1892,2,3,3,4,3,2,3,3,2,2,3,3,3,2.77,2,0,FALSE
Female,Disloyal Customer,22,Business Travel,Business,536,0,0,0,3,1,0,1,1,3,1,2,4,1,1.31,3,0,TRUE
Male,Disloyal Customer,21,Business Travel,Business,1399,1,1,1,3,3,1,3,3,3,1,2,1,3,2,11,12,FALSE
Female,Loyal Customer,51,Business Travel,Business,472,2,2,2,2,3,4,1,4,4,5,4,5,2,3.08,42,49,TRUE
Male,Loyal Customer,59,Business Travel,Business,2286,2,2,2,2,3,5,4,4,4,4,4,4,4,3.38,0,0,TRUE
Female,Disloyal Customer,23,Business Travel,Eco,164,0,3,0,2,5,0,5,5,5,3,2,4,5,3,0,0,TRUE
Male,Loyal Customer,52,Business Travel,Business,1055,5,5,5,5,4,5,4,3,3,2,3,4,5,4.08,43,37,TRUE
Female,Loyal Customer,39,Business Travel,Business,295,1,1,1,1,4,4,5,4,4,4,4,5,5,3.31,0,0,TRUE
Female,Loyal Customer,64,Business Travel,Eco Plus,1744,1,2,2,2,3,3,4,1,1,1,1,3,3,2.08,0,9,FALSE
Male,Loyal Customer,7,Personal Travel,Eco,296,1,1,1,4,1,1,1,1,3,4,3,2,1,1.85,0,0,FALSE
Female,Loyal Customer,70,Personal Travel,Eco,447,1,4,2,2,1,4,2,5,5,2,5,1,1,2.69,13,10,FALSE
Male,Loyal Customer,55,Business Travel,Business,544,4,4,4,4,2,4,5,5,5,4,5,5,4,4.23,42,39,TRUE
Male,Disloyal Customer,23,Business Travel,Eco,587,2,5,3,1,4,3,4,4,4,4,4,4,4,3.54,35,26,FALSE
Female,Loyal Customer,49,Personal Travel,Eco,315,4,1,4,4,4,4,4,5,5,4,5,1,4,3.77,108,103,FALSE
Female,Loyal Customer,41,Business Travel,Business,1723,1,1,2,1,5,4,5,5,5,4,5,5,5,3.69,46,74,TRUE
Female,Loyal Customer,17,Business Travel,Business,1721,1,1,1,1,3,3,3,3,1,5,4,3,3,2.46,0,0,TRUE
Female,Loyal Customer,41,Business Travel,Eco,1076,3,3,3,3,3,3,3,3,4,1,2,3,3,2.85,78,68,FALSE
Female,Disloyal Customer,26,Business Travel,Eco,589,1,0,1,3,5,1,5,5,2,2,1,5,5,2.77,0,0,FALSE
Female,Loyal Customer,65,Personal Travel,Eco,545,2,2,2,3,4,3,3,2,2,2,5,3,3,2.77,0,0,FALSE
Female,Disloyal Customer,36,Business Travel,Business,764,2,2,2,3,2,2,2,2,5,2,4,4,2,2.62,0,15,FALSE
Male,Disloyal Customer,25,Business Travel,Eco,1012,3,3,3,2,4,3,4,4,3,3,3,3,4,3.23,0,0,FALSE
Male,Loyal Customer,46,Business Travel,Business,993,2,5,5,5,1,3,3,2,2,2,2,2,3,2.85,0,5,FALSE
Male,Loyal Customer,13,Personal Travel,Eco,236,2,4,2,3,5,2,5,5,1,2,1,1,5,2.92,3,7,FALSE
Female,Loyal Customer,49,Business Travel,Business,2493,3,3,3,3,3,5,4,4,4,4,4,5,3,3.69,0,0,TRUE
Male,Loyal Customer,23,Business Travel,Business,1528,1,1,1,1,4,4,4,4,3,2,4,5,4,2.92,0,0,TRUE
Male,Loyal Customer,57,Business Travel,Business,2503,1,1,1,1,4,5,4,4,4,4,4,5,5,3.31,19,18,TRUE
Male,Loyal Customer,44,Personal Travel,Eco,404,3,5,5,3,4,5,4,4,5,4,4,4,4,4.15,0,0,FALSE
Male,Disloyal Customer,27,Business Travel,Eco,680,3,3,3,2,5,3,5,5,5,5,5,1,5,3.85,7,0,FALSE
Female,Disloyal Customer,62,Business Travel,Eco,983,3,3,3,4,3,3,3,3,3,3,4,1,3,3,5,0,FALSE
Female,Disloyal Customer,29,Business Travel,Eco Plus,214,2,2,2,3,3,2,5,3,1,4,4,2,3,2.77,0,0,FALSE
Male,Loyal Customer,30,Personal Travel,Eco,237,1,4,1,1,2,1,2,2,4,5,4,3,2,2.46,7,2,FALSE
Male,Loyal Customer,71,Business Travel,Eco,200,5,3,5,3,5,5,5,5,1,5,2,3,5,4,0,0,TRUE
Male,Loyal Customer,11,Personal Travel,Eco,745,3,5,3,1,4,3,4,4,5,4,5,4,4,3.77,15,11,FALSE
Female,Loyal Customer,61,Business Travel,Eco,184,2,4,4,4,1,4,4,2,2,2,2,3,1,2.69,0,26,FALSE
Male,Loyal Customer,46,Personal Travel,Eco,462,4,4,4,3,3,4,3,3,3,2,4,3,3,3.31,0,0,FALSE
Female,Disloyal Customer,40,Business Travel,Business,349,2,2,2,1,5,2,5,5,5,4,5,3,5,3.54,15,7,FALSE
Female,Disloyal Customer,65,Business Travel,Eco Plus,133,2,2,2,3,4,2,5,4,3,4,3,2,4,3.08,14,15,FALSE
Female,Loyal Customer,32,Business Travel,Eco,1167,4,2,2,2,4,4,4,5,3,2,1,4,4,3.15,136,150,TRUE
Female,Loyal Customer,35,Business Travel,Business,1121,1,1,1,1,2,4,4,5,5,5,5,5,3,3.23,0,0,TRUE
Male,Loyal Customer,13,Personal Travel,Eco,283,2,1,2,3,3,2,5,3,1,5,4,4,3,2.92,52,37,FALSE
Female,Loyal Customer,56,Personal Travel,Eco,838,2,5,2,2,5,5,5,2,2,2,2,3,4,3.15,30,23,FALSE
Male,Loyal Customer,37,Business Travel,Business,600,2,2,2,2,2,5,5,5,5,5,5,5,3,3.69,48,40,TRUE
Female,Disloyal Customer,19,Business Travel,Eco,711,2,2,2,4,5,2,5,5,2,2,4,4,5,3.38,30,34,FALSE
Female,Loyal Customer,62,Personal Travel,Eco,570,2,2,1,3,2,2,3,4,4,1,4,2,4,2.62,0,0,FALSE
Male,Loyal Customer,41,Business Travel,Business,3312,2,2,2,2,5,5,5,5,5,5,5,5,5,4.08,6,1,TRUE
Male,Loyal Customer,22,Business Travel,Eco Plus,2611,4,4,4,4,4,4,5,4,5,4,4,4,4,4.15,0,0,TRUE
Male,Disloyal Customer,35,Business Travel,Business,1129,2,2,2,2,2,2,2,2,4,1,3,3,2,2.23,23,16,FALSE
Female,Loyal Customer,64,Personal Travel,Eco,373,4,0,4,2,4,4,4,1,1,4,1,3,5,2.85,0,0,FALSE
Male,Loyal Customer,37,Business Travel,Business,3346,3,3,5,3,4,5,2,5,5,5,5,1,4,3.85,0,0,TRUE
Male,Disloyal Customer,29,Business Travel,Business,1590,4,4,4,5,4,4,3,4,4,4,4,5,4,4.08,36,23,TRUE
Female,Disloyal Customer,23,Business Travel,Business,460,4,2,4,4,4,1,1,4,4,5,4,1,1,3,381,374,TRUE
Female,Loyal Customer,29,Personal Travel,Eco,868,1,3,1,4,2,1,2,2,4,3,3,2,2,2.31,0,0,FALSE
Male,Loyal Customer,11,Personal Travel,Eco,110,2,2,2,3,2,2,2,2,2,4,4,3,2,2.46,70,64,FALSE
Male,Loyal Customer,34,Personal Travel,Eco,618,2,5,2,1,1,2,1,1,3,5,4,5,1,2.54,0,1,FALSE
Female,Loyal Customer,38,Business Travel,Eco,323,3,1,1,1,3,4,3,3,1,3,4,2,3,2.46,27,27,FALSE
Male,Loyal Customer,60,Business Travel,Business,1119,4,4,4,4,3,4,4,4,4,4,4,5,5,4.08,0,39,TRUE
Female,Loyal Customer,41,Business Travel,Eco,452,1,5,2,2,1,1,1,1,1,1,4,1,1,1.69,27,35,FALSE
Female,Loyal Customer,10,Personal Travel,Eco Plus,872,2,2,2,2,5,2,1,5,3,4,4,3,5,3.08,0,0,FALSE
Female,Loyal Customer,27,Personal Travel,Eco,529,4,1,4,4,2,4,3,2,1,1,3,2,2,2.54,10,7,FALSE
Female,Loyal Customer,10,Personal Travel,Eco Plus,334,1,4,1,3,1,1,1,1,4,2,5,5,1,2.31,11,19,FALSE
Female,Loyal Customer,17,Personal Travel,Eco,156,2,5,2,3,2,2,2,2,5,5,5,3,2,3.08,0,0,FALSE
Male,Loyal Customer,32,Business Travel,Eco Plus,909,4,2,2,2,4,4,4,4,5,1,5,5,4,3.54,0,0,TRUE
Male,Loyal Customer,53,Business Travel,Eco,411,4,5,5,5,4,4,4,4,2,1,2,1,4,3.46,0,0,TRUE
Male,Disloyal Customer,22,Business Travel,Business,530,5,3,5,5,4,5,5,4,3,3,5,3,4,4.15,0,0,TRUE
Female,Loyal Customer,49,Personal Travel,Eco,351,1,4,1,4,2,4,3,5,5,1,5,3,3,3.15,0,0,FALSE
Female,Loyal Customer,49,Business Travel,Business,391,4,4,4,4,2,5,5,4,4,4,4,5,4,4.08,62,84,TRUE
Female,Loyal Customer,35,Business Travel,Eco,1506,1,0,0,3,0,3,3,3,2,2,3,3,3,2,90,135,FALSE
Female,Disloyal Customer,50,Business Travel,Business,590,5,0,0,4,3,5,5,3,4,2,4,5,3,3.31,0,0,TRUE
Female,Loyal Customer,36,Business Travel,Business,2556,4,4,5,4,4,3,3,4,5,3,5,3,3,3.85,0,3,TRUE
Male,Loyal Customer,30,Business Travel,Business,3218,4,4,4,4,2,2,2,2,3,4,5,3,2,3.15,0,0,TRUE
Male,Loyal Customer,46,Business Travel,Eco,531,4,2,2,2,3,4,3,3,4,2,4,5,3,3.15,0,0,TRUE
Male,Loyal Customer,53,Business Travel,Business,402,5,5,5,5,3,4,4,4,4,4,4,4,3,4.15,0,0,TRUE
Female,Loyal Customer,15,Personal Travel,Eco,646,1,1,1,4,4,1,4,4,4,5,4,4,4,3.15,1,0,FALSE
Female,Loyal Customer,48,Business Travel,Business,1741,2,2,2,2,5,5,5,5,5,5,5,4,4,3.92,14,48,TRUE
Female,Loyal Customer,48,Business Travel,Business,239,0,1,1,4,5,5,5,3,3,3,3,3,5,3.15,30,28,TRUE
Male,Loyal Customer,58,Business Travel,Business,3748,5,5,5,5,2,4,4,5,5,5,5,3,4,4.38,0,9,TRUE
Female,Disloyal Customer,43,Business Travel,Eco,189,4,3,5,3,1,5,1,1,3,5,3,3,1,2.92,12,20,FALSE
Female,Loyal Customer,45,Business Travel,Eco,1005,2,1,3,3,3,3,3,2,2,2,2,2,1,2.23,57,67,FALSE
Male,Loyal Customer,49,Business Travel,Business,759,2,2,2,2,2,2,1,4,4,4,4,1,4,2.62,0,0,TRUE
Male,Disloyal Customer,36,Business Travel,Business,777,1,1,1,1,1,1,1,1,5,5,5,3,1,2.08,1,0,FALSE
Female,Disloyal Customer,63,Business Travel,Eco,106,3,1,3,3,4,3,4,4,2,2,4,2,4,3,0,0,FALSE
Female,Loyal Customer,46,Personal Travel,Eco,1771,4,4,4,3,3,4,4,3,3,4,3,2,3,3.38,2,9,FALSE
Male,Loyal Customer,30,Business Travel,Business,2172,4,4,4,4,5,5,5,5,5,4,2,5,5,4.38,0,0,TRUE
Female,Loyal Customer,70,Personal Travel,Eco Plus,345,2,5,2,2,2,4,4,5,5,2,5,5,3,3.54,0,0,FALSE
Male,Loyal Customer,59,Business Travel,Business,349,5,5,5,5,4,4,5,4,4,5,4,5,5,4.62,12,0,TRUE
Female,Disloyal Customer,25,Business Travel,Eco Plus,1671,4,2,4,3,4,4,3,4,4,3,2,4,4,3.46,0,9,FALSE
Female,Loyal Customer,13,Business Travel,Eco,2329,5,5,5,5,5,5,4,5,5,1,5,4,5,4.54,0,0,TRUE
Female,Loyal Customer,66,Personal Travel,Eco,2585,3,5,3,3,3,2,3,2,4,5,4,3,3,3.31,0,0,FALSE
Female,Loyal Customer,43,Business Travel,Eco Plus,1197,3,1,3,1,5,3,3,3,3,3,3,4,4,3,0,0,FALSE
Female,Loyal Customer,37,Business Travel,Business,611,3,3,3,3,5,5,5,4,4,5,4,3,4,3.92,9,0,TRUE
Male,Loyal Customer,30,Business Travel,Business,2667,1,1,1,1,4,4,4,4,5,5,5,5,4,3.38,11,0,TRUE
Female,Loyal Customer,33,Personal Travel,Eco,1197,4,4,5,5,3,5,4,3,3,3,5,5,3,4,38,20,FALSE
Female,Loyal Customer,39,Business Travel,Eco,2329,4,3,3,3,4,4,4,4,3,2,3,4,4,3.46,18,34,FALSE
Female,Loyal Customer,22,Personal Travel,Eco,515,5,4,5,5,2,5,2,2,5,4,5,5,2,3.92,14,3,TRUE
Female,Loyal Customer,19,Personal Travel,Eco Plus,588,3,4,3,1,5,3,5,5,5,5,4,4,5,4,0,0,FALSE
Female,Loyal Customer,20,Business Travel,Business,1363,3,3,3,3,4,4,4,4,4,5,4,4,4,3.77,44,46,TRUE
Female,Loyal Customer,60,Business Travel,Business,3014,4,4,4,4,3,5,5,5,5,5,5,5,5,4.54,12,5,TRUE
Female,Loyal Customer,38,Personal Travel,Eco,1313,4,5,4,2,2,4,2,2,3,2,4,3,2,3,12,32,TRUE
Female,Loyal Customer,55,Business Travel,Business,1750,1,1,1,1,2,4,4,5,5,5,5,4,3,3.15,0,0,TRUE
Male,Loyal Customer,38,Business Travel,Eco Plus,542,4,4,4,4,4,5,4,4,2,2,1,1,4,3.31,45,34,TRUE
Female,Loyal Customer,9,Personal Travel,Eco,631,3,2,3,3,3,3,3,3,1,5,4,3,3,3,17,0,FALSE
Male,Loyal Customer,53,Personal Travel,Eco,297,3,5,3,4,3,3,3,3,4,5,5,3,3,3.62,36,28,FALSE
Male,Loyal Customer,54,Business Travel,Business,3295,1,1,1,1,5,4,4,5,5,5,5,5,5,3.62,0,1,TRUE
Male,Loyal Customer,55,Business Travel,Business,2742,0,0,0,4,4,2,3,2,2,2,2,4,3,2.15,30,13,TRUE
Female,Loyal Customer,38,Business Travel,Business,3031,4,5,5,5,4,4,4,4,4,4,4,3,1,3.92,0,2,FALSE
Male,Disloyal Customer,29,Business Travel,Eco,2454,1,1,1,3,1,4,4,4,4,3,3,4,4,2.85,51,57,FALSE
Female,Loyal Customer,41,Business Travel,Business,895,3,5,3,3,3,4,4,4,4,4,4,5,4,3.85,16,19,TRUE
Female,Loyal Customer,39,Business Travel,Business,157,5,5,3,5,4,4,4,4,4,4,5,4,5,4.31,0,0,TRUE
Male,Disloyal Customer,33,Business Travel,Business,594,2,2,2,1,3,2,4,3,4,4,5,4,3,3,37,26,FALSE
Male,Disloyal Customer,36,Business Travel,Eco Plus,533,2,2,2,3,2,2,2,2,2,5,4,4,2,2.62,36,35,FALSE
Female,Loyal Customer,43,Business Travel,Business,319,0,0,0,4,2,4,5,1,1,1,1,3,5,2.08,0,0,TRUE
Male,Disloyal Customer,25,Business Travel,Eco,479,4,4,4,1,2,4,2,2,3,4,5,4,2,3.15,0,0,FALSE
Male,Loyal Customer,17,Business Travel,Eco Plus,370,3,3,3,3,3,3,4,3,1,2,3,4,3,2.92,12,14,FALSE
Male,Loyal Customer,34,Personal Travel,Eco,602,4,4,4,3,4,5,5,5,4,5,4,5,5,4.38,130,140,FALSE
Male,Loyal Customer,52,Business Travel,Business,3599,1,1,1,1,2,3,3,1,1,1,1,1,3,1.54,82,100,FALSE
Female,Loyal Customer,46,Business Travel,Business,1744,2,2,2,2,4,3,4,3,3,3,3,3,3,2.85,43,57,TRUE
Female,Loyal Customer,28,Business Travel,Business,1887,1,1,1,1,5,5,5,5,3,3,1,5,5,3.15,0,0,TRUE
Female,Loyal Customer,18,Personal Travel,Eco,250,1,5,1,4,2,1,2,2,3,2,4,4,2,2.54,0,7,FALSE
Female,Loyal Customer,29,Business Travel,Business,2511,5,5,5,5,4,4,4,4,2,5,2,2,4,3.92,0,0,TRUE
Female,Loyal Customer,45,Business Travel,Business,3189,5,5,5,5,5,5,5,5,5,5,4,3,5,4.77,104,102,TRUE
Male,Loyal Customer,32,Business Travel,Business,413,5,5,3,5,4,4,4,4,4,2,5,5,4,4.15,0,15,TRUE
Male,Loyal Customer,53,Business Travel,Business,1641,0,0,0,4,2,5,4,5,5,5,3,4,3,3.08,0,16,TRUE
Male,Loyal Customer,51,Business Travel,Business,490,5,5,5,5,3,4,5,4,4,4,4,2,4,4.15,0,0,TRUE
Female,Loyal Customer,42,Personal Travel,Eco,1346,4,5,3,2,5,4,5,4,4,3,4,4,4,3.92,0,0,FALSE
Female,Loyal Customer,50,Business Travel,Business,502,1,1,1,1,3,5,5,5,5,5,5,3,5,3.46,66,54,TRUE
Male,Loyal Customer,66,Business Travel,Eco,414,3,5,5,5,3,3,3,3,4,1,3,1,3,3.23,0,0,FALSE
Male,Loyal Customer,34,Personal Travel,Eco,214,2,4,2,3,4,2,4,4,1,5,4,1,4,3.08,0,26,FALSE
Female,Loyal Customer,46,Business Travel,Business,197,1,4,4,4,3,3,3,3,3,3,1,3,4,3,8,29,FALSE
Male,Disloyal Customer,22,Business Travel,Eco,571,3,1,3,1,1,3,1,1,2,2,2,3,1,1.85,35,91,FALSE
Female,Disloyal Customer,29,Business Travel,Business,2079,1,1,1,4,5,1,5,5,5,2,4,5,5,3.38,0,1,FALSE
Male,Loyal Customer,59,Personal Travel,Eco,1325,1,4,1,4,4,1,4,4,3,2,3,5,4,3.08,0,0,FALSE
Male,Loyal Customer,50,Business Travel,Eco Plus,1199,2,5,5,5,2,2,2,2,3,5,3,3,2,3.15,84,66,FALSE
Female,Loyal Customer,43,Business Travel,Business,228,3,5,5,5,2,2,3,3,3,3,3,4,3,3.38,7,4,FALSE
Male,Loyal Customer,59,Business Travel,Business,432,5,5,5,5,3,4,2,5,5,5,5,2,5,4.31,78,55,TRUE
Female,Loyal Customer,29,Business Travel,Eco,1666,5,3,3,3,5,5,5,5,3,2,4,5,5,4.08,0,18,TRUE
Male,Loyal Customer,48,Business Travel,Eco,191,5,1,1,1,5,5,5,5,3,2,5,2,5,3.46,0,0,TRUE
Male,Loyal Customer,58,Personal Travel,Eco,503,2,4,2,5,4,2,5,4,5,2,4,5,4,3.69,3,0,FALSE
Male,Loyal Customer,69,Personal Travel,Eco,723,3,1,3,4,4,3,4,4,3,4,3,1,4,3.15,0,0,FALSE
Female,Loyal Customer,33,Business Travel,Eco,77,1,5,5,5,1,1,1,1,3,3,4,2,1,2.54,25,20,FALSE
Female,Loyal Customer,43,Business Travel,Business,1650,2,2,2,2,4,4,4,4,4,4,4,5,3,3.38,45,42,TRUE
Female,Loyal Customer,42,Business Travel,Eco,305,4,1,2,1,3,2,5,4,4,4,4,3,3,3.08,4,0,TRUE
Male,Disloyal Customer,31,Business Travel,Eco,1282,1,0,0,3,5,1,1,5,4,1,3,1,5,2.31,13,0,FALSE
Male,Loyal Customer,46,Business Travel,Business,2096,5,5,5,5,4,5,4,4,4,4,4,3,4,4.31,4,0,TRUE
Female,Loyal Customer,27,Personal Travel,Eco,679,3,5,3,1,5,3,5,5,4,3,4,5,5,3.92,0,0,FALSE
Male,Loyal Customer,55,Business Travel,Business,447,4,4,4,4,5,5,5,5,5,5,5,4,5,4.62,0,0,TRUE
Male,Disloyal Customer,45,Business Travel,Business,651,1,1,1,3,3,1,3,3,4,5,4,3,3,2.69,0,0,FALSE
Male,Loyal Customer,33,Business Travel,Business,3648,1,5,5,5,1,1,1,1,3,2,3,3,1,2.46,117,108,FALSE
Female,Disloyal Customer,23,Business Travel,Eco,258,4,5,4,4,4,2,2,3,3,4,5,2,2,3.38,111,140,FALSE
Female,Loyal Customer,63,Business Travel,Business,691,4,4,4,4,3,4,4,2,2,2,2,3,5,3.31,0,0,TRUE
Male,Loyal Customer,60,Business Travel,Eco Plus,738,3,1,1,1,3,3,3,3,4,1,4,1,3,2.38,44,36,FALSE
Female,Loyal Customer,52,Business Travel,Business,650,5,5,5,5,3,4,5,4,4,4,4,5,5,4.46,64,64,TRUE
Female,Disloyal Customer,25,Business Travel,Eco,407,3,4,3,1,4,3,4,4,5,3,2,4,4,3.38,0,0,FALSE
Female,Loyal Customer,68,Business Travel,Business,3043,2,2,2,2,5,4,5,4,4,4,4,4,4,3.54,1,0,TRUE
Female,Loyal Customer,59,Business Travel,Business,1337,5,5,5,5,3,5,4,3,3,4,3,3,3,3.92,0,0,TRUE
Female,Loyal Customer,53,Personal Travel,Eco,296,4,4,4,3,1,3,3,2,2,4,2,2,1,2.69,0,0,TRUE
Female,Loyal Customer,24,Personal Travel,Eco,270,4,0,5,1,2,5,2,2,5,5,4,4,2,3.15,44,41,FALSE
Female,Loyal Customer,58,Personal Travel,Business,787,2,1,2,4,5,4,3,4,4,2,4,3,4,3.23,7,31,FALSE
Male,Loyal Customer,40,Business Travel,Eco,363,4,5,5,5,4,4,4,4,1,5,3,4,4,4,0,0,FALSE
Male,Loyal Customer,43,Personal Travel,Eco,259,1,5,1,2,2,1,5,2,1,3,5,1,2,2.38,1,0,FALSE
Male,Loyal Customer,60,Business Travel,Business,440,4,4,4,4,4,5,4,4,4,4,4,4,4,4.08,17,0,TRUE
Female,Disloyal Customer,35,Business Travel,Eco,666,2,4,3,3,5,3,3,5,2,2,4,1,5,3.23,0,26,FALSE
Female,Loyal Customer,34,Business Travel,Business,191,2,3,3,3,5,4,3,2,2,2,2,1,2,2.62,0,0,FALSE
Female,Loyal Customer,60,Personal Travel,Eco,1504,3,3,3,3,5,4,3,1,1,3,1,2,2,2.62,28,25,FALSE
Female,Disloyal Customer,37,Business Travel,Business,304,4,4,4,4,3,4,3,3,4,4,4,4,3,3.69,0,0,TRUE
Female,Loyal Customer,13,Personal Travel,Eco,479,3,4,3,3,4,3,4,4,1,4,3,2,4,3.23,0,0,FALSE
Female,Loyal Customer,11,Personal Travel,Eco,247,1,1,1,2,2,1,2,2,3,5,3,4,2,2.23,0,12,FALSE
Female,Loyal Customer,62,Business Travel,Business,1235,3,3,3,3,4,5,4,4,4,4,4,3,5,3.77,0,0,TRUE
Female,Loyal Customer,31,Business Travel,Business,3702,4,5,4,4,4,4,4,4,2,3,1,1,4,3.38,71,69,FALSE
Female,Loyal Customer,52,Business Travel,Business,2586,3,3,3,3,4,4,4,3,3,4,5,4,4,3.62,0,0,TRUE
Female,Loyal Customer,45,Business Travel,Business,3067,4,4,4,4,3,4,4,4,4,4,4,5,5,4.08,0,0,TRUE
Female,Loyal Customer,52,Personal Travel,Eco,2449,3,3,2,1,2,3,3,5,2,5,4,3,3,3,2,6,FALSE
Female,Disloyal Customer,25,Business Travel,Eco,759,3,4,4,4,4,4,4,4,3,1,3,1,4,3.31,0,0,FALSE
Female,Loyal Customer,41,Personal Travel,Eco Plus,746,3,5,3,4,5,3,3,3,3,3,3,5,4,3.62,4,28,FALSE
Male,Loyal Customer,53,Business Travel,Business,3095,3,3,3,3,4,5,5,3,3,3,3,3,5,3.54,0,0,TRUE
Male,Disloyal Customer,21,Business Travel,Eco,125,4,0,4,4,5,4,5,5,3,4,4,1,5,3.69,58,60,TRUE
Male,Loyal Customer,59,Business Travel,Eco,302,4,3,3,3,4,4,4,4,5,2,4,1,4,3.46,0,0,TRUE
Male,Disloyal Customer,25,Business Travel,Business,738,1,4,2,4,3,2,1,3,5,5,5,4,3,3.23,86,71,FALSE
Female,Loyal Customer,45,Business Travel,Business,2288,4,4,4,4,4,3,4,5,5,4,5,3,3,4,0,11,TRUE
Male,Loyal Customer,57,Business Travel,Business,2116,4,2,4,4,3,1,2,5,5,4,4,1,1,3.08,0,0,TRUE
Male,Disloyal Customer,24,Business Travel,Eco,925,5,5,5,2,3,5,3,3,1,3,1,2,3,3.15,0,0,TRUE
Male,Disloyal Customer,35,Business Travel,Business,1020,3,3,3,3,5,3,5,5,5,2,4,5,5,3.92,1,0,FALSE
Female,Loyal Customer,35,Business Travel,Business,1770,2,2,2,2,3,3,4,5,5,5,5,1,4,3.31,0,0,TRUE
Female,Loyal Customer,45,Personal Travel,Eco,600,2,2,2,2,2,4,5,5,5,2,5,5,3,3.38,0,4,FALSE
Female,Loyal Customer,43,Business Travel,Business,1726,4,4,4,4,2,5,4,4,4,4,4,4,3,3.85,1,6,TRUE
Male,Disloyal Customer,24,Business Travel,Eco,717,0,0,0,4,4,0,3,4,5,3,2,3,4,2.46,0,5,TRUE
Male,Loyal Customer,50,Business Travel,Business,416,3,3,3,3,1,5,2,5,5,5,5,2,4,3.54,0,0,TRUE
Male,Loyal Customer,39,Business Travel,Business,862,3,3,3,3,3,2,3,3,3,3,3,4,3,3,6,0,FALSE
Male,Loyal Customer,45,Personal Travel,Eco,628,1,1,1,3,5,1,5,5,4,1,3,4,5,3,0,0,FALSE
Male,Loyal Customer,60,Personal Travel,Eco,259,2,1,2,3,5,2,5,5,4,4,3,1,5,3.23,0,0,FALSE
Male,Loyal Customer,61,Business Travel,Business,3121,2,1,2,2,3,5,4,5,5,5,5,1,4,3.38,0,0,TRUE
Female,Loyal Customer,15,Business Travel,Eco,1022,3,3,3,3,3,3,4,3,4,2,3,2,3,3,0,0,FALSE
Female,Loyal Customer,48,Business Travel,Eco Plus,964,3,1,1,1,2,3,3,2,2,3,2,3,3,2.23,34,19,TRUE
Female,Loyal Customer,67,Personal Travel,Eco Plus,590,1,5,1,5,5,5,4,3,3,1,3,5,3,3.38,0,0,FALSE
Male,Loyal Customer,21,Business Travel,Business,946,3,4,4,4,3,2,3,3,3,5,4,2,3,3.31,0,0,FALSE
Male,Loyal Customer,69,Personal Travel,Eco,228,3,4,3,5,2,3,2,2,4,4,4,4,2,3.23,5,5,FALSE
Female,Disloyal Customer,28,Business Travel,Business,507,4,4,4,3,4,4,5,4,4,5,4,5,4,4.15,0,0,TRUE
Male,Loyal Customer,44,Business Travel,Business,2691,1,1,3,1,2,5,4,5,5,4,5,4,3,3.31,0,0,TRUE
Female,Loyal Customer,34,Business Travel,Business,1185,3,2,2,2,4,3,4,3,3,3,3,4,1,2.85,11,0,FALSE
Male,Disloyal Customer,25,Business Travel,Eco,1313,1,1,1,1,5,1,5,5,4,4,4,3,5,3.08,0,0,FALSE
Female,Loyal Customer,40,Business Travel,Eco Plus,1065,4,2,2,2,4,4,4,4,4,2,2,2,4,3.08,63,66,TRUE
Male,Loyal Customer,58,Business Travel,Business,3491,3,3,3,3,5,4,4,5,5,5,5,5,3,4.08,0,0,TRUE
Female,Loyal Customer,32,Personal Travel,Eco Plus,692,3,5,3,2,3,3,3,3,5,5,5,5,3,3.69,0,0,FALSE
Male,Loyal Customer,50,Business Travel,Eco,802,2,2,2,2,2,2,2,2,2,2,4,2,2,2.15,0,2,FALSE
Female,Loyal Customer,42,Business Travel,Eco Plus,448,5,5,4,5,5,4,2,5,5,5,5,4,4,4.46,7,1,TRUE
Female,Loyal Customer,16,Business Travel,Business,599,5,5,4,5,3,3,3,3,5,4,5,4,3,4,0,3,TRUE
Male,Loyal Customer,37,Business Travel,Eco,352,4,1,5,1,4,4,4,4,3,2,3,4,4,3.31,0,0,FALSE
Male,Loyal Customer,76,Business Travel,Eco,460,1,1,4,4,1,1,1,1,3,2,4,4,1,2.15,0,0,FALSE
Male,Loyal Customer,38,Business Travel,Eco,86,3,3,3,3,3,3,3,3,1,5,5,3,3,3.15,4,2,TRUE
Female,Disloyal Customer,32,Business Travel,Eco,231,4,4,3,3,4,3,4,4,3,2,1,3,4,3.23,0,0,FALSE
Male,Disloyal Customer,21,Business Travel,Business,882,5,0,5,4,4,5,1,4,3,4,5,4,4,3.69,1,11,TRUE
Male,Loyal Customer,53,Business Travel,Business,1999,4,4,4,4,3,4,5,5,5,5,5,5,5,4.46,0,0,TRUE
Male,Loyal Customer,31,Personal Travel,Eco,293,5,4,5,4,5,5,5,5,4,5,3,2,5,4.38,5,0,TRUE
Male,Loyal Customer,56,Personal Travel,Eco Plus,842,2,3,2,5,3,2,3,3,1,5,5,5,3,3.23,16,9,FALSE
Male,Loyal Customer,55,Business Travel,Eco,834,5,1,1,1,5,4,4,2,4,2,4,4,4,3.15,156,142,TRUE
Male,Loyal Customer,68,Business Travel,Business,1831,2,2,2,2,3,1,2,4,4,4,4,1,1,2.46,0,0,TRUE
Male,Loyal Customer,57,Personal Travel,Eco Plus,738,3,4,3,1,2,3,2,2,5,3,5,4,2,3,0,0,FALSE
Female,Loyal Customer,38,Business Travel,Business,1705,4,4,2,4,1,4,1,5,5,5,5,1,4,3.46,0,0,TRUE
Female,Loyal Customer,47,Business Travel,Eco,429,5,3,2,3,4,5,3,5,5,5,5,4,2,3.92,30,22,TRUE
Male,Loyal Customer,49,Personal Travel,Eco,719,3,2,3,3,1,3,1,1,3,3,4,1,1,2.23,4,0,FALSE
Male,Loyal Customer,28,Business Travel,Eco,86,1,3,3,3,1,1,1,1,2,5,4,2,1,2.15,0,0,FALSE
Male,Disloyal Customer,23,Business Travel,Eco,1322,4,4,4,3,1,4,1,1,3,4,3,3,1,2.77,34,38,TRUE
Female,Disloyal Customer,22,Business Travel,Eco,761,1,1,1,3,1,1,1,1,1,3,3,2,1,1.54,7,0,FALSE
Male,Disloyal Customer,39,Business Travel,Business,708,3,3,3,3,1,3,5,1,4,5,2,1,1,2.69,90,122,FALSE
Female,Disloyal Customer,39,Business Travel,Eco Plus,67,2,2,2,3,4,2,5,4,5,2,2,1,4,2.92,0,0,FALSE
Female,Loyal Customer,53,Personal Travel,Eco Plus,240,3,4,0,1,4,4,4,4,4,0,4,4,4,3.08,0,0,FALSE
Male,Loyal Customer,63,Business Travel,Business,2464,1,1,1,1,1,3,4,5,5,5,5,4,1,2.85,10,14,TRUE
Male,Loyal Customer,65,Personal Travel,Eco,1121,3,5,3,1,1,3,1,1,4,3,4,4,1,2.62,1,0,FALSE
Male,Disloyal Customer,20,Business Travel,Eco,574,2,2,2,4,5,2,5,5,3,2,4,2,5,3.31,0,3,FALSE
Male,Loyal Customer,31,Business Travel,Business,368,2,2,2,2,4,4,4,4,5,3,5,5,4,3.54,0,4,TRUE
Male,Loyal Customer,40,Business Travel,Business,3441,4,4,4,4,5,3,4,5,5,5,4,5,4,4.31,0,0,TRUE
Male,Loyal Customer,42,Business Travel,Business,3550,3,3,3,3,2,5,4,3,3,3,3,3,3,3.15,20,1,TRUE
Male,Loyal Customer,41,Business Travel,Business,2865,2,2,4,2,3,4,4,5,5,5,5,4,3,3.69,72,78,TRUE
Female,Loyal Customer,50,Business Travel,Business,936,1,1,1,1,5,4,5,5,5,5,5,3,3,3.38,0,0,TRUE
Female,Loyal Customer,27,Business Travel,Business,1601,5,5,5,5,5,5,5,5,4,3,1,4,5,4.38,0,13,TRUE
Male,Loyal Customer,57,Business Travel,Business,2355,1,4,4,4,2,3,2,1,1,1,1,1,1,2,79,75,FALSE
Male,Loyal Customer,51,Business Travel,Eco,399,4,5,5,5,4,4,4,4,1,5,5,4,4,4.15,13,5,TRUE
Female,Loyal Customer,44,Business Travel,Business,224,3,3,3,3,4,4,5,4,4,4,4,5,3,3.77,0,0,TRUE
Male,Loyal Customer,41,Business Travel,Business,3382,1,1,5,1,4,4,3,2,2,3,1,1,1,2.23,43,37,FALSE
Male,Loyal Customer,51,Business Travel,Business,2293,1,1,3,1,4,4,4,4,4,4,4,5,4,3.31,0,0,TRUE
Male,Disloyal Customer,22,Business Travel,Eco,2248,1,0,0,1,5,1,5,5,5,5,3,5,5,3.15,1,0,FALSE
Female,Loyal Customer,51,Business Travel,Business,377,3,3,3,3,4,5,5,2,2,2,2,5,4,3.31,0,0,TRUE
Male,Loyal Customer,59,Business Travel,Eco,666,2,5,5,5,2,2,2,2,3,2,4,2,2,2.92,0,0,FALSE
Female,Loyal Customer,20,Business Travel,Business,908,3,3,3,3,4,4,4,4,4,5,5,3,4,3.77,49,33,TRUE
Male,Loyal Customer,60,Business Travel,Business,946,1,1,1,1,3,4,4,4,4,4,4,3,3,2.85,0,17,TRUE
Female,Loyal Customer,68,Personal Travel,Eco,187,1,3,1,3,4,4,3,4,4,1,4,4,1,2.85,0,0,FALSE
Female,Loyal Customer,63,Personal Travel,Eco,2248,3,4,3,4,3,5,4,4,4,3,4,5,5,3.92,0,0,FALSE
Male,Loyal Customer,63,Personal Travel,Eco,370,4,0,3,3,4,3,4,4,4,5,5,4,4,3.62,0,0,FALSE
Male,Loyal Customer,32,Business Travel,Business,2702,4,5,4,5,4,4,4,4,2,4,4,3,4,3.92,1,2,FALSE
Female,Disloyal Customer,30,Business Travel,Eco,479,4,2,4,3,2,4,2,2,1,1,3,4,2,2.62,15,0,FALSE
Male,Loyal Customer,7,Personal Travel,Eco,1180,3,4,3,1,3,3,5,3,3,4,3,3,3,3.15,38,53,FALSE
Male,Disloyal Customer,36,Business Travel,Eco,399,1,3,1,4,5,1,5,5,1,1,5,1,5,2.92,0,1,FALSE
Female,Loyal Customer,68,Personal Travel,Eco,472,3,1,3,4,4,3,3,1,1,3,3,3,3,2.69,1,0,FALSE
Male,Loyal Customer,31,Business Travel,Business,2008,2,4,2,4,2,2,2,2,1,1,3,2,2,2.23,0,0,FALSE
Male,Loyal Customer,40,Business Travel,Business,134,3,3,3,3,5,5,5,5,5,5,5,3,3,4.08,0,0,TRUE
Male,Disloyal Customer,18,Business Travel,Eco,957,4,4,4,5,2,4,1,2,4,2,4,5,2,3.31,0,0,TRUE
Female,Loyal Customer,27,Business Travel,Eco Plus,2402,5,1,5,1,5,5,5,5,2,3,5,1,5,3.69,0,0,TRUE
Female,Loyal Customer,42,Business Travel,Business,1773,4,4,4,4,2,4,4,4,4,4,4,4,5,3.92,0,5,TRUE
Female,Loyal Customer,15,Personal Travel,Eco Plus,349,2,5,2,3,2,2,2,2,3,5,5,4,2,3,60,75,FALSE
Female,Loyal Customer,39,Business Travel,Business,1076,2,2,2,2,3,3,2,4,4,4,4,5,2,3,0,0,TRUE
Male,Loyal Customer,39,Personal Travel,Eco,125,4,3,4,3,5,4,5,5,4,5,1,3,5,3.92,0,0,FALSE
Male,Loyal Customer,34,Personal Travel,Eco,569,3,4,3,4,1,3,5,1,3,2,4,4,1,2.92,0,0,FALSE
Male,Loyal Customer,46,Business Travel,Business,3259,4,4,3,4,3,5,5,4,4,4,4,4,5,4.08,46,60,TRUE
Female,Loyal Customer,16,Personal Travel,Eco,125,4,3,4,4,1,4,1,1,3,2,4,2,1,2.62,55,54,FALSE
Male,Loyal Customer,42,Business Travel,Eco Plus,789,5,5,2,5,5,5,5,4,1,1,5,5,5,4.08,151,127,TRUE
Female,Loyal Customer,47,Business Travel,Business,2232,4,4,4,4,3,2,4,4,4,4,3,4,3,3.62,63,60,TRUE
Male,Loyal Customer,53,Business Travel,Business,812,2,2,2,2,4,5,4,4,4,4,4,3,4,3.38,0,0,TRUE
Female,Loyal Customer,62,Business Travel,Business,2648,5,5,5,5,3,4,3,5,5,5,5,3,4,4.38,0,0,TRUE
Male,Loyal Customer,38,Personal Travel,Eco,491,2,5,2,5,3,2,5,3,4,5,5,4,3,3.69,59,65,FALSE
Male,Loyal Customer,22,Personal Travel,Eco,1072,5,4,5,4,2,5,2,2,3,5,5,5,2,3.77,2,0,TRUE
Male,Loyal Customer,7,Personal Travel,Business,533,2,4,2,2,1,2,4,1,3,4,5,5,1,2.77,0,0,FALSE
Male,Loyal Customer,45,Business Travel,Business,2462,5,5,5,5,4,5,4,4,4,4,4,4,5,4.46,0,0,TRUE
Male,Loyal Customer,49,Business Travel,Business,2735,0,5,0,5,4,1,2,1,1,1,1,5,5,2.38,0,0,TRUE
Male,Disloyal Customer,25,Business Travel,Eco,395,2,2,2,3,4,2,4,4,4,3,4,3,4,3.15,45,64,FALSE
Male,Loyal Customer,38,Business Travel,Business,239,3,3,3,3,2,5,5,4,4,4,4,5,3,3.69,0,0,TRUE
Female,Loyal Customer,75,Business Travel,Business,3680,4,4,4,4,2,1,2,4,4,4,4,5,5,3.62,0,0,TRUE
Male,Loyal Customer,40,Business Travel,Business,1608,5,5,5,5,3,4,4,5,5,5,5,3,4,4.46,4,0,TRUE
Male,Disloyal Customer,30,Business Travel,Business,896,3,3,3,3,2,3,2,2,4,2,5,4,2,2.92,0,3,FALSE
Female,Disloyal Customer,22,Business Travel,Eco,762,5,5,5,2,2,5,2,2,4,2,4,3,2,3.31,0,26,TRUE
Male,Loyal Customer,51,Business Travel,Business,3839,3,3,3,3,5,5,4,2,2,2,2,5,4,3.31,0,0,TRUE
Female,Disloyal Customer,25,Business Travel,Business,931,4,5,4,3,1,4,1,1,4,3,4,3,1,2.92,14,15,FALSE
Male,Loyal Customer,61,Business Travel,Eco,213,5,4,4,4,5,5,5,5,1,4,4,2,5,4.08,0,0,TRUE
Male,Disloyal Customer,26,Business Travel,Business,2475,4,4,4,3,4,2,2,5,3,3,4,2,2,3.23,8,15,FALSE
Female,Loyal Customer,43,Business Travel,Business,767,2,2,2,2,5,4,5,4,4,4,4,4,5,3.62,0,0,TRUE
Female,Loyal Customer,14,Personal Travel,Eco,641,4,4,4,3,4,4,4,4,3,3,4,4,4,3.77,0,15,FALSE
Male,Loyal Customer,60,Business Travel,Eco,212,2,4,4,4,2,2,2,2,3,2,3,3,2,2.69,12,15,FALSE
Male,Loyal Customer,45,Business Travel,Eco,347,4,3,3,3,4,4,4,4,4,1,4,4,4,3.54,0,0,TRUE
Male,Loyal Customer,52,Personal Travel,Business,1222,3,2,3,3,2,3,3,4,4,3,4,1,2,2.85,0,0,FALSE
Male,Disloyal Customer,27,Business Travel,Eco,207,2,0,2,1,4,2,1,4,1,5,2,1,4,2.23,0,0,FALSE
Female,Loyal Customer,43,Business Travel,Business,164,1,3,3,3,2,2,1,4,4,3,1,4,2,2.54,0,0,FALSE
Male,Loyal Customer,47,Business Travel,Business,581,1,1,1,1,2,5,4,5,5,5,5,4,3,3.23,0,0,TRUE
Female,Loyal Customer,43,Personal Travel,Eco,833,2,4,2,1,5,4,4,3,3,2,3,4,5,3.23,0,0,FALSE
Female,Loyal Customer,25,Personal Travel,Eco,1947,3,5,3,3,3,3,3,3,3,5,3,3,3,3.31,6,10,FALSE
Male,Loyal Customer,54,Business Travel,Business,2806,2,2,2,2,3,5,4,4,4,4,4,5,3,3.38,0,0,TRUE
Male,Loyal Customer,58,Personal Travel,Eco,448,4,4,4,4,4,1,3,5,3,5,4,3,3,3.62,146,125,FALSE
Male,Disloyal Customer,16,Business Travel,Eco,362,1,1,1,3,3,1,3,3,1,1,4,2,3,2.08,21,16,FALSE
Male,Loyal Customer,47,Business Travel,Business,438,3,2,5,5,1,3,3,3,3,3,3,3,2,3,0,15,FALSE
Female,Loyal Customer,33,Personal Travel,Eco,2475,3,5,4,3,3,4,3,3,5,2,5,3,3,3.54,12,9,FALSE
Female,Disloyal Customer,23,Business Travel,Eco,372,2,3,2,4,2,2,1,2,3,4,3,3,2,2.54,0,11,FALSE
Female,Loyal Customer,54,Personal Travel,Eco,162,3,4,3,4,3,5,4,3,3,3,3,3,4,3.46,19,8,FALSE
Female,Loyal Customer,51,Business Travel,Business,192,0,5,0,4,5,2,3,5,5,3,3,4,2,3.15,60,54,TRUE
Male,Loyal Customer,59,Business Travel,Business,351,1,1,1,1,5,5,4,4,4,4,4,3,5,3.23,0,0,TRUE
Male,Loyal Customer,58,Business Travel,Eco,1504,2,2,2,2,2,2,2,2,1,1,4,1,2,1.92,27,42,FALSE
Male,Disloyal Customer,73,Business Travel,Business,222,2,2,2,4,1,2,1,1,3,3,4,2,1,2.15,0,0,FALSE
Female,Loyal Customer,65,Personal Travel,Eco,304,3,5,3,2,3,5,4,5,5,3,5,4,4,3.92,0,0,FALSE
Male,Loyal Customer,41,Business Travel,Business,442,5,5,5,5,5,4,4,5,5,5,5,3,5,4.69,0,0,TRUE
Female,Loyal Customer,63,Personal Travel,Eco,192,2,5,2,3,3,4,5,3,3,2,3,4,3,3.23,23,25,FALSE
Male,Loyal Customer,50,Business Travel,Business,192,3,4,4,4,4,4,4,2,2,2,3,2,1,3,0,0,FALSE
Male,Loyal Customer,59,Personal Travel,Eco,1299,1,4,1,1,4,1,4,4,3,4,4,3,4,2.92,0,4,FALSE
Female,Disloyal Customer,8,Business Travel,Eco,1024,4,4,4,3,5,4,3,5,4,1,3,4,5,3.77,0,0,FALSE
Male,Loyal Customer,37,Business Travel,Business,3022,1,1,5,1,5,4,4,3,3,4,3,4,3,3.15,0,2,TRUE
Male,Loyal Customer,42,Personal Travel,Eco,2422,3,4,3,1,3,4,4,4,4,5,4,4,4,3.62,0,0,FALSE
Male,Disloyal Customer,25,Business Travel,Business,282,4,1,4,3,4,4,4,4,2,1,4,3,4,3.23,0,0,FALSE
Female,Disloyal Customer,25,Business Travel,Eco,1235,2,2,2,3,2,2,2,2,3,1,5,5,2,2.54,3,1,FALSE
Female,Disloyal Customer,17,Business Travel,Eco,933,1,1,1,4,3,1,3,3,1,5,2,1,3,2.23,0,0,FALSE
Female,Loyal Customer,38,Business Travel,Eco Plus,1416,5,3,3,3,5,5,5,5,2,4,2,5,5,4,7,3,TRUE
Female,Loyal Customer,10,Personal Travel,Eco,1532,3,4,3,1,4,3,4,4,4,3,4,4,4,3.46,0,0,FALSE
Female,Loyal Customer,60,Business Travel,Business,814,2,2,4,2,5,5,4,5,5,5,5,3,3,3.85,4,0,TRUE
Female,Disloyal Customer,51,Business Travel,Business,484,1,1,1,1,4,1,4,4,4,4,4,5,4,2.92,0,0,FALSE
Male,Loyal Customer,52,Business Travel,Eco,345,4,4,4,4,4,4,4,4,5,3,4,1,4,3.77,51,48,TRUE
Male,Disloyal Customer,11,Business Travel,Eco,999,2,2,2,1,4,2,4,4,3,5,5,3,4,3.15,0,0,FALSE
Male,Loyal Customer,47,Business Travel,Business,3572,1,1,1,1,5,4,5,4,4,5,3,4,1,3,0,0,TRUE
Male,Disloyal Customer,22,Business Travel,Eco,201,2,4,2,4,5,2,5,5,4,5,4,5,5,4,45,45,FALSE
Female,Loyal Customer,64,Personal Travel,Eco,285,1,3,1,1,4,3,5,4,4,1,4,4,1,2.77,0,0,FALSE
Female,Loyal Customer,36,Personal Travel,Eco,1035,3,4,3,2,1,3,1,1,5,5,4,4,1,2.85,18,3,FALSE
Female,Loyal Customer,31,Business Travel,Business,2146,3,5,4,5,3,3,3,3,1,2,3,3,3,3.15,0,0,FALSE
Male,Loyal Customer,31,Business Travel,Eco,2599,0,0,0,5,3,0,3,3,5,1,5,2,3,2.31,0,0,TRUE
Male,Disloyal Customer,43,Business Travel,Eco,300,1,4,1,3,2,1,2,2,2,2,4,4,2,2.31,0,20,FALSE
Male,Loyal Customer,35,Business Travel,Eco,813,4,3,4,4,4,4,4,4,4,1,2,3,4,3.46,0,0,FALSE
Female,Loyal Customer,43,Business Travel,Business,247,2,2,2,2,4,5,4,4,4,4,4,4,4,3.46,58,67,TRUE
Male,Loyal Customer,48,Business Travel,Business,3666,4,4,4,4,4,5,4,5,5,5,5,3,3,4.23,7,2,TRUE
Female,Loyal Customer,29,Personal Travel,Eco,1050,5,5,5,4,4,5,4,4,4,5,4,3,4,4.31,2,0,TRUE
Male,Loyal Customer,47,Personal Travel,Eco Plus,201,2,2,2,3,1,2,1,1,1,1,4,3,1,1.85,0,0,FALSE
Female,Loyal Customer,50,Business Travel,Business,2041,5,5,5,5,4,4,5,5,5,5,5,5,3,4.69,0,0,TRUE
Female,Loyal Customer,8,Personal Travel,Eco,954,2,5,3,3,3,3,3,3,4,3,5,5,3,3.46,0,0,FALSE
Male,Loyal Customer,53,Business Travel,Business,2390,4,4,4,4,2,4,4,5,5,5,5,4,5,4.23,0,30,TRUE
Male,Loyal Customer,49,Personal Travel,Eco,147,1,4,0,2,5,0,5,5,5,1,3,2,5,2.92,14,2,FALSE
Male,Disloyal Customer,37,Business Travel,Business,507,4,4,4,4,5,4,5,5,5,2,4,5,5,4.31,0,0,TRUE
Female,Loyal Customer,25,Business Travel,Eco,925,4,4,4,4,4,4,1,4,3,4,3,3,4,3.54,0,0,FALSE
Male,Disloyal Customer,38,Business Travel,Eco Plus,83,1,2,2,4,5,2,5,5,1,4,5,5,5,3.54,5,11,FALSE
Male,Loyal Customer,67,Business Travel,Business,3803,3,5,5,5,4,2,2,3,3,3,3,3,2,3.31,92,91,FALSE
Female,Disloyal Customer,27,Business Travel,Eco,406,2,3,2,3,4,2,4,4,3,4,4,3,4,3.23,0,0,FALSE
Male,Disloyal Customer,38,Business Travel,Eco,441,3,4,3,3,3,3,3,3,3,3,3,3,3,3.08,100,104,FALSE
Male,Loyal Customer,57,Business Travel,Business,3216,5,1,5,5,4,5,4,4,4,4,4,3,4,4,2,4,TRUE
Female,Loyal Customer,32,Personal Travel,Eco,351,3,4,3,4,4,3,4,4,4,3,4,5,4,3.77,0,0,FALSE
Male,Loyal Customer,42,Business Travel,Business,550,4,5,5,5,5,4,4,4,4,4,4,3,2,4.08,18,10,FALSE
Female,Disloyal Customer,24,Business Travel,Business,1464,4,0,4,4,2,4,2,2,3,5,4,3,2,3,0,0,TRUE
Male,Loyal Customer,49,Business Travel,Business,842,5,5,5,5,2,4,5,4,4,4,4,4,4,4.23,56,64,TRUE
Female,Loyal Customer,31,Business Travel,Business,2589,5,5,5,5,3,3,3,3,5,3,4,5,3,4,0,28,TRUE
Female,Loyal Customer,18,Business Travel,Business,296,1,5,5,5,1,1,1,1,4,5,3,1,1,2.62,0,42,FALSE
Male,Loyal Customer,56,Business Travel,Business,2784,4,4,4,4,5,4,4,4,4,4,4,4,4,4.08,1,0,TRUE
Female,Loyal Customer,33,Business Travel,Business,453,4,4,4,4,2,4,4,4,4,4,4,4,3,3.77,0,0,TRUE
Male,Loyal Customer,18,Personal Travel,Eco,420,3,5,3,2,5,3,5,5,4,5,3,3,5,3.92,0,2,FALSE
Male,Loyal Customer,48,Personal Travel,Eco,240,4,2,4,3,2,4,4,2,1,3,2,3,2,2.77,0,0,FALSE
Female,Disloyal Customer,25,Business Travel,Eco,475,2,3,2,3,3,2,4,3,1,2,3,3,3,2.62,37,28,FALSE
Male,Disloyal Customer,25,Business Travel,Eco,136,2,0,3,1,3,3,3,3,3,3,4,2,3,2.54,0,7,FALSE
Male,Loyal Customer,57,Business Travel,Eco,297,2,5,5,5,3,2,3,3,2,5,4,1,3,3.31,0,0,FALSE
Female,Loyal Customer,61,Business Travel,Business,231,0,0,0,5,1,1,1,5,5,5,5,2,2,2.46,3,14,TRUE
Female,Loyal Customer,45,Business Travel,Business,2616,3,3,3,3,2,4,4,3,3,3,3,1,3,2.92,29,17,FALSE
Male,Loyal Customer,59,Business Travel,Business,2824,4,4,4,4,2,5,5,4,4,4,4,3,3,3.85,0,0,TRUE
Male,Loyal Customer,63,Personal Travel,Business,102,4,4,4,3,3,3,5,2,2,4,2,1,4,3.15,0,0,FALSE
Male,Loyal Customer,48,Business Travel,Business,689,3,5,2,5,2,3,3,3,3,3,3,4,2,3.15,53,35,FALSE
Female,Loyal Customer,53,Business Travel,Business,2853,3,3,5,3,5,4,5,5,5,5,5,4,3,4.23,0,0,TRUE
Female,Loyal Customer,23,Personal Travel,Eco,1144,3,5,3,3,5,3,5,5,2,4,4,4,5,3.92,0,15,FALSE
Female,Loyal Customer,36,Business Travel,Business,1625,2,1,1,1,2,2,3,2,2,1,2,1,4,1.85,0,0,FALSE
Male,Loyal Customer,35,Business Travel,Business,2254,3,3,3,3,1,3,4,3,3,3,3,2,4,2.92,0,0,FALSE
Male,Disloyal Customer,26,Business Travel,Business,469,0,0,0,3,1,0,1,1,3,2,4,5,1,1.62,0,0,TRUE
Male,Loyal Customer,57,Business Travel,Business,113,4,2,2,2,2,3,4,1,1,1,4,1,1,2.15,0,0,FALSE
Male,Disloyal Customer,26,Business Travel,Business,1205,4,4,4,2,1,4,1,1,4,4,5,4,1,3,0,0,TRUE
Female,Loyal Customer,48,Personal Travel,Eco,214,3,0,3,5,2,5,5,3,3,3,3,5,3,3.31,0,0,FALSE
Female,Loyal Customer,9,Personal Travel,Eco,280,2,4,2,2,2,2,2,2,4,3,5,5,2,2.85,0,0,FALSE
Female,Loyal Customer,53,Business Travel,Business,1770,0,0,0,1,4,5,5,2,2,2,2,5,4,2.46,3,0,TRUE
Male,Loyal Customer,29,Personal Travel,Eco,651,2,5,2,2,1,2,1,1,5,3,4,4,1,2.54,0,0,FALSE
Female,Disloyal Customer,17,Business Travel,Eco,802,4,4,4,5,4,4,4,4,4,5,5,4,4,4.23,0,0,TRUE
Female,Loyal Customer,43,Business Travel,Business,1389,1,1,1,1,4,4,4,5,5,5,5,4,4,3.38,0,0,TRUE
Female,Disloyal Customer,30,Business Travel,Eco,190,1,4,1,4,4,1,4,4,4,5,1,5,4,3.23,0,0,FALSE
Female,Loyal Customer,47,Business Travel,Eco,1237,4,5,5,5,2,2,2,4,4,4,4,1,1,3.31,0,0,TRUE
Male,Loyal Customer,33,Business Travel,Business,2654,1,1,1,1,5,5,5,5,4,1,2,1,5,2.85,0,0,TRUE
Male,Loyal Customer,35,Business Travel,Business,2422,5,5,5,5,2,5,4,5,5,5,5,5,5,4.69,29,23,TRUE
Female,Disloyal Customer,27,Business Travel,Business,1280,4,4,4,4,4,4,4,4,5,4,3,5,4,4.08,21,4,TRUE
Female,Loyal Customer,28,Business Travel,Business,1910,4,4,4,4,3,4,3,3,5,3,3,5,3,3.69,109,69,TRUE
Female,Loyal Customer,41,Personal Travel,Eco,1172,3,5,3,2,1,3,1,1,4,4,3,4,1,2.69,0,6,FALSE
Female,Loyal Customer,60,Business Travel,Business,2130,5,5,5,5,4,5,5,4,4,4,4,5,3,4.46,1,1,TRUE
Female,Loyal Customer,31,Personal Travel,Eco,725,5,4,5,1,2,5,2,2,4,3,3,5,2,3.31,0,0,TRUE
Male,Loyal Customer,44,Personal Travel,Business,1562,3,5,3,4,4,4,4,2,2,3,2,3,3,3.23,4,17,FALSE
Male,Loyal Customer,38,Business Travel,Business,3890,1,1,1,1,2,1,4,4,4,4,4,1,1,2.23,0,0,TRUE
Male,Loyal Customer,60,Business Travel,Business,2386,0,5,0,1,5,5,4,5,5,4,4,4,5,3.62,0,0,TRUE
Female,Loyal Customer,21,Business Travel,Eco,2475,3,4,4,4,3,3,1,3,2,1,2,1,3,2.62,0,0,FALSE
Male,Loyal Customer,43,Business Travel,Business,3331,1,3,1,1,3,5,4,4,4,4,4,4,3,3.15,7,22,TRUE
Male,Loyal Customer,61,Personal Travel,Eco,563,2,4,1,4,2,1,5,2,3,4,5,4,2,3,0,0,FALSE
Female,Loyal Customer,61,Personal Travel,Eco,1438,2,4,2,1,3,5,5,4,4,2,4,5,4,3.46,0,9,FALSE
Male,Disloyal Customer,15,Business Travel,Eco,782,3,3,3,2,3,3,4,3,2,4,2,2,3,2.85,0,0,FALSE
Female,Loyal Customer,43,Business Travel,Business,1635,5,5,5,5,2,4,5,5,5,5,5,5,3,4.54,5,0,TRUE
Male,Disloyal Customer,24,Business Travel,Eco,531,3,0,3,4,4,3,4,4,1,3,1,4,4,2.92,0,0,FALSE
Male,Loyal Customer,49,Business Travel,Business,1897,1,1,4,1,2,2,2,3,4,5,5,2,2,2.62,254,,TRUE
Female,Loyal Customer,62,Personal Travel,Eco,507,3,4,3,3,5,4,4,3,3,3,3,3,2,3.31,9,1,FALSE
Male,Loyal Customer,57,Personal Travel,Eco,867,2,0,2,4,3,2,3,3,3,4,4,3,3,2.77,78,91,FALSE
Female,Loyal Customer,55,Business Travel,Business,302,0,0,0,1,2,4,4,1,1,1,1,4,3,1.69,0,2,TRUE
Male,Loyal Customer,40,Business Travel,Business,2937,5,5,5,5,3,5,4,4,4,4,4,5,4,4.38,0,7,TRUE
Female,Loyal Customer,59,Business Travel,Business,1574,4,4,4,4,4,5,5,3,3,3,3,5,5,4,0,0,TRUE
Male,Loyal Customer,32,Business Travel,Eco,236,0,0,0,2,3,0,3,3,4,1,3,1,3,1.77,45,51,TRUE
Female,Loyal Customer,46,Personal Travel,Eco,2288,3,2,3,4,2,4,3,5,5,3,5,3,4,3.54,0,0,FALSE
Male,Loyal Customer,46,Business Travel,Business,956,4,4,4,4,2,4,3,3,3,4,3,2,1,3.15,0,0,TRUE
Male,Loyal Customer,33,Business Travel,Business,2466,3,3,3,3,4,4,4,3,2,4,5,4,4,3.54,163,158,TRUE
Female,Disloyal Customer,22,Business Travel,Eco,462,1,0,1,2,5,1,2,5,3,4,4,3,5,2.77,0,0,FALSE
Male,Loyal Customer,46,Personal Travel,Eco,373,3,4,3,3,4,3,4,4,5,4,1,3,4,3.46,0,0,FALSE
Male,Loyal Customer,38,Business Travel,Business,86,4,4,4,4,1,3,4,5,5,5,5,2,4,3.85,0,1,TRUE
Male,Disloyal Customer,21,Business Travel,Eco,204,4,1,4,2,5,4,5,5,1,2,4,2,5,3.38,0,0,TRUE
Male,Loyal Customer,51,Business Travel,Business,2357,3,3,3,3,2,2,2,4,2,4,4,2,2,2.77,139,135,TRUE
Female,Loyal Customer,52,Business Travel,Business,812,2,2,2,2,5,4,5,5,5,5,5,3,4,3.77,0,0,TRUE
Male,Loyal Customer,42,Personal Travel,Business,460,4,5,4,5,3,4,4,3,3,4,3,4,3,3.77,7,0,FALSE
Male,Loyal Customer,36,Business Travel,Business,2836,3,3,3,3,2,5,3,5,5,5,5,4,4,3.85,1,6,TRUE
Female,Loyal Customer,42,Business Travel,Business,651,1,5,5,5,3,3,3,1,1,1,1,1,1,2.38,0,0,FALSE
Male,Disloyal Customer,34,Business Travel,Business,2422,3,3,3,4,5,3,5,5,5,2,4,4,5,3.92,0,0,FALSE
Male,Disloyal Customer,43,Business Travel,Business,1067,5,5,5,2,3,5,3,3,4,2,5,5,3,3.85,0,0,TRUE
Female,Loyal Customer,51,Personal Travel,Eco,2125,3,5,3,4,3,1,1,3,3,3,4,2,2,2.85,0,0,FALSE
Female,Loyal Customer,15,Personal Travel,Eco,333,3,4,3,1,4,3,5,4,4,3,4,4,4,3.54,3,0,FALSE
Male,Loyal Customer,40,Business Travel,Business,2565,3,3,3,3,4,4,4,4,4,4,4,5,3,3.69,61,50,TRUE
Male,Loyal Customer,34,Personal Travel,Eco,522,3,4,3,3,3,3,4,3,5,3,5,4,3,3.54,0,12,FALSE
Male,Loyal Customer,70,Personal Travel,Eco,650,3,3,3,4,4,3,4,4,2,5,4,4,4,3.62,9,0,FALSE
Female,Loyal Customer,47,Business Travel,Business,333,0,0,0,2,2,4,4,2,2,2,2,5,4,2.23,0,0,TRUE
Male,Loyal Customer,37,Personal Travel,Eco,640,4,4,4,4,3,4,3,3,5,5,5,5,3,4,3,0,TRUE
Female,Disloyal Customer,26,Business Travel,Eco,1379,3,2,2,4,5,3,5,5,3,4,3,3,5,3.62,2,0,FALSE
Male,Loyal Customer,64,Personal Travel,Eco,507,3,5,3,1,3,1,1,5,4,4,5,1,1,2.85,153,144,FALSE
Female,Loyal Customer,43,Business Travel,Business,2997,4,4,4,4,4,4,4,4,4,4,4,5,4,4.08,0,18,TRUE
Female,Loyal Customer,22,Business Travel,Business,2498,4,4,4,4,5,5,5,5,4,2,4,3,5,4.15,0,0,TRUE
Female,Loyal Customer,35,Business Travel,Eco,927,4,3,3,3,4,4,4,4,3,1,5,1,4,3.31,0,10,TRUE
Male,Loyal Customer,34,Personal Travel,Eco,395,2,5,2,3,3,2,3,3,3,5,2,5,3,3.15,0,0,FALSE
Male,Loyal Customer,56,Business Travel,Business,1849,1,1,1,1,5,4,4,4,4,4,4,3,5,3.15,128,123,TRUE
Male,Loyal Customer,35,Business Travel,Business,3715,3,3,4,3,3,3,3,3,4,4,3,3,3,3.23,163,164,FALSE
Male,Loyal Customer,57,Business Travel,Eco Plus,429,4,2,2,2,4,4,4,4,4,4,2,3,4,3.31,2,0,TRUE
Male,Loyal Customer,53,Business Travel,Eco,1189,4,2,2,2,4,4,4,4,1,2,3,3,4,3,0,13,FALSE
Female,Loyal Customer,78,Business Travel,Eco,192,1,4,2,2,1,3,2,1,1,1,1,1,2,1.69,0,0,FALSE
Female,Loyal Customer,28,Personal Travel,Eco Plus,2845,4,1,4,4,1,4,1,1,4,5,3,4,1,2.85,0,0,FALSE
Male,Loyal Customer,58,Business Travel,Eco,455,5,3,3,3,3,5,3,3,5,5,5,4,3,3.85,0,0,TRUE
Female,Loyal Customer,43,Business Travel,Business,3647,4,4,2,2,2,3,4,4,4,4,4,3,2,3.23,4,17,FALSE
Male,Loyal Customer,35,Business Travel,Eco,1179,4,5,5,5,4,4,4,4,2,4,5,5,4,4.23,9,0,TRUE
Female,Loyal Customer,68,Personal Travel,Eco,657,2,2,2,2,3,2,2,3,3,2,3,2,4,2.46,0,0,FALSE
Male,Loyal Customer,32,Business Travel,Business,143,2,4,2,2,5,5,4,5,3,5,4,4,5,3.85,0,0,TRUE
Female,Loyal Customer,35,Business Travel,Business,3272,3,3,1,3,4,3,3,3,3,3,3,3,3,2.92,0,0,FALSE
Male,Loyal Customer,19,Personal Travel,Eco,774,5,2,5,3,1,5,1,1,3,3,3,2,1,2.69,0,0,TRUE
Female,Disloyal Customer,39,Business Travel,Business,213,4,4,4,1,4,4,4,4,3,2,4,4,4,3.54,4,17,TRUE
Male,Loyal Customer,40,Business Travel,Business,3801,2,4,4,4,2,4,4,2,2,2,2,4,4,3.08,61,82,FALSE
Male,Loyal Customer,35,Business Travel,Business,368,1,1,1,1,4,5,5,4,4,4,4,5,3,3.23,3,0,TRUE
Male,Loyal Customer,29,Business Travel,Business,541,2,1,2,2,2,2,2,2,5,3,4,5,2,2.62,0,0,TRUE
Male,Loyal Customer,58,Business Travel,Business,3423,1,1,1,1,4,4,4,5,5,5,5,4,5,3.46,0,0,TRUE
Female,Loyal Customer,54,Personal Travel,Eco,1053,2,5,2,2,4,5,5,3,3,2,3,4,4,3.38,0,0,FALSE
Male,Loyal Customer,60,Business Travel,Eco,594,2,4,4,4,2,2,2,2,4,4,3,1,2,2.77,36,36,FALSE
Male,Loyal Customer,26,Personal Travel,Eco,148,1,2,1,4,5,1,1,5,4,2,4,3,5,2.92,16,0,FALSE
Male,Loyal Customer,40,Business Travel,Business,237,2,1,2,2,5,5,4,4,4,4,4,5,3,3.46,0,0,TRUE
Male,Disloyal Customer,40,Business Travel,Eco,712,1,1,1,3,3,1,3,3,2,3,3,3,3,2.31,0,0,FALSE
Male,Loyal Customer,56,Business Travel,Business,1851,1,1,5,1,3,5,4,5,5,5,5,5,3,3.69,0,0,TRUE
Male,Loyal Customer,25,Personal Travel,Business,1075,3,5,2,3,5,2,5,5,4,5,4,5,5,4.08,0,3,FALSE
Female,Loyal Customer,60,Personal Travel,Eco Plus,196,2,4,2,2,4,4,5,3,3,2,3,3,4,3.15,39,33,FALSE
Male,Loyal Customer,38,Business Travel,Business,1185,4,4,4,4,2,3,4,5,5,5,5,1,2,3.69,21,36,TRUE
Male,Loyal Customer,27,Business Travel,Business,1136,3,2,3,3,5,5,5,5,3,4,4,5,5,4,0,0,TRUE
Female,Loyal Customer,36,Business Travel,Business,862,4,4,4,4,5,5,3,4,4,5,4,1,4,3.92,0,0,TRUE
Male,Disloyal Customer,9,Business Travel,Eco,1375,2,2,2,3,1,2,1,1,2,2,2,1,1,1.69,0,19,FALSE
Male,Loyal Customer,48,Business Travel,Business,2880,4,4,5,4,2,5,5,5,5,5,5,5,3,4.38,0,0,TRUE
Female,Loyal Customer,68,Personal Travel,Eco,397,3,5,2,3,3,4,4,3,3,2,3,4,3,3.23,0,0,FALSE
Female,Loyal Customer,20,Business Travel,Business,212,5,5,5,5,5,5,3,5,4,4,4,1,5,4.31,72,64,TRUE
Male,Loyal Customer,53,Business Travel,Eco,563,2,4,4,4,2,2,2,2,5,4,4,5,2,3.23,0,0,TRUE
Male,Disloyal Customer,28,Business Travel,Business,1177,0,0,0,2,4,0,4,4,3,2,4,3,4,2.31,35,16,TRUE
Female,Loyal Customer,57,Business Travel,Eco,727,2,3,3,3,3,3,3,2,2,2,2,1,2,2.38,3,0,FALSE
Male,Loyal Customer,70,Business Travel,Eco Plus,907,3,2,2,2,3,3,3,3,2,1,3,1,3,2.38,0,0,FALSE
Male,Loyal Customer,50,Business Travel,Business,2034,4,4,4,4,2,5,4,4,4,4,4,4,3,3.85,0,0,TRUE
Male,Loyal Customer,57,Business Travel,Business,3653,4,4,5,4,4,5,5,2,2,2,2,4,3,3.54,124,116,TRUE
Male,Loyal Customer,70,Personal Travel,Eco,611,4,3,5,3,2,5,1,2,1,1,4,5,2,2.92,3,3,FALSE
Female,Disloyal Customer,16,Business Travel,Eco,874,2,2,2,3,1,2,3,1,3,4,4,2,1,2.31,13,0,FALSE
Female,Loyal Customer,44,Business Travel,Business,3790,5,5,5,5,5,5,5,3,3,3,3,4,5,4.31,0,0,TRUE
Male,Loyal Customer,8,Business Travel,Business,2660,3,2,2,2,3,3,3,3,1,3,4,3,3,2.69,1,3,FALSE
Female,Disloyal Customer,20,Business Travel,Eco,483,0,0,1,1,5,1,5,5,3,4,4,4,5,2.92,12,17,TRUE
Female,Loyal Customer,29,Personal Travel,Eco,404,1,3,1,2,2,1,2,2,1,4,3,4,2,2.15,0,0,FALSE
Male,Loyal Customer,47,Business Travel,Business,140,2,4,4,4,3,2,3,3,3,4,2,2,4,3.08,0,9,FALSE
Female,Disloyal Customer,18,Business Travel,Business,667,5,5,5,1,1,5,1,1,4,4,5,4,1,3.23,10,6,TRUE
Male,Loyal Customer,57,Personal Travel,Eco Plus,413,1,4,1,3,3,1,3,3,3,4,4,3,3,2.77,0,0,FALSE
Male,Loyal Customer,51,Business Travel,Business,599,3,2,2,2,2,3,3,3,3,3,3,4,3,2.77,35,30,FALSE
Male,Loyal Customer,48,Personal Travel,Eco,782,4,5,4,3,5,4,5,5,4,5,5,4,5,4.46,0,0,TRUE
Male,Loyal Customer,38,Personal Travel,Eco,1068,2,5,1,1,2,1,2,2,5,2,5,3,2,2.54,1,0,FALSE
Female,Disloyal Customer,27,Business Travel,Business,1276,0,0,0,3,2,0,3,2,3,4,4,5,2,2.15,1,0,TRUE
Female,Loyal Customer,28,Business Travel,Business,2218,3,3,3,3,4,4,4,4,3,5,4,5,4,3.77,0,0,TRUE
Female,Disloyal Customer,23,Business Travel,Eco,426,2,0,3,1,4,3,4,4,5,4,4,3,4,3.15,14,8,FALSE
Female,Loyal Customer,31,Business Travel,Business,3709,5,5,5,5,2,2,2,2,4,4,4,4,2,3.54,16,19,TRUE
Female,Loyal Customer,53,Personal Travel,Eco,224,3,4,3,5,1,2,4,2,2,3,1,2,3,2.69,0,11,FALSE
Female,Disloyal Customer,35,Business Travel,Business,1005,2,2,2,3,2,2,2,2,2,1,4,3,2,2.23,35,14,FALSE
Male,Loyal Customer,40,Personal Travel,Eco Plus,200,5,2,0,4,1,0,1,1,4,5,3,3,1,2.31,0,0,TRUE
Male,Disloyal Customer,11,Business Travel,Eco,689,4,4,4,4,2,4,2,2,4,2,3,4,2,3.15,0,7,FALSE
Male,Loyal Customer,60,Personal Travel,Eco,1107,3,0,3,4,5,3,5,5,4,5,5,5,5,4,0,0,FALSE
Female,Loyal Customer,24,Personal Travel,Business,1262,2,4,2,5,2,2,3,2,3,5,3,5,2,3.08,10,0,FALSE
Female,Loyal Customer,43,Personal Travel,Eco,780,1,5,1,5,5,4,4,1,1,1,1,3,4,2.77,15,5,FALSE
Male,Loyal Customer,40,Business Travel,Business,1678,1,1,1,1,4,3,4,4,4,4,4,5,5,3.15,0,0,TRUE
Female,Disloyal Customer,37,Business Travel,Business,491,5,4,4,4,3,4,3,3,5,4,4,5,3,3.92,17,25,TRUE
Female,Loyal Customer,30,Personal Travel,Eco,1986,2,2,2,3,2,2,2,2,4,1,2,2,2,2.15,2,0,FALSE
Male,Loyal Customer,46,Business Travel,Business,1650,3,5,5,5,3,4,3,3,3,3,3,4,3,3.62,21,9,FALSE
Male,Loyal Customer,27,Personal Travel,Eco,337,1,4,1,4,1,1,1,1,4,5,4,3,1,2.38,7,6,FALSE
Female,Loyal Customer,31,Personal Travel,Eco,628,2,4,2,4,4,2,4,4,4,3,5,3,4,3.46,8,16,FALSE
Female,Loyal Customer,35,Business Travel,Business,3503,4,4,4,4,2,4,5,5,5,5,5,4,4,4.23,0,2,TRUE
Male,Loyal Customer,49,Personal Travel,Eco,236,5,1,0,2,1,0,1,1,1,3,2,3,1,1.62,2,0,TRUE
Female,Loyal Customer,27,Personal Travel,Eco,295,1,4,1,5,3,1,3,3,4,5,5,3,3,3.15,1,0,FALSE
Female,Loyal Customer,38,Personal Travel,Eco,558,2,5,2,1,3,2,3,3,5,2,5,5,3,3.15,0,0,FALSE
Male,Loyal Customer,57,Personal Travel,Eco,1005,1,4,1,2,5,1,5,5,5,5,5,3,5,3.62,4,0,FALSE
Male,Loyal Customer,30,Personal Travel,Eco,354,4,3,4,2,5,4,5,5,4,4,2,3,5,3.85,0,1,FALSE
Male,Loyal Customer,50,Business Travel,Business,235,0,0,0,1,5,5,5,2,2,2,2,4,5,2.54,8,13,TRUE
Female,Loyal Customer,60,Business Travel,Eco,351,5,5,5,5,4,5,4,5,5,5,5,5,5,4.85,0,0,TRUE
Female,Loyal Customer,54,Business Travel,Business,2414,4,4,4,4,4,5,4,5,5,5,5,5,3,4.38,0,0,TRUE
Male,Loyal Customer,45,Business Travel,Business,2610,4,4,4,4,4,4,4,1,1,2,1,4,4,3.15,0,0,TRUE
Female,Loyal Customer,25,Business Travel,Business,3056,3,5,5,5,3,3,3,3,3,4,3,2,3,3.46,15,47,FALSE
Male,Loyal Customer,53,Business Travel,Business,2475,1,1,1,1,4,3,4,3,3,4,3,5,3,2.77,4,0,TRUE
Female,Loyal Customer,51,Business Travel,Business,2548,5,5,5,5,2,4,4,4,4,4,4,5,5,4.31,62,43,TRUE
Female,Loyal Customer,59,Business Travel,Business,3994,0,4,0,5,2,2,3,5,4,5,5,3,3,3.15,146,142,TRUE
Female,Loyal Customer,35,Business Travel,Business,1670,1,1,1,1,5,5,5,5,5,5,5,3,3,3.46,0,0,TRUE
Male,Loyal Customer,53,Business Travel,Business,1624,5,5,5,5,4,4,5,5,5,5,5,5,3,4.69,55,45,TRUE
Male,Disloyal Customer,25,Business Travel,Eco,1319,5,5,5,2,5,5,5,5,3,4,2,5,5,4.31,3,0,TRUE
Male,Loyal Customer,34,Business Travel,Eco,363,5,1,1,1,5,5,5,5,1,3,1,3,5,3.15,64,90,TRUE
Female,Loyal Customer,46,Business Travel,Business,2016,4,1,1,1,3,4,4,4,4,4,4,3,2,3,0,0,FALSE
Male,Loyal Customer,12,Personal Travel,Eco,2475,3,4,3,1,3,5,4,3,3,4,4,4,4,3.46,15,61,FALSE
Female,Loyal Customer,28,Business Travel,Business,3308,2,2,2,2,4,4,4,4,4,3,5,5,4,3.46,0,0,TRUE
Female,Loyal Customer,57,Personal Travel,Eco,406,3,2,3,4,4,4,4,5,5,3,5,1,4,3.62,10,0,FALSE
Male,Disloyal Customer,39,Business Travel,Business,402,1,1,1,3,3,1,3,3,5,3,4,4,3,2.69,0,0,FALSE
Male,Disloyal Customer,37,Business Travel,Business,602,2,2,2,3,1,2,1,1,3,2,5,3,1,2.15,51,42,FALSE
Female,Loyal Customer,38,Business Travel,Eco Plus,266,4,5,5,5,4,4,4,4,3,4,5,4,4,4.23,0,9,TRUE
Male,Loyal Customer,42,Business Travel,Business,1276,5,5,5,5,2,5,5,3,3,3,3,3,4,3.92,0,0,TRUE
Female,Loyal Customer,21,Business Travel,Business,867,4,5,2,5,4,3,4,4,4,3,2,1,4,3.46,0,3,FALSE
Male,Loyal Customer,36,Business Travel,Business,3615,4,4,2,4,3,5,5,4,4,4,4,4,5,4,0,0,TRUE
Male,Loyal Customer,41,Business Travel,Eco Plus,305,5,4,4,4,5,5,5,5,2,5,4,3,5,4.31,2,0,TRUE
Male,Loyal Customer,31,Business Travel,Business,1105,4,4,4,4,4,4,4,4,3,3,5,4,4,3.92,0,0,TRUE
Male,Loyal Customer,57,Personal Travel,Eco,212,3,0,3,5,2,3,2,2,5,3,4,4,2,2.92,0,1,FALSE
Female,Loyal Customer,43,Business Travel,Eco,135,3,5,5,5,4,4,4,3,3,3,3,3,1,3.54,42,55,FALSE
Male,Loyal Customer,54,Business Travel,Business,599,4,4,4,4,2,4,5,5,5,5,5,5,3,4.23,0,0,TRUE
Male,Loyal Customer,46,Business Travel,Eco,413,5,4,4,4,5,5,5,5,1,5,3,4,5,4.23,0,0,TRUE
Female,Loyal Customer,47,Business Travel,Business,3880,5,5,5,5,3,4,5,5,5,4,5,5,4,4.62,9,0,TRUE
Male,Loyal Customer,60,Business Travel,Eco Plus,861,3,4,4,4,3,3,3,3,1,3,4,3,3,3.15,225,207,FALSE
Male,Loyal Customer,25,Personal Travel,Eco,948,1,4,1,3,5,1,5,5,3,3,3,2,5,3.15,0,0,FALSE
Male,Loyal Customer,60,Business Travel,Business,397,2,2,2,2,2,5,5,3,3,3,3,3,4,3,20,22,TRUE
Female,Loyal Customer,39,Business Travel,Business,2058,1,1,1,1,3,5,3,4,4,4,4,4,1,2.77,0,0,TRUE
Female,Loyal Customer,35,Business Travel,Eco Plus,566,1,3,3,3,1,1,1,1,4,2,3,1,1,1.92,90,78,FALSE
Male,Disloyal Customer,35,Business Travel,Business,409,2,2,2,5,4,2,4,4,4,3,4,5,4,3.46,0,0,FALSE
Female,Loyal Customer,31,Business Travel,Business,3927,1,1,1,1,5,5,5,5,2,2,2,4,5,3,0,0,TRUE
Male,Loyal Customer,40,Personal Travel,Eco,860,1,4,1,1,2,1,2,2,4,3,4,4,2,2.38,1,0,FALSE
Male,Disloyal Customer,12,Business Travel,Business,611,5,5,5,1,5,5,5,4,5,5,5,5,5,4.62,223,243,TRUE
Female,Loyal Customer,60,Business Travel,Business,907,2,3,3,3,4,3,3,2,2,1,2,1,4,2.54,9,13,FALSE
Male,Loyal Customer,45,Business Travel,Eco,432,3,3,3,3,3,3,3,3,1,1,3,3,3,2.69,0,0,TRUE
Male,Loyal Customer,54,Business Travel,Business,2409,1,1,1,1,2,5,5,5,5,5,5,5,5,3.54,0,0,TRUE
Male,Loyal Customer,16,Personal Travel,Eco,696,3,4,3,1,1,3,1,1,3,5,5,3,1,2.62,0,11,FALSE
Female,Loyal Customer,34,Personal Travel,Eco,164,2,5,2,3,1,2,1,1,3,4,4,5,1,2.62,0,0,FALSE
Female,Loyal Customer,47,Personal Travel,Eco,657,4,2,4,3,5,3,4,2,2,4,2,4,1,3.08,10,0,FALSE
Male,Loyal Customer,67,Personal Travel,Eco Plus,134,2,5,2,2,1,2,1,1,4,5,2,3,1,2.38,0,0,FALSE
Female,Loyal Customer,43,Business Travel,Business,3815,2,2,2,2,3,5,5,4,4,4,4,4,4,3.46,0,0,TRUE
Female,Loyal Customer,55,Business Travel,Business,3071,1,4,4,4,2,3,3,2,2,2,1,3,2,2.54,0,4,FALSE
Female,Loyal Customer,43,Business Travel,Eco,436,5,4,4,4,2,4,2,5,5,5,5,3,5,4.08,0,0,TRUE
Female,Loyal Customer,52,Business Travel,Business,2922,1,1,1,1,4,5,4,4,4,4,4,4,4,3.15,63,58,TRUE
Female,Loyal Customer,35,Personal Travel,Eco Plus,1325,2,5,2,1,1,2,1,1,3,5,4,4,1,2.46,0,0,FALSE
Male,Disloyal Customer,29,Business Travel,Eco,577,3,3,3,3,1,3,1,1,4,4,3,1,1,2.38,0,0,FALSE
Female,Loyal Customer,17,Personal Travel,Eco,1050,2,4,2,3,2,2,2,2,1,4,5,1,2,2.46,2,50,FALSE
Male,Loyal Customer,35,Business Travel,Eco,808,5,3,3,3,5,5,5,5,2,2,4,5,5,4,0,0,TRUE
Female,Loyal Customer,40,Business Travel,Business,3215,5,4,5,5,2,4,5,4,4,4,4,3,5,4.15,21,18,TRUE
Female,Loyal Customer,62,Business Travel,Eco,472,5,5,5,5,2,1,4,5,5,5,5,1,4,4,48,29,TRUE
Female,Disloyal Customer,47,Business Travel,Eco,139,4,4,4,2,4,4,4,4,4,2,4,3,4,3.62,0,0,TRUE
Female,Loyal Customer,22,Personal Travel,Eco,573,2,5,2,3,4,2,4,4,4,3,5,5,4,3.62,0,7,FALSE
Female,Loyal Customer,37,Personal Travel,Eco,280,2,4,2,3,3,2,3,3,4,1,4,3,3,2.85,0,0,FALSE
Male,Loyal Customer,70,Personal Travel,Eco,602,1,5,1,1,2,1,2,2,5,2,4,4,2,2.46,82,68,FALSE
Female,Loyal Customer,31,Business Travel,Eco,1208,4,3,3,3,4,4,4,4,1,3,1,5,4,3.31,16,21,TRUE
Male,Loyal Customer,55,Business Travel,Business,2254,4,4,5,4,3,5,4,4,4,4,4,4,3,4,22,8,TRUE
Female,Loyal Customer,59,Business Travel,Business,3771,3,3,3,3,5,4,5,5,5,5,5,4,5,4.23,6,0,TRUE
Female,Disloyal Customer,21,Business Travel,Eco,937,2,2,2,3,3,2,1,3,4,5,4,4,3,2.92,0,0,FALSE
Male,Loyal Customer,29,Business Travel,Business,1482,2,2,2,2,5,5,5,5,4,3,4,5,5,3.77,120,116,TRUE
Male,Loyal Customer,58,Business Travel,Eco Plus,251,4,5,5,5,5,4,5,5,2,2,4,1,5,4,59,56,FALSE
Male,Loyal Customer,32,Personal Travel,Business,701,1,4,1,2,2,1,2,2,1,1,2,4,2,1.92,0,0,FALSE
Male,Disloyal Customer,22,Business Travel,Eco,421,4,0,4,4,2,4,2,2,2,4,3,1,2,2.62,81,79,FALSE
Male,Loyal Customer,36,Business Travel,Eco Plus,387,4,2,2,2,4,4,4,4,5,4,3,4,4,3.54,0,0,TRUE
Male,Loyal Customer,54,Business Travel,Business,1711,3,3,3,3,5,5,4,5,5,5,5,4,5,4.23,0,0,TRUE
Female,Disloyal Customer,36,Business Travel,Business,331,2,2,2,1,3,2,3,3,5,3,4,3,3,2.77,0,0,FALSE
Female,Loyal Customer,33,Business Travel,Business,1744,1,2,2,2,2,3,4,1,1,1,1,2,3,1.92,0,0,FALSE
Female,Loyal Customer,45,Personal Travel,Business,280,3,0,3,3,3,4,4,5,5,3,5,5,5,3.69,0,0,FALSE
Male,Loyal Customer,42,Business Travel,Business,3358,3,3,1,3,2,5,4,5,5,5,5,4,4,3.77,23,36,TRUE
Male,Loyal Customer,51,Business Travel,Business,2692,5,5,5,5,2,5,4,3,3,3,3,3,3,3.77,28,22,TRUE
Male,Loyal Customer,32,Business Travel,Eco,1721,5,4,4,4,5,5,5,5,5,2,2,3,5,4.15,0,0,TRUE
Male,Loyal Customer,7,Personal Travel,Eco,802,1,4,1,4,5,1,5,5,2,4,3,1,5,3.15,0,0,FALSE
Female,Loyal Customer,75,Business Travel,Business,308,0,0,0,4,5,4,5,3,3,3,5,5,3,3.08,0,0,TRUE
Male,Disloyal Customer,12,Business Travel,Eco,577,3,4,3,3,2,3,2,2,4,4,4,2,2,2.92,18,7,FALSE
Female,Loyal Customer,39,Business Travel,Business,2142,2,2,2,2,5,5,4,5,5,5,5,3,3,3.69,83,78,TRUE
Male,Loyal Customer,39,Business Travel,Eco,144,4,2,2,2,4,4,4,4,2,1,2,3,4,2.92,0,0,TRUE
Female,Loyal Customer,46,Business Travel,Business,391,1,1,1,1,4,5,4,4,4,4,4,3,4,3.08,0,0,TRUE
Male,Loyal Customer,55,Business Travel,Business,3769,5,5,5,5,3,4,5,4,4,4,5,5,4,4.46,15,14,TRUE
Male,Loyal Customer,28,Personal Travel,Eco Plus,2218,4,2,4,4,1,4,1,1,3,3,4,2,1,2.62,0,0,FALSE
Female,Loyal Customer,28,Business Travel,Business,1910,1,1,1,1,4,4,4,4,1,1,3,4,4,2.54,30,28,TRUE
Male,Loyal Customer,30,Business Travel,Business,1770,4,4,4,4,2,2,2,2,2,2,4,3,2,2.85,0,0,TRUE
Male,Loyal Customer,48,Personal Travel,Eco,331,3,4,3,1,1,3,1,1,5,5,1,4,1,2.54,0,0,FALSE
Male,Disloyal Customer,20,Business Travel,Eco,853,1,1,1,4,5,1,5,5,3,5,3,4,5,3.31,8,4,FALSE
Female,Loyal Customer,26,Business Travel,Business,2255,2,2,3,2,2,2,2,2,4,5,1,4,2,2.54,0,33,FALSE
Female,Loyal Customer,57,Personal Travel,Eco Plus,1547,1,4,1,1,4,4,5,2,2,1,2,5,5,2.85,3,2,FALSE
Female,Loyal Customer,70,Personal Travel,Business,654,4,2,5,4,2,3,3,1,1,5,1,3,3,2.85,0,0,FALSE
Male,Loyal Customer,47,Business Travel,Business,2422,1,2,2,2,1,1,1,4,5,3,3,1,1,2.08,86,104,FALSE
Male,Disloyal Customer,21,Business Travel,Business,1065,3,4,3,4,5,3,5,5,4,1,4,1,5,3.62,0,0,FALSE
Female,Loyal Customer,44,Business Travel,Eco,2475,4,3,3,3,2,4,3,4,4,4,4,2,2,3.23,13,0,FALSE
Female,Disloyal Customer,43,Business Travel,Eco,134,3,1,3,4,1,3,1,1,4,4,3,4,1,2.54,7,18,FALSE
Female,Loyal Customer,39,Business Travel,Business,3361,5,5,5,5,1,5,2,3,3,3,3,4,5,3.77,0,25,TRUE
Male,Loyal Customer,66,Personal Travel,Eco Plus,951,3,2,3,3,4,3,4,4,3,4,3,4,4,3.38,0,0,FALSE
Female,Loyal Customer,64,Personal Travel,Eco,448,3,4,3,3,5,5,5,5,5,3,5,4,4,4.15,0,11,FALSE
Female,Loyal Customer,44,Personal Travel,Eco,1444,3,3,3,4,4,1,2,3,3,3,3,5,5,3.23,15,24,FALSE
Female,Disloyal Customer,34,Business Travel,Business,2075,2,2,2,4,2,2,2,2,3,3,5,4,2,2.69,0,7,FALSE
Male,Loyal Customer,59,Personal Travel,Eco,577,4,2,4,2,3,4,3,3,3,1,2,3,3,2.85,0,0,FALSE
Female,Loyal Customer,58,Business Travel,Business,2846,3,3,3,3,5,5,5,4,3,3,4,5,5,3.92,0,0,TRUE
Male,Loyal Customer,40,Business Travel,Business,3106,4,4,4,4,4,5,4,4,4,4,4,5,3,4.08,0,0,TRUE
Female,Loyal Customer,7,Personal Travel,Eco,675,2,5,2,2,5,2,5,5,5,5,5,3,5,3.92,0,10,FALSE
Male,Disloyal Customer,40,Business Travel,Eco,2586,3,3,3,3,1,3,1,1,4,1,4,1,1,2.23,1,0,FALSE
Female,Disloyal Customer,31,Business Travel,Eco Plus,925,1,1,1,3,2,1,2,2,4,2,2,2,2,1.92,46,23,FALSE
Female,Loyal Customer,32,Business Travel,Eco Plus,1426,5,2,3,3,5,5,5,5,2,3,5,1,5,3.77,25,60,TRUE
Female,Loyal Customer,24,Business Travel,Business,1452,5,5,1,5,3,3,3,3,4,4,3,1,3,3.31,0,0,TRUE
Female,Loyal Customer,51,Personal Travel,Eco,1337,2,5,2,1,5,4,5,2,2,2,2,4,3,3,10,0,FALSE
Female,Loyal Customer,45,Business Travel,Business,758,4,4,4,4,4,5,5,5,5,5,5,3,4,4.38,0,3,TRUE
Female,Loyal Customer,37,Business Travel,Business,199,1,5,5,5,1,1,1,3,1,3,4,1,1,2.46,63,137,FALSE
Male,Disloyal Customer,15,Business Travel,Eco,631,2,5,1,2,2,1,2,2,4,2,4,4,2,2.54,4,0,FALSE
Male,Loyal Customer,40,Business Travel,Business,3275,3,3,3,3,4,4,4,4,4,4,4,3,4,3.62,50,64,TRUE
Female,Loyal Customer,27,Personal Travel,Eco,603,1,5,1,2,3,1,3,3,4,3,5,5,3,3,0,0,FALSE
Female,Loyal Customer,38,Business Travel,Business,3357,1,1,1,1,1,1,4,5,5,5,5,5,4,3,0,0,TRUE
Female,Loyal Customer,68,Personal Travel,Eco,926,1,4,1,4,1,4,3,3,3,1,3,2,1,2.38,26,31,FALSE
Male,Loyal Customer,53,Personal Travel,Eco,528,1,5,1,2,3,1,3,3,3,2,5,3,3,2.69,0,3,FALSE
Male,Loyal Customer,44,Business Travel,Eco,833,2,1,1,1,2,2,2,2,2,5,2,4,2,2.15,0,12,TRUE
Female,Loyal Customer,40,Business Travel,Business,2454,5,5,5,5,4,4,4,5,4,5,4,4,4,4.46,0,0,TRUE
Male,Loyal Customer,50,Business Travel,Business,584,1,1,1,1,2,3,3,1,1,1,1,1,2,1.46,0,0,FALSE
Male,Disloyal Customer,37,Business Travel,Eco,680,4,3,3,3,5,3,5,5,2,1,3,1,5,3.31,0,0,FALSE
Male,Loyal Customer,64,Personal Travel,Eco,446,4,5,4,4,1,4,2,1,3,3,5,3,1,3.08,32,29,FALSE
Male,Loyal Customer,57,Personal Travel,Eco,2475,3,4,3,1,1,3,1,1,5,4,4,5,1,2.77,0,0,FALSE
Male,Loyal Customer,16,Business Travel,Business,419,5,5,5,5,5,5,5,5,5,3,4,3,5,4.62,0,0,TRUE
Male,Loyal Customer,52,Business Travel,Business,2657,1,1,5,1,4,4,4,5,5,5,5,5,5,3.85,0,0,TRUE
Male,Loyal Customer,59,Personal Travel,Eco,645,2,2,2,3,1,2,1,1,2,3,2,2,1,1.85,0,0,FALSE
Female,Loyal Customer,51,Personal Travel,Eco,888,4,4,5,4,1,3,3,3,3,5,3,2,3,3.31,0,7,FALSE
Female,Loyal Customer,49,Personal Travel,Eco Plus,657,1,5,1,3,2,4,4,2,2,1,2,3,2,2.46,0,0,FALSE
Female,Disloyal Customer,39,Business Travel,Eco,251,3,1,3,3,2,3,2,2,1,3,3,4,2,2.46,108,97,FALSE
Female,Loyal Customer,51,Business Travel,Business,1426,4,4,4,4,3,4,5,3,3,3,3,4,5,3.77,0,9,TRUE
Female,Disloyal Customer,30,Business Travel,Business,590,1,1,1,3,2,1,4,2,3,2,4,4,2,2.31,4,0,FALSE
Male,Loyal Customer,63,Business Travel,Eco,1501,2,5,5,5,2,2,2,2,1,5,2,2,2,2.85,0,0,FALSE
Female,Loyal Customer,9,Personal Travel,Eco,696,1,4,1,2,2,1,2,2,5,5,4,5,2,2.77,11,23,FALSE
Female,Loyal Customer,51,Business Travel,Business,1068,5,5,5,5,5,5,5,3,3,3,3,5,3,4.23,19,37,TRUE
Male,Loyal Customer,57,Personal Travel,Eco,657,3,4,3,4,2,3,2,2,3,4,2,5,2,3,24,25,FALSE
Male,Loyal Customer,43,Business Travel,Eco Plus,296,4,4,4,4,4,4,4,4,5,3,2,2,4,3.69,1,0,TRUE
Male,Loyal Customer,26,Business Travel,Business,1009,3,1,1,1,3,3,3,3,1,1,4,3,3,2.31,0,0,FALSE
Male,Loyal Customer,36,Business Travel,Business,3981,3,3,5,3,3,4,4,4,4,4,4,5,5,3.92,0,9,TRUE
Female,Loyal Customer,41,Business Travel,Business,1069,2,2,2,2,2,4,4,5,5,5,5,3,3,3.38,6,0,TRUE
Female,Loyal Customer,62,Personal Travel,Eco,1440,3,4,3,1,3,5,4,4,4,3,4,3,5,3.54,27,16,FALSE
Male,Disloyal Customer,8,Personal Travel,Eco,236,1,5,1,4,1,1,1,1,5,3,4,4,1,2.46,0,0,FALSE
Female,Loyal Customer,16,Business Travel,Eco Plus,515,2,1,5,1,2,2,2,2,1,5,4,2,2,2.38,8,4,FALSE
Male,Loyal Customer,59,Personal Travel,Eco,192,5,5,5,3,5,5,5,5,5,4,4,3,5,4.54,4,0,TRUE
Male,Loyal Customer,39,Business Travel,Business,2513,1,1,1,1,2,4,5,5,5,5,5,4,3,3.23,0,0,TRUE
Male,Loyal Customer,53,Personal Travel,Eco,852,2,4,2,1,1,2,1,1,3,4,4,3,1,2.23,0,0,FALSE
Male,Loyal Customer,51,Personal Travel,Eco,383,2,4,5,4,1,5,1,1,5,3,4,5,1,3.15,0,0,FALSE
Female,Loyal Customer,30,Business Travel,Business,2045,2,2,2,2,5,5,5,5,5,1,1,4,5,3.38,0,0,TRUE
Male,Loyal Customer,43,Business Travel,Eco,1092,3,5,5,5,3,3,3,3,3,5,3,1,3,3.46,0,0,FALSE
Male,Loyal Customer,55,Business Travel,Business,1190,1,1,1,1,3,4,3,1,1,1,1,3,2,1.77,0,0,FALSE
Female,Loyal Customer,47,Personal Travel,Eco,73,2,1,2,3,3,2,2,5,5,2,5,2,2,2.77,64,79,FALSE
Male,Loyal Customer,41,Personal Travel,Eco,986,4,5,4,4,4,4,4,4,5,2,4,3,4,3.92,9,1,FALSE
Female,Loyal Customer,55,Business Travel,Eco,376,2,1,1,1,2,2,2,2,2,2,2,2,1,1.69,0,0,FALSE
Female,Loyal Customer,41,Business Travel,Business,1993,3,3,5,5,3,2,3,3,3,3,3,2,4,3.23,0,17,FALSE
Female,Loyal Customer,49,Business Travel,Business,3507,4,4,4,4,4,5,5,5,5,5,5,4,3,4.38,1,0,TRUE
Female,Loyal Customer,40,Business Travel,Business,3918,1,0,0,3,5,3,3,3,3,0,3,1,4,2.23,0,0,FALSE
Female,Disloyal Customer,22,Business Travel,Eco,738,3,3,3,3,3,3,3,3,3,4,2,2,3,2.92,46,41,FALSE
Male,Loyal Customer,65,Personal Travel,Eco,1300,1,4,1,1,4,1,4,4,3,4,4,5,4,3.08,0,0,FALSE
Female,Loyal Customer,36,Business Travel,Business,236,1,1,1,1,4,4,5,5,5,5,5,4,3,3.38,0,0,TRUE
Female,Loyal Customer,36,Personal Travel,Eco,867,4,5,4,1,5,4,5,5,4,4,4,4,5,4.15,30,18,FALSE
Female,Loyal Customer,41,Business Travel,Business,1999,3,3,3,3,2,4,4,5,5,5,5,4,4,3.85,0,0,TRUE
Male,Loyal Customer,58,Business Travel,Business,2073,2,2,2,2,3,4,5,5,5,5,4,4,5,3.69,0,0,TRUE
Female,Loyal Customer,59,Personal Travel,Business,2218,1,3,1,4,4,4,3,1,1,1,1,2,1,2.08,2,0,FALSE
Male,Loyal Customer,28,Personal Travel,Eco,241,1,5,1,1,1,1,1,1,5,2,4,3,1,2.08,6,1,FALSE
Male,Loyal Customer,65,Personal Travel,Eco,862,2,4,2,1,1,2,5,1,5,4,5,5,1,2.92,0,4,FALSE
Female,Loyal Customer,64,Personal Travel,Eco,515,1,5,1,3,3,5,4,4,4,1,4,3,3,3.15,0,3,FALSE
Male,Loyal Customer,60,Business Travel,Business,1671,1,1,4,1,3,5,4,5,5,5,5,5,5,3.77,0,0,TRUE
Male,Disloyal Customer,40,Business Travel,Eco,101,1,1,1,3,4,1,3,4,1,5,4,3,4,2.69,0,0,FALSE
Female,Loyal Customer,66,Business Travel,Eco,1276,3,4,3,3,3,3,2,3,3,3,3,4,4,3.15,54,41,FALSE
Female,Loyal Customer,47,Business Travel,Business,2994,4,3,3,3,5,4,3,4,4,4,4,1,1,3.31,13,13,FALSE
Female,Disloyal Customer,24,Business Travel,Eco,1072,2,2,2,4,3,2,3,3,3,5,4,3,3,3,105,84,FALSE
Male,Disloyal Customer,57,Business Travel,Business,192,5,5,5,4,5,5,5,5,5,4,5,4,5,4.77,0,5,TRUE
Male,Loyal Customer,9,Personal Travel,Eco,422,2,2,2,4,3,2,3,3,3,1,4,1,3,2.54,5,6,FALSE
Female,Loyal Customer,35,Business Travel,Business,2342,4,4,4,4,3,3,5,1,1,2,1,3,3,2.92,0,0,TRUE
Male,Loyal Customer,49,Business Travel,Business,534,3,3,3,3,2,5,2,4,4,4,4,2,2,3.15,3,0,TRUE
Male,Loyal Customer,38,Business Travel,Business,130,2,2,2,2,3,5,5,5,5,4,4,3,5,3.62,0,0,TRUE
Female,Loyal Customer,40,Business Travel,Eco,636,5,5,5,5,5,5,5,5,3,3,2,1,5,4.15,38,48,TRUE
Male,Loyal Customer,12,Personal Travel,Eco,351,2,1,2,2,2,2,2,2,2,2,3,1,2,1.92,0,0,FALSE
Male,Disloyal Customer,22,Business Travel,Eco,417,2,1,2,3,1,2,1,1,3,5,4,3,1,2.23,36,31,FALSE
Male,Loyal Customer,60,Business Travel,Business,1723,1,1,1,1,1,2,4,5,5,5,5,3,1,2.69,0,0,TRUE
Female,Disloyal Customer,26,Business Travel,Eco,451,2,3,2,4,5,2,5,5,1,2,3,4,5,3.31,3,0,FALSE
Female,Disloyal Customer,38,Business Travel,Eco,533,4,3,4,2,5,4,5,5,1,5,1,3,5,3.62,16,12,TRUE
Female,Loyal Customer,35,Personal Travel,Eco,356,3,5,3,3,3,3,3,3,3,4,4,3,3,3.31,0,0,FALSE
Female,Loyal Customer,51,Personal Travel,Eco,337,2,2,2,4,2,4,4,5,5,2,5,1,3,3.15,9,0,FALSE
Female,Loyal Customer,31,Business Travel,Business,3428,0,4,0,1,2,2,2,2,3,3,1,1,2,1.77,0,0,TRUE
Male,Loyal Customer,38,Business Travel,Business,2409,5,5,5,5,2,3,3,4,4,4,4,2,4,3.85,0,0,TRUE
Male,Disloyal Customer,39,Business Travel,Eco,387,2,0,2,4,3,2,3,3,1,4,3,2,3,2.46,0,0,FALSE
Female,Loyal Customer,59,Business Travel,Business,2704,2,2,2,2,5,4,3,2,2,2,2,1,2,2.38,0,0,FALSE
Male,Loyal Customer,49,Business Travel,Business,590,5,5,2,5,4,5,5,2,2,2,2,5,4,3.69,46,40,TRUE
Female,Loyal Customer,49,Business Travel,Business,3844,1,1,1,1,5,5,5,4,4,4,4,4,4,3.31,86,80,TRUE
Female,Loyal Customer,50,Business Travel,Business,3397,4,5,5,5,3,4,4,3,2,3,4,4,4,3.85,161,173,FALSE
Male,Loyal Customer,43,Business Travel,Eco,420,4,1,1,1,4,4,4,4,1,4,2,3,4,2.85,5,29,TRUE
Male,Loyal Customer,41,Business Travel,Business,114,4,4,4,4,5,5,5,5,5,5,5,4,5,4.62,0,0,TRUE
Male,Loyal Customer,53,Business Travel,Business,3057,1,1,1,1,4,5,5,5,5,5,5,4,4,3.54,0,0,TRUE
Female,Disloyal Customer,38,Business Travel,Eco,240,3,3,3,4,1,3,1,1,3,4,4,3,1,2.62,5,2,FALSE
Male,Loyal Customer,43,Personal Travel,Eco,395,3,3,3,3,1,3,1,1,5,3,3,3,1,2.54,1,0,FALSE
Female,Loyal Customer,72,Business Travel,Eco Plus,319,2,1,1,1,3,3,3,2,2,2,2,3,1,2,52,43,FALSE
Male,Loyal Customer,29,Personal Travel,Eco,814,4,2,4,3,3,4,3,3,1,3,2,3,3,2.92,0,0,FALSE
Female,Loyal Customer,70,Personal Travel,Eco,327,2,0,2,3,5,4,5,5,5,2,5,5,5,3.69,59,57,FALSE
Male,Loyal Customer,41,Business Travel,Eco,1892,3,4,5,4,2,3,2,2,3,1,4,1,2,2.77,0,0,FALSE
Female,Loyal Customer,41,Personal Travel,Eco,1504,2,1,2,3,5,2,5,5,1,3,2,1,5,2.85,0,0,FALSE
Female,Loyal Customer,43,Personal Travel,Eco Plus,261,2,3,2,2,3,3,4,5,5,2,5,1,2,3,1,5,FALSE
Female,Loyal Customer,25,Business Travel,Business,2073,2,2,2,2,4,4,4,4,5,3,5,5,4,3.54,0,0,TRUE
Male,Loyal Customer,17,Business Travel,Business,1723,4,4,4,4,3,3,3,3,5,5,3,4,3,3.69,2,3,TRUE
Male,Loyal Customer,52,Business Travel,Business,3176,3,3,3,3,2,4,5,5,5,4,5,5,4,3.92,6,0,TRUE
Female,Loyal Customer,45,Business Travel,Business,604,4,4,4,4,5,5,3,4,4,4,4,1,5,3.92,0,0,TRUE
Male,Disloyal Customer,22,Business Travel,Business,825,0,4,0,5,3,0,3,3,4,2,4,4,3,2.69,0,0,TRUE
Male,Loyal Customer,64,Personal Travel,Eco,358,3,4,3,5,5,3,5,5,5,4,4,4,5,4.23,1,0,FALSE
Male,Loyal Customer,59,Business Travel,Business,290,2,2,2,2,5,5,5,5,5,5,5,2,3,3.69,2,7,TRUE
Male,Loyal Customer,38,Business Travel,Eco,251,5,4,4,4,5,5,5,5,3,2,2,4,5,4.08,0,0,TRUE
Female,Loyal Customer,18,Personal Travel,Eco,689,3,2,4,3,4,4,4,4,2,1,4,4,4,3.31,0,0,FALSE
Male,Loyal Customer,68,Business Travel,Eco,156,3,2,2,2,3,3,3,3,2,5,2,5,3,2.92,0,0,TRUE
Male,Loyal Customer,59,Personal Travel,Eco,1211,1,0,1,3,4,1,4,4,4,2,5,3,4,2.77,0,0,FALSE
Female,Loyal Customer,59,Business Travel,Business,541,2,2,2,2,4,5,5,4,4,4,4,5,4,3.62,0,18,TRUE
Female,Loyal Customer,53,Personal Travel,Eco,957,3,4,3,3,4,4,5,5,5,3,5,3,3,3.85,0,13,FALSE
Female,Loyal Customer,50,Personal Travel,Eco,550,4,3,4,3,5,4,4,2,2,4,2,4,4,3.46,1,3,FALSE
Male,Loyal Customer,52,Business Travel,Business,1985,5,5,4,5,3,5,4,4,4,4,4,5,3,4.23,1,0,TRUE
Female,Loyal Customer,27,Business Travel,Business,1938,5,5,5,5,5,5,5,5,1,5,4,1,5,4.31,0,0,TRUE
Female,Loyal Customer,32,Business Travel,Business,3147,4,1,4,4,4,4,4,4,5,4,5,4,4,3.92,7,9,TRUE
Male,Loyal Customer,50,Business Travel,Eco,1132,4,4,3,3,4,4,4,2,5,1,1,4,4,3.31,284,286,FALSE
Female,Loyal Customer,30,Business Travel,Business,2611,5,5,5,5,3,3,3,3,1,3,3,1,3,3.31,15,0,TRUE
Male,Loyal Customer,49,Personal Travel,Eco,1337,0,2,0,4,2,0,4,2,4,1,4,3,2,2.15,0,15,TRUE
Female,Disloyal Customer,21,Business Travel,Eco,368,3,5,3,4,3,2,2,3,4,4,5,2,2,3.23,251,253,FALSE
Female,Loyal Customer,39,Business Travel,Eco,516,2,4,3,4,2,2,2,2,3,3,3,4,2,2.77,62,51,FALSE
Female,Loyal Customer,63,Business Travel,Eco,696,2,5,5,5,5,4,3,2,2,2,2,4,3,3.38,59,32,FALSE
Male,Disloyal Customer,34,Business Travel,Eco,483,3,5,3,3,3,3,3,3,4,5,2,3,3,3.31,0,0,FALSE
Female,Disloyal Customer,36,Business Travel,Eco Plus,986,2,2,2,4,5,2,5,5,4,5,4,1,5,3.54,0,7,FALSE
Male,Loyal Customer,55,Business Travel,Business,3584,2,2,2,2,5,1,1,2,2,2,2,3,3,2.23,0,0,FALSE
Male,Disloyal Customer,30,Business Travel,Business,1096,0,0,0,1,1,0,1,1,4,5,5,5,1,1.85,3,0,TRUE
Female,Loyal Customer,22,Business Travel,Business,2880,2,2,2,2,5,5,5,5,5,5,4,4,5,3.92,0,0,TRUE
Male,Loyal Customer,46,Business Travel,Business,1766,4,4,4,4,4,4,4,5,5,5,5,4,5,4.38,56,53,TRUE
Female,Loyal Customer,61,Personal Travel,Eco,1249,3,5,3,1,2,3,4,3,3,3,3,4,4,3.15,9,3,FALSE
Female,Disloyal Customer,27,Business Travel,Eco Plus,328,5,5,5,2,3,5,3,3,3,4,3,1,3,3.46,0,0,TRUE
Male,Disloyal Customer,24,Business Travel,Eco,756,5,5,5,4,3,5,5,3,4,5,5,4,3,4.31,7,2,TRUE
Male,Loyal Customer,31,Business Travel,Business,3025,4,1,4,4,1,2,1,1,3,4,5,4,1,2.69,41,31,TRUE
Male,Loyal Customer,15,Personal Travel,Eco,597,3,3,4,4,2,4,2,2,1,1,4,4,2,2.77,0,0,FALSE
Male,Loyal Customer,19,Personal Travel,Eco,731,3,4,3,3,3,3,3,3,4,4,4,2,3,3.23,0,0,FALSE
Female,Loyal Customer,56,Personal Travel,Eco Plus,546,2,4,2,5,3,5,4,3,3,2,4,3,1,3.15,0,5,FALSE
Female,Loyal Customer,51,Business Travel,Business,2404,1,1,1,1,2,5,4,4,4,4,4,3,4,2.92,41,39,TRUE
Male,Disloyal Customer,34,Business Travel,Eco,580,3,3,3,3,3,3,3,3,3,5,4,1,3,3.08,1,0,FALSE
Male,Loyal Customer,51,Business Travel,Business,2478,5,5,3,5,4,4,2,4,4,4,4,3,3,3.85,12,5,TRUE
Female,Disloyal Customer,23,Business Travel,Business,296,5,0,5,2,4,5,4,4,5,3,4,5,4,3.85,0,0,TRUE
Male,Loyal Customer,13,Personal Travel,Eco,2640,2,4,2,5,2,4,4,5,4,4,4,4,4,3.69,5,0,FALSE
Male,Loyal Customer,50,Personal Travel,Business,314,1,4,1,2,4,4,5,3,3,1,3,4,4,3,0,0,FALSE
Female,Loyal Customer,48,Personal Travel,Eco,967,1,5,1,3,3,4,5,2,2,1,2,3,5,2.85,52,61,FALSE
Female,Disloyal Customer,9,Business Travel,Eco,1050,2,3,3,4,2,4,4,4,5,3,4,4,4,3.54,0,12,FALSE
Female,Loyal Customer,70,Personal Travel,Eco,503,2,5,2,3,3,4,4,4,4,2,5,3,5,3.54,0,5,FALSE
Female,Disloyal Customer,56,Business Travel,Eco,525,3,0,2,1,3,2,3,3,2,3,4,4,3,2.54,0,0,FALSE
Male,Loyal Customer,38,Business Travel,Business,1624,4,2,2,2,4,3,3,3,3,3,4,1,4,2.92,7,6,FALSE
Female,Loyal Customer,40,Business Travel,Eco,828,5,1,1,1,5,5,5,5,5,1,4,2,5,3.46,0,12,TRUE
Female,Loyal Customer,66,Personal Travel,Eco,1068,2,5,2,4,3,5,5,4,4,2,1,4,4,3.46,0,0,FALSE
Female,Loyal Customer,56,Business Travel,Eco,236,1,3,3,3,4,3,3,2,2,1,2,2,1,2.31,0,0,FALSE
Female,Loyal Customer,48,Business Travel,Eco,223,4,4,4,4,5,4,2,4,4,4,4,3,1,3.62,0,0,TRUE
Male,Loyal Customer,32,Business Travel,Business,770,1,1,2,1,1,1,1,1,3,2,4,4,1,1.77,113,112,FALSE
Female,Disloyal Customer,21,Business Travel,Business,651,3,4,3,3,2,3,2,2,1,3,4,1,2,2.54,2,1,FALSE
Male,Loyal Customer,8,Personal Travel,Eco,861,2,4,2,3,4,2,4,4,4,3,4,3,4,3.31,0,0,FALSE
Female,Loyal Customer,21,Business Travel,Business,2486,4,4,4,4,3,4,3,3,5,4,3,4,3,3.69,0,0,TRUE
Male,Loyal Customer,29,Personal Travel,Eco,341,4,5,4,4,2,4,2,2,4,4,4,5,2,3.54,0,0,TRUE
Male,Disloyal Customer,20,Business Travel,Eco,639,1,2,1,3,4,1,4,4,4,1,3,4,4,2.77,0,0,FALSE
Male,Loyal Customer,39,Business Travel,Business,3661,4,5,4,4,4,5,4,4,4,4,4,5,3,4.15,6,7,TRUE
Female,Loyal Customer,48,Business Travel,Business,1797,1,1,1,1,4,3,4,4,4,4,4,3,5,3,24,27,TRUE
Female,Disloyal Customer,57,Business Travel,Eco,262,3,3,3,2,5,3,4,5,1,5,2,2,5,3.31,0,0,FALSE
Female,Loyal Customer,54,Business Travel,Business,325,0,0,0,3,4,4,5,5,5,5,5,4,4,3.38,0,5,TRUE
Male,Loyal Customer,59,Personal Travel,Eco,216,3,1,3,2,1,3,1,1,2,2,1,4,1,1.92,0,0,FALSE
Male,Loyal Customer,29,Business Travel,Business,3916,3,3,3,3,4,4,4,4,4,2,4,3,4,3.46,8,3,TRUE
Female,Disloyal Customer,37,Business Travel,Business,446,1,1,1,4,3,1,3,3,5,4,4,3,3,2.77,1,0,FALSE
Male,Loyal Customer,59,Business Travel,Eco,429,2,4,4,4,2,2,2,2,3,3,4,1,2,2.69,0,0,FALSE
Male,Loyal Customer,22,Personal Travel,Eco,341,1,1,1,3,5,1,5,5,1,2,3,4,5,2.85,0,0,FALSE
Male,Loyal Customer,47,Business Travel,Business,1850,3,3,3,3,4,4,5,2,2,2,2,3,4,3.08,0,1,TRUE
Male,Loyal Customer,56,Personal Travel,Business,795,2,5,2,1,2,5,5,5,5,2,5,5,4,3.69,19,10,FALSE
Male,Disloyal Customer,29,Business Travel,Business,733,5,5,5,1,2,5,4,2,3,4,5,5,2,3.69,24,17,TRUE
Male,Disloyal Customer,23,Business Travel,Eco,602,1,0,1,3,4,1,2,4,5,3,1,4,4,2.54,0,0,FALSE
Male,Loyal Customer,49,Business Travel,Business,1908,3,3,3,3,3,5,5,3,3,4,3,5,3,3.54,14,5,TRUE
Female,Loyal Customer,43,Business Travel,Business,265,4,4,4,4,4,4,5,4,4,4,4,5,3,4.08,0,17,TRUE
Female,Loyal Customer,10,Personal Travel,Eco,134,1,4,1,2,2,1,2,2,4,5,5,5,2,2.77,22,50,FALSE
Male,Loyal Customer,58,Personal Travel,Eco,711,1,1,0,3,2,0,2,2,4,2,2,3,2,1.85,66,87,FALSE
Male,Loyal Customer,68,Personal Travel,Eco,419,2,4,2,2,1,2,1,1,4,2,3,4,1,2.23,2,3,FALSE
Male,Loyal Customer,60,Personal Travel,Eco,158,3,4,3,1,5,3,2,5,3,2,4,4,5,3.38,0,0,FALSE
Male,Loyal Customer,43,Business Travel,Business,3742,1,1,1,1,1,3,5,3,3,4,3,5,4,2.69,0,0,TRUE
Female,Loyal Customer,54,Business Travel,Eco,517,4,1,1,1,4,3,3,4,4,4,4,2,2,2.85,57,48,TRUE
Female,Loyal Customer,43,Business Travel,Business,2115,4,4,4,4,2,2,4,5,5,5,5,4,1,3.77,0,0,TRUE
Male,Disloyal Customer,45,Business Travel,Business,391,2,2,2,3,2,2,1,2,5,2,4,3,2,2.46,77,77,FALSE
Female,Loyal Customer,41,Business Travel,Business,2917,3,3,4,3,2,4,5,5,5,5,5,4,4,4,5,0,TRUE
Male,Loyal Customer,45,Personal Travel,Eco,689,1,5,1,5,2,1,2,2,3,2,5,5,2,2.77,0,1,FALSE
Male,Loyal Customer,69,Business Travel,Business,3227,4,3,2,2,1,4,4,4,4,4,4,4,2,3.23,3,0,FALSE
Female,Loyal Customer,55,Business Travel,Business,2639,1,1,1,1,4,5,5,5,5,5,5,5,4,3.62,0,0,TRUE
Male,Loyal Customer,51,Business Travel,Business,1303,4,4,4,4,3,4,5,3,3,3,3,5,5,3.85,0,0,TRUE
Female,Loyal Customer,25,Business Travel,Business,3996,4,3,3,3,4,4,4,4,1,3,3,2,4,3.23,0,0,FALSE
Male,Loyal Customer,28,Personal Travel,Eco,130,2,5,2,3,4,2,4,4,4,4,4,5,4,3.62,0,0,FALSE
Female,Loyal Customer,31,Business Travel,Eco,473,4,3,3,3,4,4,4,4,3,2,2,1,4,3.15,0,0,TRUE
Female,Loyal Customer,37,Business Travel,Eco,493,5,3,2,2,5,5,5,5,3,5,1,2,5,3.69,0,0,TRUE
Female,Loyal Customer,51,Business Travel,Business,2059,4,4,4,4,3,3,5,3,3,4,3,5,5,3.85,0,9,TRUE
Male,Loyal Customer,57,Personal Travel,Eco,1042,2,5,2,1,5,2,2,5,2,1,3,2,5,2.85,37,50,FALSE
Male,Disloyal Customer,29,Business Travel,Eco,646,3,3,3,3,1,3,1,1,4,1,3,3,1,2.31,56,52,FALSE
Female,Loyal Customer,53,Business Travel,Business,594,2,2,2,2,3,4,4,4,4,4,4,5,4,3.38,88,84,TRUE
Male,Loyal Customer,28,Business Travel,Business,141,1,4,4,4,4,4,1,4,3,4,4,2,4,3.31,0,0,FALSE
Female,Disloyal Customer,23,Business Travel,Eco,226,2,2,2,2,5,2,5,5,3,4,2,3,5,3.23,0,0,FALSE
Male,Disloyal Customer,61,Business Travel,Eco,304,2,1,2,3,3,2,3,3,2,5,3,3,3,2.69,2,0,FALSE
Female,Disloyal Customer,18,Business Travel,Eco,570,5,4,5,3,2,5,1,2,3,2,4,5,2,3.31,1,1,TRUE
Male,Loyal Customer,44,Personal Travel,Eco,955,2,5,2,5,2,2,2,2,4,2,5,4,2,3,0,0,FALSE
Female,Loyal Customer,44,Business Travel,Business,2600,1,4,4,4,1,4,4,3,3,3,1,1,2,2.69,8,11,FALSE
Male,Disloyal Customer,19,Business Travel,Eco,2615,5,5,5,1,1,5,1,1,4,5,4,4,1,3.23,0,0,TRUE
Female,Loyal Customer,31,Business Travel,Business,1705,4,4,4,4,4,4,4,4,5,5,4,4,4,4.15,21,31,TRUE
Male,Loyal Customer,50,Business Travel,Business,479,4,4,4,4,3,4,5,5,5,5,5,4,5,4.38,0,0,TRUE
Female,Loyal Customer,36,Business Travel,Business,2330,2,4,4,4,2,2,2,2,2,2,2,2,3,2.54,2,0,FALSE
Female,Disloyal Customer,30,Business Travel,Eco,292,1,1,1,3,5,1,4,5,4,1,3,4,5,2.92,0,0,FALSE
Female,Disloyal Customer,50,Business Travel,Eco,526,4,2,4,3,5,4,5,5,4,2,2,2,5,3.62,1,0,FALSE
Female,Disloyal Customer,30,Business Travel,Eco,255,2,4,2,4,3,2,3,3,1,2,4,4,3,2.85,3,0,FALSE
Female,Disloyal Customer,20,Business Travel,Eco,261,3,1,3,4,2,3,2,2,1,2,3,3,2,2.38,0,0,FALSE
Male,Loyal Customer,14,Personal Travel,Eco,1027,2,4,2,3,3,2,3,3,5,4,4,3,3,3.15,0,0,FALSE
Female,Loyal Customer,50,Business Travel,Business,3359,1,1,1,1,4,5,5,2,2,2,2,3,5,2.62,0,0,TRUE
Female,Loyal Customer,49,Business Travel,Eco,1062,3,2,2,2,2,3,3,3,3,3,3,4,2,2.69,48,34,FALSE
Male,Loyal Customer,39,Business Travel,Business,1726,5,5,1,5,3,4,4,5,5,5,5,4,4,4.23,4,0,TRUE
Male,Loyal Customer,25,Business Travel,Business,1993,1,1,1,1,5,5,5,5,5,4,4,3,5,3.46,9,1,TRUE
Male,Disloyal Customer,21,Business Travel,Eco,83,2,2,2,2,4,2,4,4,1,3,2,1,4,2.54,8,5,FALSE
Female,Disloyal Customer,27,Business Travel,Eco,935,3,3,3,4,5,3,4,5,3,4,4,1,5,3.62,7,0,FALSE
Female,Loyal Customer,43,Business Travel,Eco,1072,2,2,2,2,5,3,4,2,2,2,2,3,1,2.46,0,3,FALSE
Male,Loyal Customer,41,Business Travel,Eco,1428,4,2,2,2,4,4,4,4,4,3,1,4,4,3.23,0,0,TRUE
Female,Loyal Customer,33,Business Travel,Eco,192,4,2,2,2,4,4,4,1,5,5,5,4,4,3.54,293,306,TRUE
Female,Loyal Customer,58,Business Travel,Business,2422,5,5,5,5,5,5,5,4,3,4,5,5,5,4.69,0,2,TRUE
Male,Loyal Customer,40,Business Travel,Business,2679,1,1,1,1,5,4,5,4,4,4,4,5,3,3.23,0,4,TRUE
Male,Loyal Customer,38,Business Travel,Business,868,4,2,2,2,2,3,4,4,4,4,4,3,1,3,0,0,FALSE
Male,Loyal Customer,56,Personal Travel,Eco,1670,3,1,3,2,1,3,1,1,3,1,3,1,1,1.85,3,22,FALSE
Female,Disloyal Customer,25,Business Travel,Eco Plus,701,4,3,4,3,2,4,2,2,1,1,3,4,2,2.69,0,0,TRUE
Male,Loyal Customer,20,Personal Travel,Eco Plus,1067,2,4,2,2,3,2,3,3,3,3,4,4,3,2.92,0,1,FALSE
Male,Loyal Customer,49,Personal Travel,Eco,1290,3,4,3,2,4,3,4,4,3,5,4,4,4,3.62,0,0,FALSE
Female,Loyal Customer,58,Business Travel,Business,2609,3,4,4,4,2,4,3,3,3,3,3,3,1,3.08,0,0,FALSE
Female,Loyal Customer,44,Business Travel,Eco,612,2,5,5,5,2,4,4,2,2,2,2,1,2,2.92,0,0,FALSE
Female,Loyal Customer,12,Personal Travel,Business,337,3,4,3,1,5,3,5,5,4,3,4,4,5,3.77,0,0,FALSE
Male,Loyal Customer,60,Business Travel,Business,3737,3,3,3,3,5,5,4,4,4,4,4,3,4,3.77,12,1,TRUE
Female,Disloyal Customer,29,Business Travel,Business,507,5,5,5,2,3,5,1,3,4,2,5,3,3,3.54,0,0,TRUE
Female,Loyal Customer,57,Business Travel,Business,3114,3,3,3,3,4,4,4,5,5,5,5,5,5,4.15,2,0,TRUE
Male,Loyal Customer,61,Business Travel,Business,3045,3,3,3,3,4,3,1,5,5,5,5,3,4,3.62,0,0,TRUE
Female,Loyal Customer,11,Personal Travel,Eco,287,1,5,5,2,1,5,1,1,3,4,5,5,1,3,30,15,FALSE
Female,Loyal Customer,43,Business Travel,Business,1310,1,1,1,1,3,4,4,4,4,4,4,4,5,3.08,0,0,TRUE
Female,Loyal Customer,31,Business Travel,Business,2342,1,1,1,1,5,5,5,5,3,3,2,3,5,3.08,85,97,TRUE
Male,Loyal Customer,25,Personal Travel,Eco,466,0,4,0,2,2,0,2,2,5,3,4,5,2,2.38,0,0,TRUE
Male,Loyal Customer,40,Business Travel,Eco,783,5,4,4,4,5,5,5,5,5,5,3,2,5,4.38,26,6,TRUE
Male,Loyal Customer,38,Personal Travel,Eco,139,3,5,3,4,5,3,3,5,5,5,4,5,5,4.23,0,0,FALSE
Female,Disloyal Customer,22,Business Travel,Eco,236,1,4,1,2,2,1,2,2,5,2,5,3,2,2.46,0,0,FALSE
Female,Loyal Customer,25,Personal Travel,Eco,591,3,4,3,2,2,3,2,2,5,5,4,5,2,3.23,19,14,FALSE
Female,Loyal Customer,51,Business Travel,Eco,1195,2,5,4,4,4,4,4,2,2,2,2,2,1,2.92,75,85,FALSE
Male,Loyal Customer,43,Personal Travel,Eco,304,2,5,2,5,5,2,1,5,3,3,5,5,5,3.69,0,0,FALSE
Female,Loyal Customer,49,Business Travel,Business,189,0,4,0,3,2,4,5,4,4,4,4,4,5,3.31,0,0,TRUE
Male,Loyal Customer,19,Personal Travel,Business,726,2,1,2,4,5,2,5,5,4,2,3,2,5,3.23,0,0,FALSE
Male,Loyal Customer,50,Business Travel,Business,2168,1,3,3,3,2,4,4,2,2,2,1,4,2,2.54,0,7,FALSE
Female,Loyal Customer,42,Business Travel,Business,2433,1,1,1,1,2,5,5,5,5,5,5,4,3,3.31,0,0,TRUE
Male,Loyal Customer,35,Personal Travel,Eco Plus,644,4,5,4,4,1,4,1,1,5,2,4,3,1,3,0,0,FALSE
Female,Loyal Customer,46,Business Travel,Business,2826,2,5,2,2,4,5,5,5,5,4,5,4,5,4.08,0,6,TRUE
Male,Disloyal Customer,27,Business Travel,Business,404,0,0,0,2,5,0,3,5,4,2,4,4,5,2.62,62,53,TRUE
Male,Disloyal Customer,25,Business Travel,Eco,680,4,4,4,3,4,4,4,4,2,1,2,2,4,3.23,0,8,TRUE
Female,Disloyal Customer,36,Business Travel,Business,731,3,3,3,1,5,3,5,5,4,5,5,5,5,4,9,4,FALSE
Male,Loyal Customer,47,Business Travel,Business,2422,4,5,4,4,4,5,4,5,5,5,5,4,5,4.54,0,0,TRUE
Female,Loyal Customer,45,Business Travel,Business,2422,0,5,0,4,2,4,4,5,5,3,3,5,4,3.38,14,13,TRUE
Male,Disloyal Customer,37,Business Travel,Business,1608,3,3,3,5,4,3,4,4,3,5,5,5,4,3.92,0,0,FALSE
Female,Loyal Customer,45,Business Travel,Business,2565,4,4,5,4,4,2,3,4,4,4,4,1,1,3.38,86,73,FALSE
Male,Loyal Customer,53,Business Travel,Business,3904,3,3,3,3,2,4,4,5,5,5,4,5,4,3.85,0,2,TRUE
Male,Loyal Customer,42,Business Travel,Business,304,2,2,2,2,2,5,5,5,5,5,5,5,4,3.77,0,0,TRUE
Male,Loyal Customer,19,Personal Travel,Eco,449,2,4,2,3,1,2,1,1,5,3,4,4,1,2.54,4,39,FALSE
Female,Disloyal Customer,33,Business Travel,Eco,399,2,1,2,3,4,2,4,4,1,5,3,2,4,2.85,0,5,FALSE
Male,Loyal Customer,55,Business Travel,Business,2926,3,5,5,5,3,3,4,1,1,1,3,3,3,3.08,1,0,FALSE
Male,Loyal Customer,59,Personal Travel,Eco,1068,4,1,4,3,1,4,1,1,3,4,4,2,1,2.54,5,0,FALSE
Male,Loyal Customer,41,Business Travel,Eco,84,1,5,5,5,1,1,1,1,1,3,2,1,1,2.15,149,133,FALSE
Male,Loyal Customer,57,Business Travel,Business,1722,4,4,4,4,4,5,4,5,5,5,5,3,3,4.23,18,0,TRUE
Male,Loyal Customer,60,Business Travel,Business,2303,1,1,1,1,2,2,2,3,5,4,4,2,2,2.31,298,292,TRUE
Female,Loyal Customer,46,Business Travel,Business,236,3,3,3,3,4,4,4,4,4,4,4,4,5,3.77,33,44,TRUE
Female,Disloyal Customer,14,Business Travel,Eco,846,3,3,3,3,4,3,4,4,2,5,4,2,4,3.38,21,12,FALSE
Female,Loyal Customer,48,Business Travel,Business,722,1,1,1,1,5,4,5,2,2,2,2,3,4,2.54,0,0,TRUE
Female,Loyal Customer,43,Business Travel,Eco,370,2,2,2,2,1,3,3,3,3,2,3,2,4,2.46,10,15,FALSE
Male,Loyal Customer,50,Business Travel,Business,1616,5,5,5,5,5,5,4,3,3,3,3,3,4,4.08,0,0,TRUE
Male,Loyal Customer,32,Business Travel,Business,2072,2,1,1,1,2,3,2,2,1,1,4,2,2,1.85,0,0,FALSE
Female,Loyal Customer,50,Personal Travel,Eco,577,2,4,2,3,2,4,4,2,2,2,2,4,3,2.77,0,0,FALSE
Male,Loyal Customer,34,Personal Travel,Business,563,3,5,3,1,2,4,4,2,2,3,2,3,4,2.92,0,6,FALSE
Male,Loyal Customer,40,Business Travel,Business,1791,1,1,1,1,5,5,5,5,5,5,5,4,3,3.54,0,0,TRUE
Female,Loyal Customer,50,Business Travel,Business,692,4,5,5,5,4,4,4,4,4,4,4,3,4,4.15,0,0,FALSE
Male,Loyal Customer,32,Personal Travel,Eco,2367,1,1,2,3,3,2,3,3,2,5,4,2,3,2.62,0,0,FALSE
Female,Loyal Customer,44,Business Travel,Business,361,3,1,3,3,2,4,5,5,5,5,5,4,4,3.77,0,0,TRUE
Female,Loyal Customer,33,Business Travel,Eco Plus,67,5,3,3,3,5,5,5,5,5,5,3,4,5,4.31,42,41,TRUE
Female,Loyal Customer,59,Business Travel,Business,677,2,2,5,2,4,4,4,4,4,4,4,3,5,3.62,0,0,TRUE
Female,Loyal Customer,37,Business Travel,Business,2242,3,2,2,2,3,3,3,3,3,3,3,2,1,2.54,1,0,FALSE
Male,Loyal Customer,40,Business Travel,Business,2615,4,4,4,4,5,5,5,3,3,5,5,5,5,4.38,0,0,TRUE
Female,Loyal Customer,39,Business Travel,Business,1249,3,3,3,3,3,5,5,4,4,4,4,3,4,3.69,0,0,TRUE
Male,Loyal Customer,45,Business Travel,Business,600,4,4,4,4,4,4,4,5,5,5,5,3,3,4.15,0,3,TRUE
Male,Loyal Customer,42,Business Travel,Eco Plus,1216,4,4,4,4,4,4,4,4,2,4,5,3,4,3.85,0,1,TRUE
Male,Disloyal Customer,29,Business Travel,Eco,508,2,3,2,4,2,3,3,2,4,4,4,3,3,3,213,197,FALSE
Male,Loyal Customer,31,Business Travel,Eco,329,3,5,5,5,3,3,3,3,4,5,4,2,3,3.69,0,0,FALSE
Male,Loyal Customer,53,Business Travel,Eco,461,4,2,2,2,4,4,4,4,1,5,4,2,4,3.23,0,0,TRUE
Female,Loyal Customer,41,Business Travel,Business,1934,5,5,1,5,5,3,3,4,4,4,5,1,4,3.77,41,25,TRUE
Female,Loyal Customer,57,Business Travel,Business,925,5,5,5,5,4,5,5,4,4,4,4,5,3,4.46,0,0,TRUE
Male,Loyal Customer,14,Personal Travel,Eco,857,2,4,2,3,5,2,5,5,2,1,5,5,5,3.54,1,0,FALSE
Female,Loyal Customer,44,Business Travel,Eco,165,4,2,4,4,5,5,5,4,4,4,4,4,2,3.92,6,0,TRUE
Male,Loyal Customer,36,Personal Travel,Eco,1216,3,1,3,3,5,3,5,5,1,5,4,4,5,3.62,21,0,FALSE
Male,Loyal Customer,23,Personal Travel,Eco,323,3,5,3,3,4,3,4,4,3,5,2,1,4,3.38,0,0,FALSE
Male,Loyal Customer,68,Personal Travel,Business,1546,2,5,2,3,4,5,5,2,2,2,2,4,4,3.23,0,9,FALSE
Female,Disloyal Customer,30,Business Travel,Eco Plus,651,1,1,1,3,4,1,4,4,2,4,4,2,4,2.69,33,16,FALSE
Male,Disloyal Customer,40,Business Travel,Eco,925,3,3,3,4,5,3,5,5,4,2,4,1,5,3.62,23,22,FALSE
Female,Disloyal Customer,36,Business Travel,Business,862,3,3,3,2,5,3,5,5,5,5,4,3,5,3.92,56,52,FALSE
Female,Loyal Customer,38,Business Travel,Business,2831,2,2,2,2,5,4,4,4,4,4,4,3,2,3.23,3,5,TRUE
Male,Disloyal Customer,24,Business Travel,Eco,587,5,0,5,1,2,5,2,2,5,3,5,3,2,3.08,46,46,TRUE
Female,Loyal Customer,43,Business Travel,Business,3484,3,3,3,3,1,2,4,3,3,4,3,5,2,3,3,6,TRUE
Male,Loyal Customer,60,Personal Travel,Eco,101,0,4,0,5,2,0,2,2,4,2,4,5,2,2.46,0,0,TRUE
Female,Loyal Customer,57,Business Travel,Business,2227,2,2,1,2,4,4,4,5,4,4,5,4,4,3.46,184,167,TRUE
Male,Loyal Customer,65,Business Travel,Business,1974,5,5,5,5,3,3,5,5,5,5,5,3,4,4.46,0,0,TRUE
Female,Loyal Customer,59,Business Travel,Business,802,3,3,3,3,5,4,4,5,5,5,5,5,4,4.15,0,0,TRUE
Male,Loyal Customer,30,Personal Travel,Eco Plus,602,3,3,3,2,5,3,5,5,4,4,5,5,5,4,27,21,FALSE
Female,Loyal Customer,44,Business Travel,Business,3798,1,1,1,1,5,4,4,5,5,5,5,3,4,3.38,0,0,TRUE
Male,Loyal Customer,11,Personal Travel,Eco,978,2,4,3,1,5,3,1,5,4,3,4,5,5,3.46,0,0,FALSE
Female,Loyal Customer,44,Personal Travel,Eco,936,1,5,1,2,4,4,5,3,3,1,3,4,3,3,0,0,FALSE
Male,Disloyal Customer,28,Business Travel,Eco,501,2,0,2,3,1,2,1,1,5,5,5,1,1,2.23,0,0,FALSE
Female,Loyal Customer,35,Business Travel,Business,2677,3,3,3,3,5,4,3,5,5,5,5,1,5,3.85,0,0,TRUE
Male,Loyal Customer,59,Business Travel,Business,1676,2,1,1,1,2,3,4,2,2,3,2,4,4,2.38,0,0,FALSE
Male,Loyal Customer,33,Personal Travel,Eco,2139,5,4,5,5,4,5,4,4,5,2,4,3,4,4.15,0,0,TRUE
Male,Disloyal Customer,24,Business Travel,Business,910,4,2,4,2,4,4,2,4,4,5,4,4,4,3.62,0,19,TRUE
Male,Disloyal Customer,23,Business Travel,Eco,2475,3,3,3,4,3,4,4,2,1,4,4,4,4,3.31,312,312,FALSE
Female,Disloyal Customer,32,Business Travel,Eco,748,4,4,4,1,2,4,2,2,5,4,3,3,2,3.08,0,0,FALSE
Male,Loyal Customer,12,Business Travel,Eco,1476,5,2,2,2,5,5,5,5,2,4,3,4,5,3.77,0,0,TRUE
Male,Loyal Customer,34,Personal Travel,Eco,1009,4,3,4,2,3,4,3,3,1,1,3,3,3,2.85,0,0,FALSE
Male,Disloyal Customer,41,Business Travel,Business,1147,5,5,5,3,4,5,4,4,5,3,4,5,4,4.31,7,6,TRUE
Female,Loyal Customer,50,Business Travel,Business,1521,2,5,5,5,4,2,3,2,2,2,2,2,4,3.08,17,0,FALSE
Female,Loyal Customer,41,Business Travel,Business,2199,3,5,3,5,4,2,2,3,3,3,3,1,4,3.15,0,0,FALSE
Female,Loyal Customer,60,Personal Travel,Eco,1142,1,5,1,2,3,3,5,2,2,1,3,1,2,2.38,0,0,FALSE
Female,Disloyal Customer,32,Business Travel,Business,695,4,4,4,3,5,4,5,5,1,5,4,3,5,4,34,30,FALSE
Male,Loyal Customer,21,Personal Travel,Eco,1129,1,4,1,3,1,1,1,1,5,3,5,5,1,2.46,0,0,FALSE
Male,Loyal Customer,28,Business Travel,Eco,2917,2,2,2,2,2,2,2,2,5,4,4,2,2,2.54,1,44,FALSE
Female,Loyal Customer,46,Personal Travel,Eco Plus,300,1,4,1,4,3,4,3,4,4,1,4,4,1,2.92,4,0,FALSE
Female,Loyal Customer,32,Business Travel,Business,3212,1,2,2,2,1,1,1,1,1,5,3,4,1,1.92,0,0,FALSE
Female,Loyal Customer,31,Personal Travel,Eco,563,0,5,0,3,4,0,4,4,5,2,4,3,4,2.92,0,17,TRUE
Female,Loyal Customer,65,Business Travel,Eco,1449,1,5,5,5,4,3,4,2,2,1,2,4,4,3.23,0,0,FALSE
Female,Loyal Customer,40,Personal Travel,Eco,500,2,4,2,2,5,2,5,5,4,4,5,5,5,3.85,0,0,FALSE
Female,Loyal Customer,56,Business Travel,Business,2148,4,4,5,4,2,5,5,3,3,4,3,5,5,4,0,0,TRUE
Male,Loyal Customer,37,Business Travel,Business,2974,3,3,3,3,1,2,1,4,4,4,4,3,4,3,0,0,TRUE
Male,Loyal Customer,38,Business Travel,Business,1994,0,5,0,3,4,5,4,1,1,1,1,4,4,2.54,1,0,TRUE
Female,Loyal Customer,55,Business Travel,Business,2985,2,2,2,2,4,4,4,5,5,5,5,4,4,3.69,36,31,TRUE
Male,Loyal Customer,33,Business Travel,Eco,986,1,2,2,2,1,1,1,1,4,5,3,3,1,2.08,0,0,FALSE
Female,Loyal Customer,10,Personal Travel,Eco,550,3,4,3,3,1,3,1,1,4,5,4,2,1,2.69,24,17,FALSE
Female,Loyal Customer,35,Personal Travel,Eco Plus,187,1,4,0,3,3,0,3,3,5,3,5,4,3,2.85,0,3,FALSE
Male,Disloyal Customer,21,Business Travel,Eco,253,3,3,3,4,4,3,5,4,3,2,3,3,4,3.38,0,0,FALSE
Female,Loyal Customer,53,Business Travel,Business,2297,1,4,2,4,2,4,3,1,1,1,1,4,1,2.23,0,13,FALSE
Female,Loyal Customer,22,Business Travel,Business,692,2,2,2,2,5,5,5,5,3,2,2,2,5,3.23,0,26,TRUE
Male,Loyal Customer,11,Personal Travel,Eco Plus,509,3,4,3,5,5,3,5,5,4,5,5,4,5,4.31,0,0,FALSE
Male,Loyal Customer,21,Personal Travel,Eco,227,4,4,0,3,3,0,3,3,3,3,4,5,3,2.92,0,0,FALSE
Male,Disloyal Customer,9,Business Travel,Eco,1747,3,3,3,4,1,3,1,1,3,4,4,1,1,2.46,8,0,FALSE
Female,Loyal Customer,38,Personal Travel,Eco,1389,2,4,1,3,3,1,3,3,3,2,5,3,3,2.77,0,0,FALSE
Female,Loyal Customer,55,Personal Travel,Eco,1506,2,5,2,5,3,4,5,3,3,2,3,5,3,3.46,8,15,FALSE
Female,Loyal Customer,30,Business Travel,Business,2378,3,3,2,3,5,5,5,3,2,4,1,5,5,3.54,0,0,TRUE
Male,Disloyal Customer,26,Business Travel,Business,874,3,3,3,3,3,3,5,3,3,5,5,5,3,3.62,0,0,FALSE
Male,Disloyal Customer,22,Business Travel,Eco,192,2,3,2,1,4,2,5,4,5,4,5,4,4,3.46,0,6,FALSE
Male,Loyal Customer,11,Personal Travel,Eco,137,1,4,0,3,2,0,2,2,1,2,2,4,2,1.92,0,0,FALSE
Female,Loyal Customer,62,Personal Travel,Eco,315,4,5,3,2,3,5,5,2,2,3,2,5,5,3.54,15,24,FALSE
Male,Loyal Customer,25,Business Travel,Business,821,5,5,5,5,2,2,2,2,4,2,4,3,2,3.31,16,15,TRUE
Male,Disloyal Customer,22,Business Travel,Eco,2586,4,4,4,1,4,5,5,3,5,5,4,5,5,4.15,177,225,TRUE
Female,Loyal Customer,39,Business Travel,Eco,814,5,1,1,1,5,5,5,3,4,5,1,5,5,3.54,396,381,TRUE
Male,Loyal Customer,43,Personal Travel,Eco,802,0,4,0,3,2,0,4,2,4,5,3,3,2,2.46,0,0,TRUE
Male,Disloyal Customer,31,Business Travel,Eco,1744,2,2,2,2,2,2,2,4,3,2,3,2,2,2.31,148,143,FALSE
Female,Loyal Customer,41,Business Travel,Business,929,2,2,2,2,2,5,5,4,4,4,4,5,5,3.54,0,0,TRUE
Female,Loyal Customer,52,Business Travel,Eco,1558,4,3,3,3,1,4,4,4,4,4,4,2,1,3.15,0,0,FALSE
Female,Loyal Customer,44,Business Travel,Business,2014,0,0,0,4,2,5,4,5,5,5,5,4,4,3.31,0,0,TRUE
Female,Disloyal Customer,22,Business Travel,Eco,296,3,4,4,4,4,4,4,4,4,4,3,3,4,3.77,63,71,FALSE
Female,Loyal Customer,27,Business Travel,Business,954,1,1,1,1,4,4,4,4,4,5,4,2,4,3,0,0,TRUE
Male,Loyal Customer,30,Business Travel,Business,2475,2,3,3,3,2,2,2,2,4,1,3,4,2,2.54,40,35,FALSE
Male,Loyal Customer,63,Personal Travel,Eco,2475,1,1,2,3,3,2,3,3,4,2,4,2,3,2.54,20,0,FALSE
Female,Loyal Customer,34,Business Travel,Business,719,1,2,2,2,2,3,4,1,1,1,1,3,3,2,0,1,FALSE
Female,Loyal Customer,41,Business Travel,Business,2729,2,2,2,2,3,4,4,2,2,2,2,1,2,2.31,0,0,FALSE
Female,Disloyal Customer,25,Business Travel,Eco,933,2,2,2,2,4,2,4,4,3,2,2,3,4,2.77,0,0,FALSE
Female,Loyal Customer,15,Personal Travel,Eco,622,3,5,4,3,5,4,5,5,4,5,5,4,5,4.38,0,0,FALSE
Male,Loyal Customer,31,Business Travel,Business,597,1,1,1,1,3,3,3,3,4,2,5,5,3,2.69,10,2,TRUE
Male,Disloyal Customer,38,Business Travel,Eco,1024,2,2,2,3,4,2,4,4,3,3,5,3,4,3.15,23,19,FALSE
Male,Disloyal Customer,25,Business Travel,Business,251,2,0,2,3,2,2,2,2,4,2,4,5,2,2.46,3,0,FALSE
Female,Loyal Customer,23,Personal Travel,Eco,227,2,4,0,3,1,0,1,1,4,2,4,4,1,2.08,9,16,FALSE
Female,Loyal Customer,37,Business Travel,Business,978,4,2,2,2,3,2,2,4,4,4,4,2,2,2.85,31,16,FALSE
Female,Loyal Customer,56,Business Travel,Business,781,2,2,2,2,3,5,4,4,4,4,4,5,4,3.46,12,13,TRUE
Female,Disloyal Customer,44,Business Travel,Eco,462,3,4,4,4,3,4,4,3,3,2,3,2,3,3.23,105,85,FALSE
Male,Loyal Customer,47,Business Travel,Business,1651,2,2,2,2,5,4,4,5,5,5,5,4,3,3.69,0,0,TRUE
Male,Loyal Customer,37,Business Travel,Business,2128,2,2,2,2,5,4,4,3,3,3,3,4,3,3.08,0,0,TRUE
Female,Loyal Customer,63,Personal Travel,Eco,580,2,4,2,1,2,1,3,5,5,4,5,3,3,3.08,217,209,FALSE
Male,Disloyal Customer,24,Business Travel,Eco,452,4,3,4,3,4,4,4,4,5,3,1,1,4,3.38,0,0,TRUE
Female,Loyal Customer,21,Personal Travel,Eco,867,3,4,3,2,1,3,1,1,3,3,4,3,1,2.46,0,0,FALSE
Female,Loyal Customer,34,Business Travel,Eco Plus,337,3,5,5,5,3,3,3,3,4,4,4,2,3,3.62,1,0,FALSE
Female,Disloyal Customer,48,Business Travel,Eco Plus,646,2,1,1,3,4,2,4,4,2,3,3,1,4,2.62,0,0,FALSE
Male,Disloyal Customer,22,Business Travel,Business,594,0,4,0,4,3,0,3,3,4,3,5,4,3,2.77,0,0,TRUE
Male,Loyal Customer,37,Business Travel,Business,3033,1,1,1,1,4,4,4,5,5,5,5,4,5,3.46,0,7,TRUE
Female,Disloyal Customer,41,Business Travel,Business,89,3,3,3,5,1,3,1,1,4,5,2,4,1,2.77,0,0,FALSE
Female,Loyal Customer,27,Business Travel,Eco Plus,1208,2,4,4,4,2,2,2,2,1,1,4,4,2,2.62,3,17,FALSE
Male,Loyal Customer,34,Personal Travel,Eco Plus,607,3,4,3,1,5,3,5,5,3,2,4,3,5,3.54,0,0,FALSE
Female,Loyal Customer,58,Personal Travel,Eco Plus,2611,2,1,2,4,2,3,3,2,5,3,3,3,3,2.77,0,0,FALSE
Male,Loyal Customer,31,Personal Travel,Eco,919,3,2,3,4,5,3,5,5,2,3,4,1,5,3.46,0,0,FALSE
Female,Loyal Customer,52,Business Travel,Business,226,4,4,3,4,2,5,4,5,5,5,5,3,3,4,16,1,TRUE
Male,Loyal Customer,49,Business Travel,Business,3472,4,3,3,3,4,3,4,4,4,4,4,4,4,3.69,0,1,FALSE
Female,Loyal Customer,35,Business Travel,Eco Plus,328,4,2,4,4,4,4,4,4,2,4,1,2,4,3.31,0,0,TRUE
Female,Loyal Customer,27,Business Travel,Eco,679,4,1,1,1,4,5,4,4,1,5,3,3,4,3.08,0,0,TRUE
Female,Loyal Customer,32,Personal Travel,Eco,590,3,4,3,1,5,3,5,5,3,2,5,5,5,3.77,2,0,FALSE
Male,Loyal Customer,43,Business Travel,Business,2540,3,3,3,3,2,4,5,4,4,4,4,4,5,3.69,114,106,TRUE
Male,Disloyal Customer,42,Business Travel,Eco,737,4,4,4,1,2,4,5,2,3,3,1,3,2,2.92,77,69,TRUE
Female,Loyal Customer,31,Business Travel,Eco,438,5,3,4,3,5,5,5,5,3,1,1,1,5,3.54,0,1,TRUE
Female,Loyal Customer,58,Business Travel,Business,2113,5,5,5,5,4,5,4,4,4,4,4,4,3,4.31,28,22,TRUE
Male,Loyal Customer,55,Business Travel,Business,1237,5,5,5,5,3,5,5,5,5,5,5,5,4,4.77,0,0,TRUE
Female,Loyal Customer,39,Business Travel,Business,3662,1,1,1,1,2,5,5,2,2,2,2,4,3,2.38,20,37,TRUE
Female,Loyal Customer,54,Business Travel,Business,302,2,3,3,3,3,4,4,2,2,2,2,4,2,2.77,0,0,FALSE
Male,Loyal Customer,61,Business Travel,Eco,200,5,1,1,1,4,5,4,4,2,2,2,4,4,3,0,0,TRUE
Male,Loyal Customer,40,Business Travel,Business,3969,4,4,4,4,2,5,4,4,4,4,4,4,5,4,9,7,TRUE
Female,Loyal Customer,47,Business Travel,Business,501,1,1,1,1,4,4,5,4,4,4,4,5,5,3.31,0,0,TRUE
Male,Loyal Customer,35,Personal Travel,Eco,1773,1,2,1,3,4,1,2,4,2,2,3,4,4,2.54,0,35,FALSE
Male,Loyal Customer,65,Personal Travel,Business,190,3,4,3,3,2,5,5,4,4,3,4,3,3,3.54,0,0,FALSE
Male,Loyal Customer,39,Business Travel,Business,3974,2,2,2,2,3,4,5,5,5,5,5,3,3,3.54,0,0,TRUE
Male,Loyal Customer,24,Business Travel,Business,1010,5,5,5,5,5,5,5,5,5,5,5,2,5,4.77,1,0,TRUE
Female,Loyal Customer,52,Personal Travel,Eco,250,3,5,3,5,4,4,5,5,5,3,5,5,5,4.38,0,0,FALSE
Male,Loyal Customer,45,Business Travel,Business,2486,5,5,5,5,5,5,4,5,5,5,5,5,5,4.92,34,19,TRUE
Female,Loyal Customer,33,Business Travel,Business,246,5,5,5,5,2,4,2,4,4,5,4,3,3,3.92,34,42,TRUE
Female,Loyal Customer,42,Business Travel,Business,3761,3,1,1,1,3,4,3,3,3,3,3,4,4,2.77,5,12,FALSE
Male,Loyal Customer,56,Business Travel,Business,2907,5,5,5,5,2,4,5,5,5,5,5,3,5,4.54,0,0,TRUE
Male,Loyal Customer,55,Business Travel,Business,2342,1,4,4,4,2,2,2,1,1,1,1,2,4,2.23,1,0,FALSE
Male,Disloyal Customer,24,Business Travel,Eco,763,4,4,4,3,1,4,1,1,1,4,1,3,1,2.46,0,0,TRUE
Female,Loyal Customer,74,Business Travel,Eco,151,1,0,0,3,2,3,4,5,5,1,5,4,2,2.69,15,3,FALSE
Female,Disloyal Customer,28,Business Travel,Business,1197,4,4,4,3,4,4,4,4,5,4,4,4,4,4,0,0,TRUE
Female,Loyal Customer,56,Business Travel,Business,2301,5,5,5,5,5,4,5,5,5,5,5,3,5,4.77,0,0,TRUE
Female,Loyal Customer,47,Business Travel,Eco Plus,1521,4,2,2,2,1,4,4,4,4,4,4,4,1,3.08,0,5,TRUE
Female,Loyal Customer,7,Personal Travel,Eco,255,2,4,2,1,1,2,1,1,5,5,4,3,1,2.46,0,0,FALSE
Male,Loyal Customer,39,Business Travel,Eco Plus,376,3,2,1,2,3,3,3,3,4,3,3,3,3,2.77,1,0,FALSE
Female,Loyal Customer,46,Business Travel,Business,3077,1,1,1,1,2,5,5,4,4,3,4,4,5,3.08,0,0,TRUE
Male,Loyal Customer,50,Business Travel,Eco Plus,1912,1,4,4,4,1,1,1,1,2,2,4,1,1,2.08,5,37,FALSE
Male,Disloyal Customer,22,Business Travel,Eco,1119,3,3,3,3,4,3,4,4,4,4,4,4,4,3.62,0,0,FALSE
Male,Loyal Customer,36,Personal Travel,Eco,1533,0,2,0,4,2,0,2,2,2,2,2,4,2,1.85,0,0,TRUE
Female,Disloyal Customer,22,Business Travel,Eco,408,4,5,4,2,2,4,2,2,5,1,4,3,2,3.08,10,11,FALSE
Male,Loyal Customer,53,Business Travel,Business,1303,5,3,5,5,5,4,5,5,5,5,5,3,3,4.46,0,0,TRUE
Male,Loyal Customer,63,Personal Travel,Eco,460,1,1,1,4,1,1,1,1,4,4,3,1,1,1.85,1,0,FALSE
Male,Loyal Customer,22,Business Travel,Business,2446,5,5,5,5,5,5,5,5,4,1,1,1,5,4,0,0,TRUE
Male,Loyal Customer,52,Business Travel,Business,590,3,3,3,3,2,4,4,4,4,4,4,4,4,3.54,0,0,TRUE
Male,Loyal Customer,60,Personal Travel,Eco Plus,808,2,5,2,3,4,2,4,4,1,1,1,1,4,2.62,3,0,FALSE
Female,Disloyal Customer,24,Business Travel,Eco,1249,3,3,3,4,3,3,2,3,1,1,4,4,3,2.85,0,0,FALSE
Female,Loyal Customer,36,Business Travel,Business,199,5,5,5,5,5,4,4,4,4,4,4,3,4,4.31,0,8,TRUE
Female,Loyal Customer,23,Business Travel,Eco Plus,468,1,1,2,1,1,1,3,1,2,2,4,2,1,1.69,16,12,FALSE
Female,Loyal Customer,43,Business Travel,Business,495,4,4,4,4,5,5,4,3,3,3,3,5,5,4,11,10,TRUE
Male,Loyal Customer,57,Business Travel,Business,3107,3,4,3,3,5,5,4,4,4,4,4,4,3,3.85,5,0,TRUE
Female,Disloyal Customer,22,Business Travel,Eco,1182,1,1,1,4,2,1,2,2,4,3,4,3,2,2.31,5,6,FALSE
Female,Loyal Customer,46,Business Travel,Business,2504,4,4,4,4,5,5,5,3,2,4,4,5,5,4.15,0,14,TRUE
Female,Loyal Customer,12,Personal Travel,Eco,226,2,4,2,4,2,2,2,2,3,3,5,5,2,2.92,19,11,FALSE
Male,Loyal Customer,47,Business Travel,Business,1535,4,4,4,4,2,4,5,4,4,4,4,5,4,4,5,0,TRUE
Female,Loyal Customer,50,Business Travel,Business,449,5,5,5,5,4,5,4,4,4,4,4,5,5,4.54,93,79,TRUE
Female,Loyal Customer,54,Business Travel,Business,1573,3,3,3,3,4,3,3,3,3,3,3,2,3,3,34,10,FALSE
Male,Loyal Customer,51,Personal Travel,Eco,345,4,4,4,4,5,4,5,5,5,3,4,5,5,4.38,6,0,FALSE
Female,Disloyal Customer,26,Business Travel,Eco,728,3,3,3,3,5,3,5,5,4,5,3,4,5,3.92,29,30,FALSE
Female,Loyal Customer,62,Business Travel,Eco,299,3,1,1,1,1,3,4,3,3,3,3,4,2,2.46,6,0,FALSE
Male,Loyal Customer,50,Business Travel,Business,2728,3,3,3,3,4,4,4,5,5,5,5,4,4,4,0,0,TRUE
Male,Disloyal Customer,36,Business Travel,Business,227,2,2,2,3,5,2,5,5,3,4,4,5,5,3.62,0,0,FALSE
Male,Loyal Customer,41,Business Travel,Business,2104,3,3,5,3,2,5,4,5,5,5,5,4,5,4.15,79,79,TRUE
Female,Loyal Customer,40,Business Travel,Eco,516,4,4,4,4,4,4,4,4,3,1,3,2,4,3.46,29,34,FALSE
Male,Loyal Customer,37,Business Travel,Business,2475,1,1,1,1,5,4,4,5,5,5,5,5,3,3.46,0,0,TRUE
Female,Loyal Customer,42,Business Travel,Business,2267,4,4,4,4,3,4,5,4,4,4,4,4,5,4.08,7,4,TRUE
Female,Loyal Customer,29,Business Travel,Business,689,1,1,1,1,4,4,4,4,4,5,5,4,4,3.23,0,0,TRUE
Male,Disloyal Customer,18,Business Travel,Eco,590,1,4,1,3,1,1,1,1,3,1,3,4,1,1.92,40,43,FALSE
Female,Loyal Customer,70,Business Travel,Business,2625,0,4,0,2,5,4,5,4,4,5,5,2,4,3.38,0,6,TRUE
Male,Loyal Customer,33,Business Travel,Business,2076,0,5,0,1,4,4,4,4,1,3,5,5,4,3.08,0,0,TRUE
Female,Loyal Customer,54,Business Travel,Eco Plus,907,4,1,1,1,4,3,2,4,4,4,4,1,4,2.85,42,40,FALSE
Female,Loyal Customer,34,Business Travel,Business,1782,3,3,4,3,5,4,5,4,4,4,4,3,3,3.77,28,16,TRUE
Female,Loyal Customer,48,Business Travel,Eco,1892,4,2,2,2,2,3,3,4,4,4,4,2,3,3,4,17,FALSE
Male,Loyal Customer,46,Business Travel,Business,3098,1,1,4,1,3,5,5,3,3,4,3,4,4,3.15,3,0,TRUE
Female,Loyal Customer,42,Business Travel,Eco,139,4,3,3,3,3,4,5,3,3,4,3,3,2,3.31,55,75,TRUE
Male,Disloyal Customer,36,Business Travel,Eco,542,2,0,2,2,2,3,3,3,5,3,2,3,3,2.54,202,184,FALSE
Female,Loyal Customer,47,Business Travel,Business,731,3,5,5,5,2,4,3,3,3,3,3,2,2,3.31,16,0,FALSE
Female,Loyal Customer,42,Business Travel,Eco,425,3,5,5,5,2,2,3,4,4,3,4,2,2,3.38,3,0,FALSE
Male,Loyal Customer,28,Personal Travel,Eco,181,2,4,2,5,3,2,4,3,5,3,4,3,3,3.31,16,16,FALSE
Male,Loyal Customer,24,Personal Travel,Eco Plus,214,2,3,2,3,4,2,4,4,4,3,4,4,4,3.31,0,6,FALSE
Female,Loyal Customer,27,Business Travel,Business,2559,3,3,3,3,3,3,3,3,4,5,2,3,3,3.15,0,15,FALSE
Female,Loyal Customer,18,Personal Travel,Business,903,2,4,2,4,5,2,5,5,3,4,4,4,5,3.77,0,0,FALSE
Male,Loyal Customer,47,Business Travel,Eco,1089,2,5,5,5,2,2,2,2,2,2,2,1,2,2.62,8,0,FALSE
Male,Loyal Customer,41,Personal Travel,Eco,287,1,2,3,4,5,3,4,5,1,3,4,4,5,3.38,52,48,FALSE
Male,Loyal Customer,36,Personal Travel,Eco,320,3,5,1,3,3,1,3,3,5,5,2,2,3,3,0,9,FALSE
Female,Disloyal Customer,29,Business Travel,Eco,67,5,5,5,1,5,5,5,5,4,2,2,4,5,4.08,76,66,TRUE
Male,Loyal Customer,66,Personal Travel,Eco,888,1,5,1,4,3,1,3,3,5,3,5,5,3,3.23,1,0,FALSE
Female,Loyal Customer,18,Personal Travel,Eco Plus,431,3,5,3,1,2,3,4,2,3,2,4,5,2,3,0,0,FALSE
Female,Loyal Customer,38,Business Travel,Business,3828,4,4,4,4,2,4,2,5,5,5,5,1,1,3.54,0,0,TRUE
Female,Loyal Customer,41,Business Travel,Business,3941,1,1,1,1,2,5,4,5,5,5,5,5,3,3.31,0,0,TRUE
Male,Loyal Customer,48,Business Travel,Business,3783,2,2,2,2,1,3,4,2,2,2,2,3,2,2.23,0,0,FALSE
Female,Loyal Customer,19,Personal Travel,Eco,577,1,4,1,1,3,1,2,3,4,4,4,3,3,2.62,4,2,FALSE
Male,Loyal Customer,51,Business Travel,Eco,378,2,3,3,3,2,2,2,2,3,4,3,4,2,2.69,0,0,FALSE
Female,Loyal Customer,51,Business Travel,Business,3866,2,2,2,2,3,4,4,4,4,4,4,5,2,3.23,0,0,TRUE
Female,Disloyal Customer,43,Business Travel,Eco,531,4,0,4,1,4,4,4,4,2,2,2,4,4,3,0,4,FALSE
Male,Loyal Customer,31,Business Travel,Business,843,2,2,2,2,5,5,5,5,4,5,5,4,5,3.92,2,0,TRUE
Male,Loyal Customer,16,Personal Travel,Eco,838,4,4,4,3,3,4,3,3,4,5,4,5,3,3.77,0,0,FALSE
Female,Loyal Customer,59,Personal Travel,Eco,248,2,4,2,2,5,5,4,2,2,2,2,5,3,3.08,16,5,FALSE
Male,Loyal Customer,44,Business Travel,Business,338,5,5,5,5,3,5,5,5,5,5,5,5,3,4.69,0,0,TRUE
Male,Loyal Customer,50,Business Travel,Business,1537,3,3,3,3,3,5,4,4,4,4,4,3,3,3.54,10,11,TRUE
Female,Loyal Customer,57,Business Travel,Eco Plus,429,2,2,2,2,2,3,4,2,2,2,2,2,4,2.38,21,18,FALSE
Female,Loyal Customer,51,Business Travel,Eco,650,4,3,3,3,1,4,4,4,4,4,4,1,2,3.15,0,4,FALSE
Female,Disloyal Customer,26,Business Travel,Eco,227,2,0,2,1,4,2,4,4,3,4,1,1,4,2.46,0,11,FALSE
Male,Loyal Customer,42,Business Travel,Business,337,0,0,0,3,5,4,5,3,3,1,1,3,4,2.46,99,99,TRUE
Male,Loyal Customer,46,Business Travel,Business,140,0,4,0,1,4,4,5,1,1,1,1,3,5,2.31,19,11,TRUE
Male,Loyal Customer,13,Personal Travel,Business,1069,3,4,3,3,4,3,4,4,3,3,5,3,4,3.54,30,37,FALSE
Female,Loyal Customer,62,Business Travel,Business,224,4,4,4,4,5,3,4,5,5,5,5,2,1,3.92,68,55,TRUE
Female,Disloyal Customer,38,Business Travel,Business,980,2,2,2,5,3,2,3,3,5,5,5,4,3,3.38,22,18,FALSE
Male,Loyal Customer,51,Business Travel,Business,308,1,1,1,1,5,2,2,4,4,4,4,2,2,2.54,0,0,TRUE
Male,Loyal Customer,27,Personal Travel,Eco,1055,2,5,1,3,1,1,1,1,5,5,4,4,1,2.62,0,0,FALSE
Male,Disloyal Customer,27,Business Travel,Business,109,4,4,4,4,3,4,3,3,5,3,4,4,3,3.69,58,38,TRUE
Female,Disloyal Customer,42,Business Travel,Business,1660,3,3,3,5,1,3,1,1,4,5,4,5,1,3,0,9,FALSE
Male,Loyal Customer,55,Personal Travel,Eco Plus,522,2,5,2,5,4,2,4,4,2,2,1,1,4,2.92,0,0,FALSE
Male,Loyal Customer,53,Personal Travel,Eco,1547,3,4,3,4,4,3,4,4,1,2,4,4,4,3.38,0,0,FALSE
Female,Loyal Customer,16,Personal Travel,Eco,486,2,0,2,5,4,2,4,4,4,5,5,5,4,3.54,12,7,FALSE
Female,Loyal Customer,70,Personal Travel,Eco,606,4,3,4,2,2,4,5,4,4,4,4,5,5,3.85,0,0,TRUE
Male,Loyal Customer,68,Personal Travel,Eco,795,1,5,0,3,3,0,3,3,5,2,5,3,3,2.77,15,20,FALSE
Male,Loyal Customer,68,Business Travel,Business,1678,0,3,0,4,3,1,5,4,4,4,4,1,4,2.85,0,0,TRUE
Male,Loyal Customer,58,Business Travel,Business,2615,2,4,2,2,1,2,4,2,2,2,2,4,4,2.54,0,0,FALSE
Female,Loyal Customer,41,Business Travel,Eco,227,1,3,3,3,1,1,1,4,4,3,4,1,1,2.31,132,133,FALSE
Female,Loyal Customer,45,Personal Travel,Eco,250,2,4,0,4,3,4,5,2,2,0,4,3,4,2.85,2,0,FALSE
Male,Loyal Customer,28,Business Travel,Business,1597,1,1,1,1,4,4,4,4,4,4,5,4,4,3.15,94,80,TRUE
Male,Loyal Customer,44,Business Travel,Business,224,3,3,3,3,2,4,4,5,5,4,5,5,5,3.92,0,2,TRUE
Male,Loyal Customer,44,Business Travel,Eco,425,2,5,3,5,2,2,2,2,4,5,3,3,2,3.08,0,0,FALSE
Male,Disloyal Customer,27,Business Travel,Business,1199,0,0,0,1,4,0,4,4,5,3,5,3,4,2.54,0,17,TRUE
Female,Disloyal Customer,30,Business Travel,Business,2039,1,1,1,1,2,1,2,2,4,4,3,4,2,2.15,14,8,FALSE
Male,Loyal Customer,29,Business Travel,Business,2457,4,4,4,4,3,3,3,3,5,2,5,3,3,3.54,0,0,TRUE
Female,Disloyal Customer,20,Business Travel,Eco,925,3,3,3,2,5,3,5,5,2,1,3,2,5,3.23,32,15,FALSE
Male,Disloyal Customer,20,Business Travel,Eco,273,1,1,1,3,5,1,5,5,2,2,3,1,5,2.69,2,0,FALSE
Male,Disloyal Customer,23,Business Travel,Eco,1620,1,1,1,2,5,1,5,5,4,1,1,4,5,2.77,110,105,FALSE
Male,Loyal Customer,47,Business Travel,Eco,325,1,4,4,4,1,1,1,1,1,2,3,2,1,2,1,0,FALSE
Female,Disloyal Customer,37,Business Travel,Business,236,1,1,1,1,1,1,1,1,4,4,5,3,1,1.92,0,0,FALSE
Female,Loyal Customer,57,Business Travel,Eco,546,3,3,3,3,1,2,3,3,3,3,3,2,2,2.62,8,0,FALSE
Female,Loyal Customer,28,Personal Travel,Eco Plus,391,2,5,2,4,3,2,3,3,5,2,5,5,3,3.38,0,0,FALSE
Male,Loyal Customer,41,Business Travel,Business,2165,2,5,2,2,3,5,5,4,4,4,4,3,3,3.54,0,0,TRUE
Male,Disloyal Customer,22,Business Travel,Eco,335,4,2,3,3,3,3,3,3,2,1,3,4,3,2.85,0,0,FALSE
Female,Loyal Customer,54,Business Travel,Eco,576,4,5,5,5,1,4,3,4,4,4,4,1,2,3.54,0,0,FALSE
Male,Disloyal Customer,25,Business Travel,Eco,742,2,2,2,4,3,2,3,3,3,2,2,4,3,2.69,4,0,FALSE
Female,Loyal Customer,69,Personal Travel,Business,692,2,4,2,3,5,5,4,2,2,2,2,3,3,3,0,0,FALSE
Male,Loyal Customer,62,Personal Travel,Eco,1046,1,5,1,3,3,1,1,3,5,3,5,4,3,2.92,14,9,FALSE
Female,Disloyal Customer,20,Business Travel,Eco,612,2,0,3,3,1,3,1,1,5,5,4,4,1,2.54,0,0,FALSE
Male,Disloyal Customer,23,Business Travel,Business,403,0,0,0,2,3,0,3,3,3,2,5,4,3,2.15,0,8,TRUE
Male,Loyal Customer,46,Business Travel,Business,1792,4,4,4,4,1,3,1,5,5,5,5,2,3,3.54,6,0,TRUE
Male,Loyal Customer,39,Business Travel,Business,3222,4,4,4,4,5,4,5,4,4,4,4,4,4,4.15,6,9,TRUE
Female,Disloyal Customer,23,Business Travel,Eco,1605,3,3,3,3,2,3,2,2,4,1,4,1,2,2.54,0,0,FALSE
Male,Loyal Customer,43,Personal Travel,Eco,332,2,1,2,2,4,2,4,4,3,2,3,2,4,2.69,30,42,FALSE
Female,Loyal Customer,35,Personal Travel,Eco,164,1,5,1,1,3,1,4,3,5,3,5,5,3,3.08,3,0,FALSE
Female,Loyal Customer,27,Personal Travel,Eco,459,1,5,1,2,2,1,4,2,5,3,5,5,2,2.92,6,1,FALSE
Male,Loyal Customer,42,Business Travel,Business,95,2,1,1,1,5,4,3,4,4,4,2,4,4,3,25,6,FALSE
Female,Loyal Customer,29,Personal Travel,Eco,957,1,1,1,3,3,1,3,3,2,5,4,3,3,2.54,0,0,FALSE
Female,Loyal Customer,52,Business Travel,Eco Plus,106,2,5,5,5,1,4,4,2,2,2,2,2,4,3.08,0,0,FALSE
Male,Loyal Customer,9,Personal Travel,Eco,427,1,0,1,1,4,1,4,4,4,5,1,5,4,2.69,0,,FALSE
Male,Loyal Customer,40,Personal Travel,Eco,992,3,4,3,1,3,3,3,3,4,3,4,3,3,3.08,59,41,FALSE
Male,Loyal Customer,54,Business Travel,Eco,651,3,4,3,4,3,3,3,3,3,3,4,1,3,3.08,2,13,FALSE
Female,Loyal Customer,55,Business Travel,Business,1974,4,4,3,4,2,5,5,4,4,4,4,5,3,3.92,0,0,TRUE
Female,Loyal Customer,47,Personal Travel,Eco,483,2,5,2,3,1,3,5,3,3,2,3,2,1,2.69,0,0,FALSE
Female,Loyal Customer,36,Business Travel,Eco,599,4,3,3,3,4,4,4,4,4,1,2,1,4,3.15,0,0,TRUE
Male,Loyal Customer,35,Business Travel,Eco,997,1,3,3,3,1,1,1,1,3,3,4,1,1,2,27,22,FALSE
Female,Loyal Customer,39,Business Travel,Business,3398,2,1,4,1,4,3,3,2,2,2,2,1,3,2.31,0,0,FALSE
Male,Loyal Customer,49,Personal Travel,Eco,163,4,4,4,4,3,4,5,3,5,5,4,3,3,3.92,0,0,TRUE
Female,Disloyal Customer,25,Business Travel,Eco,1310,3,3,3,3,1,3,1,1,1,4,3,2,1,2.23,10,0,FALSE
Female,Loyal Customer,49,Personal Travel,Eco,2153,2,4,2,3,3,5,5,2,2,2,3,4,3,3.08,2,0,FALSE
Female,Disloyal Customer,23,Business Travel,Eco,108,2,5,1,2,2,1,2,2,4,2,4,5,2,2.62,0,0,FALSE
Male,Loyal Customer,62,Personal Travel,Eco,594,4,2,4,3,4,4,4,4,4,1,3,1,4,3.23,105,92,FALSE
Male,Loyal Customer,53,Business Travel,Business,1448,4,4,4,4,1,5,4,3,3,3,3,5,3,3.54,2,0,TRUE
Female,Loyal Customer,48,Business Travel,Business,1590,2,2,2,2,3,3,4,3,3,3,3,4,4,2.92,0,0,TRUE
Male,Loyal Customer,57,Personal Travel,Eco,1065,1,4,1,1,4,1,4,4,4,3,4,5,4,3.08,42,23,FALSE
Female,Loyal Customer,53,Business Travel,Business,395,4,4,4,4,3,3,3,5,4,4,4,3,3,3.69,187,217,TRUE
Female,Loyal Customer,48,Personal Travel,Eco,312,4,2,4,3,2,4,4,2,2,4,2,3,2,2.92,0,0,FALSE
Female,Disloyal Customer,80,Business Travel,Business,209,4,4,4,4,5,3,4,1,1,4,1,4,4,3.31,5,2,FALSE
Male,Loyal Customer,61,Business Travel,Eco,148,4,1,1,1,4,4,4,4,1,3,1,4,4,2.77,0,4,TRUE
Female,Disloyal Customer,41,Business Travel,Business,1242,4,4,4,3,2,4,2,2,3,2,5,5,2,3.23,0,0,TRUE
Female,Disloyal Customer,24,Business Travel,Eco,588,3,1,2,3,5,2,3,5,4,3,2,3,5,3.15,0,0,FALSE
Male,Disloyal Customer,46,Business Travel,Eco,908,4,4,4,3,3,4,3,3,5,4,5,2,3,3.62,37,46,FALSE
Female,Loyal Customer,36,Business Travel,Business,3166,0,0,0,5,2,5,4,1,1,1,1,3,3,2,0,7,TRUE
Female,Loyal Customer,66,Personal Travel,Eco,1626,3,4,3,3,2,3,5,5,5,3,5,4,5,3.85,0,0,FALSE
Female,Loyal Customer,38,Personal Travel,Eco,1005,3,4,3,3,2,3,2,2,4,3,5,5,2,3.15,0,0,FALSE
Male,Loyal Customer,40,Business Travel,Eco,1438,3,2,2,2,3,3,3,3,4,1,4,3,3,2.77,17,48,FALSE
Male,Loyal Customer,41,Personal Travel,Eco,957,4,5,5,2,4,5,4,4,3,3,4,3,4,3.85,0,0,FALSE
Female,Loyal Customer,30,Personal Travel,Eco,337,3,4,3,3,5,3,5,5,3,3,5,4,5,3.92,34,15,FALSE
Male,Loyal Customer,50,Business Travel,Eco,994,3,2,3,3,3,3,3,3,1,1,4,3,3,2.69,13,7,FALSE
Female,Loyal Customer,32,Business Travel,Eco,163,4,1,1,1,4,4,4,4,1,1,3,2,4,2.62,0,0,TRUE
Female,Loyal Customer,34,Business Travel,Business,197,4,4,5,4,2,5,4,5,5,5,4,5,5,4.38,0,0,TRUE
Male,Loyal Customer,41,Business Travel,Business,1846,2,2,2,2,5,5,5,5,5,5,5,5,4,4,0,0,TRUE
Female,Loyal Customer,52,Personal Travel,Eco Plus,452,2,5,2,3,4,1,1,5,5,2,5,2,5,3.23,4,0,FALSE
Male,Loyal Customer,70,Personal Travel,Eco,577,2,4,2,4,4,2,4,4,5,2,5,5,4,3.62,0,0,FALSE
Female,Loyal Customer,24,Personal Travel,Eco Plus,166,3,5,3,3,1,3,1,1,3,3,5,5,1,2.85,5,4,FALSE
Male,Loyal Customer,37,Personal Travel,Eco,812,3,1,3,4,5,3,2,5,2,1,3,1,5,2.92,27,38,FALSE
Male,Loyal Customer,48,Business Travel,Business,1678,2,2,1,1,2,2,2,2,2,2,2,1,1,1.69,88,85,FALSE
Female,Loyal Customer,69,Personal Travel,Eco Plus,590,3,4,3,2,5,4,5,3,3,3,1,3,4,3.31,0,0,FALSE
Male,Loyal Customer,36,Business Travel,Eco,964,4,1,3,1,4,3,4,4,4,3,3,2,4,3.08,0,5,FALSE
Female,Loyal Customer,17,Personal Travel,Business,2611,4,5,4,1,4,1,1,4,3,5,5,1,1,3,0,0,FALSE
Male,Disloyal Customer,58,Business Travel,Business,370,4,4,4,3,5,4,5,5,5,2,5,5,5,4.31,4,6,FALSE
Male,Loyal Customer,66,Business Travel,Eco Plus,323,4,4,4,4,5,4,5,5,2,5,4,2,5,4.08,0,6,TRUE
Female,Loyal Customer,61,Business Travel,Eco Plus,399,2,4,5,4,3,3,3,2,2,2,2,3,4,3,0,0,FALSE
Female,Disloyal Customer,61,Business Travel,Business,414,4,4,4,1,1,4,1,1,4,4,5,4,1,2.92,6,18,TRUE
Female,Loyal Customer,59,Business Travel,Eco,692,5,2,3,3,1,5,1,4,4,5,4,3,5,3.46,0,0,TRUE
Male,Loyal Customer,67,Business Travel,Eco,101,3,5,3,3,3,3,3,3,4,5,4,3,3,3.46,0,0,FALSE
Female,Loyal Customer,26,Business Travel,Business,163,5,5,4,5,5,5,3,5,2,3,5,3,5,4.23,0,0,TRUE
Female,Loyal Customer,28,Personal Travel,Eco,936,4,4,4,3,5,4,2,5,5,5,4,5,5,4.23,0,0,FALSE
Female,Loyal Customer,27,Business Travel,Business,1624,5,5,5,5,3,3,3,3,3,4,4,3,3,3.77,35,27,TRUE
Male,Loyal Customer,42,Business Travel,Business,2590,5,5,5,5,1,1,4,3,3,4,3,2,3,3.38,0,0,TRUE
Male,Loyal Customer,23,Personal Travel,Eco,158,4,5,4,1,4,4,4,4,3,2,4,4,4,3.62,0,0,FALSE
Male,Loyal Customer,62,Personal Travel,Eco Plus,1237,3,4,3,3,1,3,1,1,3,2,4,3,1,2.46,0,3,FALSE
Male,Disloyal Customer,39,Business Travel,Eco,550,2,4,2,3,2,2,2,2,4,5,3,4,2,2.85,75,57,FALSE
Female,Loyal Customer,40,Business Travel,Business,3456,1,4,4,4,3,3,3,1,1,1,1,3,1,2.31,0,0,FALSE
Female,Loyal Customer,40,Business Travel,Business,404,5,5,5,5,2,4,5,3,3,3,3,3,3,3.77,9,0,TRUE
Female,Loyal Customer,37,Business Travel,Eco,509,4,2,2,2,4,4,4,4,4,2,2,4,4,3.23,0,0,TRUE
Female,Loyal Customer,30,Business Travel,Eco Plus,760,4,1,1,1,4,3,4,4,2,4,4,2,4,2.92,8,12,FALSE
Female,Loyal Customer,12,Personal Travel,Eco,693,4,5,4,2,2,4,2,2,3,2,4,4,2,3.08,18,65,FALSE
Male,Loyal Customer,55,Business Travel,Business,259,3,3,4,3,2,3,5,5,5,5,5,1,2,3.54,0,0,TRUE
Female,Loyal Customer,45,Business Travel,Business,2761,3,3,3,3,4,5,5,5,5,4,5,3,3,3.92,0,0,TRUE
Male,Loyal Customer,43,Business Travel,Eco,526,2,3,3,3,2,2,2,2,4,5,3,1,2,2.62,14,8,FALSE
Female,Loyal Customer,11,Personal Travel,Eco Plus,650,2,1,2,2,3,2,3,3,4,1,2,4,3,2.46,0,0,FALSE
Female,Disloyal Customer,21,Business Travel,Eco,335,4,4,4,3,5,4,5,5,4,3,4,5,5,4.23,0,0,FALSE
Male,Disloyal Customer,22,Business Travel,Eco,484,3,1,3,4,3,2,2,4,3,4,3,2,2,2.77,243,224,FALSE
Female,Loyal Customer,38,Personal Travel,Eco,204,2,5,2,3,5,2,5,5,2,4,5,4,5,3.77,69,82,FALSE
Male,Loyal Customer,7,Personal Travel,Eco,528,3,5,3,1,1,3,1,1,3,2,4,4,1,2.46,0,0,FALSE
Female,Disloyal Customer,22,Business Travel,Eco,546,4,0,4,5,4,4,4,4,4,3,4,3,4,3.62,0,0,FALSE
Male,Loyal Customer,48,Business Travel,Eco,738,2,1,1,1,2,2,2,2,2,5,3,1,2,2,0,0,FALSE
Female,Loyal Customer,48,Business Travel,Eco,1616,2,3,3,3,4,2,3,2,2,2,2,2,1,2.38,0,0,FALSE
Male,Loyal Customer,40,Business Travel,Eco,689,1,3,3,3,1,1,1,1,3,3,4,4,1,2.23,0,0,FALSE
Female,Loyal Customer,17,Personal Travel,Eco,1052,1,4,0,1,2,0,2,2,3,4,5,5,2,2.38,0,4,FALSE
Female,Loyal Customer,33,Business Travel,Eco,125,5,3,3,3,5,4,5,5,3,4,4,3,5,4,25,16,FALSE
Female,Disloyal Customer,16,Business Travel,Eco,479,3,4,3,3,3,5,4,4,5,4,3,4,4,3.77,123,149,FALSE
Male,Loyal Customer,36,Business Travel,Business,2989,1,1,1,1,4,4,5,5,5,5,5,5,3,3.46,0,0,TRUE
Male,Loyal Customer,18,Personal Travel,Eco,549,3,0,3,3,5,3,5,5,3,4,5,1,5,3.46,0,2,FALSE
Female,Loyal Customer,54,Business Travel,Business,1709,1,1,1,1,4,3,4,4,4,4,4,5,5,3.15,9,10,TRUE
Male,Loyal Customer,58,Business Travel,Business,3897,2,3,3,3,4,4,3,3,3,3,2,3,3,3,0,0,FALSE
Female,Loyal Customer,11,Personal Travel,Eco,2405,2,2,2,3,2,2,2,2,3,5,4,2,2,2.54,3,0,FALSE
Male,Disloyal Customer,21,Business Travel,Eco,541,2,0,2,1,4,2,4,4,5,5,4,2,4,3,0,0,FALSE
Female,Disloyal Customer,8,Business Travel,Eco,666,1,1,1,3,3,1,3,3,1,1,3,4,3,2.15,112,126,FALSE
Female,Loyal Customer,62,Business Travel,Business,590,4,5,5,5,3,2,3,4,4,4,4,2,4,3.77,36,44,FALSE
Male,Loyal Customer,31,Business Travel,Business,2393,3,3,3,3,5,5,5,5,5,3,5,3,5,4.08,0,0,TRUE
Female,Loyal Customer,66,Personal Travel,Eco,2777,3,3,4,3,4,1,2,4,3,3,4,2,2,2.92,52,68,FALSE
Male,Disloyal Customer,25,Business Travel,Business,354,4,0,4,2,5,4,5,5,4,1,3,4,5,3.54,0,0,TRUE
Female,Loyal Customer,58,Personal Travel,Eco Plus,545,4,3,4,1,4,3,5,1,1,4,1,4,1,2.77,0,40,FALSE
Female,Loyal Customer,48,Business Travel,Business,956,4,4,4,4,1,2,3,5,5,5,5,4,4,3.85,7,0,TRUE
Male,Loyal Customer,8,Personal Travel,Eco,641,1,4,1,1,2,1,2,2,4,2,4,3,2,2.23,18,5,FALSE
Male,Loyal Customer,39,Business Travel,Business,2647,1,1,1,1,3,4,5,5,5,5,5,4,5,3.46,0,5,TRUE
Male,Loyal Customer,43,Business Travel,Business,426,5,5,5,5,5,4,4,5,5,5,5,4,5,4.77,1,0,TRUE
Male,Loyal Customer,18,Personal Travel,Eco,214,3,3,3,3,2,3,2,2,4,3,3,1,2,2.62,0,0,FALSE
Female,Loyal Customer,55,Personal Travel,Eco,488,2,4,4,3,1,2,4,3,3,4,3,1,4,2.92,0,0,FALSE
Male,Disloyal Customer,29,Business Travel,Eco,2296,2,2,2,3,3,2,4,3,2,4,4,2,3,2.77,0,2,FALSE
Female,Disloyal Customer,29,Business Travel,Eco,1132,3,3,3,5,5,3,5,5,1,1,4,2,5,3.46,2,0,FALSE
Male,Disloyal Customer,58,Business Travel,Business,425,4,4,4,5,2,4,2,2,3,5,4,4,2,3.46,0,13,TRUE
Male,Disloyal Customer,21,Business Travel,Eco,1235,5,5,5,1,4,5,4,4,4,3,4,3,4,3.92,0,0,TRUE
Female,Loyal Customer,54,Personal Travel,Eco,258,2,4,0,3,5,2,2,5,5,0,5,1,2,2.77,7,0,FALSE
Female,Loyal Customer,17,Personal Travel,Eco,472,1,3,1,1,1,1,1,1,2,2,1,4,1,1.54,0,0,FALSE
Female,Disloyal Customer,22,Business Travel,Eco,679,3,3,3,3,4,3,4,4,1,5,3,3,4,3.31,0,0,FALSE
Female,Loyal Customer,53,Business Travel,Business,2329,3,3,3,3,3,4,4,4,4,5,4,3,5,3.69,0,0,TRUE
Male,Disloyal Customer,26,Business Travel,Business,519,2,2,2,2,3,2,3,3,3,3,5,4,3,2.85,29,23,FALSE
Female,Loyal Customer,54,Business Travel,Business,141,4,3,4,4,5,5,4,5,5,5,4,3,3,4.15,0,0,TRUE
Male,Loyal Customer,32,Business Travel,Business,2227,4,2,2,2,4,4,4,4,3,2,4,3,4,3.23,17,0,FALSE
Male,Loyal Customer,17,Personal Travel,Eco,2295,2,3,2,3,4,2,4,4,2,3,2,4,4,3,3,0,FALSE
Male,Loyal Customer,19,Personal Travel,Eco,719,3,4,3,3,1,3,1,1,1,5,2,2,1,2.31,0,0,FALSE
Male,Loyal Customer,44,Business Travel,Business,247,1,1,4,1,1,3,4,1,1,1,1,3,3,1.92,19,20,FALSE
Male,Disloyal Customer,22,Business Travel,Eco,201,3,3,3,2,4,3,4,4,4,3,2,2,4,3.15,0,0,FALSE
Male,Loyal Customer,68,Personal Travel,Eco,533,1,5,1,3,4,1,4,4,3,4,5,4,4,3.31,7,5,FALSE
Male,Disloyal Customer,34,Business Travel,Eco,721,4,4,4,4,3,4,3,3,1,5,5,4,3,3.62,17,16,FALSE
Male,Loyal Customer,43,Business Travel,Business,2402,2,2,2,2,2,5,5,5,5,5,5,4,3,3.62,0,0,TRUE
Male,Disloyal Customer,26,Business Travel,Business,3711,3,3,3,2,3,3,3,1,2,1,3,3,3,2.54,0,43,FALSE
Female,Loyal Customer,48,Business Travel,Business,2582,0,0,0,3,1,1,2,4,4,4,4,5,1,2.23,0,0,TRUE
Male,Loyal Customer,60,Personal Travel,Eco,406,4,4,4,4,1,4,1,1,5,3,5,4,1,3.15,0,0,TRUE
Male,Loyal Customer,45,Personal Travel,Eco,749,2,4,2,2,1,2,1,1,5,2,5,5,1,2.54,23,5,FALSE
Male,Disloyal Customer,22,Business Travel,Eco,332,1,4,1,2,5,1,5,5,4,1,1,5,5,3.08,0,0,FALSE
Female,Loyal Customer,68,Personal Travel,Eco Plus,469,3,4,3,5,3,4,4,5,5,3,5,4,5,4.08,0,0,FALSE
Female,Loyal Customer,44,Business Travel,Business,1768,4,2,2,2,4,4,4,2,2,2,4,2,1,2.69,0,0,FALSE
Male,Loyal Customer,51,Personal Travel,Eco,630,2,3,2,2,1,2,1,1,2,3,2,1,1,1.77,16,13,FALSE
Female,Loyal Customer,31,Business Travel,Business,3594,3,3,3,3,4,4,5,4,5,3,5,3,4,3.77,15,23,TRUE
Female,Loyal Customer,32,Business Travel,Business,3785,1,4,4,4,1,1,1,1,2,3,3,3,1,2.23,0,0,FALSE
Male,Loyal Customer,29,Business Travel,Business,1216,1,5,4,5,1,2,1,1,1,5,3,4,1,2.62,0,0,FALSE
Male,Loyal Customer,43,Business Travel,Business,1399,5,5,5,5,5,5,5,5,5,5,5,5,3,4.85,4,32,TRUE
Male,Disloyal Customer,22,Business Travel,Eco,524,3,0,3,4,5,3,5,5,2,5,3,3,5,3.54,8,10,FALSE
Male,Loyal Customer,31,Business Travel,Business,3531,2,4,4,4,2,2,2,2,1,1,3,3,2,2.46,44,30,FALSE
Female,Loyal Customer,55,Business Travel,Business,3329,4,4,4,4,3,4,5,4,4,4,5,4,3,4,2,0,TRUE
Female,Loyal Customer,47,Business Travel,Business,2390,5,5,5,5,2,4,4,5,5,5,5,5,4,4.54,5,0,TRUE
Male,Disloyal Customer,26,Business Travel,Eco,1050,3,3,3,3,1,3,1,1,4,3,3,2,1,2.38,0,0,FALSE
Male,Loyal Customer,19,Personal Travel,Eco Plus,1012,3,1,3,4,2,3,2,2,1,1,3,4,2,2.38,0,0,FALSE
Female,Loyal Customer,40,Business Travel,Business,2060,1,1,1,1,5,5,4,4,4,4,4,4,4,3.23,0,0,TRUE
Male,Disloyal Customer,22,Business Travel,Eco,507,2,1,2,2,4,2,4,4,3,5,3,4,4,3.08,7,5,FALSE
Male,Loyal Customer,20,Personal Travel,Eco,1222,3,3,3,3,4,3,4,4,3,5,3,4,4,3.54,0,0,FALSE
Male,Loyal Customer,15,Personal Travel,Eco,763,1,4,1,2,5,1,5,5,2,5,4,2,5,3.23,0,3,FALSE
Female,Loyal Customer,38,Business Travel,Business,1546,1,1,1,1,5,4,5,4,4,4,4,4,3,3.15,7,16,TRUE
Female,Loyal Customer,44,Personal Travel,Eco Plus,667,4,4,5,3,5,4,5,3,3,5,3,3,3,3.85,7,0,FALSE
Male,Loyal Customer,23,Business Travel,Business,1516,5,5,3,5,5,5,5,5,4,5,4,3,5,4.54,0,0,TRUE
Female,Loyal Customer,63,Personal Travel,Eco,600,1,1,1,3,1,3,2,3,3,1,3,3,2,2.08,0,0,FALSE
Female,Loyal Customer,43,Personal Travel,Eco,270,1,3,0,4,3,3,3,2,2,0,1,3,4,2.23,0,0,FALSE
Male,Loyal Customer,58,Business Travel,Business,666,4,4,4,4,2,4,4,4,4,4,4,3,3,3.69,0,0,TRUE
Female,Loyal Customer,10,Personal Travel,Eco,1189,2,4,2,3,5,2,5,5,3,3,3,4,5,3.54,14,5,FALSE
Male,Loyal Customer,69,Personal Travel,Eco,337,1,4,1,4,4,1,4,4,2,4,3,2,4,2.92,8,17,FALSE
Male,Disloyal Customer,48,Business Travel,Business,1187,1,1,1,1,2,1,3,2,5,5,4,4,2,2.46,0,0,FALSE
Female,Loyal Customer,50,Personal Travel,Eco,177,3,1,3,4,3,4,4,1,1,3,1,1,4,2.54,18,33,FALSE
Female,Loyal Customer,46,Business Travel,Business,3557,1,1,1,1,3,5,4,4,4,4,4,3,4,3,4,0,TRUE
Female,Loyal Customer,54,Business Travel,Business,607,5,5,5,5,5,4,4,4,4,4,4,3,4,4.31,2,0,TRUE
Female,Loyal Customer,33,Business Travel,Business,3845,0,0,0,1,2,5,5,1,1,1,1,5,3,1.92,27,38,TRUE
Female,Loyal Customer,42,Business Travel,Business,3923,1,1,1,1,4,3,3,2,2,2,2,3,1,2,0,1,TRUE
Male,Loyal Customer,39,Business Travel,Business,3311,5,5,5,5,2,5,5,5,5,5,5,3,4,4.54,0,0,TRUE
Female,Disloyal Customer,24,Business Travel,Eco,1312,3,3,3,4,3,1,1,2,4,2,4,1,1,2.46,145,147,FALSE
Male,Loyal Customer,60,Business Travel,Business,1956,1,1,1,1,2,5,4,5,5,5,5,3,3,3.15,0,0,TRUE
Male,Loyal Customer,46,Business Travel,Business,2883,2,2,2,2,5,5,5,5,5,5,5,5,4,4,7,29,TRUE
Female,Loyal Customer,33,Business Travel,Eco Plus,1749,2,3,3,3,2,2,2,2,3,2,4,2,2,2.46,47,32,FALSE
Male,Loyal Customer,54,Business Travel,Business,479,4,4,4,4,2,5,5,4,4,4,4,5,5,4.15,26,20,TRUE
Male,Disloyal Customer,20,Business Travel,Eco,152,4,0,4,5,2,4,2,2,4,5,4,3,2,3.15,0,0,TRUE
Female,Loyal Customer,59,Business Travel,Business,3812,4,4,4,4,5,4,4,4,4,4,4,3,5,4.08,84,72,TRUE
Male,Loyal Customer,44,Business Travel,Business,2067,3,3,3,3,5,4,4,2,2,2,2,5,5,3.31,0,6,TRUE
Male,Loyal Customer,51,Business Travel,Business,2298,2,4,5,5,3,4,3,2,2,2,2,2,2,2.92,0,25,FALSE
Female,Loyal Customer,56,Business Travel,Business,3207,1,2,2,2,1,1,1,2,2,4,4,1,1,1.85,162,165,FALSE
Male,Loyal Customer,30,Business Travel,Business,546,4,4,4,4,4,4,4,4,1,5,3,3,4,3.69,0,0,FALSE
Female,Loyal Customer,58,Business Travel,Business,1731,4,4,4,4,3,5,5,5,5,5,5,5,5,4.54,0,0,TRUE
Male,Loyal Customer,29,Business Travel,Business,3075,0,0,0,4,3,3,3,3,5,4,5,5,3,2.92,0,0,TRUE
Male,Loyal Customer,45,Business Travel,Eco,1102,4,3,4,3,4,4,4,4,5,1,1,4,4,3.46,3,4,TRUE
Male,Loyal Customer,37,Business Travel,Business,2244,1,1,2,1,4,4,5,4,4,4,4,3,4,3.15,1,5,TRUE
Female,Loyal Customer,46,Personal Travel,Eco Plus,692,1,5,0,4,5,5,4,1,1,0,1,5,5,2.85,0,0,FALSE
Male,Disloyal Customer,24,Business Travel,Eco,1246,1,1,1,3,4,1,4,4,4,4,5,4,4,3.08,81,74,FALSE
Male,Loyal Customer,64,Personal Travel,Eco,271,3,0,2,3,4,2,4,4,3,5,3,4,4,3.15,0,0,FALSE
Female,Loyal Customer,46,Business Travel,Business,1661,4,4,3,4,3,5,5,5,5,4,5,3,4,4.15,26,0,TRUE
Female,Loyal Customer,37,Business Travel,Business,1866,2,2,2,2,2,1,1,4,4,4,4,2,1,2.38,7,0,TRUE
Male,Loyal Customer,45,Business Travel,Eco,944,4,2,2,2,4,4,4,4,1,3,3,5,4,3.23,0,10,TRUE
Female,Loyal Customer,44,Business Travel,Business,1096,4,4,4,4,5,5,4,4,4,4,4,5,3,4.15,51,47,TRUE
Female,Loyal Customer,41,Business Travel,Business,731,4,4,2,4,3,4,5,5,5,4,5,4,4,4.08,6,16,TRUE
Male,Loyal Customer,30,Personal Travel,Eco,372,3,4,3,4,1,3,1,1,1,5,2,1,1,2.31,0,0,FALSE
Male,Loyal Customer,51,Business Travel,Business,1749,2,2,2,2,5,3,5,4,4,4,4,3,3,3.31,0,0,TRUE
Male,Loyal Customer,53,Personal Travel,Eco,1304,1,5,1,1,4,1,4,4,3,4,5,3,4,3.08,0,0,FALSE
Male,Loyal Customer,35,Personal Travel,Eco,1546,3,3,3,3,3,3,3,3,4,3,4,1,3,3,42,37,FALSE
Female,Loyal Customer,46,Personal Travel,Eco,307,4,3,4,3,5,3,5,1,1,4,1,2,2,2.92,0,0,FALSE
Male,Loyal Customer,40,Personal Travel,Eco,882,1,5,1,5,2,1,5,2,4,5,2,5,2,3.08,33,21,FALSE
Male,Disloyal Customer,32,Business Travel,Eco,848,2,1,1,2,1,1,1,1,5,2,1,5,1,1.85,0,0,FALSE
Male,Loyal Customer,55,Business Travel,Business,3268,1,1,5,1,2,5,4,4,4,4,4,3,5,3.31,0,0,TRUE
Male,Loyal Customer,53,Personal Travel,Eco,113,3,4,3,5,3,1,3,3,1,2,1,3,3,2.69,162,186,FALSE
Female,Loyal Customer,17,Business Travel,Eco Plus,577,3,4,4,4,3,3,2,3,4,2,3,4,3,3.23,10,4,FALSE
Female,Loyal Customer,54,Business Travel,Business,3871,3,4,4,4,3,3,3,3,3,3,3,2,3,3.15,0,0,FALSE
Male,Loyal Customer,54,Personal Travel,Eco,802,2,4,2,1,4,2,4,4,5,3,1,1,4,2.85,4,12,FALSE
Female,Disloyal Customer,21,Business Travel,Eco,588,0,0,0,2,3,0,3,3,3,4,1,2,3,1.85,0,0,TRUE
Female,Loyal Customer,32,Personal Travel,Eco,251,2,2,2,3,5,2,5,5,2,4,4,1,5,3.23,27,29,FALSE
Female,Loyal Customer,53,Business Travel,Business,2299,5,5,5,5,4,2,1,4,4,4,4,1,4,3.69,8,5,TRUE
Female,Loyal Customer,57,Personal Travel,Eco,612,1,4,0,1,4,5,5,2,2,0,2,3,3,2.46,0,1,FALSE
Male,Loyal Customer,27,Business Travel,Business,925,2,2,2,2,5,5,5,5,4,3,3,5,5,3.69,0,0,TRUE
Female,Loyal Customer,14,Personal Travel,Business,373,3,1,0,3,2,0,5,2,3,1,4,2,2,2.15,0,0,FALSE
Male,Loyal Customer,9,Personal Travel,Eco,192,1,5,1,4,3,1,3,3,4,5,5,4,3,3.23,22,26,FALSE
Male,Loyal Customer,13,Personal Travel,Eco,639,4,3,3,2,2,3,2,2,2,4,2,2,2,2.54,60,55,FALSE
Male,Loyal Customer,70,Personal Travel,Business,631,1,2,1,3,4,3,3,1,1,1,1,3,4,2.15,0,0,FALSE
Male,Loyal Customer,40,Business Travel,Eco Plus,228,4,2,2,2,4,4,4,4,3,2,3,5,4,3.31,0,0,TRUE
Female,Loyal Customer,46,Business Travel,Business,3030,1,1,1,1,5,4,4,5,5,5,5,4,4,3.46,20,8,TRUE
Female,Loyal Customer,53,Personal Travel,Eco,2611,2,5,2,4,2,3,3,2,4,3,3,3,3,3,7,0,FALSE
Female,Loyal Customer,58,Personal Travel,Eco,594,1,2,1,4,1,4,4,1,1,1,1,4,3,2.15,7,0,FALSE
Female,Disloyal Customer,25,Business Travel,Business,1199,3,4,3,3,5,3,5,5,4,3,4,5,5,4,0,0,FALSE
Male,Loyal Customer,49,Business Travel,Business,850,5,5,5,5,5,4,4,2,2,3,2,5,3,3.85,0,0,TRUE
Male,Loyal Customer,41,Business Travel,Business,1045,3,3,3,3,4,5,5,5,5,5,5,4,3,4.08,61,65,TRUE
Female,Loyal Customer,46,Personal Travel,Eco,602,4,4,4,1,3,5,5,1,1,4,1,3,5,3.15,2,0,FALSE
Female,Loyal Customer,45,Business Travel,Business,999,5,5,5,5,3,5,5,4,4,4,4,3,3,4.23,38,41,TRUE
Female,Loyal Customer,59,Business Travel,Business,723,5,5,5,5,2,5,4,4,4,4,4,3,4,4.15,7,0,TRUE
Female,Disloyal Customer,23,Business Travel,Eco,967,4,4,4,3,3,4,3,3,4,5,4,4,3,3.69,2,0,TRUE
Female,Loyal Customer,41,Business Travel,Business,998,4,4,4,4,5,5,4,4,4,4,4,5,5,4.31,0,3,TRUE
Male,Loyal Customer,17,Personal Travel,Eco,1048,1,4,1,3,5,1,2,5,5,3,4,4,5,3.31,0,0,FALSE
Female,Disloyal Customer,36,Business Travel,Business,383,3,3,3,1,5,3,5,5,3,5,5,3,5,3.77,14,34,FALSE
Male,Loyal Customer,38,Business Travel,Business,239,0,0,0,3,3,4,5,4,4,4,4,3,3,2.85,0,0,TRUE
Male,Loyal Customer,44,Business Travel,Business,3249,5,5,4,5,5,4,4,4,4,5,4,3,5,4.38,2,0,TRUE
Male,Loyal Customer,48,Business Travel,Eco,1013,2,5,5,5,2,2,2,2,1,2,3,4,2,2.85,30,57,FALSE
Male,Loyal Customer,41,Business Travel,Business,130,3,4,4,4,5,4,3,2,2,1,3,3,2,3.08,0,0,FALSE
Female,Loyal Customer,43,Business Travel,Business,1068,1,1,1,1,3,4,4,5,5,4,5,5,5,3.38,0,0,TRUE
Male,Loyal Customer,48,Business Travel,Business,1645,2,2,2,2,4,5,5,5,5,5,5,3,3,3.69,0,0,TRUE
Male,Disloyal Customer,28,Business Travel,Eco,156,4,1,4,2,1,4,1,1,5,5,1,1,1,2.38,1,0,TRUE
Female,Loyal Customer,54,Business Travel,Business,3743,2,2,2,2,2,4,4,3,3,4,3,5,4,3.08,0,1,TRUE
Male,Loyal Customer,39,Business Travel,Business,3031,1,0,0,3,3,2,3,4,4,0,1,4,4,2.23,18,62,FALSE
Female,Loyal Customer,63,Personal Travel,Eco,1035,4,4,4,3,5,4,4,3,3,4,4,3,3,3.69,0,7,FALSE
Male,Loyal Customer,46,Business Travel,Eco,973,3,2,2,2,3,3,3,3,3,4,4,4,3,3,83,73,FALSE
Female,Loyal Customer,43,Business Travel,Business,2521,2,2,2,2,4,4,4,3,2,4,5,4,4,3.23,11,25,TRUE
Male,Loyal Customer,23,Personal Travel,Eco,1744,4,1,4,3,4,4,4,4,2,2,2,4,4,3.23,0,9,FALSE
Male,Loyal Customer,45,Business Travel,Business,2521,4,4,4,4,5,4,2,4,4,5,4,3,3,3.85,118,98,TRUE
Male,Loyal Customer,13,Personal Travel,Business,896,2,4,2,3,2,5,5,3,3,5,4,5,5,3.69,197,182,FALSE
Male,Loyal Customer,38,Personal Travel,Eco,190,2,5,2,5,1,2,1,1,4,1,3,1,1,2.23,0,1,FALSE
Male,Disloyal Customer,43,Business Travel,Eco,588,4,0,4,3,4,4,4,4,1,4,5,2,4,3.31,0,0,FALSE
Female,Loyal Customer,43,Business Travel,Business,2512,2,4,4,4,4,3,4,2,2,2,2,4,4,3.15,0,0,FALSE
Male,Disloyal Customer,35,Business Travel,Eco,862,2,2,2,2,1,2,1,1,2,3,1,1,1,1.62,0,0,FALSE
Female,Loyal Customer,39,Business Travel,Business,2588,1,5,5,5,1,1,1,2,1,4,3,1,1,2.38,0,0,FALSE
Male,Loyal Customer,51,Business Travel,Business,223,5,5,5,5,4,4,4,5,5,4,4,4,5,4.54,8,4,TRUE
Female,Loyal Customer,52,Personal Travel,Eco,325,1,5,1,4,2,3,2,2,2,1,2,1,2,2.15,63,56,FALSE
Female,Loyal Customer,22,Personal Travel,Eco,853,2,5,2,4,4,2,4,4,3,5,4,3,4,3.54,1,7,FALSE
Male,Loyal Customer,35,Personal Travel,Eco,344,3,1,3,2,5,3,5,5,1,1,2,1,5,2.85,0,0,FALSE
Female,Loyal Customer,27,Business Travel,Business,3153,2,2,2,2,5,5,5,5,4,1,2,5,5,3.46,99,77,TRUE
Female,Loyal Customer,25,Personal Travel,Eco,395,4,4,4,2,2,4,2,2,3,2,2,4,2,2.85,0,0,FALSE
Female,Loyal Customer,56,Business Travel,Business,368,2,5,5,5,5,3,3,2,2,2,2,2,2,3.08,35,36,FALSE
Female,Loyal Customer,33,Personal Travel,Eco,565,2,5,2,2,4,2,4,4,3,4,4,4,4,3.38,49,45,FALSE
Male,Disloyal Customer,21,Business Travel,Eco,1440,5,4,4,1,3,5,3,3,5,3,4,5,3,3.69,0,0,TRUE
Male,Disloyal Customer,24,Business Travel,Business,776,4,0,4,3,1,4,1,1,5,4,4,3,1,2.69,0,0,TRUE
Female,Loyal Customer,68,Personal Travel,Eco,197,1,3,1,3,1,2,2,4,4,1,2,3,4,2.38,10,0,FALSE
Female,Disloyal Customer,25,Business Travel,Business,895,4,0,4,2,1,4,3,1,3,5,4,3,1,2.69,0,0,FALSE
Female,Loyal Customer,23,Business Travel,Business,2895,2,4,5,5,2,2,2,2,4,3,4,1,2,2.92,0,0,FALSE
Male,Loyal Customer,31,Personal Travel,Eco,1117,2,3,2,3,1,2,1,1,1,1,3,3,1,1.85,0,0,FALSE
Male,Loyal Customer,43,Personal Travel,Eco,362,2,5,5,3,2,5,4,2,5,5,4,3,2,3.62,0,0,FALSE
Male,Loyal Customer,39,Business Travel,Business,1845,4,2,4,4,5,4,4,5,5,4,4,5,5,4.23,0,0,TRUE
Female,Disloyal Customer,50,Business Travel,Eco,547,3,2,3,2,4,3,4,4,3,3,2,4,4,3.15,0,0,FALSE
Female,Loyal Customer,47,Business Travel,Business,3681,2,2,2,2,4,5,4,5,5,5,5,3,4,3.69,0,11,TRUE
Male,Disloyal Customer,27,Business Travel,Business,1501,4,4,4,3,2,4,2,2,5,4,4,3,2,3.31,0,0,TRUE
Female,Loyal Customer,54,Business Travel,Business,3933,1,1,4,1,3,5,4,4,4,4,4,3,4,3.23,0,0,TRUE
Female,Loyal Customer,28,Business Travel,Business,429,3,3,2,3,5,5,5,5,4,2,5,5,5,4,2,0,TRUE
Female,Loyal Customer,36,Personal Travel,Eco,468,1,4,1,3,5,1,1,5,1,1,4,3,5,2.69,0,0,FALSE
Female,Loyal Customer,36,Personal Travel,Eco,951,2,4,2,4,2,1,5,1,2,5,5,5,5,3.31,222,223,FALSE
Female,Loyal Customer,8,Personal Travel,Eco,985,3,5,3,4,1,3,1,1,3,2,5,4,1,2.77,0,0,FALSE
Female,Disloyal Customer,64,Business Travel,Business,261,3,4,4,4,2,3,2,2,5,5,4,3,2,3.31,0,0,FALSE
Female,Loyal Customer,29,Business Travel,Business,731,2,2,2,2,4,4,4,4,5,3,5,4,4,3.46,0,0,TRUE
Male,Loyal Customer,24,Personal Travel,Eco,781,3,5,3,3,4,3,4,4,4,5,4,3,4,3.77,0,0,FALSE
Female,Loyal Customer,18,Personal Travel,Eco,326,3,1,3,3,2,3,2,2,3,3,3,4,2,2.62,0,0,FALSE
Female,Disloyal Customer,23,Business Travel,Eco,927,3,3,3,3,1,3,1,1,5,5,5,5,1,3,22,8,FALSE
Male,Loyal Customer,49,Business Travel,Business,2024,1,1,1,1,3,4,1,5,5,5,5,1,2,2.69,5,0,TRUE
Male,Loyal Customer,28,Business Travel,Business,3832,4,4,4,4,4,4,4,4,4,4,3,2,4,3.77,60,40,FALSE
Female,Loyal Customer,15,Personal Travel,Eco,157,3,4,0,3,4,0,4,4,2,2,4,3,4,2.85,0,0,FALSE
Female,Loyal Customer,9,Business Travel,Business,2890,3,3,5,3,4,4,4,4,3,5,5,3,4,3.85,0,3,TRUE
Female,Disloyal Customer,26,Business Travel,Eco,761,3,3,3,3,5,3,1,5,3,1,3,1,5,3,50,69,FALSE
Male,Loyal Customer,28,Personal Travel,Eco,471,2,5,2,4,2,2,2,2,5,2,4,4,2,2.92,21,28,FALSE
Male,Loyal Customer,40,Business Travel,Business,147,5,5,5,5,1,4,2,4,4,4,5,3,3,3.85,4,0,TRUE
Female,Loyal Customer,33,Personal Travel,Eco,1020,2,5,2,1,2,2,2,2,4,5,3,5,2,2.85,1,0,FALSE
Male,Disloyal Customer,39,Business Travel,Business,491,4,4,4,4,2,4,2,2,4,2,5,4,2,3.31,0,0,TRUE
Female,Disloyal Customer,22,Business Travel,Eco,101,3,3,3,1,5,3,2,5,3,5,5,3,5,3.54,0,8,FALSE
Female,Disloyal Customer,19,Business Travel,Eco,1048,5,5,5,1,4,5,4,4,3,1,4,2,4,3.62,0,0,TRUE
Female,Loyal Customer,46,Business Travel,Business,1642,1,1,1,1,5,5,4,4,4,4,4,4,5,3.31,96,86,TRUE
Male,Loyal Customer,43,Business Travel,Business,1863,3,3,3,3,3,4,4,5,5,4,5,3,3,3.69,51,42,TRUE
Female,Loyal Customer,47,Business Travel,Business,2454,3,3,3,3,5,5,4,5,5,5,5,5,5,4.31,4,0,TRUE
Female,Loyal Customer,35,Personal Travel,Eco,874,2,2,2,4,4,2,4,4,4,4,4,1,4,3.15,0,0,FALSE
Male,Loyal Customer,12,Personal Travel,Eco,950,2,0,2,3,2,2,2,2,1,5,5,3,2,2.38,0,0,FALSE
Male,Loyal Customer,54,Business Travel,Eco Plus,612,5,3,3,3,5,5,5,5,2,1,5,1,5,3.69,0,4,TRUE
Female,Loyal Customer,24,Business Travel,Business,488,4,4,4,4,2,2,2,5,3,1,1,2,2,2.77,161,163,TRUE
Male,Loyal Customer,40,Business Travel,Business,1683,0,4,0,4,2,4,5,5,5,5,5,3,5,3.62,0,9,TRUE
Female,Loyal Customer,15,Personal Travel,Eco,471,2,3,2,3,1,2,1,1,4,3,3,2,1,2.15,78,71,FALSE
Male,Loyal Customer,70,Personal Travel,Eco,541,3,5,3,3,2,3,1,2,2,2,5,2,2,2.69,0,0,FALSE
Male,Disloyal Customer,25,Business Travel,Eco,1107,5,5,5,5,5,5,5,5,2,1,3,2,5,4.08,3,0,TRUE
Male,Loyal Customer,16,Personal Travel,Eco,1062,4,4,4,3,2,4,2,2,4,5,4,5,2,3.46,1,0,TRUE
Male,Disloyal Customer,25,Business Travel,Business,1173,4,4,4,3,4,4,4,4,4,5,3,1,4,3.69,5,0,FALSE
Male,Loyal Customer,24,Business Travel,Business,3328,5,5,5,5,4,4,4,4,4,2,5,5,4,4.31,0,0,TRUE
Male,Loyal Customer,46,Business Travel,Business,2102,5,5,5,5,5,5,4,5,5,5,5,4,4,4.77,64,47,TRUE
Male,Disloyal Customer,20,Business Travel,Eco,479,3,0,3,2,3,3,3,3,4,3,2,1,3,2.54,48,29,FALSE
Male,Loyal Customer,59,Business Travel,Eco,919,1,2,3,2,1,1,1,1,2,3,4,3,1,1.92,65,59,FALSE
Male,Loyal Customer,24,Personal Travel,Eco,226,1,5,0,2,1,0,1,1,4,2,5,5,1,2.15,0,0,FALSE
Male,Loyal Customer,49,Personal Travel,Eco,414,2,5,2,2,1,2,1,1,5,2,3,1,1,2.15,0,0,FALSE
Female,Loyal Customer,56,Business Travel,Business,163,0,3,0,3,2,5,2,5,5,5,5,4,5,3.38,0,0,TRUE
Female,Loyal Customer,49,Personal Travel,Eco,711,4,5,4,4,2,5,4,4,4,4,2,1,1,3.38,52,36,FALSE
Female,Loyal Customer,60,Personal Travel,Eco,1068,3,4,3,2,3,4,5,3,3,3,3,4,5,3.46,16,0,FALSE
Male,Loyal Customer,48,Business Travel,Eco,2075,2,4,4,4,2,2,2,2,3,3,3,4,2,2.85,0,0,FALSE
Female,Disloyal Customer,49,Business Travel,Business,2704,3,2,2,4,5,3,5,5,3,4,5,5,5,3.92,5,0,FALSE
Female,Loyal Customer,36,Business Travel,Eco,228,5,4,4,4,5,5,5,5,5,4,1,1,5,4.08,16,0,TRUE
Male,Loyal Customer,15,Personal Travel,Eco,403,0,4,0,1,5,0,5,5,3,3,4,5,5,3.08,0,0,TRUE
Male,Loyal Customer,41,Personal Travel,Eco,411,4,5,4,3,1,4,1,1,5,4,5,5,1,3.31,0,0,FALSE
Male,Loyal Customer,62,Personal Travel,Eco,1092,2,1,2,4,3,2,3,3,2,2,4,2,3,2.54,20,22,FALSE
Male,Loyal Customer,28,Personal Travel,Eco,227,3,5,0,3,2,0,1,2,3,2,4,4,2,2.38,0,0,FALSE
Male,Loyal Customer,51,Personal Travel,Eco,861,3,2,4,4,3,4,3,3,4,4,4,1,3,3.23,0,12,FALSE
Female,Loyal Customer,45,Business Travel,Business,868,4,4,4,4,5,5,5,4,4,4,4,5,3,4.23,1,3,TRUE
Male,Loyal Customer,66,Business Travel,Business,361,2,2,2,2,2,3,4,2,2,3,2,3,2,2.38,0,0,FALSE
Male,Loyal Customer,55,Business Travel,Business,2910,1,1,1,1,4,5,5,4,4,4,4,5,4,3.31,0,1,TRUE
Female,Loyal Customer,38,Personal Travel,Eco,872,2,1,2,4,1,2,5,1,2,1,4,1,1,2.08,52,40,FALSE
Female,Disloyal Customer,22,Business Travel,Business,373,5,0,5,3,5,5,5,5,3,5,5,3,5,4.15,0,0,TRUE
Male,Disloyal Customer,23,Business Travel,Business,1147,5,0,5,1,2,5,2,2,5,2,5,4,2,3.08,0,0,TRUE
Male,Loyal Customer,68,Personal Travel,Eco,192,4,1,4,4,4,4,4,4,3,4,4,4,4,3.69,0,1,FALSE
Female,Loyal Customer,47,Business Travel,Eco Plus,409,3,3,3,3,5,3,1,3,3,3,3,1,5,3,15,5,TRUE
Female,Disloyal Customer,27,Business Travel,Eco,216,3,2,3,3,2,3,2,2,1,2,4,4,2,2.54,0,0,FALSE
Female,Disloyal Customer,23,Business Travel,Eco,1076,2,2,2,4,5,2,5,5,2,2,3,3,5,3.23,0,0,FALSE
Male,Loyal Customer,34,Business Travel,Business,895,5,5,5,5,4,4,2,4,4,4,4,4,1,3.92,10,2,TRUE
Male,Loyal Customer,11,Personal Travel,Eco,868,2,3,3,1,5,3,5,5,3,1,5,5,5,3.54,5,16,FALSE
Male,Disloyal Customer,39,Business Travel,Business,233,5,5,5,1,4,5,4,4,4,2,4,4,4,3.92,0,0,TRUE
Male,Loyal Customer,31,Business Travel,Business,1201,3,3,3,3,4,4,4,4,2,4,1,3,4,3.23,0,9,TRUE
Male,Loyal Customer,53,Business Travel,Business,2118,1,4,4,4,1,3,3,1,1,1,1,4,1,2.23,0,0,FALSE
Female,Loyal Customer,65,Personal Travel,Eco,1312,4,4,4,2,4,4,4,5,5,4,5,3,4,4,58,51,FALSE
Female,Loyal Customer,46,Personal Travel,Eco,583,3,5,3,1,3,5,5,4,4,3,4,5,4,3.77,31,27,FALSE
Male,Loyal Customer,47,Personal Travel,Eco,308,4,5,4,3,3,4,3,3,3,3,4,3,3,3.46,0,0,TRUE
Female,Loyal Customer,12,Personal Travel,Eco,552,2,5,2,3,3,2,3,3,5,4,5,3,3,3.31,0,7,FALSE
Male,Disloyal Customer,49,Business Travel,Business,226,5,5,5,3,4,5,4,4,5,5,4,4,4,4.38,5,0,TRUE
Female,Disloyal Customer,21,Business Travel,Eco,992,2,2,2,3,1,2,1,1,3,4,5,3,1,2.31,0,0,FALSE
Female,Disloyal Customer,26,Business Travel,Eco,628,3,3,3,4,2,3,2,2,2,2,3,1,2,2.46,5,19,FALSE
Male,Loyal Customer,16,Personal Travel,Eco,308,3,4,3,3,2,3,2,2,3,3,4,5,2,3,0,0,FALSE
Male,Loyal Customer,13,Personal Travel,Eco,1139,3,4,3,1,3,3,3,3,3,3,4,4,3,3.08,8,0,FALSE
Male,Loyal Customer,49,Business Travel,Business,3249,5,5,5,5,2,4,4,4,4,4,4,4,4,4.15,0,4,TRUE
Female,Loyal Customer,52,Business Travel,Business,1637,4,4,4,4,3,3,2,5,5,5,5,5,3,4,0,4,TRUE
Male,Loyal Customer,58,Business Travel,Business,227,0,0,0,1,3,5,5,3,3,4,4,5,3,2.77,0,5,TRUE
Male,Loyal Customer,34,Business Travel,Business,1123,5,5,5,5,5,4,5,4,4,4,4,5,5,4.62,28,5,TRUE
Male,Loyal Customer,50,Personal Travel,Eco,581,4,2,4,2,5,4,5,5,3,1,3,2,5,3.46,0,0,FALSE
Female,Loyal Customer,42,Business Travel,Business,912,2,2,3,2,3,4,5,3,3,2,3,4,4,3.08,15,17,TRUE
Male,Loyal Customer,35,Business Travel,Business,3151,3,3,3,3,3,3,3,2,4,4,3,3,3,3.08,384,401,FALSE
Female,Loyal Customer,31,Business Travel,Eco,927,4,5,2,5,4,4,4,4,3,1,2,3,4,3.46,0,0,TRUE
Male,Loyal Customer,21,Personal Travel,Eco Plus,304,3,3,3,1,1,3,1,1,2,1,5,2,1,2.08,1,0,FALSE
Female,Loyal Customer,45,Business Travel,Eco,563,4,1,1,1,1,2,5,5,5,4,5,1,2,2.85,10,0,TRUE
Male,Disloyal Customer,38,Business Travel,Eco Plus,613,1,1,1,2,1,1,1,1,2,3,5,2,1,1.69,0,0,FALSE
Male,Loyal Customer,70,Personal Travel,Eco,989,2,5,2,3,4,2,4,4,4,5,4,5,4,3.69,0,0,FALSE
Female,Loyal Customer,17,Personal Travel,Eco Plus,152,3,5,3,4,5,3,5,5,3,5,5,4,5,4.23,0,0,FALSE
Female,Loyal Customer,22,Personal Travel,Eco,328,4,5,3,1,2,3,2,2,4,2,3,2,2,2.69,0,0,FALSE
Female,Loyal Customer,59,Business Travel,Business,3707,2,2,2,2,5,3,4,2,2,2,2,3,2,2.54,6,3,FALSE
Male,Loyal Customer,20,Business Travel,Eco Plus,620,5,1,3,1,5,5,5,5,1,4,3,3,5,3.54,0,0,TRUE
Male,Loyal Customer,70,Personal Travel,Eco,216,1,3,1,3,5,1,5,5,4,2,4,4,5,3.31,0,22,FALSE
Male,Loyal Customer,14,Personal Travel,Eco,1136,2,1,2,4,4,2,4,4,3,1,2,4,4,2.85,1,2,FALSE
Male,Loyal Customer,55,Business Travel,Business,1846,5,5,5,5,4,5,4,5,5,5,5,3,3,4.54,0,0,TRUE
Male,Disloyal Customer,23,Business Travel,Business,1075,5,0,5,5,5,5,3,5,3,4,2,3,5,3.85,0,0,TRUE
Female,Loyal Customer,49,Personal Travel,Eco,328,1,1,3,2,2,4,5,3,3,3,3,5,5,3.08,9,16,FALSE
Female,Loyal Customer,60,Business Travel,Business,89,4,4,4,4,2,4,4,4,4,4,4,4,5,3.92,0,0,TRUE
Female,Loyal Customer,51,Business Travel,Business,2544,5,5,5,5,2,4,5,4,4,4,4,3,5,4.23,0,0,TRUE
Male,Loyal Customer,46,Business Travel,Business,365,2,3,3,3,5,3,4,2,2,2,2,4,2,2.85,40,31,FALSE
Female,Loyal Customer,53,Business Travel,Business,480,1,1,1,1,3,4,4,4,4,4,4,5,4,3.08,0,0,TRUE
Female,Disloyal Customer,19,Business Travel,Eco,1028,3,3,3,2,4,3,4,4,4,4,2,2,4,3.23,0,0,FALSE
Female,Disloyal Customer,30,Business Travel,Eco,516,2,5,3,4,1,3,1,1,3,5,3,1,1,2.54,6,1,FALSE
Female,Loyal Customer,51,Personal Travel,Eco,297,2,4,2,4,4,4,5,5,5,2,5,3,5,3.85,0,1,FALSE
Male,Loyal Customer,27,Business Travel,Business,1242,5,5,5,5,4,4,4,4,5,3,5,3,4,4.31,27,22,TRUE
Female,Loyal Customer,9,Personal Travel,Eco,1276,0,2,0,3,3,0,3,3,1,1,2,3,3,1.85,0,0,TRUE
Male,Loyal Customer,60,Personal Travel,Eco,846,3,4,3,4,1,3,1,1,3,5,5,4,1,2.92,0,0,FALSE
Male,Loyal Customer,50,Business Travel,Eco,228,4,1,3,1,4,4,4,4,2,1,4,5,4,3.15,0,0,TRUE
Female,Loyal Customer,58,Business Travel,Business,447,1,1,1,1,5,5,4,2,2,2,2,3,4,2.54,0,0,TRUE
Female,Loyal Customer,60,Personal Travel,Eco,1514,1,4,1,3,4,5,5,5,5,1,5,5,4,3.69,0,0,FALSE
Male,Disloyal Customer,46,Business Travel,Business,1587,1,0,0,3,2,1,4,2,3,2,4,4,2,2.15,87,92,FALSE
Female,Loyal Customer,60,Personal Travel,Eco Plus,2475,1,1,1,3,1,5,4,4,1,4,3,4,4,2.77,0,0,FALSE
Female,Loyal Customer,31,Personal Travel,Business,405,1,5,1,4,1,1,1,1,3,2,5,4,1,2.31,5,0,FALSE
Female,Disloyal Customer,27,Business Travel,Business,1040,4,4,4,1,4,4,4,4,5,3,5,4,4,3.85,1,0,TRUE
Female,Loyal Customer,49,Personal Travel,Eco,1746,2,0,2,3,5,5,5,2,2,2,2,4,5,3,0,3,FALSE
Female,Loyal Customer,48,Personal Travel,Eco,641,3,4,3,4,4,5,5,2,2,3,1,5,3,3.38,0,0,FALSE
Male,Disloyal Customer,25,Business Travel,Business,201,3,0,3,4,2,3,2,2,5,2,4,4,2,2.77,7,2,FALSE
Male,Loyal Customer,45,Business Travel,Business,2659,2,2,2,2,3,5,4,5,5,5,5,5,3,3.69,0,0,TRUE
Female,Loyal Customer,39,Business Travel,Eco,1501,2,5,5,5,2,2,2,2,2,3,3,1,2,2.77,3,8,FALSE
Female,Disloyal Customer,22,Business Travel,Eco,457,4,4,4,4,3,4,3,3,2,4,4,4,3,3.54,0,0,TRUE
Female,Disloyal Customer,34,Business Travel,Eco,315,2,1,2,3,5,2,5,5,1,1,3,1,5,2.77,0,0,FALSE
Male,Disloyal Customer,46,Business Travel,Business,391,2,1,1,5,3,2,2,3,5,3,4,3,3,2.85,62,96,FALSE
Male,Loyal Customer,51,Business Travel,Business,1963,5,5,5,5,3,3,2,4,4,4,4,2,5,3.92,8,8,TRUE
Female,Loyal Customer,26,Personal Travel,Eco,227,5,5,5,2,1,5,1,1,3,2,5,4,1,3.08,0,0,TRUE
Female,Loyal Customer,37,Business Travel,Eco Plus,548,4,4,4,4,4,4,4,4,1,1,4,3,4,3.46,0,0,FALSE
Male,Loyal Customer,19,Personal Travel,Eco,1256,4,5,4,3,1,4,1,1,4,5,3,4,1,3.08,0,3,FALSE
Female,Loyal Customer,48,Business Travel,Business,3791,3,1,3,3,3,4,5,4,4,4,4,3,5,3.54,0,0,TRUE
Female,Disloyal Customer,48,Business Travel,Business,1262,2,2,2,4,3,2,3,3,3,3,4,4,3,2.92,7,27,FALSE
Male,Loyal Customer,37,Business Travel,Business,309,4,4,4,4,4,5,5,4,4,4,4,3,3,4,40,35,TRUE
Male,Loyal Customer,49,Business Travel,Business,358,2,2,2,2,4,4,2,4,4,4,4,1,5,3.08,6,0,TRUE
Male,Disloyal Customer,25,Business Travel,Business,216,2,2,2,4,4,2,3,4,2,1,3,3,4,2.77,3,11,FALSE
Female,Loyal Customer,26,Personal Travel,Eco,967,2,4,2,4,2,2,2,2,3,3,4,5,2,2.85,0,0,FALSE
Female,Loyal Customer,8,Business Travel,Business,2486,1,2,3,2,1,1,1,4,4,4,4,1,1,2.23,0,12,FALSE
Female,Loyal Customer,27,Business Travel,Business,2133,5,5,5,5,5,5,5,5,3,3,3,3,5,4.38,12,4,TRUE
Female,Loyal Customer,42,Business Travel,Business,3135,0,0,0,4,5,5,5,4,4,4,4,5,4,3.38,31,21,TRUE
Male,Loyal Customer,64,Personal Travel,Eco,266,2,0,2,5,4,2,4,4,4,2,5,5,4,3.31,0,0,FALSE
Male,Loyal Customer,46,Business Travel,Business,204,1,1,4,1,1,1,3,4,4,4,3,1,1,2.23,0,0,TRUE
Male,Loyal Customer,42,Business Travel,Business,954,2,2,2,2,4,2,1,4,4,4,4,4,1,2.77,0,0,TRUE
Female,Loyal Customer,59,Personal Travel,Eco,152,1,4,1,1,5,4,5,1,1,1,1,3,4,2.46,0,0,FALSE
Male,Loyal Customer,26,Business Travel,Business,845,2,2,2,2,5,5,5,5,3,2,5,5,5,3.69,0,0,TRUE
Male,Loyal Customer,11,Personal Travel,Eco,1127,4,5,4,1,5,4,5,5,3,5,4,4,5,4.15,42,57,FALSE
Female,Loyal Customer,41,Business Travel,Eco,150,5,1,1,1,5,5,5,5,2,2,4,4,5,3.46,0,0,TRUE
Female,Loyal Customer,34,Personal Travel,Eco,1262,3,4,3,2,1,3,2,1,3,4,4,5,1,2.77,0,0,FALSE
Male,Disloyal Customer,16,Business Travel,Eco,751,2,2,2,4,1,2,1,1,1,3,4,1,1,1.92,126,120,FALSE
Female,Disloyal Customer,29,Business Travel,Eco,1050,1,1,1,3,1,1,5,1,1,1,3,2,1,1.69,35,28,FALSE
Male,Loyal Customer,59,Business Travel,Business,588,5,5,5,5,3,5,4,4,4,4,4,3,3,4.15,33,83,TRUE
Female,Loyal Customer,61,Business Travel,Business,347,1,5,5,5,5,3,4,1,1,1,1,3,2,2.85,0,0,FALSE
Female,Loyal Customer,35,Business Travel,Business,1744,4,4,4,4,3,3,5,4,4,4,4,4,5,4,0,0,TRUE
Male,Loyal Customer,53,Business Travel,Business,2719,1,1,1,1,2,5,4,5,5,5,5,4,3,3.23,0,0,TRUE
Female,Loyal Customer,10,Personal Travel,Eco,2569,1,5,1,5,5,1,5,5,3,1,1,1,5,3,0,0,FALSE
Female,Loyal Customer,67,Personal Travel,Eco,763,1,2,1,4,3,4,3,2,2,1,2,4,1,2.31,15,3,FALSE
Female,Loyal Customer,49,Business Travel,Business,3822,4,4,4,4,3,5,5,5,5,5,5,5,4,4.46,0,11,TRUE
Male,Loyal Customer,40,Business Travel,Business,2330,1,1,1,1,3,4,4,5,5,5,5,3,3,3.15,3,3,TRUE
Female,Loyal Customer,60,Personal Travel,Eco,991,3,4,3,3,5,4,4,2,2,3,2,3,3,3.15,78,68,FALSE
Female,Loyal Customer,8,Personal Travel,Eco,696,3,4,3,1,1,3,1,1,5,4,4,5,1,2.77,17,15,FALSE
Male,Disloyal Customer,23,Business Travel,Eco,594,4,0,4,4,4,1,1,5,3,5,5,1,1,2.92,167,159,TRUE
Male,Loyal Customer,58,Business Travel,Business,423,5,5,3,5,2,4,5,5,5,5,5,4,3,4.31,57,48,TRUE
Female,Loyal Customer,56,Personal Travel,Eco,725,1,2,1,3,3,4,4,5,5,1,4,3,4,3.08,0,0,FALSE
Male,Loyal Customer,53,Personal Travel,Eco,283,4,4,4,1,5,4,5,5,3,2,4,3,5,3.77,0,6,FALSE
Male,Disloyal Customer,35,Business Travel,Business,907,2,2,2,2,2,2,2,2,5,2,4,5,2,2.62,0,0,FALSE
Female,Loyal Customer,55,Business Travel,Eco Plus,1916,2,5,2,2,5,3,4,2,2,2,2,3,3,2.85,1,0,FALSE
Female,Loyal Customer,40,Business Travel,Business,3953,1,1,3,1,2,4,4,4,4,4,4,5,5,3.23,0,0,TRUE
Female,Loyal Customer,31,Personal Travel,Eco,583,2,4,2,2,5,2,5,5,5,3,4,3,5,3.62,0,0,FALSE
Female,Loyal Customer,59,Personal Travel,Eco,606,2,2,3,3,5,3,2,1,1,3,1,1,2,2.23,76,59,FALSE
Female,Loyal Customer,24,Personal Travel,Eco,431,5,4,5,1,1,5,1,1,5,4,4,4,1,3.15,0,0,TRUE
Female,Loyal Customer,68,Personal Travel,Eco Plus,965,1,4,1,1,5,5,4,2,2,1,2,3,5,2.77,0,0,FALSE
Female,Loyal Customer,8,Personal Travel,Eco,1464,1,4,1,3,2,1,2,2,3,3,5,5,2,2.62,0,5,FALSE
Female,Loyal Customer,22,Business Travel,Eco,650,4,4,4,4,4,4,4,4,5,5,2,1,4,3.77,0,0,TRUE
Male,Loyal Customer,8,Personal Travel,Eco,2419,4,4,4,4,4,5,5,3,4,4,5,5,5,4.31,26,24,FALSE
Male,Loyal Customer,33,Personal Travel,Eco,337,1,3,1,1,2,1,2,2,2,4,1,1,2,1.77,0,0,FALSE
Male,Loyal Customer,22,Business Travel,Business,1363,4,4,4,4,3,3,3,3,4,3,4,3,3,3.46,0,0,TRUE
Female,Loyal Customer,43,Business Travel,Business,1917,4,4,5,4,2,5,4,4,4,4,4,3,3,3.85,1,0,TRUE
Female,Loyal Customer,48,Business Travel,Business,3266,2,2,2,2,3,4,5,4,4,4,4,5,5,3.54,2,3,TRUE
Male,Loyal Customer,38,Personal Travel,Eco Plus,2089,3,4,4,4,5,4,5,5,1,2,3,4,5,3.77,2,0,FALSE
Male,Loyal Customer,52,Business Travel,Business,550,3,3,3,3,4,4,5,4,4,4,4,4,4,3.77,0,0,TRUE
Female,Loyal Customer,54,Business Travel,Business,110,3,3,3,3,5,4,4,5,5,5,4,4,4,4,0,0,TRUE
Female,Disloyal Customer,23,Business Travel,Eco,542,2,5,2,4,4,2,4,4,4,5,4,5,4,3.77,1,0,FALSE
Male,Loyal Customer,64,Business Travel,Business,843,3,5,5,5,4,3,2,3,3,3,3,2,2,3.31,68,61,FALSE
Female,Disloyal Customer,69,Business Travel,Business,423,4,4,4,3,1,4,1,1,4,5,4,4,1,3.08,36,28,FALSE
Male,Loyal Customer,54,Business Travel,Business,3437,3,2,2,2,5,3,3,3,3,3,3,2,2,2.77,0,0,FALSE
Male,Loyal Customer,50,Business Travel,Business,1046,3,3,3,3,4,5,5,3,3,4,3,3,5,3.62,0,0,TRUE
Female,Disloyal Customer,37,Business Travel,Business,1428,2,2,2,3,1,2,1,1,4,4,4,5,1,2.46,85,,FALSE
Female,Loyal Customer,40,Business Travel,Business,3276,5,1,5,5,2,4,4,4,4,4,4,3,3,3.69,2,0,TRUE
Female,Loyal Customer,15,Personal Travel,Business,645,3,5,4,2,4,4,4,4,1,2,5,2,4,3.38,0,0,FALSE
Female,Loyal Customer,41,Business Travel,Eco,829,4,1,1,1,4,4,4,4,3,3,5,5,4,3.31,0,0,TRUE
Female,Loyal Customer,43,Business Travel,Business,2877,5,5,5,5,5,5,2,4,4,4,4,4,5,4.38,0,0,TRUE
Female,Loyal Customer,53,Personal Travel,Eco,733,1,2,1,3,4,4,4,1,1,1,1,3,3,2.23,0,0,FALSE
Female,Loyal Customer,54,Business Travel,Business,1723,4,4,4,4,4,4,5,5,5,4,5,4,4,4.31,18,10,TRUE
Male,Disloyal Customer,38,Business Travel,Eco,320,3,4,3,3,5,3,5,5,2,5,4,3,5,3.85,0,0,FALSE
Female,Disloyal Customer,22,Business Travel,Eco,1306,4,4,4,1,5,4,5,5,4,4,1,3,5,3.77,0,13,TRUE
Female,Loyal Customer,23,Business Travel,Business,721,2,2,2,2,5,5,5,5,5,4,3,4,5,3.77,0,0,TRUE
Male,Loyal Customer,47,Business Travel,Business,2430,5,5,5,5,2,5,4,3,3,3,3,5,5,4.08,22,11,TRUE
Male,Loyal Customer,59,Business Travel,Business,2565,2,2,2,2,4,4,4,3,4,4,5,4,4,3.38,9,0,TRUE
Male,Loyal Customer,35,Business Travel,Business,909,2,3,3,3,1,2,3,2,2,2,2,1,3,2.23,0,0,FALSE
Male,Loyal Customer,60,Business Travel,Business,647,4,4,4,4,5,4,4,4,4,4,4,3,3,3.92,0,0,TRUE
Male,Loyal Customer,61,Business Travel,Business,651,1,1,1,1,3,4,5,5,5,5,5,3,4,3.31,0,5,TRUE
Female,Loyal Customer,71,Business Travel,Eco,192,1,0,0,2,3,2,1,1,1,1,1,2,1,1.23,0,0,FALSE
Female,Loyal Customer,27,Business Travel,Business,2134,4,4,4,4,5,5,5,5,5,2,5,4,5,4.38,51,40,TRUE
Female,Loyal Customer,16,Personal Travel,Business,1532,2,5,2,2,2,2,3,2,3,5,5,4,2,3,10,0,FALSE
Female,Disloyal Customer,23,Business Travel,Eco,577,0,0,1,4,2,1,5,2,5,3,5,3,2,2.54,0,0,TRUE
Female,Loyal Customer,60,Business Travel,Business,338,2,2,2,2,4,4,5,5,5,5,5,5,4,3.85,35,28,TRUE
Male,Loyal Customer,30,Business Travel,Business,1862,2,2,5,2,4,4,5,4,4,5,5,1,4,3.62,0,0,TRUE
Female,Loyal Customer,62,Personal Travel,Eco,447,2,4,2,3,5,5,5,4,4,2,4,1,3,3.38,0,0,FALSE
Male,Loyal Customer,60,Business Travel,Business,3128,5,5,5,5,4,5,5,5,5,5,5,4,4,4.77,19,30,TRUE
Male,Loyal Customer,49,Personal Travel,Eco,903,3,1,3,4,5,3,5,5,1,1,3,3,5,3.23,0,0,FALSE
Female,Disloyal Customer,26,Business Travel,Business,237,3,5,3,3,1,3,1,1,4,5,4,3,1,2.85,0,0,FALSE
Male,Disloyal Customer,11,Business Travel,Eco,731,2,2,2,3,2,2,3,2,3,4,2,4,2,2.54,49,49,FALSE
Male,Loyal Customer,45,Business Travel,Business,67,3,5,5,5,3,4,4,3,3,3,3,1,1,3.31,53,56,FALSE
Female,Disloyal Customer,29,Business Travel,Eco,106,2,0,2,2,5,2,5,5,3,4,1,3,5,3,0,0,FALSE
Female,Loyal Customer,52,Business Travel,Eco,985,4,4,4,4,4,4,4,3,5,4,3,4,4,3.92,294,280,FALSE
Female,Loyal Customer,46,Business Travel,Business,1013,2,2,3,2,5,5,5,4,4,4,5,5,5,3.92,76,181,TRUE
Female,Loyal Customer,47,Business Travel,Eco,1448,5,1,3,1,2,2,5,5,5,5,5,2,2,3.31,0,0,TRUE
Female,Loyal Customer,43,Personal Travel,Eco,704,2,4,2,3,2,5,5,2,2,2,2,5,4,3.08,0,0,FALSE
Female,Loyal Customer,10,Personal Travel,Eco Plus,515,4,2,4,3,4,4,4,4,4,3,4,4,4,3.69,11,0,FALSE
Female,Loyal Customer,66,Personal Travel,Eco,496,1,2,1,4,1,5,2,3,4,4,4,2,2,2.69,148,138,FALSE
Female,Loyal Customer,47,Personal Travel,Eco,1042,3,5,3,4,4,4,4,2,2,3,2,5,3,3.38,20,17,FALSE
Female,Loyal Customer,56,Business Travel,Business,646,2,3,3,3,1,4,4,2,2,2,2,2,1,2.38,0,8,FALSE
Female,Loyal Customer,31,Business Travel,Business,199,3,3,3,3,5,5,5,5,1,2,5,1,5,3.54,0,0,TRUE
Male,Disloyal Customer,11,Business Travel,Eco,903,1,0,0,4,1,0,1,1,3,3,4,3,1,1.69,1,0,FALSE
Female,Loyal Customer,8,Business Travel,Business,1619,2,2,2,2,4,4,4,4,4,5,4,5,4,3.54,0,4,TRUE
Male,Loyal Customer,63,Personal Travel,Eco Plus,1303,2,5,2,1,3,2,3,3,5,3,5,4,3,3.15,52,35,FALSE
Male,Loyal Customer,59,Business Travel,Business,937,1,1,5,1,3,5,5,4,4,4,4,3,5,3.46,6,0,TRUE
Female,Loyal Customer,44,Personal Travel,Eco,550,1,2,1,4,4,3,3,4,4,1,4,3,2,2.77,51,,FALSE
Male,Loyal Customer,37,Business Travel,Business,1780,1,1,1,1,3,4,4,3,3,4,3,4,4,2.77,10,14,TRUE
Female,Loyal Customer,36,Business Travel,Business,3862,5,5,3,5,5,1,2,5,5,5,5,4,2,4,0,0,TRUE
Female,Loyal Customer,24,Business Travel,Business,130,0,5,0,3,1,1,1,1,3,2,4,4,1,2,32,25,TRUE
Male,Loyal Customer,49,Business Travel,Eco,495,4,3,3,3,4,4,4,4,1,3,2,4,4,3.31,10,0,TRUE
Female,Loyal Customer,52,Business Travel,Business,760,2,3,3,3,1,4,4,2,2,2,2,1,2,2.38,0,19,FALSE
Female,Loyal Customer,36,Business Travel,Business,1475,4,4,4,4,4,4,5,5,5,5,5,3,5,4.38,23,12,TRUE
Female,Loyal Customer,66,Personal Travel,Eco,2556,1,1,1,3,1,4,3,4,4,1,1,2,1,2.08,65,56,FALSE
Male,Loyal Customer,27,Business Travel,Eco,590,0,1,1,1,5,1,5,5,3,1,3,5,5,2.77,0,0,TRUE
Female,Loyal Customer,9,Personal Travel,Eco,406,2,4,2,3,1,2,1,1,1,2,3,2,1,1.92,2,0,FALSE
Female,Loyal Customer,38,Personal Travel,Eco,237,3,4,3,5,5,3,5,5,5,5,5,5,5,4.46,38,47,FALSE
Female,Loyal Customer,17,Personal Travel,Eco,411,4,4,4,1,1,4,1,1,2,3,2,3,1,2.38,0,0,TRUE
Female,Disloyal Customer,25,Business Travel,Business,1325,4,0,4,2,2,4,2,2,4,5,5,5,2,3.15,5,0,TRUE
Female,Loyal Customer,36,Business Travel,Business,1773,1,1,1,1,2,4,4,4,4,4,4,5,3,2.92,0,0,TRUE
Male,Loyal Customer,18,Personal Travel,Eco,795,2,4,2,3,1,2,1,1,5,2,4,4,1,2.46,0,2,FALSE
Male,Loyal Customer,46,Business Travel,Business,453,2,1,1,1,3,4,3,2,2,2,2,3,3,2.23,16,12,FALSE
Female,Loyal Customer,32,Business Travel,Eco,829,3,2,2,2,3,3,3,3,2,4,3,3,3,2.77,0,0,FALSE
Male,Loyal Customer,20,Personal Travel,Eco,369,3,5,3,1,3,3,3,3,3,3,2,4,3,3,0,0,FALSE
Female,Loyal Customer,47,Personal Travel,Eco,1076,2,5,2,1,5,5,4,5,5,2,5,5,4,3.85,0,0,FALSE
Female,Disloyal Customer,27,Business Travel,Eco,500,3,3,3,3,5,3,5,5,4,3,3,1,5,3.54,0,13,FALSE
Female,Loyal Customer,23,Business Travel,Business,3656,3,3,3,3,4,4,4,4,3,4,5,3,4,3.62,14,0,TRUE
Female,Loyal Customer,56,Business Travel,Business,3639,3,4,4,4,4,3,4,3,3,3,3,4,2,3.38,0,0,FALSE
Female,Loyal Customer,45,Personal Travel,Eco,337,3,1,3,2,4,2,2,4,4,3,4,1,1,2.62,4,0,FALSE
Male,Loyal Customer,63,Personal Travel,Eco,669,4,4,4,2,2,4,2,2,4,3,5,5,2,3.31,2,5,TRUE
Female,Disloyal Customer,23,Business Travel,Eco,213,3,4,4,2,5,4,5,5,2,5,4,4,5,4,0,0,FALSE
Female,Disloyal Customer,22,Business Travel,Eco,56,1,5,1,3,5,1,5,5,3,5,5,4,5,3.69,0,16,FALSE
Male,Loyal Customer,55,Personal Travel,Eco Plus,616,3,5,3,4,2,3,2,2,3,4,4,3,2,3.08,0,0,FALSE
Female,Loyal Customer,62,Personal Travel,Eco,715,4,2,4,4,3,4,4,1,1,4,1,2,4,2.92,0,6,FALSE
Male,Loyal Customer,26,Personal Travel,Eco,156,4,5,4,3,5,4,2,5,3,2,5,4,5,3.92,0,0,FALSE
Female,Loyal Customer,62,Business Travel,Business,2793,0,0,0,4,3,4,4,4,4,4,4,4,3,2.92,2,0,TRUE
Male,Loyal Customer,48,Business Travel,Eco,296,4,3,3,3,4,4,4,4,5,1,2,3,4,3.38,0,0,TRUE
Male,Loyal Customer,49,Business Travel,Business,1609,2,2,2,2,2,3,4,5,5,5,5,5,4,3.54,0,0,TRUE
Female,Disloyal Customer,24,Business Travel,Eco,1244,3,3,3,1,3,3,3,3,4,1,5,3,3,2.92,0,0,FALSE
Female,Disloyal Customer,38,Business Travel,Business,406,5,5,5,3,3,5,3,3,5,4,5,4,3,4.08,0,0,TRUE
Male,Loyal Customer,45,Business Travel,Eco,1081,4,1,1,1,4,4,4,4,3,4,2,5,4,3.15,0,0,TRUE
Male,Loyal Customer,36,Personal Travel,Eco,425,4,3,4,4,3,4,2,3,1,2,3,2,3,2.92,5,4,FALSE
Female,Loyal Customer,54,Personal Travel,Eco,599,2,2,2,2,4,3,2,4,4,2,2,3,2,2.62,0,0,FALSE
Female,Loyal Customer,13,Personal Travel,Eco,273,3,2,3,3,2,3,4,2,2,4,4,3,2,2.85,0,0,FALSE
Female,Loyal Customer,56,Business Travel,Business,1371,1,1,1,1,2,5,5,5,5,5,5,4,5,3.46,0,1,TRUE
Male,Loyal Customer,34,Business Travel,Business,580,4,4,4,4,4,4,5,5,5,5,5,3,4,4.31,2,0,TRUE
Male,Loyal Customer,33,Business Travel,Business,363,1,1,1,1,5,5,5,5,2,2,3,3,5,3,0,0,TRUE
Male,Loyal Customer,19,Personal Travel,Eco,345,4,3,4,4,4,4,4,4,4,2,1,4,4,3.54,4,0,FALSE
Male,Disloyal Customer,65,Personal Travel,Eco,1076,2,4,2,1,4,2,4,4,3,3,4,4,4,3.15,8,19,FALSE
Male,Loyal Customer,36,Personal Travel,Eco,163,3,1,3,3,1,3,1,1,4,4,2,4,1,2.38,0,0,FALSE
Male,Loyal Customer,21,Business Travel,Business,3699,4,4,4,4,4,4,4,3,2,4,4,4,4,3.77,170,158,TRUE
Female,Loyal Customer,44,Business Travel,Business,1084,4,4,4,4,4,4,4,4,4,4,4,5,5,4.15,0,4,TRUE
Male,Loyal Customer,47,Business Travel,Business,74,2,2,2,2,2,5,4,4,4,4,5,4,4,3.38,0,0,TRUE
Female,Loyal Customer,33,Business Travel,Business,1919,3,5,5,5,1,4,4,3,3,3,3,1,1,3.15,0,0,FALSE
Female,Loyal Customer,33,Business Travel,Business,109,3,3,3,3,2,5,5,4,4,4,5,3,5,3.77,5,2,TRUE
Female,Loyal Customer,26,Business Travel,Business,500,4,4,4,4,4,4,4,4,1,5,3,2,4,3.62,0,0,TRUE
Female,Loyal Customer,43,Business Travel,Business,1620,1,2,2,2,2,1,2,1,1,2,1,1,4,1.69,39,19,FALSE
Male,Loyal Customer,68,Personal Travel,Eco,1046,2,1,2,4,5,2,5,5,2,4,4,2,5,3.31,3,0,FALSE
Female,Disloyal Customer,23,Business Travel,Eco,447,3,4,3,3,1,3,1,1,5,3,4,5,1,2.85,0,0,FALSE
Male,Loyal Customer,43,Personal Travel,Eco,240,3,5,0,3,1,0,1,1,4,4,4,4,1,2.38,31,28,FALSE
Male,Loyal Customer,41,Business Travel,Business,3522,1,1,1,1,1,5,2,4,4,4,4,3,1,2.46,0,0,TRUE
Male,Loyal Customer,44,Business Travel,Eco Plus,957,5,2,2,2,5,5,5,5,1,3,2,2,5,3.38,3,0,TRUE
Male,Disloyal Customer,23,Business Travel,Eco,296,1,0,2,2,2,2,2,2,4,2,4,3,2,2.15,0,0,FALSE
Male,Loyal Customer,42,Business Travel,Business,3985,3,3,5,3,1,2,4,5,5,5,4,3,2,3.46,12,8,TRUE
Male,Loyal Customer,48,Business Travel,Business,1697,3,3,3,3,2,5,4,4,4,5,4,5,3,3.69,6,0,TRUE
Female,Loyal Customer,48,Personal Travel,Eco Plus,262,5,4,0,4,1,4,5,4,4,0,2,5,1,3,0,0,TRUE
Male,Loyal Customer,55,Business Travel,Business,2145,1,1,3,1,2,5,5,1,1,2,1,3,3,2.23,1,15,TRUE
Male,Loyal Customer,11,Personal Travel,Eco,366,2,5,3,2,1,3,1,1,1,2,2,2,1,2,0,0,FALSE
Female,Loyal Customer,63,Personal Travel,Eco,719,1,4,1,2,4,4,5,5,5,1,4,4,5,3.46,0,0,FALSE
Female,Loyal Customer,68,Personal Travel,Eco,223,2,5,2,2,2,5,5,5,5,2,5,5,3,3.69,18,7,FALSE
Male,Loyal Customer,49,Business Travel,Business,646,4,2,4,4,3,4,5,4,4,4,4,4,4,3.85,4,0,TRUE
Male,Loyal Customer,40,Business Travel,Eco,1005,2,3,3,3,2,2,2,2,2,2,4,1,2,2.31,10,10,FALSE
Male,Loyal Customer,48,Business Travel,Business,391,4,4,4,4,4,5,4,5,5,5,5,5,4,4.46,3,0,TRUE
Male,Loyal Customer,30,Business Travel,Eco,616,5,1,1,1,5,5,5,5,3,5,2,2,5,3.46,0,0,TRUE
Male,Disloyal Customer,36,Business Travel,Eco,237,3,0,3,2,1,3,1,1,4,2,1,2,1,1.85,0,0,FALSE
Female,Loyal Customer,37,Personal Travel,Eco,2565,2,2,2,4,2,4,3,3,3,2,4,3,3,2.85,0,3,FALSE
Male,Loyal Customer,33,Business Travel,Business,283,4,1,1,1,4,4,4,4,1,1,3,4,4,2.77,19,35,FALSE
Male,Loyal Customer,75,Business Travel,Business,2576,4,5,5,5,4,2,3,4,4,4,4,4,3,3.92,5,4,FALSE
Male,Disloyal Customer,42,Business Travel,Eco,854,1,1,1,2,4,1,4,4,1,1,4,1,4,2.23,0,0,FALSE
Female,Loyal Customer,55,Business Travel,Business,1565,4,4,1,4,2,5,4,4,4,5,4,3,3,3.62,3,0,TRUE
Female,Loyal Customer,51,Business Travel,Business,957,2,2,2,2,4,5,4,4,4,4,4,4,5,3.54,50,39,TRUE
Female,Loyal Customer,23,Personal Travel,Eco,229,3,5,3,2,1,3,1,1,5,5,4,5,1,3,3,0,FALSE
Female,Loyal Customer,40,Business Travel,Eco,1035,1,5,5,5,1,1,1,1,4,4,4,2,1,2.69,0,0,FALSE
Male,Loyal Customer,30,Personal Travel,Eco,503,4,3,4,3,3,4,3,3,4,1,3,4,3,3.23,0,0,FALSE
Male,Loyal Customer,45,Business Travel,Business,852,3,3,3,3,5,5,5,4,4,4,4,5,3,3.92,0,3,TRUE
Male,Disloyal Customer,20,Business Travel,Eco,270,1,0,0,4,5,0,5,5,4,2,5,4,5,3.08,0,0,FALSE
Female,Loyal Customer,58,Business Travel,Eco,1167,4,4,4,4,4,4,4,5,4,2,3,4,4,3.85,244,261,TRUE
Female,Loyal Customer,52,Business Travel,Business,723,5,5,5,5,2,4,4,5,5,5,5,3,5,4.46,0,0,TRUE
Male,Loyal Customer,56,Business Travel,Business,1593,4,5,4,4,4,4,5,3,3,4,3,3,3,3.77,17,3,TRUE
Male,Loyal Customer,60,Business Travel,Business,2329,5,5,5,5,5,5,2,5,5,5,5,1,4,4.38,0,17,TRUE
Female,Disloyal Customer,20,Business Travel,Eco,678,3,3,3,5,4,3,5,4,4,4,5,5,4,4,0,0,FALSE
Male,Loyal Customer,25,Business Travel,Business,1012,4,4,4,4,3,3,3,3,3,4,5,5,3,3.69,4,0,TRUE
Female,Loyal Customer,31,Business Travel,Business,1521,1,1,1,1,5,5,5,5,5,5,5,4,5,3.69,52,43,TRUE
Male,Loyal Customer,40,Personal Travel,Business,187,1,5,1,3,4,5,5,1,1,1,1,3,3,2.62,0,0,FALSE
Female,Loyal Customer,40,Business Travel,Business,1533,4,4,4,4,2,5,4,4,4,4,4,4,3,3.85,50,46,TRUE
Female,Loyal Customer,59,Business Travel,Eco,2521,2,2,4,4,5,2,4,2,2,2,2,3,1,2.69,0,0,FALSE
Female,Disloyal Customer,20,Business Travel,Business,533,4,5,3,5,4,3,4,4,3,2,5,5,4,3.92,21,8,TRUE
Male,Disloyal Customer,27,Business Travel,Eco,371,1,0,1,2,3,1,3,3,1,2,1,5,3,2,0,0,FALSE
Female,Loyal Customer,42,Business Travel,Business,2726,1,1,5,1,2,4,4,5,5,5,5,3,5,3.54,3,0,TRUE
Male,Loyal Customer,31,Personal Travel,Eco,1020,4,0,4,4,4,4,4,4,3,5,2,2,4,3.38,0,0,TRUE
Female,Loyal Customer,32,Business Travel,Business,2805,4,4,4,4,5,4,5,5,4,4,4,3,5,4.23,0,0,TRUE
Female,Loyal Customer,50,Personal Travel,Eco,425,2,0,4,4,5,5,5,5,5,4,5,2,5,3.92,48,33,FALSE
Male,Loyal Customer,16,Personal Travel,Eco,230,2,4,0,3,4,0,4,4,5,3,5,5,4,3.31,2,0,FALSE
Female,Disloyal Customer,20,Business Travel,Business,236,0,0,0,3,1,0,1,1,4,3,4,4,1,1.69,6,0,TRUE
Female,Loyal Customer,36,Business Travel,Eco,188,4,4,4,4,4,4,4,4,3,2,5,4,4,3.85,0,0,TRUE
Male,Disloyal Customer,26,Business Travel,Business,931,0,0,0,3,2,0,2,2,3,2,4,4,2,1.85,0,0,TRUE
Male,Loyal Customer,47,Business Travel,Business,2552,4,4,4,4,5,5,4,2,2,2,2,4,4,3.54,0,0,TRUE
Female,Loyal Customer,20,Personal Travel,Eco,746,2,4,1,4,4,1,4,4,4,5,4,3,4,3.38,79,78,FALSE
Male,Loyal Customer,53,Personal Travel,Eco,1464,3,5,3,2,5,3,5,5,4,2,3,5,5,3.85,31,33,FALSE
Female,Loyal Customer,44,Business Travel,Business,1014,2,2,2,2,2,4,5,5,5,5,5,5,4,3.69,0,0,TRUE
Male,Loyal Customer,30,Business Travel,Business,1416,4,4,4,4,5,5,5,5,1,2,1,4,5,3.77,0,0,TRUE
Male,Loyal Customer,48,Business Travel,Eco,500,3,2,2,2,3,3,3,3,4,5,2,5,3,3.08,0,0,TRUE
Female,Loyal Customer,55,Personal Travel,Eco Plus,735,3,4,3,3,3,3,1,2,2,3,1,1,2,2.38,6,0,FALSE
Female,Loyal Customer,47,Personal Travel,Eco,2556,2,5,2,3,4,5,1,5,5,2,5,1,2,3.23,0,0,FALSE
Female,Disloyal Customer,46,Business Travel,Business,1056,1,0,0,2,2,1,2,2,4,2,4,4,2,2,0,0,FALSE
Female,Loyal Customer,63,Personal Travel,Eco,575,4,4,4,1,2,4,4,3,3,4,2,5,4,3.38,0,1,FALSE
Male,Loyal Customer,58,Business Travel,Business,184,3,3,4,3,4,4,4,5,5,5,5,3,3,3.92,0,0,TRUE
Male,Loyal Customer,43,Business Travel,Business,407,2,2,2,2,5,4,4,5,5,5,5,3,5,3.77,5,0,TRUE
Female,Disloyal Customer,49,Business Travel,Eco,944,1,1,1,3,1,1,1,1,4,2,3,2,1,1.69,53,13,FALSE
Male,Disloyal Customer,24,Business Travel,Eco,980,2,2,2,2,3,2,4,3,5,4,4,3,3,3,3,39,FALSE
Male,Loyal Customer,31,Business Travel,Business,204,0,5,0,3,5,4,4,5,5,5,4,4,5,3.77,21,7,TRUE
Male,Disloyal Customer,23,Business Travel,Eco,667,4,1,5,2,4,5,4,4,4,2,3,1,4,3.31,0,1,FALSE
Male,Loyal Customer,12,Personal Travel,Eco,271,4,0,4,4,3,4,3,3,4,2,2,1,3,2.85,40,33,FALSE
Male,Loyal Customer,35,Business Travel,Eco,599,1,4,4,4,1,1,1,1,3,3,3,2,1,2.23,0,0,FALSE
Female,Loyal Customer,20,Business Travel,Business,325,1,1,1,1,1,1,1,1,1,2,4,1,1,1.31,0,0,FALSE
Male,Loyal Customer,71,Business Travel,Eco,262,1,5,5,5,2,1,2,2,4,5,1,2,2,2.85,0,5,FALSE
Male,Loyal Customer,45,Business Travel,Business,255,5,5,5,5,3,5,4,3,3,4,3,4,3,4,62,64,TRUE
Female,Loyal Customer,45,Personal Travel,Eco,1107,4,0,3,2,5,5,4,4,4,3,4,4,4,3.54,0,0,TRUE
Male,Loyal Customer,54,Business Travel,Eco,776,1,3,3,3,1,1,1,1,4,2,3,3,1,2.08,11,38,FALSE
Female,Loyal Customer,29,Personal Travel,Eco,1222,2,5,2,3,3,2,3,3,1,2,2,1,3,2.46,3,0,FALSE
Male,Loyal Customer,38,Personal Travel,Eco,102,1,5,0,3,2,0,2,2,3,3,4,5,2,2.46,0,0,FALSE
Female,Loyal Customer,47,Business Travel,Business,843,2,2,2,2,4,5,5,4,4,4,4,4,3,3.46,0,0,TRUE
Female,Loyal Customer,60,Business Travel,Business,1587,1,1,1,1,2,3,4,4,4,5,4,3,3,2.77,0,0,TRUE
Male,Disloyal Customer,38,Business Travel,Business,405,2,2,2,1,1,2,1,1,5,4,5,5,1,2.46,0,0,TRUE
Male,Loyal Customer,33,Personal Travel,Eco,1303,1,4,1,5,4,1,4,4,4,5,5,5,4,3.62,0,0,FALSE
Male,Loyal Customer,46,Personal Travel,Eco Plus,328,0,2,0,2,4,0,4,4,2,5,3,2,4,2.46,0,0,TRUE
Female,Disloyal Customer,35,Business Travel,Business,895,2,2,2,1,4,2,5,4,5,4,5,4,4,3.38,0,0,FALSE
Male,Disloyal Customer,25,Business Travel,Business,277,4,0,4,2,3,4,3,3,5,2,1,1,3,2.69,25,55,TRUE
Female,Loyal Customer,44,Business Travel,Eco Plus,563,5,3,3,3,5,4,3,5,5,5,5,2,5,4.08,0,0,TRUE
Male,Loyal Customer,16,Personal Travel,Eco,1195,4,4,4,3,2,4,2,2,3,2,5,5,2,3.23,3,0,FALSE
Male,Loyal Customer,40,Business Travel,Business,345,3,3,3,3,3,4,5,5,5,4,5,5,3,3.92,0,5,TRUE
Male,Disloyal Customer,34,Business Travel,Business,2295,2,2,2,4,1,2,1,1,4,4,3,5,1,2.46,9,0,FALSE
Male,Loyal Customer,47,Personal Travel,Eco,431,3,5,3,2,3,3,3,3,5,2,5,5,3,3.46,0,0,FALSE
Male,Loyal Customer,47,Personal Travel,Eco,190,1,4,1,3,5,1,5,5,4,2,5,3,5,3.38,1,,FALSE
Male,Loyal Customer,26,Business Travel,Eco,1050,4,2,4,2,4,4,3,4,1,4,4,5,4,3.46,0,0,TRUE
Female,Loyal Customer,39,Personal Travel,Eco,1011,1,3,1,3,2,1,2,2,3,4,3,4,2,2.38,0,0,FALSE
Male,Loyal Customer,58,Business Travel,Business,3534,1,4,1,1,4,4,5,3,3,3,3,4,4,3.08,0,0,TRUE
Female,Loyal Customer,48,Business Travel,Business,1199,1,4,4,4,2,3,4,1,1,1,1,1,1,2.15,0,4,FALSE
Female,Loyal Customer,33,Business Travel,Business,2030,4,4,4,4,1,3,4,4,4,4,4,1,3,3.38,0,0,FALSE
Male,Loyal Customer,26,Personal Travel,Business,456,1,4,1,5,3,1,3,3,3,3,5,3,3,2.92,0,3,FALSE
Female,Loyal Customer,62,Personal Travel,Eco,370,2,5,2,5,1,1,1,3,3,2,3,1,2,2.38,0,0,FALSE
Female,Disloyal Customer,23,Business Travel,Eco,447,3,0,3,3,4,3,4,4,3,5,5,3,4,3.38,57,61,FALSE
Female,Loyal Customer,12,Business Travel,Business,1502,1,1,2,1,4,4,4,4,4,2,4,5,4,3.08,0,0,TRUE
Male,Loyal Customer,12,Personal Travel,Eco,1208,2,1,2,2,2,2,2,2,4,5,3,4,2,2.54,3,6,FALSE
Female,Loyal Customer,46,Business Travel,Business,1573,5,5,5,5,5,5,5,5,5,5,5,3,3,4.69,73,64,TRUE
Male,Loyal Customer,18,Business Travel,Business,190,4,4,4,4,4,4,5,4,4,2,4,2,4,3.77,0,2,TRUE
Female,Loyal Customer,42,Business Travel,Business,1612,4,4,4,4,3,5,5,5,5,5,5,4,4,4.38,4,0,TRUE
Female,Disloyal Customer,29,Business Travel,Eco,1400,1,0,0,4,3,1,3,3,2,4,2,1,3,2.08,1,0,FALSE
Male,Loyal Customer,8,Personal Travel,Eco,240,0,5,0,2,5,0,3,5,3,5,4,3,5,3.08,0,0,TRUE
Male,Loyal Customer,30,Business Travel,Business,370,4,4,4,4,4,4,4,4,3,3,5,4,4,3.92,0,11,TRUE
Female,Loyal Customer,43,Business Travel,Eco,2586,3,5,1,5,3,4,4,2,4,2,2,4,4,3.31,31,33,FALSE
Male,Disloyal Customer,48,Business Travel,Business,1744,5,5,5,2,5,5,5,5,5,2,4,4,5,4.38,5,29,TRUE
Female,Loyal Customer,55,Business Travel,Business,459,5,4,4,4,3,1,1,5,5,4,5,4,3,3.69,118,115,FALSE
Male,Loyal Customer,28,Business Travel,Business,210,5,5,5,5,4,4,4,4,5,5,5,3,4,4.46,98,102,TRUE
Female,Loyal Customer,55,Business Travel,Business,992,1,1,3,1,2,4,4,4,4,4,4,3,4,3,1,5,TRUE
Male,Loyal Customer,59,Personal Travel,Eco Plus,1014,2,4,2,4,1,2,1,1,4,4,1,3,1,2.31,46,48,FALSE
Male,Loyal Customer,61,Personal Travel,Eco,241,4,5,4,4,3,4,3,3,3,2,4,4,3,3.54,0,2,TRUE
Male,Disloyal Customer,26,Business Travel,Eco,944,4,4,4,2,4,4,4,4,4,2,5,3,4,3.69,0,0,FALSE
Female,Loyal Customer,24,Business Travel,Eco,1237,5,1,1,1,5,5,4,5,2,4,4,4,5,3.54,21,5,TRUE
Female,Disloyal Customer,29,Business Travel,Business,883,5,5,5,1,1,5,1,1,3,3,4,3,1,2.92,4,5,TRUE
Male,Loyal Customer,37,Business Travel,Business,346,1,2,2,2,3,3,4,1,1,1,1,1,4,2,55,42,FALSE
Male,Loyal Customer,30,Business Travel,Business,606,3,5,5,5,3,4,3,3,4,5,4,1,3,3.69,0,4,FALSE
Male,Loyal Customer,30,Business Travel,Business,1916,4,4,5,4,4,4,4,4,5,3,5,3,4,4.08,0,0,TRUE
Male,Disloyal Customer,24,Business Travel,Eco,226,3,0,3,5,3,3,3,3,3,5,5,3,3,3.23,0,0,FALSE
Female,Loyal Customer,32,Business Travel,Eco Plus,2442,2,3,3,3,2,2,2,2,4,1,1,1,2,2.15,30,8,FALSE
Female,Loyal Customer,30,Business Travel,Business,302,0,0,0,2,4,4,4,4,3,4,4,4,4,2.85,20,21,TRUE
Male,Loyal Customer,47,Business Travel,Business,2055,3,3,3,3,3,5,4,5,5,5,5,3,3,3.85,0,10,TRUE
Male,Loyal Customer,69,Personal Travel,Eco,641,4,5,3,3,3,3,5,3,3,3,5,5,3,3.69,2,0,FALSE
Male,Loyal Customer,39,Business Travel,Business,3641,4,4,2,4,4,5,4,4,4,4,4,3,4,3.85,14,11,TRUE
Female,Loyal Customer,24,Business Travel,Business,2704,4,1,1,1,3,4,4,1,2,3,4,4,4,2.77,2,12,FALSE
Female,Loyal Customer,34,Business Travel,Business,373,5,5,2,5,1,1,2,4,4,4,4,3,5,3.46,0,6,TRUE
Female,Loyal Customer,34,Business Travel,Business,926,3,3,3,3,5,4,5,4,4,4,4,3,5,3.85,0,0,TRUE
Male,Loyal Customer,35,Business Travel,Eco,507,1,3,3,3,1,1,1,1,1,2,3,1,1,1.69,0,0,FALSE
Female,Loyal Customer,20,Personal Travel,Eco,842,3,5,3,3,1,3,3,1,5,2,2,2,1,2.62,11,6,FALSE
Male,Loyal Customer,15,Personal Travel,Eco,304,3,4,3,3,5,3,2,5,5,3,4,3,5,3.69,23,18,FALSE
Male,Disloyal Customer,24,Business Travel,Eco,468,2,2,2,3,2,2,2,2,1,4,3,3,2,2.31,0,0,FALSE
Male,Disloyal Customer,23,Business Travel,Eco,200,4,0,4,3,4,4,4,4,1,1,3,3,4,3,0,0,FALSE
Female,Disloyal Customer,46,Business Travel,Business,1211,3,3,3,3,3,3,3,3,4,5,5,3,3,3.38,9,0,FALSE
Male,Loyal Customer,10,Business Travel,Business,575,1,1,1,1,4,4,4,4,3,2,5,4,4,2.92,0,0,TRUE
Male,Loyal Customer,67,Personal Travel,Eco,1249,1,4,1,3,3,1,3,3,5,3,4,4,3,2.92,10,3,FALSE
Female,Loyal Customer,7,Personal Travel,Eco,409,2,3,2,2,4,2,2,4,1,1,3,4,4,2.62,0,9,FALSE
Female,Loyal Customer,49,Personal Travel,Eco,214,4,2,4,2,2,2,3,4,4,4,4,3,1,3,43,68,FALSE
Female,Disloyal Customer,41,Business Travel,Eco,1190,3,3,3,1,4,3,4,4,2,2,2,2,4,2.85,22,36,FALSE
Female,Loyal Customer,50,Business Travel,Business,544,5,5,5,5,5,5,5,2,2,2,2,3,5,3.92,0,0,TRUE
Female,Disloyal Customer,21,Business Travel,Eco,585,5,2,5,2,4,5,4,4,5,5,4,3,4,4,9,51,TRUE
Male,Loyal Customer,34,Business Travel,Business,338,4,4,4,4,2,4,5,4,4,4,4,3,3,3.77,19,13,TRUE
Female,Disloyal Customer,40,Business Travel,Business,370,4,4,4,3,4,4,4,4,4,5,3,4,4,3.92,0,0,FALSE
Female,Loyal Customer,66,Personal Travel,Eco,562,4,4,4,2,2,4,4,5,5,4,5,4,3,3.85,88,83,FALSE
Male,Loyal Customer,25,Personal Travel,Eco,399,1,2,1,2,3,1,2,3,3,5,2,4,3,2.46,22,16,FALSE
Male,Disloyal Customer,23,Business Travel,Eco,468,2,5,2,2,2,2,2,2,5,2,5,5,2,2.92,0,0,FALSE
Male,Loyal Customer,56,Business Travel,Business,2345,3,3,5,3,3,5,5,5,5,5,5,3,4,4.15,77,80,TRUE
Female,Disloyal Customer,22,Business Travel,Eco,266,3,0,3,3,4,3,5,4,3,3,2,3,4,3.08,0,0,FALSE
Male,Loyal Customer,31,Business Travel,Business,1226,3,4,4,4,3,3,3,3,3,3,4,1,3,3.15,127,123,FALSE
Male,Loyal Customer,43,Personal Travel,Eco,280,2,3,2,4,1,2,1,1,5,4,4,4,1,2.62,0,0,FALSE
Male,Loyal Customer,43,Business Travel,Business,2941,1,1,1,1,2,2,1,5,5,5,5,3,3,2.69,41,46,TRUE
Female,Loyal Customer,43,Business Travel,Business,2862,1,1,1,1,3,5,5,5,5,5,5,5,5,3.62,0,0,TRUE
Female,Loyal Customer,28,Business Travel,Business,1242,5,5,5,5,4,4,4,4,5,4,4,4,4,4.38,15,2,TRUE
Male,Loyal Customer,71,Business Travel,Business,3230,5,5,5,5,4,5,5,4,4,4,4,3,3,4.31,0,0,TRUE
Male,Disloyal Customer,43,Business Travel,Eco,337,1,3,1,4,2,1,2,2,3,4,4,4,2,2.54,8,10,FALSE
Male,Loyal Customer,46,Business Travel,Eco,89,5,1,1,1,5,5,5,5,1,1,2,3,5,3.08,0,0,TRUE
Female,Loyal Customer,42,Business Travel,Business,1865,1,1,1,1,3,4,5,4,4,4,4,4,4,3.08,37,21,TRUE
Female,Loyal Customer,20,Personal Travel,Business,2556,3,4,3,2,4,3,4,4,1,1,4,1,4,2.92,15,2,FALSE
Female,Disloyal Customer,24,Business Travel,Eco,551,4,4,4,4,4,4,4,4,1,5,3,2,4,3.62,0,0,FALSE
Female,Loyal Customer,61,Business Travel,Eco,383,3,3,2,3,1,4,4,3,3,3,3,3,2,2.85,5,14,FALSE
Female,Loyal Customer,20,Personal Travel,Eco,515,2,5,2,4,5,2,5,5,4,4,5,5,5,4.08,0,13,FALSE
Female,Loyal Customer,52,Personal Travel,Eco,731,1,5,1,2,4,3,4,4,4,1,4,2,2,2.85,0,0,FALSE
Female,Loyal Customer,39,Personal Travel,Eco,712,2,5,1,2,4,1,4,4,2,2,4,4,4,3,0,0,FALSE
Male,Loyal Customer,50,Business Travel,Eco,957,1,5,5,5,1,1,1,1,3,5,3,4,1,2.77,0,0,FALSE
Female,Loyal Customer,41,Personal Travel,Eco,853,1,5,1,4,2,1,2,2,3,2,4,4,2,2.54,0,0,FALSE
Male,Loyal Customer,7,Personal Travel,Eco,1246,3,4,3,2,3,3,3,3,5,4,4,5,3,3.46,0,0,FALSE
Male,Disloyal Customer,24,Business Travel,Business,612,4,0,5,5,1,5,1,1,3,2,4,3,1,2.69,0,0,TRUE
Male,Loyal Customer,10,Personal Travel,Eco,1726,4,1,4,3,3,4,3,3,1,5,4,2,3,3.08,0,0,FALSE
Female,Loyal Customer,69,Business Travel,Business,581,2,5,5,5,4,4,4,2,2,2,2,1,1,3,4,4,FALSE
Female,Disloyal Customer,37,Business Travel,Eco,368,1,1,1,3,2,1,2,2,2,4,4,2,2,2.08,22,12,FALSE
Female,Loyal Customer,53,Personal Travel,Eco,2172,3,5,4,3,4,5,5,5,5,4,5,4,3,4.23,1,9,FALSE
Male,Loyal Customer,65,Personal Travel,Eco,585,2,5,2,2,2,2,5,2,4,2,5,3,2,2.92,0,10,FALSE
Female,Loyal Customer,57,Business Travel,Eco,762,1,2,2,2,2,4,3,1,1,1,1,3,2,1.92,0,0,FALSE
Male,Loyal Customer,52,Business Travel,Business,1491,4,4,4,4,4,5,4,4,4,5,4,3,3,4,10,0,TRUE
Female,Loyal Customer,37,Business Travel,Business,2930,1,3,3,3,1,2,3,1,1,1,1,2,2,1.85,0,0,FALSE
Male,Disloyal Customer,24,Business Travel,Eco,141,1,0,1,3,4,1,4,4,3,3,1,1,4,2.31,2,0,FALSE
Female,Disloyal Customer,22,Business Travel,Eco,329,3,0,3,3,5,3,5,5,3,5,4,3,5,3.62,38,42,FALSE
Male,Loyal Customer,60,Business Travel,Eco,680,4,3,3,3,4,4,4,4,3,4,3,4,4,3.62,0,0,FALSE
Female,Disloyal Customer,17,Business Travel,Business,882,0,5,0,4,2,5,2,2,4,2,4,5,2,2.85,0,0,TRUE
Female,Loyal Customer,60,Business Travel,Business,515,2,2,2,2,5,5,5,5,5,5,5,3,3,3.77,0,0,TRUE
Male,Loyal Customer,33,Personal Travel,Eco,337,5,2,5,4,4,5,4,4,3,1,3,4,4,3.69,0,0,TRUE
Male,Disloyal Customer,20,Business Travel,Business,1671,2,2,2,1,5,2,5,5,1,1,1,1,5,2.54,0,28,FALSE
Female,Loyal Customer,57,Personal Travel,Eco,991,4,2,4,4,2,4,3,5,5,4,5,2,2,3.54,4,0,FALSE
Male,Loyal Customer,38,Personal Travel,Eco,1044,2,5,2,2,3,2,3,3,4,4,4,4,3,3.15,0,8,FALSE
Male,Loyal Customer,26,Business Travel,Business,3568,3,5,3,3,5,5,5,5,4,5,3,5,5,4.31,0,0,TRUE
Male,Loyal Customer,25,Business Travel,Business,1195,2,2,3,2,5,5,5,5,2,3,5,1,5,3.46,0,0,TRUE
Female,Loyal Customer,54,Business Travel,Business,3668,4,4,4,4,5,4,4,4,4,4,4,3,5,4.08,0,0,TRUE
Male,Loyal Customer,65,Business Travel,Business,1235,2,2,2,2,3,2,3,2,2,2,2,4,2,2.31,10,0,FALSE
Female,Disloyal Customer,29,Business Travel,Business,919,5,5,5,3,2,5,2,2,4,3,4,5,2,3.62,0,10,TRUE
Male,Loyal Customer,54,Business Travel,Business,2516,2,2,2,2,5,5,5,2,2,2,2,4,4,3,0,9,TRUE
Female,Loyal Customer,52,Personal Travel,Eco,550,2,3,2,3,1,1,4,2,2,2,2,5,1,2.31,0,0,FALSE
Female,Loyal Customer,34,Personal Travel,Eco,844,3,4,3,1,4,3,4,4,5,4,4,4,4,3.62,40,105,FALSE
Male,Loyal Customer,7,Personal Travel,Eco,1562,3,5,2,4,2,2,3,2,3,2,4,4,2,2.92,0,0,FALSE
Male,Disloyal Customer,26,Business Travel,Business,932,2,1,1,4,3,1,3,3,5,5,4,5,3,3.08,40,26,FALSE
Female,Disloyal Customer,25,Business Travel,Business,550,4,5,5,4,1,5,2,1,5,2,4,4,1,3.31,0,6,TRUE
Female,Loyal Customer,46,Business Travel,Business,2389,4,4,2,4,5,5,4,3,3,3,3,4,5,3.77,93,94,TRUE
Female,Disloyal Customer,21,Business Travel,Eco,2296,3,3,3,4,5,3,5,5,5,3,4,3,5,3.92,5,0,FALSE
Female,Loyal Customer,58,Business Travel,Business,2598,2,2,2,2,3,4,5,4,4,4,4,5,4,3.46,0,0,TRUE
Female,Loyal Customer,40,Business Travel,Business,479,3,3,1,3,5,3,5,5,5,5,5,5,2,3.85,0,0,TRUE
Male,Loyal Customer,32,Personal Travel,Eco,399,5,4,5,4,5,5,5,5,3,5,1,4,5,4.31,0,0,TRUE
Female,Disloyal Customer,23,Business Travel,Eco,531,1,5,1,1,2,1,2,2,3,1,5,4,2,2.31,0,2,FALSE
Male,Loyal Customer,36,Business Travel,Business,1832,5,5,5,5,2,4,4,5,5,5,5,4,5,4.54,1,2,TRUE
Female,Disloyal Customer,62,Business Travel,Business,404,4,4,4,2,4,4,4,4,5,5,4,4,4,4,7,3,TRUE
Female,Loyal Customer,38,Business Travel,Business,2427,1,1,1,1,4,4,5,4,4,4,4,4,4,3.15,1,0,TRUE
Female,Loyal Customer,38,Business Travel,Business,3934,5,5,5,5,3,5,5,2,2,2,2,4,4,3.77,0,0,TRUE
Male,Loyal Customer,34,Personal Travel,Eco,920,3,5,3,4,2,3,2,2,3,4,4,4,2,3.15,0,0,FALSE
Female,Loyal Customer,59,Business Travel,Business,1887,2,2,2,2,5,5,4,5,5,5,5,4,4,3.85,11,16,TRUE
Male,Loyal Customer,25,Business Travel,Eco,2521,1,5,5,5,1,1,1,2,3,3,3,1,1,2.46,0,4,FALSE
Female,Loyal Customer,38,Business Travel,Eco,199,4,5,4,5,4,4,4,4,3,2,5,1,4,3.77,0,25,TRUE
Female,Loyal Customer,27,Business Travel,Business,1444,2,2,2,2,4,5,4,4,4,3,4,3,4,3.31,0,0,TRUE
Female,Loyal Customer,32,Business Travel,Business,651,2,4,3,4,2,2,2,2,4,1,4,2,2,2.62,0,0,FALSE
Female,Disloyal Customer,54,Business Travel,Eco,901,4,4,4,3,4,5,5,2,4,2,2,5,5,3.77,49,38,FALSE
Female,Loyal Customer,36,Business Travel,Eco Plus,453,1,2,2,2,1,1,1,1,3,2,3,2,1,1.69,0,1,FALSE
Male,Disloyal Customer,49,Business Travel,Eco,1521,3,3,3,3,3,3,3,3,4,4,3,1,3,3,1,0,FALSE
Female,Loyal Customer,57,Business Travel,Business,1197,1,1,1,1,5,4,4,3,3,3,3,4,3,2.77,23,24,TRUE
Male,Loyal Customer,55,Business Travel,Eco,102,4,5,5,5,5,4,5,5,4,5,4,4,5,4.62,0,0,TRUE
Male,Disloyal Customer,38,Business Travel,Eco,780,2,2,2,4,3,2,3,3,1,1,5,4,3,2.69,0,10,FALSE
Female,Disloyal Customer,22,Business Travel,Eco,342,4,0,5,1,3,5,3,3,4,4,4,5,3,3.38,0,0,TRUE
Female,Loyal Customer,27,Personal Travel,Eco,2475,1,0,1,3,4,1,4,4,2,5,4,4,4,2.85,0,0,FALSE
Female,Loyal Customer,57,Business Travel,Business,2690,5,1,5,5,4,4,4,2,2,2,2,4,5,3.46,0,0,TRUE
Male,Loyal Customer,36,Business Travel,Business,872,2,2,2,2,5,5,4,5,5,5,5,4,5,3.92,0,0,TRUE
Female,Loyal Customer,58,Business Travel,Eco,529,3,3,2,3,3,4,3,3,3,3,3,2,1,2.77,73,83,FALSE
Female,Loyal Customer,48,Personal Travel,Eco,919,1,2,1,3,3,3,4,1,1,1,1,3,2,2,0,7,FALSE
Female,Loyal Customer,40,Personal Travel,Eco,164,2,5,2,4,5,2,5,5,4,4,5,2,5,3.85,9,11,FALSE
Female,Loyal Customer,47,Business Travel,Business,362,4,4,4,4,4,5,4,4,4,4,4,3,3,3.92,0,0,TRUE
Female,Loyal Customer,63,Personal Travel,Eco,591,2,4,2,3,2,4,5,2,2,2,5,4,4,3.15,0,0,FALSE
Female,Loyal Customer,51,Personal Travel,Eco,925,4,2,3,3,3,2,2,1,1,3,1,3,3,2.38,5,17,FALSE
Male,Loyal Customer,54,Business Travel,Business,3414,3,3,3,3,2,4,5,5,5,5,5,5,4,4,0,0,TRUE
Female,Loyal Customer,64,Personal Travel,Eco,1055,1,4,1,4,2,4,4,2,2,1,2,4,4,2.69,0,0,FALSE
Male,Loyal Customer,58,Business Travel,Business,672,3,3,3,3,4,5,5,5,5,5,5,4,5,4.23,0,4,TRUE
Male,Loyal Customer,44,Business Travel,Business,2859,1,1,1,1,5,2,1,4,4,4,4,2,5,2.69,12,23,TRUE
Male,Disloyal Customer,29,Business Travel,Business,1171,0,0,0,4,3,0,3,3,3,4,5,3,3,2.38,0,0,TRUE
Male,Loyal Customer,47,Personal Travel,Eco,391,3,5,3,3,1,3,1,1,1,4,4,5,1,2.69,11,28,FALSE
Male,Disloyal Customer,24,Business Travel,Eco,1825,3,3,3,3,3,3,3,3,3,5,4,3,3,3.23,0,0,FALSE
Female,Disloyal Customer,35,Business Travel,Business,89,4,5,5,3,3,5,3,3,2,2,4,4,3,3.54,0,0,FALSE
Male,Loyal Customer,57,Business Travel,Business,3559,1,1,1,1,5,4,4,3,3,2,3,4,3,2.69,5,0,TRUE
Female,Loyal Customer,31,Business Travel,Eco,1892,2,2,2,2,2,1,2,2,2,4,3,2,2,2.15,0,0,FALSE
Male,Loyal Customer,46,Business Travel,Eco,1146,4,3,3,3,4,4,4,4,3,4,4,1,4,3.46,130,121,TRUE
Female,Loyal Customer,50,Personal Travel,Eco,337,4,1,2,3,2,3,3,3,3,2,3,1,2,2.46,0,0,TRUE
Male,Loyal Customer,53,Business Travel,Business,2064,5,5,5,5,2,2,1,5,5,5,5,3,1,3.77,0,0,TRUE
Male,Loyal Customer,27,Personal Travel,Eco,271,2,1,2,3,2,2,2,2,1,4,4,1,2,2.15,39,25,FALSE
Female,Loyal Customer,42,Business Travel,Business,326,3,3,4,3,2,5,5,5,5,5,5,5,3,4.08,0,0,TRUE
Female,Loyal Customer,60,Business Travel,Business,279,4,4,1,4,2,4,5,5,5,4,5,3,5,3.92,0,0,TRUE
Female,Loyal Customer,41,Business Travel,Business,2863,5,5,5,5,5,4,4,4,4,4,4,4,3,4.31,0,4,TRUE
Female,Loyal Customer,64,Business Travel,Business,2749,3,3,3,3,2,2,3,3,3,3,3,3,2,2.77,11,6,FALSE
Female,Loyal Customer,55,Business Travel,Business,368,4,4,4,4,4,4,4,3,1,5,5,4,4,3.85,178,174,TRUE
Female,Loyal Customer,39,Business Travel,Business,240,2,2,2,2,2,5,5,5,5,5,5,4,4,3.69,21,25,TRUE
Female,Loyal Customer,16,Personal Travel,Eco Plus,544,3,2,3,3,2,3,2,2,3,5,4,3,2,2.85,0,8,FALSE
Female,Loyal Customer,56,Business Travel,Business,3272,3,3,3,3,4,5,5,5,5,5,5,3,5,4.15,0,0,TRUE
Female,Loyal Customer,22,Business Travel,Business,776,3,1,1,1,3,3,3,3,1,2,4,3,3,2.38,7,10,FALSE
Female,Loyal Customer,13,Personal Travel,Eco,599,2,3,3,4,4,3,4,4,1,3,3,2,4,3.08,0,0,FALSE
Female,Loyal Customer,57,Business Travel,Business,2039,5,5,5,5,4,5,5,4,4,4,4,4,4,4.46,20,0,TRUE
Male,Loyal Customer,56,Business Travel,Business,1636,3,3,3,3,5,4,3,2,2,2,3,4,2,3,0,0,FALSE
Female,Loyal Customer,38,Personal Travel,Eco,199,5,5,0,2,1,0,1,1,3,3,4,1,1,2.08,0,16,TRUE
Female,Loyal Customer,22,Business Travel,Business,3570,5,5,5,5,4,4,4,4,4,3,5,5,4,4.38,2,34,TRUE
Female,Loyal Customer,48,Business Travel,Eco Plus,950,4,1,1,1,5,5,3,4,4,4,4,5,2,3.31,26,19,TRUE
Male,Loyal Customer,40,Business Travel,Business,3250,3,3,2,3,3,5,5,1,1,2,1,5,5,3,0,12,TRUE
Female,Loyal Customer,31,Business Travel,Business,522,1,1,1,1,5,5,5,5,5,4,3,5,5,3.54,29,29,TRUE
Male,Loyal Customer,54,Personal Travel,Eco,95,2,3,2,3,2,2,2,2,5,3,1,2,2,2.38,0,28,FALSE
Male,Loyal Customer,65,Personal Travel,Business,507,5,5,5,1,5,5,4,2,2,5,2,3,3,3.62,7,1,TRUE
Male,Loyal Customer,45,Business Travel,Business,2227,2,2,2,2,3,3,5,5,5,4,5,4,5,3.62,0,0,TRUE
Male,Disloyal Customer,24,Business Travel,Eco,862,3,3,3,3,4,3,1,4,1,1,3,4,4,2.85,22,11,FALSE
Female,Loyal Customer,58,Business Travel,Business,3323,3,3,3,3,5,4,4,5,5,5,5,3,4,4,51,45,TRUE
Female,Loyal Customer,50,Business Travel,Business,2755,2,2,4,2,5,4,4,4,4,4,4,5,4,3.69,39,34,TRUE
Male,Loyal Customer,57,Business Travel,Business,3739,4,4,4,4,3,4,5,4,4,4,5,3,3,3.92,0,7,TRUE
Female,Loyal Customer,41,Business Travel,Eco,395,4,1,1,1,4,4,4,4,1,1,1,4,4,2.62,0,0,TRUE
Male,Loyal Customer,14,Personal Travel,Eco,2279,2,4,2,4,2,2,2,2,4,2,5,3,2,2.77,0,5,FALSE
Male,Loyal Customer,43,Business Travel,Eco,679,5,3,3,3,5,5,5,5,5,4,2,4,5,4.15,12,0,TRUE
Male,Loyal Customer,28,Personal Travel,Business,843,2,5,1,4,5,1,5,5,4,3,5,3,5,3.69,0,0,FALSE
Male,Loyal Customer,51,Business Travel,Business,3948,3,5,3,3,3,5,5,4,4,4,4,1,4,3.69,99,97,TRUE
Female,Loyal Customer,52,Personal Travel,Eco,1514,1,4,1,3,3,3,5,1,1,1,1,4,5,2.54,0,0,FALSE
Female,Loyal Customer,22,Business Travel,Business,1846,4,5,4,4,3,4,3,3,5,5,5,4,3,4,0,0,TRUE
Male,Loyal Customer,30,Business Travel,Business,1546,4,4,4,4,4,4,4,4,4,4,5,3,4,4,0,0,TRUE
Male,Loyal Customer,34,Business Travel,Business,3471,2,2,2,2,5,5,5,5,5,5,5,3,4,3.85,53,43,TRUE
Female,Loyal Customer,48,Business Travel,Business,787,4,4,4,4,3,5,5,4,4,4,4,4,4,4.08,21,13,TRUE
Male,Loyal Customer,44,Business Travel,Business,3677,2,2,2,2,5,5,5,5,5,5,5,5,3,3.92,95,76,TRUE
Female,Loyal Customer,44,Personal Travel,Eco,585,3,4,3,2,5,4,5,5,5,3,5,4,4,4,8,0,FALSE
Male,Loyal Customer,49,Business Travel,Business,247,3,3,3,3,2,5,5,5,5,5,5,3,3,3.85,0,0,TRUE
Female,Loyal Customer,34,Business Travel,Eco,526,5,4,4,4,5,5,5,5,1,4,5,2,5,4.15,0,0,TRUE
Female,Disloyal Customer,21,Business Travel,Business,363,5,3,5,4,1,5,1,1,2,1,5,3,1,2.85,0,0,TRUE
Male,Loyal Customer,41,Personal Travel,Eco,516,3,1,3,2,2,3,2,2,2,1,3,1,2,2.08,0,0,FALSE
Female,Loyal Customer,49,Business Travel,Business,2704,5,5,5,5,4,3,3,3,4,3,5,3,3,3.92,35,63,TRUE
Male,Loyal Customer,40,Business Travel,Business,449,2,2,2,2,3,5,5,4,4,4,4,5,4,3.54,1,16,TRUE
Female,Loyal Customer,66,Personal Travel,Eco,188,1,3,1,2,1,3,3,5,5,1,5,3,2,2.69,0,0,FALSE
Male,Loyal Customer,59,Personal Travel,Eco Plus,908,1,3,1,2,1,1,1,1,1,1,4,3,1,1.62,36,26,FALSE
Male,Loyal Customer,30,Personal Travel,Eco Plus,813,2,3,3,3,4,3,4,4,4,1,1,2,4,2.92,11,0,FALSE
Female,Loyal Customer,54,Business Travel,Business,3091,0,5,0,1,4,5,4,5,5,5,5,4,5,3.69,0,0,TRUE
Male,Loyal Customer,44,Personal Travel,Eco,1185,1,4,1,3,4,1,4,4,3,2,3,3,4,2.85,105,83,FALSE
Male,Loyal Customer,45,Business Travel,Business,2933,0,5,0,4,4,5,5,2,2,2,2,5,3,3,0,1,TRUE
Male,Loyal Customer,54,Business Travel,Business,2205,3,3,3,3,3,5,4,4,4,5,4,5,5,3.92,0,0,TRUE
Female,Loyal Customer,58,Business Travel,Business,102,4,4,4,4,5,1,3,5,5,5,4,1,5,3.85,19,5,TRUE
Male,Loyal Customer,27,Business Travel,Business,1124,2,2,2,2,5,5,5,5,3,3,4,5,5,3.69,0,0,TRUE
Female,Loyal Customer,19,Business Travel,Eco,305,1,5,5,5,1,1,1,1,1,3,3,4,1,2.46,0,0,FALSE
Female,Loyal Customer,50,Business Travel,Business,3053,2,2,2,2,3,4,3,5,5,5,5,4,4,3.54,0,0,TRUE
Female,Loyal Customer,39,Business Travel,Business,3062,1,2,2,2,2,3,3,1,1,1,1,4,3,2,0,1,FALSE
Female,Loyal Customer,50,Business Travel,Eco Plus,654,4,2,2,2,5,2,4,4,4,4,4,5,1,3.31,4,29,TRUE
Male,Loyal Customer,35,Business Travel,Business,2432,2,1,1,1,4,3,4,2,2,2,2,1,3,2.15,0,4,FALSE
Female,Loyal Customer,29,Personal Travel,Eco,529,2,4,2,4,4,2,4,4,4,5,5,4,4,3.69,8,11,FALSE
Male,Loyal Customer,19,Business Travel,Business,2195,5,5,5,5,3,4,3,3,5,4,5,4,3,4.15,0,0,TRUE
Female,Loyal Customer,47,Business Travel,Business,1992,4,4,4,4,5,5,5,5,5,5,5,3,3,4.38,0,0,TRUE
Male,Disloyal Customer,26,Business Travel,Business,944,5,5,5,5,4,5,3,4,5,3,5,4,4,4.38,0,26,TRUE
Female,Loyal Customer,40,Business Travel,Business,2640,3,1,2,2,3,3,3,1,2,3,4,3,3,2.54,0,4,FALSE
Male,Loyal Customer,11,Personal Travel,Eco,1306,4,5,4,3,1,4,1,1,3,5,4,5,1,3.15,0,0,FALSE
Male,Loyal Customer,33,Business Travel,Business,3423,2,3,3,3,2,2,2,2,2,2,4,4,2,2.54,9,0,FALSE
Female,Disloyal Customer,35,Business Travel,Eco,1192,4,4,4,3,3,4,3,3,1,3,2,4,3,3.15,54,43,FALSE
Male,Loyal Customer,48,Business Travel,Eco,304,4,3,3,3,4,4,4,4,3,2,1,3,4,3.23,10,13,TRUE
Male,Loyal Customer,50,Business Travel,Business,1855,4,4,4,4,3,5,4,5,5,5,4,4,3,4.15,79,95,TRUE
Male,Loyal Customer,48,Business Travel,Eco,315,2,1,1,1,2,2,2,2,5,1,2,4,2,2.08,0,42,TRUE
Female,Loyal Customer,36,Business Travel,Business,589,4,4,4,4,5,2,1,4,4,4,4,2,3,3.46,0,0,TRUE
Female,Loyal Customer,36,Business Travel,Business,3841,4,4,4,4,3,5,3,5,5,5,5,4,1,4,0,0,TRUE
Female,Loyal Customer,51,Personal Travel,Eco Plus,333,3,4,3,3,4,4,5,1,1,3,4,5,5,3.46,0,0,FALSE
Female,Loyal Customer,33,Business Travel,Business,3069,2,2,2,2,5,5,4,5,5,5,4,4,3,3.69,0,0,TRUE
Male,Loyal Customer,50,Business Travel,Business,3127,4,5,5,5,1,4,4,4,4,4,4,3,4,3.92,0,0,FALSE
Male,Loyal Customer,36,Business Travel,Business,1171,5,5,4,5,5,4,4,2,2,2,2,4,5,3.77,7,0,TRUE
Male,Disloyal Customer,30,Business Travel,Eco,844,1,1,1,3,3,1,3,3,3,3,4,4,3,2.54,19,21,FALSE
Male,Loyal Customer,37,Personal Travel,Eco,1105,2,4,2,2,2,2,2,2,5,2,1,2,2,2.31,4,10,FALSE
Male,Loyal Customer,40,Personal Travel,Eco,493,2,5,2,3,3,2,1,3,4,2,4,3,3,2.85,0,0,FALSE
Male,Loyal Customer,55,Business Travel,Eco,861,1,1,1,1,2,1,2,2,3,3,4,4,2,2.08,0,0,FALSE
Female,Loyal Customer,48,Business Travel,Business,1652,4,4,4,4,4,5,4,3,3,3,3,3,5,3.77,8,0,TRUE
Female,Loyal Customer,55,Business Travel,Business,90,3,3,3,3,4,4,5,5,5,5,5,3,5,4.08,0,0,TRUE
Male,Loyal Customer,16,Personal Travel,Eco,228,4,5,4,3,4,4,3,4,4,4,4,3,4,3.85,0,0,FALSE
Male,Loyal Customer,57,Personal Travel,Eco,257,2,4,2,3,1,2,1,1,4,5,1,5,1,2.46,0,0,FALSE
Male,Disloyal Customer,39,Business Travel,Eco,162,2,0,2,1,4,2,3,4,1,2,4,1,4,2.31,0,0,FALSE
Female,Loyal Customer,24,Business Travel,Business,2586,2,3,3,3,2,2,2,2,5,2,4,2,2,2.62,0,8,FALSE
Male,Loyal Customer,39,Personal Travel,Eco,409,1,4,4,3,3,4,3,3,3,3,4,2,3,3.08,0,0,FALSE
Male,Loyal Customer,62,Personal Travel,Eco,396,2,4,2,5,5,2,5,5,5,2,5,4,5,3.92,0,2,FALSE
Female,Loyal Customer,59,Business Travel,Business,3810,5,5,5,5,3,4,5,4,4,4,4,4,3,4.23,0,0,TRUE
Female,Loyal Customer,50,Personal Travel,Business,2300,2,4,2,1,5,5,4,5,5,2,5,5,3,3.69,2,0,FALSE
Female,Loyal Customer,47,Business Travel,Business,1927,3,3,3,3,2,5,5,5,5,5,5,5,3,4,0,0,TRUE
Male,Loyal Customer,32,Business Travel,Business,1660,4,2,2,2,4,4,4,4,3,5,2,1,4,3.15,24,40,FALSE
Female,Loyal Customer,55,Business Travel,Business,1849,3,3,3,3,4,5,5,5,5,5,5,5,4,4.23,0,0,TRUE
Female,Loyal Customer,40,Business Travel,Business,2786,3,3,2,3,2,4,4,3,3,4,3,4,5,3.31,0,0,TRUE
Male,Loyal Customer,44,Business Travel,Business,528,2,2,1,2,2,5,4,3,3,3,3,4,3,2.85,121,128,TRUE
Female,Loyal Customer,48,Business Travel,Business,2745,2,5,5,5,2,4,4,3,3,3,2,3,3,3.38,7,10,FALSE
Female,Loyal Customer,38,Business Travel,Business,2489,2,2,2,2,2,4,5,5,5,5,5,5,5,3.77,6,13,TRUE
Male,Loyal Customer,16,Business Travel,Business,551,3,1,4,1,3,3,3,3,3,4,4,1,3,2.77,0,0,FALSE
Female,Loyal Customer,56,Business Travel,Business,3524,4,4,4,4,2,5,5,5,5,5,5,5,5,4.46,0,0,TRUE
Female,Disloyal Customer,40,Business Travel,Business,704,4,4,4,3,5,4,1,5,3,4,4,4,5,3.85,3,9,TRUE
Female,Loyal Customer,50,Personal Travel,Eco,1590,3,2,3,4,4,3,4,4,4,3,4,2,3,3.31,0,0,FALSE
Male,Loyal Customer,65,Personal Travel,Eco Plus,936,4,5,4,5,1,4,1,1,5,2,4,4,1,3.15,4,0,FALSE
Male,Loyal Customer,43,Business Travel,Business,2607,3,3,4,3,4,5,5,4,4,4,4,5,3,3.92,83,100,TRUE
Female,Loyal Customer,21,Business Travel,Eco Plus,296,0,4,0,2,5,0,5,5,2,1,1,3,5,2.54,0,0,TRUE
Female,Loyal Customer,35,Business Travel,Business,2399,4,4,4,4,3,4,4,5,5,5,5,4,5,4.31,0,0,TRUE
Female,Loyal Customer,28,Business Travel,Business,332,5,5,5,5,4,4,4,4,3,5,5,5,4,4.46,6,0,TRUE
Female,Disloyal Customer,27,Business Travel,Business,469,4,4,4,5,5,4,5,5,3,5,5,5,5,4.54,0,0,FALSE
Female,Loyal Customer,49,Business Travel,Business,1846,1,1,1,1,2,5,4,4,4,4,4,3,5,3,91,61,TRUE
Male,Loyal Customer,36,Business Travel,Eco,192,5,4,4,4,5,5,5,5,2,3,3,3,5,4.08,0,0,TRUE
Female,Loyal Customer,43,Business Travel,Business,224,5,5,5,5,5,4,5,4,4,4,4,4,3,4.38,2,0,TRUE
Male,Disloyal Customer,27,Business Travel,Business,2125,2,2,2,4,3,2,5,3,5,2,5,3,3,3.15,0,0,FALSE
Male,Loyal Customer,55,Business Travel,Business,349,3,3,3,3,2,5,4,4,4,4,4,3,3,3.46,0,0,TRUE
Female,Loyal Customer,39,Business Travel,Eco Plus,912,3,4,2,2,3,3,3,3,1,3,4,2,3,2.77,0,7,FALSE
Male,Loyal Customer,17,Personal Travel,Eco,370,4,1,1,2,3,1,3,3,4,5,3,4,3,2.85,46,44,FALSE
Female,Loyal Customer,50,Personal Travel,Eco,1618,1,4,1,3,4,5,5,2,2,1,2,3,4,2.85,0,0,FALSE
Male,Loyal Customer,53,Business Travel,Eco,78,3,2,2,2,3,3,3,3,2,3,4,4,3,2.85,0,0,FALSE
Female,Disloyal Customer,38,Business Travel,Business,447,2,2,2,5,5,2,2,5,3,2,4,5,5,3.38,0,0,FALSE
Female,Loyal Customer,49,Personal Travel,Eco,204,3,5,3,1,2,2,4,1,1,3,1,5,5,2.77,0,0,FALSE
Female,Loyal Customer,47,Business Travel,Eco,1635,4,4,4,4,4,4,2,3,3,4,3,4,1,3.38,0,11,TRUE
Male,Loyal Customer,13,Personal Travel,Eco,403,2,5,4,3,1,4,1,1,5,5,4,3,1,3,0,16,FALSE
Female,Loyal Customer,12,Personal Travel,Eco,550,1,3,1,3,2,1,2,2,4,4,2,3,2,2.31,7,14,FALSE
Female,Loyal Customer,41,Business Travel,Business,1111,1,1,1,1,2,5,4,2,2,2,2,5,4,2.46,108,100,TRUE
Female,Disloyal Customer,20,Business Travel,Eco,868,2,2,2,3,4,2,4,4,1,3,4,3,4,2.92,0,0,FALSE
Male,Disloyal Customer,21,Business Travel,Eco,277,3,4,3,5,5,3,5,5,5,2,4,3,5,4,0,0,FALSE
Male,Disloyal Customer,18,Business Travel,Eco,134,3,5,3,2,4,3,4,4,3,3,4,4,4,3.54,0,0,FALSE
Male,Loyal Customer,50,Business Travel,Eco,1452,4,5,5,5,4,4,4,4,3,5,4,2,4,4.08,13,1,TRUE
Male,Loyal Customer,10,Personal Travel,Eco,696,4,5,4,4,1,4,1,1,3,5,4,4,1,3.15,12,6,FALSE
Male,Loyal Customer,55,Business Travel,Business,240,1,1,1,1,4,4,5,5,5,5,5,5,4,3.54,0,0,TRUE
Female,Loyal Customer,38,Business Travel,Business,663,4,4,4,4,5,5,5,4,4,5,4,3,4,4.23,32,51,TRUE
Male,Loyal Customer,44,Business Travel,Business,3422,2,2,2,2,3,4,5,4,4,4,4,4,5,3.46,0,0,TRUE
Male,Loyal Customer,37,Business Travel,Business,3101,4,5,5,5,1,3,3,4,4,4,4,2,1,3.46,2,23,FALSE
Male,Loyal Customer,46,Personal Travel,Eco,196,2,5,2,3,2,2,2,2,4,5,5,5,2,3.15,0,0,FALSE
Male,Loyal Customer,41,Business Travel,Business,1986,4,4,4,4,3,4,4,4,4,4,4,3,5,3.92,0,3,TRUE
Male,Loyal Customer,58,Business Travel,Business,2340,1,0,0,4,5,4,3,3,3,0,3,2,3,2.38,0,0,FALSE
Male,Disloyal Customer,29,Business Travel,Eco,1220,2,2,2,2,3,2,3,3,4,2,2,4,3,2.62,0,0,FALSE
Female,Loyal Customer,59,Personal Travel,Eco,1276,2,5,2,1,4,5,1,3,3,2,3,4,2,2.85,24,0,FALSE
Male,Loyal Customer,50,Business Travel,Business,811,3,3,3,3,4,5,4,4,4,4,4,4,5,3.85,3,20,TRUE
Female,Loyal Customer,59,Business Travel,Business,419,5,5,5,5,5,5,4,5,5,5,5,4,3,4.69,49,90,TRUE
Female,Disloyal Customer,22,Business Travel,Eco,1449,4,4,4,3,4,1,1,5,4,4,4,1,1,3.08,9,12,TRUE
Male,Loyal Customer,38,Personal Travel,Eco,377,3,4,3,3,3,3,3,3,5,3,5,4,3,3.46,35,28,FALSE
Male,Disloyal Customer,23,Business Travel,Eco,247,2,1,2,3,4,2,4,4,3,4,2,4,4,3,0,0,FALSE
Female,Loyal Customer,11,Personal Travel,Eco,650,3,1,3,4,3,3,3,3,1,5,4,4,3,3.08,2,4,FALSE
Female,Disloyal Customer,22,Business Travel,Eco,356,2,4,2,3,4,2,1,4,2,4,3,3,4,2.92,0,0,FALSE
Female,Loyal Customer,54,Personal Travel,Eco,1055,2,1,2,4,3,3,3,5,5,2,5,1,3,3,0,0,FALSE
Male,Loyal Customer,9,Personal Travel,Eco,1342,4,5,4,5,2,4,2,2,3,3,3,3,2,3.23,8,28,FALSE
Female,Loyal Customer,33,Business Travel,Business,2486,2,2,2,2,3,4,5,4,4,4,4,4,3,3.31,0,5,TRUE
Female,Loyal Customer,41,Business Travel,Business,322,1,2,2,2,5,3,3,1,1,1,1,3,2,2.08,0,0,FALSE
Male,Loyal Customer,47,Business Travel,Eco,991,4,5,5,5,4,4,4,4,3,2,1,3,4,3.69,0,0,TRUE
Male,Loyal Customer,27,Personal Travel,Business,74,2,4,2,4,5,2,5,5,2,4,3,1,5,3.38,1,1,FALSE
Male,Loyal Customer,59,Business Travel,Business,3092,2,4,4,4,2,1,2,2,2,2,2,2,1,2.31,34,32,FALSE
Male,Loyal Customer,30,Personal Travel,Eco,541,3,4,3,2,4,3,4,4,3,3,5,5,4,3.62,0,0,FALSE
Male,Disloyal Customer,19,Business Travel,Eco,809,2,2,2,5,3,2,3,3,1,2,3,3,3,2.62,0,0,FALSE
Female,Loyal Customer,43,Personal Travel,Business,725,1,3,1,3,4,4,2,1,1,1,1,5,4,2.38,3,8,FALSE
Male,Loyal Customer,55,Business Travel,Business,1587,5,5,5,5,2,4,4,4,4,4,4,3,5,4.15,0,0,TRUE
Female,Loyal Customer,53,Business Travel,Eco,383,4,4,4,4,1,3,3,5,5,4,5,4,4,3.85,4,1,FALSE
Male,Loyal Customer,55,Business Travel,Business,288,5,5,5,5,2,4,4,5,5,5,5,4,3,4.38,2,0,TRUE
Male,Loyal Customer,49,Business Travel,Business,3295,3,3,3,3,2,5,5,4,4,4,4,5,5,3.85,32,26,TRUE
Female,Loyal Customer,43,Personal Travel,Eco,408,1,2,1,3,3,4,3,3,3,1,3,3,4,2.62,0,0,FALSE
Female,Loyal Customer,27,Business Travel,Business,1747,5,5,5,5,5,4,5,5,5,2,3,1,5,4.23,14,0,TRUE
Female,Loyal Customer,53,Personal Travel,Eco,447,4,5,4,2,5,5,4,4,4,4,4,5,3,4.08,0,0,TRUE
Female,Disloyal Customer,35,Business Travel,Eco,1346,3,3,3,4,4,3,3,4,4,4,5,1,4,3.46,0,0,FALSE
Female,Loyal Customer,50,Personal Travel,Eco,406,1,1,1,3,3,3,3,3,3,1,3,3,1,2.23,0,0,FALSE
Female,Loyal Customer,56,Business Travel,Business,3085,2,2,2,2,4,4,4,5,5,5,4,3,3,3.46,0,2,TRUE
Female,Loyal Customer,38,Business Travel,Business,3611,2,2,2,2,5,5,5,5,5,5,5,3,5,3.92,2,0,TRUE
Male,Loyal Customer,11,Personal Travel,Eco,1121,2,4,2,4,4,2,5,4,3,5,4,5,4,3.69,1,8,FALSE
Male,Loyal Customer,22,Personal Travel,Eco Plus,781,2,5,2,1,3,2,3,3,4,5,5,5,3,3.31,0,0,FALSE
Female,Loyal Customer,46,Personal Travel,Eco,406,1,4,2,1,2,4,4,4,4,2,4,4,4,3.08,0,0,FALSE
Male,Disloyal Customer,22,Business Travel,Eco,213,5,0,5,1,3,5,3,3,4,4,5,1,3,3.23,1,4,TRUE
Female,Loyal Customer,9,Personal Travel,Eco,226,1,4,1,3,1,1,1,1,3,3,4,5,1,2.23,0,0,FALSE
Female,Loyal Customer,15,Personal Travel,Eco,299,3,4,3,4,3,3,5,3,3,2,5,3,3,3.38,0,0,FALSE
Female,Loyal Customer,45,Personal Travel,Eco,493,1,5,1,2,2,5,5,2,2,1,2,4,3,2.69,10,12,FALSE
Female,Loyal Customer,57,Personal Travel,Eco,645,3,5,3,4,4,4,5,4,4,3,4,3,3,3.77,12,18,FALSE
Female,Loyal Customer,62,Personal Travel,Eco,304,4,4,4,4,2,5,4,2,2,4,2,4,5,3.54,0,0,FALSE
Male,Loyal Customer,36,Business Travel,Business,2283,3,2,2,2,4,3,3,3,3,3,3,3,3,2.85,0,0,FALSE
Female,Loyal Customer,56,Business Travel,Business,3157,0,0,0,3,5,1,5,5,5,5,5,3,5,3.23,21,3,TRUE
Female,Loyal Customer,55,Business Travel,Eco,1674,4,4,4,4,2,3,2,4,4,4,4,2,3,3.38,0,0,FALSE
Female,Loyal Customer,39,Personal Travel,Eco,2486,2,2,2,3,2,3,3,1,3,3,3,3,3,2.54,0,12,FALSE
Male,Loyal Customer,62,Personal Travel,Eco,1020,3,2,3,3,4,3,4,4,4,5,3,4,4,3.54,0,32,FALSE
Male,Disloyal Customer,37,Business Travel,Business,1192,2,2,2,3,2,2,2,2,5,5,4,5,2,2.92,0,0,FALSE
Male,Loyal Customer,69,Personal Travel,Eco,441,3,3,3,1,1,3,1,1,5,1,3,2,1,2.15,24,17,FALSE
Male,Loyal Customer,58,Business Travel,Eco Plus,231,4,3,4,3,4,4,4,4,3,4,4,1,4,3.54,0,1,TRUE
Male,Loyal Customer,45,Personal Travel,Business,866,1,5,1,4,2,5,4,3,3,1,3,3,5,3.08,0,0,FALSE
Male,Loyal Customer,50,Personal Travel,Eco,693,3,4,3,3,2,3,3,2,4,3,4,4,2,3.08,0,0,FALSE
Female,Loyal Customer,52,Business Travel,Business,429,4,4,4,4,4,4,5,4,4,4,4,4,4,4.08,6,3,TRUE
Male,Loyal Customer,57,Personal Travel,Eco,377,2,4,2,4,3,2,3,3,3,2,5,3,3,3,0,0,FALSE
Female,Loyal Customer,43,Business Travel,Business,813,1,3,3,3,4,3,4,1,1,1,1,4,3,2.46,0,0,FALSE
Female,Loyal Customer,12,Personal Travel,Eco,1431,3,4,3,3,4,3,4,4,4,2,4,3,4,3.46,75,71,FALSE
Male,Disloyal Customer,35,Business Travel,Business,1744,3,3,3,2,5,3,5,5,4,3,3,5,5,3.77,0,0,FALSE
Male,Loyal Customer,63,Personal Travel,Eco,471,2,2,2,3,5,2,5,5,3,3,4,1,5,3.23,0,0,FALSE
Female,Loyal Customer,33,Business Travel,Business,2704,4,4,4,4,3,2,2,3,4,4,5,2,2,3.31,0,0,TRUE
Male,Loyal Customer,48,Business Travel,Business,3932,5,5,5,5,2,4,5,4,4,4,4,5,4,4.31,5,3,TRUE
Male,Loyal Customer,41,Business Travel,Business,1371,3,5,5,5,2,4,4,3,3,3,3,3,1,3.38,31,60,FALSE
Female,Loyal Customer,35,Personal Travel,Eco Plus,651,3,4,3,2,2,3,2,2,1,2,2,5,2,2.54,65,76,FALSE
Male,Loyal Customer,55,Business Travel,Eco,408,2,3,3,3,3,2,3,3,2,1,3,3,3,2.62,0,0,TRUE
Male,Loyal Customer,61,Personal Travel,Eco,869,1,2,1,4,3,1,3,3,4,2,3,3,3,2.54,18,8,FALSE
Female,Loyal Customer,38,Business Travel,Eco Plus,554,2,5,2,5,2,2,2,2,2,2,3,4,2,2.69,21,27,FALSE
Female,Loyal Customer,65,Business Travel,Business,2943,3,3,3,3,2,4,5,2,2,2,2,5,3,3,0,0,TRUE
Male,Loyal Customer,29,Business Travel,Business,770,1,1,2,1,5,5,5,5,4,3,5,3,5,3.46,0,0,TRUE
Male,Loyal Customer,25,Business Travel,Business,1865,5,5,5,5,5,5,5,5,5,5,4,3,5,4.77,12,0,TRUE
Male,Loyal Customer,40,Personal Travel,Eco,109,2,5,0,1,3,0,3,3,5,5,1,3,3,2.62,0,0,FALSE
Female,Loyal Customer,36,Business Travel,Eco,957,3,5,5,5,3,2,3,3,4,3,3,4,3,3.54,0,0,FALSE
Female,Loyal Customer,34,Business Travel,Business,1452,1,2,2,2,5,3,3,1,1,1,1,4,2,2.15,0,0,FALSE
Female,Disloyal Customer,31,Business Travel,Eco,1050,1,0,0,3,5,0,5,5,5,2,2,2,5,2.69,0,0,FALSE
Male,Disloyal Customer,39,Business Travel,Eco,156,2,5,2,1,5,2,5,5,3,1,1,3,5,3.08,0,0,FALSE
Male,Loyal Customer,40,Business Travel,Business,2381,3,3,3,3,5,4,5,4,4,4,4,4,4,3.85,24,18,TRUE
Female,Loyal Customer,38,Business Travel,Business,2243,2,2,2,2,2,4,5,4,4,4,4,5,3,3.31,0,0,TRUE
Female,Disloyal Customer,26,Business Travel,Eco,1368,1,1,1,2,3,1,3,3,3,4,3,4,3,2.46,19,0,FALSE
Male,Disloyal Customer,30,Business Travel,Eco,604,2,5,2,4,2,2,2,2,3,5,2,1,2,2.62,2,0,FALSE
Male,Loyal Customer,27,Business Travel,Business,1744,2,1,1,1,2,2,2,2,2,3,3,3,2,2,66,67,FALSE
Female,Disloyal Customer,22,Business Travel,Eco,329,3,1,3,2,5,3,1,5,1,4,2,4,5,3,15,0,FALSE
Female,Loyal Customer,30,Business Travel,Business,888,2,4,4,4,2,2,2,2,1,1,3,2,2,2.38,0,0,FALSE
Female,Loyal Customer,46,Personal Travel,Eco,157,3,4,3,4,4,3,4,4,4,3,4,4,4,3.69,0,0,FALSE
Female,Loyal Customer,62,Business Travel,Business,2622,0,4,0,3,5,4,5,1,1,1,1,3,5,2.54,56,44,TRUE
Female,Loyal Customer,19,Personal Travel,Eco,260,5,3,5,3,1,5,1,1,3,3,2,4,1,2.85,0,1,TRUE
Female,Loyal Customer,44,Business Travel,Business,2698,4,4,2,4,3,5,4,5,5,5,5,4,4,4.15,0,0,TRUE
Female,Loyal Customer,64,Business Travel,Business,2719,1,1,1,1,3,2,4,3,3,4,5,4,2,2.62,0,0,TRUE
Male,Loyal Customer,62,Personal Travel,Eco,2295,1,4,1,3,1,3,3,3,4,1,2,3,3,2.46,0,0,FALSE
Female,Disloyal Customer,26,Business Travel,Business,1489,0,0,0,2,3,0,3,3,3,2,4,3,3,2,3,0,TRUE
Female,Loyal Customer,43,Business Travel,Business,2564,4,4,4,4,4,4,2,5,5,5,3,1,5,3.85,0,0,TRUE
Male,Loyal Customer,23,Business Travel,Business,3718,4,4,4,4,4,4,4,4,3,2,4,3,4,3.69,0,0,TRUE
Male,Loyal Customer,46,Business Travel,Eco,160,4,5,5,5,4,4,4,4,1,2,4,3,4,3.77,0,0,FALSE
Female,Loyal Customer,21,Personal Travel,Business,222,2,3,2,3,5,2,1,5,1,1,4,1,5,2.69,12,0,FALSE
Female,Loyal Customer,64,Personal Travel,Eco,317,3,3,3,4,4,2,2,3,3,3,3,2,1,2.77,72,90,FALSE
Female,Loyal Customer,14,Personal Travel,Eco,447,2,5,1,4,2,1,2,2,5,5,2,4,2,2.85,0,0,FALSE
Female,Loyal Customer,44,Business Travel,Eco,687,4,3,3,3,2,3,3,4,4,4,4,4,1,3.23,16,8,FALSE
Male,Loyal Customer,32,Business Travel,Business,476,3,3,3,3,5,5,5,5,1,2,2,2,5,3.38,123,115,TRUE
Female,Disloyal Customer,25,Business Travel,Eco,867,2,2,2,4,4,2,4,4,4,1,3,3,4,3,2,14,FALSE
Male,Disloyal Customer,22,Business Travel,Eco,239,4,0,4,3,5,4,5,5,3,2,4,5,5,3.77,0,5,TRUE
Female,Loyal Customer,38,Personal Travel,Eco,229,4,4,4,3,4,4,4,4,4,5,5,4,4,4.08,0,4,FALSE
Male,Disloyal Customer,28,Business Travel,Eco Plus,925,4,4,4,3,3,4,3,3,3,4,4,3,3,3.46,0,24,FALSE
Male,Disloyal Customer,28,Business Travel,Business,1750,3,4,4,4,1,4,1,1,5,3,5,4,1,3.08,23,26,FALSE
Male,Disloyal Customer,39,Business Travel,Eco,325,1,0,0,3,5,0,5,5,1,1,2,4,5,2.46,1,0,FALSE
Male,Loyal Customer,52,Business Travel,Eco,669,4,1,1,1,4,4,4,4,3,1,4,3,4,2.92,0,26,TRUE
Female,Disloyal Customer,26,Business Travel,Eco,453,2,0,2,1,2,2,2,2,1,3,2,2,2,1.77,5,1,FALSE
Male,Disloyal Customer,37,Business Travel,Business,1660,2,2,2,3,2,2,2,2,3,4,4,4,2,2.62,3,7,FALSE
Female,Loyal Customer,51,Business Travel,Business,869,2,2,2,2,2,4,5,5,5,5,5,5,5,3.77,0,0,TRUE
Male,Loyal Customer,63,Personal Travel,Business,964,4,5,4,2,5,4,5,5,5,4,5,5,4,4.38,0,0,FALSE
Female,Loyal Customer,51,Business Travel,Business,551,3,1,3,3,5,4,4,4,4,4,4,5,5,3.77,0,0,TRUE
Male,Loyal Customer,44,Personal Travel,Eco,760,3,1,3,3,2,3,2,2,2,4,3,1,2,2.38,0,0,FALSE
Female,Loyal Customer,40,Business Travel,Business,1589,4,4,4,4,5,5,5,4,4,4,4,5,3,4.23,66,53,TRUE
Female,Loyal Customer,17,Personal Travel,Eco,266,2,0,2,1,4,2,3,4,3,2,4,5,4,2.77,0,0,FALSE
Female,Loyal Customer,48,Business Travel,Business,917,1,1,1,1,5,1,3,4,4,4,4,1,5,2.69,0,0,TRUE
Male,Loyal Customer,39,Business Travel,Eco,308,5,2,2,2,5,5,5,5,4,3,4,3,5,3.85,0,2,TRUE
Male,Loyal Customer,23,Business Travel,Eco,1056,3,5,5,5,3,3,1,3,4,3,4,4,3,3.54,0,0,FALSE
Female,Loyal Customer,38,Business Travel,Business,3828,3,3,3,3,5,4,5,5,5,5,5,2,5,4.08,0,3,TRUE
Male,Loyal Customer,46,Business Travel,Business,2288,2,4,4,4,2,3,3,2,2,2,2,2,1,2.54,76,67,FALSE
Male,Loyal Customer,54,Business Travel,Eco,2681,4,3,3,3,4,4,4,5,3,4,5,4,4,3.85,0,0,TRUE
Male,Loyal Customer,40,Business Travel,Business,1597,4,4,4,4,4,4,5,4,4,4,4,3,4,4,0,0,TRUE
Male,Loyal Customer,22,Personal Travel,Eco,414,2,4,2,4,1,2,1,1,1,1,4,5,1,2.23,0,0,FALSE
Male,Loyal Customer,69,Personal Travel,Eco Plus,425,4,0,4,5,3,4,3,3,5,3,3,1,3,3.15,0,0,FALSE
Male,Loyal Customer,47,Business Travel,Business,2674,3,3,3,3,3,5,4,5,5,5,5,3,3,3.85,0,0,TRUE
Male,Disloyal Customer,42,Business Travel,Business,785,3,3,3,2,2,3,4,2,3,5,4,4,2,3.08,15,9,FALSE
Female,Loyal Customer,30,Business Travel,Eco Plus,1162,5,1,4,1,5,5,5,5,5,5,4,1,5,3.92,30,13,TRUE
Male,Loyal Customer,34,Business Travel,Eco Plus,1068,5,1,1,1,5,5,5,5,2,2,5,1,5,3.31,4,0,TRUE
Female,Loyal Customer,20,Personal Travel,Eco,761,2,4,2,2,3,2,2,3,3,4,4,1,3,2.69,0,0,FALSE
Female,Loyal Customer,40,Personal Travel,Eco,812,3,2,3,3,5,3,5,5,2,3,4,3,5,3.54,0,0,FALSE
Male,Loyal Customer,47,Business Travel,Business,2756,3,3,3,3,5,4,4,4,4,4,4,3,4,3.69,0,0,TRUE
Female,Loyal Customer,41,Business Travel,Business,2097,4,4,4,4,2,4,4,4,4,4,4,3,5,3.85,29,21,TRUE
Male,Loyal Customer,42,Business Travel,Business,2342,5,5,5,5,4,4,5,4,4,4,4,3,5,4.38,7,0,TRUE
Female,Loyal Customer,58,Personal Travel,Eco,2125,3,2,3,3,4,3,3,4,4,3,4,1,4,3.15,0,0,FALSE
Male,Loyal Customer,65,Personal Travel,Eco,818,1,5,1,2,3,1,3,3,3,2,5,1,3,2.54,0,0,FALSE
Female,Disloyal Customer,16,Business Travel,Eco,1187,3,3,3,4,1,3,1,1,3,1,4,3,1,2.38,13,22,FALSE
Female,Loyal Customer,31,Business Travel,Business,3041,3,3,3,3,4,4,4,4,3,4,5,5,4,3.77,8,0,TRUE
Female,Loyal Customer,15,Business Travel,Business,3082,2,3,5,3,2,2,2,2,4,4,4,4,2,3,53,52,FALSE
Male,Loyal Customer,60,Personal Travel,Eco,765,2,5,3,4,1,3,1,1,5,4,4,4,1,2.92,17,10,FALSE
Male,Disloyal Customer,23,Business Travel,Eco,577,0,4,0,4,2,0,2,2,5,2,4,5,2,2.46,0,0,TRUE
Male,Loyal Customer,60,Personal Travel,Business,170,2,5,0,2,2,5,4,4,4,0,4,4,3,3,14,8,FALSE
Female,Disloyal Customer,37,Business Travel,Business,920,5,5,5,3,1,5,1,1,4,3,5,3,1,3.23,1,0,TRUE
Female,Loyal Customer,17,Personal Travel,Eco,587,2,4,2,1,2,2,1,2,3,5,4,3,2,2.54,0,0,FALSE
Male,Loyal Customer,49,Business Travel,Business,3331,2,4,4,4,3,4,3,2,2,2,2,4,4,3.08,41,47,FALSE
Male,Disloyal Customer,37,Business Travel,Eco Plus,442,3,3,3,3,5,3,5,5,1,3,4,1,5,3.38,0,0,FALSE
Female,Loyal Customer,51,Business Travel,Business,1917,2,2,2,2,2,5,5,5,5,5,5,5,5,3.85,0,11,TRUE
Female,Disloyal Customer,21,Business Travel,Eco,1165,4,4,4,1,2,4,2,2,3,2,4,4,2,2.92,2,0,TRUE
Female,Loyal Customer,31,Personal Travel,Eco,89,5,2,0,3,3,0,3,3,3,4,3,2,3,2.62,1,0,TRUE
Male,Loyal Customer,44,Personal Travel,Eco,459,5,5,5,4,2,5,3,2,3,4,4,4,2,3.69,0,0,TRUE
Female,Disloyal Customer,24,Business Travel,Business,1476,4,3,4,2,3,4,3,3,3,4,5,3,3,3.38,13,16,TRUE
Female,Loyal Customer,58,Business Travel,Business,2243,3,1,2,1,4,2,3,2,2,2,3,4,4,2.54,0,0,FALSE
Female,Loyal Customer,38,Business Travel,Business,3758,3,2,3,3,5,4,5,5,5,5,5,3,5,4.08,29,34,TRUE
Female,Loyal Customer,67,Personal Travel,Eco,1020,3,4,3,4,4,5,4,3,3,3,3,3,1,3.31,0,0,FALSE
Male,Loyal Customer,69,Personal Travel,Eco,2704,1,4,1,2,1,2,2,3,3,3,5,2,2,2.38,167,133,FALSE
Female,Loyal Customer,50,Personal Travel,Eco,925,3,5,3,1,3,5,5,5,5,3,3,5,3,3.77,0,19,FALSE
Male,Disloyal Customer,30,Business Travel,Eco,936,1,1,1,2,4,1,4,4,1,4,3,2,4,2.46,0,0,FALSE
Male,Loyal Customer,28,Business Travel,Business,1941,2,1,1,1,2,1,2,2,4,4,4,4,2,2.31,9,12,FALSE
Female,Loyal Customer,65,Personal Travel,Eco,315,3,4,2,3,2,4,3,5,5,2,5,4,1,3.31,5,6,FALSE
Female,Loyal Customer,31,Business Travel,Business,2240,1,1,1,1,5,5,5,5,5,3,4,4,5,3.46,0,0,TRUE
Male,Loyal Customer,42,Personal Travel,Eco,621,2,4,2,3,4,2,4,4,3,5,3,1,4,3.15,9,0,FALSE
Male,Loyal Customer,15,Personal Travel,Eco,216,1,5,0,3,5,0,5,5,4,3,5,2,5,3.31,79,82,FALSE
Female,Disloyal Customer,31,Business Travel,Business,1846,3,3,3,4,5,3,1,5,4,4,3,3,5,3.54,0,0,FALSE
Female,Loyal Customer,46,Business Travel,Business,2070,2,2,4,2,5,5,5,4,4,4,4,4,5,3.85,0,3,TRUE
Female,Loyal Customer,35,Personal Travel,Eco,602,3,1,3,3,5,3,5,5,3,3,3,4,5,3.54,0,0,FALSE
Female,Loyal Customer,41,Business Travel,Eco Plus,866,3,2,2,2,3,4,4,3,3,3,3,5,4,3.15,0,0,TRUE
Female,Loyal Customer,27,Personal Travel,Eco,101,4,5,4,1,3,4,3,3,5,2,4,5,3,3.54,0,0,FALSE
Female,Disloyal Customer,45,Business Travel,Business,331,2,2,2,2,4,2,4,4,5,5,5,4,4,3.46,0,0,FALSE
Male,Loyal Customer,34,Business Travel,Business,3768,3,2,2,2,3,3,2,3,3,2,3,1,4,2.54,0,2,FALSE
Female,Disloyal Customer,24,Business Travel,Business,590,4,1,4,4,3,4,3,3,3,2,4,4,3,3.23,0,0,TRUE
Female,Disloyal Customer,33,Business Travel,Business,181,2,2,2,4,1,2,1,1,3,3,5,3,1,2.31,7,5,FALSE
Male,Loyal Customer,54,Business Travel,Eco,290,5,4,4,4,5,5,5,5,1,3,2,3,5,3.92,4,0,TRUE
Male,Loyal Customer,44,Business Travel,Business,373,2,4,4,4,3,4,4,2,2,2,2,4,1,2.92,33,29,FALSE
Female,Loyal Customer,53,Business Travel,Business,786,3,3,3,3,4,5,4,4,4,4,4,3,3,3.62,0,0,TRUE
Female,Loyal Customer,66,Personal Travel,Eco,1368,4,5,4,2,2,4,4,3,3,4,3,4,3,3.46,3,0,FALSE
Female,Loyal Customer,45,Business Travel,Business,2976,4,4,4,4,4,2,1,3,3,3,3,5,5,3.46,0,0,TRUE
Female,Loyal Customer,18,Personal Travel,Eco,255,3,3,3,4,2,3,2,2,1,5,3,1,2,2.62,0,0,FALSE
Female,Disloyal Customer,43,Business Travel,Eco,1061,2,2,2,4,4,2,4,4,1,4,3,1,4,2.85,0,0,FALSE
Female,Loyal Customer,40,Business Travel,Business,1514,1,1,1,1,4,4,4,3,3,4,3,4,5,2.92,0,0,TRUE
Male,Loyal Customer,15,Business Travel,Business,3077,3,4,4,4,3,3,3,3,3,2,3,4,3,3.23,0,0,FALSE
Female,Loyal Customer,7,Personal Travel,Eco Plus,868,3,1,3,1,3,3,2,3,1,3,1,3,3,2.31,2,0,FALSE
Male,Loyal Customer,48,Business Travel,Business,3818,3,1,1,1,3,4,3,3,3,2,3,4,3,2.62,0,15,FALSE
Female,Loyal Customer,43,Business Travel,Eco,109,3,2,4,4,5,4,3,3,3,3,3,1,4,3.23,0,0,FALSE
Female,Disloyal Customer,26,Business Travel,Business,896,0,0,0,3,1,0,1,1,5,3,5,5,1,1.92,0,0,TRUE
Female,Loyal Customer,36,Business Travel,Eco,607,4,4,4,4,4,3,4,4,5,2,2,1,4,3.46,0,0,TRUE
Female,Loyal Customer,55,Business Travel,Business,1558,5,5,5,5,3,4,4,5,5,5,5,4,4,4.54,30,5,TRUE
Male,Disloyal Customer,39,Business Travel,Eco,297,3,0,4,3,4,4,4,4,2,1,4,4,4,3.15,0,0,FALSE
Male,Loyal Customer,64,Personal Travel,Eco,373,1,4,1,1,2,1,2,2,4,4,5,3,2,2.46,0,0,FALSE
Female,Loyal Customer,41,Personal Travel,Eco,129,3,4,3,3,2,3,2,2,2,5,4,2,2,2.85,0,2,FALSE
Male,Loyal Customer,10,Personal Travel,Eco,314,1,4,1,4,2,1,2,2,2,1,3,1,2,2,43,33,FALSE
Male,Disloyal Customer,23,Business Travel,Eco,624,2,5,2,5,5,2,3,5,5,2,4,4,5,3.77,0,0,FALSE
Female,Loyal Customer,41,Personal Travel,Eco Plus,1065,4,5,4,2,3,4,5,5,5,4,5,5,3,4.15,2,42,FALSE
Male,Loyal Customer,32,Personal Travel,Eco,1438,3,4,3,1,2,3,2,2,4,4,3,3,2,2.77,0,0,FALSE
Male,Loyal Customer,60,Business Travel,Business,3786,1,1,1,1,4,5,4,4,4,4,4,5,3,3.15,0,0,TRUE
Female,Loyal Customer,43,Business Travel,Business,1437,2,2,2,2,4,5,4,5,5,5,5,5,4,3.85,0,0,TRUE
Female,Loyal Customer,39,Personal Travel,Eco Plus,308,3,4,3,4,5,3,5,5,1,5,4,5,5,4,10,8,FALSE
Female,Loyal Customer,45,Business Travel,Business,2793,3,3,3,3,3,5,5,4,4,4,4,4,4,3.77,38,33,TRUE
Male,Loyal Customer,22,Personal Travel,Eco,1721,4,5,4,2,2,4,2,2,5,2,5,3,2,3.23,8,1,TRUE
Male,Loyal Customer,26,Personal Travel,Eco,2454,3,2,3,1,3,5,5,1,4,1,1,5,5,3,0,0,FALSE
Female,Loyal Customer,56,Business Travel,Business,2607,2,2,2,2,4,4,4,5,5,5,5,4,3,3.62,0,0,TRUE
Male,Loyal Customer,45,Business Travel,Business,1532,3,3,2,3,3,4,4,5,5,5,5,3,3,3.69,0,0,TRUE
Female,Disloyal Customer,15,Business Travel,Eco,544,4,0,4,3,5,4,5,5,3,4,2,1,5,3.46,58,,FALSE
Female,Disloyal Customer,26,Business Travel,Eco,109,2,1,2,3,5,2,4,5,2,5,3,4,5,3.31,0,0,FALSE
Female,Loyal Customer,24,Personal Travel,Eco,1721,3,4,3,2,4,3,4,4,4,3,4,3,4,3.46,0,0,FALSE
Female,Loyal Customer,34,Business Travel,Business,1390,5,5,5,5,5,5,5,5,5,5,5,3,4,4.77,0,0,TRUE
Female,Loyal Customer,51,Business Travel,Business,1979,1,1,1,1,5,4,5,4,4,4,4,5,4,3.31,8,9,TRUE
Male,Loyal Customer,51,Personal Travel,Eco,220,2,5,2,3,4,2,4,4,3,5,5,4,4,3.62,31,30,FALSE
Female,Loyal Customer,22,Personal Travel,Eco Plus,646,3,1,3,3,5,3,5,5,4,2,4,2,5,3.46,11,12,FALSE
Male,Loyal Customer,48,Business Travel,Business,2605,0,0,0,5,2,5,5,2,2,3,3,5,5,2.85,0,0,TRUE
Female,Loyal Customer,46,Business Travel,Business,255,0,0,0,3,4,5,4,2,2,1,1,5,5,2.46,0,4,TRUE
Male,Loyal Customer,56,Business Travel,Business,177,5,5,5,5,5,4,5,4,4,4,5,3,5,4.54,1,3,TRUE
Male,Loyal Customer,29,Personal Travel,Eco,997,1,2,1,3,2,1,2,2,3,2,4,4,2,2.23,0,0,FALSE
Female,Loyal Customer,64,Business Travel,Eco Plus,304,4,2,2,2,5,1,2,4,4,4,4,4,2,3.08,0,0,TRUE
Male,Loyal Customer,31,Business Travel,Business,266,0,0,0,2,4,4,3,4,4,2,2,2,4,2.38,0,0,TRUE
Female,Loyal Customer,48,Personal Travel,Eco Plus,813,2,4,2,4,1,3,4,3,3,2,3,4,4,3,9,9,FALSE
Male,Disloyal Customer,28,Business Travel,Eco,817,3,3,3,4,5,3,5,5,3,2,2,2,5,3.46,0,6,FALSE
Male,Loyal Customer,46,Business Travel,Business,2640,1,1,1,1,4,5,4,2,2,2,2,3,3,2.38,0,0,TRUE
Male,Loyal Customer,56,Business Travel,Business,3550,5,5,4,5,3,4,5,4,4,4,4,3,4,4.15,0,0,TRUE
Male,Loyal Customer,35,Personal Travel,Eco,143,3,3,3,2,3,3,3,3,4,5,5,4,3,3.38,0,0,FALSE
Male,Loyal Customer,45,Personal Travel,Business,1216,0,2,0,3,4,3,3,1,1,0,1,4,1,1.77,20,15,TRUE
Male,Loyal Customer,48,Business Travel,Eco Plus,164,4,1,1,1,4,4,4,4,4,4,5,3,4,3.31,0,0,TRUE
Male,Loyal Customer,34,Business Travel,Business,3849,1,2,5,2,1,4,3,1,1,1,1,3,2,2.08,2,0,FALSE
Male,Loyal Customer,38,Personal Travel,Eco Plus,368,2,3,3,3,2,3,4,2,3,4,4,4,2,3,66,54,FALSE
Female,Loyal Customer,37,Personal Travel,Eco,666,4,1,4,2,5,4,5,5,4,1,2,1,5,3.31,0,0,FALSE
Female,Loyal Customer,39,Business Travel,Business,2457,2,3,3,3,4,3,3,2,2,2,2,4,1,2.62,8,0,FALSE
Male,Loyal Customer,50,Business Travel,Eco,650,2,4,5,5,2,2,2,2,2,2,3,4,2,2.85,11,13,FALSE
Female,Disloyal Customer,30,Business Travel,Eco,661,4,1,4,3,5,4,1,5,4,1,3,1,5,3.15,0,7,FALSE
Female,Loyal Customer,25,Business Travel,Business,581,1,5,5,5,1,2,1,1,3,4,4,2,1,2.69,1,0,FALSE
Female,Loyal Customer,34,Personal Travel,Eco,550,4,0,4,1,3,4,3,3,3,5,4,3,3,3.08,0,0,FALSE
Male,Disloyal Customer,43,Business Travel,Business,358,2,2,2,3,5,2,5,5,1,5,4,3,5,3.38,0,0,FALSE
Male,Loyal Customer,44,Business Travel,Business,1325,5,5,5,5,3,1,2,1,1,2,1,3,2,2.77,0,0,TRUE
Female,Disloyal Customer,23,Business Travel,Business,414,0,0,0,5,4,0,4,4,5,4,5,5,4,3.08,27,25,TRUE
Female,Loyal Customer,67,Personal Travel,Eco,209,1,3,1,4,3,1,4,1,1,1,1,2,5,2.15,0,0,FALSE
Male,Loyal Customer,39,Business Travel,Business,270,0,0,0,4,3,4,5,5,5,5,5,3,3,3.23,1,12,TRUE
Male,Loyal Customer,35,Personal Travel,Eco,507,1,4,1,3,5,1,5,5,4,2,4,4,5,3.38,0,0,FALSE
Male,Disloyal Customer,29,Business Travel,Eco,1400,4,4,4,3,2,4,2,2,4,1,4,1,2,2.85,0,0,FALSE
Male,Loyal Customer,42,Business Travel,Eco,1069,2,2,2,2,2,2,2,2,4,3,2,2,2,2.23,0,0,FALSE
Female,Loyal Customer,23,Business Travel,Business,3795,3,5,5,5,3,3,3,3,3,5,2,3,3,3.54,0,2,FALSE
Male,Disloyal Customer,30,Business Travel,Business,925,0,0,0,3,4,0,4,4,4,2,5,4,4,2.62,25,7,TRUE
Female,Loyal Customer,39,Business Travel,Business,2661,4,3,3,3,1,3,3,4,4,4,4,4,4,3.38,0,0,FALSE
Female,Loyal Customer,42,Business Travel,Business,833,1,1,1,1,3,4,5,4,4,4,4,3,3,2.92,1,0,TRUE
Male,Disloyal Customer,20,Business Travel,Business,589,0,4,0,4,4,0,4,4,4,3,4,4,4,3,0,0,TRUE
Female,Disloyal Customer,24,Business Travel,Eco,433,5,0,5,1,5,5,2,5,1,5,3,5,5,3.62,81,71,TRUE
Male,Loyal Customer,66,Business Travel,Eco,364,2,5,5,5,2,2,2,2,3,1,4,4,2,3,0,0,FALSE
Female,Disloyal Customer,20,Business Travel,Eco,101,2,0,2,5,2,2,2,2,5,4,3,3,2,2.62,0,0,FALSE
Female,Loyal Customer,57,Business Travel,Eco,522,4,3,3,3,5,3,2,4,4,4,4,5,3,3.62,0,0,TRUE
Female,Loyal Customer,45,Business Travel,Business,2656,1,1,2,1,1,3,2,5,5,5,5,5,5,3.15,2,0,TRUE
Male,Loyal Customer,26,Business Travel,Eco Plus,247,1,5,5,5,1,1,2,1,2,1,4,4,1,2.54,0,8,FALSE
Female,Loyal Customer,34,Business Travel,Business,3937,3,3,3,3,1,4,1,5,5,5,5,2,2,3.23,0,0,TRUE
Male,Loyal Customer,38,Business Travel,Eco,216,3,2,2,2,3,3,3,3,4,2,3,3,3,2.77,0,0,FALSE
Male,Loyal Customer,28,Personal Travel,Eco,255,4,5,0,4,5,0,5,5,1,3,3,5,5,3.46,29,42,FALSE
Female,Loyal Customer,8,Personal Travel,Eco Plus,1020,1,0,0,2,4,0,1,4,3,5,5,3,4,2.46,0,0,FALSE
Male,Loyal Customer,52,Business Travel,Business,502,1,1,1,1,3,4,5,4,4,4,4,5,5,3.23,0,0,TRUE
Male,Loyal Customer,19,Personal Travel,Eco,157,2,5,2,1,1,2,1,1,3,3,4,5,1,2.38,0,0,FALSE
Male,Loyal Customer,7,Personal Travel,Eco,425,3,2,3,4,1,3,1,1,3,3,2,3,1,2.31,5,51,FALSE
Female,Loyal Customer,53,Personal Travel,Eco Plus,563,4,1,4,3,1,4,4,4,4,4,4,2,3,3.23,0,0,TRUE
Male,Loyal Customer,53,Business Travel,Business,964,5,5,5,5,2,4,5,4,4,4,4,5,3,4.23,0,0,TRUE
Female,Disloyal Customer,22,Business Travel,Business,1035,5,4,5,1,5,5,2,5,5,2,5,4,5,4.08,0,,TRUE
Female,Loyal Customer,30,Business Travel,Eco,646,3,2,2,2,3,3,3,3,4,4,3,1,3,2.77,0,0,FALSE
Male,Loyal Customer,35,Business Travel,Business,3483,3,3,3,3,4,2,2,4,4,4,4,5,4,3.46,0,5,TRUE
Female,Loyal Customer,20,Personal Travel,Eco,931,3,4,3,1,5,3,4,5,3,2,5,3,5,3.54,0,0,FALSE
Female,Loyal Customer,29,Business Travel,Eco Plus,834,2,2,2,2,2,2,2,2,3,5,4,4,2,2.62,23,28,FALSE
Female,Loyal Customer,31,Personal Travel,Eco,1558,1,5,1,4,3,1,3,3,4,4,4,4,3,3.08,25,43,FALSE
Female,Loyal Customer,45,Business Travel,Business,502,4,4,4,4,5,4,5,5,5,4,5,3,3,4.23,0,0,TRUE
Female,Loyal Customer,39,Business Travel,Business,1554,3,5,5,5,5,2,1,3,3,2,3,2,4,3.31,0,15,FALSE
Female,Loyal Customer,19,Personal Travel,Eco,668,3,5,3,4,2,3,2,2,3,3,4,4,2,3.08,0,0,FALSE
Female,Loyal Customer,47,Business Travel,Business,973,1,1,1,1,4,4,4,2,2,3,2,3,4,2.46,0,8,TRUE
Female,Loyal Customer,65,Personal Travel,Eco,594,2,5,2,3,1,2,2,1,1,2,1,4,4,2.31,0,0,FALSE
Male,Disloyal Customer,24,Business Travel,Eco,1055,2,2,2,3,2,2,2,2,3,5,4,1,2,2.46,64,63,FALSE
Female,Loyal Customer,70,Personal Travel,Eco,528,2,4,2,2,2,5,4,1,1,2,1,4,5,2.69,0,0,FALSE
Male,Loyal Customer,58,Business Travel,Business,2059,2,2,2,2,3,4,5,5,5,5,5,3,5,3.69,0,0,TRUE
Female,Loyal Customer,59,Personal Travel,Eco,236,3,5,3,1,4,4,3,3,3,3,5,4,2,3.31,0,0,FALSE
Male,Disloyal Customer,37,Business Travel,Business,228,5,5,5,2,4,5,4,4,2,2,5,1,4,3.69,0,0,TRUE
Female,Loyal Customer,34,Business Travel,Eco Plus,110,5,4,1,4,5,5,5,5,2,1,5,3,5,3.85,28,19,TRUE
Female,Loyal Customer,58,Business Travel,Business,3028,4,4,4,4,4,5,5,4,4,4,4,4,3,4.08,14,0,TRUE
Female,Loyal Customer,43,Business Travel,Business,1197,2,2,2,2,4,5,4,4,4,4,4,4,5,3.54,0,0,TRUE
Female,Loyal Customer,70,Personal Travel,Eco,691,4,2,4,3,3,3,3,4,4,4,4,3,1,3.23,16,13,FALSE
Male,Loyal Customer,21,Personal Travel,Eco Plus,1482,4,5,3,3,1,3,1,1,4,3,5,3,1,2.85,0,0,FALSE
Female,Disloyal Customer,24,Business Travel,Eco,599,3,0,3,3,1,3,1,1,5,4,5,5,1,2.69,0,0,FALSE
Female,Loyal Customer,41,Business Travel,Business,446,5,5,5,5,5,4,5,4,4,4,4,4,3,4.38,4,0,TRUE
Female,Loyal Customer,60,Personal Travel,Eco,425,2,0,2,5,2,4,5,4,4,2,5,3,4,3.23,0,0,FALSE
Female,Loyal Customer,19,Personal Travel,Eco,240,3,5,3,1,2,3,2,2,4,3,5,4,2,3,0,0,FALSE
Female,Loyal Customer,44,Business Travel,Business,1522,2,2,2,2,5,4,4,4,4,4,4,4,5,3.54,0,0,TRUE
Female,Loyal Customer,37,Business Travel,Eco Plus,250,5,4,4,4,5,5,5,5,1,3,4,4,5,4.15,0,0,TRUE
Male,Disloyal Customer,24,Business Travel,Eco,738,3,3,3,3,3,3,3,3,1,1,2,3,3,2.62,0,0,FALSE
Male,Disloyal Customer,28,Business Travel,Eco,740,4,4,4,4,1,4,1,1,2,1,5,4,1,2.77,10,54,TRUE
Female,Disloyal Customer,43,Business Travel,Eco,1023,2,2,2,4,2,2,2,2,2,2,4,4,2,2.46,63,106,FALSE
Male,Disloyal Customer,48,Business Travel,Business,956,3,3,3,3,5,3,5,5,2,4,3,2,5,3.54,89,102,FALSE
Male,Loyal Customer,48,Business Travel,Eco,301,3,1,3,3,3,3,3,3,2,1,4,3,3,2.69,0,0,FALSE
Male,Loyal Customer,37,Business Travel,Business,3385,3,3,3,3,4,5,4,5,5,5,5,5,5,4.23,0,0,TRUE
Male,Loyal Customer,44,Business Travel,Business,2880,3,3,3,3,2,4,5,5,5,5,5,4,5,4,0,0,TRUE
Male,Disloyal Customer,18,Business Travel,Eco,956,2,2,2,4,5,2,5,5,3,1,4,3,5,3.31,1,0,FALSE
Male,Loyal Customer,37,Business Travel,Business,1577,2,2,2,2,2,1,5,4,4,4,4,3,2,2.85,0,0,TRUE
Female,Loyal Customer,25,Business Travel,Business,3425,3,4,4,4,3,3,3,3,4,2,4,3,3,3.31,66,76,FALSE
Male,Loyal Customer,17,Personal Travel,Eco,717,3,5,3,1,3,3,3,4,3,5,4,3,3,3.31,131,122,FALSE
Female,Loyal Customer,41,Personal Travel,Eco Plus,226,2,5,2,2,5,5,4,2,2,2,2,4,5,3.23,52,42,FALSE
Male,Loyal Customer,34,Business Travel,Business,3871,5,5,5,5,2,5,3,5,5,5,5,4,1,4.23,0,0,TRUE
Male,Loyal Customer,59,Personal Travel,Eco,2611,2,1,2,1,2,1,1,3,1,1,1,1,1,1.38,0,0,FALSE
Female,Loyal Customer,34,Business Travel,Business,2852,5,5,5,5,5,2,1,5,5,5,5,3,2,4.08,0,0,TRUE
Male,Loyal Customer,36,Business Travel,Eco,1050,1,3,3,3,1,1,1,1,4,4,2,2,1,2.08,0,0,FALSE
Female,Loyal Customer,68,Personal Travel,Eco,515,3,5,3,1,2,4,5,5,5,3,5,4,4,3.77,0,0,FALSE
Female,Loyal Customer,30,Business Travel,Business,1604,3,3,3,3,4,4,4,4,1,1,2,4,4,3.08,0,0,TRUE
Male,Disloyal Customer,27,Business Travel,Eco,550,3,3,3,3,2,3,2,2,4,2,1,2,2,2.46,0,0,FALSE
Male,Disloyal Customer,20,Business Travel,Business,639,0,0,0,3,5,0,2,5,4,4,5,5,5,2.92,25,31,TRUE
Female,Loyal Customer,16,Personal Travel,Eco,964,3,4,3,3,1,3,1,1,4,4,4,3,1,2.69,0,6,FALSE
Female,Loyal Customer,34,Business Travel,Business,2200,2,2,2,2,1,4,3,4,4,4,4,2,5,3,0,0,TRUE
Female,Disloyal Customer,26,Business Travel,Eco,120,4,4,4,4,3,4,3,3,2,2,1,2,3,3,0,0,FALSE
Female,Loyal Customer,41,Business Travel,Business,523,3,3,3,3,3,4,5,4,4,4,4,3,3,3.54,0,0,TRUE
Female,Loyal Customer,32,Business Travel,Business,3267,2,2,2,2,5,5,5,5,4,4,1,2,5,3.38,0,0,TRUE
Female,Loyal Customer,31,Business Travel,Business,1448,3,5,5,5,3,3,3,3,4,2,2,4,3,3.46,32,30,FALSE
Female,Loyal Customer,56,Personal Travel,Eco,1092,1,4,1,4,3,4,3,4,4,1,4,5,4,3.23,43,58,FALSE
Female,Loyal Customer,39,Business Travel,Eco,187,5,1,1,1,5,5,5,5,3,4,5,1,5,3.54,0,0,TRUE
Female,Loyal Customer,14,Personal Travel,Eco,67,5,5,5,4,4,5,4,4,1,3,2,5,4,3.92,0,0,TRUE
Female,Loyal Customer,23,Business Travel,Eco Plus,522,3,4,4,4,3,3,2,3,2,4,4,4,3,3.31,0,0,FALSE
Female,Loyal Customer,62,Personal Travel,Eco,602,1,3,1,3,3,2,2,4,4,1,4,1,2,2.38,0,0,FALSE
Male,Loyal Customer,25,Business Travel,Business,3867,3,4,5,4,3,3,3,3,4,4,3,2,3,3.38,34,16,FALSE
Female,Loyal Customer,44,Business Travel,Business,2825,1,1,1,1,2,4,4,3,3,3,3,3,5,2.62,0,0,TRUE
Female,Loyal Customer,23,Personal Travel,Business,748,3,5,3,2,5,3,5,5,4,2,4,4,5,3.85,36,33,FALSE
Male,Loyal Customer,25,Business Travel,Eco,748,4,3,3,3,4,4,5,4,2,2,5,2,4,3.46,0,0,TRUE
Female,Loyal Customer,38,Business Travel,Eco,1598,2,3,3,3,2,3,2,2,4,4,5,3,2,2.92,0,0,TRUE
Female,Loyal Customer,68,Personal Travel,Eco,304,3,4,3,3,2,4,4,2,2,3,4,5,3,3.23,16,56,FALSE
Female,Loyal Customer,48,Business Travel,Business,102,4,3,4,4,5,4,4,5,5,5,5,5,4,4.38,0,0,TRUE
Female,Loyal Customer,41,Personal Travel,Eco,101,1,4,1,3,4,1,4,4,4,3,4,5,4,3.23,0,0,FALSE
Male,Loyal Customer,15,Personal Travel,Business,588,3,4,3,4,1,3,1,1,3,4,5,5,1,2.92,13,21,FALSE
Female,Loyal Customer,31,Business Travel,Business,2526,5,5,5,5,5,5,5,3,2,3,5,5,5,4.46,182,185,TRUE
Female,Loyal Customer,65,Personal Travel,Eco,505,3,4,3,1,3,5,5,2,2,3,2,3,3,3,59,49,FALSE
Female,Loyal Customer,69,Business Travel,Eco Plus,405,3,2,2,2,5,4,3,2,2,3,2,3,2,2.69,14,12,FALSE
Female,Loyal Customer,42,Business Travel,Eco,2399,5,2,2,2,4,4,3,5,5,5,5,3,1,3.54,2,0,TRUE
Male,Disloyal Customer,26,Business Travel,Business,235,5,0,5,1,2,5,2,2,5,4,5,3,2,3.15,25,23,TRUE
Female,Disloyal Customer,24,Business Travel,Eco,1407,2,2,2,4,1,2,1,1,4,5,2,3,1,2.31,5,0,FALSE
Male,Loyal Customer,30,Business Travel,Business,3427,3,5,5,5,3,3,3,4,4,4,4,3,3,3.77,151,147,FALSE
Female,Loyal Customer,49,Personal Travel,Eco,448,1,5,2,2,4,4,1,2,2,2,3,4,2,2.62,64,60,FALSE
Male,Loyal Customer,34,Personal Travel,Eco,239,1,4,1,2,2,1,2,2,5,4,5,3,2,2.62,17,8,FALSE
Female,Loyal Customer,17,Personal Travel,Eco,373,4,5,4,1,4,4,4,4,3,2,4,5,4,3.69,0,0,TRUE
Male,Disloyal Customer,42,Business Travel,Eco,744,2,2,2,4,4,2,4,4,5,4,2,3,4,3.23,0,0,FALSE
Female,Disloyal Customer,23,Business Travel,Eco,134,3,4,3,3,1,3,1,1,4,4,5,3,1,2.77,0,1,FALSE
Female,Loyal Customer,26,Business Travel,Business,1683,4,4,4,4,3,3,3,3,3,2,2,5,3,3.31,42,28,TRUE
Female,Loyal Customer,45,Business Travel,Eco,265,4,1,2,1,4,1,1,4,4,4,4,5,3,2.92,5,0,TRUE
Male,Loyal Customer,30,Business Travel,Business,1464,4,4,4,4,5,5,5,5,5,5,4,3,5,4.46,0,0,TRUE
Male,Disloyal Customer,52,Business Travel,Business,552,1,1,1,4,5,1,5,5,5,2,5,3,5,3.31,0,0,FALSE
Female,Loyal Customer,55,Personal Travel,Eco,480,3,4,3,4,1,3,4,1,1,3,3,1,1,2.46,8,0,FALSE
Female,Loyal Customer,31,Business Travel,Business,996,1,1,1,1,2,2,2,2,5,3,2,1,2,1.92,0,0,TRUE
Female,Loyal Customer,50,Business Travel,Business,368,1,1,1,1,5,5,5,4,4,4,4,5,5,3.46,0,0,TRUE
Male,Loyal Customer,36,Business Travel,Business,808,1,1,1,1,4,4,5,5,5,4,5,3,3,3.23,0,0,TRUE
Female,Loyal Customer,50,Business Travel,Eco,1047,3,3,3,3,2,4,3,3,3,3,3,1,1,2.69,0,0,FALSE
Female,Loyal Customer,17,Business Travel,Business,808,4,4,4,4,4,4,4,3,5,4,5,4,4,4.08,224,221,TRUE
Female,Loyal Customer,61,Business Travel,Business,228,4,5,5,5,4,4,4,4,4,4,4,2,3,4,0,0,FALSE
Female,Loyal Customer,27,Business Travel,Business,1669,4,4,4,4,5,4,5,5,3,4,5,4,5,4.31,0,0,TRUE
Female,Disloyal Customer,23,Business Travel,Business,968,4,0,5,3,2,5,2,2,5,5,5,4,2,3.38,26,29,TRUE
Female,Disloyal Customer,24,Business Travel,Eco,125,2,2,2,3,2,2,2,2,4,1,3,1,2,2.15,0,0,FALSE
Male,Loyal Customer,35,Business Travel,Eco,304,5,2,4,2,5,5,5,5,2,2,2,3,5,3.62,0,0,TRUE
Male,Disloyal Customer,21,Business Travel,Eco,488,4,4,4,1,1,4,1,1,4,5,4,3,1,2.85,0,0,TRUE
Female,Loyal Customer,52,Business Travel,Business,1565,5,5,5,5,3,5,4,4,4,4,4,4,5,4.38,0,1,TRUE
Male,Loyal Customer,8,Personal Travel,Eco,109,3,5,3,1,1,3,3,1,4,4,4,5,1,2.92,0,0,FALSE
Male,Loyal Customer,45,Business Travel,Eco,287,1,4,3,3,1,1,1,1,2,4,3,4,1,2.23,0,0,FALSE
Female,Disloyal Customer,20,Business Travel,Eco,73,2,4,2,4,2,2,2,2,3,3,3,1,2,2.46,0,0,FALSE
Female,Loyal Customer,18,Personal Travel,Eco,1242,2,5,2,3,4,2,5,4,5,5,3,4,4,3.69,14,0,FALSE
Male,Loyal Customer,60,Business Travel,Business,140,4,4,5,4,5,5,4,4,4,4,5,3,4,4.23,0,0,TRUE
Male,Loyal Customer,32,Business Travel,Business,337,5,5,5,5,3,4,3,3,3,3,5,5,3,4,0,11,TRUE
Male,Loyal Customer,44,Personal Travel,Eco,345,3,2,3,2,3,3,3,3,1,4,1,1,3,2.46,0,0,FALSE
Male,Loyal Customer,69,Personal Travel,Business,631,3,5,4,5,3,5,5,2,2,4,5,4,3,3.85,3,0,FALSE
Female,Loyal Customer,51,Business Travel,Business,2045,3,3,3,3,2,4,5,5,5,5,5,3,5,3.92,8,11,TRUE
Male,Disloyal Customer,35,Business Travel,Eco,419,2,3,2,3,2,3,3,2,4,4,4,3,3,2.92,162,131,FALSE
Female,Loyal Customer,16,Personal Travel,Eco,649,2,3,2,4,5,2,5,5,3,1,3,4,5,3.38,0,0,FALSE
Female,Loyal Customer,53,Business Travel,Business,3044,1,1,1,1,5,4,4,4,4,4,4,3,5,3.15,0,0,TRUE
Male,Loyal Customer,40,Business Travel,Eco,817,4,3,3,3,4,4,4,4,2,4,1,2,4,3.23,19,5,TRUE
Male,Loyal Customer,69,Business Travel,Eco Plus,696,2,2,2,2,2,2,2,2,1,5,3,4,2,2.38,0,0,FALSE
Female,Loyal Customer,25,Personal Travel,Eco,139,2,4,2,3,5,2,5,5,3,4,4,4,5,3.69,9,22,FALSE
Female,Disloyal Customer,38,Business Travel,Eco,368,2,3,2,2,5,2,5,5,1,4,3,3,5,3.23,4,0,FALSE
Female,Loyal Customer,50,Business Travel,Eco,1214,4,5,5,5,4,4,4,3,3,4,3,4,4,4,148,129,TRUE
Female,Loyal Customer,35,Business Travel,Eco,305,3,1,1,1,3,3,3,3,1,5,3,4,3,2.62,0,0,FALSE
Female,Disloyal Customer,27,Business Travel,Eco,600,1,2,1,3,1,2,2,3,3,4,3,2,2,2.23,244,235,FALSE
Male,Loyal Customer,41,Personal Travel,Eco,1080,3,4,3,3,3,2,2,4,2,4,5,2,2,3,149,149,FALSE
Female,Loyal Customer,27,Business Travel,Business,1399,4,4,4,4,5,5,5,5,1,4,4,4,5,4.15,0,0,TRUE
Male,Loyal Customer,46,Business Travel,Eco,930,4,5,4,4,5,4,5,5,3,2,4,3,5,4.08,1,0,FALSE
Female,Loyal Customer,60,Business Travel,Business,813,2,2,2,2,3,4,5,5,5,5,5,4,5,3.77,0,0,TRUE
Male,Loyal Customer,21,Personal Travel,Eco,1589,3,5,3,3,4,3,4,4,3,3,4,4,4,3.62,0,0,FALSE
Male,Loyal Customer,53,Business Travel,Business,1855,3,3,4,3,5,4,5,2,2,2,2,5,3,3.31,22,8,TRUE
Male,Loyal Customer,47,Business Travel,Eco,666,4,3,3,3,4,4,4,4,5,5,2,4,4,3.77,6,2,TRUE
Male,Loyal Customer,46,Business Travel,Eco,594,4,3,5,5,4,4,4,4,2,5,1,2,4,3.62,55,49,TRUE
Male,Loyal Customer,59,Business Travel,Business,1730,3,3,3,3,3,3,3,3,3,3,3,1,1,2.69,0,0,FALSE
Female,Loyal Customer,57,Business Travel,Business,3801,5,5,5,5,5,5,5,3,3,4,5,5,5,4.62,75,95,TRUE
Male,Loyal Customer,47,Personal Travel,Eco,332,2,5,2,3,2,2,2,2,1,3,4,1,2,2.38,39,23,FALSE
Male,Loyal Customer,60,Business Travel,Eco,562,2,4,4,4,2,2,2,2,1,1,2,4,2,2.46,38,32,FALSE
Female,Loyal Customer,24,Personal Travel,Eco,448,3,5,5,3,2,5,2,2,5,5,5,5,2,3.77,0,0,FALSE
Male,Loyal Customer,53,Business Travel,Business,2072,5,5,5,5,4,4,4,3,3,4,3,4,4,4.08,9,15,TRUE
Female,Loyal Customer,57,Personal Travel,Eco,907,3,5,3,1,5,4,5,2,2,3,2,4,3,3.23,0,0,FALSE
Male,Loyal Customer,58,Business Travel,Business,1533,5,5,5,5,1,1,3,5,5,5,5,3,1,3.77,0,0,TRUE
Male,Loyal Customer,11,Personal Travel,Eco Plus,230,3,4,0,4,4,0,4,4,5,3,5,5,4,3.46,0,0,FALSE
Male,Loyal Customer,52,Business Travel,Business,2586,5,1,5,5,5,5,5,3,2,5,5,5,5,4.31,112,124,TRUE
Male,Loyal Customer,7,Personal Travel,Business,2565,5,4,5,4,5,5,5,5,3,4,4,1,5,4.23,0,0,TRUE
Female,Loyal Customer,33,Business Travel,Business,159,3,3,3,3,2,4,4,4,4,4,4,4,3,3.46,0,0,TRUE
Female,Loyal Customer,10,Personal Travel,Eco,1144,3,5,3,4,2,3,2,2,4,3,5,3,2,3.15,16,0,FALSE
Female,Loyal Customer,40,Business Travel,Business,674,1,3,1,1,4,4,3,5,5,5,5,5,5,3.62,0,0,TRUE
Male,Loyal Customer,49,Personal Travel,Eco,589,4,3,4,3,3,4,3,3,2,1,4,2,3,3,1,0,TRUE
Female,Loyal Customer,54,Business Travel,Business,3732,2,2,2,2,5,4,3,5,5,5,5,4,1,3.46,0,0,TRUE
Female,Loyal Customer,29,Personal Travel,Eco,1598,1,4,1,3,5,1,2,5,4,2,4,3,5,3.08,0,0,FALSE
Female,Loyal Customer,25,Personal Travel,Eco,345,1,4,1,4,4,1,4,4,4,1,4,1,4,2.85,0,0,FALSE
Female,Disloyal Customer,27,Business Travel,Eco Plus,196,2,3,3,4,4,3,2,4,2,1,4,4,4,3.08,0,0,FALSE
Female,Loyal Customer,66,Personal Travel,Business,306,4,4,3,3,2,3,4,5,5,3,3,4,3,3.54,0,0,FALSE
Female,Loyal Customer,23,Business Travel,Eco Plus,356,1,2,3,3,1,1,4,1,4,5,4,3,1,2.54,0,9,FALSE
Female,Loyal Customer,67,Personal Travel,Eco,1010,2,4,2,3,5,5,4,2,2,2,4,4,2,3.15,0,4,FALSE
Male,Disloyal Customer,39,Business Travel,Business,427,4,4,4,3,2,4,4,2,5,4,5,4,2,3.62,20,26,FALSE
Male,Loyal Customer,28,Business Travel,Business,2419,5,5,3,5,4,4,4,4,3,3,4,4,4,4,8,0,TRUE
Female,Loyal Customer,16,Business Travel,Business,2614,5,5,5,5,4,4,4,4,5,2,4,2,4,4.08,0,0,TRUE
Female,Disloyal Customer,38,Business Travel,Eco,150,2,0,3,1,3,3,3,3,3,1,4,3,3,2.46,0,0,FALSE
Male,Loyal Customer,59,Business Travel,Business,3418,5,5,5,5,2,4,5,5,5,5,5,4,4,4.54,0,0,TRUE
Female,Loyal Customer,30,Business Travel,Business,965,2,2,5,2,3,3,3,3,1,4,5,1,3,2.85,17,23,TRUE
Male,Disloyal Customer,42,Business Travel,Business,2139,2,1,1,3,2,2,3,2,5,5,5,5,2,2.92,0,5,FALSE
Male,Loyal Customer,10,Personal Travel,Eco,135,3,4,0,4,0,4,4,4,3,4,5,4,4,3.31,489,491,FALSE
Male,Loyal Customer,49,Personal Travel,Eco,129,3,2,3,3,3,3,3,3,4,5,2,2,3,3,0,10,FALSE
Female,Loyal Customer,45,Business Travel,Business,1708,5,5,5,5,3,4,4,4,4,4,4,5,3,4.23,5,0,TRUE
Female,Loyal Customer,56,Business Travel,Eco,176,5,3,3,3,1,3,3,5,5,5,5,1,3,3.46,0,0,TRUE
Male,Loyal Customer,44,Business Travel,Business,2704,2,2,2,2,1,2,2,1,1,3,3,2,2,1.92,0,1,FALSE
Female,Loyal Customer,69,Personal Travel,Eco,163,0,4,0,3,1,2,3,2,2,0,2,1,4,1.85,2,0,TRUE
Male,Disloyal Customer,40,Business Travel,Business,337,5,0,0,3,2,0,2,2,5,2,5,3,2,2.38,8,8,TRUE
Male,Disloyal Customer,27,Business Travel,Business,133,5,5,5,2,2,0,2,2,3,4,5,3,2,3.08,0,0,TRUE
Female,Loyal Customer,35,Business Travel,Business,2584,1,1,1,1,3,3,3,5,5,5,5,2,2,2.85,27,28,TRUE
Female,Disloyal Customer,27,Business Travel,Business,545,4,4,4,3,3,4,3,3,4,3,5,5,3,3.69,8,0,TRUE
Male,Loyal Customer,50,Personal Travel,Eco,1476,3,1,3,4,5,3,5,5,3,4,4,1,5,3.54,0,2,FALSE
Female,Loyal Customer,23,Business Travel,Business,2211,4,5,5,5,4,4,4,4,1,5,3,4,4,4,38,31,FALSE
Female,Loyal Customer,18,Business Travel,Eco,1747,0,5,5,5,0,1,4,0,4,3,4,2,0,2.54,86,59,FALSE
Female,Loyal Customer,57,Personal Travel,Eco,633,1,5,1,1,5,5,4,2,2,1,3,4,4,2.92,4,0,FALSE
Female,Disloyal Customer,24,Business Travel,Business,337,5,0,4,3,5,4,5,5,3,2,5,3,5,3.77,0,0,TRUE
Male,Loyal Customer,9,Business Travel,Business,1448,1,1,1,1,5,5,5,5,1,4,5,1,5,3.08,0,0,TRUE
Female,Loyal Customer,52,Business Travel,Business,1590,3,3,3,3,2,5,5,5,5,5,5,4,5,4.08,0,11,TRUE
Male,Loyal Customer,31,Business Travel,Business,2653,2,5,5,5,2,2,2,2,3,1,4,1,2,2.77,0,0,FALSE
Female,Loyal Customer,25,Business Travel,Business,500,5,5,4,5,5,5,5,5,4,5,5,3,5,4.69,0,0,TRUE
Female,Loyal Customer,53,Business Travel,Eco,226,5,3,3,3,4,1,4,5,5,5,5,3,5,3.92,8,0,TRUE
Female,Loyal Customer,47,Business Travel,Business,474,2,1,2,2,5,5,4,3,3,4,3,5,5,3.38,0,12,TRUE
Male,Loyal Customer,26,Business Travel,Business,2891,5,5,5,5,5,4,5,5,4,2,4,5,5,4.54,4,0,TRUE
Male,Loyal Customer,31,Business Travel,Business,2824,1,1,4,1,5,5,5,5,2,1,3,3,5,3.15,7,0,TRUE
Male,Disloyal Customer,39,Business Travel,Business,423,3,3,3,3,3,3,4,3,4,4,5,3,3,3.38,1,0,FALSE
Male,Loyal Customer,22,Business Travel,Business,3174,3,3,3,3,4,4,4,4,1,5,5,5,4,3.69,0,30,TRUE
Male,Loyal Customer,29,Business Travel,Business,759,1,2,2,2,1,1,1,1,1,1,3,3,1,1.54,1,0,FALSE
Female,Loyal Customer,56,Business Travel,Business,1182,4,4,4,4,3,5,5,5,5,5,5,4,4,4.38,0,0,TRUE
Female,Loyal Customer,46,Business Travel,Business,1892,3,3,3,3,5,3,4,5,5,5,5,4,3,3.92,14,3,TRUE
Female,Loyal Customer,61,Personal Travel,Eco,2615,3,4,3,1,3,3,3,5,2,4,5,3,3,3.23,0,14,FALSE
Female,Loyal Customer,7,Personal Travel,Eco,436,2,4,2,4,1,2,1,1,1,4,3,1,1,2.08,0,0,FALSE
Male,Loyal Customer,60,Business Travel,Business,2139,4,1,1,1,2,2,3,4,4,4,4,2,2,2.62,3,0,FALSE
Female,Loyal Customer,27,Personal Travel,Eco Plus,192,3,4,3,3,1,3,1,1,3,5,5,4,1,2.85,0,0,FALSE
Male,Disloyal Customer,41,Business Travel,Eco,1396,2,2,2,3,3,2,2,3,4,5,3,2,3,2.77,20,1,FALSE
Female,Loyal Customer,42,Business Travel,Business,1990,5,5,4,5,5,1,5,2,2,2,2,5,4,3.62,0,0,TRUE
Male,Loyal Customer,40,Personal Travel,Eco,200,3,4,3,2,1,3,1,1,3,3,1,4,1,2.31,0,0,FALSE
Male,Loyal Customer,44,Business Travel,Business,2853,4,4,4,4,3,4,5,5,5,5,5,4,3,4.23,0,0,TRUE
Male,Loyal Customer,58,Business Travel,Business,3171,3,3,3,3,2,5,4,5,5,5,5,4,3,3.85,64,63,TRUE
Female,Loyal Customer,40,Business Travel,Business,1788,5,5,5,5,4,4,4,5,5,5,5,5,5,4.77,84,92,TRUE
Male,Loyal Customer,55,Personal Travel,Eco,404,3,4,3,3,2,3,2,2,3,2,4,5,2,2.92,0,13,FALSE
Female,Disloyal Customer,43,Business Travel,Eco,163,2,0,2,4,4,2,4,4,4,3,2,4,4,3,0,3,FALSE
Female,Loyal Customer,45,Business Travel,Business,1750,2,4,4,4,2,2,3,2,2,2,2,1,2,2.46,0,0,FALSE
Female,Loyal Customer,26,Business Travel,Eco,190,0,5,0,3,2,0,2,2,1,4,4,2,2,2.08,0,0,TRUE
Male,Loyal Customer,11,Business Travel,Business,2040,5,5,5,5,5,5,5,5,3,4,5,3,5,4.62,0,0,TRUE
Male,Loyal Customer,59,Business Travel,Business,2349,5,5,5,5,3,5,4,5,5,5,5,5,3,4.62,47,77,TRUE
Female,Loyal Customer,26,Business Travel,Business,802,4,5,5,5,4,4,4,4,4,5,4,2,4,4.15,1,0,FALSE
Male,Loyal Customer,47,Business Travel,Business,3421,2,2,2,2,5,5,5,4,4,4,4,3,5,3.62,0,1,TRUE
Female,Loyal Customer,16,Personal Travel,Eco,306,3,5,3,2,2,3,2,2,4,5,5,3,2,3.15,9,5,FALSE
Male,Loyal Customer,14,Personal Travel,Eco Plus,1590,2,5,2,5,2,2,1,2,3,4,4,3,2,2.85,0,0,FALSE
Female,Loyal Customer,30,Personal Travel,Eco,591,1,4,1,2,1,4,5,4,4,4,4,5,5,3.38,158,166,FALSE
Male,Loyal Customer,47,Business Travel,Business,2578,5,5,1,5,1,2,3,5,5,5,5,5,1,3.69,0,0,TRUE
Male,Loyal Customer,59,Business Travel,Business,1517,3,3,3,3,5,5,5,4,4,4,4,3,3,3.77,0,6,TRUE
Male,Loyal Customer,19,Personal Travel,Eco,666,4,4,4,4,3,4,2,3,1,4,5,4,3,3.46,16,32,FALSE
Male,Loyal Customer,52,Business Travel,Business,3908,0,0,0,1,5,4,5,4,4,4,4,5,3,3,0,0,TRUE
Female,Loyal Customer,30,Business Travel,Business,2306,4,3,3,3,4,4,4,4,1,1,3,4,4,3.23,0,0,FALSE
Female,Loyal Customer,34,Personal Travel,Eco,347,2,5,2,4,5,2,5,5,3,3,4,5,5,3.85,0,0,FALSE
Female,Loyal Customer,20,Personal Travel,Eco,158,2,4,2,3,3,2,3,3,4,4,4,4,3,3.15,67,71,FALSE
Female,Loyal Customer,69,Personal Travel,Eco,695,3,4,3,4,4,3,4,2,2,3,2,2,2,2.92,11,11,FALSE
Male,Loyal Customer,62,Personal Travel,Eco,879,3,4,3,3,1,3,1,1,3,3,3,2,1,2.38,0,0,FALSE
Male,Loyal Customer,35,Business Travel,Business,1697,5,5,5,5,3,5,5,4,4,4,4,5,4,4.46,12,18,TRUE
Female,Loyal Customer,52,Business Travel,Eco Plus,602,1,5,5,5,5,3,3,1,1,1,1,2,3,2.77,37,29,FALSE
Female,Loyal Customer,56,Personal Travel,Eco,728,2,1,2,4,2,2,3,4,4,3,3,3,3,2.77,118,166,FALSE
Female,Loyal Customer,29,Business Travel,Business,1034,2,2,2,2,4,4,4,4,5,5,2,4,4,3.38,0,0,TRUE
Female,Loyal Customer,24,Business Travel,Business,671,5,5,5,5,5,5,5,5,5,5,2,2,5,4.54,0,0,TRUE
Male,Loyal Customer,43,Business Travel,Business,2115,5,5,5,5,2,5,4,3,3,4,3,5,3,4,0,0,TRUE
Female,Disloyal Customer,50,Business Travel,Business,1506,2,2,2,1,4,2,4,4,3,3,5,3,4,3,0,0,FALSE
Female,Loyal Customer,37,Personal Travel,Eco,1674,1,4,1,3,4,1,1,4,2,5,3,1,4,2.62,0,0,FALSE
Male,Loyal Customer,27,Business Travel,Business,2783,4,4,4,4,5,5,5,5,4,2,5,4,5,4.31,0,2,TRUE
Male,Loyal Customer,57,Business Travel,Business,370,3,5,4,4,4,3,3,3,3,3,3,4,4,3.54,25,25,FALSE
Female,Loyal Customer,27,Business Travel,Business,671,3,5,5,5,3,3,3,3,2,5,2,2,3,3.38,3,0,FALSE
Male,Loyal Customer,39,Business Travel,Business,370,5,5,5,5,5,4,5,5,5,5,5,5,3,4.77,40,35,TRUE
Male,Disloyal Customer,49,Business Travel,Eco,261,4,3,4,5,1,4,1,1,3,5,1,2,1,2.69,0,0,TRUE
Female,Loyal Customer,22,Personal Travel,Eco Plus,862,4,4,5,3,5,5,5,5,4,5,4,4,5,4.46,7,6,FALSE
Female,Disloyal Customer,29,Business Travel,Eco,1185,2,2,2,4,3,2,5,3,1,4,3,2,3,2.77,5,0,FALSE
Male,Disloyal Customer,40,Business Travel,Business,190,4,4,4,2,1,4,1,1,4,3,5,5,1,3,105,102,TRUE
Female,Loyal Customer,41,Personal Travel,Eco,472,1,5,1,1,3,1,3,3,5,3,1,1,3,2.38,7,37,FALSE
Male,Loyal Customer,54,Business Travel,Business,1552,2,2,2,2,4,4,5,4,4,4,4,3,4,3.38,0,8,TRUE
Male,Disloyal Customer,21,Business Travel,Eco,861,2,2,2,4,4,2,1,4,1,5,3,1,4,2.69,15,0,FALSE
Female,Disloyal Customer,35,Business Travel,Business,200,3,3,3,2,5,3,5,5,5,5,5,5,5,4.15,0,0,FALSE
Female,Loyal Customer,33,Business Travel,Eco,238,5,1,1,1,5,5,5,5,2,2,2,3,5,3.23,0,3,TRUE
Male,Loyal Customer,65,Personal Travel,Eco,541,4,4,5,3,2,5,5,2,3,3,4,3,2,3.46,4,12,FALSE
Female,Loyal Customer,39,Business Travel,Business,2586,5,5,5,5,5,5,5,4,4,4,4,4,4,4.54,0,0,TRUE
Male,Loyal Customer,70,Personal Travel,Eco,764,3,4,3,3,1,3,3,1,4,5,5,3,1,3,0,0,FALSE
Female,Loyal Customer,32,Personal Travel,Eco,1184,3,4,3,3,1,3,1,1,4,3,4,4,1,2.69,0,0,FALSE
Male,Loyal Customer,60,Business Travel,Business,239,4,4,4,4,3,4,4,4,4,4,4,5,4,4,0,0,TRUE
Male,Disloyal Customer,26,Business Travel,Business,404,4,0,4,3,2,4,2,2,5,5,5,4,2,3.23,0,0,TRUE
Female,Loyal Customer,44,Business Travel,Business,1757,2,3,3,3,5,3,2,2,2,2,2,4,1,2.62,5,25,FALSE
Male,Disloyal Customer,34,Business Travel,Eco,334,1,3,1,1,3,1,3,3,3,1,5,1,3,2.23,0,14,FALSE
Male,Loyal Customer,68,Personal Travel,Eco,853,1,2,1,4,4,1,4,4,1,2,3,3,4,2.62,27,36,FALSE
Male,Loyal Customer,66,Personal Travel,Eco,1119,2,2,1,3,4,1,4,4,4,4,4,3,4,3.08,0,0,FALSE
Female,Disloyal Customer,59,Business Travel,Business,237,4,4,4,3,3,4,2,3,4,4,4,3,3,3.46,0,0,TRUE
Female,Disloyal Customer,35,Business Travel,Eco,843,2,2,2,3,5,2,5,5,3,3,4,1,5,3.23,0,0,FALSE
Male,Disloyal Customer,41,Business Travel,Business,377,1,1,1,3,1,1,1,1,5,5,5,5,1,2.38,17,10,FALSE
Male,Loyal Customer,11,Personal Travel,Eco,228,5,5,0,1,5,0,5,5,4,2,4,3,5,3.38,0,0,TRUE
Female,Loyal Customer,37,Personal Travel,Eco,631,5,2,5,4,2,5,2,2,1,2,4,4,2,3.08,0,0,TRUE
Female,Loyal Customer,53,Business Travel,Business,3210,4,4,4,4,1,3,5,4,4,4,5,1,1,3.38,18,15,TRUE
Female,Loyal Customer,55,Business Travel,Business,3787,5,5,5,5,4,5,5,4,4,4,4,5,4,4.54,4,2,TRUE
Female,Loyal Customer,49,Business Travel,Business,397,4,5,4,4,3,4,4,5,5,5,5,3,3,4.15,22,13,TRUE
Male,Loyal Customer,44,Business Travel,Business,3933,3,3,3,3,5,2,3,5,5,5,5,4,1,3.62,0,1,TRUE
Male,Loyal Customer,17,Personal Travel,Eco,505,3,4,3,3,1,3,1,1,5,2,4,3,1,2.62,0,0,FALSE
Female,Loyal Customer,40,Business Travel,Business,1389,2,2,2,2,2,5,4,5,5,5,5,3,4,3.54,0,0,TRUE
Female,Loyal Customer,46,Business Travel,Eco,413,2,1,1,1,3,3,4,2,2,2,2,1,3,2.08,0,0,FALSE
Male,Loyal Customer,57,Business Travel,Business,2544,2,2,2,2,2,4,5,4,4,4,4,5,3,3.31,0,0,TRUE
Female,Loyal Customer,48,Business Travel,Business,1824,2,2,2,2,2,3,5,5,5,5,5,3,4,3.46,8,37,TRUE
Female,Disloyal Customer,16,Business Travel,Eco,436,2,1,2,3,3,2,3,3,2,4,4,1,3,2.54,19,19,FALSE
Male,Loyal Customer,24,Business Travel,Business,694,3,3,3,3,3,3,3,3,2,5,4,4,3,3.23,12,5,TRUE
Male,Loyal Customer,60,Personal Travel,Eco,1055,2,4,2,1,1,2,1,1,3,5,4,3,1,2.31,0,2,FALSE
Female,Loyal Customer,59,Business Travel,Business,1096,4,4,4,4,4,5,4,4,4,4,4,3,3,3.92,0,0,TRUE
Female,Disloyal Customer,30,Business Travel,Business,679,4,4,4,2,1,4,1,1,3,3,4,5,1,2.85,0,2,FALSE
Female,Loyal Customer,36,Business Travel,Business,1660,3,3,3,3,5,4,5,4,4,4,4,5,5,4,33,45,TRUE
Female,Loyal Customer,25,Business Travel,Business,2454,1,1,5,1,4,5,5,4,3,5,5,5,5,3.77,103,99,TRUE
Male,Loyal Customer,47,Business Travel,Business,1089,2,2,2,2,4,4,5,5,5,5,5,5,4,3.85,0,0,TRUE
Female,Disloyal Customer,22,Business Travel,Business,668,0,4,0,5,5,0,5,5,4,4,4,3,5,3.38,6,9,TRUE
Male,Disloyal Customer,46,Business Travel,Business,1189,3,3,3,3,3,3,3,3,3,2,3,1,3,2.77,0,0,FALSE
Female,Disloyal Customer,26,Business Travel,Eco,134,3,3,3,1,3,3,3,3,1,4,2,3,3,2.69,0,0,FALSE
Male,Disloyal Customer,35,Business Travel,Eco Plus,781,3,3,3,3,4,3,4,4,2,1,2,1,4,2.85,49,53,FALSE
Male,Loyal Customer,47,Business Travel,Business,907,4,3,4,4,2,5,4,4,4,4,4,4,3,3.77,0,0,TRUE
Female,Loyal Customer,53,Business Travel,Business,2565,4,4,4,4,5,5,5,3,4,5,4,5,5,4.38,12,34,TRUE
Female,Loyal Customer,58,Personal Travel,Eco,946,1,2,1,3,1,3,3,1,1,1,1,1,2,1.62,0,14,FALSE
Female,Disloyal Customer,26,Business Travel,Business,1476,2,2,2,3,3,2,4,3,4,1,3,2,3,2.62,0,6,FALSE
Male,Loyal Customer,27,Business Travel,Eco Plus,86,4,3,3,3,4,4,4,4,4,1,4,1,4,3.31,68,74,FALSE
Male,Loyal Customer,57,Business Travel,Business,2639,1,1,1,1,5,5,4,4,4,4,4,4,5,3.31,0,0,TRUE
Male,Loyal Customer,34,Business Travel,Business,628,5,5,5,5,4,4,4,4,4,4,4,4,5,4.38,0,0,TRUE
Female,Loyal Customer,25,Personal Travel,Eco,337,5,2,5,2,3,5,4,3,2,5,2,1,3,3.23,0,0,TRUE
Male,Disloyal Customer,24,Business Travel,Business,192,5,2,5,2,1,2,1,1,3,2,4,3,1,2.46,2,0,TRUE
Male,Disloyal Customer,14,Business Travel,Eco,920,3,3,3,4,4,3,4,4,3,5,2,2,4,3.38,0,0,FALSE
Male,Loyal Customer,55,Business Travel,Business,2797,0,5,0,3,2,4,5,3,3,3,3,4,3,2.92,0,0,TRUE
Male,Loyal Customer,46,Business Travel,Business,2821,2,2,2,2,1,4,2,4,4,4,4,1,3,2.69,0,0,TRUE
Male,Disloyal Customer,35,Business Travel,Eco,811,3,3,3,3,3,1,1,3,3,4,3,1,1,2.46,0,0,FALSE
Female,Loyal Customer,26,Business Travel,Business,925,4,4,4,4,5,5,5,5,3,4,3,4,5,4.23,0,0,TRUE
Male,Loyal Customer,26,Business Travel,Business,2949,3,3,4,3,4,4,4,4,1,4,2,3,4,3.31,29,36,TRUE
Female,Disloyal Customer,29,Business Travel,Eco,1096,3,3,3,3,3,5,5,4,3,3,4,5,5,3.77,137,117,FALSE
Male,Loyal Customer,44,Personal Travel,Eco Plus,534,2,5,4,5,3,4,3,3,3,5,4,4,3,3.69,8,0,FALSE
Male,Loyal Customer,57,Personal Travel,Eco,1846,3,4,3,1,1,3,1,1,3,5,4,4,1,2.62,18,23,FALSE
Female,Loyal Customer,61,Personal Travel,Eco,1052,3,4,3,2,2,4,5,2,2,3,4,4,3,3.15,76,59,FALSE
Male,Loyal Customer,29,Personal Travel,Eco,425,1,0,1,1,5,1,5,5,5,3,5,5,5,3.23,0,0,FALSE
Female,Loyal Customer,21,Business Travel,Business,534,3,3,4,3,3,3,3,3,2,3,3,4,3,3.08,29,23,FALSE
Male,Disloyal Customer,27,Business Travel,Business,460,4,4,4,4,5,4,5,5,5,2,5,4,5,4.31,3,0,TRUE
Male,Loyal Customer,26,Business Travel,Business,2870,3,3,3,3,3,3,3,3,3,2,3,1,3,2.77,27,29,FALSE
Male,Loyal Customer,57,Personal Travel,Eco,563,2,4,2,5,2,1,1,5,4,4,5,1,1,2.85,207,224,FALSE
Female,Loyal Customer,64,Personal Travel,Eco,86,3,4,3,4,3,3,4,4,4,3,4,4,2,3.46,0,0,FALSE
Male,Loyal Customer,43,Business Travel,Business,293,4,4,4,4,3,4,4,5,5,5,5,3,5,4.23,0,0,TRUE
Male,Loyal Customer,50,Personal Travel,Eco,589,3,4,3,3,5,3,5,5,3,2,4,5,5,3.85,6,13,FALSE
Female,Loyal Customer,40,Personal Travel,Business,723,4,3,4,4,5,1,5,1,1,4,1,2,3,2.92,14,0,FALSE
Male,Loyal Customer,38,Personal Travel,Eco,406,2,1,2,2,2,2,2,2,2,2,2,3,2,2,0,0,FALSE
Male,Loyal Customer,52,Business Travel,Business,2538,5,5,5,5,5,5,5,5,5,5,5,4,4,4.85,14,10,TRUE
Male,Loyal Customer,43,Business Travel,Business,416,3,3,3,3,2,5,4,5,5,5,5,3,3,3.77,50,56,TRUE
Female,Loyal Customer,56,Personal Travel,Eco,837,3,1,3,3,4,4,3,5,5,3,5,3,1,3.31,0,0,FALSE
Male,Loyal Customer,34,Personal Travel,Eco,337,3,4,5,3,3,5,3,3,1,2,4,1,3,3.08,10,21,FALSE
Female,Loyal Customer,30,Business Travel,Business,2382,4,5,5,5,3,3,4,3,2,3,3,3,3,3.54,0,4,FALSE
Female,Loyal Customer,54,Business Travel,Business,280,4,4,4,4,5,5,5,4,4,4,4,5,4,4.31,0,0,TRUE
Male,Loyal Customer,20,Personal Travel,Eco,1506,1,3,1,3,3,1,2,3,4,3,3,4,3,2.62,0,0,FALSE
Male,Disloyal Customer,61,Business Travel,Business,408,5,5,5,3,2,5,4,2,3,4,4,3,2,3.62,0,0,TRUE
Female,Loyal Customer,40,Business Travel,Business,2182,1,1,1,1,5,5,5,4,4,4,4,3,5,3.31,8,0,TRUE
Female,Loyal Customer,11,Business Travel,Business,3063,3,3,3,3,4,4,4,4,3,5,4,5,4,3.77,0,0,TRUE
Female,Loyal Customer,48,Business Travel,Business,2399,3,3,3,3,4,3,5,4,4,4,4,4,4,3.69,0,0,TRUE
Female,Loyal Customer,42,Business Travel,Eco,669,4,5,5,5,1,4,5,4,4,4,4,4,2,3.92,1,17,TRUE
Male,Disloyal Customer,42,Business Travel,Eco,2475,3,3,3,3,3,5,5,1,4,1,3,5,5,3.38,1,0,FALSE
Female,Loyal Customer,59,Business Travel,Business,148,2,2,2,2,5,5,5,4,4,4,5,3,4,3.62,0,0,TRUE
Female,Loyal Customer,44,Business Travel,Business,1464,1,1,1,1,4,4,4,4,4,5,4,4,3,3.08,0,0,TRUE
Female,Disloyal Customer,51,Business Travel,Business,591,1,1,1,1,3,1,3,3,3,5,4,5,3,2.62,3,0,FALSE
Female,Loyal Customer,52,Business Travel,Business,2245,5,5,5,5,5,4,5,4,4,4,4,3,5,4.46,8,9,TRUE
Male,Disloyal Customer,30,Business Travel,Eco,987,3,3,3,3,1,3,2,1,4,2,3,4,1,2.54,0,0,FALSE
Male,Loyal Customer,58,Business Travel,Business,2751,1,1,1,1,2,4,4,5,5,5,5,4,5,3.31,0,0,TRUE
Male,Loyal Customer,56,Business Travel,Business,1589,5,5,5,5,4,1,3,5,5,4,5,3,4,4.15,0,0,FALSE
Male,Loyal Customer,30,Business Travel,Business,2556,1,1,1,1,4,4,4,4,5,4,4,5,4,3.23,25,38,TRUE
Female,Loyal Customer,47,Business Travel,Business,1574,5,5,5,5,4,4,5,5,5,5,5,4,5,4.77,0,0,TRUE
Female,Loyal Customer,50,Business Travel,Business,2001,4,3,4,4,5,3,2,4,4,4,4,5,2,3.69,27,50,TRUE
Male,Loyal Customer,56,Business Travel,Business,255,3,4,4,4,3,4,4,3,3,4,3,1,2,3.23,0,0,FALSE
Male,Loyal Customer,59,Personal Travel,Eco,1448,3,1,3,3,5,3,5,5,2,5,1,2,5,3.31,0,0,FALSE
Male,Loyal Customer,39,Business Travel,Business,1729,2,1,2,2,4,4,4,4,4,5,4,5,3,3.38,0,0,TRUE
Male,Disloyal Customer,40,Business Travel,Business,280,2,2,2,4,3,2,2,3,4,3,4,3,3,2.85,0,0,FALSE
Female,Loyal Customer,33,Personal Travel,Eco,417,1,4,1,4,1,1,1,1,2,5,3,2,1,2.08,41,44,FALSE
Male,Disloyal Customer,23,Business Travel,Business,602,0,4,0,1,4,0,4,4,3,2,4,4,4,2.62,0,3,TRUE
Female,Loyal Customer,70,Personal Travel,Eco,282,1,5,1,5,5,1,4,2,2,1,2,4,1,2.62,3,0,FALSE
Female,Loyal Customer,42,Personal Travel,Eco Plus,1747,4,4,4,4,1,4,3,1,1,4,3,3,2,2.92,0,0,FALSE
Female,Loyal Customer,53,Business Travel,Business,760,5,5,5,5,3,5,5,4,4,4,4,4,4,4.38,0,0,TRUE
Male,Loyal Customer,58,Business Travel,Business,236,4,4,4,4,2,4,4,5,5,5,5,3,3,4,0,0,TRUE
Male,Loyal Customer,36,Business Travel,Eco Plus,329,5,4,4,4,5,5,5,5,1,5,4,1,5,4.08,0,1,TRUE
Female,Loyal Customer,72,Business Travel,Business,522,1,0,0,4,1,4,3,3,3,0,1,3,3,2,0,0,FALSE
Male,Loyal Customer,55,Business Travel,Business,373,4,4,4,4,2,4,4,4,4,4,4,1,4,3.62,9,10,TRUE
Male,Disloyal Customer,30,Business Travel,Business,758,1,1,1,2,3,1,3,3,3,5,4,4,3,2.62,10,0,FALSE
Male,Loyal Customer,52,Business Travel,Business,3362,0,1,1,2,4,4,4,1,1,1,5,4,4,2.46,0,0,TRUE
Male,Loyal Customer,38,Business Travel,Eco,1416,2,4,4,4,2,2,2,2,3,2,2,4,2,2.69,5,0,FALSE
Female,Loyal Customer,21,Personal Travel,Eco,817,1,4,0,4,4,0,4,4,4,2,4,5,4,3.08,0,0,FALSE
Female,Loyal Customer,18,Personal Travel,Business,867,2,1,2,4,4,2,4,4,4,5,3,4,4,3.31,1,6,FALSE
Male,Loyal Customer,55,Business Travel,Business,226,2,2,2,2,5,4,4,5,5,5,5,3,5,3.77,45,48,TRUE
Male,Loyal Customer,25,Personal Travel,Eco,214,3,0,0,1,1,0,1,1,5,2,4,3,1,1.69,0,0,FALSE
Female,Disloyal Customer,23,Business Travel,Eco,1117,3,3,3,2,2,3,2,2,5,5,5,5,2,3.23,26,21,FALSE
Female,Loyal Customer,56,Business Travel,Business,192,4,4,4,4,5,5,5,5,5,5,5,3,3,4.38,0,0,TRUE
Male,Loyal Customer,48,Personal Travel,Eco,874,3,1,3,3,1,3,1,1,1,5,4,3,1,2.31,14,7,FALSE
Male,Loyal Customer,35,Business Travel,Eco,429,4,4,4,4,4,4,4,4,2,5,5,1,4,3.77,0,0,TRUE
Male,Loyal Customer,32,Business Travel,Eco,247,1,4,4,4,1,1,1,1,2,4,2,4,1,2.31,0,2,FALSE
Male,Disloyal Customer,25,Business Travel,Business,622,2,0,2,1,2,2,2,2,4,2,5,5,2,2.38,8,8,FALSE
Female,Disloyal Customer,27,Business Travel,Business,1444,4,4,4,2,4,4,4,4,3,4,5,3,4,3.77,83,61,TRUE
Male,Loyal Customer,29,Business Travel,Business,3127,2,3,3,3,2,2,2,2,4,3,2,2,2,2.46,0,2,FALSE
Female,Loyal Customer,29,Personal Travel,Business,735,1,4,1,1,2,1,2,2,4,5,4,4,2,2.54,1,0,FALSE
Female,Disloyal Customer,27,Business Travel,Eco,270,2,1,2,2,2,2,2,2,2,1,2,4,2,2,0,9,FALSE
Male,Loyal Customer,49,Business Travel,Eco,697,2,5,5,5,2,2,2,2,5,5,4,4,2,3.46,0,0,TRUE
Female,Disloyal Customer,32,Business Travel,Eco,391,3,4,3,3,2,3,5,2,3,3,4,3,2,3.08,0,0,FALSE
Female,Loyal Customer,43,Business Travel,Business,2602,1,1,1,1,2,4,4,4,4,4,4,3,4,2.85,5,1,TRUE
Male,Loyal Customer,57,Business Travel,Business,992,2,2,2,2,1,3,4,2,2,2,2,4,3,2.38,13,41,FALSE
Female,Disloyal Customer,43,Business Travel,Business,192,3,3,3,4,1,3,1,1,5,5,5,3,1,2.92,38,62,FALSE
Male,Loyal Customer,47,Business Travel,Eco Plus,592,3,3,3,3,3,3,3,3,3,4,3,2,3,3,0,0,FALSE
Male,Loyal Customer,14,Personal Travel,Eco,763,4,5,4,2,2,4,2,2,3,5,1,2,2,2.92,0,0,TRUE
Female,Loyal Customer,19,Personal Travel,Eco,2218,4,1,4,4,4,4,4,4,3,5,3,1,4,3.46,0,5,TRUE
Male,Loyal Customer,70,Business Travel,Business,1721,1,5,5,5,3,2,2,2,2,2,1,2,2,2.62,35,39,FALSE
Female,Loyal Customer,47,Business Travel,Business,2957,3,3,5,3,3,4,5,5,5,5,5,4,5,4.23,0,0,TRUE
Male,Loyal Customer,36,Business Travel,Business,2304,1,1,4,1,5,5,5,3,2,5,4,5,5,3.54,202,182,TRUE
Female,Loyal Customer,34,Personal Travel,Eco,738,4,5,4,1,3,4,3,3,4,5,4,4,3,3.62,58,52,FALSE
Male,Loyal Customer,58,Personal Travel,Eco,102,2,2,2,4,2,2,2,2,2,1,4,2,2,2.23,0,0,FALSE
Male,Loyal Customer,45,Business Travel,Eco,447,2,4,4,4,2,2,2,2,4,4,3,4,2,3,0,0,FALSE
Male,Loyal Customer,29,Business Travel,Eco,2454,2,3,3,3,2,2,2,1,2,2,3,2,2,2.23,0,0,FALSE
Male,Loyal Customer,34,Personal Travel,Eco,874,1,2,1,3,4,1,4,4,1,4,3,2,4,2.62,1,0,FALSE
Female,Disloyal Customer,27,Business Travel,Eco Plus,672,3,3,3,4,1,3,3,1,3,2,4,3,1,2.62,5,40,FALSE
Female,Disloyal Customer,54,Business Travel,Business,237,4,4,4,4,4,4,4,4,3,3,5,4,4,3.92,2,0,FALSE
Male,Loyal Customer,33,Personal Travel,Business,1605,2,5,2,4,4,2,2,4,3,5,5,4,4,3.54,92,70,FALSE
Male,Disloyal Customer,28,Business Travel,Eco,483,2,2,2,3,4,2,4,4,2,4,4,1,4,2.92,24,29,FALSE
Female,Disloyal Customer,24,Business Travel,Eco,1173,4,4,4,2,4,4,4,4,3,3,4,5,4,3.77,0,0,TRUE
Female,Loyal Customer,16,Personal Travel,Eco,1481,1,3,2,4,2,2,2,2,4,3,3,4,2,2.62,36,32,FALSE
Male,Loyal Customer,39,Business Travel,Business,444,4,3,4,4,5,5,4,3,3,4,3,5,4,3.92,0,0,TRUE
Male,Loyal Customer,26,Business Travel,Business,2149,1,1,1,1,5,5,5,5,2,2,4,4,5,3.15,0,0,TRUE
Female,Loyal Customer,45,Business Travel,Business,647,2,2,2,2,5,5,4,5,5,5,5,3,5,3.85,16,11,TRUE
Male,Loyal Customer,55,Business Travel,Business,946,4,4,4,4,5,2,4,5,5,5,5,3,1,3.92,2,0,TRUE
Female,Disloyal Customer,30,Business Travel,Business,1771,2,2,2,4,1,2,1,1,4,4,4,5,1,2.54,0,0,FALSE
Male,Loyal Customer,27,Personal Travel,Eco,575,1,5,1,1,2,1,2,2,3,2,5,4,2,2.38,0,0,FALSE
Female,Loyal Customer,37,Business Travel,Business,293,0,0,0,2,3,4,4,4,4,4,4,5,4,2.92,0,0,TRUE
Male,Loyal Customer,27,Business Travel,Eco Plus,584,0,0,0,2,5,0,4,5,1,5,2,4,5,2.54,0,0,TRUE
Male,Loyal Customer,36,Business Travel,Eco Plus,912,4,1,1,1,4,4,4,3,4,4,4,4,4,3.23,404,413,FALSE
Female,Disloyal Customer,28,Business Travel,Business,404,5,5,5,3,4,5,4,4,4,5,5,5,4,4.46,0,0,TRUE
Female,Disloyal Customer,30,Business Travel,Eco,647,3,4,3,4,1,3,1,1,3,2,4,4,1,2.62,9,14,FALSE
Male,Disloyal Customer,25,Business Travel,Business,143,2,1,2,2,3,2,3,3,3,2,3,1,3,2.31,0,0,FALSE
Male,Loyal Customer,35,Business Travel,Business,717,4,4,4,4,4,4,4,2,2,2,2,5,5,3.54,36,38,TRUE
Female,Loyal Customer,43,Business Travel,Business,2539,1,1,1,1,4,5,4,4,4,4,4,4,5,3.23,0,0,TRUE
Male,Loyal Customer,41,Business Travel,Business,107,4,4,4,4,3,4,4,3,3,3,4,1,1,3.23,3,2,FALSE
Female,Disloyal Customer,24,Business Travel,Eco,1301,4,3,3,2,4,4,4,4,4,3,4,4,4,3.62,1,0,TRUE
Female,Loyal Customer,58,Personal Travel,Eco,67,1,3,1,4,1,3,3,4,4,1,2,2,2,2.38,49,69,FALSE
Female,Loyal Customer,66,Personal Travel,Eco,2350,2,4,2,4,3,1,3,2,2,2,2,1,5,2.54,0,0,FALSE
Male,Loyal Customer,33,Personal Travel,Eco,896,2,4,2,3,4,2,4,4,3,5,5,4,4,3.54,5,16,FALSE
Female,Loyal Customer,30,Business Travel,Business,1587,3,3,3,3,5,5,5,5,4,4,5,3,5,4.08,0,0,TRUE
Female,Loyal Customer,19,Business Travel,Eco,190,5,1,1,1,5,5,4,5,4,4,3,5,5,3.69,0,0,TRUE
Male,Loyal Customer,65,Personal Travel,Eco,562,2,1,2,4,4,2,4,4,1,1,4,1,4,2.62,7,15,FALSE
Male,Loyal Customer,49,Business Travel,Eco,327,2,3,3,3,2,2,2,2,4,2,4,2,2,2.54,29,45,FALSE
Female,Loyal Customer,24,Personal Travel,Eco Plus,2454,2,1,2,4,2,4,4,4,2,3,3,4,4,3,31,14,FALSE
Male,Loyal Customer,35,Business Travel,Eco,224,2,1,1,1,2,2,2,2,3,4,3,5,2,2.31,4,0,TRUE
Male,Loyal Customer,34,Business Travel,Business,1448,1,1,1,1,5,4,4,4,4,4,4,3,2,2.92,17,0,TRUE
Female,Loyal Customer,44,Business Travel,Eco Plus,515,4,4,3,4,1,1,3,4,4,4,4,4,5,3.46,0,0,TRUE
Male,Loyal Customer,37,Business Travel,Business,163,4,4,4,4,4,2,1,4,4,4,3,5,1,3.38,0,0,TRUE
Male,Disloyal Customer,40,Business Travel,Business,931,3,3,3,5,1,3,1,1,4,2,5,3,1,2.69,0,0,FALSE
Male,Loyal Customer,62,Business Travel,Business,2239,1,1,1,1,4,3,2,5,5,5,5,1,4,2.92,3,3,TRUE
Male,Loyal Customer,17,Business Travel,Business,1642,2,2,2,2,5,5,5,5,5,2,4,3,5,3.62,43,20,TRUE
Female,Loyal Customer,33,Personal Travel,Eco,589,3,2,4,3,3,4,3,3,4,5,3,1,3,3.15,28,29,FALSE
Male,Loyal Customer,28,Personal Travel,Eco,228,2,4,2,3,1,2,1,1,5,3,5,3,1,2.54,37,38,FALSE
Female,Loyal Customer,55,Personal Travel,Eco,725,2,2,2,4,4,3,3,3,3,2,3,4,2,2.85,40,21,FALSE
Female,Disloyal Customer,30,Business Travel,Eco,948,3,2,2,4,5,2,5,5,2,4,3,2,5,3.38,0,0,FALSE
Female,Loyal Customer,41,Business Travel,Business,1954,4,4,4,4,4,5,4,5,5,5,5,4,3,4.31,0,0,TRUE
Female,Loyal Customer,33,Business Travel,Eco Plus,719,2,2,2,2,2,2,2,2,4,3,4,2,2,2.38,15,8,FALSE
Male,Loyal Customer,25,Personal Travel,Eco,337,2,5,2,1,5,2,3,5,5,4,4,5,5,3.69,0,4,FALSE
Female,Loyal Customer,11,Personal Travel,Eco,356,3,5,3,4,3,3,3,3,3,4,4,5,3,3.54,0,0,FALSE
Female,Loyal Customer,59,Business Travel,Business,1407,3,4,4,4,5,2,3,3,3,3,3,4,4,3.46,0,0,FALSE
Female,Loyal Customer,38,Business Travel,Business,802,1,1,1,1,2,4,3,2,2,2,2,5,4,2.31,12,5,TRUE
Male,Loyal Customer,31,Business Travel,Business,2894,4,5,4,4,4,4,4,4,4,3,3,2,4,3.77,0,0,FALSE
Female,Loyal Customer,42,Business Travel,Business,2914,1,1,2,1,1,5,4,4,4,4,4,4,5,3.08,112,126,TRUE
Male,Disloyal Customer,20,Business Travel,Eco,404,2,0,2,4,3,2,3,3,1,1,4,2,3,2.31,1,0,FALSE
Male,Disloyal Customer,9,Personal Travel,Eco,1199,3,4,2,2,2,2,2,2,5,2,4,3,2,2.69,0,0,FALSE
Male,Loyal Customer,36,Business Travel,Eco,406,4,1,1,1,4,4,4,4,3,3,2,3,4,2.92,0,0,TRUE
Male,Loyal Customer,64,Business Travel,Eco,975,3,5,5,5,3,3,3,2,2,4,4,3,3,3.46,40,12,FALSE
Female,Disloyal Customer,24,Business Travel,Eco,821,3,3,3,1,5,3,4,5,5,3,5,3,5,3.69,0,0,FALSE
Female,Disloyal Customer,37,Business Travel,Eco,200,3,4,3,4,1,3,1,1,2,3,3,3,1,2.46,40,44,FALSE
Female,Loyal Customer,46,Business Travel,Eco,631,1,5,5,5,5,3,3,1,1,1,1,1,1,2.54,0,0,FALSE
Male,Loyal Customer,52,Business Travel,Business,1440,4,4,4,4,5,4,5,2,2,2,2,4,4,3.54,15,0,TRUE
Male,Loyal Customer,57,Personal Travel,Eco,628,2,5,2,3,1,2,1,1,4,4,5,3,1,2.62,0,0,FALSE
Male,Loyal Customer,14,Personal Travel,Eco Plus,419,3,1,3,1,1,3,1,1,1,5,2,3,1,2,10,0,FALSE
Female,Loyal Customer,43,Business Travel,Business,2022,2,1,4,1,1,4,4,2,2,2,2,3,4,2.46,1,0,FALSE
Female,Loyal Customer,44,Business Travel,Business,503,1,1,5,1,4,2,2,5,5,4,5,3,2,3.08,0,0,TRUE
Male,Loyal Customer,36,Business Travel,Business,507,4,5,5,5,4,4,3,4,4,4,4,3,3,4,0,0,FALSE
Female,Loyal Customer,20,Personal Travel,Business,404,2,3,2,3,4,2,4,4,5,1,2,1,4,2.85,4,4,FALSE
Female,Loyal Customer,21,Business Travel,Eco,208,2,1,1,1,2,2,3,2,4,1,4,4,2,2.23,14,13,FALSE
Female,Loyal Customer,51,Business Travel,Business,1654,0,5,0,3,1,2,3,4,4,4,4,4,2,2.77,0,0,TRUE
Female,Loyal Customer,35,Business Travel,Business,109,2,3,3,3,3,3,2,3,3,3,2,4,4,2.92,0,0,FALSE
Male,Loyal Customer,54,Business Travel,Business,1846,3,5,5,5,5,2,2,3,3,3,3,2,1,3.23,81,82,FALSE
Female,Loyal Customer,26,Business Travel,Business,315,2,2,2,2,5,5,5,5,4,2,4,4,5,3.62,0,0,TRUE
Female,Loyal Customer,50,Business Travel,Business,1600,4,4,4,4,2,4,5,4,4,4,4,5,3,3.92,0,0,TRUE
Male,Disloyal Customer,33,Business Travel,Business,140,3,3,3,2,3,3,3,3,4,4,5,4,3,3.31,0,0,FALSE
Male,Loyal Customer,33,Business Travel,Business,2820,2,2,2,2,5,5,5,5,5,4,4,4,5,3.85,0,0,TRUE
Male,Loyal Customer,43,Business Travel,Business,3004,3,3,3,3,2,5,4,5,5,5,5,4,5,4,0,0,TRUE
Male,Disloyal Customer,18,Business Travel,Business,325,5,3,5,1,5,5,5,5,5,4,5,4,5,4.38,0,0,TRUE
Female,Loyal Customer,16,Personal Travel,Eco,436,5,5,5,2,4,5,4,4,3,5,4,3,4,4.08,0,0,TRUE
Male,Loyal Customer,23,Personal Travel,Eco,370,1,5,1,2,4,1,4,4,5,2,4,1,4,2.92,0,9,FALSE
Female,Loyal Customer,48,Personal Travel,Eco,432,3,4,3,4,3,4,5,4,4,3,4,4,3,3.69,0,21,FALSE
Female,Loyal Customer,48,Business Travel,Business,1773,1,2,2,2,1,2,3,1,1,1,1,3,3,1.77,0,14,FALSE
Male,Loyal Customer,51,Personal Travel,Eco Plus,322,1,4,1,3,1,1,1,1,1,1,3,4,1,1.77,4,0,FALSE
Female,Loyal Customer,50,Business Travel,Business,3805,4,4,4,4,1,2,5,4,4,4,4,2,3,3.46,0,0,TRUE
Male,Disloyal Customer,44,Business Travel,Eco Plus,536,4,4,4,4,3,4,2,3,2,2,4,1,3,3.08,3,2,FALSE
Female,Loyal Customer,67,Business Travel,Eco,347,3,2,2,2,4,3,2,3,3,3,3,2,3,2.69,0,1,TRUE
Female,Loyal Customer,24,Business Travel,Business,1547,2,2,2,2,4,4,4,4,3,5,4,4,4,3.38,0,5,TRUE
Female,Loyal Customer,62,Business Travel,Eco,933,2,5,5,5,2,3,4,2,2,2,2,4,3,3.15,0,0,FALSE
Male,Loyal Customer,21,Personal Travel,Eco,1069,3,5,3,4,4,3,4,4,5,3,4,4,4,3.85,17,6,FALSE
Female,Loyal Customer,44,Personal Travel,Eco,511,1,5,3,2,2,5,5,1,1,3,3,3,3,2.85,33,25,FALSE
Female,Loyal Customer,50,Personal Travel,Eco,1171,2,5,2,3,3,5,5,5,5,2,5,4,5,3.92,0,0,FALSE
Female,Loyal Customer,37,Personal Travel,Eco,236,2,4,2,1,1,2,1,1,3,3,4,3,1,2.15,18,0,FALSE
Male,Loyal Customer,54,Personal Travel,Eco,408,3,5,5,3,1,5,1,1,4,2,4,5,1,3.08,0,0,FALSE
Male,Loyal Customer,52,Business Travel,Business,1590,4,4,4,4,3,5,4,4,4,4,4,5,3,4,15,7,TRUE
Male,Loyal Customer,36,Business Travel,Eco,328,5,5,5,5,5,5,5,5,4,3,2,2,5,4.31,0,0,TRUE
Male,Loyal Customer,16,Business Travel,Eco,680,5,3,3,3,5,4,2,5,3,2,4,3,5,3.62,22,18,FALSE
Female,Loyal Customer,43,Business Travel,Business,3945,1,1,1,1,3,4,4,5,5,5,5,4,5,3.38,0,0,TRUE
Female,Loyal Customer,20,Personal Travel,Eco,447,1,4,1,3,2,1,2,2,5,2,4,5,2,2.62,0,0,FALSE
Male,Loyal Customer,54,Business Travel,Business,3410,3,3,3,3,3,4,4,3,3,3,3,4,2,3.15,20,18,FALSE
Male,Loyal Customer,50,Business Travel,Business,2745,1,1,1,1,3,4,4,4,4,4,4,5,4,3.08,0,0,TRUE
Female,Loyal Customer,85,Business Travel,Business,101,4,3,3,3,2,4,3,1,3,3,3,3,3,2.92,0,0,FALSE
Male,Loyal Customer,34,Business Travel,Business,488,3,4,4,4,5,3,3,3,3,3,3,2,4,3.38,0,0,FALSE
Female,Loyal Customer,28,Personal Travel,Eco,1475,5,5,5,3,3,5,3,3,5,2,3,4,3,3.77,0,0,TRUE
Male,Disloyal Customer,10,Business Travel,Eco,480,1,1,1,3,4,1,5,4,2,3,3,2,4,2.62,3,0,FALSE
Female,Loyal Customer,41,Business Travel,Business,2446,3,3,4,3,5,4,4,2,2,2,2,4,3,3.15,14,8,TRUE
Female,Disloyal Customer,43,Business Travel,Eco,1080,2,2,2,3,3,2,3,3,1,1,3,4,3,2.46,0,0,FALSE
Male,Loyal Customer,49,Business Travel,Eco,1050,2,5,4,4,2,2,2,2,1,2,4,3,2,2.69,0,17,FALSE
Female,Loyal Customer,53,Business Travel,Business,1744,1,1,1,1,3,4,5,5,5,5,5,3,4,3.31,34,33,TRUE
Female,Disloyal Customer,30,Business Travel,Eco,347,3,0,3,2,4,3,4,4,4,1,3,2,4,2.85,0,0,FALSE
Male,Loyal Customer,45,Business Travel,Business,1789,5,5,5,5,2,5,5,5,5,5,5,3,4,4.54,6,0,TRUE
Female,Disloyal Customer,18,Business Travel,Eco,629,1,0,1,1,3,1,3,3,2,1,5,4,3,2.15,0,0,FALSE
Female,Disloyal Customer,45,Business Travel,Business,315,4,4,4,2,3,4,3,3,4,4,4,4,3,3.54,0,0,TRUE
Female,Loyal Customer,23,Personal Travel,Eco,763,2,4,2,3,2,2,2,2,4,2,4,5,2,2.77,0,0,FALSE
Male,Loyal Customer,41,Business Travel,Business,3753,5,5,5,5,4,5,4,5,5,4,5,5,3,4.62,7,4,TRUE
Female,Loyal Customer,29,Personal Travel,Eco,1514,2,4,2,5,3,2,3,3,3,5,5,1,3,3.15,0,0,FALSE
Female,Loyal Customer,56,Business Travel,Business,1389,5,5,5,5,4,4,5,5,5,5,5,3,4,4.62,0,0,TRUE
Male,Loyal Customer,58,Personal Travel,Eco,157,3,5,3,5,1,3,1,1,3,3,4,4,1,2.85,10,32,FALSE
Female,Loyal Customer,61,Personal Travel,Eco,95,1,4,1,2,5,1,3,2,2,1,2,2,5,2.38,0,0,FALSE
Female,Loyal Customer,61,Business Travel,Business,2300,2,1,1,1,3,2,2,3,3,3,2,4,1,2.15,0,11,FALSE
Female,Loyal Customer,49,Personal Travel,Eco,1739,2,4,1,5,5,5,5,2,2,1,2,5,5,3.38,4,0,FALSE
Male,Loyal Customer,41,Business Travel,Business,3169,1,1,1,1,5,2,1,4,4,4,4,5,3,2.77,0,0,TRUE
Female,Loyal Customer,54,Business Travel,Business,612,3,3,3,3,5,4,5,4,4,4,4,5,5,4,0,0,TRUE
Female,Disloyal Customer,24,Business Travel,Business,371,5,3,5,5,1,5,1,1,2,5,4,4,1,3.23,0,0,TRUE
Male,Loyal Customer,43,Business Travel,Business,1028,2,2,2,2,5,3,2,5,5,5,5,1,3,3.23,0,0,TRUE
Male,Loyal Customer,20,Personal Travel,Eco,647,3,4,3,4,1,3,4,1,1,1,3,3,1,2.46,19,11,FALSE
Male,Loyal Customer,54,Business Travel,Business,2931,3,3,3,3,5,4,4,4,4,4,4,4,4,3.77,0,7,TRUE
Male,Disloyal Customer,21,Business Travel,Eco,241,3,2,3,4,5,3,5,5,1,3,3,3,5,3.46,0,11,FALSE
Female,Loyal Customer,23,Business Travel,Business,1999,4,4,4,4,5,5,5,5,5,2,5,4,5,4.38,1,4,TRUE
Male,Loyal Customer,44,Business Travel,Eco,89,4,2,2,2,4,4,4,4,1,2,5,3,4,3.15,0,15,TRUE
Female,Loyal Customer,58,Business Travel,Business,2564,4,4,4,4,2,4,5,5,5,5,4,5,3,4.15,0,0,TRUE
Male,Loyal Customer,24,Business Travel,Eco,300,3,3,3,3,3,3,1,3,4,5,4,1,3,3,0,0,FALSE
Female,Loyal Customer,51,Business Travel,Eco,842,2,2,4,4,5,4,3,2,2,2,2,1,2,2.69,2,3,FALSE
Male,Loyal Customer,35,Business Travel,Eco Plus,351,3,3,3,3,2,3,3,4,3,2,3,3,3,2.92,138,133,FALSE
Female,Loyal Customer,58,Business Travel,Business,1752,2,2,4,2,4,5,5,4,4,4,4,5,3,3.69,0,0,TRUE
Male,Loyal Customer,64,Personal Travel,Eco Plus,837,1,4,1,3,4,1,4,4,4,2,4,4,4,3.08,15,9,FALSE
Female,Loyal Customer,43,Business Travel,Eco,317,4,2,2,2,2,3,1,4,4,4,4,5,5,3.23,0,4,TRUE
Male,Loyal Customer,61,Business Travel,Business,1803,2,2,2,2,4,3,1,5,5,5,5,5,5,3.54,0,0,TRUE
Male,Disloyal Customer,30,Business Travel,Eco,409,3,4,3,1,5,3,5,5,4,3,3,5,5,3.77,19,17,FALSE
Female,Disloyal Customer,26,Business Travel,Eco,1005,2,2,2,1,2,2,3,2,4,2,1,2,2,2.08,4,0,FALSE
Female,Disloyal Customer,22,Business Travel,Eco Plus,486,1,1,0,3,4,0,3,4,4,5,4,1,4,2.62,6,0,FALSE
Female,Loyal Customer,26,Personal Travel,Eco,507,3,4,3,3,5,3,3,5,3,5,4,1,5,3.62,2,0,FALSE
Male,Loyal Customer,18,Personal Travel,Eco,184,3,5,3,1,3,3,3,3,3,2,5,4,3,3.15,0,0,FALSE
Female,Loyal Customer,24,Business Travel,Business,1846,2,2,2,2,4,4,4,4,5,2,5,5,4,3.46,23,4,TRUE
Male,Loyal Customer,60,Business Travel,Business,123,3,3,3,3,2,4,5,5,5,5,4,3,3,3.69,0,0,TRUE
Female,Loyal Customer,56,Personal Travel,Eco,160,3,2,0,3,3,3,3,2,2,0,2,2,1,2,19,17,FALSE
Female,Loyal Customer,72,Business Travel,Eco Plus,787,2,5,3,3,4,3,4,2,2,2,2,2,4,2.92,0,0,FALSE
Female,Loyal Customer,50,Personal Travel,Eco,646,4,1,4,3,1,4,4,2,2,4,2,3,2,2.77,0,0,FALSE
Female,Loyal Customer,53,Personal Travel,Eco,989,3,3,3,4,4,3,3,2,2,3,2,3,3,2.92,0,0,FALSE
Male,Loyal Customer,60,Business Travel,Business,308,4,4,4,4,4,4,5,5,5,5,5,4,3,4.31,51,48,TRUE
Male,Disloyal Customer,22,Business Travel,Business,391,4,4,4,3,5,4,5,5,4,2,5,4,5,4.15,19,7,TRUE
Male,Loyal Customer,25,Personal Travel,Eco,1024,2,4,2,1,1,2,1,1,3,3,5,5,1,2.38,0,0,FALSE
Female,Loyal Customer,30,Business Travel,Business,551,2,2,3,3,2,2,2,2,1,1,3,3,2,2.15,24,11,FALSE
Male,Loyal Customer,52,Business Travel,Business,1389,1,1,1,1,5,5,5,4,4,4,4,3,5,3.31,0,0,TRUE
Female,Disloyal Customer,20,Business Travel,Eco,1284,2,2,2,1,4,2,4,4,1,1,3,1,4,2.38,7,0,FALSE
Female,Disloyal Customer,37,Business Travel,Business,882,3,3,3,3,5,3,5,5,3,5,4,4,5,3.92,0,0,TRUE
Male,Loyal Customer,39,Business Travel,Business,2139,1,5,1,1,5,4,5,4,4,4,4,4,3,3.46,1,0,TRUE
Female,Loyal Customer,63,Personal Travel,Eco Plus,1972,2,0,2,3,2,5,4,1,1,2,5,5,5,2.85,0,0,FALSE
Female,Loyal Customer,55,Business Travel,Business,2011,3,3,4,3,4,4,5,4,4,4,4,3,4,3.77,0,1,TRUE
Male,Loyal Customer,49,Business Travel,Business,1585,5,5,5,5,5,5,5,2,2,2,2,5,4,4,8,3,TRUE
Male,Loyal Customer,68,Personal Travel,Eco,605,2,4,2,4,2,2,2,2,4,2,5,5,2,2.92,0,0,FALSE
Female,Loyal Customer,49,Personal Travel,Eco,1501,3,4,3,2,2,3,4,1,1,3,1,5,4,2.77,4,0,FALSE
Male,Loyal Customer,38,Business Travel,Business,282,0,0,0,3,3,4,5,1,1,1,1,4,4,2.08,0,0,TRUE
Female,Disloyal Customer,33,Business Travel,Business,373,1,1,1,3,2,1,2,2,4,1,4,3,2,2.08,26,28,FALSE
Male,Loyal Customer,42,Personal Travel,Eco Plus,252,1,5,1,3,2,1,2,2,1,2,4,4,2,2.31,0,0,FALSE
Male,Disloyal Customer,30,Business Travel,Business,683,2,2,2,2,2,2,2,2,3,4,4,3,2,2.46,0,0,FALSE
Male,Loyal Customer,51,Business Travel,Business,459,4,4,4,4,3,4,4,5,5,5,5,3,5,4.23,0,0,TRUE
Female,Loyal Customer,39,Business Travel,Business,2178,5,5,5,5,4,5,5,4,4,4,4,3,3,4.31,31,26,TRUE
Female,Loyal Customer,51,Business Travel,Business,3034,3,3,3,3,2,1,5,5,5,5,5,5,5,3.85,70,70,TRUE
Male,Loyal Customer,22,Business Travel,Business,2865,3,5,4,5,3,3,3,3,3,5,4,4,3,3.69,10,3,FALSE
Male,Loyal Customer,55,Business Travel,Business,3626,1,1,1,1,5,5,5,5,5,5,5,4,5,3.69,0,8,TRUE
Male,Loyal Customer,43,Personal Travel,Eco,628,2,4,3,5,2,3,2,2,5,3,5,3,2,3.15,77,67,FALSE
Male,Loyal Customer,16,Personal Travel,Business,862,2,4,2,1,4,2,4,4,4,3,5,3,4,3.23,0,0,FALSE
Male,Disloyal Customer,35,Business Travel,Eco,846,1,2,2,3,5,2,5,5,3,3,4,2,5,3.23,27,27,FALSE
Male,Loyal Customer,50,Personal Travel,Eco,1028,5,5,5,4,5,5,5,5,5,2,5,3,5,4.54,16,0,TRUE
Male,Loyal Customer,9,Personal Travel,Eco,237,3,4,0,1,2,0,3,2,4,4,5,4,2,2.62,0,0,FALSE
Male,Loyal Customer,29,Personal Travel,Eco,853,2,4,2,3,3,2,3,3,3,4,4,4,3,3.08,0,0,FALSE
Female,Loyal Customer,55,Business Travel,Business,802,5,5,5,5,5,4,4,5,5,5,5,4,4,4.69,165,167,TRUE
Female,Loyal Customer,46,Personal Travel,Eco,867,4,4,4,2,2,5,5,3,3,4,3,4,3,3.54,0,0,TRUE
Female,Loyal Customer,59,Business Travel,Eco,417,2,3,3,3,5,4,4,2,2,2,2,4,2,2.92,0,4,FALSE
Female,Loyal Customer,51,Business Travel,Business,2870,1,2,2,2,1,3,4,1,1,1,1,1,3,1.77,0,0,FALSE
Male,Loyal Customer,57,Business Travel,Business,3430,3,3,3,3,2,4,4,5,5,5,5,3,5,3.85,0,0,TRUE
Female,Loyal Customer,85,Business Travel,Business,2971,1,3,1,1,5,3,5,5,5,5,1,5,5,3.46,0,0,TRUE
Male,Loyal Customer,52,Business Travel,Eco Plus,2358,5,2,2,2,5,5,5,5,2,3,5,2,5,3.69,0,0,TRUE
Male,Loyal Customer,69,Personal Travel,Eco,157,3,1,3,3,4,3,3,4,1,2,2,2,4,2.69,0,1,FALSE
Male,Loyal Customer,59,Personal Travel,Eco Plus,262,1,3,1,4,2,1,2,2,1,3,3,3,2,2.15,87,104,FALSE
Male,Loyal Customer,40,Business Travel,Business,2329,5,5,5,5,4,4,3,4,4,5,4,5,3,4.31,0,0,TRUE
Male,Loyal Customer,61,Personal Travel,Eco,944,3,4,3,3,4,3,5,4,3,3,1,1,4,3.15,0,0,FALSE
Male,Loyal Customer,59,Business Travel,Business,2415,3,3,3,3,2,5,5,5,5,5,5,5,4,4.08,0,0,TRUE
Female,Loyal Customer,38,Business Travel,Business,2290,5,5,5,5,1,5,3,5,5,5,5,4,5,4.46,0,0,TRUE
Male,Loyal Customer,64,Personal Travel,Eco,444,2,2,2,3,3,2,3,3,1,4,3,2,3,2.54,0,0,FALSE
Female,Disloyal Customer,35,Business Travel,Eco,67,3,1,3,3,1,3,1,1,2,5,3,2,1,2.23,4,7,FALSE
Male,Loyal Customer,63,Personal Travel,Eco,402,1,4,5,2,3,5,3,3,5,5,5,5,3,3.77,2,0,FALSE
Female,Loyal Customer,41,Business Travel,Eco,510,5,4,4,4,5,5,5,5,2,3,5,3,5,4.23,0,0,TRUE
Female,Disloyal Customer,36,Business Travel,Eco Plus,221,3,3,3,3,3,3,3,3,1,5,1,5,3,3,0,0,FALSE
Male,Loyal Customer,32,Business Travel,Business,2399,3,3,3,3,5,5,5,5,3,2,3,4,5,3.77,0,0,TRUE
Male,Loyal Customer,42,Business Travel,Business,772,1,1,1,1,2,5,4,5,5,5,5,3,4,3.23,0,0,TRUE
Male,Disloyal Customer,33,Business Travel,Business,370,2,2,2,4,3,2,3,3,5,2,5,5,3,3.15,0,0,FALSE
Male,Loyal Customer,39,Business Travel,Business,406,3,3,4,3,2,5,5,5,5,5,5,3,3,3.92,13,13,TRUE
Male,Loyal Customer,36,Business Travel,Business,1754,3,4,4,4,5,2,4,3,3,3,3,1,3,3.23,0,0,FALSE
Male,Disloyal Customer,20,Business Travel,Eco,620,3,1,2,3,3,2,5,3,4,5,3,3,3,3.08,0,9,FALSE
Male,Loyal Customer,22,Personal Travel,Eco,597,1,3,1,3,4,1,4,4,4,1,4,2,4,2.77,0,0,FALSE
Male,Loyal Customer,49,Business Travel,Business,194,1,1,1,1,5,5,1,5,5,5,3,1,3,2.85,32,32,TRUE
Male,Loyal Customer,48,Business Travel,Eco Plus,1034,4,5,1,5,4,4,4,4,4,5,1,2,4,3.62,1,9,TRUE
Male,Loyal Customer,43,Business Travel,Business,2597,1,3,3,3,2,3,3,2,2,2,1,1,2,2.15,2,5,FALSE
Female,Loyal Customer,63,Personal Travel,Eco,1306,2,4,2,3,5,5,4,3,3,2,3,5,4,3.46,0,0,FALSE
Male,Loyal Customer,54,Business Travel,Business,3002,4,4,4,4,3,5,4,4,4,4,4,5,3,4,0,0,TRUE
Male,Loyal Customer,55,Personal Travel,Eco,2586,3,5,3,3,5,3,5,5,5,3,5,3,5,4.08,40,15,FALSE
Female,Loyal Customer,28,Personal Travel,Eco,332,3,4,3,4,3,3,1,3,2,2,4,2,3,2.85,97,123,FALSE
Female,Loyal Customer,47,Personal Travel,Eco,2777,2,1,2,1,2,3,2,2,1,2,2,2,2,1.85,0,0,FALSE
Male,Disloyal Customer,18,Business Travel,Eco,432,2,4,2,3,2,2,2,2,3,2,4,3,2,2.54,0,0,FALSE
Male,Loyal Customer,66,Business Travel,Eco Plus,590,3,3,3,3,3,3,3,3,2,5,4,3,3,3.15,0,0,FALSE
Female,Disloyal Customer,37,Business Travel,Eco,169,1,0,1,1,3,1,3,3,4,2,4,3,3,2.23,0,0,FALSE
Female,Disloyal Customer,44,Business Travel,Eco,934,4,4,4,1,5,4,2,5,2,4,1,4,5,3.46,23,21,FALSE
Male,Disloyal Customer,39,Business Travel,Eco,262,5,1,5,2,2,5,2,2,2,5,3,3,2,3,0,0,TRUE
Female,Loyal Customer,49,Personal Travel,Business,481,2,4,2,1,4,1,5,5,5,2,5,2,2,3.08,0,0,FALSE
Male,Disloyal Customer,36,Business Travel,Eco,253,2,3,2,3,2,2,2,2,4,5,4,4,2,2.85,41,28,FALSE
Female,Loyal Customer,20,Personal Travel,Eco,2611,1,4,1,4,3,1,3,3,4,2,5,3,3,2.85,0,0,FALSE
Male,Loyal Customer,57,Business Travel,Business,944,5,5,5,5,3,5,4,4,4,4,4,3,2,4.08,4,0,TRUE
Male,Loyal Customer,9,Personal Travel,Eco,1337,3,5,3,5,1,3,1,1,4,2,4,5,1,2.92,0,0,FALSE
Female,Disloyal Customer,24,Business Travel,Business,683,5,4,5,3,1,5,1,1,5,5,4,4,1,3.38,4,0,TRUE
Male,Loyal Customer,59,Personal Travel,Eco,926,1,5,1,1,2,1,2,2,4,3,5,5,2,2.62,0,0,FALSE
Female,Loyal Customer,38,Personal Travel,Eco,1911,1,4,1,4,5,1,1,5,5,3,3,5,5,3.31,25,14,FALSE
Male,Loyal Customer,50,Personal Travel,Eco Plus,374,3,3,3,4,1,3,1,1,2,3,4,3,1,2.46,0,2,FALSE
Female,Loyal Customer,23,Business Travel,Business,549,5,5,5,5,4,4,4,4,3,3,5,3,4,4.15,0,0,TRUE
Female,Loyal Customer,59,Business Travel,Business,1436,3,3,3,3,2,4,5,5,5,5,5,4,4,3.92,14,28,TRUE
Male,Loyal Customer,10,Personal Travel,Eco,925,4,5,4,3,4,4,4,4,2,1,3,4,4,3.54,9,0,FALSE
Female,Loyal Customer,65,Personal Travel,Eco,631,3,4,3,3,3,3,3,5,5,3,5,1,2,3.31,0,10,FALSE
Male,Loyal Customer,37,Business Travel,Business,1856,2,5,5,5,3,4,4,2,2,2,2,3,4,3.31,91,83,FALSE
Female,Disloyal Customer,23,Business Travel,Eco,539,2,2,3,3,1,3,5,1,1,4,4,2,1,2.46,0,0,FALSE
Male,Loyal Customer,51,Personal Travel,Eco,683,1,4,2,4,5,2,5,5,3,2,3,2,5,3.31,5,8,FALSE
Female,Loyal Customer,54,Business Travel,Business,1962,5,4,5,5,3,4,4,4,4,4,4,3,5,4.15,48,47,TRUE
Male,Loyal Customer,20,Personal Travel,Eco,2475,3,4,3,4,3,4,4,4,3,5,4,4,4,3.77,0,0,FALSE
Male,Loyal Customer,30,Business Travel,Business,179,3,3,3,3,5,4,4,5,1,3,3,4,5,3.54,0,18,TRUE
Male,Loyal Customer,68,Personal Travel,Eco,327,2,5,4,1,3,4,3,3,3,3,5,3,3,3.23,47,47,FALSE
Male,Loyal Customer,44,Business Travel,Business,1846,2,2,2,2,3,3,4,5,5,5,5,3,5,3.54,0,0,TRUE
Male,Loyal Customer,22,Personal Travel,Eco,641,1,5,1,3,2,1,2,2,4,5,4,4,2,2.77,0,0,FALSE
Male,Loyal Customer,30,Business Travel,Business,2525,0,0,0,2,4,4,4,4,5,3,3,5,4,2.92,14,22,TRUE
Female,Loyal Customer,38,Business Travel,Eco,231,4,5,5,5,4,4,4,4,4,3,1,1,4,3.69,0,0,TRUE
Male,Loyal Customer,48,Business Travel,Business,2968,1,3,3,3,3,2,3,1,1,1,1,1,3,2,0,0,FALSE
Male,Disloyal Customer,39,Business Travel,Eco,1322,3,3,3,3,3,5,5,2,2,4,3,5,5,3.54,0,0,FALSE
Male,Loyal Customer,37,Personal Travel,Eco,589,2,4,2,4,4,2,4,4,1,4,4,3,4,3.23,0,0,FALSE
Male,Disloyal Customer,42,Business Travel,Business,452,2,2,2,3,3,2,3,3,5,3,5,3,3,3,14,9,FALSE
Female,Loyal Customer,47,Personal Travel,Eco,628,2,4,2,2,2,5,1,5,5,2,2,5,5,3.23,0,0,FALSE
Female,Loyal Customer,37,Business Travel,Business,2075,3,3,3,3,2,4,5,5,5,5,5,5,4,4,26,13,TRUE
Female,Loyal Customer,67,Personal Travel,Eco,74,3,1,3,4,4,3,3,4,4,3,4,1,3,3.08,0,0,FALSE
Female,Loyal Customer,29,Business Travel,Business,2276,3,3,1,3,5,5,5,5,3,3,5,3,5,3.77,35,14,TRUE
Male,Loyal Customer,51,Business Travel,Business,3345,2,2,3,2,4,4,4,3,3,4,3,3,3,3.08,22,0,TRUE
Female,Disloyal Customer,22,Business Travel,Eco,295,2,1,2,2,4,2,4,4,4,3,3,3,4,2.92,0,0,FALSE
Male,Loyal Customer,30,Business Travel,Business,1020,4,2,2,2,4,4,4,4,4,4,3,2,4,3.31,9,2,FALSE
Female,Disloyal Customer,21,Business Travel,Eco,731,3,3,3,3,5,3,4,5,2,2,3,3,5,3.38,0,0,FALSE
Female,Loyal Customer,53,Business Travel,Business,1037,2,4,4,4,4,2,2,2,2,2,2,3,2,2.69,0,9,FALSE
Male,Disloyal Customer,26,Business Travel,Eco,583,5,3,5,1,4,5,4,4,1,3,1,3,4,3.31,0,0,TRUE
Female,Loyal Customer,59,Personal Travel,Eco Plus,214,3,3,3,3,1,4,2,4,4,3,4,5,2,3.15,0,0,FALSE
Male,Loyal Customer,9,Personal Travel,Eco,342,3,3,3,3,2,3,2,2,2,3,2,3,2,2.54,0,0,FALSE
Female,Loyal Customer,32,Business Travel,Business,1310,1,1,1,1,3,3,3,3,4,2,5,4,3,2.62,0,0,TRUE
Male,Disloyal Customer,21,Business Travel,Business,491,4,4,4,1,2,4,4,2,5,2,4,3,2,3.15,0,0,TRUE
Female,Loyal Customer,43,Business Travel,Eco Plus,156,4,4,1,4,3,5,2,3,3,4,3,5,2,3.31,0,0,TRUE
Male,Loyal Customer,18,Business Travel,Business,3594,4,4,4,4,4,4,4,4,1,3,1,5,4,3.54,7,12,TRUE
Female,Loyal Customer,75,Business Travel,Eco,635,3,5,5,5,1,4,4,3,3,3,3,4,3,3.54,21,6,FALSE
Female,Disloyal Customer,25,Business Travel,Business,808,2,5,2,3,3,2,5,3,4,2,4,3,3,3.15,2,0,FALSE
Female,Loyal Customer,43,Business Travel,Business,1956,4,4,4,4,3,3,4,4,4,4,4,5,4,3.92,0,3,TRUE
Male,Disloyal Customer,17,Business Travel,Eco,468,2,0,2,4,5,2,5,5,1,5,5,4,5,3.46,1,0,FALSE
Female,Loyal Customer,44,Personal Travel,Eco,78,3,4,3,3,4,5,5,3,3,3,3,4,5,3.69,18,11,FALSE
Female,Loyal Customer,35,Personal Travel,Eco,337,4,5,4,1,3,4,3,3,1,3,2,5,3,3.15,2,0,TRUE
Male,Loyal Customer,40,Business Travel,Business,247,0,0,0,4,2,4,4,4,4,1,1,5,3,2.46,0,0,TRUE
Female,Loyal Customer,15,Personal Travel,Eco,373,2,1,2,3,5,2,5,5,4,1,3,4,5,3.23,0,0,FALSE
Female,Loyal Customer,49,Business Travel,Business,920,2,2,2,2,4,4,4,5,5,5,5,5,4,3.77,0,0,TRUE
Female,Loyal Customer,40,Business Travel,Eco,1162,5,1,1,1,5,5,5,5,4,4,3,4,5,3.69,32,31,TRUE
Male,Loyal Customer,69,Personal Travel,Eco,312,4,4,2,4,2,2,2,2,3,3,4,5,2,3,11,15,FALSE
Male,Loyal Customer,51,Business Travel,Business,562,3,3,3,3,2,5,4,5,5,5,5,5,3,3.92,0,3,TRUE
Male,Disloyal Customer,30,Business Travel,Business,1773,4,3,3,1,2,3,2,2,4,2,3,3,2,2.62,7,15,FALSE
Female,Loyal Customer,48,Personal Travel,Business,347,1,1,1,4,5,3,3,2,2,1,2,1,3,2.23,0,0,FALSE
Male,Disloyal Customer,26,Business Travel,Eco Plus,89,3,2,3,4,2,3,2,2,2,4,3,3,2,2.69,0,0,FALSE
Female,Loyal Customer,22,Business Travel,Eco,872,5,3,5,3,5,4,4,5,5,3,3,2,5,4,72,52,TRUE
Male,Loyal Customer,45,Business Travel,Business,1127,5,5,5,5,4,4,4,5,5,5,5,5,5,4.77,0,0,TRUE
Female,Disloyal Customer,46,Business Travel,Eco,957,4,4,4,4,5,4,5,5,4,2,2,5,5,4.08,0,0,FALSE
Female,Loyal Customer,56,Personal Travel,Eco Plus,748,3,5,3,1,4,5,5,5,5,3,5,3,4,3.92,2,0,FALSE
Female,Loyal Customer,59,Personal Travel,Eco,1089,5,2,5,4,2,4,4,2,2,2,2,4,3,3.15,0,0,TRUE
Female,Disloyal Customer,32,Business Travel,Eco,222,3,2,3,2,2,3,2,2,1,5,2,4,2,2.54,0,0,FALSE
Female,Disloyal Customer,28,Business Travel,Eco,894,3,2,2,5,1,2,1,1,3,3,2,5,1,2.38,3,2,FALSE
Female,Disloyal Customer,21,Business Travel,Business,935,4,0,4,1,1,4,1,1,5,4,4,5,1,2.69,7,0,TRUE
Male,Loyal Customer,26,Business Travel,Business,1941,2,4,4,4,2,2,2,2,4,4,4,1,2,2.85,0,2,FALSE
Male,Loyal Customer,43,Business Travel,Business,3237,1,1,1,1,5,5,5,5,5,5,5,3,4,3.54,11,13,TRUE
Male,Loyal Customer,39,Business Travel,Business,621,2,2,2,2,3,5,4,5,5,5,5,3,5,3.69,23,26,TRUE
Male,Loyal Customer,51,Business Travel,Business,3876,0,0,0,3,2,4,5,3,3,3,3,5,4,2.69,0,0,TRUE
Male,Loyal Customer,45,Business Travel,Eco,867,4,2,2,2,4,4,4,4,3,1,4,3,4,3.15,0,14,TRUE
Male,Loyal Customer,23,Personal Travel,Eco,383,2,4,2,2,5,2,1,5,5,3,5,5,5,3.54,0,0,FALSE
Male,Loyal Customer,54,Business Travel,Eco Plus,809,5,4,4,4,5,5,5,5,5,3,2,3,5,4.23,9,2,TRUE
Female,Disloyal Customer,19,Business Travel,Eco,895,1,1,1,3,4,1,4,4,4,1,3,2,4,2.54,44,28,FALSE
Female,Loyal Customer,19,Personal Travel,Eco,501,2,4,2,3,3,2,4,3,5,4,4,3,3,3.23,110,91,FALSE
Male,Disloyal Customer,24,Business Travel,Business,735,5,5,5,5,3,5,3,3,3,4,4,3,3,3.92,0,0,TRUE
Male,Loyal Customer,58,Business Travel,Business,337,1,1,1,1,4,5,4,5,5,5,5,3,3,3.31,0,0,TRUE
Male,Loyal Customer,64,Personal Travel,Eco,1721,4,4,3,5,3,3,3,3,3,2,4,5,3,3.46,0,0,TRUE
Female,Loyal Customer,53,Business Travel,Business,3982,2,2,2,2,4,4,5,4,4,4,4,3,3,3.31,0,13,TRUE
Male,Loyal Customer,68,Personal Travel,Eco Plus,1460,2,5,3,4,1,3,1,1,3,3,3,4,1,2.62,0,3,FALSE
Male,Loyal Customer,35,Business Travel,Eco,359,1,1,1,1,1,2,1,1,2,5,4,2,1,1.77,0,0,FALSE
Female,Loyal Customer,12,Personal Travel,Eco,2454,2,2,2,3,2,2,1,2,2,2,3,3,2,2.15,0,0,FALSE
Female,Disloyal Customer,22,Business Travel,Eco,859,1,1,1,3,2,1,3,2,4,2,4,4,2,2.31,0,8,FALSE
Male,Loyal Customer,54,Business Travel,Business,3344,4,4,4,4,2,4,5,4,4,4,4,4,4,3.92,26,22,TRUE
Male,Disloyal Customer,24,Business Travel,Business,272,4,1,4,3,4,3,3,4,3,2,3,3,3,3.08,232,235,FALSE
Male,Loyal Customer,62,Personal Travel,Business,272,3,1,3,3,1,4,4,4,4,3,4,3,1,2.92,0,0,FALSE
Male,Loyal Customer,33,Personal Travel,Eco,583,1,5,1,1,3,1,3,3,3,2,5,4,3,2.69,1,17,FALSE
Male,Loyal Customer,24,Business Travel,Business,2271,1,1,1,1,5,5,5,4,4,4,5,5,5,3.54,197,183,TRUE
Male,Disloyal Customer,57,Business Travel,Business,272,4,3,3,1,5,4,5,5,4,2,1,5,5,3.62,0,0,TRUE
Male,Loyal Customer,28,Personal Travel,Eco,1086,4,5,4,3,5,4,5,5,4,3,5,5,5,4.38,0,5,FALSE
Male,Loyal Customer,36,Business Travel,Business,296,4,5,5,5,4,4,4,4,4,4,4,2,2,3.92,0,0,FALSE
Female,Loyal Customer,46,Business Travel,Business,599,2,4,4,4,1,4,3,2,2,2,2,1,1,2.46,0,0,FALSE
Male,Loyal Customer,58,Personal Travel,Eco,948,4,2,4,4,2,4,2,2,4,2,2,1,2,2.69,0,0,FALSE
Male,Loyal Customer,56,Business Travel,Business,2248,3,3,3,3,2,5,5,4,4,4,4,5,3,3.69,0,0,TRUE
Female,Disloyal Customer,34,Business Travel,Eco,541,3,2,3,3,4,3,4,4,1,4,4,3,4,3.23,0,0,FALSE
Male,Loyal Customer,70,Personal Travel,Business,634,3,4,3,1,5,4,4,2,2,3,2,4,3,3.08,0,0,FALSE
Male,Loyal Customer,44,Business Travel,Business,2431,4,4,4,4,4,4,5,2,2,2,2,3,4,3.38,0,1,TRUE
Female,Loyal Customer,24,Personal Travel,Eco,715,3,2,4,2,3,4,3,3,4,2,1,3,3,2.85,0,0,FALSE
Male,Loyal Customer,56,Business Travel,Business,3342,3,3,3,3,2,4,5,5,5,5,5,3,3,3.77,0,0,TRUE
Female,Loyal Customer,7,Personal Travel,Eco,731,1,4,1,2,3,1,3,3,2,1,4,2,3,2.31,0,0,FALSE
Female,Loyal Customer,47,Business Travel,Eco,1598,1,3,3,3,2,4,4,1,1,1,1,3,1,2.15,0,0,FALSE
Female,Loyal Customer,52,Personal Travel,Eco,179,4,2,0,4,3,4,4,1,1,0,1,3,2,2.23,0,8,FALSE
Male,Loyal Customer,33,Personal Travel,Eco,524,1,4,1,4,4,1,4,4,5,3,4,4,4,3.31,0,0,FALSE
Male,Loyal Customer,58,Business Travel,Business,761,4,1,1,1,3,3,3,4,4,3,4,1,1,2.54,0,0,FALSE
Male,Loyal Customer,30,Personal Travel,Eco,728,3,5,3,1,4,3,1,4,1,3,2,1,4,2.69,0,0,FALSE
Female,Loyal Customer,11,Personal Travel,Eco,226,1,1,1,3,2,1,2,2,4,5,3,2,2,2.23,0,0,FALSE
Female,Disloyal Customer,24,Business Travel,Eco,395,2,4,2,3,2,2,2,2,4,5,4,1,2,2.69,7,16,FALSE
Female,Loyal Customer,40,Business Travel,Eco,1055,1,2,2,2,1,1,1,4,5,3,3,1,1,2.08,189,171,FALSE
Male,Loyal Customer,56,Business Travel,Business,1535,5,5,5,5,2,5,5,5,5,4,5,5,5,4.69,37,53,TRUE
Male,Loyal Customer,52,Business Travel,Business,650,5,5,5,5,4,4,4,5,5,5,5,3,3,4.46,0,12,TRUE
Male,Loyal Customer,27,Personal Travel,Eco Plus,432,3,1,3,1,3,3,2,3,4,5,1,3,3,2.69,0,0,FALSE
Female,Loyal Customer,29,Personal Travel,Eco,2457,1,5,2,2,2,3,3,5,2,5,4,3,3,3.08,2,33,FALSE
Female,Loyal Customer,41,Business Travel,Business,304,3,3,3,3,4,5,5,5,5,5,5,3,5,4.15,1,3,TRUE
Male,Loyal Customer,57,Business Travel,Business,1545,2,1,1,1,2,2,2,1,3,4,4,2,2,2.08,178,198,FALSE
Female,Disloyal Customer,23,Business Travel,Eco,669,3,2,3,4,5,3,5,5,4,3,3,3,5,3.69,0,0,FALSE
Male,Loyal Customer,56,Business Travel,Eco,173,3,1,1,1,3,3,3,3,4,4,4,5,3,2.92,0,0,TRUE
Female,Loyal Customer,11,Personal Travel,Eco Plus,1262,2,5,2,4,5,2,5,5,5,5,3,3,5,3.92,0,0,FALSE
Female,Loyal Customer,60,Business Travel,Business,1334,5,5,5,5,3,5,4,5,5,5,5,4,3,4.54,0,0,TRUE
Male,Loyal Customer,30,Business Travel,Business,594,1,1,1,1,4,4,4,4,5,2,4,3,4,2.92,8,3,TRUE
Male,Disloyal Customer,24,Business Travel,Eco,175,2,3,2,2,4,2,4,4,3,4,2,3,4,3,0,0,FALSE
Female,Disloyal Customer,57,Business Travel,Business,240,4,4,4,3,5,4,2,5,5,3,4,3,5,3.92,0,0,FALSE
Female,Loyal Customer,49,Business Travel,Business,247,2,2,2,2,3,5,5,5,5,5,5,3,5,3.77,8,0,TRUE
Female,Disloyal Customer,34,Business Travel,Eco,265,3,0,3,1,2,3,2,2,5,3,5,2,2,2.54,0,0,FALSE
Female,Loyal Customer,45,Business Travel,Business,3823,4,4,4,4,5,4,5,5,5,5,5,4,4,4.46,108,102,TRUE
Male,Loyal Customer,68,Personal Travel,Eco,759,4,5,4,1,4,4,4,4,3,2,5,3,4,3.62,0,19,FALSE
Female,Loyal Customer,33,Business Travel,Business,3296,5,5,5,5,5,5,4,5,5,5,5,3,4,4.69,0,0,TRUE
Female,Loyal Customer,32,Personal Travel,Eco,1541,3,5,3,2,5,3,5,5,3,2,4,4,5,3.77,0,0,FALSE
Female,Loyal Customer,39,Business Travel,Eco,370,4,2,2,2,4,4,4,4,2,3,3,4,4,3.23,15,12,FALSE
Female,Disloyal Customer,22,Business Travel,Eco,223,2,3,2,1,3,2,3,3,2,2,2,5,3,2.54,0,4,FALSE
Male,Loyal Customer,38,Business Travel,Eco,907,1,5,5,5,1,1,1,1,4,3,3,1,1,2.46,0,6,FALSE
Female,Loyal Customer,32,Personal Travel,Eco,787,2,4,2,2,1,2,1,1,3,2,4,5,1,2.31,121,111,FALSE
Female,Loyal Customer,67,Business Travel,Business,1400,4,3,4,3,2,3,3,4,4,4,4,3,2,3.31,0,0,FALSE
Male,Disloyal Customer,49,Personal Travel,Eco,1379,4,4,4,3,4,4,4,4,3,4,3,3,4,3.69,2,0,TRUE
Female,Disloyal Customer,27,Business Travel,Business,587,4,4,4,4,4,4,3,4,5,4,5,3,4,4,34,35,FALSE
Female,Disloyal Customer,41,Business Travel,Business,1389,1,1,1,3,4,1,4,4,4,3,5,3,4,2.92,7,4,FALSE
Male,Disloyal Customer,36,Business Travel,Eco,513,2,0,2,5,2,2,2,2,4,1,3,5,2,2.46,0,0,FALSE
Male,Disloyal Customer,28,Business Travel,Business,1587,4,5,5,2,4,5,1,4,3,5,4,3,4,3.77,0,0,TRUE
Female,Loyal Customer,9,Personal Travel,Eco,281,4,2,4,4,5,4,5,5,3,3,3,2,5,3.77,18,19,FALSE
Female,Loyal Customer,50,Personal Travel,Eco,2106,4,1,5,2,4,3,3,3,3,5,3,4,3,3.31,15,0,TRUE
Female,Loyal Customer,47,Business Travel,Eco,589,3,1,1,1,4,4,4,3,3,3,3,1,2,2.54,10,4,FALSE
Female,Loyal Customer,40,Business Travel,Eco,1476,2,1,1,1,2,2,2,2,1,3,4,1,2,1.85,0,0,FALSE
Female,Loyal Customer,60,Business Travel,Business,3204,5,5,5,5,2,5,4,4,4,4,4,5,3,4.23,0,0,TRUE
Female,Loyal Customer,59,Business Travel,Business,563,5,5,5,5,4,5,4,5,5,5,5,5,3,4.69,22,11,TRUE
Female,Loyal Customer,42,Business Travel,Eco,788,5,5,5,5,4,5,1,5,5,5,5,1,1,4,3,0,TRUE
Male,Loyal Customer,34,Personal Travel,Eco,78,1,5,1,4,2,1,2,2,3,4,4,3,2,2.62,0,3,FALSE
Female,Loyal Customer,56,Personal Travel,Eco,323,0,5,0,3,5,1,4,5,5,0,5,3,1,2.85,0,3,TRUE
Male,Loyal Customer,44,Business Travel,Eco Plus,1306,4,2,2,2,3,4,3,3,1,5,2,4,3,2.92,9,0,FALSE
Male,Disloyal Customer,23,Business Travel,Business,719,0,0,0,3,2,0,5,2,5,5,4,3,2,2.38,10,21,TRUE
Female,Disloyal Customer,27,Business Travel,Business,1235,4,4,4,2,3,4,3,3,4,3,5,5,3,3.62,0,0,FALSE
Male,Loyal Customer,41,Personal Travel,Eco,990,1,5,2,4,1,2,1,1,4,2,5,3,1,2.46,0,0,FALSE
Female,Loyal Customer,29,Business Travel,Business,1400,3,2,2,2,3,3,3,3,1,1,3,2,3,2.38,62,36,FALSE
Male,Loyal Customer,47,Personal Travel,Eco,1197,4,4,3,1,5,3,5,5,3,5,4,4,5,3.92,0,0,FALSE
Male,Loyal Customer,35,Business Travel,Eco,184,4,1,1,1,4,4,4,4,1,2,5,2,4,2.85,0,0,TRUE
Female,Loyal Customer,56,Business Travel,Business,3137,3,3,3,3,5,1,1,5,5,5,5,4,4,3.62,71,65,TRUE
Male,Loyal Customer,43,Business Travel,Business,945,2,2,2,2,2,2,2,2,2,2,2,3,1,2,0,0,FALSE
Male,Loyal Customer,22,Business Travel,Business,1235,5,5,5,5,3,3,3,3,3,5,5,3,3,3.92,3,0,TRUE
Female,Loyal Customer,55,Business Travel,Business,1679,3,3,3,3,3,4,5,4,4,4,4,4,3,3.62,0,3,TRUE
Female,Disloyal Customer,39,Business Travel,Business,990,4,4,4,2,3,4,3,3,4,1,1,3,3,3,7,0,FALSE
Male,Loyal Customer,58,Business Travel,Eco,516,3,2,2,2,3,3,3,3,3,1,4,2,3,2.62,0,0,TRUE
Female,Loyal Customer,37,Business Travel,Business,115,3,3,3,3,5,1,1,5,5,5,4,4,5,3.62,0,0,TRUE
Female,Loyal Customer,50,Business Travel,Business,669,4,4,4,4,2,4,5,5,5,5,5,5,4,4.31,24,18,TRUE
Male,Loyal Customer,20,Business Travel,Business,1426,2,2,2,2,5,5,5,5,4,5,5,5,5,4,6,4,TRUE
Male,Loyal Customer,40,Business Travel,Business,2427,1,1,1,1,2,5,5,5,5,5,5,1,5,3.23,0,0,TRUE
Male,Disloyal Customer,35,Business Travel,Business,1172,3,3,3,3,5,3,2,5,3,5,3,4,5,3.62,0,6,FALSE
Female,Loyal Customer,29,Business Travel,Business,1670,4,2,2,2,4,4,4,4,4,3,1,4,4,3.23,65,37,FALSE
Female,Loyal Customer,58,Business Travel,Business,2248,1,1,1,1,3,4,5,5,5,5,5,5,3,3.38,0,0,TRUE
Female,Loyal Customer,30,Personal Travel,Eco,332,4,4,4,4,2,4,2,2,4,2,5,3,2,3.23,0,0,TRUE
Female,Disloyal Customer,39,Business Travel,Eco,277,3,2,3,4,2,3,1,2,1,3,3,4,2,2.54,0,0,FALSE
Female,Loyal Customer,13,Personal Travel,Eco,641,3,4,3,1,3,3,3,3,5,5,4,4,3,3.38,18,18,FALSE
Male,Loyal Customer,35,Business Travel,Eco,503,3,5,5,5,3,3,3,3,3,5,4,3,3,3.69,3,0,FALSE
Male,Loyal Customer,41,Personal Travel,Eco,187,3,5,0,2,5,0,5,5,4,2,5,3,5,3.38,14,18,FALSE
Female,Loyal Customer,65,Personal Travel,Eco,175,2,5,0,4,3,4,5,1,1,0,1,3,5,2.62,62,71,FALSE
Female,Disloyal Customer,20,Business Travel,Eco,175,2,0,2,1,2,2,2,2,5,4,5,3,2,2.46,0,0,FALSE
Female,Disloyal Customer,37,Business Travel,Business,493,3,3,3,4,1,3,1,1,3,1,4,3,1,2.38,0,0,FALSE
Male,Loyal Customer,38,Personal Travel,Business,818,3,1,3,3,3,4,4,5,5,3,5,3,3,3.46,17,8,FALSE
Female,Disloyal Customer,23,Business Travel,Business,554,4,0,4,5,2,4,2,2,2,5,3,3,2,2.92,0,7,TRUE
Male,Loyal Customer,60,Business Travel,Business,1919,3,3,3,3,2,5,5,5,5,4,5,5,3,3.92,42,37,TRUE
Female,Loyal Customer,25,Business Travel,Eco,287,4,5,5,5,4,4,3,4,3,4,4,2,4,3.92,0,0,TRUE
Male,Disloyal Customer,37,Business Travel,Business,349,4,4,4,3,3,4,3,3,1,1,2,4,3,3,108,105,FALSE
Female,Loyal Customer,40,Personal Travel,Eco Plus,2165,3,4,3,5,1,3,1,1,3,2,5,3,1,2.69,5,0,FALSE
Male,Loyal Customer,24,Personal Travel,Eco,1036,3,4,3,2,4,3,4,4,3,3,4,4,4,3.46,0,0,FALSE
Male,Disloyal Customer,17,Business Travel,Eco,907,2,2,2,3,4,2,4,4,4,3,4,1,4,3,0,0,FALSE
Female,Loyal Customer,9,Personal Travel,Eco Plus,550,1,2,1,2,1,1,1,1,2,3,2,1,1,1.46,0,0,FALSE
Female,Loyal Customer,41,Business Travel,Business,806,5,5,5,5,5,5,4,4,4,4,4,4,5,4.54,0,0,TRUE
Female,Loyal Customer,40,Business Travel,Business,1107,2,5,5,5,4,4,3,2,2,2,2,3,1,3.08,0,0,FALSE
Female,Loyal Customer,27,Business Travel,Business,3322,5,5,5,5,4,4,4,4,1,4,4,1,4,3.85,54,61,TRUE
Male,Loyal Customer,50,Business Travel,Business,626,2,2,2,2,5,5,4,5,5,5,5,3,4,3.77,0,0,TRUE
Female,Loyal Customer,56,Business Travel,Business,1744,2,2,2,2,5,3,5,4,4,4,4,3,3,3.31,28,34,TRUE
Female,Loyal Customer,34,Business Travel,Business,2541,4,4,4,4,3,4,2,5,5,5,5,2,2,3.77,0,0,TRUE
Female,Loyal Customer,33,Business Travel,Business,4983,1,1,1,1,4,4,4,4,1,4,5,4,4,2.92,0,0,TRUE
Female,Loyal Customer,33,Business Travel,Business,236,4,4,4,4,4,2,5,5,5,5,5,5,3,4.23,49,49,TRUE
Male,Loyal Customer,42,Business Travel,Business,3419,1,1,1,1,3,4,5,4,4,4,4,5,4,3.15,0,0,TRUE
Male,Loyal Customer,68,Personal Travel,Eco Plus,429,1,4,2,1,1,2,1,1,1,1,3,5,1,1.85,4,0,FALSE
Male,Loyal Customer,29,Business Travel,Eco,1739,1,0,0,3,1,0,1,1,1,1,3,4,1,1.31,3,12,FALSE
Male,Loyal Customer,48,Personal Travel,Eco,482,1,2,5,3,2,5,2,2,4,5,3,3,2,3,0,3,FALSE
Female,Loyal Customer,54,Business Travel,Eco,646,3,5,3,5,5,4,3,3,3,3,3,2,2,3.38,0,0,FALSE
Male,Loyal Customer,52,Personal Travel,Eco,480,2,2,2,3,2,2,2,2,3,4,4,4,2,2.62,50,47,FALSE
Female,Loyal Customer,57,Personal Travel,Eco,1243,2,5,2,2,2,4,4,1,1,2,1,5,3,2.62,29,22,FALSE
Male,Loyal Customer,52,Business Travel,Business,1751,5,1,5,5,5,4,5,4,4,5,4,5,4,4.31,0,0,TRUE
Female,Disloyal Customer,25,Business Travel,Business,733,2,4,3,2,1,3,5,1,3,3,5,4,1,2.85,0,0,FALSE
Female,Loyal Customer,16,Personal Travel,Eco,387,2,4,2,2,4,2,4,4,5,4,5,5,4,3.62,0,0,FALSE
Male,Loyal Customer,60,Business Travel,Business,2085,5,5,5,5,3,5,4,4,4,4,4,3,4,4.23,7,0,TRUE
Female,Disloyal Customer,35,Business Travel,Eco,2370,3,3,3,3,2,3,2,2,3,5,1,1,2,2.54,2,0,FALSE
Female,Loyal Customer,46,Business Travel,Business,3345,0,1,1,3,2,5,4,3,3,3,4,3,4,2.77,0,0,TRUE
Female,Loyal Customer,46,Business Travel,Eco,1554,5,2,5,2,2,2,5,5,5,5,5,2,1,3.54,0,0,TRUE
Female,Disloyal Customer,27,Business Travel,Eco,457,2,4,1,2,4,1,4,4,1,2,2,2,4,2.54,29,32,FALSE
Female,Loyal Customer,35,Business Travel,Business,3836,2,4,4,4,4,3,3,2,2,2,2,1,4,2.85,1,0,FALSE
Male,Loyal Customer,18,Personal Travel,Eco,872,1,5,1,4,3,1,3,3,3,2,4,3,3,2.77,0,4,FALSE
Male,Loyal Customer,18,Personal Travel,Eco,247,2,4,2,1,1,2,1,1,5,4,5,4,1,2.54,4,0,FALSE
Female,Loyal Customer,54,Business Travel,Business,1735,4,4,4,4,4,5,5,4,4,4,4,4,3,4.08,73,44,TRUE
Male,Loyal Customer,34,Personal Travel,Eco,859,4,4,4,2,1,4,1,1,4,4,5,5,1,3.08,0,0,TRUE
Female,Loyal Customer,44,Business Travel,Business,3822,4,2,2,2,3,3,4,4,4,4,4,4,2,3.23,0,0,FALSE
Female,Disloyal Customer,25,Business Travel,Business,190,2,0,2,3,2,2,2,2,5,4,4,3,2,2.54,0,0,FALSE
Female,Loyal Customer,37,Personal Travel,Eco,515,2,1,2,4,1,2,1,1,4,5,3,3,1,2.31,47,44,FALSE
Female,Disloyal Customer,68,Business Travel,Business,240,2,2,2,2,3,2,4,3,2,1,2,2,3,2.31,0,2,FALSE
Female,Loyal Customer,17,Business Travel,Business,666,3,3,3,3,3,3,3,3,1,5,3,1,3,2.85,45,44,FALSE
Female,Loyal Customer,38,Business Travel,Business,2949,2,2,4,2,2,5,5,5,5,5,5,3,5,3.85,0,0,TRUE
Male,Loyal Customer,30,Business Travel,Business,2175,4,4,4,4,5,5,5,5,5,5,4,5,5,4.62,0,0,TRUE
Female,Loyal Customer,45,Business Travel,Business,2212,2,4,3,4,5,4,4,2,2,2,2,2,1,2.85,0,0,FALSE
Female,Disloyal Customer,14,Business Travel,Eco,781,3,3,3,4,3,3,4,3,4,3,3,3,3,3.23,0,11,FALSE
Female,Loyal Customer,37,Personal Travel,Eco,641,4,4,3,2,2,3,2,2,3,2,4,5,2,2.92,0,0,FALSE
Female,Loyal Customer,25,Business Travel,Business,780,2,3,3,3,2,2,2,2,2,4,3,2,2,2.46,115,232,FALSE
Male,Loyal Customer,40,Personal Travel,Eco,239,4,5,4,3,1,4,1,1,5,2,4,4,1,3,3,0,TRUE
Male,Loyal Customer,61,Personal Travel,Eco,423,5,4,5,1,4,5,3,4,3,2,3,5,4,3.69,0,0,TRUE
Female,Loyal Customer,53,Personal Travel,Eco,451,5,4,5,3,5,4,4,4,4,5,4,5,5,4.38,0,0,TRUE
Male,Loyal Customer,76,Business Travel,Business,2441,3,3,3,3,4,1,4,5,5,4,5,2,4,3.54,0,0,TRUE
Female,Loyal Customer,26,Business Travel,Business,2342,2,4,4,4,2,2,2,2,2,4,4,4,2,2.92,16,6,FALSE
Female,Disloyal Customer,30,Business Travel,Eco,666,1,2,1,3,4,1,5,4,1,4,4,4,4,2.92,1,0,FALSE
Male,Loyal Customer,54,Business Travel,Business,859,3,1,1,1,4,1,1,3,3,4,3,2,1,2.15,2,0,FALSE
Female,Loyal Customer,53,Business Travel,Business,838,1,1,1,1,3,3,4,4,4,4,4,3,1,2.62,0,0,TRUE
Male,Loyal Customer,34,Business Travel,Business,354,2,2,2,2,1,3,3,2,2,2,2,1,4,2.15,31,29,FALSE
Male,Loyal Customer,54,Business Travel,Business,3477,5,2,5,5,5,5,3,5,5,5,5,2,2,4.15,10,43,TRUE
Female,Disloyal Customer,24,Business Travel,Eco,1587,5,5,5,3,1,5,1,1,4,3,3,4,1,3.15,0,6,TRUE
Male,Disloyal Customer,42,Business Travel,Business,720,4,4,4,1,4,4,4,4,3,4,5,5,4,3.85,0,10,TRUE
Female,Loyal Customer,37,Business Travel,Eco,509,4,4,4,4,4,4,4,4,5,2,1,1,4,3.46,0,0,TRUE
Female,Loyal Customer,39,Business Travel,Business,1990,1,1,4,1,4,3,5,3,3,4,3,4,3,3,0,11,TRUE
Male,Loyal Customer,36,Business Travel,Business,74,1,2,3,2,1,4,3,2,2,2,1,4,3,2.31,55,52,FALSE
Male,Loyal Customer,56,Business Travel,Business,432,2,2,2,2,4,5,5,4,4,4,4,3,4,3.46,32,27,TRUE
Male,Loyal Customer,32,Personal Travel,Eco,248,2,5,2,2,2,2,1,2,4,5,4,4,2,2.85,0,0,FALSE
Female,Disloyal Customer,45,Business Travel,Business,1290,1,2,2,3,1,1,1,1,4,5,4,4,1,2.31,0,0,FALSE
Male,Loyal Customer,57,Business Travel,Business,250,3,2,2,2,5,3,4,3,3,3,3,2,2,2.85,0,0,FALSE
Female,Loyal Customer,59,Business Travel,Eco Plus,359,3,5,5,5,3,4,3,3,3,3,3,3,1,3.38,5,0,FALSE
Female,Loyal Customer,18,Personal Travel,Eco,918,1,5,1,3,1,1,1,1,3,2,5,3,1,2.15,0,0,FALSE
Male,Loyal Customer,65,Business Travel,Business,337,3,1,1,1,3,3,3,3,3,3,3,3,3,2.54,13,2,FALSE
Male,Disloyal Customer,17,Business Travel,Business,1009,5,4,5,3,1,5,1,1,4,4,5,5,1,3.38,41,37,TRUE
Female,Loyal Customer,33,Personal Travel,Eco,2541,2,4,2,2,4,2,4,4,4,4,4,4,4,3.38,17,0,FALSE
Male,Disloyal Customer,30,Business Travel,Eco,110,3,3,3,3,4,3,4,4,3,4,3,2,4,3.31,0,0,FALSE
Female,Loyal Customer,51,Business Travel,Business,1121,3,3,3,3,2,4,4,4,4,4,4,4,4,3.54,0,0,TRUE
Male,Loyal Customer,24,Personal Travel,Eco,399,1,5,1,4,5,1,4,5,3,3,5,3,5,3.46,0,0,FALSE
Male,Loyal Customer,14,Business Travel,Business,1165,5,5,5,5,4,4,4,4,3,4,4,5,4,4.31,8,6,TRUE
Male,Loyal Customer,47,Business Travel,Business,3295,5,5,5,5,5,5,4,4,4,4,4,3,4,4.38,0,0,TRUE
Female,Loyal Customer,58,Personal Travel,Eco,1814,3,4,3,1,5,5,4,4,4,3,2,3,4,3.46,0,0,FALSE
Male,Disloyal Customer,23,Business Travel,Eco,591,3,0,4,2,4,4,4,4,3,2,4,3,4,3.15,4,0,FALSE
Male,Loyal Customer,51,Personal Travel,Eco Plus,480,2,4,2,4,5,2,5,5,4,3,4,1,5,3.54,12,6,FALSE
Male,Loyal Customer,17,Business Travel,Eco,577,2,2,2,2,2,2,4,2,3,5,3,4,2,2.69,114,90,FALSE
Male,Loyal Customer,54,Business Travel,Eco,468,3,5,5,5,3,3,3,3,2,4,4,1,3,3.38,12,4,FALSE
Male,Disloyal Customer,18,Business Travel,Eco,270,2,4,2,3,1,2,1,1,3,4,5,4,1,2.54,0,0,FALSE
Female,Disloyal Customer,24,Business Travel,Eco,1379,3,3,3,3,3,3,3,3,2,4,5,3,3,3.15,10,2,FALSE
Male,Loyal Customer,49,Business Travel,Business,3833,5,5,5,5,4,4,4,4,4,4,4,5,5,4.46,0,25,TRUE
Male,Loyal Customer,61,Business Travel,Business,925,2,3,1,3,5,3,2,2,2,2,2,1,4,2.46,0,27,FALSE
Male,Loyal Customer,49,Personal Travel,Eco,1297,3,3,3,3,5,3,5,5,3,5,3,1,5,3.62,11,13,FALSE
Male,Loyal Customer,23,Personal Travel,Business,220,3,3,3,4,3,3,4,3,1,4,1,2,3,2.85,34,21,FALSE
Female,Loyal Customer,37,Personal Travel,Eco,667,3,4,3,2,2,3,2,2,5,4,5,4,2,3.15,0,10,FALSE
Male,Loyal Customer,28,Business Travel,Business,1794,2,2,2,2,4,4,4,4,4,2,4,3,4,3.15,19,16,TRUE
Female,Loyal Customer,10,Personal Travel,Business,780,1,2,1,2,1,5,5,1,1,1,1,5,5,2.38,265,265,FALSE
Female,Loyal Customer,44,Business Travel,Business,569,1,1,1,1,2,5,5,5,5,4,5,5,3,3.31,0,0,TRUE
Female,Loyal Customer,57,Business Travel,Business,2201,2,2,3,2,1,2,5,4,4,5,4,2,4,3.08,10,1,TRUE
Male,Loyal Customer,34,Business Travel,Business,2579,1,5,5,5,5,3,3,1,1,1,1,1,2,2.62,0,0,FALSE
Female,Loyal Customer,34,Personal Travel,Eco,931,3,5,3,5,5,3,5,5,4,4,5,4,5,4.31,40,83,FALSE
Male,Loyal Customer,28,Personal Travel,Eco,1744,3,4,3,4,4,3,4,4,3,3,3,3,4,3.46,87,74,FALSE
Male,Loyal Customer,42,Business Travel,Business,1760,3,1,2,1,4,4,4,3,3,3,3,3,2,2.77,43,24,FALSE
Male,Disloyal Customer,34,Business Travel,Eco,762,1,0,0,3,4,0,4,4,1,3,2,3,4,2.23,0,4,FALSE
Female,Loyal Customer,25,Business Travel,Business,651,1,1,3,1,2,3,2,2,5,3,4,3,2,2.46,0,0,TRUE
Female,Loyal Customer,44,Business Travel,Business,3220,2,3,4,3,4,4,4,4,4,3,2,4,1,3.23,0,0,FALSE
Female,Loyal Customer,20,Personal Travel,Eco,164,5,4,5,2,1,5,1,1,5,3,5,4,1,3.23,0,0,TRUE
Male,Loyal Customer,60,Business Travel,Business,2449,3,1,1,1,5,3,4,3,3,3,3,4,2,2.77,13,1,FALSE
Male,Loyal Customer,38,Business Travel,Business,2272,4,4,4,4,2,5,5,4,4,4,4,4,5,4.08,26,26,TRUE
Male,Loyal Customer,26,Personal Travel,Eco Plus,226,3,4,3,5,5,3,5,5,4,5,5,4,5,4.31,6,2,FALSE
Female,Loyal Customer,30,Business Travel,Business,2046,4,4,2,4,4,5,4,4,3,3,5,5,4,3.92,0,33,TRUE
Male,Disloyal Customer,43,Business Travel,Business,683,2,2,2,4,1,2,4,1,4,5,5,3,1,2.77,0,0,FALSE
Male,Loyal Customer,34,Business Travel,Business,922,1,1,1,1,4,5,4,5,5,5,5,5,4,3.54,0,0,TRUE
Male,Loyal Customer,58,Business Travel,Business,1721,4,3,4,4,5,5,5,4,4,4,4,3,4,4.08,0,0,TRUE
Male,Disloyal Customer,22,Business Travel,Eco,1389,2,2,2,5,5,2,5,5,5,2,4,4,5,3.69,0,0,FALSE
Female,Loyal Customer,38,Business Travel,Eco,846,3,1,1,1,3,3,3,3,3,5,2,4,3,2.69,0,0,FALSE
Male,Loyal Customer,27,Business Travel,Business,3363,1,1,1,1,4,4,4,4,5,4,5,5,4,3.31,0,2,TRUE
Male,Disloyal Customer,26,Business Travel,Business,366,2,0,2,3,4,2,4,4,4,2,5,3,4,3,12,1,FALSE
Male,Loyal Customer,60,Personal Travel,Eco,197,3,4,3,5,3,3,1,3,5,4,5,3,3,3.46,0,0,FALSE
Male,Loyal Customer,46,Business Travel,Business,471,1,1,1,1,2,4,5,4,4,4,4,5,4,3.08,0,0,TRUE
Male,Loyal Customer,38,Personal Travel,Eco,507,3,3,3,4,1,3,1,1,2,2,3,2,1,2.23,0,0,FALSE
Male,Disloyal Customer,34,Business Travel,Business,258,4,4,4,1,1,4,1,1,3,4,5,4,1,2.85,82,84,FALSE
Male,Loyal Customer,25,Business Travel,Business,1975,1,1,1,1,5,5,5,5,2,1,4,3,5,3,0,0,TRUE
Male,Loyal Customer,56,Business Travel,Eco,667,1,3,1,3,1,1,1,1,1,3,3,4,1,1.85,39,35,FALSE
Female,Loyal Customer,35,Business Travel,Business,853,2,5,5,5,2,4,4,2,2,2,2,4,3,3.23,0,18,FALSE
Female,Loyal Customer,16,Personal Travel,Eco,1542,5,4,5,4,1,5,1,1,3,3,4,4,1,3.15,0,0,TRUE
Female,Loyal Customer,51,Business Travel,Business,113,1,3,3,3,1,3,3,2,2,3,1,2,3,2.31,0,22,FALSE
Female,Loyal Customer,39,Business Travel,Business,1875,4,4,4,4,2,3,3,4,4,4,4,2,4,3.54,0,0,FALSE
Male,Loyal Customer,67,Personal Travel,Eco,612,3,4,3,2,2,3,2,2,5,4,3,1,2,2.77,2,2,FALSE
Male,Loyal Customer,27,Business Travel,Business,3970,2,3,3,3,2,1,2,2,4,1,2,4,2,2.38,8,11,FALSE
Male,Loyal Customer,49,Business Travel,Eco,895,2,1,1,1,3,2,3,3,3,2,2,1,3,2.08,9,0,FALSE
Male,Loyal Customer,36,Business Travel,Business,3430,1,1,1,1,4,5,4,5,5,5,5,4,5,3.54,0,0,TRUE
Female,Loyal Customer,52,Business Travel,Business,2553,2,4,4,4,5,3,3,2,2,2,2,3,1,2.85,0,0,FALSE
Male,Loyal Customer,28,Personal Travel,Eco,551,2,3,2,2,3,2,3,3,3,2,2,5,3,2.69,0,0,FALSE
Female,Loyal Customer,16,Business Travel,Eco Plus,978,0,4,0,2,3,0,3,3,1,1,1,1,3,1.69,0,10,TRUE
Female,Loyal Customer,46,Personal Travel,Eco,397,4,4,4,2,4,5,5,4,5,4,5,5,5,4.31,175,169,FALSE
Female,Loyal Customer,18,Personal Travel,Eco Plus,861,3,4,3,2,4,3,2,4,5,3,3,3,4,3.31,21,12,FALSE
Female,Loyal Customer,39,Business Travel,Business,3574,2,1,4,1,5,3,3,2,2,2,2,2,3,2.46,0,0,FALSE
Female,Loyal Customer,62,Business Travel,Eco Plus,399,3,5,5,5,3,2,3,3,3,3,3,4,1,3.31,0,0,FALSE
Female,Loyal Customer,19,Personal Travel,Eco,515,4,4,4,3,4,4,4,4,5,3,4,3,4,3.85,15,0,FALSE
Female,Loyal Customer,27,Personal Travel,Eco,1139,3,5,4,1,5,4,4,5,3,2,3,4,5,3.69,0,5,FALSE
Male,Disloyal Customer,40,Business Travel,Eco,261,2,0,2,4,5,2,5,5,4,3,5,4,5,3.54,0,0,FALSE
Male,Loyal Customer,23,Personal Travel,Eco,253,1,3,0,4,4,0,4,4,4,5,4,3,4,3.08,108,117,FALSE
Male,Loyal Customer,39,Personal Travel,Eco,1028,3,5,3,2,4,3,5,4,3,2,5,4,4,3.62,49,34,FALSE
Female,Loyal Customer,40,Business Travel,Business,1643,5,5,5,5,3,5,4,4,4,4,4,5,3,4.31,23,15,TRUE
Male,Loyal Customer,33,Business Travel,Eco,328,4,4,1,4,4,4,4,4,2,1,3,4,4,3.31,40,38,FALSE
Female,Loyal Customer,51,Business Travel,Business,293,0,0,0,2,4,4,5,4,4,4,4,5,4,3.08,57,31,TRUE
Male,Loyal Customer,26,Personal Travel,Eco,173,2,4,2,3,5,2,5,5,4,4,2,3,5,3.54,0,0,FALSE
Female,Loyal Customer,31,Personal Travel,Eco,507,3,4,1,5,5,1,5,5,2,2,4,3,5,3.46,0,0,FALSE
Female,Loyal Customer,66,Business Travel,Eco,834,2,4,4,4,5,3,4,3,3,2,3,3,1,3.15,0,0,FALSE
Female,Loyal Customer,44,Business Travel,Business,1522,2,3,5,3,4,3,3,2,2,2,2,1,2,2.62,0,0,FALSE
Female,Disloyal Customer,24,Business Travel,Eco,1024,1,1,1,4,1,1,1,1,2,5,4,1,1,1.85,22,43,FALSE
Male,Loyal Customer,65,Personal Travel,Business,936,4,1,4,4,4,4,4,2,2,4,4,4,2,3.31,0,0,TRUE
Female,Loyal Customer,48,Business Travel,Business,214,4,4,4,4,2,5,5,5,5,5,5,3,3,4.15,0,3,TRUE
Female,Loyal Customer,33,Business Travel,Business,2797,2,2,2,2,1,4,4,5,5,5,5,5,5,3.62,0,0,TRUE
Male,Loyal Customer,28,Business Travel,Business,1609,3,3,3,3,5,5,5,5,3,4,5,5,5,4.15,0,0,TRUE
Male,Loyal Customer,52,Personal Travel,Eco,372,3,2,3,4,5,3,5,5,3,3,4,2,5,3.62,0,0,FALSE
Female,Disloyal Customer,34,Business Travel,Eco,488,2,1,2,4,3,2,5,3,2,3,4,4,3,2.92,0,0,FALSE
Male,Disloyal Customer,24,Business Travel,Eco,482,4,3,4,2,2,4,2,2,4,3,4,4,2,3.08,0,0,TRUE
Female,Loyal Customer,54,Business Travel,Business,2486,3,3,3,3,4,4,5,5,5,4,5,3,5,4,0,0,TRUE
Female,Loyal Customer,39,Business Travel,Business,468,1,1,1,1,3,4,5,2,2,2,2,5,3,2.46,2,18,TRUE
Male,Disloyal Customer,42,Business Travel,Eco,144,3,5,3,1,4,3,4,4,4,1,5,1,4,3.23,0,0,FALSE
Male,Loyal Customer,56,Business Travel,Business,3194,2,2,5,2,3,4,3,2,2,2,2,2,2,2.54,0,8,FALSE
Female,Loyal Customer,51,Business Travel,Eco,326,3,1,1,1,5,3,3,3,3,3,3,4,3,2.77,55,44,FALSE
Female,Loyal Customer,30,Business Travel,Business,719,1,1,1,1,4,4,4,4,5,4,5,2,4,3.08,15,11,TRUE
Female,Loyal Customer,76,Business Travel,Business,2014,1,1,1,1,5,4,3,1,1,1,1,4,2,2,0,0,FALSE
Male,Loyal Customer,59,Business Travel,Business,2078,1,5,3,5,1,2,2,1,1,1,1,2,1,2,17,8,FALSE
Female,Loyal Customer,46,Business Travel,Business,1916,2,2,2,2,2,3,4,4,4,5,4,4,5,3.31,0,0,TRUE
Female,Loyal Customer,30,Business Travel,Business,1541,4,4,4,4,3,4,3,3,3,2,5,3,3,3.46,55,50,TRUE
Female,Disloyal Customer,29,Business Travel,Eco,908,4,4,4,3,3,4,3,3,1,2,1,5,3,3.08,3,0,TRUE
Male,Loyal Customer,38,Personal Travel,Eco,1546,2,5,3,3,1,3,1,1,4,5,4,4,1,2.85,0,0,FALSE
Male,Loyal Customer,45,Business Travel,Business,647,5,5,5,5,4,5,4,2,2,3,2,4,5,3.92,0,0,TRUE
Female,Loyal Customer,44,Business Travel,Business,2614,5,5,5,5,3,5,4,4,4,4,4,4,4,4.31,0,0,TRUE
Male,Loyal Customer,14,Personal Travel,Eco,82,3,2,3,3,4,3,4,4,4,5,4,1,4,3.38,7,0,FALSE
Male,Loyal Customer,50,Personal Travel,Eco,414,2,5,2,2,5,2,1,5,3,1,3,5,5,3.15,0,0,FALSE
Male,Loyal Customer,40,Business Travel,Business,3472,1,1,1,1,5,5,5,4,4,4,4,3,5,3.31,0,0,TRUE
Female,Loyal Customer,64,Personal Travel,Eco Plus,780,3,5,3,2,4,2,4,2,2,3,2,3,5,3.08,0,0,FALSE
Male,Loyal Customer,36,Personal Travel,Eco,551,2,5,2,1,4,2,4,4,2,2,5,3,4,3.08,0,8,FALSE
Female,Loyal Customer,54,Business Travel,Business,889,4,4,4,4,3,5,5,5,5,5,5,3,5,4.38,3,1,TRUE
Female,Loyal Customer,10,Personal Travel,Eco,956,2,4,2,4,4,2,1,4,4,5,5,3,4,3.38,0,0,FALSE
Male,Loyal Customer,44,Business Travel,Eco,413,4,2,2,2,4,4,4,4,5,3,5,1,4,3.38,7,8,TRUE
Female,Loyal Customer,45,Business Travel,Eco,236,3,1,4,4,2,4,4,3,3,3,3,4,1,3,0,19,FALSE
Female,Disloyal Customer,27,Business Travel,Eco,354,1,0,0,1,4,0,3,4,5,3,4,1,4,2.31,0,0,FALSE
Female,Loyal Customer,35,Personal Travel,Eco,2704,2,1,2,3,2,1,1,1,2,3,3,1,1,1.77,2,0,FALSE
Male,Loyal Customer,53,Business Travel,Business,2454,2,2,2,2,2,5,5,5,5,5,5,5,4,3.77,1,0,TRUE
Female,Loyal Customer,60,Business Travel,Business,2296,3,3,3,3,5,5,5,3,3,4,3,4,3,3.62,6,0,TRUE
Male,Loyal Customer,44,Business Travel,Business,3322,4,4,4,4,2,4,4,3,3,3,3,5,5,3.69,7,0,TRUE
Male,Loyal Customer,67,Business Travel,Eco Plus,1587,3,5,5,5,2,3,2,2,2,2,3,4,2,3.08,0,0,FALSE
Female,Loyal Customer,16,Business Travel,Eco,834,5,5,5,5,5,5,4,5,5,3,4,3,5,4.54,0,0,TRUE
Male,Loyal Customer,43,Business Travel,Business,2096,2,2,2,2,4,2,5,5,5,5,5,3,3,3.46,5,0,TRUE
Female,Loyal Customer,38,Business Travel,Business,3437,5,5,5,5,3,4,2,5,5,5,5,5,4,4.46,0,0,TRUE
Female,Loyal Customer,43,Business Travel,Business,1013,1,1,1,1,5,4,4,4,4,5,4,5,3,3.23,10,0,TRUE
Female,Loyal Customer,66,Personal Travel,Eco,2454,4,2,4,3,2,2,2,1,1,4,1,1,3,2.31,2,0,FALSE
Male,Loyal Customer,24,Business Travel,Business,3996,2,2,2,2,4,4,4,4,5,4,4,4,4,3.46,0,0,TRUE
Male,Loyal Customer,53,Business Travel,Business,315,3,4,4,4,5,2,2,3,3,2,3,3,3,3.15,7,15,FALSE
Male,Loyal Customer,25,Personal Travel,Eco,134,1,4,1,3,1,1,2,1,4,1,4,1,1,1.92,0,2,FALSE
Female,Loyal Customer,43,Personal Travel,Eco,390,2,5,2,1,2,5,5,1,1,2,1,5,5,2.85,0,0,FALSE
Male,Loyal Customer,13,Personal Travel,Eco,782,4,4,4,4,2,4,2,2,3,3,4,3,2,3.15,0,0,FALSE
Female,Loyal Customer,10,Personal Travel,Eco Plus,453,5,5,5,5,1,5,1,1,3,5,5,4,1,3.54,0,0,TRUE
Female,Loyal Customer,46,Business Travel,Eco,861,5,1,1,1,2,5,2,5,5,5,5,4,3,3.38,19,33,TRUE
Male,Loyal Customer,44,Business Travel,Business,371,3,3,3,3,4,4,5,3,3,2,3,4,5,3.46,40,39,TRUE
Male,Loyal Customer,45,Business Travel,Business,1747,3,3,3,3,2,5,4,5,5,5,5,3,4,3.85,0,0,TRUE
Female,Disloyal Customer,25,Business Travel,Eco,605,4,4,4,3,2,4,2,2,3,3,3,3,2,3,12,16,FALSE
Male,Loyal Customer,68,Business Travel,Eco,107,5,1,1,1,5,5,5,5,1,1,4,3,5,3.23,10,7,TRUE
Female,Loyal Customer,23,Personal Travel,Eco,1011,5,4,5,3,1,5,1,1,5,2,2,2,1,2.85,0,0,TRUE
Female,Loyal Customer,48,Personal Travel,Eco,624,3,3,3,3,2,4,4,5,5,3,5,2,4,3.54,4,12,FALSE
Male,Loyal Customer,52,Business Travel,Business,391,4,4,5,4,4,4,3,4,4,4,4,2,4,3.85,3,6,FALSE
Female,Loyal Customer,13,Personal Travel,Eco,1061,1,5,1,5,5,1,5,5,4,4,4,3,5,3.69,10,0,FALSE
Male,Disloyal Customer,26,Business Travel,Eco,409,3,4,2,3,4,2,4,4,4,4,3,4,4,3.46,40,33,FALSE
Female,Loyal Customer,37,Business Travel,Business,1521,2,2,2,2,2,4,4,5,5,5,5,4,3,3.46,0,0,TRUE
Female,Loyal Customer,31,Business Travel,Business,2422,4,4,1,4,4,4,4,4,4,5,5,3,4,3.85,0,0,TRUE
Male,Loyal Customer,14,Personal Travel,Eco,370,1,2,1,2,2,1,2,2,2,4,3,3,2,2.08,0,0,FALSE
Male,Loyal Customer,46,Business Travel,Eco,397,4,1,1,1,4,4,4,4,1,3,5,1,4,2.85,0,0,TRUE
Female,Loyal Customer,54,Business Travel,Business,447,1,1,1,1,3,5,4,4,4,4,4,4,4,3.08,0,0,TRUE
Female,Loyal Customer,25,Business Travel,Business,1534,4,3,4,4,4,3,4,4,3,1,4,4,4,3.54,52,48,FALSE
Female,Loyal Customer,37,Personal Travel,Eco Plus,223,3,4,3,1,4,3,4,4,4,4,4,4,4,3.54,1,12,FALSE
Male,Loyal Customer,63,Personal Travel,Eco,1129,3,5,3,3,4,3,4,4,4,4,3,3,4,3.62,58,47,FALSE
Female,Loyal Customer,59,Business Travel,Business,719,1,1,1,1,3,5,5,4,4,4,4,3,4,3.08,0,0,TRUE
Male,Loyal Customer,18,Personal Travel,Business,1009,2,3,2,4,4,2,4,4,2,2,1,5,4,3,0,0,FALSE
Male,Loyal Customer,39,Business Travel,Business,3928,0,5,0,1,5,5,4,4,4,4,4,3,5,3.38,0,0,TRUE
Male,Loyal Customer,48,Business Travel,Business,2189,1,1,5,1,3,4,5,4,4,4,4,4,5,3.46,0,0,TRUE
Male,Loyal Customer,39,Business Travel,Eco,140,5,2,4,2,5,5,5,5,1,5,5,4,5,4.08,0,0,TRUE
Male,Loyal Customer,59,Business Travel,Eco,595,4,2,2,2,4,4,4,4,3,3,2,1,4,3,58,48,TRUE
Male,Loyal Customer,24,Business Travel,Business,1797,1,1,1,1,4,4,4,4,3,3,3,3,4,2.77,0,2,TRUE
Male,Loyal Customer,50,Personal Travel,Eco,545,2,3,2,3,1,2,1,1,4,3,3,2,1,2.15,0,0,FALSE
Female,Loyal Customer,58,Business Travel,Eco,101,1,2,2,2,5,4,3,1,1,1,1,1,4,2.15,0,0,FALSE
Male,Loyal Customer,54,Personal Travel,Eco,989,3,2,3,3,1,3,1,1,2,3,4,4,1,2.38,0,34,FALSE
Female,Loyal Customer,25,Business Travel,Business,1838,2,2,2,2,4,4,4,4,3,4,2,2,4,3,14,0,TRUE
Female,Loyal Customer,29,Business Travel,Business,1588,1,1,1,1,1,1,1,1,2,5,3,2,1,1.62,0,0,FALSE
Male,Loyal Customer,35,Business Travel,Business,462,1,1,1,1,3,3,5,5,5,5,5,5,3,3.31,32,20,TRUE
Female,Loyal Customer,67,Personal Travel,Eco,158,3,5,3,2,5,1,4,1,1,3,1,4,3,2.77,0,0,FALSE
Female,Loyal Customer,34,Personal Travel,Eco,1844,3,4,3,2,1,3,1,1,4,2,4,4,1,2.54,0,0,FALSE
Male,Loyal Customer,44,Business Travel,Business,1526,5,5,5,5,2,5,4,4,4,4,4,4,3,4.15,23,6,TRUE
Male,Loyal Customer,32,Business Travel,Eco Plus,387,4,2,2,2,4,4,4,4,3,2,3,1,4,3,0,1,TRUE
Female,Loyal Customer,40,Business Travel,Business,3952,2,4,4,4,5,3,3,2,2,2,2,3,1,2.85,17,8,FALSE
Male,Loyal Customer,39,Business Travel,Business,2775,5,5,5,5,4,4,4,4,4,4,4,5,4,4.38,0,0,TRUE
Female,Loyal Customer,53,Personal Travel,Eco,650,3,5,3,4,2,5,4,5,5,3,5,3,2,3.77,0,5,FALSE
Male,Loyal Customer,54,Business Travel,Business,3994,5,4,5,5,2,5,4,3,3,2,3,4,4,3.77,0,1,TRUE
Male,Loyal Customer,42,Business Travel,Business,1891,1,1,1,1,2,3,4,5,5,5,5,4,5,3.23,36,22,TRUE
Male,Loyal Customer,39,Business Travel,Business,3762,3,3,3,3,2,5,4,4,4,4,4,3,5,3.62,0,2,TRUE
Male,Loyal Customer,54,Personal Travel,Eco,2422,4,4,4,3,4,4,4,4,4,3,4,4,4,3.85,0,0,TRUE
Male,Loyal Customer,31,Personal Travel,Business,323,4,1,1,3,2,1,5,2,2,3,3,4,2,2.54,0,4,TRUE
Female,Loyal Customer,57,Business Travel,Business,712,2,2,2,2,5,4,5,4,4,4,4,5,5,3.69,11,0,TRUE
Female,Loyal Customer,33,Personal Travel,Business,304,1,4,1,4,4,4,3,3,3,1,3,2,4,2.85,5,0,FALSE
Female,Loyal Customer,35,Personal Travel,Eco,603,3,4,3,4,2,3,2,2,2,2,2,3,2,2.62,79,97,FALSE
Female,Loyal Customer,48,Business Travel,Business,3287,1,2,2,2,1,3,2,1,1,2,1,2,3,1.77,0,12,FALSE
Male,Loyal Customer,34,Business Travel,Eco,192,1,4,4,4,1,1,1,1,4,4,4,1,1,2.38,15,12,FALSE
Female,Loyal Customer,60,Business Travel,Business,402,4,4,4,4,4,4,5,4,4,3,4,5,3,4,4,0,TRUE
Male,Loyal Customer,50,Business Travel,Business,352,2,2,2,2,5,4,5,4,4,4,4,5,4,3.62,0,0,TRUE
Female,Loyal Customer,9,Personal Travel,Eco,822,4,5,4,1,1,4,1,1,5,3,5,5,1,3.08,4,9,FALSE
Female,Loyal Customer,45,Business Travel,Eco,191,1,1,1,1,3,3,4,1,1,1,1,1,2,1.62,0,0,FALSE
Female,Loyal Customer,48,Business Travel,Eco,101,5,1,1,1,3,5,5,4,4,5,4,3,2,3.31,0,0,TRUE
Male,Loyal Customer,52,Business Travel,Business,580,3,3,3,3,3,4,4,5,5,5,5,5,4,4,127,122,TRUE
Female,Loyal Customer,21,Personal Travel,Eco,102,2,4,2,2,2,2,2,2,5,2,4,5,2,2.77,0,0,FALSE
Male,Loyal Customer,47,Personal Travel,Eco,404,1,1,1,1,4,1,4,4,4,3,2,2,4,2.46,0,0,FALSE
Male,Loyal Customer,39,Business Travel,Eco Plus,421,2,1,1,1,2,3,2,2,5,5,2,5,2,2.54,39,52,TRUE
Female,Loyal Customer,31,Business Travel,Business,1514,3,3,1,3,5,5,5,5,3,4,4,4,5,3.85,0,12,TRUE
Male,Loyal Customer,34,Business Travel,Eco Plus,689,4,4,4,4,4,5,4,4,1,3,3,1,4,3.46,0,0,TRUE
Female,Loyal Customer,43,Business Travel,Business,3713,2,2,2,2,5,3,2,2,2,2,2,2,1,2.23,58,49,FALSE
Male,Loyal Customer,48,Business Travel,Business,362,1,1,1,1,4,4,4,1,1,1,1,3,4,2.08,37,30,FALSE
Male,Disloyal Customer,8,Business Travel,Eco,1319,2,2,2,4,1,2,1,1,1,3,3,3,1,2,0,0,FALSE
Female,Loyal Customer,44,Personal Travel,Eco,737,3,1,3,3,1,2,3,3,3,3,3,2,3,2.54,7,17,FALSE
Male,Loyal Customer,55,Business Travel,Business,1836,3,3,3,3,4,5,5,5,5,5,5,4,3,4.08,15,0,TRUE
Male,Loyal Customer,66,Business Travel,Business,758,2,5,5,5,1,3,3,2,2,2,2,2,1,2.69,45,33,FALSE
Male,Loyal Customer,34,Business Travel,Eco,169,0,0,0,2,4,0,4,4,4,3,1,4,4,2.31,0,0,TRUE
Male,Disloyal Customer,23,Business Travel,Eco,431,4,5,4,5,3,4,3,3,3,4,5,5,3,3.92,0,0,FALSE
Male,Loyal Customer,38,Business Travel,Eco,760,3,5,5,5,3,3,3,3,2,2,1,3,3,3.15,74,64,FALSE
Female,Disloyal Customer,29,Business Travel,Business,2378,2,2,2,1,2,4,3,4,2,4,4,3,3,2.77,24,25,FALSE
Female,Disloyal Customer,21,Business Travel,Eco,250,2,3,2,2,5,2,5,5,4,2,5,3,5,3.46,2,0,FALSE
Male,Loyal Customer,53,Personal Travel,Eco,711,2,4,2,1,3,2,1,3,5,4,4,1,3,2.69,0,0,FALSE
Female,Loyal Customer,37,Business Travel,Business,3532,2,1,1,1,4,3,2,2,2,2,2,2,2,2,0,20,FALSE
Male,Loyal Customer,13,Personal Travel,Eco,175,3,5,3,2,3,3,3,3,4,3,4,5,3,3.38,12,5,FALSE
Male,Loyal Customer,60,Business Travel,Business,1183,2,1,1,1,3,4,3,2,2,2,2,3,3,2.23,3,28,FALSE
Female,Disloyal Customer,48,Business Travel,Eco,678,2,2,2,4,3,2,3,3,4,2,4,1,3,2.69,0,10,FALSE
Male,Loyal Customer,37,Business Travel,Eco,529,5,5,5,5,5,5,5,1,5,1,4,5,5,4.31,134,123,TRUE
Male,Loyal Customer,55,Business Travel,Eco,2586,3,4,4,4,3,3,3,3,4,4,1,1,3,3.08,0,0,FALSE
Male,Loyal Customer,39,Business Travel,Eco,356,3,1,1,1,3,3,3,3,2,2,3,1,3,2.23,0,0,FALSE
Female,Loyal Customer,51,Business Travel,Eco,475,3,5,5,5,1,3,3,3,3,3,3,4,1,3.23,41,72,FALSE
Female,Loyal Customer,19,Business Travel,Business,1013,4,4,4,4,4,4,4,4,4,2,4,5,4,3.92,0,0,TRUE
Male,Disloyal Customer,17,Business Travel,Eco,1189,4,5,5,4,5,5,5,5,2,5,4,2,5,4.31,16,8,FALSE
Male,Loyal Customer,58,Business Travel,Business,2483,4,4,4,4,5,3,3,4,4,5,4,2,1,3.62,21,1,TRUE
Male,Loyal Customer,68,Personal Travel,Eco,227,4,2,4,3,3,4,3,3,2,1,4,2,3,2.92,5,0,FALSE
Female,Loyal Customer,25,Business Travel,Business,646,1,1,1,1,4,4,4,4,4,3,5,4,4,3.08,77,76,TRUE
Female,Loyal Customer,43,Business Travel,Business,2686,5,5,5,5,1,2,3,5,5,5,5,5,1,4,0,0,TRUE
Female,Loyal Customer,34,Business Travel,Business,369,1,4,1,1,2,1,4,4,4,4,4,3,1,2.62,0,0,TRUE
Female,Loyal Customer,63,Business Travel,Business,2249,3,3,3,3,2,5,5,5,5,5,5,3,5,4,0,6,TRUE
Female,Loyal Customer,39,Business Travel,Business,991,4,2,4,4,2,3,3,4,4,4,4,1,4,3.31,0,0,FALSE
Female,Loyal Customer,28,Business Travel,Business,3491,3,3,2,3,5,5,5,5,5,4,4,3,5,4,6,0,TRUE
Male,Loyal Customer,62,Business Travel,Eco,569,1,0,0,3,4,1,4,4,4,5,3,1,4,2.62,0,0,FALSE
Male,Loyal Customer,41,Business Travel,Eco,145,5,5,5,5,5,5,5,5,1,4,4,5,5,4.54,0,0,TRUE
Male,Loyal Customer,66,Personal Travel,Eco,762,2,3,2,4,1,2,1,1,3,5,4,2,1,2.38,54,24,FALSE
Male,Loyal Customer,47,Business Travel,Business,189,0,4,0,3,5,4,4,2,2,2,2,5,3,2.77,0,0,TRUE
Male,Disloyal Customer,21,Business Travel,Business,1379,5,0,5,5,3,0,3,3,4,3,4,5,3,3.31,28,28,TRUE
Male,Loyal Customer,25,Personal Travel,Eco,1849,4,4,4,5,5,4,5,5,5,5,1,1,5,4.08,0,0,FALSE
Female,Loyal Customer,76,Business Travel,Business,305,4,1,1,1,5,4,4,4,4,4,4,4,4,3.38,0,0,FALSE
Female,Disloyal Customer,22,Business Travel,Eco,184,4,2,4,4,5,4,5,5,4,4,4,4,5,4.15,0,0,FALSE
Male,Loyal Customer,64,Personal Travel,Eco,1182,2,5,2,4,4,2,4,4,3,3,4,4,4,3.46,0,2,FALSE
Male,Disloyal Customer,41,Business Travel,Business,402,5,5,5,3,2,5,2,2,3,4,4,5,2,3.62,76,95,TRUE
Female,Disloyal Customer,30,Business Travel,Eco,491,3,5,3,4,2,3,2,2,2,2,1,4,2,2.69,15,10,FALSE
Female,Loyal Customer,9,Personal Travel,Eco,1235,2,4,2,3,5,2,5,5,3,5,3,3,5,3.62,0,0,FALSE
Male,Loyal Customer,24,Personal Travel,Eco,216,2,3,0,1,3,0,3,3,3,1,1,3,3,2,0,0,FALSE
Male,Loyal Customer,53,Business Travel,Business,1739,3,3,3,3,5,5,4,3,3,4,3,5,3,3.62,0,0,TRUE
Female,Loyal Customer,16,Business Travel,Eco,852,5,4,4,4,5,4,4,5,5,1,1,1,5,3.69,0,4,TRUE
Female,Loyal Customer,11,Business Travel,Business,2565,2,3,3,3,2,2,2,4,5,3,3,2,2,2.77,6,6,FALSE
Female,Loyal Customer,14,Personal Travel,Eco,1744,3,2,3,3,3,3,4,3,2,3,2,4,3,2.92,0,0,FALSE
Male,Loyal Customer,58,Business Travel,Business,2811,2,2,2,2,5,4,5,4,4,4,4,3,4,3.46,0,0,TRUE
Female,Loyal Customer,52,Business Travel,Business,2973,5,5,5,5,3,5,4,4,4,4,4,4,5,4.38,5,18,TRUE
Male,Loyal Customer,61,Personal Travel,Eco,680,3,5,3,4,5,3,5,5,3,5,2,4,5,4,14,9,FALSE
Male,Loyal Customer,60,Business Travel,Business,581,2,2,2,2,5,5,5,4,4,4,4,3,4,3.54,14,17,TRUE
Female,Loyal Customer,37,Personal Travel,Eco,762,3,4,3,5,3,3,3,3,4,3,4,5,3,3.54,0,0,FALSE
Male,Loyal Customer,15,Business Travel,Eco,1188,3,1,1,1,3,3,2,3,1,3,3,1,3,2.15,0,0,FALSE
Male,Disloyal Customer,13,Business Travel,Business,1096,4,5,4,4,4,4,4,4,5,2,5,4,4,4.08,0,5,TRUE
Male,Disloyal Customer,36,Business Travel,Eco,409,1,2,0,4,2,0,2,2,1,1,3,4,2,1.85,0,0,FALSE
Male,Loyal Customer,31,Business Travel,Business,1886,4,4,4,4,4,4,4,4,5,5,4,5,4,4.23,0,0,TRUE
Female,Loyal Customer,24,Business Travel,Eco,448,5,5,5,5,5,5,5,5,2,1,2,5,5,4.23,6,0,TRUE
Male,Loyal Customer,65,Personal Travel,Eco,406,1,1,1,4,1,1,1,1,1,2,4,3,1,1.69,15,0,FALSE
Female,Loyal Customer,30,Business Travel,Eco,248,1,4,4,4,1,1,1,1,3,1,3,1,1,2,0,1,FALSE
Male,Loyal Customer,30,Personal Travel,Business,1609,2,5,2,5,3,2,3,3,3,4,4,5,3,3.38,4,0,FALSE
Male,Loyal Customer,30,Personal Travel,Eco,707,4,4,4,4,5,4,5,5,4,3,5,3,5,4.23,0,0,FALSE
Female,Loyal Customer,49,Business Travel,Business,689,2,2,2,2,2,2,2,2,4,2,3,2,2,2.23,138,128,FALSE
Male,Loyal Customer,47,Personal Travel,Eco,468,3,3,3,4,2,3,2,2,1,2,4,1,2,2.46,0,5,FALSE
Male,Loyal Customer,30,Personal Travel,Eco,147,4,1,4,2,2,4,2,2,2,2,2,4,2,2.54,6,4,TRUE
Female,Loyal Customer,45,Business Travel,Business,3560,1,1,1,1,5,5,4,5,5,5,5,5,4,3.62,6,0,TRUE
Female,Loyal Customer,58,Business Travel,Business,2449,5,5,5,5,5,4,4,4,4,4,4,5,3,4.38,0,0,TRUE
Female,Disloyal Customer,22,Business Travel,Eco,1363,4,4,4,2,1,4,1,1,5,3,4,4,1,2.92,0,3,TRUE
Male,Disloyal Customer,23,Business Travel,Eco,213,5,5,5,4,1,5,1,1,3,5,4,3,1,3.31,21,31,TRUE
Male,Loyal Customer,11,Personal Travel,Eco,1911,1,4,1,3,4,1,4,4,4,2,5,3,4,3.08,26,17,FALSE
Female,Loyal Customer,26,Business Travel,Business,368,2,2,4,2,5,5,5,5,4,4,5,3,5,3.92,0,0,TRUE
Female,Loyal Customer,49,Personal Travel,Eco,1723,3,4,3,3,2,3,4,2,2,3,2,3,5,3,0,0,FALSE
Female,Loyal Customer,46,Business Travel,Business,3028,1,1,1,1,5,4,4,4,4,4,4,3,4,3.08,0,0,TRUE
Male,Loyal Customer,53,Business Travel,Business,1998,2,2,2,2,5,4,5,4,4,4,4,3,5,3.54,0,0,TRUE
Female,Loyal Customer,26,Business Travel,Business,1635,2,2,2,2,3,4,3,3,4,5,4,4,3,3.15,13,20,TRUE
Female,Disloyal Customer,27,Business Travel,Business,912,4,4,4,4,1,4,1,1,3,2,4,5,1,2.92,0,0,TRUE
Male,Loyal Customer,34,Business Travel,Business,2599,4,4,5,4,3,5,4,4,4,4,5,4,5,4.23,0,0,TRUE
Female,Loyal Customer,54,Business Travel,Business,2503,1,1,1,1,4,4,4,4,4,4,5,4,5,3.23,5,10,TRUE
Female,Loyal Customer,46,Personal Travel,Eco,854,1,5,1,3,3,5,5,5,5,1,1,3,5,3.31,10,16,FALSE
Male,Loyal Customer,24,Personal Travel,Eco,489,4,5,4,5,3,4,3,3,5,3,2,2,3,3.54,0,0,FALSE
Female,Loyal Customer,12,Personal Travel,Eco,151,3,5,0,1,1,0,1,1,4,5,4,5,1,2.38,0,7,FALSE
Male,Loyal Customer,58,Business Travel,Business,135,1,1,1,1,5,5,4,4,4,4,4,5,5,3.38,0,0,TRUE
Female,Loyal Customer,11,Personal Travel,Eco,395,3,5,5,3,3,5,3,3,5,4,4,3,3,3.77,0,1,FALSE
Male,Loyal Customer,49,Personal Travel,Eco,929,2,1,3,3,2,3,2,2,4,2,4,3,2,2.54,27,18,FALSE
Male,Loyal Customer,42,Business Travel,Eco,558,4,3,3,3,4,4,4,4,1,1,5,1,4,3.15,0,0,TRUE
Female,Loyal Customer,45,Business Travel,Business,728,2,2,5,2,3,5,4,5,5,5,5,4,4,3.92,0,0,TRUE
Female,Loyal Customer,31,Personal Travel,Eco,602,2,1,2,4,3,2,3,3,2,3,4,4,3,2.77,0,0,FALSE
Male,Loyal Customer,56,Business Travel,Business,2297,5,5,5,5,3,4,5,3,3,3,3,5,3,4,0,0,TRUE
Female,Loyal Customer,31,Personal Travel,Eco,951,3,4,3,1,4,3,4,4,1,1,4,4,4,3.08,3,3,FALSE
Male,Loyal Customer,35,Business Travel,Eco,1521,2,5,5,5,2,2,2,2,3,5,1,2,2,2.92,0,0,FALSE
Male,Loyal Customer,43,Personal Travel,Eco,371,4,0,2,1,1,2,1,1,2,3,5,5,1,2.15,5,0,TRUE
Female,Loyal Customer,60,Personal Travel,Eco,775,1,5,1,3,2,5,5,2,2,1,2,3,3,2.69,6,9,FALSE
Male,Loyal Customer,34,Business Travel,Business,399,4,4,3,3,1,4,3,4,4,4,4,4,1,3.31,76,82,FALSE
Male,Loyal Customer,66,Personal Travel,Eco,642,4,2,4,3,1,4,1,1,4,3,3,4,1,2.69,5,0,FALSE
Male,Loyal Customer,64,Personal Travel,Eco,236,3,5,3,3,3,2,2,4,3,5,4,2,2,3.15,179,189,FALSE
Male,Loyal Customer,35,Business Travel,Business,731,3,3,3,3,5,4,5,5,5,5,5,5,4,4.23,10,0,TRUE
Female,Loyal Customer,48,Business Travel,Business,192,3,2,2,2,4,4,4,1,1,1,3,2,4,2.54,0,0,FALSE
Male,Loyal Customer,39,Personal Travel,Eco,944,3,4,3,4,3,3,3,3,3,4,3,2,3,3.15,0,0,FALSE
Male,Loyal Customer,25,Personal Travel,Eco,971,5,5,5,3,3,5,3,3,3,2,5,4,3,3.77,0,0,TRUE
Female,Disloyal Customer,22,Business Travel,Eco,859,1,1,1,4,1,1,1,1,3,1,3,3,1,1.69,74,64,FALSE
Female,Loyal Customer,23,Business Travel,Eco Plus,441,2,3,3,3,2,2,1,2,3,1,4,1,2,2.23,0,0,FALSE
Male,Loyal Customer,70,Business Travel,Business,1892,3,2,2,2,5,2,4,3,3,3,3,2,3,2.85,0,0,FALSE
Female,Loyal Customer,37,Personal Travel,Eco,373,3,0,5,5,5,5,5,5,5,2,5,5,5,4.23,0,8,FALSE
Female,Loyal Customer,19,Business Travel,Business,1773,5,5,5,5,4,4,4,4,5,1,1,5,4,4,5,0,TRUE
Female,Loyal Customer,38,Business Travel,Eco,351,4,2,2,2,4,5,4,4,3,4,5,5,4,3.69,0,0,TRUE
Male,Loyal Customer,36,Business Travel,Business,3920,4,4,2,4,4,5,4,5,5,5,5,4,3,4.15,5,8,TRUE
Female,Loyal Customer,43,Business Travel,Business,325,5,5,5,5,4,5,5,5,5,5,5,3,5,4.77,0,0,TRUE
Female,Loyal Customer,42,Business Travel,Eco,283,2,4,4,4,3,4,4,2,2,2,2,4,1,2.92,17,14,FALSE
Male,Loyal Customer,8,Personal Travel,Eco,936,3,4,3,2,5,3,5,5,5,3,5,4,5,4,0,,FALSE
Male,Loyal Customer,34,Business Travel,Business,3444,2,5,1,5,3,4,4,2,2,2,2,3,4,3,0,0,FALSE
Female,Loyal Customer,30,Business Travel,Business,284,4,3,3,3,4,3,4,4,3,2,3,2,4,3.23,0,0,FALSE
Male,Loyal Customer,27,Business Travel,Eco Plus,764,1,4,4,4,1,2,1,1,2,3,3,2,1,2.23,0,60,FALSE
Male,Loyal Customer,59,Business Travel,Eco Plus,158,2,5,5,5,2,2,2,2,4,3,3,2,2,3,447,438,FALSE
Male,Loyal Customer,42,Business Travel,Business,602,3,2,3,3,4,4,5,4,4,4,4,3,4,3.62,79,68,TRUE
Female,Loyal Customer,61,Personal Travel,Eco,737,2,1,2,2,2,3,3,1,1,2,5,4,1,2.23,60,69,FALSE
Female,Disloyal Customer,25,Business Travel,Eco,301,1,0,0,2,3,0,3,3,3,5,2,5,3,2.31,50,44,FALSE
Male,Disloyal Customer,38,Business Travel,Eco,108,2,0,2,3,4,2,4,4,5,2,1,5,4,2.92,0,41,FALSE
Male,Loyal Customer,48,Business Travel,Eco,509,2,1,1,1,2,2,2,2,4,3,3,3,2,2.15,0,11,FALSE
Male,Loyal Customer,58,Personal Travel,Eco,985,3,1,3,4,5,3,2,5,4,2,4,1,5,3.23,0,1,FALSE
Male,Loyal Customer,52,Business Travel,Business,2251,4,4,4,4,4,4,4,5,5,5,5,3,5,4.31,0,3,TRUE
Female,Loyal Customer,14,Personal Travel,Eco,679,1,4,1,3,3,1,3,3,5,3,5,4,3,3,0,0,FALSE
Male,Loyal Customer,58,Personal Travel,Eco,546,4,2,4,3,1,4,1,1,3,3,2,4,1,2.54,0,0,FALSE
Male,Disloyal Customer,22,Business Travel,Eco,872,0,0,0,3,2,0,4,2,5,3,4,5,2,2.31,0,0,TRUE
Female,Loyal Customer,55,Business Travel,Business,3741,1,1,1,1,1,2,2,4,4,4,4,3,3,2.38,0,0,TRUE
Female,Loyal Customer,40,Business Travel,Eco,296,3,2,2,2,3,4,3,3,3,3,3,4,3,2.92,5,10,TRUE
Female,Disloyal Customer,25,Business Travel,Eco,338,3,3,3,4,1,3,1,1,2,2,3,1,1,2.15,73,55,FALSE
Male,Loyal Customer,62,Business Travel,Business,2279,2,2,2,2,3,5,5,4,4,5,5,3,4,3.54,0,0,TRUE
Female,Loyal Customer,9,Personal Travel,Eco Plus,1041,4,4,4,3,5,4,5,5,3,2,5,5,5,4.15,0,1,FALSE
Female,Loyal Customer,31,Business Travel,Business,101,1,1,5,1,4,4,5,4,4,4,5,5,4,3.62,0,0,TRUE
Male,Loyal Customer,63,Business Travel,Eco Plus,679,2,2,2,2,1,2,1,1,4,2,2,3,1,1.92,0,0,TRUE
Male,Loyal Customer,62,Personal Travel,Eco,432,2,3,2,4,4,2,4,4,3,4,5,3,4,3.38,0,,FALSE
Male,Loyal Customer,32,Business Travel,Business,2205,2,2,2,2,4,5,4,4,4,3,5,5,4,3.54,50,51,TRUE
Female,Loyal Customer,26,Business Travel,Business,427,4,4,4,4,4,4,4,4,3,5,5,5,4,4.15,4,18,TRUE
Male,Loyal Customer,29,Personal Travel,Eco,436,4,4,4,4,4,4,4,4,1,2,1,5,4,3.46,5,13,FALSE
Female,Loyal Customer,24,Personal Travel,Eco,351,4,5,4,5,4,4,4,4,4,4,4,4,4,4.15,0,0,FALSE
Female,Loyal Customer,29,Business Travel,Business,2222,2,2,2,2,2,2,2,2,2,3,4,4,2,2.38,13,21,FALSE
Female,Loyal Customer,57,Business Travel,Eco,787,5,3,2,2,5,2,5,5,5,5,5,2,1,3.62,0,0,TRUE
Male,Loyal Customer,44,Business Travel,Business,1506,5,5,5,5,5,5,5,4,4,4,4,4,5,4.62,0,0,TRUE
Male,Loyal Customer,51,Personal Travel,Eco,813,3,2,3,3,2,3,2,2,2,5,2,1,2,2.46,17,7,FALSE
Female,Loyal Customer,68,Personal Travel,Eco,84,2,5,2,3,2,4,4,1,1,2,1,5,5,2.85,0,0,FALSE
Female,Disloyal Customer,26,Business Travel,Eco,993,4,4,4,3,5,4,5,5,4,4,4,4,5,4.23,0,0,FALSE
Female,Loyal Customer,60,Personal Travel,Business,453,3,5,4,3,5,5,4,1,1,4,1,4,3,3.31,9,5,FALSE
Male,Loyal Customer,35,Business Travel,Business,3610,1,5,5,5,3,4,4,1,1,2,1,1,4,2.85,0,3,FALSE
Male,Loyal Customer,57,Business Travel,Business,1869,3,3,3,3,4,4,5,4,4,4,4,5,5,3.92,0,0,TRUE
Female,Loyal Customer,36,Business Travel,Eco Plus,190,4,5,3,3,4,3,4,4,1,2,2,1,4,3.08,0,0,FALSE
Male,Loyal Customer,57,Business Travel,Business,1452,5,5,5,5,4,5,4,4,4,4,4,3,4,4.31,60,54,TRUE
Male,Loyal Customer,58,Business Travel,Business,2004,1,1,1,1,3,5,4,4,4,4,4,5,5,3.23,0,0,TRUE
Female,Loyal Customer,42,Business Travel,Business,3800,3,3,3,3,5,4,4,4,4,4,4,5,5,3.92,1,3,TRUE
Female,Disloyal Customer,43,Business Travel,Eco,606,3,1,3,2,4,3,4,4,4,1,2,4,4,3,0,0,FALSE
Male,Loyal Customer,24,Personal Travel,Eco,160,2,4,0,2,4,0,4,4,3,2,5,3,4,2.85,45,69,FALSE
Female,Loyal Customer,45,Business Travel,Business,214,1,1,1,1,5,5,5,5,5,5,5,5,4,3.69,13,11,TRUE
Female,Loyal Customer,54,Personal Travel,Eco,214,3,0,3,2,2,3,3,5,5,3,5,2,2,2.92,0,0,FALSE
Female,Loyal Customer,61,Personal Travel,Eco,300,4,4,4,3,4,4,5,5,5,4,5,5,5,4.38,52,34,FALSE
Female,Loyal Customer,40,Business Travel,Business,754,4,4,4,4,5,3,2,5,5,5,5,1,1,3.69,2,4,TRUE
Male,Loyal Customer,12,Business Travel,Business,2948,3,1,1,1,3,3,3,3,1,5,3,4,3,2.62,31,36,FALSE
Male,Loyal Customer,41,Business Travel,Business,3468,1,1,1,1,2,4,5,5,5,5,5,4,5,3.38,0,0,TRUE
Female,Loyal Customer,50,Business Travel,Business,3303,3,3,3,3,2,5,4,3,3,4,3,4,5,3.46,97,116,TRUE
Female,Loyal Customer,53,Personal Travel,Eco Plus,315,3,2,3,2,2,3,2,1,1,3,1,3,4,2.31,0,0,FALSE
Female,Loyal Customer,27,Business Travel,Business,2690,5,5,5,5,5,4,5,5,5,3,5,3,5,4.62,49,34,TRUE
Female,Loyal Customer,45,Personal Travel,Eco,1189,3,4,3,3,5,4,4,3,3,3,3,4,3,3.46,13,9,FALSE
Female,Loyal Customer,44,Business Travel,Business,2854,1,1,1,1,5,4,5,4,4,4,4,4,3,3.15,27,5,TRUE
Male,Loyal Customer,15,Personal Travel,Eco,862,1,4,1,3,3,1,3,3,5,2,5,4,3,2.92,3,45,FALSE
Male,Loyal Customer,29,Business Travel,Eco,1179,4,5,5,5,4,4,4,4,4,2,5,3,4,4.08,0,0,TRUE
Female,Disloyal Customer,20,Business Travel,Business,304,5,0,5,2,1,5,1,1,4,4,5,3,1,2.85,0,0,TRUE
Female,Loyal Customer,72,Business Travel,Eco,1056,3,1,5,1,3,4,3,3,3,3,3,2,1,2.69,0,0,FALSE
Female,Loyal Customer,41,Business Travel,Business,1670,2,2,2,2,2,3,4,4,4,4,4,4,4,3.15,0,14,TRUE
Female,Loyal Customer,53,Personal Travel,Eco,247,5,4,0,4,1,1,2,1,1,0,1,5,1,2,26,21,TRUE
Female,Loyal Customer,57,Business Travel,Eco,370,2,1,1,1,3,4,4,2,2,2,2,3,1,2.15,1,8,FALSE
Male,Loyal Customer,36,Personal Travel,Business,1036,4,1,4,4,2,3,3,1,1,4,1,4,4,2.77,15,6,FALSE
Male,Loyal Customer,20,Business Travel,Business,3436,1,5,5,5,1,1,1,1,1,5,4,2,1,2.54,111,99,FALSE
Male,Loyal Customer,48,Business Travel,Business,277,4,4,4,4,4,4,5,5,5,5,5,5,3,4.38,3,0,TRUE
Male,Loyal Customer,49,Business Travel,Business,1482,3,3,3,3,3,4,4,4,4,5,4,3,4,3.62,35,35,TRUE
Female,Loyal Customer,39,Business Travel,Business,577,5,5,5,5,4,4,4,5,5,5,5,3,3,4.46,0,0,TRUE
Male,Loyal Customer,58,Personal Travel,Eco,173,4,4,4,3,2,4,2,2,4,3,4,1,2,3,0,4,TRUE
Male,Loyal Customer,69,Business Travel,Eco,223,2,5,5,5,2,2,2,2,2,3,3,4,2,3,0,6,FALSE
Female,Disloyal Customer,14,Business Travel,Eco,796,3,2,2,3,3,3,3,3,1,5,3,4,3,2.92,0,0,FALSE
Female,Loyal Customer,27,Personal Travel,Eco Plus,31,3,5,3,5,4,3,1,4,5,5,4,3,4,3.77,8,15,FALSE
Male,Loyal Customer,41,Personal Travel,Eco Plus,781,1,5,1,1,3,1,3,3,3,3,5,3,3,2.69,5,0,FALSE
Female,Loyal Customer,56,Business Travel,Eco,1091,5,4,4,4,2,4,5,5,5,5,5,4,1,4.08,3,0,TRUE
Male,Loyal Customer,31,Business Travel,Business,2125,2,2,2,2,4,4,4,4,3,5,5,3,4,3.38,0,0,TRUE
Female,Disloyal Customer,40,Business Travel,Business,758,3,3,3,3,4,3,4,4,1,2,1,1,4,2.77,0,0,TRUE
Female,Loyal Customer,51,Business Travel,Business,2355,1,1,1,1,3,4,5,5,5,5,5,4,5,3.46,12,12,TRUE
Male,Loyal Customer,25,Business Travel,Eco,711,2,5,5,5,2,2,2,2,1,3,4,4,2,3,0,0,FALSE
Male,Loyal Customer,39,Business Travel,Business,1154,4,4,4,4,5,4,5,2,2,2,2,3,5,3.54,24,34,TRUE
Male,Disloyal Customer,26,Business Travel,Business,594,5,5,5,2,3,5,3,3,3,4,5,5,3,3.92,0,0,TRUE
Female,Loyal Customer,70,Personal Travel,Eco,214,2,1,2,2,3,3,3,4,4,2,5,4,2,2.85,0,0,FALSE
Male,Disloyal Customer,17,Business Travel,Eco,2603,4,4,4,3,4,1,1,5,3,3,3,1,1,2.85,2,0,FALSE
Female,Loyal Customer,38,Personal Travel,Business,460,3,5,3,4,3,5,4,4,4,3,4,4,3,3.77,0,0,FALSE
Female,Loyal Customer,41,Personal Travel,Eco Plus,2139,2,5,2,3,5,5,5,5,5,2,5,4,3,3.92,0,0,FALSE
Male,Loyal Customer,41,Business Travel,Business,326,1,1,1,1,5,3,5,4,4,4,4,2,4,3,32,22,TRUE
Male,Loyal Customer,35,Personal Travel,Eco,337,2,5,2,5,2,2,2,2,3,2,4,4,2,2.85,0,0,FALSE
Male,Loyal Customer,43,Business Travel,Eco,436,3,5,5,5,3,3,3,3,4,1,4,1,3,3.31,0,0,FALSE
Female,Disloyal Customer,29,Business Travel,Business,1744,3,3,3,4,2,3,2,2,5,5,3,3,2,3.08,4,0,FALSE
Female,Loyal Customer,46,Business Travel,Eco Plus,372,3,2,2,2,4,4,3,3,3,3,3,2,4,2.92,0,0,FALSE
Male,Loyal Customer,40,Business Travel,Eco,1127,3,1,1,1,3,4,3,3,2,4,3,3,3,2.62,0,11,FALSE
Male,Loyal Customer,36,Business Travel,Business,3649,5,5,5,5,5,5,5,5,5,4,5,5,5,4.92,0,0,TRUE
Male,Loyal Customer,42,Business Travel,Eco,476,4,4,4,4,4,4,4,4,3,5,2,4,4,3.85,0,0,TRUE
Female,Loyal Customer,29,Personal Travel,Eco,983,1,2,1,3,1,1,1,1,1,3,3,4,1,1.77,0,0,FALSE
Female,Loyal Customer,37,Business Travel,Eco,201,2,4,4,4,2,2,2,2,3,5,3,2,2,2.85,3,7,FALSE
Male,Loyal Customer,43,Business Travel,Business,2248,1,1,1,1,3,4,5,4,4,4,4,3,5,3.08,0,0,TRUE
Female,Loyal Customer,38,Business Travel,Business,1892,4,5,4,4,2,1,5,5,5,5,5,2,2,3.77,0,0,TRUE
Female,Loyal Customer,25,Business Travel,Business,2358,1,1,1,1,5,4,5,5,5,4,3,4,5,3.38,107,105,TRUE
Female,Loyal Customer,51,Personal Travel,Eco,296,4,5,4,1,4,4,4,2,2,4,2,3,3,3.23,0,0,FALSE
Male,Loyal Customer,31,Business Travel,Eco Plus,230,0,0,0,4,3,0,3,3,2,5,2,2,3,2.08,0,0,TRUE
Female,Loyal Customer,38,Business Travel,Eco,125,5,2,2,2,5,5,5,5,5,5,1,2,5,3.77,108,110,TRUE
Male,Loyal Customer,49,Business Travel,Business,3921,2,2,2,2,5,5,5,4,3,5,4,5,5,3.77,234,278,TRUE
Male,Loyal Customer,67,Personal Travel,Eco,307,4,4,4,1,1,4,1,1,3,4,3,3,1,2.62,3,0,FALSE
Male,Loyal Customer,56,Business Travel,Business,3547,3,3,3,3,3,4,4,5,5,5,5,5,4,4,5,3,TRUE
Female,Loyal Customer,50,Business Travel,Business,1979,1,1,1,1,2,3,4,5,5,5,5,5,4,3.23,0,0,TRUE
Female,Loyal Customer,27,Business Travel,Business,723,4,4,4,4,4,4,4,4,3,3,4,2,4,3.69,0,0,FALSE
Male,Disloyal Customer,27,Business Travel,Eco,502,1,4,1,4,5,1,5,5,3,5,3,4,5,3.54,12,14,FALSE
Female,Loyal Customer,47,Business Travel,Business,2290,5,5,5,5,5,4,5,4,4,4,4,4,3,4.38,13,0,TRUE
Female,Disloyal Customer,64,Business Travel,Eco,1028,5,5,5,2,1,5,1,1,5,2,2,3,1,2.92,1,0,TRUE
Male,Loyal Customer,68,Personal Travel,Eco,356,2,3,2,2,1,2,5,1,4,5,3,1,1,2.46,0,0,FALSE
Male,Loyal Customer,41,Personal Travel,Eco,898,4,5,3,5,3,3,3,3,2,1,4,1,3,3.08,0,0,TRUE
Male,Loyal Customer,31,Business Travel,Business,862,2,5,5,5,2,2,2,2,3,3,4,4,2,3.15,88,79,FALSE
Female,Disloyal Customer,44,Business Travel,Eco Plus,328,3,2,2,4,4,3,4,4,4,1,3,2,4,3.08,14,17,FALSE
Male,Loyal Customer,29,Business Travel,Business,2771,4,2,2,2,4,4,4,4,1,1,3,2,4,2.85,9,0,FALSE
Male,Loyal Customer,34,Personal Travel,Eco,230,2,4,2,3,4,2,4,4,5,5,4,4,4,3.62,0,6,FALSE
Female,Loyal Customer,53,Personal Travel,Eco Plus,612,4,3,5,3,4,3,3,3,3,5,3,1,4,3.38,1,0,FALSE
Male,Loyal Customer,22,Business Travel,Business,1690,1,1,1,1,1,1,1,1,4,3,2,1,1,1.46,6,0,FALSE
Female,Loyal Customer,25,Personal Travel,Eco,2248,2,5,2,2,4,2,4,4,4,5,3,5,4,3.54,0,0,FALSE
Male,Loyal Customer,56,Business Travel,Business,543,3,3,5,3,4,4,3,3,3,3,3,1,2,3.08,80,71,FALSE
Male,Loyal Customer,49,Business Travel,Business,1794,2,2,2,2,5,5,4,5,5,5,5,4,3,3.77,0,0,TRUE
Female,Loyal Customer,51,Business Travel,Business,2145,1,1,1,1,3,4,3,5,5,5,3,1,2,2.69,10,1,TRUE
Male,Loyal Customer,33,Personal Travel,Eco Plus,383,3,4,3,4,3,3,3,3,4,2,4,5,3,3.38,0,0,FALSE
Female,Disloyal Customer,29,Business Travel,Eco,859,3,2,2,3,1,2,1,1,2,5,4,4,1,2.38,1,0,FALSE
Female,Disloyal Customer,36,Business Travel,Eco,364,2,0,2,2,3,2,5,3,5,1,2,2,3,2.46,0,2,FALSE
Male,Loyal Customer,55,Business Travel,Eco,965,3,3,4,3,3,3,3,3,2,2,4,2,3,2.92,0,0,FALSE
Female,Loyal Customer,36,Business Travel,Business,758,2,2,1,2,5,4,5,2,2,2,2,3,3,2.69,0,0,TRUE
Female,Loyal Customer,56,Business Travel,Business,3193,4,4,4,4,3,3,4,4,4,4,4,1,4,3.62,2,0,TRUE
Female,Loyal Customer,56,Business Travel,Business,2835,2,2,2,2,4,5,5,3,3,3,3,4,3,3.15,2,0,TRUE
Female,Loyal Customer,49,Personal Travel,Eco,308,2,5,2,2,2,5,5,3,3,2,3,4,3,3.15,3,0,FALSE
Female,Loyal Customer,52,Business Travel,Business,3463,1,1,1,1,2,5,5,5,5,5,5,5,3,3.38,0,0,TRUE
Male,Disloyal Customer,21,Business Travel,Business,821,4,0,4,2,5,4,5,5,5,3,4,4,5,3.85,0,3,TRUE
Female,Loyal Customer,64,Business Travel,Business,2290,3,5,3,3,3,3,3,3,3,3,3,3,4,3.23,20,19,FALSE
Male,Loyal Customer,23,Business Travel,Eco Plus,867,4,1,1,1,4,4,3,4,3,1,3,4,4,2.85,16,3,FALSE
Female,Loyal Customer,64,Personal Travel,Eco,812,3,3,3,3,3,1,3,2,2,3,2,5,5,2.92,0,0,FALSE
Male,Disloyal Customer,38,Business Travel,Eco,250,1,2,1,4,1,1,3,1,4,1,4,3,1,2.08,100,95,FALSE
Female,Loyal Customer,41,Business Travel,Eco,174,4,4,4,4,4,4,4,4,3,4,4,1,4,3.69,0,0,TRUE
Female,Loyal Customer,33,Business Travel,Business,1035,2,2,3,2,4,4,5,4,4,4,4,5,5,3.69,2,0,TRUE
Female,Loyal Customer,33,Business Travel,Business,3493,2,2,2,2,2,4,5,4,4,4,4,3,4,3.23,0,0,TRUE
Male,Loyal Customer,39,Business Travel,Business,536,4,4,4,4,3,1,3,4,4,4,4,4,4,3.62,2,3,TRUE
Male,Loyal Customer,63,Business Travel,Business,3182,2,2,2,2,5,4,5,4,4,4,4,3,4,3.46,0,0,TRUE
Female,Disloyal Customer,24,Business Travel,Eco,1237,5,5,5,1,1,5,1,1,4,5,5,4,1,3.31,0,0,TRUE
Male,Loyal Customer,15,Business Travel,Business,1848,5,5,5,5,5,5,5,5,5,2,4,3,5,4.54,68,63,TRUE
Female,Disloyal Customer,48,Business Travel,Eco,909,2,2,2,3,2,2,2,2,3,4,3,1,2,2.31,48,29,FALSE
Male,Loyal Customer,16,Personal Travel,Eco,750,4,4,4,3,4,5,5,4,5,5,4,5,5,4.38,201,199,FALSE
Male,Loyal Customer,60,Business Travel,Business,1372,1,1,1,1,2,4,4,2,2,2,2,4,5,2.38,81,93,TRUE
Female,Loyal Customer,56,Personal Travel,Eco,270,2,0,2,1,2,5,5,5,5,2,5,3,4,3.15,11,0,FALSE
Female,Loyal Customer,38,Business Travel,Eco Plus,521,4,4,4,4,4,4,4,4,3,1,2,2,4,3.38,0,12,TRUE
Female,Loyal Customer,46,Business Travel,Business,449,4,4,4,4,5,4,5,4,4,4,4,4,4,4.15,0,0,TRUE
Male,Disloyal Customer,23,Business Travel,Eco,405,1,2,0,4,1,0,1,1,2,1,3,1,1,1.38,4,0,FALSE
Male,Loyal Customer,69,Business Travel,Business,583,4,2,4,4,3,3,5,4,4,4,4,4,2,3.62,0,0,TRUE
Male,Loyal Customer,55,Business Travel,Eco,1635,2,1,1,1,2,2,2,2,1,5,2,4,2,2.08,0,0,FALSE
Female,Loyal Customer,55,Business Travel,Business,341,1,1,1,1,3,5,4,5,5,5,5,5,4,3.46,9,26,TRUE
Female,Loyal Customer,39,Business Travel,Business,3203,3,1,3,1,3,3,4,3,3,3,3,1,4,2.69,0,0,FALSE
Male,Loyal Customer,37,Business Travel,Eco,954,3,5,5,5,3,3,3,3,2,3,4,3,3,3.46,0,5,FALSE
Female,Loyal Customer,31,Personal Travel,Eco,192,2,5,2,3,1,2,3,1,5,4,4,4,1,2.85,0,0,FALSE
Male,Loyal Customer,20,Business Travel,Business,735,3,3,3,3,3,4,3,3,5,4,5,4,3,3.54,110,120,TRUE
Female,Loyal Customer,33,Business Travel,Business,3269,5,5,5,5,4,2,1,4,4,4,3,1,2,3.46,53,47,TRUE
Female,Disloyal Customer,30,Business Travel,Eco,666,4,1,4,4,1,4,4,1,1,4,3,4,1,2.77,51,35,FALSE
Female,Loyal Customer,49,Business Travel,Business,3812,2,2,2,2,2,5,5,4,4,4,4,4,3,3.31,12,3,TRUE
Male,Loyal Customer,50,Personal Travel,Eco,946,3,4,3,3,4,3,2,4,3,5,3,1,4,3.23,0,0,FALSE
Female,Loyal Customer,43,Business Travel,Eco,145,2,1,1,1,3,1,5,2,2,2,2,3,4,2.23,0,0,TRUE
Male,Loyal Customer,50,Business Travel,Business,562,4,4,4,4,2,4,5,4,4,4,4,3,3,3.77,29,22,TRUE
Female,Disloyal Customer,35,Business Travel,Eco,1166,3,3,3,4,5,3,1,5,4,1,3,3,5,3.31,17,6,FALSE
Male,Loyal Customer,48,Business Travel,Business,715,3,3,3,3,2,5,4,5,5,5,5,5,3,3.92,0,0,TRUE
Male,Loyal Customer,30,Personal Travel,Eco,550,1,4,1,3,1,1,1,1,2,4,4,3,1,2.08,0,0,FALSE
Male,Disloyal Customer,39,Business Travel,Business,731,2,2,2,3,4,2,4,4,3,2,4,5,4,3.15,0,0,FALSE
Male,Loyal Customer,33,Business Travel,Business,201,2,2,2,2,5,5,3,5,2,5,5,5,5,3.69,0,0,TRUE
Male,Disloyal Customer,23,Business Travel,Eco,551,2,0,2,4,5,2,5,5,4,1,2,1,5,2.92,0,0,FALSE
Female,Loyal Customer,13,Personal Travel,Eco,708,3,4,3,3,3,3,3,3,5,3,4,5,3,3.46,13,0,FALSE
Male,Loyal Customer,37,Business Travel,Business,3860,1,1,4,1,4,4,2,3,3,4,3,3,2,2.69,0,0,TRUE
Female,Disloyal Customer,27,Business Travel,Business,283,0,0,0,4,3,0,3,3,3,3,5,5,3,2.46,51,38,TRUE
Male,Loyal Customer,47,Personal Travel,Eco,447,5,5,5,3,5,5,5,5,4,5,5,3,5,4.62,11,0,TRUE
Male,Loyal Customer,32,Business Travel,Business,277,2,4,4,4,2,2,2,4,4,3,4,2,2,3,360,388,FALSE
Male,Loyal Customer,48,Business Travel,Business,630,1,1,5,1,2,4,4,5,5,5,5,5,3,3.54,1,0,TRUE
Female,Loyal Customer,49,Business Travel,Business,945,4,3,3,3,1,4,3,4,4,4,4,3,2,3.23,0,6,FALSE
Female,Loyal Customer,54,Business Travel,Business,315,4,4,4,4,2,1,3,4,4,4,4,1,2,3.15,0,0,TRUE
Male,Loyal Customer,57,Business Travel,Business,1259,1,1,1,1,2,4,5,3,3,3,3,4,4,2.69,0,0,TRUE
Female,Loyal Customer,57,Business Travel,Business,462,2,2,2,2,5,5,3,5,5,5,5,2,5,3.69,0,0,TRUE
Female,Loyal Customer,67,Business Travel,Eco,325,2,1,1,1,3,3,4,2,2,2,2,3,4,2.31,74,72,FALSE
Male,Disloyal Customer,40,Business Travel,Business,1590,1,2,2,1,4,2,4,4,3,4,4,4,4,3,1,5,FALSE
Male,Loyal Customer,43,Business Travel,Eco,160,2,3,3,3,1,2,1,1,1,1,4,4,1,2.08,123,129,FALSE
Male,Disloyal Customer,39,Business Travel,Business,762,2,2,2,2,1,2,1,1,3,3,5,5,1,2.31,0,0,FALSE
Male,Disloyal Customer,42,Personal Travel,Eco,134,4,1,4,3,4,4,4,4,4,2,3,3,4,3.38,0,0,FALSE
Male,Loyal Customer,11,Personal Travel,Eco,101,3,4,0,2,5,0,1,5,3,5,5,2,5,3.08,0,0,FALSE
Male,Disloyal Customer,36,Business Travel,Business,361,1,2,2,4,2,2,2,2,1,2,4,1,2,2.08,33,13,FALSE
Female,Loyal Customer,38,Business Travel,Business,3850,1,1,1,1,4,4,5,5,5,5,5,3,5,3.46,0,0,TRUE
Female,Loyal Customer,39,Personal Travel,Eco,209,4,3,4,4,2,4,2,2,5,3,3,1,2,3,0,0,TRUE
Male,Loyal Customer,16,Personal Travel,Eco,78,2,5,0,2,4,0,4,4,3,5,4,5,4,3.23,0,0,FALSE
Male,Loyal Customer,41,Business Travel,Business,833,2,2,2,2,4,5,4,4,4,4,4,5,5,3.62,0,0,TRUE
Male,Disloyal Customer,42,Business Travel,Business,2153,1,1,1,4,4,1,4,4,4,5,5,4,4,3.23,71,71,FALSE
Female,Loyal Customer,57,Business Travel,Business,1823,4,4,4,4,5,4,5,4,4,4,4,5,4,4.23,0,0,TRUE
Female,Loyal Customer,22,Business Travel,Eco Plus,2106,5,1,1,1,5,4,4,5,4,4,3,4,5,3.54,4,0,TRUE
Male,Loyal Customer,54,Business Travel,Eco Plus,281,2,5,5,5,2,2,2,2,2,1,4,3,2,2.85,34,23,FALSE
Male,Loyal Customer,61,Business Travel,Business,135,4,3,5,3,2,3,3,1,1,1,4,3,4,2.85,0,0,FALSE
Female,Loyal Customer,11,Personal Travel,Eco,1010,3,5,3,5,2,3,2,2,4,1,1,4,2,2.85,0,13,FALSE
Male,Loyal Customer,50,Personal Travel,Eco Plus,787,3,1,2,3,5,2,5,5,2,4,4,3,5,3.38,4,13,FALSE
Female,Loyal Customer,50,Business Travel,Business,1589,2,2,2,2,5,4,4,3,3,3,3,3,5,3.15,5,0,TRUE
Female,Loyal Customer,23,Personal Travel,Eco,237,3,4,0,3,1,0,1,1,4,5,4,3,1,2.31,49,36,FALSE
Female,Loyal Customer,47,Personal Travel,Eco Plus,1028,4,2,4,3,2,4,4,5,5,4,5,1,2,3.46,0,0,FALSE
Female,Loyal Customer,51,Business Travel,Eco,667,5,4,5,4,4,1,3,5,5,5,5,3,3,4,0,19,TRUE
Female,Loyal Customer,42,Business Travel,Eco Plus,762,3,3,3,3,4,3,3,3,3,3,3,4,2,3.08,3,8,FALSE
Female,Loyal Customer,70,Personal Travel,Eco,460,1,2,1,4,4,3,3,5,5,1,5,2,2,2.92,0,0,FALSE
Male,Loyal Customer,20,Business Travel,Eco Plus,1045,2,2,2,2,2,1,2,2,4,5,4,1,2,2.38,14,2,FALSE
Female,Loyal Customer,18,Business Travel,Eco,937,1,3,4,3,1,1,1,1,4,3,4,3,1,2.31,3,0,FALSE
Male,Loyal Customer,20,Personal Travel,Business,2133,3,3,3,3,2,3,2,2,1,3,4,2,2,2.54,12,2,FALSE
Female,Loyal Customer,29,Business Travel,Business,541,3,3,3,3,3,3,3,3,5,4,5,4,3,3.46,4,0,TRUE
Male,Loyal Customer,39,Business Travel,Eco,413,2,5,5,5,2,2,2,2,3,5,3,4,2,3.23,10,6,FALSE
Female,Disloyal Customer,42,Business Travel,Eco,351,2,0,2,5,2,2,2,2,3,4,2,2,2,2.31,0,0,FALSE
Female,Loyal Customer,7,Personal Travel,Eco,1012,3,5,3,3,5,3,2,5,2,3,3,5,5,3.62,26,45,FALSE
Male,Disloyal Customer,35,Business Travel,Business,669,3,3,3,3,2,3,2,2,4,5,5,5,2,3.23,7,12,FALSE
Male,Loyal Customer,53,Business Travel,Business,3078,4,4,4,4,4,3,3,4,4,4,4,4,2,3.69,62,60,FALSE
Female,Loyal Customer,24,Personal Travel,Eco,2329,4,2,3,3,3,3,3,3,2,4,4,2,3,3,39,6,FALSE
Female,Disloyal Customer,22,Business Travel,Eco,247,2,4,2,2,3,2,3,3,4,3,4,5,3,3.08,0,0,FALSE
Female,Disloyal Customer,25,Business Travel,Business,539,3,0,3,2,3,3,4,3,3,3,4,3,3,2.85,0,0,FALSE
Female,Loyal Customer,47,Personal Travel,Eco,1013,3,4,3,5,1,4,2,2,2,3,2,3,3,2.85,0,0,FALSE
Male,Loyal Customer,39,Business Travel,Business,2413,4,5,5,5,5,2,3,4,4,4,4,4,4,4.08,0,20,FALSE
Female,Loyal Customer,59,Personal Travel,Eco,873,4,1,4,3,3,4,3,3,3,4,3,3,4,3.23,0,0,FALSE
Female,Loyal Customer,54,Personal Travel,Eco Plus,743,2,5,2,2,3,4,4,5,5,2,5,5,5,3.77,17,13,FALSE
Female,Disloyal Customer,39,Business Travel,Business,1535,5,5,5,1,1,5,1,1,3,3,5,4,1,3.08,7,0,TRUE
Male,Disloyal Customer,23,Business Travel,Eco,581,4,2,4,3,2,4,1,2,1,1,2,2,2,2.31,9,0,FALSE
Male,Loyal Customer,24,Personal Travel,Eco,369,2,2,2,4,3,2,3,3,1,1,3,4,3,2.54,0,0,FALSE
Male,Loyal Customer,47,Business Travel,Eco,460,1,2,2,2,1,1,1,1,2,5,3,4,1,2,46,40,FALSE
Male,Loyal Customer,25,Business Travel,Business,500,2,2,2,2,5,5,5,5,4,4,5,3,5,3.77,0,0,TRUE
Male,Loyal Customer,24,Personal Travel,Eco,265,1,3,1,4,5,1,5,5,2,2,3,2,5,3,0,9,FALSE
Female,Loyal Customer,68,Personal Travel,Eco,483,2,3,2,3,2,3,3,5,5,2,5,2,3,3.08,0,0,FALSE
Female,Loyal Customer,59,Business Travel,Business,1554,2,4,4,4,2,4,3,2,2,2,2,1,2,2.62,0,0,FALSE
Female,Disloyal Customer,25,Business Travel,Business,1444,5,0,5,1,3,5,3,3,3,3,4,5,3,3.31,18,3,TRUE
Female,Loyal Customer,34,Personal Travel,Eco,391,2,5,2,1,4,2,1,4,3,4,4,4,4,3.08,14,5,FALSE
Female,Loyal Customer,39,Business Travel,Business,3817,5,5,3,5,2,5,5,4,4,4,4,3,4,4.08,0,3,TRUE
Female,Loyal Customer,25,Business Travel,Business,859,1,2,2,2,1,1,1,1,2,2,4,1,1,1.62,0,0,FALSE
Male,Loyal Customer,51,Personal Travel,Business,1535,1,1,1,2,1,2,3,4,4,1,3,1,2,2,5,0,FALSE
Female,Disloyal Customer,30,Business Travel,Business,1062,4,4,4,1,1,4,1,1,5,3,4,5,1,2.92,0,7,TRUE
Male,Disloyal Customer,18,Business Travel,Eco,1464,4,4,4,2,2,4,2,2,4,5,4,5,2,3.38,0,0,FALSE
Male,Loyal Customer,51,Business Travel,Business,3507,4,4,4,4,3,4,4,2,2,2,2,4,5,3.38,0,0,TRUE
Male,Loyal Customer,17,Personal Travel,Eco,129,2,4,2,5,2,2,2,2,3,4,4,1,2,2.69,19,29,FALSE
Female,Loyal Customer,14,Personal Travel,Eco Plus,1237,3,4,3,2,4,3,3,4,4,4,4,3,4,3.46,9,1,FALSE
Male,Loyal Customer,30,Personal Travel,Eco,612,4,4,4,3,5,4,5,5,4,5,4,4,5,4.31,47,42,TRUE
Male,Loyal Customer,22,Personal Travel,Eco,223,2,5,2,4,3,2,3,3,4,2,4,5,3,3.23,0,2,FALSE
Male,Loyal Customer,34,Business Travel,Business,1636,5,5,5,5,5,5,4,4,4,4,4,3,4,4.38,24,11,TRUE
Female,Loyal Customer,36,Business Travel,Eco,509,3,4,4,4,3,3,3,3,4,1,3,4,3,3.23,0,0,FALSE
Female,Loyal Customer,37,Business Travel,Eco,163,4,5,5,5,4,4,4,4,4,5,5,5,4,4.46,0,0,TRUE
Male,Disloyal Customer,28,Business Travel,Business,1488,3,3,3,4,5,3,5,5,4,4,4,5,5,4.08,42,28,FALSE
Female,Disloyal Customer,27,Business Travel,Eco,612,3,4,3,4,1,3,1,1,3,5,4,4,1,2.85,0,0,FALSE
Female,Loyal Customer,60,Personal Travel,Eco,679,2,4,2,1,2,5,4,3,3,2,3,3,5,3,0,0,FALSE
Male,Disloyal Customer,29,Business Travel,Eco,1310,1,1,1,3,4,1,4,4,4,5,3,1,4,2.77,0,0,FALSE
Male,Loyal Customer,53,Personal Travel,Eco,423,5,2,5,3,4,5,4,4,1,5,3,1,4,3.54,2,1,TRUE
Female,Loyal Customer,66,Personal Travel,Eco,2173,1,2,1,3,4,3,2,4,4,1,4,3,4,2.77,36,19,FALSE
Female,Loyal Customer,63,Business Travel,Business,153,1,1,1,1,4,1,4,1,3,2,3,4,4,2.31,147,142,FALSE
Male,Loyal Customer,30,Personal Travel,Eco Plus,1205,5,2,5,3,4,5,4,4,2,4,3,4,4,3.77,0,0,TRUE
Male,Loyal Customer,43,Business Travel,Business,1346,1,1,1,1,5,4,5,2,2,2,2,4,5,2.69,0,7,TRUE
Female,Loyal Customer,38,Personal Travel,Eco,158,5,4,5,3,2,5,2,2,3,2,4,3,2,3.23,0,0,TRUE
Male,Loyal Customer,39,Business Travel,Business,399,1,1,1,1,4,5,4,4,4,4,4,3,5,3.15,0,0,TRUE
Female,Loyal Customer,40,Business Travel,Business,3826,0,0,0,3,4,5,5,3,3,3,5,5,5,3.15,97,106,TRUE
Male,Loyal Customer,29,Personal Travel,Eco,1009,2,3,2,4,5,2,5,5,3,4,4,2,5,3.54,0,0,FALSE
Female,Loyal Customer,29,Personal Travel,Eco,488,2,4,2,3,1,2,1,1,3,3,2,1,1,2,28,42,FALSE
Male,Loyal Customer,25,Personal Travel,Eco,239,2,5,2,5,4,2,4,4,2,1,1,5,4,3.15,0,0,FALSE
Male,Loyal Customer,29,Personal Travel,Eco,602,3,5,3,4,5,3,5,5,3,3,5,3,5,4,0,0,FALSE
Male,Disloyal Customer,45,Business Travel,Eco,448,2,4,2,1,3,2,3,3,5,3,3,3,3,2.85,1,0,FALSE
Male,Loyal Customer,46,Business Travel,Business,3821,0,3,0,4,1,2,2,3,3,3,3,4,1,2.23,0,0,TRUE
Female,Loyal Customer,47,Personal Travel,Eco Plus,937,3,5,4,2,2,4,4,5,5,4,4,5,3,3.85,1,0,FALSE
Female,Loyal Customer,58,Business Travel,Business,361,3,4,3,3,3,4,4,5,5,5,5,5,3,4,0,0,TRUE
Male,Disloyal Customer,24,Business Travel,Eco,1050,2,2,2,3,1,2,1,1,4,4,4,4,1,2.38,1,4,FALSE
Female,Loyal Customer,33,Personal Travel,Eco,640,2,5,2,4,2,2,1,2,3,4,4,5,2,2.92,100,87,FALSE
Male,Disloyal Customer,24,Business Travel,Eco,1073,4,4,4,2,1,4,1,1,3,4,4,3,1,2.77,2,0,TRUE
Male,Loyal Customer,55,Personal Travel,Eco,631,4,4,4,4,3,4,5,3,5,1,3,5,3,3.69,0,0,FALSE
Female,Loyal Customer,41,Business Travel,Business,2783,4,3,3,3,5,3,3,4,4,4,4,3,4,3.62,0,0,FALSE
Female,Loyal Customer,53,Business Travel,Business,403,4,4,4,4,2,1,1,5,5,5,5,4,2,3.54,0,0,TRUE
Male,Loyal Customer,62,Personal Travel,Business,462,3,4,4,3,5,4,5,4,4,4,4,1,4,3.77,0,0,FALSE
Female,Loyal Customer,17,Personal Travel,Eco,1448,4,2,4,4,2,4,2,2,1,5,3,1,2,2.77,6,0,FALSE
Male,Disloyal Customer,25,Business Travel,Business,516,3,0,3,4,5,3,5,5,5,4,5,3,5,3.85,44,49,FALSE
Female,Loyal Customer,69,Personal Travel,Eco,909,3,5,3,3,5,5,5,5,5,3,5,3,1,3.92,4,25,FALSE
Male,Loyal Customer,56,Business Travel,Business,3175,2,2,2,2,5,5,4,5,5,5,5,3,3,3.69,3,6,TRUE
Male,Loyal Customer,54,Business Travel,Business,192,3,4,4,4,3,3,3,1,1,1,3,2,2,2.62,13,12,FALSE
Male,Loyal Customer,45,Business Travel,Business,2689,4,4,4,4,5,4,4,4,2,4,4,4,4,3.92,252,231,TRUE
Female,Loyal Customer,31,Business Travel,Business,557,1,1,1,1,4,4,4,4,5,4,5,4,4,3.23,0,0,TRUE
Female,Loyal Customer,54,Personal Travel,Eco,606,3,1,3,2,2,2,3,1,1,3,1,4,2,2.15,0,1,FALSE
Female,Loyal Customer,43,Personal Travel,Eco Plus,1726,2,1,2,3,3,3,3,5,5,2,5,4,3,3.15,26,24,FALSE
Male,Loyal Customer,58,Business Travel,Business,3848,1,1,1,1,2,4,5,5,5,5,5,4,5,3.38,35,23,TRUE
Male,Disloyal Customer,25,Business Travel,Eco,102,3,3,3,2,4,3,4,4,2,4,4,4,4,3.38,0,0,FALSE
Female,Loyal Customer,58,Business Travel,Business,1640,4,4,4,4,4,2,4,5,5,4,4,4,5,4.08,23,25,TRUE
Male,Loyal Customer,53,Business Travel,Business,270,1,1,1,1,3,4,4,5,5,5,5,4,3,3.23,0,0,TRUE
Female,Loyal Customer,18,Personal Travel,Eco,1313,3,2,3,3,4,3,3,4,3,3,4,3,4,3.23,0,0,FALSE
Female,Loyal Customer,49,Business Travel,Business,562,3,3,3,3,5,5,5,3,3,3,3,3,3,3.46,0,0,TRUE
Female,Loyal Customer,61,Business Travel,Business,3167,4,2,5,2,4,4,4,3,3,3,4,3,4,3.46,9,0,FALSE
Male,Loyal Customer,58,Business Travel,Business,626,4,4,4,4,4,5,4,2,2,3,2,5,5,3.69,26,23,TRUE
Female,Loyal Customer,68,Personal Travel,Eco Plus,687,2,5,2,2,2,4,4,4,4,2,4,4,5,3.38,0,0,FALSE
Female,Loyal Customer,40,Personal Travel,Eco,377,3,5,3,4,3,3,1,3,5,5,4,4,3,3.54,4,0,FALSE
Male,Loyal Customer,58,Business Travel,Business,1005,2,2,2,2,5,4,5,5,5,5,5,3,3,3.69,7,0,TRUE
Male,Loyal Customer,20,Personal Travel,Eco,1440,3,5,3,1,2,3,2,2,4,2,3,3,2,2.69,3,0,FALSE
Male,Loyal Customer,53,Business Travel,Business,1535,3,3,3,3,4,5,4,4,4,4,4,4,5,3.85,12,3,TRUE
Male,Loyal Customer,58,Business Travel,Business,797,2,5,5,5,3,1,1,2,2,2,2,4,1,2.69,2,10,FALSE
Male,Loyal Customer,22,Personal Travel,Eco,148,2,1,2,3,1,2,1,1,1,5,3,2,1,1.92,7,0,FALSE
Female,Loyal Customer,36,Business Travel,Eco,331,3,2,4,2,3,3,3,3,4,2,3,1,3,2.77,0,0,FALSE
Male,Disloyal Customer,62,Business Travel,Business,1041,4,5,5,5,4,4,2,4,4,3,4,3,4,3.92,6,13,TRUE
Male,Loyal Customer,56,Personal Travel,Eco,413,4,5,5,1,4,5,4,4,5,2,4,5,4,4,0,0,FALSE
Male,Disloyal Customer,37,Business Travel,Eco,409,2,3,2,1,4,2,4,4,2,2,5,2,4,2.85,0,3,FALSE
Male,Loyal Customer,26,Business Travel,Eco,707,3,1,3,3,3,3,4,3,1,2,3,1,3,2.54,0,0,FALSE
Female,Loyal Customer,51,Business Travel,Eco,515,2,1,1,1,4,4,4,2,2,2,2,4,3,2.46,107,103,FALSE
Female,Loyal Customer,38,Business Travel,Eco,589,3,3,3,3,3,3,3,3,3,2,3,3,3,2.92,163,222,TRUE
Male,Loyal Customer,28,Business Travel,Business,337,4,4,4,4,4,4,4,4,3,5,3,2,4,3.77,0,0,TRUE
Female,Loyal Customer,28,Business Travel,Business,500,1,1,1,1,5,5,5,5,4,4,4,3,5,3.38,0,0,TRUE
Female,Loyal Customer,63,Business Travel,Business,95,1,1,1,1,1,4,3,3,3,3,1,4,4,2.31,14,11,FALSE
Male,Disloyal Customer,29,Business Travel,Eco,920,4,4,4,3,3,4,3,3,3,1,3,1,3,3,23,16,TRUE
Female,Loyal Customer,38,Business Travel,Eco Plus,1074,4,3,3,3,4,4,4,4,1,3,3,2,4,3.23,10,10,TRUE
Male,Disloyal Customer,21,Business Travel,Eco,102,2,5,3,4,5,3,5,5,3,2,5,2,5,3.77,5,2,FALSE
Female,Disloyal Customer,27,Business Travel,Business,362,1,1,1,1,1,1,1,1,4,2,5,5,1,1.92,2,1,FALSE
Female,Loyal Customer,38,Business Travel,Eco Plus,302,2,2,2,2,2,2,2,2,1,4,4,3,2,2.31,0,6,FALSE
Female,Loyal Customer,56,Business Travel,Business,480,2,2,2,2,5,5,5,1,1,2,1,5,3,2.77,0,0,TRUE
Male,Disloyal Customer,21,Business Travel,Business,1694,5,0,5,4,2,5,2,2,3,3,5,3,2,3.15,0,0,TRUE
Female,Disloyal Customer,42,Business Travel,Eco,414,3,2,3,4,3,3,3,3,3,2,3,3,3,2.92,8,0,FALSE
Female,Loyal Customer,48,Business Travel,Business,3461,0,0,0,1,5,5,5,4,4,4,4,5,3,3.08,9,19,TRUE
Female,Loyal Customer,56,Business Travel,Business,3567,2,2,2,2,5,5,5,4,4,4,4,3,3,3.46,6,5,TRUE
Male,Loyal Customer,44,Business Travel,Business,409,2,2,2,2,4,5,4,5,5,5,5,5,4,3.85,0,0,TRUE
Female,Disloyal Customer,25,Business Travel,Eco Plus,598,3,0,3,3,3,3,3,3,5,5,1,2,3,2.85,8,7,FALSE
Male,Loyal Customer,8,Personal Travel,Eco,408,1,3,1,4,5,1,5,5,2,2,4,3,5,3.15,0,0,FALSE
Female,Loyal Customer,44,Business Travel,Eco,270,4,5,5,5,3,4,4,4,4,4,4,1,1,3.69,0,0,FALSE
Female,Loyal Customer,56,Business Travel,Business,3397,4,4,4,4,5,4,4,4,4,4,4,4,4,4.08,0,0,TRUE
Female,Loyal Customer,48,Business Travel,Eco Plus,1452,1,5,5,5,3,3,3,2,2,1,2,1,4,2.85,1,17,FALSE
Female,Loyal Customer,60,Personal Travel,Eco Plus,957,1,5,0,3,3,5,5,5,5,0,5,4,4,3.46,24,42,FALSE
Female,Loyal Customer,19,Business Travel,Eco,223,5,1,1,1,5,5,3,5,2,1,3,2,5,3,54,50,TRUE
Female,Disloyal Customer,26,Business Travel,Eco Plus,458,2,2,2,4,3,2,3,3,4,1,3,3,3,2.69,41,48,FALSE
Male,Loyal Customer,33,Business Travel,Business,1208,2,3,3,3,2,2,2,2,3,5,3,1,2,2.54,30,10,FALSE
Female,Loyal Customer,40,Business Travel,Business,3738,0,1,1,2,4,4,5,4,4,4,4,3,5,3.15,1,0,TRUE
Male,Loyal Customer,48,Business Travel,Business,588,3,2,2,2,5,4,3,3,3,3,3,1,4,2.92,0,0,FALSE
Female,Loyal Customer,34,Business Travel,Business,888,3,3,3,3,4,5,5,3,3,3,3,4,4,3.54,26,10,TRUE
Male,Loyal Customer,40,Business Travel,Business,671,4,4,4,4,4,4,5,5,5,4,5,3,5,4.31,28,19,TRUE
Female,Loyal Customer,12,Business Travel,Business,2108,5,5,5,5,4,4,4,4,5,5,5,5,4,4.62,0,0,TRUE
Female,Loyal Customer,60,Business Travel,Eco,628,4,2,2,2,5,2,3,4,4,4,4,4,5,3.46,0,0,TRUE
Female,Loyal Customer,38,Personal Travel,Eco,888,3,3,3,3,1,3,1,1,4,2,2,1,1,2.15,4,6,FALSE
Female,Loyal Customer,40,Business Travel,Eco,2277,5,3,3,3,5,5,5,5,1,3,5,3,5,3.92,0,5,TRUE
Male,Loyal Customer,44,Business Travel,Eco,762,2,5,4,5,2,2,2,2,1,4,3,3,2,2.85,0,0,FALSE
Male,Loyal Customer,52,Business Travel,Business,160,1,1,1,1,5,4,3,5,5,5,3,3,2,3,0,0,TRUE
Female,Disloyal Customer,29,Business Travel,Eco,859,1,1,1,2,1,1,1,1,3,2,2,4,1,1.62,0,10,FALSE
Male,Loyal Customer,29,Personal Travel,Eco,283,1,5,1,2,1,1,1,1,3,3,3,5,1,2.15,7,11,FALSE
Male,Loyal Customer,39,Business Travel,Business,1533,4,4,4,4,3,2,3,3,3,4,3,5,1,3.31,0,2,TRUE
Female,Disloyal Customer,38,Business Travel,Business,137,1,1,1,1,4,1,4,4,3,2,4,4,4,2.62,0,0,FALSE
Female,Loyal Customer,45,Personal Travel,Eco,669,3,4,3,2,4,4,4,5,5,3,5,4,4,3.85,30,24,FALSE
Female,Loyal Customer,33,Business Travel,Business,758,1,3,3,3,5,3,3,1,1,1,1,1,2,2.15,0,1,FALSE
Female,Loyal Customer,27,Business Travel,Business,1872,3,3,3,3,2,2,2,2,5,4,1,4,2,2.77,0,0,TRUE
Female,Loyal Customer,16,Personal Travel,Eco,628,2,5,3,1,1,3,1,1,3,4,5,5,1,2.69,0,0,FALSE
Female,Loyal Customer,39,Business Travel,Business,846,2,2,3,2,1,4,1,5,5,5,5,1,1,2.85,0,0,TRUE
Male,Disloyal Customer,24,Business Travel,Eco,762,4,5,5,4,4,5,4,4,5,5,5,4,4,4.46,0,0,TRUE
Female,Loyal Customer,53,Personal Travel,Eco,1303,4,3,4,4,5,4,3,2,2,4,2,1,2,3.08,0,15,FALSE
Male,Loyal Customer,59,Business Travel,Business,594,2,1,2,2,4,4,4,4,4,4,4,4,3,3.23,8,21,TRUE
Male,Loyal Customer,37,Business Travel,Business,1048,1,5,5,5,1,4,4,1,1,2,1,3,4,2.85,41,59,FALSE
Female,Loyal Customer,55,Business Travel,Business,337,5,5,2,5,2,5,5,3,3,4,3,5,4,3.92,0,0,TRUE
Male,Loyal Customer,35,Business Travel,Business,421,2,2,2,2,3,5,5,2,2,2,2,4,5,2.92,14,14,TRUE
Female,Loyal Customer,59,Business Travel,Eco Plus,996,1,1,1,1,3,3,4,1,1,1,1,1,4,1.77,3,0,FALSE
Male,Loyal Customer,17,Business Travel,Business,3674,4,4,4,4,4,4,4,4,4,4,4,5,4,4.08,0,0,TRUE
Female,Loyal Customer,43,Business Travel,Business,204,1,1,1,1,3,5,5,4,4,4,4,3,3,3,12,7,TRUE
Male,Loyal Customer,35,Business Travel,Business,2116,1,1,1,1,5,3,2,3,3,4,3,5,5,2.85,0,0,TRUE
Female,Disloyal Customer,25,Business Travel,Business,731,3,0,3,2,3,3,3,3,4,4,4,3,3,2.92,0,0,FALSE
Male,Loyal Customer,52,Business Travel,Business,3562,3,1,4,1,4,3,3,3,3,3,3,3,3,2.85,5,10,FALSE
Female,Loyal Customer,22,Personal Travel,Eco,315,2,4,2,2,4,2,4,4,5,2,5,4,4,3.38,1,81,FALSE
Male,Loyal Customer,52,Business Travel,Business,694,5,5,4,5,5,4,4,5,5,5,5,3,3,4.46,0,0,TRUE
Male,Loyal Customer,37,Personal Travel,Eco,1119,3,4,4,2,3,4,3,3,4,4,5,5,3,3.62,0,16,FALSE
Female,Loyal Customer,52,Personal Travel,Eco,646,3,5,3,4,2,3,1,2,2,3,2,5,2,2.85,0,0,FALSE
Female,Loyal Customer,23,Personal Travel,Eco,258,2,4,2,3,1,2,1,1,4,5,4,3,1,2.54,0,0,FALSE
Female,Loyal Customer,30,Business Travel,Business,2264,4,4,4,4,4,4,4,4,5,3,1,3,4,3.69,0,0,TRUE
Male,Loyal Customer,26,Business Travel,Eco,645,5,2,2,2,5,5,5,5,1,3,4,5,5,3.77,11,,TRUE
Male,Loyal Customer,59,Business Travel,Business,2174,5,5,5,5,4,4,4,4,4,4,4,4,5,4.38,0,0,TRUE
Female,Loyal Customer,54,Business Travel,Business,3040,0,0,0,4,4,3,4,4,4,4,4,4,4,3,0,0,TRUE
Male,Loyal Customer,42,Business Travel,Eco,526,4,1,1,1,4,4,4,4,3,1,1,5,4,2.85,0,0,TRUE
Female,Loyal Customer,39,Business Travel,Business,2590,1,1,3,1,5,4,5,4,4,4,4,3,3,3.23,0,0,TRUE
Male,Disloyal Customer,36,Business Travel,Business,302,3,3,3,2,5,3,2,5,5,2,5,5,5,3.69,0,0,FALSE
Male,Loyal Customer,39,Business Travel,Business,543,1,2,1,1,5,5,4,4,4,4,4,4,5,3.38,0,0,TRUE
Female,Loyal Customer,33,Business Travel,Business,829,3,3,3,3,3,1,2,4,4,4,4,1,5,3.08,10,2,TRUE
Male,Loyal Customer,67,Business Travel,Business,1739,2,2,2,2,5,5,4,5,5,5,5,4,3,3.77,23,20,TRUE
Female,Loyal Customer,58,Business Travel,Eco,975,4,1,1,1,2,2,4,4,4,4,4,5,1,2.85,0,0,TRUE
Female,Loyal Customer,30,Personal Travel,Eco,651,1,5,1,2,4,1,4,4,5,5,4,2,4,3.23,0,10,FALSE
Male,Loyal Customer,59,Personal Travel,Eco,696,5,4,5,2,5,5,5,5,5,4,4,3,5,4.38,0,0,TRUE
Male,Loyal Customer,38,Business Travel,Eco,531,5,1,1,1,5,5,5,5,2,2,1,2,5,3.08,0,0,TRUE
Male,Loyal Customer,42,Business Travel,Business,2317,2,2,2,2,3,4,4,5,5,4,5,3,3,3.38,0,0,TRUE
Female,Loyal Customer,30,Business Travel,Business,862,2,2,2,2,5,5,5,5,5,2,4,4,5,3.69,7,36,TRUE
Female,Loyal Customer,31,Business Travel,Business,1773,1,3,4,3,1,1,1,1,3,3,2,2,1,2,52,48,FALSE
Female,Loyal Customer,26,Personal Travel,Eco,515,1,4,1,3,5,1,4,5,3,2,4,3,5,3.15,0,0,FALSE
Female,Loyal Customer,49,Personal Travel,Eco,1911,1,4,1,3,1,5,5,5,5,1,5,1,4,3.15,0,0,FALSE
Female,Loyal Customer,42,Business Travel,Business,297,0,0,0,2,5,4,4,3,3,3,3,5,3,2.69,0,0,TRUE
Female,Loyal Customer,54,Business Travel,Business,3074,4,3,3,3,1,4,4,4,4,3,4,4,2,3.31,34,60,FALSE
Female,Loyal Customer,28,Personal Travel,Eco,1342,4,2,4,4,4,4,4,4,2,5,2,3,4,3.54,2,0,FALSE
Female,Loyal Customer,55,Personal Travel,Eco,632,3,3,3,4,1,4,4,4,4,3,4,2,3,3.23,0,0,FALSE
Male,Disloyal Customer,22,Business Travel,Eco,113,4,0,4,1,3,4,3,3,4,4,1,3,3,2.85,5,0,TRUE
Male,Loyal Customer,11,Personal Travel,Eco,1205,3,5,3,3,2,3,2,2,4,3,2,3,2,2.85,0,5,FALSE
Male,Disloyal Customer,50,Business Travel,Business,569,5,5,5,3,2,5,2,2,5,2,5,5,2,3.69,0,0,TRUE
Female,Loyal Customer,31,Personal Travel,Eco,836,0,4,0,2,5,0,5,5,3,5,4,4,5,3.23,0,0,TRUE
Female,Loyal Customer,8,Business Travel,Business,1988,4,4,3,4,4,4,4,4,5,2,4,3,4,3.77,0,0,TRUE
Male,Loyal Customer,45,Business Travel,Business,227,0,0,0,2,4,4,5,4,4,4,4,4,3,2.92,0,4,TRUE
Female,Loyal Customer,43,Business Travel,Business,1844,2,5,5,5,4,3,3,2,2,2,2,1,4,3.08,0,0,FALSE
Male,Loyal Customer,45,Personal Travel,Eco,1671,4,1,4,4,1,4,1,1,3,4,3,2,1,2.54,0,0,FALSE
Male,Loyal Customer,33,Personal Travel,Eco,859,4,2,4,4,4,4,4,4,1,3,4,2,4,3.38,0,0,TRUE
Male,Loyal Customer,59,Business Travel,Business,948,5,5,5,5,5,3,1,5,5,5,5,1,5,4.23,47,55,TRUE
Male,Loyal Customer,31,Business Travel,Business,1514,2,2,2,2,4,4,4,4,5,5,4,3,4,3.46,0,0,TRUE
Female,Disloyal Customer,27,Business Travel,Business,189,5,5,5,1,3,5,3,3,5,2,5,4,3,3.77,23,20,TRUE
Male,Loyal Customer,44,Business Travel,Business,544,5,5,5,5,4,5,1,4,4,4,4,4,5,4.23,0,0,TRUE
Female,Disloyal Customer,33,Business Travel,Business,692,3,3,3,4,1,3,1,1,5,4,5,4,1,2.92,0,0,FALSE
Female,Loyal Customer,16,Business Travel,Business,2879,3,3,1,3,3,3,3,3,3,5,1,3,3,2.85,0,0,TRUE
Male,Loyal Customer,25,Business Travel,Eco Plus,721,3,2,2,2,3,3,2,3,1,1,3,2,3,2.31,0,0,FALSE
Female,Loyal Customer,56,Business Travel,Business,183,0,3,0,5,2,3,2,2,2,2,2,5,1,2.23,22,34,TRUE
Female,Loyal Customer,36,Business Travel,Business,2120,3,3,3,3,3,4,5,5,5,5,5,5,5,4.15,0,0,TRUE
Male,Loyal Customer,50,Business Travel,Business,2762,2,2,2,2,3,5,5,5,5,5,5,3,4,3.69,0,0,TRUE
Female,Loyal Customer,52,Business Travel,Business,1167,4,4,4,4,4,4,4,4,4,4,4,5,5,4.15,0,0,TRUE
Male,Loyal Customer,46,Business Travel,Business,3077,5,5,5,5,4,4,5,4,4,4,4,5,5,4.54,2,0,TRUE
Male,Loyal Customer,52,Business Travel,Business,3442,1,1,1,1,5,4,4,3,3,3,1,4,2,2.54,34,31,FALSE
Female,Loyal Customer,40,Personal Travel,Eco,534,4,5,4,3,2,4,2,2,5,2,4,5,2,3.38,0,0,FALSE
Female,Loyal Customer,55,Business Travel,Business,862,2,4,4,4,3,2,2,2,2,1,2,2,2,2.46,0,0,FALSE
Female,Loyal Customer,67,Personal Travel,Eco,354,3,4,3,1,5,4,4,1,1,3,1,4,3,2.85,0,0,FALSE
Male,Loyal Customer,30,Business Travel,Eco Plus,1211,2,2,2,2,2,2,2,2,1,1,4,3,2,2.08,20,13,FALSE
Female,Loyal Customer,35,Business Travel,Eco Plus,605,5,1,1,1,5,5,5,5,1,3,1,5,5,3.31,0,0,TRUE
Female,Loyal Customer,38,Business Travel,Business,337,5,5,5,5,5,5,5,5,5,5,5,4,5,4.92,2,0,TRUE
Male,Loyal Customer,56,Personal Travel,Eco,853,3,4,3,1,1,3,1,1,3,4,5,3,1,2.54,0,0,FALSE
Female,Loyal Customer,72,Business Travel,Business,1793,2,2,2,2,1,1,2,1,1,1,2,2,4,1.77,0,51,FALSE
Female,Disloyal Customer,24,Business Travel,Business,1407,3,3,3,3,2,3,2,2,3,4,3,1,2,2.62,1,3,FALSE
Male,Loyal Customer,13,Personal Travel,Eco,925,2,5,2,1,3,2,3,3,4,2,4,5,3,3,95,91,FALSE
Female,Loyal Customer,39,Personal Travel,Eco,106,3,5,0,1,3,0,3,3,5,5,4,4,3,3,0,0,FALSE
Female,Loyal Customer,36,Business Travel,Eco Plus,102,5,5,4,4,5,5,5,5,2,2,4,5,5,4.31,0,0,TRUE
Female,Loyal Customer,29,Business Travel,Business,1009,3,3,3,3,4,4,4,4,3,3,4,4,4,3.54,0,0,TRUE
Male,Loyal Customer,42,Business Travel,Eco,1133,4,2,2,2,4,4,4,4,2,2,4,1,4,3,7,22,TRUE
Female,Loyal Customer,30,Business Travel,Business,781,1,0,0,4,3,0,1,3,3,5,3,2,3,2.15,0,0,FALSE
Male,Disloyal Customer,27,Business Travel,Business,867,3,3,3,4,2,3,2,2,5,3,4,5,2,3.15,0,1,FALSE
Male,Loyal Customer,58,Business Travel,Business,2645,5,5,5,5,2,4,5,3,3,3,3,4,5,4,46,40,TRUE
Female,Loyal Customer,48,Personal Travel,Eco,846,3,5,3,1,4,4,5,1,1,3,1,3,3,2.85,0,0,FALSE
Male,Loyal Customer,48,Business Travel,Business,2659,1,1,1,1,5,5,5,2,2,2,2,3,5,2.69,1,0,TRUE
Female,Loyal Customer,56,Business Travel,Business,3398,3,3,3,3,5,5,4,5,5,5,5,3,5,4.15,15,7,TRUE
Female,Loyal Customer,17,Business Travel,Business,3633,2,5,5,5,2,2,2,2,4,1,3,3,2,2.92,12,0,FALSE
Female,Disloyal Customer,27,Business Travel,Eco Plus,453,3,3,3,3,5,3,5,5,2,5,3,3,5,3.69,0,0,FALSE
Male,Disloyal Customer,40,Business Travel,Business,447,3,3,3,4,5,3,5,5,3,2,5,4,5,3.85,1,0,FALSE
Female,Loyal Customer,44,Business Travel,Business,3384,2,2,2,2,4,4,5,5,5,5,5,4,3,3.69,0,0,TRUE
Male,Loyal Customer,27,Business Travel,Eco,1250,5,2,2,2,5,4,5,5,2,5,5,1,5,3.69,0,0,TRUE
Male,Loyal Customer,14,Personal Travel,Eco,337,1,5,1,5,1,2,2,3,3,4,5,2,2,2.77,117,132,FALSE
Female,Loyal Customer,59,Personal Travel,Eco,342,2,5,2,4,2,4,4,5,5,2,5,4,5,3.77,0,0,FALSE
Female,Disloyal Customer,27,Business Travel,Eco,972,3,3,3,3,5,3,5,5,2,1,4,1,5,3.31,0,0,FALSE
Female,Loyal Customer,11,Personal Travel,Eco,368,2,3,2,2,2,2,2,2,1,5,3,3,2,2.38,1,0,FALSE
Female,Loyal Customer,51,Personal Travel,Eco,240,4,4,4,2,2,1,5,2,2,4,5,2,3,3.08,0,0,FALSE
Male,Loyal Customer,35,Personal Travel,Business,802,4,5,4,3,2,4,5,3,3,4,3,3,5,3.69,0,1,FALSE
Male,Disloyal Customer,41,Business Travel,Business,374,4,4,4,3,3,4,3,3,4,5,4,3,3,3.62,31,31,TRUE
Female,Loyal Customer,28,Personal Travel,Eco,258,0,2,0,4,4,0,4,4,3,1,4,3,4,2.54,1,0,TRUE
Male,Loyal Customer,17,Business Travel,Eco Plus,680,4,1,1,1,4,4,3,4,2,1,3,4,4,2.77,15,8,FALSE
Male,Loyal Customer,55,Business Travel,Business,3020,3,3,3,3,2,5,5,4,4,5,4,5,2,3.69,0,0,TRUE
Female,Loyal Customer,54,Personal Travel,Eco,247,2,5,2,2,4,4,5,2,2,2,2,3,3,2.92,14,7,FALSE
Female,Loyal Customer,34,Business Travel,Business,2418,3,3,3,3,2,5,4,2,2,2,2,5,5,3.15,6,10,TRUE
Female,Loyal Customer,54,Business Travel,Business,3115,4,4,4,4,3,4,5,4,4,4,5,3,3,3.92,4,28,TRUE
Female,Loyal Customer,60,Business Travel,Eco Plus,199,3,2,2,2,2,4,3,3,3,3,3,1,2,2.54,35,16,FALSE
Male,Disloyal Customer,24,Business Travel,Business,240,4,0,3,5,5,3,5,5,3,5,4,4,5,3.92,0,0,TRUE
Male,Loyal Customer,45,Personal Travel,Eco,1363,2,4,2,3,1,2,1,1,2,2,4,1,1,2,3,11,FALSE
Male,Loyal Customer,56,Business Travel,Business,1644,0,0,0,1,3,5,2,3,3,3,3,3,1,2.08,0,0,TRUE
Female,Loyal Customer,41,Personal Travel,Eco,306,0,2,0,3,5,0,5,5,2,5,4,1,5,2.85,0,0,TRUE
Male,Loyal Customer,48,Business Travel,Business,3617,2,2,2,2,4,4,5,4,4,4,4,4,4,3.46,0,0,TRUE
Male,Disloyal Customer,21,Business Travel,Eco,837,2,2,2,5,5,2,5,5,1,5,3,1,5,3.31,30,55,FALSE
Female,Disloyal Customer,36,Business Travel,Eco,571,2,0,2,2,3,2,3,3,4,2,4,2,3,2.46,0,0,FALSE
Female,Loyal Customer,59,Business Travel,Business,3747,3,4,3,3,3,5,5,4,4,4,4,5,4,3.92,59,47,TRUE
Male,Loyal Customer,20,Business Travel,Business,1428,2,2,2,2,4,4,4,4,2,5,1,2,4,2.92,0,3,TRUE
Female,Disloyal Customer,25,Business Travel,Eco,1182,2,1,1,3,1,2,2,1,3,2,2,2,2,1.85,198,271,FALSE
Female,Loyal Customer,52,Business Travel,Business,177,3,3,5,3,2,5,4,4,4,4,5,5,4,3.92,116,119,TRUE
Male,Loyal Customer,37,Business Travel,Business,3856,0,0,0,2,1,2,5,3,3,3,4,2,5,2.31,0,7,TRUE
Male,Loyal Customer,43,Business Travel,Eco,416,5,5,2,2,5,5,5,5,4,2,1,5,5,3.92,0,0,TRUE
Male,Loyal Customer,39,Personal Travel,Eco,356,2,4,2,3,5,2,1,5,5,3,5,4,5,3.54,0,0,FALSE
Female,Loyal Customer,59,Business Travel,Business,813,2,2,2,2,5,4,4,5,5,5,5,5,4,3.85,0,0,TRUE
Female,Loyal Customer,38,Business Travel,Eco,331,2,1,2,1,2,2,2,2,4,5,3,1,2,2.23,65,50,FALSE
Male,Loyal Customer,43,Business Travel,Business,460,2,2,2,2,5,5,4,4,4,4,4,5,4,3.62,18,15,TRUE
Female,Loyal Customer,66,Business Travel,Business,3389,5,5,5,5,4,4,5,5,5,5,5,4,3,4.62,0,0,TRUE
Male,Loyal Customer,52,Business Travel,Business,1985,1,1,1,1,2,4,4,5,5,5,5,3,3,3.08,10,3,TRUE
Male,Loyal Customer,47,Business Travel,Business,3763,2,3,2,2,5,5,5,5,5,5,5,5,5,4.15,49,48,TRUE
Male,Loyal Customer,38,Business Travel,Business,337,3,3,3,3,4,4,3,3,3,3,3,4,1,3.08,58,60,FALSE
Male,Disloyal Customer,42,Business Travel,Business,359,3,3,3,5,2,3,2,2,3,5,5,1,2,3,0,0,FALSE
Male,Loyal Customer,39,Personal Travel,Business,1491,3,2,3,4,2,4,4,4,4,3,4,2,2,3.15,12,36,FALSE
Female,Loyal Customer,36,Personal Travel,Eco,1044,1,4,1,1,1,1,2,1,2,5,1,1,1,1.69,4,0,FALSE
Female,Loyal Customer,63,Personal Travel,Eco,370,2,3,2,1,1,4,2,4,4,2,4,4,4,2.85,1,0,FALSE
Female,Loyal Customer,51,Business Travel,Business,342,4,4,4,4,4,5,5,4,4,4,4,3,5,4.15,0,0,TRUE
Male,Loyal Customer,40,Business Travel,Business,356,3,3,2,3,5,5,4,5,5,5,5,5,3,4.08,26,3,TRUE
Male,Loyal Customer,37,Personal Travel,Eco,590,2,5,2,3,2,2,2,2,5,4,4,5,2,3.08,0,0,FALSE
Male,Loyal Customer,60,Business Travel,Business,1851,3,3,3,3,2,5,3,5,5,5,5,2,2,3.54,0,0,TRUE
Female,Loyal Customer,10,Personal Travel,Eco,542,3,4,1,5,5,1,5,5,5,2,2,1,5,3.38,0,0,FALSE
Female,Loyal Customer,47,Business Travel,Business,2417,5,5,5,5,4,4,4,4,4,4,4,4,3,4.23,4,7,TRUE
Female,Disloyal Customer,25,Business Travel,Business,562,4,0,4,3,5,4,5,5,3,5,5,3,5,3.92,21,75,FALSE
Male,Loyal Customer,49,Business Travel,Business,370,1,5,2,2,3,4,3,1,1,1,1,4,3,2.38,7,6,FALSE
Male,Loyal Customer,20,Personal Travel,Eco,551,3,4,3,5,5,3,5,5,5,3,2,1,5,3.77,0,3,FALSE
Female,Disloyal Customer,37,Business Travel,Business,931,2,2,2,3,3,2,3,3,2,5,2,2,3,2.62,0,0,FALSE
Male,Loyal Customer,38,Business Travel,Business,2990,1,1,1,1,4,5,4,5,5,5,5,5,5,3.62,0,0,TRUE
Female,Disloyal Customer,40,Business Travel,Business,867,2,2,2,3,4,2,4,4,1,2,3,3,4,2.77,0,0,FALSE
Female,Loyal Customer,51,Personal Travel,Eco,331,2,5,2,4,3,4,4,1,1,2,1,3,4,2.77,0,11,FALSE
Male,Loyal Customer,13,Personal Travel,Eco,626,0,1,0,3,4,0,3,4,4,2,3,2,4,2.31,0,0,TRUE
Female,Disloyal Customer,25,Business Travel,Business,919,3,5,3,2,5,3,5,5,3,5,5,5,5,4.15,0,0,FALSE
Male,Disloyal Customer,39,Business Travel,Business,1751,1,1,1,3,4,1,4,4,5,3,5,4,4,3.08,7,11,FALSE
Male,Disloyal Customer,14,Business Travel,Eco,1028,3,3,3,4,5,3,1,5,1,2,4,2,5,3.15,70,71,FALSE
Male,Loyal Customer,41,Business Travel,Eco,604,1,3,3,3,1,1,1,1,3,5,4,4,1,2.38,25,20,FALSE
Female,Loyal Customer,25,Personal Travel,Eco,1050,2,5,2,3,3,2,3,3,3,5,5,5,3,3.38,3,1,FALSE
Female,Loyal Customer,16,Business Travel,Business,1345,4,4,4,4,5,5,5,5,4,3,4,4,5,4.31,11,0,TRUE
Male,Loyal Customer,30,Personal Travel,Eco,1620,4,4,4,1,4,4,3,4,5,5,4,5,4,3.92,0,0,FALSE
Male,Loyal Customer,55,Personal Travel,Eco,985,2,5,2,1,3,2,3,3,3,2,5,4,3,2.92,0,0,FALSE
Male,Disloyal Customer,37,Business Travel,Eco,259,1,1,2,3,1,2,1,1,2,1,4,4,1,1.85,21,6,FALSE
Female,Loyal Customer,41,Personal Travel,Eco,296,2,3,2,4,1,2,1,1,2,2,3,1,1,1.92,0,0,FALSE
Male,Loyal Customer,40,Personal Travel,Eco,749,2,3,2,1,4,2,4,4,5,3,3,5,4,3.23,0,8,FALSE
Male,Disloyal Customer,20,Business Travel,Eco,653,3,5,4,4,3,4,3,3,1,4,4,3,3,3.38,0,0,FALSE
Female,Loyal Customer,27,Business Travel,Business,2672,4,4,4,4,5,5,5,5,3,1,1,1,5,3.62,6,1,TRUE
Male,Disloyal Customer,39,Business Travel,Eco,641,2,0,2,5,1,2,3,1,2,4,4,4,1,2.38,0,5,FALSE
Female,Loyal Customer,45,Personal Travel,Eco,1452,1,3,1,2,2,4,2,3,3,1,3,5,4,2.62,64,42,FALSE
Male,Loyal Customer,45,Business Travel,Eco,439,2,1,1,1,1,2,1,1,1,5,4,2,1,1.77,98,106,FALSE
Male,Loyal Customer,15,Personal Travel,Eco,160,2,1,2,3,5,2,5,5,1,4,4,1,5,3.08,0,0,FALSE
Female,Loyal Customer,37,Business Travel,Eco,978,5,4,4,4,5,5,5,5,4,1,1,3,5,3.92,0,0,TRUE
Male,Loyal Customer,8,Personal Travel,Eco Plus,991,3,4,3,4,2,3,2,2,4,4,4,3,2,3.08,4,18,FALSE
Female,Loyal Customer,33,Business Travel,Business,3988,2,2,2,2,3,1,2,4,4,4,4,3,4,2.85,48,31,TRUE
Male,Disloyal Customer,26,Business Travel,Business,802,1,1,1,4,1,1,1,1,5,2,5,5,1,2.23,90,89,FALSE
Female,Loyal Customer,33,Business Travel,Business,395,2,2,2,2,4,3,4,4,4,4,4,2,4,3.15,0,0,TRUE
Female,Loyal Customer,34,Business Travel,Business,1448,2,2,2,2,3,2,4,4,4,4,4,5,2,3.08,0,0,TRUE
Male,Loyal Customer,49,Business Travel,Business,920,1,1,1,1,2,5,5,5,5,5,5,5,3,3.38,39,33,TRUE
Male,Loyal Customer,50,Business Travel,Business,3579,1,1,1,1,4,4,4,4,4,5,4,5,5,3.31,25,22,TRUE
Male,Loyal Customer,57,Business Travel,Business,239,5,5,5,5,3,5,4,5,5,5,5,4,5,4.69,0,0,TRUE
Male,Loyal Customer,11,Business Travel,Business,2434,1,1,2,1,5,5,5,5,5,5,5,5,5,3.85,0,0,TRUE
Male,Loyal Customer,40,Personal Travel,Eco,102,4,5,4,4,3,4,3,3,5,2,4,4,3,3.69,0,0,FALSE
Female,Loyal Customer,22,Personal Travel,Eco,323,1,2,1,4,5,1,5,5,3,3,3,2,5,3.08,11,11,FALSE
Male,Loyal Customer,50,Business Travel,Business,3161,2,2,2,2,3,5,4,3,3,4,3,3,3,3,0,0,TRUE
Male,Loyal Customer,19,Business Travel,Business,273,4,4,4,4,4,4,4,4,1,1,3,2,4,3.31,0,0,TRUE
Female,Disloyal Customer,23,Business Travel,Eco,533,1,2,1,4,5,1,4,5,1,3,4,3,5,3,44,36,FALSE
Female,Loyal Customer,37,Personal Travel,Eco,315,4,5,2,5,4,2,4,4,3,4,4,3,4,3.69,48,42,FALSE
Male,Loyal Customer,19,Personal Travel,Eco,447,2,2,3,3,3,3,5,3,4,1,4,1,3,2.85,0,0,FALSE
Male,Loyal Customer,57,Personal Travel,Eco,447,2,4,2,3,4,2,4,4,5,4,4,4,4,3.54,0,0,FALSE
Male,Loyal Customer,33,Personal Travel,Eco,1096,1,0,1,3,5,1,5,5,5,2,5,5,5,3.31,122,112,FALSE
Female,Loyal Customer,37,Business Travel,Business,1632,4,4,5,4,4,3,1,4,4,4,4,3,1,3.46,0,0,TRUE
Female,Loyal Customer,46,Business Travel,Business,1909,4,2,2,2,2,4,4,4,4,3,4,2,4,3.15,24,11,FALSE
Female,Loyal Customer,12,Personal Travel,Eco Plus,96,3,2,3,4,1,3,1,1,1,2,4,1,1,2.08,0,0,FALSE
Male,Loyal Customer,51,Business Travel,Business,1464,5,2,5,5,4,5,4,4,4,4,4,3,3,4,6,0,TRUE
Female,Loyal Customer,30,Personal Travel,Eco Plus,1124,2,5,2,3,2,2,2,2,3,5,4,5,2,3,0,0,FALSE
Male,Disloyal Customer,23,Business Travel,Eco,373,3,4,3,4,1,3,1,1,4,5,5,3,1,2.92,0,0,FALSE
Female,Loyal Customer,24,Business Travel,Business,2489,2,3,3,3,2,2,2,2,2,5,2,3,2,2.54,16,9,FALSE
Female,Loyal Customer,8,Personal Travel,Eco,140,4,0,4,1,1,4,1,1,5,3,5,5,1,2.69,0,6,FALSE
Male,Loyal Customer,46,Personal Travel,Eco,587,2,4,2,3,4,2,4,4,4,5,4,4,4,3.54,0,0,FALSE
Female,Loyal Customer,31,Personal Travel,Business,850,1,5,1,5,4,1,4,4,3,2,4,4,4,3.23,36,34,FALSE
Female,Loyal Customer,23,Business Travel,Business,3702,2,1,1,1,2,3,2,2,3,1,4,1,2,1.92,0,0,FALSE
Male,Loyal Customer,18,Personal Travel,Eco,576,1,5,1,2,2,1,4,2,2,1,3,3,2,2.23,0,0,FALSE
Female,Loyal Customer,16,Personal Travel,Business,444,2,4,2,3,2,2,2,2,3,4,5,4,2,2.85,0,0,FALSE
Male,Loyal Customer,52,Personal Travel,Eco Plus,102,3,3,3,1,2,3,2,2,2,5,1,5,2,2.62,0,0,FALSE
Female,Loyal Customer,57,Personal Travel,Eco,1089,1,4,1,3,3,4,4,3,3,1,3,4,3,2.85,0,1,FALSE
Female,Loyal Customer,36,Business Travel,Business,416,3,3,3,3,2,3,3,5,5,5,5,2,2,3.38,1,0,TRUE
Female,Disloyal Customer,20,Business Travel,Eco,262,3,2,3,4,4,3,2,4,3,2,3,2,4,3,15,38,FALSE
Female,Loyal Customer,70,Personal Travel,Eco,359,4,4,4,4,2,5,4,1,1,4,1,3,4,3.15,1,2,TRUE
Male,Loyal Customer,32,Business Travel,Business,337,2,2,2,2,5,5,5,5,5,2,4,4,5,3.69,0,0,TRUE
Male,Loyal Customer,44,Personal Travel,Eco Plus,649,3,1,3,4,5,3,5,5,1,2,4,1,5,3.23,0,0,FALSE
Female,Loyal Customer,35,Personal Travel,Eco,1269,2,5,2,3,2,2,2,2,5,5,3,4,2,3,31,7,FALSE
Male,Loyal Customer,52,Business Travel,Eco,1123,2,2,2,2,2,2,2,2,3,2,3,1,2,2.08,0,0,FALSE
Female,Loyal Customer,57,Personal Travel,Eco,1849,3,3,3,4,3,1,3,4,4,3,4,3,2,3.08,0,0,FALSE
Female,Disloyal Customer,38,Business Travel,Business,1276,1,1,1,4,5,1,5,5,4,3,4,5,5,3.38,0,0,FALSE
Male,Loyal Customer,65,Personal Travel,Eco,594,2,3,2,1,4,2,4,4,2,5,4,2,4,3,6,0,FALSE
Female,Disloyal Customer,20,Business Travel,Eco,404,2,2,2,3,3,2,3,3,1,2,4,4,3,2.62,14,21,FALSE
Female,Loyal Customer,45,Business Travel,Business,3515,4,1,1,1,3,3,4,4,4,3,4,1,1,2.62,0,0,FALSE
Female,Disloyal Customer,25,Business Travel,Business,806,4,5,4,2,4,4,4,4,3,3,4,3,4,3.69,0,0,FALSE
Female,Loyal Customer,33,Personal Travel,Eco,549,5,5,5,3,4,5,4,4,4,5,4,5,4,4.38,0,0,TRUE
Female,Loyal Customer,21,Personal Travel,Eco,101,3,5,3,4,5,3,4,5,4,4,5,4,5,4.15,0,2,FALSE
Female,Disloyal Customer,49,Business Travel,Eco,1469,4,4,4,4,5,4,5,5,3,1,4,3,5,3.92,0,46,FALSE
Female,Disloyal Customer,57,Business Travel,Business,1175,5,5,5,1,1,5,3,1,4,3,4,5,1,3.31,0,0,TRUE
Female,Loyal Customer,16,Business Travel,Business,3297,2,4,2,2,5,5,5,5,3,4,4,5,5,3.92,0,5,TRUE
Male,Loyal Customer,17,Personal Travel,Eco,950,4,2,4,3,1,4,1,1,3,5,3,2,1,2.62,107,91,FALSE
Male,Loyal Customer,62,Personal Travel,Eco,195,3,5,0,3,0,3,2,4,5,1,2,2,2,2.46,125,141,FALSE
Male,Loyal Customer,53,Business Travel,Business,1501,5,5,5,5,5,5,4,4,4,4,4,5,3,4.46,0,0,TRUE
Female,Loyal Customer,41,Business Travel,Business,775,2,2,2,2,3,4,5,3,3,3,3,5,3,3.08,3,10,TRUE
Female,Disloyal Customer,30,Business Travel,Eco,985,2,2,2,3,2,2,2,2,1,3,3,3,2,2.23,65,59,FALSE
Female,Loyal Customer,23,Personal Travel,Eco,328,1,1,1,3,5,1,5,5,4,5,3,1,5,3.08,3,0,FALSE
Female,Loyal Customer,33,Personal Travel,Eco,1476,3,4,3,2,5,3,1,5,1,3,4,5,5,3.38,0,8,FALSE
Female,Disloyal Customer,29,Business Travel,Eco,715,3,3,3,4,1,3,1,1,1,1,4,3,1,2.23,12,12,FALSE
Female,Loyal Customer,57,Business Travel,Business,2248,3,3,3,3,3,3,4,3,3,3,3,3,2,3,0,0,FALSE
Male,Loyal Customer,44,Personal Travel,Eco,1085,1,4,1,3,3,1,3,3,5,2,5,3,3,2.85,4,24,FALSE
Female,Disloyal Customer,42,Business Travel,Business,306,3,3,3,3,1,3,1,1,4,3,5,3,1,2.62,3,0,FALSE
Male,Loyal Customer,36,Personal Travel,Eco,1144,1,4,1,3,5,1,3,5,5,2,4,1,5,3.08,0,0,FALSE
Male,Loyal Customer,47,Business Travel,Business,3382,2,2,2,2,3,4,4,4,4,4,4,5,4,3.38,2,0,TRUE
Female,Loyal Customer,41,Business Travel,Business,3170,4,4,4,4,3,3,4,4,4,4,4,3,2,3.62,0,1,TRUE
Male,Loyal Customer,29,Personal Travel,Eco Plus,2979,2,2,2,4,2,5,5,3,2,3,4,5,5,3.38,0,0,FALSE
Male,Loyal Customer,31,Business Travel,Business,781,1,1,1,1,5,5,5,5,4,2,5,3,5,3.31,13,8,TRUE
Male,Loyal Customer,50,Business Travel,Business,1558,5,5,4,5,2,5,5,4,4,4,4,3,5,4.23,1,0,TRUE
Male,Loyal Customer,56,Business Travel,Business,1523,1,1,5,1,3,4,4,2,2,2,2,3,3,2.54,0,0,TRUE
Female,Loyal Customer,57,Business Travel,Business,2051,1,1,1,1,2,5,5,5,5,5,5,3,5,3.38,0,0,TRUE
Male,Loyal Customer,43,Business Travel,Eco,1617,4,5,5,5,4,4,4,4,4,2,5,3,4,4.08,0,0,TRUE
Male,Disloyal Customer,28,Business Travel,Eco,315,5,0,5,2,1,5,1,1,3,1,3,4,1,2.46,3,0,TRUE
Female,Loyal Customer,47,Personal Travel,Eco,1142,3,5,4,1,5,5,3,5,5,4,5,4,5,4.15,0,5,FALSE
Female,Loyal Customer,30,Business Travel,Business,3038,3,4,1,4,3,3,3,3,3,2,3,1,3,2.77,0,0,FALSE
Female,Loyal Customer,57,Business Travel,Business,130,1,1,4,1,2,1,2,5,5,5,5,4,2,2.92,0,22,TRUE
Male,Disloyal Customer,24,Business Travel,Eco,907,4,4,4,4,1,4,1,1,3,5,5,4,1,3.15,9,9,TRUE
Female,Loyal Customer,41,Business Travel,Business,3220,5,5,5,5,2,5,4,2,2,2,2,4,3,3.54,86,89,TRUE
Male,Loyal Customer,46,Business Travel,Business,541,4,4,4,4,4,4,5,4,4,4,4,4,4,4.08,47,70,TRUE
Female,Loyal Customer,21,Personal Travel,Eco,1504,3,4,3,2,2,3,2,2,5,3,5,5,2,3.15,0,0,FALSE
Female,Loyal Customer,64,Business Travel,Business,89,1,5,5,5,2,3,2,3,3,3,1,4,1,2.92,0,0,FALSE
Female,Loyal Customer,42,Business Travel,Business,1592,3,3,3,3,2,4,5,4,4,4,4,5,5,3.77,0,0,TRUE
Female,Loyal Customer,49,Business Travel,Business,1489,3,5,1,5,5,4,4,3,3,3,3,4,3,3.54,0,8,FALSE
Female,Disloyal Customer,30,Business Travel,Eco,731,1,1,1,1,1,1,1,1,1,5,1,1,1,1.31,5,0,FALSE
Female,Loyal Customer,16,Personal Travel,Eco Plus,599,4,2,4,3,2,4,1,2,1,2,3,3,2,2.54,0,12,FALSE
Female,Disloyal Customer,25,Business Travel,Business,795,1,0,1,2,4,1,4,4,5,4,5,5,4,3.08,14,10,FALSE
Male,Loyal Customer,27,Business Travel,Eco,313,4,1,1,1,4,4,4,4,3,4,4,4,4,3.23,2,0,TRUE
Female,Loyal Customer,45,Business Travel,Business,2392,5,5,5,5,1,3,3,4,4,4,4,4,4,3.92,12,0,TRUE
Male,Loyal Customer,59,Business Travel,Eco,236,4,2,2,2,5,4,5,5,5,2,4,1,5,3.54,0,0,TRUE
Female,Loyal Customer,43,Business Travel,Business,1990,2,2,5,2,5,4,5,2,2,2,2,3,3,3,30,30,TRUE
Female,Loyal Customer,71,Business Travel,Eco,500,3,4,4,4,4,4,4,3,3,3,3,2,3,3.38,0,0,FALSE
Female,Loyal Customer,28,Personal Travel,Eco,164,2,5,2,1,4,2,4,4,5,2,5,3,4,3.31,0,0,FALSE
Male,Loyal Customer,49,Business Travel,Business,399,2,2,2,2,4,5,5,5,5,4,5,5,5,3.92,0,9,TRUE
Male,Disloyal Customer,42,Business Travel,Business,258,5,5,5,1,3,5,3,3,4,4,5,4,3,3.85,7,0,TRUE
Male,Loyal Customer,41,Personal Travel,Business,680,3,5,3,2,3,5,5,5,5,3,5,5,4,4.08,7,17,FALSE
Female,Loyal Customer,38,Business Travel,Business,3687,4,4,4,4,5,5,5,5,5,5,4,4,5,4.54,24,16,TRUE
Female,Loyal Customer,35,Personal Travel,Eco,453,2,4,2,5,2,5,5,5,2,4,5,5,5,3.92,139,138,FALSE
Male,Loyal Customer,13,Personal Travel,Eco,599,3,3,3,4,2,3,2,2,1,5,4,3,2,2.85,8,0,FALSE
Male,Loyal Customer,46,Personal Travel,Eco,214,3,3,0,4,2,0,2,2,2,1,4,1,2,2,0,0,FALSE
Male,Loyal Customer,33,Business Travel,Eco,140,0,0,0,1,4,3,4,4,3,2,5,4,4,2.62,0,14,TRUE
Male,Disloyal Customer,39,Business Travel,Business,632,4,4,4,3,2,4,2,2,3,5,4,3,2,3.23,23,10,TRUE
Male,Loyal Customer,16,Personal Travel,Eco Plus,551,4,3,4,2,1,4,1,1,4,5,4,2,1,2.77,0,0,FALSE
Male,Disloyal Customer,18,Business Travel,Eco,309,3,3,3,2,5,3,5,5,1,1,5,3,5,3.38,1,0,FALSE
Male,Disloyal Customer,28,Business Travel,Business,626,3,3,3,4,2,3,2,2,3,4,4,3,2,2.92,0,0,FALSE
Female,Disloyal Customer,24,Business Travel,Eco,580,3,1,2,3,4,2,4,4,1,5,2,4,4,3,5,3,FALSE
Male,Loyal Customer,38,Personal Travel,Eco,1005,1,5,1,4,1,1,1,1,5,5,4,3,1,2.54,0,0,FALSE
Male,Loyal Customer,56,Personal Travel,Eco,1005,2,4,2,2,5,2,5,5,3,4,5,5,5,3.77,10,7,FALSE
Female,Loyal Customer,15,Business Travel,Business,3791,3,3,2,3,5,5,5,5,1,5,3,5,5,3.85,69,66,TRUE
Male,Loyal Customer,46,Personal Travel,Eco,667,2,1,2,3,1,2,4,1,4,5,4,1,1,2.38,5,1,FALSE
Male,Loyal Customer,58,Business Travel,Business,1220,5,5,5,5,1,2,3,4,4,4,4,5,2,3.77,0,0,TRUE
Female,Disloyal Customer,37,Business Travel,Business,125,5,5,5,2,5,5,2,5,4,5,4,3,5,4.23,0,0,TRUE
Female,Loyal Customer,65,Personal Travel,Eco,1069,2,5,2,1,2,5,4,3,3,2,3,3,3,2.92,109,104,FALSE
Male,Loyal Customer,55,Business Travel,Business,1754,2,4,4,4,4,3,3,2,2,2,2,1,1,2.62,13,12,FALSE
Female,Loyal Customer,54,Business Travel,Business,1379,3,1,1,1,4,4,4,3,3,3,3,1,3,2.62,29,25,FALSE
Male,Loyal Customer,57,Personal Travel,Eco,223,3,5,0,3,2,0,2,2,5,4,4,4,2,2.77,0,0,FALSE
Female,Loyal Customer,30,Business Travel,Business,3364,3,3,3,3,5,5,5,5,5,2,4,5,5,4.08,42,28,TRUE
Male,Loyal Customer,36,Business Travel,Business,2342,3,3,3,3,2,5,4,4,4,4,4,5,4,3.69,0,0,TRUE
Female,Loyal Customer,49,Personal Travel,Eco,359,3,4,3,2,3,5,4,3,3,3,1,4,3,3.15,5,2,FALSE
Female,Loyal Customer,47,Personal Travel,Eco,1652,2,5,2,1,3,3,4,3,3,2,3,3,5,3,5,0,FALSE
Female,Loyal Customer,15,Personal Travel,Eco,2565,3,4,3,2,2,3,4,2,2,2,3,2,2,2.62,2,0,FALSE
Male,Disloyal Customer,29,Business Travel,Business,1121,2,2,2,4,5,2,1,5,1,2,4,4,5,3,15,10,FALSE
Male,Loyal Customer,58,Business Travel,Business,2108,5,5,5,5,2,4,5,5,5,5,5,3,3,4.38,5,1,TRUE
Female,Loyal Customer,49,Business Travel,Eco,305,2,3,2,3,3,3,4,2,2,2,2,4,3,2.69,0,0,FALSE
Female,Loyal Customer,51,Business Travel,Business,1235,1,1,1,1,5,5,5,4,4,4,4,3,5,3.31,0,0,TRUE
Male,Loyal Customer,39,Business Travel,Business,2780,3,3,3,3,5,4,5,4,4,4,4,5,4,3.92,2,0,TRUE
Female,Loyal Customer,36,Business Travel,Business,187,0,5,0,4,3,5,5,3,3,5,5,4,3,3.46,0,12,TRUE
Male,Loyal Customer,70,Personal Travel,Eco,184,4,5,4,5,1,4,1,1,5,3,4,4,1,3.23,0,0,FALSE
Female,Disloyal Customer,54,Business Travel,Eco Plus,2537,3,3,3,4,3,3,3,4,4,2,4,3,3,3.23,0,0,FALSE
Male,Loyal Customer,51,Personal Travel,Eco,997,2,3,2,4,1,2,1,1,4,4,4,3,1,2.46,63,43,FALSE
Female,Loyal Customer,27,Personal Travel,Eco,896,2,5,1,5,1,1,1,1,4,3,4,4,1,2.54,0,0,FALSE
Male,Loyal Customer,36,Business Travel,Business,3860,2,5,5,5,3,4,4,2,2,2,2,1,2,3,0,39,FALSE
Female,Loyal Customer,19,Business Travel,Business,351,2,4,4,4,2,2,2,2,3,1,3,1,2,2.46,39,35,FALSE
Male,Loyal Customer,45,Business Travel,Business,2828,0,5,0,1,5,4,5,4,4,2,2,5,4,3.15,0,0,TRUE
Female,Loyal Customer,47,Business Travel,Business,1481,4,4,4,4,2,5,4,4,4,4,4,3,4,3.85,0,0,TRUE
Male,Loyal Customer,31,Business Travel,Business,2097,2,3,3,3,2,2,2,2,4,4,3,4,2,2.77,0,0,FALSE
Female,Loyal Customer,54,Personal Travel,Eco,201,2,4,2,1,1,1,3,3,3,2,3,2,1,2.15,4,13,FALSE
Male,Loyal Customer,48,Business Travel,Business,603,3,3,3,3,2,4,5,4,4,4,4,4,3,3.54,0,0,TRUE
Female,Loyal Customer,34,Business Travel,Business,1591,1,1,1,1,2,5,4,4,4,4,4,5,3,3,29,25,TRUE
Male,Loyal Customer,54,Personal Travel,Eco,1205,2,4,2,3,2,2,2,2,2,5,4,3,2,2.69,18,20,FALSE
Male,Loyal Customer,16,Personal Travel,Eco,1148,1,5,1,1,5,1,5,5,3,4,5,4,5,3.46,0,0,FALSE
Male,Disloyal Customer,22,Business Travel,Eco,550,4,0,3,4,2,3,2,2,4,5,5,5,2,3.15,0,0,TRUE
Male,Loyal Customer,32,Business Travel,Eco,986,2,1,1,1,2,2,2,2,3,2,4,4,2,2.15,99,111,FALSE
Male,Loyal Customer,25,Business Travel,Business,1211,3,3,3,3,4,4,4,4,5,5,4,4,4,3.85,0,0,TRUE
Female,Loyal Customer,30,Personal Travel,Eco,1773,2,5,3,3,5,3,5,5,4,4,5,4,5,4.08,0,0,FALSE
Female,Disloyal Customer,8,Business Travel,Eco,954,1,1,1,3,4,1,4,4,4,3,4,2,4,2.77,3,12,FALSE
Male,Disloyal Customer,37,Business Travel,Eco,846,3,3,3,1,2,3,2,2,4,5,4,4,2,2.92,46,91,FALSE
Male,Loyal Customer,41,Business Travel,Business,2112,4,4,4,4,4,5,4,5,5,5,5,3,3,4.23,0,0,TRUE
Female,Loyal Customer,42,Business Travel,Business,2176,5,5,5,5,4,4,5,5,5,5,5,3,5,4.69,0,0,TRUE
Male,Loyal Customer,45,Business Travel,Eco Plus,223,3,3,3,3,3,3,3,3,1,2,2,5,3,2.85,0,0,TRUE
Male,Disloyal Customer,23,Business Travel,Eco,606,1,4,1,4,2,1,2,2,4,5,4,1,2,2.54,21,13,FALSE
Male,Loyal Customer,27,Business Travel,Business,3641,2,1,1,1,2,2,2,2,2,4,2,3,2,2,0,0,FALSE
Male,Loyal Customer,41,Business Travel,Eco,641,2,3,3,3,2,2,2,2,1,5,5,4,2,2.77,47,39,TRUE
Male,Loyal Customer,29,Business Travel,Business,2013,2,2,2,2,2,2,2,2,1,4,3,3,2,2.23,0,0,FALSE
Male,Disloyal Customer,18,Business Travel,Eco,468,3,3,3,3,4,3,4,4,1,4,3,4,4,3.31,44,96,FALSE
Female,Loyal Customer,56,Business Travel,Business,2640,0,0,0,3,2,4,1,1,1,1,1,3,4,1.62,10,1,TRUE
Female,Loyal Customer,69,Personal Travel,Eco,190,3,4,3,1,3,5,5,4,4,3,2,3,5,3.46,0,0,FALSE
Male,Loyal Customer,37,Business Travel,Eco,332,3,5,5,5,3,5,3,3,1,4,5,2,3,3.62,0,0,TRUE
Male,Loyal Customer,49,Business Travel,Business,641,1,1,1,1,3,5,5,4,4,4,4,3,4,3.08,0,0,TRUE
Male,Loyal Customer,53,Personal Travel,Eco,666,3,3,3,4,4,3,4,4,1,2,3,1,4,3,2,0,FALSE
Female,Loyal Customer,34,Business Travel,Business,2205,2,2,2,2,3,1,2,4,4,4,4,4,3,2.85,1,0,TRUE
Male,Loyal Customer,40,Personal Travel,Eco,296,5,5,5,4,3,5,3,3,3,2,5,4,3,3.85,0,0,TRUE
Male,Loyal Customer,13,Personal Travel,Eco,383,3,2,3,3,4,3,4,4,1,4,2,1,4,2.92,0,0,FALSE
Male,Disloyal Customer,48,Business Travel,Eco,301,2,1,3,3,2,3,2,2,3,5,3,2,2,2.54,0,0,FALSE
Female,Disloyal Customer,21,Business Travel,Eco,796,0,0,0,1,4,0,4,4,3,5,2,2,4,2.23,0,0,TRUE
Male,Loyal Customer,11,Business Travel,Business,1943,4,4,4,4,4,4,4,4,3,4,5,5,4,4.08,0,0,TRUE
Female,Disloyal Customer,48,Business Travel,Business,1846,1,1,1,3,5,1,5,5,4,3,3,3,5,3.08,48,46,FALSE
Female,Loyal Customer,40,Personal Travel,Eco,612,3,5,3,2,3,3,2,3,5,2,4,3,3,3.15,0,2,FALSE
Female,Disloyal Customer,25,Business Travel,Eco,1242,2,2,2,3,4,2,4,4,2,3,4,1,4,2.85,0,0,FALSE
Male,Loyal Customer,56,Business Travel,Business,3705,1,1,1,1,3,4,4,4,4,4,4,3,4,2.92,0,0,TRUE
Female,Loyal Customer,45,Business Travel,Eco,944,2,3,3,3,1,4,4,2,2,2,2,1,4,2.54,0,0,FALSE
Male,Loyal Customer,55,Personal Travel,Business,214,4,4,4,3,4,4,4,1,1,4,1,3,3,3.08,0,14,FALSE
Male,Disloyal Customer,22,Business Travel,Business,1839,5,5,5,1,4,5,4,4,5,5,4,4,4,4.23,20,12,TRUE
Female,Loyal Customer,58,Personal Travel,Eco,273,3,5,3,3,1,4,2,2,2,3,2,5,3,2.92,0,0,FALSE
Male,Loyal Customer,39,Business Travel,Business,2398,5,5,5,5,4,5,5,4,4,4,4,5,4,4.54,0,4,TRUE
Male,Disloyal Customer,77,Business Travel,Eco,399,5,0,5,4,1,5,1,1,4,1,3,1,1,2.46,0,0,TRUE
Female,Loyal Customer,59,Business Travel,Business,2001,4,4,5,4,2,5,5,5,5,5,5,4,4,4.38,6,16,TRUE
Male,Loyal Customer,37,Business Travel,Business,1521,2,2,2,2,3,5,4,4,4,4,4,3,4,3.31,0,67,TRUE
Female,Loyal Customer,43,Business Travel,Business,626,5,5,4,5,2,4,5,5,5,5,5,1,3,4.15,66,43,TRUE
Female,Loyal Customer,41,Personal Travel,Eco,361,3,4,3,4,1,3,1,1,5,2,5,4,1,2.85,0,0,FALSE
Male,Loyal Customer,12,Personal Travel,Eco,157,0,5,0,3,1,0,1,1,5,3,4,5,1,2.23,0,0,TRUE
Female,Disloyal Customer,23,Business Travel,Business,102,2,1,2,3,2,2,2,2,3,3,4,4,2,2.46,0,9,FALSE
Female,Loyal Customer,43,Business Travel,Business,337,2,2,2,2,3,4,5,4,4,4,4,4,3,3.31,0,8,TRUE
Female,Disloyal Customer,24,Business Travel,Eco,416,5,0,5,1,5,5,5,5,2,4,5,2,5,3.77,0,0,TRUE
Female,Loyal Customer,53,Personal Travel,Eco,909,5,3,5,4,1,4,3,1,1,5,1,4,3,3.08,1,0,TRUE
Male,Loyal Customer,41,Business Travel,Business,3872,1,1,1,1,2,5,5,3,3,4,3,4,5,2.92,9,0,TRUE
Female,Loyal Customer,41,Personal Travel,Eco,601,3,1,3,3,3,3,3,3,1,5,4,3,3,2.92,0,0,FALSE
Female,Loyal Customer,33,Personal Travel,Eco,296,1,4,1,3,5,1,5,5,3,4,4,3,5,3.38,20,19,FALSE
Male,Loyal Customer,45,Business Travel,Eco,650,2,4,3,4,2,2,2,2,2,4,5,3,2,2.85,0,0,TRUE
Female,Loyal Customer,30,Personal Travel,Eco,229,1,1,1,3,2,1,2,2,1,3,4,1,2,1.85,0,0,FALSE
Male,Loyal Customer,42,Business Travel,Eco,1620,3,4,4,4,2,3,2,2,1,2,3,4,2,2.77,0,0,FALSE
Female,Loyal Customer,33,Personal Travel,Eco Plus,1166,4,5,4,3,4,4,4,4,5,2,5,5,4,4.08,0,0,FALSE
Male,Disloyal Customer,24,Business Travel,Eco,717,3,3,3,4,3,3,2,3,1,2,3,1,3,2.62,0,0,FALSE
Male,Loyal Customer,11,Personal Travel,Eco,404,2,5,2,5,2,2,2,2,4,2,4,3,2,2.85,0,0,FALSE
Female,Loyal Customer,30,Personal Travel,Eco,160,3,3,3,4,5,3,1,5,2,5,4,1,5,3.38,34,22,FALSE
Male,Loyal Customer,37,Business Travel,Business,3480,3,2,2,2,1,3,4,2,2,2,3,1,1,2.15,34,33,FALSE
Female,Loyal Customer,7,Personal Travel,Eco,675,2,4,2,3,5,2,5,5,3,2,5,4,5,3.62,0,0,FALSE
Female,Loyal Customer,29,Business Travel,Business,2100,2,5,5,5,2,2,2,2,2,5,3,1,2,2.92,0,5,FALSE
Female,Loyal Customer,37,Business Travel,Business,1013,3,3,3,3,1,4,3,3,3,3,3,2,3,2.85,0,0,FALSE
Male,Loyal Customer,49,Personal Travel,Eco,190,4,4,0,4,5,0,5,5,2,2,3,4,5,3.31,0,0,FALSE
Female,Disloyal Customer,28,Business Travel,Business,775,1,1,1,3,3,1,3,3,3,4,4,3,3,2.54,59,64,FALSE
Female,Loyal Customer,36,Business Travel,Business,187,2,2,2,2,5,5,4,5,5,5,5,5,5,4,0,23,TRUE
Male,Loyal Customer,38,Personal Travel,Eco,2454,4,1,4,4,4,4,4,4,1,1,4,4,4,3.31,0,0,TRUE
Male,Loyal Customer,54,Business Travel,Business,3850,5,3,5,5,4,4,4,4,3,4,4,4,4,4.08,333,325,TRUE
Male,Loyal Customer,45,Personal Travel,Eco Plus,692,2,1,2,4,1,2,1,1,1,2,3,3,1,1.85,0,0,FALSE
Male,Loyal Customer,41,Business Travel,Eco,1825,4,3,3,3,4,4,4,4,1,3,4,5,4,3.54,1,0,TRUE
Female,Disloyal Customer,38,Business Travel,Eco,817,3,3,3,4,4,3,4,4,2,4,3,1,4,3.23,0,0,FALSE
Female,Loyal Customer,54,Personal Travel,Eco Plus,157,3,4,3,4,3,4,5,2,2,3,2,3,4,3.23,42,40,FALSE
Male,Loyal Customer,63,Personal Travel,Eco,409,0,5,0,1,4,0,4,4,4,4,4,4,4,2.92,0,0,TRUE
Male,Loyal Customer,37,Business Travel,Eco,606,3,5,5,5,3,3,3,3,3,1,2,3,3,3.23,0,0,FALSE
Male,Disloyal Customer,37,Business Travel,Business,515,2,2,2,2,5,2,4,5,5,2,5,5,5,3.54,18,43,FALSE
Male,Loyal Customer,62,Personal Travel,Eco,1597,4,5,4,3,4,4,2,4,4,2,4,3,4,3.62,2,0,FALSE
Male,Loyal Customer,38,Business Travel,Business,2239,1,1,1,1,4,2,1,4,4,4,3,5,4,2.69,0,5,TRUE
Male,Loyal Customer,65,Personal Travel,Eco,420,4,3,4,4,4,4,3,4,2,1,3,1,4,3.15,0,0,FALSE
Male,Loyal Customer,52,Business Travel,Business,1449,1,1,1,1,3,5,5,2,2,3,2,5,4,2.69,8,0,TRUE
Female,Loyal Customer,43,Business Travel,Business,406,1,0,0,3,1,3,4,3,3,0,3,2,1,1.85,0,2,FALSE
Male,Loyal Customer,67,Personal Travel,Eco,562,4,2,4,4,2,4,2,2,4,3,4,1,2,2.92,0,0,FALSE
Male,Loyal Customer,60,Business Travel,Business,197,5,5,5,5,4,5,4,4,4,4,5,5,4,4.54,26,9,TRUE
Male,Loyal Customer,51,Personal Travel,Eco,1045,1,4,1,2,1,1,1,1,2,1,5,4,1,1.92,0,0,FALSE
Female,Loyal Customer,63,Personal Travel,Eco,516,2,5,2,3,2,5,3,5,5,2,5,4,1,3.38,0,0,FALSE
Male,Loyal Customer,43,Business Travel,Business,2799,3,1,2,1,4,2,3,3,3,3,3,3,3,2.62,0,0,FALSE
Male,Loyal Customer,41,Business Travel,Eco Plus,674,4,2,2,2,4,4,4,4,1,3,4,2,4,3.08,12,5,TRUE
Male,Loyal Customer,19,Personal Travel,Eco,762,3,4,3,3,5,3,5,5,5,3,5,3,5,4,17,12,FALSE
Female,Loyal Customer,50,Business Travel,Business,3359,4,4,3,4,4,4,4,5,5,5,5,3,3,4.08,12,8,TRUE
Male,Loyal Customer,40,Business Travel,Eco,237,4,1,1,1,4,4,4,4,1,5,2,4,4,3,0,0,FALSE
Female,Loyal Customer,28,Business Travel,Eco,762,0,0,0,4,1,0,1,1,3,4,4,5,1,1.85,0,0,TRUE
Male,Loyal Customer,7,Personal Travel,Eco,312,3,4,3,2,5,3,5,5,3,5,4,3,5,3.85,96,91,FALSE
Male,Disloyal Customer,18,Business Travel,Eco,874,2,2,2,3,1,2,1,1,5,2,2,4,1,2.15,27,32,FALSE
Female,Loyal Customer,44,Business Travel,Business,2565,2,2,3,2,5,5,5,3,4,4,5,5,5,3.85,0,5,TRUE
Male,Loyal Customer,54,Business Travel,Business,641,5,5,5,5,5,5,5,3,5,4,5,5,5,4.77,141,190,TRUE
Male,Disloyal Customer,30,Business Travel,Business,733,2,2,2,4,3,2,3,3,4,3,4,5,3,3.08,81,61,FALSE
Male,Disloyal Customer,22,Business Travel,Business,109,4,0,4,2,5,4,5,5,4,5,5,4,5,4,3,7,TRUE
Female,Loyal Customer,57,Business Travel,Business,1916,3,3,3,3,4,4,3,3,3,3,3,4,2,3.15,0,0,FALSE
Female,Loyal Customer,48,Personal Travel,Eco,818,3,3,3,2,2,5,4,1,1,3,1,1,4,2.54,0,16,FALSE
Male,Disloyal Customer,25,Business Travel,Eco,1407,3,3,3,3,4,3,4,4,4,5,3,2,4,3.46,0,0,FALSE
Female,Loyal Customer,67,Business Travel,Eco,793,1,2,2,2,2,3,4,2,2,1,2,4,1,2.15,58,47,FALSE
Male,Disloyal Customer,39,Business Travel,Business,481,1,1,1,4,3,1,3,3,4,4,4,3,3,2.69,7,16,FALSE
Female,Loyal Customer,54,Personal Travel,Eco,833,3,5,4,1,5,4,4,3,3,4,3,5,4,3.69,0,0,FALSE
Male,Disloyal Customer,25,Business Travel,Business,594,4,0,3,2,4,3,5,4,3,5,4,3,4,3.38,0,0,TRUE
Female,Disloyal Customer,21,Business Travel,Eco,808,1,2,2,4,2,2,2,2,4,2,4,3,2,2.46,0,0,FALSE
Female,Loyal Customer,60,Personal Travel,Business,2349,2,1,2,3,3,4,4,2,2,2,3,3,3,2.62,0,0,FALSE
Female,Loyal Customer,29,Business Travel,Business,3121,1,5,5,5,1,1,1,1,3,5,4,2,1,2.69,0,0,FALSE
Male,Disloyal Customer,22,Business Travel,Eco,516,2,0,2,1,1,2,1,1,5,5,1,2,1,1.85,37,31,FALSE
Male,Loyal Customer,49,Business Travel,Business,1546,2,2,2,2,5,4,4,5,2,5,5,4,4,3.54,266,281,TRUE
Male,Loyal Customer,50,Business Travel,Eco,1189,2,2,2,2,2,2,2,1,3,4,3,2,2,2.23,186,201,FALSE
Male,Loyal Customer,22,Business Travel,Eco Plus,317,3,3,3,3,3,3,1,3,1,3,3,3,3,2.69,70,71,FALSE
Male,Loyal Customer,56,Business Travel,Business,248,2,2,2,2,5,5,5,4,4,4,4,3,5,3.62,0,0,TRUE
Female,Loyal Customer,52,Business Travel,Business,329,1,3,3,3,2,3,3,1,1,2,1,1,1,1.92,2,0,FALSE
Female,Loyal Customer,60,Personal Travel,Eco Plus,438,2,4,2,3,2,4,4,5,5,2,5,5,3,3.54,0,0,FALSE
Male,Loyal Customer,57,Business Travel,Business,2184,1,1,1,1,3,4,4,5,5,5,5,4,4,3.31,41,41,TRUE
Female,Loyal Customer,51,Business Travel,Business,1400,5,5,4,5,4,5,5,4,4,5,4,3,5,4.46,18,35,TRUE
Male,Disloyal Customer,46,Business Travel,Business,1440,3,4,4,2,4,3,4,4,4,3,5,5,4,3.77,41,36,FALSE
Female,Loyal Customer,70,Personal Travel,Eco,787,3,3,3,5,2,1,3,4,4,3,4,4,4,3.31,2,0,FALSE
Female,Loyal Customer,31,Business Travel,Business,594,5,5,5,5,3,3,3,3,4,5,5,4,3,4.08,1,0,TRUE
Female,Loyal Customer,21,Business Travel,Business,3135,3,1,1,1,3,3,3,3,2,2,3,2,3,2.31,0,0,FALSE
Female,Loyal Customer,55,Personal Travel,Eco,1024,3,4,3,2,2,4,4,2,2,3,2,4,5,3.08,13,4,FALSE
Female,Loyal Customer,57,Personal Travel,Eco,602,1,5,1,1,1,1,2,2,2,1,2,1,3,1.77,17,22,FALSE
Female,Loyal Customer,28,Business Travel,Business,1535,3,3,5,3,4,4,4,4,5,5,4,5,4,4.08,0,0,TRUE
Female,Loyal Customer,57,Business Travel,Business,1337,2,2,2,2,5,4,4,3,3,4,3,4,5,3.31,0,0,TRUE
Female,Loyal Customer,65,Business Travel,Business,2592,5,5,5,5,5,3,5,4,4,4,4,4,2,4.23,0,0,TRUE
Male,Loyal Customer,13,Personal Travel,Eco,1175,1,3,0,4,4,0,4,4,4,2,2,4,4,2.77,0,0,FALSE
Male,Loyal Customer,39,Business Travel,Business,1452,3,1,1,1,2,3,4,3,3,3,3,2,4,2.54,13,0,FALSE
Male,Loyal Customer,60,Personal Travel,Eco,358,3,4,5,2,1,5,1,1,5,4,4,5,1,3.15,57,43,FALSE
Female,Loyal Customer,23,Personal Travel,Eco,888,2,4,2,5,3,2,3,3,3,3,4,4,3,3.15,59,56,FALSE
Male,Loyal Customer,62,Business Travel,Business,363,4,5,5,5,3,4,3,4,4,4,4,2,2,3.77,0,0,FALSE
Male,Loyal Customer,47,Business Travel,Eco,1046,5,2,2,2,5,5,5,5,4,2,5,5,5,4,36,31,TRUE
Male,Loyal Customer,25,Personal Travel,Eco,337,5,5,5,3,3,5,3,3,3,4,5,4,3,3.92,0,0,TRUE
Female,Disloyal Customer,43,Business Travel,Business,650,4,4,4,1,5,4,5,5,5,3,4,3,5,4,0,0,FALSE
Female,Disloyal Customer,16,Business Travel,Eco Plus,264,3,5,2,1,1,2,1,1,2,2,5,2,1,2.15,0,0,FALSE
Female,Loyal Customer,37,Business Travel,Business,3985,0,0,0,3,5,2,4,4,4,4,4,1,3,2.62,0,0,TRUE
Female,Disloyal Customer,21,Business Travel,Eco,873,2,2,2,3,3,2,1,3,3,5,2,1,3,2.46,7,0,FALSE
Female,Loyal Customer,51,Business Travel,Business,102,0,4,0,1,5,4,5,3,3,3,3,4,4,3,0,0,TRUE
Male,Loyal Customer,33,Business Travel,Business,2330,3,3,5,3,3,2,3,3,1,4,4,1,3,2.92,66,55,FALSE
Male,Loyal Customer,57,Personal Travel,Eco,814,4,5,4,1,4,4,4,4,3,5,4,3,4,3.77,0,0,FALSE
Female,Disloyal Customer,37,Business Travel,Eco,190,2,3,2,3,1,2,1,1,1,3,4,2,1,2,77,67,FALSE
Male,Loyal Customer,43,Business Travel,Business,888,3,3,3,3,3,5,5,5,5,5,5,4,4,4.08,0,0,TRUE
Female,Disloyal Customer,39,Business Travel,Business,547,1,1,1,3,3,1,3,3,1,3,4,3,3,2.31,1,0,FALSE
Female,Loyal Customer,25,Business Travel,Business,979,4,1,3,1,4,4,4,4,3,4,3,4,4,3.31,15,8,FALSE
Male,Loyal Customer,44,Business Travel,Business,834,2,2,2,2,3,3,3,4,4,4,4,2,5,3.08,0,4,TRUE
Female,Loyal Customer,62,Business Travel,Business,292,2,2,2,2,4,1,2,5,5,5,5,3,4,3.23,0,0,TRUE
Female,Loyal Customer,59,Personal Travel,Eco,719,3,5,3,3,4,4,5,2,2,3,2,4,5,3.46,0,11,FALSE
Male,Disloyal Customer,25,Business Travel,Eco,771,3,3,3,2,2,3,1,2,5,2,2,5,2,2.69,0,0,FALSE
Female,Loyal Customer,12,Personal Travel,Business,1587,3,4,3,4,1,3,1,1,3,5,3,5,1,2.85,3,0,FALSE
Male,Disloyal Customer,79,Business Travel,Eco,797,2,2,2,4,2,2,4,2,2,1,3,5,2,2.54,0,0,FALSE
Male,Loyal Customer,43,Business Travel,Business,2116,1,1,1,1,2,4,5,5,5,5,5,4,1,3.08,0,0,TRUE
Male,Disloyal Customer,38,Business Travel,Business,280,3,3,3,3,4,3,4,4,1,2,3,2,4,3,0,17,FALSE
Female,Loyal Customer,46,Business Travel,Business,2357,3,3,3,3,5,5,4,4,4,4,4,5,5,4,0,0,TRUE
Female,Loyal Customer,32,Business Travel,Business,2486,2,1,1,1,2,2,2,2,2,2,4,1,2,1.85,0,0,FALSE
Female,Loyal Customer,15,Business Travel,Business,1661,4,4,4,4,5,5,5,5,4,4,5,4,5,4.46,5,5,TRUE
Male,Disloyal Customer,25,Business Travel,Eco,110,2,3,2,3,4,2,4,4,2,2,2,1,4,2.69,4,29,FALSE
Male,Loyal Customer,26,Personal Travel,Eco,116,3,2,3,3,4,3,4,4,3,3,3,1,4,3.08,98,97,FALSE
Male,Loyal Customer,35,Business Travel,Eco,862,1,4,4,4,1,1,1,1,2,3,3,3,1,2.23,1,0,FALSE
Female,Disloyal Customer,38,Business Travel,Eco,342,4,1,4,3,2,4,4,2,4,2,4,1,2,2.85,0,1,TRUE
Female,Loyal Customer,38,Business Travel,Business,2050,1,1,1,1,3,3,4,5,5,5,5,5,4,3.31,0,0,TRUE
Male,Loyal Customer,51,Business Travel,Business,1620,4,4,4,4,4,4,4,4,4,4,4,4,5,4.08,0,0,TRUE
Male,Loyal Customer,43,Personal Travel,Eco,406,2,5,2,4,4,2,2,4,2,1,2,3,4,2.85,0,0,FALSE
Female,Loyal Customer,36,Personal Travel,Eco,624,4,5,4,3,1,4,1,1,5,2,1,5,1,2.85,0,0,TRUE
Female,Disloyal Customer,24,Business Travel,Eco Plus,627,1,0,1,4,4,1,4,4,2,1,4,3,4,2.54,0,,FALSE
Male,Loyal Customer,59,Business Travel,Business,417,1,1,1,1,3,4,4,4,4,4,4,5,5,3.15,0,0,TRUE
Female,Loyal Customer,51,Business Travel,Business,2552,4,4,4,4,2,5,4,5,5,4,5,3,5,4.15,0,0,TRUE
Female,Loyal Customer,40,Business Travel,Business,495,4,4,4,4,1,5,1,2,2,2,2,5,2,2.92,70,75,TRUE
Male,Disloyal Customer,45,Business Travel,Eco,462,5,0,5,4,3,0,3,3,5,1,1,3,3,2.77,0,36,TRUE
Male,Disloyal Customer,35,Business Travel,Business,2586,1,1,1,2,1,5,5,5,2,4,5,5,5,3.23,33,22,FALSE
Male,Disloyal Customer,22,Business Travel,Business,624,0,0,0,2,3,0,3,3,5,2,4,5,3,2.31,81,94,TRUE
Male,Loyal Customer,12,Business Travel,Eco,612,2,3,3,3,2,2,1,2,4,3,2,2,2,2.38,9,3,FALSE
Male,Loyal Customer,19,Business Travel,Business,2905,4,4,4,4,4,4,4,4,5,4,4,3,4,4,0,0,TRUE
Female,Disloyal Customer,52,Business Travel,Business,930,2,2,2,3,2,2,2,2,5,4,4,3,2,2.69,0,0,TRUE
Female,Disloyal Customer,27,Business Travel,Business,1005,2,2,2,5,3,2,3,3,4,5,4,4,3,3.23,0,0,FALSE
Male,Loyal Customer,33,Business Travel,Business,2764,4,4,4,4,5,5,5,5,5,1,1,3,5,3.92,6,0,TRUE
Female,Disloyal Customer,58,Business Travel,Business,316,3,4,4,1,3,3,3,3,3,4,4,3,3,3.15,0,0,TRUE
Male,Loyal Customer,63,Personal Travel,Eco,1091,3,5,3,3,1,3,2,1,5,5,5,4,1,3.15,21,7,FALSE
Male,Loyal Customer,25,Business Travel,Business,1546,3,3,3,3,3,3,3,3,1,3,4,1,3,2.77,0,0,FALSE
Male,Loyal Customer,31,Business Travel,Business,3716,2,1,2,2,4,4,4,4,3,4,4,4,4,3.23,13,4,TRUE
Female,Loyal Customer,27,Business Travel,Eco,651,4,2,3,2,4,4,4,4,4,5,4,2,4,3.54,0,0,TRUE
Female,Loyal Customer,54,Personal Travel,Eco,838,2,4,2,1,2,5,4,2,2,2,2,3,5,2.77,0,0,FALSE
Male,Loyal Customer,31,Personal Travel,Eco,1428,2,4,2,3,1,2,1,1,4,4,5,3,1,2.54,0,17,FALSE
Female,Disloyal Customer,20,Business Travel,Eco,101,0,4,0,4,2,0,1,2,5,5,3,1,2,2.23,4,9,TRUE
Female,Disloyal Customer,36,Business Travel,Business,1065,3,4,4,3,2,4,1,2,4,5,5,4,2,3.31,0,0,FALSE
Male,Disloyal Customer,26,Business Travel,Business,946,4,4,4,1,2,4,2,2,3,4,5,5,2,3.23,0,0,TRUE
Male,Loyal Customer,18,Personal Travel,Eco,612,1,4,1,3,1,1,1,1,4,3,5,3,1,2.23,15,3,FALSE
Male,Loyal Customer,41,Business Travel,Eco Plus,1020,2,4,4,4,2,2,2,2,1,3,3,2,2,2.54,0,14,FALSE
Male,Loyal Customer,39,Business Travel,Business,2584,2,2,2,2,5,5,5,5,5,5,5,5,5,4.08,0,0,TRUE
Male,Loyal Customer,33,Personal Travel,Eco,2677,1,2,2,3,4,2,4,4,1,4,4,2,4,2.85,0,0,FALSE
Male,Loyal Customer,60,Personal Travel,Eco,231,2,4,2,4,3,2,3,3,3,4,3,2,3,2.92,23,11,FALSE
Male,Disloyal Customer,24,Business Travel,Eco,237,4,1,4,4,3,4,4,3,3,2,3,4,3,3.23,0,0,FALSE
Female,Disloyal Customer,27,Business Travel,Eco,1364,3,3,3,3,1,3,1,1,4,1,3,3,1,2.31,4,0,FALSE
Female,Loyal Customer,46,Business Travel,Business,337,3,3,2,3,5,5,4,4,4,4,4,5,5,3.92,0,0,TRUE
Female,Loyal Customer,53,Business Travel,Business,3693,1,1,1,1,1,4,3,1,1,1,1,1,3,1.54,0,0,FALSE
Male,Loyal Customer,51,Business Travel,Business,977,4,4,4,4,2,4,4,4,4,4,4,3,4,3.77,13,5,TRUE
Female,Loyal Customer,32,Business Travel,Business,912,4,4,4,4,4,4,4,4,3,4,4,4,4,3.92,0,0,TRUE
Female,Loyal Customer,59,Business Travel,Eco Plus,164,5,4,4,4,5,2,3,4,4,5,4,3,5,4,0,0,TRUE
Female,Disloyal Customer,24,Business Travel,Eco,144,4,4,4,4,4,4,4,4,1,3,4,2,4,3.54,0,24,FALSE
Female,Disloyal Customer,22,Business Travel,Eco,479,2,1,3,3,3,3,3,3,2,1,3,4,3,2.62,22,20,FALSE
Female,Disloyal Customer,15,Business Travel,Eco,570,2,0,2,4,3,2,3,3,3,2,3,2,3,2.46,3,12,FALSE
Male,Loyal Customer,46,Business Travel,Business,2139,2,2,2,2,3,4,4,4,4,4,4,5,4,3.38,0,0,TRUE
Male,Loyal Customer,68,Personal Travel,Eco,475,4,5,4,3,4,4,4,4,1,3,5,4,4,3.77,0,20,FALSE
Female,Loyal Customer,65,Personal Travel,Eco,570,0,4,1,2,2,5,5,2,2,1,2,3,4,2.54,0,0,TRUE
Female,Loyal Customer,23,Business Travel,Business,383,2,3,3,3,2,2,2,2,4,5,3,3,2,2.77,0,0,FALSE
Female,Loyal Customer,45,Business Travel,Business,1979,2,2,2,2,5,5,5,4,4,4,4,5,4,3.69,0,0,TRUE
Male,Disloyal Customer,37,Business Travel,Eco,337,3,0,3,3,2,3,2,2,3,2,4,4,2,2.54,0,0,FALSE
Male,Loyal Customer,50,Personal Travel,Eco,151,2,5,2,3,5,2,5,5,3,5,4,3,5,3.77,1,0,FALSE
Male,Loyal Customer,49,Business Travel,Business,2890,1,1,1,1,3,5,5,5,5,5,4,5,3,3.38,68,81,TRUE
Female,Loyal Customer,53,Personal Travel,Eco,990,3,5,3,3,3,5,4,5,5,3,2,3,5,3.77,0,0,FALSE
Male,Disloyal Customer,48,Business Travel,Eco,838,2,2,2,4,5,2,5,5,3,2,3,3,5,3.31,25,25,FALSE
Male,Loyal Customer,37,Personal Travel,Eco,679,2,5,2,2,2,4,4,4,5,5,4,4,4,3.62,174,161,FALSE
Female,Loyal Customer,43,Business Travel,Business,373,1,1,1,1,5,3,3,4,4,4,4,1,4,2.77,0,0,TRUE
Male,Loyal Customer,54,Personal Travel,Eco,255,2,5,2,2,1,2,2,1,3,3,4,3,1,2.38,0,0,FALSE
Male,Loyal Customer,46,Personal Travel,Eco,1211,2,1,1,3,1,1,1,1,1,5,4,3,1,1.92,46,38,FALSE
Male,Loyal Customer,30,Business Travel,Business,2015,1,1,3,1,4,4,4,4,3,1,4,5,4,3,55,33,TRUE
Female,Loyal Customer,36,Business Travel,Business,1676,4,4,4,4,3,4,5,5,5,5,5,4,3,4.23,0,5,TRUE
Female,Loyal Customer,64,Personal Travel,Eco,255,2,3,2,3,5,2,2,4,4,2,4,3,3,3,0,0,FALSE
Male,Loyal Customer,44,Personal Travel,Eco,541,4,5,4,3,1,4,1,1,2,4,5,5,1,3.08,8,0,FALSE
Male,Loyal Customer,40,Business Travel,Business,3070,2,2,2,2,2,5,4,4,4,4,4,3,5,3.31,4,0,TRUE
Female,Loyal Customer,21,Personal Travel,Business,483,1,0,1,1,1,1,1,1,3,5,4,4,1,1.85,0,12,FALSE
Female,Loyal Customer,64,Personal Travel,Eco,236,3,5,3,2,5,4,5,4,4,3,4,5,5,4,53,48,FALSE
Male,Loyal Customer,39,Personal Travel,Eco,374,1,5,1,3,3,1,3,3,5,5,2,4,3,3,0,0,FALSE
Female,Loyal Customer,43,Personal Travel,Eco,2446,2,4,1,3,2,3,3,4,4,1,4,3,4,2.92,0,0,FALSE
Female,Loyal Customer,19,Personal Travel,Eco Plus,273,3,2,3,3,1,3,1,1,1,2,2,2,1,1.92,0,0,FALSE
Male,Loyal Customer,44,Business Travel,Eco Plus,762,4,3,3,3,4,4,4,4,1,5,4,2,4,3.46,32,53,TRUE
Female,Loyal Customer,37,Business Travel,Business,1089,5,5,5,5,3,5,5,4,4,4,4,5,4,4.46,0,0,TRUE
Female,Disloyal Customer,25,Business Travel,Eco,811,3,3,3,3,4,3,4,4,1,2,1,4,4,3,9,0,FALSE
Male,Loyal Customer,69,Business Travel,Eco,1533,3,3,3,3,3,3,3,3,4,1,4,4,3,3.08,0,14,FALSE
Male,Disloyal Customer,38,Business Travel,Business,2454,3,4,4,1,4,2,2,5,5,5,5,2,2,3.38,0,0,FALSE
Male,Loyal Customer,66,Personal Travel,Eco,1034,3,4,2,2,2,2,2,2,4,2,5,3,2,2.69,22,9,FALSE
Female,Loyal Customer,61,Personal Travel,Eco,1041,0,4,0,3,4,4,4,4,4,0,4,5,3,3,0,0,TRUE
Female,Loyal Customer,34,Business Travel,Eco Plus,2797,3,1,1,1,4,3,3,5,2,4,2,3,3,2.69,37,29,TRUE
Male,Loyal Customer,23,Business Travel,Business,1907,3,3,3,3,4,4,4,4,1,3,2,3,4,3.15,0,0,TRUE
Female,Loyal Customer,61,Personal Travel,Eco,1846,0,3,0,4,1,3,3,4,4,0,3,2,3,2.31,0,0,TRUE
Male,Loyal Customer,46,Business Travel,Business,2422,4,4,3,4,2,4,4,4,4,4,4,5,5,3.92,26,18,TRUE
Female,Loyal Customer,52,Business Travel,Business,1204,4,4,4,4,5,4,4,4,4,4,4,4,3,4,10,28,TRUE
Female,Disloyal Customer,29,Business Travel,Eco,305,2,4,2,4,5,2,5,5,2,4,3,2,5,3.46,39,30,FALSE
Female,Loyal Customer,27,Business Travel,Business,2454,4,2,2,2,4,4,4,3,2,3,2,4,4,3.08,0,0,FALSE
Male,Disloyal Customer,20,Business Travel,Eco,431,2,0,1,3,2,1,2,2,4,3,5,4,2,2.38,0,0,FALSE
Female,Loyal Customer,53,Personal Travel,Eco,646,1,4,1,2,5,2,1,4,4,1,4,5,2,2.77,0,0,FALSE
Female,Loyal Customer,56,Business Travel,Business,2917,1,1,1,1,5,5,5,5,2,5,5,5,5,3.54,54,45,TRUE
Female,Loyal Customer,40,Business Travel,Business,925,5,5,5,5,4,5,5,5,5,5,5,3,4,4.69,0,0,TRUE
Female,Disloyal Customer,23,Business Travel,Eco,544,1,4,1,3,3,1,3,3,3,4,3,1,3,2.54,0,7,FALSE
Male,Loyal Customer,18,Personal Travel,Eco,1204,2,3,2,3,4,2,4,4,4,4,1,3,4,3.08,62,49,FALSE
Male,Loyal Customer,50,Personal Travel,Eco,762,2,4,2,4,1,2,1,1,4,2,5,5,1,2.62,14,18,FALSE
Female,Loyal Customer,29,Personal Travel,Eco,370,4,3,4,2,4,4,4,4,3,4,4,3,4,3.62,0,0,FALSE
Male,Loyal Customer,13,Business Travel,Business,1769,1,1,1,1,4,4,4,4,4,5,5,4,4,3.23,22,66,TRUE
Male,Loyal Customer,79,Business Travel,Eco,247,4,1,1,1,5,4,5,5,4,3,4,3,5,3.46,0,0,TRUE
Male,Loyal Customer,55,Business Travel,Business,2729,0,5,0,5,5,2,4,1,1,1,1,4,4,2.54,0,6,TRUE
Male,Loyal Customer,48,Business Travel,Business,3493,5,1,5,5,2,3,5,5,5,5,5,5,5,4.31,0,0,TRUE
Male,Loyal Customer,15,Personal Travel,Eco,328,1,5,4,3,1,4,1,1,4,5,5,5,1,3.08,0,0,FALSE
Female,Loyal Customer,8,Business Travel,Eco Plus,779,4,5,5,5,4,1,4,2,2,3,3,4,4,3.54,244,259,FALSE
Female,Loyal Customer,15,Personal Travel,Eco,331,3,4,3,5,4,3,4,4,3,1,2,2,4,3.23,4,16,FALSE
Female,Loyal Customer,53,Business Travel,Business,3935,0,0,0,3,5,5,4,4,4,4,4,5,4,3.23,0,0,TRUE
Female,Disloyal Customer,35,Business Travel,Eco,590,1,2,1,3,3,1,3,3,3,2,4,4,3,2.54,24,43,FALSE
Female,Loyal Customer,55,Business Travel,Eco,771,1,4,4,4,3,3,3,1,1,1,1,2,3,2.38,0,0,FALSE
Female,Loyal Customer,24,Personal Travel,Eco,2565,2,5,2,2,2,4,2,5,5,3,2,2,2,2.92,4,0,FALSE
Female,Loyal Customer,38,Business Travel,Business,1010,3,3,3,3,5,4,5,4,4,4,4,4,4,3.85,0,0,TRUE
Female,Loyal Customer,42,Business Travel,Business,2977,2,2,2,2,4,4,4,5,5,4,5,5,5,3.77,0,0,TRUE
Female,Loyal Customer,56,Business Travel,Business,328,2,2,4,2,2,5,5,5,5,5,5,1,5,3.69,0,0,TRUE
Male,Loyal Customer,33,Business Travel,Business,2519,4,4,4,4,4,4,4,3,5,1,2,4,4,3.62,0,4,TRUE
Female,Loyal Customer,50,Business Travel,Business,2657,2,2,2,2,5,5,4,4,4,4,4,3,3,3.38,0,0,TRUE
Male,Loyal Customer,60,Personal Travel,Eco,328,0,2,0,3,1,0,1,1,1,5,3,2,1,1.54,0,0,TRUE
Male,Loyal Customer,55,Personal Travel,Eco,280,3,4,3,4,3,3,3,3,3,4,3,1,3,3.08,52,63,FALSE
Male,Loyal Customer,48,Personal Travel,Eco,1956,3,4,3,3,3,3,3,3,4,4,3,4,3,3.31,0,0,FALSE
Male,Loyal Customer,52,Business Travel,Business,414,5,5,5,5,3,5,5,5,5,4,5,5,3,4.62,2,0,TRUE
Male,Disloyal Customer,20,Business Travel,Eco,637,4,0,4,2,4,4,4,4,4,4,4,3,4,3.46,0,0,FALSE
Male,Loyal Customer,61,Personal Travel,Eco,533,1,5,1,3,2,1,1,2,4,4,4,5,2,2.69,34,29,FALSE
Female,Disloyal Customer,49,Business Travel,Business,1067,1,0,0,2,4,1,4,4,5,2,4,4,4,2.69,0,0,FALSE
Female,Loyal Customer,57,Business Travel,Business,646,4,4,4,4,2,4,4,4,4,4,4,3,5,3.85,0,2,TRUE
Male,Loyal Customer,66,Personal Travel,Business,820,3,5,3,2,1,1,3,3,3,3,3,5,1,2.77,40,77,FALSE
Female,Loyal Customer,55,Personal Travel,Eco,502,4,5,4,3,3,5,5,5,5,4,5,4,4,4.31,0,22,FALSE
Female,Loyal Customer,50,Personal Travel,Eco,1979,2,4,2,4,5,5,3,4,4,2,4,4,2,3.46,8,48,FALSE
Male,Disloyal Customer,57,Business Travel,Eco,250,3,5,3,3,5,3,5,5,2,4,3,3,5,3.77,0,0,FALSE
Male,Loyal Customer,44,Business Travel,Business,434,4,5,5,5,3,3,4,4,4,4,4,4,2,3.92,9,2,FALSE
Female,Disloyal Customer,22,Business Travel,Eco,928,3,3,3,3,1,3,1,1,4,5,4,4,1,2.77,12,0,TRUE
Female,Disloyal Customer,24,Business Travel,Business,737,5,4,5,3,5,5,4,5,3,3,5,3,5,4.23,22,43,TRUE
Female,Loyal Customer,38,Personal Travel,Eco,300,3,3,1,4,2,1,3,2,1,3,3,4,2,2.46,0,0,FALSE
Female,Disloyal Customer,41,Business Travel,Business,351,2,2,2,2,1,2,1,1,3,4,5,5,1,2.38,10,0,TRUE
Male,Loyal Customer,41,Business Travel,Business,3108,3,3,3,3,2,4,5,4,4,4,4,3,5,3.62,17,22,TRUE
Male,Loyal Customer,15,Personal Travel,Eco,1749,3,3,3,3,3,3,4,3,2,1,4,3,3,2.92,0,0,FALSE
Female,Loyal Customer,70,Personal Travel,Eco,862,3,4,3,5,3,2,1,1,1,3,2,1,5,2.62,0,0,FALSE
Male,Disloyal Customer,26,Business Travel,Business,373,5,0,5,2,2,5,2,2,4,5,5,3,2,3.23,48,48,TRUE
Male,Loyal Customer,35,Business Travel,Business,590,3,3,3,3,1,3,3,3,3,3,3,2,4,2.85,0,0,FALSE
Female,Loyal Customer,49,Personal Travel,Eco,1145,2,5,2,2,4,3,5,2,2,2,2,3,3,2.85,0,0,FALSE
Male,Loyal Customer,49,Personal Travel,Eco,337,2,2,2,3,3,2,3,3,2,2,3,1,3,2.38,0,0,FALSE
Female,Loyal Customer,25,Personal Travel,Eco,978,1,5,1,2,1,1,1,1,5,3,4,5,1,2.38,0,0,FALSE
Male,Loyal Customer,32,Personal Travel,Eco,562,3,3,3,1,1,3,4,1,3,5,1,1,1,2.31,0,0,FALSE
Female,Loyal Customer,66,Personal Travel,Eco,1204,4,1,4,3,3,4,3,4,4,4,4,4,3,3.46,56,38,FALSE
Female,Loyal Customer,43,Business Travel,Business,1764,4,4,4,4,4,4,4,4,4,4,4,5,3,4,0,0,TRUE
Male,Loyal Customer,43,Personal Travel,Eco,1440,3,4,3,4,3,3,3,3,4,4,4,4,3,3.46,0,0,FALSE
Female,Loyal Customer,38,Business Travel,Business,421,3,4,3,3,2,5,5,4,4,5,4,3,3,3.69,0,6,TRUE
Female,Loyal Customer,11,Personal Travel,Eco,1014,4,4,4,4,3,4,1,3,3,3,2,2,3,3.08,0,0,FALSE
Male,Loyal Customer,51,Business Travel,Eco,621,4,1,2,2,4,4,4,4,1,4,3,1,4,2.92,17,10,FALSE
Male,Disloyal Customer,44,Business Travel,Eco,304,1,2,1,4,5,1,5,5,4,3,4,1,5,3.15,34,36,FALSE
Male,Disloyal Customer,27,Business Travel,Business,843,3,3,3,3,1,3,1,1,5,5,5,3,1,2.85,17,14,FALSE
Female,Loyal Customer,57,Personal Travel,Eco,937,1,5,1,1,5,5,4,4,4,1,5,4,5,3.46,3,0,FALSE
Female,Loyal Customer,39,Business Travel,Eco,160,4,3,3,3,4,4,4,4,3,4,2,5,4,3.62,0,0,TRUE
Male,Loyal Customer,41,Business Travel,Eco Plus,213,4,3,4,3,4,4,4,4,2,5,4,2,4,3.62,21,19,FALSE
Male,Loyal Customer,13,Personal Travel,Eco Plus,678,2,5,2,4,5,2,1,5,3,3,5,3,5,3.46,10,16,FALSE
Female,Loyal Customer,12,Personal Travel,Eco,1972,3,1,3,4,3,3,3,3,2,1,3,3,3,2.69,39,28,FALSE
Female,Loyal Customer,28,Business Travel,Business,1709,2,2,2,2,4,4,4,4,3,2,5,5,4,3.31,3,0,TRUE
Male,Loyal Customer,40,Business Travel,Eco Plus,137,4,1,1,1,4,4,4,4,4,4,3,5,4,3.31,56,39,TRUE
Male,Loyal Customer,40,Personal Travel,Eco,328,2,0,2,1,2,2,2,2,3,5,4,4,2,2.38,1,8,FALSE
Female,Loyal Customer,27,Business Travel,Eco,991,3,5,5,5,3,4,3,3,1,2,1,5,3,3.31,75,59,TRUE
Female,Loyal Customer,25,Personal Travel,Eco,2565,2,4,2,1,2,3,3,2,5,1,4,3,3,2.69,96,98,FALSE
Male,Loyal Customer,42,Business Travel,Business,1276,3,1,1,1,5,3,3,3,3,3,3,3,2,2.62,0,0,FALSE
Male,Loyal Customer,42,Business Travel,Business,1757,3,3,3,3,4,4,4,3,2,5,5,4,4,3.62,237,303,TRUE
Male,Loyal Customer,29,Personal Travel,Eco,270,2,0,2,1,3,2,3,3,4,4,5,3,3,2.69,0,0,FALSE
Female,Loyal Customer,32,Business Travel,Business,3756,2,2,3,2,5,5,5,5,3,4,4,5,5,3.85,0,0,TRUE
Female,Loyal Customer,29,Business Travel,Business,2335,3,4,4,4,3,3,3,3,1,3,4,2,3,3.08,4,6,FALSE
Male,Disloyal Customer,28,Business Travel,Business,362,5,5,5,3,5,5,5,5,5,2,5,3,5,4.46,0,0,TRUE
Male,Loyal Customer,43,Business Travel,Business,1068,2,2,2,2,2,4,4,4,4,4,4,5,4,3.31,0,0,TRUE
Female,Loyal Customer,39,Business Travel,Business,3795,1,1,2,1,2,4,5,5,5,5,5,4,5,3.46,0,0,TRUE
Male,Loyal Customer,26,Personal Travel,Eco,353,1,5,1,1,3,1,3,3,1,2,1,4,3,2.23,0,0,FALSE
Female,Loyal Customer,23,Business Travel,Eco,814,3,5,4,4,3,3,4,3,3,4,3,4,3,3.54,34,24,FALSE
Male,Loyal Customer,70,Personal Travel,Eco,190,3,3,3,3,5,3,1,5,3,2,2,4,5,3.23,12,4,FALSE
Female,Disloyal Customer,26,Business Travel,Business,835,3,3,3,4,3,3,3,3,4,3,4,4,3,3.31,1,0,FALSE
Male,Loyal Customer,44,Personal Travel,Eco Plus,404,4,4,4,3,3,4,3,3,3,4,5,5,3,3.69,0,0,FALSE
Female,Loyal Customer,33,Personal Travel,Eco,1069,2,5,3,1,5,3,2,5,3,4,4,4,5,3.54,26,50,FALSE
Female,Disloyal Customer,25,Business Travel,Eco,1242,3,3,3,4,5,3,5,5,2,5,4,1,5,3.69,51,44,FALSE
Male,Disloyal Customer,22,Business Travel,Eco,377,2,0,2,3,5,2,5,5,2,2,3,1,5,2.85,6,10,FALSE
Male,Disloyal Customer,35,Business Travel,Business,802,2,1,1,3,4,1,4,4,4,2,3,3,4,2.77,0,2,FALSE
Female,Loyal Customer,31,Personal Travel,Eco Plus,650,1,3,1,4,2,1,2,2,4,1,1,1,2,1.92,0,0,FALSE
Male,Loyal Customer,20,Business Travel,Business,1107,1,1,1,1,3,3,3,3,5,4,1,1,3,2.31,0,0,TRUE
Female,Loyal Customer,53,Business Travel,Business,1276,3,3,3,3,5,5,4,3,3,3,3,5,3,3.54,0,0,TRUE
Male,Loyal Customer,48,Business Travel,Eco,469,2,4,4,4,2,2,2,2,4,2,2,4,2,2.77,0,0,FALSE
Female,Loyal Customer,60,Business Travel,Business,2315,2,2,2,2,5,4,4,4,4,4,4,3,5,3.46,0,0,TRUE
Female,Loyal Customer,63,Personal Travel,Eco,594,4,4,4,3,3,2,2,3,3,4,3,5,5,3.46,0,0,TRUE
Female,Loyal Customer,36,Business Travel,Eco,239,3,2,2,2,3,3,3,3,3,5,4,4,3,3.08,5,1,TRUE
Male,Loyal Customer,54,Personal Travel,Eco,1501,1,4,1,2,3,1,3,3,3,4,5,4,3,2.85,0,1,FALSE
Male,Loyal Customer,51,Business Travel,Business,3188,2,2,2,2,2,3,5,4,4,4,5,4,5,3.38,0,0,TRUE
Female,Loyal Customer,50,Business Travel,Business,3705,4,4,4,4,4,5,4,4,4,4,4,4,5,4.15,0,0,TRUE
Female,Loyal Customer,44,Business Travel,Business,89,1,1,1,1,2,4,5,4,4,4,4,4,5,3.08,25,23,TRUE
Male,Loyal Customer,65,Personal Travel,Eco,1506,1,4,1,4,2,1,2,2,4,2,3,1,2,2.23,19,4,FALSE
Male,Disloyal Customer,54,Business Travel,Business,986,1,1,1,3,1,1,1,1,5,2,5,3,1,2,0,0,FALSE
Male,Loyal Customer,32,Business Travel,Business,3952,0,0,0,4,1,1,1,1,5,3,5,3,1,1.92,0,0,TRUE
Female,Loyal Customer,39,Personal Travel,Business,239,1,5,1,1,4,5,5,3,3,1,5,4,4,3.23,0,0,FALSE
Female,Loyal Customer,50,Business Travel,Business,479,4,4,4,4,4,5,4,5,5,5,5,4,3,4.31,0,10,TRUE
Female,Disloyal Customer,25,Business Travel,Eco,752,1,1,1,3,1,1,1,2,5,4,3,1,1,1.92,1,0,FALSE
Male,Loyal Customer,59,Business Travel,Business,2170,2,2,2,2,4,4,5,5,5,5,5,3,4,3.69,0,0,TRUE
Male,Loyal Customer,33,Business Travel,Eco Plus,448,5,1,1,1,5,5,5,5,5,4,2,1,5,3.46,0,0,TRUE
Female,Loyal Customer,58,Personal Travel,Eco,773,1,2,1,3,4,4,4,1,1,1,1,3,4,2.31,5,0,FALSE
Male,Loyal Customer,24,Business Travel,Business,3990,1,1,4,1,3,4,3,3,3,2,5,5,3,2.92,0,0,TRUE
Female,Loyal Customer,32,Business Travel,Business,325,2,2,2,2,5,5,5,5,5,5,5,4,5,4,0,0,TRUE
Female,Loyal Customer,70,Personal Travel,Business,861,4,5,4,4,5,5,5,5,5,4,5,4,5,4.62,0,33,FALSE
Female,Loyal Customer,43,Business Travel,Business,2730,4,5,5,5,1,4,3,4,4,4,4,2,2,3.62,0,6,FALSE
Male,Loyal Customer,50,Business Travel,Eco,898,1,1,2,1,1,1,1,1,1,2,4,1,1,1.38,0,0,FALSE
Male,Disloyal Customer,24,Business Travel,Eco,661,4,0,3,4,4,3,4,4,4,2,5,4,4,3.46,0,0,FALSE
Male,Loyal Customer,38,Business Travel,Business,1766,0,5,0,4,5,4,2,3,3,3,3,5,2,3,0,0,TRUE
Male,Loyal Customer,42,Business Travel,Business,2211,2,2,2,2,4,4,5,5,5,4,5,5,5,3.85,0,0,TRUE
Male,Loyal Customer,37,Personal Travel,Eco,1096,2,1,2,1,2,2,1,2,1,1,1,3,2,1.62,0,0,FALSE
Female,Disloyal Customer,30,Business Travel,Eco,678,2,2,2,4,1,2,1,1,1,3,3,4,1,2.08,5,22,FALSE
Female,Loyal Customer,38,Personal Travel,Eco,1144,4,5,5,1,3,5,3,3,5,4,3,4,3,3.69,0,0,FALSE
Male,Loyal Customer,61,Business Travel,Eco,337,5,3,3,3,5,5,5,5,4,1,3,5,5,4,23,20,TRUE
Male,Loyal Customer,51,Business Travel,Business,920,1,1,2,1,3,3,3,4,4,4,4,3,3,2.77,199,197,TRUE
Female,Loyal Customer,45,Personal Travel,Eco,491,2,5,2,5,4,4,4,2,2,2,2,4,5,3.31,95,104,FALSE
Male,Loyal Customer,55,Personal Travel,Eco,808,0,3,0,1,4,0,4,4,3,1,3,3,4,2.31,0,0,TRUE
Female,Loyal Customer,52,Personal Travel,Eco,328,3,2,3,3,1,3,3,3,3,3,3,4,3,2.85,21,11,FALSE
Male,Disloyal Customer,43,Business Travel,Business,1744,3,3,3,3,2,3,1,2,3,2,4,4,2,2.69,0,0,TRUE
Female,Disloyal Customer,37,Business Travel,Eco Plus,190,2,2,2,3,3,2,3,3,3,3,4,4,3,2.85,0,0,FALSE
Female,Loyal Customer,47,Business Travel,Eco,1075,4,5,5,5,1,3,1,4,4,4,4,3,3,3.54,0,0,TRUE
Female,Loyal Customer,42,Business Travel,Eco,436,2,4,4,4,1,4,4,2,2,2,2,3,4,2.92,0,0,TRUE
Female,Loyal Customer,51,Business Travel,Business,440,1,5,5,5,3,4,3,1,1,2,1,1,1,2.54,0,0,FALSE
Male,Loyal Customer,9,Personal Travel,Eco,1055,2,5,2,4,2,2,2,2,5,4,5,3,2,3.08,0,0,FALSE
Female,Loyal Customer,59,Business Travel,Business,226,0,0,0,5,2,5,5,5,5,5,5,4,4,3.46,16,10,TRUE
Male,Disloyal Customer,25,Business Travel,Business,304,3,0,3,2,2,3,2,2,3,4,5,5,2,2.77,38,23,FALSE
Male,Loyal Customer,30,Personal Travel,Eco,507,4,5,4,2,5,4,5,5,4,4,5,3,5,4.23,0,0,FALSE
Male,Loyal Customer,49,Personal Travel,Eco,515,3,3,3,4,4,3,4,4,3,2,4,4,4,3.46,0,0,FALSE
Female,Loyal Customer,7,Personal Travel,Eco,578,5,4,5,1,5,5,5,5,3,3,4,4,5,4.15,7,0,TRUE
Female,Loyal Customer,32,Personal Travel,Eco Plus,101,3,4,3,5,2,3,2,2,4,3,2,4,2,3,0,1,FALSE
Male,Loyal Customer,45,Business Travel,Business,1528,0,0,0,3,2,4,4,3,3,3,3,3,5,2.54,5,1,TRUE
Female,Loyal Customer,42,Business Travel,Business,2200,2,2,5,2,4,5,4,5,5,5,5,5,5,4.15,20,0,TRUE
Male,Loyal Customer,41,Business Travel,Eco,163,5,1,3,1,5,5,5,5,1,5,2,5,5,3.69,0,0,TRUE
Female,Loyal Customer,44,Business Travel,Eco Plus,696,5,1,1,1,4,5,5,5,5,5,5,5,3,3.85,9,0,TRUE
Male,Loyal Customer,20,Personal Travel,Eco,547,3,1,3,3,5,3,5,5,2,1,3,3,5,3.23,0,0,FALSE
Male,Loyal Customer,17,Personal Travel,Eco,985,2,5,2,3,3,2,5,3,3,3,5,3,3,3.23,0,0,FALSE
Female,Loyal Customer,35,Business Travel,Business,214,1,5,5,5,3,3,2,1,1,1,1,1,3,2.46,6,4,FALSE
Female,Loyal Customer,42,Business Travel,Business,1747,4,4,4,4,5,5,5,5,5,5,5,3,5,4.54,13,39,TRUE
Female,Loyal Customer,32,Business Travel,Eco,164,3,1,1,1,3,3,3,3,3,3,3,4,3,2.62,0,0,FALSE
Male,Disloyal Customer,22,Business Travel,Business,737,5,0,5,4,2,5,1,2,3,4,5,4,2,3.23,0,0,TRUE
Female,Loyal Customer,40,Business Travel,Business,1613,3,3,3,3,2,5,5,5,5,5,5,4,5,4.08,15,4,TRUE
Male,Disloyal Customer,23,Business Travel,Eco,919,1,1,1,5,2,1,2,2,4,3,3,4,2,2.38,2,0,FALSE
Male,Loyal Customer,27,Business Travel,Business,2006,5,5,5,5,5,5,5,5,5,2,4,4,5,4.62,12,29,TRUE
Female,Loyal Customer,37,Business Travel,Business,2413,2,1,1,1,3,4,3,2,2,2,2,2,4,2.23,18,7,FALSE
Male,Loyal Customer,39,Business Travel,Eco Plus,1399,1,3,3,3,1,1,1,1,2,3,3,2,1,1.92,0,2,FALSE
Female,Loyal Customer,49,Business Travel,Business,2094,5,5,3,5,3,1,2,5,5,5,5,2,2,3.69,0,0,TRUE
Male,Loyal Customer,53,Personal Travel,Eco Plus,946,1,1,1,2,2,1,4,2,2,5,2,4,2,2.23,0,0,FALSE
Male,Loyal Customer,53,Business Travel,Business,1715,5,5,2,5,3,5,4,5,5,5,5,4,4,4.38,0,14,TRUE
Female,Disloyal Customer,24,Business Travel,Eco,229,2,4,1,4,5,1,5,5,1,2,3,5,5,3.31,0,0,FALSE
Female,Loyal Customer,42,Business Travel,Business,1069,2,2,2,2,2,5,5,2,2,2,2,4,4,2.77,124,117,TRUE
Female,Disloyal Customer,62,Business Travel,Eco,1589,3,3,3,3,3,3,3,3,3,2,3,3,3,2.92,0,0,FALSE
Female,Loyal Customer,28,Personal Travel,Eco,1237,2,4,2,5,3,2,3,3,3,2,4,5,3,3.15,32,10,FALSE
Male,Loyal Customer,60,Business Travel,Business,3180,2,2,4,2,4,5,4,4,4,4,4,4,5,3.69,39,35,TRUE
Female,Loyal Customer,44,Business Travel,Business,2646,1,1,1,1,4,5,5,4,4,5,4,3,4,3.23,3,5,TRUE
Male,Loyal Customer,31,Business Travel,Eco,101,3,5,3,3,3,3,3,3,4,5,3,4,3,3.46,0,0,FALSE
Female,Disloyal Customer,18,Business Travel,Eco,898,5,5,5,4,1,5,1,1,2,3,2,3,1,2.92,14,8,TRUE
Male,Disloyal Customer,10,Business Travel,Eco,1036,3,2,2,4,4,2,4,4,1,2,4,4,4,3.08,29,27,FALSE
Female,Loyal Customer,54,Business Travel,Business,3353,2,1,1,1,5,1,2,2,2,2,2,1,4,2,0,33,FALSE
Male,Loyal Customer,8,Personal Travel,Eco,1460,4,5,4,4,2,4,2,2,4,4,4,3,2,3.38,39,29,FALSE
Female,Disloyal Customer,24,Business Travel,Eco Plus,895,2,1,2,4,2,2,2,2,4,3,3,1,2,2.31,95,90,FALSE
Male,Loyal Customer,58,Personal Travel,Eco,1133,3,4,3,2,3,3,3,3,3,5,3,3,3,3.15,14,15,FALSE
Male,Loyal Customer,41,Business Travel,Eco,776,4,4,2,4,4,4,4,4,5,1,3,3,4,3.54,14,19,TRUE
Male,Loyal Customer,42,Business Travel,Eco,1145,2,1,1,1,3,2,3,3,2,4,3,4,3,2.46,0,0,FALSE
Male,Loyal Customer,49,Business Travel,Business,2547,5,5,5,5,4,5,5,3,3,4,3,4,4,4.23,29,19,TRUE
Male,Loyal Customer,17,Personal Travel,Eco,604,1,5,1,4,5,1,5,5,5,5,4,5,5,3.92,9,10,FALSE
Female,Loyal Customer,27,Personal Travel,Eco,74,0,4,0,5,2,0,2,2,4,4,5,5,2,2.69,0,0,TRUE
Male,Disloyal Customer,59,Business Travel,Eco,432,2,2,2,3,3,2,4,3,4,3,4,2,3,2.85,14,22,FALSE
Male,Loyal Customer,32,Business Travel,Business,936,1,1,1,1,5,5,5,5,3,4,5,5,5,3.54,0,0,TRUE
Male,Loyal Customer,55,Business Travel,Business,1235,5,5,5,5,4,4,4,1,1,2,1,3,5,3.46,0,0,TRUE
Female,Disloyal Customer,49,Business Travel,Eco,630,2,3,2,4,5,2,5,5,4,3,4,4,5,3.69,0,1,FALSE
Female,Disloyal Customer,38,Business Travel,Business,1072,4,4,4,3,2,4,2,2,5,4,4,3,2,3.31,7,19,TRUE
Male,Loyal Customer,30,Personal Travel,Eco Plus,2603,2,4,2,1,2,3,1,4,4,4,4,1,1,2.54,0,0,FALSE
Female,Loyal Customer,42,Business Travel,Business,3553,2,2,2,2,2,2,2,5,5,5,5,2,3,3,8,0,TRUE
Male,Loyal Customer,23,Personal Travel,Eco,395,1,5,1,2,1,1,1,1,1,1,2,2,1,1.54,0,0,FALSE
Female,Loyal Customer,44,Business Travel,Business,594,3,3,3,3,4,4,5,4,4,4,4,5,4,3.85,0,0,TRUE
Female,Loyal Customer,34,Business Travel,Business,1595,3,3,3,3,3,3,3,2,2,2,2,1,3,2.54,3,0,TRUE
Male,Loyal Customer,53,Business Travel,Business,2639,5,5,5,5,3,4,4,5,5,5,5,5,3,4.54,0,0,TRUE
Male,Loyal Customer,51,Business Travel,Eco Plus,130,1,5,5,5,1,1,1,1,3,4,3,4,1,2.69,0,0,FALSE
Female,Loyal Customer,56,Personal Travel,Eco Plus,321,2,3,2,2,2,5,5,1,1,2,1,5,4,2.69,0,0,FALSE
Female,Loyal Customer,49,Business Travel,Business,968,2,2,4,2,3,5,5,5,5,5,5,5,3,3.92,13,6,TRUE
Female,Loyal Customer,49,Business Travel,Business,2084,5,5,5,5,3,4,5,2,2,2,2,5,3,3.69,25,19,TRUE
Female,Loyal Customer,7,Personal Travel,Eco,453,4,4,2,1,2,2,4,3,4,4,5,4,4,3.31,161,154,TRUE
Female,Loyal Customer,43,Business Travel,Business,1510,2,5,2,2,2,5,5,5,5,5,5,5,5,4.08,0,0,TRUE
Female,Loyal Customer,39,Business Travel,Business,89,3,3,3,3,3,3,5,5,5,4,3,3,5,3.69,93,81,TRUE
Male,Loyal Customer,31,Personal Travel,Eco,331,3,3,3,2,5,3,5,5,5,1,1,5,5,3.54,0,0,FALSE
Male,Loyal Customer,44,Business Travel,Business,2338,2,2,2,2,2,5,5,5,5,5,5,3,4,3.62,0,0,TRUE
Female,Loyal Customer,21,Business Travel,Business,715,3,3,3,3,3,3,3,3,1,3,3,2,3,2.77,24,18,FALSE
Male,Loyal Customer,24,Personal Travel,Eco,853,3,4,2,3,1,2,1,1,3,4,4,5,1,2.62,0,5,FALSE
Male,Loyal Customer,41,Business Travel,Business,2902,4,4,4,4,2,5,3,4,4,4,5,4,2,3.77,6,0,TRUE
Female,Loyal Customer,34,Personal Travel,Eco,599,3,4,3,4,4,3,4,4,4,2,4,1,4,3.38,0,0,FALSE
Male,Disloyal Customer,21,Business Travel,Eco,577,3,5,3,2,3,3,3,3,4,3,5,4,3,3.38,6,0,FALSE
Female,Loyal Customer,50,Business Travel,Business,2842,2,3,3,3,5,2,3,2,2,2,2,1,1,2.38,3,0,FALSE
Female,Disloyal Customer,33,Business Travel,Business,197,1,1,1,3,3,1,3,3,4,5,5,4,3,2.85,0,0,FALSE
Male,Loyal Customer,12,Personal Travel,Eco,1399,2,4,2,4,2,2,2,2,3,2,5,5,2,2.85,0,0,FALSE
Male,Loyal Customer,48,Personal Travel,Eco,737,1,5,1,3,3,1,3,3,4,3,4,4,3,2.92,15,26,FALSE
Male,Loyal Customer,41,Business Travel,Business,368,4,4,4,4,4,1,5,5,5,5,5,3,5,4.15,3,0,TRUE
Male,Loyal Customer,46,Personal Travel,Eco,773,1,4,1,3,2,1,2,2,2,1,4,2,2,2.08,36,48,FALSE
Female,Loyal Customer,23,Business Travel,Business,2329,1,0,0,4,0,2,2,3,2,3,3,2,2,1.85,15,18,FALSE
Male,Loyal Customer,31,Business Travel,Business,3863,2,3,3,3,2,2,2,2,2,1,3,1,2,2.15,110,104,FALSE
Female,Loyal Customer,37,Business Travel,Business,1834,1,1,1,1,3,5,5,4,4,5,4,4,4,3.23,1,0,TRUE
Female,Loyal Customer,60,Business Travel,Business,693,3,3,2,3,4,5,4,4,4,4,4,3,4,3.62,29,24,TRUE
Male,Disloyal Customer,25,Business Travel,Eco,163,4,0,4,5,4,4,4,4,5,2,4,3,4,3.62,0,3,TRUE
Male,Loyal Customer,38,Personal Travel,Business,446,4,5,4,2,2,4,4,3,3,4,3,5,5,3.69,36,48,FALSE
Female,Disloyal Customer,16,Business Travel,Eco,326,0,2,0,1,5,0,5,5,1,2,4,1,5,2.38,0,0,TRUE
Female,Disloyal Customer,40,Business Travel,Business,1295,4,4,4,3,3,4,3,3,1,4,4,4,3,3.38,0,0,TRUE
Female,Loyal Customer,33,Business Travel,Business,2102,5,5,5,5,3,4,4,5,5,5,5,5,4,4.62,37,27,TRUE
Male,Disloyal Customer,23,Business Travel,Eco,631,2,0,2,3,5,2,5,5,3,5,4,3,5,3.38,0,6,FALSE
Female,Loyal Customer,51,Business Travel,Business,185,3,3,3,3,2,5,4,3,3,4,5,3,3,3.38,0,0,TRUE
Male,Loyal Customer,49,Business Travel,Business,570,2,2,2,2,2,5,5,5,5,5,5,3,3,3.54,34,27,TRUE
Male,Loyal Customer,47,Business Travel,Business,1619,1,1,1,1,4,4,4,4,4,4,4,3,5,3.08,17,24,TRUE
Male,Disloyal Customer,27,Business Travel,Eco,872,4,4,4,4,3,4,3,3,1,5,4,4,3,3.54,0,0,FALSE
Male,Loyal Customer,29,Business Travel,Business,3884,4,4,4,4,5,5,5,5,2,2,1,4,5,3.85,0,0,TRUE
Female,Loyal Customer,57,Business Travel,Business,1779,5,5,5,5,2,5,4,4,4,4,4,5,5,4.38,0,0,TRUE
Male,Loyal Customer,46,Business Travel,Business,3787,1,1,1,1,4,4,5,5,5,5,5,4,5,3.54,20,9,TRUE
Female,Loyal Customer,33,Business Travel,Business,1235,3,1,1,1,2,4,4,3,3,3,3,3,4,2.69,17,6,FALSE
Female,Loyal Customer,32,Business Travel,Business,2085,1,4,4,4,1,1,1,1,4,1,2,3,1,2.15,9,6,FALSE
Male,Disloyal Customer,29,Business Travel,Business,930,4,4,4,3,4,4,5,4,5,4,5,4,4,4.15,0,0,FALSE
Male,Loyal Customer,60,Business Travel,Business,3363,4,4,4,4,5,4,4,2,2,2,2,5,4,3.54,0,0,TRUE
Male,Loyal Customer,44,Business Travel,Business,2254,1,1,5,1,2,4,4,4,4,5,4,5,3,3.31,0,4,TRUE
Female,Loyal Customer,45,Business Travel,Eco,740,5,1,1,1,3,1,4,5,5,5,5,2,1,3,0,0,TRUE
Male,Loyal Customer,48,Business Travel,Business,1947,2,2,2,2,2,5,5,3,3,3,3,5,4,3.15,14,11,TRUE
Female,Loyal Customer,30,Business Travel,Business,2453,1,1,5,1,4,4,4,4,3,4,4,4,4,3.31,0,0,TRUE
Female,Disloyal Customer,25,Business Travel,Business,1023,5,5,5,4,2,5,1,2,3,3,4,4,2,3.46,14,19,TRUE
Female,Loyal Customer,39,Business Travel,Business,931,3,3,3,3,3,4,5,5,5,4,5,5,5,4.08,0,0,TRUE
Female,Loyal Customer,45,Business Travel,Eco,989,4,5,5,5,3,2,1,4,4,4,4,3,4,3.69,0,21,TRUE
Female,Loyal Customer,67,Personal Travel,Eco,622,1,4,1,1,4,5,5,3,3,1,3,5,3,3,0,33,FALSE
Male,Loyal Customer,65,Personal Travel,Eco,2419,3,4,3,3,3,5,5,5,4,4,4,5,5,4.08,4,0,FALSE
Female,Loyal Customer,55,Business Travel,Business,2131,5,5,1,5,2,5,4,4,4,5,4,4,5,4.08,0,0,TRUE
Male,Loyal Customer,64,Business Travel,Eco,223,1,3,3,3,2,1,2,2,4,5,3,2,2,2.54,6,0,FALSE
Female,Loyal Customer,51,Personal Travel,Eco Plus,926,2,5,2,2,2,3,5,5,5,2,5,3,3,3.38,47,34,FALSE
Female,Loyal Customer,37,Personal Travel,Eco,762,2,4,2,3,4,2,4,4,4,4,4,3,4,3.38,0,0,FALSE
Female,Loyal Customer,24,Personal Travel,Eco,1107,3,5,4,3,3,4,3,3,3,5,5,3,3,3.62,0,0,FALSE
Female,Loyal Customer,14,Personal Travel,Business,102,2,3,2,4,2,2,2,2,1,2,4,1,2,2.23,1,3,FALSE
Female,Disloyal Customer,26,Business Travel,Eco,911,2,2,2,4,4,2,4,4,4,4,3,1,4,3.08,59,46,FALSE
Male,Disloyal Customer,61,Business Travel,Business,227,1,1,1,4,4,1,4,4,1,2,4,2,4,2.54,0,0,FALSE
Male,Loyal Customer,47,Personal Travel,Eco,213,1,2,1,1,3,1,2,3,5,3,5,4,3,2.62,0,4,FALSE
Male,Disloyal Customer,39,Business Travel,Eco,1050,3,3,3,2,2,3,3,2,3,5,2,2,2,2.69,21,16,FALSE
Male,Loyal Customer,44,Personal Travel,Eco,972,3,5,3,3,2,3,2,2,4,3,5,4,2,3.15,11,41,FALSE
Male,Loyal Customer,59,Business Travel,Eco,929,3,1,1,1,3,3,3,3,4,3,4,1,3,2.54,41,81,FALSE
Male,Loyal Customer,59,Personal Travel,Eco,1208,1,1,1,4,5,1,5,5,1,1,3,1,5,2.62,0,0,FALSE
Female,Loyal Customer,63,Personal Travel,Eco,735,1,1,1,4,5,4,3,1,1,1,1,4,1,2.15,11,8,FALSE
Female,Loyal Customer,31,Personal Travel,Eco,259,3,4,3,2,1,3,1,1,1,1,4,1,1,2,0,0,FALSE
Female,Loyal Customer,59,Personal Travel,Eco,845,3,4,4,4,5,4,4,2,2,4,2,3,4,3.46,0,0,FALSE
Female,Loyal Customer,26,Business Travel,Business,3808,3,3,5,3,4,4,4,4,4,2,4,3,4,3.62,27,28,TRUE
Male,Loyal Customer,29,Personal Travel,Eco,1035,1,4,1,3,5,1,5,5,4,2,5,5,5,3.54,7,0,FALSE
Female,Loyal Customer,34,Business Travel,Business,2231,1,4,4,4,4,3,4,1,1,1,1,3,3,2.62,0,3,FALSE
Male,Loyal Customer,46,Personal Travel,Eco,351,3,4,3,3,3,3,3,3,5,4,4,4,3,3.46,0,0,FALSE
Female,Loyal Customer,40,Personal Travel,Eco Plus,247,2,4,2,1,1,2,1,1,5,3,4,5,1,2.46,20,22,FALSE
Male,Loyal Customer,45,Business Travel,Eco,677,3,5,4,5,3,3,3,3,3,3,3,2,3,3.31,0,0,FALSE
Male,Loyal Customer,44,Business Travel,Business,2670,1,1,1,1,4,5,5,5,5,5,4,5,5,3.62,0,0,TRUE
Male,Loyal Customer,55,Personal Travel,Eco,2425,2,4,2,1,5,2,5,5,3,5,3,4,5,3.54,0,0,FALSE
Female,Disloyal Customer,22,Business Travel,Eco,342,4,5,4,3,5,4,5,5,3,5,4,4,5,4.31,2,0,TRUE
Female,Loyal Customer,45,Business Travel,Eco,74,1,3,3,3,3,4,3,1,1,1,1,4,1,2.23,0,0,FALSE
Male,Loyal Customer,51,Personal Travel,Eco,1036,4,3,4,2,4,4,4,4,2,1,2,3,4,3.15,16,1,TRUE
Male,Disloyal Customer,26,Business Travel,Business,2586,5,5,5,1,5,5,2,3,2,4,5,2,2,3.54,7,39,TRUE
Female,Loyal Customer,33,Personal Travel,Eco Plus,954,3,1,3,4,4,3,4,4,3,5,3,1,4,3.23,0,3,FALSE
Male,Loyal Customer,55,Business Travel,Eco,533,4,2,2,2,4,4,4,4,5,2,1,5,4,3.31,17,5,TRUE
Male,Disloyal Customer,20,Business Travel,Eco,463,4,2,4,4,3,4,2,3,2,1,4,3,3,3,0,0,FALSE
Male,Disloyal Customer,29,Business Travel,Eco,919,3,3,3,3,2,3,2,2,3,5,2,4,2,2.85,45,25,FALSE
Female,Loyal Customer,28,Business Travel,Business,1529,4,4,4,4,4,5,4,4,5,3,2,2,4,3.77,1,0,TRUE
Male,Loyal Customer,45,Business Travel,Business,3309,1,1,1,1,4,5,5,5,5,4,5,3,4,3.38,4,0,TRUE
Female,Loyal Customer,43,Business Travel,Business,3364,4,4,5,4,4,5,5,4,4,4,4,4,4,4.23,7,0,TRUE
Male,Loyal Customer,53,Business Travel,Eco,444,2,5,2,5,2,2,2,2,2,2,3,1,2,2.46,0,0,FALSE
Male,Loyal Customer,66,Personal Travel,Eco Plus,948,2,2,2,4,5,2,5,5,3,5,3,3,5,3.54,0,0,FALSE
Male,Loyal Customer,52,Personal Travel,Eco,1616,1,5,1,4,5,1,5,5,4,2,4,3,5,3.46,39,20,FALSE
Male,Loyal Customer,45,Personal Travel,Eco Plus,733,3,4,3,2,3,3,5,3,3,2,2,3,3,3,84,86,FALSE
Female,Loyal Customer,23,Personal Travel,Eco,164,2,2,0,3,4,0,4,4,1,2,4,2,4,2.46,0,0,FALSE
Female,Disloyal Customer,27,Business Travel,Business,2279,5,5,5,5,5,5,5,5,4,5,4,4,5,4.77,0,0,TRUE
Male,Loyal Customer,46,Business Travel,Eco,416,3,2,5,5,4,3,4,4,1,1,2,1,4,3,19,17,FALSE
Male,Disloyal Customer,25,Business Travel,Eco,448,2,5,2,1,4,2,4,4,4,1,3,4,4,3.08,87,83,FALSE
Male,Loyal Customer,44,Business Travel,Business,2974,3,1,1,1,2,4,4,3,3,3,3,1,2,2.38,47,41,FALSE
Female,Disloyal Customer,25,Business Travel,Business,543,3,0,3,5,4,3,4,4,3,3,5,4,4,3.46,51,41,FALSE
Female,Loyal Customer,46,Business Travel,Business,1440,1,1,1,1,3,4,4,5,5,5,5,4,5,3.38,0,0,TRUE
Female,Disloyal Customer,25,Business Travel,Business,700,3,4,3,2,2,3,5,2,3,4,4,5,2,3.23,0,0,FALSE
Male,Loyal Customer,23,Personal Travel,Eco,1092,2,1,1,2,1,1,1,1,3,1,2,3,1,1.54,4,0,FALSE
Male,Loyal Customer,46,Personal Travel,Eco,964,3,4,3,4,3,3,3,3,5,3,5,3,3,3.46,0,0,FALSE
Female,Loyal Customer,23,Personal Travel,Eco,762,3,5,3,3,3,3,3,3,4,5,5,5,3,3.69,0,0,FALSE
Male,Loyal Customer,70,Personal Travel,Eco,651,4,5,4,5,1,4,2,1,5,1,3,4,1,3.08,7,6,FALSE
Female,Loyal Customer,70,Business Travel,Eco,268,3,4,4,4,2,3,3,3,3,3,3,2,2,3,0,0,FALSE
Male,Loyal Customer,24,Business Travel,Business,301,5,5,5,5,4,4,4,4,4,3,2,1,4,3.85,125,112,TRUE
Female,Loyal Customer,49,Personal Travel,Eco,2486,4,3,4,3,3,4,3,5,5,4,5,3,1,3.62,0,0,FALSE
Female,Loyal Customer,28,Business Travel,Business,2253,3,1,1,1,3,3,3,3,4,2,3,2,3,2.46,2,0,FALSE
Female,Loyal Customer,61,Personal Travel,Eco,1444,2,4,2,2,5,5,4,1,1,2,1,5,5,3,31,9,FALSE
Female,Loyal Customer,49,Business Travel,Business,1605,4,4,4,4,5,4,4,5,5,5,5,4,3,4.31,0,0,TRUE
Male,Loyal Customer,17,Business Travel,Business,3088,5,5,5,5,5,5,5,5,2,1,1,2,5,3.92,0,0,TRUE
Male,Loyal Customer,57,Business Travel,Business,1589,3,3,4,3,3,3,5,3,3,3,3,5,3,3.38,0,0,TRUE
Female,Loyal Customer,34,Personal Travel,Eco,78,2,5,2,2,4,2,4,4,4,4,5,4,4,3.54,127,125,FALSE
Female,Loyal Customer,32,Personal Travel,Eco Plus,701,1,1,1,3,2,1,2,2,4,3,4,3,2,2.23,12,8,FALSE
Male,Loyal Customer,39,Business Travel,Business,309,2,4,4,4,2,3,3,2,2,2,2,4,2,2.77,0,0,FALSE
Male,Disloyal Customer,18,Business Travel,Eco,983,4,4,4,3,5,4,5,5,4,4,5,3,5,4.23,0,0,TRUE
Female,Loyal Customer,54,Business Travel,Business,235,3,3,3,3,5,3,1,4,4,4,4,5,1,3.31,1,0,TRUE
Female,Loyal Customer,52,Business Travel,Business,3002,4,4,4,4,4,4,5,5,5,5,5,3,4,4.31,0,0,TRUE
Male,Loyal Customer,44,Personal Travel,Eco Plus,209,4,3,4,4,3,4,3,3,2,4,4,2,3,3.31,0,0,FALSE
Male,Loyal Customer,45,Personal Travel,Eco,1192,2,5,2,4,2,2,2,2,4,5,4,3,2,3,1,36,FALSE
Female,Loyal Customer,41,Business Travel,Business,337,3,3,3,3,2,5,5,4,4,4,4,5,5,3.85,0,0,TRUE
Female,Loyal Customer,45,Business Travel,Business,1843,2,1,1,1,5,2,2,2,2,2,2,1,1,1.85,75,65,FALSE
Female,Loyal Customer,12,Business Travel,Business,650,5,5,5,5,2,2,2,2,5,2,4,3,2,3.38,13,24,TRUE
Male,Loyal Customer,22,Business Travel,Business,746,2,2,2,2,4,4,4,4,2,4,4,4,4,3.23,1,2,TRUE
Male,Loyal Customer,13,Personal Travel,Eco,341,3,5,3,4,3,3,3,3,5,2,5,2,3,3.38,10,0,FALSE
Female,Loyal Customer,25,Business Travel,Business,3559,4,4,4,4,5,5,5,5,3,1,4,3,5,4,0,0,TRUE
Female,Loyal Customer,39,Personal Travel,Eco Plus,432,3,4,3,3,2,3,2,2,5,5,5,4,2,3.31,0,0,FALSE
Female,Loyal Customer,65,Personal Travel,Eco,255,2,1,2,4,3,3,3,3,3,2,3,4,1,2.62,0,0,FALSE
Male,Loyal Customer,47,Personal Travel,Eco,569,2,5,2,2,5,2,5,5,4,4,4,3,5,3.69,0,4,FALSE
Male,Loyal Customer,59,Personal Travel,Eco,909,3,4,3,4,3,3,3,3,1,5,3,1,3,3,0,0,FALSE
Male,Loyal Customer,43,Business Travel,Business,624,2,5,5,5,3,3,3,2,2,2,2,3,2,3,12,38,FALSE
Female,Loyal Customer,51,Personal Travel,Eco,2446,3,4,3,1,3,4,4,3,4,5,4,4,4,3.54,0,25,FALSE
Male,Loyal Customer,10,Personal Travel,Eco,581,3,1,3,3,1,3,1,1,3,2,3,4,1,2.23,5,0,FALSE
Male,Loyal Customer,58,Business Travel,Business,551,2,5,3,5,3,3,3,2,2,2,2,2,2,2.77,34,31,FALSE
Female,Loyal Customer,66,Personal Travel,Eco,937,2,3,2,3,1,3,3,2,2,2,2,1,4,2.31,6,0,FALSE
Female,Disloyal Customer,27,Business Travel,Eco Plus,834,1,2,2,3,5,2,5,5,3,3,4,1,5,3.15,0,0,FALSE
Male,Loyal Customer,43,Business Travel,Eco,102,5,5,5,5,5,5,5,5,4,5,2,5,5,4.69,0,0,TRUE
Female,Loyal Customer,35,Business Travel,Business,241,3,3,3,3,4,4,5,5,5,5,5,3,1,3.77,48,41,TRUE
Male,Loyal Customer,37,Personal Travel,Eco,1733,3,4,3,1,5,3,5,5,5,4,4,3,5,3.85,0,0,FALSE
Female,Loyal Customer,42,Business Travel,Business,3943,5,5,5,5,3,5,5,3,3,3,3,4,4,4.08,20,43,TRUE
Male,Loyal Customer,25,Business Travel,Business,268,0,0,0,1,2,2,2,2,2,3,3,5,2,1.85,0,0,TRUE
Female,Loyal Customer,49,Business Travel,Business,1892,4,4,4,4,2,4,4,4,4,4,4,4,3,3.77,0,0,TRUE
Male,Loyal Customer,54,Business Travel,Eco Plus,201,2,3,3,3,2,2,2,2,3,5,3,2,2,2.62,0,10,FALSE
Male,Loyal Customer,28,Business Travel,Eco,630,2,4,4,4,2,2,2,2,3,5,4,1,2,2.85,20,8,FALSE
Male,Loyal Customer,45,Business Travel,Eco,1089,3,3,3,3,3,3,3,3,4,4,4,4,3,3.31,0,0,FALSE
Male,Loyal Customer,16,Personal Travel,Eco,371,2,4,3,1,3,3,3,3,3,3,3,3,3,2.85,6,0,FALSE
Female,Loyal Customer,46,Personal Travel,Eco,1440,3,4,3,4,2,4,3,3,3,3,3,1,3,3,0,9,FALSE
Male,Loyal Customer,46,Personal Travel,Eco,337,2,3,2,4,3,2,3,3,5,4,5,1,3,3.08,0,0,FALSE
Male,Loyal Customer,41,Personal Travel,Eco,1262,2,5,2,4,2,2,2,2,4,5,4,5,2,3.15,8,3,FALSE
Male,Loyal Customer,65,Personal Travel,Eco,1235,4,5,4,1,5,4,5,5,5,5,5,5,5,4.46,0,0,TRUE
Male,Loyal Customer,44,Business Travel,Business,3597,3,5,5,5,1,4,4,3,3,3,3,3,2,3.38,0,0,FALSE
Female,Loyal Customer,58,Personal Travel,Eco,725,2,1,2,2,1,2,2,3,3,2,3,4,4,2.38,0,0,FALSE
Female,Loyal Customer,39,Business Travel,Business,2523,5,4,5,5,3,4,4,5,5,5,5,4,4,4.46,0,2,TRUE
Female,Disloyal Customer,37,Business Travel,Business,282,3,3,3,3,5,3,5,5,4,3,5,5,5,4,64,65,TRUE
Male,Loyal Customer,32,Personal Travel,Eco,207,3,3,3,3,2,3,2,2,2,2,4,1,2,2.46,17,13,FALSE
Female,Loyal Customer,41,Business Travel,Business,1747,5,5,3,5,3,4,4,3,3,4,3,5,5,4,17,0,TRUE
Female,Loyal Customer,46,Personal Travel,Eco,338,3,5,5,4,4,4,4,4,4,5,4,4,3,4.08,49,24,FALSE
Male,Loyal Customer,42,Business Travel,Business,600,4,4,2,4,2,5,5,4,4,4,4,4,5,3.92,0,0,TRUE
Female,Loyal Customer,41,Personal Travel,Eco,862,3,4,3,1,2,3,2,2,5,3,4,5,2,3,7,12,FALSE
Male,Loyal Customer,54,Business Travel,Business,1067,2,2,2,2,3,5,4,5,5,5,5,3,4,3.62,3,12,TRUE
Male,Loyal Customer,51,Business Travel,Business,1570,5,5,5,5,4,5,4,4,4,4,4,4,3,4.31,120,111,TRUE
Male,Loyal Customer,33,Personal Travel,Eco,929,5,4,5,3,3,5,3,3,4,2,4,4,3,3.69,0,2,TRUE
Female,Loyal Customer,11,Personal Travel,Eco,948,4,0,4,1,3,4,3,3,5,2,4,5,3,3.15,11,5,FALSE
Female,Loyal Customer,57,Personal Travel,Eco,1091,1,5,1,4,2,2,3,5,5,1,5,2,2,2.92,34,24,FALSE
Female,Loyal Customer,34,Business Travel,Business,1582,4,4,4,4,3,4,4,5,5,5,5,3,4,4.15,12,31,TRUE
Male,Loyal Customer,68,Personal Travel,Eco,404,2,4,2,3,5,2,1,5,3,2,5,4,5,3.31,1,0,FALSE
Female,Loyal Customer,26,Personal Travel,Eco,1080,4,4,4,5,4,4,4,4,3,5,5,5,4,4.23,5,7,FALSE
Female,Loyal Customer,39,Business Travel,Business,604,3,3,3,3,4,5,5,4,4,4,4,3,5,3.85,31,41,TRUE
Female,Loyal Customer,33,Business Travel,Business,1512,3,3,5,3,1,2,1,2,2,2,2,1,1,2.15,0,0,TRUE
Male,Disloyal Customer,23,Business Travel,Business,473,4,0,4,4,5,4,5,5,3,5,5,5,5,4.15,0,0,TRUE
Female,Loyal Customer,20,Personal Travel,Eco,916,0,5,0,4,3,0,1,3,5,3,4,3,3,2.62,0,0,TRUE
Female,Disloyal Customer,26,Business Travel,Eco,1265,4,4,4,2,3,4,3,3,4,3,4,1,3,3.23,5,13,TRUE
Female,Loyal Customer,66,Personal Travel,Eco,733,4,2,4,3,3,2,3,5,5,4,5,2,4,3.54,23,10,FALSE
Male,Loyal Customer,67,Business Travel,Business,677,4,1,4,4,3,5,4,5,5,5,5,5,4,4.15,7,0,TRUE
Female,Loyal Customer,63,Personal Travel,Eco Plus,511,5,5,5,5,3,4,5,3,3,5,3,4,4,4.15,9,0,TRUE
Female,Loyal Customer,25,Personal Travel,Eco,349,3,5,1,5,3,1,3,3,5,4,2,4,3,3.23,0,25,FALSE
Male,Loyal Customer,52,Personal Travel,Eco,302,2,5,2,5,5,2,5,5,5,5,4,4,5,4.15,0,0,FALSE
Female,Loyal Customer,55,Business Travel,Business,631,2,2,5,2,2,5,4,2,2,2,2,4,5,3,0,0,TRUE
Male,Loyal Customer,57,Personal Travel,Business,403,2,2,2,3,2,3,3,3,3,2,3,4,2,2.62,0,0,FALSE
Male,Loyal Customer,32,Business Travel,Business,1182,1,0,0,3,5,0,4,5,3,3,4,1,5,2.62,0,0,FALSE
Female,Loyal Customer,67,Personal Travel,Eco,235,2,1,2,3,1,2,2,3,3,2,5,3,4,2.54,34,15,FALSE
Female,Disloyal Customer,26,Business Travel,Business,1400,4,4,4,1,3,4,3,3,4,3,4,3,3,3.31,38,31,TRUE
Female,Loyal Customer,63,Personal Travel,Eco,292,4,5,4,2,2,5,4,2,2,4,2,4,5,3.46,0,0,TRUE
Male,Loyal Customer,60,Personal Travel,Eco,297,3,2,3,3,4,3,4,4,4,1,4,1,4,3.08,1,0,FALSE
Male,Loyal Customer,52,Personal Travel,Eco,1590,2,4,2,2,3,2,3,3,5,2,5,4,3,3.08,0,11,FALSE
Male,Loyal Customer,57,Personal Travel,Business,147,3,5,3,5,4,5,4,2,2,3,2,2,1,3.15,14,7,FALSE
Female,Loyal Customer,49,Personal Travel,Eco,696,2,5,2,4,4,2,4,5,5,2,5,2,3,3.46,0,0,FALSE
Female,Loyal Customer,11,Personal Travel,Eco Plus,302,4,5,4,3,5,4,5,5,5,5,5,3,5,4.46,42,36,FALSE
Female,Loyal Customer,76,Business Travel,Business,3689,0,4,0,2,3,2,5,1,1,3,3,1,3,2.15,0,0,TRUE
Male,Loyal Customer,64,Personal Travel,Eco,2586,3,5,3,4,3,2,2,5,5,4,4,2,2,3.38,11,5,FALSE
Female,Loyal Customer,8,Personal Travel,Eco,1044,2,2,2,4,4,2,4,4,4,2,3,3,4,3.08,32,19,FALSE
Female,Loyal Customer,36,Personal Travel,Eco,1698,3,2,2,3,3,2,3,3,4,5,2,2,3,2.85,0,0,FALSE
Male,Loyal Customer,54,Business Travel,Business,2607,5,5,5,5,2,5,5,5,5,5,5,3,3,4.46,5,8,TRUE
Male,Loyal Customer,50,Business Travel,Business,126,0,4,0,2,5,3,3,4,4,4,4,5,4,3.23,2,0,TRUE
Female,Loyal Customer,27,Personal Travel,Eco Plus,937,2,5,2,2,2,2,2,2,5,3,4,4,2,2.85,6,0,FALSE
Female,Loyal Customer,46,Business Travel,Eco Plus,547,2,2,2,2,2,4,4,2,2,2,2,1,1,2.15,3,0,FALSE
Male,Loyal Customer,41,Business Travel,Eco Plus,147,5,5,5,5,5,5,5,4,4,2,2,5,5,4.38,89,134,TRUE
Male,Loyal Customer,12,Personal Travel,Eco,147,2,4,2,4,2,2,2,2,3,4,5,4,2,2.92,4,0,FALSE
Female,Loyal Customer,43,Business Travel,Business,3719,4,4,4,4,5,4,5,3,3,3,3,4,5,3.92,6,0,TRUE
Female,Loyal Customer,51,Business Travel,Eco Plus,780,5,1,1,1,5,5,5,1,2,4,5,5,5,3.46,228,212,TRUE
Female,Loyal Customer,36,Personal Travel,Eco,834,1,1,1,3,2,1,2,2,3,5,4,1,2,2.15,45,46,FALSE
Female,Loyal Customer,35,Business Travel,Eco,1024,4,2,2,2,4,4,4,4,3,1,2,5,4,3.15,31,17,TRUE
Female,Loyal Customer,48,Business Travel,Business,3074,4,4,4,4,3,5,4,4,4,4,4,5,5,4.15,8,0,TRUE
Male,Loyal Customer,49,Business Travel,Business,2032,4,4,4,4,4,4,4,4,4,4,4,4,4,4,0,8,TRUE
Male,Loyal Customer,30,Business Travel,Business,3919,3,3,3,3,3,3,3,3,5,3,5,3,3,3.31,0,0,TRUE
Male,Loyal Customer,28,Business Travel,Business,2788,2,2,2,2,2,2,2,2,4,4,4,1,2,2.38,0,0,FALSE
Male,Loyal Customer,50,Business Travel,Business,679,5,5,5,5,4,4,4,4,4,4,4,3,3,4.15,0,0,TRUE
Male,Loyal Customer,32,Personal Travel,Eco,282,3,2,3,3,1,3,1,1,4,5,3,4,1,2.62,0,5,FALSE
Male,Loyal Customer,57,Business Travel,Business,762,2,2,2,2,4,4,4,4,4,4,4,5,5,3.54,0,0,TRUE
Female,Loyal Customer,50,Business Travel,Business,3953,0,1,1,2,3,4,4,4,4,3,3,3,3,2.69,0,0,TRUE
Female,Loyal Customer,47,Personal Travel,Eco,1744,1,1,1,3,4,2,2,3,3,1,5,1,1,2.15,24,37,FALSE
Female,Disloyal Customer,28,Business Travel,Eco,873,3,3,3,3,4,3,4,4,3,5,5,1,4,3.46,0,0,FALSE
Female,Loyal Customer,32,Business Travel,Business,2045,4,4,4,4,4,5,4,4,4,3,4,5,4,4.08,11,8,TRUE
Male,Loyal Customer,50,Business Travel,Business,2097,5,5,3,5,4,4,4,4,4,4,4,5,5,4.31,53,46,TRUE
Female,Loyal Customer,22,Business Travel,Business,2331,2,2,2,2,4,4,4,4,5,4,1,3,4,3.15,82,73,TRUE
Male,Loyal Customer,69,Business Travel,Business,3044,4,4,3,4,3,4,3,1,1,1,4,2,3,2.85,0,0,FALSE
Male,Loyal Customer,7,Personal Travel,Business,376,3,5,3,1,2,3,3,2,4,5,5,5,2,3.31,57,54,FALSE
Female,Loyal Customer,21,Personal Travel,Eco,280,3,4,3,3,1,3,1,1,5,3,4,5,1,2.85,0,0,FALSE
Male,Loyal Customer,29,Business Travel,Eco,1069,5,4,4,4,5,5,5,5,1,1,2,1,5,3.62,8,10,TRUE
Female,Loyal Customer,54,Business Travel,Business,2403,2,4,4,4,1,4,4,3,3,3,2,1,3,2.92,0,1,FALSE
Female,Loyal Customer,30,Business Travel,Business,3498,3,5,5,5,3,3,3,3,4,1,4,2,3,3.38,0,0,FALSE
Male,Loyal Customer,15,Personal Travel,Eco,1609,2,5,2,3,4,2,4,4,4,4,4,5,4,3.62,0,0,FALSE
Female,Loyal Customer,78,Business Travel,Business,425,2,1,1,1,4,4,3,2,2,2,2,4,2,2.31,0,0,FALSE
Male,Loyal Customer,42,Business Travel,Business,130,0,5,0,4,5,4,4,4,4,4,4,5,3,3.54,0,0,TRUE
Male,Loyal Customer,40,Business Travel,Business,3223,0,5,0,4,3,2,5,3,3,3,3,1,1,2.54,0,0,TRUE
Female,Loyal Customer,26,Personal Travel,Eco,1044,1,5,1,5,3,1,3,3,5,5,3,2,3,3.08,20,0,FALSE
Female,Disloyal Customer,29,Business Travel,Eco,1199,3,4,4,4,3,4,1,3,3,5,4,2,3,3.31,17,35,FALSE
Male,Disloyal Customer,30,Business Travel,Business,678,2,2,2,3,2,2,2,2,4,2,5,3,2,2.54,48,43,FALSE
Male,Loyal Customer,25,Business Travel,Business,1769,2,2,2,2,5,5,5,5,3,1,4,5,5,3.54,0,0,TRUE
Male,Disloyal Customer,27,Business Travel,Eco,1210,2,2,2,3,2,5,2,2,3,3,3,2,2,2.54,31,16,FALSE
Male,Loyal Customer,50,Personal Travel,Eco,868,3,5,3,4,2,3,2,2,2,3,1,3,2,2.69,0,3,FALSE
Female,Loyal Customer,53,Personal Travel,Eco,802,3,5,3,3,2,2,5,4,4,3,4,3,2,3.31,0,0,FALSE
Female,Disloyal Customer,25,Business Travel,Eco,933,3,3,3,3,4,3,4,4,5,1,1,2,4,3.08,0,0,FALSE
Female,Loyal Customer,51,Business Travel,Eco,192,4,1,1,1,2,5,1,4,4,4,4,5,3,3,0,0,TRUE
Female,Loyal Customer,14,Personal Travel,Eco,1303,2,4,2,3,1,2,1,1,5,2,5,3,1,2.46,0,0,FALSE
Male,Loyal Customer,36,Personal Travel,Eco Plus,802,4,3,4,3,2,4,4,2,4,4,3,2,2,3.15,15,14,FALSE
Male,Loyal Customer,42,Business Travel,Business,1371,3,3,1,3,2,4,5,4,4,4,4,4,3,3.38,0,0,TRUE
Female,Loyal Customer,58,Business Travel,Eco,329,4,2,2,2,4,4,4,4,1,4,1,4,4,3.08,211,221,TRUE
Female,Loyal Customer,62,Business Travel,Eco,269,5,1,1,1,4,5,1,5,5,5,5,2,3,3.31,0,0,TRUE
Male,Loyal Customer,48,Personal Travel,Eco,258,3,3,3,2,3,3,3,3,1,3,3,4,3,2.85,0,0,FALSE
Female,Loyal Customer,51,Business Travel,Eco,448,3,4,4,4,5,2,5,3,3,3,3,4,1,3.38,0,0,TRUE
Male,Loyal Customer,37,Personal Travel,Eco,2486,3,1,3,2,4,3,4,4,2,3,2,3,4,2.92,11,0,FALSE
Male,Loyal Customer,40,Personal Travel,Eco,1011,2,2,2,2,3,2,3,3,4,2,3,3,3,2.62,0,0,FALSE
Female,Loyal Customer,41,Business Travel,Business,116,2,2,2,2,3,1,5,5,5,5,4,4,1,3.15,0,0,TRUE
Female,Loyal Customer,58,Personal Travel,Eco Plus,208,4,3,4,2,2,4,2,4,4,4,4,4,4,3.46,0,0,FALSE
Female,Disloyal Customer,39,Business Travel,Eco,1187,2,2,2,3,1,2,1,1,1,4,3,2,1,1.92,0,0,FALSE
Female,Loyal Customer,25,Business Travel,Business,1598,3,3,3,3,5,5,5,5,4,5,3,3,5,4,0,0,TRUE
Male,Loyal Customer,43,Business Travel,Business,2743,3,3,3,3,5,1,1,4,4,4,4,1,5,3.15,9,59,TRUE
Female,Loyal Customer,43,Business Travel,Business,3078,0,0,0,2,5,5,5,4,4,3,3,3,5,3,0,0,TRUE
Female,Loyal Customer,47,Business Travel,Business,3395,2,2,3,2,4,5,4,4,4,4,4,5,5,3.69,0,0,TRUE
Female,Loyal Customer,37,Business Travel,Eco Plus,255,5,3,3,3,5,5,5,5,4,5,4,3,5,4.23,0,0,TRUE
Male,Disloyal Customer,22,Business Travel,Eco,472,1,3,1,4,2,1,4,2,2,2,4,2,2,2.31,2,0,FALSE
Male,Disloyal Customer,35,Business Travel,Business,1096,2,2,2,2,5,2,2,5,5,5,4,3,5,3.38,0,0,FALSE
Male,Disloyal Customer,39,Business Travel,Business,423,4,4,4,1,2,4,2,2,3,5,4,4,2,3.15,7,0,TRUE
Male,Loyal Customer,46,Business Travel,Business,1512,1,1,1,1,1,4,1,5,5,5,5,4,4,2.92,0,56,TRUE
Female,Loyal Customer,68,Personal Travel,Eco,558,1,5,1,4,5,4,5,2,2,1,2,5,3,3.08,0,0,FALSE
Male,Loyal Customer,46,Business Travel,Business,1721,1,1,1,1,3,5,5,5,5,5,5,3,5,3.46,0,0,TRUE
Female,Disloyal Customer,29,Business Travel,Eco,1235,3,3,3,4,1,3,1,1,4,4,3,1,1,2.46,0,0,FALSE
Male,Loyal Customer,23,Personal Travel,Eco Plus,293,5,5,5,1,3,5,1,3,1,1,3,3,3,3,0,0,TRUE
Male,Loyal Customer,70,Personal Travel,Eco,1598,4,2,5,4,2,5,2,2,2,1,3,1,2,2.69,0,19,FALSE
Male,Disloyal Customer,44,Business Travel,Business,408,3,3,3,3,1,3,1,1,5,5,4,3,1,2.77,80,121,FALSE
Male,Loyal Customer,39,Business Travel,Eco Plus,142,3,5,2,2,3,3,3,3,2,2,4,3,3,2.92,27,18,FALSE
Male,Loyal Customer,33,Business Travel,Business,1130,2,2,2,2,4,4,4,4,2,5,3,5,4,3.31,14,2,TRUE
Male,Loyal Customer,29,Personal Travel,Eco,666,3,3,3,3,3,3,3,3,3,5,2,1,3,2.92,0,21,FALSE
Female,Loyal Customer,29,Business Travel,Business,646,1,2,2,2,1,1,1,1,1,5,4,4,1,2,124,131,FALSE
Male,Loyal Customer,21,Personal Travel,Eco Plus,2153,4,4,3,4,5,3,5,5,5,3,4,4,5,4.15,1,0,FALSE
Male,Loyal Customer,35,Business Travel,Eco,247,4,3,3,3,4,4,4,4,3,2,1,1,4,3.08,0,0,TRUE
Male,Loyal Customer,21,Personal Travel,Eco,1984,2,2,2,4,3,2,1,3,1,3,3,1,3,2.31,33,6,FALSE
Female,Loyal Customer,26,Business Travel,Business,2971,1,1,1,1,4,4,4,4,3,5,5,4,4,3.15,4,0,TRUE
Male,Loyal Customer,29,Personal Travel,Eco Plus,677,2,1,2,3,1,2,1,1,4,4,4,4,1,2.31,15,5,FALSE
Female,Loyal Customer,28,Personal Travel,Eco,516,1,1,1,3,2,1,5,2,4,3,2,1,2,2.15,0,0,FALSE
Male,Loyal Customer,54,Business Travel,Business,2402,4,4,4,4,3,5,4,4,4,4,4,4,5,4.08,0,0,TRUE
Female,Disloyal Customer,20,Business Travel,Eco,926,4,4,4,3,3,4,3,3,1,5,3,3,3,3.31,20,0,FALSE
Female,Loyal Customer,56,Business Travel,Business,3565,3,3,3,3,5,4,5,4,4,4,4,4,4,3.85,0,9,TRUE
Female,Disloyal Customer,30,Business Travel,Business,1814,2,2,2,2,2,2,2,2,4,5,4,5,2,2.77,7,0,FALSE
Male,Loyal Customer,61,Business Travel,Business,2178,1,3,3,3,4,1,2,1,1,1,1,3,3,2.08,0,0,FALSE
Female,Loyal Customer,52,Personal Travel,Business,1749,3,2,2,4,1,3,3,4,4,2,3,4,1,2.77,18,44,FALSE
Male,Loyal Customer,29,Personal Travel,Eco,395,4,3,4,3,1,4,1,1,3,4,1,1,1,2.38,42,82,FALSE
Female,Disloyal Customer,23,Business Travel,Eco,1590,4,4,4,4,2,4,2,2,4,3,4,5,2,3.38,4,0,TRUE
Female,Loyal Customer,43,Personal Travel,Eco,308,2,4,2,2,3,5,5,4,4,2,4,4,5,3.54,0,0,FALSE
Female,Loyal Customer,35,Business Travel,Eco,1608,4,1,1,1,4,4,4,4,2,4,5,3,4,3.15,0,0,TRUE
Female,Loyal Customer,31,Business Travel,Business,1547,2,1,1,1,2,2,2,2,3,3,2,2,2,1.92,5,0,FALSE
Male,Loyal Customer,39,Personal Travel,Eco,408,2,4,4,5,3,4,3,3,3,5,4,4,3,3.62,0,0,FALSE
Male,Loyal Customer,40,Business Travel,Business,1084,4,4,1,4,2,5,5,4,4,4,4,4,5,3.85,0,0,TRUE
Male,Loyal Customer,32,Personal Travel,Eco,748,2,5,2,3,3,2,3,3,2,5,1,2,3,2.77,0,0,FALSE
Male,Loyal Customer,21,Business Travel,Business,2915,3,3,3,3,3,4,3,3,4,3,4,3,3,3.23,0,0,TRUE
Male,Disloyal Customer,24,Business Travel,Eco,937,5,5,5,3,2,5,2,2,4,5,5,3,2,3.69,89,75,TRUE
Female,Disloyal Customer,20,Business Travel,Business,1005,4,4,4,3,1,4,1,1,4,2,5,4,1,2.92,0,0,TRUE
Female,Loyal Customer,22,Personal Travel,Eco,1011,2,2,3,4,1,3,5,1,4,3,4,3,1,2.77,3,0,FALSE
Male,Loyal Customer,40,Business Travel,Business,270,3,3,3,3,3,3,3,3,3,3,3,1,1,2.69,0,0,FALSE
Female,Loyal Customer,49,Business Travel,Business,334,3,3,3,3,5,4,5,5,5,5,5,3,5,4.15,0,0,TRUE
Female,Disloyal Customer,23,Business Travel,Eco,337,4,5,4,3,1,4,1,1,3,3,4,5,1,3,0,0,TRUE
Male,Loyal Customer,48,Business Travel,Eco Plus,964,4,3,3,3,4,4,4,4,3,5,1,1,4,3.31,0,3,FALSE
Female,Disloyal Customer,27,Business Travel,Eco,1099,1,1,1,4,3,1,3,3,1,3,4,4,3,2.46,6,8,FALSE
Male,Loyal Customer,76,Business Travel,Business,2282,3,2,3,3,1,4,5,4,4,4,4,2,4,3.31,56,42,TRUE
Female,Disloyal Customer,28,Business Travel,Business,834,4,4,4,5,1,4,1,1,5,5,4,3,1,3.23,0,0,TRUE
Female,Disloyal Customer,34,Business Travel,Business,761,1,1,1,5,4,1,1,4,4,4,5,5,4,3.08,24,22,FALSE
Female,Loyal Customer,57,Business Travel,Business,2066,5,5,5,5,5,4,4,2,2,2,2,3,5,3.77,82,88,TRUE
Male,Disloyal Customer,24,Business Travel,Eco,313,3,4,4,4,3,4,4,3,2,3,4,1,3,3.23,58,48,FALSE
Male,Loyal Customer,39,Business Travel,Eco Plus,462,5,4,4,4,5,5,5,5,1,5,1,4,5,4.08,0,0,TRUE
Female,Loyal Customer,50,Business Travel,Business,1849,0,5,0,3,4,5,5,4,4,1,1,3,3,2.92,0,0,TRUE
Female,Loyal Customer,20,Personal Travel,Eco,1121,4,5,4,5,3,4,3,3,3,4,4,3,3,3.69,0,0,TRUE
Female,Loyal Customer,26,Business Travel,Business,2605,5,5,4,5,5,5,5,5,5,5,5,5,5,4.92,19,60,TRUE
Female,Loyal Customer,15,Personal Travel,Eco,185,3,4,0,4,2,0,2,2,4,2,4,5,2,2.62,0,0,FALSE
Male,Loyal Customer,49,Business Travel,Eco,2358,4,3,3,3,4,4,4,4,3,5,4,4,4,3.77,7,0,TRUE
Female,Loyal Customer,53,Personal Travel,Eco,109,4,4,0,5,2,5,4,5,5,0,2,4,5,3.46,0,0,FALSE
Male,Loyal Customer,53,Business Travel,Business,2858,2,2,2,2,5,4,5,4,4,4,4,5,3,3.54,0,0,TRUE
Female,Loyal Customer,70,Business Travel,Business,301,1,1,4,1,4,4,4,1,1,1,1,1,2,2,0,0,FALSE
Female,Loyal Customer,55,Personal Travel,Business,447,2,5,2,3,3,2,2,1,1,2,1,3,1,2.15,0,0,FALSE
Male,Loyal Customer,56,Business Travel,Business,3344,2,2,1,2,2,5,5,4,4,4,4,5,3,3.31,16,4,TRUE
Female,Loyal Customer,28,Personal Travel,Eco,84,4,4,0,1,2,0,2,2,3,2,4,5,2,2.38,22,10,FALSE
Female,Loyal Customer,29,Personal Travel,Business,354,3,3,3,3,5,3,5,5,2,2,2,5,5,3.54,0,0,FALSE
Male,Loyal Customer,44,Personal Travel,Eco,1012,3,5,3,3,5,3,5,5,3,4,4,4,5,4,53,102,FALSE
Male,Loyal Customer,27,Business Travel,Business,3892,1,1,1,1,5,5,5,5,4,5,3,5,5,3.54,75,69,TRUE
Male,Loyal Customer,28,Personal Travel,Business,308,3,5,3,1,1,3,1,1,3,5,4,4,1,2.69,31,42,FALSE
Male,Disloyal Customer,23,Business Travel,Eco,422,2,1,3,3,4,3,4,4,3,5,3,2,4,3.15,0,0,FALSE
Female,Disloyal Customer,45,Business Travel,Business,759,3,3,3,5,5,3,5,5,5,5,4,3,5,4.15,53,49,FALSE
Female,Loyal Customer,30,Personal Travel,Eco Plus,101,3,1,3,3,3,3,4,3,2,5,3,1,3,2.85,5,10,FALSE
Female,Loyal Customer,43,Business Travel,Business,1039,4,4,4,4,2,4,4,4,4,4,4,4,3,3.77,0,0,TRUE
Female,Loyal Customer,18,Personal Travel,Business,672,5,5,5,1,3,5,3,3,5,5,4,5,3,4,0,13,TRUE
Female,Disloyal Customer,22,Business Travel,Eco,807,4,4,4,3,4,4,4,4,3,5,3,2,4,3.69,0,0,FALSE
Female,Loyal Customer,25,Personal Travel,Eco,323,1,2,0,2,2,0,2,2,1,3,3,2,2,1.69,76,70,FALSE
Male,Loyal Customer,60,Business Travel,Business,1999,4,4,4,4,4,4,5,4,4,4,4,4,5,4.15,0,0,TRUE
Male,Loyal Customer,48,Personal Travel,Eco,645,2,4,2,2,3,2,3,3,5,5,4,5,3,3.31,98,94,FALSE
Female,Loyal Customer,51,Personal Travel,Business,397,5,2,5,4,4,3,3,2,2,5,2,2,2,3.15,87,83,TRUE
Male,Loyal Customer,69,Business Travel,Business,404,4,4,4,4,4,5,5,4,4,4,4,4,4,4.15,0,0,TRUE
Female,Loyal Customer,44,Business Travel,Business,1811,0,0,0,2,1,4,3,5,5,5,5,1,5,2.77,0,0,TRUE
Female,Loyal Customer,48,Business Travel,Business,2835,4,4,4,4,4,4,4,4,4,4,4,1,5,3.85,10,1,TRUE
Female,Loyal Customer,52,Business Travel,Eco,671,3,2,2,2,3,4,3,3,3,3,3,4,3,2.92,17,17,FALSE
Male,Loyal Customer,9,Personal Travel,Eco,903,5,2,5,4,1,5,1,1,3,3,4,2,1,2.85,2,0,TRUE
Male,Disloyal Customer,35,Business Travel,Business,419,2,2,2,4,2,2,2,2,4,5,5,3,2,2.85,60,26,FALSE
Female,Disloyal Customer,49,Business Travel,Eco,657,2,3,2,2,5,2,5,5,1,2,5,1,5,3.08,0,0,FALSE
Male,Loyal Customer,27,Business Travel,Business,3374,4,4,4,4,4,4,4,4,4,5,5,1,4,3.92,0,0,TRUE
Female,Disloyal Customer,25,Business Travel,Eco,363,2,3,2,2,1,2,5,1,5,5,3,3,1,2.69,0,0,FALSE
Female,Loyal Customer,19,Personal Travel,Eco,834,4,5,4,1,4,4,4,4,4,3,5,4,4,3.85,1,0,TRUE
Male,Loyal Customer,41,Business Travel,Eco,937,2,3,5,3,2,2,2,2,3,4,2,1,2,2.54,0,0,FALSE
Male,Loyal Customer,59,Business Travel,Eco,636,1,3,3,3,1,1,1,1,4,4,3,4,1,2.31,0,17,FALSE
Male,Disloyal Customer,24,Business Travel,Eco,577,4,0,3,1,1,3,1,1,2,1,2,3,1,1.77,39,31,FALSE
Female,Loyal Customer,70,Personal Travel,Eco Plus,2475,2,3,2,3,2,4,4,1,1,2,1,4,3,2.46,0,0,FALSE
Male,Loyal Customer,21,Business Travel,Business,950,3,2,2,2,3,3,3,3,1,5,3,3,3,2.77,0,0,FALSE
Female,Loyal Customer,66,Personal Travel,Business,391,3,3,3,4,2,3,3,5,5,3,5,4,2,3.46,0,0,FALSE
Male,Loyal Customer,37,Business Travel,Business,386,4,4,4,4,2,4,4,5,5,5,5,3,5,4.15,28,18,TRUE
Male,Loyal Customer,50,Business Travel,Business,1884,5,5,5,5,3,5,4,4,4,4,4,5,5,4.46,0,7,TRUE
Male,Loyal Customer,64,Personal Travel,Eco,1723,2,5,2,3,5,2,5,5,4,4,4,3,5,3.77,0,0,FALSE
Male,Loyal Customer,40,Business Travel,Business,391,2,2,2,2,5,1,5,5,5,5,5,2,5,3.54,0,2,TRUE
Male,Loyal Customer,51,Business Travel,Business,3517,4,2,4,4,4,4,4,4,4,4,4,3,4,3.77,0,0,TRUE
Female,Loyal Customer,49,Business Travel,Business,1940,4,4,4,4,4,5,5,5,5,5,5,4,5,4.54,0,0,TRUE
Female,Loyal Customer,69,Personal Travel,Eco,2585,3,1,3,4,2,3,4,1,1,3,1,4,1,2.38,0,0,FALSE
Female,Loyal Customer,58,Personal Travel,Eco,370,3,1,3,3,2,3,3,1,1,3,1,3,2,2.23,0,1,FALSE
Female,Loyal Customer,34,Business Travel,Business,320,5,5,5,5,5,1,4,5,5,5,5,4,2,4.31,0,2,TRUE
Female,Loyal Customer,43,Business Travel,Business,1242,3,3,1,3,2,4,5,4,4,4,4,5,4,3.54,0,0,TRUE
Female,Loyal Customer,46,Personal Travel,Eco,728,3,1,4,2,2,2,2,3,3,4,1,1,1,2.23,0,0,FALSE
Male,Disloyal Customer,42,Business Travel,Eco,808,1,1,1,4,1,1,1,1,3,4,3,2,1,1.85,27,25,FALSE
Male,Loyal Customer,45,Business Travel,Business,411,4,2,2,2,3,4,3,4,4,4,4,3,1,3.08,0,0,FALSE
Female,Loyal Customer,53,Business Travel,Business,922,4,4,4,4,2,4,5,5,5,5,5,4,3,4.15,0,0,TRUE
Female,Loyal Customer,49,Business Travel,Business,1440,4,4,4,4,3,4,4,5,5,5,5,5,4,4.31,3,4,TRUE
Female,Disloyal Customer,25,Business Travel,Business,611,5,5,5,4,5,5,1,5,5,4,4,4,5,4.38,72,96,TRUE
Male,Loyal Customer,56,Personal Travel,Business,262,4,4,4,1,4,4,2,1,1,4,1,3,3,2.77,0,0,FALSE
Male,Loyal Customer,53,Personal Travel,Eco,173,1,4,1,2,4,1,4,4,5,5,4,3,4,3.23,4,8,FALSE
Female,Loyal Customer,50,Business Travel,Business,1303,1,1,1,1,5,4,5,5,5,5,5,3,5,3.54,0,0,TRUE
Female,Disloyal Customer,55,Personal Travel,Eco,746,5,2,5,4,1,5,5,1,1,1,3,3,1,2.85,0,0,TRUE
Male,Disloyal Customer,26,Business Travel,Business,577,2,2,2,2,3,2,5,3,4,1,3,4,3,2.77,0,0,FALSE
Male,Loyal Customer,56,Business Travel,Business,1400,2,2,5,2,2,5,5,5,5,5,5,4,3,3.85,0,0,TRUE
Male,Loyal Customer,39,Personal Travel,Eco,967,1,4,1,2,5,1,5,5,3,4,4,3,5,3.31,24,4,FALSE
Female,Loyal Customer,39,Business Travel,Business,3799,2,2,2,2,3,5,5,4,4,4,4,3,4,3.38,0,0,TRUE
Female,Loyal Customer,47,Personal Travel,Eco,1075,3,5,3,3,2,3,1,2,2,3,2,4,4,2.85,0,0,FALSE
Female,Loyal Customer,26,Business Travel,Business,1930,1,1,1,1,4,4,4,4,5,5,5,3,4,3.23,0,0,TRUE
Female,Disloyal Customer,45,Business Travel,Business,393,4,4,4,4,2,4,2,2,4,2,4,4,2,3.23,0,0,TRUE
Female,Loyal Customer,22,Personal Travel,Eco,304,0,3,0,3,5,0,5,5,4,2,3,2,5,2.85,0,0,TRUE
Female,Disloyal Customer,23,Business Travel,Eco,163,4,4,3,4,1,3,1,1,1,2,3,3,1,2.38,0,0,FALSE
Male,Loyal Customer,55,Business Travel,Business,3117,4,4,4,4,5,4,4,5,5,5,5,5,4,4.46,0,0,TRUE
Female,Loyal Customer,35,Personal Travel,Eco,1187,3,5,3,3,5,3,5,5,4,5,5,5,5,4.31,102,92,FALSE
Male,Disloyal Customer,27,Business Travel,Eco,246,3,0,3,4,4,3,4,4,1,1,4,3,4,2.92,0,12,FALSE
Female,Loyal Customer,8,Personal Travel,Eco,612,2,5,2,4,5,2,5,5,3,2,5,4,5,3.77,1,7,FALSE
Male,Loyal Customer,36,Business Travel,Business,370,3,3,3,3,5,5,5,4,4,5,4,5,4,4.08,0,0,TRUE
Female,Loyal Customer,17,Personal Travel,Business,894,3,4,3,5,2,3,2,2,4,3,5,5,2,3.31,40,35,FALSE
Female,Disloyal Customer,47,Business Travel,Eco,550,2,0,2,5,3,2,3,3,1,4,1,4,3,2.54,6,0,FALSE
Female,Disloyal Customer,24,Business Travel,Eco,569,1,4,1,3,1,1,1,1,2,4,4,3,1,2.08,0,0,FALSE
Female,Disloyal Customer,22,Business Travel,Eco Plus,423,5,0,5,2,3,5,3,3,3,3,2,4,3,3.15,20,17,TRUE
Female,Disloyal Customer,28,Business Travel,Eco,1506,3,3,3,3,1,3,1,1,3,3,3,3,1,2.38,22,3,FALSE
Male,Disloyal Customer,21,Business Travel,Eco,813,5,5,5,1,2,5,2,2,4,2,4,3,2,3.23,0,0,TRUE
Male,Loyal Customer,27,Business Travel,Eco,306,4,3,3,3,4,5,4,4,1,2,2,5,4,3.38,0,0,TRUE
Female,Loyal Customer,41,Personal Travel,Eco,759,4,5,4,4,4,4,4,4,5,2,5,3,4,4,0,0,FALSE
Male,Loyal Customer,52,Personal Travel,Eco,515,2,5,2,4,3,2,3,3,3,4,4,5,3,3.31,0,0,FALSE
Female,Loyal Customer,25,Personal Travel,Eco,507,4,2,2,2,4,2,4,4,1,3,2,4,4,2.92,0,0,TRUE
Female,Loyal Customer,55,Business Travel,Business,1438,2,3,2,2,3,5,5,3,3,3,3,3,3,3.08,28,40,TRUE
Male,Loyal Customer,42,Personal Travel,Eco Plus,2139,2,1,2,2,2,2,2,2,4,5,1,2,2,2.23,0,0,FALSE
Female,Loyal Customer,33,Personal Travel,Eco,1237,2,4,2,3,5,2,3,5,5,3,4,4,5,3.62,3,0,FALSE
Female,Disloyal Customer,47,Business Travel,Eco,978,3,4,4,4,2,4,2,2,2,2,4,3,2,2.92,0,0,FALSE
Female,Disloyal Customer,15,Business Travel,Eco,823,3,3,3,3,1,3,1,1,5,4,3,3,1,2.62,23,2,FALSE
Male,Loyal Customer,60,Business Travel,Business,3479,2,2,2,2,5,5,5,3,3,3,3,4,3,3.23,55,72,TRUE
Female,Loyal Customer,28,Business Travel,Business,2270,3,3,3,3,4,4,4,4,5,2,5,3,4,3.62,0,0,TRUE
Female,Loyal Customer,48,Business Travel,Business,212,3,3,3,3,2,4,4,4,4,4,5,3,5,3.62,49,51,TRUE
Female,Loyal Customer,49,Business Travel,Business,214,2,2,2,2,5,5,4,4,4,4,4,4,3,3.46,42,42,TRUE
Female,Loyal Customer,68,Personal Travel,Eco,1174,2,3,2,4,5,2,4,5,5,2,5,4,4,3.62,40,24,FALSE
Male,Loyal Customer,47,Business Travel,Business,1582,3,3,3,3,5,4,4,4,4,4,4,5,4,3.85,0,0,TRUE
Male,Loyal Customer,39,Business Travel,Eco Plus,484,1,1,5,5,1,1,1,1,2,5,3,3,1,2.31,0,0,FALSE
Male,Loyal Customer,50,Personal Travel,Eco,1142,0,4,0,3,3,0,3,3,2,4,2,1,3,2.15,0,0,TRUE
Female,Loyal Customer,41,Business Travel,Business,2724,0,5,0,4,3,4,4,5,5,5,5,5,5,3.85,0,2,TRUE
Female,Loyal Customer,42,Business Travel,Business,896,3,3,3,3,3,3,4,5,5,5,5,4,2,3.69,8,8,TRUE
Female,Loyal Customer,39,Business Travel,Business,581,4,4,4,4,2,4,5,4,4,4,4,5,4,4,3,19,TRUE
Female,Disloyal Customer,39,Business Travel,Business,150,1,1,1,3,1,1,1,1,1,3,3,1,1,1.46,0,22,FALSE
Male,Disloyal Customer,21,Business Travel,Eco,793,2,2,2,1,5,2,5,5,4,5,4,5,5,3.62,14,0,FALSE
Male,Loyal Customer,54,Business Travel,Eco,907,1,5,5,5,1,1,1,1,3,4,2,3,1,2.54,49,95,FALSE
Male,Loyal Customer,56,Business Travel,Business,3290,1,1,1,1,2,4,5,5,5,5,5,3,3,3.15,4,0,TRUE
Female,Disloyal Customer,31,Business Travel,Eco,1554,3,4,4,2,1,3,1,1,2,2,3,5,1,2.46,0,0,FALSE
Male,Disloyal Customer,26,Business Travel,Business,1390,4,4,4,2,2,4,2,2,5,4,5,3,2,3.31,11,3,TRUE
Female,Disloyal Customer,27,Business Travel,Business,2295,3,3,3,3,5,3,3,5,5,3,4,4,5,3.77,0,0,FALSE
Male,Disloyal Customer,29,Business Travel,Eco,895,3,3,3,4,5,3,5,5,3,1,4,4,5,3.69,28,24,FALSE
Female,Loyal Customer,20,Personal Travel,Eco,661,2,1,2,3,3,2,3,3,4,1,3,1,3,2.38,48,36,FALSE
Female,Loyal Customer,37,Personal Travel,Eco,2227,3,5,3,2,4,3,4,4,3,5,4,5,4,3.77,0,0,FALSE
Male,Loyal Customer,43,Business Travel,Eco,828,3,4,4,4,3,3,3,3,1,5,4,3,3,3.31,0,4,FALSE
Male,Loyal Customer,32,Business Travel,Business,2904,5,5,5,5,4,4,4,4,4,2,5,5,4,4.31,18,0,TRUE
Female,Loyal Customer,50,Business Travel,Business,370,3,3,3,3,5,4,4,5,5,5,5,3,3,3.92,0,0,TRUE
Male,Loyal Customer,23,Business Travel,Eco,868,0,3,0,2,5,0,5,5,1,3,5,5,5,3,0,2,TRUE
Female,Loyal Customer,52,Personal Travel,Eco,1389,2,5,2,3,3,4,4,3,3,2,4,3,5,3.31,5,0,FALSE
Male,Loyal Customer,54,Business Travel,Business,3273,4,4,4,4,5,5,5,4,3,5,3,5,5,4.31,56,71,TRUE
Male,Loyal Customer,47,Business Travel,Business,1371,5,5,2,5,5,5,4,4,4,4,4,4,4,4.23,2,0,TRUE
Male,Loyal Customer,39,Business Travel,Business,1726,2,2,2,2,5,5,5,4,4,4,4,5,3,3.62,2,0,TRUE
Female,Loyal Customer,36,Business Travel,Eco,337,2,2,2,2,2,2,2,2,2,1,4,4,2,2.23,0,18,FALSE
Female,Loyal Customer,37,Business Travel,Eco Plus,201,4,2,2,2,4,4,4,4,1,5,2,1,4,3,0,0,TRUE
Male,Loyal Customer,58,Business Travel,Eco,542,4,3,3,3,4,4,4,4,3,2,4,1,4,3.31,0,0,FALSE
Female,Loyal Customer,60,Business Travel,Business,3622,5,1,5,5,3,5,4,4,4,4,4,4,5,4.08,90,104,TRUE
Female,Loyal Customer,29,Business Travel,Business,2363,1,1,5,1,5,5,5,5,3,2,5,5,5,3.69,0,0,TRUE
Male,Disloyal Customer,38,Business Travel,Eco,624,2,1,2,3,4,2,1,4,4,1,3,3,4,2.62,0,0,FALSE
Female,Loyal Customer,41,Personal Travel,Eco,594,3,4,3,4,2,3,2,2,1,1,1,1,2,2.23,25,22,FALSE
Female,Loyal Customer,44,Business Travel,Eco Plus,214,2,4,4,4,4,4,4,2,2,2,2,2,2,2.92,0,6,FALSE
Male,Loyal Customer,51,Business Travel,Eco,377,5,1,1,1,5,5,5,5,5,3,5,4,5,3.85,1,0,TRUE
Male,Loyal Customer,51,Business Travel,Business,370,2,4,2,2,3,5,4,3,3,3,3,4,5,3.31,0,0,TRUE
Female,Loyal Customer,19,Personal Travel,Eco,1166,3,5,3,5,3,3,3,3,5,4,5,3,3,3.69,13,7,FALSE
Male,Loyal Customer,54,Personal Travel,Eco,491,3,5,3,3,2,3,5,2,3,2,4,4,2,3.15,0,3,FALSE
Male,Loyal Customer,38,Business Travel,Business,101,3,5,5,5,2,3,3,2,2,2,3,3,1,3,6,12,FALSE
Female,Loyal Customer,35,Personal Travel,Eco,836,4,5,4,2,3,4,3,3,5,3,5,4,3,3.69,11,33,FALSE
Female,Disloyal Customer,29,Business Travel,Eco,1035,3,3,3,2,4,3,4,4,1,3,5,1,4,3.08,0,0,FALSE
Female,Loyal Customer,31,Business Travel,Business,2062,3,3,5,3,5,5,5,5,5,5,5,4,5,4.46,0,35,TRUE
Male,Loyal Customer,54,Business Travel,Business,3109,0,0,0,1,2,5,5,1,1,1,1,3,4,1.85,0,0,TRUE
Male,Loyal Customer,52,Business Travel,Business,3201,4,4,4,4,2,4,5,4,4,4,4,5,4,4,0,0,TRUE
Male,Loyal Customer,63,Personal Travel,Eco,631,4,5,4,4,4,4,4,4,2,3,4,2,4,3.69,20,13,FALSE
Female,Loyal Customer,62,Personal Travel,Eco,581,1,4,2,4,5,5,5,4,4,2,4,3,3,3.54,2,15,FALSE
Female,Loyal Customer,66,Business Travel,Eco,262,3,4,4,4,2,3,3,4,4,3,4,2,4,3.38,21,8,FALSE
Male,Loyal Customer,25,Personal Travel,Eco,950,3,2,3,3,3,3,3,3,1,2,4,2,3,2.69,0,4,FALSE
Female,Loyal Customer,48,Business Travel,Business,3252,2,2,2,2,3,4,5,5,5,5,5,5,3,3.69,0,0,TRUE
Female,Loyal Customer,41,Business Travel,Eco,481,4,4,4,4,3,4,3,3,2,5,2,2,3,3.31,0,0,FALSE
Female,Loyal Customer,43,Business Travel,Business,2072,5,5,5,5,2,4,4,4,4,4,4,5,3,4.15,2,0,TRUE
Female,Loyal Customer,47,Business Travel,Business,2999,4,4,4,4,4,5,4,4,4,4,4,3,4,4,18,28,TRUE
Male,Loyal Customer,27,Business Travel,Eco Plus,907,3,3,3,3,3,3,3,3,4,5,4,4,3,3.38,0,0,FALSE
Female,Loyal Customer,34,Personal Travel,Eco,1535,2,5,2,5,1,2,1,1,5,3,5,4,1,2.85,0,0,FALSE
Female,Loyal Customer,7,Personal Travel,Eco,2475,1,4,1,3,1,5,5,2,1,4,3,5,5,3.08,0,0,FALSE
Female,Loyal Customer,44,Business Travel,Eco,925,4,4,4,4,4,3,2,4,4,4,4,3,2,3.54,0,0,TRUE
Male,Loyal Customer,40,Business Travel,Business,3084,1,1,1,1,4,4,5,4,4,4,4,3,3,3,71,67,TRUE
Female,Loyal Customer,48,Personal Travel,Eco,817,2,2,2,4,5,4,4,2,2,2,2,3,1,2.69,2,0,FALSE
Female,Loyal Customer,31,Business Travel,Business,833,4,4,3,4,4,4,4,4,1,5,3,2,4,3.54,11,0,FALSE
Female,Loyal Customer,16,Business Travel,Business,373,3,2,2,2,3,3,3,3,3,1,4,4,3,2.77,14,6,FALSE
Female,Loyal Customer,53,Business Travel,Business,3338,4,4,4,4,3,1,4,4,4,4,4,3,4,3.62,33,34,TRUE
Female,Loyal Customer,46,Business Travel,Business,2586,1,1,1,1,5,5,4,5,5,4,5,4,4,3.46,0,0,TRUE
Female,Loyal Customer,42,Business Travel,Eco,406,4,2,2,2,5,4,2,4,4,4,4,5,5,3.62,7,46,TRUE
Male,Loyal Customer,34,Business Travel,Business,3436,2,2,2,2,5,4,5,2,2,2,2,3,4,2.85,0,0,TRUE
Female,Loyal Customer,47,Personal Travel,Eco,1626,2,3,2,2,3,3,1,3,3,2,5,1,4,2.62,0,0,FALSE
Female,Disloyal Customer,14,Business Travel,Eco,679,1,1,1,3,5,1,5,5,3,3,3,1,5,2.85,0,0,FALSE
Male,Loyal Customer,16,Business Travel,Business,1404,1,5,5,5,1,1,1,1,4,2,2,2,1,2.38,0,10,FALSE
Female,Loyal Customer,43,Personal Travel,Eco Plus,120,1,3,0,4,3,3,3,1,1,0,1,3,1,1.85,28,18,FALSE
Male,Loyal Customer,40,Personal Travel,Eco,997,1,4,1,3,3,1,3,3,4,3,5,3,3,2.85,0,18,FALSE
Female,Disloyal Customer,36,Business Travel,Eco,591,1,1,1,3,2,1,2,2,4,5,3,3,2,2.31,18,14,FALSE
Female,Loyal Customer,53,Business Travel,Business,551,1,1,1,1,3,3,4,1,1,1,1,4,3,1.92,0,0,FALSE
Female,Loyal Customer,65,Personal Travel,Eco,390,3,1,3,4,5,4,3,4,4,3,4,4,2,3.38,2,0,FALSE
Female,Loyal Customer,40,Business Travel,Eco Plus,717,1,2,2,2,1,2,1,1,1,3,3,3,1,1.77,0,17,FALSE
Male,Loyal Customer,51,Business Travel,Business,341,5,5,5,5,2,4,4,4,4,4,4,4,5,4.23,0,0,TRUE
Female,Disloyal Customer,24,Business Travel,Eco,946,2,2,2,3,4,2,4,4,5,3,5,3,4,3.31,0,0,FALSE
Male,Loyal Customer,49,Business Travel,Business,207,5,5,5,5,3,3,5,4,4,4,5,5,5,4.46,0,0,TRUE
Female,Loyal Customer,56,Business Travel,Business,641,2,2,2,2,2,5,5,5,5,5,5,3,4,3.62,52,33,TRUE
Female,Disloyal Customer,22,Business Travel,Business,834,0,0,0,5,5,0,5,5,5,3,4,3,5,3.08,10,1,TRUE
Female,Loyal Customer,58,Business Travel,Eco,680,4,2,2,2,3,4,5,4,4,4,4,2,5,3.46,10,20,TRUE
Male,Disloyal Customer,26,Business Travel,Eco,89,2,4,2,3,3,2,3,3,5,5,4,3,3,3.23,11,17,FALSE
Male,Loyal Customer,44,Business Travel,Business,2649,3,5,5,5,2,4,4,3,3,3,3,2,3,3.46,0,3,FALSE
Male,Loyal Customer,7,Personal Travel,Eco,1050,4,1,4,4,3,4,3,3,2,4,3,4,3,3.23,0,0,TRUE
Female,Loyal Customer,42,Business Travel,Business,473,2,2,2,2,1,1,1,4,4,4,4,2,3,2.46,0,0,TRUE
Male,Loyal Customer,35,Personal Travel,Eco,109,1,1,1,3,2,1,2,2,2,4,3,3,2,2.08,0,0,FALSE
Male,Loyal Customer,64,Personal Travel,Eco,1851,1,5,1,3,3,1,3,3,4,2,4,4,3,2.85,0,2,FALSE
Male,Loyal Customer,64,Personal Travel,Eco,325,2,4,2,1,5,2,4,5,4,1,5,3,5,3.31,0,0,FALSE
Female,Loyal Customer,27,Personal Travel,Eco,762,1,4,1,5,1,1,1,1,5,2,5,4,1,2.46,14,20,FALSE
Female,Disloyal Customer,23,Business Travel,Eco,970,2,2,2,2,3,2,3,3,4,3,4,3,3,2.77,0,0,FALSE
Male,Disloyal Customer,25,Business Travel,Business,1131,5,0,5,2,5,5,5,5,3,3,5,3,5,3.92,17,5,TRUE
Female,Loyal Customer,59,Business Travel,Business,283,2,4,4,4,2,3,3,2,2,2,2,2,3,2.69,45,42,FALSE
Female,Loyal Customer,53,Business Travel,Eco,399,2,1,1,1,3,4,4,2,2,2,2,3,4,2.38,0,0,FALSE
Female,Loyal Customer,29,Business Travel,Business,2280,3,3,3,3,3,3,3,3,4,3,4,4,3,3.23,0,0,FALSE
Male,Loyal Customer,20,Personal Travel,Eco,1009,3,5,3,5,3,3,3,3,3,2,5,4,3,3.46,0,0,FALSE
Female,Loyal Customer,43,Business Travel,Business,987,1,1,1,1,2,5,5,5,5,5,5,4,5,3.46,11,17,TRUE
Male,Loyal Customer,58,Personal Travel,Eco Plus,788,2,4,2,3,4,2,4,4,2,3,4,3,4,3.15,19,17,FALSE
Male,Loyal Customer,60,Business Travel,Eco,190,4,2,2,2,4,4,4,4,5,2,3,3,4,3.31,0,0,TRUE
Female,Loyal Customer,23,Business Travel,Eco,533,3,4,2,4,3,3,3,3,2,4,4,4,3,3.23,0,7,FALSE
Male,Loyal Customer,53,Business Travel,Business,2839,1,1,1,1,3,5,4,4,4,4,4,5,5,3.23,0,0,TRUE
Female,Loyal Customer,38,Business Travel,Business,3382,2,1,1,1,3,3,3,2,2,2,2,2,3,2.08,0,0,FALSE
Female,Disloyal Customer,19,Business Travel,Eco,453,3,4,3,3,2,3,2,2,1,1,4,4,2,2.62,32,14,FALSE
Male,Loyal Customer,53,Business Travel,Business,3149,1,1,1,1,3,5,4,1,1,2,1,3,4,2.15,11,3,TRUE
Male,Loyal Customer,48,Business Travel,Business,2628,2,2,2,2,4,3,3,2,2,3,2,2,2,2.38,0,0,FALSE
Male,Loyal Customer,29,Personal Travel,Eco,1448,2,3,2,1,1,2,1,1,1,3,1,1,1,1.54,0,0,FALSE
Female,Disloyal Customer,20,Business Travel,Eco,594,0,0,0,3,4,0,4,4,4,2,4,3,4,2.46,5,0,TRUE
Female,Disloyal Customer,39,Business Travel,Business,265,1,1,1,4,1,1,1,1,1,2,3,3,1,1.62,0,7,FALSE
Male,Disloyal Customer,24,Business Travel,Business,337,4,0,4,2,4,4,4,4,5,3,5,4,4,3.62,27,32,TRUE
Female,Disloyal Customer,26,Business Travel,Business,349,5,5,4,2,2,4,2,2,4,5,5,4,2,3.54,0,17,TRUE
Male,Loyal Customer,26,Business Travel,Business,867,2,2,2,2,4,4,4,4,5,2,5,4,4,3.38,0,0,TRUE
Male,Loyal Customer,33,Personal Travel,Eco,152,5,4,5,3,2,5,2,2,4,4,5,5,2,3.69,0,0,TRUE
Female,Loyal Customer,55,Business Travel,Business,3921,4,4,2,4,5,4,4,3,3,4,3,5,5,3.85,60,53,TRUE
Female,Loyal Customer,39,Business Travel,Eco Plus,223,1,5,5,5,1,1,1,1,4,2,3,2,1,2.46,35,31,FALSE
Female,Loyal Customer,56,Business Travel,Business,2153,2,2,2,2,3,4,5,4,4,4,5,4,5,3.54,0,0,TRUE
Male,Loyal Customer,16,Personal Travel,Eco,761,1,4,1,3,2,1,2,2,4,2,4,4,2,2.46,3,0,FALSE
Male,Loyal Customer,39,Business Travel,Business,1774,4,4,4,4,2,4,5,5,5,5,5,5,3,4.23,0,0,TRUE
Male,Loyal Customer,69,Personal Travel,Eco,954,2,5,2,1,1,2,1,1,4,4,5,5,1,2.62,0,0,FALSE
Male,Loyal Customer,38,Business Travel,Eco,175,2,5,5,5,2,2,2,2,1,3,4,1,2,2.77,30,34,FALSE
Male,Loyal Customer,58,Personal Travel,Eco,985,4,4,5,4,1,5,1,1,4,5,5,3,1,3.31,0,0,FALSE
Male,Loyal Customer,65,Personal Travel,Eco,1010,4,4,4,4,4,4,4,4,2,3,3,4,4,3.69,0,0,FALSE
Female,Loyal Customer,32,Business Travel,Business,2655,1,0,0,3,3,0,3,3,4,5,4,4,3,2.54,58,52,FALSE
Male,Loyal Customer,37,Business Travel,Eco,306,4,2,2,2,4,4,4,4,2,4,1,5,4,3.23,38,21,TRUE
Male,Loyal Customer,63,Personal Travel,Eco,628,2,4,2,1,5,2,2,5,5,2,4,3,5,3.23,0,0,FALSE
Male,Loyal Customer,48,Business Travel,Business,2013,5,5,5,5,1,2,3,5,5,5,5,5,2,4.08,54,32,TRUE
Female,Loyal Customer,44,Personal Travel,Business,432,3,2,3,3,3,4,4,1,1,3,1,4,1,2.54,50,38,FALSE
Male,Disloyal Customer,21,Business Travel,Eco,402,2,1,2,3,2,5,3,1,2,2,3,3,3,2.46,86,209,FALSE
Male,Disloyal Customer,26,Business Travel,Eco,1000,1,1,1,3,1,1,2,1,2,2,3,3,1,1.69,0,0,FALSE
Male,Loyal Customer,34,Personal Travel,Eco,632,2,4,2,3,1,2,1,1,4,5,5,5,1,2.77,0,0,FALSE
Female,Loyal Customer,20,Personal Travel,Eco,689,3,4,3,4,5,3,1,5,5,4,4,3,5,3.77,0,0,FALSE
Male,Loyal Customer,32,Business Travel,Eco,1055,3,5,2,5,3,2,3,3,1,5,4,4,3,3.31,0,0,FALSE
Female,Loyal Customer,59,Business Travel,Business,2121,3,3,3,3,3,5,3,4,4,5,4,5,3,3.69,0,0,TRUE
Male,Loyal Customer,49,Business Travel,Business,2771,4,4,4,4,4,5,4,4,4,4,4,3,5,4.08,0,0,TRUE
Female,Disloyal Customer,45,Business Travel,Eco,761,1,2,2,5,5,2,5,5,1,5,4,1,5,3.31,0,8,FALSE
Female,Loyal Customer,34,Business Travel,Business,3402,1,1,3,1,4,2,3,1,1,1,1,3,4,2,66,67,FALSE
Male,Loyal Customer,57,Business Travel,Business,1590,1,1,5,1,4,5,4,2,2,3,2,4,5,3,9,0,TRUE
Female,Loyal Customer,49,Business Travel,Eco,1028,4,5,5,5,4,4,5,4,4,4,4,2,1,3.92,0,0,TRUE
Female,Loyal Customer,60,Personal Travel,Eco,356,3,5,3,5,5,5,4,5,5,3,5,3,3,4.15,0,0,FALSE
Male,Loyal Customer,30,Business Travel,Business,413,4,4,4,4,4,4,4,4,3,4,5,5,4,4.08,0,0,TRUE
Male,Loyal Customer,50,Personal Travel,Eco,632,3,4,4,3,4,4,4,4,3,3,5,3,4,3.69,5,0,FALSE
Female,Loyal Customer,20,Personal Travel,Eco,1055,3,4,3,5,4,3,4,4,3,2,4,5,4,3.69,0,0,FALSE
Female,Loyal Customer,47,Personal Travel,Eco,1052,4,4,4,3,4,5,5,3,3,4,3,3,4,3.77,20,34,FALSE
Male,Loyal Customer,59,Business Travel,Business,719,4,4,4,4,5,5,4,5,5,5,5,3,3,4.31,0,0,TRUE
Male,Loyal Customer,66,Personal Travel,Eco,280,3,4,3,5,2,3,2,2,4,2,4,4,2,3.08,10,33,FALSE
Male,Loyal Customer,28,Personal Travel,Eco,466,3,5,3,5,1,3,1,1,4,4,4,4,1,3,56,75,FALSE
Male,Disloyal Customer,33,Business Travel,Business,667,3,3,3,2,2,3,2,2,3,2,4,5,2,2.77,37,31,FALSE
Male,Loyal Customer,55,Business Travel,Business,3280,0,0,0,3,2,5,4,4,4,4,4,4,5,3,0,0,TRUE
Male,Loyal Customer,9,Personal Travel,Eco,1123,3,5,3,4,5,3,5,5,4,3,3,5,5,4.08,0,7,FALSE
Male,Loyal Customer,34,Business Travel,Business,1761,5,5,5,5,3,5,2,4,4,5,4,4,2,4.08,7,5,TRUE
Female,Disloyal Customer,22,Business Travel,Eco,1224,2,2,2,4,1,2,1,1,4,4,3,2,1,2.23,4,0,FALSE
Male,Loyal Customer,48,Personal Travel,Eco,250,4,5,4,4,4,4,4,4,4,3,5,3,4,4,0,5,FALSE
Female,Loyal Customer,63,Personal Travel,Eco,419,1,5,1,2,4,1,3,1,1,1,1,3,4,2.15,0,0,FALSE
Male,Loyal Customer,48,Personal Travel,Eco,1522,1,1,1,3,2,1,2,2,4,4,4,3,2,2.31,0,0,FALSE
Female,Loyal Customer,47,Business Travel,Business,2351,4,4,4,4,2,5,5,5,5,5,5,3,5,4.31,0,0,TRUE
Male,Disloyal Customer,40,Business Travel,Business,301,2,1,1,2,1,1,1,1,4,5,4,3,1,2.08,0,0,FALSE
Male,Loyal Customer,57,Personal Travel,Eco,525,3,2,3,3,3,3,5,3,2,2,2,2,3,2.77,11,3,FALSE
Male,Loyal Customer,36,Personal Travel,Eco Plus,479,3,1,3,2,2,3,2,2,4,5,2,3,2,2.62,8,0,FALSE
Male,Loyal Customer,35,Business Travel,Eco,1916,5,5,5,5,5,5,5,5,2,3,1,1,5,4,0,0,TRUE
Female,Loyal Customer,46,Business Travel,Business,3717,3,3,3,3,3,5,5,4,4,4,5,5,3,3.85,0,6,TRUE
Male,Loyal Customer,54,Personal Travel,Eco,1056,2,5,2,1,4,2,4,4,1,4,4,1,4,2.92,0,0,FALSE
Female,Loyal Customer,34,Business Travel,Eco Plus,347,5,3,3,3,5,5,5,5,3,3,2,5,5,4,0,0,TRUE
Male,Loyal Customer,45,Business Travel,Eco,253,2,4,4,4,2,2,2,2,4,5,3,1,2,2.85,0,0,FALSE
Male,Loyal Customer,45,Personal Travel,Eco,293,2,4,2,4,3,2,3,3,4,4,4,3,3,3.15,8,3,FALSE
Male,Disloyal Customer,25,Business Travel,Eco,999,3,3,3,4,4,3,4,4,3,3,5,5,4,3.69,13,0,FALSE
Female,Loyal Customer,50,Business Travel,Business,3262,2,2,2,2,3,4,5,4,4,4,4,4,4,3.38,9,2,TRUE
Male,Loyal Customer,27,Personal Travel,Eco,1389,5,5,4,1,3,4,3,3,3,5,5,4,3,3.69,0,0,TRUE
Female,Loyal Customer,54,Business Travel,Business,2785,4,4,5,4,4,5,5,5,5,5,5,5,3,4.54,0,4,TRUE
Male,Loyal Customer,23,Business Travel,Business,3386,2,5,5,5,2,2,2,1,2,4,4,2,2,2.92,164,157,FALSE
Male,Loyal Customer,66,Personal Travel,Eco,722,3,5,3,1,4,3,4,4,4,3,5,3,4,3.54,0,0,FALSE
Male,Loyal Customer,48,Business Travel,Business,3365,1,1,1,1,5,4,4,5,3,5,4,4,4,3.23,4,0,TRUE
Male,Loyal Customer,43,Business Travel,Business,2089,1,1,1,1,3,3,4,4,4,4,4,5,4,3,0,0,TRUE
Male,Loyal Customer,38,Business Travel,Business,3422,2,5,5,5,4,3,4,2,2,2,2,2,2,3.08,0,10,FALSE
Female,Loyal Customer,61,Business Travel,Eco,191,1,3,3,3,5,3,4,1,1,1,1,3,2,2.38,0,1,FALSE
Female,Disloyal Customer,24,Business Travel,Eco,272,2,1,2,3,4,2,4,4,3,2,3,2,4,2.77,0,0,FALSE
Female,Disloyal Customer,59,Personal Travel,Eco,799,2,3,3,3,4,3,4,4,5,1,3,3,4,3.23,0,0,FALSE
Male,Loyal Customer,14,Personal Travel,Eco,302,1,5,1,1,5,1,4,5,5,2,4,3,5,3.23,0,0,FALSE
Male,Loyal Customer,60,Personal Travel,Eco,531,3,4,3,4,4,3,4,4,4,2,4,5,4,3.69,24,31,FALSE
Male,Loyal Customer,67,Business Travel,Business,3545,2,5,5,5,5,3,2,2,2,2,2,2,2,3,27,18,FALSE
Male,Loyal Customer,68,Personal Travel,Business,2454,1,3,1,1,1,4,4,5,4,4,2,4,4,2.92,4,61,FALSE
Female,Loyal Customer,44,Business Travel,Business,3881,2,2,2,2,4,4,5,5,5,5,5,4,3,3.69,0,0,TRUE
Male,Loyal Customer,26,Personal Travel,Eco,752,3,5,3,2,3,3,3,3,5,3,5,3,3,3.38,28,39,FALSE
Female,Loyal Customer,55,Business Travel,Business,2250,2,2,2,2,2,2,2,3,1,4,3,2,2,2.23,131,120,FALSE
Male,Loyal Customer,49,Business Travel,Business,374,3,5,5,5,2,4,3,3,3,3,3,1,1,3.15,0,0,FALSE
Male,Loyal Customer,8,Personal Travel,Business,542,3,2,3,3,5,3,5,5,1,4,3,2,5,3.38,0,0,FALSE
Male,Loyal Customer,67,Personal Travel,Eco,156,1,4,1,3,4,1,4,4,3,5,4,5,4,3.31,3,0,FALSE
Female,Loyal Customer,42,Business Travel,Business,3038,2,2,2,2,5,5,5,5,5,5,5,4,3,3.85,0,24,TRUE
Female,Disloyal Customer,70,Business Travel,Eco Plus,821,2,2,2,4,3,2,3,3,3,1,3,2,3,2.54,6,0,FALSE
Female,Loyal Customer,59,Business Travel,Business,1915,3,4,4,4,3,3,3,3,3,3,3,4,4,3.38,0,18,FALSE
Female,Disloyal Customer,29,Business Travel,Eco,338,4,1,4,3,1,4,1,1,1,2,3,3,1,2.23,13,7,FALSE
Female,Loyal Customer,52,Business Travel,Business,3404,2,4,4,4,2,2,3,2,2,2,2,3,4,2.77,0,0,FALSE
Male,Disloyal Customer,24,Business Travel,Eco,483,1,5,1,2,4,1,4,4,5,5,4,5,4,3.46,76,73,FALSE
Female,Loyal Customer,70,Personal Travel,Eco,2422,4,4,4,3,4,4,4,5,2,4,4,4,4,3.85,40,36,FALSE
Female,Loyal Customer,22,Business Travel,Eco Plus,468,1,2,2,2,1,1,3,1,4,3,3,4,1,2.15,12,20,FALSE
Male,Loyal Customer,48,Personal Travel,Eco,589,3,5,3,5,4,3,4,4,3,2,4,5,4,3.77,3,0,FALSE
Female,Loyal Customer,25,Business Travel,Business,2685,3,4,4,4,3,3,3,3,1,1,3,3,3,2.92,16,53,FALSE
Male,Loyal Customer,39,Business Travel,Business,2803,5,5,4,5,3,5,5,4,4,4,4,3,5,4.31,0,0,TRUE
Female,Loyal Customer,43,Personal Travel,Eco,670,3,4,3,3,2,5,5,3,3,3,2,3,3,3.23,7,0,FALSE
Female,Loyal Customer,57,Business Travel,Business,1055,2,2,2,2,5,4,4,4,4,4,4,5,5,3.62,0,0,TRUE
Female,Loyal Customer,39,Personal Travel,Eco Plus,227,2,4,2,1,5,2,5,5,4,4,4,5,5,3.69,0,0,FALSE
Female,Loyal Customer,31,Business Travel,Business,2331,2,2,2,2,5,5,5,5,3,1,5,3,5,3.46,1,8,TRUE
Male,Loyal Customer,45,Business Travel,Eco,302,4,5,5,5,4,4,4,4,2,1,4,2,4,3.69,0,0,TRUE
Female,Loyal Customer,58,Business Travel,Business,1635,4,4,5,4,5,4,5,5,5,5,5,4,4,4.54,0,0,TRUE
Female,Loyal Customer,48,Business Travel,Business,1532,1,1,1,1,5,4,5,5,5,5,5,5,5,3.69,0,0,TRUE
Male,Loyal Customer,45,Personal Travel,Eco,491,1,2,1,3,5,1,5,5,3,3,3,2,5,3,0,0,FALSE
Male,Loyal Customer,40,Business Travel,Eco,399,2,3,3,3,2,2,2,2,1,5,2,3,2,2.46,0,0,FALSE
Male,Loyal Customer,23,Business Travel,Eco,603,2,2,2,2,2,2,4,2,1,5,4,1,2,2.38,0,0,FALSE
Female,Loyal Customer,21,Personal Travel,Eco,299,4,5,4,3,4,4,4,4,4,5,5,4,4,4.15,0,0,TRUE
Female,Loyal Customer,46,Business Travel,Eco,328,4,1,5,5,3,4,3,4,4,4,4,3,2,3.54,0,0,TRUE
Female,Loyal Customer,62,Business Travel,Eco,2586,4,5,5,5,4,4,4,3,2,3,1,4,4,3.69,0,21,TRUE
Male,Loyal Customer,11,Personal Travel,Eco,302,2,4,2,3,4,2,4,4,3,3,4,3,4,3.23,0,0,FALSE
Female,Disloyal Customer,25,Business Travel,Business,302,2,0,2,4,1,2,1,1,4,2,4,4,1,2.15,0,0,FALSE
Male,Disloyal Customer,22,Business Travel,Business,814,4,0,4,1,1,4,1,1,5,3,5,4,1,2.62,0,0,TRUE
Female,Loyal Customer,42,Personal Travel,Eco,1482,2,3,2,4,4,1,3,4,4,2,3,1,3,2.77,0,2,FALSE
Male,Loyal Customer,63,Business Travel,Eco,787,1,5,5,5,1,1,1,1,2,2,3,1,1,2.23,0,0,FALSE
Female,Disloyal Customer,26,Business Travel,Business,236,1,5,1,4,2,1,2,2,5,3,4,4,2,2.77,12,5,FALSE
Male,Loyal Customer,45,Business Travel,Eco,1235,1,1,1,1,1,1,1,1,3,2,4,3,1,1.62,0,0,FALSE
Female,Loyal Customer,48,Business Travel,Business,372,5,5,5,5,4,4,5,4,4,4,4,3,3,4.23,56,56,TRUE
Male,Loyal Customer,45,Business Travel,Business,1096,4,4,4,4,3,4,4,5,5,5,5,4,5,4.31,0,0,TRUE
Female,Loyal Customer,25,Personal Travel,Business,453,1,4,1,4,4,1,4,4,4,2,4,4,4,3.15,0,0,FALSE
Female,Disloyal Customer,45,Business Travel,Business,728,4,4,4,5,5,4,5,5,4,3,5,5,5,4.46,0,0,FALSE
Male,Loyal Customer,27,Business Travel,Eco,898,4,1,1,1,4,4,4,4,4,1,1,4,4,2.85,0,0,TRUE
Male,Loyal Customer,48,Business Travel,Eco,964,5,5,5,5,5,5,5,5,2,5,1,2,5,4.23,0,0,TRUE
Male,Disloyal Customer,22,Business Travel,Eco,925,0,1,1,2,2,1,2,2,5,4,5,3,2,2.31,0,8,TRUE
Female,Disloyal Customer,38,Business Travel,Eco,226,0,2,0,1,4,0,4,4,5,1,5,4,4,2.62,0,0,TRUE
Male,Disloyal Customer,27,Business Travel,Eco,328,3,4,3,4,3,3,3,3,3,3,4,4,3,3.31,0,1,FALSE
Male,Loyal Customer,42,Personal Travel,Business,1061,5,4,5,3,4,4,4,1,1,5,1,4,4,3.46,0,0,TRUE
Male,Loyal Customer,27,Business Travel,Business,3904,3,3,3,3,2,2,2,4,4,3,5,2,2,2.92,42,13,TRUE
Female,Disloyal Customer,28,Business Travel,Eco,1119,1,1,1,4,2,1,4,2,1,3,3,2,2,2.08,14,24,FALSE
Female,Loyal Customer,55,Business Travel,Eco,654,4,1,1,1,1,2,5,4,4,4,4,2,5,2.92,2,8,TRUE
Female,Loyal Customer,55,Personal Travel,Eco,862,3,4,3,1,1,2,3,3,3,3,3,1,4,2.62,23,8,FALSE
Male,Disloyal Customer,23,Business Travel,Eco,1096,2,2,2,2,1,2,4,1,3,3,4,4,1,2.38,2,0,FALSE
Male,Loyal Customer,33,Personal Travel,Eco,404,2,4,2,2,4,2,4,4,4,4,4,4,4,3.38,0,0,FALSE
Female,Loyal Customer,15,Personal Travel,Eco,356,2,1,2,3,2,4,4,3,4,4,4,4,4,3.15,254,239,FALSE
Male,Loyal Customer,34,Business Travel,Business,2708,3,5,3,5,1,2,3,3,3,3,3,3,2,3,0,0,FALSE
Male,Disloyal Customer,27,Business Travel,Eco Plus,429,4,4,4,5,5,4,5,5,1,1,2,3,5,3.69,0,0,FALSE
Male,Loyal Customer,33,Personal Travel,Business,404,2,4,2,4,1,2,1,1,4,2,5,3,1,2.46,0,0,FALSE
Female,Loyal Customer,72,Business Travel,Business,2943,0,0,0,1,5,4,5,2,2,2,2,5,4,2.46,0,0,TRUE
Male,Loyal Customer,49,Personal Travel,Eco,802,0,1,0,4,2,0,2,2,3,5,4,3,2,2.15,1,0,TRUE
Male,Loyal Customer,42,Business Travel,Business,1616,2,3,3,3,5,3,3,2,2,2,2,2,2,2.62,0,0,FALSE
Female,Loyal Customer,61,Personal Travel,Eco Plus,1024,3,4,4,2,4,5,4,5,5,4,5,3,5,4.08,0,0,FALSE
Male,Loyal Customer,18,Business Travel,Eco Plus,106,1,3,2,3,1,2,4,1,1,3,3,3,1,2.15,33,25,FALSE
Male,Loyal Customer,24,Business Travel,Business,1306,5,5,5,5,4,4,4,4,4,5,4,5,4,4.46,0,0,TRUE
Male,Loyal Customer,49,Business Travel,Business,3257,2,1,1,1,4,3,3,2,2,2,2,2,3,2.15,8,24,FALSE
Male,Loyal Customer,29,Business Travel,Business,1615,3,3,3,3,3,3,3,3,3,2,5,2,3,3,0,0,TRUE
Male,Disloyal Customer,34,Business Travel,Eco,370,3,0,4,3,3,4,3,3,4,5,1,1,3,2.85,0,0,FALSE
Female,Loyal Customer,44,Business Travel,Business,152,4,4,4,4,4,2,4,4,4,4,4,1,1,3.38,0,0,TRUE
Male,Disloyal Customer,27,Business Travel,Eco,86,3,5,3,3,5,3,5,5,5,1,5,5,5,4.08,0,0,FALSE
Male,Loyal Customer,46,Business Travel,Business,3356,5,5,5,5,4,5,4,5,5,5,5,4,4,4.69,0,0,TRUE
Female,Loyal Customer,40,Business Travel,Business,3855,0,0,0,1,4,5,5,1,1,1,1,3,3,1.92,3,6,TRUE
Male,Loyal Customer,37,Business Travel,Business,190,4,4,4,4,4,1,1,4,4,4,4,4,1,3.31,0,0,TRUE
Female,Loyal Customer,46,Business Travel,Business,679,5,5,2,5,4,5,5,4,4,4,4,3,3,4.08,15,16,TRUE
Male,Loyal Customer,30,Business Travel,Business,1464,3,5,4,5,3,3,3,3,2,5,4,4,3,3.62,0,0,FALSE
Male,Loyal Customer,8,Personal Travel,Eco,517,1,2,1,4,3,1,3,3,2,3,3,3,3,2.46,27,19,FALSE
Male,Loyal Customer,41,Business Travel,Business,1589,3,3,3,3,3,5,4,4,4,4,4,5,4,3.77,0,0,TRUE
Male,Loyal Customer,36,Personal Travel,Eco,744,1,4,1,1,5,1,5,5,3,2,5,5,5,3.31,14,8,FALSE
Female,Loyal Customer,13,Personal Travel,Eco,1733,3,4,4,3,1,4,1,1,5,2,4,5,1,2.92,9,12,FALSE
Female,Loyal Customer,46,Business Travel,Business,3584,1,1,1,1,4,5,5,4,4,5,4,5,3,3.31,0,0,TRUE
Female,Disloyal Customer,37,Business Travel,Business,1947,1,1,1,3,1,1,1,1,3,4,4,3,1,1.92,0,7,FALSE
Female,Loyal Customer,57,Personal Travel,Eco,1068,2,2,2,1,4,2,1,2,2,2,2,2,4,2.15,0,0,FALSE
Male,Loyal Customer,51,Business Travel,Eco Plus,447,3,2,5,2,3,3,3,3,4,1,2,5,3,3,0,1,TRUE
Female,Loyal Customer,49,Business Travel,Business,2956,2,2,2,2,2,4,5,4,4,4,4,4,3,3.23,1,0,TRUE
Female,Loyal Customer,24,Business Travel,Business,802,3,2,3,3,3,3,3,3,2,1,4,4,3,2.85,0,0,FALSE
Male,Loyal Customer,12,Personal Travel,Eco,508,2,5,2,4,2,2,2,2,4,4,5,5,2,3.15,0,0,FALSE
Female,Loyal Customer,42,Business Travel,Business,3502,1,1,1,1,5,4,5,5,5,5,5,4,3,3.46,0,0,TRUE
Male,Loyal Customer,59,Personal Travel,Eco,867,3,3,3,2,3,3,3,3,1,5,4,4,3,3.08,16,41,FALSE
Male,Loyal Customer,49,Business Travel,Business,1438,1,1,1,1,5,4,4,2,2,2,2,5,5,2.69,0,0,TRUE
Female,Disloyal Customer,69,Personal Travel,Eco,191,3,4,3,4,4,3,4,4,4,3,5,5,4,3.85,0,0,FALSE
Female,Loyal Customer,38,Personal Travel,Eco,143,4,1,4,2,5,4,5,5,4,2,3,2,5,3.54,0,0,FALSE
Male,Loyal Customer,53,Business Travel,Business,1440,1,1,1,1,2,4,5,4,4,4,4,5,4,3.08,40,33,TRUE
Female,Loyal Customer,56,Personal Travel,Eco,235,2,5,2,1,3,5,2,5,5,2,5,4,5,3.54,0,0,FALSE
Female,Loyal Customer,10,Personal Travel,Eco,526,3,4,3,4,1,3,1,1,5,4,5,5,1,3.08,0,0,FALSE
Female,Loyal Customer,28,Business Travel,Eco Plus,236,0,0,0,3,3,3,3,3,3,4,2,1,3,2.15,0,0,TRUE
Male,Disloyal Customer,25,Business Travel,Business,733,5,0,5,5,2,5,4,2,3,3,4,4,2,3.38,14,6,TRUE
Male,Disloyal Customer,25,Business Travel,Eco,1096,3,4,4,3,3,4,5,3,4,5,4,3,3,3.69,0,0,FALSE
Female,Loyal Customer,10,Personal Travel,Eco,462,3,1,3,2,3,5,5,1,4,2,3,5,5,3.23,170,162,FALSE
Female,Disloyal Customer,22,Business Travel,Eco,1400,2,2,2,2,4,2,4,4,5,2,3,4,4,3.08,0,0,FALSE
Female,Loyal Customer,58,Personal Travel,Eco,594,3,2,3,3,5,3,4,1,1,3,1,1,1,2.38,1,0,FALSE
Female,Loyal Customer,21,Personal Travel,Eco,2075,2,5,2,3,4,2,4,4,1,4,5,2,4,3.23,0,0,FALSE
Male,Loyal Customer,16,Personal Travel,Eco,2586,3,2,3,3,5,3,5,5,3,3,2,1,5,3.31,0,0,FALSE
Female,Loyal Customer,66,Personal Travel,Eco,500,2,5,2,4,2,5,4,4,4,2,4,3,3,3.38,0,0,FALSE
Male,Loyal Customer,48,Business Travel,Business,129,0,4,0,1,3,3,4,2,2,2,2,2,4,2.23,0,1,TRUE
Male,Loyal Customer,56,Business Travel,Eco,1460,2,5,5,5,3,2,3,3,2,5,4,2,3,3.38,0,0,FALSE
Female,Loyal Customer,45,Business Travel,Eco Plus,1521,2,3,3,3,1,2,3,2,2,2,2,3,3,2.38,0,7,FALSE
Male,Disloyal Customer,21,Business Travel,Eco,101,1,3,1,4,4,1,4,4,4,3,2,4,4,3,0,0,FALSE
Male,Loyal Customer,69,Personal Travel,Eco,201,3,3,0,4,2,0,2,2,2,2,1,2,2,1.92,0,0,FALSE
Male,Disloyal Customer,72,Business Travel,Eco,190,4,0,4,1,2,4,2,2,3,4,4,2,2,2.62,0,0,TRUE
Female,Loyal Customer,40,Business Travel,Eco,591,5,1,1,1,5,5,5,5,1,3,4,3,5,3.38,3,11,TRUE
Male,Disloyal Customer,25,Business Travel,Eco,308,4,5,4,3,3,4,5,3,3,3,1,3,3,3.38,6,2,FALSE
Male,Loyal Customer,35,Business Travel,Business,187,2,5,5,5,4,4,4,2,2,2,2,1,4,3.23,0,0,FALSE
Female,Loyal Customer,25,Personal Travel,Eco,109,0,3,0,4,5,0,5,5,4,2,1,2,5,2.77,0,0,TRUE
Female,Loyal Customer,12,Personal Travel,Eco,731,4,1,4,3,3,4,3,3,4,4,3,3,3,3.23,0,0,FALSE
Female,Loyal Customer,40,Business Travel,Business,3313,5,5,5,5,5,5,4,5,5,5,5,4,3,4.69,0,0,TRUE
Male,Loyal Customer,66,Business Travel,Business,1121,3,1,1,1,1,3,3,3,3,3,3,3,1,2.23,27,9,FALSE
Male,Loyal Customer,40,Personal Travel,Eco Plus,130,1,4,1,2,2,1,2,2,4,3,3,3,2,2.31,1,9,FALSE
Male,Loyal Customer,15,Personal Travel,Eco,546,2,5,3,4,1,3,1,1,5,3,4,4,1,2.85,13,9,FALSE
Female,Loyal Customer,50,Business Travel,Business,2770,1,4,1,1,3,5,4,4,4,4,4,4,4,3.31,47,42,TRUE
Male,Disloyal Customer,23,Business Travel,Eco,806,1,2,2,2,2,2,2,2,2,1,2,4,2,2,7,0,FALSE
Male,Loyal Customer,38,Business Travel,Business,3834,4,4,4,4,5,5,4,4,4,4,4,4,4,4.15,16,13,TRUE
Female,Loyal Customer,30,Business Travel,Business,3639,5,5,5,5,2,2,2,2,2,2,2,5,2,3.15,0,0,TRUE
Female,Loyal Customer,61,Personal Travel,Eco,575,1,4,1,2,2,4,5,5,5,1,1,5,4,3.08,23,16,FALSE
Male,Loyal Customer,78,Business Travel,Business,2703,3,4,4,4,1,4,4,3,3,3,3,2,3,3.15,5,0,FALSE
Female,Loyal Customer,51,Business Travel,Eco,696,4,2,2,2,2,3,3,3,3,4,3,4,1,2.77,11,0,FALSE
Male,Loyal Customer,69,Personal Travel,Eco,373,2,0,2,1,3,2,3,3,3,2,5,4,3,2.54,57,48,FALSE
Male,Loyal Customer,43,Personal Travel,Eco,1107,4,0,5,5,2,5,2,2,3,5,4,4,2,3.31,0,0,FALSE
Male,Loyal Customer,49,Personal Travel,Eco,1222,2,4,2,4,5,2,3,5,2,1,3,1,5,3,0,0,FALSE
Female,Loyal Customer,41,Business Travel,Eco Plus,820,2,4,4,4,4,2,1,2,2,2,2,1,4,2.62,0,0,TRUE
Female,Loyal Customer,35,Personal Travel,Eco,237,3,5,0,4,5,0,5,5,3,2,5,4,5,3.54,14,14,FALSE
Male,Loyal Customer,33,Business Travel,Eco,297,2,4,2,4,2,2,2,2,2,3,3,3,2,2.54,8,44,FALSE
Female,Disloyal Customer,28,Business Travel,Business,541,2,2,2,3,2,4,4,4,3,4,5,4,4,3.31,138,113,FALSE
Female,Loyal Customer,48,Personal Travel,Eco,944,4,3,5,2,2,3,3,3,3,5,2,5,3,3.31,0,0,FALSE
Female,Loyal Customer,7,Personal Travel,Eco,192,3,4,3,2,2,3,2,2,5,2,4,4,2,2.92,4,0,FALSE
Male,Loyal Customer,22,Personal Travel,Business,873,2,1,2,3,3,2,3,3,3,3,4,2,3,2.62,3,0,FALSE
Male,Loyal Customer,45,Business Travel,Business,1846,2,2,2,2,3,3,5,4,4,4,4,4,3,3.23,1,0,TRUE
Female,Loyal Customer,33,Business Travel,Business,3737,3,3,3,3,3,3,2,5,5,5,5,2,1,3.31,0,0,TRUE
Female,Loyal Customer,28,Business Travel,Business,1541,1,1,1,1,4,4,4,4,3,3,4,3,4,2.85,9,3,TRUE
Female,Disloyal Customer,25,Business Travel,Business,160,3,5,4,3,2,4,3,2,5,2,4,3,2,3.23,0,0,FALSE
Male,Loyal Customer,46,Personal Travel,Eco,446,3,3,4,1,2,4,2,2,3,4,3,5,2,2.92,81,72,FALSE
Female,Loyal Customer,51,Business Travel,Business,1975,1,1,1,1,4,1,2,1,1,1,1,1,2,1.38,0,0,FALSE
Male,Loyal Customer,67,Business Travel,Business,3463,5,5,5,5,4,3,5,4,4,4,4,5,2,4.23,24,28,TRUE
Male,Disloyal Customer,29,Business Travel,Business,985,3,3,3,3,4,3,4,4,5,3,5,5,4,3.77,2,0,FALSE
Female,Loyal Customer,63,Personal Travel,Eco,2338,5,2,5,4,5,3,3,5,5,5,5,3,4,4.15,11,0,TRUE
Male,Loyal Customer,20,Business Travel,Eco Plus,493,2,4,4,4,2,2,1,2,4,4,2,3,2,2.77,0,0,FALSE
Female,Loyal Customer,57,Business Travel,Business,1521,1,1,3,1,2,4,5,2,2,2,2,5,5,2.69,0,0,TRUE
Male,Disloyal Customer,49,Business Travel,Business,632,1,1,1,2,4,1,4,4,5,4,4,4,4,3,0,0,FALSE
Male,Loyal Customer,48,Business Travel,Business,3495,2,2,3,2,5,1,3,5,5,5,5,3,5,3.54,0,0,TRUE
Male,Loyal Customer,33,Personal Travel,Eco,925,3,5,3,2,3,3,3,3,3,4,5,4,3,3.38,0,16,FALSE
Female,Loyal Customer,60,Business Travel,Business,2645,5,5,5,5,2,5,5,4,4,4,4,5,4,4.38,0,1,TRUE
Female,Loyal Customer,70,Personal Travel,Eco,449,1,4,3,2,2,4,5,2,2,3,2,4,4,2.92,0,0,FALSE
Female,Loyal Customer,49,Business Travel,Business,1099,4,4,4,4,2,4,4,2,2,2,2,4,4,3.23,102,101,TRUE
Female,Disloyal Customer,38,Business Travel,Business,357,2,3,3,4,2,3,2,2,3,3,5,3,2,2.85,0,0,FALSE
Male,Loyal Customer,42,Business Travel,Business,1868,2,2,2,2,4,4,4,4,4,4,4,3,5,3.38,7,0,TRUE
Female,Loyal Customer,42,Personal Travel,Eco Plus,1096,3,2,3,2,1,1,2,3,3,3,3,1,1,2.15,0,2,FALSE
Female,Loyal Customer,18,Personal Travel,Eco Plus,2075,2,3,2,3,5,2,1,5,2,2,3,3,5,2.92,0,10,FALSE
Male,Loyal Customer,69,Personal Travel,Business,1744,2,2,2,4,1,2,4,2,2,2,2,1,3,2.23,0,0,FALSE
Female,Loyal Customer,61,Personal Travel,Eco,851,2,4,2,3,4,4,4,2,2,2,2,4,5,3.08,0,0,FALSE
Male,Loyal Customer,65,Personal Travel,Eco,157,3,5,3,5,3,3,3,3,4,5,4,4,3,3.69,0,5,FALSE
Male,Loyal Customer,35,Business Travel,Business,1721,2,2,2,2,5,3,5,4,4,4,4,3,3,3.31,0,0,TRUE
Male,Loyal Customer,14,Personal Travel,Eco,158,2,4,2,1,2,2,2,2,3,2,4,1,2,2.23,0,4,FALSE
Male,Loyal Customer,60,Business Travel,Business,3517,5,5,5,5,3,5,4,5,5,5,5,3,5,4.62,0,0,TRUE
Female,Disloyal Customer,26,Business Travel,Business,853,0,0,0,2,2,2,2,2,4,5,4,5,2,2.31,0,0,TRUE
Male,Loyal Customer,36,Business Travel,Eco,550,4,4,4,4,4,4,4,4,2,5,1,2,4,3.54,0,0,TRUE
Female,Loyal Customer,33,Personal Travel,Eco,236,1,1,1,1,1,1,2,1,2,4,1,2,1,1.46,0,0,FALSE
Female,Loyal Customer,23,Business Travel,Business,2505,2,5,5,5,2,2,2,2,3,5,4,1,2,3.08,0,0,FALSE
Male,Loyal Customer,23,Personal Travel,Eco Plus,234,4,5,4,3,1,4,1,1,5,3,3,1,1,2.77,1,20,FALSE
Male,Loyal Customer,57,Personal Travel,Eco,1454,3,4,3,1,2,3,1,2,4,4,4,3,2,2.77,0,0,FALSE
Female,Loyal Customer,59,Business Travel,Business,3490,2,2,2,2,4,4,4,5,5,5,5,3,3,3.54,0,3,TRUE
Male,Loyal Customer,50,Personal Travel,Eco,925,0,5,0,5,2,0,2,2,5,4,4,4,2,2.69,0,0,TRUE
Female,Loyal Customer,23,Business Travel,Business,1005,2,2,2,2,5,5,5,5,4,3,3,4,5,3.62,0,19,TRUE
Female,Loyal Customer,24,Personal Travel,Eco Plus,264,2,5,2,2,2,2,2,2,4,2,1,5,2,2.54,15,9,FALSE
Female,Disloyal Customer,30,Business Travel,Eco,1005,2,2,2,2,2,2,2,2,1,5,2,4,2,2.31,0,0,FALSE
Female,Loyal Customer,52,Personal Travel,Eco,576,4,4,4,3,5,4,5,5,5,4,5,3,3,4.15,0,0,FALSE
Male,Loyal Customer,35,Personal Travel,Business,74,2,5,0,2,2,4,4,3,3,0,2,4,3,2.62,12,36,FALSE
Female,Loyal Customer,58,Business Travel,Business,2248,3,3,3,3,4,4,4,2,2,2,2,5,4,3.15,0,0,TRUE
Female,Loyal Customer,43,Business Travel,Business,366,1,1,1,1,3,5,4,5,5,5,5,5,4,3.46,0,0,TRUE
Male,Loyal Customer,40,Business Travel,Eco,773,3,3,3,3,3,3,3,1,4,3,4,3,3,3,137,131,FALSE
Female,Loyal Customer,62,Personal Travel,Eco Plus,1310,3,4,3,4,5,5,4,3,3,3,3,5,5,3.85,62,44,FALSE
Female,Loyal Customer,52,Business Travel,Eco,578,5,4,4,4,4,4,3,5,5,5,5,1,3,4,0,1,TRUE
Female,Loyal Customer,45,Personal Travel,Eco,997,2,3,3,2,2,5,4,4,4,3,4,1,5,3.23,6,12,FALSE
Male,Loyal Customer,18,Business Travel,Business,391,2,2,2,2,4,4,4,4,4,2,4,2,4,3.08,0,0,TRUE
Female,Loyal Customer,52,Business Travel,Eco Plus,604,3,1,1,1,2,4,3,3,3,3,3,2,1,2.31,0,0,FALSE
Female,Loyal Customer,9,Personal Travel,Eco,227,2,1,2,3,4,2,4,4,1,4,3,3,4,2.85,13,34,FALSE
Male,Loyal Customer,39,Business Travel,Business,337,1,1,1,1,5,5,4,5,5,5,5,4,3,3.46,4,0,TRUE
Female,Disloyal Customer,26,Business Travel,Business,869,3,3,3,5,1,3,1,1,4,3,4,5,1,2.85,0,0,FALSE
Female,Loyal Customer,20,Business Travel,Business,2585,2,2,2,2,2,2,2,2,1,1,3,4,2,2.08,0,0,FALSE
Male,Loyal Customer,41,Business Travel,Business,1787,3,3,3,3,3,4,4,4,4,4,4,5,5,3.77,7,1,TRUE
Male,Loyal Customer,40,Business Travel,Business,1670,4,3,3,3,5,3,3,4,4,4,4,4,3,3.62,0,12,FALSE
Male,Disloyal Customer,44,Business Travel,Eco,370,2,4,2,5,4,2,4,4,5,5,4,2,4,3.62,0,0,FALSE
Female,Loyal Customer,42,Business Travel,Eco,927,5,3,3,3,4,3,2,5,5,5,5,1,4,3.69,48,84,TRUE
Female,Loyal Customer,20,Business Travel,Business,2288,4,4,4,4,5,4,5,5,3,5,5,2,5,4.23,0,0,TRUE
Female,Loyal Customer,19,Personal Travel,Eco Plus,1635,2,5,2,3,1,2,1,1,5,2,3,5,1,2.54,0,27,FALSE
Female,Loyal Customer,52,Business Travel,Business,192,1,1,1,1,3,1,3,2,5,3,4,3,3,2.38,131,120,FALSE
Male,Loyal Customer,46,Business Travel,Eco Plus,867,3,4,4,4,3,3,3,3,4,2,4,5,3,3.46,6,9,TRUE
Male,Loyal Customer,67,Personal Travel,Eco,337,2,4,2,3,1,2,1,1,5,3,5,3,1,2.54,0,0,FALSE
Female,Loyal Customer,56,Business Travel,Business,3189,4,4,4,4,2,4,4,5,5,5,5,3,3,4,42,37,TRUE
Male,Disloyal Customer,44,Business Travel,Eco,427,3,3,3,3,4,3,4,4,2,1,3,4,4,3.15,32,36,FALSE
Male,Loyal Customer,39,Business Travel,Business,581,1,1,1,1,2,5,5,5,5,5,5,5,4,3.46,0,0,TRUE
Female,Loyal Customer,40,Business Travel,Business,1797,5,5,5,5,2,4,5,2,2,2,2,4,4,3.62,0,0,TRUE
Female,Loyal Customer,36,Personal Travel,Eco,868,3,1,3,3,2,3,2,2,2,5,3,1,2,2.46,0,0,FALSE
Female,Loyal Customer,35,Business Travel,Eco,577,3,3,3,3,3,3,3,3,2,2,3,4,3,2.92,26,12,FALSE
Female,Loyal Customer,25,Business Travel,Eco Plus,1056,4,4,4,4,4,4,4,4,1,5,5,3,4,3.85,0,0,TRUE
Female,Loyal Customer,59,Business Travel,Business,829,5,5,5,5,5,4,5,5,5,5,5,4,3,4.69,34,26,TRUE
Male,Loyal Customer,9,Business Travel,Business,590,4,1,1,1,4,4,4,4,3,1,3,3,4,2.85,0,0,FALSE
Female,Loyal Customer,57,Personal Travel,Eco,296,5,4,5,3,5,5,5,4,4,5,4,3,3,4.23,1,2,TRUE
Female,Loyal Customer,65,Personal Travel,Eco,689,3,4,3,1,3,5,5,4,4,3,4,4,3,3.54,20,10,FALSE
Female,Loyal Customer,45,Business Travel,Business,1605,1,1,1,1,5,4,4,5,5,5,5,4,5,3.54,0,0,TRUE
Female,Loyal Customer,33,Business Travel,Business,2204,4,4,4,4,3,2,5,5,5,5,5,3,2,3.92,0,0,TRUE
Male,Disloyal Customer,28,Business Travel,Eco,1342,3,3,3,4,2,3,2,2,2,2,4,2,2,2.62,110,83,FALSE
Male,Disloyal Customer,38,Business Travel,Business,214,3,3,3,1,3,3,3,3,5,2,5,3,3,3.08,10,32,FALSE
Female,Loyal Customer,46,Business Travel,Business,2521,3,4,4,4,3,3,3,4,5,3,2,3,3,3.38,0,36,FALSE
Male,Disloyal Customer,22,Business Travel,Eco,163,1,4,1,3,4,1,5,4,2,4,3,1,4,2.85,0,0,FALSE
Male,Loyal Customer,60,Business Travel,Eco,726,5,2,1,2,5,5,5,5,3,1,4,5,5,3.69,0,0,TRUE
Female,Loyal Customer,66,Business Travel,Business,2124,4,4,4,4,2,4,4,5,5,5,5,4,3,4.08,0,3,TRUE
Male,Loyal Customer,62,Personal Travel,Eco,328,3,2,3,4,3,3,2,3,4,2,3,4,3,3,0,11,FALSE
Male,Disloyal Customer,58,Business Travel,Business,282,3,3,3,5,5,3,5,5,3,2,5,5,5,4,29,15,FALSE
Male,Loyal Customer,51,Business Travel,Business,2486,1,1,1,1,5,5,4,4,4,4,4,3,5,3.23,0,0,TRUE
Female,Loyal Customer,30,Business Travel,Business,216,3,3,3,3,5,5,5,5,4,3,4,4,5,4,0,0,TRUE
Female,Loyal Customer,53,Business Travel,Business,2419,4,5,5,5,4,3,3,4,4,4,4,4,2,3.92,0,0,FALSE
Male,Loyal Customer,45,Business Travel,Business,1631,2,2,5,2,2,5,4,5,5,5,5,4,5,3.92,0,0,TRUE
Male,Loyal Customer,33,Business Travel,Business,3623,4,4,4,4,5,5,5,5,5,2,4,3,5,4.23,0,0,TRUE
Female,Loyal Customer,29,Business Travel,Business,1605,5,5,5,5,4,4,4,4,4,5,5,5,4,4.54,4,0,TRUE
Female,Loyal Customer,42,Business Travel,Business,2454,1,1,2,1,5,5,5,4,3,3,5,5,5,3.46,8,0,TRUE
Male,Loyal Customer,38,Personal Travel,Eco,529,2,3,3,4,5,3,3,5,1,1,4,3,5,3.23,0,0,FALSE
Male,Loyal Customer,33,Business Travel,Business,327,3,1,3,3,3,3,3,3,3,3,3,2,3,2.77,40,26,FALSE
Male,Loyal Customer,22,Personal Travel,Eco,558,4,3,4,4,4,4,4,4,2,4,4,1,4,3.54,0,9,FALSE
Female,Disloyal Customer,26,Business Travel,Business,1379,2,5,2,3,4,2,4,4,4,2,4,5,4,3.46,0,0,FALSE
Female,Loyal Customer,28,Personal Travel,Eco,395,1,1,1,4,5,1,5,5,2,1,3,3,5,2.85,3,0,FALSE
Male,Loyal Customer,56,Personal Travel,Eco,994,3,5,3,3,1,3,1,1,5,3,3,1,1,2.54,9,0,FALSE
Male,Loyal Customer,41,Business Travel,Eco Plus,280,2,1,4,1,3,2,3,3,4,5,4,4,3,3,17,6,FALSE
Male,Loyal Customer,63,Business Travel,Eco,282,5,4,4,4,5,5,5,5,5,2,5,3,5,4.38,0,13,TRUE
Male,Loyal Customer,15,Personal Travel,Eco,1694,3,5,3,2,2,3,2,2,5,1,3,2,2,2.69,0,0,FALSE
Female,Disloyal Customer,28,Business Travel,Business,440,3,3,3,2,1,3,1,1,5,4,5,5,1,2.85,59,41,FALSE
Male,Loyal Customer,52,Business Travel,Business,1900,3,2,5,2,3,4,3,3,3,3,3,4,2,3.08,0,5,FALSE
Female,Loyal Customer,36,Personal Travel,Eco,590,4,5,4,2,5,4,5,5,5,5,5,5,5,4.54,0,0,FALSE
Female,Disloyal Customer,22,Business Travel,Eco,725,4,4,4,4,5,4,5,5,1,5,4,4,5,4.15,0,0,FALSE
Male,Loyal Customer,40,Business Travel,Business,90,2,2,2,2,3,5,4,5,5,5,4,4,5,3.69,0,0,TRUE
Male,Loyal Customer,26,Business Travel,Business,2611,2,2,2,2,4,5,5,3,4,3,4,5,5,3.54,0,0,TRUE
Female,Loyal Customer,54,Business Travel,Business,2592,5,5,5,5,5,4,5,5,5,5,5,3,3,4.62,8,6,TRUE
Male,Loyal Customer,42,Personal Travel,Eco,866,3,2,3,4,5,3,3,5,3,4,4,1,5,3.46,0,0,FALSE
Female,Loyal Customer,57,Business Travel,Business,2614,1,1,1,1,4,5,3,5,5,5,5,5,1,3.23,0,0,TRUE
Male,Loyal Customer,60,Business Travel,Business,3858,3,3,4,3,2,5,5,4,4,4,4,4,3,3.69,0,0,TRUE
Male,Loyal Customer,25,Personal Travel,Eco,177,3,5,3,3,5,3,5,5,3,4,5,4,5,4.08,71,76,FALSE
Female,Loyal Customer,55,Business Travel,Eco,787,2,1,1,1,4,3,4,2,2,2,2,1,1,2,0,0,FALSE
Male,Loyal Customer,57,Business Travel,Business,1905,3,3,2,3,3,4,5,2,2,2,2,4,3,2.92,1,2,TRUE
Female,Loyal Customer,13,Personal Travel,Eco,463,4,3,4,3,2,4,3,2,5,5,3,1,2,3.15,0,0,TRUE
Female,Loyal Customer,30,Business Travel,Business,2979,2,4,4,4,2,2,2,2,4,1,4,1,2,2.62,0,0,FALSE
Male,Loyal Customer,29,Business Travel,Business,2704,2,2,3,2,4,4,4,5,3,4,4,4,4,3.46,2,9,TRUE
Male,Loyal Customer,34,Personal Travel,Eco,328,4,0,4,3,4,4,4,4,5,5,3,4,4,3.69,0,2,FALSE
Male,Loyal Customer,35,Business Travel,Business,2549,1,1,1,1,4,4,5,4,4,4,4,4,4,3.15,3,0,TRUE
Male,Loyal Customer,41,Business Travel,Business,571,5,5,5,5,4,5,5,5,5,5,5,4,5,4.85,0,0,TRUE
Male,Loyal Customer,48,Business Travel,Business,1379,3,3,3,3,3,5,5,4,4,3,4,3,3,3.54,0,0,TRUE
Female,Disloyal Customer,12,Business Travel,Eco,1171,4,4,4,3,2,4,2,2,2,4,3,3,2,3,0,0,FALSE
Female,Loyal Customer,61,Personal Travel,Eco,631,3,4,3,2,5,5,4,4,4,3,4,4,3,3.69,0,6,FALSE
Female,Loyal Customer,65,Business Travel,Eco,109,1,2,2,2,2,3,3,1,1,1,1,3,3,1.92,2,6,FALSE
Female,Loyal Customer,12,Business Travel,Eco Plus,650,3,5,5,5,3,3,1,3,3,5,4,2,3,3.46,0,12,FALSE
Female,Loyal Customer,21,Personal Travel,Eco,1642,2,4,3,2,2,3,4,2,5,5,5,3,2,3.23,102,77,FALSE
Male,Loyal Customer,44,Business Travel,Business,1050,3,5,3,3,2,4,4,5,5,5,5,4,4,4,0,0,TRUE
Female,Disloyal Customer,25,Business Travel,Business,950,1,5,1,2,5,1,5,5,5,2,4,5,5,3.54,2,0,FALSE
Female,Disloyal Customer,29,Business Travel,Eco,772,1,1,1,4,5,1,5,5,1,5,3,1,5,2.92,0,0,FALSE
Female,Loyal Customer,25,Personal Travel,Business,862,1,5,1,1,3,1,3,3,3,4,5,4,3,2.85,7,0,FALSE
Female,Loyal Customer,60,Business Travel,Business,2758,2,2,2,2,1,3,4,2,2,2,2,1,2,2.08,0,0,FALSE
Female,Loyal Customer,52,Business Travel,Business,3333,2,2,2,2,3,5,5,4,4,4,4,4,5,3.54,0,0,TRUE
Female,Loyal Customer,49,Business Travel,Business,2454,1,5,5,5,5,3,3,1,1,1,1,3,3,2.85,0,0,FALSE
Male,Loyal Customer,45,Business Travel,Business,1750,0,0,0,1,5,4,5,4,4,1,1,3,3,2.38,23,23,TRUE
Male,Loyal Customer,42,Personal Travel,Eco,73,1,3,1,1,3,1,2,3,4,4,5,2,3,2.54,0,0,FALSE
Female,Loyal Customer,17,Personal Travel,Eco,262,1,5,1,3,2,1,2,2,2,4,5,2,2,2.46,7,14,FALSE
Female,Loyal Customer,45,Personal Travel,Eco,630,1,4,1,1,1,5,5,3,4,4,5,5,5,3.38,794,795,FALSE
Female,Loyal Customer,54,Business Travel,Business,1086,3,2,2,2,1,2,2,3,3,3,3,1,2,2.23,2,6,FALSE
Female,Loyal Customer,59,Business Travel,Eco,1035,4,2,2,2,1,5,4,4,4,4,4,1,5,3.23,0,0,TRUE
Male,Loyal Customer,45,Personal Travel,Eco,761,1,4,1,4,1,1,5,1,4,3,4,3,1,2.54,7,3,FALSE
Male,Loyal Customer,60,Business Travel,Eco,160,2,5,5,5,2,2,2,2,1,1,3,2,2,2.62,0,0,FALSE
Male,Loyal Customer,45,Business Travel,Business,2609,4,4,4,4,5,5,5,5,5,5,5,1,3,4.23,0,0,TRUE
Female,Disloyal Customer,36,Business Travel,Business,236,2,2,2,3,4,2,4,4,5,3,4,3,4,3.23,0,1,FALSE
Male,Loyal Customer,51,Business Travel,Business,578,3,3,2,3,2,2,1,3,3,3,3,1,2,2.38,18,29,FALSE
Male,Loyal Customer,42,Business Travel,Business,3441,2,2,2,2,5,4,5,5,2,2,2,5,5,3.31,110,144,TRUE
Male,Disloyal Customer,58,Business Travel,Eco,390,2,2,2,4,2,2,4,2,2,4,4,2,2,2.62,0,0,FALSE
Female,Loyal Customer,31,Business Travel,Eco,925,2,4,4,4,2,2,2,2,3,5,4,3,2,3,29,44,FALSE
Male,Loyal Customer,37,Business Travel,Business,2139,5,5,5,5,2,4,5,4,4,4,4,4,4,4.23,5,0,TRUE
Male,Loyal Customer,49,Personal Travel,Eco,762,4,4,4,5,2,4,2,2,3,3,5,4,2,3.38,56,48,FALSE
Female,Loyal Customer,56,Personal Travel,Eco,2039,1,2,1,4,4,4,4,1,1,1,1,4,3,2.38,7,3,FALSE
Male,Loyal Customer,54,Personal Travel,Eco,1096,1,2,1,4,1,1,1,1,1,2,3,4,1,1.77,0,0,FALSE
Female,Disloyal Customer,30,Business Travel,Eco Plus,794,1,1,1,3,1,1,4,1,3,1,3,4,1,1.92,0,0,FALSE
Male,Loyal Customer,30,Business Travel,Business,261,0,0,0,1,4,1,1,4,3,2,5,1,4,2,0,0,TRUE
Male,Loyal Customer,51,Business Travel,Business,1546,1,1,1,1,2,5,5,4,4,4,4,5,5,3.23,0,0,TRUE
Male,Loyal Customer,35,Business Travel,Business,3915,4,4,4,4,5,1,4,4,4,4,4,4,1,3.62,4,0,TRUE
Male,Loyal Customer,64,Personal Travel,Business,693,0,5,0,3,3,5,4,1,1,0,2,4,3,2.38,0,0,TRUE
Female,Loyal Customer,48,Business Travel,Business,1892,2,2,2,2,2,3,2,4,4,4,4,1,4,2.77,4,6,TRUE
Male,Loyal Customer,20,Business Travel,Business,1626,5,5,5,5,5,5,5,5,1,4,4,4,5,4.46,0,1,TRUE
Male,Loyal Customer,52,Personal Travel,Eco Plus,612,3,3,3,1,4,3,4,4,4,4,5,5,4,3.62,0,0,FALSE
Male,Disloyal Customer,28,Business Travel,Business,968,4,5,5,4,5,1,1,5,2,4,5,1,1,3.31,129,135,TRUE
Female,Disloyal Customer,39,Business Travel,Business,1671,2,2,2,1,2,2,2,2,3,3,3,4,2,2.31,0,0,FALSE
Female,Loyal Customer,52,Business Travel,Business,733,3,1,3,3,5,4,4,5,5,5,5,5,4,4,4,0,TRUE
Male,Loyal Customer,51,Business Travel,Eco,346,5,5,5,5,5,5,5,5,5,2,4,5,5,4.69,13,44,TRUE
Male,Loyal Customer,57,Business Travel,Eco Plus,668,3,2,2,2,3,3,3,3,1,3,4,3,3,2.69,17,10,FALSE
Female,Loyal Customer,33,Business Travel,Business,2594,3,3,3,3,3,4,1,5,5,5,3,5,1,3.38,0,2,TRUE
Female,Loyal Customer,29,Personal Travel,Eco Plus,679,1,4,1,1,5,1,5,5,5,2,4,3,5,3.23,0,0,FALSE
Female,Loyal Customer,38,Business Travel,Business,3467,4,5,5,5,1,3,4,2,2,2,4,4,3,3.38,0,0,FALSE
Female,Loyal Customer,61,Personal Travel,Business,1590,3,4,3,4,5,4,5,4,4,3,4,5,4,4,0,0,FALSE
Female,Loyal Customer,55,Business Travel,Business,2762,3,3,3,3,5,5,5,3,4,4,4,5,5,4,0,0,TRUE
Male,Loyal Customer,34,Personal Travel,Eco,226,3,4,3,2,1,3,1,1,5,3,3,5,1,2.69,6,0,FALSE
Male,Loyal Customer,59,Business Travel,Eco,150,4,4,4,4,4,4,4,4,4,2,5,4,4,3.92,0,0,TRUE
Female,Loyal Customer,48,Business Travel,Business,3200,2,2,5,2,4,4,5,4,4,4,4,5,4,3.77,0,1,TRUE
Female,Loyal Customer,45,Business Travel,Business,853,2,5,2,2,3,5,4,4,4,4,4,4,4,3.62,0,0,TRUE
Male,Loyal Customer,48,Personal Travel,Eco,763,3,5,3,3,1,3,1,1,3,2,4,4,1,2.62,0,0,FALSE
Male,Loyal Customer,52,Business Travel,Business,312,2,2,2,2,4,4,4,5,5,5,5,5,3,3.69,10,13,TRUE
Male,Loyal Customer,54,Business Travel,Business,957,2,2,2,2,2,4,5,5,5,5,5,3,4,3.54,5,10,TRUE
Male,Loyal Customer,38,Business Travel,Eco,649,4,2,2,2,4,4,4,4,1,4,1,4,4,3.08,23,24,TRUE
Male,Loyal Customer,44,Business Travel,Business,1983,1,1,1,1,4,5,4,3,3,2,3,3,3,2.62,0,0,TRUE
Female,Loyal Customer,54,Business Travel,Business,539,2,2,2,2,3,5,4,2,2,2,2,5,4,2.85,1,0,TRUE
Female,Disloyal Customer,39,Business Travel,Business,715,5,5,5,1,4,5,4,4,5,3,1,2,4,3.69,0,0,TRUE
Female,Loyal Customer,33,Business Travel,Business,337,3,3,3,3,3,5,4,4,4,4,4,3,3,3.54,0,7,TRUE
Female,Loyal Customer,39,Business Travel,Business,3013,0,0,0,2,4,5,2,3,3,1,1,4,5,2.31,52,52,TRUE
Female,Disloyal Customer,29,Business Travel,Eco,853,2,2,2,3,1,2,1,1,2,4,3,1,1,1.92,38,32,FALSE
Female,Loyal Customer,15,Business Travel,Business,1041,2,2,2,2,5,5,5,5,5,5,4,3,5,3.85,28,32,TRUE
Male,Disloyal Customer,71,Business Travel,Business,1121,3,3,3,3,1,3,1,1,4,2,4,4,1,2.54,18,4,FALSE
Male,Disloyal Customer,43,Business Travel,Business,2297,1,1,1,1,2,1,2,2,4,5,3,4,2,2.23,8,0,FALSE
Female,Disloyal Customer,56,Business Travel,Eco,205,4,4,4,4,5,4,5,5,1,2,1,4,5,3.69,0,0,TRUE
Female,Loyal Customer,53,Business Travel,Business,1805,1,1,4,1,2,5,5,2,2,2,2,4,4,2.69,0,0,TRUE
Male,Loyal Customer,39,Business Travel,Eco,247,5,2,5,2,5,5,5,5,4,5,5,2,5,4.23,0,0,TRUE
Female,Loyal Customer,55,Personal Travel,Eco,73,3,5,3,1,3,2,1,1,1,3,1,4,5,2.54,1,0,FALSE
Male,Loyal Customer,47,Business Travel,Business,3776,2,2,2,2,5,5,5,5,5,5,5,3,5,3.92,16,8,TRUE
Male,Loyal Customer,39,Personal Travel,Eco,912,3,5,3,1,3,3,3,3,5,3,4,3,3,3.23,0,0,FALSE
Female,Loyal Customer,50,Personal Travel,Eco,139,4,0,4,1,3,5,5,4,4,4,4,5,3,3.54,0,0,FALSE
Female,Loyal Customer,17,Business Travel,Business,468,2,5,2,5,2,1,2,2,4,2,4,2,2,2.69,0,0,FALSE
Female,Loyal Customer,36,Business Travel,Business,1621,5,5,5,5,2,4,5,5,5,5,5,5,4,4.62,37,18,TRUE
Male,Loyal Customer,58,Personal Travel,Eco,430,3,1,5,4,2,5,2,2,4,3,4,1,2,2.92,0,6,FALSE
Female,Loyal Customer,19,Personal Travel,Business,667,5,5,5,4,5,5,5,5,5,3,4,5,5,4.69,14,0,TRUE
Female,Loyal Customer,47,Business Travel,Business,2052,3,3,3,3,5,4,4,4,4,4,5,5,4,3.92,5,0,TRUE
Female,Loyal Customer,48,Business Travel,Business,2029,3,3,3,3,4,2,1,5,5,5,5,2,5,3.54,0,0,TRUE
Male,Loyal Customer,38,Personal Travel,Eco,224,2,5,2,4,4,2,4,4,3,4,5,4,4,3.62,0,0,FALSE
Male,Loyal Customer,43,Business Travel,Business,3709,1,1,2,1,4,1,5,3,3,3,3,3,3,2.54,19,4,TRUE
Male,Loyal Customer,32,Personal Travel,Eco Plus,632,3,4,3,3,3,3,3,3,4,2,3,4,3,3.15,0,15,FALSE
Female,Loyal Customer,49,Business Travel,Business,1982,5,5,5,5,1,3,1,5,5,5,5,3,4,4,17,5,TRUE
Male,Loyal Customer,50,Personal Travel,Eco,552,1,4,1,2,5,1,5,5,4,3,4,4,5,3.38,24,45,FALSE
Female,Loyal Customer,54,Business Travel,Business,2804,5,5,5,5,4,4,4,4,4,4,4,3,5,4.31,0,0,TRUE
Male,Loyal Customer,57,Business Travel,Eco,602,2,3,3,3,2,2,2,2,3,1,4,2,2,2.38,13,0,FALSE
Female,Loyal Customer,46,Business Travel,Business,1931,1,1,1,1,5,5,5,4,4,4,4,4,5,3.38,0,0,TRUE
Male,Loyal Customer,36,Business Travel,Business,2891,2,4,2,2,4,4,5,4,4,4,4,5,4,3.69,13,0,TRUE
Female,Loyal Customer,45,Business Travel,Eco,313,3,3,3,3,4,4,3,3,3,3,3,4,2,3.15,0,0,FALSE
Male,Disloyal Customer,40,Business Travel,Business,641,3,3,3,4,2,3,2,2,3,4,4,4,2,3,25,14,FALSE
Male,Loyal Customer,47,Personal Travel,Eco,407,1,5,2,3,3,2,3,3,5,4,1,2,3,2.85,0,0,FALSE
Female,Loyal Customer,57,Business Travel,Business,2015,4,4,4,4,5,4,4,3,3,4,3,3,4,3.77,0,0,TRUE
Male,Loyal Customer,57,Business Travel,Business,1464,4,4,4,4,2,4,4,5,5,4,5,3,3,3.92,0,0,TRUE
Female,Disloyal Customer,47,Business Travel,Eco,1090,4,4,4,3,5,4,5,5,4,5,4,4,5,4.31,0,0,FALSE
Male,Loyal Customer,51,Personal Travel,Eco Plus,352,2,5,2,3,2,2,2,2,3,5,4,4,2,2.92,3,3,FALSE
Female,Loyal Customer,64,Personal Travel,Eco,622,3,3,3,5,3,3,4,1,1,3,1,2,5,2.85,109,,FALSE
Female,Loyal Customer,57,Personal Travel,Eco,2355,4,4,4,1,4,3,2,4,4,3,5,2,2,3.23,0,11,FALSE
Male,Disloyal Customer,28,Business Travel,Eco,1027,4,4,4,2,3,4,3,3,2,3,3,3,3,3.15,0,0,FALSE
Male,Loyal Customer,51,Business Travel,Business,641,1,1,1,1,3,4,4,5,5,5,5,5,4,3.38,35,20,TRUE
Female,Loyal Customer,18,Personal Travel,Eco,240,2,5,2,3,3,2,1,3,3,3,4,5,3,3,32,27,FALSE
Male,Loyal Customer,23,Business Travel,Business,1464,3,3,3,3,5,5,5,5,4,3,4,4,5,4,0,0,TRUE
Female,Loyal Customer,42,Personal Travel,Eco,304,3,4,3,5,3,4,5,4,4,3,4,4,4,3.85,0,0,FALSE
Male,Loyal Customer,47,Business Travel,Business,3105,1,5,5,5,2,4,4,1,1,1,1,4,1,2.69,0,0,FALSE
Male,Loyal Customer,64,Personal Travel,Eco,594,1,3,1,5,2,1,2,2,5,5,4,2,2,2.69,24,18,FALSE
Male,Disloyal Customer,20,Business Travel,Eco,1178,3,3,3,4,5,3,5,5,2,4,4,2,5,3.69,0,0,TRUE
Male,Loyal Customer,30,Personal Travel,Eco,1119,3,4,3,4,2,3,2,2,3,3,4,1,2,2.77,0,0,FALSE
Female,Loyal Customer,23,Personal Travel,Eco,1590,4,5,4,3,3,4,3,3,5,3,4,5,3,3.77,0,0,FALSE
Female,Loyal Customer,43,Personal Travel,Eco,587,1,1,2,4,4,4,3,2,2,2,2,1,2,2.31,2,0,FALSE
Female,Disloyal Customer,24,Business Travel,Business,214,5,0,5,4,3,5,3,3,5,2,4,4,3,3.54,0,0,TRUE
Female,Loyal Customer,48,Business Travel,Eco Plus,1972,3,2,4,4,4,2,3,3,3,3,3,3,2,3,59,58,FALSE
Male,Loyal Customer,34,Business Travel,Business,109,5,5,5,5,4,2,5,4,4,4,4,3,3,4.08,0,0,TRUE
Male,Loyal Customer,19,Business Travel,Eco,1166,3,4,4,4,3,3,1,3,3,5,4,2,3,3.23,15,1,FALSE
Male,Loyal Customer,44,Business Travel,Business,1778,5,5,5,5,5,4,4,5,5,5,5,3,4,4.62,0,0,TRUE
Female,Loyal Customer,45,Business Travel,Eco,175,3,4,4,4,3,2,3,3,3,3,3,4,1,3.08,25,6,FALSE
Male,Loyal Customer,39,Personal Travel,Eco,1497,4,4,3,2,1,3,1,1,4,2,4,5,1,2.69,0,0,FALSE
Female,Loyal Customer,55,Business Travel,Eco,391,3,2,2,2,4,2,3,3,3,3,3,2,1,2.54,0,3,TRUE
Male,Disloyal Customer,23,Business Travel,Eco,515,2,4,2,1,1,2,1,1,4,4,3,3,1,2.23,0,0,FALSE
Female,Loyal Customer,17,Personal Travel,Eco,867,4,3,4,2,4,4,4,4,4,3,5,4,4,3.77,0,0,FALSE
Female,Loyal Customer,48,Business Travel,Business,516,2,3,3,3,2,4,4,2,2,2,2,1,2,2.46,11,23,FALSE
Female,Loyal Customer,34,Personal Travel,Eco,769,3,5,3,3,5,3,2,5,3,4,5,4,5,3.85,10,14,FALSE
Male,Loyal Customer,47,Business Travel,Business,3306,1,5,5,5,3,3,3,3,3,3,1,1,4,3.08,0,0,FALSE
Female,Loyal Customer,53,Business Travel,Business,1504,5,5,3,5,3,4,5,5,5,5,5,4,5,4.54,0,0,TRUE
Female,Loyal Customer,52,Personal Travel,Eco Plus,1013,1,4,1,1,2,2,3,2,2,1,2,5,5,2.38,5,0,FALSE
Female,Loyal Customer,17,Personal Travel,Eco,2075,2,4,2,5,1,2,1,1,3,2,3,4,1,2.38,0,4,FALSE
Female,Loyal Customer,47,Business Travel,Business,2475,5,5,5,5,4,4,4,3,4,4,4,4,4,4.23,0,0,TRUE
Male,Loyal Customer,18,Personal Travel,Eco,1085,4,5,4,5,4,4,3,4,3,3,4,3,4,3.85,0,0,TRUE
Male,Loyal Customer,32,Business Travel,Business,2558,0,4,0,1,5,5,5,5,5,4,1,1,5,3.15,0,6,TRUE
Male,Loyal Customer,38,Business Travel,Business,1833,2,2,2,2,5,3,5,4,4,4,4,3,2,3.23,4,0,TRUE
Female,Loyal Customer,40,Business Travel,Business,3567,2,2,2,2,5,4,5,4,4,4,4,5,3,3.54,0,0,TRUE
Male,Loyal Customer,38,Personal Travel,Eco,862,4,4,4,3,3,4,3,3,1,2,5,5,3,3.38,0,0,TRUE
Female,Disloyal Customer,25,Business Travel,Eco,328,4,0,4,3,5,4,5,5,2,3,2,5,5,3.62,0,0,FALSE
Female,Loyal Customer,39,Business Travel,Business,2713,4,4,4,4,4,5,4,4,4,4,4,3,5,4.08,0,0,TRUE
Female,Disloyal Customer,44,Business Travel,Business,345,2,2,2,4,2,2,1,2,3,4,5,4,2,2.69,0,0,FALSE
Female,Loyal Customer,36,Business Travel,Business,3062,1,1,4,1,3,5,4,5,5,5,5,4,5,3.69,2,0,TRUE
Female,Loyal Customer,28,Personal Travel,Eco,1310,1,4,1,3,1,1,1,1,3,2,4,5,1,2.15,0,0,FALSE
Male,Loyal Customer,30,Personal Travel,Eco,604,2,4,2,1,2,2,2,2,5,4,5,4,2,2.85,0,0,FALSE
Female,Loyal Customer,21,Personal Travel,Eco Plus,533,2,5,2,3,5,2,5,5,5,4,5,4,5,4,39,43,FALSE
Male,Loyal Customer,47,Business Travel,Eco Plus,565,5,4,5,4,5,5,5,5,3,1,2,1,5,3.85,0,0,TRUE
Male,Loyal Customer,21,Personal Travel,Eco,813,3,0,3,3,1,3,5,1,1,5,1,5,1,2.46,91,80,FALSE
Female,Loyal Customer,44,Personal Travel,Eco,216,4,3,4,3,1,3,2,5,5,4,5,3,3,3.46,0,2,TRUE
Male,Loyal Customer,30,Business Travel,Business,3046,2,3,3,3,2,2,2,2,3,2,3,2,2,2.38,48,38,FALSE
Male,Loyal Customer,45,Personal Travel,Eco,862,4,4,5,4,3,5,3,3,3,4,5,4,3,3.85,8,12,TRUE
Male,Disloyal Customer,22,Business Travel,Eco,722,4,4,4,5,2,4,2,2,4,2,3,4,2,3.23,0,0,FALSE
Female,Loyal Customer,43,Business Travel,Business,2521,2,2,2,2,5,4,5,5,5,5,5,3,3,3.69,0,0,TRUE
Male,Loyal Customer,8,Personal Travel,Eco,1129,0,5,0,3,2,0,2,2,3,2,4,3,2,2.15,4,2,TRUE
Male,Loyal Customer,30,Personal Travel,Eco,689,1,2,1,3,3,1,3,3,3,2,3,3,3,2.38,0,0,FALSE
Female,Loyal Customer,61,Personal Travel,Eco,1199,1,3,1,3,5,4,4,4,4,1,4,2,1,2.85,0,0,FALSE
Male,Loyal Customer,55,Personal Travel,Eco,740,3,5,3,2,4,3,4,4,4,3,4,4,4,3.62,0,0,FALSE
Male,Loyal Customer,62,Business Travel,Business,2741,1,1,1,1,3,5,4,4,4,4,4,5,3,3.08,16,0,TRUE
Male,Loyal Customer,40,Business Travel,Eco,685,4,5,3,5,4,4,4,4,4,3,4,3,4,3.92,0,13,FALSE
Male,Loyal Customer,58,Business Travel,Business,216,3,3,3,3,4,4,5,4,4,4,5,5,5,4,11,0,TRUE
Female,Loyal Customer,29,Business Travel,Business,3058,4,1,4,4,4,4,4,4,5,5,1,4,4,3.69,0,0,TRUE
Male,Disloyal Customer,24,Business Travel,Eco,481,3,3,4,3,2,4,2,2,4,3,4,2,2,2.92,10,0,FALSE
Female,Disloyal Customer,40,Business Travel,Business,156,3,3,3,3,3,3,3,3,3,3,5,4,3,3.23,8,2,FALSE
Female,Loyal Customer,33,Business Travel,Business,2760,4,4,4,4,2,4,5,3,3,2,3,5,5,3.69,0,0,TRUE
Female,Loyal Customer,56,Business Travel,Business,453,5,5,5,5,4,5,4,2,2,2,2,4,4,3.77,0,34,TRUE
Female,Loyal Customer,57,Personal Travel,Eco,224,5,2,0,2,1,2,3,5,5,0,5,3,4,2.85,0,0,TRUE
Male,Loyal Customer,22,Business Travel,Eco,1616,4,2,2,2,4,4,3,4,1,2,5,3,4,3.08,0,0,TRUE
Male,Loyal Customer,41,Personal Travel,Eco,1084,2,5,2,2,3,2,3,3,3,2,4,3,3,2.85,0,18,FALSE
Female,Loyal Customer,47,Business Travel,Business,692,4,4,4,4,4,4,4,4,4,4,4,3,3,3.85,0,0,TRUE
Male,Disloyal Customer,13,Business Travel,Eco,1031,4,4,4,3,1,4,1,1,3,5,4,3,1,2.92,0,0,FALSE
Female,Loyal Customer,24,Personal Travel,Eco,516,1,4,4,1,5,4,5,5,5,5,4,3,5,3.92,0,0,FALSE
Male,Loyal Customer,62,Personal Travel,Eco,1535,3,5,2,2,3,2,3,3,5,5,5,5,3,3.54,0,0,FALSE
Female,Loyal Customer,34,Personal Travel,Eco Plus,534,3,4,3,2,2,3,2,2,5,3,5,5,2,3.15,12,0,FALSE
Male,Loyal Customer,53,Business Travel,Eco Plus,944,2,2,2,2,2,2,2,2,4,3,3,1,2,2.23,9,10,FALSE
Female,Loyal Customer,56,Business Travel,Business,2296,5,5,5,5,4,4,4,5,5,5,5,3,4,4.54,0,0,TRUE
Female,Loyal Customer,25,Business Travel,Business,296,2,5,5,5,2,2,2,2,4,3,4,2,2,3.08,21,14,FALSE
Female,Loyal Customer,11,Personal Travel,Eco,2565,2,1,1,3,5,1,5,5,4,2,3,2,5,3,0,0,FALSE
Male,Loyal Customer,31,Business Travel,Eco Plus,802,2,5,5,5,2,2,2,2,2,5,3,2,2,3,0,0,FALSE
Female,Loyal Customer,28,Personal Travel,Eco,1449,2,5,2,2,2,2,2,2,3,1,4,5,2,2.62,42,56,FALSE
Female,Loyal Customer,62,Personal Travel,Eco Plus,748,1,4,1,1,3,5,5,3,3,1,3,2,3,2.69,0,0,FALSE
Female,Loyal Customer,30,Business Travel,Business,3325,2,2,2,2,5,4,5,5,5,1,1,4,5,3.31,2,9,TRUE
Male,Loyal Customer,35,Personal Travel,Eco,404,2,4,2,3,1,2,1,1,3,4,5,5,1,2.62,0,4,FALSE
Female,Loyal Customer,66,Business Travel,Business,1372,2,2,2,2,3,5,4,5,5,5,5,3,5,3.69,0,0,TRUE
Female,Loyal Customer,62,Personal Travel,Eco Plus,1055,2,4,2,3,3,5,5,3,3,2,2,3,4,3.15,0,0,FALSE
Female,Loyal Customer,31,Business Travel,Business,2118,1,3,3,3,1,2,1,1,4,2,4,1,1,2.08,0,51,FALSE
Female,Loyal Customer,27,Business Travel,Business,334,5,5,5,5,5,5,5,5,5,4,4,4,5,4.77,0,0,TRUE
Female,Loyal Customer,29,Business Travel,Business,1559,4,4,4,4,4,4,4,4,3,3,5,5,4,4,0,0,TRUE
Male,Disloyal Customer,40,Business Travel,Eco,196,2,0,2,4,2,2,2,2,2,4,1,5,2,2.31,0,0,FALSE
Female,Loyal Customer,32,Business Travel,Eco,209,5,2,2,2,5,4,5,5,1,3,4,3,5,3.54,0,0,TRUE
Male,Loyal Customer,51,Business Travel,Business,3504,1,1,1,1,1,4,3,1,1,1,1,4,1,1.62,0,7,FALSE
Female,Loyal Customer,26,Business Travel,Business,1846,1,1,5,1,4,4,4,4,3,5,4,3,4,3.31,0,0,TRUE
Female,Disloyal Customer,41,Business Travel,Business,467,3,2,2,1,1,4,1,1,1,1,4,1,1,1.77,6,0,FALSE
Female,Loyal Customer,51,Personal Travel,Eco Plus,693,4,1,4,4,2,3,4,5,5,4,5,2,3,3.54,0,0,FALSE
Female,Loyal Customer,33,Personal Travel,Eco,882,5,5,5,4,4,5,5,4,4,1,5,5,4,4.31,0,6,TRUE
Female,Loyal Customer,39,Business Travel,Business,453,4,4,4,4,3,5,5,2,2,2,2,5,5,3.62,0,0,TRUE
Male,Loyal Customer,57,Business Travel,Business,3815,3,3,3,3,3,4,5,4,4,4,3,1,2,3.23,0,5,TRUE
Male,Loyal Customer,45,Business Travel,Business,3908,2,4,2,2,5,4,5,5,5,5,5,4,4,4,15,8,TRUE
Female,Loyal Customer,20,Personal Travel,Eco,1050,1,4,1,2,3,1,3,3,3,3,5,4,3,2.77,0,,FALSE
Female,Disloyal Customer,27,Business Travel,Business,1345,5,5,5,3,3,5,3,3,3,5,4,5,3,4,0,0,TRUE
Female,Loyal Customer,57,Personal Travel,Eco,670,1,5,1,4,3,4,5,5,5,1,5,5,5,3.77,55,62,FALSE
Female,Loyal Customer,30,Business Travel,Business,209,2,3,3,3,3,2,2,3,3,5,4,3,3,3,43,43,FALSE
Female,Loyal Customer,59,Business Travel,Business,2078,3,3,3,3,4,5,4,5,5,5,5,3,4,4,11,16,TRUE
Female,Disloyal Customer,20,Business Travel,Eco,899,2,2,2,3,5,2,2,5,2,2,4,2,5,2.92,107,99,FALSE
Male,Loyal Customer,12,Personal Travel,Eco,323,1,5,1,5,4,1,4,4,3,4,5,1,4,3.23,0,0,FALSE
Male,Loyal Customer,48,Business Travel,Business,3633,5,5,5,5,4,4,4,5,5,5,5,4,5,4.69,36,28,TRUE
Female,Loyal Customer,53,Business Travel,Business,583,1,1,1,1,2,5,4,4,4,4,4,4,3,2.92,8,0,TRUE
Female,Loyal Customer,60,Business Travel,Business,1751,3,3,3,3,4,4,4,5,5,5,5,5,5,4.15,0,5,TRUE
Female,Loyal Customer,68,Personal Travel,Eco,966,1,5,1,1,5,5,5,5,5,1,5,4,4,3.62,34,36,FALSE
Female,Disloyal Customer,26,Business Travel,Business,761,5,5,5,5,1,5,1,1,5,3,5,4,1,3.54,7,1,TRUE
Male,Loyal Customer,54,Business Travel,Eco,916,5,5,5,5,5,5,5,5,5,1,5,2,5,4.46,5,0,TRUE
Male,Loyal Customer,37,Business Travel,Business,3856,2,2,2,2,2,4,4,4,4,4,4,5,5,3.38,0,0,TRUE
Female,Loyal Customer,59,Business Travel,Business,1620,3,3,3,3,2,4,5,4,4,4,4,4,5,3.69,50,43,TRUE
Female,Loyal Customer,48,Business Travel,Business,2519,3,3,3,3,3,5,5,3,3,3,3,4,3,3.38,0,0,TRUE
Male,Loyal Customer,58,Business Travel,Business,888,2,2,2,2,3,5,4,4,4,4,4,4,4,3.38,0,0,TRUE
Female,Loyal Customer,36,Business Travel,Business,1891,0,3,0,1,3,4,5,4,4,5,5,4,2,3.08,0,5,TRUE
Female,Loyal Customer,50,Business Travel,Eco,1587,3,3,3,3,5,3,4,3,3,3,3,3,1,3.08,0,0,FALSE
Male,Loyal Customer,54,Business Travel,Eco,296,3,1,1,1,3,3,3,3,3,2,3,2,3,2.38,43,38,FALSE
Female,Loyal Customer,37,Business Travel,Eco,867,4,5,5,5,4,4,4,4,1,1,3,3,4,3.62,3,0,TRUE
Male,Loyal Customer,39,Business Travel,Business,2585,1,2,1,1,3,3,5,4,4,4,4,3,3,2.92,3,0,TRUE
Female,Loyal Customer,42,Business Travel,Business,1924,5,5,5,5,5,5,4,4,4,4,4,3,3,4.31,0,0,TRUE
Male,Loyal Customer,38,Personal Travel,Eco Plus,1535,3,4,3,1,1,3,1,1,4,3,3,3,1,2.38,11,24,FALSE
Female,Loyal Customer,35,Business Travel,Eco,937,4,1,1,1,4,4,4,4,4,2,4,5,4,3.23,0,0,TRUE
Male,Loyal Customer,33,Personal Travel,Eco,237,2,5,2,3,5,2,5,5,4,4,4,4,5,3.85,16,9,FALSE
Female,Loyal Customer,53,Business Travel,Business,3754,2,4,4,4,4,2,2,2,2,2,2,1,4,2.69,1,19,FALSE
Male,Loyal Customer,25,Personal Travel,Eco,192,4,5,4,2,3,4,3,3,3,4,4,3,3,3.46,26,12,FALSE
Male,Loyal Customer,31,Personal Travel,Business,1013,2,1,2,3,1,2,1,1,4,4,3,2,1,2.08,0,0,FALSE
Female,Disloyal Customer,37,Business Travel,Business,370,2,2,2,3,4,2,4,4,2,4,3,4,4,3.08,0,2,FALSE
Female,Loyal Customer,42,Personal Travel,Eco,1751,1,2,1,2,4,3,2,5,5,1,5,3,4,2.92,84,78,FALSE
Female,Loyal Customer,41,Business Travel,Business,3959,2,2,2,2,2,4,4,5,5,5,5,5,3,3.54,60,70,TRUE
Male,Loyal Customer,55,Business Travel,Business,2948,4,4,4,4,2,4,4,4,4,4,5,5,5,4.08,0,0,TRUE
Female,Loyal Customer,21,Personal Travel,Eco,1514,1,4,1,3,4,1,4,4,5,4,3,5,4,3.31,35,22,FALSE
Male,Disloyal Customer,25,Business Travel,Eco,1050,2,2,2,3,4,2,4,4,2,5,4,3,4,3.15,44,43,FALSE
Male,Loyal Customer,45,Business Travel,Business,1734,3,3,3,3,2,4,5,4,4,4,4,3,3,3.46,0,0,TRUE
Female,Loyal Customer,57,Personal Travel,Eco Plus,474,4,2,4,4,5,4,3,1,1,4,1,4,2,3,6,0,FALSE
Male,Disloyal Customer,39,Business Travel,Business,337,2,1,1,1,2,1,2,2,3,4,5,5,2,2.38,78,90,FALSE
Male,Loyal Customer,64,Business Travel,Eco,109,1,2,2,2,1,1,1,1,4,2,4,1,1,1.77,0,0,FALSE
Male,Loyal Customer,60,Personal Travel,Eco,224,4,4,0,5,4,0,4,4,5,3,4,3,4,3.38,21,11,FALSE
Female,Loyal Customer,35,Business Travel,Business,1993,4,4,4,4,4,4,3,1,4,3,4,3,3,3.46,136,184,TRUE
Female,Loyal Customer,44,Personal Travel,Eco,152,3,5,3,3,3,5,5,1,1,3,1,3,4,3.08,35,35,FALSE
Male,Loyal Customer,45,Business Travel,Business,989,1,1,4,1,5,4,4,4,4,4,4,5,3,3.38,0,0,TRUE
Male,Loyal Customer,54,Business Travel,Business,954,3,4,4,4,3,4,4,3,3,3,3,1,3,3.23,0,0,FALSE
Male,Disloyal Customer,18,Business Travel,Business,368,3,0,3,4,4,3,4,4,4,5,4,4,4,3.54,0,0,FALSE
Male,Loyal Customer,22,Personal Travel,Eco,762,1,4,1,3,4,1,4,4,5,3,4,4,4,3.23,0,0,FALSE
Female,Loyal Customer,14,Personal Travel,Eco Plus,351,3,5,3,1,3,3,4,3,3,3,4,4,3,3.23,0,0,FALSE
Female,Disloyal Customer,16,Business Travel,Eco,1097,1,1,1,2,2,1,5,2,4,5,3,4,2,2.54,0,0,FALSE
Male,Disloyal Customer,38,Business Travel,Eco,387,3,5,3,3,5,3,1,5,4,1,4,5,5,3.62,0,0,FALSE
Female,Loyal Customer,67,Personal Travel,Eco,237,2,5,2,3,2,4,5,5,5,2,5,3,3,3.54,12,4,FALSE
Male,Loyal Customer,60,Business Travel,Business,2223,3,3,3,3,4,4,4,4,4,4,4,3,5,3.69,1,0,TRUE
Female,Loyal Customer,69,Personal Travel,Eco,1797,3,5,4,2,5,5,4,2,2,4,4,4,5,3.77,0,0,FALSE
Male,Loyal Customer,27,Personal Travel,Eco,80,1,1,0,1,5,0,2,5,2,1,1,1,5,1.92,9,17,FALSE
Male,Disloyal Customer,21,Business Travel,Eco,576,2,5,2,3,2,5,5,4,4,5,5,5,5,4,200,208,FALSE
Male,Loyal Customer,50,Business Travel,Business,482,4,4,4,4,3,5,5,4,4,4,4,5,5,4.23,0,3,TRUE
Male,Disloyal Customer,37,Business Travel,Business,770,1,1,1,3,4,1,4,4,4,1,2,3,4,2.54,14,17,FALSE
Male,Loyal Customer,36,Business Travel,Business,230,3,5,5,5,5,1,1,3,3,2,3,3,4,3.31,20,14,FALSE
Female,Loyal Customer,44,Business Travel,Business,120,0,3,0,2,4,1,3,4,4,4,4,5,3,2.85,0,0,TRUE
Female,Loyal Customer,39,Personal Travel,Eco,936,3,4,3,2,4,3,4,4,4,4,5,5,4,3.77,1,0,FALSE
Male,Loyal Customer,45,Personal Travel,Eco,289,0,4,0,3,4,0,4,4,4,3,4,4,4,2.92,0,0,TRUE
Male,Loyal Customer,53,Business Travel,Business,808,5,5,5,5,2,4,5,5,5,5,5,5,4,4.62,5,12,TRUE
Male,Loyal Customer,52,Business Travel,Business,472,4,4,4,4,4,5,4,5,5,5,5,4,5,4.46,48,36,TRUE
Male,Loyal Customer,29,Personal Travel,Eco,912,2,5,2,3,4,2,2,4,3,4,4,5,4,3.38,5,0,FALSE
Female,Loyal Customer,22,Business Travel,Business,1212,3,3,3,3,3,3,3,3,2,1,3,1,3,2.62,0,0,FALSE
Male,Disloyal Customer,39,Business Travel,Business,1303,5,5,5,3,5,5,5,5,3,2,4,3,5,4.23,0,0,TRUE
Male,Disloyal Customer,25,Business Travel,Business,583,3,0,3,1,4,3,4,4,3,5,4,4,4,3.23,0,0,FALSE
Female,Loyal Customer,41,Business Travel,Business,1127,2,3,2,2,2,4,4,4,4,4,4,3,4,3.23,0,0,TRUE
Male,Loyal Customer,58,Business Travel,Eco,335,1,1,1,1,1,1,1,1,2,4,2,2,1,1.46,0,0,FALSE
Male,Loyal Customer,39,Personal Travel,Eco,731,2,2,2,4,3,2,3,3,2,5,3,3,3,2.85,4,0,FALSE
Female,Loyal Customer,49,Business Travel,Eco,163,4,3,3,3,5,2,4,4,4,4,4,1,1,3.23,0,0,TRUE
Male,Loyal Customer,53,Personal Travel,Eco,788,1,4,1,2,1,1,1,1,5,2,4,4,1,2.15,0,13,FALSE
Female,Loyal Customer,18,Business Travel,Eco,1046,0,3,0,4,4,0,5,4,4,5,5,4,4,3.23,0,0,TRUE
Female,Loyal Customer,31,Business Travel,Eco,110,0,0,0,1,2,0,2,2,2,1,4,4,2,1.54,0,7,TRUE
Female,Disloyal Customer,23,Business Travel,Eco,427,4,0,4,4,3,4,5,3,5,4,4,4,3,3.62,0,5,TRUE
Male,Loyal Customer,55,Business Travel,Eco,1121,5,1,1,1,5,5,5,5,1,4,4,4,5,3.54,105,95,TRUE
Female,Loyal Customer,38,Business Travel,Eco,358,5,3,3,3,5,5,5,5,3,3,4,4,5,4.08,0,0,TRUE
Male,Loyal Customer,76,Business Travel,Business,890,3,3,3,3,4,5,3,5,5,4,5,5,3,3.92,0,0,TRUE
Female,Loyal Customer,9,Personal Travel,Eco,721,4,4,4,2,1,4,2,1,5,5,2,5,1,3.08,0,0,FALSE
Female,Loyal Customer,59,Personal Travel,Eco,787,4,4,4,3,5,5,4,5,5,4,5,5,5,4.46,11,0,TRUE
Male,Loyal Customer,33,Personal Travel,Eco,936,2,3,2,3,5,2,1,5,2,2,3,4,5,3,1,25,FALSE
Female,Loyal Customer,68,Personal Travel,Eco,667,0,4,0,2,5,5,4,2,2,0,3,3,3,2.54,0,0,TRUE
Male,Loyal Customer,68,Personal Travel,Eco,1183,1,5,1,1,3,1,3,3,5,4,4,3,3,2.85,37,80,FALSE
Male,Loyal Customer,9,Personal Travel,Eco,569,3,4,3,1,4,3,4,4,3,2,4,5,4,3.38,0,0,FALSE
Male,Loyal Customer,36,Business Travel,Eco,547,2,3,3,3,2,2,2,2,3,4,4,1,2,2.54,1,0,FALSE
Female,Loyal Customer,36,Business Travel,Eco,241,2,1,1,1,2,3,2,2,1,4,3,1,2,1.92,31,15,FALSE
Female,Loyal Customer,37,Business Travel,Business,3144,1,1,1,1,5,5,4,4,4,4,4,3,3,3.08,0,0,TRUE
Female,Loyal Customer,39,Business Travel,Business,2158,3,3,3,3,5,5,4,5,5,5,5,5,3,4.15,0,0,TRUE
Male,Loyal Customer,44,Business Travel,Business,1814,4,4,3,4,4,5,5,4,4,5,4,4,4,4.15,0,0,TRUE
Male,Loyal Customer,48,Business Travel,Business,316,3,3,3,3,3,5,5,4,4,4,4,4,4,3.77,0,0,TRUE
Female,Loyal Customer,23,Business Travel,Eco,946,5,4,4,4,5,5,3,5,1,2,1,3,5,3.62,30,25,TRUE
Female,Disloyal Customer,58,Business Travel,Eco Plus,265,2,3,3,3,3,2,3,3,4,5,2,4,3,3.08,0,3,FALSE
Male,Loyal Customer,25,Business Travel,Business,283,0,0,0,1,3,3,3,3,5,3,4,5,3,2.54,16,22,TRUE
Male,Disloyal Customer,21,Business Travel,Business,802,4,4,4,3,3,4,3,3,4,2,4,5,3,3.54,122,105,TRUE
Female,Loyal Customer,43,Business Travel,Business,2290,3,3,3,3,5,4,5,4,4,4,4,3,3,3.69,0,0,TRUE
Female,Loyal Customer,40,Business Travel,Eco,363,5,2,2,2,5,5,5,5,3,5,4,4,5,4,0,0,TRUE
Female,Loyal Customer,56,Business Travel,Business,1669,0,0,0,4,3,5,5,3,3,3,3,3,4,2.77,82,78,TRUE
Female,Loyal Customer,42,Personal Travel,Eco,997,2,4,2,3,4,4,4,4,4,2,4,4,4,3.46,4,19,FALSE
Female,Loyal Customer,68,Business Travel,Eco,2475,1,4,2,4,5,4,4,1,1,1,1,1,2,2.38,0,0,FALSE
Male,Disloyal Customer,21,Business Travel,Business,370,0,0,0,1,5,0,5,5,3,4,5,5,5,2.92,1,0,TRUE
Female,Disloyal Customer,38,Business Travel,Eco,1290,2,2,2,2,4,2,4,4,3,1,2,4,4,2.77,1,0,FALSE
Male,Loyal Customer,37,Personal Travel,Business,594,2,3,3,3,2,3,4,5,5,3,5,1,1,3.08,0,11,FALSE
Female,Loyal Customer,47,Business Travel,Business,2381,1,2,2,2,2,2,4,1,1,1,1,1,1,1.62,0,0,FALSE
Female,Loyal Customer,46,Business Travel,Business,1574,2,2,2,2,3,4,4,4,4,4,5,4,5,3.46,30,38,TRUE
Female,Disloyal Customer,22,Business Travel,Business,134,1,4,1,3,1,1,1,1,2,2,4,4,1,2,0,5,FALSE
Male,Loyal Customer,57,Business Travel,Business,1310,2,2,2,2,4,5,4,4,4,4,4,4,4,3.46,0,0,TRUE
Male,Loyal Customer,36,Business Travel,Business,2162,3,5,4,5,3,3,4,1,1,1,3,1,3,2.85,14,1,FALSE
Female,Loyal Customer,47,Personal Travel,Eco,239,2,5,2,4,1,2,5,5,5,2,3,5,3,3.38,0,4,FALSE
Male,Loyal Customer,8,Personal Travel,Eco,1452,4,4,4,4,4,4,4,4,1,3,4,3,4,3.62,0,0,FALSE
Male,Loyal Customer,41,Business Travel,Business,1523,1,1,1,1,3,4,4,5,5,5,5,3,3,3.15,0,0,TRUE
Female,Loyal Customer,70,Personal Travel,Eco,526,2,4,2,1,3,4,5,5,5,2,5,3,4,3.46,9,0,FALSE
Male,Disloyal Customer,28,Business Travel,Business,1849,1,1,1,3,2,1,2,2,4,3,3,5,2,2.31,13,9,FALSE
Female,Loyal Customer,68,Personal Travel,Eco,579,2,1,2,3,4,4,3,5,5,2,5,3,1,3.08,0,0,FALSE
Female,Loyal Customer,25,Personal Travel,Eco,160,3,5,3,2,1,3,1,1,5,4,5,4,1,2.92,0,6,FALSE
Female,Loyal Customer,58,Business Travel,Eco,550,5,2,2,2,3,5,1,5,5,5,5,2,2,3.38,0,0,TRUE
Female,Loyal Customer,43,Personal Travel,Eco,259,3,1,3,3,4,3,2,3,3,3,3,4,1,2.77,5,4,FALSE
Female,Loyal Customer,35,Business Travel,Business,764,4,4,4,4,5,5,4,2,2,2,2,3,3,3.38,0,27,TRUE
Male,Loyal Customer,46,Personal Travel,Eco,1671,1,5,1,3,2,1,2,2,5,4,2,4,2,2.62,0,0,FALSE
Male,Loyal Customer,50,Business Travel,Business,2179,1,1,1,1,5,4,4,3,3,3,3,3,3,2.69,0,0,TRUE
Male,Loyal Customer,31,Business Travel,Business,612,5,5,5,5,3,3,3,3,4,3,5,4,3,3.92,0,0,TRUE
Female,Disloyal Customer,23,Business Travel,Eco Plus,697,4,0,4,4,2,4,4,2,2,5,1,5,2,3,0,0,TRUE
Female,Loyal Customer,35,Business Travel,Eco Plus,259,1,4,3,4,1,1,1,1,4,3,3,4,1,2.38,9,8,FALSE
Male,Disloyal Customer,57,Business Travel,Business,231,1,1,1,3,3,1,3,3,2,3,3,3,3,2.31,37,31,FALSE
Male,Loyal Customer,38,Business Travel,Business,2762,2,3,3,3,4,3,4,2,2,2,2,1,2,2.54,16,25,FALSE
Female,Disloyal Customer,52,Business Travel,Eco,802,2,2,2,3,5,2,5,5,3,1,5,3,5,3.31,0,0,FALSE
Male,Loyal Customer,20,Personal Travel,Eco,1355,3,4,3,4,1,3,1,1,2,3,3,4,1,2.54,57,45,FALSE
Female,Loyal Customer,43,Business Travel,Eco,102,4,1,4,1,5,2,3,4,4,4,4,1,5,3.23,2,1,TRUE
Male,Loyal Customer,57,Personal Travel,Eco,236,2,5,2,3,3,2,1,3,1,2,2,2,3,2.38,1,0,FALSE
Male,Loyal Customer,57,Personal Travel,Eco,391,3,5,3,4,5,3,1,5,5,5,5,3,5,4,0,0,FALSE
Male,Loyal Customer,58,Business Travel,Business,2814,3,3,3,3,2,5,5,5,5,5,5,3,5,4,0,0,TRUE
Female,Loyal Customer,45,Personal Travel,Eco Plus,1053,2,4,2,3,4,5,5,3,3,2,3,5,5,3.54,0,0,FALSE
Male,Loyal Customer,55,Business Travel,Business,2113,4,4,4,4,4,3,2,4,4,4,4,1,3,3.46,0,3,FALSE
Male,Loyal Customer,37,Business Travel,Eco Plus,377,3,4,4,4,3,3,3,3,4,1,4,1,3,3.08,32,13,FALSE
Male,Loyal Customer,51,Business Travel,Business,1945,1,1,1,1,4,3,2,3,3,3,3,5,3,2.54,0,0,TRUE
Female,Loyal Customer,49,Business Travel,Business,1620,5,5,5,5,4,3,2,4,4,4,4,3,3,3.92,0,24,TRUE
Female,Loyal Customer,7,Personal Travel,Eco,331,4,3,4,3,2,4,2,2,3,5,3,1,2,2.92,0,0,FALSE
Male,Loyal Customer,50,Business Travel,Business,1947,3,3,3,3,4,5,5,4,4,4,4,4,4,3.85,0,0,TRUE
Female,Loyal Customer,65,Personal Travel,Eco,1390,3,3,3,3,3,4,4,1,1,3,1,2,4,2.69,0,0,FALSE
Female,Loyal Customer,31,Business Travel,Business,641,5,5,5,5,4,5,4,4,3,2,5,5,4,4.31,2,1,TRUE
Female,Disloyal Customer,40,Business Travel,Business,546,2,2,2,1,2,2,2,2,4,1,2,5,2,2.23,0,10,FALSE
Male,Loyal Customer,47,Business Travel,Business,2095,1,1,1,1,5,3,3,1,1,1,1,4,4,2.08,5,0,FALSE
Male,Loyal Customer,50,Business Travel,Business,3189,2,2,2,2,2,4,5,5,5,5,5,3,3,3.46,59,34,TRUE
Male,Disloyal Customer,36,Business Travel,Business,279,2,2,2,3,2,2,2,2,2,5,3,1,2,2.31,0,0,FALSE
Male,Loyal Customer,33,Business Travel,Business,1838,4,4,4,4,3,3,3,3,4,2,5,3,3,3.46,11,0,TRUE
Male,Loyal Customer,26,Personal Travel,Eco,1235,3,4,4,2,5,4,1,5,4,2,5,3,5,3.62,0,12,FALSE
Female,Loyal Customer,16,Business Travel,Business,528,4,4,4,4,4,4,4,4,1,3,4,2,4,3.54,1,0,TRUE
Male,Disloyal Customer,38,Business Travel,Eco,237,1,3,1,4,2,1,2,2,5,5,5,2,2,2.69,0,0,FALSE
Male,Loyal Customer,68,Personal Travel,Eco,1464,4,4,3,3,1,3,1,1,3,2,5,3,1,2.62,0,0,FALSE
Male,Loyal Customer,35,Business Travel,Business,569,3,3,3,3,1,2,3,4,4,4,4,5,4,3.31,90,94,TRUE
Male,Loyal Customer,18,Personal Travel,Eco Plus,1299,2,2,2,4,5,2,3,5,2,4,4,2,5,3.23,1,0,FALSE
Female,Loyal Customer,14,Personal Travel,Eco,990,3,5,3,4,3,3,3,3,3,4,5,4,3,3.54,8,7,FALSE
Male,Disloyal Customer,16,Business Travel,Eco,334,3,4,3,4,3,3,2,3,1,4,4,3,3,3.08,0,0,FALSE
Male,Loyal Customer,30,Business Travel,Business,2075,2,2,2,2,2,2,2,2,2,3,3,2,2,2.15,161,124,FALSE
Female,Loyal Customer,49,Personal Travel,Eco,1440,1,5,1,1,5,4,5,3,3,1,3,4,4,3.08,0,0,FALSE
Female,Loyal Customer,42,Business Travel,Business,872,1,1,1,1,5,4,4,4,4,4,4,4,5,3.23,0,0,TRUE
Female,Disloyal Customer,44,Business Travel,Business,1164,4,4,4,5,3,4,3,3,3,2,5,5,3,3.69,10,0,FALSE
Male,Loyal Customer,41,Business Travel,Business,3019,3,3,3,3,5,5,5,4,4,4,4,4,3,3.85,23,9,TRUE
Male,Loyal Customer,36,Business Travel,Business,1886,3,2,4,2,4,3,3,3,3,3,3,3,3,3,0,0,FALSE
Female,Loyal Customer,43,Personal Travel,Eco,590,1,4,1,4,3,3,3,2,2,1,2,3,4,2.54,0,0,FALSE
Male,Loyal Customer,51,Personal Travel,Eco,164,5,4,5,3,1,5,1,1,3,2,5,5,1,3.15,0,11,TRUE
Female,Loyal Customer,34,Business Travel,Business,2487,1,1,1,1,3,4,4,5,5,5,5,3,3,3.15,0,0,TRUE
Female,Loyal Customer,56,Business Travel,Business,1682,1,1,4,1,5,5,5,5,5,5,5,4,5,3.92,10,5,TRUE
Female,Loyal Customer,42,Personal Travel,Eco Plus,1491,2,1,2,1,1,2,1,2,2,2,2,3,3,1.85,6,0,FALSE
Male,Loyal Customer,69,Personal Travel,Eco Plus,1055,2,5,2,3,2,2,2,2,4,5,5,3,2,3,0,0,FALSE
Male,Loyal Customer,56,Business Travel,Business,759,3,3,3,3,3,4,4,4,4,4,4,4,3,3.54,10,0,TRUE
Male,Disloyal Customer,33,Business Travel,Business,550,2,2,2,2,3,2,3,3,4,5,4,3,3,2.92,0,8,FALSE
Male,Loyal Customer,34,Business Travel,Business,1512,4,4,4,4,4,3,3,5,5,5,5,2,2,3.85,0,0,TRUE
Male,Loyal Customer,50,Business Travel,Business,2937,1,1,5,1,5,5,4,4,4,4,4,4,4,3.54,0,0,TRUE
Female,Disloyal Customer,20,Business Travel,Eco Plus,337,2,1,2,3,2,2,2,2,1,2,2,1,2,1.85,14,32,FALSE
Female,Loyal Customer,70,Personal Travel,Eco,332,2,5,2,3,3,5,4,4,4,2,4,5,4,3.62,0,0,FALSE
Male,Loyal Customer,53,Business Travel,Eco,956,4,4,3,4,4,4,4,4,4,2,1,1,4,3.31,0,0,TRUE
Female,Loyal Customer,42,Business Travel,Business,1440,5,5,5,5,2,5,4,5,5,4,5,4,5,4.54,7,0,TRUE
Female,Loyal Customer,26,Business Travel,Business,2355,5,5,5,5,4,4,4,4,1,4,3,4,4,4,0,0,TRUE
Female,Loyal Customer,53,Business Travel,Business,588,1,1,5,1,4,5,5,2,2,2,2,4,5,3,0,0,TRUE
Female,Loyal Customer,35,Personal Travel,Eco Plus,685,3,3,3,4,5,3,4,5,3,4,3,2,5,3.62,0,10,FALSE
Male,Loyal Customer,25,Business Travel,Business,973,1,1,1,1,3,4,3,3,5,4,2,3,3,2.62,12,0,TRUE
Female,Loyal Customer,36,Business Travel,Business,2198,5,5,5,5,1,2,4,4,4,4,5,4,5,4.08,3,3,TRUE
Female,Loyal Customer,54,Business Travel,Eco,368,2,5,5,5,1,4,4,2,2,2,2,2,3,3,0,0,FALSE
Male,Loyal Customer,45,Business Travel,Business,3439,1,4,4,4,3,3,4,1,1,1,1,4,2,2.54,3,2,FALSE
Male,Loyal Customer,46,Business Travel,Business,1723,4,4,4,4,5,3,5,4,4,4,4,5,4,4.15,0,0,TRUE
Female,Loyal Customer,48,Personal Travel,Eco,190,3,5,0,1,3,4,4,1,1,0,1,3,4,2.31,0,6,FALSE
Male,Loyal Customer,43,Business Travel,Business,3587,4,4,4,4,4,4,5,4,4,4,4,3,4,4,2,2,TRUE
Male,Disloyal Customer,25,Business Travel,Business,282,1,1,1,3,2,1,2,2,3,1,4,1,2,1.85,0,1,FALSE
Female,Loyal Customer,48,Personal Travel,Eco,2777,4,3,4,4,4,4,3,3,3,4,3,3,2,3.38,0,0,TRUE
Female,Loyal Customer,46,Business Travel,Business,3388,4,4,4,4,4,4,5,4,4,4,4,3,4,4,129,117,TRUE
Male,Loyal Customer,47,Business Travel,Eco Plus,209,3,5,5,5,3,3,3,3,1,1,1,3,3,3,34,20,TRUE
Female,Disloyal Customer,20,Business Travel,Eco,368,1,2,1,3,2,1,2,2,4,4,3,4,2,2.38,16,6,FALSE
Male,Loyal Customer,28,Business Travel,Business,2139,2,1,3,1,2,2,2,2,1,3,3,4,2,2.15,11,28,FALSE
Male,Loyal Customer,44,Business Travel,Eco,935,3,4,1,4,3,3,3,3,2,4,4,4,3,3.15,0,1,FALSE
Male,Loyal Customer,47,Business Travel,Business,1864,1,1,1,1,3,4,3,4,4,4,4,4,3,2.85,0,5,TRUE
Male,Disloyal Customer,24,Business Travel,Eco,677,1,1,1,4,4,1,4,4,5,2,4,3,4,2.92,7,0,FALSE
Male,Loyal Customer,56,Business Travel,Business,2100,0,5,0,4,4,5,5,4,4,4,4,5,3,3.62,3,0,TRUE
Male,Loyal Customer,63,Business Travel,Business,3570,1,4,4,4,5,3,3,1,1,1,1,1,1,2.31,121,94,FALSE
Male,Loyal Customer,54,Business Travel,Business,1620,5,5,5,5,2,4,5,3,3,3,3,5,4,4,0,0,TRUE
Male,Loyal Customer,29,Personal Travel,Eco,223,2,5,2,5,1,2,1,1,3,3,5,4,1,2.69,26,31,FALSE
Female,Disloyal Customer,54,Business Travel,Business,190,4,5,5,4,4,4,4,4,5,3,5,5,4,4.31,0,0,TRUE
Male,Disloyal Customer,58,Business Travel,Eco,442,1,1,1,4,4,1,4,4,2,5,4,1,4,2.77,44,43,FALSE
Female,Loyal Customer,40,Business Travel,Business,1235,3,3,3,3,5,4,5,5,5,5,5,4,4,4.15,0,2,TRUE
Female,Disloyal Customer,25,Business Travel,Business,2139,3,5,3,4,3,3,3,3,4,2,5,5,3,3.54,11,0,FALSE
Male,Loyal Customer,60,Business Travel,Business,2165,0,0,0,2,4,4,4,5,5,5,5,4,4,3.23,0,0,TRUE
Female,Loyal Customer,14,Personal Travel,Eco,236,2,5,2,5,4,2,4,4,3,2,4,3,4,3.38,0,0,FALSE
Male,Loyal Customer,21,Personal Travel,Eco,390,2,4,2,2,3,2,3,3,3,5,5,3,3,3.08,44,42,FALSE
Male,Loyal Customer,39,Business Travel,Business,726,2,2,2,2,3,4,5,5,5,5,5,4,4,3.69,0,0,TRUE
Female,Loyal Customer,69,Personal Travel,Eco,507,2,4,2,2,4,5,5,4,4,2,1,4,5,3.38,0,0,FALSE
Female,Loyal Customer,64,Personal Travel,Eco,1749,3,4,3,4,3,2,2,4,1,3,4,2,2,2.85,182,197,FALSE
Male,Loyal Customer,58,Business Travel,Business,1505,2,2,2,2,3,4,4,5,5,5,5,4,4,3.62,16,15,TRUE
Male,Loyal Customer,39,Business Travel,Business,2081,1,1,1,1,4,4,5,4,4,4,4,4,3,3.08,0,0,TRUE
Female,Loyal Customer,39,Business Travel,Business,2145,0,4,0,2,4,5,5,2,2,2,2,5,5,2.92,0,0,TRUE
Male,Disloyal Customer,20,Business Travel,Eco,853,2,2,2,3,3,2,3,3,5,5,4,5,3,3.23,0,0,FALSE
Male,Disloyal Customer,17,Business Travel,Business,338,0,2,0,5,5,0,5,5,3,2,5,3,5,3.08,0,0,TRUE
Female,Loyal Customer,49,Personal Travel,Eco,101,4,2,4,4,5,4,4,1,1,4,1,4,4,3.23,0,0,TRUE
Female,Disloyal Customer,42,Business Travel,Eco Plus,223,1,1,1,1,3,1,3,3,5,5,1,5,3,2.54,32,21,FALSE
Female,Loyal Customer,41,Business Travel,Business,605,3,3,3,3,2,5,5,4,4,5,4,3,5,3.77,11,0,TRUE
Female,Disloyal Customer,27,Business Travel,Business,1101,0,0,0,4,0,1,1,3,3,4,5,1,1,1.77,0,2,TRUE
Female,Loyal Customer,27,Business Travel,Business,3076,4,4,4,4,5,5,5,5,5,2,5,3,5,4.31,68,67,TRUE
Female,Disloyal Customer,29,Business Travel,Business,821,5,5,5,4,5,5,5,5,4,3,5,5,5,4.69,0,0,TRUE
Female,Loyal Customer,54,Business Travel,Eco,1542,4,3,3,3,2,1,2,4,4,4,4,1,1,2.77,14,45,TRUE
Male,Disloyal Customer,23,Business Travel,Eco,448,3,4,3,4,2,3,2,2,4,1,3,1,2,2.62,78,70,FALSE
Male,Loyal Customer,37,Personal Travel,Eco,1055,1,5,1,4,1,1,1,1,3,2,5,3,1,2.23,21,21,FALSE
Male,Loyal Customer,43,Personal Travel,Eco Plus,414,4,3,4,2,5,4,5,5,1,4,5,5,5,4,0,0,FALSE
Male,Disloyal Customer,21,Business Travel,Eco,214,4,0,4,2,5,4,5,5,4,3,5,5,5,3.92,2,8,TRUE
Male,Loyal Customer,51,Business Travel,Business,733,1,1,1,1,5,5,5,5,5,5,5,4,5,3.69,7,0,TRUE
Male,Loyal Customer,24,Business Travel,Eco,651,5,4,4,4,5,5,4,5,5,4,2,5,5,4.38,40,23,TRUE
Female,Loyal Customer,28,Business Travel,Business,495,1,1,1,1,5,4,5,5,5,5,4,4,5,3.54,5,4,TRUE
Female,Disloyal Customer,44,Business Travel,Eco Plus,692,1,1,1,4,2,1,2,2,5,2,4,1,2,2.15,8,0,FALSE
Female,Disloyal Customer,29,Business Travel,Business,1037,4,4,4,3,1,4,1,1,4,5,4,4,1,3.08,0,0,TRUE
Female,Loyal Customer,38,Personal Travel,Eco,592,3,2,3,3,4,3,4,4,4,4,4,2,4,3.38,0,0,FALSE
Female,Loyal Customer,30,Business Travel,Business,3560,0,0,0,4,3,3,3,3,3,5,4,4,3,2.69,1,0,TRUE
Female,Disloyal Customer,58,Business Travel,Eco,402,3,1,3,2,4,3,4,4,3,2,2,1,4,2.77,0,0,FALSE
Female,Loyal Customer,35,Personal Travel,Business,1041,3,5,3,3,2,5,4,2,2,3,2,5,5,3.38,22,11,FALSE
Female,Loyal Customer,39,Personal Travel,Eco,327,4,0,4,3,5,4,5,5,3,4,5,5,5,4,0,20,FALSE
Female,Loyal Customer,40,Personal Travel,Eco,746,2,4,2,4,5,2,5,5,4,5,4,4,5,3.92,14,54,FALSE
Male,Loyal Customer,40,Personal Travel,Eco,721,5,1,5,3,3,5,3,3,4,2,4,2,3,3.31,8,0,TRUE
Female,Loyal Customer,48,Business Travel,Eco,680,3,1,1,1,1,4,4,3,3,3,3,1,2,2.31,37,12,FALSE
Female,Loyal Customer,46,Business Travel,Eco,163,5,3,3,3,2,3,4,5,5,5,5,4,1,3.69,0,0,TRUE
Male,Loyal Customer,12,Personal Travel,Eco,86,2,2,2,4,2,2,2,2,3,1,3,4,2,2.38,0,0,FALSE
Female,Loyal Customer,28,Business Travel,Business,1723,2,2,2,2,5,5,5,5,5,5,3,3,5,3.77,0,0,TRUE
Male,Loyal Customer,44,Personal Travel,Eco,2300,3,4,3,1,1,3,1,1,5,2,4,5,1,2.62,4,0,FALSE
Female,Loyal Customer,44,Business Travel,Eco,574,5,5,5,5,5,5,4,5,5,5,5,3,2,4.54,0,0,TRUE
Female,Loyal Customer,12,Personal Travel,Eco,843,3,1,3,3,4,3,4,4,4,3,4,2,4,3.23,1,0,FALSE
Female,Disloyal Customer,36,Business Travel,Eco,129,3,3,3,3,3,3,3,3,2,2,2,3,3,2.77,0,3,FALSE
Male,Loyal Customer,40,Business Travel,Business,2212,2,5,5,5,4,2,3,2,2,2,2,1,4,3,0,8,FALSE
Female,Disloyal Customer,28,Business Travel,Eco,646,3,3,3,3,3,3,5,3,4,2,4,3,3,3.23,0,0,FALSE
Male,Loyal Customer,50,Personal Travel,Eco Plus,642,4,3,5,2,4,5,4,4,4,1,1,1,4,3.23,0,0,FALSE
Male,Loyal Customer,33,Business Travel,Business,441,1,5,1,1,4,4,4,4,3,4,5,4,4,3.38,0,2,TRUE
Male,Loyal Customer,60,Personal Travel,Eco Plus,337,1,3,1,3,3,1,3,3,1,4,2,2,3,2.31,0,0,FALSE
Female,Disloyal Customer,8,Business Travel,Eco Plus,802,3,2,3,4,3,3,3,3,1,3,3,2,3,2.77,45,38,FALSE
Male,Loyal Customer,36,Business Travel,Business,2402,1,1,1,1,2,3,5,5,5,5,5,4,3,3.15,0,0,TRUE
Male,Loyal Customer,57,Business Travel,Business,2796,4,4,4,4,5,4,5,5,5,5,5,3,3,4.31,3,33,TRUE
Male,Loyal Customer,34,Personal Travel,Eco Plus,164,3,4,3,3,1,3,1,1,3,5,4,5,1,2.85,0,0,FALSE
Female,Disloyal Customer,8,Business Travel,Eco,1009,2,2,2,4,5,2,5,5,4,3,4,2,5,3.46,0,0,FALSE
Male,Loyal Customer,33,Business Travel,Eco,460,2,4,4,4,2,2,2,2,3,5,4,2,2,2.92,36,27,FALSE
Female,Loyal Customer,10,Personal Travel,Eco,226,0,4,0,1,5,0,5,5,3,2,4,4,5,2.92,0,0,TRUE
Female,Loyal Customer,23,Personal Travel,Eco,812,3,1,2,3,4,2,4,4,3,2,3,2,4,2.85,31,24,FALSE
Female,Loyal Customer,44,Business Travel,Business,1681,3,4,2,2,1,4,4,3,3,2,3,2,3,2.77,0,9,FALSE
Female,Loyal Customer,37,Business Travel,Business,3498,0,5,0,4,2,4,4,1,1,1,1,3,5,2.38,35,33,TRUE
Female,Loyal Customer,43,Business Travel,Eco Plus,73,4,4,4,4,4,3,2,4,4,4,4,3,2,3.54,0,0,TRUE
Male,Loyal Customer,58,Business Travel,Business,2393,1,1,3,1,5,5,5,3,3,4,3,4,4,3.23,40,29,TRUE
Female,Loyal Customer,58,Business Travel,Business,1011,2,2,2,2,4,5,5,5,5,5,5,4,5,3.92,2,0,TRUE
Male,Loyal Customer,37,Personal Travel,Eco,502,1,3,1,1,2,1,2,2,1,2,3,1,2,1.69,18,0,FALSE
Female,Loyal Customer,28,Personal Travel,Eco,612,2,4,2,2,2,2,2,2,4,5,5,5,2,3,14,2,FALSE
Male,Loyal Customer,57,Personal Travel,Eco,813,4,1,4,4,5,4,5,5,4,1,3,3,5,3.69,24,1,FALSE
Male,Loyal Customer,33,Personal Travel,Eco,337,1,4,4,3,3,4,3,3,5,5,5,4,3,3.62,34,30,FALSE
Female,Disloyal Customer,17,Business Travel,Eco,341,3,4,3,4,2,3,2,2,1,3,3,1,2,2.54,0,0,FALSE
Female,Loyal Customer,52,Business Travel,Business,337,5,5,5,5,4,4,5,4,4,4,4,5,4,4.46,0,0,TRUE
Female,Loyal Customer,45,Business Travel,Business,2586,2,2,2,2,4,3,3,2,2,2,2,1,4,2.38,0,0,FALSE
Male,Disloyal Customer,9,Business Travel,Eco,925,3,3,3,1,4,3,4,4,4,2,5,3,4,3.31,6,0,FALSE
Male,Loyal Customer,38,Personal Travel,Eco,622,2,4,2,4,3,2,5,3,4,1,3,4,3,3.08,0,0,FALSE
Male,Loyal Customer,59,Business Travel,Business,2898,2,2,2,2,1,4,3,2,2,2,2,2,1,2.08,0,12,FALSE
Male,Loyal Customer,29,Business Travel,Eco,1091,5,1,1,1,5,5,5,5,2,5,4,2,5,3.54,0,12,TRUE
Male,Loyal Customer,50,Business Travel,Business,862,2,2,2,2,4,4,4,4,4,4,4,3,4,3.31,0,0,TRUE
Male,Loyal Customer,43,Business Travel,Business,386,1,2,2,2,1,2,3,1,1,1,1,2,4,1.77,38,29,FALSE
Male,Loyal Customer,43,Business Travel,Business,2248,5,5,5,5,4,4,4,5,3,5,5,4,4,4.46,0,0,TRUE
Male,Loyal Customer,20,Personal Travel,Eco,95,3,4,3,3,4,3,4,4,2,4,2,1,4,3.15,0,0,FALSE
Female,Loyal Customer,53,Personal Travel,Eco,918,1,1,1,3,2,4,4,2,2,1,2,3,3,2.23,0,0,FALSE
Male,Loyal Customer,55,Business Travel,Business,1703,2,2,2,2,1,1,3,2,2,1,2,3,3,2,15,19,FALSE
Female,Loyal Customer,31,Personal Travel,Eco,305,5,1,5,3,5,5,5,5,3,1,3,3,5,3.77,0,0,TRUE
Female,Loyal Customer,47,Personal Travel,Eco,449,3,4,3,2,3,5,4,5,5,3,5,3,3,3.69,0,0,FALSE
Female,Disloyal Customer,25,Business Travel,Business,645,1,1,1,4,3,1,2,3,3,3,4,1,3,2.31,38,40,FALSE
Female,Loyal Customer,30,Business Travel,Business,2747,2,2,2,2,4,4,4,4,5,5,5,5,4,3.69,0,0,TRUE
Female,Loyal Customer,35,Business Travel,Business,337,2,2,3,2,2,5,5,4,4,4,4,4,5,3.54,0,0,TRUE
Female,Loyal Customer,45,Business Travel,Business,1464,1,1,1,1,4,5,5,5,5,5,5,4,4,3.54,56,31,TRUE
Male,Loyal Customer,33,Business Travel,Business,391,3,3,3,3,3,3,3,3,2,4,3,2,3,2.92,18,3,FALSE
Female,Disloyal Customer,9,Business Travel,Eco,545,2,2,2,3,1,2,1,1,4,3,4,4,1,2.31,0,3,FALSE
Male,Loyal Customer,57,Business Travel,Eco Plus,448,1,5,5,5,1,1,1,1,1,2,3,2,1,2.23,11,10,FALSE
Female,Loyal Customer,36,Business Travel,Eco,1598,1,2,2,2,1,1,1,1,4,2,4,2,1,1.85,0,0,FALSE
Female,Disloyal Customer,43,Business Travel,Eco,143,3,5,3,2,2,3,2,2,3,5,2,2,2,2.77,70,60,FALSE
Male,Loyal Customer,26,Personal Travel,Eco,1597,4,4,5,3,4,5,4,4,5,5,5,3,4,4.23,0,0,FALSE
Female,Disloyal Customer,45,Business Travel,Business,1067,4,4,4,1,1,4,1,1,4,5,5,3,1,2.92,0,0,TRUE
Female,Loyal Customer,44,Business Travel,Business,3285,0,0,0,1,3,1,3,3,3,3,3,3,1,1.85,0,0,TRUE
Female,Disloyal Customer,27,Business Travel,Eco,1189,2,2,2,4,4,2,4,4,5,5,1,4,4,3.31,0,0,FALSE
Female,Loyal Customer,46,Personal Travel,Eco,738,2,5,2,5,5,5,5,4,4,2,4,4,4,3.92,0,0,FALSE
Male,Loyal Customer,58,Personal Travel,Eco,2486,1,2,1,3,5,1,5,5,2,4,3,3,5,3.08,0,0,FALSE
Male,Loyal Customer,29,Business Travel,Business,403,1,1,1,1,5,5,5,5,3,1,3,2,5,2.92,21,4,TRUE
Male,Disloyal Customer,24,Business Travel,Eco,692,3,3,3,4,3,3,3,3,4,1,4,2,3,3,72,77,FALSE
Female,Loyal Customer,36,Business Travel,Business,2465,1,1,1,1,2,5,1,2,2,2,2,4,5,2.23,0,0,TRUE
Female,Disloyal Customer,43,Business Travel,Eco Plus,453,5,5,5,1,4,5,4,4,2,3,3,5,4,3.85,0,0,TRUE
Female,Loyal Customer,57,Business Travel,Business,2248,4,3,4,4,5,4,4,3,3,3,3,5,5,3.85,18,7,TRUE
Male,Loyal Customer,32,Business Travel,Business,2877,5,5,5,5,4,4,4,4,3,3,2,2,4,3.85,0,0,TRUE
Female,Loyal Customer,61,Personal Travel,Eco,365,3,5,3,5,5,5,5,1,1,3,1,3,4,3.38,0,0,FALSE
Female,Loyal Customer,69,Personal Travel,Eco,748,3,5,4,3,1,4,1,5,5,4,5,3,1,3.38,0,0,FALSE
Male,Loyal Customer,62,Personal Travel,Eco Plus,2454,1,5,1,3,4,1,4,4,5,4,3,4,4,3.31,50,92,FALSE
Female,Loyal Customer,8,Personal Travel,Eco,689,0,4,0,3,1,4,1,1,3,2,5,3,1,2.15,0,1,TRUE
Female,Loyal Customer,56,Business Travel,Business,419,3,3,3,3,5,5,4,4,4,4,4,3,3,3.69,0,0,TRUE
Female,Loyal Customer,33,Business Travel,Business,2739,2,2,2,2,2,4,3,2,2,2,2,4,4,2.54,0,0,FALSE
Female,Disloyal Customer,25,Business Travel,Business,921,1,0,1,1,1,1,1,1,5,3,4,4,1,1.85,0,0,FALSE
Male,Disloyal Customer,13,Business Travel,Eco,936,2,2,2,4,2,2,2,2,3,3,5,5,2,2.77,0,0,FALSE
Female,Loyal Customer,48,Personal Travel,Eco,201,5,1,5,3,4,3,3,2,2,5,4,3,4,3.38,0,0,TRUE
Male,Loyal Customer,50,Business Travel,Business,255,2,2,2,2,3,5,4,4,4,4,4,4,3,3.31,21,14,TRUE
Female,Loyal Customer,30,Business Travel,Eco Plus,829,3,2,2,2,3,3,3,3,2,1,3,4,3,2.62,0,0,FALSE
Male,Loyal Customer,24,Personal Travel,Eco,500,1,5,1,2,4,1,4,4,5,2,4,4,4,3.15,0,0,FALSE
Female,Loyal Customer,53,Business Travel,Business,1620,2,2,2,2,5,3,4,5,5,5,5,4,4,3.69,0,0,TRUE
Male,Loyal Customer,51,Personal Travel,Eco,937,0,3,0,2,3,0,3,3,3,3,2,2,3,2.08,29,13,TRUE
Male,Loyal Customer,56,Business Travel,Business,3219,1,1,1,1,2,4,4,5,5,5,5,4,4,3.23,0,0,TRUE
Female,Disloyal Customer,26,Business Travel,Eco,1144,3,3,3,3,1,3,1,1,2,1,3,2,1,2.08,7,16,FALSE
Female,Loyal Customer,31,Business Travel,Eco Plus,862,5,1,1,1,5,5,5,5,3,5,1,3,5,3.46,0,9,TRUE
Male,Loyal Customer,54,Business Travel,Business,2556,2,2,2,2,4,4,4,3,5,4,5,4,4,3.46,8,39,TRUE
Female,Loyal Customer,37,Business Travel,Eco,323,2,3,3,3,2,2,2,2,2,3,4,3,2,2.54,0,0,TRUE
Female,Loyal Customer,56,Business Travel,Business,2586,2,2,2,2,4,4,4,5,5,5,5,5,3,3.69,0,1,TRUE
Female,Loyal Customer,18,Personal Travel,Eco Plus,587,1,4,1,1,5,1,5,5,4,2,4,5,5,3.31,0,0,FALSE
Male,Loyal Customer,41,Personal Travel,Eco,1085,3,4,3,1,4,3,4,4,3,2,5,3,4,3.31,0,55,FALSE
Female,Loyal Customer,11,Personal Travel,Eco,1276,2,5,1,2,4,1,4,4,3,2,5,4,4,3.15,6,11,FALSE
Female,Loyal Customer,42,Personal Travel,Eco,77,5,4,5,4,5,4,5,1,1,5,1,5,4,3.77,0,0,TRUE
Male,Loyal Customer,69,Personal Travel,Eco,489,1,2,1,3,3,1,3,3,2,3,4,4,3,2.54,0,3,FALSE
Female,Loyal Customer,50,Business Travel,Business,3267,5,5,5,5,3,4,4,5,5,5,5,3,4,4.46,0,0,TRUE
Female,Loyal Customer,50,Personal Travel,Eco,528,3,1,3,3,5,3,4,1,1,3,1,1,4,2.54,0,0,FALSE
Male,Loyal Customer,61,Business Travel,Business,3237,2,2,2,2,2,2,2,2,2,2,2,3,4,2.23,0,0,FALSE
Male,Loyal Customer,47,Business Travel,Eco Plus,641,4,4,4,4,4,4,4,4,5,3,4,4,4,4,168,163,FALSE
Female,Loyal Customer,52,Business Travel,Business,1597,3,3,3,3,3,4,4,3,3,4,3,3,4,3.31,5,0,TRUE
Female,Loyal Customer,53,Personal Travel,Eco Plus,622,1,4,1,1,3,5,4,3,3,1,3,3,3,2.69,36,61,FALSE
Male,Loyal Customer,36,Business Travel,Business,597,2,3,3,3,3,2,1,2,2,2,2,4,3,2.46,15,40,FALSE
Male,Loyal Customer,32,Business Travel,Eco,861,4,3,3,3,4,4,4,4,2,5,1,1,4,3.23,0,0,TRUE
Male,Loyal Customer,8,Personal Travel,Eco,809,3,4,3,3,2,3,2,2,3,3,3,1,2,2.62,0,0,FALSE
Male,Loyal Customer,76,Business Travel,Eco,404,3,4,4,4,3,3,3,3,1,4,2,2,3,3,6,4,FALSE
Female,Disloyal Customer,10,Business Travel,Eco,920,3,3,3,3,1,3,1,1,5,3,4,4,1,2.69,0,0,FALSE
Male,Loyal Customer,53,Business Travel,Business,1660,5,5,5,5,5,5,4,5,5,5,5,4,5,4.85,0,0,TRUE
Male,Loyal Customer,47,Business Travel,Eco,337,5,4,4,4,5,5,5,5,4,2,1,5,5,4.15,24,21,TRUE
Female,Loyal Customer,45,Personal Travel,Eco,438,3,5,3,1,5,4,5,4,4,3,4,5,3,3.77,0,0,FALSE
Male,Loyal Customer,47,Business Travel,Business,1825,5,5,1,5,2,5,5,4,4,4,4,4,5,4.08,0,0,TRUE
Female,Loyal Customer,54,Business Travel,Business,2504,1,2,1,1,5,5,5,3,4,3,4,5,5,3.38,5,12,TRUE
Male,Loyal Customer,23,Business Travel,Business,546,3,3,3,3,4,4,4,4,2,5,4,1,4,3.38,0,0,TRUE
Male,Loyal Customer,23,Business Travel,Business,542,3,3,3,3,3,3,3,3,1,2,3,2,3,2.69,33,39,FALSE
Male,Loyal Customer,33,Business Travel,Business,1822,2,2,2,2,5,4,5,5,4,3,4,5,5,3.69,0,0,TRUE
Male,Loyal Customer,62,Business Travel,Eco,692,1,1,1,1,1,1,1,1,1,5,4,3,1,1.69,0,0,FALSE
Female,Loyal Customer,21,Personal Travel,Eco,566,1,4,1,4,4,1,2,4,3,4,4,4,4,3.08,1,9,FALSE
Female,Loyal Customer,47,Business Travel,Business,241,0,0,0,4,5,5,5,4,4,4,4,5,3,3.31,19,7,TRUE
Male,Loyal Customer,12,Personal Travel,Eco Plus,2422,2,5,2,4,2,3,3,4,4,4,5,3,3,3.38,0,0,FALSE
Male,Disloyal Customer,57,Business Travel,Eco,147,4,0,4,1,3,4,3,3,4,5,2,4,3,3.08,23,45,FALSE
Female,Loyal Customer,44,Business Travel,Business,2610,1,2,2,2,5,4,3,1,1,2,1,2,1,2.08,0,4,FALSE
Female,Loyal Customer,27,Business Travel,Eco Plus,602,1,4,4,4,1,1,1,1,3,3,1,4,1,2.23,5,0,FALSE
Male,Loyal Customer,54,Business Travel,Business,2876,4,4,4,4,5,4,4,5,5,5,5,4,4,4.38,2,1,TRUE
Female,Disloyal Customer,26,Business Travel,Eco,666,3,0,3,4,4,3,4,4,2,2,2,1,4,2.77,0,0,FALSE
Female,Loyal Customer,67,Personal Travel,Eco,945,4,2,4,3,1,2,2,4,4,4,4,4,4,3.23,0,2,TRUE
Female,Loyal Customer,59,Business Travel,Eco,1044,3,4,4,4,4,3,3,3,3,3,3,4,4,3.46,0,5,FALSE
Male,Loyal Customer,40,Business Travel,Business,3320,4,4,4,4,4,4,5,4,4,4,4,3,5,4.08,0,0,TRUE
Female,Loyal Customer,39,Business Travel,Business,351,2,2,2,2,4,5,4,4,4,5,4,4,3,3.46,0,0,TRUE
Male,Loyal Customer,29,Personal Travel,Business,737,3,2,3,3,2,3,2,2,3,2,4,2,2,2.54,0,0,FALSE
Male,Loyal Customer,53,Personal Travel,Eco,861,2,5,2,3,2,2,2,2,5,2,5,4,2,2.92,0,0,FALSE
Male,Loyal Customer,40,Business Travel,Business,1868,4,5,3,3,4,3,2,4,4,4,4,4,3,3.62,0,0,FALSE
Female,Loyal Customer,28,Personal Travel,Eco,358,3,4,3,4,3,3,3,3,5,4,5,3,3,3.54,0,0,FALSE
Male,Loyal Customer,45,Business Travel,Eco,1464,4,4,4,4,4,4,4,4,2,1,4,5,4,3.69,67,52,TRUE
Female,Loyal Customer,25,Business Travel,Eco,627,5,3,3,3,5,5,5,5,5,4,1,5,5,4.15,0,29,TRUE
Male,Loyal Customer,42,Business Travel,Business,3739,1,1,1,1,4,4,4,3,3,3,3,4,5,2.85,0,0,TRUE
Male,Loyal Customer,67,Business Travel,Eco,401,1,5,5,5,1,1,1,1,4,3,3,1,1,2.46,0,0,FALSE
Female,Loyal Customer,61,Personal Travel,Eco,672,3,2,3,3,1,4,4,1,1,3,1,2,1,2.23,75,60,FALSE
Female,Loyal Customer,33,Business Travel,Eco,237,3,3,3,3,5,5,5,5,5,4,1,5,5,4,0,0,TRUE
Male,Loyal Customer,49,Business Travel,Eco,838,4,5,5,5,5,4,5,5,5,5,3,3,5,4.54,0,3,TRUE
Male,Loyal Customer,31,Business Travel,Business,631,1,1,1,1,5,4,5,5,4,2,4,4,5,3.23,1,0,TRUE
Male,Loyal Customer,40,Business Travel,Business,1846,1,1,1,1,4,4,5,5,5,5,5,3,5,3.46,27,13,TRUE
Female,Loyal Customer,59,Personal Travel,Eco Plus,447,2,2,2,2,2,3,3,5,5,2,5,2,3,2.92,6,9,FALSE
Female,Disloyal Customer,15,Business Travel,Eco,1061,2,2,2,3,1,2,1,1,4,3,3,4,1,2.23,0,0,FALSE
Male,Disloyal Customer,25,Business Travel,Eco,958,3,3,3,2,4,3,4,4,4,3,3,5,4,3.46,0,0,FALSE
Male,Loyal Customer,18,Personal Travel,Eco,102,2,5,2,4,5,2,5,5,2,3,4,2,5,3.54,0,0,FALSE
Female,Loyal Customer,39,Business Travel,Eco,481,4,1,1,1,4,4,4,4,3,3,4,4,4,3.15,0,0,FALSE
Female,Loyal Customer,68,Personal Travel,Eco Plus,102,1,5,1,4,4,5,1,5,5,1,4,2,2,3.08,0,0,FALSE
Male,Loyal Customer,37,Personal Travel,Eco Plus,519,2,4,2,3,3,2,3,3,3,5,4,3,3,3.08,0,0,FALSE
Male,Disloyal Customer,25,Business Travel,Business,862,1,5,1,1,3,1,3,3,3,4,5,3,3,2.77,0,0,FALSE
Male,Loyal Customer,32,Personal Travel,Eco,159,3,4,3,2,4,3,4,4,4,5,5,4,4,3.77,0,0,FALSE
Male,Disloyal Customer,24,Business Travel,Eco,802,5,5,5,3,1,5,1,1,3,2,4,4,1,3.08,0,0,TRUE
Female,Loyal Customer,16,Business Travel,Business,1847,1,1,1,1,5,5,5,5,3,3,1,4,5,3.08,19,14,TRUE
Female,Loyal Customer,60,Business Travel,Business,158,1,1,1,1,3,5,4,4,4,4,5,4,3,3.08,0,0,TRUE
Female,Loyal Customer,55,Business Travel,Business,1924,0,5,0,2,5,4,4,3,3,3,3,3,5,3.08,6,7,TRUE
Female,Disloyal Customer,8,Business Travel,Eco,1325,2,2,2,3,4,2,4,4,2,3,3,3,4,2.92,100,76,FALSE
Female,Loyal Customer,21,Personal Travel,Eco,1703,3,5,3,2,1,3,1,1,4,4,5,5,1,2.92,42,26,FALSE
Female,Loyal Customer,18,Personal Travel,Eco,1117,3,5,3,3,1,3,1,1,5,4,5,5,1,3.08,0,0,FALSE
Male,Disloyal Customer,58,Business Travel,Business,265,2,2,2,4,4,2,4,4,5,4,5,5,4,3.62,80,74,FALSE
Female,Loyal Customer,49,Business Travel,Business,2454,2,2,2,2,2,2,2,5,3,5,5,2,2,2.77,15,79,TRUE
Male,Loyal Customer,28,Business Travel,Business,2591,4,4,2,4,4,4,4,4,5,1,3,2,4,3.46,0,0,TRUE
Male,Loyal Customer,15,Personal Travel,Eco,283,2,4,2,4,3,2,2,3,4,3,5,4,3,3.15,7,12,FALSE
Female,Loyal Customer,43,Business Travel,Eco,1042,5,2,2,2,4,5,5,5,5,5,5,4,4,4.08,0,0,TRUE
Male,Loyal Customer,47,Business Travel,Eco,337,4,4,4,4,4,4,4,4,1,1,1,2,4,3.15,0,2,TRUE
Female,Loyal Customer,49,Personal Travel,Eco,948,2,2,2,3,4,3,5,3,3,2,3,3,4,3,0,0,FALSE
Female,Disloyal Customer,41,Business Travel,Business,1166,2,2,2,2,1,2,1,1,5,5,4,4,1,2.46,0,0,TRUE
Male,Loyal Customer,52,Business Travel,Business,591,1,1,1,1,1,3,1,5,5,5,5,4,1,2.62,0,0,TRUE
Male,Disloyal Customer,43,Business Travel,Eco,1475,2,2,2,3,2,2,2,2,2,1,2,1,2,1.92,0,0,FALSE
Female,Disloyal Customer,26,Business Travel,Eco,346,5,0,5,2,2,5,4,2,5,3,3,4,2,3.23,0,0,TRUE
Female,Loyal Customer,43,Personal Travel,Eco,209,2,5,2,1,2,3,3,1,1,2,1,5,4,2.46,12,6,FALSE
Female,Disloyal Customer,25,Business Travel,Eco,867,1,1,1,3,3,1,3,3,4,1,3,4,3,2.38,4,22,FALSE
Female,Disloyal Customer,37,Business Travel,Eco,488,2,1,2,3,4,2,4,4,1,1,3,1,4,2.46,0,0,FALSE
Female,Disloyal Customer,24,Business Travel,Eco,86,5,0,5,4,3,5,4,3,4,2,5,3,3,3.54,0,0,TRUE
Male,Loyal Customer,34,Business Travel,Business,3687,3,3,3,3,5,4,4,5,5,5,5,5,3,4.08,1,0,TRUE
Male,Loyal Customer,11,Business Travel,Business,1218,2,4,4,4,2,2,2,2,2,3,4,1,2,2.62,0,2,FALSE
Male,Loyal Customer,36,Personal Travel,Eco Plus,1222,2,1,3,4,4,3,4,4,1,1,3,3,4,2.85,2,0,FALSE
Male,Disloyal Customer,24,Business Travel,Eco,1102,3,3,3,3,4,3,1,4,1,1,3,3,4,2.77,0,0,FALSE
Female,Loyal Customer,39,Business Travel,Business,356,1,1,1,1,2,5,5,2,2,2,2,4,3,2.38,0,0,TRUE
Female,Disloyal Customer,25,Business Travel,Business,1194,0,0,0,3,1,0,1,1,5,4,5,5,1,2,0,0,TRUE
Male,Loyal Customer,27,Personal Travel,Business,1050,2,4,2,1,2,2,2,2,5,5,5,3,2,2.85,0,2,FALSE
Female,Loyal Customer,76,Business Travel,Business,1934,3,4,3,3,3,1,2,3,3,3,3,5,5,3.15,10,7,TRUE
Male,Loyal Customer,52,Business Travel,Business,2708,5,5,5,5,4,4,5,5,5,5,5,4,5,4.77,0,0,TRUE
Male,Loyal Customer,19,Business Travel,Eco Plus,516,5,4,4,4,5,5,4,5,2,1,2,5,5,3.92,8,0,TRUE
Male,Loyal Customer,17,Personal Travel,Eco,1149,3,1,2,3,2,2,2,2,1,3,4,1,2,2.15,0,0,FALSE
Female,Loyal Customer,26,Business Travel,Business,3828,2,2,2,2,4,5,4,4,5,5,4,2,4,3.46,0,0,TRUE
Male,Loyal Customer,59,Business Travel,Business,2963,4,4,4,4,4,5,5,5,5,5,5,3,5,4.46,0,0,TRUE
Male,Loyal Customer,32,Business Travel,Business,2825,3,3,3,3,4,4,4,4,3,3,4,5,4,3.62,0,0,TRUE
Male,Loyal Customer,67,Personal Travel,Eco,650,4,2,5,3,1,5,1,1,3,5,3,3,1,2.85,0,0,TRUE
Female,Disloyal Customer,23,Business Travel,Eco,651,3,1,3,2,3,2,2,4,1,2,2,2,2,2.23,217,218,FALSE
Male,Loyal Customer,60,Business Travel,Business,2302,1,1,1,1,3,5,5,3,3,3,3,3,3,2.69,0,0,TRUE
Female,Disloyal Customer,27,Business Travel,Business,293,2,2,2,4,3,2,3,3,5,5,4,4,3,3.23,5,4,FALSE
Female,Loyal Customer,40,Business Travel,Eco Plus,594,4,3,3,3,4,4,4,4,3,2,1,3,4,3.23,0,17,TRUE
Male,Loyal Customer,55,Business Travel,Eco Plus,264,2,2,2,2,2,2,2,2,4,3,2,2,2,2.23,0,0,TRUE
Male,Disloyal Customer,30,Business Travel,Business,1084,2,2,2,4,1,2,1,1,3,2,3,4,1,2.15,0,0,FALSE
Male,Loyal Customer,40,Business Travel,Eco,404,2,4,4,4,2,2,2,2,2,4,3,2,2,2.69,40,34,FALSE
Male,Loyal Customer,66,Business Travel,Business,2724,0,0,0,2,5,4,4,4,4,4,5,3,5,3.08,0,0,TRUE
Male,Loyal Customer,52,Business Travel,Business,1940,4,4,4,4,4,5,4,5,5,5,5,5,3,4.38,0,0,TRUE
Female,Loyal Customer,53,Business Travel,Business,588,1,1,1,1,2,4,5,5,5,5,5,4,4,3.31,0,3,TRUE
Female,Loyal Customer,67,Personal Travel,Eco Plus,631,3,4,3,2,5,5,5,4,4,3,4,3,3,3.69,0,0,FALSE
Female,Loyal Customer,21,Personal Travel,Eco,599,4,3,4,3,4,4,4,4,5,1,5,4,4,3.77,0,0,TRUE
Female,Loyal Customer,44,Personal Travel,Eco,594,3,5,3,5,1,3,4,4,4,3,4,2,5,3.54,0,0,FALSE
Female,Disloyal Customer,23,Business Travel,Eco,1016,2,3,3,4,4,3,4,4,5,3,4,5,4,3.69,0,0,FALSE
Male,Loyal Customer,53,Business Travel,Business,3486,2,2,2,2,3,4,4,5,5,5,5,3,3,3.46,0,0,TRUE
Male,Loyal Customer,60,Personal Travel,Eco,328,3,0,3,3,2,3,2,2,4,3,5,4,2,2.77,0,0,FALSE
Female,Disloyal Customer,25,Business Travel,Eco,1027,3,4,4,4,2,4,3,2,2,1,4,1,2,2.77,0,0,FALSE
Male,Loyal Customer,46,Business Travel,Business,1857,3,3,3,3,3,3,2,3,3,3,3,2,1,2.69,0,0,FALSE
Female,Loyal Customer,62,Business Travel,Eco,399,2,5,5,5,4,3,2,2,2,2,2,3,4,3.15,16,50,FALSE
Male,Disloyal Customer,24,Business Travel,Business,542,5,0,5,2,5,5,5,5,3,5,4,3,5,4,99,89,TRUE
Female,Disloyal Customer,38,Business Travel,Business,597,5,5,5,5,5,5,5,5,5,4,4,4,5,4.77,0,0,TRUE
Female,Loyal Customer,55,Business Travel,Business,2759,4,4,4,4,2,3,2,4,4,4,4,5,4,3.69,0,0,TRUE
Female,Loyal Customer,47,Personal Travel,Eco,2704,3,5,3,3,3,3,2,4,5,4,4,2,2,3.31,138,153,FALSE
Male,Loyal Customer,31,Business Travel,Eco Plus,764,2,4,1,4,2,2,2,2,1,2,3,1,2,2.15,74,50,FALSE
Male,Loyal Customer,47,Personal Travel,Eco,946,1,2,1,2,2,1,2,2,2,5,2,3,2,2.08,0,0,FALSE
Male,Loyal Customer,40,Business Travel,Eco Plus,931,3,4,1,1,3,3,3,3,2,5,3,2,3,2.77,3,6,FALSE
Female,Loyal Customer,49,Business Travel,Business,270,0,0,0,1,5,4,4,5,5,5,5,3,3,3.08,0,0,TRUE
Female,Loyal Customer,25,Business Travel,Business,563,3,5,5,5,3,3,3,3,1,5,3,1,3,3.31,0,0,FALSE
Female,Loyal Customer,57,Personal Travel,Eco,544,3,3,3,4,3,1,5,5,5,3,5,2,1,3.31,0,6,FALSE
Female,Disloyal Customer,25,Business Travel,Eco,675,3,3,3,3,4,3,4,4,1,1,4,1,4,2.92,33,14,FALSE
Male,Loyal Customer,41,Business Travel,Business,1884,1,1,1,1,3,5,5,5,5,5,5,3,4,3.38,0,15,TRUE
Male,Loyal Customer,20,Personal Travel,Eco,655,3,0,3,3,3,3,1,3,4,2,3,5,3,2.77,0,0,FALSE
Male,Loyal Customer,46,Personal Travel,Eco,328,1,5,1,3,3,1,1,3,5,4,5,4,3,3,0,0,FALSE
Male,Loyal Customer,21,Business Travel,Business,919,3,3,3,3,3,3,3,3,3,4,5,5,3,3.38,0,0,TRUE
Female,Loyal Customer,37,Business Travel,Business,2604,4,4,4,4,1,4,3,2,2,2,4,3,2,3,0,0,FALSE
Male,Loyal Customer,30,Personal Travel,Eco,1080,2,4,2,1,2,2,2,2,5,3,5,3,2,2.69,4,0,FALSE
Male,Loyal Customer,59,Personal Travel,Eco Plus,541,4,4,3,3,5,3,5,5,5,2,4,5,5,4.08,29,19,FALSE
Male,Loyal Customer,38,Business Travel,Eco,419,3,4,4,4,3,3,3,3,4,5,4,2,3,3.46,85,89,FALSE
Female,Loyal Customer,41,Personal Travel,Eco,1635,4,3,4,4,5,4,5,5,2,1,4,5,5,3.92,0,20,FALSE
Female,Disloyal Customer,21,Business Travel,Eco,377,2,4,2,3,5,2,5,5,5,2,1,1,5,3.23,0,0,FALSE
Male,Loyal Customer,47,Business Travel,Eco Plus,137,1,2,2,2,1,1,1,1,3,3,3,2,1,1.77,55,43,FALSE
Female,Loyal Customer,19,Personal Travel,Eco,868,4,2,4,3,4,4,4,4,4,4,4,2,4,3.62,0,0,TRUE
Female,Loyal Customer,50,Personal Travel,Eco,414,2,4,2,2,3,3,3,1,1,2,1,3,3,2.31,1,0,FALSE
Male,Loyal Customer,47,Business Travel,Eco,168,3,1,1,1,3,3,3,3,4,2,4,4,3,2.69,0,0,FALSE
Female,Loyal Customer,80,Business Travel,Business,2672,2,3,3,3,1,3,3,2,2,2,2,1,1,2.15,44,123,FALSE
Female,Loyal Customer,26,Business Travel,Business,2586,2,2,5,2,4,4,4,4,3,2,3,3,4,3.23,10,0,TRUE
Female,Disloyal Customer,29,Business Travel,Eco,1197,1,1,1,1,3,1,3,3,3,5,5,2,3,2.46,0,0,FALSE
Male,Loyal Customer,33,Personal Travel,Business,1721,3,5,3,2,3,3,3,4,4,4,5,3,3,3.46,182,160,FALSE
Female,Loyal Customer,15,Personal Travel,Eco,3801,4,5,4,1,4,4,4,3,3,4,4,4,4,3.69,0,0,FALSE
Male,Loyal Customer,37,Business Travel,Business,78,0,4,1,2,2,4,4,4,4,4,4,1,2,2.77,0,0,TRUE
Female,Loyal Customer,47,Personal Travel,Eco,690,1,4,1,5,2,5,5,2,2,1,2,4,5,3,25,24,FALSE
Female,Loyal Customer,47,Business Travel,Eco,908,3,4,4,4,3,2,1,3,3,3,3,5,1,3,0,0,TRUE
Female,Loyal Customer,46,Business Travel,Business,3336,3,3,3,3,4,5,5,5,5,5,5,4,5,4.23,0,3,TRUE
Female,Disloyal Customer,36,Business Travel,Eco Plus,337,2,2,2,4,3,2,3,3,3,2,4,2,3,2.69,0,0,FALSE
Male,Loyal Customer,80,Business Travel,Business,2494,4,5,1,1,2,3,4,4,4,4,4,4,3,3.31,28,29,FALSE
Male,Disloyal Customer,24,Business Travel,Eco,859,2,2,2,3,3,2,3,3,2,4,3,3,3,2.69,0,2,FALSE
Female,Loyal Customer,26,Business Travel,Eco Plus,489,5,4,4,4,5,5,4,5,4,2,2,2,5,3.92,57,44,TRUE
Female,Loyal Customer,7,Personal Travel,Eco,1119,2,4,2,4,3,2,3,3,4,4,3,3,3,3.08,0,0,FALSE
Male,Disloyal Customer,25,Business Travel,Business,258,4,0,5,3,4,5,4,4,3,4,5,5,4,3.85,1,0,TRUE
Female,Loyal Customer,60,Business Travel,Business,3255,4,4,4,4,3,5,5,4,4,4,4,4,3,4,19,27,TRUE
Female,Disloyal Customer,52,Business Travel,Eco Plus,752,4,4,4,4,4,4,4,4,3,1,4,1,4,3.46,36,21,FALSE
Female,Loyal Customer,42,Personal Travel,Eco,101,4,5,4,2,4,4,4,5,5,4,1,3,3,3.69,2,4,TRUE
Female,Loyal Customer,52,Business Travel,Business,526,5,5,5,5,5,5,4,4,4,4,4,3,4,4.38,0,0,TRUE
Female,Disloyal Customer,23,Business Travel,Business,992,4,1,4,3,1,4,1,1,1,5,4,3,1,2.54,0,0,FALSE
Female,Disloyal Customer,38,Business Travel,Business,351,5,5,5,4,3,5,3,3,5,3,5,3,3,4,0,0,TRUE
Female,Loyal Customer,53,Personal Travel,Eco,868,4,1,4,2,4,2,2,4,4,4,4,2,4,3.15,0,6,FALSE
Male,Disloyal Customer,20,Business Travel,Eco,546,1,0,1,1,1,1,1,1,2,5,1,4,1,1.54,0,0,FALSE
Male,Loyal Customer,65,Personal Travel,Eco,261,1,4,0,4,5,0,5,5,2,3,3,3,5,3.08,0,0,FALSE
Female,Loyal Customer,33,Business Travel,Business,1144,5,5,5,5,5,5,4,4,4,4,4,4,4,4.46,12,0,TRUE
Female,Disloyal Customer,24,Business Travel,Eco,101,3,2,3,3,3,3,3,3,4,1,4,4,3,3,0,0,FALSE
Male,Loyal Customer,39,Personal Travel,Eco,1276,0,5,0,1,4,0,4,4,5,2,5,4,4,2.92,68,63,TRUE
Male,Disloyal Customer,41,Business Travel,Business,386,1,1,1,5,3,1,3,3,3,5,5,3,3,2.85,0,4,FALSE
Male,Loyal Customer,37,Business Travel,Eco,198,5,5,5,5,5,5,5,5,2,3,1,5,5,4.31,0,0,TRUE
Female,Loyal Customer,23,Business Travel,Eco Plus,337,2,5,5,5,2,2,2,2,2,3,4,2,2,2.92,1,3,FALSE
Male,Loyal Customer,48,Business Travel,Business,3940,3,3,3,3,1,1,2,5,5,5,5,3,4,3.31,20,0,TRUE
Female,Loyal Customer,35,Business Travel,Business,2849,3,3,3,3,3,3,1,5,5,5,5,5,4,3.69,98,90,TRUE
Male,Loyal Customer,39,Business Travel,Business,475,2,4,5,4,3,4,4,2,2,2,2,3,2,3,52,55,FALSE
Female,Loyal Customer,61,Personal Travel,Eco Plus,364,2,4,2,4,3,4,5,5,5,2,5,5,4,3.85,0,0,FALSE
Male,Loyal Customer,25,Business Travel,Business,2454,2,4,4,4,2,2,2,4,4,3,4,2,2,3,29,23,FALSE
Female,Loyal Customer,22,Business Travel,Business,566,2,2,2,2,5,5,5,5,4,3,1,4,5,3.46,0,0,TRUE
Male,Disloyal Customer,22,Business Travel,Eco,1127,3,3,3,4,4,3,2,4,4,1,3,3,4,3.15,0,0,FALSE
Female,Loyal Customer,13,Personal Travel,Eco,936,2,1,2,4,4,2,4,4,1,1,3,4,4,2.77,33,19,FALSE
Female,Loyal Customer,60,Business Travel,Business,2990,0,0,0,2,5,4,5,5,5,4,4,3,3,3.08,0,0,TRUE
Female,Loyal Customer,45,Business Travel,Business,3449,1,1,1,1,2,5,5,4,4,4,5,5,3,3.15,2,0,TRUE
Female,Loyal Customer,35,Personal Travel,Eco,436,2,2,5,3,4,5,4,4,4,1,2,4,4,3.38,0,0,FALSE
Male,Loyal Customer,44,Business Travel,Business,2745,4,4,3,4,5,5,4,4,4,4,4,5,5,4.23,0,0,TRUE
Female,Loyal Customer,47,Personal Travel,Business,235,3,5,3,3,3,4,5,4,4,3,4,3,5,3.77,0,0,FALSE
Female,Loyal Customer,42,Business Travel,Business,1773,3,3,3,3,4,3,5,4,4,4,4,5,3,3.69,0,0,TRUE
Female,Loyal Customer,57,Business Travel,Business,2849,5,5,5,5,2,5,5,4,4,4,5,3,3,4.23,5,10,TRUE
Female,Loyal Customer,45,Business Travel,Business,903,3,5,5,5,4,4,3,3,3,2,3,4,2,3.54,0,0,FALSE
Male,Loyal Customer,53,Personal Travel,Eco,853,1,5,1,4,4,1,4,4,4,4,5,4,4,3.46,0,0,FALSE
Female,Disloyal Customer,29,Business Travel,Eco,679,2,2,2,3,2,2,4,2,5,5,1,1,2,2.54,3,9,FALSE
Female,Disloyal Customer,38,Business Travel,Business,237,4,4,4,2,3,4,3,3,5,2,4,5,3,3.54,24,14,TRUE
Female,Loyal Customer,50,Business Travel,Eco,2172,5,4,5,4,2,3,5,5,5,5,5,4,4,4.31,0,0,TRUE
Female,Disloyal Customer,52,Business Travel,Business,993,2,2,2,2,3,2,3,3,3,5,5,3,3,2.92,0,0,FALSE
Female,Loyal Customer,57,Personal Travel,Eco,932,1,5,1,3,3,4,4,3,3,1,3,5,4,3.08,0,0,FALSE
Male,Loyal Customer,55,Business Travel,Business,1276,2,2,2,2,5,5,4,5,5,5,5,5,3,3.85,0,0,TRUE
Female,Loyal Customer,51,Business Travel,Eco Plus,403,5,4,4,4,3,3,3,5,5,5,5,2,4,4,69,79,TRUE
Male,Loyal Customer,47,Personal Travel,Eco Plus,319,4,1,4,3,4,4,4,4,3,4,3,1,4,3.31,0,2,TRUE
Female,Loyal Customer,44,Personal Travel,Eco,461,2,4,2,4,4,4,3,5,5,2,5,2,2,3.38,0,0,FALSE
Male,Loyal Customer,41,Personal Travel,Eco,647,2,1,3,2,4,3,2,4,3,2,2,2,4,2.62,3,0,FALSE
Female,Disloyal Customer,25,Business Travel,Business,1242,3,0,3,3,5,3,5,5,3,5,4,4,5,3.69,0,0,FALSE
Male,Disloyal Customer,27,Business Travel,Eco,569,4,2,4,4,5,4,5,5,4,3,4,4,5,4.08,2,7,FALSE
Female,Loyal Customer,50,Business Travel,Business,483,3,3,3,3,5,5,5,4,4,4,4,3,3,3.77,4,3,TRUE
Female,Loyal Customer,58,Personal Travel,Eco,950,3,3,3,4,4,3,1,5,5,3,5,3,2,3.38,0,0,FALSE
Male,Loyal Customer,27,Business Travel,Eco,748,1,3,3,3,1,2,1,1,2,2,4,4,1,2.15,65,46,FALSE
Male,Loyal Customer,28,Personal Travel,Business,129,4,2,4,4,5,4,5,5,4,5,3,1,5,3.92,3,8,FALSE
Female,Disloyal Customer,23,Business Travel,Eco,331,5,0,5,2,5,5,5,5,3,2,5,4,5,3.92,0,0,TRUE
Male,Loyal Customer,55,Business Travel,Business,3128,4,4,4,4,5,4,5,5,5,5,5,4,3,4.38,23,4,TRUE
Male,Loyal Customer,38,Business Travel,Business,1448,3,3,3,3,1,3,1,4,4,4,4,4,5,3.23,0,22,TRUE
Male,Loyal Customer,24,Business Travel,Business,588,1,4,4,4,1,1,1,1,1,1,1,1,1,1.69,0,3,FALSE
Female,Loyal Customer,52,Personal Travel,Eco,746,4,4,4,2,3,5,4,5,5,4,5,4,4,4.08,108,105,FALSE
Female,Loyal Customer,48,Business Travel,Business,733,5,5,5,5,5,5,5,4,4,4,4,5,3,4.54,54,36,TRUE
Male,Loyal Customer,30,Business Travel,Business,2919,5,5,5,5,3,4,3,3,3,1,4,1,3,3.46,0,30,TRUE
Female,Disloyal Customer,25,Business Travel,Eco,358,2,0,2,1,2,2,2,2,3,5,4,2,2,2.23,0,0,FALSE
Female,Loyal Customer,40,Business Travel,Business,140,5,5,5,5,3,4,4,4,4,4,5,4,3,4.23,0,0,TRUE
Female,Loyal Customer,36,Business Travel,Business,2702,5,5,5,5,2,3,1,4,4,4,4,4,1,3.62,0,0,TRUE
Male,Disloyal Customer,39,Business Travel,Eco,305,2,0,2,1,3,2,3,3,2,3,4,1,3,2.23,2,0,FALSE
Male,Loyal Customer,73,Business Travel,Business,1973,1,1,1,1,4,4,4,5,5,4,5,3,4,3.23,0,0,TRUE
Female,Loyal Customer,30,Business Travel,Business,402,2,2,2,2,2,2,2,2,3,4,2,4,2,2.38,0,0,FALSE
Female,Loyal Customer,51,Business Travel,Eco,942,4,2,2,2,5,4,3,4,4,4,4,4,4,3.54,44,32,FALSE
Male,Loyal Customer,59,Personal Travel,Eco,327,1,0,5,3,5,5,5,5,2,2,2,3,5,3.31,0,0,FALSE
Male,Loyal Customer,38,Business Travel,Eco,725,2,4,4,4,2,2,2,2,1,1,4,1,2,2.38,35,30,FALSE
Male,Loyal Customer,50,Business Travel,Business,2540,1,1,1,1,5,5,5,5,4,5,5,5,5,3.69,139,115,TRUE
Male,Loyal Customer,27,Business Travel,Business,909,1,1,1,1,2,2,2,2,5,4,4,3,2,2.31,10,6,TRUE
Female,Loyal Customer,25,Business Travel,Eco Plus,693,2,4,4,4,2,1,2,1,4,2,3,2,2,2.54,32,155,FALSE
Male,Loyal Customer,41,Business Travel,Business,223,3,3,3,3,4,5,5,5,5,5,4,3,5,4.08,1,0,TRUE
Female,Loyal Customer,27,Business Travel,Eco,563,5,2,2,2,5,5,5,5,2,1,3,3,5,3.46,2,0,TRUE
Female,Loyal Customer,34,Business Travel,Business,1609,5,5,5,5,1,3,4,5,5,5,5,4,4,4.31,0,2,TRUE
Female,Loyal Customer,14,Personal Travel,Eco,329,1,4,1,3,5,1,3,5,1,1,3,3,5,2.77,29,34,FALSE
Male,Loyal Customer,29,Personal Travel,Eco,240,5,5,0,1,2,0,2,2,3,4,5,4,2,2.69,3,0,TRUE
Male,Loyal Customer,43,Business Travel,Business,842,3,3,3,3,5,4,5,5,5,5,5,4,4,4.15,29,23,TRUE
Female,Loyal Customer,26,Business Travel,Business,2169,1,1,1,1,4,4,4,4,1,4,4,3,4,2.77,0,0,TRUE
Male,Loyal Customer,30,Personal Travel,Eco,589,1,5,1,3,3,1,3,3,4,5,5,4,3,3.15,8,1,FALSE
Female,Loyal Customer,32,Business Travel,Business,2273,1,2,2,2,1,1,1,1,4,2,3,1,1,1.69,0,0,FALSE
Male,Loyal Customer,47,Business Travel,Business,1721,3,3,3,3,3,3,4,4,4,4,4,5,3,3.54,0,0,TRUE
Male,Loyal Customer,45,Business Travel,Business,1464,3,3,3,3,5,5,4,4,4,4,4,4,4,3.85,0,0,TRUE
Female,Disloyal Customer,23,Business Travel,Business,333,4,2,4,5,2,4,2,2,4,3,5,3,2,3.23,15,8,TRUE
Female,Loyal Customer,55,Business Travel,Business,2248,3,3,3,3,4,4,4,5,5,5,5,4,3,3.92,0,0,TRUE
Male,Loyal Customer,12,Business Travel,Eco,528,4,3,3,3,4,4,3,4,4,4,4,2,4,3.54,0,19,FALSE
Female,Loyal Customer,66,Personal Travel,Eco,414,3,5,3,3,3,1,4,4,4,3,4,4,3,3.38,0,0,FALSE
Female,Loyal Customer,51,Business Travel,Eco,283,4,4,4,4,2,3,3,4,4,4,4,4,3,3.62,36,29,TRUE
Male,Loyal Customer,68,Business Travel,Eco,296,3,1,5,5,3,3,3,3,1,4,4,3,3,3.15,0,0,FALSE
Male,Loyal Customer,46,Business Travel,Business,502,3,1,5,1,4,3,4,3,3,3,3,4,1,2.92,0,19,FALSE
Male,Loyal Customer,36,Personal Travel,Eco,315,4,2,4,4,1,4,1,1,1,2,3,3,1,2.38,0,0,FALSE
Female,Loyal Customer,44,Business Travel,Eco,599,2,3,2,3,1,3,3,3,3,2,3,2,3,2.54,0,0,FALSE
Female,Loyal Customer,40,Business Travel,Business,1703,4,4,4,4,4,3,5,5,5,5,5,5,5,4.46,14,13,TRUE
Male,Loyal Customer,54,Business Travel,Business,1773,3,4,4,4,4,4,3,3,3,3,3,2,1,3.15,0,0,FALSE
Male,Disloyal Customer,26,Business Travel,Business,1123,5,5,5,2,3,5,3,3,5,3,5,4,3,3.92,0,0,TRUE
Female,Loyal Customer,65,Business Travel,Business,2679,2,4,4,4,2,2,2,2,2,2,2,4,3,2.69,0,0,FALSE
Male,Loyal Customer,58,Personal Travel,Business,295,3,5,3,2,3,4,4,5,5,3,5,4,3,3.77,0,0,FALSE
Male,Loyal Customer,11,Personal Travel,Eco,373,2,4,2,3,5,2,4,5,5,4,5,5,5,3.92,15,10,FALSE
Male,Loyal Customer,47,Business Travel,Eco,227,5,3,3,3,5,5,5,5,2,4,5,2,5,4,0,0,TRUE
Male,Loyal Customer,16,Personal Travel,Eco,331,3,2,3,3,2,3,1,2,2,5,3,4,2,2.69,0,0,FALSE
Male,Loyal Customer,46,Business Travel,Eco,671,1,4,4,4,1,1,1,1,4,3,3,4,1,2.46,0,0,FALSE
Female,Loyal Customer,53,Business Travel,Business,575,2,2,2,2,5,5,4,4,4,4,4,3,5,3.54,0,0,TRUE
Female,Loyal Customer,49,Business Travel,Business,2450,3,5,5,5,1,4,4,1,1,1,3,3,2,2.92,1,0,FALSE
Female,Loyal Customer,22,Business Travel,Eco,622,3,3,3,3,3,3,2,3,2,2,3,2,3,2.69,0,5,FALSE
Male,Loyal Customer,43,Business Travel,Business,1936,4,5,4,4,3,5,5,5,5,5,5,4,3,4.38,0,8,TRUE
Female,Loyal Customer,22,Personal Travel,Eco,533,4,5,4,3,2,4,2,2,5,4,4,4,2,3.46,0,1,FALSE
Male,Loyal Customer,37,Business Travel,Business,3549,3,3,3,3,5,5,5,5,5,5,5,5,5,4.38,169,184,TRUE
Female,Disloyal Customer,26,Business Travel,Business,723,4,4,4,4,3,4,3,3,5,4,5,3,3,3.77,35,42,TRUE
Male,Loyal Customer,47,Business Travel,Eco,446,3,1,1,1,3,3,3,3,4,5,3,3,3,2.77,96,91,FALSE
Male,Loyal Customer,57,Personal Travel,Eco,1061,1,1,1,2,1,1,2,1,2,4,1,4,1,1.69,0,0,FALSE
Male,Loyal Customer,47,Business Travel,Business,2910,5,5,5,5,3,4,4,2,2,2,2,3,5,3.62,13,0,TRUE
Female,Disloyal Customer,28,Business Travel,Eco,718,2,2,2,4,5,2,4,5,5,2,2,3,5,3.31,42,30,FALSE
Female,Loyal Customer,28,Business Travel,Business,2700,4,5,5,5,4,4,4,2,3,3,3,4,4,3.85,136,163,FALSE
Male,Loyal Customer,22,Personal Travel,Eco,1587,2,4,2,2,3,2,3,3,3,2,3,4,3,2.77,0,0,FALSE
Female,Loyal Customer,33,Personal Travel,Eco,451,4,3,4,3,5,4,5,5,4,2,3,4,5,3.92,0,0,TRUE
Female,Loyal Customer,51,Business Travel,Business,110,2,2,2,2,5,4,4,4,4,5,4,5,3,3.54,0,0,TRUE
Male,Loyal Customer,44,Business Travel,Business,296,3,3,5,3,4,5,5,5,5,5,5,5,3,4.31,0,0,TRUE
Male,Loyal Customer,52,Business Travel,Business,806,4,4,4,4,2,5,5,5,5,5,5,4,4,4.31,1,0,TRUE
Male,Loyal Customer,26,Business Travel,Business,2475,4,4,4,4,2,2,2,5,4,5,5,2,2,3.46,0,0,TRUE
Male,Loyal Customer,54,Business Travel,Business,1849,1,1,1,1,2,4,5,2,2,2,2,3,4,2.31,0,0,TRUE
Female,Loyal Customer,7,Personal Travel,Eco,231,1,5,1,1,4,1,2,4,5,4,5,3,4,3.08,0,0,FALSE
Female,Loyal Customer,35,Business Travel,Business,3835,5,5,5,5,2,4,5,5,5,5,5,3,4,4.46,0,0,TRUE
Male,Loyal Customer,46,Business Travel,Business,3479,3,3,5,3,2,4,5,4,4,4,5,3,5,3.85,37,46,TRUE
Male,Loyal Customer,34,Business Travel,Business,190,3,3,3,3,5,4,5,5,5,5,4,4,4,4.08,0,0,TRUE
Female,Loyal Customer,36,Business Travel,Business,1528,1,2,2,2,5,4,3,1,1,2,1,4,1,2.23,1,8,FALSE
Male,Loyal Customer,42,Business Travel,Business,328,4,4,4,4,4,4,4,5,5,5,5,4,5,4.38,24,15,TRUE
Female,Loyal Customer,43,Business Travel,Eco,846,5,3,3,3,2,1,3,4,4,5,4,2,1,3.08,0,0,TRUE
Female,Loyal Customer,35,Personal Travel,Eco,342,3,3,3,4,3,3,3,3,3,3,3,1,3,2.92,0,0,FALSE
Female,Loyal Customer,34,Personal Travel,Eco,888,1,2,1,4,4,1,4,4,2,1,3,3,4,2.62,2,9,FALSE
Male,Loyal Customer,43,Personal Travel,Eco,427,2,4,2,4,2,3,4,5,2,3,4,4,4,3.31,159,134,FALSE
Male,Loyal Customer,43,Personal Travel,Eco,1208,2,1,2,3,1,2,1,1,4,1,3,3,1,1.92,3,0,FALSE
Female,Loyal Customer,54,Business Travel,Business,2795,0,0,0,4,5,1,3,1,1,1,1,2,4,1.77,0,0,TRUE
Female,Loyal Customer,28,Personal Travel,Eco,584,3,4,3,4,5,3,5,5,4,5,5,3,5,4.15,0,1,FALSE
Female,Disloyal Customer,21,Business Travel,Business,1009,4,4,4,1,5,4,5,5,5,5,4,4,5,4.23,67,65,TRUE
Male,Disloyal Customer,25,Business Travel,Business,473,3,5,3,2,4,3,4,4,5,5,1,5,4,3.69,4,2,FALSE
Male,Loyal Customer,68,Business Travel,Business,3939,1,5,5,5,3,3,2,1,1,1,1,1,1,2.31,17,16,FALSE
Female,Disloyal Customer,35,Business Travel,Eco,421,4,2,4,4,1,4,1,1,4,5,3,3,1,2.85,0,0,FALSE
Male,Disloyal Customer,16,Business Travel,Eco,835,1,1,1,1,3,1,2,3,4,3,5,4,3,2.46,0,0,FALSE
Male,Loyal Customer,38,Business Travel,Business,173,5,5,3,5,3,5,3,4,4,4,4,1,5,3.92,80,81,TRUE
Female,Loyal Customer,37,Business Travel,Eco Plus,236,3,1,4,1,3,3,3,3,4,3,3,3,3,2.85,1,0,FALSE
Male,Loyal Customer,39,Business Travel,Business,395,2,1,1,1,3,3,3,2,2,2,2,1,4,2.08,0,4,FALSE
Female,Loyal Customer,56,Business Travel,Business,606,2,2,2,2,4,5,4,5,5,5,5,3,4,3.69,1,0,TRUE
Male,Loyal Customer,22,Personal Travel,Eco,580,0,4,0,4,4,0,4,4,3,4,4,5,4,3.08,2,0,TRUE
Female,Loyal Customer,43,Personal Travel,Eco,472,4,5,4,3,5,1,2,2,2,4,4,5,1,3.23,0,0,TRUE
Female,Disloyal Customer,28,Business Travel,Business,1303,4,4,4,3,3,4,3,3,5,4,4,5,3,3.77,0,0,FALSE
Male,Loyal Customer,28,Business Travel,Business,2164,4,4,4,4,5,5,5,5,3,5,4,3,5,4.31,6,3,TRUE
Male,Loyal Customer,51,Business Travel,Eco,1104,4,2,1,2,4,4,4,4,4,1,5,1,4,3.08,14,0,TRUE
Female,Loyal Customer,8,Personal Travel,Eco,425,4,0,4,3,1,4,1,1,5,3,5,5,1,2.85,0,0,TRUE
Female,Loyal Customer,56,Personal Travel,Eco,990,4,5,4,1,4,4,5,3,3,4,3,5,3,3.69,65,68,FALSE
Male,Loyal Customer,30,Personal Travel,Eco,592,3,3,3,3,4,3,1,4,4,3,3,5,4,3.31,0,0,FALSE
Male,Loyal Customer,9,Personal Travel,Eco,584,1,1,1,4,2,1,2,2,1,4,4,3,2,2.15,18,16,FALSE
Female,Loyal Customer,40,Personal Travel,Eco,1127,4,4,4,1,2,4,2,2,3,2,5,3,2,2.92,0,0,FALSE
Male,Loyal Customer,41,Business Travel,Business,868,1,1,1,1,2,4,5,5,5,4,5,5,3,3.23,0,0,TRUE
Male,Loyal Customer,62,Personal Travel,Eco,583,3,2,3,3,5,3,5,5,4,3,4,1,5,3.54,7,3,FALSE
Female,Loyal Customer,23,Business Travel,Eco,250,0,4,0,3,3,0,3,3,3,5,4,1,3,2.46,54,31,TRUE
Female,Loyal Customer,16,Personal Travel,Eco,607,1,4,0,3,3,0,4,3,3,5,5,3,3,2.85,27,20,FALSE
Male,Loyal Customer,10,Business Travel,Business,1750,3,3,3,3,4,4,4,4,3,3,3,4,4,3.46,0,0,TRUE
Female,Disloyal Customer,25,Business Travel,Eco Plus,1165,3,3,4,3,4,4,4,4,4,5,4,1,4,3.62,1,0,FALSE
Female,Loyal Customer,38,Personal Travel,Eco,409,2,5,2,5,1,2,1,1,2,5,2,4,1,2.54,0,0,FALSE
Female,Loyal Customer,33,Business Travel,Business,1674,3,3,3,3,2,5,5,2,2,2,2,2,1,2.69,0,0,TRUE
Female,Loyal Customer,54,Business Travel,Business,2369,3,3,3,3,3,4,4,4,4,4,4,3,3,3.46,82,62,TRUE
Male,Loyal Customer,23,Business Travel,Business,3552,1,1,1,1,5,5,5,5,5,4,5,3,5,3.54,18,0,TRUE
Female,Disloyal Customer,26,Business Travel,Eco Plus,679,2,0,2,2,2,2,2,2,5,3,2,2,2,2.15,53,42,FALSE
Female,Loyal Customer,37,Business Travel,Business,2033,2,2,2,2,5,4,4,4,4,4,4,5,3,3.46,0,0,TRUE
Male,Loyal Customer,10,Personal Travel,Eco,928,3,5,3,4,5,3,5,5,3,3,4,5,5,4.08,0,1,FALSE
Female,Loyal Customer,50,Business Travel,Business,1576,3,3,3,3,4,5,4,4,4,4,4,4,5,3.85,6,37,TRUE
Male,Loyal Customer,64,Personal Travel,Eco,261,4,3,0,2,1,0,1,1,2,4,4,2,1,1.92,3,7,FALSE
Female,Disloyal Customer,23,Business Travel,Eco,1368,2,2,2,1,1,2,1,1,1,3,3,5,1,1.92,0,10,FALSE
Male,Loyal Customer,33,Personal Travel,Eco,1050,5,4,5,4,5,5,5,5,3,1,4,4,5,4.23,0,0,TRUE
Male,Disloyal Customer,29,Business Travel,Business,1605,1,1,1,2,3,1,3,3,5,2,3,3,3,2.38,27,1,FALSE
Male,Disloyal Customer,22,Business Travel,Business,1190,1,2,1,3,2,1,2,2,2,2,3,3,2,2,0,0,FALSE
Male,Loyal Customer,31,Personal Travel,Eco,853,1,5,1,2,1,1,1,1,4,3,5,4,1,2.31,13,13,FALSE
Male,Loyal Customer,78,Business Travel,Eco Plus,519,2,3,3,3,2,2,2,2,3,1,4,1,2,2.31,0,14,FALSE
Male,Loyal Customer,63,Personal Travel,Business,331,3,4,3,4,2,4,5,2,2,3,2,5,5,3.38,0,0,FALSE
Female,Loyal Customer,26,Business Travel,Business,510,5,5,5,5,5,5,5,5,1,3,5,5,5,4.54,149,168,TRUE
Male,Loyal Customer,53,Business Travel,Business,1846,3,3,3,3,4,4,4,4,4,5,4,5,3,3.77,10,1,TRUE
Female,Disloyal Customer,46,Business Travel,Business,2704,4,4,4,2,4,4,4,4,3,4,4,4,4,3.77,0,0,FALSE
Female,Loyal Customer,56,Personal Travel,Eco,2116,1,1,1,3,4,3,4,1,1,1,5,2,4,2.38,0,0,FALSE
Female,Loyal Customer,38,Business Travel,Eco,792,5,3,4,4,5,5,5,5,3,4,3,4,5,4.23,0,0,TRUE
Female,Loyal Customer,27,Business Travel,Business,2304,5,5,5,5,5,5,5,5,4,5,4,4,5,4.77,48,28,TRUE
Female,Loyal Customer,15,Personal Travel,Eco,235,1,4,1,3,2,1,2,2,3,4,5,5,2,2.69,0,0,FALSE
Female,Loyal Customer,49,Business Travel,Business,3496,3,3,3,3,4,5,4,4,4,4,4,3,3,3.62,0,0,TRUE
Male,Loyal Customer,9,Personal Travel,Eco,533,2,5,2,1,2,2,3,2,3,4,4,5,2,2.85,28,11,FALSE
Female,Loyal Customer,61,Business Travel,Business,2101,1,1,1,1,4,4,4,4,4,4,4,4,3,3,4,0,TRUE
Male,Loyal Customer,51,Business Travel,Business,409,3,4,4,4,5,3,4,3,3,3,3,1,2,3.23,0,0,FALSE
Female,Loyal Customer,23,Business Travel,Business,2402,5,5,5,5,4,5,4,4,3,3,4,4,4,4.23,17,34,TRUE
Male,Disloyal Customer,24,Business Travel,Eco,900,4,4,4,3,5,4,4,5,1,2,3,2,5,3.54,0,0,FALSE
Female,Loyal Customer,21,Personal Travel,Business,1635,5,2,5,3,2,5,2,2,3,5,4,2,2,3.23,28,9,TRUE
Male,Loyal Customer,28,Personal Travel,Eco,191,3,1,3,1,3,3,3,3,3,5,1,3,3,2.69,0,0,FALSE
Female,Loyal Customer,58,Business Travel,Business,1515,2,2,2,2,2,4,5,4,4,4,4,3,4,3.23,32,14,TRUE
Male,Loyal Customer,52,Personal Travel,Eco,231,3,5,3,3,5,3,3,5,4,2,5,5,5,3.92,20,39,FALSE
Female,Loyal Customer,51,Personal Travel,Eco,393,1,5,1,4,2,3,4,1,1,1,1,1,2,2.08,3,4,FALSE
Female,Loyal Customer,12,Personal Travel,Eco,1444,4,4,3,2,2,3,2,2,4,3,4,5,2,3.08,47,40,FALSE
Female,Loyal Customer,17,Business Travel,Eco Plus,2402,5,3,3,3,5,5,5,4,3,2,1,5,5,3.77,0,0,TRUE
Female,Loyal Customer,7,Personal Travel,Eco,496,3,4,3,2,3,3,3,3,4,2,4,3,3,3.08,0,0,FALSE
Female,Disloyal Customer,39,Business Travel,Business,357,1,1,1,1,1,1,1,4,5,1,1,1,1,1.54,182,194,FALSE
Female,Loyal Customer,49,Business Travel,Business,280,3,3,3,3,4,4,4,5,5,5,5,3,4,3.92,0,0,TRUE
Male,Loyal Customer,31,Business Travel,Business,3785,0,0,0,1,5,5,5,5,4,5,5,4,5,3.38,0,56,TRUE
Female,Disloyal Customer,55,Business Travel,Eco,328,1,4,0,3,3,0,2,3,2,3,4,1,3,2.23,0,3,FALSE
Female,Loyal Customer,65,Business Travel,Eco,162,3,4,4,4,3,3,3,3,3,3,3,1,4,3.15,0,0,FALSE
Female,Loyal Customer,39,Business Travel,Business,3781,4,4,4,4,3,5,4,5,5,5,5,3,5,4.31,0,0,TRUE
Male,Loyal Customer,31,Business Travel,Business,1862,4,4,4,4,4,4,4,4,3,4,4,4,4,3.92,10,9,TRUE
Female,Loyal Customer,48,Business Travel,Eco,978,5,5,2,5,2,2,3,5,5,5,5,3,5,4,0,3,TRUE
Female,Loyal Customer,58,Business Travel,Eco,1189,4,2,2,2,3,2,2,5,5,4,5,5,4,3.46,0,0,TRUE
Male,Loyal Customer,43,Business Travel,Business,3600,5,5,2,5,3,5,4,5,5,5,5,5,5,4.54,0,0,TRUE
Male,Loyal Customer,32,Personal Travel,Eco,2125,2,1,2,3,1,2,1,1,2,1,3,1,1,1.62,0,12,FALSE
Male,Loyal Customer,28,Business Travel,Business,874,2,4,2,2,4,4,4,4,3,5,4,4,4,3.54,0,0,TRUE
Male,Loyal Customer,38,Personal Travel,Business,1145,2,5,2,2,4,4,5,3,3,2,3,4,5,3.38,0,0,FALSE
Female,Loyal Customer,34,Business Travel,Business,2475,2,3,2,2,5,5,5,5,5,3,4,5,5,3.92,30,9,TRUE
Male,Disloyal Customer,22,Business Travel,Eco,89,3,4,3,2,5,3,5,5,2,4,3,2,5,3.54,0,0,FALSE
Female,Loyal Customer,56,Business Travel,Business,3867,4,4,4,4,4,3,4,1,1,1,4,4,4,3.23,0,0,FALSE
Female,Loyal Customer,50,Business Travel,Business,3377,3,3,3,3,4,5,4,4,4,5,4,4,5,3.92,0,0,TRUE
Male,Loyal Customer,22,Business Travel,Eco,640,3,4,4,4,3,4,5,3,5,1,5,4,3,3.69,14,0,TRUE
Female,Disloyal Customer,26,Business Travel,Eco Plus,266,3,0,3,4,3,3,5,3,2,1,4,3,3,2.85,0,8,FALSE
Female,Loyal Customer,42,Business Travel,Business,3663,2,2,2,2,5,4,1,5,5,5,5,4,3,3.46,0,0,TRUE
Female,Loyal Customer,25,Business Travel,Business,3208,5,5,5,5,4,4,4,4,3,5,5,5,4,4.46,4,0,TRUE
Female,Loyal Customer,51,Business Travel,Business,2121,2,2,2,2,3,4,4,5,5,5,5,5,3,3.62,88,75,TRUE
Male,Loyal Customer,43,Business Travel,Business,1452,2,1,2,2,3,2,3,4,4,4,4,3,3,2.85,14,0,TRUE
Female,Loyal Customer,53,Business Travel,Business,3311,4,4,4,4,3,5,4,4,4,4,4,4,5,4.08,0,0,TRUE
Male,Loyal Customer,25,Personal Travel,Eco,845,2,4,2,3,1,2,1,1,3,2,5,3,1,2.31,0,0,FALSE
Male,Disloyal Customer,30,Business Travel,Eco,127,2,0,2,4,4,2,5,4,4,1,1,5,4,2.92,9,0,FALSE
Female,Loyal Customer,29,Business Travel,Eco,828,5,5,5,5,5,5,5,5,3,3,5,1,5,4.38,17,5,TRUE
Male,Loyal Customer,39,Business Travel,Business,2548,2,2,2,2,5,5,5,5,5,5,5,5,4,4,49,50,TRUE
Male,Loyal Customer,13,Personal Travel,Eco Plus,862,3,3,3,4,5,3,5,5,3,1,3,1,5,3.38,1,0,FALSE
Male,Loyal Customer,56,Business Travel,Business,1670,1,1,1,1,2,4,4,4,4,4,4,5,3,2.92,0,0,TRUE
Female,Loyal Customer,25,Business Travel,Business,1725,2,2,4,4,2,2,2,2,4,1,1,4,2,2.46,34,18,FALSE
Male,Loyal Customer,27,Business Travel,Business,3036,4,2,4,4,4,5,4,4,4,2,4,3,4,3.69,0,0,TRUE
Male,Disloyal Customer,37,Business Travel,Eco,624,3,3,3,3,3,3,3,3,3,1,3,4,3,2.92,0,0,FALSE
Male,Loyal Customer,13,Personal Travel,Eco,239,3,5,0,3,3,0,3,3,5,2,4,3,3,2.85,1,0,FALSE
Female,Loyal Customer,27,Personal Travel,Eco Plus,1083,2,4,2,2,2,2,2,2,3,5,5,5,2,2.92,22,26,FALSE
Female,Disloyal Customer,24,Business Travel,Eco,844,3,3,3,2,1,3,1,1,3,1,2,3,1,2.08,0,0,FALSE
Male,Loyal Customer,44,Personal Travel,Eco,992,1,5,2,4,1,2,1,1,5,5,5,5,1,2.92,4,8,FALSE
Male,Loyal Customer,42,Business Travel,Business,3119,1,1,1,1,5,4,2,5,5,5,5,1,1,2.85,0,0,TRUE
Male,Loyal Customer,20,Business Travel,Business,187,5,5,5,5,4,4,5,4,3,5,4,4,4,4.38,0,0,TRUE
Female,Loyal Customer,35,Business Travel,Business,3864,3,5,5,5,3,3,3,1,1,1,3,2,1,2.77,92,80,FALSE
Female,Loyal Customer,31,Personal Travel,Eco,549,3,0,3,1,3,3,4,3,4,3,4,3,3,2.85,0,0,FALSE
Male,Loyal Customer,37,Business Travel,Eco,110,1,3,3,3,1,1,1,1,1,1,3,2,1,1.69,0,0,FALSE
Female,Loyal Customer,28,Business Travel,Business,1695,5,5,5,5,5,5,5,5,1,1,3,3,5,4.08,0,15,TRUE
Male,Loyal Customer,55,Business Travel,Business,109,4,4,4,4,3,4,5,4,4,4,4,4,4,4,0,0,TRUE
Female,Disloyal Customer,13,Business Travel,Business,1020,5,0,5,1,3,5,3,3,3,5,4,5,3,3.46,22,0,TRUE
Male,Loyal Customer,52,Personal Travel,Eco,644,2,5,3,3,4,3,4,4,2,4,2,1,4,3.15,0,0,FALSE
Male,Loyal Customer,56,Business Travel,Business,1863,3,3,3,3,2,5,4,5,5,5,5,3,4,3.85,0,6,TRUE
Female,Loyal Customer,41,Personal Travel,Business,404,1,4,1,2,4,5,4,3,3,1,3,4,4,3,0,0,FALSE
Male,Loyal Customer,49,Business Travel,Business,150,4,4,4,4,4,2,5,5,5,5,3,2,1,3.69,0,0,TRUE
Female,Loyal Customer,61,Personal Travel,Eco,546,2,5,1,5,5,4,2,3,3,1,2,5,3,3.15,0,0,FALSE
Female,Loyal Customer,44,Business Travel,Business,2340,1,1,1,1,4,4,4,5,5,5,5,3,5,3.38,0,0,TRUE
Female,Loyal Customer,68,Business Travel,Eco,254,3,5,5,5,3,4,4,3,3,3,3,2,1,3.38,2,0,FALSE
Male,Loyal Customer,59,Business Travel,Eco,632,3,2,2,2,3,3,3,3,4,5,4,1,3,2.92,2,10,FALSE
Male,Disloyal Customer,38,Business Travel,Business,583,4,5,5,4,2,5,2,2,3,4,4,4,2,3.54,0,0,TRUE
Female,Loyal Customer,29,Personal Travel,Eco,248,4,4,4,3,3,4,3,3,3,4,4,4,3,3.54,2,0,FALSE
Female,Disloyal Customer,26,Business Travel,Business,1851,4,4,4,1,5,4,5,5,4,3,5,4,5,4.08,0,0,TRUE
Female,Loyal Customer,23,Business Travel,Eco Plus,351,3,2,2,2,3,2,4,3,2,2,4,3,3,2.69,0,67,FALSE
Male,Loyal Customer,57,Business Travel,Business,3191,4,4,4,4,4,3,3,4,4,4,4,2,1,3.46,0,0,FALSE
Female,Loyal Customer,59,Business Travel,Business,1935,2,2,2,2,5,4,5,5,5,5,5,4,5,3.92,0,0,TRUE
Female,Loyal Customer,34,Business Travel,Business,1697,5,5,5,5,3,4,5,4,4,4,4,3,4,4.23,0,0,TRUE
Male,Loyal Customer,50,Business Travel,Business,1739,4,1,1,1,1,4,4,4,4,4,4,2,3,2.85,0,0,FALSE
Female,Loyal Customer,65,Personal Travel,Eco,579,2,1,2,4,3,4,4,5,5,2,5,4,2,3.31,95,88,FALSE
Female,Loyal Customer,22,Business Travel,Business,1869,1,1,1,1,4,4,4,4,4,2,5,1,4,2.77,0,0,TRUE
Female,Loyal Customer,28,Business Travel,Eco,322,1,2,2,2,1,1,1,1,2,4,4,2,1,1.85,0,0,FALSE
Male,Disloyal Customer,25,Business Travel,Eco,1034,3,4,4,3,4,4,4,4,4,3,5,4,4,3.85,0,0,FALSE
Male,Loyal Customer,48,Personal Travel,Eco,907,2,5,2,2,2,2,5,2,3,4,5,4,2,3.08,30,36,FALSE
Male,Loyal Customer,51,Business Travel,Eco Plus,363,5,5,5,5,5,5,5,5,4,1,1,1,5,4,1,42,TRUE
Female,Loyal Customer,15,Personal Travel,Eco Plus,1009,3,2,3,3,2,3,2,2,3,2,3,1,2,2.38,0,0,FALSE
Male,Loyal Customer,55,Personal Travel,Eco,802,4,4,4,2,5,4,2,5,1,2,5,4,5,3.62,36,30,FALSE
Male,Disloyal Customer,54,Business Travel,Business,239,4,4,4,3,4,4,1,4,3,4,5,4,4,3.69,16,9,TRUE
Male,Loyal Customer,37,Personal Travel,Eco,209,2,1,2,3,4,2,4,4,3,2,3,2,4,2.77,21,12,FALSE
Male,Disloyal Customer,37,Business Travel,Eco,861,2,2,2,2,3,2,3,3,2,1,3,1,3,2.23,0,8,FALSE
Female,Disloyal Customer,25,Business Travel,Business,594,3,5,3,3,5,3,5,5,3,2,4,4,5,3.85,0,8,FALSE
Female,Disloyal Customer,40,Business Travel,Business,338,4,3,3,3,2,3,2,2,5,4,5,4,2,3.23,66,69,FALSE
Male,Disloyal Customer,35,Business Travel,Eco,546,3,3,3,4,2,3,2,2,1,2,4,1,2,2.46,6,9,FALSE
Male,Loyal Customer,60,Business Travel,Business,1089,4,4,4,4,2,4,5,5,5,5,5,5,5,4.38,27,22,TRUE
Male,Loyal Customer,43,Business Travel,Eco,110,4,1,1,1,5,4,5,5,4,5,3,3,5,3.54,0,0,FALSE
Female,Loyal Customer,53,Business Travel,Eco,326,2,5,5,5,2,4,3,2,2,2,2,2,3,3,53,44,FALSE
Male,Loyal Customer,23,Business Travel,Business,2585,1,1,1,1,3,3,3,3,4,2,4,3,3,2.46,4,0,TRUE
Female,Loyal Customer,17,Personal Travel,Eco,948,2,4,3,3,4,3,4,4,5,1,5,3,4,3.46,7,15,FALSE
Male,Loyal Customer,55,Personal Travel,Eco,1558,1,4,1,1,3,1,3,3,5,5,3,4,3,2.85,0,5,FALSE
Female,Loyal Customer,8,Business Travel,Business,2475,1,1,1,1,5,5,5,5,5,3,4,3,5,3.38,1,0,TRUE
Female,Disloyal Customer,23,Business Travel,Eco,529,4,5,4,4,4,4,4,4,5,2,5,3,4,4,0,0,FALSE
Male,Loyal Customer,32,Personal Travel,Eco,1009,4,5,4,3,1,4,1,1,3,5,5,3,1,3.08,0,0,FALSE
Female,Loyal Customer,37,Personal Travel,Eco,1205,4,1,3,4,3,3,3,3,3,1,4,3,3,2.92,4,4,FALSE
Male,Loyal Customer,34,Business Travel,Business,3365,3,3,3,3,4,4,4,3,5,5,4,4,4,3.77,0,40,TRUE
Male,Loyal Customer,54,Personal Travel,Eco,1587,3,5,3,4,5,3,2,5,3,5,3,3,5,3.77,25,7,FALSE
Male,Loyal Customer,29,Business Travel,Business,281,2,5,5,5,2,2,2,2,4,2,4,1,2,2.92,0,0,FALSE
Female,Disloyal Customer,25,Business Travel,Business,297,5,4,5,3,4,5,4,4,3,5,5,3,4,4.15,0,0,TRUE
Female,Loyal Customer,40,Business Travel,Business,2521,5,5,5,5,3,4,4,4,4,4,4,3,5,4.23,8,0,TRUE
Female,Loyal Customer,29,Business Travel,Business,3794,3,3,3,3,4,4,4,4,3,5,3,3,4,3.54,18,1,TRUE
Female,Loyal Customer,41,Business Travel,Business,3197,1,1,1,1,5,5,5,5,5,5,5,3,5,3.62,0,0,TRUE
Male,Loyal Customer,12,Personal Travel,Eco,861,2,5,2,4,3,2,3,3,4,3,4,4,3,3.23,0,16,FALSE
Male,Loyal Customer,12,Personal Travel,Eco,235,1,4,0,4,3,0,3,3,2,3,1,2,3,2.23,10,0,FALSE
Female,Loyal Customer,46,Business Travel,Business,2965,4,4,4,4,4,4,5,5,5,5,5,4,4,4.38,13,0,TRUE
Male,Loyal Customer,19,Business Travel,Business,3217,5,5,5,5,5,5,5,5,1,2,1,2,5,3.92,0,0,TRUE
Female,Loyal Customer,18,Business Travel,Eco Plus,305,3,4,4,4,3,3,1,3,4,1,3,3,3,3,0,8,FALSE
Female,Disloyal Customer,49,Business Travel,Eco Plus,820,2,1,1,3,4,2,2,4,3,3,2,1,4,2.46,0,0,FALSE
Female,Disloyal Customer,33,Business Travel,Business,599,1,1,1,3,3,1,3,3,3,4,4,5,3,2.69,2,2,FALSE
Male,Loyal Customer,21,Personal Travel,Eco,867,4,4,4,2,1,4,1,1,4,4,1,4,1,2.69,0,0,FALSE
Female,Loyal Customer,22,Business Travel,Eco Plus,926,4,3,3,3,4,4,5,4,2,2,2,1,4,3.15,0,0,TRUE
Female,Loyal Customer,47,Business Travel,Eco,190,3,4,4,4,1,4,3,4,4,3,4,1,1,3.08,0,0,FALSE
Female,Loyal Customer,22,Business Travel,Business,2785,3,3,3,3,5,5,5,5,5,2,4,3,5,3.92,0,0,TRUE
Female,Loyal Customer,70,Personal Travel,Eco Plus,495,3,3,2,3,5,4,3,4,4,2,4,4,2,3.31,0,0,FALSE
Female,Loyal Customer,35,Personal Travel,Eco Plus,2777,2,4,2,3,2,5,5,4,4,4,4,5,5,3.77,0,0,FALSE
Male,Loyal Customer,18,Business Travel,Business,547,5,5,5,5,5,5,5,5,3,2,5,4,5,4.54,0,0,TRUE
Male,Loyal Customer,36,Personal Travel,Eco,258,4,2,4,3,4,4,2,4,1,1,3,1,4,2.85,0,0,FALSE
Female,Loyal Customer,39,Business Travel,Business,304,5,5,5,5,2,5,4,5,5,5,5,4,4,4.54,3,3,TRUE
Male,Loyal Customer,36,Business Travel,Eco,380,2,1,1,1,2,2,2,2,4,1,3,2,2,1.92,25,31,FALSE
Male,Disloyal Customer,20,Business Travel,Eco,480,2,4,2,3,2,2,2,2,4,4,4,1,2,2.62,36,23,FALSE
Female,Loyal Customer,57,Business Travel,Business,308,4,4,4,4,4,5,5,4,4,4,4,3,4,4.08,8,9,TRUE
Male,Loyal Customer,51,Business Travel,Eco Plus,1014,5,2,2,2,5,5,5,5,5,1,3,4,5,3.77,5,5,TRUE
Female,Disloyal Customer,27,Business Travel,Eco,552,3,0,3,1,2,3,2,2,1,2,4,5,2,2.31,0,23,FALSE
Male,Loyal Customer,30,Business Travel,Business,552,5,5,5,5,4,4,4,4,2,1,2,1,4,3.54,0,0,TRUE
Male,Loyal Customer,30,Business Travel,Business,1671,4,4,4,4,5,4,5,5,4,5,4,5,5,4.46,31,5,TRUE
Female,Loyal Customer,42,Business Travel,Eco,349,5,1,1,1,5,2,5,5,5,5,5,2,3,3.46,0,0,TRUE
Female,Loyal Customer,25,Personal Travel,Eco Plus,257,3,5,3,1,1,3,1,1,1,1,1,2,1,1.85,0,0,FALSE
Male,Loyal Customer,47,Personal Travel,Eco,1046,3,5,3,4,1,3,1,1,2,1,5,5,1,2.69,17,19,FALSE
Male,Loyal Customer,39,Business Travel,Business,402,5,5,5,5,5,5,5,5,5,5,5,4,3,4.77,3,1,TRUE
Female,Loyal Customer,48,Personal Travel,Eco,785,2,5,2,1,2,5,4,2,2,2,1,4,5,2.85,0,8,FALSE
Male,Loyal Customer,23,Personal Travel,Eco Plus,689,5,5,5,1,5,5,5,5,3,4,4,3,5,4.23,0,0,TRUE
Female,Loyal Customer,49,Personal Travel,Eco,604,1,5,1,4,4,5,5,5,5,1,5,3,5,3.77,18,0,FALSE
Female,Disloyal Customer,41,Business Travel,Business,2072,1,1,1,2,2,1,2,2,4,3,3,4,2,2.15,25,5,FALSE
Female,Loyal Customer,42,Business Travel,Business,989,1,1,1,1,4,4,4,4,4,4,4,4,5,3.15,0,0,TRUE
Female,Loyal Customer,47,Personal Travel,Eco,299,3,5,3,4,4,4,4,3,3,3,3,5,3,3.62,82,75,FALSE
Female,Loyal Customer,33,Business Travel,Business,2494,2,2,2,2,5,4,5,5,5,5,5,2,4,3.69,0,0,TRUE
Female,Loyal Customer,57,Business Travel,Business,787,1,0,0,2,4,3,3,5,5,0,5,1,4,2.54,0,0,FALSE
Male,Loyal Customer,47,Business Travel,Business,1999,5,5,5,5,5,5,5,4,4,4,4,5,4,4.62,20,0,TRUE
Male,Loyal Customer,9,Personal Travel,Eco,199,3,5,3,4,3,3,3,4,2,5,4,3,3,3.46,112,143,FALSE
Female,Loyal Customer,39,Business Travel,Business,3965,3,3,3,3,4,3,2,4,4,4,4,2,4,3.31,0,0,TRUE
Male,Loyal Customer,41,Business Travel,Business,3996,1,1,1,1,4,5,4,4,4,4,4,3,4,3.08,0,3,TRUE
Female,Loyal Customer,59,Personal Travel,Eco Plus,828,2,5,2,1,2,4,5,4,4,2,4,5,4,3.38,58,70,FALSE
Male,Loyal Customer,35,Personal Travel,Eco,1036,1,5,1,2,3,1,3,3,4,5,5,4,3,3.08,0,0,FALSE
Female,Loyal Customer,37,Business Travel,Eco,515,1,3,5,3,1,1,1,1,1,5,3,2,1,2.15,6,21,FALSE
Female,Loyal Customer,55,Business Travel,Business,3074,3,3,3,3,2,4,5,5,5,5,5,5,4,4,36,22,TRUE
Female,Loyal Customer,48,Personal Travel,Eco,417,3,1,3,3,4,3,2,3,3,3,3,4,3,2.92,0,0,FALSE
Male,Loyal Customer,23,Personal Travel,Eco,1558,1,3,0,3,2,0,1,2,4,2,4,4,2,2.15,0,0,FALSE
Female,Loyal Customer,45,Business Travel,Business,1623,1,1,1,1,3,5,5,3,3,4,3,5,4,3,0,0,TRUE
Female,Loyal Customer,47,Business Travel,Business,3939,1,1,3,1,5,5,5,5,2,5,4,5,5,3.62,0,0,TRUE
Female,Loyal Customer,27,Business Travel,Eco,859,5,3,3,3,5,5,5,5,4,2,5,1,5,3.92,0,12,TRUE
Male,Loyal Customer,20,Personal Travel,Eco,425,2,1,2,4,5,2,5,5,3,1,3,1,5,3,14,0,FALSE
Female,Loyal Customer,57,Personal Travel,Business,216,3,4,3,4,4,5,5,5,5,3,5,4,4,4.15,0,0,FALSE
Female,Loyal Customer,47,Business Travel,Business,3623,0,0,0,2,4,4,4,2,2,2,2,4,5,2.38,6,44,TRUE
Male,Loyal Customer,33,Business Travel,Business,3305,4,4,4,4,5,5,5,5,5,2,5,5,5,4.46,23,13,TRUE
Male,Loyal Customer,59,Personal Travel,Eco,834,2,4,2,1,4,2,4,4,3,5,5,5,4,3.46,17,18,FALSE
Female,Loyal Customer,48,Business Travel,Eco,931,3,4,4,4,2,3,3,3,3,3,3,4,1,3.08,67,73,FALSE
Male,Loyal Customer,42,Business Travel,Business,1436,5,5,5,5,3,5,4,4,4,4,4,4,3,4.23,8,0,TRUE
Female,Disloyal Customer,11,Business Travel,Eco,645,3,2,4,3,1,4,1,1,1,2,3,4,1,2.31,22,28,FALSE
Male,Loyal Customer,55,Business Travel,Business,3219,4,4,4,4,5,5,5,4,4,4,4,5,5,4.38,0,0,TRUE
Female,Loyal Customer,44,Business Travel,Business,1371,1,1,1,1,5,5,5,3,3,4,4,5,5,3.31,146,145,TRUE
Female,Loyal Customer,35,Personal Travel,Eco,2640,2,1,2,3,5,2,5,5,4,3,2,3,5,3.23,0,0,FALSE
Female,Loyal Customer,62,Personal Travel,Eco,1235,1,5,1,2,5,4,4,4,4,1,3,4,3,3.15,0,0,FALSE
Female,Loyal Customer,32,Business Travel,Business,2075,3,3,3,3,4,4,4,4,5,4,4,4,4,3.77,0,0,TRUE
Female,Loyal Customer,21,Personal Travel,Eco,971,2,5,2,3,5,2,5,5,5,3,4,3,5,3.77,38,37,FALSE
Male,Loyal Customer,58,Business Travel,Eco,669,3,2,2,2,3,3,3,3,2,2,4,4,3,2.77,31,27,FALSE
Male,Loyal Customer,17,Business Travel,Business,3481,1,1,1,1,5,4,5,5,3,2,5,4,5,3.23,0,0,TRUE
Male,Loyal Customer,22,Business Travel,Business,2252,1,1,1,1,4,4,4,4,2,3,4,4,4,2.85,0,0,TRUE
Male,Loyal Customer,24,Personal Travel,Eco Plus,692,1,1,1,3,4,1,4,4,1,5,2,1,4,2.46,0,0,FALSE
Female,Loyal Customer,30,Business Travel,Business,3629,4,4,1,4,4,4,4,4,1,5,2,1,4,3.23,0,0,FALSE
Male,Loyal Customer,39,Personal Travel,Eco,1592,3,4,3,3,3,3,3,3,2,1,3,2,3,2.77,0,0,FALSE
Female,Loyal Customer,50,Personal Travel,Eco,2327,1,1,2,2,1,1,2,5,5,2,5,4,2,2.54,90,63,FALSE
Male,Loyal Customer,39,Business Travel,Business,2368,2,2,2,2,4,5,4,5,5,5,5,3,4,3.69,30,25,TRUE
Male,Loyal Customer,41,Business Travel,Business,3594,2,2,2,2,3,5,4,4,4,4,4,4,3,3.31,1,0,TRUE
Male,Disloyal Customer,22,Business Travel,Eco,551,4,0,4,2,3,4,3,3,5,3,2,2,3,2.92,0,0,FALSE
Female,Loyal Customer,45,Personal Travel,Eco,528,2,4,2,1,2,5,5,1,1,2,2,3,5,2.69,0,0,FALSE
Female,Disloyal Customer,22,Business Travel,Eco,1199,4,4,4,4,4,5,4,5,5,5,5,4,4,4.38,2,37,TRUE
Male,Loyal Customer,34,Business Travel,Business,2025,1,1,1,1,5,3,4,1,1,1,1,3,3,2,0,0,FALSE
Female,Loyal Customer,19,Business Travel,Eco Plus,1111,4,5,5,5,4,3,4,4,4,3,3,4,4,4,55,43,FALSE
Male,Loyal Customer,48,Business Travel,Eco,1055,4,3,3,3,4,4,4,4,3,2,3,2,4,3.31,0,7,FALSE
Female,Loyal Customer,47,Business Travel,Business,3421,0,0,0,2,4,5,5,3,3,4,4,5,4,3,0,0,TRUE
Male,Loyal Customer,13,Personal Travel,Eco,2300,3,3,3,4,3,5,3,3,2,3,3,3,3,3.15,0,28,FALSE
Male,Loyal Customer,37,Business Travel,Business,695,2,4,4,4,4,3,3,2,2,2,2,4,4,3.08,0,0,FALSE
Female,Loyal Customer,49,Business Travel,Business,347,1,1,1,1,5,4,4,4,4,4,4,4,3,3.08,1,0,TRUE
Male,Disloyal Customer,65,Business Travel,Eco,295,1,1,1,3,1,1,4,1,2,3,3,3,1,1.92,7,0,FALSE
Male,Loyal Customer,65,Personal Travel,Eco,534,4,5,4,3,1,4,1,1,3,5,4,4,1,3.08,0,24,FALSE
Male,Loyal Customer,56,Business Travel,Business,1896,3,3,3,3,2,4,4,4,4,5,4,3,5,3.62,2,2,TRUE
Male,Loyal Customer,27,Business Travel,Business,2466,1,1,1,1,5,5,5,5,3,3,5,2,5,3.23,0,0,TRUE
Female,Loyal Customer,44,Business Travel,Eco,946,1,3,1,3,4,4,3,1,1,1,1,3,2,2.15,0,0,FALSE
Female,Loyal Customer,10,Personal Travel,Eco,794,3,1,3,3,2,3,2,2,3,2,2,1,2,2.23,0,0,FALSE
Female,Loyal Customer,58,Business Travel,Business,3133,5,5,5,5,4,5,5,4,4,4,4,4,4,4.46,0,0,TRUE
Female,Loyal Customer,21,Personal Travel,Eco,190,3,4,0,1,3,0,3,3,5,5,4,3,3,2.85,0,0,FALSE
Female,Loyal Customer,8,Personal Travel,Eco,693,3,5,3,3,3,3,3,3,5,3,4,5,3,3.54,28,44,FALSE
Male,Loyal Customer,53,Business Travel,Business,3859,1,1,5,1,5,5,2,4,4,4,4,3,5,3.38,0,0,TRUE
Male,Loyal Customer,26,Business Travel,Business,3033,4,4,4,4,4,4,4,4,4,2,4,3,4,3.77,2,0,TRUE
Female,Loyal Customer,59,Personal Travel,Eco,502,1,3,1,3,4,3,2,2,2,1,2,4,4,2.46,0,0,FALSE
Male,Loyal Customer,48,Business Travel,Business,2521,4,5,5,5,3,4,4,1,3,4,3,4,4,3.77,0,0,FALSE
Male,Loyal Customer,59,Personal Travel,Eco,406,1,4,4,3,3,4,3,3,5,5,4,3,3,3.46,0,0,FALSE
Female,Loyal Customer,45,Business Travel,Eco Plus,283,4,3,3,3,4,4,3,3,3,4,3,4,4,3.46,50,69,FALSE
Male,Loyal Customer,7,Personal Travel,Eco,1598,3,2,3,4,3,3,3,3,1,3,3,1,3,2.69,0,0,FALSE
Male,Loyal Customer,48,Business Travel,Business,1501,5,1,1,1,4,4,3,5,5,4,5,2,1,3.15,0,9,FALSE
Male,Loyal Customer,53,Personal Travel,Eco,1660,1,4,1,4,5,1,5,5,4,3,5,4,5,3.62,18,0,FALSE
Female,Loyal Customer,42,Personal Travel,Eco,459,3,4,3,4,3,3,3,3,4,2,2,3,3,3.08,145,140,FALSE
Male,Loyal Customer,34,Business Travel,Business,175,3,3,3,3,1,5,5,3,3,4,4,4,1,3.23,0,2,TRUE
Male,Loyal Customer,44,Business Travel,Business,1590,3,3,3,3,2,5,4,4,4,4,4,3,3,3.46,0,0,TRUE
Male,Disloyal Customer,37,Business Travel,Eco,238,3,3,3,3,3,3,3,2,2,3,3,3,3,2.85,152,163,FALSE
Male,Loyal Customer,46,Business Travel,Business,135,2,2,5,2,3,4,5,5,5,5,4,4,4,3.85,0,0,TRUE
Female,Disloyal Customer,24,Business Travel,Eco,651,3,2,3,3,3,3,3,3,1,5,4,1,3,2.85,0,0,FALSE
Male,Loyal Customer,39,Business Travel,Business,102,4,5,4,4,2,3,3,2,2,1,4,1,2,2.85,0,0,FALSE
Male,Loyal Customer,46,Personal Travel,Eco Plus,1190,5,4,5,4,2,5,2,2,4,5,5,4,2,3.77,0,0,TRUE
Male,Loyal Customer,35,Business Travel,Business,2976,3,3,3,3,4,4,4,3,3,4,3,5,5,3.62,0,0,TRUE
Male,Disloyal Customer,58,Business Travel,Business,297,5,5,5,3,2,5,2,2,5,2,4,4,2,3.54,1,0,TRUE
Female,Loyal Customer,10,Personal Travel,Eco,508,2,5,2,1,4,2,4,4,5,2,5,4,4,3.38,0,0,FALSE
Female,Loyal Customer,54,Personal Travel,Eco,621,2,3,2,1,4,2,5,2,2,2,4,5,5,3,0,0,FALSE
Female,Loyal Customer,28,Personal Travel,Eco,526,2,4,2,4,2,2,2,2,4,4,4,2,2,2.77,0,0,FALSE
Male,Loyal Customer,60,Personal Travel,Eco,524,2,4,2,3,5,2,5,5,3,4,5,5,5,3.85,25,21,FALSE
Female,Loyal Customer,46,Business Travel,Business,486,1,1,1,1,5,4,4,4,4,4,4,3,4,3.08,7,14,TRUE
Female,Disloyal Customer,45,Business Travel,Eco,986,1,1,1,3,5,1,3,5,5,5,5,4,5,3.38,0,0,FALSE
Male,Loyal Customer,36,Business Travel,Eco Plus,479,3,3,3,3,3,3,3,3,2,5,4,2,3,3.08,56,46,FALSE
Female,Loyal Customer,50,Business Travel,Business,3354,4,4,3,4,4,5,4,5,5,5,5,4,3,4.23,31,29,TRUE
Male,Loyal Customer,59,Personal Travel,Eco,666,2,5,2,3,2,2,2,2,4,5,3,5,2,3,0,4,FALSE
Male,Loyal Customer,32,Personal Travel,Eco,945,5,2,5,3,1,5,4,1,2,2,4,3,1,2.92,1,0,TRUE
Female,Loyal Customer,41,Business Travel,Business,109,5,5,4,5,2,4,5,4,4,4,4,5,3,4.15,0,3,TRUE
Female,Loyal Customer,33,Business Travel,Business,452,1,1,4,1,5,5,4,4,4,4,4,5,4,3.54,0,0,TRUE
Male,Loyal Customer,42,Business Travel,Business,2139,2,3,3,3,2,2,3,2,2,2,2,3,3,2.46,30,22,FALSE
Female,Loyal Customer,28,Business Travel,Business,2133,3,3,3,3,4,4,4,4,3,3,5,5,4,3.69,69,60,TRUE
Female,Loyal Customer,66,Personal Travel,Eco,110,3,3,3,4,4,4,4,5,5,3,5,4,3,3.85,7,5,FALSE
Female,Loyal Customer,28,Business Travel,Business,3904,2,2,2,2,4,4,4,5,2,3,5,4,4,3.31,14,0,TRUE
Male,Disloyal Customer,33,Business Travel,Eco,2504,2,2,2,4,5,2,5,5,2,3,4,3,5,3.38,0,0,FALSE
Male,Loyal Customer,33,Business Travel,Business,3179,3,3,3,3,4,4,4,4,4,4,5,5,4,3.85,0,0,TRUE
Male,Disloyal Customer,52,Business Travel,Business,606,2,2,2,3,1,2,1,1,3,2,4,3,1,2.08,0,0,TRUE
Female,Loyal Customer,49,Personal Travel,Eco,337,4,5,4,3,5,4,4,5,5,4,5,5,4,4.38,0,0,FALSE
Male,Loyal Customer,57,Personal Travel,Eco Plus,1111,3,5,3,3,2,3,4,2,4,2,4,5,2,3.23,1,0,FALSE
Male,Loyal Customer,56,Personal Travel,Eco,1294,2,5,2,3,1,2,1,1,3,2,5,5,1,2.54,7,0,FALSE
Female,Loyal Customer,51,Business Travel,Business,3107,3,3,3,3,4,4,5,5,5,5,5,4,3,4,0,0,TRUE
Female,Loyal Customer,67,Business Travel,Business,377,4,3,3,3,4,3,4,4,4,3,4,4,2,3.46,0,0,FALSE
Female,Loyal Customer,27,Business Travel,Business,925,2,2,2,2,2,3,2,2,1,3,4,1,2,2.15,0,4,FALSE
Male,Loyal Customer,24,Business Travel,Business,3711,3,3,3,3,5,5,5,4,5,4,4,5,5,4.15,0,0,TRUE
Female,Loyal Customer,21,Personal Travel,Eco,1047,3,1,3,3,1,3,1,1,4,1,4,1,1,2.08,0,0,FALSE
Female,Loyal Customer,60,Personal Travel,Eco,2248,3,4,3,4,3,3,3,5,5,3,3,4,3,3.54,0,0,FALSE
Male,Disloyal Customer,48,Business Travel,Business,285,3,3,3,3,1,3,1,1,3,5,4,4,1,2.69,0,0,FALSE
Female,Loyal Customer,34,Business Travel,Eco,216,4,2,5,2,4,4,4,4,1,1,3,4,4,3.23,14,16,TRUE
Male,Loyal Customer,70,Personal Travel,Eco,933,1,4,2,3,3,2,3,3,3,3,5,5,3,3.08,11,5,FALSE
Male,Disloyal Customer,37,Business Travel,Eco,373,2,4,2,3,5,2,4,5,3,3,4,1,5,3.31,0,0,FALSE
Female,Loyal Customer,33,Personal Travel,Eco Plus,1562,1,5,1,4,1,1,1,1,5,5,5,3,1,2.62,58,48,FALSE
Female,Loyal Customer,27,Business Travel,Business,1514,5,5,5,5,4,4,4,4,3,3,5,4,4,4.23,13,12,TRUE
Male,Disloyal Customer,25,Business Travel,Business,964,5,0,5,4,3,5,3,3,5,2,5,5,3,3.69,0,0,TRUE
Female,Loyal Customer,54,Personal Travel,Eco,2994,4,4,4,3,4,2,2,3,5,4,4,2,2,3.31,0,0,TRUE
Male,Disloyal Customer,38,Business Travel,Eco,528,2,4,3,4,3,3,1,3,4,5,3,3,3,3.15,0,1,FALSE
Female,Loyal Customer,37,Business Travel,Eco,562,2,4,4,4,2,2,2,2,4,4,4,1,2,2.85,27,30,FALSE
Female,Loyal Customer,49,Business Travel,Business,2943,1,1,1,1,4,5,5,4,4,5,4,5,4,3.38,7,1,TRUE
Female,Disloyal Customer,25,Business Travel,Eco Plus,337,2,4,2,3,2,5,5,1,5,4,3,5,5,3.54,146,140,FALSE
Male,Loyal Customer,12,Personal Travel,Eco,147,4,3,4,3,3,4,3,3,2,5,2,2,3,3.15,0,1,TRUE
Female,Loyal Customer,53,Business Travel,Business,612,2,2,2,2,4,4,5,4,4,4,4,5,5,3.62,0,0,TRUE
Male,Loyal Customer,30,Business Travel,Business,3236,5,4,5,4,5,4,5,5,3,5,3,4,5,4.38,23,17,FALSE
Female,Disloyal Customer,26,Business Travel,Eco,110,1,0,1,5,5,1,5,5,1,5,3,4,5,3.15,0,,FALSE
Male,Loyal Customer,33,Personal Travel,Eco Plus,2586,2,5,2,5,2,5,5,5,4,4,5,5,5,4.15,0,24,FALSE
Male,Loyal Customer,42,Business Travel,Business,545,1,1,1,1,4,4,5,5,5,4,5,4,5,3.46,0,0,TRUE
Male,Loyal Customer,40,Business Travel,Business,1927,2,3,2,2,3,4,4,4,4,4,4,3,3,3.23,0,0,TRUE
Female,Loyal Customer,19,Personal Travel,Eco,990,2,5,2,2,3,2,3,3,3,2,5,3,3,2.92,0,0,FALSE
Female,Loyal Customer,45,Business Travel,Business,2624,2,2,2,2,2,3,2,5,5,5,4,4,3,3.15,0,0,TRUE
Male,Loyal Customer,37,Business Travel,Eco,189,1,5,5,5,1,2,1,1,4,5,4,3,1,2.92,7,17,FALSE
Female,Loyal Customer,26,Business Travel,Business,1533,1,2,2,2,1,2,1,1,2,3,4,2,1,1.85,0,22,FALSE
Female,Loyal Customer,48,Business Travel,Eco,679,3,2,2,2,4,2,4,3,3,3,3,2,3,2.77,0,0,TRUE
Female,Loyal Customer,11,Personal Travel,Eco,529,4,4,4,5,5,4,5,5,3,2,4,3,5,4.08,0,0,FALSE
Female,Loyal Customer,45,Business Travel,Business,3845,2,2,2,2,4,5,5,5,5,5,5,5,4,3.92,0,0,TRUE
Female,Loyal Customer,35,Business Travel,Business,2717,4,4,4,4,3,2,3,4,4,4,4,1,1,3.23,0,2,FALSE
Male,Disloyal Customer,22,Business Travel,Eco,588,0,0,0,1,4,0,2,4,4,1,2,4,4,2,0,0,TRUE
Male,Loyal Customer,48,Personal Travel,Eco,268,4,3,4,3,4,4,4,4,1,5,4,2,4,3.54,15,0,FALSE
Female,Loyal Customer,57,Business Travel,Business,1205,2,2,2,2,2,5,4,5,5,5,5,4,5,3.69,0,0,TRUE
Male,Loyal Customer,14,Business Travel,Eco,488,0,3,0,2,5,0,5,5,4,3,2,5,5,3,18,16,TRUE
Male,Loyal Customer,31,Business Travel,Business,2364,5,5,5,5,4,4,4,4,3,2,5,4,4,4.15,0,0,TRUE
Female,Loyal Customer,54,Personal Travel,Eco,2342,1,2,1,2,1,1,1,5,5,1,5,4,4,2.54,0,0,FALSE
Male,Disloyal Customer,25,Business Travel,Eco,581,1,2,1,2,5,1,5,5,4,1,3,4,5,3,0,2,FALSE
Female,Loyal Customer,37,Business Travel,Eco,373,4,3,3,3,4,4,4,4,1,5,4,1,4,3.38,1,0,TRUE
Female,Loyal Customer,12,Personal Travel,Business,460,3,5,3,1,2,3,5,2,3,2,4,4,2,3,9,1,FALSE
Male,Loyal Customer,55,Business Travel,Business,3086,3,4,3,3,4,4,5,4,4,4,4,3,3,3.69,0,0,TRUE
Male,Loyal Customer,30,Business Travel,Business,522,5,5,5,5,4,4,4,4,4,2,3,4,4,4.08,0,0,TRUE
Female,Loyal Customer,67,Personal Travel,Eco,369,2,3,2,1,5,3,3,4,4,2,4,1,4,2.92,0,0,FALSE
Female,Loyal Customer,67,Personal Travel,Business,945,3,1,3,4,4,4,4,2,2,3,2,3,1,2.77,13,18,FALSE
Female,Loyal Customer,46,Business Travel,Business,442,3,1,1,1,3,1,2,3,3,3,3,2,3,2.23,1,0,FALSE
Male,Loyal Customer,28,Personal Travel,Eco,1121,3,4,3,5,4,3,4,4,3,2,4,5,4,3.69,1,6,FALSE
Male,Loyal Customer,50,Business Travel,Eco,991,4,3,3,3,4,4,4,4,5,1,2,4,4,3.46,0,33,TRUE
Male,Loyal Customer,45,Business Travel,Business,2803,5,5,5,5,3,5,4,4,4,4,4,5,5,4.46,13,6,TRUE
Female,Loyal Customer,52,Personal Travel,Eco Plus,2425,1,4,1,1,2,4,5,1,1,1,1,5,5,2.46,0,0,FALSE
Male,Loyal Customer,39,Business Travel,Business,2425,4,4,4,4,4,4,4,4,4,5,4,5,3,4.08,10,1,TRUE
Male,Loyal Customer,49,Business Travel,Eco,163,5,4,4,4,5,5,5,5,5,1,2,4,5,4.15,0,5,TRUE
Male,Loyal Customer,47,Business Travel,Business,862,4,4,4,4,5,4,5,5,5,5,5,4,4,4.46,3,0,TRUE
Female,Loyal Customer,41,Business Travel,Business,1808,2,2,2,2,5,5,4,3,3,4,3,4,5,3.38,0,0,TRUE
Male,Loyal Customer,43,Personal Travel,Eco,231,2,4,2,4,4,2,4,4,1,4,4,3,4,3.23,96,102,FALSE
Female,Loyal Customer,40,Business Travel,Eco Plus,357,5,3,3,3,5,5,5,5,3,5,4,3,5,4.15,0,0,TRUE
Female,Loyal Customer,55,Business Travel,Business,3989,2,2,4,2,5,4,5,5,5,5,5,3,4,3.92,0,0,TRUE
Male,Loyal Customer,67,Personal Travel,Eco,280,3,3,3,4,3,3,3,3,2,4,4,2,3,3.08,45,38,FALSE
Male,Loyal Customer,62,Personal Travel,Eco,1258,0,4,0,5,4,0,4,4,3,4,5,5,4,3.23,0,0,TRUE
Female,Loyal Customer,45,Business Travel,Business,1902,1,1,1,1,4,4,4,4,4,4,4,5,4,3.15,0,0,TRUE
Male,Loyal Customer,29,Personal Travel,Eco,519,1,4,2,2,4,2,4,4,5,4,5,4,4,3.46,0,0,FALSE
Female,Loyal Customer,30,Business Travel,Business,2583,3,4,4,4,3,3,3,3,2,2,3,2,3,3,0,0,FALSE
Male,Loyal Customer,43,Business Travel,Business,3721,1,1,1,1,4,4,1,5,5,5,5,4,1,2.92,5,0,TRUE
Male,Loyal Customer,58,Business Travel,Business,347,2,2,2,2,3,5,4,5,5,5,5,4,3,3.62,0,0,TRUE
Female,Loyal Customer,44,Personal Travel,Eco,109,1,1,1,3,3,3,4,4,4,1,4,3,1,2.54,20,23,FALSE
Male,Loyal Customer,70,Personal Travel,Eco,549,4,0,4,2,4,4,4,4,3,4,5,5,4,3.62,0,1,FALSE
Male,Loyal Customer,46,Business Travel,Business,469,5,5,5,5,3,4,5,5,5,5,5,4,3,4.54,0,0,TRUE
Male,Loyal Customer,31,Business Travel,Business,762,2,2,2,2,4,4,4,4,5,4,4,3,4,3.38,0,0,TRUE
Female,Loyal Customer,63,Personal Travel,Eco,522,4,4,2,2,1,1,5,5,5,2,5,1,1,2.92,0,0,FALSE
Male,Disloyal Customer,19,Business Travel,Eco,488,3,0,2,5,3,2,3,3,3,4,3,5,3,3,0,0,FALSE
Female,Loyal Customer,49,Personal Travel,Eco,370,3,4,3,1,3,1,4,5,5,3,5,2,5,3.38,0,0,FALSE
Female,Disloyal Customer,29,Business Travel,Eco,1013,5,4,4,1,3,4,3,3,3,5,1,1,3,3.08,0,0,TRUE
Male,Disloyal Customer,25,Business Travel,Eco,944,4,3,3,3,5,3,5,5,5,2,4,3,5,3.85,3,0,TRUE
Female,Loyal Customer,48,Business Travel,Business,2543,3,3,2,3,4,5,5,4,4,4,4,4,5,3.85,0,0,TRUE
Female,Disloyal Customer,30,Business Travel,Eco Plus,738,2,2,2,3,4,2,3,4,2,3,3,3,4,2.85,0,0,FALSE
Male,Loyal Customer,23,Personal Travel,Eco,773,2,5,2,3,5,2,5,5,4,5,5,3,5,3.92,2,0,FALSE
Female,Loyal Customer,55,Personal Travel,Eco,951,1,4,1,3,5,4,3,4,4,1,4,2,1,2.85,0,0,FALSE
Female,Loyal Customer,58,Personal Travel,Eco,550,2,2,2,3,3,1,2,3,3,2,3,2,1,2.23,0,0,FALSE
Female,Loyal Customer,62,Personal Travel,Eco,302,2,5,2,3,2,4,4,5,5,2,5,4,4,3.62,59,54,FALSE
Male,Loyal Customer,51,Business Travel,Business,2370,5,5,2,5,2,4,5,5,5,5,5,3,5,4.31,16,17,TRUE
Female,Loyal Customer,68,Personal Travel,Eco,1892,5,2,5,3,4,4,4,2,2,5,2,1,1,3.08,0,0,TRUE
Female,Disloyal Customer,33,Business Travel,Eco,372,1,4,1,4,1,1,1,1,3,2,4,2,1,2,4,0,FALSE
Female,Loyal Customer,61,Personal Travel,Eco,516,1,3,1,1,3,3,2,3,3,1,3,4,1,2.23,10,13,FALSE
Male,Loyal Customer,31,Personal Travel,Eco,190,3,5,3,1,5,3,5,5,3,2,5,4,5,3.77,0,0,FALSE
Female,Loyal Customer,54,Personal Travel,Eco,438,3,5,3,3,5,4,5,3,3,3,4,3,3,3.62,0,0,FALSE
Female,Loyal Customer,37,Business Travel,Eco,453,3,4,4,4,3,3,3,3,4,2,3,2,3,3.15,15,3,FALSE
Male,Loyal Customer,24,Personal Travel,Eco,530,3,4,3,3,1,3,1,1,5,5,4,5,1,3,0,0,FALSE
Female,Disloyal Customer,23,Business Travel,Eco,216,1,2,0,3,4,0,3,4,2,3,3,2,4,2.38,11,13,FALSE
Female,Loyal Customer,24,Personal Travel,Eco,1504,3,4,3,4,5,3,5,5,2,4,4,2,5,3.77,0,0,FALSE
Female,Loyal Customer,55,Business Travel,Business,2829,1,1,1,1,2,5,4,5,5,5,5,4,5,3.38,0,0,TRUE
Female,Loyal Customer,47,Business Travel,Eco,421,5,5,5,5,2,2,3,5,5,5,5,2,5,4.15,0,0,TRUE
Male,Loyal Customer,17,Business Travel,Business,1056,5,5,5,5,4,4,4,4,3,3,5,3,4,4.15,6,0,TRUE
Male,Loyal Customer,35,Business Travel,Eco,127,4,4,4,4,4,5,4,4,5,4,4,5,4,4.23,0,0,TRUE
Male,Loyal Customer,36,Business Travel,Eco,589,4,2,2,2,4,4,4,4,5,4,4,4,4,3.62,0,0,TRUE
Female,Loyal Customer,51,Business Travel,Business,248,5,5,5,5,2,5,4,4,4,4,4,4,3,4.15,1,1,TRUE
Male,Loyal Customer,43,Business Travel,Business,3733,5,5,5,5,3,4,4,5,5,5,5,4,5,4.62,0,0,TRUE
Female,Disloyal Customer,36,Business Travel,Eco,177,2,4,2,5,5,2,5,5,1,1,3,4,5,3.38,0,0,FALSE
Female,Loyal Customer,52,Personal Travel,Business,371,1,5,1,2,5,1,5,1,1,1,1,1,4,2.23,13,9,FALSE
Female,Loyal Customer,48,Business Travel,Business,325,5,1,1,1,4,2,2,5,5,4,5,2,3,3.08,2,6,FALSE
Male,Disloyal Customer,25,Business Travel,Eco,374,5,4,5,5,4,5,4,4,3,2,5,3,4,4.08,0,1,TRUE
Female,Loyal Customer,57,Personal Travel,Eco Plus,337,1,5,1,3,5,3,2,2,2,1,2,3,2,2.46,0,0,FALSE
Female,Loyal Customer,52,Business Travel,Business,859,1,1,4,1,5,4,5,2,2,2,2,3,4,2.77,0,2,TRUE
Female,Disloyal Customer,64,Business Travel,Eco,239,3,3,3,3,2,3,2,2,3,3,3,4,2,2.77,1,0,FALSE
Male,Disloyal Customer,27,Business Travel,Business,2133,1,1,1,4,3,1,3,3,4,3,3,5,3,2.69,0,0,FALSE
Female,Disloyal Customer,39,Business Travel,Business,270,2,1,1,1,3,1,3,3,3,5,5,3,3,2.62,0,0,FALSE
Female,Loyal Customer,36,Business Travel,Eco,210,3,2,2,2,3,3,3,3,2,1,3,2,3,2.46,32,33,FALSE
Female,Loyal Customer,49,Business Travel,Business,2133,2,2,2,2,5,4,4,5,5,5,5,4,5,3.85,20,2,TRUE
Male,Loyal Customer,62,Business Travel,Eco,835,2,5,5,5,2,2,2,2,3,3,1,3,2,2.85,0,0,FALSE
Male,Loyal Customer,39,Business Travel,Business,3622,2,5,1,5,5,4,4,2,2,2,2,1,3,2.92,0,0,FALSE
Female,Loyal Customer,14,Personal Travel,Eco,2475,4,2,4,3,4,5,5,1,1,2,2,5,5,3.31,3,21,FALSE
Male,Loyal Customer,50,Business Travel,Business,1416,4,4,4,4,5,4,4,3,3,3,3,5,3,3.77,5,28,TRUE
Female,Loyal Customer,63,Business Travel,Business,3145,1,1,1,1,1,5,4,4,4,4,4,3,3,2.77,0,1,TRUE
Female,Disloyal Customer,34,Business Travel,Eco,328,4,0,4,1,3,4,3,3,3,1,3,4,3,2.77,0,0,FALSE
Male,Loyal Customer,40,Business Travel,Business,2681,2,1,5,1,3,3,4,2,2,2,2,1,3,2.38,0,0,FALSE
Male,Loyal Customer,52,Business Travel,Business,251,1,1,5,1,4,5,5,4,4,4,4,5,5,3.69,0,0,TRUE
Male,Loyal Customer,50,Business Travel,Business,3643,2,2,2,2,4,4,4,4,4,4,4,3,4,3.31,0,12,TRUE
Male,Loyal Customer,49,Business Travel,Business,1546,2,2,2,2,2,4,4,4,4,4,4,3,4,3.15,18,1,TRUE
Male,Loyal Customer,47,Personal Travel,Eco,912,0,4,0,4,1,0,1,1,3,5,5,4,1,2.23,15,33,TRUE
Female,Disloyal Customer,24,Business Travel,Eco,473,2,0,2,3,3,2,3,3,5,4,4,4,3,2.92,0,0,FALSE
Female,Loyal Customer,57,Business Travel,Business,2454,1,3,3,3,2,3,4,1,1,1,1,1,4,2.15,11,0,FALSE
Male,Disloyal Customer,42,Business Travel,Business,231,2,2,2,3,3,2,4,3,3,3,3,1,3,2.62,31,41,FALSE
Female,Loyal Customer,33,Business Travel,Eco,326,2,4,4,4,2,2,2,2,2,2,3,2,2,2.54,65,55,FALSE
Female,Loyal Customer,38,Business Travel,Business,651,2,1,1,1,1,4,3,2,2,2,2,1,2,1.85,0,0,FALSE
Male,Loyal Customer,48,Business Travel,Business,118,3,3,3,3,1,4,1,5,5,5,4,2,4,3.31,0,2,TRUE
Female,Loyal Customer,63,Personal Travel,Eco,1999,1,4,1,2,5,4,4,2,2,1,2,5,5,2.92,66,49,FALSE
Female,Disloyal Customer,40,Business Travel,Business,130,3,3,3,2,2,3,2,2,3,4,4,3,2,2.77,0,0,FALSE
Female,Loyal Customer,48,Personal Travel,Eco Plus,1085,5,3,5,2,3,4,4,1,1,5,1,5,2,3.15,0,0,TRUE
Female,Loyal Customer,17,Personal Travel,Eco,748,4,4,4,2,5,4,5,5,5,2,4,4,5,4.08,0,0,FALSE
Female,Loyal Customer,54,Business Travel,Eco,868,1,3,3,3,1,3,4,1,1,1,1,4,4,2.31,28,42,FALSE
Female,Loyal Customer,49,Personal Travel,Eco,583,3,5,3,3,2,5,5,4,4,3,4,4,4,3.77,0,0,FALSE
Female,Loyal Customer,54,Personal Travel,Eco Plus,748,2,2,2,3,4,3,2,1,1,2,1,4,4,2.38,0,6,FALSE
Male,Loyal Customer,47,Business Travel,Business,3240,2,2,2,2,2,4,4,2,2,2,2,5,3,2.62,0,7,TRUE
Male,Loyal Customer,61,Personal Travel,Eco,1039,1,4,1,3,2,1,2,2,4,4,4,4,2,2.62,0,0,FALSE
Male,Loyal Customer,37,Business Travel,Eco Plus,370,4,3,1,3,4,4,4,4,2,2,2,5,4,3.23,0,0,TRUE
Female,Loyal Customer,62,Personal Travel,Eco Plus,349,2,4,2,4,1,3,4,2,2,2,2,1,4,2.54,0,0,FALSE
Male,Loyal Customer,45,Personal Travel,Eco,867,3,2,3,4,3,3,3,3,3,5,3,2,3,3.08,40,41,FALSE
Female,Loyal Customer,51,Business Travel,Business,1624,4,4,1,4,2,3,4,5,5,4,5,3,3,3.62,3,0,TRUE
Male,Loyal Customer,21,Business Travel,Business,1047,3,3,3,3,4,5,4,4,4,2,4,3,4,3.54,2,6,TRUE
Male,Loyal Customer,45,Business Travel,Business,602,2,3,2,2,2,3,2,2,2,2,2,2,2,2.15,1,0,FALSE
Male,Loyal Customer,36,Business Travel,Business,3517,1,2,1,2,1,4,3,1,1,1,1,1,2,1.62,0,0,FALSE
Female,Loyal Customer,34,Personal Travel,Eco Plus,529,2,4,2,2,2,3,3,3,5,4,5,3,3,3.15,108,137,FALSE
Female,Loyal Customer,40,Personal Travel,Eco,221,3,0,3,5,1,3,1,1,5,3,4,3,1,2.54,14,15,FALSE
Male,Loyal Customer,43,Business Travel,Business,3061,4,4,4,4,5,5,4,3,3,2,3,5,4,3.85,0,0,TRUE
Male,Loyal Customer,20,Business Travel,Business,1452,3,5,5,5,3,3,3,3,3,4,2,3,3,3.46,12,26,FALSE
Male,Loyal Customer,45,Business Travel,Business,3750,5,3,5,5,3,5,5,4,4,4,4,4,3,4.15,0,0,TRUE
Female,Loyal Customer,56,Business Travel,Business,1237,3,3,5,3,5,4,4,4,4,4,4,5,4,4,19,17,TRUE
Male,Loyal Customer,49,Business Travel,Business,1707,5,5,5,5,2,3,4,4,4,4,4,2,5,4,5,0,TRUE
Male,Loyal Customer,62,Personal Travel,Eco,444,2,4,2,3,1,2,1,1,3,3,5,5,1,2.54,0,1,FALSE
Male,Loyal Customer,33,Business Travel,Business,3596,1,1,1,1,3,3,3,3,5,3,5,4,3,2.77,0,0,TRUE
Male,Disloyal Customer,24,Business Travel,Eco,944,1,1,1,4,4,1,4,4,1,3,4,3,4,2.69,0,0,FALSE
Male,Loyal Customer,39,Business Travel,Business,1759,3,3,3,3,1,3,2,5,5,5,3,4,3,3.31,0,0,TRUE
Male,Loyal Customer,67,Personal Travel,Eco,1168,1,5,0,1,5,0,5,5,3,5,4,4,5,3.31,64,60,FALSE
Male,Loyal Customer,46,Business Travel,Business,1107,4,4,4,4,4,5,4,5,5,5,5,5,5,4.54,0,0,TRUE
Female,Loyal Customer,21,Business Travel,Business,1045,1,1,1,1,4,4,4,4,4,3,5,3,4,3,0,0,TRUE
Female,Loyal Customer,56,Business Travel,Eco,331,4,3,2,2,4,1,1,4,4,4,4,3,5,3.15,38,27,TRUE
Male,Loyal Customer,36,Business Travel,Business,192,5,5,5,5,4,1,3,5,5,5,3,2,5,4.08,0,0,TRUE
Female,Loyal Customer,70,Personal Travel,Eco,327,1,0,1,2,5,5,5,3,3,1,3,4,4,2.85,21,12,FALSE
Male,Loyal Customer,62,Business Travel,Eco,251,1,2,4,2,1,1,1,1,1,4,3,3,1,1.92,0,0,FALSE
Male,Loyal Customer,50,Business Travel,Business,1017,3,3,3,3,2,4,4,3,3,3,3,3,5,3.23,0,0,TRUE
Male,Loyal Customer,64,Business Travel,Eco,86,3,4,4,4,4,3,4,4,4,5,5,2,4,3.85,0,0,TRUE
Female,Loyal Customer,40,Personal Travel,Eco,1197,4,2,4,3,4,4,4,4,1,1,2,3,4,3.08,0,1,FALSE
Female,Loyal Customer,69,Personal Travel,Eco,1171,1,3,1,2,1,4,1,1,1,1,1,3,1,1.62,42,34,FALSE
Male,Loyal Customer,30,Business Travel,Eco,972,3,5,5,5,3,4,3,3,4,1,3,4,3,3.54,0,0,TRUE
Male,Loyal Customer,29,Personal Travel,Business,399,2,4,2,5,2,2,2,2,4,5,4,3,2,3,39,48,FALSE
Female,Loyal Customer,58,Personal Travel,Eco,190,3,5,3,4,5,4,4,4,4,3,5,5,3,4,0,1,FALSE
Male,Loyal Customer,64,Personal Travel,Eco,1747,5,4,5,1,1,5,1,1,5,2,5,5,1,3.15,0,0,TRUE
Male,Loyal Customer,43,Personal Travel,Eco,950,1,3,1,4,4,1,4,4,5,2,4,5,4,3.23,0,0,FALSE
Female,Loyal Customer,64,Personal Travel,Eco,680,5,5,5,1,4,4,4,1,1,5,1,4,5,3.46,44,48,TRUE
Male,Disloyal Customer,39,Personal Travel,Eco,192,1,5,1,3,2,1,3,2,3,4,4,4,2,2.69,0,0,FALSE
Female,Loyal Customer,51,Business Travel,Eco,1448,4,2,2,2,1,5,3,4,4,4,4,3,3,3.15,0,0,TRUE
Male,Loyal Customer,50,Business Travel,Business,998,5,5,5,5,5,5,5,4,4,4,4,5,4,4.62,9,5,TRUE
Female,Loyal Customer,33,Personal Travel,Eco Plus,781,3,3,3,4,3,3,3,3,5,1,1,1,3,2.77,0,0,FALSE
Female,Loyal Customer,61,Business Travel,Business,1747,2,2,4,2,3,4,5,2,2,2,2,4,4,2.92,0,0,TRUE
Male,Loyal Customer,69,Business Travel,Business,395,2,2,2,2,2,3,2,2,2,2,2,4,3,2.31,0,2,TRUE
Female,Loyal Customer,68,Personal Travel,Eco,651,3,0,3,1,2,5,5,4,4,3,4,5,3,3.23,21,3,FALSE
Female,Disloyal Customer,26,Business Travel,Eco,590,3,1,4,3,2,4,1,2,1,4,3,1,2,2.38,115,116,FALSE
Female,Loyal Customer,42,Personal Travel,Eco,859,2,4,2,4,3,4,5,2,2,2,2,4,3,3,0,2,FALSE
Male,Loyal Customer,36,Business Travel,Eco,399,3,3,3,3,3,3,3,3,2,5,3,4,3,3.15,55,83,FALSE
Female,Loyal Customer,45,Business Travel,Business,371,4,4,4,4,2,4,5,5,5,5,5,4,5,4.31,10,7,TRUE
Female,Loyal Customer,45,Business Travel,Business,3398,4,4,4,4,4,4,4,5,5,5,5,3,5,4.31,1,0,TRUE
Male,Loyal Customer,51,Personal Travel,Eco,605,0,4,0,2,4,4,4,4,4,2,5,5,4,3.23,0,0,TRUE
Male,Loyal Customer,30,Business Travel,Eco Plus,838,4,5,5,5,4,4,4,4,2,2,4,2,4,3.77,0,0,TRUE
Female,Loyal Customer,57,Business Travel,Business,2402,5,5,2,5,2,4,4,4,4,4,4,4,5,4,7,0,TRUE
Female,Loyal Customer,20,Personal Travel,Eco Plus,862,2,1,2,2,1,2,1,1,2,1,1,1,1,1.38,2,0,FALSE
Female,Disloyal Customer,44,Business Travel,Business,271,3,3,3,3,5,3,5,5,4,5,4,5,5,4.08,0,0,TRUE
Female,Loyal Customer,30,Business Travel,Business,602,3,3,3,3,5,5,5,5,3,3,4,4,5,3.92,0,0,TRUE
Female,Loyal Customer,45,Business Travel,Eco,1121,2,3,3,3,2,2,2,2,2,2,2,3,3,2.38,0,0,FALSE
Male,Loyal Customer,35,Personal Travel,Eco,140,4,1,0,3,2,0,2,2,1,4,4,2,2,2.08,0,0,FALSE
Female,Loyal Customer,52,Business Travel,Business,145,3,3,3,3,5,3,4,3,3,3,3,2,4,3.23,0,3,FALSE
Male,Loyal Customer,51,Business Travel,Eco,259,2,1,2,1,2,2,2,2,5,3,1,5,2,2.31,0,0,TRUE
Female,Loyal Customer,67,Personal Travel,Eco,235,3,5,3,5,4,5,5,1,1,3,1,5,5,3.54,0,0,FALSE
Male,Loyal Customer,46,Business Travel,Eco,266,4,2,2,2,3,4,3,3,1,4,3,2,3,2.77,0,0,FALSE
Female,Loyal Customer,26,Business Travel,Eco Plus,667,5,1,1,1,5,5,3,5,4,2,4,3,5,3.38,5,0,TRUE
Female,Loyal Customer,29,Business Travel,Business,2589,3,3,3,3,5,5,5,5,4,2,5,5,5,4.08,0,0,TRUE
Male,Loyal Customer,60,Business Travel,Business,1598,2,2,2,2,2,5,4,4,4,4,4,3,3,3.15,0,0,TRUE
Female,Loyal Customer,46,Business Travel,Eco,594,3,5,5,5,2,1,2,3,3,3,3,4,3,3.23,5,0,TRUE
Male,Loyal Customer,67,Business Travel,Eco Plus,307,2,2,2,2,1,2,1,1,3,2,4,1,1,1.85,0,0,FALSE
Male,Loyal Customer,33,Personal Travel,Eco,328,4,2,4,3,3,4,3,3,3,2,3,1,3,2.92,0,0,FALSE
Male,Loyal Customer,46,Personal Travel,Eco,641,4,4,4,3,1,4,1,1,3,5,5,5,1,3.15,0,0,TRUE
Male,Loyal Customer,33,Business Travel,Business,1020,3,5,5,5,3,3,3,3,4,2,4,2,3,3.46,0,0,FALSE
Female,Disloyal Customer,26,Business Travel,Eco,1624,2,2,2,4,4,2,4,4,2,5,4,4,4,3.31,4,6,FALSE
Female,Disloyal Customer,40,Business Travel,Business,247,2,3,3,4,4,3,4,4,2,1,4,3,4,3.15,19,15,FALSE
Female,Loyal Customer,18,Personal Travel,Eco,349,4,4,5,4,5,5,5,5,2,5,4,3,5,4.31,0,0,FALSE
Male,Disloyal Customer,20,Business Travel,Eco,1096,2,2,2,1,5,2,5,5,3,3,4,4,5,3.31,1,0,FALSE
Female,Loyal Customer,61,Personal Travel,Eco,441,3,5,3,2,4,1,3,4,4,3,4,4,4,3.38,0,2,FALSE
Female,Loyal Customer,64,Personal Travel,Eco,651,1,1,1,4,4,4,4,1,1,1,1,4,1,2.15,0,0,FALSE
Female,Disloyal Customer,25,Business Travel,Business,983,3,0,3,2,4,3,4,4,3,4,4,5,4,3.31,0,0,FALSE
Male,Loyal Customer,56,Business Travel,Eco,547,4,3,4,4,4,4,4,4,4,3,3,4,4,3.77,67,53,TRUE
Female,Disloyal Customer,26,Business Travel,Business,1979,2,2,2,3,2,2,2,2,3,3,4,4,2,2.54,59,44,FALSE
Male,Loyal Customer,30,Business Travel,Business,125,1,5,5,5,3,3,1,3,3,2,3,4,3,3.15,0,0,FALSE
Female,Loyal Customer,33,Business Travel,Business,516,3,3,3,3,5,4,5,5,5,5,5,5,3,4.15,39,24,TRUE
Male,Loyal Customer,28,Business Travel,Business,2538,3,2,2,2,3,3,3,2,5,4,4,3,3,3,219,213,FALSE
Male,Loyal Customer,16,Personal Travel,Eco,510,4,4,4,2,3,4,3,3,3,3,5,5,3,3.54,55,40,FALSE
Female,Disloyal Customer,25,Business Travel,Eco Plus,728,2,2,2,3,1,2,1,1,3,4,4,2,1,2.15,0,0,FALSE
Female,Loyal Customer,41,Business Travel,Business,2677,1,1,1,1,5,3,5,5,5,5,5,4,4,3.46,0,0,TRUE
Female,Loyal Customer,60,Personal Travel,Eco Plus,640,3,1,3,2,1,2,2,2,2,3,2,3,2,2.15,2,0,FALSE
Female,Loyal Customer,47,Personal Travel,Eco,214,2,4,2,1,4,1,4,3,3,2,3,5,2,2.77,0,13,FALSE
Female,Loyal Customer,57,Business Travel,Business,1528,1,1,1,1,3,4,5,2,2,2,2,4,3,2.38,1,1,TRUE
Female,Loyal Customer,53,Business Travel,Business,951,4,4,3,4,5,5,4,4,4,5,4,3,3,4,0,0,TRUE
Female,Disloyal Customer,66,Business Travel,Eco,1371,1,1,1,3,4,1,4,4,2,5,4,4,4,2.92,4,0,FALSE
Male,Loyal Customer,43,Personal Travel,Eco,238,3,2,3,3,2,3,2,2,2,2,3,2,2,2.38,0,0,FALSE
Male,Loyal Customer,57,Business Travel,Business,2640,3,1,4,4,3,3,3,3,3,3,3,4,3,3.08,0,14,FALSE
Female,Loyal Customer,44,Business Travel,Business,1073,3,3,2,3,2,4,4,4,4,4,4,4,4,3.46,107,111,TRUE
Female,Loyal Customer,26,Business Travel,Business,2561,2,5,5,5,2,2,2,2,3,5,3,4,2,3.23,0,0,FALSE
Male,Loyal Customer,79,Business Travel,Eco Plus,484,3,2,3,2,3,3,3,3,1,3,4,4,3,2.85,0,0,FALSE
Female,Loyal Customer,31,Business Travel,Eco,429,0,0,0,3,2,3,2,2,3,4,4,1,2,2,5,0,TRUE
Female,Disloyal Customer,41,Business Travel,Business,1189,5,5,5,4,5,1,1,5,4,4,5,1,1,3.54,150,149,TRUE
Female,Loyal Customer,40,Business Travel,Business,547,3,3,3,3,4,4,4,4,4,4,4,5,4,3.77,0,0,TRUE
Male,Loyal Customer,50,Business Travel,Business,1262,4,4,4,4,2,5,5,5,5,4,5,5,4,4.31,25,52,TRUE
Female,Loyal Customer,50,Business Travel,Business,711,2,2,2,2,5,5,5,4,4,4,4,5,4,3.69,27,44,TRUE
Female,Loyal Customer,48,Business Travel,Business,1199,4,5,5,5,2,4,4,4,4,4,4,1,3,3.77,0,0,FALSE
Female,Loyal Customer,43,Business Travel,Business,222,3,3,3,3,1,3,1,5,5,5,5,1,5,3.31,0,0,TRUE
Female,Loyal Customer,35,Personal Travel,Eco Plus,1105,5,3,5,3,3,3,3,3,4,4,4,3,3,3.54,0,0,TRUE
Male,Loyal Customer,18,Personal Travel,Eco,1671,2,3,2,4,2,2,2,2,2,4,4,3,2,2.62,0,10,FALSE
Male,Loyal Customer,25,Business Travel,Business,3686,3,3,3,3,3,3,3,3,2,2,4,2,3,2.85,10,52,FALSE
Female,Loyal Customer,51,Business Travel,Business,547,4,4,4,4,2,4,5,4,4,4,4,3,5,3.92,0,0,TRUE
Male,Loyal Customer,29,Personal Travel,Eco,417,1,5,2,3,1,2,1,1,4,2,3,5,1,2.38,0,0,FALSE
Male,Loyal Customer,50,Business Travel,Business,102,4,4,4,4,2,5,4,4,4,4,5,4,5,4.08,23,24,TRUE
Male,Loyal Customer,60,Business Travel,Business,405,2,4,4,4,1,4,3,2,2,2,2,3,4,2.85,0,13,FALSE
Male,Loyal Customer,19,Personal Travel,Eco,425,2,0,2,2,5,2,5,5,5,5,5,4,5,3.62,2,13,FALSE
Male,Loyal Customer,21,Personal Travel,Eco,762,3,2,3,3,4,3,4,4,2,1,4,3,4,3.08,22,23,FALSE
Male,Disloyal Customer,26,Business Travel,Eco,760,2,2,2,3,1,2,1,1,3,4,4,4,1,2.31,15,0,FALSE
Male,Loyal Customer,53,Business Travel,Business,253,2,2,2,2,5,1,1,4,4,4,4,4,4,3,5,4,TRUE
Male,Disloyal Customer,18,Business Travel,Eco,1381,4,4,4,4,4,4,4,4,4,4,1,3,4,3.69,0,2,TRUE
Male,Disloyal Customer,41,Business Travel,Eco,101,3,5,3,3,3,3,3,3,4,2,4,5,3,3.38,0,0,FALSE
Male,Loyal Customer,57,Business Travel,Eco,421,5,4,4,4,5,5,5,5,2,2,1,1,5,3.69,0,0,TRUE
Female,Disloyal Customer,20,Business Travel,Eco,719,5,5,5,2,2,5,2,2,4,2,5,4,2,3.46,4,0,TRUE
Male,Loyal Customer,45,Personal Travel,Eco,187,2,5,0,4,5,0,5,5,3,2,4,3,5,3.31,0,0,FALSE
Female,Loyal Customer,57,Business Travel,Business,2314,1,1,1,1,3,4,4,5,5,5,5,4,5,3.38,0,0,TRUE
Male,Disloyal Customer,11,Business Travel,Eco,896,1,1,1,4,5,1,5,5,3,3,3,1,5,2.92,17,15,FALSE
Male,Loyal Customer,57,Business Travel,Business,2569,3,3,3,3,4,4,4,1,4,4,3,4,4,3.38,9,18,TRUE
Female,Loyal Customer,33,Personal Travel,Eco,1464,1,4,1,4,1,3,3,3,5,3,5,3,3,3,177,152,FALSE
Male,Loyal Customer,26,Business Travel,Business,3581,4,4,4,4,4,5,4,4,3,3,5,5,4,4.08,0,0,TRUE
Male,Loyal Customer,28,Business Travel,Business,3522,3,2,2,2,3,3,3,3,4,5,3,4,3,3.08,6,0,FALSE
Male,Loyal Customer,29,Personal Travel,Eco,746,3,5,3,3,5,3,5,5,1,4,2,2,5,3.54,0,0,FALSE
Male,Loyal Customer,33,Personal Travel,Eco,236,1,4,1,1,3,1,3,3,5,3,4,4,3,2.77,0,11,FALSE
Female,Loyal Customer,38,Personal Travel,Eco,762,2,5,2,2,3,2,3,3,4,3,4,5,3,3.15,0,0,FALSE
Female,Loyal Customer,41,Business Travel,Business,1180,2,2,2,2,1,3,1,5,5,5,5,1,4,2.92,0,0,TRUE
Male,Loyal Customer,68,Business Travel,Eco,351,4,2,2,2,4,4,4,4,1,1,3,2,4,2.85,0,0,TRUE
Male,Loyal Customer,51,Business Travel,Eco Plus,1201,2,2,2,2,2,2,2,2,1,2,2,5,2,2.15,0,0,TRUE
Male,Disloyal Customer,37,Business Travel,Eco,326,3,2,3,4,2,3,2,2,4,4,4,1,2,2.77,4,6,FALSE
Male,Disloyal Customer,26,Business Travel,Business,611,5,5,5,4,2,5,2,2,4,3,5,4,2,3.69,23,19,TRUE
Male,Loyal Customer,48,Business Travel,Eco,657,3,5,5,5,3,3,3,3,3,2,4,2,3,3.38,0,0,FALSE
Male,Loyal Customer,15,Business Travel,Eco Plus,1107,0,3,0,1,4,0,4,4,1,4,5,2,4,2.46,0,0,TRUE
Female,Loyal Customer,65,Personal Travel,Eco Plus,872,4,0,3,1,4,5,5,2,2,3,5,3,4,3.15,5,2,FALSE
Female,Loyal Customer,36,Business Travel,Business,321,0,0,0,3,5,4,4,5,5,5,5,4,3,3.31,0,0,TRUE
Male,Loyal Customer,48,Business Travel,Business,868,1,1,1,1,4,5,5,5,5,5,5,5,3,3.54,24,8,TRUE
Female,Disloyal Customer,25,Business Travel,Eco,637,3,4,3,4,4,3,4,4,1,5,5,1,4,3.46,1,0,FALSE
Male,Disloyal Customer,20,Business Travel,Eco,323,2,0,1,1,5,1,5,5,3,2,4,4,5,2.92,29,19,FALSE
Male,Loyal Customer,57,Personal Travel,Eco,226,2,4,2,4,3,2,5,3,5,5,5,5,3,3.69,0,0,FALSE
Female,Loyal Customer,64,Personal Travel,Eco,1546,3,5,3,2,3,5,4,4,4,3,1,3,3,3.31,0,0,FALSE
Female,Loyal Customer,35,Personal Travel,Eco,1411,2,3,2,3,3,2,5,3,2,1,3,1,3,2.54,43,29,FALSE
Male,Disloyal Customer,23,Business Travel,Eco,1075,5,5,5,3,5,5,5,3,2,4,5,5,5,4.38,0,0,TRUE
Female,Disloyal Customer,24,Business Travel,Eco,721,1,1,1,3,5,1,5,5,4,3,5,3,5,3.23,12,2,FALSE
Male,Loyal Customer,53,Personal Travel,Eco,268,3,0,3,4,5,3,5,5,4,2,4,3,5,3.54,90,89,FALSE
Male,Loyal Customer,30,Business Travel,Business,1085,2,1,1,1,2,2,2,2,1,1,4,1,2,1.69,0,0,FALSE
Female,Loyal Customer,34,Business Travel,Business,216,2,2,2,2,4,5,5,5,5,5,5,3,5,3.85,0,0,TRUE
Male,Loyal Customer,52,Business Travel,Business,1927,3,3,3,3,3,4,4,2,2,2,2,4,3,2.92,75,75,TRUE
Female,Loyal Customer,33,Business Travel,Business,270,2,3,3,3,3,3,4,2,2,1,2,3,4,2.69,49,38,FALSE
Male,Loyal Customer,37,Business Travel,Business,453,1,5,3,3,5,3,4,1,1,1,1,1,4,2.54,9,0,FALSE
Male,Loyal Customer,37,Business Travel,Eco,406,4,5,5,5,4,4,4,4,1,2,3,1,4,3.54,17,37,FALSE
Male,Disloyal Customer,39,Business Travel,Eco,101,3,0,3,3,3,3,3,3,5,5,2,5,3,3.15,10,9,FALSE
Male,Disloyal Customer,27,Business Travel,Eco,649,2,3,2,3,5,2,5,5,2,3,2,1,5,3.08,0,19,FALSE
Female,Loyal Customer,22,Business Travel,Business,1197,5,1,1,1,5,4,5,5,2,5,4,2,5,3.46,0,0,FALSE
Male,Loyal Customer,48,Personal Travel,Eco,250,4,4,4,3,1,4,1,1,4,2,5,5,1,3,0,23,FALSE
Male,Loyal Customer,26,Personal Travel,Eco,1256,4,4,4,2,5,4,5,5,5,2,5,3,5,4.08,2,0,TRUE
Female,Loyal Customer,42,Business Travel,Business,2683,1,1,5,1,2,2,5,4,4,5,4,2,2,2.92,0,0,TRUE
Male,Loyal Customer,38,Business Travel,Business,3883,5,5,5,5,4,1,4,5,5,5,5,3,3,4.23,0,0,TRUE
Female,Loyal Customer,60,Business Travel,Business,2586,4,4,4,4,5,4,4,4,4,4,4,3,4,4,0,0,TRUE
Female,Disloyal Customer,20,Business Travel,Eco,337,1,3,1,2,4,1,4,4,3,4,1,5,4,2.85,0,0,FALSE
Female,Loyal Customer,64,Personal Travel,Eco Plus,347,4,3,4,4,3,2,3,3,3,4,3,3,5,3.38,0,0,FALSE
Male,Loyal Customer,37,Personal Travel,Eco,762,5,5,5,5,5,5,5,5,5,3,4,3,5,4.62,0,0,TRUE
Female,Loyal Customer,22,Business Travel,Business,1562,1,3,3,3,1,1,1,1,3,4,3,2,1,2.08,4,2,FALSE
Male,Loyal Customer,26,Business Travel,Business,3819,1,1,1,1,4,4,4,4,1,1,4,3,4,2.54,0,0,TRUE
Female,Loyal Customer,51,Business Travel,Eco,451,3,2,2,2,4,3,2,3,3,3,3,1,3,2.62,8,1,FALSE
Female,Disloyal Customer,24,Business Travel,Business,1009,0,5,0,1,3,0,4,3,4,2,5,4,3,2.62,34,32,TRUE
Male,Loyal Customer,45,Business Travel,Business,1995,2,2,2,2,3,4,5,4,4,4,4,4,3,3.31,4,0,TRUE
Female,Loyal Customer,55,Business Travel,Business,1861,4,4,4,4,2,5,5,4,4,4,4,4,5,4.08,0,3,TRUE
Male,Loyal Customer,48,Personal Travel,Eco,1671,4,5,4,4,2,4,2,2,1,1,2,3,2,2.77,0,0,FALSE
Male,Loyal Customer,28,Business Travel,Business,1205,4,4,4,4,5,5,5,5,4,5,4,4,5,4.46,0,0,TRUE
Male,Loyal Customer,64,Personal Travel,Eco,594,3,4,3,2,4,3,4,4,5,2,5,3,4,3.54,0,0,FALSE
Female,Loyal Customer,60,Personal Travel,Eco,740,2,2,2,2,4,1,1,2,2,2,2,3,4,2.23,0,0,FALSE
Male,Disloyal Customer,36,Business Travel,Business,861,3,3,3,1,3,3,3,3,5,4,5,3,3,3.23,14,0,FALSE
Female,Loyal Customer,38,Business Travel,Business,1760,3,3,5,3,2,4,2,3,3,4,3,2,1,2.92,0,8,TRUE
Male,Loyal Customer,63,Personal Travel,Eco,2556,2,3,2,1,5,2,5,5,1,1,5,5,5,3.23,0,13,FALSE
Female,Disloyal Customer,34,Business Travel,Business,544,2,2,2,1,4,2,4,4,3,3,5,4,4,3.08,0,1,FALSE
Male,Disloyal Customer,35,Business Travel,Business,1481,2,2,2,3,3,2,3,3,4,3,5,5,3,3.08,0,0,FALSE
Female,Loyal Customer,47,Personal Travel,Eco,836,2,5,1,3,1,3,3,5,1,3,3,3,3,2.77,204,205,FALSE
Male,Loyal Customer,27,Business Travel,Business,1947,4,4,4,4,2,2,2,2,4,4,4,5,2,3.31,0,0,TRUE
Female,Disloyal Customer,36,Business Travel,Eco,634,4,4,3,3,5,3,5,5,4,2,3,1,5,3.62,108,120,FALSE
Female,Loyal Customer,18,Personal Travel,Eco Plus,695,5,1,5,4,4,5,3,4,2,2,3,1,4,3.31,0,0,TRUE
Female,Disloyal Customer,34,Business Travel,Eco,488,2,4,2,4,4,2,4,4,1,2,4,3,4,3.08,55,60,FALSE
Female,Loyal Customer,51,Business Travel,Business,2852,3,3,3,3,1,4,4,4,4,4,4,3,2,3.23,0,1,TRUE
Male,Disloyal Customer,22,Business Travel,Eco,397,4,4,4,4,3,4,1,3,3,3,2,4,3,3.23,62,66,FALSE
Male,Loyal Customer,41,Business Travel,Business,134,2,2,5,2,3,4,3,4,4,4,3,1,3,3.08,67,51,TRUE
Female,Loyal Customer,11,Personal Travel,Eco,621,1,4,1,3,4,1,4,4,3,5,5,5,4,3.38,0,0,FALSE
Male,Loyal Customer,30,Business Travel,Business,3327,2,5,5,5,2,2,2,2,2,4,4,3,2,3.08,3,0,FALSE
Male,Loyal Customer,47,Business Travel,Business,338,5,5,5,5,5,5,4,4,4,4,4,4,3,4.38,0,0,TRUE
Male,Loyal Customer,51,Business Travel,Business,2148,5,5,5,5,3,5,2,2,2,2,2,1,2,3.15,6,28,TRUE
Male,Disloyal Customer,26,Business Travel,Eco,1037,4,4,4,4,4,4,4,4,4,5,3,4,4,4,0,2,FALSE
Female,Loyal Customer,22,Personal Travel,Eco,793,3,4,3,3,2,3,2,2,4,3,4,3,2,2.92,102,106,FALSE
Male,Loyal Customer,35,Business Travel,Eco,551,3,2,2,2,3,3,3,3,2,2,4,4,3,2.77,0,0,FALSE
Female,Loyal Customer,42,Business Travel,Business,1671,3,3,4,3,3,4,4,4,4,4,4,3,5,3.69,0,0,TRUE
Female,Loyal Customer,32,Personal Travel,Eco,1506,3,5,3,4,2,3,2,2,4,4,4,4,2,3.23,0,0,FALSE
Male,Loyal Customer,35,Business Travel,Business,2383,4,4,4,4,2,5,4,4,4,4,4,3,4,3.85,24,13,TRUE
Male,Loyal Customer,32,Business Travel,Business,1592,2,1,1,1,2,2,2,2,3,4,4,4,2,2.31,4,0,FALSE
Male,Loyal Customer,60,Business Travel,Business,3852,4,5,5,5,5,4,3,4,4,3,4,1,2,3.77,0,0,FALSE
Female,Loyal Customer,38,Business Travel,Business,2978,4,4,4,4,3,4,5,5,5,5,5,4,5,4.38,5,0,TRUE
Female,Loyal Customer,17,Personal Travel,Eco,689,2,4,2,5,1,2,1,1,3,3,4,5,1,2.62,0,3,FALSE
Male,Loyal Customer,47,Business Travel,Business,3486,3,3,3,3,5,4,5,4,4,4,4,4,4,3.85,2,0,TRUE
Male,Loyal Customer,44,Business Travel,Business,2116,2,2,2,2,5,4,5,4,4,4,4,3,3,3.38,0,0,TRUE
Male,Disloyal Customer,31,Business Travel,Business,1846,3,3,3,4,5,3,5,5,3,5,5,5,5,4.15,5,0,FALSE
Female,Loyal Customer,47,Business Travel,Business,237,4,4,4,4,3,4,5,5,5,5,5,3,5,4.31,0,0,TRUE
Male,Loyal Customer,56,Personal Travel,Eco,1012,2,5,2,1,3,2,3,3,1,3,4,3,3,2.69,0,0,FALSE
Male,Loyal Customer,43,Business Travel,Business,2329,5,5,4,5,3,4,3,5,5,5,5,2,5,4.31,5,0,TRUE
Female,Disloyal Customer,61,Business Travel,Eco Plus,370,1,0,0,2,1,1,1,1,3,2,2,3,1,1.38,0,0,FALSE
Male,Loyal Customer,28,Personal Travel,Eco,997,1,5,1,5,3,1,3,3,5,5,5,5,3,3.46,3,4,FALSE
Female,Loyal Customer,31,Business Travel,Eco,370,1,5,5,5,1,1,1,1,2,4,4,2,1,2.54,7,0,FALSE
Female,Disloyal Customer,20,Business Travel,Eco,190,4,4,4,1,4,4,4,4,4,3,2,3,4,3.46,2,0,TRUE
Male,Loyal Customer,49,Business Travel,Business,3285,2,2,5,2,5,4,4,5,5,5,5,3,3,3.85,0,0,TRUE
Female,Loyal Customer,55,Business Travel,Business,304,0,0,0,4,4,4,5,1,1,1,1,4,5,2.31,0,0,TRUE
Male,Loyal Customer,18,Business Travel,Eco,692,3,4,4,4,3,3,2,3,3,5,4,3,3,3.38,9,22,FALSE
Female,Loyal Customer,48,Personal Travel,Eco,2300,2,5,2,3,2,3,3,4,4,5,5,3,3,3.38,0,0,FALSE
Male,Loyal Customer,62,Business Travel,Business,2878,2,2,2,2,2,3,4,2,2,2,2,1,3,2.23,0,0,FALSE
Male,Loyal Customer,44,Business Travel,Business,1751,3,3,3,3,5,3,5,5,5,5,5,4,3,4,0,0,TRUE
Female,Loyal Customer,51,Business Travel,Business,3738,1,1,1,1,3,4,4,4,4,4,4,5,4,3.08,55,39,TRUE
Male,Loyal Customer,53,Business Travel,Business,3005,2,2,2,2,3,4,5,5,5,4,4,3,3,3.38,0,0,TRUE
Female,Disloyal Customer,37,Business Travel,Eco,965,2,2,2,2,5,2,5,5,3,5,2,1,5,3.15,1,0,FALSE
Female,Loyal Customer,22,Business Travel,Business,2971,3,3,3,3,4,4,3,4,4,4,3,1,4,3.31,0,0,TRUE
Male,Loyal Customer,36,Personal Travel,Eco,409,2,2,2,3,3,2,3,3,4,3,3,2,3,2.69,0,0,FALSE
Female,Loyal Customer,56,Business Travel,Eco,319,4,2,2,2,2,3,3,4,4,4,4,5,2,3.15,0,0,TRUE
Male,Loyal Customer,11,Personal Travel,Eco,460,3,3,3,1,1,3,1,1,2,4,4,5,1,2.46,0,0,FALSE
Male,Loyal Customer,57,Business Travel,Business,2348,3,3,3,3,2,5,5,5,5,5,5,4,4,4,10,17,TRUE
Female,Loyal Customer,53,Business Travel,Business,2327,4,4,4,4,3,1,5,4,4,4,4,3,1,3.46,0,0,TRUE
Female,Disloyal Customer,40,Business Travel,Business,237,1,1,1,4,5,1,5,5,4,3,3,3,5,3.15,0,0,FALSE
Male,Loyal Customer,51,Business Travel,Business,781,2,2,2,2,5,5,5,2,2,2,2,3,5,3,70,70,TRUE
Male,Loyal Customer,7,Business Travel,Business,1966,4,3,3,3,4,3,4,4,3,3,3,3,4,3.38,58,65,FALSE
Female,Loyal Customer,39,Business Travel,Business,2264,5,5,4,5,5,4,4,5,5,5,5,4,3,4.54,30,16,TRUE
Female,Loyal Customer,42,Business Travel,Business,2873,5,5,5,5,3,4,4,4,4,5,4,4,3,4.23,0,0,TRUE
Male,Loyal Customer,11,Personal Travel,Eco,196,2,5,2,4,2,2,2,2,5,3,4,4,2,3,0,0,FALSE
Male,Loyal Customer,31,Personal Travel,Eco,441,4,4,4,5,1,4,4,1,5,5,4,1,1,3.31,0,6,FALSE
Female,Loyal Customer,38,Personal Travel,Eco,598,2,0,2,3,4,2,4,4,3,5,4,3,4,3.08,0,0,FALSE
Male,Disloyal Customer,57,Business Travel,Eco Plus,191,2,2,2,4,4,2,4,4,3,5,4,2,4,3.23,14,14,FALSE
Female,Loyal Customer,61,Personal Travel,Eco,2248,3,1,3,3,2,4,3,4,4,3,4,2,4,3.08,2,0,FALSE
Female,Disloyal Customer,15,Business Travel,Eco,466,0,3,0,2,5,0,5,5,1,3,4,3,5,2.77,0,0,TRUE
Male,Loyal Customer,59,Personal Travel,Eco,946,4,1,4,3,5,4,5,5,1,5,4,1,5,3.62,80,81,FALSE
Male,Loyal Customer,36,Business Travel,Business,2137,3,5,5,5,2,2,3,3,3,3,3,2,2,3.15,14,0,FALSE
Male,Loyal Customer,32,Business Travel,Business,719,4,4,4,4,4,4,4,4,3,4,5,4,4,4,0,0,TRUE
Female,Loyal Customer,43,Business Travel,Business,1865,2,2,2,2,5,5,4,4,4,4,4,3,4,3.46,7,0,TRUE
Male,Loyal Customer,14,Business Travel,Business,2572,3,1,1,1,3,3,3,3,4,4,3,2,3,2.62,36,51,FALSE
Female,Loyal Customer,43,Business Travel,Business,3515,4,4,4,4,5,5,4,3,3,3,3,5,5,4,0,0,TRUE
Female,Disloyal Customer,20,Business Travel,Eco Plus,270,3,2,3,4,5,3,5,5,2,4,4,4,5,3.77,0,9,FALSE
Female,Loyal Customer,39,Business Travel,Business,3978,5,5,5,5,4,5,4,3,3,4,3,5,5,4.31,0,0,TRUE
Female,Disloyal Customer,36,Business Travel,Business,689,3,3,3,2,2,3,2,2,4,4,4,3,2,2.85,40,38,FALSE
Female,Loyal Customer,60,Business Travel,Eco Plus,650,4,5,5,5,4,5,5,4,4,4,4,1,5,4.23,0,0,TRUE
Male,Loyal Customer,28,Personal Travel,Eco,1313,2,5,3,4,4,3,4,4,5,4,5,5,4,4,0,0,FALSE
Female,Loyal Customer,58,Business Travel,Business,620,1,1,1,1,5,5,5,3,3,4,3,3,5,3.08,0,0,TRUE
Male,Loyal Customer,40,Business Travel,Business,2586,4,4,4,4,5,5,5,5,2,4,4,5,5,4.31,0,0,TRUE
Male,Loyal Customer,48,Business Travel,Eco,1919,1,5,4,5,1,1,1,1,2,2,3,3,1,2.31,35,21,FALSE
Female,Loyal Customer,23,Personal Travel,Eco,507,1,5,1,1,2,1,2,2,4,5,5,5,2,2.77,0,0,FALSE
Female,Loyal Customer,15,Business Travel,Business,547,3,3,3,3,4,4,4,4,5,2,4,5,4,3.69,0,26,TRUE
Female,Disloyal Customer,39,Business Travel,Business,1189,3,3,3,3,4,3,4,4,4,1,3,1,4,3.08,23,18,FALSE
Female,Loyal Customer,39,Business Travel,Business,442,1,4,4,4,3,4,4,1,1,1,1,3,1,2.46,18,14,FALSE
Male,Loyal Customer,46,Business Travel,Eco,296,3,2,2,2,4,3,4,4,3,1,4,3,4,3,4,0,FALSE
Female,Loyal Customer,34,Business Travel,Business,964,3,5,2,5,1,1,1,3,3,3,3,1,1,2.46,64,68,FALSE
Male,Loyal Customer,52,Personal Travel,Eco Plus,679,3,5,3,2,4,3,2,4,4,5,4,5,4,3.69,0,7,FALSE
Female,Loyal Customer,40,Business Travel,Business,1785,5,4,5,5,2,1,2,3,3,4,3,3,1,3.15,0,19,TRUE
Male,Loyal Customer,51,Business Travel,Business,683,1,1,1,1,3,5,5,5,5,5,5,5,3,3.46,3,4,TRUE
Female,Loyal Customer,7,Personal Travel,Eco,416,2,2,2,4,1,2,1,1,3,5,4,1,1,2.23,0,0,FALSE
Male,Loyal Customer,53,Personal Travel,Eco,451,3,5,5,2,1,5,1,1,3,1,4,3,1,2.69,8,33,FALSE
Female,Loyal Customer,42,Business Travel,Business,2988,1,1,1,1,1,4,4,5,5,4,5,1,5,2.92,0,0,TRUE
Female,Loyal Customer,40,Personal Travel,Eco,223,3,4,0,2,4,0,3,4,3,2,5,3,4,2.85,0,0,FALSE
Male,Loyal Customer,28,Business Travel,Business,1580,3,1,3,3,5,5,5,5,3,5,4,3,5,3.85,20,11,TRUE
Male,Loyal Customer,22,Business Travel,Eco Plus,1197,4,4,4,4,4,4,5,4,4,4,2,1,4,3.69,0,0,TRUE
Male,Loyal Customer,52,Business Travel,Business,1739,1,1,1,1,5,4,5,5,5,5,5,5,5,3.69,0,0,TRUE
Male,Loyal Customer,56,Personal Travel,Eco,1979,2,1,2,3,5,2,5,5,4,2,4,2,5,3.23,0,0,FALSE
Female,Loyal Customer,42,Business Travel,Business,1481,3,3,3,3,3,5,4,5,5,5,5,5,4,4.08,0,0,TRUE
Male,Loyal Customer,39,Business Travel,Business,3797,3,3,3,3,2,5,4,2,2,2,2,5,5,3.15,0,0,TRUE
Male,Loyal Customer,69,Personal Travel,Eco,164,5,2,5,3,4,5,4,4,1,1,4,1,4,3.31,0,0,TRUE
Male,Loyal Customer,49,Business Travel,Business,3649,1,1,1,1,3,4,5,4,4,4,4,4,3,3,0,0,TRUE
Male,Loyal Customer,48,Business Travel,Eco,299,5,3,3,3,5,5,5,5,1,3,1,5,5,3.77,69,74,TRUE
Male,Loyal Customer,50,Business Travel,Eco,937,2,1,1,1,2,2,2,2,3,1,4,4,2,2.08,0,0,FALSE
Female,Loyal Customer,45,Personal Travel,Eco,997,2,5,2,4,2,5,5,2,2,2,2,5,4,3.23,0,0,FALSE
Male,Loyal Customer,21,Personal Travel,Eco Plus,657,1,4,2,4,5,2,3,5,5,2,5,2,5,3.46,31,16,FALSE
Female,Loyal Customer,52,Business Travel,Business,2218,1,1,1,1,4,4,5,5,5,5,5,5,5,3.62,116,124,TRUE
Female,Loyal Customer,46,Business Travel,Business,2297,5,5,5,5,4,5,4,4,4,4,4,4,5,4.46,0,2,TRUE
Male,Loyal Customer,9,Personal Travel,Eco,332,3,4,4,2,1,4,1,1,4,5,4,4,1,2.92,0,0,FALSE
Male,Loyal Customer,23,Business Travel,Business,1726,3,5,5,5,3,3,3,3,1,5,2,1,3,3.23,0,2,FALSE
Male,Loyal Customer,46,Business Travel,Business,1164,3,3,3,3,4,5,4,4,4,4,4,3,4,3.69,0,0,TRUE
Female,Loyal Customer,56,Business Travel,Eco,363,4,2,5,2,5,1,4,4,4,4,4,1,4,3.38,17,41,TRUE
Male,Loyal Customer,15,Personal Travel,Eco,764,3,4,3,3,4,3,4,4,1,3,4,2,4,3.23,22,11,FALSE
Male,Disloyal Customer,40,Business Travel,Business,570,3,3,3,1,2,3,2,2,4,4,4,5,2,2.92,4,8,FALSE
Female,Disloyal Customer,20,Business Travel,Eco,356,2,0,1,2,4,1,4,4,4,3,4,3,4,2.77,0,0,FALSE
Male,Loyal Customer,53,Business Travel,Business,1704,1,1,1,1,3,5,4,5,5,5,5,3,5,3.38,0,0,TRUE
Male,Loyal Customer,9,Personal Travel,Eco,1119,4,3,4,3,4,4,4,4,2,4,4,4,4,3.69,0,0,FALSE
Male,Disloyal Customer,28,Business Travel,Business,937,2,1,1,4,5,1,5,5,4,2,4,5,5,3.38,22,61,FALSE
Female,Loyal Customer,16,Personal Travel,Eco,627,2,3,2,4,5,2,5,5,1,5,4,2,5,3.46,3,24,FALSE
Male,Loyal Customer,40,Business Travel,Business,628,1,3,3,3,4,3,3,1,1,1,1,1,1,2,8,7,FALSE
Male,Loyal Customer,11,Personal Travel,Eco,1514,4,5,5,5,4,5,1,4,4,4,3,3,4,3.92,1,1,FALSE
Male,Loyal Customer,28,Business Travel,Eco Plus,261,4,2,2,2,4,4,4,4,4,4,5,4,4,3.62,0,0,TRUE
Male,Loyal Customer,54,Personal Travel,Eco,302,3,1,3,4,3,3,3,3,3,2,4,2,3,2.85,0,4,FALSE
Female,Loyal Customer,25,Personal Travel,Eco,2688,1,4,1,3,5,1,5,5,5,5,4,4,5,3.69,20,0,FALSE
Male,Disloyal Customer,27,Business Travel,Business,501,0,0,0,4,3,0,3,3,3,5,4,4,3,2.46,0,0,TRUE
Female,Loyal Customer,59,Business Travel,Eco,1562,1,4,4,4,4,4,3,1,1,1,1,2,1,2.38,14,19,FALSE
Female,Disloyal Customer,37,Business Travel,Eco,302,0,0,1,1,5,1,5,5,1,3,5,3,5,2.69,0,0,TRUE
Male,Disloyal Customer,37,Business Travel,Business,1177,3,3,3,3,3,5,5,4,4,4,4,5,5,3.92,0,0,FALSE
Female,Loyal Customer,36,Personal Travel,Eco Plus,419,1,1,1,4,1,1,1,1,2,3,4,4,1,1.92,42,57,FALSE
Female,Disloyal Customer,36,Business Travel,Eco,143,2,3,2,1,5,2,5,5,1,3,5,5,5,3.38,0,0,FALSE
Female,Loyal Customer,51,Business Travel,Business,3678,4,4,4,4,5,4,4,4,4,4,4,5,4,4.15,42,31,TRUE
Male,Disloyal Customer,23,Business Travel,Eco,236,1,0,0,3,0,3,3,5,3,5,3,3,3,2.46,61,148,FALSE
Male,Loyal Customer,36,Personal Travel,Eco,446,3,4,3,3,2,3,1,2,5,4,5,3,2,3.08,23,17,FALSE
Male,Loyal Customer,31,Personal Travel,Eco,522,1,1,4,4,2,4,2,2,4,4,3,3,2,2.77,16,25,FALSE
Female,Loyal Customer,49,Business Travel,Eco,596,5,2,2,2,4,1,3,5,5,5,5,2,2,3.31,0,0,TRUE
Male,Disloyal Customer,29,Business Travel,Business,980,2,2,2,3,5,2,5,5,3,2,4,5,5,3.46,1,0,FALSE
Female,Loyal Customer,26,Personal Travel,Eco,447,2,2,2,3,3,2,3,3,3,3,4,1,3,2.62,0,1,FALSE
Female,Loyal Customer,26,Personal Travel,Eco,1532,2,2,2,3,1,2,1,1,1,2,4,2,1,1.85,0,0,FALSE
Male,Loyal Customer,27,Business Travel,Business,599,3,5,5,5,3,2,3,3,2,2,4,3,3,3.31,0,0,FALSE
Male,Loyal Customer,50,Business Travel,Business,1761,3,3,3,3,4,4,4,4,4,4,4,5,4,3.77,0,0,TRUE
Male,Loyal Customer,24,Business Travel,Eco Plus,305,0,5,0,4,3,0,4,3,5,1,1,3,3,2.46,0,3,TRUE
Female,Loyal Customer,13,Personal Travel,Eco,231,0,5,0,4,2,0,3,2,3,5,3,4,2,2.54,0,0,TRUE
Male,Loyal Customer,33,Business Travel,Business,862,4,4,4,4,5,5,5,5,4,3,4,4,5,4.31,9,13,TRUE
Male,Loyal Customer,25,Business Travel,Business,757,1,1,1,1,5,5,5,5,5,5,5,5,5,3.77,6,0,TRUE
Male,Loyal Customer,55,Personal Travel,Eco,919,2,5,2,3,3,2,3,3,2,4,1,3,3,2.77,0,0,FALSE
Male,Disloyal Customer,27,Business Travel,Eco,651,4,2,4,4,5,4,5,5,2,4,3,3,5,3.85,0,1,FALSE
Female,Loyal Customer,43,Business Travel,Business,2128,1,1,1,1,4,4,5,5,5,5,5,4,5,3.54,0,0,TRUE
Male,Loyal Customer,48,Personal Travel,Eco,134,1,1,1,2,4,1,2,4,4,2,1,2,4,2.23,10,18,FALSE
Male,Loyal Customer,28,Personal Travel,Eco,427,1,4,2,3,1,2,1,1,3,5,3,3,1,2.31,3,2,FALSE
Female,Loyal Customer,48,Business Travel,Business,1899,0,0,0,1,5,1,2,2,2,2,2,2,2,1.62,2,0,TRUE
Female,Loyal Customer,24,Personal Travel,Eco,678,3,5,3,2,1,3,1,1,4,4,5,5,1,2.92,0,6,FALSE
Female,Loyal Customer,43,Business Travel,Eco,451,1,3,3,3,5,3,3,1,1,1,1,3,2,2.31,10,22,FALSE
Female,Loyal Customer,57,Business Travel,Business,1532,1,1,1,1,5,5,5,5,5,5,5,5,3,3.62,0,0,TRUE
Male,Loyal Customer,45,Business Travel,Business,1773,2,2,2,2,2,3,5,5,5,4,5,3,5,3.46,25,17,TRUE
Female,Loyal Customer,39,Business Travel,Eco,1092,5,1,1,1,5,5,5,5,4,3,3,5,5,3.69,0,0,TRUE
Male,Loyal Customer,47,Personal Travel,Eco,762,2,4,2,2,5,2,5,5,3,5,5,3,5,3.69,37,22,FALSE
Male,Loyal Customer,34,Business Travel,Business,1684,4,4,4,4,1,2,4,3,3,3,3,5,4,3.38,0,10,TRUE
Female,Loyal Customer,51,Business Travel,Business,236,2,2,2,2,5,4,4,5,5,5,5,5,3,3.77,0,0,TRUE
Male,Loyal Customer,51,Business Travel,Business,2035,3,3,3,3,2,4,4,4,4,4,4,3,5,3.54,0,0,TRUE
Male,Disloyal Customer,62,Business Travel,Eco,1237,3,3,3,4,3,3,3,3,1,5,3,2,3,3,5,8,FALSE
Female,Loyal Customer,30,Business Travel,Business,2370,4,4,4,4,4,3,4,4,2,2,3,3,4,3.46,10,4,FALSE
Female,Loyal Customer,67,Personal Travel,Eco,326,3,3,3,1,4,4,2,5,5,3,5,3,4,3.46,2,0,FALSE
Female,Disloyal Customer,34,Business Travel,Eco,151,1,5,1,2,4,1,4,4,4,1,1,3,4,2.69,2,3,FALSE
Female,Loyal Customer,17,Personal Travel,Eco Plus,912,3,5,3,1,1,3,1,1,4,4,4,4,1,2.69,1,21,FALSE
Female,Loyal Customer,31,Business Travel,Business,3018,1,1,2,1,5,4,5,5,5,2,4,3,5,3.31,0,0,TRUE
Male,Loyal Customer,44,Personal Travel,Eco,1147,2,5,2,1,3,2,5,3,3,2,3,4,3,2.92,108,126,FALSE
Female,Loyal Customer,58,Business Travel,Business,3819,5,5,5,5,2,5,5,4,4,4,4,4,3,4.23,8,0,TRUE
Female,Loyal Customer,57,Business Travel,Business,842,3,3,1,3,2,2,2,5,3,5,5,2,2,2.92,226,223,TRUE
Male,Loyal Customer,66,Personal Travel,Eco,1197,4,2,4,3,1,4,1,1,3,5,3,1,1,2.54,1,0,FALSE
Female,Disloyal Customer,43,Business Travel,Business,1172,4,4,4,3,3,4,3,3,5,5,3,4,3,3.69,0,0,TRUE
Female,Loyal Customer,41,Business Travel,Business,3816,4,4,4,4,3,4,5,5,5,5,5,5,4,4.38,50,58,TRUE
Female,Loyal Customer,49,Business Travel,Eco,542,1,3,3,3,2,4,3,1,1,1,1,1,2,2,0,0,FALSE
Female,Loyal Customer,40,Business Travel,Business,3702,4,4,4,4,4,5,5,4,4,4,4,5,4,4.23,0,0,TRUE
Female,Loyal Customer,56,Personal Travel,Eco,447,4,4,4,3,3,5,4,3,3,4,5,4,3,3.77,0,0,FALSE
Male,Loyal Customer,22,Business Travel,Business,3823,3,3,3,3,4,4,4,4,5,4,2,4,4,3.62,82,75,TRUE
Male,Disloyal Customer,43,Business Travel,Eco,590,1,4,1,3,2,1,4,2,4,2,3,4,2,2.54,0,0,FALSE
Female,Disloyal Customer,21,Business Travel,Eco,1142,1,1,1,3,1,1,1,1,4,4,4,2,1,1.92,16,5,FALSE
Female,Disloyal Customer,9,Business Travel,Eco,958,4,4,4,3,3,4,1,3,5,3,3,5,3,3.46,0,0,TRUE
Male,Loyal Customer,36,Personal Travel,Eco,954,3,2,3,4,3,3,3,3,3,3,3,1,3,2.85,0,0,FALSE
Female,Disloyal Customer,25,Business Travel,Eco,1043,2,2,2,3,4,2,4,4,2,5,3,1,4,2.92,1,4,FALSE
Male,Loyal Customer,17,Business Travel,Business,365,2,2,2,2,4,5,4,4,4,2,4,3,4,3.23,0,0,TRUE
Female,Loyal Customer,52,Business Travel,Business,1258,2,2,2,2,2,5,4,4,4,4,4,4,4,3.31,0,0,TRUE
Male,Loyal Customer,24,Personal Travel,Eco,265,1,3,0,3,4,0,4,4,4,5,4,2,4,2.92,6,14,FALSE
Female,Loyal Customer,56,Business Travel,Eco,632,4,5,5,5,4,4,3,4,4,4,4,2,5,4.08,0,0,TRUE
Female,Loyal Customer,65,Personal Travel,Eco Plus,2475,1,4,1,3,5,5,4,1,1,1,1,4,3,2.62,0,5,FALSE
Male,Loyal Customer,24,Personal Travel,Eco,130,3,4,3,2,4,3,4,4,4,3,4,4,4,3.54,3,2,FALSE
Female,Loyal Customer,56,Business Travel,Business,3956,4,4,4,4,2,5,5,4,4,4,4,4,5,4.08,0,0,TRUE
Male,Loyal Customer,49,Business Travel,Eco,1411,4,2,4,2,3,4,3,3,1,3,2,1,3,2.69,33,14,FALSE
Male,Loyal Customer,51,Business Travel,Business,2730,1,1,1,1,2,4,5,5,5,5,5,4,5,3.38,0,11,TRUE
Male,Loyal Customer,8,Personal Travel,Eco Plus,680,3,4,3,2,1,3,2,1,5,5,4,4,1,2.92,17,31,FALSE
Male,Loyal Customer,41,Personal Travel,Eco Plus,1464,1,5,1,2,5,1,5,5,5,3,5,5,5,3.69,0,0,FALSE
Male,Disloyal Customer,37,Business Travel,Business,1099,4,4,4,4,1,4,1,1,3,2,3,4,1,2.77,17,26,FALSE
Female,Loyal Customer,55,Business Travel,Business,3662,2,2,3,2,3,4,4,5,5,4,5,4,4,3.62,0,3,TRUE
Male,Loyal Customer,46,Business Travel,Business,1635,2,2,2,2,5,3,4,2,2,2,2,4,3,2.69,21,1,TRUE
Female,Loyal Customer,66,Personal Travel,Eco,361,3,4,3,1,5,4,4,2,2,3,5,5,3,3.38,1,32,FALSE
Female,Loyal Customer,33,Business Travel,Business,930,2,2,2,2,2,4,5,4,4,4,4,4,5,3.38,0,0,TRUE
Male,Disloyal Customer,33,Business Travel,Eco,201,2,1,2,3,1,2,1,1,4,5,4,2,1,2.23,4,8,FALSE
Female,Loyal Customer,26,Personal Travel,Business,907,5,4,5,2,5,5,5,5,4,5,5,4,5,4.54,0,19,TRUE
Female,Loyal Customer,59,Business Travel,Eco,425,4,5,5,5,4,3,4,4,4,4,4,2,3,3.92,0,0,FALSE
Male,Loyal Customer,42,Business Travel,Business,1731,1,1,1,1,3,4,1,4,4,4,4,5,3,2.77,0,1,TRUE
Female,Loyal Customer,57,Business Travel,Business,3258,5,5,5,5,3,5,5,4,4,4,4,4,4,4.38,0,0,TRUE
Female,Loyal Customer,53,Personal Travel,Eco Plus,468,1,5,3,4,5,5,5,1,1,3,1,3,5,3.23,22,40,FALSE
Female,Loyal Customer,47,Business Travel,Business,236,1,1,1,1,5,5,4,5,5,5,5,4,3,3.46,0,0,TRUE
Male,Loyal Customer,21,Business Travel,Business,328,0,0,0,2,5,5,5,5,5,5,5,3,5,3.46,0,0,TRUE
Female,Disloyal Customer,18,Business Travel,Eco,1334,4,3,3,3,1,4,1,1,3,4,5,4,1,2.85,0,0,TRUE
Female,Loyal Customer,35,Business Travel,Business,954,2,2,2,2,1,1,2,4,4,4,4,3,4,2.69,0,0,TRUE
Male,Loyal Customer,38,Personal Travel,Business,226,3,4,3,2,3,5,5,3,3,3,3,4,4,3.46,0,0,FALSE
Male,Loyal Customer,20,Business Travel,Eco Plus,297,2,4,4,4,2,2,4,2,2,4,3,1,2,2.77,0,0,FALSE
Male,Loyal Customer,59,Personal Travel,Eco Plus,414,2,2,2,3,3,2,3,3,3,1,3,2,3,2.46,1,8,FALSE
Male,Loyal Customer,51,Personal Travel,Eco Plus,825,2,5,3,5,4,3,4,4,3,3,4,5,4,3.77,0,0,FALSE
Female,Loyal Customer,59,Personal Travel,Eco,2370,4,4,4,1,4,1,1,3,5,4,5,1,1,2.92,0,0,TRUE
Male,Loyal Customer,47,Business Travel,Eco,1368,5,5,2,5,5,5,5,5,5,2,1,1,5,3.92,0,0,TRUE
Female,Loyal Customer,25,Personal Travel,Eco,1107,1,5,1,4,5,1,5,5,4,5,4,4,5,3.77,47,39,FALSE
Male,Loyal Customer,38,Business Travel,Business,845,4,4,4,4,5,4,1,5,5,5,5,4,2,4,0,0,TRUE
Male,Loyal Customer,39,Business Travel,Business,2336,5,4,5,5,4,4,5,5,5,5,5,3,3,4.46,12,0,TRUE
Female,Loyal Customer,49,Business Travel,Business,3975,0,0,0,2,5,4,5,2,2,2,2,4,3,2.38,38,31,TRUE
Female,Loyal Customer,41,Business Travel,Business,143,3,3,3,3,2,2,4,4,4,4,5,3,3,3.31,0,0,TRUE
Female,Loyal Customer,46,Business Travel,Business,936,3,3,2,3,4,5,4,4,4,4,4,4,3,3.62,21,5,TRUE
Female,Loyal Customer,39,Business Travel,Eco,550,4,2,2,2,4,4,4,4,2,5,2,4,4,3.31,0,0,TRUE
Male,Loyal Customer,68,Personal Travel,Eco,620,3,5,3,1,2,3,2,2,4,4,5,3,2,3,15,24,FALSE
Female,Loyal Customer,60,Personal Travel,Eco,77,3,5,3,1,5,4,5,4,4,3,4,5,5,3.92,0,0,FALSE
Male,Loyal Customer,21,Personal Travel,Business,1050,4,4,4,4,1,4,2,1,1,5,3,1,1,2.69,4,0,TRUE
Female,Loyal Customer,50,Business Travel,Eco,153,1,4,4,4,4,4,3,1,1,1,1,4,2,2.62,27,40,FALSE
Male,Loyal Customer,48,Business Travel,Business,3764,1,1,2,1,3,4,4,5,5,5,5,3,3,3.23,0,5,TRUE
Female,Loyal Customer,52,Business Travel,Business,696,2,1,1,1,1,4,4,2,2,2,2,3,2,2.08,6,0,FALSE
Male,Loyal Customer,37,Personal Travel,Eco,759,3,3,3,3,4,3,4,4,2,2,3,1,4,3,23,25,FALSE
Male,Disloyal Customer,24,Business Travel,Eco,283,2,0,2,2,5,2,4,5,3,3,5,5,5,3.31,0,0,FALSE
Male,Loyal Customer,9,Business Travel,Eco,821,2,3,3,3,2,1,4,2,2,1,4,1,2,2.31,2,0,FALSE
Female,Loyal Customer,52,Business Travel,Business,1844,5,5,5,5,2,5,4,4,4,4,4,4,4,4.23,0,2,TRUE
Female,Loyal Customer,27,Personal Travel,Eco,1399,0,3,0,2,4,0,4,4,1,2,2,4,4,2.31,0,2,TRUE
Male,Loyal Customer,68,Personal Travel,Eco,1235,2,4,2,1,5,2,5,5,3,3,4,4,5,3.46,0,0,FALSE
Female,Disloyal Customer,22,Business Travel,Eco,669,2,0,2,2,5,2,5,5,3,2,5,3,5,3.15,45,30,FALSE
Female,Loyal Customer,63,Business Travel,Business,2581,2,2,2,2,3,5,1,5,5,5,5,2,1,3.08,0,0,TRUE
Male,Loyal Customer,18,Personal Travel,Eco,990,2,5,2,1,1,2,1,1,4,3,4,3,1,2.31,0,0,FALSE
Male,Disloyal Customer,14,Business Travel,Eco,697,4,4,4,3,3,4,3,3,1,2,5,3,3,3.23,0,0,TRUE
Male,Disloyal Customer,19,Business Travel,Business,429,0,0,0,4,3,0,3,3,5,4,5,5,3,2.69,0,4,TRUE
Female,Disloyal Customer,36,Business Travel,Eco Plus,1069,4,4,4,4,2,4,1,2,5,5,5,3,2,3.46,33,15,FALSE
Female,Loyal Customer,43,Business Travel,Business,2728,1,3,4,3,4,2,2,2,2,2,1,4,2,2.46,10,7,FALSE
Female,Loyal Customer,39,Business Travel,Business,859,3,3,3,3,1,4,3,3,3,3,3,4,4,3.08,77,66,FALSE
Female,Loyal Customer,53,Business Travel,Business,369,2,2,2,2,1,1,1,5,5,5,5,1,1,2.54,15,7,TRUE
Male,Loyal Customer,48,Business Travel,Eco,1400,5,3,3,3,5,5,5,5,2,4,2,2,5,3.77,0,0,TRUE
Female,Disloyal Customer,36,Business Travel,Business,920,2,2,2,3,4,2,4,4,4,4,5,3,4,3.31,0,0,FALSE
Female,Loyal Customer,49,Business Travel,Eco,374,4,2,2,2,4,3,5,4,4,4,4,2,2,3.23,0,0,TRUE
Female,Disloyal Customer,22,Business Travel,Business,190,4,1,4,2,4,4,4,4,3,5,2,3,4,3.38,3,0,FALSE
Male,Loyal Customer,48,Business Travel,Business,2912,2,2,2,2,4,4,5,4,4,4,4,5,3,3.46,0,0,TRUE
Female,Disloyal Customer,41,Business Travel,Business,1497,1,2,2,3,3,1,2,3,4,5,4,4,3,2.85,0,0,FALSE
Male,Disloyal Customer,27,Business Travel,Eco,262,3,0,3,3,1,3,1,1,5,4,1,4,1,2.31,35,43,FALSE
Male,Loyal Customer,57,Business Travel,Eco,201,2,2,4,2,2,2,2,2,4,5,1,4,2,2.62,0,0,FALSE
Female,Loyal Customer,58,Personal Travel,Eco,762,1,4,1,4,4,5,5,1,1,1,1,5,4,2.85,0,0,FALSE
Male,Disloyal Customer,28,Business Travel,Eco,861,3,3,3,4,3,2,2,3,1,4,3,2,2,2.69,300,307,FALSE
Male,Loyal Customer,30,Business Travel,Eco Plus,1195,0,0,0,4,5,0,5,5,1,4,4,4,5,2.85,2,2,TRUE
Male,Loyal Customer,39,Business Travel,Business,3745,1,1,1,1,2,1,3,4,4,4,4,1,2,2.23,0,0,TRUE
Female,Loyal Customer,78,Business Travel,Business,2258,3,3,3,3,3,5,5,4,4,4,4,3,2,3.54,0,0,TRUE
Female,Loyal Customer,68,Personal Travel,Eco,782,2,4,2,5,2,2,3,4,3,4,5,3,3,3.23,172,162,FALSE
Male,Loyal Customer,13,Personal Travel,Eco,646,2,4,2,4,5,2,5,5,1,3,2,3,5,3.31,1,0,FALSE
Male,Loyal Customer,77,Business Travel,Business,343,1,2,1,1,4,4,5,5,5,5,5,3,3,3.38,0,0,TRUE
Male,Loyal Customer,26,Personal Travel,Eco,838,2,5,2,1,5,2,2,5,4,4,5,5,5,3.62,2,6,FALSE
Male,Loyal Customer,8,Personal Travel,Eco,325,1,1,1,4,3,1,3,3,3,5,3,2,3,2.54,28,24,FALSE
Female,Loyal Customer,53,Business Travel,Business,813,5,5,1,5,2,4,5,2,2,2,2,5,3,3.31,41,,TRUE
Female,Disloyal Customer,29,Business Travel,Eco,1029,3,3,3,3,3,2,2,2,4,2,3,2,2,2.62,0,18,FALSE
Female,Loyal Customer,55,Business Travel,Business,475,3,3,3,3,4,4,4,4,4,4,4,4,5,3.77,0,0,TRUE
Male,Loyal Customer,33,Business Travel,Business,2858,4,4,4,4,5,5,5,5,4,5,4,3,5,4.38,0,0,TRUE
Male,Loyal Customer,53,Personal Travel,Eco,2586,3,1,3,3,3,3,3,3,1,2,4,3,3,2.69,2,0,FALSE
Female,Loyal Customer,23,Business Travel,Business,3166,2,2,2,2,4,4,4,4,3,5,3,3,4,3.23,0,0,TRUE
Female,Loyal Customer,56,Business Travel,Business,2237,5,5,5,5,3,5,4,3,3,4,5,5,5,4.38,0,6,TRUE
Male,Loyal Customer,62,Business Travel,Business,3261,3,3,3,3,5,3,1,4,4,4,4,4,4,3.46,0,0,TRUE
Male,Loyal Customer,29,Business Travel,Business,2442,2,3,3,3,2,2,2,2,1,5,4,3,2,2.62,21,22,FALSE
Female,Loyal Customer,21,Personal Travel,Eco,733,3,1,3,2,2,3,3,2,4,5,2,2,2,2.62,0,0,FALSE
Male,Loyal Customer,39,Personal Travel,Eco,1144,3,5,3,3,4,3,4,4,2,5,5,4,4,3.77,0,0,FALSE
Male,Loyal Customer,40,Business Travel,Business,1044,1,4,4,4,2,2,1,1,1,1,1,1,4,2.08,70,76,FALSE
Male,Disloyal Customer,16,Business Travel,Eco,762,2,2,2,2,1,2,1,1,4,5,4,4,1,2.38,0,0,FALSE
Female,Loyal Customer,41,Business Travel,Business,731,1,1,1,1,4,5,4,4,4,4,4,4,4,3.15,27,11,TRUE
Male,Disloyal Customer,37,Business Travel,Business,337,2,2,2,3,5,2,5,5,5,4,4,4,5,3.69,18,18,FALSE
Female,Loyal Customer,28,Business Travel,Eco,409,3,5,5,5,3,3,3,3,4,2,4,4,3,3.62,0,0,FALSE
Female,Loyal Customer,36,Business Travel,Business,373,3,3,3,3,5,4,3,3,3,3,3,2,4,3.23,0,0,FALSE
Female,Loyal Customer,39,Business Travel,Business,2685,3,3,3,3,3,5,5,4,4,4,4,5,3,3.77,41,41,TRUE
Female,Disloyal Customer,23,Business Travel,Eco,2039,5,5,5,3,4,5,4,4,5,2,3,4,4,4.08,68,58,TRUE
Female,Loyal Customer,55,Personal Travel,Eco,446,4,4,4,1,5,5,5,5,5,4,3,5,4,4.15,43,42,TRUE
Male,Loyal Customer,38,Business Travel,Eco,628,3,1,1,1,3,3,3,3,3,4,4,3,3,2.69,0,0,FALSE
Female,Loyal Customer,18,Business Travel,Eco,1192,4,5,5,5,4,4,2,4,4,4,3,2,4,3.85,0,6,FALSE
Female,Loyal Customer,18,Personal Travel,Eco,1565,2,2,2,3,2,2,2,2,3,5,4,3,2,2.62,0,6,FALSE
Male,Disloyal Customer,22,Business Travel,Eco,314,2,0,2,3,5,2,5,5,2,3,3,1,5,2.92,0,0,FALSE
Female,Loyal Customer,46,Personal Travel,Eco,581,2,1,2,1,1,2,1,3,3,2,5,4,4,2.38,42,40,FALSE
Female,Loyal Customer,57,Personal Travel,Business,577,2,2,2,3,1,4,4,4,4,2,4,1,1,2.62,4,13,FALSE
Female,Disloyal Customer,25,Business Travel,Eco,1208,3,3,3,3,4,3,5,4,2,2,4,3,4,3.31,0,31,FALSE
Female,Loyal Customer,41,Business Travel,Business,2116,1,1,1,1,5,5,4,4,4,4,4,5,3,3.23,0,0,TRUE
Male,Loyal Customer,59,Business Travel,Business,366,1,1,1,1,3,4,5,5,5,5,5,5,4,3.46,0,19,TRUE
Male,Loyal Customer,41,Business Travel,Eco,1826,1,4,4,4,1,1,1,1,2,1,3,3,1,2.08,71,60,FALSE
Male,Loyal Customer,53,Personal Travel,Eco,1121,3,4,3,4,4,3,4,4,4,2,3,3,4,3.46,0,0,FALSE
Female,Disloyal Customer,23,Business Travel,Eco,438,3,0,3,5,4,3,4,4,1,4,3,2,4,3.08,0,3,FALSE
Male,Loyal Customer,40,Personal Travel,Eco Plus,175,3,5,3,2,5,3,5,5,3,3,4,5,5,3.92,0,0,FALSE
Female,Loyal Customer,10,Personal Travel,Eco Plus,414,2,4,1,4,2,1,2,2,1,5,5,1,2,2.46,4,0,FALSE
Male,Loyal Customer,32,Business Travel,Business,1671,2,4,4,4,2,2,2,2,1,1,3,3,2,2.46,16,26,FALSE
Female,Loyal Customer,43,Business Travel,Business,2542,1,5,5,5,5,4,4,1,1,1,1,3,4,3.08,0,0,FALSE
Male,Loyal Customer,19,Business Travel,Business,3888,1,1,1,1,4,4,4,4,5,3,5,4,4,3.15,0,0,TRUE
Male,Disloyal Customer,27,Business Travel,Eco,675,3,3,3,3,2,3,2,2,2,2,4,2,2,2.54,2,0,FALSE
Female,Loyal Customer,15,Personal Travel,Eco,189,1,2,1,2,2,1,1,2,1,1,2,2,2,1.54,19,14,FALSE
Male,Loyal Customer,47,Business Travel,Business,1772,2,2,2,2,2,4,4,4,4,4,4,3,4,3.15,0,0,TRUE
Female,Loyal Customer,48,Business Travel,Business,2473,3,3,1,3,4,4,5,5,5,5,5,5,5,4.08,0,0,TRUE
Female,Loyal Customer,25,Business Travel,Business,1061,4,4,4,4,5,5,5,5,3,4,4,4,5,4.31,0,0,TRUE
Male,Loyal Customer,55,Business Travel,Business,342,3,3,3,3,2,4,5,4,4,4,4,3,4,3.54,61,60,TRUE
Male,Loyal Customer,17,Personal Travel,Eco,2075,4,5,3,1,1,3,2,1,4,3,4,4,1,2.77,26,0,FALSE
Female,Loyal Customer,20,Personal Travel,Eco,1521,0,1,0,3,4,0,3,4,1,2,3,1,4,2,0,0,TRUE
Female,Loyal Customer,57,Business Travel,Business,2313,2,3,3,3,1,2,2,2,2,2,2,3,3,2.31,59,51,FALSE
Male,Loyal Customer,51,Business Travel,Business,639,5,5,1,5,5,4,4,5,5,5,5,5,5,4.54,1,9,TRUE
Male,Loyal Customer,44,Business Travel,Business,293,5,5,5,5,2,4,4,4,4,4,4,5,5,4.31,6,9,TRUE
Male,Loyal Customer,36,Personal Travel,Eco,985,1,4,1,3,2,1,4,2,5,2,4,5,2,2.77,0,0,FALSE
Male,Loyal Customer,49,Business Travel,Business,1765,2,1,4,4,3,2,2,1,5,4,4,2,2,2.77,294,296,FALSE
Male,Loyal Customer,54,Personal Travel,Eco,780,2,1,2,3,4,2,4,4,3,2,3,1,4,2.69,0,0,FALSE
Male,Loyal Customer,65,Personal Travel,Eco,224,1,5,1,1,3,1,1,3,4,5,4,4,3,2.77,0,0,FALSE
Male,Loyal Customer,64,Personal Travel,Eco Plus,425,2,2,2,2,2,2,2,2,3,2,2,1,2,2,9,84,FALSE
Female,Loyal Customer,38,Personal Travel,Eco Plus,1363,3,4,3,3,4,3,4,4,5,2,4,3,4,3.54,19,0,FALSE
Female,Loyal Customer,51,Business Travel,Business,1620,2,1,1,1,3,3,3,2,2,2,2,3,4,2.23,65,77,FALSE
Male,Disloyal Customer,21,Business Travel,Eco,911,3,3,3,4,1,3,1,1,4,3,5,3,1,2.69,0,0,FALSE
Male,Loyal Customer,33,Personal Travel,Eco,570,3,4,3,5,2,3,2,2,3,5,5,5,2,3.38,0,3,FALSE
Female,Loyal Customer,40,Personal Travel,Eco Plus,543,2,0,2,3,5,2,5,5,4,4,4,5,5,3.54,13,0,FALSE
Female,Loyal Customer,44,Business Travel,Business,3059,5,5,5,5,5,4,5,5,5,5,5,4,4,4.77,5,0,TRUE
Female,Loyal Customer,42,Personal Travel,Eco,1379,2,5,2,1,5,3,5,2,2,2,4,1,2,2.77,0,0,FALSE
Male,Loyal Customer,28,Personal Travel,Eco,2173,4,5,4,5,3,4,3,3,4,3,4,4,3,3.77,5,0,TRUE
Male,Loyal Customer,77,Business Travel,Business,1979,4,4,4,4,2,4,3,4,4,4,4,1,2,3.38,15,0,FALSE
Male,Loyal Customer,38,Business Travel,Business,2125,2,2,2,2,3,2,1,5,5,5,5,4,4,3.23,0,3,TRUE
Female,Loyal Customer,53,Personal Travel,Eco,444,1,4,4,4,5,5,5,2,2,4,1,4,5,3.54,2,0,FALSE
Male,Loyal Customer,80,Business Travel,Eco Plus,406,3,5,5,5,3,3,3,3,2,3,4,3,3,3.46,0,0,FALSE
Male,Loyal Customer,56,Business Travel,Business,2172,2,2,4,2,5,5,5,4,4,5,4,3,4,3.77,0,0,TRUE
Male,Loyal Customer,37,Business Travel,Eco,1091,3,1,1,1,3,3,3,3,3,1,3,4,3,2.46,0,7,FALSE
Female,Loyal Customer,65,Personal Travel,Eco,546,3,3,3,3,2,4,3,2,2,3,2,3,2,2.69,8,7,FALSE
Female,Loyal Customer,59,Business Travel,Business,3272,1,1,1,1,4,4,5,4,4,4,4,4,3,3.08,60,52,TRUE
Female,Loyal Customer,30,Business Travel,Business,992,3,3,3,3,1,2,1,1,3,5,4,3,1,2.54,3,9,TRUE
Female,Disloyal Customer,37,Business Travel,Eco,109,4,4,4,5,4,4,4,4,3,5,3,1,4,3.77,0,0,FALSE
Female,Loyal Customer,9,Personal Travel,Eco,920,3,2,3,3,1,3,1,1,2,3,3,3,1,2.23,28,14,FALSE
Female,Loyal Customer,36,Business Travel,Eco,106,4,4,4,4,4,4,4,4,3,2,1,1,4,3.31,0,0,TRUE
Male,Disloyal Customer,21,Business Travel,Eco,114,2,4,2,5,2,2,2,2,1,5,1,2,2,2.46,0,0,FALSE
Female,Disloyal Customer,29,Business Travel,Eco,343,1,1,1,2,2,1,4,2,1,3,3,4,2,2.08,0,0,FALSE
Male,Loyal Customer,9,Business Travel,Business,484,3,4,4,4,3,3,3,3,1,5,3,1,3,3.08,13,2,FALSE
Female,Loyal Customer,63,Business Travel,Business,320,3,3,3,3,5,4,3,3,3,3,3,3,4,3.31,1,0,FALSE
Female,Loyal Customer,39,Business Travel,Business,409,4,4,4,4,4,5,5,4,4,4,4,5,4,4.23,6,0,TRUE
Male,Loyal Customer,36,Business Travel,Business,2884,3,3,3,3,5,1,3,5,5,5,5,2,4,3.62,20,8,TRUE
Female,Loyal Customer,43,Business Travel,Business,2529,0,0,0,3,4,2,3,5,5,5,5,2,3,2.85,0,0,TRUE
Male,Loyal Customer,79,Business Travel,Business,3924,1,3,3,3,5,3,4,1,1,1,1,3,4,2.54,0,0,FALSE
Male,Loyal Customer,61,Personal Travel,Business,1337,3,5,3,5,3,5,4,1,1,3,1,3,4,3.15,9,17,FALSE
Male,Loyal Customer,55,Business Travel,Business,3737,3,3,3,3,5,5,5,4,4,4,4,5,4,4,0,0,TRUE
Female,Loyal Customer,52,Business Travel,Eco,199,5,4,4,4,3,2,3,5,5,5,5,1,4,3.85,0,0,TRUE
Male,Loyal Customer,12,Personal Travel,Eco Plus,453,3,3,3,3,2,3,5,2,2,4,3,2,2,2.85,0,4,FALSE
Male,Loyal Customer,37,Business Travel,Eco Plus,108,3,4,4,4,3,3,3,3,2,3,2,2,3,3,13,13,FALSE
Male,Disloyal Customer,23,Business Travel,Business,2218,5,0,5,3,2,5,2,2,5,3,5,5,2,3.38,1,1,TRUE
Male,Loyal Customer,40,Business Travel,Business,733,3,3,3,3,3,5,4,5,5,5,5,5,5,4.15,0,25,TRUE
Male,Loyal Customer,23,Personal Travel,Eco,1085,3,4,4,5,3,4,2,3,3,2,5,4,3,3.46,0,0,FALSE
Male,Disloyal Customer,21,Business Travel,Eco,479,2,4,2,4,1,2,2,1,1,4,3,2,1,2.23,9,14,FALSE
Female,Loyal Customer,19,Business Travel,Business,2681,4,4,5,4,5,4,4,3,2,4,5,4,4,4,0,13,TRUE
Female,Disloyal Customer,41,Business Travel,Eco,640,2,4,2,4,2,2,2,2,2,3,3,3,2,2.54,9,1,FALSE
Female,Loyal Customer,45,Personal Travel,Eco,4983,3,1,3,2,3,1,1,2,5,2,3,1,1,2.15,2,0,FALSE
Male,Loyal Customer,41,Business Travel,Business,337,3,3,3,3,2,5,4,4,4,4,4,5,3,3.62,2,0,TRUE
Male,Loyal Customer,13,Personal Travel,Eco,1027,3,4,3,5,4,3,4,4,2,4,4,3,4,3.62,35,29,FALSE
Male,Loyal Customer,49,Business Travel,Business,1823,4,5,4,4,3,5,4,5,5,5,4,3,4,4.23,0,0,TRUE
Female,Loyal Customer,10,Personal Travel,Business,2615,3,1,3,3,2,3,2,2,2,5,2,1,2,2.38,30,0,FALSE
Female,Loyal Customer,26,Business Travel,Eco Plus,507,1,1,1,1,1,1,2,1,1,2,4,1,1,1.38,93,87,FALSE
Female,Loyal Customer,47,Business Travel,Eco Plus,749,3,1,3,1,3,4,4,3,3,3,3,2,4,2.85,50,34,FALSE
Male,Loyal Customer,43,Business Travel,Business,1282,2,1,1,1,3,2,3,2,2,2,2,3,3,2.08,85,69,FALSE
Male,Loyal Customer,35,Personal Travel,Eco,967,2,5,2,2,3,2,3,3,4,2,4,5,3,3.08,0,0,FALSE
Male,Loyal Customer,54,Business Travel,Business,2860,2,2,2,2,3,1,2,5,5,5,5,4,4,3.23,0,0,TRUE
Male,Loyal Customer,35,Personal Travel,Eco,328,2,4,2,2,4,2,4,4,1,5,5,1,4,3.08,11,60,FALSE
Male,Loyal Customer,31,Business Travel,Business,130,1,1,1,1,5,5,5,5,4,4,4,5,5,3.54,0,0,TRUE
Female,Loyal Customer,65,Personal Travel,Eco,600,2,1,2,4,3,3,4,2,2,2,2,1,2,2.31,5,3,FALSE
Female,Loyal Customer,55,Business Travel,Eco,583,1,5,5,5,2,3,3,1,1,1,1,4,3,2.69,0,0,FALSE
Female,Loyal Customer,49,Personal Travel,Eco,315,1,4,1,1,5,4,4,4,4,1,4,3,3,3,0,0,FALSE
Female,Disloyal Customer,40,Business Travel,Business,259,2,2,2,3,1,2,1,1,3,1,4,4,1,2.08,56,48,FALSE
Male,Loyal Customer,39,Personal Travel,Eco,1620,2,4,2,5,4,2,1,4,5,3,4,4,4,3.38,18,21,FALSE
Male,Loyal Customer,60,Personal Travel,Eco,1005,5,4,5,4,5,1,1,3,2,5,5,1,1,3.23,431,402,TRUE
Male,Loyal Customer,41,Business Travel,Business,2138,1,5,5,5,4,2,3,1,1,1,1,4,3,2.77,12,2,FALSE
Female,Loyal Customer,26,Business Travel,Eco Plus,184,5,2,2,2,5,4,3,5,1,1,4,2,5,3.15,0,0,FALSE
Female,Loyal Customer,54,Business Travel,Business,795,4,4,4,4,2,4,5,4,4,4,4,4,5,4,0,0,TRUE
Male,Loyal Customer,52,Business Travel,Business,1647,1,1,1,1,4,5,4,4,4,5,4,5,4,3.31,0,0,TRUE
Male,Loyal Customer,9,Personal Travel,Eco,921,2,4,2,1,2,2,2,2,3,2,4,3,2,2.38,0,0,FALSE
Female,Loyal Customer,27,Personal Travel,Eco,1547,2,5,3,3,3,3,1,3,3,5,4,4,3,3.23,0,0,FALSE
Female,Loyal Customer,44,Business Travel,Eco Plus,181,2,2,2,2,2,4,3,2,2,2,2,2,1,2.15,23,20,FALSE
Male,Loyal Customer,31,Business Travel,Business,3612,2,2,2,2,2,2,2,2,4,4,3,1,2,2.31,12,1,FALSE
Female,Loyal Customer,35,Business Travel,Business,1310,4,4,4,4,3,5,5,5,5,5,5,4,5,4.46,0,61,TRUE
Male,Loyal Customer,18,Personal Travel,Eco,482,3,3,5,3,3,5,3,3,3,2,3,2,3,3.15,0,7,FALSE
Male,Loyal Customer,49,Business Travel,Business,2308,3,4,4,4,3,3,4,3,3,3,3,4,3,3.38,16,9,FALSE
Male,Loyal Customer,40,Business Travel,Business,3629,0,4,0,2,5,4,1,2,2,2,2,1,1,2,0,0,TRUE
Male,Loyal Customer,11,Personal Travel,Eco,199,2,5,2,3,2,3,2,4,2,5,4,2,2,2.92,134,136,FALSE
Male,Loyal Customer,55,Business Travel,Business,622,4,4,4,4,2,5,4,2,2,2,2,5,4,3.38,3,12,TRUE
Female,Loyal Customer,59,Business Travel,Eco,1585,4,2,5,2,3,4,3,4,4,4,4,3,2,3.38,0,0,TRUE
Male,Loyal Customer,23,Personal Travel,Eco,2797,1,3,0,4,3,0,1,3,3,1,3,2,3,2.08,0,0,FALSE
Male,Loyal Customer,47,Business Travel,Business,3101,1,1,1,1,5,5,5,5,5,5,5,3,3,3.46,0,0,TRUE
Female,Loyal Customer,25,Business Travel,Business,1774,2,4,5,5,2,2,2,2,1,3,3,2,2,2.69,104,108,FALSE
Female,Loyal Customer,48,Business Travel,Business,474,1,1,1,1,2,4,5,3,3,4,3,5,3,2.77,0,0,TRUE
Female,Loyal Customer,27,Personal Travel,Eco,835,4,4,4,2,1,4,1,1,4,2,5,5,1,2.92,0,0,TRUE
Male,Loyal Customer,35,Business Travel,Business,3036,2,2,3,2,3,2,3,4,4,4,5,4,5,3.31,10,2,TRUE
Female,Disloyal Customer,39,Business Travel,Business,471,3,3,3,1,4,3,4,4,5,2,4,4,4,3.38,1,0,FALSE
Female,Loyal Customer,55,Personal Travel,Eco,1096,1,2,1,3,5,2,3,3,3,1,3,4,4,2.69,0,0,FALSE
Male,Loyal Customer,31,Business Travel,Business,3366,1,1,1,1,5,5,5,5,2,4,1,4,5,3.08,0,0,TRUE
Male,Loyal Customer,50,Business Travel,Business,3915,1,1,1,1,5,1,4,4,4,4,5,5,1,2.85,0,0,TRUE
Female,Loyal Customer,40,Business Travel,Eco,1011,4,2,2,2,4,4,4,4,4,1,5,4,4,3.38,60,87,TRUE
Male,Loyal Customer,27,Personal Travel,Eco Plus,304,4,3,4,2,1,4,1,1,5,3,2,5,1,2.77,14,17,FALSE
Female,Loyal Customer,40,Business Travel,Eco,697,5,1,1,1,5,5,5,5,2,2,1,3,5,3.15,0,0,TRUE
Female,Disloyal Customer,23,Business Travel,Business,405,4,0,4,5,5,4,5,5,3,2,5,5,5,4,22,27,TRUE
Male,Loyal Customer,58,Business Travel,Business,502,2,2,2,2,3,4,4,4,4,4,4,5,4,3.38,14,10,TRUE
Female,Loyal Customer,52,Business Travel,Business,1814,5,5,5,5,4,5,4,2,2,2,2,3,5,3.77,5,0,TRUE
Male,Loyal Customer,53,Personal Travel,Eco,140,2,3,2,1,5,2,4,5,2,2,1,3,5,2.85,8,4,FALSE
Female,Loyal Customer,30,Business Travel,Business,1337,2,2,2,2,4,4,4,4,3,3,5,3,4,3.23,0,0,TRUE
Male,Loyal Customer,33,Business Travel,Business,406,3,4,4,4,3,3,3,3,4,5,1,4,3,3.38,3,45,FALSE
Female,Loyal Customer,32,Business Travel,Business,1895,4,4,4,4,5,5,5,5,4,5,1,5,5,4.31,0,0,TRUE
Female,Loyal Customer,29,Business Travel,Business,605,2,2,2,2,4,4,4,4,3,4,5,3,4,3.31,12,0,TRUE
Male,Loyal Customer,16,Business Travel,Business,2984,3,4,5,4,3,3,3,3,1,3,4,3,3,3.23,0,0,FALSE
Female,Loyal Customer,34,Business Travel,Business,2621,3,3,2,3,5,3,4,3,3,3,3,3,2,3.08,91,84,FALSE
Male,Disloyal Customer,21,Business Travel,Eco,624,4,3,4,4,5,4,5,5,3,2,4,3,5,3.92,94,79,TRUE
Male,Loyal Customer,25,Business Travel,Business,1835,4,4,4,4,4,4,4,4,3,4,5,3,4,3.92,0,0,TRUE
Female,Disloyal Customer,26,Business Travel,Business,689,5,5,5,2,2,5,1,2,4,4,4,3,2,3.38,0,0,TRUE
Male,Loyal Customer,42,Business Travel,Business,1948,2,2,2,2,4,4,4,4,4,4,4,3,4,3.31,0,0,TRUE
Male,Loyal Customer,68,Business Travel,Eco,1033,2,4,4,4,2,2,2,2,3,5,3,1,2,2.77,37,24,FALSE
Male,Loyal Customer,46,Business Travel,Eco,1182,2,2,3,2,2,2,2,2,3,5,3,2,2,2.46,0,30,FALSE
Female,Loyal Customer,59,Business Travel,Business,2801,2,2,2,2,5,5,5,5,5,5,4,5,4,3.92,20,15,TRUE
Female,Loyal Customer,18,Personal Travel,Eco Plus,297,3,5,3,3,2,3,2,2,5,5,4,5,2,3.38,28,23,FALSE
Male,Disloyal Customer,39,Business Travel,Business,594,3,3,3,2,2,3,2,2,3,2,4,5,2,2.77,0,0,FALSE
Female,Loyal Customer,40,Business Travel,Business,2510,3,3,3,3,3,4,4,5,5,5,5,3,4,3.85,0,33,TRUE
Male,Loyal Customer,49,Business Travel,Business,1941,4,4,4,4,3,2,4,4,4,4,4,2,1,3.38,46,51,TRUE
Male,Disloyal Customer,22,Business Travel,Eco,945,3,2,2,2,2,2,1,2,3,2,3,4,2,2.31,36,37,FALSE
Male,Disloyal Customer,27,Business Travel,Business,672,3,4,4,1,2,4,2,2,3,2,4,5,2,2.92,0,0,FALSE
Female,Disloyal Customer,25,Business Travel,Business,502,5,4,5,2,1,5,1,1,5,3,5,5,1,3.31,0,0,TRUE
Male,Loyal Customer,66,Personal Travel,Eco,184,2,3,2,4,5,2,5,5,3,3,3,2,5,3.38,0,0,FALSE
Male,Loyal Customer,30,Business Travel,Business,3201,2,2,2,2,4,4,4,4,3,3,5,4,4,3.31,7,3,TRUE
Female,Loyal Customer,31,Business Travel,Business,759,1,2,2,2,1,1,1,1,2,4,3,2,1,1.77,0,0,FALSE
Male,Disloyal Customer,23,Business Travel,Business,1040,5,5,5,3,5,5,5,5,4,5,4,4,5,4.62,18,46,TRUE
Female,Disloyal Customer,47,Business Travel,Eco,214,3,5,3,3,3,3,3,3,3,3,2,3,3,3.08,63,66,FALSE
Male,Loyal Customer,25,Business Travel,Business,583,2,1,1,1,2,2,2,2,1,3,4,4,2,2.08,17,9,FALSE
Female,Disloyal Customer,21,Business Travel,Eco,425,1,5,1,3,2,1,1,2,5,4,4,5,2,2.77,10,2,FALSE
Female,Loyal Customer,42,Business Travel,Eco,2569,4,2,2,2,3,4,4,4,4,4,4,3,2,3.23,0,0,TRUE
Male,Loyal Customer,22,Personal Travel,Eco,594,2,5,2,2,5,2,5,5,2,1,3,2,5,3.15,0,0,FALSE
Female,Loyal Customer,51,Business Travel,Business,337,2,2,2,2,5,5,5,5,5,4,5,5,5,4,138,136,TRUE
Female,Disloyal Customer,22,Business Travel,Business,447,0,4,0,3,4,0,3,4,5,4,5,3,4,3,7,1,TRUE
Male,Loyal Customer,50,Personal Travel,Eco,421,1,4,1,4,5,1,5,5,2,1,3,1,5,2.92,23,27,FALSE
Female,Loyal Customer,41,Business Travel,Business,500,3,3,3,3,4,4,4,4,4,5,4,5,3,3.77,0,0,TRUE
Female,Loyal Customer,14,Business Travel,Business,2925,5,5,5,5,5,5,5,5,4,5,5,3,5,4.77,2,0,TRUE
Male,Loyal Customer,38,Business Travel,Business,449,3,4,4,4,4,3,2,3,3,3,3,1,2,3,10,16,FALSE
Male,Loyal Customer,38,Business Travel,Business,236,3,3,3,3,4,5,4,5,5,5,5,5,5,4.23,0,0,TRUE
Female,Loyal Customer,44,Business Travel,Eco,909,4,1,5,5,2,1,5,4,4,4,4,3,1,3.31,0,7,TRUE
Female,Loyal Customer,48,Business Travel,Business,594,1,1,2,1,5,4,5,5,5,5,5,5,4,3.69,0,3,TRUE
Male,Disloyal Customer,23,Business Travel,Eco,261,2,4,2,5,5,2,5,5,3,3,2,4,5,3.62,1,0,FALSE
Female,Disloyal Customer,24,Business Travel,Eco,520,1,2,1,3,5,1,5,5,1,4,4,1,5,2.92,97,95,FALSE
Female,Loyal Customer,17,Personal Travel,Eco,550,3,5,3,4,5,3,5,5,3,2,4,4,5,3.92,27,33,FALSE
Male,Loyal Customer,14,Personal Travel,Eco,1276,2,4,2,5,4,2,4,4,5,1,5,1,4,3.31,0,0,FALSE
Female,Loyal Customer,66,Personal Travel,Eco,399,2,4,2,2,2,4,4,1,1,2,1,3,3,2.38,0,0,FALSE
Female,Loyal Customer,25,Business Travel,Business,484,4,1,1,1,4,4,4,4,3,3,3,2,4,2.92,0,10,FALSE
Male,Loyal Customer,38,Business Travel,Business,602,2,2,2,2,3,4,4,4,4,4,4,3,4,3.23,0,0,TRUE
Female,Loyal Customer,49,Business Travel,Business,368,2,2,2,2,3,4,4,4,4,4,4,5,3,3.31,7,5,TRUE
Female,Loyal Customer,67,Personal Travel,Eco Plus,1085,1,5,1,1,3,5,2,4,4,1,3,4,2,2.77,0,0,FALSE
Male,Loyal Customer,48,Business Travel,Business,1798,3,4,4,4,2,4,4,3,3,3,3,1,1,3,0,0,FALSE
Female,Loyal Customer,35,Personal Travel,Eco,77,2,5,0,3,1,0,1,1,5,2,4,5,1,2.31,0,0,FALSE
Male,Loyal Customer,55,Business Travel,Business,3361,3,5,5,5,3,3,4,3,3,3,3,1,2,3.31,0,9,FALSE
Female,Loyal Customer,13,Personal Travel,Eco,837,3,4,3,5,3,3,3,3,3,5,1,2,3,3.15,18,12,FALSE
Male,Disloyal Customer,24,Business Travel,Business,240,0,0,0,5,5,0,5,5,4,5,4,4,5,3.23,0,0,TRUE
Male,Loyal Customer,42,Business Travel,Business,1983,4,4,1,4,5,5,3,1,1,2,1,5,2,2.92,3,0,TRUE
Female,Loyal Customer,48,Personal Travel,Eco,501,3,4,3,1,5,4,5,3,3,3,3,4,4,3.46,0,0,FALSE
Male,Loyal Customer,33,Personal Travel,Eco,1371,2,3,2,4,5,2,2,5,1,2,4,1,5,2.92,3,0,FALSE
Female,Disloyal Customer,25,Business Travel,Business,1431,5,0,5,3,4,5,4,4,3,5,4,3,4,3.77,0,0,TRUE
Female,Loyal Customer,21,Personal Travel,Eco,387,2,4,2,3,1,2,1,1,4,4,5,4,1,2.62,0,0,FALSE
Female,Loyal Customer,37,Personal Travel,Eco,692,1,4,1,1,3,1,3,3,3,5,4,4,3,2.77,0,0,FALSE
Male,Loyal Customer,38,Personal Travel,Eco,987,1,4,0,1,2,0,2,2,5,4,4,3,2,2.31,0,0,FALSE
Male,Loyal Customer,27,Personal Travel,Eco,258,4,1,4,4,2,4,2,2,4,4,3,4,2,3.08,0,0,TRUE
Male,Loyal Customer,53,Business Travel,Eco,147,3,4,4,4,3,3,3,3,4,5,3,3,3,3.46,0,13,FALSE
Female,Loyal Customer,20,Personal Travel,Eco,1399,2,4,2,3,3,2,3,3,3,4,3,3,3,2.92,0,0,FALSE
Male,Loyal Customer,34,Business Travel,Eco,866,0,0,0,4,1,0,1,1,1,1,3,4,1,1.31,0,0,TRUE
Female,Loyal Customer,51,Business Travel,Eco,354,5,2,2,2,1,2,4,5,5,5,5,5,4,3.62,0,0,TRUE
Male,Disloyal Customer,25,Business Travel,Business,277,2,4,3,4,3,3,1,3,1,4,3,2,3,2.77,0,0,FALSE
Male,Loyal Customer,29,Business Travel,Business,2471,2,2,3,2,3,3,3,3,4,2,4,3,3,2.85,0,0,TRUE
Male,Loyal Customer,51,Business Travel,Business,545,5,5,5,5,5,5,4,4,4,4,4,3,5,4.46,0,0,TRUE
Female,Loyal Customer,58,Business Travel,Business,738,3,3,3,3,5,4,5,4,4,4,4,5,4,3.92,1,9,TRUE
Female,Loyal Customer,73,Business Travel,Business,2561,5,5,5,5,3,5,5,4,4,4,4,3,3,4.23,0,0,TRUE
Male,Loyal Customer,8,Personal Travel,Eco,189,1,3,0,4,4,0,4,4,2,1,3,1,4,2.38,66,64,FALSE
Female,Disloyal Customer,44,Business Travel,Business,725,2,2,2,2,2,2,2,2,5,5,4,4,2,2.77,0,0,FALSE
Male,Loyal Customer,48,Business Travel,Business,3905,0,1,1,1,4,4,5,1,1,1,1,5,5,2.31,0,0,TRUE
Female,Loyal Customer,11,Personal Travel,Eco,331,3,2,3,4,4,3,4,4,1,1,3,4,4,3.08,0,0,FALSE
Female,Loyal Customer,57,Business Travel,Eco,143,3,1,1,1,5,3,3,3,3,3,3,2,1,2.46,0,0,FALSE
Female,Disloyal Customer,33,Business Travel,Business,630,3,3,3,5,2,3,2,2,4,2,4,5,2,3.08,0,1,FALSE
Female,Loyal Customer,34,Business Travel,Eco,547,5,3,3,3,5,5,5,5,2,3,4,4,5,4,0,3,TRUE
Female,Loyal Customer,33,Business Travel,Eco,645,4,1,4,1,4,4,4,4,4,2,2,3,4,3.15,25,40,TRUE
Male,Disloyal Customer,9,Personal Travel,Eco,646,3,5,3,3,3,3,3,3,2,4,5,2,3,3.23,2,0,FALSE
Male,Loyal Customer,45,Business Travel,Business,2952,2,2,3,2,3,4,4,5,5,5,5,5,4,3.77,0,2,TRUE
Male,Loyal Customer,44,Business Travel,Business,3775,5,5,5,5,5,4,4,4,4,4,4,5,4,4.46,0,0,TRUE
Male,Loyal Customer,44,Business Travel,Eco,364,3,3,4,4,3,3,3,3,5,3,3,5,3,3.46,0,14,TRUE
Female,Loyal Customer,47,Personal Travel,Eco,546,1,1,2,3,4,4,3,4,4,2,4,3,4,3,5,0,FALSE
Female,Loyal Customer,63,Business Travel,Business,3252,2,1,3,3,5,4,3,2,2,2,2,3,3,2.69,0,0,FALSE
Female,Loyal Customer,29,Business Travel,Business,3871,1,1,1,1,5,5,5,5,3,3,4,5,5,3.38,46,63,TRUE
Female,Loyal Customer,25,Business Travel,Business,888,3,3,3,3,5,5,5,5,4,3,4,5,5,4.08,30,52,TRUE
Female,Loyal Customer,62,Personal Travel,Eco,305,2,3,2,3,5,4,3,1,1,2,2,2,2,2.46,0,9,FALSE
Male,Loyal Customer,28,Business Travel,Business,2367,3,3,3,3,3,3,3,3,3,4,4,4,3,3.23,0,0,TRUE
Female,Disloyal Customer,29,Business Travel,Eco,872,4,4,4,4,3,4,5,3,3,4,3,3,3,3.62,0,0,FALSE
Male,Loyal Customer,36,Personal Travel,Eco Plus,536,3,4,3,3,4,3,4,4,5,5,5,5,4,4,19,13,FALSE
Male,Loyal Customer,38,Business Travel,Eco,2153,3,4,4,4,3,5,3,3,5,1,3,4,3,3.46,18,28,TRUE
Male,Loyal Customer,58,Personal Travel,Eco,621,3,5,3,4,1,3,1,1,5,4,4,3,1,2.92,0,0,FALSE
Male,Loyal Customer,26,Business Travel,Business,3101,2,2,2,2,2,2,2,2,5,5,4,3,2,2.69,17,13,TRUE
Female,Loyal Customer,46,Business Travel,Business,3345,3,5,5,5,5,4,4,3,3,3,3,2,3,3.69,18,11,FALSE
Female,Loyal Customer,39,Business Travel,Business,3454,2,5,5,5,5,4,3,2,2,2,2,3,3,3.31,0,0,FALSE
Female,Loyal Customer,61,Business Travel,Business,2119,0,4,1,4,5,2,4,4,4,4,4,5,3,3.38,0,0,TRUE
Female,Disloyal Customer,30,Business Travel,Eco,986,3,2,2,1,3,2,3,3,5,5,5,4,3,3.15,0,0,FALSE
Female,Loyal Customer,47,Business Travel,Business,3568,2,2,2,2,3,4,3,2,2,2,2,3,4,2.54,0,0,FALSE
Female,Loyal Customer,65,Personal Travel,Eco,356,1,5,1,2,3,5,5,1,1,1,1,4,4,2.62,0,0,FALSE
Male,Loyal Customer,36,Personal Travel,Eco,318,1,5,1,3,3,1,3,3,4,1,2,1,3,2.38,0,0,FALSE
Female,Loyal Customer,38,Business Travel,Business,3680,1,1,1,1,3,4,4,5,5,5,5,3,4,3.23,0,0,TRUE
Female,Disloyal Customer,45,Business Travel,Eco,113,2,0,2,3,1,2,1,1,2,4,1,3,1,1.77,0,27,FALSE
Female,Loyal Customer,45,Business Travel,Business,3550,1,1,1,1,4,5,5,4,4,4,4,5,4,3.31,1,0,TRUE
Female,Loyal Customer,25,Business Travel,Business,304,4,1,1,1,4,3,4,4,2,4,3,1,4,2.77,0,0,FALSE
Female,Loyal Customer,22,Business Travel,Business,3246,5,5,5,5,4,4,4,4,3,4,5,5,4,4.38,0,0,TRUE
Male,Loyal Customer,41,Personal Travel,Business,1500,0,4,0,2,3,4,5,5,5,4,1,5,3,3.15,0,2,TRUE
Male,Disloyal Customer,14,Business Travel,Eco,989,4,4,4,4,5,4,5,5,2,5,3,4,5,4.15,0,0,FALSE
Male,Loyal Customer,52,Business Travel,Business,1334,1,1,1,1,3,4,5,4,4,5,4,3,5,3.15,7,8,TRUE
Male,Loyal Customer,33,Personal Travel,Eco,1127,4,5,4,2,3,4,3,3,5,2,4,4,3,3.54,0,0,FALSE
Male,Loyal Customer,47,Personal Travel,Eco,433,3,5,3,5,4,3,5,4,3,5,4,4,4,4,0,0,FALSE
Female,Loyal Customer,39,Personal Travel,Eco,190,4,2,4,3,5,4,5,5,1,2,3,3,5,3.54,54,48,FALSE
Male,Loyal Customer,29,Business Travel,Business,585,3,1,1,1,3,3,3,3,2,5,4,2,3,2.62,0,0,FALSE
Female,Disloyal Customer,23,Business Travel,Eco,1262,3,3,3,3,2,3,2,2,5,2,4,4,2,2.92,0,0,FALSE
Female,Loyal Customer,26,Business Travel,Business,1521,3,4,4,4,3,3,3,3,4,5,3,2,3,3.38,30,23,FALSE
Male,Loyal Customer,47,Personal Travel,Eco,733,3,1,3,3,2,3,2,2,4,2,4,3,2,2.62,0,0,FALSE
Male,Loyal Customer,7,Personal Travel,Eco,328,3,2,3,4,4,3,4,4,4,1,3,4,4,3.31,0,0,FALSE
Female,Loyal Customer,39,Business Travel,Business,2619,5,5,5,5,4,4,2,4,4,4,4,3,3,4,4,48,TRUE
Male,Loyal Customer,46,Business Travel,Eco,531,3,2,2,2,3,3,3,3,4,4,3,2,3,2.85,98,90,FALSE
Male,Loyal Customer,56,Business Travel,Business,1653,2,2,4,2,3,5,4,5,5,5,5,5,3,3.85,11,3,TRUE
Female,Loyal Customer,58,Business Travel,Eco,342,4,5,5,5,3,1,4,4,4,4,4,5,5,4.08,24,18,TRUE
Female,Loyal Customer,10,Personal Travel,Eco,1400,0,1,0,3,4,0,4,4,4,3,3,1,4,2.38,0,0,TRUE
Female,Loyal Customer,59,Personal Travel,Eco,1773,2,3,2,4,2,3,4,2,2,2,2,2,1,2.38,23,3,FALSE
Female,Loyal Customer,48,Business Travel,Business,691,2,4,4,4,4,3,3,2,2,2,2,4,1,2.85,0,7,FALSE
Male,Loyal Customer,50,Business Travel,Business,1526,2,2,2,2,3,5,5,3,3,4,5,3,5,3.38,0,22,TRUE
Female,Loyal Customer,34,Business Travel,Business,3835,3,2,2,2,1,4,3,3,3,3,3,2,2,2.54,0,0,FALSE
Female,Loyal Customer,65,Personal Travel,Eco,1589,2,4,2,1,5,5,5,1,1,2,1,5,4,2.92,0,4,FALSE
Female,Loyal Customer,30,Business Travel,Eco,262,3,3,5,5,3,2,3,3,3,2,4,3,3,3.23,6,0,FALSE
Female,Disloyal Customer,25,Business Travel,Business,247,3,5,3,2,5,3,5,5,5,4,5,3,5,4.08,46,54,FALSE
Female,Disloyal Customer,27,Business Travel,Business,89,4,4,4,3,3,4,3,3,4,3,4,5,3,3.62,3,21,TRUE
Female,Disloyal Customer,62,Business Travel,Business,920,2,2,2,1,1,2,1,1,4,2,5,3,1,2.08,0,0,FALSE
Female,Loyal Customer,8,Personal Travel,Eco,646,4,3,4,4,1,4,1,1,2,2,2,1,1,2.31,0,0,FALSE
Male,Disloyal Customer,42,Business Travel,Eco,425,2,1,2,3,1,2,1,1,1,2,3,3,1,1.77,0,0,FALSE
Female,Loyal Customer,22,Business Travel,Eco Plus,641,1,5,4,5,1,1,3,1,3,2,3,2,1,2.46,9,0,FALSE
Male,Loyal Customer,44,Personal Travel,Eco,1576,1,5,2,1,5,2,3,5,4,5,4,5,5,3.62,11,4,FALSE
Female,Loyal Customer,18,Personal Travel,Eco,599,4,4,4,5,5,4,5,5,1,3,4,3,5,4,59,59,FALSE
Male,Loyal Customer,58,Personal Travel,Eco,516,2,5,2,1,2,2,2,4,2,5,4,2,2,2.69,181,185,FALSE
Female,Loyal Customer,60,Business Travel,Eco,2402,2,2,2,2,5,3,4,2,2,2,2,1,1,2.31,0,0,FALSE
Female,Loyal Customer,80,Business Travel,Business,3201,2,2,2,2,1,1,1,5,5,5,5,3,1,2.69,0,0,TRUE
Male,Loyal Customer,33,Business Travel,Eco Plus,449,4,2,2,2,4,4,4,4,2,3,4,2,4,3.15,0,0,TRUE
Male,Loyal Customer,50,Business Travel,Business,2146,1,2,2,2,1,4,4,1,1,1,1,3,1,1.85,6,0,FALSE
Female,Disloyal Customer,24,Business Travel,Eco,483,3,4,3,4,5,3,3,5,1,1,3,2,5,3.23,0,0,FALSE
Male,Loyal Customer,46,Business Travel,Business,2937,2,2,2,2,5,4,5,5,5,5,5,3,5,3.85,4,2,TRUE
Female,Loyal Customer,49,Personal Travel,Eco,621,2,4,2,1,2,4,5,4,4,2,4,3,5,3.23,0,0,FALSE
Male,Loyal Customer,51,Business Travel,Business,101,4,4,4,4,3,2,3,4,4,4,5,4,2,3.62,0,2,TRUE
Male,Loyal Customer,44,Business Travel,Business,972,4,4,4,4,5,4,5,5,5,5,5,1,3,4.15,0,0,TRUE
Male,Loyal Customer,23,Personal Travel,Eco,321,4,3,4,5,1,4,1,1,4,3,5,5,1,3.15,0,0,FALSE
Female,Loyal Customer,14,Personal Travel,Eco Plus,1117,3,4,3,1,4,3,4,4,5,4,5,4,4,3.69,50,26,FALSE
Female,Loyal Customer,42,Business Travel,Eco Plus,591,4,3,1,1,1,3,2,4,4,4,4,1,3,2.69,3,0,TRUE
Female,Loyal Customer,38,Business Travel,Eco Plus,251,2,3,3,3,2,2,2,2,1,1,4,4,2,2.38,0,8,FALSE
Female,Loyal Customer,16,Personal Travel,Eco,1979,2,5,2,3,2,5,3,5,3,1,3,3,3,3.08,301,304,FALSE
Female,Loyal Customer,31,Personal Travel,Eco,101,4,4,4,5,4,4,4,4,5,3,4,5,4,4.15,0,0,TRUE
Female,Loyal Customer,20,Personal Travel,Eco,529,4,4,4,1,2,4,2,2,5,5,4,5,2,3.38,0,0,FALSE
Female,Loyal Customer,15,Personal Travel,Eco,192,1,5,1,2,5,1,2,5,5,2,4,5,5,3.31,5,2,FALSE
Female,Loyal Customer,27,Business Travel,Eco Plus,627,0,0,0,3,2,0,2,2,2,2,3,1,2,1.46,83,69,TRUE
Male,Loyal Customer,12,Personal Travel,Eco,101,5,4,5,5,3,5,3,3,5,5,5,4,3,4.23,0,0,TRUE
Female,Loyal Customer,85,Business Travel,Business,325,1,1,1,1,4,4,4,5,5,4,5,4,4,3.31,0,0,TRUE
Male,Loyal Customer,12,Personal Travel,Eco Plus,420,3,4,3,4,2,3,2,2,4,2,5,5,2,3.15,0,0,FALSE
Male,Loyal Customer,24,Business Travel,Business,270,3,4,4,4,3,3,3,3,3,2,4,3,3,3.23,0,0,FALSE
Female,Loyal Customer,41,Business Travel,Business,751,3,3,3,3,2,5,5,4,4,4,4,5,4,3.77,66,56,TRUE
Female,Disloyal Customer,25,Business Travel,Business,140,3,0,3,1,2,3,2,2,3,2,5,3,2,2.38,0,0,FALSE
Female,Loyal Customer,51,Business Travel,Business,3712,4,4,4,4,3,5,4,4,4,4,4,5,4,4.08,16,0,TRUE
Male,Loyal Customer,19,Personal Travel,Eco,525,2,2,5,3,3,5,3,3,4,1,3,2,3,3,0,0,FALSE
Female,Loyal Customer,40,Business Travel,Business,644,5,5,5,5,2,5,5,3,3,3,3,4,4,4,0,0,TRUE
Female,Loyal Customer,60,Business Travel,Business,792,3,3,3,3,4,5,3,3,3,4,3,3,3,3.31,0,0,TRUE
Female,Loyal Customer,35,Business Travel,Eco,844,3,3,3,3,3,3,3,3,1,3,3,5,3,3,10,1,TRUE
Male,Loyal Customer,30,Personal Travel,Eco,224,0,4,0,3,1,0,1,1,3,1,5,5,1,1.92,3,4,TRUE
Male,Loyal Customer,17,Personal Travel,Eco,427,1,4,5,3,3,5,3,3,2,4,3,3,3,3.23,11,6,FALSE
Female,Loyal Customer,43,Business Travel,Eco,909,5,1,3,1,1,3,4,5,5,5,5,4,5,3.62,0,0,TRUE
Female,Loyal Customer,47,Business Travel,Eco Plus,1389,3,2,2,2,4,4,3,3,3,3,3,2,4,2.92,0,0,FALSE
Female,Disloyal Customer,20,Business Travel,Eco,758,2,2,2,3,3,2,3,3,5,3,5,3,3,3,9,0,FALSE
Male,Loyal Customer,27,Personal Travel,Eco,829,2,4,1,2,4,1,4,4,3,4,5,3,4,3.15,0,0,FALSE
Female,Disloyal Customer,15,Business Travel,Eco,2846,4,3,3,3,5,4,5,5,3,5,5,3,5,4.08,4,0,TRUE
Female,Loyal Customer,41,Business Travel,Business,3226,5,4,5,5,2,4,5,5,5,5,5,3,3,4.31,0,0,TRUE
Male,Loyal Customer,38,Business Travel,Business,1671,5,5,3,5,3,5,5,3,3,3,3,5,3,3.92,3,0,TRUE
Female,Loyal Customer,52,Business Travel,Eco Plus,405,2,4,1,4,1,3,4,3,3,2,3,1,4,2.69,40,42,FALSE
Male,Loyal Customer,33,Personal Travel,Eco,1598,2,5,2,4,1,2,1,1,5,3,5,3,1,2.69,0,2,FALSE
Male,Loyal Customer,26,Personal Travel,Eco,448,2,4,2,1,2,2,2,2,3,2,5,4,2,2.54,1,0,FALSE
Female,Loyal Customer,55,Business Travel,Business,3703,3,3,3,3,4,5,4,4,4,5,4,4,3,3.77,1,15,TRUE
Female,Loyal Customer,34,Business Travel,Business,2640,3,3,2,3,4,5,4,5,5,5,5,3,4,3.92,0,0,TRUE
Female,Loyal Customer,7,Personal Travel,Business,349,2,5,2,5,3,2,3,3,5,2,2,1,3,2.92,0,0,FALSE
Female,Loyal Customer,69,Personal Travel,Eco,265,2,2,0,3,5,2,3,4,4,0,4,2,1,2.46,0,0,FALSE
Female,Disloyal Customer,13,Business Travel,Eco,631,5,0,5,3,4,5,4,4,3,5,4,4,4,3.85,0,0,TRUE
Male,Loyal Customer,39,Business Travel,Business,2926,2,2,2,2,3,1,5,4,4,4,4,1,5,3,50,58,TRUE
Male,Loyal Customer,45,Business Travel,Business,2796,3,3,3,3,5,4,4,4,4,4,4,5,5,3.92,72,89,TRUE
Female,Loyal Customer,52,Personal Travel,Eco,666,3,4,3,3,3,5,4,1,1,3,5,5,3,3.31,7,25,FALSE
Female,Loyal Customer,58,Business Travel,Business,2395,3,2,2,2,3,3,4,3,3,3,3,4,3,2.92,0,0,FALSE
Male,Loyal Customer,54,Business Travel,Business,413,4,4,4,4,5,4,5,5,5,5,5,5,3,4.46,0,16,TRUE
Male,Disloyal Customer,50,Business Travel,Eco,594,2,2,2,3,1,2,1,1,4,2,4,3,1,2.15,0,0,FALSE
Female,Loyal Customer,44,Personal Travel,Eco,666,3,4,3,5,3,2,2,1,1,3,1,4,4,2.77,3,33,FALSE
Male,Loyal Customer,34,Business Travel,Business,1660,3,3,3,3,1,5,5,4,4,4,4,1,4,3.38,0,0,TRUE
Female,Loyal Customer,42,Personal Travel,Eco,386,2,5,2,5,4,2,3,2,2,2,2,5,4,3.08,0,1,FALSE
Male,Loyal Customer,57,Personal Travel,Eco,746,2,4,2,2,4,2,4,4,5,2,4,3,4,3.23,0,0,FALSE
Male,Loyal Customer,44,Business Travel,Business,3848,2,2,2,2,2,4,5,4,4,4,4,3,3,3.15,74,65,TRUE
Male,Disloyal Customer,35,Business Travel,Eco,409,2,0,2,3,5,2,5,5,1,2,3,4,5,3,0,27,FALSE
Female,Disloyal Customer,39,Business Travel,Business,290,3,3,3,3,2,3,2,2,5,3,5,4,2,3.08,0,0,FALSE
Female,Loyal Customer,39,Business Travel,Business,177,1,3,4,3,4,3,4,1,1,1,1,4,2,2.46,19,24,FALSE
Male,Loyal Customer,37,Business Travel,Eco,1105,5,5,3,5,5,5,5,5,5,2,5,1,5,4.31,4,1,TRUE
Male,Loyal Customer,35,Business Travel,Business,3723,2,2,2,2,5,4,4,3,3,3,3,4,5,3.23,26,11,TRUE
Female,Loyal Customer,49,Business Travel,Business,2860,2,2,2,2,4,2,4,4,4,4,4,2,4,3.08,0,0,TRUE
Female,Loyal Customer,36,Business Travel,Business,3655,2,1,2,2,3,4,3,2,2,2,2,1,2,2.15,0,0,FALSE
Male,Loyal Customer,41,Business Travel,Business,1900,3,2,3,3,2,4,5,5,5,5,5,5,4,3.92,11,14,TRUE
Female,Loyal Customer,37,Business Travel,Eco,157,4,1,5,5,4,4,4,4,4,3,2,1,4,3.46,0,0,TRUE
Female,Loyal Customer,69,Personal Travel,Eco Plus,2585,2,5,2,5,3,4,4,3,3,2,3,5,5,3.54,0,0,FALSE
Female,Loyal Customer,62,Business Travel,Business,733,1,5,5,5,1,3,4,1,1,2,1,1,1,2.38,0,0,FALSE
Male,Loyal Customer,63,Personal Travel,Eco,1085,1,4,1,3,3,1,4,3,4,3,5,5,3,3.08,0,0,FALSE
Male,Loyal Customer,23,Personal Travel,Eco,197,2,4,2,4,1,2,1,1,1,2,4,1,1,2,1,0,FALSE
Male,Loyal Customer,17,Personal Travel,Eco,239,2,4,2,1,4,2,4,4,4,5,4,3,4,3.31,0,0,FALSE
Female,Disloyal Customer,9,Business Travel,Eco,508,5,3,5,5,5,5,5,5,2,3,1,3,5,4,0,0,TRUE
Female,Disloyal Customer,25,Business Travel,Business,1431,4,5,4,3,5,4,5,5,3,2,4,5,5,4.15,0,0,FALSE
Female,Disloyal Customer,23,Business Travel,Eco,620,4,5,4,4,3,4,3,3,2,1,4,5,3,3.46,0,0,TRUE
Female,Loyal Customer,21,Personal Travel,Eco,409,3,4,3,1,3,3,3,3,1,1,4,2,3,2.62,71,83,FALSE
Male,Loyal Customer,45,Business Travel,Business,404,5,5,5,5,3,4,5,4,4,4,4,5,4,4.38,0,0,TRUE
Male,Disloyal Customer,36,Business Travel,Eco,158,3,0,3,1,5,3,1,5,3,4,1,4,5,2.92,0,17,FALSE
Male,Loyal Customer,52,Business Travel,Business,2370,4,4,4,4,4,3,5,4,4,4,4,3,5,4,0,0,TRUE
Male,Loyal Customer,39,Business Travel,Business,3887,4,4,4,4,3,5,5,4,4,4,4,4,5,4.15,0,0,TRUE
Male,Loyal Customer,37,Business Travel,Business,1411,4,4,4,4,5,5,5,5,5,5,5,5,3,4.54,0,0,TRUE
Male,Loyal Customer,31,Personal Travel,Business,812,3,1,3,4,5,3,2,5,2,5,3,2,5,3.31,0,0,FALSE
Female,Loyal Customer,42,Business Travel,Eco,867,4,2,2,2,5,1,3,5,5,4,5,1,5,3.38,0,0,TRUE
Male,Disloyal Customer,36,Business Travel,Eco,1428,2,2,2,1,3,2,3,3,3,3,5,4,3,2.77,5,19,FALSE
Male,Loyal Customer,37,Business Travel,Business,2327,1,2,2,2,5,4,4,1,1,1,1,3,1,2.15,53,62,FALSE
Female,Disloyal Customer,25,Business Travel,Business,280,4,0,4,2,4,4,5,4,5,3,4,3,4,3.54,0,0,TRUE
Female,Loyal Customer,50,Business Travel,Business,2994,2,5,2,2,5,5,5,4,4,4,4,3,5,3.85,8,15,TRUE
Male,Loyal Customer,57,Personal Travel,Eco,604,4,4,4,3,3,4,3,3,3,2,4,3,3,3.31,0,0,FALSE
Male,Loyal Customer,24,Personal Travel,Eco,337,3,5,5,4,5,5,5,5,3,5,4,5,5,4.54,0,0,FALSE
Male,Loyal Customer,51,Personal Travel,Business,1208,3,3,3,3,3,3,1,3,3,3,2,3,3,2.77,0,0,FALSE
Male,Disloyal Customer,29,Business Travel,Eco,67,4,3,4,2,2,4,2,2,3,4,4,1,2,2.85,0,0,FALSE
Male,Loyal Customer,38,Business Travel,Eco,383,5,4,4,4,5,5,5,5,4,4,5,5,5,4.62,40,36,TRUE
Female,Loyal Customer,55,Business Travel,Business,1773,5,5,5,5,2,4,4,4,4,4,4,4,3,4.08,0,0,TRUE
Female,Loyal Customer,9,Personal Travel,Eco,516,2,4,2,4,2,2,2,2,5,3,4,3,2,2.85,0,12,FALSE
Female,Loyal Customer,50,Business Travel,Business,140,2,2,2,2,4,5,4,5,5,5,5,3,3,3.62,0,0,TRUE
Male,Loyal Customer,61,Personal Travel,Eco,140,4,0,4,5,2,4,2,2,3,5,5,4,2,3.23,33,25,FALSE
Female,Loyal Customer,34,Business Travel,Business,2248,3,1,3,3,5,5,5,4,5,3,5,5,5,4,5,4,TRUE
Male,Disloyal Customer,22,Business Travel,Eco,850,3,2,2,4,3,2,3,3,4,2,4,5,3,3.08,124,126,FALSE
Male,Loyal Customer,33,Personal Travel,Eco Plus,451,5,4,5,4,4,5,4,4,4,3,4,4,4,4.15,0,0,TRUE
Female,Loyal Customer,42,Business Travel,Business,889,3,3,3,3,2,5,5,5,5,4,5,5,3,3.92,28,28,TRUE
Male,Disloyal Customer,20,Business Travel,Business,296,5,0,5,3,1,5,1,1,4,2,5,4,1,2.85,0,0,TRUE
Female,Disloyal Customer,21,Business Travel,Eco,156,3,0,3,3,3,3,2,3,4,5,3,5,3,3.08,0,0,FALSE
Female,Loyal Customer,51,Business Travel,Business,3906,1,1,1,1,2,5,4,3,3,4,3,4,5,2.85,0,0,TRUE
Male,Loyal Customer,31,Business Travel,Business,1533,4,4,4,4,5,5,5,5,5,5,1,2,5,4.15,0,0,TRUE
Female,Loyal Customer,45,Business Travel,Business,3951,3,5,5,5,5,3,2,3,3,3,3,1,3,3.38,17,24,FALSE
Male,Loyal Customer,46,Business Travel,Eco,987,2,5,5,5,3,2,3,3,3,5,4,5,3,3.69,0,0,TRUE
Female,Loyal Customer,44,Business Travel,Eco,337,4,1,1,1,2,1,1,4,4,4,4,5,3,2.69,22,22,TRUE
Male,Loyal Customer,14,Personal Travel,Eco,868,2,4,2,3,4,2,4,4,1,2,4,3,4,3,0,11,FALSE
Female,Loyal Customer,18,Personal Travel,Eco,179,2,1,0,2,2,0,2,2,3,1,3,4,2,1.85,0,19,FALSE
Female,Loyal Customer,53,Personal Travel,Eco,558,3,2,3,4,4,3,3,2,2,3,2,1,2,2.62,0,0,FALSE
Female,Loyal Customer,42,Personal Travel,Eco,2454,2,4,2,3,4,4,4,4,4,2,4,5,5,3.62,31,35,FALSE
Male,Loyal Customer,9,Business Travel,Eco Plus,2039,2,2,2,2,2,2,3,2,4,1,3,3,2,2.31,7,0,FALSE
Male,Loyal Customer,53,Business Travel,Eco Plus,296,4,5,5,5,4,4,4,4,4,4,4,3,4,4.15,13,11,TRUE
Female,Disloyal Customer,30,Business Travel,Eco,769,1,1,1,3,4,1,4,4,1,3,4,3,4,2.62,48,34,FALSE
Female,Loyal Customer,34,Personal Travel,Eco,405,4,4,4,4,4,4,4,4,3,3,4,3,4,3.77,0,0,FALSE
Male,Loyal Customer,39,Business Travel,Business,2629,3,3,3,3,5,4,4,4,4,5,4,3,3,3.69,0,17,TRUE
Male,Loyal Customer,18,Personal Travel,Eco,282,4,4,4,3,1,4,1,1,4,5,4,4,1,3.08,0,0,FALSE
Male,Loyal Customer,7,Personal Travel,Eco,201,2,4,2,2,2,2,2,2,1,1,2,5,2,2.23,0,0,FALSE
Male,Loyal Customer,60,Business Travel,Eco,646,1,3,3,3,1,1,1,1,1,2,4,3,1,1.92,42,39,FALSE
Male,Loyal Customer,19,Personal Travel,Eco,432,4,5,4,1,2,4,2,2,4,5,4,2,2,3.15,0,0,FALSE
Male,Loyal Customer,29,Personal Travel,Eco,936,5,5,5,3,2,5,2,2,2,1,1,4,2,3,0,0,TRUE
Female,Loyal Customer,50,Business Travel,Business,1447,4,4,4,4,2,5,5,4,4,4,4,3,5,4,43,37,TRUE
Female,Loyal Customer,59,Business Travel,Business,2597,2,1,1,1,4,2,2,2,2,2,2,2,2,1.92,30,24,FALSE
Female,Loyal Customer,49,Business Travel,Eco Plus,2585,2,4,4,4,2,2,2,3,2,2,3,2,2,2.62,0,0,FALSE
Female,Loyal Customer,38,Business Travel,Eco,391,4,4,4,4,4,4,4,4,5,3,2,4,4,3.85,0,0,TRUE
Female,Loyal Customer,49,Personal Travel,Eco,447,2,5,1,1,4,1,4,5,5,1,5,4,4,3.23,0,0,FALSE
Male,Loyal Customer,35,Business Travel,Eco,596,1,4,4,4,1,1,1,1,4,1,4,4,1,2.38,0,0,FALSE
Male,Disloyal Customer,27,Business Travel,Business,280,5,5,5,2,4,5,4,4,3,2,4,5,4,4,36,35,TRUE
Male,Loyal Customer,51,Business Travel,Eco,984,2,1,1,1,2,2,2,2,2,5,2,3,2,2.08,7,0,FALSE
Male,Loyal Customer,21,Personal Travel,Eco,413,3,5,5,2,1,5,1,1,4,4,5,5,1,3.23,86,68,FALSE
Male,Disloyal Customer,23,Business Travel,Eco,268,2,0,2,1,4,2,5,4,4,3,5,4,4,3.08,0,11,FALSE
Male,Disloyal Customer,58,Business Travel,Business,349,1,1,1,4,4,1,2,4,2,2,3,2,4,2.38,0,0,FALSE
Female,Loyal Customer,41,Business Travel,Eco Plus,1010,5,5,5,5,2,2,3,4,4,5,4,4,1,3.77,0,0,TRUE
Male,Loyal Customer,41,Business Travel,Eco,873,4,5,3,5,4,4,4,4,4,2,4,4,4,3.92,0,0,TRUE
Male,Loyal Customer,50,Personal Travel,Eco,2496,3,5,3,4,1,3,3,1,5,3,3,3,1,2.92,4,0,FALSE
Female,Loyal Customer,9,Business Travel,Eco,781,1,3,3,3,1,1,2,1,1,2,4,4,1,2.08,0,5,FALSE
Male,Disloyal Customer,23,Business Travel,Eco,674,3,3,3,3,1,3,2,1,2,5,4,2,1,2.54,0,2,FALSE
Female,Loyal Customer,67,Business Travel,Business,1709,2,4,4,4,1,2,4,2,2,2,2,1,3,2.54,0,0,FALSE
Female,Loyal Customer,41,Business Travel,Business,2273,3,3,1,3,3,5,5,5,5,4,5,3,4,3.77,0,0,TRUE
Male,Loyal Customer,47,Business Travel,Business,201,0,5,0,5,3,5,5,5,5,5,5,3,4,3.85,8,5,TRUE
Male,Loyal Customer,36,Business Travel,Business,3801,4,4,4,4,3,3,1,5,5,5,5,1,2,3.54,0,0,TRUE
Female,Loyal Customer,45,Business Travel,Business,2537,3,3,3,3,1,4,5,4,4,4,4,4,3,3.46,0,0,TRUE
Male,Disloyal Customer,25,Business Travel,Business,696,4,0,4,3,5,4,5,5,4,4,4,4,5,3.92,14,19,FALSE
Female,Loyal Customer,67,Personal Travel,Eco,1012,2,1,1,2,2,1,2,4,4,1,4,1,3,2.15,0,0,FALSE
Male,Loyal Customer,49,Business Travel,Business,3225,3,3,2,3,4,5,4,5,5,5,5,5,5,4.15,1,0,TRUE
Male,Disloyal Customer,40,Business Travel,Business,370,1,1,1,2,4,1,5,4,3,2,4,5,4,2.85,6,0,FALSE
Female,Loyal Customer,80,Business Travel,Eco,120,3,4,4,4,2,3,3,3,3,3,3,2,1,2.92,76,64,FALSE
Male,Loyal Customer,57,Business Travel,Eco,204,4,2,2,2,4,4,4,4,5,2,2,2,4,3.15,0,0,TRUE
Female,Disloyal Customer,28,Business Travel,Eco,950,2,2,2,4,3,2,3,3,2,2,3,1,3,2.46,0,0,FALSE
Male,Loyal Customer,70,Personal Travel,Eco,677,1,1,1,3,4,1,4,4,4,5,4,2,4,2.92,0,0,FALSE
Female,Loyal Customer,41,Business Travel,Eco,1028,1,3,3,3,1,1,1,1,3,2,2,4,1,2,0,0,FALSE
Female,Disloyal Customer,36,Business Travel,Eco,945,1,1,1,3,1,1,1,1,2,5,5,1,1,1.85,0,0,FALSE
Female,Loyal Customer,49,Business Travel,Business,2227,3,3,3,3,5,5,4,4,4,4,4,3,5,3.85,21,16,TRUE
Female,Disloyal Customer,39,Business Travel,Business,237,4,4,4,2,3,4,3,3,4,4,5,4,3,3.62,0,0,TRUE
Male,Loyal Customer,28,Business Travel,Business,2342,5,5,4,5,5,5,5,5,1,1,3,5,5,4.15,21,9,TRUE
Male,Loyal Customer,24,Personal Travel,Eco,1506,3,2,3,3,5,3,5,5,2,5,3,2,5,3.54,0,1,FALSE
Male,Loyal Customer,43,Business Travel,Business,125,0,4,0,1,1,1,1,3,5,3,2,1,1,1.77,142,148,TRUE
Male,Loyal Customer,30,Personal Travel,Eco,641,3,5,2,3,5,2,2,5,3,3,2,2,5,3.23,27,14,FALSE
Female,Disloyal Customer,24,Business Travel,Eco,189,2,0,3,2,3,3,3,3,4,3,4,4,3,2.85,1,0,FALSE
Male,Loyal Customer,67,Business Travel,Business,2895,4,5,5,5,4,4,3,2,2,2,4,4,3,3.62,20,14,FALSE
Female,Loyal Customer,48,Personal Travel,Eco,643,3,5,3,1,3,4,5,2,2,3,2,4,5,3.23,9,20,FALSE
Male,Loyal Customer,51,Business Travel,Business,1523,2,2,2,2,4,5,5,5,5,5,5,5,3,3.85,2,5,TRUE
Male,Loyal Customer,57,Business Travel,Business,1761,1,1,1,1,4,5,4,5,5,5,4,5,5,3.54,0,0,TRUE
Female,Loyal Customer,37,Business Travel,Business,2176,3,3,3,3,3,5,4,4,4,4,4,3,3,3.54,118,112,TRUE
Male,Loyal Customer,55,Personal Travel,Eco,528,2,4,2,2,1,2,1,1,3,4,4,3,1,2.31,30,17,FALSE
Female,Loyal Customer,24,Business Travel,Business,926,4,4,4,4,2,2,2,2,3,4,2,5,2,3.08,0,0,TRUE
Male,Loyal Customer,27,Business Travel,Eco,991,4,3,3,3,4,4,4,4,5,3,4,4,4,3.77,0,0,TRUE
Male,Disloyal Customer,29,Business Travel,Business,992,3,3,3,3,5,3,5,5,4,5,5,5,5,4.15,0,0,FALSE
Male,Loyal Customer,52,Business Travel,Business,712,1,1,1,1,4,4,4,5,5,5,5,4,4,3.38,0,17,TRUE
Female,Loyal Customer,69,Personal Travel,Eco,358,1,3,4,3,1,2,2,4,4,4,1,1,1,2.38,13,15,FALSE
Female,Disloyal Customer,34,Business Travel,Eco,583,2,0,3,1,4,3,4,4,4,2,3,3,4,2.85,0,0,FALSE
Female,Loyal Customer,10,Personal Travel,Eco Plus,529,1,4,1,3,1,1,1,1,4,2,5,5,1,2.31,8,7,FALSE
Female,Loyal Customer,65,Personal Travel,Eco,517,3,5,3,2,3,5,4,1,1,3,1,3,5,3,0,0,FALSE
Female,Disloyal Customer,37,Business Travel,Business,237,2,1,1,2,4,1,4,4,5,5,5,5,4,3.31,0,0,FALSE
Female,Disloyal Customer,24,Business Travel,Eco,746,4,3,3,3,5,3,5,5,3,3,4,2,5,3.69,71,48,FALSE
Female,Loyal Customer,55,Business Travel,Business,3627,3,3,3,3,3,5,5,3,3,4,3,4,4,3.54,5,0,TRUE
Male,Loyal Customer,33,Business Travel,Business,3133,2,2,5,2,4,4,4,4,2,2,1,2,4,2.92,0,12,TRUE
Male,Loyal Customer,33,Business Travel,Business,234,1,3,4,3,1,1,1,1,4,4,4,3,1,2.38,30,28,FALSE
Female,Loyal Customer,52,Personal Travel,Eco,721,4,5,4,2,2,5,4,4,4,4,4,4,3,3.77,0,0,FALSE
Female,Loyal Customer,26,Personal Travel,Eco Plus,345,2,3,2,4,3,2,3,3,3,5,4,3,3,3.08,32,14,FALSE
Female,Loyal Customer,53,Business Travel,Business,2456,5,5,5,5,3,4,4,5,5,5,5,5,4,4.62,75,85,TRUE
Male,Loyal Customer,33,Business Travel,Business,2566,4,4,5,5,4,4,4,4,1,4,3,1,4,3.62,0,0,FALSE
Female,Loyal Customer,47,Business Travel,Business,1792,3,3,3,3,3,4,4,5,5,5,5,5,4,4,0,0,TRUE
Male,Loyal Customer,14,Personal Travel,Business,737,4,3,4,1,1,4,1,1,2,3,1,1,1,2.08,0,3,FALSE
Male,Loyal Customer,28,Business Travel,Business,2033,2,2,2,2,5,5,5,5,3,5,5,5,5,3.92,0,5,TRUE
Male,Disloyal Customer,35,Business Travel,Eco,991,3,3,3,4,1,3,1,1,2,4,3,4,1,2.54,0,8,FALSE
Female,Disloyal Customer,26,Business Travel,Eco,459,3,5,3,3,3,3,3,3,4,3,3,2,3,3.15,0,13,FALSE
Female,Loyal Customer,43,Business Travel,Business,3432,1,1,1,1,3,5,5,5,5,5,5,5,5,3.62,0,0,TRUE
Male,Loyal Customer,49,Business Travel,Business,2751,1,1,1,1,4,4,4,3,3,4,3,4,5,2.92,0,0,TRUE
Female,Loyal Customer,39,Business Travel,Business,89,3,3,2,3,3,1,3,5,5,5,3,4,2,3.23,5,7,TRUE
Male,Loyal Customer,24,Personal Travel,Eco,604,3,5,4,4,4,4,3,4,4,3,5,5,4,4,0,0,FALSE
Female,Loyal Customer,61,Personal Travel,Business,1670,3,0,4,2,2,4,1,4,4,4,3,5,1,2.85,0,0,FALSE
Female,Loyal Customer,31,Personal Travel,Eco,334,4,5,4,2,4,4,4,4,5,5,5,4,4,4.15,0,0,FALSE
Female,Loyal Customer,39,Business Travel,Eco,1874,3,1,1,1,3,3,3,3,2,5,3,3,3,2.62,0,0,FALSE
Male,Disloyal Customer,63,Business Travel,Eco,453,4,0,4,1,1,4,1,1,4,1,5,2,1,2.23,105,100,FALSE
Female,Loyal Customer,44,Personal Travel,Eco,447,3,5,3,4,5,5,5,3,3,3,3,5,4,3.92,14,23,FALSE
Male,Loyal Customer,24,Business Travel,Eco,964,4,3,3,3,4,4,5,4,3,3,1,1,4,3.23,0,0,TRUE
Male,Loyal Customer,66,Personal Travel,Eco,1846,3,2,4,3,4,4,4,4,1,1,3,1,4,2.92,7,7,FALSE
Male,Disloyal Customer,27,Business Travel,Business,140,0,0,0,4,5,0,5,5,4,5,5,5,5,3.31,0,0,TRUE
Male,Loyal Customer,45,Personal Travel,Eco,731,1,5,1,4,4,1,4,4,1,4,2,3,4,2.92,0,0,FALSE
Female,Loyal Customer,46,Personal Travel,Eco,868,1,5,1,5,1,4,4,5,5,1,5,1,1,3,1,15,FALSE
Male,Loyal Customer,38,Business Travel,Business,3434,2,3,2,2,5,3,3,3,3,3,2,2,3,2.77,25,39,FALSE
Female,Loyal Customer,61,Personal Travel,Eco,1226,1,3,1,3,3,5,2,1,1,1,1,5,1,2.15,0,0,FALSE
Male,Loyal Customer,53,Business Travel,Business,2511,1,1,1,1,3,5,4,5,5,5,5,4,5,3.46,2,0,TRUE
Male,Loyal Customer,19,Personal Travel,Business,1313,2,5,2,1,4,2,4,4,4,5,5,5,4,3.62,0,0,FALSE
Male,Loyal Customer,68,Business Travel,Business,1061,3,4,4,4,5,3,2,3,3,3,3,3,3,3.31,23,10,FALSE
Female,Loyal Customer,58,Business Travel,Business,3591,5,5,5,5,3,4,4,5,5,5,5,4,5,4.62,0,0,TRUE
Male,Loyal Customer,41,Personal Travel,Eco,895,1,4,1,5,3,1,3,3,4,3,5,4,3,3.08,50,49,FALSE
Female,Loyal Customer,38,Personal Travel,Eco Plus,606,1,5,1,2,4,1,4,4,5,2,4,3,4,3.08,87,109,FALSE
Female,Loyal Customer,50,Business Travel,Business,3421,4,4,4,4,5,5,4,4,4,4,4,5,5,4.31,0,0,TRUE
Male,Loyal Customer,22,Business Travel,Business,689,5,5,5,5,4,4,4,4,5,5,4,4,4,4.46,10,0,TRUE
Male,Loyal Customer,66,Personal Travel,Eco,1075,0,5,0,4,5,0,5,5,4,5,4,2,5,3.38,5,5,TRUE
Male,Loyal Customer,33,Business Travel,Business,3360,2,2,5,2,4,4,4,4,2,5,2,5,4,3.46,0,0,TRUE
Male,Loyal Customer,51,Business Travel,Business,3471,0,0,0,2,5,5,5,4,4,4,4,3,5,3.15,67,82,TRUE
Female,Loyal Customer,56,Personal Travel,Eco,469,3,4,3,2,3,5,5,5,5,3,5,5,3,3.92,0,0,FALSE
Female,Loyal Customer,35,Business Travel,Eco,1121,5,4,4,4,5,5,5,5,3,2,4,4,5,4.23,9,4,TRUE
Female,Loyal Customer,13,Personal Travel,Eco,782,3,4,3,1,5,3,5,5,5,4,4,5,5,4,79,79,FALSE
Female,Loyal Customer,50,Personal Travel,Eco Plus,431,4,5,4,3,2,4,4,2,2,4,2,4,5,3.46,0,15,FALSE
Female,Disloyal Customer,22,Business Travel,Eco,1203,3,3,3,3,5,3,5,5,4,2,4,4,5,3.77,0,0,FALSE
Male,Loyal Customer,46,Business Travel,Business,1541,2,2,2,2,3,4,5,5,5,5,5,4,3,3.62,7,12,TRUE
Female,Loyal Customer,32,Business Travel,Business,2397,4,4,4,4,4,4,5,4,4,4,4,3,4,4,0,0,TRUE
Female,Loyal Customer,28,Business Travel,Business,666,2,5,5,5,2,2,2,2,2,4,3,1,2,2.85,0,9,FALSE
Male,Loyal Customer,36,Personal Travel,Eco,236,2,4,2,4,3,2,3,3,3,3,5,4,3,3.15,0,2,FALSE
Female,Loyal Customer,15,Business Travel,Business,1620,1,1,1,1,4,4,4,4,4,2,1,3,4,2.62,9,0,TRUE
Female,Disloyal Customer,8,Business Travel,Eco,700,3,3,3,3,5,3,5,5,2,2,3,1,5,3.31,0,0,FALSE
Male,Loyal Customer,46,Personal Travel,Business,134,3,4,3,2,4,5,5,5,5,3,5,3,5,4,0,0,FALSE
Male,Loyal Customer,59,Personal Travel,Eco,580,1,5,2,4,2,2,2,2,4,4,5,3,2,2.92,10,0,FALSE
Female,Loyal Customer,55,Business Travel,Business,3122,3,1,1,1,5,4,4,3,3,3,3,3,4,2.92,3,0,FALSE
Male,Loyal Customer,25,Business Travel,Business,3036,3,1,1,1,3,3,3,3,2,1,2,1,3,2.08,6,7,FALSE
Female,Loyal Customer,50,Personal Travel,Eco,281,3,5,3,1,4,3,1,2,2,3,2,1,3,2.54,14,10,FALSE
Male,Loyal Customer,55,Business Travel,Business,2988,4,5,5,5,4,3,3,2,2,2,4,2,1,3.23,3,0,FALSE
Female,Loyal Customer,54,Business Travel,Eco,265,4,4,4,4,4,5,2,4,4,4,4,5,1,3.77,0,0,TRUE
Female,Disloyal Customer,17,Business Travel,Eco,1444,3,3,3,1,1,3,1,1,5,2,4,3,1,2.38,21,5,FALSE
Female,Loyal Customer,25,Business Travel,Business,1910,2,2,2,2,2,2,2,2,4,3,4,4,2,2.54,0,0,FALSE
Female,Loyal Customer,51,Business Travel,Business,2846,1,1,1,1,3,4,4,2,2,3,2,4,5,2.54,11,0,TRUE
Male,Loyal Customer,33,Business Travel,Business,190,1,1,1,1,5,5,5,5,3,2,4,4,5,3.23,5,2,TRUE
Female,Loyal Customer,22,Business Travel,Business,2871,4,3,4,4,4,4,4,4,5,3,5,4,4,4,0,0,TRUE
Female,Loyal Customer,35,Business Travel,Eco,89,3,4,4,4,3,3,3,3,1,4,3,1,3,3,46,55,FALSE
Female,Loyal Customer,61,Personal Travel,Eco,319,1,4,1,4,5,3,3,3,3,1,3,1,2,2.62,0,0,FALSE
Male,Loyal Customer,50,Business Travel,Eco,209,5,1,1,1,5,5,5,5,4,5,3,2,5,3.62,15,16,TRUE
Female,Loyal Customer,31,Business Travel,Business,1050,3,4,4,4,3,3,3,3,1,1,4,4,3,3.08,0,2,FALSE
Male,Disloyal Customer,24,Business Travel,Business,236,5,5,5,4,1,5,1,1,3,2,2,4,1,3,0,0,TRUE
Male,Loyal Customer,34,Personal Travel,Eco Plus,550,2,0,2,5,2,2,2,2,5,3,5,5,2,2.85,0,0,FALSE
Male,Loyal Customer,41,Business Travel,Business,2254,2,2,2,2,5,5,4,5,5,5,5,5,5,4,0,0,TRUE
Male,Loyal Customer,46,Business Travel,Business,2394,2,2,3,2,5,4,4,5,5,5,5,3,3,3.69,0,0,TRUE
Male,Loyal Customer,37,Business Travel,Business,239,1,1,4,1,3,4,5,4,4,4,4,4,5,3.38,3,12,TRUE
Female,Disloyal Customer,62,Business Travel,Eco Plus,320,3,3,3,3,1,3,1,1,4,5,3,3,1,2.62,0,0,FALSE
Male,Disloyal Customer,45,Business Travel,Eco,788,2,2,2,4,2,2,1,2,4,4,5,1,2,2.54,0,0,FALSE
Female,Loyal Customer,19,Personal Travel,Eco,386,2,5,2,4,4,2,4,4,5,3,5,5,4,3.77,0,0,FALSE
Male,Loyal Customer,32,Personal Travel,Eco,308,2,2,2,2,3,2,3,3,4,1,3,3,3,2.54,97,89,FALSE
Female,Loyal Customer,33,Business Travel,Business,978,1,1,1,1,5,5,5,5,5,5,5,4,3,3.54,0,0,TRUE
Male,Loyal Customer,36,Personal Travel,Eco,1504,4,5,4,5,1,4,1,1,3,5,3,3,1,3.08,3,8,FALSE
Male,Disloyal Customer,44,Business Travel,Business,442,5,5,5,1,4,5,5,4,3,3,4,5,4,4.08,0,0,TRUE
Female,Loyal Customer,25,Personal Travel,Eco,967,4,4,4,2,4,4,3,4,5,3,4,3,4,3.69,0,0,FALSE
Female,Disloyal Customer,12,Business Travel,Eco,651,1,0,1,3,4,1,4,4,5,5,1,4,4,2.85,0,0,FALSE
Male,Loyal Customer,8,Personal Travel,Eco,606,1,4,1,2,3,1,3,3,3,2,5,5,3,2.77,0,0,FALSE
Male,Loyal Customer,18,Personal Travel,Eco,308,4,4,4,2,5,4,5,5,5,3,4,3,5,4.08,0,0,TRUE
Female,Loyal Customer,8,Personal Travel,Eco,83,2,4,2,1,1,2,1,1,5,3,5,4,1,2.46,0,0,FALSE
Male,Loyal Customer,38,Business Travel,Business,646,4,4,4,4,4,2,5,5,5,5,5,1,3,3.92,5,2,TRUE
Female,Loyal Customer,62,Personal Travel,Eco,258,4,5,0,5,4,4,2,4,4,0,4,5,5,3.54,0,0,FALSE
Female,Disloyal Customer,24,Business Travel,Eco,346,1,0,2,3,3,2,3,3,4,3,4,5,3,2.77,0,4,FALSE
Male,Loyal Customer,50,Personal Travel,Eco,253,1,2,1,3,5,1,5,5,3,4,4,1,5,3.08,0,4,FALSE
Female,Loyal Customer,16,Personal Travel,Eco,444,2,5,3,4,5,3,5,5,4,2,5,5,5,4.08,50,55,FALSE
Male,Loyal Customer,17,Personal Travel,Eco,584,3,4,3,4,2,3,2,2,5,5,4,3,2,3.23,0,0,FALSE
Male,Loyal Customer,41,Business Travel,Business,361,1,1,1,1,4,5,4,4,4,4,4,3,3,3,0,0,TRUE
Male,Loyal Customer,35,Business Travel,Business,3870,2,1,1,1,3,3,3,2,2,2,2,1,3,2,9,0,FALSE
Male,Disloyal Customer,24,Business Travel,Eco,110,5,0,4,4,3,4,3,3,2,1,3,1,3,2.77,7,0,TRUE
Female,Loyal Customer,24,Business Travel,Business,2048,2,2,5,2,4,4,4,4,5,3,5,3,4,3.62,0,25,TRUE
Female,Loyal Customer,41,Business Travel,Eco,833,3,2,2,2,2,3,2,2,3,4,4,1,2,2.46,0,0,FALSE
Female,Loyal Customer,59,Business Travel,Business,2381,3,1,1,1,1,3,4,3,3,3,3,4,4,2.62,0,0,FALSE
Male,Loyal Customer,31,Personal Travel,Eco,1770,1,3,1,4,3,1,1,3,3,4,3,4,3,2.62,50,21,FALSE
Male,Loyal Customer,27,Business Travel,Business,2230,1,1,1,1,4,4,4,4,2,4,3,5,4,2.92,0,0,TRUE
Male,Disloyal Customer,13,Business Travel,Eco,2367,3,3,3,4,1,3,1,1,1,2,3,2,1,2.15,77,68,FALSE
Male,Loyal Customer,58,Business Travel,Business,844,1,1,1,1,3,5,5,3,3,4,3,5,4,3,0,0,TRUE
Female,Loyal Customer,7,Personal Travel,Eco Plus,429,3,3,3,3,5,3,5,5,5,2,2,5,5,3.77,2,10,FALSE
Male,Loyal Customer,54,Personal Travel,Eco,493,1,5,1,3,3,1,3,3,4,4,4,4,3,3,0,25,FALSE
Male,Loyal Customer,39,Business Travel,Business,2860,3,3,3,3,4,4,4,3,2,4,5,4,4,3.54,46,69,TRUE
Female,Loyal Customer,41,Business Travel,Business,1671,1,1,1,1,2,1,3,5,5,4,5,2,2,2.54,0,0,TRUE
Female,Loyal Customer,55,Business Travel,Business,731,2,2,2,2,3,4,4,4,4,4,4,5,3,3.31,119,122,TRUE
Male,Loyal Customer,56,Business Travel,Business,1671,3,3,3,3,4,3,5,1,1,2,1,5,4,2.92,25,4,TRUE
Male,Disloyal Customer,29,Business Travel,Eco,888,3,3,3,3,4,3,4,4,3,2,4,2,4,3.23,1,0,FALSE
Male,Loyal Customer,57,Personal Travel,Eco,1440,1,5,1,5,4,1,4,4,3,5,5,5,4,3.62,0,0,FALSE
Female,Loyal Customer,57,Personal Travel,Eco,236,4,4,4,1,5,4,4,4,4,4,4,5,4,3.92,0,0,FALSE
Female,Loyal Customer,52,Business Travel,Business,554,2,1,1,1,3,3,4,2,2,2,2,2,1,2,15,23,FALSE
Female,Loyal Customer,27,Business Travel,Business,2586,3,3,3,3,4,5,5,4,5,4,4,5,5,4.08,0,0,TRUE
Male,Loyal Customer,64,Personal Travel,Eco Plus,651,2,4,2,3,2,2,2,2,1,2,3,2,2,2.23,43,32,FALSE
Female,Loyal Customer,58,Business Travel,Eco,273,2,3,3,3,4,2,2,2,2,2,2,1,1,2.23,36,39,FALSE
Male,Loyal Customer,54,Personal Travel,Eco,472,3,4,3,3,3,3,3,3,3,2,5,5,3,3.31,0,0,FALSE
Female,Loyal Customer,19,Personal Travel,Eco,550,3,2,3,4,1,3,1,1,4,2,2,1,1,2.15,0,0,FALSE
Male,Loyal Customer,41,Business Travel,Business,2329,1,1,1,1,5,5,5,4,4,4,4,4,4,3.31,0,0,TRUE
Female,Disloyal Customer,15,Business Travel,Eco,268,4,0,4,4,3,4,3,3,4,2,5,1,3,3.08,0,0,FALSE
Male,Loyal Customer,35,Business Travel,Business,2903,3,2,4,2,2,4,4,3,3,3,3,1,2,2.77,0,0,FALSE
Male,Loyal Customer,35,Personal Travel,Business,390,1,5,5,5,2,5,4,4,4,5,3,4,4,3.92,0,0,FALSE
Female,Loyal Customer,41,Business Travel,Business,2428,1,1,1,1,4,5,5,4,4,4,4,3,5,3.23,49,47,TRUE
Male,Loyal Customer,27,Business Travel,Business,1972,1,1,1,1,4,5,4,4,4,2,5,4,4,3.08,0,0,TRUE
Female,Loyal Customer,59,Business Travel,Business,793,4,4,4,4,4,4,4,4,4,4,4,5,4,4.08,6,0,TRUE
Female,Loyal Customer,33,Business Travel,Eco Plus,2611,3,1,5,1,3,3,3,3,4,1,3,3,3,2.77,0,0,FALSE
Female,Loyal Customer,40,Business Travel,Eco,459,1,5,4,5,1,1,1,1,4,4,4,3,1,2.69,16,7,FALSE
Male,Loyal Customer,40,Business Travel,Business,1575,3,3,3,3,4,5,5,5,5,5,5,5,3,4.15,0,0,TRUE
Female,Loyal Customer,62,Personal Travel,Eco,403,3,5,3,3,5,4,5,1,1,3,1,4,3,3.15,0,0,FALSE
Female,Loyal Customer,41,Business Travel,Business,3531,4,4,4,4,3,4,5,4,4,4,4,5,5,4.15,0,0,TRUE
Male,Loyal Customer,19,Business Travel,Business,2782,5,5,5,5,4,4,4,4,4,5,4,3,4,4.31,0,0,TRUE
Male,Loyal Customer,60,Business Travel,Business,2072,1,1,1,1,2,4,5,4,4,4,4,3,5,3,0,0,TRUE
Male,Disloyal Customer,21,Business Travel,Eco,73,3,0,3,4,3,3,4,3,3,5,5,5,3,3.38,0,0,FALSE
Male,Loyal Customer,25,Business Travel,Eco,533,2,5,5,5,2,2,1,2,1,3,4,2,2,2.77,17,6,FALSE
Male,Loyal Customer,26,Personal Travel,Eco,106,1,3,1,3,4,1,4,4,4,5,4,4,4,3.23,0,0,FALSE
Male,Loyal Customer,22,Business Travel,Eco,510,5,5,5,5,5,5,5,5,4,2,2,1,5,4.15,13,4,TRUE
Male,Loyal Customer,27,Business Travel,Business,868,4,4,4,4,4,5,4,4,4,4,5,5,4,4.23,0,3,TRUE
Female,Loyal Customer,8,Personal Travel,Eco,260,1,3,1,2,1,1,1,1,4,1,2,1,1,1.54,0,13,FALSE
Female,Disloyal Customer,12,Business Travel,Eco,1068,2,2,2,4,3,2,5,3,4,2,4,3,3,3,0,23,FALSE
Male,Loyal Customer,44,Business Travel,Business,386,5,5,5,5,2,4,4,4,4,4,4,3,3,4,17,18,TRUE
Male,Loyal Customer,26,Business Travel,Business,1235,2,2,2,2,5,5,5,5,4,3,4,3,5,3.62,0,12,TRUE
Female,Loyal Customer,59,Business Travel,Business,1789,1,1,3,1,5,5,4,4,4,4,4,5,5,3.54,13,9,TRUE
Female,Loyal Customer,25,Personal Travel,Eco,248,3,4,3,3,2,3,2,2,5,5,5,5,2,3.38,0,3,FALSE
Male,Loyal Customer,54,Personal Travel,Eco,192,3,2,3,4,2,3,2,2,3,5,3,3,2,2.85,0,0,FALSE
Male,Loyal Customer,61,Business Travel,Business,109,1,1,1,1,3,2,2,4,4,4,3,5,3,2.62,0,0,TRUE
Male,Loyal Customer,52,Business Travel,Business,1482,5,5,2,5,4,4,4,2,2,2,2,4,4,3.46,0,0,TRUE
Female,Loyal Customer,23,Business Travel,Business,1204,1,1,4,1,4,4,4,4,5,3,4,4,4,3.31,0,0,TRUE
Female,Disloyal Customer,23,Business Travel,Eco,421,5,0,5,4,2,5,1,2,5,4,5,5,2,3.46,0,0,TRUE
Female,Loyal Customer,57,Business Travel,Business,296,2,2,5,5,4,4,3,2,2,2,2,2,4,3,0,0,FALSE
Female,Loyal Customer,19,Personal Travel,Eco,390,1,2,1,4,4,1,4,4,2,3,4,2,4,2.77,0,0,FALSE
Male,Loyal Customer,37,Personal Travel,Eco,370,0,4,0,4,5,0,5,5,1,3,3,3,5,2.92,0,0,TRUE
Female,Loyal Customer,59,Business Travel,Business,2437,1,1,5,1,5,5,1,5,5,5,5,3,4,3.54,1,0,TRUE
Male,Loyal Customer,30,Personal Travel,Eco,803,1,4,1,4,3,1,3,3,1,1,3,3,3,2.38,0,0,FALSE
Female,Loyal Customer,53,Personal Travel,Eco,397,3,5,5,2,5,5,4,2,2,5,2,5,3,3.69,69,82,FALSE
Female,Disloyal Customer,55,Business Travel,Business,175,5,4,4,2,1,5,1,1,5,3,4,4,1,3.08,0,0,TRUE
Female,Loyal Customer,30,Business Travel,Eco,269,0,0,0,1,5,0,5,5,4,1,4,2,5,2.46,0,15,TRUE
Female,Loyal Customer,50,Business Travel,Eco Plus,109,3,4,3,4,4,4,4,3,3,3,3,1,4,3.31,0,0,FALSE
Male,Loyal Customer,49,Business Travel,Business,3675,4,4,4,4,4,4,3,5,5,5,5,3,1,3.92,0,0,TRUE
Male,Loyal Customer,17,Personal Travel,Eco,687,4,4,4,2,5,4,5,5,3,5,5,4,5,4.23,0,0,FALSE
Male,Loyal Customer,54,Business Travel,Eco Plus,691,5,3,3,3,5,5,5,5,4,5,3,1,5,4,64,58,TRUE
Male,Loyal Customer,24,Personal Travel,Eco,125,5,4,5,3,2,5,2,2,5,5,3,4,2,3.62,0,0,TRUE
Female,Disloyal Customer,50,Business Travel,Eco,705,3,3,3,4,2,3,2,2,2,1,4,1,2,2.46,5,5,FALSE
Male,Loyal Customer,21,Personal Travel,Eco Plus,767,1,3,1,1,1,1,1,1,4,2,1,1,1,1.46,5,,FALSE
Male,Loyal Customer,43,Business Travel,Business,2168,3,3,3,3,3,3,3,3,4,2,2,3,3,2.92,135,124,FALSE
Male,Loyal Customer,50,Personal Travel,Eco,320,5,5,5,3,4,5,4,4,1,3,4,1,4,3.69,0,0,TRUE
Male,Loyal Customer,14,Personal Travel,Eco,319,4,3,4,4,3,4,3,3,1,4,4,3,3,3.31,8,2,FALSE
Female,Loyal Customer,60,Business Travel,Business,1592,4,4,4,4,3,5,4,5,5,5,5,3,5,4.31,0,0,TRUE
Female,Disloyal Customer,57,Business Travel,Business,248,4,4,4,3,2,4,2,2,3,2,5,3,2,3.08,0,0,TRUE
Female,Disloyal Customer,22,Business Travel,Eco,1075,5,5,5,3,5,5,5,5,5,4,5,5,5,4.77,0,24,TRUE
Male,Loyal Customer,36,Business Travel,Eco,867,4,3,3,3,4,4,4,4,5,4,4,5,4,3.92,0,0,TRUE
Male,Loyal Customer,32,Business Travel,Business,2586,5,5,5,5,4,4,4,4,4,4,4,5,4,4.38,0,0,TRUE
Female,Loyal Customer,51,Business Travel,Business,2227,2,4,4,4,3,2,3,2,2,2,2,1,3,2.62,0,2,FALSE
Female,Loyal Customer,49,Business Travel,Business,1310,1,1,1,1,5,5,4,4,4,4,4,3,3,3.08,1,0,TRUE
Male,Loyal Customer,59,Business Travel,Business,645,2,2,2,2,3,4,5,4,4,4,4,3,3,3.23,68,56,TRUE
Male,Loyal Customer,28,Business Travel,Business,2901,3,4,4,4,3,3,3,3,4,5,2,4,3,3.46,24,35,FALSE
Male,Loyal Customer,51,Business Travel,Eco,507,2,3,3,3,3,2,3,3,1,4,4,3,3,2.85,9,8,FALSE
Male,Loyal Customer,67,Business Travel,Business,2359,2,2,2,2,2,5,4,4,4,4,4,4,3,3.23,0,0,TRUE
Male,Loyal Customer,72,Business Travel,Business,432,4,4,4,4,2,4,3,4,4,4,4,4,3,3.69,0,1,FALSE
Male,Disloyal Customer,27,Business Travel,Business,201,0,0,0,3,2,0,2,2,5,4,4,3,2,2.08,0,7,TRUE
Male,Loyal Customer,36,Business Travel,Eco Plus,634,5,1,1,1,5,5,5,5,2,2,5,4,5,3.54,0,0,TRUE
Female,Loyal Customer,51,Business Travel,Business,2586,3,3,5,3,4,4,4,4,2,4,5,4,4,3.77,0,0,TRUE
Male,Loyal Customer,41,Business Travel,Business,2539,2,2,2,2,4,4,4,5,5,5,5,5,3,3.69,0,0,TRUE
Male,Loyal Customer,58,Personal Travel,Eco Plus,717,1,4,1,3,2,1,3,2,3,5,5,3,2,2.69,5,0,FALSE
Female,Loyal Customer,40,Business Travel,Business,2917,2,4,4,4,2,2,3,2,2,2,2,3,2,2.62,0,0,FALSE
Female,Disloyal Customer,44,Business Travel,Eco,2475,2,2,2,4,2,3,3,3,5,4,3,3,3,3,0,0,FALSE
Female,Loyal Customer,23,Personal Travel,Eco,397,3,4,3,3,4,3,4,4,4,4,5,3,4,3.69,20,5,FALSE
Female,Loyal Customer,48,Business Travel,Business,3186,4,4,4,4,3,4,4,5,5,5,5,5,5,4.38,0,0,TRUE
Female,Loyal Customer,7,Personal Travel,Eco,109,3,0,3,3,5,3,5,5,3,2,5,3,5,3.46,0,0,FALSE
Male,Loyal Customer,56,Business Travel,Business,328,3,3,3,3,2,5,4,5,5,5,5,5,3,3.92,0,0,TRUE
Male,Loyal Customer,18,Business Travel,Business,2684,5,5,5,5,5,5,5,5,4,3,1,4,5,4.38,0,0,TRUE
Female,Loyal Customer,38,Personal Travel,Eco,507,1,1,2,4,2,2,2,2,1,4,3,4,2,2.31,0,0,FALSE
Male,Loyal Customer,56,Business Travel,Business,3995,4,4,4,4,3,4,5,4,4,5,4,5,3,4.08,0,0,TRUE
Female,Loyal Customer,33,Personal Travel,Eco,1246,2,4,1,4,3,1,3,3,2,4,2,2,3,2.62,128,130,FALSE
Male,Loyal Customer,49,Personal Travel,Eco,1012,2,4,1,2,4,1,4,4,4,3,3,1,4,2.85,0,0,FALSE
Female,Disloyal Customer,42,Business Travel,Business,844,2,2,2,2,1,2,1,1,4,2,4,3,1,2.08,0,2,FALSE
Female,Loyal Customer,54,Personal Travel,Eco,1123,3,4,3,5,2,5,4,3,3,3,3,4,4,3.54,0,0,FALSE
Female,Loyal Customer,29,Business Travel,Eco,1725,2,4,4,4,2,2,2,2,3,1,3,2,2,2.54,240,212,FALSE
Male,Loyal Customer,40,Business Travel,Business,3503,1,5,1,1,4,1,3,5,5,5,5,1,4,3.15,3,0,TRUE
Male,Loyal Customer,38,Business Travel,Business,3374,3,1,1,1,4,4,4,3,3,3,3,4,1,2.69,1,0,FALSE
Male,Loyal Customer,14,Personal Travel,Business,1313,3,4,3,3,5,3,5,5,4,3,3,5,5,3.92,0,0,FALSE
Male,Loyal Customer,60,Personal Travel,Eco,562,3,5,3,2,4,3,4,4,5,3,4,5,4,3.77,0,0,FALSE
Female,Loyal Customer,48,Business Travel,Business,991,4,4,4,4,3,4,5,5,5,5,5,5,5,4.46,0,0,TRUE
Male,Loyal Customer,38,Business Travel,Eco Plus,115,4,1,4,4,4,4,4,4,1,2,2,2,4,3.08,0,0,FALSE
Female,Disloyal Customer,38,Business Travel,Eco Plus,996,4,4,4,4,5,4,4,5,5,5,4,1,5,4.15,0,0,FALSE
Female,Loyal Customer,44,Business Travel,Business,3917,3,2,2,2,1,4,4,3,3,3,3,1,4,2.69,0,0,FALSE
Female,Loyal Customer,28,Business Travel,Business,997,1,1,1,1,3,3,3,3,5,1,3,5,3,2.54,0,0,TRUE
Male,Loyal Customer,61,Business Travel,Business,338,1,4,4,4,3,4,4,1,1,1,1,2,2,2.46,0,0,FALSE
Male,Loyal Customer,62,Personal Travel,Eco,954,2,5,2,1,3,2,3,3,5,3,5,4,3,3.15,0,24,FALSE
Female,Loyal Customer,51,Business Travel,Business,1325,2,2,3,2,3,4,5,5,5,5,5,4,4,3.77,0,0,TRUE
Male,Loyal Customer,45,Business Travel,Business,130,0,4,0,4,2,4,4,1,1,1,1,5,3,2.31,0,0,TRUE
Female,Loyal Customer,58,Personal Travel,Eco,325,3,4,3,3,2,5,1,5,5,3,5,5,1,3.46,12,6,FALSE
Female,Loyal Customer,42,Business Travel,Business,835,3,3,3,3,4,5,5,5,5,5,5,5,5,4.31,0,0,TRUE
Female,Disloyal Customer,24,Business Travel,Eco,591,5,4,5,5,5,4,5,5,3,2,5,4,5,4.38,0,0,TRUE
Male,Loyal Customer,70,Personal Travel,Eco,997,4,2,3,4,2,3,2,2,3,5,3,2,2,2.85,0,0,FALSE
Male,Loyal Customer,32,Business Travel,Business,2266,2,5,2,2,5,5,5,5,1,5,1,1,5,3.38,4,30,TRUE
Female,Loyal Customer,80,Business Travel,Business,100,2,5,5,5,2,3,4,1,1,1,2,4,3,2.92,0,0,FALSE
Male,Loyal Customer,34,Personal Travel,Eco,837,0,4,0,3,4,0,4,4,4,3,4,5,4,3,0,1,TRUE
Male,Loyal Customer,52,Business Travel,Business,436,1,1,1,1,4,4,5,4,4,4,4,4,5,3.23,17,9,TRUE
Male,Loyal Customer,13,Business Travel,Eco,1013,3,5,5,5,3,3,4,3,2,2,3,2,3,3.31,40,51,FALSE
Female,Loyal Customer,27,Business Travel,Business,2801,5,5,5,5,4,4,4,4,1,2,5,2,4,3.85,0,0,TRUE
Male,Disloyal Customer,36,Business Travel,Eco,377,2,0,3,2,4,3,4,4,1,2,1,2,4,2.46,0,0,FALSE
Female,Loyal Customer,52,Business Travel,Business,1799,5,5,5,5,3,5,4,5,5,5,5,3,5,4.62,0,20,TRUE
Female,Loyal Customer,47,Personal Travel,Eco Plus,101,1,4,1,4,5,5,4,3,3,1,3,4,5,3.31,0,4,FALSE
Female,Loyal Customer,51,Personal Travel,Eco,236,2,3,2,3,1,3,4,1,1,2,1,2,4,2.23,0,0,FALSE
Male,Loyal Customer,53,Business Travel,Business,2141,5,5,5,5,5,4,5,5,5,5,5,5,5,4.92,0,5,TRUE
Female,Loyal Customer,57,Business Travel,Business,1699,5,5,5,5,4,4,5,4,4,4,4,3,4,4.31,0,0,TRUE
Male,Loyal Customer,39,Business Travel,Business,3424,5,1,5,5,4,5,3,5,5,5,4,5,2,4.15,0,0,TRUE
Female,Disloyal Customer,44,Business Travel,Eco,824,1,1,1,4,1,1,1,1,3,5,3,3,1,2,52,110,FALSE
Male,Loyal Customer,20,Personal Travel,Eco,2409,1,4,1,3,1,1,1,1,2,1,4,4,1,1.92,0,6,FALSE
Female,Loyal Customer,7,Personal Travel,Eco,1362,4,4,4,3,4,4,4,4,4,3,3,4,4,3.77,5,17,FALSE
Male,Disloyal Customer,21,Business Travel,Eco,271,5,5,5,3,2,5,1,2,4,2,4,5,2,3.46,0,0,TRUE
Male,Loyal Customer,14,Personal Travel,Eco,589,1,2,1,4,4,1,1,4,4,3,3,4,4,2.77,73,69,FALSE
Male,Disloyal Customer,42,Business Travel,Eco,854,2,2,2,1,2,2,2,2,5,5,4,1,2,2.46,0,0,FALSE
Male,Loyal Customer,38,Business Travel,Eco,912,5,4,4,4,5,5,5,5,2,4,1,2,5,3.92,29,34,TRUE
Male,Loyal Customer,21,Personal Travel,Eco,280,2,3,2,3,1,2,1,1,3,2,3,4,1,2.15,0,0,FALSE
Female,Disloyal Customer,25,Business Travel,Business,143,2,0,2,3,3,2,3,3,4,4,4,5,3,2.92,0,0,FALSE
Female,Loyal Customer,15,Personal Travel,Eco,534,3,4,3,2,3,3,3,3,4,3,4,3,3,3.15,0,0,FALSE
Female,Loyal Customer,59,Business Travel,Business,794,5,3,3,3,5,3,2,5,5,4,5,3,3,3.77,0,5,FALSE
Male,Loyal Customer,25,Business Travel,Business,1801,2,3,3,3,2,2,2,2,4,5,4,1,2,2.69,0,0,FALSE
Female,Loyal Customer,31,Business Travel,Business,868,1,5,5,5,1,1,1,1,3,3,4,3,1,2.62,32,30,FALSE
Female,Disloyal Customer,30,Business Travel,Eco,89,3,3,3,4,2,3,5,2,3,1,4,1,2,2.77,0,0,FALSE
Female,Loyal Customer,42,Personal Travel,Eco,337,3,5,3,5,5,5,5,2,2,3,2,1,5,3.54,2,0,FALSE
Male,Loyal Customer,43,Business Travel,Eco,508,2,4,4,4,2,2,2,2,3,3,1,2,2,2.54,89,94,TRUE
Male,Loyal Customer,51,Business Travel,Business,2525,3,3,3,3,2,4,4,4,4,4,4,3,3,3.38,0,0,TRUE
Female,Disloyal Customer,23,Business Travel,Eco,926,2,2,2,3,1,2,1,1,4,3,3,3,1,2.15,0,0,FALSE
Female,Disloyal Customer,45,Business Travel,Eco,861,3,3,3,3,4,3,3,4,1,2,3,3,4,3,0,0,FALSE
Female,Loyal Customer,62,Personal Travel,Eco,1476,1,5,1,4,2,3,5,1,1,1,1,3,5,2.54,0,47,FALSE
Female,Loyal Customer,70,Personal Travel,Eco,862,2,4,2,2,3,5,4,2,2,2,2,4,4,2.92,0,0,FALSE
Female,Disloyal Customer,34,Business Travel,Eco,668,2,1,2,3,3,2,3,3,1,4,4,3,3,2.62,0,0,FALSE
Male,Loyal Customer,29,Business Travel,Business,1899,1,4,1,4,1,1,1,1,2,2,3,3,1,1.92,1,0,FALSE
Male,Loyal Customer,53,Business Travel,Business,1741,4,4,4,4,2,4,4,4,4,4,4,4,4,3.85,0,0,TRUE
Female,Loyal Customer,40,Personal Travel,Eco Plus,543,3,5,5,5,4,5,4,4,5,4,5,5,4,4.46,0,0,FALSE
Female,Loyal Customer,39,Personal Travel,Eco,2586,4,2,4,3,4,3,3,4,5,3,4,3,3,3.46,15,0,FALSE
Female,Disloyal Customer,16,Business Travel,Eco,925,3,3,3,1,3,3,5,3,1,2,2,1,3,2.54,0,0,FALSE
Male,Loyal Customer,40,Business Travel,Business,3513,3,3,3,3,1,2,2,4,4,4,4,5,4,3.23,8,12,TRUE
Male,Disloyal Customer,25,Business Travel,Business,534,2,0,2,3,1,2,1,1,5,4,5,3,1,2.31,0,0,FALSE
Male,Loyal Customer,32,Business Travel,Business,2992,2,4,4,4,2,2,2,2,2,2,4,4,2,2.77,0,9,FALSE
Male,Disloyal Customer,62,Business Travel,Eco,758,2,2,2,4,2,2,2,2,4,2,4,4,2,2.62,11,12,FALSE
Male,Loyal Customer,42,Personal Travel,Eco,515,3,5,2,2,4,2,4,4,4,2,4,4,4,3.38,0,0,FALSE
Female,Loyal Customer,12,Personal Travel,Eco,109,2,4,2,3,3,2,3,3,4,4,5,3,3,3.15,7,0,FALSE
Male,Disloyal Customer,27,Business Travel,Business,1565,4,4,4,4,3,4,3,3,4,3,4,4,3,3.62,0,0,TRUE
Male,Loyal Customer,43,Business Travel,Business,3110,2,2,2,2,4,5,4,4,4,4,4,4,5,3.54,1,2,TRUE
Female,Loyal Customer,40,Business Travel,Business,432,3,3,3,3,2,5,4,4,4,4,4,4,3,3.54,1,0,TRUE
Female,Loyal Customer,36,Business Travel,Business,3165,2,4,1,1,2,3,3,2,2,2,2,3,3,2.31,13,10,FALSE
Female,Loyal Customer,12,Personal Travel,Eco Plus,257,3,3,3,3,5,3,5,5,3,3,4,5,5,3.85,35,47,FALSE
Female,Loyal Customer,59,Business Travel,Business,3792,3,3,3,3,2,5,5,5,5,5,5,5,5,4.15,0,0,TRUE
Female,Loyal Customer,29,Business Travel,Business,2166,2,2,2,2,4,4,3,4,5,3,5,3,4,3.31,0,0,TRUE
Male,Loyal Customer,12,Personal Travel,Eco,1203,3,5,3,5,3,3,3,3,4,1,3,3,3,3.23,0,0,FALSE
Male,Disloyal Customer,38,Business Travel,Business,353,4,3,3,1,2,3,2,2,4,5,4,5,2,3.08,4,4,TRUE
Male,Loyal Customer,48,Business Travel,Eco,337,3,4,4,4,3,3,3,3,3,4,3,3,3,3.31,16,8,FALSE
Female,Loyal Customer,70,Business Travel,Business,2475,1,5,2,5,1,1,1,2,5,1,2,1,1,2.15,37,33,FALSE
Male,Disloyal Customer,40,Business Travel,Eco,1410,3,3,3,2,5,3,5,5,3,3,4,4,5,3.69,1,0,FALSE
Male,Loyal Customer,46,Personal Travel,Eco,407,4,2,4,3,1,4,1,1,3,1,4,1,1,2.31,38,39,FALSE
Female,Loyal Customer,62,Business Travel,Eco,224,5,4,4,4,2,5,1,5,5,5,5,3,5,4.08,0,5,TRUE
Male,Loyal Customer,30,Business Travel,Business,2463,5,5,5,5,4,4,4,4,4,5,1,1,4,3.92,0,0,TRUE
Female,Loyal Customer,48,Business Travel,Eco,944,4,5,5,5,2,5,5,4,4,4,4,2,5,4.15,0,0,TRUE
Female,Loyal Customer,45,Business Travel,Business,1531,1,1,1,1,5,5,5,5,5,5,5,3,5,3.62,3,0,TRUE
Female,Loyal Customer,57,Business Travel,Business,2419,2,2,2,2,2,4,5,4,4,4,4,3,3,3.15,112,77,TRUE
Male,Loyal Customer,39,Business Travel,Eco,900,1,5,4,4,1,1,1,1,1,1,4,2,1,2.08,43,19,FALSE
Male,Loyal Customer,45,Business Travel,Business,337,0,0,0,3,4,5,5,3,3,3,3,5,3,2.85,0,0,TRUE
Female,Loyal Customer,46,Business Travel,Business,2432,2,4,2,2,2,4,5,4,4,5,4,5,3,3.54,0,1,TRUE
Male,Loyal Customer,45,Business Travel,Business,2059,3,3,3,3,4,4,4,3,3,4,3,5,4,3.54,31,14,TRUE
Male,Loyal Customer,61,Business Travel,Eco,447,5,2,2,2,5,5,5,5,1,1,2,1,5,3.15,0,0,TRUE
Female,Loyal Customer,40,Business Travel,Eco,460,5,5,2,5,5,5,5,5,2,5,5,5,5,4.54,0,0,TRUE
Male,Loyal Customer,37,Personal Travel,Eco,280,4,5,4,3,4,3,3,3,4,4,5,3,3,3.69,151,182,FALSE
Female,Loyal Customer,52,Business Travel,Business,551,4,4,4,4,4,4,5,5,5,5,5,4,5,4.46,22,19,TRUE
Female,Disloyal Customer,25,Business Travel,Eco,214,3,1,4,2,3,4,3,3,2,3,2,2,3,2.69,0,0,FALSE
Female,Loyal Customer,31,Personal Travel,Eco,356,2,5,2,3,4,2,4,4,5,5,3,2,4,3.46,0,0,FALSE
Male,Loyal Customer,51,Business Travel,Eco,397,2,4,4,4,2,2,2,2,2,5,3,1,2,2.69,0,0,FALSE
Female,Disloyal Customer,26,Business Travel,Business,1431,1,5,1,2,4,1,4,4,3,3,5,3,4,3.08,0,0,FALSE
Female,Loyal Customer,67,Personal Travel,Eco,1947,2,5,2,3,2,4,4,5,4,3,4,4,4,3.54,188,183,FALSE
Male,Loyal Customer,42,Business Travel,Business,2334,5,5,5,5,3,5,4,5,5,5,5,5,3,4.62,0,0,TRUE
Male,Disloyal Customer,25,Business Travel,Eco,847,2,2,2,2,1,2,1,1,5,5,5,3,1,2.46,0,10,FALSE
Female,Loyal Customer,36,Business Travel,Business,3614,5,5,5,5,5,4,4,2,2,2,2,5,4,3.85,0,0,TRUE
Male,Loyal Customer,55,Business Travel,Business,1591,1,1,1,1,4,4,4,1,1,1,1,4,3,2.08,6,0,FALSE
Female,Loyal Customer,43,Business Travel,Eco,563,4,4,4,4,2,3,5,4,4,4,4,5,1,3.69,64,57,TRUE
Female,Loyal Customer,43,Business Travel,Business,447,4,4,4,4,4,4,5,5,5,5,5,4,3,4.31,9,0,TRUE
Female,Loyal Customer,46,Business Travel,Business,2022,3,3,3,3,4,5,5,5,5,5,5,3,3,4,0,0,TRUE
Male,Disloyal Customer,15,Business Travel,Business,1180,0,0,0,4,5,0,5,5,5,2,5,3,5,3,11,0,TRUE
Male,Loyal Customer,70,Personal Travel,Eco,590,2,4,2,5,5,2,5,5,5,2,4,3,5,3.77,0,0,FALSE
Female,Loyal Customer,44,Business Travel,Business,2531,2,2,2,2,2,4,5,4,4,4,4,4,4,3.31,0,0,TRUE
Female,Loyal Customer,69,Personal Travel,Eco Plus,601,3,4,3,3,4,4,2,3,3,3,3,4,2,3.15,0,7,FALSE
Female,Loyal Customer,36,Business Travel,Eco,190,4,4,4,4,4,4,4,4,2,2,3,1,4,3.38,1,0,FALSE
Female,Loyal Customer,52,Business Travel,Eco,1747,1,5,5,5,3,2,3,1,1,1,1,2,4,2.62,0,0,FALSE
Male,Loyal Customer,47,Business Travel,Eco Plus,447,3,4,4,4,4,3,4,4,2,5,3,1,4,3.46,0,0,FALSE
Male,Loyal Customer,21,Personal Travel,Eco,1431,2,4,1,3,2,1,1,2,3,5,1,5,2,2.46,6,17,FALSE
Male,Loyal Customer,42,Business Travel,Eco Plus,120,5,2,1,2,5,5,5,5,3,5,1,1,5,3.46,0,0,TRUE
Male,Loyal Customer,34,Personal Travel,Eco,1041,3,4,3,4,3,3,3,3,5,5,5,4,3,3.69,0,0,FALSE
Male,Loyal Customer,43,Business Travel,Business,612,4,4,4,4,2,5,4,5,5,5,5,4,3,4.15,11,8,TRUE
Female,Loyal Customer,31,Personal Travel,Eco,867,3,1,2,4,2,2,2,2,4,5,4,3,2,2.77,0,0,FALSE
Male,Disloyal Customer,36,Business Travel,Business,226,4,4,4,1,3,4,5,3,4,2,3,1,3,3.15,0,0,FALSE
Female,Loyal Customer,34,Personal Travel,Eco Plus,867,4,5,5,4,1,5,1,1,5,3,4,2,1,3.15,29,33,FALSE
Male,Loyal Customer,55,Business Travel,Business,2389,1,1,1,1,4,5,4,5,5,5,5,4,3,3.38,0,0,TRUE
Male,Loyal Customer,68,Personal Travel,Eco,599,3,4,2,1,2,2,2,2,3,3,4,1,2,2.38,78,65,FALSE
Female,Disloyal Customer,40,Business Travel,Business,319,3,3,3,4,3,3,3,3,4,2,4,2,3,3.08,1,1,FALSE
Female,Loyal Customer,41,Business Travel,Business,528,4,4,4,4,1,2,4,4,4,4,4,3,3,3.46,0,0,TRUE
Male,Loyal Customer,41,Business Travel,Business,649,3,3,3,3,2,4,4,3,3,3,3,3,3,3.08,0,0,TRUE
Male,Loyal Customer,38,Business Travel,Business,158,3,3,3,3,2,5,5,4,4,4,5,4,5,3.85,0,0,TRUE
Male,Disloyal Customer,44,Business Travel,Business,1797,4,4,4,5,1,4,1,1,3,5,4,5,1,3.23,0,7,TRUE
Male,Loyal Customer,64,Business Travel,Business,216,0,5,0,4,2,4,4,5,5,5,5,3,3,3.46,0,0,TRUE
Female,Loyal Customer,46,Business Travel,Business,2337,3,3,2,3,3,5,4,4,4,4,4,5,3,3.62,0,0,TRUE
Male,Disloyal Customer,22,Business Travel,Eco,395,4,5,4,2,5,4,5,5,5,5,1,2,5,4,21,29,FALSE
Female,Disloyal Customer,23,Business Travel,Eco,967,5,5,5,4,5,5,5,5,4,5,4,5,5,4.77,0,13,TRUE
Female,Loyal Customer,42,Business Travel,Business,1617,3,3,3,3,3,4,4,4,4,4,4,4,4,3.62,63,60,TRUE
Male,Disloyal Customer,38,Business Travel,Eco,826,1,1,1,3,1,1,1,1,1,4,2,4,1,1.69,0,0,FALSE
Female,Disloyal Customer,38,Business Travel,Business,371,2,2,2,1,4,2,4,4,5,2,4,4,4,3.08,4,0,FALSE
Female,Loyal Customer,54,Personal Travel,Eco Plus,888,2,5,2,3,3,4,5,5,5,2,5,3,5,3.77,0,0,FALSE
Female,Disloyal Customer,27,Business Travel,Business,1035,4,4,4,3,4,4,4,4,3,3,4,5,4,3.85,0,18,TRUE
Female,Loyal Customer,17,Business Travel,Business,1276,4,4,4,4,4,4,4,4,5,3,5,3,4,4,0,0,TRUE
Female,Loyal Customer,32,Business Travel,Eco,236,2,4,4,4,2,2,2,2,1,1,4,1,2,2.38,0,14,FALSE
Male,Loyal Customer,45,Business Travel,Business,480,1,1,1,1,3,4,5,4,4,4,4,4,4,3.08,71,54,TRUE
Male,Disloyal Customer,37,Business Travel,Business,362,4,4,4,3,3,4,3,3,4,5,4,1,3,3.46,0,0,FALSE
Female,Loyal Customer,24,Business Travel,Eco,951,3,2,2,2,3,3,1,3,4,3,1,4,3,2.62,24,9,FALSE
Male,Loyal Customer,66,Personal Travel,Eco,442,4,4,4,3,5,4,5,5,2,4,3,2,5,3.85,0,0,FALSE
Female,Loyal Customer,44,Business Travel,Business,486,5,5,5,5,1,2,1,4,4,5,4,1,3,3.46,50,37,TRUE
Female,Loyal Customer,44,Personal Travel,Eco,1379,3,3,3,5,5,5,3,4,4,3,4,1,5,3.69,30,27,FALSE
Male,Loyal Customer,36,Business Travel,Business,842,1,1,1,1,4,5,4,4,4,4,4,3,3,3,21,15,TRUE
Female,Loyal Customer,46,Personal Travel,Eco,1620,2,4,2,3,5,5,4,3,3,2,3,5,5,3.54,0,0,FALSE
Male,Disloyal Customer,18,Business Travel,Business,551,4,0,3,2,3,3,3,5,5,5,5,3,3,3.38,191,189,TRUE
Female,Loyal Customer,21,Business Travel,Business,403,3,1,1,1,3,3,3,3,3,2,4,3,3,2.54,0,36,FALSE
Female,Loyal Customer,40,Business Travel,Business,2688,4,4,4,4,2,5,4,4,4,4,4,5,3,3.92,0,0,TRUE
Female,Disloyal Customer,31,Business Travel,Eco,990,2,2,2,4,5,2,5,5,3,1,4,1,5,3.15,0,0,FALSE
Male,Loyal Customer,68,Personal Travel,Eco,362,2,4,2,3,1,2,1,1,3,4,5,3,1,2.46,24,30,FALSE
Female,Loyal Customer,45,Business Travel,Business,1775,4,3,4,4,3,5,4,4,4,4,4,5,4,4,22,18,TRUE
Male,Loyal Customer,49,Business Travel,Business,407,4,4,4,4,5,5,4,4,4,4,4,3,3,4,16,5,TRUE
Female,Disloyal Customer,26,Business Travel,Eco,319,3,2,3,4,1,3,1,1,3,3,3,1,1,2.23,0,0,FALSE
Female,Loyal Customer,11,Personal Travel,Eco,333,2,3,2,2,1,2,1,1,1,5,5,4,1,2.31,0,0,FALSE
Female,Loyal Customer,53,Business Travel,Business,228,5,5,5,5,2,4,5,4,4,4,4,4,3,4.15,0,0,TRUE
Female,Loyal Customer,9,Personal Travel,Eco,456,3,2,3,4,4,3,1,4,1,3,3,1,4,2.77,0,0,FALSE
Male,Loyal Customer,55,Business Travel,Business,361,5,5,5,5,5,5,4,4,4,4,4,5,5,4.62,0,3,TRUE
Female,Loyal Customer,37,Business Travel,Business,2080,2,2,2,2,2,4,4,4,4,4,4,5,5,3.38,0,0,TRUE
Male,Loyal Customer,34,Business Travel,Eco Plus,436,3,4,4,4,3,2,3,3,3,1,3,1,3,2.85,0,0,FALSE
Female,Disloyal Customer,25,Business Travel,Business,628,2,0,2,4,2,2,2,2,3,3,5,5,2,2.62,20,0,FALSE
Male,Loyal Customer,49,Business Travel,Business,2484,3,3,5,3,3,5,5,5,5,5,5,4,3,4.15,0,0,TRUE
Male,Loyal Customer,39,Personal Travel,Eco,191,2,5,2,2,4,2,4,4,5,4,5,5,4,3.69,0,0,FALSE
Female,Loyal Customer,36,Business Travel,Eco,273,5,2,2,2,5,4,5,5,3,1,3,1,5,3.31,0,0,FALSE
Female,Loyal Customer,49,Business Travel,Business,1598,5,5,4,5,5,5,4,3,3,3,3,4,3,4,15,5,TRUE
Female,Loyal Customer,38,Business Travel,Eco Plus,789,5,5,5,5,5,5,5,5,4,3,3,3,5,4.46,15,6,TRUE
Female,Disloyal Customer,23,Business Travel,Eco,281,2,0,2,5,5,2,5,5,4,2,5,5,5,3.62,0,0,FALSE
Female,Loyal Customer,41,Business Travel,Business,2351,2,2,2,2,2,5,4,3,3,3,3,3,3,2.85,0,4,TRUE
Female,Loyal Customer,42,Personal Travel,Eco,1204,2,5,2,3,4,1,5,5,5,2,5,4,5,3.69,9,0,FALSE
Male,Disloyal Customer,38,Business Travel,Business,214,3,3,3,1,5,3,4,5,4,2,5,5,5,3.69,6,4,FALSE
Male,Loyal Customer,18,Personal Travel,Eco,641,3,5,3,2,4,3,4,4,4,2,5,5,4,3.69,0,0,FALSE
Male,Disloyal Customer,22,Business Travel,Eco,964,3,3,3,5,3,3,3,3,1,5,3,3,3,3.15,0,5,FALSE
Female,Loyal Customer,48,Personal Travel,Eco,84,2,2,2,3,3,3,3,3,3,2,2,4,1,2.54,0,3,FALSE
Male,Loyal Customer,19,Personal Travel,Eco,1771,3,4,3,3,1,3,1,1,1,5,4,3,1,2.54,28,31,FALSE
Female,Disloyal Customer,25,Business Travel,Eco,326,2,5,2,5,2,2,2,2,2,5,1,3,2,2.69,0,4,FALSE
Female,Loyal Customer,59,Business Travel,Business,1547,4,4,4,4,2,4,4,3,3,3,3,4,5,3.62,0,0,TRUE
Male,Loyal Customer,40,Business Travel,Business,462,3,3,4,3,3,5,5,4,4,4,4,3,5,3.85,17,11,TRUE
Male,Loyal Customer,26,Personal Travel,Eco,1452,3,2,3,3,3,3,3,3,3,2,3,4,3,2.92,0,0,FALSE
Male,Loyal Customer,44,Business Travel,Business,2955,3,5,5,5,2,4,4,3,3,3,3,1,3,3.38,0,0,FALSE
Female,Loyal Customer,26,Personal Travel,Eco Plus,762,1,3,1,3,3,1,2,3,1,2,3,4,3,2.31,63,44,FALSE
Female,Disloyal Customer,28,Business Travel,Eco,1119,4,3,3,2,4,3,4,4,2,4,2,2,4,3.15,0,15,FALSE
Female,Loyal Customer,53,Business Travel,Business,237,1,2,2,2,5,2,2,1,1,2,1,1,3,1.92,0,0,FALSE
Male,Loyal Customer,50,Business Travel,Business,1525,5,5,2,5,4,5,4,5,5,5,5,4,5,4.54,2,11,TRUE
Male,Loyal Customer,52,Personal Travel,Eco,1011,2,1,2,2,5,2,5,5,4,4,2,1,5,3.08,0,10,FALSE
Female,Loyal Customer,28,Personal Travel,Eco,1090,4,4,4,2,1,4,1,1,4,1,4,1,1,2.46,26,18,FALSE
Male,Loyal Customer,57,Personal Travel,Eco,436,3,5,3,2,5,3,5,5,4,2,4,3,5,3.77,69,74,FALSE
Female,Loyal Customer,43,Business Travel,Business,2496,2,2,2,2,5,5,5,1,1,3,3,5,5,3.15,5,1,TRUE
Male,Loyal Customer,42,Business Travel,Eco,679,3,1,1,1,3,3,3,3,4,1,3,2,3,2.38,0,0,FALSE
Female,Loyal Customer,46,Personal Travel,Eco Plus,500,4,3,2,4,2,3,3,4,4,2,4,1,4,3.08,0,0,TRUE
Female,Loyal Customer,55,Personal Travel,Eco,386,2,5,2,3,5,4,4,1,1,2,5,3,5,3.23,0,0,FALSE
Male,Loyal Customer,46,Business Travel,Business,2923,1,1,1,1,3,5,5,5,5,5,5,3,5,3.46,28,23,TRUE
Male,Disloyal Customer,51,Business Travel,Business,472,5,4,4,2,5,5,5,5,5,2,4,3,5,4.15,18,12,TRUE
Female,Disloyal Customer,41,Business Travel,Business,223,2,2,2,4,4,2,4,4,1,1,4,4,4,2.92,18,22,FALSE
Male,Disloyal Customer,17,Business Travel,Eco,391,3,4,3,4,4,3,4,4,3,3,3,2,4,3.38,1,3,FALSE
Male,Loyal Customer,60,Business Travel,Business,700,3,3,3,3,4,5,4,5,5,5,5,4,3,4,0,0,TRUE
Male,Loyal Customer,51,Business Travel,Business,1892,3,3,2,3,5,3,5,4,4,4,4,3,5,3.69,0,0,TRUE
Male,Loyal Customer,46,Business Travel,Eco,612,4,5,5,5,4,4,4,4,1,3,2,4,4,3.77,0,0,TRUE
Male,Disloyal Customer,39,Business Travel,Business,280,3,3,3,2,5,3,5,5,5,4,5,3,5,3.92,3,1,FALSE
Female,Loyal Customer,38,Business Travel,Eco,331,4,5,5,5,4,4,4,4,5,3,2,4,4,4.08,0,0,TRUE
Female,Loyal Customer,56,Business Travel,Business,306,0,0,0,2,4,4,5,2,2,5,5,3,4,2.77,0,0,TRUE
Female,Disloyal Customer,54,Business Travel,Business,2454,4,4,4,3,4,4,4,4,5,3,5,5,4,4.08,34,38,TRUE
Male,Loyal Customer,60,Personal Travel,Eco,733,2,2,2,4,5,2,5,5,1,1,3,3,5,3.08,0,0,FALSE
Female,Loyal Customer,15,Personal Travel,Eco,1727,2,5,2,4,2,2,2,2,3,3,4,3,2,2.77,0,1,FALSE
Male,Disloyal Customer,41,Business Travel,Business,349,2,2,2,2,3,2,3,3,1,5,1,3,3,2.46,35,57,FALSE
Female,Loyal Customer,51,Business Travel,Business,1765,1,1,1,1,3,4,5,4,4,4,4,3,4,3,0,0,TRUE
Female,Disloyal Customer,39,Business Travel,Business,140,5,5,5,3,4,5,4,4,3,5,4,5,4,4.31,100,97,TRUE
Male,Loyal Customer,59,Business Travel,Business,3749,5,5,5,5,4,5,5,5,5,5,5,5,3,4.77,0,0,TRUE
Male,Loyal Customer,42,Business Travel,Eco,563,4,1,1,1,4,4,4,4,3,4,5,2,4,3.15,12,2,TRUE
Female,Loyal Customer,27,Personal Travel,Eco,329,3,5,5,2,4,5,4,4,2,5,5,5,4,4.08,27,12,FALSE
Male,Disloyal Customer,24,Business Travel,Eco,907,2,2,2,3,1,2,1,1,5,2,4,3,1,2.23,0,0,FALSE
Male,Loyal Customer,51,Business Travel,Business,1892,2,5,2,2,5,4,5,5,5,5,5,5,4,4.15,0,0,TRUE
Male,Disloyal Customer,22,Business Travel,Eco,1071,3,3,3,4,2,3,2,2,4,1,3,3,2,2.69,3,34,FALSE
Male,Loyal Customer,12,Personal Travel,Eco Plus,188,1,4,1,5,1,1,1,1,3,3,5,5,1,2.46,14,6,FALSE
Female,Disloyal Customer,41,Business Travel,Eco Plus,641,3,3,3,3,3,3,3,3,4,5,3,3,3,3.23,62,62,FALSE
Female,Loyal Customer,47,Business Travel,Business,802,1,1,5,1,1,3,4,1,1,1,1,1,4,1.92,24,18,FALSE
Female,Loyal Customer,44,Business Travel,Business,240,0,0,0,3,4,5,5,4,4,2,2,4,4,2.85,0,0,TRUE
Female,Loyal Customer,20,Personal Travel,Eco,606,3,4,3,3,1,3,1,1,5,4,4,4,1,2.85,0,0,FALSE
Male,Disloyal Customer,24,Business Travel,Eco,1009,4,4,4,3,2,4,2,2,5,2,4,5,2,3.31,52,26,FALSE
Male,Loyal Customer,25,Business Travel,Business,2457,1,1,1,1,5,5,5,4,2,3,4,5,5,3.23,131,122,TRUE
Male,Loyal Customer,48,Business Travel,Business,1014,5,5,5,5,3,4,4,4,4,4,4,3,3,4.08,29,47,TRUE
Female,Loyal Customer,27,Business Travel,Business,227,3,3,3,3,5,4,5,5,4,3,3,3,5,3.77,12,31,TRUE
Female,Disloyal Customer,26,Business Travel,Eco Plus,1154,1,1,1,4,3,1,4,3,2,1,3,2,3,2.23,7,18,FALSE
Female,Loyal Customer,52,Business Travel,Eco,1249,4,1,2,2,5,2,2,4,4,4,4,1,3,2.92,0,0,TRUE
Male,Loyal Customer,40,Business Travel,Business,3975,1,1,3,1,2,4,4,3,3,3,3,5,4,2.85,0,0,TRUE
Male,Loyal Customer,57,Business Travel,Business,3488,3,3,3,3,3,4,5,4,4,4,4,4,5,3.77,62,65,TRUE
Male,Loyal Customer,25,Business Travel,Business,1797,1,1,5,1,5,5,5,5,1,3,5,1,5,3.31,0,0,TRUE
Female,Loyal Customer,29,Business Travel,Business,2797,5,5,5,5,3,3,3,3,3,5,4,4,3,3.92,0,0,TRUE
Female,Disloyal Customer,29,Business Travel,Business,719,3,3,3,2,2,3,2,2,4,4,4,5,2,3,12,0,FALSE
Female,Loyal Customer,63,Personal Travel,Eco,1024,4,4,4,4,5,3,5,4,4,4,4,1,1,3.62,0,0,TRUE
Male,Disloyal Customer,23,Business Travel,Eco,1005,3,3,3,4,5,3,5,5,4,3,4,3,5,3.85,1,0,FALSE
Male,Loyal Customer,24,Business Travel,Business,2075,5,4,5,5,4,4,4,4,3,3,4,5,4,4.15,7,19,TRUE
Female,Loyal Customer,33,Business Travel,Business,1991,3,3,3,3,5,2,3,5,5,5,5,5,5,4,0,0,TRUE
Female,Loyal Customer,46,Business Travel,Business,345,2,4,5,4,4,4,3,2,2,2,2,2,3,3,0,0,FALSE
Male,Loyal Customer,67,Personal Travel,Eco,1184,1,1,1,3,1,1,1,1,2,1,3,3,1,1.54,0,0,FALSE
Female,Loyal Customer,23,Personal Travel,Eco,1121,1,4,1,1,2,1,2,2,4,5,5,4,2,2.62,0,0,FALSE
Female,Loyal Customer,59,Business Travel,Business,3660,0,0,0,3,4,4,5,5,5,5,5,4,3,3.31,92,84,TRUE
Female,Loyal Customer,35,Business Travel,Business,1931,3,1,1,1,3,1,2,3,3,3,3,1,4,2.23,0,0,FALSE
Female,Loyal Customer,24,Personal Travel,Eco Plus,1192,4,4,4,1,5,4,5,5,3,5,3,4,5,4,5,0,FALSE
Female,Loyal Customer,49,Business Travel,Business,1502,2,2,4,2,5,5,5,5,5,5,4,5,3,4,0,0,TRUE
Female,Loyal Customer,35,Business Travel,Business,1416,1,2,2,2,2,2,2,1,1,1,1,4,1,1.69,0,0,FALSE
Female,Loyal Customer,50,Personal Travel,Eco Plus,386,3,4,3,1,5,4,5,3,3,3,3,5,4,3.54,0,0,FALSE
Male,Loyal Customer,45,Business Travel,Business,882,5,2,5,5,3,4,2,5,5,5,5,1,4,3.92,0,0,TRUE
Female,Loyal Customer,51,Personal Travel,Eco,697,1,5,1,1,5,5,4,2,2,1,2,3,5,2.85,0,4,FALSE
Female,Loyal Customer,70,Personal Travel,Eco,646,4,1,4,3,5,2,3,3,3,4,3,2,3,3.08,5,20,FALSE
Male,Loyal Customer,23,Personal Travel,Eco,1547,0,4,0,3,4,0,4,4,3,3,4,5,4,2.92,0,0,TRUE
Female,Loyal Customer,31,Business Travel,Business,1754,5,5,5,5,4,4,4,4,4,4,5,5,4,4.46,0,1,TRUE
Female,Loyal Customer,40,Business Travel,Eco Plus,150,3,5,5,5,3,3,3,3,1,2,2,3,3,3.15,0,0,TRUE
Female,Loyal Customer,37,Personal Travel,Eco,1487,3,4,3,5,2,3,2,2,3,5,5,3,2,3.23,0,0,FALSE
Male,Loyal Customer,25,Business Travel,Business,721,3,3,3,3,2,2,2,2,1,2,1,4,2,2.31,0,0,TRUE
Female,Loyal Customer,61,Business Travel,Business,2591,3,3,3,3,3,4,3,3,3,3,3,1,5,3.08,0,11,TRUE
Female,Disloyal Customer,36,Business Travel,Eco,427,3,0,3,4,3,3,3,3,1,4,1,4,3,2.69,10,0,FALSE
Female,Disloyal Customer,22,Business Travel,Business,397,5,0,5,2,4,0,4,4,4,3,5,4,4,3.38,0,0,TRUE
Female,Loyal Customer,31,Personal Travel,Eco,562,4,5,4,2,2,4,2,2,4,2,5,5,2,3.31,39,28,FALSE
Male,Loyal Customer,52,Business Travel,Business,3309,3,3,3,3,5,4,4,4,4,4,4,4,3,3.69,0,0,TRUE
Male,Loyal Customer,42,Business Travel,Business,508,3,4,3,4,3,3,3,3,3,3,3,1,3,3,7,0,FALSE
Female,Loyal Customer,24,Business Travel,Eco Plus,358,4,3,3,3,4,4,5,4,1,5,4,5,4,3.77,0,0,TRUE
Female,Loyal Customer,50,Personal Travel,Eco,2288,2,5,2,3,1,5,3,1,1,2,1,4,1,2.38,0,0,FALSE
Female,Loyal Customer,72,Business Travel,Eco,1605,2,2,2,2,5,2,2,2,2,2,2,3,3,2.38,0,0,FALSE
Female,Disloyal Customer,32,Business Travel,Business,912,3,3,3,4,3,3,3,3,3,4,5,4,3,3.38,0,0,FALSE
Female,Loyal Customer,10,Personal Travel,Eco,787,1,4,1,1,2,1,2,2,5,4,4,3,2,2.46,1,0,FALSE
Female,Loyal Customer,61,Business Travel,Business,2342,5,5,5,5,4,5,5,4,4,4,4,5,5,4.62,0,0,TRUE
Male,Loyal Customer,30,Personal Travel,Eco,251,5,5,0,2,2,0,2,2,5,5,4,5,2,3,0,0,TRUE
Male,Loyal Customer,34,Business Travel,Business,2704,5,5,5,5,5,3,5,5,5,5,5,5,3,4.69,1,0,TRUE
Male,Loyal Customer,58,Personal Travel,Eco Plus,173,1,5,0,1,0,3,3,3,1,3,4,3,3,2.31,150,155,FALSE
Female,Loyal Customer,34,Business Travel,Business,2801,1,1,1,1,2,5,5,4,4,4,4,5,3,3.08,1,0,TRUE
Male,Loyal Customer,32,Personal Travel,Eco,297,3,4,3,2,3,3,3,3,3,5,4,5,3,3.38,7,0,FALSE
Female,Loyal Customer,55,Business Travel,Eco Plus,364,2,2,2,2,1,4,4,2,2,2,2,1,4,2.31,17,17,FALSE
Male,Loyal Customer,59,Business Travel,Business,438,1,1,1,1,5,5,5,4,4,4,4,5,4,3.38,8,2,TRUE
Female,Loyal Customer,57,Business Travel,Business,1839,5,5,5,5,4,4,5,4,4,4,4,3,3,4.23,0,0,TRUE
Male,Loyal Customer,30,Business Travel,Business,507,4,4,4,4,5,5,5,5,3,4,4,3,5,4.23,0,0,TRUE
Female,Loyal Customer,55,Business Travel,Business,3020,3,3,4,3,5,5,3,5,5,5,4,5,2,4,0,0,TRUE
Female,Loyal Customer,43,Personal Travel,Eco,125,4,4,4,2,4,2,3,5,5,4,3,3,2,3.46,0,0,FALSE
Male,Loyal Customer,37,Personal Travel,Eco,1123,3,5,3,3,3,4,4,5,3,5,4,4,4,3.85,211,187,FALSE
Male,Disloyal Customer,14,Business Travel,Eco,1497,2,2,2,4,1,2,1,1,2,1,3,2,1,1.85,85,70,FALSE
Female,Loyal Customer,29,Business Travel,Business,1053,2,5,4,5,2,2,2,2,2,1,4,4,2,2.85,27,35,FALSE
Male,Disloyal Customer,23,Business Travel,Eco,949,5,4,4,2,4,4,5,4,4,5,3,5,4,4.08,37,39,TRUE
Female,Loyal Customer,46,Business Travel,Business,3212,5,5,5,5,2,5,4,5,5,5,5,5,5,4.69,0,0,TRUE
Male,Loyal Customer,54,Business Travel,Business,2092,1,1,1,1,2,5,5,4,4,4,4,3,3,2.92,1,2,TRUE
Female,Disloyal Customer,25,Business Travel,Eco,515,1,2,1,2,1,1,1,1,2,5,2,4,1,1.85,6,0,FALSE
Female,Disloyal Customer,34,Business Travel,Eco,387,4,0,4,3,2,4,3,2,1,4,3,3,2,2.69,0,0,FALSE
Female,Loyal Customer,43,Personal Travel,Eco,484,2,4,2,3,1,4,3,5,5,2,1,2,1,2.69,13,16,FALSE
Female,Loyal Customer,65,Personal Travel,Business,484,1,5,1,4,5,5,5,2,2,1,2,3,3,3,0,0,FALSE
Male,Loyal Customer,12,Personal Travel,Business,1440,4,4,4,2,4,4,1,4,3,4,4,3,4,3.46,8,0,TRUE
Female,Loyal Customer,37,Business Travel,Business,1590,5,5,3,5,4,5,4,4,4,4,4,4,4,4.23,0,0,TRUE
Female,Loyal Customer,75,Business Travel,Business,2152,3,3,3,3,2,3,1,5,5,5,5,5,1,3.38,0,0,TRUE
Male,Loyal Customer,36,Business Travel,Business,484,3,3,3,3,2,4,5,5,5,4,5,4,5,3.92,0,0,TRUE
Female,Loyal Customer,36,Business Travel,Business,2063,5,1,5,5,5,3,3,4,4,4,5,2,5,3.92,0,0,TRUE
Male,Loyal Customer,40,Business Travel,Business,3584,3,3,3,3,5,4,5,5,5,5,5,4,3,4.08,7,0,TRUE
Female,Loyal Customer,41,Personal Travel,Eco,1005,4,4,3,1,3,3,3,3,4,2,4,5,3,3.23,0,0,TRUE
Female,Loyal Customer,28,Business Travel,Business,3572,2,2,5,2,2,2,2,2,3,1,4,4,2,2.54,31,30,FALSE
Male,Loyal Customer,52,Personal Travel,Eco,874,3,5,3,5,4,3,4,4,4,5,4,5,4,4.08,0,0,FALSE
Male,Loyal Customer,39,Business Travel,Eco,248,3,4,5,4,3,3,3,3,3,4,4,1,3,3.31,2,8,FALSE
Female,Loyal Customer,67,Personal Travel,Eco,645,2,2,2,3,2,3,3,4,4,2,2,2,4,2.69,0,0,FALSE
Male,Loyal Customer,41,Business Travel,Business,3669,3,3,3,3,3,1,1,3,3,3,3,5,3,2.85,0,1,TRUE
Male,Loyal Customer,13,Personal Travel,Eco Plus,937,1,3,1,2,2,1,2,2,3,1,1,5,2,2,0,20,FALSE
Male,Loyal Customer,51,Business Travel,Business,2521,1,1,1,1,5,5,5,5,2,4,5,5,5,3.46,0,0,TRUE
Male,Loyal Customer,44,Business Travel,Business,1514,3,4,4,4,3,3,4,3,3,3,3,3,4,3.38,24,6,FALSE
Male,Loyal Customer,45,Business Travel,Eco,689,3,2,2,2,3,3,3,3,4,2,2,3,3,2.69,0,0,TRUE
Female,Loyal Customer,38,Personal Travel,Eco,315,2,3,2,4,4,2,4,4,4,2,4,3,4,3.23,0,0,FALSE
Male,Disloyal Customer,40,Business Travel,Eco,253,3,2,2,4,4,2,4,4,2,5,3,1,4,3.08,0,0,FALSE
Male,Loyal Customer,23,Business Travel,Business,726,3,3,3,3,4,4,4,4,2,1,4,3,4,3.23,0,0,TRUE
Female,Loyal Customer,36,Business Travel,Business,3727,4,4,4,4,5,5,4,5,5,5,5,5,3,4.46,48,41,TRUE
Female,Loyal Customer,33,Personal Travel,Eco,365,4,5,4,4,3,4,1,3,3,3,5,5,3,3.62,13,8,TRUE
Female,Loyal Customer,36,Business Travel,Business,2958,2,5,5,5,5,2,3,2,2,2,2,2,2,3,27,13,FALSE
Male,Loyal Customer,56,Business Travel,Business,151,1,2,2,2,3,2,2,1,1,1,1,3,4,1.92,0,7,FALSE
Female,Loyal Customer,40,Business Travel,Business,1464,2,2,3,2,3,4,5,4,4,4,4,5,5,3.62,0,0,TRUE
Female,Loyal Customer,33,Business Travel,Eco,305,4,3,2,3,4,4,4,4,3,1,3,5,4,3.38,0,0,TRUE
Female,Loyal Customer,55,Business Travel,Business,1590,2,2,2,2,5,3,4,2,2,2,2,4,3,2.69,1,0,TRUE
Female,Loyal Customer,43,Business Travel,Business,1635,1,1,5,1,3,4,4,2,2,2,2,3,4,2.62,3,0,TRUE
Female,Loyal Customer,31,Personal Travel,Eco,475,3,4,3,3,4,3,4,4,4,3,2,2,4,3.31,0,0,FALSE
Female,Loyal Customer,11,Personal Travel,Business,2521,3,5,3,4,1,3,1,1,3,4,5,5,1,3,0,0,FALSE
Female,Loyal Customer,57,Personal Travel,Business,986,2,5,2,4,3,5,5,4,4,2,4,4,5,3.77,82,67,FALSE
Male,Loyal Customer,52,Business Travel,Business,2442,1,1,1,1,1,2,2,4,4,4,4,1,1,2.08,5,0,TRUE
Male,Loyal Customer,19,Personal Travel,Eco,371,2,2,2,3,5,2,4,5,2,1,3,4,5,3.08,1,7,FALSE
Female,Loyal Customer,58,Personal Travel,Eco,569,2,3,2,3,1,4,4,2,2,2,2,4,1,2.46,0,0,FALSE
Male,Loyal Customer,10,Personal Travel,Eco,371,1,1,1,4,2,1,2,2,4,1,4,2,2,2.08,0,9,FALSE
Male,Loyal Customer,41,Business Travel,Eco,1012,3,5,5,5,3,3,3,3,3,5,3,2,3,3.54,1,1,FALSE
Female,Loyal Customer,14,Business Travel,Business,1012,3,2,2,2,3,3,3,3,3,3,3,1,3,2.62,0,0,FALSE
Female,Loyal Customer,51,Business Travel,Business,1611,5,3,3,3,2,3,4,5,5,4,5,4,4,3.85,61,53,FALSE
Male,Loyal Customer,53,Business Travel,Business,721,5,5,5,5,2,5,4,5,5,5,5,2,3,4.31,0,4,TRUE
Female,Loyal Customer,58,Personal Travel,Eco Plus,761,2,4,2,2,4,4,5,3,3,2,4,4,4,3.31,0,0,FALSE
Male,Loyal Customer,40,Personal Travel,Eco,946,2,4,2,2,1,2,1,1,4,4,2,2,1,2.15,0,0,FALSE
Female,Loyal Customer,55,Business Travel,Business,2263,3,3,3,3,5,4,5,5,5,5,5,4,4,4.15,21,15,TRUE
Male,Loyal Customer,59,Business Travel,Business,297,3,4,4,4,2,3,4,3,3,3,3,2,2,3.08,5,0,FALSE
Female,Loyal Customer,51,Business Travel,Business,2300,4,4,4,4,3,4,5,2,2,2,2,4,5,3.46,1,0,TRUE
Female,Loyal Customer,30,Business Travel,Eco,129,4,1,1,1,4,5,4,4,1,3,2,4,4,2.92,0,0,TRUE
Female,Disloyal Customer,24,Business Travel,Eco,406,3,5,3,4,1,3,2,1,3,2,2,1,1,2.38,0,0,FALSE
Male,Loyal Customer,48,Personal Travel,Eco,109,0,5,0,2,4,0,4,4,4,3,5,3,4,2.92,0,0,TRUE
Male,Loyal Customer,49,Business Travel,Business,2611,1,1,1,1,3,3,4,4,4,4,4,4,3,2.85,0,0,TRUE
Female,Loyal Customer,27,Personal Travel,Eco,399,1,1,1,3,5,1,5,5,3,5,4,1,5,3.08,0,0,FALSE
Male,Loyal Customer,32,Business Travel,Eco,1014,2,2,2,2,2,2,2,2,3,4,3,4,2,2.46,24,8,FALSE
Female,Loyal Customer,44,Business Travel,Eco,1674,3,4,4,4,2,5,2,3,3,3,3,3,4,3.31,51,43,TRUE
Female,Loyal Customer,66,Personal Travel,Eco,1660,4,4,4,1,3,4,4,5,5,4,5,5,3,3.92,15,0,FALSE
Female,Loyal Customer,23,Personal Travel,Eco,237,1,5,1,5,4,1,4,4,5,4,5,3,4,3.54,0,0,FALSE
Female,Loyal Customer,30,Personal Travel,Eco,251,0,4,0,3,2,0,2,2,4,2,5,5,2,2.38,0,0,TRUE
Female,Loyal Customer,52,Business Travel,Business,1616,3,3,3,3,4,5,4,4,4,4,4,3,5,3.77,0,0,TRUE
Male,Loyal Customer,15,Personal Travel,Eco,342,3,2,3,4,2,3,1,2,4,2,3,4,2,2.69,9,8,FALSE
Male,Loyal Customer,62,Personal Travel,Eco,1119,2,4,2,1,3,2,4,3,4,3,5,4,3,3.08,0,0,FALSE
Female,Loyal Customer,52,Personal Travel,Eco,577,3,4,3,3,5,5,4,3,3,3,3,5,5,3.77,0,0,FALSE
Female,Disloyal Customer,20,Business Travel,Eco,866,1,1,1,5,3,1,3,3,1,3,5,2,3,2.46,13,0,FALSE
Male,Disloyal Customer,23,Business Travel,Eco,883,2,2,2,3,2,2,3,2,5,3,4,5,2,2.85,28,15,FALSE
Female,Disloyal Customer,40,Business Travel,Business,196,3,3,3,3,5,3,5,5,1,3,5,1,5,3.46,0,0,FALSE
Male,Loyal Customer,43,Business Travel,Business,1779,1,1,4,1,2,4,5,5,5,4,5,4,3,3.38,0,0,TRUE
Male,Loyal Customer,32,Business Travel,Eco,2165,2,1,1,1,2,2,2,2,1,2,1,4,2,1.77,0,0,FALSE
Female,Loyal Customer,59,Business Travel,Business,368,4,4,4,4,3,5,5,4,4,4,4,5,3,4.08,0,0,TRUE
Male,Disloyal Customer,46,Business Travel,Business,1598,3,3,3,2,1,3,1,1,4,4,3,5,1,2.62,0,4,FALSE
Female,Loyal Customer,62,Business Travel,Business,3251,4,4,4,4,5,4,4,4,4,4,4,5,3,4.08,43,35,TRUE
Male,Loyal Customer,40,Personal Travel,Eco Plus,351,1,3,1,3,3,1,4,3,1,1,2,4,3,2.31,0,0,FALSE
Male,Loyal Customer,54,Business Travel,Business,1966,2,2,2,2,3,5,4,4,4,4,5,5,5,3.62,0,0,TRUE
Female,Disloyal Customer,37,Business Travel,Business,295,2,2,2,3,2,2,2,2,4,3,5,3,2,2.62,2,5,FALSE
Female,Disloyal Customer,25,Business Travel,Eco,432,1,3,1,3,2,1,2,2,3,3,4,1,2,2.15,9,10,FALSE
Male,Loyal Customer,42,Business Travel,Business,363,2,4,4,4,5,3,3,2,2,2,2,3,1,2.85,0,0,FALSE
Male,Disloyal Customer,7,Business Travel,Eco,592,1,2,0,3,0,1,1,2,2,4,4,1,1,1.69,188,244,FALSE
Male,Loyal Customer,46,Business Travel,Business,2186,2,2,2,2,3,4,5,4,4,4,4,4,5,3.46,40,27,TRUE
Male,Loyal Customer,15,Personal Travel,Eco,261,4,2,4,3,4,4,4,4,2,3,4,4,4,3.54,0,0,FALSE
Male,Loyal Customer,16,Personal Travel,Eco,266,2,0,2,4,3,2,3,3,4,3,4,5,3,2.92,0,0,FALSE
Male,Loyal Customer,15,Personal Travel,Eco,337,3,4,4,3,4,4,4,4,4,3,5,4,4,3.85,7,11,FALSE
Male,Loyal Customer,14,Personal Travel,Eco,1127,3,5,4,4,3,4,3,3,4,2,5,4,3,3.62,0,0,FALSE
Male,Disloyal Customer,43,Business Travel,Business,632,3,3,3,1,2,3,2,2,5,5,4,4,2,3,0,0,FALSE
Female,Loyal Customer,32,Business Travel,Business,2451,2,2,2,2,2,2,2,2,3,4,3,4,2,2.46,2,0,FALSE
Female,Loyal Customer,16,Personal Travel,Eco,351,4,4,4,4,5,4,5,5,1,2,4,2,5,3.77,0,0,FALSE
Male,Loyal Customer,38,Personal Travel,Eco,1123,5,5,4,3,2,4,2,2,4,3,5,5,2,3.54,31,29,TRUE
Male,Loyal Customer,44,Business Travel,Business,290,2,2,4,2,3,5,5,5,5,5,5,5,5,4.08,0,0,TRUE
Female,Disloyal Customer,24,Business Travel,Eco,270,4,0,4,3,4,4,4,4,5,4,5,4,4,3.77,0,0,FALSE
Female,Loyal Customer,54,Business Travel,Business,3719,1,1,1,1,3,5,4,4,4,4,4,5,5,3.23,0,4,TRUE
Female,Loyal Customer,26,Personal Travel,Eco Plus,2496,2,5,2,4,5,2,5,5,2,1,5,3,5,3.54,0,0,FALSE
Female,Disloyal Customer,34,Business Travel,Eco,910,2,2,2,4,5,2,5,5,4,4,4,2,5,3.54,0,0,FALSE
Female,Loyal Customer,44,Business Travel,Eco,272,5,5,4,5,2,4,1,4,4,5,4,1,4,3.69,0,0,TRUE
Female,Loyal Customer,24,Business Travel,Business,347,3,1,1,1,3,3,3,3,4,2,4,3,3,2.62,0,0,FALSE
Female,Loyal Customer,53,Business Travel,Business,1182,5,5,5,5,3,5,4,4,4,4,4,4,5,4.38,0,0,TRUE
Male,Loyal Customer,16,Personal Travel,Eco,599,2,2,2,4,1,2,1,1,4,2,4,3,1,2.23,5,12,FALSE
Male,Loyal Customer,47,Business Travel,Eco,1035,4,3,3,3,5,4,5,5,3,3,4,2,5,3.77,1,3,FALSE
Female,Loyal Customer,25,Business Travel,Business,1598,4,4,4,4,5,5,5,5,3,5,5,3,5,4.38,0,0,TRUE
Male,Disloyal Customer,34,Business Travel,Eco,376,2,0,2,5,3,2,1,3,5,2,2,4,3,2.62,0,,FALSE
Female,Disloyal Customer,27,Business Travel,Business,691,0,0,0,4,3,0,3,3,3,4,5,5,3,2.54,0,0,TRUE
Male,Loyal Customer,32,Personal Travel,Eco,1524,1,5,1,3,5,1,5,5,3,4,3,4,5,3.46,24,0,FALSE
Female,Disloyal Customer,58,Business Travel,Business,307,3,3,3,4,5,3,5,5,4,5,5,5,5,4.23,50,71,FALSE
Male,Disloyal Customer,45,Business Travel,Eco,390,1,2,1,3,1,1,1,1,4,5,3,4,1,2.15,0,0,FALSE
Male,Loyal Customer,30,Business Travel,Business,826,2,2,2,2,4,4,4,4,2,2,2,4,4,2.92,4,0,TRUE
Male,Loyal Customer,16,Personal Travel,Eco,369,2,3,2,4,4,2,4,4,1,5,4,1,4,3.08,6,4,FALSE
Female,Loyal Customer,22,Business Travel,Business,1727,1,1,1,1,1,1,1,1,1,4,2,2,1,1.38,9,34,FALSE
Female,Loyal Customer,23,Business Travel,Business,1956,3,4,3,3,4,4,4,4,3,2,3,3,4,3.38,1,25,TRUE
Female,Loyal Customer,50,Business Travel,Eco Plus,846,2,3,5,5,2,3,4,3,3,2,3,3,4,3.23,24,11,FALSE
Male,Loyal Customer,58,Personal Travel,Business,266,3,0,3,2,3,5,4,2,2,3,2,4,4,2.85,0,0,FALSE
Female,Loyal Customer,70,Personal Travel,Eco,932,2,5,2,5,3,5,5,2,2,2,3,4,5,3.46,2,11,FALSE
Male,Disloyal Customer,24,Business Travel,Business,964,4,4,3,3,2,3,2,2,4,5,4,4,2,3.23,5,0,TRUE
Male,Loyal Customer,57,Personal Travel,Eco,802,1,5,1,3,2,1,2,2,2,3,4,4,2,2.46,0,0,FALSE
Male,Loyal Customer,60,Personal Travel,Business,700,3,4,3,3,2,5,4,1,1,3,1,3,5,2.92,70,61,FALSE
Female,Disloyal Customer,32,Business Travel,Business,545,2,2,2,4,4,2,4,4,5,2,5,5,4,3.46,10,9,FALSE
Male,Loyal Customer,55,Business Travel,Business,2460,1,1,4,1,4,4,5,5,5,5,5,3,4,3.62,2,17,TRUE
Male,Disloyal Customer,30,Business Travel,Eco,746,2,2,2,5,1,2,1,1,2,2,5,3,1,2.23,0,0,FALSE
Female,Loyal Customer,17,Personal Travel,Eco,667,3,5,3,5,1,3,1,1,3,2,4,5,1,2.85,0,0,FALSE
Male,Disloyal Customer,19,Business Travel,Eco,1046,1,1,1,3,5,1,5,5,5,3,4,3,5,3.23,66,56,FALSE
Male,Loyal Customer,30,Business Travel,Business,3263,1,1,1,1,3,4,3,3,3,2,5,3,3,2.54,23,23,TRUE
Female,Loyal Customer,38,Business Travel,Eco,529,5,2,2,2,5,5,5,5,1,4,5,5,5,3.92,0,0,TRUE
Female,Loyal Customer,45,Business Travel,Business,1222,4,4,4,4,3,5,5,5,5,5,5,4,2,4.23,0,0,TRUE
Male,Loyal Customer,53,Business Travel,Business,382,1,1,1,1,3,4,5,4,4,4,4,3,3,2.92,0,0,TRUE
Male,Loyal Customer,40,Personal Travel,Eco,1927,2,5,2,2,1,2,1,1,4,3,5,4,1,2.54,21,8,FALSE
Female,Loyal Customer,54,Business Travel,Business,333,1,1,1,1,2,5,5,4,4,4,4,3,4,3,0,1,TRUE
Female,Loyal Customer,24,Business Travel,Business,2495,4,4,4,4,5,5,5,5,2,5,4,1,5,4.08,0,0,TRUE
Female,Loyal Customer,14,Business Travel,Eco Plus,601,5,2,2,2,5,5,5,5,1,5,1,5,5,3.69,0,0,TRUE
Female,Loyal Customer,52,Business Travel,Eco,393,3,1,1,1,1,3,3,3,3,3,3,1,3,2.23,0,0,FALSE
Male,Loyal Customer,21,Business Travel,Business,190,2,2,2,2,5,5,4,5,3,2,4,5,5,3.54,0,5,TRUE
Male,Loyal Customer,32,Business Travel,Eco,862,0,0,0,2,5,0,5,5,2,2,2,5,5,2.54,0,0,TRUE
Male,Loyal Customer,53,Personal Travel,Business,2218,2,1,2,3,3,3,2,3,3,2,4,4,4,2.77,3,0,FALSE
Female,Loyal Customer,55,Business Travel,Business,2342,2,2,2,2,4,3,5,5,5,5,5,3,5,3.69,6,0,TRUE
Female,Disloyal Customer,49,Business Travel,Business,235,2,2,2,3,1,2,1,1,4,5,4,3,1,2.38,0,0,TRUE
Male,Disloyal Customer,64,Business Travel,Business,258,3,4,4,3,1,3,1,1,4,5,5,5,1,3.08,15,0,FALSE
Male,Loyal Customer,53,Business Travel,Business,444,1,1,1,1,2,2,2,5,3,5,5,2,2,2.46,160,153,TRUE
Female,Loyal Customer,48,Business Travel,Business,2176,3,3,3,3,4,4,4,4,2,5,4,4,4,3.62,135,118,TRUE
Female,Disloyal Customer,52,Business Travel,Business,867,4,4,4,3,3,4,3,3,5,5,5,5,3,3.92,0,0,FALSE
Female,Disloyal Customer,33,Business Travel,Business,605,3,3,3,4,2,3,2,2,4,5,5,4,2,3.23,11,0,FALSE
Female,Loyal Customer,58,Business Travel,Business,2091,3,3,4,3,5,5,4,4,4,4,4,5,3,3.92,59,50,TRUE
Male,Loyal Customer,23,Business Travel,Business,581,4,4,5,4,4,4,4,4,5,5,4,4,4,4.23,0,14,TRUE
Female,Loyal Customer,40,Business Travel,Business,693,5,5,5,5,3,4,4,4,4,4,4,5,5,4.38,47,30,TRUE
Female,Loyal Customer,63,Personal Travel,Eco,645,5,5,5,2,4,4,5,4,4,5,4,3,4,4.15,0,0,TRUE
Female,Loyal Customer,65,Personal Travel,Eco,1389,4,5,4,2,5,5,5,4,4,4,4,4,4,4.15,8,0,FALSE
Female,Loyal Customer,46,Personal Travel,Eco,140,4,4,4,5,5,1,2,4,4,4,4,3,4,3.69,64,50,FALSE
Male,Loyal Customer,44,Business Travel,Business,1642,1,1,1,1,2,5,4,4,4,4,4,3,4,2.92,3,0,TRUE
Male,Disloyal Customer,18,Business Travel,Eco,722,0,0,0,2,3,0,3,3,4,2,5,4,3,2.23,14,17,TRUE
Female,Loyal Customer,50,Business Travel,Business,213,1,5,3,3,3,2,1,1,1,1,1,3,1,2,0,2,FALSE
Male,Loyal Customer,41,Business Travel,Business,2083,3,3,3,3,3,5,4,5,5,5,5,4,4,4,0,0,TRUE
Female,Loyal Customer,42,Business Travel,Eco,374,4,3,3,3,1,3,1,4,4,4,4,2,2,2.92,52,42,TRUE
Male,Loyal Customer,21,Personal Travel,Business,127,2,1,0,2,3,0,3,3,3,3,2,4,3,2.23,0,0,FALSE
Female,Disloyal Customer,22,Business Travel,Eco,431,1,1,1,1,1,1,1,1,3,2,1,3,1,1.38,0,0,FALSE
Female,Loyal Customer,44,Business Travel,Business,2616,4,4,4,4,4,5,4,5,5,5,5,3,3,4.23,5,3,TRUE
Female,Loyal Customer,66,Business Travel,Business,3530,2,2,2,2,1,2,1,4,4,4,4,3,2,2.54,67,85,TRUE
Female,Loyal Customer,66,Personal Travel,Eco,678,3,4,3,4,4,4,4,2,2,3,2,5,3,3.31,0,0,FALSE
Female,Loyal Customer,24,Business Travel,Business,2751,3,4,4,4,3,3,3,3,2,5,3,1,3,3.15,0,0,FALSE
Male,Loyal Customer,55,Business Travel,Business,813,3,3,3,3,5,4,5,3,3,3,3,5,3,3.54,81,68,TRUE
Female,Disloyal Customer,22,Business Travel,Eco,789,5,5,5,3,4,5,4,4,2,4,3,3,4,3.92,0,0,TRUE
Male,Disloyal Customer,19,Business Travel,Eco,108,2,1,2,4,4,2,4,4,2,5,4,2,4,3.08,59,65,FALSE
Male,Loyal Customer,43,Business Travel,Business,3782,1,1,1,1,3,3,3,4,4,4,4,1,1,2.38,0,0,TRUE
Female,Loyal Customer,50,Business Travel,Eco,601,3,5,5,5,2,1,5,3,3,3,3,3,3,3.38,0,0,TRUE
Female,Loyal Customer,56,Personal Travel,Eco,541,2,4,2,3,4,3,3,2,2,2,2,1,2,2.46,0,3,FALSE
Male,Loyal Customer,56,Personal Travel,Eco,236,3,5,3,3,1,3,1,1,3,2,4,3,1,2.54,0,0,FALSE
Female,Loyal Customer,69,Personal Travel,Eco,639,1,2,1,4,4,4,3,1,1,1,1,1,3,2.08,84,114,FALSE
Female,Disloyal Customer,32,Business Travel,Business,272,2,1,1,1,1,1,1,1,4,3,5,4,1,2,2,0,FALSE
Male,Loyal Customer,11,Personal Travel,Eco,552,1,4,1,1,2,1,2,2,4,5,4,5,2,2.62,0,0,FALSE
Female,Disloyal Customer,43,Business Travel,Business,370,2,2,2,4,3,2,3,3,4,3,4,5,3,3.08,26,32,FALSE
Male,Loyal Customer,66,Personal Travel,Eco,347,2,4,2,3,4,2,4,4,4,4,5,5,4,3.62,119,115,FALSE
Female,Disloyal Customer,21,Business Travel,Eco,257,3,3,3,4,2,3,2,2,4,4,3,2,2,2.85,0,0,FALSE
Male,Loyal Customer,25,Business Travel,Eco,552,1,3,3,3,1,1,3,1,3,2,4,1,1,2.08,14,10,FALSE
Female,Loyal Customer,49,Personal Travel,Business,181,2,4,2,1,5,4,5,5,5,2,5,4,3,3.62,10,1,FALSE
Female,Loyal Customer,53,Business Travel,Business,247,0,0,0,4,2,4,5,2,2,2,2,5,3,2.38,0,0,TRUE
Female,Loyal Customer,41,Business Travel,Business,2238,5,5,5,5,2,4,5,5,5,4,5,3,4,4.38,0,0,TRUE
Female,Loyal Customer,40,Business Travel,Business,2406,5,5,5,5,2,5,5,4,4,4,4,3,4,4.23,0,0,TRUE
Male,Loyal Customer,10,Personal Travel,Eco,1541,4,1,4,1,3,4,3,3,3,3,2,4,3,2.92,0,0,TRUE
Male,Loyal Customer,49,Personal Travel,Eco Plus,849,2,3,2,1,1,2,1,1,5,5,5,4,1,2.54,0,0,FALSE
Male,Loyal Customer,54,Personal Travel,Eco,862,2,1,2,3,1,2,1,1,4,3,3,2,1,2,5,0,FALSE
Male,Loyal Customer,66,Business Travel,Eco,992,1,1,3,1,1,1,1,1,3,5,3,1,1,1.77,4,0,FALSE
Female,Disloyal Customer,39,Business Travel,Business,817,3,3,3,3,4,3,4,4,4,3,3,2,4,3.31,0,0,FALSE
Female,Loyal Customer,52,Business Travel,Eco,942,1,1,1,1,4,4,4,1,1,1,1,3,2,1.92,0,0,FALSE
Female,Loyal Customer,25,Business Travel,Business,3177,3,5,5,5,3,4,3,3,2,2,4,4,3,3.54,30,27,FALSE
Female,Loyal Customer,51,Personal Travel,Business,190,2,1,0,3,3,4,3,1,1,0,1,3,4,2,13,14,FALSE
Female,Loyal Customer,36,Business Travel,Eco,628,3,4,4,4,3,3,3,3,4,3,3,2,3,3.23,50,41,FALSE
Male,Loyal Customer,56,Business Travel,Business,2702,3,3,3,3,4,4,4,4,4,5,4,4,5,3.85,0,0,TRUE
Female,Loyal Customer,24,Business Travel,Business,2679,2,5,5,5,2,2,2,2,2,3,3,1,2,2.77,0,6,FALSE
Female,Loyal Customer,32,Business Travel,Business,1524,4,4,4,4,4,4,4,4,2,3,2,4,4,3.62,15,9,TRUE
Female,Loyal Customer,45,Business Travel,Eco,562,3,3,3,3,3,4,3,3,3,3,3,3,1,2.92,12,0,FALSE
Male,Loyal Customer,28,Business Travel,Business,2823,1,1,1,1,3,4,3,3,3,3,4,4,3,2.62,0,0,TRUE
Male,Disloyal Customer,36,Business Travel,Eco,1465,3,2,2,2,1,3,1,1,2,2,1,4,1,1.92,0,0,FALSE
Female,Disloyal Customer,40,Business Travel,Business,199,4,4,4,3,3,4,3,3,1,5,1,1,3,3,118,124,FALSE
Male,Loyal Customer,40,Personal Travel,Eco,737,2,1,2,4,5,2,5,5,3,4,4,2,5,3.38,0,7,FALSE
Female,Loyal Customer,39,Business Travel,Business,2475,1,1,3,1,5,5,4,4,4,4,4,5,5,3.54,0,,TRUE
Female,Loyal Customer,32,Business Travel,Business,3838,1,1,1,1,3,5,3,3,4,1,1,5,3,2.46,0,0,TRUE
Female,Loyal Customer,19,Business Travel,Business,1784,5,5,3,5,4,4,4,4,4,3,3,2,4,3.85,0,2,TRUE
Male,Loyal Customer,41,Business Travel,Eco,308,1,4,4,4,1,1,1,1,2,4,3,3,1,2.31,0,0,FALSE
Male,Loyal Customer,12,Personal Travel,Eco,500,0,5,0,1,2,0,2,2,5,2,4,5,2,2.31,0,0,TRUE
Female,Loyal Customer,43,Personal Travel,Eco,427,1,2,5,3,2,3,4,2,2,5,2,1,1,2.54,0,0,FALSE
Female,Loyal Customer,32,Business Travel,Business,521,2,4,4,4,2,2,2,2,2,1,3,4,2,2.62,13,11,FALSE
Female,Disloyal Customer,27,Business Travel,Business,862,2,2,2,3,3,2,3,3,4,5,5,4,3,3.15,10,2,FALSE
Female,Loyal Customer,42,Business Travel,Eco Plus,1107,3,3,3,3,5,4,4,3,3,3,3,2,4,3.31,0,0,FALSE
Male,Loyal Customer,44,Personal Travel,Eco,1050,4,5,4,2,4,4,1,4,4,4,4,3,4,3.62,0,0,FALSE
Male,Loyal Customer,58,Personal Travel,Eco,954,2,3,2,3,3,2,2,3,5,3,2,5,3,2.92,28,48,FALSE
Male,Loyal Customer,41,Personal Travel,Eco Plus,177,4,3,4,2,2,4,2,2,5,2,1,4,2,2.85,30,20,FALSE
Male,Loyal Customer,39,Business Travel,Business,773,2,3,3,3,5,4,4,2,2,2,2,4,3,3,4,20,FALSE
Male,Loyal Customer,52,Business Travel,Business,689,2,2,2,2,5,4,5,5,5,5,5,5,5,4,4,0,TRUE
Male,Loyal Customer,8,Personal Travel,Eco,343,3,4,3,5,4,3,4,4,3,5,4,4,4,3.85,0,0,FALSE
Male,Loyal Customer,59,Personal Travel,Eco,2425,4,2,4,3,3,4,3,3,3,5,3,4,3,3.38,39,0,FALSE
Female,Loyal Customer,42,Business Travel,Business,1968,5,5,5,5,4,5,2,5,5,5,3,1,3,4.08,0,0,TRUE
Male,Loyal Customer,22,Business Travel,Business,985,3,5,5,5,3,3,3,3,4,2,3,3,3,3.46,0,16,FALSE
Male,Loyal Customer,53,Personal Travel,Eco,1670,4,2,4,4,4,4,4,4,2,5,4,4,4,3.77,0,17,FALSE
Female,Loyal Customer,53,Personal Travel,Eco,562,1,4,1,1,5,5,5,1,1,1,1,5,5,2.77,0,0,FALSE
Male,Loyal Customer,55,Business Travel,Business,1782,5,5,5,5,4,5,5,2,2,2,2,3,3,3.69,8,2,TRUE
Male,Disloyal Customer,26,Business Travel,Eco,599,1,2,1,2,5,1,5,5,1,5,3,1,5,2.85,94,126,FALSE
Male,Loyal Customer,43,Personal Travel,Eco,1157,2,4,3,3,2,3,2,2,5,4,5,4,2,3.15,0,12,FALSE
Female,Loyal Customer,58,Business Travel,Business,321,2,2,2,2,5,4,5,4,4,4,4,5,4,3.62,0,0,TRUE
Male,Loyal Customer,51,Business Travel,Eco Plus,776,4,1,1,1,4,4,4,4,1,4,2,5,4,3,27,29,TRUE
Male,Loyal Customer,57,Business Travel,Eco,401,2,3,4,3,2,2,2,2,5,2,1,2,2,2.46,186,172,TRUE
Female,Loyal Customer,17,Business Travel,Business,2711,3,1,1,1,3,2,3,3,1,5,4,2,3,2.46,11,15,FALSE
Male,Loyal Customer,46,Personal Travel,Eco,868,1,5,2,4,2,2,2,2,2,3,1,4,2,2.46,0,3,FALSE
Female,Loyal Customer,52,Business Travel,Business,2858,4,4,4,4,4,2,4,4,4,4,4,2,5,3.77,0,0,TRUE
Female,Loyal Customer,55,Personal Travel,Eco,354,2,5,2,1,3,2,5,1,1,2,5,2,5,2.77,39,47,FALSE
Male,Loyal Customer,45,Business Travel,Business,937,4,4,4,4,5,4,4,5,5,5,5,3,4,4.31,2,5,TRUE
Female,Loyal Customer,55,Business Travel,Business,2865,1,1,1,1,2,5,5,4,4,4,4,5,3,3.08,0,0,TRUE
Male,Disloyal Customer,27,Business Travel,Business,416,4,4,4,5,4,4,4,4,3,5,4,5,4,4.15,17,18,TRUE
Female,Loyal Customer,35,Personal Travel,Eco,837,4,4,4,3,2,4,2,2,4,5,5,5,2,3.54,0,0,TRUE
Male,Loyal Customer,42,Business Travel,Eco,474,5,4,4,4,5,5,5,5,5,2,3,2,5,4.15,3,0,TRUE
Male,Loyal Customer,47,Business Travel,Eco,216,2,2,2,2,2,2,2,2,4,4,2,4,2,2.46,21,29,FALSE
Female,Loyal Customer,44,Personal Travel,Eco,303,2,5,2,5,2,5,5,5,5,5,4,5,5,4.23,134,168,FALSE
Male,Loyal Customer,19,Personal Travel,Eco,544,3,4,3,2,4,3,4,4,3,4,5,1,4,3.38,30,37,FALSE
Male,Disloyal Customer,23,Business Travel,Eco,546,3,4,3,3,2,3,2,2,3,1,4,4,2,2.77,0,0,FALSE
Male,Disloyal Customer,25,Business Travel,Business,134,1,0,1,5,5,1,5,5,3,4,4,4,5,3.31,0,0,FALSE
Female,Loyal Customer,33,Personal Travel,Eco,643,3,5,3,3,2,3,4,2,5,4,5,4,2,3.46,0,0,FALSE
Female,Loyal Customer,18,Personal Travel,Eco,731,4,4,4,4,1,4,1,1,1,4,3,4,1,2.77,0,0,FALSE
Male,Loyal Customer,46,Business Travel,Business,425,4,4,4,4,2,4,5,5,5,5,5,5,4,4.31,0,0,TRUE
Female,Disloyal Customer,18,Business Travel,Eco,1028,3,3,3,4,4,3,3,4,3,5,4,2,4,3.46,16,34,FALSE
Male,Loyal Customer,32,Personal Travel,Eco,1127,2,4,1,1,1,1,1,1,5,2,3,3,1,2,48,21,FALSE
Male,Disloyal Customer,41,Business Travel,Business,646,1,1,1,4,1,1,1,1,3,4,5,3,1,2.08,31,23,FALSE
Male,Loyal Customer,46,Personal Travel,Eco,731,3,2,3,3,4,3,4,4,2,4,3,4,4,3.31,124,115,FALSE
Female,Loyal Customer,46,Business Travel,Eco,455,5,3,3,3,3,1,1,4,4,5,4,5,1,3.23,41,29,TRUE
Female,Loyal Customer,53,Business Travel,Business,3032,5,5,5,5,3,5,5,5,5,5,5,4,3,4.62,0,0,TRUE
Female,Loyal Customer,69,Personal Travel,Eco,544,3,4,3,1,1,2,2,4,4,3,4,5,4,3.08,0,5,FALSE
Male,Loyal Customer,54,Business Travel,Business,2716,1,1,1,1,1,2,3,4,4,4,4,2,5,2.54,0,0,TRUE
Female,Loyal Customer,12,Personal Travel,Eco,192,3,4,0,2,1,0,1,1,5,5,4,3,1,2.31,0,2,FALSE
Female,Disloyal Customer,36,Business Travel,Eco,459,2,2,2,4,1,2,1,1,3,1,3,3,1,2,0,5,FALSE
Female,Loyal Customer,65,Business Travel,Business,1741,0,0,0,1,2,4,5,2,2,2,2,4,4,2.15,0,0,TRUE
Male,Loyal Customer,27,Personal Travel,Eco,764,2,5,2,4,4,2,4,4,2,1,3,3,4,3.08,0,14,FALSE
Female,Loyal Customer,55,Business Travel,Business,308,3,3,3,3,3,4,5,5,5,5,5,4,3,3.92,13,2,TRUE
Male,Loyal Customer,50,Business Travel,Business,1703,2,2,2,2,5,4,5,5,5,5,5,5,3,3.85,2,3,TRUE
Male,Loyal Customer,35,Business Travel,Business,1750,3,3,2,3,5,4,5,5,5,5,5,3,4,4,2,0,TRUE
Female,Loyal Customer,44,Business Travel,Eco,1035,4,3,3,3,4,5,5,4,2,1,1,5,5,3.46,162,178,TRUE
Female,Loyal Customer,60,Business Travel,Business,429,3,3,3,3,3,4,4,5,5,5,5,4,4,3.92,0,0,TRUE
Female,Loyal Customer,31,Business Travel,Business,2338,2,2,2,2,5,5,5,5,3,5,4,3,5,3.69,0,0,TRUE
Male,Loyal Customer,45,Business Travel,Eco,368,4,4,4,4,4,4,4,4,1,3,4,1,4,3.46,0,0,TRUE
Female,Loyal Customer,63,Business Travel,Business,3893,1,5,5,5,3,4,3,4,4,4,1,4,4,3.62,0,0,FALSE
Male,Loyal Customer,49,Business Travel,Business,2820,1,1,1,1,2,4,4,4,4,4,4,5,4,3,62,66,TRUE
Male,Loyal Customer,45,Business Travel,Business,319,4,4,4,4,4,4,5,4,4,5,4,3,5,4.15,3,0,TRUE
Female,Loyal Customer,46,Personal Travel,Eco,550,2,0,2,2,4,2,1,5,5,2,5,2,3,2.69,13,12,FALSE
Male,Loyal Customer,43,Business Travel,Business,1670,1,1,1,1,4,3,4,2,2,2,2,3,5,2.38,0,0,TRUE
Male,Loyal Customer,41,Business Travel,Eco,2917,3,4,4,4,3,3,3,1,5,1,3,3,3,3.08,20,36,FALSE
Female,Loyal Customer,26,Business Travel,Business,3025,2,3,3,3,2,2,2,2,1,5,4,1,2,2.46,19,9,FALSE
Male,Loyal Customer,30,Business Travel,Business,2292,3,3,5,3,4,4,4,4,4,2,4,4,4,3.69,0,0,TRUE
Male,Loyal Customer,21,Personal Travel,Eco,1050,1,4,1,2,3,1,3,3,4,3,4,4,3,2.77,50,39,FALSE
Male,Loyal Customer,40,Personal Travel,Eco,1342,1,4,1,1,5,1,5,5,3,5,4,4,5,3.38,0,0,FALSE
Male,Loyal Customer,48,Business Travel,Business,772,3,3,3,3,4,3,3,4,4,5,4,2,1,3.23,0,0,TRUE
Male,Loyal Customer,67,Personal Travel,Business,419,4,3,4,3,3,4,4,4,4,4,4,1,3,3.46,3,0,TRUE
Male,Loyal Customer,40,Business Travel,Business,192,2,2,2,2,5,4,4,4,4,5,5,5,5,3.77,0,0,TRUE
Female,Loyal Customer,37,Personal Travel,Eco,528,1,4,1,5,3,1,3,3,3,3,4,4,3,2.92,0,0,FALSE
Male,Loyal Customer,61,Personal Travel,Eco,402,3,2,5,1,3,5,3,3,3,3,2,4,3,3.08,0,2,FALSE
Female,Loyal Customer,14,Personal Travel,Eco,543,4,4,4,2,3,4,3,3,4,2,5,3,3,3.38,10,10,FALSE
Female,Loyal Customer,43,Business Travel,Business,3612,2,2,2,2,2,4,4,4,4,4,5,3,3,3.15,0,0,TRUE
Male,Loyal Customer,42,Business Travel,Business,2475,4,3,4,4,5,5,5,3,5,5,5,5,5,4.46,0,0,TRUE
Male,Loyal Customer,51,Business Travel,Business,2005,4,5,5,5,3,4,3,4,4,4,4,4,2,3.92,51,54,FALSE
Female,Loyal Customer,29,Business Travel,Eco,2182,4,5,5,5,4,4,4,4,3,3,3,2,4,3.85,0,0,FALSE
Female,Loyal Customer,49,Business Travel,Business,853,3,3,3,3,4,5,4,5,5,5,5,3,5,4.08,7,0,TRUE
Male,Loyal Customer,37,Personal Travel,Eco,200,2,5,2,2,4,2,4,4,2,2,1,3,4,2.85,14,14,FALSE
Female,Loyal Customer,37,Business Travel,Eco,235,4,4,4,4,4,4,4,4,5,2,5,2,4,3.85,0,22,TRUE
Female,Loyal Customer,41,Business Travel,Business,2858,5,5,3,5,2,4,5,4,4,4,4,4,3,4,59,43,TRUE
Male,Loyal Customer,44,Business Travel,Business,229,5,5,5,5,3,5,4,5,5,5,5,5,5,4.77,36,22,TRUE
Male,Loyal Customer,8,Personal Travel,Eco,109,3,2,3,4,3,3,3,3,4,5,3,3,3,3.23,25,24,FALSE
Male,Loyal Customer,38,Business Travel,Business,3358,1,4,4,4,3,2,3,3,3,3,1,1,4,2.77,0,0,FALSE
Male,Loyal Customer,49,Personal Travel,Eco,2342,2,1,2,2,5,2,5,5,2,1,2,4,5,2.92,7,6,FALSE
Male,Loyal Customer,51,Business Travel,Business,2986,2,2,2,2,3,4,5,5,5,5,5,4,4,3.69,3,5,TRUE
Female,Loyal Customer,42,Business Travel,Business,2089,2,2,2,2,5,4,4,2,2,2,2,3,4,2.77,0,0,TRUE
Female,Loyal Customer,55,Personal Travel,Eco,1504,2,3,2,3,2,3,3,4,4,4,4,3,3,3.08,265,253,FALSE
Female,Loyal Customer,22,Business Travel,Eco Plus,715,5,4,4,4,5,5,5,5,1,5,5,3,5,4.31,0,0,TRUE
Male,Loyal Customer,41,Personal Travel,Eco Plus,308,3,5,3,4,2,3,2,2,5,5,5,5,2,3.54,0,0,FALSE
Female,Loyal Customer,30,Personal Travel,Eco,329,3,2,3,1,5,3,5,5,2,4,1,3,5,3.23,75,57,FALSE
Female,Disloyal Customer,35,Business Travel,Eco,675,4,4,4,4,4,4,4,4,4,4,1,5,4,3.85,16,1,FALSE
Female,Disloyal Customer,40,Business Travel,Business,458,3,3,3,3,5,3,5,5,4,2,4,4,5,3.77,0,0,FALSE
Female,Disloyal Customer,25,Business Travel,Eco Plus,462,4,3,5,4,2,5,3,2,1,5,3,2,2,3.15,25,19,FALSE
Female,Loyal Customer,11,Personal Travel,Eco,900,2,5,2,1,4,2,4,4,4,5,3,1,4,3.15,0,0,FALSE
Female,Disloyal Customer,18,Business Travel,Eco,551,1,0,1,3,3,1,1,3,2,2,3,2,3,1.92,25,19,FALSE
Female,Loyal Customer,26,Personal Travel,Eco,944,2,3,2,3,2,2,3,2,3,5,3,2,2,2.62,5,0,FALSE
Female,Loyal Customer,49,Personal Travel,Eco,342,3,4,3,3,3,4,5,3,3,3,3,5,5,3.62,11,20,FALSE
Female,Loyal Customer,39,Personal Travel,Eco,669,1,5,0,2,3,0,1,3,4,3,5,4,3,2.62,5,20,FALSE
Male,Loyal Customer,51,Business Travel,Business,2071,5,5,4,5,2,5,5,5,5,5,5,4,5,4.62,0,3,TRUE
Male,Loyal Customer,37,Personal Travel,Eco,954,3,3,4,4,2,4,2,2,4,5,3,1,2,3,0,25,FALSE
Female,Loyal Customer,55,Personal Travel,Eco,309,1,5,1,5,3,5,4,2,2,1,2,5,4,3.08,0,5,FALSE
Male,Loyal Customer,46,Personal Travel,Eco Plus,458,3,3,3,1,2,3,2,2,1,2,3,5,2,2.46,0,8,FALSE
Male,Loyal Customer,29,Business Travel,Business,489,2,5,5,5,2,2,2,2,4,4,2,3,2,3.08,0,0,FALSE
Female,Loyal Customer,30,Business Travel,Eco Plus,368,2,2,2,2,2,2,2,2,4,1,4,2,2,2.23,0,0,FALSE
Male,Loyal Customer,47,Business Travel,Business,2475,5,5,5,5,3,3,3,4,3,4,5,3,3,3.92,0,0,TRUE
Male,Loyal Customer,60,Business Travel,Business,3441,0,1,1,3,3,1,3,2,2,4,4,1,3,2.15,0,0,TRUE
Female,Disloyal Customer,20,Business Travel,Eco,1013,2,3,3,3,5,3,5,5,2,3,2,5,5,3.54,0,0,FALSE
Male,Loyal Customer,39,Business Travel,Business,3455,1,1,1,1,3,5,5,4,4,4,4,3,4,3.08,13,0,TRUE
Male,Loyal Customer,58,Business Travel,Business,2710,1,1,1,1,3,3,3,5,4,4,5,3,3,2.85,136,140,TRUE
Female,Loyal Customer,39,Business Travel,Business,1845,1,3,3,3,4,2,3,1,1,1,1,4,3,2.31,0,0,FALSE
Female,Loyal Customer,47,Business Travel,Business,3441,1,1,1,1,3,5,5,5,5,4,5,5,3,3.38,0,0,TRUE
Female,Loyal Customer,49,Business Travel,Business,1690,3,5,5,5,2,4,4,3,3,3,3,1,1,3.23,0,0,FALSE
Male,Disloyal Customer,48,Business Travel,Business,919,3,3,3,2,4,3,5,4,5,5,5,4,4,3.85,0,0,FALSE
Female,Loyal Customer,70,Business Travel,Business,118,2,1,1,1,4,3,4,2,2,2,2,2,3,2.23,0,5,FALSE
Female,Loyal Customer,38,Personal Travel,Eco,2611,2,2,2,4,2,2,2,2,3,3,2,1,2,2.23,0,0,FALSE
Female,Disloyal Customer,25,Business Travel,Eco,204,1,3,1,4,4,1,4,4,2,1,3,1,4,2.54,0,5,FALSE
Female,Loyal Customer,20,Personal Travel,Eco,852,1,4,2,3,3,2,2,3,5,5,5,4,3,3.23,0,0,FALSE
Male,Loyal Customer,68,Business Travel,Eco,503,4,1,1,1,4,4,4,4,1,1,5,1,4,2.69,0,0,TRUE
Female,Loyal Customer,16,Personal Travel,Eco,427,2,4,2,4,3,2,3,3,1,5,4,4,3,3.08,0,0,FALSE
Female,Loyal Customer,57,Business Travel,Business,227,1,1,1,1,2,5,4,5,5,5,5,4,4,3.31,10,10,TRUE
Male,Loyal Customer,67,Business Travel,Eco Plus,1346,1,4,4,4,1,1,1,1,2,4,4,4,1,2.46,11,0,FALSE
Male,Loyal Customer,63,Personal Travel,Eco,495,3,4,3,3,4,3,3,4,3,4,4,4,4,3.54,0,31,FALSE
Male,Loyal Customer,9,Personal Travel,Eco,930,4,4,4,5,2,4,2,2,5,2,4,3,2,3.31,0,0,FALSE
Female,Loyal Customer,20,Personal Travel,Eco,1024,2,4,2,3,4,2,2,4,3,4,4,5,4,3.31,45,34,FALSE
Male,Loyal Customer,61,Personal Travel,Eco,409,3,1,3,1,5,3,4,5,3,4,1,1,5,3,20,12,FALSE
Male,Loyal Customer,47,Business Travel,Business,1069,5,5,5,5,3,4,5,4,4,4,4,4,5,4.38,0,0,TRUE
Female,Disloyal Customer,22,Business Travel,Eco,781,2,2,2,3,2,2,2,2,4,1,4,2,2,2.31,0,0,FALSE
Male,Loyal Customer,52,Personal Travel,Eco,864,1,5,1,1,5,1,3,5,5,5,4,4,5,3.46,21,13,FALSE
Female,Loyal Customer,44,Business Travel,Eco,851,1,2,2,2,5,4,3,1,1,1,1,1,4,2.15,0,0,FALSE
Male,Loyal Customer,33,Personal Travel,Business,551,2,1,2,3,1,2,1,1,2,5,3,2,1,2,0,0,FALSE
Male,Loyal Customer,28,Personal Travel,Business,303,3,5,3,5,4,3,4,4,5,2,4,5,4,3.92,0,0,FALSE
Female,Disloyal Customer,36,Business Travel,Eco,780,2,2,2,2,4,2,4,4,1,2,4,5,4,2.92,99,98,FALSE
Male,Loyal Customer,37,Personal Travel,Eco,173,2,5,2,3,2,1,3,4,5,5,1,3,3,3,115,148,FALSE
Male,Loyal Customer,48,Business Travel,Eco Plus,102,4,4,4,4,4,4,4,4,3,5,1,2,4,3.62,0,0,TRUE
Female,Loyal Customer,57,Personal Travel,Eco,296,0,2,0,3,5,2,3,1,1,0,1,4,4,2,0,0,TRUE
Female,Loyal Customer,59,Business Travel,Business,1891,3,3,3,3,5,5,4,5,5,5,4,5,5,4.23,0,4,TRUE
Male,Loyal Customer,31,Business Travel,Business,1972,2,2,2,2,5,5,5,5,3,3,5,4,5,3.69,11,8,TRUE
Male,Loyal Customer,21,Business Travel,Eco,859,2,3,5,3,2,2,3,2,2,1,4,1,2,2.46,0,0,FALSE
Female,Loyal Customer,56,Business Travel,Business,3726,1,1,1,1,4,4,4,4,4,5,4,3,4,3.08,0,0,TRUE
Female,Loyal Customer,24,Business Travel,Business,3332,2,2,2,2,5,4,5,5,4,2,5,3,5,3.54,61,69,TRUE
Female,Disloyal Customer,62,Business Travel,Eco,423,3,3,3,3,3,3,3,3,3,2,2,4,3,2.92,6,7,FALSE
Male,Loyal Customer,46,Personal Travel,Eco,600,3,4,4,3,5,4,5,5,1,1,4,1,5,3.46,0,0,FALSE
Female,Loyal Customer,54,Business Travel,Eco,925,3,3,3,3,4,3,4,3,3,3,3,3,3,3.15,0,0,TRUE
Male,Loyal Customer,18,Business Travel,Business,1910,2,2,2,2,4,4,4,4,5,2,4,3,4,3.23,0,0,TRUE
Female,Disloyal Customer,35,Business Travel,Eco,584,2,0,3,2,4,3,4,4,1,4,5,4,4,3.08,7,0,FALSE
Male,Disloyal Customer,31,Business Travel,Eco,981,1,1,1,2,5,1,5,5,1,4,1,3,5,2.69,0,0,FALSE
Male,Loyal Customer,30,Personal Travel,Eco,932,2,5,1,3,4,1,4,4,4,3,4,5,4,3.38,0,0,FALSE
Female,Loyal Customer,67,Personal Travel,Eco,261,2,1,2,3,3,3,4,5,5,2,5,3,3,3.15,54,56,FALSE
Female,Disloyal Customer,36,Business Travel,Eco,262,3,0,3,1,5,3,2,5,4,5,5,1,5,3.23,16,13,FALSE
Male,Disloyal Customer,42,Business Travel,Business,453,2,2,2,4,3,2,3,3,4,2,4,5,3,3,8,0,FALSE
Female,Loyal Customer,37,Business Travel,Business,3812,2,2,2,2,3,5,5,5,5,5,5,3,4,3.69,0,0,TRUE
Male,Loyal Customer,28,Business Travel,Business,2220,4,4,4,4,4,4,4,4,5,5,4,3,4,4.08,0,0,TRUE
Female,Disloyal Customer,34,Business Travel,Business,332,2,2,2,4,2,2,2,2,3,5,4,5,2,2.85,33,44,FALSE
Male,Loyal Customer,41,Personal Travel,Eco Plus,651,3,1,3,4,3,3,3,3,1,5,4,4,3,3.08,0,0,FALSE
Male,Disloyal Customer,24,Business Travel,Eco,575,5,0,5,4,4,5,4,4,5,5,5,3,4,4.08,0,0,TRUE
Female,Disloyal Customer,23,Business Travel,Eco,669,4,4,4,4,2,4,2,2,4,2,4,1,2,3,1,0,FALSE
Male,Loyal Customer,21,Personal Travel,Business,715,3,5,3,5,2,3,2,2,4,5,5,3,2,3.38,91,106,FALSE
Female,Loyal Customer,34,Business Travel,Business,3699,3,1,4,4,5,4,4,3,3,3,3,4,3,3.38,0,0,FALSE
Male,Disloyal Customer,28,Business Travel,Eco,636,3,3,3,3,2,3,2,2,1,4,3,1,2,2.46,0,,FALSE
Female,Loyal Customer,58,Business Travel,Business,2389,5,5,5,5,4,5,5,5,5,5,5,4,5,4.85,5,0,TRUE
Female,Disloyal Customer,28,Business Travel,Business,835,5,5,5,5,3,5,3,3,5,5,4,3,3,4.15,0,0,TRUE
Male,Loyal Customer,13,Personal Travel,Eco,345,3,3,3,3,2,3,2,2,3,1,3,5,2,2.69,20,19,FALSE
Male,Loyal Customer,37,Personal Travel,Eco,134,2,0,0,2,5,0,5,5,5,2,3,5,5,3,90,88,FALSE
Male,Loyal Customer,38,Business Travel,Eco,844,2,5,5,5,2,2,2,2,3,3,3,4,2,3.08,64,42,FALSE
Female,Loyal Customer,32,Business Travel,Business,2373,2,3,3,3,2,2,2,2,2,5,4,1,2,2.54,0,2,FALSE
Male,Loyal Customer,37,Business Travel,Business,1954,4,2,2,2,3,3,3,4,4,3,4,1,4,3,10,4,FALSE
Male,Loyal Customer,40,Personal Travel,Eco,299,1,5,1,4,3,1,3,3,3,2,5,4,3,2.92,0,0,FALSE
Male,Disloyal Customer,17,Business Travel,Eco,250,5,4,5,1,2,5,2,2,4,5,2,5,2,3.38,0,0,TRUE
Male,Loyal Customer,65,Personal Travel,Eco Plus,173,3,2,3,3,4,3,4,4,4,5,4,2,4,3.46,0,0,FALSE
Male,Loyal Customer,53,Business Travel,Business,1391,1,1,1,1,3,4,4,5,5,5,5,3,5,3.31,0,17,TRUE
Male,Loyal Customer,51,Business Travel,Eco,489,4,5,5,5,4,4,4,4,5,1,5,5,4,4.23,15,10,TRUE
Male,Loyal Customer,40,Business Travel,Business,483,3,3,3,3,5,5,4,5,5,5,5,5,3,4.15,61,76,TRUE
Male,Loyal Customer,60,Business Travel,Business,2072,3,5,5,5,2,3,2,3,3,3,3,4,3,3.38,68,53,FALSE
Female,Loyal Customer,53,Business Travel,Business,2569,1,1,1,1,2,5,5,5,5,5,5,3,5,3.38,0,0,TRUE
Female,Loyal Customer,30,Business Travel,Business,563,4,4,5,4,4,4,4,4,1,1,5,2,4,3.54,0,7,TRUE
Female,Loyal Customer,19,Personal Travel,Eco,373,4,4,4,4,2,4,2,2,2,4,4,4,2,3.23,0,0,TRUE
Male,Loyal Customer,37,Personal Travel,Eco,925,2,4,2,5,2,2,2,2,3,3,4,5,2,2.92,1,7,FALSE
Female,Loyal Customer,45,Business Travel,Business,679,3,3,3,3,2,5,4,4,4,4,4,4,5,3.69,0,17,TRUE
Male,Loyal Customer,47,Business Travel,Business,2005,2,2,3,2,1,3,2,4,4,4,4,1,2,2.62,0,0,TRUE
Male,Loyal Customer,44,Business Travel,Business,3222,4,4,4,4,3,4,5,5,5,4,5,3,5,4.23,47,49,TRUE
Female,Loyal Customer,66,Personal Travel,Eco,604,2,4,2,4,4,5,4,1,1,2,1,4,4,2.92,0,0,FALSE
Female,Loyal Customer,31,Personal Travel,Eco,2288,4,3,4,4,4,5,3,4,2,4,4,3,3,3.62,0,13,FALSE
Female,Disloyal Customer,25,Business Travel,Business,484,1,0,1,4,4,1,4,4,4,2,5,4,4,2.92,0,3,FALSE
Female,Loyal Customer,37,Personal Travel,Eco,403,1,4,1,3,3,1,4,3,4,5,5,3,3,3.08,0,0,FALSE
Male,Loyal Customer,54,Personal Travel,Business,2797,2,4,2,3,2,3,5,3,5,3,3,5,5,3.46,0,0,FALSE
Female,Loyal Customer,49,Business Travel,Eco,448,2,2,2,2,3,4,4,2,2,2,2,2,4,2.54,6,8,FALSE
Female,Loyal Customer,44,Business Travel,Business,2275,5,5,5,5,5,5,5,4,4,4,4,3,5,4.54,0,0,TRUE
Male,Loyal Customer,57,Business Travel,Business,299,2,2,2,2,3,4,4,4,4,4,4,5,4,3.38,23,18,TRUE
Male,Loyal Customer,49,Personal Travel,Eco,328,2,0,2,1,4,2,3,4,5,4,5,4,4,3.08,0,8,FALSE
Male,Loyal Customer,56,Business Travel,Business,830,1,3,3,3,1,4,3,1,1,1,1,1,4,2.08,0,0,FALSE
Male,Loyal Customer,46,Business Travel,Eco,689,3,3,3,3,3,3,3,3,2,4,3,5,3,3.15,5,3,TRUE
Male,Loyal Customer,52,Business Travel,Business,1592,0,5,0,1,4,1,2,1,1,1,1,3,2,1.69,0,0,TRUE
Female,Loyal Customer,25,Personal Travel,Eco,602,1,5,1,2,5,1,5,5,3,4,4,3,5,3.38,0,1,FALSE
Male,Loyal Customer,56,Business Travel,Business,1910,1,1,1,1,4,4,4,5,5,5,5,3,3,3.23,59,44,TRUE
Male,Disloyal Customer,27,Business Travel,Business,1020,4,4,4,1,1,4,1,1,5,2,5,3,1,2.77,0,0,TRUE
Female,Loyal Customer,28,Personal Travel,Eco,657,2,4,2,4,1,2,5,1,2,4,2,5,1,2.69,0,0,FALSE
Female,Disloyal Customer,27,Business Travel,Eco,224,4,0,4,3,1,4,1,1,3,2,1,2,1,2.08,0,0,FALSE
Female,Disloyal Customer,20,Business Travel,Business,1438,5,1,5,4,4,5,4,4,3,2,4,5,4,3.85,0,2,TRUE
Male,Loyal Customer,52,Business Travel,Business,1884,3,3,3,3,4,4,4,5,5,5,5,4,5,4.08,0,0,TRUE
Female,Loyal Customer,54,Business Travel,Business,2179,4,4,4,4,4,5,4,4,4,4,4,4,5,4.15,7,0,TRUE
Male,Loyal Customer,38,Business Travel,Business,502,5,5,5,5,3,5,4,5,5,5,5,3,5,4.62,0,0,TRUE
Male,Disloyal Customer,27,Business Travel,Eco,377,3,4,3,5,2,3,5,2,4,1,4,2,2,3.08,0,0,FALSE
Female,Loyal Customer,43,Personal Travel,Eco,351,3,4,3,2,4,5,5,5,5,3,3,5,5,4,0,0,FALSE
Male,Loyal Customer,46,Personal Travel,Eco,293,4,1,4,4,2,4,4,2,1,3,4,1,2,2.77,0,0,FALSE
Male,Loyal Customer,15,Business Travel,Eco Plus,399,4,4,4,4,4,4,5,4,1,4,4,5,4,3.92,0,0,TRUE
Male,Loyal Customer,24,Business Travel,Business,3202,3,3,3,3,5,5,5,5,3,5,5,5,5,4.23,2,0,TRUE
Male,Loyal Customer,25,Personal Travel,Eco,651,2,5,2,2,4,2,4,4,4,2,4,2,4,3.15,1,0,FALSE
Male,Loyal Customer,44,Business Travel,Business,1096,3,3,5,3,2,4,4,4,4,4,4,4,4,3.69,0,0,TRUE
Male,Loyal Customer,60,Business Travel,Business,3556,4,2,2,2,5,2,2,4,4,4,4,3,4,3.23,40,26,FALSE
Female,Loyal Customer,21,Personal Travel,Business,2075,2,5,2,1,3,2,3,3,2,5,5,2,3,2.92,0,0,FALSE
Female,Loyal Customer,52,Business Travel,Business,337,3,3,3,3,4,4,4,5,5,5,5,4,4,4,41,33,TRUE
Male,Loyal Customer,33,Personal Travel,Business,759,4,4,4,1,5,4,5,5,4,5,5,4,5,4.23,0,6,FALSE
Female,Loyal Customer,47,Business Travel,Business,3959,4,4,4,4,3,3,5,5,5,5,5,5,3,4.23,71,58,TRUE
Female,Loyal Customer,77,Business Travel,Eco,1276,4,4,4,4,4,4,4,4,1,3,3,4,4,3.62,190,215,FALSE
Male,Loyal Customer,43,Business Travel,Eco,190,5,2,2,2,5,5,5,5,5,3,4,5,5,4.08,0,0,TRUE
Female,Loyal Customer,65,Business Travel,Eco,463,5,5,5,5,5,2,1,5,5,5,5,3,1,4,0,0,TRUE
Female,Loyal Customer,41,Personal Travel,Eco,486,2,4,2,3,5,2,5,5,4,4,5,4,5,3.85,35,25,FALSE
Male,Loyal Customer,51,Business Travel,Business,220,4,4,4,4,3,4,5,5,5,5,4,5,4,4.31,0,0,TRUE
Male,Loyal Customer,13,Personal Travel,Eco,459,3,4,3,3,3,3,3,3,3,5,5,4,3,3.46,0,0,FALSE
Male,Loyal Customer,36,Personal Travel,Eco,819,2,3,2,4,2,2,2,2,2,2,2,4,2,2.38,0,0,FALSE
Female,Loyal Customer,48,Business Travel,Business,3956,0,3,0,3,2,2,3,5,5,5,5,1,2,2.77,0,0,TRUE
Female,Loyal Customer,43,Business Travel,Business,931,3,3,3,3,5,4,5,4,4,5,4,4,5,4,0,3,TRUE
Male,Loyal Customer,18,Business Travel,Eco,500,4,5,5,5,4,5,4,4,5,5,3,2,4,4.23,13,12,TRUE
Male,Loyal Customer,68,Personal Travel,Eco Plus,919,4,4,4,5,2,4,2,2,5,4,3,3,2,3.38,26,18,FALSE
Female,Loyal Customer,25,Business Travel,Eco,495,0,3,0,4,3,0,3,3,3,5,5,4,3,2.77,0,0,TRUE
Male,Disloyal Customer,38,Business Travel,Business,767,3,3,3,3,4,3,4,4,4,4,4,4,4,3.62,0,0,FALSE
Female,Loyal Customer,51,Business Travel,Business,1491,1,1,1,1,4,4,4,2,2,2,2,3,4,2.38,2,0,TRUE
Female,Loyal Customer,31,Business Travel,Business,2895,4,3,3,3,4,4,4,4,3,5,3,2,4,3.54,0,0,FALSE
Male,Loyal Customer,33,Business Travel,Business,408,4,4,4,4,5,5,5,5,1,1,2,2,5,3.62,1,5,TRUE
Female,Loyal Customer,16,Personal Travel,Eco,273,3,4,3,1,3,3,3,3,3,3,5,5,3,3.23,50,75,FALSE
Female,Disloyal Customer,27,Business Travel,Eco,101,3,2,3,3,4,3,4,4,2,5,4,1,4,3.23,0,2,FALSE
Female,Loyal Customer,41,Business Travel,Business,2705,1,1,1,1,5,4,4,5,5,5,5,3,5,3.46,0,2,TRUE
Male,Loyal Customer,42,Business Travel,Eco,391,2,3,5,3,2,2,2,2,1,1,3,3,2,2.38,0,0,FALSE
Male,Disloyal Customer,24,Business Travel,Eco,160,2,4,2,3,4,2,4,4,3,1,3,4,4,3.08,0,0,FALSE
Female,Loyal Customer,29,Business Travel,Business,834,3,2,2,2,3,3,3,3,1,5,4,3,3,2.85,0,0,FALSE
Female,Loyal Customer,54,Business Travel,Business,3325,4,4,4,4,4,4,4,4,4,4,4,3,5,4,0,39,TRUE
Male,Loyal Customer,37,Personal Travel,Eco,421,4,5,4,2,3,4,4,3,3,3,3,2,3,3.31,0,0,TRUE
Female,Loyal Customer,58,Business Travel,Business,2140,1,1,5,1,2,4,4,4,4,4,4,3,3,3.08,23,27,TRUE
Female,Loyal Customer,44,Business Travel,Eco,73,2,4,4,4,5,3,2,2,2,2,2,3,3,2.92,0,0,TRUE
Female,Disloyal Customer,36,Business Travel,Business,907,2,1,1,1,4,1,4,4,3,3,4,4,4,2.77,0,0,FALSE
Female,Loyal Customer,59,Personal Travel,Eco,166,4,3,4,3,2,4,4,3,3,4,3,5,4,3.54,0,0,FALSE
Male,Loyal Customer,48,Business Travel,Business,1916,2,3,3,3,1,2,1,2,2,3,2,1,1,2,4,50,FALSE
Female,Loyal Customer,26,Business Travel,Business,1185,4,4,5,5,4,3,4,4,4,3,4,3,4,3.92,24,18,FALSE
Female,Loyal Customer,66,Business Travel,Business,2322,3,5,4,4,4,4,4,3,3,3,3,1,4,3.46,96,84,FALSE
Male,Disloyal Customer,39,Business Travel,Business,1726,2,1,1,1,5,1,3,5,3,4,4,3,5,2.92,0,17,FALSE
Female,Loyal Customer,65,Personal Travel,Eco,1242,4,4,4,1,3,4,5,4,4,4,4,5,5,3.92,0,0,TRUE
Male,Loyal Customer,61,Business Travel,Eco Plus,368,5,3,1,3,5,5,5,5,2,2,2,2,5,3.46,13,4,TRUE
Male,Loyal Customer,22,Business Travel,Business,3696,3,2,2,2,3,3,3,3,2,2,4,3,3,2.69,12,11,FALSE
Male,Loyal Customer,44,Personal Travel,Eco,416,2,5,2,2,2,2,2,2,5,2,5,1,2,2.62,0,0,FALSE
Male,Loyal Customer,46,Business Travel,Business,190,2,5,5,5,3,4,3,3,3,3,2,2,4,3.38,0,0,FALSE
Male,Loyal Customer,33,Business Travel,Eco Plus,612,4,5,5,5,4,4,4,4,3,2,1,1,4,3.54,17,0,TRUE
Female,Disloyal Customer,20,Business Travel,Eco Plus,404,2,2,2,4,3,2,3,3,4,4,4,3,3,3,0,0,FALSE
Male,Loyal Customer,54,Business Travel,Business,1068,1,1,1,1,4,5,4,3,3,4,3,3,5,2.92,2,0,TRUE
Male,Loyal Customer,49,Business Travel,Eco,1069,5,4,4,4,5,5,5,5,3,5,1,5,5,4.31,15,5,TRUE
Female,Loyal Customer,59,Business Travel,Business,861,5,5,4,5,4,5,4,4,4,4,4,5,5,4.46,22,19,TRUE
Male,Disloyal Customer,25,Business Travel,Eco,306,2,1,2,4,3,2,3,3,3,3,3,4,3,2.77,29,29,FALSE
Female,Loyal Customer,25,Business Travel,Business,3670,2,5,5,5,2,2,2,2,3,2,2,3,2,2.85,43,59,FALSE
Female,Loyal Customer,53,Business Travel,Business,1448,5,5,5,5,1,3,4,5,5,5,5,1,3,4,2,0,TRUE
Male,Loyal Customer,21,Personal Travel,Eco,404,2,3,2,4,1,2,1,1,5,4,2,2,1,2.31,1,0,FALSE
Male,Loyal Customer,17,Personal Travel,Eco,1199,4,3,4,1,3,4,3,3,3,3,5,5,3,3.38,0,0,FALSE
Male,Loyal Customer,23,Business Travel,Business,2531,2,2,2,2,4,4,4,4,5,2,5,5,4,3.46,1,11,TRUE
Female,Loyal Customer,60,Business Travel,Business,1620,1,1,1,1,4,4,4,5,5,5,5,3,4,3.31,7,0,TRUE
Female,Loyal Customer,45,Personal Travel,Eco,1065,4,2,4,3,1,4,3,3,3,4,3,1,4,3,0,3,FALSE
Male,Loyal Customer,46,Business Travel,Eco,301,3,2,2,2,3,3,3,3,4,2,2,3,3,2.69,0,0,FALSE
Female,Loyal Customer,49,Business Travel,Business,3917,1,1,1,1,2,5,4,3,3,3,3,5,3,2.69,0,0,TRUE
Male,Loyal Customer,33,Business Travel,Business,2823,3,3,3,3,5,5,4,5,4,4,5,4,5,4.08,0,0,TRUE
Female,Disloyal Customer,28,Business Travel,Eco,406,3,0,3,2,1,3,4,1,4,5,2,4,1,2.54,1,0,FALSE
Female,Loyal Customer,45,Personal Travel,Eco,682,3,5,3,1,4,5,4,5,5,3,3,3,3,3.62,20,28,FALSE
Female,Loyal Customer,46,Business Travel,Business,2589,4,4,4,4,2,5,4,4,4,4,4,3,5,3.92,0,0,TRUE
Male,Loyal Customer,38,Business Travel,Business,1020,1,1,2,1,4,5,4,5,5,5,5,5,3,3.54,0,0,TRUE
Female,Loyal Customer,60,Business Travel,Eco,2139,2,3,2,3,1,3,2,2,2,2,2,4,3,2.38,40,16,FALSE
Female,Loyal Customer,30,Business Travel,Business,1197,1,1,1,1,4,4,4,4,4,3,5,3,4,3,0,0,TRUE
Male,Loyal Customer,41,Business Travel,Eco,589,5,3,3,3,5,5,5,5,4,5,3,5,5,4.31,0,0,TRUE
Female,Loyal Customer,54,Business Travel,Business,2598,5,5,5,5,5,5,5,4,4,4,4,4,4,4.54,0,2,TRUE
Male,Loyal Customer,25,Business Travel,Business,978,2,5,2,2,4,4,4,4,3,3,4,5,4,3.54,0,0,TRUE
Female,Loyal Customer,45,Personal Travel,Eco,200,3,4,3,3,3,2,4,3,1,2,1,4,4,2.85,590,608,FALSE
Female,Loyal Customer,43,Business Travel,Business,3696,3,3,3,3,2,5,4,5,5,5,5,5,3,3.92,0,0,TRUE
Male,Loyal Customer,52,Business Travel,Eco,222,2,5,5,5,2,2,2,2,2,5,4,2,2,3.08,82,66,TRUE
Male,Disloyal Customer,34,Business Travel,Eco,373,1,1,1,3,5,1,5,5,1,5,3,3,5,3,0,0,FALSE
Male,Loyal Customer,22,Business Travel,Business,1911,5,5,3,5,3,3,3,3,4,4,5,4,3,3.85,114,106,TRUE
Male,Loyal Customer,33,Personal Travel,Eco,1096,4,2,4,4,3,4,2,3,4,4,3,3,3,3.31,22,64,FALSE
Female,Loyal Customer,22,Personal Travel,Eco,687,2,5,2,2,2,2,2,2,3,2,4,3,2,2.54,5,0,FALSE
Male,Loyal Customer,32,Personal Travel,Eco,419,4,3,4,2,1,4,1,1,3,2,5,5,1,2.77,0,0,FALSE
Male,Loyal Customer,27,Personal Travel,Eco,491,3,2,3,2,3,3,3,1,5,2,2,3,3,2.69,181,201,FALSE
Male,Loyal Customer,50,Business Travel,Business,2654,4,2,4,4,3,5,4,5,5,4,5,5,4,4.15,6,1,TRUE
Male,Loyal Customer,42,Business Travel,Eco,674,1,2,2,2,1,1,1,1,2,2,4,4,1,1.85,0,5,FALSE
Female,Loyal Customer,44,Business Travel,Business,3812,3,3,3,3,4,5,5,5,5,5,5,3,3,4,5,2,TRUE
Male,Loyal Customer,68,Business Travel,Business,250,2,4,4,4,3,3,4,2,2,2,2,3,1,2.77,0,0,FALSE
Female,Loyal Customer,54,Business Travel,Eco,101,4,4,4,4,4,2,2,4,4,4,4,2,4,3.54,0,5,FALSE
Female,Loyal Customer,41,Business Travel,Eco,821,3,1,1,1,3,3,3,3,3,2,4,4,3,2.62,0,6,TRUE
Female,Loyal Customer,24,Personal Travel,Eco,1846,3,3,3,4,3,2,2,3,1,4,3,2,2,2.69,249,313,FALSE
Male,Loyal Customer,62,Personal Travel,Eco,2521,2,4,2,1,3,2,3,3,3,4,4,5,3,3,0,0,FALSE
Male,Disloyal Customer,20,Business Travel,Eco,208,5,3,5,1,3,5,3,3,5,4,3,4,3,3.62,0,0,TRUE
Female,Loyal Customer,59,Business Travel,Business,808,1,1,2,1,5,5,4,4,4,4,4,3,4,3.23,0,0,TRUE
Male,Disloyal Customer,26,Business Travel,Business,431,4,4,5,2,3,5,3,3,4,3,5,4,3,3.69,7,0,FALSE
Male,Disloyal Customer,30,Business Travel,Eco,803,1,1,1,4,3,1,3,3,2,2,3,3,3,2.31,94,86,FALSE
Male,Disloyal Customer,20,Business Travel,Eco,1147,1,1,1,3,1,1,1,1,4,4,4,4,1,2.08,26,10,FALSE
Male,Loyal Customer,23,Personal Travel,Eco,641,2,5,2,4,2,2,2,2,5,3,4,5,2,3.08,0,0,FALSE
Male,Loyal Customer,11,Personal Travel,Eco,986,3,5,4,3,1,4,1,1,4,5,4,5,1,3.15,8,31,FALSE
Male,Loyal Customer,42,Personal Travel,Eco,402,2,4,3,2,2,3,2,2,5,2,4,3,2,2.77,0,16,FALSE
Male,Loyal Customer,10,Business Travel,Eco,973,4,4,4,4,4,4,1,4,2,2,4,1,4,3.23,105,120,FALSE
Male,Loyal Customer,47,Business Travel,Business,1637,1,1,1,1,5,4,4,2,2,2,2,3,4,2.46,2,43,TRUE
Female,Loyal Customer,32,Business Travel,Eco,147,0,0,0,4,4,0,5,4,1,2,1,5,4,2.31,0,0,TRUE
Female,Loyal Customer,51,Business Travel,Business,3320,5,5,5,5,4,5,4,5,5,5,5,5,3,4.69,0,0,TRUE
Male,Loyal Customer,43,Personal Travel,Eco,845,3,4,3,3,4,3,4,4,4,5,4,3,4,3.69,88,84,FALSE
Male,Disloyal Customer,29,Business Travel,Eco,669,3,2,2,4,5,2,2,5,4,3,2,4,5,3.31,0,0,FALSE
Male,Loyal Customer,60,Business Travel,Business,557,1,2,2,2,2,4,3,1,1,1,1,2,3,1.92,0,26,FALSE
Male,Loyal Customer,32,Business Travel,Eco,2342,3,1,1,1,3,3,3,4,2,2,3,3,3,2.46,0,22,FALSE
Male,Disloyal Customer,36,Business Travel,Business,591,2,2,2,5,3,2,3,3,5,3,4,4,3,3.15,0,0,FALSE
Female,Disloyal Customer,21,Business Travel,Business,1440,4,0,4,1,4,4,4,4,3,4,5,4,4,3.46,0,40,TRUE
Male,Loyal Customer,57,Business Travel,Business,3111,1,1,1,1,3,5,4,5,5,5,5,3,5,3.38,38,28,TRUE
Male,Disloyal Customer,31,Business Travel,Eco,1723,3,3,3,2,1,3,1,1,3,3,2,2,1,2.15,0,19,FALSE
Male,Loyal Customer,35,Business Travel,Eco,226,2,3,3,3,2,2,2,2,4,1,3,3,2,2.46,0,0,FALSE
Male,Loyal Customer,43,Business Travel,Business,1145,3,5,5,5,4,3,2,3,3,3,3,4,1,3.38,0,0,FALSE
Female,Loyal Customer,40,Personal Travel,Eco,1846,4,5,4,1,2,4,3,2,1,5,3,3,2,3,0,0,TRUE
Female,Loyal Customer,57,Business Travel,Business,1107,2,2,2,2,4,5,5,5,5,5,5,5,4,3.92,1,0,TRUE
Male,Loyal Customer,57,Personal Travel,Eco,239,2,3,0,3,3,0,3,3,2,3,2,2,3,2.23,0,0,FALSE
Female,Loyal Customer,31,Business Travel,Business,486,2,5,5,5,2,2,2,2,4,1,3,2,2,2.85,66,47,FALSE
Female,Loyal Customer,41,Business Travel,Business,1514,3,3,3,3,2,4,5,5,5,5,5,4,5,4,0,0,TRUE
Male,Loyal Customer,44,Business Travel,Eco,214,2,3,3,3,2,2,2,2,3,1,4,1,2,2.31,0,0,FALSE
Female,Loyal Customer,55,Business Travel,Business,294,0,0,0,4,3,4,4,1,1,1,1,5,5,2.23,0,0,TRUE
Male,Loyal Customer,48,Personal Travel,Eco,280,4,3,4,3,3,4,3,3,2,4,5,2,3,3.31,0,0,TRUE
Male,Loyal Customer,43,Business Travel,Business,409,1,1,1,1,4,4,5,4,4,5,4,4,3,3.15,0,0,TRUE
Male,Loyal Customer,27,Business Travel,Eco,1504,2,5,5,5,2,2,2,2,4,4,4,2,2,3.15,89,95,FALSE
Female,Loyal Customer,42,Business Travel,Business,349,2,2,2,2,1,4,3,2,2,2,2,3,4,2.38,21,10,FALSE
Female,Disloyal Customer,23,Business Travel,Business,967,5,5,5,1,2,5,2,2,3,2,5,3,2,3.23,0,0,TRUE
Male,Loyal Customer,46,Business Travel,Business,3108,1,1,1,1,3,5,4,4,4,4,4,4,4,3.08,0,0,TRUE
Female,Loyal Customer,61,Personal Travel,Eco,109,2,4,2,4,4,3,3,2,2,2,2,2,4,2.77,0,0,FALSE
Female,Loyal Customer,27,Business Travel,Business,3194,5,5,5,5,4,4,4,4,3,4,4,5,4,4.31,31,21,TRUE
Female,Loyal Customer,41,Business Travel,Business,3758,1,1,1,1,2,5,5,5,5,5,5,4,5,3.46,23,,TRUE
Female,Loyal Customer,49,Business Travel,Eco,248,4,4,1,4,3,3,4,4,4,4,4,5,3,3.62,0,0,TRUE
Female,Disloyal Customer,37,Business Travel,Eco,119,2,2,2,2,3,2,3,3,3,4,1,3,3,2.54,0,0,FALSE
Female,Loyal Customer,38,Personal Travel,Eco,557,1,5,1,2,4,1,4,4,3,4,4,1,4,2.92,0,0,FALSE
Female,Loyal Customer,63,Business Travel,Business,257,1,1,1,1,2,5,3,5,5,5,5,1,5,3.08,0,0,TRUE
Male,Loyal Customer,44,Business Travel,Business,2345,1,1,1,1,5,4,5,4,4,5,4,5,3,3.31,1,0,TRUE
Male,Loyal Customer,40,Business Travel,Business,554,1,1,1,1,3,4,4,3,3,3,3,5,5,2.85,0,0,TRUE
Female,Loyal Customer,60,Business Travel,Business,3921,1,1,1,1,2,4,4,5,5,5,5,5,5,3.38,1,0,TRUE
Male,Disloyal Customer,35,Business Travel,Eco,199,1,0,1,3,3,1,2,3,3,5,1,3,3,2.23,0,0,FALSE
Female,Loyal Customer,29,Business Travel,Business,2354,3,4,4,4,3,3,3,3,3,2,4,1,3,3.08,0,0,FALSE
Female,Loyal Customer,49,Business Travel,Business,1635,1,1,4,1,2,5,4,4,4,4,4,3,5,3.23,7,20,TRUE
Male,Loyal Customer,44,Business Travel,Business,2896,4,4,4,4,2,4,1,5,5,5,5,1,1,3.46,0,0,TRUE
Male,Loyal Customer,22,Business Travel,Business,1737,3,3,3,3,5,5,5,5,3,2,1,3,5,3.54,0,0,TRUE
Female,Loyal Customer,22,Personal Travel,Eco,328,4,4,4,4,3,4,3,3,2,1,4,1,3,3.08,0,0,FALSE
Female,Loyal Customer,41,Business Travel,Business,1993,4,4,4,4,4,5,5,3,3,3,3,4,4,3.85,0,0,TRUE
Female,Disloyal Customer,26,Business Travel,Eco,448,2,2,2,3,3,2,3,3,3,1,3,1,3,2.38,0,0,FALSE
Male,Loyal Customer,55,Business Travel,Eco Plus,533,1,3,3,3,1,1,1,1,3,2,4,1,1,1.92,20,21,FALSE
Female,Loyal Customer,49,Personal Travel,Eco,808,1,1,1,3,2,4,4,4,4,1,4,1,3,2.54,0,0,FALSE
Female,Loyal Customer,62,Personal Travel,Eco,957,5,4,5,5,3,4,4,2,2,5,2,4,3,3.69,0,0,TRUE
Male,Disloyal Customer,20,Business Travel,Eco,108,4,5,4,1,5,4,3,5,5,4,5,5,5,4.23,0,29,FALSE
Male,Loyal Customer,57,Business Travel,Business,1880,0,0,0,3,5,4,4,2,2,2,5,4,3,2.62,0,12,TRUE
Female,Disloyal Customer,8,Business Travel,Eco Plus,1744,2,4,2,4,2,2,2,2,4,5,2,4,2,2.85,50,71,FALSE
Female,Disloyal Customer,26,Business Travel,Eco,419,1,0,1,2,3,1,3,3,3,4,2,1,3,2.08,0,0,FALSE
Female,Loyal Customer,19,Personal Travel,Eco,402,2,5,2,1,2,2,1,2,4,2,5,3,2,2.54,0,0,FALSE
Male,Loyal Customer,43,Personal Travel,Eco,1020,4,1,5,4,3,5,3,3,1,3,3,2,3,3.08,0,8,FALSE
Male,Disloyal Customer,28,Business Travel,Business,964,2,2,2,3,4,2,4,4,4,3,5,4,4,3.31,0,0,FALSE
Female,Loyal Customer,25,Business Travel,Business,844,2,1,1,1,2,2,2,2,4,4,3,1,2,2.08,0,0,FALSE
Female,Loyal Customer,47,Business Travel,Business,2699,4,4,4,4,2,5,5,4,4,4,4,4,3,3.92,7,0,TRUE
Female,Loyal Customer,44,Business Travel,Business,2219,2,2,3,2,5,5,5,5,5,5,5,5,5,4.15,0,0,TRUE
Male,Loyal Customer,39,Business Travel,Business,258,3,3,3,3,4,4,5,5,5,5,5,4,5,4.15,52,48,TRUE
Male,Loyal Customer,29,Business Travel,Business,3818,2,2,2,2,4,4,4,4,4,2,5,4,4,3.31,1,6,TRUE
Male,Disloyal Customer,20,Business Travel,Eco,920,2,2,2,4,5,2,5,5,2,2,3,3,5,3.23,14,0,FALSE
Male,Loyal Customer,57,Business Travel,Business,402,5,5,5,5,2,4,4,4,4,4,4,5,5,4.31,0,0,TRUE
Male,Loyal Customer,18,Personal Travel,Eco,937,2,5,2,1,5,2,5,5,3,3,4,4,5,3.54,20,16,FALSE
Female,Loyal Customer,65,Personal Travel,Eco,306,2,1,2,2,5,3,2,3,3,2,3,1,2,2.38,66,57,FALSE
Male,Loyal Customer,37,Business Travel,Business,3568,5,3,5,5,4,4,4,5,5,5,5,3,3,4.31,7,0,TRUE
Female,Loyal Customer,42,Personal Travel,Eco,101,2,5,2,5,2,5,4,5,5,2,5,2,1,3.46,8,11,FALSE
Female,Disloyal Customer,22,Business Travel,Eco,862,3,3,3,3,1,3,1,1,3,3,5,4,1,2.62,0,0,FALSE
Male,Loyal Customer,41,Business Travel,Eco,907,3,5,5,5,3,3,3,3,3,5,4,4,3,3.77,5,0,FALSE
Male,Disloyal Customer,31,Business Travel,Business,1075,3,3,3,4,3,3,3,3,3,1,2,4,3,2.92,0,0,FALSE
Female,Loyal Customer,49,Business Travel,Business,1747,1,1,1,1,5,4,4,4,4,5,4,4,3,3.15,0,11,TRUE
Male,Loyal Customer,55,Business Travel,Business,907,4,4,4,4,2,4,4,5,5,5,5,4,4,4.15,0,0,TRUE
Female,Loyal Customer,56,Business Travel,Business,787,4,4,4,4,2,4,4,5,5,5,5,4,3,4.08,4,0,TRUE
Male,Loyal Customer,28,Business Travel,Business,728,2,2,3,2,4,4,4,4,3,3,4,3,4,3.23,55,78,TRUE
Male,Disloyal Customer,37,Business Travel,Eco,944,3,3,3,4,5,3,5,5,2,2,5,5,5,3.85,0,0,FALSE
Female,Loyal Customer,34,Business Travel,Business,484,5,5,2,5,5,5,4,3,3,4,3,3,4,3.92,41,43,TRUE
Female,Loyal Customer,27,Business Travel,Business,521,4,4,4,4,4,4,4,4,1,3,3,5,4,3.69,0,0,TRUE
Female,Loyal Customer,51,Business Travel,Business,2464,5,2,5,5,5,4,4,5,5,5,5,3,4,4.38,0,0,TRUE
Male,Loyal Customer,10,Personal Travel,Eco,2026,2,3,2,4,2,2,2,2,2,4,5,5,2,2.85,2,10,FALSE
Male,Loyal Customer,35,Business Travel,Eco Plus,67,2,1,1,1,2,2,2,2,4,4,3,4,2,2.31,19,30,FALSE
Female,Loyal Customer,35,Business Travel,Business,3880,1,1,1,1,2,1,3,4,4,5,4,4,1,2.46,8,0,TRUE
Male,Loyal Customer,59,Business Travel,Business,603,1,1,1,1,4,5,5,2,2,3,2,3,3,2.54,0,0,TRUE
Female,Loyal Customer,56,Personal Travel,Eco,294,1,4,5,4,2,5,5,4,4,5,4,4,4,3.92,0,0,FALSE
Male,Disloyal Customer,54,Business Travel,Business,2717,2,2,2,3,2,3,3,4,3,2,2,3,3,2.62,3,11,FALSE
Male,Loyal Customer,26,Business Travel,Eco Plus,515,0,4,0,2,4,0,4,4,1,5,5,2,4,2.69,0,0,TRUE
Female,Loyal Customer,57,Business Travel,Eco,457,3,1,1,1,2,4,3,3,3,3,3,2,5,2.62,61,59,TRUE
Female,Loyal Customer,34,Personal Travel,Eco,631,2,4,2,3,2,2,2,2,5,3,5,5,2,3,0,0,FALSE
Male,Loyal Customer,35,Personal Travel,Eco,257,0,1,0,1,4,0,4,4,3,5,2,3,4,2.38,0,0,TRUE
Female,Loyal Customer,29,Personal Travel,Eco,763,2,4,2,1,5,2,5,5,5,2,5,5,5,3.69,0,0,FALSE
Male,Disloyal Customer,24,Business Travel,Eco,160,2,0,1,4,4,1,4,4,3,2,4,3,4,2.77,0,0,FALSE
Female,Loyal Customer,43,Personal Travel,Eco,1235,3,2,3,3,4,3,2,1,1,3,1,4,4,2.62,19,9,FALSE
Male,Loyal Customer,44,Personal Travel,Eco,223,2,4,2,1,2,2,4,2,4,2,5,5,2,2.85,0,0,FALSE
Male,Loyal Customer,35,Personal Travel,Eco,853,1,5,1,3,1,1,1,1,4,2,5,3,1,2.23,89,92,FALSE
Female,Disloyal Customer,21,Business Travel,Business,356,4,5,4,3,3,4,3,3,1,5,3,5,3,3.54,0,0,TRUE
Female,Loyal Customer,35,Personal Travel,Business,650,3,4,3,2,3,3,2,5,5,3,5,2,2,3.23,0,0,FALSE
Male,Loyal Customer,46,Business Travel,Business,1635,4,4,4,4,4,3,4,4,4,4,4,5,3,3.92,98,79,TRUE
Female,Loyal Customer,50,Personal Travel,Eco,337,3,1,3,3,3,2,4,2,1,4,3,4,4,2.85,170,174,FALSE
Male,Disloyal Customer,38,Business Travel,Business,2327,3,3,3,1,3,3,3,3,3,2,4,4,3,2.92,0,0,FALSE
Female,Loyal Customer,8,Personal Travel,Eco,1426,1,5,1,5,2,1,4,2,3,4,4,3,2,2.85,0,10,FALSE
Male,Loyal Customer,53,Personal Travel,Eco,446,3,5,3,3,1,3,1,1,4,2,5,5,1,2.85,0,0,FALSE
Male,Loyal Customer,21,Personal Travel,Eco,3784,1,2,1,2,1,1,2,3,5,1,2,2,2,1.92,2,2,FALSE
Female,Loyal Customer,34,Business Travel,Eco,667,3,4,4,4,3,3,3,3,3,2,4,1,3,3.08,19,14,FALSE
Female,Loyal Customer,27,Business Travel,Eco,689,0,1,1,3,3,1,3,3,3,1,4,3,3,2.23,0,0,TRUE
Female,Loyal Customer,45,Business Travel,Business,1235,4,4,4,4,3,4,4,4,4,4,4,4,5,4,4,0,TRUE
Female,Disloyal Customer,14,Business Travel,Eco,1463,3,3,3,4,2,3,4,2,3,2,3,3,2,2.85,31,56,FALSE
Male,Loyal Customer,10,Personal Travel,Eco,190,0,1,0,3,1,0,1,1,3,1,4,1,1,1.31,0,0,TRUE
Male,Loyal Customer,51,Business Travel,Eco,332,4,1,1,1,4,4,4,4,1,3,5,2,4,2.92,0,0,TRUE
Male,Loyal Customer,48,Business Travel,Business,2771,4,4,4,4,3,4,5,4,4,4,4,3,4,3.92,0,0,TRUE
Male,Loyal Customer,68,Business Travel,Eco Plus,228,3,2,2,2,3,3,3,3,1,1,2,3,3,2.38,0,0,TRUE
Male,Loyal Customer,59,Business Travel,Business,3225,5,5,5,5,5,5,4,4,4,4,4,5,5,4.62,0,0,TRUE
Male,Loyal Customer,53,Business Travel,Business,3514,1,1,1,1,2,4,4,3,3,3,3,5,4,2.69,0,15,TRUE
Male,Loyal Customer,37,Business Travel,Business,2936,2,2,2,2,4,4,5,5,5,5,5,5,5,3.92,0,0,TRUE
Female,Loyal Customer,45,Business Travel,Business,852,4,4,4,4,2,5,4,5,5,5,5,4,5,4.31,0,0,TRUE
Male,Loyal Customer,46,Business Travel,Eco,989,5,1,1,1,5,5,5,5,5,2,3,2,5,3.46,0,0,TRUE
Male,Loyal Customer,29,Business Travel,Eco Plus,1167,5,3,4,3,5,5,5,5,1,3,3,3,5,3.85,0,0,TRUE
Male,Loyal Customer,52,Personal Travel,Eco Plus,308,2,5,2,3,3,2,3,3,4,3,1,5,3,3,58,49,FALSE
Female,Loyal Customer,46,Business Travel,Business,446,5,5,5,5,2,4,4,4,4,4,4,4,4,4.15,31,28,TRUE
Female,Loyal Customer,64,Personal Travel,Eco Plus,1303,2,2,2,3,1,3,3,2,2,2,2,2,4,2.31,0,0,FALSE
Female,Loyal Customer,44,Business Travel,Business,2342,4,4,4,4,5,4,4,4,4,4,4,4,5,4.15,36,19,TRUE
Male,Loyal Customer,34,Personal Travel,Eco,89,2,4,2,4,1,2,1,1,4,3,4,5,1,2.62,0,0,FALSE
Female,Loyal Customer,54,Business Travel,Business,2414,1,1,3,1,2,4,4,5,5,5,5,3,5,3.38,0,2,TRUE
Female,Disloyal Customer,47,Business Travel,Business,452,3,3,3,4,5,3,5,5,5,2,4,4,5,3.92,4,2,FALSE
Male,Loyal Customer,67,Personal Travel,Eco,192,2,2,2,1,5,2,5,5,3,1,1,1,5,2.69,35,42,FALSE
Male,Loyal Customer,53,Personal Travel,Eco,1325,3,5,3,4,1,3,1,1,5,2,3,5,1,2.85,0,0,FALSE
Female,Disloyal Customer,26,Business Travel,Eco,522,0,0,0,4,4,0,4,4,4,4,5,2,4,2.69,0,0,TRUE
Female,Loyal Customer,35,Personal Travel,Eco,2139,1,4,2,3,3,2,3,3,5,4,4,4,3,3.15,0,0,FALSE
Male,Loyal Customer,68,Personal Travel,Eco,468,3,4,3,3,4,3,4,4,4,4,3,1,4,3.38,0,2,FALSE
Female,Loyal Customer,13,Personal Travel,Eco Plus,2422,0,2,0,3,3,0,2,3,1,2,1,1,3,1.62,0,0,TRUE
Female,Loyal Customer,66,Personal Travel,Eco,500,1,4,4,4,4,4,4,3,3,4,4,5,5,3.77,0,8,FALSE
Male,Disloyal Customer,17,Business Travel,Business,223,0,0,0,4,3,0,3,3,3,4,3,3,3,2.23,0,0,TRUE
Male,Loyal Customer,42,Personal Travel,Eco,758,2,4,2,4,3,2,3,3,3,3,3,4,3,3,0,0,FALSE
Female,Disloyal Customer,37,Business Travel,Eco,529,2,1,2,3,4,2,4,4,3,2,3,1,4,2.69,0,0,FALSE
Female,Loyal Customer,17,Business Travel,Eco,460,3,3,3,3,3,3,2,3,2,4,3,3,3,2.92,0,0,FALSE
Female,Loyal Customer,43,Business Travel,Business,2419,3,3,3,3,2,5,5,5,5,5,5,3,5,4,0,0,TRUE
Male,Loyal Customer,32,Business Travel,Business,541,4,4,4,4,5,5,5,5,1,2,5,2,5,3.92,0,8,TRUE
Female,Loyal Customer,33,Personal Travel,Eco,216,3,0,3,4,1,3,1,1,5,3,3,3,1,2.38,0,6,FALSE
Female,Loyal Customer,31,Business Travel,Business,1581,4,4,4,4,5,5,5,5,3,2,4,5,5,4.23,18,13,TRUE
Male,Loyal Customer,46,Personal Travel,Eco,401,5,4,5,3,1,5,1,1,3,3,5,5,1,3.23,0,0,TRUE
Male,Loyal Customer,32,Business Travel,Business,262,2,2,2,2,4,4,4,4,1,5,1,2,4,2.85,61,51,TRUE
Female,Disloyal Customer,46,Business Travel,Business,413,2,2,2,3,2,2,2,2,2,3,3,1,2,2.15,0,0,FALSE
Female,Loyal Customer,25,Business Travel,Business,2556,1,1,1,1,4,4,4,4,4,2,4,3,4,2.85,12,0,TRUE
Female,Loyal Customer,43,Business Travel,Business,3513,1,2,2,2,2,3,3,1,1,1,1,2,1,1.69,101,123,FALSE
Male,Loyal Customer,27,Personal Travel,Eco,591,2,1,2,3,3,2,3,3,3,5,2,2,3,2.62,69,67,FALSE
Male,Loyal Customer,27,Personal Travel,Eco,911,3,2,3,4,4,3,4,4,1,5,3,3,4,3.31,38,16,FALSE
Male,Loyal Customer,53,Business Travel,Business,2125,1,1,1,1,3,5,4,3,3,4,3,5,3,2.85,0,2,TRUE
Female,Disloyal Customer,25,Business Travel,Eco,557,3,0,4,3,1,4,4,1,2,4,3,4,1,2.62,0,0,FALSE
Male,Loyal Customer,52,Business Travel,Eco,483,4,4,4,4,4,4,4,4,5,4,2,3,4,3.85,36,36,TRUE
Male,Loyal Customer,34,Personal Travel,Eco,1342,4,4,4,4,5,4,5,5,4,2,5,5,5,4.31,17,17,FALSE
Male,Loyal Customer,53,Business Travel,Business,1400,2,1,2,1,4,3,3,2,2,2,2,2,1,2.08,0,0,FALSE
Female,Loyal Customer,16,Business Travel,Business,3488,2,5,5,5,4,4,2,4,2,4,4,2,4,3.62,104,129,FALSE
Female,Disloyal Customer,27,Business Travel,Eco,700,3,3,3,3,5,3,5,5,4,2,3,2,5,3.54,0,0,FALSE
Female,Loyal Customer,28,Business Travel,Business,2396,2,2,4,2,4,4,4,4,5,3,4,4,4,3.54,111,100,TRUE
Female,Loyal Customer,12,Personal Travel,Eco Plus,416,1,3,1,3,1,1,1,1,2,1,2,4,1,1.69,0,0,FALSE
Female,Loyal Customer,56,Business Travel,Business,2104,5,5,5,5,5,4,4,1,1,2,1,4,3,3.46,113,101,TRUE
Female,Disloyal Customer,62,Business Travel,Eco,610,3,3,3,4,4,3,4,4,1,4,4,3,4,3.38,0,0,FALSE
Male,Loyal Customer,49,Business Travel,Business,1362,2,2,2,2,4,4,5,3,3,3,3,5,4,3.23,0,0,TRUE
Female,Loyal Customer,31,Business Travel,Business,2749,3,1,1,1,3,3,3,3,1,1,3,2,3,2.15,36,27,FALSE
Male,Loyal Customer,57,Business Travel,Business,2722,4,4,4,4,2,5,4,4,4,4,4,5,3,3.92,0,0,TRUE
Female,Loyal Customer,46,Personal Travel,Eco,588,4,5,5,5,5,5,4,4,4,5,4,5,3,4.46,0,0,TRUE
Female,Loyal Customer,22,Personal Travel,Eco,446,4,4,1,4,2,1,2,2,1,3,3,2,2,2.38,17,12,TRUE
Male,Loyal Customer,54,Personal Travel,Eco,192,3,4,3,3,2,3,2,2,5,5,5,3,2,3.23,1,0,FALSE
Male,Loyal Customer,47,Business Travel,Business,3523,3,4,4,4,3,3,3,1,4,3,2,3,3,3.08,182,184,FALSE
Female,Loyal Customer,49,Business Travel,Eco Plus,748,4,4,4,4,3,1,3,4,4,4,4,5,5,3.77,18,7,TRUE
Male,Loyal Customer,33,Business Travel,Business,2586,2,2,2,2,2,2,2,4,3,2,2,2,2,2.23,97,180,FALSE
Male,Disloyal Customer,50,Business Travel,Business,453,2,3,3,1,4,2,4,4,3,4,4,5,4,3.31,0,0,FALSE
Female,Loyal Customer,50,Business Travel,Eco,262,4,1,1,1,1,2,2,4,4,4,4,4,4,2.77,0,8,TRUE
Female,Loyal Customer,40,Business Travel,Business,2293,5,5,5,5,4,4,5,4,4,4,4,5,3,4.38,2,0,TRUE
Male,Loyal Customer,63,Personal Travel,Eco Plus,289,3,5,3,1,2,3,2,2,4,4,5,3,2,3,40,35,FALSE
Male,Loyal Customer,23,Personal Travel,Eco,2182,2,2,2,2,1,2,1,1,1,2,2,3,1,1.69,0,0,FALSE
Male,Loyal Customer,46,Personal Travel,Eco,397,4,5,4,2,4,4,4,4,4,3,4,3,4,3.77,99,94,FALSE
Female,Loyal Customer,53,Business Travel,Eco,599,5,2,2,2,5,2,5,5,5,5,5,4,3,3.85,0,0,TRUE
Male,Loyal Customer,62,Personal Travel,Eco Plus,436,2,4,2,5,5,2,5,5,3,2,5,3,5,3.69,0,0,FALSE
Female,Loyal Customer,54,Personal Travel,Business,842,2,4,3,1,4,5,5,5,5,3,4,5,4,3.85,13,0,FALSE
Male,Loyal Customer,12,Personal Travel,Eco,1521,2,5,2,1,3,2,5,3,3,5,3,4,3,3.15,2,0,FALSE
Female,Loyal Customer,31,Personal Travel,Eco Plus,1609,2,2,2,3,5,2,5,5,2,3,2,1,5,3,0,0,FALSE
Female,Loyal Customer,48,Business Travel,Business,563,4,4,4,4,2,2,2,4,4,4,4,1,1,3.08,0,0,FALSE
Male,Loyal Customer,45,Personal Travel,Eco,130,0,5,0,4,4,0,4,4,2,5,1,4,4,2.85,0,1,TRUE
Male,Loyal Customer,27,Personal Travel,Eco Plus,2349,5,4,5,3,1,5,1,1,5,2,4,4,1,3.15,0,0,TRUE
Female,Loyal Customer,43,Personal Travel,Eco,420,4,4,4,3,4,5,4,3,3,4,3,2,3,3.54,0,6,FALSE
Male,Loyal Customer,48,Personal Travel,Business,1076,4,5,4,3,2,5,4,2,2,4,2,3,3,3.31,3,0,FALSE
Female,Loyal Customer,32,Personal Travel,Eco,977,3,4,3,1,4,3,4,4,4,3,4,3,4,3.38,29,28,FALSE
Female,Disloyal Customer,37,Business Travel,Eco,797,4,4,4,1,1,4,1,1,1,2,3,2,1,2.23,0,0,FALSE
Male,Loyal Customer,39,Business Travel,Business,586,3,3,3,3,4,3,2,2,2,2,2,5,1,2.69,3,0,TRUE
Male,Loyal Customer,44,Business Travel,Business,509,1,1,3,1,2,2,4,5,5,5,5,2,3,3,0,0,TRUE
Female,Loyal Customer,15,Business Travel,Business,1303,2,5,5,5,2,2,2,2,1,5,3,3,2,3,17,0,FALSE
Male,Disloyal Customer,26,Business Travel,Business,728,3,2,2,3,5,2,1,5,4,2,5,3,5,3.23,2,0,FALSE
Male,Loyal Customer,12,Personal Travel,Eco,819,2,3,2,3,5,2,5,5,1,2,2,5,5,3.23,67,59,FALSE
Female,Loyal Customer,46,Business Travel,Business,1024,2,2,5,2,2,5,5,5,5,5,5,5,4,4,18,2,TRUE
Male,Loyal Customer,13,Personal Travel,Eco,2079,2,4,2,4,2,1,1,2,1,5,5,1,1,2.38,140,152,FALSE
Male,Loyal Customer,24,Business Travel,Business,721,3,4,4,4,3,3,3,3,1,3,4,1,3,3,0,0,FALSE
Male,Loyal Customer,39,Business Travel,Business,195,5,5,5,5,3,1,4,4,4,4,4,2,4,3.85,113,95,TRUE
Female,Loyal Customer,67,Personal Travel,Eco Plus,315,1,5,5,2,3,5,4,4,4,5,4,5,1,3.69,0,0,FALSE
Male,Disloyal Customer,21,Business Travel,Eco,872,3,3,3,2,3,3,3,3,2,4,5,1,3,2.92,0,0,FALSE
Female,Loyal Customer,31,Personal Travel,Eco,106,2,5,2,5,5,2,5,5,5,4,4,4,5,4.08,0,8,FALSE
Female,Loyal Customer,36,Business Travel,Eco,762,5,2,2,2,5,5,5,5,3,1,2,3,5,3.46,3,0,TRUE
Male,Loyal Customer,46,Personal Travel,Eco,397,2,4,2,4,3,2,3,3,2,5,4,4,3,3.15,24,12,FALSE
Female,Loyal Customer,59,Business Travel,Eco,547,4,1,1,1,5,2,3,4,4,4,4,4,4,3.15,3,,TRUE
Female,Loyal Customer,31,Personal Travel,Eco,1020,4,4,4,2,4,4,4,4,5,3,5,4,4,3.92,0,0,FALSE
Male,Loyal Customer,28,Personal Travel,Eco,2139,4,2,4,4,2,4,2,2,4,4,4,4,2,3.23,33,8,FALSE
Female,Loyal Customer,52,Personal Travel,Eco,780,2,2,2,1,5,1,1,1,1,2,1,2,4,1.92,1,0,FALSE
Male,Loyal Customer,39,Business Travel,Business,1165,2,1,1,1,5,3,3,2,2,2,2,2,3,2.23,0,0,FALSE
Male,Loyal Customer,35,Personal Travel,Eco,925,3,4,3,4,4,3,2,4,5,2,4,5,4,3.62,0,0,FALSE
Female,Disloyal Customer,24,Business Travel,Business,562,4,0,4,3,4,4,4,4,3,3,4,5,4,3.54,12,0,TRUE
Male,Loyal Customer,46,Business Travel,Business,3391,2,2,2,2,4,2,1,5,5,5,5,5,3,3.31,0,11,TRUE
Female,Loyal Customer,57,Business Travel,Business,2778,5,5,5,5,2,5,4,5,5,5,5,4,3,4.46,15,3,TRUE
Male,Loyal Customer,43,Business Travel,Business,280,0,0,0,4,3,4,5,3,3,3,3,3,4,2.69,28,11,TRUE
Female,Loyal Customer,10,Personal Travel,Eco,1947,3,3,3,4,5,3,5,5,3,4,3,5,5,3.92,0,1,FALSE
Female,Loyal Customer,13,Personal Travel,Eco,1709,4,2,4,4,5,4,5,5,4,1,3,4,5,3.85,0,0,FALSE
Male,Disloyal Customer,34,Business Travel,Eco,552,3,4,3,4,5,3,5,5,5,1,4,5,5,4,47,57,FALSE
Female,Disloyal Customer,26,Business Travel,Business,1587,1,1,1,3,4,1,4,4,3,2,4,4,4,2.77,0,0,FALSE
Female,Disloyal Customer,24,Business Travel,Eco,361,4,0,4,4,1,4,1,1,2,3,4,2,1,2.38,0,0,FALSE
Male,Loyal Customer,39,Business Travel,Business,417,2,2,5,5,1,3,3,2,2,2,2,1,1,2.38,3,0,FALSE
Female,Loyal Customer,51,Business Travel,Business,758,3,3,3,3,3,5,1,4,4,4,4,5,2,3.38,0,24,TRUE
Male,Loyal Customer,23,Personal Travel,Eco,1067,3,4,2,2,3,2,3,3,4,2,4,3,3,2.92,0,0,FALSE
Male,Loyal Customer,11,Personal Travel,Eco,95,2,1,0,2,3,0,5,3,1,3,2,1,3,2,1,0,FALSE
Male,Loyal Customer,30,Business Travel,Business,2720,1,1,1,1,4,5,4,4,4,2,5,3,4,3,0,0,TRUE
Female,Loyal Customer,53,Business Travel,Business,1005,4,5,5,5,3,3,4,4,4,3,4,3,3,3.85,6,5,FALSE
Female,Loyal Customer,36,Business Travel,Eco,519,5,2,2,2,5,5,5,5,3,2,3,5,5,3.77,34,41,TRUE
Male,Disloyal Customer,9,Business Travel,Eco,576,2,0,2,4,4,2,4,4,5,4,5,2,4,3.23,4,0,FALSE
Female,Loyal Customer,15,Personal Travel,Business,956,1,5,1,3,1,1,2,1,5,3,5,4,1,2.54,0,0,FALSE
Male,Loyal Customer,61,Business Travel,Eco,933,1,1,1,1,1,1,1,1,3,2,3,3,1,1.54,0,0,FALSE
Female,Loyal Customer,32,Business Travel,Business,3001,3,2,2,2,3,3,3,3,3,3,4,3,3,2.85,37,119,FALSE
Female,Disloyal Customer,25,Business Travel,Eco,965,3,3,3,4,4,3,4,4,2,4,4,4,4,3.54,0,0,FALSE
Female,Loyal Customer,55,Business Travel,Eco,406,4,3,3,3,4,4,3,4,4,4,4,1,1,3.23,10,14,FALSE
Female,Disloyal Customer,50,Business Travel,Business,468,4,4,4,4,2,4,5,2,3,2,5,3,2,3.38,109,103,TRUE
Male,Loyal Customer,50,Business Travel,Business,3914,3,3,3,3,3,5,5,5,5,5,5,3,5,4.08,0,0,TRUE
Male,Disloyal Customer,27,Business Travel,Eco,599,1,1,2,3,1,2,1,1,4,2,4,3,1,2,0,0,FALSE
Male,Loyal Customer,28,Personal Travel,Eco Plus,574,4,5,4,4,4,4,4,4,3,2,5,4,4,3.92,70,50,FALSE
Female,Loyal Customer,51,Business Travel,Eco,532,4,2,2,2,5,3,3,3,3,4,3,4,2,3.08,1,0,FALSE
Male,Loyal Customer,65,Personal Travel,Eco,216,4,5,0,4,2,0,2,2,3,1,2,1,2,2.15,0,0,TRUE
Male,Loyal Customer,44,Business Travel,Business,1851,2,2,5,2,4,4,5,5,5,4,5,5,4,4,0,0,TRUE
Female,Disloyal Customer,50,Business Travel,Eco,201,1,2,1,3,5,1,5,5,3,3,3,4,5,3.15,20,17,FALSE
Female,Loyal Customer,50,Personal Travel,Eco,639,3,5,3,4,4,5,4,5,5,3,2,4,5,4,8,10,FALSE
Female,Loyal Customer,51,Personal Travel,Eco,862,2,5,2,4,3,5,5,2,2,2,2,3,3,3.08,0,0,FALSE
Female,Loyal Customer,43,Business Travel,Business,3927,4,1,4,4,2,4,5,4,4,4,4,3,3,3.54,0,0,TRUE
Male,Loyal Customer,24,Personal Travel,Eco,1046,2,3,2,3,4,2,4,4,2,2,3,4,4,3,0,0,FALSE
Female,Loyal Customer,58,Business Travel,Eco,835,4,5,5,5,2,3,3,4,4,4,4,2,2,3.62,0,0,FALSE
Female,Loyal Customer,32,Personal Travel,Eco,977,2,4,2,1,2,2,2,2,3,4,4,4,2,2.62,0,0,FALSE
Male,Disloyal Customer,43,Business Travel,Business,399,1,2,2,2,4,1,4,4,4,5,5,3,4,3.15,35,30,FALSE
Female,Loyal Customer,40,Personal Travel,Business,697,3,5,3,1,1,5,2,4,4,3,4,4,3,3.23,0,5,FALSE
Male,Loyal Customer,58,Business Travel,Business,1995,0,5,0,1,5,3,5,3,3,3,3,2,1,2.62,0,0,TRUE
Male,Disloyal Customer,27,Business Travel,Business,839,5,5,5,3,3,5,3,3,4,4,3,3,3,3.77,42,22,TRUE
Male,Loyal Customer,70,Business Travel,Business,2910,2,1,1,1,4,2,2,2,2,2,2,2,1,1.85,0,0,FALSE
Male,Disloyal Customer,35,Business Travel,Eco,883,2,2,2,3,4,2,4,4,4,3,3,4,4,3.15,25,15,FALSE
Female,Loyal Customer,35,Business Travel,Business,1620,3,3,3,3,2,4,4,4,4,4,4,5,3,3.54,20,28,TRUE
Female,Loyal Customer,44,Business Travel,Eco,866,3,2,5,5,4,3,1,3,3,3,3,1,5,3.15,0,0,TRUE
Male,Loyal Customer,52,Personal Travel,Eco,889,2,3,2,4,2,2,2,2,2,4,3,1,2,2.38,6,12,FALSE
Female,Loyal Customer,34,Business Travel,Business,399,3,4,4,4,5,3,2,3,3,3,3,2,2,3.15,0,6,FALSE
Female,Disloyal Customer,29,Business Travel,Business,829,1,1,1,2,1,1,1,1,5,3,4,3,1,1.92,0,0,FALSE
Male,Loyal Customer,48,Business Travel,Business,429,2,2,2,2,3,4,4,5,5,5,5,5,4,3.69,0,0,TRUE
Male,Loyal Customer,28,Personal Travel,Eco,590,1,3,2,5,5,2,5,5,4,5,4,2,5,3.69,45,64,FALSE
Female,Loyal Customer,62,Personal Travel,Eco,1086,3,5,3,4,4,4,5,1,1,3,1,3,3,3.08,0,49,FALSE
Female,Loyal Customer,45,Business Travel,Eco,351,4,5,5,5,5,3,4,4,4,4,4,5,2,4.15,0,1,TRUE
Male,Disloyal Customer,20,Business Travel,Eco,447,3,3,3,4,4,3,4,4,3,2,4,3,4,3.38,0,0,FALSE
Female,Loyal Customer,24,Business Travel,Business,3635,2,2,5,2,2,2,2,2,3,1,3,4,2,2.46,16,11,FALSE
Female,Loyal Customer,43,Business Travel,Business,3809,4,4,4,4,1,4,3,5,5,5,5,3,3,3.85,0,0,TRUE
Female,Loyal Customer,31,Business Travel,Business,945,3,3,3,3,4,4,4,4,3,5,5,3,4,3.69,0,0,TRUE
Male,Loyal Customer,56,Business Travel,Business,3187,2,2,2,2,5,4,4,4,4,4,4,4,3,3.38,0,0,TRUE
Male,Disloyal Customer,26,Business Travel,Eco,545,1,2,1,4,2,1,5,2,3,3,3,2,2,2.38,0,0,FALSE
Male,Disloyal Customer,38,Business Travel,Business,872,5,5,5,5,3,5,3,3,5,5,5,4,3,4.31,8,0,TRUE
Male,Loyal Customer,30,Business Travel,Eco,667,5,5,5,5,5,5,5,5,4,3,3,5,5,4.62,0,0,TRUE
Male,Loyal Customer,41,Business Travel,Business,1986,3,5,5,5,4,2,2,3,3,3,3,4,2,3.38,0,0,FALSE
Male,Loyal Customer,26,Business Travel,Business,817,2,2,4,2,5,4,5,5,4,2,3,1,5,3.38,0,0,TRUE
Male,Loyal Customer,45,Personal Travel,Eco,152,4,5,4,1,2,4,3,2,5,4,4,3,2,3.31,0,0,TRUE
Male,Loyal Customer,59,Business Travel,Business,3829,3,3,3,3,5,5,4,4,4,4,4,4,4,3.85,0,0,TRUE
Male,Loyal Customer,39,Business Travel,Eco,277,2,4,4,4,2,2,2,2,3,3,4,1,2,2.69,20,34,FALSE
Male,Loyal Customer,24,Business Travel,Business,1481,2,2,2,2,2,2,2,2,4,4,5,4,2,2.69,0,0,TRUE
Female,Disloyal Customer,48,Business Travel,Business,670,2,2,2,5,5,2,5,5,3,2,4,4,5,3.54,0,0,FALSE
Male,Disloyal Customer,48,Business Travel,Business,879,2,2,2,1,5,2,1,5,3,4,4,4,5,3.08,0,0,FALSE
Male,Loyal Customer,11,Personal Travel,Eco,1290,2,2,2,3,3,2,3,3,1,3,2,4,3,2.54,0,20,FALSE
Male,Loyal Customer,19,Personal Travel,Eco Plus,2402,4,1,4,4,4,4,4,2,1,4,3,4,4,3.31,0,1,FALSE
Female,Loyal Customer,53,Business Travel,Business,2494,5,5,5,5,2,5,4,5,5,5,5,3,4,4.46,0,0,TRUE
Male,Loyal Customer,67,Personal Travel,Eco Plus,909,2,5,2,1,2,1,1,5,3,4,5,1,1,2.54,423,400,FALSE
Female,Loyal Customer,62,Personal Travel,Eco,636,1,5,1,5,2,4,4,2,2,1,2,4,4,2.85,0,3,FALSE
Male,Loyal Customer,37,Business Travel,Business,3581,3,3,3,3,3,3,4,3,3,3,3,2,3,3,10,19,FALSE
Male,Loyal Customer,61,Business Travel,Business,3850,2,2,3,2,4,2,4,5,5,5,5,1,2,3.23,5,0,TRUE
Male,Loyal Customer,64,Business Travel,Business,2062,5,5,3,5,2,3,3,5,5,5,5,4,4,4.15,0,0,TRUE
Male,Loyal Customer,45,Personal Travel,Eco,1355,2,2,2,4,2,2,2,2,1,2,3,3,2,2.23,0,0,FALSE
Female,Disloyal Customer,23,Business Travel,Eco,425,1,0,1,5,3,1,3,3,5,4,3,1,3,2.54,0,0,FALSE
Male,Disloyal Customer,25,Business Travel,Eco,1235,2,2,2,5,5,2,4,5,4,4,4,5,5,3.77,0,0,FALSE
Female,Loyal Customer,10,Business Travel,Eco Plus,618,2,5,2,5,2,2,3,2,4,5,3,4,2,3.15,0,0,FALSE
Male,Loyal Customer,54,Business Travel,Business,1947,3,3,3,3,2,5,4,5,5,5,5,5,5,4.08,8,17,TRUE
Male,Loyal Customer,49,Business Travel,Business,2419,4,4,4,4,5,4,5,4,4,4,4,4,3,4.08,0,0,TRUE
Female,Loyal Customer,68,Business Travel,Eco,305,1,5,2,5,1,1,1,1,1,1,1,4,4,2.15,4,6,FALSE
Female,Disloyal Customer,41,Business Travel,Business,2133,3,3,3,1,5,3,5,5,3,3,4,3,5,3.54,0,0,FALSE
Female,Disloyal Customer,21,Business Travel,Eco,399,4,0,4,2,3,4,3,3,5,4,5,5,3,3.46,0,0,TRUE
Male,Disloyal Customer,39,Business Travel,Business,945,3,3,3,3,1,3,1,1,3,4,5,4,1,2.69,0,2,FALSE
Female,Loyal Customer,36,Business Travel,Business,3984,1,1,1,1,2,4,4,4,4,4,4,5,4,3,0,0,TRUE
Female,Loyal Customer,66,Business Travel,Business,2899,1,1,5,1,5,4,2,5,5,5,5,1,4,3.38,0,0,TRUE
Female,Loyal Customer,43,Business Travel,Business,1884,3,3,3,3,3,1,5,3,3,5,3,1,4,3.08,32,33,TRUE
Female,Loyal Customer,39,Business Travel,Business,3335,4,4,4,4,2,5,4,4,4,4,4,5,4,4,25,17,TRUE
Male,Loyal Customer,11,Business Travel,Eco,1011,1,1,1,1,1,1,1,1,4,5,3,3,1,1.85,0,0,FALSE
Female,Loyal Customer,42,Business Travel,Business,2025,3,3,3,3,3,5,4,5,5,5,5,4,5,4.08,0,22,TRUE
Female,Loyal Customer,48,Business Travel,Business,1972,5,4,4,4,1,2,2,1,1,2,5,1,1,2.54,0,0,FALSE
Male,Loyal Customer,60,Personal Travel,Business,2475,1,5,1,1,4,3,5,5,5,1,5,4,5,3.46,0,0,FALSE
Male,Loyal Customer,51,Business Travel,Business,3009,5,5,2,5,3,5,4,5,5,5,5,4,4,4.38,0,0,TRUE
Female,Disloyal Customer,66,Business Travel,Eco,401,2,0,2,4,4,2,4,4,2,1,2,5,4,2.77,0,0,FALSE
Male,Loyal Customer,21,Personal Travel,Eco,862,3,4,3,3,1,3,1,1,4,2,4,3,1,2.54,0,0,FALSE
Female,Loyal Customer,9,Personal Travel,Eco,1182,1,4,1,3,4,1,4,4,5,4,3,3,4,3.15,0,0,FALSE
Male,Loyal Customer,42,Business Travel,Business,533,2,2,2,2,3,5,4,4,4,4,4,5,5,3.54,34,25,TRUE
Male,Loyal Customer,14,Personal Travel,Eco,2026,3,5,3,4,5,3,5,5,4,4,5,5,5,4.31,0,0,FALSE
Female,Loyal Customer,31,Business Travel,Business,446,2,2,2,2,4,4,4,4,5,4,4,4,4,3.46,51,44,TRUE
Female,Loyal Customer,18,Personal Travel,Eco,277,4,4,4,1,4,4,2,4,3,5,5,1,4,3.46,18,20,FALSE
Male,Loyal Customer,7,Personal Travel,Business,1061,4,5,4,1,3,4,3,3,5,3,5,4,3,3.62,0,0,FALSE
Female,Loyal Customer,53,Business Travel,Business,2227,5,3,5,5,5,4,4,4,4,4,4,4,3,4.15,3,0,TRUE
Female,Loyal Customer,58,Business Travel,Business,1117,4,1,1,1,5,4,3,4,4,4,4,3,3,3.15,0,9,FALSE
Female,Loyal Customer,31,Business Travel,Business,2150,5,5,5,5,4,4,4,4,4,2,5,5,4,4.31,14,0,TRUE
Female,Loyal Customer,25,Personal Travel,Eco,511,3,4,3,3,4,3,4,4,4,4,5,5,4,3.85,63,58,FALSE
Female,Loyal Customer,46,Business Travel,Business,419,3,3,3,3,1,2,5,4,4,5,4,3,2,3.23,0,2,TRUE
Male,Loyal Customer,50,Business Travel,Business,3951,0,3,0,2,5,5,5,1,1,1,1,4,2,2.31,0,0,TRUE
Male,Loyal Customer,12,Personal Travel,Eco,1123,1,1,1,4,2,1,5,2,3,1,3,3,2,2.23,3,0,FALSE
Male,Loyal Customer,59,Personal Travel,Eco,473,3,1,3,3,2,3,2,2,4,4,3,1,2,2.54,0,0,FALSE
Female,Loyal Customer,52,Business Travel,Business,1389,1,1,1,1,4,5,4,4,4,4,4,3,5,3.15,0,0,TRUE
Male,Disloyal Customer,27,Business Travel,Business,1011,4,3,3,2,4,3,4,4,3,4,4,5,4,3.62,35,22,TRUE
Female,Loyal Customer,48,Business Travel,Business,3848,2,4,5,4,1,4,3,2,2,2,2,3,4,2.92,0,0,FALSE
Female,Loyal Customer,42,Business Travel,Eco,2475,3,3,3,3,1,3,3,3,3,3,3,2,4,2.85,0,0,FALSE
Female,Disloyal Customer,34,Business Travel,Eco,425,3,1,2,4,4,2,4,4,2,3,3,4,4,3.08,0,0,FALSE
Female,Loyal Customer,50,Personal Travel,Eco Plus,1303,1,4,2,2,2,3,5,4,4,2,3,4,3,3,10,0,FALSE
Female,Loyal Customer,47,Business Travel,Business,2351,3,3,3,3,5,4,5,5,5,5,5,5,5,4.31,0,2,TRUE
Female,Loyal Customer,44,Business Travel,Business,1303,5,5,5,5,3,5,4,4,4,4,4,4,3,4.23,1,7,TRUE
Female,Loyal Customer,20,Personal Travel,Eco,239,4,4,4,3,3,4,3,3,1,1,3,2,3,2.92,0,0,FALSE
Male,Loyal Customer,37,Business Travel,Eco Plus,199,1,5,5,5,1,1,1,1,3,5,4,1,1,2.62,0,0,FALSE
Female,Loyal Customer,43,Business Travel,Business,1699,2,2,2,2,4,4,4,3,3,3,3,4,4,3.08,2,0,TRUE
Male,Disloyal Customer,36,Business Travel,Eco,406,3,0,3,3,5,3,5,5,4,5,4,2,5,3.62,42,51,FALSE
Female,Loyal Customer,45,Business Travel,Business,2442,4,4,4,4,2,3,5,4,4,5,4,4,5,4,21,18,TRUE
Male,Loyal Customer,61,Personal Travel,Eco,337,2,2,2,4,5,2,5,5,3,1,4,4,5,3.38,12,20,FALSE
Male,Loyal Customer,51,Business Travel,Business,3380,3,3,3,3,3,5,5,4,4,4,4,1,5,3.62,0,0,TRUE
Female,Disloyal Customer,36,Business Travel,Business,780,3,3,3,3,3,3,3,3,5,5,4,4,3,3.46,16,70,FALSE
Male,Loyal Customer,34,Personal Travel,Eco,328,2,0,2,4,4,2,4,4,3,2,4,4,4,3,5,0,FALSE
Female,Loyal Customer,51,Business Travel,Business,354,1,1,1,1,5,5,5,5,5,5,5,5,5,3.77,7,8,TRUE
Male,Disloyal Customer,34,Business Travel,Business,309,4,4,4,2,1,4,1,1,4,5,5,5,1,3.15,0,0,FALSE
Male,Loyal Customer,52,Business Travel,Business,1589,1,1,1,1,3,4,5,3,3,3,3,3,5,2.77,0,0,TRUE
Female,Loyal Customer,29,Business Travel,Business,3416,5,5,2,5,4,4,4,4,4,2,3,5,4,3.92,0,0,TRUE
Male,Disloyal Customer,21,Business Travel,Business,236,5,3,4,1,2,4,2,2,5,5,2,4,2,3.15,0,0,TRUE
Male,Loyal Customer,9,Personal Travel,Eco,1315,2,5,2,4,1,2,1,1,5,2,3,3,1,2.46,0,0,FALSE
Male,Loyal Customer,59,Business Travel,Business,3263,5,5,5,5,4,5,4,5,5,4,5,5,3,4.62,0,0,TRUE
Female,Loyal Customer,54,Business Travel,Business,1856,5,5,5,5,2,4,3,5,5,5,5,3,4,4.31,0,0,TRUE
Female,Loyal Customer,56,Business Travel,Eco,337,3,3,3,3,2,3,4,4,4,3,4,1,3,3.08,3,9,FALSE
Male,Loyal Customer,59,Personal Travel,Eco,889,4,4,4,2,1,4,1,1,5,2,4,4,1,2.85,0,0,FALSE
Female,Disloyal Customer,36,Business Travel,Eco,431,1,4,1,4,5,1,5,5,3,5,3,3,5,3.46,0,0,FALSE
Male,Loyal Customer,42,Business Travel,Business,2308,3,3,3,3,5,5,5,5,5,5,5,5,3,4.23,0,0,TRUE
Male,Loyal Customer,75,Business Travel,Business,119,3,4,4,4,1,4,3,3,3,3,3,2,2,3,0,0,FALSE
Female,Loyal Customer,50,Business Travel,Business,3098,4,4,4,4,4,4,4,3,3,4,3,4,5,3.85,0,0,TRUE
Male,Loyal Customer,20,Personal Travel,Eco,696,3,4,3,3,5,3,5,5,3,5,4,3,5,3.92,0,0,FALSE
Female,Loyal Customer,18,Personal Travel,Eco,1012,2,4,1,3,3,1,3,3,3,5,4,1,3,2.77,0,4,FALSE
Female,Loyal Customer,28,Business Travel,Business,594,2,2,2,2,4,4,4,4,5,3,4,5,4,3.46,0,0,TRUE
Male,Disloyal Customer,27,Business Travel,Business,997,4,5,5,3,3,5,3,3,5,3,5,3,3,3.85,0,0,TRUE
Female,Loyal Customer,45,Business Travel,Business,640,3,3,3,3,5,5,5,3,3,3,3,5,5,3.77,65,59,TRUE
Female,Loyal Customer,38,Business Travel,Business,3436,1,1,1,1,2,4,5,3,3,4,3,5,4,2.85,4,20,TRUE
Male,Disloyal Customer,32,Business Travel,Business,517,4,3,3,5,2,3,5,2,3,2,4,3,2,3.15,0,7,FALSE
Male,Loyal Customer,32,Personal Travel,Eco,507,1,5,5,5,4,5,4,4,4,3,4,4,4,4,11,4,FALSE
Male,Loyal Customer,55,Personal Travel,Eco Plus,861,3,5,2,4,3,2,3,3,4,4,4,5,3,3.46,2,11,FALSE
Male,Loyal Customer,29,Personal Travel,Eco,731,2,2,2,3,4,2,1,4,1,3,3,4,4,2.69,0,0,FALSE
Male,Loyal Customer,41,Business Travel,Eco,996,5,4,2,4,5,5,5,5,4,2,1,5,5,4,80,62,TRUE
Female,Loyal Customer,66,Business Travel,Eco,991,2,1,4,1,4,3,3,2,2,2,2,1,4,2.38,0,7,FALSE
Female,Loyal Customer,63,Business Travel,Business,101,2,4,4,4,3,3,3,4,4,4,2,3,4,3.38,0,0,FALSE
Female,Loyal Customer,38,Business Travel,Eco,436,1,3,3,3,1,1,1,1,3,4,4,1,1,2.08,0,19,FALSE
Female,Loyal Customer,47,Business Travel,Business,1056,4,4,4,4,3,5,5,4,4,4,4,4,4,4.08,45,49,TRUE
Male,Loyal Customer,24,Business Travel,Business,1886,5,5,5,5,3,4,3,3,5,2,4,3,3,3.85,76,73,TRUE
Female,Disloyal Customer,23,Business Travel,Eco,2367,3,3,3,3,3,3,3,3,2,4,4,4,3,3.15,1,13,FALSE
Female,Loyal Customer,42,Personal Travel,Eco,1449,2,1,2,4,3,3,4,4,4,2,4,2,2,2.85,0,1,FALSE
Female,Disloyal Customer,29,Business Travel,Business,1041,1,1,1,5,3,1,3,3,3,3,5,5,3,2.85,16,2,FALSE
Female,Loyal Customer,55,Business Travel,Business,446,3,3,3,3,5,5,5,5,5,5,5,5,5,4.38,0,0,TRUE
Female,Loyal Customer,35,Business Travel,Business,3191,2,2,2,2,2,5,1,5,5,5,5,5,5,3.54,0,0,TRUE
Female,Disloyal Customer,44,Business Travel,Eco,472,3,4,4,3,1,4,1,1,1,1,2,3,1,2.23,0,0,FALSE
Male,Loyal Customer,32,Business Travel,Eco,558,5,2,2,2,5,5,5,5,4,5,4,1,5,3.85,0,0,TRUE
Male,Loyal Customer,22,Business Travel,Business,1577,1,1,5,1,4,4,4,4,5,3,5,4,4,3.46,10,4,TRUE
Female,Loyal Customer,63,Business Travel,Eco Plus,147,4,1,1,1,4,4,2,4,4,4,4,1,4,2.92,0,0,TRUE
Male,Disloyal Customer,39,Business Travel,Business,2521,3,3,3,4,2,3,2,2,3,3,4,4,2,2.92,3,0,FALSE
Male,Loyal Customer,60,Business Travel,Business,4243,3,3,3,3,5,5,5,3,5,3,5,5,5,4.08,18,23,TRUE
Female,Loyal Customer,55,Business Travel,Eco,1050,5,1,3,1,5,2,2,5,5,5,5,3,3,3.46,0,0,TRUE
Female,Loyal Customer,38,Business Travel,Business,859,5,5,5,5,2,4,5,5,5,4,5,5,3,4.46,0,0,TRUE
Female,Loyal Customer,44,Business Travel,Business,2573,3,3,5,3,5,5,4,4,4,4,4,3,4,3.92,11,5,TRUE
Male,Loyal Customer,56,Business Travel,Business,308,1,1,1,1,2,5,5,5,5,4,5,3,5,3.31,0,1,TRUE
Male,Loyal Customer,60,Business Travel,Eco,177,2,3,3,3,3,2,3,3,2,5,2,1,3,2.69,49,55,FALSE
Female,Loyal Customer,40,Personal Travel,Eco Plus,669,3,5,3,1,4,3,4,4,4,5,5,5,4,3.85,0,0,FALSE
Male,Loyal Customer,24,Business Travel,Business,1714,1,1,1,1,5,5,5,5,4,2,5,3,5,3.31,7,10,TRUE
Female,Loyal Customer,43,Business Travel,Business,1535,5,3,5,5,4,5,4,5,5,5,5,4,5,4.62,3,0,TRUE
Male,Loyal Customer,56,Business Travel,Business,1121,3,3,3,3,4,5,5,4,4,4,4,5,4,3.92,0,0,TRUE
Female,Disloyal Customer,21,Business Travel,Eco,1246,4,4,4,3,3,4,2,3,4,5,5,5,3,3.77,106,,TRUE
Female,Loyal Customer,40,Business Travel,Eco,606,2,3,3,3,2,3,2,2,2,3,2,4,2,2.54,54,38,FALSE
Female,Disloyal Customer,24,Business Travel,Business,737,5,0,5,3,5,5,5,5,3,4,4,5,5,4.15,0,5,TRUE
Male,Loyal Customer,37,Business Travel,Business,150,3,3,3,3,5,2,2,5,5,5,5,3,2,3.54,0,0,TRUE
Female,Loyal Customer,60,Business Travel,Business,1065,2,2,2,2,3,5,4,4,4,5,4,3,3,3.31,0,0,TRUE
Female,Disloyal Customer,47,Business Travel,Eco,280,1,0,1,3,4,1,4,4,2,4,2,1,4,2.38,0,0,FALSE
Female,Loyal Customer,9,Personal Travel,Eco,2704,2,5,2,2,4,2,4,4,4,3,5,4,4,3.46,0,3,FALSE
Male,Loyal Customer,27,Business Travel,Business,1129,2,1,2,2,5,4,5,5,4,4,5,5,5,3.77,29,31,TRUE
Female,Loyal Customer,57,Business Travel,Business,216,2,4,4,4,4,4,3,1,1,1,2,3,1,2.62,0,0,FALSE
Female,Loyal Customer,20,Personal Travel,Eco,213,1,1,1,4,3,1,5,3,4,5,4,2,3,2.85,101,105,FALSE
Female,Loyal Customer,50,Business Travel,Business,451,4,4,4,4,3,1,3,5,5,5,5,2,1,3.54,0,0,TRUE
Female,Loyal Customer,59,Business Travel,Business,3203,5,5,5,5,4,5,5,2,2,2,2,4,3,3.77,7,20,TRUE
Male,Loyal Customer,63,Business Travel,Business,588,3,1,2,1,2,1,1,3,3,3,3,4,3,2.31,12,6,FALSE
Male,Disloyal Customer,35,Business Travel,Business,231,3,3,3,4,3,2,2,1,3,3,3,2,2,2.62,156,156,FALSE
Female,Loyal Customer,59,Business Travel,Business,495,1,1,1,1,5,5,5,4,4,4,4,4,5,3.38,9,0,TRUE
Female,Disloyal Customer,17,Business Travel,Eco,1446,3,3,3,2,4,3,4,4,5,4,4,3,4,3.54,0,19,FALSE
Male,Loyal Customer,36,Business Travel,Business,2137,3,3,3,3,4,1,3,5,5,5,5,5,2,3.62,0,0,TRUE
Male,Loyal Customer,64,Business Travel,Eco Plus,247,2,4,4,4,2,2,2,2,1,5,3,2,2,2.69,2,12,FALSE
Male,Loyal Customer,40,Business Travel,Business,3306,3,3,3,3,5,4,4,4,4,4,4,3,3,3.62,22,49,TRUE
Male,Loyal Customer,68,Personal Travel,Eco,589,3,5,3,3,4,3,4,4,5,4,5,5,4,4,0,22,FALSE
Male,Disloyal Customer,36,Business Travel,Business,109,1,1,1,4,5,1,5,5,4,3,3,3,5,3.15,18,8,FALSE
Male,Loyal Customer,25,Business Travel,Business,1440,5,5,5,5,4,4,4,4,4,5,4,4,4,4.38,0,0,TRUE
Male,Loyal Customer,71,Business Travel,Business,3055,1,2,2,2,1,3,4,1,1,2,1,2,4,2,95,108,FALSE
Female,Loyal Customer,41,Business Travel,Business,1547,4,4,4,4,3,4,4,5,5,5,5,3,3,4.08,0,3,TRUE
Male,Loyal Customer,10,Personal Travel,Eco,442,2,5,2,3,2,2,3,2,4,3,5,2,2,2.85,72,80,FALSE
Female,Loyal Customer,40,Business Travel,Business,851,5,5,5,5,1,5,4,4,4,4,4,4,1,3.92,18,36,TRUE
Female,Loyal Customer,56,Personal Travel,Eco Plus,113,2,5,2,3,2,3,1,3,3,2,3,1,4,2.62,0,0,FALSE
Female,Disloyal Customer,23,Business Travel,Eco,387,3,2,3,3,2,3,2,2,2,1,4,2,2,2.38,0,0,FALSE
Female,Loyal Customer,27,Personal Travel,Eco Plus,319,2,4,2,4,4,2,4,4,2,3,4,3,4,3.23,7,0,FALSE
Female,Loyal Customer,36,Business Travel,Business,302,1,1,1,1,3,4,4,5,5,5,5,3,5,3.31,0,0,TRUE
Male,Loyal Customer,54,Business Travel,Business,1670,5,5,2,5,3,4,5,4,4,4,4,5,4,4.15,0,0,TRUE
Female,Disloyal Customer,37,Business Travel,Business,77,1,2,2,4,1,2,1,1,2,1,3,1,1,1.69,59,58,FALSE
Male,Loyal Customer,32,Business Travel,Eco,1105,0,0,0,5,2,0,2,2,2,4,5,1,2,1.92,0,0,TRUE
Male,Disloyal Customer,25,Business Travel,Business,130,5,0,5,2,5,5,5,5,3,2,5,3,5,3.85,3,0,TRUE
Male,Loyal Customer,66,Business Travel,Business,442,1,1,1,1,4,4,4,5,5,5,5,5,4,3.46,2,0,TRUE
Male,Loyal Customer,50,Business Travel,Business,2336,3,3,3,3,4,4,4,4,4,4,4,4,3,3.62,0,7,TRUE
Female,Loyal Customer,36,Personal Travel,Eco,588,5,5,5,5,2,5,2,2,3,2,5,5,2,3.69,0,0,TRUE
Male,Loyal Customer,41,Business Travel,Business,3237,4,4,4,4,5,4,5,5,5,5,5,5,5,4.62,0,0,TRUE
Female,Loyal Customer,29,Business Travel,Business,2586,1,1,1,1,5,5,5,4,2,4,4,5,5,3.31,16,5,TRUE
Male,Loyal Customer,12,Business Travel,Business,1532,3,3,3,3,3,3,3,3,4,5,4,1,3,3.15,0,0,FALSE
Male,Loyal Customer,67,Personal Travel,Eco,1130,2,4,2,5,3,2,3,3,5,4,4,5,3,3.46,39,36,FALSE
Female,Disloyal Customer,25,Business Travel,Eco,946,1,2,2,4,3,2,3,3,2,4,3,1,3,2.54,63,83,FALSE
Female,Loyal Customer,58,Business Travel,Business,1620,2,2,2,2,2,5,5,5,5,5,5,3,4,3.62,0,0,TRUE
Female,Loyal Customer,10,Business Travel,Business,3036,5,5,5,5,5,5,5,5,2,4,5,4,5,4.62,0,0,TRUE
Female,Loyal Customer,18,Business Travel,Eco,550,5,5,5,5,5,5,5,5,3,1,4,2,5,4.23,0,0,TRUE
Male,Loyal Customer,69,Personal Travel,Eco,3801,1,5,1,1,1,4,4,3,4,3,5,4,4,3.08,15,0,FALSE
Female,Loyal Customer,45,Business Travel,Business,765,2,4,3,4,2,4,4,2,2,2,2,3,3,2.85,0,17,FALSE
Male,Loyal Customer,9,Business Travel,Business,604,2,1,2,2,1,2,1,1,3,2,4,4,1,2,0,1,TRUE
Male,Loyal Customer,31,Personal Travel,Eco,300,2,4,4,2,1,4,1,1,3,3,4,4,1,2.62,78,68,FALSE
Female,Loyal Customer,31,Business Travel,Eco,577,1,3,2,2,1,1,1,1,1,4,3,3,1,1.85,0,0,FALSE
Female,Loyal Customer,41,Business Travel,Eco,627,2,3,5,5,2,2,2,2,2,1,4,1,2,2.54,0,0,FALSE
Male,Loyal Customer,58,Business Travel,Business,677,1,1,1,1,4,3,3,1,1,2,1,1,3,1.77,78,81,FALSE
Female,Loyal Customer,36,Personal Travel,Eco,2588,1,5,2,4,2,2,2,2,5,4,3,5,2,3,0,0,FALSE
Female,Loyal Customer,32,Personal Travel,Eco,1158,3,3,3,3,4,3,4,4,1,5,2,4,4,3.31,0,15,FALSE
Female,Loyal Customer,25,Personal Travel,Eco,1010,3,3,3,3,1,3,1,1,1,5,5,1,1,2.38,0,22,FALSE
Female,Loyal Customer,53,Business Travel,Business,1677,5,5,5,5,2,4,5,5,5,5,5,4,3,4.46,32,17,TRUE
Female,Disloyal Customer,40,Business Travel,Business,2300,5,5,5,4,5,5,5,5,3,5,3,5,5,4.62,0,0,TRUE
Male,Disloyal Customer,17,Business Travel,Eco,229,3,3,3,3,5,3,5,5,4,3,4,1,5,3.62,0,0,FALSE
Male,Loyal Customer,39,Business Travel,Eco Plus,1044,1,1,1,1,1,2,1,1,3,4,3,2,1,1.69,0,13,FALSE
Female,Loyal Customer,63,Personal Travel,Eco,563,2,2,1,4,2,3,3,2,2,1,2,2,1,2.08,46,66,FALSE
Male,Loyal Customer,25,Personal Travel,Eco Plus,731,4,1,4,3,2,4,2,2,1,1,3,1,2,2.31,5,0,TRUE
Male,Loyal Customer,53,Business Travel,Business,3289,5,5,5,5,5,3,5,5,5,5,5,4,1,4.46,2,0,TRUE
Male,Loyal Customer,66,Business Travel,Eco,332,4,3,3,3,4,4,4,4,4,3,3,5,4,3.69,0,0,TRUE
Male,Disloyal Customer,29,Business Travel,Business,528,1,1,1,5,3,1,3,3,5,3,5,5,3,3,29,11,FALSE
Female,Loyal Customer,56,Business Travel,Business,3746,1,1,1,1,5,4,5,4,4,4,4,5,5,3.38,15,13,TRUE
Female,Loyal Customer,18,Personal Travel,Eco Plus,365,3,4,3,3,5,3,5,5,3,4,4,5,5,4,0,0,FALSE
Female,Loyal Customer,8,Personal Travel,Eco,431,2,5,2,5,2,2,2,2,4,4,5,4,2,3.15,0,0,FALSE
Female,Disloyal Customer,50,Personal Travel,Eco,547,2,3,2,3,2,2,1,2,2,2,4,5,2,2.46,2,0,FALSE
Female,Loyal Customer,30,Personal Travel,Eco,594,5,3,5,2,2,5,2,2,2,5,1,3,2,3,0,0,TRUE
Female,Loyal Customer,30,Personal Travel,Eco,192,3,4,3,5,4,3,4,4,5,3,5,4,4,3.92,30,20,FALSE
Male,Loyal Customer,51,Business Travel,Business,1999,4,3,3,3,1,4,3,4,4,4,4,2,4,3.31,15,11,FALSE
Male,Loyal Customer,32,Business Travel,Eco,265,2,3,1,3,2,2,2,2,1,2,4,4,2,2.31,2,0,FALSE
Male,Loyal Customer,41,Business Travel,Business,2608,2,2,2,2,3,5,4,5,5,5,5,5,4,3.77,7,0,TRUE
Female,Loyal Customer,59,Personal Travel,Eco,2125,4,2,4,2,2,2,1,5,5,4,5,4,4,3.38,7,0,FALSE
Female,Loyal Customer,60,Business Travel,Eco,308,4,1,1,1,2,5,4,4,4,4,4,1,3,2.92,0,21,TRUE
Male,Loyal Customer,61,Personal Travel,Eco,331,4,4,4,5,4,4,4,4,3,4,4,5,4,4.08,18,8,FALSE
Female,Loyal Customer,66,Business Travel,Business,280,3,3,3,3,1,2,5,4,4,4,4,5,4,3.46,0,0,TRUE
Male,Loyal Customer,26,Business Travel,Business,1096,2,2,2,2,3,3,3,3,5,2,5,4,3,3,0,32,TRUE
Female,Loyal Customer,57,Personal Travel,Eco,331,2,2,2,3,1,4,4,2,2,2,2,2,4,2.46,0,0,FALSE
Male,Loyal Customer,39,Business Travel,Business,1222,4,4,4,4,2,4,4,5,5,5,5,3,3,4,7,1,TRUE
Male,Disloyal Customer,36,Business Travel,Business,266,2,2,2,3,4,2,4,4,4,3,2,4,4,3.08,0,0,FALSE
Female,Loyal Customer,18,Personal Travel,Eco,1747,2,4,2,3,1,2,1,1,4,5,4,3,1,2.54,0,0,FALSE
Female,Loyal Customer,16,Personal Travel,Eco,1670,2,4,2,4,2,2,2,2,3,2,4,1,2,2.46,0,0,FALSE
Male,Loyal Customer,32,Personal Travel,Eco,1134,2,5,3,1,3,3,3,3,5,5,4,4,3,3.38,47,57,FALSE
Male,Loyal Customer,65,Personal Travel,Eco,305,2,4,2,3,2,2,2,4,5,4,5,2,2,3,171,156,FALSE
Female,Loyal Customer,40,Business Travel,Business,2795,4,4,4,4,2,4,5,5,5,5,5,3,4,4.15,6,6,TRUE
Male,Loyal Customer,47,Personal Travel,Eco,604,3,1,3,4,3,1,1,1,5,4,3,1,1,2.38,113,141,FALSE
Male,Loyal Customer,42,Business Travel,Business,3181,5,5,5,5,3,2,3,4,4,4,4,5,5,4.15,4,4,TRUE
Male,Loyal Customer,42,Personal Travel,Eco,802,3,2,3,3,2,3,2,2,2,3,4,4,2,2.69,1,7,FALSE
Female,Loyal Customer,50,Business Travel,Eco Plus,462,2,3,5,5,4,2,3,2,2,2,2,1,5,2.92,15,13,TRUE
Female,Disloyal Customer,28,Business Travel,Eco,1253,1,0,0,3,1,1,1,1,3,4,4,2,1,1.69,0,0,FALSE
Male,Disloyal Customer,48,Business Travel,Business,325,3,4,4,4,1,3,1,1,5,4,4,4,1,3,2,0,TRUE
Male,Loyal Customer,16,Personal Travel,Eco,1062,2,5,2,4,2,1,1,3,5,4,4,1,1,2.69,259,261,FALSE
Male,Disloyal Customer,28,Business Travel,Business,1460,3,3,3,1,2,3,2,2,3,2,5,5,2,2.77,1,1,FALSE
Male,Loyal Customer,54,Business Travel,Business,270,0,1,1,4,3,4,4,4,4,4,4,4,4,3.15,44,26,TRUE
Female,Loyal Customer,66,Personal Travel,Eco,1199,2,4,2,5,3,4,1,2,2,2,2,1,3,2.54,13,21,FALSE
Female,Loyal Customer,22,Personal Travel,Eco,616,2,2,2,3,2,2,2,2,4,3,3,2,2,2.38,16,15,FALSE
Female,Loyal Customer,59,Business Travel,Business,2605,3,3,3,3,3,4,4,2,2,2,2,3,5,3,0,0,TRUE
Female,Disloyal Customer,21,Business Travel,Eco,2602,3,3,3,3,3,3,3,2,5,3,2,3,3,3,54,54,FALSE
Female,Disloyal Customer,21,Business Travel,Eco,599,3,1,3,4,5,3,5,5,2,5,3,1,5,3.46,0,0,FALSE
Male,Disloyal Customer,45,Business Travel,Business,1096,4,4,4,2,3,4,3,3,5,2,4,5,3,3.54,18,15,TRUE
Female,Loyal Customer,51,Personal Travel,Eco,192,2,4,2,3,3,5,5,3,3,2,3,5,4,3.38,0,0,FALSE
Female,Loyal Customer,14,Personal Travel,Eco,1590,3,4,3,3,3,3,3,3,4,4,4,4,3,3.38,0,0,FALSE
Female,Loyal Customer,70,Personal Travel,Eco Plus,965,4,5,4,4,5,4,5,2,2,4,2,5,4,3.85,0,2,FALSE
Female,Loyal Customer,68,Personal Travel,Eco Plus,689,1,3,1,4,3,1,5,3,3,1,3,3,2,2.54,7,0,FALSE
Male,Loyal Customer,57,Business Travel,Business,337,2,2,5,2,5,4,4,4,4,4,4,4,3,3.62,0,0,TRUE
Female,Disloyal Customer,8,Business Travel,Eco,1140,2,2,2,3,4,2,4,4,3,4,3,3,4,3.08,0,0,FALSE
Female,Disloyal Customer,40,Business Travel,Business,588,2,2,2,4,5,2,5,5,2,2,4,2,5,3.23,0,0,FALSE
Male,Loyal Customer,25,Personal Travel,Eco,323,3,1,3,4,4,3,4,4,1,1,4,4,4,3.08,72,78,FALSE
Female,Loyal Customer,50,Business Travel,Business,592,4,4,2,4,4,4,5,4,4,4,4,3,5,3.92,0,0,TRUE
Male,Disloyal Customer,22,Business Travel,Eco,113,1,1,1,4,3,1,3,3,4,1,3,3,3,2.38,52,59,FALSE
Female,Loyal Customer,26,Personal Travel,Eco,130,2,5,0,2,5,0,5,5,5,3,5,5,5,3.62,1,3,FALSE
Female,Disloyal Customer,16,Business Travel,Eco,843,4,4,4,2,5,4,5,5,4,2,3,2,5,3.77,0,2,TRUE
Male,Loyal Customer,54,Personal Travel,Eco,191,1,4,1,4,3,1,3,3,4,2,4,5,3,2.92,0,0,FALSE
Male,Loyal Customer,48,Business Travel,Business,2767,5,5,5,5,3,5,4,4,4,4,4,4,3,4.23,28,15,TRUE
Male,Disloyal Customer,40,Business Travel,Business,442,1,1,1,3,2,1,2,2,3,3,5,5,2,2.38,4,0,FALSE
Female,Loyal Customer,50,Business Travel,Eco,692,2,4,4,4,4,4,4,2,2,2,2,2,2,2.92,0,9,FALSE
Male,Loyal Customer,59,Personal Travel,Eco,1400,3,1,3,2,1,3,1,1,2,1,2,2,1,1.77,0,0,FALSE
Male,Disloyal Customer,23,Business Travel,Eco,419,4,0,4,3,2,4,2,2,1,1,3,4,2,2.46,70,55,TRUE
Male,Disloyal Customer,24,Business Travel,Eco,748,0,0,0,5,1,0,1,1,3,4,2,4,1,1.69,6,4,TRUE
Female,Disloyal Customer,36,Business Travel,Eco,479,4,3,4,4,3,4,3,3,3,1,3,4,3,3.23,0,0,FALSE
Female,Loyal Customer,44,Business Travel,Business,598,3,3,3,3,5,4,2,3,3,4,3,1,1,2.92,0,4,TRUE
Female,Loyal Customer,58,Personal Travel,Eco,134,0,0,0,3,3,3,3,3,3,0,1,2,5,2,47,48,TRUE
Female,Loyal Customer,55,Business Travel,Business,3903,5,5,5,5,2,5,4,5,5,5,5,5,3,4.54,15,51,TRUE
Female,Loyal Customer,59,Business Travel,Business,2556,2,2,2,2,4,4,4,5,4,4,4,4,4,3.46,5,0,TRUE
Female,Loyal Customer,57,Business Travel,Eco,304,2,2,2,2,5,4,4,2,2,2,2,2,1,2.46,0,68,FALSE
Male,Loyal Customer,50,Personal Travel,Eco,590,3,3,4,3,5,4,3,5,2,4,1,3,5,3.46,24,21,FALSE
Female,Loyal Customer,54,Business Travel,Business,853,4,4,4,4,4,4,4,4,5,4,4,4,4,4.08,383,358,TRUE
Female,Loyal Customer,40,Personal Travel,Eco,1723,1,5,1,1,3,1,3,3,3,5,5,3,3,2.85,0,0,FALSE
Female,Loyal Customer,40,Business Travel,Eco Plus,826,4,3,3,3,4,4,4,4,3,5,3,3,4,3.62,8,8,FALSE
Male,Loyal Customer,40,Personal Travel,Eco,1449,1,1,0,2,0,4,4,3,4,3,2,4,4,2.46,205,210,FALSE
Female,Loyal Customer,27,Business Travel,Business,1513,2,1,1,1,2,2,2,2,2,1,2,2,2,1.69,0,0,FALSE
Male,Loyal Customer,48,Business Travel,Eco,106,5,5,1,1,5,5,5,5,3,2,5,4,5,3.92,0,3,TRUE
Male,Disloyal Customer,11,Business Travel,Business,1119,3,3,3,4,4,3,3,4,2,3,3,4,4,3.31,3,23,FALSE
Female,Loyal Customer,29,Business Travel,Business,1522,3,3,3,3,5,5,5,5,5,5,4,4,5,4.23,0,12,TRUE
Male,Loyal Customer,67,Personal Travel,Eco,433,3,4,3,1,4,3,4,4,5,4,5,3,4,3.62,17,26,FALSE
Female,Loyal Customer,56,Business Travel,Business,534,2,3,2,2,3,5,4,3,3,3,3,5,5,3.31,0,0,TRUE
Male,Loyal Customer,12,Personal Travel,Eco,632,5,3,5,3,1,5,1,1,4,4,3,2,1,2.92,31,37,TRUE
Male,Loyal Customer,25,Business Travel,Business,1325,3,5,5,5,3,3,3,3,1,2,4,4,3,3.38,0,52,FALSE
Female,Loyal Customer,31,Business Travel,Eco,143,5,3,3,3,5,5,5,5,5,3,5,1,5,4.08,0,0,TRUE
Male,Disloyal Customer,38,Business Travel,Business,281,5,5,5,1,5,5,5,5,3,2,4,4,5,4.15,0,5,TRUE
Female,Disloyal Customer,21,Business Travel,Business,1874,4,0,4,1,1,4,1,1,5,3,3,3,1,2.38,2,0,TRUE
Male,Loyal Customer,66,Business Travel,Eco,389,4,3,3,3,4,4,4,4,5,3,2,4,4,3.62,0,0,TRUE
Male,Loyal Customer,55,Personal Travel,Eco,1107,1,4,1,3,4,1,4,4,3,2,4,5,4,3.08,2,0,FALSE
Female,Loyal Customer,45,Personal Travel,Eco,436,0,5,0,2,4,5,5,4,4,0,4,5,4,3.23,0,9,TRUE
Male,Loyal Customer,54,Personal Travel,Eco Plus,369,2,3,2,3,2,2,2,2,2,5,4,4,2,2.69,6,8,FALSE
Male,Disloyal Customer,23,Business Travel,Business,134,5,0,5,1,5,5,5,5,4,4,5,4,5,4.08,0,0,TRUE
Female,Loyal Customer,13,Personal Travel,Eco,2454,2,3,2,3,2,1,1,4,2,3,4,1,1,2.23,4,1,FALSE
Female,Loyal Customer,43,Business Travel,Business,102,3,3,3,3,2,2,3,4,4,4,3,5,3,3.23,0,0,TRUE
Female,Disloyal Customer,26,Business Travel,Eco,761,2,2,2,3,1,2,1,1,2,5,4,4,1,2.31,0,0,FALSE
Male,Loyal Customer,28,Business Travel,Eco,937,5,1,1,1,5,5,5,5,3,1,2,4,5,3.31,9,5,TRUE
Female,Disloyal Customer,41,Business Travel,Eco,1482,5,5,5,4,2,5,2,2,4,2,2,3,2,3.31,0,0,TRUE
Male,Loyal Customer,37,Business Travel,Eco,333,5,4,4,4,5,5,5,5,5,2,4,2,5,4.23,27,16,TRUE
Female,Loyal Customer,34,Business Travel,Business,580,3,3,3,3,2,5,4,5,5,5,5,3,3,3.77,0,0,TRUE
Male,Disloyal Customer,36,Business Travel,Eco,201,3,4,3,3,2,3,2,2,4,4,5,1,2,2.92,8,2,FALSE
Female,Loyal Customer,24,Personal Travel,Eco,907,2,5,2,1,2,2,2,2,5,3,5,3,2,2.77,0,0,FALSE
Female,Loyal Customer,44,Business Travel,Eco Plus,1990,3,2,2,2,4,3,4,3,3,3,3,4,4,3.08,2,10,FALSE
Male,Loyal Customer,57,Business Travel,Business,1167,3,3,3,3,4,4,4,5,5,5,5,5,3,4,0,0,TRUE
Male,Loyal Customer,43,Business Travel,Business,3009,1,1,1,1,5,5,5,4,4,4,4,5,3,3.31,55,54,TRUE
Female,Loyal Customer,22,Personal Travel,Eco,607,2,5,3,3,4,3,4,4,5,3,5,5,4,3.85,0,0,FALSE
Female,Loyal Customer,68,Personal Travel,Eco,2384,2,4,2,1,5,4,4,1,1,2,1,5,3,2.69,0,0,FALSE
Female,Loyal Customer,53,Business Travel,Business,1898,4,4,4,4,2,5,4,5,5,5,5,4,3,4.15,23,8,TRUE
Female,Disloyal Customer,32,Business Travel,Eco,399,2,0,2,5,3,2,3,3,3,5,2,5,3,2.92,0,0,FALSE
Female,Disloyal Customer,21,Business Travel,Business,189,5,0,4,2,5,4,5,5,5,2,4,4,5,3.85,0,0,TRUE
Female,Loyal Customer,31,Personal Travel,Eco,196,1,5,0,4,2,0,2,2,3,5,4,5,2,2.69,0,0,FALSE
Male,Loyal Customer,19,Business Travel,Business,1984,5,5,5,5,3,3,3,3,4,2,2,5,3,3.69,27,33,TRUE
Male,Loyal Customer,22,Personal Travel,Eco,303,4,5,4,2,4,4,5,4,5,3,4,5,4,4.08,0,0,TRUE
Male,Disloyal Customer,45,Business Travel,Business,697,5,5,5,3,4,5,4,4,5,4,5,4,4,4.38,0,0,TRUE
Female,Loyal Customer,32,Personal Travel,Eco,481,2,5,2,3,2,2,2,2,2,3,1,2,2,2.31,0,0,FALSE
Male,Loyal Customer,50,Personal Travel,Eco,106,2,4,0,5,2,0,2,2,3,2,4,4,2,2.46,0,0,FALSE
Female,Disloyal Customer,20,Business Travel,Eco,836,3,3,3,1,5,3,4,5,2,1,2,2,5,3,0,0,FALSE
Female,Loyal Customer,8,Personal Travel,Eco,1956,4,4,4,2,5,4,5,5,4,3,5,3,5,4.08,36,38,FALSE
Female,Disloyal Customer,35,Business Travel,Eco Plus,1121,3,3,3,4,3,3,3,3,2,2,3,1,3,2.77,0,0,FALSE
Female,Loyal Customer,49,Business Travel,Business,2771,1,1,1,1,3,3,1,4,4,4,4,3,3,2.54,0,0,TRUE
Male,Loyal Customer,44,Business Travel,Business,1754,5,5,5,5,3,5,4,5,5,5,5,5,5,4.77,0,0,TRUE
Female,Loyal Customer,31,Personal Travel,Eco,2454,2,5,2,5,2,2,2,2,3,4,5,4,2,3.08,6,0,FALSE
Female,Loyal Customer,65,Personal Travel,Business,257,2,3,2,3,1,1,2,5,5,2,3,3,5,2.85,0,0,FALSE
Male,Loyal Customer,39,Business Travel,Business,2303,5,5,5,5,2,4,5,5,5,5,5,3,3,4.38,0,0,TRUE
Female,Loyal Customer,55,Business Travel,Business,643,1,1,1,1,4,4,5,4,4,4,4,3,4,3.08,72,59,TRUE
Female,Loyal Customer,48,Business Travel,Business,239,5,5,5,5,2,4,5,4,4,4,4,4,4,4.23,12,4,TRUE
Female,Loyal Customer,14,Personal Travel,Eco Plus,337,1,4,1,3,4,1,4,4,3,3,5,4,4,3.15,0,0,FALSE
Female,Loyal Customer,44,Business Travel,Business,89,3,3,3,3,2,5,5,4,4,5,5,5,5,4,0,0,TRUE
Male,Loyal Customer,48,Business Travel,Business,1609,3,3,3,3,2,5,5,5,5,5,5,3,4,3.92,0,10,TRUE
Female,Loyal Customer,36,Personal Travel,Eco Plus,481,4,3,4,5,5,4,5,5,2,4,5,1,5,4,0,0,FALSE
Male,Disloyal Customer,16,Business Travel,Eco,444,5,3,5,3,1,5,1,1,2,4,3,1,1,2.69,0,0,TRUE
Female,Disloyal Customer,40,Business Travel,Business,731,4,4,4,2,3,4,3,3,5,4,5,5,3,3.77,0,0,TRUE
Male,Loyal Customer,24,Business Travel,Eco Plus,1448,4,5,5,5,4,4,5,4,3,2,3,1,4,3.77,1,0,TRUE
Female,Disloyal Customer,28,Business Travel,Eco,604,1,2,1,4,1,3,3,1,5,3,4,3,3,2.62,135,157,FALSE
Female,Loyal Customer,19,Personal Travel,Eco,925,3,4,4,4,1,4,1,1,5,5,4,4,1,3.15,4,0,FALSE
Male,Loyal Customer,49,Personal Travel,Eco,259,3,4,3,5,5,3,5,5,2,5,5,1,5,3.92,3,12,FALSE
Female,Disloyal Customer,49,Business Travel,Business,675,4,4,4,3,1,4,1,1,4,5,5,3,1,3.08,0,0,TRUE
Female,Loyal Customer,25,Business Travel,Business,447,4,5,2,2,4,4,4,4,1,1,3,1,4,3,0,0,FALSE
Female,Disloyal Customer,25,Business Travel,Business,4243,1,4,1,4,1,2,3,3,2,3,5,3,3,2.69,0,1,FALSE
Male,Loyal Customer,27,Business Travel,Business,1050,2,5,2,5,2,2,2,2,1,3,3,4,2,2.69,0,3,FALSE
Female,Loyal Customer,22,Personal Travel,Eco,867,2,3,2,3,3,2,3,3,1,3,3,2,3,2.54,0,0,FALSE
Male,Loyal Customer,72,Business Travel,Business,1124,5,4,4,4,3,2,3,5,5,4,5,1,4,3.77,24,11,FALSE
Female,Loyal Customer,52,Business Travel,Business,318,0,0,0,3,4,2,4,1,1,1,1,1,4,1.69,0,0,TRUE
Male,Loyal Customer,39,Personal Travel,Eco,628,2,5,2,3,1,2,1,1,3,4,5,5,1,2.69,0,0,FALSE
Male,Loyal Customer,32,Personal Travel,Eco,265,2,4,2,4,5,2,5,5,2,1,4,2,5,3.31,42,35,FALSE
Female,Loyal Customer,53,Business Travel,Eco,351,4,2,2,2,5,2,4,4,4,4,4,5,5,3.62,0,0,TRUE
Female,Loyal Customer,33,Business Travel,Business,546,3,3,3,3,2,4,5,4,4,4,4,5,4,3.69,0,0,TRUE
Male,Disloyal Customer,54,Business Travel,Business,1111,3,3,3,4,2,3,4,2,4,2,4,5,2,3.15,46,38,FALSE
Male,Disloyal Customer,36,Business Travel,Eco,73,2,2,2,4,2,2,2,2,1,5,3,2,2,2.38,18,14,FALSE
Female,Loyal Customer,49,Business Travel,Eco,308,5,1,1,1,3,1,2,5,5,5,5,4,4,3.23,0,0,TRUE
Female,Disloyal Customer,59,Business Travel,Eco,1007,2,2,2,3,5,2,4,5,1,3,3,5,5,3.23,8,8,FALSE
Male,Loyal Customer,33,Business Travel,Business,199,4,4,4,4,4,4,4,4,3,4,2,4,4,3.77,0,0,TRUE
Male,Disloyal Customer,23,Business Travel,Eco,626,5,0,5,3,3,0,3,3,4,2,4,3,3,2.92,0,0,TRUE
Male,Disloyal Customer,18,Business Travel,Eco,1378,3,4,4,2,3,3,3,3,5,4,3,3,3,3.31,0,0,FALSE
Male,Loyal Customer,66,Personal Travel,Eco,1055,4,4,4,2,4,4,4,4,3,2,4,3,4,3.54,0,0,FALSE
Female,Loyal Customer,41,Business Travel,Eco,373,4,5,5,5,4,4,4,4,1,3,3,5,4,3.92,0,0,TRUE
Female,Loyal Customer,60,Business Travel,Business,3952,0,4,0,4,2,4,4,5,5,5,5,5,4,3.62,0,0,TRUE
Male,Loyal Customer,60,Business Travel,Business,2202,2,4,5,4,4,4,3,2,2,2,2,2,2,2.92,14,16,FALSE
Female,Loyal Customer,64,Personal Travel,Eco,317,2,4,2,3,4,4,4,4,4,2,4,3,4,3.38,0,0,FALSE
Male,Loyal Customer,45,Business Travel,Business,2409,2,2,2,2,3,3,3,5,5,5,5,1,4,3.23,0,0,TRUE
Female,Loyal Customer,59,Business Travel,Business,2411,3,3,3,3,5,4,4,4,4,4,4,4,5,3.85,20,16,TRUE
Female,Loyal Customer,26,Business Travel,Business,229,5,5,5,5,4,4,4,4,4,4,5,4,4,4.38,0,0,TRUE
Female,Disloyal Customer,23,Business Travel,Eco,622,0,2,0,4,5,0,5,5,3,2,4,4,5,3,0,0,TRUE
Male,Disloyal Customer,38,Business Travel,Business,255,4,4,4,2,4,4,1,4,5,4,5,5,4,3.85,0,0,TRUE
Male,Loyal Customer,47,Personal Travel,Eco Plus,705,2,4,2,2,2,2,5,2,5,2,4,4,2,2.92,0,0,FALSE
Male,Loyal Customer,26,Personal Travel,Eco,867,5,1,5,4,3,5,4,3,1,5,4,3,3,3.54,0,0,TRUE
Female,Disloyal Customer,43,Business Travel,Eco,604,2,1,2,4,5,2,5,5,3,2,4,3,5,3.31,12,10,FALSE
Female,Loyal Customer,42,Business Travel,Business,3871,1,1,1,1,2,4,2,4,4,4,4,1,5,2.62,5,6,TRUE
Male,Loyal Customer,51,Personal Travel,Eco,748,2,4,2,3,3,2,3,3,4,4,1,4,3,2.92,34,6,FALSE
Female,Loyal Customer,40,Personal Travel,Eco,604,1,4,1,5,2,1,2,2,2,2,5,3,2,2.46,0,0,FALSE
Female,Loyal Customer,60,Business Travel,Business,1893,1,1,1,1,4,5,4,4,4,4,4,3,4,3.08,82,69,TRUE
Female,Loyal Customer,50,Business Travel,Business,1325,4,5,1,5,5,3,4,4,4,3,4,3,2,3.62,0,0,FALSE
Female,Loyal Customer,42,Business Travel,Business,2704,3,3,3,3,4,4,4,4,4,3,5,4,4,3.69,149,134,TRUE
Male,Loyal Customer,65,Personal Travel,Eco Plus,204,2,5,2,2,1,2,1,1,2,3,1,1,1,1.85,0,0,FALSE
Female,Disloyal Customer,47,Business Travel,Eco Plus,1201,3,2,2,2,4,3,4,4,2,4,4,5,4,3.31,0,0,FALSE
Male,Loyal Customer,64,Business Travel,Business,3641,1,1,1,1,5,5,5,2,2,3,2,5,5,2.92,92,90,TRUE
Female,Disloyal Customer,22,Business Travel,Eco,669,1,0,1,4,2,1,5,2,4,3,5,1,2,2.38,0,0,FALSE
Male,Loyal Customer,41,Business Travel,Eco,427,4,5,5,5,4,4,4,5,1,5,3,4,4,4.08,239,245,TRUE
Male,Loyal Customer,27,Business Travel,Business,2084,4,4,4,4,5,5,5,5,4,2,2,1,5,3.85,0,0,TRUE
Male,Loyal Customer,16,Personal Travel,Eco,102,5,4,5,4,5,5,5,5,5,4,5,5,5,4.77,4,0,TRUE
Male,Loyal Customer,44,Business Travel,Business,3015,5,5,5,5,2,4,5,4,4,4,4,3,4,4.15,0,0,TRUE
Female,Loyal Customer,58,Business Travel,Business,153,2,2,2,2,2,2,5,5,5,5,4,3,4,3.31,0,0,TRUE
Female,Loyal Customer,52,Personal Travel,Eco,588,1,4,1,2,2,5,5,3,3,1,3,4,5,3,102,87,FALSE
Female,Loyal Customer,31,Business Travel,Eco Plus,1107,5,5,5,5,5,5,5,5,2,3,1,2,5,4.08,0,0,TRUE
Male,Disloyal Customer,28,Business Travel,Business,2586,4,4,4,3,2,4,2,2,3,3,3,3,2,3,0,0,FALSE
Female,Loyal Customer,64,Personal Travel,Eco,534,3,1,2,4,2,4,4,3,3,2,3,1,2,2.62,2,0,FALSE
Male,Loyal Customer,38,Business Travel,Eco,216,2,4,4,4,2,2,2,2,2,3,3,1,2,2.54,0,0,FALSE
Male,Disloyal Customer,55,Business Travel,Business,102,1,1,1,4,3,1,3,3,5,5,4,5,3,3,0,0,FALSE
Female,Loyal Customer,56,Business Travel,Business,3957,0,0,0,2,1,2,4,3,3,3,3,2,3,2,72,86,TRUE
Male,Disloyal Customer,23,Business Travel,Eco,782,4,4,4,4,1,4,5,1,3,4,2,3,1,3.08,0,0,TRUE
Male,Loyal Customer,54,Personal Travel,Eco,1814,1,4,2,5,4,2,4,4,5,5,5,4,4,3.77,85,62,FALSE
Female,Loyal Customer,37,Personal Travel,Eco,204,4,5,4,2,1,4,1,1,2,3,1,3,1,2.46,0,0,FALSE
Female,Loyal Customer,67,Personal Travel,Eco,594,1,5,1,1,3,4,4,2,2,1,2,5,3,2.62,2,42,FALSE
Male,Loyal Customer,30,Business Travel,Business,1946,4,4,4,4,4,4,4,4,4,4,4,3,4,3.92,0,0,TRUE
Male,Loyal Customer,52,Business Travel,Eco Plus,2402,5,3,5,5,5,5,5,5,3,3,1,5,5,4.23,1,0,TRUE
Female,Disloyal Customer,26,Business Travel,Eco,1034,2,2,2,1,3,2,1,3,2,4,3,1,3,2.23,1,0,FALSE
Female,Loyal Customer,7,Business Travel,Business,3945,2,4,3,4,2,2,2,2,4,2,4,2,2,2.69,0,0,FALSE
Female,Disloyal Customer,37,Business Travel,Eco,680,2,2,2,3,4,2,4,4,2,1,4,1,4,2.69,27,10,FALSE
Male,Loyal Customer,42,Business Travel,Business,2902,4,4,4,4,4,5,4,5,5,5,5,5,3,4.38,0,0,TRUE
Female,Disloyal Customer,25,Business Travel,Eco,406,3,0,3,1,3,3,2,3,3,1,2,1,3,2.15,0,5,FALSE
Female,Loyal Customer,48,Personal Travel,Eco,1149,3,5,3,2,2,4,5,1,1,3,1,5,3,2.92,16,9,FALSE
Male,Loyal Customer,35,Business Travel,Business,1504,2,1,1,1,2,3,3,2,2,2,2,4,4,2.23,0,0,FALSE
Male,Loyal Customer,44,Business Travel,Business,2497,2,2,2,2,5,4,5,4,4,5,4,4,3,3.54,0,0,TRUE
Female,Loyal Customer,65,Personal Travel,Eco,157,2,1,2,3,4,3,2,2,2,2,2,2,2,2.23,0,7,FALSE
Male,Loyal Customer,57,Business Travel,Business,1851,2,2,2,2,5,5,4,5,5,5,5,5,4,3.92,0,0,TRUE
Female,Loyal Customer,44,Business Travel,Business,2181,4,4,5,4,2,5,5,5,5,5,5,5,4,4.46,43,23,TRUE
Male,Loyal Customer,67,Personal Travel,Eco,581,2,5,2,1,1,2,1,1,5,4,5,5,1,2.69,0,0,FALSE
Female,Loyal Customer,60,Personal Travel,Eco,760,2,5,2,2,5,4,5,4,4,2,4,4,3,3.54,61,56,FALSE
Male,Disloyal Customer,29,Business Travel,Business,2106,2,2,2,4,4,2,4,4,2,3,4,2,4,3,6,0,FALSE
Male,Loyal Customer,34,Personal Travel,Eco,1162,2,5,2,3,3,2,3,3,4,2,4,3,3,3,3,7,FALSE
Male,Loyal Customer,52,Business Travel,Business,2992,3,3,3,3,4,4,4,5,5,5,5,3,5,4,0,0,TRUE
Female,Loyal Customer,21,Business Travel,Business,1095,5,5,5,5,4,5,4,4,3,4,5,5,4,4.46,9,0,TRUE
Male,Disloyal Customer,23,Business Travel,Eco,528,1,5,1,2,2,1,2,2,2,5,2,4,2,2.38,9,6,FALSE
Male,Loyal Customer,62,Business Travel,Business,130,1,1,1,1,4,5,4,4,4,4,4,5,5,3.31,0,0,TRUE
Female,Loyal Customer,29,Business Travel,Business,992,5,5,5,5,5,5,5,5,4,2,4,4,5,4.54,4,1,TRUE
Female,Loyal Customer,69,Personal Travel,Eco,946,3,2,3,3,2,3,3,2,2,3,2,2,2,2.46,0,5,FALSE
Female,Loyal Customer,44,Business Travel,Business,2812,2,2,2,2,3,4,4,5,5,5,5,4,4,3.62,0,30,TRUE
Male,Loyal Customer,38,Business Travel,Business,562,3,3,3,3,2,1,2,3,3,2,3,2,2,2.46,44,36,FALSE
Male,Loyal Customer,51,Business Travel,Business,917,2,4,2,2,2,3,3,4,4,5,4,3,5,3.31,0,0,TRUE
Female,Loyal Customer,55,Business Travel,Eco,1747,2,4,4,4,5,2,3,2,2,2,2,4,1,2.85,112,124,FALSE
Female,Loyal Customer,57,Business Travel,Eco,432,4,2,2,2,1,2,2,4,4,4,4,3,3,2.85,0,0,TRUE
Male,Loyal Customer,18,Personal Travel,Eco,853,3,1,3,2,1,3,1,1,1,3,2,2,1,1.85,0,0,FALSE
Female,Loyal Customer,56,Business Travel,Business,2378,2,3,3,3,4,3,3,2,2,2,2,2,1,2.46,0,44,FALSE
Male,Loyal Customer,33,Business Travel,Eco,196,0,0,0,3,5,0,5,5,4,4,4,2,5,2.85,6,0,TRUE
Female,Loyal Customer,22,Personal Travel,Eco,1009,3,2,3,4,4,3,2,4,3,4,4,3,4,3.31,0,0,FALSE
Male,Disloyal Customer,21,Business Travel,Eco,268,3,1,3,2,3,3,3,3,3,1,2,3,3,2.54,0,0,FALSE
Male,Loyal Customer,35,Personal Travel,Eco Plus,2381,3,4,3,4,1,3,1,1,3,3,3,4,1,2.62,5,0,FALSE
Female,Loyal Customer,58,Personal Travel,Eco,519,5,3,5,3,3,1,3,4,4,5,4,1,1,3.23,3,0,TRUE
Female,Loyal Customer,57,Personal Travel,Eco,440,3,5,4,3,1,2,2,1,1,4,1,2,2,2.38,0,0,FALSE
Male,Loyal Customer,45,Business Travel,Business,1875,2,2,2,2,4,5,5,4,4,4,4,3,5,3.54,0,7,TRUE
Male,Loyal Customer,52,Personal Travel,Eco,1310,3,5,3,4,5,3,5,5,5,3,4,4,5,4.15,39,28,FALSE
Male,Loyal Customer,30,Personal Travel,Eco,413,4,4,4,2,4,4,4,4,4,2,4,3,4,3.62,0,0,FALSE
Male,Loyal Customer,41,Business Travel,Business,2626,3,3,3,3,5,5,5,4,4,4,4,3,3,3.77,51,42,TRUE
Male,Loyal Customer,55,Business Travel,Business,412,2,2,2,2,4,5,2,5,5,4,5,3,3,3.38,25,2,TRUE
Female,Loyal Customer,45,Business Travel,Business,325,0,0,0,1,3,4,3,3,3,3,3,1,1,1.92,13,9,TRUE
Male,Loyal Customer,40,Business Travel,Business,643,1,1,1,1,5,5,3,3,3,3,3,5,1,2.69,0,5,TRUE
Female,Loyal Customer,77,Business Travel,Business,3405,3,5,5,5,4,4,3,3,3,4,3,4,1,3.62,0,4,FALSE
Male,Loyal Customer,43,Personal Travel,Eco,944,2,4,1,2,1,1,5,1,3,4,1,5,1,2.38,0,0,FALSE
Female,Loyal Customer,63,Personal Travel,Business,282,3,4,4,2,5,5,3,1,1,4,1,5,1,3,0,0,FALSE
Male,Loyal Customer,37,Business Travel,Eco Plus,541,1,5,5,5,1,1,1,1,2,5,3,1,1,2.46,11,9,FALSE
Male,Loyal Customer,25,Business Travel,Business,700,2,2,2,2,2,2,2,2,3,5,3,1,2,2.31,71,61,FALSE
Male,Loyal Customer,64,Personal Travel,Eco,453,0,1,0,2,5,0,3,5,4,4,2,3,5,2.62,0,0,TRUE
Female,Loyal Customer,33,Business Travel,Business,2406,4,4,4,4,5,5,4,5,5,5,5,4,5,4.54,0,0,TRUE
Male,Loyal Customer,57,Business Travel,Eco Plus,216,2,5,5,5,2,2,2,2,1,4,4,1,2,2.85,1,0,FALSE
Female,Loyal Customer,13,Personal Travel,Eco,1107,4,2,3,3,5,3,4,5,2,3,3,1,5,3.31,0,0,TRUE
Male,Loyal Customer,35,Personal Travel,Eco,1121,4,4,4,3,2,4,2,2,5,4,4,5,2,3.46,40,38,FALSE
Male,Loyal Customer,13,Personal Travel,Eco,386,3,3,1,2,5,1,5,5,4,5,4,5,5,3.69,0,0,FALSE
Female,Loyal Customer,53,Business Travel,Eco,282,4,2,2,2,2,2,5,4,4,4,4,1,5,3.15,0,0,TRUE
Male,Loyal Customer,41,Business Travel,Business,2228,3,3,3,3,5,5,5,4,4,4,4,5,4,4,13,21,TRUE
Female,Loyal Customer,40,Business Travel,Eco,862,3,5,5,5,3,3,3,3,4,3,3,2,3,3.46,52,54,FALSE
Male,Disloyal Customer,10,Business Travel,Eco,515,3,0,3,1,4,3,4,4,4,2,4,4,4,3.08,0,0,FALSE
Female,Loyal Customer,59,Business Travel,Eco,785,3,2,2,2,5,3,3,3,3,3,3,4,1,2.85,3,31,FALSE
Female,Disloyal Customer,22,Business Travel,Eco,323,2,3,3,3,2,3,2,2,1,2,4,3,2,2.46,20,20,FALSE
Female,Loyal Customer,43,Business Travel,Business,2176,3,3,4,3,4,2,3,3,3,3,3,3,2,3,0,0,FALSE
Female,Loyal Customer,45,Business Travel,Business,2089,4,4,4,4,5,5,5,5,5,5,5,3,5,4.54,7,7,TRUE
Female,Loyal Customer,57,Business Travel,Business,2072,5,5,5,5,4,3,5,5,5,5,5,3,4,4.54,0,1,TRUE
Male,Disloyal Customer,26,Business Travel,Business,484,4,4,4,4,4,4,4,4,4,5,4,4,4,4.08,0,0,FALSE
Male,Loyal Customer,36,Business Travel,Eco,190,5,5,5,5,5,4,5,5,2,5,3,3,5,4.38,11,13,FALSE
Female,Loyal Customer,53,Personal Travel,Eco Plus,764,4,4,4,3,2,4,5,3,3,4,3,5,5,3.77,11,26,FALSE
Male,Loyal Customer,64,Personal Travel,Eco,1464,3,4,4,1,3,4,3,3,4,4,4,5,3,3.46,0,0,FALSE
Female,Loyal Customer,30,Business Travel,Business,366,1,2,4,4,1,1,1,1,1,1,3,2,1,1.77,0,0,FALSE
Female,Loyal Customer,26,Personal Travel,Eco,300,2,4,2,3,3,2,3,3,3,2,4,4,3,2.92,0,0,FALSE
Female,Loyal Customer,58,Business Travel,Business,1846,1,1,1,1,4,3,4,4,4,4,4,4,4,3,0,0,TRUE
Male,Loyal Customer,29,Business Travel,Business,3845,3,2,2,2,3,3,3,3,1,4,4,2,3,2.69,2,8,FALSE
Female,Loyal Customer,43,Business Travel,Business,2548,4,5,4,4,2,5,5,4,4,4,4,5,5,4.23,0,0,TRUE
Male,Loyal Customer,44,Personal Travel,Eco,1091,3,2,3,4,2,3,1,2,3,3,4,1,2,2.54,0,0,FALSE
Female,Loyal Customer,34,Business Travel,Eco,861,2,5,5,5,2,2,2,2,2,2,4,1,2,2.77,0,7,FALSE
Male,Loyal Customer,29,Business Travel,Business,1566,1,1,4,1,3,4,3,3,5,4,5,5,3,3.23,0,0,TRUE
Female,Disloyal Customer,38,Business Travel,Eco,224,1,2,0,3,3,0,2,3,3,3,3,2,3,2.15,0,2,FALSE
Female,Loyal Customer,39,Personal Travel,Eco Plus,738,4,5,4,4,5,4,5,5,4,3,4,4,5,4.31,0,5,FALSE
Female,Disloyal Customer,27,Business Travel,Business,544,2,2,2,4,3,2,3,3,1,4,4,3,3,2.77,0,0,FALSE
Female,Disloyal Customer,49,Business Travel,Business,731,2,1,1,2,1,2,1,1,3,5,5,4,1,2.23,51,40,FALSE
Female,Disloyal Customer,48,Business Travel,Business,1090,2,2,2,4,5,2,3,5,4,5,4,3,5,3.54,19,2,FALSE
Female,Loyal Customer,44,Personal Travel,Eco,802,3,5,2,4,4,5,3,4,4,2,3,4,3,3.54,2,3,FALSE
Male,Disloyal Customer,33,Business Travel,Business,214,4,4,4,4,4,4,4,4,4,2,3,4,4,3.77,39,30,FALSE
Female,Loyal Customer,36,Business Travel,Eco,376,4,5,3,5,4,4,4,4,3,2,3,1,4,3.54,73,66,TRUE
Female,Loyal Customer,11,Personal Travel,Eco,1020,2,4,2,3,5,2,5,5,2,3,4,2,5,3.38,0,31,FALSE
Male,Loyal Customer,32,Business Travel,Business,2586,3,3,3,3,5,5,5,5,4,4,3,3,5,3.92,19,19,TRUE
Male,Loyal Customer,62,Business Travel,Business,789,4,5,5,5,1,3,3,4,4,4,4,2,1,3.46,51,48,FALSE
Male,Loyal Customer,42,Business Travel,Business,3836,3,3,4,3,5,5,4,5,5,4,5,3,4,4.08,40,36,TRUE
Female,Loyal Customer,39,Business Travel,Business,3316,4,4,4,4,5,4,5,4,4,4,4,5,5,4.31,0,0,TRUE
Male,Loyal Customer,20,Personal Travel,Eco,304,1,5,1,2,2,1,2,2,5,2,5,5,2,2.69,73,60,FALSE
Female,Disloyal Customer,26,Business Travel,Business,1218,5,4,4,3,5,4,5,5,3,2,4,5,5,4.15,0,0,TRUE
Female,Loyal Customer,40,Business Travel,Business,2063,1,0,0,3,4,4,4,1,1,0,1,3,2,1.85,0,0,FALSE
Male,Loyal Customer,25,Personal Travel,Eco,594,0,5,0,3,3,0,3,3,3,4,2,1,3,2.31,0,0,TRUE
Male,Loyal Customer,39,Business Travel,Eco Plus,1074,5,4,4,4,5,5,5,5,5,4,5,3,5,4.54,0,0,TRUE
Male,Loyal Customer,45,Business Travel,Business,1937,1,1,4,1,4,5,4,4,4,4,4,4,5,3.46,1,12,TRUE
Female,Loyal Customer,12,Personal Travel,Eco,387,2,4,2,4,4,2,4,4,3,3,5,5,4,3.54,0,1,FALSE
Female,Loyal Customer,42,Personal Travel,Business,101,3,4,3,2,5,3,5,4,4,3,4,5,2,3.62,0,0,FALSE
Female,Loyal Customer,41,Business Travel,Business,1657,2,2,2,2,5,4,5,4,4,4,4,5,4,3.62,0,0,TRUE
Male,Disloyal Customer,26,Business Travel,Business,337,5,4,5,3,2,5,2,2,4,3,4,3,2,3.38,0,0,TRUE
Female,Loyal Customer,41,Business Travel,Business,1728,5,5,5,5,2,5,4,3,3,2,3,5,5,4,3,0,TRUE
Male,Loyal Customer,44,Business Travel,Business,2027,3,3,3,3,4,4,5,5,5,5,5,3,5,4.08,0,0,TRUE
Female,Loyal Customer,54,Personal Travel,Eco,861,4,4,4,3,3,4,5,5,5,4,5,3,3,4,12,54,FALSE
Female,Loyal Customer,27,Personal Travel,Eco,447,2,3,2,2,4,2,4,4,1,4,2,4,4,2.92,0,0,FALSE
Male,Loyal Customer,29,Business Travel,Business,775,2,1,1,1,2,2,2,2,3,5,3,4,2,2.31,6,16,FALSE
Female,Loyal Customer,59,Business Travel,Business,1111,1,1,1,1,5,4,5,4,4,4,4,3,4,3.15,0,0,TRUE
Female,Loyal Customer,42,Personal Travel,Eco,802,3,5,3,3,2,5,4,4,4,3,4,2,2,3.38,12,4,FALSE
Male,Loyal Customer,49,Business Travel,Eco Plus,334,4,1,1,1,4,4,4,4,1,1,4,4,4,2.85,0,0,FALSE
Male,Disloyal Customer,27,Business Travel,Eco,308,2,5,2,4,3,2,3,3,5,4,5,1,3,3.23,11,19,FALSE
Female,Loyal Customer,48,Business Travel,Business,1011,2,2,3,2,2,4,5,3,3,3,3,3,5,3.08,0,0,TRUE
Male,Loyal Customer,60,Business Travel,Business,2853,3,3,3,3,3,5,4,5,5,5,5,5,5,4.15,0,0,TRUE
Female,Loyal Customer,21,Business Travel,Business,2549,5,5,5,5,3,4,3,3,4,2,2,2,3,3.54,0,11,TRUE
Male,Loyal Customer,39,Personal Travel,Eco,1476,4,3,3,1,2,3,1,2,4,2,3,1,2,2.38,0,2,FALSE
Female,Loyal Customer,43,Business Travel,Business,3840,3,3,3,3,3,4,5,5,5,5,5,4,3,3.92,0,0,TRUE
Female,Loyal Customer,12,Personal Travel,Eco,113,4,3,4,1,2,4,2,2,1,1,1,2,2,2.23,0,0,FALSE
Male,Loyal Customer,23,Business Travel,Business,2162,3,3,3,3,4,5,4,4,3,4,5,4,4,3.77,20,16,TRUE
Male,Loyal Customer,54,Personal Travel,Eco,181,3,4,0,1,3,0,2,3,5,5,2,2,3,2.54,0,0,FALSE
Male,Loyal Customer,37,Business Travel,Business,1763,5,5,5,5,3,4,4,5,5,5,5,4,3,4.46,21,4,TRUE
Female,Loyal Customer,15,Business Travel,Business,2581,2,1,1,1,2,2,2,2,4,4,4,4,2,2.38,17,10,FALSE
Male,Loyal Customer,61,Business Travel,Eco,991,2,4,4,4,2,2,2,2,4,4,4,3,2,3,0,0,FALSE
Male,Loyal Customer,70,Personal Travel,Eco,1310,2,4,2,3,2,2,2,2,3,4,3,1,2,2.46,0,0,FALSE
Male,Loyal Customer,51,Personal Travel,Eco,214,3,0,3,1,1,3,1,1,5,4,4,5,1,2.46,0,0,FALSE
Male,Loyal Customer,41,Personal Travel,Eco,1744,2,2,3,3,2,3,2,2,3,3,3,2,2,2.46,8,2,FALSE
Male,Loyal Customer,51,Business Travel,Business,3069,5,5,5,5,3,5,5,5,5,5,5,5,5,4.85,48,79,TRUE
Male,Disloyal Customer,25,Business Travel,Eco,373,4,0,4,1,5,4,2,5,1,1,5,2,5,3,0,0,FALSE
Male,Disloyal Customer,49,Business Travel,Business,281,4,4,4,3,5,4,5,5,5,3,4,3,5,4.15,21,11,TRUE
Male,Disloyal Customer,40,Business Travel,Eco,160,4,4,4,3,5,4,5,5,2,3,2,3,5,3.77,0,1,FALSE
Male,Loyal Customer,45,Business Travel,Business,2926,5,5,5,5,3,4,4,4,4,4,4,3,3,4.08,0,0,TRUE
Female,Disloyal Customer,27,Business Travel,Business,158,2,2,2,3,1,2,1,1,2,1,3,1,1,1.69,0,10,FALSE
Female,Loyal Customer,70,Personal Travel,Eco,907,3,4,3,3,2,4,4,5,5,3,5,3,3,3.62,31,44,FALSE
Female,Loyal Customer,23,Business Travel,Eco Plus,488,3,5,5,5,3,3,2,3,2,5,3,2,3,3.38,0,20,FALSE
Female,Loyal Customer,46,Business Travel,Business,3957,3,3,3,3,4,5,4,4,4,4,4,5,5,3.92,18,16,TRUE
Female,Loyal Customer,49,Personal Travel,Eco,495,2,4,2,4,5,5,5,1,1,2,1,3,3,2.92,0,0,FALSE
Male,Loyal Customer,46,Business Travel,Business,3034,4,4,4,4,3,5,5,5,5,5,5,5,3,4.38,0,0,TRUE
Male,Loyal Customer,41,Business Travel,Business,883,5,5,1,5,4,5,5,4,4,4,4,5,4,4.23,10,13,TRUE
Female,Loyal Customer,42,Business Travel,Business,3919,5,5,5,5,4,4,5,4,4,4,4,5,3,4.38,0,0,TRUE
Female,Loyal Customer,28,Business Travel,Business,2133,3,3,3,3,4,5,4,4,4,3,4,4,4,3.69,58,38,TRUE
Female,Loyal Customer,20,Business Travel,Business,1055,3,3,3,3,4,4,4,4,5,3,4,4,4,3.69,2,0,TRUE
Male,Loyal Customer,54,Personal Travel,Business,533,5,4,5,4,4,4,5,1,1,5,1,4,3,3.54,0,0,TRUE
Female,Loyal Customer,69,Business Travel,Business,1556,3,5,1,5,5,2,3,3,3,3,3,1,3,3.08,6,0,FALSE
Male,Disloyal Customer,27,Business Travel,Eco,425,3,2,3,3,1,3,5,1,4,1,4,3,1,2.62,0,0,FALSE
Male,Loyal Customer,47,Business Travel,Eco,448,4,2,2,2,4,4,4,4,3,4,1,5,4,3.31,43,46,TRUE
Female,Loyal Customer,47,Business Travel,Business,404,1,1,1,1,3,5,4,5,5,5,5,3,4,3.31,0,7,TRUE
Female,Loyal Customer,40,Personal Travel,Eco,1005,4,4,4,1,4,4,4,4,3,5,5,5,4,3.92,0,0,FALSE
Female,Loyal Customer,62,Business Travel,Eco,424,4,2,2,2,3,3,4,4,4,4,4,4,1,3.15,0,0,FALSE
Male,Loyal Customer,55,Business Travel,Business,628,2,2,2,2,5,4,5,5,5,5,5,3,3,3.69,0,0,TRUE
Male,Loyal Customer,57,Business Travel,Business,1744,2,2,2,2,4,4,4,5,5,4,5,3,5,3.62,54,55,TRUE
Female,Loyal Customer,29,Business Travel,Business,2855,2,1,1,1,2,2,2,2,2,3,2,3,2,1.92,0,0,FALSE
Male,Loyal Customer,46,Personal Travel,Eco,780,2,4,2,4,5,2,4,5,3,2,4,5,5,3.62,0,0,FALSE
Male,Loyal Customer,28,Business Travel,Business,2537,3,4,4,4,3,3,3,3,3,3,3,1,3,3.08,0,0,FALSE
Male,Loyal Customer,59,Business Travel,Business,852,4,4,4,4,3,4,4,5,5,5,5,5,5,4.38,0,14,TRUE
Male,Loyal Customer,35,Personal Travel,Eco,214,3,2,0,2,3,0,3,3,2,3,1,1,3,2,0,0,FALSE
Male,Loyal Customer,52,Business Travel,Business,2430,1,2,1,1,5,4,5,5,5,5,5,4,5,3.69,13,3,TRUE
Male,Loyal Customer,49,Business Travel,Eco,125,2,4,4,4,2,2,2,2,1,4,3,2,2,2.62,0,0,FALSE
Male,Loyal Customer,36,Personal Travel,Eco,1749,2,4,2,4,5,2,3,5,2,2,4,1,5,3.15,23,41,FALSE
Male,Loyal Customer,39,Business Travel,Business,862,2,3,2,2,3,5,4,4,4,4,4,4,3,3.38,10,0,TRUE
Female,Loyal Customer,40,Business Travel,Business,502,5,5,5,5,3,5,5,5,5,5,5,3,5,4.69,1,0,TRUE
Female,Loyal Customer,29,Business Travel,Business,402,3,3,3,3,5,5,5,5,4,3,4,4,5,4,0,0,TRUE
Female,Disloyal Customer,31,Business Travel,Eco,1211,2,2,2,3,2,2,2,2,1,1,2,2,2,1.92,0,0,FALSE
Male,Loyal Customer,13,Personal Travel,Eco Plus,1294,4,2,4,2,4,4,4,4,1,2,2,2,4,3,0,0,FALSE
Female,Loyal Customer,52,Business Travel,Business,2896,4,1,1,1,4,4,3,3,3,3,4,1,3,2.69,0,0,FALSE
Female,Loyal Customer,7,Personal Travel,Eco,883,4,4,4,4,1,4,1,1,2,5,4,4,1,3,1,3,FALSE
Male,Loyal Customer,29,Business Travel,Business,2184,3,5,3,3,5,5,5,5,5,4,2,4,5,4.15,4,0,TRUE
Male,Loyal Customer,18,Business Travel,Business,3932,4,3,4,4,3,3,4,3,3,5,3,3,3,3.46,0,0,FALSE
Female,Loyal Customer,64,Personal Travel,Eco,581,1,5,2,2,4,4,4,4,4,2,4,4,5,3.46,0,0,FALSE
Male,Loyal Customer,21,Business Travel,Business,946,1,1,1,1,5,5,5,5,5,4,4,5,5,3.62,3,0,TRUE
Female,Loyal Customer,33,Business Travel,Eco Plus,1028,4,3,3,3,4,4,4,4,2,5,5,5,4,3.85,12,76,TRUE
Female,Loyal Customer,20,Personal Travel,Eco,239,5,4,0,3,2,0,2,2,5,5,5,5,2,3.08,3,0,TRUE
Female,Loyal Customer,38,Personal Travel,Eco,743,1,4,1,4,2,1,5,2,3,4,4,3,2,2.77,46,47,FALSE
Female,Disloyal Customer,57,Business Travel,Eco,872,3,3,3,3,4,3,5,4,1,1,3,1,4,2.92,0,0,FALSE
Female,Disloyal Customer,28,Business Travel,Eco,804,4,4,4,3,4,4,1,4,3,2,4,1,4,3.23,0,0,FALSE
Male,Loyal Customer,38,Business Travel,Eco Plus,1050,3,3,4,3,3,4,3,3,1,5,1,5,3,3.15,0,0,TRUE
Male,Loyal Customer,39,Business Travel,Business,1672,2,2,2,2,5,4,5,3,3,4,5,5,5,3.62,23,17,TRUE
Female,Loyal Customer,25,Personal Travel,Eco,187,2,4,2,3,3,2,3,3,4,4,5,4,3,3.23,0,17,FALSE
Female,Loyal Customer,56,Personal Travel,Eco,587,2,5,2,2,3,4,5,2,2,2,2,3,4,2.92,6,0,FALSE
Male,Loyal Customer,69,Personal Travel,Eco,223,3,5,0,3,3,0,2,3,5,5,5,5,3,3.23,0,0,FALSE
Female,Loyal Customer,41,Business Travel,Business,937,2,4,4,4,1,3,4,2,2,2,2,3,1,2.62,0,0,FALSE
Female,Disloyal Customer,25,Business Travel,Business,1062,3,0,2,1,5,2,5,5,5,3,5,5,5,3.54,40,25,FALSE
Male,Loyal Customer,25,Business Travel,Eco Plus,1558,3,4,4,4,3,3,2,3,2,1,4,1,3,2.85,8,0,FALSE
Male,Loyal Customer,22,Personal Travel,Business,2358,3,5,4,3,4,3,3,3,4,5,5,3,3,3.69,0,0,FALSE
Male,Loyal Customer,60,Business Travel,Eco,1020,2,1,1,1,2,2,2,2,3,5,2,3,2,2.15,3,0,FALSE
Male,Loyal Customer,42,Business Travel,Eco,101,4,3,3,3,4,4,4,4,2,1,2,2,4,3.08,0,0,TRUE
Female,Disloyal Customer,34,Business Travel,Business,1671,1,1,1,5,4,1,4,4,4,4,4,3,4,3.08,0,34,FALSE
Male,Loyal Customer,27,Business Travel,Business,214,3,5,5,5,2,2,3,2,1,5,3,1,2,3,17,13,FALSE
Female,Loyal Customer,43,Personal Travel,Eco,1205,2,4,2,3,3,4,4,4,4,2,4,2,2,3.08,0,0,FALSE
Male,Disloyal Customer,13,Business Travel,Eco,1250,3,3,3,4,2,3,2,2,4,3,4,4,2,3,0,0,FALSE
Female,Loyal Customer,13,Personal Travel,Eco,425,1,0,1,4,2,1,2,2,5,3,4,3,2,2.31,0,0,FALSE
Female,Loyal Customer,39,Business Travel,Eco Plus,230,4,1,1,1,4,4,4,4,3,4,4,5,4,3.31,0,0,TRUE
Male,Disloyal Customer,37,Business Travel,Eco,239,3,1,3,3,1,3,1,1,4,4,4,3,1,2.46,29,24,FALSE
Male,Loyal Customer,57,Personal Travel,Eco,1262,2,4,1,5,1,1,1,1,3,3,5,5,1,2.54,8,8,FALSE
Female,Disloyal Customer,26,Business Travel,Eco,1064,3,3,3,4,3,3,3,3,1,1,4,2,3,2.77,0,0,FALSE
Female,Disloyal Customer,23,Business Travel,Eco Plus,221,0,0,0,4,5,0,5,5,1,1,5,5,5,2.77,6,0,TRUE
Male,Loyal Customer,66,Personal Travel,Eco,1562,3,3,3,4,4,3,4,4,4,1,3,2,4,3.23,63,48,FALSE
Female,Loyal Customer,31,Business Travel,Eco,416,4,4,4,4,4,4,4,4,3,5,3,3,4,3.85,7,0,TRUE
Male,Loyal Customer,31,Business Travel,Business,1992,1,2,2,2,1,1,1,1,4,3,3,3,1,1.92,61,88,FALSE
Male,Disloyal Customer,24,Business Travel,Eco,422,1,3,1,2,3,1,3,3,3,2,4,4,3,2.54,0,0,FALSE
Female,Loyal Customer,59,Personal Travel,Eco,1023,1,5,1,3,4,4,4,4,4,1,4,4,3,3.23,0,0,FALSE
Male,Disloyal Customer,24,Business Travel,Eco,1235,1,1,1,3,4,1,4,4,4,2,3,3,4,2.69,42,59,FALSE
Female,Loyal Customer,36,Business Travel,Business,2496,4,4,4,4,1,3,4,5,5,5,5,5,4,4.08,7,0,TRUE
Male,Loyal Customer,48,Business Travel,Business,214,4,4,5,4,4,5,4,3,3,4,5,5,5,4.23,0,0,TRUE
Female,Loyal Customer,40,Business Travel,Business,1028,4,4,4,4,2,1,2,5,5,5,5,2,5,3.69,1,0,TRUE
Female,Loyal Customer,7,Personal Travel,Eco Plus,327,2,1,2,4,2,2,2,2,1,5,3,3,2,2.38,0,0,FALSE
Female,Loyal Customer,35,Business Travel,Business,109,1,1,1,1,2,4,5,4,4,4,4,4,3,2.92,0,0,TRUE
Female,Loyal Customer,26,Personal Travel,Eco Plus,1303,3,4,3,2,2,3,2,2,4,4,3,4,2,2.92,30,26,FALSE
Male,Disloyal Customer,35,Business Travel,Business,1865,1,0,0,2,5,0,5,5,3,5,2,3,5,2.77,4,6,FALSE
Male,Loyal Customer,48,Business Travel,Eco,552,5,3,2,2,5,5,5,5,3,5,5,4,5,4.15,0,2,TRUE
Female,Loyal Customer,48,Business Travel,Business,547,4,4,4,4,5,5,4,4,4,4,4,4,3,4.08,18,45,TRUE
Female,Loyal Customer,49,Business Travel,Business,1972,1,1,1,1,3,4,4,4,4,4,4,3,3,2.85,6,0,TRUE
Male,Loyal Customer,14,Personal Travel,Eco,679,3,4,3,5,1,3,1,1,4,4,5,4,1,3,0,1,FALSE
Male,Loyal Customer,31,Personal Travel,Eco,271,3,0,3,3,5,3,5,5,5,5,5,3,5,3.85,0,0,FALSE
Male,Loyal Customer,39,Personal Travel,Eco Plus,109,4,4,4,2,4,4,4,4,4,5,4,3,4,3.85,0,8,FALSE
Male,Loyal Customer,44,Business Travel,Eco Plus,221,4,3,3,3,4,4,4,4,4,2,3,1,4,3.31,15,5,TRUE
Female,Disloyal Customer,39,Business Travel,Eco Plus,354,1,1,1,4,4,1,4,4,4,5,3,1,4,2.85,3,16,FALSE
Male,Loyal Customer,60,Personal Travel,Eco,645,3,4,3,4,1,3,1,1,1,2,4,2,1,2.31,0,6,FALSE
Male,Disloyal Customer,26,Business Travel,Business,251,3,4,3,3,4,3,4,4,4,2,4,3,4,3.46,0,0,FALSE
Female,Loyal Customer,48,Business Travel,Business,862,2,2,2,2,5,5,4,4,4,4,4,5,4,3.62,40,15,TRUE
Male,Disloyal Customer,29,Business Travel,Business,946,5,5,5,4,5,1,1,4,2,4,4,1,1,3.23,158,150,TRUE
Male,Disloyal Customer,21,Business Travel,Eco,399,0,0,0,1,4,0,4,4,2,3,5,5,4,2.46,0,0,TRUE
Male,Disloyal Customer,25,Business Travel,Business,500,4,4,4,4,1,4,1,1,3,3,4,3,1,2.85,0,0,TRUE
Male,Loyal Customer,45,Business Travel,Business,1906,5,3,5,5,2,4,4,5,5,5,5,5,5,4.46,101,92,TRUE
Female,Loyal Customer,40,Business Travel,Eco,1053,3,2,2,2,3,3,3,3,1,5,3,3,3,2.77,16,0,FALSE
Female,Loyal Customer,42,Business Travel,Eco,1037,3,5,1,5,1,2,2,3,3,3,3,4,4,3,0,0,FALSE
Male,Disloyal Customer,24,Business Travel,Eco,1136,5,5,5,5,5,5,1,5,5,3,5,3,5,4.38,0,0,TRUE
Female,Loyal Customer,43,Business Travel,Business,2113,2,2,2,2,2,2,3,5,5,5,5,4,4,3.31,0,0,TRUE
Female,Disloyal Customer,27,Business Travel,Eco,780,4,4,4,3,3,4,4,3,5,1,2,2,3,3.23,0,0,FALSE
Male,Loyal Customer,47,Business Travel,Business,3711,2,2,2,2,1,5,2,4,4,4,4,3,3,2.92,0,0,TRUE
Female,Loyal Customer,69,Personal Travel,Eco Plus,584,3,5,2,4,3,5,4,3,3,2,3,4,3,3.38,0,0,FALSE
Female,Loyal Customer,57,Business Travel,Business,3262,4,4,4,4,2,5,4,5,5,4,5,3,5,4.15,0,0,TRUE
Female,Loyal Customer,25,Personal Travel,Eco,486,2,3,2,3,5,2,5,5,3,4,2,3,5,3.38,39,34,FALSE
Female,Loyal Customer,42,Business Travel,Business,299,3,2,2,2,5,3,4,3,3,4,3,4,2,3.08,52,51,FALSE
Male,Loyal Customer,53,Business Travel,Business,2379,1,1,1,1,4,1,2,5,5,4,5,4,3,2.85,64,53,TRUE
Male,Loyal Customer,24,Personal Travel,Business,689,3,1,3,2,5,3,5,5,4,5,1,1,5,3.31,0,7,FALSE
Male,Loyal Customer,26,Personal Travel,Eco,397,2,4,2,2,3,2,5,3,5,4,4,3,3,3.23,0,0,FALSE
Male,Loyal Customer,58,Business Travel,Business,2622,3,2,2,2,1,3,4,3,3,3,3,2,1,2.46,0,0,FALSE
Male,Disloyal Customer,35,Business Travel,Business,1726,3,4,4,3,1,4,1,1,4,3,4,3,1,2.77,0,19,FALSE
Female,Loyal Customer,33,Personal Travel,Eco,110,1,1,1,2,5,1,3,5,2,1,2,1,5,2.31,0,0,FALSE
Male,Loyal Customer,37,Business Travel,Business,2989,2,2,2,2,3,4,4,5,5,5,5,3,3,3.46,0,0,TRUE
Female,Loyal Customer,53,Business Travel,Business,2586,5,5,5,5,4,3,5,4,4,4,4,4,5,4.38,13,21,TRUE
Female,Loyal Customer,44,Business Travel,Eco,780,4,4,4,4,2,3,4,4,4,4,4,1,2,3.38,23,36,TRUE
Female,Loyal Customer,64,Business Travel,Business,3849,4,3,3,3,3,3,3,4,4,4,4,4,3,3.46,0,0,FALSE
Male,Loyal Customer,17,Personal Travel,Eco Plus,183,2,4,2,3,3,2,3,3,3,2,4,4,3,2.92,10,9,FALSE
Male,Loyal Customer,52,Business Travel,Eco Plus,209,5,5,5,5,5,5,5,5,1,1,1,2,5,3.85,0,2,TRUE
Female,Disloyal Customer,24,Business Travel,Eco,447,3,4,3,4,5,3,5,5,5,4,5,3,5,4.15,0,0,FALSE
Female,Loyal Customer,42,Business Travel,Business,1842,4,4,4,4,4,3,3,3,3,3,3,4,5,3.62,10,0,TRUE
Female,Loyal Customer,48,Business Travel,Business,3589,5,5,5,5,4,5,4,4,4,4,4,5,4,4.46,1,0,TRUE
Female,Loyal Customer,61,Personal Travel,Eco,399,2,4,2,1,4,5,5,5,5,2,5,3,5,3.69,5,0,FALSE
Female,Loyal Customer,64,Personal Travel,Eco,119,2,4,2,3,4,4,4,5,5,2,5,4,4,3.69,24,18,FALSE
Female,Loyal Customer,46,Business Travel,Business,237,5,2,5,5,3,4,4,5,5,5,5,5,4,4.38,0,0,TRUE
Female,Loyal Customer,31,Business Travel,Business,3785,4,4,4,4,4,4,4,4,4,2,5,4,4,3.92,84,,TRUE
Female,Loyal Customer,65,Personal Travel,Business,1120,4,2,4,3,4,3,4,4,4,4,1,1,4,3.23,94,90,FALSE
Female,Disloyal Customer,52,Business Travel,Business,864,5,5,5,2,2,5,2,2,4,4,4,3,2,3.46,0,0,TRUE
Male,Loyal Customer,61,Business Travel,Eco,858,2,4,5,5,2,2,2,2,1,3,3,2,2,2.69,0,0,FALSE
Male,Loyal Customer,23,Personal Travel,Eco,603,1,5,1,1,2,1,2,2,5,2,5,5,2,2.62,0,5,FALSE
Male,Loyal Customer,62,Personal Travel,Eco,2556,2,5,2,3,4,2,5,4,3,4,4,3,4,3.46,1,0,FALSE
Male,Loyal Customer,58,Personal Travel,Eco,325,2,3,2,4,5,2,5,5,4,4,4,2,5,3.62,0,0,FALSE
Female,Loyal Customer,38,Business Travel,Business,588,2,2,2,2,2,5,4,4,4,5,4,3,5,3.38,66,58,TRUE
Female,Loyal Customer,24,Business Travel,Business,2872,2,2,2,2,4,4,4,4,5,3,5,4,4,3.46,0,0,TRUE
Female,Loyal Customer,29,Business Travel,Business,874,3,3,2,3,4,4,4,4,5,2,5,4,4,3.62,1,0,TRUE
Male,Loyal Customer,41,Business Travel,Business,1953,2,2,2,2,2,5,4,2,2,3,2,5,4,2.85,0,0,TRUE
Male,Loyal Customer,41,Business Travel,Business,1814,3,3,3,3,3,3,4,3,3,3,3,3,5,3.23,63,34,TRUE
Male,Loyal Customer,65,Personal Travel,Business,1185,3,1,2,3,3,4,4,2,2,2,2,4,4,2.77,46,44,FALSE
Male,Loyal Customer,18,Personal Travel,Eco,1096,1,3,1,1,2,1,2,2,1,4,2,4,2,2,0,5,FALSE
Female,Loyal Customer,35,Personal Travel,Eco,584,3,5,3,2,1,3,1,1,3,3,4,4,1,2.62,0,0,FALSE
Female,Loyal Customer,41,Business Travel,Eco,278,5,1,1,1,5,5,5,5,2,2,4,5,5,3.54,0,0,TRUE
Female,Loyal Customer,51,Business Travel,Eco,1464,2,1,1,1,2,4,4,2,2,2,2,4,3,2.31,2,0,FALSE
Male,Loyal Customer,49,Personal Travel,Business,315,4,2,4,3,1,3,4,1,1,4,1,2,1,2.38,1,0,FALSE
Male,Disloyal Customer,23,Business Travel,Eco,902,3,3,3,5,1,3,1,1,5,2,4,5,1,2.85,4,0,FALSE
Male,Disloyal Customer,54,Business Travel,Business,888,3,3,3,2,1,3,3,1,4,3,5,4,1,2.77,0,15,FALSE
Male,Loyal Customer,39,Business Travel,Business,222,4,4,4,4,4,4,4,5,5,5,5,1,1,3.85,0,0,TRUE
Female,Loyal Customer,67,Personal Travel,Eco,731,2,1,2,2,3,2,3,2,2,2,2,2,2,2.08,0,0,FALSE
Male,Loyal Customer,43,Business Travel,Eco,639,3,2,2,2,3,3,3,3,2,2,3,2,3,2.54,46,28,FALSE
Female,Loyal Customer,22,Business Travel,Business,1634,2,2,2,2,5,5,5,5,2,3,5,1,5,3.38,0,0,TRUE
Female,Loyal Customer,20,Personal Travel,Eco,446,3,5,3,1,1,3,2,1,3,2,4,3,1,2.46,0,0,FALSE
Female,Loyal Customer,48,Business Travel,Business,1778,2,2,2,2,4,4,3,5,5,4,4,2,5,3.38,16,8,TRUE
Male,Loyal Customer,49,Business Travel,Business,2492,0,0,0,3,5,5,4,2,2,1,1,3,5,2.38,10,12,TRUE
Male,Loyal Customer,27,Personal Travel,Eco,1597,2,4,3,3,2,3,3,2,4,2,5,3,2,2.92,19,12,FALSE
Male,Loyal Customer,37,Business Travel,Eco,200,5,4,4,4,5,5,5,5,2,1,1,4,5,3.85,0,0,TRUE
Female,Disloyal Customer,17,Business Travel,Eco,862,2,2,2,3,4,2,4,4,4,5,3,4,4,3.31,14,23,FALSE
Male,Loyal Customer,68,Personal Travel,Eco,239,3,4,3,1,5,3,5,5,4,4,4,5,5,3.92,4,0,FALSE
Female,Loyal Customer,54,Business Travel,Business,862,5,5,5,5,3,4,5,4,4,4,4,4,4,4.31,3,0,TRUE
Female,Loyal Customer,30,Business Travel,Business,1848,2,2,2,2,4,4,4,4,5,5,5,5,4,3.69,7,3,TRUE
Male,Loyal Customer,34,Business Travel,Business,1728,3,3,3,3,3,3,3,3,4,4,3,3,3,3.15,305,301,FALSE
Female,Disloyal Customer,29,Business Travel,Eco,486,1,3,1,3,3,1,3,3,3,1,2,2,3,2.23,0,10,FALSE
Male,Disloyal Customer,28,Business Travel,Eco,861,2,2,2,4,3,2,3,3,2,2,2,2,3,2.46,0,0,FALSE
Male,Disloyal Customer,24,Business Travel,Eco,758,5,5,5,2,5,5,5,5,4,4,5,4,5,4.54,32,28,TRUE
Female,Loyal Customer,44,Business Travel,Business,184,5,5,5,5,2,4,5,4,4,5,5,3,5,4.38,0,0,TRUE
Female,Loyal Customer,25,Business Travel,Business,3684,5,5,5,5,3,3,3,3,3,4,5,5,3,4,0,0,TRUE
Male,Loyal Customer,12,Business Travel,Business,3386,2,3,4,4,2,3,2,2,4,3,4,3,2,2.92,0,0,FALSE
Female,Loyal Customer,7,Personal Travel,Eco,1119,3,5,3,2,3,3,3,3,5,4,5,3,3,3.46,0,0,FALSE
Female,Loyal Customer,63,Business Travel,Eco,160,4,4,4,4,3,1,3,4,4,4,4,3,2,3.38,47,67,TRUE
Male,Loyal Customer,61,Business Travel,Business,3475,2,2,2,2,2,1,3,5,5,5,5,4,2,3.08,8,3,TRUE
Female,Disloyal Customer,23,Business Travel,Eco,368,2,4,1,2,5,1,3,5,4,2,5,3,5,3.23,0,0,FALSE
Male,Loyal Customer,53,Business Travel,Business,296,1,1,1,1,4,1,5,4,4,4,4,2,3,2.69,0,0,TRUE
Female,Loyal Customer,37,Business Travel,Business,462,2,5,5,5,2,4,3,2,2,2,2,4,4,3.23,10,7,FALSE
Male,Loyal Customer,70,Personal Travel,Eco,1517,2,4,2,5,2,2,2,2,2,4,2,5,2,2.77,3,0,FALSE
Female,Loyal Customer,39,Business Travel,Business,2396,3,3,3,3,3,4,5,3,3,3,3,3,5,3.38,0,0,TRUE
Female,Loyal Customer,45,Business Travel,Business,214,5,5,5,5,3,4,5,4,4,4,5,5,3,4.38,0,0,TRUE
Male,Loyal Customer,50,Personal Travel,Eco,391,4,1,4,4,4,4,4,4,3,4,3,2,4,3.46,19,16,FALSE
Female,Loyal Customer,41,Business Travel,Business,1819,4,4,4,4,5,5,5,4,5,5,3,5,5,4.46,116,161,TRUE
Female,Disloyal Customer,40,Business Travel,Business,273,1,1,1,4,1,1,1,1,2,3,4,1,1,1.69,0,0,FALSE
Female,Loyal Customer,38,Business Travel,Business,387,5,5,4,5,1,5,2,4,4,4,4,4,2,3.77,4,0,TRUE
Male,Loyal Customer,67,Business Travel,Eco,362,4,3,3,3,4,4,4,4,3,4,2,2,4,3.38,0,0,FALSE
Male,Loyal Customer,58,Business Travel,Business,1863,0,0,0,4,2,5,5,5,5,5,5,4,4,3.38,9,12,TRUE
Male,Disloyal Customer,48,Business Travel,Eco,912,1,1,1,1,2,1,2,2,4,5,3,2,2,2.08,0,2,FALSE
Female,Loyal Customer,52,Business Travel,Business,697,4,4,5,4,1,2,4,3,3,3,3,4,1,3.15,0,0,TRUE
Female,Loyal Customer,66,Personal Travel,Eco,345,3,4,3,5,2,5,4,2,2,3,3,3,3,3.23,8,0,FALSE
Female,Loyal Customer,34,Business Travel,Business,3624,2,3,3,3,4,3,3,2,2,1,2,2,3,2.54,0,0,FALSE
Male,Loyal Customer,49,Business Travel,Eco,867,5,5,2,2,5,5,5,5,1,5,3,1,5,3.77,2,0,TRUE
Male,Loyal Customer,36,Business Travel,Business,3655,1,1,1,1,1,3,3,3,3,3,1,4,2,2.08,40,71,FALSE
Female,Loyal Customer,38,Business Travel,Business,151,1,1,1,1,2,3,1,5,5,5,5,2,3,2.69,0,4,TRUE
Female,Loyal Customer,48,Business Travel,Business,1089,4,4,4,4,5,5,5,5,5,5,5,3,5,4.54,0,0,TRUE
Male,Disloyal Customer,31,Business Travel,Business,1065,3,3,3,3,5,3,5,5,3,3,3,1,5,3.46,0,0,FALSE
Male,Loyal Customer,62,Business Travel,Eco,147,5,2,3,2,5,5,5,5,1,5,2,3,5,3.69,0,0,TRUE
Female,Disloyal Customer,26,Business Travel,Eco,338,3,1,3,4,3,3,3,3,4,4,3,4,3,3.15,0,4,FALSE
Female,Loyal Customer,24,Personal Travel,Eco,1587,4,4,4,3,2,4,2,2,5,2,4,4,2,3.23,0,1,FALSE
Female,Loyal Customer,16,Business Travel,Eco,1506,3,3,3,3,3,3,2,3,2,1,3,4,3,2.77,2,6,FALSE
Male,Loyal Customer,50,Business Travel,Eco,927,5,4,4,4,4,5,4,4,1,2,3,2,4,3.54,12,28,TRUE
Male,Loyal Customer,54,Business Travel,Business,2560,1,1,2,1,3,5,5,3,3,2,3,3,3,2.69,20,2,TRUE
Female,Loyal Customer,49,Business Travel,Eco,2239,1,3,3,3,1,4,4,1,1,1,1,2,1,2,8,0,FALSE
Male,Loyal Customer,47,Business Travel,Business,1838,3,5,5,5,4,3,2,3,3,4,3,1,3,3.38,0,0,FALSE
Female,Loyal Customer,44,Business Travel,Business,3217,3,3,5,3,5,5,5,5,5,5,5,5,5,4.54,0,0,TRUE
Female,Disloyal Customer,15,Business Travel,Eco,909,2,2,2,3,4,2,2,4,1,3,3,3,4,2.69,0,0,FALSE
Male,Loyal Customer,41,Business Travel,Business,1882,0,0,0,4,5,4,5,1,1,1,1,5,3,2.31,0,10,TRUE
Male,Loyal Customer,45,Business Travel,Business,140,4,2,2,2,5,4,3,4,4,4,4,4,2,3.38,13,9,FALSE
Female,Loyal Customer,55,Business Travel,Business,3007,4,4,4,4,5,5,5,5,5,5,5,4,3,4.46,53,45,TRUE
Male,Loyal Customer,47,Business Travel,Business,3464,3,3,3,3,2,5,4,4,4,4,4,3,5,3.62,0,5,TRUE
Female,Loyal Customer,60,Business Travel,Business,3277,0,0,0,2,2,5,5,4,4,4,4,4,5,3,0,6,TRUE
Male,Loyal Customer,51,Personal Travel,Eco Plus,101,2,3,0,4,3,0,3,3,4,1,4,3,3,2.54,0,0,FALSE
Female,Loyal Customer,53,Business Travel,Business,2501,1,1,1,1,5,4,4,3,3,3,3,3,4,2.77,7,0,TRUE
Male,Loyal Customer,19,Business Travel,Business,946,3,3,3,3,5,5,5,5,5,2,5,4,5,4.08,0,8,TRUE
Male,Loyal Customer,32,Business Travel,Business,1589,5,5,5,5,4,4,4,4,4,3,3,5,4,4.23,0,0,TRUE
Female,Loyal Customer,54,Personal Travel,Eco,1050,2,4,2,3,4,4,4,4,4,2,1,4,3,3.15,0,0,FALSE
Female,Loyal Customer,45,Business Travel,Eco,384,4,4,4,4,5,4,4,4,4,4,4,4,3,4,0,0,FALSE
Male,Loyal Customer,59,Business Travel,Business,2486,4,4,4,4,5,4,4,5,5,5,5,5,3,4.38,9,9,TRUE
Female,Disloyal Customer,28,Business Travel,Business,1325,4,4,4,3,4,4,4,4,5,4,4,5,4,4.08,42,29,TRUE
Male,Loyal Customer,39,Business Travel,Business,845,3,3,1,3,5,4,4,4,4,4,4,5,5,3.77,17,20,TRUE
Male,Loyal Customer,28,Business Travel,Eco Plus,926,1,1,1,1,1,1,1,1,3,4,4,4,1,1.85,57,22,FALSE
Female,Disloyal Customer,24,Business Travel,Business,731,5,4,5,3,4,5,1,4,4,5,5,3,4,4,0,0,TRUE
Female,Loyal Customer,39,Personal Travel,Eco,528,2,4,2,4,2,2,2,2,3,2,4,4,2,2.69,0,0,FALSE
Female,Loyal Customer,64,Personal Travel,Eco,563,2,4,2,3,4,5,5,1,1,2,1,3,3,2.77,0,4,FALSE
Female,Loyal Customer,59,Business Travel,Eco,937,5,2,2,2,5,4,3,5,5,5,5,5,3,3.92,1,0,TRUE
Male,Loyal Customer,40,Business Travel,Business,223,4,4,4,4,4,3,3,1,1,2,4,4,2,3.08,9,4,FALSE
Female,Disloyal Customer,32,Business Travel,Business,338,2,2,2,4,4,2,4,4,4,4,4,5,4,3.46,0,0,FALSE
Male,Loyal Customer,55,Business Travel,Business,2398,4,3,4,4,2,5,5,5,5,5,5,4,4,4.23,0,0,TRUE
Female,Loyal Customer,31,Personal Travel,Eco Plus,2465,3,5,3,1,3,1,1,5,3,3,4,1,1,2.62,64,77,FALSE
Female,Loyal Customer,29,Business Travel,Eco Plus,936,4,5,5,5,4,4,4,4,1,2,3,2,4,3.62,9,4,FALSE
Female,Disloyal Customer,23,Business Travel,Eco,558,3,0,3,3,2,3,2,2,4,3,3,2,2,2.46,0,0,FALSE
Male,Loyal Customer,38,Personal Travel,Eco Plus,480,1,3,1,3,1,1,1,1,5,1,3,2,1,1.85,0,1,FALSE
Male,Loyal Customer,33,Business Travel,Business,1578,2,2,2,2,4,3,4,4,1,2,5,1,4,2.77,0,0,TRUE
Female,Disloyal Customer,13,Business Travel,Eco Plus,1609,1,0,0,3,5,0,5,5,5,4,5,1,5,3,6,0,FALSE
Male,Loyal Customer,36,Business Travel,Business,108,1,3,4,3,3,4,3,3,3,3,1,3,4,2.92,40,31,FALSE
Male,Disloyal Customer,23,Business Travel,Eco,1023,1,1,1,2,2,1,2,2,5,2,5,5,2,2.38,0,0,FALSE
Male,Loyal Customer,38,Business Travel,Eco Plus,937,1,2,2,2,1,1,1,1,4,2,2,2,1,1.69,0,0,FALSE
Female,Loyal Customer,69,Personal Travel,Eco,670,4,4,4,5,5,5,5,3,3,4,3,3,3,3.92,72,64,FALSE
Male,Loyal Customer,21,Business Travel,Business,3179,5,5,5,5,5,5,5,5,2,5,2,3,5,4.38,0,0,TRUE
Male,Loyal Customer,28,Personal Travel,Eco,402,3,4,3,1,5,3,5,5,5,2,5,3,5,3.77,0,2,FALSE
Male,Loyal Customer,36,Business Travel,Eco,136,5,5,5,5,5,5,5,5,3,3,4,1,5,4.31,0,0,TRUE
Female,Disloyal Customer,37,Business Travel,Eco,788,5,5,5,4,5,5,5,5,4,2,4,3,5,4.38,0,4,TRUE
Female,Loyal Customer,11,Personal Travel,Eco,633,1,5,1,2,5,1,5,5,4,2,5,3,5,3.38,0,0,FALSE
Female,Loyal Customer,51,Personal Travel,Eco,228,3,5,3,2,1,5,5,3,3,3,3,1,1,2.92,8,1,FALSE
Female,Loyal Customer,51,Business Travel,Eco,776,3,2,2,2,1,2,3,4,4,3,4,4,1,2.69,6,15,FALSE
Female,Loyal Customer,55,Business Travel,Business,1747,3,3,1,3,3,4,5,5,5,5,5,4,5,3.92,3,0,TRUE
Female,Loyal Customer,11,Personal Travel,Eco,403,1,1,1,2,1,1,1,1,2,4,2,2,1,1.54,46,47,FALSE
Female,Loyal Customer,65,Business Travel,Eco,705,4,3,3,3,3,5,2,3,3,4,3,3,4,3.31,16,,TRUE
Female,Loyal Customer,36,Business Travel,Business,3119,0,4,0,4,2,3,2,2,2,2,2,5,5,2.54,0,18,TRUE
Male,Disloyal Customer,27,Business Travel,Eco,432,2,1,2,3,4,2,4,4,3,5,4,3,4,3.15,30,14,FALSE
Female,Disloyal Customer,23,Business Travel,Eco,2475,1,2,2,2,1,2,2,2,2,1,3,2,2,1.85,0,0,FALSE
Male,Loyal Customer,33,Personal Travel,Eco,338,2,4,2,4,2,2,2,2,4,4,5,4,2,3,13,12,FALSE
Male,Loyal Customer,52,Business Travel,Eco,1142,2,4,2,4,2,2,2,2,4,1,4,2,2,2.54,0,25,FALSE
Male,Loyal Customer,44,Personal Travel,Eco,290,2,5,2,4,2,2,1,2,4,5,4,3,2,2.92,25,20,FALSE
Female,Disloyal Customer,15,Business Travel,Business,1303,5,5,5,2,3,5,2,3,5,2,5,5,3,3.85,21,39,TRUE
Male,Loyal Customer,27,Personal Travel,Eco,651,2,1,2,4,1,2,1,1,3,1,3,1,1,1.77,0,0,FALSE
Female,Loyal Customer,27,Business Travel,Business,1199,1,1,1,1,4,4,4,4,3,5,4,3,4,3,106,124,TRUE
Female,Loyal Customer,36,Business Travel,Eco,369,3,2,2,2,3,3,3,3,1,1,2,5,3,2.54,0,0,TRUE
Female,Loyal Customer,22,Personal Travel,Eco,268,2,5,0,3,1,0,1,1,5,5,1,2,1,2.08,38,52,FALSE
Female,Loyal Customer,53,Business Travel,Business,2052,1,1,1,1,3,3,4,5,5,4,5,4,3,3.08,8,13,TRUE
Male,Loyal Customer,33,Business Travel,Business,2946,2,2,2,2,5,5,4,5,5,2,5,3,5,3.62,0,0,TRUE
Female,Loyal Customer,56,Business Travel,Eco,372,1,3,4,3,4,3,3,1,1,1,1,2,2,2.23,11,17,FALSE
Female,Loyal Customer,42,Business Travel,Eco,1205,1,3,3,3,1,3,3,1,1,1,1,4,2,2.08,36,43,FALSE
Male,Loyal Customer,47,Business Travel,Business,3188,2,5,2,5,3,2,2,2,2,2,2,3,3,2.69,1,2,FALSE
Female,Loyal Customer,51,Business Travel,Business,1294,5,5,5,5,4,4,5,3,3,3,3,3,3,3.92,0,0,TRUE
Male,Loyal Customer,55,Business Travel,Business,861,2,2,2,2,2,5,5,4,4,4,4,4,3,3.31,12,16,TRUE
Female,Loyal Customer,49,Business Travel,Business,1172,4,4,4,4,3,4,4,4,4,5,4,3,5,4,0,3,TRUE
Female,Loyal Customer,34,Business Travel,Business,3023,3,3,5,3,5,5,4,5,5,4,5,2,5,4.15,9,4,TRUE
Female,Disloyal Customer,18,Business Travel,Eco,622,0,5,0,3,5,0,2,5,3,3,5,4,5,3.08,0,0,TRUE
Female,Loyal Customer,42,Business Travel,Business,603,1,1,1,1,2,4,4,4,4,4,4,3,3,2.77,0,0,TRUE
Female,Loyal Customer,59,Business Travel,Business,2339,3,3,1,3,5,5,4,4,4,4,4,3,3,3.54,4,0,TRUE
Male,Loyal Customer,51,Personal Travel,Eco Plus,429,3,1,2,4,3,2,2,3,1,3,3,4,3,2.62,0,0,FALSE
Male,Disloyal Customer,27,Business Travel,Eco,696,3,3,3,4,2,3,2,2,1,3,4,2,2,2.62,0,0,FALSE
Male,Disloyal Customer,38,Business Travel,Eco,199,2,2,2,4,1,2,1,1,4,2,3,2,1,2.08,116,98,FALSE
Male,Loyal Customer,56,Personal Travel,Eco,888,5,3,5,1,2,5,2,2,5,3,3,3,2,3.15,0,0,TRUE
Female,Loyal Customer,13,Personal Travel,Eco,785,1,4,1,3,2,1,2,2,3,2,5,3,2,2.38,21,35,FALSE
Female,Loyal Customer,63,Personal Travel,Eco,2399,1,5,0,4,4,3,5,1,1,0,1,3,3,2.38,0,11,FALSE
Male,Loyal Customer,38,Business Travel,Business,2616,3,3,3,3,3,4,5,5,5,5,5,4,5,4.08,14,10,TRUE
Female,Loyal Customer,80,Business Travel,Business,2776,4,4,4,4,4,4,4,5,5,5,5,3,5,4.31,0,0,TRUE
Male,Disloyal Customer,21,Business Travel,Eco,551,4,0,4,3,4,4,4,4,1,1,3,2,4,2.92,0,0,FALSE
Female,Loyal Customer,34,Business Travel,Business,1773,4,4,4,4,4,3,5,5,5,5,5,4,4,4.31,0,7,TRUE
Male,Loyal Customer,35,Business Travel,Business,2113,2,2,2,2,4,4,4,5,5,5,5,5,3,3.69,0,0,TRUE
Female,Loyal Customer,21,Personal Travel,Eco,696,3,5,3,2,1,3,2,1,4,2,5,5,1,2.85,24,15,FALSE
Male,Loyal Customer,67,Business Travel,Business,1604,3,3,3,3,5,1,3,4,4,4,5,5,5,3.69,0,0,TRUE
Male,Loyal Customer,51,Business Travel,Business,534,2,2,2,2,5,5,5,5,3,4,5,5,5,3.85,188,198,TRUE
Male,Loyal Customer,48,Business Travel,Business,2275,5,5,5,5,3,5,5,4,4,4,4,5,4,4.46,25,23,TRUE
Male,Loyal Customer,58,Business Travel,Business,405,4,4,4,4,3,4,4,3,3,3,3,3,3,3.46,2,0,TRUE
Male,Loyal Customer,70,Personal Travel,Eco,528,3,3,3,2,3,3,1,3,2,4,2,4,3,2.77,0,0,FALSE
Female,Loyal Customer,69,Personal Travel,Eco,611,2,5,2,1,2,3,4,1,1,2,1,3,2,2.23,33,22,FALSE
Male,Loyal Customer,50,Business Travel,Business,544,1,1,1,1,5,4,4,5,5,5,5,3,3,3.31,0,11,TRUE
Male,Loyal Customer,53,Business Travel,Business,1846,2,2,2,2,2,5,4,5,5,5,5,3,5,3.62,5,0,TRUE
Male,Loyal Customer,70,Business Travel,Business,481,4,3,3,3,3,3,3,4,4,4,4,4,4,3.54,0,0,FALSE
Male,Loyal Customer,26,Business Travel,Eco,757,3,5,5,5,3,4,4,3,1,4,4,1,3,3.46,14,17,FALSE
Female,Loyal Customer,37,Personal Travel,Eco,631,2,4,2,5,2,2,2,2,5,4,4,4,2,3.08,0,0,FALSE
Male,Loyal Customer,28,Personal Travel,Business,762,4,4,4,3,2,4,3,2,5,3,5,3,2,3.38,23,12,FALSE
Female,Loyal Customer,69,Business Travel,Eco,471,3,1,1,1,1,4,3,3,3,3,3,2,4,2.46,20,26,FALSE
Male,Loyal Customer,45,Personal Travel,Eco,867,3,1,3,2,2,3,2,2,4,3,1,4,2,2.46,106,92,FALSE
Male,Loyal Customer,56,Business Travel,Eco,1121,3,5,5,5,4,3,4,4,2,4,1,1,4,3.46,70,107,TRUE
Male,Loyal Customer,21,Personal Travel,Eco,200,2,1,2,3,2,2,2,2,3,1,3,3,2,2.15,0,0,FALSE
Male,Loyal Customer,57,Personal Travel,Eco,1500,3,4,3,5,5,3,5,5,4,4,4,3,5,4.08,9,0,FALSE
Female,Loyal Customer,54,Business Travel,Eco,391,2,3,3,3,1,3,3,2,2,2,2,2,2,2.31,1,0,FALSE
Female,Disloyal Customer,39,Business Travel,Business,426,5,5,5,5,3,5,3,3,3,4,5,5,3,4.15,21,0,TRUE
Female,Loyal Customer,64,Personal Travel,Eco,396,0,5,0,3,2,4,5,3,3,0,1,4,4,2.62,0,0,TRUE
Female,Loyal Customer,17,Business Travel,Business,1154,3,3,3,3,4,5,4,4,5,2,4,4,4,3.69,0,2,TRUE
Female,Loyal Customer,57,Business Travel,Business,228,2,2,4,2,2,5,4,5,5,5,5,3,1,3.46,18,15,TRUE
Male,Loyal Customer,42,Business Travel,Business,2125,1,1,1,1,2,3,5,5,5,5,5,4,5,3.31,3,30,TRUE
Female,Disloyal Customer,24,Business Travel,Business,541,5,0,5,1,5,1,1,4,3,4,4,1,1,2.69,126,140,TRUE
Female,Loyal Customer,40,Business Travel,Business,327,2,2,2,2,3,5,5,5,5,5,5,3,5,3.77,0,4,TRUE
Male,Disloyal Customer,24,Business Travel,Eco,1313,4,4,4,3,3,4,3,3,3,2,4,5,3,3.46,0,0,TRUE
Male,Loyal Customer,55,Business Travel,Eco,190,5,5,5,5,5,5,5,5,4,3,2,2,5,4.31,0,0,TRUE
Female,Loyal Customer,60,Business Travel,Business,3412,3,3,3,3,4,4,4,4,4,4,4,4,3,3.62,0,0,TRUE
Female,Loyal Customer,39,Business Travel,Business,325,0,0,0,2,5,3,1,4,4,5,5,2,5,2.77,32,22,TRUE
Male,Loyal Customer,49,Business Travel,Business,1846,2,2,2,2,5,5,5,3,3,3,3,3,3,3.15,5,0,TRUE
Male,Loyal Customer,53,Business Travel,Eco Plus,349,1,5,5,5,2,1,2,2,2,4,3,1,2,2.69,3,14,FALSE
Male,Loyal Customer,48,Business Travel,Business,862,3,2,2,2,5,3,2,3,3,3,3,4,1,2.77,0,0,FALSE
Female,Loyal Customer,35,Business Travel,Business,2275,0,4,0,1,4,2,2,4,4,4,4,3,1,2.54,0,0,TRUE
Female,Disloyal Customer,21,Business Travel,Eco,280,5,0,5,1,5,5,5,5,3,1,2,5,5,3.62,113,107,TRUE
Female,Disloyal Customer,25,Business Travel,Eco,1482,4,4,4,4,4,4,4,4,4,2,4,2,4,3.69,0,0,FALSE
Male,Loyal Customer,57,Business Travel,Business,902,3,3,3,3,2,1,4,5,5,5,5,5,4,3.69,6,0,TRUE
Male,Loyal Customer,27,Personal Travel,Eco Plus,1220,3,1,3,3,3,3,5,3,1,3,2,3,3,2.77,0,0,FALSE
Male,Loyal Customer,45,Business Travel,Eco Plus,369,5,2,2,2,5,5,5,5,1,4,4,1,5,3.54,0,0,TRUE
Male,Disloyal Customer,42,Business Travel,Eco,304,2,1,3,4,2,3,2,2,1,2,3,4,2,2.38,0,0,FALSE
Male,Loyal Customer,19,Personal Travel,Eco,547,1,4,1,3,2,1,2,2,3,4,5,3,2,2.54,0,0,FALSE
Female,Loyal Customer,39,Business Travel,Business,1096,3,3,3,3,3,5,5,5,5,5,5,3,3,3.92,0,0,TRUE
Female,Loyal Customer,67,Personal Travel,Eco,395,3,5,4,3,3,5,5,4,4,4,4,5,3,4,9,21,FALSE
Female,Disloyal Customer,44,Business Travel,Eco,404,3,3,3,4,5,3,2,5,1,2,4,3,5,3.31,0,0,FALSE
Male,Loyal Customer,60,Personal Travel,Eco,1009,1,5,1,5,2,1,2,2,1,4,2,1,2,2.23,0,0,FALSE
Female,Disloyal Customer,45,Business Travel,Eco,438,2,4,2,4,5,2,1,5,5,3,3,3,5,3.38,0,0,FALSE
Male,Loyal Customer,26,Personal Travel,Eco,67,2,5,2,5,4,2,4,4,4,3,5,5,4,3.77,0,0,FALSE
Female,Loyal Customer,45,Business Travel,Business,2840,3,3,3,3,2,4,4,5,5,5,5,5,3,3.85,14,6,TRUE
Female,Disloyal Customer,29,Business Travel,Business,985,2,2,2,2,4,2,2,4,4,2,4,3,4,2.85,29,20,FALSE
Male,Disloyal Customer,31,Business Travel,Eco,1201,2,2,2,2,2,2,2,2,4,1,3,2,2,2.15,4,0,FALSE
Male,Loyal Customer,43,Business Travel,Business,416,4,4,4,4,1,1,1,5,5,5,5,4,2,3.46,0,10,TRUE
Female,Disloyal Customer,23,Business Travel,Business,515,4,4,4,5,1,4,1,1,5,5,4,3,1,3.23,92,111,TRUE
Male,Loyal Customer,29,Personal Travel,Eco,2248,3,5,3,3,4,3,4,4,4,4,5,3,4,3.77,1,0,FALSE
Female,Loyal Customer,51,Personal Travel,Eco,1076,3,5,3,1,3,5,4,1,1,3,1,4,5,3,97,100,FALSE
Female,Loyal Customer,17,Personal Travel,Eco,231,1,1,0,4,1,0,1,1,1,5,4,4,1,1.85,0,0,FALSE
Female,Loyal Customer,42,Business Travel,Business,692,1,1,1,1,5,5,4,4,4,4,4,2,5,3.15,0,0,TRUE
Male,Loyal Customer,48,Personal Travel,Eco,401,0,5,0,4,3,0,2,3,5,4,4,3,3,2.77,0,0,TRUE
Female,Loyal Customer,11,Business Travel,Business,2203,1,5,5,5,1,1,1,1,3,1,4,4,1,2.54,55,57,FALSE
Female,Loyal Customer,51,Personal Travel,Eco,2026,2,4,2,2,4,5,4,2,2,2,2,5,4,3.08,18,13,FALSE
Male,Loyal Customer,53,Business Travel,Eco,516,4,2,2,2,4,4,4,4,4,4,5,2,4,3.46,0,0,TRUE
Female,Loyal Customer,10,Personal Travel,Eco,1194,3,1,3,3,3,2,2,3,1,1,3,2,2,2.23,145,129,FALSE
Male,Loyal Customer,66,Personal Travel,Eco,569,2,4,2,2,4,2,4,4,4,2,5,4,4,3.31,0,0,FALSE
Male,Loyal Customer,22,Personal Travel,Eco,813,2,4,2,2,3,2,3,3,4,3,5,2,3,2.92,52,60,FALSE
Male,Loyal Customer,16,Personal Travel,Eco,667,2,1,2,4,5,2,3,5,1,3,4,2,5,3,0,8,FALSE
Female,Loyal Customer,45,Business Travel,Eco,1028,5,3,3,3,5,5,5,2,5,5,5,5,5,4.31,416,403,TRUE
Female,Disloyal Customer,24,Business Travel,Eco,590,4,5,4,1,3,4,3,3,4,3,5,3,3,3.46,46,42,TRUE
Male,Loyal Customer,26,Business Travel,Business,370,1,1,1,1,4,4,4,4,5,2,4,4,4,3,0,0,TRUE
Female,Loyal Customer,18,Personal Travel,Eco,125,1,3,1,3,5,1,5,5,5,3,1,5,5,3.31,85,82,FALSE
Male,Loyal Customer,39,Business Travel,Business,2131,2,2,2,2,2,3,1,4,4,4,4,2,5,2.85,57,46,TRUE
Female,Loyal Customer,60,Business Travel,Business,3875,2,2,2,2,5,5,5,5,5,5,5,4,4,3.92,30,94,TRUE
Female,Loyal Customer,48,Business Travel,Business,926,4,4,4,4,3,5,5,3,3,4,3,4,5,3.92,1,0,TRUE
Male,Loyal Customer,36,Personal Travel,Eco,265,3,3,3,2,2,3,2,2,1,3,1,1,2,2.15,0,0,FALSE
Female,Loyal Customer,41,Personal Travel,Eco,639,3,1,3,4,5,3,5,5,4,2,3,3,5,3.54,0,0,FALSE
Female,Loyal Customer,70,Personal Travel,Eco,1660,2,1,1,3,1,4,4,1,1,1,1,4,3,2.08,1,0,FALSE
Male,Loyal Customer,23,Business Travel,Business,2340,4,4,4,4,2,3,2,2,5,2,4,4,2,3.23,0,0,TRUE
Male,Disloyal Customer,23,Business Travel,Eco,417,5,0,4,5,4,4,4,4,5,2,4,5,4,3.85,33,38,TRUE
Female,Disloyal Customer,22,Business Travel,Eco,946,5,5,5,2,5,5,5,5,3,4,5,3,5,4.38,0,11,TRUE
Male,Loyal Customer,46,Business Travel,Business,1050,5,5,1,5,3,4,4,4,4,4,4,3,3,3.77,0,0,TRUE
Male,Loyal Customer,23,Business Travel,Eco,680,4,2,2,2,4,4,5,4,5,3,5,1,4,3.46,0,0,TRUE
Female,Disloyal Customer,27,Business Travel,Eco,1248,2,2,2,4,3,2,3,3,1,4,2,3,3,2.62,22,33,FALSE
Female,Disloyal Customer,24,Business Travel,Eco,289,1,5,1,3,1,1,1,1,5,2,4,4,1,2.31,0,0,FALSE
Female,Loyal Customer,46,Business Travel,Eco Plus,430,1,1,1,1,2,4,3,1,1,1,1,1,2,1.54,0,0,FALSE
Male,Loyal Customer,53,Business Travel,Business,2934,3,3,3,3,4,4,4,3,3,3,3,1,2,3,0,0,FALSE
Female,Loyal Customer,38,Personal Travel,Eco,371,1,0,1,4,5,1,2,5,4,3,4,5,5,3.08,19,17,FALSE
Male,Disloyal Customer,21,Business Travel,Eco,645,0,3,0,2,2,0,2,2,2,2,4,3,2,1.85,0,0,TRUE
Male,Loyal Customer,57,Personal Travel,Eco Plus,980,3,4,3,4,4,3,4,4,4,5,4,3,4,3.77,94,73,FALSE
Female,Loyal Customer,40,Business Travel,Business,2398,2,2,2,2,3,4,5,4,4,4,4,4,4,3.38,0,0,TRUE
Male,Loyal Customer,52,Business Travel,Business,3965,1,1,1,1,4,4,4,5,5,5,5,5,5,3.54,0,0,TRUE
Female,Loyal Customer,28,Business Travel,Business,733,3,3,3,3,5,5,5,5,5,5,4,3,5,4.15,13,52,TRUE
Female,Loyal Customer,25,Business Travel,Business,1211,4,4,3,4,5,5,5,5,5,5,5,3,5,4.46,0,0,TRUE
Male,Loyal Customer,54,Business Travel,Business,371,5,5,5,5,2,4,5,4,4,4,4,5,4,4.31,21,21,TRUE
Male,Loyal Customer,65,Business Travel,Eco,258,2,1,1,1,2,2,2,2,4,5,2,1,2,2.08,0,4,FALSE
Female,Loyal Customer,37,Personal Travel,Eco,813,1,1,1,3,3,1,2,3,3,4,3,1,3,2.23,0,0,FALSE
Female,Loyal Customer,27,Personal Travel,Eco,2176,3,3,3,1,1,3,1,1,5,1,3,5,1,2.38,0,9,FALSE
Female,Loyal Customer,56,Business Travel,Business,1218,3,3,3,3,5,5,4,4,4,4,4,3,4,3.77,14,9,TRUE
Male,Loyal Customer,57,Personal Travel,Eco,2704,2,5,2,4,2,2,4,2,1,1,4,5,2,2.77,13,0,FALSE
Male,Loyal Customer,43,Business Travel,Business,237,3,3,3,3,5,4,4,5,5,5,5,3,5,4.08,0,0,TRUE
Male,Loyal Customer,30,Business Travel,Eco,1546,5,5,5,5,5,5,5,5,2,3,2,2,5,4.15,8,7,TRUE
Female,Loyal Customer,59,Business Travel,Business,1594,3,3,3,3,3,5,4,4,4,4,4,5,3,3.69,0,0,TRUE
Male,Loyal Customer,50,Business Travel,Business,2020,3,5,5,5,4,3,2,3,3,3,3,4,1,3.38,31,27,FALSE
Male,Disloyal Customer,44,Business Travel,Business,759,4,4,4,1,2,4,2,2,4,5,5,3,2,3.23,8,0,TRUE
Male,Disloyal Customer,27,Business Travel,Eco,589,1,3,1,2,5,1,5,5,2,3,2,2,5,2.85,0,0,FALSE
Male,Loyal Customer,61,Personal Travel,Business,419,2,5,2,4,5,1,4,5,5,2,5,5,1,3.54,14,0,FALSE
Female,Disloyal Customer,24,Business Travel,Eco,448,4,5,4,2,2,4,2,2,1,4,5,3,2,3.08,0,0,TRUE
Male,Loyal Customer,31,Personal Travel,Eco,1294,2,4,2,3,4,2,4,4,1,4,2,4,4,3.08,18,0,FALSE
Male,Loyal Customer,44,Business Travel,Business,74,4,4,4,4,5,4,5,5,5,5,5,5,5,4.62,0,0,TRUE
Female,Loyal Customer,66,Business Travel,Business,349,0,0,0,2,2,1,1,5,5,5,5,2,4,2.46,0,0,TRUE
Female,Loyal Customer,42,Business Travel,Eco,1416,3,2,2,2,4,4,3,3,3,3,3,2,3,2.85,0,0,FALSE
Female,Loyal Customer,54,Business Travel,Eco,2504,3,5,5,5,3,3,4,3,3,3,3,4,2,3.54,3,0,FALSE
Male,Disloyal Customer,8,Business Travel,Eco,2446,2,2,2,2,3,2,3,3,3,2,2,2,3,2.38,0,0,FALSE
Female,Loyal Customer,35,Business Travel,Eco,200,2,2,2,2,2,2,2,2,3,2,4,3,2,2.31,0,0,FALSE
Male,Disloyal Customer,27,Business Travel,Eco,1635,1,1,1,3,5,1,3,5,4,1,3,2,5,2.69,113,101,FALSE
Male,Loyal Customer,31,Business Travel,Business,2394,2,2,5,2,3,4,3,3,2,4,1,3,3,2.85,0,0,TRUE
Female,Loyal Customer,55,Personal Travel,Eco,991,4,4,3,3,2,1,3,3,3,3,3,2,2,2.77,0,5,FALSE
Male,Loyal Customer,21,Personal Travel,Eco,925,1,4,1,3,2,1,2,2,5,5,1,5,2,2.62,63,61,FALSE
Male,Disloyal Customer,28,Business Travel,Business,987,5,5,5,2,3,5,2,3,4,4,4,5,3,3.85,57,54,TRUE
Female,Loyal Customer,49,Business Travel,Business,2269,5,5,2,5,2,5,5,5,5,5,5,5,3,4.38,20,29,TRUE
Female,Disloyal Customer,22,Business Travel,Eco,335,3,2,3,3,2,3,2,2,2,3,4,2,2,2.54,87,91,FALSE
Female,Loyal Customer,69,Personal Travel,Eco,448,3,2,3,4,4,4,3,1,1,3,1,3,1,2.54,0,0,FALSE
Male,Loyal Customer,39,Business Travel,Business,3919,2,2,2,2,4,4,5,4,4,4,4,4,3,3.38,0,0,TRUE
Female,Loyal Customer,47,Business Travel,Business,816,3,3,3,3,2,4,4,5,5,5,5,4,5,3.92,2,0,TRUE
Male,Loyal Customer,55,Business Travel,Business,3268,5,5,5,5,3,5,4,5,5,5,5,3,5,4.62,0,0,TRUE
Female,Loyal Customer,33,Personal Travel,Eco Plus,598,3,1,3,4,2,3,2,2,1,3,4,1,2,2.38,90,89,FALSE
Female,Loyal Customer,53,Business Travel,Business,2811,1,1,1,1,5,5,5,5,5,5,5,4,3,3.54,0,0,TRUE
Female,Disloyal Customer,50,Business Travel,Business,447,5,1,1,4,5,5,5,5,4,4,5,5,5,4.15,1,9,TRUE
Female,Loyal Customer,24,Business Travel,Business,2665,2,2,2,2,3,3,3,3,3,3,5,3,3,2.85,29,20,TRUE
Female,Loyal Customer,41,Personal Travel,Eco,328,2,0,2,1,2,2,5,2,3,2,5,4,2,2.46,5,1,FALSE
Male,Loyal Customer,69,Personal Travel,Eco,302,1,3,1,3,2,1,2,2,4,2,3,1,2,2.08,18,26,FALSE
Male,Loyal Customer,66,Business Travel,Business,1654,3,5,5,5,2,4,4,3,3,2,3,2,3,3.38,10,5,FALSE
Female,Loyal Customer,28,Business Travel,Business,552,3,3,3,3,4,4,4,4,3,2,5,3,4,3.46,15,29,TRUE
Male,Loyal Customer,37,Business Travel,Eco,316,5,5,5,5,5,5,5,5,1,3,4,5,5,4.46,54,49,TRUE
Female,Loyal Customer,30,Personal Travel,Eco,888,2,3,2,4,1,2,1,1,2,5,3,4,1,2.38,70,81,FALSE
Female,Loyal Customer,66,Personal Travel,Eco,407,4,1,4,3,2,4,3,1,1,4,1,3,1,2.46,18,5,FALSE
Female,Loyal Customer,9,Personal Travel,Eco,100,2,1,2,3,4,2,4,4,3,2,4,2,4,2.85,0,0,FALSE
Male,Loyal Customer,53,Business Travel,Business,1217,3,4,4,4,2,3,3,3,3,3,3,4,1,3.08,26,67,FALSE
Female,Loyal Customer,39,Business Travel,Business,2224,4,3,3,3,2,3,4,3,3,4,4,2,4,3.23,0,0,FALSE
Female,Loyal Customer,37,Business Travel,Business,2216,5,5,5,5,3,5,4,5,5,5,4,1,5,4.38,1,0,TRUE
Female,Disloyal Customer,29,Business Travel,Business,775,1,1,1,2,5,1,5,5,5,3,4,3,5,3.15,2,3,FALSE
Female,Loyal Customer,46,Personal Travel,Eco,236,3,4,3,3,3,4,5,4,4,3,4,3,3,3.54,0,0,FALSE
Female,Loyal Customer,58,Business Travel,Business,2065,1,1,2,1,5,4,5,5,5,5,5,5,4,3.69,1,0,TRUE
Male,Loyal Customer,40,Business Travel,Business,2499,3,3,3,3,3,5,5,4,4,4,4,5,5,3.92,0,0,TRUE
Female,Loyal Customer,21,Personal Travel,Eco,1020,1,3,1,3,1,1,1,1,2,1,3,1,1,1.54,33,27,FALSE
Female,Disloyal Customer,29,Business Travel,Business,893,0,0,0,1,3,0,3,3,4,4,3,3,3,2.08,4,51,TRUE
Female,Loyal Customer,42,Business Travel,Business,425,4,1,1,1,4,3,3,4,4,4,4,4,1,2.92,0,0,FALSE
Male,Loyal Customer,46,Business Travel,Business,4983,1,1,1,1,4,4,4,1,3,5,5,4,4,2.92,0,0,TRUE
Female,Disloyal Customer,24,Business Travel,Eco,216,3,4,3,3,3,3,3,3,3,5,1,1,3,2.92,0,0,FALSE
Male,Loyal Customer,38,Personal Travel,Eco,453,3,2,3,3,4,3,4,4,3,1,3,1,4,2.92,3,0,FALSE
Male,Loyal Customer,45,Business Travel,Eco,351,3,2,2,2,3,3,3,1,3,1,3,3,3,2.46,189,182,FALSE
Male,Loyal Customer,32,Business Travel,Eco Plus,1208,5,5,5,5,5,5,5,5,3,3,2,2,5,4.23,29,19,TRUE
Male,Loyal Customer,23,Business Travel,Business,3244,3,3,5,3,4,4,4,4,1,4,3,4,4,3.54,13,5,TRUE
Male,Loyal Customer,24,Personal Travel,Eco Plus,187,1,5,1,3,5,1,5,5,5,1,2,1,5,3.08,0,0,FALSE
Male,Loyal Customer,54,Personal Travel,Eco,508,2,5,2,2,4,2,4,4,3,1,2,4,4,3,0,0,FALSE
Male,Loyal Customer,52,Business Travel,Business,666,1,1,1,1,4,4,4,3,3,4,3,5,4,2.92,5,5,TRUE
Male,Loyal Customer,40,Business Travel,Business,2402,2,2,2,2,3,2,2,1,3,3,3,2,2,2.23,207,227,FALSE
Male,Loyal Customer,33,Business Travel,Business,328,3,3,3,3,4,5,4,4,2,5,3,3,4,3.54,0,0,TRUE
Female,Loyal Customer,59,Business Travel,Business,3490,5,5,5,5,2,4,3,5,5,5,5,1,2,4,0,0,TRUE
Male,Loyal Customer,68,Personal Travel,Eco,1119,2,5,2,4,2,2,2,2,3,3,5,5,2,3,0,14,FALSE
Female,Disloyal Customer,72,Business Travel,Eco,526,3,2,3,4,2,3,2,2,2,2,4,2,2,2.54,0,2,FALSE
Male,Loyal Customer,23,Personal Travel,Business,299,3,5,3,3,4,3,4,4,4,3,4,5,4,3.77,4,11,FALSE
Male,Loyal Customer,52,Business Travel,Business,2703,5,5,5,5,5,3,2,5,5,5,5,2,5,4.38,0,0,TRUE
Female,Loyal Customer,52,Business Travel,Eco,719,2,5,5,5,5,4,3,2,2,2,2,3,1,3.15,0,0,FALSE
Female,Loyal Customer,43,Business Travel,Business,833,5,5,5,5,5,5,5,4,4,4,4,4,3,4.46,125,116,TRUE
Female,Loyal Customer,52,Business Travel,Eco,317,3,5,5,5,5,4,4,3,3,3,3,1,4,3.69,0,0,FALSE
Male,Loyal Customer,50,Business Travel,Business,3266,2,2,2,2,4,4,4,4,4,4,4,3,4,3.31,0,0,TRUE
Female,Loyal Customer,23,Business Travel,Business,190,0,5,0,1,4,4,4,4,5,2,5,4,4,3.23,47,62,TRUE
Male,Loyal Customer,40,Business Travel,Business,631,4,5,5,5,4,4,3,4,4,3,4,3,1,3.77,0,0,FALSE
Male,Disloyal Customer,26,Business Travel,Eco,993,2,2,2,4,3,2,2,3,2,3,3,3,3,2.62,0,2,FALSE
Female,Loyal Customer,47,Business Travel,Business,3648,4,3,3,3,5,4,3,2,2,2,4,2,1,2.92,14,33,FALSE
Female,Loyal Customer,44,Personal Travel,Eco,135,1,0,0,3,3,5,4,3,3,0,3,4,4,2.54,0,4,FALSE
Female,Loyal Customer,61,Business Travel,Business,192,0,4,0,1,5,4,5,1,1,1,1,5,3,2.38,0,0,TRUE
Female,Loyal Customer,51,Business Travel,Business,2823,5,5,5,5,2,5,4,4,4,4,4,4,3,4.15,1,0,TRUE
Female,Disloyal Customer,50,Business Travel,Eco,532,4,2,4,4,1,4,1,1,1,2,4,1,1,2.31,0,0,FALSE
Female,Loyal Customer,42,Business Travel,Business,2248,1,1,1,1,5,5,5,5,5,5,4,5,5,3.69,157,189,TRUE
Female,Loyal Customer,24,Business Travel,Business,2879,4,4,4,4,5,5,5,5,4,3,4,5,5,4.38,0,0,TRUE
Male,Loyal Customer,17,Personal Travel,Eco Plus,642,2,4,2,2,2,2,2,2,5,4,4,3,2,2.77,24,20,FALSE
Female,Loyal Customer,9,Personal Travel,Eco,1237,2,4,2,2,4,2,4,4,3,3,5,3,4,3.23,9,32,FALSE
Female,Disloyal Customer,25,Business Travel,Eco,1416,1,1,1,3,3,1,3,3,1,4,5,3,3,2.46,0,0,FALSE
Female,Loyal Customer,58,Personal Travel,Eco Plus,192,3,5,3,4,2,5,5,5,5,3,5,5,3,4.08,0,3,FALSE
Female,Loyal Customer,42,Business Travel,Business,401,3,1,1,1,3,3,3,2,2,4,4,3,3,2.54,134,132,FALSE
Male,Disloyal Customer,38,Business Travel,Eco,387,3,0,3,1,3,3,3,3,1,2,5,5,3,2.69,1,0,FALSE
Male,Disloyal Customer,25,Business Travel,Business,501,2,4,2,4,3,2,3,3,4,5,5,4,3,3.38,0,2,FALSE
Male,Loyal Customer,29,Personal Travel,Eco,612,3,5,3,4,4,3,4,4,4,5,5,4,4,4,0,29,FALSE
Female,Disloyal Customer,29,Business Travel,Business,1282,5,5,5,3,2,5,2,2,4,2,4,4,2,3.46,0,0,TRUE
Male,Loyal Customer,58,Business Travel,Business,2006,1,1,1,1,5,1,1,5,5,5,5,2,3,2.77,0,20,TRUE
Male,Disloyal Customer,37,Business Travel,Business,2288,2,2,2,5,4,2,4,4,3,2,3,4,4,3.15,21,3,FALSE
Female,Loyal Customer,20,Personal Travel,Eco,644,2,4,1,4,1,1,1,1,3,4,2,3,1,2.15,18,0,FALSE
Female,Loyal Customer,18,Personal Travel,Eco,910,1,4,1,3,4,1,4,4,3,4,5,3,4,3.15,0,0,FALSE
Female,Loyal Customer,67,Personal Travel,Eco,2419,1,4,1,3,1,1,1,3,5,4,4,1,1,2.31,48,49,FALSE
Male,Loyal Customer,37,Business Travel,Business,1972,1,1,1,1,5,5,5,5,5,5,5,4,5,3.69,0,0,TRUE
Female,Loyal Customer,37,Business Travel,Business,2783,4,3,4,4,2,3,3,4,4,4,4,3,4,3.54,3,1,TRUE
Male,Loyal Customer,59,Business Travel,Business,3380,5,1,5,5,4,5,5,5,5,5,5,4,5,4.54,0,0,TRUE
Male,Loyal Customer,17,Personal Travel,Eco Plus,296,3,5,3,5,2,3,2,2,4,2,5,4,2,3.23,0,0,FALSE
Female,Loyal Customer,55,Personal Travel,Eco,404,4,5,4,4,5,4,5,2,2,4,2,4,5,3.85,91,85,FALSE
Female,Loyal Customer,45,Business Travel,Business,1865,5,1,5,5,3,4,5,5,5,5,5,4,3,4.23,1,3,TRUE
Female,Loyal Customer,8,Personal Travel,Eco Plus,335,4,4,4,1,2,4,2,2,5,5,5,3,2,3.31,18,21,FALSE
Female,Disloyal Customer,37,Business Travel,Eco,596,5,0,5,4,4,5,4,4,3,1,1,2,4,3.23,0,0,TRUE
Female,Loyal Customer,68,Personal Travel,Eco Plus,372,2,5,3,4,4,3,5,1,1,3,1,1,5,2.92,1,0,FALSE
Female,Loyal Customer,54,Business Travel,Eco,280,1,1,1,1,2,4,4,1,1,1,1,1,4,1.77,8,8,FALSE
Female,Loyal Customer,51,Personal Travel,Eco,2586,2,4,2,3,4,4,4,5,5,2,3,5,4,3.62,0,0,FALSE
Female,Loyal Customer,50,Business Travel,Business,1806,1,1,1,1,3,4,2,5,5,5,5,5,5,3.31,16,19,TRUE
Female,Loyal Customer,63,Personal Travel,Eco,2342,1,4,1,3,4,3,2,2,2,1,2,5,5,2.69,0,0,FALSE
Male,Loyal Customer,58,Business Travel,Business,3823,2,3,3,3,2,2,2,4,3,4,3,2,2,2.69,149,136,FALSE
Female,Loyal Customer,25,Business Travel,Business,3866,1,3,3,3,1,1,1,1,1,2,3,2,1,1.77,0,1,FALSE
Male,Loyal Customer,68,Personal Travel,Eco Plus,528,3,5,3,2,2,3,4,2,4,5,5,4,2,3.38,0,0,FALSE
Male,Disloyal Customer,28,Business Travel,Eco,391,1,0,1,2,1,1,1,1,3,1,5,5,1,1.77,0,0,FALSE
Female,Loyal Customer,29,Business Travel,Business,992,1,3,3,3,1,1,1,1,2,2,2,1,1,1.69,0,19,FALSE
Female,Loyal Customer,48,Business Travel,Eco,199,4,1,1,1,5,1,1,4,4,4,4,4,4,2.92,0,0,TRUE
Female,Loyal Customer,45,Business Travel,Business,2071,3,3,3,3,3,5,5,5,5,5,5,5,4,4.15,0,38,TRUE
Male,Loyal Customer,58,Personal Travel,Eco,748,3,4,4,5,2,4,2,2,5,3,5,4,2,3.46,0,0,FALSE
Female,Loyal Customer,41,Personal Travel,Eco,828,0,4,0,1,3,0,3,3,5,2,5,5,3,2.62,0,0,TRUE
Female,Loyal Customer,23,Business Travel,Business,1936,0,0,0,3,5,3,3,5,5,1,4,3,5,2.85,0,0,TRUE
Male,Loyal Customer,47,Business Travel,Business,3249,1,1,1,1,4,4,4,5,5,5,5,4,5,3.46,26,14,TRUE
Female,Loyal Customer,53,Business Travel,Business,697,3,3,3,3,2,3,4,4,4,4,4,2,4,3.31,5,24,TRUE
Female,Disloyal Customer,39,Business Travel,Business,404,2,2,2,4,4,2,4,4,3,5,4,1,4,3.15,0,0,FALSE
Male,Loyal Customer,58,Business Travel,Business,3005,1,1,1,1,4,5,4,4,4,5,4,5,3,3.23,0,0,TRUE
Female,Disloyal Customer,11,Business Travel,Eco,991,2,2,2,2,5,2,5,5,4,5,3,2,5,3.38,0,0,FALSE
Female,Loyal Customer,23,Personal Travel,Eco,993,3,4,3,1,4,3,3,4,4,5,4,3,4,3.46,13,0,FALSE
Male,Loyal Customer,26,Business Travel,Business,547,5,5,1,5,4,4,4,4,3,5,5,3,4,4,0,0,TRUE
Female,Loyal Customer,7,Personal Travel,Eco,1188,5,4,5,3,4,5,1,4,4,2,3,1,4,3.46,0,0,TRUE
Female,Loyal Customer,34,Business Travel,Business,2454,1,1,1,1,4,4,4,4,2,4,5,4,4,3,8,12,TRUE
Male,Loyal Customer,10,Personal Travel,Eco,1590,4,4,4,1,2,4,2,2,5,2,3,4,2,3,85,64,FALSE
Male,Loyal Customer,23,Personal Travel,Eco,372,5,0,5,1,4,5,4,4,4,4,5,5,4,3.85,0,0,TRUE
Male,Loyal Customer,58,Business Travel,Business,1723,3,3,3,3,2,2,3,3,3,2,3,3,3,2.77,0,27,FALSE
Female,Loyal Customer,55,Personal Travel,Eco,349,5,1,5,3,4,4,4,5,5,5,5,1,1,3.69,0,0,TRUE
Female,Loyal Customer,68,Personal Travel,Eco,227,1,5,1,4,4,5,5,3,3,1,3,3,5,3.31,80,72,FALSE
Male,Loyal Customer,78,Business Travel,Eco Plus,317,3,4,3,4,3,3,3,3,1,4,4,2,3,3.08,32,38,FALSE
Female,Disloyal Customer,64,Business Travel,Eco,812,1,1,1,3,1,1,1,1,3,3,4,1,1,1.69,74,84,FALSE
Female,Loyal Customer,41,Business Travel,Business,1945,3,3,3,3,3,5,4,5,5,5,5,5,3,4,0,0,TRUE
Female,Loyal Customer,32,Business Travel,Business,2985,2,4,5,5,2,2,2,2,2,3,4,1,2,2.77,22,17,FALSE
Male,Loyal Customer,35,Business Travel,Business,592,1,1,1,1,4,4,4,4,4,4,4,5,4,3.15,0,10,TRUE
Female,Loyal Customer,53,Business Travel,Business,1085,4,4,4,4,3,5,5,4,4,4,4,3,5,4.08,16,4,TRUE
Female,Loyal Customer,46,Business Travel,Business,1671,4,4,4,4,3,5,4,4,4,4,4,3,5,4,123,110,TRUE
Female,Disloyal Customer,30,Business Travel,Business,733,2,3,3,3,5,3,5,5,5,3,4,5,5,3.92,0,0,FALSE
Female,Loyal Customer,52,Business Travel,Business,2310,1,1,1,1,4,1,5,5,5,5,5,4,3,3.15,3,25,TRUE
Male,Disloyal Customer,17,Business Travel,Eco,725,4,4,4,3,3,4,3,3,1,1,3,1,3,2.85,81,58,FALSE
Female,Loyal Customer,50,Business Travel,Business,2374,2,2,2,2,3,5,5,5,5,5,5,4,5,3.85,3,0,TRUE
Male,Loyal Customer,45,Business Travel,Business,391,5,5,5,5,2,5,4,5,5,5,5,5,4,4.62,41,43,TRUE
Female,Loyal Customer,25,Business Travel,Eco,606,2,3,3,3,2,2,3,2,1,2,3,3,2,2.38,30,28,FALSE
Male,Loyal Customer,41,Business Travel,Eco,572,2,5,5,5,2,2,2,2,1,3,3,3,2,2.85,45,39,FALSE
Male,Loyal Customer,33,Business Travel,Business,3782,5,3,5,5,5,5,5,5,4,2,2,1,5,4,10,14,TRUE
Female,Disloyal Customer,36,Business Travel,Eco,524,3,2,3,4,3,3,3,3,3,3,4,1,3,2.92,8,20,FALSE
Female,Loyal Customer,43,Personal Travel,Eco,67,3,5,3,4,3,4,4,4,4,3,4,4,3,3.69,0,0,FALSE
Male,Loyal Customer,8,Personal Travel,Eco,1464,4,4,4,4,1,4,1,1,4,4,4,3,1,3,2,0,FALSE
Male,Loyal Customer,62,Personal Travel,Eco Plus,2504,3,2,3,4,2,3,2,2,3,4,3,4,2,2.85,0,0,FALSE
Male,Loyal Customer,57,Business Travel,Business,2571,5,5,5,5,3,5,5,5,5,5,5,5,3,4.69,0,0,TRUE
Female,Loyal Customer,47,Business Travel,Business,1940,4,4,4,4,5,5,5,4,4,4,4,5,5,4.38,0,0,TRUE
Female,Loyal Customer,51,Business Travel,Eco,377,3,1,1,1,2,2,5,3,3,3,3,4,1,2.46,0,0,TRUE
Male,Loyal Customer,45,Personal Travel,Eco,2615,3,5,3,3,2,3,2,2,5,4,4,3,2,3.15,0,0,FALSE
Female,Loyal Customer,38,Business Travel,Eco Plus,192,5,3,3,3,5,5,5,5,2,5,2,3,5,3.92,4,5,TRUE
Female,Loyal Customer,57,Business Travel,Business,957,4,4,4,4,2,5,4,3,3,3,3,3,4,3.54,25,30,TRUE
Female,Loyal Customer,23,Personal Travel,Eco,84,1,3,1,1,4,1,4,4,4,5,2,2,4,2.77,0,0,FALSE
Male,Loyal Customer,44,Business Travel,Business,3885,2,2,2,2,2,4,5,4,4,3,4,3,3,3.08,10,0,TRUE
Male,Loyal Customer,49,Personal Travel,Eco,134,5,1,5,3,4,5,4,4,1,2,2,3,4,3.31,0,0,TRUE
Female,Loyal Customer,45,Business Travel,Business,1790,5,4,5,5,4,5,5,4,4,4,4,4,4,4.38,0,0,TRUE
Male,Loyal Customer,40,Personal Travel,Eco Plus,301,4,5,4,4,5,4,5,5,3,2,5,4,5,4.23,0,0,TRUE
Female,Loyal Customer,46,Business Travel,Eco,384,4,2,2,2,2,2,2,4,4,4,4,1,3,2.77,14,26,TRUE
Female,Loyal Customer,60,Business Travel,Business,749,2,2,2,2,5,5,5,4,4,4,4,4,4,3.62,14,17,TRUE
Female,Loyal Customer,64,Personal Travel,Eco,588,4,2,4,4,3,3,4,2,2,4,2,2,4,3.08,0,0,FALSE
Male,Loyal Customer,31,Business Travel,Eco,236,1,4,3,4,1,1,1,1,2,2,3,2,1,2,30,36,FALSE
Female,Loyal Customer,40,Business Travel,Business,2973,3,3,3,3,5,4,5,4,4,4,4,4,4,3.85,0,0,TRUE
Male,Loyal Customer,26,Personal Travel,Eco,802,4,2,4,2,3,4,3,3,2,4,3,4,3,3.15,0,6,FALSE
Male,Loyal Customer,55,Business Travel,Eco,794,5,1,1,1,5,5,5,5,5,5,3,1,5,3.62,18,2,TRUE
Male,Loyal Customer,44,Personal Travel,Eco Plus,1217,2,3,2,3,3,2,3,3,2,5,4,1,3,2.77,9,10,FALSE
Male,Loyal Customer,40,Business Travel,Business,748,1,1,1,1,4,4,4,4,4,4,4,3,3,2.92,0,0,TRUE
Male,Loyal Customer,60,Business Travel,Business,862,5,5,5,5,3,4,5,5,5,4,5,3,5,4.54,3,0,TRUE
Male,Loyal Customer,26,Business Travel,Business,1671,3,3,2,3,5,5,5,5,5,2,3,4,5,3.85,0,0,TRUE
Male,Loyal Customer,38,Business Travel,Business,2005,2,2,2,2,3,5,5,5,5,5,5,5,3,3.77,2,0,TRUE
Female,Loyal Customer,51,Business Travel,Business,3173,2,1,2,1,2,3,3,2,2,2,2,4,1,2.08,0,13,FALSE
Female,Disloyal Customer,16,Business Travel,Business,907,4,5,5,3,3,5,3,3,4,5,5,3,3,3.92,0,0,TRUE
Female,Loyal Customer,12,Personal Travel,Eco,371,4,1,4,4,3,4,3,3,2,3,4,3,3,3.15,0,0,FALSE
Female,Disloyal Customer,25,Business Travel,Eco,954,3,3,3,2,4,3,4,4,2,3,3,3,4,3.15,0,0,FALSE
Male,Loyal Customer,68,Personal Travel,Eco,994,3,4,3,3,2,3,2,2,5,3,5,3,2,3.08,5,5,FALSE
Female,Disloyal Customer,41,Business Travel,Eco Plus,1605,2,2,2,3,1,2,1,1,3,5,3,3,1,2.23,26,18,FALSE
Female,Loyal Customer,77,Business Travel,Business,3167,2,4,4,4,4,3,2,2,2,2,2,1,1,2.54,0,0,FALSE
Male,Loyal Customer,52,Business Travel,Eco,1635,4,2,2,2,4,4,4,4,4,4,1,3,4,3.23,0,0,FALSE
Female,Disloyal Customer,25,Business Travel,Business,431,4,0,4,5,1,4,1,1,4,5,4,4,1,2.92,0,0,FALSE
Male,Disloyal Customer,16,Business Travel,Eco,1246,2,2,2,4,2,2,2,2,3,3,2,2,2,2.31,64,82,FALSE
Male,Loyal Customer,46,Business Travel,Business,349,1,1,1,1,3,5,5,5,5,4,5,4,4,3.38,4,0,TRUE
Female,Loyal Customer,56,Business Travel,Business,2672,2,2,2,2,2,3,4,2,2,1,2,4,2,2.31,81,89,FALSE
Male,Loyal Customer,14,Personal Travel,Eco,2586,3,1,2,3,1,2,1,1,2,5,4,2,1,2.15,0,0,FALSE
Female,Loyal Customer,26,Personal Travel,Eco,696,3,1,3,4,1,3,1,1,2,3,3,3,1,2.23,1,0,FALSE
Female,Loyal Customer,24,Personal Travel,Eco,280,3,4,3,4,2,3,2,2,5,3,5,3,2,3.15,0,0,FALSE
Female,Loyal Customer,69,Business Travel,Eco,448,4,3,3,3,2,3,4,4,4,4,4,2,2,3.23,10,0,FALSE
Male,Loyal Customer,47,Personal Travel,Eco,907,1,4,1,3,1,5,5,3,3,4,5,5,5,3.46,377,368,FALSE
Female,Loyal Customer,33,Personal Travel,Eco,1069,2,4,1,3,2,1,2,2,5,4,5,3,2,2.77,50,37,FALSE
Female,Loyal Customer,46,Business Travel,Business,423,3,3,3,3,4,5,4,4,4,5,4,5,4,3.92,7,0,TRUE
Male,Loyal Customer,48,Business Travel,Eco,321,4,1,1,1,4,4,4,4,1,3,4,3,4,2.92,3,0,TRUE
Female,Loyal Customer,52,Personal Travel,Eco,696,2,4,2,1,3,3,4,2,2,2,2,1,5,2.54,113,93,FALSE
Female,Disloyal Customer,37,Business Travel,Eco,346,4,1,4,4,1,4,1,1,1,2,3,2,1,2.23,4,0,FALSE
Male,Disloyal Customer,26,Personal Travel,Eco,957,2,3,1,3,1,1,1,1,2,2,3,1,1,1.69,0,0,FALSE
Male,Loyal Customer,30,Business Travel,Business,3122,2,2,2,2,4,4,4,4,4,5,4,3,4,3.38,0,0,TRUE
Male,Loyal Customer,49,Business Travel,Business,1569,2,2,2,2,3,4,4,4,4,4,4,4,4,3.31,0,0,TRUE
Female,Loyal Customer,57,Business Travel,Business,134,1,1,1,1,2,4,4,3,3,3,1,2,2,2.15,0,0,FALSE
Male,Loyal Customer,50,Business Travel,Eco,259,5,5,5,5,5,5,5,5,4,4,4,5,5,4.77,0,0,TRUE
Female,Disloyal Customer,22,Business Travel,Eco,473,4,2,4,3,5,4,5,5,4,4,3,3,5,3.92,0,0,FALSE
Male,Loyal Customer,22,Personal Travel,Eco Plus,1576,2,5,2,4,4,2,4,4,4,4,4,3,4,3.54,0,0,FALSE
Male,Loyal Customer,63,Personal Travel,Eco,1874,4,4,4,3,1,4,1,1,2,5,4,1,1,2.69,1,6,FALSE
Female,Disloyal Customer,21,Business Travel,Business,588,5,5,5,2,2,5,2,2,4,3,5,3,2,3.46,0,0,TRUE
Male,Loyal Customer,25,Personal Travel,Eco Plus,2486,5,3,5,2,5,4,4,5,2,3,4,4,4,3.85,0,0,TRUE
Female,Loyal Customer,11,Personal Travel,Eco,1660,3,5,3,4,5,3,5,5,5,5,5,5,5,4.46,0,10,FALSE
Female,Loyal Customer,39,Business Travel,Eco,101,5,3,3,3,5,5,5,5,3,3,3,3,5,3.92,2,13,TRUE
Male,Loyal Customer,54,Business Travel,Business,316,3,1,3,3,4,5,5,5,5,5,5,5,3,4,0,0,TRUE
Female,Loyal Customer,51,Business Travel,Business,3802,4,4,4,4,5,4,4,5,5,5,5,4,4,4.38,20,35,TRUE
Female,Loyal Customer,49,Business Travel,Business,2977,3,3,3,3,4,5,5,5,5,5,5,3,3,4,1,0,TRUE
Male,Loyal Customer,50,Business Travel,Business,867,4,4,4,4,2,5,5,4,4,4,4,2,5,3.92,0,0,TRUE
Female,Loyal Customer,23,Personal Travel,Eco,566,2,5,2,4,2,2,2,2,4,4,4,4,2,3,6,0,FALSE
Male,Loyal Customer,52,Business Travel,Eco,604,4,5,5,5,4,4,4,4,1,2,4,4,4,3.85,0,0,TRUE
Male,Loyal Customer,18,Personal Travel,Eco,558,2,3,2,4,1,2,3,1,1,5,4,4,1,2.54,8,5,FALSE
Female,Loyal Customer,41,Business Travel,Business,447,1,1,1,1,3,5,5,4,4,4,4,4,5,3.23,0,0,TRUE
Female,Loyal Customer,15,Personal Travel,Eco,1053,1,4,1,4,5,1,1,5,3,3,3,3,5,3,11,15,FALSE
Male,Loyal Customer,50,Business Travel,Business,1587,4,4,4,4,4,4,5,5,5,5,5,5,3,4.38,0,0,TRUE
Female,Loyal Customer,17,Personal Travel,Eco,733,1,2,1,4,5,1,1,5,4,2,4,1,5,2.77,0,4,FALSE
Female,Disloyal Customer,39,Business Travel,Business,308,4,4,4,1,1,4,1,1,5,4,4,5,1,3,52,65,FALSE
Male,Loyal Customer,46,Business Travel,Business,1931,1,1,1,1,4,4,5,5,5,5,5,4,3,3.38,0,0,TRUE
Female,Loyal Customer,48,Business Travel,Eco,508,4,2,2,2,3,4,1,4,4,4,4,1,3,2.92,54,48,TRUE
Female,Loyal Customer,21,Personal Travel,Eco,1123,3,4,3,3,3,3,5,3,4,2,4,3,3,3.31,0,41,FALSE
Male,Loyal Customer,50,Business Travel,Eco Plus,436,4,2,3,2,4,4,4,4,1,2,3,1,4,2.92,0,0,FALSE
Female,Disloyal Customer,25,Business Travel,Eco,438,2,5,2,4,2,5,5,5,1,4,3,5,5,3.69,141,128,FALSE
Female,Disloyal Customer,41,Business Travel,Business,614,4,4,4,3,5,4,5,5,5,1,2,1,5,3.69,0,0,TRUE
Male,Loyal Customer,40,Business Travel,Business,733,5,5,5,5,4,5,4,5,5,5,5,3,3,4.54,0,0,TRUE
Male,Disloyal Customer,43,Business Travel,Eco,601,2,3,2,1,3,2,3,3,5,4,2,1,3,2.62,0,0,FALSE
Male,Loyal Customer,24,Business Travel,Business,2721,1,1,1,1,5,5,5,5,5,3,4,4,5,3.46,27,16,TRUE
Male,Loyal Customer,50,Business Travel,Eco Plus,140,2,2,2,2,2,2,2,2,2,1,3,1,2,1.92,0,0,FALSE
Male,Loyal Customer,25,Personal Travel,Eco,679,4,5,4,4,2,4,2,2,5,4,4,3,2,3.46,0,0,FALSE
Male,Loyal Customer,61,Personal Travel,Eco,325,2,5,2,2,1,2,1,1,4,3,2,5,1,2.38,5,1,FALSE
Female,Loyal Customer,57,Personal Travel,Eco Plus,1121,4,1,4,3,4,2,2,1,1,4,1,4,4,2.69,0,0,FALSE
Male,Disloyal Customer,38,Business Travel,Business,299,4,4,4,1,3,4,3,3,5,5,4,5,3,3.69,0,0,TRUE
Female,Loyal Customer,53,Business Travel,Business,2955,2,2,2,2,2,4,5,5,5,5,5,3,5,3.62,25,17,TRUE
Female,Loyal Customer,24,Personal Travel,Eco,787,4,5,4,3,3,4,3,3,5,4,5,5,3,3.92,10,0,FALSE
Female,Loyal Customer,47,Business Travel,Business,1437,3,4,4,4,4,2,2,3,3,3,3,4,1,3.08,2,,FALSE
Male,Loyal Customer,65,Personal Travel,Eco,458,2,4,2,3,2,2,2,2,3,2,5,5,2,2.77,12,3,FALSE
Female,Disloyal Customer,46,Business Travel,Business,1476,1,1,1,3,5,1,5,5,4,4,5,5,5,3.46,8,0,FALSE
Male,Disloyal Customer,14,Business Travel,Eco,854,1,2,2,3,2,2,2,2,3,5,3,2,2,2.38,9,7,FALSE
Male,Disloyal Customer,37,Business Travel,Eco,488,0,3,0,4,5,0,5,5,5,4,5,4,5,3.46,0,0,TRUE
Female,Disloyal Customer,57,Business Travel,Eco,409,4,1,4,3,4,4,4,4,2,3,3,1,4,3.15,23,54,FALSE
Female,Loyal Customer,33,Business Travel,Business,3442,2,4,4,4,2,3,4,2,2,2,2,2,3,2.77,0,0,FALSE
Male,Loyal Customer,36,Business Travel,Business,696,2,4,4,4,4,4,3,2,2,2,2,1,4,2.92,17,15,FALSE
Female,Loyal Customer,42,Personal Travel,Eco Plus,334,1,3,4,4,1,1,5,5,5,4,3,2,5,3.31,59,37,FALSE
Female,Disloyal Customer,22,Business Travel,Eco,533,2,0,2,4,3,2,2,3,2,4,3,4,3,2.62,30,27,FALSE
Male,Disloyal Customer,22,Business Travel,Eco,645,3,0,3,3,1,3,1,1,4,5,1,5,1,2.38,0,0,FALSE
Male,Loyal Customer,21,Business Travel,Business,1092,4,4,2,4,3,3,3,3,4,3,4,3,3,3.31,6,0,TRUE
Female,Loyal Customer,51,Business Travel,Business,3683,1,1,2,1,5,4,3,5,5,5,5,4,3,3.38,0,12,TRUE
Female,Loyal Customer,25,Personal Travel,Eco,489,2,3,2,4,1,2,1,1,2,1,3,2,1,1.92,0,0,FALSE
Female,Loyal Customer,11,Personal Travel,Eco,301,2,5,2,3,3,2,3,3,3,2,5,3,3,3,0,0,FALSE
Female,Loyal Customer,35,Business Travel,Eco,500,2,1,1,1,2,2,2,2,1,1,4,4,2,1.92,0,16,FALSE
Female,Loyal Customer,29,Business Travel,Business,3433,2,1,1,1,2,2,2,2,2,2,4,2,2,1.92,18,10,FALSE
Male,Loyal Customer,48,Business Travel,Business,651,5,5,5,5,4,5,4,5,5,5,5,4,5,4.77,0,0,TRUE
Male,Disloyal Customer,17,Business Travel,Business,746,0,4,0,5,3,4,3,3,5,2,5,5,3,3.23,0,0,TRUE
Female,Loyal Customer,41,Business Travel,Business,2727,4,4,4,4,5,4,4,4,4,4,4,4,3,4,0,0,TRUE
Female,Loyal Customer,43,Business Travel,Eco,391,5,2,3,2,5,5,5,5,4,3,5,5,5,4.15,469,493,TRUE
Male,Loyal Customer,54,Personal Travel,Eco,545,3,5,3,2,2,3,1,2,3,1,5,5,2,2.85,34,27,FALSE
Male,Loyal Customer,41,Business Travel,Business,1514,5,5,5,5,3,5,4,4,4,4,4,5,3,4.31,0,0,TRUE
Female,Loyal Customer,16,Business Travel,Business,1560,2,3,3,3,2,2,2,2,4,5,4,2,2,2.77,8,0,FALSE
Female,Disloyal Customer,22,Business Travel,Eco,802,2,2,2,4,4,2,4,4,2,5,4,4,4,3.31,6,0,FALSE
Male,Loyal Customer,54,Business Travel,Eco,694,3,2,2,2,2,3,2,2,1,1,4,3,2,2.23,0,3,FALSE
Male,Disloyal Customer,30,Business Travel,Eco Plus,337,2,2,2,4,1,2,1,1,2,3,3,4,1,2.15,0,0,FALSE
Male,Loyal Customer,41,Business Travel,Business,2724,2,3,2,3,2,2,2,1,3,4,3,2,2,2.38,4,14,FALSE
Female,Loyal Customer,23,Business Travel,Business,3118,4,3,3,3,4,4,4,4,1,3,4,4,4,3.46,5,3,FALSE
Male,Loyal Customer,21,Personal Travel,Eco,1310,3,5,3,5,4,3,5,4,3,4,5,3,4,3.92,0,4,FALSE
Female,Disloyal Customer,21,Business Travel,Eco,1080,2,2,2,1,1,2,1,1,4,4,4,3,1,2.15,0,0,FALSE
Female,Loyal Customer,34,Business Travel,Eco,135,4,5,5,5,4,4,4,4,2,2,1,5,4,3.77,0,0,TRUE
Male,Loyal Customer,41,Business Travel,Business,1045,3,2,3,3,4,5,5,4,4,4,4,4,3,3.69,0,0,TRUE
Male,Loyal Customer,10,Personal Travel,Eco,1188,2,4,2,2,5,2,5,5,3,2,4,4,5,3.46,32,25,FALSE
Male,Loyal Customer,41,Business Travel,Business,1504,2,2,2,2,4,5,5,5,5,5,5,5,3,3.85,0,0,TRUE
Female,Loyal Customer,53,Business Travel,Business,3329,2,2,5,2,5,2,2,1,1,1,2,2,4,2.38,0,0,FALSE
Male,Loyal Customer,41,Business Travel,Business,1299,4,4,4,4,3,5,5,5,5,5,5,5,3,4.38,5,6,TRUE
Female,Disloyal Customer,24,Business Travel,Eco,2399,3,3,3,4,5,3,5,5,5,2,3,3,5,3.77,3,0,FALSE
Male,Disloyal Customer,40,Business Travel,Eco,674,4,4,4,2,5,4,5,5,2,5,3,4,5,4,42,25,FALSE
Female,Loyal Customer,65,Business Travel,Business,591,3,3,3,3,2,2,4,3,3,2,3,2,2,2.69,0,0,FALSE
Male,Loyal Customer,43,Business Travel,Business,719,3,3,4,3,3,4,5,5,5,5,5,3,3,3.92,3,11,TRUE
Female,Disloyal Customer,39,Business Travel,Business,920,3,3,3,3,2,3,2,2,3,5,5,3,2,3,0,40,TRUE
Male,Loyal Customer,58,Personal Travel,Business,1205,3,1,3,1,4,2,2,4,4,3,4,3,4,2.92,53,61,FALSE
Female,Disloyal Customer,24,Business Travel,Eco,342,2,5,2,3,4,2,4,4,3,2,5,4,4,3.38,0,0,FALSE
Female,Loyal Customer,16,Personal Travel,Eco,1400,2,2,2,3,4,2,4,4,2,5,2,4,4,3.08,0,0,FALSE
Female,Loyal Customer,18,Personal Travel,Eco,432,3,4,3,3,5,3,5,5,3,5,5,4,5,4.08,7,0,FALSE
Female,Disloyal Customer,24,Business Travel,Business,632,5,5,5,4,2,5,2,2,4,5,5,5,2,3.92,0,0,TRUE
Male,Disloyal Customer,33,Business Travel,Business,604,2,2,2,3,5,2,5,5,3,2,5,3,5,3.38,54,65,FALSE
Female,Disloyal Customer,27,Business Travel,Business,786,0,0,0,4,1,0,1,1,5,2,3,4,1,1.69,0,0,TRUE
Male,Loyal Customer,35,Personal Travel,Eco,862,1,3,2,3,4,2,5,4,2,4,3,4,4,3.15,0,4,FALSE
Male,Disloyal Customer,21,Business Travel,Eco,129,1,2,1,3,3,1,3,3,2,4,4,1,3,2.38,0,7,FALSE
Female,Loyal Customer,61,Personal Travel,Eco,507,1,5,1,2,5,4,4,3,3,1,3,5,4,3.15,4,0,FALSE
Male,Disloyal Customer,9,Business Travel,Eco,1162,1,1,1,4,3,1,3,3,4,2,3,4,3,2.54,0,55,FALSE
Male,Loyal Customer,61,Personal Travel,Eco,760,2,5,2,4,2,3,3,5,2,5,5,3,3,3.38,318,325,FALSE
Female,Loyal Customer,51,Business Travel,Business,2402,4,4,4,4,5,5,5,4,3,4,4,5,5,4.31,5,0,TRUE
Female,Loyal Customer,60,Business Travel,Business,419,4,4,4,4,2,5,5,5,5,5,5,3,5,4.31,11,0,TRUE
Male,Disloyal Customer,33,Business Travel,Business,321,1,1,1,4,5,1,5,5,3,2,5,3,5,3.15,0,0,FALSE
Female,Loyal Customer,59,Business Travel,Business,2153,3,3,2,3,2,5,4,5,5,5,5,4,3,3.77,2,0,TRUE
Female,Disloyal Customer,22,Business Travel,Eco,414,4,5,4,4,2,4,2,2,3,2,4,4,2,3.23,0,0,FALSE
Male,Loyal Customer,62,Personal Travel,Eco,401,3,5,3,3,1,3,1,1,3,1,4,5,1,2.62,6,5,FALSE
Female,Loyal Customer,9,Business Travel,Business,2419,3,4,4,4,3,3,3,3,3,2,4,3,3,3.23,17,0,FALSE
Male,Loyal Customer,47,Business Travel,Business,2100,2,2,5,2,5,2,3,4,4,4,5,4,4,3.54,1,2,TRUE
Female,Loyal Customer,16,Personal Travel,Eco,612,2,5,2,3,5,2,5,5,3,4,1,3,5,3.46,7,5,FALSE
Female,Loyal Customer,46,Business Travel,Business,3978,1,2,4,2,1,3,2,1,1,1,1,1,3,1.77,44,38,FALSE
Male,Loyal Customer,52,Business Travel,Business,484,2,2,2,2,4,4,4,4,4,4,4,4,3,3.31,0,0,TRUE
Female,Loyal Customer,33,Business Travel,Eco,216,3,4,4,4,3,3,3,3,2,3,2,3,3,3.08,0,0,FALSE
Male,Disloyal Customer,46,Business Travel,Eco,409,2,4,2,3,3,2,4,3,1,1,2,4,3,2.62,68,80,FALSE
Male,Loyal Customer,74,Business Travel,Business,468,1,3,3,3,4,3,3,1,1,1,1,4,3,2.38,45,33,FALSE
Female,Disloyal Customer,30,Business Travel,Business,1009,4,4,4,4,4,4,4,4,4,4,4,4,4,4,28,34,FALSE
Female,Loyal Customer,16,Personal Travel,Eco,2603,1,3,1,2,1,5,5,2,1,3,3,5,5,2.85,4,33,FALSE
Male,Loyal Customer,30,Personal Travel,Eco Plus,413,2,5,2,2,4,2,3,4,4,3,4,4,4,3.31,0,11,FALSE
Male,Loyal Customer,46,Business Travel,Business,2397,2,2,2,2,5,1,5,5,5,5,4,5,3,3.54,0,0,TRUE
Female,Disloyal Customer,43,Business Travel,Eco,413,2,2,2,4,4,2,4,4,3,1,4,4,4,3.08,10,2,FALSE
Male,Disloyal Customer,37,Business Travel,Eco,262,4,0,4,5,2,4,2,2,3,4,2,5,2,3,0,5,FALSE
Male,Loyal Customer,50,Business Travel,Eco,456,4,4,2,4,4,4,4,4,5,4,2,4,4,3.77,1,10,TRUE
Male,Loyal Customer,45,Personal Travel,Eco,678,4,3,3,4,3,3,3,3,2,5,3,1,3,3.08,1,0,FALSE
Female,Disloyal Customer,41,Business Travel,Business,612,5,5,5,4,4,5,4,4,5,3,4,3,4,4.23,0,0,TRUE
Male,Disloyal Customer,20,Business Travel,Eco,74,4,0,5,1,2,5,2,2,5,5,5,3,2,3.15,0,0,TRUE
Female,Loyal Customer,50,Personal Travel,Eco Plus,119,1,3,1,3,1,3,2,5,5,1,5,3,5,2.92,0,0,FALSE
Male,Loyal Customer,17,Business Travel,Eco Plus,594,5,1,1,1,5,5,4,5,1,1,4,1,5,3,0,0,TRUE
Female,Loyal Customer,58,Business Travel,Business,262,0,1,1,4,5,4,4,4,4,4,4,5,4,3.38,0,0,TRUE
Male,Loyal Customer,49,Business Travel,Business,2409,1,1,1,1,4,4,5,4,4,4,4,3,4,3.08,3,1,TRUE
Female,Loyal Customer,57,Personal Travel,Eco,333,0,4,0,3,4,4,4,1,1,0,1,3,3,2.15,3,0,TRUE
Male,Loyal Customer,49,Personal Travel,Eco,577,4,2,4,4,1,4,2,1,1,1,3,3,1,2.38,0,0,FALSE
Female,Loyal Customer,26,Business Travel,Business,1557,5,5,4,5,5,4,5,5,2,3,4,2,5,4.15,0,0,FALSE
Male,Disloyal Customer,37,Business Travel,Business,643,4,5,5,3,3,5,3,3,5,5,4,5,3,4.08,3,0,FALSE
Female,Disloyal Customer,32,Business Travel,Business,966,3,3,3,4,2,3,2,2,5,5,5,4,2,3.31,0,0,FALSE
Female,Loyal Customer,39,Personal Travel,Eco,2475,3,3,3,4,3,1,1,2,2,4,2,1,1,2.31,14,0,FALSE
Female,Loyal Customer,49,Business Travel,Eco Plus,728,2,4,4,4,3,4,4,2,2,2,2,1,4,2.92,0,0,FALSE
Male,Loyal Customer,42,Business Travel,Business,1959,3,1,1,1,5,3,3,3,3,3,3,4,4,2.85,70,58,FALSE
Female,Disloyal Customer,25,Business Travel,Business,546,5,4,5,4,2,5,2,2,5,2,4,3,2,3.46,0,0,TRUE
Male,Disloyal Customer,8,Business Travel,Business,852,3,5,3,3,3,3,3,3,4,5,4,5,3,3.62,0,0,FALSE
Male,Loyal Customer,26,Personal Travel,Eco,108,3,4,3,5,3,3,3,3,5,5,4,4,3,3.69,0,0,FALSE
Female,Loyal Customer,42,Personal Travel,Eco,1069,4,4,5,4,3,3,3,2,2,5,2,3,4,3.38,0,0,FALSE
Female,Loyal Customer,43,Business Travel,Business,1055,5,5,5,5,5,5,5,5,5,4,4,5,5,4.85,128,148,TRUE
Male,Loyal Customer,33,Business Travel,Eco,163,5,3,3,3,5,5,5,5,1,2,5,3,5,3.85,0,0,TRUE
Male,Loyal Customer,44,Personal Travel,Eco,354,2,5,2,2,2,2,1,2,4,5,2,4,2,2.69,0,0,FALSE
Female,Loyal Customer,49,Business Travel,Business,1565,2,2,2,2,2,5,4,5,5,4,5,5,4,3.62,0,0,TRUE
Female,Disloyal Customer,25,Business Travel,Eco,456,2,1,2,4,1,2,1,1,3,4,3,1,1,2,46,45,FALSE
Male,Loyal Customer,45,Business Travel,Business,3511,0,4,0,4,1,1,5,3,3,3,3,5,4,2.77,0,8,TRUE
Female,Loyal Customer,57,Business Travel,Business,3086,4,4,4,4,4,1,4,4,4,4,4,1,1,3.31,6,15,TRUE
Female,Loyal Customer,75,Business Travel,Eco,270,4,1,1,1,2,3,4,4,4,4,4,2,2,2.77,0,0,FALSE
Male,Loyal Customer,57,Personal Travel,Eco,534,3,2,3,3,1,3,1,1,1,2,4,1,1,2,86,80,FALSE
Female,Loyal Customer,70,Personal Travel,Eco,641,2,5,3,5,4,4,4,4,4,3,4,5,3,3.85,0,0,FALSE
Male,Loyal Customer,64,Personal Travel,Eco Plus,1199,2,2,2,1,5,2,5,5,2,3,1,2,5,2.85,83,96,FALSE
Male,Loyal Customer,28,Business Travel,Business,3551,3,3,4,3,5,5,5,5,3,2,4,4,5,3.92,41,22,TRUE
Male,Disloyal Customer,48,Business Travel,Business,836,3,3,3,1,4,3,4,4,5,2,4,3,4,3.31,5,4,FALSE
Male,Loyal Customer,59,Business Travel,Business,507,3,3,3,3,2,4,5,4,4,4,4,5,4,3.69,0,0,TRUE
Male,Loyal Customer,52,Business Travel,Eco,125,4,4,4,4,3,4,3,3,4,4,3,2,3,3.46,5,2,TRUE
Male,Loyal Customer,41,Business Travel,Eco Plus,347,4,5,3,5,4,4,4,4,3,1,3,3,4,3.62,0,0,TRUE
Female,Loyal Customer,41,Personal Travel,Eco,678,2,4,2,2,1,2,1,1,4,2,5,5,1,2.46,22,6,FALSE
Male,Loyal Customer,28,Personal Travel,Eco,491,1,5,1,1,4,1,4,4,4,1,1,3,4,2.62,39,26,FALSE
Male,Loyal Customer,46,Business Travel,Business,3958,4,4,4,4,4,4,5,2,2,2,2,3,4,3.38,0,0,TRUE
Female,Loyal Customer,57,Business Travel,Business,3829,5,5,5,5,2,5,5,5,5,5,5,4,4,4.62,0,0,TRUE
Male,Loyal Customer,22,Personal Travel,Eco,944,2,5,2,5,5,2,5,5,1,3,3,2,5,3.46,0,0,FALSE
Female,Loyal Customer,52,Business Travel,Business,203,4,4,4,4,2,3,2,4,4,4,3,1,2,3.15,0,0,TRUE
Female,Disloyal Customer,25,Business Travel,Business,1171,1,0,1,3,4,1,4,4,3,4,5,5,4,3,0,0,FALSE
Female,Disloyal Customer,39,Business Travel,Business,453,4,4,4,3,1,4,1,1,4,2,5,3,1,2.85,60,54,FALSE
Male,Loyal Customer,45,Personal Travel,Eco,522,1,4,1,1,3,1,3,3,4,4,5,3,3,2.77,0,0,FALSE
Male,Loyal Customer,23,Business Travel,Eco Plus,383,3,5,5,5,3,3,2,3,3,4,3,1,3,3.31,8,1,FALSE
Female,Loyal Customer,39,Business Travel,Business,1448,2,2,2,2,2,2,5,2,2,2,2,2,5,2.46,0,0,TRUE
Male,Loyal Customer,55,Business Travel,Business,331,3,4,4,4,3,3,3,3,3,3,3,1,3,3.08,0,0,FALSE
Male,Loyal Customer,36,Business Travel,Eco,1123,4,3,3,3,4,4,4,4,5,4,3,4,4,3.77,264,247,FALSE
Male,Disloyal Customer,23,Business Travel,Eco,338,4,5,5,3,4,5,4,4,3,4,5,3,4,4.08,1,1,FALSE
Female,Loyal Customer,12,Personal Travel,Eco,1276,1,2,1,3,1,1,1,1,4,3,3,2,1,1.85,0,0,FALSE
Female,Loyal Customer,17,Business Travel,Business,946,2,4,4,4,2,2,2,2,3,2,3,4,2,2.77,10,0,FALSE
Male,Loyal Customer,54,Business Travel,Business,2182,2,1,2,1,3,2,4,2,2,2,2,3,2,2.15,0,0,FALSE
Male,Loyal Customer,59,Business Travel,Eco Plus,122,3,5,5,5,3,3,3,3,3,5,2,1,3,3.38,0,0,FALSE
Female,Loyal Customer,25,Business Travel,Business,3345,5,5,5,5,2,2,2,2,5,5,4,4,2,3.69,3,1,TRUE
Male,Disloyal Customer,24,Business Travel,Business,1175,0,0,0,2,3,0,3,3,4,5,5,3,3,2.38,0,0,TRUE
Female,Loyal Customer,23,Business Travel,Business,667,3,1,1,1,3,2,3,3,4,4,3,3,3,2.62,5,1,FALSE
Female,Loyal Customer,42,Personal Travel,Eco,821,3,3,3,4,1,3,4,1,1,3,1,3,3,2.54,4,0,FALSE
Male,Disloyal Customer,62,Business Travel,Business,271,3,3,3,2,3,3,1,3,3,5,2,4,3,2.92,0,0,FALSE
Male,Loyal Customer,19,Personal Travel,Eco,628,2,1,1,4,1,1,1,3,2,4,4,1,1,2,249,236,FALSE
Female,Loyal Customer,12,Personal Travel,Eco,135,2,4,2,1,2,2,2,2,2,1,5,2,2,2.23,0,0,FALSE
Female,Loyal Customer,42,Personal Travel,Business,458,1,5,1,1,1,5,2,5,5,1,5,1,4,2.85,43,37,FALSE
Female,Loyal Customer,25,Personal Travel,Eco,862,3,2,3,4,4,3,4,4,3,2,3,2,4,3.15,3,0,FALSE
Male,Loyal Customer,31,Business Travel,Business,462,4,4,4,4,4,4,4,4,5,4,4,3,4,4,0,0,TRUE
Male,Loyal Customer,56,Personal Travel,Eco,147,3,3,3,4,2,3,2,2,1,4,3,4,2,2.77,58,44,FALSE
Female,Loyal Customer,46,Business Travel,Business,2348,3,3,2,3,2,4,4,5,5,5,5,4,4,3.77,0,6,TRUE
Female,Loyal Customer,8,Business Travel,Business,500,4,1,1,1,4,3,4,4,4,3,4,3,4,3.08,15,22,FALSE
Male,Loyal Customer,55,Business Travel,Business,226,0,0,0,3,4,4,5,5,5,5,5,5,3,3.38,0,0,TRUE
Female,Loyal Customer,39,Business Travel,Business,2249,1,5,5,5,4,4,4,1,1,2,1,1,3,2.85,0,0,FALSE
Male,Loyal Customer,57,Personal Travel,Eco,1041,4,5,4,1,5,4,1,5,4,5,5,4,5,4,21,69,FALSE
Female,Loyal Customer,45,Business Travel,Business,565,2,2,2,2,3,3,5,4,4,4,4,1,4,3.08,0,0,TRUE
Male,Loyal Customer,41,Personal Travel,Eco,4963,2,4,2,2,2,3,3,4,5,4,3,3,3,3.08,0,4,FALSE
Male,Loyal Customer,26,Business Travel,Business,3800,4,4,4,4,3,3,3,3,5,5,5,3,3,3.77,158,213,TRUE
Female,Loyal Customer,61,Business Travel,Business,2034,3,5,5,5,5,3,3,3,3,4,3,2,2,3.54,14,11,FALSE
Male,Loyal Customer,45,Business Travel,Business,1611,1,1,1,1,5,4,5,4,4,4,4,4,3,3.15,36,27,TRUE
Male,Loyal Customer,32,Business Travel,Eco Plus,727,4,2,2,2,4,4,4,4,4,3,4,3,4,3.38,4,0,TRUE
Male,Loyal Customer,44,Personal Travel,Eco,227,1,4,1,3,4,1,4,4,3,5,5,4,4,3.31,16,19,FALSE
Male,Loyal Customer,54,Business Travel,Business,2393,3,3,3,3,5,5,4,5,5,5,5,5,3,4.15,1,0,TRUE
Female,Disloyal Customer,38,Business Travel,Business,853,4,4,4,2,1,4,5,1,4,3,5,4,1,3.23,1,0,TRUE
Male,Loyal Customer,58,Personal Travel,Eco Plus,383,1,1,4,3,5,4,5,5,2,4,3,2,5,3.38,0,0,FALSE
Female,Loyal Customer,55,Business Travel,Business,2207,4,4,4,4,2,5,5,5,5,5,5,3,4,4.23,78,89,TRUE
Male,Loyal Customer,63,Business Travel,Business,3438,5,5,4,5,4,5,4,4,4,5,4,5,5,4.54,0,0,TRUE
Male,Loyal Customer,57,Business Travel,Business,2002,4,4,4,4,5,5,1,4,4,4,4,1,4,3.69,0,0,TRUE
Male,Loyal Customer,60,Business Travel,Business,1979,2,2,2,2,3,5,4,2,2,2,2,5,5,2.92,35,18,TRUE
Male,Loyal Customer,48,Business Travel,Business,772,1,1,1,1,5,5,5,5,5,5,5,3,4,3.54,0,0,TRUE
Female,Loyal Customer,28,Personal Travel,Eco,1005,2,3,2,4,3,2,4,3,3,5,3,2,3,3,23,3,FALSE
Male,Loyal Customer,49,Business Travel,Eco,1749,2,3,3,3,2,2,2,2,1,5,2,1,2,2.31,5,0,FALSE
Female,Loyal Customer,55,Business Travel,Business,1523,2,2,3,2,5,4,4,5,5,5,5,5,4,3.92,0,8,TRUE
Female,Loyal Customer,23,Business Travel,Business,1871,1,1,1,1,5,5,5,5,5,3,4,5,5,3.54,0,0,TRUE
Female,Loyal Customer,43,Business Travel,Business,3548,1,1,1,1,3,5,4,4,4,4,4,3,4,3,0,0,TRUE
Male,Loyal Customer,53,Business Travel,Business,2409,2,2,5,2,2,5,5,5,5,5,5,5,3,3.92,0,0,TRUE
Male,Loyal Customer,44,Business Travel,Business,3811,1,1,1,1,4,2,2,5,5,5,5,1,4,2.85,5,0,TRUE
Female,Loyal Customer,22,Personal Travel,Eco,1201,1,1,1,3,4,1,4,4,4,3,3,2,4,2.69,0,0,FALSE
Male,Loyal Customer,33,Personal Travel,Eco,964,3,5,3,2,1,3,1,1,3,4,5,5,1,2.85,2,2,FALSE
Female,Loyal Customer,47,Business Travel,Eco Plus,489,4,3,3,3,3,2,3,4,4,4,4,1,4,3.23,0,0,TRUE
Female,Loyal Customer,49,Business Travel,Business,4983,4,1,1,1,4,4,4,2,5,2,3,4,4,3,0,14,FALSE
Female,Loyal Customer,49,Personal Travel,Business,386,2,4,2,4,4,4,5,4,4,2,4,3,4,3.54,19,13,FALSE
Female,Disloyal Customer,22,Business Travel,Business,631,5,0,5,3,3,5,3,3,5,3,5,4,3,3.62,61,63,TRUE
Female,Loyal Customer,23,Business Travel,Business,2395,1,2,2,2,1,1,1,1,4,5,3,4,1,2.15,1,7,FALSE
Female,Disloyal Customer,23,Business Travel,Eco,190,2,1,2,3,5,2,5,5,3,1,4,3,5,3.15,1,4,FALSE
Female,Loyal Customer,25,Business Travel,Business,1956,3,1,1,1,3,3,3,3,4,2,3,2,3,2.46,15,0,FALSE
Male,Loyal Customer,45,Personal Travel,Eco Plus,255,1,3,1,3,5,1,2,5,2,2,4,1,5,2.69,0,5,FALSE
Male,Loyal Customer,41,Business Travel,Business,2897,1,1,1,1,2,5,4,5,5,5,5,3,5,3.31,2,0,TRUE
Male,Loyal Customer,35,Personal Travel,Business,896,4,5,4,1,3,5,4,5,5,4,3,5,4,4,0,0,TRUE
Female,Loyal Customer,40,Business Travel,Eco,109,5,3,3,3,5,5,5,5,1,5,2,3,5,3.85,0,0,TRUE
Female,Loyal Customer,48,Personal Travel,Eco,337,2,1,2,4,3,4,4,1,1,2,3,3,2,2.46,1,0,FALSE
Male,Loyal Customer,37,Business Travel,Business,335,0,0,0,3,2,4,4,1,1,1,1,5,3,1.92,0,0,TRUE
Male,Loyal Customer,40,Personal Travel,Business,438,4,4,2,1,5,5,4,5,5,2,5,5,4,3.92,4,0,FALSE
Male,Disloyal Customer,38,Business Travel,Eco,86,4,0,4,3,5,4,5,5,3,3,2,5,5,3.69,0,0,FALSE
Female,Loyal Customer,20,Business Travel,Business,1481,4,4,4,4,4,4,4,4,3,3,4,5,4,3.92,0,0,TRUE
Male,Loyal Customer,56,Business Travel,Business,2706,4,4,4,4,4,5,5,4,4,5,4,5,3,4.23,5,0,TRUE
Male,Loyal Customer,60,Personal Travel,Eco,802,2,1,2,3,1,2,1,1,3,5,3,4,1,2.23,1,0,FALSE
Female,Loyal Customer,22,Business Travel,Business,3749,2,5,5,5,2,1,2,2,4,3,3,1,2,2.85,0,0,FALSE
Male,Loyal Customer,42,Business Travel,Business,787,4,1,4,4,5,5,5,3,3,3,3,3,3,3.54,6,1,TRUE
Male,Disloyal Customer,25,Business Travel,Eco,501,0,0,0,2,4,0,4,4,4,4,1,5,4,2.46,0,0,TRUE
Female,Loyal Customer,51,Personal Travel,Business,1739,4,5,4,4,2,3,5,5,5,4,5,4,3,4.08,0,0,FALSE
Female,Loyal Customer,31,Business Travel,Business,2307,3,3,3,3,5,5,5,5,3,5,4,5,5,4.15,75,58,TRUE
Male,Disloyal Customer,20,Business Travel,Eco,224,1,0,1,5,2,1,1,2,3,5,5,3,2,2.38,0,0,FALSE
Female,Disloyal Customer,44,Business Travel,Business,223,3,3,3,3,3,3,3,3,4,3,5,3,3,3.23,0,0,FALSE
Female,Loyal Customer,13,Personal Travel,Eco,1237,2,2,2,2,2,2,2,2,2,3,1,4,2,2.15,0,0,FALSE
Male,Loyal Customer,43,Business Travel,Business,1514,4,2,2,2,4,3,3,4,4,4,4,3,1,3.08,51,49,FALSE
Male,Loyal Customer,33,Personal Travel,Business,862,3,4,3,3,3,3,4,3,4,5,5,3,3,3.54,0,0,FALSE
Male,Loyal Customer,47,Personal Travel,Eco,342,1,4,4,1,3,4,3,3,5,3,4,4,3,3.23,54,46,FALSE
Male,Disloyal Customer,37,Business Travel,Business,344,1,1,1,5,2,1,2,2,5,5,4,3,2,2.62,0,0,FALSE
Female,Loyal Customer,29,Business Travel,Eco,852,2,3,3,3,2,2,2,2,2,1,3,3,2,2.31,2,0,FALSE
Male,Loyal Customer,49,Business Travel,Business,175,3,3,3,3,2,3,3,2,2,2,3,4,2,2.69,0,12,FALSE
Female,Loyal Customer,46,Business Travel,Business,1832,0,5,0,2,1,2,4,1,1,1,1,3,3,1.85,0,0,TRUE
Male,Loyal Customer,40,Business Travel,Business,2095,3,3,3,3,4,5,5,4,4,4,4,3,5,3.85,0,0,TRUE
Female,Loyal Customer,31,Business Travel,Business,1506,1,2,2,2,1,1,1,1,3,3,3,4,1,1.92,68,129,FALSE
Female,Disloyal Customer,37,Business Travel,Eco,234,3,2,4,4,2,4,2,2,1,4,4,4,2,2.92,0,0,FALSE
Male,Loyal Customer,23,Personal Travel,Eco,147,2,5,0,5,4,0,4,4,5,4,4,5,4,3.54,7,21,FALSE
Female,Loyal Customer,41,Business Travel,Business,1096,3,4,3,3,2,5,5,4,4,4,4,4,5,3.85,0,0,TRUE
Female,Loyal Customer,64,Personal Travel,Eco,1226,4,4,3,4,2,3,4,2,2,3,2,4,4,3.15,0,,FALSE
Male,Disloyal Customer,25,Business Travel,Eco,1313,4,4,4,1,1,4,1,1,3,5,5,5,1,3,0,5,FALSE
Male,Loyal Customer,13,Personal Travel,Eco,605,3,1,3,3,1,3,1,1,1,2,4,1,1,1.92,12,4,FALSE
Female,Loyal Customer,69,Business Travel,Business,239,2,2,2,2,1,3,4,2,2,2,2,1,1,2,13,6,FALSE
Female,Loyal Customer,28,Personal Travel,Eco Plus,362,3,4,2,3,5,2,5,5,5,5,5,4,5,4.08,14,8,FALSE
Male,Disloyal Customer,32,Business Travel,Business,265,2,2,2,3,4,2,4,4,5,3,4,4,4,3.31,0,0,FALSE
Female,Loyal Customer,17,Business Travel,Business,2016,4,1,1,1,4,4,4,4,1,2,3,4,4,2.85,24,28,FALSE
Female,Loyal Customer,54,Business Travel,Business,1790,2,2,3,2,3,5,4,4,4,4,4,3,4,3.38,0,0,TRUE
Female,Loyal Customer,23,Business Travel,Eco Plus,1089,2,3,4,4,2,2,3,2,2,1,4,2,2,2.54,1,8,FALSE
Male,Loyal Customer,48,Business Travel,Business,1847,4,4,4,4,4,5,4,4,4,4,4,5,5,4.23,4,0,TRUE
Male,Loyal Customer,47,Personal Travel,Eco,459,3,4,5,4,2,5,2,2,5,3,4,3,2,3.38,0,0,FALSE
Female,Loyal Customer,54,Business Travel,Business,3540,2,2,2,2,4,4,5,4,4,4,4,3,4,3.38,68,41,TRUE
Female,Loyal Customer,34,Personal Travel,Eco,480,2,3,2,3,3,2,3,3,3,2,3,3,3,2.69,28,13,FALSE
Female,Loyal Customer,42,Business Travel,Business,110,0,4,0,3,5,2,2,4,4,4,2,2,2,2.62,0,0,TRUE
Female,Loyal Customer,43,Personal Travel,Eco,1012,2,3,2,4,1,4,1,1,1,2,1,1,2,1.92,31,23,FALSE
Male,Loyal Customer,36,Business Travel,Business,2207,4,4,4,4,5,4,5,5,5,5,5,3,5,4.46,0,0,TRUE
Female,Loyal Customer,57,Business Travel,Eco,212,5,2,2,2,5,1,2,5,5,5,5,1,4,3.38,1,0,TRUE
Male,Loyal Customer,40,Personal Travel,Eco,110,3,5,3,4,2,3,2,2,2,5,2,5,2,3.08,0,0,FALSE
Male,Loyal Customer,44,Business Travel,Business,445,3,3,3,3,4,3,3,4,4,4,4,4,2,3.38,0,0,TRUE
Female,Loyal Customer,31,Business Travel,Business,2200,1,1,1,1,5,5,5,5,3,4,5,5,5,3.54,43,60,TRUE
Female,Loyal Customer,43,Personal Travel,Eco,2701,1,4,1,1,3,4,5,2,2,1,5,3,5,2.85,10,0,FALSE
Male,Loyal Customer,27,Business Travel,Eco Plus,1597,2,2,2,2,2,2,2,2,1,1,4,1,2,1.92,24,28,FALSE
Male,Loyal Customer,28,Business Travel,Business,2695,4,4,4,4,5,5,5,5,5,2,5,5,5,4.46,0,5,TRUE
Female,Loyal Customer,23,Business Travel,Business,1589,2,5,2,2,5,5,5,5,3,4,4,4,5,3.92,0,0,TRUE
Female,Loyal Customer,12,Personal Travel,Eco,2979,2,3,2,3,2,2,2,3,3,3,3,2,2,2.46,0,32,FALSE
Male,Loyal Customer,57,Business Travel,Business,1037,3,3,3,3,3,5,5,4,4,4,4,4,5,3.85,4,42,TRUE
Female,Disloyal Customer,29,Business Travel,Eco,615,4,4,4,4,4,1,1,3,4,3,3,1,1,2.85,232,208,FALSE
Male,Loyal Customer,20,Personal Travel,Eco,541,2,4,2,3,4,2,4,4,2,2,4,2,4,3,38,38,FALSE
Female,Loyal Customer,55,Business Travel,Business,1102,2,2,2,2,4,4,4,5,5,5,5,3,4,3.62,0,0,TRUE
Female,Loyal Customer,33,Business Travel,Eco,1197,0,0,0,1,5,0,5,5,4,3,5,3,5,2.77,0,0,TRUE
Female,Disloyal Customer,26,Business Travel,Eco,192,1,2,1,3,3,1,3,3,4,1,4,2,3,2.38,44,26,FALSE
Female,Loyal Customer,8,Personal Travel,Eco,642,3,4,3,2,2,3,2,2,3,2,4,5,2,2.85,0,2,FALSE
Male,Loyal Customer,47,Business Travel,Business,1702,3,3,3,3,2,5,5,5,5,5,5,5,3,4,0,0,TRUE
Male,Disloyal Customer,26,Business Travel,Business,909,0,0,0,4,5,0,1,5,5,4,5,3,5,2.85,0,0,TRUE
Female,Loyal Customer,16,Business Travel,Business,2591,3,3,5,3,5,5,5,5,4,3,4,2,5,4,0,0,TRUE
Male,Loyal Customer,34,Business Travel,Business,2348,5,5,5,5,3,5,2,2,2,2,2,1,1,3.08,4,7,TRUE
Female,Loyal Customer,46,Business Travel,Business,319,0,0,0,1,4,5,4,4,4,4,4,3,5,2.92,0,0,TRUE
Female,Loyal Customer,23,Personal Travel,Eco,299,3,5,3,3,4,3,4,4,3,2,5,4,4,3.62,58,48,FALSE
Female,Loyal Customer,43,Business Travel,Eco,563,2,3,1,3,5,3,3,2,2,2,2,1,1,2.31,0,2,FALSE
Male,Loyal Customer,65,Personal Travel,Eco,425,2,4,2,3,4,2,4,4,3,5,5,5,4,3.62,0,0,FALSE
Female,Loyal Customer,38,Business Travel,Eco Plus,188,5,2,2,2,5,5,5,5,5,4,3,2,5,3.85,20,17,TRUE
Male,Loyal Customer,55,Business Travel,Business,3967,3,5,5,5,1,4,4,3,3,3,3,1,3,3.31,0,0,FALSE
Female,Loyal Customer,41,Business Travel,Business,628,5,5,2,5,2,1,5,3,3,2,3,2,3,3.15,0,0,TRUE
Male,Loyal Customer,56,Personal Travel,Eco,2402,3,0,3,1,3,2,2,4,3,5,4,2,2,2.62,0,1,FALSE
Female,Disloyal Customer,41,Business Travel,Eco,1197,1,1,1,4,5,1,5,5,4,4,4,1,5,3.15,0,18,FALSE
Male,Disloyal Customer,54,Business Travel,Eco,1337,4,3,3,4,2,4,2,2,3,3,2,4,2,2.92,2,0,FALSE
Male,Loyal Customer,68,Personal Travel,Eco,445,2,5,2,3,4,2,4,4,4,4,4,5,4,3.62,19,13,FALSE
Female,Loyal Customer,15,Business Travel,Business,2431,2,2,1,2,5,5,5,5,3,4,2,5,5,3.54,0,14,TRUE
Female,Loyal Customer,26,Personal Travel,Business,425,3,2,3,3,5,3,5,5,2,3,3,3,5,3.46,0,0,FALSE
Female,Disloyal Customer,29,Business Travel,Business,861,1,1,1,4,3,1,5,3,4,2,5,5,3,2.92,0,0,FALSE
Male,Loyal Customer,40,Business Travel,Business,3074,4,4,2,4,5,1,1,5,5,5,5,5,1,3.62,31,15,TRUE
Female,Disloyal Customer,44,Business Travel,Business,308,4,4,4,2,3,4,3,3,3,2,5,3,3,3.31,0,0,TRUE
Female,Disloyal Customer,26,Business Travel,Eco,376,1,5,0,3,5,0,5,5,4,2,5,3,5,3.31,15,9,FALSE
Female,Loyal Customer,29,Personal Travel,Eco,2174,1,2,1,4,5,1,2,5,3,3,2,4,5,2.92,2,0,FALSE
Male,Loyal Customer,26,Personal Travel,Eco,632,5,4,5,2,2,5,2,2,3,5,4,4,2,3.46,0,0,TRUE
Male,Loyal Customer,46,Personal Travel,Eco,888,2,1,2,4,2,2,5,2,3,4,3,3,2,2.69,3,0,FALSE
Female,Loyal Customer,59,Business Travel,Eco,413,5,4,5,4,1,5,4,5,5,5,5,2,2,4,0,0,TRUE
Male,Loyal Customer,27,Personal Travel,Eco,1212,5,1,5,4,4,5,4,4,3,1,3,3,4,3.54,0,0,TRUE
Female,Disloyal Customer,22,Business Travel,Business,1345,4,0,4,2,5,4,5,5,3,4,5,4,5,3.85,0,0,TRUE
Female,Loyal Customer,50,Personal Travel,Eco,548,2,1,1,3,1,3,4,3,3,1,3,3,1,2.23,0,0,FALSE
Female,Loyal Customer,17,Personal Travel,Eco,2442,2,4,2,2,2,1,1,3,2,4,5,1,1,2.31,0,0,FALSE
Male,Loyal Customer,52,Business Travel,Business,1820,2,2,2,2,5,5,4,4,4,4,4,5,5,3.69,0,0,TRUE
Female,Loyal Customer,42,Business Travel,Eco Plus,416,2,5,5,5,3,4,4,2,2,2,2,1,4,3.15,87,73,TRUE
Female,Loyal Customer,7,Personal Travel,Eco,236,3,4,3,4,4,3,4,4,3,5,5,4,4,3.85,70,66,FALSE
Male,Loyal Customer,50,Business Travel,Business,1849,4,4,4,4,5,5,5,4,4,4,4,4,4,4.23,0,0,TRUE
Female,Loyal Customer,19,Business Travel,Business,3192,3,5,5,5,3,3,3,4,1,4,3,3,3,3.46,247,289,FALSE
Female,Disloyal Customer,50,Business Travel,Business,1514,4,3,3,4,1,4,1,1,4,4,5,3,1,2.92,0,0,TRUE
Male,Loyal Customer,34,Business Travel,Business,2554,1,1,1,1,4,4,4,5,4,3,4,4,4,3.08,0,0,TRUE
Female,Disloyal Customer,26,Business Travel,Business,160,1,0,1,3,3,1,3,3,4,2,4,5,3,2.54,6,8,FALSE
Female,Loyal Customer,37,Business Travel,Eco Plus,337,3,2,2,2,3,4,3,3,3,2,4,2,3,2.77,0,10,TRUE
Male,Loyal Customer,35,Business Travel,Business,1199,5,5,5,5,4,4,4,3,3,3,3,3,5,4,0,0,TRUE
Male,Loyal Customer,43,Business Travel,Eco,643,2,2,3,2,2,2,2,2,3,4,2,1,2,2.23,0,10,FALSE
Female,Loyal Customer,41,Personal Travel,Eco,277,1,3,1,4,1,1,1,1,1,2,4,3,1,1.85,6,0,FALSE
Male,Loyal Customer,39,Business Travel,Business,3690,5,5,5,5,2,5,4,3,3,3,3,4,5,4,0,0,TRUE
Female,Loyal Customer,67,Personal Travel,Eco,2447,1,3,1,4,1,3,3,2,1,3,4,3,3,2.46,282,286,FALSE
Female,Loyal Customer,37,Business Travel,Business,1587,1,1,1,1,3,5,4,5,5,5,5,4,5,3.46,0,0,TRUE
Female,Loyal Customer,51,Business Travel,Business,3760,5,5,5,5,2,5,5,4,4,4,5,3,3,4.23,0,0,TRUE
Female,Loyal Customer,31,Personal Travel,Eco,1481,4,4,4,2,4,4,4,4,3,2,3,4,4,3.54,0,0,TRUE
Male,Disloyal Customer,10,Business Travel,Eco Plus,1237,3,4,3,5,4,3,4,4,3,2,2,1,4,3.23,0,2,FALSE
Female,Disloyal Customer,36,Business Travel,Eco,547,2,1,2,3,4,2,4,4,1,2,4,2,4,2.69,56,53,FALSE
Female,Loyal Customer,16,Personal Travel,Eco,192,2,4,0,3,2,0,2,2,2,2,4,4,2,2.23,0,0,FALSE
Male,Loyal Customer,60,Personal Travel,Eco,1096,2,1,2,3,4,2,3,4,4,3,3,3,4,2.92,116,126,FALSE
Female,Loyal Customer,32,Business Travel,Business,2565,3,2,2,2,3,3,3,3,3,4,3,3,3,2.85,18,37,FALSE
Female,Loyal Customer,45,Business Travel,Business,1346,5,5,5,5,2,4,4,4,4,4,4,3,5,4.15,6,0,TRUE
Female,Disloyal Customer,42,Business Travel,Business,390,4,3,3,2,2,4,2,2,3,3,5,3,2,2.92,2,0,TRUE
Male,Loyal Customer,46,Business Travel,Business,2446,3,3,3,3,4,4,4,4,2,3,4,4,4,3.46,5,4,TRUE
Female,Loyal Customer,25,Business Travel,Business,1892,4,4,4,4,4,4,4,4,5,3,5,3,4,4,0,5,TRUE
Male,Loyal Customer,49,Personal Travel,Eco,391,3,4,3,5,1,3,1,1,5,2,5,5,1,3,13,15,FALSE
Male,Disloyal Customer,46,Business Travel,Eco,1452,4,4,4,1,2,4,2,2,4,4,1,3,2,2.85,2,25,FALSE
Female,Loyal Customer,35,Business Travel,Eco,423,3,4,4,4,3,3,3,3,4,1,3,3,3,3.15,30,30,FALSE
Female,Loyal Customer,35,Business Travel,Business,868,2,3,3,3,1,3,4,2,2,2,2,4,2,2.54,0,0,FALSE
Female,Loyal Customer,25,Business Travel,Business,2498,2,5,5,5,2,2,2,2,1,2,3,1,2,2.62,0,0,FALSE
Male,Loyal Customer,44,Business Travel,Eco,1105,4,5,5,5,4,4,4,4,4,2,3,3,4,3.92,0,0,FALSE
Female,Loyal Customer,44,Personal Travel,Eco,417,2,5,2,3,4,3,3,2,2,2,2,2,3,2.69,0,0,FALSE
Female,Disloyal Customer,40,Business Travel,Business,251,2,2,2,4,5,2,5,5,4,3,4,5,5,3.69,14,13,FALSE
Male,Disloyal Customer,24,Business Travel,Business,888,3,1,3,3,5,3,5,5,2,1,3,1,5,3.08,36,34,FALSE
Male,Loyal Customer,29,Personal Travel,Eco,363,2,4,2,2,2,2,2,2,4,3,4,3,2,2.62,0,0,FALSE
Female,Disloyal Customer,40,Personal Travel,Eco,738,2,1,2,4,5,2,4,5,3,1,3,1,5,2.92,0,0,FALSE
Female,Loyal Customer,52,Business Travel,Business,1514,4,4,4,4,5,5,5,5,5,4,5,3,4,4.38,3,0,TRUE
Male,Loyal Customer,14,Business Travel,Business,2176,4,4,4,4,5,5,5,5,4,3,4,5,5,4.38,0,0,TRUE
Male,Disloyal Customer,23,Business Travel,Eco,599,3,4,3,4,3,5,5,3,2,4,5,5,5,3.92,499,473,FALSE
Female,Loyal Customer,24,Business Travel,Eco Plus,550,5,2,2,2,5,5,5,5,3,5,5,2,5,3.92,0,0,TRUE
Male,Loyal Customer,25,Personal Travel,Eco Plus,746,3,4,3,5,1,3,2,1,5,4,4,4,1,3.08,20,9,FALSE
Male,Loyal Customer,48,Business Travel,Eco,1237,5,2,2,2,5,5,5,5,3,1,2,5,5,3.62,0,5,TRUE
Male,Disloyal Customer,41,Business Travel,Business,2611,2,2,2,3,5,2,5,5,1,4,3,2,5,3.15,0,0,FALSE
Male,Loyal Customer,67,Personal Travel,Eco,761,2,2,2,4,3,2,3,3,3,4,4,4,3,3,3,0,FALSE
Male,Disloyal Customer,18,Business Travel,Eco,781,3,3,3,1,5,3,5,5,4,2,5,3,5,3.62,0,0,FALSE
Male,Loyal Customer,24,Personal Travel,Eco,2677,1,3,1,3,1,3,3,2,4,4,3,3,3,2.62,29,33,FALSE
Male,Disloyal Customer,20,Business Travel,Eco Plus,370,1,1,1,3,3,1,4,3,2,5,3,1,3,2.38,0,0,FALSE
Female,Disloyal Customer,20,Business Travel,Eco,870,3,3,3,2,4,3,4,4,2,4,2,3,4,3.15,15,16,FALSE
Male,Disloyal Customer,13,Business Travel,Business,1416,5,0,5,1,5,5,5,5,3,3,4,5,5,3.92,4,0,TRUE
Male,Loyal Customer,54,Personal Travel,Eco,929,3,5,4,2,3,4,3,3,3,4,5,4,3,3.54,0,20,FALSE
Female,Loyal Customer,49,Business Travel,Business,2397,1,1,1,1,5,5,5,4,4,4,4,3,5,3.31,0,0,TRUE
Male,Disloyal Customer,37,Business Travel,Business,393,1,1,1,2,5,1,5,5,3,2,5,4,5,3.08,0,0,FALSE
Female,Loyal Customer,70,Personal Travel,Eco Plus,913,3,4,3,1,5,4,5,1,1,3,1,5,4,3.08,0,4,FALSE
Female,Disloyal Customer,30,Business Travel,Eco,748,3,3,3,3,2,3,2,2,2,3,3,4,2,2.69,0,0,FALSE
Male,Loyal Customer,28,Business Travel,Business,308,3,3,3,3,5,4,5,5,5,1,4,4,5,3.85,0,3,TRUE
Male,Disloyal Customer,22,Business Travel,Business,481,5,2,5,4,4,5,4,4,3,3,4,5,4,4,0,0,TRUE
Male,Loyal Customer,55,Personal Travel,Eco,899,1,1,1,3,1,1,4,1,3,2,2,2,1,1.77,29,40,FALSE
Female,Loyal Customer,47,Business Travel,Business,2799,2,2,2,2,1,4,2,5,5,5,4,5,2,3.15,0,0,TRUE
Female,Loyal Customer,15,Personal Travel,Eco,802,4,1,4,2,4,4,4,4,2,1,2,2,4,2.92,0,0,TRUE
Male,Loyal Customer,40,Personal Travel,Eco,1190,2,5,2,2,5,2,5,5,3,3,3,4,5,3.54,23,4,FALSE
Female,Loyal Customer,21,Personal Travel,Eco,590,3,1,3,4,4,3,4,4,1,3,3,4,4,3.15,0,0,FALSE
Male,Loyal Customer,23,Personal Travel,Eco,581,4,5,4,1,3,4,3,3,4,3,5,5,3,3.62,0,0,FALSE
Male,Loyal Customer,29,Business Travel,Business,487,2,3,3,3,2,2,2,2,4,5,4,4,2,2.92,0,9,FALSE
Female,Disloyal Customer,22,Business Travel,Eco,246,3,0,3,2,4,3,3,4,5,4,4,2,4,3.15,8,0,FALSE
Female,Loyal Customer,50,Business Travel,Business,3989,3,5,5,5,2,1,1,3,3,3,3,3,1,2.92,49,37,FALSE
Male,Loyal Customer,58,Business Travel,Business,325,2,2,2,2,2,4,4,4,4,4,4,3,5,3.23,4,0,TRUE
Female,Loyal Customer,26,Business Travel,Business,2957,3,2,2,2,3,3,3,3,2,2,2,1,3,2.38,0,0,FALSE
Male,Loyal Customer,68,Business Travel,Business,3577,4,4,4,4,5,4,5,4,4,4,4,5,3,4.15,0,0,TRUE
Male,Disloyal Customer,26,Business Travel,Business,279,4,0,4,2,1,4,1,1,4,4,2,2,1,2.31,0,0,FALSE
Female,Loyal Customer,52,Business Travel,Business,3346,1,1,1,1,2,5,5,5,5,5,5,4,5,3.46,0,0,TRUE
Male,Loyal Customer,65,Personal Travel,Eco,363,2,4,2,4,4,2,4,4,1,2,4,2,4,3,0,0,FALSE
Female,Loyal Customer,47,Business Travel,Eco,239,3,2,2,2,1,3,3,3,3,3,3,1,4,2.54,0,0,FALSE
Female,Loyal Customer,47,Business Travel,Business,1685,3,3,3,3,2,4,4,4,4,4,4,3,4,3.46,0,6,TRUE
Male,Loyal Customer,53,Business Travel,Business,3613,2,2,3,2,4,5,4,4,4,5,4,3,3,3.46,61,52,TRUE
Male,Loyal Customer,62,Personal Travel,Eco,1024,1,5,1,3,2,1,2,2,3,5,4,5,2,2.77,45,,FALSE
Male,Loyal Customer,31,Personal Travel,Eco,986,2,5,2,2,3,2,3,3,3,3,5,4,3,3.08,0,0,FALSE
Female,Loyal Customer,26,Personal Travel,Eco,1096,4,3,4,3,4,4,3,4,4,5,1,5,4,3.69,8,0,TRUE
Male,Disloyal Customer,25,Business Travel,Business,590,5,5,5,3,1,5,1,1,3,3,5,4,1,3.23,0,0,TRUE
Female,Loyal Customer,48,Personal Travel,Eco,1620,2,5,2,2,4,5,5,3,3,2,3,3,5,3.38,28,25,FALSE
Male,Loyal Customer,59,Business Travel,Business,3671,0,4,0,2,3,5,4,4,4,4,4,5,3,3.23,0,0,TRUE
Male,Disloyal Customer,21,Business Travel,Eco,545,4,3,4,3,4,4,4,4,1,5,3,1,4,3.38,0,0,FALSE
Female,Loyal Customer,15,Business Travel,Business,1990,2,1,1,1,2,1,2,2,1,2,4,4,2,1.92,0,10,FALSE
Female,Loyal Customer,52,Business Travel,Business,2201,1,1,1,1,5,5,4,4,4,4,4,4,5,3.31,0,0,TRUE
Male,Loyal Customer,56,Business Travel,Eco,1214,3,4,2,4,3,3,3,3,3,5,2,4,3,3.23,22,4,FALSE
Female,Loyal Customer,53,Business Travel,Eco Plus,106,5,2,2,2,2,1,1,5,5,5,5,2,5,3.23,0,0,TRUE
Male,Loyal Customer,30,Personal Travel,Eco,1562,2,5,2,1,4,2,3,4,5,5,5,4,4,3.54,0,0,FALSE
Female,Loyal Customer,62,Business Travel,Business,3599,4,1,1,1,2,4,4,4,4,4,4,3,3,3,93,71,FALSE
Male,Loyal Customer,46,Business Travel,Eco,588,2,1,1,1,2,2,2,2,2,4,3,3,2,2.08,2,0,FALSE
Male,Loyal Customer,53,Business Travel,Business,1444,1,1,4,1,5,4,4,4,4,4,4,4,4,3.38,18,0,TRUE
Female,Loyal Customer,30,Personal Travel,Eco,431,4,4,4,5,4,4,1,4,1,1,2,3,4,3.15,38,16,FALSE
Male,Disloyal Customer,39,Business Travel,Eco Plus,954,3,3,3,2,1,3,5,1,4,5,4,3,1,2.92,9,0,FALSE
Female,Disloyal Customer,24,Business Travel,Eco,1131,2,2,2,4,4,2,4,4,5,4,5,5,4,3.62,75,46,FALSE
Male,Loyal Customer,40,Business Travel,Business,337,0,0,0,1,2,4,5,1,1,1,1,5,4,1.92,0,0,TRUE
Female,Loyal Customer,21,Personal Travel,Eco,1990,4,2,5,3,3,5,3,3,1,2,3,3,3,3.08,0,0,FALSE
Female,Disloyal Customer,40,Business Travel,Business,435,3,2,2,5,4,2,4,4,3,3,4,4,4,3.38,0,0,FALSE
Female,Loyal Customer,40,Personal Travel,Eco,979,1,4,1,4,2,1,2,2,3,2,4,3,2,2.38,2,2,FALSE
Male,Loyal Customer,60,Personal Travel,Eco Plus,265,2,1,0,3,3,0,3,3,4,4,3,1,3,2.31,0,32,FALSE
Male,Loyal Customer,40,Business Travel,Business,399,3,3,3,3,2,4,5,4,4,4,4,5,3,3.62,5,0,TRUE
Male,Loyal Customer,29,Business Travel,Business,325,2,2,2,2,4,4,4,4,5,5,5,4,4,3.62,24,20,TRUE
Female,Loyal Customer,49,Business Travel,Business,762,4,4,2,4,2,4,5,4,4,4,4,3,4,3.69,0,0,TRUE
Female,Loyal Customer,44,Personal Travel,Eco,328,4,1,4,1,4,2,1,1,1,4,1,3,2,2.23,19,9,FALSE
Male,Loyal Customer,44,Business Travel,Business,1736,5,5,5,5,2,5,4,3,3,3,3,4,5,4,30,23,TRUE
Male,Loyal Customer,52,Business Travel,Business,3382,3,3,3,3,3,5,4,4,4,4,4,3,4,3.62,0,4,TRUE
Female,Loyal Customer,36,Business Travel,Business,287,5,2,5,5,4,2,4,5,5,5,5,3,3,4.08,0,0,TRUE
Male,Loyal Customer,27,Personal Travel,Eco Plus,1121,2,5,2,4,3,2,3,3,3,4,4,4,3,3.23,5,0,FALSE
Female,Loyal Customer,8,Personal Travel,Eco,936,2,4,2,4,2,2,2,2,5,3,4,5,2,3,26,13,FALSE
Male,Disloyal Customer,24,Business Travel,Eco,508,2,1,2,2,3,2,5,3,4,3,2,4,3,2.77,0,0,FALSE
Female,Loyal Customer,58,Personal Travel,Eco Plus,806,3,4,3,4,5,2,4,5,5,3,5,5,1,3.77,76,71,FALSE
Male,Loyal Customer,18,Business Travel,Business,1066,2,2,2,2,4,4,4,4,5,4,5,5,4,3.62,8,11,TRUE
Female,Loyal Customer,43,Business Travel,Business,948,4,4,4,4,2,5,5,2,2,2,2,4,5,3.46,1,0,TRUE
Female,Loyal Customer,35,Business Travel,Eco Plus,288,3,3,4,3,3,3,3,3,1,3,4,3,3,3,0,0,FALSE
Male,Loyal Customer,44,Business Travel,Eco,406,3,1,1,1,3,3,3,3,2,1,3,3,3,2.31,0,0,FALSE
Male,Loyal Customer,39,Business Travel,Business,2427,4,3,3,3,5,3,4,4,4,3,4,2,4,3.54,0,0,FALSE
Male,Loyal Customer,31,Personal Travel,Eco,226,4,5,4,5,5,4,5,5,5,4,4,3,5,4.46,0,0,TRUE
Female,Disloyal Customer,35,Business Travel,Eco,861,1,1,1,3,1,1,1,1,1,4,3,2,1,1.62,0,0,FALSE
Female,Loyal Customer,46,Business Travel,Business,844,5,5,5,5,3,5,2,4,4,4,4,3,2,3.92,0,0,TRUE
Female,Loyal Customer,56,Business Travel,Eco,301,5,1,4,1,4,4,4,5,5,5,5,3,4,3.85,0,2,TRUE
Male,Loyal Customer,39,Personal Travel,Eco Plus,946,0,2,0,2,5,2,5,5,1,1,3,3,5,2.62,0,0,TRUE
Female,Loyal Customer,52,Personal Travel,Eco,2300,0,4,0,2,4,3,5,5,5,0,5,3,5,3.15,0,0,TRUE
Male,Loyal Customer,48,Business Travel,Business,2989,1,4,1,1,5,3,1,2,2,2,2,4,2,2.31,0,0,TRUE
Female,Loyal Customer,32,Business Travel,Business,3321,5,5,5,5,4,5,4,4,2,5,5,1,4,4.15,0,6,TRUE
Female,Loyal Customer,28,Business Travel,Business,546,4,3,3,3,4,4,4,4,4,3,2,4,4,3.54,0,0,FALSE
Male,Disloyal Customer,22,Business Travel,Eco,654,4,3,3,1,3,3,3,3,3,3,1,5,3,2.92,20,19,FALSE
Male,Loyal Customer,41,Business Travel,Eco,728,2,5,5,5,2,2,2,2,3,3,4,1,2,2.92,0,0,FALSE
Male,Disloyal Customer,24,Business Travel,Eco,446,2,1,2,3,3,2,4,3,1,1,4,1,3,2.31,0,6,FALSE
Male,Loyal Customer,53,Business Travel,Business,399,2,2,2,2,5,5,5,5,5,5,5,5,3,3.92,29,41,TRUE
Male,Disloyal Customer,27,Business Travel,Eco,1020,2,2,2,2,3,2,3,3,4,3,4,4,3,2.85,0,0,FALSE
Male,Loyal Customer,28,Business Travel,Business,3607,3,3,3,3,5,5,5,5,5,4,5,3,5,4.15,0,0,TRUE
Male,Disloyal Customer,26,Business Travel,Eco,160,4,5,4,4,3,4,3,3,3,1,3,3,3,3.31,3,0,FALSE
Male,Loyal Customer,48,Personal Travel,Eco,489,2,3,2,3,4,2,4,4,1,5,4,3,4,3.15,0,0,FALSE
Female,Loyal Customer,18,Business Travel,Business,920,4,4,4,4,4,4,4,4,5,2,5,5,4,4.08,16,3,TRUE
Male,Loyal Customer,56,Business Travel,Business,2398,3,3,3,3,5,4,5,4,4,4,4,4,3,3.77,0,0,TRUE
Female,Loyal Customer,55,Business Travel,Business,262,0,0,0,3,5,3,4,3,3,3,3,2,3,2.46,0,0,TRUE
Female,Loyal Customer,41,Business Travel,Business,2296,3,3,3,3,4,5,5,4,4,4,4,4,5,3.92,1,0,TRUE
Female,Loyal Customer,59,Business Travel,Business,3136,2,2,2,2,4,4,5,3,3,3,3,5,4,3.23,6,0,TRUE
Male,Loyal Customer,50,Personal Travel,Eco,954,3,5,3,1,1,3,1,1,1,1,4,3,1,2.15,0,0,FALSE
Male,Loyal Customer,56,Business Travel,Business,3400,3,1,1,1,1,4,4,3,3,3,3,1,2,2.31,0,0,FALSE
Male,Loyal Customer,52,Business Travel,Business,2063,1,3,1,1,2,4,4,4,4,4,4,5,3,3.08,4,33,TRUE
Female,Loyal Customer,58,Personal Travel,Eco,1744,2,2,2,4,5,4,4,1,1,2,1,2,3,2.54,1,0,FALSE
Male,Loyal Customer,58,Business Travel,Business,1726,0,0,0,1,5,5,5,4,4,4,4,4,5,3.15,0,0,TRUE
Male,Loyal Customer,35,Business Travel,Business,361,3,3,3,3,3,5,5,4,4,4,4,3,3,3.62,17,5,TRUE
Male,Disloyal Customer,33,Business Travel,Eco,554,3,4,3,2,4,3,4,4,4,4,4,5,4,3.69,0,0,FALSE
Male,Loyal Customer,46,Business Travel,Business,2585,3,2,2,2,4,3,2,3,3,3,3,2,3,2.69,0,0,FALSE
Male,Loyal Customer,43,Business Travel,Business,1878,2,2,4,2,3,4,5,5,5,5,5,5,5,4,26,77,TRUE
Male,Loyal Customer,33,Personal Travel,Eco Plus,453,5,1,5,4,1,5,1,1,2,4,4,3,1,2.85,0,0,TRUE
Female,Loyal Customer,54,Personal Travel,Eco,646,3,4,3,3,5,5,1,5,5,3,5,2,4,3.69,0,8,FALSE
Female,Loyal Customer,41,Business Travel,Business,2679,1,1,1,1,4,5,4,5,5,5,5,5,4,3.54,75,64,TRUE
Male,Loyal Customer,7,Personal Travel,Eco,2556,4,5,4,4,4,4,3,5,3,4,5,3,3,3.92,7,0,TRUE
Male,Loyal Customer,25,Personal Travel,Eco,605,2,5,2,3,1,2,1,1,3,2,4,3,1,2.31,113,107,FALSE
Female,Disloyal Customer,26,Business Travel,Business,948,2,2,2,4,3,2,3,3,3,5,5,3,3,3.08,75,62,FALSE
Female,Loyal Customer,39,Business Travel,Business,1672,5,5,5,5,3,5,5,4,4,5,4,5,5,4.62,0,0,TRUE
Female,Loyal Customer,49,Business Travel,Business,3964,3,5,3,3,1,4,4,3,3,2,3,1,4,3,89,82,FALSE
Female,Loyal Customer,34,Business Travel,Business,3903,3,2,2,2,4,3,4,3,3,3,3,3,3,2.92,0,0,FALSE
Female,Loyal Customer,51,Personal Travel,Eco Plus,508,5,5,4,1,2,5,5,5,5,4,5,3,3,4,0,0,TRUE
Male,Disloyal Customer,26,Business Travel,Business,368,3,4,2,2,2,2,1,2,3,5,5,5,2,2.92,4,0,FALSE
Female,Loyal Customer,49,Business Travel,Eco Plus,929,3,5,5,5,1,3,4,3,3,3,3,2,2,3.23,0,0,FALSE
Female,Disloyal Customer,25,Business Travel,Business,2677,4,5,4,2,4,3,3,5,3,3,5,3,3,3.62,0,0,FALSE
Female,Disloyal Customer,37,Business Travel,Eco,173,3,0,3,1,5,3,5,5,1,2,4,4,5,3.15,0,0,FALSE
Female,Loyal Customer,26,Business Travel,Business,1546,5,5,2,5,2,2,2,2,3,5,5,4,2,3.38,0,0,TRUE
Female,Loyal Customer,37,Personal Travel,Business,2075,2,5,2,2,1,4,3,4,4,2,4,2,1,2.77,0,0,FALSE
Male,Disloyal Customer,21,Business Travel,Eco,532,0,3,0,1,2,0,2,2,4,5,3,3,2,2.08,96,79,TRUE
Male,Loyal Customer,58,Business Travel,Business,738,4,4,4,4,2,5,5,4,4,4,4,4,5,4.08,5,6,TRUE
Female,Loyal Customer,56,Business Travel,Business,692,1,1,1,1,2,4,4,3,3,3,3,4,3,2.54,0,0,TRUE
Female,Loyal Customer,32,Personal Travel,Eco,679,2,3,2,3,2,2,2,2,3,3,1,4,2,2.38,0,0,FALSE
Female,Loyal Customer,42,Business Travel,Business,356,3,3,3,3,3,4,3,3,3,4,3,3,3,3.15,2,10,FALSE
Male,Loyal Customer,14,Personal Travel,Eco,605,2,4,1,5,1,1,1,1,4,3,5,5,1,2.62,0,0,FALSE
Female,Loyal Customer,31,Business Travel,Business,2954,4,4,4,4,4,3,4,4,4,5,4,2,4,3.85,71,65,FALSE
Female,Loyal Customer,31,Business Travel,Business,733,5,5,5,5,5,5,5,5,3,4,4,4,5,4.62,0,0,TRUE
Female,Loyal Customer,47,Business Travel,Eco,541,5,1,1,1,3,3,4,5,5,5,5,4,2,3.38,7,0,TRUE
Male,Loyal Customer,69,Personal Travel,Eco,304,4,3,4,1,1,4,1,1,4,1,1,2,1,2.15,4,6,FALSE
Female,Loyal Customer,22,Business Travel,Business,3513,3,5,5,5,3,3,3,3,3,4,3,4,3,3.62,29,26,FALSE
Male,Loyal Customer,51,Business Travel,Eco,352,2,1,1,1,2,2,2,2,3,2,5,2,2,2.08,57,52,TRUE
Male,Loyal Customer,39,Business Travel,Business,1985,2,3,2,3,1,3,3,2,2,2,2,3,3,2.38,65,65,FALSE
Female,Loyal Customer,46,Personal Travel,Eco,391,3,4,3,3,2,4,5,5,5,3,5,4,3,3.77,0,0,FALSE
Male,Loyal Customer,30,Personal Travel,Eco,590,2,4,2,3,1,2,5,1,3,4,2,1,1,2.38,0,6,FALSE
Female,Disloyal Customer,45,Personal Travel,Eco,646,1,3,0,2,5,0,5,5,2,3,4,3,5,2.92,14,7,FALSE
Male,Disloyal Customer,30,Business Travel,Business,1642,1,1,1,1,5,1,5,5,5,5,3,5,5,3.31,0,0,FALSE
Female,Loyal Customer,22,Personal Travel,Eco,325,3,3,3,4,3,3,3,3,3,4,3,2,3,3.08,68,61,FALSE
Female,Loyal Customer,30,Business Travel,Business,2409,3,4,4,4,3,3,3,3,4,1,4,2,3,3.15,0,6,FALSE
Male,Loyal Customer,44,Business Travel,Eco,1039,5,1,1,1,5,5,5,5,1,1,2,2,5,3,15,4,TRUE
Female,Loyal Customer,57,Personal Travel,Eco,594,1,1,1,2,1,3,2,3,3,1,3,3,3,2.08,0,0,FALSE
Female,Loyal Customer,55,Business Travel,Business,416,2,5,5,5,2,1,2,2,2,2,2,1,4,2.69,15,6,FALSE
Female,Loyal Customer,45,Business Travel,Business,3055,2,2,2,2,2,4,4,3,3,3,3,4,5,3,11,43,TRUE
Male,Disloyal Customer,15,Business Travel,Business,488,5,4,5,4,4,5,4,4,4,3,4,5,4,4.23,22,1,TRUE
Male,Loyal Customer,61,Business Travel,Business,1201,4,2,5,2,4,3,3,4,4,4,4,2,1,3.23,14,,FALSE
Female,Loyal Customer,35,Business Travel,Eco,1744,3,5,4,5,3,3,3,3,4,4,3,2,3,3.46,94,73,FALSE
Female,Loyal Customer,62,Personal Travel,Eco,304,2,3,2,3,1,4,4,1,1,2,1,3,1,2.15,0,0,FALSE
Male,Loyal Customer,30,Business Travel,Business,604,4,4,4,4,4,4,4,1,2,2,3,4,4,3.38,109,147,TRUE
Male,Loyal Customer,12,Personal Travel,Eco,781,3,4,2,4,4,2,4,4,4,4,1,3,4,3.31,8,0,FALSE
Female,Loyal Customer,43,Business Travel,Business,361,5,5,5,5,5,4,4,5,5,5,5,4,3,4.62,19,3,TRUE
Female,Loyal Customer,23,Business Travel,Eco,299,2,5,5,5,2,2,1,2,1,2,2,1,2,2.46,3,4,FALSE
Male,Loyal Customer,35,Business Travel,Eco,946,3,5,5,5,3,3,3,3,1,2,4,3,3,3.31,0,0,FALSE
Male,Loyal Customer,57,Business Travel,Business,3997,3,3,5,3,4,5,4,5,5,4,4,4,3,4,8,14,TRUE
Male,Loyal Customer,49,Business Travel,Business,372,1,5,1,1,2,4,5,5,5,5,5,5,3,3.62,0,0,TRUE
Male,Loyal Customer,10,Business Travel,Business,1947,2,5,5,5,2,3,2,2,1,1,4,2,2,2.77,0,0,FALSE
Male,Loyal Customer,59,Business Travel,Business,646,3,3,3,3,5,5,5,5,5,5,5,5,5,4.38,0,0,TRUE
Female,Loyal Customer,47,Business Travel,Business,2250,2,2,2,2,4,4,4,5,5,5,5,5,5,3.85,3,0,TRUE
Female,Loyal Customer,26,Personal Travel,Eco Plus,1262,3,4,3,3,4,3,2,4,3,2,5,5,4,3.46,44,21,FALSE
Female,Loyal Customer,30,Personal Travel,Eco,599,1,3,1,5,2,1,1,2,3,2,4,3,2,2.31,0,0,FALSE
Female,Loyal Customer,35,Business Travel,Business,1448,4,4,4,4,1,2,1,2,2,2,2,5,1,2.62,6,22,TRUE
Male,Loyal Customer,20,Business Travel,Eco Plus,1124,1,1,4,1,1,2,2,1,3,2,4,4,1,2.08,6,0,FALSE
Male,Loyal Customer,36,Business Travel,Eco Plus,115,4,5,5,5,4,4,4,4,1,4,3,1,4,3.69,0,0,TRUE
Female,Loyal Customer,40,Personal Travel,Eco,587,3,5,3,3,3,3,3,3,5,2,5,4,3,3.46,6,0,FALSE
Male,Loyal Customer,25,Personal Travel,Eco,170,2,4,2,2,4,2,4,4,3,3,4,4,4,3.23,1,21,FALSE
Male,Loyal Customer,53,Business Travel,Eco,761,2,2,2,2,2,2,2,2,1,2,3,2,2,2,0,0,FALSE
Male,Loyal Customer,28,Personal Travel,Business,587,2,4,2,4,3,2,3,3,5,2,5,5,3,3.31,0,0,FALSE
Male,Loyal Customer,33,Business Travel,Eco Plus,458,4,5,5,5,4,4,4,4,2,1,3,4,4,3.77,0,0,TRUE
Female,Loyal Customer,40,Business Travel,Business,500,2,2,3,2,2,4,4,4,4,4,4,4,4,3.31,0,0,TRUE
Female,Disloyal Customer,39,Business Travel,Business,451,1,1,1,1,5,1,5,5,4,3,2,2,5,2.77,0,0,FALSE
Male,Disloyal Customer,35,Business Travel,Eco,760,4,4,4,3,2,4,2,2,2,2,5,1,2,2.85,64,52,FALSE
Male,Disloyal Customer,30,Business Travel,Business,725,1,1,1,4,5,1,5,5,3,3,4,3,5,3.15,5,0,FALSE
Male,Loyal Customer,62,Personal Travel,Eco,733,3,2,3,3,1,3,1,1,2,4,4,4,1,2.46,0,0,FALSE
Male,Loyal Customer,44,Business Travel,Eco Plus,370,4,4,3,4,4,4,4,4,5,5,4,4,4,4.08,15,24,TRUE
Female,Loyal Customer,36,Business Travel,Business,1345,2,1,1,1,2,2,2,1,2,3,4,2,2,1.92,0,40,FALSE
Female,Loyal Customer,17,Personal Travel,Eco,2355,4,5,4,2,1,4,1,1,1,1,2,5,1,2.46,0,0,FALSE
Female,Disloyal Customer,47,Business Travel,Eco Plus,403,3,3,3,5,3,3,1,3,4,2,4,5,3,3.23,73,63,FALSE
Female,Loyal Customer,10,Personal Travel,Eco,258,2,5,0,1,5,0,5,5,4,4,1,4,5,3.15,0,13,FALSE
Male,Loyal Customer,20,Business Travel,Eco Plus,135,3,1,1,1,3,4,1,3,3,3,3,1,3,2.31,0,8,FALSE
Female,Loyal Customer,47,Business Travel,Business,1440,4,4,4,4,2,4,4,2,2,2,2,4,4,3.23,0,0,TRUE
Female,Loyal Customer,65,Personal Travel,Business,670,4,5,4,3,2,3,5,4,4,4,4,2,1,3.46,0,0,TRUE
Male,Loyal Customer,46,Business Travel,Business,2233,4,1,4,4,2,5,5,4,4,4,4,3,5,3.77,0,0,TRUE
Male,Loyal Customer,34,Business Travel,Business,3278,4,4,4,4,2,4,1,4,4,4,4,4,5,3.69,0,12,TRUE
Male,Loyal Customer,39,Business Travel,Business,239,2,2,2,2,5,2,5,5,5,5,5,1,1,3.23,5,0,TRUE
Male,Disloyal Customer,14,Business Travel,Business,984,5,0,5,2,2,5,2,2,4,4,4,3,2,3.08,10,0,TRUE
Female,Disloyal Customer,24,Business Travel,Eco,871,2,2,2,3,3,2,3,3,3,1,4,3,3,2.62,18,0,FALSE
Male,Loyal Customer,47,Business Travel,Eco,1372,2,1,1,1,2,2,2,2,3,2,2,2,2,1.85,149,130,FALSE
Male,Disloyal Customer,29,Business Travel,Business,1035,4,4,4,4,5,4,5,5,3,5,3,4,5,4.23,0,0,FALSE
Male,Disloyal Customer,21,Business Travel,Business,689,4,2,4,1,4,4,4,4,5,3,4,4,4,3.62,0,0,TRUE
Female,Loyal Customer,56,Business Travel,Eco,106,5,4,4,4,4,4,5,5,5,5,5,4,4,4.46,0,0,TRUE
Female,Loyal Customer,48,Personal Travel,Business,1912,2,4,2,3,4,5,5,2,2,2,2,5,3,3.15,0,0,FALSE
Male,Loyal Customer,20,Business Travel,Business,581,4,5,5,5,4,4,4,4,4,3,4,3,4,4.08,0,0,FALSE
Male,Disloyal Customer,37,Business Travel,Eco,120,2,4,2,4,4,2,4,4,2,3,4,4,4,3.31,51,38,FALSE
Male,Loyal Customer,28,Business Travel,Eco,588,2,3,3,3,2,2,2,2,1,3,2,2,2,2.23,0,0,FALSE
Female,Loyal Customer,59,Business Travel,Business,1656,1,2,2,2,1,3,3,1,1,1,1,3,2,1.77,3,6,FALSE
Female,Loyal Customer,36,Business Travel,Business,2986,5,5,5,5,3,5,5,5,5,5,5,3,4,4.62,0,5,TRUE
Male,Disloyal Customer,37,Business Travel,Business,236,4,4,4,5,2,4,4,2,5,2,5,3,2,3.54,0,0,TRUE
Male,Disloyal Customer,37,Business Travel,Eco,101,2,5,2,4,2,2,2,2,1,3,2,2,2,2.38,0,0,FALSE
Male,Loyal Customer,69,Business Travel,Business,221,4,4,4,4,2,5,1,5,5,5,3,5,5,4,4,0,TRUE
Male,Loyal Customer,51,Business Travel,Business,2753,1,1,1,1,2,5,5,5,5,5,5,4,3,3.31,0,0,TRUE
Female,Loyal Customer,64,Personal Travel,Eco,331,2,5,5,3,5,5,5,2,2,5,2,3,3,3.62,0,0,FALSE
Male,Loyal Customer,49,Business Travel,Business,1846,2,2,2,2,2,4,5,4,4,4,4,5,5,3.46,3,0,TRUE
Male,Loyal Customer,12,Business Travel,Eco Plus,692,3,3,4,3,3,3,4,3,3,2,4,2,3,3.08,1,3,FALSE
Male,Loyal Customer,23,Business Travel,Business,936,1,4,4,4,1,1,1,1,1,5,3,1,1,2.15,18,10,FALSE
Female,Loyal Customer,37,Personal Travel,Eco,606,3,1,3,4,5,3,5,5,3,3,3,1,5,3.38,20,25,FALSE
Female,Loyal Customer,54,Personal Travel,Business,270,2,0,2,4,4,4,3,3,3,2,3,3,1,2.62,0,3,FALSE
Male,Loyal Customer,40,Business Travel,Business,1846,5,5,5,5,5,4,4,5,5,5,5,3,3,4.54,0,27,TRUE
Female,Loyal Customer,60,Personal Travel,Eco,1444,2,0,2,4,2,5,5,5,5,4,5,5,5,3.77,119,153,FALSE
Male,Disloyal Customer,20,Business Travel,Eco,1085,3,3,3,4,4,3,4,4,4,1,3,2,4,3.23,0,0,FALSE
Male,Loyal Customer,54,Personal Travel,Eco,335,3,4,5,3,5,5,5,5,3,5,4,5,5,4.38,0,0,FALSE
Female,Disloyal Customer,16,Business Travel,Eco,651,2,4,2,3,3,2,5,3,3,4,5,5,3,3.38,36,29,FALSE
Male,Loyal Customer,43,Business Travel,Business,3205,5,5,5,5,5,4,5,4,4,4,4,5,4,4.54,0,0,TRUE
Female,Loyal Customer,21,Personal Travel,Eco,1294,1,4,1,1,5,1,5,5,5,2,4,4,5,3.31,22,29,FALSE
Female,Loyal Customer,34,Personal Travel,Eco,1205,3,4,3,3,5,3,5,5,4,5,3,3,5,3.92,3,0,FALSE
Male,Loyal Customer,11,Personal Travel,Eco,944,1,3,1,3,2,1,2,2,2,2,4,2,2,2.08,120,108,FALSE
Male,Loyal Customer,61,Business Travel,Eco,748,2,5,5,5,2,2,2,2,4,5,2,3,2,3.15,0,0,FALSE
Female,Loyal Customer,59,Business Travel,Business,1840,5,5,5,5,2,1,4,5,5,5,5,2,4,4.08,18,19,TRUE
Male,Loyal Customer,37,Business Travel,Business,239,2,3,3,3,2,4,4,2,2,2,2,2,4,2.69,0,0,FALSE
Male,Loyal Customer,35,Business Travel,Business,2863,4,4,4,4,3,5,5,3,3,4,3,5,4,3.92,22,19,TRUE
Female,Loyal Customer,43,Business Travel,Eco Plus,195,1,2,2,2,1,4,3,1,1,1,1,2,2,1.77,2,0,FALSE
Female,Loyal Customer,27,Personal Travel,Eco,1979,5,5,5,4,4,5,4,4,5,3,3,2,4,4.08,0,0,TRUE
Female,Disloyal Customer,35,Business Travel,Business,1199,1,1,1,4,3,1,3,3,4,2,5,4,3,2.69,1,0,FALSE
Male,Loyal Customer,51,Business Travel,Business,1627,1,1,1,1,2,4,5,4,4,4,5,5,2,3,0,0,TRUE
Female,Loyal Customer,40,Business Travel,Business,409,5,5,5,5,4,4,4,5,5,5,5,5,4,4.69,0,7,TRUE
Female,Loyal Customer,50,Business Travel,Business,3107,5,5,1,5,2,4,5,5,5,4,5,5,3,4.15,14,5,TRUE
Female,Loyal Customer,47,Business Travel,Eco Plus,1262,4,1,1,1,3,5,3,3,3,4,3,5,3,3,0,1,TRUE
Male,Disloyal Customer,24,Business Travel,Eco,531,3,2,3,4,5,3,5,5,1,5,3,3,5,3.62,0,16,FALSE
Female,Loyal Customer,36,Business Travel,Business,2675,3,3,3,3,5,3,3,3,3,3,3,3,3,3.15,53,68,TRUE
Female,Loyal Customer,66,Personal Travel,Eco Plus,405,3,5,3,2,3,2,2,3,4,4,5,2,2,3.08,210,211,FALSE
Female,Loyal Customer,32,Personal Travel,Eco,1061,2,4,2,1,4,2,4,4,3,2,5,4,4,3.15,129,118,FALSE
Female,Disloyal Customer,27,Business Travel,Business,125,1,1,1,4,4,1,4,4,3,4,4,4,4,3,0,0,FALSE
Female,Loyal Customer,24,Business Travel,Business,475,3,3,3,3,3,3,3,3,3,5,4,1,3,3.08,15,11,FALSE
Male,Loyal Customer,51,Business Travel,Business,2108,3,3,3,3,4,4,5,4,4,4,4,3,4,3.69,31,43,TRUE
Male,Loyal Customer,32,Business Travel,Business,859,3,1,3,3,3,3,3,3,2,1,4,2,3,2.62,0,0,FALSE
Male,Loyal Customer,33,Business Travel,Business,3362,4,4,4,4,5,5,4,5,3,3,5,3,5,4.15,5,0,TRUE
Female,Loyal Customer,48,Business Travel,Business,1862,2,5,5,5,2,3,3,2,2,2,2,1,2,2.77,7,12,FALSE
Male,Loyal Customer,56,Business Travel,Business,668,3,1,1,1,1,3,3,3,3,3,3,4,3,2.46,0,0,FALSE
Female,Loyal Customer,47,Business Travel,Business,3244,1,5,5,5,2,4,4,1,1,1,1,2,4,2.77,23,17,FALSE
Male,Loyal Customer,40,Business Travel,Business,2389,2,4,4,4,5,3,4,2,2,2,2,1,2,2.85,0,0,FALSE
Male,Loyal Customer,55,Personal Travel,Eco,746,4,4,4,3,4,3,3,3,2,4,4,3,3,3.38,183,152,FALSE
Male,Loyal Customer,37,Business Travel,Eco Plus,998,1,2,2,2,1,1,1,1,3,4,3,1,1,1.77,0,93,FALSE
Male,Loyal Customer,41,Business Travel,Business,2835,4,4,4,4,5,3,2,5,5,5,5,5,4,4.23,1,0,TRUE
Female,Loyal Customer,43,Business Travel,Business,3172,3,1,1,1,3,2,3,3,3,3,3,1,4,2.38,32,50,FALSE
Female,Loyal Customer,49,Business Travel,Business,517,1,1,1,1,3,4,5,4,4,4,4,4,3,3,2,17,TRUE
Male,Loyal Customer,56,Business Travel,Business,674,5,5,5,5,3,5,5,5,5,5,5,5,4,4.77,58,53,TRUE
Female,Loyal Customer,52,Personal Travel,Eco Plus,301,2,1,2,3,4,3,4,1,1,2,1,4,2,2.31,0,0,FALSE
Female,Loyal Customer,15,Personal Travel,Eco Plus,1838,2,5,2,3,2,2,2,2,4,4,3,5,2,2.92,0,0,FALSE
Female,Loyal Customer,9,Personal Travel,Eco,689,1,4,1,2,5,1,5,5,4,3,5,5,5,3.54,0,4,FALSE
Male,Loyal Customer,42,Business Travel,Business,368,1,1,1,1,4,4,3,1,1,1,1,3,3,1.92,15,12,FALSE
Male,Disloyal Customer,32,Business Travel,Eco,321,3,5,4,2,1,4,1,1,2,5,1,1,1,2.38,9,17,FALSE
Male,Loyal Customer,44,Business Travel,Eco,1017,4,4,4,4,4,4,4,4,5,2,4,1,4,3.69,0,0,TRUE
Female,Disloyal Customer,25,Business Travel,Business,125,3,4,3,3,2,3,2,2,3,3,5,4,2,3,0,0,FALSE
Male,Disloyal Customer,38,Business Travel,Business,1269,5,5,5,5,2,5,2,2,3,2,4,5,2,3.62,8,3,TRUE
Male,Loyal Customer,56,Personal Travel,Eco,368,1,5,1,2,5,1,5,5,1,2,2,2,5,2.85,2,0,FALSE
Male,Loyal Customer,61,Business Travel,Eco Plus,483,4,2,2,2,4,4,4,4,3,5,1,2,4,3.15,0,0,TRUE
Male,Loyal Customer,44,Business Travel,Business,3291,1,1,5,1,5,4,5,5,5,5,5,5,5,4,15,0,TRUE
Male,Loyal Customer,46,Business Travel,Business,2599,1,5,5,5,3,4,4,1,1,1,1,1,2,2.62,0,0,FALSE
Female,Loyal Customer,45,Business Travel,Business,696,5,2,5,5,4,4,4,4,4,4,4,3,3,3.92,1,7,TRUE
Female,Disloyal Customer,33,Business Travel,Eco,190,2,0,2,1,1,2,1,1,5,3,3,3,1,1.92,0,0,FALSE
Female,Disloyal Customer,36,Business Travel,Eco,323,3,3,3,3,4,3,4,4,2,5,3,4,4,3.46,42,50,FALSE
Female,Loyal Customer,23,Personal Travel,Eco,954,3,5,3,4,3,3,3,3,4,5,5,4,3,3.69,0,0,FALSE
Female,Loyal Customer,27,Business Travel,Business,1960,2,4,3,4,2,2,2,2,4,5,3,2,2,2.85,20,13,FALSE
Female,Loyal Customer,58,Business Travel,Business,3516,4,4,4,4,3,5,5,4,4,4,4,5,3,4.08,0,0,TRUE
Female,Loyal Customer,49,Business Travel,Business,3114,1,1,1,1,2,4,5,5,5,5,5,4,4,3.31,30,23,TRUE
Female,Loyal Customer,39,Business Travel,Eco Plus,261,4,1,1,1,4,4,4,4,3,1,2,5,4,2.92,0,0,TRUE
Male,Loyal Customer,54,Personal Travel,Eco,862,2,3,2,4,4,2,5,4,1,4,4,1,4,3.08,0,0,FALSE
Male,Loyal Customer,48,Business Travel,Business,3708,1,1,1,1,4,2,3,1,1,1,1,3,2,1.69,1,2,FALSE
Male,Loyal Customer,40,Business Travel,Business,3821,3,3,3,3,2,4,4,4,4,4,5,4,4,3.62,0,0,TRUE
Female,Loyal Customer,31,Business Travel,Business,503,3,4,4,4,3,3,3,3,1,2,3,2,3,2.92,0,0,FALSE
Female,Loyal Customer,8,Personal Travel,Eco Plus,771,2,4,3,1,4,3,4,4,4,3,4,4,4,3.38,23,6,FALSE
Female,Loyal Customer,48,Business Travel,Business,569,5,5,5,5,5,4,5,4,4,4,4,4,4,4.46,0,0,TRUE
Female,Loyal Customer,51,Business Travel,Eco,557,4,5,5,5,4,3,4,4,4,4,4,3,3,4,0,0,FALSE
Female,Loyal Customer,45,Business Travel,Business,1802,2,2,2,2,4,4,4,1,3,2,5,4,4,3,19,74,TRUE
Female,Disloyal Customer,24,Business Travel,Eco,135,1,2,1,3,1,1,1,1,4,4,4,1,1,1.92,5,2,FALSE
Male,Loyal Customer,46,Business Travel,Business,214,2,2,2,2,3,5,4,5,5,5,4,4,5,3.69,0,10,TRUE
Male,Loyal Customer,54,Business Travel,Business,2837,2,2,2,2,2,4,4,5,5,5,5,5,4,3.62,19,19,TRUE
Female,Loyal Customer,44,Personal Travel,Eco,802,4,3,4,3,5,2,3,2,2,4,2,1,4,3,103,108,TRUE
Male,Loyal Customer,41,Business Travel,Business,1300,1,1,1,1,3,4,5,5,5,5,5,5,3,3.38,9,0,TRUE
Female,Disloyal Customer,58,Business Travel,Eco,335,2,2,2,4,2,2,2,2,4,1,3,4,2,2.46,0,4,FALSE
Female,Loyal Customer,14,Personal Travel,Eco,1242,1,4,1,1,1,1,1,1,3,2,4,5,1,2,1,0,FALSE
Female,Loyal Customer,32,Business Travel,Business,1399,1,1,1,1,4,4,4,4,4,4,4,5,4,3.15,0,0,TRUE
Male,Loyal Customer,45,Business Travel,Business,583,2,2,2,2,5,5,5,4,4,4,4,4,5,3.69,16,15,TRUE
Female,Disloyal Customer,22,Business Travel,Eco,369,2,4,2,3,5,2,5,5,3,4,4,4,5,3.69,17,9,FALSE
Female,Loyal Customer,36,Business Travel,Business,2303,3,3,3,3,3,4,5,4,4,4,4,3,4,3.62,10,0,TRUE
Male,Loyal Customer,58,Business Travel,Business,1731,3,3,3,3,3,4,4,4,4,4,4,5,3,3.62,12,12,TRUE
Female,Disloyal Customer,16,Business Travel,Business,689,5,0,5,3,1,5,1,1,4,4,5,5,1,3.08,0,0,TRUE
Male,Loyal Customer,30,Business Travel,Business,2121,3,3,3,3,5,5,3,5,2,2,1,4,5,3.38,10,10,TRUE
Female,Loyal Customer,23,Business Travel,Business,1056,1,1,1,1,4,4,4,4,3,1,3,2,4,2.54,0,0,TRUE
Male,Loyal Customer,69,Personal Travel,Eco,585,3,4,3,3,4,3,4,4,4,5,5,5,4,3.92,33,20,FALSE
Female,Loyal Customer,63,Personal Travel,Eco,419,3,2,3,4,4,3,3,3,3,3,3,3,2,3,19,23,FALSE
Female,Loyal Customer,8,Personal Travel,Eco,581,2,5,2,1,4,2,4,4,5,3,4,4,4,3.38,0,5,FALSE
Female,Loyal Customer,32,Business Travel,Eco Plus,1389,3,2,3,3,3,3,3,3,3,1,3,4,3,2.85,72,53,FALSE
Male,Disloyal Customer,23,Business Travel,Business,337,5,3,5,2,5,5,5,5,3,2,5,5,5,4.23,0,12,TRUE
Male,Loyal Customer,52,Business Travel,Business,1047,3,3,3,3,2,4,4,4,4,4,4,5,5,3.69,0,0,TRUE
Male,Loyal Customer,69,Personal Travel,Eco,1052,1,4,1,4,5,1,2,5,3,4,5,3,5,3.31,70,58,FALSE
Male,Loyal Customer,12,Personal Travel,Eco,1751,2,5,2,3,2,2,2,2,1,4,3,3,2,2.54,1,0,FALSE
Male,Loyal Customer,38,Personal Travel,Eco Plus,1024,3,2,3,2,5,3,1,5,3,2,3,1,5,2.92,10,14,FALSE
Male,Disloyal Customer,38,Business Travel,Business,1009,2,2,2,1,1,2,1,1,4,2,5,3,1,2.08,35,17,FALSE
Male,Loyal Customer,67,Personal Travel,Eco,760,3,5,3,3,1,3,1,1,1,5,3,4,1,2.62,6,0,FALSE
Female,Disloyal Customer,11,Business Travel,Eco,677,4,4,4,2,2,4,2,2,3,5,4,5,2,3.31,18,3,FALSE
Female,Loyal Customer,40,Personal Travel,Eco,325,5,2,5,4,5,5,5,5,2,1,3,1,5,3.69,0,1,TRUE
Female,Disloyal Customer,50,Business Travel,Eco,223,3,4,3,3,2,3,3,2,1,3,4,2,2,2.69,0,0,FALSE
Male,Loyal Customer,16,Personal Travel,Eco,944,1,2,1,2,2,1,2,2,2,1,2,3,2,1.77,0,0,FALSE
Female,Loyal Customer,58,Business Travel,Eco,1197,2,1,5,1,3,3,3,2,2,2,2,4,3,2.54,20,2,FALSE
Male,Loyal Customer,61,Personal Travel,Eco,522,1,4,1,1,2,1,2,2,4,2,4,5,2,2.38,0,0,FALSE
Male,Loyal Customer,37,Business Travel,Eco,819,4,2,2,2,4,4,4,4,4,4,3,3,4,3.38,12,8,FALSE
Female,Loyal Customer,38,Business Travel,Business,2188,2,5,5,5,2,2,2,3,3,3,3,2,2,3,133,121,FALSE
Female,Loyal Customer,22,Business Travel,Eco,594,4,1,1,1,4,4,5,4,3,1,2,5,4,3,36,23,TRUE
Male,Loyal Customer,9,Personal Travel,Eco,447,4,5,5,1,5,5,3,5,3,4,5,5,5,4.23,0,0,FALSE
Male,Loyal Customer,35,Business Travel,Business,2569,0,4,0,4,5,3,4,5,5,1,1,1,2,2.69,0,5,TRUE
Male,Loyal Customer,45,Personal Travel,Eco,237,1,4,1,3,4,1,4,4,5,3,4,3,4,3.15,0,0,FALSE
Male,Loyal Customer,58,Personal Travel,Eco,453,1,5,1,1,1,1,1,1,5,2,4,5,1,2.23,0,0,FALSE
Female,Loyal Customer,58,Business Travel,Business,1849,3,3,3,3,5,3,4,5,5,5,5,4,4,4,0,0,TRUE
Male,Loyal Customer,42,Business Travel,Business,2351,0,0,0,3,4,5,4,3,3,1,1,4,3,2.38,0,0,TRUE
Male,Loyal Customer,33,Personal Travel,Eco,427,3,4,3,3,2,3,2,2,4,2,4,1,2,2.69,28,42,FALSE
Female,Loyal Customer,44,Business Travel,Business,769,3,3,3,3,5,3,3,3,3,3,3,1,4,3.08,0,0,FALSE
Female,Loyal Customer,40,Business Travel,Business,1590,2,2,3,2,3,5,4,4,4,4,4,3,4,3.38,13,20,TRUE
Female,Loyal Customer,43,Business Travel,Business,297,1,1,2,1,5,5,5,5,5,5,5,3,3,3.54,10,0,TRUE
Female,Loyal Customer,38,Personal Travel,Eco,102,2,4,2,3,1,2,1,1,3,5,5,4,1,2.62,3,0,FALSE
Male,Loyal Customer,44,Business Travel,Business,2694,1,1,1,1,2,4,4,4,4,4,4,5,5,3.08,0,0,TRUE
Male,Disloyal Customer,18,Business Travel,Business,679,5,3,4,3,2,4,2,2,5,4,5,5,2,3.54,0,0,TRUE
Female,Disloyal Customer,61,Business Travel,Business,323,1,1,1,5,5,1,5,5,3,3,4,5,5,3.38,0,0,FALSE
Male,Loyal Customer,55,Personal Travel,Business,2402,1,0,1,4,2,5,4,2,2,1,2,3,3,2.31,60,106,FALSE
Male,Loyal Customer,63,Personal Travel,Eco,645,2,1,2,4,3,2,2,3,2,2,3,1,3,2.31,0,0,FALSE
Female,Loyal Customer,44,Business Travel,Eco,277,5,3,3,3,5,5,5,4,4,3,3,5,5,4.08,420,407,TRUE
Female,Loyal Customer,43,Business Travel,Business,2204,3,1,4,1,2,3,3,3,3,4,3,1,1,2.46,0,10,FALSE
Female,Disloyal Customer,60,Business Travel,Eco,1587,1,1,1,3,2,1,2,2,3,3,3,2,2,2,0,11,FALSE
Female,Disloyal Customer,28,Business Travel,Business,861,3,3,3,3,1,3,1,1,3,5,4,4,1,2.69,87,65,FALSE
Male,Loyal Customer,52,Personal Travel,Eco,414,4,1,4,2,3,4,3,3,4,5,2,4,3,3.23,3,0,FALSE
Female,Loyal Customer,19,Business Travel,Eco Plus,383,2,2,2,2,2,2,4,2,1,1,3,4,2,2.23,18,41,FALSE
Female,Loyal Customer,44,Business Travel,Business,152,0,4,0,5,4,4,5,1,1,1,1,5,4,2.69,14,0,TRUE
Female,Loyal Customer,26,Personal Travel,Eco,102,4,4,4,3,2,4,2,2,4,3,4,5,2,3.31,0,0,FALSE
Male,Loyal Customer,29,Personal Travel,Eco,621,2,1,2,3,3,2,3,3,1,4,2,1,3,2.31,4,0,FALSE
Male,Loyal Customer,38,Business Travel,Business,262,0,0,0,2,1,4,5,3,3,3,3,3,5,2.46,0,7,TRUE
Male,Loyal Customer,25,Personal Travel,Eco,337,4,3,4,4,1,4,1,1,4,1,3,1,1,2.46,68,63,FALSE
Female,Loyal Customer,45,Business Travel,Business,2737,3,3,3,3,3,4,4,4,4,4,4,4,4,3.62,0,0,TRUE
Male,Loyal Customer,42,Business Travel,Business,3874,3,3,3,3,4,5,2,5,5,5,5,1,3,3.62,16,12,TRUE
Female,Loyal Customer,9,Personal Travel,Eco,287,2,2,2,3,1,2,1,1,2,5,3,1,1,2,2,5,FALSE
Female,Loyal Customer,9,Personal Travel,Eco Plus,920,3,5,4,3,2,4,3,2,4,5,4,3,2,3.38,0,0,FALSE
Female,Loyal Customer,55,Business Travel,Business,577,4,4,4,4,2,4,4,3,3,3,3,3,5,3.54,11,0,TRUE
Male,Loyal Customer,25,Personal Travel,Eco,479,3,4,3,3,5,3,5,5,1,3,3,4,5,3.62,99,90,FALSE
Male,Loyal Customer,40,Business Travel,Business,2025,4,4,4,4,2,4,4,4,4,4,4,4,3,3.77,0,0,TRUE
Female,Loyal Customer,23,Business Travel,Business,2670,5,5,5,5,5,5,5,5,1,3,2,4,5,4.23,0,0,TRUE
Female,Loyal Customer,34,Business Travel,Business,2129,3,3,5,3,3,4,4,3,3,3,3,3,3,3.31,5,0,FALSE
Female,Loyal Customer,38,Business Travel,Business,2008,5,5,2,5,4,4,5,5,5,4,5,3,2,4.15,22,33,TRUE
Male,Loyal Customer,13,Personal Travel,Eco Plus,101,2,5,2,3,3,2,2,3,3,4,5,3,3,3.08,0,1,FALSE
Male,Loyal Customer,41,Business Travel,Business,3660,1,1,1,1,3,5,5,3,3,4,3,4,4,2.92,0,0,TRUE
Female,Loyal Customer,20,Personal Travel,Eco Plus,1476,2,4,2,1,5,2,5,5,3,3,5,4,5,3.54,0,0,FALSE
Male,Loyal Customer,17,Business Travel,Business,109,3,3,3,3,5,5,5,5,2,2,5,2,5,3.69,0,0,TRUE
Male,Disloyal Customer,28,Business Travel,Business,689,4,4,4,3,3,4,3,3,5,2,5,4,3,3.62,22,5,FALSE
Male,Loyal Customer,50,Business Travel,Eco,1118,3,1,1,1,3,3,3,3,1,3,2,3,3,2.31,0,25,FALSE
Female,Disloyal Customer,26,Business Travel,Eco,760,3,3,3,4,1,3,1,1,3,3,4,3,1,2.54,0,0,FALSE
Female,Loyal Customer,25,Personal Travel,Eco,2704,2,2,2,3,2,3,5,2,4,4,3,5,5,3.23,152,191,FALSE
Female,Loyal Customer,40,Business Travel,Eco,1011,4,3,5,3,4,4,4,4,4,4,1,3,4,3.62,0,0,TRUE
Male,Loyal Customer,61,Personal Travel,Eco,248,5,4,5,5,3,5,2,3,3,2,5,4,3,3.77,0,0,TRUE
Male,Disloyal Customer,23,Business Travel,Eco,430,4,3,4,2,3,4,3,3,5,4,3,1,3,3.23,0,0,TRUE
Female,Loyal Customer,48,Business Travel,Eco,406,3,4,4,4,5,4,4,4,4,3,4,3,3,3.77,15,0,FALSE
Female,Loyal Customer,56,Business Travel,Business,240,3,5,3,3,2,5,4,4,4,4,4,4,4,3.77,0,7,TRUE
Male,Loyal Customer,31,Business Travel,Business,391,5,5,4,5,4,4,4,4,4,3,3,2,4,3.92,0,0,TRUE
Female,Loyal Customer,40,Business Travel,Business,2218,3,3,3,3,5,4,5,3,3,4,3,3,3,3.46,0,0,TRUE
Female,Loyal Customer,35,Business Travel,Business,2987,2,2,2,2,2,4,4,5,5,5,5,4,3,3.46,6,0,TRUE
Male,Loyal Customer,29,Personal Travel,Eco Plus,479,3,5,3,3,1,3,1,1,4,4,4,5,1,2.92,0,3,FALSE
Male,Loyal Customer,41,Business Travel,Business,1464,5,5,5,5,2,5,4,4,4,4,4,5,4,4.31,4,0,TRUE
Female,Loyal Customer,42,Business Travel,Business,1205,4,4,4,4,4,4,5,4,4,4,4,3,4,4,0,0,TRUE
Female,Loyal Customer,28,Business Travel,Business,1768,0,0,0,2,4,4,4,4,4,2,5,3,4,2.77,6,17,TRUE
Male,Loyal Customer,55,Business Travel,Business,2077,3,3,5,3,2,5,5,4,4,4,4,4,5,3.92,5,8,TRUE
Male,Disloyal Customer,47,Business Travel,Business,802,3,3,3,3,2,3,2,2,2,2,3,3,2,2.54,0,1,FALSE
Male,Disloyal Customer,39,Business Travel,Eco,463,1,2,1,3,5,1,5,5,2,4,3,1,5,2.92,51,111,FALSE
Female,Loyal Customer,63,Personal Travel,Business,1371,3,4,2,1,5,3,4,1,1,2,1,4,3,2.62,24,21,FALSE
Female,Loyal Customer,63,Business Travel,Business,113,5,2,5,5,5,5,5,5,5,5,5,3,3,4.46,0,0,TRUE
Female,Loyal Customer,30,Business Travel,Eco,404,5,2,2,2,5,5,5,5,2,5,3,4,5,3.85,0,0,TRUE
Male,Loyal Customer,43,Personal Travel,Eco,803,2,5,2,1,2,2,2,2,5,2,3,1,2,2.38,0,0,FALSE
Female,Loyal Customer,43,Business Travel,Eco,153,3,3,3,3,5,4,4,3,3,3,3,1,3,3.15,0,0,FALSE
Male,Disloyal Customer,41,Business Travel,Business,1209,4,4,4,4,4,4,4,5,4,3,4,4,4,4,158,177,TRUE
Male,Loyal Customer,28,Personal Travel,Eco,646,4,3,4,3,2,4,2,2,4,2,3,4,2,3,4,0,FALSE
Female,Loyal Customer,66,Personal Travel,Eco,645,3,1,3,3,2,4,4,3,3,3,4,3,4,3.08,0,1,FALSE
Female,Loyal Customer,58,Business Travel,Business,3747,2,2,2,2,5,5,5,5,5,5,5,5,5,4.08,0,31,TRUE
Female,Loyal Customer,50,Business Travel,Business,2274,4,4,4,4,5,4,4,4,4,4,4,3,4,4,0,17,TRUE
Male,Loyal Customer,27,Business Travel,Eco,282,2,1,1,1,2,2,2,2,4,2,2,4,2,2.08,112,108,FALSE
Female,Disloyal Customer,25,Business Travel,Business,2218,1,0,1,3,4,1,4,4,5,4,4,4,4,3,2,6,FALSE
Female,Loyal Customer,25,Business Travel,Business,1892,2,2,2,2,2,2,2,2,4,5,4,1,2,2.46,0,0,FALSE
Female,Loyal Customer,49,Business Travel,Business,1000,2,3,3,3,1,4,4,2,2,2,2,1,4,2.54,0,0,FALSE
Female,Disloyal Customer,42,Business Travel,Business,861,3,3,3,1,5,3,5,5,4,2,4,4,5,3.62,32,23,TRUE
Female,Loyal Customer,37,Business Travel,Eco,366,3,5,5,5,3,3,3,3,4,2,3,5,3,3.62,0,0,TRUE
Male,Loyal Customer,18,Personal Travel,Eco Plus,390,4,5,4,3,2,4,2,2,2,4,4,4,2,3.23,0,0,FALSE
Female,Loyal Customer,37,Business Travel,Business,261,4,4,4,4,4,3,1,5,5,5,5,5,2,3.92,0,0,TRUE
Female,Loyal Customer,43,Personal Travel,Eco,1076,1,5,1,3,4,5,5,2,2,1,2,4,4,3,0,0,FALSE
Male,Loyal Customer,45,Business Travel,Business,978,1,1,1,1,3,5,4,4,4,4,4,3,5,3.08,0,0,TRUE
Female,Loyal Customer,58,Business Travel,Eco Plus,175,3,3,3,3,5,3,3,2,2,3,2,3,1,2.77,0,0,FALSE
Male,Loyal Customer,42,Personal Travel,Eco,405,0,5,0,4,4,0,4,4,4,4,5,5,4,3.31,0,0,TRUE
Male,Loyal Customer,18,Personal Travel,Eco Plus,1747,2,3,2,4,1,2,1,1,3,2,3,1,1,2,28,44,FALSE
Male,Loyal Customer,39,Business Travel,Business,1915,1,1,1,1,3,4,5,4,4,4,4,3,5,3.08,0,0,TRUE
Male,Disloyal Customer,21,Business Travel,Eco,591,1,4,1,3,2,1,2,2,1,5,3,2,2,2.23,0,27,FALSE
Male,Loyal Customer,58,Personal Travel,Business,302,3,3,3,2,4,5,5,1,1,3,1,3,1,2.69,11,11,FALSE
Male,Loyal Customer,15,Business Travel,Eco Plus,1068,4,5,4,5,4,4,4,4,1,4,5,1,4,3.77,2,0,TRUE
Male,Loyal Customer,54,Personal Travel,Eco,1585,2,5,2,1,5,2,5,5,5,5,4,3,5,3.77,19,14,FALSE
Female,Loyal Customer,43,Personal Travel,Eco,1624,3,3,3,3,3,1,3,3,3,3,3,4,3,2.92,45,55,FALSE
Male,Loyal Customer,66,Personal Travel,Eco,1379,4,3,4,3,4,4,4,4,1,3,2,4,4,3.38,15,5,TRUE
Female,Disloyal Customer,34,Business Travel,Eco,361,3,4,4,4,1,4,1,1,4,1,4,2,1,2.62,22,12,FALSE
Female,Loyal Customer,54,Business Travel,Business,490,5,5,5,5,2,5,5,5,5,4,5,5,3,4.54,0,0,TRUE
Female,Loyal Customer,63,Personal Travel,Eco,282,1,5,1,4,3,4,4,4,4,1,4,3,4,3.23,35,28,FALSE
Male,Loyal Customer,43,Business Travel,Eco,269,4,4,4,4,4,4,4,4,2,3,1,4,4,3.54,0,0,TRUE
Male,Loyal Customer,45,Personal Travel,Eco,550,3,0,3,2,3,3,3,3,4,5,4,3,3,3,0,0,FALSE
Female,Loyal Customer,27,Personal Travel,Eco,526,4,5,4,4,5,4,5,5,5,4,4,4,5,4.46,0,0,TRUE
Female,Loyal Customer,64,Personal Travel,Eco,438,3,4,3,4,3,4,5,3,3,3,3,5,4,3.62,0,0,FALSE
Female,Loyal Customer,67,Personal Travel,Eco Plus,1035,2,5,2,1,4,5,4,1,1,2,1,3,3,2.62,0,0,FALSE
Female,Loyal Customer,44,Business Travel,Eco,314,4,3,3,3,3,3,2,3,3,4,3,1,4,3,0,0,TRUE
Female,Loyal Customer,51,Business Travel,Business,3756,2,5,2,2,3,4,5,2,2,3,2,3,3,2.92,0,0,TRUE
Female,Loyal Customer,25,Personal Travel,Business,547,2,4,2,3,4,2,4,4,5,5,4,5,4,3.69,0,0,FALSE
Male,Loyal Customer,48,Personal Travel,Eco,431,2,4,2,1,5,2,2,5,5,3,4,3,5,3.31,0,0,FALSE
Male,Disloyal Customer,34,Business Travel,Business,359,2,2,2,1,1,2,1,1,3,3,2,5,1,2,9,4,FALSE
Female,Loyal Customer,49,Business Travel,Eco,542,5,5,5,5,1,2,2,5,5,5,5,5,3,4.08,0,0,TRUE
Male,Loyal Customer,28,Business Travel,Eco,102,4,4,4,4,4,4,4,4,3,5,1,4,4,3.77,0,0,TRUE
Female,Disloyal Customer,38,Business Travel,Eco,139,2,2,2,3,3,2,3,3,4,2,4,2,3,2.69,6,11,FALSE
Male,Loyal Customer,44,Business Travel,Business,2234,3,1,2,1,1,4,3,3,3,3,3,1,2,2.31,0,0,FALSE
Male,Loyal Customer,56,Business Travel,Business,1800,4,3,4,4,3,5,4,5,5,5,5,5,5,4.38,17,15,TRUE
Female,Loyal Customer,40,Personal Travel,Eco Plus,1874,4,5,4,4,2,4,2,2,4,1,1,1,2,2.77,3,4,TRUE
Female,Disloyal Customer,59,Business Travel,Eco,520,2,2,2,3,1,2,1,1,3,1,3,4,1,2,38,105,FALSE
Male,Loyal Customer,40,Business Travel,Eco,612,1,3,3,3,1,2,1,1,1,5,3,3,1,2.15,0,0,FALSE
Female,Disloyal Customer,25,Business Travel,Eco,1023,2,2,2,3,1,2,1,1,1,4,3,2,1,1.92,0,0,FALSE
Female,Loyal Customer,59,Business Travel,Business,181,4,4,4,4,5,4,4,4,4,4,4,3,5,4.08,0,0,TRUE
Female,Loyal Customer,41,Business Travel,Business,2736,2,2,2,2,5,5,4,5,5,5,5,3,3,3.69,0,2,TRUE
Male,Disloyal Customer,22,Business Travel,Eco,73,4,0,4,2,2,4,1,2,1,3,1,1,2,2.08,0,0,TRUE
Female,Loyal Customer,39,Business Travel,Eco Plus,241,4,2,2,2,4,4,4,4,2,3,5,1,4,3.15,0,0,TRUE
Female,Disloyal Customer,28,Business Travel,Business,926,5,5,5,4,3,5,3,3,3,5,5,4,3,4.08,0,0,TRUE
Female,Loyal Customer,51,Business Travel,Business,1276,5,5,5,5,3,5,4,4,4,5,4,5,4,4.46,46,37,TRUE
Male,Disloyal Customer,23,Business Travel,Eco,544,5,0,5,4,1,5,1,1,5,5,4,4,1,3.15,27,44,TRUE
Female,Loyal Customer,52,Business Travel,Business,3701,5,5,3,5,2,4,5,4,4,4,4,4,5,4.15,15,4,TRUE
Female,Disloyal Customer,34,Business Travel,Business,371,3,3,3,5,5,3,5,5,5,4,5,4,5,4.23,0,0,FALSE
Female,Loyal Customer,46,Personal Travel,Eco,777,3,4,3,3,4,4,5,5,5,3,5,5,5,4.15,2,8,FALSE
Male,Loyal Customer,42,Business Travel,Business,3508,3,3,3,3,5,2,2,4,4,4,4,4,2,3.31,0,0,TRUE
Female,Loyal Customer,43,Personal Travel,Eco,600,2,2,2,1,2,2,2,5,5,2,5,3,2,2.69,0,0,FALSE
Male,Loyal Customer,54,Business Travel,Business,670,3,3,3,3,4,4,5,4,4,4,4,4,4,3.77,0,7,TRUE
Male,Loyal Customer,63,Business Travel,Eco Plus,110,4,4,4,4,4,4,4,4,3,1,4,5,4,3.77,0,0,TRUE
Female,Disloyal Customer,25,Business Travel,Eco,196,0,0,0,4,2,0,2,2,4,4,2,3,2,1.92,0,0,TRUE
Female,Loyal Customer,27,Business Travel,Business,1747,5,5,5,5,5,5,5,5,3,2,3,4,5,4.38,0,0,TRUE
Male,Loyal Customer,47,Business Travel,Business,3645,3,2,3,3,3,1,2,4,4,4,4,3,1,2.85,11,3,TRUE
Female,Loyal Customer,20,Business Travel,Business,1756,4,3,1,3,4,3,4,4,4,4,3,3,4,3.38,0,2,FALSE
Female,Loyal Customer,54,Business Travel,Business,147,2,2,3,2,3,4,5,5,5,5,3,1,4,3.38,0,0,TRUE
Female,Loyal Customer,52,Business Travel,Business,481,1,1,1,1,4,4,4,5,5,5,5,3,3,3.23,3,0,TRUE
Male,Disloyal Customer,36,Business Travel,Business,1276,3,3,3,4,1,3,1,1,4,2,4,5,1,2.69,0,0,FALSE
Female,Loyal Customer,36,Business Travel,Eco Plus,896,4,3,3,3,4,4,4,4,1,5,2,5,4,3.54,7,4,TRUE
Male,Loyal Customer,37,Business Travel,Business,334,1,1,1,1,2,5,5,5,5,5,5,4,3,3.31,0,0,TRUE
Male,Loyal Customer,63,Business Travel,Business,135,2,2,2,2,3,5,5,4,4,4,4,5,3,3.46,0,1,TRUE
Male,Disloyal Customer,27,Business Travel,Business,224,3,3,3,1,5,3,5,5,2,4,1,2,5,3.23,5,5,FALSE
Female,Loyal Customer,48,Business Travel,Business,3713,1,1,1,1,5,4,4,4,4,4,4,5,5,3.31,0,0,TRUE
Female,Loyal Customer,62,Personal Travel,Eco,468,2,4,2,5,3,4,5,1,1,2,1,3,3,2.77,2,18,FALSE
Male,Disloyal Customer,27,Business Travel,Eco,817,3,3,3,3,4,3,4,4,1,2,5,4,4,3.31,0,0,FALSE
Male,Loyal Customer,59,Personal Travel,Eco,495,4,4,4,2,3,4,3,3,4,4,5,4,3,3.62,12,12,FALSE
Male,Disloyal Customer,16,Business Travel,Eco,362,2,4,2,4,3,2,2,3,4,5,4,3,3,3.15,16,11,FALSE
Male,Loyal Customer,57,Business Travel,Business,2248,3,3,3,3,4,5,5,5,5,5,5,3,5,4.15,0,0,TRUE
Female,Loyal Customer,49,Business Travel,Eco,954,2,3,3,3,1,4,4,2,2,2,2,3,1,2.46,40,63,FALSE
Female,Loyal Customer,8,Personal Travel,Eco,882,2,3,2,3,4,2,4,4,4,1,3,4,4,3.08,72,81,FALSE
Female,Loyal Customer,44,Business Travel,Business,3215,3,4,4,4,1,4,3,3,3,3,3,1,4,3.08,0,0,FALSE
Female,Loyal Customer,54,Business Travel,Business,862,3,3,3,3,5,4,4,4,4,4,4,5,5,3.92,0,0,TRUE
Male,Loyal Customer,68,Personal Travel,Eco,430,4,5,2,5,1,2,1,1,3,2,5,4,1,2.77,9,20,TRUE
Male,Loyal Customer,56,Business Travel,Eco,1036,2,4,4,4,2,2,2,2,4,3,4,4,2,3,38,26,FALSE
Female,Disloyal Customer,37,Business Travel,Business,2288,3,3,3,3,1,3,1,1,3,3,3,3,1,2.38,10,0,TRUE
Female,Disloyal Customer,27,Business Travel,Eco,1091,2,2,2,2,2,2,2,2,4,4,4,2,2,2.46,0,0,FALSE
Male,Loyal Customer,27,Business Travel,Business,1034,5,5,5,5,2,2,2,2,5,4,1,3,2,3.31,0,0,TRUE
Male,Loyal Customer,54,Business Travel,Business,634,4,4,4,4,4,4,5,4,4,4,4,5,4,4.15,0,0,TRUE
Female,Loyal Customer,26,Business Travel,Eco Plus,503,5,2,2,2,5,5,4,5,5,3,3,3,5,3.77,0,0,TRUE
Female,Loyal Customer,21,Personal Travel,Eco,1521,1,4,1,3,1,1,1,1,1,3,3,2,1,1.77,0,0,FALSE
Female,Loyal Customer,43,Business Travel,Business,643,2,2,2,2,4,3,3,5,5,5,5,5,1,3.38,62,56,TRUE
Female,Loyal Customer,48,Business Travel,Business,312,5,5,5,5,3,5,4,5,5,5,5,3,4,4.54,0,2,TRUE
Female,Loyal Customer,63,Personal Travel,Business,308,1,4,1,4,4,5,4,1,1,1,5,3,3,2.85,0,0,FALSE
Female,Loyal Customer,17,Business Travel,Business,2677,1,1,1,1,4,4,4,3,3,4,4,4,4,2.92,4,8,TRUE
Female,Disloyal Customer,27,Business Travel,Business,1390,4,4,4,1,2,4,2,2,3,5,4,3,2,3.08,8,0,TRUE
Female,Disloyal Customer,20,Business Travel,Eco,895,2,2,2,4,4,2,4,4,3,1,4,4,4,3.08,26,10,FALSE
Male,Disloyal Customer,26,Business Travel,Business,1476,1,1,1,5,1,1,1,1,5,3,4,5,1,2.31,4,0,FALSE
Female,Loyal Customer,47,Personal Travel,Eco Plus,1041,3,5,3,3,5,4,4,3,3,3,3,3,4,3.54,0,8,FALSE
Male,Loyal Customer,20,Personal Travel,Eco Plus,829,0,4,0,4,3,4,3,3,4,4,5,3,3,3.08,26,32,TRUE
Male,Loyal Customer,77,Business Travel,Eco Plus,413,1,4,4,4,1,1,1,1,4,1,3,1,1,2.08,5,3,FALSE
Female,Loyal Customer,44,Personal Travel,Eco,2248,2,3,3,4,3,1,1,1,4,3,1,1,1,2.15,161,165,FALSE
Female,Loyal Customer,59,Personal Travel,Eco,694,1,4,0,2,4,5,5,2,2,0,2,4,3,2.62,4,0,FALSE
Female,Loyal Customer,25,Business Travel,Business,532,1,1,3,1,4,4,4,4,2,5,3,5,4,3.15,0,0,TRUE
Female,Loyal Customer,29,Personal Travel,Eco,725,3,3,3,3,1,3,1,1,4,1,4,2,1,2.31,0,0,FALSE
Male,Loyal Customer,22,Business Travel,Business,3462,4,4,4,4,4,4,4,4,5,5,5,3,4,4.15,0,0,TRUE
Female,Loyal Customer,18,Personal Travel,Eco,187,3,5,3,3,2,3,5,2,4,4,4,4,2,3.38,89,75,FALSE
Male,Loyal Customer,44,Business Travel,Eco,630,2,4,4,4,2,2,2,1,3,3,3,2,2,2.62,182,187,FALSE
Female,Disloyal Customer,17,Business Travel,Eco,812,5,4,4,3,3,4,3,3,5,2,2,4,3,3.46,0,0,TRUE
Male,Loyal Customer,28,Business Travel,Business,2763,1,5,5,5,3,3,1,3,1,2,4,4,3,3.08,0,0,FALSE
Female,Loyal Customer,44,Business Travel,Business,337,2,3,3,3,5,4,3,2,2,2,2,3,2,2.77,0,0,FALSE
Male,Loyal Customer,68,Personal Travel,Eco,1464,3,5,3,1,1,3,1,1,4,3,3,4,1,2.54,0,3,FALSE
Male,Loyal Customer,52,Personal Travel,Eco Plus,427,3,5,3,4,2,3,2,2,3,5,5,3,2,3.23,0,0,FALSE
Male,Disloyal Customer,43,Business Travel,Eco,881,2,2,2,4,5,2,5,5,1,1,4,4,5,3.23,0,0,FALSE
Male,Loyal Customer,45,Personal Travel,Eco,631,2,5,2,3,4,2,2,4,5,5,5,4,4,3.62,0,10,FALSE
Female,Loyal Customer,44,Business Travel,Business,2041,4,5,4,5,1,2,3,4,4,4,4,4,4,3.69,14,2,FALSE
Male,Loyal Customer,46,Business Travel,Business,223,0,4,0,3,4,4,4,1,1,1,1,3,4,2.31,4,0,TRUE
Male,Loyal Customer,47,Business Travel,Business,3175,4,4,4,4,2,4,5,3,3,3,3,3,4,3.54,5,0,TRUE
Male,Loyal Customer,42,Business Travel,Business,3789,5,5,5,5,2,4,5,5,5,4,5,4,3,4.38,13,15,TRUE
Male,Loyal Customer,13,Personal Travel,Eco Plus,257,1,1,0,3,1,0,1,1,3,2,2,3,1,1.46,2,1,FALSE
Male,Loyal Customer,40,Business Travel,Business,1737,2,2,2,2,3,4,5,4,4,5,4,5,5,3.62,0,0,TRUE
Male,Disloyal Customer,22,Business Travel,Eco,725,5,5,5,1,4,5,4,4,5,5,4,4,4,4.23,0,0,TRUE
Male,Loyal Customer,47,Business Travel,Business,2013,1,1,1,1,2,5,4,4,4,4,4,4,4,3,14,8,TRUE
Female,Loyal Customer,23,Business Travel,Business,718,4,4,4,4,4,4,4,4,3,1,5,5,4,3.85,0,0,TRUE
Male,Loyal Customer,54,Business Travel,Business,2322,4,4,4,4,3,4,5,4,4,4,4,5,5,4.15,0,1,TRUE
Female,Loyal Customer,43,Business Travel,Business,3930,1,1,1,1,4,4,4,5,5,5,5,5,5,3.54,0,0,TRUE
Female,Disloyal Customer,41,Business Travel,Business,149,3,3,3,4,3,3,3,3,1,5,4,1,3,3,14,2,FALSE
Female,Loyal Customer,52,Business Travel,Business,1246,2,1,2,2,5,4,5,5,5,5,5,3,4,3.69,68,51,TRUE
Male,Loyal Customer,44,Business Travel,Business,3762,3,2,2,2,3,4,3,3,3,3,3,3,2,2.77,0,0,FALSE
Female,Loyal Customer,51,Business Travel,Eco,300,4,1,1,1,2,2,5,4,4,4,4,2,1,2.69,0,0,TRUE
Female,Loyal Customer,40,Business Travel,Business,3275,5,5,5,5,2,5,5,4,4,4,4,5,4,4.38,1,0,TRUE
Female,Loyal Customer,69,Business Travel,Eco,100,5,5,5,5,2,3,1,5,5,5,5,3,2,3.92,0,0,TRUE
Male,Loyal Customer,37,Business Travel,Eco,76,2,5,5,5,2,2,2,2,5,3,3,2,2,3.08,0,0,TRUE
Male,Loyal Customer,12,Personal Travel,Eco,391,4,5,4,5,3,4,3,3,3,5,5,3,3,3.85,54,51,TRUE
Female,Loyal Customer,69,Personal Travel,Eco,516,3,1,3,3,5,3,4,2,2,3,5,4,1,3,0,0,FALSE
Male,Loyal Customer,45,Business Travel,Business,1199,2,2,2,2,2,5,5,5,5,5,5,4,4,3.69,43,34,TRUE
Male,Loyal Customer,38,Business Travel,Eco,337,4,3,3,3,4,5,4,4,4,5,4,5,4,4,92,82,TRUE
Female,Loyal Customer,53,Personal Travel,Eco,414,1,2,1,4,1,3,4,3,3,1,4,4,3,2.62,0,0,FALSE
Female,Loyal Customer,58,Business Travel,Business,1590,2,3,3,3,3,2,3,2,2,2,2,4,4,2.69,0,0,FALSE
Female,Loyal Customer,42,Business Travel,Business,1832,2,2,2,2,2,2,2,2,2,2,2,1,3,2,17,14,FALSE
Male,Loyal Customer,54,Business Travel,Business,2385,1,1,1,1,3,4,4,4,4,4,4,5,5,3.15,0,0,TRUE
Female,Loyal Customer,52,Business Travel,Business,3021,2,4,4,4,1,4,4,2,2,2,2,3,2,2.77,1,13,FALSE
Female,Loyal Customer,35,Personal Travel,Eco,151,2,4,2,3,4,2,4,4,3,3,4,3,4,3.23,5,0,FALSE
Male,Loyal Customer,54,Business Travel,Eco,347,5,2,4,2,5,5,5,5,3,4,3,3,5,3.92,0,3,TRUE
Male,Loyal Customer,46,Personal Travel,Eco,1192,4,4,4,3,1,4,1,1,5,3,4,5,1,3.08,2,0,TRUE
Female,Loyal Customer,12,Personal Travel,Eco Plus,260,1,3,1,3,4,1,4,4,3,1,2,1,4,2.46,0,3,FALSE
Female,Loyal Customer,45,Business Travel,Business,936,2,2,2,2,4,5,4,4,4,4,4,5,4,3.54,0,0,TRUE
Male,Loyal Customer,46,Business Travel,Business,3932,4,4,4,4,1,2,1,3,3,3,3,5,4,3.15,10,7,TRUE
Male,Loyal Customer,59,Business Travel,Business,3582,4,4,4,4,3,4,4,5,5,5,5,3,3,4.08,0,0,TRUE
Male,Loyal Customer,63,Personal Travel,Business,342,2,5,3,1,2,5,4,4,4,3,4,3,4,3.38,9,8,FALSE
Female,Loyal Customer,48,Business Travel,Business,3249,0,0,0,1,4,5,4,5,5,5,5,4,4,3.23,0,0,TRUE
Male,Loyal Customer,77,Business Travel,Business,3937,3,5,5,5,5,4,4,3,3,3,3,2,3,3.69,39,50,FALSE
Female,Disloyal Customer,27,Business Travel,Eco,1065,3,3,3,4,1,3,1,1,1,3,3,3,1,2.31,0,0,FALSE
Male,Loyal Customer,58,Business Travel,Business,1749,4,4,5,4,4,4,5,2,2,2,2,4,3,3.46,10,0,TRUE
Female,Disloyal Customer,23,Business Travel,Eco,1185,1,1,1,3,1,1,1,1,3,3,4,4,1,1.92,14,4,FALSE
Male,Loyal Customer,40,Business Travel,Business,337,3,3,3,3,3,4,4,5,5,4,5,5,4,3.92,0,1,TRUE
Male,Loyal Customer,64,Personal Travel,Business,872,3,3,3,4,5,3,3,5,5,3,5,2,2,3.54,0,0,FALSE
Male,Loyal Customer,25,Business Travel,Business,920,5,5,5,5,5,4,5,5,4,5,5,3,5,4.69,0,6,TRUE
Male,Disloyal Customer,23,Business Travel,Eco,692,5,5,5,2,3,5,4,3,3,5,5,3,3,3.92,0,0,TRUE
Male,Loyal Customer,22,Personal Travel,Business,2172,2,4,1,3,1,1,1,1,4,2,5,3,1,2.23,0,0,FALSE
Female,Loyal Customer,15,Business Travel,Business,3588,2,4,2,4,2,2,2,2,4,2,3,2,2,2.54,0,0,FALSE
Male,Disloyal Customer,23,Business Travel,Business,212,5,0,5,2,4,5,4,4,3,3,5,5,4,3.77,0,0,TRUE
Male,Loyal Customer,48,Business Travel,Business,1895,5,5,5,5,3,4,4,5,5,5,5,5,3,4.54,0,0,TRUE
Male,Loyal Customer,58,Business Travel,Business,590,1,1,3,1,3,5,4,1,1,2,1,3,4,2.31,0,4,TRUE
Female,Loyal Customer,41,Personal Travel,Eco,1590,4,5,4,5,1,4,1,1,4,3,5,5,1,3.31,9,0,FALSE
Female,Loyal Customer,40,Business Travel,Business,3124,5,5,5,5,2,4,5,3,3,4,3,5,3,4,0,0,TRUE
Female,Loyal Customer,41,Business Travel,Business,576,1,3,3,3,5,2,3,1,1,1,1,2,2,2.15,0,0,FALSE
Male,Disloyal Customer,36,Business Travel,Business,2125,1,1,1,5,2,1,2,2,3,4,4,4,2,2.46,6,0,FALSE
Female,Loyal Customer,52,Personal Travel,Business,852,4,1,4,4,3,3,3,4,4,4,4,3,4,3.46,0,0,FALSE
Female,Loyal Customer,46,Business Travel,Business,1545,1,1,1,1,3,3,4,4,4,4,4,5,5,3.08,0,0,TRUE
Female,Loyal Customer,56,Business Travel,Eco,109,2,5,5,5,3,4,1,1,1,2,1,4,5,3,25,18,TRUE
Male,Loyal Customer,53,Business Travel,Business,396,2,2,2,2,5,5,4,5,5,5,5,3,5,3.85,6,18,TRUE
Male,Loyal Customer,22,Personal Travel,Eco,740,2,1,2,2,5,2,5,5,1,5,1,4,5,3.08,0,0,FALSE
Male,Loyal Customer,48,Business Travel,Business,2572,5,5,5,5,4,4,5,5,5,5,5,3,3,4.54,63,69,TRUE
Female,Loyal Customer,43,Business Travel,Eco,844,3,2,2,2,4,1,3,3,3,3,3,2,4,2.69,5,0,TRUE
Female,Loyal Customer,48,Business Travel,Business,2963,3,3,3,3,2,5,5,5,5,5,5,4,3,3.92,45,41,TRUE
Female,Loyal Customer,46,Personal Travel,Eco,397,1,3,1,3,1,2,3,4,4,1,4,3,3,2.54,0,0,FALSE
Female,Loyal Customer,40,Business Travel,Business,1979,5,5,5,5,4,3,5,5,5,5,5,4,4,4.62,0,5,TRUE
Female,Loyal Customer,45,Business Travel,Business,1950,5,5,2,5,3,5,5,5,5,5,5,4,4,4.46,0,0,TRUE
Male,Disloyal Customer,26,Business Travel,Business,864,1,0,0,4,3,0,3,3,3,4,4,3,3,2.38,3,0,FALSE
Female,Loyal Customer,28,Personal Travel,Business,1068,4,1,4,3,5,4,1,5,4,3,4,2,5,3.46,0,0,FALSE
Male,Loyal Customer,66,Personal Travel,Eco,1533,2,4,2,1,5,2,2,5,4,2,4,4,5,3.23,0,0,FALSE
Male,Disloyal Customer,55,Business Travel,Eco,337,3,1,4,1,5,4,5,5,3,4,1,4,5,3.46,0,0,FALSE
Male,Loyal Customer,56,Business Travel,Business,3041,4,4,4,4,2,4,5,4,4,4,4,4,4,3.92,7,3,TRUE
Male,Disloyal Customer,24,Business Travel,Eco,786,2,2,2,3,5,2,5,5,4,3,4,5,5,3.62,24,22,FALSE
Male,Loyal Customer,53,Business Travel,Business,1448,3,3,4,3,5,5,4,4,4,4,4,3,4,3.85,9,0,TRUE
Male,Loyal Customer,64,Personal Travel,Eco,140,3,2,3,3,4,3,4,4,2,4,3,2,4,3.15,15,5,FALSE
Male,Disloyal Customer,43,Business Travel,Eco,794,1,1,1,2,4,1,4,4,2,4,1,4,4,2.54,0,0,FALSE
Male,Loyal Customer,52,Business Travel,Eco,377,4,1,1,1,4,4,4,4,4,2,1,4,4,2.92,0,0,TRUE
Female,Loyal Customer,41,Business Travel,Business,762,2,2,2,2,2,5,4,4,4,4,4,3,5,3.31,0,0,TRUE
Male,Loyal Customer,43,Personal Travel,Eco,781,2,2,2,4,5,2,5,5,1,5,4,2,5,3.38,2,0,FALSE
Male,Loyal Customer,38,Business Travel,Eco Plus,488,3,4,4,4,3,4,3,3,5,5,4,5,3,3.85,4,10,TRUE
Male,Loyal Customer,35,Business Travel,Eco,458,4,2,2,2,4,4,4,4,3,5,5,1,4,3.38,0,0,TRUE
Female,Disloyal Customer,20,Business Travel,Eco,237,2,0,2,2,5,2,5,5,5,2,4,5,5,3.38,0,0,FALSE
Male,Loyal Customer,41,Business Travel,Eco,202,4,3,3,3,4,4,4,4,1,2,3,3,4,3.23,3,8,TRUE
Male,Loyal Customer,33,Business Travel,Business,1972,4,4,3,4,5,5,5,5,3,1,1,3,5,3.69,0,0,TRUE
Male,Loyal Customer,39,Business Travel,Business,781,2,4,2,2,2,4,5,2,2,2,2,3,3,2.69,0,0,TRUE
Female,Disloyal Customer,37,Business Travel,Eco,1826,2,2,2,3,2,4,4,5,2,3,1,4,4,2.92,119,135,FALSE
Male,Disloyal Customer,27,Business Travel,Business,366,4,4,4,4,5,4,5,5,1,3,3,1,5,3.69,10,18,FALSE
Female,Loyal Customer,22,Personal Travel,Eco,1674,3,3,3,3,5,3,3,5,3,3,4,4,5,3.62,8,2,FALSE
Male,Disloyal Customer,21,Business Travel,Business,255,5,4,5,4,5,5,5,5,5,3,4,5,5,4.62,104,113,TRUE
Male,Loyal Customer,46,Business Travel,Business,2611,5,5,5,5,2,5,5,5,5,5,5,3,5,4.62,3,0,TRUE
Male,Loyal Customer,24,Personal Travel,Eco,370,3,0,3,4,5,3,5,5,5,2,4,4,5,3.69,2,8,FALSE
Female,Disloyal Customer,35,Business Travel,Business,419,2,2,2,2,2,3,4,4,5,5,4,4,4,3.31,179,209,FALSE
Male,Loyal Customer,42,Business Travel,Eco Plus,896,2,1,1,1,2,2,2,2,4,5,1,4,2,2.23,7,8,FALSE
Female,Loyal Customer,36,Business Travel,Business,338,5,5,5,5,4,4,5,4,4,4,4,4,4,4.38,25,20,TRUE
Female,Loyal Customer,44,Personal Travel,Eco,297,5,5,5,4,2,4,4,3,3,5,2,3,4,3.77,0,0,TRUE
Male,Loyal Customer,64,Business Travel,Business,2324,4,4,4,4,2,4,5,4,4,4,4,5,3,3.92,2,1,TRUE
Male,Loyal Customer,35,Business Travel,Business,321,3,1,1,1,2,3,3,3,3,3,3,4,3,2.54,4,0,FALSE
Male,Disloyal Customer,25,Business Travel,Business,414,4,4,4,1,4,1,1,4,3,4,4,1,1,2.77,141,141,FALSE
Male,Loyal Customer,12,Personal Travel,Eco,600,2,1,2,1,5,2,5,5,4,1,1,1,5,2.69,0,0,FALSE
Female,Loyal Customer,43,Business Travel,Business,2670,2,2,2,2,5,4,2,4,4,4,3,5,5,3.38,0,0,TRUE
Male,Loyal Customer,52,Business Travel,Business,2402,1,1,1,1,2,2,2,3,2,3,5,2,2,2.08,0,23,TRUE
Female,Loyal Customer,40,Business Travel,Business,1999,4,4,4,4,5,3,5,4,4,4,4,3,5,4.08,3,0,TRUE
Male,Loyal Customer,53,Business Travel,Business,1748,4,4,4,4,2,4,4,4,4,4,4,4,5,3.92,0,0,TRUE
Male,Loyal Customer,45,Business Travel,Business,3979,1,1,1,1,4,3,1,4,4,4,4,5,1,2.62,0,0,TRUE
Male,Loyal Customer,37,Business Travel,Business,162,2,2,2,2,2,3,4,3,3,3,2,1,2,2.38,0,11,FALSE
Male,Loyal Customer,41,Business Travel,Business,345,4,4,4,4,5,4,5,4,4,4,4,3,4,4.08,0,0,TRUE
Female,Loyal Customer,30,Personal Travel,Eco,829,1,5,1,5,2,1,3,2,5,4,5,3,2,3,5,0,FALSE
Female,Loyal Customer,45,Business Travel,Eco Plus,222,2,2,2,2,3,2,2,2,2,2,2,3,4,2.31,28,21,TRUE
Male,Loyal Customer,32,Business Travel,Business,3443,1,4,1,4,1,1,1,1,4,4,4,1,1,2.15,36,31,FALSE
Male,Loyal Customer,46,Business Travel,Business,2248,2,2,2,2,3,5,5,1,1,2,1,3,4,2.54,0,33,TRUE
Female,Loyal Customer,59,Business Travel,Business,2565,3,3,3,3,5,3,4,5,5,4,5,5,3,3.92,0,4,TRUE
Female,Loyal Customer,43,Business Travel,Eco,991,2,1,4,4,5,3,2,2,2,2,2,1,2,2.46,55,42,TRUE
Female,Disloyal Customer,23,Business Travel,Eco,762,3,3,3,1,2,3,2,2,5,2,4,5,2,2.85,0,0,FALSE
Male,Loyal Customer,25,Business Travel,Business,3715,4,4,4,4,4,5,4,4,5,5,4,5,4,4.31,0,0,TRUE
Male,Disloyal Customer,29,Business Travel,Business,1195,4,4,4,3,2,4,1,2,3,2,5,4,2,3.08,5,14,TRUE
Male,Loyal Customer,59,Personal Travel,Eco,533,1,4,1,3,5,1,5,5,4,4,5,5,5,3.69,0,0,FALSE
Female,Loyal Customer,56,Business Travel,Business,652,2,1,4,4,3,4,3,2,2,2,2,4,3,2.77,65,49,FALSE
Female,Disloyal Customer,37,Business Travel,Business,187,1,1,1,5,3,1,2,3,3,4,5,3,3,2.69,0,0,FALSE
Male,Loyal Customer,58,Personal Travel,Eco,1990,2,3,2,3,3,2,3,3,1,2,3,2,3,2.46,0,0,FALSE
Male,Disloyal Customer,22,Business Travel,Eco,160,2,5,2,1,1,2,1,1,1,2,4,3,1,2,29,22,FALSE
Female,Disloyal Customer,10,Business Travel,Eco,606,4,1,4,3,3,4,3,3,2,1,3,1,3,2.69,0,25,FALSE
Female,Disloyal Customer,55,Business Travel,Eco,212,3,4,3,3,2,3,2,2,1,1,3,1,2,2.31,0,0,FALSE
Female,Loyal Customer,64,Personal Travel,Eco Plus,872,1,2,2,3,1,4,3,5,5,2,1,4,2,2.69,9,0,FALSE
Male,Loyal Customer,43,Business Travel,Business,3862,3,5,5,5,1,4,3,3,3,3,3,2,4,3.38,0,6,FALSE
Male,Loyal Customer,11,Personal Travel,Eco,130,2,5,2,1,2,2,2,2,3,5,4,3,2,2.69,0,0,FALSE
Female,Loyal Customer,46,Personal Travel,Eco,853,0,4,0,2,5,4,5,5,5,0,1,3,5,3,0,0,TRUE
Female,Loyal Customer,37,Personal Travel,Eco,528,3,5,5,2,5,5,5,5,4,1,1,4,5,3.85,8,0,FALSE
Female,Disloyal Customer,26,Business Travel,Business,488,2,0,2,3,3,2,3,3,5,3,4,5,3,2.92,0,0,FALSE
Male,Loyal Customer,55,Personal Travel,Eco,615,2,5,2,5,2,2,2,3,4,5,5,2,2,3.15,207,178,FALSE
Female,Loyal Customer,18,Business Travel,Eco Plus,200,3,5,5,5,3,3,1,3,2,4,4,3,3,3.38,0,0,FALSE
Male,Loyal Customer,48,Business Travel,Business,1791,1,1,1,1,5,4,4,5,5,5,5,3,4,3.38,9,0,TRUE
Male,Loyal Customer,33,Personal Travel,Eco,1005,5,5,5,2,2,5,2,2,3,2,5,4,2,3.38,0,0,TRUE
Male,Loyal Customer,32,Business Travel,Business,3273,3,2,3,3,3,3,3,3,3,3,3,1,3,2.77,17,13,FALSE
Female,Disloyal Customer,24,Business Travel,Eco,189,3,5,3,5,4,3,4,4,3,5,4,4,4,3.92,25,19,FALSE
Male,Loyal Customer,46,Business Travel,Business,2603,4,4,4,4,5,5,4,4,4,4,4,4,5,4.23,0,0,TRUE
Female,Disloyal Customer,43,Business Travel,Eco,541,3,0,3,3,2,3,2,2,1,5,4,3,2,2.54,0,0,FALSE
Male,Loyal Customer,43,Business Travel,Business,1639,1,1,1,1,2,2,3,5,5,5,5,1,1,2.54,12,0,TRUE
Female,Loyal Customer,50,Business Travel,Business,2479,1,5,5,5,2,4,3,1,1,1,1,3,1,2.54,114,86,FALSE
Female,Loyal Customer,58,Personal Travel,Business,721,4,2,4,3,4,4,5,2,1,2,4,5,5,3.46,201,209,TRUE
Male,Loyal Customer,20,Personal Travel,Eco,402,2,3,2,3,2,2,2,2,3,4,4,1,2,2.46,15,9,FALSE
Female,Loyal Customer,44,Business Travel,Business,3540,1,1,1,1,2,3,1,5,5,5,5,1,4,2.69,0,0,TRUE
Female,Disloyal Customer,22,Business Travel,Eco,328,2,5,2,2,4,2,4,4,4,4,4,5,4,3.54,10,9,FALSE
Male,Loyal Customer,29,Business Travel,Business,3725,3,5,5,5,3,3,3,3,4,2,3,1,3,3.31,21,8,FALSE
Male,Loyal Customer,41,Business Travel,Business,190,1,1,1,1,5,4,4,4,4,4,5,4,5,3.31,6,18,TRUE
Female,Loyal Customer,25,Personal Travel,Business,978,4,4,3,2,1,3,1,1,4,2,5,4,1,2.69,29,55,FALSE
Female,Loyal Customer,37,Business Travel,Business,2915,4,4,4,4,1,4,4,2,2,1,4,1,1,2.77,0,0,FALSE
Male,Loyal Customer,56,Business Travel,Eco,412,3,3,5,5,3,3,3,3,2,5,4,3,3,3.46,0,0,FALSE
Male,Loyal Customer,51,Business Travel,Eco,1190,2,4,4,4,2,2,2,2,3,4,2,4,2,2.85,12,25,FALSE
Female,Loyal Customer,36,Business Travel,Eco,191,4,2,2,2,4,3,4,4,1,2,2,4,4,2.92,0,0,FALSE
Male,Loyal Customer,29,Personal Travel,Eco,456,5,3,5,4,5,5,2,5,2,3,4,1,5,3.77,14,53,TRUE
Male,Loyal Customer,33,Personal Travel,Business,1703,1,4,1,3,1,1,1,1,3,2,4,4,1,2.08,0,0,FALSE
Male,Disloyal Customer,24,Business Travel,Eco,991,1,1,1,3,5,1,5,5,5,4,4,4,5,3.38,0,0,FALSE
Male,Loyal Customer,45,Business Travel,Eco,637,5,5,4,4,5,5,5,5,5,4,3,2,5,4.38,0,0,TRUE
Female,Loyal Customer,47,Personal Travel,Eco,926,2,4,2,4,2,5,4,2,2,2,2,3,5,3,0,1,FALSE
Male,Loyal Customer,19,Personal Travel,Eco,236,2,4,0,1,4,0,3,4,4,3,5,5,4,3,0,0,FALSE
Female,Loyal Customer,30,Business Travel,Business,3029,3,1,1,1,3,3,3,3,4,4,4,2,3,2.69,16,13,FALSE
Male,Loyal Customer,46,Business Travel,Business,2978,0,5,0,2,3,4,4,3,3,3,3,3,4,2.85,0,0,TRUE
Female,Disloyal Customer,38,Business Travel,Eco,949,4,4,4,3,4,4,4,4,4,2,1,3,4,3.46,0,0,FALSE
Female,Loyal Customer,53,Business Travel,Business,1814,1,1,1,1,4,4,5,5,5,5,5,4,5,3.54,19,31,TRUE
Male,Loyal Customer,59,Personal Travel,Eco,224,2,4,2,3,2,2,2,2,1,1,4,3,2,2.31,0,2,FALSE
Female,Loyal Customer,72,Business Travel,Business,2170,4,2,1,2,2,3,3,4,4,4,4,1,1,2.69,46,41,FALSE
Female,Disloyal Customer,34,Business Travel,Eco,751,3,3,3,2,5,3,5,5,3,1,5,1,5,3.38,0,2,FALSE
Female,Loyal Customer,34,Business Travel,Business,1579,3,4,4,4,5,4,4,3,3,3,3,4,2,3.54,0,0,FALSE
Female,Loyal Customer,20,Personal Travel,Eco,533,2,5,2,3,2,2,2,2,3,4,4,4,2,2.85,36,39,FALSE
Male,Loyal Customer,10,Personal Travel,Eco,1084,3,4,3,1,5,3,5,5,3,2,4,5,5,3.69,0,0,FALSE
Male,Loyal Customer,45,Business Travel,Business,2405,1,1,1,1,3,5,5,5,5,5,5,4,3,3.38,10,2,TRUE
Male,Loyal Customer,39,Business Travel,Business,580,4,4,2,4,5,4,4,5,5,5,5,3,5,4.23,22,3,TRUE
Female,Loyal Customer,65,Business Travel,Business,479,3,3,3,3,2,5,5,4,4,4,4,3,3,3.54,0,0,TRUE
Female,Loyal Customer,56,Business Travel,Business,1012,5,5,5,5,5,5,5,4,4,4,4,3,5,4.54,0,2,TRUE
Female,Loyal Customer,66,Business Travel,Business,3700,2,2,2,2,4,4,5,5,5,5,5,3,3,3.62,0,5,TRUE
Female,Loyal Customer,35,Business Travel,Business,2372,2,4,4,4,3,3,4,2,2,2,2,1,3,2.77,0,0,FALSE
Female,Loyal Customer,29,Business Travel,Business,1262,3,3,3,3,4,4,4,4,4,4,5,5,4,3.85,0,0,TRUE
Male,Loyal Customer,57,Business Travel,Business,1726,5,5,5,5,3,5,4,4,4,4,4,5,3,4.31,0,0,TRUE
Female,Loyal Customer,36,Business Travel,Business,1481,3,3,3,3,5,4,4,5,5,5,5,5,3,4.08,1,0,TRUE
Male,Loyal Customer,29,Business Travel,Business,1282,4,4,4,4,5,5,5,5,3,4,4,3,5,4.23,0,0,TRUE
Male,Disloyal Customer,21,Business Travel,Eco,1069,1,2,2,4,4,2,4,4,4,4,4,4,4,3.31,32,26,FALSE
Male,Disloyal Customer,26,Business Travel,Eco,427,2,2,2,3,1,2,1,1,2,5,3,3,1,2.15,0,0,FALSE
Male,Loyal Customer,9,Personal Travel,Eco,474,3,2,5,2,2,5,2,2,4,3,3,1,2,2.77,0,0,FALSE
Female,Disloyal Customer,9,Business Travel,Eco,591,5,4,5,2,5,5,1,5,3,5,5,4,5,4.15,0,0,TRUE
Female,Loyal Customer,16,Personal Travel,Eco,192,1,3,1,1,4,1,4,4,3,3,3,5,4,2.85,24,12,FALSE
Female,Loyal Customer,54,Business Travel,Business,3725,4,4,1,4,5,5,5,4,4,4,4,3,4,3.92,8,4,TRUE
Female,Loyal Customer,40,Business Travel,Business,107,0,5,0,5,4,4,4,3,3,3,3,3,3,3.08,0,0,TRUE
Male,Loyal Customer,16,Personal Travel,Eco Plus,1737,3,3,3,4,1,3,1,1,4,2,4,2,1,2.46,0,0,FALSE
Male,Loyal Customer,25,Business Travel,Business,3428,4,4,2,4,5,4,5,5,3,4,3,5,5,4.08,20,3,TRUE
Male,Loyal Customer,34,Personal Travel,Eco,373,4,3,4,4,3,4,3,3,3,5,4,1,3,3.38,7,0,FALSE
Female,Loyal Customer,25,Personal Travel,Eco Plus,689,2,1,2,4,4,2,3,4,1,3,4,1,4,2.69,0,5,FALSE
Male,Loyal Customer,42,Business Travel,Eco,508,5,4,4,4,5,5,5,5,4,2,1,3,5,4,54,46,TRUE
Male,Loyal Customer,43,Personal Travel,Eco,624,3,1,4,3,5,4,2,5,1,1,3,2,5,3,0,0,FALSE
Male,Loyal Customer,7,Personal Travel,Eco,912,4,2,4,4,3,4,3,3,2,2,3,3,3,3.08,0,0,TRUE
Female,Loyal Customer,47,Business Travel,Business,3722,3,3,3,3,5,5,4,4,4,4,4,3,4,3.77,0,0,TRUE
Female,Disloyal Customer,23,Business Travel,Eco,391,4,0,4,3,2,4,4,2,5,4,3,1,2,2.92,0,0,FALSE
Female,Disloyal Customer,34,Business Travel,Eco,1109,1,0,0,1,5,0,5,5,2,1,2,2,5,2.23,16,8,FALSE
Female,Loyal Customer,48,Personal Travel,Eco,882,3,4,3,4,1,4,4,5,5,3,5,5,2,3.69,20,8,FALSE
Female,Loyal Customer,44,Business Travel,Business,866,2,5,2,2,5,3,2,2,2,2,2,1,3,2.54,27,35,FALSE
Female,Loyal Customer,50,Personal Travel,Eco,1035,4,5,4,2,5,4,4,3,3,4,4,4,5,3.92,0,8,FALSE
Male,Loyal Customer,51,Business Travel,Business,1086,4,4,4,4,2,5,4,5,5,5,5,4,4,4.23,9,0,TRUE
Female,Loyal Customer,41,Personal Travel,Eco,1756,2,4,2,4,2,2,2,2,2,2,3,2,2,2.38,14,13,FALSE
Female,Loyal Customer,38,Business Travel,Business,1061,1,5,4,5,2,3,3,1,1,1,1,4,3,2.62,1,0,FALSE
Male,Loyal Customer,34,Business Travel,Eco,542,5,1,1,1,5,4,5,5,4,4,3,1,5,3.38,119,119,TRUE
Female,Loyal Customer,60,Personal Travel,Eco Plus,331,4,2,4,2,2,2,2,5,5,4,1,4,2,3,0,0,FALSE
Female,Loyal Customer,39,Business Travel,Business,295,3,3,3,3,5,4,4,5,5,5,5,3,4,4,0,10,TRUE
Male,Loyal Customer,56,Personal Travel,Eco Plus,287,4,5,4,4,2,4,2,2,5,5,5,5,2,3.77,4,0,FALSE
Female,Disloyal Customer,33,Business Travel,Eco,436,3,1,3,2,5,3,3,5,2,1,2,4,5,3,19,29,FALSE
Male,Loyal Customer,27,Personal Travel,Eco,787,4,4,4,5,3,4,5,3,4,2,4,5,3,3.85,67,87,FALSE
Male,Loyal Customer,18,Personal Travel,Eco Plus,214,1,0,1,4,2,1,2,2,1,2,4,1,2,1.77,3,25,FALSE
Male,Loyal Customer,44,Business Travel,Business,425,3,5,5,5,5,3,4,3,3,4,3,4,3,3.85,0,0,FALSE
Male,Loyal Customer,24,Personal Travel,Eco,453,3,4,3,2,1,3,1,1,4,3,4,4,1,2.62,19,22,FALSE
Male,Loyal Customer,54,Business Travel,Eco,158,5,4,4,4,5,5,5,5,4,4,2,2,5,4.15,0,2,TRUE
Male,Loyal Customer,60,Business Travel,Business,1416,4,4,4,4,5,4,4,4,4,4,4,3,5,4.08,0,0,TRUE
Male,Loyal Customer,22,Personal Travel,Eco,2342,3,4,3,3,2,3,2,2,2,2,3,3,2,2.62,1,0,FALSE
Female,Loyal Customer,44,Business Travel,Business,2058,2,2,2,2,5,3,3,2,2,2,2,2,3,2.46,12,6,FALSE
Female,Disloyal Customer,48,Business Travel,Business,946,5,5,5,4,1,5,5,1,5,4,5,3,1,3.77,0,0,TRUE
Male,Disloyal Customer,24,Business Travel,Eco,2845,3,3,3,4,1,3,1,1,5,3,5,5,1,2.92,0,0,FALSE
Female,Disloyal Customer,40,Business Travel,Business,677,1,1,1,3,2,1,2,2,1,2,4,3,2,1.92,79,73,FALSE
Male,Loyal Customer,15,Personal Travel,Eco,1541,2,5,2,3,4,2,4,4,4,4,3,4,4,3.46,33,32,FALSE
Male,Disloyal Customer,8,Business Travel,Eco,528,2,0,2,1,5,2,5,5,3,5,5,4,5,3.38,0,0,FALSE
Male,Loyal Customer,44,Business Travel,Business,228,1,1,1,1,5,5,4,4,4,4,4,5,4,3.31,0,0,TRUE
Female,Loyal Customer,39,Business Travel,Business,3867,5,5,5,5,1,4,2,5,5,5,5,4,3,4.15,0,0,TRUE
Male,Loyal Customer,22,Personal Travel,Eco,918,5,5,5,5,1,5,1,1,3,5,5,5,1,3.62,0,0,TRUE
Female,Loyal Customer,37,Business Travel,Business,226,4,4,4,4,2,4,4,5,5,5,5,5,3,4.15,1,5,TRUE
Male,Loyal Customer,32,Personal Travel,Eco,325,3,4,3,3,5,3,4,5,1,5,5,3,5,3.77,54,52,FALSE
Male,Loyal Customer,23,Business Travel,Eco,356,1,2,2,2,1,2,1,1,4,2,4,3,1,2,4,9,FALSE
Male,Loyal Customer,37,Personal Travel,Eco,618,2,5,2,1,4,2,4,4,5,5,4,5,4,3.62,0,0,FALSE
Male,Loyal Customer,61,Personal Travel,Eco,252,2,4,2,4,2,2,5,2,4,5,5,1,2,3.08,0,0,FALSE
Female,Loyal Customer,49,Personal Travel,Eco,391,1,5,1,4,4,5,4,3,3,1,3,5,4,3.31,0,0,FALSE
Female,Loyal Customer,45,Business Travel,Business,1440,1,5,4,5,5,4,4,1,1,1,1,3,1,2.77,0,9,FALSE
Female,Loyal Customer,27,Business Travel,Business,507,3,2,2,2,3,2,3,3,1,1,3,2,3,2.31,58,54,FALSE
Female,Loyal Customer,58,Business Travel,Business,402,4,4,4,4,3,4,4,3,3,3,3,5,5,3.77,0,0,TRUE
Female,Loyal Customer,32,Personal Travel,Eco,895,1,3,1,3,5,1,5,5,2,5,3,3,5,3.23,10,1,FALSE
Male,Loyal Customer,59,Business Travel,Business,628,3,3,3,3,5,5,4,5,5,5,5,4,5,4.23,0,0,TRUE
Female,Disloyal Customer,85,Business Travel,Business,101,2,2,2,3,2,3,3,1,2,2,2,3,3,2.31,0,0,FALSE
Female,Loyal Customer,40,Business Travel,Business,2570,4,5,5,5,2,4,4,4,4,3,4,1,3,3.69,0,4,FALSE
Female,Loyal Customer,33,Business Travel,Business,591,2,3,3,3,4,4,4,2,2,2,2,3,4,2.92,5,0,FALSE
Female,Disloyal Customer,26,Business Travel,Eco,334,2,2,3,4,5,3,5,5,3,3,3,4,5,3.62,19,13,FALSE
Male,Loyal Customer,45,Business Travel,Eco,374,4,1,1,1,5,4,5,5,2,5,2,2,5,3.23,19,40,TRUE
Male,Disloyal Customer,26,Business Travel,Eco,253,3,0,3,3,4,3,1,4,4,4,2,1,4,2.77,13,14,FALSE
Male,Loyal Customer,22,Business Travel,Business,1546,1,1,1,1,5,5,5,5,4,3,5,5,5,3.54,0,0,TRUE
Male,Loyal Customer,25,Business Travel,Business,583,3,1,1,1,3,3,3,3,2,5,4,1,3,2.54,0,0,FALSE
Male,Disloyal Customer,57,Business Travel,Eco,125,1,4,0,3,3,0,3,3,4,4,3,2,3,2.54,74,72,FALSE
Male,Loyal Customer,45,Business Travel,Business,3019,2,5,5,5,3,4,3,2,2,2,2,4,3,3.23,16,17,FALSE
Male,Disloyal Customer,21,Business Travel,Eco,546,3,4,3,4,2,3,2,2,5,5,3,3,2,3.15,0,1,FALSE
Male,Loyal Customer,69,Business Travel,Business,89,0,5,0,4,3,4,2,4,4,4,4,1,4,3,0,0,TRUE
Male,Loyal Customer,38,Business Travel,Business,3359,1,1,5,1,1,4,4,4,4,4,1,4,1,2.69,97,93,FALSE
Female,Loyal Customer,63,Personal Travel,Eco,1747,1,4,1,5,5,5,2,5,5,1,3,2,3,3.23,0,10,FALSE
Female,Loyal Customer,62,Personal Travel,Eco,431,3,4,3,4,4,5,5,1,1,3,1,5,5,3.38,4,0,FALSE
Female,Loyal Customer,33,Personal Travel,Eco,234,1,4,0,3,3,0,3,3,5,3,4,4,3,2.77,0,0,FALSE
Female,Loyal Customer,29,Business Travel,Business,1581,5,5,5,5,5,5,5,5,4,2,5,4,5,4.62,0,0,TRUE
Male,Loyal Customer,40,Personal Travel,Eco,948,2,2,2,2,2,2,2,2,1,3,2,1,2,1.92,15,11,FALSE
Male,Disloyal Customer,34,Business Travel,Business,883,2,3,3,4,4,3,4,4,5,5,5,5,4,3.92,88,77,FALSE
Female,Loyal Customer,52,Business Travel,Business,3886,3,3,3,3,5,5,4,2,2,2,2,3,3,3.08,9,0,TRUE
Male,Loyal Customer,55,Business Travel,Business,1682,3,3,3,3,4,4,4,4,4,4,4,3,3,3.54,0,0,TRUE
Female,Loyal Customer,36,Business Travel,Eco Plus,406,3,4,4,4,3,3,3,3,1,2,4,1,3,2.92,9,0,FALSE
Female,Loyal Customer,51,Personal Travel,Eco,1024,4,3,4,3,2,3,5,4,4,4,4,2,2,3.38,0,9,FALSE
Female,Loyal Customer,17,Business Travel,Business,3195,3,1,1,1,3,3,3,3,2,3,4,4,3,2.62,0,0,FALSE
Female,Loyal Customer,17,Business Travel,Eco Plus,651,0,5,0,3,1,0,1,1,1,5,5,3,1,2,0,59,TRUE
Female,Loyal Customer,60,Personal Travel,Eco,1069,3,4,3,2,3,5,5,2,2,3,2,4,3,3.15,18,0,FALSE
Male,Loyal Customer,57,Personal Travel,Eco,728,2,4,2,4,5,2,5,5,3,5,4,2,5,3.69,0,0,FALSE
Male,Loyal Customer,70,Personal Travel,Eco,399,4,5,4,4,1,4,1,1,4,3,4,4,1,3.08,0,0,FALSE
Male,Loyal Customer,41,Business Travel,Eco,351,5,5,5,5,5,5,5,5,3,3,2,1,5,4.15,30,51,TRUE
Female,Loyal Customer,27,Business Travel,Business,2184,3,3,3,3,4,5,4,4,5,5,4,3,4,3.85,0,10,TRUE
Female,Loyal Customer,53,Business Travel,Business,3179,4,4,4,4,5,5,4,5,5,5,5,5,3,4.46,0,6,TRUE
Male,Loyal Customer,41,Business Travel,Business,2678,2,2,2,2,3,5,4,5,5,4,5,4,3,3.54,16,19,TRUE
Male,Loyal Customer,43,Business Travel,Eco Plus,737,2,5,5,5,2,2,2,2,2,1,4,3,2,2.85,0,14,FALSE
Female,Loyal Customer,54,Personal Travel,Eco,1005,2,3,2,2,2,2,3,1,1,2,1,4,2,2.08,0,14,FALSE
Male,Loyal Customer,8,Business Travel,Business,3769,4,2,2,2,4,4,4,4,3,5,3,3,4,3.38,0,16,FALSE
Female,Disloyal Customer,26,Business Travel,Eco,1151,2,2,2,4,2,3,3,1,2,3,3,3,3,2.54,0,0,FALSE
Male,Loyal Customer,68,Personal Travel,Business,331,3,4,3,2,5,5,4,5,5,3,3,3,3,3.69,0,0,FALSE
Male,Loyal Customer,62,Personal Travel,Eco,1204,4,1,4,1,2,4,2,2,3,2,2,2,2,2.38,6,0,TRUE
Male,Loyal Customer,53,Personal Travel,Eco,767,4,2,4,3,1,4,3,1,3,5,3,4,1,2.92,0,9,FALSE
Male,Disloyal Customer,35,Business Travel,Business,1129,4,4,4,2,4,4,3,4,2,4,4,4,4,3.62,10,19,FALSE
Male,Loyal Customer,49,Business Travel,Eco,109,5,1,1,1,5,5,5,5,3,2,5,3,5,3.54,0,2,TRUE
Male,Loyal Customer,35,Business Travel,Eco,601,2,2,2,2,2,2,2,2,2,5,4,2,2,2.38,7,10,FALSE
Female,Loyal Customer,11,Personal Travel,Eco,551,2,3,2,1,4,2,4,4,2,4,2,2,4,2.77,0,0,FALSE
Female,Loyal Customer,39,Personal Travel,Eco,432,2,5,2,5,4,2,4,4,4,2,5,3,4,3.54,0,0,FALSE
Male,Loyal Customer,38,Business Travel,Eco Plus,825,1,1,3,3,1,1,1,1,2,3,3,3,1,1.85,1,31,FALSE
Male,Loyal Customer,47,Business Travel,Business,296,3,3,3,3,5,5,4,5,5,5,5,5,3,4.15,0,0,TRUE
Male,Loyal Customer,48,Business Travel,Business,802,3,1,1,1,2,3,3,2,1,4,3,3,3,2.31,348,349,FALSE
Male,Loyal Customer,33,Personal Travel,Eco,983,4,5,4,4,1,4,1,1,4,2,4,5,1,3.08,0,0,TRUE
Female,Loyal Customer,60,Business Travel,Business,2224,4,4,4,4,2,4,5,4,4,4,4,1,3,3.62,0,0,TRUE
Male,Loyal Customer,16,Personal Travel,Eco,1303,2,1,2,1,2,2,2,2,2,5,2,1,2,2,0,0,FALSE
Female,Loyal Customer,7,Personal Travel,Eco,77,1,3,1,2,4,1,4,4,4,3,4,5,4,3.08,0,0,FALSE
Male,Loyal Customer,12,Personal Travel,Eco,270,4,5,4,2,5,4,5,5,4,2,5,4,5,4.15,0,0,FALSE
Female,Disloyal Customer,25,Business Travel,Eco,315,3,3,4,4,3,4,3,3,2,4,3,2,3,3.15,21,33,FALSE
Female,Disloyal Customer,22,Business Travel,Eco,1107,3,3,3,3,3,3,3,3,3,3,5,4,3,3.23,7,2,FALSE
Female,Disloyal Customer,47,Business Travel,Business,853,2,2,2,5,4,2,4,4,5,4,4,5,4,3.62,0,7,FALSE
Female,Loyal Customer,48,Personal Travel,Eco,277,3,4,3,1,1,5,4,3,3,3,3,2,5,3.08,0,0,FALSE
Female,Loyal Customer,39,Business Travel,Business,306,2,2,2,2,2,5,5,5,5,5,5,5,3,3.69,2,0,TRUE
Female,Loyal Customer,39,Business Travel,Eco,201,4,5,5,5,4,4,4,4,4,5,1,4,4,4.08,0,0,TRUE
Female,Loyal Customer,34,Business Travel,Business,2475,1,4,4,4,1,1,1,1,4,3,4,1,1,2.31,2,28,FALSE
Male,Loyal Customer,40,Business Travel,Business,1197,1,1,1,1,5,5,5,4,4,4,4,3,4,3.23,0,0,TRUE
Male,Loyal Customer,58,Business Travel,Business,458,3,3,3,3,1,3,4,5,5,5,5,5,3,3.69,0,0,TRUE
Male,Disloyal Customer,26,Business Travel,Business,562,4,3,3,1,2,3,3,2,4,4,4,5,2,3.08,44,35,FALSE
Male,Loyal Customer,35,Business Travel,Business,3460,3,2,2,2,5,4,3,3,3,3,3,2,1,2.77,0,0,FALSE
Female,Loyal Customer,55,Personal Travel,Eco Plus,528,1,4,1,4,2,3,4,1,1,1,1,3,1,2.08,10,9,FALSE
Male,Loyal Customer,44,Business Travel,Business,2422,5,5,3,5,1,5,3,4,4,5,4,4,1,3.77,6,0,TRUE
Female,Loyal Customer,44,Business Travel,Business,3513,2,2,3,2,3,5,5,4,4,4,4,5,3,3.54,2,0,TRUE
Male,Loyal Customer,54,Personal Travel,Eco,2583,3,5,3,1,3,3,3,2,5,5,5,3,3,3.38,0,0,FALSE
Male,Loyal Customer,42,Personal Travel,Business,804,1,2,1,3,2,3,3,3,3,1,4,4,2,2.46,0,0,FALSE
Male,Loyal Customer,28,Personal Travel,Eco,882,3,3,4,4,5,4,5,5,5,4,5,5,5,4.38,0,0,FALSE
Male,Loyal Customer,19,Business Travel,Business,2751,4,4,1,4,4,4,4,4,3,5,4,4,4,3.77,0,0,TRUE
Male,Loyal Customer,52,Personal Travel,Eco,990,2,2,2,4,1,2,1,1,3,1,3,4,1,2.08,0,0,FALSE
Male,Loyal Customer,26,Personal Travel,Eco,2475,2,2,2,2,4,2,4,4,3,1,2,2,4,2.62,0,0,FALSE
Male,Loyal Customer,54,Business Travel,Business,3791,4,4,4,4,3,5,1,4,4,4,5,5,2,3.77,16,1,TRUE
Male,Loyal Customer,48,Personal Travel,Eco,628,3,5,3,5,1,3,1,1,4,5,4,3,1,3,5,5,FALSE
Female,Loyal Customer,25,Personal Travel,Eco,177,2,5,2,5,4,2,4,4,3,3,5,5,4,3.69,0,0,FALSE
Female,Loyal Customer,42,Business Travel,Business,2787,2,2,2,2,4,5,5,5,5,5,5,5,4,3.92,4,0,TRUE
Female,Loyal Customer,49,Business Travel,Business,1021,2,2,2,2,5,4,5,5,5,5,5,5,5,4,40,28,TRUE
Female,Loyal Customer,41,Business Travel,Business,999,3,1,4,4,3,4,4,3,3,3,3,2,4,3.15,0,0,FALSE
Male,Loyal Customer,48,Personal Travel,Eco,413,2,4,2,3,3,2,3,3,4,5,4,3,3,3.15,0,0,FALSE
Male,Disloyal Customer,64,Personal Travel,Eco,1874,5,5,5,2,4,5,4,4,1,3,2,3,4,3.62,0,0,TRUE
Male,Disloyal Customer,24,Business Travel,Business,544,4,4,4,3,4,4,4,4,5,5,4,4,4,4.08,0,0,TRUE
Male,Loyal Customer,64,Business Travel,Eco,122,5,5,5,5,5,5,5,5,5,1,5,4,5,4.62,0,1,TRUE
Male,Loyal Customer,22,Personal Travel,Eco,1310,4,5,4,1,3,4,3,3,3,4,4,3,3,3.38,0,3,TRUE
Female,Loyal Customer,39,Business Travel,Business,1390,2,2,2,2,5,5,4,3,3,4,3,3,4,3.23,9,0,TRUE
Male,Loyal Customer,52,Business Travel,Business,2586,3,3,3,3,3,3,3,3,4,4,5,3,3,3.31,0,0,TRUE
Male,Disloyal Customer,69,Personal Travel,Eco,599,3,0,3,3,3,2,2,4,4,3,4,2,2,2.69,155,163,FALSE
Male,Loyal Customer,36,Personal Travel,Eco,366,2,5,2,3,3,2,3,3,1,1,3,1,3,2.46,8,7,FALSE
Female,Disloyal Customer,39,Business Travel,Business,545,2,2,2,1,5,2,5,5,5,2,4,4,5,3.38,0,0,TRUE
Female,Disloyal Customer,39,Business Travel,Business,954,3,2,2,4,2,2,4,2,2,2,3,2,2,2.46,0,0,FALSE
Female,Disloyal Customer,39,Business Travel,Business,321,4,4,4,1,4,4,4,4,3,3,5,5,4,3.77,0,0,TRUE
Female,Loyal Customer,63,Personal Travel,Eco Plus,1846,1,5,1,5,4,4,5,2,2,1,3,5,4,3.23,5,0,FALSE
Male,Loyal Customer,46,Business Travel,Business,1205,1,1,1,1,5,4,4,4,4,4,4,5,5,3.31,0,0,TRUE
Female,Loyal Customer,35,Business Travel,Business,822,4,4,4,4,2,5,4,3,3,3,3,5,3,3.62,47,47,TRUE
Male,Disloyal Customer,14,Business Travel,Eco,563,1,3,1,3,5,1,5,5,3,2,3,2,5,3,0,0,FALSE
Male,Loyal Customer,35,Business Travel,Business,3243,3,4,4,4,5,4,4,3,3,3,3,3,3,3.54,24,38,FALSE
Female,Loyal Customer,39,Personal Travel,Eco,370,1,4,1,1,5,1,1,5,5,2,3,2,5,2.77,8,5,FALSE
Male,Loyal Customer,39,Business Travel,Eco,834,5,1,1,1,5,5,5,5,2,1,2,4,5,3.23,62,59,TRUE
Female,Loyal Customer,59,Business Travel,Eco,422,3,1,1,1,4,4,4,3,3,3,3,1,2,2.54,0,0,FALSE
Male,Loyal Customer,13,Personal Travel,Eco,438,3,4,3,3,5,3,5,5,3,2,4,4,5,3.77,9,14,FALSE
Male,Loyal Customer,35,Business Travel,Business,2401,2,1,1,1,3,2,3,2,2,2,2,4,3,2.15,22,14,FALSE
Male,Loyal Customer,56,Personal Travel,Eco,854,3,4,3,4,2,3,3,2,3,4,5,4,2,3.23,0,0,FALSE
Female,Loyal Customer,27,Business Travel,Eco,569,4,4,4,4,4,4,4,4,1,3,2,2,4,3.38,0,0,TRUE
Female,Loyal Customer,55,Business Travel,Eco,228,5,5,5,5,5,4,2,5,5,5,5,2,2,4.23,0,0,TRUE
Female,Loyal Customer,46,Business Travel,Business,1464,1,1,1,1,2,5,5,4,4,4,4,5,4,3.15,0,0,TRUE
Female,Disloyal Customer,38,Business Travel,Business,247,4,4,4,3,4,4,4,4,3,5,4,5,4,4,0,0,FALSE
Male,Loyal Customer,42,Business Travel,Business,2810,3,3,3,3,3,5,4,5,5,5,5,3,5,4,8,0,TRUE
Female,Loyal Customer,51,Personal Travel,Eco,214,2,0,2,3,2,4,5,2,2,2,2,5,5,2.77,0,0,FALSE
Male,Loyal Customer,52,Business Travel,Business,448,1,1,1,1,4,3,1,5,5,5,5,1,4,2.85,0,2,TRUE
Male,Loyal Customer,68,Personal Travel,Eco,77,4,4,4,2,1,4,1,1,5,3,4,4,1,2.92,0,0,FALSE
Male,Loyal Customer,54,Personal Travel,Eco,1008,2,5,2,5,3,2,3,3,5,3,5,3,3,3.38,1,43,FALSE
Female,Disloyal Customer,47,Business Travel,Eco,479,2,0,2,2,3,2,3,3,3,5,5,4,3,2.85,0,7,FALSE
Female,Loyal Customer,66,Personal Travel,Eco,67,1,5,1,3,2,5,4,5,5,1,5,5,3,3.46,0,0,FALSE
Female,Loyal Customer,54,Personal Travel,Eco Plus,397,3,4,3,2,3,5,5,2,2,3,2,4,3,3.15,110,116,FALSE
Female,Loyal Customer,33,Business Travel,Eco Plus,200,3,2,2,2,3,3,3,3,3,2,4,4,3,2.85,96,78,FALSE
Female,Loyal Customer,58,Personal Travel,Eco,489,2,3,2,1,3,1,2,1,1,2,1,4,4,2.08,0,0,FALSE
Male,Disloyal Customer,48,Business Travel,Business,1299,2,2,2,3,5,2,5,5,4,2,5,4,5,3.54,2,0,FALSE
Male,Disloyal Customer,25,Business Travel,Eco,1061,5,5,5,3,5,4,1,5,2,5,5,1,1,3.62,0,0,TRUE
Female,Loyal Customer,37,Business Travel,Business,337,5,5,5,5,3,4,5,3,3,4,3,5,3,4.08,6,0,TRUE
Female,Disloyal Customer,27,Business Travel,Business,1013,0,0,0,1,1,0,1,1,4,3,5,4,1,1.62,0,0,TRUE
Female,Disloyal Customer,37,Business Travel,Business,1104,1,1,1,4,4,1,4,4,2,5,3,1,4,2.69,10,9,FALSE
Male,Loyal Customer,14,Personal Travel,Eco,2454,3,5,3,5,1,3,1,1,4,5,2,3,1,2.85,16,0,FALSE
Male,Loyal Customer,53,Personal Travel,Eco,447,1,5,1,2,1,1,1,1,3,2,4,3,1,2,0,1,FALSE
Female,Disloyal Customer,45,Business Travel,Eco,304,3,2,3,4,1,3,1,1,2,2,4,4,1,2.38,0,0,FALSE
Male,Loyal Customer,67,Personal Travel,Eco,604,5,5,4,4,5,4,5,5,3,3,4,5,5,4.38,77,99,TRUE
Male,Disloyal Customer,57,Business Travel,Eco,67,3,3,4,2,1,4,1,1,2,3,2,2,1,2.23,48,36,FALSE
Female,Loyal Customer,22,Business Travel,Business,1990,3,3,3,3,4,4,4,4,3,3,2,2,4,3.23,20,33,TRUE
Male,Loyal Customer,15,Personal Travel,Eco,436,1,4,1,3,1,1,1,1,4,5,5,4,1,2.46,57,62,FALSE
Female,Loyal Customer,55,Business Travel,Business,2694,5,5,5,5,2,4,5,4,4,4,4,5,3,4.23,0,0,TRUE
Male,Loyal Customer,43,Personal Travel,Eco,277,2,3,5,3,3,5,3,3,4,2,4,4,3,3.38,0,0,FALSE
Female,Loyal Customer,12,Personal Travel,Eco,212,2,1,0,1,3,0,3,3,2,1,1,3,3,1.77,22,8,FALSE
Male,Loyal Customer,29,Personal Travel,Eco,1107,2,5,2,3,4,2,4,4,3,2,4,3,4,3.23,9,0,FALSE
Female,Disloyal Customer,28,Business Travel,Business,612,2,2,2,1,2,2,2,2,3,3,5,4,2,2.46,0,0,FALSE
Female,Loyal Customer,52,Business Travel,Eco,671,3,5,5,5,3,5,1,3,3,3,3,4,1,3.38,0,0,TRUE
Male,Disloyal Customer,23,Business Travel,Eco,919,2,2,2,4,4,2,4,4,1,1,3,1,4,2.62,18,21,FALSE
Female,Loyal Customer,44,Business Travel,Eco,978,5,3,3,3,1,4,4,5,5,5,5,2,1,3.54,0,0,TRUE
Male,Loyal Customer,39,Business Travel,Business,1506,4,4,4,4,3,4,4,5,5,5,5,5,4,4.31,0,0,TRUE
Male,Loyal Customer,55,Business Travel,Business,3420,4,4,4,4,2,5,4,3,3,3,3,3,4,3.54,0,0,TRUE
Male,Loyal Customer,17,Personal Travel,Eco,187,2,5,2,1,1,2,1,1,4,3,5,3,1,2.38,17,11,FALSE
Female,Loyal Customer,57,Business Travel,Business,3446,4,4,4,4,3,5,4,5,5,5,5,5,5,4.46,0,0,TRUE
Female,Disloyal Customer,26,Business Travel,Business,1012,4,4,4,4,5,4,5,5,4,3,4,5,5,4.31,0,0,TRUE
Female,Loyal Customer,53,Business Travel,Business,1749,2,2,2,2,5,4,5,5,5,5,5,5,5,4,58,48,TRUE
Male,Loyal Customer,8,Personal Travel,Eco Plus,1089,5,5,5,1,4,5,4,4,4,4,2,3,4,3.85,0,0,TRUE
Male,Loyal Customer,46,Business Travel,Business,1911,2,2,4,2,5,5,4,3,3,4,3,3,4,3.38,0,0,TRUE
Male,Loyal Customer,34,Business Travel,Business,370,4,4,4,4,3,5,4,4,4,4,4,4,3,3.92,1,0,TRUE
Female,Loyal Customer,48,Business Travel,Business,1658,1,1,1,1,2,4,5,4,4,5,4,4,5,3.15,0,0,TRUE
Male,Loyal Customer,28,Business Travel,Eco Plus,528,2,2,2,2,2,1,2,2,1,2,3,3,2,2,0,0,FALSE
Female,Loyal Customer,57,Business Travel,Business,212,0,4,0,3,5,2,5,2,2,2,2,5,4,2.77,31,21,TRUE
Female,Loyal Customer,24,Business Travel,Business,1506,2,3,3,3,2,3,2,2,2,1,4,4,2,2.54,11,0,FALSE
Female,Loyal Customer,60,Personal Travel,Eco,882,4,1,4,3,4,3,4,4,4,4,4,3,3,3.46,0,0,FALSE
Male,Loyal Customer,36,Business Travel,Business,1303,2,4,4,4,5,4,4,2,2,2,2,1,4,3.08,0,17,FALSE
Male,Loyal Customer,48,Business Travel,Business,2469,2,2,2,2,4,5,4,4,4,4,4,5,5,3.62,0,0,TRUE
Male,Loyal Customer,46,Business Travel,Business,296,5,5,5,5,2,5,5,3,3,4,3,5,3,4.08,0,0,TRUE
Female,Loyal Customer,39,Business Travel,Eco,613,4,5,5,5,4,4,4,4,5,3,2,2,4,3.92,0,1,TRUE
Male,Loyal Customer,20,Business Travel,Business,2078,2,2,2,2,5,5,5,5,5,3,5,1,5,3.62,7,13,TRUE
Female,Loyal Customer,55,Business Travel,Business,1785,5,5,1,5,3,5,5,4,4,4,4,4,5,4.15,0,0,TRUE
Male,Disloyal Customer,26,Business Travel,Business,361,4,0,4,1,5,4,5,5,4,5,4,4,5,3.85,0,0,TRUE
Female,Loyal Customer,59,Business Travel,Business,717,4,4,5,4,3,4,4,5,5,5,5,4,3,4.23,11,4,TRUE
Female,Disloyal Customer,50,Business Travel,Eco,1083,2,2,2,4,2,2,1,2,4,4,4,1,2,2.46,36,25,FALSE
Male,Loyal Customer,34,Business Travel,Eco Plus,1499,3,1,1,1,3,4,3,3,1,1,1,3,3,2.15,1,0,TRUE
Male,Loyal Customer,56,Business Travel,Business,587,1,1,1,1,3,4,4,4,4,4,4,3,5,3,0,0,TRUE
Male,Disloyal Customer,34,Business Travel,Business,508,2,3,3,1,4,3,4,4,5,4,5,3,4,3.46,94,82,FALSE
Female,Loyal Customer,39,Business Travel,Eco,125,5,1,1,1,5,5,5,5,2,2,3,5,5,3.46,131,,TRUE
Male,Loyal Customer,56,Business Travel,Eco,813,3,1,1,1,4,3,4,4,1,5,3,2,4,2.77,0,0,FALSE
Male,Disloyal Customer,30,Business Travel,Eco,566,5,0,5,4,4,5,3,4,2,1,2,5,4,3.38,0,0,TRUE
Male,Loyal Customer,53,Personal Travel,Eco,507,5,4,2,4,2,2,2,2,5,2,4,4,2,3.08,35,38,TRUE
Female,Disloyal Customer,26,Business Travel,Eco,1201,1,1,1,3,2,1,2,2,1,1,4,4,2,1.92,10,0,FALSE
Female,Loyal Customer,46,Business Travel,Business,2135,5,5,5,5,2,1,5,4,4,4,5,5,3,4.08,74,74,TRUE
Female,Loyal Customer,37,Business Travel,Eco Plus,834,2,3,3,3,2,2,2,2,2,3,3,2,2,2.38,36,19,FALSE
Female,Loyal Customer,48,Business Travel,Business,507,3,3,3,3,4,5,4,5,5,5,5,3,5,4.08,0,0,TRUE
Female,Disloyal Customer,24,Business Travel,Business,516,4,0,4,5,1,4,1,1,5,4,4,4,1,2.92,28,33,TRUE
Female,Loyal Customer,40,Business Travel,Business,3894,2,3,3,3,4,3,4,2,2,1,2,4,3,2.77,0,0,FALSE
Male,Disloyal Customer,19,Business Travel,Eco,963,5,5,5,2,4,5,4,4,5,3,3,3,4,4,0,0,TRUE
Male,Loyal Customer,61,Personal Travel,Eco Plus,581,2,3,2,4,5,2,5,5,3,3,3,1,5,3.31,18,13,FALSE
Female,Loyal Customer,52,Business Travel,Business,577,3,3,3,3,5,4,3,3,3,3,3,4,3,3.31,39,35,FALSE
Female,Loyal Customer,37,Business Travel,Business,2505,1,3,3,3,3,3,4,1,1,2,1,3,1,2.23,0,0,FALSE
Male,Loyal Customer,18,Business Travel,Business,1640,1,1,2,1,4,4,4,4,3,2,5,5,4,3.08,0,0,TRUE
Female,Loyal Customer,40,Business Travel,Business,3761,2,2,3,2,2,4,5,3,3,3,3,4,5,3.15,0,0,TRUE
Male,Loyal Customer,58,Business Travel,Business,3431,0,0,0,3,3,4,5,2,2,2,3,4,4,2.46,3,0,TRUE
Male,Loyal Customer,58,Business Travel,Eco Plus,1080,5,3,3,3,5,5,5,5,5,4,5,5,5,4.46,4,0,TRUE
Female,Loyal Customer,52,Business Travel,Eco,346,4,5,4,4,3,5,4,4,4,4,4,4,3,4,0,0,TRUE
Female,Disloyal Customer,45,Business Travel,Business,480,1,1,1,4,4,1,2,4,4,4,4,3,4,2.85,56,44,FALSE
Female,Loyal Customer,17,Personal Travel,Eco Plus,1073,1,4,1,1,2,1,2,2,5,5,5,3,2,2.62,2,0,FALSE
Male,Loyal Customer,16,Personal Travel,Eco,866,2,3,2,3,1,2,1,1,2,4,3,3,1,2.15,0,0,FALSE
Female,Loyal Customer,29,Business Travel,Eco Plus,725,4,2,2,2,4,4,4,4,1,2,3,2,4,2.92,46,71,FALSE
Male,Loyal Customer,36,Business Travel,Business,147,4,4,4,4,2,5,5,4,4,4,3,3,3,3.77,0,0,TRUE
Female,Disloyal Customer,25,Business Travel,Eco,1025,3,4,4,3,5,4,4,5,2,4,1,3,5,3.62,0,0,FALSE
Male,Loyal Customer,9,Personal Travel,Eco,174,3,4,3,4,4,3,4,4,5,4,4,3,4,3.77,0,0,FALSE
Male,Loyal Customer,42,Business Travel,Eco Plus,752,2,1,1,1,2,2,2,2,3,4,1,4,2,2.08,46,47,FALSE
Male,Loyal Customer,33,Business Travel,Business,1011,1,1,1,1,5,5,5,5,4,2,5,4,5,3.38,9,0,TRUE
Male,Loyal Customer,9,Personal Travel,Eco,550,1,4,1,4,1,1,1,1,4,4,4,3,1,2.31,30,24,FALSE
Female,Disloyal Customer,29,Business Travel,Eco,868,2,2,2,3,2,2,2,2,4,5,3,1,2,2.46,0,2,FALSE
Female,Disloyal Customer,22,Business Travel,Business,1546,4,0,3,3,2,3,2,2,2,4,4,4,2,2.69,121,105,FALSE
Female,Loyal Customer,21,Personal Travel,Eco,696,4,5,4,5,5,4,5,5,5,4,4,4,5,4.54,42,17,FALSE
Female,Loyal Customer,42,Business Travel,Business,1507,2,2,2,2,2,5,4,3,3,4,3,4,5,3.15,15,6,TRUE
Female,Loyal Customer,60,Business Travel,Business,1513,2,2,2,2,2,5,5,4,4,5,4,3,5,3.46,49,51,TRUE
Female,Loyal Customer,54,Personal Travel,Eco,1121,5,5,5,3,5,5,4,1,1,5,1,3,3,3.54,0,0,TRUE
Male,Loyal Customer,59,Business Travel,Business,2101,3,4,4,4,1,1,1,3,3,3,3,1,3,2.62,0,0,FALSE
Male,Loyal Customer,46,Personal Travel,Eco,1282,2,4,2,1,5,2,5,5,3,4,4,5,5,3.62,35,14,FALSE
Female,Disloyal Customer,28,Business Travel,Business,541,3,3,3,3,3,3,4,3,4,2,4,5,3,3.31,1,6,FALSE
Female,Loyal Customer,33,Business Travel,Eco,270,2,1,1,1,2,3,2,2,3,2,4,3,2,2.15,0,10,FALSE
Female,Loyal Customer,43,Business Travel,Business,2478,3,3,3,3,3,2,3,3,3,4,4,3,3,3.08,0,0,TRUE
Male,Loyal Customer,45,Business Travel,Eco,2425,3,3,5,5,2,3,2,2,1,2,2,3,2,2.69,8,0,FALSE
Male,Loyal Customer,39,Business Travel,Business,1024,5,5,5,5,5,5,5,5,5,5,5,3,4,4.77,0,3,TRUE
Female,Disloyal Customer,20,Business Travel,Eco,967,3,3,3,2,5,3,5,5,4,2,2,3,5,3.46,6,0,TRUE
Male,Loyal Customer,26,Personal Travel,Eco,946,4,2,4,3,1,4,1,1,3,3,4,4,1,2.69,4,13,FALSE
Female,Disloyal Customer,36,Business Travel,Eco,253,2,0,2,2,2,2,2,2,2,3,4,4,2,2.23,0,0,FALSE
Female,Loyal Customer,8,Personal Travel,Eco Plus,986,1,4,2,4,1,2,1,1,4,4,5,4,1,2.62,14,3,FALSE
Male,Loyal Customer,65,Personal Travel,Eco,109,3,4,3,4,2,3,2,2,4,3,5,3,2,3.08,0,0,FALSE
Female,Loyal Customer,39,Business Travel,Business,2446,2,2,2,2,4,4,5,5,5,5,5,3,5,3.77,2,0,TRUE
Male,Loyal Customer,16,Personal Travel,Eco,308,1,5,1,2,4,1,4,4,4,3,4,5,4,3.23,0,0,FALSE
Male,Loyal Customer,57,Business Travel,Business,3320,5,5,5,5,3,5,5,4,4,4,4,5,5,4.54,4,7,TRUE
Male,Loyal Customer,41,Business Travel,Business,3273,2,2,2,2,2,4,3,2,2,2,2,4,3,2.46,0,1,FALSE
Male,Loyal Customer,52,Personal Travel,Eco,1916,4,3,4,3,4,4,4,4,4,2,4,4,4,3.69,27,33,FALSE
Female,Loyal Customer,44,Business Travel,Eco,2475,2,5,5,5,2,2,2,1,5,2,4,2,2,3,0,14,FALSE
Male,Loyal Customer,26,Business Travel,Eco,871,5,3,3,3,5,5,5,5,2,4,4,1,5,3.85,8,10,TRUE
Female,Disloyal Customer,45,Business Travel,Business,1299,2,2,2,3,2,2,2,2,5,4,4,5,2,2.85,5,0,FALSE
Male,Loyal Customer,57,Personal Travel,Eco,678,3,4,3,2,1,3,2,1,5,5,4,1,1,2.69,0,2,FALSE
Male,Loyal Customer,40,Personal Travel,Eco,158,2,2,2,4,1,2,1,1,1,4,4,3,1,2.15,0,4,FALSE
Male,Loyal Customer,34,Business Travel,Business,868,4,4,4,4,3,4,4,4,4,4,4,5,4,4,0,0,TRUE
Male,Loyal Customer,69,Personal Travel,Eco,968,3,5,3,2,5,3,5,5,4,3,4,4,5,3.92,0,10,FALSE
Male,Loyal Customer,54,Business Travel,Business,2349,5,5,5,5,4,5,5,5,5,5,5,5,3,4.77,0,0,TRUE
Female,Loyal Customer,57,Business Travel,Business,1849,3,3,3,3,4,4,5,4,4,5,4,3,5,3.85,0,3,TRUE
Male,Disloyal Customer,25,Business Travel,Eco,781,5,5,5,4,5,2,2,3,1,3,5,2,2,3.38,3,3,TRUE
Male,Disloyal Customer,24,Business Travel,Eco,391,2,5,2,4,4,2,4,4,1,4,2,2,4,3.08,19,51,FALSE
Female,Loyal Customer,40,Business Travel,Business,3127,4,4,4,4,5,4,4,5,5,5,4,4,5,4.38,0,0,TRUE
Female,Loyal Customer,52,Business Travel,Business,1004,1,1,4,1,4,4,4,5,5,5,5,3,4,3.54,5,0,TRUE
Male,Loyal Customer,28,Business Travel,Eco Plus,1010,3,4,4,4,3,3,3,3,4,5,3,2,3,3.38,0,4,FALSE
Female,Disloyal Customer,36,Business Travel,Business,1126,3,3,3,3,2,3,2,2,4,5,4,4,2,3.08,0,17,FALSE
Male,Loyal Customer,56,Business Travel,Business,2822,0,4,0,3,4,4,4,4,4,4,4,3,4,3.23,0,35,TRUE
Female,Loyal Customer,53,Business Travel,Business,2139,1,1,1,1,2,2,2,4,4,4,4,3,4,2.54,4,24,TRUE
Male,Loyal Customer,53,Business Travel,Business,1598,2,2,2,2,3,3,5,5,5,5,5,4,4,3.62,0,0,TRUE
Female,Loyal Customer,26,Personal Travel,Eco Plus,190,1,1,1,2,2,1,2,2,4,4,1,2,2,1.92,103,102,FALSE
Female,Loyal Customer,46,Business Travel,Business,2492,2,2,2,2,2,4,4,5,5,5,5,5,3,3.54,33,44,TRUE
Female,Loyal Customer,53,Personal Travel,Eco,113,3,2,3,3,2,3,2,4,4,3,4,1,4,2.92,0,0,FALSE
Female,Disloyal Customer,21,Business Travel,Business,1013,5,0,5,3,5,5,5,5,3,4,4,4,5,4.08,26,28,TRUE
Male,Loyal Customer,47,Business Travel,Business,1576,5,5,5,5,2,4,5,4,4,4,4,4,3,4.15,0,0,TRUE
Male,Loyal Customer,63,Personal Travel,Eco,1892,1,5,1,4,2,1,2,2,2,3,4,3,2,2.46,9,3,FALSE
Female,Loyal Customer,45,Business Travel,Business,3960,2,2,2,2,5,2,3,3,3,3,3,5,3,2.92,22,13,TRUE
Male,Disloyal Customer,16,Business Travel,Eco,689,4,4,4,5,1,4,1,1,3,2,5,5,1,3.08,0,0,FALSE
Female,Loyal Customer,46,Business Travel,Business,3241,2,2,2,2,1,3,3,2,2,2,2,4,4,2.38,2,0,FALSE
Female,Disloyal Customer,25,Business Travel,Eco,1101,2,2,2,3,2,5,5,3,1,4,4,5,5,3.31,0,0,FALSE
Female,Loyal Customer,21,Business Travel,Business,3903,1,1,1,1,5,4,5,5,3,3,3,3,5,3.08,0,3,TRUE
Male,Loyal Customer,59,Personal Travel,Eco Plus,665,3,2,3,4,5,3,5,5,1,1,4,4,5,3.46,1,0,FALSE
Male,Loyal Customer,61,Business Travel,Business,1754,3,2,2,2,5,2,1,3,3,3,3,2,1,2.46,7,15,FALSE
Male,Loyal Customer,39,Business Travel,Business,1849,2,2,2,2,2,3,4,5,5,5,5,3,5,3.46,0,0,TRUE
Male,Loyal Customer,51,Business Travel,Eco Plus,965,5,3,3,3,5,5,5,5,5,3,3,2,5,4,0,0,TRUE
Male,Loyal Customer,41,Business Travel,Business,2396,3,3,3,3,3,5,4,2,2,2,2,5,5,3.23,1,2,TRUE
Female,Loyal Customer,53,Business Travel,Business,3235,4,4,4,4,4,2,2,5,5,5,3,2,3,3.62,0,2,TRUE
Female,Loyal Customer,21,Personal Travel,Eco,235,5,5,5,2,4,5,4,4,5,4,4,5,4,4.31,0,0,TRUE
Female,Loyal Customer,50,Business Travel,Business,95,1,5,5,5,3,3,2,2,2,2,1,1,3,2.69,0,,FALSE
Male,Loyal Customer,61,Personal Travel,Eco,554,2,4,2,4,4,2,4,4,5,3,4,4,4,3.54,110,98,FALSE
Male,Loyal Customer,63,Personal Travel,Eco Plus,1035,3,1,3,4,2,3,2,2,1,4,4,1,2,2.46,0,65,FALSE
Male,Loyal Customer,32,Business Travel,Business,240,1,1,1,1,5,5,5,5,3,5,5,4,5,3.54,70,,TRUE
Female,Loyal Customer,36,Business Travel,Eco,96,3,2,2,2,3,3,3,3,2,1,4,4,3,2.69,24,15,FALSE
Male,Disloyal Customer,21,Business Travel,Eco,296,2,5,2,3,3,2,2,3,1,4,5,4,3,3,0,0,FALSE
Female,Loyal Customer,65,Personal Travel,Eco,125,4,3,4,3,4,3,4,4,4,4,4,2,4,3.62,0,11,FALSE
Female,Loyal Customer,57,Business Travel,Business,2436,2,2,2,2,2,5,4,2,2,2,2,5,5,2.85,8,38,TRUE
Male,Loyal Customer,49,Business Travel,Business,1623,2,4,4,4,4,3,4,2,2,2,2,3,3,3,0,4,FALSE
Female,Loyal Customer,55,Personal Travel,Business,261,3,2,0,3,1,4,4,3,3,0,3,1,1,2.15,0,0,FALSE
Female,Loyal Customer,17,Personal Travel,Eco Plus,2092,4,4,4,5,4,4,1,4,4,5,4,4,4,3.92,0,9,FALSE
Male,Loyal Customer,16,Business Travel,Eco,209,4,5,5,5,4,4,4,4,1,4,3,1,4,3.69,0,0,FALSE
Male,Loyal Customer,42,Business Travel,Business,377,5,5,5,5,2,5,5,3,3,3,3,3,3,3.85,29,29,TRUE
Male,Loyal Customer,43,Personal Travel,Eco,1171,4,4,4,1,5,4,5,5,5,4,4,4,5,4.15,0,0,FALSE
Female,Loyal Customer,43,Personal Travel,Eco,868,2,2,3,3,1,4,3,5,5,3,5,1,2,3,15,10,FALSE
Female,Loyal Customer,35,Personal Travel,Eco,964,4,4,4,4,3,4,3,3,3,4,5,4,3,3.69,0,0,FALSE
Female,Loyal Customer,64,Personal Travel,Eco,2588,1,2,1,3,1,3,2,1,3,4,3,2,2,2.15,0,23,FALSE
Female,Disloyal Customer,24,Business Travel,Business,1034,5,5,5,2,5,5,5,5,5,5,5,5,5,4.77,0,0,TRUE
Female,Loyal Customer,19,Personal Travel,Eco,67,2,4,2,3,1,2,1,1,4,2,5,4,1,2.46,82,70,FALSE
Female,Disloyal Customer,27,Business Travel,Business,562,5,5,5,3,2,5,2,2,4,5,4,5,2,3.77,0,0,TRUE
Male,Loyal Customer,38,Business Travel,Business,3112,1,1,5,1,5,4,5,5,5,5,5,3,5,3.85,0,1,TRUE
Female,Loyal Customer,40,Business Travel,Business,442,3,3,3,3,5,5,4,4,4,4,4,3,3,3.69,0,0,TRUE
Male,Disloyal Customer,44,Business Travel,Eco,897,3,3,3,4,1,3,1,1,2,4,5,5,1,2.77,11,0,FALSE
Female,Loyal Customer,14,Business Travel,Eco,2521,2,4,4,4,2,2,1,2,1,1,4,4,2,2.54,0,5,FALSE
Female,Disloyal Customer,35,Business Travel,Eco,82,2,2,3,4,4,3,3,4,4,1,4,2,4,3.08,0,0,FALSE
Female,Loyal Customer,17,Personal Travel,Eco,328,4,5,4,4,5,4,5,5,1,5,2,5,5,4.15,0,0,FALSE
Male,Loyal Customer,31,Business Travel,Business,1065,2,4,4,4,2,2,2,2,1,5,3,2,2,2.69,0,0,FALSE
Male,Loyal Customer,37,Business Travel,Business,3778,4,3,1,1,1,4,4,4,4,4,4,2,1,2.85,0,4,FALSE
Female,Loyal Customer,65,Personal Travel,Business,595,3,2,3,3,5,3,4,3,3,3,3,3,1,3,93,97,FALSE
Male,Loyal Customer,60,Business Travel,Eco,605,4,4,4,4,4,4,4,4,1,2,4,3,4,3.54,0,6,TRUE
Male,Loyal Customer,24,Business Travel,Business,2386,2,5,4,5,2,2,2,2,1,4,3,1,2,2.69,0,0,FALSE
Female,Disloyal Customer,80,Business Travel,Business,214,2,1,1,4,1,3,2,5,5,2,5,3,3,2.85,12,0,TRUE
Male,Loyal Customer,24,Business Travel,Business,650,1,4,1,4,1,1,1,1,1,2,2,3,1,1.77,9,0,FALSE
Male,Disloyal Customer,27,Business Travel,Business,160,1,2,2,3,1,2,1,1,3,2,5,4,1,2.15,65,51,FALSE
Female,Loyal Customer,39,Business Travel,Business,1671,1,1,1,1,3,4,4,2,2,2,2,5,4,2.46,0,0,TRUE
Male,Disloyal Customer,14,Business Travel,Eco,803,3,2,2,3,2,4,4,1,2,3,4,4,4,2.92,195,184,FALSE
Female,Disloyal Customer,38,Business Travel,Eco,425,2,3,2,3,3,2,3,3,2,3,3,2,3,2.62,9,0,FALSE
Male,Loyal Customer,21,Personal Travel,Business,674,3,5,2,3,2,2,1,2,5,3,4,5,2,3,11,16,FALSE
Female,Disloyal Customer,30,Business Travel,Eco,1009,3,3,3,1,5,3,5,5,1,3,2,4,5,3.31,0,2,FALSE
Female,Disloyal Customer,16,Business Travel,Eco,908,1,1,1,2,4,1,4,4,5,3,1,2,4,2.54,0,1,FALSE
Female,Loyal Customer,23,Personal Travel,Eco Plus,1199,5,2,5,3,5,2,5,5,2,2,4,1,5,3.54,0,0,TRUE
Female,Loyal Customer,32,Business Travel,Business,612,3,4,4,4,3,3,3,3,2,5,3,1,3,3.15,22,55,FALSE
Male,Loyal Customer,65,Personal Travel,Eco,1074,5,4,5,3,5,5,5,5,5,4,4,3,5,4.46,6,13,TRUE
Male,Loyal Customer,43,Business Travel,Business,2076,2,2,2,2,5,2,4,5,5,5,5,1,5,3.46,0,0,TRUE
Female,Loyal Customer,42,Business Travel,Business,3576,4,4,4,4,1,3,1,4,4,4,4,5,1,3.31,0,2,TRUE
Female,Loyal Customer,39,Personal Travel,Eco,919,1,4,1,4,5,1,5,5,5,3,4,5,5,3.69,0,0,FALSE
Female,Loyal Customer,56,Business Travel,Business,1916,4,4,4,4,4,4,4,4,4,4,4,3,3,3.85,0,0,TRUE
Female,Loyal Customer,47,Personal Travel,Eco,954,1,1,0,3,1,4,3,4,4,0,4,3,4,2.46,0,0,FALSE
Female,Disloyal Customer,29,Business Travel,Business,1371,0,1,1,3,4,1,4,4,5,5,4,5,4,3.15,9,0,TRUE
Female,Loyal Customer,25,Business Travel,Eco,1222,5,4,4,4,5,5,5,5,1,3,1,2,5,3.77,0,2,TRUE
Female,Loyal Customer,30,Personal Travel,Eco,259,4,5,4,5,5,4,5,5,3,4,1,3,5,4.08,0,0,FALSE
Female,Loyal Customer,50,Business Travel,Business,2734,2,2,2,2,2,5,5,4,4,3,4,4,3,3.23,0,0,TRUE
Male,Loyal Customer,40,Personal Travel,Eco,255,3,5,3,1,2,3,4,2,4,2,5,4,2,3.08,5,0,FALSE
Female,Loyal Customer,31,Business Travel,Business,1806,2,2,2,2,2,2,2,2,3,5,4,4,2,2.62,0,0,TRUE
Female,Loyal Customer,44,Business Travel,Business,1050,3,3,3,3,3,4,5,5,5,5,5,5,3,4,21,55,TRUE
Male,Loyal Customer,29,Business Travel,Business,3419,3,3,3,3,4,5,4,4,5,4,5,2,4,3.77,0,0,TRUE
Male,Loyal Customer,23,Personal Travel,Eco Plus,563,1,3,1,3,3,1,3,3,5,5,2,3,3,2.77,0,0,FALSE
Male,Loyal Customer,45,Personal Travel,Eco,139,2,0,2,3,5,2,5,5,4,5,3,4,5,3.46,33,36,FALSE
Male,Loyal Customer,13,Personal Travel,Eco,1165,0,4,0,2,5,0,5,5,3,4,4,3,5,3.08,0,0,TRUE
Female,Loyal Customer,68,Business Travel,Business,1954,4,3,5,5,5,3,3,4,4,4,4,4,2,3.85,30,41,FALSE
Male,Loyal Customer,33,Business Travel,Business,1416,2,2,2,2,4,4,4,4,4,3,5,5,4,3.46,0,4,TRUE
Female,Loyal Customer,30,Business Travel,Business,965,5,3,3,3,5,4,5,5,4,4,3,2,5,3.92,39,25,FALSE
Female,Loyal Customer,50,Business Travel,Business,544,4,2,2,2,2,3,3,4,4,3,4,3,2,2.92,0,2,FALSE
Male,Loyal Customer,25,Business Travel,Business,2419,1,1,1,1,4,4,4,5,3,5,4,4,4,3.15,2,0,TRUE
Male,Disloyal Customer,44,Business Travel,Eco,1052,3,3,3,4,3,3,3,3,4,4,4,2,3,3.23,0,0,FALSE
Female,Loyal Customer,62,Business Travel,Eco,214,3,2,2,2,4,4,3,3,3,3,3,3,1,2.77,0,0,FALSE
Female,Loyal Customer,51,Personal Travel,Eco,621,2,4,2,1,2,4,4,3,3,2,3,5,3,2.92,0,0,FALSE
Female,Loyal Customer,55,Business Travel,Business,3068,5,5,4,5,3,5,5,5,5,5,5,5,5,4.77,0,0,TRUE
Male,Disloyal Customer,85,Business Travel,Eco,954,4,5,5,4,5,4,4,2,2,4,3,4,4,3.85,0,9,FALSE
Male,Loyal Customer,57,Business Travel,Business,1947,4,2,2,2,5,2,3,4,4,4,4,1,4,3.15,0,5,FALSE
Female,Loyal Customer,39,Business Travel,Business,2701,3,1,3,3,4,4,4,5,1,4,1,4,4,3.15,0,0,TRUE
Female,Loyal Customer,58,Business Travel,Business,2235,3,3,3,3,2,5,5,2,2,2,2,3,5,3.08,0,0,TRUE
Female,Loyal Customer,33,Personal Travel,Eco,304,1,5,1,1,3,1,3,3,4,2,5,4,3,2.77,0,1,FALSE
Male,Disloyal Customer,27,Business Travel,Eco,1042,4,4,4,4,2,4,2,2,2,3,4,4,2,3.15,11,0,FALSE
Female,Loyal Customer,41,Business Travel,Business,393,2,2,2,2,5,4,4,4,4,4,4,3,4,3.38,0,0,TRUE
Male,Loyal Customer,36,Business Travel,Business,1761,5,5,5,5,4,5,4,4,4,4,5,4,3,4.38,0,11,TRUE
Female,Loyal Customer,37,Personal Travel,Eco,337,1,4,2,4,3,2,3,3,3,3,4,4,3,3,0,0,FALSE
Female,Disloyal Customer,44,Business Travel,Eco,277,2,4,2,2,5,2,5,5,1,1,5,2,5,3.15,57,43,FALSE
Female,Loyal Customer,56,Business Travel,Business,1979,1,1,1,1,5,3,5,5,5,5,5,3,3,3.31,0,15,TRUE
Female,Loyal Customer,13,Personal Travel,Eco,441,3,4,3,2,5,3,5,5,5,5,3,4,5,4,13,0,FALSE
Female,Loyal Customer,59,Personal Travel,Eco,427,2,5,2,2,3,4,4,1,1,2,3,4,3,2.77,0,0,FALSE
Female,Loyal Customer,22,Business Travel,Eco,1121,5,1,1,1,5,5,3,5,4,4,3,1,5,3.31,4,3,TRUE
Female,Loyal Customer,43,Business Travel,Business,213,5,5,4,5,4,5,4,5,5,5,4,5,5,4.69,0,0,TRUE
Female,Disloyal Customer,21,Business Travel,Business,110,2,4,2,3,5,2,5,5,1,4,3,4,5,3.46,5,2,FALSE
Male,Loyal Customer,75,Business Travel,Eco,427,2,2,2,2,2,2,2,2,4,1,4,3,2,2.31,5,0,FALSE
Male,Loyal Customer,15,Personal Travel,Eco,317,2,2,1,3,3,1,5,3,2,4,4,1,3,2.62,0,0,FALSE
Female,Loyal Customer,43,Business Travel,Business,1464,4,4,4,4,3,5,5,5,5,5,5,5,3,4.38,0,0,TRUE
Male,Disloyal Customer,38,Business Travel,Eco,200,4,5,4,4,4,4,3,4,5,3,3,2,4,3.77,0,0,TRUE
Male,Loyal Customer,54,Personal Travel,Eco,862,3,5,3,2,2,3,2,2,3,3,4,3,2,2.85,0,0,FALSE
Male,Loyal Customer,47,Business Travel,Eco Plus,399,4,5,5,5,4,4,4,4,4,3,1,5,4,4,0,0,TRUE
Female,Loyal Customer,25,Business Travel,Business,2260,3,3,3,3,3,3,3,3,4,5,3,3,3,3.23,6,20,FALSE
Female,Loyal Customer,54,Business Travel,Business,2739,1,1,1,1,3,2,5,5,5,5,5,3,2,3,0,8,TRUE
Female,Loyal Customer,63,Personal Travel,Eco,967,5,2,5,4,4,4,4,1,1,5,1,4,1,3.15,27,14,TRUE
Female,Disloyal Customer,25,Business Travel,Business,554,1,5,1,3,4,1,4,4,5,2,4,4,4,3.23,11,0,FALSE
Male,Loyal Customer,58,Business Travel,Business,2801,1,1,1,1,2,5,4,3,3,4,3,5,5,2.92,4,5,TRUE
Female,Loyal Customer,65,Personal Travel,Eco,515,2,5,2,1,3,4,5,4,4,2,2,5,3,3.23,45,41,FALSE
Female,Loyal Customer,24,Personal Travel,Eco,2475,1,3,0,3,3,0,3,3,2,3,2,3,3,2.23,0,0,FALSE
Male,Loyal Customer,25,Business Travel,Business,1521,3,3,3,3,5,5,5,5,1,2,1,4,5,3.46,0,0,TRUE
Female,Loyal Customer,37,Business Travel,Business,3326,4,4,4,4,5,3,5,4,4,4,4,5,2,4,0,0,TRUE
Female,Loyal Customer,39,Business Travel,Business,2561,1,5,5,5,1,4,4,1,1,1,1,4,3,2.77,108,111,FALSE
Male,Loyal Customer,48,Business Travel,Business,436,5,5,5,5,4,3,3,5,5,5,5,1,5,4.31,0,0,TRUE
Female,Loyal Customer,27,Business Travel,Business,2380,3,5,5,5,3,3,3,3,3,2,3,4,3,3.46,0,0,FALSE
Male,Loyal Customer,9,Personal Travel,Eco,1046,3,2,2,3,1,2,5,1,2,1,2,1,1,2,1,29,FALSE
Female,Loyal Customer,59,Business Travel,Business,1647,2,2,4,2,5,4,3,2,2,2,2,3,4,2.85,0,3,FALSE
Male,Loyal Customer,21,Personal Travel,Eco Plus,399,4,5,4,1,1,4,1,1,4,2,5,3,1,2.77,0,7,TRUE
Male,Loyal Customer,41,Personal Travel,Business,651,3,2,3,4,4,3,3,2,2,3,2,2,1,2.62,0,1,FALSE
Female,Loyal Customer,14,Personal Travel,Eco,1576,3,4,3,3,5,3,5,5,5,2,4,3,5,3.85,30,39,FALSE
Male,Disloyal Customer,25,Business Travel,Business,364,2,2,2,4,4,2,4,4,4,3,4,2,4,3.15,0,0,FALSE
Male,Loyal Customer,53,Business Travel,Business,429,1,1,1,1,2,4,1,4,4,4,4,2,5,2.62,0,5,TRUE
Male,Loyal Customer,58,Personal Travel,Eco,1300,1,4,1,4,2,1,2,2,4,2,3,4,2,2.46,0,0,FALSE
Male,Loyal Customer,16,Business Travel,Business,957,1,2,1,1,4,4,4,4,3,3,5,3,4,3,0,0,TRUE
Female,Loyal Customer,24,Business Travel,Eco Plus,1195,1,1,1,1,1,1,4,1,3,2,4,4,1,1.92,3,2,FALSE
Male,Loyal Customer,40,Business Travel,Business,621,1,1,4,1,4,5,4,5,5,5,5,3,4,3.62,0,0,TRUE
Female,Loyal Customer,23,Personal Travel,Business,2176,2,2,2,4,1,2,1,1,3,3,3,1,1,2,17,0,FALSE
Female,Loyal Customer,49,Business Travel,Business,2516,3,3,3,3,2,4,5,5,5,5,5,1,5,3.77,0,0,TRUE
Male,Loyal Customer,30,Personal Travel,Eco,1709,1,5,1,3,3,1,4,3,5,2,5,2,3,2.92,0,0,FALSE
Female,Loyal Customer,72,Business Travel,Business,1886,2,3,3,3,1,4,4,2,2,2,2,2,1,2.38,2,16,FALSE
Female,Loyal Customer,53,Business Travel,Eco Plus,746,4,5,4,5,2,3,2,5,5,4,5,3,4,3.92,0,0,FALSE
Male,Loyal Customer,31,Business Travel,Eco,296,0,0,0,2,5,0,5,5,3,1,1,3,5,2.31,0,0,TRUE
Female,Loyal Customer,51,Personal Travel,Eco Plus,1023,4,2,4,4,4,3,3,2,2,4,2,3,1,2.92,0,0,TRUE
Female,Loyal Customer,47,Personal Travel,Eco,183,5,4,5,3,5,5,4,3,3,5,3,4,4,4.08,11,14,TRUE
Female,Loyal Customer,25,Personal Travel,Eco,689,3,4,3,4,2,3,1,2,4,2,4,5,2,3,0,0,FALSE
Female,Loyal Customer,67,Personal Travel,Business,744,2,3,2,2,5,3,5,3,3,2,2,1,4,2.85,52,47,FALSE
Female,Loyal Customer,24,Personal Travel,Business,372,3,3,3,2,4,3,4,4,1,4,3,3,4,3.15,64,60,FALSE
Female,Loyal Customer,33,Business Travel,Eco,67,0,1,1,4,4,1,4,4,4,2,1,2,4,2.46,0,13,TRUE
Male,Loyal Customer,24,Personal Travel,Eco,337,3,4,3,3,4,3,3,4,4,5,5,5,4,3.85,108,116,FALSE
Male,Loyal Customer,43,Business Travel,Eco,1620,1,5,3,5,1,1,1,1,1,5,4,1,1,2.31,0,0,FALSE
Female,Loyal Customer,25,Personal Travel,Eco Plus,472,2,1,2,3,2,2,2,2,4,1,3,4,2,2.31,0,0,FALSE
Female,Loyal Customer,45,Business Travel,Business,337,1,1,1,1,4,4,5,5,5,5,5,4,3,3.38,15,9,TRUE
Male,Loyal Customer,51,Business Travel,Business,3591,3,3,3,3,4,1,2,4,4,4,4,1,5,3.15,4,0,TRUE
Female,Disloyal Customer,36,Business Travel,Eco,190,4,0,3,5,3,3,3,3,2,2,4,4,3,3,0,0,FALSE
Male,Disloyal Customer,29,Business Travel,Business,775,3,4,4,2,1,4,1,1,3,5,4,4,1,2.85,46,77,FALSE
Male,Loyal Customer,61,Business Travel,Business,2400,2,2,2,2,4,3,3,4,4,5,4,4,3,3.23,0,3,TRUE
Female,Loyal Customer,41,Business Travel,Business,2498,4,4,4,4,4,5,5,4,4,4,4,3,3,4,0,1,TRUE
Male,Loyal Customer,57,Business Travel,Eco,302,4,2,1,1,4,4,4,4,5,5,5,4,4,3.62,10,2,TRUE
Male,Loyal Customer,60,Business Travel,Business,1379,5,5,5,5,2,5,4,4,4,5,4,4,4,4.31,35,28,TRUE
Male,Loyal Customer,54,Business Travel,Business,899,4,4,4,4,3,5,4,4,4,4,4,4,3,3.92,0,0,TRUE
Female,Loyal Customer,27,Business Travel,Business,674,3,3,3,3,3,3,3,3,3,4,4,2,3,3.08,39,37,FALSE
Female,Loyal Customer,42,Business Travel,Business,944,2,2,2,2,2,5,4,3,3,3,3,3,3,2.85,7,0,TRUE
Male,Loyal Customer,27,Business Travel,Business,3255,5,5,5,5,4,4,4,4,4,3,4,4,4,4.23,16,0,TRUE
Male,Disloyal Customer,40,Business Travel,Business,2527,5,0,0,2,0,1,1,5,2,5,5,1,1,2.15,0,0,TRUE
Female,Disloyal Customer,37,Business Travel,Eco,192,2,0,2,2,5,2,5,5,1,1,2,5,5,2.85,0,0,FALSE
Male,Loyal Customer,14,Personal Travel,Eco,140,3,3,3,3,3,3,3,3,2,4,1,2,3,2.77,29,24,FALSE
Male,Loyal Customer,49,Business Travel,Eco,842,2,5,5,5,2,2,2,2,1,3,3,2,2,2.77,0,0,FALSE
Male,Disloyal Customer,11,Business Travel,Business,1069,3,1,4,4,2,4,2,2,1,2,4,2,2,2.54,14,9,FALSE
Female,Loyal Customer,34,Business Travel,Business,3840,2,5,3,3,1,3,2,2,2,2,2,2,3,2.46,35,46,FALSE
Male,Loyal Customer,57,Business Travel,Business,2303,3,3,3,3,5,5,4,5,5,5,5,4,4,4.15,8,0,TRUE
Male,Loyal Customer,25,Business Travel,Business,829,1,1,1,1,3,5,3,3,2,1,2,2,3,2.15,53,37,TRUE
Female,Loyal Customer,51,Business Travel,Business,1670,3,3,3,3,3,5,4,2,2,2,2,3,3,2.92,5,0,TRUE
Male,Disloyal Customer,56,Business Travel,Eco,554,3,5,3,3,5,3,5,5,5,2,1,5,5,3.85,0,5,FALSE
Male,Disloyal Customer,24,Business Travel,Eco,263,3,1,3,4,2,3,5,2,2,2,4,3,2,2.77,1,7,FALSE
Female,Loyal Customer,46,Business Travel,Business,479,3,3,2,3,3,5,4,5,5,5,5,5,4,4,0,0,TRUE
Male,Loyal Customer,37,Business Travel,Business,3741,4,4,4,4,2,4,5,4,4,4,5,4,5,4.08,0,0,TRUE
Female,Loyal Customer,46,Personal Travel,Business,173,2,4,2,2,5,3,4,4,4,2,4,3,3,3.23,3,1,FALSE
Male,Loyal Customer,59,Personal Travel,Eco,391,2,4,2,5,2,2,1,2,3,4,4,3,2,2.77,3,0,FALSE
Female,Loyal Customer,54,Personal Travel,Eco,1437,3,5,3,1,5,3,4,3,3,3,3,5,3,3.38,41,31,FALSE
Male,Loyal Customer,21,Business Travel,Business,364,3,3,3,3,5,5,5,5,4,3,5,4,5,4.08,0,0,TRUE
Female,Loyal Customer,54,Business Travel,Business,945,4,4,4,4,1,3,2,5,5,5,5,5,1,3.69,0,19,TRUE
Female,Loyal Customer,52,Business Travel,Eco,1620,5,3,3,3,2,5,4,5,5,5,5,5,2,4,0,0,TRUE
Male,Loyal Customer,54,Personal Travel,Eco,502,3,5,3,2,2,3,2,2,4,2,5,3,2,2.92,0,23,FALSE
Male,Loyal Customer,49,Personal Travel,Eco,1085,2,4,2,3,2,2,2,2,2,4,4,3,2,2.62,0,0,FALSE
Female,Loyal Customer,28,Business Travel,Business,2675,3,3,3,3,4,4,4,4,5,3,2,4,4,3.54,0,0,TRUE
Female,Loyal Customer,66,Personal Travel,Eco,689,3,5,4,4,5,5,4,3,3,4,3,3,4,3.85,0,3,FALSE
Female,Loyal Customer,19,Business Travel,Business,980,3,4,3,4,3,2,3,3,2,1,3,4,3,2.92,70,117,FALSE
Male,Loyal Customer,29,Personal Travel,Eco,1448,1,2,1,3,4,1,4,4,4,4,3,4,4,3,0,0,FALSE
Male,Loyal Customer,13,Personal Travel,Eco,604,1,5,1,2,2,1,2,2,5,3,4,3,2,2.54,0,0,FALSE
Female,Loyal Customer,21,Personal Travel,Eco,337,5,5,5,5,5,5,5,5,2,2,3,4,5,4.31,0,3,TRUE
Female,Loyal Customer,40,Business Travel,Business,2613,3,3,3,3,4,5,5,4,4,4,4,3,5,3.85,6,8,TRUE
Female,Loyal Customer,33,Business Travel,Business,2986,2,5,5,5,4,4,4,2,2,2,2,4,4,3.46,9,0,FALSE
Male,Loyal Customer,34,Business Travel,Business,748,4,4,5,4,3,1,3,5,5,5,5,1,5,3.85,0,0,TRUE
Male,Disloyal Customer,8,Business Travel,Business,2640,2,2,2,4,5,2,5,5,1,5,3,4,5,3.46,0,0,FALSE
Male,Loyal Customer,22,Business Travel,Eco Plus,1013,2,5,5,5,2,2,1,2,3,1,4,1,2,2.69,0,14,FALSE
Male,Loyal Customer,35,Personal Travel,Eco,390,2,2,2,3,1,2,1,1,3,2,3,3,1,2,0,15,FALSE
Female,Loyal Customer,26,Personal Travel,Eco,888,4,5,4,4,5,4,5,5,3,4,5,3,5,4.31,36,35,FALSE
Male,Loyal Customer,44,Business Travel,Business,765,3,5,2,5,4,2,3,3,3,3,3,4,2,3.23,0,7,FALSE
Male,Loyal Customer,19,Personal Travel,Eco,515,3,5,3,5,3,3,2,3,4,4,4,3,3,3.46,0,0,FALSE
Male,Loyal Customer,40,Business Travel,Business,440,1,1,4,1,5,2,4,3,3,3,3,2,2,2.62,0,0,TRUE
Male,Loyal Customer,41,Business Travel,Business,255,4,3,2,3,1,4,3,4,4,4,4,1,2,3,0,0,FALSE
Male,Loyal Customer,8,Personal Travel,Eco,270,4,4,4,4,1,4,1,1,3,3,4,5,1,3,1,0,FALSE
Female,Loyal Customer,25,Business Travel,Business,544,3,1,1,1,3,3,3,3,1,4,3,2,3,2.38,27,38,FALSE
Female,Disloyal Customer,11,Business Travel,Business,1089,4,5,5,3,2,5,2,2,5,3,4,5,2,3.62,0,0,TRUE
Male,Loyal Customer,44,Business Travel,Eco Plus,671,1,1,3,3,2,1,2,2,3,1,3,3,2,2.08,29,5,FALSE
Male,Loyal Customer,23,Business Travel,Business,1172,4,4,4,4,4,5,4,4,3,2,5,5,4,4,0,0,TRUE
Male,Disloyal Customer,16,Business Travel,Eco,590,2,0,2,2,2,2,3,2,4,2,2,5,2,2.31,0,28,FALSE
Female,Loyal Customer,49,Business Travel,Business,3490,2,2,2,2,4,4,5,5,5,5,5,3,4,3.69,0,0,TRUE
Male,Loyal Customer,61,Personal Travel,Eco,449,3,4,3,3,3,3,3,3,4,2,5,5,3,3.38,0,0,FALSE
Female,Loyal Customer,15,Personal Travel,Eco,307,2,5,2,3,4,2,5,4,5,5,2,2,4,3.46,29,27,FALSE
Female,Disloyal Customer,27,Business Travel,Eco,451,2,2,2,4,1,2,1,1,4,5,4,1,1,2.31,68,61,FALSE
Female,Loyal Customer,37,Personal Travel,Eco,912,4,5,4,5,4,2,4,1,4,1,1,4,4,3.31,207,188,FALSE
Male,Loyal Customer,45,Personal Travel,Business,930,2,4,2,5,3,4,5,4,4,2,4,3,3,3.46,0,0,FALSE
Male,Loyal Customer,56,Business Travel,Business,925,4,4,4,4,5,5,5,5,5,5,5,4,5,4.62,13,0,TRUE
Female,Disloyal Customer,44,Business Travel,Business,731,5,5,5,5,1,5,1,1,3,5,5,3,1,3.46,0,5,TRUE
Female,Loyal Customer,28,Business Travel,Business,728,3,3,3,3,4,4,4,4,4,5,4,4,4,3.77,0,0,TRUE
Male,Loyal Customer,56,Personal Travel,Eco,1499,4,2,4,4,4,4,4,4,1,2,3,1,4,3.15,9,26,FALSE
Female,Loyal Customer,39,Business Travel,Business,3183,5,5,5,5,4,4,3,5,5,5,5,4,2,4.38,0,7,TRUE
Male,Loyal Customer,57,Business Travel,Business,1882,3,3,2,3,5,5,4,3,3,3,3,3,3,3.31,0,0,TRUE
Female,Loyal Customer,47,Business Travel,Business,2867,3,3,3,3,5,4,4,4,4,4,4,3,3,3.62,0,17,TRUE
Male,Loyal Customer,10,Personal Travel,Eco,246,1,5,1,4,4,1,4,4,3,5,4,4,4,3.38,80,95,FALSE
Male,Disloyal Customer,26,Business Travel,Eco,628,4,2,4,2,1,4,1,1,1,1,1,3,1,2,23,42,FALSE
Female,Loyal Customer,52,Business Travel,Business,323,4,4,4,4,3,5,5,4,4,4,4,3,3,3.92,0,0,TRUE
Male,Loyal Customer,51,Personal Travel,Business,952,2,2,2,4,3,3,4,4,4,2,4,2,4,3.08,0,0,FALSE
Female,Loyal Customer,19,Business Travel,Business,2422,4,4,4,4,3,4,3,3,5,2,5,3,3,3.62,2,0,TRUE
Male,Loyal Customer,42,Business Travel,Business,3429,1,1,1,1,5,4,5,5,5,5,5,5,3,3.54,0,5,TRUE
Male,Loyal Customer,66,Business Travel,Eco,1000,4,2,2,2,4,4,4,4,2,2,1,2,4,2.85,7,0,TRUE
Male,Loyal Customer,32,Business Travel,Business,1046,3,4,3,3,5,5,5,5,5,5,2,4,5,4.15,25,18,TRUE
Male,Disloyal Customer,34,Business Travel,Business,414,3,2,2,4,3,2,3,3,1,4,4,3,3,2.85,8,3,FALSE
Male,Loyal Customer,36,Business Travel,Business,1199,2,5,5,5,4,4,4,2,2,2,2,2,1,3.08,0,0,FALSE
Female,Disloyal Customer,40,Business Travel,Business,153,5,5,5,2,4,5,1,4,2,2,3,3,4,3.46,50,47,TRUE
Male,Loyal Customer,58,Business Travel,Business,1620,1,1,1,1,5,4,4,5,5,5,5,5,3,3.46,12,0,TRUE
Female,Disloyal Customer,30,Business Travel,Business,692,2,2,2,2,3,2,3,3,3,4,4,3,3,2.77,1,0,FALSE
Female,Loyal Customer,15,Personal Travel,Eco,926,2,5,2,2,4,2,4,4,3,2,4,3,4,3.15,7,0,FALSE
Female,Loyal Customer,34,Business Travel,Eco Plus,946,4,4,4,4,4,4,4,4,1,3,4,2,4,3.54,24,12,TRUE
Female,Loyal Customer,47,Business Travel,Business,680,3,3,5,3,4,3,3,3,3,3,3,2,1,3,37,32,FALSE
Male,Disloyal Customer,8,Business Travel,Eco,1192,3,3,3,2,3,3,5,3,1,1,3,3,3,2.77,0,0,FALSE
Male,Loyal Customer,21,Personal Travel,Eco,844,4,4,4,2,2,4,2,2,5,5,5,5,2,3.54,0,0,FALSE
Male,Loyal Customer,51,Personal Travel,Eco,331,1,5,1,2,5,1,5,5,2,2,1,2,5,2.85,0,0,FALSE
Male,Disloyal Customer,22,Business Travel,Eco,2586,1,1,1,1,1,2,2,4,4,4,5,2,2,2.31,43,57,FALSE
Male,Loyal Customer,39,Personal Travel,Eco,594,4,5,4,2,1,4,1,1,1,2,4,1,1,2.38,4,7,TRUE
Male,Loyal Customer,44,Business Travel,Business,1727,2,1,4,4,5,3,3,2,2,2,2,1,1,2.46,0,0,FALSE
Female,Loyal Customer,50,Business Travel,Business,3567,2,3,5,3,4,2,2,2,2,2,2,4,3,2.77,6,23,FALSE
Female,Loyal Customer,80,Business Travel,Eco,495,4,3,5,3,3,4,3,4,4,4,4,4,1,3.54,11,22,FALSE
Male,Loyal Customer,46,Business Travel,Business,829,2,2,2,2,4,3,2,4,4,4,4,3,4,3.08,0,0,TRUE
Female,Disloyal Customer,38,Business Travel,Eco,577,2,2,3,3,3,3,3,3,2,2,4,3,3,2.77,0,0,FALSE
Female,Loyal Customer,67,Business Travel,Business,2248,1,3,3,3,1,1,1,3,3,1,3,1,1,1.92,290,271,FALSE
Male,Loyal Customer,19,Business Travel,Business,4502,2,1,2,2,2,2,2,3,5,1,2,2,2,2.15,12,42,FALSE
Female,Loyal Customer,73,Business Travel,Business,116,3,2,2,2,5,4,4,2,2,2,3,3,1,2.69,0,0,FALSE
Female,Loyal Customer,22,Business Travel,Business,1576,2,2,2,2,2,2,2,2,2,4,4,3,2,2.38,1,0,FALSE
Male,Loyal Customer,30,Business Travel,Eco Plus,323,4,4,4,4,4,4,4,4,2,2,2,2,4,3.38,0,0,FALSE
Female,Loyal Customer,19,Personal Travel,Eco,366,4,4,4,5,1,4,1,1,3,3,4,3,1,2.92,48,44,FALSE
Male,Loyal Customer,8,Personal Travel,Eco,239,3,5,3,1,2,3,4,2,4,3,5,4,2,3.15,38,30,FALSE
Female,Loyal Customer,54,Business Travel,Business,3207,4,4,4,4,5,5,5,5,5,4,5,5,5,4.62,0,0,TRUE
Male,Loyal Customer,16,Personal Travel,Eco Plus,787,3,4,3,2,4,3,4,4,5,2,5,3,4,3.54,0,1,FALSE
Female,Loyal Customer,50,Business Travel,Business,237,2,2,2,2,4,4,4,5,5,5,5,4,3,3.62,0,0,TRUE
Female,Loyal Customer,28,Business Travel,Business,1500,3,3,3,3,4,4,4,4,5,5,4,3,4,3.77,9,8,TRUE
Male,Loyal Customer,57,Business Travel,Business,3770,1,1,1,1,2,4,3,1,1,1,1,3,4,1.85,0,0,FALSE
Male,Loyal Customer,35,Personal Travel,Eco,1053,2,4,2,3,3,2,3,3,5,5,5,3,3,3.31,4,1,FALSE
Female,Loyal Customer,39,Business Travel,Business,1671,5,5,5,5,4,5,5,4,4,4,4,3,5,4.46,0,0,TRUE
Male,Loyal Customer,55,Business Travel,Business,2472,3,3,3,3,2,5,5,4,4,4,4,5,1,3.54,0,0,TRUE
Male,Loyal Customer,39,Business Travel,Business,2371,2,2,5,2,4,4,4,5,5,5,5,4,3,3.85,21,17,TRUE
Male,Disloyal Customer,23,Business Travel,Business,587,4,0,4,3,4,3,3,5,3,4,4,3,3,3.31,152,149,TRUE
Female,Loyal Customer,41,Business Travel,Business,502,2,4,3,4,5,4,4,2,2,2,2,2,1,2.85,7,5,FALSE
Male,Loyal Customer,53,Business Travel,Business,1663,1,1,1,1,2,4,4,4,4,4,4,3,3,2.77,14,5,TRUE
Female,Loyal Customer,59,Business Travel,Business,1586,5,5,5,5,3,5,4,5,5,5,3,4,3,4.38,0,2,TRUE
Male,Loyal Customer,24,Personal Travel,Eco,337,4,5,4,4,4,4,4,4,3,3,4,3,4,3.85,3,3,FALSE
Male,Loyal Customer,54,Business Travel,Business,802,3,3,3,3,5,4,5,4,4,4,4,5,3,3.85,6,7,TRUE
Male,Loyal Customer,52,Business Travel,Business,641,3,3,3,3,4,4,4,5,5,5,5,4,5,4.08,22,17,TRUE
Female,Disloyal Customer,26,Business Travel,Business,731,3,5,3,1,1,3,1,1,4,2,5,5,1,2.69,17,8,FALSE
Male,Loyal Customer,31,Business Travel,Eco,390,2,5,4,5,2,2,2,2,1,3,3,2,2,2.69,31,37,FALSE
Female,Disloyal Customer,45,Business Travel,Eco,409,4,4,4,4,1,4,4,1,4,2,4,3,1,3.08,52,51,FALSE
Female,Loyal Customer,29,Business Travel,Business,2521,2,4,4,4,2,2,2,3,1,2,4,2,2,2.62,92,136,FALSE
Female,Loyal Customer,68,Personal Travel,Eco,370,3,4,3,1,2,5,5,5,5,3,5,1,1,3.31,12,5,FALSE
Female,Disloyal Customer,36,Business Travel,Eco,507,2,2,2,3,5,2,5,5,3,1,3,2,5,3.08,0,0,FALSE
Female,Loyal Customer,46,Business Travel,Eco,269,4,4,4,4,5,1,2,4,4,4,4,1,1,3.23,39,37,TRUE
Female,Loyal Customer,57,Personal Travel,Eco,293,4,4,4,4,5,3,3,3,3,4,3,4,4,3.69,0,3,TRUE
Female,Loyal Customer,20,Personal Travel,Business,137,3,0,3,2,3,3,5,3,5,2,3,5,3,3.08,2,29,FALSE
Male,Loyal Customer,25,Personal Travel,Eco,1542,2,4,2,2,1,2,1,1,5,4,3,3,1,2.38,0,0,FALSE
Female,Loyal Customer,56,Business Travel,Eco,1052,2,2,4,2,3,4,4,2,2,2,2,4,1,2.62,5,0,FALSE
Female,Loyal Customer,70,Personal Travel,Eco Plus,737,5,4,5,5,5,4,5,1,1,5,1,5,5,3.92,0,0,TRUE
Male,Loyal Customer,74,Business Travel,Business,236,1,2,2,2,2,4,3,1,1,1,1,1,1,1.69,0,0,FALSE
Female,Loyal Customer,36,Business Travel,Eco,1224,4,1,1,1,4,4,4,4,3,1,2,5,4,2.92,0,0,TRUE
Female,Loyal Customer,16,Personal Travel,Eco,2611,4,3,4,1,4,4,5,4,1,4,4,3,4,3.46,6,9,TRUE
Female,Loyal Customer,52,Business Travel,Business,2196,5,5,5,5,4,4,4,4,4,5,4,5,3,4.38,10,2,TRUE
Male,Loyal Customer,62,Personal Travel,Eco,210,2,2,2,2,5,2,4,5,1,2,1,1,5,2.62,50,51,FALSE
Female,Loyal Customer,28,Personal Travel,Eco,265,3,1,3,3,2,3,2,2,3,4,3,4,2,2.69,49,37,FALSE
Female,Loyal Customer,44,Personal Travel,Eco,354,3,4,3,4,2,4,3,4,4,3,2,4,4,3.38,53,49,FALSE
Male,Disloyal Customer,47,Business Travel,Business,829,3,3,3,2,4,3,4,4,5,3,5,5,4,3.69,0,0,FALSE
Female,Loyal Customer,57,Business Travel,Business,1598,4,4,4,4,3,5,4,4,4,4,4,3,3,3.85,3,0,TRUE
Female,Loyal Customer,61,Personal Travel,Eco,862,3,4,3,2,4,4,5,3,3,3,3,4,5,3.54,10,33,FALSE
Female,Loyal Customer,40,Business Travel,Business,1693,1,1,1,1,4,5,5,4,4,4,4,3,3,3.08,20,30,TRUE
Male,Loyal Customer,46,Business Travel,Eco,240,2,4,4,4,2,2,2,2,3,5,3,4,2,3,48,47,FALSE
Male,Disloyal Customer,46,Business Travel,Business,1189,5,5,5,2,3,5,3,3,2,5,4,4,3,3.77,0,0,TRUE
Female,Loyal Customer,47,Business Travel,Business,2618,4,4,5,4,3,5,5,4,4,4,4,5,3,4.15,7,5,TRUE
Female,Disloyal Customer,37,Business Travel,Eco Plus,345,2,2,2,3,3,2,3,3,3,3,4,3,3,2.77,44,36,FALSE
Male,Loyal Customer,43,Business Travel,Business,319,4,4,4,4,5,4,4,5,5,5,5,4,5,4.46,0,0,TRUE
Female,Loyal Customer,30,Personal Travel,Eco,541,3,2,3,4,3,3,3,3,4,2,3,4,3,3.08,0,0,FALSE
Male,Loyal Customer,66,Personal Travel,Eco,529,3,4,3,5,1,3,1,1,3,5,5,3,1,2.92,17,4,FALSE
Male,Loyal Customer,37,Business Travel,Eco,577,1,3,3,3,1,1,1,1,4,2,1,2,1,1.85,27,28,FALSE
Female,Loyal Customer,43,Business Travel,Business,1084,4,5,5,5,5,3,3,4,4,4,4,2,2,3.85,8,0,FALSE
Male,Disloyal Customer,45,Business Travel,Business,460,2,2,2,5,5,2,3,5,5,5,4,5,5,3.85,0,0,FALSE
Female,Loyal Customer,57,Business Travel,Eco,771,5,4,2,4,4,3,1,5,5,5,5,1,3,3.62,0,0,TRUE
Male,Loyal Customer,54,Business Travel,Business,3180,5,5,5,5,3,4,5,5,5,5,5,4,5,4.69,41,28,TRUE
Female,Loyal Customer,57,Business Travel,Business,1199,4,4,4,4,2,4,4,4,4,4,4,4,4,3.85,0,0,TRUE
Male,Loyal Customer,32,Business Travel,Business,196,2,2,2,2,4,4,5,4,4,3,5,4,4,3.46,18,30,TRUE
Male,Loyal Customer,41,Business Travel,Business,1555,5,5,5,5,3,4,5,5,5,5,5,4,4,4.62,0,0,TRUE
Male,Loyal Customer,59,Business Travel,Business,3775,3,3,3,3,2,4,4,4,4,5,4,4,5,3.69,0,0,TRUE
Male,Loyal Customer,52,Business Travel,Eco,304,4,2,2,2,4,4,4,4,1,5,3,3,4,3.23,0,2,FALSE
Male,Loyal Customer,56,Personal Travel,Eco,479,4,5,4,4,3,4,3,3,4,4,4,3,3,3.69,26,18,FALSE
Male,Loyal Customer,41,Personal Travel,Eco,584,3,4,3,5,2,3,2,2,4,4,5,5,2,3.38,0,0,FALSE
Female,Loyal Customer,43,Business Travel,Business,3076,5,5,5,5,5,5,4,5,5,5,5,4,4,4.77,0,0,TRUE
Male,Disloyal Customer,29,Business Travel,Business,775,3,3,3,3,5,3,3,5,3,1,4,4,5,3.46,0,0,FALSE
Male,Loyal Customer,45,Business Travel,Business,2629,5,5,5,5,2,5,5,4,4,4,4,5,5,4.46,0,0,TRUE
Female,Loyal Customer,52,Business Travel,Business,3696,1,2,1,1,3,4,4,4,4,4,4,3,5,3.08,71,70,TRUE
Female,Loyal Customer,41,Business Travel,Eco,528,3,4,4,4,3,3,3,3,1,2,4,4,3,3.15,0,0,FALSE
Female,Loyal Customer,36,Business Travel,Eco,602,3,3,3,3,3,2,3,3,2,3,4,4,3,3,10,14,FALSE
Male,Loyal Customer,38,Personal Travel,Eco,304,3,4,3,2,3,3,3,3,4,2,4,4,3,3.15,8,8,FALSE
Male,Loyal Customer,25,Business Travel,Business,3146,1,1,3,1,4,4,4,4,5,2,4,4,4,3.15,5,0,TRUE
Female,Loyal Customer,58,Business Travel,Eco,770,4,2,2,2,5,3,1,4,4,4,4,4,3,3.23,16,10,TRUE
Male,Loyal Customer,53,Business Travel,Eco,247,4,1,1,1,4,4,4,4,2,4,3,5,4,3.15,0,0,TRUE
Female,Loyal Customer,38,Business Travel,Business,3300,4,4,4,4,2,5,5,5,5,5,5,4,4,4.31,27,27,TRUE
Female,Loyal Customer,52,Personal Travel,Eco,957,1,5,2,3,4,5,4,2,2,2,2,5,3,3.08,43,42,FALSE
Female,Loyal Customer,19,Business Travel,Business,2288,2,2,2,2,5,4,5,5,3,4,4,3,5,3.54,5,0,TRUE
Female,Loyal Customer,43,Business Travel,Business,979,3,3,3,3,3,5,4,5,5,5,5,4,5,4.08,34,29,TRUE
Male,Disloyal Customer,17,Business Travel,Eco,964,3,4,4,1,3,4,5,3,3,3,4,4,3,3.38,4,0,FALSE
Female,Loyal Customer,40,Business Travel,Business,2704,5,5,5,5,3,5,2,4,4,4,4,5,3,4.15,0,0,TRUE
Male,Loyal Customer,30,Business Travel,Eco,199,1,4,4,4,1,1,1,1,4,4,3,2,1,2.38,59,50,FALSE
Male,Loyal Customer,47,Business Travel,Business,2255,2,4,4,4,5,2,2,2,2,2,2,1,2,2.62,6,5,FALSE
Female,Loyal Customer,47,Business Travel,Business,997,3,3,3,3,3,4,4,4,4,4,4,4,3,3.54,0,0,TRUE
Female,Loyal Customer,44,Business Travel,Eco Plus,399,2,5,5,5,4,3,3,2,2,2,2,1,4,3.08,0,0,FALSE
Male,Loyal Customer,48,Business Travel,Business,1652,3,3,3,3,3,5,4,5,5,5,5,5,4,4.08,17,37,TRUE
Female,Loyal Customer,52,Business Travel,Business,3708,0,0,0,4,4,5,5,1,1,1,1,3,4,2.23,4,0,TRUE
Female,Disloyal Customer,28,Business Travel,Eco,954,3,2,2,2,2,2,2,2,3,4,3,5,2,2.62,0,3,FALSE
Male,Disloyal Customer,30,Business Travel,Eco,894,4,4,4,5,3,4,3,3,1,3,1,2,3,3.08,0,0,FALSE
Male,Disloyal Customer,30,Business Travel,Eco,406,3,3,3,3,2,3,2,2,1,3,3,1,2,2.38,20,19,FALSE
Male,Loyal Customer,47,Personal Travel,Eco,220,1,3,1,1,3,1,3,3,5,3,3,5,3,2.69,15,12,FALSE
Female,Loyal Customer,16,Business Travel,Eco Plus,250,3,2,2,2,3,3,2,3,2,3,3,2,3,2.54,0,0,FALSE
Female,Disloyal Customer,17,Business Travel,Eco,3365,3,3,3,4,3,4,4,2,4,4,4,4,4,3.54,0,0,FALSE
Female,Loyal Customer,41,Business Travel,Business,2920,1,1,1,1,2,4,4,4,4,4,4,3,4,2.85,0,0,TRUE
Female,Loyal Customer,59,Business Travel,Business,545,5,5,5,5,2,4,5,4,4,4,4,3,3,4.08,0,0,TRUE
Male,Disloyal Customer,39,Business Travel,Eco,325,3,4,3,3,3,3,3,3,4,2,3,3,3,3.08,0,7,FALSE
Male,Disloyal Customer,26,Business Travel,Business,666,1,0,0,4,1,0,1,1,4,5,4,4,1,2,45,39,FALSE
Male,Loyal Customer,54,Personal Travel,Eco,588,3,2,3,3,4,3,4,4,2,3,4,1,4,3.08,45,101,FALSE
Male,Loyal Customer,47,Personal Travel,Eco,1242,3,5,3,5,3,3,3,3,5,2,5,3,3,3.54,0,14,FALSE
Male,Disloyal Customer,23,Business Travel,Eco,325,1,1,1,4,1,1,1,1,2,2,4,4,1,1.85,0,0,FALSE
Female,Loyal Customer,30,Business Travel,Business,1511,3,3,3,3,4,5,4,4,5,5,5,3,4,3.92,0,35,TRUE
Female,Disloyal Customer,20,Business Travel,Eco Plus,1400,2,3,2,3,2,2,2,2,2,1,4,1,2,2.15,6,0,FALSE
Male,Disloyal Customer,62,Business Travel,Eco,109,3,4,3,3,5,3,4,5,4,3,4,2,5,3.69,0,4,FALSE
Female,Loyal Customer,47,Personal Travel,Eco,1449,3,4,3,2,1,2,1,3,3,3,1,1,4,2.38,19,12,FALSE
Female,Loyal Customer,66,Personal Travel,Eco Plus,102,3,2,0,4,2,3,4,2,2,0,2,3,3,2.31,0,5,FALSE
Female,Loyal Customer,18,Personal Travel,Eco,919,2,3,2,2,3,2,3,3,4,2,5,3,3,2.85,0,0,FALSE
Female,Loyal Customer,42,Business Travel,Business,2415,3,4,3,3,5,5,5,5,5,5,5,3,3,4.15,8,0,TRUE
Male,Loyal Customer,7,Personal Travel,Eco,803,3,2,3,3,4,3,4,4,4,1,3,4,4,3.23,0,0,FALSE
Male,Loyal Customer,41,Business Travel,Business,2203,1,1,1,1,2,5,4,4,4,4,4,4,4,3,0,0,TRUE
Male,Loyal Customer,32,Business Travel,Eco Plus,306,1,2,2,2,1,1,1,1,4,4,3,3,1,2,14,26,FALSE
Female,Disloyal Customer,26,Business Travel,Eco,192,3,2,4,3,2,4,2,2,1,5,3,2,2,2.69,2,2,FALSE
Male,Loyal Customer,31,Personal Travel,Eco Plus,1105,2,2,2,4,4,2,4,4,3,2,3,1,4,2.85,0,6,FALSE
Male,Loyal Customer,49,Business Travel,Eco Plus,240,4,4,4,4,5,4,5,5,5,1,1,4,5,3.92,0,0,TRUE
Female,Loyal Customer,36,Business Travel,Eco,1222,4,1,5,1,4,4,4,4,3,5,3,1,4,3.31,0,0,TRUE
Male,Disloyal Customer,44,Business Travel,Eco,441,2,0,2,4,2,1,1,5,1,3,5,1,1,2.15,247,237,FALSE
Female,Loyal Customer,34,Business Travel,Business,2131,1,5,5,5,5,4,3,1,1,1,1,2,1,2.69,14,20,FALSE
Female,Loyal Customer,45,Business Travel,Business,2419,4,4,2,4,5,5,5,3,4,5,5,5,5,4.31,0,0,TRUE
Female,Loyal Customer,44,Business Travel,Business,235,2,2,2,2,1,4,4,2,2,2,2,1,3,2.23,25,36,FALSE
Female,Loyal Customer,63,Personal Travel,Eco,315,2,5,2,4,3,1,2,4,4,2,4,1,3,2.85,0,0,FALSE
Male,Disloyal Customer,22,Business Travel,Eco,1014,4,4,4,2,2,4,2,2,2,3,2,4,2,2.85,0,6,TRUE
Male,Disloyal Customer,24,Business Travel,Eco,1325,1,1,1,1,3,1,3,3,5,5,4,5,3,2.77,10,0,FALSE
Female,Disloyal Customer,14,Business Travel,Eco,1353,5,5,5,3,3,5,3,3,4,3,3,3,3,3.69,2,0,TRUE
Male,Disloyal Customer,26,Business Travel,Business,316,3,0,3,2,4,3,4,4,5,5,4,3,4,3.38,35,36,FALSE
Male,Loyal Customer,56,Business Travel,Business,474,3,3,3,3,1,4,4,4,4,4,4,5,4,3.54,0,0,TRUE
Female,Disloyal Customer,18,Business Travel,Eco,227,3,3,3,1,4,3,4,4,1,2,4,3,4,3,0,0,FALSE
Male,Loyal Customer,38,Business Travel,Business,143,3,3,4,3,1,1,2,5,5,5,4,4,1,3.15,0,24,TRUE
Male,Loyal Customer,50,Personal Travel,Eco,351,2,5,2,1,1,2,1,1,4,4,4,3,1,2.38,0,0,FALSE
Male,Loyal Customer,63,Personal Travel,Eco,1085,2,5,1,4,3,1,4,3,4,4,4,5,3,3.31,4,6,FALSE
Male,Disloyal Customer,27,Business Travel,Eco,899,1,1,1,4,5,1,5,5,2,5,4,2,5,3.15,0,0,FALSE
Female,Loyal Customer,68,Business Travel,Eco,1009,1,3,3,3,4,4,3,1,1,1,1,1,3,2.23,0,3,FALSE
Female,Loyal Customer,48,Business Travel,Business,2018,5,5,5,5,5,5,4,4,4,4,4,5,3,4.46,7,3,TRUE
Male,Loyal Customer,45,Personal Travel,Eco,793,3,4,3,1,1,3,1,1,4,3,5,3,1,2.54,36,30,FALSE
Male,Loyal Customer,35,Personal Travel,Eco,802,3,2,3,3,1,3,1,1,3,5,4,3,1,2.54,0,0,FALSE
Female,Loyal Customer,44,Business Travel,Eco,1444,1,4,4,4,2,2,2,1,1,1,1,3,4,2.31,16,0,FALSE
Male,Disloyal Customer,29,Business Travel,Business,2704,3,3,3,2,5,3,5,5,4,4,4,1,5,3.62,0,0,FALSE
Female,Disloyal Customer,80,Business Travel,Business,612,1,1,1,1,2,5,2,1,1,1,1,5,1,1.77,0,7,FALSE
Female,Loyal Customer,28,Business Travel,Eco Plus,2342,3,2,2,2,3,3,3,3,4,5,3,2,3,2.92,77,54,FALSE
Female,Loyal Customer,39,Personal Travel,Eco,1751,5,4,5,3,4,5,4,4,1,4,3,4,4,3.85,15,14,TRUE
Male,Loyal Customer,54,Business Travel,Eco,235,4,4,3,4,4,4,4,4,5,1,4,1,4,3.54,0,0,TRUE
Female,Loyal Customer,31,Business Travel,Business,3160,3,1,1,1,3,3,3,3,2,2,4,1,3,2.31,85,78,FALSE
Male,Loyal Customer,42,Personal Travel,Eco Plus,786,3,4,3,2,4,3,4,4,5,2,4,4,4,3.54,0,0,FALSE
Male,Disloyal Customer,18,Business Travel,Eco,850,4,4,4,4,4,4,4,4,4,2,5,4,4,3.92,50,39,TRUE
Male,Loyal Customer,23,Personal Travel,Eco Plus,577,3,5,3,3,4,3,4,4,3,4,5,3,4,3.69,7,0,FALSE
Male,Loyal Customer,11,Personal Travel,Eco,429,4,1,4,3,5,4,5,5,2,3,3,1,5,3.46,0,0,FALSE
Male,Loyal Customer,33,Business Travel,Eco Plus,645,4,5,5,5,4,4,4,4,2,1,4,4,4,3.85,44,37,TRUE
Male,Loyal Customer,75,Business Travel,Business,2939,3,3,3,3,5,4,4,1,5,3,5,4,4,3.62,157,183,TRUE
Female,Disloyal Customer,22,Business Travel,Business,2586,4,2,4,5,3,4,3,3,4,4,3,5,3,3.62,0,0,TRUE
Male,Disloyal Customer,41,Business Travel,Business,651,4,4,4,4,3,4,3,3,4,2,5,5,3,3.69,8,2,TRUE
Female,Disloyal Customer,38,Business Travel,Eco,437,5,0,5,3,5,5,5,5,1,1,4,1,5,3.46,0,0,TRUE
Male,Loyal Customer,33,Personal Travel,Eco,453,3,1,3,2,5,3,5,5,4,5,3,3,5,3.62,0,0,FALSE
Female,Loyal Customer,32,Personal Travel,Eco,1851,3,1,3,2,4,3,4,4,4,5,3,4,4,3.38,1,0,FALSE
Male,Loyal Customer,59,Business Travel,Business,1535,1,1,1,1,4,4,5,3,3,3,3,3,4,2.77,0,0,TRUE
Male,Loyal Customer,62,Personal Travel,Eco,308,1,2,1,4,2,1,2,2,1,1,4,3,2,2,9,5,FALSE
Female,Loyal Customer,17,Business Travel,Business,621,3,3,3,3,2,2,2,2,4,2,3,5,2,2.77,2,0,TRUE
Male,Loyal Customer,30,Personal Travel,Business,366,3,2,3,3,1,3,1,1,1,5,4,3,1,2.38,14,21,FALSE
Male,Loyal Customer,59,Business Travel,Eco,352,5,3,3,3,5,5,5,5,2,3,4,1,5,3.77,92,96,TRUE
Female,Loyal Customer,58,Business Travel,Eco Plus,447,4,5,3,5,1,3,5,4,4,4,4,3,1,3.54,0,0,TRUE
Female,Disloyal Customer,29,Business Travel,Eco,651,2,0,1,3,4,1,1,4,3,5,2,2,4,2.46,0,0,FALSE
Female,Loyal Customer,41,Business Travel,Eco,391,1,2,2,2,1,1,1,1,1,4,3,4,1,1.85,20,23,FALSE
Female,Loyal Customer,43,Business Travel,Business,3020,5,5,1,5,5,4,4,4,4,4,4,5,3,4.08,0,0,TRUE
Female,Loyal Customer,48,Business Travel,Business,1428,2,2,2,2,5,4,4,3,3,4,3,5,3,3.23,0,0,TRUE
Male,Disloyal Customer,22,Business Travel,Eco,169,3,2,3,2,4,3,4,4,4,2,1,4,4,3.08,0,0,FALSE
Male,Loyal Customer,52,Business Travel,Eco,1091,3,2,2,2,4,3,4,4,1,5,3,3,4,3.08,9,12,TRUE
Female,Disloyal Customer,16,Business Travel,Eco,158,5,0,5,1,5,5,5,5,3,5,4,5,5,4.08,0,0,TRUE
Female,Loyal Customer,70,Personal Travel,Eco,406,2,2,2,4,2,4,4,4,4,2,4,1,4,3,0,9,FALSE
Female,Loyal Customer,43,Personal Travel,Eco,1139,3,5,3,3,3,4,4,2,2,3,2,5,4,3.31,33,56,FALSE
Female,Loyal Customer,57,Business Travel,Business,386,5,5,5,5,2,4,4,2,2,2,2,5,4,3.62,0,0,TRUE
Female,Loyal Customer,51,Business Travel,Business,2704,4,4,2,4,5,3,4,4,4,4,4,4,5,3.92,40,12,TRUE
Male,Loyal Customer,20,Personal Travel,Eco,342,2,4,2,3,4,2,3,4,5,4,4,5,4,3.54,0,0,FALSE
Female,Loyal Customer,31,Personal Travel,Eco,1182,3,5,3,1,1,3,1,1,3,3,4,4,1,2.54,6,0,FALSE
Male,Loyal Customer,29,Personal Travel,Eco,639,1,5,2,4,5,2,5,5,3,2,4,5,5,3.69,0,0,FALSE
Female,Loyal Customer,53,Business Travel,Business,2379,4,4,4,4,5,5,4,4,4,4,4,4,4,4.15,0,9,TRUE
Male,Loyal Customer,31,Business Travel,Business,3896,2,2,2,2,4,4,4,3,5,5,5,4,4,3.54,138,120,TRUE
Female,Loyal Customer,50,Business Travel,Business,2331,3,3,3,3,3,4,5,3,3,3,3,5,5,3.54,0,1,TRUE
Female,Loyal Customer,52,Business Travel,Eco,650,3,4,4,4,1,4,3,2,2,3,2,1,2,2.69,5,25,FALSE
Male,Loyal Customer,59,Personal Travel,Eco Plus,1107,4,3,4,4,2,4,3,2,4,4,3,2,2,3.15,35,27,FALSE
Male,Loyal Customer,57,Business Travel,Business,274,0,0,0,5,5,5,4,4,4,4,4,5,3,3.31,0,0,TRUE
Male,Loyal Customer,49,Personal Travel,Eco,813,4,0,4,3,4,4,1,4,2,2,4,4,4,3.08,47,45,FALSE
Male,Loyal Customer,65,Personal Travel,Eco,783,5,1,5,4,5,5,1,5,1,3,4,4,5,3.69,0,0,TRUE
Male,Disloyal Customer,21,Business Travel,Eco,675,3,3,3,3,1,3,1,1,4,1,3,4,1,2.38,3,0,FALSE
Female,Loyal Customer,39,Business Travel,Business,3689,5,5,5,5,4,5,5,5,5,5,5,5,5,4.92,0,0,TRUE
Male,Loyal Customer,35,Business Travel,Business,862,2,2,2,2,5,5,4,3,3,3,3,4,5,3.31,0,3,TRUE
Female,Loyal Customer,46,Business Travel,Eco,689,4,3,3,3,4,4,3,4,4,4,4,2,1,3.31,0,0,FALSE
Female,Loyal Customer,59,Business Travel,Business,612,4,4,4,4,3,4,5,5,5,5,5,3,4,4.23,0,0,TRUE
Female,Loyal Customer,62,Personal Travel,Eco,546,2,4,2,1,2,2,1,2,2,2,2,4,3,2.23,0,0,FALSE
Male,Loyal Customer,14,Personal Travel,Eco,1400,3,5,3,1,1,3,1,1,5,4,3,4,1,2.69,0,0,FALSE
Female,Loyal Customer,40,Personal Travel,Eco,239,3,1,3,2,4,3,4,4,1,4,3,1,4,2.85,12,12,FALSE
Male,Loyal Customer,59,Business Travel,Business,1773,3,3,2,3,5,5,5,4,4,4,4,4,3,3.77,0,0,TRUE
Male,Disloyal Customer,36,Business Travel,Business,1023,3,3,3,5,4,3,4,4,5,4,5,4,4,3.92,4,12,FALSE
Male,Loyal Customer,58,Personal Travel,Eco,190,2,5,2,3,2,2,2,2,3,5,4,5,2,3,0,0,FALSE
Female,Disloyal Customer,27,Business Travel,Eco,404,2,0,1,4,3,1,3,3,2,1,1,3,3,2.08,0,0,FALSE
Female,Disloyal Customer,36,Business Travel,Business,250,3,3,3,3,3,3,3,3,4,4,5,3,3,3.31,29,17,FALSE
Female,Loyal Customer,58,Business Travel,Business,2110,3,3,3,3,4,4,4,5,5,5,5,5,4,4.08,0,0,TRUE
Male,Loyal Customer,48,Business Travel,Business,2009,2,2,2,2,4,5,4,4,4,4,4,3,4,3.38,0,0,TRUE
Female,Loyal Customer,25,Personal Travel,Eco,1739,2,5,2,2,4,2,4,4,5,5,5,3,4,3.62,2,47,FALSE
Female,Disloyal Customer,20,Business Travel,Business,835,5,0,5,1,5,2,2,5,3,4,4,2,2,3.08,0,0,TRUE
Female,Loyal Customer,46,Business Travel,Business,2477,3,3,3,3,2,5,4,4,4,4,4,4,5,3.69,0,0,TRUE
Female,Loyal Customer,59,Business Travel,Eco,651,4,1,1,1,3,5,2,4,4,4,4,5,1,3,0,0,TRUE
Male,Loyal Customer,38,Personal Travel,Eco,944,3,2,3,4,3,3,3,3,4,2,4,3,3,3.08,84,65,FALSE
Female,Disloyal Customer,24,Business Travel,Business,356,2,3,2,2,5,2,2,5,1,3,2,2,5,2.77,0,0,FALSE
Male,Disloyal Customer,24,Business Travel,Eco,689,3,3,3,2,4,3,4,4,1,4,5,1,4,3.15,0,19,FALSE
Male,Loyal Customer,61,Personal Travel,Eco,1506,2,5,2,2,4,2,4,4,3,3,4,5,4,3.38,9,7,FALSE
Female,Loyal Customer,47,Business Travel,Eco,427,5,3,3,3,3,5,1,5,5,5,5,5,2,3.85,2,0,TRUE
Female,Loyal Customer,19,Business Travel,Business,106,1,1,1,1,5,5,4,5,4,2,5,4,5,3.31,0,3,TRUE
Female,Disloyal Customer,22,Business Travel,Eco,667,0,3,0,2,4,3,4,4,3,4,4,3,4,2.92,2,0,TRUE
Male,Loyal Customer,48,Business Travel,Eco,929,3,5,5,5,3,3,3,3,2,2,3,2,3,3.23,0,3,FALSE
Male,Loyal Customer,34,Business Travel,Business,3290,5,5,5,5,2,3,3,4,4,5,4,4,4,4.08,29,19,TRUE
Male,Loyal Customer,31,Business Travel,Business,3160,1,1,1,1,2,2,2,2,1,3,2,4,2,1.85,0,5,TRUE
Female,Loyal Customer,52,Business Travel,Business,2586,1,1,1,1,2,5,5,4,4,4,4,3,3,2.92,0,0,TRUE
Female,Loyal Customer,65,Business Travel,Business,1597,4,1,1,1,4,3,2,4,4,4,4,4,2,2.92,7,27,FALSE
Female,Loyal Customer,52,Business Travel,Business,3685,3,2,2,2,4,2,2,3,3,2,3,2,2,2.46,0,2,FALSE
Female,Loyal Customer,74,Business Travel,Eco,154,3,5,4,5,4,3,4,3,3,3,3,2,3,3.46,0,0,FALSE
Male,Loyal Customer,16,Personal Travel,Eco,287,1,5,1,4,1,1,1,1,4,3,5,4,1,2.46,23,8,FALSE
Male,Loyal Customer,17,Personal Travel,Eco,310,3,5,3,1,4,3,4,4,4,2,5,4,4,3.54,0,0,FALSE
Male,Loyal Customer,35,Personal Travel,Eco,1118,2,5,2,3,3,2,3,3,5,3,4,4,3,3.23,0,37,FALSE
Male,Disloyal Customer,27,Business Travel,Business,364,2,2,2,3,2,2,2,2,4,2,5,4,2,2.62,0,0,FALSE
Male,Loyal Customer,22,Business Travel,Eco Plus,1249,2,5,3,5,2,2,4,2,3,1,3,3,2,2.85,0,0,FALSE
Female,Disloyal Customer,23,Business Travel,Eco,562,0,4,0,4,5,0,5,5,4,2,5,4,5,3.31,27,36,TRUE
Female,Disloyal Customer,39,Business Travel,Business,239,1,1,1,3,1,1,1,1,3,5,4,1,1,1.85,50,47,FALSE
Female,Disloyal Customer,32,Business Travel,Business,284,2,2,2,4,1,2,1,1,5,5,4,3,1,2.54,0,10,FALSE
Male,Loyal Customer,37,Business Travel,Eco,425,4,2,3,3,4,4,4,4,1,4,5,5,4,3.62,0,1,TRUE
Female,Loyal Customer,59,Business Travel,Business,1738,3,3,3,3,4,5,5,4,4,4,4,4,3,3.77,0,21,TRUE
Female,Loyal Customer,55,Business Travel,Business,531,1,1,1,1,4,5,5,4,4,4,4,3,5,3.23,4,0,TRUE
Female,Disloyal Customer,39,Business Travel,Business,1013,5,5,5,3,4,5,4,4,4,4,4,5,4,4.31,6,1,TRUE
Female,Loyal Customer,57,Business Travel,Business,1938,1,1,1,1,2,5,4,3,3,3,3,4,4,2.69,0,0,TRUE
Male,Loyal Customer,57,Business Travel,Business,1192,2,2,2,2,5,4,4,3,3,3,3,5,3,3.15,0,0,TRUE
Male,Loyal Customer,44,Business Travel,Eco,931,3,5,4,5,3,3,3,3,4,4,3,4,3,3.62,0,4,FALSE
Male,Loyal Customer,19,Personal Travel,Eco Plus,1262,3,4,4,3,1,4,1,1,4,2,3,3,1,2.62,0,0,FALSE
Female,Disloyal Customer,40,Business Travel,Business,282,3,3,3,4,4,3,4,4,4,4,3,2,4,3.46,27,13,FALSE
Female,Loyal Customer,48,Business Travel,Business,2391,4,4,4,4,3,4,5,2,2,2,2,4,4,3.38,0,2,TRUE
Female,Loyal Customer,28,Business Travel,Business,2264,1,1,5,1,3,3,3,3,5,4,5,5,3,3.23,1,1,TRUE
Male,Loyal Customer,33,Personal Travel,Eco Plus,630,1,4,1,2,4,1,4,4,5,5,5,3,4,3.31,24,11,FALSE
Male,Loyal Customer,32,Business Travel,Eco Plus,456,3,4,4,4,3,3,3,3,2,4,4,1,3,3.15,0,9,FALSE
Male,Loyal Customer,50,Business Travel,Business,675,3,1,1,1,3,3,3,4,5,3,3,3,3,2.77,311,299,FALSE
Male,Loyal Customer,52,Business Travel,Business,1452,4,1,4,4,5,5,4,5,5,5,5,5,4,4.31,3,0,TRUE
Female,Loyal Customer,48,Business Travel,Business,621,1,1,4,1,5,5,5,1,1,2,1,5,5,2.85,0,0,TRUE
Female,Loyal Customer,29,Business Travel,Business,3356,3,3,5,3,4,4,4,4,3,5,5,5,4,4,17,5,TRUE
Male,Loyal Customer,36,Business Travel,Business,546,3,3,3,3,5,4,5,4,4,4,4,3,4,3.77,0,0,TRUE
Male,Loyal Customer,28,Personal Travel,Eco,1303,2,5,2,4,1,2,1,1,4,1,4,5,1,2.54,2,0,FALSE
Male,Loyal Customer,64,Business Travel,Eco Plus,1189,4,1,1,1,4,4,4,4,3,3,3,2,4,2.92,0,12,FALSE
Female,Loyal Customer,44,Personal Travel,Eco,967,3,5,3,3,4,4,5,2,2,3,2,4,3,3.31,2,0,FALSE
Female,Loyal Customer,40,Business Travel,Business,530,3,3,3,3,4,5,5,5,5,5,5,5,4,4.23,32,24,TRUE
Male,Disloyal Customer,36,Business Travel,Eco,952,2,2,2,2,3,2,3,3,2,5,1,4,3,2.62,0,0,FALSE
Female,Loyal Customer,16,Personal Travel,Eco,201,3,4,3,3,2,3,2,2,3,3,4,2,2,2.77,2,0,FALSE
Male,Loyal Customer,30,Business Travel,Business,189,4,5,5,5,2,2,4,2,1,2,3,4,2,3.15,3,0,FALSE
Male,Disloyal Customer,20,Business Travel,Business,551,5,4,5,3,2,5,2,2,4,2,5,4,2,3.46,4,0,TRUE
Male,Loyal Customer,31,Business Travel,Business,102,0,5,0,1,5,3,3,5,3,4,2,3,5,3,0,0,TRUE
Female,Loyal Customer,32,Personal Travel,Eco,406,2,5,2,2,5,2,5,5,5,4,5,4,5,3.92,0,0,FALSE
Female,Loyal Customer,69,Business Travel,Eco,591,2,4,4,4,1,3,3,2,2,2,2,1,2,2.46,0,0,FALSE
Female,Loyal Customer,47,Business Travel,Business,998,2,2,2,2,4,4,3,2,2,2,2,1,2,2.31,5,13,FALSE
Female,Disloyal Customer,39,Business Travel,Business,240,5,5,5,3,2,5,2,2,3,4,5,3,2,3.54,16,9,TRUE
Female,Loyal Customer,41,Business Travel,Business,1739,3,3,3,3,4,3,4,4,4,4,4,3,3,3.46,40,49,TRUE
Female,Loyal Customer,58,Business Travel,Business,711,5,5,5,5,3,5,4,4,4,4,4,3,4,4.23,0,0,TRUE
Female,Disloyal Customer,23,Business Travel,Eco,581,2,0,2,4,5,2,2,5,3,2,2,1,5,2.69,2,0,FALSE
Male,Loyal Customer,12,Personal Travel,Eco,438,4,5,5,2,5,5,5,5,3,5,4,3,5,4.31,3,3,TRUE
Male,Loyal Customer,48,Business Travel,Business,515,5,5,5,5,4,5,5,5,5,5,5,3,4,4.69,1,0,TRUE
Male,Loyal Customer,63,Business Travel,Business,1585,1,1,5,1,2,4,5,4,4,5,4,5,4,3.46,11,11,TRUE
Male,Disloyal Customer,22,Business Travel,Eco,819,2,2,2,1,3,2,3,3,1,1,2,1,3,2,0,0,FALSE
Female,Loyal Customer,53,Business Travel,Business,2020,3,3,5,3,3,4,4,5,5,5,5,3,5,4.08,0,0,TRUE
Male,Loyal Customer,12,Personal Travel,Eco,191,4,5,4,2,1,4,1,1,4,3,4,3,1,2.85,2,0,TRUE
Female,Loyal Customer,38,Business Travel,Business,152,4,1,4,4,3,3,2,4,4,4,4,4,4,3.46,0,0,TRUE
Female,Loyal Customer,59,Business Travel,Business,3646,5,5,5,5,4,5,4,5,5,5,5,4,3,4.62,0,0,TRUE
Female,Loyal Customer,65,Personal Travel,Eco,254,3,4,0,5,4,4,4,4,4,0,4,5,5,3.54,0,0,FALSE
Male,Loyal Customer,32,Personal Travel,Eco,566,1,4,1,1,1,1,1,1,5,2,4,4,1,2.08,0,0,FALSE
Male,Loyal Customer,12,Personal Travel,Eco,763,2,4,2,1,3,2,4,3,4,2,3,4,3,2.85,1,4,FALSE
Male,Loyal Customer,57,Business Travel,Eco,641,5,2,5,5,5,5,5,5,1,5,4,3,5,4.23,2,0,TRUE
Male,Loyal Customer,54,Business Travel,Eco,261,5,1,2,1,5,5,5,5,3,2,4,4,5,3.62,7,3,TRUE
Male,Loyal Customer,47,Business Travel,Business,833,3,5,3,3,1,2,5,4,4,4,4,4,3,3.46,2,0,TRUE
Male,Disloyal Customer,20,Business Travel,Eco,328,1,0,1,3,2,1,2,2,2,4,5,5,2,2.31,0,0,FALSE
Male,Disloyal Customer,37,Business Travel,Eco,522,2,0,2,4,1,2,1,1,1,3,4,4,1,2,0,7,FALSE
Male,Loyal Customer,27,Personal Travel,Eco,728,3,5,3,3,1,3,1,1,1,1,2,5,1,2.31,0,0,FALSE
Female,Loyal Customer,60,Business Travel,Business,436,4,4,3,4,3,4,4,5,5,5,5,3,5,4.15,8,9,TRUE
Male,Loyal Customer,33,Personal Travel,Eco,522,4,4,4,3,3,4,3,3,3,4,4,3,3,3.46,22,83,FALSE
Male,Disloyal Customer,38,Business Travel,Business,2288,4,4,4,3,4,4,4,4,3,2,4,5,4,3.77,14,12,FALSE
Female,Disloyal Customer,27,Business Travel,Eco Plus,251,2,2,2,3,3,2,1,3,2,4,4,3,3,2.62,72,73,FALSE
Male,Loyal Customer,18,Personal Travel,Eco,399,2,4,2,2,3,2,3,3,5,2,4,3,3,2.92,10,21,FALSE
Male,Loyal Customer,35,Personal Travel,Eco,707,3,5,3,1,3,3,1,3,4,2,5,5,3,3.15,98,99,FALSE
Female,Loyal Customer,46,Personal Travel,Eco,2475,1,3,0,4,0,1,1,2,4,2,3,1,1,1.77,4,0,FALSE
Female,Loyal Customer,55,Personal Travel,Eco,409,1,2,1,4,4,3,3,1,1,1,1,2,1,1.92,0,0,FALSE
Female,Loyal Customer,30,Business Travel,Business,622,3,1,3,3,4,4,4,4,2,2,5,5,4,3.38,9,0,TRUE
Female,Loyal Customer,53,Personal Travel,Eco,980,4,3,4,3,3,3,4,1,1,4,1,4,1,2.77,0,0,TRUE
Female,Disloyal Customer,22,Business Travel,Eco,380,4,3,4,3,1,4,1,1,2,2,3,4,1,2.54,0,0,FALSE
Female,Loyal Customer,57,Personal Travel,Business,759,2,4,2,3,4,4,4,4,4,2,4,3,4,3.38,0,41,FALSE
Female,Loyal Customer,46,Business Travel,Business,2556,3,3,3,3,4,3,5,5,5,5,5,4,3,3.92,13,0,TRUE
Female,Loyal Customer,41,Personal Travel,Eco,2327,2,4,2,2,3,2,3,3,1,4,3,2,3,2.62,0,0,FALSE
Male,Loyal Customer,35,Personal Travel,Eco,419,3,5,3,4,3,3,3,2,1,3,4,3,3,3.08,180,165,FALSE
Male,Loyal Customer,46,Personal Travel,Eco,101,2,5,0,5,3,0,3,3,3,5,5,3,3,3.08,0,0,FALSE
Male,Loyal Customer,21,Personal Travel,Eco,1009,2,5,2,1,2,2,2,2,3,4,5,5,2,2.85,0,4,FALSE
Male,Loyal Customer,39,Business Travel,Business,1199,2,2,2,2,5,5,4,5,5,4,5,3,5,3.77,0,0,TRUE
Female,Disloyal Customer,23,Business Travel,Business,598,4,5,4,4,4,4,4,4,4,4,5,5,4,4.23,0,0,TRUE
Male,Disloyal Customer,25,Business Travel,Eco Plus,134,1,0,0,1,2,0,2,2,1,3,3,4,2,1.62,0,0,FALSE
Female,Loyal Customer,60,Business Travel,Business,1784,2,3,3,3,3,3,3,2,2,2,2,2,4,2.62,0,0,FALSE
Male,Loyal Customer,32,Personal Travel,Eco,606,2,5,2,3,2,2,5,2,5,2,4,4,2,3.08,0,16,FALSE
Male,Disloyal Customer,21,Business Travel,Eco,377,3,4,3,5,2,3,2,2,2,1,5,1,2,2.69,5,0,FALSE
Female,Loyal Customer,16,Personal Travel,Eco,907,1,4,0,1,0,1,5,4,3,5,4,5,5,2.92,129,133,FALSE
Female,Loyal Customer,57,Personal Travel,Eco,697,2,4,2,4,1,3,4,5,5,2,5,3,3,3.31,0,0,FALSE
Female,Disloyal Customer,68,Business Travel,Eco,223,3,2,3,4,3,3,5,3,4,3,4,4,3,3.38,0,9,FALSE
Female,Disloyal Customer,27,Business Travel,Eco,937,4,3,3,2,2,3,2,2,3,2,1,5,2,2.62,0,0,TRUE
Female,Loyal Customer,52,Business Travel,Business,3268,4,1,1,1,3,4,3,4,4,4,4,4,3,3.08,0,9,FALSE
Female,Loyal Customer,46,Business Travel,Business,2981,3,3,3,3,4,1,3,5,5,5,5,5,3,3.69,0,0,TRUE
Female,Loyal Customer,33,Business Travel,Eco Plus,295,2,4,4,4,2,2,2,2,3,5,3,3,2,2.92,0,0,FALSE
Male,Disloyal Customer,54,Business Travel,Eco,95,1,0,1,3,3,1,3,3,5,4,1,5,3,2.54,0,0,FALSE
Female,Loyal Customer,35,Business Travel,Eco,862,4,2,2,2,4,4,4,4,4,2,5,5,4,3.54,0,0,TRUE
Female,Loyal Customer,45,Business Travel,Eco Plus,1235,2,5,5,5,5,3,4,2,2,2,2,2,4,3.31,56,39,FALSE
Female,Loyal Customer,41,Business Travel,Business,601,3,3,3,3,4,5,4,5,5,5,5,4,5,4.15,46,50,TRUE
Female,Disloyal Customer,23,Business Travel,Business,515,0,4,1,4,3,1,3,3,5,4,5,4,3,3.08,122,110,TRUE
Male,Loyal Customer,56,Business Travel,Business,2938,3,3,3,3,2,5,1,4,4,4,4,3,5,3.38,0,0,TRUE
Male,Loyal Customer,54,Personal Travel,Eco,1979,4,1,4,3,3,4,3,3,4,5,3,2,3,3.23,0,0,TRUE
Female,Loyal Customer,34,Business Travel,Business,208,0,3,1,3,1,5,2,4,4,4,4,4,5,3.08,25,22,TRUE
Female,Loyal Customer,59,Personal Travel,Eco,689,0,4,0,2,5,5,4,2,2,4,2,3,3,2.77,24,37,TRUE
Female,Disloyal Customer,27,Business Travel,Eco,1211,2,2,2,3,2,2,2,2,3,3,3,1,2,2.23,0,0,FALSE
Male,Loyal Customer,48,Business Travel,Eco,1709,3,3,3,3,3,3,3,3,2,5,4,4,3,3.23,78,69,FALSE
Female,Disloyal Customer,23,Business Travel,Eco,148,4,1,4,1,4,4,4,4,3,2,4,5,4,3.38,0,0,TRUE
Male,Loyal Customer,32,Business Travel,Eco Plus,671,0,0,0,4,4,0,4,4,1,1,4,3,4,2.23,0,0,TRUE
Male,Loyal Customer,59,Business Travel,Eco,775,4,4,4,4,4,4,4,4,4,2,2,3,4,3.62,37,51,TRUE
Female,Loyal Customer,16,Personal Travel,Eco,843,3,2,3,3,4,3,4,4,1,5,4,3,4,3.31,1,5,FALSE
Female,Loyal Customer,31,Personal Travel,Eco,580,3,5,3,5,4,3,3,4,4,2,4,3,4,3.62,0,0,FALSE
Male,Loyal Customer,40,Business Travel,Business,2899,5,5,5,5,4,5,5,4,4,5,4,3,5,4.54,20,21,TRUE
Male,Loyal Customer,73,Business Travel,Business,3887,2,4,4,4,2,4,4,2,2,3,2,3,4,3.08,13,34,FALSE
Male,Loyal Customer,25,Personal Travel,Eco,852,2,4,3,1,1,3,2,1,3,2,5,4,1,2.46,0,24,FALSE
Male,Loyal Customer,18,Personal Travel,Eco,2075,4,3,3,2,3,3,3,3,1,2,4,2,3,2.77,0,0,TRUE
Male,Loyal Customer,44,Business Travel,Business,227,3,3,3,3,4,5,4,3,3,4,3,5,5,3.69,1,7,TRUE
Male,Loyal Customer,56,Business Travel,Business,1428,2,2,2,2,2,3,4,4,4,4,4,4,2,3,3,0,TRUE
Female,Loyal Customer,37,Personal Travel,Eco,1747,4,2,4,3,5,4,5,5,3,3,4,4,5,3.92,5,0,TRUE
Female,Loyal Customer,30,Business Travel,Business,1999,1,1,1,1,5,5,5,5,5,5,4,3,5,3.54,0,0,TRUE
Female,Loyal Customer,52,Personal Travel,Eco,1276,4,1,5,2,4,2,2,4,4,5,4,4,1,3.23,0,0,TRUE
Female,Loyal Customer,27,Personal Travel,Eco,337,2,4,2,1,5,2,5,5,3,4,4,5,5,3.62,85,81,FALSE
Male,Disloyal Customer,20,Business Travel,Eco,447,1,4,2,2,2,2,2,2,5,4,5,3,2,2.77,0,0,FALSE
Female,Loyal Customer,53,Business Travel,Business,2565,2,1,1,1,1,4,4,2,2,2,2,3,1,2,0,62,FALSE
Male,Loyal Customer,16,Business Travel,Business,404,2,5,5,5,2,2,2,2,1,5,3,4,2,3.08,0,0,FALSE
Male,Loyal Customer,51,Personal Travel,Eco,775,2,5,2,3,1,2,1,1,3,5,4,4,1,2.62,0,0,FALSE
Female,Loyal Customer,39,Business Travel,Business,2418,5,5,5,5,5,5,5,3,3,3,3,4,5,4.31,0,7,TRUE
Male,Loyal Customer,43,Business Travel,Business,515,4,4,4,4,4,5,5,2,2,2,2,4,5,3.62,7,8,TRUE
Male,Loyal Customer,57,Business Travel,Business,237,4,4,4,4,2,5,4,4,4,4,4,3,3,3.77,0,0,TRUE
Female,Loyal Customer,67,Personal Travel,Eco,282,2,4,2,3,3,4,5,5,5,2,5,3,3,3.54,12,0,FALSE
Female,Loyal Customer,40,Personal Travel,Eco Plus,1416,2,5,2,1,4,2,4,4,2,3,4,2,4,3,0,0,FALSE
Male,Loyal Customer,42,Business Travel,Business,1068,1,1,5,1,4,5,5,4,4,4,4,5,4,3.62,0,0,TRUE
Female,Loyal Customer,27,Business Travel,Business,1620,2,4,4,4,2,2,2,2,4,5,3,1,2,2.85,0,0,FALSE
Male,Loyal Customer,52,Business Travel,Business,813,4,1,1,1,4,4,4,4,4,4,4,1,4,3.08,0,0,FALSE
Male,Disloyal Customer,44,Business Travel,Eco,565,4,4,5,1,2,5,2,2,4,5,4,3,2,3.31,22,7,FALSE
Male,Loyal Customer,34,Personal Travel,Eco,1047,3,5,3,2,5,3,5,5,5,2,4,4,5,3.92,0,0,FALSE
Female,Loyal Customer,36,Business Travel,Eco,744,4,1,1,1,4,5,4,4,3,2,1,1,4,2.69,0,0,TRUE
Male,Disloyal Customer,38,Business Travel,Eco,140,2,3,2,3,1,2,1,1,1,3,3,1,1,1.85,0,0,FALSE
Male,Loyal Customer,34,Personal Travel,Eco,1290,1,2,1,3,2,1,2,2,1,5,4,1,2,2.08,22,11,FALSE
Female,Disloyal Customer,21,Business Travel,Eco,317,5,0,5,3,5,5,5,5,1,5,4,4,5,4,0,0,TRUE
Male,Loyal Customer,41,Personal Travel,Business,480,1,3,1,1,2,5,4,3,3,1,3,5,4,2.77,3,0,FALSE
Female,Loyal Customer,43,Business Travel,Business,1899,3,3,3,3,2,5,4,4,4,4,4,5,5,3.77,0,0,TRUE
Female,Loyal Customer,20,Personal Travel,Eco,488,4,4,4,1,2,4,2,2,5,3,4,4,2,3.15,32,17,FALSE
Female,Loyal Customer,47,Business Travel,Eco,507,5,3,3,3,2,4,2,5,5,5,5,4,5,3.92,0,0,TRUE
Male,Disloyal Customer,22,Business Travel,Eco,227,2,2,2,3,5,2,5,5,3,2,2,1,5,3,0,0,FALSE
Female,Loyal Customer,29,Personal Travel,Business,1334,2,5,2,4,4,2,4,4,5,5,4,4,4,3.77,16,13,FALSE
Male,Loyal Customer,34,Personal Travel,Eco,1050,4,2,4,3,4,4,4,4,2,4,4,4,4,3.62,0,0,FALSE
Female,Loyal Customer,52,Personal Travel,Eco,1224,3,4,3,4,2,3,3,1,1,3,5,2,1,2.69,0,0,FALSE
Female,Loyal Customer,53,Business Travel,Business,2729,3,3,3,3,4,5,4,4,4,4,4,5,4,3.85,0,0,TRUE
Male,Loyal Customer,20,Personal Travel,Eco,214,0,5,0,1,4,0,4,4,1,1,3,1,4,2.15,0,0,TRUE
Male,Loyal Customer,13,Business Travel,Eco Plus,802,1,3,3,3,1,1,3,1,1,3,3,1,1,1.92,14,40,FALSE
Female,Loyal Customer,31,Business Travel,Business,1825,3,3,3,3,2,2,2,2,3,4,4,1,2,2.62,1,4,TRUE
Male,Loyal Customer,41,Personal Travel,Business,901,1,3,1,2,3,1,3,5,5,1,5,4,4,2.92,0,0,FALSE
Male,Loyal Customer,68,Personal Travel,Eco,594,3,5,3,4,4,3,4,4,1,2,5,2,4,3.38,0,0,FALSE
Female,Loyal Customer,67,Business Travel,Eco,371,4,2,2,2,2,3,4,4,4,4,4,1,1,2.85,0,0,FALSE
Male,Loyal Customer,50,Business Travel,Business,3388,3,3,3,3,4,4,5,5,5,5,5,4,3,4,1,6,TRUE
Female,Loyal Customer,70,Personal Travel,Business,448,2,5,2,2,3,4,4,3,3,2,3,3,3,3,0,0,FALSE
Female,Loyal Customer,22,Personal Travel,Eco,1846,2,5,2,2,5,2,5,5,3,2,1,1,5,3.08,0,0,FALSE
Male,Loyal Customer,45,Business Travel,Business,125,4,4,4,4,5,3,3,2,2,2,4,1,2,3.08,0,0,FALSE
Female,Loyal Customer,53,Personal Travel,Eco,569,2,4,2,2,3,5,2,2,2,2,2,2,1,2.38,19,9,FALSE
Female,Disloyal Customer,18,Business Travel,Eco Plus,930,2,3,3,4,4,3,4,4,4,2,4,3,4,3.38,86,62,FALSE
Male,Loyal Customer,43,Business Travel,Eco Plus,305,4,3,2,3,4,4,4,4,4,1,3,4,4,3.38,6,6,FALSE
Female,Loyal Customer,34,Business Travel,Business,2402,4,4,4,4,5,5,5,5,5,5,5,5,5,4.69,0,13,TRUE
Female,Loyal Customer,45,Business Travel,Business,759,4,4,3,4,3,5,4,5,5,5,5,5,4,4.31,3,20,TRUE
Female,Disloyal Customer,41,Business Travel,Business,197,2,2,2,4,2,2,2,2,1,3,3,1,2,2.15,32,33,FALSE
Male,Loyal Customer,38,Business Travel,Eco Plus,368,2,2,2,2,2,2,2,2,1,5,3,4,2,2.38,76,71,FALSE
Female,Loyal Customer,60,Business Travel,Business,1652,4,4,4,4,5,5,4,5,5,5,5,5,4,4.54,32,7,TRUE
Female,Disloyal Customer,28,Business Travel,Eco,1069,4,5,5,4,4,5,4,4,1,1,3,4,4,3.69,0,19,FALSE
Male,Loyal Customer,48,Business Travel,Eco,295,4,1,1,1,5,4,5,5,3,2,3,5,5,3.38,44,30,TRUE
Female,Loyal Customer,49,Personal Travel,Eco,438,3,4,3,4,4,4,4,2,2,3,2,4,4,3.31,0,0,FALSE
Female,Loyal Customer,31,Personal Travel,Eco,1947,3,5,3,2,3,3,3,3,5,3,5,5,3,3.54,0,2,FALSE
Female,Loyal Customer,57,Business Travel,Business,295,1,1,1,1,5,3,4,1,1,1,1,2,4,2,0,0,FALSE
Male,Loyal Customer,52,Business Travel,Business,3129,3,3,5,3,5,4,4,4,4,4,4,3,4,3.85,0,0,TRUE
Male,Loyal Customer,59,Personal Travel,Eco,1605,2,4,2,3,4,2,4,4,3,3,5,4,4,3.38,0,10,FALSE
Female,Loyal Customer,22,Personal Travel,Eco,1440,2,5,2,5,5,2,5,5,3,3,3,5,5,3.85,33,58,FALSE
Male,Loyal Customer,37,Personal Travel,Eco,1005,2,5,2,3,3,2,3,3,5,3,5,4,3,3.31,11,6,FALSE
Male,Loyal Customer,21,Business Travel,Business,1721,1,1,1,1,4,5,4,4,2,3,4,5,4,3,0,0,TRUE
Male,Loyal Customer,38,Business Travel,Business,2405,1,1,1,1,5,1,3,5,5,5,5,3,3,3,11,7,TRUE
Female,Disloyal Customer,24,Business Travel,Eco,1275,4,4,4,1,3,4,3,3,4,4,5,3,3,3.46,0,0,TRUE
Male,Loyal Customer,40,Business Travel,Business,2311,3,3,3,3,3,4,4,4,4,4,4,5,4,3.69,23,19,TRUE
Female,Loyal Customer,42,Business Travel,Business,2683,1,4,3,3,3,4,4,1,1,2,1,1,2,2.31,0,0,FALSE
Female,Disloyal Customer,24,Business Travel,Eco,163,5,0,5,3,5,5,5,5,3,4,5,4,5,4.15,0,0,TRUE
Male,Loyal Customer,53,Business Travel,Business,980,5,5,3,5,2,5,4,5,5,5,5,4,3,4.31,3,64,TRUE
Male,Loyal Customer,60,Business Travel,Business,3052,3,3,3,3,3,5,5,4,4,4,4,3,3,3.62,0,1,TRUE
Female,Loyal Customer,27,Personal Travel,Eco,1034,3,5,3,3,2,3,2,2,3,5,5,4,2,3.23,17,30,FALSE
Male,Loyal Customer,64,Personal Travel,Eco,296,3,4,3,1,1,3,1,1,4,2,4,3,1,2.38,0,0,FALSE
Male,Loyal Customer,52,Business Travel,Business,957,2,2,2,2,4,5,5,3,3,3,3,3,4,3.15,0,0,TRUE
Female,Loyal Customer,36,Business Travel,Business,2248,1,1,4,1,5,5,5,5,5,5,5,4,5,3.92,7,0,TRUE
Male,Loyal Customer,13,Personal Travel,Eco Plus,459,1,5,1,5,4,1,5,4,2,2,4,5,4,3.31,0,7,FALSE
Female,Loyal Customer,60,Personal Travel,Eco,868,4,3,4,4,2,4,4,4,4,4,4,4,2,3.62,0,41,FALSE
Female,Loyal Customer,39,Personal Travel,Eco,806,5,3,5,3,4,3,4,4,5,3,1,1,4,3.46,16,3,TRUE
Male,Loyal Customer,48,Personal Travel,Eco,626,2,5,2,4,3,2,2,3,4,3,4,4,3,3.15,0,0,FALSE
Male,Loyal Customer,40,Business Travel,Eco,209,4,1,1,1,4,4,4,2,1,2,4,4,4,2.77,168,180,TRUE
Male,Loyal Customer,37,Business Travel,Business,266,2,5,5,5,2,3,3,2,2,2,2,3,1,2.85,0,0,FALSE
Female,Loyal Customer,14,Personal Travel,Eco,317,2,4,2,3,5,2,5,5,3,1,3,3,5,3.31,0,0,FALSE
Male,Disloyal Customer,30,Business Travel,Eco,250,2,0,2,5,3,2,3,3,1,4,3,5,3,2.77,40,49,FALSE
Female,Loyal Customer,55,Business Travel,Business,731,1,1,1,1,3,4,5,5,5,5,5,4,3,3.31,0,0,TRUE
Male,Loyal Customer,41,Business Travel,Business,1947,2,1,1,1,3,2,3,2,2,2,2,1,4,2,3,7,FALSE
Female,Loyal Customer,45,Business Travel,Eco,677,5,4,4,4,5,2,2,4,4,5,4,3,3,3.77,18,18,TRUE
Male,Loyal Customer,64,Business Travel,Business,2739,4,4,4,4,3,5,5,5,5,5,5,5,5,4.54,0,0,TRUE
Female,Loyal Customer,24,Personal Travel,Business,226,1,5,1,1,4,1,4,4,5,3,5,4,4,3.23,1,0,FALSE
Male,Loyal Customer,43,Business Travel,Business,861,5,5,3,5,3,4,5,5,5,5,5,3,4,4.38,0,11,TRUE
Female,Loyal Customer,29,Business Travel,Eco Plus,685,1,4,4,4,1,1,1,1,4,2,3,2,1,2.23,27,18,FALSE
Male,Disloyal Customer,24,Business Travel,Eco,569,4,0,4,1,5,4,5,5,5,5,4,4,5,3.92,0,0,TRUE
Male,Disloyal Customer,49,Business Travel,Business,1506,2,2,2,4,3,2,3,3,4,2,5,5,3,3.08,14,0,FALSE
Female,Loyal Customer,27,Personal Travel,Business,588,2,5,2,5,5,2,5,5,4,4,5,3,5,4,0,0,FALSE
Female,Loyal Customer,29,Business Travel,Business,3669,5,5,5,5,5,5,5,5,5,3,5,3,5,4.69,4,5,TRUE
Female,Disloyal Customer,35,Business Travel,Business,1605,2,2,2,3,1,2,3,1,3,2,5,3,1,2.31,0,0,FALSE
Male,Loyal Customer,32,Business Travel,Business,3315,2,2,2,2,5,5,5,5,2,5,2,1,5,3.31,0,0,TRUE
Male,Loyal Customer,14,Business Travel,Eco,1464,2,5,5,5,2,2,4,2,2,5,4,2,2,3.23,20,11,FALSE
Male,Disloyal Customer,24,Business Travel,Eco,735,1,1,1,2,4,1,4,4,4,4,2,1,4,2.54,16,12,FALSE
Male,Loyal Customer,22,Personal Travel,Eco,302,5,1,5,3,3,5,2,3,4,4,4,2,3,3.38,15,7,TRUE
Male,Loyal Customer,23,Personal Travel,Eco,516,3,5,3,4,5,3,5,5,1,2,3,2,5,3.54,14,11,FALSE
Male,Loyal Customer,24,Personal Travel,Eco,684,1,1,1,3,1,1,1,1,1,2,4,3,1,1.62,15,28,FALSE
Female,Loyal Customer,58,Personal Travel,Eco,2075,4,5,4,3,2,3,5,1,1,4,4,3,5,3.38,75,84,FALSE
Female,Loyal Customer,18,Business Travel,Business,3410,4,1,4,4,5,5,5,5,3,4,4,5,5,4.15,0,0,TRUE
Female,Loyal Customer,42,Personal Travel,Eco Plus,1105,2,1,2,2,5,1,2,2,2,2,2,1,2,2,0,0,FALSE
Male,Loyal Customer,48,Business Travel,Business,1783,4,4,4,4,4,5,4,5,5,5,5,4,4,4.38,1,0,TRUE
Male,Loyal Customer,57,Personal Travel,Eco,679,1,5,1,1,4,1,4,4,3,4,4,4,4,3.08,28,33,FALSE
Male,Loyal Customer,16,Personal Travel,Eco Plus,569,3,3,4,2,3,4,3,3,2,2,3,1,3,2.77,0,0,FALSE
Male,Disloyal Customer,26,Business Travel,Eco Plus,591,1,1,1,2,5,1,4,5,3,1,2,2,5,2.54,0,0,FALSE
Female,Disloyal Customer,20,Business Travel,Business,269,5,0,5,4,5,3,3,4,2,4,5,3,3,3.54,138,136,TRUE
Male,Loyal Customer,26,Personal Travel,Eco Plus,2248,2,5,2,1,3,2,3,3,4,4,4,4,3,3.08,41,25,FALSE
Male,Loyal Customer,72,Business Travel,Eco,639,5,2,3,2,5,5,5,5,1,5,1,4,5,3.69,7,5,TRUE
Male,Disloyal Customer,26,Business Travel,Business,550,1,1,1,3,5,1,5,5,2,4,4,2,5,3,0,9,FALSE
Male,Loyal Customer,56,Business Travel,Business,1727,1,1,1,1,2,3,5,3,3,3,3,5,5,2.77,0,2,TRUE
Female,Loyal Customer,24,Personal Travel,Eco,697,2,2,2,3,2,2,2,2,2,1,3,2,2,2.08,0,0,FALSE
Male,Loyal Customer,23,Business Travel,Business,1384,4,4,4,4,4,4,4,4,2,5,5,3,4,3.92,0,6,TRUE
Female,Disloyal Customer,24,Business Travel,Eco Plus,2342,2,4,2,3,5,2,3,5,2,2,2,2,5,3,4,3,FALSE
Male,Loyal Customer,33,Personal Travel,Business,341,2,5,2,2,2,2,1,2,3,4,4,4,2,2.69,18,24,FALSE
Male,Loyal Customer,62,Personal Travel,Eco,761,2,4,1,3,4,1,4,4,5,3,4,3,4,3.23,31,62,FALSE
Male,Loyal Customer,19,Business Travel,Business,733,4,4,4,4,5,4,5,5,4,5,4,5,5,4.46,0,0,TRUE
Female,Loyal Customer,33,Business Travel,Business,2194,2,2,2,2,2,2,3,4,4,4,4,3,1,2.69,4,0,TRUE
Female,Loyal Customer,41,Business Travel,Business,113,5,5,5,5,2,4,4,5,5,5,5,4,4,4.46,47,49,TRUE
Female,Loyal Customer,28,Business Travel,Business,2938,4,4,4,4,4,4,4,4,5,4,4,4,4,4.08,9,0,TRUE
Female,Loyal Customer,58,Personal Travel,Eco,1892,1,4,1,3,4,4,5,2,2,1,4,1,5,2.85,8,0,FALSE
Female,Loyal Customer,42,Business Travel,Eco,1189,5,5,5,5,5,1,4,5,5,5,5,4,3,4.38,0,0,TRUE
Female,Loyal Customer,37,Business Travel,Eco,397,3,1,1,1,3,3,3,3,1,2,3,1,3,2.15,28,25,FALSE
Female,Loyal Customer,52,Business Travel,Business,3698,5,5,5,5,2,5,4,5,5,4,5,3,4,4.38,6,16,TRUE
Male,Loyal Customer,53,Business Travel,Business,2442,4,4,2,4,3,4,4,5,5,5,5,3,4,4,0,0,TRUE
Male,Loyal Customer,44,Business Travel,Business,337,1,1,1,1,2,4,5,4,4,4,4,3,4,2.92,0,3,TRUE
Female,Loyal Customer,51,Business Travel,Business,978,5,5,5,5,4,5,4,5,5,5,5,3,5,4.69,0,0,TRUE
Male,Disloyal Customer,26,Business Travel,Business,237,3,4,3,5,4,3,4,4,3,2,5,3,4,3.62,0,20,FALSE
Male,Loyal Customer,40,Personal Travel,Business,1587,3,4,3,4,2,5,5,5,5,3,5,3,3,3.85,0,0,FALSE
Male,Disloyal Customer,36,Business Travel,Business,237,2,3,3,3,5,3,5,5,3,4,4,4,5,3.77,6,5,FALSE
Male,Loyal Customer,50,Business Travel,Business,1050,1,3,1,1,5,1,4,4,4,4,4,1,3,2.77,0,0,TRUE
Female,Loyal Customer,24,Personal Travel,Eco,2475,5,3,5,3,4,5,4,4,1,3,3,3,4,3.62,0,0,TRUE
Male,Loyal Customer,20,Personal Travel,Eco,406,5,4,5,3,4,5,4,4,4,5,4,3,4,4.15,2,1,TRUE
Female,Loyal Customer,48,Business Travel,Business,867,3,3,3,3,5,4,5,4,4,4,4,3,4,3.77,41,12,TRUE
Female,Loyal Customer,15,Personal Travel,Eco,842,2,4,2,1,5,2,5,5,5,3,4,4,5,3.62,0,0,FALSE
Male,Loyal Customer,54,Business Travel,Eco,762,4,1,1,1,4,4,4,4,5,2,1,1,4,2.77,0,20,TRUE
Female,Loyal Customer,7,Personal Travel,Eco,356,1,5,1,3,2,1,5,2,3,2,4,5,2,2.77,15,0,FALSE
Female,Loyal Customer,30,Personal Travel,Eco,1754,2,3,2,4,2,2,2,2,2,3,1,3,2,2.31,39,12,FALSE
Female,Loyal Customer,46,Business Travel,Eco,163,5,2,2,2,2,3,3,5,5,5,5,5,1,3.46,0,0,TRUE
Female,Disloyal Customer,45,Business Travel,Business,1276,2,2,2,3,5,2,5,5,5,4,5,4,5,3.77,8,0,FALSE
Female,Loyal Customer,45,Business Travel,Business,1096,3,3,3,3,4,4,4,5,5,5,5,4,4,4,17,18,TRUE
Female,Loyal Customer,58,Business Travel,Business,199,4,4,4,4,5,2,3,5,5,4,5,2,5,4,4,9,TRUE
Female,Disloyal Customer,20,Business Travel,Eco,967,2,2,2,2,1,2,1,1,4,2,3,5,1,2.15,70,99,FALSE
Male,Loyal Customer,66,Personal Travel,Eco,547,4,2,4,3,5,4,5,5,1,2,4,3,5,3.62,6,0,TRUE
Female,Loyal Customer,64,Personal Travel,Eco,190,5,4,5,1,5,5,5,5,5,5,1,5,4,4.23,0,0,TRUE
Female,Loyal Customer,65,Personal Travel,Eco,907,3,5,3,3,3,5,4,2,2,3,2,5,3,3.31,7,0,FALSE
Female,Loyal Customer,13,Personal Travel,Eco,358,2,5,2,4,5,2,5,5,3,5,4,5,5,4,52,52,FALSE
Male,Loyal Customer,24,Personal Travel,Eco,1874,2,4,2,3,3,2,3,3,3,2,4,1,3,2.69,2,22,FALSE
Male,Loyal Customer,57,Business Travel,Business,3760,0,0,0,3,4,4,4,5,5,5,5,3,3,3.15,0,0,TRUE
Male,Loyal Customer,57,Business Travel,Eco,2475,5,3,3,3,5,5,5,5,1,2,5,2,5,3.77,4,0,TRUE
Male,Loyal Customer,18,Personal Travel,Eco,502,3,4,3,5,1,3,1,1,4,2,5,5,1,2.92,0,0,FALSE
Female,Loyal Customer,60,Business Travel,Business,2925,2,2,5,2,4,5,4,4,4,5,4,4,4,3.77,13,0,TRUE
Female,Loyal Customer,58,Business Travel,Business,2649,3,2,2,2,4,3,2,3,3,3,3,4,2,2.77,3,48,FALSE
Male,Disloyal Customer,39,Business Travel,Business,356,3,3,3,3,3,3,3,3,3,2,4,4,3,3.08,0,0,FALSE
Male,Loyal Customer,31,Business Travel,Business,925,1,1,1,1,5,5,5,5,4,2,5,5,5,3.46,11,6,TRUE
Male,Loyal Customer,43,Personal Travel,Business,802,1,2,1,3,2,3,3,2,2,1,2,3,1,2,0,0,FALSE
Male,Loyal Customer,33,Business Travel,Eco Plus,292,0,0,0,3,5,0,5,5,3,2,4,5,5,2.85,0,0,TRUE
Male,Disloyal Customer,21,Business Travel,Business,920,0,5,0,2,5,0,5,5,3,2,4,4,5,3.08,0,0,TRUE
Male,Loyal Customer,31,Business Travel,Eco,1242,5,2,2,2,5,5,5,5,1,2,1,4,5,3.38,0,0,TRUE
Female,Loyal Customer,13,Personal Travel,Eco,692,3,5,3,2,2,3,2,2,4,2,4,4,2,2.92,0,0,FALSE
Male,Loyal Customer,50,Business Travel,Business,2408,2,2,2,2,3,2,2,5,5,4,5,3,5,3.23,0,0,TRUE
Male,Loyal Customer,66,Business Travel,Business,2565,4,4,5,4,5,4,4,5,5,5,5,5,3,4.46,0,0,TRUE
Female,Disloyal Customer,38,Business Travel,Eco,1237,3,3,3,3,3,3,3,3,3,4,4,2,3,3.08,0,0,FALSE
Female,Loyal Customer,38,Business Travel,Business,3326,4,4,5,4,5,3,4,4,4,4,4,1,3,3.77,8,0,TRUE
Female,Loyal Customer,44,Business Travel,Business,2810,3,5,5,5,4,3,4,3,3,3,3,3,3,3.62,12,0,FALSE
Female,Loyal Customer,57,Personal Travel,Eco,302,1,4,1,4,2,2,4,1,1,1,1,2,2,2,10,6,FALSE
Male,Loyal Customer,35,Business Travel,Business,1624,1,4,4,4,2,4,3,1,1,1,1,3,2,2.38,12,21,FALSE
Male,Loyal Customer,60,Business Travel,Eco,160,5,1,4,1,3,5,3,3,4,1,4,5,3,3.23,130,121,TRUE
Female,Loyal Customer,53,Business Travel,Business,111,2,1,1,1,2,3,3,4,4,4,2,4,2,2.54,0,0,FALSE
Female,Loyal Customer,70,Personal Travel,Eco,86,2,4,2,2,2,5,5,3,3,2,3,3,3,3,0,0,FALSE
Female,Loyal Customer,23,Business Travel,Business,3872,2,4,4,4,2,3,2,2,4,5,4,2,2,3.08,0,0,FALSE
Male,Loyal Customer,62,Business Travel,Business,2446,3,5,5,5,3,3,4,3,3,3,3,4,2,3.54,1,,FALSE
Male,Loyal Customer,53,Personal Travel,Eco,550,2,3,2,2,2,2,5,2,3,2,1,3,2,2.38,8,2,FALSE
Female,Disloyal Customer,25,Business Travel,Business,868,3,0,3,4,2,3,2,2,3,5,5,5,2,3,0,0,FALSE
Male,Loyal Customer,27,Business Travel,Eco Plus,1249,5,4,4,4,5,5,5,5,5,4,3,4,5,4.46,2,0,TRUE
Male,Disloyal Customer,39,Business Travel,Eco,169,2,2,2,3,5,2,5,5,3,2,3,3,5,3.23,0,0,FALSE
Male,Loyal Customer,56,Business Travel,Business,632,1,4,4,4,3,3,4,1,1,2,1,2,3,2.54,0,1,FALSE
Male,Loyal Customer,47,Business Travel,Eco,862,5,3,3,3,5,5,5,5,1,3,3,4,5,3.85,74,70,TRUE
Female,Loyal Customer,19,Personal Travel,Eco,806,1,3,1,3,1,1,1,1,4,3,2,4,1,2,0,0,FALSE
Female,Loyal Customer,69,Business Travel,Eco,853,3,3,3,3,5,2,2,3,3,3,3,4,2,3,68,82,FALSE
Male,Loyal Customer,32,Business Travel,Business,2411,4,2,2,2,4,3,4,4,2,1,3,1,4,2.77,0,0,FALSE
Female,Disloyal Customer,42,Business Travel,Eco,191,4,2,4,4,4,4,2,4,4,3,4,1,4,3.38,0,3,FALSE
Female,Loyal Customer,47,Personal Travel,Eco Plus,546,2,2,2,3,5,4,3,2,2,2,2,1,2,2.46,0,24,FALSE
Female,Loyal Customer,36,Business Travel,Business,1797,4,5,5,5,3,3,2,4,4,4,4,2,1,3.54,8,0,FALSE
Female,Disloyal Customer,29,Business Travel,Eco,871,1,1,1,2,1,1,1,1,4,4,4,1,1,1.77,9,0,FALSE
Male,Loyal Customer,36,Personal Travel,Eco,862,3,5,3,1,2,3,2,2,3,4,5,4,2,3,1,2,FALSE
Female,Loyal Customer,58,Personal Travel,Eco,770,1,4,0,2,3,4,4,3,3,0,3,4,4,2.69,0,0,FALSE
Male,Loyal Customer,48,Business Travel,Business,2304,1,5,5,5,5,3,2,1,1,1,1,1,2,2.54,17,8,FALSE
Female,Loyal Customer,34,Business Travel,Business,2077,4,4,4,4,2,4,3,4,4,3,4,1,4,3.46,12,0,FALSE
Female,Loyal Customer,29,Business Travel,Business,3737,5,5,4,5,5,5,5,3,4,4,5,5,5,4.62,172,156,TRUE
Female,Loyal Customer,52,Business Travel,Eco,1208,4,2,2,2,5,3,2,4,4,4,4,4,2,3.23,5,0,TRUE
Female,Loyal Customer,60,Business Travel,Business,2416,2,2,2,2,3,4,5,4,4,4,5,5,4,3.54,0,3,TRUE
Male,Loyal Customer,45,Business Travel,Business,1400,3,3,3,3,3,5,5,3,3,2,3,3,4,3.31,0,0,TRUE
Female,Loyal Customer,31,Business Travel,Business,500,2,1,1,1,2,2,2,2,2,5,3,1,2,2,0,0,FALSE
Male,Loyal Customer,40,Business Travel,Business,2100,5,5,5,5,4,4,4,4,4,4,4,5,3,4.31,15,7,TRUE
Male,Loyal Customer,54,Business Travel,Business,1506,3,3,3,3,3,4,5,5,5,5,5,3,5,4,11,1,TRUE
Male,Loyal Customer,48,Personal Travel,Eco,114,1,3,0,3,0,4,4,1,4,2,2,4,4,2.46,138,131,FALSE
Female,Loyal Customer,58,Business Travel,Business,2248,5,5,5,5,4,4,5,4,4,4,4,3,3,4.23,0,0,TRUE
Female,Loyal Customer,48,Business Travel,Business,3361,3,3,3,3,3,4,5,2,2,2,2,4,4,3.08,0,0,TRUE
Female,Loyal Customer,47,Business Travel,Business,2253,2,2,2,2,4,5,4,3,3,4,3,4,5,3.31,0,1,TRUE
Male,Loyal Customer,32,Personal Travel,Eco,931,2,5,2,3,1,2,5,1,5,3,4,4,1,2.92,6,0,FALSE
Female,Disloyal Customer,22,Business Travel,Eco,1325,5,5,5,3,4,5,4,4,2,4,1,2,4,3.69,4,0,TRUE
Female,Disloyal Customer,35,Business Travel,Business,200,3,3,3,4,1,3,1,1,4,5,4,3,1,2.77,0,0,FALSE
Female,Loyal Customer,45,Business Travel,Business,936,3,3,3,3,4,3,4,4,4,4,4,3,3,3.46,0,0,TRUE
Female,Loyal Customer,56,Business Travel,Business,2832,4,5,4,4,5,5,5,4,4,4,4,5,4,4.38,0,0,TRUE
Female,Loyal Customer,44,Business Travel,Business,3622,1,1,1,1,2,4,5,3,3,3,3,5,5,2.85,0,12,TRUE
Male,Disloyal Customer,16,Business Travel,Eco,588,5,0,5,1,1,5,1,1,1,3,1,3,1,2.15,0,0,TRUE
Female,Loyal Customer,32,Business Travel,Business,1678,2,2,3,2,5,5,5,5,3,5,5,4,5,3.92,54,36,TRUE
Male,Loyal Customer,36,Personal Travel,Eco,546,1,5,1,3,1,1,1,1,3,2,4,4,1,2.15,0,2,FALSE
Female,Loyal Customer,25,Business Travel,Eco,627,4,3,1,3,4,4,3,4,4,2,1,2,4,3,0,2,TRUE
Male,Loyal Customer,36,Business Travel,Business,184,2,1,1,1,5,4,3,4,4,4,2,2,4,2.85,0,0,FALSE
Male,Loyal Customer,53,Business Travel,Business,1918,2,2,5,2,3,5,4,5,5,5,5,3,4,3.85,1,3,TRUE
Male,Loyal Customer,41,Business Travel,Eco,329,4,3,2,3,4,4,4,4,4,3,5,4,4,3.69,0,0,TRUE
Male,Loyal Customer,53,Business Travel,Eco,693,2,4,4,4,2,2,2,2,2,5,4,4,2,3,0,0,FALSE
Male,Loyal Customer,25,Personal Travel,Eco,836,1,4,1,5,5,1,5,5,3,4,4,3,5,3.54,32,34,FALSE
Male,Loyal Customer,9,Personal Travel,Eco,370,1,2,1,4,2,1,2,2,3,4,4,4,2,2.46,0,19,FALSE
Male,Loyal Customer,43,Business Travel,Business,3098,2,3,3,3,1,2,2,0,0,1,2,2,1,1.69,3,0,FALSE
Male,Loyal Customer,57,Personal Travel,Eco,173,1,1,0,3,5,0,3,5,4,3,3,2,5,2.69,0,26,FALSE
Female,Loyal Customer,38,Business Travel,Eco,1979,3,3,1,3,3,2,3,3,4,5,3,3,3,3,0,0,FALSE
Male,Loyal Customer,38,Personal Travel,Eco Plus,223,1,5,0,4,3,0,4,3,3,5,5,5,3,3.15,79,74,FALSE
Female,Loyal Customer,28,Personal Travel,Eco,337,3,4,3,3,3,3,3,3,3,5,4,1,3,3.15,0,0,FALSE
Female,Loyal Customer,27,Business Travel,Business,2611,3,3,3,3,5,5,5,4,5,3,5,5,5,4.15,0,0,TRUE
Female,Loyal Customer,39,Business Travel,Business,1052,1,1,1,1,5,5,5,5,5,5,5,5,4,3.69,3,0,TRUE
Female,Loyal Customer,30,Business Travel,Business,1736,3,4,4,4,3,3,3,3,1,4,3,1,3,3,0,0,FALSE
Male,Loyal Customer,61,Personal Travel,Eco,480,4,4,4,3,5,4,5,5,3,2,4,2,5,3.85,1,0,FALSE
Female,Loyal Customer,52,Business Travel,Eco,266,4,2,5,5,4,1,1,4,4,4,4,2,4,3.38,0,0,TRUE
Female,Disloyal Customer,37,Business Travel,Business,507,3,4,4,4,4,4,4,4,5,4,5,3,4,4,0,0,FALSE
Male,Loyal Customer,54,Business Travel,Business,261,3,1,1,1,3,3,4,3,3,4,3,4,4,2.85,22,16,FALSE
Male,Loyal Customer,10,Personal Travel,Eco,484,2,2,2,2,2,2,2,2,3,3,5,3,2,2.46,98,102,FALSE
Male,Loyal Customer,23,Business Travel,Eco Plus,719,3,3,4,4,3,3,4,3,3,2,3,4,3,3.23,1,0,FALSE
Male,Loyal Customer,21,Personal Travel,Eco,573,2,4,3,3,1,3,1,1,2,5,3,3,1,2.46,13,10,FALSE
Female,Loyal Customer,31,Personal Travel,Eco Plus,991,2,5,2,2,2,2,2,2,5,3,5,5,2,3,56,62,FALSE
Male,Loyal Customer,55,Business Travel,Business,1540,3,3,4,4,2,3,4,3,3,3,3,1,1,2.85,0,19,FALSE
Male,Disloyal Customer,27,Business Travel,Business,733,5,5,5,2,4,5,1,4,5,2,5,3,4,3.85,23,8,TRUE
Female,Loyal Customer,62,Business Travel,Business,390,2,2,2,2,5,5,5,5,5,5,5,3,5,3.92,0,0,TRUE
Male,Loyal Customer,55,Personal Travel,Eco Plus,261,1,5,1,1,3,1,4,3,1,4,4,5,3,2.77,0,0,FALSE
Female,Loyal Customer,46,Personal Travel,Eco,416,2,3,2,3,2,1,3,4,4,2,4,4,5,3,29,32,FALSE
Male,Loyal Customer,40,Business Travel,Business,1072,5,5,5,5,5,5,4,5,5,5,5,4,4,4.77,90,82,TRUE
Female,Loyal Customer,42,Business Travel,Business,1372,5,1,5,5,5,4,5,4,4,4,4,4,5,4.23,0,0,TRUE
Female,Loyal Customer,34,Personal Travel,Eco,640,1,5,1,4,1,1,1,1,3,5,4,4,1,2.46,3,20,FALSE
Female,Loyal Customer,46,Business Travel,Eco,629,4,1,1,1,5,4,3,4,4,4,4,2,3,3.08,0,0,FALSE
Male,Loyal Customer,38,Business Travel,Eco,135,4,3,3,3,4,4,4,4,3,5,3,2,4,3.54,0,43,FALSE
Female,Loyal Customer,78,Business Travel,Business,1531,0,5,1,3,3,4,3,2,2,2,4,2,2,2.54,0,0,TRUE
Female,Disloyal Customer,38,Business Travel,Business,226,4,4,4,2,3,4,3,3,4,2,5,4,3,3.46,0,0,FALSE
Female,Loyal Customer,40,Business Travel,Business,237,4,4,4,4,4,4,5,4,4,4,4,3,4,4,0,0,TRUE
Male,Loyal Customer,50,Business Travel,Business,3642,3,5,3,3,4,5,4,5,5,5,5,3,4,4.15,0,0,TRUE
Male,Loyal Customer,44,Personal Travel,Eco,577,5,5,5,4,2,5,5,2,4,5,5,3,2,4,0,0,TRUE
Female,Loyal Customer,53,Business Travel,Eco,410,4,4,4,4,4,4,3,4,4,4,4,2,2,3.62,0,0,TRUE
Male,Loyal Customer,40,Business Travel,Business,2105,2,5,2,2,4,4,4,5,5,5,5,4,5,4,31,12,TRUE
Male,Disloyal Customer,38,Business Travel,Business,441,1,1,1,3,4,1,4,4,3,5,4,3,4,2.92,0,0,FALSE
Female,Disloyal Customer,54,Business Travel,Eco,239,3,2,3,3,5,3,5,5,1,4,4,4,5,3.62,10,10,FALSE
Female,Loyal Customer,44,Business Travel,Eco,1739,5,3,3,3,4,4,2,5,5,5,5,5,5,4.15,14,0,TRUE
Female,Loyal Customer,54,Business Travel,Business,2101,2,3,3,3,3,3,3,2,2,2,2,4,4,2.77,0,0,FALSE
Male,Loyal Customer,12,Personal Travel,Eco Plus,2419,1,4,1,4,2,1,2,2,3,5,3,4,2,2.62,60,59,FALSE
Female,Loyal Customer,35,Personal Travel,Eco,255,1,3,1,2,1,1,1,1,2,2,2,3,1,1.62,96,88,FALSE
Male,Loyal Customer,34,Personal Travel,Eco,1009,2,3,2,4,5,2,5,5,4,1,4,4,5,3.54,0,0,FALSE
Female,Disloyal Customer,22,Business Travel,Eco,616,5,0,5,2,4,5,4,4,5,2,4,4,4,3.69,0,5,TRUE
Female,Loyal Customer,14,Personal Travel,Eco,2586,3,4,3,2,3,2,2,5,4,3,5,2,2,3.08,3,0,FALSE
Female,Loyal Customer,54,Personal Travel,Eco,368,2,4,5,4,2,4,4,2,2,5,4,4,3,3.46,0,9,FALSE
Male,Disloyal Customer,22,Business Travel,Eco,639,2,4,2,3,2,2,2,2,4,4,1,2,2,2.46,0,0,FALSE
Male,Loyal Customer,56,Business Travel,Business,2161,5,4,5,5,5,4,5,5,5,5,5,4,4,4.69,47,40,TRUE
Male,Disloyal Customer,51,Business Travel,Eco,495,3,2,3,2,2,3,2,2,4,2,3,4,2,2.62,0,0,FALSE
Female,Loyal Customer,38,Business Travel,Business,950,2,1,1,1,2,2,3,2,2,2,2,4,2,2,0,0,FALSE
Female,Loyal Customer,61,Personal Travel,Eco Plus,1444,3,2,3,3,5,2,3,4,4,3,4,4,1,3.15,15,23,FALSE
Male,Loyal Customer,77,Business Travel,Business,453,1,1,1,1,3,4,2,3,3,4,3,2,3,2.38,40,57,TRUE
Female,Loyal Customer,52,Business Travel,Business,347,3,4,4,4,5,3,4,3,3,4,3,3,2,3.46,19,5,FALSE
Female,Loyal Customer,51,Business Travel,Business,1199,5,5,5,5,4,3,5,4,4,4,4,4,2,4.15,2,11,TRUE
Male,Loyal Customer,17,Personal Travel,Eco,1010,2,4,2,4,3,2,3,3,1,2,3,3,3,2.69,5,19,FALSE
Female,Loyal Customer,16,Business Travel,Business,407,3,5,5,5,3,3,3,3,1,5,3,1,3,3.31,54,43,FALSE
Female,Loyal Customer,30,Business Travel,Business,2781,1,1,1,1,4,4,4,4,3,4,5,4,4,3.08,0,5,TRUE
Male,Loyal Customer,64,Personal Travel,Eco,1303,0,5,1,1,4,1,4,4,3,4,4,5,4,3.08,2,0,TRUE
Female,Loyal Customer,37,Business Travel,Eco,550,5,4,4,4,5,5,5,5,4,5,4,3,5,4.46,0,0,TRUE
Male,Loyal Customer,38,Personal Travel,Eco,134,4,4,4,4,5,4,5,5,4,3,4,3,5,4.15,0,9,TRUE
Female,Loyal Customer,23,Business Travel,Business,3441,5,4,4,4,5,4,5,5,2,4,4,3,5,4.15,1,10,FALSE
Male,Loyal Customer,38,Business Travel,Business,399,3,3,3,3,5,5,2,5,5,5,5,1,3,3.69,0,0,TRUE
Male,Loyal Customer,57,Business Travel,Eco,160,4,1,3,1,4,4,4,4,1,2,4,4,4,3.08,0,0,TRUE
Female,Loyal Customer,39,Business Travel,Business,2185,4,4,4,4,5,5,4,5,5,5,5,4,4,4.46,33,25,TRUE
Male,Loyal Customer,40,Business Travel,Business,2922,5,5,5,5,2,5,5,3,3,4,3,5,5,4.23,1,0,TRUE
Female,Loyal Customer,19,Personal Travel,Eco,2409,5,2,4,4,1,4,1,1,3,3,4,3,1,2.77,0,0,TRUE
Male,Loyal Customer,34,Personal Travel,Eco,337,3,2,3,4,2,3,5,2,3,4,4,4,2,3.15,21,7,FALSE
Female,Disloyal Customer,58,Business Travel,Business,405,3,3,3,4,4,3,4,4,5,2,5,5,4,3.77,12,0,FALSE
Female,Loyal Customer,35,Business Travel,Business,2520,2,1,3,1,1,3,4,2,2,2,2,1,2,2,17,5,FALSE
Female,Loyal Customer,51,Personal Travel,Eco,156,3,4,0,4,3,4,5,5,5,0,5,5,4,3.62,0,0,FALSE
Female,Loyal Customer,24,Business Travel,Business,1673,1,1,1,1,4,4,4,4,4,3,5,4,4,3.08,3,6,TRUE
Male,Disloyal Customer,38,Business Travel,Eco,95,3,3,3,3,3,3,3,3,2,5,3,1,3,2.92,87,59,FALSE
Female,Disloyal Customer,43,Business Travel,Business,116,3,3,3,4,2,3,2,2,3,5,4,3,2,3,7,43,FALSE
Female,Disloyal Customer,16,Business Travel,Business,761,5,4,5,2,3,5,3,3,3,3,5,3,3,3.62,0,44,TRUE
Female,Loyal Customer,70,Personal Travel,Eco,1371,2,4,2,3,4,3,5,3,3,2,4,5,4,3.38,0,0,FALSE
Male,Loyal Customer,39,Business Travel,Business,650,2,2,2,2,4,5,5,4,4,4,4,5,3,3.54,0,0,TRUE
Male,Loyal Customer,42,Business Travel,Business,3857,0,0,0,3,3,4,5,5,5,5,5,3,5,3.31,3,5,TRUE
Male,Loyal Customer,27,Personal Travel,Eco,405,3,4,3,2,2,3,2,2,3,3,5,5,2,3,85,76,FALSE
Male,Loyal Customer,17,Personal Travel,Eco,907,3,5,3,2,1,3,1,1,5,4,5,5,1,3,1,8,FALSE
Male,Loyal Customer,53,Business Travel,Eco,785,4,4,4,4,3,4,3,3,1,2,1,4,3,3.08,7,2,TRUE
Male,Loyal Customer,56,Personal Travel,Eco,200,2,5,2,2,4,2,5,4,4,3,5,5,4,3.62,0,0,FALSE
Male,Loyal Customer,41,Business Travel,Business,3397,4,4,4,4,3,4,5,5,5,5,5,3,3,4.15,0,0,TRUE
Female,Loyal Customer,34,Personal Travel,Eco,788,3,3,3,4,2,3,2,2,3,2,4,4,2,2.85,51,54,FALSE
Female,Loyal Customer,45,Business Travel,Eco,561,2,5,2,2,3,3,3,2,2,2,2,2,4,2.62,64,54,FALSE
Male,Loyal Customer,39,Business Travel,Business,3896,5,5,5,5,4,5,5,5,5,5,5,3,4,4.69,0,0,TRUE
Male,Loyal Customer,12,Personal Travel,Eco,2556,1,1,1,4,4,1,4,4,3,4,3,1,4,2.69,1,0,FALSE
Male,Loyal Customer,13,Personal Travel,Eco,1747,5,1,5,2,2,5,2,2,2,5,1,3,2,2.85,0,0,TRUE
Male,Loyal Customer,56,Business Travel,Eco,528,2,4,4,4,2,2,2,2,4,4,4,3,2,3,4,0,FALSE
Female,Loyal Customer,21,Personal Travel,Eco,223,1,4,1,1,1,1,1,1,4,3,4,4,1,2.08,0,0,FALSE
Male,Loyal Customer,29,Business Travel,Business,2399,4,3,4,3,4,4,4,4,2,5,3,4,4,3.69,3,11,FALSE
Male,Disloyal Customer,29,Business Travel,Business,1443,0,0,0,5,0,2,2,3,5,4,4,2,2,2.23,0,0,TRUE
Female,Loyal Customer,54,Personal Travel,Eco Plus,919,4,4,4,3,3,3,3,4,4,4,4,4,2,3.54,36,34,FALSE
Female,Loyal Customer,44,Business Travel,Business,862,3,3,3,3,3,5,5,2,2,2,2,5,3,3.15,0,0,TRUE
Male,Loyal Customer,22,Business Travel,Business,2554,5,1,5,5,4,4,4,4,5,3,4,4,4,4,28,34,TRUE
Male,Loyal Customer,40,Business Travel,Eco,160,5,3,4,4,5,5,5,5,4,1,4,4,5,4.15,0,0,TRUE
Female,Disloyal Customer,55,Business Travel,Eco,201,3,4,2,3,5,2,5,5,3,4,3,3,5,3.62,0,0,FALSE
Male,Loyal Customer,50,Business Travel,Business,674,2,1,1,1,3,4,3,2,2,2,2,2,4,2.23,15,52,FALSE
Male,Loyal Customer,36,Business Travel,Business,642,3,3,3,3,4,4,4,4,4,4,4,5,5,3.85,11,0,TRUE
Female,Loyal Customer,38,Business Travel,Eco,391,2,3,3,3,2,2,2,2,3,1,3,4,2,2.46,0,0,FALSE
Male,Disloyal Customer,42,Business Travel,Eco,1385,3,3,3,4,4,3,4,4,1,3,2,1,4,3,0,3,FALSE
Female,Loyal Customer,32,Business Travel,Eco,1660,4,4,4,4,4,4,4,4,4,1,4,1,4,3.54,5,0,FALSE
Male,Disloyal Customer,29,Business Travel,Business,852,1,1,1,1,2,1,2,2,3,4,5,3,2,2.15,0,0,FALSE
Male,Loyal Customer,35,Business Travel,Business,3627,5,5,5,5,2,4,4,4,4,4,4,4,3,4.08,0,0,TRUE
Male,Loyal Customer,64,Business Travel,Eco Plus,1069,4,5,5,5,4,4,4,4,4,4,2,3,4,4,0,0,TRUE
Female,Loyal Customer,51,Business Travel,Business,488,2,2,2,2,2,5,4,5,5,5,5,3,5,3.62,27,28,TRUE
Male,Loyal Customer,48,Business Travel,Business,3155,1,1,1,1,2,5,4,5,5,4,5,4,5,3.31,0,0,TRUE
Male,Disloyal Customer,20,Business Travel,Eco,1506,1,1,1,3,1,1,1,1,3,5,3,4,1,2,0,0,FALSE
Female,Loyal Customer,43,Personal Travel,Eco,1084,3,5,3,3,3,5,4,2,2,3,1,5,5,3.38,0,0,FALSE
Female,Disloyal Customer,44,Business Travel,Eco,536,1,1,1,2,2,1,2,2,1,1,2,2,2,1.54,0,0,FALSE
Female,Loyal Customer,11,Personal Travel,Eco,296,2,5,2,3,2,1,5,3,3,5,5,5,5,3.54,143,148,FALSE
Female,Loyal Customer,38,Business Travel,Business,210,3,3,3,3,3,5,4,5,5,5,5,4,5,4.08,0,0,TRUE
Female,Loyal Customer,36,Personal Travel,Eco,2586,2,4,2,4,2,5,4,3,4,3,5,4,4,3.54,6,0,FALSE
Male,Disloyal Customer,37,Business Travel,Eco,556,4,0,4,2,1,4,1,1,3,1,2,3,1,2.08,0,3,FALSE
Female,Disloyal Customer,35,Business Travel,Business,654,3,3,3,4,1,3,1,1,3,3,3,1,1,2.31,83,86,FALSE
Female,Disloyal Customer,25,Business Travel,Business,861,3,5,3,1,3,3,3,3,5,5,4,3,3,3.38,0,0,FALSE
Female,Loyal Customer,45,Personal Travel,Eco,689,3,4,3,4,4,4,5,3,3,3,3,3,4,3.54,23,7,FALSE
Male,Loyal Customer,50,Business Travel,Business,255,2,2,2,2,2,4,4,5,5,5,5,3,5,3.54,0,0,TRUE
Male,Loyal Customer,68,Personal Travel,Eco,575,4,5,4,3,1,4,3,1,3,2,4,3,1,2.92,0,0,FALSE
Female,Loyal Customer,29,Personal Travel,Eco,308,1,3,1,4,3,1,1,3,3,3,4,1,3,2.38,21,17,FALSE
Male,Loyal Customer,17,Business Travel,Business,3346,2,4,4,4,2,2,2,2,1,1,3,4,2,2.54,15,0,FALSE
Male,Loyal Customer,43,Business Travel,Business,3666,3,3,3,3,2,5,5,4,4,5,4,5,5,3.92,0,0,TRUE
Female,Loyal Customer,39,Business Travel,Business,1039,4,4,4,4,2,5,4,4,4,4,4,4,3,3.85,0,0,TRUE
Female,Loyal Customer,27,Business Travel,Business,2192,1,1,5,1,2,2,2,2,3,3,4,5,2,2.54,42,,TRUE
Male,Loyal Customer,44,Business Travel,Business,2052,2,2,2,2,4,4,4,5,5,5,5,4,3,3.62,0,0,TRUE
Male,Loyal Customer,14,Personal Travel,Eco,456,4,5,4,2,5,4,5,5,4,3,5,3,5,4.15,0,0,FALSE
Male,Loyal Customer,55,Business Travel,Business,1779,1,1,1,1,3,4,5,4,4,4,4,4,3,3,0,9,TRUE
Female,Loyal Customer,32,Business Travel,Business,2232,3,3,3,3,5,5,5,5,5,4,4,5,5,4.23,0,0,TRUE
Female,Disloyal Customer,25,Business Travel,Eco,1173,1,1,1,4,3,1,1,3,1,5,4,1,3,2.23,23,50,FALSE
Male,Disloyal Customer,28,Business Travel,Eco,612,4,3,4,4,3,4,3,3,4,5,4,3,3,3.62,0,0,FALSE
Female,Loyal Customer,34,Personal Travel,Eco,859,2,4,2,3,1,2,1,1,3,5,2,4,1,2.38,0,11,FALSE
Male,Loyal Customer,69,Personal Travel,Eco,1773,1,4,1,3,5,1,5,5,2,4,5,1,5,3.23,0,0,FALSE
Female,Loyal Customer,35,Business Travel,Business,2842,0,0,0,4,3,2,5,2,2,2,2,5,2,2.23,0,0,TRUE
Male,Loyal Customer,46,Personal Travel,Business,762,2,5,2,2,3,5,4,2,2,2,2,3,4,2.92,6,4,FALSE
Female,Loyal Customer,62,Personal Travel,Eco,347,2,5,2,1,2,5,4,4,4,2,4,4,5,3.38,17,12,FALSE
Female,Loyal Customer,43,Business Travel,Business,1598,4,4,4,4,5,5,4,5,5,5,5,4,5,4.54,0,0,TRUE
Male,Loyal Customer,24,Personal Travel,Eco,204,3,3,0,3,5,0,4,5,1,1,2,3,5,2.69,64,54,FALSE
Female,Loyal Customer,27,Personal Travel,Eco,2248,4,5,4,1,3,4,3,3,5,4,3,4,3,3.54,0,0,TRUE
Female,Loyal Customer,36,Business Travel,Eco,925,1,3,3,3,1,1,1,1,1,5,2,4,1,2.08,35,35,FALSE
Male,Loyal Customer,40,Personal Travel,Eco,140,2,4,2,4,3,2,5,3,4,4,4,3,3,3.31,0,0,FALSE
Male,Loyal Customer,57,Business Travel,Business,2611,2,3,3,3,2,2,2,1,4,2,3,2,2,2.38,0,0,FALSE
Male,Loyal Customer,35,Business Travel,Eco,1028,4,5,5,5,4,4,4,4,1,2,1,4,4,3.62,0,0,TRUE
Male,Loyal Customer,40,Personal Travel,Eco,696,4,4,5,3,4,5,4,4,3,5,4,3,4,4,5,18,FALSE
Male,Loyal Customer,45,Business Travel,Business,1444,2,2,2,2,2,5,4,4,4,4,4,5,5,3.46,30,17,TRUE
Male,Loyal Customer,50,Business Travel,Business,200,3,2,2,2,1,2,3,1,1,1,3,4,4,2.23,0,0,FALSE
Male,Loyal Customer,47,Business Travel,Business,2075,2,2,2,2,5,5,5,4,4,4,4,4,4,3.62,0,0,TRUE
Male,Loyal Customer,50,Personal Travel,Eco,2446,1,4,1,2,5,1,5,5,1,2,2,3,5,2.85,0,0,FALSE
Male,Loyal Customer,14,Business Travel,Eco,1754,2,5,5,5,2,2,4,2,4,1,2,3,2,3,28,33,FALSE
Female,Loyal Customer,65,Personal Travel,Eco Plus,1337,4,4,4,5,5,3,5,4,4,4,4,3,3,4,0,0,FALSE
Female,Loyal Customer,33,Personal Travel,Eco,861,2,5,2,4,3,2,3,3,4,5,4,5,3,3.46,0,0,FALSE
Male,Loyal Customer,42,Business Travel,Business,2381,1,1,1,1,2,5,4,5,5,5,5,3,5,3.31,5,0,TRUE
Female,Loyal Customer,54,Business Travel,Business,2330,4,4,4,4,5,5,5,3,3,3,3,4,5,4,36,17,TRUE
Male,Loyal Customer,48,Business Travel,Business,326,5,5,5,5,4,5,5,5,5,5,5,5,4,4.85,0,0,TRUE
Male,Loyal Customer,15,Personal Travel,Eco Plus,304,4,5,4,4,5,4,5,5,4,4,4,5,5,4.46,4,2,FALSE
Female,Loyal Customer,14,Personal Travel,Eco Plus,1186,3,4,3,1,3,3,3,3,5,3,3,4,3,3.15,7,0,FALSE
Female,Loyal Customer,72,Business Travel,Eco,2399,4,3,3,3,3,4,5,5,5,4,5,1,4,3.77,0,0,TRUE
Male,Disloyal Customer,26,Business Travel,Business,226,3,0,3,2,3,3,3,3,5,2,4,3,3,2.85,17,21,FALSE
Female,Loyal Customer,56,Business Travel,Business,200,5,5,5,5,2,4,4,5,5,5,5,5,5,4.62,0,0,TRUE
Female,Loyal Customer,42,Business Travel,Eco,204,5,1,1,1,3,3,4,5,5,5,5,5,2,3.46,0,22,TRUE
Female,Loyal Customer,31,Business Travel,Business,432,4,4,2,4,5,5,5,5,4,2,5,3,5,4.08,3,6,TRUE
Female,Loyal Customer,22,Business Travel,Business,2652,2,2,2,2,4,4,4,4,1,3,3,3,4,2.92,0,0,TRUE
Male,Loyal Customer,31,Business Travel,Business,2415,0,0,0,2,5,5,5,5,1,5,2,2,5,2.85,0,0,TRUE
Male,Disloyal Customer,32,Business Travel,Business,728,2,2,2,1,5,2,5,5,5,4,4,5,5,3.62,1,0,FALSE
Male,Loyal Customer,30,Personal Travel,Eco,270,2,4,1,3,4,1,4,4,4,3,4,2,4,3.08,0,0,FALSE
Female,Disloyal Customer,26,Business Travel,Business,337,0,0,0,4,3,0,3,3,4,4,4,5,3,2.54,0,0,TRUE
Female,Loyal Customer,44,Business Travel,Eco,391,5,3,3,3,3,3,1,5,5,5,5,1,5,3.62,0,3,TRUE
Female,Loyal Customer,31,Personal Travel,Eco,1205,4,1,4,4,4,4,5,4,4,2,3,3,4,3.54,8,0,FALSE
Male,Loyal Customer,49,Business Travel,Business,141,2,1,1,1,5,4,3,3,3,3,2,4,1,2.54,61,58,FALSE
Female,Loyal Customer,17,Personal Travel,Eco Plus,296,3,4,3,3,3,2,2,4,3,5,5,2,2,3.15,89,148,FALSE
Male,Loyal Customer,42,Business Travel,Eco Plus,1039,5,4,4,4,5,5,5,5,4,5,5,3,5,4.54,17,16,TRUE
Male,Loyal Customer,41,Business Travel,Eco Plus,304,2,5,5,5,3,2,3,3,2,4,3,4,3,3.38,127,119,FALSE
Male,Disloyal Customer,21,Business Travel,Business,255,4,0,4,3,4,4,4,4,5,4,4,4,4,3.69,5,1,TRUE
Female,Loyal Customer,53,Business Travel,Business,283,4,4,4,4,2,4,5,5,5,5,5,4,5,4.31,0,0,TRUE
Female,Loyal Customer,40,Business Travel,Business,641,5,5,5,5,4,5,4,3,3,3,3,3,5,4.08,14,15,TRUE
Male,Loyal Customer,42,Personal Travel,Eco,908,3,3,3,2,5,3,5,5,5,5,4,4,5,4,6,15,FALSE
Male,Loyal Customer,55,Personal Travel,Eco,239,5,4,5,2,2,5,2,2,5,4,5,5,2,3.69,0,0,TRUE
Female,Loyal Customer,63,Personal Travel,Eco,528,3,2,3,3,3,4,4,2,2,3,1,3,2,2.69,11,0,FALSE
Female,Loyal Customer,41,Personal Travel,Eco,1205,1,2,1,4,3,1,3,3,3,5,4,4,3,2.85,5,23,FALSE
Female,Loyal Customer,22,Personal Travel,Eco,223,4,5,4,4,2,4,2,2,4,5,5,5,2,3.69,0,0,TRUE
Male,Loyal Customer,44,Business Travel,Business,2859,4,4,4,4,1,5,5,3,3,5,3,3,4,3.69,0,0,TRUE
Female,Loyal Customer,38,Business Travel,Eco Plus,413,3,4,4,4,3,3,3,3,3,1,4,2,3,3.08,0,0,FALSE
Female,Loyal Customer,53,Business Travel,Business,1660,1,1,1,1,2,5,5,5,5,5,5,5,3,3.38,26,13,TRUE
Male,Loyal Customer,30,Personal Travel,Business,262,1,2,1,3,2,1,2,2,3,5,4,3,2,2.38,23,37,FALSE
Male,Loyal Customer,50,Personal Travel,Eco,338,3,4,3,3,3,3,3,3,4,2,5,4,3,3.31,9,4,FALSE
Female,Loyal Customer,30,Personal Travel,Eco,816,2,0,2,1,3,2,3,3,5,3,5,4,3,2.77,79,62,FALSE
Male,Loyal Customer,60,Business Travel,Business,2315,1,1,1,1,2,5,5,4,4,4,4,4,5,3.15,26,23,TRUE
Male,Loyal Customer,44,Personal Travel,Eco,449,3,5,3,1,2,3,2,2,4,4,4,3,2,2.92,4,0,FALSE
Female,Loyal Customer,56,Business Travel,Business,1846,3,4,3,3,4,4,4,5,5,5,5,5,3,4.08,19,24,TRUE
Male,Loyal Customer,34,Personal Travel,Eco,255,4,4,0,4,1,0,1,1,5,3,5,2,1,2.38,0,0,FALSE
Male,Disloyal Customer,24,Business Travel,Eco,854,1,1,1,1,2,1,2,2,4,1,5,5,2,2.15,0,0,FALSE
Female,Loyal Customer,60,Business Travel,Business,486,1,1,2,1,4,4,5,4,4,4,4,5,3,3.23,1,0,TRUE
Female,Loyal Customer,44,Business Travel,Business,3596,4,4,4,4,4,4,5,5,5,5,5,5,3,4.38,0,0,TRUE
Female,Loyal Customer,44,Business Travel,Eco,134,5,1,1,1,5,5,5,1,4,1,5,5,5,3.38,153,135,TRUE
Female,Loyal Customer,48,Business Travel,Business,3788,3,4,4,4,1,4,3,3,3,3,3,1,2,2.92,29,28,FALSE
Male,Loyal Customer,52,Personal Travel,Eco,577,3,4,3,4,5,3,5,5,4,2,5,3,5,3.92,20,11,FALSE
Male,Loyal Customer,50,Business Travel,Business,2581,3,3,3,3,4,4,4,5,5,4,5,4,5,4,0,0,TRUE
Female,Loyal Customer,49,Business Travel,Eco,569,1,3,3,3,2,4,3,1,1,1,1,3,3,2.23,0,19,FALSE
Female,Loyal Customer,39,Business Travel,Business,1416,4,4,4,4,5,5,4,5,5,5,5,4,3,4.38,0,0,TRUE
Male,Loyal Customer,63,Personal Travel,Eco Plus,411,1,5,1,2,4,1,4,4,5,3,4,5,4,3.31,0,0,FALSE
Female,Loyal Customer,55,Business Travel,Eco Plus,152,3,3,3,3,1,1,5,4,4,3,4,5,5,3.38,0,0,TRUE
Female,Loyal Customer,51,Business Travel,Business,1875,2,2,2,2,3,5,5,5,5,5,5,5,3,3.77,2,0,TRUE
Male,Loyal Customer,52,Business Travel,Business,3814,4,4,4,4,3,5,5,4,4,4,4,3,5,4.08,0,0,TRUE
Male,Loyal Customer,59,Business Travel,Business,1013,3,3,3,3,3,4,4,4,4,4,4,5,4,3.69,0,0,TRUE
Male,Loyal Customer,51,Business Travel,Business,1237,2,2,2,2,5,5,5,5,2,4,3,5,5,3.62,195,180,TRUE
Female,Loyal Customer,46,Business Travel,Business,2343,1,1,1,1,3,4,4,3,3,4,3,4,5,2.85,0,5,TRUE
Female,Loyal Customer,42,Business Travel,Business,248,0,0,0,4,4,5,5,2,2,2,2,4,3,2.54,6,0,TRUE
Male,Loyal Customer,59,Business Travel,Business,3149,1,1,1,1,1,4,3,1,1,1,1,4,2,1.69,3,5,FALSE
Male,Loyal Customer,27,Business Travel,Business,588,3,3,3,3,4,4,4,4,5,1,3,3,4,3.38,0,0,TRUE
Female,Loyal Customer,22,Personal Travel,Eco,341,2,5,2,3,1,2,1,1,4,3,5,4,1,2.62,0,5,FALSE
Female,Loyal Customer,31,Business Travel,Eco Plus,528,0,0,0,4,0,2,2,3,1,2,3,2,2,1.62,140,138,TRUE
Male,Loyal Customer,59,Personal Travel,Eco Plus,2405,3,1,2,3,4,2,2,4,1,4,3,4,4,2.85,16,4,FALSE
Male,Loyal Customer,39,Business Travel,Business,399,3,1,1,1,4,3,4,3,3,3,3,2,3,2.62,0,0,FALSE
Female,Loyal Customer,29,Business Travel,Business,3799,1,1,5,1,5,5,5,5,3,1,1,2,5,3.08,0,0,TRUE
Male,Loyal Customer,56,Personal Travel,Eco,468,0,5,0,2,5,0,5,5,4,5,5,4,5,3.46,0,0,TRUE
Male,Loyal Customer,27,Personal Travel,Eco,1069,2,4,1,4,5,1,5,5,5,2,4,4,5,3.62,0,0,FALSE
Female,Loyal Customer,28,Business Travel,Business,3952,4,4,4,4,4,4,4,4,1,3,4,4,4,3.69,48,32,TRUE
Female,Loyal Customer,20,Business Travel,Eco Plus,432,2,1,1,1,2,2,2,2,2,2,4,4,2,2.08,11,18,FALSE
Female,Loyal Customer,43,Business Travel,Business,1597,5,5,5,5,4,3,5,5,5,5,5,5,3,4.62,0,1,TRUE
Female,Loyal Customer,36,Business Travel,Eco Plus,368,1,2,2,2,1,1,1,1,4,5,4,4,1,2.23,0,0,FALSE
Male,Loyal Customer,54,Personal Travel,Eco,679,2,5,2,4,1,2,1,1,4,3,1,5,1,2.46,0,2,FALSE
Male,Loyal Customer,68,Personal Travel,Business,1605,3,2,3,4,5,3,4,4,4,3,4,1,4,3.38,1,0,FALSE
Male,Loyal Customer,39,Business Travel,Business,1750,1,1,1,1,4,5,4,5,5,4,5,4,4,3.38,0,0,TRUE
Male,Loyal Customer,52,Personal Travel,Eco,680,0,4,0,1,5,0,5,5,3,2,5,3,5,2.92,6,3,TRUE
Male,Loyal Customer,31,Personal Travel,Business,802,3,4,3,2,3,3,3,3,1,4,2,4,3,2.92,24,27,FALSE
Female,Loyal Customer,41,Business Travel,Business,550,1,1,1,1,1,2,1,2,2,2,2,1,5,1.69,0,0,TRUE
Male,Loyal Customer,56,Business Travel,Eco Plus,183,4,1,1,1,4,4,4,4,4,3,2,4,4,3.08,0,0,TRUE
Male,Loyal Customer,70,Personal Travel,Eco,895,2,4,2,2,5,2,5,5,5,3,4,5,5,3.77,0,0,FALSE
Male,Loyal Customer,42,Personal Travel,Eco,1208,4,1,4,2,4,4,4,4,4,3,2,4,4,3.38,6,0,FALSE
Female,Loyal Customer,46,Business Travel,Business,846,1,1,1,1,3,4,4,5,5,5,5,3,3,3.15,0,0,TRUE
Female,Loyal Customer,23,Personal Travel,Eco Plus,909,1,5,0,3,5,0,5,5,1,2,5,4,5,3.15,1,0,FALSE
Female,Loyal Customer,61,Business Travel,Business,2288,2,2,3,2,4,2,1,4,4,4,4,3,1,2.77,0,0,TRUE
Male,Loyal Customer,65,Personal Travel,Eco,358,2,3,2,2,4,2,1,4,2,1,2,1,4,2.31,0,0,FALSE
Male,Loyal Customer,29,Business Travel,Business,1721,4,4,4,4,3,3,3,3,3,3,5,4,3,3.54,0,0,TRUE
Female,Loyal Customer,45,Business Travel,Business,3277,4,4,1,4,4,4,4,4,4,4,4,4,5,3.85,0,0,TRUE
Female,Loyal Customer,35,Business Travel,Business,438,4,2,2,2,1,3,4,4,4,4,4,1,2,2.85,80,90,FALSE
Female,Loyal Customer,25,Personal Travel,Eco,1023,2,2,1,3,5,1,5,5,2,2,1,4,5,2.92,0,6,FALSE
Female,Loyal Customer,52,Business Travel,Business,2502,1,1,2,1,5,3,2,4,4,4,4,5,1,2.85,0,2,TRUE
Female,Loyal Customer,28,Business Travel,Business,2503,1,1,1,1,4,4,4,4,5,3,4,4,4,3.08,0,0,TRUE
Male,Loyal Customer,40,Business Travel,Business,2449,4,4,4,4,4,4,5,4,4,4,4,3,5,4.08,0,0,TRUE
Male,Loyal Customer,53,Business Travel,Business,833,5,5,5,5,5,4,5,4,4,4,4,4,5,4.54,0,0,TRUE
Male,Loyal Customer,57,Business Travel,Business,2073,4,4,4,4,5,4,3,4,4,4,4,1,1,3.54,29,23,FALSE
Male,Loyal Customer,20,Personal Travel,Eco,1379,3,1,3,4,3,3,4,3,4,3,3,2,3,3,29,29,FALSE
Female,Disloyal Customer,23,Business Travel,Eco,680,5,5,5,2,3,5,3,3,3,2,5,4,3,3.69,12,11,TRUE
Male,Loyal Customer,28,Business Travel,Business,2717,4,2,2,2,4,4,4,4,2,3,4,4,4,3.31,0,3,FALSE
Male,Loyal Customer,35,Business Travel,Business,3229,4,4,4,4,5,5,5,2,2,2,2,4,5,3.69,10,6,TRUE
Female,Loyal Customer,44,Personal Travel,Eco Plus,925,1,5,1,4,3,5,4,1,1,1,1,3,4,2.62,10,5,FALSE
Male,Loyal Customer,72,Business Travel,Business,110,3,3,5,3,3,5,5,3,3,4,3,3,2,3.46,0,0,TRUE
Male,Disloyal Customer,25,Business Travel,Eco,1259,3,2,2,1,4,2,4,4,3,5,5,3,4,3.23,11,12,FALSE
Male,Disloyal Customer,38,Business Travel,Business,236,3,3,3,3,5,3,5,5,5,2,4,4,5,3.85,0,0,FALSE
Male,Disloyal Customer,22,Business Travel,Business,1127,0,0,1,2,4,1,4,4,3,3,4,4,4,2.62,0,0,TRUE
Male,Loyal Customer,54,Business Travel,Eco,1635,1,0,0,2,4,1,4,4,3,2,1,2,4,2.15,11,0,FALSE
Male,Loyal Customer,15,Business Travel,Business,2475,2,2,2,2,3,3,3,3,5,4,5,5,3,3.23,6,0,TRUE
Male,Disloyal Customer,26,Business Travel,Eco,328,4,0,4,4,5,4,4,5,3,1,4,3,5,3.54,5,41,FALSE
Female,Loyal Customer,34,Personal Travel,Eco,237,2,2,0,3,3,0,3,3,2,1,3,4,3,2.23,0,2,FALSE
Female,Loyal Customer,62,Personal Travel,Eco,356,4,4,4,4,5,5,4,4,4,4,4,3,4,4.08,0,1,FALSE
Female,Loyal Customer,51,Business Travel,Business,3498,4,4,4,4,5,5,4,4,4,4,4,4,3,4.08,0,0,TRUE
Female,Loyal Customer,47,Business Travel,Business,333,5,5,3,5,3,4,4,4,4,4,4,5,5,4.23,0,0,TRUE
Male,Loyal Customer,26,Personal Travel,Business,644,0,5,0,3,4,0,4,4,5,2,4,3,4,2.92,0,0,TRUE
Male,Loyal Customer,12,Business Travel,Business,3481,2,2,2,2,4,4,4,4,1,5,1,4,4,3,6,0,TRUE
Male,Loyal Customer,40,Business Travel,Business,3891,3,3,3,3,4,4,5,4,4,4,4,5,4,3.85,19,14,TRUE
Female,Loyal Customer,14,Business Travel,Eco Plus,696,1,5,5,5,1,1,3,1,3,5,3,3,1,2.85,50,51,FALSE
Female,Disloyal Customer,23,Business Travel,Eco,1352,4,4,4,3,4,4,4,4,2,5,3,2,4,3.62,35,34,TRUE
Female,Loyal Customer,37,Personal Travel,Eco,213,4,0,4,3,5,4,5,5,4,3,4,3,5,3.77,0,0,TRUE
Male,Disloyal Customer,41,Business Travel,Eco,373,3,5,3,4,5,3,5,5,4,2,5,1,5,3.85,24,29,FALSE
Female,Disloyal Customer,35,Business Travel,Eco,533,3,5,3,3,1,3,1,1,5,4,4,3,1,2.85,0,0,FALSE
Male,Loyal Customer,7,Personal Travel,Business,1342,2,4,2,4,2,2,4,2,5,2,4,4,2,3,0,15,FALSE
Female,Disloyal Customer,65,Business Travel,Eco,362,4,3,4,3,2,4,2,2,3,3,3,2,2,2.85,60,46,FALSE
Male,Disloyal Customer,13,Business Travel,Eco,551,5,5,5,3,5,5,1,5,5,5,5,5,5,4.54,0,0,TRUE
Male,Loyal Customer,33,Business Travel,Eco,268,4,5,5,5,4,4,4,4,1,4,5,2,4,3.92,0,0,TRUE
Male,Loyal Customer,41,Business Travel,Eco,594,4,4,2,4,3,4,3,3,2,3,3,5,3,3.31,86,92,TRUE
Male,Loyal Customer,19,Personal Travel,Eco,868,0,3,0,3,4,0,4,4,4,1,2,1,4,2.31,3,3,TRUE
Female,Loyal Customer,57,Business Travel,Eco,481,4,1,1,1,4,2,2,4,4,4,4,1,5,2.85,0,0,TRUE
Male,Loyal Customer,26,Business Travel,Business,2628,3,3,3,3,5,5,5,5,4,3,5,4,5,4.08,10,5,TRUE
Female,Loyal Customer,46,Business Travel,Business,946,1,1,1,1,4,4,5,5,5,5,5,4,4,3.46,0,6,TRUE
Male,Disloyal Customer,54,Business Travel,Eco,109,3,0,3,1,3,3,3,3,5,1,4,1,3,2.54,0,0,FALSE
Male,Loyal Customer,49,Business Travel,Business,2475,4,4,5,4,4,4,4,5,3,4,5,4,4,4.15,0,0,TRUE
Female,Disloyal Customer,34,Business Travel,Business,980,1,1,1,2,1,2,2,4,4,4,4,2,2,2.31,163,186,FALSE
Male,Loyal Customer,45,Business Travel,Eco Plus,1068,5,2,2,2,5,5,5,1,3,1,4,5,5,3.46,135,140,TRUE
Female,Loyal Customer,58,Personal Travel,Eco,630,3,3,3,5,2,4,5,1,1,3,1,5,2,2.92,0,0,FALSE
Female,Disloyal Customer,15,Business Travel,Business,488,4,0,5,1,5,5,4,5,4,2,5,3,5,3.69,53,49,TRUE
Male,Loyal Customer,57,Business Travel,Business,3964,1,1,1,1,4,5,4,5,5,4,5,5,4,3.46,0,0,TRUE
Female,Loyal Customer,31,Personal Travel,Eco,695,2,3,2,1,2,2,2,2,4,5,1,2,2,2.31,0,0,FALSE
Male,Loyal Customer,30,Personal Travel,Eco,2248,2,4,2,1,1,2,1,1,4,3,3,5,1,2.31,0,0,FALSE
Female,Loyal Customer,45,Business Travel,Business,157,1,1,1,1,3,5,5,5,5,5,5,5,3,3.46,33,26,TRUE
Male,Loyal Customer,51,Business Travel,Business,966,1,1,1,1,3,4,4,4,4,4,4,5,5,3.15,1,0,TRUE
Female,Disloyal Customer,24,Business Travel,Eco Plus,2419,3,1,3,3,3,5,5,1,3,4,4,5,5,3.46,0,13,FALSE
Female,Loyal Customer,47,Business Travel,Business,3345,3,3,3,3,3,4,5,5,5,5,5,4,5,4.08,0,0,TRUE
Male,Loyal Customer,47,Personal Travel,Eco,587,4,4,4,1,4,4,4,4,3,5,5,3,4,3.77,20,8,FALSE
Male,Loyal Customer,46,Business Travel,Business,2004,3,3,3,3,5,4,5,4,4,4,4,4,5,3.92,0,1,TRUE
Male,Loyal Customer,60,Business Travel,Eco,338,1,3,3,3,1,1,1,1,1,2,2,2,1,1.69,0,0,FALSE
Female,Disloyal Customer,21,Business Travel,Business,184,4,4,4,3,4,4,5,4,4,2,5,4,4,3.92,50,42,TRUE
Male,Disloyal Customer,21,Business Travel,Business,1075,4,0,4,4,4,2,2,5,3,4,5,2,2,3.15,204,218,TRUE
Male,Disloyal Customer,20,Business Travel,Eco,696,3,3,3,4,3,3,3,3,4,4,3,2,3,3.15,0,16,FALSE
Male,Loyal Customer,61,Personal Travel,Eco Plus,551,3,3,4,4,4,4,4,4,2,1,4,2,4,3.31,29,21,FALSE
Female,Loyal Customer,43,Business Travel,Business,308,5,5,3,5,3,4,5,5,5,4,5,5,1,4.23,0,0,TRUE
Female,Loyal Customer,30,Personal Travel,Eco,450,2,5,2,3,4,2,4,4,3,3,4,4,4,3.38,0,0,FALSE
Male,Loyal Customer,38,Business Travel,Business,1400,5,5,5,5,1,5,3,5,5,5,5,4,1,4.15,7,0,TRUE
Male,Loyal Customer,45,Business Travel,Eco,920,5,1,1,1,5,5,5,5,3,3,1,2,5,3.23,5,0,TRUE
Male,Loyal Customer,31,Business Travel,Eco Plus,952,2,1,1,1,2,2,2,2,1,4,4,1,2,1.92,0,0,FALSE
Female,Loyal Customer,50,Business Travel,Eco,2583,4,3,3,3,2,4,2,4,4,4,4,1,2,3.08,3,0,TRUE
Female,Loyal Customer,52,Business Travel,Business,227,1,1,1,1,4,5,5,5,5,5,5,5,5,3.69,5,3,TRUE
Male,Loyal Customer,45,Personal Travel,Eco,139,4,2,4,3,1,4,1,1,1,4,4,3,1,2.54,0,0,FALSE
Male,Loyal Customer,61,Personal Travel,Eco,813,4,1,4,3,1,4,1,1,2,3,3,4,1,2.46,6,0,FALSE
Female,Loyal Customer,33,Personal Travel,Eco,1107,3,5,2,2,4,2,4,4,3,4,1,5,4,3.31,3,4,FALSE
Male,Loyal Customer,49,Personal Travel,Eco,1249,2,5,2,3,3,2,3,3,3,2,3,3,3,2.85,41,20,FALSE
Female,Loyal Customer,47,Business Travel,Business,680,2,2,2,2,4,5,5,4,4,4,4,4,3,3.46,57,42,TRUE
Male,Disloyal Customer,49,Business Travel,Business,1426,3,3,3,3,1,3,1,1,5,5,5,5,1,3,0,4,FALSE
Female,Disloyal Customer,30,Business Travel,Eco Plus,954,2,2,2,2,3,2,3,3,2,1,2,3,3,2.31,4,21,FALSE
Female,Loyal Customer,43,Business Travel,Business,1919,3,3,3,3,4,4,5,4,4,5,4,3,4,3.77,16,0,TRUE
Female,Disloyal Customer,26,Business Travel,Business,447,2,0,2,4,1,2,1,1,4,2,4,5,1,2.23,0,0,FALSE
Female,Loyal Customer,52,Business Travel,Business,2841,1,1,1,1,2,1,2,5,5,5,5,2,3,2.62,1,3,TRUE
Male,Disloyal Customer,33,Business Travel,Business,715,3,3,3,4,4,3,1,4,3,2,4,5,4,3.31,34,18,FALSE
Male,Loyal Customer,41,Business Travel,Business,2510,1,1,1,1,5,5,4,5,5,5,4,1,3,3.15,114,111,TRUE
Female,Loyal Customer,43,Business Travel,Business,3307,4,4,4,4,5,5,5,5,5,5,5,3,3,4.38,0,7,TRUE
Male,Loyal Customer,43,Business Travel,Business,2138,2,2,2,2,3,5,4,4,4,4,4,3,3,3.23,15,17,TRUE
Female,Loyal Customer,19,Personal Travel,Eco,733,2,4,2,4,2,2,2,2,2,4,2,1,2,2.38,1,0,FALSE
Female,Loyal Customer,58,Personal Travel,Eco,2338,3,5,3,5,4,3,4,4,4,3,4,4,4,3.85,0,0,FALSE
Male,Disloyal Customer,37,Business Travel,Business,896,1,2,2,3,2,2,2,2,5,3,4,4,2,2.62,0,0,FALSE
Male,Loyal Customer,30,Business Travel,Business,2469,2,2,2,2,2,3,2,2,2,5,4,4,2,2.62,0,0,FALSE
Female,Loyal Customer,25,Business Travel,Business,1697,3,3,5,3,5,5,5,5,4,5,5,4,5,4.38,23,25,TRUE
Male,Loyal Customer,41,Personal Travel,Eco,373,3,5,3,4,1,3,1,1,4,2,2,2,1,2.46,0,0,FALSE
Female,Loyal Customer,42,Personal Travel,Eco,441,2,4,2,2,2,5,4,5,5,2,5,3,5,3.54,13,12,FALSE
Female,Loyal Customer,27,Business Travel,Eco,2149,3,3,2,3,3,4,3,3,1,2,3,5,3,2.92,0,0,TRUE
Female,Loyal Customer,41,Business Travel,Business,472,1,1,1,1,1,5,2,3,3,2,3,5,3,2.38,0,0,TRUE
Male,Loyal Customer,57,Business Travel,Business,4963,4,4,4,4,3,3,3,5,3,4,4,3,3,3.62,4,13,TRUE
Female,Loyal Customer,46,Business Travel,Business,611,3,2,4,2,3,3,3,1,3,4,3,3,3,2.85,140,127,FALSE
Male,Loyal Customer,78,Business Travel,Business,2842,3,3,3,3,1,4,3,3,3,3,3,1,4,2.85,12,1,FALSE
Male,Disloyal Customer,44,Business Travel,Business,308,4,4,4,1,4,4,4,4,3,2,4,5,4,3.62,18,17,FALSE
Female,Loyal Customer,41,Personal Travel,Eco,1521,4,4,4,2,1,4,1,1,5,1,4,2,1,2.62,0,0,TRUE
Female,Loyal Customer,40,Business Travel,Business,2597,3,3,3,3,3,5,5,5,5,5,5,4,4,4.08,20,23,TRUE
Male,Loyal Customer,36,Business Travel,Business,1005,2,1,1,1,2,3,4,2,2,2,2,4,1,2.08,27,28,FALSE
Female,Loyal Customer,47,Personal Travel,Eco,641,1,3,1,4,2,4,4,2,2,1,2,2,1,2.23,12,0,FALSE
Male,Disloyal Customer,25,Business Travel,Eco,606,5,4,5,2,4,5,4,4,1,4,4,1,4,3.62,0,0,TRUE
Male,Disloyal Customer,37,Business Travel,Eco,404,1,3,1,5,1,1,1,1,3,5,4,5,1,2.46,0,0,FALSE
Female,Loyal Customer,58,Personal Travel,Eco,277,3,3,3,3,1,2,2,3,3,3,3,3,4,2.77,51,61,FALSE
Male,Loyal Customer,41,Business Travel,Business,296,3,3,3,3,5,5,5,4,4,4,4,4,5,4,0,11,TRUE
Female,Loyal Customer,32,Personal Travel,Eco,1046,1,3,1,3,5,1,5,5,2,1,4,2,5,2.92,3,1,FALSE
Female,Loyal Customer,47,Business Travel,Eco,462,4,3,3,3,5,4,3,5,5,4,5,4,3,3.92,26,6,FALSE
Female,Loyal Customer,25,Business Travel,Business,954,4,4,3,4,3,3,3,3,2,1,1,1,3,2.69,0,0,TRUE
Female,Loyal Customer,43,Business Travel,Eco,1197,1,1,1,1,4,4,4,1,1,1,1,4,1,1.92,12,6,FALSE
Female,Loyal Customer,56,Business Travel,Business,119,1,1,1,1,5,4,1,4,4,4,5,3,2,2.77,0,0,TRUE
Female,Loyal Customer,41,Business Travel,Business,689,4,4,4,4,5,5,5,4,4,4,4,5,5,4.38,0,4,TRUE
Male,Loyal Customer,39,Business Travel,Business,1916,4,4,4,4,5,5,5,4,4,4,4,3,5,4.23,0,9,TRUE
Female,Loyal Customer,32,Business Travel,Business,2089,5,5,5,5,4,4,4,4,4,2,4,4,4,4.15,4,15,TRUE
Female,Loyal Customer,15,Personal Travel,Eco Plus,1107,1,1,1,4,5,1,5,5,2,5,4,3,5,3.23,6,0,FALSE
Male,Loyal Customer,29,Personal Travel,Eco Plus,1235,1,5,1,1,2,1,3,2,2,2,3,5,2,2.31,0,0,FALSE
Male,Disloyal Customer,25,Business Travel,Eco,2442,5,5,5,5,4,5,4,4,2,3,4,3,4,4.08,44,39,TRUE
Female,Loyal Customer,20,Personal Travel,Eco,2701,1,4,1,3,2,1,2,2,4,5,4,5,2,2.77,17,0,FALSE
Male,Loyal Customer,23,Personal Travel,Eco,328,1,1,1,2,3,1,3,3,4,3,2,1,3,2.15,22,55,FALSE
Male,Loyal Customer,56,Personal Travel,Business,449,5,4,5,4,5,5,5,2,2,5,2,4,5,4.08,9,0,TRUE
Male,Loyal Customer,64,Personal Travel,Eco,1605,1,5,1,4,2,1,5,2,3,4,3,4,2,2.85,15,8,FALSE
Female,Disloyal Customer,24,Business Travel,Eco,554,0,0,0,4,5,0,5,5,1,5,1,1,5,2.46,0,0,TRUE
Male,Loyal Customer,16,Personal Travel,Eco Plus,580,3,4,3,4,4,3,4,4,3,5,4,4,4,3.77,25,20,FALSE
Female,Loyal Customer,51,Personal Travel,Eco,936,4,4,4,1,5,5,3,3,3,4,3,1,1,3.15,88,71,FALSE
Male,Loyal Customer,60,Business Travel,Business,1620,4,4,4,4,4,4,4,4,4,4,4,3,5,4,0,0,TRUE
Male,Loyal Customer,61,Business Travel,Eco,462,3,2,2,2,3,3,3,3,2,3,4,1,3,2.62,2,16,TRUE
Female,Disloyal Customer,24,Business Travel,Eco,405,4,0,4,5,2,4,5,2,4,3,5,5,2,3.46,0,0,TRUE
Male,Loyal Customer,32,Business Travel,Business,3395,5,5,5,5,3,2,3,3,3,2,5,5,3,3.77,0,0,TRUE
Female,Loyal Customer,49,Business Travel,Business,3471,2,3,3,3,5,2,1,2,2,2,2,3,3,2.54,56,47,FALSE
Female,Loyal Customer,55,Business Travel,Business,2454,3,4,3,3,5,5,5,5,2,4,4,5,5,4.08,0,0,TRUE
Female,Loyal Customer,43,Business Travel,Business,4000,2,2,2,2,5,4,5,5,5,5,5,5,3,3.85,0,0,TRUE
Female,Loyal Customer,37,Business Travel,Eco Plus,817,4,5,5,5,5,4,4,4,2,2,3,4,4,3.92,213,204,TRUE
Female,Loyal Customer,48,Business Travel,Eco,1874,1,1,1,1,3,2,3,1,1,1,1,3,3,1.69,0,0,FALSE
Female,Loyal Customer,27,Business Travel,Business,2553,4,4,4,4,4,4,4,4,3,1,2,3,4,3.46,49,38,FALSE
Male,Disloyal Customer,37,Business Travel,Eco,147,2,0,2,2,4,2,3,4,2,3,4,2,4,2.62,0,0,FALSE
Female,Loyal Customer,38,Business Travel,Eco Plus,241,5,2,2,2,5,5,5,5,3,3,3,4,5,3.77,0,24,TRUE
Female,Loyal Customer,18,Business Travel,Business,3515,1,1,1,1,3,3,3,3,2,4,2,2,3,2.23,0,0,TRUE
Male,Loyal Customer,38,Business Travel,Eco Plus,867,2,5,5,5,2,2,2,2,2,1,4,4,2,2.92,59,54,FALSE
Male,Loyal Customer,44,Business Travel,Business,2583,4,4,4,4,4,5,4,3,3,4,3,4,4,3.85,0,0,TRUE
Male,Loyal Customer,56,Business Travel,Business,3501,5,5,2,5,4,4,4,5,5,4,5,4,4,4.31,283,317,TRUE
Female,Loyal Customer,54,Business Travel,Business,3015,3,3,3,3,4,4,5,4,4,4,5,3,5,3.85,0,0,TRUE
Female,Disloyal Customer,34,Business Travel,Eco,577,2,2,2,4,5,2,5,5,1,4,3,2,5,3.23,0,0,FALSE
Male,Loyal Customer,45,Business Travel,Eco,2556,4,2,2,2,4,4,4,2,3,3,3,4,4,3.15,0,19,FALSE
Female,Loyal Customer,40,Business Travel,Business,2704,5,5,5,5,5,4,4,5,2,3,5,4,4,4.31,0,0,TRUE
Female,Loyal Customer,30,Business Travel,Business,3539,3,3,2,3,5,5,5,5,5,4,3,2,5,3.85,0,0,TRUE
Female,Loyal Customer,51,Personal Travel,Eco,95,2,4,2,2,4,4,4,5,5,2,5,5,1,3.46,1,0,FALSE
Male,Loyal Customer,49,Personal Travel,Eco,775,2,5,2,2,4,2,4,4,5,5,1,3,4,3.31,18,5,FALSE
Female,Loyal Customer,49,Business Travel,Business,1072,2,2,4,2,2,4,5,4,4,4,4,4,4,3.46,11,4,TRUE
Female,Disloyal Customer,13,Business Travel,Eco,1126,4,4,4,4,2,4,2,2,2,4,3,4,2,3.15,26,21,FALSE
Female,Loyal Customer,44,Business Travel,Business,2692,0,0,0,4,3,5,5,1,1,1,1,5,5,2.38,3,2,TRUE
Female,Loyal Customer,48,Business Travel,Eco,718,2,2,2,2,2,2,1,2,2,2,2,3,1,1.92,10,0,FALSE
Male,Loyal Customer,48,Business Travel,Business,455,2,2,2,2,1,2,3,5,5,5,5,3,4,3.15,0,0,TRUE
Male,Loyal Customer,57,Business Travel,Business,2449,4,4,4,4,2,5,5,2,2,2,2,4,4,3.38,0,0,TRUE
Male,Loyal Customer,51,Personal Travel,Eco,918,3,5,3,5,3,3,3,3,3,4,4,3,3,3.46,0,0,FALSE
Male,Loyal Customer,65,Business Travel,Business,307,4,4,4,4,2,2,3,4,4,4,4,2,2,3.31,0,0,FALSE
Female,Loyal Customer,58,Personal Travel,Eco,2342,4,0,4,4,4,5,5,3,3,4,3,3,4,3.54,0,0,FALSE
Female,Loyal Customer,49,Business Travel,Business,867,2,2,2,2,2,4,4,5,5,5,5,3,3,3.38,5,0,TRUE
Male,Disloyal Customer,20,Business Travel,Eco,590,3,1,3,2,1,3,1,1,1,4,2,1,1,1.85,0,0,FALSE
Male,Loyal Customer,50,Business Travel,Business,443,2,2,2,2,4,1,3,4,4,5,4,1,3,2.85,0,1,TRUE
Female,Loyal Customer,41,Business Travel,Eco,820,4,5,5,5,3,4,3,3,4,1,1,3,3,3.38,0,10,TRUE
Male,Loyal Customer,37,Personal Travel,Eco Plus,325,0,4,0,4,5,0,5,5,4,3,1,4,5,3.08,3,0,TRUE
Female,Loyal Customer,41,Business Travel,Business,2499,1,1,5,1,2,4,1,4,4,4,4,1,3,2.69,38,45,TRUE
Female,Disloyal Customer,23,Business Travel,Eco,984,3,3,3,3,5,3,4,5,1,4,2,3,5,3.38,0,0,FALSE
Female,Loyal Customer,45,Business Travel,Business,469,4,4,4,4,4,4,5,4,4,4,4,5,4,4.15,0,0,TRUE
Male,Loyal Customer,67,Personal Travel,Eco,356,2,3,2,4,1,2,1,1,1,3,4,4,1,2.23,0,0,FALSE
Male,Loyal Customer,46,Business Travel,Business,1960,2,2,2,2,3,5,4,4,4,4,4,4,3,3.31,39,37,TRUE
Male,Disloyal Customer,27,Business Travel,Business,1211,3,3,3,5,5,3,5,5,5,2,5,3,5,4,33,25,FALSE
Female,Loyal Customer,19,Personal Travel,Eco,258,3,2,0,4,3,0,3,3,1,2,4,4,3,2.46,0,0,FALSE
Male,Loyal Customer,10,Personal Travel,Eco,1013,3,2,3,3,2,3,2,2,3,4,4,1,2,2.62,0,0,FALSE
Male,Loyal Customer,50,Business Travel,Eco,164,4,3,3,3,5,4,5,5,2,4,4,1,5,3.69,3,0,FALSE
Female,Loyal Customer,35,Business Travel,Eco,1175,1,1,1,1,1,1,1,1,1,4,4,2,1,1.54,0,6,FALSE
Female,Loyal Customer,12,Personal Travel,Eco,427,5,2,5,4,1,5,1,1,3,2,3,3,1,2.77,0,16,TRUE
Male,Loyal Customer,34,Business Travel,Business,2581,4,4,4,4,5,5,4,4,4,4,4,4,3,4.08,0,0,TRUE
Male,Loyal Customer,38,Business Travel,Business,802,5,5,5,5,5,3,1,5,5,5,5,5,1,4.23,0,24,TRUE
Male,Loyal Customer,17,Personal Travel,Eco,472,3,3,3,3,4,3,4,4,1,2,3,3,4,3.08,1,0,FALSE
Male,Loyal Customer,31,Business Travel,Business,255,2,2,2,2,5,5,5,5,3,3,4,3,5,3.54,7,0,TRUE
Male,Loyal Customer,50,Business Travel,Business,1677,5,5,5,5,2,4,5,4,4,4,4,3,4,4.15,0,0,TRUE
Female,Loyal Customer,36,Personal Travel,Eco,1013,4,2,5,3,5,5,5,5,1,1,3,4,5,3.69,0,0,FALSE
Female,Loyal Customer,50,Business Travel,Eco,862,5,2,2,2,5,5,5,1,1,1,5,5,5,3.38,124,134,TRUE
Male,Loyal Customer,60,Personal Travel,Eco,426,2,4,4,5,2,4,2,2,4,3,5,3,2,3.23,0,0,FALSE
Male,Loyal Customer,40,Business Travel,Eco,2586,4,5,5,5,4,4,4,4,2,1,4,5,4,3.92,0,0,TRUE
Female,Loyal Customer,25,Business Travel,Business,606,1,1,1,1,5,5,5,5,5,3,5,3,5,3.46,3,19,TRUE
Male,Disloyal Customer,39,Business Travel,Business,935,3,3,3,2,3,3,3,3,5,5,5,3,3,3.38,6,0,FALSE
Male,Disloyal Customer,23,Business Travel,Business,255,5,4,5,3,1,5,1,1,5,5,5,5,1,3.54,0,0,TRUE
Female,Loyal Customer,52,Business Travel,Business,594,3,2,2,2,2,4,4,3,3,3,3,2,4,2.85,0,0,FALSE
Female,Loyal Customer,47,Personal Travel,Eco,526,1,5,1,4,5,5,4,1,1,1,1,3,3,2.69,0,0,FALSE
Female,Loyal Customer,39,Business Travel,Business,1145,2,2,3,2,5,5,4,5,5,5,5,5,4,4,0,0,TRUE
Male,Disloyal Customer,28,Business Travel,Eco,669,3,3,3,3,3,3,4,3,2,1,3,1,3,2.69,0,0,FALSE
Male,Disloyal Customer,25,Business Travel,Eco,639,2,2,2,4,4,2,4,4,1,3,3,3,4,2.92,4,30,FALSE
Female,Loyal Customer,40,Business Travel,Business,3478,2,5,5,5,3,4,4,2,2,2,2,2,2,3.08,76,60,FALSE
Male,Disloyal Customer,25,Business Travel,Eco,1605,2,2,2,2,5,2,5,5,3,4,2,4,5,3.31,23,5,FALSE
Female,Loyal Customer,39,Business Travel,Eco,433,3,5,5,5,3,3,3,3,3,3,4,2,3,3.46,49,38,FALSE
Female,Disloyal Customer,21,Business Travel,Eco,447,5,5,5,2,3,5,3,3,4,5,4,4,3,3.92,0,0,TRUE
Male,Loyal Customer,40,Business Travel,Eco,2701,2,1,1,1,2,2,2,4,4,2,4,2,2,2.23,0,0,FALSE
Male,Loyal Customer,54,Personal Travel,Eco,628,1,5,1,2,5,1,1,5,5,5,5,4,5,3.46,27,20,FALSE
Female,Loyal Customer,36,Personal Travel,Eco,387,2,4,2,2,3,2,3,3,5,2,4,3,3,2.92,0,0,FALSE
Male,Disloyal Customer,24,Business Travel,Eco,762,4,4,4,3,3,4,3,3,1,5,3,1,3,3.15,0,6,FALSE
Male,Loyal Customer,12,Personal Travel,Business,1199,2,5,2,1,5,2,5,5,3,1,5,1,5,3.23,0,7,FALSE
Male,Loyal Customer,21,Business Travel,Business,3004,5,5,5,5,5,5,5,5,3,3,5,3,5,4.54,0,0,TRUE
Female,Loyal Customer,21,Personal Travel,Eco,1024,4,4,4,3,4,4,4,4,3,4,4,5,4,3.92,0,0,FALSE
Male,Loyal Customer,68,Personal Travel,Eco,666,2,4,2,1,4,2,4,4,5,5,4,3,4,3.38,12,8,FALSE
Female,Loyal Customer,25,Business Travel,Business,3371,3,5,5,5,3,3,3,3,2,4,4,4,3,3.62,2,36,FALSE
Male,Loyal Customer,45,Business Travel,Eco,445,4,4,4,4,4,4,4,4,2,3,1,4,4,3.54,0,0,TRUE
Female,Loyal Customer,27,Personal Travel,Eco,691,2,3,2,4,5,2,5,5,2,2,3,2,5,3.23,76,84,FALSE
Female,Loyal Customer,67,Personal Travel,Eco,759,2,3,2,3,4,3,3,4,4,2,4,3,3,3.08,0,0,FALSE
Male,Loyal Customer,18,Business Travel,Business,1464,3,3,3,3,4,4,4,4,4,4,5,4,4,3.77,4,0,TRUE
Female,Loyal Customer,53,Personal Travel,Eco Plus,551,2,1,1,3,1,3,4,4,4,1,4,3,1,2.46,0,0,FALSE
Female,Loyal Customer,35,Business Travel,Eco,925,4,2,2,2,4,4,4,4,5,1,4,4,4,3.38,34,9,TRUE
Female,Disloyal Customer,43,Business Travel,Business,602,3,3,3,5,4,3,4,4,5,5,4,4,4,3.92,0,0,FALSE
Female,Disloyal Customer,29,Business Travel,Eco,780,2,2,2,3,2,3,3,3,5,3,2,3,3,2.77,172,192,FALSE
Female,Disloyal Customer,26,Business Travel,Business,581,3,5,3,2,5,3,4,5,4,4,5,3,5,3.92,70,75,FALSE
Female,Disloyal Customer,25,Business Travel,Business,236,4,0,4,2,3,4,3,3,5,5,5,3,3,3.38,4,0,FALSE
Male,Loyal Customer,43,Business Travel,Eco Plus,1035,4,4,4,4,4,4,4,4,5,5,4,2,4,4,29,17,TRUE
Male,Loyal Customer,28,Business Travel,Eco,636,4,2,4,4,4,4,4,4,1,4,3,4,4,3.54,0,0,TRUE
Male,Loyal Customer,32,Business Travel,Business,2739,1,5,1,1,4,4,4,4,5,5,5,4,4,3.62,338,316,TRUE
Female,Loyal Customer,37,Personal Travel,Eco,547,3,1,4,4,3,4,3,3,4,4,3,2,3,3.15,5,2,FALSE
Male,Loyal Customer,29,Business Travel,Eco,547,2,5,5,5,2,2,2,2,4,1,4,1,2,2.85,23,12,FALSE
Male,Loyal Customer,50,Business Travel,Business,259,2,2,2,2,4,5,4,5,5,4,5,3,4,3.62,0,0,TRUE
Male,Loyal Customer,57,Personal Travel,Eco,760,4,5,4,2,1,4,1,1,5,4,5,5,1,3.23,0,0,FALSE
Male,Loyal Customer,39,Business Travel,Business,2475,1,1,2,1,2,4,4,4,4,4,4,3,5,3,25,13,TRUE
Female,Loyal Customer,57,Business Travel,Business,3897,2,1,1,1,3,3,3,2,2,2,2,3,3,2.15,17,10,FALSE
Male,Loyal Customer,44,Business Travel,Business,2744,4,4,4,4,4,4,4,4,4,4,5,4,4,4.08,342,336,TRUE
Female,Loyal Customer,28,Business Travel,Eco Plus,802,2,2,2,2,2,2,2,2,1,2,2,2,2,1.92,26,28,FALSE
Female,Loyal Customer,52,Personal Travel,Eco,1145,2,5,2,3,2,5,4,2,2,2,2,3,3,2.85,27,97,FALSE
Female,Disloyal Customer,37,Business Travel,Business,423,4,4,4,2,5,4,5,5,5,2,5,4,5,4.15,0,0,TRUE
Male,Loyal Customer,33,Personal Travel,Eco,370,3,3,3,3,1,3,1,1,1,3,3,1,1,2.08,14,18,FALSE
Male,Loyal Customer,40,Personal Travel,Eco,531,3,5,3,5,2,3,2,2,5,4,5,3,2,3.38,0,0,FALSE
Female,Loyal Customer,62,Business Travel,Eco,119,2,1,1,1,3,4,4,2,2,2,2,3,1,2.15,0,0,FALSE
Male,Loyal Customer,67,Personal Travel,Eco,270,3,0,3,2,3,3,4,3,5,4,3,4,3,3.08,0,0,FALSE
Male,Loyal Customer,64,Personal Travel,Eco,591,2,4,2,5,2,2,5,2,4,5,4,4,2,3.31,0,0,FALSE
Female,Disloyal Customer,36,Business Travel,Business,876,3,3,3,4,4,3,4,4,2,2,4,4,4,3.38,29,6,FALSE
Female,Loyal Customer,32,Personal Travel,Eco,1744,3,2,2,2,2,2,2,2,2,2,1,2,2,2,2,3,FALSE
Male,Loyal Customer,48,Business Travel,Business,2889,5,5,2,5,4,4,5,5,5,4,5,4,4,4.38,0,0,TRUE
Male,Loyal Customer,23,Personal Travel,Eco,646,2,3,1,4,1,1,1,1,4,5,3,3,1,2.31,12,5,FALSE
Male,Loyal Customer,34,Business Travel,Business,2500,5,3,5,5,3,5,5,4,4,5,4,5,5,4.46,0,0,TRUE
Female,Loyal Customer,40,Personal Travel,Eco,569,3,2,3,2,2,3,2,2,3,4,3,2,2,2.54,0,0,FALSE
Female,Loyal Customer,29,Personal Travel,Eco,678,3,5,3,2,3,3,3,3,4,3,5,4,3,3.38,0,0,FALSE
Female,Loyal Customer,22,Business Travel,Business,2160,1,1,2,1,5,5,5,5,5,2,5,4,5,3.54,0,47,TRUE
Female,Loyal Customer,37,Business Travel,Eco Plus,279,5,4,1,1,5,5,5,5,5,3,4,1,5,3.77,14,,TRUE
Male,Loyal Customer,38,Personal Travel,Business,1825,1,5,1,4,2,5,5,5,5,1,5,4,5,3.69,0,0,FALSE
Female,Loyal Customer,31,Business Travel,Business,3350,1,1,1,1,4,4,4,4,4,2,4,4,4,2.92,0,5,TRUE
Female,Disloyal Customer,27,Business Travel,Eco,343,3,4,3,4,3,3,4,3,3,2,4,1,3,3.08,0,2,FALSE
Female,Loyal Customer,51,Business Travel,Business,1849,4,4,4,4,5,5,4,5,5,5,5,4,4,4.46,0,0,TRUE
Male,Loyal Customer,73,Business Travel,Business,399,5,5,5,5,4,4,4,4,4,4,4,4,1,4.08,0,0,TRUE
Male,Disloyal Customer,39,Business Travel,Eco,425,5,0,5,3,4,5,4,4,4,3,4,2,4,3.62,44,41,TRUE
Female,Loyal Customer,41,Business Travel,Business,2888,2,5,2,2,5,5,5,4,4,4,4,5,3,3.85,0,0,TRUE
Female,Loyal Customer,56,Business Travel,Business,3668,5,5,5,5,5,5,5,4,4,4,4,4,3,4.46,0,9,TRUE
Male,Loyal Customer,49,Business Travel,Business,356,2,2,2,2,5,4,4,5,5,5,5,4,4,3.77,0,8,TRUE
Female,Loyal Customer,59,Business Travel,Business,2640,2,4,4,4,2,2,2,4,2,2,2,2,2,2.62,0,0,FALSE
Male,Loyal Customer,42,Business Travel,Business,1598,3,3,5,3,2,4,5,2,2,2,2,5,1,3,0,0,TRUE
Male,Loyal Customer,59,Personal Travel,Eco,373,4,5,4,3,5,4,5,5,5,1,5,5,5,4.31,0,0,FALSE
Male,Loyal Customer,39,Business Travel,Business,495,3,3,3,3,2,4,4,5,5,5,5,5,3,3.85,0,0,TRUE
Female,Disloyal Customer,16,Business Travel,Eco,528,5,0,5,4,2,5,2,2,5,1,2,3,2,2.92,0,9,TRUE
Female,Loyal Customer,50,Business Travel,Business,125,4,4,4,4,4,4,4,5,5,5,4,4,3,4.15,0,0,TRUE
Female,Loyal Customer,15,Personal Travel,Eco,406,4,5,4,1,2,4,1,2,3,5,4,4,2,3.15,0,0,FALSE
Male,Disloyal Customer,22,Business Travel,Eco,762,0,0,0,1,4,0,4,4,5,4,5,3,4,2.62,0,0,TRUE
Male,Loyal Customer,31,Business Travel,Business,1085,3,3,3,3,4,3,4,4,3,3,5,3,4,3.46,3,0,TRUE
Male,Loyal Customer,43,Business Travel,Business,945,3,3,3,3,5,5,5,5,5,4,5,5,3,4.15,11,13,TRUE
Male,Loyal Customer,56,Personal Travel,Eco,733,2,1,1,4,2,1,3,2,4,4,4,4,2,2.62,0,3,FALSE
Male,Loyal Customer,18,Business Travel,Business,3108,3,5,5,5,3,3,3,3,2,4,4,2,3,3.46,4,0,FALSE
Male,Loyal Customer,61,Personal Travel,Eco Plus,1276,1,3,0,3,3,0,3,3,2,2,2,2,3,2.08,1,15,FALSE
Female,Loyal Customer,28,Business Travel,Eco,547,0,0,0,1,1,0,1,1,3,1,1,4,1,1.08,0,0,TRUE
Female,Disloyal Customer,22,Business Travel,Eco,1117,3,3,3,3,2,3,2,2,4,5,4,4,2,3.08,0,0,FALSE
Female,Disloyal Customer,36,Business Travel,Eco,748,1,1,1,1,2,1,2,2,5,1,4,2,2,1.92,0,0,FALSE
Female,Loyal Customer,72,Business Travel,Business,1934,5,5,5,5,4,5,5,4,4,4,4,5,3,4.46,0,0,TRUE
Male,Loyal Customer,52,Business Travel,Eco Plus,925,3,5,5,5,2,3,2,2,1,2,3,2,2,2.85,6,20,FALSE
Male,Disloyal Customer,13,Business Travel,Eco,516,1,1,1,4,2,1,2,2,2,5,3,4,2,2.31,9,6,FALSE
Female,Loyal Customer,48,Personal Travel,Eco,651,1,4,1,5,3,4,4,5,5,1,5,4,3,3.46,0,3,FALSE
Male,Disloyal Customer,54,Business Travel,Business,226,3,2,2,4,1,3,1,1,5,4,2,4,1,2.54,0,0,FALSE
Female,Loyal Customer,31,Business Travel,Business,2475,5,5,5,5,4,4,4,4,4,3,5,3,4,4.23,0,10,TRUE
Male,Loyal Customer,49,Business Travel,Business,419,4,4,4,4,4,5,4,4,4,4,4,3,5,4.08,0,18,TRUE
Male,Loyal Customer,50,Business Travel,Business,2779,3,3,3,3,2,4,4,5,5,5,5,4,5,3.92,0,0,TRUE
Male,Loyal Customer,47,Business Travel,Business,1076,1,1,1,1,4,1,3,2,2,2,2,5,3,2.15,0,0,TRUE
Male,Loyal Customer,35,Business Travel,Business,3950,5,5,5,5,2,2,2,5,5,5,3,1,1,3.54,0,6,TRUE
Female,Disloyal Customer,32,Business Travel,Eco,759,2,2,2,3,3,2,5,3,2,2,3,3,3,2.69,48,61,FALSE
Male,Loyal Customer,56,Business Travel,Eco Plus,763,2,1,1,1,3,2,3,3,2,2,3,1,3,2.08,20,17,FALSE
Male,Loyal Customer,21,Personal Travel,Eco,1014,2,3,2,3,5,2,5,5,1,3,4,2,5,3.23,6,3,FALSE
Female,Loyal Customer,56,Business Travel,Eco,1218,3,3,3,3,3,4,3,2,2,3,2,1,4,2.77,15,0,FALSE
Female,Loyal Customer,69,Personal Travel,Eco,125,2,4,2,3,2,3,4,1,1,2,1,5,1,2.38,0,0,FALSE
Female,Loyal Customer,55,Business Travel,Business,3686,1,1,1,1,4,4,5,3,3,4,3,3,4,2.85,5,11,TRUE
Female,Loyal Customer,50,Business Travel,Business,631,5,5,5,5,5,4,5,5,5,5,5,3,5,4.77,2,2,TRUE
Male,Disloyal Customer,27,Business Travel,Business,785,5,5,5,2,4,5,4,4,5,4,5,3,4,4.23,0,0,TRUE
Female,Loyal Customer,59,Business Travel,Business,3510,3,3,3,3,4,4,4,1,2,4,2,4,4,3.15,194,183,TRUE
Female,Loyal Customer,35,Personal Travel,Eco,967,2,5,2,3,2,2,2,2,5,4,4,5,2,3.08,0,2,FALSE
Female,Disloyal Customer,23,Business Travel,Business,120,2,3,2,3,2,2,2,2,3,1,3,4,2,2.38,0,0,FALSE
Female,Loyal Customer,36,Personal Travel,Eco,542,1,3,1,1,1,1,1,1,3,2,4,4,1,1.85,0,0,FALSE
Female,Loyal Customer,49,Business Travel,Business,1026,2,2,2,2,2,2,3,2,2,2,2,4,3,2.31,0,3,FALSE
Male,Loyal Customer,21,Personal Travel,Eco,1242,1,4,1,3,4,1,4,4,5,5,4,4,4,3.38,17,6,FALSE
Female,Loyal Customer,74,Business Travel,Business,235,1,1,1,1,3,3,4,5,5,5,5,3,5,3.23,5,0,TRUE
Female,Loyal Customer,48,Business Travel,Business,164,5,1,5,5,4,4,5,4,4,4,4,3,4,4,0,0,TRUE
Male,Loyal Customer,25,Business Travel,Business,2737,1,1,1,1,5,5,5,5,5,5,4,5,5,3.69,0,0,TRUE
Female,Loyal Customer,28,Business Travel,Business,1045,2,2,2,2,5,5,5,5,3,3,5,3,5,3.62,0,0,TRUE
Female,Loyal Customer,70,Personal Travel,Eco,2399,3,4,3,1,3,5,4,1,1,3,3,3,5,3,0,0,FALSE
Male,Loyal Customer,58,Business Travel,Business,594,5,5,2,5,3,4,4,2,2,2,2,3,5,3.38,0,0,TRUE
Female,Disloyal Customer,25,Business Travel,Eco Plus,500,1,1,1,3,5,1,5,5,1,1,4,2,5,2.69,0,7,FALSE
Female,Loyal Customer,29,Business Travel,Business,331,5,5,5,5,5,5,5,5,2,4,1,5,5,4.38,0,0,TRUE
Female,Loyal Customer,40,Business Travel,Eco,666,5,2,2,2,5,5,5,5,3,3,4,5,5,3.92,0,0,TRUE
Male,Loyal Customer,59,Personal Travel,Eco,1747,2,0,2,1,1,2,1,1,4,2,5,3,1,1.92,11,0,FALSE
Male,Loyal Customer,22,Personal Travel,Eco,833,2,4,3,1,1,3,5,1,4,3,4,3,1,2.69,0,9,FALSE
Female,Loyal Customer,29,Business Travel,Business,2180,4,4,4,4,5,5,5,5,4,1,2,3,5,3.92,0,0,TRUE
Female,Loyal Customer,52,Business Travel,Business,2490,4,4,4,4,3,4,4,2,2,2,2,3,4,3.23,12,0,TRUE
Male,Loyal Customer,28,Business Travel,Business,1875,3,3,3,3,4,4,4,4,5,2,5,5,4,3.77,2,0,TRUE
Male,Loyal Customer,42,Business Travel,Business,3887,5,1,1,1,5,4,4,5,5,4,5,3,4,3.62,0,0,FALSE
Male,Loyal Customer,11,Personal Travel,Business,912,5,5,5,1,4,5,4,4,3,2,4,5,4,3.92,0,0,TRUE
Male,Loyal Customer,28,Business Travel,Business,1023,3,3,4,3,4,4,4,4,3,2,4,5,4,3.62,30,4,TRUE
Male,Loyal Customer,50,Business Travel,Business,986,3,3,3,3,2,5,5,4,4,4,4,3,4,3.62,75,87,TRUE
Male,Loyal Customer,60,Personal Travel,Eco,644,1,2,1,4,4,1,4,4,2,1,4,3,4,2.69,119,119,FALSE
Male,Loyal Customer,58,Business Travel,Business,2029,2,2,2,2,5,5,5,4,4,4,4,3,3,3.46,0,0,TRUE
Male,Disloyal Customer,27,Business Travel,Eco,1042,3,3,3,1,4,3,4,4,4,5,1,5,4,3.38,0,0,FALSE
Female,Loyal Customer,62,Business Travel,Business,2059,0,0,0,2,2,4,4,4,4,4,4,4,4,2.77,0,0,TRUE
Female,Disloyal Customer,23,Business Travel,Business,127,4,5,4,5,5,4,5,5,5,4,4,3,5,4.46,0,0,TRUE
Female,Disloyal Customer,23,Business Travel,Eco,1050,2,2,2,3,1,2,1,1,2,1,4,2,1,1.85,0,0,FALSE
Male,Disloyal Customer,22,Business Travel,Eco,722,2,1,1,4,2,1,2,2,3,3,4,3,2,2.31,0,0,FALSE
Male,Loyal Customer,57,Personal Travel,Eco,1310,2,5,2,4,3,2,3,3,5,3,3,5,3,3.31,3,0,FALSE
Female,Loyal Customer,49,Business Travel,Eco,1188,3,3,3,3,4,3,4,3,3,3,3,4,4,3.31,98,114,FALSE
Female,Loyal Customer,45,Personal Travel,Eco,848,2,4,2,3,5,5,4,3,3,2,3,3,3,3.23,0,11,FALSE
Male,Loyal Customer,51,Business Travel,Business,2584,2,2,2,2,3,5,4,5,5,5,5,5,3,3.69,3,0,TRUE
Male,Loyal Customer,48,Personal Travel,Eco,472,1,5,5,2,1,5,1,1,5,2,4,4,1,2.85,0,0,FALSE
Female,Loyal Customer,57,Business Travel,Business,1698,1,3,1,1,2,5,4,4,4,4,4,5,5,3.31,15,13,TRUE
Male,Loyal Customer,53,Business Travel,Eco,612,3,1,1,1,2,3,2,2,4,2,4,1,2,2.15,0,0,FALSE
Female,Loyal Customer,27,Personal Travel,Eco,918,4,4,5,4,1,5,4,1,5,2,4,3,1,3.31,13,1,TRUE
Male,Loyal Customer,57,Business Travel,Business,672,1,1,5,1,2,4,5,5,5,4,5,4,5,3.62,0,2,TRUE
Male,Disloyal Customer,36,Business Travel,Business,280,1,1,1,4,3,1,3,3,3,3,3,3,3,2.46,50,64,FALSE
Female,Loyal Customer,25,Business Travel,Eco,1660,4,2,4,2,4,4,2,4,4,4,2,2,4,3.23,0,17,FALSE
Female,Loyal Customer,59,Personal Travel,Eco,973,2,2,2,3,3,2,3,1,1,2,1,1,2,1.92,10,3,FALSE
Female,Disloyal Customer,43,Business Travel,Eco,140,2,0,2,3,4,2,2,4,2,5,4,2,4,2.77,0,0,FALSE
Female,Loyal Customer,50,Business Travel,Business,3813,5,5,1,5,2,4,4,4,4,4,4,5,5,4,0,0,TRUE
Male,Loyal Customer,24,Business Travel,Business,1954,5,5,5,5,5,5,5,5,3,4,5,4,5,4.69,4,0,TRUE
Male,Loyal Customer,39,Personal Travel,Eco,1217,2,4,2,1,1,2,1,1,5,3,5,3,1,2.38,15,39,FALSE
Male,Loyal Customer,46,Business Travel,Business,1044,2,2,2,2,3,5,4,4,4,4,4,4,3,3.31,0,0,TRUE
Female,Loyal Customer,42,Business Travel,Business,542,5,3,5,5,1,3,4,5,5,5,5,1,1,3.69,3,0,TRUE
Female,Loyal Customer,20,Personal Travel,Eco,762,1,4,1,3,5,1,5,5,4,4,3,4,5,3.46,31,0,FALSE
Female,Loyal Customer,46,Personal Travel,Eco,1120,1,1,1,3,4,3,3,4,4,1,1,2,1,2.23,0,0,FALSE
Male,Disloyal Customer,54,Business Travel,Business,237,4,4,4,2,4,4,3,4,3,3,5,5,4,3.77,6,0,TRUE
Male,Loyal Customer,11,Personal Travel,Eco,2404,1,4,1,2,4,1,3,4,3,1,2,4,4,2.62,7,0,FALSE
Female,Loyal Customer,8,Personal Travel,Eco Plus,821,3,5,3,1,2,3,2,2,3,4,5,3,2,2.92,0,0,FALSE
Female,Loyal Customer,52,Business Travel,Business,3893,0,0,0,1,2,5,4,4,4,1,1,4,5,2.38,0,0,TRUE
Male,Loyal Customer,26,Business Travel,Eco Plus,209,3,1,1,1,3,4,3,3,1,5,3,3,3,2.62,0,0,TRUE
Male,Loyal Customer,23,Business Travel,Business,3259,3,1,3,3,5,5,5,5,3,5,4,4,5,3.92,0,0,TRUE
Female,Loyal Customer,67,Personal Travel,Eco,862,4,2,5,4,5,4,4,1,1,5,1,3,2,3.15,0,0,TRUE
Male,Loyal Customer,32,Business Travel,Eco,2475,3,4,4,4,3,3,3,3,1,5,2,3,3,3.15,4,0,FALSE
Male,Loyal Customer,34,Business Travel,Business,2157,2,2,2,2,4,5,4,5,5,5,5,4,5,3.85,0,0,TRUE
Female,Loyal Customer,53,Personal Travel,Eco,236,1,4,1,2,1,3,5,3,3,1,3,1,3,2.38,2,5,FALSE
Female,Loyal Customer,60,Personal Travel,Eco,802,4,3,4,3,2,4,2,4,4,4,4,5,1,3.38,32,5,FALSE
Male,Loyal Customer,67,Personal Travel,Eco,293,2,4,2,4,5,2,5,5,2,1,3,1,5,3.15,6,0,FALSE
Female,Loyal Customer,56,Business Travel,Eco Plus,453,3,5,5,5,3,2,2,3,3,3,3,3,2,3.23,0,0,FALSE
Female,Loyal Customer,39,Business Travel,Business,3228,5,5,5,5,5,4,5,5,5,5,5,5,5,4.92,0,0,TRUE
Male,Loyal Customer,45,Business Travel,Business,2161,4,4,4,4,2,4,4,3,3,4,3,3,4,3.54,31,33,TRUE
Female,Loyal Customer,48,Business Travel,Business,1620,3,3,4,3,5,4,4,5,5,5,5,3,1,3.85,2,15,TRUE
Female,Loyal Customer,8,Business Travel,Business,787,4,2,2,2,4,4,4,4,3,2,3,4,4,3.23,13,3,FALSE
Female,Loyal Customer,23,Personal Travel,Eco Plus,1067,2,4,2,3,2,2,2,2,3,3,3,3,2,2.54,0,0,FALSE
Female,Loyal Customer,44,Business Travel,Business,2852,2,2,4,2,3,4,5,5,5,5,5,4,3,3.77,0,0,TRUE
Male,Loyal Customer,33,Personal Travel,Eco,354,1,4,5,4,2,5,2,2,4,2,5,4,2,3.23,0,0,FALSE
Female,Loyal Customer,50,Business Travel,Business,140,4,4,4,4,4,4,5,4,4,4,4,5,5,4.23,0,0,TRUE
Male,Loyal Customer,59,Business Travel,Business,1555,1,1,1,1,5,4,5,5,2,4,4,5,5,3.31,166,162,TRUE
Male,Disloyal Customer,25,Business Travel,Business,867,3,4,3,4,2,3,2,2,5,5,4,5,2,3.38,0,0,FALSE
Male,Disloyal Customer,27,Business Travel,Eco,137,4,0,4,3,2,4,2,2,4,2,5,4,2,2.92,0,0,TRUE
Female,Loyal Customer,27,Business Travel,Business,413,5,5,5,5,5,5,5,5,5,5,5,4,5,4.92,32,20,TRUE
Female,Disloyal Customer,23,Business Travel,Eco,1363,3,3,3,4,5,3,5,5,4,5,4,3,5,4,0,0,FALSE
Female,Loyal Customer,45,Business Travel,Business,56,1,2,2,2,5,3,4,4,4,4,1,4,4,3.08,0,0,FALSE
Female,Loyal Customer,62,Business Travel,Business,3740,4,4,4,4,3,4,3,4,4,3,4,4,1,3.54,60,54,FALSE
Male,Loyal Customer,56,Business Travel,Business,2736,2,2,2,2,4,4,4,4,4,4,4,5,3,3.38,0,0,TRUE
Female,Loyal Customer,50,Business Travel,Business,3905,1,1,1,1,5,5,5,5,5,5,5,5,5,3.77,0,6,TRUE
Male,Loyal Customer,37,Personal Travel,Eco,721,3,4,3,2,3,3,3,3,4,1,2,3,3,2.85,0,0,FALSE
Male,Disloyal Customer,20,Business Travel,Business,1127,4,0,4,3,5,4,5,5,3,5,5,5,5,4.08,21,20,TRUE
Male,Loyal Customer,48,Business Travel,Business,1969,0,4,0,4,3,4,4,5,5,5,5,3,5,3.62,0,0,TRUE
Female,Loyal Customer,15,Personal Travel,Eco,534,2,5,2,4,1,2,1,1,4,5,5,5,1,2.92,0,0,FALSE
Male,Loyal Customer,59,Business Travel,Business,3778,2,2,2,2,4,5,5,5,5,4,5,4,4,3.77,0,0,TRUE
Female,Loyal Customer,17,Personal Travel,Eco,1620,1,5,1,1,1,1,1,1,5,2,5,4,1,2.23,0,0,FALSE
Male,Loyal Customer,34,Business Travel,Business,3990,4,4,4,4,2,3,5,4,4,4,4,5,5,4,0,0,TRUE
Male,Disloyal Customer,37,Business Travel,Business,212,2,3,3,4,3,3,1,3,4,2,5,3,3,3,4,1,FALSE
Male,Loyal Customer,45,Business Travel,Business,160,4,4,4,4,2,1,3,4,4,4,4,3,2,3.31,0,0,TRUE
Female,Loyal Customer,37,Business Travel,Eco,391,2,1,1,1,2,2,2,2,2,2,3,4,2,2,44,32,FALSE
Male,Disloyal Customer,42,Business Travel,Eco,308,4,5,4,2,4,4,2,4,2,3,5,2,4,3.46,0,0,FALSE
Male,Loyal Customer,53,Business Travel,Business,316,1,1,1,1,3,4,4,4,4,5,4,3,5,3.08,0,0,TRUE
Female,Loyal Customer,7,Personal Travel,Eco,1085,3,4,3,4,3,3,3,1,2,4,4,3,3,3.08,144,173,FALSE
Female,Disloyal Customer,16,Business Travel,Eco,544,4,0,4,5,5,4,2,5,5,5,5,4,5,4.08,35,18,TRUE
Female,Disloyal Customer,23,Business Travel,Eco,773,1,1,1,2,1,1,1,1,4,4,5,3,1,2,0,0,FALSE
Male,Loyal Customer,45,Business Travel,Business,677,4,4,2,4,2,5,5,4,4,4,4,4,4,3.85,0,1,TRUE
Male,Disloyal Customer,27,Business Travel,Business,501,1,2,2,1,5,2,5,5,5,3,5,4,5,3.46,0,0,FALSE
Male,Loyal Customer,27,Business Travel,Business,554,4,4,4,4,5,5,5,5,3,5,4,4,5,4.38,7,2,TRUE
Male,Loyal Customer,25,Business Travel,Business,2611,2,4,4,4,3,2,2,4,4,2,3,2,2,2.92,0,25,FALSE
Male,Loyal Customer,28,Business Travel,Business,888,2,2,3,2,4,4,4,4,3,2,4,3,4,3.15,69,97,TRUE
Female,Disloyal Customer,80,Business Travel,Eco,181,3,4,3,3,1,3,1,1,1,5,3,4,1,2.54,0,0,FALSE
Male,Disloyal Customer,47,Business Travel,Business,1096,1,1,1,4,3,1,2,3,4,3,5,3,3,2.62,1,0,FALSE
Female,Disloyal Customer,59,Business Travel,Business,158,2,2,2,1,1,2,1,1,5,3,5,3,1,2.23,0,0,FALSE
Female,Disloyal Customer,34,Business Travel,Eco Plus,373,1,1,1,4,1,1,1,1,4,2,3,1,1,1.69,17,7,FALSE
Female,Loyal Customer,35,Business Travel,Business,837,1,3,3,3,1,4,4,1,1,1,1,3,3,2.23,32,47,FALSE
Female,Loyal Customer,49,Business Travel,Business,1562,0,0,0,1,3,5,4,3,3,3,3,3,4,2.46,3,16,TRUE
Female,Disloyal Customer,21,Business Travel,Business,204,5,4,5,4,1,5,1,1,5,2,5,4,1,3.31,0,0,TRUE
Male,Loyal Customer,33,Business Travel,Business,2126,1,5,5,5,1,1,1,1,2,2,3,4,1,2.46,0,0,FALSE
Female,Disloyal Customer,44,Business Travel,Eco,391,4,0,4,4,5,4,5,5,3,1,4,1,5,3.46,30,20,TRUE
Female,Disloyal Customer,22,Business Travel,Eco,299,4,2,4,1,4,4,4,4,4,2,5,4,4,3.54,0,6,TRUE
Male,Disloyal Customer,15,Business Travel,Business,296,1,3,1,3,5,1,5,5,1,2,3,2,5,2.85,0,0,FALSE
Female,Loyal Customer,44,Business Travel,Business,2108,1,2,2,2,5,4,3,1,1,1,1,2,1,2,2,0,FALSE
Male,Loyal Customer,32,Business Travel,Eco Plus,414,3,3,4,3,3,3,3,3,4,2,4,2,3,3.08,5,9,FALSE
Male,Loyal Customer,31,Personal Travel,Eco,526,3,4,3,4,1,3,1,1,4,3,5,3,1,2.77,0,0,FALSE
Male,Loyal Customer,42,Business Travel,Business,3391,3,3,3,3,2,5,4,4,4,4,5,5,3,3.69,0,0,TRUE
Female,Disloyal Customer,22,Business Travel,Eco,406,3,4,2,2,1,2,1,1,3,3,4,5,1,2.46,0,0,FALSE
Female,Loyal Customer,46,Business Travel,Eco,409,1,3,3,3,4,2,3,1,1,1,1,2,3,2.15,0,0,FALSE
Female,Loyal Customer,39,Business Travel,Eco Plus,814,4,3,3,3,4,4,4,4,5,2,4,4,4,3.69,5,0,TRUE
Female,Loyal Customer,18,Personal Travel,Eco,1972,3,0,3,4,3,3,3,3,3,4,3,3,3,2.92,0,0,FALSE
Female,Loyal Customer,31,Business Travel,Business,3189,3,5,5,5,3,3,3,3,1,5,4,1,3,3.38,16,11,FALSE
Female,Loyal Customer,30,Business Travel,Business,2732,5,5,5,5,4,4,4,4,5,5,4,3,4,4.38,1,0,TRUE
Male,Loyal Customer,28,Business Travel,Business,991,3,3,3,3,5,5,5,5,5,3,4,4,5,4.08,0,0,TRUE
Male,Loyal Customer,37,Business Travel,Business,2494,0,0,0,1,5,3,5,3,3,3,3,3,1,2.31,0,0,TRUE
Female,Loyal Customer,38,Business Travel,Business,391,2,2,2,2,1,4,1,5,5,5,5,3,5,3.23,12,12,TRUE
Male,Loyal Customer,27,Business Travel,Business,2606,2,2,2,2,5,4,5,5,4,4,5,3,5,3.69,24,6,TRUE
Female,Loyal Customer,39,Personal Travel,Eco,1096,1,5,2,3,5,2,1,5,2,2,4,5,5,3.23,0,0,FALSE
Female,Loyal Customer,23,Business Travel,Business,331,2,2,2,2,4,4,4,4,2,3,1,2,4,2.77,0,0,TRUE
Male,Loyal Customer,57,Business Travel,Business,1605,5,5,2,5,2,5,4,3,3,3,3,3,3,3.54,38,24,TRUE
Female,Loyal Customer,53,Business Travel,Eco,978,4,2,2,2,3,3,2,3,3,4,3,4,1,2.77,5,0,TRUE
Female,Loyal Customer,40,Business Travel,Business,1944,0,5,0,2,2,4,4,3,3,3,3,3,5,2.85,0,0,TRUE
Female,Loyal Customer,46,Business Travel,Business,501,2,2,5,2,4,4,5,4,4,4,4,4,4,3.69,0,0,TRUE
Male,Loyal Customer,45,Business Travel,Business,3254,1,1,1,1,5,5,5,5,5,5,5,3,3,3.46,89,80,TRUE
Female,Loyal Customer,39,Personal Travel,Eco,606,2,4,2,4,4,2,4,4,4,4,5,5,4,3.69,36,33,FALSE
Male,Disloyal Customer,25,Business Travel,Business,414,3,5,3,5,2,3,2,2,4,5,5,5,2,3.54,0,0,FALSE
Male,Loyal Customer,39,Business Travel,Eco,226,1,4,4,4,1,1,1,1,2,5,3,3,1,2.38,22,9,FALSE
Female,Loyal Customer,37,Business Travel,Eco,545,2,3,1,3,2,2,2,2,3,4,2,4,2,2.46,67,64,FALSE
Male,Loyal Customer,35,Business Travel,Business,2586,2,2,2,2,2,5,4,5,5,5,5,3,3,3.46,0,4,TRUE
Female,Loyal Customer,19,Business Travel,Business,1796,4,4,4,4,5,5,5,5,2,4,1,1,5,3.77,0,3,TRUE
Male,Loyal Customer,24,Business Travel,Eco,828,5,3,3,3,5,5,3,5,2,3,1,2,5,3.46,24,3,TRUE
Male,Loyal Customer,53,Personal Travel,Eco,1426,3,5,3,3,1,3,1,1,2,1,3,1,1,2.15,0,4,FALSE
Male,Loyal Customer,34,Business Travel,Business,1488,4,4,4,4,2,4,5,4,4,4,4,3,3,3.77,0,0,TRUE
Male,Loyal Customer,49,Business Travel,Business,270,5,5,5,5,2,5,5,4,4,4,4,3,5,4.31,9,4,TRUE
Male,Loyal Customer,52,Business Travel,Eco,639,5,2,2,2,5,5,5,5,3,3,4,3,5,3.77,0,27,TRUE
Female,Loyal Customer,27,Business Travel,Business,888,1,1,1,1,5,4,5,5,4,5,4,4,5,3.46,38,29,TRUE
Female,Disloyal Customer,52,Business Travel,Business,591,4,3,3,1,4,4,4,4,5,4,4,3,4,3.62,0,6,FALSE
Male,Loyal Customer,21,Personal Travel,Eco,368,2,1,2,2,4,2,4,4,2,2,1,4,4,2.62,0,0,FALSE
Female,Loyal Customer,23,Business Travel,Business,2925,3,3,3,3,4,4,4,4,4,5,5,4,4,3.85,79,137,TRUE
Male,Loyal Customer,43,Business Travel,Eco,533,3,5,2,2,3,3,3,3,3,5,1,5,3,3.15,0,26,TRUE
Female,Loyal Customer,49,Business Travel,Business,687,3,3,3,3,5,3,3,3,3,3,3,2,1,2.92,0,0,FALSE
Male,Loyal Customer,25,Personal Travel,Eco,491,2,3,2,3,4,2,4,4,2,4,3,3,4,3.08,0,3,FALSE
Male,Loyal Customer,49,Personal Travel,Eco,569,2,4,2,2,2,2,2,2,5,3,4,4,2,2.77,0,0,FALSE
Male,Loyal Customer,28,Business Travel,Business,1995,4,4,4,4,2,2,2,2,3,5,4,4,2,3.23,0,6,TRUE
Female,Loyal Customer,36,Business Travel,Eco,214,1,1,1,1,1,1,1,1,1,5,4,1,1,1.54,0,0,FALSE
Female,Loyal Customer,59,Business Travel,Business,3581,1,1,1,1,2,4,1,4,4,3,4,4,3,2.54,0,0,TRUE
Female,Loyal Customer,60,Personal Travel,Eco,2556,2,4,2,2,4,5,4,2,2,2,2,3,3,2.85,0,0,FALSE
Female,Loyal Customer,23,Business Travel,Eco,895,4,1,1,1,4,4,3,4,4,3,3,1,4,2.85,1,11,FALSE
Male,Loyal Customer,43,Business Travel,Business,247,2,5,5,5,2,2,2,2,2,2,2,2,4,2.85,0,0,FALSE
Male,Loyal Customer,60,Personal Travel,Eco,153,4,5,4,1,1,4,1,1,3,2,5,4,1,2.77,0,0,TRUE
Female,Loyal Customer,44,Business Travel,Business,539,1,1,1,1,4,5,5,4,4,4,4,4,3,3.15,0,0,TRUE
Female,Loyal Customer,45,Personal Travel,Eco,413,3,4,3,5,4,3,2,5,5,3,2,1,5,3.46,0,0,FALSE
Male,Loyal Customer,17,Personal Travel,Eco,432,3,2,3,4,5,3,5,5,3,3,4,3,5,3.69,0,0,FALSE
Male,Loyal Customer,60,Business Travel,Business,2075,5,5,4,5,4,3,4,2,2,2,2,4,3,3.46,1,0,TRUE
Male,Loyal Customer,7,Personal Travel,Eco,2400,4,5,4,4,1,4,1,1,3,4,4,4,1,3.08,25,16,FALSE
Female,Loyal Customer,29,Business Travel,Eco,1208,0,0,0,4,4,0,4,4,4,4,3,1,4,2.46,0,0,TRUE
Female,Loyal Customer,35,Business Travel,Business,2049,3,3,3,3,5,4,3,3,3,3,3,2,1,3,0,0,FALSE
Male,Loyal Customer,68,Personal Travel,Eco,414,4,3,4,4,4,4,1,4,5,4,3,3,4,3.62,16,7,FALSE
Female,Loyal Customer,54,Business Travel,Eco,501,3,5,5,5,5,4,4,2,2,3,2,1,4,3.46,0,0,FALSE
Female,Loyal Customer,48,Business Travel,Business,1845,4,4,4,4,5,2,2,4,4,4,4,2,4,3.62,0,0,TRUE
Male,Disloyal Customer,39,Business Travel,Business,1167,1,2,2,3,3,2,3,3,5,1,2,3,3,2.54,46,86,FALSE
Male,Loyal Customer,9,Personal Travel,Eco,1005,3,2,3,3,5,3,5,5,4,2,2,2,5,3.38,0,1,FALSE
Male,Loyal Customer,48,Personal Travel,Eco,158,3,2,3,4,1,3,1,1,4,2,4,3,1,2.46,0,0,FALSE
Female,Loyal Customer,34,Business Travel,Business,529,1,1,1,1,5,4,4,5,5,4,5,3,4,3.31,0,0,TRUE
Male,Loyal Customer,31,Personal Travel,Eco,802,3,2,3,2,2,3,2,2,2,2,2,3,2,2.31,0,0,FALSE
Male,Loyal Customer,56,Personal Travel,Eco,979,4,4,4,3,2,4,2,2,5,2,5,5,2,3.38,0,0,FALSE
Male,Loyal Customer,35,Business Travel,Business,3288,2,2,2,2,3,5,5,5,5,5,5,5,5,3.92,0,0,TRUE
Female,Loyal Customer,58,Personal Travel,Eco,630,2,1,2,4,3,3,3,4,4,2,4,1,2,2.69,17,4,FALSE
Male,Loyal Customer,24,Personal Travel,Eco,907,2,5,2,4,4,2,4,4,4,2,5,5,4,3.62,28,12,FALSE
Female,Loyal Customer,42,Personal Travel,Eco,2576,2,3,1,3,1,2,4,2,5,4,1,4,4,2.77,96,83,FALSE
Female,Loyal Customer,58,Business Travel,Business,1440,3,2,3,3,2,5,5,4,4,4,4,5,4,3.69,8,24,TRUE
Male,Loyal Customer,33,Personal Travel,Eco Plus,1444,5,4,5,2,2,5,2,2,3,2,4,3,2,3.15,18,26,TRUE
Female,Loyal Customer,36,Business Travel,Business,195,3,3,3,3,5,2,5,5,5,5,4,4,5,4,28,0,TRUE
Male,Loyal Customer,24,Business Travel,Eco,674,1,1,1,1,1,1,1,1,4,3,2,4,1,1.69,14,23,FALSE
Female,Loyal Customer,38,Business Travel,Business,723,2,1,1,1,1,4,3,2,2,2,2,4,3,2.15,4,6,FALSE
Male,Loyal Customer,54,Business Travel,Eco,223,3,2,4,2,3,3,3,3,2,2,3,3,3,2.77,0,0,FALSE
Male,Loyal Customer,44,Personal Travel,Eco,1208,3,5,3,1,5,3,5,5,2,1,4,3,5,3.46,10,0,FALSE
Female,Loyal Customer,39,Business Travel,Business,448,5,5,5,5,2,4,4,4,4,4,4,3,5,4.15,15,0,TRUE
Female,Loyal Customer,49,Business Travel,Business,1729,3,4,4,4,3,4,4,3,3,3,3,4,4,3.54,0,0,FALSE
Female,Loyal Customer,32,Business Travel,Business,2611,2,2,3,2,5,5,5,5,4,5,5,5,5,4.08,35,38,TRUE
Male,Loyal Customer,30,Business Travel,Business,2075,3,5,5,5,3,3,3,3,1,2,1,1,3,2.92,26,40,FALSE
Female,Disloyal Customer,26,Business Travel,Eco,409,4,2,4,4,3,4,5,3,3,2,4,2,3,3.31,0,0,FALSE
Male,Loyal Customer,48,Business Travel,Business,3934,4,4,3,4,5,4,4,5,5,5,5,3,4,4.23,0,7,TRUE
Male,Loyal Customer,47,Personal Travel,Eco,674,2,4,2,1,5,2,2,5,5,3,4,5,5,3.46,6,0,FALSE
Male,Loyal Customer,29,Business Travel,Business,3890,2,1,1,1,2,2,2,2,5,3,2,2,2,2.08,165,167,FALSE
Female,Loyal Customer,39,Business Travel,Business,3452,2,3,3,3,2,3,3,2,2,2,2,2,2,2.38,0,0,FALSE
Female,Loyal Customer,33,Business Travel,Business,2814,5,5,5,5,2,2,1,2,2,2,2,3,2,2.92,0,19,TRUE
Male,Loyal Customer,52,Personal Travel,Business,1192,3,5,4,3,3,4,4,1,1,4,1,4,5,3.23,0,0,FALSE
Female,Loyal Customer,54,Personal Travel,Eco,557,3,4,4,1,5,5,4,3,3,4,3,4,5,3.69,0,0,FALSE
Male,Disloyal Customer,20,Business Travel,Eco,725,4,5,5,3,2,5,3,2,4,2,4,2,2,3.31,42,46,FALSE
Female,Disloyal Customer,17,Business Travel,Eco,1121,4,4,4,2,2,4,2,2,2,5,4,2,2,3,0,0,TRUE
Male,Loyal Customer,37,Personal Travel,Eco,251,3,4,0,3,3,0,3,3,2,3,2,1,3,2.31,0,0,FALSE
Female,Loyal Customer,21,Personal Travel,Business,102,3,4,3,3,5,3,5,5,3,3,4,3,5,3.77,0,0,FALSE
Female,Loyal Customer,17,Personal Travel,Eco,1034,3,5,3,3,4,3,4,4,3,2,5,3,4,3.54,0,0,FALSE
Female,Loyal Customer,58,Business Travel,Business,311,3,4,4,4,1,4,4,3,3,3,3,2,3,3.15,0,0,FALSE
Female,Loyal Customer,36,Personal Travel,Eco,872,4,2,4,3,2,4,1,2,1,2,3,4,2,2.62,0,0,FALSE
Female,Loyal Customer,24,Personal Travel,Eco,101,4,3,4,3,3,4,4,3,1,1,4,5,3,3.23,14,21,FALSE
Male,Loyal Customer,37,Personal Travel,Eco,528,2,2,2,3,3,2,3,3,1,1,4,1,3,2.31,27,20,FALSE
Female,Loyal Customer,38,Personal Travel,Eco,680,3,5,3,3,3,3,2,3,4,5,5,4,3,3.54,0,0,FALSE
Male,Loyal Customer,30,Business Travel,Business,3509,0,5,0,1,4,4,2,4,5,3,5,1,4,2.92,0,0,TRUE
Female,Disloyal Customer,22,Business Travel,Eco,550,2,0,2,1,5,2,5,5,4,3,4,5,5,3.31,0,0,FALSE
Female,Loyal Customer,39,Business Travel,Business,2355,5,5,1,5,5,4,5,3,3,4,3,3,3,3.77,0,0,TRUE
Female,Disloyal Customer,25,Business Travel,Business,998,4,0,4,4,2,4,2,2,3,5,5,5,2,3.23,0,11,TRUE
Male,Loyal Customer,43,Business Travel,Business,2130,3,3,3,3,3,4,5,4,4,4,4,4,4,3.69,0,0,TRUE
Female,Loyal Customer,60,Personal Travel,Eco,2475,3,1,3,4,1,3,3,1,1,3,1,4,2,2.31,0,0,FALSE
Female,Loyal Customer,60,Business Travel,Business,3611,1,1,1,1,2,1,3,4,4,4,4,3,4,2.54,0,1,TRUE
Male,Disloyal Customer,23,Business Travel,Business,590,0,0,0,5,5,0,5,5,4,2,5,3,5,3,14,3,TRUE
Female,Loyal Customer,71,Business Travel,Business,1704,3,3,3,3,1,3,3,5,5,4,5,2,3,3.31,0,0,TRUE
Male,Loyal Customer,62,Business Travel,Eco Plus,349,5,5,3,5,5,5,5,5,4,1,1,5,5,4.15,0,0,TRUE
Female,Disloyal Customer,22,Business Travel,Business,422,4,0,3,4,1,3,1,1,5,4,5,5,1,2.85,17,11,TRUE
Male,Loyal Customer,63,Personal Travel,Eco,1065,2,4,2,4,5,2,5,5,5,3,4,3,5,3.77,0,0,FALSE
Male,Loyal Customer,46,Business Travel,Business,2454,2,2,2,2,5,4,4,4,3,4,5,4,4,3.46,44,26,TRUE
Female,Loyal Customer,61,Personal Travel,Eco,248,4,5,4,1,3,5,5,5,5,4,5,3,3,4,4,0,TRUE
Male,Disloyal Customer,21,Business Travel,Eco,328,5,0,5,3,4,5,4,4,3,3,5,3,4,3.69,3,0,TRUE
Male,Disloyal Customer,22,Business Travel,Eco,1028,4,4,4,4,1,4,1,1,2,2,2,3,1,2.54,0,33,TRUE
Female,Loyal Customer,70,Personal Travel,Eco Plus,533,2,4,2,1,3,5,4,4,4,2,4,5,5,3.46,33,29,FALSE
Male,Loyal Customer,33,Personal Travel,Eco,1956,3,4,3,3,4,3,4,4,1,4,3,4,4,3.38,0,0,FALSE
Female,Loyal Customer,42,Business Travel,Business,1379,1,2,2,2,5,3,4,1,1,1,1,3,1,2.08,48,49,FALSE
Male,Disloyal Customer,27,Business Travel,Eco,817,3,3,3,1,3,1,1,3,1,4,5,1,1,2.31,146,155,FALSE
Female,Loyal Customer,64,Business Travel,Business,671,4,4,4,4,1,4,1,4,4,3,4,1,1,3,0,0,TRUE
Female,Loyal Customer,61,Business Travel,Eco,332,3,1,1,1,4,3,3,3,3,3,3,3,2,2.54,0,36,FALSE
Female,Loyal Customer,68,Business Travel,Business,2394,2,4,4,4,5,3,3,2,2,2,2,1,1,2.69,0,0,FALSE
Male,Loyal Customer,62,Personal Travel,Eco Plus,622,4,5,4,3,2,4,2,2,2,4,2,4,2,3.08,0,0,FALSE
Female,Loyal Customer,67,Business Travel,Business,1893,2,2,2,2,2,2,2,3,3,3,3,2,2,2.31,0,0,FALSE
Male,Loyal Customer,46,Personal Travel,Eco,334,3,5,3,3,3,3,3,3,5,4,5,5,3,3.69,58,72,FALSE
Male,Loyal Customer,22,Business Travel,Business,2369,3,1,1,1,3,3,3,3,4,4,3,1,3,2.54,0,0,FALSE
Male,Loyal Customer,52,Business Travel,Business,600,1,1,1,1,3,4,4,4,4,4,4,5,3,3,11,0,TRUE
Male,Loyal Customer,53,Business Travel,Business,456,3,2,2,2,5,3,3,3,3,2,3,2,2,2.69,0,45,FALSE
Female,Loyal Customer,41,Business Travel,Business,3556,1,1,2,1,2,4,4,4,4,4,4,5,3,3,0,13,TRUE
Male,Loyal Customer,20,Personal Travel,Eco,259,2,1,2,2,2,2,1,2,4,2,2,1,2,1.92,14,19,FALSE
Female,Loyal Customer,54,Business Travel,Business,1714,2,2,2,2,4,5,5,4,4,4,4,4,5,3.62,0,0,TRUE
Male,Disloyal Customer,20,Business Travel,Business,368,5,4,5,5,1,5,1,1,5,5,5,3,1,3.54,0,0,TRUE
Male,Loyal Customer,59,Business Travel,Business,2203,4,4,4,4,3,4,5,4,4,4,4,3,5,4,67,52,TRUE
Male,Disloyal Customer,50,Business Travel,Eco,627,4,0,4,3,2,4,2,2,3,2,4,2,2,2.62,0,0,TRUE
Male,Loyal Customer,48,Personal Travel,Eco,650,1,2,1,3,3,1,3,3,2,5,2,1,3,2.31,0,0,FALSE
Male,Disloyal Customer,23,Business Travel,Eco,89,3,4,3,4,4,3,4,4,2,4,4,4,4,3.62,4,7,FALSE
Male,Disloyal Customer,29,Business Travel,Eco,382,2,2,2,4,4,2,4,4,1,5,4,1,4,3,17,21,FALSE
Female,Loyal Customer,16,Business Travel,Business,1750,1,1,1,1,5,5,5,5,4,3,4,4,5,3.38,8,0,TRUE
Male,Loyal Customer,56,Business Travel,Eco,1194,1,1,3,1,1,1,1,1,3,4,3,2,1,1.77,58,89,FALSE
Male,Loyal Customer,35,Personal Travel,Eco,2475,1,1,1,4,1,1,1,2,3,4,4,1,1,1.92,0,0,FALSE
Male,Disloyal Customer,25,Business Travel,Business,1037,5,2,5,3,2,5,2,2,4,5,3,5,2,3.46,31,0,TRUE
Male,Loyal Customer,45,Business Travel,Business,838,4,4,4,4,3,5,4,4,4,4,4,5,5,4.15,1,0,TRUE
Female,Disloyal Customer,22,Business Travel,Eco,1432,2,1,1,3,2,2,3,2,3,2,3,1,2,2.08,40,44,FALSE
Female,Loyal Customer,50,Personal Travel,Eco Plus,580,3,1,3,4,2,3,3,3,3,3,3,2,1,2.62,69,56,FALSE
Female,Loyal Customer,37,Personal Travel,Eco,1754,1,4,1,3,2,1,2,2,5,1,5,3,2,2.46,0,0,FALSE
Female,Loyal Customer,56,Personal Travel,Eco,84,3,2,0,3,1,3,4,2,2,0,2,3,4,2.23,0,19,FALSE
Male,Loyal Customer,35,Personal Travel,Eco Plus,544,1,4,3,1,3,3,3,3,5,5,4,4,3,3.23,0,27,FALSE
Male,Disloyal Customer,22,Business Travel,Eco Plus,1346,5,0,5,3,1,5,1,1,3,5,4,4,1,2.92,0,0,TRUE
Female,Disloyal Customer,43,Business Travel,Eco,347,5,3,5,3,1,5,1,1,3,3,5,5,1,3.15,0,0,TRUE
Male,Loyal Customer,67,Personal Travel,Eco,534,3,4,3,3,4,3,4,4,3,2,4,5,4,3.54,30,26,FALSE
Male,Loyal Customer,51,Business Travel,Business,3377,5,5,5,5,2,5,4,2,2,2,2,5,4,3.69,25,37,TRUE
Female,Loyal Customer,53,Business Travel,Business,3232,1,1,1,1,5,5,4,4,4,4,4,4,5,3.31,0,0,TRUE
Male,Loyal Customer,67,Personal Travel,Eco Plus,261,5,3,5,3,1,5,3,1,3,2,4,4,1,3.08,0,0,TRUE
Female,Disloyal Customer,26,Business Travel,Eco Plus,507,2,5,2,5,4,2,4,4,4,5,3,4,4,3.69,0,35,FALSE
Female,Loyal Customer,50,Business Travel,Eco,222,4,4,4,4,1,5,4,4,4,4,4,5,4,3.92,0,0,TRUE
Male,Loyal Customer,40,Business Travel,Business,3657,5,5,5,5,4,5,4,3,3,3,3,3,3,3.92,0,33,TRUE
Male,Loyal Customer,48,Business Travel,Business,1680,4,4,4,4,4,4,4,5,5,5,5,4,4,4.31,0,0,TRUE
Male,Loyal Customer,39,Business Travel,Eco,1065,3,1,1,1,3,3,3,3,3,4,2,1,3,2.38,37,47,FALSE
Female,Loyal Customer,60,Personal Travel,Eco,362,3,5,3,5,3,4,4,2,2,3,2,4,5,3.46,0,0,FALSE
Female,Loyal Customer,56,Business Travel,Business,3893,0,1,1,2,5,4,5,3,3,3,3,4,3,2.85,0,0,TRUE
Female,Loyal Customer,67,Personal Travel,Eco,944,4,2,4,4,3,4,3,1,1,4,1,2,2,2.69,0,0,TRUE
Male,Loyal Customer,57,Business Travel,Business,3837,1,1,1,1,5,4,4,2,2,2,2,3,4,2.46,9,20,TRUE
Female,Loyal Customer,13,Personal Travel,Eco,1892,3,1,3,3,2,3,2,2,2,5,3,4,2,2.69,0,0,FALSE
Female,Loyal Customer,65,Personal Travel,Eco,404,3,4,3,4,2,2,3,5,5,3,5,3,5,3.62,0,13,FALSE
Male,Loyal Customer,59,Business Travel,Eco Plus,1171,1,2,2,2,1,1,1,1,2,2,4,2,1,1.69,0,0,FALSE
Male,Loyal Customer,58,Personal Travel,Eco,1124,2,3,2,3,4,2,4,4,2,1,1,1,4,2.54,0,0,FALSE
Female,Loyal Customer,64,Personal Travel,Eco,1172,3,5,3,3,3,5,4,1,1,3,1,5,4,3.15,15,11,FALSE
Female,Loyal Customer,37,Personal Travel,Eco,403,2,5,2,3,3,2,3,3,3,2,4,4,3,3,0,0,FALSE
Male,Loyal Customer,25,Personal Travel,Eco,597,2,4,2,3,4,2,4,4,4,5,3,2,4,3.31,0,0,FALSE
Female,Loyal Customer,43,Business Travel,Business,3328,2,2,2,2,4,4,5,4,4,4,4,5,3,3.46,0,6,TRUE
Male,Disloyal Customer,29,Business Travel,Business,1214,4,4,4,3,3,4,3,3,4,5,4,3,3,3.62,32,16,TRUE
Male,Disloyal Customer,21,Business Travel,Eco,391,2,1,2,2,5,2,5,5,4,5,2,2,5,3.23,4,2,FALSE
Male,Loyal Customer,58,Personal Travel,Eco Plus,987,4,5,5,1,1,5,1,1,3,2,4,3,1,2.77,0,0,TRUE
Female,Loyal Customer,32,Business Travel,Business,436,5,5,5,5,4,4,4,4,5,5,4,4,4,4.46,17,10,TRUE
Female,Loyal Customer,50,Business Travel,Business,1670,2,3,3,3,2,3,3,2,2,2,2,4,2,2.54,28,23,FALSE
Male,Disloyal Customer,27,Business Travel,Eco,1020,3,3,3,3,2,3,4,2,3,2,2,1,2,2.54,18,12,FALSE
Female,Loyal Customer,40,Business Travel,Business,1710,1,1,1,1,4,2,5,5,5,5,5,5,1,3.15,0,0,TRUE
Female,Loyal Customer,9,Personal Travel,Eco,2381,3,5,3,1,2,3,1,2,4,3,5,4,2,2.92,22,0,FALSE
Male,Loyal Customer,54,Business Travel,Business,972,3,4,1,4,3,3,4,3,3,3,3,3,1,2.92,0,12,FALSE
Male,Disloyal Customer,41,Business Travel,Eco,73,1,0,1,1,1,1,1,1,1,3,1,2,1,1.15,0,0,FALSE
Female,Disloyal Customer,25,Business Travel,Business,925,3,5,3,4,1,3,1,1,5,5,5,5,1,3.23,0,0,FALSE
Male,Disloyal Customer,56,Business Travel,Business,200,5,5,5,4,5,5,5,5,4,3,5,3,5,4.54,111,115,TRUE
Male,Loyal Customer,43,Business Travel,Eco,546,3,4,4,4,3,3,3,3,3,5,3,3,3,3.38,0,1,FALSE
Female,Loyal Customer,28,Business Travel,Business,2010,4,4,4,4,3,3,3,3,4,4,5,4,3,3.69,0,0,TRUE
Female,Loyal Customer,25,Personal Travel,Eco Plus,1452,4,4,4,2,2,4,2,2,5,5,3,4,2,3.31,2,0,FALSE
Female,Loyal Customer,36,Business Travel,Eco,1444,4,1,1,1,4,3,4,4,1,2,4,1,4,2.62,0,0,FALSE
Female,Disloyal Customer,36,Business Travel,Eco,196,2,0,2,2,4,2,4,4,4,2,4,5,4,3,12,2,FALSE
Female,Loyal Customer,30,Business Travel,Business,3702,3,3,3,3,2,2,2,2,3,5,2,2,2,2.62,4,0,TRUE
Female,Loyal Customer,47,Personal Travel,Eco,496,3,5,3,3,2,4,5,2,2,3,2,5,5,3.38,0,0,FALSE
Female,Loyal Customer,22,Business Travel,Business,669,1,1,1,1,2,2,2,2,2,5,1,5,2,2.08,0,0,TRUE
Female,Loyal Customer,21,Business Travel,Business,1594,3,3,4,3,2,3,2,2,3,5,4,4,2,3.08,0,0,TRUE
Female,Loyal Customer,55,Business Travel,Business,2135,3,3,4,3,5,4,4,3,3,3,3,3,1,3.23,0,44,FALSE
Male,Loyal Customer,49,Business Travel,Business,2462,2,1,2,2,2,4,5,5,5,5,5,5,5,3.69,11,8,TRUE
Female,Loyal Customer,55,Business Travel,Eco,565,2,1,4,1,3,2,2,2,2,2,2,4,2,2.23,0,0,FALSE
Female,Loyal Customer,57,Business Travel,Business,1938,3,3,3,3,2,5,5,4,4,4,4,4,5,3.77,0,0,TRUE
Male,Loyal Customer,63,Personal Travel,Eco,1587,2,5,2,1,4,2,4,4,3,5,5,4,4,3.46,0,0,FALSE
Female,Disloyal Customer,29,Business Travel,Business,1303,2,2,2,4,3,2,5,3,3,5,5,4,3,3.31,0,0,FALSE
Male,Loyal Customer,47,Business Travel,Business,3711,4,4,4,4,2,2,1,5,5,5,5,2,2,3.46,0,0,TRUE
Female,Loyal Customer,56,Business Travel,Business,1062,1,1,1,1,4,5,4,4,4,4,4,5,5,3.31,32,29,TRUE
Male,Loyal Customer,40,Business Travel,Business,842,4,4,4,4,3,5,4,4,4,4,4,5,5,4.15,1,0,TRUE
Female,Loyal Customer,57,Business Travel,Business,3750,1,1,5,1,3,5,5,2,2,2,2,3,3,2.69,0,0,TRUE
Male,Loyal Customer,37,Business Travel,Eco,819,2,2,2,2,2,2,2,2,3,5,1,2,2,2.23,24,17,TRUE
Male,Loyal Customer,57,Personal Travel,Eco,391,2,2,4,4,4,2,2,2,1,3,3,2,2,2.54,142,135,FALSE
Male,Loyal Customer,31,Personal Travel,Eco,1325,4,5,4,2,1,4,5,1,4,5,3,3,1,3.23,0,,FALSE
Female,Loyal Customer,39,Personal Travel,Business,1076,3,4,3,4,2,4,5,4,4,3,4,4,4,3.69,0,0,FALSE
Female,Loyal Customer,21,Personal Travel,Eco,83,2,4,0,3,5,0,5,5,4,4,4,3,5,3.38,0,0,FALSE
Male,Loyal Customer,39,Business Travel,Business,399,5,5,5,5,3,5,5,4,4,4,4,5,5,4.54,0,0,TRUE
Female,Loyal Customer,8,Business Travel,Business,1918,1,2,2,2,1,1,1,1,3,4,4,3,1,2,0,0,FALSE
Female,Loyal Customer,58,Personal Travel,Eco,809,3,4,3,3,5,4,4,2,2,3,2,3,1,3,25,19,FALSE
Female,Loyal Customer,53,Business Travel,Eco,936,3,1,2,1,1,4,3,3,3,3,3,2,4,2.54,2,6,FALSE
Male,Loyal Customer,47,Business Travel,Business,2704,1,1,1,1,4,3,4,5,5,5,5,5,4,3.38,0,0,TRUE
Male,Disloyal Customer,30,Business Travel,Eco,650,3,3,3,3,3,3,3,3,1,4,3,4,3,3,2,0,FALSE
Female,Loyal Customer,25,Business Travel,Eco,366,4,2,2,2,4,4,3,4,4,5,4,4,4,3.54,15,4,TRUE
Female,Loyal Customer,15,Personal Travel,Eco,1522,4,2,5,4,4,5,4,4,3,5,4,2,4,3.85,3,1,FALSE
Male,Loyal Customer,40,Business Travel,Business,2235,1,3,1,3,2,3,3,2,2,2,1,2,4,2.23,0,0,FALSE
Male,Disloyal Customer,23,Business Travel,Eco,985,2,2,2,1,1,2,1,1,3,4,1,3,1,1.85,0,0,FALSE
Female,Loyal Customer,58,Business Travel,Business,3520,2,2,2,2,4,5,5,5,5,5,5,3,4,3.77,0,0,TRUE
Female,Loyal Customer,24,Business Travel,Eco Plus,1770,5,4,4,4,5,5,4,5,1,5,3,2,5,4,0,8,TRUE
Female,Loyal Customer,54,Business Travel,Eco Plus,151,5,3,5,3,5,4,1,5,5,5,5,1,4,3.92,0,0,TRUE
Female,Loyal Customer,30,Business Travel,Business,2422,2,3,3,3,2,2,2,2,3,2,3,1,2,2.31,0,24,FALSE
Male,Loyal Customer,41,Business Travel,Business,1440,1,1,1,1,2,4,5,5,5,5,5,4,4,3.31,0,0,TRUE
Female,Disloyal Customer,19,Business Travel,Eco,930,5,5,5,3,2,5,2,2,3,4,5,4,2,3.62,18,31,TRUE
Male,Disloyal Customer,44,Business Travel,Business,762,4,4,4,3,2,4,2,2,5,3,5,3,2,3.31,0,0,FALSE
Female,Loyal Customer,49,Personal Travel,Eco,551,3,1,3,3,3,4,4,4,4,3,3,4,4,3.31,38,36,FALSE
Male,Loyal Customer,51,Personal Travel,Eco Plus,320,4,4,4,4,4,4,4,4,5,2,1,2,4,3.54,0,0,FALSE
Male,Loyal Customer,26,Personal Travel,Business,337,2,4,2,2,3,2,3,3,1,4,1,4,3,2.62,8,8,FALSE
Female,Loyal Customer,62,Personal Travel,Eco,391,3,4,3,5,2,3,2,3,3,3,3,3,1,2.92,0,3,FALSE
Female,Loyal Customer,51,Personal Travel,Eco,1576,2,4,2,4,3,4,4,3,3,2,3,4,4,3.23,34,36,FALSE
Female,Loyal Customer,47,Business Travel,Business,158,3,3,3,3,2,5,4,4,4,4,5,4,5,3.77,0,1,TRUE
Female,Loyal Customer,8,Personal Travel,Eco,1013,1,2,0,3,4,0,4,4,2,5,3,1,4,2.54,15,65,FALSE
Female,Loyal Customer,44,Business Travel,Business,2941,1,1,1,1,1,2,2,5,5,4,4,5,1,2.54,50,55,TRUE
Male,Disloyal Customer,28,Business Travel,Business,650,4,4,4,3,5,4,5,5,4,3,4,3,5,4.08,1,0,TRUE
Female,Loyal Customer,61,Personal Travel,Eco,304,1,4,1,2,2,2,1,3,3,1,3,2,2,2.08,0,0,FALSE
Female,Loyal Customer,42,Business Travel,Business,1602,4,4,4,4,3,5,5,4,4,4,4,4,4,4.08,0,0,TRUE
Female,Loyal Customer,45,Business Travel,Business,364,1,1,1,1,5,5,5,2,2,3,2,3,4,2.69,34,35,TRUE
Female,Disloyal Customer,22,Business Travel,Business,503,5,0,5,5,4,5,4,4,4,3,2,4,4,3.77,0,0,TRUE
Female,Disloyal Customer,22,Business Travel,Eco,666,2,2,2,3,5,2,5,5,3,2,4,1,5,3.15,0,0,FALSE
Female,Loyal Customer,39,Business Travel,Eco,399,5,5,5,5,5,5,5,5,1,1,3,1,5,3.92,5,1,TRUE
Female,Disloyal Customer,39,Business Travel,Eco,447,2,2,1,3,4,1,4,4,4,1,3,4,4,2.85,0,0,FALSE
Male,Loyal Customer,44,Personal Travel,Eco,1121,1,5,1,4,2,1,2,2,4,4,4,3,2,2.69,71,97,FALSE
Male,Loyal Customer,41,Personal Travel,Eco,239,4,5,0,4,4,0,4,4,4,4,1,1,4,3,14,41,FALSE
Female,Loyal Customer,40,Business Travel,Business,2553,2,4,2,2,4,5,5,2,2,2,2,4,4,3.08,0,3,TRUE
Male,Loyal Customer,53,Business Travel,Business,2342,2,5,5,5,4,2,2,2,2,2,2,1,1,2.69,0,0,FALSE
Female,Loyal Customer,44,Personal Travel,Eco,264,4,1,4,2,2,2,2,4,4,4,4,3,4,3.08,0,0,FALSE
Male,Loyal Customer,31,Business Travel,Business,3236,4,4,4,4,4,4,4,4,3,3,5,4,4,3.92,15,0,TRUE
Female,Loyal Customer,14,Personal Travel,Eco,2585,3,3,2,4,2,2,2,2,3,2,3,4,2,2.62,13,0,FALSE
Female,Loyal Customer,54,Personal Travel,Eco Plus,438,3,4,3,2,5,3,1,2,2,3,2,2,1,2.54,0,0,FALSE
Female,Loyal Customer,36,Business Travel,Business,255,2,1,4,1,5,4,3,2,2,2,2,3,4,2.69,0,0,FALSE
Male,Loyal Customer,51,Business Travel,Business,3798,2,2,2,2,3,5,5,4,4,4,4,5,3,3.46,0,0,TRUE
Female,Loyal Customer,49,Business Travel,Business,3125,4,4,4,4,5,4,4,5,5,5,5,5,5,4.54,102,96,TRUE
Male,Loyal Customer,43,Business Travel,Business,456,4,4,4,4,3,4,5,3,3,3,3,5,5,3.85,0,4,TRUE
Female,Loyal Customer,20,Business Travel,Business,604,5,5,5,5,4,5,4,4,5,3,5,3,4,4.38,0,0,TRUE
Male,Loyal Customer,58,Business Travel,Business,545,1,1,1,1,5,4,5,5,5,5,5,3,3,3.38,82,72,TRUE
Female,Loyal Customer,49,Personal Travel,Eco,950,2,3,2,3,5,4,5,2,2,2,2,1,5,2.92,0,2,FALSE
Male,Disloyal Customer,21,Business Travel,Eco,239,5,0,5,3,5,5,3,5,5,2,4,4,5,3.92,107,115,TRUE
Female,Disloyal Customer,29,Business Travel,Business,507,3,3,3,2,2,3,4,2,4,3,5,5,2,3.15,8,0,FALSE
Male,Loyal Customer,46,Business Travel,Business,2509,3,5,2,5,2,3,2,1,3,4,4,2,2,2.92,168,201,FALSE
Male,Loyal Customer,50,Business Travel,Business,3744,5,5,5,5,3,4,4,4,4,4,4,5,3,4.23,0,0,TRUE
Female,Loyal Customer,48,Business Travel,Business,3768,3,3,3,3,5,5,4,5,5,5,5,4,5,4.23,0,0,TRUE
Female,Loyal Customer,45,Business Travel,Business,3444,4,4,4,4,4,4,4,4,4,5,4,3,5,4.08,0,14,TRUE
Female,Loyal Customer,52,Personal Travel,Eco,402,3,5,3,2,4,4,5,2,2,3,2,4,3,3.23,0,0,FALSE
Female,Loyal Customer,22,Personal Travel,Eco,696,2,4,2,2,3,2,3,3,5,3,4,5,3,3.15,0,0,FALSE
Female,Loyal Customer,30,Business Travel,Business,2052,5,5,5,5,4,4,4,4,3,2,4,3,4,4,0,6,TRUE
Female,Disloyal Customer,22,Business Travel,Eco,436,3,4,3,1,4,3,4,4,5,4,5,5,4,3.77,0,0,FALSE
Female,Disloyal Customer,25,Business Travel,Business,296,0,4,0,2,1,0,1,1,4,3,5,5,1,2.08,20,15,TRUE
Female,Loyal Customer,26,Business Travel,Business,3325,1,1,1,1,4,4,4,4,3,2,4,3,4,2.77,0,0,TRUE
Female,Loyal Customer,37,Personal Travel,Eco,147,2,3,2,3,3,2,3,3,3,4,4,3,3,2.92,8,3,FALSE
Female,Loyal Customer,43,Business Travel,Eco,674,4,4,4,4,2,3,3,4,4,4,4,5,4,3.77,0,0,TRUE
Male,Loyal Customer,39,Business Travel,Eco,590,4,3,2,2,4,3,4,4,3,1,3,3,4,3.08,14,15,FALSE
Female,Loyal Customer,8,Personal Travel,Eco,802,4,4,4,3,4,4,5,4,5,5,5,1,4,4,0,32,FALSE
Male,Loyal Customer,26,Business Travel,Eco,1013,4,2,2,2,4,4,1,4,4,4,1,1,4,2.85,83,85,FALSE
Female,Loyal Customer,36,Business Travel,Eco,134,2,5,5,5,2,2,2,2,5,1,2,1,2,2.77,3,0,TRUE
Female,Loyal Customer,51,Business Travel,Business,3320,2,2,2,2,3,4,4,5,5,5,5,5,3,3.62,0,0,TRUE
Female,Disloyal Customer,24,Business Travel,Business,488,4,3,4,4,2,4,5,2,1,3,4,4,2,3.23,0,0,TRUE
Male,Loyal Customer,54,Business Travel,Eco Plus,331,4,1,1,1,3,4,3,3,2,4,1,3,3,2.54,0,0,TRUE
Male,Loyal Customer,57,Business Travel,Business,1481,4,4,4,4,4,5,4,2,2,2,2,3,3,3.31,63,119,TRUE
Female,Disloyal Customer,21,Business Travel,Eco,191,2,4,2,1,3,2,3,3,2,1,4,4,3,2.62,4,0,FALSE
Male,Loyal Customer,70,Personal Travel,Business,1189,2,1,2,3,3,2,2,4,4,2,4,2,1,2.46,0,0,FALSE
Female,Loyal Customer,17,Business Travel,Business,488,3,5,5,5,3,3,3,3,3,3,4,3,3,3.54,7,9,FALSE
Male,Loyal Customer,16,Personal Travel,Eco,921,3,5,3,3,1,3,1,1,4,5,4,4,1,2.92,97,101,FALSE
Male,Loyal Customer,28,Personal Travel,Eco,237,1,5,0,4,3,0,3,3,3,2,4,4,3,2.69,11,15,FALSE
Male,Disloyal Customer,22,Business Travel,Eco,763,3,3,3,3,1,3,1,1,2,1,3,3,1,2.15,0,0,FALSE
Female,Disloyal Customer,24,Business Travel,Eco Plus,208,5,0,5,1,1,5,4,1,2,5,2,3,1,2.69,0,0,TRUE
Female,Loyal Customer,22,Personal Travel,Eco,999,3,3,3,3,2,3,2,2,4,3,1,5,2,2.77,10,0,FALSE
Male,Disloyal Customer,33,Business Travel,Eco,725,4,4,4,2,2,4,4,2,4,4,2,2,2,3.08,0,0,FALSE
Male,Loyal Customer,39,Business Travel,Eco Plus,228,5,1,1,1,5,5,5,5,4,3,3,2,5,3.46,0,0,TRUE
Female,Disloyal Customer,20,Business Travel,Eco,1325,4,4,4,3,4,5,4,4,5,5,5,4,4,4.23,0,0,FALSE
Female,Loyal Customer,62,Personal Travel,Eco,541,2,5,2,4,4,5,4,4,4,2,4,5,3,3.69,49,63,FALSE
Male,Loyal Customer,63,Personal Travel,Eco,997,3,5,3,2,4,3,4,4,3,4,4,5,4,3.69,12,45,FALSE
Female,Loyal Customer,52,Business Travel,Business,680,2,2,2,2,4,4,4,4,4,5,4,3,3,3.31,0,0,TRUE
Male,Loyal Customer,30,Business Travel,Business,854,1,1,1,1,5,4,5,5,4,3,4,3,5,3.23,2,0,TRUE
Male,Loyal Customer,22,Business Travel,Business,2177,4,4,4,4,4,4,4,4,4,5,3,2,4,3.85,0,0,FALSE
Male,Loyal Customer,32,Business Travel,Business,842,3,3,3,3,4,4,4,4,2,1,1,2,4,2.92,0,0,TRUE
Female,Disloyal Customer,20,Business Travel,Eco,765,4,4,4,3,2,4,2,2,2,2,4,1,2,2.77,0,3,FALSE
Female,Disloyal Customer,39,Business Travel,Business,781,3,3,3,4,5,3,5,5,1,4,3,4,5,3.69,20,8,FALSE
Male,Loyal Customer,56,Business Travel,Business,2227,2,2,2,2,5,5,4,4,4,4,4,4,4,3.54,120,99,TRUE
Male,Loyal Customer,26,Personal Travel,Eco,515,3,4,3,3,1,3,1,1,3,4,4,3,1,2.62,0,0,FALSE
Female,Loyal Customer,62,Personal Travel,Eco,200,3,3,3,2,5,5,1,2,2,3,2,3,3,2.85,0,0,FALSE
Male,Disloyal Customer,22,Business Travel,Eco,825,3,3,3,4,5,3,3,5,4,3,3,2,5,3.54,0,2,FALSE
Male,Disloyal Customer,16,Business Travel,Eco,1066,2,2,2,3,5,2,5,5,4,2,3,1,5,3.15,43,25,FALSE
Female,Loyal Customer,60,Business Travel,Business,3748,5,1,5,5,2,4,4,5,5,5,5,5,3,4.15,45,33,TRUE
Male,Loyal Customer,13,Personal Travel,Eco,589,3,4,4,4,2,4,2,2,5,5,5,4,2,3.54,0,6,FALSE
Female,Loyal Customer,76,Business Travel,Eco,434,4,4,4,4,5,2,5,4,4,4,4,3,5,4,0,0,TRUE
Female,Loyal Customer,47,Personal Travel,Eco,323,4,4,4,4,2,3,5,3,3,4,3,2,1,3.23,0,0,TRUE
Female,Disloyal Customer,20,Business Travel,Eco,921,2,2,2,3,5,2,5,5,3,3,4,3,5,3.38,4,21,FALSE
Female,Loyal Customer,61,Business Travel,Business,1509,0,0,0,2,3,4,4,3,3,3,3,4,4,2.54,0,0,TRUE
Male,Disloyal Customer,20,Business Travel,Business,204,4,0,4,3,4,4,4,4,3,4,4,4,4,3.54,0,0,TRUE
Female,Loyal Customer,19,Personal Travel,Eco,983,1,5,1,1,1,1,1,1,5,5,5,5,1,2.54,0,0,FALSE
Female,Loyal Customer,42,Personal Travel,Eco,862,2,3,2,3,2,2,2,1,1,2,1,4,2,2.08,0,0,FALSE
Male,Loyal Customer,65,Personal Travel,Eco,1315,2,4,2,1,2,2,2,2,5,3,5,4,2,2.77,6,0,FALSE
Female,Loyal Customer,46,Personal Travel,Business,374,3,3,3,3,4,2,4,1,1,3,1,3,2,2.54,50,53,FALSE
Male,Loyal Customer,39,Business Travel,Business,484,4,4,4,4,2,5,5,4,4,4,4,3,4,3.92,0,0,TRUE
Female,Loyal Customer,33,Business Travel,Business,1956,4,3,4,3,5,4,4,4,4,4,4,2,4,3.77,0,0,FALSE
Male,Loyal Customer,38,Business Travel,Business,411,3,3,3,3,2,1,3,1,1,2,1,4,4,2.38,0,10,TRUE
Female,Loyal Customer,42,Personal Travel,Business,663,1,4,1,4,2,3,3,5,5,1,5,4,2,3.08,35,24,FALSE
Female,Loyal Customer,53,Business Travel,Eco,140,3,4,4,4,1,2,2,3,3,3,3,2,2,2.77,0,0,FALSE
Male,Loyal Customer,60,Business Travel,Business,997,5,5,5,5,3,4,4,5,5,4,5,3,3,4.31,0,0,TRUE
Female,Loyal Customer,47,Business Travel,Business,1831,2,5,2,5,1,3,4,2,2,2,2,4,4,2.92,0,0,FALSE
Female,Loyal Customer,25,Personal Travel,Eco,414,1,4,1,4,5,1,5,5,1,1,1,3,5,2.85,52,49,FALSE
Male,Loyal Customer,28,Business Travel,Eco Plus,2565,2,3,1,3,2,2,2,3,3,3,4,2,2,2.46,227,245,FALSE
Male,Loyal Customer,60,Personal Travel,Eco,387,1,5,1,4,2,1,2,2,1,5,3,1,2,2.31,0,0,FALSE
Male,Loyal Customer,64,Personal Travel,Eco,562,1,5,1,1,2,1,2,2,5,5,5,5,2,2.85,64,59,FALSE
Male,Disloyal Customer,21,Business Travel,Eco,170,4,4,4,3,5,4,5,5,3,5,4,2,5,4.08,0,0,FALSE
Female,Disloyal Customer,30,Business Travel,Eco,641,2,3,2,4,3,2,1,3,1,3,1,5,3,2.54,8,13,FALSE
Male,Loyal Customer,22,Business Travel,Business,655,2,4,4,4,2,3,2,2,4,3,4,1,2,2.85,0,0,FALSE
Female,Loyal Customer,7,Personal Travel,Eco,1972,1,3,1,4,2,1,2,2,4,2,5,3,2,2.46,9,10,FALSE
Female,Loyal Customer,35,Business Travel,Eco,109,5,2,2,2,5,5,5,5,2,2,3,3,5,3.54,0,0,TRUE
Female,Disloyal Customer,15,Business Travel,Eco,349,4,0,4,2,2,4,2,2,5,5,5,4,2,3.15,0,0,TRUE
Female,Loyal Customer,30,Business Travel,Business,251,1,1,1,1,5,5,5,5,5,5,4,3,5,3.54,3,8,TRUE
Female,Loyal Customer,40,Business Travel,Eco,86,4,1,1,1,4,4,4,4,5,3,3,5,4,3.31,51,36,TRUE
Female,Loyal Customer,24,Personal Travel,Eco Plus,926,3,3,3,2,2,3,2,2,5,1,4,2,2,2.62,0,10,FALSE
Male,Loyal Customer,55,Personal Travel,Eco,265,3,1,3,3,5,3,2,5,1,4,4,1,5,3.08,0,,FALSE
Female,Loyal Customer,17,Business Travel,Business,849,4,4,2,4,4,4,4,4,3,5,5,5,4,4,0,4,TRUE
Female,Loyal Customer,25,Personal Travel,Eco,1096,3,4,3,3,2,3,2,2,5,5,1,3,2,2.92,0,0,FALSE
Male,Disloyal Customer,47,Business Travel,Business,436,3,3,3,5,1,3,1,1,4,4,4,4,1,2.85,0,0,TRUE
Female,Loyal Customer,22,Personal Travel,Eco,992,2,4,3,1,2,3,1,2,3,2,4,3,2,2.46,0,0,FALSE
Female,Loyal Customer,57,Personal Travel,Eco,1050,2,4,2,4,4,3,3,5,5,2,5,3,4,3.54,69,72,FALSE
Male,Loyal Customer,8,Personal Travel,Eco,1144,2,5,2,2,2,1,1,4,4,3,5,1,1,2.54,1128,1115,FALSE
Male,Loyal Customer,38,Business Travel,Eco,250,4,4,4,4,4,4,4,4,3,3,2,5,4,3.77,0,0,TRUE
Female,Loyal Customer,20,Personal Travel,Eco,456,3,5,3,4,4,3,4,4,4,5,4,5,4,4,0,0,FALSE
Female,Disloyal Customer,44,Business Travel,Eco,689,2,2,2,3,5,2,5,5,4,1,3,1,5,3.08,0,72,FALSE
Female,Loyal Customer,36,Business Travel,Eco,1107,5,2,2,2,5,5,5,5,3,1,4,5,5,3.77,36,25,TRUE
Female,Loyal Customer,51,Personal Travel,Business,414,4,5,4,2,5,3,3,2,2,4,2,2,5,3.31,84,74,FALSE
Female,Loyal Customer,43,Business Travel,Business,773,1,1,1,1,3,4,5,3,3,4,3,3,3,2.69,0,0,TRUE
Male,Loyal Customer,31,Personal Travel,Eco Plus,1562,2,5,2,2,2,2,2,2,3,4,5,3,2,2.77,0,0,FALSE
Male,Loyal Customer,30,Personal Travel,Eco,337,4,2,4,3,5,4,5,5,1,5,4,3,5,3.85,0,0,FALSE
Female,Loyal Customer,54,Business Travel,Business,757,1,1,1,1,2,5,5,3,3,3,3,5,5,2.92,0,0,TRUE
Male,Loyal Customer,21,Personal Travel,Eco,888,2,4,1,4,4,1,4,4,3,3,3,4,4,3.15,45,32,FALSE
Female,Loyal Customer,33,Personal Travel,Eco,516,1,4,2,3,2,2,2,2,1,1,4,2,2,2.15,24,28,FALSE
Female,Loyal Customer,43,Business Travel,Business,409,4,4,4,4,3,3,3,4,4,4,4,1,3,3.46,0,0,FALSE
Male,Loyal Customer,41,Personal Travel,Eco,436,3,5,3,4,2,3,2,2,5,2,4,3,2,3.08,0,0,FALSE
Female,Loyal Customer,27,Personal Travel,Eco,2153,3,4,3,2,4,3,4,4,3,2,4,3,4,3.31,97,85,FALSE
Male,Loyal Customer,26,Personal Travel,Eco,859,2,5,2,4,3,2,3,3,1,4,5,4,3,3.15,0,0,FALSE
Female,Loyal Customer,43,Personal Travel,Eco,502,1,4,1,2,3,5,5,5,5,1,3,5,5,3.46,0,0,FALSE
Male,Disloyal Customer,25,Business Travel,Eco,516,2,2,3,2,1,3,1,1,4,5,3,3,1,2.38,0,0,FALSE
Female,Loyal Customer,55,Business Travel,Business,2850,0,0,0,4,1,1,1,5,5,5,5,3,2,2.46,0,0,TRUE
Male,Loyal Customer,58,Business Travel,Business,2521,5,5,5,5,2,5,5,2,2,2,2,3,5,3.69,0,0,TRUE
Female,Loyal Customer,23,Personal Travel,Eco,1447,5,4,5,4,5,5,5,5,4,1,3,3,5,4.15,1,0,TRUE
Female,Loyal Customer,45,Personal Travel,Eco,1846,2,4,2,2,5,3,5,4,4,2,4,3,3,3.31,0,0,FALSE
Female,Loyal Customer,58,Personal Travel,Eco,247,3,5,3,3,3,5,5,2,2,3,2,5,3,3.38,110,112,FALSE
Female,Disloyal Customer,35,Business Travel,Eco,1039,2,2,2,3,4,2,1,4,4,4,2,4,4,2.92,4,0,FALSE
Male,Disloyal Customer,12,Business Travel,Eco,783,5,5,5,2,4,5,4,4,2,1,1,5,4,3.62,0,0,TRUE
Female,Disloyal Customer,27,Business Travel,Eco,2306,2,2,2,3,2,2,2,2,4,1,4,3,2,2.38,0,2,FALSE
Female,Loyal Customer,34,Business Travel,Business,3825,4,4,3,4,3,4,5,4,4,4,4,3,3,3.77,16,9,TRUE
Male,Loyal Customer,49,Business Travel,Business,1627,2,2,2,2,2,4,4,2,2,2,2,3,5,2.62,8,20,TRUE
Female,Disloyal Customer,38,Business Travel,Eco,544,2,3,2,1,2,2,2,2,4,2,2,4,2,2.31,0,0,FALSE
Female,Loyal Customer,38,Business Travel,Business,3755,2,2,2,2,3,4,5,5,5,5,5,5,3,3.69,0,0,TRUE
Female,Loyal Customer,40,Business Travel,Business,1730,5,5,5,5,2,5,4,5,5,5,5,4,5,4.62,0,0,TRUE
Female,Loyal Customer,46,Personal Travel,Eco,312,5,1,5,3,3,3,3,4,4,5,4,1,2,3.31,0,2,TRUE
Male,Loyal Customer,60,Business Travel,Business,3017,1,1,1,1,5,5,5,3,3,3,3,4,4,3,0,12,TRUE
Male,Loyal Customer,52,Personal Travel,Eco,2454,2,4,2,2,1,2,1,1,3,4,5,4,1,2.46,0,0,FALSE
Male,Loyal Customer,50,Business Travel,Business,1189,1,1,1,1,2,5,5,4,4,4,4,5,5,3.23,26,20,TRUE
Female,Loyal Customer,30,Business Travel,Business,2237,1,1,1,1,5,5,5,5,5,4,4,3,5,3.46,0,0,TRUE
Female,Loyal Customer,70,Personal Travel,Eco Plus,743,3,5,3,1,5,5,4,5,5,3,5,4,4,4,0,0,FALSE
Female,Loyal Customer,43,Business Travel,Business,1568,1,1,1,1,3,3,3,4,4,4,4,3,3,2.69,0,5,TRUE
Male,Loyal Customer,57,Business Travel,Business,1768,3,3,3,3,4,5,4,3,3,3,3,3,3,3.31,0,0,TRUE
Male,Loyal Customer,40,Business Travel,Eco,73,5,3,3,3,5,5,5,5,2,3,1,1,5,3.54,0,0,TRUE
Female,Loyal Customer,10,Personal Travel,Eco Plus,366,5,1,5,4,4,5,4,4,3,4,3,4,4,3.85,0,0,TRUE
Female,Loyal Customer,38,Business Travel,Eco,1014,4,2,2,2,4,4,4,4,3,4,4,3,4,3.38,10,10,TRUE
Male,Disloyal Customer,11,Business Travel,Eco,1027,3,2,2,4,4,2,2,4,1,3,3,4,4,2.92,0,0,FALSE
Male,Loyal Customer,34,Business Travel,Eco Plus,370,2,1,1,1,2,3,2,2,4,1,3,4,2,2.15,0,0,FALSE
Male,Loyal Customer,49,Business Travel,Business,1957,4,4,4,4,5,5,4,4,4,4,4,4,5,4.23,9,0,TRUE
Female,Disloyal Customer,27,Business Travel,Business,289,2,1,1,3,2,1,2,2,3,3,5,5,2,2.46,0,0,FALSE
Male,Loyal Customer,26,Personal Travel,Eco,566,3,3,4,2,5,4,5,5,1,3,4,1,5,3.46,0,0,FALSE
Male,Disloyal Customer,27,Business Travel,Eco,641,5,0,4,4,2,4,2,2,1,1,3,4,2,2.62,0,0,TRUE
Female,Loyal Customer,69,Personal Travel,Eco Plus,1892,1,3,1,3,5,4,1,1,1,1,1,3,3,2.15,0,0,FALSE
Female,Loyal Customer,43,Personal Travel,Eco,175,4,5,4,5,2,4,4,3,3,4,3,3,5,3.77,0,0,TRUE
Male,Loyal Customer,56,Business Travel,Eco,911,5,2,2,2,5,5,5,5,3,1,4,3,5,3.62,65,95,TRUE
Female,Loyal Customer,42,Business Travel,Business,2270,1,3,4,3,1,3,2,4,4,3,1,3,4,2.77,1,0,FALSE
Female,Loyal Customer,45,Business Travel,Business,440,3,4,4,4,1,4,3,3,3,3,3,2,3,3.08,13,0,FALSE
Male,Loyal Customer,52,Personal Travel,Business,425,3,0,3,1,2,4,4,4,4,3,4,5,3,3.08,0,0,FALSE
Female,Loyal Customer,30,Business Travel,Eco,184,2,1,4,1,2,2,2,2,2,2,4,1,2,2.08,4,23,FALSE
Female,Loyal Customer,46,Business Travel,Eco,748,4,4,4,4,2,2,1,4,4,4,4,1,5,3.31,0,0,TRUE
Female,Loyal Customer,52,Personal Travel,Eco,861,2,4,2,3,4,3,4,5,5,2,2,1,3,3.08,0,7,FALSE
Male,Loyal Customer,37,Personal Travel,Eco,655,4,4,4,4,1,4,1,1,4,3,2,1,1,2.62,0,0,FALSE
Female,Disloyal Customer,22,Business Travel,Eco,689,3,3,3,3,4,3,2,4,2,4,3,4,4,3.23,35,30,FALSE
Male,Loyal Customer,66,Personal Travel,Eco,302,4,3,4,3,2,4,2,2,4,4,3,1,2,2.92,0,4,FALSE
Male,Loyal Customer,25,Business Travel,Business,746,1,1,1,1,5,4,5,5,5,1,1,4,5,3,0,47,TRUE
Female,Loyal Customer,13,Personal Travel,Eco,957,3,2,3,2,5,3,5,5,2,3,2,3,5,3.31,0,0,FALSE
Male,Loyal Customer,51,Business Travel,Business,646,2,2,2,2,5,4,5,5,5,5,5,5,5,4,0,0,TRUE
Male,Loyal Customer,60,Business Travel,Business,572,2,2,2,2,4,1,2,5,5,5,5,3,4,3.23,0,0,TRUE
Male,Loyal Customer,43,Business Travel,Business,2192,1,1,1,1,5,5,5,5,5,5,5,4,4,3.62,65,78,TRUE
Female,Disloyal Customer,32,Business Travel,Eco,507,2,2,2,4,2,2,2,2,4,3,3,1,2,2.38,13,17,FALSE
Male,Disloyal Customer,25,Business Travel,Eco,1400,2,2,2,3,5,2,5,5,3,4,5,5,5,3.69,0,0,TRUE
Female,Loyal Customer,9,Personal Travel,Eco,308,2,5,4,1,4,4,4,4,5,5,4,5,4,3.92,0,1,FALSE
Female,Loyal Customer,22,Business Travel,Business,3942,1,1,1,1,5,5,5,5,4,4,4,5,5,3.54,11,8,TRUE
Female,Disloyal Customer,15,Business Travel,Eco,1028,1,1,1,4,5,1,5,5,2,4,4,3,5,3.15,9,1,FALSE
Male,Loyal Customer,54,Business Travel,Business,1428,5,5,5,5,5,3,5,5,5,5,5,2,1,4.31,48,38,TRUE
Male,Loyal Customer,43,Business Travel,Eco,577,2,1,1,1,1,2,1,1,4,3,4,3,1,1.92,8,1,TRUE
Female,Disloyal Customer,37,Business Travel,Business,852,3,3,3,1,5,3,5,5,4,2,4,4,5,3.62,0,0,FALSE
Female,Loyal Customer,37,Personal Travel,Eco,2182,5,4,5,4,5,5,5,5,3,4,2,1,5,4.08,0,0,TRUE
Female,Loyal Customer,58,Business Travel,Eco Plus,544,3,5,1,1,5,4,4,4,4,3,4,2,3,3.31,0,0,FALSE
Male,Loyal Customer,34,Business Travel,Business,2704,3,5,5,5,2,1,1,3,3,3,3,1,1,2.77,0,0,FALSE
Female,Loyal Customer,29,Personal Travel,Eco,507,5,3,5,3,5,5,1,5,1,3,4,4,5,3.77,0,0,TRUE
Female,Disloyal Customer,26,Business Travel,Business,446,2,3,3,2,2,3,2,2,4,4,4,5,2,2.92,0,0,FALSE
Male,Loyal Customer,43,Personal Travel,Eco,328,3,2,3,4,4,3,4,4,3,4,3,3,4,3.38,14,17,FALSE
Male,Loyal Customer,58,Business Travel,Business,2888,5,5,5,5,4,5,5,5,5,5,5,4,3,4.69,0,0,TRUE
Male,Loyal Customer,48,Personal Travel,Eco,971,3,2,3,3,4,3,4,4,2,3,2,3,4,3.08,15,0,FALSE
Male,Loyal Customer,16,Personal Travel,Eco,964,2,4,2,3,2,2,2,2,5,3,5,5,2,3,0,0,FALSE
Male,Loyal Customer,53,Business Travel,Business,1589,5,5,5,5,2,3,4,5,5,5,5,3,5,4.38,0,0,TRUE
Male,Loyal Customer,48,Business Travel,Business,488,4,4,4,4,2,5,4,4,4,4,4,3,3,3.77,0,6,TRUE
Female,Loyal Customer,31,Business Travel,Eco,212,4,3,3,3,4,4,4,4,2,1,4,5,4,3.46,19,13,TRUE
Female,Loyal Customer,38,Personal Travel,Eco,304,2,2,2,3,1,2,1,1,1,3,3,1,1,1.77,0,0,FALSE
Female,Loyal Customer,56,Business Travel,Business,192,3,3,3,3,1,4,1,4,4,5,3,5,3,3.23,125,130,TRUE
Male,Loyal Customer,60,Personal Travel,Business,2329,2,5,2,2,4,4,4,1,1,2,1,5,5,2.92,8,28,FALSE
Male,Loyal Customer,39,Business Travel,Business,680,2,2,2,2,2,5,4,5,5,5,5,4,3,3.54,15,4,TRUE
Male,Loyal Customer,7,Personal Travel,Business,1035,2,5,2,3,4,2,4,4,4,5,5,5,4,3.77,0,0,FALSE
Male,Loyal Customer,39,Business Travel,Business,1507,1,1,4,1,4,4,4,4,4,4,4,5,3,3.31,1,0,TRUE
Female,Loyal Customer,60,Business Travel,Business,666,1,1,1,1,3,4,5,4,4,4,4,4,4,3.08,3,0,TRUE
Female,Loyal Customer,31,Business Travel,Business,2261,5,5,5,5,4,4,4,4,3,5,2,5,4,4.23,0,0,TRUE
Female,Disloyal Customer,40,Business Travel,Business,462,1,1,1,1,5,1,5,5,5,4,5,5,5,3.38,19,12,FALSE
Male,Disloyal Customer,30,Business Travel,Eco,507,3,3,3,3,1,3,5,1,4,4,3,4,1,2.92,1,8,FALSE
Male,Disloyal Customer,24,Business Travel,Eco,689,1,1,1,5,2,1,5,2,4,5,5,3,2,2.85,56,47,FALSE
Female,Loyal Customer,23,Business Travel,Business,290,1,1,1,1,1,1,1,1,2,5,4,4,1,1.85,0,0,FALSE
Female,Loyal Customer,41,Personal Travel,Business,802,2,4,2,3,3,4,4,2,2,2,2,1,2,2.54,0,0,FALSE
Female,Loyal Customer,46,Business Travel,Business,1953,3,4,4,4,4,4,3,3,3,2,3,4,1,3.23,0,0,FALSE
Male,Loyal Customer,9,Business Travel,Business,2100,4,4,4,4,4,4,4,4,2,2,2,4,4,3.54,5,25,FALSE
Male,Loyal Customer,12,Personal Travel,Eco,1452,0,3,0,1,3,0,3,3,3,2,4,2,3,2.08,14,1,TRUE
Female,Loyal Customer,49,Business Travel,Business,2956,5,2,5,5,4,5,4,2,2,2,2,5,3,3.54,23,17,TRUE
Male,Loyal Customer,12,Personal Travel,Eco,967,2,4,1,2,1,3,1,4,3,5,4,1,1,2.46,131,134,FALSE
Female,Loyal Customer,58,Business Travel,Business,1023,3,3,3,3,2,5,5,4,4,4,4,3,3,3.54,0,0,TRUE
Male,Disloyal Customer,28,Business Travel,Business,580,4,3,3,2,1,3,1,1,3,4,5,4,1,2.69,3,4,TRUE
Female,Loyal Customer,54,Personal Travel,Eco,1276,2,4,1,1,2,3,5,3,3,1,3,4,5,2.85,0,0,FALSE
Female,Disloyal Customer,42,Business Travel,Eco,134,2,0,2,4,4,2,4,4,1,4,1,3,4,2.69,0,0,FALSE
Female,Loyal Customer,21,Personal Travel,Business,239,0,3,0,3,3,0,3,3,1,2,4,2,3,2.08,6,2,TRUE
Female,Disloyal Customer,20,Business Travel,Eco,431,0,0,0,2,3,0,1,3,3,3,5,5,3,2.15,0,0,TRUE
Female,Loyal Customer,43,Business Travel,Business,526,2,1,1,1,4,2,2,2,2,2,2,2,2,1.92,17,17,FALSE
Male,Loyal Customer,48,Business Travel,Business,507,5,5,5,5,3,5,4,5,5,5,5,3,5,4.62,0,4,TRUE
Female,Loyal Customer,54,Business Travel,Business,649,5,5,3,5,5,4,5,2,2,2,2,3,5,3.69,5,1,TRUE
Male,Loyal Customer,48,Business Travel,Business,1024,1,1,1,1,4,5,5,5,5,5,5,5,4,3.62,0,0,TRUE
Female,Disloyal Customer,22,Business Travel,Business,594,5,0,5,2,3,5,3,3,5,4,5,4,3,3.62,0,0,TRUE
Male,Loyal Customer,35,Business Travel,Eco,1050,4,3,3,3,4,4,4,4,2,1,2,5,4,3.31,0,10,TRUE
Male,Loyal Customer,18,Personal Travel,Eco,776,4,3,4,3,3,4,3,3,3,5,3,4,3,3.46,0,0,TRUE
Male,Loyal Customer,44,Business Travel,Business,838,4,4,4,4,4,4,4,3,3,3,3,5,5,3.85,0,0,TRUE
Male,Loyal Customer,70,Personal Travel,Eco,723,3,3,3,3,4,3,3,4,2,5,3,3,4,3.31,3,0,FALSE
Female,Loyal Customer,53,Business Travel,Business,2187,4,4,4,4,4,4,4,5,5,5,5,4,4,4.31,0,0,TRUE
Female,Loyal Customer,37,Business Travel,Business,3374,2,1,1,1,4,3,3,2,2,2,2,1,3,2.08,1,0,FALSE
Female,Loyal Customer,46,Business Travel,Business,762,4,4,4,4,3,4,4,4,4,4,4,3,3,3.77,33,13,TRUE
Male,Loyal Customer,60,Business Travel,Eco,2036,2,4,4,4,3,2,3,3,1,4,3,1,3,2.85,5,0,FALSE
Male,Disloyal Customer,16,Business Travel,Eco,678,3,3,3,3,1,3,1,1,1,1,4,2,1,2.08,5,41,FALSE
Female,Disloyal Customer,42,Business Travel,Eco,972,1,1,1,2,4,1,4,4,5,2,4,4,4,2.85,0,0,FALSE
Male,Disloyal Customer,44,Business Travel,Eco,594,5,2,5,3,2,5,5,2,2,1,2,5,2,3.15,13,16,TRUE
Female,Loyal Customer,30,Business Travel,Business,1134,4,3,4,4,4,4,4,4,4,5,3,4,4,3.92,0,0,TRUE
Male,Loyal Customer,48,Business Travel,Eco,680,5,3,2,2,5,5,5,5,4,3,1,3,5,3.69,0,0,TRUE
Male,Loyal Customer,19,Personal Travel,Eco,1514,3,5,3,4,3,3,5,3,3,5,3,3,3,3.54,0,0,FALSE
Male,Loyal Customer,13,Personal Travel,Eco,1452,1,1,1,4,5,1,5,5,4,4,3,3,5,3.23,14,2,FALSE
Male,Loyal Customer,43,Personal Travel,Eco Plus,335,3,5,3,4,2,3,2,2,1,5,4,1,2,2.85,0,0,FALSE
Male,Loyal Customer,45,Business Travel,Business,302,2,2,2,2,1,4,3,5,5,5,5,5,3,3.38,0,0,TRUE
Female,Disloyal Customer,52,Business Travel,Business,515,5,5,5,4,3,5,3,3,4,3,5,5,3,4.08,0,5,TRUE
Male,Loyal Customer,51,Business Travel,Business,2521,0,0,0,4,3,5,5,3,3,3,3,3,3,2.69,0,0,TRUE
Male,Loyal Customer,31,Personal Travel,Eco,1368,2,4,2,2,4,2,4,4,3,4,4,5,4,3.38,0,0,FALSE
Female,Loyal Customer,36,Business Travel,Business,2513,1,4,4,4,5,4,4,1,1,1,1,1,4,2.69,58,87,FALSE
Male,Loyal Customer,46,Business Travel,Business,2564,1,5,5,5,2,3,2,1,1,1,1,2,2,2.38,0,0,FALSE
Male,Loyal Customer,40,Business Travel,Eco,134,4,1,1,1,4,4,4,4,1,5,2,4,4,3,0,0,TRUE
Female,Loyal Customer,30,Business Travel,Eco,192,5,1,1,1,5,5,5,5,3,2,2,4,5,3.38,0,0,TRUE
Female,Loyal Customer,47,Business Travel,Business,266,3,4,4,4,3,3,3,3,3,3,3,1,2,3,52,49,FALSE
Male,Loyal Customer,43,Business Travel,Business,3091,2,2,2,2,2,4,5,3,3,3,3,4,4,3,3,0,TRUE
Female,Disloyal Customer,28,Business Travel,Business,419,5,5,5,2,3,5,2,3,5,3,5,4,3,3.85,1,2,TRUE
Female,Loyal Customer,18,Personal Travel,Eco,946,2,5,2,1,2,2,3,2,4,1,3,4,2,2.54,0,0,FALSE
Male,Loyal Customer,39,Business Travel,Business,3944,1,1,4,1,4,5,4,4,4,4,4,4,3,3.31,0,0,TRUE
Female,Loyal Customer,38,Personal Travel,Eco,351,2,5,2,3,5,2,5,5,5,4,5,3,5,3.92,0,5,FALSE
Male,Loyal Customer,33,Personal Travel,Eco Plus,429,4,1,4,4,4,4,4,4,4,5,4,1,4,3.62,0,0,TRUE
Male,Loyal Customer,16,Personal Travel,Eco Plus,872,4,2,4,3,3,4,3,3,4,3,3,2,3,3.15,37,46,FALSE
Male,Loyal Customer,64,Business Travel,Eco Plus,102,4,4,4,4,4,4,4,4,5,4,4,2,4,3.92,34,38,TRUE
Male,Loyal Customer,43,Business Travel,Business,302,1,1,1,1,5,5,4,5,5,5,5,3,4,3.46,0,0,TRUE
Male,Disloyal Customer,23,Business Travel,Eco,641,0,0,0,2,1,0,1,1,4,3,3,3,1,1.46,0,3,TRUE
Male,Disloyal Customer,60,Business Travel,Business,1372,2,2,2,1,5,2,4,5,5,2,5,5,5,3.46,18,0,FALSE
Female,Disloyal Customer,20,Business Travel,Eco,140,3,0,4,1,2,4,2,2,4,4,4,5,2,2.85,0,0,FALSE
Male,Disloyal Customer,25,Business Travel,Eco,1237,1,1,1,3,1,2,2,3,3,1,2,2,2,1.85,183,196,FALSE
Female,Loyal Customer,26,Personal Travel,Eco,516,3,5,3,4,4,3,4,4,3,5,2,4,4,3.69,44,51,FALSE
Male,Disloyal Customer,14,Business Travel,Business,696,4,2,4,2,5,4,1,5,4,5,4,4,5,3.77,0,0,TRUE
Male,Loyal Customer,42,Business Travel,Business,3968,3,5,5,5,3,4,4,3,3,3,3,2,4,3.62,0,8,FALSE
Male,Loyal Customer,60,Personal Travel,Eco,1972,3,4,3,3,3,3,1,3,1,4,2,3,3,2.77,0,0,FALSE
Male,Loyal Customer,52,Personal Travel,Eco,201,4,5,0,5,4,0,4,4,4,2,5,2,4,3.31,5,6,FALSE
Male,Loyal Customer,34,Business Travel,Business,3250,1,1,1,1,4,5,1,4,4,4,5,3,3,2.85,0,0,TRUE
Female,Disloyal Customer,22,Business Travel,Eco,919,1,1,1,4,5,1,5,5,3,3,4,4,5,3.23,35,46,FALSE
Female,Loyal Customer,24,Personal Travel,Eco,253,4,4,4,5,4,4,4,4,4,2,3,2,4,3.69,59,49,FALSE
Female,Loyal Customer,70,Personal Travel,Eco,413,3,3,3,2,3,5,1,3,3,3,3,3,5,3.08,3,0,FALSE
Male,Disloyal Customer,20,Business Travel,Eco,1587,3,3,3,3,2,3,2,2,4,2,4,4,2,2.85,11,0,FALSE
Female,Disloyal Customer,22,Business Travel,Business,338,0,0,0,4,2,0,2,2,5,5,5,5,2,2.46,37,32,TRUE
Female,Disloyal Customer,49,Business Travel,Business,326,4,4,4,3,4,4,5,4,5,5,5,4,4,4.23,0,0,TRUE
Female,Loyal Customer,40,Business Travel,Eco,413,5,2,2,2,5,5,5,5,1,5,5,4,5,3.92,43,39,TRUE
Female,Disloyal Customer,39,Business Travel,Business,1133,2,2,2,3,3,2,3,3,5,1,5,2,3,2.77,0,0,FALSE
Female,Loyal Customer,40,Business Travel,Business,669,5,5,5,5,3,5,5,5,5,5,5,3,4,4.62,11,3,TRUE
Female,Loyal Customer,45,Business Travel,Eco Plus,192,3,5,4,5,3,4,3,3,3,3,3,1,3,3.31,24,23,FALSE
Female,Loyal Customer,27,Business Travel,Business,1608,3,2,3,3,4,4,4,4,3,2,5,3,4,3.38,0,0,TRUE
Male,Loyal Customer,55,Business Travel,Business,2044,3,3,5,3,4,5,5,4,4,4,4,5,4,4.08,30,39,TRUE
Female,Loyal Customer,23,Business Travel,Eco,1199,5,4,4,4,5,5,4,5,1,1,1,3,5,3.62,1,0,TRUE
Male,Disloyal Customer,63,Business Travel,Eco,998,3,4,4,1,2,4,2,2,1,5,2,2,2,2.62,23,30,FALSE
Male,Loyal Customer,42,Business Travel,Business,2944,2,2,2,2,5,5,4,5,5,5,4,5,5,3.92,0,0,TRUE
Male,Loyal Customer,41,Business Travel,Business,1040,5,5,5,5,3,2,2,5,5,5,5,4,3,4.15,0,,TRUE
Male,Disloyal Customer,27,Business Travel,Eco,1250,3,3,3,4,4,3,2,4,1,3,4,2,4,3.08,1,6,FALSE
Female,Loyal Customer,34,Personal Travel,Eco Plus,409,2,1,2,3,3,2,3,3,3,1,4,1,3,2.38,1,0,FALSE
Male,Loyal Customer,72,Business Travel,Eco,592,2,1,1,1,1,2,1,1,2,5,2,2,1,1.69,17,105,FALSE
Male,Loyal Customer,54,Business Travel,Eco,230,5,2,2,2,4,5,4,4,4,2,5,1,4,3.38,0,0,TRUE
Male,Loyal Customer,37,Business Travel,Business,3236,2,3,4,3,1,3,3,2,2,2,2,1,4,2.46,93,102,FALSE
Female,Disloyal Customer,17,Business Travel,Eco Plus,223,4,1,4,3,5,4,5,5,4,1,4,2,5,3.62,0,0,FALSE
Female,Loyal Customer,46,Business Travel,Business,859,4,4,4,4,2,5,4,5,5,5,5,4,4,4.23,0,0,TRUE
Male,Disloyal Customer,28,Business Travel,Eco,2149,3,3,3,5,3,3,3,3,3,2,4,5,3,3.31,0,0,FALSE
Male,Loyal Customer,18,Personal Travel,Eco,935,3,5,3,3,5,3,5,5,3,4,4,5,5,4.08,0,0,FALSE
Female,Disloyal Customer,21,Business Travel,Business,484,4,4,4,4,5,4,5,5,3,4,4,5,5,4.31,0,0,TRUE
Female,Loyal Customer,34,Business Travel,Business,1009,3,3,3,3,3,4,4,3,3,3,3,1,1,2.85,11,8,FALSE
Female,Loyal Customer,45,Personal Travel,Eco,271,1,4,1,4,3,4,4,5,5,1,4,5,3,3.38,3,0,FALSE
Male,Loyal Customer,52,Business Travel,Business,3761,1,1,1,1,4,4,4,5,5,4,5,3,5,3.31,0,0,TRUE
Female,Disloyal Customer,72,Business Travel,Business,333,5,5,5,1,3,5,3,3,3,2,4,3,3,3.46,0,0,TRUE
Female,Disloyal Customer,25,Business Travel,Business,631,2,0,2,4,4,2,4,4,5,2,5,5,4,3.31,0,9,FALSE
Male,Loyal Customer,40,Business Travel,Business,193,2,2,5,2,3,1,2,5,5,5,5,3,1,3.15,12,12,TRUE
Male,Loyal Customer,32,Business Travel,Business,2220,4,4,4,4,4,4,4,4,4,4,4,5,4,4.08,0,0,TRUE
Female,Loyal Customer,24,Business Travel,Business,2604,5,5,1,5,5,4,5,5,3,1,2,3,5,3.77,9,9,TRUE
Female,Loyal Customer,41,Business Travel,Business,733,3,4,4,4,2,3,4,3,3,3,3,1,2,3,0,13,FALSE
Female,Loyal Customer,60,Business Travel,Business,2146,5,5,5,5,4,4,5,5,5,5,5,3,5,4.69,0,0,TRUE
Male,Loyal Customer,51,Business Travel,Business,2444,2,2,2,2,4,4,4,5,5,5,5,4,5,3.77,0,0,TRUE
Male,Loyal Customer,35,Business Travel,Business,308,0,1,1,2,4,4,2,5,5,5,5,3,4,3.15,0,0,TRUE
Male,Loyal Customer,32,Business Travel,Business,304,3,4,4,4,3,3,3,3,2,5,3,3,3,3.31,0,0,FALSE
Female,Loyal Customer,53,Business Travel,Business,1580,1,1,1,1,5,3,5,5,5,5,5,2,4,3.31,2,1,TRUE
Female,Loyal Customer,48,Business Travel,Business,358,1,1,1,1,3,5,5,3,3,3,3,5,4,2.92,16,10,TRUE
Female,Loyal Customer,38,Business Travel,Eco,346,2,5,5,5,2,2,2,2,4,2,1,5,2,3,0,0,TRUE
Female,Loyal Customer,45,Business Travel,Business,3567,0,0,0,2,4,4,5,4,4,4,4,4,3,2.92,1,0,TRUE
Male,Loyal Customer,44,Business Travel,Business,2262,2,2,2,2,5,4,5,3,3,4,3,4,4,3.31,0,0,TRUE
Female,Loyal Customer,48,Business Travel,Eco,1874,2,4,3,4,2,4,2,2,2,2,2,1,1,2.38,5,0,TRUE
Male,Loyal Customer,40,Business Travel,Eco,493,1,3,3,3,1,1,1,1,1,5,4,1,1,2,0,0,FALSE
Female,Loyal Customer,29,Business Travel,Business,2157,4,4,4,4,5,5,5,5,3,1,4,2,5,3.92,0,0,TRUE
Female,Disloyal Customer,38,Business Travel,Business,436,2,2,2,1,3,2,3,3,4,2,5,4,3,2.77,0,0,FALSE
Male,Loyal Customer,40,Business Travel,Eco,963,5,4,4,4,5,5,5,5,4,1,2,3,5,4,4,0,TRUE
Female,Loyal Customer,33,Business Travel,Business,1747,5,5,5,5,3,5,5,5,5,5,5,5,5,4.85,22,37,TRUE
Female,Disloyal Customer,39,Business Travel,Business,247,2,2,2,4,5,2,5,5,4,4,4,5,5,3.77,42,96,FALSE
Male,Loyal Customer,10,Personal Travel,Business,236,4,5,4,4,3,4,3,3,5,2,5,3,3,3.69,0,0,TRUE
Female,Loyal Customer,57,Business Travel,Business,1631,2,2,2,2,3,5,4,5,5,5,5,3,5,3.69,10,3,TRUE
Male,Loyal Customer,38,Business Travel,Business,3828,5,5,5,5,5,2,2,5,5,5,5,5,5,4.54,11,18,TRUE
Female,Disloyal Customer,16,Business Travel,Eco,1927,1,1,1,4,5,1,4,5,1,4,4,3,5,3,55,36,FALSE
Male,Loyal Customer,57,Personal Travel,Business,557,2,2,2,3,1,4,3,3,3,2,2,3,2,2.46,0,0,FALSE
Male,Loyal Customer,68,Personal Travel,Eco,674,3,5,3,3,3,3,3,3,3,4,5,3,3,3.38,24,24,FALSE
Female,Loyal Customer,33,Business Travel,Business,130,2,2,4,2,4,5,5,4,4,4,4,5,3,3.69,0,14,TRUE
Male,Loyal Customer,11,Personal Travel,Business,1303,3,4,3,2,2,3,5,2,3,2,5,4,2,3.08,0,0,FALSE
Female,Loyal Customer,61,Personal Travel,Eco,503,4,3,4,3,4,4,4,1,1,4,1,1,4,2.92,0,0,FALSE
Female,Loyal Customer,56,Business Travel,Business,3900,4,1,4,4,2,5,1,5,5,4,5,3,4,3.62,103,85,TRUE
Female,Disloyal Customer,36,Business Travel,Eco,456,2,0,2,2,1,2,1,1,4,3,1,4,1,1.85,1,13,FALSE
Male,Loyal Customer,41,Business Travel,Business,2917,4,4,4,4,4,4,4,4,4,5,4,3,5,4.08,0,0,TRUE
Male,Disloyal Customer,24,Business Travel,Eco,547,4,0,4,2,3,4,3,3,4,4,4,5,3,3.31,0,0,FALSE
Male,Loyal Customer,57,Business Travel,Business,2617,2,2,2,2,2,4,4,4,4,4,4,4,5,3.31,0,53,TRUE
Male,Loyal Customer,47,Business Travel,Business,2848,3,3,3,3,5,4,3,5,5,5,5,3,5,4,54,82,TRUE
Male,Loyal Customer,47,Personal Travel,Eco,590,3,1,2,3,1,2,1,1,3,1,3,2,1,1.85,0,0,FALSE
Male,Loyal Customer,37,Business Travel,Eco,100,3,5,5,5,3,2,3,3,2,3,4,1,3,3.23,7,24,FALSE
Female,Disloyal Customer,27,Business Travel,Business,473,4,4,4,3,1,4,1,1,4,2,4,3,1,2.77,62,60,TRUE
Female,Loyal Customer,67,Personal Travel,Eco,599,3,4,3,2,3,1,4,4,4,3,4,4,5,3.38,20,30,FALSE
Male,Disloyal Customer,37,Business Travel,Business,442,4,4,4,1,1,4,1,1,3,2,5,4,1,2.69,70,62,TRUE
Male,Loyal Customer,58,Personal Travel,Eco Plus,1085,3,2,3,4,1,3,1,1,3,3,3,4,1,2.46,0,0,FALSE
Male,Loyal Customer,70,Business Travel,Eco,204,3,5,5,5,3,3,3,3,2,2,3,3,3,3.31,0,0,FALSE
Male,Loyal Customer,29,Business Travel,Business,700,2,4,4,4,2,2,2,2,2,4,3,1,2,2.62,3,8,FALSE
Male,Loyal Customer,50,Business Travel,Business,2828,1,1,1,1,4,5,4,4,4,5,4,4,5,3.31,0,11,TRUE
Male,Loyal Customer,36,Business Travel,Business,817,3,3,3,3,3,3,1,5,5,5,5,4,3,3.54,0,0,TRUE
Female,Disloyal Customer,17,Business Travel,Business,372,4,5,4,2,3,4,3,3,5,2,5,5,3,3.69,0,0,TRUE
Female,Loyal Customer,43,Personal Travel,Eco,650,2,4,2,3,5,5,3,2,2,2,2,4,3,3,0,0,FALSE
Male,Loyal Customer,50,Business Travel,Eco,73,4,1,1,1,4,4,4,4,1,1,3,1,4,2.54,0,0,FALSE
Male,Loyal Customer,36,Business Travel,Business,184,2,2,2,2,2,5,4,5,5,5,5,5,5,3.77,28,0,TRUE
Female,Loyal Customer,31,Personal Travel,Business,1310,4,4,4,3,5,4,5,5,5,5,4,3,5,4.31,0,0,TRUE
Female,Loyal Customer,44,Business Travel,Business,1504,2,2,2,2,4,4,4,4,4,4,4,3,4,3.31,0,0,TRUE
Female,Loyal Customer,35,Business Travel,Business,325,2,1,1,1,2,3,4,2,2,2,2,3,1,2,0,0,FALSE
Male,Loyal Customer,29,Personal Travel,Eco,229,2,5,2,3,1,2,1,1,3,3,4,5,1,2.54,0,0,FALSE
Male,Loyal Customer,59,Business Travel,Business,2376,1,1,1,1,5,5,5,4,4,4,4,3,5,3.31,7,11,TRUE
Female,Loyal Customer,52,Business Travel,Business,651,3,3,3,3,3,5,5,3,3,2,3,3,3,3.23,0,1,TRUE
Male,Loyal Customer,60,Business Travel,Business,3202,1,1,1,1,3,5,5,5,5,5,5,5,3,3.46,0,0,TRUE
Male,Loyal Customer,31,Business Travel,Business,1924,2,2,4,2,2,2,2,2,5,2,5,5,2,2.85,0,0,TRUE
Female,Loyal Customer,41,Personal Travel,Eco,599,3,4,3,1,4,3,4,4,4,4,4,5,4,3.62,56,86,FALSE
Male,Loyal Customer,51,Business Travel,Business,224,4,4,4,4,5,4,5,4,4,4,4,3,4,4.08,0,0,TRUE
Male,Loyal Customer,61,Business Travel,Business,2273,4,4,5,4,4,3,1,4,4,4,4,1,5,3.62,0,0,TRUE
Female,Loyal Customer,65,Personal Travel,Eco,337,2,2,2,3,1,3,3,2,2,2,2,2,2,2.15,6,12,FALSE
Male,Loyal Customer,17,Personal Travel,Eco,1680,1,5,1,3,3,1,3,3,1,5,2,2,3,2.54,43,49,FALSE
Male,Loyal Customer,45,Personal Travel,Eco,139,4,0,4,4,3,4,3,3,4,3,5,4,3,3.38,11,7,FALSE
Female,Loyal Customer,54,Personal Travel,Eco,731,4,3,4,5,5,4,4,3,3,4,1,5,5,3.85,3,0,FALSE
Male,Loyal Customer,52,Business Travel,Business,3067,1,1,1,1,5,5,5,5,5,4,5,3,3,3.38,6,0,TRUE
Female,Loyal Customer,20,Business Travel,Eco,2475,5,5,3,3,5,4,5,3,2,4,5,5,5,4.15,0,0,TRUE
Female,Loyal Customer,37,Business Travel,Eco,376,5,5,5,5,5,5,5,5,1,1,4,3,5,4.15,0,0,TRUE
Female,Loyal Customer,47,Business Travel,Business,2815,3,3,3,3,2,4,4,3,3,3,3,5,3,3.23,0,0,TRUE
Male,Loyal Customer,51,Business Travel,Business,284,0,0,0,2,1,3,1,5,5,5,5,5,5,2.85,65,70,TRUE
Female,Loyal Customer,41,Business Travel,Business,67,4,4,4,4,4,4,4,4,4,4,5,5,4,4.15,0,1,TRUE
Male,Loyal Customer,24,Business Travel,Eco Plus,1542,5,4,4,4,5,5,5,5,2,1,5,2,5,4,0,0,TRUE
Male,Loyal Customer,64,Personal Travel,Eco Plus,700,1,5,1,3,1,1,1,1,2,4,4,5,1,2.31,5,0,FALSE
Female,Disloyal Customer,27,Business Travel,Eco,785,4,4,4,4,2,4,2,2,4,3,4,2,2,3.15,18,10,FALSE
Female,Loyal Customer,47,Personal Travel,Eco Plus,294,4,4,4,5,3,4,5,1,1,4,1,5,5,3.54,7,9,FALSE
Male,Disloyal Customer,16,Business Travel,Eco,612,1,3,1,3,4,1,5,4,3,5,4,2,4,3.08,37,37,FALSE
Female,Loyal Customer,44,Business Travel,Business,3288,1,1,1,1,2,5,5,4,4,4,4,4,4,3.08,18,13,TRUE
Male,Disloyal Customer,34,Business Travel,Business,2504,3,3,3,1,3,3,3,3,2,5,5,3,3,3.08,0,0,FALSE
Male,Loyal Customer,36,Business Travel,Eco,1065,3,3,3,3,3,3,3,3,4,2,3,1,3,2.85,0,0,FALSE
Female,Loyal Customer,49,Personal Travel,Eco,1448,2,5,2,3,2,3,4,2,2,2,2,1,3,2.54,8,0,FALSE
Female,Disloyal Customer,13,Business Travel,Eco,661,2,0,3,5,3,3,3,3,5,2,5,4,3,3.15,0,0,FALSE
Female,Loyal Customer,26,Business Travel,Business,3342,1,1,1,1,2,3,2,2,3,3,5,3,2,2.23,0,0,TRUE
Female,Loyal Customer,56,Business Travel,Business,2586,3,3,3,3,4,4,4,5,4,5,4,4,4,3.85,0,0,TRUE
Male,Loyal Customer,37,Business Travel,Eco,937,4,1,1,1,4,4,4,4,1,4,1,1,4,2.62,15,4,TRUE
Female,Loyal Customer,38,Business Travel,Eco Plus,1825,2,4,4,4,2,2,2,2,4,4,3,2,2,2.85,0,0,FALSE
Male,Loyal Customer,56,Business Travel,Business,2016,3,2,2,2,5,2,2,3,3,3,3,1,4,2.69,21,32,FALSE
Female,Loyal Customer,63,Personal Travel,Eco,1303,1,5,1,3,4,3,5,2,2,1,2,4,4,2.85,7,0,FALSE
Female,Disloyal Customer,22,Business Travel,Business,297,5,0,5,3,2,5,2,2,4,2,5,3,2,3.08,0,0,TRUE
Female,Loyal Customer,47,Business Travel,Eco,588,3,1,1,1,3,5,3,3,3,3,3,3,2,2.62,0,9,TRUE
Female,Loyal Customer,41,Business Travel,Business,861,3,3,3,3,3,4,4,5,5,5,5,4,4,3.92,40,29,TRUE
Female,Loyal Customer,39,Business Travel,Eco,1379,2,2,2,2,2,2,2,2,4,2,4,1,2,2.23,39,35,FALSE
Male,Loyal Customer,59,Business Travel,Business,3124,2,2,2,2,5,4,5,5,5,5,5,3,5,3.85,15,0,TRUE
Male,Disloyal Customer,19,Business Travel,Eco,1007,3,3,3,2,2,3,2,2,4,3,4,5,2,2.92,0,0,FALSE
Female,Disloyal Customer,25,Business Travel,Eco Plus,550,3,3,3,4,1,3,1,1,4,5,3,3,1,2.69,39,47,FALSE
Male,Disloyal Customer,16,Business Travel,Business,1089,0,3,0,1,4,0,4,4,3,4,5,3,4,2.69,30,1,TRUE
Female,Loyal Customer,47,Business Travel,Business,325,1,1,1,1,2,5,5,5,5,5,5,4,4,3.38,7,5,TRUE
Female,Loyal Customer,30,Business Travel,Business,946,1,2,2,2,1,1,1,1,2,2,3,3,1,1.69,43,41,FALSE
Male,Disloyal Customer,39,Business Travel,Eco,899,3,4,4,3,3,4,3,3,1,2,4,2,3,3,0,0,FALSE
Female,Loyal Customer,28,Business Travel,Business,793,5,5,5,5,4,4,4,4,1,5,1,1,4,3.69,57,67,TRUE
Male,Loyal Customer,58,Business Travel,Business,2615,3,3,3,3,5,4,5,4,4,5,4,3,4,3.85,19,16,TRUE
Female,Loyal Customer,52,Business Travel,Business,733,3,3,3,3,5,5,5,4,4,4,4,4,5,4,0,0,TRUE
Male,Loyal Customer,23,Personal Travel,Eco Plus,1149,2,5,2,1,3,2,2,3,4,4,4,4,3,3,0,0,FALSE
Female,Loyal Customer,49,Business Travel,Business,3670,1,3,3,3,3,3,4,1,1,1,1,1,4,2.23,9,0,FALSE
Female,Loyal Customer,48,Business Travel,Business,868,5,5,2,5,5,5,5,4,4,4,4,4,4,4.31,0,0,TRUE
Male,Loyal Customer,24,Business Travel,Business,986,1,1,1,1,4,4,4,4,4,2,4,3,4,2.85,0,6,TRUE
Female,Disloyal Customer,22,Business Travel,Eco,224,5,0,5,2,2,5,2,2,1,5,1,5,2,2.85,0,0,TRUE
Male,Loyal Customer,51,Personal Travel,Eco,802,3,5,3,3,1,3,1,1,2,2,5,2,1,2.46,73,49,FALSE
Male,Loyal Customer,38,Personal Travel,Eco,271,2,2,2,3,5,2,5,5,3,3,3,1,5,3.15,17,11,FALSE
Male,Loyal Customer,54,Business Travel,Business,2366,3,3,3,3,3,4,4,4,4,4,4,3,5,3.62,0,0,TRUE
Male,Loyal Customer,43,Business Travel,Business,3114,4,4,4,4,2,1,3,5,5,5,3,4,3,3.62,0,0,TRUE
Female,Loyal Customer,47,Business Travel,Business,606,1,1,1,1,2,4,5,4,4,4,4,4,5,3.08,2,8,TRUE
Male,Loyal Customer,22,Business Travel,Business,708,2,2,2,2,5,5,5,5,2,2,5,4,5,3.54,0,0,TRUE
Female,Loyal Customer,43,Business Travel,Eco,1449,2,1,1,1,5,3,4,2,2,2,2,3,4,2.46,0,6,FALSE
Male,Loyal Customer,64,Personal Travel,Eco,163,3,5,3,2,2,3,2,2,4,4,4,3,2,3,0,9,FALSE
Female,Loyal Customer,63,Personal Travel,Eco,1226,3,4,3,3,3,3,3,1,1,3,3,4,1,2.69,18,0,FALSE
Male,Loyal Customer,57,Business Travel,Business,2880,2,2,2,2,5,5,5,5,5,5,5,4,5,4,15,23,TRUE
Male,Loyal Customer,9,Personal Travel,Eco,912,2,5,2,3,2,1,2,5,3,5,5,2,2,3,181,170,FALSE
Male,Loyal Customer,9,Personal Travel,Eco Plus,624,3,4,3,3,1,3,5,1,5,4,4,1,1,2.92,0,0,FALSE
Male,Loyal Customer,19,Business Travel,Business,1589,4,4,4,4,5,5,5,5,3,2,5,4,5,4.23,0,0,TRUE
Male,Loyal Customer,50,Personal Travel,Eco,2454,2,4,2,5,2,2,2,2,5,3,4,3,2,2.92,21,0,FALSE
Male,Disloyal Customer,36,Business Travel,Eco,882,3,3,3,4,4,3,4,4,2,2,4,3,4,3.31,0,0,FALSE
Female,Loyal Customer,22,Personal Travel,Eco,986,4,5,4,3,5,4,5,5,4,4,5,3,5,4.31,8,5,FALSE
Female,Loyal Customer,52,Personal Travel,Business,738,2,5,2,4,3,4,4,1,1,2,1,5,3,2.85,0,0,FALSE
Female,Loyal Customer,49,Business Travel,Eco Plus,964,5,3,1,1,5,1,1,5,5,5,5,2,3,3.23,0,1,TRUE
Male,Loyal Customer,40,Business Travel,Business,1988,1,1,1,1,2,4,5,5,5,5,5,3,3,3.15,22,7,TRUE
Female,Loyal Customer,34,Business Travel,Eco,299,2,2,2,2,2,2,2,2,3,4,3,2,2,2.31,0,8,FALSE
Female,Loyal Customer,51,Personal Travel,Eco Plus,679,2,2,2,4,2,3,4,1,1,2,1,2,3,2.23,0,0,FALSE
Female,Loyal Customer,49,Business Travel,Business,296,3,3,4,3,2,5,5,4,4,4,4,5,3,3.77,12,19,TRUE
Female,Loyal Customer,53,Business Travel,Business,1769,3,3,3,3,4,4,4,5,5,5,5,3,3,3.85,3,0,TRUE
Male,Disloyal Customer,26,Business Travel,Business,321,1,4,1,4,3,1,3,3,5,2,4,4,3,2.92,0,5,FALSE
Male,Loyal Customer,55,Personal Travel,Eco,312,1,4,1,4,3,1,3,3,3,2,5,4,3,2.85,106,101,FALSE
Female,Loyal Customer,66,Personal Travel,Eco,507,2,4,2,3,2,4,5,2,2,2,2,3,5,2.92,0,0,FALSE
Male,Loyal Customer,67,Personal Travel,Eco,604,2,4,2,2,3,2,3,3,3,4,5,5,3,3.15,17,17,FALSE
Male,Loyal Customer,18,Personal Travel,Eco,1592,1,4,1,2,1,1,1,1,3,4,4,5,1,2.23,0,0,FALSE
Male,Loyal Customer,41,Personal Travel,Business,1205,2,4,2,4,3,2,3,2,2,2,2,2,1,2.38,10,14,FALSE
Male,Loyal Customer,38,Personal Travel,Eco,1076,1,3,1,3,2,1,4,2,2,4,3,1,2,2.23,4,24,FALSE
Male,Loyal Customer,41,Business Travel,Eco,239,1,2,2,2,1,1,1,1,4,2,4,3,1,1.92,54,51,FALSE
Female,Loyal Customer,18,Business Travel,Eco,574,4,5,5,5,4,4,2,4,4,4,3,1,4,3.77,0,0,FALSE
Male,Loyal Customer,51,Business Travel,Eco,641,5,5,5,5,4,5,4,4,5,5,3,4,4,4.46,0,0,TRUE
Female,Loyal Customer,14,Personal Travel,Eco,308,4,5,4,3,4,4,5,4,4,5,4,3,4,4.08,55,52,FALSE
Male,Loyal Customer,12,Personal Travel,Eco,409,2,5,3,2,2,3,2,2,3,3,4,3,2,2.77,10,25,FALSE
Female,Disloyal Customer,28,Business Travel,Business,631,5,5,5,2,5,5,5,5,3,4,5,4,5,4.46,0,0,TRUE
Male,Loyal Customer,34,Business Travel,Business,577,3,4,4,4,5,4,4,3,3,2,3,1,3,3.31,27,18,FALSE
Female,Loyal Customer,57,Business Travel,Business,1101,2,2,2,2,2,4,5,4,4,4,4,3,4,3.23,0,0,TRUE
Male,Disloyal Customer,30,Business Travel,Eco,746,4,4,4,2,1,4,1,1,2,5,5,1,1,2.69,11,5,FALSE
Male,Loyal Customer,36,Personal Travel,Eco,1825,1,1,1,4,4,1,4,4,2,5,2,4,4,2.85,4,12,FALSE
Female,Disloyal Customer,22,Business Travel,Eco,239,3,1,3,3,2,3,2,2,3,5,3,4,2,2.77,48,41,FALSE
Male,Disloyal Customer,37,Business Travel,Business,197,5,5,5,5,4,5,4,4,5,4,4,3,4,4.38,10,8,TRUE
Female,Disloyal Customer,43,Personal Travel,Eco,929,4,5,5,1,5,5,5,5,4,3,4,5,5,4.31,0,3,FALSE
Female,Loyal Customer,31,Business Travel,Business,534,5,5,5,5,4,4,4,4,3,3,5,5,4,4.31,0,0,TRUE
Male,Loyal Customer,53,Business Travel,Business,3435,1,1,1,1,2,4,5,4,4,5,4,5,3,3.08,13,2,TRUE
Female,Disloyal Customer,20,Business Travel,Eco,236,2,2,2,1,2,2,2,2,3,1,2,2,2,1.92,0,40,FALSE
Female,Loyal Customer,49,Business Travel,Business,1005,3,3,2,3,5,4,4,3,3,4,3,3,4,3.38,0,0,TRUE
Female,Loyal Customer,7,Personal Travel,Eco,1180,4,4,4,2,3,4,3,3,4,2,4,5,3,3.46,0,0,TRUE
Male,Loyal Customer,50,Business Travel,Business,1935,0,0,0,4,5,5,4,4,4,4,4,3,5,3.23,0,0,TRUE
Female,Loyal Customer,22,Personal Travel,Eco,1874,2,2,2,3,4,2,4,4,4,2,4,3,4,3.08,17,0,FALSE
Female,Loyal Customer,17,Personal Travel,Eco,130,4,4,4,3,1,4,1,1,2,5,4,3,1,2.85,0,3,FALSE
Female,Disloyal Customer,20,Business Travel,Eco,370,4,2,4,3,2,4,2,2,3,4,4,1,2,2.85,23,19,FALSE
Female,Loyal Customer,34,Business Travel,Business,2077,3,3,3,3,1,4,1,4,4,4,4,5,1,3.08,8,54,TRUE
Male,Disloyal Customer,19,Business Travel,Eco,594,2,1,3,3,4,3,4,4,4,4,4,2,4,3.23,14,12,FALSE
Female,Loyal Customer,43,Business Travel,Business,1590,4,4,5,4,2,5,5,4,4,4,4,5,3,4.08,1,0,TRUE
Female,Disloyal Customer,17,Business Travel,Eco,802,2,2,2,2,1,2,1,1,5,5,5,4,1,2.54,0,0,FALSE
Male,Loyal Customer,63,Personal Travel,Eco,1129,3,4,3,3,4,3,4,4,4,3,4,3,4,3.54,3,4,FALSE
Male,Loyal Customer,53,Personal Travel,Eco Plus,427,3,5,3,1,3,3,3,3,4,3,1,3,3,2.92,20,22,FALSE
Male,Loyal Customer,44,Personal Travel,Eco Plus,547,2,3,2,4,3,2,3,3,1,4,4,4,3,2.92,6,16,FALSE
Female,Loyal Customer,60,Business Travel,Business,562,1,1,1,1,5,4,5,5,5,5,5,4,5,3.62,79,89,TRUE
Female,Loyal Customer,57,Business Travel,Business,1797,2,2,3,2,5,3,4,3,3,3,3,3,5,3.15,7,0,TRUE
Female,Loyal Customer,64,Personal Travel,Eco,867,1,1,1,3,1,4,4,2,2,1,2,1,2,1.92,0,0,FALSE
Female,Disloyal Customer,37,Business Travel,Eco,444,2,1,2,3,5,2,5,5,2,3,4,4,5,3.31,12,0,FALSE
Female,Loyal Customer,60,Business Travel,Business,395,3,3,3,3,3,4,3,3,3,3,3,4,4,3.23,0,0,FALSE
Male,Disloyal Customer,16,Business Travel,Eco,889,3,3,3,3,1,3,1,1,1,5,4,1,1,2.31,6,5,FALSE
Male,Disloyal Customer,27,Business Travel,Eco,305,4,0,4,1,3,4,3,3,1,5,3,4,3,2.92,0,0,TRUE
Male,Loyal Customer,64,Personal Travel,Eco,173,3,2,3,3,4,3,4,4,2,2,3,1,4,2.92,9,6,FALSE
Male,Loyal Customer,51,Business Travel,Business,2925,0,0,0,4,2,4,4,5,5,3,3,3,3,2.77,0,10,TRUE
Male,Loyal Customer,25,Business Travel,Business,2021,5,5,5,5,3,3,3,3,5,3,4,3,3,3.85,29,21,TRUE
Female,Loyal Customer,50,Business Travel,Business,2480,3,3,3,3,5,3,1,4,4,4,4,5,2,3.38,0,0,TRUE
Female,Loyal Customer,44,Personal Travel,Eco,503,3,4,3,2,3,5,5,2,2,3,2,5,3,3.23,0,0,FALSE
Female,Loyal Customer,56,Business Travel,Business,3587,1,1,2,1,4,4,4,5,5,5,5,3,5,3.46,0,0,TRUE
Male,Loyal Customer,70,Personal Travel,Eco,109,3,5,3,1,5,3,5,5,1,1,5,1,5,3.31,0,0,FALSE
Female,Loyal Customer,38,Personal Travel,Eco Plus,308,2,5,2,4,1,2,1,1,3,2,1,2,1,2.08,19,14,FALSE
Male,Loyal Customer,56,Business Travel,Business,3700,4,4,5,4,4,4,4,5,5,5,5,5,4,4.46,8,3,TRUE
Female,Loyal Customer,64,Personal Travel,Eco,1671,2,1,2,1,4,1,2,2,2,2,2,2,2,1.92,26,10,FALSE
Female,Loyal Customer,25,Personal Travel,Eco,1197,4,5,4,1,2,4,2,2,4,4,5,3,2,3.23,9,0,FALSE
Female,Loyal Customer,37,Personal Travel,Eco,1814,3,5,3,1,3,3,3,3,4,4,3,4,3,3.23,0,0,FALSE
Female,Loyal Customer,51,Business Travel,Business,630,4,4,4,4,5,3,3,4,4,4,4,4,1,3.69,2,8,FALSE
Female,Loyal Customer,57,Business Travel,Business,2417,4,4,3,4,4,5,5,5,5,4,5,4,3,4.23,12,18,TRUE
Male,Loyal Customer,59,Business Travel,Eco Plus,329,4,4,4,4,4,4,4,4,3,1,3,1,4,3.38,0,0,TRUE
Male,Loyal Customer,24,Business Travel,Business,1710,5,5,5,5,4,4,4,4,4,1,2,3,4,3.85,32,12,TRUE
Female,Disloyal Customer,45,Business Travel,Eco,1123,4,4,4,2,2,4,4,2,2,1,2,4,2,2.85,27,24,FALSE
Female,Loyal Customer,32,Business Travel,Eco,192,3,1,5,1,3,3,3,3,1,1,4,4,3,2.69,4,4,FALSE
Female,Loyal Customer,53,Business Travel,Business,442,4,4,4,4,2,4,5,5,5,5,5,5,5,4.38,0,0,TRUE
Female,Loyal Customer,34,Business Travel,Business,2565,1,1,1,1,4,3,3,3,5,3,4,3,3,2.69,0,0,TRUE
Female,Loyal Customer,48,Business Travel,Business,3310,1,1,5,1,3,4,5,4,4,4,4,3,5,3.38,1,40,TRUE
Male,Loyal Customer,66,Personal Travel,Business,507,2,5,3,5,5,5,5,4,4,3,4,3,5,4.08,0,3,FALSE
Female,Loyal Customer,47,Business Travel,Business,761,2,2,2,2,4,4,5,4,4,4,4,4,3,3.38,0,0,TRUE
Female,Disloyal Customer,25,Business Travel,Eco,696,4,4,4,4,4,4,4,4,3,4,4,2,4,3.77,28,32,FALSE
Female,Loyal Customer,9,Personal Travel,Eco,319,2,4,2,3,4,2,4,4,1,5,3,2,4,3.08,16,6,FALSE
Female,Disloyal Customer,24,Business Travel,Eco,406,4,5,4,3,2,4,2,2,5,3,4,5,2,3.46,0,0,TRUE
Male,Loyal Customer,34,Business Travel,Eco,859,5,2,5,2,5,5,5,5,3,3,1,3,5,3.77,0,0,TRUE
Male,Loyal Customer,22,Personal Travel,Eco,1276,2,5,2,3,4,2,4,4,3,4,3,3,4,3.31,0,0,FALSE
Male,Loyal Customer,17,Personal Travel,Eco,2279,2,4,2,1,5,2,5,5,3,4,5,4,5,3.62,0,0,FALSE
Male,Loyal Customer,57,Business Travel,Business,2586,3,3,3,3,4,4,4,5,5,5,5,5,3,4,0,0,TRUE
Male,Loyal Customer,58,Business Travel,Eco,266,4,1,1,1,3,4,3,3,4,4,3,2,3,2.77,14,40,FALSE
Female,Loyal Customer,19,Personal Travel,Eco,1747,4,4,3,1,4,3,4,4,5,3,4,5,4,3.69,0,0,TRUE
Female,Disloyal Customer,28,Business Travel,Eco,1972,4,5,5,4,4,4,4,4,3,2,2,3,4,3.69,0,0,FALSE
Female,Loyal Customer,53,Business Travel,Eco,177,5,2,2,2,1,2,5,5,5,5,5,2,5,3.54,0,0,TRUE
Male,Loyal Customer,26,Business Travel,Business,2338,4,4,4,4,4,4,4,4,5,5,3,4,4,4.08,18,0,TRUE
Female,Loyal Customer,61,Business Travel,Eco,551,4,1,1,1,4,3,4,3,3,4,3,2,3,2.77,65,64,FALSE
Female,Loyal Customer,47,Business Travel,Business,1416,4,4,4,4,4,4,4,4,4,4,4,3,4,3.92,0,0,TRUE
Female,Loyal Customer,37,Business Travel,Business,3210,2,2,2,2,5,3,3,5,5,5,5,5,3,3.62,0,0,TRUE
Female,Loyal Customer,40,Personal Travel,Business,909,2,1,2,3,5,4,3,1,1,2,1,2,2,2.23,6,0,FALSE
Female,Loyal Customer,64,Personal Travel,Eco Plus,261,3,5,0,1,5,3,2,5,5,0,1,2,4,2.77,0,3,FALSE
Female,Loyal Customer,35,Business Travel,Business,2244,3,4,2,2,1,4,4,3,3,3,3,4,4,3.08,0,2,FALSE
Female,Loyal Customer,59,Personal Travel,Eco,273,4,4,4,1,3,4,4,1,1,4,1,5,1,2.85,0,0,TRUE
Male,Disloyal Customer,20,Business Travel,Eco,1463,1,1,1,3,1,1,1,1,5,2,2,5,1,1.92,115,131,FALSE
Female,Loyal Customer,41,Business Travel,Business,3050,2,5,2,2,3,5,4,4,4,4,4,5,4,3.69,0,5,TRUE
Female,Disloyal Customer,45,Business Travel,Eco,843,3,4,4,1,2,4,2,2,3,3,4,5,2,3,0,0,FALSE
Female,Disloyal Customer,36,Business Travel,Business,216,2,2,2,4,4,2,4,4,3,3,5,4,4,3.31,3,2,FALSE
Male,Loyal Customer,49,Business Travel,Business,413,2,2,2,2,2,5,5,4,4,4,4,4,3,3.31,0,0,TRUE
Female,Loyal Customer,33,Business Travel,Business,689,5,5,3,5,2,5,4,5,5,5,5,3,3,4.23,0,0,TRUE
Female,Disloyal Customer,22,Business Travel,Eco,817,3,3,3,2,3,3,3,3,2,2,2,3,3,2.69,0,0,FALSE
Male,Loyal Customer,49,Personal Travel,Eco Plus,639,2,5,2,3,3,2,2,3,4,2,5,3,3,3,0,14,FALSE
Female,Loyal Customer,52,Business Travel,Business,3066,1,1,1,1,2,4,5,3,3,3,3,3,5,2.69,0,0,TRUE
Female,Loyal Customer,57,Personal Travel,Eco,373,0,3,0,3,3,3,3,2,2,0,2,1,2,1.85,0,0,TRUE
Male,Disloyal Customer,29,Business Travel,Business,972,2,2,2,2,3,2,3,3,5,4,5,5,3,3.15,2,,FALSE
Male,Loyal Customer,41,Personal Travel,Business,236,4,4,4,3,5,2,2,3,3,4,3,1,1,3,1,0,FALSE
Male,Loyal Customer,63,Personal Travel,Eco,1069,4,5,4,2,4,4,5,4,3,4,5,5,4,4.08,37,32,TRUE
Female,Loyal Customer,61,Personal Travel,Eco,224,2,4,0,4,5,5,5,5,5,0,5,4,3,3.62,0,0,FALSE
Male,Loyal Customer,26,Personal Travel,Eco Plus,2253,4,1,4,3,3,4,3,3,2,3,3,3,3,3,0,0,FALSE
Female,Loyal Customer,47,Business Travel,Eco,1107,1,1,1,1,1,4,3,1,1,1,1,2,1,1.46,21,26,FALSE
Female,Disloyal Customer,21,Business Travel,Eco,733,2,2,2,4,5,2,4,5,2,5,4,4,5,3.54,7,36,FALSE
Female,Loyal Customer,45,Business Travel,Business,2957,1,1,1,1,5,4,4,5,5,5,5,3,4,3.38,0,0,TRUE
Female,Loyal Customer,31,Business Travel,Business,1723,5,5,5,5,4,5,4,4,4,5,4,3,4,4.38,0,28,TRUE
Female,Loyal Customer,68,Business Travel,Eco,589,4,5,3,5,1,3,3,4,4,4,4,4,3,3.62,0,0,TRUE
Female,Loyal Customer,24,Personal Travel,Eco,1097,2,1,2,4,5,2,5,5,2,4,4,1,5,3.23,0,0,FALSE
Male,Loyal Customer,47,Business Travel,Business,3349,1,1,1,1,5,4,1,5,5,5,4,3,2,2.92,0,0,TRUE
Female,Loyal Customer,60,Business Travel,Eco,496,5,4,3,3,1,1,5,5,5,5,5,5,3,3.85,0,0,TRUE
Male,Loyal Customer,60,Personal Travel,Eco,758,2,4,2,5,5,2,5,5,4,5,4,3,5,3.92,0,0,FALSE
Female,Loyal Customer,57,Business Travel,Business,337,3,3,3,3,3,3,3,3,3,3,3,2,4,3,8,0,FALSE
Female,Loyal Customer,67,Personal Travel,Eco,859,4,4,4,3,3,3,3,1,1,4,1,3,4,2.92,0,0,FALSE
Male,Loyal Customer,13,Personal Travel,Eco,447,1,5,1,3,3,1,2,3,3,3,5,5,3,2.92,0,0,FALSE
Female,Loyal Customer,49,Business Travel,Business,3198,1,1,1,1,5,4,5,5,5,5,5,5,3,3.54,0,2,TRUE
Male,Disloyal Customer,25,Business Travel,Business,562,2,0,2,3,5,2,5,5,4,2,5,4,5,3.38,6,0,FALSE
Female,Loyal Customer,48,Personal Travel,Eco,731,4,3,4,3,3,3,2,5,5,4,5,3,3,3.62,1,0,FALSE
Female,Loyal Customer,38,Business Travel,Eco,483,2,4,4,4,2,2,2,2,2,5,4,1,2,2.77,0,7,FALSE
Male,Loyal Customer,43,Personal Travel,Eco,1069,1,3,1,1,1,1,1,1,3,1,1,4,1,1.54,19,6,FALSE
Female,Loyal Customer,37,Business Travel,Business,1400,4,4,4,4,5,3,1,4,4,4,4,5,2,3.69,0,0,TRUE
Male,Loyal Customer,10,Personal Travel,Eco,323,2,3,2,3,5,2,5,5,4,3,4,2,5,3.46,3,4,FALSE
Male,Loyal Customer,29,Personal Travel,Eco,1226,3,4,3,3,4,3,4,4,2,5,4,1,4,3.38,0,20,FALSE
Female,Loyal Customer,63,Business Travel,Business,377,1,5,5,5,3,4,4,1,1,1,1,2,2,2.69,0,0,FALSE
Male,Loyal Customer,29,Personal Travel,Eco,101,4,5,0,2,2,0,4,2,5,2,4,3,2,2.69,0,0,TRUE
Male,Loyal Customer,32,Personal Travel,Business,964,3,5,3,2,5,3,5,5,5,5,4,4,5,4.15,0,0,FALSE
Female,Loyal Customer,68,Personal Travel,Eco,795,1,5,1,3,4,4,5,3,3,1,5,5,4,3.38,0,0,FALSE
Female,Loyal Customer,48,Business Travel,Business,1127,3,3,3,3,2,5,5,5,5,5,5,3,5,4,13,43,TRUE
Male,Loyal Customer,35,Personal Travel,Eco,328,1,2,1,2,3,1,3,3,3,1,2,2,3,2.08,0,0,FALSE
Male,Loyal Customer,22,Business Travel,Business,2330,3,2,2,2,3,3,3,2,4,2,4,3,3,2.77,12,4,FALSE
Female,Loyal Customer,39,Business Travel,Business,2243,4,4,4,4,2,4,5,4,4,4,4,4,5,4,0,4,TRUE
Female,Disloyal Customer,37,Business Travel,Eco,239,2,0,3,3,5,3,5,5,2,2,1,1,5,2.85,13,0,FALSE
Male,Loyal Customer,54,Business Travel,Business,247,4,4,4,4,3,4,4,5,5,5,5,4,4,4.23,112,119,TRUE
Male,Loyal Customer,61,Business Travel,Business,690,3,5,5,5,4,3,3,3,3,3,3,2,1,3.31,77,68,FALSE
Male,Loyal Customer,62,Personal Travel,Eco,152,1,4,0,2,3,0,3,3,5,4,4,5,3,2.85,8,,FALSE
Male,Disloyal Customer,41,Business Travel,Eco,77,2,5,1,4,3,1,3,3,3,5,3,5,3,3.15,0,0,FALSE
Male,Loyal Customer,44,Business Travel,Eco Plus,372,5,5,5,5,5,5,5,5,3,1,1,1,5,3.92,0,4,TRUE
Male,Loyal Customer,61,Personal Travel,Business,646,2,1,2,2,5,2,3,4,4,2,2,1,1,2.38,1,0,FALSE
Female,Loyal Customer,48,Business Travel,Business,1894,3,3,3,3,4,4,5,5,5,5,5,5,5,4.23,0,0,TRUE
Female,Loyal Customer,24,Personal Travel,Eco,594,5,5,5,2,4,5,4,4,2,3,5,4,4,4,12,3,TRUE
Male,Loyal Customer,52,Business Travel,Business,3118,1,1,1,1,4,5,4,2,2,2,2,3,3,2.38,0,0,TRUE
Male,Loyal Customer,54,Business Travel,Business,3403,2,2,2,2,4,4,5,4,4,4,4,5,4,3.54,44,35,TRUE
Female,Loyal Customer,12,Personal Travel,Eco Plus,1005,2,5,2,1,1,2,1,1,5,3,5,4,1,2.54,29,23,FALSE
Female,Loyal Customer,73,Business Travel,Business,1648,4,3,3,3,2,2,2,4,4,4,4,4,1,3.08,1,0,FALSE
Male,Loyal Customer,41,Business Travel,Eco,622,4,3,3,3,4,4,4,4,4,5,1,3,4,3.54,33,26,TRUE
Female,Loyal Customer,55,Business Travel,Business,2309,2,2,2,2,2,5,4,5,5,5,5,4,3,3.54,2,0,TRUE
Male,Loyal Customer,40,Business Travel,Business,2041,4,4,4,4,3,4,4,5,5,5,5,5,4,4.31,85,82,TRUE
Male,Disloyal Customer,25,Business Travel,Eco,152,0,0,1,5,5,1,5,5,1,5,5,1,5,3,24,42,TRUE
Female,Loyal Customer,36,Personal Travel,Eco,725,1,1,1,3,5,1,4,5,2,2,4,3,5,2.85,30,4,FALSE
Male,Loyal Customer,33,Business Travel,Business,2072,2,2,2,2,4,4,4,4,3,5,5,5,4,3.54,0,0,TRUE
Male,Loyal Customer,40,Personal Travel,Eco,834,2,4,2,2,3,2,3,3,4,5,4,4,3,3.15,38,24,FALSE
Male,Disloyal Customer,18,Business Travel,Eco,258,3,2,3,4,4,3,4,4,2,4,4,1,4,3.23,19,11,FALSE
Male,Loyal Customer,45,Business Travel,Business,1197,2,1,2,2,3,5,5,5,5,5,5,4,3,3.62,0,19,TRUE
Female,Loyal Customer,16,Business Travel,Business,1056,2,3,3,3,2,1,2,2,4,2,3,3,2,2.46,0,0,FALSE
Male,Disloyal Customer,49,Business Travel,Business,685,3,3,3,3,4,3,4,4,5,3,5,3,4,3.62,0,0,FALSE
Female,Loyal Customer,18,Business Travel,Business,3864,1,4,4,4,1,1,1,1,2,5,4,4,1,2.54,0,0,FALSE
Male,Loyal Customer,53,Personal Travel,Eco,509,4,5,4,5,4,4,1,4,5,4,5,3,4,4,0,0,FALSE
Female,Loyal Customer,30,Business Travel,Eco Plus,488,4,1,1,1,4,3,4,4,4,1,3,1,4,2.69,0,0,FALSE
Male,Loyal Customer,39,Business Travel,Business,2521,4,4,4,4,3,3,3,5,2,3,4,3,3,3.46,0,0,TRUE
Male,Loyal Customer,50,Business Travel,Business,2744,4,4,4,4,2,4,5,5,5,5,5,5,5,4.38,0,0,TRUE
Male,Loyal Customer,51,Business Travel,Business,2486,4,4,4,4,1,4,1,4,4,4,4,3,4,3.46,0,0,TRUE
Female,Loyal Customer,34,Business Travel,Business,2075,4,4,5,4,3,5,4,4,4,4,4,4,3,4,66,57,TRUE
Female,Loyal Customer,55,Business Travel,Business,2082,5,5,5,5,4,4,4,4,4,4,4,5,5,4.46,1,0,TRUE
Male,Loyal Customer,52,Personal Travel,Eco,542,2,5,2,1,4,2,4,4,4,3,4,4,4,3.31,36,27,FALSE
Female,Loyal Customer,56,Business Travel,Eco,190,2,3,4,4,4,3,3,2,2,2,2,3,2,2.77,13,8,FALSE
Female,Loyal Customer,48,Personal Travel,Eco,579,2,3,2,3,1,1,5,3,3,2,3,3,1,2.46,2,9,FALSE
Male,Loyal Customer,43,Personal Travel,Eco,235,3,1,3,2,3,3,3,3,3,4,1,3,3,2.69,0,0,FALSE
Male,Loyal Customer,10,Personal Travel,Eco,1235,3,5,3,2,1,3,1,1,5,2,4,5,1,2.77,2,0,FALSE
Female,Loyal Customer,41,Personal Travel,Eco,173,2,2,0,3,0,1,1,1,5,4,4,1,1,1.92,183,173,FALSE
Male,Loyal Customer,53,Business Travel,Business,368,1,1,1,1,3,5,5,5,5,5,5,3,3,3.31,0,0,TRUE
Female,Loyal Customer,45,Business Travel,Business,2329,5,5,5,5,3,5,4,3,3,3,3,3,4,3.92,0,0,TRUE
Female,Loyal Customer,41,Business Travel,Business,337,1,1,1,1,5,5,5,4,4,4,4,5,3,3.31,8,4,TRUE
Male,Loyal Customer,44,Personal Travel,Eco Plus,550,3,1,4,3,1,4,2,1,4,5,1,1,1,2.38,1,0,FALSE
Male,Loyal Customer,46,Business Travel,Business,1069,3,3,3,3,2,4,5,3,3,3,3,5,5,3.46,0,0,TRUE
Male,Loyal Customer,18,Personal Travel,Eco,529,3,2,1,3,3,1,3,3,4,3,3,2,3,2.62,22,25,FALSE
Female,Loyal Customer,58,Business Travel,Eco,907,1,0,0,4,4,4,3,5,5,1,5,4,3,3,12,10,FALSE
Female,Loyal Customer,50,Business Travel,Business,2727,3,5,5,5,1,3,4,3,3,3,3,3,4,3.46,11,41,FALSE
Female,Loyal Customer,52,Business Travel,Business,2528,3,3,3,3,3,3,4,3,3,3,3,4,1,3,0,0,FALSE
Male,Loyal Customer,42,Business Travel,Business,2583,4,3,3,3,4,4,4,3,2,3,4,4,4,3.46,257,241,FALSE
Female,Disloyal Customer,36,Business Travel,Business,447,2,2,2,4,3,2,2,3,5,2,5,3,3,2.92,14,7,FALSE
Male,Loyal Customer,14,Personal Travel,Eco,1055,3,4,3,1,1,3,1,1,4,3,4,3,1,2.46,20,19,FALSE
Female,Loyal Customer,54,Business Travel,Business,3408,4,4,4,4,2,4,4,5,5,5,5,4,3,4.08,2,0,TRUE
Male,Loyal Customer,22,Personal Travel,Eco,213,1,3,1,3,1,1,1,1,1,5,3,4,1,2,0,0,FALSE
Female,Loyal Customer,45,Personal Travel,Eco,507,1,4,2,3,4,5,5,5,5,2,5,3,3,3.62,0,1,FALSE
Female,Loyal Customer,47,Business Travel,Business,3715,3,2,2,2,3,2,2,3,3,3,3,2,1,2.38,0,12,FALSE
Female,Loyal Customer,46,Business Travel,Business,368,3,3,3,3,2,5,5,5,5,5,5,5,5,4.15,18,5,TRUE
Male,Loyal Customer,63,Business Travel,Eco Plus,107,5,5,5,5,5,5,5,5,3,2,1,1,5,4,1,0,TRUE
Female,Loyal Customer,44,Business Travel,Business,2460,4,5,3,5,3,3,4,4,4,4,4,1,4,3.69,78,68,FALSE
Female,Loyal Customer,42,Personal Travel,Eco,787,3,4,3,2,3,4,4,5,5,3,5,4,4,3.77,43,75,FALSE
Male,Loyal Customer,29,Business Travel,Business,74,2,2,2,2,2,2,2,2,2,3,4,2,2,2.23,0,0,FALSE
Female,Loyal Customer,22,Business Travel,Business,834,4,2,2,2,4,4,4,4,2,2,3,4,4,3.15,0,7,FALSE
Female,Disloyal Customer,25,Business Travel,Business,288,5,4,5,4,4,5,4,4,5,4,5,5,4,4.46,0,0,TRUE
Female,Loyal Customer,48,Personal Travel,Eco,227,1,3,1,3,4,4,4,4,4,1,4,3,1,2.85,49,45,FALSE
Female,Loyal Customer,56,Business Travel,Eco,425,2,5,5,5,4,1,2,2,2,2,2,3,2,2.85,0,0,TRUE
Female,Disloyal Customer,29,Business Travel,Business,1184,1,1,1,1,1,1,1,1,5,4,4,4,1,2,0,0,FALSE
Male,Loyal Customer,58,Business Travel,Business,501,2,2,2,2,5,4,5,3,3,4,3,4,3,3.23,14,15,TRUE
Male,Loyal Customer,24,Personal Travel,Eco Plus,532,1,4,3,5,3,3,3,3,4,4,5,3,3,3.38,0,0,FALSE
Male,Loyal Customer,42,Business Travel,Business,2300,4,4,4,4,3,3,3,5,5,3,5,3,3,3.77,5,11,TRUE
Male,Loyal Customer,45,Business Travel,Business,2139,3,3,3,3,4,5,5,5,5,4,5,3,4,4,0,0,TRUE
Male,Loyal Customer,43,Personal Travel,Eco,1733,1,4,2,4,4,2,4,4,4,4,5,3,4,3.46,1,9,FALSE
Female,Disloyal Customer,24,Business Travel,Eco,86,5,4,5,1,4,5,4,4,4,3,2,4,4,3.77,0,0,TRUE
Female,Loyal Customer,51,Personal Travel,Eco,657,1,2,1,3,3,3,4,3,3,1,3,1,4,2.46,5,0,FALSE
Male,Loyal Customer,27,Business Travel,Business,2139,4,4,5,4,4,4,4,4,5,5,5,3,4,4.23,1,0,TRUE
Female,Loyal Customer,27,Business Travel,Business,3163,1,1,1,1,4,4,4,4,1,5,1,4,4,2.69,0,0,TRUE
Female,Loyal Customer,26,Personal Travel,Eco Plus,1481,3,5,3,1,2,3,1,2,4,2,5,4,2,2.85,0,0,FALSE
Female,Loyal Customer,67,Personal Travel,Eco,1810,3,5,4,1,1,5,5,2,2,4,2,4,4,3.23,0,0,FALSE
Male,Disloyal Customer,39,Business Travel,Business,159,2,2,2,1,4,2,4,4,4,2,4,3,4,2.92,0,0,FALSE
Male,Loyal Customer,14,Personal Travel,Eco,447,4,4,4,4,5,4,5,5,5,5,5,4,5,4.54,0,0,FALSE
Female,Loyal Customer,44,Business Travel,Business,3179,4,4,4,4,3,3,3,4,4,4,4,1,1,3.31,11,0,TRUE
Female,Disloyal Customer,42,Business Travel,Business,802,2,2,2,1,5,2,5,5,4,4,4,3,5,3.38,0,12,FALSE
Female,Loyal Customer,70,Personal Travel,Eco,846,2,4,2,2,2,5,5,5,5,2,5,5,3,3.62,51,32,FALSE
Male,Loyal Customer,10,Personal Travel,Eco,985,3,4,3,1,2,3,2,2,4,2,4,5,2,2.85,12,11,FALSE
Male,Loyal Customer,57,Personal Travel,Eco,562,2,1,2,4,1,2,1,1,2,2,4,4,1,2.08,0,0,FALSE
Male,Loyal Customer,29,Personal Travel,Eco Plus,227,1,5,1,3,1,1,1,1,4,5,5,3,1,2.46,30,40,FALSE
Male,Loyal Customer,20,Personal Travel,Eco,907,2,2,2,2,1,2,1,1,1,2,2,4,1,1.77,13,8,FALSE
Female,Loyal Customer,43,Business Travel,Eco,355,3,5,5,5,3,3,3,3,3,3,3,3,3,3.46,0,0,FALSE
Female,Loyal Customer,56,Personal Travel,Eco,332,4,5,4,2,2,4,5,5,5,4,5,4,5,4.15,0,0,TRUE
Female,Loyal Customer,31,Personal Travel,Eco,86,2,2,2,4,2,2,2,2,3,4,3,3,2,2.54,9,6,FALSE
Female,Disloyal Customer,27,Business Travel,Eco,1121,4,4,4,2,4,4,4,4,5,2,4,2,4,3.62,17,3,FALSE
Female,Loyal Customer,48,Business Travel,Business,3998,2,2,2,2,3,5,4,2,2,2,2,5,4,2.85,1,0,TRUE
Female,Disloyal Customer,23,Business Travel,Eco,787,1,1,1,3,4,1,4,4,2,5,4,2,4,2.77,22,24,FALSE
Male,Loyal Customer,22,Business Travel,Business,2708,1,1,1,1,1,1,1,1,1,1,4,4,1,1.46,0,18,FALSE
Female,Loyal Customer,48,Business Travel,Eco,728,4,5,5,5,5,3,4,4,4,4,4,1,4,4,0,0,FALSE
Female,Loyal Customer,44,Personal Travel,Eco,599,2,2,2,3,2,2,2,2,5,4,3,2,2,2.54,139,139,FALSE
Female,Loyal Customer,54,Business Travel,Business,1046,4,4,4,4,3,4,5,4,4,4,4,3,4,3.92,0,0,TRUE
Female,Loyal Customer,19,Business Travel,Business,3842,5,5,5,5,5,5,5,5,1,5,5,1,5,4.38,0,0,TRUE
Female,Disloyal Customer,34,Business Travel,Eco,151,2,3,2,4,3,2,3,3,2,2,3,2,3,2.62,15,0,FALSE
Male,Disloyal Customer,20,Business Travel,Eco,407,2,1,1,3,5,1,5,5,4,2,4,3,5,3.15,0,1,FALSE
Female,Loyal Customer,70,Personal Travel,Eco Plus,594,3,4,3,4,2,3,4,5,5,3,3,2,5,3.54,0,1,FALSE
Female,Disloyal Customer,21,Business Travel,Eco,828,5,5,5,4,2,5,2,2,3,1,4,3,2,3.31,0,20,TRUE
Female,Disloyal Customer,38,Business Travel,Business,744,3,3,3,2,4,3,4,4,5,4,5,5,4,3.77,35,33,FALSE
Female,Loyal Customer,53,Business Travel,Business,3738,3,3,3,3,4,4,4,4,4,5,4,5,5,3.92,5,4,TRUE
Female,Loyal Customer,7,Personal Travel,Eco,990,2,4,2,1,2,2,2,2,5,3,5,3,2,2.69,0,0,FALSE
Female,Loyal Customer,58,Business Travel,Business,1642,5,5,5,5,4,5,4,5,5,5,5,3,5,4.69,13,24,TRUE
Male,Loyal Customer,48,Business Travel,Eco,266,5,1,1,1,5,5,5,5,2,3,5,4,5,3.62,0,21,TRUE
Male,Disloyal Customer,22,Business Travel,Eco,733,3,3,3,3,3,3,3,3,2,2,3,3,3,2.85,42,42,FALSE
Male,Loyal Customer,50,Personal Travel,Eco,1471,3,4,3,5,3,3,3,3,4,5,4,4,3,3.62,0,0,FALSE
Male,Loyal Customer,55,Personal Travel,Eco,237,2,5,2,1,5,2,5,5,5,4,4,3,5,3.69,1,0,FALSE
Male,Disloyal Customer,54,Business Travel,Business,135,3,3,3,2,1,3,1,1,5,2,4,4,1,2.54,0,0,FALSE
Male,Loyal Customer,56,Business Travel,Eco,174,4,3,3,3,4,4,4,4,5,4,1,4,4,3.62,0,0,TRUE
Male,Loyal Customer,38,Business Travel,Business,1744,3,3,2,3,5,4,5,3,3,3,3,3,5,3.46,0,0,TRUE
Female,Loyal Customer,70,Personal Travel,Eco,1184,4,4,4,3,5,3,5,4,4,4,4,5,5,4.15,0,0,TRUE
Male,Loyal Customer,35,Business Travel,Business,994,3,3,3,3,3,4,1,4,4,4,4,5,4,3.46,0,0,TRUE
Female,Loyal Customer,47,Business Travel,Business,2981,2,5,1,1,3,4,3,2,2,2,2,4,1,2.46,15,0,FALSE
Female,Loyal Customer,40,Business Travel,Eco,657,4,4,4,4,4,4,4,4,2,1,3,2,4,3.38,0,0,TRUE
Female,Loyal Customer,37,Business Travel,Eco,239,3,3,3,3,3,3,3,3,3,5,4,4,3,3.31,0,0,FALSE
Male,Loyal Customer,24,Business Travel,Business,1738,1,3,2,3,1,1,1,1,2,1,1,1,1,1.46,0,8,FALSE
Male,Loyal Customer,57,Business Travel,Business,3821,3,3,4,3,4,4,4,5,4,5,4,4,4,3.92,181,202,TRUE
Male,Loyal Customer,54,Personal Travel,Eco,109,4,3,4,2,2,4,2,2,2,3,3,3,2,2.77,0,0,FALSE
Female,Loyal Customer,70,Personal Travel,Eco,984,3,4,3,2,4,5,4,4,4,3,4,4,4,3.69,0,0,FALSE
Male,Disloyal Customer,27,Business Travel,Eco Plus,143,1,2,2,5,5,2,5,5,2,1,4,3,5,3.23,0,0,FALSE
Male,Loyal Customer,39,Business Travel,Business,2419,1,1,5,1,5,5,4,5,5,4,5,5,3,3.77,26,22,TRUE
Male,Loyal Customer,32,Business Travel,Business,2615,3,2,2,2,3,3,3,3,4,1,4,4,3,2.85,0,0,FALSE
Female,Loyal Customer,33,Business Travel,Business,2279,3,4,4,4,3,4,3,3,3,3,3,3,4,3.38,0,0,FALSE
Male,Loyal Customer,12,Personal Travel,Eco,926,4,3,4,4,4,4,4,4,4,5,1,2,4,3.62,0,0,FALSE
Female,Disloyal Customer,25,Business Travel,Business,1337,4,0,4,1,4,4,4,4,4,5,4,4,4,3.54,11,3,TRUE
Male,Loyal Customer,51,Business Travel,Business,2581,5,5,5,5,5,4,5,4,4,4,4,3,5,4.46,3,0,TRUE
Female,Loyal Customer,55,Personal Travel,Eco,326,3,1,3,1,2,1,2,1,1,3,1,1,1,1.62,47,44,FALSE
Male,Loyal Customer,43,Business Travel,Business,798,5,5,5,5,2,4,5,3,3,3,3,3,4,3.85,0,0,TRUE
Female,Disloyal Customer,33,Business Travel,Business,414,3,3,3,1,3,2,2,5,5,4,4,2,2,3,145,126,FALSE
Male,Loyal Customer,47,Business Travel,Business,1570,3,3,3,3,2,4,5,5,5,5,5,5,3,3.92,1,0,TRUE
Male,Loyal Customer,43,Business Travel,Eco,382,3,1,5,5,2,3,2,2,1,1,4,3,2,2.62,0,0,FALSE
Female,Loyal Customer,39,Personal Travel,Eco Plus,1105,3,1,3,2,1,3,1,1,3,1,2,1,1,1.77,85,90,FALSE
Male,Loyal Customer,69,Personal Travel,Eco,1249,1,5,1,2,3,1,3,3,2,2,5,5,3,2.77,11,0,FALSE
Male,Loyal Customer,49,Business Travel,Business,2257,5,5,2,5,2,4,5,4,4,4,4,4,5,4.08,0,0,TRUE
Female,Loyal Customer,56,Business Travel,Business,2139,4,4,4,4,5,4,5,3,3,3,3,5,4,3.92,0,0,TRUE
Female,Loyal Customer,38,Business Travel,Business,1514,2,2,2,2,3,4,4,4,4,4,4,5,4,3.38,7,0,TRUE
Female,Loyal Customer,54,Business Travel,Business,3782,4,4,4,4,4,4,4,4,4,4,4,4,4,4,11,0,TRUE
Female,Loyal Customer,43,Personal Travel,Eco,802,2,4,2,5,1,1,5,5,5,2,5,4,3,3.38,13,0,FALSE
Female,Loyal Customer,19,Personal Travel,Eco,190,2,3,0,1,3,0,3,3,2,2,2,2,3,2,2,0,FALSE
Male,Loyal Customer,70,Business Travel,Business,453,4,5,5,5,3,4,4,4,4,4,4,3,1,3.85,12,15,FALSE
Male,Loyal Customer,44,Business Travel,Business,3528,5,5,5,5,4,4,5,4,4,4,4,3,4,4.31,10,0,TRUE
Male,Loyal Customer,52,Business Travel,Eco Plus,343,3,1,1,1,3,3,3,3,2,4,4,3,3,2.62,188,183,FALSE
Male,Loyal Customer,54,Business Travel,Business,1005,3,3,3,3,3,5,4,4,4,4,4,5,4,3.77,0,0,TRUE
Female,Disloyal Customer,32,Business Travel,Eco,170,3,4,3,3,1,3,1,1,1,5,4,2,1,2.46,0,0,FALSE
Female,Loyal Customer,53,Personal Travel,Eco,1608,1,5,1,4,4,4,5,3,3,1,5,5,4,3.46,14,24,FALSE
Male,Disloyal Customer,34,Business Travel,Business,247,2,2,2,5,3,2,3,3,5,3,4,5,3,3.23,4,4,FALSE
Female,Loyal Customer,22,Personal Travel,Eco,190,4,5,0,4,1,0,1,1,4,4,4,4,1,2.54,0,0,FALSE
Male,Loyal Customer,49,Personal Travel,Eco,414,2,2,2,3,3,2,3,3,2,4,4,2,3,2.69,0,0,FALSE
Female,Loyal Customer,45,Business Travel,Business,581,1,1,1,1,3,4,4,4,4,4,4,4,4,3,0,0,TRUE
Female,Disloyal Customer,28,Business Travel,Business,1034,3,3,3,2,1,3,1,1,5,2,4,4,1,2.54,30,43,FALSE
Male,Loyal Customer,56,Personal Travel,Eco,395,3,5,2,5,3,2,3,3,3,3,4,4,3,3.31,0,5,FALSE
Male,Loyal Customer,43,Business Travel,Business,2585,4,4,3,4,3,4,4,5,5,5,5,3,4,4.08,0,0,TRUE
Male,Loyal Customer,8,Personal Travel,Eco,396,3,4,3,5,4,3,4,4,3,3,4,5,4,3.77,0,11,FALSE
Female,Disloyal Customer,25,Business Travel,Eco Plus,985,3,4,3,3,5,3,5,5,2,5,4,3,5,3.85,0,0,FALSE
Female,Loyal Customer,60,Personal Travel,Business,346,1,5,5,4,3,5,5,1,1,5,1,4,4,3.38,9,8,FALSE
Female,Loyal Customer,46,Business Travel,Business,1745,3,3,3,3,2,5,4,5,5,5,5,4,5,4,0,0,TRUE
Female,Loyal Customer,30,Personal Travel,Eco,1652,2,4,2,5,3,2,3,3,3,4,4,2,3,3.08,37,46,FALSE
Male,Loyal Customer,28,Personal Travel,Eco,692,5,5,5,3,4,5,4,4,4,2,4,3,4,4,0,0,TRUE
Male,Loyal Customer,51,Business Travel,Business,1934,2,2,2,2,3,4,4,5,5,5,5,5,3,3.62,0,0,TRUE
Female,Loyal Customer,12,Business Travel,Business,516,3,3,3,3,3,3,3,3,2,5,3,4,3,3.15,0,8,FALSE
Male,Disloyal Customer,36,Business Travel,Eco,746,2,2,2,2,1,2,1,1,2,4,1,2,1,1.77,0,0,FALSE
Male,Loyal Customer,29,Personal Travel,Eco,944,3,3,3,4,5,3,5,5,2,5,5,2,5,3.85,1,3,FALSE
Female,Loyal Customer,68,Personal Travel,Eco,270,1,4,0,1,5,5,4,4,4,0,4,5,5,3.23,0,0,FALSE
Male,Loyal Customer,44,Business Travel,Eco,195,5,5,5,5,5,5,5,5,1,3,5,2,5,4.31,98,84,TRUE
Male,Loyal Customer,52,Business Travel,Business,853,4,4,4,4,3,5,5,5,5,5,5,3,3,4.23,0,0,TRUE
Female,Loyal Customer,54,Personal Travel,Eco,306,1,5,5,2,3,5,4,5,5,5,5,3,5,4.08,0,0,FALSE
Female,Loyal Customer,41,Business Travel,Eco,181,4,3,2,2,4,4,4,4,2,1,4,5,4,3.31,0,0,TRUE
Female,Loyal Customer,68,Personal Travel,Business,646,3,4,3,3,3,4,4,4,4,3,4,2,2,3.31,24,17,FALSE
Male,Loyal Customer,55,Business Travel,Business,3407,3,3,3,3,2,4,4,5,5,5,5,4,3,3.77,17,24,TRUE
Male,Disloyal Customer,22,Business Travel,Eco,1379,3,3,3,5,4,3,4,4,4,3,5,5,4,3.85,3,11,FALSE
Female,Loyal Customer,56,Business Travel,Business,3552,4,4,4,4,3,5,5,5,5,5,5,3,4,4.31,0,0,TRUE
Female,Loyal Customer,51,Personal Travel,Eco Plus,119,3,1,3,2,1,3,2,1,1,3,1,4,4,2.23,1,0,FALSE
Female,Loyal Customer,36,Business Travel,Business,1918,1,1,1,1,3,3,4,5,5,5,5,4,3,3.15,0,3,TRUE
Female,Loyal Customer,26,Personal Travel,Eco,147,1,4,1,3,5,1,5,5,3,3,5,3,5,3.38,0,0,FALSE
Female,Loyal Customer,51,Business Travel,Eco,522,4,1,1,1,4,4,4,3,5,5,3,4,4,3.31,218,210,TRUE
Female,Disloyal Customer,25,Business Travel,Business,587,5,4,5,1,1,5,1,1,5,4,4,3,1,3.08,9,3,TRUE
Female,Loyal Customer,62,Personal Travel,Eco Plus,296,3,4,3,2,2,4,5,2,2,3,2,4,3,3,0,0,FALSE
Female,Loyal Customer,56,Business Travel,Eco,1080,2,4,4,4,1,4,3,3,3,2,3,3,4,3.08,6,0,FALSE
Female,Loyal Customer,52,Personal Travel,Eco,937,3,3,4,1,5,3,4,4,4,4,4,4,2,3.46,0,18,FALSE
Male,Loyal Customer,42,Business Travel,Business,1847,3,3,3,3,4,5,5,5,5,5,5,5,4,4.23,0,0,TRUE
Male,Loyal Customer,34,Business Travel,Eco,867,2,4,4,4,2,2,2,2,4,4,4,4,2,3.08,0,0,FALSE
Female,Loyal Customer,59,Personal Travel,Eco,583,2,5,2,3,3,5,5,2,2,2,1,5,3,3.08,0,0,FALSE
Male,Disloyal Customer,33,Business Travel,Business,731,1,1,1,1,4,1,4,4,4,2,5,3,4,2.69,0,1,FALSE
Female,Loyal Customer,52,Business Travel,Business,2593,5,5,5,5,4,5,3,5,3,4,4,3,3,4.15,54,178,TRUE
Female,Loyal Customer,9,Personal Travel,Eco,228,4,5,4,4,3,4,3,3,3,2,5,5,3,3.69,0,0,TRUE
Female,Disloyal Customer,24,Business Travel,Eco,802,4,4,4,3,3,4,3,3,3,3,4,3,3,3.38,9,3,TRUE
Male,Loyal Customer,28,Business Travel,Business,650,2,3,3,3,2,2,2,2,2,3,4,1,2,2.38,26,74,FALSE
Male,Loyal Customer,30,Personal Travel,Eco Plus,325,4,5,4,5,3,4,3,3,3,2,5,2,3,3.54,1,0,FALSE
Male,Loyal Customer,51,Business Travel,Business,547,3,3,3,3,2,4,4,5,5,4,5,3,5,3.77,0,10,TRUE
Male,Loyal Customer,20,Personal Travel,Eco,873,4,0,4,1,2,4,2,2,4,5,5,5,2,3.08,0,4,FALSE
Male,Loyal Customer,36,Business Travel,Eco Plus,2475,3,2,2,2,3,2,3,3,2,5,4,3,3,2.85,0,0,FALSE
Female,Loyal Customer,40,Business Travel,Business,192,5,5,2,5,5,1,2,5,5,5,3,3,3,3.77,0,0,TRUE
Male,Disloyal Customer,17,Business Travel,Eco,109,2,4,2,3,2,1,1,2,1,3,4,1,1,2.08,150,151,FALSE
Female,Loyal Customer,45,Personal Travel,Eco Plus,425,1,1,1,3,5,3,2,2,2,1,3,4,3,2.38,14,23,FALSE
Female,Loyal Customer,29,Business Travel,Eco Plus,374,2,4,4,4,2,2,2,2,4,3,4,3,2,2.92,11,0,FALSE
Female,Loyal Customer,60,Business Travel,Business,628,2,2,4,2,3,5,5,4,4,5,4,3,3,3.54,4,0,TRUE
Female,Loyal Customer,14,Business Travel,Business,2515,5,5,5,5,4,4,4,4,4,2,4,5,4,4.23,8,,TRUE
Female,Disloyal Customer,30,Business Travel,Business,3711,1,1,1,5,1,2,2,5,5,5,4,2,2,2.77,0,0,FALSE
Female,Loyal Customer,57,Personal Travel,Eco,802,3,5,3,3,5,4,5,4,4,3,4,3,3,3.77,54,115,FALSE
Female,Loyal Customer,58,Business Travel,Business,3929,5,5,5,5,5,4,5,4,4,4,4,3,5,4.46,66,46,TRUE
Female,Loyal Customer,50,Business Travel,Eco,592,3,1,1,1,5,4,4,3,3,3,3,2,3,2.77,70,82,FALSE
Male,Loyal Customer,50,Personal Travel,Eco Plus,189,2,5,2,3,2,2,2,2,4,4,4,4,2,2.92,9,7,FALSE
Male,Loyal Customer,57,Business Travel,Eco,1208,5,5,4,4,5,5,5,5,1,2,4,1,5,3.92,27,,TRUE
Male,Loyal Customer,47,Personal Travel,Eco,190,3,4,3,3,3,3,3,3,4,2,4,1,3,3,0,0,FALSE
Male,Disloyal Customer,37,Business Travel,Business,358,3,3,3,1,4,3,4,4,4,3,4,5,4,3.46,2,0,TRUE
Female,Disloyal Customer,24,Business Travel,Business,611,1,2,0,3,5,0,5,5,1,3,4,2,5,2.77,2,7,FALSE
Female,Disloyal Customer,19,Business Travel,Eco,679,1,1,1,4,1,1,1,1,1,2,4,1,1,1.54,64,88,FALSE
Female,Disloyal Customer,23,Business Travel,Eco,719,1,1,1,3,2,1,2,2,3,3,4,4,2,2.23,65,64,FALSE
Female,Disloyal Customer,17,Business Travel,Eco Plus,2588,5,5,5,1,2,5,2,2,5,1,3,1,2,3,91,75,TRUE
Female,Loyal Customer,62,Business Travel,Eco Plus,999,3,2,2,2,3,3,3,3,5,3,3,3,3,2.92,86,140,FALSE
Female,Loyal Customer,25,Business Travel,Business,2341,4,4,4,4,3,3,3,3,5,3,5,5,3,3.77,0,0,TRUE
Female,Loyal Customer,55,Business Travel,Business,2511,3,2,2,2,5,3,4,3,3,3,3,3,4,3.08,0,0,FALSE
Female,Loyal Customer,53,Business Travel,Business,337,1,1,1,1,3,5,4,5,5,5,5,3,5,3.38,32,80,TRUE
Male,Loyal Customer,48,Business Travel,Business,3938,0,0,0,4,5,4,5,4,4,4,4,3,4,3.15,11,5,TRUE
Male,Loyal Customer,59,Personal Travel,Eco,190,2,4,2,4,1,2,1,1,5,3,5,4,1,2.69,0,0,FALSE
Female,Loyal Customer,62,Personal Travel,Eco,125,1,4,0,3,3,4,4,2,2,0,2,1,3,2.23,5,2,FALSE
Female,Loyal Customer,26,Business Travel,Business,2623,4,3,3,3,4,4,4,4,3,5,4,1,4,3.54,31,20,FALSE
Female,Disloyal Customer,21,Business Travel,Business,1032,4,2,4,3,3,4,3,3,4,4,5,3,3,3.46,16,0,TRUE
Male,Disloyal Customer,36,Business Travel,Business,391,4,4,4,2,3,4,3,3,3,3,4,3,3,3.31,8,4,FALSE
Female,Loyal Customer,23,Personal Travel,Eco,1448,1,4,1,5,4,1,1,4,4,2,4,5,4,3.08,0,0,FALSE
Male,Disloyal Customer,29,Business Travel,Business,867,2,2,2,4,3,2,3,3,4,3,4,3,3,2.92,0,0,FALSE
Male,Disloyal Customer,10,Business Travel,Eco,1107,3,3,3,4,3,3,5,3,2,1,4,4,3,3.15,5,11,FALSE
Male,Loyal Customer,41,Business Travel,Business,78,2,3,3,3,1,4,3,3,3,3,2,1,4,2.69,0,0,FALSE
Female,Loyal Customer,20,Business Travel,Eco Plus,407,3,4,4,4,3,3,3,3,1,5,3,2,3,3.15,45,34,FALSE
Female,Loyal Customer,46,Business Travel,Business,2773,3,3,3,3,4,1,1,4,4,4,4,3,4,3.15,0,0,TRUE
Male,Loyal Customer,51,Business Travel,Business,1738,2,4,2,2,5,4,4,5,5,5,5,4,5,4,0,0,TRUE
Female,Loyal Customer,41,Business Travel,Business,2999,3,4,5,5,2,4,4,3,3,3,3,4,4,3.62,0,0,FALSE
Female,Loyal Customer,48,Personal Travel,Eco,577,1,4,1,3,3,5,5,1,1,1,3,4,4,2.77,25,34,FALSE
Male,Loyal Customer,28,Personal Travel,Eco,645,4,5,4,2,5,4,2,5,3,2,4,3,5,3.69,0,0,FALSE
Male,Loyal Customer,20,Personal Travel,Business,770,1,4,1,1,2,1,2,2,5,2,5,4,2,2.46,0,0,FALSE
Female,Loyal Customer,54,Personal Travel,Eco,1312,2,5,2,2,4,3,5,3,3,2,4,5,4,3.38,27,14,FALSE
Male,Disloyal Customer,29,Business Travel,Eco,114,2,3,2,3,4,2,4,4,4,4,1,1,4,2.92,0,0,FALSE
Male,Disloyal Customer,26,Business Travel,Business,821,5,5,5,3,3,4,3,3,3,4,5,4,3,3.85,0,0,TRUE
Male,Loyal Customer,37,Personal Travel,Eco Plus,967,4,4,4,2,3,4,3,3,3,5,4,3,3,3.46,0,2,FALSE
Male,Loyal Customer,60,Business Travel,Eco,301,3,4,4,4,3,3,3,3,1,3,3,4,3,3.15,10,17,FALSE
Male,Loyal Customer,23,Personal Travel,Eco,937,1,1,1,3,2,1,2,2,3,1,4,1,2,1.85,0,0,FALSE
Male,Loyal Customer,34,Personal Travel,Eco,557,3,3,3,4,3,3,3,3,3,2,4,3,3,3.08,0,0,FALSE
Male,Loyal Customer,44,Business Travel,Business,2237,3,3,4,3,4,4,4,5,5,5,5,3,4,4,0,0,TRUE
Female,Loyal Customer,41,Business Travel,Business,3469,2,2,2,2,2,4,5,4,4,4,4,3,3,3.15,0,0,TRUE
Female,Disloyal Customer,36,Business Travel,Eco Plus,337,1,1,1,1,4,1,4,4,4,4,4,4,4,2.85,0,0,FALSE
Male,Loyal Customer,50,Personal Travel,Eco,296,3,4,3,3,4,3,3,4,3,5,5,4,4,3.69,8,4,FALSE
Female,Loyal Customer,40,Business Travel,Business,733,1,4,3,4,2,4,3,1,1,1,1,2,4,2.38,0,0,FALSE
Female,Loyal Customer,23,Business Travel,Business,1973,2,5,5,5,2,2,2,2,3,1,2,1,2,2.62,0,0,FALSE
Male,Loyal Customer,47,Business Travel,Business,216,1,3,3,3,5,3,3,3,3,4,1,2,1,2.69,0,0,FALSE
Female,Loyal Customer,39,Business Travel,Business,2176,3,3,3,3,4,4,4,5,5,5,5,3,3,3.85,13,0,TRUE
Female,Loyal Customer,51,Business Travel,Business,861,5,5,5,5,3,4,5,4,4,4,4,4,3,4.23,0,0,TRUE
Male,Loyal Customer,16,Business Travel,Eco,404,2,4,3,4,2,1,3,2,4,1,3,2,2,2.54,8,0,FALSE
Female,Loyal Customer,26,Personal Travel,Eco Plus,689,3,1,3,3,2,3,3,2,4,4,3,3,2,2.77,17,12,FALSE
Female,Loyal Customer,51,Business Travel,Business,2423,4,4,4,4,3,4,4,4,4,4,4,4,5,4,0,6,TRUE
Male,Loyal Customer,64,Personal Travel,Eco,933,1,4,0,4,4,0,4,4,1,5,4,4,4,3,0,0,FALSE
Male,Loyal Customer,58,Business Travel,Business,1521,1,1,1,1,5,3,3,1,1,1,1,4,1,1.85,0,16,FALSE
Male,Loyal Customer,15,Business Travel,Eco,1072,1,2,2,2,1,1,2,1,4,2,3,4,1,2,0,0,FALSE
Male,Loyal Customer,56,Business Travel,Eco,527,5,1,1,1,5,5,5,5,5,3,1,2,5,3.38,0,6,TRUE
Male,Loyal Customer,20,Personal Travel,Eco,547,2,3,2,4,1,2,4,1,2,1,3,1,1,2.08,18,24,FALSE
Female,Disloyal Customer,32,Business Travel,Business,491,1,1,1,4,5,1,5,5,3,4,4,5,5,3.38,11,9,FALSE
Male,Loyal Customer,25,Business Travel,Business,631,5,5,5,5,2,2,2,2,4,4,4,4,2,3.54,1,0,TRUE
Female,Loyal Customer,59,Business Travel,Business,2970,1,1,1,1,4,2,1,5,5,5,4,5,5,3.08,0,0,TRUE
Female,Loyal Customer,43,Personal Travel,Eco,201,4,2,4,3,5,4,3,3,3,4,3,3,2,3.31,91,81,TRUE
Female,Loyal Customer,52,Business Travel,Business,2609,2,2,2,2,2,5,5,2,2,2,2,5,4,2.85,7,10,TRUE
Female,Loyal Customer,61,Personal Travel,Business,1628,2,1,2,3,2,2,4,1,1,2,1,2,4,2.08,10,39,FALSE
Male,Disloyal Customer,25,Business Travel,Eco,423,3,1,3,3,3,3,3,3,2,3,3,1,3,2.62,0,0,FALSE
Female,Loyal Customer,16,Personal Travel,Eco,883,2,4,2,3,1,2,1,1,1,1,4,2,1,1.92,0,0,FALSE
Male,Loyal Customer,39,Business Travel,Business,333,1,1,1,1,4,4,5,4,4,4,4,4,5,3.23,0,0,TRUE
Female,Disloyal Customer,24,Business Travel,Eco,147,4,5,3,1,5,3,5,5,3,1,1,2,5,3.31,4,2,TRUE
Male,Disloyal Customer,27,Business Travel,Business,148,1,0,0,3,2,0,2,2,5,2,5,3,2,2.08,26,38,FALSE
Male,Disloyal Customer,24,Business Travel,Eco,109,3,2,3,4,2,3,2,2,2,4,4,2,2,2.69,55,51,FALSE
Male,Loyal Customer,85,Business Travel,Eco Plus,67,1,3,3,3,1,1,1,2,5,4,3,1,1,2.23,0,8,FALSE
Female,Loyal Customer,33,Business Travel,Business,2061,3,5,5,5,4,3,4,3,3,3,3,1,2,3.38,2,0,FALSE
Female,Loyal Customer,58,Business Travel,Eco Plus,272,4,4,3,4,3,4,3,4,4,4,4,1,2,3.38,24,0,FALSE
Male,Loyal Customer,36,Personal Travel,Eco,354,5,5,5,3,5,5,5,5,1,3,1,5,5,4.08,0,0,TRUE
Male,Loyal Customer,32,Business Travel,Business,1660,4,4,4,4,4,4,4,4,4,2,4,4,4,3.85,0,0,TRUE
Female,Loyal Customer,24,Personal Travel,Eco,1605,2,5,2,4,1,2,1,1,5,2,4,3,1,2.54,0,0,FALSE
Male,Disloyal Customer,22,Business Travel,Eco,828,2,2,2,2,1,2,1,1,3,4,2,3,1,2,23,29,FALSE
Male,Loyal Customer,11,Personal Travel,Eco,539,4,4,4,3,1,4,1,1,4,5,5,5,1,3.23,0,0,TRUE
Female,Loyal Customer,47,Business Travel,Business,228,3,3,3,3,4,4,5,5,5,5,5,5,3,4.08,27,15,TRUE
Female,Loyal Customer,51,Business Travel,Business,592,3,3,3,3,5,5,5,5,5,5,5,4,5,4.31,0,0,TRUE
Male,Loyal Customer,64,Personal Travel,Eco,551,4,5,4,2,3,4,3,3,3,1,2,5,3,3.23,0,0,FALSE
Female,Loyal Customer,22,Business Travel,Business,2545,3,3,4,3,4,4,4,4,4,4,5,3,4,3.77,17,0,TRUE
Female,Loyal Customer,61,Business Travel,Eco,403,5,1,1,1,1,4,5,5,5,5,5,1,3,3.23,0,0,TRUE
Male,Loyal Customer,53,Business Travel,Business,3753,2,2,2,2,3,4,4,2,2,2,2,3,1,2.38,0,0,FALSE
Male,Loyal Customer,43,Business Travel,Business,1555,2,3,3,3,2,4,3,2,2,2,2,2,1,2.38,23,23,FALSE
Female,Loyal Customer,55,Business Travel,Business,3252,2,4,2,2,4,3,3,5,5,5,5,2,1,3.31,27,26,TRUE
Male,Loyal Customer,49,Personal Travel,Eco,416,4,4,4,1,4,3,3,5,4,1,5,3,3,3.38,157,158,FALSE
Male,Loyal Customer,48,Business Travel,Business,2941,4,1,1,1,3,3,3,4,4,4,4,4,4,3.08,10,48,FALSE
Female,Disloyal Customer,26,Business Travel,Business,1237,5,5,5,2,3,5,3,3,3,2,5,3,3,3.62,0,0,TRUE
Male,Loyal Customer,33,Business Travel,Business,861,5,5,5,5,3,3,3,3,5,4,4,4,3,4,2,0,TRUE
Male,Disloyal Customer,23,Business Travel,Business,808,4,5,4,2,4,4,4,4,3,5,4,3,4,3.85,0,0,TRUE
Male,Loyal Customer,48,Business Travel,Business,511,5,5,5,5,3,4,5,2,2,2,2,4,3,3.62,0,0,TRUE
Male,Loyal Customer,59,Business Travel,Eco,191,1,5,5,5,1,1,1,2,5,3,3,1,1,2.62,132,122,FALSE
Male,Loyal Customer,63,Business Travel,Eco,257,3,3,2,3,3,3,3,3,1,2,1,3,3,2.54,0,4,TRUE
Female,Loyal Customer,45,Business Travel,Eco,916,4,2,2,2,2,4,3,4,4,4,4,3,3,3.15,25,27,TRUE
Male,Loyal Customer,7,Personal Travel,Eco Plus,255,2,2,2,3,2,2,2,2,4,1,4,3,2,2.38,54,47,FALSE
Female,Loyal Customer,51,Business Travel,Business,2296,1,1,4,1,5,5,5,3,3,4,3,5,4,3.38,0,0,TRUE
Female,Loyal Customer,52,Business Travel,Business,2075,4,2,2,2,3,3,4,4,4,4,4,3,2,3.15,0,0,FALSE
Male,Loyal Customer,56,Business Travel,Business,3854,4,3,4,4,2,5,5,1,1,2,1,5,4,3.15,0,0,TRUE
Male,Disloyal Customer,28,Business Travel,Eco,954,2,2,2,1,3,2,3,3,5,4,1,1,3,2.46,0,0,FALSE
Male,Disloyal Customer,65,Business Travel,Eco,420,3,0,3,5,4,3,4,4,5,1,3,5,4,3.38,35,45,FALSE
Male,Loyal Customer,46,Business Travel,Eco,1121,3,1,1,1,3,3,3,3,2,5,5,1,3,2.62,0,0,TRUE
Male,Loyal Customer,74,Business Travel,Eco,464,3,2,2,2,3,3,3,3,4,5,4,3,3,3.08,0,0,FALSE
Female,Loyal Customer,34,Business Travel,Business,328,1,1,1,1,5,5,5,5,5,5,5,3,4,3.54,35,26,TRUE
Male,Loyal Customer,18,Personal Travel,Business,834,2,5,2,3,4,2,4,4,5,2,1,1,4,3,127,120,FALSE
Male,Loyal Customer,30,Business Travel,Business,1636,1,3,3,3,1,1,1,1,3,4,3,1,1,2,1,0,FALSE
Male,Loyal Customer,56,Business Travel,Business,2277,5,5,5,5,5,5,5,5,1,4,3,5,5,4.46,196,170,TRUE
Female,Loyal Customer,54,Business Travel,Business,2699,4,3,4,4,3,5,4,4,4,4,4,4,3,3.85,0,0,TRUE
Male,Loyal Customer,53,Personal Travel,Eco,532,1,3,1,3,4,1,4,4,1,5,3,3,4,2.85,0,0,FALSE
Male,Loyal Customer,49,Business Travel,Business,1903,1,1,1,1,3,4,5,4,4,4,4,3,4,3,6,4,TRUE
Female,Loyal Customer,47,Business Travel,Business,2894,5,5,5,5,3,5,4,5,5,5,5,5,4,4.69,0,0,TRUE
Male,Loyal Customer,51,Business Travel,Business,511,3,3,3,3,5,5,4,4,4,4,4,5,3,3.85,3,0,TRUE
Male,Loyal Customer,53,Business Travel,Business,1592,4,4,4,4,5,4,4,4,4,4,4,4,3,4,0,0,TRUE
Male,Disloyal Customer,25,Business Travel,Eco,1050,3,3,3,2,1,3,1,1,3,3,4,5,1,2.54,0,0,FALSE
Female,Loyal Customer,42,Business Travel,Eco,1035,5,2,2,2,2,3,5,5,5,5,5,5,4,3.85,0,0,TRUE
Female,Loyal Customer,50,Business Travel,Business,2454,1,1,1,1,4,4,4,4,2,5,4,4,4,3,0,0,TRUE
Male,Loyal Customer,52,Business Travel,Business,2704,3,5,3,3,2,4,4,4,4,4,4,4,3,3.62,5,0,TRUE
Male,Loyal Customer,58,Business Travel,Eco,632,4,2,2,2,4,4,4,4,4,5,3,2,4,3.38,5,7,FALSE
Male,Loyal Customer,53,Personal Travel,Business,1744,1,4,2,2,3,5,4,4,4,2,4,4,5,3.38,104,98,FALSE
Female,Loyal Customer,14,Personal Travel,Eco,867,3,4,3,3,4,3,4,4,5,4,5,4,4,3.85,0,0,FALSE
Male,Loyal Customer,37,Business Travel,Eco,965,4,2,2,2,4,4,4,4,5,5,2,1,4,3.31,2,0,TRUE
Female,Loyal Customer,49,Business Travel,Business,3333,1,5,5,5,5,4,4,1,1,1,1,2,2,2.85,4,0,FALSE
Male,Loyal Customer,58,Business Travel,Business,1726,4,2,4,2,4,2,4,4,4,3,4,1,4,3.23,0,0,FALSE
Female,Disloyal Customer,24,Business Travel,Eco,328,0,0,0,2,2,0,2,2,4,2,5,5,2,2,0,0,TRUE
Female,Disloyal Customer,38,Business Travel,Business,516,4,4,4,4,1,4,1,1,3,3,5,3,1,2.92,4,22,TRUE
Male,Loyal Customer,59,Business Travel,Business,3758,2,2,5,2,2,5,5,4,4,4,4,3,5,3.62,42,41,TRUE
Female,Disloyal Customer,22,Business Travel,Business,641,0,4,0,5,1,0,2,1,4,3,5,5,1,2.38,8,0,TRUE
Male,Loyal Customer,39,Personal Travel,Eco,1076,3,4,3,2,3,3,1,3,5,3,5,4,3,3.23,15,18,FALSE
Male,Loyal Customer,42,Business Travel,Business,1583,5,5,5,5,5,5,4,4,4,4,4,5,5,4.62,0,0,TRUE
Female,Disloyal Customer,24,Business Travel,Eco,1276,3,3,3,2,4,3,4,4,5,2,5,4,4,3.54,0,9,FALSE
Male,Loyal Customer,46,Business Travel,Eco,346,4,2,2,2,4,4,4,4,2,1,2,1,4,2.77,7,12,TRUE
Female,Disloyal Customer,27,Business Travel,Eco,874,2,2,2,3,1,2,1,1,4,2,3,1,1,1.92,96,80,FALSE
Female,Loyal Customer,38,Business Travel,Business,2370,1,3,5,5,2,2,4,1,1,1,1,1,2,2.23,1,0,FALSE
Female,Loyal Customer,16,Business Travel,Business,621,2,5,5,5,2,2,2,2,1,2,4,2,2,2.77,2,4,FALSE
Male,Loyal Customer,44,Business Travel,Eco,328,2,4,4,4,3,2,3,3,4,1,3,1,3,2.85,0,0,FALSE
Female,Loyal Customer,59,Personal Travel,Eco,315,1,3,1,4,1,5,4,3,3,1,4,4,4,2.92,0,18,FALSE
Male,Disloyal Customer,37,Business Travel,Eco Plus,408,3,3,3,3,2,3,1,2,1,1,3,3,2,2.31,0,0,FALSE
Male,Loyal Customer,61,Personal Travel,Eco,1047,5,3,5,1,2,5,1,2,3,3,2,3,2,2.85,0,0,TRUE
Female,Loyal Customer,47,Business Travel,Business,417,5,1,5,5,4,4,5,2,2,2,2,3,5,3.46,66,51,TRUE
Male,Loyal Customer,42,Business Travel,Eco,542,2,2,2,2,2,2,2,2,4,4,3,1,2,2.31,21,8,FALSE
Female,Disloyal Customer,21,Business Travel,Eco,542,2,3,2,4,1,2,1,1,3,2,3,3,1,2.15,35,42,FALSE
Female,Disloyal Customer,40,Business Travel,Business,229,4,4,4,3,5,4,5,5,3,1,3,3,5,3.77,5,5,FALSE
Male,Loyal Customer,42,Business Travel,Business,284,2,3,3,3,3,3,4,2,2,2,2,3,2,2.62,114,100,FALSE
Male,Loyal Customer,49,Personal Travel,Eco,1262,2,4,2,1,4,2,4,4,3,3,5,3,4,3.15,46,32,FALSE
Female,Loyal Customer,54,Business Travel,Business,1030,4,4,4,4,2,1,3,2,2,2,2,2,4,2.77,0,0,TRUE
Male,Loyal Customer,28,Business Travel,Business,2746,2,5,5,5,2,2,2,2,3,3,4,3,2,3.08,0,0,FALSE
Female,Disloyal Customer,29,Business Travel,Eco,859,4,4,4,4,2,4,2,2,2,4,4,2,2,3.08,7,17,FALSE
Female,Disloyal Customer,21,Business Travel,Eco,481,4,3,4,1,4,4,4,4,4,5,3,5,4,3.77,21,18,TRUE
Female,Loyal Customer,46,Business Travel,Business,1050,3,3,3,3,4,4,4,4,4,4,4,3,5,3.69,64,71,TRUE
Male,Loyal Customer,44,Personal Travel,Eco Plus,1521,3,5,4,4,3,4,3,3,4,4,3,5,3,3.69,3,9,FALSE
Female,Loyal Customer,28,Business Travel,Business,936,2,2,2,2,5,5,5,5,5,5,5,4,5,4,0,0,TRUE
Male,Loyal Customer,54,Business Travel,Business,2139,5,5,5,5,5,5,4,2,2,2,2,3,4,3.77,107,104,TRUE
Male,Loyal Customer,45,Business Travel,Business,632,4,4,2,4,2,5,5,3,3,3,3,3,4,3.46,0,0,TRUE
Male,Loyal Customer,52,Business Travel,Business,2287,2,5,5,5,1,2,2,2,2,2,2,3,4,2.85,0,0,FALSE
Female,Loyal Customer,42,Business Travel,Business,3010,4,4,4,4,4,4,4,4,4,4,4,3,5,4,0,0,TRUE
Male,Loyal Customer,39,Personal Travel,Eco,67,3,4,0,2,2,0,5,2,3,2,5,5,2,2.69,19,20,FALSE
Female,Loyal Customer,20,Business Travel,Business,654,3,3,3,3,3,3,3,3,2,1,2,2,3,2.62,25,28,TRUE
Male,Loyal Customer,68,Personal Travel,Eco Plus,997,3,5,3,5,2,3,1,2,3,3,4,4,2,3.08,0,23,FALSE
Male,Loyal Customer,19,Personal Travel,Eco,616,1,1,1,3,1,1,1,1,4,5,3,1,1,1.85,0,0,FALSE
Female,Loyal Customer,33,Business Travel,Business,3954,4,4,4,4,1,2,3,3,3,3,3,2,2,2.92,0,16,TRUE
Female,Loyal Customer,42,Business Travel,Business,594,5,5,5,5,3,4,5,5,5,5,5,4,5,4.69,0,0,TRUE
Female,Loyal Customer,46,Business Travel,Business,174,0,4,0,4,5,4,4,3,3,3,3,3,1,2.85,0,0,TRUE
Male,Loyal Customer,26,Personal Travel,Eco,888,2,4,2,4,3,2,3,3,4,4,5,4,3,3.31,17,10,FALSE
Female,Loyal Customer,44,Business Travel,Business,696,3,3,3,3,3,2,2,3,3,3,3,4,1,2.77,10,7,FALSE
Male,Loyal Customer,35,Business Travel,Eco Plus,2106,2,3,3,3,2,2,2,2,3,1,4,3,2,2.46,21,0,FALSE
Female,Loyal Customer,21,Business Travel,Business,1839,2,2,2,2,3,4,3,3,4,4,4,4,3,3.08,0,26,TRUE
Female,Loyal Customer,52,Business Travel,Business,1553,4,4,4,4,5,1,3,3,3,3,3,2,3,3.23,0,10,TRUE
Female,Disloyal Customer,43,Business Travel,Business,602,3,3,3,4,5,3,5,5,4,5,5,3,5,4.08,0,4,FALSE
Male,Loyal Customer,44,Business Travel,Business,3916,2,2,2,2,2,5,5,1,1,2,1,4,5,2.62,0,1,TRUE
Female,Loyal Customer,28,Personal Travel,Eco,975,3,4,3,4,3,3,1,3,2,4,2,4,3,3,16,12,FALSE
Male,Loyal Customer,31,Business Travel,Eco,2342,2,4,4,4,2,2,2,3,1,3,3,2,2,2.62,3,27,FALSE
Male,Loyal Customer,46,Business Travel,Eco,334,3,1,1,1,3,3,3,3,3,3,4,2,3,2.54,0,0,FALSE
Female,Loyal Customer,31,Business Travel,Eco Plus,2277,5,1,1,1,5,5,5,5,5,1,4,2,5,3.46,0,0,TRUE
Female,Loyal Customer,51,Business Travel,Business,2147,2,2,2,2,5,4,5,5,5,5,5,5,3,3.85,25,3,TRUE
Female,Loyal Customer,56,Personal Travel,Eco,2133,2,1,2,3,4,2,2,4,4,2,4,1,1,2.46,0,0,FALSE
Female,Loyal Customer,54,Business Travel,Business,590,2,4,2,2,5,5,4,4,4,5,4,4,5,3.85,6,50,TRUE
Male,Loyal Customer,31,Business Travel,Business,3935,5,5,5,5,4,4,4,4,4,1,2,2,4,3.77,55,48,TRUE
Male,Loyal Customer,28,Business Travel,Eco,936,1,2,2,2,1,1,1,1,3,3,3,1,1,1.69,0,0,FALSE
Male,Loyal Customer,48,Business Travel,Eco,387,5,1,1,1,5,5,5,5,3,1,1,1,5,3,0,0,TRUE
Male,Disloyal Customer,29,Business Travel,Eco,771,1,1,1,1,5,1,3,5,2,5,2,1,5,2.54,83,76,FALSE
Female,Loyal Customer,45,Business Travel,Business,3575,0,0,0,1,5,2,2,4,4,4,2,1,4,2.23,12,23,TRUE
Male,Disloyal Customer,68,Business Travel,Eco,238,3,1,3,4,4,3,4,4,2,5,4,2,4,3.31,0,0,FALSE
Female,Loyal Customer,67,Personal Travel,Eco,1379,4,4,3,4,2,5,4,2,2,3,2,3,5,3.31,0,0,FALSE
Male,Loyal Customer,54,Business Travel,Business,589,3,1,5,1,2,4,3,3,3,3,3,3,4,2.92,0,0,FALSE
Female,Loyal Customer,29,Personal Travel,Eco,971,2,2,2,3,4,2,4,4,1,2,3,4,4,2.85,1,0,FALSE
Female,Loyal Customer,47,Business Travel,Eco,209,5,4,3,4,4,5,1,5,5,5,5,1,1,3.69,0,0,TRUE
Male,Disloyal Customer,23,Business Travel,Business,251,0,0,0,3,4,0,4,4,4,3,4,5,4,2.69,33,20,TRUE
Male,Loyal Customer,54,Personal Travel,Eco,667,1,2,1,3,3,1,4,3,1,2,3,1,3,2.15,3,0,FALSE
Female,Loyal Customer,17,Personal Travel,Eco,270,4,5,4,4,1,4,1,1,5,5,4,5,1,3.38,4,0,TRUE
Male,Loyal Customer,11,Business Travel,Business,1475,3,3,3,3,5,5,5,5,5,3,4,5,5,4.15,46,23,TRUE
Male,Disloyal Customer,35,Business Travel,Eco,900,1,1,1,2,3,1,3,3,2,5,2,3,3,2.31,1,20,FALSE
Female,Loyal Customer,33,Personal Travel,Eco,944,3,2,3,4,2,3,2,2,3,1,3,3,2,2.54,0,5,FALSE
Male,Loyal Customer,47,Personal Travel,Eco,265,2,3,2,3,2,2,2,2,1,2,3,4,2,2.31,0,0,FALSE
Male,Loyal Customer,36,Business Travel,Business,2711,4,4,4,4,3,4,4,5,5,5,5,4,5,4.31,2,0,TRUE
Female,Loyal Customer,70,Personal Travel,Eco,189,1,4,1,3,2,5,5,3,3,1,3,4,3,2.92,43,44,FALSE
Female,Disloyal Customer,21,Business Travel,Eco,262,1,1,1,3,3,1,3,3,4,3,3,1,3,2.31,0,0,FALSE
Female,Disloyal Customer,25,Business Travel,Business,1299,3,0,3,3,1,3,1,1,3,5,5,3,1,2.46,109,74,FALSE
Male,Loyal Customer,39,Personal Travel,Eco Plus,226,3,4,0,1,4,0,4,4,5,3,4,3,4,3,0,0,FALSE
Male,Loyal Customer,39,Business Travel,Business,3717,5,5,5,5,5,5,5,5,5,5,5,3,5,4.85,0,0,TRUE
Female,Disloyal Customer,27,Business Travel,Business,229,2,2,2,4,3,2,3,3,3,2,5,4,3,2.92,0,0,FALSE
Female,Loyal Customer,39,Business Travel,Business,1188,5,5,5,5,5,4,4,4,4,4,4,5,5,4.54,0,0,TRUE
Male,Loyal Customer,44,Business Travel,Eco,119,4,1,1,1,4,4,4,4,4,3,3,5,4,3.23,15,0,TRUE
Male,Disloyal Customer,26,Business Travel,Business,2296,3,3,3,1,5,3,5,5,5,2,5,3,5,3.69,9,3,FALSE
Female,Disloyal Customer,41,Business Travel,Business,74,4,5,5,2,4,5,4,4,1,5,4,3,4,3.85,0,0,TRUE
Male,Loyal Customer,42,Business Travel,Business,3170,1,1,1,1,2,4,4,5,5,5,5,3,4,3.15,0,0,TRUE
Female,Loyal Customer,45,Business Travel,Business,507,5,5,5,5,4,5,5,5,5,5,5,4,5,4.85,0,0,TRUE
Male,Loyal Customer,42,Business Travel,Business,901,4,4,3,4,4,4,1,2,2,3,2,2,3,2.92,14,0,TRUE
Female,Loyal Customer,35,Personal Travel,Eco,425,3,2,3,3,1,3,1,1,1,3,3,1,1,2,2,0,FALSE
Female,Loyal Customer,35,Business Travel,Business,3805,3,3,3,3,4,5,5,3,3,4,4,4,3,3.62,0,0,TRUE
Male,Loyal Customer,44,Business Travel,Business,1559,1,1,1,1,2,4,5,3,3,4,3,4,4,2.77,12,9,TRUE
Female,Loyal Customer,44,Business Travel,Business,3594,3,3,3,3,4,4,5,5,5,5,5,4,4,4.08,7,13,TRUE
Male,Loyal Customer,58,Business Travel,Business,3400,1,1,1,1,2,4,5,4,4,5,4,3,4,3,19,7,TRUE
Female,Disloyal Customer,35,Business Travel,Eco,762,2,2,2,4,2,2,2,2,3,1,3,1,2,2.15,3,0,FALSE
Male,Loyal Customer,70,Personal Travel,Eco Plus,677,3,4,3,2,2,3,2,2,5,5,5,4,2,3.23,29,16,FALSE
Male,Loyal Customer,41,Personal Travel,Eco,842,4,4,4,2,4,4,4,4,1,5,5,4,4,3.77,13,0,FALSE
Male,Loyal Customer,46,Business Travel,Business,3889,5,3,5,5,5,5,4,5,5,5,5,4,5,4.69,13,2,TRUE
Female,Loyal Customer,39,Business Travel,Eco,67,3,2,2,2,3,3,3,3,4,2,4,4,3,2.92,35,26,FALSE
Male,Loyal Customer,45,Personal Travel,Eco,468,3,4,3,1,1,3,1,1,3,4,4,4,1,2.54,110,116,FALSE
Male,Loyal Customer,41,Business Travel,Business,329,5,5,5,5,1,1,5,4,4,4,4,4,2,3.77,0,0,TRUE
Male,Disloyal Customer,25,Business Travel,Eco,1237,4,4,4,2,5,4,3,5,3,2,4,1,5,3.54,0,0,TRUE
Female,Loyal Customer,35,Business Travel,Business,2458,4,4,4,4,2,3,3,3,3,4,3,1,4,3.23,0,0,TRUE
Male,Loyal Customer,24,Business Travel,Business,3902,2,1,1,1,2,2,2,2,2,2,4,1,2,1.85,0,0,FALSE
Female,Loyal Customer,53,Business Travel,Eco,493,5,1,1,1,1,1,5,4,4,5,4,1,2,2.69,2,6,TRUE
Female,Disloyal Customer,24,Business Travel,Eco,224,2,2,3,3,5,3,5,5,3,1,4,3,5,3.38,4,14,FALSE
Male,Loyal Customer,42,Business Travel,Business,328,1,1,1,1,3,5,4,4,4,4,4,4,3,3,28,20,TRUE
Female,Loyal Customer,46,Personal Travel,Eco,983,2,4,2,3,5,4,4,1,1,2,5,3,3,3,8,36,FALSE
Male,Loyal Customer,43,Business Travel,Business,411,2,5,5,5,5,4,4,2,2,2,2,3,1,3.23,0,0,FALSE
Female,Loyal Customer,66,Business Travel,Business,2327,1,1,1,1,3,5,4,4,4,4,4,5,5,3.23,0,0,TRUE
Female,Loyal Customer,47,Business Travel,Business,1438,2,1,1,1,5,4,3,2,2,2,2,4,3,2.46,10,7,FALSE
Male,Disloyal Customer,27,Business Travel,Business,1111,2,3,3,4,5,3,5,5,2,5,3,3,5,3.69,0,0,FALSE
Male,Loyal Customer,53,Business Travel,Business,1856,5,5,5,5,5,5,5,5,5,5,5,3,4,4.77,9,0,TRUE
Female,Loyal Customer,53,Business Travel,Business,409,1,1,1,1,5,5,5,5,5,5,5,3,4,3.54,12,3,TRUE
Female,Loyal Customer,46,Business Travel,Business,645,3,4,4,4,1,4,3,3,3,3,3,2,1,2.92,0,15,FALSE
Male,Disloyal Customer,26,Business Travel,Eco,750,2,2,2,3,1,2,1,1,4,1,1,2,1,1.77,0,0,FALSE
Female,Loyal Customer,40,Business Travel,Business,1900,2,2,2,2,3,4,4,5,5,5,5,3,3,3.46,0,0,TRUE
Female,Loyal Customer,50,Business Travel,Eco,447,3,1,1,1,4,4,4,4,4,3,4,3,1,2.85,11,0,TRUE
Male,Loyal Customer,25,Business Travel,Business,1400,1,3,3,3,1,1,1,1,2,1,2,3,1,1.77,0,0,FALSE
Female,Loyal Customer,58,Business Travel,Business,2351,2,2,2,2,2,4,5,4,4,4,5,3,5,3.38,0,0,TRUE
Male,Loyal Customer,37,Business Travel,Eco,247,2,1,1,1,2,2,2,2,4,3,4,3,2,2.23,0,0,FALSE
Female,Loyal Customer,44,Business Travel,Business,3407,4,4,4,4,4,4,4,4,4,4,4,3,4,3.92,0,0,TRUE
Female,Loyal Customer,29,Personal Travel,Eco,1055,2,4,2,1,1,2,1,1,4,4,4,4,1,2.38,8,0,FALSE
Female,Loyal Customer,52,Business Travel,Business,3758,4,2,2,2,1,2,2,4,4,4,4,3,3,2.85,0,7,FALSE
Male,Loyal Customer,64,Personal Travel,Eco,1199,2,3,2,4,1,2,1,1,4,1,4,2,1,2.15,2,6,FALSE
Male,Loyal Customer,47,Business Travel,Business,159,2,5,5,5,5,4,4,2,2,2,2,1,4,3.31,0,0,FALSE
Male,Loyal Customer,40,Business Travel,Business,1127,2,5,5,5,4,4,4,2,2,2,2,4,3,3.38,41,65,FALSE
Female,Loyal Customer,41,Business Travel,Business,3007,4,4,4,4,4,4,4,4,3,5,4,4,4,4,144,135,TRUE
Female,Loyal Customer,31,Business Travel,Business,3593,5,5,5,5,5,5,5,5,3,4,4,4,5,4.62,0,0,TRUE
Male,Loyal Customer,29,Business Travel,Business,980,4,4,2,4,5,5,5,5,3,2,5,4,5,4.08,0,0,TRUE
Female,Loyal Customer,44,Business Travel,Business,258,3,3,3,3,5,5,5,4,4,4,4,4,5,4,23,20,TRUE
Male,Loyal Customer,49,Business Travel,Business,717,3,2,2,2,4,3,3,3,3,2,3,1,4,2.69,7,0,FALSE
Male,Loyal Customer,32,Personal Travel,Eco,649,3,2,3,4,1,3,1,1,4,5,4,1,1,2.54,0,0,FALSE
Male,Loyal Customer,68,Personal Travel,Eco Plus,1506,1,5,0,1,1,0,1,1,3,1,2,4,1,1.62,8,6,FALSE
Male,Loyal Customer,48,Business Travel,Business,733,4,4,4,4,2,5,4,5,5,5,5,4,3,4.15,0,0,TRUE
Male,Loyal Customer,44,Business Travel,Business,1730,2,2,2,2,4,5,5,3,3,4,3,5,4,3.38,0,0,TRUE
Female,Loyal Customer,66,Personal Travel,Eco,260,3,0,0,2,3,4,3,1,1,0,1,5,1,1.85,0,25,FALSE
Male,Loyal Customer,36,Business Travel,Business,2740,2,5,5,5,1,4,3,1,1,1,2,1,2,2.54,0,0,FALSE
Female,Loyal Customer,30,Business Travel,Business,3468,3,5,5,5,3,2,3,3,1,1,3,3,3,3.08,4,9,FALSE
Female,Disloyal Customer,17,Business Travel,Eco,1091,5,5,5,2,5,3,3,5,2,5,4,3,3,3.85,0,7,TRUE
Female,Loyal Customer,62,Personal Travel,Eco,250,3,5,3,2,2,5,4,3,3,3,3,4,5,3.46,0,0,FALSE
Female,Loyal Customer,33,Business Travel,Business,2304,5,5,5,5,4,3,1,4,4,5,4,2,2,3.77,16,10,TRUE
Male,Loyal Customer,68,Personal Travel,Eco,646,3,3,2,4,3,2,3,3,1,1,1,2,3,2.38,80,82,FALSE
Male,Loyal Customer,39,Business Travel,Eco,337,3,3,3,3,3,3,3,3,3,4,4,3,3,3.15,59,53,FALSE
Female,Loyal Customer,46,Business Travel,Business,551,4,4,4,4,5,4,4,4,4,4,4,3,5,4.08,0,4,TRUE
Female,Disloyal Customer,50,Business Travel,Eco,581,1,1,1,2,3,1,3,3,3,2,3,1,3,2.08,0,0,FALSE
Male,Disloyal Customer,28,Business Travel,Eco,250,2,0,2,1,4,2,4,4,3,3,2,2,4,2.54,0,0,FALSE
Male,Disloyal Customer,59,Business Travel,Business,2743,3,2,2,4,3,2,2,2,3,5,4,2,2,2.77,0,4,FALSE
Male,Loyal Customer,41,Personal Travel,Business,541,4,4,4,3,2,5,4,2,2,4,2,5,4,3.46,0,0,FALSE
Female,Loyal Customer,37,Business Travel,Eco,391,4,1,1,1,4,4,4,4,4,2,2,3,4,2.92,6,0,FALSE
Female,Disloyal Customer,45,Business Travel,Eco,431,3,3,3,3,3,3,3,3,3,2,4,3,3,3,0,0,FALSE
Female,Loyal Customer,50,Business Travel,Business,2062,3,3,3,3,4,5,5,4,4,4,4,5,4,3.92,0,0,TRUE
Female,Loyal Customer,54,Business Travel,Business,1488,3,3,3,3,4,5,4,5,5,5,5,3,5,4.08,11,18,TRUE
Female,Loyal Customer,40,Business Travel,Business,184,0,5,0,5,2,4,4,3,3,3,3,4,3,3,0,0,TRUE
Female,Loyal Customer,47,Business Travel,Business,1739,5,5,5,5,2,4,4,5,5,5,5,4,5,4.54,0,0,TRUE
Female,Loyal Customer,64,Personal Travel,Eco,733,1,4,1,1,3,5,1,2,2,1,2,2,2,2.08,0,7,FALSE
Male,Loyal Customer,60,Business Travel,Business,2887,2,5,5,5,3,4,3,2,2,2,2,1,3,3,19,19,FALSE
Male,Loyal Customer,49,Business Travel,Business,3796,4,4,4,4,4,4,4,5,5,5,5,4,3,4.23,0,3,TRUE
Male,Loyal Customer,48,Business Travel,Business,2187,4,4,4,4,3,5,5,4,4,4,4,5,3,4.08,41,92,TRUE
Female,Loyal Customer,36,Business Travel,Business,196,2,2,2,2,5,3,4,5,5,5,5,5,4,3.77,54,36,TRUE
Male,Loyal Customer,50,Business Travel,Eco,1217,4,3,3,3,4,4,4,4,3,3,4,4,4,3.62,25,15,FALSE
Female,Disloyal Customer,38,Business Travel,Eco,248,2,1,2,4,2,2,2,2,3,4,3,3,2,2.46,26,21,FALSE
Female,Loyal Customer,46,Business Travel,Eco,1431,2,4,4,4,1,4,3,2,2,2,2,1,3,2.62,3,0,FALSE
Female,Disloyal Customer,33,Business Travel,Business,417,2,3,3,5,3,3,3,3,3,4,4,5,3,3.38,0,0,FALSE
Female,Loyal Customer,47,Business Travel,Business,3251,4,4,4,4,4,5,4,4,4,4,4,5,5,4.23,0,0,TRUE
Male,Loyal Customer,28,Business Travel,Business,3046,1,1,1,1,4,4,4,4,5,2,5,4,4,3.08,0,0,TRUE
Female,Loyal Customer,34,Personal Travel,Business,569,1,5,1,3,2,4,5,3,3,1,3,3,4,2.92,0,0,FALSE
Female,Loyal Customer,28,Personal Travel,Eco,297,4,5,4,1,5,4,5,5,4,5,4,3,5,4.15,0,16,FALSE
Male,Disloyal Customer,22,Business Travel,Business,746,3,2,3,3,3,3,3,3,1,4,4,2,3,2.85,0,14,FALSE
Male,Loyal Customer,55,Business Travel,Business,1744,2,2,4,2,5,4,4,4,4,4,4,4,5,3.69,0,11,TRUE
Female,Loyal Customer,36,Business Travel,Business,2555,4,4,4,4,4,4,5,5,5,5,5,3,4,4.31,0,0,TRUE
Male,Loyal Customer,70,Personal Travel,Eco,413,2,4,2,5,2,2,3,2,5,2,4,5,2,3.08,1,0,FALSE
Female,Loyal Customer,43,Business Travel,Business,3642,2,2,2,2,3,4,4,5,5,5,5,4,5,3.69,0,0,TRUE
Female,Loyal Customer,76,Business Travel,Business,3965,1,5,5,5,5,4,4,1,1,2,1,1,1,2.77,16,12,FALSE
Male,Loyal Customer,56,Business Travel,Business,270,4,4,4,4,5,4,5,5,5,5,5,3,5,4.46,0,1,TRUE
Female,Loyal Customer,68,Personal Travel,Eco,475,2,4,2,3,2,3,2,1,1,2,1,3,5,2.38,117,110,FALSE
Male,Loyal Customer,43,Business Travel,Business,474,5,5,5,5,5,4,4,4,4,4,4,4,2,4.23,0,0,TRUE
Male,Loyal Customer,39,Personal Travel,Eco,335,1,4,1,3,2,1,3,2,3,5,5,5,2,2.85,0,0,FALSE
Female,Loyal Customer,34,Personal Travel,Eco,438,1,4,1,1,3,1,3,3,5,2,5,2,3,2.62,0,0,FALSE
Male,Loyal Customer,50,Business Travel,Business,2160,1,1,1,1,3,5,4,4,4,4,4,3,4,3,0,0,TRUE
Female,Loyal Customer,48,Personal Travel,Eco,692,4,4,4,3,3,5,4,4,4,4,4,4,3,3.85,0,0,TRUE
Female,Loyal Customer,22,Personal Travel,Eco,447,0,5,0,1,1,0,3,1,3,2,5,4,1,2,0,0,TRUE
Female,Loyal Customer,25,Personal Travel,Eco,1075,1,2,1,3,4,1,4,4,4,3,3,4,4,2.92,0,0,FALSE
Female,Disloyal Customer,25,Business Travel,Eco,1504,1,1,1,5,5,1,5,5,2,5,5,5,5,3.54,0,0,FALSE
Male,Disloyal Customer,30,Business Travel,Eco,162,3,0,3,4,3,3,3,3,3,2,1,4,3,2.69,0,0,FALSE
Male,Loyal Customer,61,Personal Travel,Eco Plus,550,5,5,5,4,1,5,1,1,1,3,5,2,1,3,0,0,TRUE
Male,Disloyal Customer,24,Business Travel,Eco,273,4,4,4,4,2,4,4,2,4,3,4,5,2,3.54,72,116,TRUE
Female,Loyal Customer,42,Business Travel,Business,1924,2,2,2,2,5,5,4,4,4,4,4,5,4,3.62,13,7,TRUE
Male,Loyal Customer,64,Personal Travel,Eco,205,2,5,0,3,3,0,3,3,2,4,4,1,3,2.54,94,95,FALSE
Female,Disloyal Customer,26,Business Travel,Eco Plus,407,4,1,4,3,1,4,1,1,1,5,2,2,1,2.31,40,33,FALSE
Female,Loyal Customer,23,Business Travel,Business,2039,3,2,2,2,3,3,3,3,2,2,2,4,3,2.62,2,0,FALSE
Female,Loyal Customer,25,Personal Travel,Eco,403,0,5,0,1,3,0,3,3,5,2,4,5,3,2.62,7,5,TRUE
Female,Loyal Customer,49,Business Travel,Business,1979,1,1,1,1,3,5,5,4,4,4,4,4,5,3.23,0,0,TRUE
Male,Loyal Customer,23,Business Travel,Business,1597,3,4,4,4,2,3,3,3,5,1,2,3,3,3.08,146,102,FALSE
Male,Loyal Customer,49,Business Travel,Eco,409,1,1,4,1,1,1,1,1,1,3,3,1,1,1.54,0,0,FALSE
Male,Loyal Customer,29,Business Travel,Business,3801,2,2,3,2,4,4,4,4,2,3,5,4,4,3.31,0,0,TRUE
Female,Loyal Customer,17,Business Travel,Business,2728,1,1,1,1,5,5,5,5,3,4,5,5,5,3.54,0,0,TRUE
Female,Loyal Customer,14,Personal Travel,Eco,2288,4,3,4,3,1,4,1,1,1,2,3,4,1,2.46,23,0,FALSE
Female,Loyal Customer,14,Personal Travel,Eco,1047,3,5,3,4,2,3,2,2,4,4,4,4,2,3.23,40,28,FALSE
Male,Disloyal Customer,10,Business Travel,Business,837,4,0,4,2,4,4,4,4,3,2,5,4,4,3.38,3,2,TRUE
Male,Loyal Customer,44,Business Travel,Business,1889,1,1,1,1,2,4,5,4,4,4,4,4,3,2.92,98,91,TRUE
Female,Loyal Customer,10,Personal Travel,Eco,2486,1,1,1,3,4,1,4,4,3,5,2,3,4,2.77,1,0,FALSE
Female,Loyal Customer,39,Business Travel,Business,2204,1,1,1,1,3,4,4,4,4,4,4,3,3,2.85,0,0,TRUE
Male,Loyal Customer,40,Personal Travel,Eco,925,2,4,2,3,2,2,2,2,5,5,4,3,2,2.92,16,0,FALSE
Male,Loyal Customer,8,Personal Travel,Eco,802,2,3,3,3,5,3,1,5,1,2,5,4,5,3.23,0,0,FALSE
Male,Loyal Customer,30,Business Travel,Business,1823,2,2,2,2,5,5,5,5,3,3,4,5,5,3.69,0,0,TRUE
Female,Loyal Customer,33,Business Travel,Business,391,2,2,2,2,2,2,2,2,2,2,2,1,2,1.92,29,26,FALSE
Female,Loyal Customer,62,Business Travel,Business,346,4,2,2,2,5,4,3,4,4,3,4,3,4,3.38,1,12,FALSE
Female,Loyal Customer,53,Business Travel,Eco,671,1,5,5,5,4,4,3,1,1,1,1,3,2,2.77,0,4,FALSE
Male,Loyal Customer,32,Personal Travel,Eco,779,1,3,1,5,1,3,5,4,2,2,3,5,5,3.08,138,150,FALSE
Female,Loyal Customer,47,Personal Travel,Eco,302,3,4,3,2,4,4,5,3,3,3,3,4,4,3.46,0,0,FALSE
Male,Loyal Customer,36,Business Travel,Business,599,3,3,3,3,5,4,5,4,4,4,4,3,5,3.85,0,0,TRUE
Female,Loyal Customer,36,Personal Travel,Eco,125,2,4,2,2,1,2,1,1,2,1,3,5,1,2.08,0,0,FALSE
Female,Loyal Customer,40,Business Travel,Business,967,1,1,1,1,3,5,4,5,5,5,5,4,5,3.46,0,0,TRUE
Female,Disloyal Customer,21,Business Travel,Business,232,0,3,0,5,4,0,4,4,4,3,2,5,4,2.92,0,0,TRUE
Male,Loyal Customer,43,Business Travel,Eco,158,2,2,5,2,2,2,2,2,4,3,2,2,2,2.46,112,109,FALSE
Female,Loyal Customer,36,Business Travel,Business,3214,3,3,3,3,4,4,5,4,4,4,4,3,5,3.77,0,0,TRUE
Female,Loyal Customer,24,Personal Travel,Eco,272,2,4,2,4,5,2,5,5,4,3,3,1,5,3.46,0,5,FALSE
Male,Loyal Customer,29,Business Travel,Eco Plus,508,5,3,3,3,5,5,5,5,2,4,3,1,5,3.77,0,0,TRUE
Female,Loyal Customer,49,Business Travel,Business,632,1,1,4,1,4,5,5,4,4,4,4,4,5,3.54,11,20,TRUE
Male,Loyal Customer,52,Personal Travel,Eco,337,1,5,1,1,2,1,2,2,2,3,5,3,2,2.31,0,0,FALSE
Male,Loyal Customer,55,Business Travel,Business,2335,1,1,1,1,3,5,4,5,5,5,5,4,4,3.38,2,3,TRUE
Female,Loyal Customer,52,Business Travel,Business,2258,4,4,4,4,5,4,4,4,4,4,4,4,4,4.08,0,0,TRUE
Male,Loyal Customer,45,Personal Travel,Eco,1009,2,2,2,3,5,2,5,5,1,2,4,2,5,3.08,0,0,FALSE
Male,Loyal Customer,61,Personal Travel,Eco,241,3,5,3,3,5,3,5,5,5,5,5,3,5,4.23,39,29,FALSE
Male,Disloyal Customer,29,Business Travel,Eco,922,2,2,2,4,1,2,1,1,1,5,3,3,1,2.15,0,0,FALSE
Female,Loyal Customer,55,Business Travel,Eco,697,2,4,3,3,5,3,4,2,2,2,2,4,4,3.08,0,0,FALSE
Male,Disloyal Customer,22,Business Travel,Eco,175,4,1,5,2,5,5,5,5,4,4,3,2,5,3.85,0,0,FALSE
Male,Loyal Customer,37,Business Travel,Business,216,5,5,5,5,3,5,4,5,5,5,4,3,5,4.54,0,0,TRUE
Female,Loyal Customer,42,Business Travel,Business,3094,2,2,2,2,4,4,5,5,5,5,5,5,3,3.77,55,50,TRUE
Male,Loyal Customer,63,Business Travel,Eco,255,2,5,3,5,2,2,2,2,4,1,3,2,2,2.69,0,0,FALSE
Male,Loyal Customer,46,Business Travel,Business,2486,1,1,1,1,5,3,4,5,5,5,5,3,5,3.38,0,7,TRUE
Female,Loyal Customer,29,Business Travel,Business,2558,4,4,4,4,4,4,4,4,4,2,5,5,4,4,10,0,TRUE
Male,Loyal Customer,67,Business Travel,Business,349,0,1,1,3,3,5,4,3,3,3,3,4,4,2.85,26,9,TRUE
Male,Loyal Customer,12,Personal Travel,Eco,404,1,1,1,3,5,1,5,5,3,3,3,3,5,3,0,0,FALSE
Male,Loyal Customer,31,Business Travel,Eco Plus,163,1,5,4,4,1,1,1,1,2,4,1,4,1,2.31,0,0,FALSE
Male,Loyal Customer,19,Personal Travel,Eco,253,0,4,0,3,2,0,2,2,3,1,4,2,2,1.92,0,0,TRUE
Male,Loyal Customer,54,Business Travel,Business,813,2,2,2,2,3,5,4,5,5,5,5,3,3,3.54,0,1,TRUE
Male,Disloyal Customer,23,Business Travel,Eco,1344,2,3,3,1,2,2,2,2,3,5,4,4,2,2.69,0,0,FALSE
Female,Loyal Customer,55,Personal Travel,Eco,325,4,5,4,3,4,5,5,4,2,4,1,5,5,3.92,138,137,FALSE
Male,Loyal Customer,49,Personal Travel,Eco,986,2,4,3,5,3,3,3,3,3,5,5,3,3,3.46,0,0,FALSE
Male,Loyal Customer,49,Personal Travel,Eco,912,2,4,2,2,3,2,3,3,4,2,4,3,3,2.85,0,0,FALSE
Male,Loyal Customer,32,Personal Travel,Eco,160,3,5,3,3,3,3,2,3,3,4,4,4,3,3.31,0,0,FALSE
Male,Loyal Customer,63,Personal Travel,Eco,1212,1,0,1,3,4,1,4,4,3,4,5,4,4,2.92,0,7,FALSE
Male,Loyal Customer,31,Business Travel,Eco Plus,357,0,0,0,4,3,0,3,3,3,4,3,5,3,2.38,0,0,TRUE
Male,Disloyal Customer,42,Business Travel,Business,371,5,5,5,5,2,5,2,2,5,2,5,4,2,3.77,29,18,TRUE
Female,Loyal Customer,45,Business Travel,Business,675,2,2,2,2,4,4,5,4,4,4,4,3,4,3.38,0,0,TRUE
Male,Loyal Customer,31,Business Travel,Eco,2399,4,1,3,3,4,4,4,4,1,2,4,5,4,3.31,0,0,TRUE
Male,Loyal Customer,42,Business Travel,Business,868,1,1,4,1,4,4,4,2,2,2,2,4,5,2.77,16,3,TRUE
Female,Loyal Customer,54,Personal Travel,Eco,678,3,4,3,1,2,4,4,1,1,3,1,5,4,2.77,8,5,FALSE
Female,Loyal Customer,54,Personal Travel,Eco,731,1,4,1,3,4,4,4,2,2,1,2,4,1,2.54,2,6,FALSE
Male,Disloyal Customer,39,Business Travel,Eco,199,2,2,2,3,1,2,1,1,4,2,4,2,1,2.08,50,32,FALSE
Female,Loyal Customer,80,Business Travel,Business,3363,4,4,3,4,5,4,5,3,3,3,3,5,4,3.85,13,10,TRUE
Male,Loyal Customer,35,Personal Travel,Eco,429,3,5,3,1,5,3,2,5,4,2,2,3,5,3.31,0,0,FALSE
Female,Loyal Customer,47,Personal Travel,Eco,1158,2,3,2,3,2,5,3,3,3,2,3,3,3,2.85,0,0,FALSE
Male,Loyal Customer,46,Personal Travel,Business,641,0,4,0,1,5,4,5,3,3,0,3,4,4,2.77,1,0,TRUE
Female,Loyal Customer,45,Business Travel,Business,834,5,5,5,5,2,1,4,4,4,4,4,2,1,3.54,39,43,TRUE
Female,Loyal Customer,28,Business Travel,Business,2834,1,1,1,1,4,4,4,4,4,5,4,3,4,3.08,0,0,TRUE
Male,Loyal Customer,31,Business Travel,Business,3340,1,1,1,1,3,4,3,3,5,3,4,5,3,2.85,17,12,TRUE
Female,Loyal Customer,51,Business Travel,Business,2668,2,2,2,2,2,5,5,4,4,4,4,4,4,3.38,8,0,TRUE
Male,Loyal Customer,54,Personal Travel,Eco,237,2,5,2,3,1,2,1,1,5,2,4,5,1,2.62,0,0,FALSE
Male,Disloyal Customer,27,Business Travel,Business,528,2,2,2,3,4,2,4,4,4,5,4,4,4,3.38,0,0,FALSE
Female,Disloyal Customer,29,Business Travel,Eco,612,2,1,2,4,4,2,4,4,4,3,3,1,4,2.92,21,26,FALSE
Female,Loyal Customer,31,Personal Travel,Business,1972,4,2,4,4,4,4,4,4,4,3,4,3,4,3.69,0,0,FALSE
Male,Loyal Customer,69,Personal Travel,Eco,580,4,2,4,3,2,4,2,2,4,5,4,1,2,3,12,0,FALSE
Male,Loyal Customer,25,Business Travel,Business,689,2,3,3,3,2,2,2,2,3,5,4,1,2,2.62,0,0,FALSE
Male,Disloyal Customer,29,Business Travel,Eco,516,1,4,1,2,3,1,3,3,4,2,2,1,3,2.31,5,0,FALSE
Male,Loyal Customer,33,Business Travel,Business,1389,5,5,5,5,4,4,4,4,4,3,5,5,4,4.38,0,0,TRUE
Female,Loyal Customer,55,Business Travel,Eco,628,4,2,2,2,3,3,1,4,4,4,4,2,1,2.77,0,0,TRUE
Female,Loyal Customer,46,Business Travel,Business,1438,3,3,3,3,2,4,5,5,5,5,5,5,5,4.08,59,55,TRUE
Male,Loyal Customer,48,Business Travel,Eco,174,4,4,4,4,4,4,4,4,5,3,4,3,4,3.92,0,30,TRUE
Female,Disloyal Customer,23,Business Travel,Eco,936,3,3,3,4,2,3,2,2,4,3,3,4,2,2.92,0,0,FALSE
Male,Loyal Customer,50,Business Travel,Business,1015,1,1,5,1,2,4,5,2,2,2,2,5,4,2.77,17,6,TRUE
Female,Disloyal Customer,37,Business Travel,Eco,187,1,0,1,3,5,1,5,5,5,1,1,1,5,2.62,0,0,FALSE
Male,Loyal Customer,34,Personal Travel,Eco,446,2,4,2,5,5,2,5,5,5,2,4,3,5,3.77,10,13,FALSE
Female,Disloyal Customer,27,Business Travel,Business,1844,2,2,2,1,1,2,1,1,3,2,5,4,1,2.08,6,5,FALSE
Male,Loyal Customer,43,Business Travel,Business,1605,3,2,2,2,3,4,4,3,3,3,3,1,1,2.62,7,19,FALSE
Female,Loyal Customer,53,Business Travel,Business,1528,3,3,3,3,5,4,4,4,4,4,4,5,3,3.77,1,0,TRUE
Male,Loyal Customer,47,Personal Travel,Business,584,1,4,1,4,5,4,5,1,1,1,1,3,3,2.62,2,12,FALSE
Male,Disloyal Customer,39,Business Travel,Business,395,1,1,1,1,3,1,3,3,3,3,5,3,3,2.38,0,0,FALSE
Male,Loyal Customer,9,Personal Travel,Eco,273,0,1,0,2,4,0,4,4,4,3,3,1,4,2.31,0,0,TRUE
Male,Loyal Customer,30,Business Travel,Business,3598,3,3,3,3,2,2,2,2,4,5,5,3,2,3,0,0,TRUE
Male,Disloyal Customer,35,Business Travel,Business,425,4,4,4,4,2,4,2,2,4,5,4,3,2,3.38,0,0,FALSE
Male,Loyal Customer,40,Business Travel,Business,584,2,2,2,2,3,5,5,5,5,5,5,3,2,3.54,0,0,TRUE
Male,Loyal Customer,48,Business Travel,Business,1555,2,2,2,2,2,5,4,3,3,4,3,5,4,3.15,7,8,TRUE
Male,Loyal Customer,55,Personal Travel,Business,859,1,4,1,1,2,5,5,1,1,1,1,4,4,2.38,10,35,FALSE
Female,Loyal Customer,57,Business Travel,Eco,1222,4,2,4,4,4,1,5,3,3,4,3,5,1,3.31,14,14,TRUE
Female,Loyal Customer,30,Personal Travel,Eco Plus,1092,4,1,4,2,2,4,2,2,3,2,3,4,2,2.69,0,0,FALSE
Male,Loyal Customer,57,Business Travel,Business,2204,2,2,2,2,5,5,4,3,3,3,3,4,3,3.15,0,12,TRUE
Male,Disloyal Customer,24,Business Travel,Business,512,5,0,4,2,2,4,2,2,5,3,5,3,2,3,0,0,TRUE
Male,Loyal Customer,33,Personal Travel,Eco Plus,861,3,4,3,4,5,3,5,5,5,5,4,4,5,4.23,59,52,FALSE
Female,Loyal Customer,26,Personal Travel,Eco,773,2,5,2,1,1,2,1,1,3,2,4,5,1,2.31,0,0,FALSE
Male,Loyal Customer,36,Business Travel,Business,1725,4,4,4,4,2,4,4,5,5,5,5,4,3,4.08,26,1,TRUE
Female,Disloyal Customer,20,Business Travel,Eco,744,4,4,4,2,4,4,4,4,2,5,2,3,4,3.54,0,2,FALSE
Male,Loyal Customer,59,Business Travel,Business,255,5,5,5,5,5,5,4,5,5,5,5,4,4,4.77,11,0,TRUE
Male,Loyal Customer,13,Personal Travel,Eco,549,2,3,2,3,3,2,2,3,1,5,4,1,3,2.62,0,0,FALSE
Male,Loyal Customer,40,Business Travel,Business,2865,1,1,5,1,4,5,4,5,5,4,5,4,5,3.77,14,0,TRUE
Female,Loyal Customer,50,Personal Travel,Eco,1009,2,1,2,4,3,3,4,5,5,2,5,2,3,3.15,4,0,FALSE
Male,Loyal Customer,45,Business Travel,Business,359,4,4,4,4,5,4,5,5,5,5,5,4,4,4.46,11,2,TRUE
Male,Loyal Customer,49,Business Travel,Eco,209,4,5,5,5,4,4,4,4,1,3,5,3,4,3.92,0,0,TRUE
Male,Disloyal Customer,23,Business Travel,Eco,370,4,0,4,2,1,4,1,1,5,5,4,5,1,2.85,117,115,TRUE
Male,Loyal Customer,55,Personal Travel,Eco,2475,1,4,1,2,3,1,3,3,4,5,4,4,3,2.92,0,0,FALSE
Male,Loyal Customer,52,Business Travel,Eco,646,2,1,1,1,2,2,2,2,3,3,3,3,2,2.08,0,3,FALSE
Female,Loyal Customer,62,Business Travel,Business,2203,4,5,5,5,5,3,3,4,4,3,4,4,3,4,20,16,FALSE
Male,Loyal Customer,47,Personal Travel,Eco Plus,288,1,4,4,3,3,4,1,3,5,5,4,3,3,3.31,34,25,FALSE
Female,Loyal Customer,54,Business Travel,Business,2779,2,2,1,2,2,2,2,4,4,4,4,4,5,2.92,8,11,TRUE
Female,Disloyal Customer,25,Business Travel,Eco,692,1,1,1,4,4,1,4,4,2,1,3,2,4,2.46,0,0,FALSE
Female,Loyal Customer,64,Business Travel,Business,2866,1,5,5,5,2,3,3,1,1,1,1,3,3,2.62,0,6,FALSE
Female,Disloyal Customer,23,Business Travel,Eco,223,3,5,3,2,3,3,3,3,4,4,5,5,3,3.54,4,8,FALSE
Female,Loyal Customer,56,Business Travel,Business,2463,5,5,5,5,4,4,4,5,5,5,5,3,4,4.54,2,2,TRUE
Female,Loyal Customer,46,Personal Travel,Eco,391,4,4,5,3,1,2,3,4,4,5,1,1,5,3.23,7,0,FALSE
Female,Loyal Customer,51,Business Travel,Business,2437,3,3,3,3,3,5,5,5,5,5,5,4,4,4.08,0,0,TRUE
Male,Loyal Customer,33,Business Travel,Eco Plus,371,2,3,3,3,2,2,2,2,1,4,3,1,2,2.31,51,67,FALSE
Male,Disloyal Customer,49,Business Travel,Eco Plus,802,3,3,3,2,1,3,1,1,1,5,3,4,1,2.38,2,9,FALSE
Male,Loyal Customer,45,Business Travel,Business,1590,2,2,2,2,5,4,4,5,5,5,5,5,5,3.92,0,8,TRUE
Female,Loyal Customer,38,Business Travel,Business,1825,2,4,2,2,2,4,3,5,5,5,5,5,4,3.69,2,41,TRUE
Male,Loyal Customer,66,Personal Travel,Eco,620,3,5,3,3,1,3,1,1,4,5,5,5,1,3.08,3,54,FALSE
Male,Disloyal Customer,30,Business Travel,Business,899,2,2,2,1,2,2,2,2,5,4,4,5,2,2.69,0,24,FALSE
Female,Loyal Customer,24,Personal Travel,Eco Plus,789,2,5,2,5,2,2,2,2,4,4,5,5,2,3.23,0,0,FALSE
Female,Loyal Customer,16,Business Travel,Business,2419,1,1,1,1,5,5,5,5,2,3,5,5,5,3.38,0,0,TRUE
Female,Disloyal Customer,25,Business Travel,Eco Plus,201,4,5,4,4,3,4,1,3,1,5,3,3,3,3.31,0,0,FALSE
Female,Loyal Customer,40,Business Travel,Business,1781,3,3,3,3,4,4,5,5,5,5,4,4,5,4.08,0,0,TRUE
Female,Loyal Customer,70,Business Travel,Eco,387,3,4,4,4,1,4,4,3,3,3,3,1,4,3.15,1,0,FALSE
Male,Loyal Customer,41,Business Travel,Business,3079,4,4,4,4,3,5,4,5,5,5,5,4,5,4.38,3,0,TRUE
Female,Loyal Customer,22,Business Travel,Eco,301,2,2,4,2,2,3,2,2,1,2,4,1,2,2.23,0,0,FALSE
Female,Disloyal Customer,42,Business Travel,Business,1005,4,5,5,5,1,4,1,1,3,5,4,3,1,3.23,5,3,TRUE
Male,Loyal Customer,45,Business Travel,Business,1520,3,2,2,2,3,4,3,3,3,3,3,4,1,2.77,12,7,FALSE
Male,Loyal Customer,40,Business Travel,Business,1914,4,4,4,4,3,5,5,4,4,4,4,5,3,4.08,0,0,TRUE
Female,Loyal Customer,50,Personal Travel,Eco,341,4,4,4,3,3,4,4,5,5,4,5,4,4,4.08,31,24,FALSE
Female,Loyal Customer,54,Personal Travel,Eco,1080,1,3,1,3,4,1,4,4,4,1,4,1,5,2.77,0,1,FALSE
Female,Loyal Customer,66,Personal Travel,Eco,859,2,3,2,3,2,4,3,1,1,2,1,2,3,2.23,0,0,FALSE
Female,Loyal Customer,47,Business Travel,Business,1400,2,2,2,2,5,4,4,4,4,4,4,4,4,3.46,13,46,TRUE
Male,Loyal Customer,25,Personal Travel,Eco,550,1,0,1,3,4,1,4,4,1,2,3,5,4,2.54,122,124,FALSE
Female,Disloyal Customer,25,Business Travel,Eco Plus,192,2,3,1,4,4,1,5,4,4,3,3,4,4,3.23,0,0,FALSE
Male,Disloyal Customer,22,Business Travel,Eco,236,2,0,2,1,3,2,3,3,4,3,4,3,3,2.54,0,0,FALSE
Male,Loyal Customer,39,Business Travel,Business,3325,0,5,0,2,3,5,5,4,4,4,4,4,4,3.38,0,0,TRUE
Male,Disloyal Customer,35,Business Travel,Business,407,1,1,1,1,2,1,2,2,3,5,4,3,2,2.15,77,84,FALSE
Male,Loyal Customer,49,Business Travel,Business,1683,3,3,5,3,3,4,5,4,4,4,4,4,5,3.92,0,0,TRUE
Male,Loyal Customer,62,Personal Travel,Eco Plus,2342,1,5,1,1,5,1,5,5,4,1,3,3,5,3.08,5,6,FALSE
Female,Disloyal Customer,24,Business Travel,Eco,280,4,4,4,4,5,4,5,5,3,4,5,5,5,4.38,0,0,TRUE
Female,Loyal Customer,59,Personal Travel,Eco,272,2,0,2,3,5,4,5,1,1,2,1,4,3,2.54,0,4,FALSE
Female,Loyal Customer,47,Business Travel,Business,2420,3,3,3,3,5,3,2,3,3,3,3,3,2,3,106,119,FALSE
Male,Disloyal Customer,17,Business Travel,Eco,187,3,1,3,3,5,3,5,5,2,2,3,4,5,3.38,0,0,FALSE
Male,Loyal Customer,68,Personal Travel,Eco,587,2,3,2,4,1,2,5,1,4,4,5,3,1,2.85,0,18,FALSE
Female,Loyal Customer,39,Business Travel,Business,2218,5,5,5,5,2,5,5,4,4,5,4,4,3,4.31,0,0,TRUE
Female,Loyal Customer,22,Personal Travel,Business,533,1,4,1,1,2,1,5,2,3,5,4,4,2,2.69,0,0,FALSE
Female,Loyal Customer,28,Business Travel,Business,993,3,3,3,3,5,5,5,5,4,2,4,5,5,4,0,0,TRUE
Male,Loyal Customer,57,Business Travel,Business,1900,5,5,5,5,4,5,5,5,5,5,5,3,4,4.69,0,0,TRUE
Female,Loyal Customer,47,Personal Travel,Eco,1009,2,4,2,4,5,5,2,4,4,2,4,3,1,3.23,2,0,FALSE
Female,Disloyal Customer,24,Business Travel,Eco,101,2,0,3,3,5,3,5,5,4,4,4,4,5,3.62,0,0,FALSE
Male,Loyal Customer,75,Business Travel,Business,3509,1,1,1,1,2,1,1,5,5,5,5,5,4,2.85,2,1,TRUE
Female,Loyal Customer,28,Business Travel,Business,1705,3,5,5,5,3,2,3,3,3,1,2,4,3,3.23,19,4,FALSE
Female,Loyal Customer,56,Business Travel,Business,235,4,2,2,2,4,2,1,4,4,3,4,2,4,2.92,76,102,FALSE
Female,Loyal Customer,38,Personal Travel,Eco,814,4,0,4,4,5,4,5,5,5,3,4,3,5,3.92,9,57,FALSE
Female,Loyal Customer,57,Business Travel,Business,3553,3,3,3,3,2,4,5,5,5,4,5,5,3,3.85,0,0,TRUE
Female,Loyal Customer,40,Business Travel,Business,2468,5,5,4,5,3,4,5,4,4,4,4,5,4,4.31,9,17,TRUE
Female,Loyal Customer,56,Business Travel,Business,2255,4,4,4,4,3,4,4,4,4,4,4,4,4,3.92,26,14,TRUE
Female,Loyal Customer,26,Business Travel,Business,1546,2,2,2,2,5,5,5,5,3,3,4,4,5,3.62,0,3,TRUE
Female,Loyal Customer,10,Personal Travel,Eco,140,3,0,0,1,1,0,1,1,3,5,5,4,1,1.92,35,24,FALSE
Female,Loyal Customer,25,Personal Travel,Eco,1069,2,5,2,3,1,2,1,1,5,3,5,5,1,2.77,2,10,FALSE
Female,Loyal Customer,54,Personal Travel,Eco,599,2,4,2,3,5,4,3,5,5,2,5,3,2,3.46,0,0,FALSE
Male,Loyal Customer,46,Business Travel,Business,602,4,4,4,4,4,5,4,3,3,3,3,4,3,3.69,0,0,TRUE
Female,Loyal Customer,60,Business Travel,Business,2559,0,0,0,2,3,4,4,2,2,4,4,4,5,2.62,0,0,TRUE
Female,Loyal Customer,35,Business Travel,Business,1565,1,1,1,1,2,5,4,4,4,4,4,4,3,2.92,31,42,TRUE
Male,Loyal Customer,27,Business Travel,Business,2585,3,2,2,2,3,3,3,3,2,3,4,2,3,2.69,0,0,FALSE
Female,Loyal Customer,47,Personal Travel,Eco,1075,2,5,2,4,2,5,4,4,4,2,4,5,3,3.54,19,13,FALSE
Female,Loyal Customer,25,Business Travel,Business,1935,1,1,1,1,5,5,5,5,4,5,5,4,5,3.62,2,2,TRUE
Female,Loyal Customer,60,Business Travel,Business,1947,2,2,2,2,4,3,5,4,4,4,4,3,3,3.23,0,0,TRUE
Female,Loyal Customer,32,Business Travel,Business,3338,5,2,5,5,3,3,3,3,2,2,1,5,3,3.23,0,0,TRUE
Female,Loyal Customer,34,Business Travel,Business,3357,3,3,3,3,3,5,4,4,4,5,4,5,4,3.85,0,0,TRUE
Male,Loyal Customer,15,Personal Travel,Eco,909,3,5,3,3,5,3,5,5,3,3,5,1,5,3.77,0,0,FALSE
Female,Loyal Customer,35,Business Travel,Business,3978,2,4,3,4,1,3,3,2,2,2,2,4,4,2.77,0,0,FALSE
Male,Loyal Customer,65,Personal Travel,Eco Plus,248,1,1,1,3,5,1,5,5,3,4,4,1,5,3,36,33,FALSE
Female,Loyal Customer,40,Business Travel,Business,2988,4,4,4,4,2,4,4,4,4,4,4,3,5,3.85,7,57,TRUE
Female,Loyal Customer,65,Personal Travel,Eco,937,2,1,2,3,2,4,3,2,2,2,2,1,3,2.23,0,0,FALSE
Female,Disloyal Customer,12,Business Travel,Eco,1476,3,3,3,3,4,3,4,4,1,5,4,3,4,3.38,0,17,FALSE
Male,Loyal Customer,67,Personal Travel,Business,438,1,5,4,5,2,5,5,3,3,4,3,3,5,3.69,0,0,FALSE
Male,Loyal Customer,44,Personal Travel,Eco,728,3,1,3,3,4,3,4,4,1,2,4,1,4,2.85,1,5,FALSE
Male,Disloyal Customer,37,Business Travel,Eco,903,1,0,0,3,0,5,5,2,1,3,4,5,5,2.62,151,131,FALSE
Female,Loyal Customer,52,Business Travel,Business,1371,5,5,5,5,5,4,4,3,3,4,3,5,4,4.23,1,0,TRUE
Female,Loyal Customer,35,Personal Travel,Eco,405,3,5,3,1,4,3,5,4,4,5,4,5,4,3.85,0,0,FALSE
Female,Loyal Customer,56,Business Travel,Eco,266,4,2,2,2,1,1,3,3,3,4,3,4,4,2.77,0,0,TRUE
Female,Loyal Customer,48,Business Travel,Business,946,3,3,3,3,4,5,4,5,5,5,5,4,4,4.08,0,5,TRUE
Female,Loyal Customer,43,Business Travel,Business,2383,2,3,3,3,5,3,3,2,2,2,2,1,3,2.62,7,0,FALSE
Female,Loyal Customer,50,Business Travel,Business,3100,1,1,1,1,5,5,5,5,5,5,5,5,3,3.62,10,8,TRUE
Male,Loyal Customer,27,Personal Travel,Eco,1076,2,4,2,3,2,2,2,2,3,3,5,5,2,2.85,0,0,FALSE
Male,Loyal Customer,36,Business Travel,Business,238,2,2,2,2,4,4,4,5,3,4,5,4,4,3.46,155,144,TRUE
Female,Disloyal Customer,36,Business Travel,Eco,331,2,0,2,1,3,2,3,3,4,5,4,2,3,2.62,0,1,FALSE
Female,Loyal Customer,55,Business Travel,Business,3235,5,5,5,5,3,4,5,4,4,4,4,3,3,4.15,15,2,TRUE
Male,Loyal Customer,16,Business Travel,Business,1593,4,4,4,4,4,4,4,4,3,2,5,5,4,3.92,0,2,TRUE
Female,Disloyal Customer,28,Business Travel,Eco,1076,2,2,2,4,2,2,2,2,4,3,2,5,2,2.62,0,36,TRUE
Female,Loyal Customer,24,Personal Travel,Eco,2475,2,4,2,2,4,2,4,4,4,3,4,5,4,3.38,3,0,FALSE
Female,Loyal Customer,52,Personal Travel,Eco,869,2,3,2,4,1,4,3,3,3,2,2,1,3,2.54,0,30,FALSE
Male,Loyal Customer,17,Personal Travel,Eco,1007,2,4,2,1,3,2,3,3,4,5,5,5,3,3.23,80,85,FALSE
Female,Loyal Customer,30,Business Travel,Business,2088,3,4,4,4,3,3,3,3,3,2,4,2,3,3.15,5,26,FALSE
Female,Loyal Customer,46,Personal Travel,Business,783,2,4,2,3,3,5,4,5,5,2,5,5,4,3.77,0,0,FALSE
Male,Loyal Customer,57,Business Travel,Eco,584,4,1,1,1,4,4,4,4,1,4,4,1,4,2.85,0,0,TRUE
Female,Loyal Customer,42,Business Travel,Business,2052,1,1,1,1,3,4,5,5,5,5,5,4,5,3.46,0,0,TRUE
Female,Loyal Customer,38,Personal Travel,Eco Plus,325,2,1,3,3,5,3,5,5,3,1,3,4,5,3.31,0,0,FALSE
Female,Loyal Customer,13,Personal Travel,Eco,1535,2,5,3,1,2,3,2,2,4,4,4,3,2,2.85,0,0,FALSE
Female,Disloyal Customer,42,Business Travel,Eco,216,1,5,1,4,5,1,4,5,4,2,2,1,5,3.08,0,18,FALSE
Female,Loyal Customer,56,Business Travel,Business,3853,3,3,3,3,3,4,5,5,5,5,5,3,4,3.92,0,0,TRUE
Female,Loyal Customer,39,Business Travel,Eco,620,4,4,4,4,4,4,4,4,2,2,5,5,4,3.85,0,0,TRUE
Male,Disloyal Customer,40,Business Travel,Eco,447,2,0,1,4,3,1,3,3,5,1,4,3,3,2.54,0,0,FALSE
Male,Loyal Customer,47,Business Travel,Business,459,2,2,2,2,2,5,4,4,4,4,4,3,5,3.31,3,16,TRUE
Female,Loyal Customer,22,Personal Travel,Eco,829,2,4,3,2,5,3,5,5,5,3,4,3,5,3.77,61,51,FALSE
Female,Loyal Customer,41,Business Travel,Business,2585,3,3,3,3,5,5,5,5,2,4,5,5,5,4.08,67,79,TRUE
Female,Loyal Customer,27,Personal Travel,Eco,837,1,4,1,4,5,1,5,5,5,4,4,3,5,3.62,8,8,FALSE
Male,Loyal Customer,35,Personal Travel,Eco,1145,3,4,3,2,3,3,3,3,5,4,5,5,3,3.54,0,0,FALSE
Male,Disloyal Customer,40,Business Travel,Eco,793,3,2,2,3,2,2,3,2,3,5,3,4,2,2.77,27,20,FALSE
Male,Loyal Customer,10,Personal Travel,Eco,937,3,1,3,4,3,3,3,3,1,5,4,1,3,2.85,0,0,FALSE
Female,Disloyal Customer,80,Business Travel,Business,223,5,5,5,3,5,2,1,4,4,5,4,1,5,3.77,0,0,TRUE
Male,Loyal Customer,40,Personal Travel,Eco,84,3,5,3,4,5,3,5,5,4,5,5,3,5,4.23,0,0,FALSE
Female,Loyal Customer,50,Business Travel,Business,345,0,0,0,3,4,5,4,5,5,5,5,3,4,3.31,0,0,TRUE
Female,Loyal Customer,35,Business Travel,Business,1837,0,1,1,1,3,5,4,4,4,4,4,3,4,2.92,0,0,TRUE
Male,Loyal Customer,27,Business Travel,Business,3928,2,2,5,2,5,5,5,5,5,1,1,3,5,3.54,7,1,TRUE
Female,Loyal Customer,25,Personal Travel,Eco,843,3,4,2,3,2,4,2,5,3,5,5,2,2,3.23,160,150,FALSE
Male,Disloyal Customer,22,Business Travel,Eco,867,1,1,1,5,1,1,1,1,3,4,5,3,1,2.15,15,0,FALSE
Female,Loyal Customer,39,Business Travel,Business,2158,5,5,5,5,1,2,1,4,4,4,4,3,3,3.54,0,0,TRUE
Female,Loyal Customer,11,Personal Travel,Eco,2402,3,3,3,4,3,5,5,1,2,1,2,5,5,3.23,168,136,FALSE
Male,Loyal Customer,27,Personal Travel,Eco,784,1,4,2,5,4,2,4,4,4,4,4,4,4,3.54,24,47,FALSE
Male,Loyal Customer,52,Business Travel,Business,749,1,1,1,1,4,4,5,4,4,4,4,4,3,3.08,0,0,TRUE
Female,Loyal Customer,18,Personal Travel,Eco,647,1,4,1,1,1,1,1,1,2,5,5,1,1,1.92,0,0,FALSE
Female,Loyal Customer,39,Personal Travel,Eco,837,1,4,1,1,4,1,4,4,4,4,5,4,4,3.15,0,2,FALSE
Female,Loyal Customer,39,Personal Travel,Eco,457,1,5,1,3,2,1,4,2,5,4,4,5,2,3,0,0,FALSE
Female,Loyal Customer,37,Personal Travel,Eco,345,3,5,3,4,2,3,2,2,4,5,4,4,2,3.31,0,0,FALSE
Female,Loyal Customer,33,Business Travel,Business,3020,5,5,3,5,5,4,4,4,4,4,4,4,3,4.15,15,20,TRUE
Male,Loyal Customer,20,Personal Travel,Eco,599,2,2,2,3,5,2,5,5,1,5,4,4,5,3.46,71,57,FALSE
Male,Loyal Customer,52,Business Travel,Business,3057,5,5,5,5,5,5,5,3,3,2,3,4,3,4.08,0,0,TRUE
Male,Loyal Customer,55,Business Travel,Business,1089,2,2,2,2,3,4,4,5,5,5,5,3,3,3.46,0,4,TRUE
Male,Loyal Customer,41,Business Travel,Business,2367,2,5,3,5,2,2,3,2,2,2,2,3,4,2.85,31,39,FALSE
Female,Loyal Customer,47,Business Travel,Business,684,4,4,4,4,5,4,5,5,5,5,5,4,5,4.54,3,9,TRUE
Male,Disloyal Customer,28,Business Travel,Eco,841,2,2,2,3,5,2,5,5,4,3,3,4,5,3.46,0,0,FALSE
Female,Loyal Customer,60,Business Travel,Business,679,5,5,5,5,2,4,5,4,4,4,4,3,4,4.15,0,0,TRUE
Female,Loyal Customer,25,Personal Travel,Eco,868,3,5,3,1,4,3,1,4,1,4,5,3,4,3.15,0,0,FALSE
Female,Loyal Customer,27,Business Travel,Eco,1020,3,1,1,1,3,2,3,3,4,4,4,3,3,2.69,0,5,FALSE
Female,Loyal Customer,46,Business Travel,Business,1773,5,5,5,5,4,5,4,5,5,5,5,3,4,4.62,2,0,TRUE
Male,Loyal Customer,45,Business Travel,Eco,912,4,1,1,1,4,4,4,4,4,2,4,3,4,3.08,33,34,TRUE
Female,Loyal Customer,61,Personal Travel,Eco,214,3,0,3,5,3,5,4,4,4,3,4,4,5,3.62,0,0,FALSE
Female,Loyal Customer,13,Personal Travel,Eco,525,4,5,4,1,4,4,4,4,3,4,4,5,4,3.85,0,0,TRUE
Female,Loyal Customer,33,Personal Travel,Business,684,3,5,3,2,2,4,4,3,3,3,3,5,4,3.38,0,0,FALSE
Male,Loyal Customer,47,Business Travel,Business,196,4,4,4,4,1,1,3,4,4,4,3,1,3,3.08,0,0,TRUE
Male,Loyal Customer,47,Business Travel,Business,2684,3,3,3,3,3,4,5,5,5,5,5,5,4,4.08,0,0,TRUE
Female,Disloyal Customer,30,Business Travel,Eco,262,2,0,2,4,4,2,4,4,2,4,1,2,4,2.69,39,37,FALSE
Female,Disloyal Customer,34,Business Travel,Eco,403,3,1,3,4,5,3,5,5,2,2,4,2,5,3.38,6,0,FALSE
Female,Disloyal Customer,23,Business Travel,Eco,545,5,0,5,3,1,5,1,1,5,2,5,5,1,3,0,0,TRUE
Female,Loyal Customer,41,Business Travel,Business,1197,3,3,3,3,5,4,4,4,4,4,4,3,5,3.77,14,38,TRUE
Female,Disloyal Customer,19,Business Travel,Eco,102,2,3,3,3,5,3,5,5,4,2,3,4,5,3.62,0,0,FALSE
Female,Loyal Customer,22,Business Travel,Business,1979,1,0,0,4,2,0,2,2,3,5,4,4,2,2.23,0,0,FALSE
Male,Loyal Customer,23,Personal Travel,Eco,1487,3,5,3,1,1,3,1,1,5,4,4,4,1,2.77,0,0,FALSE
Male,Loyal Customer,22,Business Travel,Business,3587,5,5,5,5,4,4,4,4,3,5,5,3,4,4.31,8,0,TRUE
Female,Loyal Customer,46,Business Travel,Eco,591,2,4,4,4,1,3,3,2,2,2,2,1,2,2.46,46,39,FALSE
Male,Loyal Customer,39,Business Travel,Eco Plus,258,1,1,1,1,1,1,1,1,1,5,4,1,1,1.54,0,0,FALSE
Male,Loyal Customer,57,Business Travel,Eco Plus,342,3,4,4,4,4,3,4,4,3,2,3,4,4,3.54,18,25,FALSE
Male,Loyal Customer,58,Business Travel,Business,3762,2,2,2,2,3,5,5,5,5,5,5,4,5,3.85,0,0,TRUE
Male,Loyal Customer,16,Personal Travel,Eco,447,3,4,3,5,1,3,1,1,4,2,4,5,1,2.85,0,0,FALSE
Female,Loyal Customer,20,Personal Travel,Eco,1105,2,1,2,4,5,2,5,5,4,2,4,3,5,3.38,24,17,FALSE
Male,Loyal Customer,40,Business Travel,Business,1892,2,2,2,2,4,5,4,3,3,4,3,4,5,3.31,7,14,TRUE
Female,Loyal Customer,21,Personal Travel,Eco,717,2,5,2,3,2,2,2,2,4,4,5,3,2,2.92,2,0,FALSE
Female,Disloyal Customer,22,Business Travel,Eco,1121,5,5,5,3,3,5,3,3,1,4,3,2,3,3.46,0,0,TRUE
Male,Loyal Customer,51,Business Travel,Business,190,2,2,2,2,2,4,4,4,4,4,4,5,3,3.23,11,1,TRUE
Male,Loyal Customer,43,Business Travel,Eco,251,4,4,1,1,5,4,5,5,3,1,3,2,5,3.31,0,0,FALSE
Female,Loyal Customer,51,Personal Travel,Eco,319,3,4,3,5,3,3,4,3,3,3,3,1,3,3.15,1,0,FALSE
Male,Loyal Customer,53,Business Travel,Business,404,5,5,5,5,3,5,2,3,3,3,3,1,5,3.69,19,33,TRUE
Female,Disloyal Customer,21,Business Travel,Eco,293,2,3,2,3,2,2,2,2,1,1,3,3,2,2.15,28,13,FALSE
Male,Loyal Customer,31,Personal Travel,Eco,1020,1,4,1,4,3,1,5,3,2,4,3,3,3,2.85,1,0,FALSE
Female,Loyal Customer,43,Business Travel,Business,3425,2,2,2,2,4,5,4,3,3,3,3,3,5,3.15,0,0,TRUE
Female,Loyal Customer,17,Personal Travel,Eco,2248,3,3,3,2,1,3,1,1,5,2,5,5,1,2.69,9,8,FALSE
Male,Disloyal Customer,29,Business Travel,Business,1723,2,2,2,4,5,2,3,5,5,3,3,4,5,3.46,0,4,FALSE
Female,Loyal Customer,44,Personal Travel,Eco,1013,4,2,4,3,1,4,4,4,4,4,4,1,3,3.23,66,77,FALSE
Female,Loyal Customer,33,Business Travel,Eco Plus,257,1,3,3,3,1,1,1,1,4,4,3,2,1,2.15,0,0,FALSE
Female,Loyal Customer,33,Business Travel,Business,129,1,1,1,1,3,5,2,4,4,4,5,4,3,2.92,0,0,TRUE
Female,Loyal Customer,41,Business Travel,Business,2183,1,1,1,1,4,5,5,4,4,4,4,5,5,3.38,18,1,TRUE
Male,Loyal Customer,21,Personal Travel,Eco,542,4,5,4,5,1,4,1,1,3,3,4,5,1,3.15,8,49,FALSE
Male,Loyal Customer,51,Business Travel,Business,2552,1,1,1,1,4,4,4,5,2,4,4,4,4,3,0,2,TRUE
Female,Loyal Customer,48,Business Travel,Business,3072,2,2,2,2,4,4,4,4,4,4,4,4,5,3.46,0,7,TRUE
Female,Disloyal Customer,25,Business Travel,Eco,594,4,3,4,4,2,4,4,2,1,3,3,3,2,3,0,0,FALSE
Female,Loyal Customer,50,Personal Travel,Eco,954,3,4,3,3,3,5,5,5,5,3,5,5,3,4,2,0,FALSE
Female,Loyal Customer,73,Business Travel,Business,3198,4,4,4,4,1,1,3,5,5,5,5,4,5,3.85,5,0,TRUE
Female,Loyal Customer,20,Personal Travel,Eco,1013,2,1,2,3,1,2,4,1,3,1,4,4,1,2.23,0,0,FALSE
Male,Disloyal Customer,35,Business Travel,Eco,1368,3,3,3,1,4,3,4,4,4,5,3,4,4,3.46,0,0,FALSE
Male,Disloyal Customer,40,Business Travel,Business,365,2,2,2,4,1,2,1,1,3,4,3,2,1,2.15,38,17,FALSE
Male,Loyal Customer,30,Business Travel,Business,2007,2,5,5,5,2,1,2,2,1,1,2,2,2,2.46,42,20,FALSE
Female,Loyal Customer,56,Business Travel,Business,2144,3,3,3,3,5,4,4,4,4,4,4,5,3,3.77,74,71,TRUE
Male,Disloyal Customer,13,Business Travel,Eco,820,4,4,4,3,3,4,3,3,5,2,3,3,3,3.38,0,0,TRUE
Female,Loyal Customer,59,Business Travel,Business,618,1,1,1,1,5,4,5,5,5,5,5,5,5,3.69,0,0,TRUE
Male,Loyal Customer,21,Personal Travel,Eco Plus,228,2,5,0,3,1,0,1,1,4,2,1,2,1,1.77,0,3,FALSE
Male,Loyal Customer,54,Personal Travel,Eco,328,4,2,4,4,3,4,3,3,2,4,4,3,3,3.31,0,0,FALSE
Male,Loyal Customer,48,Personal Travel,Eco,837,5,4,5,1,3,5,3,3,4,2,5,5,3,3.69,0,0,TRUE
Male,Loyal Customer,70,Personal Travel,Eco Plus,312,1,4,1,4,2,1,2,2,3,5,4,3,2,2.62,0,0,FALSE
Male,Loyal Customer,18,Personal Travel,Eco,304,2,5,2,4,1,2,1,1,5,4,5,3,1,2.77,0,0,FALSE
Male,Loyal Customer,43,Personal Travel,Business,1055,2,4,2,1,2,5,5,1,1,2,1,4,3,2.54,0,0,FALSE
Female,Loyal Customer,33,Personal Travel,Business,1979,4,4,4,4,4,4,5,1,1,4,1,5,1,3.23,0,0,FALSE
Female,Loyal Customer,44,Business Travel,Business,134,3,3,3,3,3,5,5,5,5,5,4,3,4,3.92,0,0,TRUE
Male,Loyal Customer,47,Personal Travel,Eco,787,1,4,1,4,1,1,1,1,4,3,3,5,1,2.31,3,0,FALSE
Female,Loyal Customer,63,Personal Travel,Eco,1389,2,4,2,4,2,4,1,1,1,2,1,5,4,2.54,0,0,FALSE
Female,Loyal Customer,55,Business Travel,Business,1802,3,3,3,3,2,4,5,4,4,4,4,3,4,3.54,1,0,TRUE
Male,Loyal Customer,30,Business Travel,Business,862,4,4,4,4,3,3,3,3,4,3,4,4,3,3.54,0,0,TRUE
Male,Loyal Customer,43,Personal Travel,Eco,599,4,5,4,5,4,4,4,4,3,1,2,5,4,3.77,12,0,TRUE
Male,Disloyal Customer,28,Business Travel,Eco,468,3,4,3,1,5,3,1,5,3,3,3,1,5,3.08,0,0,FALSE
Female,Loyal Customer,30,Business Travel,Business,1142,4,4,1,1,4,4,4,4,4,1,3,4,4,3.23,0,15,FALSE
Female,Disloyal Customer,38,Business Travel,Business,650,3,3,3,1,5,3,2,5,4,4,4,4,5,3.54,0,0,FALSE
Female,Loyal Customer,57,Business Travel,Eco Plus,859,4,1,1,1,4,3,5,4,4,4,4,1,5,3.15,1,0,TRUE
Male,Loyal Customer,48,Personal Travel,Eco,989,4,5,4,4,1,4,1,1,5,5,5,4,1,3.38,2,7,FALSE
Male,Loyal Customer,22,Business Travel,Business,986,3,3,3,3,4,4,4,4,4,5,4,4,4,3.77,16,15,TRUE
Male,Loyal Customer,31,Business Travel,Business,2138,3,3,3,3,5,5,5,5,3,3,5,3,5,3.92,0,10,TRUE
Female,Loyal Customer,46,Business Travel,Business,2446,5,5,5,5,2,3,4,4,4,4,4,5,4,4.15,0,0,TRUE
Female,Loyal Customer,49,Business Travel,Business,3860,5,5,5,5,5,4,5,4,4,4,4,3,4,4.38,0,9,TRUE
Male,Disloyal Customer,35,Business Travel,Business,1053,2,2,2,4,2,2,2,2,5,2,4,4,2,2.69,27,46,FALSE
Male,Disloyal Customer,23,Business Travel,Eco,290,0,3,0,4,4,0,4,4,3,2,3,1,4,2.46,0,0,TRUE
Female,Loyal Customer,52,Business Travel,Business,564,3,3,3,3,2,5,4,5,5,5,5,3,4,3.85,18,12,TRUE
Female,Loyal Customer,44,Business Travel,Eco Plus,189,1,0,0,3,3,4,3,2,2,1,2,1,1,1.77,0,0,FALSE
Male,Disloyal Customer,58,Business Travel,Business,287,4,4,4,4,5,4,5,5,4,2,4,4,5,4.15,0,0,TRUE
Female,Loyal Customer,52,Personal Travel,Eco Plus,446,1,5,5,2,4,5,5,3,3,5,3,5,4,3.85,49,45,FALSE
Female,Loyal Customer,33,Business Travel,Eco,164,3,3,3,3,3,3,3,3,4,4,3,3,3,3.15,9,8,FALSE
Male,Loyal Customer,49,Business Travel,Eco,1214,5,2,2,2,5,5,5,5,2,2,3,3,5,3.54,108,107,TRUE
Female,Disloyal Customer,54,Business Travel,Eco,907,4,4,4,4,5,4,5,5,1,1,3,3,5,3.69,17,17,FALSE
Female,Disloyal Customer,43,Business Travel,Business,594,2,2,2,2,2,1,1,4,4,4,4,1,1,2.31,160,156,FALSE
Male,Disloyal Customer,25,Business Travel,Eco,1084,5,5,5,3,5,5,2,5,3,5,4,3,5,4.23,0,0,TRUE
Female,Loyal Customer,46,Business Travel,Business,140,1,5,4,4,3,4,4,3,3,3,1,3,3,3.15,25,13,FALSE
Male,Loyal Customer,69,Personal Travel,Business,399,3,2,3,4,1,3,3,2,2,3,2,1,1,2.31,0,16,FALSE
Male,Disloyal Customer,25,Business Travel,Business,599,2,5,2,5,2,2,2,2,3,3,5,3,2,2.92,0,0,FALSE
Female,Loyal Customer,10,Personal Travel,Eco,621,3,4,3,3,4,3,1,4,3,4,4,5,4,3.46,15,10,FALSE
Male,Loyal Customer,34,Business Travel,Eco,836,2,3,2,2,2,1,2,2,3,3,4,4,2,2.46,44,33,FALSE
Male,Loyal Customer,26,Business Travel,Business,565,2,2,2,2,4,4,4,4,4,3,4,3,4,3.23,65,61,TRUE
Male,Loyal Customer,50,Business Travel,Business,2586,4,1,4,4,5,5,4,5,5,5,5,4,3,4.15,23,0,TRUE
Male,Loyal Customer,22,Business Travel,Eco,1635,2,4,4,4,2,2,4,2,3,3,3,1,2,2.77,31,30,FALSE
Female,Loyal Customer,55,Business Travel,Business,590,1,1,1,1,3,5,4,4,4,4,4,3,5,3.08,62,67,TRUE
Female,Loyal Customer,54,Business Travel,Business,2576,2,2,2,2,3,4,5,4,4,4,4,4,5,3.46,0,0,TRUE
Female,Loyal Customer,55,Business Travel,Business,1660,0,5,0,1,2,4,4,4,4,4,4,3,3,2.92,0,0,TRUE
Male,Loyal Customer,21,Personal Travel,Eco,363,4,4,4,3,2,4,2,2,4,5,4,5,2,3.46,0,0,TRUE
Female,Loyal Customer,11,Personal Travel,Eco,528,4,4,4,1,4,4,4,4,4,4,4,4,4,3.77,25,13,FALSE
Female,Loyal Customer,51,Personal Travel,Eco Plus,334,3,1,3,3,5,4,3,3,3,3,3,1,3,2.92,40,38,FALSE
Female,Loyal Customer,39,Business Travel,Business,3705,3,2,4,2,5,3,3,3,3,3,3,1,1,2.77,0,1,FALSE
Female,Disloyal Customer,22,Business Travel,Eco,272,1,2,1,4,4,1,4,4,4,1,3,1,4,2.62,0,0,FALSE
Male,Loyal Customer,51,Business Travel,Eco,142,5,2,3,2,5,5,5,5,2,5,2,1,5,3.62,11,0,TRUE
Female,Loyal Customer,59,Personal Travel,Eco Plus,116,1,4,0,4,5,4,2,4,4,0,5,4,4,3.15,61,57,FALSE
Female,Loyal Customer,63,Personal Travel,Eco,162,2,4,2,4,5,5,5,3,3,2,3,5,4,3.62,0,0,FALSE
Female,Loyal Customer,60,Business Travel,Eco,666,2,1,1,1,3,3,3,1,1,2,1,1,1,1.62,0,0,FALSE
Male,Loyal Customer,39,Business Travel,Business,2051,2,1,2,2,4,2,2,2,2,2,2,3,1,2.08,0,0,FALSE
Male,Loyal Customer,34,Personal Travel,Eco Plus,489,1,2,4,3,4,4,4,4,2,3,4,4,4,3.31,0,8,FALSE
Male,Loyal Customer,68,Personal Travel,Eco,545,4,2,4,3,4,4,4,4,1,3,3,4,4,3.38,18,31,FALSE
Female,Disloyal Customer,28,Business Travel,Business,1139,3,3,3,2,3,3,3,3,3,5,5,4,3,3.31,9,3,FALSE
Female,Loyal Customer,18,Personal Travel,Business,403,3,4,3,1,3,3,3,3,5,3,5,3,3,3.23,5,0,FALSE
Male,Loyal Customer,43,Business Travel,Business,337,3,3,3,3,4,4,5,5,5,5,5,5,3,4.08,94,91,TRUE
Female,Loyal Customer,58,Personal Travel,Eco,101,4,5,4,2,4,5,1,2,2,4,2,4,4,3.31,0,0,FALSE
Female,Loyal Customer,51,Business Travel,Business,3593,2,2,2,2,3,5,5,4,4,4,4,5,5,3.62,0,0,TRUE
Female,Loyal Customer,37,Business Travel,Business,163,5,5,5,5,2,1,1,4,4,4,5,2,4,3.62,0,0,TRUE
Female,Loyal Customer,43,Business Travel,Business,3486,1,1,1,1,2,4,5,5,5,4,4,4,3,3.08,0,11,TRUE
Male,Disloyal Customer,35,Business Travel,Business,1076,2,1,1,3,4,1,4,4,4,5,5,4,4,3.23,0,0,FALSE
Female,Loyal Customer,48,Business Travel,Business,302,0,0,0,2,5,5,5,3,3,3,3,3,5,2.85,0,0,TRUE
Male,Loyal Customer,29,Personal Travel,Eco,366,3,4,5,2,1,5,1,1,5,2,5,5,1,3.08,1,0,FALSE
Male,Loyal Customer,60,Business Travel,Eco,1028,5,3,3,3,5,5,5,5,2,2,1,1,5,3.46,57,120,TRUE
Male,Disloyal Customer,25,Business Travel,Business,1532,5,0,5,4,5,5,2,5,5,2,4,3,5,3.85,0,0,TRUE
Female,Disloyal Customer,9,Business Travel,Eco,1340,2,2,2,3,3,2,3,3,4,4,3,3,3,2.85,0,0,FALSE
Female,Loyal Customer,49,Business Travel,Business,2545,4,1,4,4,4,4,2,4,4,4,5,2,3,3.46,0,0,TRUE
Male,Loyal Customer,47,Personal Travel,Business,628,3,5,3,1,4,5,5,4,4,3,4,3,5,3.77,2,4,FALSE
Male,Loyal Customer,47,Business Travel,Business,3477,4,4,4,4,2,4,5,5,5,5,5,5,3,4.23,0,27,TRUE
Female,Loyal Customer,52,Personal Travel,Eco Plus,678,1,4,0,2,2,4,4,3,3,0,3,5,3,2.62,51,43,FALSE
Male,Loyal Customer,30,Personal Travel,Eco,1124,2,5,2,1,5,2,5,5,3,2,3,5,5,3.46,6,10,FALSE
Female,Loyal Customer,8,Personal Travel,Eco,224,2,5,0,4,3,0,3,3,4,2,4,5,3,2.92,1,0,FALSE
Female,Loyal Customer,30,Business Travel,Business,3843,2,2,2,2,2,2,2,2,4,5,4,5,2,2.77,130,122,TRUE
Male,Loyal Customer,37,Business Travel,Eco,290,3,5,5,5,3,3,3,3,4,3,2,1,3,3.31,24,14,FALSE
Female,Disloyal Customer,22,Business Travel,Business,1149,5,5,5,3,1,5,1,1,4,3,5,3,1,3.23,0,0,TRUE
Female,Loyal Customer,52,Personal Travel,Eco,1207,2,3,2,4,1,3,3,3,3,2,3,4,2,2.69,19,50,FALSE
Male,Disloyal Customer,21,Business Travel,Eco,425,2,1,2,3,1,2,4,1,4,1,3,3,1,2.15,25,16,FALSE
Female,Loyal Customer,53,Business Travel,Business,268,0,0,0,3,3,4,4,4,4,4,4,4,3,2.85,0,0,TRUE
Male,Loyal Customer,47,Business Travel,Eco Plus,2079,1,5,5,5,1,1,1,1,4,2,4,3,1,2.62,0,0,FALSE
Female,Loyal Customer,49,Business Travel,Eco,2777,1,4,4,4,2,3,4,1,1,1,1,4,3,2.54,6,0,FALSE
Female,Loyal Customer,36,Business Travel,Business,2136,2,2,5,2,2,4,4,4,4,4,4,5,5,3.62,0,0,TRUE
Female,Disloyal Customer,47,Business Travel,Eco Plus,236,5,5,5,3,5,5,5,5,3,3,5,3,5,4.38,0,5,TRUE
Male,Loyal Customer,29,Business Travel,Eco Plus,594,4,1,1,1,4,4,4,4,4,5,1,1,4,2.92,0,0,TRUE
Female,Disloyal Customer,59,Business Travel,Eco,280,3,5,3,4,5,3,5,5,1,2,5,1,5,3.62,0,0,FALSE
Male,Loyal Customer,64,Business Travel,Business,404,1,1,1,1,3,4,4,4,4,4,4,5,3,3,0,0,TRUE
Male,Loyal Customer,43,Personal Travel,Eco,728,2,5,2,5,4,2,5,4,2,1,1,3,4,3.08,0,0,FALSE
Female,Loyal Customer,47,Business Travel,Business,874,1,1,1,1,5,5,4,3,3,3,3,4,3,2.85,0,0,TRUE
Male,Loyal Customer,53,Business Travel,Eco,1788,3,3,3,3,3,3,3,3,3,4,3,1,3,2.92,0,9,FALSE
Female,Loyal Customer,35,Business Travel,Business,432,2,4,4,4,1,3,3,2,2,2,2,2,3,2.62,0,10,FALSE
Female,Disloyal Customer,24,Business Travel,Eco,731,2,2,2,3,5,2,5,5,4,2,4,4,5,3.46,6,0,FALSE
Female,Loyal Customer,35,Business Travel,Business,2142,3,1,5,5,4,4,4,3,3,4,3,2,1,3.23,64,71,FALSE
Female,Disloyal Customer,25,Business Travel,Eco,1205,1,1,1,3,3,1,3,3,2,3,3,4,3,2.38,17,16,FALSE
Female,Loyal Customer,50,Personal Travel,Eco,793,3,4,3,3,4,4,5,2,2,3,2,5,4,3.38,0,11,FALSE
Male,Loyal Customer,44,Business Travel,Business,337,2,3,2,2,4,5,5,5,5,5,5,5,5,4.08,2,0,TRUE
Male,Loyal Customer,51,Business Travel,Business,3053,3,4,4,4,2,4,4,3,3,3,3,3,1,3.15,27,44,FALSE
Male,Loyal Customer,64,Personal Travel,Eco,631,2,2,2,2,2,2,2,2,1,3,3,3,2,2.15,0,0,FALSE
Female,Disloyal Customer,25,Business Travel,Business,594,4,4,4,2,3,4,3,3,4,5,4,5,3,3.69,1,1,TRUE
Male,Loyal Customer,8,Personal Travel,Eco,221,1,4,0,1,2,0,2,2,4,1,1,4,2,1.85,0,0,FALSE
Female,Disloyal Customer,27,Business Travel,Eco,1499,4,4,4,3,3,4,3,3,3,2,2,4,3,3.23,0,8,FALSE
Female,Loyal Customer,57,Business Travel,Business,214,2,4,4,4,4,3,2,3,3,2,2,3,3,3,10,4,FALSE
Female,Loyal Customer,33,Business Travel,Eco Plus,116,5,3,3,3,5,5,5,5,3,2,3,4,5,3.92,0,0,TRUE
Female,Disloyal Customer,62,Business Travel,Eco,261,3,0,3,4,5,3,5,5,2,3,5,4,5,3.62,0,0,FALSE
Female,Loyal Customer,35,Business Travel,Eco Plus,177,3,4,4,4,3,3,3,3,1,1,3,1,3,2.77,5,0,FALSE
Male,Loyal Customer,45,Business Travel,Business,2141,2,2,2,2,5,5,4,4,4,5,4,3,3,3.46,0,0,TRUE
Male,Loyal Customer,49,Personal Travel,Eco Plus,297,4,5,4,1,2,4,2,2,3,5,4,5,2,3.31,0,0,FALSE
Female,Loyal Customer,40,Business Travel,Business,2465,3,3,3,3,2,4,5,3,3,4,3,1,2,3,126,115,TRUE
Female,Disloyal Customer,26,Business Travel,Eco,598,1,5,0,1,1,0,1,1,2,1,4,4,1,1.69,3,0,FALSE
Male,Loyal Customer,40,Business Travel,Business,3196,4,1,1,1,4,4,4,3,3,3,4,4,4,3.08,0,0,FALSE
Female,Disloyal Customer,54,Business Travel,Business,1205,4,5,5,2,5,4,5,5,4,3,5,5,5,4.38,0,0,FALSE
Male,Loyal Customer,56,Business Travel,Eco,351,4,1,1,1,4,4,4,4,5,3,5,3,4,3.31,0,0,TRUE
Female,Loyal Customer,27,Business Travel,Business,3249,3,3,3,3,4,4,4,4,3,5,2,5,4,3.62,11,8,TRUE
Male,Loyal Customer,40,Business Travel,Business,2619,2,2,2,2,4,4,4,5,5,5,5,5,4,3.77,18,10,TRUE
Male,Loyal Customer,58,Business Travel,Business,3676,4,4,4,4,5,4,4,4,4,4,4,3,3,3.92,2,3,TRUE
Female,Loyal Customer,27,Personal Travel,Eco,834,3,2,3,4,4,3,4,4,4,1,3,1,4,3.08,0,0,FALSE
Male,Disloyal Customer,21,Business Travel,Eco,144,3,0,3,2,4,3,5,4,4,2,2,3,4,3,0,0,FALSE
Male,Loyal Customer,37,Business Travel,Eco Plus,438,2,5,4,5,2,2,2,2,4,2,4,2,2,2.92,0,0,FALSE
Male,Loyal Customer,42,Business Travel,Business,183,4,4,4,4,5,4,5,4,4,4,5,3,4,4.15,0,0,TRUE
Male,Loyal Customer,69,Personal Travel,Eco,1120,1,4,1,5,2,1,2,2,4,5,5,5,2,3,0,0,FALSE
Female,Loyal Customer,71,Business Travel,Business,3614,2,3,3,3,4,4,4,2,2,2,2,3,3,2.85,0,0,FALSE
Male,Disloyal Customer,29,Business Travel,Business,496,3,3,3,2,1,3,1,1,3,4,2,2,1,2.23,0,0,FALSE
Female,Loyal Customer,49,Business Travel,Business,3768,1,2,4,2,2,4,4,1,1,1,1,3,3,2.23,126,125,FALSE
Male,Loyal Customer,26,Business Travel,Business,1826,2,2,5,2,4,4,4,4,5,1,5,5,4,3.62,0,0,TRUE
Female,Disloyal Customer,62,Business Travel,Eco Plus,86,2,2,2,1,4,2,2,4,1,3,5,1,4,2.54,42,46,FALSE
Male,Loyal Customer,22,Business Travel,Business,946,2,2,3,2,4,4,4,4,5,3,5,2,4,3.38,75,69,TRUE
Female,Loyal Customer,14,Personal Travel,Eco,332,3,4,4,4,1,4,1,1,3,2,3,4,1,2.69,0,0,FALSE
Male,Loyal Customer,57,Personal Travel,Eco,197,1,5,1,5,4,1,4,4,4,5,4,4,4,3.54,0,0,FALSE
Female,Loyal Customer,39,Business Travel,Eco Plus,845,2,4,2,2,2,2,2,2,4,3,3,1,2,2.38,9,0,FALSE
Female,Loyal Customer,50,Personal Travel,Eco,325,5,2,5,3,3,2,3,5,5,5,5,1,3,3.62,0,0,TRUE
Female,Loyal Customer,53,Personal Travel,Eco,936,1,4,1,3,3,4,4,2,2,1,2,2,4,2.54,0,0,FALSE
Male,Loyal Customer,52,Business Travel,Business,2320,5,5,4,5,5,4,5,4,4,4,4,3,4,4.31,36,18,TRUE
Female,Loyal Customer,60,Business Travel,Eco,944,1,1,1,1,3,3,4,1,1,1,1,1,2,1.62,32,105,FALSE
Female,Disloyal Customer,26,Business Travel,Business,666,4,4,3,3,3,3,2,3,5,4,4,5,3,3.54,0,0,FALSE
Female,Disloyal Customer,41,Business Travel,Eco,1846,1,1,1,3,1,1,1,1,2,3,3,2,1,1.62,15,20,FALSE
Female,Loyal Customer,17,Personal Travel,Eco,957,1,1,1,4,1,1,1,1,2,3,3,1,1,1.62,115,131,FALSE
Male,Loyal Customer,34,Business Travel,Business,2723,2,1,2,2,3,5,4,4,4,4,4,4,3,3.23,0,2,TRUE
Female,Loyal Customer,56,Personal Travel,Business,1399,1,2,1,3,2,4,4,1,1,1,5,4,1,2.31,0,0,FALSE
Male,Loyal Customer,48,Personal Travel,Eco,862,4,5,4,3,4,4,4,4,4,2,5,3,4,3.85,0,0,FALSE
Male,Loyal Customer,66,Business Travel,Business,3592,2,2,2,2,5,3,4,2,2,2,2,1,2,2.38,0,3,FALSE
Male,Disloyal Customer,25,Business Travel,Eco,728,2,2,2,3,5,2,5,5,4,3,4,5,5,3.62,2,5,FALSE
Female,Disloyal Customer,23,Business Travel,Eco,391,4,5,4,4,3,4,3,3,5,5,2,4,3,3.77,0,0,TRUE
Female,Loyal Customer,23,Personal Travel,Eco,429,4,1,4,3,2,4,2,2,4,1,2,4,2,2.69,4,2,TRUE
Female,Loyal Customer,45,Business Travel,Business,3322,1,1,5,1,5,5,4,5,5,5,5,4,4,3.85,0,3,TRUE
Male,Loyal Customer,28,Business Travel,Eco Plus,764,1,4,4,4,1,1,1,1,1,4,4,4,1,2.38,0,36,FALSE
Female,Disloyal Customer,22,Business Travel,Eco,404,2,4,2,5,2,2,2,2,5,5,5,5,2,3.31,23,22,FALSE
Male,Loyal Customer,46,Personal Travel,Eco,1598,4,5,4,4,2,4,2,2,3,2,4,5,2,3.31,0,0,TRUE
Female,Loyal Customer,39,Business Travel,Business,2168,3,3,3,3,4,3,3,4,4,4,4,2,1,3.15,0,22,TRUE
Male,Loyal Customer,57,Business Travel,Business,3007,1,3,3,3,4,3,2,1,1,2,1,2,3,2.23,0,0,FALSE
Female,Loyal Customer,24,Personal Travel,Eco,859,2,4,2,3,4,2,4,4,5,2,3,4,4,3.31,0,0,FALSE
Female,Loyal Customer,41,Business Travel,Eco,404,2,4,4,4,2,2,2,2,2,1,2,1,2,2.31,0,0,FALSE
Female,Loyal Customer,44,Personal Travel,Eco Plus,170,3,5,0,4,2,5,4,2,2,0,2,4,4,2.85,0,0,FALSE
Male,Disloyal Customer,12,Business Travel,Eco,843,2,3,3,3,3,3,3,3,1,5,5,1,3,2.92,0,2,FALSE
Female,Loyal Customer,55,Business Travel,Business,3496,5,5,3,5,5,4,4,4,4,4,4,3,5,4.23,5,0,TRUE
Female,Loyal Customer,51,Personal Travel,Eco,200,3,4,3,2,4,4,5,1,1,3,1,5,3,3,0,0,FALSE
Female,Loyal Customer,20,Personal Travel,Eco,337,3,5,3,4,5,3,5,5,4,2,5,2,5,3.92,0,0,FALSE
Male,Loyal Customer,13,Business Travel,Business,972,1,1,1,1,5,4,5,5,3,5,3,2,5,3.15,0,0,TRUE
Male,Disloyal Customer,29,Business Travel,Eco,983,2,1,1,4,4,1,4,4,1,4,3,2,4,2.69,12,2,FALSE
Male,Loyal Customer,46,Personal Travel,Eco,237,0,4,0,5,1,0,1,1,5,5,5,5,1,2.54,0,0,TRUE
Female,Loyal Customer,39,Business Travel,Business,204,2,2,2,2,5,4,2,4,4,4,5,1,5,3.23,0,0,TRUE
Male,Loyal Customer,43,Personal Travel,Eco,278,4,5,4,2,3,4,3,3,4,4,4,4,3,3.62,0,,FALSE
Male,Loyal Customer,61,Personal Travel,Eco,984,4,4,4,1,4,4,5,4,5,3,4,4,4,3.85,7,0,FALSE
Male,Loyal Customer,33,Business Travel,Business,2825,4,4,4,4,5,4,4,1,2,3,2,4,4,3.46,220,238,TRUE
Female,Loyal Customer,56,Business Travel,Business,3423,3,3,3,3,3,5,5,5,5,5,5,5,4,4.15,0,0,TRUE
Female,Loyal Customer,39,Business Travel,Business,175,1,1,5,1,4,1,3,5,5,5,5,4,3,3.31,0,0,TRUE
Female,Loyal Customer,16,Business Travel,Business,337,2,3,3,3,2,2,2,4,3,3,3,2,2,2.62,148,150,FALSE
Male,Loyal Customer,28,Business Travel,Business,2488,1,1,1,1,3,4,3,3,5,3,5,4,3,2.85,36,37,TRUE
Female,Loyal Customer,48,Business Travel,Eco,248,4,2,2,2,5,1,2,4,4,4,4,4,4,3.23,17,14,FALSE
Male,Loyal Customer,54,Business Travel,Business,314,4,4,4,4,3,4,4,5,5,5,5,5,3,4.23,0,5,TRUE
Female,Loyal Customer,39,Business Travel,Eco Plus,266,3,5,5,5,3,2,3,3,5,1,5,1,3,3.38,0,27,TRUE
Male,Disloyal Customer,23,Business Travel,Business,1344,4,0,5,2,5,4,4,5,3,4,5,4,4,3.77,136,116,TRUE
Male,Loyal Customer,29,Business Travel,Business,347,5,5,5,5,4,4,4,4,5,4,4,4,4,4.38,23,20,TRUE
Male,Loyal Customer,72,Business Travel,Eco,1454,2,4,4,4,2,2,2,2,2,1,3,2,2,2.46,9,0,FALSE
Female,Loyal Customer,44,Business Travel,Eco,930,3,5,5,5,5,4,4,3,3,3,3,4,2,3.77,18,32,FALSE
Female,Loyal Customer,29,Business Travel,Business,332,2,5,5,5,2,2,2,2,4,1,4,1,2,2.85,0,0,FALSE
Male,Loyal Customer,54,Business Travel,Business,237,5,5,5,5,2,4,4,4,4,4,4,5,4,4.23,120,108,TRUE
Female,Disloyal Customer,25,Business Travel,Business,247,4,5,5,3,3,5,3,3,5,3,5,5,3,4,0,0,TRUE
Male,Loyal Customer,32,Personal Travel,Eco,266,3,0,3,1,3,3,3,3,4,3,5,5,3,3,0,0,FALSE
Male,Loyal Customer,52,Personal Travel,Eco,1674,3,1,3,3,2,3,5,2,2,4,4,2,2,2.77,70,58,FALSE
Female,Loyal Customer,55,Business Travel,Business,3323,4,4,4,4,3,4,5,4,4,5,4,3,3,3.92,0,0,TRUE
Female,Loyal Customer,42,Personal Travel,Eco Plus,341,1,5,1,5,5,5,4,2,2,1,4,4,4,3.31,0,0,FALSE
Female,Loyal Customer,60,Business Travel,Business,2296,4,4,4,4,5,5,5,5,5,5,5,5,4,4.62,0,0,TRUE
Male,Disloyal Customer,21,Business Travel,Eco,1195,2,1,1,2,1,1,1,1,3,2,5,5,1,2,0,0,FALSE
Female,Loyal Customer,47,Personal Travel,Eco,271,3,1,3,4,4,4,3,5,5,3,3,4,3,3.46,20,0,FALSE
Female,Disloyal Customer,22,Business Travel,Eco,547,5,0,5,1,4,5,4,4,3,4,3,3,4,3.46,0,0,TRUE
Male,Disloyal Customer,24,Business Travel,Eco,1197,2,2,2,4,5,2,5,5,5,5,2,4,5,3.69,0,64,FALSE
Female,Loyal Customer,51,Business Travel,Business,3897,2,2,3,2,5,4,5,5,5,5,5,3,3,3.77,0,0,TRUE
Male,Disloyal Customer,37,Business Travel,Business,1598,4,4,4,2,4,4,4,4,5,4,5,5,4,4.08,77,70,FALSE
Male,Loyal Customer,40,Business Travel,Business,2248,1,5,5,5,1,1,1,4,3,4,3,1,1,2.69,330,320,FALSE
Female,Loyal Customer,51,Business Travel,Business,1724,5,5,5,5,5,5,4,5,5,5,5,4,5,4.85,0,0,TRUE
Female,Loyal Customer,54,Business Travel,Business,134,1,1,1,1,5,5,5,3,3,4,4,5,4,3.23,0,0,TRUE
Female,Disloyal Customer,39,Business Travel,Eco,163,2,5,1,1,2,1,2,2,3,2,5,4,2,2.46,0,0,FALSE
Male,Loyal Customer,43,Business Travel,Business,3386,3,2,2,2,1,3,4,3,3,3,3,3,2,2.62,24,10,FALSE
Female,Loyal Customer,59,Business Travel,Business,3091,1,1,1,1,5,4,5,5,5,5,5,5,4,3.62,0,0,TRUE
Male,Loyal Customer,53,Business Travel,Business,1557,4,4,4,4,4,5,5,4,4,4,4,4,3,4.08,28,18,TRUE
Male,Loyal Customer,25,Business Travel,Eco Plus,1444,4,5,5,5,4,4,1,4,4,4,4,3,4,3.92,0,0,FALSE
Female,Loyal Customer,58,Business Travel,Business,2878,3,4,4,4,2,4,4,3,3,2,3,4,1,3.15,1,0,FALSE
Male,Loyal Customer,50,Business Travel,Business,2091,1,1,3,1,4,4,4,5,5,5,5,3,3,3.38,10,8,TRUE
Female,Disloyal Customer,23,Business Travel,Eco,1069,1,0,0,2,3,0,2,3,4,4,5,4,3,2.38,0,9,FALSE
Female,Loyal Customer,36,Personal Travel,Eco,1598,3,5,3,4,2,3,2,2,5,5,4,5,2,3.46,27,6,FALSE
Female,Loyal Customer,48,Business Travel,Business,834,3,3,3,3,3,1,5,5,5,5,5,4,3,3.69,0,0,TRUE
Male,Disloyal Customer,22,Business Travel,Business,399,4,0,4,4,3,4,3,3,4,4,5,3,3,3.38,0,0,TRUE
Male,Loyal Customer,40,Business Travel,Business,588,4,4,4,4,3,5,5,4,4,4,4,4,3,4,0,0,TRUE
Female,Loyal Customer,45,Business Travel,Eco,198,4,1,1,1,3,4,2,4,4,4,4,5,2,3,0,0,TRUE
Male,Loyal Customer,58,Business Travel,Business,2359,0,0,0,3,4,5,5,5,5,5,5,5,4,3.54,0,0,TRUE
Male,Loyal Customer,38,Personal Travel,Eco,577,2,5,2,3,4,2,4,4,5,3,5,3,4,3.54,10,0,FALSE
Male,Disloyal Customer,28,Business Travel,Eco,883,3,3,3,4,1,3,1,1,4,1,3,3,1,2.38,0,0,FALSE
Female,Disloyal Customer,26,Business Travel,Eco,181,1,0,1,3,4,1,4,4,5,5,2,3,4,2.85,4,0,FALSE
Female,Loyal Customer,16,Business Travel,Eco,548,4,1,1,1,4,4,4,4,3,2,5,5,4,3.23,0,0,TRUE
Male,Loyal Customer,22,Business Travel,Business,3959,2,4,4,4,2,2,2,2,2,3,4,4,2,2.85,15,11,FALSE
Male,Loyal Customer,21,Business Travel,Business,2677,2,5,2,2,4,4,4,4,5,2,3,5,4,3.54,0,0,TRUE
Male,Loyal Customer,44,Personal Travel,Eco,1990,1,4,1,2,5,1,5,5,2,1,5,3,5,3.08,0,0,FALSE
Female,Loyal Customer,45,Business Travel,Eco,190,5,5,5,5,2,4,5,5,5,5,5,5,1,4.38,42,91,TRUE
Male,Loyal Customer,54,Business Travel,Eco Plus,639,2,3,3,3,2,2,2,2,3,2,5,1,2,2.46,0,0,TRUE
Female,Disloyal Customer,38,Business Travel,Eco,447,3,2,3,3,3,3,2,3,2,3,4,3,3,2.85,0,0,FALSE
Female,Loyal Customer,34,Business Travel,Business,773,3,3,3,3,2,5,5,5,5,5,5,4,4,4,65,47,TRUE
Male,Loyal Customer,57,Business Travel,Business,862,3,2,2,2,4,3,3,3,3,3,3,3,4,2.92,3,8,FALSE
Male,Loyal Customer,55,Business Travel,Business,2806,3,3,4,3,3,4,3,3,3,3,3,2,2,3,2,0,FALSE
Female,Loyal Customer,47,Business Travel,Eco Plus,965,4,5,5,5,3,5,2,4,4,4,4,5,2,4,41,32,TRUE
Female,Loyal Customer,39,Business Travel,Business,1690,2,2,4,2,5,4,4,5,5,5,5,4,5,4,0,0,TRUE
Female,Loyal Customer,13,Personal Travel,Eco,296,3,4,3,3,5,3,5,5,2,1,4,4,5,3.62,53,58,FALSE
Female,Loyal Customer,38,Business Travel,Business,3741,1,2,2,2,3,1,2,1,1,1,1,1,2,1.54,30,9,FALSE
Female,Loyal Customer,57,Business Travel,Business,1171,2,1,1,1,1,2,2,2,2,1,2,4,3,1.85,45,52,FALSE
Male,Loyal Customer,25,Personal Travel,Eco,1865,3,4,3,4,3,3,3,3,4,1,3,4,3,3.15,27,0,FALSE
Male,Loyal Customer,70,Personal Travel,Eco,1797,1,5,1,4,4,1,4,4,5,4,4,3,4,3.38,0,7,FALSE
Male,Loyal Customer,29,Personal Travel,Eco,1773,2,4,2,5,1,2,1,1,2,4,4,1,1,2.31,0,0,FALSE
Female,Loyal Customer,65,Personal Travel,Eco,687,1,4,1,3,2,5,5,1,1,1,1,3,4,2.46,0,0,FALSE
Female,Loyal Customer,26,Business Travel,Business,936,3,3,3,3,4,4,4,4,3,4,4,5,4,3.69,3,0,TRUE
Male,Disloyal Customer,24,Business Travel,Eco,239,3,5,3,3,3,3,5,3,3,2,5,4,3,3.46,2,0,FALSE
Female,Loyal Customer,38,Business Travel,Business,3345,5,5,5,5,3,5,4,4,4,4,4,5,3,4.31,3,19,TRUE
Female,Loyal Customer,28,Business Travel,Eco,912,2,3,3,3,2,2,2,2,4,4,3,4,2,2.77,0,0,FALSE
Male,Loyal Customer,33,Business Travel,Business,1902,3,3,3,3,4,4,4,4,2,1,5,5,4,3.46,0,0,TRUE
Female,Loyal Customer,48,Business Travel,Business,2265,1,1,1,1,4,4,4,5,5,5,5,4,5,3.46,0,0,TRUE
Male,Loyal Customer,42,Personal Travel,Eco,328,4,0,4,4,4,4,1,4,3,2,3,4,4,3.15,4,36,FALSE
Female,Loyal Customer,49,Personal Travel,Eco,1042,2,5,2,3,2,4,5,3,3,2,2,4,4,3.15,58,43,FALSE
Male,Loyal Customer,32,Business Travel,Business,2153,4,1,1,1,4,4,4,4,4,4,3,3,4,3.15,25,17,FALSE
Male,Loyal Customer,42,Business Travel,Business,1667,1,1,1,1,3,5,4,4,4,4,4,5,3,3.08,51,28,TRUE
Female,Loyal Customer,43,Business Travel,Business,3598,4,2,2,2,5,4,4,4,4,4,4,2,4,3.46,30,18,FALSE
Female,Loyal Customer,33,Business Travel,Eco Plus,308,0,0,0,1,3,0,3,3,3,2,5,1,3,1.85,13,13,TRUE
Male,Disloyal Customer,22,Business Travel,Eco,834,2,2,2,3,3,2,3,3,3,5,4,4,3,3,22,6,FALSE
Male,Disloyal Customer,25,Business Travel,Eco,2583,2,2,2,4,2,2,2,4,3,4,3,2,2,2.62,50,43,FALSE
Male,Loyal Customer,47,Business Travel,Business,435,3,1,3,1,2,3,3,3,3,3,3,3,1,2.46,0,0,FALSE
Female,Disloyal Customer,9,Business Travel,Eco,1046,3,3,3,4,1,3,1,1,3,1,3,2,1,2.23,35,9,FALSE
Female,Disloyal Customer,28,Business Travel,Business,500,3,3,3,4,2,3,2,2,4,2,4,3,2,2.85,37,30,FALSE
Male,Disloyal Customer,23,Business Travel,Eco,436,0,4,0,1,4,4,4,4,5,5,5,5,4,3.46,0,0,TRUE
Male,Loyal Customer,62,Personal Travel,Eco,489,3,2,3,4,5,3,2,5,4,5,4,1,5,3.54,0,28,FALSE
Male,Disloyal Customer,33,Business Travel,Eco,96,3,3,2,4,5,2,2,5,1,2,4,2,5,3.08,0,0,FALSE
Female,Loyal Customer,34,Personal Travel,Eco,169,3,5,3,4,1,3,1,1,4,5,5,5,1,3.15,16,40,FALSE
Female,Disloyal Customer,20,Business Travel,Eco,1028,2,2,2,3,5,2,5,5,3,3,4,3,5,3.38,39,32,FALSE
Male,Loyal Customer,55,Personal Travel,Eco,129,2,0,2,2,5,2,5,5,4,5,5,5,5,3.62,0,0,FALSE
Male,Loyal Customer,9,Business Travel,Eco Plus,680,4,2,1,2,4,4,5,4,1,1,3,2,4,2.85,0,0,TRUE
Male,Loyal Customer,28,Personal Travel,Eco,239,2,5,2,3,5,2,5,5,5,3,4,4,5,3.85,31,27,FALSE
Female,Loyal Customer,33,Business Travel,Business,214,5,5,5,5,4,4,5,5,5,5,5,3,4,4.62,1,0,TRUE
Female,Loyal Customer,21,Personal Travel,Eco,770,3,4,3,4,4,3,4,4,5,5,5,3,4,3.92,0,3,FALSE
Female,Loyal Customer,49,Business Travel,Business,587,2,2,2,2,3,5,4,4,4,5,4,5,5,3.62,81,99,TRUE
Male,Loyal Customer,34,Personal Travel,Eco,1124,2,4,2,1,4,2,4,4,4,2,3,5,4,3.15,23,17,FALSE
Male,Loyal Customer,36,Personal Travel,Eco,391,2,4,3,2,1,3,1,1,5,5,4,4,1,2.77,34,18,FALSE
Female,Loyal Customer,41,Business Travel,Business,1951,5,2,5,5,2,5,5,4,4,4,4,4,4,4.08,0,0,TRUE
Male,Loyal Customer,27,Personal Travel,Eco,414,4,3,4,1,5,4,1,5,3,2,3,5,5,3.46,0,12,FALSE
Male,Loyal Customer,43,Business Travel,Eco,255,1,1,1,1,2,1,2,2,4,5,2,3,2,2.08,12,7,FALSE
Female,Loyal Customer,12,Personal Travel,Eco,1979,1,2,1,4,4,1,4,4,2,1,4,3,4,2.69,4,0,FALSE
Female,Disloyal Customer,23,Business Travel,Eco,224,4,0,4,3,1,4,1,1,3,5,5,5,1,2.85,0,0,FALSE
Male,Loyal Customer,22,Business Travel,Business,937,2,2,2,2,5,5,5,5,3,4,4,3,5,3.62,17,21,TRUE
Male,Disloyal Customer,26,Business Travel,Eco,650,2,3,2,3,5,2,5,5,2,4,4,1,5,3.31,0,0,FALSE
Male,Loyal Customer,45,Business Travel,Business,1883,2,2,2,2,2,4,5,4,4,4,4,3,5,3.31,66,58,TRUE
Male,Loyal Customer,55,Business Travel,Business,1972,1,1,5,1,2,3,4,1,1,2,1,5,4,2.38,0,0,TRUE
Male,Loyal Customer,30,Personal Travel,Eco,223,3,1,0,3,2,0,2,2,2,4,4,4,2,2.23,20,14,FALSE
Female,Loyal Customer,47,Business Travel,Business,987,1,1,1,1,3,3,4,1,1,1,1,4,4,2,0,8,FALSE
Male,Disloyal Customer,39,Business Travel,Business,258,4,4,4,3,3,4,2,3,3,3,5,3,3,3.38,14,2,FALSE
Female,Loyal Customer,48,Business Travel,Business,2661,5,5,5,5,2,5,4,5,5,5,5,4,3,4.46,5,19,TRUE
Female,Loyal Customer,58,Business Travel,Eco,861,2,3,3,3,1,3,2,2,2,2,2,1,1,2.08,4,25,FALSE
Male,Loyal Customer,66,Personal Travel,Eco Plus,452,5,1,5,2,3,5,3,3,1,2,2,3,3,2.92,0,0,TRUE
Male,Loyal Customer,36,Personal Travel,Eco,882,3,5,3,4,2,3,1,2,4,3,5,3,2,3.08,14,0,FALSE
Female,Loyal Customer,33,Personal Travel,Eco,542,3,4,3,4,1,3,1,1,2,1,1,4,1,2.23,12,7,FALSE
Male,Loyal Customer,60,Business Travel,Business,3431,5,5,2,5,3,5,5,4,4,4,4,5,4,4.23,66,98,TRUE
Male,Loyal Customer,7,Personal Travel,Eco,964,4,1,4,2,5,4,5,5,1,1,3,2,5,3.23,11,3,FALSE
Female,Loyal Customer,45,Business Travel,Business,489,2,2,2,2,2,5,4,5,5,4,5,5,4,3.62,0,0,TRUE
Female,Disloyal Customer,33,Business Travel,Business,731,2,2,2,3,5,2,5,5,5,5,5,4,5,3.85,0,0,FALSE
Male,Loyal Customer,56,Business Travel,Business,142,5,5,2,5,4,2,2,4,4,4,5,1,1,3.38,0,0,TRUE
Female,Loyal Customer,39,Business Travel,Business,2521,5,5,5,5,4,4,4,4,3,5,4,4,4,4.31,14,21,TRUE
Female,Loyal Customer,51,Business Travel,Eco,666,2,5,5,5,5,3,3,2,2,2,2,1,3,3.08,0,0,FALSE
Female,Loyal Customer,33,Business Travel,Business,3567,4,5,5,5,5,3,2,4,4,4,4,3,3,3.92,0,0,FALSE
Male,Loyal Customer,44,Business Travel,Business,3294,2,2,2,2,3,4,4,4,4,4,4,5,4,3.38,0,0,TRUE
Male,Loyal Customer,17,Business Travel,Business,554,3,2,2,2,3,3,3,3,3,5,3,2,3,2.85,0,7,FALSE
Female,Loyal Customer,33,Business Travel,Business,3493,3,4,4,4,3,3,4,3,3,3,3,3,3,3.31,2,0,FALSE
Female,Disloyal Customer,28,Business Travel,Business,413,3,3,3,5,5,3,5,5,5,4,5,4,5,4.23,5,0,FALSE
Female,Disloyal Customer,22,Business Travel,Eco,150,0,0,0,1,4,0,4,4,5,4,4,2,4,2.46,0,0,TRUE
Male,Loyal Customer,36,Business Travel,Eco Plus,271,3,5,5,5,3,3,3,3,1,4,3,3,3,3.38,8,12,FALSE
Female,Loyal Customer,34,Business Travel,Business,237,5,5,5,5,3,5,5,4,4,4,4,5,3,4.38,71,,TRUE
Female,Loyal Customer,13,Personal Travel,Eco,399,2,4,2,1,4,2,4,4,3,4,4,3,4,3.15,0,0,FALSE
Male,Loyal Customer,15,Personal Travel,Eco,722,3,2,3,4,5,3,5,5,2,1,4,4,5,3.54,51,79,FALSE
Female,Loyal Customer,46,Business Travel,Business,2072,4,4,4,4,3,1,4,5,5,5,5,4,4,4,0,0,TRUE
Female,Loyal Customer,44,Business Travel,Business,100,0,4,0,2,4,4,4,3,2,5,4,4,4,3.08,230,214,TRUE
Female,Loyal Customer,60,Business Travel,Business,1616,3,3,3,3,5,5,4,2,2,2,2,3,5,3.23,43,23,TRUE
Male,Loyal Customer,55,Business Travel,Business,3384,3,3,3,3,4,3,3,3,3,3,3,3,4,3.15,0,0,FALSE
Female,Loyal Customer,53,Business Travel,Business,199,2,2,2,2,3,4,4,4,4,4,4,4,5,3.38,4,39,TRUE
Female,Loyal Customer,30,Business Travel,Eco,200,4,5,5,5,4,4,4,4,3,3,4,4,4,4.08,0,0,FALSE
Female,Loyal Customer,30,Personal Travel,Eco,1524,3,2,3,2,4,3,4,4,1,1,2,4,4,2.85,0,0,FALSE
Male,Loyal Customer,52,Personal Travel,Eco,229,2,5,0,2,2,0,4,2,3,4,5,4,2,2.69,66,72,FALSE
Female,Loyal Customer,13,Personal Travel,Eco,448,2,3,2,4,3,2,2,3,2,2,2,4,3,2.62,0,0,FALSE
Male,Loyal Customer,39,Business Travel,Business,402,4,4,4,4,3,4,5,3,3,4,3,3,5,3.77,0,0,TRUE
Female,Loyal Customer,7,Personal Travel,Business,166,4,4,4,4,5,4,1,5,4,4,5,4,5,4.08,0,0,FALSE
Male,Loyal Customer,17,Business Travel,Business,719,3,4,3,3,4,4,4,4,3,3,3,4,4,3.54,0,0,TRUE
Female,Disloyal Customer,26,Business Travel,Eco,989,2,2,2,3,5,2,5,5,5,4,1,1,5,3.23,0,0,FALSE
Male,Loyal Customer,66,Business Travel,Eco,925,1,3,3,3,1,1,1,1,1,1,3,3,1,1.77,0,0,FALSE
Female,Loyal Customer,44,Business Travel,Eco,835,4,3,3,3,3,4,3,4,4,4,4,3,4,3.54,92,104,FALSE
Male,Loyal Customer,37,Business Travel,Business,370,3,3,3,3,3,3,3,3,3,3,3,3,3,3,34,32,FALSE
Male,Loyal Customer,69,Personal Travel,Eco,414,3,5,3,1,3,3,3,3,2,4,5,2,3,3.08,0,0,FALSE
Female,Loyal Customer,59,Business Travel,Business,3043,2,2,2,2,2,5,5,5,5,5,5,4,3,3.62,22,13,TRUE
Female,Disloyal Customer,37,Business Travel,Eco,911,2,2,2,3,1,2,1,1,4,2,1,1,1,1.77,0,0,FALSE
Female,Loyal Customer,46,Business Travel,Business,883,5,2,2,2,1,3,4,5,5,4,5,3,2,3.31,0,0,FALSE
Female,Loyal Customer,28,Business Travel,Eco Plus,1036,4,4,4,4,4,4,4,4,4,5,4,3,4,4,0,0,FALSE
Male,Loyal Customer,69,Personal Travel,Eco,135,3,0,3,3,3,3,3,3,3,4,4,3,3,2.92,0,0,FALSE
Male,Loyal Customer,69,Personal Travel,Eco,95,5,5,5,5,2,5,2,2,3,3,1,4,2,3.38,0,0,TRUE
Male,Loyal Customer,52,Business Travel,Business,3131,1,2,2,2,3,3,3,1,1,1,1,2,1,1.77,0,0,FALSE
Female,Loyal Customer,19,Personal Travel,Eco,447,2,4,2,4,4,2,4,4,5,5,4,5,4,3.77,34,43,FALSE
Male,Loyal Customer,31,Business Travel,Business,2730,3,3,4,3,5,5,5,5,2,4,1,2,5,3.62,5,0,TRUE
Female,Loyal Customer,54,Personal Travel,Eco,1299,3,4,3,4,4,4,5,4,4,3,4,5,3,3.85,30,35,FALSE
Male,Loyal Customer,49,Personal Travel,Eco,2588,3,3,4,4,2,4,4,2,1,3,2,1,2,2.69,0,0,FALSE
Male,Loyal Customer,46,Business Travel,Eco,837,5,4,4,4,5,5,5,5,5,1,5,1,5,4.15,0,0,TRUE
Male,Loyal Customer,41,Business Travel,Eco Plus,447,2,5,5,5,2,2,2,2,2,3,1,4,2,2.85,62,46,TRUE
Male,Loyal Customer,41,Business Travel,Business,3961,3,3,5,3,3,5,4,5,5,5,5,3,4,4.08,17,4,TRUE
Female,Loyal Customer,48,Business Travel,Business,3872,1,1,4,1,2,5,4,5,5,5,4,4,3,3.38,0,0,TRUE
Male,Disloyal Customer,8,Business Travel,Eco,516,2,2,2,4,5,2,5,5,4,1,3,2,5,3.23,34,25,FALSE
Female,Loyal Customer,56,Personal Travel,Eco,213,3,0,0,3,4,4,5,5,5,0,5,3,5,3.23,20,8,FALSE
Female,Loyal Customer,42,Business Travel,Business,693,2,1,1,1,2,2,2,2,5,3,3,2,2,2.15,815,822,FALSE
Female,Loyal Customer,59,Personal Travel,Eco,762,3,5,3,1,2,4,4,4,4,3,4,3,5,3.46,0,2,FALSE
Female,Loyal Customer,63,Personal Travel,Eco,1438,1,4,1,5,4,5,4,2,2,1,2,3,5,3,0,0,FALSE
Male,Disloyal Customer,39,Business Travel,Business,1107,2,2,2,3,2,2,2,2,1,3,2,4,2,2.23,0,0,FALSE
Female,Loyal Customer,39,Business Travel,Business,1742,2,2,2,2,5,5,5,5,5,5,5,5,3,3.92,0,0,TRUE
Female,Loyal Customer,50,Business Travel,Business,247,2,2,2,2,4,5,4,5,5,5,5,4,5,3.85,0,0,TRUE
Female,Loyal Customer,46,Business Travel,Business,2710,2,2,3,2,3,5,4,5,5,5,5,3,3,3.62,0,0,TRUE
Female,Disloyal Customer,23,Business Travel,Eco,899,2,2,2,4,5,2,5,5,2,3,3,4,5,3.38,0,37,FALSE
Female,Loyal Customer,58,Business Travel,Business,1738,2,2,2,2,2,5,4,4,4,5,4,3,4,3.31,0,9,TRUE
Female,Loyal Customer,50,Business Travel,Business,2248,5,5,5,5,3,4,4,4,4,4,4,4,3,4.15,0,0,TRUE
Female,Loyal Customer,49,Personal Travel,Eco,224,2,5,0,1,4,4,5,3,3,0,3,5,3,2.92,0,0,FALSE
Female,Disloyal Customer,37,Business Travel,Eco,228,2,0,2,2,4,2,4,4,2,2,1,1,4,2.31,31,55,FALSE
Male,Loyal Customer,14,Personal Travel,Eco,346,2,4,2,2,3,2,3,3,5,5,4,4,3,3.23,12,22,FALSE
Male,Loyal Customer,17,Personal Travel,Eco,349,3,4,2,3,4,2,4,4,5,5,4,5,4,3.77,0,0,FALSE
Female,Loyal Customer,41,Business Travel,Business,435,2,1,1,1,1,4,4,2,2,2,2,4,4,2.31,36,26,FALSE
Female,Disloyal Customer,27,Business Travel,Eco,436,4,2,4,2,4,4,4,4,3,2,2,4,4,3.31,5,0,FALSE
Male,Loyal Customer,34,Business Travel,Eco,102,3,1,1,1,3,3,3,3,2,2,3,3,3,2.38,0,0,FALSE
Male,Loyal Customer,46,Personal Travel,Eco,2342,2,3,2,2,1,2,1,1,4,4,5,4,1,2.46,0,2,FALSE
Female,Loyal Customer,42,Personal Travel,Eco,1136,2,5,2,4,3,3,5,4,4,2,4,4,5,3.62,0,0,FALSE
Female,Loyal Customer,34,Business Travel,Eco Plus,985,4,1,1,1,4,4,4,4,1,2,3,4,4,2.85,0,0,TRUE
Female,Disloyal Customer,22,Business Travel,Eco,2172,4,4,4,1,4,4,4,4,2,3,4,4,4,3.54,1,0,TRUE
Female,Loyal Customer,52,Personal Travel,Eco,931,1,5,0,4,3,5,4,1,1,0,3,4,4,2.69,3,0,FALSE
Female,Loyal Customer,30,Business Travel,Business,2670,2,2,2,2,4,4,4,4,4,2,4,5,4,3.31,0,0,TRUE
Female,Loyal Customer,47,Business Travel,Business,157,1,1,1,1,5,5,5,5,5,5,4,5,5,3.69,0,0,TRUE
Female,Loyal Customer,47,Personal Travel,Eco,978,3,4,3,1,2,4,5,2,2,3,4,4,4,3.15,0,0,FALSE
Female,Loyal Customer,68,Personal Travel,Eco,641,1,4,1,3,3,5,4,5,5,1,5,3,3,3.31,11,12,FALSE
Male,Loyal Customer,17,Personal Travel,Eco,345,1,1,1,4,3,1,3,3,3,1,4,2,3,2.31,0,0,FALSE
Male,Disloyal Customer,37,Business Travel,Business,707,1,0,0,2,1,0,1,1,4,3,4,5,1,1.77,6,5,FALSE
Female,Disloyal Customer,31,Business Travel,Eco,1598,4,4,4,3,5,4,5,5,4,5,3,3,5,4.15,8,0,FALSE
Male,Loyal Customer,44,Business Travel,Business,1841,5,5,5,5,4,4,5,4,4,4,4,5,4,4.46,0,0,TRUE
Male,Loyal Customer,58,Business Travel,Eco,533,5,5,5,5,5,5,5,5,1,2,5,1,5,4.15,0,0,TRUE
Female,Disloyal Customer,48,Business Travel,Business,200,4,3,3,3,2,4,2,2,4,4,5,4,2,3.23,3,0,FALSE
Female,Loyal Customer,8,Personal Travel,Eco,101,2,4,2,2,1,2,1,1,3,1,2,3,1,1.92,0,0,FALSE
Female,Loyal Customer,24,Business Travel,Eco,1075,4,3,3,3,4,4,4,4,3,4,2,5,4,3.62,5,2,TRUE
Male,Loyal Customer,44,Business Travel,Business,3179,3,4,3,3,2,5,5,5,5,5,5,4,5,4.15,33,24,TRUE
Male,Loyal Customer,41,Business Travel,Business,2035,3,3,3,3,5,5,4,5,5,5,5,5,5,4.31,17,8,TRUE
Male,Disloyal Customer,25,Business Travel,Eco,835,2,2,2,4,2,2,2,2,4,1,4,1,2,2.31,0,0,FALSE
Female,Loyal Customer,58,Business Travel,Eco,209,3,3,3,3,5,4,3,3,3,3,3,1,2,3,0,0,FALSE
Female,Disloyal Customer,28,Business Travel,Eco Plus,925,3,3,3,3,3,3,3,3,3,5,1,1,3,2.85,66,69,FALSE
Female,Loyal Customer,40,Business Travel,Business,3986,5,5,5,5,3,4,4,5,5,5,5,3,5,4.54,0,0,TRUE
Female,Loyal Customer,26,Business Travel,Eco,1185,1,1,1,1,1,1,2,1,4,3,3,3,1,1.77,10,9,FALSE
Female,Loyal Customer,42,Business Travel,Business,2742,3,3,3,3,2,5,4,4,4,4,4,5,3,3.62,6,0,TRUE
Female,Disloyal Customer,26,Business Travel,Business,387,2,2,2,3,4,2,4,4,4,3,3,1,4,2.92,6,17,FALSE
Female,Loyal Customer,17,Business Travel,Business,2218,4,1,1,1,4,4,4,1,1,1,1,4,4,2.38,222,205,FALSE
Male,Loyal Customer,20,Personal Travel,Eco,101,4,5,4,2,2,4,2,2,3,2,4,4,2,3.08,0,0,TRUE
Female,Loyal Customer,48,Personal Travel,Eco,231,4,3,4,3,5,5,4,1,1,4,1,4,3,3.23,0,0,FALSE
Female,Loyal Customer,52,Business Travel,Business,3489,3,3,3,3,4,5,3,4,4,4,3,2,3,3.38,0,10,TRUE
Female,Loyal Customer,57,Business Travel,Business,1464,1,1,2,1,5,4,4,4,4,5,4,3,3,3.15,71,94,TRUE
Female,Loyal Customer,49,Business Travel,Eco,116,4,2,2,2,5,2,4,4,4,4,4,4,2,3.31,0,0,TRUE
Female,Loyal Customer,64,Personal Travel,Eco,102,2,4,2,3,5,4,5,1,1,2,1,4,4,2.92,0,0,FALSE
Female,Loyal Customer,56,Business Travel,Eco,101,5,2,4,2,5,2,1,5,5,5,5,5,1,3.62,0,0,TRUE
Male,Loyal Customer,60,Business Travel,Business,432,3,5,3,3,5,3,1,5,5,4,5,2,5,3.77,0,0,TRUE
Male,Loyal Customer,53,Business Travel,Business,853,4,4,4,4,4,5,4,5,5,5,5,3,3,4.23,0,0,TRUE
Male,Loyal Customer,43,Business Travel,Eco Plus,573,3,1,1,1,3,3,3,3,2,4,3,1,3,2.38,0,1,FALSE
Male,Loyal Customer,7,Personal Travel,Eco,1487,2,4,2,3,4,2,4,4,4,3,4,4,4,3.38,0,0,FALSE
Male,Loyal Customer,59,Personal Travel,Eco,534,3,2,3,1,3,3,3,3,2,4,2,1,3,2.54,0,0,FALSE
Male,Loyal Customer,45,Personal Travel,Eco,1547,3,4,3,3,2,3,2,2,4,2,4,3,2,2.85,0,0,FALSE
Female,Loyal Customer,60,Business Travel,Eco,644,4,5,5,5,3,4,4,4,4,4,4,4,4,4.15,0,0,FALSE
Male,Loyal Customer,56,Personal Travel,Eco Plus,397,1,5,1,2,4,1,4,4,3,5,4,5,4,3.31,3,0,FALSE
Male,Loyal Customer,27,Personal Travel,Eco,337,4,4,4,1,4,5,4,3,5,5,4,4,4,3.92,135,135,FALSE
Male,Disloyal Customer,23,Business Travel,Eco,810,3,3,3,3,2,3,2,2,1,4,2,4,2,2.62,0,10,FALSE
Male,Disloyal Customer,49,Personal Travel,Eco,491,5,4,5,2,3,5,3,3,1,4,3,3,3,3.38,0,,TRUE
Male,Loyal Customer,53,Business Travel,Business,756,3,3,3,3,4,4,5,4,4,4,4,5,3,3.77,18,4,TRUE
Female,Disloyal Customer,27,Business Travel,Eco,550,3,0,3,5,1,3,1,1,3,4,1,2,1,2.15,0,0,FALSE
Male,Loyal Customer,34,Business Travel,Eco,129,3,4,4,4,3,4,3,3,3,2,4,5,3,3.46,0,0,TRUE
Male,Disloyal Customer,25,Business Travel,Eco,762,3,3,3,1,5,3,5,5,3,3,5,2,5,3.54,42,25,FALSE
Male,Loyal Customer,41,Personal Travel,Eco,341,3,5,3,5,3,3,5,3,4,5,4,5,3,3.92,0,0,FALSE
Male,Disloyal Customer,22,Business Travel,Eco,607,2,4,2,1,4,2,5,4,1,5,5,1,4,3.08,106,97,FALSE
Male,Loyal Customer,33,Personal Travel,Eco,666,1,4,1,5,3,1,3,3,4,5,3,1,3,2.85,0,0,FALSE
Female,Loyal Customer,53,Personal Travel,Eco,570,1,2,1,4,4,4,3,5,5,1,5,4,1,3.08,0,0,FALSE
Female,Loyal Customer,13,Personal Travel,Eco,998,2,5,2,3,2,2,2,2,3,5,2,2,2,2.62,0,0,FALSE
Female,Loyal Customer,46,Business Travel,Business,3302,4,4,4,4,3,5,4,4,4,4,4,5,5,4.15,0,0,TRUE
Female,Disloyal Customer,37,Business Travel,Business,351,1,2,2,3,3,2,3,3,4,5,3,3,3,2.85,8,0,FALSE
Female,Disloyal Customer,25,Business Travel,Eco,933,5,5,5,3,3,5,3,3,5,1,4,1,3,3.54,0,0,TRUE
Male,Loyal Customer,24,Personal Travel,Eco,944,3,2,3,2,3,3,5,3,4,1,2,1,3,2.69,7,0,FALSE
Female,Loyal Customer,64,Personal Travel,Eco,460,2,2,2,4,2,3,4,5,5,2,4,1,2,2.92,0,0,FALSE
Male,Loyal Customer,33,Business Travel,Eco,216,5,3,3,3,5,5,5,5,3,1,4,1,5,3.69,40,45,TRUE
Female,Loyal Customer,53,Personal Travel,Eco,438,3,4,3,3,4,4,5,3,3,3,3,3,4,3.46,33,12,FALSE
Male,Loyal Customer,8,Personal Travel,Eco,731,3,2,3,3,4,3,4,4,1,5,4,3,4,3.31,25,52,FALSE
Female,Loyal Customer,53,Business Travel,Business,1667,4,4,4,4,5,3,1,5,5,5,5,5,2,4,0,0,TRUE
Female,Loyal Customer,57,Business Travel,Eco,606,2,2,2,2,1,3,3,2,2,2,2,3,1,2.08,20,16,FALSE
Male,Loyal Customer,45,Business Travel,Business,3315,3,3,3,3,5,4,5,5,5,5,5,4,5,4.23,0,0,TRUE
Female,Loyal Customer,47,Business Travel,Business,422,1,1,2,2,5,4,3,1,1,1,1,4,4,2.31,27,21,FALSE
Male,Loyal Customer,43,Business Travel,Business,2904,5,5,5,5,2,5,5,4,4,4,4,5,3,4.31,12,12,TRUE
Male,Loyal Customer,48,Business Travel,Business,1550,2,2,2,2,3,4,5,3,3,4,3,3,5,3.15,0,0,TRUE
Male,Disloyal Customer,36,Business Travel,Eco,201,2,5,2,4,4,2,4,4,4,4,4,2,4,3.46,0,0,FALSE
Female,Loyal Customer,48,Business Travel,Business,247,2,2,2,2,4,4,5,4,4,4,4,3,5,3.46,0,0,TRUE
Male,Loyal Customer,34,Business Travel,Business,2156,4,4,4,4,4,4,5,4,4,4,4,4,3,4,0,0,TRUE
Male,Loyal Customer,29,Business Travel,Business,3690,5,5,5,5,5,5,5,5,1,2,4,3,5,4.23,23,25,TRUE
Male,Loyal Customer,60,Business Travel,Business,3986,4,4,4,4,4,5,5,5,5,5,5,3,5,4.46,97,96,TRUE
Female,Loyal Customer,46,Business Travel,Business,767,2,2,2,2,2,4,5,2,2,2,2,3,3,2.54,12,11,TRUE
Female,Loyal Customer,35,Business Travel,Business,1840,2,3,2,2,4,4,5,4,4,3,4,3,4,3.38,0,0,TRUE
Female,Loyal Customer,56,Personal Travel,Eco,326,4,1,4,4,2,3,3,4,4,4,4,3,2,3.23,0,5,FALSE
Female,Loyal Customer,57,Business Travel,Business,1947,5,5,5,5,3,5,5,5,5,5,5,4,3,4.62,0,0,TRUE
Female,Loyal Customer,9,Business Travel,Business,1997,1,3,3,3,1,1,1,1,2,1,4,2,1,1.85,2,11,FALSE
Male,Loyal Customer,52,Business Travel,Business,210,1,1,3,1,3,4,4,4,4,4,4,5,3,3.15,0,0,TRUE
Female,Loyal Customer,55,Business Travel,Business,228,1,1,1,1,3,4,2,5,5,5,5,1,1,2.69,0,0,TRUE
Male,Loyal Customer,34,Personal Travel,Eco,1825,2,4,2,3,1,2,1,1,4,5,4,4,1,2.62,0,0,FALSE
Male,Loyal Customer,38,Business Travel,Business,1624,4,4,4,4,3,4,4,5,5,5,5,3,3,4.08,49,30,TRUE
Male,Loyal Customer,30,Personal Travel,Eco Plus,116,3,3,3,2,3,3,3,3,4,4,3,2,3,3,0,0,FALSE
Male,Disloyal Customer,22,Business Travel,Eco,341,5,0,5,3,2,5,2,2,3,3,3,2,2,2.85,23,16,TRUE
Male,Loyal Customer,39,Business Travel,Business,2356,4,4,4,4,3,5,4,4,4,4,4,4,3,3.92,7,2,TRUE
Female,Loyal Customer,39,Business Travel,Eco Plus,2979,2,2,2,2,2,2,2,4,5,4,3,2,2,2.62,0,0,FALSE
Male,Disloyal Customer,35,Business Travel,Business,908,3,3,3,2,3,3,3,3,4,4,5,5,3,3.38,0,0,FALSE
Male,Loyal Customer,28,Personal Travel,Eco,1747,4,3,4,4,2,4,2,2,1,3,2,2,2,2.69,0,0,FALSE
Male,Loyal Customer,52,Personal Travel,Eco,329,5,2,5,4,5,5,5,5,4,2,4,3,5,4.15,0,0,TRUE
Male,Loyal Customer,50,Personal Travel,Eco,413,2,4,2,4,4,2,4,4,3,2,5,3,4,3.31,0,0,FALSE
Male,Loyal Customer,57,Business Travel,Business,372,2,2,5,2,2,5,4,5,5,4,5,5,5,3.92,47,50,TRUE
Male,Loyal Customer,48,Personal Travel,Eco,718,2,4,3,3,2,3,2,2,2,3,4,2,2,2.62,0,0,FALSE
Male,Disloyal Customer,22,Business Travel,Eco,820,2,2,2,4,3,2,3,3,5,5,4,4,3,3.23,13,0,FALSE
Female,Loyal Customer,64,Personal Travel,Eco,228,4,3,4,3,2,2,2,2,2,4,2,4,2,2.77,79,80,FALSE
Male,Loyal Customer,34,Personal Travel,Eco,199,3,2,3,3,3,3,3,3,2,4,4,3,3,3,0,0,FALSE
Female,Disloyal Customer,29,Business Travel,Business,1092,1,1,1,2,4,1,4,4,5,2,5,4,4,2.92,4,0,FALSE
Male,Loyal Customer,51,Business Travel,Business,2152,5,5,5,5,2,5,4,4,4,4,4,4,5,4.31,0,0,TRUE
Male,Loyal Customer,10,Personal Travel,Eco,1488,3,4,2,2,4,2,4,4,3,1,5,2,4,3.08,0,4,FALSE
Male,Loyal Customer,44,Business Travel,Business,1659,1,1,1,1,5,4,4,5,5,5,5,3,5,3.46,0,0,TRUE
Male,Loyal Customer,57,Business Travel,Business,259,0,0,0,1,4,5,4,3,3,3,3,4,3,2.54,10,17,TRUE
Female,Loyal Customer,42,Personal Travel,Eco Plus,2586,3,2,3,4,3,5,4,3,2,2,4,4,4,3.31,40,60,FALSE
Female,Loyal Customer,34,Personal Travel,Business,1041,2,2,2,3,1,3,3,1,1,2,3,3,3,2.23,0,0,FALSE
Female,Disloyal Customer,26,Business Travel,Business,1068,5,5,5,1,3,5,3,3,4,4,5,4,3,3.85,17,22,TRUE
Male,Disloyal Customer,20,Business Travel,Eco,1020,2,2,2,2,5,2,1,5,5,4,4,4,5,3.31,26,21,TRUE
Female,Loyal Customer,50,Personal Travel,Eco,109,1,4,1,3,5,5,5,2,2,1,5,5,3,3.23,0,0,FALSE
Female,Loyal Customer,40,Personal Travel,Eco,2139,5,5,5,5,5,5,5,5,3,5,5,4,5,4.77,45,54,TRUE
Male,Disloyal Customer,25,Business Travel,Business,1089,0,0,0,4,2,0,2,2,5,3,4,3,2,2.08,0,0,TRUE
Female,Loyal Customer,37,Personal Travel,Eco,255,4,5,4,1,3,4,3,3,4,5,5,3,3,3.62,0,0,FALSE
Female,Loyal Customer,72,Business Travel,Business,1437,4,5,4,5,2,4,4,4,4,4,4,1,2,3.62,0,0,FALSE
Female,Loyal Customer,34,Business Travel,Business,910,2,2,2,2,3,5,5,4,4,4,4,4,5,3.54,0,0,TRUE
Female,Loyal Customer,43,Business Travel,Eco,1598,2,2,2,2,3,5,5,2,2,2,2,3,5,2.85,0,0,TRUE
Male,Loyal Customer,35,Business Travel,Eco Plus,950,4,5,5,5,4,4,4,4,5,5,1,3,4,4.08,3,3,TRUE
Male,Loyal Customer,20,Personal Travel,Eco,289,3,3,3,3,4,3,4,4,2,1,4,3,4,3.15,29,19,FALSE
Female,Loyal Customer,58,Personal Travel,Eco,528,3,4,3,1,5,4,4,4,4,3,1,5,3,3.38,0,0,FALSE
Male,Disloyal Customer,26,Business Travel,Business,342,3,5,3,5,4,3,4,4,5,2,4,5,4,3.92,45,47,FALSE
Male,Loyal Customer,36,Business Travel,Business,2567,1,1,1,1,2,5,5,3,3,3,3,5,4,2.85,12,4,TRUE
Male,Disloyal Customer,27,Business Travel,Business,268,0,0,0,2,2,0,2,2,3,4,5,5,2,2.08,0,21,TRUE
Female,Disloyal Customer,25,Business Travel,Eco Plus,1089,1,4,1,4,4,1,4,4,1,4,3,4,4,3,52,36,FALSE
Female,Loyal Customer,44,Personal Travel,Eco,925,3,4,3,2,2,5,5,4,4,3,4,4,4,3.62,16,1,FALSE
Male,Loyal Customer,47,Personal Travel,Eco,2611,3,4,3,3,1,3,1,1,1,5,4,2,1,2.46,1,6,FALSE
Female,Loyal Customer,23,Business Travel,Business,391,4,4,4,4,4,4,4,4,3,2,3,2,4,3.54,27,34,FALSE
Female,Loyal Customer,7,Personal Travel,Eco,402,2,4,2,2,1,2,1,1,4,5,4,3,1,2.46,0,0,FALSE
Male,Loyal Customer,54,Business Travel,Eco,633,4,4,4,4,4,4,4,4,4,2,4,2,4,3.69,3,0,TRUE
Female,Loyal Customer,47,Business Travel,Business,2617,5,5,5,5,4,4,5,4,4,4,4,5,3,4.38,0,1,TRUE
Female,Loyal Customer,28,Business Travel,Business,3917,3,3,3,3,4,4,4,4,4,3,5,5,4,3.77,0,0,TRUE
Female,Loyal Customer,28,Business Travel,Business,773,1,1,1,1,3,4,4,1,5,4,5,4,4,2.92,169,163,TRUE
Female,Loyal Customer,29,Personal Travel,Eco,925,3,5,3,3,5,3,5,5,4,3,4,5,5,4.08,49,49,FALSE
Female,Loyal Customer,39,Business Travel,Business,3517,2,2,2,2,4,5,4,5,5,5,5,5,3,3.77,0,0,TRUE
Female,Loyal Customer,52,Business Travel,Eco Plus,383,2,5,5,5,3,3,3,2,2,2,2,1,4,3,10,3,FALSE
Male,Loyal Customer,49,Business Travel,Business,296,5,5,5,5,3,5,4,5,5,5,5,3,4,4.54,4,0,TRUE
Male,Loyal Customer,8,Personal Travel,Eco,316,2,5,2,5,5,2,5,5,5,5,5,4,5,4.23,0,0,FALSE
Female,Loyal Customer,24,Business Travel,Business,3172,1,1,1,1,5,5,5,5,4,3,4,3,5,3.31,2,0,TRUE
Male,Loyal Customer,45,Personal Travel,Eco,1044,3,5,2,4,2,2,2,2,3,4,4,2,2,2.85,32,18,FALSE
Female,Loyal Customer,53,Business Travel,Business,1512,2,2,2,2,4,2,1,2,2,2,2,4,1,2.15,0,0,FALSE
Male,Disloyal Customer,23,Business Travel,Eco,507,4,5,4,2,3,4,2,3,4,3,4,3,3,3.38,0,0,TRUE
Female,Disloyal Customer,23,Business Travel,Business,483,5,0,5,5,4,5,4,4,5,5,5,3,4,4.15,0,0,TRUE
Female,Loyal Customer,41,Business Travel,Business,1590,3,3,3,3,2,5,5,3,3,3,3,5,4,3.46,0,0,TRUE
Male,Loyal Customer,35,Business Travel,Business,221,1,1,1,1,5,1,2,4,4,4,4,5,1,2.62,0,11,TRUE
Female,Loyal Customer,57,Business Travel,Eco Plus,451,3,2,2,2,4,4,4,3,3,3,3,1,3,2.85,51,50,FALSE
Male,Loyal Customer,36,Business Travel,Eco,337,2,4,4,4,2,2,2,2,1,2,3,4,2,2.62,0,0,FALSE
Female,Loyal Customer,52,Personal Travel,Eco,1844,2,5,2,4,2,1,1,5,4,5,4,1,1,2.85,98,214,FALSE
Female,Loyal Customer,59,Business Travel,Business,3413,1,1,1,1,2,4,4,5,5,5,5,5,3,3.23,0,0,TRUE
Female,Disloyal Customer,66,Personal Travel,Eco,895,2,4,2,2,1,2,2,1,3,2,4,4,1,2.31,32,23,FALSE
Male,Loyal Customer,29,Personal Travel,Eco,630,4,2,4,3,5,4,5,5,3,5,3,3,5,3.92,3,1,FALSE
Female,Loyal Customer,43,Business Travel,Eco,106,4,4,4,4,4,5,2,4,4,4,4,2,5,3.85,0,0,TRUE
Female,Disloyal Customer,28,Business Travel,Business,2442,1,1,1,4,1,4,4,5,4,4,5,4,4,3.23,0,0,FALSE
Male,Disloyal Customer,38,Business Travel,Business,1097,4,4,4,4,1,4,1,1,1,3,1,5,1,2.62,17,20,TRUE
Female,Disloyal Customer,28,Business Travel,Eco,2704,2,2,2,4,2,4,4,2,4,4,3,4,4,3.15,1,5,FALSE
Female,Loyal Customer,62,Business Travel,Eco Plus,369,1,2,2,2,1,1,1,1,3,4,3,1,1,1.77,155,163,FALSE
Female,Loyal Customer,44,Business Travel,Business,1736,3,5,3,3,4,4,5,5,5,5,5,4,4,4.23,12,17,TRUE
Female,Disloyal Customer,40,Business Travel,Business,213,4,4,4,3,5,4,5,5,4,4,3,3,5,4.08,0,2,FALSE
Female,Loyal Customer,50,Personal Travel,Eco,899,2,3,2,3,5,4,3,1,1,2,1,3,2,2.46,0,0,FALSE
Male,Disloyal Customer,27,Business Travel,Business,912,1,1,1,1,3,1,3,3,4,2,5,4,3,2.46,0,0,FALSE
Male,Loyal Customer,58,Business Travel,Business,807,2,4,4,4,3,3,4,2,2,2,2,1,3,2.77,17,3,FALSE
Female,Loyal Customer,46,Business Travel,Business,3149,1,1,1,1,2,5,4,5,5,5,5,4,3,3.23,74,73,TRUE
Male,Disloyal Customer,32,Business Travel,Eco,368,3,4,3,4,2,3,1,2,3,4,4,1,2,2.77,0,0,FALSE
Male,Loyal Customer,22,Personal Travel,Eco,1034,2,4,2,2,5,2,5,5,5,2,5,5,5,3.77,0,0,FALSE
Male,Loyal Customer,26,Business Travel,Eco Plus,937,0,5,0,4,3,0,3,3,3,3,4,3,3,2.62,0,3,TRUE
Male,Loyal Customer,13,Personal Travel,Eco,420,2,2,2,3,2,2,2,2,1,4,3,1,2,2.15,6,9,FALSE
Male,Loyal Customer,36,Personal Travel,Eco Plus,1558,4,5,4,3,1,4,1,1,4,4,4,5,1,3.15,26,32,FALSE
Female,Loyal Customer,24,Business Travel,Business,763,3,3,3,3,4,4,4,4,3,4,5,5,4,3.77,6,0,TRUE
Female,Disloyal Customer,47,Business Travel,Business,451,4,3,3,4,2,4,2,2,4,4,4,5,2,3.31,20,8,FALSE
Male,Loyal Customer,54,Business Travel,Business,2394,3,3,3,3,5,4,1,5,5,5,5,3,1,3.54,0,12,TRUE
Female,Disloyal Customer,26,Business Travel,Eco Plus,762,1,1,1,1,3,1,4,3,4,2,1,2,3,2.08,73,55,FALSE
Male,Loyal Customer,40,Business Travel,Business,1050,3,3,3,3,4,5,4,5,5,5,5,4,4,4.08,0,0,TRUE
Female,Loyal Customer,25,Personal Travel,Eco,204,3,2,3,3,2,3,2,2,4,5,4,2,2,2.85,0,0,FALSE
Male,Loyal Customer,13,Business Travel,Business,1786,5,5,1,5,2,2,2,2,4,1,2,2,2,2.69,0,0,TRUE
Female,Disloyal Customer,31,Business Travel,Eco,1056,2,2,2,4,2,2,2,2,3,4,3,5,2,2.69,0,0,FALSE
Female,Loyal Customer,56,Business Travel,Business,383,1,1,1,1,3,4,5,5,5,5,5,5,3,3.38,0,0,TRUE
Female,Loyal Customer,32,Business Travel,Business,2560,1,1,1,1,5,5,5,5,5,2,5,2,5,3.31,28,32,TRUE
Female,Loyal Customer,60,Business Travel,Business,2407,4,4,4,4,3,4,4,4,4,4,4,5,3,3.92,12,0,TRUE
Female,Loyal Customer,53,Personal Travel,Eco,1444,2,4,2,2,4,5,3,4,4,2,3,4,1,3.08,1,3,FALSE
Male,Loyal Customer,51,Business Travel,Business,2077,4,1,4,4,2,5,5,5,5,5,5,5,4,4.15,0,1,TRUE
Male,Loyal Customer,36,Business Travel,Business,3152,3,3,3,3,2,4,5,5,5,5,5,3,5,3.92,2,0,TRUE
Female,Loyal Customer,59,Personal Travel,Eco,748,2,5,2,3,3,5,5,3,3,2,3,4,5,3.46,0,0,FALSE
Male,Loyal Customer,34,Personal Travel,Eco,589,1,5,1,4,4,1,4,4,4,4,5,3,4,3.38,0,20,FALSE
Female,Loyal Customer,38,Business Travel,Business,2953,1,1,2,1,4,5,1,3,3,4,3,5,2,2.69,0,26,TRUE
Male,Loyal Customer,8,Personal Travel,Business,2153,3,4,4,5,4,4,1,4,4,3,5,3,4,3.69,5,0,FALSE
Female,Loyal Customer,42,Business Travel,Business,3698,4,1,1,1,5,4,4,4,4,4,4,4,1,3.15,1,4,FALSE
Female,Loyal Customer,43,Business Travel,Business,583,5,5,5,5,3,4,5,4,4,4,4,3,5,4.31,0,0,TRUE
Female,Loyal Customer,44,Business Travel,Business,1464,2,3,5,3,2,4,4,2,2,2,2,2,2,2.69,4,15,FALSE
Male,Loyal Customer,50,Personal Travel,Business,649,1,2,2,4,1,4,4,4,4,2,4,2,2,2.77,0,0,FALSE
Female,Loyal Customer,39,Personal Travel,Eco,235,3,4,3,3,3,3,4,3,3,5,5,4,3,3.54,42,63,FALSE
Male,Loyal Customer,49,Business Travel,Business,460,2,2,2,2,4,5,4,2,2,2,2,5,5,3,0,0,TRUE
Female,Loyal Customer,46,Personal Travel,Eco,1175,4,1,4,2,3,3,3,1,1,4,1,3,4,2.62,0,0,FALSE
Female,Disloyal Customer,24,Business Travel,Eco,1069,2,2,2,2,3,2,5,3,4,3,4,1,3,2.77,2,0,TRUE
Female,Disloyal Customer,25,Business Travel,Business,1123,5,3,5,2,1,5,1,1,4,4,5,3,1,3.08,1,0,TRUE
Male,Loyal Customer,59,Business Travel,Business,3846,3,3,3,3,4,4,5,4,4,4,4,5,5,3.92,23,17,TRUE
Female,Loyal Customer,33,Personal Travel,Business,649,3,2,3,4,2,3,4,2,2,3,2,1,3,2.62,13,22,FALSE
Female,Loyal Customer,20,Business Travel,Business,748,4,1,1,1,4,3,4,4,3,4,3,2,4,2.92,107,88,FALSE
Female,Loyal Customer,59,Business Travel,Business,594,2,1,2,2,4,4,5,3,3,3,3,4,3,3,0,17,TRUE
Male,Loyal Customer,16,Personal Travel,Business,1076,5,3,5,4,5,5,5,5,1,3,4,2,5,4,0,0,TRUE
Female,Disloyal Customer,22,Business Travel,Eco,288,2,2,2,4,4,2,4,4,2,3,4,4,4,3.15,63,65,FALSE
Female,Loyal Customer,45,Business Travel,Business,2651,4,4,4,4,5,4,4,4,4,4,4,4,5,4.15,0,0,TRUE
Male,Loyal Customer,41,Business Travel,Business,184,1,1,1,1,1,3,3,4,4,4,1,4,3,2.38,0,0,FALSE
Male,Loyal Customer,32,Personal Travel,Eco,1041,3,4,3,1,4,3,4,4,5,2,5,4,4,3.54,2,0,FALSE
Male,Loyal Customer,42,Personal Travel,Eco,1379,2,5,2,4,1,2,1,1,3,3,4,4,1,2.54,26,24,FALSE
Female,Loyal Customer,41,Business Travel,Business,2193,2,2,2,2,3,3,4,2,2,2,2,1,4,2.38,0,0,FALSE
Female,Disloyal Customer,25,Business Travel,Business,1289,4,5,4,4,4,4,1,4,4,5,4,3,4,3.85,1,0,TRUE
Female,Loyal Customer,26,Business Travel,Business,3691,4,5,4,4,4,4,4,4,5,2,4,4,4,4,20,25,TRUE
Male,Loyal Customer,48,Personal Travel,Eco,1023,3,5,3,1,1,3,1,1,3,5,3,5,1,2.69,0,0,FALSE
Female,Loyal Customer,42,Business Travel,Business,2889,4,4,4,4,3,1,3,5,5,5,5,1,1,3.46,0,0,TRUE
Male,Disloyal Customer,41,Business Travel,Business,349,3,3,3,3,5,3,5,5,4,1,2,2,5,3.38,14,13,FALSE
Female,Loyal Customer,45,Personal Travel,Eco,101,5,5,0,5,2,2,3,1,1,0,1,2,4,2.38,0,4,TRUE
Male,Loyal Customer,28,Business Travel,Business,2684,4,4,4,4,4,4,4,4,5,5,5,4,4,4.23,148,175,TRUE
Male,Loyal Customer,16,Personal Travel,Business,429,2,3,2,1,3,2,2,3,4,5,5,2,3,2.85,0,1,FALSE
Male,Loyal Customer,14,Personal Travel,Eco,1390,2,4,2,1,2,3,4,4,5,3,4,4,4,3.23,198,187,FALSE
Male,Loyal Customer,11,Personal Travel,Eco,522,3,5,3,5,3,3,1,3,5,2,5,4,3,3.46,0,0,FALSE
Female,Disloyal Customer,37,Business Travel,Eco,188,1,0,1,3,4,1,4,4,4,4,3,2,4,2.69,32,18,FALSE
Male,Loyal Customer,55,Business Travel,Eco Plus,737,4,2,2,2,4,4,4,4,3,1,4,1,4,3,11,17,TRUE
Female,Loyal Customer,13,Personal Travel,Eco,409,4,5,4,3,1,4,1,1,3,5,5,5,1,3.23,0,0,FALSE
Male,Loyal Customer,56,Business Travel,Business,89,3,5,3,5,2,3,3,3,3,3,3,1,2,3,0,0,FALSE
Male,Loyal Customer,36,Business Travel,Eco,230,3,2,2,2,3,3,3,3,3,3,3,5,3,2.92,0,1,TRUE
Male,Loyal Customer,50,Business Travel,Business,2797,4,4,4,4,2,2,5,5,5,5,5,3,1,3.77,42,47,TRUE
Male,Disloyal Customer,25,Business Travel,Eco,1129,1,0,0,1,5,0,5,5,3,2,5,4,5,2.77,0,0,FALSE
Female,Loyal Customer,49,Business Travel,Business,312,1,1,1,1,5,5,4,4,4,4,4,3,4,3.15,0,0,TRUE
Male,Loyal Customer,60,Business Travel,Eco Plus,140,5,3,3,3,5,5,5,5,5,3,4,1,5,4,0,0,TRUE
Male,Disloyal Customer,56,Business Travel,Eco Plus,89,3,3,3,2,5,3,2,5,5,5,3,2,5,3.54,5,6,FALSE
Male,Loyal Customer,33,Personal Travel,Eco,2475,2,2,2,4,2,5,5,3,2,3,4,5,5,3.38,0,0,FALSE
Male,Loyal Customer,33,Business Travel,Business,1276,2,2,2,2,4,4,4,4,5,3,5,3,4,3.38,9,1,TRUE
Male,Loyal Customer,38,Business Travel,Eco,912,4,2,2,2,3,4,4,3,2,2,2,4,4,2.92,165,152,FALSE
Female,Loyal Customer,28,Personal Travel,Eco,978,2,5,2,4,2,2,4,2,4,2,5,4,2,3.08,0,0,FALSE
Male,Disloyal Customer,26,Business Travel,Business,646,5,5,5,4,4,5,4,4,4,5,5,5,4,4.54,0,0,TRUE
Male,Loyal Customer,68,Personal Travel,Eco,532,1,4,1,3,5,1,5,5,3,5,4,5,5,3.62,35,22,FALSE
Male,Loyal Customer,59,Business Travel,Business,1980,4,4,4,4,3,5,5,4,4,4,4,4,5,4.15,14,9,TRUE
Female,Loyal Customer,55,Business Travel,Business,985,2,2,2,2,2,4,4,5,5,5,5,4,3,3.46,0,0,TRUE
Male,Loyal Customer,51,Business Travel,Business,3374,2,2,2,2,3,4,4,5,5,5,5,4,3,3.54,0,11,TRUE
Female,Loyal Customer,48,Personal Travel,Eco,853,5,5,5,4,4,4,5,4,4,5,1,4,4,4.15,7,0,TRUE
Male,Loyal Customer,39,Personal Travel,Eco,992,4,4,4,3,2,4,2,2,4,4,4,3,2,3.23,0,14,FALSE
Female,Loyal Customer,22,Business Travel,Business,192,5,5,5,5,5,5,4,5,3,5,5,3,5,4.62,0,0,TRUE
Female,Loyal Customer,19,Business Travel,Eco,1121,2,2,2,2,2,2,3,2,2,4,3,1,2,2.23,3,0,FALSE
Male,Loyal Customer,47,Business Travel,Business,1734,4,4,4,4,2,4,4,5,5,5,5,4,3,4.08,5,0,TRUE
Male,Loyal Customer,33,Business Travel,Eco Plus,1068,2,3,5,3,2,2,2,2,3,2,4,4,2,2.77,86,92,FALSE
Male,Disloyal Customer,22,Business Travel,Eco,359,3,5,3,3,3,3,4,3,4,5,4,3,3,3.54,0,1,FALSE
Male,Loyal Customer,56,Business Travel,Business,3959,2,2,2,2,2,5,4,4,4,4,4,4,4,3.31,0,0,TRUE
Female,Loyal Customer,37,Personal Travel,Eco,813,3,0,3,3,2,3,2,2,5,4,3,3,2,2.69,16,5,FALSE
Female,Loyal Customer,36,Business Travel,Business,2547,1,5,5,5,5,3,4,1,1,1,1,3,2,2.85,43,42,FALSE
Female,Loyal Customer,46,Business Travel,Business,3538,5,5,2,5,5,4,5,5,5,4,5,3,4,4.38,0,0,TRUE
Female,Disloyal Customer,40,Business Travel,Business,365,2,2,2,4,1,2,1,1,3,3,3,1,1,2,27,21,FALSE
Female,Loyal Customer,52,Business Travel,Business,2945,2,2,2,2,3,4,5,4,4,4,4,3,3,3.23,55,55,TRUE
Female,Loyal Customer,44,Business Travel,Business,462,4,4,4,4,5,4,4,5,5,5,5,4,5,4.46,0,0,TRUE
Female,Disloyal Customer,24,Business Travel,Eco,451,3,0,3,2,5,3,5,5,3,5,4,2,5,3.46,0,0,FALSE
Female,Disloyal Customer,17,Business Travel,Eco,842,4,4,4,1,4,4,4,4,5,5,4,4,4,3.92,0,0,TRUE
Male,Loyal Customer,45,Business Travel,Business,546,4,4,4,4,3,4,4,2,2,2,2,3,4,3.23,7,0,TRUE
Female,Loyal Customer,11,Personal Travel,Eco,1379,2,1,2,2,4,2,5,4,1,5,3,2,4,2.85,6,8,FALSE
Male,Loyal Customer,33,Business Travel,Business,3918,4,4,4,4,5,5,4,5,5,2,5,3,5,4.23,0,0,TRUE
Male,Loyal Customer,60,Business Travel,Business,226,4,4,5,4,5,4,4,5,5,5,5,4,3,4.38,0,0,TRUE
Female,Loyal Customer,54,Business Travel,Business,2794,1,1,1,1,4,5,5,4,4,4,4,4,5,3.31,0,1,TRUE
Male,Loyal Customer,32,Personal Travel,Eco Plus,1481,1,4,1,4,4,1,4,4,5,4,4,3,4,3.31,0,0,FALSE
Male,Loyal Customer,44,Business Travel,Business,3221,2,1,1,1,5,3,3,2,2,2,2,2,3,2.23,0,6,FALSE
Male,Loyal Customer,62,Personal Travel,Eco,1400,2,3,2,3,3,2,3,3,4,5,4,2,3,3,0,0,FALSE
Male,Loyal Customer,48,Personal Travel,Eco,1056,1,1,1,3,3,1,2,3,2,4,3,4,3,2.38,5,0,FALSE
Male,Disloyal Customer,37,Business Travel,Eco,337,4,1,5,3,3,5,3,3,2,3,4,4,3,3.31,0,26,FALSE
Female,Loyal Customer,40,Business Travel,Business,1623,1,1,1,1,3,4,4,5,5,5,5,4,4,3.31,0,13,TRUE
Female,Disloyal Customer,28,Business Travel,Eco,725,2,2,2,1,2,2,4,2,2,1,1,5,2,2.15,6,2,FALSE
Female,Loyal Customer,60,Business Travel,Business,655,1,1,1,1,5,4,4,5,5,5,5,3,5,3.46,15,0,TRUE
Female,Disloyal Customer,24,Business Travel,Business,946,4,0,4,1,1,4,1,1,4,3,4,4,1,2.46,2,0,TRUE
Male,Loyal Customer,37,Personal Travel,Eco,362,2,5,2,5,2,2,2,2,3,5,4,4,2,3.08,2,2,FALSE
Female,Loyal Customer,67,Personal Travel,Eco,474,4,5,4,3,2,3,3,3,3,4,3,5,5,3.62,0,0,FALSE
Female,Loyal Customer,45,Business Travel,Business,337,4,4,4,4,5,5,4,5,5,5,5,5,4,4.54,13,5,TRUE
Female,Loyal Customer,48,Business Travel,Business,2948,3,2,2,2,4,4,3,3,3,3,3,4,2,2.92,31,38,FALSE
Female,Loyal Customer,52,Business Travel,Business,2475,1,1,1,1,2,5,5,4,4,4,4,3,3,2.92,3,0,TRUE
Male,Loyal Customer,33,Business Travel,Business,2872,2,5,5,5,2,2,2,2,2,1,4,2,2,2.77,16,12,FALSE
Male,Loyal Customer,56,Business Travel,Business,2930,4,4,4,4,4,4,4,4,4,4,4,3,5,4,0,0,TRUE
Male,Disloyal Customer,23,Business Travel,Business,283,4,3,4,4,4,4,5,4,4,5,4,1,4,3.85,33,17,FALSE
Male,Loyal Customer,14,Personal Travel,Eco,528,3,5,3,4,4,3,4,4,1,5,5,1,4,3.54,0,0,FALSE
Male,Loyal Customer,52,Business Travel,Business,417,4,4,4,4,5,5,5,4,4,5,4,3,4,4.23,62,58,TRUE
Male,Disloyal Customer,29,Business Travel,Business,802,2,2,2,1,4,2,1,4,4,4,4,3,4,2.85,8,0,FALSE
Female,Disloyal Customer,45,Business Travel,Eco,89,1,0,0,2,2,0,3,2,5,5,5,3,2,2.31,0,31,FALSE
Female,Loyal Customer,59,Business Travel,Business,1788,1,1,1,1,4,3,5,5,5,4,5,5,5,3.46,0,0,TRUE
Male,Loyal Customer,32,Personal Travel,Eco,195,2,4,2,4,4,2,4,4,1,2,2,1,4,2.77,1,0,FALSE
Female,Loyal Customer,24,Business Travel,Business,362,3,2,2,2,3,2,3,3,2,4,4,3,3,2.77,34,26,FALSE
Female,Loyal Customer,25,Business Travel,Business,224,2,2,2,2,4,4,4,4,5,2,5,5,4,3.46,0,0,TRUE
Female,Loyal Customer,52,Business Travel,Eco,406,2,2,2,2,4,1,3,2,2,2,2,1,2,2.08,0,42,TRUE
Male,Loyal Customer,60,Business Travel,Business,930,1,1,1,1,2,4,5,5,5,5,5,3,5,3.31,12,12,TRUE
Male,Loyal Customer,49,Business Travel,Business,948,3,2,2,2,1,3,4,3,3,2,3,1,2,2.38,0,0,FALSE
Female,Loyal Customer,23,Business Travel,Business,2559,1,1,1,1,4,4,4,4,3,3,5,3,4,2.92,0,0,TRUE
Female,Loyal Customer,53,Business Travel,Business,3944,4,4,1,4,3,5,5,4,4,4,4,3,3,3.69,1,2,TRUE
Female,Disloyal Customer,39,Business Travel,Business,866,2,2,2,1,4,2,4,4,3,2,4,3,4,2.85,0,0,FALSE
Female,Loyal Customer,53,Business Travel,Business,985,4,4,4,4,2,4,4,5,5,5,5,4,4,4.15,0,0,TRUE
Female,Disloyal Customer,25,Business Travel,Business,1189,5,5,5,4,2,5,2,2,3,4,5,4,2,3.69,0,0,TRUE
Female,Loyal Customer,19,Personal Travel,Eco,189,2,5,2,4,5,2,5,5,4,2,4,4,5,3.77,8,16,FALSE
Female,Loyal Customer,60,Business Travel,Business,3552,3,3,3,3,2,5,4,5,5,5,5,5,3,3.92,0,0,TRUE
Female,Loyal Customer,16,Personal Travel,Eco,119,2,5,2,2,3,2,3,3,4,3,4,1,3,2.85,0,0,FALSE
Female,Disloyal Customer,36,Business Travel,Eco,229,4,2,4,3,4,4,4,4,3,4,4,2,4,3.54,74,66,FALSE
Female,Loyal Customer,60,Business Travel,Business,1379,1,1,1,1,3,5,5,5,5,5,5,3,4,3.38,0,0,TRUE
Female,Loyal Customer,41,Personal Travel,Business,1083,2,5,2,5,5,4,3,5,5,2,5,1,4,3.69,0,10,FALSE
Female,Loyal Customer,34,Business Travel,Business,2077,2,2,2,2,2,5,4,4,4,4,4,3,5,3.31,6,0,TRUE
Male,Loyal Customer,41,Business Travel,Business,397,3,2,1,2,1,2,2,3,3,3,3,1,2,2.15,38,42,FALSE
Male,Loyal Customer,36,Business Travel,Business,3057,3,1,1,1,3,2,1,3,3,3,3,1,2,2.08,22,14,FALSE
Female,Loyal Customer,65,Personal Travel,Eco,806,3,4,3,2,5,2,5,1,1,3,1,5,5,3.08,0,0,FALSE
Male,Loyal Customer,56,Personal Travel,Eco,854,2,4,2,3,5,2,5,5,5,2,5,3,5,3.69,0,0,FALSE
Female,Loyal Customer,37,Business Travel,Business,3853,3,3,3,3,1,2,2,3,3,3,3,3,1,2.54,0,0,FALSE
Male,Loyal Customer,41,Business Travel,Business,3261,0,4,0,1,4,4,4,3,3,3,3,5,3,2.85,0,0,TRUE
Female,Loyal Customer,9,Personal Travel,Eco,1721,4,4,4,5,3,4,3,3,5,5,3,5,3,3.92,56,52,TRUE
Female,Loyal Customer,36,Personal Travel,Eco,1013,4,4,4,3,2,4,3,2,3,4,3,2,2,3.08,0,0,FALSE
Female,Loyal Customer,7,Personal Travel,Eco,854,2,5,2,1,1,2,1,1,4,5,4,5,1,2.62,3,0,FALSE
Male,Loyal Customer,48,Business Travel,Business,2440,1,1,1,1,3,5,5,5,5,5,5,5,3,3.46,0,1,TRUE
Female,Disloyal Customer,30,Business Travel,Eco Plus,110,2,3,3,5,5,3,5,5,1,4,3,4,5,3.69,30,30,FALSE
Female,Loyal Customer,65,Personal Travel,Eco,620,3,5,3,3,4,4,5,3,3,3,3,3,5,3.62,0,0,FALSE
Male,Loyal Customer,45,Business Travel,Business,2536,5,5,5,5,4,5,5,1,1,2,1,5,4,3.69,0,0,TRUE
Male,Loyal Customer,46,Business Travel,Business,701,3,3,3,3,3,3,4,3,3,2,3,4,4,3.15,0,7,FALSE
Female,Loyal Customer,66,Personal Travel,Eco,1399,2,3,2,4,4,5,4,4,4,2,4,1,3,3.23,14,2,FALSE
Female,Loyal Customer,42,Business Travel,Business,90,1,1,1,1,4,4,4,5,5,5,5,3,4,3.31,0,4,TRUE
Female,Loyal Customer,48,Business Travel,Business,1440,1,1,1,1,4,5,4,2,2,2,2,3,3,2.38,1,0,TRUE
Male,Loyal Customer,14,Personal Travel,Eco,223,4,2,0,4,4,0,2,4,2,2,4,2,4,2.62,0,0,FALSE
Female,Loyal Customer,23,Personal Travel,Eco,920,5,4,5,3,5,5,5,5,4,3,5,4,5,4.46,7,2,TRUE
Male,Loyal Customer,47,Business Travel,Eco,192,3,2,2,2,3,3,3,3,4,2,5,4,3,3,0,0,TRUE
Male,Loyal Customer,52,Business Travel,Business,1325,5,5,5,5,2,4,4,5,5,4,5,1,4,4.15,0,0,FALSE
Female,Loyal Customer,45,Business Travel,Business,3970,2,4,2,2,2,4,5,4,4,4,4,3,5,3.46,4,0,TRUE
Male,Loyal Customer,47,Business Travel,Business,447,1,1,1,1,4,4,5,5,5,5,5,4,5,3.54,40,29,TRUE
Female,Loyal Customer,9,Personal Travel,Eco,257,5,4,5,3,3,5,2,3,4,2,3,1,3,3.31,0,0,TRUE
Female,Loyal Customer,40,Business Travel,Business,679,3,3,3,3,5,3,1,5,5,5,5,1,5,3.62,0,0,TRUE
Female,Loyal Customer,29,Personal Travel,Eco,643,2,5,2,1,5,2,5,5,4,2,5,5,5,3.69,19,8,FALSE
Female,Loyal Customer,37,Business Travel,Business,3638,3,3,3,3,2,5,4,5,5,5,4,5,4,3.92,0,0,TRUE
Female,Loyal Customer,45,Personal Travel,Eco,787,1,5,1,1,4,5,4,1,1,1,5,5,4,2.92,0,0,FALSE
Male,Loyal Customer,66,Personal Travel,Eco,1400,2,5,2,1,2,2,2,2,3,2,5,5,2,2.69,0,0,FALSE
Male,Disloyal Customer,36,Business Travel,Eco,241,2,0,2,2,4,2,2,4,1,1,2,5,4,2.38,9,4,FALSE
Female,Disloyal Customer,43,Business Travel,Eco,414,3,4,3,3,2,3,2,2,2,1,3,3,2,2.54,29,19,FALSE
Female,Loyal Customer,26,Business Travel,Business,2509,1,1,1,1,4,4,4,2,3,1,4,4,4,2.62,412,410,TRUE
Male,Disloyal Customer,23,Business Travel,Eco,953,1,2,2,2,1,2,1,1,2,3,4,5,1,2.08,0,0,FALSE
Female,Disloyal Customer,25,Business Travel,Business,391,4,2,4,3,5,4,5,5,3,5,3,4,5,4,10,7,FALSE
Female,Loyal Customer,7,Personal Travel,Eco,1310,3,3,3,3,2,3,2,2,1,3,4,2,2,2.54,0,0,FALSE
Female,Loyal Customer,57,Business Travel,Business,270,4,4,4,4,4,4,4,4,4,4,4,3,5,4,4,2,TRUE
Male,Loyal Customer,67,Personal Travel,Eco,528,2,4,2,3,5,2,5,5,3,2,4,5,5,3.62,7,4,FALSE
Male,Loyal Customer,70,Personal Travel,Eco Plus,270,1,4,1,3,5,1,5,5,3,1,3,4,5,3.15,0,0,FALSE
Male,Loyal Customer,34,Business Travel,Business,3642,4,5,5,5,2,4,3,4,4,4,4,1,2,3.62,13,18,FALSE
Male,Loyal Customer,54,Business Travel,Business,474,3,3,3,3,3,5,4,4,4,4,4,1,2,3.31,0,0,TRUE
Male,Loyal Customer,23,Personal Travel,Eco,356,3,4,3,3,3,3,3,3,4,3,5,4,3,3.38,5,1,FALSE
Male,Disloyal Customer,24,Business Travel,Business,594,5,4,5,4,3,5,3,3,5,3,4,4,3,3.92,1,0,TRUE
Male,Loyal Customer,38,Business Travel,Eco,873,2,5,5,5,2,2,2,2,3,5,4,4,2,3.31,0,0,FALSE
Male,Disloyal Customer,24,Business Travel,Business,912,4,3,4,3,5,4,5,5,3,2,5,4,5,4,3,33,TRUE
Female,Loyal Customer,66,Personal Travel,Eco,67,2,4,0,1,2,4,4,3,3,0,2,3,4,2.46,10,10,FALSE
Female,Loyal Customer,36,Personal Travel,Eco,946,2,1,1,2,1,1,1,1,3,4,3,4,1,1.92,0,0,FALSE
Female,Loyal Customer,43,Business Travel,Business,2404,0,5,0,1,3,5,5,5,5,1,1,3,4,2.92,4,0,TRUE
Female,Loyal Customer,24,Personal Travel,Eco,1165,2,4,2,4,2,2,2,2,5,2,4,3,2,2.77,0,0,FALSE
Female,Loyal Customer,46,Business Travel,Eco,220,1,2,2,2,5,2,2,1,1,1,1,2,1,1.77,32,24,FALSE
Female,Loyal Customer,26,Personal Travel,Eco,581,3,4,3,3,5,3,5,5,5,2,5,4,5,4,0,0,FALSE
Male,Loyal Customer,58,Business Travel,Business,491,2,2,5,2,2,4,5,5,5,5,5,4,5,3.92,21,8,TRUE
Male,Loyal Customer,44,Business Travel,Business,3705,1,1,3,1,4,4,5,4,4,4,4,5,4,3.38,14,14,TRUE
Female,Loyal Customer,58,Business Travel,Business,1646,2,5,5,5,5,3,3,2,2,2,2,3,4,3.31,45,33,FALSE
Female,Loyal Customer,23,Business Travel,Eco,1201,0,5,0,4,3,0,4,3,2,4,2,3,3,2.54,0,0,TRUE
Female,Loyal Customer,53,Business Travel,Business,2450,1,1,1,1,4,2,3,4,4,4,4,4,5,2.92,2,43,TRUE
Female,Loyal Customer,27,Business Travel,Business,1097,5,5,4,5,2,3,2,2,2,3,3,3,2,3.15,0,3,TRUE
Male,Disloyal Customer,44,Business Travel,Eco,484,5,2,4,3,3,4,5,3,3,2,2,2,3,3.15,41,44,TRUE
Male,Loyal Customer,35,Personal Travel,Eco,1020,3,1,3,2,4,3,4,4,3,1,2,2,4,2.77,0,15,FALSE
Male,Loyal Customer,24,Personal Travel,Eco,957,4,5,4,4,4,4,4,4,5,3,5,3,4,4.08,56,43,FALSE
Male,Disloyal Customer,26,Business Travel,Eco,500,2,2,2,4,5,2,5,5,4,1,4,1,5,3.23,0,113,FALSE
Male,Loyal Customer,52,Business Travel,Business,925,5,5,5,5,3,4,4,5,5,5,5,4,3,4.46,0,0,TRUE
Female,Disloyal Customer,22,Business Travel,Business,678,5,3,5,4,2,5,2,2,3,2,5,5,2,3.46,0,27,TRUE
Female,Loyal Customer,31,Business Travel,Business,2324,1,1,1,1,3,3,3,3,4,3,4,4,3,2.62,4,0,TRUE
Male,Loyal Customer,56,Business Travel,Business,432,1,1,1,1,5,5,5,4,4,4,4,5,4,3.38,0,0,TRUE
Male,Loyal Customer,33,Personal Travel,Eco,1303,3,5,3,3,3,3,3,3,3,5,4,5,3,3.54,0,14,FALSE
Male,Loyal Customer,44,Business Travel,Eco,163,3,2,5,5,3,3,3,3,3,3,3,4,3,3.31,0,4,FALSE
Female,Loyal Customer,52,Business Travel,Business,2860,3,3,3,3,4,4,4,5,2,4,5,4,4,3.69,0,47,TRUE
Female,Loyal Customer,21,Personal Travel,Business,370,2,3,5,4,5,5,5,5,3,2,5,2,5,3.92,0,0,FALSE
Male,Loyal Customer,42,Business Travel,Business,3067,4,4,4,4,2,4,5,5,5,4,5,5,4,4.23,0,0,TRUE
Female,Disloyal Customer,50,Business Travel,Business,1947,1,1,1,2,3,1,3,3,4,5,4,3,3,2.62,4,13,FALSE
Female,Loyal Customer,28,Personal Travel,Business,1846,3,3,3,4,1,3,1,1,1,2,3,3,1,2.23,2,0,FALSE
Female,Loyal Customer,59,Business Travel,Eco,86,3,4,4,4,3,2,3,3,3,3,3,1,4,3.08,36,30,FALSE
Male,Loyal Customer,25,Personal Travel,Eco,549,4,5,5,3,2,5,2,2,2,1,4,4,2,3.15,0,0,FALSE
Female,Loyal Customer,75,Business Travel,Business,1664,2,2,2,2,5,3,2,2,2,2,2,3,1,2.31,0,0,FALSE
Male,Disloyal Customer,24,Business Travel,Eco,1092,3,3,3,1,3,3,3,3,4,4,3,2,3,2.92,0,0,TRUE
Female,Disloyal Customer,21,Business Travel,Eco,912,2,2,2,5,2,2,2,2,5,5,5,3,2,3,0,0,FALSE
Male,Disloyal Customer,36,Business Travel,Eco,488,1,1,1,3,1,1,4,1,3,4,3,4,1,2.15,1,0,FALSE
Female,Disloyal Customer,22,Business Travel,Eco,657,2,4,2,3,2,2,2,2,3,4,4,2,2,2.62,0,0,FALSE
Female,Loyal Customer,40,Business Travel,Business,2401,5,5,5,5,5,4,4,5,5,5,5,4,5,4.77,0,0,TRUE
Male,Loyal Customer,41,Business Travel,Business,2253,1,5,2,5,2,3,3,1,1,1,1,4,2,2.38,8,0,FALSE
Male,Loyal Customer,15,Personal Travel,Eco,1005,4,3,4,3,4,3,3,2,4,4,1,3,3,3.15,392,401,FALSE
Male,Loyal Customer,47,Business Travel,Business,669,1,2,2,2,5,4,4,1,1,1,1,4,4,2.46,0,0,FALSE
Male,Loyal Customer,19,Personal Travel,Eco,190,1,4,1,5,3,1,3,3,5,4,5,5,3,3.31,36,35,FALSE
Female,Loyal Customer,56,Business Travel,Business,646,2,2,2,2,5,4,4,5,5,5,5,4,4,3.77,0,0,TRUE
Female,Loyal Customer,38,Personal Travel,Eco,2039,3,4,3,3,1,3,2,1,3,3,5,5,1,2.85,11,13,FALSE
Female,Loyal Customer,35,Business Travel,Business,119,2,3,3,3,2,2,2,3,3,2,2,1,2,2.31,0,13,FALSE
Female,Disloyal Customer,21,Business Travel,Eco,760,5,5,5,3,3,5,1,3,4,2,4,4,3,3.62,0,0,TRUE
Female,Loyal Customer,43,Business Travel,Business,2062,1,1,4,1,4,5,1,4,4,4,3,3,5,3.08,0,0,TRUE
Female,Loyal Customer,57,Personal Travel,Eco,584,3,4,3,5,2,5,4,4,4,3,4,5,4,3.85,0,0,FALSE
Male,Loyal Customer,44,Business Travel,Business,3573,2,2,2,2,1,2,1,4,4,4,5,3,1,2.54,4,13,TRUE
Female,Loyal Customer,13,Personal Travel,Eco,679,3,5,3,2,3,3,3,3,5,4,5,5,3,3.62,0,0,FALSE
Female,Disloyal Customer,37,Business Travel,Business,1379,3,3,3,3,1,3,1,1,3,5,5,3,1,2.69,0,4,FALSE
Male,Loyal Customer,48,Business Travel,Business,404,5,5,5,5,5,4,5,5,5,5,5,3,5,4.77,8,7,TRUE
Female,Loyal Customer,22,Business Travel,Business,2768,2,3,1,3,2,3,2,2,3,3,4,2,2,2.46,0,0,FALSE
Male,Loyal Customer,24,Business Travel,Business,771,2,3,3,3,2,2,2,2,2,2,3,3,2,2.38,0,0,FALSE
Female,Loyal Customer,49,Business Travel,Business,1258,3,3,3,3,3,5,4,5,5,5,5,4,5,4.08,0,0,TRUE
Female,Loyal Customer,45,Business Travel,Business,270,2,2,2,2,2,4,4,5,5,5,5,4,4,3.54,5,1,TRUE
Male,Loyal Customer,53,Business Travel,Eco,646,3,3,3,3,2,3,2,2,3,1,4,4,2,2.69,0,3,FALSE
Male,Loyal Customer,54,Business Travel,Eco,508,3,5,5,5,3,3,3,3,2,1,2,3,3,3.15,9,17,FALSE
Female,Loyal Customer,43,Business Travel,Business,1023,4,4,4,4,4,5,5,3,3,3,3,3,4,3.77,0,0,TRUE
Female,Disloyal Customer,38,Business Travel,Business,442,5,0,0,3,4,0,4,4,4,3,5,5,4,3.15,8,3,TRUE
Male,Disloyal Customer,9,Business Travel,Eco,1024,3,3,3,3,3,3,3,3,5,4,2,5,3,3.31,0,0,TRUE
Male,Loyal Customer,52,Personal Travel,Eco,666,2,1,2,3,5,2,5,5,1,2,4,2,5,3,2,0,FALSE
Female,Loyal Customer,39,Business Travel,Business,2928,1,1,1,1,5,1,2,4,4,4,4,3,5,2.77,17,0,TRUE
Female,Loyal Customer,27,Business Travel,Business,3450,3,4,4,4,3,3,3,3,1,3,4,4,3,3.23,0,0,FALSE
Male,Disloyal Customer,27,Business Travel,Business,270,2,2,2,4,3,2,3,3,1,5,3,4,3,2.85,41,51,FALSE
Female,Loyal Customer,64,Business Travel,Eco,255,1,5,5,5,5,4,4,1,1,1,1,3,3,3,13,40,FALSE
Female,Disloyal Customer,21,Business Travel,Eco,471,3,0,3,4,2,3,2,2,4,3,4,5,2,2.85,112,116,FALSE
Female,Loyal Customer,29,Business Travel,Business,711,5,5,5,5,3,4,3,3,5,2,4,3,3,3.85,0,0,TRUE
Male,Loyal Customer,52,Business Travel,Business,3847,3,1,5,1,4,3,2,3,3,3,3,2,4,2.85,0,0,FALSE
Male,Loyal Customer,13,Personal Travel,Eco,867,3,4,3,3,3,5,2,3,3,5,5,2,2,3.31,157,142,FALSE
Female,Loyal Customer,45,Business Travel,Eco,1222,2,2,4,4,1,4,3,3,3,2,3,1,2,2.62,9,0,FALSE
Female,Loyal Customer,53,Business Travel,Business,2658,0,1,1,4,5,4,4,3,3,2,2,4,5,2.92,29,26,TRUE
Male,Loyal Customer,62,Personal Travel,Eco Plus,764,2,4,2,1,3,2,5,3,4,3,4,5,3,3.15,6,20,FALSE
Male,Loyal Customer,47,Business Travel,Business,414,5,5,5,5,5,4,5,4,4,4,4,3,3,4.31,43,37,TRUE
Female,Disloyal Customer,39,Business Travel,Business,447,1,1,1,4,4,1,4,4,3,1,4,3,4,2.69,0,0,FALSE
Male,Disloyal Customer,26,Business Travel,Business,1096,2,2,2,2,2,2,2,2,2,3,3,2,2,2.15,0,0,FALSE
Male,Loyal Customer,31,Business Travel,Eco Plus,222,4,5,5,5,4,4,4,4,1,5,2,4,4,3.92,0,0,TRUE
Male,Loyal Customer,16,Business Travel,Business,1597,5,5,5,5,4,4,4,4,1,4,3,3,4,3.92,0,0,TRUE
Female,Loyal Customer,47,Business Travel,Business,2324,1,1,1,1,4,5,4,4,4,4,4,4,3,3.08,0,0,TRUE
Male,Disloyal Customer,27,Business Travel,Business,544,2,2,2,1,1,2,1,1,3,5,4,3,1,2.15,0,0,FALSE
Male,Loyal Customer,35,Business Travel,Business,1847,4,5,5,5,2,4,3,3,3,3,4,4,1,3.54,81,96,FALSE
Female,Loyal Customer,28,Business Travel,Business,746,1,1,1,1,3,3,3,3,3,1,1,4,3,2.15,3,0,TRUE
Male,Loyal Customer,55,Business Travel,Business,2797,2,2,2,2,4,5,5,5,5,5,5,4,3,3.77,52,48,TRUE
Female,Loyal Customer,45,Business Travel,Business,550,4,4,4,4,5,5,5,5,5,4,5,5,3,4.46,0,3,TRUE
Female,Disloyal Customer,22,Business Travel,Eco,541,1,5,1,4,1,1,1,1,4,5,4,5,1,2.62,39,22,FALSE
Male,Loyal Customer,29,Personal Travel,Eco,296,1,3,1,3,1,1,2,1,1,1,3,3,1,1.69,0,0,FALSE
Female,Loyal Customer,44,Business Travel,Business,1372,4,4,4,4,5,5,5,3,2,4,4,5,5,4.15,141,129,TRUE
Female,Loyal Customer,47,Business Travel,Business,3156,1,1,1,1,5,4,5,3,4,4,5,5,5,3.38,581,580,TRUE
Female,Loyal Customer,53,Business Travel,Business,3897,3,3,3,3,4,4,4,4,4,4,4,4,5,3.77,0,29,TRUE
Female,Loyal Customer,20,Business Travel,Business,2862,2,2,2,2,5,5,5,5,3,3,5,4,5,3.69,0,0,TRUE
Male,Loyal Customer,9,Personal Travel,Eco,1065,4,4,4,5,2,4,2,2,5,5,5,3,2,3.62,0,18,FALSE
Male,Disloyal Customer,25,Business Travel,Eco,972,1,1,1,4,1,1,3,1,4,5,1,2,1,2,0,0,FALSE
Male,Loyal Customer,27,Business Travel,Business,3692,4,4,4,4,3,4,3,3,5,4,4,4,3,3.77,0,0,TRUE
Male,Loyal Customer,60,Personal Travel,Eco,152,3,4,3,3,1,3,1,1,4,4,4,5,1,2.85,0,0,FALSE
Male,Loyal Customer,68,Personal Travel,Eco,728,3,3,3,4,3,3,3,3,4,2,4,4,3,3.23,0,0,FALSE
Female,Loyal Customer,64,Personal Travel,Eco,139,3,3,0,3,3,4,3,4,4,0,4,4,4,3,0,0,FALSE
Male,Loyal Customer,32,Personal Travel,Eco,867,2,1,2,2,4,2,4,4,4,1,1,2,4,2.54,0,0,FALSE
Male,Loyal Customer,40,Business Travel,Eco,344,4,3,3,3,4,4,4,4,2,2,2,3,4,3.23,0,0,TRUE
Female,Loyal Customer,54,Business Travel,Business,2200,4,4,3,4,4,4,4,4,4,4,4,5,4,4,2,0,TRUE
Female,Loyal Customer,63,Personal Travel,Eco,190,1,5,1,1,2,5,5,3,3,1,2,5,4,2.92,0,0,FALSE
Male,Loyal Customer,11,Personal Travel,Eco,358,3,4,3,3,3,3,3,3,4,5,4,4,3,3.46,41,39,FALSE
Male,Disloyal Customer,25,Business Travel,Business,427,2,2,2,3,5,2,5,5,1,4,3,2,5,3.15,0,0,FALSE
Female,Loyal Customer,39,Business Travel,Eco,427,5,1,1,1,5,5,5,5,4,1,5,5,5,3.69,225,218,TRUE
Male,Loyal Customer,27,Business Travel,Eco Plus,1562,3,1,1,1,3,3,3,3,4,3,4,2,3,2.62,0,0,FALSE
Female,Loyal Customer,47,Personal Travel,Eco,550,3,1,3,4,5,3,4,4,4,3,3,3,2,3.23,0,8,FALSE
Male,Loyal Customer,64,Business Travel,Business,862,3,3,3,3,5,4,5,5,5,5,5,4,3,4.08,22,21,TRUE
Female,Disloyal Customer,11,Business Travel,Eco,599,2,0,1,4,3,1,3,3,1,2,4,1,3,2.15,0,0,FALSE
Male,Disloyal Customer,20,Business Travel,Business,429,0,0,0,5,5,0,5,5,4,2,5,4,5,3.08,0,0,TRUE
Male,Loyal Customer,27,Business Travel,Business,599,2,2,2,2,5,5,5,5,3,2,4,3,5,3.46,0,0,TRUE
Male,Loyal Customer,29,Business Travel,Business,3195,5,5,5,5,5,5,5,5,3,5,5,5,5,4.85,0,0,TRUE
Male,Loyal Customer,34,Personal Travel,Eco,322,4,5,4,2,1,4,1,1,1,3,1,2,1,2.31,0,0,FALSE
Male,Loyal Customer,33,Business Travel,Eco,302,5,3,3,3,5,4,5,5,1,1,4,1,5,3.46,0,0,TRUE
Male,Loyal Customer,41,Business Travel,Business,1590,0,0,0,2,4,5,4,5,5,5,5,1,5,3.15,3,0,TRUE
Female,Loyal Customer,27,Business Travel,Eco,680,1,4,4,4,1,1,1,1,2,5,3,1,1,2.23,0,0,FALSE
Male,Disloyal Customer,23,Business Travel,Eco,1079,2,3,3,3,3,1,1,4,3,4,3,1,1,2.46,8,0,FALSE
Female,Disloyal Customer,25,Business Travel,Eco,846,3,4,4,3,3,4,3,3,4,1,4,3,3,3.23,51,59,FALSE
Male,Loyal Customer,51,Business Travel,Business,2614,1,1,1,1,4,4,4,3,2,3,5,4,4,2.85,0,0,TRUE
Female,Disloyal Customer,25,Business Travel,Eco,585,2,2,2,4,2,2,1,2,2,3,4,2,2,2.31,19,7,FALSE
Male,Loyal Customer,57,Personal Travel,Eco,1947,1,4,1,2,2,1,2,2,3,4,4,5,2,2.54,24,5,FALSE
Female,Loyal Customer,47,Business Travel,Business,2466,3,3,3,3,2,3,1,4,4,4,3,5,5,3.31,0,0,TRUE
Male,Loyal Customer,47,Business Travel,Business,1538,3,3,3,3,3,5,5,4,4,4,4,3,4,3.69,1,11,TRUE
Female,Loyal Customer,24,Personal Travel,Eco,1652,1,3,1,1,4,1,4,4,2,5,4,4,4,2.92,13,28,FALSE
Female,Loyal Customer,14,Personal Travel,Eco,451,3,3,3,3,2,3,2,2,2,2,3,4,2,2.62,10,7,FALSE
Female,Loyal Customer,21,Personal Travel,Eco Plus,545,0,4,0,4,2,0,5,2,3,5,4,4,2,2.69,0,0,TRUE
Male,Loyal Customer,46,Personal Travel,Eco,1199,1,3,1,3,2,1,2,2,3,5,4,2,2,2.38,5,0,FALSE
Female,Loyal Customer,51,Business Travel,Eco,680,5,3,1,3,3,1,5,5,5,5,5,5,1,3.62,12,21,TRUE
Male,Loyal Customer,59,Personal Travel,Eco,1754,1,5,1,4,4,1,4,4,3,5,3,5,4,3.38,0,0,FALSE
Female,Loyal Customer,34,Business Travel,Business,2108,5,5,5,5,5,5,4,5,5,5,5,4,5,4.85,0,0,TRUE
Female,Loyal Customer,26,Personal Travel,Eco,1075,3,5,3,4,3,3,3,3,3,4,4,5,3,3.54,0,0,FALSE
Male,Disloyal Customer,50,Business Travel,Business,1069,2,2,2,1,5,2,5,5,4,3,3,3,5,3.23,29,22,FALSE
Male,Loyal Customer,58,Business Travel,Business,562,3,3,3,3,3,5,5,5,5,5,5,4,3,4,15,0,TRUE
Male,Loyal Customer,52,Personal Travel,Eco,937,2,4,2,1,1,2,3,1,4,5,4,3,1,2.54,0,2,FALSE
Female,Disloyal Customer,26,Business Travel,Eco Plus,602,3,2,3,4,2,3,2,2,3,1,3,1,2,2.38,11,13,FALSE
Female,Loyal Customer,30,Personal Travel,Eco,1062,2,3,2,3,3,2,3,3,3,1,3,1,3,2.46,0,0,FALSE
Female,Loyal Customer,55,Personal Travel,Eco,329,2,5,2,3,3,2,3,1,1,2,1,2,1,2.15,0,0,FALSE
Male,Loyal Customer,60,Personal Travel,Eco,1127,2,4,2,4,5,2,5,5,3,4,3,5,5,3.77,0,0,FALSE
Female,Loyal Customer,31,Personal Travel,Eco,1797,2,5,2,2,1,2,1,1,5,3,3,4,1,2.46,15,1,FALSE
Male,Loyal Customer,25,Business Travel,Business,3017,2,2,4,2,1,2,2,1,4,3,4,2,2,2.38,351,357,FALSE
Male,Disloyal Customer,17,Business Travel,Business,1080,5,0,5,4,4,5,4,4,1,3,5,3,4,3.62,0,0,TRUE
Female,Loyal Customer,40,Personal Travel,Eco,453,2,5,2,4,4,2,3,4,2,4,3,1,4,3.08,0,0,FALSE
Female,Loyal Customer,35,Business Travel,Eco,526,5,1,1,1,5,5,5,5,1,5,1,3,5,3.31,0,0,TRUE
Female,Loyal Customer,11,Personal Travel,Eco Plus,338,5,2,5,3,1,5,2,1,2,2,3,2,1,2.62,0,0,TRUE
Female,Loyal Customer,35,Business Travel,Business,283,2,2,2,2,4,4,4,1,5,3,2,4,4,3,104,134,TRUE
Female,Loyal Customer,41,Business Travel,Business,1276,2,2,2,2,3,4,5,4,4,4,4,5,4,3.46,0,0,TRUE
Male,Loyal Customer,59,Personal Travel,Eco,1773,2,1,2,3,2,2,2,2,3,4,3,3,2,2.38,113,122,FALSE
Female,Loyal Customer,32,Business Travel,Eco Plus,529,2,3,3,3,2,2,2,2,3,5,3,2,2,2.62,11,0,FALSE
Female,Disloyal Customer,26,Business Travel,Eco,862,2,1,1,4,2,1,3,2,3,3,3,3,2,2.31,38,33,FALSE
Male,Loyal Customer,58,Business Travel,Business,262,3,1,1,1,3,4,3,3,3,3,3,4,4,2.77,0,0,FALSE
Male,Loyal Customer,52,Business Travel,Eco,696,3,3,5,3,3,3,3,3,4,4,3,3,3,3.31,5,4,FALSE
Male,Loyal Customer,23,Personal Travel,Eco,599,1,2,1,4,5,1,5,5,1,2,4,2,5,2.92,0,0,FALSE
Male,Disloyal Customer,48,Business Travel,Business,678,2,2,2,3,3,2,3,3,4,3,4,4,3,2.92,41,30,FALSE
Female,Loyal Customer,9,Personal Travel,Eco,337,1,3,5,4,4,5,4,4,3,3,3,1,4,3.38,0,0,FALSE
Male,Loyal Customer,55,Personal Travel,Eco,986,4,5,4,3,3,4,3,3,4,5,4,3,3,3.69,0,0,FALSE
Female,Loyal Customer,49,Business Travel,Business,488,2,2,5,2,3,1,5,5,5,5,5,3,4,3.62,6,18,TRUE
Male,Loyal Customer,43,Business Travel,Business,605,4,4,4,4,2,3,3,4,4,4,4,3,4,3.62,5,0,FALSE
Female,Loyal Customer,59,Business Travel,Business,1372,4,4,4,4,4,4,4,4,4,4,4,4,5,4.08,5,8,TRUE
Female,Disloyal Customer,20,Business Travel,Eco,1096,1,1,1,2,1,1,1,1,2,2,3,3,1,1.54,0,0,FALSE
Female,Loyal Customer,51,Business Travel,Business,3144,2,2,2,2,4,5,5,4,4,4,4,4,3,3.46,0,0,TRUE
Male,Loyal Customer,56,Business Travel,Business,547,4,4,4,4,2,4,5,5,5,5,5,4,3,4.15,0,0,TRUE
Female,Loyal Customer,9,Personal Travel,Eco,679,4,3,4,2,4,4,4,4,1,4,2,3,4,3.31,21,9,FALSE
Male,Loyal Customer,53,Business Travel,Business,102,2,2,2,2,1,2,2,5,5,5,3,3,2,2.77,0,7,TRUE
Female,Loyal Customer,48,Business Travel,Business,184,1,1,1,1,5,4,5,4,4,4,4,3,4,3.15,0,0,TRUE
Female,Loyal Customer,16,Business Travel,Business,2200,3,5,5,5,3,3,3,3,4,4,3,4,3,3.69,0,15,FALSE
Male,Loyal Customer,63,Personal Travel,Eco,197,1,4,1,3,5,1,5,5,3,5,3,4,5,3.46,4,0,FALSE
Male,Loyal Customer,55,Business Travel,Eco,853,4,1,1,1,4,4,4,4,4,3,5,3,4,3.23,3,10,TRUE
Male,Loyal Customer,49,Business Travel,Business,3965,3,3,3,3,4,4,5,3,3,3,3,4,5,3.54,46,31,TRUE
Male,Loyal Customer,54,Business Travel,Eco,1450,3,4,4,4,3,3,3,3,3,4,4,2,3,3.31,63,92,FALSE
Male,Loyal Customer,40,Business Travel,Business,761,1,1,1,1,4,4,4,5,5,5,5,4,3,3.31,26,29,TRUE
Female,Loyal Customer,54,Business Travel,Business,2288,5,5,5,5,4,5,4,5,5,5,5,3,4,4.62,10,1,TRUE
Male,Loyal Customer,45,Business Travel,Business,2145,1,3,5,3,3,3,2,1,1,2,1,4,1,2.31,0,0,FALSE
Female,Loyal Customer,52,Business Travel,Business,2883,5,5,5,5,5,4,1,5,5,5,5,5,4,4.54,39,38,TRUE
Female,Loyal Customer,38,Personal Travel,Eco,1865,2,3,1,2,1,5,5,3,4,5,5,5,5,3.54,292,291,FALSE
Female,Loyal Customer,29,Personal Travel,Eco,620,4,5,4,2,3,4,3,3,5,3,4,4,3,3.62,0,0,TRUE
Male,Disloyal Customer,21,Business Travel,Eco,140,2,3,2,3,4,2,5,4,1,3,3,3,4,3,0,0,FALSE
Female,Loyal Customer,19,Personal Travel,Eco,373,2,0,2,4,3,2,3,3,1,5,4,4,3,2.77,0,0,FALSE
Female,Loyal Customer,34,Personal Travel,Eco,616,1,5,1,2,4,1,4,4,4,4,3,5,4,3.23,0,0,FALSE
Male,Loyal Customer,63,Personal Travel,Eco,1562,3,5,3,3,4,3,4,4,1,2,5,1,4,3.23,0,0,FALSE
Female,Disloyal Customer,22,Business Travel,Business,441,4,0,4,2,2,4,5,2,3,5,4,3,2,3.08,0,0,TRUE
Male,Loyal Customer,22,Business Travel,Business,3202,1,2,2,2,1,1,1,1,4,2,4,2,1,1.85,0,0,FALSE
Female,Loyal Customer,47,Personal Travel,Eco,842,1,5,1,2,5,4,5,1,1,1,1,3,4,2.62,0,0,FALSE
Female,Disloyal Customer,25,Business Travel,Business,325,1,5,1,4,1,1,5,1,4,3,4,5,1,2.77,1,0,FALSE
Male,Loyal Customer,46,Business Travel,Business,3320,0,5,0,2,4,1,2,2,2,2,2,1,3,2,0,0,TRUE
Male,Loyal Customer,77,Business Travel,Eco,346,3,1,1,1,3,3,3,3,3,1,1,3,3,2.23,5,0,FALSE
Male,Loyal Customer,69,Personal Travel,Eco Plus,2300,0,4,0,1,1,0,1,1,5,2,3,4,1,1.77,6,0,TRUE
Female,Disloyal Customer,33,Business Travel,Eco Plus,325,1,1,1,4,5,1,5,5,4,5,3,1,5,3.15,0,0,FALSE
Male,Loyal Customer,37,Business Travel,Business,3308,2,2,2,2,3,2,1,5,5,4,5,4,5,3.23,0,0,TRUE
Female,Loyal Customer,22,Business Travel,Business,3225,3,2,2,2,3,3,3,3,4,4,3,3,3,2.92,0,0,FALSE
Female,Loyal Customer,48,Personal Travel,Eco,641,2,4,2,1,4,4,5,1,1,2,2,3,3,2.62,0,0,FALSE
Male,Loyal Customer,37,Business Travel,Business,3804,4,4,4,4,5,5,4,5,5,5,5,5,3,4.46,0,0,TRUE
Female,Loyal Customer,51,Business Travel,Business,2458,1,5,5,5,4,4,3,1,1,1,1,3,2,2.77,0,0,FALSE
Female,Loyal Customer,21,Personal Travel,Business,641,1,4,2,3,1,2,1,1,4,5,4,3,1,2.46,0,0,FALSE
Female,Loyal Customer,20,Business Travel,Business,1759,2,2,3,2,2,2,2,2,4,5,4,2,2,2.62,1,0,FALSE
Male,Loyal Customer,28,Business Travel,Eco,521,4,3,3,3,4,4,4,4,3,3,2,4,4,3.46,0,0,TRUE
Female,Loyal Customer,29,Business Travel,Eco Plus,575,5,4,4,4,5,4,5,5,2,2,4,1,5,3.85,18,11,FALSE
Male,Disloyal Customer,29,Business Travel,Business,912,1,1,1,4,1,1,1,1,5,3,5,5,1,2.31,9,5,FALSE
Male,Disloyal Customer,19,Business Travel,Business,571,4,5,5,2,5,5,5,5,5,2,4,4,5,4.31,23,41,TRUE
Male,Loyal Customer,43,Business Travel,Business,391,1,1,1,1,5,4,4,4,4,4,4,5,4,3.23,2,0,TRUE
Male,Loyal Customer,67,Business Travel,Business,2456,2,2,2,2,3,3,4,2,2,2,2,2,1,2.23,89,84,FALSE
Female,Disloyal Customer,21,Business Travel,Eco,265,2,0,2,1,1,2,1,1,5,2,1,5,1,1.85,0,0,FALSE
Female,Loyal Customer,56,Business Travel,Business,397,3,5,5,5,5,4,3,3,3,3,3,1,1,3.38,0,0,FALSE
Female,Loyal Customer,39,Personal Travel,Eco,594,2,1,2,3,5,2,5,5,3,5,3,3,5,3.38,7,7,FALSE
Male,Loyal Customer,42,Business Travel,Eco,607,4,2,5,2,4,4,4,4,4,5,2,3,4,3.62,74,65,FALSE
Male,Loyal Customer,8,Personal Travel,Eco,1440,1,2,1,3,3,1,3,3,4,4,4,2,3,2.62,61,70,FALSE
Male,Loyal Customer,54,Business Travel,Business,1444,4,4,4,4,3,5,4,4,4,4,4,3,3,3.85,32,10,TRUE
Male,Disloyal Customer,27,Business Travel,Business,214,4,4,4,4,3,4,3,3,3,1,3,2,3,3.15,0,67,FALSE
Female,Loyal Customer,28,Business Travel,Business,909,1,3,3,3,1,1,1,1,4,2,3,2,1,2,0,0,FALSE
Male,Loyal Customer,58,Personal Travel,Eco,813,5,1,5,3,5,5,5,5,1,2,3,4,5,3.77,0,2,TRUE
Female,Loyal Customer,69,Personal Travel,Eco,912,3,5,3,2,4,5,4,2,2,3,2,4,5,3.38,60,43,FALSE
Male,Loyal Customer,56,Business Travel,Business,2841,5,5,2,5,4,5,5,5,5,5,5,3,4,4.46,39,21,TRUE
Male,Loyal Customer,52,Business Travel,Business,1597,3,4,5,5,2,3,2,2,2,2,3,2,3,2.92,0,0,FALSE
Male,Disloyal Customer,17,Business Travel,Eco,2454,3,3,3,3,3,3,3,3,4,1,3,2,3,2.85,0,0,FALSE
Male,Loyal Customer,58,Personal Travel,Eco,337,4,1,4,3,1,4,4,1,4,4,2,2,1,2.69,0,14,FALSE
Female,Loyal Customer,38,Business Travel,Business,3172,3,3,3,3,4,3,3,4,4,4,4,5,4,3.62,0,0,TRUE
Male,Loyal Customer,48,Business Travel,Business,3792,3,3,3,3,2,5,4,4,4,4,4,3,4,3.54,14,21,TRUE
Female,Disloyal Customer,26,Business Travel,Business,214,1,4,2,3,5,2,5,5,4,2,5,3,5,3.54,0,0,FALSE
Female,Loyal Customer,28,Business Travel,Business,989,5,5,5,5,4,4,4,4,4,3,1,2,4,3.85,0,0,TRUE
Male,Loyal Customer,33,Business Travel,Business,3741,2,3,3,3,2,2,2,2,2,3,2,2,2,2.31,0,0,FALSE
Male,Loyal Customer,49,Business Travel,Business,460,1,1,3,1,5,5,5,5,5,4,5,3,4,3.62,0,0,TRUE
Female,Disloyal Customer,22,Business Travel,Eco,335,3,4,3,2,2,3,2,2,4,4,4,5,2,3.08,9,0,FALSE
Male,Loyal Customer,44,Personal Travel,Eco,1605,3,4,3,2,3,3,3,3,4,3,5,3,3,3.23,45,18,FALSE
Female,Disloyal Customer,30,Business Travel,Eco Plus,224,3,3,3,2,5,3,5,5,3,2,3,1,5,3.31,14,21,FALSE
Female,Disloyal Customer,24,Business Travel,Eco,163,5,0,5,1,3,5,2,3,1,2,5,5,3,3.08,0,0,TRUE
Male,Loyal Customer,32,Business Travel,Business,909,2,2,2,2,5,5,5,5,5,1,3,3,5,3.46,0,0,TRUE
Female,Loyal Customer,46,Business Travel,Business,2798,4,4,4,4,2,2,2,5,5,5,5,1,5,3.69,0,0,TRUE
Female,Loyal Customer,38,Business Travel,Business,1044,3,2,2,2,5,2,1,3,3,3,3,3,1,2.54,8,11,FALSE
Male,Loyal Customer,53,Business Travel,Business,1864,5,5,5,5,2,5,5,4,4,4,4,3,4,4.23,0,0,TRUE
Male,Loyal Customer,14,Business Travel,Eco Plus,1138,3,1,3,3,3,3,4,3,1,2,3,1,3,2.54,2,11,FALSE
Female,Loyal Customer,66,Personal Travel,Eco,345,4,4,4,1,4,4,4,2,2,4,2,3,3,3.15,0,0,TRUE
Male,Loyal Customer,66,Personal Travel,Eco,765,3,5,3,4,3,3,3,3,5,3,5,4,3,3.62,0,85,FALSE
Female,Disloyal Customer,24,Business Travel,Eco,936,5,5,5,4,2,5,1,2,1,1,4,5,2,3.23,0,0,TRUE
Male,Loyal Customer,62,Business Travel,Business,1529,1,1,1,1,3,1,3,5,5,5,5,3,5,3,5,0,TRUE
Male,Loyal Customer,40,Business Travel,Business,3329,3,3,3,3,4,4,4,4,5,3,4,4,4,3.69,0,0,TRUE
Female,Disloyal Customer,26,Business Travel,Business,946,4,0,4,1,4,4,4,4,3,3,5,3,4,3.31,0,10,FALSE
Male,Loyal Customer,16,Personal Travel,Eco,369,5,5,5,1,3,5,5,3,5,1,1,3,3,3.46,0,4,TRUE
Female,Disloyal Customer,23,Business Travel,Eco,177,2,4,3,3,1,3,1,1,1,4,4,4,1,2.46,0,0,FALSE
Male,Loyal Customer,38,Business Travel,Eco Plus,386,3,3,3,3,3,3,3,3,4,5,4,1,3,3.15,45,28,FALSE
Female,Loyal Customer,21,Personal Travel,Eco,719,2,3,2,3,3,2,2,3,4,3,3,3,3,2.77,5,0,FALSE
Female,Disloyal Customer,24,Business Travel,Eco,1020,2,2,2,3,3,2,3,3,1,2,3,3,3,2.46,17,8,FALSE
Male,Loyal Customer,58,Personal Travel,Eco Plus,147,1,5,0,4,5,0,1,5,5,5,3,4,5,3.31,0,0,FALSE
Male,Loyal Customer,36,Personal Travel,Eco,746,2,5,3,2,3,3,3,3,4,5,5,4,3,3.46,0,0,FALSE
Male,Loyal Customer,38,Personal Travel,Eco,271,3,3,3,4,3,3,3,3,3,5,4,4,3,3.38,57,59,FALSE
Male,Loyal Customer,18,Personal Travel,Eco Plus,528,3,5,3,1,2,3,2,2,3,4,5,3,2,2.92,0,0,FALSE
Male,Loyal Customer,63,Personal Travel,Eco,1205,2,4,2,4,2,2,2,2,2,2,4,4,2,2.62,76,,FALSE
Female,Loyal Customer,16,Personal Travel,Eco Plus,2556,2,4,2,3,2,3,2,4,4,5,4,2,2,3,0,13,FALSE
Male,Loyal Customer,53,Business Travel,Business,2556,3,3,3,3,3,5,5,3,3,2,3,3,5,3.38,64,51,TRUE
Male,Loyal Customer,40,Business Travel,Business,3699,2,5,1,1,4,4,4,1,1,1,2,4,2,2.46,0,0,FALSE
Male,Loyal Customer,56,Personal Travel,Eco,2306,3,1,3,1,2,3,2,2,2,4,2,4,2,2.38,23,34,FALSE
Male,Loyal Customer,17,Personal Travel,Eco,859,4,5,3,4,1,3,1,1,5,3,2,3,1,2.77,0,0,TRUE
Female,Loyal Customer,22,Business Travel,Business,2161,4,4,4,4,4,4,4,4,3,4,5,4,4,4,0,0,TRUE
Male,Disloyal Customer,20,Business Travel,Eco,1486,2,2,2,4,3,2,3,3,1,5,4,4,3,2.92,0,0,FALSE
Female,Loyal Customer,41,Business Travel,Eco,184,4,5,5,5,3,4,3,3,2,3,2,2,3,3.38,0,0,TRUE
Female,Loyal Customer,47,Business Travel,Business,2227,4,4,4,4,5,2,1,5,5,5,3,2,5,3.77,0,0,TRUE
Male,Loyal Customer,23,Personal Travel,Eco,630,3,4,3,1,1,3,1,1,4,3,5,4,1,2.62,0,0,FALSE
Male,Loyal Customer,36,Business Travel,Business,3927,1,1,1,1,4,4,4,3,3,4,3,1,1,2.38,0,0,TRUE
Female,Loyal Customer,44,Business Travel,Business,250,0,0,0,1,4,1,5,5,5,5,2,1,5,2.62,0,0,TRUE
Female,Loyal Customer,39,Business Travel,Business,1023,4,4,4,4,2,4,5,5,5,5,5,5,1,4.08,28,6,TRUE
Female,Loyal Customer,53,Business Travel,Business,632,3,3,3,3,4,5,4,4,4,4,4,3,5,3.77,4,13,TRUE
Male,Loyal Customer,59,Personal Travel,Eco,1674,3,1,3,3,2,3,2,2,1,3,3,4,2,2.46,4,0,FALSE
Female,Loyal Customer,60,Business Travel,Business,1590,4,4,4,4,5,4,4,4,4,4,4,5,3,4.08,0,0,TRUE
Female,Loyal Customer,53,Business Travel,Business,1846,4,4,4,4,2,4,4,4,4,4,4,5,4,3.92,24,15,TRUE
Female,Loyal Customer,54,Personal Travel,Eco,696,2,4,2,4,4,5,4,1,1,2,1,3,5,2.92,22,19,FALSE
Male,Loyal Customer,38,Business Travel,Eco,1074,4,1,1,1,4,4,4,4,1,1,4,3,4,2.77,21,32,TRUE
Female,Loyal Customer,44,Business Travel,Business,441,3,3,1,3,4,5,5,5,5,4,5,3,3,3.77,13,18,TRUE
Male,Loyal Customer,42,Personal Travel,Eco,447,3,1,3,4,2,3,2,2,2,3,3,2,2,2.46,0,0,FALSE
Male,Loyal Customer,39,Business Travel,Business,309,4,4,4,4,4,4,5,5,5,5,5,3,5,4.38,25,16,TRUE
Male,Disloyal Customer,47,Business Travel,Business,436,5,5,5,4,2,5,2,2,5,5,5,5,2,4,19,8,TRUE
Female,Loyal Customer,34,Personal Travel,Business,175,2,4,0,3,2,5,4,4,4,0,4,3,4,3,0,0,FALSE
Male,Loyal Customer,42,Personal Travel,Eco,577,3,2,3,4,5,3,5,5,3,4,3,3,5,3.69,1,0,FALSE
Male,Loyal Customer,25,Personal Travel,Business,507,2,4,2,2,3,2,3,3,2,3,5,3,3,2.85,5,2,FALSE
Male,Loyal Customer,42,Personal Travel,Eco Plus,164,3,5,0,3,3,0,3,3,3,5,4,3,3,2.92,0,0,FALSE
Female,Loyal Customer,68,Personal Travel,Eco,862,2,5,2,2,5,4,4,5,5,2,5,4,5,3.85,0,0,FALSE
Female,Loyal Customer,62,Business Travel,Business,239,2,3,3,3,2,3,3,2,2,3,2,3,4,2.69,0,0,FALSE
Female,Disloyal Customer,17,Business Travel,Eco,106,3,2,3,3,4,3,4,4,1,3,3,3,4,3.08,0,0,FALSE
Male,Loyal Customer,63,Personal Travel,Eco,1145,3,4,2,3,1,2,1,1,3,2,3,5,1,2.38,0,0,FALSE
Male,Loyal Customer,34,Personal Travel,Eco,651,2,0,2,2,2,2,4,2,4,3,5,5,2,2.69,0,0,FALSE
Female,Disloyal Customer,40,Business Travel,Business,325,1,1,1,3,1,1,1,1,2,4,4,3,1,1.85,0,0,FALSE
Male,Loyal Customer,41,Business Travel,Business,2475,2,2,2,2,4,4,4,2,2,2,2,4,4,2.77,0,0,FALSE
Female,Disloyal Customer,20,Business Travel,Eco,771,5,5,5,1,1,5,5,1,5,4,4,5,1,3.62,39,35,TRUE
Male,Loyal Customer,41,Personal Travel,Eco,991,3,4,3,5,5,3,5,5,5,3,4,4,5,4.15,0,0,FALSE
Male,Loyal Customer,9,Personal Travel,Eco,190,5,5,5,4,5,5,5,5,3,2,5,4,5,4.46,0,0,TRUE
Female,Disloyal Customer,32,Business Travel,Business,228,2,2,2,5,4,2,5,4,5,4,5,3,4,3.62,48,94,FALSE
Male,Loyal Customer,34,Personal Travel,Eco Plus,762,2,2,2,3,4,2,1,4,4,4,4,2,4,2.92,102,93,FALSE
Female,Disloyal Customer,39,Business Travel,Eco Plus,231,2,2,2,1,2,2,2,2,4,4,3,4,2,2.46,0,0,TRUE
Female,Disloyal Customer,30,Business Travel,Eco,989,2,2,2,1,2,2,2,2,3,4,1,4,2,2.23,10,2,FALSE
Male,Loyal Customer,44,Business Travel,Eco Plus,1541,5,3,3,3,5,5,5,5,5,5,4,3,5,4.31,10,32,TRUE
Female,Loyal Customer,40,Business Travel,Business,3317,4,4,4,4,3,3,3,4,4,4,4,3,2,3.54,0,0,TRUE
Female,Loyal Customer,26,Business Travel,Eco Plus,541,3,3,2,3,3,2,1,3,4,4,4,2,3,2.85,0,4,FALSE
Female,Loyal Customer,54,Business Travel,Eco,957,3,5,5,5,3,3,4,3,3,3,3,4,4,3.69,35,36,FALSE
Female,Loyal Customer,37,Personal Travel,Eco,170,3,1,3,3,4,3,4,4,2,5,4,3,4,3.31,0,0,FALSE
Male,Loyal Customer,59,Business Travel,Business,544,5,1,5,5,4,5,5,5,5,5,5,4,3,4.38,0,0,TRUE
Female,Loyal Customer,36,Personal Travel,Eco,1313,3,2,2,4,5,2,5,5,4,3,2,4,5,3.54,0,0,FALSE
Male,Loyal Customer,15,Personal Travel,Eco Plus,86,1,3,1,2,2,1,2,2,1,4,2,2,2,1.92,10,24,FALSE
Female,Loyal Customer,26,Business Travel,Business,1590,1,5,3,5,1,1,1,1,3,1,2,1,1,2,55,32,FALSE
Female,Disloyal Customer,26,Business Travel,Business,327,3,3,3,3,5,3,4,5,2,4,4,2,5,3.54,0,0,FALSE
Female,Loyal Customer,17,Personal Travel,Eco,1874,2,2,2,3,5,2,5,5,4,2,4,1,5,3.23,0,6,FALSE
Male,Loyal Customer,58,Business Travel,Business,1712,1,1,1,1,4,5,4,5,5,5,5,4,3,3.38,3,0,TRUE
Female,Loyal Customer,39,Business Travel,Business,3733,5,5,5,5,2,4,5,4,4,4,4,4,4,4.23,0,0,TRUE
Female,Loyal Customer,55,Personal Travel,Eco,925,1,5,1,3,2,5,4,4,4,1,4,3,3,3.08,0,0,FALSE
Male,Disloyal Customer,24,Business Travel,Eco,481,2,4,2,4,1,2,1,1,3,5,3,2,1,2.38,0,0,FALSE
Male,Loyal Customer,54,Business Travel,Business,2172,4,4,4,4,4,4,4,4,4,4,4,3,5,4,0,0,TRUE
Female,Loyal Customer,30,Personal Travel,Eco,802,3,3,4,3,3,4,3,3,3,2,3,4,3,3.15,4,13,FALSE
Male,Loyal Customer,38,Business Travel,Business,3581,3,2,2,2,1,1,2,3,3,3,3,2,3,2.31,115,108,FALSE
Female,Loyal Customer,49,Personal Travel,Business,281,3,4,3,3,4,4,4,3,3,3,3,5,5,3.62,76,80,FALSE
Female,Loyal Customer,65,Personal Travel,Eco,964,3,4,3,1,3,5,4,2,2,3,2,4,3,3,8,0,FALSE
Male,Loyal Customer,32,Personal Travel,Eco,1605,3,4,3,5,4,3,4,4,4,5,3,3,4,3.77,10,0,FALSE
Female,Loyal Customer,24,Business Travel,Business,1197,2,2,2,2,2,2,2,2,4,5,4,5,2,2.77,4,0,TRUE
Male,Loyal Customer,29,Business Travel,Eco Plus,771,4,1,1,1,4,4,4,4,3,5,5,5,4,3.46,19,6,TRUE
Male,Loyal Customer,17,Personal Travel,Eco,370,2,4,2,3,4,2,4,4,4,3,1,1,4,2.92,28,31,FALSE
Female,Loyal Customer,18,Personal Travel,Eco,738,1,4,1,3,3,1,3,3,5,2,5,3,3,2.85,0,0,FALSE
Female,Disloyal Customer,35,Business Travel,Eco,2442,3,3,3,1,3,1,4,2,3,3,2,4,4,2.77,0,6,FALSE
Female,Loyal Customer,68,Personal Travel,Eco,641,1,5,1,4,5,5,5,2,2,1,2,3,3,3,0,0,FALSE
Male,Disloyal Customer,36,Business Travel,Eco,993,1,1,1,3,4,1,4,4,4,2,3,4,4,2.77,126,115,FALSE
Female,Loyal Customer,8,Personal Travel,Eco,862,3,5,3,2,4,3,4,4,3,3,5,4,4,3.62,0,14,FALSE
Female,Loyal Customer,55,Business Travel,Business,3639,1,1,1,1,3,5,5,4,4,4,4,4,5,3.23,0,0,TRUE
Female,Loyal Customer,63,Business Travel,Business,214,2,5,5,5,5,3,4,2,2,2,2,4,3,3.38,0,0,FALSE
Female,Loyal Customer,61,Personal Travel,Eco,134,1,4,0,4,3,3,4,5,5,0,1,3,1,2.62,0,0,FALSE
Male,Disloyal Customer,21,Business Travel,Eco,280,4,0,4,3,5,4,5,5,4,2,5,3,5,3.77,0,0,TRUE
Male,Loyal Customer,44,Personal Travel,Eco Plus,888,3,5,3,3,5,3,4,5,5,2,5,3,5,3.92,14,0,FALSE
Male,Loyal Customer,54,Personal Travel,Eco,1222,3,4,2,3,2,2,1,2,4,1,3,4,2,2.54,0,0,FALSE
Male,Loyal Customer,69,Business Travel,Eco,270,2,3,3,3,2,2,2,2,2,2,4,1,2,2.31,0,0,FALSE
Male,Disloyal Customer,20,Business Travel,Eco,209,2,0,2,3,1,2,1,1,2,5,4,1,1,1.92,0,0,FALSE
Female,Loyal Customer,24,Business Travel,Business,2926,5,5,5,5,4,4,4,4,5,2,2,2,4,3.92,9,0,TRUE
Female,Loyal Customer,22,Business Travel,Eco Plus,683,4,3,3,3,4,3,2,4,4,4,2,2,4,3.23,0,56,FALSE
Male,Loyal Customer,53,Business Travel,Business,763,2,1,1,1,2,2,2,4,5,4,4,2,2,2.46,200,199,FALSE
Female,Loyal Customer,57,Business Travel,Business,2342,5,5,2,5,3,4,4,4,4,4,4,3,4,3.92,0,0,TRUE
Male,Loyal Customer,19,Personal Travel,Eco,925,3,2,3,3,1,3,3,1,1,5,2,1,1,2.23,0,20,FALSE
Female,Disloyal Customer,36,Business Travel,Business,328,3,3,3,2,2,3,2,2,5,5,5,5,2,3.23,0,,FALSE
Male,Loyal Customer,67,Personal Travel,Eco,404,2,5,2,3,3,2,3,3,4,2,4,4,3,3.08,0,0,FALSE
Male,Disloyal Customer,28,Business Travel,Eco,563,4,5,4,1,1,4,1,1,3,2,4,1,1,2.46,16,12,FALSE
Female,Loyal Customer,37,Business Travel,Business,3991,2,2,2,2,3,2,2,5,5,5,5,2,4,3.15,0,0,TRUE
Female,Loyal Customer,17,Business Travel,Eco Plus,996,2,2,1,1,2,2,1,2,1,5,3,1,2,1.92,0,0,FALSE
Male,Disloyal Customer,16,Business Travel,Eco,411,3,3,3,3,2,3,2,2,2,4,4,4,2,2.85,19,10,FALSE
Male,Loyal Customer,30,Personal Travel,Business,429,2,3,2,3,5,2,5,5,1,1,1,3,5,2.92,0,0,FALSE
Female,Loyal Customer,23,Business Travel,Business,1762,5,5,5,5,4,4,4,4,4,2,3,1,4,3.85,69,55,TRUE
Female,Loyal Customer,68,Personal Travel,Eco,547,2,3,2,4,5,2,3,3,3,2,3,1,3,2.77,91,108,FALSE
Female,Loyal Customer,44,Personal Travel,Business,337,1,4,1,3,5,4,4,2,2,1,2,4,5,2.92,1,0,FALSE
Male,Disloyal Customer,25,Personal Travel,Business,1694,4,5,5,4,2,5,2,2,2,3,4,1,2,3.15,29,27,FALSE
Female,Disloyal Customer,29,Business Travel,Eco,214,3,1,3,1,3,3,3,3,5,2,2,3,3,2.69,152,153,FALSE
Female,Loyal Customer,34,Business Travel,Business,425,3,3,3,3,2,3,3,3,3,3,3,3,3,2.92,0,0,FALSE
Male,Loyal Customer,49,Business Travel,Eco,1208,4,5,5,5,4,4,4,4,4,4,2,4,4,4.08,0,0,TRUE
Female,Loyal Customer,52,Business Travel,Business,3177,2,5,5,5,4,3,4,2,2,2,2,2,4,3.23,0,0,FALSE
Male,Disloyal Customer,50,Business Travel,Business,236,2,2,2,4,2,2,2,2,3,1,3,4,2,2.38,0,0,FALSE
Female,Disloyal Customer,21,Business Travel,Eco,777,0,0,0,3,5,0,5,5,5,4,3,2,5,2.85,0,0,TRUE
Female,Disloyal Customer,36,Business Travel,Business,369,1,1,1,1,3,1,3,3,5,5,4,3,3,2.62,4,0,FALSE
Male,Loyal Customer,15,Personal Travel,Eco,287,4,1,4,3,3,4,3,3,1,3,2,4,3,2.92,0,0,FALSE
Female,Loyal Customer,58,Business Travel,Eco,1072,2,4,4,4,3,4,3,2,2,2,2,3,3,2.92,1,16,FALSE
Female,Loyal Customer,48,Personal Travel,Business,1065,3,5,3,5,4,5,4,4,4,3,5,5,5,4.23,0,0,FALSE
Female,Loyal Customer,26,Personal Travel,Eco,1346,3,5,3,1,2,3,2,2,4,2,3,5,2,2.85,0,0,FALSE
Male,Disloyal Customer,24,Business Travel,Eco,577,2,1,2,3,4,2,2,4,3,4,2,1,4,2.62,1,5,FALSE
Male,Loyal Customer,13,Personal Travel,Eco Plus,266,4,0,4,1,2,4,2,2,4,3,5,5,2,2.92,41,46,FALSE
Male,Loyal Customer,19,Business Travel,Business,2156,2,2,2,2,4,4,4,4,5,4,4,3,4,3.38,0,0,TRUE
Male,Loyal Customer,60,Personal Travel,Business,641,2,4,2,4,4,5,5,4,4,2,1,4,3,3.38,0,0,FALSE
Female,Loyal Customer,39,Business Travel,Business,3926,5,5,5,5,3,5,5,5,5,5,5,4,3,4.62,15,0,TRUE
Male,Loyal Customer,9,Business Travel,Business,1576,2,2,2,2,5,5,5,5,3,3,5,5,5,3.77,0,0,TRUE
Male,Loyal Customer,58,Business Travel,Business,594,1,3,3,3,4,4,4,1,1,1,1,4,4,2.62,0,8,FALSE
Male,Loyal Customer,12,Business Travel,Business,3145,3,3,3,3,5,5,5,5,3,5,5,4,5,4.15,4,0,TRUE
Male,Loyal Customer,39,Personal Travel,Eco,750,3,3,3,5,5,3,5,5,2,1,4,2,5,3.54,0,78,FALSE
Male,Loyal Customer,45,Business Travel,Business,2253,5,5,5,5,5,4,4,4,4,4,4,3,3,4.23,5,4,TRUE
Female,Loyal Customer,75,Business Travel,Eco,390,2,3,2,2,1,3,2,2,2,2,2,3,4,2.31,24,16,FALSE
Female,Loyal Customer,70,Personal Travel,Eco Plus,404,1,3,1,4,3,4,4,2,2,1,2,2,2,2.38,47,40,FALSE
Female,Loyal Customer,47,Business Travel,Business,992,5,5,4,5,2,4,5,4,4,4,4,5,3,4.15,4,0,TRUE
Female,Loyal Customer,40,Personal Travel,Eco,594,1,1,1,4,3,1,4,3,4,5,3,4,3,2.85,13,15,FALSE
Female,Disloyal Customer,25,Business Travel,Eco,265,1,2,1,3,4,1,5,4,4,1,3,3,4,2.77,85,80,FALSE
Male,Loyal Customer,56,Business Travel,Eco,1089,2,3,3,3,2,2,2,2,3,4,3,1,2,2.46,0,0,FALSE
Female,Loyal Customer,58,Personal Travel,Eco,967,2,5,2,4,2,5,5,1,1,2,1,3,4,2.85,2,0,FALSE
Male,Loyal Customer,41,Business Travel,Business,3865,4,4,1,4,5,4,4,4,4,4,4,4,5,3.92,0,0,TRUE
Male,Loyal Customer,42,Business Travel,Business,3945,3,5,5,5,1,3,3,3,3,3,3,1,2,3.08,7,13,FALSE
Male,Disloyal Customer,23,Business Travel,Eco,1452,2,2,2,3,1,2,1,1,4,3,3,3,1,2.15,0,0,FALSE
Male,Loyal Customer,45,Business Travel,Business,164,1,1,3,1,2,2,4,5,5,5,5,3,5,3.23,0,0,TRUE
Female,Loyal Customer,52,Business Travel,Business,296,4,4,4,4,2,2,1,5,5,5,5,2,5,3.69,4,0,TRUE
Female,Loyal Customer,19,Personal Travel,Eco,134,2,3,2,3,5,2,5,5,1,2,4,3,5,3.23,0,13,FALSE
Female,Loyal Customer,31,Business Travel,Business,763,4,4,4,4,4,4,4,4,3,5,5,3,4,4,10,22,TRUE
Female,Loyal Customer,32,Business Travel,Business,1869,4,4,4,4,4,4,4,4,3,2,4,2,4,3.62,0,1,TRUE
Female,Loyal Customer,57,Business Travel,Business,2310,3,3,3,3,4,4,5,3,3,3,3,4,3,3.38,0,0,TRUE
Male,Loyal Customer,51,Business Travel,Eco,759,3,5,5,5,2,3,2,2,3,2,3,4,2,3.15,0,0,FALSE
Male,Loyal Customer,49,Business Travel,Business,1290,1,1,1,1,3,4,5,5,5,5,5,3,4,3.31,0,2,TRUE
Female,Disloyal Customer,24,Business Travel,Eco,265,3,0,3,3,4,3,4,4,2,2,2,4,4,2.92,0,0,FALSE
Female,Loyal Customer,21,Personal Travel,Eco,1235,2,5,2,3,2,2,2,2,5,4,5,5,2,3.15,4,9,FALSE
Male,Loyal Customer,9,Personal Travel,Eco,190,3,2,3,3,3,3,3,3,4,4,3,4,3,3.15,33,26,FALSE
Male,Loyal Customer,47,Business Travel,Business,2086,3,3,3,3,2,4,5,4,4,4,4,3,4,3.54,0,0,TRUE
Male,Loyal Customer,54,Personal Travel,Eco,1217,4,3,4,2,3,4,3,3,3,3,5,1,3,3.15,0,2,FALSE
Male,Loyal Customer,46,Business Travel,Business,1535,3,3,3,3,3,5,4,2,2,3,2,3,4,3.08,0,0,TRUE
Female,Disloyal Customer,36,Business Travel,Business,352,4,4,4,5,2,4,2,2,5,2,4,4,2,3.38,8,0,FALSE
Male,Loyal Customer,44,Business Travel,Eco,143,3,5,5,5,4,3,4,4,4,4,4,2,4,3.92,66,68,FALSE
Female,Loyal Customer,68,Personal Travel,Eco Plus,1086,3,3,2,3,3,4,4,1,1,2,1,2,4,2.54,0,0,FALSE
Male,Disloyal Customer,22,Business Travel,Eco,223,3,5,3,1,2,3,2,2,3,2,4,4,2,2.77,0,0,FALSE
Male,Loyal Customer,47,Business Travel,Business,2611,3,3,5,3,3,3,2,3,3,3,3,2,2,2.92,0,0,FALSE
Female,Loyal Customer,26,Business Travel,Eco,762,4,4,5,5,4,4,1,4,3,4,1,3,4,3.54,0,6,FALSE
Female,Loyal Customer,23,Business Travel,Business,1716,4,1,1,1,4,4,4,4,3,3,3,4,4,3.08,19,2,FALSE
Male,Loyal Customer,25,Personal Travel,Eco,308,5,4,5,2,3,5,3,3,4,2,5,3,3,3.62,0,3,TRUE
Female,Loyal Customer,55,Personal Travel,Eco,190,2,5,2,3,2,4,4,1,1,2,1,3,4,2.62,32,32,FALSE
Male,Loyal Customer,44,Business Travel,Business,3876,2,2,2,2,3,5,5,5,5,5,4,3,4,3.62,0,0,TRUE
Male,Loyal Customer,53,Business Travel,Business,2295,1,1,1,1,5,5,5,4,4,4,4,5,4,3.38,40,34,TRUE
Female,Loyal Customer,40,Business Travel,Eco,376,2,4,2,2,2,2,2,2,4,5,4,3,2,2.77,19,11,FALSE
Male,Loyal Customer,46,Business Travel,Business,1606,5,5,5,5,2,5,5,5,5,5,5,3,5,4.62,21,12,TRUE
Female,Loyal Customer,38,Personal Travel,Eco,404,5,3,5,1,5,5,5,5,1,2,5,3,5,3.85,0,0,TRUE
Female,Loyal Customer,51,Business Travel,Business,3278,4,3,3,3,1,3,4,4,4,3,4,2,2,3.08,0,0,FALSE
Female,Loyal Customer,47,Business Travel,Eco,391,2,3,3,3,3,3,5,2,2,2,2,3,4,2.85,0,0,TRUE
Male,Loyal Customer,60,Business Travel,Business,883,2,5,2,2,5,4,5,5,5,5,5,3,4,4,58,41,TRUE
Male,Loyal Customer,58,Business Travel,Business,370,2,2,2,2,3,4,5,3,3,4,3,5,4,3.23,0,0,TRUE
Female,Loyal Customer,46,Business Travel,Business,1400,3,3,2,3,4,4,5,5,5,5,5,4,3,3.92,1,0,TRUE
Female,Loyal Customer,27,Business Travel,Eco,1069,4,5,5,5,4,4,4,4,5,2,3,3,4,4,0,0,TRUE
Male,Loyal Customer,35,Business Travel,Business,3293,1,1,1,1,5,3,2,4,4,5,4,2,4,2.85,43,59,TRUE
Female,Loyal Customer,43,Personal Travel,Eco,130,2,0,2,2,3,4,4,4,4,2,4,5,4,3.08,3,5,FALSE
Male,Disloyal Customer,36,Business Travel,Eco,956,1,1,1,2,1,1,1,1,5,1,2,5,1,1.77,20,2,FALSE
Female,Disloyal Customer,25,Business Travel,Eco,1120,3,3,3,3,5,3,5,5,4,3,4,2,5,3.69,5,12,FALSE
Female,Loyal Customer,20,Personal Travel,Eco,1506,2,4,2,3,2,2,2,2,2,2,4,2,2,2.38,0,8,FALSE
Male,Loyal Customer,56,Business Travel,Business,3468,1,1,1,1,4,5,4,5,5,4,5,5,3,3.38,0,0,TRUE
Female,Disloyal Customer,26,Business Travel,Business,184,2,1,1,2,4,1,4,4,5,4,5,3,4,3.08,26,55,FALSE
Female,Loyal Customer,16,Business Travel,Business,1389,5,3,5,5,3,3,3,3,3,3,4,3,3,3.54,5,0,TRUE
Female,Disloyal Customer,45,Business Travel,Eco,849,3,4,4,3,1,4,1,1,4,3,4,2,1,2.69,7,3,FALSE
Female,Loyal Customer,63,Personal Travel,Eco,1773,1,1,1,2,4,2,3,1,1,1,1,3,3,1.85,10,17,FALSE
Male,Loyal Customer,30,Business Travel,Business,226,4,1,4,4,4,4,4,4,3,2,5,4,4,3.62,3,0,TRUE
Female,Loyal Customer,26,Business Travel,Business,2699,2,4,4,4,2,2,2,2,3,1,3,1,2,2.46,3,0,FALSE
Female,Loyal Customer,49,Business Travel,Business,767,3,3,3,3,5,4,4,5,5,4,5,5,4,4.08,0,0,TRUE
Female,Loyal Customer,25,Business Travel,Business,529,1,1,4,1,4,4,4,4,3,2,4,5,4,3.15,0,0,TRUE
Male,Loyal Customer,21,Personal Travel,Eco,528,2,5,2,3,3,2,3,3,3,2,5,3,3,3,64,69,FALSE
Male,Loyal Customer,45,Business Travel,Eco,867,1,3,3,3,1,1,1,1,1,3,4,1,1,1.85,0,0,FALSE
Male,Loyal Customer,37,Business Travel,Business,2253,3,3,3,3,3,5,5,4,4,4,4,5,3,3.77,0,12,TRUE
Female,Loyal Customer,37,Business Travel,Business,192,4,5,5,5,1,4,3,3,3,3,4,1,3,3.38,72,65,FALSE
Female,Loyal Customer,18,Business Travel,Business,2699,3,3,3,3,5,5,5,5,5,3,4,4,5,4.08,0,0,TRUE
Female,Disloyal Customer,50,Business Travel,Business,201,4,4,4,5,3,4,3,3,5,4,4,3,3,3.77,0,0,TRUE
Female,Loyal Customer,24,Business Travel,Business,2182,2,2,2,2,3,4,3,3,5,5,4,3,3,3.15,2,0,TRUE
Female,Loyal Customer,38,Personal Travel,Eco,406,2,4,2,4,5,2,1,5,4,4,5,5,5,3.69,9,0,FALSE
Male,Loyal Customer,54,Business Travel,Business,1590,3,5,5,5,1,4,3,3,3,3,3,3,3,3.38,0,0,FALSE
Female,Loyal Customer,42,Business Travel,Business,1500,5,5,5,5,3,4,5,2,2,2,2,3,5,3.69,2,0,TRUE
Male,Loyal Customer,41,Business Travel,Business,237,3,3,3,3,3,5,4,4,4,4,4,3,3,3.54,0,0,TRUE
Male,Loyal Customer,57,Business Travel,Business,2846,4,3,3,3,2,3,3,4,4,4,4,4,4,3.46,38,40,FALSE
Male,Loyal Customer,59,Business Travel,Business,1585,3,4,4,4,3,3,3,3,3,3,3,3,1,3.08,0,72,FALSE
Female,Loyal Customer,56,Business Travel,Business,1055,3,3,3,3,2,5,5,4,4,5,4,4,4,3.77,0,0,TRUE
Female,Loyal Customer,8,Personal Travel,Eco,532,3,4,3,4,3,3,3,3,4,5,5,4,3,3.62,0,0,FALSE
Female,Loyal Customer,41,Business Travel,Eco,402,5,1,1,1,5,5,5,5,2,2,5,1,5,3.31,18,0,TRUE
Female,Disloyal Customer,20,Business Travel,Eco,239,1,4,1,2,4,1,4,4,5,2,4,5,4,3.15,0,0,FALSE
Male,Loyal Customer,66,Personal Travel,Eco,851,2,3,2,3,3,2,3,3,2,2,2,1,3,2.38,1,3,FALSE
Male,Loyal Customer,33,Personal Travel,Eco,214,2,4,2,1,1,2,5,1,5,2,4,4,1,2.62,0,2,FALSE
Female,Disloyal Customer,62,Business Travel,Business,169,4,4,4,4,1,4,1,1,5,3,5,4,1,3.15,0,0,FALSE
Female,Loyal Customer,17,Personal Travel,Eco,674,5,4,5,2,5,5,5,5,4,4,5,4,5,4.46,29,30,TRUE
Female,Loyal Customer,60,Business Travel,Eco Plus,238,5,4,4,4,1,5,5,4,4,5,4,3,2,3.85,0,11,TRUE
Male,Loyal Customer,47,Personal Travel,Eco,678,2,2,2,2,5,2,5,5,1,5,2,1,5,3,0,0,FALSE
Female,Loyal Customer,39,Business Travel,Business,759,1,1,1,1,4,4,4,5,5,5,5,3,4,3.31,0,0,TRUE
Male,Loyal Customer,20,Business Travel,Eco Plus,1197,0,3,0,2,2,0,2,2,2,1,4,2,2,1.69,18,9,TRUE
Male,Loyal Customer,35,Personal Travel,Eco,2611,2,2,2,2,2,2,2,2,3,2,2,1,2,2,0,0,FALSE
Female,Disloyal Customer,34,Business Travel,Business,1535,4,4,4,2,3,4,3,3,3,4,4,5,3,3.54,21,24,FALSE
Male,Loyal Customer,54,Personal Travel,Eco,1990,0,3,0,4,2,0,2,2,3,3,3,2,2,2,0,0,TRUE
Male,Disloyal Customer,37,Business Travel,Eco Plus,101,3,3,3,3,2,3,2,2,2,1,4,2,2,2.46,0,0,FALSE
Female,Loyal Customer,48,Business Travel,Business,3563,5,5,5,5,5,4,5,4,4,4,4,5,5,4.62,0,0,TRUE
Male,Disloyal Customer,44,Business Travel,Eco,1170,3,3,3,3,4,3,4,4,2,5,3,4,4,3.46,22,19,FALSE
Female,Loyal Customer,32,Business Travel,Business,948,1,3,3,3,1,1,1,1,2,2,4,4,1,2.08,28,23,FALSE
Male,Loyal Customer,46,Business Travel,Business,228,4,4,4,4,4,3,5,4,4,4,4,5,2,3.92,103,93,TRUE
Female,Loyal Customer,43,Business Travel,Business,2306,3,3,3,3,4,4,4,3,4,5,4,4,4,3.69,624,615,TRUE
Male,Loyal Customer,54,Personal Travel,Eco,2404,2,3,2,3,5,2,5,5,2,1,4,4,5,3.31,0,0,FALSE
Male,Loyal Customer,58,Personal Travel,Eco,965,3,5,3,4,1,3,1,1,5,4,4,5,1,3.08,31,32,FALSE
Female,Loyal Customer,56,Personal Travel,Eco Plus,867,4,4,4,3,3,4,3,5,5,4,5,4,2,3.85,0,0,FALSE
Female,Loyal Customer,32,Personal Travel,Eco,866,3,4,3,3,3,3,3,3,3,5,4,1,3,3.15,0,0,FALSE
Male,Disloyal Customer,41,Business Travel,Business,311,5,5,5,4,3,5,3,3,5,2,5,5,3,4.08,0,0,TRUE
Male,Loyal Customer,54,Business Travel,Business,1407,4,4,4,4,3,5,5,5,5,5,5,4,3,4.31,32,32,TRUE
Female,Loyal Customer,10,Personal Travel,Eco,862,4,4,4,4,3,4,3,3,4,4,4,2,3,3.54,10,0,TRUE
Female,Loyal Customer,23,Personal Travel,Eco,1024,3,2,3,4,2,3,1,2,2,1,4,2,2,2.38,0,0,FALSE
Female,Loyal Customer,56,Personal Travel,Eco,334,3,5,3,3,2,4,5,5,5,3,5,5,5,4.08,0,0,FALSE
Male,Loyal Customer,38,Business Travel,Eco,201,2,2,2,2,2,2,2,2,4,3,3,3,2,2.38,0,0,FALSE
Male,Loyal Customer,51,Personal Travel,Eco,368,2,4,2,3,3,2,3,3,3,3,3,3,3,2.85,0,0,FALSE
Male,Loyal Customer,17,Personal Travel,Eco,364,0,5,0,4,5,0,5,5,5,3,5,5,5,3.62,0,0,TRUE
Male,Loyal Customer,48,Business Travel,Business,1379,5,5,5,5,4,4,5,5,5,5,5,3,4,4.62,0,0,TRUE
Male,Loyal Customer,34,Business Travel,Business,577,4,4,4,4,5,5,5,3,2,4,4,5,5,4.15,182,193,TRUE
Male,Loyal Customer,67,Personal Travel,Eco,562,2,4,2,4,1,2,1,1,4,2,5,4,1,2.54,0,0,FALSE
Male,Loyal Customer,58,Business Travel,Business,515,3,3,3,3,4,5,5,5,5,5,5,4,5,4.23,17,12,TRUE
Male,Loyal Customer,46,Business Travel,Business,3455,1,5,5,5,1,3,3,1,1,1,1,3,3,2.54,0,0,FALSE
Female,Loyal Customer,50,Personal Travel,Eco,237,2,4,2,1,5,4,4,2,2,2,2,3,3,2.77,0,0,FALSE
Female,Loyal Customer,32,Business Travel,Business,2270,0,5,1,3,5,5,5,5,2,2,2,4,5,3.38,0,0,TRUE
Male,Loyal Customer,43,Business Travel,Business,2343,3,3,3,3,4,4,5,5,5,5,5,5,4,4.15,0,0,TRUE
Female,Disloyal Customer,20,Business Travel,Eco,255,3,0,3,2,5,3,4,5,4,5,5,4,5,3.69,12,18,FALSE
Male,Loyal Customer,39,Personal Travel,Business,925,1,3,1,4,5,5,2,2,2,1,2,5,3,2.77,0,0,FALSE
Female,Loyal Customer,28,Business Travel,Business,3124,4,4,4,4,4,4,4,4,4,3,4,5,4,4,0,0,TRUE
Male,Loyal Customer,52,Personal Travel,Business,646,4,3,5,3,5,2,3,3,3,5,3,4,2,3.46,0,0,TRUE
Female,Loyal Customer,52,Business Travel,Business,2244,2,2,2,2,2,4,4,5,5,4,5,5,3,3.46,24,17,TRUE
Male,Loyal Customer,41,Business Travel,Eco,980,4,1,1,1,4,4,4,4,2,4,4,2,4,3,0,0,FALSE
Male,Loyal Customer,12,Personal Travel,Eco Plus,390,3,4,3,1,5,3,5,5,4,5,5,4,5,4,0,0,FALSE
Male,Loyal Customer,61,Business Travel,Business,236,2,1,1,1,2,2,2,2,2,2,2,3,1,1.77,0,0,FALSE
Female,Loyal Customer,59,Personal Travel,Eco,226,3,5,3,4,4,4,5,1,1,3,1,4,3,3.15,1,18,FALSE
Female,Loyal Customer,43,Business Travel,Business,2782,3,3,2,3,3,5,5,5,5,5,5,3,5,4,0,0,TRUE
Male,Loyal Customer,32,Business Travel,Business,997,3,3,3,3,4,4,4,4,5,4,5,4,4,3.85,12,11,TRUE
Female,Disloyal Customer,28,Business Travel,Eco Plus,1448,0,0,0,3,5,0,5,5,3,1,2,3,5,2.46,0,0,TRUE
Female,Loyal Customer,29,Business Travel,Eco,1452,3,1,1,1,3,3,3,3,4,4,4,3,3,2.77,0,16,FALSE
Female,Loyal Customer,40,Business Travel,Business,2472,2,5,5,5,2,1,2,2,2,2,2,4,3,2.85,4,15,FALSE
Female,Loyal Customer,61,Personal Travel,Eco,347,3,5,1,3,5,4,3,3,3,1,3,1,3,2.92,0,0,FALSE
Male,Loyal Customer,42,Personal Travel,Eco,1390,2,5,2,4,5,2,5,5,1,5,3,5,5,3.77,24,9,FALSE
Male,Loyal Customer,59,Business Travel,Eco,208,4,2,2,2,4,4,4,4,2,5,5,4,4,3.54,90,119,TRUE
Male,Loyal Customer,42,Business Travel,Business,2772,3,2,3,3,3,5,5,4,4,4,4,5,3,3.69,41,34,TRUE
Male,Loyal Customer,42,Business Travel,Business,3933,2,2,2,2,3,1,2,5,5,5,5,2,1,2.85,0,0,TRUE
Male,Loyal Customer,47,Business Travel,Business,229,5,5,3,5,3,4,5,3,3,4,3,3,5,3.92,36,27,TRUE
Male,Loyal Customer,29,Business Travel,Eco,1218,1,4,5,4,1,1,1,1,1,2,3,4,1,2.23,0,0,FALSE
Female,Loyal Customer,41,Business Travel,Eco,1721,4,5,5,5,4,4,4,4,1,2,3,4,4,3.77,0,0,FALSE
Male,Loyal Customer,59,Business Travel,Business,2565,4,4,4,4,4,3,3,3,5,3,5,3,3,3.69,3,0,TRUE
Male,Loyal Customer,61,Business Travel,Business,2249,5,5,5,5,2,4,4,4,4,4,4,4,5,4.23,1,0,TRUE
Female,Disloyal Customer,27,Business Travel,Eco Plus,261,1,1,1,1,4,1,4,4,3,5,2,4,4,2.69,0,0,FALSE
Male,Loyal Customer,35,Personal Travel,Eco,227,2,5,2,2,1,2,1,1,3,2,4,3,1,2.23,0,0,FALSE
Male,Disloyal Customer,28,Personal Travel,Eco,1597,2,4,2,1,1,2,1,1,4,4,4,3,1,2.31,0,0,FALSE
Female,Loyal Customer,42,Business Travel,Business,2556,1,1,1,1,2,4,5,4,4,5,5,3,3,3,0,0,TRUE
Male,Loyal Customer,58,Business Travel,Business,2260,1,1,1,1,3,5,4,4,4,5,4,3,4,3.08,0,0,TRUE
Male,Loyal Customer,51,Business Travel,Business,134,2,2,5,2,5,4,5,5,5,5,4,5,3,4,0,0,TRUE
Female,Disloyal Customer,35,Business Travel,Eco,247,2,2,2,4,4,2,5,4,2,1,4,2,4,2.92,22,28,FALSE
Female,Loyal Customer,15,Personal Travel,Eco,395,3,5,3,1,4,3,5,4,3,4,5,3,4,3.62,47,37,FALSE
Female,Loyal Customer,39,Business Travel,Business,547,4,4,4,4,2,4,5,5,5,5,5,3,3,4.08,0,0,TRUE
Male,Loyal Customer,18,Personal Travel,Eco,1399,2,2,2,3,1,2,1,1,1,4,3,4,1,2.08,1,0,FALSE
Male,Loyal Customer,44,Business Travel,Eco,338,1,1,1,1,1,1,1,1,4,5,4,2,1,1.85,7,2,FALSE
Male,Loyal Customer,39,Business Travel,Business,311,2,3,4,3,2,4,4,2,2,2,2,3,2,2.69,0,6,FALSE
Female,Loyal Customer,60,Business Travel,Business,2610,4,4,2,4,4,4,5,4,4,4,4,5,5,4.08,0,0,TRUE
Female,Disloyal Customer,28,Business Travel,Business,580,4,4,4,2,3,4,3,3,5,5,5,5,3,3.85,0,0,FALSE
Male,Loyal Customer,30,Business Travel,Business,3636,5,5,5,5,4,4,4,4,4,3,5,5,4,4.38,2,1,TRUE
Female,Loyal Customer,57,Business Travel,Business,1778,5,5,5,5,3,4,4,5,5,5,5,4,5,4.62,0,0,TRUE
Male,Loyal Customer,35,Personal Travel,Eco Plus,226,3,4,0,2,3,0,3,3,3,2,4,5,3,2.69,0,9,FALSE
Female,Loyal Customer,38,Personal Travel,Eco,853,3,4,3,4,5,3,5,5,4,5,4,5,5,4.23,11,22,FALSE
Male,Loyal Customer,55,Business Travel,Business,1834,3,3,3,3,2,2,4,5,5,5,5,1,5,3.54,0,0,TRUE
Female,Loyal Customer,63,Personal Travel,Eco Plus,333,3,3,3,3,2,4,3,5,5,3,5,4,2,3.46,2,6,FALSE
Male,Loyal Customer,24,Personal Travel,Business,1728,3,3,3,5,2,3,2,2,3,5,5,3,2,3.15,2,0,FALSE
Female,Loyal Customer,42,Personal Travel,Eco,377,3,4,3,4,4,5,4,5,5,3,5,5,5,4.23,6,0,FALSE
Female,Loyal Customer,18,Business Travel,Business,2792,2,2,2,2,5,5,5,5,1,5,3,1,5,3.31,0,0,TRUE
Male,Loyal Customer,21,Personal Travel,Eco,528,3,5,5,1,1,5,1,1,4,5,4,5,1,3.15,55,34,FALSE
Female,Loyal Customer,38,Business Travel,Eco,584,2,1,1,1,2,3,2,2,1,1,3,4,2,1.92,0,0,FALSE
Male,Loyal Customer,54,Personal Travel,Eco,405,0,2,0,4,4,0,4,4,4,1,3,4,4,2.62,0,0,TRUE
Male,Disloyal Customer,36,Business Travel,Eco,610,3,0,3,4,2,3,2,2,4,1,3,1,2,2.31,0,0,FALSE
Female,Loyal Customer,65,Personal Travel,Eco,657,4,2,4,3,5,4,4,3,3,4,5,1,4,3.54,0,25,FALSE
Female,Disloyal Customer,35,Business Travel,Business,990,1,0,0,3,2,0,3,2,4,4,5,5,2,2.38,44,55,FALSE
Male,Disloyal Customer,25,Business Travel,Eco,987,1,0,0,1,3,0,3,3,2,1,4,5,3,2,17,12,FALSE
Female,Loyal Customer,61,Personal Travel,Eco,925,3,5,3,4,2,5,5,5,5,3,5,4,4,4.08,16,18,FALSE
Male,Loyal Customer,42,Business Travel,Business,1055,4,2,4,4,5,4,5,3,3,3,3,5,4,3.77,33,18,TRUE
Male,Loyal Customer,40,Business Travel,Business,1917,1,1,2,1,5,4,4,5,5,5,5,5,5,3.69,0,3,TRUE
Female,Loyal Customer,9,Personal Travel,Eco Plus,621,3,5,3,4,4,3,4,4,2,4,4,2,4,3.54,20,15,FALSE
Male,Loyal Customer,68,Personal Travel,Eco,583,2,4,2,4,5,2,4,5,1,1,4,4,5,3.31,0,0,FALSE
Male,Loyal Customer,67,Personal Travel,Eco,1095,4,5,4,1,3,4,3,3,4,1,3,3,3,3.15,0,0,FALSE
Female,Disloyal Customer,23,Business Travel,Eco,240,1,0,1,3,1,1,1,1,3,5,5,4,1,2.08,0,2,FALSE
Female,Disloyal Customer,30,Business Travel,Eco,321,1,3,1,4,5,1,5,5,2,2,4,1,5,3,77,79,FALSE
Female,Disloyal Customer,45,Business Travel,Eco Plus,964,1,1,1,3,3,1,3,3,2,2,4,2,3,2.23,0,0,FALSE
Female,Loyal Customer,45,Business Travel,Business,1611,2,1,1,1,1,3,3,2,2,1,2,2,2,1.77,0,0,FALSE
Female,Loyal Customer,18,Personal Travel,Eco,748,3,5,3,1,3,3,3,3,4,2,4,3,3,3.08,0,0,FALSE
Female,Loyal Customer,30,Personal Travel,Eco Plus,300,4,3,4,3,3,4,3,3,3,5,4,2,3,3.38,0,0,FALSE
Female,Loyal Customer,47,Business Travel,Eco,719,2,4,4,4,5,3,3,2,2,2,2,2,4,3,55,43,FALSE
Male,Loyal Customer,35,Business Travel,Business,283,2,1,1,1,5,4,3,2,2,2,2,1,2,2.15,0,6,FALSE
Female,Loyal Customer,53,Business Travel,Business,3285,3,3,3,3,4,4,4,5,5,4,5,5,5,4.08,0,0,TRUE
Female,Loyal Customer,41,Business Travel,Business,3990,4,2,2,2,5,4,3,4,4,4,4,4,3,3.46,0,0,FALSE
Male,Loyal Customer,46,Business Travel,Eco Plus,391,1,0,0,3,4,1,4,4,3,2,3,2,4,2.38,0,0,FALSE
Female,Loyal Customer,55,Business Travel,Business,3962,1,4,5,4,1,3,3,1,1,2,1,4,1,2.38,18,41,FALSE
Male,Disloyal Customer,23,Business Travel,Business,440,0,0,0,4,1,0,1,1,5,4,4,4,1,1.92,0,0,TRUE
Female,Loyal Customer,24,Business Travel,Eco,2182,2,4,4,4,2,2,4,2,3,5,4,4,2,3.23,15,9,FALSE
Male,Disloyal Customer,23,Business Travel,Eco,758,2,2,2,2,3,2,3,3,4,5,4,3,3,2.92,0,0,FALSE
Male,Loyal Customer,13,Personal Travel,Eco,212,2,3,2,3,4,2,4,4,2,3,2,1,4,2.77,43,38,FALSE
Female,Loyal Customer,59,Business Travel,Business,2846,3,3,2,3,2,5,4,5,5,5,5,5,5,4,18,5,TRUE
Male,Disloyal Customer,27,Business Travel,Business,197,1,1,1,4,5,1,5,5,5,4,4,5,5,3.54,27,3,FALSE
Female,Loyal Customer,18,Personal Travel,Eco,1452,3,1,3,2,2,3,5,2,4,3,2,2,2,2.62,0,0,FALSE
Female,Loyal Customer,36,Personal Travel,Eco,419,2,3,2,3,3,2,3,3,2,2,3,2,3,2.54,22,22,FALSE
Male,Disloyal Customer,16,Business Travel,Eco,960,1,1,1,4,1,3,3,3,3,5,5,3,3,2.77,0,0,FALSE
Female,Loyal Customer,49,Business Travel,Business,259,1,1,1,1,5,5,5,4,4,4,4,4,5,3.38,15,12,TRUE
Male,Loyal Customer,25,Business Travel,Business,3786,4,5,5,5,4,4,4,4,4,1,2,2,4,3.69,0,0,FALSE
Female,Loyal Customer,25,Business Travel,Business,2810,2,2,2,2,4,4,4,4,5,5,1,1,4,3.08,0,2,TRUE
Male,Loyal Customer,43,Business Travel,Business,977,5,5,5,5,5,5,4,2,2,2,2,4,5,3.92,101,72,TRUE
Male,Loyal Customer,41,Business Travel,Business,2417,3,3,3,3,5,4,4,5,5,5,5,4,5,4.15,0,0,TRUE
Female,Loyal Customer,50,Business Travel,Business,3330,1,3,3,3,4,3,4,1,1,1,1,3,1,2.23,3,5,FALSE
Female,Loyal Customer,26,Business Travel,Eco,571,5,3,3,3,5,5,5,5,5,1,3,3,5,3.92,0,0,TRUE
Male,Loyal Customer,24,Business Travel,Business,3461,1,2,2,2,1,1,1,1,3,3,3,2,1,1.77,0,0,FALSE
Male,Loyal Customer,40,Business Travel,Business,1710,1,2,2,2,2,4,4,1,1,1,1,4,2,2.08,0,0,FALSE
Female,Loyal Customer,36,Business Travel,Business,1444,2,3,3,3,1,4,4,2,2,2,2,2,2,2.46,61,29,FALSE
Female,Loyal Customer,39,Personal Travel,Eco,602,2,5,2,3,2,2,3,2,3,5,5,4,2,3.08,38,31,FALSE
Female,Loyal Customer,45,Personal Travel,Eco,247,1,5,1,3,3,4,4,2,2,1,5,5,3,3,0,0,FALSE
Female,Loyal Customer,46,Business Travel,Business,2786,3,3,3,3,4,2,1,4,4,4,4,5,4,3.38,0,4,TRUE
Male,Loyal Customer,45,Business Travel,Eco,646,5,5,4,4,5,5,5,5,3,5,1,1,5,4.08,0,2,TRUE
Female,Disloyal Customer,37,Business Travel,Eco,199,4,2,4,3,2,4,2,2,3,3,4,4,2,3,0,17,FALSE
Male,Loyal Customer,22,Business Travel,Eco,871,4,1,1,1,4,4,5,4,1,3,1,3,4,2.77,8,4,TRUE
Male,Loyal Customer,31,Personal Travel,Eco,406,4,4,4,1,5,4,5,5,4,3,4,5,5,4.08,0,0,TRUE
Female,Loyal Customer,52,Business Travel,Business,696,2,2,2,2,3,5,5,4,4,4,4,4,5,3.54,56,47,TRUE
Female,Loyal Customer,34,Business Travel,Business,3393,4,5,5,5,5,4,4,4,4,4,4,1,1,3.85,0,0,FALSE
Female,Loyal Customer,58,Personal Travel,Eco,588,1,4,1,2,2,4,5,2,2,1,2,3,4,2.54,26,13,FALSE
Female,Loyal Customer,34,Business Travel,Business,1131,1,1,1,1,3,3,3,1,1,1,1,3,4,1.85,14,0,FALSE
Female,Loyal Customer,46,Personal Travel,Eco,101,2,4,2,4,1,3,3,2,2,2,2,2,1,2.31,0,0,FALSE
Male,Disloyal Customer,23,Business Travel,Eco,1165,4,3,3,1,4,3,4,4,4,3,5,5,4,3.62,0,0,TRUE
Male,Loyal Customer,7,Personal Travel,Eco,255,4,3,4,1,2,4,2,2,2,5,3,5,2,3,32,31,FALSE
Female,Loyal Customer,45,Business Travel,Business,1787,3,3,3,3,4,5,5,4,4,4,4,3,5,3.85,53,45,TRUE
Female,Loyal Customer,9,Personal Travel,Eco,1119,4,3,4,4,4,2,2,1,1,4,3,2,2,2.77,154,155,FALSE
Female,Disloyal Customer,35,Business Travel,Eco,1419,3,3,3,3,3,2,2,2,4,4,4,2,2,2.85,0,0,FALSE
Male,Loyal Customer,33,Business Travel,Business,1888,2,3,3,3,4,4,2,4,4,5,3,3,4,3.38,6,11,FALSE
Male,Loyal Customer,45,Business Travel,Business,2880,4,4,5,4,2,5,5,5,5,5,5,4,3,4.31,0,0,TRUE
Female,Loyal Customer,40,Business Travel,Eco,110,5,5,5,5,5,5,5,5,5,3,5,3,5,4.69,0,0,TRUE
Female,Loyal Customer,46,Personal Travel,Eco,351,3,5,3,3,5,4,4,1,1,3,1,4,4,3.15,0,0,FALSE
Female,Loyal Customer,51,Business Travel,Business,2884,4,1,1,1,2,2,2,4,4,4,4,2,3,2.62,0,15,FALSE
Female,Loyal Customer,70,Personal Travel,Eco,628,1,5,1,3,5,5,4,5,5,1,5,3,4,3.62,0,0,FALSE
Male,Loyal Customer,44,Business Travel,Business,338,1,1,1,1,2,4,4,4,4,4,4,4,5,3,0,0,TRUE
Female,Loyal Customer,42,Business Travel,Eco,2342,2,2,2,2,5,4,4,2,2,2,2,2,1,2.46,29,12,FALSE
Female,Loyal Customer,28,Business Travel,Business,3019,3,3,3,3,4,4,4,4,5,5,5,3,4,3.85,0,0,TRUE
Male,Loyal Customer,50,Business Travel,Business,1310,1,1,1,1,5,5,5,4,4,4,4,4,3,3.23,22,51,TRUE
Male,Loyal Customer,67,Personal Travel,Business,1979,1,3,1,1,2,5,4,3,3,1,2,1,1,2.15,0,0,FALSE
Female,Loyal Customer,39,Business Travel,Business,3000,5,5,5,5,4,5,4,5,5,5,5,5,4,4.77,44,107,TRUE
Female,Loyal Customer,70,Personal Travel,Eco,522,4,3,5,1,3,1,2,2,2,5,2,4,4,2.92,0,0,FALSE
Male,Loyal Customer,49,Business Travel,Eco,1620,3,2,2,2,3,3,3,3,4,5,4,2,3,3,0,0,FALSE
Male,Loyal Customer,41,Business Travel,Eco,334,3,4,4,4,3,3,3,3,4,1,4,1,3,3.08,0,0,FALSE
Female,Loyal Customer,13,Business Travel,Eco,1670,1,2,2,2,1,2,2,1,2,4,2,4,1,2,0,25,FALSE
Female,Loyal Customer,22,Business Travel,Eco,645,5,5,5,5,5,5,3,5,1,5,1,1,5,3.92,0,0,TRUE
Male,Loyal Customer,39,Personal Travel,Eco,566,5,1,5,3,1,5,1,1,2,4,4,1,1,2.62,14,4,TRUE
Female,Loyal Customer,41,Personal Travel,Eco,192,1,4,1,3,5,1,5,5,4,5,5,5,5,3.77,0,0,FALSE
Female,Loyal Customer,37,Personal Travel,Eco,643,4,4,4,5,1,4,1,1,4,3,5,4,1,3.15,4,0,FALSE
Male,Loyal Customer,53,Business Travel,Business,2471,1,1,5,1,5,1,3,4,4,4,4,2,5,3.08,0,0,TRUE
Female,Loyal Customer,56,Business Travel,Eco,575,4,4,4,4,4,1,5,4,4,4,4,3,5,3.85,0,0,TRUE
Female,Loyal Customer,61,Personal Travel,Eco,534,2,4,3,1,2,5,5,1,1,3,1,3,5,2.77,26,15,FALSE
Female,Loyal Customer,68,Personal Travel,Eco,2611,4,1,4,4,5,4,4,4,4,4,4,1,1,3.38,63,52,FALSE
Female,Loyal Customer,18,Business Travel,Business,3904,4,4,4,4,4,4,4,5,4,5,5,4,4,4.23,0,0,TRUE
Male,Loyal Customer,48,Business Travel,Business,829,1,1,1,1,3,4,5,5,5,5,5,3,4,3.31,7,0,TRUE
Female,Loyal Customer,37,Personal Travel,Eco,448,4,4,5,1,5,5,2,5,3,2,4,5,5,3.85,0,7,FALSE
Male,Disloyal Customer,44,Business Travel,Eco,200,3,0,3,3,5,3,3,5,3,2,2,1,5,2.92,0,0,FALSE
Male,Loyal Customer,52,Business Travel,Business,1189,2,2,2,2,1,3,5,4,4,4,4,2,2,2.85,0,0,TRUE
Male,Loyal Customer,55,Business Travel,Business,1681,3,5,4,5,1,4,3,4,4,4,3,4,1,3.46,0,3,FALSE
Male,Loyal Customer,39,Business Travel,Business,2510,0,0,0,1,3,4,4,4,4,4,4,3,5,2.77,0,0,TRUE
Male,Loyal Customer,55,Business Travel,Business,2376,1,5,5,5,3,4,3,1,1,1,1,1,3,2.62,0,0,FALSE
Male,Loyal Customer,22,Personal Travel,Eco Plus,2704,3,5,3,3,3,2,4,5,5,3,5,4,4,3.77,0,0,FALSE
Female,Loyal Customer,59,Business Travel,Business,1605,3,3,3,3,5,4,5,5,5,5,5,5,5,4.31,0,0,TRUE
Male,Loyal Customer,68,Personal Travel,Eco,689,2,3,2,1,2,2,5,2,5,2,5,2,2,2.69,97,96,FALSE
Male,Loyal Customer,45,Business Travel,Business,2846,2,2,2,2,5,4,4,4,4,4,5,4,5,3.62,0,0,TRUE
Female,Disloyal Customer,43,Business Travel,Eco,536,4,0,3,2,4,3,4,4,3,2,3,4,4,3.08,0,0,FALSE
Male,Loyal Customer,22,Business Travel,Business,1825,5,5,5,5,4,4,4,4,3,3,5,4,4,4.23,0,0,TRUE
Female,Loyal Customer,58,Business Travel,Eco,588,4,1,1,1,5,3,3,4,4,4,4,1,3,2.92,0,0,FALSE
Male,Loyal Customer,23,Business Travel,Business,726,4,4,4,4,4,4,4,4,2,1,4,3,4,3.54,0,0,TRUE
Female,Loyal Customer,8,Personal Travel,Eco,404,1,5,1,3,4,1,4,4,3,5,5,3,4,3.31,0,0,FALSE
Female,Loyal Customer,36,Personal Travel,Eco,602,3,4,3,3,2,3,2,2,4,5,4,3,2,3.08,1,0,FALSE
Male,Loyal Customer,61,Business Travel,Business,189,4,4,4,4,5,3,4,3,3,3,4,2,2,3.46,72,70,FALSE
Male,Loyal Customer,23,Personal Travel,Eco,746,4,4,4,3,1,4,1,1,4,2,5,5,1,3,1,0,FALSE
Female,Loyal Customer,7,Business Travel,Business,888,1,3,3,3,1,2,1,1,3,4,3,4,1,2.31,12,5,FALSE
Male,Loyal Customer,52,Business Travel,Business,453,4,4,4,4,3,4,5,3,3,3,3,3,4,3.62,0,0,TRUE
Female,Disloyal Customer,17,Business Travel,Eco,986,2,2,2,3,4,2,4,4,3,2,4,4,4,3.08,10,0,FALSE
Male,Loyal Customer,48,Business Travel,Business,236,1,1,1,1,5,5,4,4,4,4,4,4,4,3.23,1,0,TRUE
Female,Loyal Customer,40,Personal Travel,Eco,1744,1,2,1,3,3,1,3,3,4,5,4,2,3,2.69,12,0,FALSE
Male,Loyal Customer,39,Business Travel,Business,224,1,1,1,1,4,5,4,5,5,5,5,3,5,3.46,3,3,TRUE
Female,Loyal Customer,45,Business Travel,Eco Plus,643,4,1,1,1,1,4,2,4,4,4,4,4,5,3,8,0,TRUE
Female,Loyal Customer,16,Personal Travel,Eco,433,1,5,1,3,4,1,1,4,5,5,5,3,4,3.23,0,0,FALSE
Female,Loyal Customer,35,Business Travel,Business,2611,2,2,2,2,3,3,3,5,3,4,5,3,3,3.08,0,0,TRUE
Male,Loyal Customer,51,Business Travel,Business,630,5,5,5,5,4,5,4,5,5,5,5,5,5,4.85,0,0,TRUE
Male,Loyal Customer,7,Personal Travel,Eco Plus,110,4,5,4,5,1,4,1,1,3,3,2,3,1,2.85,1,9,FALSE
Female,Loyal Customer,53,Personal Travel,Eco Plus,370,2,2,2,3,5,3,4,1,1,2,1,3,2,2.38,12,10,FALSE
Female,Disloyal Customer,26,Business Travel,Eco,602,2,1,2,4,4,2,2,4,2,3,4,1,4,2.69,24,29,FALSE
Male,Loyal Customer,25,Business Travel,Business,369,1,3,3,3,1,1,1,1,1,3,4,2,1,1.92,11,8,FALSE
Male,Loyal Customer,52,Business Travel,Business,2868,2,2,2,2,3,5,4,2,2,2,2,3,3,2.62,3,7,TRUE
Male,Loyal Customer,36,Personal Travel,Eco,140,3,3,3,3,5,3,5,5,1,1,1,3,5,3.15,4,0,FALSE
Female,Loyal Customer,52,Business Travel,Business,393,2,1,1,1,4,3,4,2,2,2,2,1,1,2,0,0,FALSE
Female,Loyal Customer,50,Business Travel,Business,2475,4,4,3,4,4,3,3,4,5,5,4,3,3,3.77,0,0,TRUE
Male,Loyal Customer,62,Personal Travel,Eco,1199,1,4,0,4,4,0,3,4,1,5,4,2,4,2.77,6,7,FALSE
Female,Loyal Customer,36,Business Travel,Business,2802,1,1,1,1,5,5,5,4,4,4,4,5,5,3.46,32,15,TRUE
Male,Loyal Customer,26,Personal Travel,Eco,184,1,5,1,1,2,1,2,2,3,1,2,2,2,1.92,0,0,FALSE
Male,Loyal Customer,31,Business Travel,Business,1939,3,3,3,3,4,4,4,4,4,4,4,5,4,3.77,0,0,TRUE
Female,Loyal Customer,24,Business Travel,Eco,837,2,3,3,3,2,2,1,2,2,2,4,1,2,2.23,0,0,FALSE
Male,Loyal Customer,23,Personal Travel,Eco,1589,2,2,2,4,4,2,1,4,2,5,4,4,4,3.08,0,0,FALSE
Female,Disloyal Customer,28,Business Travel,Eco,599,3,1,3,1,2,3,1,2,1,2,1,3,2,1.92,5,26,FALSE
Male,Disloyal Customer,24,Business Travel,Business,680,5,0,5,3,3,5,3,3,4,4,4,3,3,3.46,3,0,TRUE
Male,Loyal Customer,48,Business Travel,Business,812,2,2,3,2,2,5,5,5,5,5,5,4,3,3.69,5,0,TRUE
Male,Loyal Customer,41,Business Travel,Eco,102,3,1,5,1,3,3,3,3,1,5,4,5,3,3.08,1,6,TRUE
Male,Loyal Customer,36,Business Travel,Business,462,2,2,2,2,4,5,4,3,3,2,3,4,2,2.92,0,0,TRUE
Male,Loyal Customer,12,Personal Travel,Eco,2614,4,2,4,3,4,4,4,4,2,2,1,4,4,3.23,0,0,FALSE
Male,Loyal Customer,25,Personal Travel,Eco,237,2,4,2,2,2,2,2,2,5,2,5,3,2,2.69,0,0,FALSE
Male,Loyal Customer,59,Business Travel,Business,2144,5,5,5,5,4,4,5,5,5,5,5,3,5,4.69,0,0,TRUE
Female,Loyal Customer,39,Business Travel,Business,3111,3,3,3,3,3,5,5,5,5,5,5,5,5,4.23,61,60,TRUE
Female,Disloyal Customer,35,Business Travel,Eco,1504,2,3,3,4,2,2,4,2,4,4,4,1,2,2.85,27,14,FALSE
Male,Loyal Customer,50,Business Travel,Business,1448,3,3,3,3,4,5,4,2,2,2,2,5,5,3.31,10,2,TRUE
Male,Loyal Customer,63,Personal Travel,Eco,1259,2,5,2,2,5,2,2,5,5,2,5,5,5,3.62,6,0,FALSE
Female,Loyal Customer,58,Personal Travel,Eco,899,1,5,1,3,3,5,5,1,1,1,1,3,4,2.62,0,4,FALSE
Female,Loyal Customer,34,Personal Travel,Business,2342,2,3,2,4,2,3,4,5,5,2,5,3,1,3.15,3,0,FALSE
Female,Loyal Customer,63,Personal Travel,Eco,345,3,1,3,3,2,4,4,2,2,3,2,1,1,2.38,1,5,FALSE
Male,Loyal Customer,54,Business Travel,Business,3747,3,2,3,3,3,3,3,4,4,4,4,3,5,3.38,0,0,TRUE
Male,Loyal Customer,49,Personal Travel,Eco,439,4,5,4,2,4,4,4,4,5,5,5,5,4,4.23,7,3,FALSE
Female,Loyal Customer,34,Personal Travel,Eco,502,4,5,4,4,2,4,2,2,4,5,4,5,2,3.62,16,0,FALSE
Male,Loyal Customer,52,Business Travel,Business,2619,2,2,4,2,2,4,4,2,2,2,2,3,4,2.69,3,22,FALSE
Female,Loyal Customer,30,Business Travel,Business,2250,2,4,4,4,2,2,2,2,1,5,1,4,2,2.69,0,0,FALSE
Female,Loyal Customer,26,Business Travel,Business,1069,3,1,1,1,3,3,3,3,4,4,4,2,3,2.69,11,0,FALSE
Female,Loyal Customer,45,Business Travel,Business,3316,4,4,4,4,4,4,5,4,4,4,4,3,3,3.92,43,33,TRUE
Male,Disloyal Customer,45,Business Travel,Business,404,2,2,2,2,3,2,5,3,4,2,5,4,3,3,0,1,FALSE
Female,Loyal Customer,69,Personal Travel,Eco,337,1,5,1,3,4,4,5,3,3,1,3,4,3,3.08,0,0,FALSE
Female,Loyal Customer,63,Personal Travel,Eco,468,5,4,5,3,3,4,4,4,4,5,4,4,4,4.08,0,0,TRUE
Female,Loyal Customer,35,Personal Travel,Eco,626,2,2,2,4,1,2,1,1,3,3,3,1,1,2,29,15,FALSE
Male,Loyal Customer,28,Business Travel,Business,216,0,4,0,2,4,4,4,4,2,4,1,5,4,2.92,0,69,TRUE
Male,Disloyal Customer,55,Business Travel,Eco,323,3,2,3,4,4,3,3,4,2,2,4,1,4,3,12,11,FALSE
Male,Disloyal Customer,30,Business Travel,Business,228,4,5,5,2,2,5,5,2,1,4,1,3,2,3.15,0,38,FALSE
Male,Loyal Customer,46,Personal Travel,Eco,2254,3,4,3,3,5,3,2,5,4,3,5,3,5,3.69,0,0,FALSE
Male,Loyal Customer,39,Business Travel,Eco Plus,1025,4,4,4,4,4,4,4,4,4,5,3,1,4,3.77,0,0,FALSE
Male,Loyal Customer,26,Business Travel,Business,2707,3,3,3,3,5,5,5,5,4,4,4,3,5,4,6,0,TRUE
Female,Loyal Customer,36,Business Travel,Eco,299,4,5,5,5,4,3,4,4,3,2,2,2,4,3.62,0,0,FALSE
Female,Disloyal Customer,25,Business Travel,Business,1671,5,0,5,3,4,5,4,4,4,2,4,3,4,3.62,0,35,TRUE
Male,Loyal Customer,53,Business Travel,Eco,432,5,4,4,4,5,5,5,5,1,1,2,1,5,3.62,0,0,TRUE
Male,Loyal Customer,46,Business Travel,Business,404,1,1,1,1,5,5,5,4,4,4,4,5,3,3.31,7,0,TRUE
Male,Loyal Customer,27,Personal Travel,Eco,859,3,4,3,4,4,3,4,4,3,2,5,3,4,3.54,0,22,FALSE
Female,Loyal Customer,39,Personal Travel,Eco,226,2,3,0,4,4,0,4,4,1,1,4,3,4,2.62,0,15,FALSE
Male,Loyal Customer,56,Business Travel,Eco,829,1,3,3,3,1,1,1,1,1,2,4,3,1,1.92,6,0,FALSE
Male,Loyal Customer,58,Business Travel,Business,1633,3,3,3,3,5,3,3,3,3,3,3,3,1,3,0,5,FALSE
Female,Loyal Customer,25,Personal Travel,Eco Plus,557,3,4,4,3,4,4,4,4,3,1,3,2,4,3.31,32,,FALSE
Female,Loyal Customer,42,Business Travel,Business,3569,3,3,3,3,4,1,5,5,5,5,4,1,5,3.62,17,16,TRUE
Female,Loyal Customer,24,Personal Travel,Eco,991,4,4,4,5,4,4,4,4,3,2,4,4,4,3.85,0,8,FALSE
Female,Loyal Customer,41,Personal Travel,Eco,1440,5,5,5,1,3,5,3,3,5,4,5,4,3,3.92,47,31,TRUE
Male,Loyal Customer,50,Business Travel,Business,922,3,3,3,3,2,5,5,5,5,5,5,5,5,4.15,0,0,TRUE
Male,Loyal Customer,32,Personal Travel,Eco,163,3,4,0,1,2,0,2,2,5,5,4,3,2,2.54,0,0,FALSE
Female,Disloyal Customer,23,Business Travel,Eco,342,1,3,1,3,5,1,5,5,3,3,4,1,5,3.08,44,40,FALSE
Female,Loyal Customer,9,Personal Travel,Eco,1671,5,1,5,3,1,5,1,1,2,1,3,4,1,2.54,0,16,TRUE
Female,Loyal Customer,50,Personal Travel,Eco,370,2,4,2,1,1,2,5,4,4,2,4,5,4,3.08,4,2,FALSE
Male,Loyal Customer,10,Personal Travel,Eco,515,1,2,1,2,5,1,5,5,2,4,3,4,5,3.08,0,0,FALSE
Male,Loyal Customer,12,Personal Travel,Eco,594,4,3,4,1,4,4,4,4,4,5,2,4,4,3.62,73,61,FALSE
Male,Loyal Customer,60,Business Travel,Business,692,4,4,4,4,4,5,3,2,2,2,2,3,2,3.15,9,14,TRUE
Female,Loyal Customer,34,Business Travel,Business,409,2,4,4,4,4,4,4,2,2,2,2,2,4,3.08,0,0,FALSE
Male,Loyal Customer,36,Business Travel,Eco,669,5,3,1,3,5,5,5,5,1,5,5,5,5,4.08,0,0,TRUE
Female,Disloyal Customer,11,Business Travel,Eco,991,2,2,2,3,1,2,1,1,3,4,4,1,1,2.08,81,88,FALSE
Female,Loyal Customer,36,Business Travel,Business,1519,3,4,4,4,2,4,3,2,2,2,3,3,3,3,44,37,FALSE
Male,Loyal Customer,35,Business Travel,Business,190,1,1,1,1,4,5,4,4,4,4,4,3,3,3,0,0,TRUE
Male,Loyal Customer,37,Business Travel,Business,3387,2,2,2,2,3,2,2,2,2,2,2,2,4,2.23,0,3,FALSE
Female,Disloyal Customer,17,Business Travel,Eco,106,3,4,2,3,5,2,5,5,1,5,4,3,5,3.62,0,6,FALSE
Female,Loyal Customer,24,Business Travel,Business,1138,3,3,3,3,3,3,3,3,4,4,4,3,3,3.23,0,0,TRUE
Male,Loyal Customer,36,Personal Travel,Eco,402,4,5,4,2,5,4,5,5,3,5,5,3,5,4.23,0,3,TRUE
Female,Loyal Customer,51,Business Travel,Business,2310,3,3,3,3,5,5,5,4,4,4,4,4,5,4,1,0,TRUE
Male,Disloyal Customer,27,Business Travel,Business,1232,4,4,4,3,1,4,1,1,4,2,3,4,1,2.77,68,62,TRUE
Male,Loyal Customer,35,Business Travel,Business,1476,5,5,5,5,4,2,4,4,4,4,4,2,2,3.85,0,0,TRUE
Female,Loyal Customer,31,Business Travel,Business,2779,3,3,3,3,4,5,4,4,4,3,4,5,4,3.77,28,18,TRUE
Male,Loyal Customer,28,Personal Travel,Eco,634,2,4,2,3,4,2,4,4,4,5,4,5,4,3.62,0,0,FALSE
Female,Disloyal Customer,41,Business Travel,Business,397,5,5,5,4,5,5,5,5,4,5,5,4,5,4.77,0,0,TRUE
Female,Loyal Customer,29,Business Travel,Eco,867,3,3,2,3,3,3,3,3,2,5,4,3,3,3.08,12,1,FALSE
Male,Loyal Customer,64,Personal Travel,Eco,1105,4,2,4,3,5,4,5,5,4,2,4,4,5,3.92,0,2,FALSE
Female,Loyal Customer,24,Business Travel,Eco,1005,4,2,2,2,4,4,4,4,5,2,3,4,4,3.38,27,38,TRUE
Female,Loyal Customer,48,Personal Travel,Eco,481,2,5,2,3,5,1,3,4,4,2,4,5,1,3.15,0,0,FALSE
Female,Loyal Customer,24,Business Travel,Business,3560,5,5,5,5,5,5,5,5,4,2,5,4,5,4.62,0,0,TRUE
Male,Loyal Customer,48,Personal Travel,Eco,404,4,3,1,3,5,1,5,5,1,4,3,3,5,3.31,0,0,TRUE
Female,Loyal Customer,55,Business Travel,Business,236,3,3,3,3,3,4,4,5,5,5,5,5,4,4,0,0,TRUE
Female,Disloyal Customer,29,Business Travel,Business,641,5,5,5,2,2,5,2,2,5,5,4,3,2,3.62,0,0,TRUE
Male,Loyal Customer,28,Personal Travel,Eco Plus,143,3,5,3,2,2,3,2,2,4,2,5,3,2,2.92,46,36,FALSE
Male,Loyal Customer,20,Personal Travel,Eco,573,3,4,3,4,4,3,4,4,3,3,5,4,4,3.69,1,27,FALSE
Male,Loyal Customer,21,Business Travel,Business,1657,4,4,3,4,3,5,3,3,1,2,3,2,3,3.08,0,0,TRUE
Male,Loyal Customer,55,Business Travel,Eco,262,4,5,5,5,4,4,4,4,2,2,1,1,4,3.46,5,0,TRUE
Female,Disloyal Customer,24,Business Travel,Eco,1076,2,2,2,5,4,2,4,4,2,2,5,3,4,3.15,0,0,FALSE
Male,Loyal Customer,47,Business Travel,Business,3695,3,3,3,3,4,4,5,5,5,5,5,5,4,4.15,0,0,TRUE
Male,Loyal Customer,7,Personal Travel,Eco,432,4,4,4,3,2,4,2,2,5,3,4,5,2,3.38,0,0,FALSE
Female,Loyal Customer,23,Personal Travel,Eco Plus,197,3,5,3,5,5,3,5,5,3,3,5,5,5,4.23,0,0,FALSE
Male,Disloyal Customer,36,Business Travel,Business,583,1,1,1,4,2,1,2,2,5,2,5,3,2,2.38,25,7,FALSE
Male,Loyal Customer,34,Business Travel,Eco Plus,277,1,0,0,4,3,0,3,3,2,1,4,2,3,2,0,0,FALSE
Male,Loyal Customer,30,Personal Travel,Eco,522,4,4,4,4,5,4,5,5,5,2,4,5,5,4.31,5,6,FALSE
Male,Loyal Customer,11,Personal Travel,Eco Plus,140,2,0,0,1,3,0,3,3,3,3,5,4,3,2.31,0,0,FALSE
Female,Loyal Customer,13,Business Travel,Business,2583,2,2,5,2,5,5,5,5,4,2,3,4,5,3.77,0,0,TRUE
Female,Loyal Customer,40,Personal Travel,Eco,562,3,5,3,4,1,3,1,1,1,4,2,1,1,2.31,41,42,FALSE
Male,Loyal Customer,47,Business Travel,Eco,756,2,3,5,3,3,2,3,3,4,3,3,1,3,2.92,18,7,FALSE
Male,Loyal Customer,80,Business Travel,Business,705,3,5,5,5,1,2,1,3,3,3,3,1,1,2.77,6,2,FALSE
Male,Disloyal Customer,25,Business Travel,Business,626,3,4,2,5,2,2,2,2,3,5,4,4,2,3.08,0,0,FALSE
Female,Loyal Customer,54,Personal Travel,Eco,526,4,1,4,3,3,4,4,1,1,4,1,4,2,2.77,0,0,FALSE
Female,Loyal Customer,64,Personal Travel,Eco,874,2,3,2,4,3,2,3,5,5,2,3,4,2,3.08,22,12,FALSE
Male,Loyal Customer,27,Business Travel,Eco,2072,0,0,0,2,2,0,2,2,4,4,4,2,2,1.85,0,0,TRUE
Male,Loyal Customer,54,Business Travel,Business,2245,5,5,5,5,5,1,2,4,4,4,4,5,3,4,15,0,TRUE
Female,Loyal Customer,51,Business Travel,Business,3231,5,5,5,5,3,4,4,4,4,4,4,3,3,4.08,0,4,TRUE
Female,Loyal Customer,34,Business Travel,Eco Plus,670,1,4,4,4,1,1,1,1,2,1,3,4,1,2.15,34,53,FALSE
Female,Loyal Customer,53,Business Travel,Business,3406,4,4,4,4,3,5,5,2,2,2,2,4,4,3.46,0,0,TRUE
Female,Disloyal Customer,24,Business Travel,Eco,239,2,4,2,1,2,2,2,2,4,3,4,5,2,2.69,0,0,FALSE
Female,Loyal Customer,28,Business Travel,Business,2647,5,5,5,5,4,4,4,4,4,5,4,4,4,4.38,0,2,TRUE
Male,Loyal Customer,62,Personal Travel,Eco,1005,2,3,3,1,3,3,3,3,1,3,1,2,3,2.38,17,58,FALSE
Male,Loyal Customer,41,Business Travel,Business,2285,4,4,4,4,3,5,4,2,2,2,2,4,4,3.38,0,0,TRUE
Female,Loyal Customer,57,Business Travel,Business,3305,3,3,3,3,3,4,4,5,5,4,5,3,5,3.85,0,1,TRUE
Female,Loyal Customer,49,Personal Travel,Eco,391,1,5,1,3,4,4,4,4,4,1,4,3,5,3.31,0,0,FALSE
Male,Loyal Customer,65,Business Travel,Business,3556,0,5,0,1,5,4,1,3,3,3,3,1,3,2.46,2,0,TRUE
Female,Loyal Customer,13,Personal Travel,Eco,468,1,4,5,1,4,5,4,4,3,2,5,5,4,3.62,29,20,FALSE
Male,Disloyal Customer,24,Business Travel,Eco,696,1,2,2,3,3,2,3,3,1,3,3,2,3,2.38,8,18,FALSE
Male,Loyal Customer,51,Business Travel,Business,2818,5,5,5,5,4,5,4,4,4,4,4,3,3,4.23,46,15,TRUE
Female,Disloyal Customer,20,Business Travel,Eco,1013,3,4,4,3,5,4,5,5,4,2,4,3,5,3.92,0,2,FALSE
Male,Loyal Customer,54,Business Travel,Business,481,1,1,1,1,4,4,4,5,5,5,5,5,4,3.46,0,1,TRUE
Male,Loyal Customer,40,Business Travel,Business,587,1,1,1,1,2,5,4,4,4,4,4,5,3,3,0,6,TRUE
Female,Loyal Customer,58,Business Travel,Business,328,1,4,4,4,1,1,1,1,3,3,3,1,1,2.15,150,158,FALSE
Female,Disloyal Customer,27,Business Travel,Eco,89,3,0,3,4,2,3,2,2,3,3,3,2,2,2.46,81,82,FALSE
Female,Disloyal Customer,43,Business Travel,Eco,106,2,0,2,3,4,2,4,4,3,2,5,2,4,2.85,0,0,FALSE
Male,Loyal Customer,47,Business Travel,Eco Plus,140,1,4,4,4,1,1,1,1,2,1,2,1,1,1.85,1,0,FALSE
Female,Loyal Customer,55,Business Travel,Business,2159,5,5,3,5,3,5,5,5,5,5,5,4,5,4.62,0,1,TRUE
Female,Disloyal Customer,18,Business Travel,Eco,502,1,4,1,3,4,1,4,4,3,4,4,4,4,3.15,0,49,FALSE
Female,Loyal Customer,28,Business Travel,Business,2233,1,1,1,1,4,4,4,4,4,4,5,5,4,3.23,0,13,TRUE
Male,Loyal Customer,69,Personal Travel,Business,226,4,5,4,1,4,1,4,3,3,4,4,1,1,3,0,0,FALSE
Female,Loyal Customer,54,Business Travel,Business,290,0,0,0,2,2,5,4,5,5,5,5,4,4,3.15,0,0,TRUE
Female,Loyal Customer,36,Personal Travel,Eco,1183,1,5,1,1,1,4,4,4,2,4,4,4,4,3,138,128,FALSE
Male,Loyal Customer,54,Personal Travel,Eco,612,1,4,1,3,5,1,5,5,3,4,5,3,5,3.46,18,18,FALSE
Female,Loyal Customer,61,Personal Travel,Eco Plus,594,4,4,4,1,1,2,2,3,3,4,3,2,5,2.92,0,0,FALSE
Female,Loyal Customer,49,Business Travel,Business,547,2,5,5,5,4,3,3,2,2,2,2,4,3,3.23,0,4,FALSE
Female,Loyal Customer,65,Personal Travel,Eco,429,2,5,2,2,4,5,5,5,5,2,5,3,4,3.77,4,4,FALSE
Male,Loyal Customer,41,Business Travel,Business,1771,3,3,3,3,3,5,5,5,5,5,5,5,5,4.23,0,0,TRUE
Female,Loyal Customer,26,Personal Travel,Eco Plus,106,2,4,2,3,3,2,3,3,3,5,5,3,3,3.15,2,13,FALSE
Female,Disloyal Customer,27,Business Travel,Eco,992,3,3,3,3,3,3,3,3,4,2,4,4,3,3.15,15,13,FALSE
Female,Disloyal Customer,35,Business Travel,Eco Plus,1590,4,4,4,4,5,4,5,5,2,4,1,5,5,4,12,0,FALSE
Male,Loyal Customer,27,Personal Travel,Eco,500,2,2,2,3,3,2,1,3,2,3,4,3,3,2.54,0,0,FALSE
Male,Disloyal Customer,50,Business Travel,Business,1208,2,2,2,4,5,2,5,5,4,5,5,3,5,3.77,0,0,FALSE
Male,Loyal Customer,19,Business Travel,Business,2794,5,5,3,5,5,5,5,5,4,3,5,4,5,4.54,0,0,TRUE
Male,Loyal Customer,37,Personal Travel,Eco,1183,1,1,1,3,1,1,1,1,1,2,2,3,1,1.46,0,0,FALSE
Male,Loyal Customer,71,Business Travel,Eco,239,2,3,3,3,2,2,2,2,3,4,4,1,2,2.54,11,11,FALSE
Female,Disloyal Customer,15,Business Travel,Eco,997,2,2,2,3,5,2,5,5,1,3,4,4,5,3.31,0,0,FALSE
Female,Loyal Customer,54,Business Travel,Eco,102,5,1,1,1,4,3,5,4,4,5,4,1,2,3.08,1,5,TRUE
Male,Loyal Customer,38,Business Travel,Eco,916,5,1,1,1,5,5,5,5,2,2,3,1,5,3.15,10,10,TRUE
Male,Loyal Customer,62,Personal Travel,Eco Plus,618,2,4,2,4,5,2,5,5,2,3,3,3,5,3.46,0,0,FALSE
Female,Loyal Customer,53,Business Travel,Business,1127,4,4,4,4,3,4,5,5,5,5,5,5,3,4.31,0,0,TRUE
Male,Loyal Customer,49,Business Travel,Business,594,3,3,3,3,4,4,4,4,4,4,4,5,3,3.69,29,20,TRUE
Male,Loyal Customer,35,Business Travel,Eco Plus,1133,3,3,3,3,3,3,3,3,5,3,2,1,3,2.92,0,0,TRUE
Male,Loyal Customer,45,Business Travel,Eco,563,4,4,3,3,5,4,5,5,4,4,3,5,5,4.15,5,0,TRUE
Male,Loyal Customer,39,Personal Travel,Eco,102,2,3,2,2,4,2,4,4,1,2,2,1,4,2.54,0,0,FALSE
Male,Loyal Customer,47,Business Travel,Business,2844,2,2,2,2,2,5,4,4,4,4,4,3,4,3.23,0,0,TRUE
Male,Disloyal Customer,26,Business Travel,Business,405,2,0,2,4,1,2,1,1,5,2,5,4,1,2.31,0,0,FALSE
Female,Loyal Customer,12,Personal Travel,Eco,1635,2,4,2,2,1,2,3,1,3,3,5,3,1,2.46,86,92,FALSE
Male,Loyal Customer,48,Personal Travel,Eco,1192,2,4,2,3,1,2,1,1,1,5,3,1,1,2.08,0,0,FALSE
Female,Loyal Customer,11,Personal Travel,Eco,919,1,5,1,3,2,1,2,2,5,5,5,5,2,3,23,18,FALSE
Male,Loyal Customer,59,Business Travel,Eco,125,5,1,5,1,5,5,5,5,4,3,2,5,5,3.92,0,0,TRUE
Male,Loyal Customer,52,Personal Travel,Eco,1744,3,4,3,4,1,3,1,1,5,3,5,3,1,2.85,0,0,FALSE
Female,Loyal Customer,52,Business Travel,Business,874,1,1,1,1,2,5,5,5,5,5,5,4,5,3.46,10,,TRUE
Female,Loyal Customer,52,Business Travel,Eco,533,5,5,1,5,3,5,4,5,5,5,5,1,2,3.92,11,9,TRUE
Female,Disloyal Customer,26,Business Travel,Business,1218,5,5,5,2,3,5,3,3,5,5,5,5,3,4.15,5,9,TRUE
Female,Loyal Customer,53,Business Travel,Eco,1174,2,5,5,5,5,3,4,2,2,2,2,2,2,3.15,0,0,FALSE
Female,Disloyal Customer,29,Business Travel,Eco,1874,4,4,4,5,3,4,3,3,1,1,4,1,3,3.08,1,0,FALSE
Male,Disloyal Customer,22,Business Travel,Business,603,0,4,0,4,3,0,3,3,4,3,4,5,3,2.77,0,0,TRUE
Male,Loyal Customer,39,Personal Travel,Eco,2614,5,5,5,2,2,5,2,2,3,3,4,3,2,3.31,0,0,TRUE
Male,Loyal Customer,47,Personal Travel,Eco,1033,1,4,2,2,3,2,3,3,3,3,5,3,3,2.85,0,3,FALSE
Female,Disloyal Customer,16,Business Travel,Eco,565,5,0,5,1,2,5,2,2,5,3,4,4,2,3.08,0,0,TRUE
Female,Loyal Customer,51,Personal Travel,Eco,258,2,4,2,5,5,3,3,4,4,2,4,2,4,3.38,0,3,FALSE
Female,Loyal Customer,43,Business Travel,Business,2300,3,3,3,3,5,5,5,3,3,3,5,5,5,3.92,0,20,TRUE
Male,Loyal Customer,45,Business Travel,Business,1608,1,0,0,3,3,4,3,4,4,0,4,1,3,2.31,30,34,FALSE
Female,Loyal Customer,43,Business Travel,Business,1846,1,1,1,1,5,5,5,5,5,5,5,5,3,3.62,0,0,TRUE
Male,Loyal Customer,26,Business Travel,Business,618,1,1,1,1,4,4,4,4,5,2,4,3,4,2.92,20,11,TRUE
Male,Loyal Customer,47,Business Travel,Business,3360,5,5,5,5,2,5,4,5,5,5,5,5,5,4.69,4,9,TRUE
Female,Loyal Customer,64,Personal Travel,Eco,762,2,3,2,3,2,4,3,5,5,2,5,3,1,3.08,0,0,FALSE
Male,Loyal Customer,51,Business Travel,Business,372,4,4,4,4,2,4,5,5,5,5,5,3,5,4.23,0,0,TRUE
Female,Loyal Customer,65,Business Travel,Business,979,3,3,3,3,2,5,4,5,5,5,5,5,4,4,0,0,TRUE
Female,Loyal Customer,48,Business Travel,Business,2579,0,0,0,2,4,5,5,5,5,5,5,3,3,3.23,11,14,TRUE
Male,Loyal Customer,23,Business Travel,Business,2556,2,2,2,2,5,5,5,1,3,4,5,5,5,3.54,0,0,TRUE
Female,Disloyal Customer,27,Business Travel,Eco,575,2,0,2,5,4,2,4,4,1,2,4,2,4,2.77,0,0,FALSE
Female,Loyal Customer,37,Business Travel,Eco,456,2,1,1,1,2,2,2,2,2,4,3,2,2,2,73,67,FALSE
Female,Loyal Customer,17,Business Travel,Eco,432,4,5,5,5,4,4,4,4,2,4,3,4,4,4,109,129,FALSE
Female,Disloyal Customer,23,Business Travel,Eco Plus,950,3,2,3,3,2,3,2,2,4,5,4,2,2,2.85,0,0,FALSE
Female,Disloyal Customer,32,Business Travel,Eco,192,4,5,4,2,4,4,4,4,3,5,2,1,4,3.54,0,0,FALSE
Female,Disloyal Customer,33,Business Travel,Eco,141,3,3,3,4,5,3,5,5,3,3,3,2,5,3.62,0,0,FALSE
Female,Loyal Customer,40,Personal Travel,Eco Plus,1448,2,2,2,4,2,2,1,2,4,2,4,1,2,2.31,9,0,FALSE
Male,Loyal Customer,44,Business Travel,Business,296,5,5,5,5,3,4,3,5,5,5,5,2,2,4.15,0,0,TRUE
Male,Disloyal Customer,24,Business Travel,Eco,296,3,5,2,3,1,2,2,1,4,4,4,3,1,2.69,36,30,FALSE
Male,Loyal Customer,54,Business Travel,Business,338,3,2,2,2,4,4,4,3,3,2,3,2,3,2.85,0,7,FALSE
Male,Loyal Customer,12,Personal Travel,Eco,1097,3,4,3,1,2,3,2,2,3,5,5,4,2,3,0,0,FALSE
Female,Disloyal Customer,22,Business Travel,Eco,446,1,2,1,3,2,1,2,2,4,4,4,4,2,2.46,11,2,FALSE
Male,Disloyal Customer,20,Business Travel,Eco,301,4,0,4,2,4,4,4,4,3,5,5,3,4,3.54,0,0,FALSE
Male,Loyal Customer,24,Personal Travel,Eco,196,1,5,1,3,3,1,3,3,3,4,5,1,3,2.77,67,96,FALSE
Female,Loyal Customer,41,Business Travel,Business,3020,5,5,4,5,3,4,5,5,5,5,5,4,4,4.54,0,0,TRUE
Female,Disloyal Customer,39,Business Travel,Business,404,3,2,2,3,1,2,1,1,5,5,5,4,1,2.69,0,0,FALSE
Female,Loyal Customer,30,Business Travel,Business,1506,4,4,4,4,5,5,5,5,2,5,4,4,5,4.31,0,4,TRUE
Female,Disloyal Customer,35,Business Travel,Eco,214,4,5,4,1,5,4,5,5,3,1,5,4,5,3.92,0,0,FALSE
Male,Loyal Customer,57,Business Travel,Business,414,3,4,4,4,2,4,4,3,3,3,3,3,1,3.15,0,3,FALSE
Female,Loyal Customer,44,Business Travel,Business,1973,5,5,4,5,5,5,4,4,4,3,4,3,5,4.31,10,15,TRUE
Male,Loyal Customer,23,Business Travel,Eco,181,5,5,5,5,5,5,4,5,1,2,4,4,5,4.23,0,0,TRUE
Female,Loyal Customer,38,Business Travel,Eco Plus,787,2,3,3,3,2,2,2,2,3,4,2,2,2,2.46,2,6,FALSE
Female,Loyal Customer,56,Personal Travel,Eco,1205,2,3,2,4,5,3,4,3,3,2,3,2,3,3,19,21,FALSE
Female,Loyal Customer,44,Business Travel,Business,308,4,4,4,4,3,5,5,3,3,4,3,3,5,3.85,0,0,TRUE
Male,Loyal Customer,69,Personal Travel,Eco,102,3,5,3,3,1,3,1,1,4,5,4,5,1,3,0,0,FALSE
Female,Loyal Customer,32,Business Travel,Business,3487,5,5,5,5,4,4,4,4,5,5,4,3,4,4.38,0,0,TRUE
Female,Loyal Customer,56,Personal Travel,Business,820,1,2,1,3,1,5,4,3,1,4,4,4,4,2.85,154,146,FALSE
Female,Loyal Customer,58,Business Travel,Eco,641,2,2,2,2,4,4,4,2,2,2,2,3,2,2.54,20,19,FALSE
Female,Loyal Customer,44,Business Travel,Business,1593,2,2,2,2,3,4,4,4,4,4,4,3,5,3.31,22,11,TRUE
Male,Disloyal Customer,40,Business Travel,Business,1491,1,1,1,2,1,1,1,1,5,3,4,3,1,1.92,9,10,FALSE
Male,Loyal Customer,59,Business Travel,Business,2973,5,5,5,5,3,5,5,4,4,4,4,5,5,4.54,32,20,TRUE
Female,Loyal Customer,39,Business Travel,Eco,509,5,5,1,5,5,5,5,5,5,2,4,4,5,4.31,22,23,TRUE
Male,Loyal Customer,61,Business Travel,Business,3042,0,0,0,2,1,1,1,3,5,4,5,1,1,1.85,149,146,TRUE
Male,Loyal Customer,23,Personal Travel,Eco,160,5,5,5,3,3,5,3,3,4,2,5,5,3,3.92,0,0,TRUE
Male,Loyal Customer,48,Personal Travel,Eco Plus,214,1,0,0,1,5,0,5,5,5,5,4,4,5,3.08,0,0,FALSE
Male,Disloyal Customer,25,Business Travel,Business,666,0,0,0,2,1,0,1,1,3,2,5,3,1,1.46,0,0,TRUE
Male,Loyal Customer,68,Personal Travel,Eco,550,3,3,3,4,5,3,4,5,1,3,3,3,5,3.46,8,7,FALSE
Female,Loyal Customer,48,Business Travel,Business,2286,5,5,5,5,4,5,4,4,4,4,4,4,5,4.46,1,0,TRUE
Female,Disloyal Customer,29,Business Travel,Business,728,5,5,5,3,4,5,4,4,4,4,5,5,4,4.38,0,0,TRUE
Female,Loyal Customer,47,Business Travel,Business,2849,5,5,5,5,1,1,2,4,4,5,4,2,4,3.62,55,58,TRUE
Male,Loyal Customer,53,Business Travel,Business,825,3,3,3,3,2,4,5,4,4,4,4,3,4,3.54,0,0,TRUE
Male,Loyal Customer,43,Business Travel,Business,2388,3,3,3,3,3,5,5,3,3,4,3,3,4,3.46,17,13,TRUE
Female,Loyal Customer,68,Personal Travel,Eco Plus,991,3,2,3,3,2,4,3,4,4,3,4,2,3,3.08,2,34,FALSE
Male,Loyal Customer,63,Personal Travel,Eco,1069,3,4,3,2,5,3,5,5,3,5,2,2,5,3.62,0,3,FALSE
Female,Loyal Customer,32,Business Travel,Eco Plus,376,0,0,0,1,1,0,1,1,1,4,4,4,1,1.38,5,0,TRUE
Female,Loyal Customer,8,Personal Travel,Eco,347,1,4,1,2,2,1,2,2,4,4,5,3,2,2.54,9,0,FALSE
Male,Loyal Customer,33,Personal Travel,Eco,425,2,5,2,5,1,2,1,1,5,3,5,3,1,2.77,79,78,FALSE
Male,Loyal Customer,21,Business Travel,Business,836,3,3,3,3,5,5,5,5,1,1,4,3,5,3.54,0,0,TRUE
Female,Disloyal Customer,23,Business Travel,Business,409,0,0,0,1,4,0,2,4,4,3,4,4,4,2.31,0,0,TRUE
Female,Disloyal Customer,22,Business Travel,Eco,591,2,1,2,3,4,2,3,4,4,2,3,2,4,2.77,12,45,FALSE
Male,Loyal Customer,44,Business Travel,Business,3759,5,5,5,5,3,4,5,4,4,4,4,3,5,4.31,7,0,TRUE
Female,Loyal Customer,42,Business Travel,Eco,236,4,1,1,1,4,3,4,4,4,4,4,2,3,3,7,0,FALSE
Female,Loyal Customer,31,Business Travel,Business,3477,1,1,1,1,4,4,4,4,4,2,5,3,4,2.92,36,34,TRUE
Female,Loyal Customer,60,Business Travel,Business,2714,3,3,3,3,3,4,4,5,5,5,5,4,3,3.85,1,0,TRUE
Female,Loyal Customer,44,Business Travel,Business,216,1,1,1,1,1,3,2,4,4,4,3,5,1,2.38,4,4,TRUE
Male,Loyal Customer,32,Business Travel,Business,338,1,1,1,1,1,1,1,1,1,1,2,2,1,1.15,1,4,FALSE
Female,Loyal Customer,59,Business Travel,Business,1504,2,2,2,2,5,4,4,4,4,4,4,3,3,3.31,7,0,TRUE
Female,Loyal Customer,52,Business Travel,Business,854,3,3,3,3,2,4,5,4,4,4,4,4,5,3.69,0,0,TRUE
Female,Loyal Customer,57,Business Travel,Eco,224,4,5,5,5,4,3,3,4,4,4,4,1,4,3.85,0,19,FALSE
Male,Disloyal Customer,24,Business Travel,Eco,1303,2,2,2,1,5,2,5,5,5,1,3,5,5,3.31,0,0,FALSE
Male,Loyal Customer,40,Business Travel,Eco,387,3,4,4,4,3,3,3,3,1,3,4,2,3,3.08,22,17,FALSE
Female,Loyal Customer,26,Business Travel,Business,2577,0,0,0,1,4,4,4,4,2,4,4,3,4,2.62,0,0,TRUE
Male,Loyal Customer,19,Personal Travel,Eco,270,3,0,3,1,5,3,5,5,3,4,4,5,5,3.54,34,26,FALSE
Female,Loyal Customer,9,Personal Travel,Eco,200,3,3,3,3,1,3,1,1,3,5,4,4,1,2.69,0,0,FALSE
Female,Loyal Customer,47,Personal Travel,Eco Plus,896,3,5,3,1,3,5,5,1,1,3,1,4,4,3,0,5,FALSE
Male,Loyal Customer,40,Business Travel,Business,1440,2,1,1,1,1,3,2,2,2,2,2,2,1,1.69,0,7,FALSE
Male,Disloyal Customer,44,Business Travel,Business,108,1,1,1,2,5,1,5,5,3,2,4,3,5,2.92,108,130,FALSE
Female,Loyal Customer,16,Personal Travel,Eco Plus,719,2,4,2,4,3,2,5,3,5,5,5,4,3,3.62,10,16,FALSE
Male,Loyal Customer,59,Business Travel,Business,205,2,2,2,2,3,2,3,1,1,1,2,1,1,1.77,85,76,FALSE
Female,Loyal Customer,16,Personal Travel,Eco Plus,397,1,3,1,2,4,1,3,4,3,2,1,2,4,2.38,0,0,FALSE
Female,Loyal Customer,46,Business Travel,Eco,944,3,5,5,5,3,3,3,2,3,3,3,3,3,3.38,159,161,FALSE
Female,Disloyal Customer,27,Business Travel,Eco,679,1,1,1,4,1,1,1,1,3,5,3,1,1,1.85,0,0,FALSE
Male,Loyal Customer,62,Business Travel,Eco,184,1,2,2,2,1,1,1,1,3,2,2,1,1,1.54,0,0,FALSE
Male,Loyal Customer,51,Personal Travel,Eco,762,2,1,2,3,5,2,5,5,3,5,4,4,5,3.54,22,7,FALSE
Female,Loyal Customer,67,Personal Travel,Eco,296,3,5,3,4,4,5,5,3,3,3,3,3,3,3.62,5,35,FALSE
Male,Loyal Customer,51,Business Travel,Business,2154,4,5,3,5,4,4,3,4,4,3,4,3,1,3.62,17,10,FALSE
Female,Loyal Customer,58,Business Travel,Business,1589,4,4,4,4,2,3,5,5,5,5,5,5,4,4.23,0,0,TRUE
Female,Loyal Customer,44,Business Travel,Business,991,4,4,4,4,4,4,4,4,4,4,4,3,3,3.85,69,72,TRUE
Male,Loyal Customer,47,Business Travel,Eco Plus,237,2,3,5,3,2,2,2,2,1,1,4,2,2,2.38,0,0,FALSE
Female,Loyal Customer,18,Personal Travel,Eco Plus,280,3,4,3,1,5,3,5,5,4,5,5,4,5,4,0,0,FALSE
Female,Loyal Customer,43,Personal Travel,Eco,362,3,5,3,3,5,4,5,1,1,3,1,4,5,3.31,36,43,FALSE
Male,Loyal Customer,55,Personal Travel,Eco,588,2,5,2,1,2,2,3,2,1,5,4,5,2,2.77,4,64,FALSE
Female,Loyal Customer,63,Personal Travel,Business,277,0,2,0,4,1,4,3,1,1,0,1,3,1,1.62,0,0,TRUE
Male,Loyal Customer,64,Business Travel,Eco Plus,2586,3,1,1,1,3,2,2,1,1,4,4,2,2,2.08,6,9,FALSE
Female,Loyal Customer,49,Business Travel,Business,2475,1,1,2,1,5,5,5,4,4,4,4,3,4,3.31,0,7,TRUE
Female,Loyal Customer,17,Business Travel,Business,2272,3,5,5,5,3,3,3,3,3,5,4,4,3,3.77,0,0,FALSE
Female,Disloyal Customer,27,Business Travel,Business,547,4,4,4,4,4,4,4,4,4,4,5,3,4,4,0,0,FALSE
Male,Disloyal Customer,22,Business Travel,Eco,134,4,0,4,4,4,4,4,4,4,4,2,3,4,3.46,0,0,TRUE
Female,Loyal Customer,64,Personal Travel,Eco,447,2,4,1,5,2,3,3,2,2,1,2,4,1,2.46,0,0,FALSE
Female,Loyal Customer,47,Business Travel,Business,323,0,0,0,3,4,5,5,1,1,1,1,3,5,2.23,0,0,TRUE
Female,Loyal Customer,65,Personal Travel,Eco,337,1,5,1,4,3,4,4,2,2,1,2,4,4,2.85,27,42,FALSE
Male,Loyal Customer,35,Business Travel,Business,3597,4,4,4,4,4,3,3,5,5,5,5,3,1,3.85,0,0,TRUE
Female,Loyal Customer,23,Business Travel,Business,3182,1,1,1,1,5,5,5,5,4,3,2,4,5,3.23,0,10,TRUE
Male,Loyal Customer,42,Business Travel,Business,2381,3,3,3,3,4,5,4,4,4,4,4,3,5,3.77,9,1,TRUE
Female,Loyal Customer,32,Business Travel,Eco,419,4,4,4,4,4,4,4,4,1,3,4,2,4,3.54,0,0,FALSE
Female,Loyal Customer,37,Business Travel,Business,2938,3,3,3,3,5,5,4,5,5,5,5,5,4,4.23,0,11,TRUE
Male,Loyal Customer,54,Business Travel,Business,2975,1,1,1,1,5,5,5,4,4,4,4,4,5,3.38,0,0,TRUE
Female,Loyal Customer,72,Business Travel,Business,3121,1,1,1,1,3,3,4,1,1,1,1,1,4,1.77,17,6,FALSE
Male,Loyal Customer,68,Personal Travel,Eco Plus,605,1,5,1,2,5,1,5,5,3,4,4,5,5,3.54,0,0,FALSE
Female,Disloyal Customer,24,Business Travel,Eco,992,1,1,1,4,1,1,1,1,1,5,3,2,1,1.77,0,0,FALSE
Female,Loyal Customer,53,Business Travel,Business,3666,4,4,4,4,2,5,5,5,5,5,5,3,5,4.31,3,0,TRUE
Female,Disloyal Customer,38,Business Travel,Eco,655,1,2,0,4,3,0,3,3,3,1,4,3,3,2.31,0,0,FALSE
Male,Loyal Customer,60,Personal Travel,Eco,669,3,5,3,5,4,3,4,4,4,2,5,3,4,3.77,0,0,FALSE
Male,Loyal Customer,46,Business Travel,Business,1824,1,1,3,1,2,4,4,4,4,4,4,3,4,3,0,0,TRUE
Female,Loyal Customer,54,Business Travel,Business,2327,5,5,2,5,1,4,3,4,4,4,4,4,1,3.54,25,18,TRUE
Male,Loyal Customer,42,Personal Travel,Eco,954,4,0,4,4,1,4,1,1,3,1,4,4,1,2.46,0,0,FALSE
Male,Loyal Customer,53,Business Travel,Business,3153,1,4,4,4,3,4,4,3,3,3,1,2,1,2.85,16,11,FALSE
Male,Loyal Customer,32,Personal Travel,Eco,77,3,5,3,1,1,3,1,1,2,2,1,3,1,2.08,2,0,FALSE
Female,Disloyal Customer,25,Business Travel,Business,1171,4,4,4,5,4,4,4,4,5,5,5,5,4,4.38,21,21,FALSE
Female,Loyal Customer,41,Business Travel,Business,328,1,1,1,1,3,4,4,4,4,4,4,3,5,3,0,0,TRUE
Male,Loyal Customer,21,Personal Travel,Eco,992,2,5,2,3,5,2,5,5,5,5,4,3,5,3.92,20,0,FALSE
Female,Loyal Customer,33,Personal Travel,Business,405,5,5,5,4,2,4,5,1,1,5,3,3,5,3.69,0,0,TRUE
Female,Disloyal Customer,22,Business Travel,Eco,1102,5,5,5,2,2,5,2,2,5,5,3,4,2,3.62,0,0,TRUE
Female,Loyal Customer,46,Personal Travel,Eco,332,3,5,2,5,4,4,4,5,5,2,5,4,4,4,0,0,FALSE
Female,Loyal Customer,49,Business Travel,Eco,558,4,5,5,5,1,1,5,4,4,4,4,5,4,3.92,0,0,TRUE
Male,Loyal Customer,31,Business Travel,Business,1616,3,3,3,3,1,2,1,1,3,5,5,5,1,2.77,0,0,TRUE
Male,Loyal Customer,62,Business Travel,Business,196,1,1,1,1,3,4,5,4,4,4,4,4,3,3,0,0,TRUE
Female,Loyal Customer,58,Business Travel,Business,1972,3,3,3,3,3,5,5,5,5,5,5,3,4,4,0,0,TRUE
Female,Loyal Customer,39,Business Travel,Business,1558,2,2,5,2,2,5,2,5,5,5,3,2,3,3.31,16,17,TRUE
Female,Loyal Customer,41,Business Travel,Eco,368,5,4,4,4,5,5,5,5,4,2,3,5,5,4.31,0,0,TRUE
Male,Loyal Customer,37,Business Travel,Eco,192,2,4,4,4,2,2,2,2,2,2,4,2,2,2.62,83,75,FALSE
Female,Loyal Customer,41,Business Travel,Business,2876,5,5,5,5,5,4,4,4,4,4,4,5,4,4.46,22,20,TRUE
Female,Loyal Customer,43,Business Travel,Business,1205,4,4,4,4,5,5,4,5,5,5,5,3,5,4.46,5,8,TRUE
Female,Loyal Customer,52,Business Travel,Business,1720,4,4,4,4,4,4,5,4,4,4,4,4,4,4.08,17,15,TRUE
Female,Loyal Customer,42,Business Travel,Business,2591,4,4,4,4,3,4,5,2,2,2,2,3,5,3.38,4,23,TRUE
Female,Loyal Customer,58,Business Travel,Business,3165,4,4,4,4,2,4,5,4,4,4,4,5,4,4,0,0,TRUE
Female,Loyal Customer,33,Personal Travel,Eco,1249,4,4,5,1,5,5,5,5,4,2,5,5,5,4.23,0,15,FALSE
Male,Loyal Customer,11,Personal Travel,Eco,109,1,4,1,1,2,1,1,2,3,5,4,3,2,2.31,0,0,FALSE
Male,Loyal Customer,55,Business Travel,Business,95,3,1,1,1,3,4,3,4,4,4,3,1,1,2.54,0,0,FALSE
Female,Loyal Customer,60,Personal Travel,Eco,1089,1,4,1,3,2,1,5,3,3,1,3,2,5,2.62,0,0,FALSE
Male,Loyal Customer,39,Business Travel,Business,310,1,1,1,1,3,5,1,5,5,5,5,5,3,3.15,3,0,TRUE
Male,Loyal Customer,30,Personal Travel,Eco,293,5,4,5,2,1,5,1,1,4,5,4,5,1,3.31,13,2,TRUE
Female,Disloyal Customer,24,Business Travel,Eco,238,4,2,4,3,4,4,1,4,2,3,3,1,4,3,85,76,FALSE
Female,Loyal Customer,42,Personal Travel,Business,427,3,3,3,3,4,2,4,5,5,3,5,3,3,3.54,0,0,FALSE
Female,Disloyal Customer,38,Business Travel,Eco,337,2,2,2,4,4,2,4,4,4,5,4,3,4,3.38,13,20,FALSE
Female,Loyal Customer,42,Business Travel,Business,1850,5,5,5,5,5,4,5,4,4,4,4,3,4,4.38,2,0,TRUE
Male,Loyal Customer,55,Business Travel,Eco,1174,4,1,1,1,4,4,4,4,3,4,4,5,4,3.31,0,0,TRUE
Female,Loyal Customer,49,Personal Travel,Eco,2077,2,3,2,3,4,4,3,1,1,2,1,2,2,2.31,0,0,FALSE
Female,Loyal Customer,79,Business Travel,Business,1850,3,2,2,2,2,4,3,3,3,3,3,3,4,2.85,13,8,FALSE
Female,Disloyal Customer,26,Business Travel,Business,429,2,0,2,5,4,2,4,4,4,4,4,5,4,3.38,42,40,FALSE
Male,Loyal Customer,56,Business Travel,Business,419,5,5,5,5,2,4,4,3,3,4,3,3,4,3.85,48,42,TRUE
Female,Loyal Customer,40,Business Travel,Business,2305,3,3,3,3,3,4,4,3,3,3,3,3,5,3.31,0,0,TRUE
Female,Loyal Customer,38,Business Travel,Business,2029,2,4,4,4,5,4,4,2,2,2,2,3,4,3.23,15,17,FALSE
Female,Loyal Customer,58,Business Travel,Eco Plus,230,4,1,1,1,3,3,4,4,4,4,4,2,3,2.92,0,0,FALSE
Female,Disloyal Customer,41,Business Travel,Business,340,4,4,4,3,1,4,1,1,3,3,5,5,1,3,0,0,TRUE
Male,Loyal Customer,32,Personal Travel,Eco,1107,3,2,3,4,5,3,5,5,4,4,4,3,5,3.85,0,0,FALSE
Female,Disloyal Customer,17,Business Travel,Eco,397,3,4,3,3,3,3,3,3,3,5,4,1,3,3.15,4,7,FALSE
Male,Loyal Customer,35,Personal Travel,Eco,770,2,4,2,3,4,2,4,4,5,5,5,3,4,3.62,8,0,FALSE
Male,Loyal Customer,44,Business Travel,Business,3053,3,5,3,3,2,4,1,5,5,5,3,2,1,3.23,5,2,TRUE
Male,Loyal Customer,56,Business Travel,Business,2731,2,2,2,2,2,5,4,4,4,4,4,4,4,3.31,19,10,TRUE
Female,Loyal Customer,37,Business Travel,Business,302,3,3,3,3,4,1,5,5,5,5,5,3,2,3.62,0,0,TRUE
Male,Loyal Customer,39,Personal Travel,Eco,719,1,4,1,2,3,1,4,3,3,3,4,3,3,2.69,9,8,FALSE
Female,Loyal Customer,58,Business Travel,Business,2291,4,4,1,4,2,4,5,5,5,4,5,5,4,4,0,0,TRUE
Male,Loyal Customer,51,Business Travel,Business,2565,5,5,5,5,5,5,5,3,4,3,4,5,5,4.54,0,0,TRUE
Female,Loyal Customer,67,Business Travel,Business,1276,1,1,1,1,4,4,4,5,5,5,5,5,4,3.46,25,0,TRUE
Male,Loyal Customer,47,Personal Travel,Eco,227,5,5,5,2,3,5,4,3,4,4,4,5,3,4,0,0,TRUE
Female,Disloyal Customer,30,Business Travel,Eco,522,4,1,4,3,3,4,3,3,3,2,3,1,3,2.85,37,37,FALSE
Male,Loyal Customer,65,Personal Travel,Eco,1471,2,4,2,4,5,2,5,5,3,5,5,5,5,4,0,0,FALSE
Male,Loyal Customer,40,Business Travel,Business,2940,3,3,3,3,4,5,4,5,5,5,5,2,5,4,0,6,TRUE
Male,Disloyal Customer,37,Business Travel,Eco,746,2,2,2,4,2,2,2,2,2,4,4,4,2,2.62,20,7,FALSE
Male,Loyal Customer,7,Personal Travel,Eco Plus,311,4,5,4,3,4,4,4,4,3,2,4,3,4,3.69,0,0,FALSE
Female,Disloyal Customer,27,Business Travel,Business,2399,1,1,1,1,1,5,5,4,3,5,5,5,5,3.23,3,19,FALSE
Female,Loyal Customer,35,Personal Travel,Eco,1025,2,4,2,3,2,2,2,2,5,5,5,5,2,3.15,0,0,FALSE
Female,Loyal Customer,49,Business Travel,Eco Plus,447,5,1,1,1,2,4,1,5,5,5,5,3,4,3.23,4,0,TRUE
Male,Loyal Customer,46,Business Travel,Business,137,4,4,4,4,4,4,4,4,4,4,4,4,4,4,0,3,TRUE
Female,Disloyal Customer,26,Business Travel,Eco,666,2,4,2,4,3,2,3,3,4,2,3,3,3,2.92,0,0,FALSE
Female,Disloyal Customer,27,Business Travel,Business,992,3,2,2,2,2,2,4,2,4,2,4,3,2,2.62,0,5,FALSE
Male,Disloyal Customer,66,Business Travel,Eco,536,1,4,1,4,1,1,1,1,4,3,5,5,1,2.46,0,0,FALSE
Female,Loyal Customer,34,Personal Travel,Eco,214,2,2,2,3,1,2,3,1,1,3,4,4,1,2.23,0,0,FALSE
Female,Disloyal Customer,27,Business Travel,Eco,456,3,3,4,3,3,4,3,3,2,2,3,4,3,3.08,0,0,FALSE
Male,Loyal Customer,52,Business Travel,Business,2353,3,1,1,1,2,2,2,3,3,3,3,1,3,2.15,0,0,FALSE
Female,Disloyal Customer,17,Business Travel,Eco,678,2,2,2,3,4,2,4,4,1,3,2,3,4,2.77,0,36,FALSE
Female,Disloyal Customer,17,Business Travel,Eco,1533,4,5,5,4,5,4,5,5,3,1,5,5,5,4.31,0,0,TRUE
Male,Loyal Customer,19,Personal Travel,Eco,493,4,4,4,3,4,4,4,4,3,3,5,3,4,3.77,0,0,FALSE
Female,Loyal Customer,52,Personal Travel,Eco,404,4,5,4,5,5,4,4,1,1,4,1,3,3,3.38,15,10,FALSE
Male,Loyal Customer,56,Personal Travel,Eco,779,1,4,1,4,4,1,4,4,3,3,4,4,4,3.15,0,0,FALSE
Male,Loyal Customer,26,Business Travel,Business,1195,1,4,3,4,1,1,1,1,4,1,3,4,1,2.23,0,2,FALSE
Male,Loyal Customer,52,Business Travel,Eco,95,4,2,1,1,4,4,4,4,5,5,2,5,4,3.46,0,0,TRUE
Male,Loyal Customer,43,Personal Travel,Eco,842,4,3,4,4,4,4,4,4,1,3,4,3,4,3.54,0,1,FALSE
Female,Disloyal Customer,38,Business Travel,Eco,413,1,3,2,4,2,2,2,5,5,3,3,2,2,2.77,185,176,FALSE
Male,Loyal Customer,70,Personal Travel,Business,842,5,4,5,2,3,5,4,3,3,5,3,5,4,3.92,0,26,TRUE
Female,Loyal Customer,54,Personal Travel,Eco,954,3,4,3,3,5,4,5,1,1,3,1,5,5,3.31,0,0,FALSE
Female,Disloyal Customer,22,Business Travel,Eco,370,2,4,2,2,5,2,5,5,3,2,3,3,5,3.31,0,0,FALSE
Male,Loyal Customer,46,Business Travel,Business,2093,4,4,4,4,2,4,5,4,4,4,4,4,5,4,0,0,TRUE
Male,Loyal Customer,43,Business Travel,Business,3887,4,4,4,4,5,4,4,5,5,5,5,3,4,4.31,0,0,TRUE
Male,Loyal Customer,40,Business Travel,Business,373,5,5,5,5,3,4,4,4,4,4,4,5,4,4.31,0,0,TRUE
Male,Loyal Customer,25,Personal Travel,Eco,2342,2,2,2,4,2,2,2,2,1,5,4,4,2,2.62,20,33,FALSE
Female,Disloyal Customer,20,Business Travel,Eco,669,5,4,4,4,2,4,3,2,4,4,5,3,2,3.54,0,0,TRUE
Male,Loyal Customer,58,Business Travel,Eco,677,3,4,4,4,3,3,3,3,2,4,3,4,3,3.31,31,33,FALSE
Female,Loyal Customer,28,Business Travel,Business,1634,2,4,4,4,2,2,2,2,3,3,3,2,2,2.69,1,0,FALSE
Female,Loyal Customer,54,Personal Travel,Eco,987,4,4,4,3,3,4,5,5,5,4,5,5,4,4.23,8,20,FALSE
Female,Loyal Customer,35,Business Travel,Business,3490,1,1,1,1,3,4,4,5,5,5,5,4,4,3.31,0,0,TRUE
Male,Loyal Customer,37,Business Travel,Eco,1011,4,2,2,2,4,4,4,4,4,4,4,4,4,3.54,0,0,TRUE
Female,Disloyal Customer,18,Business Travel,Business,812,0,0,0,4,2,0,2,2,5,4,4,5,2,2.31,0,0,TRUE
Female,Loyal Customer,48,Business Travel,Business,3281,4,2,2,2,2,2,2,4,4,4,4,4,3,3,0,13,FALSE
Male,Loyal Customer,41,Business Travel,Business,395,4,4,2,4,1,5,1,4,4,4,4,5,2,3.38,0,7,TRUE
Male,Disloyal Customer,27,Business Travel,Eco,789,5,5,5,3,4,5,4,4,5,1,1,2,4,3.69,0,0,TRUE
Female,Loyal Customer,21,Personal Travel,Eco,2342,1,3,1,4,3,1,3,3,3,4,3,4,3,2.77,0,0,FALSE
Female,Loyal Customer,61,Personal Travel,Eco,528,4,4,4,3,4,4,5,5,5,4,5,5,3,4.23,0,0,FALSE
Male,Disloyal Customer,35,Business Travel,Business,946,3,3,3,4,2,3,1,2,3,2,5,4,2,2.85,0,0,FALSE
Female,Loyal Customer,54,Business Travel,Business,3283,1,1,1,1,4,5,5,5,5,5,5,4,4,3.54,0,2,TRUE
Male,Loyal Customer,17,Personal Travel,Eco,549,2,2,2,2,3,2,3,3,2,2,3,3,3,2.46,0,0,FALSE
Female,Loyal Customer,20,Personal Travel,Eco,529,2,4,2,4,1,2,1,1,4,5,4,4,1,2.69,0,0,FALSE
Female,Loyal Customer,49,Business Travel,Eco Plus,647,3,1,1,1,1,4,3,3,3,3,3,1,2,2.23,0,0,FALSE
Male,Disloyal Customer,30,Business Travel,Business,628,2,2,2,4,5,2,5,5,2,3,3,4,5,3.38,0,9,FALSE
Male,Loyal Customer,43,Business Travel,Business,1587,4,4,4,4,3,5,4,4,4,4,4,5,4,4.08,0,0,TRUE
Female,Loyal Customer,11,Personal Travel,Eco,134,4,4,0,2,2,0,3,2,5,1,5,4,2,2.62,0,0,FALSE
Female,Loyal Customer,7,Personal Travel,Eco,200,1,4,1,1,4,1,4,4,2,4,5,5,4,3.08,5,13,FALSE
Male,Loyal Customer,54,Personal Travel,Eco,2402,1,2,1,4,4,1,4,4,4,5,4,1,4,3,42,25,FALSE
Female,Loyal Customer,34,Personal Travel,Eco,266,4,4,4,4,5,4,5,5,4,2,5,4,5,4.23,0,0,TRUE
Female,Loyal Customer,34,Business Travel,Business,577,4,4,4,4,5,5,4,5,5,5,5,5,3,4.46,0,0,TRUE
Female,Loyal Customer,66,Business Travel,Business,1185,4,4,4,4,4,4,4,5,5,5,5,2,4,4.15,0,0,TRUE
Male,Loyal Customer,48,Business Travel,Business,2327,1,1,1,1,5,5,5,3,4,3,2,5,5,3.15,0,2,TRUE
Male,Disloyal Customer,29,Business Travel,Business,711,4,4,4,3,5,4,2,5,3,3,5,3,5,3.85,0,0,FALSE
Male,Disloyal Customer,25,Business Travel,Business,1045,0,0,0,2,4,0,3,4,4,2,4,4,4,2.38,0,0,TRUE
Male,Disloyal Customer,21,Business Travel,Eco,909,1,1,1,3,1,1,2,1,2,4,4,4,1,2,1,0,FALSE
Male,Disloyal Customer,80,Business Travel,Business,350,4,4,4,3,1,4,5,2,2,4,2,3,2,3.08,0,0,FALSE
Female,Loyal Customer,9,Personal Travel,Eco,581,1,4,1,3,5,1,5,5,3,5,5,3,5,3.54,0,3,FALSE
Female,Loyal Customer,64,Business Travel,Business,1121,1,0,0,3,2,3,3,2,2,0,2,2,1,1.62,0,0,FALSE
Female,Loyal Customer,55,Business Travel,Business,1438,5,5,5,5,2,4,5,5,5,5,5,3,5,4.54,81,,TRUE
Female,Loyal Customer,17,Personal Travel,Eco Plus,196,1,4,1,1,3,1,3,3,4,2,5,3,3,2.62,0,0,FALSE
Male,Loyal Customer,61,Personal Travel,Eco Plus,369,3,3,3,4,4,3,5,4,4,1,4,1,4,3.31,44,50,FALSE
Female,Loyal Customer,22,Personal Travel,Eco,533,3,5,3,1,5,3,5,5,4,4,5,3,5,3.92,30,18,FALSE
Female,Loyal Customer,49,Personal Travel,Eco,965,1,4,1,5,2,5,4,1,1,1,1,3,5,2.62,7,10,FALSE
Female,Loyal Customer,65,Business Travel,Business,345,0,0,0,2,2,5,2,2,2,2,2,2,2,1.77,0,0,TRUE
Female,Loyal Customer,48,Personal Travel,Eco,438,3,4,3,1,5,5,3,1,1,3,1,4,3,2.85,4,8,FALSE
Male,Disloyal Customer,22,Business Travel,Business,417,4,2,4,5,4,4,4,4,3,2,5,5,4,3.85,0,0,TRUE
Male,Loyal Customer,20,Personal Travel,Eco,1501,5,4,5,5,4,5,4,4,3,5,5,1,4,4.15,0,0,TRUE
Female,Loyal Customer,50,Personal Travel,Eco,432,5,3,5,1,2,5,5,3,3,5,3,3,2,3.46,0,0,TRUE
Female,Loyal Customer,43,Business Travel,Business,1799,1,1,1,1,5,4,5,5,5,5,5,5,5,3.69,1,0,TRUE
Male,Loyal Customer,38,Personal Travel,Eco,1208,4,1,4,4,2,4,2,2,1,4,3,2,2,2.69,0,0,FALSE
Male,Loyal Customer,37,Personal Travel,Eco,373,2,5,2,3,5,2,5,5,4,2,3,3,5,3.54,8,0,FALSE
Female,Disloyal Customer,24,Business Travel,Eco,921,3,3,3,1,5,3,5,5,5,4,5,3,5,3.85,0,0,FALSE
Female,Loyal Customer,57,Personal Travel,Eco,1488,2,2,1,3,5,2,3,1,1,1,1,3,3,2.15,0,0,FALSE
Male,Loyal Customer,42,Business Travel,Eco Plus,707,1,5,5,5,1,1,1,1,2,4,3,1,1,2.38,32,34,FALSE
Male,Loyal Customer,37,Business Travel,Business,3222,5,5,5,5,2,5,4,4,4,4,4,5,4,4.31,0,0,TRUE
Female,Loyal Customer,70,Personal Travel,Eco,591,4,4,4,1,4,4,5,3,3,4,3,5,5,3.77,30,30,FALSE
Male,Loyal Customer,45,Personal Travel,Eco,951,2,1,2,4,5,2,5,5,2,5,3,3,5,3.38,0,0,FALSE
Female,Disloyal Customer,36,Business Travel,Business,1340,3,3,3,1,5,3,5,5,4,2,5,4,5,3.69,32,44,FALSE
Male,Disloyal Customer,56,Business Travel,Eco,132,1,3,1,3,5,1,5,5,4,3,3,2,5,3.15,0,0,FALSE
Female,Loyal Customer,25,Business Travel,Eco Plus,978,4,2,2,2,4,4,5,4,2,4,3,5,4,3.46,0,0,TRUE
Female,Loyal Customer,55,Personal Travel,Eco,557,3,4,2,4,3,4,3,1,1,2,1,4,4,2.77,0,0,FALSE
Female,Loyal Customer,74,Business Travel,Business,2762,1,2,2,2,3,4,4,1,1,1,1,1,2,1.92,20,35,FALSE
Female,Loyal Customer,31,Business Travel,Business,3582,2,2,2,2,5,5,5,5,4,2,3,3,5,3.46,0,0,TRUE
Female,Disloyal Customer,44,Business Travel,Business,480,3,3,3,4,4,3,4,4,3,3,4,5,4,3.62,2,0,TRUE
Female,Disloyal Customer,23,Business Travel,Business,395,4,5,4,1,1,4,4,1,3,4,5,5,1,3.23,0,0,TRUE
Male,Loyal Customer,45,Personal Travel,Eco,2565,2,3,2,2,4,2,4,4,3,2,2,4,4,2.92,7,,FALSE
Female,Disloyal Customer,16,Business Travel,Eco,631,0,0,0,1,1,0,1,1,2,1,3,5,1,1.23,70,47,TRUE
Male,Disloyal Customer,51,Personal Travel,Eco,1746,1,0,1,4,1,1,1,1,5,3,5,4,1,2.15,20,22,FALSE
Female,Loyal Customer,59,Business Travel,Eco,860,3,3,5,3,1,3,4,3,3,3,3,2,1,2.85,5,1,FALSE
Male,Loyal Customer,37,Business Travel,Business,3758,2,3,3,3,4,3,2,2,2,2,2,3,1,2.46,41,50,FALSE
Male,Disloyal Customer,38,Business Travel,Eco,169,3,0,4,3,4,4,4,4,2,3,3,2,4,3.08,5,0,FALSE
Female,Loyal Customer,43,Business Travel,Eco,1121,1,2,2,2,1,1,1,1,2,4,4,1,1,1.77,192,185,FALSE
Female,Loyal Customer,46,Business Travel,Business,3100,2,2,2,2,4,5,4,4,4,4,4,4,5,3.54,0,0,TRUE
Male,Loyal Customer,47,Business Travel,Business,289,0,0,0,3,5,4,5,3,3,3,3,5,3,2.85,0,0,TRUE
Female,Loyal Customer,46,Personal Travel,Eco,347,1,4,3,3,5,5,5,3,3,3,3,5,5,3.69,0,11,FALSE
Male,Loyal Customer,43,Business Travel,Business,1803,2,2,2,2,5,4,5,3,3,3,3,3,5,3.23,0,0,TRUE
Male,Loyal Customer,31,Business Travel,Business,896,5,5,5,5,5,5,5,5,2,5,3,4,5,4.54,0,7,TRUE
Female,Disloyal Customer,26,Business Travel,Business,427,4,4,4,4,3,4,3,3,2,3,3,2,3,3.23,26,29,FALSE
Male,Loyal Customer,67,Personal Travel,Eco,937,3,1,2,3,2,2,2,2,1,3,3,4,2,2.31,34,13,FALSE
Male,Loyal Customer,33,Business Travel,Business,2653,0,5,0,2,5,5,5,5,5,2,3,2,5,3.38,0,0,TRUE
Female,Loyal Customer,8,Personal Travel,Eco,935,4,4,4,5,3,4,3,3,5,5,5,4,3,4,6,0,FALSE
Female,Disloyal Customer,26,Business Travel,Eco,525,2,1,2,3,3,2,3,3,3,5,3,3,3,2.77,0,0,FALSE
Female,Loyal Customer,41,Business Travel,Business,1979,2,2,5,2,5,3,4,4,4,4,4,4,4,3.62,0,0,TRUE
Female,Loyal Customer,55,Personal Travel,Eco,502,2,5,2,4,5,4,4,4,4,2,2,5,5,3.69,0,8,FALSE
Male,Loyal Customer,19,Personal Travel,Eco,874,3,2,3,3,4,3,4,4,2,5,3,1,4,3.15,0,12,FALSE
Male,Disloyal Customer,37,Business Travel,Eco,2419,2,2,2,3,2,1,5,4,3,4,1,5,5,3,113,102,FALSE
Female,Disloyal Customer,16,Business Travel,Eco,813,1,1,1,3,2,1,2,2,1,1,4,2,2,1.77,0,0,FALSE
Female,Disloyal Customer,38,Business Travel,Business,473,4,4,4,4,3,4,3,3,4,2,4,5,3,3.62,0,0,TRUE
Male,Loyal Customer,61,Personal Travel,Eco Plus,964,3,5,3,5,3,3,3,3,3,4,4,3,3,3.46,0,0,FALSE
Female,Loyal Customer,53,Personal Travel,Eco,631,2,5,2,5,3,5,4,1,1,2,1,3,5,3,0,13,FALSE
Male,Loyal Customer,10,Personal Travel,Eco,113,1,1,1,3,4,1,4,4,3,3,3,3,4,2.69,0,9,FALSE
Male,Loyal Customer,53,Business Travel,Business,1188,4,4,4,4,4,4,4,4,4,4,4,3,5,4,0,0,TRUE
Male,Loyal Customer,39,Personal Travel,Eco,270,2,5,2,2,3,2,3,3,4,4,4,3,3,3.08,0,0,FALSE
Male,Loyal Customer,65,Personal Travel,Business,421,2,2,2,3,2,2,3,3,3,2,5,2,1,2.46,0,2,FALSE
Male,Loyal Customer,39,Business Travel,Business,985,1,1,1,1,3,4,5,4,4,5,4,3,3,3,0,7,TRUE
Female,Loyal Customer,63,Personal Travel,Eco Plus,300,4,2,4,4,2,4,3,5,5,4,5,2,4,3.69,117,114,FALSE
Female,Loyal Customer,51,Business Travel,Business,421,1,1,1,1,1,2,3,4,4,4,4,4,2,2.46,0,0,TRUE
Female,Loyal Customer,20,Personal Travel,Eco,622,2,4,2,3,2,2,2,2,3,4,5,5,2,2.92,0,0,FALSE
Male,Loyal Customer,43,Business Travel,Business,1590,1,1,1,1,3,3,5,4,4,5,4,5,3,3.08,0,0,TRUE
Male,Loyal Customer,33,Business Travel,Business,1955,4,1,4,1,4,4,4,4,2,5,4,4,4,3.46,0,0,FALSE
Female,Loyal Customer,25,Business Travel,Business,1342,4,4,4,4,5,5,5,5,4,3,5,5,5,4.46,0,0,TRUE
Female,Loyal Customer,26,Personal Travel,Eco,402,2,5,2,4,5,2,5,5,3,5,5,4,5,4,0,0,FALSE
Male,Loyal Customer,48,Business Travel,Business,1680,4,4,4,4,4,4,4,3,3,3,3,4,5,3.77,51,27,TRUE
Female,Disloyal Customer,48,Business Travel,Eco,1506,2,2,2,4,1,2,1,1,3,3,3,4,1,2.23,0,0,FALSE
Male,Loyal Customer,36,Business Travel,Eco,557,3,1,1,1,3,4,3,3,5,2,3,5,3,2.85,0,0,TRUE
Female,Disloyal Customer,24,Business Travel,Eco,545,4,0,4,2,5,4,5,5,5,3,4,4,5,3.85,7,18,TRUE
Female,Loyal Customer,46,Business Travel,Business,2795,3,5,3,5,5,3,4,3,3,3,3,2,4,3.54,0,0,FALSE
Female,Loyal Customer,47,Personal Travel,Eco,1276,2,5,2,4,4,4,5,1,1,2,1,3,5,3,0,5,FALSE
Female,Loyal Customer,40,Personal Travel,Eco,307,3,3,4,5,3,4,3,3,2,5,1,2,3,3.15,18,9,FALSE
Male,Loyal Customer,31,Business Travel,Business,2559,2,4,2,2,5,4,5,5,2,1,5,3,5,3.46,0,0,TRUE
Female,Loyal Customer,72,Business Travel,Business,1235,2,2,2,2,1,5,4,4,4,4,4,2,5,3.15,0,0,TRUE
Female,Loyal Customer,67,Personal Travel,Eco,862,2,5,2,4,2,5,5,1,1,2,1,5,3,2.92,0,0,FALSE
Male,Loyal Customer,57,Personal Travel,Eco,691,4,3,4,4,1,4,1,1,3,3,3,1,1,2.54,0,0,FALSE
Male,Loyal Customer,28,Business Travel,Business,989,3,4,5,4,3,3,3,3,3,4,3,3,3,3.38,0,0,FALSE
Male,Loyal Customer,51,Business Travel,Business,3334,3,3,3,3,2,4,4,5,5,5,5,4,3,3.77,6,0,TRUE
Male,Loyal Customer,60,Business Travel,Business,888,2,5,1,5,2,4,4,2,2,2,2,3,3,2.85,106,81,FALSE
Female,Loyal Customer,53,Business Travel,Eco,304,5,5,5,5,4,3,4,4,4,5,4,2,3,4.08,0,0,TRUE
Female,Loyal Customer,34,Business Travel,Business,2385,3,4,3,3,5,4,5,4,4,4,4,5,4,4,0,2,TRUE
Female,Loyal Customer,33,Business Travel,Business,1774,3,1,3,3,5,4,5,4,4,4,4,5,5,3.85,0,0,TRUE
Female,Loyal Customer,23,Business Travel,Business,2753,3,3,3,3,4,4,4,4,3,5,4,3,4,3.62,0,65,TRUE
Male,Disloyal Customer,25,Business Travel,Business,422,2,4,2,3,4,2,4,4,4,2,4,4,4,3.31,0,1,FALSE
Female,Loyal Customer,22,Personal Travel,Eco,522,3,5,3,1,2,3,2,2,3,3,5,5,2,3,0,0,FALSE
Male,Loyal Customer,65,Personal Travel,Eco Plus,1096,4,1,4,3,4,4,4,4,2,2,1,2,4,3,15,33,FALSE
Female,Loyal Customer,49,Business Travel,Business,1587,5,5,1,5,2,5,4,4,4,4,4,3,4,3.85,0,0,TRUE
Female,Disloyal Customer,21,Business Travel,Eco,675,4,4,4,3,2,4,2,2,2,3,3,4,2,3,0,,FALSE
Female,Loyal Customer,26,Personal Travel,Eco,1797,1,4,1,2,4,1,4,4,2,5,5,5,4,3.23,0,0,FALSE
Female,Disloyal Customer,24,Business Travel,Business,964,4,5,4,2,1,4,1,1,5,4,5,4,1,3.15,0,0,TRUE
Male,Loyal Customer,33,Business Travel,Eco,223,1,5,5,5,1,1,1,1,4,3,2,4,1,2.62,29,24,FALSE
Female,Loyal Customer,57,Personal Travel,Eco,639,1,5,1,4,4,5,4,5,5,1,5,4,4,3.69,23,20,FALSE
Female,Loyal Customer,30,Business Travel,Business,631,4,4,2,4,4,4,4,4,3,3,3,1,4,3.38,41,37,FALSE
Male,Loyal Customer,45,Business Travel,Eco,576,4,1,1,1,4,4,4,4,5,3,4,1,4,3.08,0,0,TRUE
Female,Loyal Customer,22,Business Travel,Eco Plus,479,5,5,5,5,5,5,3,5,3,5,3,4,5,4.46,0,6,TRUE
Male,Loyal Customer,65,Business Travel,Eco,153,3,3,3,3,3,3,3,3,1,3,3,1,3,2.69,19,11,FALSE
Male,Loyal Customer,23,Business Travel,Eco,346,0,4,0,3,5,0,5,5,2,1,5,4,5,3,0,0,TRUE
Male,Loyal Customer,66,Personal Travel,Eco Plus,1514,1,5,0,5,5,0,5,5,3,2,5,3,5,3.38,0,0,FALSE
Female,Loyal Customer,49,Business Travel,Business,631,2,2,2,2,5,5,4,5,5,5,5,5,3,3.85,1,0,TRUE
Male,Loyal Customer,59,Personal Travel,Eco,740,2,4,2,4,1,2,1,1,4,5,4,3,1,2.62,11,43,FALSE
Male,Loyal Customer,52,Business Travel,Business,683,3,3,3,3,3,4,5,5,5,5,5,4,4,4,0,0,TRUE
Female,Loyal Customer,33,Personal Travel,Eco,544,3,4,2,4,1,2,5,1,4,3,2,1,1,2.54,0,0,FALSE
Male,Loyal Customer,46,Business Travel,Business,251,1,1,1,1,3,4,5,4,4,4,4,4,3,3,9,1,TRUE
Male,Disloyal Customer,26,Business Travel,Business,1355,4,4,4,1,1,4,1,1,3,5,5,3,1,2.85,0,0,TRUE
Female,Loyal Customer,40,Business Travel,Business,3311,5,5,5,5,2,4,5,5,5,5,5,5,4,4.62,0,0,TRUE
Male,Disloyal Customer,23,Business Travel,Eco,391,5,3,5,2,2,5,1,2,3,1,4,3,2,2.92,0,0,TRUE
Female,Disloyal Customer,23,Business Travel,Eco,395,2,0,3,5,4,3,4,4,5,2,5,5,4,3.54,45,67,FALSE
Female,Loyal Customer,35,Business Travel,Business,2008,1,1,4,1,5,4,2,4,4,4,5,3,1,3,0,0,TRUE
Male,Loyal Customer,43,Business Travel,Business,237,0,0,0,3,2,5,1,1,1,1,1,3,5,1.77,0,0,TRUE
Male,Loyal Customer,28,Business Travel,Business,2556,3,3,3,3,3,4,3,3,3,3,5,3,3,3.23,0,,TRUE
Female,Loyal Customer,60,Business Travel,Business,1715,3,3,1,3,2,5,4,4,4,4,4,3,3,3.31,0,0,TRUE
Male,Loyal Customer,50,Personal Travel,Eco,2615,2,5,2,3,2,3,3,5,4,5,5,3,3,3.46,0,16,FALSE
Female,Disloyal Customer,52,Business Travel,Eco,721,4,3,3,1,5,3,5,5,3,3,1,5,5,3.54,0,0,TRUE
Male,Loyal Customer,45,Personal Travel,Eco,1010,3,4,3,3,2,3,3,2,3,4,1,5,2,2.92,0,5,FALSE
Female,Loyal Customer,55,Personal Travel,Eco,446,1,4,5,3,5,5,4,4,4,5,4,3,4,3.92,5,8,FALSE
Female,Loyal Customer,53,Business Travel,Eco,602,1,0,0,4,1,3,3,3,3,1,3,4,2,2.15,29,25,FALSE
Male,Loyal Customer,15,Personal Travel,Eco,1642,3,5,3,1,4,3,4,4,3,5,5,2,4,3.54,0,3,FALSE
Female,Loyal Customer,29,Business Travel,Business,423,1,3,3,3,1,1,1,1,4,3,3,3,1,2.15,15,6,FALSE
Female,Loyal Customer,56,Business Travel,Eco Plus,515,4,5,5,5,2,1,5,4,4,4,4,1,4,3.69,0,0,TRUE
Female,Loyal Customer,10,Personal Travel,Eco,342,1,2,1,3,2,1,2,2,4,2,3,4,2,2.23,0,0,FALSE
Male,Loyal Customer,46,Business Travel,Eco,295,4,5,5,5,3,4,3,3,3,3,5,1,3,3.62,0,0,TRUE
Female,Disloyal Customer,24,Business Travel,Business,399,1,4,1,4,2,1,2,2,4,1,4,4,2,2.46,0,0,FALSE
Male,Disloyal Customer,27,Business Travel,Eco Plus,118,3,3,3,4,4,3,4,4,2,5,2,1,4,3.23,7,0,FALSE
Female,Loyal Customer,69,Personal Travel,Eco,679,2,5,2,4,5,4,5,5,5,2,5,4,4,4,0,0,FALSE
Male,Loyal Customer,10,Personal Travel,Eco,1174,3,4,3,3,3,3,3,3,3,5,4,1,3,3.15,0,0,FALSE
Female,Loyal Customer,58,Business Travel,Business,2370,4,4,4,4,3,5,4,4,4,4,4,5,5,4.15,3,0,TRUE
Female,Loyal Customer,38,Business Travel,Eco,1088,4,4,1,4,4,4,4,1,3,2,1,4,4,3.08,9,0,TRUE
Female,Disloyal Customer,29,Business Travel,Business,882,3,4,4,4,3,4,3,3,3,4,4,4,3,3.54,10,0,FALSE
Female,Disloyal Customer,22,Business Travel,Eco,808,4,4,4,4,5,4,5,5,1,5,3,2,5,3.92,0,0,FALSE
Female,Loyal Customer,39,Business Travel,Business,3421,4,4,4,4,2,5,5,4,4,4,4,3,4,3.92,11,4,TRUE
Male,Loyal Customer,22,Personal Travel,Eco,592,2,3,2,4,3,2,3,3,4,5,2,3,3,3,9,22,FALSE
Female,Disloyal Customer,30,Business Travel,Eco,562,2,3,2,4,4,2,4,4,1,2,4,3,4,3,0,0,FALSE
Male,Loyal Customer,52,Business Travel,Business,2994,1,1,1,1,5,5,5,3,2,5,4,5,5,3.31,2,0,TRUE
Male,Loyal Customer,29,Business Travel,Business,967,5,5,5,5,4,4,4,4,5,3,4,3,4,4.23,36,72,TRUE
Female,Loyal Customer,37,Personal Travel,Eco,1797,2,5,2,2,3,2,3,3,4,3,4,5,3,3.15,0,0,FALSE
Male,Loyal Customer,19,Business Travel,Eco,547,2,3,3,3,2,2,4,2,3,5,4,1,2,2.77,0,0,FALSE
Female,Loyal Customer,41,Business Travel,Business,160,3,5,3,3,3,4,3,3,3,3,3,4,2,3.23,0,0,FALSE
Male,Disloyal Customer,26,Business Travel,Business,304,1,0,1,2,1,1,1,1,4,2,4,4,1,1.77,0,0,FALSE
Female,Loyal Customer,55,Business Travel,Eco,528,4,2,2,2,5,3,3,4,4,4,4,4,1,3.23,27,22,FALSE
Male,Disloyal Customer,15,Business Travel,Eco,965,5,5,5,3,5,5,5,5,2,1,2,3,5,3.92,0,0,TRUE
Female,Loyal Customer,55,Personal Travel,Eco,241,4,4,4,3,4,5,4,5,5,4,5,5,5,4.38,0,0,TRUE
Female,Loyal Customer,61,Business Travel,Eco Plus,986,4,3,4,3,3,3,3,4,4,4,4,5,5,3.77,0,0,TRUE
Male,Loyal Customer,41,Business Travel,Business,3074,4,4,5,4,4,4,4,5,5,5,5,3,4,4.31,0,0,TRUE
Female,Loyal Customer,35,Business Travel,Business,765,3,3,2,3,2,3,4,3,3,3,3,1,4,2.85,0,21,FALSE
Male,Loyal Customer,47,Personal Travel,Eco Plus,469,1,5,1,4,3,1,5,3,5,1,4,4,3,3.08,2,0,FALSE
Female,Loyal Customer,39,Personal Travel,Eco,1346,3,5,3,2,1,3,1,1,4,5,3,4,1,2.77,0,0,FALSE
Female,Loyal Customer,38,Business Travel,Business,1522,4,1,1,1,3,3,4,4,4,4,4,3,3,3,23,21,FALSE
Female,Loyal Customer,45,Business Travel,Business,748,2,2,2,2,2,5,5,3,3,4,3,5,3,3.15,0,0,TRUE
Female,Loyal Customer,54,Business Travel,Eco Plus,835,3,5,5,5,3,2,2,3,3,3,3,3,2,3.23,3,9,FALSE
Male,Disloyal Customer,46,Business Travel,Eco,387,2,4,2,5,2,2,2,2,2,3,2,2,2,2.46,0,0,FALSE
Male,Disloyal Customer,22,Business Travel,Eco,216,2,3,2,3,1,2,1,1,1,4,4,4,1,2.23,0,0,FALSE
Male,Loyal Customer,67,Business Travel,Business,1739,4,3,2,2,4,3,3,4,4,4,4,3,4,3.38,0,0,FALSE
Male,Loyal Customer,45,Business Travel,Business,930,4,4,4,4,3,5,5,4,4,4,4,3,3,3.92,48,60,TRUE
Male,Loyal Customer,41,Business Travel,Business,1631,5,5,5,5,4,5,5,4,4,4,4,5,4,4.54,0,2,TRUE
Female,Loyal Customer,58,Business Travel,Eco,337,2,2,2,2,5,3,3,2,2,2,2,3,1,2.38,28,27,FALSE
Female,Loyal Customer,8,Personal Travel,Eco,493,2,5,5,2,5,5,5,5,3,3,5,5,5,4.23,0,0,FALSE
Female,Disloyal Customer,24,Business Travel,Business,731,5,0,5,3,1,5,1,1,5,2,4,3,1,2.77,36,44,TRUE
Female,Loyal Customer,25,Personal Travel,Eco,722,3,1,3,2,3,3,3,3,4,2,2,2,3,2.62,10,15,FALSE
Male,Loyal Customer,19,Personal Travel,Eco,214,4,1,4,1,3,4,3,3,1,5,1,3,3,2.77,16,28,FALSE
Male,Loyal Customer,44,Business Travel,Eco,235,2,1,1,1,2,2,2,2,1,5,2,4,2,2.08,48,38,FALSE
Male,Loyal Customer,38,Business Travel,Eco,925,1,3,3,3,1,1,1,1,4,1,4,2,1,2,0,0,FALSE
Male,Disloyal Customer,37,Business Travel,Business,406,4,4,4,4,4,4,4,4,5,4,4,3,4,4,0,0,TRUE
Male,Loyal Customer,33,Business Travel,Business,481,2,2,2,2,5,5,5,5,3,1,5,4,5,3.54,0,0,TRUE
Female,Loyal Customer,54,Personal Travel,Eco,594,3,5,3,4,3,3,4,2,2,3,2,2,3,3,2,4,FALSE
Male,Loyal Customer,36,Personal Travel,Business,1047,3,4,3,3,3,4,5,2,2,3,3,5,3,3.31,13,0,FALSE
Male,Loyal Customer,39,Business Travel,Business,2475,3,3,3,3,3,5,5,4,4,4,4,4,3,3.69,17,36,TRUE
Female,Loyal Customer,58,Business Travel,Business,1595,0,0,0,2,3,5,5,4,4,4,4,3,3,2.85,0,0,TRUE
Male,Loyal Customer,40,Personal Travel,Eco Plus,226,3,1,3,3,5,3,4,5,2,5,4,2,5,3.46,0,1,FALSE
Female,Loyal Customer,49,Business Travel,Business,3313,2,2,2,2,5,4,4,4,4,4,4,3,3,3.31,0,5,TRUE
Male,Loyal Customer,61,Business Travel,Business,3960,2,2,2,2,4,5,5,5,5,5,5,3,5,3.85,0,11,TRUE
Female,Loyal Customer,52,Business Travel,Business,308,4,1,4,4,4,5,5,4,4,4,4,5,5,4.08,0,0,TRUE
Male,Loyal Customer,9,Personal Travel,Eco,543,3,4,3,5,2,3,2,2,3,2,4,5,2,3.08,0,0,FALSE
Male,Loyal Customer,44,Business Travel,Business,1947,4,3,4,4,2,3,4,4,4,4,4,4,5,3.77,0,15,TRUE
Female,Loyal Customer,70,Personal Travel,Eco,184,2,4,2,4,3,4,5,2,2,2,3,3,3,3,3,0,FALSE
Male,Loyal Customer,51,Business Travel,Business,1299,1,1,4,1,2,5,5,4,4,4,4,3,4,3.23,19,0,TRUE
Male,Loyal Customer,15,Personal Travel,Eco,1149,4,4,3,4,5,3,5,5,3,4,5,3,5,4.08,0,0,FALSE
Male,Loyal Customer,29,Personal Travel,Eco Plus,526,4,4,4,4,1,4,1,1,4,5,5,5,1,3.31,0,0,FALSE
Female,Loyal Customer,47,Personal Travel,Business,425,3,4,3,2,2,4,4,2,2,3,2,4,4,3,1,0,FALSE
Female,Loyal Customer,61,Business Travel,Business,458,3,3,3,3,5,1,4,4,4,4,4,3,5,3.54,0,0,TRUE
Male,Loyal Customer,14,Personal Travel,Eco,223,3,4,0,2,3,0,3,3,4,3,4,5,3,2.85,0,0,FALSE
Male,Loyal Customer,21,Personal Travel,Eco,631,2,3,2,2,3,2,3,3,5,3,3,5,3,3,0,0,FALSE
Male,Loyal Customer,46,Business Travel,Business,3984,3,3,3,3,4,1,5,2,2,2,2,3,1,2.62,0,0,TRUE
Female,Disloyal Customer,39,Business Travel,Business,319,1,1,1,4,1,1,1,1,4,3,4,3,1,2,7,0,FALSE
Male,Disloyal Customer,25,Business Travel,Eco,757,2,2,2,3,5,2,4,5,2,5,3,3,5,3.31,0,0,FALSE
Female,Loyal Customer,37,Business Travel,Business,594,4,4,1,4,2,5,5,4,4,4,4,3,4,3.69,14,0,TRUE
Male,Loyal Customer,39,Personal Travel,Eco,591,1,1,0,3,5,0,5,5,4,2,3,2,5,2.77,0,5,FALSE
Female,Loyal Customer,18,Business Travel,Eco Plus,594,1,1,1,1,1,1,2,1,3,3,4,2,1,1.69,1,14,FALSE
Female,Loyal Customer,30,Personal Travel,Eco,689,3,5,3,2,2,3,1,2,5,3,5,4,2,3.08,0,0,FALSE
Female,Loyal Customer,51,Personal Travel,Eco,337,1,1,1,3,2,3,3,3,3,1,3,2,2,2.15,13,4,FALSE
Female,Loyal Customer,38,Business Travel,Business,3131,3,3,3,3,4,5,4,4,4,4,4,5,4,3.85,4,0,TRUE
Female,Loyal Customer,46,Business Travel,Business,3000,1,1,4,1,2,5,4,4,4,5,4,3,3,3.15,2,1,TRUE
Female,Loyal Customer,32,Business Travel,Business,3627,3,3,3,3,4,4,5,4,3,2,4,5,4,3.62,0,0,TRUE
Male,Loyal Customer,48,Personal Travel,Eco,337,3,4,3,3,4,3,4,4,4,2,4,4,4,3.54,0,5,FALSE
Female,Loyal Customer,46,Personal Travel,Eco,297,4,4,4,4,2,4,5,2,2,4,2,4,3,3.38,0,0,TRUE
Female,Disloyal Customer,20,Business Travel,Eco,308,3,1,3,3,2,3,2,2,2,4,2,3,2,2.46,0,0,FALSE
Female,Loyal Customer,69,Personal Travel,Eco,89,2,5,2,4,4,5,4,5,5,2,5,5,5,4.08,0,0,FALSE
Female,Disloyal Customer,59,Business Travel,Business,134,4,4,4,1,3,4,3,3,5,2,4,4,3,3.38,13,14,FALSE
Male,Loyal Customer,54,Business Travel,Business,1464,1,0,0,4,3,3,4,5,5,0,1,3,3,2.46,72,55,FALSE
Male,Loyal Customer,31,Personal Travel,Eco,2704,1,3,1,4,2,1,2,2,1,4,4,4,2,2.38,32,21,FALSE
Female,Loyal Customer,77,Business Travel,Eco,1449,3,4,2,4,4,4,3,3,3,3,3,3,1,3.08,0,0,FALSE
Female,Disloyal Customer,27,Business Travel,Eco,1121,5,5,5,5,2,5,3,2,3,3,1,3,2,3.38,0,4,TRUE
Female,Loyal Customer,40,Business Travel,Business,3291,4,4,2,4,3,3,1,4,4,4,4,2,1,3.08,0,0,TRUE
Female,Loyal Customer,55,Business Travel,Business,612,4,3,3,3,5,4,3,4,4,4,4,3,2,3.54,14,19,FALSE
Male,Loyal Customer,47,Business Travel,Business,3075,3,3,3,3,3,5,4,5,5,5,5,3,4,3.92,77,58,TRUE
Male,Disloyal Customer,27,Business Travel,Eco,342,1,1,1,2,4,1,4,4,2,2,2,1,4,2.23,5,0,FALSE
Male,Loyal Customer,41,Personal Travel,Eco,712,3,5,3,5,4,3,4,4,5,5,4,3,4,4,0,0,FALSE
Female,Disloyal Customer,21,Business Travel,Eco,1028,4,4,4,5,3,4,3,3,3,3,2,5,3,3.54,0,0,TRUE
Female,Disloyal Customer,25,Business Travel,Eco Plus,601,4,2,4,4,1,4,1,1,4,1,3,4,1,2.62,0,0,FALSE
Female,Loyal Customer,65,Personal Travel,Eco,302,1,5,1,3,4,5,4,3,3,1,5,4,5,3.38,0,0,FALSE
Male,Loyal Customer,56,Personal Travel,Eco,848,2,4,2,1,4,2,4,4,4,3,4,3,4,3.15,61,69,FALSE
Female,Loyal Customer,21,Personal Travel,Eco,606,4,5,4,1,5,4,5,5,3,3,5,5,5,4.15,24,13,FALSE
Female,Loyal Customer,70,Personal Travel,Eco Plus,331,1,4,1,2,5,3,3,3,3,1,2,4,3,2.69,0,0,FALSE
Female,Loyal Customer,11,Personal Travel,Business,719,1,4,1,2,4,1,1,4,4,4,2,3,4,2.69,5,0,FALSE
Female,Loyal Customer,39,Personal Travel,Eco,1121,3,5,3,5,3,3,3,3,4,3,4,4,3,3.54,0,13,FALSE
Male,Disloyal Customer,24,Business Travel,Business,1051,5,5,5,3,2,5,2,2,5,2,5,3,2,3.54,0,2,TRUE
Male,Loyal Customer,63,Business Travel,Eco,911,4,4,4,4,5,4,5,5,2,5,3,3,5,4.08,130,124,FALSE
Female,Loyal Customer,35,Personal Travel,Eco,226,4,4,0,5,2,0,3,2,3,5,5,3,2,2.92,1,0,FALSE
Female,Loyal Customer,80,Business Travel,Eco,453,2,5,5,5,2,4,3,2,2,2,2,2,4,3.08,28,28,FALSE
Female,Disloyal Customer,15,Business Travel,Eco,192,4,2,4,3,3,4,3,3,4,2,3,1,3,3,9,1,FALSE
Female,Loyal Customer,27,Business Travel,Business,3949,4,4,4,4,5,4,5,5,5,5,5,4,5,4.54,21,0,TRUE
Male,Disloyal Customer,44,Business Travel,Eco,369,3,0,3,2,4,3,4,4,1,1,1,1,4,2.38,0,0,FALSE
Female,Disloyal Customer,24,Business Travel,Eco,624,5,5,5,3,4,5,4,4,5,2,5,4,4,4.23,0,0,TRUE
Male,Loyal Customer,31,Personal Travel,Business,405,3,5,3,2,1,3,1,1,3,5,5,4,1,2.85,5,0,FALSE
Female,Loyal Customer,36,Business Travel,Business,1770,3,2,3,3,1,2,3,3,3,3,3,3,4,2.77,0,0,FALSE
Female,Loyal Customer,19,Personal Travel,Eco,550,2,3,2,3,1,2,1,1,3,1,4,3,1,2.08,0,0,FALSE
Male,Loyal Customer,48,Business Travel,Eco,967,4,5,3,3,4,4,4,4,2,4,5,1,4,3.62,38,37,TRUE
Female,Loyal Customer,36,Business Travel,Business,1648,1,1,1,1,3,5,4,4,4,5,4,5,4,3.23,0,0,TRUE
Male,Loyal Customer,33,Business Travel,Business,2963,2,2,2,2,3,3,3,3,1,4,3,1,3,2.46,0,0,TRUE
Male,Loyal Customer,44,Business Travel,Eco,509,3,4,4,4,4,3,4,4,4,1,5,2,4,3.54,3,3,TRUE
Male,Loyal Customer,29,Business Travel,Eco Plus,955,4,3,3,3,4,4,4,4,2,2,1,2,4,3.08,1,0,TRUE
Male,Disloyal Customer,27,Business Travel,Eco Plus,2296,2,2,2,3,5,2,5,5,4,5,2,1,5,3.31,1,0,FALSE
Male,Loyal Customer,54,Personal Travel,Eco,304,5,5,5,3,3,5,3,3,4,4,5,4,3,4,1,0,TRUE
Male,Loyal Customer,55,Personal Travel,Eco,650,1,5,2,3,3,2,3,3,4,4,1,2,3,2.77,0,0,FALSE
Female,Loyal Customer,46,Business Travel,Business,363,3,3,4,3,3,4,3,4,4,4,4,5,1,3.46,0,0,TRUE
Male,Disloyal Customer,23,Business Travel,Eco,1306,2,2,2,4,5,2,5,5,5,3,5,3,5,3.69,0,12,FALSE
Male,Loyal Customer,52,Personal Travel,Eco,944,3,3,3,2,2,3,2,2,3,1,1,2,2,2.23,0,0,FALSE
Female,Loyal Customer,28,Business Travel,Business,2174,4,4,4,4,4,4,4,4,4,5,4,5,4,4.15,9,0,TRUE
Male,Disloyal Customer,33,Business Travel,Business,354,4,4,4,3,2,4,2,2,3,2,3,4,2,3,4,0,FALSE
Male,Loyal Customer,27,Business Travel,Eco Plus,2419,1,3,3,3,1,1,1,3,2,2,3,1,1,1.92,29,35,FALSE
Male,Disloyal Customer,38,Business Travel,Eco,391,5,5,5,1,1,5,1,1,4,2,3,3,1,2.85,16,15,TRUE
Male,Loyal Customer,55,Business Travel,Business,2324,4,4,5,4,2,4,4,5,5,5,5,4,4,4.23,0,0,TRUE
Male,Loyal Customer,24,Business Travel,Business,387,3,3,3,3,3,3,3,3,3,5,3,1,3,3,18,23,FALSE
Male,Loyal Customer,41,Business Travel,Business,1698,1,1,1,1,5,4,5,4,4,4,4,3,4,3.15,0,1,TRUE
Male,Disloyal Customer,22,Business Travel,Eco,273,4,2,4,2,5,4,5,5,4,2,4,5,5,3.92,43,36,TRUE
Male,Loyal Customer,46,Business Travel,Business,3446,4,4,4,4,4,5,5,5,5,5,5,4,5,4.54,15,14,TRUE
Female,Loyal Customer,53,Business Travel,Business,1440,1,1,5,1,2,5,4,4,4,4,4,5,5,3.46,0,0,TRUE
Male,Loyal Customer,26,Business Travel,Business,3956,3,1,1,1,3,3,3,3,3,3,3,2,3,2.46,26,18,FALSE
Male,Loyal Customer,45,Business Travel,Eco,991,4,3,2,2,4,4,4,4,3,4,4,5,4,3.62,33,23,TRUE
Male,Loyal Customer,56,Business Travel,Business,3216,4,4,4,4,2,5,5,5,5,5,5,3,5,4.31,0,0,TRUE
Male,Loyal Customer,25,Personal Travel,Eco,500,0,5,0,2,2,0,2,2,4,5,4,4,2,2.46,10,1,TRUE
Male,Disloyal Customer,25,Business Travel,Eco,628,3,0,3,3,2,3,4,2,5,2,3,2,2,2.62,0,0,FALSE
Male,Disloyal Customer,11,Business Travel,Eco,1121,2,3,3,3,4,3,4,4,4,1,4,1,4,3.08,0,0,FALSE
Female,Loyal Customer,42,Personal Travel,Eco,700,1,3,1,2,1,3,1,2,2,1,2,4,1,1.85,0,0,FALSE
Female,Loyal Customer,46,Business Travel,Eco,862,2,3,5,3,3,4,3,2,2,2,2,2,4,2.85,0,0,FALSE
Female,Loyal Customer,26,Business Travel,Eco,598,4,3,3,3,4,4,5,4,4,3,3,4,4,3.69,0,0,TRUE
Male,Loyal Customer,53,Business Travel,Business,1704,1,1,1,1,4,4,5,4,4,4,4,4,4,3.15,12,8,TRUE
Female,Disloyal Customer,27,Business Travel,Business,1182,5,5,5,3,3,5,3,3,3,3,5,5,3,3.92,12,36,TRUE
Female,Loyal Customer,48,Business Travel,Business,2026,1,1,1,1,2,5,4,4,4,4,4,4,4,3,2,0,TRUE
Female,Loyal Customer,48,Business Travel,Eco,565,4,2,2,2,5,3,2,4,4,4,4,5,3,3.38,35,28,TRUE
Male,Disloyal Customer,39,Business Travel,Business,1947,3,3,3,3,2,3,2,2,5,3,5,3,2,3,0,13,FALSE
Male,Loyal Customer,56,Business Travel,Business,1914,3,3,3,3,5,4,4,5,5,5,5,5,5,4.23,12,16,TRUE
Male,Disloyal Customer,26,Business Travel,Business,438,0,0,0,1,4,0,4,4,5,5,4,5,4,2.77,0,0,TRUE
Female,Loyal Customer,56,Business Travel,Business,2444,4,4,4,4,5,4,5,5,5,5,5,3,3,4.31,0,0,TRUE
Female,Disloyal Customer,49,Business Travel,Business,1521,2,2,2,5,2,2,2,2,3,3,5,4,2,2.77,0,0,FALSE
Female,Loyal Customer,59,Business Travel,Eco,407,3,3,3,3,3,3,3,3,3,3,3,4,1,2.92,29,22,FALSE
Female,Loyal Customer,47,Business Travel,Business,921,3,5,5,5,3,3,3,3,3,3,3,1,3,3.31,0,2,FALSE
Female,Loyal Customer,18,Personal Travel,Eco,287,4,4,5,3,3,5,3,3,4,3,5,3,3,3.69,4,0,TRUE
Female,Loyal Customer,54,Business Travel,Eco,387,2,2,2,2,2,3,3,2,2,2,2,4,3,2.38,26,24,FALSE
Female,Loyal Customer,59,Business Travel,Business,316,2,2,2,2,4,4,5,5,5,5,5,3,5,3.77,0,2,TRUE
Female,Loyal Customer,39,Business Travel,Business,110,3,3,3,3,5,4,5,4,4,4,4,4,4,3.85,0,0,TRUE
Female,Loyal Customer,48,Business Travel,Business,1932,4,4,4,4,3,5,4,5,5,5,5,5,3,4.31,0,0,TRUE
Female,Loyal Customer,38,Business Travel,Business,2935,2,1,1,1,2,4,4,2,2,2,2,3,4,2.31,0,1,FALSE
Male,Loyal Customer,17,Personal Travel,Eco Plus,237,4,5,4,3,3,4,3,3,3,4,4,3,3,3.54,0,0,TRUE
Female,Loyal Customer,11,Personal Travel,Eco,151,2,4,2,5,4,2,3,4,4,4,4,3,4,3.46,0,3,FALSE
Female,Loyal Customer,48,Business Travel,Business,232,3,3,3,3,3,1,2,4,4,4,4,4,1,3,0,0,TRUE
Female,Disloyal Customer,24,Business Travel,Eco,127,4,2,3,2,5,3,5,5,2,1,4,1,5,3.23,0,0,TRUE
Male,Loyal Customer,59,Business Travel,Business,3654,4,5,4,4,5,4,5,5,5,5,5,4,3,4.46,31,27,TRUE
Female,Disloyal Customer,27,Business Travel,Business,544,2,2,2,3,3,2,3,3,2,2,3,4,3,2.62,0,0,FALSE
Female,Loyal Customer,44,Business Travel,Eco,1028,1,0,0,3,1,4,3,1,1,1,1,1,1,1.38,7,0,FALSE
Female,Loyal Customer,72,Business Travel,Business,584,3,4,4,4,3,2,3,3,3,3,3,4,2,3.15,31,20,FALSE
Male,Loyal Customer,52,Business Travel,Business,1716,2,2,2,2,3,5,4,5,5,5,5,5,5,3.85,0,0,TRUE
Female,Loyal Customer,46,Business Travel,Eco,1448,5,3,3,3,5,4,4,5,5,5,5,3,1,3.92,0,0,TRUE
Female,Loyal Customer,52,Business Travel,Eco,102,5,5,5,5,1,4,2,5,5,5,5,3,5,4.23,0,0,TRUE
Female,Disloyal Customer,8,Business Travel,Eco,1399,2,2,2,3,5,2,5,5,2,1,4,2,5,3.08,0,0,FALSE
Female,Loyal Customer,62,Business Travel,Eco Plus,173,2,3,3,3,2,2,3,2,2,2,2,2,1,2.23,34,57,FALSE
Male,Loyal Customer,15,Personal Travel,Business,1235,2,2,2,3,3,2,3,3,2,3,3,1,3,2.46,0,0,FALSE
Female,Loyal Customer,42,Personal Travel,Eco Plus,1187,4,1,4,4,2,3,4,1,1,4,2,3,1,2.62,1,4,FALSE
Female,Disloyal Customer,26,Business Travel,Business,345,4,0,4,4,5,4,5,5,4,2,4,4,5,3.85,17,6,TRUE
Female,Disloyal Customer,48,Business Travel,Business,259,4,3,3,5,3,4,4,3,5,5,4,3,3,3.77,7,0,FALSE
Male,Loyal Customer,31,Business Travel,Business,1390,1,1,1,1,4,4,4,4,5,3,3,1,4,2.77,0,0,TRUE
Female,Loyal Customer,15,Business Travel,Business,2733,2,2,2,2,4,4,4,4,4,4,4,5,4,3.46,0,6,TRUE
Female,Disloyal Customer,24,Business Travel,Eco,102,3,3,3,4,3,3,5,3,3,5,3,1,3,3.23,1,0,FALSE
Female,Loyal Customer,37,Personal Travel,Eco,399,2,3,2,3,3,2,3,3,4,5,4,2,3,3,42,43,FALSE
Male,Loyal Customer,44,Personal Travel,Eco,1726,1,4,1,1,1,1,1,1,5,3,4,5,1,2.23,26,21,FALSE
Female,Loyal Customer,54,Business Travel,Business,2663,1,1,1,1,4,1,4,5,5,5,5,1,3,2.85,0,0,TRUE
Female,Loyal Customer,47,Business Travel,Business,2362,5,2,5,5,3,5,5,4,4,4,4,4,5,4.23,24,13,TRUE
Male,Loyal Customer,31,Personal Travel,Eco,1046,3,5,3,1,2,3,2,2,3,2,4,4,2,2.77,0,0,FALSE
Female,Loyal Customer,58,Business Travel,Business,3935,4,4,4,4,4,4,4,5,5,5,5,4,4,4.31,24,8,TRUE
Male,Loyal Customer,15,Business Travel,Business,857,1,1,1,1,5,5,5,5,5,4,5,5,5,3.69,0,9,TRUE
Female,Loyal Customer,50,Business Travel,Business,2556,3,3,3,3,3,4,5,4,4,4,4,3,5,3.69,0,0,TRUE
Male,Loyal Customer,48,Business Travel,Eco,1491,3,3,3,3,3,3,3,3,2,2,2,2,3,2.69,10,0,FALSE
Female,Loyal Customer,39,Personal Travel,Eco,631,3,4,3,4,3,3,3,3,4,5,3,1,3,3.23,2,27,FALSE
Male,Loyal Customer,27,Business Travel,Business,507,5,5,5,5,3,3,3,3,4,4,4,4,3,3.92,34,42,TRUE
Male,Loyal Customer,69,Personal Travel,Eco,591,2,4,2,1,4,2,4,4,4,3,5,4,4,3.31,0,0,FALSE
Female,Loyal Customer,56,Business Travel,Business,2373,4,4,4,4,4,5,4,4,4,4,5,4,5,4.23,0,0,TRUE
Female,Loyal Customer,43,Business Travel,Business,3866,5,1,5,5,3,5,4,5,5,5,5,3,5,4.31,0,0,TRUE
Male,Disloyal Customer,54,Business Travel,Business,1694,3,3,3,1,4,3,4,4,5,2,3,5,4,3.38,0,3,FALSE
Male,Disloyal Customer,32,Business Travel,Business,283,2,1,1,2,4,1,4,4,5,5,4,5,4,3.23,0,0,FALSE
Male,Loyal Customer,17,Personal Travel,Eco,1464,4,5,4,1,3,4,3,3,4,2,3,5,3,3.38,1,0,FALSE
Female,Loyal Customer,37,Business Travel,Eco,189,1,1,1,1,1,2,1,1,1,4,3,4,1,1.69,10,4,FALSE
Female,Loyal Customer,67,Personal Travel,Eco,725,4,1,5,3,2,4,3,2,2,5,4,4,2,3.15,0,0,FALSE
Male,Loyal Customer,43,Business Travel,Business,657,2,4,1,4,1,4,3,2,2,2,2,1,2,2.31,0,4,FALSE
Male,Loyal Customer,41,Business Travel,Eco Plus,305,2,3,3,3,2,2,2,2,4,4,3,4,2,2.77,6,9,FALSE
Male,Loyal Customer,47,Business Travel,Business,1994,5,5,5,5,5,5,5,2,3,3,4,5,5,4.38,352,350,TRUE
Male,Disloyal Customer,37,Business Travel,Business,304,4,4,4,2,3,4,3,3,5,4,5,5,3,3.77,0,0,TRUE
Male,Loyal Customer,48,Business Travel,Business,1616,2,2,2,2,2,3,4,5,5,5,5,4,5,3.54,0,0,TRUE
Male,Loyal Customer,24,Business Travel,Business,2795,3,5,5,5,3,3,3,3,3,1,3,1,3,3.15,0,0,FALSE
Female,Disloyal Customer,28,Business Travel,Business,140,4,4,4,2,1,4,3,1,3,3,5,4,1,3,0,0,TRUE
Female,Loyal Customer,29,Business Travel,Eco Plus,987,4,5,5,5,4,4,4,4,5,3,5,2,4,4.15,0,0,TRUE
Male,Loyal Customer,54,Personal Travel,Eco,1061,1,4,1,2,4,1,4,4,5,3,4,4,4,3.15,0,0,FALSE
Female,Loyal Customer,44,Business Travel,Business,3567,2,2,2,2,1,4,3,2,2,3,2,2,1,2.15,79,81,FALSE
Female,Disloyal Customer,39,Business Travel,Eco,417,1,2,1,4,5,1,5,5,3,1,3,3,5,3,8,0,FALSE
Male,Loyal Customer,21,Personal Travel,Eco Plus,277,1,2,1,3,1,1,1,1,1,2,2,1,1,1.38,0,0,FALSE
Female,Disloyal Customer,39,Business Travel,Business,937,2,2,2,3,3,2,3,3,4,5,5,5,3,3.23,36,21,FALSE
Male,Disloyal Customer,26,Business Travel,Business,404,1,4,1,3,3,1,3,3,5,5,5,5,3,3.23,0,0,FALSE
Male,Loyal Customer,45,Business Travel,Business,2654,4,4,4,4,3,5,4,5,5,5,5,4,3,4.23,0,0,TRUE
Male,Loyal Customer,41,Business Travel,Business,2345,1,1,1,1,3,4,4,4,4,4,4,4,4,3,1,0,TRUE
Male,Loyal Customer,44,Business Travel,Business,102,1,2,2,2,1,4,3,3,3,3,1,4,2,2.38,6,7,FALSE
Female,Loyal Customer,46,Business Travel,Eco,919,3,3,2,3,5,3,2,4,4,3,4,4,4,3.38,0,0,FALSE
Male,Loyal Customer,30,Personal Travel,Eco,762,1,4,1,2,4,1,4,4,5,5,4,3,4,3.23,14,0,FALSE
Female,Loyal Customer,38,Business Travel,Business,2545,4,4,4,4,4,1,4,5,5,5,3,2,4,3.77,0,0,TRUE
Male,Loyal Customer,45,Business Travel,Business,1744,1,3,3,3,3,3,2,3,3,3,1,3,2,2.54,0,0,FALSE
Male,Loyal Customer,66,Business Travel,Business,1964,3,1,1,1,4,4,3,3,3,3,3,2,4,2.69,0,0,FALSE
Female,Loyal Customer,58,Business Travel,Business,1744,3,3,3,3,5,4,5,4,4,4,4,4,5,3.92,0,0,TRUE
Male,Loyal Customer,41,Business Travel,Business,2139,1,1,1,1,5,5,5,2,2,2,2,5,4,2.77,1,1,TRUE
Male,Loyal Customer,30,Business Travel,Business,1076,4,4,4,4,4,4,4,4,4,4,3,4,4,3.92,67,62,TRUE
Female,Disloyal Customer,39,Business Travel,Business,337,2,2,2,1,3,2,3,3,5,3,5,5,3,3,0,0,FALSE
Male,Loyal Customer,23,Personal Travel,Eco Plus,883,2,3,2,4,1,2,1,1,3,5,2,3,1,2.31,0,0,FALSE
Male,Loyal Customer,30,Business Travel,Eco Plus,501,1,3,4,3,2,1,1,1,2,3,3,1,1,2,181,162,FALSE
Male,Loyal Customer,32,Personal Travel,Eco,1590,2,5,2,1,1,2,1,1,4,2,3,3,1,2.15,28,8,FALSE
Male,Loyal Customer,56,Personal Travel,Eco,1053,3,5,3,1,4,3,4,4,4,5,5,4,4,3.77,50,59,FALSE
Female,Loyal Customer,35,Business Travel,Eco Plus,468,1,2,2,2,1,1,1,1,4,1,2,1,1,1.54,0,0,FALSE
Male,Loyal Customer,57,Business Travel,Business,2639,1,1,1,1,3,5,2,4,4,4,4,1,1,2.46,0,0,TRUE
Female,Loyal Customer,42,Business Travel,Business,2248,5,5,5,5,5,5,4,5,5,5,5,5,4,4.85,0,0,TRUE
Female,Disloyal Customer,25,Business Travel,Business,901,0,0,0,5,3,0,3,3,4,5,5,3,3,2.62,6,0,TRUE
Male,Loyal Customer,44,Business Travel,Business,3306,2,2,2,2,5,4,4,4,4,4,4,3,5,3.46,0,0,TRUE
Male,Loyal Customer,53,Personal Travel,Eco,679,4,4,4,4,2,4,2,2,4,1,3,1,2,2.85,1,3,FALSE
Male,Disloyal Customer,48,Business Travel,Eco,255,2,2,2,4,3,2,3,3,2,1,3,3,3,2.54,16,12,FALSE
Male,Loyal Customer,24,Personal Travel,Eco Plus,334,3,4,3,3,1,3,1,1,4,4,3,1,1,2.46,0,0,FALSE
Male,Loyal Customer,60,Business Travel,Business,3984,5,5,5,5,4,4,4,5,5,5,5,3,4,4.54,5,3,TRUE
Male,Disloyal Customer,29,Business Travel,Eco,1197,2,2,2,4,3,2,3,3,2,5,2,2,3,2.69,0,0,FALSE
Female,Loyal Customer,61,Business Travel,Business,2122,3,1,5,5,5,4,4,3,3,3,3,4,3,3.54,24,24,FALSE
Female,Loyal Customer,24,Business Travel,Business,1623,2,3,3,3,2,1,2,2,1,2,2,2,2,2.08,0,0,FALSE
Female,Disloyal Customer,34,Business Travel,Eco Plus,456,2,1,1,3,4,1,4,4,2,1,1,2,4,2.31,20,1,FALSE
Male,Loyal Customer,27,Business Travel,Eco,160,5,3,3,3,5,5,5,5,3,1,3,4,5,3.85,0,0,TRUE
Male,Disloyal Customer,21,Business Travel,Eco,1037,1,1,1,2,5,1,5,5,3,5,2,1,5,2.85,41,30,FALSE
Male,Loyal Customer,27,Business Travel,Eco Plus,481,5,4,4,4,5,5,5,5,1,2,3,4,5,4,0,0,TRUE
Female,Loyal Customer,30,Business Travel,Business,1931,3,5,5,5,3,3,3,3,2,1,3,3,3,3.23,0,,FALSE
Male,Loyal Customer,24,Business Travel,Business,3171,4,4,4,4,4,4,4,4,3,1,3,3,4,3.54,12,17,FALSE
Male,Disloyal Customer,18,Business Travel,Eco,868,5,5,5,4,2,5,2,2,4,3,5,3,2,3.62,0,0,TRUE
Female,Loyal Customer,66,Personal Travel,Eco,460,3,4,5,3,5,1,5,1,1,5,1,3,5,3.23,51,55,FALSE
Male,Loyal Customer,41,Business Travel,Business,3712,1,2,2,2,1,3,3,1,1,1,1,2,2,1.69,0,7,FALSE
Male,Loyal Customer,67,Business Travel,Business,321,2,5,5,5,4,3,3,2,2,2,2,4,1,3.08,0,8,FALSE
Male,Loyal Customer,63,Personal Travel,Eco,453,2,4,2,1,2,2,2,2,1,2,3,3,2,2.15,0,0,FALSE
Female,Loyal Customer,25,Business Travel,Business,3456,3,3,3,3,4,4,4,4,3,5,5,5,4,3.85,0,0,TRUE
Female,Loyal Customer,66,Personal Travel,Eco,642,5,3,5,2,3,3,3,1,1,5,1,3,2,2.85,32,83,TRUE
Male,Disloyal Customer,38,Business Travel,Eco,1379,3,3,3,2,2,3,2,2,3,5,3,1,2,2.62,5,26,FALSE
Male,Loyal Customer,59,Business Travel,Eco,199,2,1,4,1,2,2,2,2,2,2,3,4,2,2.23,0,0,FALSE
Male,Disloyal Customer,30,Business Travel,Eco,192,2,0,2,2,5,2,5,5,1,2,3,2,5,2.77,0,0,FALSE
Female,Loyal Customer,23,Personal Travel,Eco,719,3,5,3,2,2,3,2,2,5,3,4,4,2,3.08,3,0,FALSE
Male,Loyal Customer,46,Business Travel,Business,3106,2,2,2,2,5,4,5,4,4,4,4,4,5,3.62,0,0,TRUE
Male,Loyal Customer,38,Personal Travel,Eco,641,1,3,1,2,4,1,2,4,3,3,4,4,4,2.77,0,0,FALSE
Male,Loyal Customer,70,Personal Travel,Eco,589,3,4,3,3,5,3,5,5,4,2,4,5,5,3.92,0,0,FALSE
Male,Loyal Customer,10,Personal Travel,Eco,719,3,4,4,5,4,4,4,4,4,3,5,4,4,4,0,0,FALSE
Female,Loyal Customer,51,Business Travel,Eco,853,4,5,5,5,3,4,4,4,4,4,4,1,3,3.85,20,22,TRUE
Female,Loyal Customer,18,Personal Travel,Eco,630,2,2,2,2,1,2,4,1,3,3,2,1,1,2,0,0,FALSE
Male,Disloyal Customer,27,Business Travel,Business,761,3,3,3,5,5,3,5,5,3,3,5,4,5,4,0,7,FALSE
Female,Disloyal Customer,28,Business Travel,Business,986,5,5,5,4,1,5,1,1,4,4,5,4,1,3.46,0,0,TRUE
Female,Loyal Customer,53,Business Travel,Eco,628,2,4,4,4,1,3,3,2,2,2,2,3,3,2.69,0,0,FALSE
Female,Loyal Customer,35,Business Travel,Business,3332,5,5,5,5,2,5,4,2,2,2,2,3,4,3.54,0,0,TRUE
Female,Disloyal Customer,34,Business Travel,Eco,1491,2,2,2,3,5,2,5,5,4,2,3,1,5,3.15,0,0,FALSE
Female,Loyal Customer,30,Personal Travel,Eco,214,2,2,2,4,4,2,4,4,4,2,4,4,4,3.23,0,0,FALSE
Male,Loyal Customer,19,Business Travel,Business,2585,4,4,4,4,4,4,4,4,2,2,1,3,4,3.38,0,0,TRUE
Female,Loyal Customer,41,Business Travel,Eco Plus,1177,1,3,3,3,1,1,1,1,3,2,1,1,1,1.69,0,0,FALSE
Male,Loyal Customer,44,Business Travel,Business,1522,3,3,3,3,5,5,5,2,2,2,2,5,4,3.38,9,2,TRUE
Male,Disloyal Customer,22,Business Travel,Eco,337,3,4,3,3,3,3,3,3,3,4,4,5,3,3.38,2,0,FALSE
Male,Loyal Customer,39,Business Travel,Business,2268,3,3,3,3,5,4,2,4,4,4,3,3,2,3.31,5,0,TRUE
Female,Loyal Customer,61,Personal Travel,Eco,326,1,4,1,3,1,4,4,4,4,1,4,3,2,2.77,0,0,FALSE
Male,Loyal Customer,51,Business Travel,Business,173,3,1,3,1,5,4,3,1,1,1,3,4,3,2.54,0,10,FALSE
Female,Loyal Customer,59,Personal Travel,Eco,669,1,4,2,4,3,4,4,2,2,2,2,5,5,3.08,10,8,FALSE
Male,Disloyal Customer,23,Business Travel,Eco,356,4,1,4,3,5,4,5,5,3,2,5,4,5,3.85,20,13,TRUE
Male,Loyal Customer,39,Personal Travel,Eco,2434,4,5,4,4,4,3,3,5,2,4,5,3,3,3.77,15,18,FALSE
Male,Loyal Customer,44,Business Travel,Business,3834,2,2,2,2,2,5,4,1,1,2,1,5,5,2.62,0,0,TRUE
Male,Loyal Customer,52,Business Travel,Business,3178,4,4,4,4,2,4,4,4,4,4,4,3,3,3.69,0,0,TRUE
Male,Loyal Customer,36,Business Travel,Business,3191,4,4,4,4,2,4,5,4,4,5,4,4,3,3.92,71,94,TRUE
Male,Loyal Customer,51,Personal Travel,Eco Plus,406,4,4,4,1,1,4,1,1,4,4,5,3,1,2.85,8,14,FALSE
Female,Loyal Customer,30,Personal Travel,Eco,397,3,3,3,3,2,3,2,2,4,3,3,1,2,2.62,0,0,FALSE
Female,Loyal Customer,21,Personal Travel,Eco,479,3,3,3,4,1,3,1,1,4,3,3,3,1,2.54,39,53,FALSE
Male,Loyal Customer,39,Business Travel,Business,588,1,1,1,1,5,5,4,5,5,5,5,5,4,3.62,0,0,TRUE
Female,Loyal Customer,25,Business Travel,Business,2039,5,5,5,5,4,4,4,4,5,1,1,3,4,3.85,0,0,TRUE
Female,Loyal Customer,40,Business Travel,Business,1924,1,2,2,2,2,4,3,1,1,2,1,2,3,2,0,0,FALSE
Female,Loyal Customer,58,Business Travel,Business,2125,2,3,3,3,5,4,3,2,2,2,2,3,2,2.77,0,0,FALSE
Female,Loyal Customer,23,Business Travel,Business,1713,2,5,5,5,2,2,2,2,1,2,3,1,2,2.62,13,3,FALSE
Female,Loyal Customer,58,Business Travel,Business,1774,5,5,5,5,2,5,5,4,4,4,4,3,3,4.15,4,11,TRUE
Female,Loyal Customer,51,Business Travel,Business,1780,2,2,2,2,2,4,4,2,2,2,2,3,3,2.46,0,0,TRUE
Male,Loyal Customer,55,Business Travel,Eco,1411,5,3,3,3,5,5,5,5,2,3,3,2,5,3.77,0,0,TRUE
Female,Loyal Customer,46,Business Travel,Business,2407,5,2,5,5,2,4,5,5,5,5,5,5,3,4.31,1,6,TRUE
Female,Loyal Customer,36,Business Travel,Eco,641,4,1,5,1,4,4,4,4,3,5,5,4,4,3.69,0,0,TRUE
Female,Loyal Customer,43,Business Travel,Business,3363,4,4,4,4,3,4,4,4,4,4,4,3,5,3.92,53,57,TRUE
Female,Disloyal Customer,30,Business Travel,Eco,150,2,3,2,4,4,2,4,4,4,3,3,1,4,3.08,0,0,FALSE
Male,Loyal Customer,7,Personal Travel,Eco Plus,290,3,5,3,1,4,3,4,4,5,2,5,4,4,3.62,0,0,FALSE
Female,Loyal Customer,62,Personal Travel,Eco,500,3,5,3,1,5,5,4,3,3,3,3,5,4,3.62,0,0,FALSE
Female,Loyal Customer,36,Business Travel,Business,226,2,5,5,5,4,3,4,2,2,2,2,2,1,3,4,0,FALSE
Male,Loyal Customer,52,Business Travel,Business,3073,5,5,5,5,2,4,5,5,5,5,5,5,5,4.69,0,0,TRUE
Male,Loyal Customer,48,Business Travel,Eco,1855,4,2,1,2,4,4,4,4,1,3,3,2,4,2.92,0,0,FALSE
Male,Loyal Customer,14,Personal Travel,Eco,86,2,4,2,3,1,2,1,1,5,4,5,5,1,2.77,0,12,FALSE
Female,Loyal Customer,45,Business Travel,Business,1235,3,3,3,3,5,5,5,2,2,2,2,4,4,3.31,0,0,TRUE
Male,Disloyal Customer,62,Business Travel,Business,1076,3,3,3,3,4,3,4,4,2,5,1,5,4,3.38,0,0,FALSE
Female,Loyal Customer,62,Business Travel,Eco,262,5,3,3,3,1,1,3,5,5,5,5,5,1,3.46,0,0,TRUE
Female,Loyal Customer,41,Business Travel,Business,2422,2,2,2,2,2,2,2,2,4,4,4,2,2,2.46,0,0,TRUE
Male,Disloyal Customer,27,Business Travel,Business,580,4,4,4,4,3,4,3,3,3,5,4,5,3,3.77,16,11,TRUE
Male,Loyal Customer,33,Personal Travel,Eco,277,1,0,1,3,4,1,4,4,1,1,2,5,4,2.38,0,2,FALSE
Female,Loyal Customer,46,Personal Travel,Eco,829,3,5,3,3,5,4,5,1,1,3,1,5,5,3.38,0,0,FALSE
Female,Loyal Customer,56,Business Travel,Business,416,2,2,2,2,5,5,2,3,3,3,3,3,1,2.77,0,0,TRUE
Female,Loyal Customer,33,Personal Travel,Eco,888,4,5,4,5,1,4,1,1,4,3,4,5,1,3.23,16,0,FALSE
Female,Loyal Customer,40,Personal Travel,Eco,483,3,0,2,4,2,2,2,4,5,5,5,2,2,2.92,220,232,FALSE
Female,Loyal Customer,52,Business Travel,Business,2036,1,1,1,1,5,3,5,4,4,4,4,3,4,3.08,0,28,TRUE
Female,Disloyal Customer,23,Business Travel,Business,667,5,5,5,4,4,5,4,4,4,4,4,5,4,4.38,0,0,TRUE
Male,Loyal Customer,31,Business Travel,Business,2576,5,5,3,5,4,4,4,5,3,4,5,4,4,4.23,233,229,TRUE
Male,Loyal Customer,42,Business Travel,Eco,429,5,2,2,2,5,5,5,5,3,2,3,1,5,3.46,31,24,TRUE
Male,Loyal Customer,52,Personal Travel,Eco,427,2,2,2,4,5,2,5,5,3,1,4,3,5,3.31,0,0,FALSE
Female,Loyal Customer,56,Business Travel,Business,213,4,2,2,2,1,3,3,2,2,3,4,2,1,2.38,0,0,FALSE
Male,Loyal Customer,36,Business Travel,Business,1337,2,4,4,4,2,2,2,2,2,1,2,4,1,2.46,40,27,FALSE
Female,Loyal Customer,57,Business Travel,Eco,1750,2,4,4,4,1,3,3,2,2,2,2,4,2,2.69,0,0,FALSE
Male,Loyal Customer,58,Business Travel,Business,2303,2,2,2,2,3,4,5,5,5,5,5,5,4,3.77,17,10,TRUE
Male,Loyal Customer,35,Business Travel,Eco,1035,5,5,4,4,5,5,5,5,2,1,5,5,5,4.31,20,9,TRUE
Male,Disloyal Customer,11,Business Travel,Eco,674,2,2,2,3,2,2,2,2,4,1,2,1,2,2.08,22,8,FALSE
Female,Disloyal Customer,32,Business Travel,Business,808,4,4,4,4,5,4,5,5,5,2,4,4,5,4.23,33,23,FALSE
Female,Disloyal Customer,25,Business Travel,Eco,925,2,2,2,3,5,2,5,5,4,5,4,4,5,3.69,0,0,FALSE
Female,Loyal Customer,12,Personal Travel,Eco,342,5,5,5,1,5,5,5,5,4,5,5,4,5,4.54,17,22,TRUE
Male,Loyal Customer,58,Personal Travel,Eco,628,2,5,2,4,2,2,2,2,3,5,5,3,2,3,0,0,FALSE
Male,Disloyal Customer,30,Business Travel,Business,922,2,2,2,5,4,2,4,4,4,5,5,3,4,3.54,9,17,FALSE
Male,Loyal Customer,40,Business Travel,Business,1577,1,1,1,1,3,4,4,4,4,4,4,3,3,2.85,0,0,TRUE
Male,Loyal Customer,57,Business Travel,Business,2265,3,3,4,3,5,4,4,3,3,2,3,4,4,3.46,10,13,TRUE
Male,Loyal Customer,42,Personal Travel,Eco,1201,3,5,3,3,1,3,4,1,3,2,5,5,1,3,10,0,FALSE
Male,Disloyal Customer,80,Business Travel,Eco,806,4,4,4,3,4,2,2,1,5,4,4,2,2,3.15,206,183,FALSE
Male,Loyal Customer,27,Business Travel,Business,2244,3,3,3,3,3,4,3,3,3,3,4,3,3,3.15,0,0,TRUE
Female,Loyal Customer,17,Personal Travel,Eco,2342,2,3,2,1,4,2,4,4,2,5,2,2,4,2.85,52,40,FALSE
Female,Loyal Customer,54,Business Travel,Business,944,5,5,5,5,5,5,5,5,5,5,5,5,3,4.85,0,0,TRUE
Female,Loyal Customer,19,Business Travel,Business,542,4,4,4,4,5,5,5,5,5,2,4,4,5,4.31,0,9,TRUE
Male,Loyal Customer,35,Business Travel,Business,3594,5,5,5,5,4,5,5,4,4,4,4,5,5,4.62,0,0,TRUE
Female,Disloyal Customer,30,Business Travel,Business,590,4,5,5,2,5,5,3,5,5,4,5,5,5,4.46,0,0,TRUE
Female,Loyal Customer,57,Business Travel,Business,2008,2,2,5,2,4,4,5,4,4,4,4,3,3,3.54,19,13,TRUE
Female,Loyal Customer,59,Business Travel,Business,2613,5,5,5,5,3,5,2,4,4,4,4,5,4,4.23,9,2,TRUE
Male,Loyal Customer,43,Business Travel,Business,928,2,2,2,2,2,5,5,5,5,5,5,5,5,3.85,0,0,TRUE
Female,Loyal Customer,54,Business Travel,Business,2640,5,5,5,5,2,5,5,2,2,2,2,4,5,3.77,2,0,TRUE
Male,Loyal Customer,22,Business Travel,Business,1501,2,5,2,5,2,3,2,2,2,3,3,4,2,2.85,12,54,FALSE
Male,Disloyal Customer,41,Business Travel,Business,709,4,5,5,5,4,3,3,5,5,5,4,3,3,4.15,302,312,TRUE
Male,Loyal Customer,33,Business Travel,Eco,187,4,3,3,3,4,4,4,4,2,1,4,5,4,3.46,0,23,TRUE
Female,Disloyal Customer,26,Business Travel,Business,735,4,5,5,3,5,5,5,5,4,3,4,4,5,4.38,0,8,TRUE
Female,Loyal Customer,55,Business Travel,Business,3657,1,1,3,1,2,4,4,5,5,5,5,3,4,3.31,0,0,TRUE
Male,Loyal Customer,38,Business Travel,Eco,249,1,2,2,2,1,1,1,1,3,1,3,1,1,1.54,21,30,FALSE
Female,Disloyal Customer,24,Business Travel,Business,1186,0,3,0,3,4,0,4,4,3,3,4,4,4,2.77,13,0,TRUE
Male,Loyal Customer,32,Business Travel,Business,633,2,4,4,4,2,2,2,2,1,4,2,2,2,2.54,0,0,FALSE
Male,Loyal Customer,16,Business Travel,Business,2685,1,4,4,4,1,1,1,1,4,5,3,1,1,2.38,0,0,FALSE
Male,Loyal Customer,41,Business Travel,Business,344,2,5,5,5,4,3,3,2,2,2,2,4,4,3.31,0,0,FALSE
Male,Loyal Customer,54,Personal Travel,Eco,782,3,5,3,4,1,3,1,1,5,5,5,5,1,3.23,7,6,FALSE
Male,Loyal Customer,36,Business Travel,Business,1965,3,4,4,4,5,2,3,2,2,2,3,1,4,3,0,0,FALSE
Female,Loyal Customer,43,Business Travel,Business,689,3,3,3,3,5,5,4,4,4,4,4,5,5,4,0,0,TRUE
Male,Loyal Customer,13,Personal Travel,Business,1824,1,5,1,4,4,1,4,4,3,3,5,5,4,3.38,0,8,FALSE
Male,Loyal Customer,47,Business Travel,Business,3610,1,3,1,1,5,5,4,5,5,5,5,4,4,3.69,4,27,TRUE
Male,Loyal Customer,49,Business Travel,Business,528,2,2,2,2,4,4,5,5,5,5,5,3,3,3.62,0,0,TRUE
Female,Loyal Customer,59,Business Travel,Business,3021,2,2,2,2,2,4,4,5,5,5,5,3,5,3.54,0,0,TRUE
Female,Loyal Customer,48,Business Travel,Business,925,1,1,1,1,2,4,5,5,5,5,5,4,4,3.31,44,88,TRUE
Female,Loyal Customer,63,Business Travel,Eco,358,4,4,4,4,3,2,1,4,4,4,4,1,3,3.23,0,8,TRUE
Male,Loyal Customer,53,Business Travel,Eco Plus,177,1,1,1,1,1,1,1,1,1,4,3,4,1,1.62,0,0,FALSE
Male,Disloyal Customer,28,Business Travel,Eco,853,2,2,2,3,4,2,4,4,2,1,3,2,4,2.69,2,19,FALSE
Female,Loyal Customer,31,Business Travel,Business,1560,2,2,4,2,4,4,4,4,5,4,5,3,4,3.62,0,0,TRUE
Female,Loyal Customer,12,Business Travel,Business,3540,3,3,3,3,4,4,4,4,5,5,5,5,4,4,0,0,TRUE
Male,Loyal Customer,37,Business Travel,Eco,324,4,1,1,1,4,4,4,4,4,3,3,2,4,3,0,0,TRUE
Female,Loyal Customer,49,Business Travel,Business,2139,5,5,5,5,5,5,5,5,5,5,5,5,3,4.85,9,1,TRUE
Male,Loyal Customer,44,Personal Travel,Eco,201,4,5,4,3,2,4,2,2,4,5,5,3,2,3.46,0,0,TRUE
Male,Loyal Customer,60,Business Travel,Eco Plus,110,1,1,1,1,1,1,1,1,4,1,3,1,1,1.38,0,16,FALSE
Male,Loyal Customer,51,Business Travel,Business,3183,2,2,2,2,3,5,5,5,5,5,5,5,5,3.92,13,11,TRUE
Female,Loyal Customer,32,Business Travel,Business,2409,1,1,1,1,4,4,4,4,4,5,4,3,4,3.08,3,14,TRUE
Male,Loyal Customer,67,Personal Travel,Eco,2556,1,4,1,1,2,1,2,2,4,3,3,5,2,2.38,0,0,FALSE
Male,Disloyal Customer,44,Business Travel,Business,655,3,3,3,4,4,3,4,4,4,4,4,3,4,3.62,36,42,FALSE
Male,Loyal Customer,39,Business Travel,Business,3795,2,2,2,2,3,5,5,5,5,5,5,4,4,3.77,4,2,TRUE
Male,Loyal Customer,37,Business Travel,Business,1707,2,4,2,2,1,4,5,5,5,5,5,3,2,3.46,58,55,TRUE
Female,Loyal Customer,47,Business Travel,Business,1476,1,1,1,1,5,4,5,5,5,5,5,4,5,3.62,1,6,TRUE
Male,Disloyal Customer,21,Business Travel,Business,925,5,0,5,4,1,5,1,1,3,4,5,3,1,2.92,0,23,TRUE
Male,Loyal Customer,41,Business Travel,Business,677,2,2,2,2,3,4,5,4,4,4,4,4,4,3.38,0,0,TRUE
Male,Disloyal Customer,23,Business Travel,Business,968,5,0,5,4,5,4,4,3,3,5,4,4,4,3.85,0,0,TRUE
Female,Loyal Customer,53,Business Travel,Business,1712,4,4,4,4,3,5,5,5,5,5,5,3,4,4.31,0,0,TRUE
Male,Loyal Customer,52,Personal Travel,Eco,948,2,0,3,1,3,3,3,3,4,3,4,5,3,2.85,9,13,FALSE
Female,Loyal Customer,29,Business Travel,Business,1449,4,4,4,4,4,4,4,4,3,3,1,2,4,3.46,0,22,TRUE
Male,Loyal Customer,33,Business Travel,Business,1953,4,2,2,2,2,2,4,2,1,4,4,4,2,2.69,34,37,FALSE
Female,Loyal Customer,34,Personal Travel,Eco,143,2,5,2,4,5,2,5,5,3,5,1,5,5,3.77,0,0,FALSE
Female,Disloyal Customer,22,Business Travel,Eco,541,3,4,3,1,4,3,4,4,3,5,2,1,4,3.15,0,0,FALSE
Female,Disloyal Customer,23,Business Travel,Eco,639,3,4,3,3,5,3,4,5,3,2,4,1,5,3.46,2,2,FALSE
Male,Loyal Customer,62,Personal Travel,Eco,641,3,4,2,3,4,2,4,4,5,5,4,3,4,3.62,0,0,FALSE
Female,Loyal Customer,39,Business Travel,Business,526,4,4,4,4,2,4,4,5,5,5,5,5,5,4.31,22,17,TRUE
Male,Loyal Customer,13,Personal Travel,Eco,86,2,1,2,3,2,2,2,2,3,5,3,2,2,2.38,8,11,FALSE
Female,Loyal Customer,47,Business Travel,Business,3730,5,5,5,5,4,4,5,4,4,4,4,5,5,4.54,0,0,TRUE
Female,Disloyal Customer,48,Business Travel,Business,1635,2,3,3,3,1,2,1,1,3,4,5,3,1,2.46,0,14,FALSE
Male,Loyal Customer,54,Business Travel,Business,2446,3,3,4,3,3,4,5,4,4,4,4,4,5,3.85,18,0,TRUE
Male,Disloyal Customer,25,Business Travel,Eco,869,4,3,3,4,1,4,1,1,3,2,3,4,1,2.62,0,0,FALSE
Female,Loyal Customer,42,Business Travel,Business,975,4,4,4,4,5,5,4,5,5,5,5,4,3,4.38,0,0,TRUE
Male,Loyal Customer,16,Personal Travel,Eco,328,3,4,5,4,2,5,4,2,5,2,5,3,2,3.54,0,0,FALSE
Female,Loyal Customer,45,Business Travel,Business,528,3,3,3,3,4,4,5,5,5,5,5,4,5,4.15,10,6,TRUE
Male,Loyal Customer,25,Business Travel,Business,1089,3,3,2,3,5,5,5,5,3,5,4,5,5,4.08,31,15,TRUE
Female,Loyal Customer,44,Personal Travel,Eco,545,1,2,1,3,5,4,4,4,4,1,5,4,4,3.23,0,0,FALSE
Male,Loyal Customer,38,Business Travel,Business,2517,3,3,3,3,4,4,5,5,5,5,5,4,3,4,0,0,TRUE
Male,Loyal Customer,29,Business Travel,Business,1767,3,3,3,3,3,3,3,3,3,2,3,3,3,2.92,22,25,FALSE
Male,Loyal Customer,30,Business Travel,Eco Plus,1090,5,1,1,1,5,4,5,5,1,2,4,3,5,3.23,0,0,FALSE
Male,Loyal Customer,56,Business Travel,Business,2283,1,1,1,1,2,5,4,3,3,3,3,5,3,2.69,125,124,TRUE
Male,Loyal Customer,40,Business Travel,Business,1733,1,1,1,1,2,4,4,5,5,5,5,3,5,3.23,9,0,TRUE
Female,Loyal Customer,43,Business Travel,Business,719,3,3,3,3,4,5,5,5,5,5,5,5,5,4.31,0,0,TRUE
Male,Loyal Customer,46,Business Travel,Business,1918,4,4,4,4,2,4,4,5,5,5,5,3,4,4.08,17,0,TRUE
Male,Loyal Customer,29,Business Travel,Business,2579,1,1,1,1,3,3,3,3,5,3,4,3,3,2.62,2,0,TRUE
Female,Disloyal Customer,15,Business Travel,Eco,951,3,3,3,4,4,3,5,4,4,5,5,4,4,3.92,1,0,FALSE
Female,Loyal Customer,58,Business Travel,Business,2055,3,3,3,3,5,5,5,4,2,4,5,5,5,4,149,142,TRUE
Male,Loyal Customer,56,Business Travel,Business,2139,2,2,2,2,5,4,4,3,2,5,5,4,4,3.38,130,134,TRUE
Female,Loyal Customer,55,Business Travel,Business,1979,5,5,5,5,3,4,4,4,4,4,4,5,3,4.23,15,33,TRUE
Male,Loyal Customer,59,Business Travel,Business,447,1,1,1,1,5,5,5,4,4,4,4,5,3,3.31,0,0,TRUE
Female,Loyal Customer,35,Business Travel,Business,1773,1,4,4,4,4,2,3,1,1,1,1,2,4,2.46,16,40,FALSE
Male,Loyal Customer,46,Business Travel,Business,309,5,5,5,5,2,4,4,4,4,4,4,5,4,4.23,0,0,TRUE
Male,Loyal Customer,42,Business Travel,Eco,1224,1,5,5,5,1,1,1,1,4,4,3,3,1,2.69,0,4,FALSE
Female,Loyal Customer,23,Personal Travel,Eco Plus,484,2,5,2,2,3,2,4,3,4,2,5,3,3,3.08,0,0,FALSE
Male,Loyal Customer,17,Business Travel,Business,393,4,4,4,4,4,4,4,4,1,1,1,3,4,3.23,6,0,TRUE
Male,Loyal Customer,46,Business Travel,Business,3485,3,3,3,3,2,5,4,5,5,5,5,3,3,3.77,0,0,TRUE
Female,Loyal Customer,26,Personal Travel,Eco,491,2,5,2,2,1,2,1,1,4,5,3,2,1,2.38,0,27,FALSE
Female,Loyal Customer,41,Business Travel,Business,2043,2,2,4,2,4,4,5,4,4,4,4,3,4,3.54,5,0,TRUE
Female,Loyal Customer,13,Personal Travel,Eco,965,3,4,3,3,5,3,5,5,5,3,5,4,5,4.08,0,0,FALSE
Male,Loyal Customer,40,Personal Travel,Eco,427,3,0,3,2,3,3,1,3,4,4,3,4,3,2.77,22,19,FALSE
Female,Loyal Customer,50,Personal Travel,Eco Plus,1189,2,5,3,3,3,5,5,3,3,3,5,5,3,3.69,4,0,FALSE
Female,Loyal Customer,23,Personal Travel,Eco,312,2,5,2,4,5,2,5,5,3,2,4,3,5,3.62,0,0,FALSE
Female,Loyal Customer,43,Business Travel,Eco,1304,1,1,1,1,2,3,3,1,1,1,1,3,4,1.77,24,10,FALSE
Female,Disloyal Customer,45,Business Travel,Eco,337,3,2,3,4,4,3,3,4,4,1,4,1,4,3.08,9,8,FALSE
Female,Loyal Customer,67,Personal Travel,Eco,228,3,5,3,1,2,5,5,4,4,3,4,5,3,3.62,0,0,FALSE
Female,Loyal Customer,21,Personal Travel,Eco,590,2,1,2,3,3,2,3,3,3,2,3,1,3,2.38,0,0,FALSE
Male,Loyal Customer,52,Personal Travel,Eco,1028,3,5,2,4,2,2,2,3,2,5,4,2,2,2.92,154,148,FALSE
Female,Loyal Customer,11,Personal Travel,Eco,251,3,1,3,3,4,3,4,4,2,3,3,3,4,3.08,0,0,FALSE
Female,Disloyal Customer,24,Business Travel,Eco,1003,1,1,1,1,5,1,5,5,5,5,4,4,5,3.31,0,0,FALSE
Female,Disloyal Customer,30,Business Travel,Business,2586,0,0,0,2,3,0,3,3,3,5,4,4,3,2.31,0,0,TRUE
Female,Loyal Customer,56,Personal Travel,Eco,319,3,5,3,4,4,5,5,4,4,3,4,2,5,3.92,93,89,FALSE
Male,Loyal Customer,54,Business Travel,Business,185,5,5,5,5,2,4,4,4,4,4,5,3,4,4.15,0,0,TRUE
Male,Loyal Customer,65,Personal Travel,Eco,304,3,5,3,5,1,3,1,1,4,2,5,4,1,2.92,0,0,FALSE
Female,Loyal Customer,37,Business Travel,Eco,190,3,2,2,2,3,4,3,3,3,2,5,1,3,2.77,0,0,TRUE
Male,Loyal Customer,68,Personal Travel,Eco,214,3,0,3,4,4,3,3,4,3,5,3,1,4,3.08,1,0,FALSE
Male,Disloyal Customer,18,Business Travel,Eco,852,4,5,5,3,1,5,5,1,2,1,4,1,1,2.92,29,21,FALSE
Male,Loyal Customer,40,Business Travel,Business,224,4,4,4,4,5,4,4,4,4,4,4,4,3,4,6,33,TRUE
Female,Loyal Customer,65,Personal Travel,Eco,208,2,2,2,1,1,1,2,1,1,2,1,4,4,1.85,1,0,FALSE
Male,Loyal Customer,49,Business Travel,Eco Plus,376,5,4,4,4,5,5,5,5,3,5,3,3,5,4.31,0,0,TRUE
Male,Loyal Customer,40,Business Travel,Business,1195,4,4,4,4,2,5,5,4,4,4,4,3,4,3.92,0,0,TRUE
Female,Disloyal Customer,29,Business Travel,Eco,667,2,4,2,4,2,2,2,2,2,3,3,4,2,2.62,5,9,FALSE
Female,Loyal Customer,19,Personal Travel,Eco,283,1,3,1,3,4,1,4,4,3,2,4,1,4,2.69,0,3,FALSE
Male,Loyal Customer,16,Personal Travel,Eco,719,4,4,4,4,5,4,5,5,5,4,5,4,5,4.46,31,20,FALSE
Female,Loyal Customer,16,Personal Travel,Eco,2300,3,1,3,2,5,3,3,5,1,2,2,1,5,2.77,0,0,FALSE
Male,Loyal Customer,13,Personal Travel,Eco,1044,2,5,2,3,4,2,4,4,1,3,3,5,4,3.23,0,0,FALSE
Male,Loyal Customer,32,Business Travel,Business,2582,2,2,2,2,5,5,5,5,3,2,4,4,5,3.54,0,0,TRUE
Male,Disloyal Customer,22,Business Travel,Eco,1444,1,1,1,4,1,1,1,1,3,5,3,4,1,2.08,0,7,FALSE
Male,Loyal Customer,68,Personal Travel,Business,903,3,5,3,2,1,1,3,1,1,3,1,3,2,2.23,82,65,FALSE
Female,Loyal Customer,16,Personal Travel,Eco,1379,2,5,2,1,5,2,5,5,5,5,5,4,5,3.92,27,25,FALSE
Female,Loyal Customer,42,Personal Travel,Eco,1091,3,3,3,4,5,3,4,5,5,3,5,2,3,3.69,0,0,FALSE
Male,Loyal Customer,39,Business Travel,Business,2072,2,2,5,2,5,4,4,4,4,4,4,3,4,3.62,44,44,TRUE
Male,Loyal Customer,55,Personal Travel,Eco,192,2,5,2,1,5,2,4,5,3,2,4,4,5,3.38,95,91,FALSE
Female,Loyal Customer,55,Business Travel,Business,280,2,5,3,3,5,2,2,2,2,2,2,3,2,2.69,0,9,FALSE
Male,Loyal Customer,45,Business Travel,Business,1851,1,1,1,1,4,3,4,2,2,2,2,3,4,2.31,0,0,TRUE
Female,Loyal Customer,9,Personal Travel,Eco,1431,3,3,3,5,1,3,1,1,1,1,4,4,1,2.38,0,0,FALSE
Male,Loyal Customer,43,Business Travel,Business,2456,1,1,1,1,1,2,5,4,4,5,4,4,5,2.92,37,44,TRUE
Male,Loyal Customer,52,Business Travel,Business,2799,2,2,2,2,3,5,5,5,5,5,5,3,4,3.69,0,0,TRUE
Male,Loyal Customer,15,Personal Travel,Eco,1587,3,5,4,4,3,4,3,3,5,5,4,3,3,3.77,0,0,FALSE
Female,Loyal Customer,32,Business Travel,Business,1602,5,5,5,5,5,5,5,5,4,2,5,5,5,4.69,0,15,TRUE
Male,Loyal Customer,45,Business Travel,Business,270,0,1,1,2,5,4,4,1,1,1,1,3,3,2.08,77,76,TRUE
Female,Disloyal Customer,38,Business Travel,Eco,378,1,2,1,3,4,1,4,4,3,5,4,2,4,2.92,0,0,FALSE
Female,Disloyal Customer,26,Business Travel,Business,356,4,3,4,2,4,4,4,4,4,2,5,3,4,3.62,21,17,TRUE
Male,Loyal Customer,35,Business Travel,Eco,862,4,4,4,4,4,4,4,4,3,2,5,3,4,3.77,0,0,TRUE
Female,Disloyal Customer,24,Business Travel,Eco,1091,2,2,2,1,3,2,3,3,5,2,3,5,3,2.77,0,0,FALSE
Male,Loyal Customer,38,Business Travel,Business,3921,2,2,4,2,2,4,5,5,5,5,5,4,3,3.69,6,0,TRUE
Female,Disloyal Customer,24,Business Travel,Eco,696,1,1,1,4,5,1,4,5,4,4,5,3,5,3.31,0,0,FALSE
Male,Loyal Customer,9,Personal Travel,Eco,369,3,1,0,2,3,0,3,3,4,5,2,3,3,2.46,2,0,FALSE
Female,Loyal Customer,39,Personal Travel,Eco,326,4,3,4,3,5,4,5,5,4,4,5,3,5,4.15,68,99,TRUE
Male,Loyal Customer,45,Business Travel,Business,2584,3,4,4,4,5,3,4,2,2,2,3,1,3,3.08,21,15,FALSE
Female,Loyal Customer,34,Personal Travel,Eco,255,3,2,3,3,1,3,1,1,4,2,3,4,1,2.38,0,0,FALSE
Male,Loyal Customer,14,Personal Travel,Eco,109,5,0,5,3,5,5,2,5,3,3,4,5,5,3.85,26,35,TRUE
Male,Loyal Customer,45,Business Travel,Eco,204,1,4,4,4,2,1,2,2,3,4,4,4,2,2.85,0,1,FALSE
Male,Loyal Customer,27,Personal Travel,Eco,1721,2,4,2,5,5,2,5,5,1,3,3,5,5,3.62,0,0,FALSE
Male,Disloyal Customer,20,Business Travel,Eco,614,3,0,3,1,4,3,4,4,4,5,5,4,4,3.38,0,0,FALSE
Male,Loyal Customer,11,Personal Travel,Eco,2227,4,1,4,2,4,4,4,4,1,5,1,3,4,3.15,0,0,TRUE
Male,Disloyal Customer,21,Business Travel,Eco,283,3,1,4,3,3,4,4,3,3,2,3,4,3,3.08,0,0,FALSE
Female,Loyal Customer,40,Business Travel,Business,3676,5,5,5,5,2,4,4,5,5,5,5,5,5,4.62,0,0,TRUE
Female,Loyal Customer,51,Business Travel,Business,2623,2,2,2,2,5,5,4,4,4,4,4,3,5,3.54,25,25,TRUE
Female,Loyal Customer,38,Personal Travel,Business,322,4,5,4,1,5,4,3,3,3,4,3,3,4,3.54,105,102,FALSE
Male,Loyal Customer,10,Personal Travel,Eco,787,4,4,4,1,3,4,3,3,3,2,5,5,3,3.38,1,0,FALSE
Male,Loyal Customer,40,Business Travel,Business,2422,4,4,4,4,5,5,5,5,3,4,4,5,5,4.38,89,80,TRUE
Male,Loyal Customer,49,Personal Travel,Eco,1218,2,3,2,3,4,2,4,4,5,4,1,3,4,3.15,0,0,FALSE
Male,Disloyal Customer,37,Business Travel,Eco Plus,459,3,3,3,4,5,3,5,5,2,4,3,2,5,3.62,0,0,FALSE
Male,Loyal Customer,25,Personal Travel,Eco,605,1,5,1,1,4,1,4,4,2,5,4,5,4,3.15,0,0,FALSE
Male,Loyal Customer,49,Business Travel,Business,271,4,4,4,4,4,4,5,4,4,4,4,4,5,4.15,0,0,TRUE
Male,Loyal Customer,51,Business Travel,Business,3717,3,3,3,3,2,4,4,4,4,4,4,5,3,3.54,0,1,TRUE
Female,Loyal Customer,47,Personal Travel,Eco,883,2,0,1,2,1,3,5,1,1,1,1,2,3,1.77,15,9,FALSE
Male,Loyal Customer,48,Business Travel,Business,3279,2,2,2,2,2,5,4,5,5,5,5,5,4,3.69,0,0,TRUE
Female,Loyal Customer,30,Business Travel,Business,2756,1,1,1,1,5,5,5,5,3,2,5,4,5,3.31,0,0,TRUE
Female,Disloyal Customer,27,Business Travel,Eco,867,1,1,1,4,4,1,4,4,1,2,3,1,4,2.38,0,0,FALSE
Male,Loyal Customer,44,Business Travel,Business,2311,4,4,4,4,5,5,4,4,4,4,4,5,5,4.31,0,0,TRUE
Female,Loyal Customer,67,Personal Travel,Eco Plus,152,3,2,0,3,2,4,4,5,5,0,5,4,2,3,4,0,FALSE
Male,Loyal Customer,25,Business Travel,Business,3547,2,2,2,2,5,5,5,5,5,5,1,4,5,3.69,0,0,TRUE
Male,Disloyal Customer,37,Business Travel,Eco,432,3,2,4,4,1,4,1,1,3,5,3,2,1,2.62,0,0,FALSE
Male,Loyal Customer,14,Business Travel,Eco,550,2,4,4,4,2,2,1,2,1,5,3,3,2,2.69,0,9,FALSE
Female,Loyal Customer,44,Business Travel,Eco,979,3,4,4,4,5,3,5,3,3,3,3,1,3,3.38,8,0,TRUE
Female,Loyal Customer,32,Business Travel,Eco Plus,337,4,2,4,2,4,4,4,4,5,1,3,5,4,3.54,0,1,TRUE
Female,Loyal Customer,52,Business Travel,Eco,584,3,3,3,3,1,2,3,3,3,3,3,2,3,2.69,0,62,FALSE
Female,Loyal Customer,52,Business Travel,Eco,771,4,4,4,4,4,2,1,3,3,4,3,1,3,3.08,57,51,TRUE
Male,Loyal Customer,42,Personal Travel,Eco,190,1,4,1,2,3,1,3,3,5,4,5,5,3,3.08,0,0,FALSE
Male,Loyal Customer,34,Business Travel,Business,2948,1,1,1,1,4,5,4,4,4,4,4,5,3,3.15,11,0,TRUE
Male,Disloyal Customer,26,Business Travel,Business,2367,4,4,4,4,4,2,2,3,2,4,4,2,2,3.15,282,280,FALSE
Female,Loyal Customer,50,Business Travel,Business,3781,4,4,2,4,3,5,5,5,5,5,5,4,5,4.31,15,3,TRUE
Male,Loyal Customer,31,Business Travel,Business,1532,1,1,1,1,1,1,1,1,3,2,4,1,1,1.46,13,12,FALSE
Female,Loyal Customer,50,Business Travel,Business,1379,5,5,1,5,5,5,5,5,5,5,5,5,4,4.62,19,0,TRUE
Male,Loyal Customer,64,Personal Travel,Eco,296,3,5,3,5,4,3,4,4,4,4,4,2,4,3.77,0,0,FALSE
Male,Loyal Customer,32,Business Travel,Business,3970,4,4,4,4,5,5,5,5,4,4,5,3,5,4.38,0,0,TRUE
Female,Loyal Customer,33,Personal Travel,Eco,530,1,5,2,1,1,2,1,1,3,3,5,5,1,2.38,8,6,FALSE
Male,Loyal Customer,28,Business Travel,Business,689,3,3,3,3,5,5,5,5,4,3,4,5,5,4.08,0,0,TRUE
Male,Loyal Customer,65,Business Travel,Business,590,2,1,1,1,1,4,4,2,2,2,2,2,3,2.08,0,0,FALSE
Male,Loyal Customer,23,Business Travel,Business,263,1,1,1,1,5,5,5,5,2,1,5,3,5,3.08,10,0,TRUE
Male,Loyal Customer,44,Business Travel,Business,306,3,3,3,3,2,5,4,4,4,4,4,5,5,3.77,2,0,TRUE
Female,Loyal Customer,49,Business Travel,Business,341,1,3,3,3,5,2,3,1,1,1,1,1,2,2.08,67,61,FALSE
Female,Loyal Customer,33,Personal Travel,Eco,937,2,2,2,4,4,2,4,4,4,5,4,4,4,3.46,0,0,FALSE
Female,Disloyal Customer,36,Personal Travel,Eco,1501,0,4,0,3,4,0,4,4,5,4,5,5,4,3.23,0,0,TRUE
Female,Loyal Customer,31,Business Travel,Business,1898,2,4,5,5,2,2,2,2,4,1,3,2,2,2.77,0,0,FALSE
Female,Loyal Customer,13,Personal Travel,Eco,201,4,5,0,3,3,0,3,3,5,5,4,5,3,3.31,0,0,TRUE
Female,Loyal Customer,40,Business Travel,Eco,147,4,2,2,2,4,4,4,1,4,3,2,4,4,3.08,146,156,FALSE
Male,Loyal Customer,70,Personal Travel,Eco,744,3,2,3,4,1,3,1,1,4,3,3,4,1,2.54,0,0,FALSE
Female,Loyal Customer,45,Business Travel,Business,2133,1,1,1,1,4,4,4,2,2,2,2,4,3,2.38,19,12,TRUE
Female,Loyal Customer,13,Business Travel,Eco Plus,1504,4,2,2,2,4,4,5,4,3,1,5,3,4,3.31,8,1,TRUE
Female,Loyal Customer,52,Personal Travel,Eco,2153,1,5,1,3,2,4,4,3,3,1,3,4,3,2.85,0,0,FALSE
Female,Loyal Customer,11,Business Travel,Business,2360,1,5,2,5,1,1,1,1,4,1,3,1,1,2.08,17,16,FALSE
Male,Disloyal Customer,37,Business Travel,Eco,636,2,3,2,3,1,2,1,1,1,4,4,2,1,2.08,22,14,FALSE
Male,Loyal Customer,56,Personal Travel,Eco,991,3,2,3,4,5,3,5,5,4,3,4,2,5,3.69,12,3,FALSE
Male,Loyal Customer,21,Personal Travel,Eco,368,2,1,2,3,3,2,5,3,2,4,4,2,3,2.77,0,0,FALSE
Male,Loyal Customer,11,Personal Travel,Eco Plus,577,2,4,2,1,4,2,4,4,3,5,5,4,4,3.38,1,0,FALSE
Male,Loyal Customer,34,Personal Travel,Eco,967,1,5,1,5,4,1,5,4,5,2,4,4,4,3.46,5,11,FALSE
Male,Loyal Customer,29,Personal Travel,Business,2296,1,4,1,3,4,1,4,4,5,2,3,5,4,3.15,8,0,FALSE
Female,Disloyal Customer,22,Business Travel,Eco,650,2,0,2,1,4,2,4,4,3,2,5,5,4,2.92,0,0,FALSE
Male,Loyal Customer,34,Business Travel,Eco,4243,5,5,5,5,5,5,5,4,5,2,5,5,5,4.69,4,1,TRUE
Male,Loyal Customer,57,Business Travel,Business,1989,3,3,3,3,3,4,4,5,5,5,5,5,4,4,2,0,TRUE
Male,Disloyal Customer,34,Business Travel,Business,468,3,3,3,4,5,3,5,5,4,5,5,3,5,4.08,3,4,FALSE
Female,Loyal Customer,18,Personal Travel,Eco,719,3,4,3,3,4,3,1,4,5,5,4,4,4,3.62,0,0,FALSE
Female,Loyal Customer,52,Business Travel,Business,533,4,4,4,4,5,4,5,5,5,5,5,4,4,4.46,5,0,TRUE
Male,Loyal Customer,53,Business Travel,Business,3011,5,5,5,5,2,4,4,4,4,4,4,3,3,4,0,2,TRUE
Male,Loyal Customer,24,Business Travel,Business,1547,4,1,1,1,4,4,4,4,2,3,4,4,4,3.08,7,0,FALSE
Male,Loyal Customer,24,Business Travel,Eco,341,5,1,1,1,5,5,5,5,2,3,2,5,5,3.46,0,0,TRUE
Male,Loyal Customer,47,Business Travel,Business,3425,3,3,3,3,3,2,5,5,5,5,5,5,4,3.92,0,0,TRUE
Female,Loyal Customer,47,Business Travel,Business,3777,5,5,5,5,4,5,5,4,4,4,5,4,4,4.54,0,0,TRUE
Female,Loyal Customer,8,Personal Travel,Eco,476,4,2,4,3,4,4,4,4,1,5,4,2,4,3.46,1,0,FALSE
Male,Loyal Customer,60,Business Travel,Business,3959,5,5,5,5,3,5,4,4,4,4,4,3,4,4.23,0,0,TRUE
Male,Loyal Customer,62,Business Travel,Business,2639,4,4,4,4,5,3,1,5,5,5,5,2,5,4,0,0,TRUE
Male,Loyal Customer,24,Business Travel,Business,646,4,3,2,3,4,4,4,2,1,4,4,4,4,3.31,227,209,FALSE
Male,Loyal Customer,37,Business Travel,Business,594,3,3,5,3,3,5,5,5,5,5,5,3,4,4.15,0,0,TRUE
Female,Loyal Customer,45,Business Travel,Business,1744,3,3,3,3,5,3,5,4,4,4,4,4,5,3.85,9,0,TRUE
Female,Disloyal Customer,29,Business Travel,Business,363,3,3,3,1,5,3,5,5,4,3,4,5,5,3.77,0,0,FALSE
Male,Loyal Customer,60,Personal Travel,Eco,407,2,4,4,3,1,4,1,1,1,1,4,4,1,2.38,14,12,FALSE
Male,Disloyal Customer,24,Business Travel,Business,187,0,4,0,4,1,0,1,1,4,4,5,5,1,2.31,15,4,TRUE
Male,Loyal Customer,17,Personal Travel,Eco,82,1,3,1,3,5,1,5,5,5,5,2,4,5,3.46,0,0,FALSE
Male,Loyal Customer,55,Business Travel,Business,2486,1,1,1,1,4,4,4,4,2,4,5,4,4,3,15,27,TRUE
Female,Disloyal Customer,40,Business Travel,Business,132,3,3,3,3,1,3,1,1,3,4,5,4,1,2.69,0,0,FALSE
Male,Disloyal Customer,26,Business Travel,Business,287,3,4,3,1,4,3,4,4,2,4,4,3,4,3.31,17,9,FALSE
Female,Disloyal Customer,30,Business Travel,Eco,866,2,1,1,4,1,1,1,1,4,5,1,4,1,2.08,1,2,FALSE
Female,Disloyal Customer,37,Business Travel,Business,967,2,2,2,5,4,2,4,4,3,2,4,3,4,3.15,0,0,FALSE
Female,Loyal Customer,53,Business Travel,Eco,416,4,3,3,3,3,3,2,4,4,4,4,1,3,3.15,3,1,TRUE
Male,Loyal Customer,47,Business Travel,Business,3704,1,1,2,1,5,4,5,5,5,5,5,3,4,3.54,0,0,TRUE
Male,Loyal Customer,24,Business Travel,Business,594,1,1,1,1,4,4,4,4,5,4,4,4,4,3.15,10,25,TRUE
Male,Loyal Customer,57,Personal Travel,Eco,925,3,5,3,1,1,3,1,1,4,3,5,5,1,2.77,0,0,FALSE
Female,Loyal Customer,70,Personal Travel,Eco,391,4,1,4,2,4,3,3,4,4,4,4,2,1,3.08,20,47,FALSE
Male,Loyal Customer,26,Business Travel,Business,1543,2,2,2,2,4,4,4,4,1,3,1,1,4,2.62,27,19,TRUE
Female,Loyal Customer,49,Business Travel,Business,1337,1,1,1,1,5,4,5,2,2,2,2,3,4,2.54,0,2,TRUE
Female,Disloyal Customer,38,Business Travel,Eco,1102,3,3,3,3,5,3,5,5,4,2,3,3,5,3.62,4,12,FALSE
Male,Loyal Customer,50,Personal Travel,Eco,1389,5,5,5,4,4,5,4,4,4,4,5,3,4,4.31,0,0,TRUE
Female,Loyal Customer,42,Business Travel,Business,1390,5,5,5,5,5,5,4,5,5,5,5,3,5,4.77,6,0,TRUE
Male,Loyal Customer,54,Business Travel,Eco,529,3,1,1,1,3,3,3,3,3,5,3,2,3,2.62,0,0,FALSE
Male,Loyal Customer,36,Business Travel,Business,2097,3,3,2,3,4,4,5,3,3,3,3,4,3,3.31,20,5,TRUE
Female,Loyal Customer,55,Business Travel,Business,151,1,1,1,1,4,4,3,5,5,5,3,1,3,2.85,0,0,TRUE
Male,Loyal Customer,55,Business Travel,Business,1504,4,4,4,4,3,5,5,2,2,2,2,5,5,3.62,0,0,TRUE
Female,Loyal Customer,24,Business Travel,Business,2634,5,5,5,5,5,5,5,5,4,2,4,4,5,4.54,17,0,TRUE
Male,Loyal Customer,51,Business Travel,Business,3542,2,2,2,2,2,5,5,4,4,5,4,4,4,3.46,67,59,TRUE
Female,Loyal Customer,57,Business Travel,Business,2253,2,5,5,5,4,2,4,2,2,2,2,1,3,3,11,17,FALSE
Male,Loyal Customer,59,Business Travel,Business,1337,3,2,2,2,2,4,4,3,3,3,3,4,1,2.77,0,0,FALSE
Female,Disloyal Customer,38,Business Travel,Eco,412,2,3,2,4,2,2,2,2,1,1,3,1,2,2.08,19,8,FALSE
Female,Loyal Customer,48,Business Travel,Business,2629,0,5,0,2,3,5,4,4,4,4,4,4,4,3.31,0,0,TRUE
Male,Loyal Customer,54,Business Travel,Eco,109,1,0,0,4,3,1,2,3,1,5,3,4,3,2.31,0,0,FALSE
Female,Loyal Customer,50,Business Travel,Business,3410,2,5,2,2,5,4,5,5,5,5,5,4,5,4.15,0,0,TRUE
Male,Disloyal Customer,49,Business Travel,Business,719,5,5,5,3,2,5,2,2,3,4,4,3,2,3.46,16,20,TRUE
Female,Loyal Customer,43,Business Travel,Business,1044,1,1,4,1,5,4,5,5,5,4,5,5,5,3.85,1,12,TRUE
Female,Loyal Customer,39,Business Travel,Business,2883,1,1,1,1,2,4,5,5,5,5,5,3,5,3.31,22,25,TRUE
Male,Loyal Customer,30,Business Travel,Business,1720,4,3,3,3,4,3,4,4,2,4,3,3,4,3.38,0,0,FALSE
Female,Loyal Customer,60,Business Travel,Business,190,2,2,2,2,2,4,1,5,5,5,3,2,4,3,0,0,TRUE
Male,Loyal Customer,27,Personal Travel,Eco,1972,3,0,3,3,1,3,1,1,3,5,4,4,1,2.46,1,0,FALSE
Female,Loyal Customer,61,Business Travel,Eco,134,2,4,4,4,3,3,4,2,2,2,2,1,2,2.69,0,0,FALSE
Male,Loyal Customer,51,Personal Travel,Eco,391,3,4,3,3,1,3,1,1,3,2,1,4,1,2.31,0,0,FALSE
Male,Loyal Customer,63,Business Travel,Business,222,4,4,4,4,1,1,1,4,4,4,5,3,5,3.38,5,1,TRUE
Male,Disloyal Customer,37,Business Travel,Eco,811,3,3,3,3,3,3,5,4,2,3,3,5,5,3.46,0,14,FALSE
Male,Loyal Customer,48,Personal Travel,Eco,120,4,4,0,4,4,0,4,4,1,5,5,4,4,3.31,9,2,TRUE
Female,Loyal Customer,56,Business Travel,Business,1829,1,3,3,3,3,4,4,1,1,1,1,1,2,2.15,0,0,FALSE
Male,Loyal Customer,40,Personal Travel,Eco,416,3,3,3,3,3,3,3,3,4,1,2,3,3,2.85,0,0,FALSE
Male,Disloyal Customer,16,Business Travel,Eco,479,1,1,1,4,1,1,1,1,3,3,3,2,1,1.77,43,27,FALSE
Male,Loyal Customer,29,Business Travel,Eco Plus,1562,2,3,3,3,2,2,2,2,3,1,2,4,2,2.38,0,0,FALSE
Male,Loyal Customer,9,Personal Travel,Eco,1096,1,1,1,4,4,1,4,4,2,5,2,3,4,2.77,0,0,FALSE
Male,Loyal Customer,30,Personal Travel,Eco,1235,4,4,4,3,2,4,4,2,5,4,2,5,2,3.46,0,4,FALSE
Female,Disloyal Customer,58,Business Travel,Business,316,4,4,4,4,3,4,3,3,4,5,5,5,3,3.92,33,30,FALSE
Male,Loyal Customer,37,Business Travel,Business,3878,1,1,1,1,3,4,3,1,1,2,1,1,3,1.77,0,4,FALSE
Female,Loyal Customer,34,Business Travel,Business,543,5,5,4,5,2,5,4,4,4,4,4,3,5,4.15,6,6,TRUE
Female,Disloyal Customer,37,Business Travel,Business,460,3,3,3,1,3,3,3,3,4,5,4,5,3,3.31,42,71,FALSE
Female,Loyal Customer,39,Business Travel,Business,371,4,4,4,4,2,3,2,4,4,5,4,2,1,3.31,0,0,TRUE
Male,Loyal Customer,28,Business Travel,Business,1721,1,1,1,1,4,4,4,4,5,2,5,5,4,3.15,0,0,TRUE
Female,Loyal Customer,27,Business Travel,Business,895,1,5,5,5,1,1,1,1,4,5,4,4,1,2.92,6,9,FALSE
Female,Loyal Customer,53,Business Travel,Business,733,2,3,3,3,3,3,3,2,2,2,2,2,3,2.54,1,0,FALSE
Female,Loyal Customer,39,Business Travel,Business,2977,3,1,3,3,5,5,5,4,4,4,4,4,3,3.69,0,19,TRUE
Male,Loyal Customer,39,Business Travel,Business,1892,1,1,1,1,3,4,4,3,3,4,3,4,3,2.69,15,0,TRUE
Male,Loyal Customer,32,Business Travel,Business,3432,3,3,3,3,5,5,5,5,2,4,4,2,5,3.77,41,64,TRUE
Male,Disloyal Customer,33,Business Travel,Eco,109,3,0,3,4,1,3,1,1,4,3,4,5,1,2.54,3,0,FALSE
Female,Disloyal Customer,43,Business Travel,Eco,467,2,4,2,3,4,2,4,4,3,2,1,4,4,3,23,54,FALSE
Male,Loyal Customer,51,Business Travel,Business,1750,2,2,2,2,3,3,4,2,2,2,2,4,5,2.69,14,0,TRUE
Female,Loyal Customer,42,Business Travel,Business,2666,2,1,1,1,4,4,4,2,2,3,2,2,1,2.23,2,54,FALSE
Female,Loyal Customer,38,Business Travel,Business,3857,1,4,3,4,5,3,3,1,1,1,1,4,4,2.69,0,28,FALSE
Male,Loyal Customer,10,Personal Travel,Eco Plus,1180,3,5,3,1,2,3,1,2,3,5,3,5,2,2.92,13,19,FALSE
Female,Loyal Customer,46,Business Travel,Business,3826,3,3,3,3,5,5,5,4,2,5,4,5,5,4,247,254,TRUE
Female,Disloyal Customer,38,Business Travel,Eco Plus,991,3,4,4,3,2,4,2,2,4,5,3,2,2,3.08,0,2,FALSE
Male,Loyal Customer,14,Personal Travel,Eco Plus,212,2,4,2,1,5,2,3,5,5,3,4,5,5,3.54,12,9,FALSE
Female,Loyal Customer,42,Business Travel,Business,666,5,5,5,5,3,4,4,4,4,4,4,5,4,4.31,5,0,TRUE
Male,Loyal Customer,45,Business Travel,Eco Plus,405,2,4,4,4,2,2,2,2,1,3,4,2,2,2.62,0,0,FALSE
Male,Loyal Customer,44,Business Travel,Business,3520,4,4,4,4,5,4,4,3,3,3,3,3,4,3.69,0,0,TRUE
Female,Loyal Customer,22,Personal Travel,Eco,577,5,5,5,3,1,5,1,1,4,2,5,3,1,3.15,0,0,TRUE
Female,Loyal Customer,42,Business Travel,Business,1956,0,4,0,2,4,5,5,3,3,3,3,4,3,3,0,0,TRUE
Female,Disloyal Customer,75,Business Travel,Eco,394,3,1,3,4,3,3,3,3,4,1,3,4,3,2.92,26,23,FALSE
Female,Loyal Customer,22,Personal Travel,Eco,1020,1,3,1,2,2,1,4,2,5,5,4,1,2,2.54,7,0,FALSE
Male,Loyal Customer,16,Personal Travel,Eco,678,1,5,2,1,2,2,2,2,1,2,5,5,2,2.46,0,0,FALSE
Female,Loyal Customer,13,Business Travel,Business,628,2,2,2,2,2,2,2,2,1,1,4,4,2,2.15,0,0,FALSE
Female,Loyal Customer,59,Business Travel,Business,804,3,3,5,3,2,5,5,3,3,3,3,3,5,3.54,5,4,TRUE
Male,Disloyal Customer,39,Business Travel,Business,399,1,1,1,1,4,1,4,4,5,2,5,3,4,2.77,7,4,FALSE
Male,Loyal Customer,48,Personal Travel,Business,528,2,3,2,2,3,1,5,5,5,2,5,4,4,3.31,0,0,FALSE
Female,Loyal Customer,12,Personal Travel,Eco,1009,4,4,4,4,1,4,1,1,4,2,5,4,1,3,0,0,TRUE
Male,Loyal Customer,41,Business Travel,Business,406,1,1,1,1,2,5,5,4,4,5,4,4,5,3.23,74,66,TRUE
Male,Loyal Customer,41,Personal Travel,Eco,1107,3,0,3,1,3,3,3,3,3,4,4,3,3,2.77,21,5,FALSE
Female,Loyal Customer,29,Business Travel,Business,1501,4,1,1,1,4,3,4,4,3,5,4,1,4,3,5,0,FALSE
Male,Loyal Customer,48,Business Travel,Business,184,5,5,5,5,2,5,4,5,5,5,5,4,3,4.46,0,0,TRUE
Female,Loyal Customer,47,Business Travel,Business,1464,2,2,2,2,4,4,5,5,5,5,5,4,5,3.85,0,0,TRUE
Male,Loyal Customer,52,Business Travel,Business,2780,4,4,4,4,1,5,1,5,5,5,5,1,3,3.62,0,0,TRUE
Female,Loyal Customer,68,Personal Travel,Eco,980,3,4,3,1,2,4,4,2,2,3,2,5,4,3,6,3,FALSE
Male,Loyal Customer,80,Business Travel,Business,226,2,2,2,2,2,5,5,5,5,5,5,5,5,3.85,0,0,TRUE
Male,Disloyal Customer,27,Business Travel,Eco,907,1,1,1,4,3,1,3,3,2,3,3,1,3,2.23,0,0,FALSE
Female,Loyal Customer,32,Business Travel,Business,1823,4,4,1,4,4,4,4,4,4,5,5,5,4,4,0,0,TRUE
Male,Loyal Customer,41,Personal Travel,Eco,628,2,5,2,5,2,2,2,2,5,5,5,3,2,3.23,0,0,FALSE
Female,Disloyal Customer,21,Business Travel,Eco,277,2,0,2,5,5,2,5,5,2,2,1,5,5,3.15,0,0,FALSE
Male,Loyal Customer,43,Business Travel,Business,3744,3,1,3,3,1,3,3,3,3,3,3,2,2,2.54,45,43,FALSE
Male,Disloyal Customer,13,Business Travel,Business,1440,0,5,0,4,5,0,5,5,4,3,5,3,5,3.38,0,0,TRUE
Male,Loyal Customer,51,Personal Travel,Eco,733,2,5,1,3,4,1,4,4,3,1,3,5,4,3.08,2,0,FALSE
Female,Loyal Customer,52,Business Travel,Eco Plus,140,4,3,3,3,5,2,3,4,4,4,4,2,3,3.38,0,0,TRUE
Female,Disloyal Customer,23,Business Travel,Eco,544,2,0,2,2,1,2,1,1,3,2,4,4,1,1.92,0,0,FALSE
Female,Loyal Customer,30,Personal Travel,Eco,213,1,4,0,3,2,0,2,2,5,4,5,4,2,2.62,0,0,FALSE
Female,Loyal Customer,32,Business Travel,Business,2861,3,3,3,3,4,4,4,4,5,5,5,4,4,3.92,382,372,TRUE
Female,Loyal Customer,25,Personal Travel,Eco,216,2,3,2,3,2,2,2,2,3,4,3,3,2,2.54,53,54,FALSE
Male,Loyal Customer,42,Business Travel,Business,3331,2,2,2,2,3,5,5,5,5,5,5,4,5,3.85,0,0,TRUE
Male,Loyal Customer,43,Business Travel,Business,1892,2,2,2,2,5,5,4,4,4,4,4,3,4,3.46,0,0,TRUE
Female,Loyal Customer,36,Business Travel,Eco,224,4,4,4,4,4,4,4,4,5,5,1,4,4,3.92,0,0,TRUE
Female,Loyal Customer,41,Business Travel,Business,2021,0,5,0,1,5,4,4,4,4,3,3,5,3,3.15,0,0,TRUE
Female,Loyal Customer,35,Business Travel,Eco,2442,1,2,1,1,1,1,1,1,3,3,3,1,1,1.54,0,0,FALSE
Male,Loyal Customer,42,Business Travel,Business,528,4,4,4,4,2,4,5,4,4,4,4,4,3,3.85,2,0,TRUE
Male,Loyal Customer,31,Personal Travel,Eco,1055,3,5,4,1,5,4,5,5,4,5,4,5,5,4.23,0,0,FALSE
Female,Loyal Customer,65,Personal Travel,Eco Plus,1121,4,2,4,3,3,3,4,4,4,4,3,3,3,3.38,0,0,FALSE
Male,Loyal Customer,60,Business Travel,Business,985,2,5,5,5,1,2,3,2,2,2,2,4,2,2.85,19,33,FALSE
Female,Loyal Customer,49,Personal Travel,Eco,315,2,2,2,4,2,5,5,3,5,4,4,5,5,3.69,158,169,FALSE
Female,Disloyal Customer,24,Business Travel,Eco,481,5,4,4,3,1,4,1,1,3,5,4,3,1,3,1,0,TRUE
Female,Loyal Customer,59,Personal Travel,Eco,1475,3,5,3,3,5,4,5,3,3,3,3,3,4,3.62,0,0,FALSE
Male,Disloyal Customer,36,Business Travel,Business,228,4,4,4,4,2,4,2,2,3,3,4,5,2,3.31,0,0,FALSE
Female,Loyal Customer,60,Business Travel,Business,341,0,0,0,1,3,5,4,1,1,1,1,5,5,2.08,0,0,TRUE
Male,Disloyal Customer,23,Business Travel,Business,236,5,5,5,4,3,5,3,3,4,3,3,1,3,3.62,0,0,TRUE
Male,Loyal Customer,28,Business Travel,Business,854,3,3,3,3,4,4,4,4,5,4,4,3,4,3.69,7,2,TRUE
Male,Loyal Customer,21,Personal Travel,Eco,806,1,5,1,2,2,1,2,2,3,1,5,2,2,2.23,0,0,FALSE
Female,Loyal Customer,29,Business Travel,Eco Plus,854,3,4,4,4,3,3,3,3,1,1,3,3,3,2.92,0,0,FALSE
Female,Loyal Customer,54,Business Travel,Eco,1134,5,2,2,2,2,5,3,5,5,5,5,2,3,3.54,69,81,TRUE
Male,Loyal Customer,50,Business Travel,Eco Plus,874,2,3,2,3,2,2,2,2,1,5,3,1,2,2.31,20,15,FALSE
Female,Loyal Customer,33,Personal Travel,Eco,932,4,4,4,1,5,4,5,5,3,5,5,5,5,4.23,0,0,TRUE
Female,Disloyal Customer,35,Business Travel,Business,1011,2,2,2,3,4,2,4,4,5,3,5,4,4,3.38,28,25,FALSE
Male,Loyal Customer,23,Personal Travel,Eco,929,3,5,2,4,4,2,2,4,3,5,5,5,4,3.69,0,12,FALSE
Male,Loyal Customer,44,Business Travel,Business,2535,2,5,5,5,3,2,2,2,2,2,2,2,2,2.77,8,13,FALSE
Male,Loyal Customer,31,Business Travel,Business,1678,4,4,4,4,5,5,5,5,4,3,2,1,5,3.92,0,0,TRUE
Male,Disloyal Customer,38,Business Travel,Business,227,4,4,4,1,4,4,4,4,3,5,5,4,4,3.85,22,29,FALSE
Female,Loyal Customer,33,Business Travel,Business,590,1,1,1,1,4,4,4,2,2,2,2,4,4,2.46,2,0,TRUE
Female,Loyal Customer,45,Business Travel,Business,632,3,3,3,3,2,5,4,5,5,5,5,4,5,4,0,0,TRUE
Female,Loyal Customer,54,Business Travel,Business,451,5,5,5,5,4,5,4,4,4,4,4,3,3,4.23,49,42,TRUE
Female,Loyal Customer,45,Business Travel,Business,189,4,4,4,4,2,5,4,4,4,4,4,3,4,3.85,1,0,TRUE
Male,Loyal Customer,26,Personal Travel,Eco Plus,2417,2,4,2,5,2,1,1,5,5,3,1,1,1,2.54,0,13,FALSE
Male,Loyal Customer,67,Personal Travel,Eco,192,3,2,3,4,2,3,5,2,4,1,3,4,2,2.92,0,0,FALSE
Male,Loyal Customer,41,Personal Travel,Eco,190,2,5,0,2,1,0,4,1,5,4,4,4,1,2.54,26,33,FALSE
Male,Loyal Customer,33,Personal Travel,Eco,2248,3,5,3,4,5,3,5,5,3,5,3,5,5,4.15,0,0,FALSE
Male,Loyal Customer,33,Personal Travel,Eco,1010,2,5,2,5,2,2,2,2,1,1,2,3,2,2.38,0,0,FALSE
Female,Loyal Customer,66,Personal Travel,Eco,1249,1,5,1,2,5,4,4,1,1,1,1,5,3,2.62,4,46,FALSE
Female,Loyal Customer,21,Personal Travel,Eco,192,3,1,3,4,2,3,2,2,3,5,3,4,2,2.85,0,0,FALSE
Female,Loyal Customer,60,Business Travel,Business,806,3,3,3,3,2,5,4,4,4,4,4,5,3,3.62,0,0,TRUE
Female,Loyal Customer,28,Personal Travel,Eco,302,3,5,3,5,2,3,2,2,3,5,4,1,2,3.08,0,0,FALSE
Female,Loyal Customer,34,Personal Travel,Eco,236,2,4,0,3,1,0,1,1,4,5,5,4,1,2.38,57,46,FALSE
Female,Disloyal Customer,27,Business Travel,Business,1020,3,3,3,3,2,3,2,2,3,2,4,5,2,2.85,0,10,FALSE
Female,Loyal Customer,32,Business Travel,Business,3321,5,5,5,5,5,5,5,5,4,5,4,4,5,4.77,42,27,TRUE
Female,Disloyal Customer,26,Business Travel,Eco,1299,1,1,1,4,3,1,5,3,2,3,3,1,3,2.38,0,0,FALSE
Female,Loyal Customer,45,Personal Travel,Eco,236,3,3,3,3,1,4,4,4,4,3,4,4,3,3.31,0,0,FALSE
Male,Loyal Customer,52,Business Travel,Business,2053,4,4,4,4,2,1,5,4,4,4,4,4,2,3.54,28,20,TRUE
Male,Loyal Customer,50,Business Travel,Business,2588,4,4,4,4,2,2,3,4,4,4,4,1,2,3.23,2,9,FALSE
Female,Loyal Customer,36,Business Travel,Eco,495,5,1,1,1,5,5,5,5,5,3,2,5,5,3.69,69,90,TRUE
Female,Disloyal Customer,23,Business Travel,Eco,238,3,1,2,3,5,2,5,5,1,4,2,4,5,3.23,0,7,FALSE
Male,Loyal Customer,42,Business Travel,Business,572,2,2,2,2,1,2,3,2,2,2,2,3,2,2.08,0,0,TRUE
Female,Loyal Customer,56,Business Travel,Business,3396,3,3,1,3,5,5,5,3,3,4,3,4,4,3.54,40,37,TRUE
Male,Loyal Customer,57,Personal Travel,Eco,391,2,5,2,1,5,2,4,5,3,5,4,5,5,3.69,74,66,FALSE
Female,Loyal Customer,56,Business Travel,Business,589,1,1,4,1,5,5,4,5,5,5,5,4,3,3.69,0,0,TRUE
Female,Loyal Customer,15,Business Travel,Business,2565,4,4,4,4,3,4,3,3,3,3,4,4,3,3.54,0,0,TRUE
Female,Loyal Customer,45,Business Travel,Business,2187,3,3,3,3,3,5,4,4,4,4,4,3,3,3.54,16,13,TRUE
Male,Loyal Customer,32,Business Travel,Business,1635,2,2,2,2,3,3,3,3,5,3,5,5,3,3.15,21,3,TRUE
Female,Loyal Customer,40,Business Travel,Business,1703,5,5,5,5,4,5,4,5,5,5,5,4,4,4.69,0,1,TRUE
Male,Disloyal Customer,36,Business Travel,Eco,331,1,0,1,1,4,1,4,4,1,5,2,3,4,2.38,16,10,FALSE
Male,Disloyal Customer,47,Business Travel,Business,793,1,1,1,5,5,1,5,5,5,4,5,4,5,3.62,69,61,FALSE
Female,Disloyal Customer,38,Business Travel,Eco,913,4,4,4,1,2,4,2,2,2,5,5,1,2,2.92,36,13,FALSE
Female,Loyal Customer,27,Business Travel,Eco,447,5,2,2,2,5,5,5,5,2,2,1,1,5,3.23,0,0,TRUE
Female,Disloyal Customer,39,Business Travel,Business,296,5,5,5,1,5,5,5,5,5,4,5,4,5,4.54,31,65,TRUE
Male,Loyal Customer,40,Personal Travel,Eco Plus,862,3,3,3,3,5,3,5,5,4,5,2,1,5,3.62,24,4,FALSE
Female,Loyal Customer,10,Personal Travel,Eco,2075,2,4,2,1,4,2,4,4,4,2,3,3,4,3,9,13,FALSE
Male,Loyal Customer,37,Business Travel,Business,2521,1,1,1,1,1,3,2,5,5,5,5,2,5,2.85,36,30,TRUE
Female,Loyal Customer,39,Business Travel,Business,1501,4,4,4,4,3,5,5,4,4,4,4,3,3,3.92,0,0,TRUE
Female,Disloyal Customer,20,Business Travel,Eco,524,4,4,4,4,3,4,3,3,1,1,3,3,3,3.08,20,10,FALSE
Male,Loyal Customer,39,Personal Travel,Eco,802,4,5,4,2,2,4,2,2,4,3,4,4,2,3.23,28,35,FALSE
Male,Loyal Customer,14,Personal Travel,Eco,404,2,3,2,1,1,2,1,1,4,4,4,4,1,2.31,2,21,FALSE
Male,Loyal Customer,34,Business Travel,Business,1087,3,3,3,3,4,1,4,2,2,2,2,5,5,3,0,0,TRUE
Male,Loyal Customer,53,Business Travel,Business,937,4,4,4,4,5,5,4,4,4,4,4,4,4,4.15,1,0,TRUE
Male,Loyal Customer,44,Business Travel,Eco,425,2,1,1,1,2,2,2,2,4,1,3,3,2,2,0,3,FALSE
Female,Loyal Customer,48,Business Travel,Eco,846,3,3,3,3,1,2,2,3,3,3,3,1,1,2.38,41,24,FALSE
Male,Loyal Customer,46,Business Travel,Business,1874,4,4,4,4,3,5,5,4,4,5,4,4,5,4.23,0,8,TRUE
Female,Disloyal Customer,20,Business Travel,Business,315,5,2,5,5,5,5,5,5,5,2,5,3,5,4.38,0,14,TRUE
Female,Loyal Customer,19,Personal Travel,Eco,866,4,4,4,4,1,4,2,1,1,1,5,5,1,2.85,0,24,FALSE
Female,Loyal Customer,40,Business Travel,Business,3319,1,1,1,1,3,4,5,5,5,5,5,5,4,3.46,0,0,TRUE
Male,Loyal Customer,55,Personal Travel,Eco,563,2,2,2,4,4,2,4,4,3,3,3,1,4,2.92,0,0,FALSE
Female,Disloyal Customer,26,Business Travel,Eco,813,1,1,1,1,2,1,5,2,4,4,2,3,2,2.23,5,0,FALSE
Female,Loyal Customer,64,Personal Travel,Eco,250,2,5,2,2,4,5,4,3,3,2,3,4,3,3.23,59,49,FALSE
Male,Loyal Customer,43,Personal Travel,Eco,173,4,4,4,2,4,4,4,4,2,4,3,2,4,3.46,0,0,FALSE
Female,Loyal Customer,46,Business Travel,Business,1565,2,2,2,2,4,4,5,4,4,5,4,3,3,3.38,6,0,TRUE
Male,Loyal Customer,7,Personal Travel,Eco,2248,1,4,0,1,4,0,4,4,4,3,5,3,4,2.85,0,0,FALSE
Female,Disloyal Customer,42,Business Travel,Eco,970,3,2,2,4,2,2,4,2,4,5,4,1,2,2.85,0,0,FALSE
Male,Loyal Customer,60,Business Travel,Business,272,2,3,3,3,3,3,4,2,2,2,2,1,2,2.46,0,15,FALSE
Female,Loyal Customer,47,Business Travel,Eco,368,4,1,1,1,2,4,3,4,4,4,4,3,2,2.85,0,0,TRUE
Male,Loyal Customer,18,Business Travel,Business,432,2,1,1,1,2,2,2,2,3,1,3,4,2,2,0,0,FALSE
Female,Loyal Customer,58,Business Travel,Business,2488,1,1,1,1,5,4,4,4,5,4,4,4,4,3.23,241,242,TRUE
Male,Loyal Customer,48,Business Travel,Business,1962,4,4,4,4,3,5,5,4,4,4,4,4,3,4,0,0,TRUE
Male,Disloyal Customer,55,Business Travel,Eco,251,3,3,3,3,5,3,1,5,1,2,4,2,5,3.08,22,13,FALSE
Male,Loyal Customer,17,Business Travel,Business,1590,3,3,3,3,5,5,5,5,5,4,5,3,5,4.15,78,77,TRUE
Male,Loyal Customer,16,Personal Travel,Eco,888,2,5,2,2,4,2,4,4,2,3,2,4,4,3.08,0,0,FALSE
Male,Disloyal Customer,35,Business Travel,Business,431,3,3,3,5,5,3,5,5,4,3,4,3,5,3.92,0,32,FALSE
Male,Disloyal Customer,16,Business Travel,Eco,372,0,0,0,3,3,0,3,3,4,4,1,4,3,2.15,0,0,TRUE
Female,Loyal Customer,16,Personal Travel,Eco,228,1,4,1,5,2,1,2,2,3,2,4,5,2,2.62,14,3,FALSE
Male,Loyal Customer,48,Personal Travel,Eco,936,2,1,1,2,4,1,2,4,4,1,2,2,4,2.31,28,36,FALSE
Female,Disloyal Customer,20,Business Travel,Eco,672,4,4,4,4,4,4,5,4,2,5,4,2,4,3.85,0,0,FALSE
Female,Loyal Customer,41,Business Travel,Business,1511,3,3,3,3,5,2,1,4,4,4,4,2,5,3.31,1,0,TRUE
Female,Disloyal Customer,22,Business Travel,Eco Plus,425,1,1,1,3,5,1,5,5,4,1,4,4,5,3.08,0,0,FALSE
Male,Disloyal Customer,20,Business Travel,Eco,552,3,3,3,4,1,3,1,1,1,1,3,2,1,2.08,0,32,FALSE
Male,Loyal Customer,23,Business Travel,Business,1602,4,4,4,4,3,3,3,3,4,4,5,4,3,3.69,0,1,TRUE
Male,Loyal Customer,20,Personal Travel,Eco,272,0,4,0,5,4,0,4,4,4,3,4,4,4,3.08,6,3,TRUE
Male,Loyal Customer,68,Business Travel,Eco,1172,4,5,5,5,4,4,4,4,1,3,4,2,4,3.77,26,14,FALSE
Male,Loyal Customer,65,Personal Travel,Eco,533,4,4,4,3,2,4,2,2,1,4,4,1,2,2.85,0,0,FALSE
Female,Loyal Customer,61,Business Travel,Eco Plus,244,2,3,3,3,5,3,3,3,3,2,3,2,2,2.85,104,87,FALSE
Female,Loyal Customer,44,Business Travel,Business,728,4,4,4,4,5,4,5,5,5,4,5,5,3,4.38,0,0,TRUE
Female,Disloyal Customer,27,Business Travel,Eco,1165,2,2,2,3,1,2,1,1,2,1,4,2,1,1.85,16,10,FALSE
Male,Loyal Customer,40,Business Travel,Business,413,1,1,1,1,3,5,5,3,3,4,3,5,5,3.08,16,25,TRUE
Female,Loyal Customer,7,Personal Travel,Business,337,2,4,2,3,1,2,1,1,4,2,5,3,1,2.38,0,1,FALSE
Male,Loyal Customer,45,Business Travel,Business,3554,2,2,5,2,5,5,4,4,4,4,4,4,3,3.69,5,0,TRUE
Male,Loyal Customer,41,Business Travel,Eco,1041,2,5,2,2,2,2,2,2,1,3,3,4,2,2.46,3,2,FALSE
Female,Loyal Customer,39,Business Travel,Business,1868,1,1,1,1,4,5,4,4,4,4,4,3,4,3.08,54,49,TRUE
Male,Disloyal Customer,27,Business Travel,Eco Plus,303,4,4,4,3,2,4,2,2,5,2,5,3,2,3.23,0,0,FALSE
Female,Disloyal Customer,27,Business Travel,Business,151,0,0,0,1,4,0,4,4,3,2,4,5,4,2.38,0,0,TRUE
Male,Loyal Customer,50,Business Travel,Business,3592,3,4,3,3,5,5,4,2,2,2,2,3,3,3.15,39,34,TRUE
Female,Loyal Customer,54,Business Travel,Business,1099,4,4,4,4,4,4,4,5,5,5,5,5,3,4.31,11,11,TRUE
Male,Loyal Customer,30,Business Travel,Business,738,1,1,1,1,4,4,4,4,5,3,5,5,4,3.23,10,22,TRUE
Female,Loyal Customer,33,Business Travel,Eco,304,0,0,0,2,1,0,1,1,3,4,3,3,1,1.46,32,22,TRUE
Female,Disloyal Customer,24,Business Travel,Eco,987,4,5,5,4,5,4,5,5,2,2,4,3,5,4.08,5,0,TRUE
Female,Disloyal Customer,25,Business Travel,Business,337,3,0,2,4,3,2,3,3,4,5,4,3,3,3,0,0,FALSE
Female,Disloyal Customer,33,Business Travel,Eco,86,4,3,4,3,3,4,3,3,2,5,2,5,3,3.38,23,17,FALSE
Male,Disloyal Customer,25,Business Travel,Business,992,4,0,4,2,1,4,1,1,4,2,5,4,1,2.54,6,24,TRUE
Male,Disloyal Customer,9,Business Travel,Eco,529,2,4,2,1,3,2,2,3,5,3,4,5,3,3,0,0,FALSE
Female,Loyal Customer,46,Business Travel,Business,1303,4,4,3,4,3,5,4,5,5,5,5,5,3,4.23,0,0,TRUE
Female,Disloyal Customer,23,Business Travel,Eco,1521,1,2,2,2,4,1,4,4,4,2,5,5,4,3.08,0,0,FALSE
Male,Loyal Customer,37,Business Travel,Eco,116,2,4,4,4,2,2,2,2,3,2,4,4,2,2.85,0,0,FALSE
Female,Loyal Customer,47,Business Travel,Business,341,2,2,2,2,3,5,5,4,4,4,4,5,5,3.62,0,0,TRUE
Male,Loyal Customer,51,Business Travel,Business,964,5,5,2,5,3,5,4,5,5,5,5,3,4,4.31,0,0,TRUE
Male,Loyal Customer,22,Business Travel,Business,3754,3,3,3,3,5,5,5,5,2,3,5,5,5,4,0,0,TRUE
Female,Disloyal Customer,19,Business Travel,Business,808,5,5,5,4,1,5,1,1,5,2,5,4,1,3.38,81,66,TRUE
Female,Loyal Customer,52,Business Travel,Eco Plus,602,4,1,5,5,3,4,4,4,4,4,4,1,1,3.38,21,8,FALSE
Male,Loyal Customer,59,Business Travel,Eco,300,5,5,5,5,5,5,5,5,4,4,4,2,5,4.54,0,0,TRUE
Female,Loyal Customer,36,Business Travel,Business,144,2,3,3,3,2,3,3,2,2,1,2,2,4,2.46,0,0,FALSE
Male,Disloyal Customer,10,Business Travel,Business,1011,4,3,4,1,5,4,3,5,4,3,5,5,5,3.92,0,0,TRUE
Male,Loyal Customer,38,Business Travel,Business,1020,4,4,4,4,3,5,4,3,3,3,3,3,4,3.62,0,0,TRUE
Female,Disloyal Customer,44,Business Travel,Business,1481,2,3,3,3,4,2,4,4,3,4,5,5,4,3.54,0,0,FALSE
Female,Loyal Customer,57,Business Travel,Business,2565,1,1,1,1,2,3,4,4,4,4,4,3,3,2.69,0,0,TRUE
Female,Loyal Customer,32,Business Travel,Business,1416,4,4,4,4,5,5,5,5,3,5,1,5,5,4.23,0,0,TRUE
Male,Loyal Customer,43,Personal Travel,Eco,719,3,4,3,3,4,3,4,4,1,5,3,4,4,3.46,13,18,FALSE
Female,Loyal Customer,47,Business Travel,Business,2816,3,3,3,3,2,5,4,4,4,4,4,5,4,3.69,4,0,TRUE
Male,Loyal Customer,66,Personal Travel,Eco,1096,1,2,1,3,4,1,4,4,2,3,4,4,4,2.85,7,31,FALSE
Male,Loyal Customer,58,Personal Travel,Eco,369,3,1,3,4,1,3,1,1,1,2,4,2,1,2.08,0,0,FALSE
Female,Loyal Customer,57,Personal Travel,Eco,164,2,4,2,5,3,5,5,3,3,2,3,5,3,3.46,0,0,FALSE
Male,Loyal Customer,15,Personal Travel,Eco,448,1,5,1,3,3,1,3,3,3,4,4,3,3,2.85,0,0,FALSE
Female,Loyal Customer,57,Business Travel,Business,3545,2,2,5,2,1,1,3,3,3,4,3,5,4,2.92,0,0,TRUE
Female,Disloyal Customer,35,Business Travel,Business,1235,2,2,2,3,4,2,4,4,3,2,4,4,4,3.08,127,117,FALSE
Male,Disloyal Customer,27,Personal Travel,Eco,335,2,5,2,2,4,2,4,4,4,3,5,3,4,3.38,0,0,FALSE
Female,Loyal Customer,25,Business Travel,Business,1514,3,3,3,3,5,5,5,5,4,2,4,5,5,4,0,4,TRUE
Male,Disloyal Customer,25,Business Travel,Eco,1277,4,4,4,1,1,4,1,1,5,5,4,3,1,2.92,2,0,TRUE
Female,Loyal Customer,32,Personal Travel,Eco,1744,3,5,2,3,1,2,1,1,3,2,3,5,1,2.46,0,0,FALSE
Female,Loyal Customer,61,Personal Travel,Eco,1979,2,4,2,3,3,4,5,2,2,2,2,3,2,2.77,7,0,FALSE
Female,Loyal Customer,31,Business Travel,Business,950,2,2,2,2,5,5,5,5,1,1,1,4,5,3.08,0,0,TRUE
Male,Loyal Customer,51,Business Travel,Eco,403,1,1,4,1,1,1,1,1,2,4,3,4,1,1.92,86,84,FALSE
Male,Loyal Customer,39,Business Travel,Business,3652,0,0,0,2,4,4,5,2,2,2,2,4,4,2.38,0,11,TRUE
Female,Loyal Customer,41,Business Travel,Eco,377,4,5,3,3,4,4,4,4,1,5,1,2,4,3.38,0,0,TRUE
Female,Loyal Customer,32,Business Travel,Eco,1874,4,4,4,4,4,4,4,4,4,3,5,1,4,3.77,0,0,TRUE
Male,Disloyal Customer,25,Business Travel,Eco,1249,4,3,3,4,5,3,5,5,2,5,5,1,5,3.85,6,0,FALSE
Male,Disloyal Customer,41,Business Travel,Business,390,4,4,4,1,1,4,1,1,3,5,5,5,1,3,8,4,FALSE
Female,Loyal Customer,34,Business Travel,Business,1171,3,3,3,3,5,5,4,5,5,5,5,3,5,4.15,4,0,TRUE
Female,Loyal Customer,59,Personal Travel,Eco,594,2,4,1,1,1,1,1,2,2,1,2,2,4,1.85,17,13,FALSE
Female,Loyal Customer,7,Personal Travel,Eco,89,1,5,1,4,4,1,4,4,4,2,5,4,4,3.31,0,0,FALSE
Female,Disloyal Customer,24,Business Travel,Eco,109,2,3,1,4,5,1,3,5,2,3,4,3,5,3.15,0,0,FALSE
Female,Loyal Customer,45,Business Travel,Business,925,3,3,3,3,5,5,5,5,5,5,5,3,4,4.15,0,0,TRUE
Male,Loyal Customer,54,Personal Travel,Eco,304,1,4,1,4,5,1,5,5,5,2,4,5,5,3.62,10,11,FALSE
Female,Loyal Customer,29,Business Travel,Business,645,1,2,2,2,1,1,1,1,2,5,3,4,1,2,30,47,FALSE
Male,Loyal Customer,48,Business Travel,Eco,325,2,4,4,4,2,2,2,2,1,2,3,4,2,2.62,0,0,FALSE
Female,Loyal Customer,30,Business Travel,Business,337,5,5,5,5,4,4,4,4,4,3,5,4,4,4.31,0,0,TRUE
Male,Loyal Customer,62,Business Travel,Business,2322,2,2,2,2,4,5,5,4,4,5,4,5,3,3.62,0,0,TRUE
Female,Loyal Customer,66,Personal Travel,Eco,373,2,4,2,4,1,4,4,4,4,2,4,2,5,3.23,0,0,FALSE
Male,Loyal Customer,38,Business Travel,Eco,990,4,5,1,5,4,4,4,4,5,1,5,1,4,3.62,28,22,TRUE
Female,Loyal Customer,55,Business Travel,Business,241,3,3,3,3,4,4,5,5,5,5,5,2,3,3.85,0,0,TRUE
Female,Loyal Customer,52,Business Travel,Business,3011,5,5,5,5,4,4,4,5,5,5,5,5,4,4.69,0,0,TRUE
Male,Loyal Customer,52,Personal Travel,Eco,1167,2,5,1,3,4,1,4,4,3,4,3,2,4,3.08,0,0,FALSE
Male,Loyal Customer,35,Business Travel,Business,521,5,5,1,5,4,4,5,4,4,4,4,4,5,4.15,0,0,TRUE
Male,Loyal Customer,70,Personal Travel,Eco,825,2,5,2,2,4,2,4,4,3,4,4,5,4,3.46,0,1,FALSE
Male,Loyal Customer,47,Personal Travel,Eco,2504,1,4,1,1,1,1,1,1,3,1,5,1,1,1.69,1,0,FALSE
Female,Disloyal Customer,41,Business Travel,Eco,594,2,4,2,3,1,2,1,1,2,2,5,4,1,2.31,0,5,FALSE
Female,Loyal Customer,31,Business Travel,Eco,2139,1,3,3,3,1,1,1,1,4,2,3,1,1,1.92,1,0,FALSE
Female,Loyal Customer,62,Personal Travel,Eco Plus,1072,2,4,3,2,2,4,5,1,1,3,1,4,5,2.85,100,88,FALSE
Male,Disloyal Customer,38,Business Travel,Business,1183,4,4,4,3,2,4,2,2,5,4,5,4,2,3.46,29,13,TRUE
Female,Loyal Customer,50,Business Travel,Business,1090,3,3,3,3,2,5,5,4,4,4,4,5,3,3.69,109,97,TRUE
Female,Loyal Customer,30,Personal Travel,Eco,936,3,4,2,4,4,2,4,4,4,4,5,3,4,3.62,0,0,FALSE
Male,Loyal Customer,45,Business Travel,Business,3039,5,5,5,5,5,5,5,4,4,4,4,5,4,4.62,8,0,TRUE
Male,Loyal Customer,24,Personal Travel,Eco,500,2,3,2,4,4,2,4,4,2,5,3,3,4,3.23,7,2,FALSE
Male,Loyal Customer,57,Business Travel,Business,983,3,3,3,3,4,4,4,4,4,5,4,3,4,3.69,1,45,TRUE
Female,Loyal Customer,36,Business Travel,Eco,352,1,4,4,4,1,1,1,1,2,3,4,2,1,2.23,0,0,FALSE
Female,Loyal Customer,24,Business Travel,Eco,679,3,2,5,2,3,3,2,3,4,3,3,2,3,2.92,32,11,FALSE
Female,Loyal Customer,16,Personal Travel,Eco,373,3,1,3,2,3,3,3,3,2,3,2,2,3,2.54,58,124,FALSE
Female,Loyal Customer,60,Personal Travel,Eco,895,5,5,5,2,4,4,2,1,1,5,1,3,3,3.15,0,0,TRUE
Female,Loyal Customer,26,Personal Travel,Eco,190,3,4,0,1,5,0,5,5,4,2,4,3,5,3.15,6,0,FALSE
Male,Loyal Customer,53,Personal Travel,Eco,160,1,5,0,4,5,0,5,5,3,4,5,5,5,3.62,0,0,FALSE
Female,Loyal Customer,26,Business Travel,Eco,2454,1,1,0,3,5,0,5,5,2,4,2,2,5,2.69,0,0,FALSE
Female,Loyal Customer,7,Personal Travel,Eco,696,1,4,1,3,1,1,2,1,3,4,4,4,1,2.31,3,0,FALSE
Male,Loyal Customer,27,Personal Travel,Eco,2248,2,4,1,2,3,1,3,3,5,5,5,3,3,3.08,0,13,FALSE
Male,Loyal Customer,26,Business Travel,Business,925,4,4,4,4,4,4,4,4,5,4,2,4,4,3.92,0,4,TRUE
Female,Loyal Customer,48,Business Travel,Business,928,2,2,1,2,5,4,5,4,4,4,4,5,3,3.46,26,23,TRUE
Female,Loyal Customer,47,Business Travel,Eco,107,5,3,3,3,2,5,4,5,5,5,5,1,1,3.62,0,0,TRUE
Male,Loyal Customer,47,Personal Travel,Eco,546,1,5,1,4,4,1,4,4,5,2,2,4,4,3.15,0,5,FALSE
Male,Loyal Customer,48,Business Travel,Business,229,1,5,5,5,4,3,4,1,1,1,1,2,2,2.69,39,45,FALSE
Female,Disloyal Customer,44,Business Travel,Eco,763,3,3,3,3,3,3,2,3,2,1,3,1,3,2.54,0,0,FALSE
Male,Loyal Customer,28,Business Travel,Business,590,2,2,2,2,5,4,5,5,4,3,5,4,5,3.69,1,0,TRUE
Male,Loyal Customer,32,Business Travel,Business,1846,4,4,4,4,5,5,5,5,4,4,4,3,5,4.31,3,42,TRUE
Male,Disloyal Customer,29,Business Travel,Business,1009,2,2,2,2,1,2,1,1,3,5,5,4,1,2.38,7,9,FALSE
Female,Loyal Customer,33,Personal Travel,Eco,1195,4,2,4,3,3,4,5,3,2,4,4,1,3,3.23,48,34,FALSE
Female,Loyal Customer,49,Personal Travel,Eco,604,2,5,2,4,4,4,5,1,1,2,1,4,4,3,7,0,FALSE
Male,Loyal Customer,49,Personal Travel,Business,862,3,5,3,1,3,4,4,2,2,3,1,4,5,3.08,0,0,FALSE
Male,Loyal Customer,40,Business Travel,Business,2992,1,1,3,1,3,3,3,5,2,4,4,3,3,2.77,153,151,TRUE
Female,Loyal Customer,65,Personal Travel,Eco,432,2,4,4,3,1,3,3,4,4,4,3,4,5,3.38,0,2,FALSE
Male,Loyal Customer,58,Business Travel,Business,834,2,2,2,2,2,5,4,4,4,4,4,4,5,3.38,0,2,TRUE
Female,Loyal Customer,37,Business Travel,Business,3119,0,1,1,4,4,2,4,1,1,1,1,5,1,2,13,4,TRUE
Male,Loyal Customer,49,Business Travel,Business,1944,2,2,2,2,4,5,5,4,4,4,4,5,5,3.69,0,0,TRUE
Female,Loyal Customer,63,Personal Travel,Eco,594,1,3,1,3,5,3,4,1,1,1,4,1,3,2.38,18,14,FALSE
Male,Loyal Customer,43,Business Travel,Business,383,5,3,5,5,4,5,5,5,5,5,5,3,5,4.62,0,0,TRUE
Female,Loyal Customer,56,Personal Travel,Eco,362,1,5,1,3,2,5,4,1,1,1,1,4,5,2.62,0,0,FALSE
Female,Disloyal Customer,27,Business Travel,Eco Plus,272,2,2,2,3,2,2,2,2,4,3,3,1,2,2.31,9,10,FALSE
Female,Loyal Customer,31,Personal Travel,Eco,190,2,3,2,4,4,2,4,4,1,5,3,2,4,3.08,0,7,FALSE
Female,Loyal Customer,50,Business Travel,Business,626,4,4,4,4,3,5,5,5,5,5,5,4,4,4.38,0,0,TRUE
Female,Loyal Customer,64,Personal Travel,Eco,671,2,3,2,4,1,3,3,4,4,2,4,1,4,2.85,0,0,FALSE
Male,Loyal Customer,55,Business Travel,Business,3860,5,5,5,5,4,3,2,4,4,4,5,3,4,4.08,0,0,TRUE
Male,Disloyal Customer,38,Business Travel,Eco,2677,5,5,5,3,5,3,3,3,2,5,4,3,3,3.77,0,19,TRUE
Female,Loyal Customer,69,Personal Travel,Eco,1620,3,5,3,1,2,3,4,4,4,3,4,5,4,3.46,0,0,FALSE
Male,Disloyal Customer,28,Business Travel,Business,888,4,4,4,3,4,4,4,2,4,3,3,4,4,3.62,241,218,FALSE
Female,Loyal Customer,17,Personal Travel,Eco,322,1,3,1,4,5,1,5,5,4,3,5,3,5,3.46,38,29,FALSE
Male,Loyal Customer,44,Business Travel,Business,2849,4,4,4,4,5,5,5,4,4,4,4,3,5,4.23,0,0,TRUE
Male,Loyal Customer,28,Business Travel,Business,610,4,4,4,4,4,4,4,4,2,4,5,4,4,3.92,0,0,TRUE
Male,Loyal Customer,29,Business Travel,Business,1543,4,1,5,5,4,4,4,4,3,2,2,1,4,3.31,2,3,FALSE
Female,Disloyal Customer,25,Business Travel,Eco,678,4,4,4,3,4,4,4,4,2,4,4,3,4,3.69,0,12,FALSE
Female,Loyal Customer,48,Business Travel,Business,237,0,0,0,1,2,5,4,2,2,2,1,3,4,2,0,0,TRUE
Male,Disloyal Customer,33,Business Travel,Eco,599,2,0,2,1,4,2,5,4,3,1,1,3,4,2.46,0,0,FALSE
Male,Disloyal Customer,29,Business Travel,Business,1189,3,3,3,3,4,3,3,4,2,4,3,1,4,3.08,91,90,FALSE
Male,Loyal Customer,35,Business Travel,Eco,373,5,4,5,4,5,5,5,5,4,2,5,3,5,4.38,0,0,TRUE
Female,Loyal Customer,44,Personal Travel,Eco,1303,3,5,3,4,5,4,4,2,2,3,2,4,4,3.46,40,27,FALSE
Male,Disloyal Customer,25,Business Travel,Business,925,5,0,5,4,2,5,2,2,4,3,4,5,2,3.31,0,0,TRUE
Male,Disloyal Customer,23,Business Travel,Eco,907,0,0,0,3,5,0,5,5,5,4,5,4,5,3.15,42,33,TRUE
Female,Loyal Customer,51,Business Travel,Business,2683,1,3,3,3,5,4,4,4,4,4,1,4,3,3.31,0,0,FALSE
Female,Loyal Customer,49,Business Travel,Business,102,1,1,1,1,4,1,1,4,4,4,3,1,1,2.08,0,0,TRUE
Female,Loyal Customer,39,Business Travel,Business,983,2,2,2,2,3,5,4,4,4,4,4,4,5,3.46,105,115,TRUE
Female,Loyal Customer,50,Personal Travel,Eco,407,2,5,4,2,1,1,4,3,3,4,3,2,4,2.92,0,0,FALSE
Male,Loyal Customer,51,Business Travel,Business,2195,4,1,4,4,5,5,5,4,4,4,4,3,4,3.92,0,0,TRUE
Male,Disloyal Customer,37,Business Travel,Eco,377,2,2,2,3,4,2,4,4,4,5,4,3,4,3.31,63,61,FALSE
Female,Disloyal Customer,25,Business Travel,Business,821,3,1,3,3,2,3,2,2,2,2,4,4,2,2.54,19,3,FALSE
Female,Loyal Customer,21,Business Travel,Business,2402,2,2,2,2,4,4,4,4,3,3,5,5,4,3.38,0,3,TRUE
Female,Loyal Customer,39,Business Travel,Business,1021,1,1,1,1,4,4,4,4,4,5,4,4,5,3.23,0,0,TRUE
Female,Loyal Customer,54,Business Travel,Business,3271,4,4,4,4,2,1,2,3,3,4,3,1,2,2.85,0,0,TRUE
Female,Loyal Customer,69,Personal Travel,Business,1197,4,2,4,4,2,4,3,1,1,4,1,4,3,2.85,18,9,FALSE
Female,Disloyal Customer,27,Business Travel,Eco,266,2,0,2,2,1,2,1,1,4,2,1,1,1,1.54,0,0,FALSE
Female,Loyal Customer,42,Business Travel,Business,3943,1,3,3,3,2,3,4,2,2,2,1,2,2,2.31,0,0,FALSE
Female,Disloyal Customer,50,Business Travel,Business,449,1,1,1,5,5,1,5,5,3,4,5,4,5,3.46,0,0,FALSE
Female,Loyal Customer,43,Business Travel,Eco Plus,384,1,1,1,1,4,3,3,1,1,1,1,1,2,1.62,0,0,FALSE
Female,Loyal Customer,35,Business Travel,Eco,432,5,2,2,2,5,5,5,5,2,1,3,5,5,3.62,100,95,TRUE
Male,Loyal Customer,46,Business Travel,Eco,139,3,5,5,5,4,3,4,4,1,5,4,2,4,3.77,41,44,FALSE
Female,Loyal Customer,34,Business Travel,Business,3469,3,3,5,3,4,3,5,5,5,4,5,4,2,3.92,0,0,TRUE
Female,Disloyal Customer,23,Business Travel,Eco,705,4,4,4,1,4,4,4,4,3,4,3,2,4,3.46,0,0,TRUE
Female,Loyal Customer,46,Business Travel,Eco,2075,4,1,1,1,1,3,4,4,4,4,4,2,3,2.77,2,0,FALSE
Male,Loyal Customer,19,Personal Travel,Eco,362,2,4,5,5,4,5,1,4,5,3,5,3,4,3.85,47,47,FALSE
Male,Loyal Customer,48,Business Travel,Eco,337,2,1,1,1,2,2,2,2,3,2,3,4,2,2.08,0,6,FALSE
Male,Loyal Customer,67,Personal Travel,Business,550,2,3,2,4,3,2,5,2,2,2,2,2,5,2.77,11,6,FALSE
Male,Loyal Customer,56,Business Travel,Business,2236,4,4,4,4,3,4,4,2,2,2,4,3,2,3.23,0,0,FALSE
Female,Loyal Customer,32,Personal Travel,Eco,936,4,5,4,3,2,4,2,2,4,3,5,5,2,3.46,25,24,FALSE
Female,Loyal Customer,33,Personal Travel,Eco,234,3,4,0,5,1,0,3,1,3,5,4,5,1,2.69,10,36,FALSE
Female,Loyal Customer,39,Business Travel,Business,1592,5,5,5,5,5,3,5,5,5,5,5,4,4,4.69,0,0,TRUE
Female,Loyal Customer,57,Personal Travel,Eco,482,3,5,3,5,3,1,3,4,4,3,4,2,4,3.38,1,0,FALSE
Female,Loyal Customer,34,Business Travel,Eco,907,4,2,5,2,4,4,4,4,1,5,1,1,4,3.15,0,0,TRUE
Male,Loyal Customer,55,Personal Travel,Eco,416,2,2,2,3,1,2,1,1,2,2,3,2,1,1.85,4,3,FALSE
Female,Loyal Customer,40,Business Travel,Business,3579,2,2,2,2,2,5,5,5,5,5,5,3,3,3.54,0,0,TRUE
Male,Loyal Customer,60,Business Travel,Eco,1430,2,2,2,2,2,2,2,2,4,4,4,3,2,2.54,0,0,FALSE
Female,Loyal Customer,26,Personal Travel,Eco,547,2,3,2,4,1,2,1,1,2,5,4,2,1,2.31,0,0,FALSE
Female,Loyal Customer,14,Personal Travel,Eco,300,3,3,3,3,2,3,2,2,1,3,4,3,2,2.62,0,0,FALSE
Female,Loyal Customer,31,Business Travel,Eco,137,1,2,2,2,1,1,1,1,1,4,2,3,1,1.69,0,0,FALSE
Male,Loyal Customer,22,Personal Travel,Eco,782,3,1,3,4,3,3,3,3,4,3,3,3,3,3,3,0,FALSE
Male,Loyal Customer,57,Personal Travel,Eco,273,4,1,4,4,3,4,3,3,2,2,4,4,3,3.15,0,0,FALSE
Male,Loyal Customer,40,Personal Travel,Eco,1506,4,2,4,4,2,4,2,2,2,5,3,4,2,3.08,0,0,FALSE
Female,Loyal Customer,11,Personal Travel,Eco,508,2,5,2,5,3,2,3,3,4,4,4,5,3,3.46,0,4,FALSE
Female,Disloyal Customer,29,Business Travel,Business,453,3,3,3,3,1,3,1,1,4,4,4,3,1,2.62,0,0,FALSE
Female,Loyal Customer,41,Business Travel,Business,835,3,3,3,3,2,5,5,3,3,4,3,3,3,3.31,22,14,TRUE
Female,Loyal Customer,33,Business Travel,Business,3848,2,2,2,2,3,5,5,4,4,4,4,5,1,3.31,0,1,TRUE
Male,Loyal Customer,9,Personal Travel,Eco,358,2,1,5,3,2,5,2,2,2,3,3,1,2,2.54,8,2,FALSE
Female,Loyal Customer,48,Business Travel,Business,836,1,1,1,1,2,5,5,5,5,5,5,3,4,3.31,54,59,TRUE
Male,Loyal Customer,17,Personal Travel,Eco,1055,2,4,2,4,1,2,1,1,2,3,3,1,1,2.08,13,19,FALSE
Female,Loyal Customer,32,Business Travel,Eco,919,2,3,3,3,2,2,2,2,1,4,4,1,2,2.38,0,0,FALSE
Male,Loyal Customer,58,Business Travel,Business,1538,3,3,3,3,3,4,5,4,4,4,4,5,3,3.69,5,0,TRUE
Male,Loyal Customer,10,Business Travel,Eco Plus,594,2,3,3,3,2,2,1,2,4,1,3,2,2,2.31,3,8,FALSE
Male,Loyal Customer,61,Personal Travel,Eco,1620,2,4,1,2,2,1,1,2,4,3,3,5,2,2.46,1,4,FALSE
Male,Disloyal Customer,46,Business Travel,Business,1187,4,5,5,1,5,4,5,5,5,5,5,5,5,4.54,0,0,FALSE
Male,Loyal Customer,50,Business Travel,Business,309,5,5,5,5,3,5,5,4,4,4,4,5,4,4.46,0,10,TRUE
Female,Loyal Customer,25,Business Travel,Business,829,2,2,2,2,5,5,5,5,3,3,4,3,5,3.54,0,0,TRUE
Female,Loyal Customer,51,Business Travel,Business,429,1,1,1,1,2,5,5,5,5,5,5,4,3,3.31,0,0,TRUE
Male,Loyal Customer,39,Personal Travel,Eco,674,2,4,3,1,3,3,3,3,4,2,4,5,3,3.08,45,26,FALSE
Female,Loyal Customer,42,Business Travel,Business,3632,1,1,1,1,5,5,5,5,5,5,4,5,5,3.69,189,153,TRUE
Female,Loyal Customer,28,Business Travel,Eco Plus,669,2,4,5,5,2,2,2,2,4,4,4,3,2,3.15,2,0,FALSE
Male,Loyal Customer,31,Business Travel,Business,3970,2,2,2,2,5,5,5,5,3,5,4,5,5,3.85,0,11,TRUE
Female,Disloyal Customer,29,Business Travel,Eco,1222,3,3,3,2,1,3,1,1,3,2,3,2,1,2.15,1,0,FALSE
Female,Loyal Customer,13,Personal Travel,Eco,236,1,4,0,5,4,0,4,4,5,4,4,5,4,3.38,18,22,FALSE
Female,Loyal Customer,18,Personal Travel,Eco Plus,192,3,5,3,3,2,3,2,2,3,3,4,3,2,2.92,0,0,FALSE
Female,Disloyal Customer,39,Business Travel,Eco,771,3,3,3,1,5,3,1,5,3,3,1,3,5,3,0,0,FALSE
Male,Loyal Customer,80,Business Travel,Eco Plus,592,5,3,3,3,5,5,5,5,3,5,3,5,5,4.23,0,0,TRUE
Male,Disloyal Customer,23,Business Travel,Eco,1028,2,2,2,4,1,2,1,1,4,1,4,2,1,2.08,0,0,FALSE
Male,Disloyal Customer,72,Business Travel,Eco,550,1,2,1,3,1,1,1,1,3,2,3,4,1,1.85,3,0,FALSE
Male,Loyal Customer,58,Business Travel,Business,3375,4,5,5,5,1,2,3,4,4,4,4,4,2,3.62,0,0,FALSE
Male,Loyal Customer,39,Business Travel,Business,417,3,3,3,3,1,5,3,3,3,4,3,5,1,3.08,0,10,TRUE
Female,Loyal Customer,44,Business Travel,Eco,262,2,3,3,3,1,4,3,3,3,2,3,1,3,2.62,22,8,FALSE
Male,Loyal Customer,46,Business Travel,Business,3655,2,2,2,2,4,4,4,3,3,3,3,5,3,3.08,1,0,TRUE
Female,Loyal Customer,36,Business Travel,Business,280,1,1,1,1,4,5,4,5,5,5,5,5,5,3.62,3,0,TRUE
Male,Loyal Customer,42,Business Travel,Business,1340,3,3,3,3,2,5,4,5,5,5,5,3,4,3.85,0,0,TRUE
Female,Loyal Customer,42,Business Travel,Business,3069,0,0,0,5,3,4,5,5,5,5,5,3,3,3.31,36,46,TRUE
Male,Loyal Customer,30,Business Travel,Business,2236,1,1,3,1,4,4,4,4,3,2,4,4,4,3,29,31,TRUE
Male,Loyal Customer,46,Business Travel,Business,427,3,3,3,3,1,3,1,4,4,4,4,2,2,2.85,25,26,TRUE
Female,Loyal Customer,28,Business Travel,Business,1956,2,2,2,2,5,5,5,5,3,3,5,3,5,3.62,0,0,TRUE
Female,Loyal Customer,48,Business Travel,Eco,581,5,5,5,5,4,1,3,5,5,5,5,1,1,3.85,0,0,TRUE
Male,Loyal Customer,43,Personal Travel,Eco,678,3,5,3,1,3,3,3,3,3,4,4,3,3,3.15,0,0,FALSE
Male,Loyal Customer,21,Business Travel,Business,2279,2,2,2,2,5,5,5,5,4,2,3,5,5,3.62,2,0,TRUE
Female,Loyal Customer,17,Personal Travel,Eco,101,5,5,5,5,4,5,4,4,5,1,5,2,4,4.15,0,0,TRUE
Male,Loyal Customer,31,Business Travel,Business,3442,1,2,2,2,1,1,1,1,3,2,4,3,1,1.85,0,0,FALSE
Male,Loyal Customer,12,Personal Travel,Business,2036,3,4,3,2,5,3,5,5,5,2,5,5,5,4,0,19,FALSE
Male,Loyal Customer,38,Business Travel,Eco,224,5,4,4,4,5,5,5,5,1,5,1,5,5,4.15,0,9,TRUE
Female,Disloyal Customer,22,Business Travel,Eco,1064,5,5,5,2,4,5,4,4,4,1,2,2,4,3.62,0,0,TRUE
Male,Loyal Customer,58,Personal Travel,Eco,645,1,4,0,4,4,0,3,4,2,3,1,2,4,2.46,0,0,FALSE
Male,Disloyal Customer,38,Business Travel,Business,109,3,3,3,1,3,3,3,3,4,4,4,4,3,3.15,0,0,FALSE
Male,Loyal Customer,22,Business Travel,Eco Plus,200,4,2,2,2,4,4,3,4,4,3,3,2,4,3.15,0,0,TRUE
Female,Loyal Customer,46,Business Travel,Business,3319,1,1,1,1,4,5,5,4,4,4,4,3,3,3.08,10,10,TRUE
Male,Disloyal Customer,10,Business Travel,Eco,797,4,4,4,2,4,4,4,4,5,5,4,5,4,4.08,0,0,TRUE
Female,Loyal Customer,35,Personal Travel,Eco,607,4,5,4,4,1,4,1,1,5,2,4,4,1,3.08,8,0,FALSE
Female,Loyal Customer,29,Personal Travel,Eco,373,2,0,5,4,3,5,1,3,5,2,1,1,3,2.69,0,0,FALSE
Female,Loyal Customer,23,Business Travel,Eco,579,1,3,3,3,1,1,2,1,2,5,4,3,1,2.31,0,0,FALSE
Male,Disloyal Customer,18,Business Travel,Eco,861,4,4,4,4,1,4,1,1,3,5,4,5,1,3.15,37,29,FALSE
Female,Loyal Customer,53,Business Travel,Business,991,4,4,4,4,4,5,5,4,4,4,4,5,5,4.31,8,8,TRUE
Male,Loyal Customer,53,Business Travel,Business,1919,2,2,2,2,3,4,5,3,3,4,3,4,5,3.23,0,1,TRUE
Female,Loyal Customer,41,Business Travel,Eco Plus,371,4,2,2,2,3,3,1,4,4,4,4,3,4,3.08,0,0,TRUE
Male,Loyal Customer,47,Business Travel,Business,3814,2,2,2,2,4,5,4,3,3,3,3,5,4,3.23,20,7,TRUE
Male,Loyal Customer,39,Business Travel,Eco Plus,462,2,1,1,1,2,2,2,2,2,3,3,4,2,2.08,12,11,FALSE
Male,Loyal Customer,69,Personal Travel,Eco,432,2,2,2,3,5,2,5,5,4,5,4,2,5,3.54,7,11,FALSE
Female,Loyal Customer,41,Business Travel,Business,2133,4,4,4,4,2,4,5,4,4,4,4,4,4,3.92,6,0,TRUE
Male,Disloyal Customer,26,Business Travel,Eco,440,2,2,2,3,3,2,3,3,3,3,3,1,3,2.54,36,18,FALSE
Female,Loyal Customer,53,Personal Travel,Eco,748,3,4,3,1,4,3,2,2,2,3,4,1,1,2.54,0,0,FALSE
Female,Loyal Customer,60,Business Travel,Business,3670,2,2,2,2,3,5,4,5,5,5,5,4,3,3.62,0,0,TRUE
Male,Loyal Customer,59,Personal Travel,Business,895,2,2,2,3,4,3,3,1,1,2,1,2,2,2.15,12,14,FALSE
Female,Loyal Customer,54,Business Travel,Business,957,1,1,1,1,4,4,4,5,5,5,5,5,3,3.38,10,12,TRUE
Female,Loyal Customer,55,Business Travel,Eco,1036,3,5,3,5,5,3,4,3,3,3,3,3,3,3.54,50,48,FALSE
Female,Loyal Customer,66,Business Travel,Eco,1846,2,1,1,1,1,3,3,2,2,2,2,4,4,2.15,1,7,FALSE
Male,Loyal Customer,18,Business Travel,Business,2508,2,2,2,2,3,4,3,3,1,3,5,3,3,2.77,0,0,TRUE
Female,Disloyal Customer,57,Business Travel,Eco,997,2,2,2,3,2,2,2,2,4,1,3,1,2,2.15,0,0,FALSE
Male,Loyal Customer,51,Business Travel,Business,1751,1,1,1,1,5,4,5,5,5,5,5,4,5,3.62,3,13,TRUE
Male,Loyal Customer,26,Business Travel,Business,646,3,3,3,3,4,4,4,4,3,4,4,3,4,3.54,0,0,TRUE
Female,Loyal Customer,46,Business Travel,Business,3935,2,2,2,2,4,4,4,4,4,5,4,3,5,3.46,0,0,TRUE
Female,Disloyal Customer,15,Business Travel,Eco,529,1,2,1,4,2,1,2,2,3,4,4,3,2,2.38,0,0,FALSE
Female,Loyal Customer,52,Business Travel,Business,1506,1,1,1,1,2,4,5,4,4,4,4,5,4,3.08,74,70,TRUE
Male,Loyal Customer,60,Business Travel,Business,765,4,4,4,4,4,4,4,4,4,4,4,2,4,3.85,0,0,FALSE
Female,Loyal Customer,56,Business Travel,Business,572,5,5,5,5,2,4,4,2,2,2,2,2,2,3.23,6,0,TRUE
Male,Loyal Customer,19,Personal Travel,Eco,1773,2,2,2,2,5,2,5,5,3,3,1,3,5,3.08,0,0,FALSE
Male,Loyal Customer,26,Personal Travel,Eco,368,4,3,4,4,4,4,3,4,4,2,3,2,4,3.46,0,0,FALSE
Female,Disloyal Customer,43,Business Travel,Eco,1088,3,3,3,1,2,3,3,2,4,4,3,3,2,2.77,0,0,FALSE
Male,Loyal Customer,58,Business Travel,Business,3016,4,4,4,4,4,4,4,5,5,5,5,3,4,4.23,0,0,TRUE
Female,Loyal Customer,15,Business Travel,Business,959,3,4,4,4,3,2,3,3,1,1,3,2,3,2.77,0,0,FALSE
Male,Loyal Customer,42,Personal Travel,Eco,469,1,4,1,2,3,1,1,3,2,3,2,3,3,2.23,0,1,FALSE
Female,Loyal Customer,41,Personal Travel,Business,402,1,3,1,3,3,4,2,3,3,1,3,2,2,2.38,0,0,FALSE
Female,Loyal Customer,31,Business Travel,Business,491,4,4,5,4,4,4,4,4,5,3,4,3,4,4,67,58,TRUE
Male,Loyal Customer,12,Personal Travel,Eco,787,1,5,1,2,5,1,5,5,5,5,5,5,5,3.85,21,0,FALSE
Male,Loyal Customer,34,Business Travel,Eco Plus,1626,4,5,5,5,4,4,4,4,5,1,3,5,4,4.08,0,0,TRUE
Male,Loyal Customer,57,Business Travel,Business,3005,2,2,2,2,5,5,4,5,5,5,5,5,5,4,6,1,TRUE
Male,Loyal Customer,39,Business Travel,Business,1744,2,2,2,2,4,4,5,5,5,5,5,3,4,3.69,0,0,TRUE
Female,Loyal Customer,30,Personal Travel,Eco,539,2,5,2,4,5,2,5,5,4,5,4,4,5,4,0,0,FALSE
Female,Disloyal Customer,22,Business Travel,Eco,986,3,4,4,3,3,4,1,3,3,4,3,1,3,3,40,37,FALSE
Male,Loyal Customer,39,Business Travel,Business,3718,3,4,3,4,3,4,3,3,3,3,3,3,4,3.31,8,2,FALSE
Male,Loyal Customer,58,Business Travel,Business,547,2,2,2,2,4,5,4,5,5,5,5,3,5,3.77,0,0,TRUE
Male,Loyal Customer,49,Business Travel,Business,1440,1,1,1,1,5,4,5,5,5,5,5,3,3,3.38,0,1,TRUE
Female,Loyal Customer,63,Personal Travel,Eco,404,2,1,2,3,4,4,4,5,5,2,5,4,2,3.31,14,8,FALSE
Female,Loyal Customer,43,Business Travel,Eco,1598,2,1,2,1,2,3,3,2,2,2,2,4,1,2.08,0,0,FALSE
Female,Loyal Customer,58,Personal Travel,Business,251,2,5,2,2,1,2,3,1,1,2,1,1,5,2.15,0,0,FALSE
Female,Disloyal Customer,26,Business Travel,Business,184,4,0,4,5,2,4,2,2,5,5,4,4,2,3.31,0,0,TRUE
Female,Loyal Customer,52,Business Travel,Eco Plus,500,5,3,5,3,5,2,2,5,5,5,5,4,3,4,0,0,TRUE
Male,Disloyal Customer,10,Business Travel,Business,804,3,3,2,3,5,2,5,5,3,2,3,1,5,3.23,0,0,FALSE
Male,Loyal Customer,32,Business Travel,Business,1514,4,4,5,4,5,5,5,5,3,3,5,5,5,4.46,36,37,TRUE
Male,Loyal Customer,25,Business Travel,Eco Plus,1055,4,4,1,1,4,4,1,4,3,1,3,4,4,2.92,0,4,FALSE
Male,Disloyal Customer,27,Business Travel,Business,312,1,1,1,2,1,5,5,4,5,5,5,5,5,3.46,175,174,FALSE
Female,Loyal Customer,15,Personal Travel,Eco Plus,912,2,5,2,1,1,2,1,1,3,5,5,5,1,2.62,0,0,FALSE
Female,Disloyal Customer,25,Business Travel,Eco,391,4,0,4,5,3,4,4,3,2,1,2,3,3,2.92,0,0,TRUE
Female,Loyal Customer,40,Business Travel,Business,1587,5,3,5,5,3,5,4,4,4,4,4,4,3,4.08,43,38,TRUE
Male,Loyal Customer,21,Personal Travel,Eco,237,4,5,4,4,2,4,2,2,4,2,4,4,2,3.31,2,0,TRUE
Male,Loyal Customer,42,Business Travel,Business,3074,2,2,2,2,1,3,3,2,2,2,2,2,1,2,0,0,FALSE
Female,Loyal Customer,46,Business Travel,Business,134,4,4,4,4,3,5,4,5,5,5,5,5,4,4.38,0,0,TRUE
Male,Loyal Customer,50,Business Travel,Business,431,3,3,3,3,5,5,4,3,3,4,3,4,4,3.62,0,0,TRUE
Female,Disloyal Customer,48,Business Travel,Eco,239,4,2,4,3,1,4,1,1,1,2,4,2,1,2.31,15,7,FALSE
Male,Loyal Customer,47,Business Travel,Business,1598,4,4,4,4,2,3,4,5,5,5,5,5,5,4.23,127,117,TRUE
Male,Loyal Customer,46,Business Travel,Business,457,1,1,1,1,5,4,4,5,5,5,5,3,5,3.46,0,0,TRUE
Male,Disloyal Customer,25,Business Travel,Business,373,5,0,5,4,2,0,4,2,3,5,5,4,2,3.15,0,2,TRUE
Female,Loyal Customer,35,Business Travel,Business,1444,3,3,1,3,5,4,4,4,4,4,4,3,4,3.54,18,5,TRUE
Female,Disloyal Customer,22,Business Travel,Eco,280,1,5,1,2,4,1,4,4,3,2,4,4,4,3,0,0,FALSE
Male,Loyal Customer,22,Business Travel,Eco Plus,784,4,5,5,5,4,4,5,4,4,3,1,1,4,3.77,0,6,TRUE
Female,Loyal Customer,58,Business Travel,Business,3530,5,5,1,5,4,5,5,5,5,5,4,3,3,4.23,0,1,TRUE
Female,Disloyal Customer,29,Business Travel,Business,2475,3,3,3,1,3,1,4,3,3,5,5,4,4,3.23,0,0,FALSE
Male,Loyal Customer,27,Personal Travel,Eco,967,3,5,3,5,4,3,4,4,4,2,5,5,4,3.92,0,0,FALSE
Female,Loyal Customer,23,Personal Travel,Eco,353,1,4,1,2,1,1,2,1,3,3,5,3,1,2.15,8,8,FALSE
Female,Loyal Customer,59,Business Travel,Business,1713,2,2,4,2,4,4,4,5,5,5,5,4,4,3.85,0,0,TRUE
Male,Loyal Customer,40,Business Travel,Business,277,0,0,0,1,5,4,4,1,1,1,1,3,4,1.92,13,9,TRUE
Male,Loyal Customer,54,Personal Travel,Eco Plus,829,3,5,3,1,2,3,2,2,5,5,4,3,2,3.08,0,0,FALSE
Female,Loyal Customer,46,Business Travel,Eco,1050,5,3,3,3,1,1,4,5,5,5,5,4,3,3.62,0,4,TRUE
Female,Loyal Customer,44,Personal Travel,Eco,1250,5,4,5,3,3,4,4,5,5,5,5,4,4,4.31,0,0,TRUE
Female,Loyal Customer,14,Personal Travel,Eco,748,1,5,1,1,5,1,1,5,5,2,1,3,5,2.77,0,0,FALSE
Female,Loyal Customer,45,Personal Travel,Eco,854,3,4,3,2,4,4,4,5,5,3,5,5,5,4,1,0,FALSE
Male,Loyal Customer,47,Business Travel,Business,2495,1,1,3,1,2,4,4,4,4,4,4,4,3,3,0,0,TRUE
Female,Loyal Customer,27,Personal Travel,Eco,991,1,5,1,3,1,1,1,1,5,3,5,5,1,2.54,19,4,FALSE
Female,Disloyal Customer,28,Business Travel,Eco,867,3,4,4,4,4,4,3,4,2,2,2,4,4,3.38,56,48,FALSE
Male,Loyal Customer,45,Business Travel,Eco Plus,387,3,1,1,1,3,3,3,3,1,2,2,4,3,2.31,0,0,TRUE
Female,Loyal Customer,39,Business Travel,Eco,590,4,5,5,5,4,4,4,4,3,5,2,4,4,4.08,7,9,FALSE
Female,Loyal Customer,43,Business Travel,Business,1972,3,3,3,3,3,4,4,2,2,2,2,3,5,3,20,6,TRUE
Female,Loyal Customer,51,Business Travel,Business,508,2,2,2,2,5,5,4,3,3,4,3,3,3,3.15,0,16,TRUE
Female,Loyal Customer,69,Personal Travel,Eco,588,3,3,3,4,5,3,4,2,2,3,2,3,1,2.92,0,0,FALSE
Male,Loyal Customer,66,Personal Travel,Eco,431,2,4,2,3,1,2,1,1,5,4,5,4,1,2.69,0,0,FALSE
Male,Loyal Customer,65,Business Travel,Business,3969,0,0,0,2,4,4,4,2,2,2,2,4,3,2.23,2,5,TRUE
Female,Loyal Customer,46,Business Travel,Eco,861,1,4,4,4,2,3,4,1,1,1,1,4,4,2.62,0,12,FALSE
Male,Loyal Customer,40,Business Travel,Business,1547,1,1,1,1,2,5,5,2,2,3,2,4,4,2.54,1,0,TRUE
Female,Loyal Customer,64,Personal Travel,Eco,598,4,5,5,2,3,4,4,2,2,5,2,4,4,3.54,0,0,TRUE
Male,Loyal Customer,60,Business Travel,Eco,641,2,5,5,5,2,2,2,2,1,5,1,5,2,3,10,10,TRUE
Female,Loyal Customer,50,Business Travel,Business,3854,2,2,2,2,3,3,2,4,4,4,5,4,2,3,0,0,TRUE
Male,Loyal Customer,52,Business Travel,Business,3736,1,1,1,1,4,4,5,4,4,4,4,4,4,3.15,0,0,TRUE
Female,Loyal Customer,62,Business Travel,Eco,678,2,5,5,5,5,3,2,2,2,2,2,2,1,2.92,6,42,FALSE
Male,Loyal Customer,21,Personal Travel,Eco,710,5,4,5,2,1,5,1,1,4,5,2,2,1,2.92,0,0,TRUE
Female,Disloyal Customer,23,Business Travel,Eco Plus,1105,2,0,1,1,2,1,2,2,3,2,4,2,2,1.85,13,3,FALSE
Female,Disloyal Customer,16,Business Travel,Eco,1333,5,5,5,1,3,5,3,3,3,4,4,3,3,3.62,0,0,TRUE
Male,Loyal Customer,9,Personal Travel,Eco,403,2,5,3,1,5,3,5,5,5,2,5,5,5,3.92,0,0,FALSE
Male,Loyal Customer,59,Business Travel,Business,594,1,1,1,1,3,5,5,5,5,4,5,4,3,3.31,0,0,TRUE
Male,Loyal Customer,65,Business Travel,Business,641,2,4,4,4,3,3,2,2,2,2,2,4,2,2.77,7,7,FALSE
Female,Loyal Customer,28,Business Travel,Business,2841,3,5,5,5,3,3,3,3,4,2,4,1,3,3.38,0,0,FALSE
Female,Loyal Customer,50,Personal Travel,Eco,1258,2,5,2,3,3,3,5,5,5,2,3,4,5,3.62,0,0,FALSE
Male,Loyal Customer,38,Business Travel,Business,1558,5,5,5,5,1,1,4,3,3,3,3,5,2,3.46,0,0,TRUE
Male,Loyal Customer,50,Business Travel,Business,2442,3,3,3,3,5,5,5,3,5,3,4,5,5,4,15,25,TRUE
Female,Loyal Customer,58,Business Travel,Business,2475,1,1,1,1,5,4,4,5,5,5,5,3,4,3.38,0,1,TRUE
Male,Loyal Customer,56,Business Travel,Business,1953,1,1,1,1,5,5,4,4,4,4,4,4,5,3.31,18,0,TRUE
Male,Loyal Customer,52,Business Travel,Eco,391,5,4,4,4,4,5,4,4,2,5,4,1,4,3.85,0,0,TRUE
Female,Loyal Customer,45,Business Travel,Business,1747,3,3,3,3,4,4,4,2,2,2,2,4,5,3.15,0,0,TRUE
Female,Disloyal Customer,38,Business Travel,Eco,289,3,1,3,4,5,3,5,5,4,1,3,1,5,3.31,0,0,FALSE
Female,Loyal Customer,7,Personal Travel,Eco,1009,2,5,2,1,5,2,3,5,3,5,5,5,5,3.69,0,0,FALSE
Female,Loyal Customer,44,Business Travel,Business,2263,4,4,4,4,5,4,2,4,4,4,5,2,3,3.77,0,0,TRUE
Female,Loyal Customer,55,Business Travel,Business,1688,3,3,3,3,3,2,5,5,5,5,3,3,1,3.38,0,3,TRUE
Female,Loyal Customer,29,Business Travel,Business,580,3,3,3,3,3,3,3,3,1,4,4,3,3,3,0,0,FALSE
Male,Disloyal Customer,27,Business Travel,Eco,954,3,3,3,3,3,3,3,3,1,1,3,3,3,2.69,0,6,FALSE
Female,Loyal Customer,38,Business Travel,Eco Plus,106,2,4,4,4,2,2,2,2,4,2,3,2,2,2.69,0,0,FALSE
Male,Loyal Customer,65,Personal Travel,Business,543,3,2,3,2,2,2,2,2,2,3,4,1,4,2.46,0,0,FALSE
Male,Loyal Customer,37,Personal Travel,Eco,265,1,4,1,4,5,1,5,5,3,5,3,2,5,3.38,11,2,FALSE
Female,Disloyal Customer,22,Business Travel,Eco,871,2,2,2,3,5,2,5,5,4,4,3,2,5,3.38,0,0,FALSE
Female,Loyal Customer,29,Personal Travel,Eco,867,2,4,2,3,2,2,2,2,2,2,3,3,2,2.38,10,24,FALSE
Female,Loyal Customer,37,Personal Travel,Eco,759,4,4,4,4,5,4,5,5,4,3,4,3,5,4.15,0,0,TRUE
Male,Disloyal Customer,23,Business Travel,Business,1045,0,3,0,1,5,0,5,5,3,5,5,4,5,3.15,0,0,TRUE
Female,Loyal Customer,38,Business Travel,Business,204,2,4,4,4,1,3,4,3,3,3,2,2,4,3,44,48,FALSE
Female,Loyal Customer,60,Business Travel,Business,2125,3,3,3,3,3,3,5,4,4,4,4,4,4,3.62,4,0,TRUE
Female,Loyal Customer,45,Business Travel,Business,1911,1,1,1,1,3,5,5,5,5,5,5,3,4,3.38,0,0,TRUE
Female,Disloyal Customer,27,Business Travel,Eco,632,3,1,3,2,5,3,5,5,4,5,3,3,5,3.62,1,0,FALSE
Female,Loyal Customer,56,Business Travel,Business,1781,4,5,4,4,4,5,4,5,5,5,5,3,3,4.31,0,6,TRUE
Female,Loyal Customer,13,Personal Travel,Eco,431,2,4,3,2,1,3,1,1,5,2,5,5,1,2.69,2,2,FALSE
Male,Loyal Customer,42,Business Travel,Business,1797,5,5,5,5,5,4,5,4,4,4,4,4,4,4.46,0,0,TRUE
Male,Loyal Customer,23,Business Travel,Business,861,4,2,2,2,4,3,4,4,2,3,3,2,4,3,0,0,FALSE
Male,Loyal Customer,25,Personal Travel,Eco,746,1,4,1,3,3,1,3,3,3,4,5,3,3,2.85,0,0,FALSE
Male,Loyal Customer,55,Business Travel,Business,2142,5,5,5,5,5,4,4,5,5,5,5,3,4,4.62,3,6,TRUE
Male,Disloyal Customer,30,Business Travel,Eco,667,4,4,5,4,2,5,2,2,4,1,3,2,2,3.08,20,21,FALSE
Male,Loyal Customer,49,Business Travel,Business,334,0,0,0,2,3,4,5,4,4,4,4,3,3,2.77,0,0,TRUE
Male,Disloyal Customer,37,Business Travel,Business,255,5,5,5,2,4,5,4,4,5,4,5,5,4,4.38,3,0,TRUE
Female,Loyal Customer,31,Personal Travel,Business,1048,1,4,1,3,5,1,5,5,4,4,5,3,5,3.54,0,2,FALSE
Female,Disloyal Customer,40,Business Travel,Business,331,4,4,4,5,5,4,5,5,1,1,5,2,5,3.85,0,0,FALSE
Male,Loyal Customer,21,Business Travel,Eco,1075,4,3,3,3,4,4,5,4,1,2,2,3,4,3.23,0,4,TRUE
Female,Loyal Customer,42,Personal Travel,Eco,929,1,4,1,4,3,4,4,1,1,1,1,4,5,2.62,11,2,FALSE
Male,Disloyal Customer,33,Business Travel,Eco,422,1,1,1,3,5,1,5,5,1,2,3,3,5,2.77,0,0,FALSE
Female,Loyal Customer,36,Personal Travel,Eco,1023,2,5,2,1,5,2,5,5,2,5,4,5,5,3.69,11,13,FALSE
Male,Loyal Customer,48,Personal Travel,Eco,266,3,0,3,5,3,3,3,3,5,5,5,3,3,3.38,0,0,FALSE
Female,Loyal Customer,25,Personal Travel,Business,1440,5,4,5,2,4,5,4,4,4,3,4,3,4,3.92,0,0,TRUE
Male,Loyal Customer,10,Business Travel,Business,2342,2,4,4,4,2,2,2,2,4,5,3,3,2,3,6,16,FALSE
Male,Loyal Customer,42,Business Travel,Business,3521,3,2,4,4,2,4,3,4,4,4,3,2,3,3.23,0,0,FALSE
Female,Loyal Customer,46,Business Travel,Business,2268,4,4,4,4,5,5,5,4,4,4,4,4,4,4.23,9,1,TRUE
Male,Loyal Customer,37,Business Travel,Eco,948,5,3,3,3,5,5,5,5,2,2,5,2,5,3.85,30,28,TRUE
Male,Loyal Customer,48,Business Travel,Business,1325,3,3,3,3,5,4,4,5,5,5,5,3,5,4.08,6,2,TRUE
Male,Loyal Customer,36,Business Travel,Eco,1008,4,5,5,5,4,4,4,4,2,4,3,2,4,3.85,0,0,TRUE
Female,Loyal Customer,44,Business Travel,Business,3506,3,3,3,3,2,4,5,4,4,5,4,3,3,3.54,2,1,TRUE
Female,Loyal Customer,40,Business Travel,Business,2174,4,3,3,3,3,3,4,4,4,4,4,1,1,3.15,55,44,FALSE
Female,Loyal Customer,22,Personal Travel,Eco,331,5,5,3,4,5,3,5,5,3,2,4,4,5,4.08,0,0,TRUE
Female,Loyal Customer,59,Business Travel,Business,1426,2,2,2,2,5,4,4,5,5,5,5,3,3,3.62,41,28,TRUE
Female,Loyal Customer,24,Personal Travel,Eco,990,3,5,3,3,3,3,3,3,3,3,4,3,3,3.23,0,0,FALSE
Female,Loyal Customer,43,Business Travel,Business,2230,5,5,5,5,3,4,4,4,4,4,4,4,4,4.23,42,29,TRUE
Female,Loyal Customer,8,Personal Travel,Eco,2072,1,3,1,3,3,1,3,3,1,1,3,4,3,2.31,32,9,FALSE
Female,Loyal Customer,39,Personal Travel,Eco,861,4,3,4,1,3,4,3,3,1,1,2,2,3,2.62,0,0,FALSE
Male,Loyal Customer,38,Business Travel,Eco,427,3,5,5,5,3,4,3,3,1,5,3,4,3,3.62,1,20,TRUE
Male,Disloyal Customer,18,Business Travel,Eco,651,5,4,4,2,5,4,5,5,2,3,5,5,5,4.15,0,0,TRUE
Female,Loyal Customer,52,Personal Travel,Business,944,1,2,1,2,2,3,2,2,2,1,2,1,2,1.77,34,48,FALSE
Female,Loyal Customer,60,Business Travel,Eco,152,3,5,5,5,1,4,3,4,4,3,4,4,1,3.54,0,0,FALSE
Female,Disloyal Customer,28,Business Travel,Business,1096,2,3,3,3,5,3,5,5,3,4,4,4,5,3.77,0,0,FALSE
Female,Loyal Customer,58,Business Travel,Business,250,0,1,1,3,4,4,4,1,1,1,1,4,3,2.15,13,3,TRUE
Male,Loyal Customer,48,Business Travel,Business,184,5,5,5,5,3,4,4,4,4,4,5,3,4,4.23,0,0,TRUE
Female,Loyal Customer,60,Business Travel,Business,2139,3,2,3,3,5,3,4,3,3,3,3,4,4,3.31,4,8,FALSE
Female,Loyal Customer,31,Business Travel,Business,1779,5,5,5,5,5,5,5,5,5,3,3,5,5,4.69,0,0,TRUE
Female,Loyal Customer,15,Business Travel,Eco Plus,2125,2,3,2,3,2,2,4,2,3,4,2,4,2,2.69,0,13,FALSE
Male,Loyal Customer,27,Personal Travel,Eco,248,2,5,2,5,2,2,2,2,4,2,5,3,2,2.92,44,39,FALSE
Male,Loyal Customer,51,Business Travel,Eco,925,5,2,2,2,5,5,5,5,1,4,2,3,5,3.54,30,57,TRUE
Male,Loyal Customer,48,Personal Travel,Eco,404,2,4,2,2,1,2,1,1,3,4,5,5,1,2.54,0,0,FALSE
Female,Loyal Customer,61,Personal Travel,Eco,1554,1,5,1,4,2,5,5,2,2,1,2,4,4,2.92,0,0,FALSE
Female,Loyal Customer,12,Business Travel,Business,846,3,4,2,4,3,3,3,3,2,4,3,1,3,2.92,0,6,FALSE
Male,Loyal Customer,59,Business Travel,Business,2079,1,1,2,1,3,5,4,4,4,4,4,4,5,3.23,0,0,TRUE
Male,Loyal Customer,25,Business Travel,Business,101,2,2,2,2,4,4,2,4,2,4,4,2,4,2.92,0,1,FALSE
Female,Loyal Customer,23,Personal Travel,Eco Plus,399,0,4,0,3,3,0,3,3,4,5,5,5,3,2.92,0,0,TRUE
Female,Loyal Customer,59,Business Travel,Business,3446,1,1,2,1,2,4,4,4,4,4,4,4,5,3.08,0,0,TRUE
Male,Loyal Customer,38,Personal Travel,Eco,483,3,4,5,3,3,5,3,3,5,4,3,2,3,3.54,49,64,FALSE
Male,Disloyal Customer,20,Business Travel,Eco,737,1,1,1,4,1,5,4,3,4,4,3,4,4,3,135,129,FALSE
Male,Loyal Customer,35,Business Travel,Eco,581,4,3,5,3,4,4,4,4,2,2,2,3,4,3.38,74,79,TRUE
Male,Loyal Customer,43,Personal Travel,Eco,396,2,4,2,3,2,2,2,2,1,3,3,3,2,2.38,7,22,FALSE
Male,Loyal Customer,44,Personal Travel,Eco,1576,3,5,3,1,2,3,2,2,3,2,3,3,2,2.62,0,0,FALSE
Female,Loyal Customer,62,Personal Travel,Eco,259,2,3,2,3,5,4,3,3,3,2,3,2,5,3.08,0,0,FALSE
Male,Loyal Customer,12,Personal Travel,Eco,349,2,5,2,2,4,2,4,4,5,3,4,5,4,3.54,0,0,FALSE
Male,Loyal Customer,56,Business Travel,Business,2342,3,3,3,3,3,5,4,5,5,5,5,3,4,3.92,0,0,TRUE
Male,Disloyal Customer,37,Business Travel,Eco Plus,533,5,5,5,4,1,5,1,1,5,2,5,5,1,3.46,0,0,TRUE
Female,Loyal Customer,56,Personal Travel,Eco,159,2,5,2,2,3,5,5,5,5,2,5,5,3,3.77,36,31,FALSE
Male,Loyal Customer,58,Business Travel,Business,404,1,5,1,1,2,4,4,4,4,4,4,4,3,3.15,0,0,TRUE
Female,Loyal Customer,34,Business Travel,Business,557,3,3,3,3,4,4,5,4,4,4,4,4,4,3.77,0,0,TRUE
Female,Disloyal Customer,72,Business Travel,Business,368,1,1,1,2,4,1,4,4,3,1,2,2,4,2.31,0,2,FALSE
Male,Loyal Customer,28,Personal Travel,Eco,1258,2,1,2,3,4,2,4,4,3,3,2,2,4,2.77,14,0,FALSE
Male,Loyal Customer,44,Business Travel,Business,2061,3,3,3,3,2,5,4,4,4,5,4,4,5,3.77,32,13,TRUE
Male,Loyal Customer,54,Business Travel,Business,696,2,2,2,2,3,4,4,2,2,2,2,4,5,2.77,20,19,TRUE
Female,Disloyal Customer,68,Business Travel,Business,214,5,5,5,3,4,5,1,4,4,4,4,4,4,4,0,0,TRUE
Female,Loyal Customer,34,Personal Travel,Eco,414,2,2,2,4,1,2,1,1,2,4,4,3,1,2.23,1,0,FALSE
Female,Disloyal Customer,34,Business Travel,Eco,1100,2,2,2,3,4,2,4,4,4,3,1,1,4,2.77,0,0,FALSE
Female,Loyal Customer,67,Personal Travel,Eco,370,2,0,3,3,2,4,4,5,5,3,5,3,3,3.23,13,4,FALSE
Female,Loyal Customer,28,Business Travel,Business,1126,2,2,2,2,5,5,5,5,4,3,4,4,5,3.69,0,0,TRUE
Female,Loyal Customer,57,Business Travel,Business,2569,3,3,3,3,4,4,4,3,3,2,3,4,3,3.23,0,0,TRUE
Female,Loyal Customer,34,Business Travel,Business,3239,1,1,1,1,5,5,5,5,5,5,5,3,4,3.54,0,0,TRUE
Male,Loyal Customer,43,Business Travel,Business,2169,5,5,5,5,1,3,2,4,4,4,4,3,1,3.54,0,0,TRUE
Female,Loyal Customer,56,Business Travel,Eco Plus,160,4,5,5,5,5,1,2,4,4,4,4,2,5,3.85,79,90,TRUE
Male,Loyal Customer,53,Business Travel,Eco,2077,3,5,5,5,3,3,3,3,4,1,3,3,3,3.38,11,0,FALSE
Male,Loyal Customer,46,Business Travel,Business,2422,5,5,5,5,3,5,5,5,5,5,5,5,5,4.85,2,14,TRUE
Male,Loyal Customer,55,Business Travel,Business,447,2,2,2,2,3,5,4,2,2,2,2,5,4,2.85,16,20,TRUE
Female,Loyal Customer,53,Business Travel,Business,3206,5,5,5,5,4,4,4,4,4,4,4,4,4,4.31,0,0,TRUE
Male,Loyal Customer,8,Personal Travel,Eco,757,1,4,1,5,5,1,5,5,4,3,5,4,5,3.69,0,0,FALSE
Female,Loyal Customer,25,Personal Travel,Eco Plus,663,0,5,0,2,4,0,4,4,2,3,4,5,4,2.85,0,0,TRUE
Male,Loyal Customer,49,Business Travel,Business,675,2,2,2,2,5,4,5,4,4,4,4,3,4,3.46,0,0,TRUE
Male,Loyal Customer,29,Business Travel,Eco,2576,4,2,4,2,4,4,4,2,2,3,3,4,4,3.23,2,28,TRUE
Male,Loyal Customer,60,Business Travel,Business,547,2,5,5,5,5,4,4,2,2,2,2,1,1,3.08,0,6,FALSE
Male,Loyal Customer,22,Business Travel,Business,3973,4,4,4,4,4,5,4,4,3,4,4,3,4,3.92,0,3,TRUE
Female,Loyal Customer,13,Personal Travel,Eco,163,4,4,4,4,3,4,3,3,4,5,2,5,3,3.69,0,0,TRUE
Male,Disloyal Customer,17,Business Travel,Eco,740,1,1,1,4,2,1,2,2,1,5,3,2,2,2.08,2,0,FALSE
Female,Loyal Customer,59,Business Travel,Business,2977,2,2,5,2,3,4,5,5,5,5,5,3,3,3.77,82,75,TRUE
Female,Loyal Customer,65,Personal Travel,Eco,1303,2,2,2,4,4,2,3,4,4,2,4,4,1,2.92,0,0,FALSE
Female,Disloyal Customer,42,Business Travel,Eco Plus,977,4,4,4,3,2,4,2,2,1,3,4,2,2,2.85,0,0,FALSE
Female,Loyal Customer,39,Business Travel,Business,3979,2,2,2,2,1,3,3,2,2,2,2,2,2,2.08,17,11,FALSE
Male,Loyal Customer,50,Business Travel,Business,719,4,4,4,4,3,4,5,2,2,2,2,3,5,3.38,56,54,TRUE
Male,Loyal Customer,41,Business Travel,Business,738,2,2,2,2,5,5,4,3,3,2,3,4,3,3.08,9,16,TRUE
Female,Loyal Customer,25,Business Travel,Business,1389,4,4,4,4,3,3,3,3,5,5,5,5,3,3.92,0,0,TRUE
Female,Loyal Customer,53,Business Travel,Business,468,4,4,4,4,5,5,5,5,5,5,5,4,4,4.54,0,0,TRUE
Female,Loyal Customer,59,Business Travel,Business,3381,4,4,2,4,4,4,4,5,5,5,5,3,4,4.08,15,16,TRUE
Female,Loyal Customer,60,Personal Travel,Eco,370,1,4,1,3,4,4,4,5,5,1,5,1,4,3.23,0,0,FALSE
Female,Loyal Customer,24,Personal Travel,Eco,589,3,4,3,3,4,3,4,4,3,4,5,4,4,3.69,0,0,FALSE
Female,Loyal Customer,24,Personal Travel,Eco,347,4,4,4,1,1,4,1,1,4,3,4,3,1,2.69,0,0,FALSE
Male,Loyal Customer,46,Personal Travel,Eco,290,3,5,3,3,5,3,5,5,3,4,4,5,5,4.08,0,0,FALSE
Female,Disloyal Customer,27,Business Travel,Eco Plus,866,3,4,4,2,1,4,1,1,5,3,2,5,1,2.77,0,0,FALSE
Female,Loyal Customer,40,Business Travel,Business,3639,5,5,5,5,1,1,5,4,4,5,4,5,1,3.85,0,0,TRUE
Male,Disloyal Customer,38,Business Travel,Business,472,1,1,1,3,1,1,1,1,4,5,3,2,1,1.92,5,6,FALSE
Male,Loyal Customer,43,Business Travel,Business,3142,2,2,2,2,4,5,4,5,5,5,5,5,4,3.85,15,87,TRUE
Female,Loyal Customer,42,Business Travel,Business,3393,2,2,2,2,4,2,3,5,5,5,5,3,1,3.15,0,0,TRUE
Female,Loyal Customer,19,Personal Travel,Eco,403,1,5,3,5,1,3,1,1,3,4,4,5,1,2.85,89,92,FALSE
Male,Disloyal Customer,27,Business Travel,Eco,188,5,0,5,3,5,5,5,5,2,4,4,1,5,3.77,0,11,TRUE
Male,Loyal Customer,43,Business Travel,Eco,378,4,5,5,5,4,4,4,4,1,2,2,2,4,3.54,0,0,TRUE
Female,Disloyal Customer,22,Business Travel,Eco,813,2,2,2,3,2,2,2,2,3,3,4,3,2,2.46,0,7,FALSE
Male,Loyal Customer,25,Personal Travel,Eco,427,5,3,5,4,3,5,3,3,1,2,4,4,3,3.46,122,125,TRUE
Female,Loyal Customer,37,Business Travel,Business,1869,3,5,5,5,2,4,4,3,3,2,3,3,4,3.54,0,0,FALSE
Male,Loyal Customer,62,Personal Travel,Eco,1609,4,4,4,3,4,4,4,4,5,3,5,4,4,4,20,0,FALSE
Male,Loyal Customer,55,Business Travel,Business,2795,2,1,1,1,4,4,3,2,2,2,2,2,1,2.08,0,0,FALSE
Male,Loyal Customer,28,Business Travel,Business,2521,3,3,3,3,5,5,5,5,3,5,4,4,5,4.08,0,0,TRUE
Male,Disloyal Customer,26,Business Travel,Business,377,4,4,4,4,3,4,3,3,3,5,4,5,3,3.77,0,0,TRUE
Female,Loyal Customer,21,Business Travel,Eco Plus,1076,0,4,0,3,1,4,1,1,2,1,1,1,1,1.54,0,0,TRUE
Female,Loyal Customer,11,Business Travel,Business,595,1,1,5,1,4,4,4,4,4,2,4,5,4,3.31,0,0,TRUE
Female,Loyal Customer,21,Personal Travel,Eco,882,3,3,3,3,3,3,3,3,3,3,4,5,3,3.23,0,0,FALSE
Female,Loyal Customer,45,Business Travel,Business,2659,4,3,4,4,2,5,4,5,5,5,5,5,4,4.23,0,0,TRUE
Male,Disloyal Customer,24,Business Travel,Eco,1101,5,5,5,2,5,5,2,5,3,4,5,5,5,4.31,0,0,TRUE
Female,Loyal Customer,40,Personal Travel,Eco,1008,2,1,2,1,5,2,5,5,2,3,2,1,5,2.77,0,0,FALSE
Female,Loyal Customer,41,Business Travel,Business,3014,2,2,4,2,5,5,3,4,4,5,4,4,4,3.69,0,0,TRUE
Female,Disloyal Customer,21,Business Travel,Business,767,4,0,4,3,4,4,4,4,3,2,5,3,4,3.38,15,7,TRUE
Male,Loyal Customer,58,Business Travel,Business,2521,1,1,1,1,5,4,5,4,4,4,4,3,3,3.08,0,0,TRUE
Male,Loyal Customer,56,Business Travel,Business,368,1,1,1,1,3,4,5,5,5,5,5,4,5,3.46,0,0,TRUE
Male,Loyal Customer,52,Business Travel,Business,536,3,3,1,3,2,2,4,4,4,4,4,1,4,3,0,0,TRUE
Male,Loyal Customer,29,Business Travel,Business,1242,5,5,5,5,2,2,2,2,4,3,4,3,2,3.38,47,56,TRUE
Female,Loyal Customer,60,Personal Travel,Eco,926,2,5,2,3,5,5,5,4,4,2,4,5,5,3.92,0,0,FALSE
Female,Loyal Customer,59,Business Travel,Business,2139,3,3,3,3,2,5,5,4,4,4,4,3,3,3.54,0,0,TRUE
Male,Loyal Customer,43,Business Travel,Business,3025,5,2,5,5,5,4,4,5,5,5,5,5,4,4.54,0,0,TRUE
Male,Loyal Customer,33,Business Travel,Business,2844,3,2,2,2,3,3,3,3,3,4,4,4,3,3,0,24,FALSE
Female,Disloyal Customer,27,Business Travel,Business,304,2,2,2,5,4,2,4,4,4,3,4,5,4,3.46,18,13,FALSE
Male,Disloyal Customer,49,Business Travel,Business,308,4,4,4,1,4,4,2,4,5,2,5,4,4,3.62,5,0,TRUE
Male,Loyal Customer,58,Business Travel,Business,1222,1,1,1,1,2,5,5,4,4,4,4,5,3,3.08,6,0,TRUE
Female,Loyal Customer,39,Business Travel,Business,2384,2,2,3,2,4,5,4,5,5,5,5,3,4,3.77,0,1,TRUE
Male,Loyal Customer,45,Business Travel,Eco,356,2,4,4,4,2,2,2,2,2,3,2,2,2,2.54,3,0,TRUE
Male,Loyal Customer,44,Personal Travel,Eco,413,3,1,3,4,2,3,2,2,2,2,4,2,2,2.46,12,38,FALSE
Male,Loyal Customer,44,Business Travel,Business,3889,2,2,2,2,3,4,4,3,3,4,3,3,5,3.08,22,10,TRUE
Female,Loyal Customer,49,Business Travel,Business,3608,4,4,4,4,2,3,3,4,4,4,4,1,2,3.31,0,0,FALSE
Male,Loyal Customer,53,Personal Travel,Eco Plus,862,1,2,2,4,1,2,1,1,2,1,3,1,1,1.69,7,0,FALSE
Female,Loyal Customer,52,Business Travel,Business,1504,4,4,4,4,5,4,5,4,4,4,4,4,4,4.15,12,4,TRUE
Female,Disloyal Customer,35,Business Travel,Eco,1979,2,2,2,3,2,2,2,2,3,5,4,2,2,2.54,569,543,FALSE
Male,Loyal Customer,59,Business Travel,Eco,1660,2,2,4,4,2,2,2,2,2,4,3,3,2,2.62,17,28,FALSE
Male,Loyal Customer,44,Business Travel,Business,2059,5,5,5,5,3,5,4,4,4,4,4,5,4,4.38,14,6,TRUE
Female,Loyal Customer,36,Business Travel,Business,2450,3,3,3,3,4,4,1,4,4,4,4,3,5,3.46,0,0,TRUE
Male,Loyal Customer,58,Business Travel,Business,157,4,4,3,4,2,5,1,5,5,5,3,1,3,3.46,0,0,TRUE
Male,Loyal Customer,40,Business Travel,Business,3950,3,3,3,3,4,2,4,4,4,4,3,5,2,3.38,16,13,TRUE
Male,Loyal Customer,74,Business Travel,Eco,356,4,3,5,3,5,4,5,5,5,5,4,4,5,4.38,14,0,TRUE
Female,Loyal Customer,39,Business Travel,Eco,196,4,3,3,3,4,4,4,4,2,3,4,3,4,3.46,0,14,TRUE
Female,Loyal Customer,60,Business Travel,Business,2062,3,3,3,3,5,4,4,5,5,5,5,3,3,3.92,0,0,TRUE
Male,Disloyal Customer,21,Business Travel,Eco,212,4,1,4,4,3,4,3,3,3,4,3,4,3,3.31,80,71,FALSE
Male,Loyal Customer,51,Business Travel,Business,3673,5,5,5,5,2,5,4,4,4,4,4,5,3,4.23,0,,TRUE
Female,Loyal Customer,23,Personal Travel,Eco Plus,391,2,1,2,3,5,2,4,5,4,4,4,4,5,3.46,0,1,FALSE
Female,Disloyal Customer,27,Business Travel,Eco,844,3,3,3,3,1,3,1,1,3,4,4,1,1,2.38,112,93,FALSE
Female,Loyal Customer,69,Business Travel,Business,447,2,2,2,2,4,5,5,3,3,3,3,4,4,3.23,12,8,TRUE
Male,Loyal Customer,49,Personal Travel,Business,1416,3,2,3,2,1,2,2,3,3,3,3,4,4,2.69,0,0,FALSE
Female,Loyal Customer,26,Business Travel,Business,2513,3,2,3,3,4,4,4,4,4,4,5,5,4,3.77,0,0,TRUE
Male,Loyal Customer,40,Business Travel,Business,646,5,5,5,5,5,4,4,4,4,4,4,5,3,4.38,0,0,TRUE
Female,Loyal Customer,29,Business Travel,Business,2658,1,1,5,1,4,4,4,4,5,3,4,3,4,3.31,0,0,TRUE
Female,Loyal Customer,45,Business Travel,Business,1706,2,2,2,2,2,4,5,4,4,4,4,5,3,3.31,29,17,TRUE
Male,Loyal Customer,23,Business Travel,Business,2560,1,1,1,1,4,4,4,4,4,4,4,5,4,3.15,0,0,TRUE
Female,Disloyal Customer,64,Business Travel,Eco,867,1,1,1,4,2,1,2,2,3,2,3,1,2,1.92,0,0,FALSE
Male,Loyal Customer,31,Business Travel,Business,978,3,2,2,2,3,3,3,3,1,4,1,2,3,2.46,0,0,FALSE
Female,Disloyal Customer,33,Business Travel,Eco,1149,1,1,1,3,4,1,4,4,1,4,3,1,4,2.46,8,12,FALSE
Female,Loyal Customer,36,Business Travel,Business,3773,1,5,5,5,3,4,3,1,1,1,1,2,2,2.62,0,0,FALSE
Male,Loyal Customer,54,Business Travel,Eco,1086,2,3,3,3,2,2,2,2,2,3,2,3,2,2.38,46,42,FALSE
Male,Loyal Customer,44,Business Travel,Business,460,1,1,1,1,4,5,4,5,5,5,5,5,4,3.54,2,0,TRUE
Female,Loyal Customer,48,Business Travel,Business,366,3,1,1,1,5,3,4,3,3,2,3,2,4,2.69,0,0,FALSE
Female,Loyal Customer,53,Business Travel,Business,431,3,3,3,3,3,4,5,5,5,5,5,3,3,3.85,38,33,TRUE
Male,Disloyal Customer,33,Business Travel,Business,354,2,2,2,3,4,2,4,4,4,2,4,3,4,3.08,6,0,FALSE
Male,Loyal Customer,59,Business Travel,Business,2165,5,5,5,5,5,3,5,5,5,5,5,4,5,4.77,10,0,TRUE
Male,Disloyal Customer,24,Business Travel,Business,268,1,1,1,3,2,1,2,2,4,5,3,2,2,2.23,0,0,FALSE
Female,Loyal Customer,39,Business Travel,Business,3764,0,4,1,1,4,4,4,3,3,3,3,3,3,2.77,0,0,TRUE
Female,Disloyal Customer,39,Business Travel,Business,224,2,2,2,1,5,2,1,5,4,1,4,4,5,2.92,25,27,TRUE
Female,Loyal Customer,34,Business Travel,Business,447,3,2,2,2,1,2,2,3,3,3,3,3,1,2.31,19,10,FALSE
Male,Loyal Customer,12,Personal Travel,Eco,236,2,1,2,4,5,2,5,5,4,2,3,1,5,3.15,37,40,FALSE
Male,Loyal Customer,11,Personal Travel,Eco,56,3,2,3,4,2,3,2,2,2,3,3,3,2,2.62,73,76,FALSE
Female,Loyal Customer,16,Business Travel,Eco,985,0,4,0,3,1,0,1,1,3,5,5,1,1,1.92,0,0,TRUE
Female,Loyal Customer,33,Business Travel,Eco,404,3,2,2,2,3,4,3,3,4,2,3,2,3,2.77,4,0,TRUE
Female,Disloyal Customer,25,Business Travel,Eco,1033,3,3,3,3,4,3,4,4,1,3,4,1,4,3.08,120,107,FALSE
Female,Disloyal Customer,25,Business Travel,Business,404,5,4,5,5,2,5,2,2,4,3,5,3,2,3.62,0,4,TRUE
Female,Loyal Customer,42,Personal Travel,Eco,283,1,5,1,2,4,4,4,4,4,1,4,5,4,3.31,0,0,FALSE
Female,Loyal Customer,43,Business Travel,Business,337,2,2,2,2,4,4,3,2,2,2,2,4,3,2.62,0,2,FALSE
Male,Loyal Customer,26,Business Travel,Eco Plus,983,3,5,5,5,3,4,3,3,5,2,4,1,3,3.54,0,0,TRUE
Female,Disloyal Customer,29,Business Travel,Business,733,0,0,0,3,0,1,1,5,2,4,5,1,1,1.77,45,148,TRUE
Male,Loyal Customer,47,Business Travel,Business,719,1,1,1,1,5,5,5,2,2,2,2,3,5,2.69,84,75,TRUE
Male,Loyal Customer,57,Personal Travel,Eco Plus,333,3,5,3,1,3,3,3,3,3,3,4,5,3,3.23,0,0,FALSE
Female,Loyal Customer,42,Business Travel,Business,3855,4,2,2,2,2,4,3,4,4,4,4,1,4,3.08,17,38,FALSE
Male,Loyal Customer,34,Business Travel,Eco,821,2,2,2,2,2,2,2,2,4,5,3,1,2,2.38,0,4,FALSE
Female,Disloyal Customer,45,Business Travel,Business,356,2,2,2,3,3,2,3,3,3,4,4,3,3,2.85,0,0,FALSE
Male,Loyal Customer,45,Business Travel,Business,1818,2,5,5,5,4,4,3,2,2,2,2,3,1,3.08,23,12,FALSE
Female,Loyal Customer,25,Business Travel,Business,3347,3,3,3,3,5,5,5,5,3,4,5,4,5,4.08,0,0,TRUE
Female,Loyal Customer,31,Personal Travel,Eco,1075,3,3,3,3,1,3,1,1,3,2,3,4,1,2.38,4,0,FALSE
Female,Loyal Customer,27,Business Travel,Business,1716,2,1,1,1,2,2,2,2,3,2,4,3,2,2.08,0,0,FALSE
Male,Loyal Customer,33,Personal Travel,Eco,1237,2,4,2,1,2,2,2,2,5,4,3,5,2,2.77,0,0,FALSE
Female,Loyal Customer,59,Personal Travel,Eco Plus,964,3,1,3,4,5,4,3,4,4,3,4,3,1,3.23,0,0,FALSE
Male,Loyal Customer,53,Personal Travel,Eco,1262,3,4,2,3,3,2,3,3,4,3,4,5,3,3.23,2,0,FALSE
Female,Loyal Customer,51,Business Travel,Business,1346,1,3,3,3,3,3,3,1,1,1,1,2,1,2,4,0,FALSE
Male,Loyal Customer,52,Business Travel,Eco,187,2,3,4,4,3,2,3,3,2,5,3,3,3,3.08,10,2,FALSE
Female,Loyal Customer,45,Business Travel,Business,3625,2,4,4,4,5,4,3,2,2,2,2,4,4,3.23,0,1,FALSE
Female,Disloyal Customer,25,Business Travel,Business,650,2,0,2,4,4,2,2,4,5,2,5,4,4,3.08,0,0,FALSE
Female,Loyal Customer,14,Personal Travel,Eco,306,2,5,2,3,3,2,3,3,5,5,4,3,3,3.31,0,0,FALSE
Male,Disloyal Customer,10,Business Travel,Eco,680,3,4,4,3,5,4,5,5,2,1,3,4,5,3.69,0,0,FALSE
Male,Loyal Customer,12,Business Travel,Business,2402,4,4,4,4,4,4,4,4,2,5,2,4,4,3.77,0,0,FALSE
Female,Loyal Customer,47,Business Travel,Business,2466,2,2,3,2,4,4,4,4,3,5,2,4,4,3.31,2,18,TRUE
Female,Loyal Customer,21,Personal Travel,Eco,1910,1,5,2,1,3,2,3,3,5,1,4,4,3,2.85,0,0,FALSE
Male,Loyal Customer,26,Business Travel,Eco,474,5,3,3,3,5,5,5,5,2,4,5,3,5,4.08,0,0,TRUE
Male,Disloyal Customer,37,Business Travel,Eco,552,2,3,2,1,1,2,1,1,3,3,3,5,1,2.15,0,0,FALSE
Male,Loyal Customer,23,Personal Travel,Eco,759,2,2,2,3,4,2,4,4,3,5,3,3,4,3.15,22,16,FALSE
Female,Loyal Customer,26,Personal Travel,Eco,468,1,5,1,2,2,1,2,2,4,2,5,5,2,2.62,21,7,FALSE
Male,Loyal Customer,38,Business Travel,Business,2185,2,2,2,2,3,3,3,4,4,4,4,4,3,3.08,0,21,TRUE
Female,Loyal Customer,58,Personal Travel,Eco,983,1,4,1,5,3,5,5,4,4,1,4,5,3,3.46,104,103,FALSE
Male,Disloyal Customer,55,Business Travel,Eco,315,3,3,3,4,4,3,4,4,3,2,3,1,4,3.15,63,50,FALSE
Female,Loyal Customer,30,Business Travel,Eco Plus,228,4,5,3,5,4,3,4,4,1,4,4,1,4,3.54,97,95,FALSE
Male,Loyal Customer,48,Business Travel,Business,3616,5,5,2,5,2,5,4,3,3,3,3,3,3,3.54,0,0,TRUE
Female,Loyal Customer,43,Business Travel,Business,237,0,0,0,5,4,5,5,2,2,1,1,3,3,2.38,11,8,TRUE
Male,Loyal Customer,58,Business Travel,Eco,425,3,1,1,1,3,3,3,3,2,2,3,1,3,2.23,0,0,FALSE
Female,Loyal Customer,50,Business Travel,Eco,280,4,5,2,5,2,4,3,4,4,4,4,4,4,3.77,0,0,FALSE
Male,Loyal Customer,32,Business Travel,Business,632,3,3,3,3,2,2,2,2,4,4,3,2,2,2.69,0,0,TRUE
Female,Loyal Customer,54,Business Travel,Business,3132,5,5,5,5,5,5,4,3,3,3,3,3,3,4,0,0,TRUE
Female,Loyal Customer,31,Personal Travel,Business,1506,1,3,1,3,4,1,5,4,3,1,3,3,4,2.77,0,0,FALSE
Female,Loyal Customer,29,Business Travel,Business,3784,3,1,1,1,3,3,3,3,2,2,4,4,3,2.54,0,0,FALSE
Female,Loyal Customer,44,Business Travel,Business,251,3,3,3,3,3,4,4,4,4,4,4,4,3,3.54,44,36,TRUE
Male,Loyal Customer,67,Personal Travel,Eco,1235,3,1,3,2,1,3,1,1,2,1,1,3,1,1.77,1,0,FALSE
Female,Disloyal Customer,24,Business Travel,Eco,977,5,5,5,3,3,5,3,3,1,1,1,5,3,3.31,7,0,TRUE
Male,Loyal Customer,54,Personal Travel,Business,404,1,5,1,5,2,4,5,2,2,1,2,3,3,2.77,18,32,FALSE
Female,Loyal Customer,58,Personal Travel,Eco Plus,371,3,5,3,3,1,4,4,1,1,3,1,5,2,2.77,0,0,FALSE
Female,Disloyal Customer,23,Business Travel,Eco,409,2,0,2,4,1,2,1,1,3,5,4,4,1,2.31,6,0,FALSE
Female,Loyal Customer,47,Business Travel,Eco Plus,1288,2,3,3,3,5,3,3,2,2,2,2,2,3,2.69,73,68,FALSE
Male,Loyal Customer,43,Business Travel,Business,197,1,4,4,4,1,4,4,4,4,4,1,3,1,3,15,9,FALSE
Female,Loyal Customer,31,Personal Travel,Eco,374,3,5,3,4,2,3,2,2,3,3,5,4,2,3.15,0,0,FALSE
Female,Loyal Customer,38,Business Travel,Business,2238,1,2,2,2,4,4,3,1,1,1,1,1,3,2,0,0,FALSE
Female,Loyal Customer,43,Business Travel,Eco,216,5,2,5,2,4,4,2,5,5,5,5,5,3,4,0,0,TRUE
Male,Loyal Customer,30,Business Travel,Business,581,1,1,1,1,2,2,2,2,3,3,5,4,2,2.23,96,101,TRUE
Female,Loyal Customer,56,Business Travel,Business,1121,1,1,1,1,3,5,5,3,3,3,3,5,3,2.85,0,0,TRUE
Female,Loyal Customer,42,Business Travel,Business,129,1,1,1,1,5,1,5,4,4,4,4,1,4,2.77,6,0,TRUE
Female,Loyal Customer,30,Business Travel,Business,3299,2,2,2,2,4,4,4,4,4,2,4,5,4,3.31,0,0,TRUE
Female,Loyal Customer,35,Personal Travel,Eco,1947,4,4,4,2,2,4,2,2,3,2,3,3,2,2.85,11,0,TRUE
Female,Disloyal Customer,30,Business Travel,Business,270,1,2,2,1,2,2,2,2,5,3,5,5,2,2.62,0,0,FALSE
Female,Disloyal Customer,35,Business Travel,Business,1671,1,1,1,3,2,1,2,2,5,3,3,4,2,2.31,0,23,FALSE
Male,Loyal Customer,10,Personal Travel,Eco,591,1,4,1,5,5,1,5,5,5,4,4,5,5,3.85,2,5,FALSE
Male,Loyal Customer,26,Business Travel,Business,2544,3,3,3,3,5,5,5,5,5,4,4,5,5,4.23,0,0,TRUE
Male,Loyal Customer,65,Personal Travel,Eco,190,3,4,0,1,1,0,1,1,4,1,1,5,1,1.77,0,0,FALSE
Male,Loyal Customer,24,Business Travel,Business,991,1,1,1,1,5,5,5,5,5,1,5,5,5,3.46,64,55,TRUE
Male,Loyal Customer,39,Business Travel,Business,2702,2,2,2,2,2,4,5,5,5,5,5,3,3,3.46,12,14,TRUE
Female,Loyal Customer,50,Business Travel,Business,210,2,2,2,2,3,5,4,4,4,4,5,3,4,3.38,7,0,TRUE
Female,Disloyal Customer,42,Business Travel,Business,429,3,3,3,4,3,3,3,3,4,5,4,3,3,3.38,13,2,FALSE
Male,Loyal Customer,52,Business Travel,Business,1426,5,5,5,5,4,5,5,4,4,4,4,3,4,4.38,0,0,TRUE
Male,Loyal Customer,27,Business Travel,Eco,680,0,0,0,2,4,0,4,4,3,5,2,3,4,2.38,57,51,TRUE
Male,Disloyal Customer,22,Business Travel,Eco,814,1,1,1,4,4,1,4,4,5,2,5,5,4,3.15,12,0,FALSE
Male,Loyal Customer,36,Business Travel,Business,3494,4,4,5,4,1,3,1,5,5,5,5,5,5,4,0,5,TRUE
Female,Disloyal Customer,35,Business Travel,Eco,630,3,3,3,2,5,3,5,5,2,3,4,1,5,3.38,0,0,FALSE
Male,Loyal Customer,26,Business Travel,Business,2454,1,4,4,4,1,1,1,1,1,1,2,1,1,1.77,0,0,FALSE
Male,Loyal Customer,41,Business Travel,Business,2635,3,3,3,3,2,4,4,3,3,4,3,3,4,3.23,58,57,TRUE
Female,Loyal Customer,57,Business Travel,Business,2057,5,5,5,5,2,5,5,2,2,2,2,3,5,3.69,12,4,TRUE
Female,Loyal Customer,53,Business Travel,Business,3455,1,1,1,1,4,4,5,4,4,4,4,5,4,3.23,0,0,TRUE
Female,Disloyal Customer,30,Business Travel,Eco Plus,590,2,2,2,3,1,2,1,1,2,4,4,4,1,2.23,50,54,FALSE
Female,Loyal Customer,53,Personal Travel,Eco,728,3,4,3,3,3,1,5,4,4,3,4,5,2,3.38,0,0,FALSE
Male,Loyal Customer,70,Business Travel,Eco,331,3,1,1,1,3,3,3,3,2,1,2,2,3,2.15,15,15,FALSE
Female,Loyal Customer,21,Personal Travel,Eco,109,1,2,1,2,5,1,4,5,1,1,3,1,5,2.46,35,55,FALSE
Female,Loyal Customer,11,Personal Travel,Eco,611,3,3,3,3,2,3,2,2,4,4,3,1,2,2.69,3,0,FALSE
Female,Loyal Customer,66,Personal Travel,Eco,1721,4,5,4,2,5,5,5,5,5,4,5,5,3,4.38,0,0,FALSE
Female,Disloyal Customer,65,Business Travel,Eco Plus,128,3,3,3,1,4,3,5,4,4,2,2,5,4,3.31,0,0,FALSE
Male,Loyal Customer,9,Personal Travel,Eco,888,2,4,2,1,5,2,5,5,3,5,1,5,5,3.46,7,0,FALSE
Female,Loyal Customer,23,Personal Travel,Eco Plus,895,4,4,4,4,4,4,4,4,4,3,4,3,4,3.85,0,0,TRUE
Male,Disloyal Customer,47,Personal Travel,Eco,409,1,4,3,3,2,3,2,2,3,5,3,2,2,2.69,1,0,FALSE
Female,Disloyal Customer,23,Business Travel,Eco,1075,3,3,3,5,2,3,2,2,3,5,5,3,2,3.15,41,32,FALSE
Male,Loyal Customer,41,Personal Travel,Business,166,4,4,4,4,3,5,4,2,2,4,2,5,5,3.69,0,0,TRUE
Female,Loyal Customer,52,Business Travel,Business,2136,2,2,2,2,4,4,3,2,2,2,2,3,2,2.46,9,16,FALSE
Male,Loyal Customer,36,Business Travel,Business,3098,0,4,0,1,5,4,5,2,2,2,2,5,4,2.77,0,0,TRUE
Male,Loyal Customer,35,Personal Travel,Eco,764,4,4,4,4,2,4,2,2,3,4,4,5,2,3.38,0,0,TRUE
Male,Disloyal Customer,24,Business Travel,Eco,630,4,0,3,5,5,3,2,5,3,3,5,5,5,3.69,0,35,FALSE
Female,Loyal Customer,45,Business Travel,Eco,313,5,4,4,4,4,5,5,5,5,5,5,2,5,4.46,0,1,TRUE
Male,Loyal Customer,16,Business Travel,Business,3192,3,2,2,2,3,3,3,3,3,2,3,1,3,2.54,31,24,FALSE
Female,Loyal Customer,14,Personal Travel,Eco,1045,3,1,3,3,5,3,5,5,3,3,3,4,5,3.54,5,0,FALSE
Female,Disloyal Customer,22,Business Travel,Eco,680,0,0,0,4,3,0,3,3,3,4,4,4,3,2.38,0,0,TRUE
Female,Disloyal Customer,50,Business Travel,Business,1524,4,4,4,5,1,4,1,1,4,4,4,4,1,3.15,0,0,TRUE
Male,Loyal Customer,45,Business Travel,Business,512,2,2,4,2,3,4,1,4,4,4,4,3,5,3.23,0,0,TRUE
Female,Loyal Customer,44,Business Travel,Business,3063,2,4,4,4,4,3,3,2,2,1,2,3,4,2.92,0,1,FALSE
Female,Loyal Customer,57,Business Travel,Business,1908,4,4,4,4,2,2,2,2,2,2,2,2,5,2.85,0,0,TRUE
Male,Loyal Customer,52,Business Travel,Business,1739,2,4,2,2,5,5,4,4,4,4,4,5,4,3.77,1,0,TRUE
Male,Loyal Customer,49,Personal Travel,Eco,1237,4,1,5,3,5,2,4,4,4,2,4,4,4,3.54,266,255,FALSE
Female,Loyal Customer,26,Business Travel,Business,2667,3,4,4,4,3,3,3,3,2,1,3,4,3,3.08,2,8,FALSE
Female,Loyal Customer,36,Personal Travel,Eco,337,3,5,3,2,1,3,1,1,4,2,5,3,1,2.62,0,0,FALSE
Male,Disloyal Customer,27,Business Travel,Eco,1576,5,5,5,3,5,5,5,2,5,4,5,5,5,4.54,211,219,TRUE
Female,Loyal Customer,19,Personal Travel,Business,391,1,5,1,3,1,1,1,1,5,3,4,5,1,2.46,34,33,FALSE
Male,Loyal Customer,45,Business Travel,Business,1399,5,5,4,5,2,4,4,5,5,5,5,5,3,4.38,4,4,TRUE
Female,Disloyal Customer,14,Business Travel,Eco,752,5,5,5,2,5,0,5,5,3,2,3,2,5,3.62,115,109,TRUE
Male,Loyal Customer,28,Personal Travel,Eco,204,1,2,1,3,5,1,5,5,1,5,2,4,5,3.08,59,54,FALSE
Female,Loyal Customer,38,Personal Travel,Eco,888,2,4,1,2,4,1,4,4,5,2,4,3,4,3.08,16,0,FALSE
Male,Loyal Customer,36,Business Travel,Business,2214,1,2,2,2,5,4,3,3,3,3,1,1,1,2.38,27,22,FALSE
Female,Loyal Customer,42,Personal Travel,Eco,326,4,4,4,4,4,3,3,3,2,2,3,3,3,3.23,283,276,FALSE
Male,Loyal Customer,55,Business Travel,Business,3866,2,2,2,2,4,2,5,4,4,4,4,1,5,3.15,0,0,TRUE
Female,Loyal Customer,52,Business Travel,Business,481,3,3,5,5,1,4,3,3,3,2,3,2,4,3.15,0,0,FALSE
Female,Loyal Customer,48,Business Travel,Business,1303,1,1,1,1,5,4,4,5,5,5,5,3,3,3.31,0,0,TRUE
Female,Loyal Customer,11,Personal Travel,Eco,247,1,1,1,2,4,1,4,4,3,3,3,1,4,2.46,17,18,FALSE
Male,Loyal Customer,20,Personal Travel,Eco,101,3,5,3,4,4,3,4,4,3,5,5,5,4,4,0,0,FALSE
Male,Disloyal Customer,21,Business Travel,Business,950,4,0,4,4,2,4,2,2,4,3,4,3,2,2.92,13,2,TRUE
Male,Disloyal Customer,25,Business Travel,Eco,744,3,3,3,2,5,3,5,5,3,4,5,4,5,3.85,0,0,FALSE
Male,Disloyal Customer,18,Business Travel,Eco,836,2,2,2,4,3,2,3,3,3,4,4,3,3,2.92,0,0,FALSE
Male,Loyal Customer,52,Business Travel,Business,1773,5,5,5,5,3,5,5,5,5,5,5,3,3,4.54,0,8,TRUE
Female,Loyal Customer,25,Personal Travel,Eco,604,3,5,3,2,2,3,1,2,5,3,4,5,2,3.08,97,104,FALSE
Female,Loyal Customer,37,Business Travel,Business,315,1,3,3,3,1,3,4,1,1,2,1,3,3,2.23,73,59,FALSE
Female,Disloyal Customer,37,Business Travel,Eco Plus,651,2,2,2,3,4,2,1,4,2,3,3,4,4,2.77,0,0,FALSE
Male,Loyal Customer,41,Business Travel,Eco Plus,606,1,5,5,5,1,1,1,4,5,3,3,1,1,2.77,157,145,FALSE
Male,Loyal Customer,17,Personal Travel,Eco,296,3,4,3,1,3,3,2,5,2,4,5,2,2,3,219,209,FALSE
Female,Loyal Customer,37,Personal Travel,Business,502,2,5,2,5,2,5,5,1,1,2,1,4,4,3,0,0,FALSE
Female,Disloyal Customer,17,Business Travel,Eco,216,0,1,0,4,4,0,4,4,4,3,3,4,4,2.69,0,0,TRUE
Male,Loyal Customer,39,Business Travel,Business,1620,2,2,2,2,3,4,4,4,4,4,4,2,2,3,46,83,TRUE
Male,Loyal Customer,60,Business Travel,Business,651,4,4,4,4,3,5,4,5,5,5,5,4,3,4.23,54,55,TRUE
Female,Disloyal Customer,30,Business Travel,Eco,302,3,3,3,2,5,3,5,5,4,3,3,1,5,3.46,8,1,FALSE
Female,Loyal Customer,61,Personal Travel,Business,342,4,4,4,4,2,5,5,3,3,4,3,5,3,3.77,0,0,TRUE
Male,Disloyal Customer,17,Business Travel,Eco,1489,5,5,5,5,2,5,2,2,1,3,4,5,2,3.54,0,0,TRUE
Female,Loyal Customer,50,Personal Travel,Eco,1416,4,1,4,3,2,4,3,3,3,4,3,1,1,2.77,4,6,FALSE
Female,Disloyal Customer,59,Business Travel,Business,296,2,2,2,4,3,2,3,3,3,2,5,5,3,3,0,0,FALSE
Female,Loyal Customer,35,Business Travel,Business,139,5,5,5,5,5,5,4,4,4,4,5,3,4,4.46,0,0,TRUE
Male,Loyal Customer,46,Business Travel,Business,3414,2,2,2,2,2,5,5,4,4,4,4,4,4,3.38,6,15,TRUE
Male,Loyal Customer,54,Personal Travel,Eco,846,1,5,1,4,3,1,3,3,5,5,4,4,3,3.23,31,27,FALSE
Female,Loyal Customer,24,Business Travel,Business,2507,2,5,5,5,2,2,2,3,1,3,3,2,2,2.85,756,748,FALSE
Female,Loyal Customer,60,Business Travel,Eco Plus,1379,2,5,5,5,4,3,4,2,2,2,2,2,3,3.15,10,14,FALSE
Female,Disloyal Customer,27,Business Travel,Eco,541,2,2,2,4,3,2,3,3,1,2,4,2,3,2.54,4,6,FALSE
Female,Loyal Customer,68,Personal Travel,Eco,1147,3,1,3,3,3,4,3,2,2,3,2,2,3,2.62,22,15,FALSE
Male,Loyal Customer,37,Personal Travel,Eco,689,1,4,1,5,3,1,3,3,5,3,4,4,3,3.08,0,0,FALSE
Female,Loyal Customer,28,Personal Travel,Eco,1013,4,2,4,3,5,4,5,5,2,5,3,3,5,3.85,0,0,TRUE
Female,Loyal Customer,19,Personal Travel,Eco,393,3,5,3,5,4,3,4,4,1,5,4,4,4,3.77,22,8,FALSE
Male,Loyal Customer,17,Personal Travel,Eco,862,3,5,3,1,3,3,2,3,3,4,5,3,3,3.15,0,4,FALSE
Female,Loyal Customer,46,Business Travel,Eco Plus,587,2,4,4,4,3,4,3,2,2,2,2,1,1,2.62,57,60,FALSE
Female,Loyal Customer,9,Personal Travel,Eco,1744,4,4,4,4,5,4,5,5,5,4,5,4,5,4.46,0,0,FALSE
Female,Disloyal Customer,23,Business Travel,Eco,197,2,2,2,4,3,2,3,3,1,5,3,3,3,2.77,0,9,FALSE
Female,Loyal Customer,36,Business Travel,Business,585,2,5,3,3,5,4,3,2,2,2,2,3,4,3.08,67,68,FALSE
Female,Loyal Customer,29,Personal Travel,Eco,696,2,4,2,2,4,2,4,4,4,5,5,4,4,3.54,0,0,FALSE
Female,Loyal Customer,46,Business Travel,Business,2172,4,4,4,4,2,5,5,4,4,4,4,3,5,4,0,0,TRUE
Female,Loyal Customer,66,Personal Travel,Eco,853,4,5,4,3,3,4,4,3,3,4,3,4,3,3.62,0,20,TRUE
Female,Loyal Customer,23,Personal Travel,Eco,1023,3,5,3,3,2,3,2,2,3,4,5,3,2,3.08,69,67,FALSE
Female,Disloyal Customer,37,Business Travel,Business,158,3,3,3,4,3,3,3,3,4,4,4,1,3,3.15,0,0,FALSE
Female,Loyal Customer,52,Business Travel,Business,2426,2,2,3,2,2,5,4,4,4,4,4,3,4,3.31,0,9,TRUE
Male,Loyal Customer,46,Personal Travel,Eco,2367,3,5,3,5,1,3,1,1,5,2,4,5,1,3,0,0,FALSE
Male,Loyal Customer,25,Business Travel,Business,1792,5,5,5,5,5,5,5,5,4,4,5,5,5,4.85,0,0,TRUE
Male,Loyal Customer,69,Business Travel,Business,73,2,2,2,2,1,2,2,2,3,4,3,2,2,2.23,565,586,FALSE
Female,Loyal Customer,39,Business Travel,Eco,1246,3,4,4,4,3,3,3,3,2,4,4,1,3,3.15,0,0,FALSE
Male,Disloyal Customer,38,Business Travel,Eco,594,1,0,1,2,4,1,4,4,1,2,3,2,4,2.23,0,0,FALSE
Female,Loyal Customer,26,Business Travel,Eco,1587,2,5,4,4,2,2,2,2,3,4,4,4,2,3.08,11,19,FALSE
Male,Disloyal Customer,37,Business Travel,Business,361,3,3,3,4,4,3,4,4,3,2,5,5,4,3.62,0,0,FALSE
Female,Loyal Customer,58,Business Travel,Eco Plus,771,5,5,5,5,3,1,3,5,5,5,5,5,4,4.31,0,0,TRUE
Female,Loyal Customer,43,Business Travel,Business,3389,3,3,5,3,1,2,3,5,5,5,5,5,5,3.85,0,0,TRUE
Male,Loyal Customer,18,Personal Travel,Eco,1504,0,4,0,1,3,0,3,3,3,2,5,3,3,2.31,0,0,TRUE
Male,Loyal Customer,35,Personal Travel,Eco Plus,738,5,5,5,4,4,5,3,4,3,2,4,4,4,4,0,30,TRUE
Male,Loyal Customer,56,Personal Travel,Eco,500,3,3,3,4,3,3,3,3,4,1,4,4,3,3.15,0,0,FALSE
Female,Disloyal Customer,25,Business Travel,Eco,1045,3,3,3,4,5,3,5,5,4,3,3,4,5,3.85,71,68,FALSE
Male,Loyal Customer,58,Personal Travel,Business,689,3,5,3,5,2,4,5,2,2,3,2,5,4,3.46,46,41,FALSE
Male,Loyal Customer,66,Business Travel,Business,413,2,3,3,3,4,2,3,2,2,2,2,2,2,2.46,0,4,FALSE
Female,Loyal Customer,40,Personal Travel,Eco,468,3,5,3,1,3,3,3,3,4,2,4,3,3,3.08,15,0,FALSE
Male,Loyal Customer,54,Personal Travel,Eco,134,3,0,3,5,5,3,5,5,5,2,4,4,5,3.77,0,0,FALSE
Female,Disloyal Customer,26,Business Travel,Business,2586,3,3,3,2,3,3,3,5,5,5,4,3,3,3.46,36,10,FALSE
Male,Loyal Customer,50,Business Travel,Business,3641,5,5,5,5,2,4,5,4,4,4,4,3,3,4.08,0,0,TRUE
Female,Loyal Customer,63,Personal Travel,Eco,694,0,5,0,1,2,5,4,5,5,0,5,4,4,3.08,0,0,TRUE
Female,Loyal Customer,44,Business Travel,Business,142,3,3,5,3,5,5,4,5,5,5,3,5,4,4.23,9,0,TRUE
Male,Loyal Customer,60,Personal Travel,Eco,294,2,4,2,4,2,2,2,2,5,5,4,3,2,3,0,0,FALSE
Male,Loyal Customer,44,Personal Travel,Eco Plus,1276,2,4,2,3,5,2,1,5,3,3,3,5,5,3.31,43,27,FALSE
Female,Loyal Customer,68,Personal Travel,Eco,1916,1,4,1,5,5,3,1,3,3,1,3,3,5,2.92,0,0,FALSE
Male,Disloyal Customer,27,Business Travel,Business,1050,4,4,4,3,2,4,2,2,3,3,4,5,2,3.23,0,0,TRUE
Male,Disloyal Customer,12,Business Travel,Eco,599,5,0,5,4,4,5,4,4,3,5,4,4,4,3.92,0,0,TRUE
Female,Loyal Customer,9,Personal Travel,Eco,2125,1,5,2,5,3,2,1,3,3,1,4,4,3,2.85,0,0,FALSE
Male,Loyal Customer,48,Personal Travel,Eco Plus,101,2,5,2,2,5,2,2,5,5,4,5,4,5,3.69,16,16,FALSE
Female,Loyal Customer,53,Personal Travel,Eco,480,3,4,3,3,2,3,4,3,3,3,5,2,1,3,0,,FALSE
Female,Loyal Customer,42,Business Travel,Business,3665,5,5,5,5,3,4,2,5,5,5,5,1,3,4.08,0,0,TRUE
Female,Loyal Customer,56,Personal Travel,Eco,547,2,0,3,2,2,3,4,5,5,3,5,4,3,3.15,0,0,FALSE
Male,Loyal Customer,43,Business Travel,Business,1524,2,2,2,2,4,5,4,4,4,4,4,3,3,3.31,0,0,TRUE
Female,Disloyal Customer,27,Business Travel,Eco Plus,746,1,1,1,4,4,1,4,4,4,4,4,1,4,2.85,86,77,FALSE
Female,Loyal Customer,57,Personal Travel,Eco,651,4,4,4,1,2,3,3,3,3,4,3,5,1,3.08,7,0,TRUE
Female,Loyal Customer,27,Business Travel,Eco Plus,2399,0,0,0,3,5,0,5,5,1,2,5,4,5,2.69,0,6,TRUE
Male,Loyal Customer,31,Personal Travel,Eco,2311,5,1,5,2,5,1,5,5,4,4,1,1,5,3.38,2,0,TRUE
Female,Loyal Customer,38,Business Travel,Business,489,2,2,2,2,4,3,2,2,2,2,2,3,3,2.38,9,10,FALSE
Female,Loyal Customer,51,Business Travel,Business,302,3,5,3,3,2,5,4,5,5,5,5,4,4,4.08,1,0,TRUE
Female,Loyal Customer,29,Business Travel,Business,2700,4,4,4,4,4,4,4,4,4,5,5,5,4,4.23,0,0,TRUE
Female,Loyal Customer,45,Business Travel,Business,261,5,5,5,5,4,5,4,4,4,5,4,3,5,4.46,0,0,TRUE
Male,Disloyal Customer,24,Business Travel,Eco,358,1,4,1,3,2,1,2,2,4,5,4,3,2,2.62,0,0,FALSE
Female,Loyal Customer,69,Personal Travel,Eco,674,2,1,2,3,3,4,4,2,2,2,2,2,3,2.46,0,0,FALSE
Male,Disloyal Customer,52,Business Travel,Eco,762,1,0,0,4,3,0,3,3,3,4,4,2,3,2.31,0,0,FALSE
Female,Loyal Customer,28,Business Travel,Business,1337,3,3,3,3,5,5,5,5,5,3,5,3,5,4.08,17,4,TRUE
Female,Loyal Customer,34,Business Travel,Business,551,4,4,4,4,4,4,5,5,5,5,5,5,3,4.38,14,46,TRUE
Male,Disloyal Customer,18,Business Travel,Eco,814,0,0,0,1,5,0,5,5,5,2,4,5,5,2.85,55,58,TRUE
Male,Loyal Customer,39,Business Travel,Business,583,3,3,3,3,4,4,5,4,4,4,4,5,3,3.77,66,61,TRUE
Female,Loyal Customer,48,Business Travel,Eco,712,2,4,4,4,1,2,3,2,2,2,2,2,2,2.46,0,19,FALSE
Female,Loyal Customer,16,Personal Travel,Eco,1737,2,5,2,3,1,2,1,1,4,5,4,5,1,2.77,0,3,FALSE
Male,Disloyal Customer,19,Business Travel,Eco,888,2,2,2,4,1,2,1,1,4,2,3,4,1,2.23,0,0,FALSE
Male,Loyal Customer,33,Personal Travel,Business,370,3,4,3,3,2,3,2,2,4,4,3,1,2,2.77,4,0,FALSE
Male,Loyal Customer,44,Business Travel,Business,3829,1,1,1,1,2,5,4,4,4,4,4,3,3,2.85,0,0,TRUE
Male,Loyal Customer,56,Personal Travel,Eco,864,2,5,2,1,5,2,5,5,4,3,5,5,5,3.77,0,0,FALSE
Female,Loyal Customer,25,Personal Travel,Eco,1609,1,1,1,4,5,1,5,5,1,2,2,4,5,2.85,20,6,FALSE
Female,Loyal Customer,46,Personal Travel,Eco,447,5,4,5,1,4,5,5,5,5,5,5,3,5,4.38,23,15,TRUE
Male,Loyal Customer,50,Personal Travel,Eco Plus,2676,3,3,3,4,3,2,2,4,1,3,3,2,2,2.69,0,0,FALSE
Male,Loyal Customer,64,Business Travel,Eco,204,5,3,3,3,5,5,5,5,5,2,1,1,5,3.69,0,0,TRUE
Male,Loyal Customer,36,Business Travel,Business,199,2,2,2,2,3,1,3,5,5,5,4,4,4,3.23,0,0,TRUE
Male,Loyal Customer,38,Business Travel,Business,2531,1,1,1,1,2,1,2,3,3,4,3,4,5,2.38,0,3,TRUE
Male,Disloyal Customer,40,Business Travel,Eco,429,2,0,2,4,1,2,1,1,1,3,4,2,1,1.85,0,0,FALSE
Female,Loyal Customer,44,Business Travel,Eco Plus,493,4,5,4,5,3,1,2,4,4,4,4,1,2,3.31,0,0,TRUE
Female,Loyal Customer,17,Personal Travel,Eco,1674,1,4,1,5,5,1,5,5,3,3,3,5,5,3.54,41,40,FALSE
Male,Loyal Customer,59,Business Travel,Business,3120,0,0,0,3,1,4,1,4,4,4,4,1,2,2.15,15,14,TRUE
Female,Loyal Customer,25,Personal Travel,Eco,550,3,2,2,3,2,2,2,2,1,1,4,4,2,2.31,3,3,FALSE
Female,Loyal Customer,56,Business Travel,Business,3489,2,2,2,2,2,4,5,4,4,4,4,5,5,3.46,8,0,TRUE
Female,Loyal Customer,39,Business Travel,Eco,67,5,1,1,1,5,5,5,1,5,3,4,5,5,3.54,358,410,TRUE
Female,Disloyal Customer,21,Business Travel,Eco,1773,1,1,1,3,3,1,3,3,5,2,4,3,3,2.54,10,15,FALSE
Female,Disloyal Customer,35,Business Travel,Eco,413,4,3,4,3,4,4,4,4,4,3,2,4,4,3.62,52,43,FALSE
Male,Disloyal Customer,17,Business Travel,Eco,731,3,3,3,3,2,3,2,2,2,1,3,1,2,2.31,0,0,FALSE
Male,Loyal Customer,47,Business Travel,Business,160,2,4,4,4,5,4,4,3,3,3,2,1,2,3.15,21,52,FALSE
Female,Loyal Customer,54,Business Travel,Business,1464,5,5,5,5,5,5,4,4,4,4,4,3,4,4.38,0,0,TRUE
Male,Disloyal Customer,28,Business Travel,Business,2075,4,4,4,4,1,4,1,1,4,5,4,4,1,3.15,0,0,TRUE
Female,Loyal Customer,43,Business Travel,Business,1557,4,4,4,4,2,5,4,4,4,4,4,5,4,4,0,0,TRUE
Female,Loyal Customer,44,Business Travel,Eco,406,2,1,1,1,1,4,3,2,2,2,2,4,4,2.23,15,10,FALSE
Male,Loyal Customer,62,Personal Travel,Eco,253,3,2,0,4,1,0,1,1,3,3,3,4,1,2,0,0,FALSE
Male,Loyal Customer,54,Personal Travel,Eco,1192,1,5,1,3,3,1,4,3,4,5,4,5,3,3.23,1,3,FALSE
Male,Disloyal Customer,20,Business Travel,Eco,414,2,1,2,3,5,2,5,5,1,2,3,2,5,2.92,0,0,FALSE
Male,Loyal Customer,8,Personal Travel,Eco,370,2,1,4,3,3,4,3,3,3,3,3,1,3,2.77,19,12,FALSE
Male,Disloyal Customer,52,Business Travel,Eco,507,2,4,3,4,5,3,5,5,1,1,3,2,5,3.31,0,0,FALSE
Male,Disloyal Customer,20,Business Travel,Business,390,5,5,5,1,1,5,1,1,5,2,5,4,1,3.15,74,69,TRUE
Female,Loyal Customer,64,Personal Travel,Eco,612,4,4,4,4,3,3,2,2,2,4,2,4,3,3.15,11,32,TRUE
Female,Loyal Customer,22,Personal Travel,Business,667,4,4,4,3,4,4,4,4,5,3,4,5,4,4,0,0,FALSE
Male,Loyal Customer,46,Business Travel,Business,2475,3,3,3,3,4,4,4,3,3,5,5,4,4,3.69,530,,TRUE
Male,Loyal Customer,28,Business Travel,Business,3112,4,4,4,4,5,4,5,5,3,3,5,5,5,4.31,0,0,TRUE
Male,Loyal Customer,61,Personal Travel,Eco,328,3,4,3,1,3,3,3,3,1,1,5,4,3,2.85,0,0,FALSE
Female,Loyal Customer,17,Personal Travel,Eco,631,2,5,2,2,1,2,1,1,4,5,5,5,1,2.77,101,118,FALSE
Male,Loyal Customer,63,Business Travel,Business,495,2,2,2,2,2,5,5,5,5,5,5,5,4,3.77,16,9,TRUE
Male,Loyal Customer,32,Personal Travel,Eco,2182,1,3,0,1,4,0,4,4,2,5,4,2,4,2.62,0,0,FALSE
Female,Loyal Customer,13,Personal Travel,Eco,362,1,5,1,3,5,1,5,5,5,2,5,5,5,3.69,26,18,FALSE
Male,Loyal Customer,67,Personal Travel,Eco,89,3,1,3,3,3,3,3,3,4,1,3,2,3,2.69,0,0,FALSE
Male,Loyal Customer,24,Business Travel,Business,2300,2,2,2,2,4,5,4,4,3,5,4,5,4,3.54,0,0,TRUE
Female,Disloyal Customer,49,Business Travel,Eco,954,2,3,3,2,4,3,5,4,4,2,2,5,4,3.31,0,0,FALSE
Male,Loyal Customer,46,Business Travel,Business,3577,5,5,5,5,2,5,5,4,4,4,4,3,4,4.23,0,0,TRUE
Female,Loyal Customer,45,Personal Travel,Business,896,4,5,4,4,4,1,1,5,3,5,4,1,1,3.23,142,134,FALSE
Male,Loyal Customer,55,Business Travel,Eco,544,3,3,3,3,3,3,3,3,3,5,2,3,3,3.08,0,11,FALSE
Female,Loyal Customer,46,Personal Travel,Eco,1173,3,4,3,2,3,4,4,1,1,3,1,3,4,2.77,0,0,FALSE
Female,Loyal Customer,55,Business Travel,Business,1744,4,4,4,4,5,4,5,4,4,4,4,5,4,4.23,0,0,TRUE
Female,Loyal Customer,28,Personal Travel,Eco,1145,1,5,1,2,4,1,4,4,3,5,3,4,4,3.15,0,0,FALSE
Male,Loyal Customer,24,Personal Travel,Eco Plus,337,2,3,2,3,1,2,1,1,4,5,3,3,1,2.38,39,44,FALSE
Male,Loyal Customer,47,Business Travel,Business,3928,4,5,4,4,5,5,5,4,4,4,4,5,3,4.31,0,11,TRUE
Male,Disloyal Customer,23,Business Travel,Eco,386,2,2,2,3,5,2,5,5,3,4,3,1,5,3.23,0,0,FALSE
Male,Loyal Customer,47,Business Travel,Business,158,5,5,4,5,3,4,4,3,3,4,4,4,4,4,0,0,TRUE
Female,Loyal Customer,37,Business Travel,Business,819,3,3,3,3,5,4,5,4,4,4,4,5,5,4,53,55,TRUE
Male,Loyal Customer,28,Business Travel,Business,2072,5,5,5,5,5,5,5,5,3,4,4,5,5,4.69,60,121,TRUE
Male,Loyal Customer,60,Personal Travel,Eco,226,3,5,3,4,2,3,3,2,5,5,4,3,2,3.38,0,0,FALSE
Male,Loyal Customer,39,Business Travel,Business,955,3,3,3,3,5,5,4,4,4,4,4,5,4,3.92,0,0,TRUE
Female,Loyal Customer,37,Business Travel,Business,2025,2,3,4,3,1,3,4,2,2,2,2,4,2,2.62,0,0,FALSE
Female,Loyal Customer,41,Business Travel,Business,2097,1,1,1,1,4,2,4,5,5,4,5,1,2,2.77,14,16,TRUE
Male,Disloyal Customer,39,Business Travel,Eco,413,2,0,2,5,3,2,3,3,4,3,1,4,3,2.69,0,0,FALSE
Male,Loyal Customer,9,Personal Travel,Eco,383,3,5,3,1,4,3,4,4,3,3,4,4,4,3.46,0,0,FALSE
Male,Disloyal Customer,29,Business Travel,Eco,991,2,2,2,2,1,2,1,1,4,3,3,2,1,2,5,0,FALSE
Female,Loyal Customer,57,Business Travel,Business,1605,5,5,5,5,3,1,3,4,4,4,5,1,4,3.77,29,49,TRUE
Female,Loyal Customer,43,Business Travel,Business,3607,4,4,4,4,4,5,4,4,4,4,4,4,5,4.15,0,0,TRUE
Male,Loyal Customer,44,Personal Travel,Eco Plus,1400,0,3,0,2,1,0,1,1,5,5,1,2,1,1.69,7,0,TRUE
Male,Loyal Customer,38,Business Travel,Business,1747,1,3,1,1,4,5,1,5,5,5,5,4,2,3.23,26,4,TRUE
Male,Loyal Customer,23,Business Travel,Eco Plus,1956,4,2,2,2,4,4,2,4,1,1,2,2,4,2.62,3,0,FALSE
Female,Loyal Customer,40,Business Travel,Business,1705,1,1,1,1,5,4,5,4,4,4,4,4,3,3.15,0,0,TRUE
Female,Loyal Customer,48,Business Travel,Business,2976,3,3,3,3,2,4,4,5,5,5,5,4,4,3.85,16,5,TRUE
Male,Loyal Customer,64,Personal Travel,Eco,458,2,1,2,4,3,2,3,3,3,1,3,4,3,2.62,0,0,FALSE
Male,Loyal Customer,49,Business Travel,Business,723,5,5,5,5,2,4,5,4,4,4,4,3,5,4.23,0,0,TRUE
Male,Loyal Customer,45,Business Travel,Business,1620,4,5,5,5,5,2,4,4,4,4,4,4,4,4.15,1,18,FALSE
Female,Loyal Customer,9,Personal Travel,Eco,399,1,4,1,3,4,1,4,4,3,5,4,3,4,3.15,0,19,FALSE
Male,Loyal Customer,53,Personal Travel,Eco,277,4,4,0,4,5,0,4,5,2,4,4,1,5,3.23,12,25,TRUE
Male,Loyal Customer,47,Personal Travel,Eco,2586,1,3,1,2,1,3,3,4,1,3,2,3,3,2.31,26,19,FALSE
Male,Loyal Customer,19,Personal Travel,Eco,1562,4,4,4,2,4,4,4,4,5,2,4,4,4,3.77,0,0,FALSE
Female,Loyal Customer,35,Business Travel,Business,1728,2,4,4,4,3,2,4,2,2,2,2,4,2,2.85,0,6,FALSE
Male,Disloyal Customer,38,Business Travel,Business,472,4,4,4,5,5,4,5,5,4,4,4,5,5,4.46,52,49,TRUE
Female,Loyal Customer,29,Personal Travel,Eco Plus,1246,3,4,3,3,2,3,2,2,4,4,4,3,2,3,0,0,FALSE
Male,Loyal Customer,11,Personal Travel,Eco,226,2,4,2,3,3,2,3,3,4,3,4,3,3,3,0,0,FALSE
Male,Loyal Customer,48,Personal Travel,Eco,281,4,5,4,3,3,4,3,3,1,5,3,1,3,3.23,11,1,FALSE
Male,Loyal Customer,32,Business Travel,Eco,689,3,1,1,1,3,3,3,3,1,4,3,4,3,2.54,0,0,FALSE
Female,Loyal Customer,36,Business Travel,Business,2116,1,1,1,1,2,4,2,5,5,5,5,3,5,3.08,52,70,TRUE
Female,Loyal Customer,49,Business Travel,Business,843,2,2,2,2,3,5,5,4,4,3,4,5,3,3.38,3,5,TRUE
Male,Disloyal Customer,42,Business Travel,Eco,438,2,0,2,2,2,2,2,2,3,1,3,4,2,2.08,34,36,FALSE
Female,Loyal Customer,13,Personal Travel,Eco,2434,2,5,2,3,2,2,2,2,3,3,3,3,2,2.62,0,0,FALSE
Female,Loyal Customer,38,Business Travel,Business,2638,3,3,3,3,4,4,3,3,3,3,3,3,3,3.15,0,0,FALSE
Female,Loyal Customer,16,Personal Travel,Eco,1069,0,5,0,2,2,0,2,2,5,2,5,5,2,2.46,0,0,TRUE
Female,Loyal Customer,24,Business Travel,Business,628,3,3,5,3,5,5,5,5,1,5,5,1,5,3.92,0,0,TRUE
Female,Disloyal Customer,20,Business Travel,Business,604,0,4,0,2,1,0,1,1,3,4,5,4,1,2,0,3,TRUE
Male,Loyal Customer,55,Business Travel,Business,296,1,1,1,1,5,4,5,5,5,5,5,3,4,3.46,16,6,TRUE
Female,Loyal Customer,22,Personal Travel,Eco,641,3,5,4,1,2,4,2,2,5,2,5,4,2,3.15,41,50,FALSE
Male,Loyal Customer,30,Business Travel,Business,1979,5,5,3,5,5,5,5,5,5,5,4,3,5,4.62,25,24,TRUE
Male,Disloyal Customer,25,Business Travel,Eco,1046,2,2,2,1,5,2,5,5,2,5,3,1,5,3.08,0,0,FALSE
Female,Loyal Customer,58,Business Travel,Business,2127,4,2,2,2,2,3,4,4,4,4,4,3,3,3.15,1,0,FALSE
Male,Loyal Customer,20,Business Travel,Business,1576,3,1,2,2,3,3,3,3,2,1,4,4,3,2.62,1,24,FALSE
Female,Disloyal Customer,20,Business Travel,Eco,159,2,4,3,3,5,3,5,5,2,2,4,3,5,3.54,9,42,FALSE
Female,Disloyal Customer,50,Business Travel,Eco Plus,1048,2,2,2,3,4,2,4,4,4,5,3,2,4,3.15,0,0,FALSE
Male,Loyal Customer,44,Business Travel,Business,1642,5,5,5,5,3,5,5,5,5,5,5,3,5,4.69,3,1,TRUE
Male,Loyal Customer,58,Business Travel,Business,1747,1,3,3,3,5,2,2,1,1,1,1,4,2,2.23,29,21,FALSE
Female,Loyal Customer,40,Business Travel,Business,1744,4,4,4,4,3,2,3,4,4,4,4,3,2,3.46,13,31,FALSE
Female,Loyal Customer,31,Personal Travel,Eco,109,4,2,4,2,4,4,4,4,1,4,2,1,4,3.08,0,0,FALSE
Male,Loyal Customer,62,Personal Travel,Eco,1017,1,3,2,4,1,2,1,1,3,4,4,3,1,2.31,0,3,FALSE
Male,Loyal Customer,50,Business Travel,Eco,689,2,4,4,4,2,2,2,2,3,1,3,1,2,2.46,1,0,FALSE
Female,Loyal Customer,69,Personal Travel,Eco,937,4,4,4,3,2,3,3,3,3,4,3,2,3,3.15,1,17,FALSE
Male,Loyal Customer,38,Personal Travel,Eco,466,3,4,3,1,1,3,4,1,5,2,5,5,1,2.92,0,0,FALSE
Female,Loyal Customer,39,Business Travel,Business,2459,2,2,2,2,5,4,5,4,4,4,4,5,3,3.54,21,9,TRUE
Female,Loyal Customer,31,Personal Travel,Eco Plus,125,1,1,1,4,5,1,5,5,3,5,3,2,5,3.15,0,0,FALSE
Male,Loyal Customer,46,Business Travel,Business,2327,3,3,3,3,4,5,4,4,4,4,4,5,4,3.85,23,22,TRUE
Female,Loyal Customer,42,Personal Travel,Eco,868,2,2,2,4,5,3,3,1,1,2,1,4,1,2.38,0,0,FALSE
Male,Disloyal Customer,20,Business Travel,Eco,1590,3,3,3,1,2,3,2,2,4,2,3,3,2,2.54,9,0,FALSE
Male,Loyal Customer,29,Business Travel,Business,1995,2,5,5,5,2,2,2,2,3,3,3,3,2,3,49,45,FALSE
Male,Disloyal Customer,23,Business Travel,Eco,563,1,5,1,5,1,1,1,1,1,4,5,4,1,2.38,109,117,FALSE
Male,Loyal Customer,43,Business Travel,Business,2204,1,1,1,1,2,5,5,4,4,4,4,5,3,3.08,13,21,TRUE
Female,Loyal Customer,22,Business Travel,Eco,1179,4,1,1,1,4,4,3,4,1,5,2,1,4,2.69,0,0,TRUE
Male,Loyal Customer,27,Personal Travel,Eco,237,4,5,4,5,1,4,1,1,5,5,5,3,1,3.38,0,0,TRUE
Female,Loyal Customer,60,Business Travel,Business,1612,2,2,2,2,4,3,3,2,2,2,2,3,2,2.38,0,0,FALSE
Female,Loyal Customer,36,Business Travel,Eco Plus,232,4,5,5,5,4,4,4,4,2,1,2,5,4,3.77,2,1,TRUE
Male,Loyal Customer,28,Personal Travel,Eco,862,4,3,4,3,2,4,2,2,3,4,3,3,2,3,6,4,FALSE
Male,Loyal Customer,9,Personal Travel,Eco,1325,1,2,1,3,2,1,2,2,4,2,4,1,2,2.08,0,0,FALSE
Female,Disloyal Customer,36,Business Travel,Eco Plus,1075,2,1,1,3,4,1,4,4,1,3,4,3,4,2.69,21,73,FALSE
Female,Disloyal Customer,34,Business Travel,Business,2422,3,3,3,3,1,3,1,1,4,4,4,4,1,2.69,16,0,FALSE
Female,Disloyal Customer,17,Business Travel,Eco,591,4,0,4,1,2,4,2,2,5,4,5,3,2,2.92,0,0,TRUE
Male,Loyal Customer,54,Business Travel,Eco,1407,1,1,1,1,1,1,1,1,4,5,4,1,1,1.77,10,0,FALSE
Female,Loyal Customer,36,Personal Travel,Eco,802,1,4,2,4,1,2,1,1,4,4,3,3,1,2.38,1,0,FALSE
Female,Loyal Customer,58,Business Travel,Business,479,3,3,3,3,3,5,5,4,4,4,4,4,4,3.77,0,0,TRUE
Male,Loyal Customer,42,Business Travel,Business,2261,5,5,5,5,3,5,5,4,4,5,4,5,3,4.46,0,0,TRUE
Female,Loyal Customer,65,Business Travel,Business,302,1,1,1,1,5,1,3,4,4,4,4,5,2,2.77,0,0,TRUE
Female,Loyal Customer,30,Business Travel,Business,1069,3,3,3,3,5,5,5,5,3,2,1,5,5,3.69,0,0,TRUE
Male,Disloyal Customer,20,Business Travel,Business,234,4,5,4,1,1,4,1,1,4,3,4,5,1,2.92,1,25,TRUE
Male,Disloyal Customer,34,Business Travel,Eco,308,4,0,4,4,4,4,4,4,1,3,1,3,4,3.08,0,5,FALSE
Male,Loyal Customer,57,Personal Travel,Eco,1050,1,5,2,4,5,2,5,5,4,2,4,3,5,3.62,20,13,FALSE
Male,Loyal Customer,24,Personal Travel,Eco,239,2,5,0,4,2,0,3,2,4,2,4,3,2,2.54,33,16,FALSE
Female,Loyal Customer,40,Business Travel,Business,1990,3,4,3,3,4,3,4,4,4,4,4,5,5,3.85,7,0,TRUE
Female,Loyal Customer,41,Business Travel,Business,3902,2,2,2,2,5,4,4,5,5,5,5,5,4,3.85,0,0,TRUE
Male,Disloyal Customer,23,Business Travel,Eco,1197,2,2,2,1,5,2,5,5,4,3,4,3,5,3.31,0,0,FALSE
Female,Loyal Customer,35,Personal Travel,Business,106,4,4,0,1,2,5,5,4,4,0,5,3,5,3.23,0,0,TRUE
Male,Disloyal Customer,22,Business Travel,Eco,1487,2,2,2,3,2,2,2,2,3,3,4,5,2,2.62,40,27,FALSE
Female,Loyal Customer,31,Business Travel,Business,3323,2,2,2,2,5,5,5,5,4,4,5,4,5,3.85,13,11,TRUE
Female,Loyal Customer,37,Business Travel,Business,447,1,1,1,1,5,4,4,3,3,3,3,4,4,2.85,0,0,TRUE
Female,Disloyal Customer,36,Business Travel,Business,719,2,2,2,2,5,2,5,5,4,4,4,3,5,3.46,7,2,FALSE
Female,Loyal Customer,39,Business Travel,Business,590,5,5,5,5,4,5,5,4,4,4,4,4,5,4.54,21,18,TRUE
Female,Disloyal Customer,56,Business Travel,Eco,67,2,0,2,3,3,2,3,3,3,5,2,3,3,2.62,0,16,FALSE
Male,Loyal Customer,53,Business Travel,Business,1979,5,5,5,5,4,5,4,3,3,4,3,5,4,4.23,9,0,TRUE
Female,Loyal Customer,43,Business Travel,Business,3175,1,3,3,3,5,3,4,1,1,1,1,3,1,2.31,54,55,FALSE
Male,Loyal Customer,50,Personal Travel,Eco Plus,1389,1,5,1,3,4,1,4,4,5,1,1,5,4,3,20,7,FALSE
Male,Disloyal Customer,23,Business Travel,Eco,270,2,3,3,1,1,3,1,1,1,1,1,1,1,1.54,13,20,FALSE
Female,Loyal Customer,39,Business Travel,Business,1931,1,1,1,1,2,5,5,4,4,4,4,4,4,3.08,83,95,TRUE
Female,Disloyal Customer,48,Business Travel,Eco Plus,238,4,4,4,1,4,4,4,4,4,5,1,5,4,3.69,74,109,TRUE
Male,Loyal Customer,56,Business Travel,Business,2173,3,3,3,3,4,5,3,4,4,4,4,5,3,3.69,0,0,TRUE
Female,Loyal Customer,23,Business Travel,Eco,2399,5,3,3,3,5,5,3,5,5,5,3,4,5,4.15,0,0,TRUE
Female,Loyal Customer,42,Business Travel,Business,2704,5,5,5,5,2,3,5,5,5,5,5,5,4,4.54,0,0,TRUE
Female,Loyal Customer,52,Business Travel,Business,3425,1,2,2,2,1,4,4,1,1,1,1,2,4,2,70,64,FALSE
Male,Disloyal Customer,48,Business Travel,Business,2092,3,3,3,2,5,3,5,5,4,5,5,3,5,3.92,8,0,FALSE
Female,Loyal Customer,47,Business Travel,Business,3748,4,4,4,4,3,5,5,4,4,4,4,3,4,4,4,16,TRUE
Female,Loyal Customer,58,Business Travel,Business,1861,3,3,3,3,5,4,4,3,3,3,3,1,4,3.23,0,0,FALSE
Female,Loyal Customer,46,Personal Travel,Eco,431,2,5,5,3,3,5,4,3,3,5,3,4,4,3.77,0,0,FALSE
Male,Loyal Customer,30,Personal Travel,Eco,551,2,1,3,3,3,3,5,3,2,3,3,1,3,2.69,0,0,FALSE
Female,Loyal Customer,62,Business Travel,Business,325,2,3,3,3,5,4,4,2,2,1,2,3,2,2.77,11,0,FALSE
Female,Loyal Customer,44,Business Travel,Eco Plus,1849,3,2,2,2,4,2,3,3,3,3,3,4,2,2.77,0,0,FALSE
Female,Disloyal Customer,38,Business Travel,Eco,386,2,1,1,2,2,1,2,2,3,1,2,3,2,1.85,25,17,FALSE
Female,Loyal Customer,22,Personal Travel,Eco,861,4,5,4,3,4,4,4,4,5,3,4,4,4,4,0,0,FALSE
Female,Loyal Customer,20,Business Travel,Business,1186,5,5,5,5,5,5,5,5,3,5,4,4,5,4.69,5,0,TRUE
Female,Loyal Customer,38,Business Travel,Business,646,2,2,2,2,2,4,4,5,5,5,5,3,5,3.54,0,0,TRUE
Female,Loyal Customer,38,Business Travel,Business,2615,3,5,5,5,5,4,3,3,3,3,3,1,1,3.38,0,0,FALSE
Female,Loyal Customer,46,Personal Travel,Eco,2521,2,3,2,4,3,4,4,2,2,2,2,4,3,2.85,0,0,FALSE
Male,Loyal Customer,34,Business Travel,Eco,160,3,5,5,5,3,3,3,3,2,3,3,1,3,3.23,0,0,FALSE
Female,Loyal Customer,27,Personal Travel,Eco Plus,337,4,2,4,4,4,4,4,4,3,4,4,2,4,3.62,0,0,FALSE
Female,Disloyal Customer,22,Business Travel,Eco,584,2,5,2,1,4,2,4,4,4,3,4,4,4,3.31,5,14,FALSE
Male,Loyal Customer,69,Personal Travel,Eco,628,3,4,4,3,2,4,2,2,5,3,4,5,2,3.31,0,0,FALSE
Female,Loyal Customer,54,Business Travel,Business,2301,3,3,3,3,5,5,5,2,2,2,2,3,5,3.31,0,0,TRUE
Female,Disloyal Customer,30,Business Travel,Eco,170,3,0,4,2,3,4,3,3,4,2,2,2,3,2.69,0,0,FALSE
Male,Disloyal Customer,22,Business Travel,Eco,1020,3,2,2,4,2,3,3,1,5,3,3,3,3,2.85,123,134,FALSE
Female,Disloyal Customer,24,Business Travel,Eco,1517,2,2,2,4,3,2,3,3,3,4,4,1,3,2.77,13,0,FALSE
Male,Loyal Customer,36,Business Travel,Eco,516,2,3,3,3,2,2,2,2,3,4,3,3,2,2.62,1,0,FALSE
Male,Loyal Customer,59,Business Travel,Business,3912,4,4,4,4,4,5,5,5,5,4,5,5,3,4.38,125,121,TRUE
Male,Disloyal Customer,39,Business Travel,Eco,423,1,0,1,3,2,1,2,2,1,1,5,5,2,2,14,21,FALSE
Female,Loyal Customer,35,Business Travel,Eco,844,5,4,4,4,5,5,5,5,3,1,4,1,5,3.92,32,19,TRUE
Male,Loyal Customer,60,Business Travel,Business,3352,3,3,3,3,2,3,4,3,3,3,3,4,1,2.92,0,2,FALSE
Female,Loyal Customer,32,Business Travel,Business,3051,5,5,5,5,2,2,2,2,5,5,2,2,2,3.38,0,0,TRUE
Female,Disloyal Customer,20,Business Travel,Eco,1142,4,4,4,5,5,4,5,5,5,5,4,4,5,4.54,0,0,TRUE
Female,Loyal Customer,49,Personal Travel,Eco,1499,1,2,0,4,5,4,4,1,1,0,1,3,1,2.08,3,0,FALSE
Male,Loyal Customer,12,Personal Travel,Eco,2182,3,1,3,3,2,3,3,2,1,3,4,4,2,2.62,2,0,FALSE
Female,Disloyal Customer,24,Business Travel,Business,109,0,0,1,3,4,1,4,4,5,4,5,4,4,3,0,0,TRUE
Male,Loyal Customer,8,Personal Travel,Eco,590,2,2,2,3,5,2,5,5,3,2,3,4,5,3.31,0,0,FALSE
Female,Loyal Customer,61,Business Travel,Eco,216,4,4,4,4,3,5,1,4,4,4,4,2,2,3.46,0,0,TRUE
Female,Loyal Customer,40,Business Travel,Business,250,2,2,2,2,4,3,3,2,2,2,2,3,1,2.31,0,0,FALSE
Male,Loyal Customer,55,Business Travel,Business,770,1,1,2,1,4,4,4,2,2,2,2,5,4,2.62,9,13,TRUE
Female,Loyal Customer,9,Personal Travel,Eco,258,3,1,3,3,1,3,1,1,2,4,3,3,1,2.23,36,43,FALSE
Female,Loyal Customer,48,Personal Travel,Eco,2218,3,3,3,3,1,2,4,2,2,3,2,4,1,2.54,0,0,FALSE
Female,Loyal Customer,18,Business Travel,Business,2139,3,1,1,1,3,2,3,3,2,2,3,1,3,2.15,0,0,FALSE
Male,Disloyal Customer,36,Business Travel,Business,368,2,2,2,2,2,2,2,2,4,4,5,3,2,2.62,0,0,FALSE
Male,Loyal Customer,60,Business Travel,Business,1680,1,5,5,5,1,1,1,1,5,3,2,1,1,2.46,200,172,FALSE
Male,Loyal Customer,53,Personal Travel,Eco,102,1,5,1,3,3,1,3,3,3,2,5,4,3,2.85,7,18,FALSE
Male,Loyal Customer,38,Business Travel,Business,2565,3,3,3,3,4,4,5,2,2,2,2,3,4,3.08,42,37,TRUE
Male,Loyal Customer,26,Personal Travel,Eco,179,1,5,1,2,2,1,5,2,2,4,2,2,2,2.38,0,0,FALSE
Male,Loyal Customer,41,Business Travel,Business,1032,2,2,2,2,5,4,4,5,5,5,5,5,3,3.77,0,0,TRUE
Female,Loyal Customer,38,Business Travel,Eco,214,3,1,1,1,3,3,3,3,3,1,4,3,3,2.46,0,14,FALSE
Female,Loyal Customer,58,Personal Travel,Eco,152,2,4,2,2,4,5,4,1,1,2,1,4,5,2.85,0,0,FALSE
Male,Loyal Customer,33,Personal Travel,Business,2367,3,5,3,4,2,3,2,2,3,3,4,5,2,3.15,64,39,FALSE
Male,Loyal Customer,60,Business Travel,Business,2831,3,3,3,3,2,5,5,4,4,4,4,3,3,3.54,0,0,TRUE
Female,Disloyal Customer,44,Business Travel,Business,280,1,1,1,3,3,1,3,3,3,5,5,5,3,2.85,0,0,FALSE
Female,Loyal Customer,36,Business Travel,Business,1870,3,3,3,3,2,1,3,4,4,4,4,4,4,3.23,0,0,TRUE
Female,Disloyal Customer,59,Business Travel,Eco Plus,508,3,3,3,4,4,3,4,4,2,1,3,1,4,3,0,0,FALSE
Female,Loyal Customer,44,Business Travel,Eco,414,1,3,3,3,4,3,2,1,1,1,1,4,1,2.15,20,13,FALSE
Male,Loyal Customer,39,Business Travel,Eco,101,4,3,3,3,4,5,4,4,2,4,5,4,4,3.77,0,0,TRUE
Female,Loyal Customer,48,Personal Travel,Eco Plus,779,4,5,4,2,4,2,1,4,3,5,5,1,1,3.15,219,223,FALSE
Female,Loyal Customer,19,Business Travel,Eco Plus,909,4,3,3,3,4,4,1,4,4,2,4,2,4,3.23,50,41,FALSE
Male,Loyal Customer,37,Business Travel,Business,3265,2,2,2,2,2,5,4,5,5,5,4,4,2,3.38,0,0,TRUE
Female,Loyal Customer,48,Business Travel,Business,2544,1,1,1,1,4,5,4,5,5,5,5,5,5,3.62,0,0,TRUE
Male,Loyal Customer,25,Personal Travel,Eco Plus,851,4,4,4,1,2,4,2,2,5,4,4,5,2,3.31,0,0,FALSE
Male,Disloyal Customer,26,Business Travel,Business,1167,1,1,1,3,4,1,4,4,1,1,2,3,4,2.31,0,2,FALSE
Female,Loyal Customer,48,Business Travel,Eco,784,1,4,4,4,1,3,2,1,1,1,1,4,2,2.23,0,0,FALSE
Female,Loyal Customer,12,Personal Travel,Eco,370,1,3,1,2,1,1,1,1,2,5,5,4,1,2.15,0,0,FALSE
Female,Loyal Customer,32,Business Travel,Business,3878,4,2,4,4,4,4,4,4,4,5,4,5,4,4,0,0,TRUE
Male,Loyal Customer,60,Personal Travel,Eco,224,2,4,2,4,5,2,5,5,1,5,3,2,5,3.46,0,0,FALSE
Male,Loyal Customer,61,Business Travel,Business,3451,1,1,1,1,4,4,5,2,2,2,2,5,3,2.54,13,15,TRUE
Female,Loyal Customer,69,Personal Travel,Eco,909,2,3,2,4,5,3,3,5,5,2,5,4,4,3.62,15,10,FALSE
Male,Disloyal Customer,25,Business Travel,Eco Plus,302,2,0,2,5,4,2,4,4,1,4,3,5,4,3.08,0,0,FALSE
Female,Loyal Customer,49,Business Travel,Business,862,5,5,5,5,4,4,4,5,5,5,5,4,4,4.62,61,44,TRUE
Female,Loyal Customer,48,Business Travel,Business,2382,3,1,3,3,2,4,5,3,3,3,3,4,5,3.23,30,31,TRUE
Female,Loyal Customer,58,Business Travel,Business,1956,2,2,2,2,2,4,4,5,5,5,5,4,5,3.62,13,14,TRUE
Female,Loyal Customer,42,Business Travel,Business,3674,1,1,1,1,4,4,5,5,5,5,5,5,4,3.54,0,0,TRUE
Male,Loyal Customer,20,Personal Travel,Eco Plus,588,1,4,1,4,3,1,3,3,4,5,4,5,3,3.15,0,0,FALSE
Male,Loyal Customer,28,Business Travel,Business,1587,2,2,2,2,4,4,4,4,5,3,4,4,4,3.38,0,0,TRUE
Female,Loyal Customer,43,Business Travel,Business,425,5,5,3,5,5,5,4,4,4,4,4,3,4,4.23,0,0,TRUE
Female,Loyal Customer,26,Personal Travel,Eco,1464,3,4,3,3,3,5,5,4,3,4,4,5,5,3.92,298,273,FALSE
Female,Loyal Customer,25,Personal Travel,Eco,922,3,5,3,3,4,3,4,4,5,2,4,3,4,3.62,1,0,FALSE
Female,Loyal Customer,23,Personal Travel,Eco,737,2,5,2,3,4,2,4,4,4,2,4,3,4,3.31,114,113,FALSE
Female,Loyal Customer,40,Business Travel,Eco,2521,3,1,1,1,3,3,3,4,3,1,2,3,3,2.38,6,49,FALSE
Female,Disloyal Customer,22,Business Travel,Business,594,4,0,4,3,5,4,5,5,5,4,5,5,5,4.15,0,0,TRUE
Male,Disloyal Customer,23,Business Travel,Business,936,4,2,4,1,2,4,4,2,3,5,4,4,2,3.15,0,0,TRUE
Male,Loyal Customer,57,Personal Travel,Eco,946,4,2,4,3,3,4,3,3,2,1,4,4,3,3.08,0,14,FALSE
Female,Loyal Customer,65,Personal Travel,Eco,921,3,4,3,3,4,4,5,2,2,3,2,3,5,3.31,0,0,FALSE
Female,Disloyal Customer,28,Business Travel,Eco,868,4,4,4,4,2,4,2,2,2,3,3,4,2,3.08,26,28,FALSE
Female,Loyal Customer,63,Business Travel,Business,2181,3,5,1,5,2,3,4,3,3,3,3,3,4,3.23,3,13,FALSE
Male,Loyal Customer,42,Business Travel,Business,213,4,2,3,3,4,3,4,1,1,1,4,3,4,2.85,59,44,FALSE
Male,Loyal Customer,22,Personal Travel,Eco,271,1,3,1,4,5,1,5,5,1,4,3,2,5,3.08,0,26,FALSE
Male,Disloyal Customer,54,Business Travel,Eco,1379,2,2,2,3,1,2,1,1,4,4,4,2,1,2.23,0,0,FALSE
Male,Loyal Customer,47,Business Travel,Business,1948,3,3,3,3,5,5,5,4,4,4,5,3,5,4,0,0,TRUE
Female,Loyal Customer,73,Business Travel,Business,1765,1,1,1,1,2,1,3,4,4,4,4,4,3,2.54,0,0,TRUE
Male,Loyal Customer,41,Business Travel,Business,2604,0,0,0,3,3,5,4,4,4,4,4,3,3,2.85,0,0,TRUE
Female,Loyal Customer,36,Business Travel,Eco,200,4,2,2,2,4,4,4,4,1,2,3,2,4,2.92,0,0,FALSE
Female,Loyal Customer,42,Business Travel,Business,2744,2,1,1,1,3,4,4,2,2,2,2,3,3,2.31,35,31,FALSE
Female,Disloyal Customer,29,Business Travel,Business,409,5,5,5,2,5,0,5,5,5,4,4,5,5,4.23,0,0,TRUE
Female,Loyal Customer,53,Business Travel,Business,3384,5,5,4,5,4,5,4,5,5,5,5,4,3,4.54,37,31,TRUE
Female,Loyal Customer,30,Business Travel,Business,2279,3,3,3,3,5,5,5,5,4,3,5,5,5,4.15,1,0,TRUE
Male,Loyal Customer,10,Personal Travel,Eco,216,0,0,0,3,2,0,2,2,3,3,4,5,2,2,0,0,TRUE
Female,Loyal Customer,44,Business Travel,Eco,771,2,4,4,4,3,4,3,2,2,2,2,2,4,2.92,45,38,FALSE
Male,Loyal Customer,55,Personal Travel,Eco,763,3,5,4,3,2,4,2,2,5,4,4,5,2,3.46,0,0,FALSE
Male,Loyal Customer,45,Business Travel,Business,3000,3,5,5,5,2,3,3,1,1,1,3,3,4,3,120,108,FALSE
Male,Loyal Customer,8,Personal Travel,Eco,290,2,4,2,4,1,2,1,1,3,3,4,4,1,2.46,0,0,FALSE
Male,Loyal Customer,53,Business Travel,Business,2537,2,2,3,2,2,4,4,4,4,4,4,5,1,3.15,29,20,TRUE
Male,Loyal Customer,54,Business Travel,Business,1668,1,5,1,1,2,4,5,5,5,5,5,3,5,3.62,0,0,TRUE
Female,Loyal Customer,40,Personal Travel,Eco,300,4,4,4,3,4,4,4,4,3,2,5,3,4,3.69,24,17,FALSE
Male,Loyal Customer,11,Personal Travel,Eco,1589,3,4,3,4,1,3,1,1,5,4,3,4,1,2.85,101,58,FALSE
Male,Loyal Customer,42,Personal Travel,Business,1214,2,3,2,4,4,2,4,3,3,2,3,1,1,2.62,3,27,FALSE
Male,Disloyal Customer,29,Business Travel,Business,2640,4,4,4,4,4,4,4,2,2,2,4,4,4,3.54,8,0,FALSE
Male,Loyal Customer,25,Business Travel,Business,3267,1,1,1,1,5,5,5,5,3,3,5,5,5,3.46,0,0,TRUE
Female,Loyal Customer,46,Business Travel,Business,1587,3,3,3,3,3,5,4,4,4,4,4,3,5,3.69,2,3,TRUE
Male,Loyal Customer,36,Business Travel,Eco,369,5,5,5,5,5,5,5,5,1,3,3,5,5,4.38,16,4,TRUE
Female,Loyal Customer,35,Personal Travel,Eco,2419,3,2,3,3,5,3,1,5,3,4,4,1,5,3.23,27,13,FALSE
Female,Loyal Customer,42,Business Travel,Business,1906,2,2,2,2,3,4,5,4,4,4,4,3,4,3.31,28,25,TRUE
Female,Loyal Customer,32,Business Travel,Business,377,4,3,3,3,4,4,4,4,2,3,4,1,4,3.31,0,0,FALSE
Male,Loyal Customer,55,Business Travel,Business,3259,4,4,4,4,1,3,1,4,4,4,4,4,5,3.54,0,0,TRUE
Male,Loyal Customer,29,Business Travel,Business,528,1,1,4,1,4,4,4,4,4,2,4,3,4,3.08,0,0,TRUE
Male,Loyal Customer,51,Business Travel,Eco Plus,544,2,5,5,5,2,2,2,2,1,2,4,1,2,2.69,0,0,FALSE
Male,Loyal Customer,53,Personal Travel,Eco,562,4,4,4,3,3,4,3,3,5,4,5,5,3,3.85,0,0,FALSE
Female,Loyal Customer,64,Business Travel,Business,761,3,5,5,5,2,4,4,3,3,3,3,4,3,3.62,0,0,FALSE
Male,Loyal Customer,61,Personal Travel,Eco,606,1,4,1,2,1,1,1,1,5,4,5,5,1,2.46,70,61,FALSE
Female,Loyal Customer,44,Personal Travel,Eco,1009,2,3,2,3,5,3,4,1,1,2,1,4,1,2.46,2,0,FALSE
Male,Loyal Customer,45,Business Travel,Business,627,3,3,3,3,2,4,3,3,3,3,3,4,3,3.08,0,10,FALSE
Male,Loyal Customer,50,Personal Travel,Eco,666,4,4,4,3,5,4,5,5,1,2,4,4,5,3.85,6,1,FALSE
Male,Loyal Customer,34,Business Travel,Business,2149,1,1,5,1,4,5,5,4,4,5,4,4,5,3.69,26,14,TRUE
Female,Loyal Customer,50,Business Travel,Eco,1050,4,5,5,5,2,1,3,4,4,4,4,1,3,3.46,0,0,TRUE
Male,Loyal Customer,58,Business Travel,Eco Plus,284,5,4,2,4,5,5,5,5,3,2,2,1,5,3.69,60,45,TRUE
Female,Loyal Customer,66,Personal Travel,Eco,605,2,3,2,3,4,4,4,5,5,2,2,4,2,3.23,0,7,FALSE
Male,Loyal Customer,43,Business Travel,Business,3984,4,4,4,4,2,5,4,2,2,3,2,3,5,3.38,7,0,TRUE
Male,Disloyal Customer,24,Business Travel,Eco,1204,5,5,5,4,2,5,5,2,5,3,4,5,2,4,15,0,TRUE
Female,Loyal Customer,45,Personal Travel,Eco,794,2,2,2,4,2,4,4,4,5,4,4,4,4,3.46,338,333,FALSE
Male,Loyal Customer,49,Business Travel,Business,1565,2,2,2,2,5,5,4,5,5,5,5,4,5,3.92,0,0,TRUE
Male,Loyal Customer,47,Business Travel,Eco,967,4,5,3,5,3,4,3,3,1,1,3,4,3,3.23,23,45,FALSE
Male,Disloyal Customer,23,Business Travel,Eco,101,1,1,1,2,1,1,1,1,1,5,2,3,1,1.62,0,11,FALSE
Female,Loyal Customer,24,Business Travel,Business,1590,3,3,3,3,3,3,3,3,2,3,4,3,3,3,0,0,FALSE
Male,Disloyal Customer,18,Business Travel,Eco,1147,3,3,3,4,3,3,3,3,4,3,4,1,3,3.08,0,21,FALSE
Male,Loyal Customer,43,Personal Travel,Eco,595,3,5,3,5,3,3,3,3,1,4,4,2,3,3.23,3,0,FALSE
Female,Loyal Customer,60,Business Travel,Eco,643,3,3,3,3,5,3,3,3,3,3,3,3,2,3.08,0,0,FALSE
Male,Loyal Customer,34,Personal Travel,Eco,140,1,5,1,1,2,1,2,2,4,5,3,4,2,2.54,45,50,FALSE
Male,Loyal Customer,47,Business Travel,Eco,386,2,3,3,3,2,2,2,2,1,3,4,5,2,2.62,7,1,TRUE
Male,Loyal Customer,72,Business Travel,Eco,1199,1,2,1,1,1,1,1,1,3,5,4,1,1,1.77,4,0,FALSE
Male,Loyal Customer,13,Personal Travel,Eco Plus,1788,2,5,2,4,2,2,2,2,4,4,4,3,2,2.92,0,0,FALSE
Female,Disloyal Customer,27,Business Travel,Business,1012,4,3,3,2,3,3,3,3,4,2,5,3,3,3.15,0,0,FALSE
Male,Loyal Customer,39,Business Travel,Business,583,5,5,5,5,3,4,5,5,5,5,5,3,3,4.46,11,8,TRUE
Female,Loyal Customer,42,Business Travel,Eco,812,5,1,1,1,2,3,2,5,5,5,5,1,1,2.85,39,32,TRUE
Female,Disloyal Customer,30,Business Travel,Business,2330,2,2,2,3,2,2,2,2,4,5,5,3,2,2.77,0,0,FALSE
Male,Disloyal Customer,43,Business Travel,Eco,239,3,0,3,4,5,3,5,5,3,3,5,5,5,3.77,2,0,FALSE
Female,Loyal Customer,52,Business Travel,Eco,192,3,1,1,1,2,2,2,3,3,3,3,2,3,2.23,1,0,FALSE
Female,Disloyal Customer,25,Business Travel,Eco,1050,4,4,4,1,5,4,2,5,4,1,1,4,5,3.38,0,5,TRUE
Male,Loyal Customer,31,Business Travel,Business,3502,1,1,1,1,4,4,4,4,5,3,5,4,4,3.15,26,28,TRUE
Female,Loyal Customer,7,Personal Travel,Eco,882,1,2,1,3,2,1,4,2,1,1,4,1,2,1.92,34,27,FALSE
Female,Loyal Customer,55,Business Travel,Business,3678,4,5,5,5,2,2,2,4,4,3,4,1,3,3.38,9,7,FALSE
Male,Loyal Customer,51,Business Travel,Business,1750,2,4,4,4,2,3,4,2,2,1,2,2,3,2.69,0,0,FALSE
Female,Loyal Customer,43,Business Travel,Business,2523,2,2,2,2,4,5,4,4,4,4,4,3,5,3.46,47,28,TRUE
Female,Loyal Customer,33,Personal Travel,Eco,765,5,4,5,4,3,5,3,3,3,4,5,5,3,4,0,0,TRUE
Female,Loyal Customer,52,Personal Travel,Eco Plus,1463,4,4,4,4,1,2,3,2,2,4,2,3,3,2.92,0,0,FALSE
Female,Disloyal Customer,31,Business Travel,Eco,978,2,2,2,3,5,2,5,5,5,3,2,2,5,3.31,0,0,FALSE
Female,Loyal Customer,26,Personal Travel,Eco Plus,591,4,5,4,2,3,4,3,3,3,3,5,5,3,3.62,0,0,FALSE
Male,Disloyal Customer,39,Business Travel,Eco,425,4,0,4,5,3,4,3,3,3,5,3,1,3,3.15,8,6,FALSE
Male,Loyal Customer,41,Business Travel,Business,926,2,2,2,2,5,4,4,5,5,5,5,3,3,3.62,21,13,TRUE
Female,Loyal Customer,70,Personal Travel,Eco,342,2,4,2,5,1,2,4,4,4,2,4,4,1,3,118,107,FALSE
Female,Loyal Customer,29,Personal Travel,Eco,1015,1,3,1,4,5,1,5,5,4,1,2,3,5,3.08,32,57,FALSE
Male,Loyal Customer,36,Personal Travel,Eco,570,1,4,1,3,2,1,2,2,1,1,3,2,2,1.92,0,0,FALSE
Male,Loyal Customer,25,Business Travel,Business,2060,1,1,1,1,4,5,4,4,5,3,4,3,4,3.08,0,0,TRUE
Female,Loyal Customer,51,Business Travel,Business,3455,1,1,1,1,2,3,4,1,1,1,1,3,1,1.62,0,0,FALSE
Female,Disloyal Customer,29,Business Travel,Eco Plus,2133,3,3,3,2,1,3,1,1,3,5,5,5,1,2.77,35,22,FALSE
Female,Disloyal Customer,20,Business Travel,Eco,364,2,4,2,3,5,2,2,5,5,2,4,4,5,3.46,47,48,FALSE
Female,Disloyal Customer,20,Business Travel,Eco,406,3,0,3,5,1,3,1,1,2,1,2,5,1,2.15,0,0,FALSE
Female,Loyal Customer,55,Business Travel,Business,2001,2,2,2,2,4,4,4,4,4,4,4,4,3,3.31,24,21,TRUE
Male,Loyal Customer,29,Business Travel,Business,646,3,3,3,3,4,4,4,4,4,3,5,3,4,3.62,0,0,TRUE
Male,Loyal Customer,68,Personal Travel,Eco Plus,2425,5,5,5,2,1,5,1,1,4,2,4,3,1,3,15,0,TRUE
Male,Loyal Customer,58,Business Travel,Business,1847,1,3,3,3,1,3,3,1,1,1,1,1,1,1.77,0,0,FALSE
Male,Loyal Customer,16,Personal Travel,Eco,814,2,0,2,5,1,2,1,1,3,5,4,3,1,2.31,0,0,FALSE
Male,Loyal Customer,73,Business Travel,Eco,325,1,2,2,2,1,1,1,1,2,4,3,3,1,1.85,1,0,FALSE
Female,Loyal Customer,43,Business Travel,Business,2189,5,5,5,5,3,4,5,5,5,5,5,5,3,4.62,40,48,TRUE
Male,Disloyal Customer,39,Business Travel,Business,354,2,2,2,2,4,2,4,4,4,4,3,1,4,2.92,0,0,FALSE
Female,Disloyal Customer,42,Business Travel,Business,2288,3,3,3,1,1,3,1,1,5,5,5,5,1,2.85,0,0,FALSE
Female,Loyal Customer,26,Business Travel,Business,3986,4,4,4,4,4,4,4,4,4,3,4,5,4,4,0,0,TRUE
Female,Loyal Customer,23,Personal Travel,Eco,861,2,4,2,3,4,2,2,4,5,3,4,5,4,3.38,0,40,FALSE
Female,Loyal Customer,46,Business Travel,Business,3860,3,3,3,3,3,1,1,5,5,5,4,1,3,3.08,0,0,TRUE
Female,Loyal Customer,59,Business Travel,Business,2676,1,1,1,1,5,5,5,5,5,5,5,3,5,3.62,0,0,TRUE
Female,Loyal Customer,49,Business Travel,Business,683,5,5,5,5,2,4,5,4,4,4,4,3,5,4.23,0,0,TRUE
Male,Disloyal Customer,25,Business Travel,Business,423,4,0,4,1,5,4,1,5,4,5,4,3,5,3.46,5,0,TRUE
Female,Disloyal Customer,25,Business Travel,Eco,604,3,3,3,3,4,3,4,4,3,1,4,4,4,3.31,0,0,FALSE
Female,Loyal Customer,36,Business Travel,Eco,1020,2,2,2,2,2,2,2,2,3,4,3,2,2,2.31,12,0,FALSE
Male,Loyal Customer,38,Personal Travel,Eco,717,3,5,2,3,2,2,2,2,2,1,1,3,2,2.31,6,20,FALSE
Female,Loyal Customer,37,Business Travel,Business,1754,1,1,2,1,4,4,4,3,3,4,3,5,5,3.08,0,0,TRUE
Male,Loyal Customer,41,Business Travel,Eco,2569,4,2,2,2,4,4,4,4,5,1,5,3,4,3.38,95,87,TRUE
Female,Loyal Customer,51,Business Travel,Business,158,5,5,5,5,1,4,5,4,4,4,5,3,4,4.15,0,0,TRUE
Female,Loyal Customer,31,Business Travel,Business,633,3,3,3,3,4,4,4,4,1,2,5,2,4,3.23,0,19,TRUE
Female,Disloyal Customer,35,Business Travel,Eco,73,3,0,3,4,3,3,3,3,1,1,2,4,3,2.54,31,23,FALSE
Male,Loyal Customer,21,Personal Travel,Eco,2504,3,1,3,1,3,1,2,4,3,2,2,2,2,2.23,0,1,FALSE
Female,Loyal Customer,13,Business Travel,Business,3851,5,5,5,5,5,5,5,5,3,2,5,4,5,4.54,0,0,TRUE
Female,Loyal Customer,37,Personal Travel,Eco,806,2,4,2,1,2,2,2,2,2,3,5,2,2,2.38,0,0,FALSE
Male,Loyal Customer,20,Business Travel,Eco,1121,4,4,5,5,4,4,4,4,4,2,4,2,4,3.85,10,0,TRUE
Female,Loyal Customer,39,Personal Travel,Eco,802,1,5,0,4,0,3,3,4,3,4,3,3,3,2.77,140,158,FALSE
Female,Loyal Customer,64,Personal Travel,Eco,602,2,4,2,4,5,4,4,3,3,2,3,1,3,3.08,0,0,FALSE
Female,Loyal Customer,60,Personal Travel,Eco Plus,759,5,2,5,4,5,4,4,1,1,5,1,2,3,3.23,0,0,TRUE
Female,Loyal Customer,37,Business Travel,Eco,1304,2,1,1,1,2,3,2,2,4,1,4,1,2,2,0,0,TRUE
Male,Loyal Customer,10,Personal Travel,Eco,896,1,4,1,3,1,1,4,1,3,1,4,4,1,2.23,0,0,FALSE
Female,Loyal Customer,57,Personal Travel,Eco,594,2,3,1,4,5,4,3,3,3,1,3,3,4,3,19,33,FALSE
Male,Loyal Customer,28,Personal Travel,Eco,967,3,5,3,1,4,3,4,4,3,3,4,4,4,3.46,0,0,FALSE
Male,Disloyal Customer,50,Business Travel,Business,1259,2,2,2,4,2,2,2,2,3,2,5,3,2,2.54,0,0,FALSE
Male,Loyal Customer,60,Business Travel,Business,2994,5,5,5,5,2,4,5,4,4,4,4,4,3,4.15,0,0,TRUE
Female,Loyal Customer,56,Business Travel,Business,2645,1,1,1,1,5,5,5,3,4,5,5,5,5,3.54,227,208,TRUE
Male,Loyal Customer,60,Business Travel,Business,541,3,3,2,3,3,5,4,5,5,5,5,5,4,4,0,0,TRUE
Female,Loyal Customer,46,Personal Travel,Eco,187,2,5,0,5,5,4,4,5,5,0,5,3,5,3.69,0,0,FALSE
Female,Loyal Customer,55,Business Travel,Business,3475,2,2,2,2,5,5,4,5,5,5,5,3,4,3.77,71,64,TRUE
Male,Disloyal Customer,34,Business Travel,Eco,833,1,1,1,1,1,1,1,1,5,3,4,5,1,2,0,13,FALSE
Female,Disloyal Customer,30,Business Travel,Eco,795,3,3,3,4,5,3,5,5,2,5,4,2,5,3.77,0,0,FALSE
Male,Loyal Customer,70,Business Travel,Eco,202,3,5,5,5,3,3,3,3,3,2,3,4,3,3.46,27,29,FALSE
Female,Disloyal Customer,26,Business Travel,Business,515,4,4,4,4,2,4,2,2,4,3,4,4,2,3.31,0,0,TRUE
Male,Disloyal Customer,25,Business Travel,Business,523,2,0,2,3,4,2,4,4,4,3,5,4,4,3.15,0,0,FALSE
Male,Loyal Customer,48,Business Travel,Business,3122,2,2,2,2,3,4,5,5,5,5,5,3,4,3.62,0,0,TRUE
Male,Loyal Customer,37,Business Travel,Business,3217,4,4,4,4,4,4,5,5,5,5,5,3,4,4.31,0,1,TRUE
Female,Loyal Customer,40,Business Travel,Eco,669,1,5,5,5,1,1,1,1,2,4,4,4,1,2.69,0,6,FALSE
Female,Loyal Customer,51,Business Travel,Eco,264,4,5,5,5,5,5,1,4,4,4,4,2,4,4,0,0,TRUE
Male,Disloyal Customer,30,Business Travel,Business,733,2,2,2,3,3,2,5,3,4,4,4,4,3,3.15,0,0,FALSE
Female,Loyal Customer,59,Personal Travel,Eco,813,5,4,5,3,2,4,5,1,1,5,1,3,5,3.38,0,0,TRUE
Male,Loyal Customer,43,Personal Travel,Eco,672,2,4,2,1,3,2,3,3,5,4,5,4,3,3.15,8,0,FALSE
Female,Loyal Customer,55,Business Travel,Business,1757,4,4,4,4,5,5,4,5,5,4,5,3,4,4.31,11,28,TRUE
Female,Disloyal Customer,37,Business Travel,Business,1267,5,0,0,5,4,0,4,4,3,5,5,3,4,3.23,0,0,TRUE
Male,Loyal Customer,12,Personal Travel,Eco,67,3,5,3,1,3,3,3,3,3,3,4,5,3,3.23,81,90,FALSE
Female,Loyal Customer,19,Personal Travel,Eco,352,1,4,1,3,5,1,5,5,3,4,5,3,5,3.46,0,0,FALSE
Male,Loyal Customer,42,Business Travel,Business,259,3,1,1,1,2,3,3,3,3,3,3,3,2,2.38,0,0,FALSE
Male,Loyal Customer,29,Business Travel,Business,1514,1,1,1,1,5,5,5,5,3,5,4,5,5,3.54,5,0,TRUE
Male,Loyal Customer,59,Personal Travel,Eco,1995,2,1,2,3,1,2,1,1,1,5,2,3,1,1.92,5,0,FALSE
Male,Loyal Customer,69,Personal Travel,Eco,483,2,5,2,3,5,2,5,5,4,4,5,4,5,3.92,0,0,FALSE
Male,Loyal Customer,29,Personal Travel,Eco Plus,997,4,1,4,4,5,4,5,5,2,5,3,1,5,3.69,3,0,FALSE
Male,Loyal Customer,23,Personal Travel,Eco,277,4,3,4,1,1,4,1,1,4,4,3,2,1,2.54,41,50,TRUE
Female,Loyal Customer,18,Personal Travel,Eco,674,1,4,1,3,5,1,5,5,3,3,4,3,5,3.31,0,0,FALSE
Female,Loyal Customer,16,Personal Travel,Eco,1671,2,2,2,3,1,2,1,1,4,5,3,2,1,2.23,0,0,FALSE
Female,Loyal Customer,48,Business Travel,Eco,533,1,1,1,1,1,4,4,2,2,1,2,2,2,1.85,66,60,FALSE
Female,Loyal Customer,38,Business Travel,Business,545,1,2,1,1,3,5,5,5,5,5,5,3,4,3.46,0,0,TRUE
Female,Loyal Customer,53,Business Travel,Eco,269,3,1,1,1,5,4,3,3,3,3,3,3,3,2.77,0,0,FALSE
Male,Loyal Customer,43,Business Travel,Business,1504,3,2,2,2,5,1,2,3,3,3,3,3,1,2.54,41,28,FALSE
Male,Disloyal Customer,29,Business Travel,Business,651,2,2,2,1,4,2,5,4,3,4,5,3,4,3.15,23,21,FALSE
Male,Loyal Customer,44,Business Travel,Business,985,1,1,1,1,2,5,4,5,5,5,5,3,5,3.31,0,0,TRUE
Male,Loyal Customer,65,Personal Travel,Eco,1035,1,4,1,2,1,1,1,1,4,3,5,5,1,2.31,0,3,FALSE
Male,Loyal Customer,16,Business Travel,Business,3130,2,5,5,5,2,2,2,2,4,4,4,1,2,3.08,39,24,FALSE
Female,Loyal Customer,37,Business Travel,Eco,967,2,1,1,1,2,2,2,2,4,5,3,4,2,2.38,0,0,FALSE
Female,Disloyal Customer,55,Business Travel,Eco,125,3,2,3,2,4,3,5,4,4,3,2,4,4,3.31,1,6,FALSE
Male,Loyal Customer,17,Personal Travel,Eco,157,2,5,2,1,3,2,3,3,5,3,4,4,3,3.08,0,6,FALSE
Male,Loyal Customer,29,Personal Travel,Business,1185,3,5,3,3,4,3,4,4,4,2,4,4,4,3.62,0,1,FALSE
Female,Loyal Customer,44,Business Travel,Business,2171,4,4,4,4,5,5,5,4,4,5,4,3,3,4.15,83,61,TRUE
Female,Loyal Customer,58,Personal Travel,Eco,669,2,4,2,1,3,4,5,4,4,2,4,5,4,3.38,6,0,FALSE
Male,Loyal Customer,35,Business Travel,Business,2379,1,1,1,1,2,4,5,4,4,4,4,4,5,3.08,0,0,TRUE
Male,Loyal Customer,35,Business Travel,Business,2423,3,3,3,3,5,1,5,4,4,4,4,1,1,3.15,10,5,TRUE
Male,Loyal Customer,42,Business Travel,Eco,883,2,2,2,2,2,2,2,2,4,1,3,4,2,2.31,44,46,FALSE
Male,Loyal Customer,51,Business Travel,Business,2425,1,3,3,3,1,1,1,2,1,2,1,1,1,1.62,4,13,FALSE
Male,Loyal Customer,41,Business Travel,Eco,802,1,2,3,2,1,1,1,1,2,3,2,1,1,1.62,40,39,FALSE
Male,Loyal Customer,46,Business Travel,Eco,391,2,4,4,4,2,2,2,2,2,5,4,5,2,3.08,0,4,TRUE
Male,Loyal Customer,40,Business Travel,Business,2882,5,5,5,5,2,4,5,5,5,5,5,4,4,4.54,0,0,TRUE
Male,Loyal Customer,48,Business Travel,Business,3062,5,5,5,5,1,3,3,5,5,5,4,4,2,4,0,0,TRUE
Male,Loyal Customer,42,Personal Travel,Eco,1670,3,4,3,5,1,3,1,1,3,4,3,2,1,2.62,0,0,FALSE
Male,Disloyal Customer,36,Business Travel,Business,946,2,2,2,3,2,2,2,2,4,3,5,5,2,2.77,0,0,FALSE
Female,Loyal Customer,20,Business Travel,Business,2783,3,2,2,2,3,3,3,3,3,1,4,2,3,2.62,0,0,FALSE
Female,Loyal Customer,7,Personal Travel,Eco,1199,4,5,4,3,5,4,5,5,1,1,3,5,5,3.85,0,16,FALSE
Female,Disloyal Customer,27,Business Travel,Business,872,3,3,3,4,5,3,5,5,3,4,4,1,5,3.69,8,0,FALSE
Male,Loyal Customer,60,Personal Travel,Eco,543,2,1,2,2,2,2,2,2,4,5,1,4,2,2.38,34,13,FALSE
Male,Loyal Customer,50,Business Travel,Eco Plus,427,3,4,2,2,3,3,3,3,1,5,3,2,3,2.85,0,0,FALSE
Male,Loyal Customer,24,Personal Travel,Eco,296,3,5,3,3,1,3,1,1,3,5,5,3,1,2.85,0,0,FALSE
Female,Loyal Customer,33,Personal Travel,Eco,2521,1,2,1,3,4,1,4,4,2,1,3,2,4,2.46,0,0,FALSE
Female,Loyal Customer,42,Business Travel,Business,749,3,3,3,3,2,4,4,4,4,5,4,3,3,3.46,0,0,TRUE
Male,Loyal Customer,41,Business Travel,Business,287,4,4,4,4,3,4,5,4,4,4,4,5,3,4,0,9,TRUE
Female,Loyal Customer,8,Personal Travel,Eco Plus,408,1,4,1,2,2,1,2,2,3,5,5,4,2,2.62,0,0,FALSE
Male,Disloyal Customer,23,Business Travel,Eco,987,4,4,4,3,3,4,3,3,5,3,1,2,3,3.23,0,0,TRUE
Male,Disloyal Customer,20,Business Travel,Eco,563,4,0,3,2,5,3,5,5,4,5,4,5,5,3.85,11,0,TRUE
Female,Loyal Customer,22,Business Travel,Eco,546,2,3,3,3,2,2,3,2,3,1,3,4,2,2.54,0,0,FALSE
Male,Loyal Customer,48,Business Travel,Business,2793,0,4,1,4,5,5,5,2,2,2,2,4,4,3.08,6,6,TRUE
Female,Loyal Customer,31,Personal Travel,Eco,1416,2,3,2,4,5,2,5,5,3,4,4,4,5,3.69,0,0,FALSE
Female,Loyal Customer,16,Business Travel,Business,3215,4,4,4,4,4,3,4,4,4,2,4,1,4,3.54,0,11,FALSE
Male,Loyal Customer,43,Business Travel,Business,946,5,5,5,5,3,5,4,5,5,5,5,4,4,4.62,0,0,TRUE
Male,Loyal Customer,35,Business Travel,Business,2231,4,4,4,4,3,5,4,4,4,4,4,3,3,3.85,0,0,TRUE
Female,Loyal Customer,32,Personal Travel,Eco,1045,1,1,1,2,4,1,4,4,1,2,2,4,4,2.38,0,0,FALSE
Female,Disloyal Customer,21,Business Travel,Eco,1176,4,3,3,4,5,4,5,5,4,2,3,5,5,4,4,21,TRUE
Male,Disloyal Customer,77,Business Travel,Business,270,2,1,1,3,4,4,4,2,2,2,2,2,2,2.38,0,5,FALSE
Female,Loyal Customer,43,Business Travel,Business,3083,2,2,2,2,2,3,1,5,5,5,5,3,2,3,0,0,TRUE
Male,Loyal Customer,54,Business Travel,Business,1080,1,1,1,1,3,4,5,5,5,5,5,4,5,3.46,0,0,TRUE
Female,Loyal Customer,44,Personal Travel,Eco,224,2,5,2,3,5,4,5,1,1,2,1,3,5,3,0,0,FALSE
Female,Disloyal Customer,26,Business Travel,Business,1521,5,5,5,4,2,5,2,2,4,4,4,4,2,3.69,0,0,TRUE
Male,Loyal Customer,34,Business Travel,Business,783,3,3,2,3,4,3,2,3,3,3,3,2,2,2.77,0,0,TRUE
Male,Loyal Customer,45,Business Travel,Business,358,2,2,2,2,2,5,4,4,4,4,4,5,3,3.31,66,58,TRUE
Male,Loyal Customer,53,Business Travel,Business,3626,3,3,3,3,4,4,5,5,5,5,5,4,5,4.15,0,0,TRUE
Female,Loyal Customer,70,Business Travel,Business,109,3,3,3,3,2,4,4,4,4,4,5,5,4,3.69,3,3,TRUE
Male,Loyal Customer,26,Personal Travel,Eco,399,2,4,3,3,1,3,1,1,5,3,5,3,1,2.69,0,0,FALSE
Female,Loyal Customer,22,Business Travel,Eco Plus,337,2,1,1,1,2,2,1,2,2,5,4,2,2,2.08,0,0,FALSE
Male,Disloyal Customer,49,Business Travel,Business,1235,3,3,3,5,2,3,3,2,4,4,4,5,2,3.31,19,108,FALSE
Female,Loyal Customer,32,Business Travel,Business,727,3,4,2,4,3,2,3,3,1,2,2,2,3,2.62,38,25,FALSE
Male,Loyal Customer,34,Business Travel,Business,1076,1,0,0,3,4,4,4,3,3,0,3,1,4,2.31,0,0,FALSE
Female,Loyal Customer,29,Business Travel,Business,2678,1,1,1,1,4,4,4,4,1,2,3,3,4,2.54,58,58,TRUE
Male,Loyal Customer,39,Business Travel,Business,224,4,4,4,4,4,4,4,5,5,5,5,3,3,4.15,0,0,TRUE
Female,Loyal Customer,56,Business Travel,Business,3194,2,2,2,2,2,4,4,5,5,4,5,4,5,3.54,0,0,TRUE
Male,Disloyal Customer,39,Business Travel,Eco,694,1,1,1,4,3,1,3,3,2,1,1,3,3,2.08,0,0,FALSE
Male,Loyal Customer,25,Business Travel,Business,493,3,4,4,4,3,3,3,3,1,2,4,2,3,3,0,0,FALSE
Male,Loyal Customer,42,Business Travel,Business,406,5,5,5,5,5,4,5,5,5,5,5,5,5,4.92,0,0,TRUE
Male,Loyal Customer,56,Business Travel,Business,372,1,1,1,1,2,5,4,5,5,5,5,5,3,3.31,60,61,TRUE
Female,Loyal Customer,35,Business Travel,Business,3382,1,1,1,1,4,5,4,4,4,4,4,5,5,3.31,0,0,TRUE
Male,Loyal Customer,41,Business Travel,Business,184,2,2,2,2,2,4,4,4,4,4,5,5,3,3.31,0,0,TRUE
Female,Loyal Customer,50,Business Travel,Business,2483,4,4,4,4,3,4,5,4,4,5,4,3,3,3.92,19,25,TRUE
Female,Loyal Customer,55,Business Travel,Business,3831,2,2,2,2,2,4,4,5,5,5,5,4,4,3.54,5,0,TRUE
Female,Loyal Customer,65,Business Travel,Business,2197,3,3,3,3,2,2,4,5,5,5,3,3,2,3.31,3,5,TRUE
Female,Loyal Customer,33,Business Travel,Business,2475,4,4,4,4,2,2,2,4,2,4,5,2,2,3.15,0,0,TRUE
Female,Loyal Customer,68,Personal Travel,Eco Plus,214,2,0,2,4,4,4,5,1,1,2,1,4,5,2.69,0,0,FALSE
Male,Loyal Customer,49,Personal Travel,Eco,931,2,5,2,3,5,2,5,5,3,3,5,4,5,3.77,50,36,FALSE
Female,Loyal Customer,56,Business Travel,Business,1547,3,4,4,4,3,4,3,3,3,2,3,1,3,3.08,0,0,FALSE
Male,Loyal Customer,37,Business Travel,Business,1797,4,5,3,5,5,2,1,4,4,4,4,4,4,3.77,0,0,FALSE
Male,Loyal Customer,45,Business Travel,Business,3402,3,3,3,3,4,5,5,4,4,4,4,4,5,3.92,2,0,TRUE
Male,Loyal Customer,56,Business Travel,Business,3622,3,3,3,3,4,5,4,3,3,3,3,3,5,3.46,14,24,TRUE
Male,Loyal Customer,53,Business Travel,Business,770,2,2,2,2,3,4,4,5,5,5,5,5,5,3.77,0,0,TRUE
Female,Loyal Customer,66,Personal Travel,Eco,541,2,4,2,1,5,5,4,5,5,2,5,3,4,3.62,0,0,FALSE
Female,Disloyal Customer,56,Business Travel,Eco,586,3,1,3,3,5,3,5,5,3,4,3,3,5,3.54,1,0,FALSE
Male,Loyal Customer,18,Business Travel,Business,862,2,2,2,2,4,4,4,4,5,2,5,5,4,3.46,0,0,TRUE
Male,Disloyal Customer,40,Business Travel,Eco,98,2,0,2,3,4,2,4,4,3,3,4,3,4,2.92,14,23,FALSE
Male,Loyal Customer,44,Business Travel,Eco,602,3,2,2,2,3,3,3,3,1,3,3,4,3,2.69,1,0,FALSE
Female,Loyal Customer,68,Personal Travel,Eco,2565,5,2,5,3,1,4,3,3,3,5,3,2,3,3.23,0,0,TRUE
Male,Loyal Customer,31,Business Travel,Business,1639,1,1,1,1,3,4,3,3,5,5,4,4,3,2.92,1,2,TRUE
Male,Loyal Customer,59,Business Travel,Business,1744,5,5,5,5,5,3,4,5,5,5,5,5,3,4.62,0,24,TRUE
Female,Disloyal Customer,22,Business Travel,Business,867,4,0,3,4,4,3,4,4,3,5,4,4,4,3.54,3,0,TRUE
Female,Loyal Customer,34,Personal Travel,Eco,391,2,5,2,4,2,2,2,2,4,2,3,3,2,2.69,0,0,FALSE
Female,Loyal Customer,60,Business Travel,Business,1510,1,1,1,1,5,5,3,4,4,4,4,4,3,3.08,93,77,TRUE
Female,Loyal Customer,54,Personal Travel,Eco,1250,4,1,4,2,3,2,2,4,4,4,4,3,3,3.08,123,120,FALSE
Male,Loyal Customer,46,Business Travel,Business,2182,3,3,3,3,4,5,3,5,5,5,5,4,1,3.77,0,0,TRUE
Female,Loyal Customer,30,Personal Travel,Eco,679,2,1,1,2,4,1,2,4,2,3,2,3,4,2.38,8,0,FALSE
Male,Loyal Customer,56,Business Travel,Business,125,1,1,4,1,5,4,4,5,5,5,4,5,3,3.62,19,17,TRUE
Female,Loyal Customer,58,Business Travel,Business,1773,4,4,4,4,3,4,4,5,5,4,5,5,4,4.23,0,0,TRUE
Female,Loyal Customer,69,Personal Travel,Eco,1105,1,4,1,4,3,4,4,4,4,1,4,1,1,2.77,20,28,FALSE
Female,Loyal Customer,31,Business Travel,Business,1533,4,4,4,4,5,5,5,5,5,2,4,1,5,4.08,0,0,TRUE
Female,Loyal Customer,30,Business Travel,Eco,640,0,0,0,1,4,0,4,4,4,5,3,1,4,2.31,6,23,TRUE
Male,Loyal Customer,58,Business Travel,Business,1614,3,5,5,5,3,3,3,2,2,2,3,2,3,3.15,0,0,FALSE
Male,Disloyal Customer,20,Business Travel,Eco,1005,2,2,2,3,2,2,5,2,5,5,5,3,2,3.08,17,26,FALSE
Male,Loyal Customer,33,Business Travel,Business,2046,4,4,4,4,5,5,5,5,4,4,5,3,5,4.38,0,0,TRUE
Female,Loyal Customer,43,Business Travel,Eco,427,5,5,3,3,5,3,5,5,5,5,5,3,2,4.15,1,0,TRUE
Male,Disloyal Customer,23,Business Travel,Business,453,4,4,4,4,5,4,5,5,5,2,5,4,5,4.31,0,0,TRUE
Male,Loyal Customer,27,Personal Travel,Eco,946,2,4,2,3,1,2,1,1,3,2,3,3,1,2.15,19,3,FALSE
Female,Loyal Customer,36,Business Travel,Business,2378,3,3,3,3,2,4,3,4,4,4,4,4,5,3.54,10,0,TRUE
Male,Loyal Customer,55,Business Travel,Business,414,4,1,1,1,4,3,3,4,4,4,4,1,1,2.69,58,62,FALSE
Male,Loyal Customer,45,Personal Travel,Eco,347,1,5,1,2,5,1,5,5,3,2,5,3,5,3.31,35,34,FALSE
Male,Loyal Customer,49,Business Travel,Eco,980,3,2,2,2,4,3,4,4,4,4,3,2,4,3.15,76,96,FALSE
Male,Loyal Customer,36,Business Travel,Business,3137,1,4,4,4,2,1,1,1,2,4,3,1,1,2.23,221,272,FALSE
Female,Loyal Customer,53,Business Travel,Business,236,5,2,2,2,2,3,3,5,5,4,5,4,3,3.46,1,9,FALSE
Male,Loyal Customer,74,Business Travel,Eco,594,4,4,4,4,4,4,4,4,2,4,3,2,4,3.62,23,28,FALSE
Female,Loyal Customer,27,Business Travel,Business,2248,1,1,1,1,2,2,2,2,5,4,5,5,2,2.54,0,0,TRUE
Male,Loyal Customer,49,Business Travel,Business,405,4,4,1,4,4,5,5,4,4,4,4,5,4,4,0,0,TRUE
Female,Loyal Customer,69,Personal Travel,Eco,460,4,4,4,2,1,5,3,1,1,4,1,2,5,2.85,0,3,TRUE
Female,Loyal Customer,49,Personal Travel,Eco,740,2,5,2,2,2,5,5,3,3,2,3,5,5,3.38,0,10,FALSE
Male,Loyal Customer,57,Business Travel,Business,2347,2,2,2,2,4,4,5,4,4,4,4,4,3,3.38,121,102,TRUE
Female,Loyal Customer,18,Personal Travel,Business,2454,3,5,3,4,4,3,5,4,2,2,5,2,4,3.54,2,0,FALSE
Female,Loyal Customer,44,Personal Travel,Eco,1034,3,2,3,3,2,3,3,1,1,3,1,3,1,2.23,0,0,FALSE
Female,Loyal Customer,7,Personal Travel,Eco,967,2,5,2,1,5,2,5,5,4,3,5,3,5,3.62,1,0,FALSE
Female,Loyal Customer,39,Business Travel,Business,589,3,4,4,4,3,3,3,3,3,3,3,3,3,3.23,0,0,FALSE
Male,Disloyal Customer,27,Business Travel,Business,806,0,1,1,2,3,1,3,3,4,4,4,4,3,2.54,0,0,TRUE
Female,Loyal Customer,38,Business Travel,Eco,327,2,5,5,5,2,2,2,2,1,3,4,3,2,2.92,6,8,FALSE
Female,Loyal Customer,46,Business Travel,Business,1790,4,4,4,4,4,4,4,4,2,5,5,4,4,4,142,137,TRUE
Female,Loyal Customer,11,Business Travel,Eco Plus,883,3,3,2,2,3,3,4,3,4,2,3,2,3,2.85,5,10,FALSE
Female,Loyal Customer,33,Personal Travel,Eco,834,2,5,2,1,4,2,2,4,5,5,5,5,4,3.54,0,0,FALSE
Female,Loyal Customer,34,Business Travel,Business,3296,4,4,4,4,5,2,2,4,4,4,4,3,1,3.46,0,0,TRUE
Male,Loyal Customer,32,Personal Travel,Eco,1694,4,4,4,4,4,4,4,4,5,2,4,3,4,3.85,26,31,FALSE
Male,Loyal Customer,27,Business Travel,Business,862,1,1,1,1,5,5,5,5,5,5,4,5,5,3.69,0,13,TRUE
Female,Loyal Customer,25,Business Travel,Business,2486,3,3,2,3,5,5,5,3,5,5,4,5,5,4.08,0,3,TRUE
Male,Loyal Customer,49,Business Travel,Business,3895,1,1,1,1,4,5,4,2,2,2,2,4,4,2.54,3,0,TRUE
Male,Loyal Customer,63,Personal Travel,Eco,373,3,5,4,4,2,4,2,2,3,3,5,3,2,3.23,0,1,FALSE
Female,Loyal Customer,17,Personal Travel,Eco,342,2,5,2,2,3,2,3,3,5,4,4,5,3,3.31,0,0,FALSE
Male,Loyal Customer,67,Personal Travel,Eco Plus,733,4,4,4,3,1,4,1,1,1,3,3,2,1,2.46,2,0,FALSE
Male,Loyal Customer,31,Personal Travel,Eco,425,4,4,4,5,2,4,1,2,4,2,5,5,2,3.38,0,0,TRUE
Female,Loyal Customer,55,Business Travel,Eco,224,5,1,1,1,5,2,1,5,5,5,5,4,5,3.46,0,0,TRUE
Female,Loyal Customer,69,Personal Travel,Eco,862,3,5,3,4,5,5,4,2,2,3,3,3,5,3.62,4,18,FALSE
Female,Loyal Customer,43,Business Travel,Business,1979,4,4,4,4,3,3,4,4,4,4,4,1,2,3.46,0,0,FALSE
Female,Loyal Customer,42,Business Travel,Business,214,2,2,5,2,4,5,5,5,5,5,4,4,3,3.92,0,0,TRUE
Female,Loyal Customer,64,Personal Travel,Eco,1635,2,4,2,3,5,4,4,3,3,2,3,4,5,3.38,3,0,FALSE
Female,Loyal Customer,20,Personal Travel,Eco,1597,2,5,2,4,2,2,2,2,3,5,4,4,2,3,0,0,FALSE
Male,Loyal Customer,23,Business Travel,Business,3260,4,4,4,4,5,5,5,5,4,3,4,5,5,4.38,27,6,TRUE
Female,Loyal Customer,38,Business Travel,Business,175,4,5,5,5,3,3,3,1,1,1,4,1,1,2.85,0,0,FALSE
Female,Loyal Customer,42,Business Travel,Business,3318,3,3,3,3,3,4,4,4,4,4,4,4,4,3.62,0,0,TRUE
Female,Loyal Customer,43,Business Travel,Eco,201,2,3,3,3,4,3,4,1,1,2,1,1,1,2.23,24,26,FALSE
Male,Disloyal Customer,37,Business Travel,Eco,262,1,4,1,3,3,1,3,3,1,3,4,2,3,2.46,0,0,FALSE
Male,Disloyal Customer,37,Business Travel,Eco,163,3,0,3,1,3,3,3,3,3,5,5,3,3,2.92,5,5,FALSE
Female,Loyal Customer,33,Personal Travel,Eco,588,2,5,2,1,4,2,4,4,3,5,5,5,4,3.54,0,1,FALSE
Male,Loyal Customer,30,Business Travel,Eco,2704,4,4,4,4,4,4,4,4,2,4,4,2,4,3.69,21,11,TRUE
Female,Loyal Customer,36,Personal Travel,Eco,507,2,5,2,3,4,2,4,4,1,5,5,4,4,3.46,0,0,FALSE
Male,Loyal Customer,56,Personal Travel,Eco,160,3,3,3,4,4,3,1,4,1,3,4,4,4,3.15,29,25,FALSE
Female,Loyal Customer,43,Personal Travel,Eco Plus,484,3,2,3,3,2,2,4,3,3,3,3,1,4,2.77,0,0,FALSE
Male,Disloyal Customer,37,Business Travel,Eco,383,3,4,3,4,3,3,3,3,1,2,3,4,3,3,0,0,FALSE
Male,Loyal Customer,41,Business Travel,Eco,448,5,1,1,1,5,5,5,5,5,1,1,5,5,3.46,0,2,TRUE
Male,Loyal Customer,58,Business Travel,Business,3786,5,5,5,5,3,4,5,4,4,4,5,4,5,4.46,0,0,TRUE
Female,Loyal Customer,22,Business Travel,Eco,862,2,5,1,5,2,2,1,2,3,3,4,2,2,2.62,23,11,FALSE
Male,Disloyal Customer,12,Business Travel,Eco,1341,4,4,4,3,4,4,4,4,2,5,2,1,4,3.46,5,31,FALSE
Female,Disloyal Customer,33,Business Travel,Eco,201,2,0,2,1,2,2,2,2,4,2,5,2,2,2.15,1,3,FALSE
Female,Loyal Customer,27,Personal Travel,Eco,1587,3,4,3,3,2,3,4,2,4,2,4,5,2,3.15,6,3,FALSE
Female,Loyal Customer,18,Personal Travel,Eco,862,2,4,2,4,1,2,1,1,5,3,4,5,1,2.69,9,1,FALSE
Male,Disloyal Customer,30,Business Travel,Eco,1082,3,3,3,3,3,2,2,1,4,2,2,2,2,2.46,0,2,FALSE
Female,Loyal Customer,13,Personal Travel,Eco Plus,1660,3,4,3,1,2,3,2,2,3,4,5,5,2,3,0,3,FALSE
Female,Loyal Customer,14,Personal Travel,Eco,409,2,1,2,3,3,2,5,3,4,3,3,3,3,2.85,15,28,FALSE
Male,Loyal Customer,65,Personal Travel,Eco,1235,1,5,1,2,2,1,2,2,5,4,4,5,2,2.77,7,0,FALSE
Female,Loyal Customer,43,Business Travel,Business,2026,1,2,2,2,1,2,4,1,1,1,1,1,3,1.69,14,34,FALSE
Female,Loyal Customer,31,Personal Travel,Eco,2704,4,4,4,1,3,4,3,3,3,5,4,3,3,3.38,5,1,FALSE
Female,Loyal Customer,39,Business Travel,Business,3600,2,2,2,2,5,3,3,2,2,2,2,4,4,2.69,0,0,FALSE
Male,Loyal Customer,38,Business Travel,Eco,528,3,5,5,5,3,3,3,3,2,4,4,1,3,3.38,0,0,TRUE
Male,Disloyal Customer,26,Business Travel,Business,120,2,5,3,2,2,3,4,2,5,4,5,3,2,3.23,0,0,FALSE
Female,Disloyal Customer,22,Business Travel,Eco,1136,3,3,3,4,5,3,1,5,1,3,3,2,5,3.15,18,47,FALSE
Female,Disloyal Customer,23,Business Travel,Business,125,4,0,5,4,3,5,3,3,3,3,5,5,3,3.54,0,0,TRUE
Female,Loyal Customer,42,Business Travel,Business,134,0,4,0,4,2,5,4,4,4,5,5,4,3,3.38,23,14,TRUE
Male,Loyal Customer,43,Business Travel,Business,2794,2,2,2,2,2,1,3,4,4,4,4,4,1,2.69,1,0,TRUE
Female,Loyal Customer,25,Personal Travel,Business,174,4,4,4,4,4,4,4,4,5,2,4,5,4,4,0,0,FALSE
Female,Loyal Customer,11,Personal Travel,Eco,558,2,2,2,4,1,2,1,1,4,2,4,3,1,2.23,0,0,FALSE
Male,Loyal Customer,33,Business Travel,Business,3475,2,1,2,2,5,5,5,5,4,4,5,2,5,3.62,45,25,TRUE
Female,Loyal Customer,62,Personal Travel,Eco,308,2,5,4,3,2,4,4,5,5,4,5,4,4,3.92,0,0,FALSE
Male,Loyal Customer,69,Business Travel,Business,2848,3,3,3,3,3,4,4,4,4,4,4,3,3,3.46,0,0,TRUE
Female,Disloyal Customer,30,Business Travel,Eco,858,3,4,4,5,3,4,3,3,3,3,1,3,3,3.23,0,8,FALSE
Male,Loyal Customer,49,Personal Travel,Eco,128,0,2,0,4,2,0,2,2,1,2,4,2,2,1.77,0,0,TRUE
Male,Loyal Customer,7,Personal Travel,Eco Plus,1107,3,3,2,4,1,2,1,1,4,4,1,2,1,2.23,0,0,FALSE
Female,Loyal Customer,10,Personal Travel,Eco,187,3,4,0,2,5,0,5,5,4,4,5,5,5,3.62,0,0,FALSE
Female,Disloyal Customer,27,Business Travel,Eco,999,2,2,2,4,5,2,5,5,4,1,4,1,5,3.23,0,0,FALSE
Male,Loyal Customer,28,Business Travel,Business,2475,1,1,1,1,4,4,4,3,2,3,5,4,4,2.85,0,3,TRUE
Male,Loyal Customer,39,Business Travel,Business,2855,4,4,4,4,5,4,5,3,3,3,3,4,3,3.77,5,0,TRUE
Male,Loyal Customer,17,Personal Travel,Eco,120,3,5,3,4,4,3,4,4,2,4,1,3,4,3.38,33,13,FALSE
Female,Loyal Customer,46,Business Travel,Business,1998,4,4,4,4,4,5,5,4,4,4,4,4,5,4.23,18,23,TRUE
Female,Loyal Customer,51,Personal Travel,Eco,406,2,5,2,5,5,5,5,5,5,2,5,3,3,4,6,6,FALSE
Female,Loyal Customer,32,Personal Travel,Business,1947,4,4,4,1,5,4,5,5,5,4,3,4,5,4.08,0,0,FALSE
Female,Disloyal Customer,23,Business Travel,Eco,143,1,1,1,3,5,1,5,5,1,1,3,4,5,2.77,87,84,FALSE
Female,Loyal Customer,49,Business Travel,Eco,236,4,1,1,1,1,5,5,4,4,4,4,3,3,3.08,0,0,TRUE
Male,Disloyal Customer,25,Business Travel,Eco,1199,3,2,2,5,5,2,5,5,4,4,4,3,5,3.77,6,0,TRUE
Male,Loyal Customer,8,Personal Travel,Business,230,2,4,2,1,1,2,1,1,3,3,5,3,1,2.23,0,13,FALSE
Male,Loyal Customer,46,Business Travel,Business,1431,3,3,3,3,3,4,4,4,4,4,4,5,4,3.69,0,0,TRUE
Female,Loyal Customer,46,Personal Travel,Eco,761,3,4,3,3,1,1,5,1,1,3,1,1,2,2.23,5,0,FALSE
Male,Disloyal Customer,37,Business Travel,Business,1055,3,3,3,3,1,3,1,1,4,4,5,4,1,2.77,0,0,FALSE
Male,Loyal Customer,49,Business Travel,Business,134,5,5,4,5,4,4,5,4,4,4,4,4,5,4.38,6,0,TRUE
Female,Loyal Customer,33,Personal Travel,Eco,386,1,5,1,4,3,1,3,3,3,2,4,3,3,2.77,0,0,FALSE
Female,Loyal Customer,52,Business Travel,Business,1718,1,1,1,1,3,5,5,5,5,5,5,4,3,3.38,40,34,TRUE
Male,Loyal Customer,52,Personal Travel,Business,1111,2,4,3,3,1,4,3,4,4,3,1,1,1,2.62,0,17,FALSE
Female,Loyal Customer,41,Business Travel,Business,3615,1,1,1,1,4,4,5,5,5,5,5,4,5,3.54,0,5,TRUE
Male,Loyal Customer,50,Business Travel,Eco,140,4,5,5,5,4,4,4,4,4,3,2,5,4,4.08,16,11,TRUE
Female,Loyal Customer,42,Personal Travel,Eco,236,4,4,0,3,2,4,3,5,5,0,5,2,2,3,0,0,FALSE
Male,Loyal Customer,41,Business Travel,Business,1072,2,2,3,2,4,3,5,5,5,5,5,4,5,3.85,7,3,TRUE
Male,Loyal Customer,46,Business Travel,Business,2464,2,2,2,2,5,4,5,4,4,4,4,3,3,3.38,0,0,TRUE
Male,Loyal Customer,56,Business Travel,Business,2682,1,1,1,1,4,4,4,5,5,5,5,4,5,3.46,50,51,TRUE
Male,Disloyal Customer,54,Business Travel,Business,990,5,4,4,4,1,5,1,1,4,4,3,5,1,3.23,0,0,TRUE
Female,Disloyal Customer,26,Business Travel,Eco,542,5,0,5,1,4,0,4,4,5,4,1,3,4,3.08,13,6,TRUE
Male,Loyal Customer,40,Business Travel,Business,581,2,3,3,3,2,4,3,2,2,2,2,1,4,2.54,4,0,FALSE
Male,Disloyal Customer,22,Business Travel,Eco,1021,1,0,0,3,0,5,5,4,2,4,4,5,5,2.92,269,255,FALSE
Male,Loyal Customer,49,Business Travel,Business,1205,4,1,1,1,4,2,3,4,4,3,4,2,4,2.85,0,0,FALSE
Female,Loyal Customer,55,Business Travel,Business,2284,5,5,5,5,5,4,5,5,5,5,5,5,5,4.92,11,2,TRUE
Female,Loyal Customer,52,Business Travel,Business,2638,5,5,5,5,2,5,5,4,4,4,4,3,3,4.15,32,72,TRUE
Female,Loyal Customer,54,Business Travel,Eco,495,1,1,1,1,5,3,4,1,1,1,1,3,4,2.08,56,44,FALSE
Female,Loyal Customer,38,Business Travel,Business,2329,1,1,1,1,4,5,4,4,4,4,4,4,4,3.15,10,0,TRUE
Male,Loyal Customer,28,Business Travel,Eco,991,1,5,5,5,1,1,1,1,4,4,4,1,1,2.62,0,0,FALSE
Female,Loyal Customer,51,Business Travel,Business,1589,3,3,3,3,2,4,5,5,5,5,5,3,5,3.92,36,51,TRUE
Female,Loyal Customer,41,Business Travel,Business,1727,1,1,1,1,2,4,5,5,5,5,5,5,4,3.38,0,0,TRUE
Female,Disloyal Customer,26,Business Travel,Eco,200,2,0,1,2,5,1,5,5,1,5,5,3,5,3.08,0,0,FALSE
Female,Loyal Customer,43,Business Travel,Business,296,3,3,3,3,5,4,4,5,5,5,5,5,3,4.08,3,0,TRUE
Male,Loyal Customer,53,Personal Travel,Eco,98,3,4,3,4,5,3,3,5,4,5,5,5,5,4.15,45,56,FALSE
Male,Loyal Customer,26,Business Travel,Business,2839,3,5,5,5,3,3,3,3,1,5,4,3,3,3.54,75,65,FALSE
Male,Disloyal Customer,25,Business Travel,Business,134,3,4,2,3,5,2,1,5,3,4,4,3,5,3.38,10,16,FALSE
Male,Loyal Customer,41,Business Travel,Business,2486,3,3,2,3,4,4,4,4,4,4,4,3,5,3.62,0,0,TRUE
Female,Loyal Customer,11,Personal Travel,Eco,358,1,4,5,2,4,5,4,4,5,3,4,5,4,3.85,0,19,FALSE
Female,Loyal Customer,51,Business Travel,Business,2234,5,5,5,5,2,5,4,5,5,5,5,4,3,4.46,0,0,TRUE
Female,Loyal Customer,54,Business Travel,Business,2505,3,2,3,3,3,1,4,4,4,4,4,3,5,3.31,13,33,TRUE
Male,Disloyal Customer,25,Business Travel,Business,338,3,0,3,5,2,3,2,2,3,3,4,3,2,2.69,0,0,FALSE
Male,Loyal Customer,61,Personal Travel,Eco,224,5,5,5,5,4,5,5,4,4,2,4,3,4,4.23,0,0,TRUE
Male,Loyal Customer,46,Business Travel,Business,3450,4,4,4,4,5,5,5,4,4,4,4,5,4,4.31,0,0,TRUE
Male,Loyal Customer,58,Personal Travel,Eco,628,2,4,2,3,5,2,5,5,4,2,4,4,5,3.62,17,5,FALSE
Male,Disloyal Customer,23,Business Travel,Business,158,0,5,0,2,2,0,2,2,4,4,4,3,2,2.31,0,0,TRUE
Female,Loyal Customer,55,Personal Travel,Eco,583,2,2,2,4,5,4,4,5,5,2,3,4,3,3.46,69,65,FALSE
Female,Disloyal Customer,30,Business Travel,Business,89,1,2,2,4,2,2,2,2,4,4,4,1,2,2.46,9,0,FALSE
Male,Loyal Customer,34,Personal Travel,Eco,550,1,4,1,2,3,1,3,3,3,4,5,5,3,2.92,0,0,FALSE
Male,Loyal Customer,35,Business Travel,Business,1674,1,1,1,1,4,5,5,5,5,5,5,3,5,3.54,0,4,TRUE
Male,Loyal Customer,59,Personal Travel,Business,327,3,0,3,4,4,4,5,1,1,3,1,3,3,2.69,10,0,FALSE
Female,Loyal Customer,51,Business Travel,Business,1877,3,3,5,3,2,4,4,4,4,4,4,4,5,3.77,6,0,TRUE
Female,Loyal Customer,52,Personal Travel,Eco,837,4,5,4,3,2,4,4,5,5,4,4,5,4,4.08,0,11,FALSE
Female,Loyal Customer,54,Business Travel,Business,685,2,2,5,2,3,4,4,4,4,4,4,4,5,3.62,2,0,TRUE
Female,Disloyal Customer,24,Business Travel,Business,365,4,0,4,3,1,4,1,1,4,5,4,5,1,2.85,0,0,TRUE
Female,Disloyal Customer,24,Business Travel,Eco,936,5,5,5,3,4,5,4,4,4,5,5,4,4,4.38,0,0,TRUE
Female,Loyal Customer,62,Business Travel,Business,2341,2,1,1,1,3,3,4,2,2,2,2,4,3,2.31,19,6,FALSE
Male,Loyal Customer,30,Business Travel,Business,622,1,1,1,1,2,2,2,2,3,5,5,4,2,2.38,0,0,TRUE
Male,Loyal Customer,12,Personal Travel,Business,533,2,4,2,4,5,2,5,5,5,2,5,5,5,3.92,13,12,FALSE
Male,Loyal Customer,10,Personal Travel,Eco,315,4,5,2,4,3,2,2,3,3,2,5,5,3,3.31,0,0,FALSE
Female,Loyal Customer,47,Business Travel,Business,2701,2,2,2,2,2,4,4,3,3,3,2,4,3,2.77,0,0,FALSE
Male,Loyal Customer,27,Personal Travel,Eco,193,2,5,2,2,4,2,4,4,5,4,2,5,4,3.46,0,0,FALSE
Male,Disloyal Customer,23,Business Travel,Business,407,4,0,3,5,4,3,4,4,4,3,5,3,4,3.54,38,43,TRUE
Male,Loyal Customer,39,Business Travel,Business,3752,5,5,5,5,3,5,4,4,4,4,5,3,5,4.38,12,8,TRUE
Male,Loyal Customer,61,Personal Travel,Eco,701,3,4,3,2,4,3,4,4,5,2,5,5,4,3.69,0,5,FALSE
Male,Loyal Customer,53,Personal Travel,Eco,871,2,2,1,3,1,1,1,1,1,3,3,1,1,1.62,22,54,FALSE
Female,Loyal Customer,54,Business Travel,Eco Plus,1084,2,1,1,1,2,3,4,2,2,2,2,1,2,1.92,0,0,FALSE
Male,Loyal Customer,49,Business Travel,Business,1933,2,2,2,2,2,5,4,4,4,4,4,4,3,3.23,0,0,TRUE
Female,Loyal Customer,29,Personal Travel,Eco,542,3,5,3,2,5,3,5,5,2,5,3,4,5,3.85,0,4,FALSE
Male,Loyal Customer,34,Personal Travel,Eco,2065,4,1,4,2,4,4,4,4,4,1,2,1,4,3,0,0,FALSE
Female,Loyal Customer,50,Business Travel,Eco Plus,1389,3,3,3,3,1,4,3,3,3,3,3,4,4,3.08,27,40,FALSE
Female,Loyal Customer,22,Business Travel,Business,3873,4,1,1,1,4,4,4,4,1,4,4,1,4,2.85,0,0,FALSE
Female,Disloyal Customer,27,Business Travel,Eco,264,1,2,1,2,3,1,3,3,3,3,2,1,3,2.15,0,13,FALSE
Female,Loyal Customer,36,Business Travel,Business,2634,1,1,3,1,2,1,1,5,5,5,5,2,5,2.85,0,0,TRUE
Female,Loyal Customer,47,Business Travel,Business,1957,1,1,1,1,5,5,4,4,4,4,5,3,3,3.15,14,10,TRUE
Male,Loyal Customer,28,Personal Travel,Eco Plus,628,5,4,5,3,4,5,4,4,2,4,1,4,4,3.77,0,0,TRUE
Female,Loyal Customer,40,Business Travel,Eco,1674,4,2,2,2,4,5,4,4,2,3,5,4,4,3.46,2,0,TRUE
Male,Loyal Customer,28,Business Travel,Business,680,2,1,1,1,2,2,2,2,4,2,2,2,2,1.92,9,45,FALSE
Male,Loyal Customer,7,Personal Travel,Eco,956,2,2,3,4,3,3,3,3,4,2,3,4,3,3,16,3,FALSE
Male,Disloyal Customer,22,Business Travel,Eco,143,3,1,3,4,3,3,3,3,5,4,4,3,3,3.23,114,136,FALSE
Female,Loyal Customer,53,Personal Travel,Eco,187,2,5,2,1,3,3,1,1,1,2,1,4,4,2.31,25,22,FALSE
Female,Loyal Customer,59,Business Travel,Business,3835,2,1,1,1,2,3,4,1,1,1,2,3,4,2,15,46,FALSE
Male,Loyal Customer,29,Personal Travel,Eco,550,1,4,1,5,2,1,2,2,4,4,4,5,2,2.85,0,0,FALSE
Male,Loyal Customer,25,Business Travel,Business,868,2,3,2,3,2,3,2,2,2,1,3,2,2,2.23,13,14,FALSE
Male,Loyal Customer,41,Business Travel,Business,2994,1,1,1,1,3,4,4,5,5,5,5,3,4,3.23,4,8,TRUE
Female,Loyal Customer,56,Business Travel,Business,2534,3,3,3,3,5,4,5,5,5,5,5,5,4,4.23,0,0,TRUE
Female,Loyal Customer,35,Personal Travel,Eco Plus,289,2,4,2,3,3,2,4,3,5,2,4,5,3,3.23,0,0,FALSE
Female,Disloyal Customer,30,Business Travel,Eco Plus,1576,3,3,3,4,2,3,2,2,1,3,4,3,2,2.69,0,0,FALSE
Female,Loyal Customer,31,Business Travel,Business,3880,4,4,2,4,4,4,4,4,3,4,5,4,4,3.85,0,0,TRUE
Male,Loyal Customer,21,Business Travel,Business,1091,4,4,5,4,4,5,4,4,5,2,2,2,4,3.77,10,0,TRUE
Male,Loyal Customer,45,Business Travel,Eco,373,2,4,4,4,2,2,2,2,3,5,2,3,2,2.85,0,13,TRUE
Male,Loyal Customer,48,Business Travel,Business,2981,1,3,3,3,3,3,4,1,1,1,1,1,3,2.15,5,1,FALSE
Male,Loyal Customer,23,Business Travel,Business,1924,2,5,1,5,2,2,2,2,4,5,3,3,2,2.92,0,0,FALSE
Male,Loyal Customer,46,Business Travel,Business,2665,3,5,4,5,5,4,3,3,3,3,3,4,3,3.69,0,0,FALSE
Male,Loyal Customer,51,Business Travel,Business,1849,2,2,2,2,2,3,5,4,4,4,4,3,3,3.08,0,0,TRUE
Female,Disloyal Customer,23,Business Travel,Eco,785,2,2,2,4,1,2,1,1,1,3,3,2,1,1.92,0,0,FALSE
Female,Loyal Customer,59,Business Travel,Business,1013,4,5,5,5,5,3,3,4,4,4,4,1,2,3.77,22,27,FALSE
Female,Disloyal Customer,21,Business Travel,Business,368,4,2,4,3,3,4,3,3,5,5,4,4,3,3.62,0,0,TRUE
Male,Loyal Customer,45,Business Travel,Business,2845,3,3,2,3,4,5,4,5,5,5,5,5,5,4.15,27,39,TRUE
Male,Loyal Customer,31,Business Travel,Eco Plus,409,0,0,0,1,5,0,5,5,5,4,1,1,5,2.46,7,10,TRUE
Female,Loyal Customer,70,Personal Travel,Business,814,4,0,4,3,2,5,5,5,5,4,5,4,3,3.77,0,0,FALSE
Female,Loyal Customer,39,Business Travel,Eco,589,4,4,2,4,4,4,4,4,4,1,1,2,4,3.23,31,19,TRUE
Male,Loyal Customer,32,Personal Travel,Eco,429,4,4,2,3,1,2,1,1,5,4,3,5,1,2.77,0,0,FALSE
Female,Disloyal Customer,9,Business Travel,Eco,854,2,2,2,3,2,2,2,2,5,3,4,4,2,2.69,0,0,FALSE
Female,Loyal Customer,64,Personal Travel,Eco,280,1,4,1,2,2,5,4,3,3,1,5,4,4,3,10,56,FALSE
Female,Loyal Customer,37,Business Travel,Business,2130,3,3,3,3,3,5,4,5,5,5,5,5,3,4,21,11,TRUE
Female,Disloyal Customer,15,Business Travel,Eco Plus,1262,1,3,1,4,5,1,5,5,1,2,4,4,5,3.15,1,0,FALSE
Female,Disloyal Customer,16,Business Travel,Eco,192,3,2,3,3,3,3,3,3,1,2,4,3,3,2.77,32,22,FALSE
Male,Disloyal Customer,27,Business Travel,Business,406,4,4,4,5,2,4,2,2,5,3,5,5,2,3.62,2,0,FALSE
Female,Loyal Customer,54,Personal Travel,Eco,547,4,4,4,4,4,4,4,5,5,4,5,1,4,4,0,0,TRUE
Female,Loyal Customer,60,Personal Travel,Eco,957,2,5,2,4,4,5,4,2,2,2,2,4,3,3.15,118,104,FALSE
Male,Loyal Customer,19,Business Travel,Business,1521,3,2,2,2,3,3,3,3,1,4,4,4,3,2.85,1,2,FALSE
Female,Loyal Customer,24,Business Travel,Business,1744,2,2,2,2,5,5,5,5,5,2,5,5,5,3.85,0,0,TRUE
Female,Loyal Customer,58,Business Travel,Business,2967,4,4,5,4,3,4,5,4,4,4,4,5,5,4.23,0,0,TRUE
Male,Loyal Customer,11,Personal Travel,Eco Plus,2521,2,4,2,3,1,2,1,1,1,1,4,3,1,2,13,4,FALSE
Male,Loyal Customer,51,Business Travel,Business,964,3,3,3,3,2,4,5,5,5,5,5,5,5,4.08,28,8,TRUE
Female,Disloyal Customer,29,Business Travel,Eco,748,5,5,5,2,2,5,3,2,3,3,2,2,2,3.15,0,0,TRUE
Female,Loyal Customer,55,Personal Travel,Eco,405,3,4,3,1,4,4,5,1,1,3,1,5,3,2.92,0,10,FALSE
Female,Disloyal Customer,40,Business Travel,Business,554,3,3,3,2,5,3,5,5,3,5,5,5,5,4,18,5,FALSE
Female,Loyal Customer,45,Business Travel,Business,1506,3,3,3,3,4,4,5,4,4,4,4,3,3,3.62,0,0,TRUE
Male,Loyal Customer,56,Business Travel,Business,2917,3,3,3,3,4,4,4,5,1,4,5,4,4,3.62,0,0,TRUE
Male,Loyal Customer,42,Business Travel,Eco,328,2,1,1,1,2,2,2,2,4,1,4,1,2,1.92,28,19,FALSE
Male,Loyal Customer,23,Business Travel,Eco,1721,4,5,5,5,4,4,3,4,5,5,5,3,4,4.31,2,0,TRUE
Male,Disloyal Customer,25,Business Travel,Eco,1052,2,1,1,2,5,1,5,5,4,2,4,3,5,3.08,24,12,FALSE
Male,Disloyal Customer,36,Business Travel,Eco,337,1,1,1,4,1,1,1,1,3,2,3,4,1,1.85,29,30,FALSE
Female,Loyal Customer,43,Personal Travel,Business,163,2,4,2,1,5,5,4,2,2,2,2,3,3,2.85,0,0,FALSE
Male,Loyal Customer,33,Personal Travel,Business,216,2,0,2,1,5,2,1,5,4,2,5,4,5,2.92,0,0,FALSE
Female,Loyal Customer,30,Personal Travel,Eco Plus,503,3,5,3,1,1,3,2,1,4,5,5,5,1,3,0,0,FALSE
Male,Loyal Customer,30,Business Travel,Business,1660,4,4,4,4,4,4,4,4,3,2,3,3,4,3.62,0,2,TRUE
Male,Loyal Customer,35,Business Travel,Business,2153,1,1,1,1,2,3,5,3,3,4,3,5,5,2.85,0,27,TRUE
Male,Loyal Customer,50,Business Travel,Business,628,3,3,3,3,4,5,4,5,5,4,5,4,3,3.92,0,0,TRUE
Male,Loyal Customer,12,Business Travel,Business,1587,3,3,3,3,3,4,3,3,3,4,4,3,3,3.23,7,18,TRUE
Male,Loyal Customer,36,Business Travel,Eco Plus,903,4,1,1,1,4,3,4,4,4,4,4,2,4,3.08,0,18,FALSE
Male,Loyal Customer,20,Business Travel,Business,1856,3,3,3,3,4,4,4,4,4,4,5,4,4,3.77,0,0,TRUE
Male,Loyal Customer,18,Personal Travel,Eco,235,3,5,3,5,2,3,2,2,5,4,4,4,2,3.38,40,28,FALSE
Female,Loyal Customer,46,Personal Travel,Eco,992,3,4,3,2,5,5,5,5,5,3,1,3,5,3.77,0,0,FALSE
Male,Loyal Customer,33,Personal Travel,Eco,2565,2,5,2,2,2,2,2,2,2,3,4,2,2,2.46,0,2,FALSE
Male,Loyal Customer,49,Personal Travel,Eco,101,4,1,4,4,2,4,2,2,2,3,4,4,2,2.92,0,2,FALSE
Male,Disloyal Customer,30,Business Travel,Eco,994,4,4,4,1,5,4,4,5,1,5,3,4,5,3.77,0,0,TRUE
Male,Loyal Customer,58,Business Travel,Eco,425,2,1,3,1,2,2,2,2,4,5,1,4,2,2.38,0,0,TRUE
Female,Loyal Customer,37,Business Travel,Eco Plus,542,1,2,2,2,1,1,1,1,4,4,4,1,1,1.92,0,12,FALSE
Female,Loyal Customer,40,Personal Travel,Eco,534,2,4,2,1,4,2,1,4,5,5,5,4,4,3.31,0,0,FALSE
Male,Loyal Customer,50,Personal Travel,Eco,529,2,4,2,2,2,2,2,2,4,4,5,5,2,2.92,0,0,FALSE
Male,Loyal Customer,49,Personal Travel,Eco,391,3,4,5,4,3,5,3,3,5,3,5,4,3,3.85,0,0,FALSE
Female,Loyal Customer,66,Personal Travel,Eco,334,3,4,3,3,3,4,5,5,5,3,5,5,3,3.92,3,3,FALSE
Female,Loyal Customer,52,Business Travel,Business,3249,3,3,3,3,5,4,5,5,5,5,5,3,5,4.15,0,0,TRUE
Male,Loyal Customer,46,Business Travel,Business,3771,4,4,1,4,4,1,3,4,4,4,4,5,3,3.46,9,4,TRUE
Female,Loyal Customer,35,Business Travel,Business,2307,5,5,5,5,5,4,4,5,5,5,5,4,5,4.77,0,0,TRUE
Male,Loyal Customer,55,Personal Travel,Eco,109,3,4,3,2,2,3,2,2,4,3,4,4,2,2.92,0,0,FALSE
Female,Loyal Customer,26,Business Travel,Eco,1846,3,3,3,3,3,3,3,3,2,5,4,3,3,3.15,0,16,FALSE
Female,Loyal Customer,32,Personal Travel,Eco,429,1,1,1,2,5,1,5,5,2,5,1,1,5,2.69,0,0,FALSE
Male,Loyal Customer,40,Business Travel,Business,3786,3,2,2,2,2,2,2,3,3,3,3,2,3,2.46,16,16,FALSE
Male,Loyal Customer,13,Personal Travel,Eco,214,2,0,2,3,4,2,2,4,4,3,5,4,4,3,8,10,FALSE
Male,Loyal Customer,42,Business Travel,Business,2598,2,2,2,2,3,1,1,5,5,5,5,4,4,3.15,4,0,TRUE
Female,Disloyal Customer,18,Business Travel,Eco,102,3,0,3,2,4,3,3,4,1,3,3,1,4,2.62,0,0,FALSE
Male,Loyal Customer,55,Business Travel,Business,622,2,2,2,2,5,5,5,3,3,3,3,5,3,3.31,0,6,TRUE
Male,Disloyal Customer,48,Business Travel,Business,1172,3,3,3,4,5,3,1,5,4,3,4,5,5,3.69,72,55,FALSE
Female,Disloyal Customer,10,Business Travel,Business,646,0,0,0,4,1,0,1,1,3,3,5,3,1,1.69,4,2,TRUE
Male,Disloyal Customer,20,Business Travel,Eco,363,3,0,3,4,3,3,4,3,4,3,1,4,3,2.92,0,0,FALSE
Female,Disloyal Customer,23,Business Travel,Eco,967,2,2,2,1,3,2,3,3,5,2,5,3,3,2.77,47,50,FALSE
Male,Disloyal Customer,31,Business Travel,Eco,1441,1,1,1,3,3,1,3,3,1,4,4,1,3,2.23,18,6,FALSE
Male,Loyal Customer,41,Personal Travel,Eco,109,4,5,0,3,5,0,5,5,3,3,5,5,5,3.69,0,0,FALSE
Female,Loyal Customer,25,Business Travel,Business,1085,1,1,1,1,4,4,4,4,5,3,5,3,4,3.08,9,0,TRUE
Female,Loyal Customer,7,Personal Travel,Eco,338,1,5,1,1,4,1,4,4,5,4,4,3,4,3.15,0,0,FALSE
Male,Loyal Customer,32,Business Travel,Business,1817,2,2,2,2,4,4,4,4,4,5,5,4,4,3.54,0,0,TRUE
Female,Loyal Customer,50,Business Travel,Business,1899,1,1,1,1,2,4,5,4,4,4,4,3,3,2.85,2,0,TRUE
Female,Loyal Customer,25,Personal Travel,Eco Plus,423,1,0,1,1,5,1,5,5,4,2,4,3,5,2.85,33,35,FALSE
Male,Loyal Customer,67,Personal Travel,Business,2133,3,5,3,4,3,5,3,4,4,3,1,4,3,3.46,23,26,FALSE
Female,Loyal Customer,36,Personal Travel,Eco,866,2,5,2,1,2,2,2,2,5,4,5,3,2,2.85,0,0,FALSE
Male,Disloyal Customer,20,Business Travel,Eco,83,3,4,2,1,4,2,4,4,1,3,1,2,4,2.69,0,0,FALSE
Female,Loyal Customer,66,Personal Travel,Eco Plus,409,1,4,1,4,4,4,5,5,5,1,5,3,4,3.54,0,0,FALSE
Male,Loyal Customer,39,Business Travel,Business,2142,5,5,5,5,4,4,5,4,4,4,4,4,3,4.31,0,10,TRUE
Male,Loyal Customer,61,Personal Travel,Eco,419,4,3,4,2,4,4,2,4,3,5,2,4,4,3.46,0,0,FALSE
Female,Loyal Customer,64,Personal Travel,Eco,883,4,3,5,3,4,2,5,4,4,5,4,1,4,3.69,12,9,FALSE
Male,Loyal Customer,37,Business Travel,Eco,957,1,4,4,4,1,1,1,3,2,3,3,1,1,2.23,0,53,FALSE
Female,Disloyal Customer,40,Business Travel,Business,808,4,3,3,3,2,3,5,2,4,3,3,1,2,2.92,26,30,FALSE
Male,Loyal Customer,31,Business Travel,Eco,373,0,0,0,5,1,0,1,1,1,4,1,2,1,1.31,0,0,TRUE
Male,Loyal Customer,31,Business Travel,Business,1450,1,1,1,1,5,5,5,5,4,2,4,5,5,3.38,3,5,TRUE
Female,Loyal Customer,55,Business Travel,Eco,1562,2,4,3,4,5,3,3,2,2,2,2,1,1,2.62,0,0,FALSE
Male,Loyal Customer,43,Business Travel,Business,2885,1,1,1,1,5,4,5,4,4,4,4,3,4,3.15,0,0,TRUE
Female,Loyal Customer,68,Personal Travel,Eco,813,2,4,2,3,3,3,3,2,2,2,2,1,4,2.54,1,0,FALSE
Female,Loyal Customer,44,Business Travel,Business,3387,3,5,5,5,2,4,4,3,3,3,3,1,1,3.23,23,11,FALSE
Female,Loyal Customer,47,Business Travel,Business,1182,2,3,3,3,2,3,3,2,2,2,2,4,2,2.54,11,0,FALSE
Male,Loyal Customer,46,Business Travel,Business,1671,2,2,2,2,4,5,4,5,5,5,5,3,3,3.62,0,18,TRUE
Female,Loyal Customer,48,Business Travel,Business,3040,5,5,5,5,3,4,4,3,3,3,3,4,5,4,17,9,TRUE
Male,Disloyal Customer,24,Business Travel,Eco,321,4,0,3,3,2,3,2,2,4,5,5,5,2,3.08,0,0,TRUE
Female,Loyal Customer,42,Business Travel,Business,271,0,0,0,2,3,5,5,3,3,3,3,3,3,2.54,0,0,TRUE
Male,Loyal Customer,21,Personal Travel,Eco,715,3,4,4,4,1,4,2,1,5,5,2,4,1,3.08,0,0,FALSE
Female,Loyal Customer,22,Business Travel,Eco,1048,3,2,2,2,3,2,1,3,4,3,4,1,3,2.54,18,11,FALSE
Male,Loyal Customer,48,Business Travel,Eco,2475,2,3,3,3,1,2,1,1,2,1,3,1,1,1.85,8,6,TRUE
Male,Disloyal Customer,21,Business Travel,Eco,591,2,3,2,4,1,2,1,1,4,1,2,3,1,2.08,0,5,FALSE
Female,Loyal Customer,31,Personal Travel,Eco,1598,1,1,1,3,1,1,1,1,3,4,1,4,1,1.77,19,3,FALSE
Female,Loyal Customer,39,Personal Travel,Eco,643,3,5,3,2,3,3,3,3,5,3,5,4,3,3.46,6,27,FALSE
Male,Loyal Customer,15,Personal Travel,Eco,1337,3,4,3,4,1,3,1,1,5,4,5,3,1,2.92,0,0,FALSE
Male,Disloyal Customer,33,Business Travel,Eco,143,2,5,2,4,3,2,1,3,4,5,4,2,3,3.08,0,0,FALSE
Male,Loyal Customer,37,Business Travel,Eco Plus,1180,1,2,2,2,1,1,1,1,4,5,2,4,1,2.08,11,4,FALSE
Female,Loyal Customer,51,Business Travel,Business,3832,0,0,0,3,5,5,5,5,5,5,1,5,4,3.31,17,9,TRUE
Female,Loyal Customer,65,Personal Travel,Eco,236,3,4,0,3,2,1,5,3,3,0,3,2,4,2.54,0,1,FALSE
Female,Loyal Customer,35,Business Travel,Eco Plus,67,4,2,2,2,4,4,4,4,1,2,2,2,4,2.85,4,10,TRUE
Male,Loyal Customer,56,Business Travel,Business,2934,4,4,4,4,4,5,4,4,4,4,4,3,3,3.92,0,0,TRUE
Female,Loyal Customer,42,Personal Travel,Eco,979,1,4,1,2,5,5,4,1,1,1,1,4,4,2.62,46,39,FALSE
Female,Loyal Customer,41,Business Travel,Business,3218,1,1,1,1,5,2,3,5,5,5,5,4,2,3.08,0,0,TRUE
Male,Loyal Customer,49,Personal Travel,Eco,1721,4,4,4,3,3,4,3,3,3,5,3,5,3,3.62,0,0,FALSE
Female,Loyal Customer,55,Business Travel,Business,3731,0,0,0,3,2,4,4,4,4,4,4,3,3,2.69,0,0,TRUE
Female,Loyal Customer,32,Business Travel,Eco,1014,4,5,5,5,4,4,4,4,5,2,3,2,4,3.92,0,0,TRUE
Male,Loyal Customer,15,Personal Travel,Eco,123,4,5,4,3,1,4,1,1,5,5,4,1,1,3,0,0,FALSE
Male,Disloyal Customer,28,Business Travel,Business,321,4,4,4,3,5,4,5,5,3,5,4,5,5,4.31,12,0,FALSE
Female,Loyal Customer,57,Personal Travel,Eco,502,4,5,4,3,2,4,5,4,4,4,4,4,5,4,0,0,FALSE
Female,Loyal Customer,29,Business Travel,Eco Plus,240,2,4,4,4,2,3,2,2,3,3,3,1,2,2.69,61,55,FALSE
Male,Loyal Customer,63,Personal Travel,Eco,406,4,5,4,3,3,4,3,3,4,4,4,4,3,3.69,0,0,FALSE
Male,Loyal Customer,42,Personal Travel,Eco,2218,4,2,4,3,2,4,2,2,4,5,3,4,2,3.15,19,20,FALSE
Female,Loyal Customer,48,Personal Travel,Eco,277,3,1,3,2,3,2,2,4,4,3,4,1,4,2.77,11,10,FALSE
Male,Loyal Customer,44,Business Travel,Business,1736,1,1,4,1,5,5,5,5,5,5,5,4,5,3.92,0,0,TRUE
Female,Loyal Customer,49,Business Travel,Eco Plus,725,5,3,3,3,4,3,2,5,5,5,5,5,4,4,0,0,TRUE
Male,Loyal Customer,68,Personal Travel,Eco,1464,2,3,2,4,1,2,3,1,3,5,3,2,1,2.46,0,0,FALSE
Male,Disloyal Customer,34,Business Travel,Eco,983,2,2,2,4,3,2,3,3,3,1,4,3,3,2.69,0,0,FALSE
Female,Loyal Customer,16,Personal Travel,Eco,557,1,5,1,1,2,1,2,2,4,2,2,3,2,2.15,6,9,FALSE
Female,Loyal Customer,42,Business Travel,Eco,102,2,1,5,1,5,4,3,2,2,2,2,2,3,2.62,3,2,FALSE
Female,Loyal Customer,15,Personal Travel,Eco,630,1,5,1,1,2,1,2,2,4,5,4,5,2,2.69,0,0,FALSE
Male,Loyal Customer,32,Personal Travel,Eco,393,2,5,3,1,3,3,3,3,4,4,5,3,3,3.23,0,0,FALSE
Female,Loyal Customer,42,Personal Travel,Eco,417,3,4,3,4,4,3,3,4,4,3,4,3,4,3.54,17,17,FALSE
Male,Loyal Customer,45,Business Travel,Business,1426,2,2,5,2,5,5,5,3,3,2,3,4,4,3.46,0,0,TRUE
Female,Loyal Customer,57,Personal Travel,Eco,551,2,2,2,4,3,4,4,3,3,2,3,1,2,2.69,0,0,FALSE
Female,Loyal Customer,16,Personal Travel,Eco,257,1,2,0,2,2,0,2,2,2,5,3,4,2,2.08,0,0,FALSE
Female,Disloyal Customer,26,Business Travel,Eco,216,3,2,3,3,3,3,3,3,1,3,3,4,3,2.85,0,0,FALSE
Female,Loyal Customer,13,Business Travel,Eco,2106,5,1,1,1,5,5,5,5,3,3,3,4,5,3.54,9,6,TRUE
Female,Loyal Customer,7,Personal Travel,Eco,1616,3,5,3,1,3,1,1,4,3,3,4,1,1,2.54,279,261,FALSE
Male,Loyal Customer,53,Business Travel,Eco,1048,5,1,1,1,4,5,4,4,2,1,1,5,4,2.92,9,0,TRUE
Male,Loyal Customer,23,Business Travel,Business,1720,1,1,1,1,5,4,5,5,5,3,4,5,5,3.46,0,0,TRUE
Female,Loyal Customer,50,Business Travel,Business,2972,1,5,2,5,3,3,3,1,1,1,1,1,2,2.23,0,0,FALSE
Male,Loyal Customer,30,Business Travel,Business,2894,1,4,4,4,1,1,1,1,3,5,3,3,1,2.46,0,0,FALSE
Female,Loyal Customer,27,Personal Travel,Eco,690,4,5,4,4,2,4,5,2,4,2,4,5,2,3.62,0,0,TRUE
Male,Loyal Customer,23,Business Travel,Business,2456,2,2,2,2,5,5,5,5,5,4,4,3,5,3.77,0,0,TRUE
Female,Loyal Customer,33,Business Travel,Business,1948,3,3,1,3,4,4,4,3,3,3,3,1,3,2.92,0,0,FALSE
Male,Loyal Customer,38,Business Travel,Eco,602,2,1,1,1,2,2,2,2,1,1,2,2,2,1.62,23,45,FALSE
Male,Loyal Customer,43,Personal Travel,Eco,989,1,4,0,1,4,0,5,4,5,4,4,5,4,3.15,0,0,FALSE
Female,Loyal Customer,49,Personal Travel,Eco,1024,4,4,4,4,3,5,4,5,5,4,5,3,5,4.23,7,0,FALSE
Female,Loyal Customer,42,Business Travel,Business,1859,2,2,2,2,5,4,5,3,3,4,3,5,5,3.46,0,3,TRUE
Male,Loyal Customer,59,Business Travel,Business,1517,5,5,5,5,4,5,4,3,3,3,3,4,3,4,0,0,TRUE
Female,Loyal Customer,30,Business Travel,Business,541,4,4,4,4,5,5,5,5,5,2,5,3,5,4.31,52,60,TRUE
Female,Disloyal Customer,22,Business Travel,Business,1023,0,0,0,2,4,0,4,4,2,5,5,4,4,2.62,112,97,TRUE
Male,Loyal Customer,35,Personal Travel,Eco,376,2,5,2,3,4,2,2,4,4,5,4,3,4,3.38,0,0,FALSE
Female,Loyal Customer,59,Business Travel,Business,2208,3,3,3,3,2,4,5,4,4,4,4,5,4,3.69,0,0,TRUE
Male,Loyal Customer,30,Business Travel,Business,3904,5,5,5,5,3,3,3,3,3,4,5,5,3,4,0,0,TRUE
Male,Loyal Customer,48,Business Travel,Eco,522,4,4,4,4,4,4,4,4,5,1,4,2,4,3.69,0,0,TRUE
Female,Loyal Customer,66,Personal Travel,Eco,1034,1,5,1,2,3,4,5,1,1,1,1,5,3,2.54,0,13,FALSE
Female,Loyal Customer,21,Business Travel,Business,456,5,5,2,5,5,5,5,5,5,5,4,5,5,4.69,0,0,TRUE
Female,Loyal Customer,29,Personal Travel,Eco,2342,1,4,2,1,4,2,4,4,2,2,4,2,4,2.77,13,9,FALSE
Female,Loyal Customer,55,Business Travel,Business,328,5,5,5,5,3,4,4,5,5,5,5,3,4,4.46,0,0,TRUE
Female,Loyal Customer,23,Business Travel,Business,1846,3,5,1,1,3,2,3,3,2,1,3,4,3,2.62,9,0,FALSE
Female,Loyal Customer,33,Business Travel,Business,432,3,3,3,3,5,5,5,5,5,5,5,5,3,4.23,0,0,TRUE
Female,Disloyal Customer,43,Business Travel,Business,405,3,3,3,3,5,3,3,5,3,4,4,3,5,3.62,3,1,FALSE
Female,Loyal Customer,63,Personal Travel,Eco,192,2,5,0,3,3,5,4,1,1,0,1,3,4,2.46,0,0,FALSE
Female,Loyal Customer,58,Business Travel,Business,930,5,5,5,5,3,5,5,4,4,4,4,5,4,4.46,6,11,TRUE
Male,Disloyal Customer,15,Business Travel,Business,1111,0,0,0,5,5,0,4,5,4,5,5,4,5,3.23,0,2,TRUE
Female,Loyal Customer,73,Business Travel,Eco Plus,390,3,5,5,5,5,3,4,3,3,3,3,4,2,3.69,9,2,FALSE
Female,Loyal Customer,71,Business Travel,Eco Plus,801,4,1,1,1,2,5,3,4,4,4,4,4,2,3,0,0,TRUE
Male,Disloyal Customer,30,Business Travel,Business,1865,3,3,3,3,3,3,3,3,4,2,4,3,3,3.08,0,0,FALSE
Male,Loyal Customer,48,Business Travel,Business,2342,4,4,4,4,5,5,5,4,3,4,5,5,5,4.38,0,13,TRUE
Male,Loyal Customer,50,Business Travel,Business,3465,1,1,1,1,3,4,4,5,5,5,5,5,3,3.31,31,24,TRUE
Male,Loyal Customer,48,Personal Travel,Eco,541,4,3,4,4,3,4,3,3,4,1,2,3,3,3.15,3,0,TRUE
Male,Loyal Customer,66,Personal Travel,Eco,3904,2,4,2,2,2,1,1,3,3,5,4,1,1,2.38,1,0,FALSE
Male,Disloyal Customer,22,Business Travel,Eco,468,4,4,4,4,1,4,1,1,5,3,4,5,1,3.15,0,2,TRUE
Male,Loyal Customer,37,Business Travel,Eco,421,4,1,1,1,4,4,4,4,1,1,3,4,4,2.77,0,0,TRUE
Female,Loyal Customer,60,Business Travel,Business,2009,0,0,0,3,4,5,5,4,4,4,4,3,4,3.08,1,0,TRUE
Male,Disloyal Customer,59,Business Travel,Eco,239,2,1,2,3,3,2,3,3,3,3,2,3,3,2.54,0,0,FALSE
Male,Loyal Customer,54,Business Travel,Eco,896,5,3,3,3,5,5,5,5,1,5,1,3,5,3.77,16,4,TRUE
Female,Loyal Customer,30,Business Travel,Business,862,3,4,4,4,3,3,3,3,4,3,3,3,3,3.31,2,0,FALSE
Male,Loyal Customer,63,Personal Travel,Eco,427,4,1,4,3,1,4,1,1,4,5,3,2,1,2.62,0,0,TRUE
Female,Loyal Customer,44,Personal Travel,Eco,444,3,5,3,5,4,5,4,2,2,3,2,3,4,3.46,10,0,FALSE
Female,Loyal Customer,66,Personal Travel,Eco Plus,447,2,5,2,3,3,4,4,1,1,2,1,4,3,2.69,0,0,FALSE
Male,Loyal Customer,65,Business Travel,Business,3509,3,4,4,4,1,3,2,3,3,3,3,4,1,2.92,0,0,FALSE
Female,Disloyal Customer,22,Business Travel,Eco,611,2,0,1,5,3,1,3,3,5,5,5,4,3,3.08,0,0,FALSE
Female,Disloyal Customer,38,Business Travel,Business,987,3,3,3,5,1,3,1,1,5,4,5,4,1,3,2,16,FALSE
Male,Loyal Customer,30,Personal Travel,Eco,624,3,5,3,3,5,3,4,5,3,4,1,5,5,3.77,0,0,FALSE
Male,Loyal Customer,41,Business Travel,Business,140,4,4,4,4,2,3,5,5,5,5,3,3,5,4,15,18,TRUE
Male,Loyal Customer,15,Personal Travel,Eco,160,2,5,2,3,1,2,1,1,3,5,4,5,1,2.69,3,0,FALSE
Female,Disloyal Customer,37,Business Travel,Business,1500,4,4,4,3,3,4,3,3,4,3,4,3,3,3.46,0,0,TRUE
Male,Loyal Customer,40,Business Travel,Business,4243,2,5,5,5,2,2,2,4,3,1,3,2,2,2.92,0,19,FALSE
Male,Loyal Customer,54,Business Travel,Eco,920,2,4,4,4,2,2,2,2,1,1,4,2,2,2.46,0,74,FALSE
Male,Loyal Customer,67,Personal Travel,Eco Plus,2381,4,4,4,4,3,4,3,3,3,5,4,3,3,3.62,88,79,FALSE
Male,Disloyal Customer,23,Business Travel,Eco,261,0,5,0,3,1,0,1,1,4,4,1,5,1,2,0,1,TRUE
Male,Loyal Customer,48,Personal Travel,Eco,954,3,3,3,4,3,5,5,5,4,2,3,5,5,3.85,150,136,FALSE
Male,Loyal Customer,27,Personal Travel,Eco,354,3,5,3,3,1,3,1,1,3,2,4,3,1,2.54,16,41,FALSE
Female,Loyal Customer,59,Personal Travel,Eco,951,3,4,3,4,4,3,4,2,2,3,2,4,1,3,0,5,FALSE
Female,Loyal Customer,30,Business Travel,Business,2253,1,1,1,1,4,4,4,4,3,3,5,4,4,3,0,0,TRUE
Male,Disloyal Customer,27,Business Travel,Business,1211,3,3,3,3,2,3,2,2,4,1,2,2,2,2.46,1,11,FALSE
Male,Loyal Customer,41,Personal Travel,Eco,788,2,4,2,5,2,2,2,2,5,3,4,4,2,3,7,2,FALSE
Male,Loyal Customer,66,Personal Travel,Eco,252,3,3,3,3,2,3,2,2,4,5,3,4,2,3,0,0,FALSE
Male,Loyal Customer,7,Personal Travel,Eco,366,1,5,5,3,5,5,5,5,4,3,4,3,5,4.08,0,3,FALSE
Female,Loyal Customer,47,Business Travel,Business,372,4,4,3,4,4,3,2,3,3,4,3,5,5,3.62,0,0,TRUE
Female,Loyal Customer,40,Business Travel,Business,2912,1,3,3,3,2,4,3,1,1,1,1,4,4,2.38,0,0,FALSE
Male,Loyal Customer,44,Business Travel,Business,1205,4,3,4,4,5,5,5,3,3,4,5,5,5,4.23,257,252,TRUE
Female,Loyal Customer,39,Business Travel,Business,2549,5,5,5,5,5,4,4,5,5,5,5,5,3,4.69,29,19,TRUE
Female,Loyal Customer,33,Business Travel,Business,2323,4,4,5,4,1,4,3,2,2,2,4,4,2,3.15,0,0,FALSE
Female,Loyal Customer,68,Personal Travel,Eco Plus,191,3,4,0,5,3,5,4,1,1,0,1,4,5,2.77,0,0,FALSE
Male,Loyal Customer,26,Business Travel,Eco,2349,4,3,3,3,4,4,3,4,4,3,5,4,4,3.69,0,0,TRUE
Male,Loyal Customer,22,Business Travel,Business,2797,3,3,3,3,4,4,4,4,3,5,4,4,4,3.69,0,0,TRUE
Female,Loyal Customer,61,Business Travel,Eco,159,2,4,4,4,5,4,4,2,2,2,2,2,1,2.92,0,0,FALSE
Female,Loyal Customer,45,Personal Travel,Eco,1013,1,5,1,5,4,4,3,1,1,1,1,4,1,2.46,10,10,FALSE
Male,Loyal Customer,40,Business Travel,Business,1565,2,4,4,4,4,4,4,2,2,2,2,3,2,3,14,35,FALSE
Female,Loyal Customer,60,Business Travel,Eco,109,2,1,5,1,1,3,4,2,2,2,2,1,2,2.15,12,17,FALSE
Male,Disloyal Customer,28,Business Travel,Business,468,2,2,2,3,4,2,4,4,4,3,3,4,4,3.15,0,10,FALSE
Female,Disloyal Customer,32,Business Travel,Business,781,2,2,2,2,1,2,1,1,4,5,4,3,1,2.31,26,28,FALSE
Male,Loyal Customer,49,Personal Travel,Business,299,3,3,3,3,1,3,3,3,3,3,3,2,4,2.85,0,7,FALSE
Female,Loyal Customer,25,Business Travel,Eco Plus,650,1,3,4,4,1,1,2,1,1,3,4,4,1,2.31,1,7,FALSE
Male,Loyal Customer,23,Personal Travel,Eco,999,1,3,1,5,4,1,4,4,1,1,5,3,4,2.85,0,13,FALSE
Female,Loyal Customer,39,Business Travel,Business,1592,3,3,3,3,3,4,4,4,4,4,4,5,5,3.77,14,19,TRUE
Male,Loyal Customer,10,Business Travel,Business,925,3,1,3,3,3,4,3,3,5,3,5,5,3,3.38,0,0,TRUE
Female,Loyal Customer,47,Personal Travel,Eco,163,4,5,4,1,4,4,4,1,1,4,1,4,5,3.23,0,0,TRUE
Female,Loyal Customer,45,Business Travel,Business,1190,5,5,5,5,4,3,3,5,5,5,5,5,5,4.62,1,0,TRUE
Male,Loyal Customer,35,Business Travel,Business,2723,3,4,4,4,2,4,4,3,3,3,3,2,1,3.08,2,0,FALSE
Male,Loyal Customer,64,Business Travel,Eco Plus,693,3,1,1,1,3,3,3,3,3,1,4,3,3,2.46,0,0,FALSE
Female,Loyal Customer,56,Business Travel,Business,2583,1,1,1,1,4,5,4,5,5,5,5,5,5,3.62,0,0,TRUE
Female,Loyal Customer,43,Business Travel,Business,1888,3,2,2,2,2,3,3,3,3,3,3,2,3,2.62,2,0,FALSE
Female,Loyal Customer,41,Business Travel,Business,3600,3,3,3,3,2,5,4,4,4,4,4,3,5,3.62,0,0,TRUE
Male,Disloyal Customer,29,Business Travel,Eco,1121,2,2,2,4,1,2,1,1,3,1,2,4,1,2,6,0,FALSE
Female,Loyal Customer,45,Business Travel,Eco,1237,4,5,3,5,3,2,3,4,4,4,4,1,3,3.46,31,29,FALSE
Female,Loyal Customer,43,Personal Travel,Eco,1023,3,3,3,3,4,3,4,3,3,3,3,2,2,3,0,0,FALSE
Male,Loyal Customer,44,Business Travel,Eco,992,5,2,5,5,5,5,5,5,5,5,5,3,5,4.62,9,0,TRUE
Female,Loyal Customer,48,Business Travel,Business,2475,3,4,3,3,3,5,4,4,4,4,4,5,5,3.92,0,0,TRUE
Male,Loyal Customer,21,Personal Travel,Eco,547,2,4,1,4,5,1,5,5,3,1,2,5,5,3.31,15,59,FALSE
Female,Loyal Customer,37,Business Travel,Business,1702,4,4,4,4,2,5,4,2,2,2,2,4,4,3.31,0,0,TRUE
Female,Loyal Customer,60,Business Travel,Eco,804,2,2,2,2,2,3,4,2,2,2,2,4,3,2.46,0,0,FALSE
Male,Loyal Customer,70,Personal Travel,Eco,288,2,4,2,4,1,2,1,1,5,3,5,3,1,2.62,0,0,FALSE
Male,Disloyal Customer,35,Business Travel,Business,733,1,1,1,3,2,1,2,2,3,4,4,4,2,2.31,0,17,FALSE
Male,Loyal Customer,37,Business Travel,Business,194,5,4,5,5,4,2,1,5,5,5,3,5,1,3.85,0,0,TRUE
Male,Loyal Customer,30,Personal Travel,Eco,912,3,4,4,2,4,4,3,4,5,3,5,4,4,3.77,0,7,FALSE
Female,Loyal Customer,16,Business Travel,Business,2615,5,5,3,5,1,2,1,1,5,5,2,4,1,3.08,0,0,TRUE
Female,Disloyal Customer,23,Business Travel,Eco,1131,2,2,2,2,5,2,5,5,5,2,5,4,5,3.54,57,45,FALSE
Female,Disloyal Customer,43,Business Travel,Business,807,4,3,3,1,4,4,4,4,4,5,5,5,4,3.85,0,4,TRUE
Female,Loyal Customer,18,Personal Travel,Eco,153,4,4,4,3,4,4,1,4,4,2,5,5,4,3.69,0,0,FALSE
Female,Loyal Customer,68,Personal Travel,Eco Plus,408,2,4,2,3,3,5,5,2,2,2,2,5,5,3.23,13,6,FALSE
Female,Loyal Customer,61,Personal Travel,Eco,1846,1,5,1,3,5,5,4,3,3,1,1,4,3,3,0,0,FALSE
Female,Loyal Customer,44,Business Travel,Eco,277,2,2,4,2,4,2,2,2,2,2,2,2,1,2.23,49,54,FALSE
Female,Loyal Customer,57,Business Travel,Business,846,4,4,4,4,3,5,5,4,4,4,4,5,5,4.23,0,0,TRUE
Male,Loyal Customer,28,Personal Travel,Eco,305,2,4,2,1,2,2,2,2,2,4,3,2,2,2.31,17,5,FALSE
Female,Disloyal Customer,29,Business Travel,Business,861,4,5,5,2,5,5,5,5,3,3,4,5,5,4.31,6,5,TRUE
Male,Loyal Customer,50,Business Travel,Business,2248,4,4,4,4,2,3,4,5,5,5,5,5,4,4.15,0,0,TRUE
Male,Disloyal Customer,56,Business Travel,Business,461,2,2,2,3,4,2,4,4,3,4,4,1,4,3,31,20,FALSE
Male,Loyal Customer,62,Business Travel,Business,2287,0,0,0,2,2,5,4,2,2,2,2,3,4,2.15,0,2,TRUE
Female,Loyal Customer,52,Business Travel,Business,2692,1,1,1,1,4,4,5,5,5,5,5,4,4,3.46,0,0,TRUE
Male,Loyal Customer,60,Business Travel,Business,308,1,1,1,1,2,4,4,5,5,5,5,5,3,3.23,0,0,TRUE
Female,Loyal Customer,51,Business Travel,Eco,322,4,5,5,5,1,5,5,4,4,4,4,4,3,4.08,0,1,TRUE
Female,Loyal Customer,42,Business Travel,Business,3282,4,4,5,4,3,4,4,2,2,3,2,4,3,3.38,0,0,TRUE
Male,Disloyal Customer,24,Business Travel,Business,1598,4,5,4,3,1,4,1,1,5,2,4,4,1,3,2,0,TRUE
Male,Loyal Customer,27,Business Travel,Business,3014,2,2,2,2,2,3,2,2,4,2,4,1,2,2.31,0,0,FALSE
Female,Loyal Customer,38,Business Travel,Business,2475,4,2,5,2,2,1,3,4,4,4,4,4,1,3.08,13,27,FALSE
Female,Disloyal Customer,22,Business Travel,Eco,299,4,3,4,3,5,4,5,5,3,3,4,5,5,4.08,6,3,TRUE
Male,Loyal Customer,63,Personal Travel,Eco Plus,2569,1,4,1,4,1,3,3,3,5,3,4,3,3,2.92,47,108,FALSE
Female,Loyal Customer,45,Business Travel,Business,3125,3,3,3,3,4,4,4,4,4,4,4,5,5,3.85,0,0,TRUE
Female,Loyal Customer,57,Business Travel,Business,1755,3,3,3,3,4,5,4,4,4,4,4,4,5,3.85,0,0,TRUE
Male,Disloyal Customer,21,Business Travel,Business,717,5,0,5,2,5,5,1,5,4,3,5,3,5,3.69,0,0,TRUE
Female,Loyal Customer,10,Personal Travel,Business,1345,4,3,4,4,1,4,1,1,3,5,2,3,1,2.77,39,50,FALSE
Female,Loyal Customer,10,Personal Travel,Business,793,3,4,3,4,4,3,4,4,5,4,4,3,4,3.77,2,4,FALSE
Female,Loyal Customer,45,Personal Travel,Eco,373,3,1,3,4,2,4,4,3,3,3,3,4,3,3.08,24,22,FALSE
Female,Disloyal Customer,47,Business Travel,Business,409,4,4,4,3,1,4,1,1,4,5,4,5,1,3.15,0,0,TRUE
Female,Loyal Customer,16,Personal Travel,Eco,580,2,3,2,3,1,2,1,1,4,3,3,3,1,2.23,0,1,FALSE
Female,Loyal Customer,45,Personal Travel,Eco,1069,1,4,1,1,5,4,5,4,4,1,4,5,3,3.23,0,0,FALSE
Female,Loyal Customer,43,Business Travel,Business,2289,1,5,5,5,2,3,3,1,1,1,1,1,2,2.38,0,16,FALSE
Male,Disloyal Customer,26,Business Travel,Business,257,4,4,4,2,3,4,4,3,3,3,5,4,3,3.54,16,1,TRUE
Male,Loyal Customer,50,Business Travel,Business,3376,4,4,4,4,3,5,4,3,3,3,3,3,5,3.69,26,17,TRUE
Male,Loyal Customer,27,Business Travel,Business,2401,3,2,2,2,3,3,3,3,4,2,4,1,3,2.69,0,0,FALSE
Male,Disloyal Customer,26,Business Travel,Eco,292,1,4,1,3,1,1,1,1,4,2,3,4,1,2.08,72,55,FALSE
Female,Loyal Customer,13,Personal Travel,Eco,862,3,5,3,4,5,3,5,5,3,2,4,3,5,3.85,4,24,FALSE
Female,Loyal Customer,59,Business Travel,Business,2484,2,2,2,2,5,5,5,5,5,5,5,5,4,4,0,0,TRUE
Female,Disloyal Customer,26,Business Travel,Business,1562,1,1,1,3,1,1,1,1,4,2,4,5,1,2,52,45,FALSE
Female,Loyal Customer,47,Business Travel,Business,2668,3,3,3,3,2,4,4,5,5,5,5,1,5,3.69,0,0,TRUE
Female,Loyal Customer,48,Personal Travel,Eco,821,2,3,2,3,1,5,1,5,5,2,5,5,2,3.15,0,0,FALSE
Female,Loyal Customer,13,Personal Travel,Eco,438,2,4,2,4,1,2,1,1,3,4,5,5,1,2.69,76,66,FALSE
Female,Disloyal Customer,21,Business Travel,Business,370,4,0,5,3,2,5,2,2,3,3,4,3,2,2.92,0,0,TRUE
Female,Loyal Customer,10,Personal Travel,Eco,432,2,3,1,3,5,1,5,5,1,3,3,1,5,2.92,13,24,FALSE
Male,Loyal Customer,34,Business Travel,Eco,189,1,4,4,4,1,1,1,1,2,3,3,3,1,2.23,0,0,FALSE
Male,Disloyal Customer,22,Business Travel,Eco,646,3,1,4,3,2,4,4,2,4,3,4,1,2,2.85,21,20,FALSE
Female,Loyal Customer,45,Personal Travel,Eco,1121,2,5,2,5,4,5,4,3,3,2,3,3,5,3.54,7,11,FALSE
Male,Loyal Customer,55,Business Travel,Business,612,3,3,3,3,5,5,5,4,4,4,4,5,5,4.08,13,9,TRUE
Female,Loyal Customer,52,Business Travel,Business,2422,5,5,5,5,5,4,4,4,5,5,4,4,4,4.54,25,29,TRUE
Male,Disloyal Customer,18,Business Travel,Eco,808,2,2,2,4,4,2,4,4,3,2,3,4,4,3.08,93,97,FALSE
Female,Loyal Customer,61,Personal Travel,Eco,474,3,3,3,4,4,4,4,2,2,3,2,4,4,3.23,0,0,FALSE
Female,Loyal Customer,59,Personal Travel,Eco,1172,3,5,3,2,5,5,5,4,4,3,2,3,4,3.69,0,0,FALSE
Female,Loyal Customer,8,Personal Travel,Eco,1972,3,3,4,3,4,4,4,4,3,5,4,3,4,3.69,0,7,FALSE
Female,Loyal Customer,42,Business Travel,Business,611,4,4,4,4,4,4,5,4,4,4,4,5,5,4.23,0,0,TRUE
Female,Loyal Customer,29,Business Travel,Business,1739,1,5,5,5,1,1,1,1,2,3,2,4,1,2.46,6,21,FALSE
Male,Loyal Customer,12,Business Travel,Business,1117,2,5,5,5,2,2,2,2,3,1,4,3,2,2.92,31,26,FALSE
Female,Disloyal Customer,50,Business Travel,Eco,408,2,0,2,3,3,2,3,3,4,2,4,3,3,2.62,0,16,FALSE
Male,Loyal Customer,47,Business Travel,Business,993,3,3,3,3,3,5,5,5,5,5,5,3,5,4.08,0,0,TRUE
Male,Loyal Customer,48,Business Travel,Business,1797,5,5,5,5,3,4,4,4,4,4,4,3,3,4.08,0,0,TRUE
Female,Disloyal Customer,23,Business Travel,Eco,1123,1,1,1,4,4,1,4,4,3,2,3,3,4,2.69,0,9,FALSE
Male,Disloyal Customer,28,Business Travel,Business,836,3,3,3,2,3,3,3,3,4,4,4,5,3,3.31,0,0,FALSE
Male,Loyal Customer,45,Business Travel,Eco,234,3,5,5,5,3,3,3,3,2,2,4,4,3,3.46,0,1,FALSE
Female,Loyal Customer,30,Personal Travel,Eco,821,3,5,3,5,5,3,5,5,4,5,2,4,5,4.15,9,8,FALSE
Female,Loyal Customer,59,Business Travel,Business,2734,5,5,5,5,2,5,5,5,5,5,5,4,4,4.62,16,0,TRUE
Female,Loyal Customer,58,Personal Travel,Eco,321,2,2,2,4,1,3,3,3,3,2,3,2,2,2.46,0,9,FALSE
Female,Loyal Customer,59,Personal Travel,Eco,859,1,4,1,2,2,4,4,4,4,1,4,3,4,2.92,17,16,FALSE
Male,Loyal Customer,23,Business Travel,Business,1558,2,2,2,2,4,4,4,4,3,4,4,3,4,3.23,1,0,TRUE
Female,Loyal Customer,50,Personal Travel,Eco,429,5,2,5,3,2,3,3,3,3,5,3,4,2,3.31,0,0,TRUE
Male,Loyal Customer,33,Business Travel,Business,1448,5,5,4,5,3,5,3,3,4,2,1,1,3,3.38,0,0,TRUE
Male,Loyal Customer,23,Business Travel,Business,2767,5,5,2,5,5,5,5,5,5,4,4,5,5,4.62,0,0,TRUE
Female,Loyal Customer,37,Business Travel,Business,3886,3,2,4,2,5,3,3,3,3,3,3,3,1,2.92,18,23,FALSE
Female,Loyal Customer,8,Personal Travel,Eco,442,3,4,3,3,4,3,4,4,5,4,1,4,4,3.54,0,0,FALSE
Male,Loyal Customer,51,Personal Travel,Eco,347,5,5,5,1,1,5,2,1,3,4,5,3,1,3.15,0,0,TRUE
Male,Loyal Customer,66,Business Travel,Business,1640,0,0,0,3,3,5,5,1,1,1,1,5,5,2.31,4,5,TRUE
Female,Loyal Customer,58,Business Travel,Business,1678,1,1,1,1,2,3,4,5,5,5,5,4,3,3.08,0,0,TRUE
Male,Loyal Customer,32,Personal Travel,Eco,547,3,1,3,3,4,3,3,4,3,4,4,4,4,3.31,0,0,FALSE
Female,Loyal Customer,41,Business Travel,Business,2852,5,5,5,5,4,5,5,5,5,5,5,3,5,4.77,8,11,TRUE
Female,Loyal Customer,56,Business Travel,Business,630,2,2,2,2,5,4,5,5,5,5,5,5,4,3.92,4,2,TRUE
Female,Loyal Customer,18,Personal Travel,Eco,480,1,3,1,3,5,1,5,5,1,2,3,3,5,2.92,1,0,FALSE
Male,Loyal Customer,52,Business Travel,Business,2296,3,3,3,3,2,4,4,3,3,3,3,5,3,3.23,0,0,TRUE
Male,Loyal Customer,31,Business Travel,Business,764,2,2,3,2,2,2,2,2,2,3,4,2,2,2.31,0,10,FALSE
Female,Loyal Customer,53,Business Travel,Business,1635,3,3,3,3,5,5,5,5,5,5,5,5,4,4.31,95,82,TRUE
Female,Loyal Customer,42,Business Travel,Eco,1235,2,1,1,1,1,4,4,2,2,2,2,1,1,1.85,0,0,FALSE
Female,Loyal Customer,34,Business Travel,Business,2565,3,3,3,3,5,4,5,5,5,5,5,4,4,4.15,0,7,TRUE
Female,Loyal Customer,50,Business Travel,Business,649,3,4,4,4,5,4,4,3,3,3,3,2,4,3.54,0,0,FALSE
Female,Loyal Customer,36,Business Travel,Business,101,1,4,5,5,1,3,4,4,4,4,1,2,4,3.23,0,3,FALSE
Male,Disloyal Customer,23,Business Travel,Eco,345,2,5,3,1,4,3,4,4,2,5,5,1,4,3.31,6,4,FALSE
Male,Loyal Customer,15,Personal Travel,Eco,680,1,1,1,3,2,1,2,2,3,3,3,1,2,1.92,0,18,FALSE
Female,Loyal Customer,48,Business Travel,Business,590,4,4,4,4,3,4,4,5,5,5,5,3,4,4.15,53,47,TRUE
Male,Loyal Customer,56,Personal Travel,Eco,86,2,4,0,1,4,0,4,4,4,5,1,4,4,2.85,0,0,FALSE
Female,Loyal Customer,65,Personal Travel,Eco,728,3,3,3,5,1,3,2,2,2,3,2,2,1,2.46,0,0,FALSE
Female,Loyal Customer,40,Business Travel,Business,164,0,5,0,2,4,4,4,5,5,4,4,5,3,3.46,38,33,TRUE
Male,Loyal Customer,37,Personal Travel,Eco,628,1,5,1,2,1,1,1,5,3,5,5,1,1,2.46,166,164,FALSE
Female,Loyal Customer,23,Personal Travel,Eco,347,4,5,4,1,3,4,4,3,4,5,5,4,3,3.77,0,22,FALSE
Male,Loyal Customer,68,Personal Travel,Eco,920,4,5,4,3,4,4,4,4,4,5,4,3,4,4,0,13,FALSE
Female,Loyal Customer,25,Personal Travel,Eco,101,3,4,3,3,3,3,3,3,4,5,4,4,3,3.46,0,0,FALSE
Female,Loyal Customer,44,Business Travel,Eco,761,4,5,5,5,3,3,3,4,4,4,4,2,3,3.77,1,0,FALSE
Male,Loyal Customer,41,Personal Travel,Eco,618,2,3,2,3,4,2,4,4,2,3,3,1,4,2.85,0,0,FALSE
Male,Loyal Customer,24,Personal Travel,Eco Plus,304,2,4,2,2,5,2,2,5,3,4,4,4,5,3.38,51,46,FALSE
Female,Disloyal Customer,20,Business Travel,Eco,565,4,5,4,3,4,4,2,4,2,3,1,5,4,3.46,0,0,FALSE
Male,Loyal Customer,23,Business Travel,Eco,925,1,3,3,3,1,1,1,1,3,2,4,3,1,2.08,6,22,FALSE
Female,Loyal Customer,20,Business Travel,Business,2037,1,1,1,1,4,4,4,4,3,4,4,5,4,3.08,0,0,TRUE
Male,Disloyal Customer,21,Business Travel,Eco,483,2,4,2,3,1,2,1,1,1,5,4,3,1,2.31,32,64,FALSE
Male,Loyal Customer,54,Business Travel,Eco Plus,530,2,3,3,3,2,2,2,2,3,3,3,2,2,2.46,0,11,FALSE
Female,Disloyal Customer,33,Business Travel,Business,145,3,3,3,4,3,3,3,3,4,3,4,5,3,3.38,0,3,FALSE
Female,Loyal Customer,47,Personal Travel,Eco,696,4,4,4,4,2,1,3,2,2,4,2,4,3,3,24,36,TRUE
Female,Loyal Customer,48,Personal Travel,Eco,301,3,2,4,3,2,4,3,3,3,4,3,2,4,3.08,0,0,FALSE
Female,Disloyal Customer,18,Business Travel,Eco,689,4,4,4,3,2,4,2,2,1,1,3,4,2,2.77,117,126,FALSE
Male,Loyal Customer,60,Personal Travel,Eco,84,0,1,0,3,3,0,3,3,4,1,3,2,3,2,0,0,TRUE
Female,Loyal Customer,48,Business Travel,Eco,867,4,1,1,1,1,4,5,4,4,4,4,1,4,2.92,0,0,TRUE
Male,Disloyal Customer,27,Business Travel,Business,994,4,4,4,2,1,4,1,1,5,2,5,3,1,2.85,3,0,TRUE
Male,Loyal Customer,13,Personal Travel,Eco,1259,3,4,3,4,2,3,2,2,4,4,5,3,2,3.15,11,19,FALSE
Female,Loyal Customer,43,Business Travel,Business,2868,2,2,2,2,5,5,4,4,4,4,4,3,5,3.54,13,33,TRUE
Male,Disloyal Customer,22,Business Travel,Eco,370,2,2,2,3,4,2,1,4,1,2,4,2,4,2.54,0,0,FALSE
Female,Loyal Customer,57,Personal Travel,Eco Plus,757,3,4,3,2,5,5,5,5,5,3,2,4,4,3.85,6,0,FALSE
Female,Disloyal Customer,25,Business Travel,Business,2077,5,0,5,3,2,5,2,2,4,2,4,5,2,3.15,0,0,TRUE
Female,Loyal Customer,33,Business Travel,Business,3725,1,1,1,1,5,5,5,4,4,4,4,5,4,3.38,14,12,TRUE
Male,Loyal Customer,39,Business Travel,Business,2700,1,1,3,1,3,4,4,3,3,4,3,3,4,2.85,1,23,TRUE
Male,Disloyal Customer,38,Business Travel,Eco,411,3,2,3,4,4,3,1,4,2,5,4,3,4,3.23,119,117,FALSE
Female,Loyal Customer,22,Business Travel,Business,2229,3,3,3,3,4,4,4,4,4,3,4,3,4,3.54,2,0,TRUE
Female,Loyal Customer,48,Business Travel,Business,2079,3,3,3,3,4,4,4,3,4,5,5,4,4,3.77,291,280,TRUE
Female,Disloyal Customer,22,Business Travel,Eco,663,3,0,4,3,3,4,2,3,5,4,5,5,3,3.38,2,3,FALSE
Female,Loyal Customer,37,Business Travel,Business,1533,2,2,2,2,3,2,4,4,4,4,4,2,1,2.77,0,16,TRUE
Male,Disloyal Customer,47,Business Travel,Business,888,2,2,2,4,5,2,5,5,4,5,4,3,5,3.69,0,0,FALSE
Male,Loyal Customer,58,Business Travel,Eco,680,4,4,2,4,4,4,4,4,2,4,5,5,4,3.85,0,18,TRUE
Female,Disloyal Customer,52,Business Travel,Eco,715,4,4,4,1,5,4,5,5,1,2,3,5,5,3.69,53,66,TRUE
Male,Loyal Customer,29,Business Travel,Business,2701,4,4,4,4,4,4,4,4,2,3,2,4,4,3.62,9,53,TRUE
Male,Disloyal Customer,26,Business Travel,Business,1045,3,3,3,3,1,3,1,1,5,3,4,3,1,2.62,0,0,FALSE
Female,Loyal Customer,47,Business Travel,Business,3689,1,1,1,1,4,5,5,3,3,4,3,5,5,3.15,0,1,TRUE
Male,Loyal Customer,20,Personal Travel,Eco,1547,2,4,1,3,2,1,2,2,4,3,4,4,2,2.62,0,1,FALSE
Female,Loyal Customer,20,Personal Travel,Eco,550,3,3,3,4,2,3,2,2,3,1,1,2,2,2.38,0,0,FALSE
Male,Loyal Customer,51,Business Travel,Business,1389,4,4,4,4,4,4,4,4,4,4,4,3,5,4,0,6,TRUE
Male,Loyal Customer,67,Personal Travel,Eco,744,2,3,2,2,4,2,4,4,2,2,3,3,4,2.85,18,5,FALSE
Male,Loyal Customer,32,Personal Travel,Business,697,2,5,2,5,2,2,2,2,3,2,5,3,2,2.85,0,1,FALSE
Male,Loyal Customer,55,Business Travel,Business,2764,3,3,3,3,2,2,3,3,3,3,3,4,4,3,11,0,FALSE
Male,Loyal Customer,38,Business Travel,Business,1605,2,2,2,2,1,2,3,2,2,2,2,3,4,2.23,67,49,FALSE
Male,Loyal Customer,24,Business Travel,Eco,932,1,3,1,3,1,1,3,1,3,2,4,4,1,2.15,0,18,FALSE
Female,Loyal Customer,52,Business Travel,Business,2948,4,4,2,4,3,4,5,5,5,5,5,5,5,4.31,0,0,TRUE
Male,Loyal Customer,29,Business Travel,Business,909,2,1,4,1,2,2,2,2,2,4,2,1,2,2.08,24,19,FALSE
Male,Disloyal Customer,26,Business Travel,Eco,451,2,4,2,4,3,2,3,3,2,4,4,1,3,2.85,0,21,FALSE
Female,Loyal Customer,57,Personal Travel,Eco,1747,3,2,2,3,1,2,4,1,1,2,1,2,3,2.08,5,6,FALSE
Female,Loyal Customer,52,Business Travel,Business,1570,1,1,1,1,2,4,5,3,3,3,3,3,5,2.69,25,17,TRUE
Female,Loyal Customer,33,Business Travel,Business,391,4,4,4,4,4,2,4,5,5,5,5,2,1,3.77,0,0,TRUE
Female,Disloyal Customer,26,Business Travel,Eco,158,2,0,2,2,1,2,1,1,4,5,5,3,1,2.23,0,0,FALSE
Male,Loyal Customer,49,Business Travel,Business,3985,3,3,3,3,5,4,5,4,4,5,4,4,4,3.92,1,0,TRUE
Male,Loyal Customer,12,Personal Travel,Eco,173,5,1,5,4,5,5,5,2,3,3,3,5,5,3.92,326,330,TRUE
Female,Disloyal Customer,15,Business Travel,Eco Plus,1076,2,3,2,3,1,2,1,1,2,2,3,4,1,2.08,25,51,FALSE
Female,Loyal Customer,27,Business Travel,Business,783,4,4,4,4,5,5,5,5,5,3,1,1,5,3.92,0,10,TRUE
Female,Loyal Customer,41,Business Travel,Eco,1139,3,4,4,4,4,3,4,4,3,3,3,2,4,3.46,53,44,FALSE
Female,Loyal Customer,29,Business Travel,Business,1941,3,3,3,3,5,5,5,5,5,3,5,4,5,4.15,0,0,TRUE
Male,Loyal Customer,55,Business Travel,Business,936,1,4,4,4,3,2,3,1,1,1,1,2,3,2.31,0,2,FALSE
Female,Loyal Customer,25,Personal Travel,Eco,2288,2,2,2,4,1,2,1,1,4,5,4,3,1,2.46,52,12,FALSE
Male,Loyal Customer,29,Personal Travel,Eco,484,3,4,3,4,2,3,2,2,1,4,4,2,2,2.77,11,9,FALSE
Male,Loyal Customer,55,Business Travel,Business,3365,5,5,5,5,4,5,5,5,5,5,4,5,3,4.69,0,0,TRUE
Male,Loyal Customer,50,Business Travel,Business,1437,3,3,3,3,1,4,1,5,5,4,5,2,2,3.15,91,67,TRUE
Female,Disloyal Customer,36,Business Travel,Business,895,2,2,2,4,1,2,1,1,3,2,5,4,1,2.31,0,0,FALSE
Male,Loyal Customer,8,Personal Travel,Eco,651,2,3,2,5,1,2,1,1,2,1,3,5,1,2.23,0,0,FALSE
Female,Disloyal Customer,40,Business Travel,Business,571,4,4,4,3,4,4,3,4,5,5,5,3,3,3.92,193,,FALSE
Male,Loyal Customer,61,Personal Travel,Eco Plus,834,0,4,0,2,1,0,1,1,5,2,5,4,1,2,0,0,TRUE
Male,Loyal Customer,35,Business Travel,Business,228,1,2,2,2,3,2,2,1,1,1,1,4,3,1.92,1,40,FALSE
Female,Loyal Customer,60,Business Travel,Business,239,0,0,0,2,5,5,5,2,2,2,1,4,5,2.54,2,0,TRUE
Male,Disloyal Customer,42,Personal Travel,Eco,191,4,4,4,5,4,4,4,4,5,4,5,5,4,4.31,0,6,TRUE
Female,Loyal Customer,55,Business Travel,Business,1208,3,3,3,3,5,4,2,5,5,5,5,5,4,4,0,0,TRUE
Female,Loyal Customer,39,Business Travel,Business,413,1,1,1,1,4,2,2,4,4,4,4,2,4,2.62,115,130,TRUE
Male,Disloyal Customer,27,Business Travel,Eco,636,2,3,2,3,5,2,5,5,5,5,3,5,5,3.85,0,18,FALSE
Female,Loyal Customer,39,Business Travel,Business,1218,4,4,4,4,5,5,4,4,4,4,4,4,4,4.15,0,0,TRUE
Male,Loyal Customer,25,Personal Travel,Eco Plus,184,2,1,2,3,3,2,3,3,4,1,2,2,3,2.38,0,0,FALSE
Male,Loyal Customer,65,Personal Travel,Eco,1174,1,4,1,4,5,1,5,5,5,3,4,5,5,3.69,0,0,FALSE
Female,Loyal Customer,39,Personal Travel,Eco,1660,1,4,1,4,1,1,1,1,3,1,2,1,1,1.69,0,0,FALSE
Male,Loyal Customer,11,Personal Travel,Eco,282,2,1,4,3,4,5,4,2,3,2,2,4,4,3.08,148,156,FALSE
Male,Loyal Customer,53,Business Travel,Business,329,0,0,0,4,5,2,1,2,2,2,2,3,3,2,0,0,TRUE
Female,Loyal Customer,38,Personal Travel,Eco,541,3,4,3,4,1,3,1,1,5,4,4,4,1,2.92,114,105,FALSE
Male,Loyal Customer,47,Business Travel,Eco,250,1,4,5,4,1,1,1,1,1,4,4,3,1,2.38,0,0,FALSE
Male,Loyal Customer,37,Business Travel,Eco,826,4,4,4,4,4,4,4,4,3,4,1,5,4,3.77,37,68,TRUE
Male,Loyal Customer,64,Personal Travel,Eco,991,2,1,2,3,1,2,1,1,3,3,4,1,1,1.92,0,0,FALSE
Female,Loyal Customer,21,Personal Travel,Eco,580,3,4,3,3,5,3,5,5,3,2,5,4,5,3.85,20,4,FALSE
Male,Disloyal Customer,49,Business Travel,Business,1726,2,2,2,3,2,2,2,4,4,2,3,2,2,2.46,133,147,FALSE
Female,Loyal Customer,50,Business Travel,Business,1771,4,4,4,4,2,4,4,4,4,4,4,3,5,3.85,7,0,TRUE
Male,Loyal Customer,18,Business Travel,Eco,689,4,2,2,2,4,4,4,4,2,3,2,1,4,2.92,0,0,TRUE
Female,Loyal Customer,53,Business Travel,Business,2176,4,4,4,4,3,3,4,5,5,5,5,4,4,4.15,0,0,TRUE
Male,Loyal Customer,39,Business Travel,Eco,460,1,1,1,1,1,1,1,1,1,1,4,2,1,1.31,0,0,FALSE
Male,Loyal Customer,47,Business Travel,Business,248,2,2,2,2,2,5,4,5,5,5,5,5,3,3.62,0,0,TRUE
Female,Loyal Customer,51,Business Travel,Business,3313,0,0,0,1,5,4,4,1,1,1,1,3,3,1.85,0,0,TRUE
Male,Loyal Customer,36,Personal Travel,Eco,102,1,5,1,3,2,1,2,2,4,3,5,4,2,2.69,4,0,FALSE
Female,Loyal Customer,7,Personal Travel,Eco,1258,2,5,2,2,1,2,1,1,4,3,4,3,1,2.38,0,0,FALSE
Female,Disloyal Customer,21,Business Travel,Eco,588,4,0,4,4,2,4,5,2,4,4,4,5,2,3.38,0,0,TRUE
Female,Loyal Customer,35,Business Travel,Business,251,1,1,1,1,5,2,1,4,4,4,4,2,5,2.69,10,6,TRUE
Male,Loyal Customer,25,Business Travel,Business,594,2,2,2,2,3,3,3,3,3,5,4,5,3,3.08,0,0,TRUE
Male,Loyal Customer,38,Personal Travel,Eco,436,2,5,2,1,1,2,1,1,3,5,4,4,1,2.46,2,8,FALSE
Male,Loyal Customer,54,Personal Travel,Eco,1514,1,5,1,5,5,1,5,5,1,4,5,5,5,3.69,4,0,FALSE
Male,Loyal Customer,23,Business Travel,Business,500,1,1,1,1,1,2,1,1,4,1,5,5,1,1.92,0,3,TRUE
Female,Loyal Customer,47,Business Travel,Business,2586,1,1,1,1,3,5,5,5,5,5,5,3,5,3.46,1,18,TRUE
Male,Loyal Customer,15,Personal Travel,Eco,1091,2,1,2,4,5,2,5,5,3,4,3,2,5,3.31,0,0,FALSE
Female,Loyal Customer,23,Business Travel,Eco,889,3,3,3,3,3,3,2,3,3,4,4,1,3,2.92,12,15,FALSE
Male,Loyal Customer,39,Business Travel,Business,1980,1,2,2,2,1,4,1,1,1,1,1,3,4,1.85,0,0,FALSE
Male,Disloyal Customer,22,Business Travel,Eco,541,2,0,2,3,1,2,5,1,4,5,5,4,1,2.69,0,0,FALSE
Female,Loyal Customer,59,Business Travel,Business,223,3,3,3,3,3,4,4,4,4,4,4,4,4,3.62,3,0,TRUE
Male,Loyal Customer,53,Business Travel,Business,2214,0,0,0,4,5,4,5,5,5,5,5,4,1,3.31,0,8,TRUE
Female,Disloyal Customer,59,Business Travel,Eco Plus,179,2,2,2,1,3,2,3,3,5,1,3,5,3,2.69,0,11,FALSE
Female,Disloyal Customer,20,Business Travel,Eco,1428,2,2,2,3,1,2,1,1,3,4,4,3,1,2.23,0,0,FALSE
Male,Loyal Customer,56,Business Travel,Eco,264,5,1,1,1,5,5,5,4,4,5,4,5,5,3.85,172,189,TRUE
Male,Loyal Customer,46,Personal Travel,Eco,2125,5,3,5,4,1,5,1,1,4,3,4,1,1,2.92,0,0,TRUE
Male,Loyal Customer,47,Business Travel,Business,3560,3,3,3,3,3,4,4,5,5,5,5,4,5,4,3,0,TRUE
Female,Loyal Customer,59,Personal Travel,Eco,852,2,5,2,3,4,4,5,4,4,2,4,3,4,3.54,2,0,FALSE
Male,Loyal Customer,44,Business Travel,Eco,308,4,5,5,5,4,4,4,4,4,5,5,2,4,4.23,0,0,TRUE
Male,Loyal Customer,55,Business Travel,Business,3962,4,4,4,4,4,1,4,5,5,5,4,4,3,3.92,4,11,TRUE
Female,Loyal Customer,29,Business Travel,Business,1671,1,1,1,1,5,5,5,5,5,4,5,2,5,3.46,0,0,TRUE
Male,Loyal Customer,58,Personal Travel,Eco,945,5,3,5,1,1,5,1,1,3,2,3,3,1,2.62,0,0,TRUE
Male,Loyal Customer,25,Business Travel,Business,3997,2,2,4,2,4,4,4,4,5,2,5,5,4,3.62,82,64,TRUE
Female,Loyal Customer,65,Personal Travel,Eco,1972,4,3,4,3,4,5,4,3,3,4,3,3,5,3.69,0,0,FALSE
Female,Loyal Customer,18,Personal Travel,Eco Plus,312,2,5,2,3,2,2,2,2,5,4,5,4,2,3.08,0,0,FALSE
Male,Loyal Customer,39,Business Travel,Business,862,3,3,5,3,5,5,4,2,2,2,2,3,3,3.23,0,0,TRUE
Male,Loyal Customer,47,Business Travel,Business,2090,5,5,5,5,4,4,5,3,3,3,3,4,4,4.08,0,0,TRUE
Male,Loyal Customer,41,Business Travel,Business,222,0,4,0,2,5,4,4,4,4,4,3,4,4,3.23,0,0,TRUE
Male,Loyal Customer,46,Business Travel,Business,3538,1,1,1,1,4,5,5,5,5,5,5,4,3,3.46,2,0,TRUE
Female,Loyal Customer,52,Business Travel,Business,3998,3,3,5,3,5,5,4,4,4,4,4,5,4,4.08,62,52,TRUE
Male,Loyal Customer,41,Personal Travel,Eco,1303,2,5,2,2,5,2,5,5,3,5,4,3,5,3.69,0,0,FALSE
Male,Loyal Customer,41,Business Travel,Eco,628,5,2,2,2,5,5,5,5,5,2,1,2,5,3.54,10,18,TRUE
Male,Loyal Customer,62,Personal Travel,Eco,1444,3,0,3,1,2,3,2,2,3,5,4,5,2,2.69,23,26,FALSE
Male,Loyal Customer,70,Personal Travel,Eco,425,4,2,4,4,1,4,1,1,3,3,2,2,1,2.46,89,69,FALSE
Female,Loyal Customer,40,Business Travel,Business,2104,5,5,1,5,3,5,5,4,4,4,4,4,3,4,0,2,TRUE
Male,Loyal Customer,26,Business Travel,Business,2724,3,5,4,5,3,3,3,3,3,3,4,1,3,3.31,0,0,FALSE
Female,Disloyal Customer,21,Business Travel,Eco,319,4,0,4,4,1,4,1,1,3,4,2,4,1,2.54,13,3,TRUE
Female,Disloyal Customer,28,Business Travel,Business,1050,2,2,2,3,3,2,3,3,4,5,4,4,3,3.08,2,0,FALSE
Female,Disloyal Customer,36,Business Travel,Eco,337,2,4,2,4,3,2,4,3,1,4,2,5,3,3,1,0,FALSE
Male,Loyal Customer,46,Business Travel,Eco,650,3,2,2,2,3,3,3,3,4,1,4,3,3,2.77,0,0,FALSE
Female,Loyal Customer,29,Personal Travel,Eco Plus,1626,2,4,2,3,1,2,1,1,3,3,5,4,1,2.46,31,13,FALSE
Female,Loyal Customer,15,Personal Travel,Eco Plus,297,2,4,2,5,2,2,2,2,4,5,5,3,2,3.08,0,3,FALSE
Male,Disloyal Customer,27,Business Travel,Business,550,3,3,3,4,2,3,2,2,3,5,5,4,2,3.15,88,79,FALSE
Male,Loyal Customer,54,Business Travel,Business,2011,2,2,2,2,4,5,5,5,5,5,5,3,5,3.85,11,16,TRUE
Female,Loyal Customer,69,Personal Travel,Eco,569,4,4,4,3,5,1,1,4,4,4,4,2,1,3.15,6,1,FALSE
Male,Loyal Customer,15,Business Travel,Eco Plus,522,2,4,4,4,2,2,2,2,2,2,4,3,2,2.69,76,75,FALSE
Female,Loyal Customer,9,Personal Travel,Eco,759,3,5,3,1,1,3,4,1,3,4,4,4,1,2.85,0,8,FALSE
Female,Loyal Customer,59,Business Travel,Business,2077,2,2,3,2,2,5,5,4,4,4,4,4,4,3.46,0,0,TRUE
Male,Loyal Customer,69,Personal Travel,Eco,1080,2,4,2,3,3,2,3,3,3,3,4,3,3,2.92,0,9,FALSE
Male,Loyal Customer,22,Personal Travel,Eco,591,2,5,2,1,3,2,3,3,1,3,5,5,3,2.92,1,0,FALSE
Female,Loyal Customer,49,Business Travel,Business,2296,3,3,2,3,2,5,5,4,4,5,4,3,3,3.54,49,61,TRUE
Female,Loyal Customer,47,Business Travel,Eco,991,3,2,2,2,2,4,4,3,3,3,3,3,3,2.85,19,2,FALSE
Male,Loyal Customer,30,Business Travel,Business,309,2,3,3,3,2,2,2,2,3,5,3,4,2,2.77,0,0,FALSE
Female,Loyal Customer,60,Business Travel,Business,622,1,1,1,1,2,4,5,4,4,4,4,5,5,3.15,14,30,TRUE
Female,Loyal Customer,45,Business Travel,Business,223,2,2,2,2,2,4,4,5,5,5,5,5,4,3.62,4,0,TRUE
Male,Loyal Customer,49,Business Travel,Eco,414,3,5,5,5,3,3,3,3,3,4,3,3,3,3.54,0,0,FALSE
Female,Loyal Customer,23,Business Travel,Business,3987,5,5,5,5,4,4,4,4,1,2,5,1,4,3.77,0,3,TRUE
Female,Loyal Customer,18,Personal Travel,Eco,220,3,1,3,3,1,3,1,1,3,2,4,3,1,2.23,0,0,FALSE
Male,Loyal Customer,58,Personal Travel,Eco Plus,397,1,4,1,1,1,1,1,1,4,4,4,5,1,2.23,6,4,FALSE
Male,Loyal Customer,44,Business Travel,Eco,201,4,5,5,5,5,4,5,5,3,4,3,1,5,4.15,0,0,FALSE
Male,Loyal Customer,23,Business Travel,Business,3017,2,2,2,2,3,4,3,3,3,3,2,4,3,2.77,8,0,TRUE
Female,Loyal Customer,47,Business Travel,Business,1572,2,2,2,2,4,1,1,3,3,3,3,3,5,2.62,0,0,TRUE
Male,Loyal Customer,50,Business Travel,Business,3650,1,1,5,1,4,4,4,5,5,4,5,5,5,3.77,0,0,TRUE
Female,Loyal Customer,57,Business Travel,Business,2054,3,3,3,3,4,4,4,5,5,5,5,4,3,3.92,0,2,TRUE
Male,Loyal Customer,70,Personal Travel,Eco,922,1,4,1,4,1,1,1,1,4,1,3,1,1,1.85,0,0,FALSE
Male,Disloyal Customer,20,Business Travel,Eco,646,5,4,5,3,2,5,2,2,3,2,5,4,2,3.38,0,0,TRUE
Female,Loyal Customer,29,Business Travel,Business,689,2,3,3,3,2,2,2,2,3,2,4,1,2,2.38,21,8,FALSE
Male,Loyal Customer,43,Business Travel,Business,2176,4,3,3,3,4,2,3,4,4,4,4,1,3,3.23,0,0,FALSE
Female,Disloyal Customer,33,Business Travel,Business,2475,1,1,1,4,5,1,5,5,3,5,5,5,5,3.54,1,0,FALSE
Male,Loyal Customer,49,Personal Travel,Eco,338,2,2,2,4,3,2,3,3,4,3,4,4,3,3,1,0,FALSE
Male,Loyal Customer,36,Business Travel,Business,3905,3,3,3,3,4,4,4,3,3,2,3,4,4,3.31,2,0,TRUE
Male,Loyal Customer,55,Business Travel,Eco,196,4,2,2,2,4,4,4,4,3,1,1,5,4,3.08,14,19,TRUE
Male,Disloyal Customer,35,Business Travel,Business,1303,4,4,4,4,2,4,2,2,5,5,4,3,2,3.46,0,0,FALSE
Female,Disloyal Customer,28,Business Travel,Eco,1180,1,1,1,4,2,1,2,2,3,5,4,4,2,2.46,0,0,FALSE
Female,Loyal Customer,47,Business Travel,Eco,950,3,2,2,2,3,4,3,3,3,3,3,1,4,2.77,0,0,FALSE
Female,Loyal Customer,45,Business Travel,Business,2673,3,3,2,3,3,5,4,4,4,4,5,4,4,3.69,0,0,TRUE
Male,Loyal Customer,56,Personal Travel,Eco,813,2,3,2,2,5,2,5,5,3,1,2,4,5,3.15,32,30,FALSE
Female,Loyal Customer,31,Business Travel,Eco Plus,628,4,5,5,5,4,4,4,4,1,4,5,1,4,3.85,0,0,TRUE
Male,Loyal Customer,47,Business Travel,Business,2120,0,0,0,1,3,5,4,4,4,4,4,5,4,2.92,1,0,TRUE
Female,Loyal Customer,26,Business Travel,Eco,937,4,3,3,3,4,4,4,4,1,1,3,2,4,3.08,1,0,TRUE
Male,Loyal Customer,10,Personal Travel,Business,337,1,4,1,4,5,1,4,5,4,1,4,4,5,3.31,0,1,FALSE
Male,Loyal Customer,50,Personal Travel,Business,528,3,5,3,2,4,5,5,2,2,3,2,4,4,3.38,0,0,FALSE
Female,Loyal Customer,58,Business Travel,Business,843,4,4,4,4,2,5,5,2,2,2,2,4,5,3.46,75,82,TRUE
Male,Loyal Customer,36,Business Travel,Business,109,2,2,2,2,4,1,1,4,4,4,4,4,1,2.69,0,2,TRUE
Female,Loyal Customer,37,Business Travel,Business,2415,4,3,4,4,1,4,3,4,4,4,4,2,2,3.31,26,19,FALSE
Female,Disloyal Customer,36,Business Travel,Eco,234,3,3,3,3,4,3,4,4,3,1,4,4,4,3.31,0,0,FALSE
Male,Loyal Customer,47,Personal Travel,Eco,802,3,3,4,3,3,4,3,3,2,1,4,1,3,2.85,65,86,FALSE
Male,Loyal Customer,34,Personal Travel,Eco Plus,590,3,5,3,2,4,3,4,4,5,3,5,4,4,3.77,104,101,FALSE
Male,Disloyal Customer,70,Business Travel,Business,386,4,5,5,4,5,4,5,5,5,3,5,5,5,4.62,0,0,TRUE
Female,Loyal Customer,66,Personal Travel,Eco,629,4,5,5,5,5,5,5,1,1,5,1,3,5,3.85,0,0,FALSE
Male,Loyal Customer,41,Business Travel,Business,2946,2,2,2,2,4,4,5,5,5,5,5,4,5,3.85,10,0,TRUE
Male,Loyal Customer,41,Business Travel,Business,2965,3,3,3,3,5,2,5,4,4,4,4,3,4,3.62,0,0,TRUE
Male,Loyal Customer,63,Business Travel,Eco,2173,3,2,2,2,3,3,3,3,3,3,2,4,3,2.77,28,4,FALSE
Female,Disloyal Customer,24,Business Travel,Eco,152,0,0,0,3,4,0,5,4,2,1,4,5,4,2.46,0,0,TRUE
Female,Disloyal Customer,16,Business Travel,Eco,620,2,2,2,4,3,2,2,3,4,1,3,4,3,2.69,0,0,FALSE
Female,Loyal Customer,47,Business Travel,Business,834,2,1,1,1,5,2,2,2,2,2,2,2,4,2.15,15,15,FALSE
Female,Loyal Customer,69,Personal Travel,Eco Plus,364,4,4,2,4,4,4,5,5,5,2,5,4,5,4.08,10,23,FALSE
Male,Loyal Customer,19,Personal Travel,Eco,326,5,3,5,3,1,5,1,1,3,2,3,2,1,2.69,0,0,TRUE
Female,Loyal Customer,59,Business Travel,Business,1851,5,5,5,5,3,5,4,5,5,5,5,3,3,4.46,0,1,TRUE
Male,Loyal Customer,39,Business Travel,Business,1744,3,3,3,3,2,4,5,3,3,4,3,4,5,3.46,0,10,TRUE
Male,Loyal Customer,42,Business Travel,Business,1999,3,3,3,3,3,5,4,5,5,5,5,3,3,3.85,8,0,TRUE
Female,Disloyal Customer,15,Business Travel,Eco,2329,1,1,1,3,5,1,5,5,2,2,3,2,5,2.77,45,62,FALSE
Male,Disloyal Customer,33,Business Travel,Eco,86,3,4,2,3,3,2,3,3,4,2,4,4,3,3.08,36,36,FALSE
Female,Loyal Customer,66,Personal Travel,Business,255,4,5,0,1,5,3,3,5,5,0,5,2,5,3.31,2,12,FALSE
Male,Loyal Customer,56,Business Travel,Business,2773,2,2,2,2,5,4,5,5,5,5,5,4,3,3.77,0,0,TRUE
Male,Loyal Customer,43,Business Travel,Business,1726,5,5,5,5,3,4,5,4,4,4,4,3,4,4.23,126,122,TRUE
Male,Loyal Customer,42,Business Travel,Business,337,1,1,1,1,3,4,4,5,5,5,5,5,5,3.46,0,5,TRUE
Male,Loyal Customer,17,Personal Travel,Eco,861,2,1,2,2,1,2,1,1,3,5,3,3,1,2.08,0,0,FALSE
Female,Loyal Customer,46,Business Travel,Eco,406,4,1,1,1,1,1,3,4,4,4,4,3,3,2.62,0,2,TRUE
Male,Loyal Customer,60,Business Travel,Business,3162,4,4,4,4,5,5,4,4,4,4,4,5,4,4.23,0,0,TRUE
Male,Loyal Customer,36,Personal Travel,Eco,262,2,5,0,1,2,0,5,2,5,4,5,4,2,2.85,0,0,FALSE
Male,Disloyal Customer,27,Business Travel,Business,986,3,3,3,3,3,3,3,3,3,5,4,4,3,3.31,0,0,FALSE
Male,Loyal Customer,44,Business Travel,Business,2075,4,4,2,4,3,4,4,4,4,4,4,3,4,3.69,0,0,TRUE
Male,Loyal Customer,50,Personal Travel,Eco,1522,3,4,3,3,3,3,3,3,4,3,4,4,3,3.31,0,6,FALSE
Male,Loyal Customer,47,Business Travel,Business,1740,2,2,2,2,5,1,4,4,4,4,4,2,4,3.08,31,11,TRUE
Female,Loyal Customer,33,Business Travel,Business,589,4,2,2,2,2,3,4,4,4,4,4,3,2,3.08,94,83,FALSE
Male,Loyal Customer,23,Personal Travel,Eco,833,1,5,1,1,1,1,1,1,3,3,4,3,1,2,0,0,FALSE
Female,Loyal Customer,48,Business Travel,Eco,192,1,2,2,2,4,2,2,1,1,1,1,1,4,1.85,0,0,FALSE
Female,Disloyal Customer,22,Business Travel,Business,304,5,3,5,3,4,5,4,4,2,1,5,1,4,3.54,0,0,TRUE
Male,Loyal Customer,54,Business Travel,Business,3601,1,1,1,1,3,5,5,5,5,5,5,5,3,3.46,10,10,TRUE
Male,Loyal Customer,49,Business Travel,Business,134,4,1,4,1,2,4,4,3,3,3,4,1,1,2.69,24,48,FALSE
Female,Loyal Customer,60,Business Travel,Business,1590,1,1,1,1,1,2,3,1,1,2,1,1,4,1.54,0,0,FALSE
Female,Loyal Customer,35,Business Travel,Business,3506,4,4,4,4,5,4,4,4,4,4,4,1,4,3.85,13,13,FALSE
Male,Disloyal Customer,22,Business Travel,Business,1118,5,4,5,5,4,5,4,4,5,3,3,3,4,4.15,0,0,TRUE
Male,Disloyal Customer,25,Business Travel,Business,84,3,3,3,3,2,3,3,2,3,2,3,2,2,2.62,18,10,FALSE
Female,Disloyal Customer,39,Business Travel,Business,352,1,0,0,3,3,0,3,3,5,4,1,1,3,2.08,26,20,FALSE
Female,Loyal Customer,29,Personal Travel,Eco,399,1,4,1,3,2,1,2,2,5,5,5,3,2,2.77,0,4,FALSE
Male,Loyal Customer,11,Personal Travel,Business,2075,5,3,5,4,3,5,3,3,4,4,3,1,3,3.54,0,0,TRUE
Male,Loyal Customer,59,Business Travel,Business,1562,5,5,5,5,2,4,5,4,4,4,4,3,5,4.23,0,0,TRUE
Female,Loyal Customer,66,Business Travel,Eco,200,2,4,5,4,1,3,3,2,2,2,2,1,2,2.54,2,0,FALSE
Female,Loyal Customer,50,Personal Travel,Eco,337,3,4,3,5,4,5,4,5,5,3,5,4,5,4.23,0,0,FALSE
Male,Disloyal Customer,19,Business Travel,Eco,1404,2,2,2,4,2,2,2,2,1,3,3,2,2,2.23,40,34,FALSE
Female,Loyal Customer,30,Business Travel,Eco,927,4,1,3,3,4,5,4,4,5,5,2,2,4,3.54,0,0,TRUE
Female,Loyal Customer,39,Business Travel,Business,2093,1,1,1,1,3,5,5,5,5,5,5,4,5,3.54,0,22,TRUE
Female,Loyal Customer,51,Business Travel,Business,3457,1,1,3,1,5,3,3,5,5,5,5,2,3,3.23,3,0,TRUE
Female,Disloyal Customer,33,Business Travel,Eco,599,2,0,2,2,5,2,3,5,1,5,5,1,5,2.92,0,0,FALSE
Female,Disloyal Customer,26,Business Travel,Eco,1050,2,1,1,1,4,1,4,4,2,3,1,3,4,2.38,0,0,FALSE
Female,Loyal Customer,46,Personal Travel,Business,73,3,5,3,2,2,4,5,1,1,3,1,3,3,2.77,17,13,FALSE
Male,Loyal Customer,44,Business Travel,Business,2392,4,4,3,3,5,4,3,4,4,3,4,4,1,3.54,75,105,FALSE
Female,Loyal Customer,22,Business Travel,Business,1919,4,4,4,4,3,3,3,3,3,5,4,5,3,3.69,10,9,TRUE
Female,Loyal Customer,44,Personal Travel,Eco,646,2,4,2,4,3,2,2,2,2,2,2,4,5,2.77,11,24,FALSE
Male,Loyal Customer,10,Personal Travel,Eco,213,1,2,1,3,5,1,5,5,3,5,4,4,5,3.38,25,24,FALSE
Male,Loyal Customer,16,Personal Travel,Eco,1085,2,5,2,2,4,2,4,4,3,1,5,2,4,3.08,0,0,FALSE
Male,Loyal Customer,60,Personal Travel,Eco,591,2,5,2,5,1,2,1,1,5,3,4,3,1,2.69,65,57,FALSE
Female,Loyal Customer,39,Business Travel,Business,1824,2,2,1,2,5,4,5,5,5,5,5,4,3,3.69,0,0,TRUE
Female,Loyal Customer,62,Business Travel,Business,198,4,5,5,5,1,4,1,3,2,3,4,1,1,3,285,251,FALSE
Male,Loyal Customer,44,Personal Travel,Eco,920,2,4,1,3,4,1,4,4,3,4,4,4,4,3.23,14,1,FALSE
Male,Loyal Customer,53,Personal Travel,Eco,258,4,4,4,4,4,4,2,4,4,1,4,1,4,3.38,0,0,FALSE
Male,Loyal Customer,31,Business Travel,Business,692,3,3,3,3,5,4,5,5,3,1,1,2,5,3.31,0,0,TRUE
Female,Loyal Customer,17,Business Travel,Business,502,2,1,1,1,2,1,2,2,3,3,1,4,2,1.92,55,35,FALSE
Female,Disloyal Customer,24,Business Travel,Business,888,5,0,5,1,3,5,3,3,3,4,5,5,3,3.46,0,22,TRUE
Female,Disloyal Customer,21,Business Travel,Business,903,5,5,5,4,3,5,3,3,5,3,5,5,3,4.15,82,78,TRUE
Female,Loyal Customer,36,Business Travel,Business,3903,3,3,3,3,2,4,5,4,4,4,4,3,3,3.46,5,0,TRUE
Male,Disloyal Customer,29,Business Travel,Eco,1048,2,3,3,4,5,3,5,5,4,5,3,4,5,3.92,0,11,FALSE
Male,Disloyal Customer,23,Business Travel,Eco,145,2,3,2,4,5,2,5,5,1,2,3,1,5,3.08,13,16,FALSE
Female,Loyal Customer,52,Business Travel,Business,1452,5,5,5,5,3,5,5,5,5,4,5,5,4,4.69,1,0,TRUE
Male,Loyal Customer,9,Personal Travel,Eco,2611,3,3,3,3,3,4,4,1,4,3,5,4,4,3.38,0,0,FALSE
Male,Loyal Customer,25,Business Travel,Business,1780,3,5,5,5,4,4,3,4,2,2,4,4,4,3.77,0,9,FALSE
Male,Disloyal Customer,17,Business Travel,Eco,158,2,3,2,4,3,2,3,3,4,3,3,1,3,2.77,28,43,FALSE
Female,Loyal Customer,46,Business Travel,Eco,2603,4,2,2,2,4,4,4,2,5,3,1,4,4,3.15,0,0,TRUE
Female,Loyal Customer,40,Personal Travel,Eco,758,3,4,3,2,5,3,5,5,4,5,5,4,5,4.08,0,6,FALSE
Male,Loyal Customer,60,Business Travel,Business,404,3,5,2,5,4,4,4,3,3,3,3,3,1,3.31,4,0,FALSE
Male,Loyal Customer,11,Personal Travel,Eco,794,2,4,2,4,2,2,2,2,5,2,5,5,2,3,0,0,FALSE
Female,Loyal Customer,26,Personal Travel,Eco,546,4,5,4,3,3,4,3,3,5,4,3,4,3,3.69,11,17,FALSE
Female,Loyal Customer,62,Business Travel,Business,1549,5,5,5,5,2,3,4,4,4,4,4,5,5,4.23,51,40,TRUE
Male,Loyal Customer,36,Business Travel,Business,2053,5,5,5,5,5,4,4,4,4,4,4,2,3,4.15,34,35,TRUE
Female,Loyal Customer,36,Business Travel,Eco,1979,4,2,4,2,4,3,4,4,1,3,3,2,4,3.08,0,6,FALSE
Male,Loyal Customer,60,Business Travel,Business,3470,1,4,4,4,2,3,3,1,1,1,1,2,3,2.31,0,8,FALSE
Male,Loyal Customer,54,Business Travel,Business,1440,3,5,5,5,5,3,3,3,3,3,3,4,2,3.62,43,55,FALSE
Female,Loyal Customer,39,Business Travel,Eco,289,2,2,2,2,2,2,2,2,4,1,3,2,2,2.15,7,10,FALSE
Male,Loyal Customer,9,Personal Travel,Eco Plus,331,1,2,1,3,5,1,5,5,4,3,3,2,5,3.08,0,0,FALSE
Male,Loyal Customer,46,Personal Travel,Eco,1050,1,5,1,1,1,1,1,1,3,3,5,3,1,2.08,8,0,FALSE
Female,Loyal Customer,49,Business Travel,Business,224,3,3,3,3,4,5,5,5,5,5,5,4,3,4.08,46,34,TRUE
Male,Loyal Customer,28,Business Travel,Business,590,2,2,2,2,5,5,5,5,4,4,4,3,5,3.69,3,3,TRUE
Male,Loyal Customer,58,Business Travel,Eco,189,3,1,3,1,3,3,3,3,4,3,3,4,3,2.85,0,0,FALSE
Male,Loyal Customer,50,Business Travel,Business,3474,3,3,3,3,4,4,5,5,5,5,5,5,5,4.23,7,0,TRUE
Male,Loyal Customer,45,Personal Travel,Eco,246,3,1,3,3,4,3,4,4,1,5,3,4,4,3.23,0,0,FALSE
Male,Loyal Customer,53,Business Travel,Business,1521,1,1,1,1,3,5,4,5,5,5,5,4,5,3.46,5,0,TRUE
Male,Loyal Customer,64,Personal Travel,Eco,1121,4,4,4,3,1,4,2,1,5,5,4,3,1,3.15,0,0,FALSE
Female,Loyal Customer,45,Business Travel,Business,588,5,5,5,5,5,4,5,2,2,2,2,5,5,4,0,0,TRUE
Male,Loyal Customer,57,Business Travel,Business,3330,5,5,5,5,3,4,5,5,5,5,5,5,4,4.69,0,0,TRUE
Female,Loyal Customer,55,Business Travel,Eco,89,2,1,1,1,4,2,3,2,2,2,2,2,1,1.92,0,0,FALSE
Female,Loyal Customer,48,Business Travel,Business,2659,2,2,2,2,5,4,5,5,5,5,5,5,5,4,0,0,TRUE
Male,Loyal Customer,48,Business Travel,Business,308,5,5,5,5,4,4,4,5,5,5,5,4,5,4.69,48,37,TRUE
Male,Loyal Customer,41,Personal Travel,Eco,1062,1,1,1,3,1,1,1,1,1,1,3,4,1,1.54,0,0,FALSE
Female,Loyal Customer,16,Personal Travel,Eco,337,0,4,0,5,3,0,3,3,5,2,4,4,3,2.77,0,0,TRUE
Female,Disloyal Customer,17,Business Travel,Eco,404,2,2,1,4,1,1,1,1,2,3,3,4,1,2,34,9,FALSE
Male,Loyal Customer,54,Personal Travel,Eco Plus,733,4,2,4,4,1,4,1,1,3,4,3,1,1,2.54,0,0,FALSE
Male,Loyal Customer,60,Personal Travel,Eco,1605,4,5,4,3,4,4,5,4,3,4,4,5,4,4.08,0,0,FALSE
Male,Disloyal Customer,36,Business Travel,Business,395,1,1,1,2,1,2,3,5,4,4,5,3,3,2.69,141,157,FALSE
Male,Loyal Customer,18,Personal Travel,Business,630,5,5,5,1,5,5,2,5,5,4,5,3,5,4.23,0,0,TRUE
Male,Disloyal Customer,22,Business Travel,Business,448,4,0,4,4,2,4,2,2,3,2,4,3,2,2.77,9,2,TRUE
Female,Loyal Customer,43,Business Travel,Eco,867,5,3,3,3,4,2,2,5,5,5,5,1,2,3.46,18,6,TRUE
Female,Disloyal Customer,38,Business Travel,Eco,1709,2,2,2,4,3,2,3,3,1,5,2,2,3,2.62,16,12,FALSE
Female,Loyal Customer,55,Business Travel,Eco,101,4,5,5,5,2,3,2,4,4,4,4,3,5,3.85,0,0,TRUE
Female,Loyal Customer,43,Business Travel,Eco,533,1,3,5,5,5,3,3,1,1,1,1,3,4,2.77,0,0,FALSE
Male,Loyal Customer,68,Personal Travel,Eco,990,3,4,3,4,4,3,4,4,4,5,5,5,4,4,78,70,FALSE
Female,Loyal Customer,30,Business Travel,Business,3396,3,4,4,4,3,3,3,3,2,2,3,4,3,3.15,0,0,FALSE
Male,Loyal Customer,55,Business Travel,Business,240,2,2,2,2,4,2,3,2,2,3,2,3,2,2.38,14,9,FALSE
Female,Loyal Customer,30,Business Travel,Eco,874,4,3,3,3,4,3,4,4,4,5,3,2,4,3.54,0,0,FALSE
Female,Loyal Customer,51,Business Travel,Business,2585,3,3,3,3,4,5,4,2,2,2,2,3,4,3.08,0,0,TRUE
Female,Disloyal Customer,22,Business Travel,Business,731,0,0,0,1,5,0,5,5,5,3,5,3,5,2.85,0,4,TRUE
Male,Loyal Customer,66,Personal Travel,Eco,758,4,5,4,3,2,4,2,2,5,5,4,5,2,3.62,52,47,FALSE
Male,Loyal Customer,57,Business Travel,Business,551,2,2,2,2,2,4,5,5,5,5,5,4,4,3.62,0,0,TRUE
Male,Loyal Customer,57,Personal Travel,Eco,1276,2,4,2,2,2,2,4,2,3,3,4,5,2,2.85,0,0,FALSE
Female,Loyal Customer,56,Business Travel,Business,2556,1,1,2,1,2,4,4,4,4,4,4,3,4,2.92,2,8,TRUE
Female,Loyal Customer,41,Personal Travel,Eco,433,1,5,1,3,3,1,4,3,5,3,5,4,3,3.15,23,21,FALSE
Female,Loyal Customer,44,Personal Travel,Eco,337,0,4,0,2,2,5,5,2,2,0,2,5,5,2.62,0,0,TRUE
Female,Loyal Customer,30,Business Travel,Business,581,1,1,1,1,4,4,4,4,3,4,4,5,4,3.08,0,0,TRUE
Male,Loyal Customer,64,Business Travel,Eco Plus,834,2,2,2,2,2,2,2,2,1,3,2,1,2,1.92,0,10,FALSE
Female,Loyal Customer,29,Business Travel,Business,2410,4,5,5,5,4,3,4,4,4,1,3,4,4,3.85,12,0,FALSE
Male,Loyal Customer,27,Personal Travel,Eco,1504,2,5,2,3,1,2,1,1,5,2,4,3,1,2.46,0,3,FALSE
Male,Loyal Customer,43,Business Travel,Eco,1027,4,5,5,5,4,4,4,4,1,5,1,2,4,3.69,10,9,TRUE
Male,Loyal Customer,58,Personal Travel,Eco,247,2,5,2,5,1,2,1,1,2,5,4,5,1,2.77,0,0,FALSE
Male,Loyal Customer,22,Business Travel,Business,3811,5,5,5,5,4,4,4,4,1,5,3,4,4,4.08,0,0,TRUE
Female,Loyal Customer,57,Personal Travel,Eco,332,3,4,3,3,4,4,5,1,1,3,1,3,4,3,0,0,FALSE
Female,Loyal Customer,52,Business Travel,Business,2413,4,4,4,4,5,5,4,2,2,2,2,3,4,3.46,13,15,TRUE
Male,Disloyal Customer,20,Business Travel,Eco,562,2,3,2,4,5,2,5,5,4,2,4,4,5,3.62,44,43,FALSE
Male,Loyal Customer,30,Business Travel,Business,3690,0,5,0,3,4,5,5,4,4,3,5,5,4,3.62,0,4,TRUE
Female,Disloyal Customer,36,Business Travel,Business,646,2,2,2,3,4,2,4,4,5,3,5,5,4,3.46,0,1,FALSE
Male,Loyal Customer,26,Personal Travel,Eco Plus,937,3,4,3,3,1,3,1,1,2,1,3,5,1,2.38,20,2,FALSE
Male,Loyal Customer,9,Personal Travel,Eco,166,2,5,2,3,2,2,2,2,5,4,2,4,2,2.85,0,0,FALSE
Male,Disloyal Customer,25,Business Travel,Business,425,2,0,2,4,5,2,5,5,5,5,4,5,5,3.77,15,7,FALSE
Female,Disloyal Customer,37,Business Travel,Business,923,2,2,2,3,2,2,2,2,3,3,4,4,2,2.54,0,0,TRUE
Male,Loyal Customer,10,Personal Travel,Eco,297,1,2,1,3,4,1,4,4,4,3,3,4,4,2.92,2,10,FALSE
Female,Loyal Customer,59,Personal Travel,Eco Plus,964,3,5,3,3,5,4,5,5,5,3,5,4,3,4.08,0,0,FALSE
Female,Loyal Customer,65,Personal Travel,Eco Plus,562,3,1,3,2,1,2,2,3,3,3,3,4,3,2.54,76,65,FALSE
Female,Loyal Customer,38,Business Travel,Eco,1671,3,1,3,1,3,3,3,3,4,5,2,1,3,2.69,0,0,FALSE
Female,Loyal Customer,46,Business Travel,Business,1182,5,5,5,5,5,5,5,4,4,4,4,4,3,4.46,5,0,TRUE
Male,Loyal Customer,34,Personal Travel,Eco Plus,689,2,5,2,1,5,2,5,5,2,5,2,4,5,3.46,6,0,FALSE
Male,Loyal Customer,13,Personal Travel,Eco,201,4,5,4,1,1,4,1,1,5,4,2,3,1,2.77,0,0,FALSE
Male,Disloyal Customer,47,Business Travel,Business,862,2,2,2,1,3,2,3,3,3,2,5,3,3,2.62,6,0,FALSE
Female,Loyal Customer,66,Personal Travel,Business,488,3,4,3,4,3,4,3,4,4,3,4,3,3,3.46,0,0,FALSE
Female,Loyal Customer,49,Personal Travel,Eco,1590,4,3,4,4,1,3,4,4,4,4,4,1,2,3.23,17,0,FALSE
Female,Loyal Customer,57,Business Travel,Business,1634,5,5,5,5,5,5,4,5,5,5,5,4,5,4.85,0,0,TRUE
Female,Loyal Customer,34,Business Travel,Business,837,5,5,5,5,4,5,2,4,4,4,4,3,4,4.15,0,0,TRUE
Female,Loyal Customer,25,Business Travel,Business,2496,4,4,4,4,4,4,4,4,2,4,4,4,4,3.85,0,0,TRUE
Female,Loyal Customer,15,Personal Travel,Eco,814,0,0,0,3,2,0,2,2,3,3,4,4,2,1.92,0,0,TRUE
Female,Loyal Customer,52,Business Travel,Business,2572,5,5,5,5,2,5,5,5,5,5,5,4,3,4.54,0,0,TRUE
Female,Loyal Customer,31,Business Travel,Business,1565,2,2,3,3,2,2,2,2,1,2,4,3,2,2.31,62,33,FALSE
Male,Loyal Customer,68,Personal Travel,Eco,1121,5,4,5,3,3,5,3,3,4,5,5,4,3,4,0,0,TRUE
Female,Loyal Customer,21,Personal Travel,Eco,431,3,4,3,4,1,3,1,1,3,2,4,5,1,2.69,0,0,FALSE
Female,Loyal Customer,13,Business Travel,Business,850,2,5,2,5,2,2,2,2,2,4,4,2,2,2.77,6,6,FALSE
Female,Disloyal Customer,22,Business Travel,Eco,666,4,3,4,3,2,4,2,2,1,4,4,4,2,3,115,94,FALSE
Male,Loyal Customer,53,Business Travel,Business,404,2,4,4,4,2,3,3,2,2,2,2,1,3,2.62,0,0,FALSE
Male,Loyal Customer,34,Business Travel,Business,406,1,1,1,1,2,2,2,4,4,4,4,2,5,2.54,0,0,TRUE
Male,Loyal Customer,44,Personal Travel,Eco,1005,3,5,3,5,1,3,1,1,4,4,5,4,1,3.08,39,30,FALSE
Male,Loyal Customer,64,Personal Travel,Eco,2446,2,4,2,1,2,2,2,2,5,4,4,5,2,2.85,0,20,FALSE
Male,Loyal Customer,67,Personal Travel,Eco,281,4,1,3,3,3,3,4,3,4,4,3,2,3,3.08,0,0,FALSE
Female,Loyal Customer,41,Business Travel,Business,1698,4,3,3,3,5,2,3,4,4,3,4,3,2,3.31,0,12,FALSE
Female,Loyal Customer,14,Personal Travel,Eco,259,2,2,0,4,1,0,1,1,4,1,4,4,1,1.92,0,0,FALSE
Male,Loyal Customer,32,Business Travel,Business,2725,5,5,3,5,5,5,5,5,5,4,4,4,5,4.62,12,19,TRUE
Female,Loyal Customer,63,Personal Travel,Eco,2182,4,3,4,3,5,4,4,5,5,4,5,4,2,4,24,11,FALSE
Male,Disloyal Customer,29,Business Travel,Business,650,5,5,5,3,5,5,5,5,5,4,4,5,5,4.69,0,7,TRUE
Female,Loyal Customer,28,Business Travel,Business,3517,3,2,2,2,3,3,3,3,1,3,3,4,3,2.69,76,108,FALSE
Female,Loyal Customer,22,Business Travel,Business,2611,3,3,3,3,4,4,4,4,4,3,3,5,4,3.62,8,,TRUE
Female,Loyal Customer,20,Personal Travel,Eco,472,3,3,3,4,4,3,4,4,3,5,1,2,4,3.31,3,0,FALSE
Male,Loyal Customer,33,Business Travel,Business,3973,2,2,2,2,4,4,3,4,2,3,5,4,4,3.15,0,0,TRUE
Male,Loyal Customer,28,Business Travel,Business,645,1,1,3,1,5,5,5,5,3,3,3,5,5,3.46,11,0,TRUE
Male,Loyal Customer,29,Business Travel,Business,2947,3,3,4,3,3,3,3,3,1,3,2,4,3,2.92,43,31,FALSE
Female,Loyal Customer,45,Business Travel,Eco Plus,289,4,5,5,5,3,5,4,4,4,4,4,2,1,3.85,0,9,TRUE
Female,Loyal Customer,37,Business Travel,Eco,262,5,1,1,1,5,4,5,5,2,4,4,2,5,3.38,58,56,FALSE
Female,Loyal Customer,23,Personal Travel,Eco,691,3,5,3,3,1,3,1,1,5,2,5,3,1,2.77,1,1,FALSE
Female,Loyal Customer,35,Personal Travel,Eco Plus,689,4,4,4,1,1,4,1,1,5,2,4,4,1,2.77,0,0,FALSE
Male,Disloyal Customer,24,Business Travel,Eco,576,4,2,4,3,3,4,3,3,2,4,4,2,3,3.15,54,52,FALSE
Female,Disloyal Customer,34,Business Travel,Business,1956,3,3,3,4,2,3,2,2,3,4,3,3,2,2.85,0,0,FALSE
Male,Loyal Customer,27,Personal Travel,Eco,1620,2,5,2,3,1,2,1,1,4,3,3,5,1,2.54,0,0,FALSE
Female,Loyal Customer,61,Business Travel,Eco,425,1,2,2,2,3,2,2,1,1,1,1,4,4,2,0,0,FALSE
Female,Loyal Customer,34,Business Travel,Business,1840,0,0,0,4,3,1,1,5,5,5,5,2,1,2.46,0,0,TRUE
Male,Loyal Customer,51,Business Travel,Business,1020,2,2,2,2,2,4,4,4,4,4,4,3,4,3.15,29,41,TRUE
Male,Loyal Customer,42,Business Travel,Business,3535,5,5,1,5,5,4,4,5,5,5,5,3,3,4.23,5,0,TRUE
Female,Loyal Customer,22,Personal Travel,Eco,554,4,5,4,4,5,4,5,5,1,5,4,4,5,4.23,15,16,FALSE
Male,Loyal Customer,42,Business Travel,Business,3087,1,1,1,1,1,3,4,4,4,4,4,5,5,2.92,0,0,TRUE
Male,Loyal Customer,24,Personal Travel,Eco,247,4,5,0,2,4,0,4,4,5,4,5,4,4,3.46,13,11,FALSE
Female,Loyal Customer,36,Business Travel,Business,3705,3,3,3,3,3,1,2,3,3,3,3,1,3,2.62,0,0,TRUE
Male,Disloyal Customer,41,Business Travel,Business,337,5,4,4,2,4,5,4,4,4,3,4,4,4,3.92,0,0,TRUE
Male,Loyal Customer,39,Business Travel,Business,1807,3,2,2,2,1,2,3,3,3,3,3,1,1,2.23,7,0,FALSE
Male,Loyal Customer,41,Business Travel,Eco,759,3,3,3,3,3,3,3,3,1,1,4,4,3,2.85,0,0,FALSE
Male,Loyal Customer,26,Personal Travel,Eco,222,1,3,1,2,1,1,1,1,1,3,1,5,1,1.69,0,0,FALSE
Male,Disloyal Customer,25,Business Travel,Business,1222,4,0,4,1,5,4,5,5,5,2,4,3,5,3.62,24,4,TRUE
Female,Loyal Customer,55,Personal Travel,Eco,484,3,0,3,4,5,4,5,5,5,3,5,4,3,3.77,0,0,FALSE
Male,Loyal Customer,12,Personal Travel,Eco,201,1,4,1,3,1,1,1,1,5,4,2,3,1,2.15,0,0,FALSE
Male,Loyal Customer,16,Personal Travel,Eco,2125,4,3,4,4,2,4,2,2,4,5,5,1,2,3.23,0,0,TRUE
Female,Loyal Customer,53,Business Travel,Eco Plus,1874,5,4,4,4,1,4,5,5,5,5,5,4,2,4.08,24,13,TRUE
Male,Loyal Customer,52,Business Travel,Business,2909,2,4,4,4,2,3,3,2,2,1,2,4,1,2.62,0,6,FALSE
Female,Disloyal Customer,25,Business Travel,Eco,472,5,1,5,4,4,5,4,4,3,2,5,3,4,3.77,0,0,TRUE
Female,Loyal Customer,58,Business Travel,Business,1942,3,3,3,3,3,5,4,5,5,5,5,5,3,4,46,51,TRUE
Female,Loyal Customer,58,Business Travel,Business,628,3,3,3,3,2,4,5,4,4,4,4,3,4,3.54,77,57,TRUE
Female,Disloyal Customer,27,Business Travel,Business,2565,1,2,2,1,4,2,2,4,3,4,5,5,4,3,22,15,FALSE
Female,Disloyal Customer,20,Business Travel,Eco,466,5,0,5,5,5,5,5,5,5,3,1,2,5,3.92,51,37,TRUE
Male,Disloyal Customer,25,Business Travel,Eco,240,2,3,2,3,3,2,3,3,4,3,3,4,3,2.92,51,47,FALSE
Female,Loyal Customer,52,Business Travel,Business,2454,1,1,1,1,3,3,4,5,5,5,5,3,3,3.08,13,0,TRUE
Male,Loyal Customer,39,Business Travel,Business,3049,1,1,1,1,3,5,4,4,4,4,4,4,5,3.15,0,0,TRUE
Male,Disloyal Customer,26,Business Travel,Eco,190,3,2,3,3,1,3,1,1,2,2,4,1,1,2.08,0,0,FALSE
Male,Loyal Customer,19,Business Travel,Business,2462,4,4,4,4,4,4,4,4,1,4,5,2,4,3.69,0,0,TRUE
Female,Loyal Customer,20,Personal Travel,Eco,371,1,3,1,3,1,1,1,1,4,1,3,3,1,1.85,0,0,FALSE
Male,Loyal Customer,48,Business Travel,Business,455,5,5,5,5,2,5,4,5,5,5,5,4,3,4.46,2,0,TRUE
Female,Loyal Customer,31,Personal Travel,Eco,1013,3,2,3,4,3,3,3,3,3,1,3,3,3,2.85,0,0,FALSE
Female,Loyal Customer,40,Business Travel,Business,2917,5,5,5,5,5,5,5,5,5,5,5,3,4,4.77,24,26,TRUE
Female,Loyal Customer,44,Business Travel,Eco Plus,299,3,3,5,5,1,3,3,3,3,3,3,4,4,3.31,0,0,FALSE
Female,Disloyal Customer,26,Business Travel,Eco Plus,594,3,4,3,3,1,3,1,1,2,5,4,3,1,2.62,4,0,FALSE
Male,Loyal Customer,8,Personal Travel,Eco Plus,1068,2,5,1,2,1,1,1,1,3,4,1,4,1,2.08,0,0,FALSE
Male,Loyal Customer,34,Business Travel,Business,1805,3,3,3,3,5,5,4,4,4,4,4,3,3,3.69,3,0,TRUE
Female,Disloyal Customer,28,Business Travel,Eco Plus,296,4,4,4,4,5,4,5,5,5,4,2,2,5,4.08,0,0,FALSE
Male,Loyal Customer,26,Business Travel,Business,2434,2,2,3,2,5,5,5,5,3,5,3,5,5,3.85,0,0,TRUE
Male,Loyal Customer,39,Business Travel,Business,2367,1,1,1,1,3,5,5,5,5,5,5,3,5,3.46,0,11,TRUE
Female,Loyal Customer,51,Business Travel,Business,1197,5,5,5,5,3,4,5,5,5,5,5,3,3,4.46,0,0,TRUE
Male,Loyal Customer,60,Business Travel,Business,4963,2,5,2,2,3,3,3,5,3,4,4,3,3,3.23,5,13,TRUE
Male,Disloyal Customer,26,Business Travel,Eco,645,1,5,2,3,1,2,1,1,2,1,5,1,1,2,0,3,FALSE
Male,Loyal Customer,66,Personal Travel,Eco,946,2,1,2,4,3,2,3,3,2,5,2,4,3,2.77,0,0,FALSE
Female,Loyal Customer,70,Business Travel,Eco,451,1,5,5,5,3,4,4,1,1,1,1,4,1,2.77,0,0,FALSE
Male,Loyal Customer,48,Business Travel,Business,3158,3,4,4,4,1,3,4,3,3,3,3,4,4,3.31,1,0,FALSE
Male,Loyal Customer,42,Business Travel,Eco Plus,1104,2,4,4,4,2,2,2,2,1,1,1,3,2,2.31,3,6,FALSE
Male,Disloyal Customer,44,Business Travel,Eco,1208,2,2,2,4,1,2,1,1,2,1,3,4,1,2,85,55,FALSE
Male,Loyal Customer,15,Personal Travel,Eco,342,4,5,4,3,1,4,2,1,4,3,4,2,1,2.92,0,0,TRUE
Female,Disloyal Customer,24,Business Travel,Eco,657,0,2,0,2,3,0,3,3,1,5,5,4,3,2.38,74,82,TRUE
Female,Loyal Customer,23,Personal Travel,Eco,647,4,5,4,4,5,4,5,5,1,2,3,4,5,3.92,4,0,FALSE
Female,Loyal Customer,42,Personal Travel,Eco,163,2,5,2,4,5,4,5,5,5,2,5,5,5,4.15,0,0,FALSE
Male,Loyal Customer,69,Personal Travel,Eco,1009,1,4,1,1,1,1,1,1,5,5,4,5,1,2.38,0,0,FALSE
Female,Loyal Customer,44,Business Travel,Business,606,4,4,4,4,3,3,3,4,4,4,4,2,3,3.54,0,0,FALSE
Female,Loyal Customer,40,Personal Travel,Eco,174,0,4,0,2,3,0,3,3,3,2,4,3,3,2.31,0,0,TRUE
Male,Loyal Customer,14,Personal Travel,Eco,507,4,5,4,2,4,4,4,4,5,5,5,5,4,4.23,0,0,FALSE
Female,Disloyal Customer,24,Business Travel,Business,612,5,0,5,2,4,5,5,4,5,5,5,4,4,4.08,0,0,TRUE
Female,Disloyal Customer,26,Business Travel,Business,1065,4,0,4,4,5,4,5,5,3,2,4,4,5,3.77,0,0,FALSE
Female,Loyal Customer,60,Business Travel,Eco,493,5,5,5,5,5,2,1,5,5,5,5,4,3,4.23,0,0,TRUE
Male,Loyal Customer,36,Business Travel,Eco,196,4,2,2,2,4,4,4,4,2,2,3,2,4,3,52,55,TRUE
Male,Loyal Customer,44,Business Travel,Business,3661,4,4,4,4,2,5,5,4,4,4,4,5,5,4.15,2,0,TRUE
Female,Disloyal Customer,24,Business Travel,Eco,788,2,2,2,3,1,2,1,1,3,5,4,2,1,2.23,2,0,FALSE
Male,Disloyal Customer,27,Business Travel,Business,408,1,1,1,2,1,1,1,1,5,4,4,3,1,2,0,0,FALSE
Female,Loyal Customer,55,Business Travel,Business,680,1,1,1,1,3,5,5,4,4,4,4,5,4,3.23,31,23,TRUE
Female,Disloyal Customer,27,Business Travel,Eco,317,2,4,3,1,1,3,1,1,1,4,1,4,1,2.08,0,0,FALSE
Female,Loyal Customer,28,Business Travel,Business,1829,2,5,5,5,2,2,2,2,2,4,4,1,2,2.92,0,0,FALSE
Male,Loyal Customer,36,Business Travel,Business,675,3,3,3,3,3,4,5,4,4,5,4,4,5,3.85,0,0,TRUE
Male,Loyal Customer,15,Business Travel,Eco Plus,989,2,4,4,4,2,2,1,2,1,3,3,1,2,2.38,0,0,FALSE
Female,Loyal Customer,62,Personal Travel,Eco,1514,1,4,1,3,4,2,3,4,4,1,3,1,4,2.69,1,6,FALSE
Female,Loyal Customer,23,Business Travel,Business,680,3,3,3,3,5,4,5,5,4,4,4,4,5,4,6,2,TRUE
Female,Disloyal Customer,17,Business Travel,Eco,589,3,2,3,3,3,3,3,3,4,2,4,3,3,3,0,0,FALSE
Female,Loyal Customer,27,Personal Travel,Eco Plus,102,5,4,5,1,3,5,3,3,2,5,2,5,3,3.54,0,0,TRUE
Female,Loyal Customer,39,Business Travel,Eco,507,3,2,2,2,3,3,3,3,4,3,4,3,3,2.92,6,6,FALSE
Female,Loyal Customer,48,Business Travel,Business,1726,4,4,4,4,4,5,5,5,5,5,4,5,3,4.38,0,0,TRUE
Male,Loyal Customer,17,Personal Travel,Eco,387,4,3,2,4,2,2,2,2,4,1,3,1,2,2.46,0,0,FALSE
Male,Loyal Customer,49,Personal Travel,Eco,416,4,4,5,1,2,5,2,2,3,4,2,3,2,3,13,5,FALSE
Male,Disloyal Customer,32,Business Travel,Business,872,2,2,2,4,3,2,3,3,5,2,5,3,3,3,9,16,FALSE
Male,Loyal Customer,39,Personal Travel,Eco Plus,507,1,4,1,3,3,1,3,3,4,5,5,5,3,3.15,0,0,FALSE
Male,Loyal Customer,16,Personal Travel,Eco,1235,2,4,1,1,3,1,3,3,4,5,3,1,3,2.62,0,0,FALSE
Male,Loyal Customer,21,Personal Travel,Eco,539,2,5,2,2,4,2,4,4,5,2,5,4,4,3.46,0,0,FALSE
Male,Loyal Customer,76,Business Travel,Eco,265,5,4,4,4,5,5,5,5,4,5,4,5,5,4.62,0,0,TRUE
Female,Loyal Customer,43,Business Travel,Business,3998,3,2,2,2,2,4,4,3,3,3,3,3,3,2.85,121,108,FALSE
Female,Loyal Customer,23,Business Travel,Eco,1185,4,1,1,1,4,4,3,4,4,1,5,5,4,3.15,0,0,TRUE
Male,Disloyal Customer,27,Business Travel,Business,2454,2,2,2,2,2,3,3,4,4,4,4,3,3,2.92,0,0,FALSE
Female,Loyal Customer,34,Business Travel,Eco,228,4,4,5,4,4,4,4,4,5,5,4,4,4,4.23,0,0,TRUE
Male,Loyal Customer,41,Business Travel,Business,236,0,0,0,1,3,5,4,3,3,3,1,4,3,2.31,0,0,TRUE
Female,Loyal Customer,25,Business Travel,Business,2295,4,4,4,4,4,4,4,4,5,3,4,3,4,3.92,5,2,TRUE
Female,Loyal Customer,45,Business Travel,Business,3194,5,5,2,5,2,5,4,5,5,5,5,4,4,4.31,0,0,TRUE
Male,Loyal Customer,53,Business Travel,Business,473,2,2,2,2,5,5,5,3,5,4,5,5,5,3.85,248,252,TRUE
Male,Loyal Customer,41,Business Travel,Business,2926,4,4,4,4,4,4,4,4,4,4,4,4,3,3.92,29,44,TRUE
Male,Loyal Customer,22,Personal Travel,Eco,733,5,1,5,4,4,5,5,4,2,2,3,1,4,3.46,1,0,TRUE
Male,Loyal Customer,22,Personal Travel,Eco Plus,542,3,5,3,3,4,3,4,4,3,3,5,1,4,3.46,0,0,FALSE
Male,Loyal Customer,43,Business Travel,Business,2294,3,3,3,3,1,4,3,4,4,4,4,5,2,3.31,0,0,TRUE
Male,Disloyal Customer,29,Business Travel,Eco,679,1,1,1,4,2,1,2,2,4,3,3,2,2,2.15,0,0,FALSE
Male,Disloyal Customer,27,Business Travel,Business,404,2,2,2,2,1,2,1,1,4,3,5,3,1,2.23,0,0,FALSE
Female,Loyal Customer,12,Personal Travel,Eco,2358,2,4,2,1,3,2,5,3,1,4,4,4,3,2.92,0,0,FALSE
Male,Loyal Customer,30,Business Travel,Business,2013,2,5,5,5,2,2,2,2,3,4,4,2,2,3.08,1,0,FALSE
Female,Loyal Customer,33,Business Travel,Eco Plus,925,4,5,5,5,4,4,4,4,5,5,3,5,4,4.38,0,0,TRUE
Female,Loyal Customer,45,Personal Travel,Eco,489,3,5,3,1,2,3,4,5,5,3,2,2,3,3.15,0,0,FALSE
Male,Loyal Customer,57,Business Travel,Business,290,0,0,0,4,4,4,5,2,2,2,2,5,3,2.54,0,0,TRUE
Female,Loyal Customer,33,Business Travel,Business,780,5,5,5,5,3,5,5,5,5,5,5,2,2,4.38,0,0,TRUE
Male,Disloyal Customer,25,Business Travel,Business,802,1,4,1,2,1,1,1,1,4,5,5,4,1,2.38,0,0,FALSE
Female,Loyal Customer,50,Business Travel,Eco,787,4,4,4,4,1,4,1,4,4,4,4,1,2,3.15,1,0,TRUE
Male,Disloyal Customer,22,Business Travel,Eco,163,3,5,3,4,5,3,5,5,5,5,4,1,5,4.08,0,5,FALSE
Male,Disloyal Customer,38,Business Travel,Eco,903,2,2,2,3,1,2,1,1,1,1,3,4,1,1.85,0,12,FALSE
Male,Loyal Customer,41,Business Travel,Eco,353,5,5,5,5,5,5,5,5,1,4,4,4,5,4.46,0,0,TRUE
Male,Loyal Customer,29,Business Travel,Business,3512,5,5,5,5,4,4,4,4,3,2,3,3,4,3.92,16,13,TRUE
Male,Loyal Customer,20,Personal Travel,Eco,712,3,3,3,2,5,3,4,5,5,2,1,4,5,3.46,0,0,FALSE
Male,Loyal Customer,36,Business Travel,Business,562,3,3,3,3,3,4,5,5,5,5,5,5,2,3.92,0,0,TRUE
Male,Loyal Customer,55,Business Travel,Business,67,4,4,4,4,4,2,2,4,4,4,3,5,1,3.46,0,0,TRUE
Male,Loyal Customer,39,Business Travel,Business,1739,4,4,4,4,4,5,5,5,5,5,5,3,3,4.31,0,0,TRUE
Female,Loyal Customer,22,Business Travel,Business,2311,5,5,5,5,4,4,4,4,4,2,3,3,4,4,0,0,TRUE
Male,Loyal Customer,43,Business Travel,Business,447,1,1,1,1,5,4,4,5,5,5,5,5,5,3.62,0,0,TRUE
Male,Loyal Customer,39,Business Travel,Business,3010,2,2,2,2,4,5,2,4,4,4,4,4,3,3.23,20,24,TRUE
Female,Loyal Customer,21,Business Travel,Business,936,5,5,4,5,5,5,5,5,4,3,4,3,5,4.46,0,0,TRUE
Female,Loyal Customer,10,Personal Travel,Business,325,1,3,1,3,3,1,3,3,4,4,4,4,3,2.85,0,0,FALSE
Male,Disloyal Customer,23,Business Travel,Business,862,4,5,5,3,3,5,4,3,3,2,5,5,3,3.85,107,92,TRUE
Male,Loyal Customer,41,Personal Travel,Eco,558,2,4,2,4,4,2,1,4,4,3,4,3,4,3.15,0,0,FALSE
Male,Loyal Customer,57,Business Travel,Business,239,1,5,5,5,1,3,4,1,1,1,1,2,1,2.38,14,22,FALSE
Female,Loyal Customer,46,Business Travel,Business,3052,3,3,3,3,5,4,4,5,5,5,5,3,3,3.92,0,0,TRUE
Male,Loyal Customer,57,Business Travel,Business,163,0,5,0,2,5,4,5,2,2,2,2,3,3,2.69,0,0,TRUE
Female,Loyal Customer,22,Business Travel,Business,3889,1,1,1,1,2,2,2,2,5,4,5,4,2,2.46,0,0,TRUE
Male,Loyal Customer,36,Business Travel,Eco,429,3,3,3,3,3,3,3,3,4,3,4,1,3,3,3,5,FALSE
Female,Loyal Customer,30,Business Travel,Business,675,2,2,3,2,4,5,4,4,4,4,5,5,4,3.69,0,0,TRUE
Female,Loyal Customer,21,Personal Travel,Eco,2367,3,2,3,4,2,3,2,2,3,4,3,3,2,2.77,0,0,FALSE
Male,Loyal Customer,7,Personal Travel,Eco,2176,1,4,0,4,5,0,5,5,5,3,5,4,5,3.54,71,38,FALSE
Female,Loyal Customer,43,Business Travel,Business,2125,4,4,4,4,5,3,5,4,4,4,4,4,4,4.08,0,0,TRUE
Male,Loyal Customer,25,Business Travel,Business,641,2,2,2,2,5,4,5,5,2,3,1,3,5,3.15,16,10,TRUE
Male,Loyal Customer,28,Personal Travel,Eco,2556,4,2,3,2,3,4,4,4,2,1,3,4,4,3.08,3,0,FALSE
Male,Loyal Customer,35,Business Travel,Eco,196,1,1,1,1,1,1,1,1,2,2,3,3,1,1.46,0,0,FALSE
Female,Loyal Customer,64,Personal Travel,Eco,1084,2,4,2,3,4,5,5,3,3,2,3,5,5,3.54,0,0,FALSE
Female,Loyal Customer,67,Business Travel,Business,2709,3,3,3,3,4,1,3,5,5,5,3,4,1,3.31,0,0,TRUE
Female,Disloyal Customer,30,Business Travel,Business,937,0,0,0,4,3,0,3,3,5,5,4,5,3,2.69,0,0,TRUE
Male,Loyal Customer,16,Personal Travel,Eco,500,2,4,5,2,5,5,5,5,4,3,5,3,5,4.08,0,0,FALSE
Female,Loyal Customer,85,Business Travel,Business,992,4,4,4,4,5,5,5,2,4,4,4,5,5,4.23,0,5,TRUE
Female,Loyal Customer,41,Business Travel,Eco,2586,1,2,2,2,1,1,1,1,4,4,2,3,1,1.92,0,28,FALSE
Female,Loyal Customer,47,Business Travel,Business,1981,1,1,1,1,2,4,4,2,2,2,2,5,4,2.38,12,11,TRUE
Female,Loyal Customer,44,Business Travel,Business,696,1,1,2,1,2,4,5,4,4,5,4,4,5,3.23,2,0,TRUE
Male,Loyal Customer,46,Personal Travel,Eco,89,3,4,3,2,2,3,3,2,5,5,5,4,2,3.31,0,0,FALSE
Female,Disloyal Customer,24,Business Travel,Eco,272,2,2,2,3,5,2,1,5,2,1,3,3,5,2.77,0,0,FALSE
Male,Disloyal Customer,25,Business Travel,Business,868,4,1,5,4,4,5,4,4,2,4,4,4,4,3.77,8,19,FALSE
Female,Loyal Customer,55,Personal Travel,Eco,872,3,2,3,3,3,3,4,3,3,3,3,1,2,2.77,13,6,FALSE
Male,Loyal Customer,34,Business Travel,Eco Plus,150,0,0,0,1,4,0,4,4,4,3,5,2,4,2.38,0,0,TRUE
Male,Loyal Customer,17,Business Travel,Eco,1041,2,5,5,5,2,1,2,4,2,4,3,2,2,3,239,240,FALSE
Male,Loyal Customer,66,Personal Travel,Eco,451,1,5,1,4,4,1,3,4,1,1,3,1,4,2.54,13,21,FALSE
Female,Loyal Customer,11,Business Travel,Business,2018,3,3,4,3,4,4,4,4,4,2,3,5,4,3.62,85,43,TRUE
Male,Loyal Customer,53,Business Travel,Eco,1674,3,1,1,1,3,3,3,3,1,1,2,4,3,2.23,7,0,FALSE
Male,Loyal Customer,49,Business Travel,Business,2301,2,2,2,2,2,2,2,1,3,3,3,2,2,2.15,31,17,FALSE
Male,Loyal Customer,49,Personal Travel,Eco,639,2,5,2,1,5,2,5,5,5,3,1,2,5,3.31,20,5,FALSE
Female,Loyal Customer,25,Business Travel,Business,2386,5,5,5,5,5,5,5,5,4,3,5,3,5,4.62,13,4,TRUE
Male,Loyal Customer,25,Business Travel,Business,872,3,3,3,3,4,4,4,4,4,3,5,5,4,3.77,2,5,TRUE
Female,Loyal Customer,65,Personal Travel,Eco,216,0,0,0,2,2,4,2,3,3,0,3,5,2,2,0,0,TRUE
Male,Loyal Customer,30,Business Travel,Business,546,5,1,5,5,5,4,5,5,3,3,2,4,5,4,0,0,TRUE
Male,Loyal Customer,13,Personal Travel,Eco,1121,4,4,4,5,4,4,4,4,5,4,4,3,4,4.08,8,15,FALSE
Female,Loyal Customer,36,Personal Travel,Eco Plus,2583,1,1,1,3,1,5,5,2,4,2,4,5,5,3,0,0,FALSE
Male,Loyal Customer,46,Business Travel,Business,1096,5,5,5,5,3,5,5,4,4,4,4,5,3,4.38,0,0,TRUE
Male,Disloyal Customer,27,Business Travel,Business,992,2,2,2,4,3,2,3,3,3,2,4,3,3,2.77,0,0,FALSE
Female,Loyal Customer,45,Personal Travel,Eco,239,1,5,1,4,5,5,4,2,2,1,2,3,4,3,0,0,FALSE
Male,Loyal Customer,59,Personal Travel,Eco,429,1,4,1,4,1,1,1,1,5,4,4,4,1,2.46,53,42,FALSE
Female,Loyal Customer,44,Business Travel,Business,3830,4,4,4,4,4,5,5,5,5,5,5,5,4,4.54,0,0,TRUE
Female,Disloyal Customer,19,Business Travel,Eco,393,1,4,1,1,4,1,4,4,5,3,5,4,4,3.15,0,0,FALSE
Female,Loyal Customer,14,Personal Travel,Eco,280,3,5,3,3,3,3,3,3,4,5,5,3,3,3.54,0,0,FALSE
Male,Disloyal Customer,37,Business Travel,Eco,101,2,4,2,3,5,2,5,5,2,4,3,3,5,3.46,0,4,FALSE
Female,Loyal Customer,14,Personal Travel,Eco,283,5,3,5,4,2,5,2,2,4,1,4,3,2,3.23,13,39,TRUE
Male,Disloyal Customer,9,Business Travel,Eco,1024,3,3,3,4,1,3,1,1,4,4,4,1,1,2.54,0,0,FALSE
Female,Loyal Customer,48,Personal Travel,Eco,405,2,5,2,2,5,5,5,4,4,2,4,4,4,3.69,19,12,FALSE
Male,Loyal Customer,36,Business Travel,Business,1013,2,3,3,3,5,3,3,2,2,2,2,3,3,2.77,0,0,FALSE
Male,Loyal Customer,39,Business Travel,Business,2711,5,5,5,5,5,4,5,5,5,5,5,4,4,4.77,5,65,TRUE
Male,Loyal Customer,49,Business Travel,Business,3029,5,5,5,5,1,4,3,5,5,5,5,1,3,4,0,0,TRUE
Male,Loyal Customer,58,Business Travel,Business,308,3,3,4,3,3,3,4,5,5,5,5,4,3,3.85,1,4,TRUE
Male,Loyal Customer,18,Business Travel,Business,1516,4,4,4,4,5,5,5,5,4,5,5,3,5,4.46,0,0,TRUE
Female,Loyal Customer,33,Personal Travel,Eco,223,3,1,3,2,5,3,5,5,2,4,3,2,5,3.31,0,0,FALSE
Female,Loyal Customer,8,Personal Travel,Eco,83,2,5,2,3,1,2,1,1,5,4,3,3,1,2.54,0,0,FALSE
Male,Loyal Customer,52,Personal Travel,Eco,369,2,3,2,4,2,2,2,2,4,2,1,5,2,2.54,0,0,FALSE
Male,Loyal Customer,59,Personal Travel,Eco Plus,1481,3,4,3,2,1,3,4,1,3,3,4,5,1,2.85,31,25,FALSE
Male,Loyal Customer,48,Business Travel,Business,3018,5,5,5,5,2,5,4,4,4,4,4,4,3,4.15,0,0,TRUE
Male,Loyal Customer,32,Business Travel,Business,829,2,2,3,2,2,2,2,2,3,2,4,1,2,2.23,54,49,FALSE
Male,Loyal Customer,67,Personal Travel,Eco,281,2,2,2,3,3,2,3,3,4,1,3,3,3,2.62,0,0,FALSE
Female,Loyal Customer,34,Business Travel,Business,1734,1,1,1,1,3,5,5,5,5,5,5,5,3,3.46,0,0,TRUE
Female,Loyal Customer,45,Business Travel,Business,304,2,2,2,2,2,5,4,3,3,4,3,5,4,3.15,15,3,TRUE
Female,Loyal Customer,23,Business Travel,Business,1824,1,1,1,1,2,2,2,2,5,3,5,5,2,2.46,0,0,TRUE
Female,Loyal Customer,32,Personal Travel,Eco,576,2,4,2,3,4,2,4,4,5,3,4,5,4,3.54,46,34,FALSE
Female,Disloyal Customer,24,Business Travel,Eco,101,3,3,3,4,3,3,3,3,4,4,3,1,3,3.08,0,0,FALSE
Female,Loyal Customer,59,Business Travel,Business,552,4,4,2,4,5,4,4,4,4,4,4,5,4,4,7,22,TRUE
Male,Loyal Customer,56,Business Travel,Business,429,5,5,5,5,3,5,5,4,4,4,4,4,3,4.31,36,42,TRUE
Male,Disloyal Customer,34,Business Travel,Eco,370,2,0,2,2,4,2,4,4,3,5,3,4,4,3,0,3,FALSE
Female,Disloyal Customer,20,Business Travel,Business,500,5,0,5,4,2,5,2,2,5,2,5,4,2,3.31,0,10,TRUE
Male,Loyal Customer,56,Personal Travel,Eco,604,1,4,1,3,4,1,4,4,4,5,5,5,4,3.46,25,40,FALSE
Female,Loyal Customer,19,Personal Travel,Eco,1448,3,5,3,2,2,3,2,2,2,3,3,3,2,2.69,14,17,FALSE
Female,Disloyal Customer,65,Business Travel,Business,414,4,4,4,5,1,4,1,1,4,5,4,4,1,3.23,24,27,FALSE
Female,Loyal Customer,27,Business Travel,Business,235,4,4,4,4,4,4,4,4,4,3,5,4,4,4,0,0,TRUE
Male,Loyal Customer,41,Business Travel,Eco Plus,109,1,2,2,2,1,1,1,1,3,1,4,3,1,1.77,1,0,FALSE
Female,Loyal Customer,28,Business Travel,Business,1763,4,4,4,4,3,3,3,3,4,4,5,4,3,3.69,0,20,TRUE
Female,Loyal Customer,30,Business Travel,Business,1074,3,3,4,3,3,4,3,3,3,3,5,4,3,3.38,6,1,TRUE
Male,Loyal Customer,61,Business Travel,Business,321,3,3,4,3,2,5,5,5,5,5,5,5,5,4.23,13,19,TRUE
Female,Loyal Customer,29,Personal Travel,Eco,1262,2,5,2,3,4,2,4,4,3,3,4,4,4,3.38,0,34,FALSE
Male,Loyal Customer,47,Personal Travel,Eco,817,4,1,4,4,2,4,4,2,4,5,4,3,2,3.31,0,0,FALSE
Male,Loyal Customer,34,Personal Travel,Eco,1750,5,4,5,3,5,5,5,5,4,2,3,1,5,4,2,0,TRUE
Male,Loyal Customer,25,Personal Travel,Eco,1500,1,1,1,2,4,1,4,4,1,5,3,3,4,2.62,0,0,FALSE
Male,Disloyal Customer,22,Business Travel,Business,460,0,0,0,2,4,0,4,4,4,5,5,5,4,2.85,0,0,TRUE
Male,Loyal Customer,77,Business Travel,Business,1798,4,1,1,1,3,3,4,4,4,3,4,2,2,2.77,0,0,FALSE
Male,Loyal Customer,56,Business Travel,Business,1256,1,1,1,1,4,4,4,5,5,5,5,5,5,3.54,0,0,TRUE
Male,Loyal Customer,31,Business Travel,Business,1379,1,1,1,1,4,4,4,4,4,5,5,3,4,3.15,0,0,TRUE
Male,Loyal Customer,40,Business Travel,Business,456,5,5,5,5,5,5,5,2,2,2,2,3,5,3.92,0,0,TRUE
Female,Loyal Customer,39,Business Travel,Business,2328,4,4,5,4,4,3,4,4,4,4,4,3,1,3.69,10,10,FALSE
Male,Loyal Customer,34,Personal Travel,Eco,1390,1,5,1,3,5,1,5,5,1,5,5,5,5,3.62,14,0,FALSE
Male,Loyal Customer,8,Personal Travel,Eco,468,3,3,3,2,3,2,4,1,1,3,3,4,4,2.77,151,137,FALSE
Male,Loyal Customer,16,Business Travel,Business,1710,3,5,3,3,3,3,3,3,3,1,4,2,3,3,0,0,FALSE
Female,Loyal Customer,56,Business Travel,Business,3993,1,1,1,1,2,5,5,4,4,4,4,4,4,3.08,0,0,TRUE
Male,Loyal Customer,47,Business Travel,Business,2161,2,3,3,3,5,2,3,2,2,2,2,4,4,2.85,30,11,FALSE
Female,Loyal Customer,38,Business Travel,Eco,2306,1,0,0,4,4,0,4,4,1,2,2,1,4,2.08,0,0,FALSE
Male,Loyal Customer,67,Business Travel,Eco,695,2,5,5,5,2,2,2,2,3,1,2,4,2,2.85,42,17,FALSE
Male,Disloyal Customer,20,Business Travel,Business,769,5,4,5,5,5,5,5,5,3,5,5,5,5,4.77,21,12,TRUE
Male,Loyal Customer,30,Business Travel,Eco Plus,762,2,1,1,1,2,2,2,2,3,5,4,1,2,2.15,11,0,FALSE
Male,Loyal Customer,41,Business Travel,Business,3108,1,1,1,1,1,4,4,5,5,4,5,1,5,2.92,0,0,TRUE
Female,Disloyal Customer,22,Business Travel,Eco Plus,1276,2,1,2,3,1,2,1,1,4,5,4,2,1,2.23,0,0,FALSE
Female,Loyal Customer,52,Business Travel,Business,992,1,1,1,1,3,4,4,4,4,4,4,4,5,3.08,18,0,TRUE
Female,Loyal Customer,15,Personal Travel,Eco,2845,1,5,2,4,2,2,2,2,4,2,3,5,2,2.77,0,0,FALSE
Male,Loyal Customer,39,Business Travel,Business,1909,5,5,5,5,4,2,5,5,5,5,5,4,3,4.46,0,0,TRUE
Male,Loyal Customer,38,Business Travel,Business,3248,1,1,3,1,2,4,5,4,4,5,4,3,5,3.23,0,0,TRUE
Female,Loyal Customer,60,Business Travel,Business,3756,4,4,4,4,2,4,5,4,4,4,4,5,5,4.08,36,24,TRUE
Female,Loyal Customer,17,Personal Travel,Eco,2173,3,1,3,2,3,5,2,1,3,1,3,2,2,2.38,139,142,FALSE
Male,Loyal Customer,28,Business Travel,Business,589,5,5,5,5,4,4,4,4,4,4,4,4,4,4.31,41,29,TRUE
Female,Loyal Customer,26,Business Travel,Business,1583,4,4,1,4,4,4,4,4,3,1,4,4,4,3.46,9,0,TRUE
Male,Loyal Customer,45,Business Travel,Business,1883,2,3,3,3,5,4,4,2,2,2,2,4,2,2.92,86,63,FALSE
Female,Loyal Customer,48,Business Travel,Business,248,5,5,5,5,5,5,4,5,5,5,5,4,5,4.85,8,9,TRUE
Female,Loyal Customer,43,Business Travel,Business,89,4,4,1,4,3,5,4,4,4,4,5,4,5,3.92,0,0,TRUE
Male,Loyal Customer,61,Personal Travel,Eco,2306,1,4,1,1,1,5,5,5,4,4,5,5,5,3.54,194,185,FALSE
Female,Loyal Customer,42,Business Travel,Business,2575,1,1,1,1,5,4,5,5,5,5,5,5,5,3.69,12,0,TRUE
Male,Loyal Customer,55,Business Travel,Business,1747,4,2,4,4,2,4,4,4,4,4,4,5,3,3.69,0,0,TRUE
Male,Loyal Customer,66,Personal Travel,Eco,2239,5,2,5,3,1,5,1,1,4,3,3,2,1,2.77,0,0,TRUE
Female,Disloyal Customer,22,Business Travel,Eco,1080,2,2,2,1,2,2,2,2,4,2,5,3,2,2.38,0,0,FALSE
Male,Loyal Customer,23,Business Travel,Eco,337,3,2,2,2,3,3,3,3,3,4,3,1,3,2.69,17,11,FALSE
Female,Loyal Customer,57,Personal Travel,Eco,325,4,5,4,3,3,5,2,1,1,4,1,2,3,2.92,4,0,FALSE
Male,Loyal Customer,61,Personal Travel,Eco,516,2,2,2,4,4,2,2,4,2,1,4,2,4,2.69,1,0,FALSE
Male,Disloyal Customer,42,Business Travel,Business,1055,3,3,3,3,5,3,5,5,3,4,4,5,5,3.92,0,3,FALSE
Male,Loyal Customer,55,Business Travel,Business,2810,2,4,4,4,5,2,3,2,2,2,2,3,4,3,0,0,FALSE
Male,Disloyal Customer,28,Business Travel,Business,669,1,1,1,3,4,1,4,4,4,5,4,4,4,3.08,2,0,FALSE
Male,Loyal Customer,10,Personal Travel,Eco,265,1,5,0,3,2,0,5,2,2,4,4,2,2,2.46,0,0,FALSE
Female,Loyal Customer,44,Business Travel,Business,2221,1,1,1,1,4,4,5,4,4,4,5,4,5,3.31,0,0,TRUE
Male,Disloyal Customer,58,Business Travel,Business,366,1,1,1,4,5,1,5,5,2,3,4,1,5,2.92,0,0,FALSE
Female,Loyal Customer,49,Personal Travel,Eco,859,2,3,2,3,1,4,1,4,4,2,4,3,1,2.62,6,3,FALSE
Female,Loyal Customer,34,Personal Travel,Eco,594,2,5,2,3,2,2,2,2,3,3,1,2,2,2.38,113,96,FALSE
Male,Loyal Customer,45,Business Travel,Business,966,3,3,3,3,2,4,5,5,5,4,5,3,5,3.85,0,0,TRUE
Male,Loyal Customer,52,Business Travel,Eco,536,5,3,3,3,5,5,5,5,2,2,4,5,5,4,0,0,TRUE
Male,Loyal Customer,59,Business Travel,Business,3000,1,1,1,1,4,4,5,4,4,4,4,4,3,3.08,11,4,TRUE
Female,Loyal Customer,31,Business Travel,Eco,391,3,5,5,5,3,3,3,3,1,1,4,4,3,3.31,22,17,FALSE
Female,Loyal Customer,23,Personal Travel,Eco,1652,1,5,1,4,4,1,4,4,5,2,4,3,4,3.23,0,13,FALSE
Female,Loyal Customer,42,Business Travel,Business,1449,1,1,5,1,3,5,4,3,3,4,3,3,4,3.08,0,0,TRUE
Female,Loyal Customer,60,Personal Travel,Eco,190,2,4,0,3,0,1,1,4,1,4,3,1,1,1.92,139,137,FALSE
Male,Loyal Customer,50,Business Travel,Business,2724,3,3,3,3,5,5,5,5,2,4,5,5,5,4.08,21,23,TRUE
Male,Loyal Customer,53,Business Travel,Business,987,3,1,1,1,5,3,4,3,3,3,3,3,3,2.77,0,0,FALSE
Female,Loyal Customer,47,Business Travel,Business,1608,5,5,5,5,2,4,2,4,4,4,4,5,2,3.92,0,0,TRUE
Female,Loyal Customer,56,Business Travel,Business,3079,5,5,5,5,2,5,5,4,4,4,4,4,4,4.31,0,0,TRUE
Female,Loyal Customer,41,Business Travel,Business,2556,1,1,1,1,5,3,4,5,5,5,5,5,5,3.54,16,0,TRUE
Female,Loyal Customer,45,Business Travel,Business,1749,2,5,5,5,5,4,4,2,2,2,2,3,3,3.38,0,0,FALSE
Male,Loyal Customer,50,Business Travel,Eco,1464,2,5,5,5,2,2,2,2,4,1,4,1,2,2.85,0,0,FALSE
Female,Loyal Customer,9,Personal Travel,Eco,1517,1,4,2,3,4,2,4,4,3,4,4,3,4,3.23,0,0,FALSE
Male,Loyal Customer,38,Business Travel,Eco,481,3,5,5,5,3,3,3,3,2,2,4,2,3,3.31,5,0,FALSE
Female,Loyal Customer,38,Personal Travel,Eco,101,2,2,2,4,5,2,5,5,4,5,4,1,5,3.54,0,0,FALSE
Male,Disloyal Customer,27,Business Travel,Business,588,4,4,4,3,5,4,5,5,3,3,5,4,5,4.15,54,80,TRUE
Female,Loyal Customer,16,Personal Travel,Eco,441,2,4,2,3,5,2,5,5,4,2,4,4,5,3.62,0,0,FALSE
Female,Loyal Customer,38,Business Travel,Business,642,1,1,1,1,3,2,2,1,1,1,1,1,4,1.54,0,0,FALSE
Male,Loyal Customer,56,Business Travel,Business,3275,4,4,4,4,2,4,4,5,5,5,5,3,4,4.08,1,0,TRUE
Male,Loyal Customer,13,Personal Travel,Business,912,3,5,3,4,5,3,5,5,4,3,4,5,5,4.15,7,20,FALSE
Female,Loyal Customer,54,Business Travel,Business,2292,2,2,2,2,5,3,4,4,4,5,4,1,5,3.31,0,0,TRUE
Female,Loyal Customer,18,Personal Travel,Eco,1709,3,5,3,3,2,3,2,2,4,4,5,5,2,3.31,0,0,FALSE
Male,Loyal Customer,40,Business Travel,Business,643,5,5,5,5,2,3,1,3,3,3,3,3,2,3.31,0,0,TRUE
Male,Loyal Customer,44,Business Travel,Business,2843,2,5,5,5,3,4,4,3,3,3,2,4,3,3.54,0,0,FALSE
Male,Loyal Customer,40,Business Travel,Business,358,3,3,4,3,5,4,5,5,5,5,5,5,4,4.31,84,79,TRUE
Female,Loyal Customer,28,Personal Travel,Eco,147,5,5,0,3,3,0,3,3,4,4,5,5,3,3.31,0,0,TRUE
Female,Loyal Customer,35,Business Travel,Business,964,3,3,3,3,2,4,4,5,5,5,5,4,3,3.77,0,0,TRUE
Male,Loyal Customer,10,Personal Travel,Eco,1235,3,2,3,3,1,3,1,1,1,2,3,1,1,1.92,0,0,FALSE
Male,Loyal Customer,60,Business Travel,Business,2845,1,1,1,1,4,4,4,4,2,5,4,4,4,3,10,23,TRUE
Female,Disloyal Customer,65,Business Travel,Eco,362,1,3,1,3,5,1,4,5,1,4,3,2,5,2.92,21,20,FALSE
Female,Loyal Customer,55,Business Travel,Business,2177,3,3,3,3,4,5,4,5,5,5,5,4,3,4,0,0,TRUE
Male,Loyal Customer,44,Business Travel,Business,1448,5,5,3,5,2,5,4,5,5,5,5,4,5,4.46,0,0,TRUE
Male,Loyal Customer,62,Personal Travel,Eco,1464,2,5,2,3,5,2,5,5,4,4,4,4,5,3.85,0,0,FALSE
Female,Loyal Customer,55,Business Travel,Business,515,2,2,2,2,5,5,4,5,5,5,5,5,5,4,41,45,TRUE
Female,Loyal Customer,62,Personal Travel,Eco,536,3,2,3,4,2,3,4,2,2,3,1,4,3,2.77,10,14,FALSE
Female,Loyal Customer,57,Business Travel,Business,146,5,5,5,5,4,3,4,5,5,5,3,2,4,4.23,7,4,TRUE
Female,Loyal Customer,51,Business Travel,Business,1416,2,2,2,2,2,3,3,2,2,2,2,3,2,2.23,0,0,FALSE
Female,Loyal Customer,49,Personal Travel,Eco,672,1,5,1,2,5,5,5,4,4,1,1,4,3,3.15,6,0,FALSE
Male,Disloyal Customer,28,Business Travel,Business,650,3,3,3,3,1,3,1,1,5,3,4,4,1,2.69,0,0,FALSE
Female,Loyal Customer,51,Personal Travel,Eco,507,4,1,4,4,5,3,3,3,3,4,3,2,1,3.08,0,0,TRUE
Male,Loyal Customer,56,Business Travel,Eco,631,3,2,2,2,3,3,3,3,1,5,3,3,3,2.77,0,0,FALSE
Male,Loyal Customer,29,Personal Travel,Eco,1050,2,4,2,1,3,2,3,3,5,3,5,3,3,3,35,9,FALSE
Male,Loyal Customer,32,Business Travel,Business,1615,3,3,3,3,4,4,4,4,3,5,5,2,4,3.62,0,0,TRUE
Female,Loyal Customer,44,Business Travel,Business,3599,2,2,2,2,2,5,4,5,5,5,5,4,3,3.54,4,0,TRUE
Female,Loyal Customer,14,Personal Travel,Eco,175,1,4,0,3,5,0,5,5,5,5,4,5,5,3.62,3,7,FALSE
Male,Loyal Customer,52,Business Travel,Business,931,4,4,4,4,5,4,4,2,2,2,2,4,5,3.54,0,0,TRUE
Male,Loyal Customer,48,Business Travel,Business,3975,3,2,2,2,2,3,2,3,3,3,4,2,2,2.54,137,139,FALSE
Male,Loyal Customer,41,Business Travel,Eco,1892,3,1,1,1,3,3,3,3,1,3,4,3,3,2.46,70,42,FALSE
Male,Loyal Customer,45,Business Travel,Business,1481,1,5,5,5,4,3,2,1,1,1,1,4,4,2.85,0,0,FALSE
Male,Loyal Customer,59,Business Travel,Business,598,3,3,3,3,1,4,3,5,5,5,5,5,1,3.54,0,3,TRUE
Female,Loyal Customer,56,Business Travel,Business,2038,4,4,4,4,4,4,4,4,4,4,4,3,5,4,0,0,TRUE
Male,Loyal Customer,47,Business Travel,Business,1091,4,4,4,4,5,4,5,4,4,4,4,3,3,4,0,0,TRUE
Female,Loyal Customer,22,Business Travel,Business,1436,1,1,1,1,5,4,5,5,2,1,1,2,5,2.62,1,0,TRUE
Female,Loyal Customer,43,Personal Travel,Eco,227,3,5,3,4,2,5,4,2,2,3,2,3,4,3.23,4,0,FALSE
Female,Loyal Customer,77,Business Travel,Business,226,3,4,4,4,1,3,4,3,3,3,3,1,1,2.85,10,15,FALSE
Female,Loyal Customer,34,Business Travel,Business,1825,2,2,1,2,2,2,2,4,4,4,4,4,4,2.85,20,38,TRUE
Female,Disloyal Customer,22,Business Travel,Eco,786,4,4,4,1,2,4,2,2,4,2,4,4,2,3,11,0,FALSE
Male,Loyal Customer,49,Business Travel,Eco,1167,4,1,1,1,4,4,4,4,2,2,4,5,4,3.08,0,0,TRUE
Male,Loyal Customer,63,Personal Travel,Eco,231,1,2,0,4,4,0,4,4,4,1,3,4,4,2.69,0,0,FALSE
Female,Loyal Customer,48,Business Travel,Business,484,2,2,2,2,4,4,5,4,4,4,4,3,4,3.38,10,2,TRUE
Male,Disloyal Customer,25,Business Travel,Business,213,2,2,2,3,3,2,4,3,2,1,4,4,3,2.69,0,0,FALSE
Male,Loyal Customer,52,Business Travel,Business,3200,2,2,2,2,4,4,4,4,4,4,4,4,5,3.46,0,1,TRUE
Male,Loyal Customer,18,Personal Travel,Eco,309,4,4,4,3,5,4,5,5,5,3,5,3,5,4.23,0,0,TRUE
Female,Loyal Customer,59,Business Travel,Business,333,2,2,2,2,4,5,5,4,4,4,4,5,4,3.62,0,0,TRUE
Male,Loyal Customer,42,Personal Travel,Eco,442,3,5,5,1,3,5,3,3,4,5,3,4,3,3.62,11,0,FALSE
Male,Loyal Customer,36,Business Travel,Eco,230,5,4,4,4,5,4,5,5,1,1,3,2,5,3.69,0,0,FALSE
Female,Loyal Customer,34,Business Travel,Business,1750,3,3,3,3,3,4,4,4,4,4,4,4,3,3.54,0,0,TRUE
Female,Loyal Customer,51,Business Travel,Eco,528,5,5,5,5,5,1,4,5,5,5,5,2,5,4.38,0,0,TRUE
Female,Loyal Customer,57,Business Travel,Business,577,4,4,4,4,4,4,4,5,5,5,5,4,4,4.31,0,0,TRUE
Female,Loyal Customer,46,Business Travel,Eco,1121,3,1,1,1,3,2,3,3,3,3,3,2,1,2.23,22,16,TRUE
Male,Loyal Customer,19,Personal Travel,Eco,259,3,4,0,4,5,0,1,5,2,1,3,3,5,2.77,0,0,FALSE
Male,Loyal Customer,37,Personal Travel,Eco,484,4,4,4,4,4,4,4,4,4,4,5,5,4,4.15,0,0,FALSE
Male,Loyal Customer,37,Business Travel,Business,1595,2,4,2,2,1,1,2,5,5,5,5,2,1,2.85,31,35,TRUE
Male,Loyal Customer,54,Business Travel,Business,1580,2,2,2,2,3,5,4,4,4,4,4,3,4,3.31,0,0,TRUE
Male,Loyal Customer,24,Personal Travel,Eco Plus,1379,5,4,5,1,4,4,4,4,5,2,4,4,4,3.85,0,0,TRUE
Female,Loyal Customer,15,Personal Travel,Eco,1464,3,5,3,1,3,3,3,3,5,4,3,4,3,3.31,0,0,FALSE
Male,Loyal Customer,38,Business Travel,Business,643,2,2,2,2,1,1,5,3,3,4,3,5,3,2.77,85,77,TRUE
Male,Loyal Customer,41,Business Travel,Business,3225,1,1,1,1,2,3,4,4,4,4,4,3,3,2.69,0,0,TRUE
Female,Loyal Customer,24,Business Travel,Business,2988,1,1,4,4,1,1,1,1,2,3,3,2,1,1.92,11,0,FALSE
Male,Loyal Customer,16,Business Travel,Eco,502,2,1,1,1,2,1,2,2,2,1,4,4,2,1.92,0,0,FALSE
Female,Loyal Customer,22,Business Travel,Eco,1562,4,4,4,4,4,3,3,4,3,1,4,4,4,3.54,0,10,FALSE
Female,Disloyal Customer,18,Business Travel,Eco,141,1,0,1,4,4,1,4,4,2,2,4,2,4,2.54,25,21,FALSE
Male,Disloyal Customer,28,Business Travel,Eco,764,3,3,3,4,1,3,1,1,1,5,3,1,1,2.31,0,0,FALSE
Female,Loyal Customer,54,Personal Travel,Eco,2434,2,5,2,4,5,5,5,1,1,2,1,3,5,3.15,0,0,FALSE
Male,Loyal Customer,22,Business Travel,Business,2074,4,4,4,4,5,5,5,5,3,3,4,5,5,4.31,3,0,TRUE
Male,Loyal Customer,42,Business Travel,Business,234,3,3,3,3,2,4,3,3,3,3,3,2,1,2.77,0,0,FALSE
Male,Loyal Customer,69,Business Travel,Eco,376,5,5,5,5,5,5,5,5,3,2,5,2,5,4.38,0,0,TRUE
Male,Loyal Customer,27,Personal Travel,Eco,650,1,3,1,4,1,1,1,1,2,4,3,1,1,1.85,0,18,FALSE
Male,Loyal Customer,28,Personal Travel,Eco,546,2,3,2,3,1,2,3,1,1,4,3,3,1,2.23,3,3,FALSE
Male,Loyal Customer,44,Personal Travel,Eco Plus,358,4,5,4,2,2,4,2,2,4,3,5,4,2,3.31,32,22,FALSE
Female,Loyal Customer,62,Personal Travel,Eco,672,2,1,2,4,4,3,4,3,3,2,3,4,4,3,54,67,FALSE
Male,Loyal Customer,14,Personal Travel,Eco,735,3,5,3,3,2,3,2,2,3,3,4,3,2,2.92,0,0,FALSE
Male,Loyal Customer,40,Business Travel,Business,2387,4,4,4,4,4,5,5,5,5,5,5,3,3,4.31,0,0,TRUE
Female,Loyal Customer,63,Personal Travel,Eco,1310,4,3,4,4,3,4,4,5,5,4,5,3,3,3.92,0,0,FALSE
Male,Loyal Customer,49,Personal Travel,Eco,589,4,5,4,1,4,4,5,4,3,5,5,5,4,4.08,5,0,FALSE
Male,Loyal Customer,66,Personal Travel,Eco,1250,3,4,2,5,5,2,5,5,4,2,4,5,5,3.92,0,0,FALSE
Male,Disloyal Customer,42,Business Travel,Eco,853,4,5,5,3,4,5,4,4,4,2,4,4,4,4,13,6,FALSE
Female,Loyal Customer,54,Personal Travel,Business,1726,2,2,1,4,1,3,3,1,1,1,1,3,1,1.85,9,0,FALSE
Female,Loyal Customer,23,Business Travel,Business,1389,4,4,4,4,4,5,4,4,4,2,4,4,4,3.92,0,0,TRUE
Male,Disloyal Customer,20,Business Travel,Eco,884,4,4,4,5,2,4,2,2,2,1,1,3,2,2.77,0,0,TRUE
Female,Loyal Customer,54,Business Travel,Business,740,3,3,5,3,5,5,5,5,5,5,5,3,3,4.23,100,87,TRUE
Female,Loyal Customer,41,Business Travel,Business,1379,3,4,3,3,2,4,5,4,4,4,4,5,4,3.77,93,93,TRUE
Female,Loyal Customer,29,Business Travel,Business,479,3,5,5,5,3,3,3,3,2,1,3,4,3,3.31,27,37,FALSE
Male,Loyal Customer,49,Business Travel,Business,1235,4,4,4,4,3,4,5,2,2,2,2,4,5,3.46,1,0,TRUE
Male,Loyal Customer,62,Business Travel,Eco Plus,130,2,2,2,2,2,2,2,2,3,1,1,3,2,2,38,64,TRUE
Female,Loyal Customer,40,Business Travel,Business,2538,4,4,2,4,2,2,2,2,2,2,2,3,4,2.69,22,16,TRUE
Male,Loyal Customer,31,Business Travel,Business,2641,2,2,2,2,5,5,5,5,4,4,5,4,5,3.85,0,0,TRUE
Female,Loyal Customer,34,Personal Travel,Eco,191,4,4,0,2,2,0,2,2,3,3,4,3,2,2.38,25,13,FALSE
Male,Loyal Customer,27,Business Travel,Business,2850,2,1,1,1,4,4,2,4,3,4,4,3,4,2.85,8,9,FALSE
Female,Loyal Customer,51,Business Travel,Business,1812,0,4,0,3,4,5,5,2,2,2,2,3,3,2.69,0,5,TRUE
Female,Loyal Customer,35,Personal Travel,Eco,201,5,5,5,1,1,5,1,1,3,5,4,3,1,3.08,0,0,TRUE
Male,Loyal Customer,11,Personal Travel,Eco,1846,2,4,2,1,1,2,1,1,5,3,5,5,1,2.54,0,0,FALSE
Male,Loyal Customer,42,Business Travel,Eco,544,5,3,5,3,5,5,5,5,1,4,1,4,5,3.92,2,0,TRUE
Male,Loyal Customer,52,Business Travel,Eco,409,4,3,3,3,4,4,4,4,4,3,2,1,4,3.31,69,82,FALSE
Male,Loyal Customer,15,Personal Travel,Eco Plus,370,2,4,2,4,4,2,4,4,4,2,4,4,4,3.38,0,0,FALSE
Male,Loyal Customer,47,Personal Travel,Eco,390,3,3,3,4,2,3,5,2,3,3,3,2,2,2.92,24,19,FALSE
Female,Loyal Customer,56,Business Travel,Business,3257,5,5,5,5,3,5,5,3,3,3,3,5,3,4.08,0,0,TRUE
Female,Loyal Customer,37,Business Travel,Business,2423,3,4,4,4,3,4,4,2,2,2,3,1,4,3.08,0,8,FALSE
Female,Loyal Customer,26,Business Travel,Business,304,5,5,5,5,4,4,4,4,3,2,5,5,4,4.23,0,0,TRUE
Male,Loyal Customer,8,Personal Travel,Eco,1076,2,4,2,3,3,2,3,3,3,3,5,5,3,3.15,0,0,FALSE
Male,Loyal Customer,60,Business Travel,Business,1510,2,1,5,5,2,2,2,2,2,2,2,2,3,2.46,6,0,FALSE
Female,Loyal Customer,24,Business Travel,Business,1833,1,1,1,1,1,1,1,1,3,5,4,2,1,1.77,9,11,FALSE
Male,Disloyal Customer,23,Business Travel,Business,528,4,4,4,5,2,4,2,2,4,2,4,3,2,3.23,0,0,TRUE
Male,Loyal Customer,35,Business Travel,Business,525,5,5,5,5,2,1,3,5,5,5,5,2,3,3.92,0,10,TRUE
Female,Loyal Customer,47,Personal Travel,Eco,862,4,3,4,4,1,4,3,4,4,4,3,1,1,3.08,15,8,FALSE
Male,Disloyal Customer,37,Business Travel,Business,1096,3,3,3,3,5,3,1,5,3,5,4,3,5,3.54,0,0,FALSE
Male,Loyal Customer,60,Personal Travel,Eco,220,3,2,3,4,4,3,4,4,2,3,3,1,4,3.08,21,42,FALSE
Male,Disloyal Customer,36,Business Travel,Eco,414,4,0,4,1,5,4,5,5,3,1,4,4,5,3.46,0,13,FALSE
Female,Loyal Customer,58,Business Travel,Business,101,4,4,4,4,3,1,5,5,5,5,4,3,5,4,7,9,TRUE
Female,Disloyal Customer,23,Business Travel,Eco,587,3,3,3,3,3,3,3,3,3,4,4,1,3,3,0,0,FALSE
Male,Loyal Customer,38,Business Travel,Business,2480,2,2,2,2,4,1,2,4,4,5,4,1,2,2.69,12,35,TRUE
Female,Loyal Customer,48,Business Travel,Business,414,3,3,3,3,4,4,4,5,5,5,5,4,5,4.08,1,0,TRUE
Female,Loyal Customer,29,Business Travel,Business,2349,1,1,3,1,3,3,3,3,3,4,4,4,3,2.77,0,0,TRUE
Female,Disloyal Customer,37,Business Travel,Eco,347,4,3,4,3,1,4,3,1,1,5,3,4,1,2.85,0,0,FALSE
Male,Loyal Customer,23,Business Travel,Business,1510,2,2,2,2,4,4,4,4,4,3,2,3,4,3.08,0,0,TRUE
Male,Loyal Customer,23,Business Travel,Business,2278,3,4,4,4,3,3,3,3,3,5,1,2,3,3.15,86,70,FALSE
Female,Loyal Customer,29,Personal Travel,Eco,1190,4,4,3,1,3,3,3,3,3,3,4,5,3,3.23,0,0,TRUE
Female,Loyal Customer,42,Business Travel,Business,895,3,3,3,3,2,4,4,5,5,5,5,3,3,3.69,0,0,TRUE
Male,Loyal Customer,10,Personal Travel,Eco,247,1,5,1,3,5,1,5,5,4,3,4,5,5,3.62,0,0,FALSE
Male,Loyal Customer,25,Business Travel,Business,1013,4,2,4,4,4,5,4,4,3,5,4,3,4,3.85,0,0,TRUE
Male,Loyal Customer,55,Business Travel,Business,368,3,3,3,3,2,5,5,3,3,4,3,4,5,3.54,11,2,TRUE
Female,Loyal Customer,43,Business Travel,Eco,458,5,5,3,5,3,3,4,4,4,5,4,4,4,4.08,0,0,TRUE
Male,Disloyal Customer,9,Business Travel,Eco,946,1,1,1,4,4,1,2,4,1,3,3,2,4,2.38,12,0,FALSE
Female,Disloyal Customer,26,Business Travel,Business,237,2,2,2,3,5,2,5,5,3,4,2,2,5,3.23,15,11,FALSE
Male,Loyal Customer,21,Business Travel,Eco Plus,944,4,3,3,3,4,4,5,4,1,5,5,1,4,3.54,38,44,TRUE
Female,Loyal Customer,66,Personal Travel,Eco,356,4,5,3,4,2,1,3,1,1,3,1,3,4,2.69,6,0,FALSE
Female,Loyal Customer,31,Business Travel,Business,1521,5,5,5,5,4,4,4,4,4,5,4,2,4,4.23,32,34,TRUE
Male,Loyal Customer,41,Business Travel,Business,3115,0,3,0,1,1,5,5,3,3,3,3,1,5,2.54,0,0,TRUE
Male,Loyal Customer,55,Business Travel,Business,3433,5,5,5,5,5,4,5,5,5,4,5,4,4,4.69,0,0,TRUE
Female,Loyal Customer,44,Personal Travel,Business,125,5,2,5,2,5,1,2,1,1,5,1,4,4,2.92,0,0,TRUE
Female,Loyal Customer,33,Personal Travel,Eco,528,2,4,5,5,4,5,4,4,4,3,4,4,4,4,2,0,FALSE
Female,Loyal Customer,66,Business Travel,Eco,2125,1,4,4,4,5,1,1,1,1,1,1,1,3,2.15,0,0,FALSE
Female,Disloyal Customer,35,Business Travel,Business,1011,3,3,3,3,5,3,5,5,3,2,4,4,5,3.69,26,21,FALSE
Male,Loyal Customer,29,Business Travel,Business,1645,3,3,3,3,5,5,5,5,4,2,5,5,5,4.08,0,0,TRUE
Male,Loyal Customer,69,Business Travel,Business,1865,2,2,2,2,3,3,5,4,4,4,4,2,1,2.92,0,0,TRUE
Male,Loyal Customer,61,Personal Travel,Eco,2106,1,2,1,2,1,1,1,1,4,3,1,3,1,1.69,0,0,FALSE
Male,Loyal Customer,66,Personal Travel,Eco,666,3,5,3,3,1,3,1,1,2,1,5,3,1,2.46,0,0,FALSE
Female,Loyal Customer,44,Business Travel,Eco Plus,628,5,2,5,5,3,5,1,5,5,5,5,1,5,4,81,86,TRUE
Male,Disloyal Customer,34,Business Travel,Business,931,2,2,2,2,2,2,4,2,5,4,5,5,2,3,3,0,FALSE
Female,Loyal Customer,38,Personal Travel,Eco,762,4,4,4,3,5,4,5,5,4,4,5,3,5,4.23,24,1,TRUE
Female,Loyal Customer,29,Business Travel,Eco,1172,3,4,4,4,3,3,3,3,2,2,4,1,3,3,0,0,FALSE
Male,Loyal Customer,29,Business Travel,Eco,667,5,2,2,2,5,5,5,5,5,5,1,2,5,3.77,0,0,TRUE
Female,Loyal Customer,23,Personal Travel,Eco,561,2,1,2,3,4,2,4,4,1,5,4,3,4,3,0,0,FALSE
Female,Loyal Customer,58,Business Travel,Business,1464,1,1,1,1,3,4,5,5,5,5,5,4,3,3.31,6,2,TRUE
Female,Disloyal Customer,43,Business Travel,Business,989,5,4,4,4,2,5,2,2,3,5,5,3,2,3.54,4,0,TRUE
Male,Loyal Customer,31,Business Travel,Eco,190,0,0,0,1,4,0,1,4,5,4,4,2,4,2.23,30,46,TRUE
Female,Loyal Customer,36,Personal Travel,Eco,738,2,5,2,5,4,2,1,4,4,5,5,4,4,3.62,21,5,FALSE
Male,Loyal Customer,12,Personal Travel,Eco,1095,3,2,3,2,4,3,5,4,1,2,3,2,4,2.92,0,1,FALSE
Female,Loyal Customer,43,Business Travel,Business,1832,2,2,2,2,4,4,2,4,4,4,5,5,3,3.31,0,0,TRUE
Female,Loyal Customer,26,Business Travel,Business,3243,5,5,5,5,4,4,4,4,3,4,5,5,4,4.38,32,27,TRUE
Female,Loyal Customer,23,Business Travel,Business,1749,2,2,2,2,5,4,5,5,5,2,3,5,5,3.62,0,0,TRUE
Male,Loyal Customer,42,Business Travel,Business,868,5,5,4,5,2,4,5,5,5,5,5,3,4,4.38,0,0,TRUE
Female,Loyal Customer,60,Personal Travel,Eco,604,2,5,2,5,2,4,5,1,1,2,1,3,4,2.85,15,13,FALSE
Male,Loyal Customer,29,Business Travel,Business,2379,2,2,3,2,5,5,5,5,5,2,4,4,5,3.77,0,0,TRUE
Female,Loyal Customer,42,Personal Travel,Eco,2677,2,4,2,4,3,3,4,3,3,2,3,2,1,2.77,1,0,FALSE
Male,Loyal Customer,59,Business Travel,Business,2153,4,4,4,4,3,5,5,5,5,5,5,3,3,4.23,0,0,TRUE
Male,Loyal Customer,58,Business Travel,Business,985,4,4,4,4,2,4,4,4,4,5,4,4,4,3.92,0,0,TRUE
Female,Loyal Customer,46,Business Travel,Business,733,1,1,1,1,3,4,4,5,5,5,5,3,3,3.15,0,5,TRUE
Female,Loyal Customer,54,Personal Travel,Eco,628,3,5,4,2,5,5,4,3,3,4,3,3,4,3.69,1,6,FALSE
Male,Loyal Customer,52,Personal Travel,Eco,184,2,1,0,4,1,0,1,1,2,3,4,2,1,1.69,0,0,FALSE
Male,Loyal Customer,54,Business Travel,Business,719,3,3,5,3,2,4,4,3,3,3,3,4,2,3.23,0,0,FALSE
Female,Loyal Customer,57,Business Travel,Business,2565,5,5,2,5,4,4,5,5,5,5,5,5,3,4.46,0,0,TRUE
Male,Loyal Customer,43,Business Travel,Business,2288,2,2,2,2,2,5,4,3,3,4,3,5,3,3.08,1,0,TRUE
Female,Loyal Customer,36,Business Travel,Business,3777,1,1,4,1,4,4,3,1,1,1,1,4,4,2.31,34,19,FALSE
Male,Loyal Customer,47,Personal Travel,Eco,356,1,4,1,4,1,1,1,1,5,4,4,5,1,2.54,31,19,FALSE
Male,Loyal Customer,34,Business Travel,Business,547,3,2,2,2,1,3,3,3,3,3,3,1,4,2.54,0,0,FALSE
Male,Loyal Customer,42,Business Travel,Business,2993,5,5,5,5,3,5,4,4,4,4,4,5,4,4.38,0,0,TRUE
Male,Disloyal Customer,36,Business Travel,Business,1846,2,2,2,3,3,2,3,3,3,5,4,4,3,3,0,0,FALSE
Male,Loyal Customer,35,Business Travel,Eco,179,4,5,5,5,4,4,4,4,1,3,3,5,4,3.92,40,45,TRUE
Female,Loyal Customer,52,Business Travel,Business,2274,4,4,3,4,3,4,5,3,3,3,3,3,4,3.54,0,0,TRUE
Female,Disloyal Customer,33,Business Travel,Eco,725,2,2,2,2,4,2,2,4,4,3,2,2,4,2.69,0,0,FALSE
Female,Loyal Customer,40,Business Travel,Business,2762,2,2,2,2,3,4,5,4,4,4,4,4,5,3.46,0,0,TRUE
Male,Loyal Customer,25,Business Travel,Business,1806,2,2,1,2,2,2,2,2,2,3,3,1,2,2,14,4,FALSE
Female,Loyal Customer,67,Personal Travel,Eco,2527,4,4,4,3,4,4,5,1,1,4,1,3,5,3.31,3,2,TRUE
Male,Disloyal Customer,27,Business Travel,Eco,371,4,0,4,3,1,4,1,1,5,1,5,5,1,2.69,0,0,TRUE
Female,Loyal Customer,33,Business Travel,Eco Plus,266,0,0,0,3,3,5,5,3,3,5,3,1,3,2.62,0,4,TRUE
Male,Loyal Customer,41,Business Travel,Business,1981,5,5,5,5,3,4,4,4,4,4,4,3,3,4.08,0,0,TRUE
Female,Loyal Customer,43,Personal Travel,Eco,236,5,2,5,2,2,2,2,1,1,5,1,2,1,2.38,0,0,TRUE
Male,Disloyal Customer,22,Business Travel,Eco,404,2,4,2,4,5,2,5,5,4,2,5,3,5,3.69,0,0,FALSE
Female,Loyal Customer,39,Business Travel,Business,1657,5,5,5,5,3,4,5,4,4,4,4,3,5,4.31,19,13,TRUE
Male,Loyal Customer,44,Business Travel,Business,2136,4,4,5,4,2,4,4,4,4,4,4,5,4,4,4,0,TRUE
Female,Loyal Customer,46,Business Travel,Business,354,0,0,0,3,4,5,4,1,1,1,1,3,3,2,43,43,TRUE
Female,Loyal Customer,51,Business Travel,Eco,671,4,5,5,5,2,3,3,4,4,4,4,3,3,3.77,3,0,FALSE
Female,Disloyal Customer,20,Business Travel,Eco,624,0,0,0,4,3,0,3,3,2,1,4,4,3,2.08,66,49,TRUE
Male,Disloyal Customer,22,Business Travel,Eco,832,3,4,4,3,4,1,2,4,2,3,5,2,2,3,5,0,FALSE
Male,Loyal Customer,44,Personal Travel,Eco,197,3,4,3,1,1,3,1,1,4,1,2,2,1,2.08,0,2,FALSE
Female,Loyal Customer,29,Personal Travel,Eco Plus,1107,2,3,2,4,1,2,1,1,4,2,4,2,1,2.23,0,22,FALSE
Male,Loyal Customer,47,Business Travel,Business,2088,4,4,4,4,2,5,4,5,5,5,5,3,3,4.08,15,7,TRUE
Male,Loyal Customer,63,Personal Travel,Eco,925,2,5,2,1,1,2,1,1,5,5,4,5,1,2.69,0,17,FALSE
Male,Loyal Customer,44,Business Travel,Business,3064,2,2,2,2,3,5,4,4,4,4,4,5,5,3.54,0,0,TRUE
Male,Loyal Customer,45,Business Travel,Business,604,5,5,5,5,5,5,5,2,2,2,2,5,3,3.92,32,51,TRUE
Female,Loyal Customer,24,Business Travel,Business,1800,3,5,5,5,3,3,3,3,2,4,2,2,3,3.31,0,0,FALSE
Female,Loyal Customer,52,Business Travel,Business,3389,2,2,2,2,5,4,4,2,2,2,2,5,4,2.92,42,21,TRUE
Female,Loyal Customer,18,Business Travel,Business,2755,2,2,2,2,2,2,2,2,3,2,3,2,2,2.15,0,0,FALSE
Male,Loyal Customer,41,Personal Travel,Eco,1618,2,5,2,2,1,2,1,1,5,4,5,5,1,2.77,82,67,FALSE
Male,Loyal Customer,41,Personal Travel,Eco,189,2,5,0,3,4,0,4,4,4,4,4,4,4,3.23,104,100,FALSE
Male,Loyal Customer,25,Business Travel,Eco Plus,409,0,4,0,5,1,0,1,1,5,1,4,4,1,2.08,0,0,TRUE
Female,Loyal Customer,22,Business Travel,Eco Plus,728,2,1,1,1,2,2,3,2,3,3,4,2,2,2.15,9,12,FALSE
Female,Loyal Customer,67,Business Travel,Business,258,3,5,4,4,1,3,3,3,3,3,3,2,3,3.08,91,85,FALSE
Female,Loyal Customer,32,Business Travel,Business,3012,2,2,2,2,4,4,4,4,3,4,4,4,4,3.31,0,0,TRUE
Female,Loyal Customer,27,Personal Travel,Eco,645,1,1,1,3,3,1,3,3,4,3,3,4,3,2.54,0,0,FALSE
Male,Loyal Customer,33,Business Travel,Eco Plus,794,3,3,3,3,3,3,3,3,4,4,2,1,3,2.92,0,0,FALSE
Male,Loyal Customer,41,Business Travel,Business,618,4,4,4,4,3,4,5,2,2,2,2,5,4,3.46,41,36,TRUE
Female,Loyal Customer,50,Personal Travel,Eco Plus,844,3,5,3,1,5,4,4,1,1,3,1,3,5,3,0,4,FALSE
Male,Disloyal Customer,27,Business Travel,Eco,920,5,5,5,3,2,5,2,2,4,1,3,5,2,3.38,0,0,TRUE
Female,Loyal Customer,57,Business Travel,Business,2655,4,2,2,2,3,3,4,4,4,4,4,4,4,3.38,0,0,FALSE
Female,Loyal Customer,15,Business Travel,Eco Plus,1009,4,5,5,5,4,3,1,4,2,5,3,1,4,3.54,0,6,FALSE
Male,Loyal Customer,15,Business Travel,Business,1751,5,5,5,5,5,5,5,5,5,2,4,4,5,4.62,24,4,TRUE
Male,Loyal Customer,55,Business Travel,Business,453,4,4,4,4,5,5,5,2,2,2,2,4,5,3.69,0,0,TRUE
Male,Loyal Customer,34,Personal Travel,Eco,444,2,4,2,4,3,2,3,3,4,2,5,5,3,3.23,0,0,FALSE
Male,Loyal Customer,42,Business Travel,Business,3614,1,1,1,1,2,4,4,4,4,4,4,4,4,2.92,0,0,TRUE
Female,Loyal Customer,29,Business Travel,Eco Plus,1416,0,0,0,2,2,0,3,2,3,3,2,5,2,1.85,14,0,TRUE
Male,Loyal Customer,34,Business Travel,Business,2329,2,2,2,2,4,5,2,3,3,3,3,4,4,3,67,60,TRUE
Female,Loyal Customer,61,Business Travel,Eco,297,3,1,1,1,1,4,4,3,3,3,3,4,2,2.54,0,21,FALSE
Female,Disloyal Customer,28,Business Travel,Eco Plus,1046,2,2,2,1,2,2,2,2,4,1,5,2,2,2.23,0,0,FALSE
Male,Disloyal Customer,26,Business Travel,Business,1482,5,5,5,4,4,5,4,4,4,3,4,4,4,4.23,11,0,TRUE
Female,Loyal Customer,55,Business Travel,Business,1678,1,1,1,1,2,4,4,5,5,5,5,3,4,3.15,6,12,TRUE
Female,Loyal Customer,42,Business Travel,Business,2133,5,5,5,5,5,4,5,3,3,3,3,3,5,4.15,63,,TRUE
Female,Loyal Customer,50,Business Travel,Business,3882,2,5,5,5,1,4,3,1,1,1,2,3,4,2.85,0,0,FALSE
Male,Loyal Customer,46,Business Travel,Business,849,1,4,4,4,3,3,3,1,1,1,1,1,4,2.38,39,18,FALSE
Female,Loyal Customer,31,Business Travel,Eco,1514,3,5,3,3,3,3,3,3,3,5,3,3,3,3.31,0,0,FALSE
Female,Disloyal Customer,55,Business Travel,Business,2615,3,3,3,4,1,3,1,1,4,4,3,5,1,2.77,0,0,FALSE
Male,Loyal Customer,31,Personal Travel,Eco,867,2,5,2,4,2,2,1,2,3,2,4,4,2,2.69,0,0,FALSE
Female,Loyal Customer,53,Personal Travel,Eco,919,4,2,4,4,1,4,3,3,3,4,3,4,4,3.31,15,6,TRUE
Male,Disloyal Customer,25,Business Travel,Eco,1239,4,4,4,3,2,4,2,2,4,2,4,5,2,3.23,0,0,TRUE
Female,Disloyal Customer,20,Business Travel,Business,2422,4,0,4,3,4,2,2,4,3,4,5,2,2,3,12,26,TRUE
Female,Disloyal Customer,29,Business Travel,Eco,1010,2,2,2,1,3,2,3,3,5,2,1,3,3,2.46,0,0,FALSE
Female,Loyal Customer,29,Business Travel,Eco,250,4,1,1,1,4,4,4,4,1,2,3,3,4,2.77,1,0,TRUE
Male,Loyal Customer,56,Business Travel,Business,108,3,3,4,3,1,3,4,3,3,3,3,1,4,2.92,0,0,FALSE
Female,Loyal Customer,42,Business Travel,Business,257,4,5,5,5,5,3,3,4,4,4,4,1,4,3.92,0,15,FALSE
Male,Loyal Customer,26,Personal Travel,Eco,1242,3,2,3,4,2,3,3,2,4,4,4,3,2,3,15,3,FALSE
Male,Loyal Customer,46,Business Travel,Business,1197,4,3,2,2,4,4,4,4,4,4,4,1,3,3.31,91,102,FALSE
Female,Disloyal Customer,20,Business Travel,Eco,726,2,2,2,4,5,2,5,5,1,4,4,1,5,3.23,0,0,FALSE
Male,Loyal Customer,55,Business Travel,Business,1749,1,1,1,1,2,5,5,4,4,4,4,3,5,3.08,0,0,TRUE
Male,Loyal Customer,45,Business Travel,Eco Plus,1709,5,1,1,1,5,5,5,5,3,2,3,2,5,3.31,0,0,TRUE
Female,Loyal Customer,36,Business Travel,Business,495,4,1,1,1,4,3,3,4,4,4,4,1,2,2.77,21,0,FALSE
Male,Loyal Customer,38,Personal Travel,Eco,633,2,1,2,2,1,2,1,1,4,1,2,3,1,1.77,13,18,FALSE
Female,Loyal Customer,39,Business Travel,Business,1500,4,4,4,4,5,5,4,5,5,5,5,5,3,4.46,1,0,TRUE
Female,Disloyal Customer,26,Business Travel,Eco,545,4,0,4,2,1,4,3,1,5,1,3,3,1,2.46,0,0,FALSE
Male,Loyal Customer,35,Business Travel,Business,1102,4,4,4,4,4,5,5,4,4,4,4,4,4,4.15,0,0,TRUE
Male,Loyal Customer,54,Personal Travel,Eco Plus,990,1,5,1,2,1,1,1,1,4,5,4,5,1,2.46,2,0,FALSE
Male,Loyal Customer,36,Business Travel,Eco,160,1,2,5,2,1,1,1,1,1,3,3,4,1,2,0,0,FALSE
Male,Loyal Customer,39,Personal Travel,Eco,666,4,5,4,3,2,4,2,2,3,3,4,3,2,3.15,0,0,TRUE
Male,Loyal Customer,62,Personal Travel,Eco,397,2,4,2,3,2,2,4,2,4,3,4,5,2,3,71,62,FALSE
Male,Loyal Customer,27,Personal Travel,Eco,946,2,4,2,4,5,2,5,5,2,3,3,1,5,3.31,78,85,FALSE
Female,Loyal Customer,45,Business Travel,Eco,676,5,4,4,4,4,5,1,5,5,5,5,3,1,3.92,0,0,TRUE
Female,Loyal Customer,33,Business Travel,Business,3754,4,1,4,4,2,3,3,4,4,3,4,1,4,3.15,0,1,FALSE
Male,Loyal Customer,33,Business Travel,Eco Plus,315,0,0,0,2,1,0,1,1,1,1,5,2,1,1.15,5,3,TRUE
Male,Loyal Customer,43,Business Travel,Business,323,2,2,5,2,4,5,5,4,4,4,4,4,4,3.77,0,0,TRUE
Female,Loyal Customer,58,Business Travel,Business,1944,1,2,1,1,2,5,5,5,5,5,5,4,4,3.46,0,0,TRUE
Female,Loyal Customer,28,Personal Travel,Eco,692,5,4,5,3,4,5,3,4,3,4,4,5,4,4.08,0,0,TRUE
Female,Loyal Customer,42,Business Travel,Business,641,1,1,1,1,5,5,5,3,3,3,3,2,2,2.69,0,0,TRUE
Female,Loyal Customer,54,Business Travel,Business,1592,5,5,5,5,5,3,5,4,4,4,4,3,4,4.31,10,0,TRUE
Male,Loyal Customer,41,Business Travel,Business,1715,1,1,1,1,2,4,5,5,5,5,5,4,5,3.38,0,0,TRUE
Male,Loyal Customer,60,Business Travel,Business,3126,2,1,1,1,3,4,3,2,2,3,2,1,4,2.23,81,93,FALSE
Female,Loyal Customer,45,Business Travel,Business,1982,4,4,4,4,2,4,4,5,5,5,5,4,4,4.15,34,23,TRUE
Female,Loyal Customer,59,Business Travel,Eco Plus,147,5,1,1,1,3,5,2,5,5,5,5,2,4,3.38,0,0,TRUE
Male,Loyal Customer,33,Business Travel,Business,2454,5,5,5,5,4,4,4,4,4,3,5,5,4,4.38,12,0,TRUE
Female,Loyal Customer,31,Business Travel,Eco Plus,844,2,3,3,3,2,2,2,2,1,3,3,3,2,2.38,10,6,FALSE
Male,Loyal Customer,25,Personal Travel,Eco,423,3,4,3,3,2,3,2,2,4,4,4,5,2,3.15,0,11,FALSE
Female,Loyal Customer,24,Business Travel,Eco Plus,689,4,5,5,5,4,4,3,4,4,2,3,1,4,3.69,0,1,TRUE
Male,Loyal Customer,35,Business Travel,Business,3594,3,3,3,3,2,5,4,5,5,5,5,3,4,3.85,0,0,TRUE
Female,Loyal Customer,48,Business Travel,Business,2540,5,5,5,5,4,5,4,4,4,4,4,3,3,4.23,0,0,TRUE
Female,Disloyal Customer,49,Business Travel,Eco,190,3,0,3,2,4,3,2,4,3,2,2,4,4,2.77,84,89,FALSE
Male,Disloyal Customer,25,Business Travel,Eco,997,3,2,2,3,2,2,2,2,1,2,2,5,2,2.31,5,0,FALSE
Male,Loyal Customer,58,Business Travel,Eco,563,2,3,3,3,2,2,2,2,1,4,3,1,2,2.31,0,0,FALSE
Male,Loyal Customer,41,Business Travel,Business,2099,2,2,2,2,4,4,4,4,4,5,4,4,4,3.46,105,169,TRUE
Male,Loyal Customer,11,Personal Travel,Eco Plus,500,3,4,3,1,1,3,1,1,4,4,5,5,1,2.77,2,11,FALSE
Male,Loyal Customer,49,Business Travel,Business,456,1,1,5,1,3,5,2,4,4,4,4,5,4,3.31,1,31,TRUE
Female,Loyal Customer,24,Personal Travel,Eco,414,3,4,4,3,3,4,3,3,2,5,4,5,3,3.54,11,14,FALSE
Male,Loyal Customer,31,Personal Travel,Eco Plus,192,3,5,3,3,1,3,1,1,4,2,4,4,1,2.69,19,4,FALSE
Male,Disloyal Customer,22,Business Travel,Business,190,5,4,5,1,3,5,4,3,3,4,5,4,3,3.77,0,0,TRUE
Male,Loyal Customer,65,Business Travel,Eco,882,2,4,4,4,2,2,2,2,3,5,3,1,2,2.77,0,0,FALSE
Female,Loyal Customer,54,Business Travel,Eco,273,2,2,2,2,3,1,1,2,2,2,2,4,4,2.23,0,4,FALSE
Female,Loyal Customer,69,Business Travel,Business,2673,3,3,3,3,5,4,4,3,3,3,3,2,1,3.08,7,0,FALSE
Female,Loyal Customer,50,Business Travel,Business,214,4,5,4,4,3,5,4,4,4,4,4,5,5,4.23,0,0,TRUE
Male,Loyal Customer,18,Business Travel,Business,209,5,5,5,5,4,4,3,4,2,3,4,4,4,4,0,0,TRUE
Female,Loyal Customer,23,Business Travel,Business,2290,2,5,5,5,2,2,2,2,4,4,3,1,2,3,66,61,FALSE
Female,Loyal Customer,26,Business Travel,Business,661,3,3,3,3,4,4,4,4,3,5,4,4,4,3.69,43,38,TRUE
Female,Disloyal Customer,25,Business Travel,Eco Plus,251,1,2,1,3,1,1,1,1,1,2,3,3,1,1.62,2,0,FALSE
Female,Loyal Customer,38,Business Travel,Business,541,2,2,2,2,3,3,4,5,5,5,5,1,1,3.08,11,9,TRUE
Male,Loyal Customer,37,Personal Travel,Eco,239,4,4,4,4,3,4,1,3,4,2,1,1,3,2.92,50,46,FALSE
Female,Loyal Customer,45,Business Travel,Business,2475,4,4,4,4,4,3,4,5,5,5,5,5,5,4.38,0,0,TRUE
Male,Loyal Customer,43,Business Travel,Eco,852,3,4,4,4,3,3,3,3,4,1,4,3,3,3.23,0,24,FALSE
Female,Loyal Customer,46,Business Travel,Business,3796,2,3,3,3,4,1,1,2,2,3,2,1,4,2.38,0,4,FALSE
Female,Disloyal Customer,24,Business Travel,Eco,533,3,4,3,3,2,3,2,2,3,1,4,4,2,2.77,3,1,FALSE
Female,Loyal Customer,57,Personal Travel,Eco,399,2,5,2,3,2,5,5,3,3,2,3,4,5,3.38,0,4,FALSE
Male,Loyal Customer,40,Business Travel,Eco,1050,5,4,3,4,5,5,5,5,4,3,5,1,5,4.15,32,33,TRUE
Male,Loyal Customer,30,Business Travel,Business,516,2,2,2,2,5,5,5,5,4,1,3,1,5,3.23,0,0,TRUE
Female,Loyal Customer,47,Business Travel,Business,2234,1,1,1,1,5,4,4,4,4,4,4,4,4,3.15,0,0,TRUE
Female,Disloyal Customer,33,Business Travel,Eco,328,2,0,2,3,2,2,2,2,2,3,5,2,2,2.23,1,6,FALSE
Female,Loyal Customer,27,Business Travel,Business,2562,1,2,2,2,1,1,1,1,1,4,4,1,1,1.69,43,22,FALSE
Male,Disloyal Customer,23,Business Travel,Eco,240,0,4,0,3,1,0,1,1,1,4,5,4,1,1.92,0,0,TRUE
Male,Loyal Customer,53,Business Travel,Business,1440,4,4,4,4,5,5,4,3,3,3,3,5,5,4,0,0,TRUE
Male,Loyal Customer,56,Business Travel,Eco,1379,1,3,3,3,1,1,1,1,2,5,4,3,1,2.23,0,0,FALSE
Male,Loyal Customer,61,Personal Travel,Eco,197,2,4,0,4,1,0,1,1,1,3,4,4,1,2,46,27,FALSE
Female,Loyal Customer,28,Personal Travel,Eco,337,4,5,4,2,4,4,4,4,4,4,5,5,4,4.08,0,0,TRUE
Female,Loyal Customer,55,Business Travel,Business,341,1,0,0,3,5,3,4,1,1,0,1,3,2,1.85,4,5,FALSE
Male,Loyal Customer,39,Business Travel,Eco,447,4,3,4,3,4,4,4,4,1,1,2,3,4,3.15,18,15,TRUE
Male,Loyal Customer,42,Personal Travel,Eco,170,1,1,1,4,3,1,3,3,3,4,3,4,3,2.62,0,0,FALSE
Female,Loyal Customer,19,Personal Travel,Eco,1546,2,5,2,3,4,2,3,4,5,4,4,4,4,3.54,111,101,FALSE
Female,Loyal Customer,60,Business Travel,Business,1744,4,4,4,4,3,4,5,4,4,4,4,4,5,4.08,102,85,TRUE
Male,Disloyal Customer,21,Business Travel,Eco,366,3,2,3,4,5,3,5,5,2,5,4,4,5,3.85,0,0,FALSE
Male,Loyal Customer,44,Personal Travel,Eco,945,1,2,1,4,5,1,5,5,3,3,3,1,5,3,0,12,FALSE
Male,Loyal Customer,44,Business Travel,Business,2691,1,3,2,2,2,3,3,1,1,1,1,4,3,2.08,18,13,FALSE
Male,Loyal Customer,43,Business Travel,Business,2624,4,4,4,4,4,5,5,2,2,3,2,3,5,3.62,0,0,TRUE
Female,Disloyal Customer,30,Business Travel,Business,480,3,3,3,3,2,3,2,2,3,4,4,3,2,2.85,11,32,FALSE
Female,Loyal Customer,23,Business Travel,Business,3256,2,5,5,5,3,3,2,3,3,2,4,3,3,3.31,0,25,FALSE
Male,Loyal Customer,39,Business Travel,Eco,542,5,5,5,5,5,5,5,5,1,2,3,2,5,4.08,17,14,TRUE
Male,Loyal Customer,45,Business Travel,Business,283,0,0,0,2,4,5,4,2,2,2,2,4,4,2.38,0,0,TRUE
Male,Loyal Customer,40,Business Travel,Business,2091,2,2,2,2,2,4,5,4,4,4,4,5,3,3.31,0,0,TRUE
Male,Loyal Customer,52,Personal Travel,Eco,444,2,4,2,1,2,2,2,2,4,2,5,3,2,2.54,0,0,FALSE
Male,Loyal Customer,56,Business Travel,Business,1522,2,2,2,2,2,5,4,4,4,4,4,3,3,3.15,0,0,TRUE
Male,Loyal Customer,53,Personal Travel,Eco,134,3,3,3,4,3,3,3,3,1,5,4,1,3,3,19,11,FALSE
Male,Loyal Customer,34,Business Travel,Eco,295,1,3,3,3,1,1,1,1,1,5,3,1,1,1.92,5,8,FALSE
Male,Loyal Customer,51,Business Travel,Business,248,4,4,4,4,5,4,4,4,4,4,4,4,5,4.15,0,0,TRUE
Male,Loyal Customer,16,Personal Travel,Eco Plus,496,2,5,2,2,2,2,2,2,4,2,1,4,2,2.46,0,0,FALSE
Female,Loyal Customer,38,Personal Travel,Eco,67,1,5,1,1,1,1,1,1,3,5,4,4,1,2.23,0,0,FALSE
Male,Disloyal Customer,62,Business Travel,Eco,862,3,4,4,4,4,4,4,4,4,4,3,2,4,3.69,70,76,FALSE
Male,Disloyal Customer,28,Business Travel,Business,813,3,3,3,3,4,3,2,4,2,2,3,2,4,2.92,13,7,FALSE
Male,Loyal Customer,47,Business Travel,Eco,269,2,3,3,3,2,2,2,2,3,2,3,3,2,2.46,34,21,FALSE
Male,Loyal Customer,35,Business Travel,Business,1643,2,4,4,4,1,4,4,2,2,2,2,3,2,2.77,4,0,FALSE
Male,Loyal Customer,52,Personal Travel,Business,2253,3,5,3,5,3,4,2,3,2,3,5,2,2,3.23,0,37,FALSE
Female,Loyal Customer,62,Personal Travel,Eco,391,3,4,3,3,3,5,5,3,3,3,3,3,3,3.38,12,4,FALSE
Female,Loyal Customer,60,Business Travel,Business,3969,3,5,3,3,3,4,5,5,5,4,5,4,5,4.15,0,0,TRUE
Female,Loyal Customer,28,Personal Travel,Eco Plus,711,2,4,2,5,1,2,1,1,4,2,3,3,1,2.38,0,10,FALSE
Male,Loyal Customer,30,Personal Travel,Eco,1617,1,4,1,4,3,1,3,3,2,5,2,1,3,2.54,0,0,FALSE
Male,Loyal Customer,22,Business Travel,Business,3642,5,5,4,5,5,5,5,5,5,5,5,4,5,4.85,3,0,TRUE
Male,Loyal Customer,44,Business Travel,Business,2295,5,5,5,5,4,5,4,4,4,4,4,3,5,4.38,10,5,TRUE
Male,Loyal Customer,54,Business Travel,Business,950,5,5,5,5,2,4,4,3,3,3,3,5,4,3.92,0,0,TRUE
Female,Loyal Customer,39,Business Travel,Business,735,2,2,2,2,5,5,5,2,2,2,2,3,5,3,0,0,TRUE
Male,Loyal Customer,34,Business Travel,Eco,944,4,5,5,5,4,4,4,4,4,2,1,1,4,3.62,22,29,FALSE
Male,Loyal Customer,47,Business Travel,Eco,252,4,1,1,1,4,4,4,4,3,3,1,2,4,2.77,0,0,TRUE
Female,Loyal Customer,53,Business Travel,Business,308,4,4,3,4,4,4,4,4,4,4,4,3,5,3.92,0,1,TRUE
Female,Disloyal Customer,27,Business Travel,Eco,250,3,4,4,4,1,4,1,1,2,4,4,2,1,2.69,3,1,FALSE
Male,Loyal Customer,62,Business Travel,Eco Plus,1250,4,5,2,5,4,4,4,4,1,5,4,1,4,3.62,0,0,TRUE
Male,Loyal Customer,32,Business Travel,Eco,258,5,5,5,5,5,4,5,5,4,1,1,4,5,4.15,0,2,TRUE
Female,Loyal Customer,47,Business Travel,Business,239,2,2,5,2,3,5,5,5,5,4,5,3,4,3.85,3,0,TRUE
Female,Disloyal Customer,18,Business Travel,Eco,547,5,0,5,4,4,5,1,4,4,3,5,3,4,3.62,0,0,TRUE
Female,Loyal Customer,45,Business Travel,Eco,241,4,5,2,5,1,3,3,4,4,4,4,1,1,3.15,0,0,FALSE
Male,Loyal Customer,18,Personal Travel,Eco,199,3,5,0,3,3,0,3,3,5,3,5,3,3,3,0,0,FALSE
Female,Loyal Customer,26,Personal Travel,Eco,895,2,4,2,3,3,2,5,3,4,2,4,5,3,3.23,1,0,FALSE
Female,Loyal Customer,42,Business Travel,Business,1945,1,1,1,1,2,5,5,4,4,4,4,4,5,3.15,11,1,TRUE
Male,Loyal Customer,59,Business Travel,Eco,201,5,1,1,1,5,5,5,5,5,4,5,3,5,3.85,57,51,TRUE
Female,Disloyal Customer,59,Business Travel,Eco,369,1,0,1,3,3,1,3,3,1,1,5,2,3,2.08,84,63,FALSE
Male,Loyal Customer,48,Personal Travel,Eco,594,4,1,4,2,2,4,2,2,1,4,3,1,2,2.46,7,8,FALSE
Male,Loyal Customer,34,Personal Travel,Eco,937,2,4,2,2,2,2,2,2,1,5,2,3,2,2.38,20,21,FALSE
Male,Loyal Customer,54,Business Travel,Business,2218,2,1,1,1,3,4,3,2,2,2,2,2,4,2.23,0,0,FALSE
Male,Loyal Customer,25,Personal Travel,Eco Plus,977,3,4,3,4,1,3,1,1,4,3,4,4,1,2.77,5,0,FALSE
Male,Disloyal Customer,24,Business Travel,Eco,251,3,2,4,2,1,4,1,1,2,4,1,4,1,2.31,39,48,FALSE
Male,Loyal Customer,10,Personal Travel,Eco,391,2,4,2,3,4,2,2,4,4,1,4,3,4,3,11,5,FALSE
Male,Disloyal Customer,17,Business Travel,Eco,468,2,0,2,1,2,2,2,2,1,3,3,1,2,1.77,0,0,FALSE
Male,Loyal Customer,27,Business Travel,Eco Plus,1874,0,0,0,1,5,0,2,5,5,4,5,5,5,2.85,0,0,TRUE
Female,Disloyal Customer,21,Business Travel,Business,1226,4,0,4,5,4,4,4,4,5,4,5,4,4,3.92,0,0,TRUE
Male,Loyal Customer,46,Business Travel,Business,2810,5,5,4,5,3,4,5,4,4,4,5,3,5,4.31,0,0,TRUE
Male,Loyal Customer,64,Personal Travel,Eco,1947,1,4,1,5,2,1,2,2,4,2,5,3,2,2.62,8,0,FALSE
Female,Loyal Customer,64,Business Travel,Eco,229,2,5,5,5,3,3,4,2,2,2,2,1,2,2.92,0,0,FALSE
Male,Loyal Customer,10,Personal Travel,Eco,2342,2,3,2,3,4,2,4,4,3,4,3,2,4,3.08,2,0,FALSE
Male,Loyal Customer,67,Personal Travel,Eco,508,2,2,5,3,5,5,5,5,1,5,3,1,5,3.62,0,0,FALSE
Male,Loyal Customer,41,Business Travel,Business,2669,2,2,2,2,4,5,4,3,3,3,3,3,4,3.08,0,0,TRUE
Male,Loyal Customer,43,Business Travel,Eco,1107,1,0,0,3,2,1,2,2,4,5,4,1,2,2.08,0,0,FALSE
Female,Loyal Customer,17,Personal Travel,Eco,265,3,3,3,5,5,3,3,5,2,3,4,4,5,3.69,0,0,FALSE
Female,Loyal Customer,60,Business Travel,Business,2012,4,4,4,4,2,4,4,5,5,5,5,3,5,4.15,30,44,TRUE
Female,Loyal Customer,41,Business Travel,Business,862,5,5,4,5,2,5,5,5,5,5,5,3,3,4.38,4,24,TRUE
Male,Loyal Customer,8,Personal Travel,Eco,761,5,4,5,2,2,5,2,2,4,4,5,4,2,3.54,0,0,TRUE
Female,Disloyal Customer,39,Business Travel,Business,931,1,0,0,1,5,0,5,5,4,3,4,3,5,2.77,0,0,FALSE
Male,Loyal Customer,64,Personal Travel,Eco,405,3,5,3,5,3,3,3,3,5,5,5,4,3,3.85,83,74,FALSE
Male,Disloyal Customer,26,Business Travel,Eco,975,4,4,4,1,2,4,2,2,2,3,2,3,2,2.69,0,0,FALSE
Male,Loyal Customer,22,Personal Travel,Business,666,1,2,1,4,5,1,5,5,2,3,4,1,5,3,44,42,FALSE
Male,Loyal Customer,19,Business Travel,Business,3424,5,5,5,5,5,5,5,5,1,2,1,4,5,4.08,0,0,TRUE
Female,Loyal Customer,60,Personal Travel,Business,396,1,5,1,3,3,5,1,2,2,1,3,5,2,2.62,0,0,FALSE
Male,Loyal Customer,27,Personal Travel,Eco,679,4,3,4,3,1,4,1,1,4,4,4,2,1,2.77,0,0,FALSE
Female,Loyal Customer,46,Business Travel,Business,2133,5,5,5,5,2,5,5,5,5,5,5,3,3,4.46,0,4,TRUE
Female,Loyal Customer,29,Business Travel,Business,700,3,3,5,3,1,2,1,1,5,2,5,3,1,2.69,0,0,TRUE
Female,Loyal Customer,38,Personal Travel,Eco,287,1,1,1,3,5,1,5,5,1,3,2,2,5,2.69,0,0,FALSE
Female,Loyal Customer,41,Business Travel,Eco,1126,4,1,1,1,5,4,5,5,2,2,3,2,5,3.08,14,41,FALSE
Female,Loyal Customer,67,Personal Travel,Eco Plus,551,1,4,1,4,5,3,4,5,5,1,5,4,4,3.54,0,5,FALSE
Female,Loyal Customer,22,Business Travel,Business,1362,1,1,1,1,3,3,3,3,3,3,4,5,3,2.62,0,0,TRUE
Female,Loyal Customer,59,Personal Travel,Eco,683,3,5,3,3,2,4,5,1,1,3,1,4,5,3.08,0,0,FALSE
Female,Loyal Customer,49,Personal Travel,Business,1192,2,4,2,4,2,1,3,3,4,5,4,3,3,3.08,181,193,FALSE
Female,Loyal Customer,46,Business Travel,Business,1568,1,1,1,1,2,4,4,5,5,5,5,5,4,3.31,45,42,TRUE
Male,Loyal Customer,37,Business Travel,Eco,844,4,4,4,4,4,4,4,4,2,5,5,3,4,3.92,13,6,TRUE
Female,Loyal Customer,43,Business Travel,Business,738,5,5,3,5,5,5,4,4,4,4,4,4,3,4.23,0,42,TRUE
Female,Disloyal Customer,39,Business Travel,Business,368,4,4,4,1,3,4,3,3,5,2,5,4,3,3.46,0,0,FALSE
Male,Loyal Customer,27,Personal Travel,Eco,859,3,5,3,2,1,3,1,1,3,5,5,5,1,2.92,0,1,FALSE
Male,Loyal Customer,57,Business Travel,Business,3611,5,5,5,5,3,4,5,5,5,5,5,4,5,4.69,0,4,TRUE
Female,Loyal Customer,37,Business Travel,Business,3766,0,4,0,1,3,5,5,1,1,1,1,3,5,2.31,80,80,TRUE
Male,Loyal Customer,36,Personal Travel,Eco,369,4,5,4,4,2,4,2,2,2,5,1,1,2,2.92,74,88,FALSE
Male,Loyal Customer,40,Personal Travel,Business,728,3,4,3,3,4,4,4,5,5,3,5,1,4,3.69,0,0,FALSE
Male,Loyal Customer,40,Business Travel,Eco,1626,4,1,1,1,4,4,4,4,5,2,4,5,4,3.31,0,23,TRUE
Male,Loyal Customer,41,Business Travel,Eco,1005,3,2,2,2,3,3,3,3,2,4,3,2,3,2.69,3,42,FALSE
Female,Loyal Customer,38,Business Travel,Business,288,3,2,2,2,5,4,3,3,3,3,3,1,3,2.85,0,10,FALSE
Female,Loyal Customer,35,Personal Travel,Eco,551,5,1,5,4,1,5,1,1,4,1,4,2,1,2.69,0,0,TRUE
Male,Loyal Customer,58,Business Travel,Business,1506,2,2,3,2,5,5,4,5,5,5,5,4,5,4,12,0,TRUE
Female,Loyal Customer,38,Business Travel,Eco Plus,397,4,2,2,2,4,4,4,4,3,4,4,3,4,3.38,56,77,TRUE
Female,Loyal Customer,69,Personal Travel,Eco Plus,954,3,5,3,5,2,4,5,5,5,3,5,3,5,4.08,0,0,FALSE
Female,Loyal Customer,38,Business Travel,Business,119,0,4,0,1,3,5,5,3,3,5,5,3,3,3.08,0,5,TRUE
Male,Loyal Customer,26,Business Travel,Business,1773,4,4,4,4,4,5,4,4,3,5,3,3,4,3.92,0,0,TRUE
Female,Loyal Customer,48,Business Travel,Business,3825,4,4,5,4,1,1,3,4,4,4,4,2,5,3.46,0,0,TRUE
Male,Disloyal Customer,21,Business Travel,Business,1416,5,4,5,2,5,5,5,5,4,4,4,3,5,4.31,0,0,TRUE
Male,Loyal Customer,55,Business Travel,Business,2987,2,2,3,2,3,3,4,4,4,4,4,4,1,3.08,70,53,TRUE
Female,Loyal Customer,42,Business Travel,Business,3399,1,1,1,1,3,4,4,4,4,4,4,5,4,3.08,27,22,TRUE
Male,Loyal Customer,25,Personal Travel,Eco,1846,3,3,2,2,4,2,4,4,3,1,4,5,4,3.15,11,0,FALSE
Male,Loyal Customer,68,Business Travel,Eco,2409,4,2,1,1,4,4,4,4,5,5,3,5,4,3.54,0,0,TRUE
Female,Loyal Customer,45,Business Travel,Eco,370,1,4,4,4,1,3,4,1,1,1,1,2,2,2.23,91,76,FALSE
Female,Disloyal Customer,27,Business Travel,Eco,782,1,1,1,3,5,1,5,5,4,3,2,4,5,3.08,8,21,FALSE
Male,Loyal Customer,52,Business Travel,Business,3830,1,1,2,1,4,5,5,5,5,4,5,3,5,3.54,0,0,TRUE
Female,Loyal Customer,54,Personal Travel,Eco,229,3,5,0,3,3,5,4,5,5,0,5,4,4,3.54,0,0,FALSE
Male,Disloyal Customer,17,Business Travel,Eco,337,2,1,2,4,3,2,3,3,1,3,3,2,3,2.46,30,23,FALSE
Female,Loyal Customer,56,Personal Travel,Eco,374,1,1,1,2,2,1,2,4,4,1,4,3,4,2.31,10,24,FALSE
Male,Disloyal Customer,27,Business Travel,Eco,813,3,3,3,3,2,3,2,2,1,5,3,3,2,2.69,17,15,FALSE
Male,Loyal Customer,25,Business Travel,Business,1050,2,4,2,2,2,2,2,2,2,5,5,1,2,2.54,0,0,TRUE
Male,Loyal Customer,54,Business Travel,Business,3106,4,4,4,4,3,4,4,5,5,5,5,3,4,4.15,0,0,TRUE
Male,Loyal Customer,67,Business Travel,Business,341,3,3,3,3,3,4,5,4,4,4,4,3,4,3.62,38,23,TRUE
Female,Loyal Customer,58,Personal Travel,Eco,926,2,4,2,5,2,4,4,3,3,2,4,4,5,3.38,0,0,FALSE
Female,Loyal Customer,61,Business Travel,Business,176,3,5,5,5,1,4,3,1,1,1,3,2,2,2.77,0,0,FALSE
Female,Loyal Customer,55,Personal Travel,Eco,447,3,5,3,3,3,5,4,4,4,3,4,3,4,3.69,0,0,FALSE
Male,Disloyal Customer,9,Business Travel,Eco,668,2,3,2,4,4,2,4,4,1,4,3,3,4,3.08,121,103,FALSE
Male,Disloyal Customer,37,Business Travel,Business,1123,3,3,3,3,5,3,5,5,5,3,5,3,5,3.92,5,0,FALSE
Male,Loyal Customer,72,Business Travel,Business,1824,4,4,4,4,4,3,5,5,5,5,5,5,4,4.38,0,0,TRUE
Female,Loyal Customer,15,Personal Travel,Eco,563,2,1,2,2,3,2,3,3,3,4,2,4,3,2.62,0,0,FALSE
Male,Loyal Customer,23,Business Travel,Business,1025,2,2,3,2,4,4,4,4,3,5,5,4,4,3.54,0,0,TRUE
Male,Disloyal Customer,24,Business Travel,Eco,2296,4,4,4,4,4,4,4,4,5,5,4,5,4,4.23,0,0,TRUE
Male,Loyal Customer,59,Business Travel,Business,3451,1,1,1,1,3,4,5,4,4,4,4,4,3,3,0,0,TRUE
Male,Loyal Customer,68,Personal Travel,Eco,602,4,4,4,3,3,4,3,3,2,1,3,2,3,3,13,14,FALSE
Female,Loyal Customer,56,Business Travel,Business,1846,1,1,1,1,5,3,5,5,5,4,5,4,5,3.46,40,27,TRUE
Male,Loyal Customer,68,Personal Travel,Eco,435,2,4,2,4,2,2,2,2,4,2,5,4,2,2.85,0,0,FALSE
Male,Loyal Customer,15,Personal Travel,Eco,524,1,4,1,3,4,1,1,4,5,3,4,5,4,3.08,11,32,FALSE
Female,Loyal Customer,11,Personal Travel,Eco Plus,328,4,5,4,4,3,4,3,3,2,2,5,4,3,3.54,0,0,TRUE
Female,Loyal Customer,8,Personal Travel,Eco,280,4,4,4,1,2,4,2,2,4,5,3,3,2,3.08,48,55,FALSE
Male,Loyal Customer,54,Personal Travel,Eco Plus,925,4,5,4,3,5,4,5,5,3,3,4,3,5,4.08,3,0,FALSE
Female,Loyal Customer,39,Business Travel,Eco,404,1,5,5,5,1,1,1,1,2,2,4,4,1,2.54,0,0,FALSE
Male,Loyal Customer,34,Business Travel,Business,391,3,3,3,3,1,4,1,4,4,4,4,1,4,3,75,67,TRUE
Male,Loyal Customer,60,Business Travel,Business,1723,2,2,2,2,3,4,4,2,2,2,2,1,4,2.46,0,0,FALSE
Male,Loyal Customer,63,Business Travel,Eco,356,1,1,1,1,1,1,1,1,4,2,2,2,1,1.46,66,76,FALSE
Female,Loyal Customer,50,Personal Travel,Eco,460,3,3,3,3,3,4,4,4,4,3,2,2,1,3,27,22,FALSE
Female,Disloyal Customer,26,Business Travel,Business,1217,3,4,4,2,2,4,5,2,5,4,5,5,2,3.62,0,0,FALSE
Male,Loyal Customer,47,Business Travel,Business,3175,0,0,0,1,2,4,5,4,4,2,2,5,5,2.62,0,100,TRUE
Female,Disloyal Customer,26,Business Travel,Business,173,5,0,5,3,2,5,2,2,3,2,5,5,2,3.15,51,57,TRUE
Female,Loyal Customer,33,Business Travel,Business,2213,0,1,1,5,2,5,3,3,3,3,3,1,5,2.69,0,0,TRUE
Male,Loyal Customer,33,Business Travel,Business,937,5,5,5,5,4,4,4,4,3,1,1,4,4,3.77,20,27,TRUE
Male,Loyal Customer,45,Business Travel,Business,3318,2,4,4,4,2,2,2,2,2,2,2,2,1,2.38,0,0,FALSE
Male,Loyal Customer,54,Business Travel,Eco,1048,2,3,3,3,2,2,2,2,3,4,4,3,2,2.69,0,0,FALSE
Female,Loyal Customer,59,Personal Travel,Eco,606,4,5,4,2,4,5,4,3,3,4,3,4,3,3.69,1,0,FALSE
Male,Loyal Customer,29,Personal Travel,Eco,746,1,5,1,1,1,1,1,1,3,2,4,4,1,2,0,0,FALSE
Female,Loyal Customer,27,Business Travel,Eco Plus,546,4,1,1,1,4,4,4,4,3,5,4,3,4,3.23,0,12,FALSE
Female,Loyal Customer,57,Personal Travel,Business,680,3,4,3,3,3,4,4,3,3,3,4,5,5,3.62,12,14,FALSE
Male,Loyal Customer,32,Personal Travel,Eco,1269,4,1,4,3,1,4,1,1,4,4,3,1,1,2.46,0,11,FALSE
Female,Loyal Customer,9,Personal Travel,Eco,192,3,4,0,3,3,0,3,3,3,4,4,5,3,2.92,3,8,FALSE
Female,Loyal Customer,49,Business Travel,Business,460,2,2,2,2,2,4,4,2,2,2,2,1,2,2.23,0,0,FALSE
Female,Loyal Customer,49,Personal Travel,Eco Plus,77,3,4,3,3,4,4,4,3,3,3,3,5,4,3.54,0,0,FALSE
Male,Loyal Customer,31,Personal Travel,Eco,550,1,3,1,3,3,1,1,3,3,4,3,4,3,2.54,0,0,FALSE
Male,Loyal Customer,36,Business Travel,Business,95,1,1,1,1,4,2,1,4,4,4,4,2,4,2.54,0,0,TRUE
Male,Disloyal Customer,32,Business Travel,Eco,422,3,4,3,4,2,3,5,2,1,2,3,4,2,2.92,0,0,FALSE
Male,Loyal Customer,30,Personal Travel,Eco,1205,2,1,2,3,5,2,5,5,2,2,3,2,5,3,20,16,FALSE
Female,Loyal Customer,31,Business Travel,Eco Plus,519,3,5,5,5,3,3,3,3,1,3,4,1,3,3.23,118,115,FALSE
Female,Loyal Customer,43,Business Travel,Business,476,1,1,4,1,5,5,5,2,5,1,5,5,5,3.46,262,279,TRUE
Female,Loyal Customer,43,Business Travel,Business,1916,2,2,2,2,2,4,4,4,4,4,4,5,5,3.38,17,0,TRUE
Male,Loyal Customer,70,Personal Travel,Eco,2072,2,5,2,3,3,2,4,3,3,3,5,4,3,3.23,0,0,FALSE
Female,Loyal Customer,18,Business Travel,Business,1590,4,4,4,4,5,5,5,5,5,3,4,5,5,4.46,0,0,TRUE
Male,Loyal Customer,57,Personal Travel,Business,1235,1,2,2,3,2,1,1,4,5,3,4,1,1,2.31,164,142,FALSE
Male,Loyal Customer,22,Business Travel,Business,2088,2,2,2,2,5,5,5,5,3,4,5,5,5,3.85,78,74,TRUE
Male,Disloyal Customer,39,Business Travel,Business,1315,1,1,1,4,1,1,1,1,4,4,4,5,1,2.23,0,0,FALSE
Female,Disloyal Customer,47,Business Travel,Eco,719,4,4,4,4,2,4,2,2,4,3,3,4,2,3.23,12,32,FALSE
Male,Disloyal Customer,56,Personal Travel,Eco,209,4,4,4,3,1,4,1,1,3,4,4,2,1,2.77,0,0,FALSE
Female,Loyal Customer,69,Personal Travel,Eco Plus,1288,1,4,1,2,3,4,5,2,2,1,2,4,4,2.69,32,24,FALSE
Male,Loyal Customer,49,Personal Travel,Eco,1076,2,4,2,2,3,2,3,3,5,4,3,4,3,3.08,0,0,FALSE
Female,Loyal Customer,33,Personal Travel,Eco,370,5,5,5,4,1,5,1,1,2,5,5,1,1,3.15,0,0,TRUE
Female,Disloyal Customer,17,Business Travel,Eco Plus,550,3,1,3,3,1,3,1,1,1,2,4,2,1,2,17,24,FALSE
Female,Loyal Customer,46,Business Travel,Eco,128,4,1,1,1,1,5,5,4,4,4,4,2,2,2.92,0,0,TRUE
Male,Loyal Customer,46,Business Travel,Business,651,4,4,5,4,2,5,5,3,3,4,3,4,3,3.77,8,8,TRUE
Female,Loyal Customer,23,Personal Travel,Eco Plus,612,3,4,3,3,3,3,2,3,1,5,2,5,3,3.08,0,0,FALSE
Male,Loyal Customer,34,Business Travel,Business,250,2,2,2,2,5,4,5,4,4,5,4,5,4,3.69,0,0,TRUE
Female,Disloyal Customer,26,Business Travel,Eco,102,2,3,2,2,1,2,1,1,3,3,3,1,1,1.92,0,0,FALSE
Male,Loyal Customer,14,Personal Travel,Eco,821,3,2,3,4,5,3,5,5,4,3,3,2,5,3.62,2,0,FALSE
Male,Disloyal Customer,26,Business Travel,Business,332,4,0,3,5,4,3,2,4,5,2,5,4,4,3.46,25,30,TRUE
Female,Loyal Customer,55,Personal Travel,Eco,721,3,4,3,1,3,1,5,5,5,3,5,5,2,3.46,7,20,FALSE
Female,Loyal Customer,28,Personal Travel,Eco,308,4,5,4,5,5,4,2,5,4,2,4,5,5,4.15,8,4,FALSE
Male,Loyal Customer,29,Personal Travel,Eco,1379,2,3,2,4,2,2,2,2,1,3,4,4,2,2.54,6,0,FALSE
Female,Disloyal Customer,30,Business Travel,Eco,1328,2,2,2,3,4,2,4,4,3,5,4,3,4,3.23,0,5,FALSE
Male,Loyal Customer,41,Business Travel,Eco,306,4,1,3,1,4,4,4,4,2,2,1,1,4,2.69,0,3,TRUE
Female,Loyal Customer,30,Business Travel,Eco,2248,5,1,1,1,5,5,5,5,5,1,3,3,5,3.46,0,0,TRUE
Female,Loyal Customer,26,Personal Travel,Eco,1089,3,2,3,4,3,3,4,3,2,4,3,3,3,3.08,0,11,FALSE
Male,Disloyal Customer,36,Business Travel,Eco,544,4,5,4,4,1,4,1,1,4,5,1,4,1,3,0,0,FALSE
Female,Loyal Customer,14,Personal Travel,Eco,925,3,4,3,4,1,3,1,1,4,1,1,2,1,2.23,29,11,FALSE
Female,Disloyal Customer,40,Business Travel,Business,101,2,2,2,3,4,2,4,4,5,1,3,4,4,3.08,0,0,FALSE
Female,Loyal Customer,39,Business Travel,Eco Plus,405,2,4,5,5,2,2,2,2,2,2,4,3,2,2.85,0,0,FALSE
Female,Loyal Customer,38,Personal Travel,Eco Plus,391,3,5,3,2,1,3,2,1,3,4,4,3,1,2.69,0,4,FALSE
Male,Loyal Customer,45,Business Travel,Eco,352,5,1,1,1,5,5,5,5,1,1,1,3,5,3,26,,TRUE
Male,Loyal Customer,44,Business Travel,Eco,337,3,5,2,5,3,3,3,3,3,2,3,2,3,3.08,0,11,FALSE
Female,Disloyal Customer,36,Personal Travel,Eco,359,2,4,2,4,2,2,2,2,2,1,4,4,2,2.54,32,25,FALSE
Male,Disloyal Customer,34,Business Travel,Business,236,3,3,3,2,5,3,5,5,4,2,5,4,5,3.77,0,3,FALSE
Female,Loyal Customer,29,Business Travel,Business,591,3,3,3,3,4,4,4,4,4,5,5,4,4,3.85,0,0,TRUE
Male,Loyal Customer,60,Business Travel,Business,3462,1,1,1,1,1,5,1,5,5,5,5,3,4,2.92,0,0,TRUE
Male,Loyal Customer,21,Business Travel,Business,1936,2,4,2,2,4,4,4,4,4,3,4,3,4,3.38,2,0,TRUE
Male,Loyal Customer,15,Personal Travel,Eco,302,2,4,2,3,2,2,2,2,5,5,4,5,2,3.08,1,5,FALSE
Female,Loyal Customer,19,Personal Travel,Eco,125,5,1,5,1,1,5,1,1,4,5,2,2,1,2.62,10,2,TRUE
Female,Loyal Customer,60,Business Travel,Business,304,4,4,4,4,5,4,5,5,5,5,5,3,5,4.46,0,0,TRUE
Male,Loyal Customer,15,Business Travel,Business,277,2,1,1,1,2,2,2,2,4,4,3,2,2,2.15,44,45,FALSE
Female,Loyal Customer,21,Personal Travel,Eco,2607,3,3,3,4,3,5,5,4,4,5,4,5,5,4.08,0,9,FALSE
Male,Loyal Customer,61,Personal Travel,Eco,1276,2,4,2,3,4,2,3,4,5,4,4,5,4,3.54,0,0,FALSE
Female,Loyal Customer,36,Personal Travel,Eco,77,2,4,0,3,4,0,4,4,3,4,5,4,4,3.15,101,86,FALSE
Female,Loyal Customer,44,Business Travel,Eco,569,3,4,4,4,2,3,3,3,3,3,3,1,2,2.92,0,0,FALSE
Female,Loyal Customer,45,Business Travel,Eco,387,3,2,1,2,5,5,2,3,3,3,3,2,4,2.92,12,18,TRUE
Female,Disloyal Customer,24,Business Travel,Business,1139,4,4,4,1,4,4,4,4,4,5,4,5,4,3.92,0,0,TRUE
Female,Loyal Customer,31,Business Travel,Business,1400,5,5,5,5,5,5,5,5,4,3,5,3,5,4.62,0,0,TRUE
Male,Loyal Customer,37,Personal Travel,Eco,271,1,3,1,4,2,1,2,2,1,4,5,3,2,2.38,0,0,FALSE
Female,Disloyal Customer,24,Business Travel,Eco,293,1,0,1,4,1,1,1,1,4,3,5,5,1,2.15,9,0,FALSE
Female,Loyal Customer,39,Business Travel,Business,316,2,5,5,5,2,3,3,2,2,2,2,2,1,2.77,40,39,FALSE
Male,Loyal Customer,16,Business Travel,Business,2218,4,4,4,4,5,4,5,5,3,4,3,3,5,4.08,0,0,TRUE
Male,Loyal Customer,37,Personal Travel,Eco,1671,1,4,1,3,4,1,4,4,1,1,4,4,4,2.77,0,4,FALSE
Male,Disloyal Customer,24,Business Travel,Eco,1086,5,4,4,4,5,4,1,5,4,5,4,3,5,4.08,0,0,TRUE
Female,Loyal Customer,54,Business Travel,Business,2170,1,1,1,1,3,4,4,5,5,5,5,5,5,3.46,0,0,TRUE
Female,Loyal Customer,60,Business Travel,Business,3367,5,5,5,5,3,5,5,5,5,4,5,5,4,4.69,0,0,TRUE
Female,Loyal Customer,70,Personal Travel,Eco,408,3,5,5,5,2,4,4,3,3,5,3,5,3,3.85,0,0,FALSE
Male,Loyal Customer,31,Business Travel,Business,3067,2,1,2,2,4,4,4,4,5,4,4,5,4,3.46,29,12,TRUE
Female,Loyal Customer,31,Business Travel,Business,2363,4,4,4,4,4,4,4,4,2,4,5,3,4,3.85,19,8,TRUE
Female,Loyal Customer,50,Business Travel,Business,2625,4,4,2,4,2,4,5,4,4,4,4,3,4,3.69,3,0,TRUE
Female,Disloyal Customer,30,Business Travel,Eco,861,4,4,4,3,5,4,5,5,2,1,3,3,5,3.69,2,15,FALSE
Male,Loyal Customer,14,Personal Travel,Eco,1046,2,4,2,1,1,2,1,1,3,4,5,2,1,2.23,0,0,FALSE
Female,Disloyal Customer,37,Business Travel,Business,325,2,2,2,2,4,2,3,4,5,4,4,5,4,3.31,20,7,TRUE
Female,Loyal Customer,65,Personal Travel,Eco,187,3,2,3,2,5,3,3,5,5,3,5,4,1,3.38,3,0,FALSE
Female,Disloyal Customer,34,Business Travel,Business,641,1,2,2,3,5,2,1,5,3,4,4,3,5,3.08,4,0,FALSE
Female,Loyal Customer,59,Personal Travel,Eco,1739,2,5,2,1,4,4,5,1,1,2,1,3,5,2.77,1,0,FALSE
Male,Loyal Customer,30,Personal Travel,Eco,1464,3,4,3,5,3,3,3,3,5,5,5,4,3,3.77,0,0,FALSE
Male,Loyal Customer,38,Business Travel,Business,575,1,4,1,4,4,3,3,1,1,1,1,3,1,2.15,0,0,FALSE
Female,Loyal Customer,60,Business Travel,Business,2193,3,3,3,3,5,4,5,4,4,4,4,3,4,3.77,7,0,TRUE
Male,Loyal Customer,58,Business Travel,Business,3432,4,1,4,4,2,5,5,4,4,4,4,4,4,3.77,0,0,TRUE
Female,Loyal Customer,57,Personal Travel,Eco Plus,1346,2,5,2,3,2,3,5,5,5,2,5,5,4,3.69,0,0,FALSE
Female,Disloyal Customer,28,Business Travel,Business,999,1,1,1,3,2,1,4,2,4,3,3,2,2,2.23,0,0,FALSE
Male,Loyal Customer,44,Business Travel,Business,2593,2,3,3,3,1,3,2,2,2,3,2,2,4,2.46,58,95,FALSE
Female,Loyal Customer,24,Business Travel,Eco,328,5,5,5,5,5,4,4,5,3,5,4,4,5,4.54,17,5,FALSE
Male,Loyal Customer,34,Business Travel,Business,351,4,4,4,4,3,5,5,4,4,4,4,5,4,4.15,37,31,TRUE
Male,Loyal Customer,45,Business Travel,Business,449,3,3,3,3,2,5,4,4,4,4,4,3,5,3.62,0,0,TRUE
Male,Loyal Customer,8,Personal Travel,Eco,1943,2,3,2,4,4,2,4,4,2,2,4,3,4,3.08,0,0,FALSE
Female,Loyal Customer,58,Personal Travel,Eco,602,2,1,2,2,5,1,2,3,3,2,3,1,4,2.38,0,0,FALSE
Female,Loyal Customer,44,Business Travel,Business,373,4,4,4,4,3,4,4,3,3,4,3,5,3,3.69,0,0,TRUE
Male,Loyal Customer,35,Personal Travel,Eco Plus,347,3,4,2,3,1,2,1,1,3,3,2,2,1,2.15,0,0,FALSE
Male,Disloyal Customer,44,Business Travel,Eco,237,3,1,3,2,4,3,4,4,3,3,3,1,4,2.92,0,6,FALSE
Male,Loyal Customer,54,Business Travel,Business,1620,2,2,2,2,5,4,4,5,5,5,5,3,4,3.69,0,0,TRUE
Male,Loyal Customer,51,Personal Travel,Eco Plus,1947,1,4,0,1,5,0,1,5,4,2,3,3,5,2.62,11,0,FALSE
Female,Loyal Customer,49,Business Travel,Business,1986,2,1,1,1,4,4,3,3,3,3,2,2,3,2.46,0,3,FALSE
Male,Loyal Customer,25,Personal Travel,Eco,533,3,4,3,5,1,3,1,1,3,5,4,5,1,3,68,43,FALSE
Female,Loyal Customer,47,Business Travel,Business,2326,1,5,5,5,3,2,2,1,1,1,1,4,1,2.46,0,0,FALSE
Female,Loyal Customer,60,Business Travel,Business,2722,1,1,1,1,4,4,5,5,5,5,5,5,5,3.62,15,0,TRUE
Male,Loyal Customer,59,Business Travel,Business,1635,5,1,5,5,4,4,5,4,4,4,4,5,4,4.15,0,0,TRUE
Male,Loyal Customer,8,Personal Travel,Eco,333,2,5,5,3,4,5,4,4,3,4,4,4,4,3.92,11,0,FALSE
Male,Disloyal Customer,35,Business Travel,Eco,1400,3,3,3,2,1,3,1,1,4,5,2,3,1,2.46,0,0,FALSE
Female,Loyal Customer,45,Business Travel,Business,563,2,4,4,4,5,2,1,2,2,2,2,2,2,2.62,4,6,FALSE
Female,Loyal Customer,29,Business Travel,Business,3873,3,3,3,3,3,3,3,3,3,4,4,4,3,3.23,19,,FALSE
Male,Loyal Customer,16,Personal Travel,Eco,196,3,4,0,4,4,0,4,4,1,1,3,4,4,2.77,0,0,FALSE
Male,Loyal Customer,7,Personal Travel,Eco Plus,1587,3,4,3,2,5,3,3,5,4,2,5,4,5,3.69,0,8,FALSE
Male,Loyal Customer,24,Personal Travel,Eco,1197,2,5,2,2,2,2,2,2,5,4,4,4,2,2.92,0,5,FALSE
Male,Loyal Customer,55,Business Travel,Eco Plus,594,1,4,4,4,1,1,1,1,4,5,2,2,1,2.38,16,13,FALSE
Male,Loyal Customer,57,Business Travel,Business,3319,1,1,1,1,2,4,5,4,4,4,4,5,4,3.08,13,53,TRUE
Male,Loyal Customer,72,Business Travel,Business,3557,4,4,4,4,3,5,4,4,4,4,4,5,4,4.08,0,0,TRUE
Male,Loyal Customer,39,Personal Travel,Eco,1431,1,5,1,1,2,1,5,2,3,4,3,3,2,2.54,48,50,FALSE
Male,Loyal Customer,51,Business Travel,Business,606,5,5,5,5,5,5,4,3,3,4,3,3,3,4.08,0,0,TRUE
Male,Loyal Customer,50,Personal Travel,Eco,731,2,2,2,3,1,2,1,1,1,1,3,2,1,1.69,3,0,FALSE
Female,Disloyal Customer,8,Business Travel,Eco,1262,3,3,3,1,1,3,1,1,4,5,5,3,1,2.62,0,0,FALSE
Male,Loyal Customer,69,Personal Travel,Eco,892,2,5,2,2,1,2,1,1,4,2,5,4,1,2.46,0,1,FALSE
Female,Loyal Customer,25,Business Travel,Eco,588,4,3,3,3,4,4,3,4,2,3,1,1,4,3,0,0,TRUE
Female,Loyal Customer,37,Business Travel,Business,1562,1,1,1,1,2,4,4,5,5,5,5,4,5,3.31,0,0,TRUE
Female,Disloyal Customer,41,Business Travel,Business,1192,2,2,2,3,3,2,2,3,3,3,5,5,3,2.92,0,0,FALSE
Female,Loyal Customer,44,Personal Travel,Eco,265,1,2,1,3,4,3,4,2,2,1,2,4,4,2.54,0,0,FALSE
Male,Loyal Customer,48,Business Travel,Business,2565,2,2,2,2,5,3,4,3,3,3,3,3,4,3,0,0,TRUE
Male,Loyal Customer,35,Business Travel,Business,674,2,2,2,2,2,5,5,5,5,5,5,5,5,3.85,0,0,TRUE
Male,Loyal Customer,66,Personal Travel,Eco,235,5,5,5,4,1,5,1,1,3,3,5,3,1,3.23,0,0,TRUE
Male,Loyal Customer,53,Personal Travel,Business,1931,2,5,3,2,3,3,4,4,4,3,4,4,5,3.54,0,0,FALSE
Female,Loyal Customer,57,Business Travel,Business,307,0,0,0,5,4,4,5,3,3,3,3,3,5,2.92,25,22,TRUE
Female,Loyal Customer,32,Business Travel,Business,3527,4,4,4,4,4,4,4,4,3,2,1,2,4,3.38,0,0,TRUE
Female,Disloyal Customer,27,Business Travel,Business,192,0,0,0,2,5,0,5,5,4,3,5,5,5,3,4,4,TRUE
Male,Loyal Customer,32,Business Travel,Business,816,3,3,3,3,4,3,4,4,5,5,4,5,4,3.85,59,44,TRUE
Male,Loyal Customer,43,Business Travel,Business,919,3,3,3,3,5,4,4,3,3,3,3,4,5,3.54,0,0,TRUE
Female,Loyal Customer,55,Business Travel,Business,304,1,1,1,1,2,4,4,5,5,5,5,3,5,3.23,0,0,TRUE
Male,Loyal Customer,31,Personal Travel,Business,1276,3,5,3,2,1,3,1,1,3,3,3,5,1,2.62,0,0,FALSE
Male,Loyal Customer,35,Personal Travel,Eco,260,3,3,3,3,2,3,2,2,1,3,3,4,2,2.62,0,0,FALSE
Female,Loyal Customer,48,Business Travel,Business,448,4,4,2,4,1,2,2,4,4,4,4,5,3,3.31,0,0,TRUE
Male,Disloyal Customer,16,Business Travel,Eco,446,2,4,2,3,3,2,3,3,2,1,3,4,3,2.69,88,89,FALSE
Male,Disloyal Customer,23,Business Travel,Eco,532,2,2,2,3,4,2,4,4,3,5,4,4,4,3.31,0,0,FALSE
Male,Loyal Customer,43,Business Travel,Business,2652,3,3,3,3,2,5,4,3,3,3,3,4,3,3.23,1,2,TRUE
Male,Loyal Customer,52,Business Travel,Eco,1671,2,1,1,1,2,2,2,2,2,4,4,3,2,2.15,0,11,FALSE
Female,Loyal Customer,69,Personal Travel,Eco Plus,283,4,4,4,3,4,5,4,5,5,4,5,3,3,4.08,20,2,TRUE
Female,Loyal Customer,23,Personal Travel,Eco,369,3,5,3,5,3,3,3,3,5,2,5,5,3,3.69,100,122,FALSE
Male,Loyal Customer,27,Business Travel,Business,2686,4,4,4,4,4,5,4,4,5,1,2,3,4,3.69,0,0,TRUE
Female,Loyal Customer,23,Personal Travel,Eco,236,1,5,1,5,5,1,5,5,5,5,4,5,5,4,0,0,FALSE
Male,Loyal Customer,28,Business Travel,Business,1728,1,1,1,1,5,4,5,5,5,2,5,5,5,3.46,0,0,TRUE
Male,Disloyal Customer,64,Business Travel,Eco Plus,1379,3,2,2,2,1,3,1,1,4,1,2,4,1,2.08,0,9,FALSE
Male,Loyal Customer,23,Personal Travel,Eco,129,3,4,3,4,3,1,2,2,2,3,3,2,2,2.62,226,244,FALSE
Female,Loyal Customer,37,Business Travel,Business,362,2,3,2,2,3,4,4,4,4,4,4,4,3,3.31,9,3,TRUE
Female,Loyal Customer,36,Business Travel,Eco,965,5,1,1,1,5,5,5,5,4,2,5,1,5,3.46,92,90,TRUE
Male,Loyal Customer,12,Personal Travel,Eco Plus,954,2,0,2,4,4,2,4,4,2,2,1,5,4,2.77,8,0,FALSE
Female,Loyal Customer,22,Personal Travel,Eco,448,2,4,2,1,2,3,5,3,5,5,5,5,5,3.62,243,220,FALSE
Female,Loyal Customer,44,Business Travel,Business,1782,5,5,5,5,3,4,2,5,5,5,4,2,2,4,0,0,TRUE
Male,Loyal Customer,26,Personal Travel,Eco,966,5,1,5,3,1,5,1,1,1,4,2,3,1,2.54,56,51,TRUE
Female,Disloyal Customer,25,Business Travel,Eco Plus,1431,2,4,2,4,1,2,1,1,4,3,3,2,1,2.31,0,6,FALSE
Female,Loyal Customer,65,Personal Travel,Eco,954,1,5,1,3,2,4,4,2,2,1,5,4,5,3,8,0,FALSE
Female,Disloyal Customer,39,Business Travel,Eco,365,3,0,3,3,4,3,4,4,2,5,1,2,4,2.92,0,0,FALSE
Female,Loyal Customer,38,Business Travel,Eco,191,3,1,1,1,3,4,3,3,4,2,5,2,3,2.69,0,0,TRUE
Male,Loyal Customer,15,Business Travel,Eco Plus,316,2,3,2,2,2,2,4,2,3,1,4,1,2,2.31,0,0,FALSE
Female,Loyal Customer,18,Personal Travel,Eco,861,2,5,2,3,1,2,1,1,4,4,4,3,1,2.54,24,52,FALSE
Male,Loyal Customer,25,Business Travel,Eco,496,1,3,3,3,1,2,4,1,2,3,4,3,1,2.38,3,0,FALSE
Male,Loyal Customer,51,Business Travel,Eco,315,1,1,1,1,1,1,1,1,1,2,3,3,1,1.38,26,18,FALSE
Female,Disloyal Customer,36,Business Travel,Eco,903,1,1,1,2,5,1,5,5,3,5,5,1,5,3.08,0,0,FALSE
Female,Disloyal Customer,25,Business Travel,Business,247,4,0,4,3,1,4,1,1,3,2,5,4,1,2.54,0,0,TRUE
Female,Loyal Customer,47,Business Travel,Eco,237,5,3,3,3,4,4,2,5,5,5,5,5,2,3.92,3,1,TRUE
Female,Loyal Customer,39,Personal Travel,Eco,226,1,5,1,3,2,1,2,2,5,4,5,3,2,2.77,0,0,FALSE
Female,Disloyal Customer,12,Business Travel,Eco,1017,3,3,3,3,5,3,5,5,2,1,4,3,5,3.46,0,0,FALSE
Female,Loyal Customer,62,Personal Travel,Eco,594,1,2,1,1,1,1,1,4,4,1,4,4,3,2.15,0,0,FALSE
Female,Loyal Customer,61,Business Travel,Business,1334,2,2,2,2,2,4,4,4,4,4,4,3,3,3.08,0,0,TRUE
Female,Loyal Customer,39,Business Travel,Business,1585,1,1,1,1,5,5,4,5,5,5,5,3,3,3.38,0,0,TRUE
Male,Disloyal Customer,17,Business Travel,Eco Plus,853,5,0,5,1,2,5,5,2,5,5,4,4,2,3.46,0,0,TRUE
Male,Loyal Customer,23,Personal Travel,Eco,191,2,4,2,1,5,2,5,5,1,5,1,2,5,3.08,11,28,FALSE
Male,Loyal Customer,56,Business Travel,Business,460,1,1,1,1,4,5,4,5,5,5,5,4,4,3.46,2,0,TRUE
Female,Disloyal Customer,19,Business Travel,Eco,216,4,2,4,3,5,4,5,5,2,1,4,3,5,3.62,0,0,FALSE
Female,Loyal Customer,31,Personal Travel,Eco Plus,2153,3,4,3,1,3,3,3,3,3,2,5,3,3,3,19,0,FALSE
Female,Disloyal Customer,11,Business Travel,Eco,674,2,2,2,3,2,2,2,2,1,4,3,2,2,2.23,4,18,FALSE
Female,Loyal Customer,7,Personal Travel,Eco Plus,1129,2,2,3,4,1,3,1,1,4,4,4,1,1,2.38,61,50,FALSE
Female,Loyal Customer,38,Business Travel,Eco,907,4,4,4,4,4,4,4,4,2,5,1,2,4,3.54,0,0,TRUE
Female,Loyal Customer,47,Personal Travel,Eco,1075,1,5,1,3,3,5,4,2,2,1,2,3,4,2.77,0,0,FALSE
Male,Loyal Customer,42,Personal Travel,Eco,1192,3,4,3,3,1,3,1,1,5,4,4,5,1,2.92,0,2,FALSE
Female,Loyal Customer,71,Business Travel,Business,2710,1,1,1,1,5,3,3,1,1,1,1,2,3,1.85,7,1,FALSE
Male,Loyal Customer,58,Business Travel,Eco,2402,4,2,2,2,4,4,4,4,5,5,5,2,4,3.62,0,0,TRUE
Male,Loyal Customer,57,Business Travel,Business,2078,2,2,2,2,2,4,5,5,5,5,5,4,3,3.54,0,0,TRUE
Female,Loyal Customer,40,Business Travel,Business,3368,1,1,1,1,3,4,4,5,5,5,5,5,3,3.31,0,0,TRUE
Female,Disloyal Customer,27,Business Travel,Eco,329,3,1,3,4,1,3,1,1,2,5,3,4,1,2.46,0,10,FALSE
Male,Loyal Customer,18,Personal Travel,Eco Plus,469,1,5,1,4,4,1,4,4,5,4,5,4,4,3.54,99,86,FALSE
Male,Loyal Customer,44,Business Travel,Business,3129,3,3,3,3,4,5,4,5,5,5,5,3,5,4.08,0,0,TRUE
Male,Disloyal Customer,26,Business Travel,Business,510,4,4,4,3,4,4,2,4,4,3,5,5,4,3.85,14,0,TRUE
Male,Disloyal Customer,25,Business Travel,Eco,1213,3,3,3,2,1,3,4,1,4,2,4,3,1,2.62,0,0,FALSE
Female,Disloyal Customer,54,Business Travel,Eco,591,3,1,3,4,5,3,5,5,2,3,3,1,5,3.31,1,16,FALSE
Female,Loyal Customer,59,Business Travel,Business,226,4,4,4,4,3,5,4,4,4,4,4,3,4,3.92,2,0,TRUE
Female,Loyal Customer,58,Business Travel,Business,3759,2,2,4,2,5,5,5,4,4,4,4,3,4,3.69,0,0,TRUE
Female,Loyal Customer,18,Personal Travel,Eco Plus,223,3,4,3,3,3,3,3,3,1,2,3,2,3,2.77,52,67,FALSE
Male,Loyal Customer,39,Business Travel,Business,2982,1,1,1,1,2,4,5,3,3,2,3,5,4,2.69,0,0,TRUE
Male,Loyal Customer,39,Business Travel,Business,315,1,1,4,1,4,4,4,4,4,4,4,3,3,3.15,17,31,TRUE
Female,Loyal Customer,20,Personal Travel,Eco,763,3,4,2,1,2,2,2,2,5,3,4,3,2,2.69,44,28,FALSE
Female,Loyal Customer,47,Business Travel,Business,3901,2,2,2,2,2,5,4,5,5,5,5,5,3,3.62,0,0,TRUE
Female,Loyal Customer,54,Personal Travel,Eco Plus,362,3,5,3,3,2,4,5,3,3,3,5,4,5,3.69,29,23,FALSE
Female,Loyal Customer,45,Business Travel,Business,3288,2,2,2,2,5,4,5,5,5,5,5,4,5,3.92,0,0,TRUE
Male,Loyal Customer,43,Business Travel,Business,812,1,1,1,1,3,5,5,4,4,4,4,3,5,3.15,0,0,TRUE
Female,Disloyal Customer,40,Business Travel,Business,745,3,3,3,4,3,3,3,4,3,5,5,3,3,3.46,213,198,FALSE
Male,Loyal Customer,9,Personal Travel,Eco,1608,3,5,3,2,4,3,4,4,4,4,3,4,4,3.62,13,0,FALSE
Male,Loyal Customer,27,Personal Travel,Eco,201,2,1,2,2,4,2,4,4,2,4,3,4,4,2.92,3,2,FALSE
Female,Loyal Customer,55,Business Travel,Business,3180,4,5,4,4,4,5,5,5,5,5,5,3,4,4.46,0,0,TRUE
Female,Loyal Customer,65,Business Travel,Business,325,2,4,4,4,1,4,3,2,2,2,2,1,2,2.54,85,66,FALSE
Female,Loyal Customer,21,Personal Travel,Eco,916,1,5,2,4,2,2,3,2,4,2,4,1,2,2.62,0,5,FALSE
Female,Loyal Customer,51,Business Travel,Business,447,2,3,3,3,3,3,3,2,2,2,2,1,3,2.46,12,0,FALSE
Female,Loyal Customer,45,Business Travel,Business,2546,2,2,2,2,2,5,4,4,4,4,4,4,4,3.31,0,0,TRUE
Male,Disloyal Customer,25,Business Travel,Business,606,0,0,0,1,1,0,1,1,4,3,4,5,1,1.62,1,0,TRUE
Female,Disloyal Customer,17,Business Travel,Business,1464,4,5,4,4,2,4,3,2,4,4,4,3,2,3.46,0,0,TRUE
Male,Loyal Customer,63,Personal Travel,Eco,799,3,3,3,4,3,3,3,3,4,5,3,2,3,3.23,0,0,FALSE
Female,Loyal Customer,9,Personal Travel,Eco,414,5,4,5,3,2,5,2,2,4,5,4,3,2,3.54,0,0,TRUE
Male,Disloyal Customer,28,Business Travel,Business,1091,1,1,1,4,3,1,3,3,2,2,4,3,3,2.38,0,3,FALSE
Female,Loyal Customer,37,Personal Travel,Eco Plus,200,3,4,3,3,3,3,3,3,1,5,4,3,3,3.15,26,23,FALSE
Female,Loyal Customer,42,Business Travel,Business,2333,3,3,3,3,5,3,1,5,5,5,5,2,3,3.54,0,0,TRUE
Male,Loyal Customer,29,Business Travel,Business,2248,3,3,3,3,4,4,4,4,1,1,4,4,4,3.23,0,0,TRUE
Male,Loyal Customer,35,Business Travel,Business,2865,1,1,3,3,5,3,3,1,1,1,1,4,1,2.15,16,13,FALSE
Male,Loyal Customer,56,Business Travel,Eco,776,2,2,2,2,2,2,2,2,4,5,3,1,2,2.38,0,0,FALSE
Male,Disloyal Customer,35,Business Travel,Eco,209,2,0,2,3,2,2,2,2,3,1,1,1,2,1.77,0,0,FALSE
Female,Loyal Customer,35,Personal Travel,Eco,2106,2,1,2,2,4,2,1,4,4,1,3,4,4,2.62,0,0,FALSE
Female,Loyal Customer,50,Personal Travel,Eco,240,4,4,4,3,5,4,4,5,5,4,5,4,3,4.15,0,0,FALSE
Female,Loyal Customer,15,Personal Travel,Eco,817,3,3,3,4,3,3,2,3,2,4,3,4,3,3.08,0,0,FALSE
Female,Disloyal Customer,20,Business Travel,Eco,216,4,0,4,2,2,4,2,2,3,4,3,1,2,2.54,15,19,TRUE
Female,Loyal Customer,52,Business Travel,Business,297,0,0,0,2,2,5,4,5,5,5,5,4,5,3.23,0,0,TRUE
Female,Loyal Customer,57,Personal Travel,Eco,1005,0,4,0,3,5,4,5,5,5,0,5,4,3,3.31,0,6,TRUE
Male,Loyal Customer,15,Personal Travel,Eco,1598,1,5,1,2,5,1,5,5,3,3,5,3,5,3.38,11,26,FALSE
Male,Loyal Customer,29,Personal Travel,Eco,1013,3,3,3,4,5,3,5,5,4,3,4,1,5,3.69,0,17,FALSE
Female,Loyal Customer,19,Personal Travel,Eco,2475,1,2,1,4,5,1,5,5,3,2,4,1,5,3,0,5,FALSE
Male,Loyal Customer,57,Business Travel,Business,929,1,1,1,1,3,5,5,4,4,4,4,5,5,3.31,0,0,TRUE
Male,Loyal Customer,39,Business Travel,Business,3476,3,2,2,2,5,3,2,3,3,3,3,1,3,2.69,0,0,FALSE
Male,Loyal Customer,66,Personal Travel,Eco,577,1,4,1,3,5,1,5,5,3,2,4,4,5,3.31,50,42,FALSE
Male,Loyal Customer,28,Business Travel,Business,712,1,1,1,1,3,4,3,3,3,2,4,5,3,2.62,0,2,TRUE
Male,Loyal Customer,16,Personal Travel,Eco,862,1,5,1,3,1,1,1,1,3,2,5,3,1,2.15,0,0,FALSE
Male,Loyal Customer,63,Personal Travel,Eco,536,4,4,4,1,4,4,4,4,4,4,5,5,4,3.92,0,0,FALSE
Female,Loyal Customer,46,Personal Travel,Eco Plus,1620,2,5,2,1,2,4,1,4,4,2,4,4,4,3,51,50,FALSE
Male,Loyal Customer,59,Business Travel,Business,386,2,2,2,2,4,4,5,5,5,5,5,5,5,3.92,0,0,TRUE
Male,Loyal Customer,46,Business Travel,Business,2521,3,3,4,3,4,4,4,4,2,3,4,4,4,3.54,0,14,TRUE
Male,Loyal Customer,28,Business Travel,Business,625,5,5,5,5,5,5,5,5,2,1,1,3,5,4,21,9,TRUE
Female,Loyal Customer,46,Business Travel,Business,2058,2,2,2,2,4,2,3,2,2,2,2,4,2,2.38,0,6,FALSE
Male,Disloyal Customer,34,Business Travel,Eco,369,3,0,4,2,3,4,3,3,3,4,3,1,3,2.77,0,0,FALSE
Female,Disloyal Customer,26,Business Travel,Eco,280,3,3,3,2,5,3,4,5,2,2,3,3,5,3.31,0,40,FALSE
Female,Disloyal Customer,27,Business Travel,Business,366,3,4,4,1,1,4,1,1,4,3,5,4,1,2.77,0,0,FALSE
Female,Loyal Customer,66,Business Travel,Business,650,2,4,4,4,1,4,3,2,2,2,2,2,2,2.62,0,3,FALSE
Female,Loyal Customer,25,Business Travel,Eco,501,4,2,4,2,4,4,1,4,1,3,3,1,4,2.85,57,51,FALSE
Male,Loyal Customer,31,Personal Travel,Eco,600,3,4,3,4,3,3,3,3,2,5,3,4,3,3.31,0,0,FALSE
Male,Disloyal Customer,22,Business Travel,Eco,1004,4,4,4,3,2,4,2,2,4,5,4,5,2,3.46,0,0,TRUE
Male,Loyal Customer,55,Business Travel,Eco,641,4,5,4,5,4,4,4,4,1,2,1,4,4,3.54,0,0,TRUE
Female,Loyal Customer,21,Personal Travel,Eco,228,3,1,3,3,4,3,4,4,3,2,3,4,4,3.15,17,20,FALSE
Male,Loyal Customer,23,Personal Travel,Eco,354,2,3,2,1,2,2,4,2,4,3,2,4,2,2.54,25,16,FALSE
Female,Loyal Customer,43,Business Travel,Business,1618,4,4,4,4,4,5,5,4,4,4,4,4,5,4.23,0,0,TRUE
Female,Loyal Customer,72,Business Travel,Eco Plus,1660,1,3,3,3,4,3,4,1,1,1,1,3,3,2.38,12,13,FALSE
Male,Loyal Customer,48,Business Travel,Business,319,2,2,5,2,3,5,4,5,5,4,5,4,5,3.92,0,0,TRUE
Male,Disloyal Customer,39,Business Travel,Business,328,2,2,2,2,3,2,3,3,4,4,4,5,3,3,8,1,FALSE
Male,Loyal Customer,35,Business Travel,Business,1379,1,3,3,3,4,3,4,1,1,1,1,1,1,2.08,6,0,FALSE
Female,Loyal Customer,35,Business Travel,Eco,818,5,5,2,2,5,5,5,5,5,5,4,2,5,4.23,0,0,TRUE
Male,Loyal Customer,44,Business Travel,Eco,550,3,2,2,2,4,3,4,4,3,3,4,2,4,3.08,23,21,FALSE
Female,Loyal Customer,57,Personal Travel,Business,297,3,5,3,3,5,5,5,3,3,3,3,5,3,3.77,0,0,FALSE
Male,Loyal Customer,42,Business Travel,Business,1795,4,4,4,4,4,5,5,5,5,5,5,4,4,4.46,0,0,TRUE
Male,Loyal Customer,53,Business Travel,Business,2869,4,4,4,4,5,5,5,3,3,3,3,3,4,3.85,14,0,TRUE
Female,Loyal Customer,7,Personal Travel,Eco,650,1,4,1,5,2,1,2,2,2,1,3,2,2,2.15,0,0,FALSE
Male,Loyal Customer,36,Personal Travel,Eco,108,2,1,2,2,4,2,4,4,2,4,3,4,4,2.92,0,0,FALSE
Female,Loyal Customer,51,Business Travel,Business,1574,2,2,2,2,2,4,5,5,5,5,5,5,5,3.77,0,21,TRUE
Male,Loyal Customer,19,Personal Travel,Eco,421,3,4,2,1,1,2,1,1,3,1,2,1,1,1.77,0,0,FALSE
Male,Disloyal Customer,32,Business Travel,Business,259,2,3,3,3,4,3,1,4,3,2,4,3,4,3,1,14,FALSE
Female,Loyal Customer,44,Personal Travel,Business,468,4,3,4,1,5,5,3,5,5,4,3,1,4,3.62,0,0,TRUE
Male,Loyal Customer,48,Personal Travel,Eco,577,4,4,4,3,1,4,1,1,4,4,4,4,1,3,4,0,TRUE
Male,Loyal Customer,30,Personal Travel,Eco,116,4,2,0,2,2,0,2,2,4,1,3,4,2,2.15,0,0,TRUE
Male,Loyal Customer,36,Personal Travel,Business,812,3,2,3,2,5,2,3,4,4,3,4,3,4,3.23,0,0,FALSE
Female,Loyal Customer,55,Business Travel,Business,405,5,5,5,5,4,4,5,4,4,4,4,5,3,4.38,0,0,TRUE
Female,Loyal Customer,66,Business Travel,Eco,645,3,3,3,3,4,4,5,3,3,3,3,4,4,3.46,0,0,TRUE
Female,Loyal Customer,54,Business Travel,Business,3639,0,5,0,5,2,1,2,5,5,5,5,1,3,3,0,16,TRUE
Female,Loyal Customer,52,Business Travel,Business,1530,2,2,2,2,3,5,4,5,5,5,5,5,3,3.69,0,0,TRUE
Male,Loyal Customer,44,Personal Travel,Eco,356,5,5,5,4,2,5,2,2,4,3,4,4,2,3.62,0,0,TRUE
Female,Loyal Customer,50,Business Travel,Business,67,4,4,4,4,4,5,5,5,5,5,4,4,4,4.38,0,0,TRUE
Female,Loyal Customer,31,Business Travel,Business,3507,5,5,5,5,5,5,5,5,3,5,4,3,5,4.62,11,0,TRUE
Male,Loyal Customer,48,Business Travel,Business,1857,3,3,3,3,3,4,4,5,5,5,5,4,4,3.92,0,0,TRUE
Male,Disloyal Customer,38,Business Travel,Business,759,3,3,3,1,4,3,4,4,3,3,5,5,4,3.46,0,,TRUE
Male,Loyal Customer,41,Business Travel,Business,2797,1,1,1,1,4,4,4,2,1,4,4,4,4,2.69,8,0,TRUE
Male,Loyal Customer,32,Business Travel,Eco Plus,1947,1,4,1,1,1,1,1,1,3,1,4,3,1,1.77,0,0,FALSE
Male,Loyal Customer,65,Personal Travel,Eco,1299,3,4,3,1,2,3,2,2,4,3,3,5,2,2.85,0,0,FALSE
Female,Disloyal Customer,35,Business Travel,Business,663,3,3,3,3,4,3,4,4,3,2,4,4,4,3.38,15,5,FALSE
Male,Disloyal Customer,32,Business Travel,Eco,550,4,1,4,3,1,4,1,1,1,2,3,3,1,2.23,0,0,FALSE
Male,Loyal Customer,71,Business Travel,Business,404,4,4,4,4,4,3,4,4,4,4,4,4,1,3.69,6,1,FALSE
Male,Disloyal Customer,50,Business Travel,Business,429,4,4,4,4,3,4,3,3,4,5,5,4,3,3.85,120,131,TRUE
Male,Loyal Customer,49,Personal Travel,Eco,954,2,5,2,2,3,2,3,3,3,4,4,4,3,3.08,0,0,FALSE
Female,Loyal Customer,18,Business Travel,Business,589,2,1,1,1,2,3,2,2,3,4,4,4,2,2.38,78,101,FALSE
Male,Loyal Customer,52,Business Travel,Eco,86,1,5,5,5,2,1,2,2,2,5,3,4,2,3,117,112,FALSE
Female,Loyal Customer,34,Personal Travel,Eco,250,2,4,2,3,4,2,1,4,4,4,5,5,4,3.38,87,66,FALSE
Female,Disloyal Customer,42,Business Travel,Eco,1082,4,4,4,3,1,4,1,1,4,5,3,2,1,2.85,0,0,FALSE
Female,Loyal Customer,30,Business Travel,Eco Plus,1565,0,0,0,1,1,0,1,1,5,1,5,1,1,1.31,11,30,TRUE
Male,Loyal Customer,39,Business Travel,Business,1714,1,2,1,1,5,4,5,4,4,5,4,2,3,3.15,0,0,TRUE
Male,Loyal Customer,18,Personal Travel,Eco,647,4,5,4,2,5,4,5,5,1,2,3,5,5,3.85,3,0,FALSE
Female,Disloyal Customer,57,Business Travel,Eco Plus,1371,2,2,2,4,1,2,1,1,3,3,3,4,1,2.23,2,1,FALSE
Female,Loyal Customer,41,Business Travel,Business,251,4,4,4,4,4,5,4,4,4,4,4,3,3,3.92,21,16,TRUE
Male,Loyal Customer,49,Personal Travel,Eco,731,4,3,5,3,3,5,3,3,5,2,4,1,3,3.38,0,0,TRUE
Female,Disloyal Customer,25,Business Travel,Business,369,3,0,2,4,3,2,3,3,4,5,5,3,3,3.08,1,0,FALSE
Female,Loyal Customer,38,Business Travel,Eco Plus,803,3,2,2,2,3,3,3,3,1,5,4,5,3,3,15,0,TRUE
Female,Loyal Customer,55,Business Travel,Business,340,1,1,1,1,5,5,5,4,4,4,4,3,3,3.15,0,15,TRUE
Female,Loyal Customer,40,Business Travel,Business,251,5,5,5,5,4,4,5,5,5,5,5,5,4,4.77,15,20,TRUE
Male,Loyal Customer,57,Personal Travel,Eco,239,2,4,2,4,3,2,3,3,4,5,5,4,3,3.38,66,61,FALSE
Male,Loyal Customer,40,Personal Travel,Eco,2239,4,4,4,4,5,4,5,5,4,4,2,2,5,4,0,0,TRUE
Male,Loyal Customer,16,Personal Travel,Eco,1072,3,4,3,1,3,3,3,3,3,3,4,5,3,3.15,0,0,FALSE
Female,Loyal Customer,44,Business Travel,Business,2681,5,5,5,5,5,5,5,5,5,5,5,4,5,4.92,0,0,TRUE
Male,Disloyal Customer,26,Business Travel,Business,757,1,1,1,3,3,1,3,3,5,2,4,3,3,2.54,0,0,FALSE
Male,Loyal Customer,51,Business Travel,Business,2979,3,3,3,3,5,5,5,4,2,4,5,5,5,4,0,0,TRUE
Male,Loyal Customer,59,Personal Travel,Eco,933,3,4,3,3,2,3,3,2,3,4,5,3,2,3.08,0,8,FALSE
Female,Loyal Customer,51,Personal Travel,Eco,651,1,5,1,3,1,5,3,1,1,1,1,4,3,2.31,0,0,FALSE
Female,Loyal Customer,53,Personal Travel,Eco,907,4,1,4,4,2,3,4,3,3,4,3,3,1,3,0,2,TRUE
Male,Loyal Customer,68,Business Travel,Business,134,3,2,1,1,3,3,3,3,1,4,4,3,3,2.62,131,151,FALSE
Male,Disloyal Customer,27,Business Travel,Business,414,2,2,2,1,1,2,1,1,3,5,5,4,1,2.31,0,0,FALSE
Female,Loyal Customer,58,Business Travel,Business,1874,2,2,2,2,5,5,5,5,5,5,5,5,5,4.08,4,0,TRUE
Female,Disloyal Customer,38,Business Travel,Eco,214,4,0,3,1,4,3,4,4,2,3,1,1,4,2.62,0,0,TRUE
Male,Loyal Customer,24,Business Travel,Business,2083,4,4,4,4,4,4,4,4,1,5,2,2,4,3.54,2,0,TRUE
Female,Loyal Customer,17,Personal Travel,Business,604,3,5,2,4,1,2,1,1,4,3,4,5,1,2.77,0,0,FALSE
Female,Loyal Customer,44,Personal Travel,Eco,429,4,5,1,1,1,4,4,5,5,1,4,1,3,3,0,0,FALSE
Female,Loyal Customer,49,Business Travel,Eco,639,4,2,2,2,5,4,2,4,4,4,4,5,3,3.46,1,0,TRUE
Male,Loyal Customer,45,Business Travel,Eco,544,3,3,3,3,3,3,3,3,2,1,3,1,3,2.62,7,0,FALSE
Female,Disloyal Customer,23,Business Travel,Eco,248,3,0,3,3,3,3,4,3,5,4,3,2,3,3,47,48,FALSE
Male,Loyal Customer,45,Business Travel,Business,1892,5,5,5,5,4,3,4,3,3,3,3,3,3,3.77,0,0,TRUE
Male,Loyal Customer,25,Business Travel,Business,2866,1,1,1,1,4,4,4,4,2,4,4,5,4,3,12,0,TRUE
Male,Loyal Customer,50,Business Travel,Eco,598,5,3,3,3,5,5,5,5,3,3,3,4,5,4,0,1,TRUE
Female,Loyal Customer,55,Business Travel,Business,216,2,5,5,5,3,4,4,3,3,3,2,3,1,3.31,0,0,FALSE
Male,Disloyal Customer,36,Business Travel,Business,1188,3,3,3,2,5,3,5,5,4,4,5,5,5,4,0,2,FALSE
Female,Loyal Customer,33,Business Travel,Business,236,3,4,4,4,3,2,2,3,3,3,3,1,4,3,80,81,FALSE
Female,Loyal Customer,14,Personal Travel,Eco,239,3,4,0,1,2,0,2,2,4,3,4,3,2,2.31,0,0,FALSE
Female,Loyal Customer,53,Business Travel,Business,651,1,1,1,1,3,4,5,4,4,4,4,5,5,3.23,0,0,TRUE
Male,Loyal Customer,30,Business Travel,Business,2669,4,1,1,1,4,4,4,4,1,5,3,2,4,2.92,28,32,FALSE
Female,Disloyal Customer,36,Business Travel,Eco,1047,1,1,1,3,2,1,2,2,2,3,4,3,2,2.08,11,0,FALSE
Female,Loyal Customer,49,Business Travel,Business,419,5,5,5,5,2,4,5,5,5,5,5,4,5,4.62,0,0,TRUE
Male,Loyal Customer,19,Business Travel,Business,1216,3,3,4,3,4,5,4,4,1,5,1,2,4,3.31,0,1,TRUE
Male,Loyal Customer,33,Business Travel,Eco,280,0,0,0,3,3,0,4,3,3,3,1,1,3,1.85,0,0,TRUE
Female,Loyal Customer,65,Personal Travel,Eco,1533,2,4,3,3,2,4,5,5,5,3,3,4,3,3.54,16,26,FALSE
Male,Disloyal Customer,37,Business Travel,Business,347,3,3,3,3,4,3,4,4,3,3,4,3,4,3.38,2,0,FALSE
Female,Loyal Customer,47,Business Travel,Business,566,4,4,4,4,1,2,1,4,4,4,4,1,3,3.08,0,0,FALSE
Male,Disloyal Customer,20,Business Travel,Business,190,5,4,5,5,5,5,5,5,3,4,4,5,5,4.62,0,0,TRUE
Male,Loyal Customer,50,Business Travel,Business,2000,0,5,0,2,5,5,5,1,1,1,1,5,3,2.62,55,54,TRUE
Male,Loyal Customer,48,Business Travel,Business,599,3,3,3,3,5,4,5,4,4,4,4,3,4,3.77,0,0,TRUE
Female,Loyal Customer,44,Business Travel,Business,606,5,5,5,5,3,5,4,3,3,3,3,4,4,4,19,22,TRUE
Female,Loyal Customer,53,Business Travel,Business,2721,3,5,5,5,4,4,3,3,3,3,3,3,3,3.62,0,0,FALSE
Male,Loyal Customer,14,Personal Travel,Eco,959,3,5,3,4,2,3,2,2,4,2,4,4,2,3.08,0,8,FALSE
Female,Loyal Customer,55,Personal Travel,Business,728,2,3,2,4,3,4,3,4,4,2,4,1,3,3,6,0,FALSE
Male,Loyal Customer,37,Business Travel,Business,227,3,3,3,3,5,5,5,5,5,4,5,5,4,4.23,0,0,TRUE
Female,Loyal Customer,51,Business Travel,Business,3953,4,4,4,4,5,5,5,5,5,5,5,3,5,4.54,0,0,TRUE
Female,Loyal Customer,50,Business Travel,Business,3986,3,4,4,4,1,2,3,3,3,3,3,3,3,3,0,0,FALSE
Female,Loyal Customer,37,Business Travel,Eco,315,5,4,4,4,5,5,5,1,4,5,3,5,5,4.23,143,138,TRUE
Male,Disloyal Customer,11,Business Travel,Eco,918,5,5,5,4,1,5,1,1,5,2,4,5,1,3.38,6,1,TRUE
Male,Loyal Customer,54,Business Travel,Business,2921,1,1,1,1,5,5,5,5,5,5,5,3,5,3.62,0,0,TRUE
Female,Disloyal Customer,39,Business Travel,Business,205,1,2,2,4,5,2,5,5,4,2,1,3,5,3.15,0,0,FALSE
Female,Loyal Customer,36,Business Travel,Business,1711,5,5,5,5,3,3,4,5,5,5,5,5,2,4.38,0,0,TRUE
Female,Loyal Customer,49,Personal Travel,Eco,1020,2,0,2,2,3,3,2,5,5,2,5,5,1,2.85,0,0,FALSE
Female,Loyal Customer,48,Business Travel,Business,2267,5,5,3,5,2,5,4,5,5,5,5,4,3,4.31,0,0,TRUE
Female,Disloyal Customer,64,Business Travel,Eco Plus,328,1,2,2,3,5,1,1,5,3,5,4,4,5,3.15,0,0,FALSE
Male,Loyal Customer,26,Personal Travel,Eco,1337,2,2,1,2,2,1,2,2,4,2,1,1,2,1.85,0,23,FALSE
Male,Loyal Customer,51,Business Travel,Business,1592,1,1,1,1,2,5,5,4,4,4,4,3,3,2.92,0,1,TRUE
Female,Disloyal Customer,21,Business Travel,Business,1142,3,2,3,3,3,3,3,3,2,5,3,1,3,2.85,0,11,FALSE
Male,Loyal Customer,41,Business Travel,Business,888,4,4,4,4,3,5,5,4,4,4,4,5,5,4.23,0,0,TRUE
Male,Disloyal Customer,56,Business Travel,Eco,525,4,0,4,2,5,4,5,5,4,5,5,4,5,4,0,0,TRUE
Female,Loyal Customer,40,Personal Travel,Eco,371,1,5,1,4,3,1,3,3,5,3,5,3,3,3.08,0,0,FALSE
Male,Disloyal Customer,27,Business Travel,Eco,376,3,0,3,2,3,3,3,3,5,5,5,2,3,3.08,0,0,FALSE
Male,Disloyal Customer,61,Business Travel,Eco,405,2,2,2,3,5,2,5,5,4,1,4,1,5,3.15,0,32,FALSE
Female,Loyal Customer,48,Business Travel,Eco Plus,163,4,2,2,2,1,2,5,4,4,4,4,2,1,2.85,0,0,TRUE
Male,Disloyal Customer,33,Business Travel,Eco,589,2,1,3,3,4,3,4,4,3,5,4,3,4,3.31,0,0,FALSE
Male,Loyal Customer,49,Business Travel,Business,1325,1,1,5,1,4,5,4,2,2,2,2,4,5,2.92,10,34,TRUE
Male,Loyal Customer,54,Business Travel,Business,867,5,5,5,5,2,5,4,4,4,4,4,5,5,4.38,7,0,TRUE
Female,Loyal Customer,20,Business Travel,Business,1916,4,4,4,4,5,5,5,5,5,5,4,5,5,4.62,109,87,TRUE
Male,Loyal Customer,57,Business Travel,Business,3953,3,3,3,3,5,5,4,4,4,4,4,4,5,3.92,0,0,TRUE
Male,Loyal Customer,21,Personal Travel,Eco,1437,4,5,4,1,5,4,5,5,5,3,5,3,5,4.15,0,8,TRUE
Female,Disloyal Customer,22,Business Travel,Eco,189,2,4,2,4,3,2,3,3,5,4,4,5,3,3.38,9,0,FALSE
Female,Loyal Customer,71,Business Travel,Eco Plus,373,3,2,2,2,2,3,4,2,2,3,2,1,3,2.38,0,0,FALSE
Male,Loyal Customer,32,Personal Travel,Eco,125,2,2,2,2,3,2,3,3,4,5,2,4,3,2.85,8,107,FALSE
Female,Loyal Customer,40,Business Travel,Business,3252,2,2,2,2,2,4,5,4,4,4,4,5,4,3.38,0,4,TRUE
Male,Disloyal Customer,22,Business Travel,Eco,680,4,4,4,3,2,4,5,2,1,1,4,3,2,3,54,18,FALSE
Male,Disloyal Customer,24,Business Travel,Eco,794,3,3,3,1,5,3,5,5,4,1,4,2,5,3.38,0,13,FALSE
Male,Loyal Customer,55,Business Travel,Eco,684,5,2,2,2,5,5,5,5,4,1,3,5,5,3.77,0,1,TRUE
Female,Loyal Customer,45,Business Travel,Business,3345,1,1,1,1,2,5,5,5,5,5,5,4,5,3.46,27,22,TRUE
Male,Disloyal Customer,22,Business Travel,Business,1235,4,0,4,3,4,4,1,4,3,4,4,3,4,3.23,0,0,TRUE
Female,Loyal Customer,49,Business Travel,Business,862,3,3,3,3,5,5,5,4,4,4,4,4,5,4,9,25,TRUE
Male,Disloyal Customer,27,Business Travel,Business,594,2,2,2,2,3,2,3,3,4,3,4,5,3,2.92,0,0,FALSE
Female,Disloyal Customer,37,Business Travel,Eco,528,2,3,2,3,3,2,3,3,2,1,4,4,3,2.69,0,0,FALSE
Female,Loyal Customer,45,Business Travel,Eco,907,4,4,4,4,2,2,4,3,3,4,3,3,3,3.31,9,8,TRUE
Female,Disloyal Customer,37,Business Travel,Eco,109,4,3,4,4,2,4,2,2,3,1,1,1,2,2.54,0,0,TRUE
Male,Disloyal Customer,36,Business Travel,Eco,328,2,4,2,3,4,2,4,4,4,4,3,2,4,3.23,20,15,FALSE
Male,Loyal Customer,55,Business Travel,Eco Plus,507,2,2,4,2,2,2,2,2,3,2,3,3,2,2.38,0,0,FALSE
Male,Loyal Customer,47,Business Travel,Eco,1075,5,4,4,4,5,5,5,5,5,5,5,5,5,4.77,15,6,TRUE
Male,Loyal Customer,65,Personal Travel,Eco,333,3,5,3,4,3,3,3,3,4,5,5,5,3,3.77,0,0,FALSE
Female,Loyal Customer,28,Personal Travel,Eco,507,2,3,2,4,1,2,1,1,4,1,4,3,1,2.23,16,7,FALSE
Male,Loyal Customer,61,Personal Travel,Eco,447,3,4,3,4,1,3,1,1,1,2,3,3,1,2.31,0,0,FALSE
Female,Loyal Customer,43,Personal Travel,Eco,2295,1,5,1,4,3,5,4,5,5,1,5,5,4,3.69,4,16,FALSE
Female,Loyal Customer,22,Personal Travel,Eco,526,1,4,1,1,5,1,5,5,3,2,4,4,5,3.15,0,0,FALSE
Male,Loyal Customer,50,Personal Travel,Eco,2565,3,3,2,4,3,2,3,3,2,4,4,4,3,3.08,88,42,FALSE
Male,Loyal Customer,26,Business Travel,Eco,2565,3,3,3,3,3,4,3,1,5,2,4,3,3,3.08,87,57,FALSE
Female,Loyal Customer,33,Personal Travel,Eco,675,2,4,2,1,5,2,5,5,4,2,5,5,5,3.62,6,0,FALSE
Female,Loyal Customer,46,Business Travel,Business,1124,5,5,5,5,3,4,5,3,3,4,3,4,5,4.15,3,8,TRUE
Female,Loyal Customer,46,Personal Travel,Eco,770,1,4,1,3,3,4,4,3,3,1,2,5,4,2.92,0,0,FALSE
Female,Loyal Customer,48,Business Travel,Business,2218,5,5,5,5,4,5,4,4,4,4,4,5,5,4.54,0,1,TRUE
Male,Loyal Customer,49,Business Travel,Business,2463,2,2,2,2,3,1,5,5,5,5,5,1,5,3.31,0,0,TRUE
Male,Loyal Customer,46,Business Travel,Business,1547,3,3,3,3,3,5,5,3,3,3,3,3,5,3.46,1,0,TRUE
Male,Disloyal Customer,26,Business Travel,Business,266,1,5,1,4,3,1,3,3,3,5,4,3,3,3,0,0,FALSE
Female,Disloyal Customer,23,Business Travel,Eco,100,0,4,0,1,5,0,5,5,1,2,5,2,5,2.69,0,0,TRUE
Male,Loyal Customer,41,Business Travel,Business,3766,2,3,3,3,3,2,3,2,2,3,2,2,1,2.38,20,16,FALSE
Female,Loyal Customer,63,Business Travel,Eco,229,5,3,3,3,4,4,2,5,5,5,5,4,1,3.77,21,42,TRUE
Male,Disloyal Customer,27,Business Travel,Business,405,5,5,5,3,3,5,3,3,4,5,4,4,3,4,0,0,TRUE
Female,Disloyal Customer,22,Business Travel,Eco,1448,3,3,3,4,1,3,1,1,2,3,4,1,1,2.31,0,0,FALSE
Female,Loyal Customer,35,Personal Travel,Eco,306,2,5,2,4,3,2,3,3,5,5,4,4,3,3.46,3,18,FALSE
Male,Loyal Customer,45,Business Travel,Business,1011,5,5,5,5,4,5,5,3,3,4,3,4,4,4.23,7,7,TRUE
Female,Disloyal Customer,40,Business Travel,Business,216,4,4,4,5,4,4,4,4,2,4,3,5,4,3.92,11,12,FALSE
Female,Loyal Customer,60,Personal Travel,Eco,125,4,3,4,5,2,2,2,1,1,4,1,2,5,2.77,0,0,FALSE
Female,Loyal Customer,54,Personal Travel,Eco Plus,550,3,4,3,3,4,3,3,3,3,3,3,2,2,3,0,0,FALSE
Male,Disloyal Customer,36,Business Travel,Eco Plus,406,4,4,4,4,4,4,4,4,3,4,4,4,4,3.92,82,91,FALSE
Male,Disloyal Customer,25,Business Travel,Eco,402,3,5,3,5,4,3,4,4,5,1,1,3,4,3.46,5,0,FALSE
Female,Disloyal Customer,30,Business Travel,Business,787,1,1,1,4,1,1,1,1,5,5,5,5,1,2.46,18,22,FALSE
Male,Loyal Customer,26,Business Travel,Business,2923,4,1,1,1,4,4,4,4,4,1,4,3,4,3,9,0,FALSE
Male,Disloyal Customer,29,Business Travel,Eco,160,1,5,1,4,3,1,3,3,2,5,1,1,3,2.54,0,13,FALSE
Male,Loyal Customer,49,Business Travel,Business,422,5,5,5,5,4,3,2,5,5,5,5,5,5,4.54,0,0,TRUE
Female,Loyal Customer,30,Personal Travel,Eco,641,1,5,1,2,5,1,5,5,4,4,4,4,5,3.54,0,12,FALSE
Male,Loyal Customer,35,Personal Travel,Eco Plus,861,3,4,3,1,5,3,4,5,5,3,4,5,5,3.85,6,0,FALSE
Female,Loyal Customer,52,Business Travel,Business,3358,2,2,2,2,4,4,4,5,5,5,5,4,3,3.62,15,4,TRUE
Male,Loyal Customer,17,Business Travel,Eco Plus,409,4,2,2,2,4,4,5,4,4,4,2,5,4,3.54,0,0,TRUE
Female,Disloyal Customer,49,Business Travel,Eco,645,3,0,3,1,3,3,4,3,1,1,3,1,3,2.23,2,8,FALSE
Female,Loyal Customer,46,Personal Travel,Eco,447,0,5,0,2,4,4,5,2,2,0,2,3,4,2.54,0,0,TRUE
Male,Loyal Customer,45,Business Travel,Business,2078,4,4,4,4,3,4,5,2,2,2,2,4,5,3.46,9,1,TRUE
Female,Loyal Customer,40,Personal Travel,Eco,2075,4,2,4,4,3,4,3,3,1,5,3,4,3,3.31,0,0,FALSE
Male,Loyal Customer,15,Personal Travel,Eco,341,2,4,1,4,1,1,1,1,4,2,2,3,1,2.08,15,0,FALSE
Male,Disloyal Customer,40,Business Travel,Business,4502,4,4,4,5,4,4,4,4,4,4,4,4,4,4.08,0,0,FALSE
Female,Loyal Customer,66,Business Travel,Business,3662,3,3,3,3,2,4,3,3,3,3,3,2,2,2.85,28,52,FALSE
Male,Loyal Customer,53,Personal Travel,Eco,1276,3,3,3,4,5,3,5,5,1,2,3,3,5,3.46,12,10,FALSE
Male,Disloyal Customer,19,Business Travel,Eco,972,2,2,2,4,1,2,1,1,4,5,3,2,1,2.31,0,0,FALSE
Female,Loyal Customer,37,Business Travel,Business,4502,2,2,2,2,4,4,4,4,5,5,4,4,4,3.54,6,0,TRUE
Male,Disloyal Customer,26,Business Travel,Eco,867,4,4,4,5,4,4,4,4,5,1,2,1,4,3.54,0,0,FALSE
Female,Loyal Customer,54,Personal Travel,Eco,319,5,4,5,3,1,1,4,2,2,5,2,1,4,3,0,0,TRUE
Male,Loyal Customer,57,Personal Travel,Eco,529,3,4,3,5,5,3,5,5,4,2,5,4,5,4.08,5,0,FALSE
Female,Loyal Customer,55,Business Travel,Business,453,3,3,3,3,5,5,5,5,5,5,5,3,3,4.08,17,8,TRUE
Female,Loyal Customer,25,Personal Travel,Eco,647,4,1,4,2,1,4,1,1,2,5,3,3,1,2.46,54,40,FALSE
Female,Loyal Customer,28,Business Travel,Eco,2614,5,4,3,4,5,5,5,5,1,1,5,5,5,4.08,0,0,TRUE
Male,Loyal Customer,47,Business Travel,Business,1916,3,3,3,3,5,4,4,4,4,4,4,5,3,3.77,13,19,TRUE
Male,Loyal Customer,66,Personal Travel,Eco,181,4,2,4,4,4,4,4,4,1,2,3,3,4,3.31,0,0,TRUE
Male,Loyal Customer,57,Personal Travel,Eco,236,4,4,4,4,2,4,2,2,3,4,4,4,2,3.31,1,13,FALSE
Male,Loyal Customer,48,Personal Travel,Eco,679,3,5,3,1,3,3,3,3,3,4,5,5,3,3.38,1,0,FALSE
Male,Loyal Customer,17,Business Travel,Eco,188,5,5,3,5,5,5,5,5,3,5,2,4,5,4.38,0,0,TRUE
Male,Loyal Customer,44,Business Travel,Business,2651,3,3,3,3,4,5,5,4,4,4,4,5,3,3.85,0,0,TRUE
Female,Loyal Customer,19,Business Travel,Business,1874,5,5,5,5,4,4,4,4,3,1,4,5,4,4.08,2,19,TRUE
Female,Loyal Customer,33,Business Travel,Eco,436,5,2,2,2,5,5,5,5,4,3,3,3,5,3.77,0,10,TRUE
Female,Disloyal Customer,29,Business Travel,Business,748,4,4,4,1,2,4,2,2,4,4,5,5,2,3.31,0,0,FALSE
Female,Loyal Customer,49,Business Travel,Business,163,5,5,5,5,1,3,4,4,4,4,5,1,3,3.77,0,0,TRUE
Male,Loyal Customer,33,Personal Travel,Eco,2329,3,5,3,4,3,4,4,3,5,5,5,4,4,4,0,16,FALSE
Female,Loyal Customer,25,Business Travel,Business,2417,3,3,3,3,5,5,5,5,4,2,5,4,5,4,74,90,TRUE
Female,Disloyal Customer,36,Business Travel,Eco,194,2,3,2,4,5,2,5,5,2,1,3,4,5,3.31,0,3,FALSE
Female,Loyal Customer,69,Personal Travel,Eco Plus,2475,3,2,3,4,2,4,4,3,3,3,3,3,3,3.08,0,0,FALSE
Female,Disloyal Customer,37,Business Travel,Business,226,3,3,3,1,4,3,4,4,4,3,4,4,4,3.38,0,5,FALSE
Male,Loyal Customer,41,Business Travel,Business,867,3,3,3,3,4,5,4,3,3,3,3,4,5,3.54,47,48,TRUE
Male,Disloyal Customer,25,Business Travel,Eco,391,5,2,5,2,2,5,2,2,4,3,3,1,2,2.92,39,48,TRUE
Male,Disloyal Customer,19,Business Travel,Eco,728,2,2,2,2,3,2,3,3,5,5,4,3,3,3,0,0,FALSE
Female,Loyal Customer,40,Personal Travel,Eco,296,2,4,2,3,2,2,2,2,3,3,4,5,2,2.77,2,0,FALSE
Male,Loyal Customer,61,Personal Travel,Eco,145,4,5,4,4,5,4,5,5,3,3,4,3,5,4.15,0,0,FALSE
Female,Loyal Customer,33,Business Travel,Business,3200,3,3,3,3,2,5,5,4,4,4,4,3,5,3.69,0,0,TRUE
Male,Loyal Customer,34,Business Travel,Business,405,2,4,4,4,2,4,3,2,2,3,2,2,3,2.85,0,0,FALSE
Male,Loyal Customer,51,Business Travel,Business,321,0,0,0,3,4,4,4,3,2,4,5,4,4,2.85,167,154,TRUE
Male,Loyal Customer,35,Personal Travel,Eco Plus,922,2,4,2,3,1,2,1,1,5,5,5,5,1,2.85,27,35,FALSE
Male,Disloyal Customer,23,Business Travel,Eco,209,2,3,3,3,4,3,4,4,3,3,3,1,4,3.08,0,0,FALSE
Male,Loyal Customer,21,Business Travel,Eco Plus,1269,5,4,4,4,5,5,4,5,3,1,4,4,5,4.08,44,37,TRUE
Male,Loyal Customer,33,Business Travel,Business,3637,2,2,2,2,4,4,4,4,5,5,4,5,4,3.62,91,88,TRUE
Male,Loyal Customer,51,Business Travel,Business,936,4,5,5,5,5,3,3,4,4,4,4,1,1,3.69,12,2,FALSE
Female,Loyal Customer,47,Business Travel,Business,3101,4,4,4,4,3,4,4,2,2,2,2,4,4,3.31,0,0,TRUE
Male,Loyal Customer,14,Personal Travel,Eco,426,2,4,5,5,2,5,2,2,5,4,4,5,2,3.62,32,42,FALSE
Female,Loyal Customer,34,Business Travel,Business,395,5,5,3,5,1,5,2,4,4,4,4,1,5,3.69,0,0,TRUE
Male,Loyal Customer,62,Business Travel,Eco,1071,4,1,1,1,4,4,4,4,3,2,3,2,4,2.85,0,0,TRUE
Male,Loyal Customer,56,Business Travel,Business,2402,1,1,1,1,5,5,5,3,5,4,5,5,5,3.54,0,0,TRUE
Female,Disloyal Customer,33,Business Travel,Business,677,3,3,3,5,2,3,2,2,5,5,4,5,2,3.38,0,0,FALSE
Female,Loyal Customer,43,Business Travel,Business,2732,3,3,3,3,2,4,4,5,5,5,5,5,5,4,0,0,TRUE
Female,Loyal Customer,52,Business Travel,Business,3085,4,4,4,4,1,4,2,5,5,5,5,4,5,4,0,0,TRUE
Male,Disloyal Customer,35,Business Travel,Eco,1281,3,3,3,4,2,3,2,2,1,1,4,2,2,2.46,54,39,FALSE
Female,Loyal Customer,35,Personal Travel,Eco,239,0,4,0,3,1,0,1,1,3,5,4,3,1,2,2,0,TRUE
Female,Loyal Customer,26,Business Travel,Business,1448,4,4,4,4,4,4,4,4,4,2,3,3,4,3.69,5,0,FALSE
Male,Loyal Customer,40,Personal Travel,Eco,1874,5,4,5,4,2,5,2,2,3,3,3,1,2,3.15,33,27,TRUE
Male,Loyal Customer,31,Personal Travel,Eco,2425,2,5,2,4,2,2,2,2,4,2,4,4,2,2.85,21,0,FALSE
Female,Loyal Customer,46,Business Travel,Business,3509,4,4,4,4,3,3,3,4,4,4,4,1,5,3.62,0,0,TRUE
Female,Disloyal Customer,44,Business Travel,Eco,374,1,0,1,3,3,1,3,3,2,1,4,1,3,2,0,0,FALSE
Male,Disloyal Customer,38,Business Travel,Business,441,3,2,2,1,2,2,2,2,5,3,4,5,2,2.69,0,0,FALSE
Male,Loyal Customer,53,Personal Travel,Eco,2300,4,5,4,1,1,4,1,1,3,5,4,3,1,2.85,0,0,TRUE
Male,Loyal Customer,38,Business Travel,Eco,130,4,2,2,2,4,4,4,4,5,3,2,3,4,3.31,3,2,TRUE
Female,Loyal Customer,45,Business Travel,Business,3700,4,4,5,4,2,4,2,4,4,4,4,4,5,3.85,13,0,TRUE
Female,Loyal Customer,40,Business Travel,Business,2356,0,1,1,1,5,4,5,3,3,3,3,3,5,2.85,4,0,TRUE
Male,Loyal Customer,25,Personal Travel,Eco,409,1,4,1,4,1,1,1,1,4,2,5,5,1,2.38,5,0,FALSE
Male,Disloyal Customer,37,Business Travel,Eco,448,2,1,3,3,2,3,2,2,3,4,3,3,2,2.54,26,28,FALSE
Male,Loyal Customer,19,Personal Travel,Eco,550,4,0,4,1,1,4,1,1,4,2,3,5,1,2.38,7,0,FALSE
Female,Loyal Customer,51,Personal Travel,Business,1838,0,4,0,5,2,5,5,5,5,0,2,4,3,3.08,4,0,TRUE
Male,Loyal Customer,60,Personal Travel,Eco,370,3,0,3,2,4,3,1,4,5,5,4,5,4,3.31,24,12,FALSE
Female,Loyal Customer,22,Business Travel,Eco Plus,413,3,2,2,2,3,2,1,3,2,1,4,1,3,2.23,0,0,FALSE
Female,Loyal Customer,16,Personal Travel,Eco,447,3,4,3,5,4,3,4,4,4,2,5,5,4,3.85,0,0,FALSE
Male,Loyal Customer,44,Business Travel,Eco,802,4,3,3,3,4,4,4,4,1,1,3,1,4,3,35,34,TRUE
Female,Loyal Customer,42,Business Travel,Business,2524,4,4,4,4,5,4,4,4,4,4,4,3,3,3.92,0,0,TRUE
Male,Loyal Customer,54,Business Travel,Business,3801,0,0,0,2,3,5,4,1,1,1,1,4,5,2.08,7,7,TRUE
Male,Loyal Customer,54,Personal Travel,Eco Plus,493,1,2,1,3,1,1,1,1,3,3,2,3,1,1.77,0,0,FALSE
Male,Loyal Customer,17,Personal Travel,Eco,641,1,4,1,1,1,1,1,1,4,2,5,4,1,2.08,8,5,FALSE
Female,Disloyal Customer,47,Business Travel,Eco,1056,1,1,1,3,1,1,1,1,1,3,5,5,1,1.92,6,24,FALSE
Male,Loyal Customer,45,Business Travel,Business,216,5,5,5,5,4,5,5,5,5,5,5,3,4,4.69,0,0,TRUE
Female,Loyal Customer,11,Personal Travel,Eco,986,2,2,2,4,5,2,5,5,2,5,4,1,5,3.38,0,0,FALSE
Female,Loyal Customer,68,Personal Travel,Eco,258,5,3,0,3,1,2,5,1,1,0,1,2,5,2.23,10,3,TRUE
Female,Loyal Customer,41,Business Travel,Eco,170,4,1,1,1,4,4,4,4,3,3,5,2,4,3.08,0,0,TRUE
Male,Loyal Customer,55,Business Travel,Business,1491,4,4,4,4,3,5,4,5,5,5,5,3,3,4.15,0,0,TRUE
Male,Loyal Customer,15,Business Travel,Eco,1533,1,4,4,4,1,1,2,1,1,1,4,3,1,2.15,0,0,FALSE
Female,Loyal Customer,41,Business Travel,Business,1715,4,4,4,4,4,4,5,4,4,5,4,3,5,4.15,1,0,TRUE
Male,Disloyal Customer,38,Business Travel,Business,1021,1,2,2,2,1,2,1,1,4,5,5,5,1,2.46,0,0,FALSE
Female,Loyal Customer,61,Business Travel,Business,2235,3,3,2,3,5,4,5,5,5,5,5,5,3,4.08,0,0,TRUE
Male,Loyal Customer,24,Personal Travel,Eco,1947,1,4,0,1,1,0,1,1,5,2,5,5,1,2.08,0,0,FALSE
Female,Loyal Customer,50,Business Travel,Eco,541,1,4,4,4,1,3,3,1,1,1,1,3,1,2.15,0,0,FALSE
Male,Loyal Customer,65,Business Travel,Eco,399,4,3,3,3,4,4,4,4,3,1,3,4,4,3.38,0,0,TRUE
Female,Loyal Customer,46,Personal Travel,Eco,2419,2,3,2,4,2,3,3,3,3,2,3,3,2,2.69,0,0,FALSE
Male,Loyal Customer,75,Business Travel,Business,2642,3,4,4,4,4,3,4,3,3,3,3,1,4,3.31,31,25,FALSE
Female,Disloyal Customer,27,Business Travel,Eco,395,2,2,2,4,2,3,3,2,4,4,4,3,3,2.92,195,203,FALSE
Male,Loyal Customer,21,Business Travel,Eco,1010,2,1,1,1,2,2,4,2,3,2,4,2,2,2.15,5,0,FALSE
Male,Loyal Customer,69,Personal Travel,Eco Plus,546,3,4,3,3,2,3,2,2,5,3,2,5,2,3,5,22,FALSE
Female,Loyal Customer,45,Business Travel,Eco,110,1,1,1,1,4,3,3,1,1,1,1,4,2,1.85,0,16,FALSE
Male,Loyal Customer,33,Business Travel,Business,402,2,2,2,2,4,3,4,4,3,5,4,5,4,3.38,0,0,TRUE
Male,Loyal Customer,58,Business Travel,Business,3771,5,5,5,5,2,5,4,4,4,5,4,4,4,4.31,24,17,TRUE
Male,Disloyal Customer,35,Business Travel,Business,1144,3,3,3,3,1,3,1,1,2,5,4,3,1,2.54,0,12,FALSE
Female,Loyal Customer,50,Business Travel,Business,3255,2,5,3,5,5,2,1,2,2,2,2,2,2,2.69,4,2,FALSE
Male,Disloyal Customer,26,Business Travel,Business,86,2,2,1,3,1,1,1,1,3,4,4,2,1,2,16,5,FALSE
Male,Loyal Customer,13,Personal Travel,Eco,370,3,5,3,3,3,3,3,3,4,2,5,3,3,3.31,0,0,FALSE
Female,Disloyal Customer,24,Business Travel,Eco,526,4,0,3,1,3,3,1,3,4,5,1,1,3,2.46,0,0,FALSE
Male,Loyal Customer,29,Business Travel,Eco Plus,329,0,0,0,1,2,0,2,2,5,3,1,2,2,1.54,0,0,TRUE
Male,Loyal Customer,45,Business Travel,Business,689,5,5,5,5,4,5,4,3,3,4,3,5,3,4.15,0,5,TRUE
Male,Loyal Customer,54,Business Travel,Business,3460,5,5,5,5,2,3,5,5,5,5,4,4,1,4.15,0,0,TRUE
Female,Loyal Customer,21,Personal Travel,Business,351,1,3,1,4,4,1,4,4,2,4,4,1,4,2.85,17,13,FALSE
Male,Loyal Customer,36,Business Travel,Business,1522,2,2,3,2,4,4,5,5,5,5,5,4,3,3.77,10,9,TRUE
Female,Loyal Customer,11,Personal Travel,Eco,991,3,5,3,3,4,3,1,4,5,3,4,5,4,3.62,0,15,FALSE
Male,Loyal Customer,59,Business Travel,Eco,191,3,5,5,5,3,3,3,3,1,3,2,1,3,3.08,41,36,FALSE
Male,Loyal Customer,64,Personal Travel,Eco,387,1,5,1,3,2,1,2,2,4,1,5,1,2,2.31,9,10,FALSE
Male,Loyal Customer,47,Personal Travel,Eco,872,2,4,2,5,3,2,3,3,1,2,1,1,3,2.46,0,2,FALSE
Male,Loyal Customer,61,Personal Travel,Eco,529,4,1,5,3,5,5,5,5,1,3,4,1,5,3.62,0,0,FALSE
Male,Disloyal Customer,34,Business Travel,Eco,1170,1,1,1,4,2,1,2,2,4,3,4,4,2,2.38,0,0,FALSE
Male,Loyal Customer,23,Business Travel,Business,3164,4,2,2,2,4,4,4,4,2,3,4,1,4,3.08,0,5,FALSE
Female,Disloyal Customer,29,Business Travel,Business,197,3,3,3,3,3,3,3,3,4,5,4,3,3,3.31,0,2,FALSE
Male,Loyal Customer,45,Business Travel,Business,1158,4,4,4,4,2,5,5,4,4,4,4,5,5,4.15,0,0,TRUE
Female,Loyal Customer,26,Personal Travel,Business,895,3,5,3,3,4,3,4,4,2,4,4,4,4,3.62,2,11,FALSE
Male,Disloyal Customer,25,Business Travel,Eco,67,2,4,2,1,1,2,3,1,2,5,2,1,1,2.08,31,61,FALSE
Male,Loyal Customer,27,Business Travel,Business,3058,4,4,4,4,4,4,4,4,5,4,4,3,4,4,6,0,TRUE
Female,Loyal Customer,61,Business Travel,Business,382,4,4,4,4,4,5,4,4,4,4,4,5,5,4.23,0,0,TRUE
Female,Disloyal Customer,27,Business Travel,Business,2446,2,2,2,4,3,2,3,3,1,5,3,2,3,2.69,0,0,FALSE
Male,Disloyal Customer,27,Business Travel,Business,456,3,3,3,2,3,3,5,3,4,5,5,3,3,3.46,40,32,FALSE
Male,Loyal Customer,67,Personal Travel,Eco,277,3,0,3,2,1,3,1,1,4,5,5,5,1,2.62,18,12,FALSE
Male,Loyal Customer,38,Business Travel,Eco,1448,5,2,2,2,5,5,5,5,2,5,4,5,5,4,57,37,TRUE
Male,Disloyal Customer,28,Business Travel,Business,591,3,3,3,5,1,3,1,1,3,3,4,4,1,2.69,0,0,FALSE
Male,Loyal Customer,42,Business Travel,Business,1656,2,3,3,3,3,4,3,2,2,2,2,3,4,2.77,20,11,FALSE
Female,Loyal Customer,45,Personal Travel,Eco,110,2,4,2,4,1,3,3,3,3,2,5,1,3,2.77,0,20,FALSE
Male,Loyal Customer,40,Business Travel,Business,1506,5,5,5,5,3,4,4,5,5,5,5,4,4,4.54,10,0,TRUE
Male,Loyal Customer,41,Business Travel,Business,1841,0,0,0,3,4,5,4,5,5,5,5,5,4,3.46,87,90,TRUE
Female,Loyal Customer,52,Business Travel,Business,1916,4,4,4,4,4,5,5,5,5,5,5,3,4,4.38,28,41,TRUE
Male,Loyal Customer,36,Personal Travel,Eco,937,4,2,4,4,3,4,3,3,4,2,4,4,3,3.38,0,2,TRUE
Male,Loyal Customer,47,Business Travel,Eco Plus,909,5,5,5,5,5,5,5,5,4,1,3,3,5,4.31,0,0,TRUE
Male,Loyal Customer,9,Personal Travel,Eco,695,3,4,3,1,1,3,1,1,4,4,4,5,1,2.69,0,4,FALSE
Female,Loyal Customer,32,Business Travel,Business,3122,5,5,5,5,4,4,4,4,3,3,5,5,4,4.31,7,11,TRUE
Male,Loyal Customer,47,Business Travel,Business,2402,2,2,2,2,5,4,5,4,4,3,4,3,4,3.38,4,0,TRUE
Female,Loyal Customer,44,Business Travel,Business,1815,3,3,3,3,4,3,1,5,5,5,5,4,5,3.77,0,0,TRUE
Female,Disloyal Customer,25,Business Travel,Business,1426,3,4,2,1,3,2,3,3,4,4,5,5,3,3.23,0,0,FALSE
Male,Loyal Customer,53,Business Travel,Business,1744,3,3,3,3,4,4,5,4,4,4,4,3,3,3.62,0,0,TRUE
Male,Loyal Customer,67,Personal Travel,Eco Plus,1075,3,4,3,5,2,3,2,2,3,3,5,3,2,3.08,13,38,FALSE
Male,Loyal Customer,61,Personal Travel,Eco,776,2,4,2,1,3,2,3,3,4,2,5,4,3,2.92,2,0,FALSE
Male,Loyal Customer,40,Business Travel,Business,1346,5,1,5,5,5,4,4,4,4,4,4,4,5,4.15,0,13,TRUE
Male,Loyal Customer,63,Personal Travel,Eco,845,3,4,3,3,1,3,1,1,3,2,5,5,1,2.69,0,0,FALSE
Female,Loyal Customer,50,Personal Travel,Eco,468,3,2,3,4,3,3,4,2,5,4,3,4,4,3.38,243,262,FALSE
Male,Loyal Customer,40,Business Travel,Business,590,3,2,2,2,3,3,3,3,3,2,3,1,3,2.54,0,0,FALSE
Female,Disloyal Customer,23,Business Travel,Business,946,5,0,5,2,5,5,5,5,5,4,5,4,5,4.23,0,0,TRUE
Female,Loyal Customer,45,Personal Travel,Eco,1464,3,4,3,4,3,5,4,5,5,3,5,4,4,4,0,0,FALSE
Male,Loyal Customer,46,Personal Travel,Eco,247,1,5,1,4,4,1,4,4,5,4,4,4,4,3.46,4,2,FALSE
Male,Loyal Customer,47,Personal Travel,Eco,772,2,4,2,1,4,2,4,4,1,3,3,2,4,2.77,27,32,FALSE
Female,Loyal Customer,40,Personal Travel,Eco,370,2,1,2,3,1,2,1,1,4,2,2,1,1,1.77,9,2,FALSE
Female,Loyal Customer,48,Business Travel,Business,2807,5,5,5,5,4,5,5,4,4,4,4,5,5,4.62,0,0,TRUE
Male,Loyal Customer,60,Business Travel,Business,293,5,5,5,5,4,5,4,5,5,5,5,4,5,4.77,9,9,TRUE
Male,Loyal Customer,57,Business Travel,Business,2505,4,4,4,4,2,2,2,4,4,5,5,2,2,3.38,344,319,TRUE
Female,Loyal Customer,46,Business Travel,Business,1342,4,4,4,4,2,5,5,4,4,4,4,4,4,4,0,7,TRUE
Male,Loyal Customer,54,Personal Travel,Eco,209,3,4,3,1,3,3,2,3,4,2,3,5,3,3,0,15,FALSE
Male,Loyal Customer,43,Business Travel,Business,3320,3,5,3,3,4,5,4,5,5,5,5,3,4,4.15,0,0,TRUE
Female,Loyal Customer,59,Business Travel,Business,192,1,5,5,5,4,3,3,2,2,2,1,1,4,2.92,114,97,FALSE
Male,Loyal Customer,53,Business Travel,Business,3471,1,1,1,1,4,5,5,4,4,4,4,4,5,3.31,40,40,TRUE
Male,Loyal Customer,42,Personal Travel,Eco,1464,1,4,1,1,3,1,4,3,4,4,4,5,3,2.92,0,6,FALSE
Female,Loyal Customer,12,Business Travel,Business,3819,3,5,1,1,3,3,3,3,1,4,4,3,3,2.85,5,16,FALSE
Female,Loyal Customer,41,Business Travel,Business,3114,2,2,4,2,5,5,4,5,5,5,5,5,3,4,5,7,TRUE
Female,Loyal Customer,55,Business Travel,Eco Plus,1107,2,2,5,2,2,4,3,1,1,2,1,2,1,2.15,30,55,FALSE
Female,Loyal Customer,42,Business Travel,Eco,680,4,1,1,1,1,1,4,4,4,4,4,1,3,2.54,0,4,TRUE
Male,Loyal Customer,51,Business Travel,Business,1709,4,4,4,4,5,5,4,4,4,4,4,3,4,4.08,0,0,TRUE
Male,Loyal Customer,72,Business Travel,Business,2076,5,5,5,5,1,3,3,3,3,3,3,3,4,3.54,0,0,TRUE
Female,Loyal Customer,53,Business Travel,Business,2661,4,5,5,5,3,1,2,4,4,3,4,4,2,3.54,6,8,FALSE
Male,Loyal Customer,56,Business Travel,Business,2515,4,4,4,4,3,4,5,4,4,4,4,4,4,4,0,5,TRUE
Female,Loyal Customer,69,Personal Travel,Business,725,2,3,2,3,2,4,2,5,5,2,5,1,4,3.08,14,17,FALSE
Female,Loyal Customer,32,Business Travel,Business,1190,1,1,1,1,4,4,4,4,2,3,1,2,4,2.46,21,0,TRUE
Female,Loyal Customer,33,Business Travel,Business,463,4,4,4,4,3,4,3,4,4,3,4,2,2,3.46,48,62,FALSE
Female,Loyal Customer,38,Business Travel,Eco,549,3,3,3,3,3,4,3,3,5,4,5,4,3,3.54,0,0,TRUE
Female,Loyal Customer,69,Personal Travel,Eco,488,3,5,3,2,5,5,4,1,1,3,1,3,4,3.08,40,26,FALSE
Female,Loyal Customer,47,Business Travel,Business,1911,5,5,5,5,4,4,4,3,3,4,3,5,3,4.08,0,0,TRUE
Female,Loyal Customer,51,Business Travel,Business,919,4,4,4,4,3,4,5,4,4,4,4,3,5,4,2,0,TRUE
Male,Loyal Customer,29,Personal Travel,Business,692,2,4,1,1,5,1,2,5,4,3,4,5,5,3.23,0,11,FALSE
Male,Loyal Customer,34,Business Travel,Business,547,4,4,4,4,1,3,3,5,5,5,5,3,2,3.69,101,86,TRUE
Female,Loyal Customer,58,Business Travel,Eco,821,5,4,4,4,3,5,5,5,5,5,5,4,4,4.46,0,0,TRUE
Female,Loyal Customer,25,Business Travel,Business,3734,3,2,2,2,3,3,3,3,4,1,3,4,3,2.77,0,0,FALSE
Male,Loyal Customer,40,Business Travel,Eco Plus,2350,3,4,4,4,5,3,3,4,2,3,1,3,3,3.23,0,0,TRUE
Male,Loyal Customer,30,Business Travel,Business,1489,2,2,4,2,5,5,5,5,2,5,5,3,5,3.85,0,0,TRUE
Female,Loyal Customer,50,Business Travel,Eco,550,1,2,2,2,5,4,4,1,1,1,1,2,2,2.15,72,69,FALSE
Female,Loyal Customer,21,Personal Travel,Eco,1642,3,4,4,3,4,4,4,4,3,3,5,4,4,3.77,0,0,FALSE
Female,Loyal Customer,53,Personal Travel,Eco,2565,5,1,5,3,5,2,2,3,5,4,4,2,2,3.31,0,0,TRUE
Female,Loyal Customer,48,Business Travel,Business,867,5,5,5,5,2,4,5,4,4,4,4,5,5,4.38,0,0,TRUE
Female,Loyal Customer,60,Personal Travel,Eco,622,2,4,2,1,5,5,4,5,5,2,5,5,5,3.85,0,0,FALSE
Female,Loyal Customer,36,Business Travel,Eco Plus,642,3,5,5,5,3,3,3,3,4,4,3,4,3,3.69,7,11,FALSE
Male,Loyal Customer,53,Business Travel,Business,3959,4,4,2,4,4,4,5,3,3,4,3,5,4,3.77,0,0,TRUE
Male,Loyal Customer,42,Business Travel,Business,500,3,3,3,3,2,5,4,5,5,5,5,4,3,3.85,0,8,TRUE
Female,Loyal Customer,30,Personal Travel,Eco,765,1,4,2,1,5,2,5,5,3,4,4,4,5,3.46,0,0,FALSE
Male,Disloyal Customer,16,Business Travel,Eco,200,3,0,2,4,1,2,1,1,5,1,2,1,1,1.85,0,0,FALSE
Male,Loyal Customer,59,Business Travel,Business,1691,3,2,2,2,1,3,4,2,2,2,3,3,2,2.38,0,11,FALSE
Male,Loyal Customer,36,Personal Travel,Eco Plus,2762,2,0,2,3,2,2,4,2,4,5,4,5,2,2.85,12,0,FALSE
Female,Disloyal Customer,34,Business Travel,Eco,399,3,5,3,3,3,3,3,3,5,5,3,2,3,3.38,0,0,FALSE
Male,Disloyal Customer,17,Business Travel,Eco,1076,4,4,4,3,3,4,3,3,2,4,3,2,3,3.23,12,0,TRUE
Male,Loyal Customer,56,Personal Travel,Eco,1041,2,4,2,4,4,2,4,4,4,2,5,5,4,3.54,0,0,FALSE
Female,Disloyal Customer,36,Business Travel,Eco,1121,3,3,3,4,5,3,5,5,2,3,1,3,5,3.46,11,0,FALSE
Male,Loyal Customer,15,Business Travel,Business,1158,3,3,3,3,3,2,3,3,4,5,4,3,3,3.23,49,40,FALSE
Female,Loyal Customer,47,Personal Travel,Eco,2475,3,3,3,3,4,3,3,2,2,3,2,2,3,2.77,0,0,FALSE
Male,Loyal Customer,48,Personal Travel,Eco Plus,1013,5,3,5,3,2,5,2,2,3,5,4,4,2,3.46,0,0,TRUE
Male,Disloyal Customer,23,Business Travel,Business,282,0,0,0,5,5,0,5,5,5,5,5,5,5,3.46,0,0,TRUE
Male,Loyal Customer,67,Personal Travel,Eco Plus,1005,3,4,3,5,5,3,2,5,4,2,5,3,5,3.77,0,0,FALSE
Female,Loyal Customer,41,Business Travel,Eco,106,5,3,3,3,5,5,5,5,5,1,5,3,5,4.08,0,1,TRUE
Male,Loyal Customer,47,Business Travel,Business,1084,2,2,2,2,3,4,4,4,4,5,4,4,3,3.31,70,75,TRUE
Male,Loyal Customer,22,Personal Travel,Eco,416,3,4,3,4,5,3,5,5,3,5,3,2,5,3.85,0,0,FALSE
Female,Loyal Customer,45,Business Travel,Business,2293,2,2,2,2,4,5,4,4,4,4,5,5,4,3.62,0,0,TRUE
Male,Loyal Customer,57,Business Travel,Business,3068,2,2,2,2,4,4,4,3,3,4,3,5,3,3.15,0,0,TRUE
Male,Loyal Customer,41,Business Travel,Business,3855,4,4,4,4,4,5,2,2,2,2,2,3,4,3.23,0,0,TRUE
Male,Loyal Customer,53,Business Travel,Business,554,2,2,2,2,5,5,4,4,4,4,4,5,5,3.69,0,0,TRUE
Female,Loyal Customer,57,Personal Travel,Eco,934,1,5,1,5,3,4,5,4,4,1,4,5,5,3.62,0,0,FALSE
Female,Disloyal Customer,24,Business Travel,Eco,134,1,1,1,4,1,1,1,1,4,1,4,2,1,1.77,0,0,FALSE
Female,Loyal Customer,45,Business Travel,Business,2709,4,4,4,4,4,2,1,3,3,3,3,1,3,3,0,0,TRUE
Male,Loyal Customer,47,Business Travel,Business,2586,1,1,1,1,3,3,4,4,4,4,4,3,5,2.92,0,0,TRUE
Female,Loyal Customer,44,Personal Travel,Eco,147,2,5,2,1,4,5,4,5,5,2,5,5,5,3.85,0,0,FALSE
Male,Loyal Customer,51,Personal Travel,Eco,1447,3,2,3,3,5,3,5,5,4,2,4,2,5,3.54,17,3,FALSE
Female,Loyal Customer,49,Business Travel,Eco Plus,563,4,2,2,2,5,3,3,4,4,4,4,3,1,3.15,45,40,TRUE
Female,Disloyal Customer,38,Business Travel,Eco Plus,156,3,3,3,2,2,3,2,2,2,2,3,3,2,2.46,0,0,FALSE
Female,Disloyal Customer,28,Business Travel,Business,612,2,2,2,3,3,2,3,3,3,4,4,3,3,2.85,26,35,FALSE
Female,Loyal Customer,50,Business Travel,Business,3285,5,5,5,5,2,5,4,4,4,4,4,4,5,4.31,0,6,TRUE
Female,Loyal Customer,56,Business Travel,Business,2083,3,3,3,3,3,3,2,3,3,3,3,4,3,3,62,63,FALSE
Female,Loyal Customer,46,Personal Travel,Eco,607,1,4,0,3,4,5,5,1,1,0,1,3,3,2.38,79,82,FALSE
Male,Disloyal Customer,22,Business Travel,Business,2677,5,5,5,1,1,5,3,1,4,2,4,3,1,3.08,0,0,TRUE
Male,Loyal Customer,38,Business Travel,Business,297,0,0,0,3,2,4,5,3,3,3,3,5,5,2.77,0,0,TRUE
Male,Disloyal Customer,26,Business Travel,Business,641,4,4,4,4,4,4,4,4,3,2,5,4,4,3.85,0,20,TRUE
Female,Loyal Customer,39,Business Travel,Business,1779,2,5,3,5,3,4,4,2,2,2,2,3,2,3,27,17,FALSE
Male,Loyal Customer,45,Business Travel,Business,2565,1,1,1,1,4,3,5,3,3,3,3,5,3,2.77,0,0,TRUE
Male,Loyal Customer,22,Business Travel,Eco Plus,925,0,3,0,3,5,0,5,5,1,2,2,3,5,2.62,0,0,TRUE
Female,Disloyal Customer,33,Business Travel,Eco,198,1,3,1,4,5,1,5,5,4,3,4,4,5,3.46,0,12,FALSE
Female,Loyal Customer,56,Business Travel,Business,337,2,2,2,2,3,3,3,2,2,3,2,3,1,2.31,0,5,FALSE
Female,Loyal Customer,55,Business Travel,Business,3095,5,5,5,5,3,5,4,5,5,5,5,4,5,4.69,0,5,TRUE
Female,Loyal Customer,17,Personal Travel,Eco,2615,4,3,4,3,1,4,1,1,4,5,2,4,1,2.85,50,33,FALSE
Male,Loyal Customer,45,Business Travel,Eco,342,1,2,2,2,1,1,1,1,1,5,3,1,1,1.69,2,0,FALSE
Female,Loyal Customer,51,Business Travel,Business,3016,4,4,4,4,3,4,4,5,5,5,5,5,5,4.38,0,0,TRUE
Female,Loyal Customer,38,Personal Travel,Eco,1091,4,1,4,3,1,4,1,1,4,2,3,4,1,2.54,18,0,FALSE
Male,Loyal Customer,56,Personal Travel,Eco,397,1,5,1,5,2,1,2,2,5,5,5,3,2,3,3,0,FALSE
Female,Disloyal Customer,20,Business Travel,Eco,341,2,2,2,4,4,2,4,4,1,1,3,3,4,2.77,0,16,FALSE
Female,Loyal Customer,56,Business Travel,Business,1481,2,2,2,2,2,4,4,4,4,4,4,5,5,3.38,0,0,TRUE
Female,Loyal Customer,32,Business Travel,Business,3067,2,1,3,1,2,2,2,2,1,5,3,1,2,2.08,0,0,FALSE
Female,Loyal Customer,61,Business Travel,Eco,237,4,2,2,2,3,4,3,4,4,4,4,1,4,3.15,0,0,FALSE
Female,Loyal Customer,44,Business Travel,Business,2278,5,5,5,5,5,4,5,4,4,4,4,3,3,4.31,29,62,TRUE
Female,Loyal Customer,35,Personal Travel,Eco,1379,3,5,3,2,3,3,3,3,2,1,4,2,3,2.85,0,0,FALSE
Male,Disloyal Customer,20,Business Travel,Eco,972,2,2,2,4,1,2,5,1,2,2,4,2,1,2.31,68,50,FALSE
Male,Loyal Customer,39,Business Travel,Business,909,5,5,5,5,2,5,4,5,5,5,5,3,5,4.54,0,0,TRUE
Male,Loyal Customer,39,Business Travel,Business,127,2,5,5,5,5,3,4,2,2,2,2,2,3,3.23,0,0,FALSE
Male,Loyal Customer,7,Personal Travel,Eco,462,4,4,4,5,3,4,1,3,1,1,3,5,3,3.15,0,0,FALSE
Male,Disloyal Customer,22,Business Travel,Eco,640,2,3,2,2,2,2,2,2,5,2,1,1,2,2.15,0,2,FALSE
Male,Loyal Customer,42,Business Travel,Business,925,5,5,5,5,4,4,4,4,4,4,4,4,4,4.31,76,91,TRUE
Male,Disloyal Customer,22,Business Travel,Eco,239,2,4,2,3,1,2,1,1,4,4,3,4,1,2.46,0,0,FALSE
Male,Loyal Customer,32,Business Travel,Eco,602,5,1,4,4,5,5,5,5,1,3,3,5,5,3.92,0,0,TRUE
Male,Loyal Customer,50,Business Travel,Business,1541,5,5,5,5,4,4,4,5,5,5,5,3,4,4.54,0,0,TRUE
Female,Loyal Customer,31,Business Travel,Business,1739,5,5,5,5,5,5,5,5,4,5,4,5,5,4.85,7,2,TRUE
Male,Loyal Customer,34,Personal Travel,Eco,328,4,0,4,2,5,4,2,5,4,2,4,4,5,3.46,0,0,FALSE
Female,Disloyal Customer,27,Business Travel,Business,158,5,5,5,3,4,5,4,4,5,3,5,3,4,4.23,0,0,TRUE
Male,Disloyal Customer,24,Business Travel,Business,226,4,5,4,3,4,4,4,4,4,3,4,4,4,3.92,7,2,TRUE
Male,Loyal Customer,44,Business Travel,Business,3015,1,1,1,1,2,5,4,5,5,5,5,4,5,3.38,25,13,TRUE
Male,Disloyal Customer,22,Business Travel,Eco,226,4,0,4,1,3,4,3,3,2,5,4,3,3,3,0,0,TRUE
Male,Loyal Customer,20,Personal Travel,Eco,626,3,4,3,4,2,3,3,2,3,3,4,5,2,3.15,0,0,FALSE
Male,Loyal Customer,48,Business Travel,Business,2586,3,3,3,3,4,5,4,5,5,5,5,5,4,4.15,0,0,TRUE
Female,Loyal Customer,32,Business Travel,Business,846,3,5,5,5,3,4,3,3,4,2,2,2,3,3.38,8,0,FALSE
Female,Disloyal Customer,40,Business Travel,Business,409,2,2,2,3,5,2,5,5,1,2,4,3,5,3.15,108,114,FALSE
Female,Loyal Customer,51,Personal Travel,Business,760,5,3,5,3,5,4,2,2,2,5,2,2,2,3.23,0,0,TRUE
Female,Loyal Customer,22,Business Travel,Business,2475,4,4,4,4,4,4,4,4,3,5,1,2,4,3.62,0,0,TRUE
Female,Loyal Customer,60,Business Travel,Eco,393,4,5,5,5,3,4,1,4,4,4,4,4,5,4,1,0,TRUE
Male,Loyal Customer,32,Personal Travel,Eco,174,1,5,0,3,2,0,2,2,3,5,4,4,2,2.54,0,0,FALSE
Male,Loyal Customer,29,Personal Travel,Eco,337,3,1,3,4,3,3,3,3,1,3,4,4,3,2.92,32,11,FALSE
Female,Disloyal Customer,29,Business Travel,Business,646,3,3,3,4,4,3,4,4,3,4,4,4,4,3.62,0,0,FALSE
Male,Loyal Customer,52,Business Travel,Business,362,3,3,3,3,4,4,5,4,4,4,4,4,5,3.85,14,15,TRUE
Female,Loyal Customer,38,Personal Travel,Eco,546,2,4,1,2,3,1,4,3,2,4,1,1,3,2.38,13,0,FALSE
Male,Loyal Customer,51,Business Travel,Business,3914,2,2,2,2,5,4,5,4,4,4,4,5,4,3.62,0,3,TRUE
Female,Loyal Customer,69,Personal Travel,Eco,641,4,5,4,3,3,4,5,3,3,4,3,5,4,3.85,17,27,FALSE
Female,Loyal Customer,42,Business Travel,Business,996,3,3,3,3,1,1,2,3,3,3,3,3,3,2.62,0,21,FALSE
Male,Loyal Customer,55,Business Travel,Business,3402,1,1,1,1,5,3,5,3,3,3,3,5,1,2.69,7,9,TRUE
Male,Loyal Customer,39,Business Travel,Business,2272,3,5,5,5,4,4,4,3,3,4,3,3,2,3.69,0,0,FALSE
Male,Loyal Customer,67,Business Travel,Eco Plus,444,2,3,3,3,2,2,2,2,1,2,3,1,2,2.15,52,26,FALSE
Female,Loyal Customer,7,Personal Travel,Eco,678,3,5,3,3,3,3,3,3,4,4,5,4,3,3.54,5,0,FALSE
Female,Loyal Customer,51,Business Travel,Business,1096,4,4,4,4,3,4,4,4,4,5,4,5,4,4.08,0,15,TRUE
Male,Loyal Customer,40,Business Travel,Business,562,2,2,2,2,2,2,3,5,5,5,5,1,3,3,25,37,TRUE
Male,Loyal Customer,58,Business Travel,Business,216,3,3,3,3,5,2,5,4,4,5,3,1,2,3.31,0,18,TRUE
Female,Loyal Customer,36,Business Travel,Business,3451,4,4,4,4,4,4,5,4,4,3,4,3,5,4,0,0,TRUE
Male,Loyal Customer,24,Business Travel,Business,3705,4,4,5,4,4,4,4,4,1,5,4,4,4,3.92,0,0,TRUE
Male,Disloyal Customer,12,Business Travel,Eco,989,3,4,4,1,4,4,4,4,5,5,4,3,4,3.77,0,0,FALSE
Female,Loyal Customer,10,Personal Travel,Eco,951,1,3,1,3,4,1,4,4,3,4,4,4,4,3.08,9,54,FALSE
Female,Loyal Customer,35,Business Travel,Business,1010,1,5,5,5,4,4,4,1,1,2,1,4,2,3,0,0,FALSE
Male,Disloyal Customer,28,Business Travel,Business,1075,2,2,2,3,1,2,2,1,4,5,3,4,1,2.46,0,4,FALSE
Female,Disloyal Customer,28,Business Travel,Business,370,1,1,1,3,2,1,2,2,2,1,4,3,2,1.92,74,61,FALSE
Male,Loyal Customer,42,Business Travel,Business,2254,2,2,5,2,4,4,5,4,4,4,4,3,3,3.54,0,7,TRUE
Male,Loyal Customer,50,Personal Travel,Eco,524,3,4,3,3,5,3,5,5,3,4,4,3,5,3.85,7,39,FALSE
Male,Loyal Customer,62,Business Travel,Business,3468,2,2,2,2,2,2,2,2,2,2,2,2,3,2.08,0,0,FALSE
Female,Disloyal Customer,36,Business Travel,Business,231,3,3,3,1,2,3,2,2,5,2,4,4,2,2.77,0,0,FALSE
Female,Loyal Customer,57,Personal Travel,Eco,175,3,4,3,4,5,4,5,1,1,3,1,5,4,3.31,14,14,FALSE
Female,Loyal Customer,45,Personal Travel,Eco,1119,3,5,3,3,5,5,5,4,4,3,4,4,4,4,0,21,FALSE
Male,Loyal Customer,25,Business Travel,Eco,534,1,2,2,2,1,1,2,1,4,3,4,1,1,1.92,0,13,FALSE
Male,Loyal Customer,42,Personal Travel,Eco,927,2,4,2,5,1,2,1,1,5,4,5,4,1,2.85,32,30,FALSE
Female,Loyal Customer,68,Personal Travel,Eco,1514,1,3,1,3,4,4,3,5,5,1,5,2,2,3,8,10,FALSE
Female,Disloyal Customer,45,Business Travel,Business,1416,4,4,4,4,3,4,3,3,5,5,5,4,3,3.92,0,0,TRUE
Male,Disloyal Customer,28,Business Travel,Eco,460,1,0,1,1,5,1,5,5,5,1,2,1,5,2.54,0,12,FALSE
Male,Loyal Customer,41,Personal Travel,Eco Plus,391,2,4,2,5,5,2,5,5,3,3,5,3,5,3.77,1,12,FALSE
Female,Loyal Customer,39,Business Travel,Business,1849,1,1,1,1,5,4,4,4,4,4,4,5,5,3.31,0,0,TRUE
Male,Loyal Customer,25,Business Travel,Business,872,3,3,3,3,3,3,3,3,4,5,3,4,3,3.31,0,0,FALSE
Female,Disloyal Customer,18,Business Travel,Eco,302,3,1,3,3,4,3,4,4,1,1,2,2,4,2.69,0,0,FALSE
Male,Loyal Customer,19,Personal Travel,Eco,986,3,5,2,5,5,2,5,5,5,2,5,3,5,4,0,0,FALSE
Female,Disloyal Customer,27,Business Travel,Business,328,1,1,1,1,3,1,1,3,5,3,5,5,3,2.54,0,0,FALSE
Female,Loyal Customer,64,Personal Travel,Eco,187,3,5,3,2,2,4,5,2,2,3,2,5,3,3.15,52,57,FALSE
Female,Loyal Customer,50,Business Travel,Business,2061,4,4,4,4,3,5,5,5,5,5,5,4,3,4.31,0,0,TRUE
Female,Loyal Customer,41,Business Travel,Business,3650,3,2,2,2,5,2,2,3,3,3,3,3,1,2.62,0,0,FALSE
Female,Loyal Customer,11,Personal Travel,Eco,328,1,2,1,3,4,1,4,4,4,2,4,2,4,2.77,18,13,FALSE
Male,Loyal Customer,32,Business Travel,Eco Plus,140,5,4,4,4,5,5,5,5,3,2,5,4,5,4.31,0,10,TRUE
Male,Loyal Customer,30,Business Travel,Business,2229,5,5,5,5,5,5,4,5,3,5,5,3,5,4.62,69,59,TRUE
Female,Disloyal Customer,26,Business Travel,Business,937,4,4,4,2,3,4,3,3,3,2,4,4,3,3.31,0,0,TRUE
Female,Loyal Customer,27,Business Travel,Business,1123,2,2,2,2,5,5,5,5,3,3,5,3,5,3.62,1,0,TRUE
Female,Loyal Customer,45,Business Travel,Eco,1499,3,4,4,4,1,4,4,3,3,3,3,3,2,3.15,32,58,TRUE
Male,Loyal Customer,32,Business Travel,Business,3060,4,4,2,4,5,5,5,5,4,1,1,1,5,3.54,0,0,TRUE
Male,Disloyal Customer,49,Business Travel,Business,1076,2,2,2,3,5,2,5,5,1,3,2,4,5,3.15,8,25,FALSE
Female,Loyal Customer,55,Business Travel,Eco,972,4,3,3,3,3,4,3,4,4,4,4,3,1,3.31,0,0,TRUE
Male,Loyal Customer,67,Personal Travel,Eco,594,2,5,2,3,4,2,4,4,4,5,3,1,4,3.31,0,0,FALSE
Female,Loyal Customer,44,Business Travel,Business,2957,2,2,2,2,3,5,5,4,4,5,4,3,5,3.54,0,0,TRUE
Female,Loyal Customer,37,Personal Travel,Eco,624,1,1,1,2,3,1,3,3,2,4,2,2,3,2.15,14,21,FALSE
Female,Loyal Customer,49,Business Travel,Eco,529,5,2,5,2,3,4,5,5,5,5,5,5,4,4.23,0,0,TRUE
Male,Loyal Customer,61,Business Travel,Eco,319,4,2,2,2,4,4,4,4,1,1,2,3,4,2.85,0,0,TRUE
Male,Loyal Customer,33,Business Travel,Business,3514,3,2,5,2,3,4,3,3,1,4,4,4,3,3.15,3,6,FALSE
Male,Loyal Customer,64,Business Travel,Business,2660,2,2,2,2,2,5,5,5,5,5,5,3,4,3.62,0,0,TRUE
Male,Loyal Customer,31,Business Travel,Business,519,1,4,4,4,1,1,1,1,4,5,4,1,1,2.46,44,34,FALSE
Male,Loyal Customer,11,Personal Travel,Eco,1249,4,5,5,4,3,5,3,3,4,3,4,5,3,3.92,39,66,FALSE
Female,Loyal Customer,63,Business Travel,Eco,160,5,3,3,3,4,5,1,5,5,5,5,2,4,3.85,0,5,TRUE
Female,Loyal Customer,36,Personal Travel,Eco,610,1,1,1,3,1,1,1,3,4,4,3,1,1,1.92,159,160,FALSE
Female,Loyal Customer,45,Business Travel,Eco Plus,265,5,4,4,4,3,4,3,5,5,5,5,2,4,4.08,0,27,TRUE
Female,Loyal Customer,44,Business Travel,Business,3813,1,1,1,1,5,1,2,4,4,4,4,2,4,2.62,4,0,TRUE
Female,Loyal Customer,29,Personal Travel,Eco,460,3,2,3,2,4,3,5,4,2,4,3,2,4,3.15,49,68,FALSE
Male,Loyal Customer,31,Personal Travel,Eco,1061,2,4,2,1,5,2,3,5,3,3,4,3,5,3.23,0,2,FALSE
Female,Loyal Customer,50,Personal Travel,Eco,1276,2,4,2,4,5,3,2,5,5,2,3,3,1,3.15,0,0,FALSE
Male,Loyal Customer,52,Business Travel,Business,2926,1,5,5,5,5,3,3,1,1,1,1,1,4,2.77,120,124,FALSE
Female,Disloyal Customer,26,Business Travel,Eco,2701,2,2,2,1,4,2,4,4,3,1,5,1,4,2.69,0,0,FALSE
Male,Loyal Customer,27,Business Travel,Eco,853,4,1,1,1,4,4,4,4,4,1,3,2,4,2.85,33,34,TRUE
Male,Loyal Customer,22,Personal Travel,Business,912,2,3,2,3,3,2,3,3,1,4,4,3,3,2.77,0,6,FALSE
Male,Loyal Customer,45,Business Travel,Business,1770,2,3,2,2,4,3,4,1,1,2,1,2,1,2.15,0,0,TRUE
Male,Loyal Customer,37,Business Travel,Business,3831,4,4,4,4,4,5,5,4,4,4,4,3,3,4,0,0,TRUE
Male,Loyal Customer,23,Business Travel,Eco Plus,651,4,4,4,4,4,5,5,4,3,1,3,1,4,3.54,0,0,TRUE
Female,Loyal Customer,48,Business Travel,Business,290,2,3,3,3,4,4,3,2,2,2,2,1,3,2.62,0,0,FALSE
Male,Loyal Customer,28,Personal Travel,Eco,965,3,2,4,1,1,4,1,1,1,3,1,3,1,2,0,0,FALSE
Female,Disloyal Customer,27,Business Travel,Business,977,5,5,5,4,3,5,5,3,3,3,5,4,3,4.08,40,31,TRUE
Male,Loyal Customer,38,Business Travel,Eco,201,5,1,1,1,5,4,5,5,1,2,5,2,5,3.23,0,1,TRUE
Female,Loyal Customer,48,Personal Travel,Eco,174,2,2,0,2,3,3,3,4,4,0,4,4,1,2.46,0,0,FALSE
Male,Disloyal Customer,22,Business Travel,Eco,407,3,0,3,3,5,3,5,5,1,3,3,3,5,3.23,0,0,FALSE
Female,Loyal Customer,29,Personal Travel,Eco,1235,2,1,2,4,4,2,4,4,3,5,4,1,4,3.08,0,0,FALSE
Female,Loyal Customer,61,Business Travel,Eco,677,5,4,4,4,2,1,5,5,5,5,5,5,4,4.15,108,101,TRUE
Female,Loyal Customer,45,Business Travel,Business,3661,4,4,4,4,2,1,4,5,5,5,5,2,3,3.69,67,55,TRUE
Female,Loyal Customer,48,Business Travel,Eco,73,5,1,1,1,2,1,2,3,3,5,3,2,4,2.54,0,0,TRUE
Female,Loyal Customer,42,Personal Travel,Business,1671,2,1,2,4,5,4,4,2,2,2,2,4,1,2.69,39,40,FALSE
Female,Loyal Customer,14,Business Travel,Eco,1119,4,5,5,5,4,4,2,4,1,5,3,4,4,3.85,3,0,FALSE
Female,Loyal Customer,49,Business Travel,Business,1773,4,4,4,4,4,5,4,2,2,2,2,3,3,3.31,0,0,TRUE
Female,Loyal Customer,37,Business Travel,Business,3258,4,4,4,4,3,4,5,5,5,5,5,3,3,4.15,0,0,TRUE
Male,Loyal Customer,48,Business Travel,Business,574,2,2,2,2,5,4,4,4,4,4,4,3,2,3.23,0,3,TRUE
Female,Loyal Customer,66,Personal Travel,Eco,334,2,5,5,4,3,4,5,3,3,5,3,4,4,3.85,0,0,FALSE
Male,Loyal Customer,8,Personal Travel,Eco Plus,607,2,5,2,3,1,2,4,1,4,2,5,5,1,2.85,0,8,FALSE
Male,Loyal Customer,48,Business Travel,Business,2713,1,1,1,1,3,4,4,5,5,5,5,5,4,3.38,9,15,TRUE
Male,Disloyal Customer,28,Business Travel,Business,624,4,4,4,2,1,4,1,1,4,2,5,4,1,2.85,0,0,TRUE
Female,Loyal Customer,30,Business Travel,Business,3731,1,1,1,1,4,4,4,4,3,5,4,4,4,3.08,0,0,TRUE
Female,Loyal Customer,70,Personal Travel,Eco,1024,3,4,3,4,3,4,5,4,4,3,4,4,5,3.85,98,95,FALSE
Male,Loyal Customer,58,Business Travel,Business,2470,3,3,3,3,3,4,5,5,5,5,5,5,4,4.08,17,8,TRUE
Male,Disloyal Customer,36,Business Travel,Business,447,2,2,2,5,5,2,5,5,3,2,5,4,5,3.62,8,1,FALSE
Female,Loyal Customer,40,Personal Travel,Eco,806,2,1,2,3,3,2,3,3,2,3,3,2,3,2.46,0,0,FALSE
Female,Loyal Customer,46,Personal Travel,Eco,2092,2,0,2,3,2,5,5,5,5,2,5,3,5,3.38,4,0,FALSE
Male,Loyal Customer,30,Personal Travel,Eco,216,1,0,0,3,1,0,1,1,2,4,3,5,1,1.69,0,2,FALSE
Female,Loyal Customer,54,Business Travel,Business,325,0,0,0,3,4,4,5,4,4,2,2,4,3,2.69,3,0,TRUE
Male,Loyal Customer,42,Business Travel,Business,356,5,5,5,5,5,5,4,5,5,5,5,5,5,4.92,0,0,TRUE
Male,Loyal Customer,59,Business Travel,Business,482,4,4,4,4,2,5,5,4,4,4,4,3,3,3.85,0,0,TRUE
Male,Loyal Customer,29,Business Travel,Eco,819,5,3,3,3,5,5,5,5,5,5,3,3,5,4.23,0,0,TRUE
Female,Loyal Customer,63,Personal Travel,Eco,1671,3,2,3,4,2,4,3,1,1,3,1,1,2,2.31,0,4,FALSE
Male,Loyal Customer,56,Personal Travel,Eco,438,1,3,1,3,3,1,3,3,1,3,2,4,3,2.38,0,0,FALSE
Female,Loyal Customer,25,Business Travel,Business,473,5,5,5,5,5,5,5,5,4,4,5,5,5,4.85,1,0,TRUE
Male,Disloyal Customer,28,Business Travel,Eco,731,2,2,2,3,4,2,4,4,3,1,4,2,4,2.85,1,0,FALSE
Female,Loyal Customer,52,Business Travel,Business,305,3,3,4,3,4,1,4,4,4,4,4,3,2,3.31,0,0,TRUE
Female,Loyal Customer,21,Personal Travel,Eco,484,2,1,2,5,2,2,2,2,4,4,4,3,2,2.69,0,0,FALSE
Female,Loyal Customer,56,Personal Travel,Eco Plus,1084,2,5,2,4,4,4,5,3,3,2,3,3,3,3.31,0,12,FALSE
Female,Loyal Customer,32,Business Travel,Business,405,1,1,1,1,2,2,2,2,3,5,5,4,2,2.38,0,0,TRUE
Male,Loyal Customer,35,Business Travel,Business,406,2,5,5,5,2,2,3,2,2,2,2,4,1,2.85,3,12,FALSE
Male,Loyal Customer,77,Business Travel,Eco,304,2,4,4,4,1,2,1,1,3,3,3,4,1,2.54,0,11,FALSE
Female,Loyal Customer,31,Business Travel,Business,3190,5,5,5,5,4,4,4,4,5,5,5,3,4,4.46,0,0,TRUE
Male,Disloyal Customer,55,Business Travel,Business,158,5,5,5,3,3,5,3,3,4,5,5,4,3,4.08,1,0,TRUE
Female,Disloyal Customer,23,Business Travel,Eco,650,3,2,3,3,1,3,1,1,4,5,4,3,1,2.62,76,78,FALSE
Male,Loyal Customer,53,Business Travel,Business,816,5,5,5,5,5,5,4,5,5,4,5,4,3,4.62,0,4,TRUE
Female,Loyal Customer,44,Personal Travel,Eco,621,2,4,2,1,3,4,4,2,2,2,2,4,5,2.85,0,0,FALSE
Female,Loyal Customer,25,Business Travel,Eco,846,4,4,4,4,4,3,1,4,1,3,3,4,4,3.31,24,14,FALSE
Female,Loyal Customer,48,Business Travel,Eco,300,5,4,3,3,3,2,5,5,5,5,5,4,2,3.92,0,0,TRUE
Male,Disloyal Customer,20,Business Travel,Eco,479,4,0,4,4,1,4,1,1,3,2,5,5,1,2.69,13,11,TRUE
Male,Loyal Customer,39,Business Travel,Business,1724,1,1,1,1,2,4,5,4,4,4,4,3,3,2.85,10,0,TRUE
Male,Loyal Customer,32,Business Travel,Eco Plus,550,5,4,4,4,5,5,5,5,5,2,1,5,5,4.23,78,75,TRUE
Female,Disloyal Customer,20,Business Travel,Eco,268,2,0,2,3,3,2,1,3,1,4,4,1,3,2.23,0,0,FALSE
Male,Loyal Customer,60,Business Travel,Business,1400,3,3,5,3,2,4,5,5,5,5,5,4,5,4.15,54,48,TRUE
Female,Loyal Customer,33,Business Travel,Business,1604,5,5,5,5,1,2,3,5,5,5,5,4,2,4,0,0,TRUE
Male,Loyal Customer,61,Personal Travel,Eco,669,2,4,2,1,1,2,1,1,3,5,5,3,1,2.38,0,0,FALSE
Female,Loyal Customer,25,Business Travel,Business,1872,2,2,2,2,4,4,4,4,5,4,3,5,4,3.46,0,0,TRUE
Male,Loyal Customer,52,Business Travel,Eco,829,5,2,2,2,5,5,5,5,4,3,5,4,5,4,3,0,TRUE
Female,Loyal Customer,60,Business Travel,Business,404,2,3,3,3,5,4,4,2,2,2,2,4,1,2.85,12,8,FALSE
Male,Loyal Customer,70,Personal Travel,Eco,861,2,5,2,4,4,2,4,4,4,2,5,4,4,3.54,3,14,FALSE
Male,Loyal Customer,30,Business Travel,Business,731,2,2,2,2,3,4,3,3,3,4,5,3,3,3,0,0,TRUE
Female,Loyal Customer,38,Personal Travel,Eco,293,3,5,3,2,1,3,1,1,3,5,4,4,1,2.77,0,26,FALSE
Female,Disloyal Customer,39,Business Travel,Eco,199,1,2,1,4,1,1,1,1,1,3,3,3,1,1.77,38,29,FALSE
Female,Loyal Customer,51,Business Travel,Eco Plus,341,4,4,4,4,4,2,2,4,4,4,4,5,3,3.69,0,0,TRUE
Male,Loyal Customer,64,Personal Travel,Eco Plus,406,5,1,4,3,2,4,4,2,3,1,3,4,2,2.92,0,0,TRUE
Male,Loyal Customer,55,Business Travel,Eco,197,4,4,4,4,4,4,4,4,1,3,1,4,4,3.46,28,33,FALSE
Female,Loyal Customer,39,Personal Travel,Eco,679,2,4,2,3,3,2,3,3,5,5,5,4,3,3.38,5,0,FALSE
Male,Disloyal Customer,20,Business Travel,Eco,566,4,3,4,2,2,4,1,2,1,4,3,5,2,2.85,1,18,FALSE
Male,Disloyal Customer,40,Business Travel,Business,227,5,5,5,2,1,5,1,1,4,1,3,1,1,2.69,10,17,TRUE
Male,Loyal Customer,43,Business Travel,Business,1678,2,2,2,2,2,5,1,4,4,4,4,5,1,2.92,49,20,TRUE
Female,Loyal Customer,49,Business Travel,Business,109,4,5,5,5,4,3,3,4,4,4,4,2,3,3.85,0,0,FALSE
Female,Disloyal Customer,11,Business Travel,Eco,1416,1,0,0,4,5,1,5,5,4,4,5,4,5,3.31,0,0,FALSE
Female,Loyal Customer,56,Business Travel,Business,3081,2,2,2,2,2,5,5,4,4,4,4,3,4,3.31,11,9,TRUE
Female,Disloyal Customer,52,Business Travel,Eco,964,1,1,1,3,1,1,1,1,3,3,3,3,1,1.77,0,0,FALSE
Male,Disloyal Customer,21,Business Travel,Eco,1104,2,3,3,3,2,2,2,2,2,4,4,2,2,2.54,1,0,FALSE
Male,Disloyal Customer,44,Business Travel,Eco,490,4,4,4,3,5,4,5,5,2,5,4,4,5,4.15,0,0,FALSE
Female,Loyal Customer,29,Business Travel,Business,563,4,4,4,4,5,5,5,5,5,1,5,2,5,4.15,5,0,TRUE
Female,Loyal Customer,23,Personal Travel,Eco,2797,3,3,2,3,2,3,3,4,5,4,3,3,3,3.15,0,0,FALSE
Male,Loyal Customer,49,Personal Travel,Eco,651,1,1,1,3,1,1,1,1,2,1,2,2,1,1.38,29,15,FALSE
Female,Loyal Customer,43,Personal Travel,Eco,369,1,4,1,4,1,4,3,2,2,1,2,4,3,2.46,0,2,FALSE
Female,Loyal Customer,54,Business Travel,Eco Plus,781,1,2,3,3,1,1,1,4,3,2,3,1,1,2,141,135,FALSE
Male,Loyal Customer,26,Business Travel,Business,2085,1,1,1,1,5,5,5,5,4,5,5,3,5,3.54,37,23,TRUE
Female,Disloyal Customer,30,Business Travel,Eco,772,3,3,3,4,5,3,5,5,2,3,4,1,5,3.54,25,49,FALSE
Female,Loyal Customer,26,Business Travel,Business,946,3,4,4,4,3,3,3,3,1,3,2,2,3,2.92,0,0,FALSE
Female,Loyal Customer,52,Personal Travel,Eco,1747,1,2,1,3,3,4,3,1,1,1,1,3,4,2.15,11,6,FALSE
Female,Loyal Customer,17,Personal Travel,Eco,964,2,4,3,4,2,3,2,2,3,5,5,5,2,3.23,0,0,FALSE
Male,Disloyal Customer,27,Business Travel,Business,925,3,3,3,2,2,3,2,2,2,5,2,2,2,2.54,0,9,FALSE
Male,Loyal Customer,59,Business Travel,Business,1346,2,2,2,2,4,5,5,4,4,4,4,4,3,3.46,0,0,TRUE
Female,Loyal Customer,59,Personal Travel,Eco,235,4,5,4,3,4,4,5,3,3,4,3,3,3,3.69,0,0,FALSE
Male,Disloyal Customer,25,Business Travel,Eco,406,3,0,3,2,5,3,5,5,5,3,3,1,5,3.31,0,0,FALSE
Female,Disloyal Customer,50,Business Travel,Eco,356,2,0,2,3,1,2,1,1,4,4,1,5,1,2.08,0,0,FALSE
Female,Loyal Customer,12,Personal Travel,Eco,616,2,3,3,4,4,3,4,4,2,4,1,3,4,3.15,88,83,FALSE
Male,Loyal Customer,49,Personal Travel,Eco,867,1,5,1,5,3,1,3,3,4,3,5,3,3,3.08,0,5,FALSE
Female,Loyal Customer,57,Business Travel,Business,299,1,1,1,1,4,5,5,5,5,4,5,5,4,3.54,0,0,TRUE
Male,Loyal Customer,58,Business Travel,Business,175,4,4,4,4,4,3,5,5,5,5,5,1,5,4.15,19,8,TRUE
Female,Loyal Customer,62,Personal Travel,Eco,338,4,4,4,4,2,5,5,3,3,4,3,5,3,3.77,27,30,FALSE
Female,Loyal Customer,22,Business Travel,Eco,667,2,1,1,1,2,2,2,2,1,2,4,1,2,1.77,61,58,FALSE
Female,Loyal Customer,24,Business Travel,Business,666,5,5,5,5,4,4,4,4,3,3,5,5,4,4.31,9,0,TRUE
Male,Loyal Customer,35,Personal Travel,Eco,462,1,4,1,3,5,1,5,5,4,5,3,2,5,3.38,0,0,FALSE
Female,Loyal Customer,32,Personal Travel,Eco,308,3,4,3,3,5,3,5,5,3,3,5,4,5,3.92,45,40,FALSE
Male,Loyal Customer,40,Business Travel,Business,550,3,5,5,5,3,3,4,3,3,3,3,1,1,3.23,0,0,FALSE
Male,Loyal Customer,54,Business Travel,Business,3447,2,5,5,5,3,2,3,2,2,2,2,1,1,2.69,0,10,FALSE
Male,Loyal Customer,32,Personal Travel,Business,388,2,4,2,2,4,2,4,4,3,4,4,3,4,3.23,0,0,FALSE
Male,Loyal Customer,49,Business Travel,Business,2069,4,4,4,4,5,1,4,5,5,4,5,2,4,3.92,23,4,TRUE
Male,Loyal Customer,49,Business Travel,Eco,199,4,5,5,5,4,4,4,5,3,2,3,4,4,4,283,305,TRUE
Female,Disloyal Customer,33,Business Travel,Eco,351,2,2,2,3,5,2,5,5,3,2,4,4,5,3.38,0,0,FALSE
Female,Loyal Customer,46,Business Travel,Business,2911,2,2,2,2,3,5,4,2,2,2,2,5,4,2.85,25,16,TRUE
Female,Loyal Customer,47,Business Travel,Business,1546,3,4,4,4,4,4,4,3,3,2,3,3,3,3.38,0,0,FALSE
Female,Disloyal Customer,33,Business Travel,Eco,760,2,2,2,3,5,2,5,5,3,5,4,2,5,3.46,65,58,FALSE
Female,Loyal Customer,11,Personal Travel,Eco,402,4,5,4,4,2,4,4,2,4,3,4,5,2,3.62,0,4,FALSE
Female,Loyal Customer,53,Personal Travel,Eco,135,3,2,3,3,3,4,4,4,4,3,4,2,4,3.31,2,65,FALSE
Male,Loyal Customer,26,Business Travel,Business,3032,1,1,1,1,5,5,5,5,4,3,5,4,5,3.46,12,0,TRUE
Male,Loyal Customer,8,Personal Travel,Eco,304,2,3,2,3,1,2,1,1,3,2,4,1,1,2,0,0,FALSE
Male,Loyal Customer,41,Business Travel,Business,1862,1,3,3,3,5,2,3,1,1,1,1,4,4,2.46,11,0,FALSE
Female,Loyal Customer,29,Personal Travel,Eco,616,1,5,1,4,4,1,4,4,4,1,2,4,4,3,31,42,FALSE
Male,Loyal Customer,76,Business Travel,Business,265,3,4,4,4,3,4,4,3,3,3,3,3,1,3.23,35,25,FALSE
Male,Loyal Customer,37,Personal Travel,Business,909,3,1,3,2,5,2,2,4,4,3,4,4,1,2.92,24,10,FALSE
Male,Loyal Customer,39,Business Travel,Business,3446,5,5,5,5,2,4,5,5,5,5,5,2,3,4.31,0,0,TRUE
Female,Loyal Customer,41,Business Travel,Business,997,4,4,4,4,4,4,4,5,5,5,5,3,3,4.15,0,0,TRUE
Male,Loyal Customer,42,Personal Travel,Eco,370,3,2,2,3,1,2,1,1,2,3,2,1,1,1.85,0,5,FALSE
Male,Loyal Customer,54,Business Travel,Business,2811,3,3,3,3,2,4,4,4,4,4,4,3,3,3.38,0,0,TRUE
Male,Loyal Customer,66,Personal Travel,Eco,696,1,5,0,4,2,0,2,2,5,5,5,4,2,2.85,0,0,FALSE
Male,Loyal Customer,47,Business Travel,Business,825,5,5,5,5,4,5,5,5,5,5,5,4,3,4.69,0,0,TRUE
Male,Loyal Customer,40,Personal Travel,Eco,1242,3,4,3,2,4,3,2,4,5,2,4,3,4,3.31,0,0,FALSE
Male,Loyal Customer,55,Business Travel,Business,188,5,5,3,5,1,5,3,5,5,5,3,2,4,3.92,19,3,TRUE
Male,Loyal Customer,64,Personal Travel,Eco Plus,2475,1,5,1,5,1,1,5,1,3,2,4,3,1,2.54,0,0,FALSE
Female,Loyal Customer,67,Personal Travel,Eco,812,4,2,4,3,2,3,4,4,4,4,4,4,4,3.54,7,5,TRUE
Female,Loyal Customer,32,Personal Travel,Eco,787,2,5,2,3,1,2,1,1,3,2,4,3,1,2.31,0,0,FALSE
Male,Disloyal Customer,35,Business Travel,Business,787,2,2,2,2,5,2,5,5,5,2,5,3,5,3.46,5,0,FALSE
Male,Loyal Customer,56,Personal Travel,Eco,1197,1,1,1,4,5,1,5,5,2,2,4,1,5,2.85,0,0,FALSE
Male,Loyal Customer,44,Business Travel,Business,515,2,1,2,2,3,4,4,5,5,5,5,5,3,3.54,0,0,TRUE
Male,Loyal Customer,47,Business Travel,Eco,503,4,5,4,5,4,4,4,4,3,1,3,3,4,3.69,0,7,TRUE
Female,Loyal Customer,34,Business Travel,Business,1980,5,5,5,5,4,3,5,5,5,5,5,1,2,4.23,0,0,TRUE
Female,Disloyal Customer,42,Business Travel,Business,432,3,3,3,4,5,3,5,5,5,2,4,5,5,4,17,11,FALSE
Male,Loyal Customer,53,Business Travel,Business,2340,3,3,3,3,4,4,3,2,2,2,2,5,5,3.15,0,20,TRUE
Female,Disloyal Customer,30,Business Travel,Business,1609,5,5,5,3,1,5,1,1,3,4,3,3,1,3.08,0,0,TRUE
Female,Disloyal Customer,26,Business Travel,Business,304,4,2,4,2,5,4,5,5,3,4,2,3,5,3.69,19,49,FALSE
Male,Disloyal Customer,34,Business Travel,Business,944,2,2,2,2,4,2,4,4,4,4,5,3,4,3.23,0,0,FALSE
Male,Loyal Customer,57,Business Travel,Business,399,1,1,1,1,4,1,2,3,3,3,3,3,5,2.38,0,0,TRUE
Female,Loyal Customer,10,Business Travel,Business,2468,3,4,4,4,3,3,3,3,3,2,4,1,3,3.08,12,17,FALSE
Male,Loyal Customer,18,Personal Travel,Business,674,3,5,3,1,1,3,1,1,4,4,4,4,1,2.69,40,29,FALSE
Female,Loyal Customer,65,Personal Travel,Eco,239,3,2,3,4,5,4,3,3,3,3,4,1,3,3.15,0,0,FALSE
Female,Loyal Customer,30,Personal Travel,Eco,257,5,3,5,3,3,5,3,3,4,2,3,1,3,3.31,0,42,TRUE
Male,Loyal Customer,52,Business Travel,Business,383,4,4,4,4,4,5,5,5,5,5,5,5,4,4.54,0,1,TRUE
Male,Loyal Customer,70,Personal Travel,Eco,760,3,2,3,2,2,3,5,2,3,5,2,4,2,2.92,0,0,FALSE
Male,Loyal Customer,28,Business Travel,Business,1450,1,1,1,1,4,4,4,4,3,3,5,3,4,2.92,0,0,TRUE
Female,Loyal Customer,51,Business Travel,Eco Plus,228,2,2,2,2,3,4,4,2,2,2,2,4,2,2.54,8,0,FALSE
Male,Disloyal Customer,22,Business Travel,Eco,764,2,2,2,5,5,2,5,5,5,3,1,4,5,3.54,0,0,FALSE
Male,Loyal Customer,53,Business Travel,Business,1426,4,4,3,4,5,5,4,5,5,5,5,4,5,4.46,0,0,TRUE
Male,Loyal Customer,29,Business Travel,Eco Plus,1076,1,4,4,4,1,1,1,1,3,5,3,1,1,2.31,21,20,FALSE
Male,Loyal Customer,37,Personal Travel,Eco,581,4,2,4,4,2,4,2,2,2,4,3,3,2,2.92,3,2,FALSE
Female,Loyal Customer,42,Business Travel,Business,2086,3,3,2,3,2,5,5,5,5,5,5,3,4,3.85,96,99,TRUE
Female,Loyal Customer,57,Personal Travel,Eco,867,1,3,0,3,3,3,2,5,5,0,5,4,4,2.92,24,66,FALSE
Male,Loyal Customer,59,Business Travel,Eco,395,5,5,5,5,5,5,5,5,4,3,2,2,5,4.31,3,1,TRUE
Female,Loyal Customer,57,Business Travel,Business,2729,2,2,2,2,2,5,4,4,4,4,4,3,4,3.23,13,6,TRUE
Female,Loyal Customer,34,Business Travel,Business,2586,2,1,1,1,2,3,4,2,2,2,2,1,4,2.08,91,109,FALSE
Male,Loyal Customer,69,Personal Travel,Eco,2496,2,2,1,4,1,1,1,2,1,3,4,1,1,1.85,0,28,FALSE
Female,Loyal Customer,15,Business Travel,Business,1009,1,1,1,1,4,4,4,4,5,5,2,5,4,3.15,0,1,TRUE
Female,Loyal Customer,60,Personal Travel,Eco Plus,337,3,4,3,3,4,5,4,2,2,3,2,4,3,3.23,0,0,FALSE
Female,Loyal Customer,52,Business Travel,Business,3218,4,4,4,4,5,4,5,5,5,5,5,3,5,4.46,0,0,TRUE
Male,Loyal Customer,68,Personal Travel,Eco,387,1,5,1,2,3,1,3,3,4,4,5,5,3,3.08,0,0,FALSE
Female,Loyal Customer,49,Personal Travel,Eco,227,2,4,0,3,4,4,4,2,2,0,2,2,2,2.38,0,0,FALSE
Male,Loyal Customer,49,Personal Travel,Eco,160,1,4,0,3,5,0,5,5,5,2,4,3,5,3.23,4,1,FALSE
Male,Loyal Customer,28,Business Travel,Business,926,2,4,4,4,2,2,2,2,1,1,4,1,2,2.38,23,16,FALSE
Female,Loyal Customer,39,Business Travel,Eco,4502,1,2,2,2,1,1,1,2,4,4,4,1,1,2,16,0,FALSE
Female,Disloyal Customer,14,Business Travel,Eco,546,5,5,4,4,4,4,4,4,5,3,4,5,4,4.23,0,0,TRUE
Female,Loyal Customer,47,Business Travel,Business,1076,3,3,3,3,3,5,5,4,4,4,4,3,3,3.62,20,3,TRUE
Female,Loyal Customer,37,Business Travel,Business,2330,3,4,4,4,2,4,4,3,3,3,3,1,3,3.15,0,0,FALSE
Female,Loyal Customer,30,Business Travel,Business,3243,2,2,3,2,4,4,4,4,4,5,3,4,4,3.46,0,0,TRUE
Female,Loyal Customer,36,Business Travel,Business,2056,2,3,3,3,5,3,3,4,4,4,2,3,3,3.23,5,0,FALSE
Male,Disloyal Customer,57,Business Travel,Eco,1014,2,2,2,2,1,2,1,1,1,2,1,3,1,1.62,25,9,FALSE
Female,Disloyal Customer,25,Business Travel,Business,391,5,4,5,5,3,5,3,3,4,4,5,5,3,4.15,0,0,TRUE
Male,Loyal Customer,45,Business Travel,Eco,484,5,2,2,2,5,5,5,5,1,3,5,3,5,3.69,0,0,TRUE
Female,Loyal Customer,67,Personal Travel,Eco,1173,2,5,3,1,4,4,4,1,1,3,1,5,4,2.92,0,0,FALSE
Female,Loyal Customer,28,Personal Travel,Eco,1310,3,4,3,3,4,3,4,4,4,5,4,5,4,3.85,5,29,FALSE
Female,Loyal Customer,53,Business Travel,Business,1730,4,4,4,4,5,4,5,5,5,5,5,4,4,4.46,11,8,TRUE
Female,Loyal Customer,52,Business Travel,Business,2245,3,3,3,3,3,5,5,2,2,2,2,4,3,3.08,5,2,TRUE
Male,Loyal Customer,41,Business Travel,Business,2800,1,4,4,4,2,1,2,1,1,1,1,3,3,2.15,8,2,FALSE
Male,Loyal Customer,51,Business Travel,Business,3666,2,2,2,2,5,5,4,4,4,5,4,3,3,3.46,0,0,TRUE
Male,Loyal Customer,52,Personal Travel,Eco,925,3,5,3,3,4,3,4,4,5,2,5,3,4,3.69,9,0,FALSE
Male,Loyal Customer,68,Business Travel,Business,1368,1,1,1,1,4,2,3,4,4,4,4,3,5,2.85,0,0,TRUE
Male,Loyal Customer,20,Personal Travel,Eco,534,2,5,3,3,1,3,1,1,5,2,4,5,1,2.77,0,0,FALSE
Male,Loyal Customer,51,Personal Travel,Eco,1728,4,5,4,3,4,4,4,4,5,5,5,5,4,4.31,0,0,TRUE
Female,Loyal Customer,54,Business Travel,Eco,202,4,4,4,4,2,2,2,4,4,4,4,1,1,3.08,0,0,TRUE
Female,Loyal Customer,58,Personal Travel,Eco,228,2,4,2,1,4,4,4,5,5,2,5,5,3,3.54,0,0,FALSE
Male,Loyal Customer,46,Business Travel,Business,3975,3,3,3,3,3,5,5,5,5,5,5,5,3,4.08,0,0,TRUE
Male,Loyal Customer,48,Business Travel,Business,2451,2,5,5,5,3,4,3,2,2,3,2,2,1,3,0,0,FALSE
Male,Loyal Customer,48,Business Travel,Business,3844,2,2,2,2,4,5,4,4,4,4,4,3,5,3.46,0,3,TRUE
Female,Loyal Customer,31,Personal Travel,Eco Plus,196,3,4,3,2,5,3,4,5,4,5,4,3,5,3.85,0,3,FALSE
Female,Loyal Customer,31,Business Travel,Business,3715,2,2,2,2,5,5,5,5,3,3,5,4,5,3.69,4,0,TRUE
Female,Loyal Customer,56,Personal Travel,Eco,812,1,2,1,4,5,4,4,2,2,1,2,4,1,2.54,0,0,FALSE
Female,Loyal Customer,36,Business Travel,Business,861,4,4,4,4,3,4,5,4,4,4,4,4,5,4.08,0,0,TRUE
Male,Loyal Customer,39,Personal Travel,Eco,584,3,5,3,1,5,3,5,5,5,4,5,4,5,4.08,0,0,FALSE
Female,Loyal Customer,57,Business Travel,Business,1525,2,2,2,2,5,4,4,3,3,3,3,4,5,3.23,0,0,TRUE
Female,Loyal Customer,27,Personal Travel,Eco,214,3,0,3,3,1,3,1,1,3,4,5,4,1,2.46,62,56,FALSE
Male,Loyal Customer,52,Personal Travel,Business,337,2,2,2,4,4,4,3,3,3,2,3,1,2,2.69,0,0,FALSE
Male,Loyal Customer,20,Personal Travel,Eco,1299,2,4,2,1,1,2,1,1,3,2,3,3,1,2,0,6,FALSE
Female,Loyal Customer,45,Business Travel,Eco,1021,2,5,5,5,3,4,3,2,2,2,2,4,2,3.15,0,16,FALSE
Male,Disloyal Customer,49,Business Travel,Business,296,2,2,2,1,5,2,5,5,4,4,5,5,5,3.62,0,0,FALSE
Female,Loyal Customer,36,Business Travel,Eco,1250,5,3,3,3,5,5,5,5,2,3,4,2,5,3.85,11,0,TRUE
Male,Loyal Customer,37,Business Travel,Business,3210,1,1,1,1,1,3,1,4,4,4,4,5,1,2.38,0,0,TRUE
Male,Disloyal Customer,20,Business Travel,Eco,468,3,2,3,4,3,3,3,3,4,1,3,4,3,3,9,7,FALSE
Male,Loyal Customer,44,Business Travel,Business,2153,5,5,5,5,2,2,2,4,5,4,4,2,2,3.62,4,22,TRUE
Male,Loyal Customer,21,Business Travel,Business,3201,4,4,4,4,5,5,5,5,5,3,5,5,5,4.54,0,3,TRUE
Female,Loyal Customer,10,Personal Travel,Eco,333,3,1,3,3,5,3,3,5,1,1,3,2,5,2.92,0,0,FALSE
Male,Loyal Customer,58,Business Travel,Business,2139,5,5,5,5,2,5,5,4,4,4,4,3,3,4.15,20,26,TRUE
Female,Loyal Customer,19,Business Travel,Business,936,3,3,3,3,5,5,5,5,5,3,4,5,5,4.15,0,0,TRUE
Female,Loyal Customer,51,Business Travel,Business,2182,2,2,2,2,3,3,4,4,4,4,4,3,5,3.23,9,0,TRUE
Female,Loyal Customer,20,Business Travel,Business,1346,2,2,2,2,4,4,4,4,4,5,4,4,4,3.46,0,3,TRUE
Female,Loyal Customer,26,Personal Travel,Eco Plus,164,4,5,0,2,2,0,2,2,3,4,5,4,2,2.69,11,0,FALSE
Female,Loyal Customer,31,Personal Travel,Eco,1504,3,5,3,2,3,4,4,4,2,5,5,4,4,3.69,131,125,FALSE
Female,Loyal Customer,41,Business Travel,Eco Plus,1597,2,1,1,1,3,4,3,2,2,2,2,1,3,2.08,3,32,FALSE
Male,Loyal Customer,57,Business Travel,Business,2817,4,4,4,4,3,5,4,5,5,5,5,4,4,4.31,0,0,TRUE
Male,Loyal Customer,51,Personal Travel,Eco,1829,2,3,1,3,3,1,3,3,3,4,3,2,3,2.62,13,0,FALSE
Male,Loyal Customer,57,Business Travel,Eco,192,5,1,1,1,5,5,5,5,1,5,1,2,5,3.23,13,12,TRUE
Female,Disloyal Customer,34,Business Travel,Eco,533,3,2,3,4,5,3,3,5,1,4,3,4,5,3.46,0,0,FALSE
Male,Loyal Customer,44,Business Travel,Eco,1463,4,2,2,2,4,4,4,4,4,3,1,5,4,3.31,130,111,TRUE
Female,Loyal Customer,57,Business Travel,Business,3013,2,2,2,2,3,5,4,3,3,4,5,3,3,3.15,0,0,TRUE
Female,Loyal Customer,34,Business Travel,Business,277,4,2,4,4,5,5,4,5,5,5,5,4,3,4.23,0,0,TRUE
Female,Disloyal Customer,39,Business Travel,Business,236,5,5,5,1,3,5,3,3,5,2,4,3,3,3.62,0,0,TRUE
Female,Loyal Customer,53,Business Travel,Business,3311,3,3,3,3,2,4,4,5,5,5,4,3,4,3.69,44,53,TRUE
Female,Loyal Customer,64,Personal Travel,Eco,528,2,4,2,1,4,5,4,2,2,2,2,3,4,2.85,0,0,FALSE
Female,Loyal Customer,39,Business Travel,Business,1972,3,3,3,3,4,4,5,5,5,5,5,4,5,4.15,7,29,TRUE
Female,Loyal Customer,29,Business Travel,Business,1576,1,1,1,1,1,1,1,1,2,4,3,1,1,1.46,4,37,FALSE
Male,Loyal Customer,43,Business Travel,Business,3267,2,2,2,2,4,2,2,4,4,4,4,2,5,3,0,0,TRUE
Male,Loyal Customer,52,Business Travel,Eco,404,5,1,1,1,5,5,5,5,1,1,2,5,5,3.23,0,0,TRUE
Male,Loyal Customer,55,Personal Travel,Eco Plus,967,2,5,2,4,4,2,4,4,5,4,4,5,4,3.77,35,24,FALSE
Female,Loyal Customer,9,Personal Travel,Eco Plus,628,1,2,1,4,4,1,5,4,2,4,4,4,4,3.08,30,42,FALSE
Female,Loyal Customer,47,Business Travel,Business,1121,4,4,4,4,3,4,4,4,4,4,4,4,4,3.92,0,0,TRUE
Male,Disloyal Customer,17,Business Travel,Eco,1060,3,3,3,2,1,3,3,1,4,2,5,1,1,2.46,21,1,FALSE
Male,Loyal Customer,38,Business Travel,Business,3810,3,3,3,3,5,5,4,4,4,4,4,4,5,3.92,4,5,TRUE
Male,Disloyal Customer,37,Business Travel,Eco,158,3,0,3,1,2,3,1,2,4,1,3,1,2,2,1,0,FALSE
Male,Loyal Customer,33,Personal Travel,Eco,2105,2,3,2,3,1,2,1,1,4,5,4,5,1,2.62,0,0,FALSE
Male,Loyal Customer,32,Business Travel,Business,2434,2,1,5,1,2,2,2,2,3,3,4,1,2,2.31,4,5,FALSE
Female,Loyal Customer,54,Business Travel,Business,151,2,2,2,2,3,3,3,4,4,4,2,4,1,2.77,0,0,FALSE
Male,Loyal Customer,22,Business Travel,Eco,1947,2,2,2,2,2,2,4,2,3,1,2,1,2,2.08,5,4,FALSE
Female,Loyal Customer,40,Business Travel,Business,1751,1,1,2,1,5,5,5,3,3,3,3,4,5,3.15,0,0,TRUE
Male,Loyal Customer,30,Business Travel,Business,141,1,3,3,3,4,3,1,4,3,5,3,3,4,3.08,0,0,FALSE
Male,Loyal Customer,44,Personal Travel,Eco,208,1,5,1,1,2,1,2,2,4,1,4,5,2,2.38,0,3,FALSE
Female,Loyal Customer,53,Business Travel,Business,295,0,0,0,1,2,4,4,3,3,3,3,4,3,2.31,0,0,TRUE
Male,Loyal Customer,9,Personal Travel,Eco,569,2,5,3,5,2,3,2,2,1,2,5,1,2,2.69,2,1,FALSE
Female,Loyal Customer,37,Personal Travel,Eco,352,1,5,1,4,3,1,3,3,4,3,5,3,3,3,0,0,FALSE
Male,Loyal Customer,41,Business Travel,Business,1416,3,3,4,3,4,1,5,3,3,3,3,1,5,3.15,0,2,TRUE
Male,Loyal Customer,32,Personal Travel,Eco,2556,3,4,3,1,5,3,5,5,2,4,1,3,5,3.38,0,0,FALSE
Female,Disloyal Customer,18,Business Travel,Eco,757,4,4,4,4,1,4,1,1,2,3,3,1,1,2.54,73,72,FALSE
Male,Loyal Customer,38,Business Travel,Eco,427,5,5,5,5,5,5,5,5,2,4,2,1,5,4.15,0,0,TRUE
Male,Disloyal Customer,9,Business Travel,Eco,685,2,1,1,1,3,1,3,3,5,4,4,4,3,2.69,0,0,FALSE
Male,Loyal Customer,51,Business Travel,Eco,1750,1,3,3,3,1,1,1,1,2,2,4,1,1,1.85,22,11,FALSE
Female,Loyal Customer,68,Personal Travel,Eco,994,2,1,2,2,2,3,3,3,3,2,3,1,3,2.31,0,0,FALSE
Female,Loyal Customer,48,Business Travel,Business,342,0,0,0,4,5,5,4,3,3,3,3,5,5,3.08,31,22,TRUE
Male,Loyal Customer,49,Business Travel,Business,1984,3,3,3,3,2,5,5,3,3,3,3,3,4,3.31,3,11,TRUE
Female,Loyal Customer,61,Business Travel,Business,1686,5,5,5,5,2,4,5,5,5,5,5,3,3,4.38,0,0,TRUE
Male,Disloyal Customer,23,Business Travel,Eco,990,2,2,2,3,1,2,1,1,5,2,4,4,1,2.31,35,32,FALSE
Female,Loyal Customer,54,Business Travel,Eco Plus,590,4,2,1,2,3,1,3,4,4,4,4,2,4,2.92,10,7,TRUE
Female,Loyal Customer,49,Business Travel,Business,2521,1,1,1,1,4,4,4,4,2,3,4,4,4,2.85,40,43,TRUE
Male,Loyal Customer,16,Personal Travel,Eco,937,2,4,3,4,2,3,2,2,3,5,4,1,2,2.85,0,0,FALSE
Female,Loyal Customer,54,Personal Travel,Eco,170,2,5,2,1,2,4,2,5,5,2,5,4,4,3.31,0,0,FALSE
Male,Loyal Customer,36,Business Travel,Business,1158,3,3,3,3,3,4,4,5,5,5,5,5,4,4,0,0,TRUE
Male,Loyal Customer,43,Business Travel,Business,1865,2,2,2,2,4,3,5,5,5,5,5,3,3,3.54,3,0,TRUE
Female,Loyal Customer,65,Personal Travel,Business,997,3,4,3,3,2,5,5,4,4,3,4,4,3,3.62,12,8,FALSE
Male,Disloyal Customer,25,Business Travel,Eco,391,3,0,3,3,4,3,4,4,2,3,2,5,4,3.08,0,0,FALSE
Female,Disloyal Customer,27,Business Travel,Business,404,5,5,5,2,3,5,3,3,4,3,5,4,3,3.85,0,0,TRUE
Male,Loyal Customer,28,Business Travel,Business,557,2,3,3,3,2,2,2,2,3,4,3,2,2,2.54,3,19,FALSE
Male,Loyal Customer,52,Business Travel,Business,2535,4,4,4,4,5,5,4,5,5,5,5,5,4,4.54,0,0,TRUE
Female,Loyal Customer,45,Business Travel,Business,630,1,1,1,1,2,5,5,3,3,3,3,3,5,2.77,0,1,TRUE
Female,Loyal Customer,36,Personal Travel,Eco,1506,1,4,1,5,2,1,2,2,3,5,4,3,2,2.69,28,22,FALSE
Female,Disloyal Customer,24,Business Travel,Business,581,5,0,5,4,4,5,4,4,3,3,4,5,4,3.85,11,7,TRUE
Female,Loyal Customer,17,Personal Travel,Eco,1990,2,3,2,3,5,2,5,5,3,5,3,3,5,3.54,0,0,FALSE
Female,Disloyal Customer,23,Business Travel,Eco,462,3,2,3,4,3,3,3,3,3,5,3,2,3,3.08,28,29,FALSE
Male,Loyal Customer,47,Business Travel,Business,2043,0,0,0,4,4,5,4,2,2,2,2,2,1,2.15,0,0,TRUE
Female,Disloyal Customer,23,Business Travel,Eco,1124,2,2,2,2,3,2,3,3,1,1,3,5,3,2.46,0,0,TRUE
Female,Loyal Customer,60,Business Travel,Business,315,4,4,4,4,5,5,4,4,4,4,4,3,4,4.08,17,10,TRUE
Male,Loyal Customer,64,Business Travel,Eco,224,5,2,2,2,5,5,5,5,1,4,4,4,5,3.77,0,0,TRUE
Male,Disloyal Customer,22,Business Travel,Eco,102,3,5,3,4,2,3,2,2,2,3,2,4,2,2.85,0,0,FALSE
Male,Disloyal Customer,30,Business Travel,Business,762,2,2,2,3,2,2,2,2,4,2,5,4,2,2.62,0,0,FALSE
Male,Loyal Customer,63,Personal Travel,Eco,689,2,5,2,1,5,2,5,5,5,5,4,5,5,3.92,0,0,FALSE
Male,Loyal Customer,31,Business Travel,Business,3004,2,2,2,2,4,5,4,4,5,4,5,5,4,3.69,0,0,TRUE
Male,Disloyal Customer,37,Business Travel,Eco,437,3,2,3,4,5,3,5,5,4,4,3,3,5,3.77,0,0,FALSE
Male,Loyal Customer,48,Business Travel,Eco,2304,5,5,5,5,5,5,5,5,5,2,3,2,5,4.38,0,0,TRUE
Female,Loyal Customer,47,Business Travel,Eco Plus,1056,3,2,2,2,5,4,2,3,3,3,3,3,4,3,42,27,TRUE
Male,Loyal Customer,51,Personal Travel,Eco,1072,5,4,5,3,4,5,4,4,5,3,4,4,4,4.15,0,0,TRUE
Male,Loyal Customer,48,Personal Travel,Eco,432,2,5,2,2,1,2,1,1,5,3,4,5,1,2.62,12,5,FALSE
Female,Loyal Customer,24,Personal Travel,Eco,307,1,5,1,1,2,1,2,2,3,3,4,5,2,2.46,47,52,FALSE
Female,Loyal Customer,37,Business Travel,Eco,391,5,5,5,5,5,5,5,5,3,4,4,4,5,4.62,0,13,TRUE
Male,Loyal Customer,37,Business Travel,Business,3009,2,1,1,1,5,3,2,2,2,2,2,1,2,2,0,0,FALSE
Female,Loyal Customer,32,Business Travel,Business,3888,3,2,2,2,3,3,3,3,4,2,4,4,3,2.92,5,15,FALSE
Male,Loyal Customer,50,Personal Travel,Eco,479,2,0,5,2,5,5,5,5,4,2,4,3,5,3.62,0,0,FALSE
Male,Disloyal Customer,55,Business Travel,Eco,1050,3,3,3,4,2,3,2,2,2,5,4,2,2,2.85,6,54,FALSE
Male,Loyal Customer,22,Personal Travel,Eco,913,4,5,4,2,4,4,3,4,5,4,5,3,4,3.92,0,0,FALSE
Male,Loyal Customer,60,Business Travel,Business,2001,3,3,3,3,1,4,3,2,2,2,2,4,2,2.62,57,43,TRUE
Male,Loyal Customer,30,Business Travel,Business,2926,4,5,5,5,4,4,4,4,4,5,4,4,4,4.31,0,0,FALSE
Male,Loyal Customer,24,Personal Travel,Eco,819,3,2,3,4,2,3,2,2,3,2,4,4,2,2.77,14,0,FALSE
Female,Loyal Customer,19,Business Travel,Eco Plus,862,0,3,0,1,2,3,2,2,5,5,4,5,2,2.62,0,2,TRUE
Female,Disloyal Customer,24,Business Travel,Business,300,3,2,2,2,2,2,2,2,3,3,3,2,2,2.31,248,250,FALSE
Male,Loyal Customer,29,Business Travel,Business,1533,2,2,2,2,2,2,2,2,2,3,4,1,2,2.15,8,34,FALSE
Male,Loyal Customer,36,Business Travel,Business,2313,1,1,2,1,2,1,5,5,5,5,5,5,2,3.08,0,8,TRUE
Female,Loyal Customer,39,Business Travel,Business,2700,0,5,0,1,5,5,5,5,5,5,5,3,5,3.77,13,0,TRUE
Female,Loyal Customer,61,Personal Travel,Eco,1384,3,4,3,4,2,3,3,4,4,3,1,2,4,3.08,0,0,FALSE
Female,Loyal Customer,42,Personal Travel,Eco,440,3,4,3,3,5,4,5,1,1,3,1,5,4,3.23,22,10,FALSE
Female,Loyal Customer,46,Business Travel,Business,1699,2,2,2,2,3,4,5,3,3,4,3,4,3,3.08,0,0,TRUE
Male,Loyal Customer,42,Business Travel,Business,338,1,4,4,4,5,4,3,1,1,1,1,4,3,2.77,44,21,FALSE
Female,Loyal Customer,38,Business Travel,Business,2398,4,4,4,4,4,4,3,3,3,4,3,3,5,3.69,3,4,TRUE
Male,Disloyal Customer,62,Personal Travel,Eco,888,2,3,2,4,3,2,1,3,2,3,4,1,3,2.54,0,0,FALSE
Female,Loyal Customer,50,Personal Travel,Eco Plus,404,2,4,2,4,4,5,5,2,2,2,2,4,3,3.15,16,8,FALSE
Female,Loyal Customer,14,Personal Travel,Eco,868,4,1,4,3,4,5,5,4,3,4,4,5,5,3.92,148,142,FALSE
Female,Loyal Customer,56,Business Travel,Business,3145,3,2,5,2,4,3,3,3,3,3,3,3,3,3.08,0,0,FALSE
Male,Loyal Customer,45,Business Travel,Eco,481,3,4,5,4,3,3,3,3,4,3,3,1,3,3.23,25,31,FALSE
Female,Disloyal Customer,49,Business Travel,Eco,784,3,3,3,3,3,3,3,3,2,4,4,2,3,3,0,36,FALSE
Male,Loyal Customer,13,Personal Travel,Eco,508,3,5,3,2,2,3,4,2,3,3,5,4,2,3.15,13,4,FALSE
Female,Loyal Customer,60,Business Travel,Business,2738,3,3,3,3,2,4,4,4,4,4,4,5,4,3.62,0,0,TRUE
Male,Loyal Customer,50,Business Travel,Business,1147,2,2,2,2,1,3,3,2,2,2,2,4,1,2.15,0,0,FALSE
Male,Loyal Customer,34,Personal Travel,Eco,1345,4,1,4,2,2,4,2,2,2,4,2,3,2,2.62,0,20,FALSE
Female,Loyal Customer,39,Business Travel,Eco,749,3,4,4,4,3,3,3,3,4,5,3,2,3,3.38,25,40,FALSE
Male,Loyal Customer,12,Personal Travel,Eco Plus,1107,3,5,3,3,4,3,4,4,3,3,4,5,4,3.69,0,0,FALSE
Female,Loyal Customer,45,Business Travel,Business,1431,2,2,2,2,5,5,5,5,5,5,5,5,5,4.08,8,6,TRUE
Male,Loyal Customer,43,Business Travel,Eco,835,3,4,1,4,3,3,3,3,2,5,3,4,3,3.15,0,0,FALSE
Male,Loyal Customer,19,Personal Travel,Eco,280,3,4,3,4,4,3,4,4,2,1,3,1,4,3.08,0,13,FALSE
Female,Loyal Customer,53,Personal Travel,Eco,438,3,3,3,4,3,3,4,4,4,3,3,3,1,3.15,0,2,FALSE
Female,Disloyal Customer,27,Business Travel,Eco,794,3,3,3,3,4,3,4,4,3,3,2,4,4,3.31,0,18,FALSE
Female,Loyal Customer,21,Personal Travel,Eco,338,5,4,5,4,4,5,4,4,3,4,4,3,4,4.08,0,0,TRUE
Female,Loyal Customer,11,Personal Travel,Eco Plus,427,2,5,4,2,3,4,3,3,2,3,4,1,3,3,13,2,FALSE
Male,Loyal Customer,57,Business Travel,Business,333,3,3,3,3,2,4,4,5,5,5,5,4,5,3.92,0,0,TRUE
Male,Loyal Customer,53,Business Travel,Eco,1237,2,5,2,5,2,2,2,2,4,2,4,4,2,2.92,0,11,FALSE
Female,Loyal Customer,14,Personal Travel,Eco,373,3,2,1,4,1,1,1,1,1,4,4,2,1,2,3,0,FALSE
Female,Loyal Customer,40,Business Travel,Business,1818,3,3,3,3,5,1,3,3,3,3,3,5,3,3.15,10,14,TRUE
Male,Disloyal Customer,37,Business Travel,Eco Plus,551,3,3,3,3,1,3,1,1,1,5,3,3,1,2.38,6,3,FALSE
Male,Loyal Customer,54,Business Travel,Business,525,4,4,3,3,1,1,2,4,4,4,4,2,2,2.92,6,0,FALSE
Male,Disloyal Customer,38,Business Travel,Eco,565,1,0,1,3,2,1,2,2,5,4,2,2,2,2.08,0,0,FALSE
Male,Loyal Customer,51,Business Travel,Business,821,3,3,4,4,4,3,3,3,3,3,3,4,2,3.23,0,9,FALSE
Male,Loyal Customer,63,Business Travel,Eco,216,5,1,4,1,5,5,5,5,4,1,1,2,5,3.38,0,0,TRUE
Female,Loyal Customer,35,Business Travel,Eco,507,2,3,5,3,2,2,2,2,2,4,4,4,2,2.85,54,46,FALSE
Male,Disloyal Customer,26,Business Travel,Eco,588,4,4,4,4,5,4,2,5,5,5,5,5,5,4.38,0,0,FALSE
Male,Loyal Customer,42,Business Travel,Business,2248,3,3,5,3,5,4,5,3,3,3,3,3,5,3.69,17,19,TRUE
Female,Loyal Customer,54,Business Travel,Business,2292,5,5,5,5,3,3,4,5,5,5,3,1,2,3.92,0,0,TRUE
Female,Loyal Customer,58,Business Travel,Business,109,4,4,4,4,5,3,4,5,5,5,5,5,4,4.38,0,0,TRUE
Female,Disloyal Customer,24,Business Travel,Business,1927,0,5,0,2,1,0,1,1,5,3,4,5,1,2.15,0,0,TRUE
Male,Loyal Customer,39,Business Travel,Eco,191,2,4,4,4,2,2,2,2,1,2,2,3,2,2.46,0,0,TRUE
Male,Disloyal Customer,39,Business Travel,Business,258,5,5,5,2,4,5,4,4,5,3,4,5,4,4.23,2,0,TRUE
Female,Loyal Customer,41,Business Travel,Business,1235,4,4,4,4,4,5,4,5,5,5,5,4,5,4.46,0,0,TRUE
Male,Loyal Customer,41,Business Travel,Business,1554,0,0,0,3,2,5,5,4,4,4,4,5,5,3.15,31,29,TRUE
Male,Loyal Customer,16,Personal Travel,Eco,813,1,4,1,2,3,1,3,3,4,3,5,4,3,2.85,0,0,FALSE
Female,Loyal Customer,56,Business Travel,Business,2513,2,3,4,3,1,3,3,2,2,2,2,1,4,2.46,0,0,FALSE
Male,Loyal Customer,36,Business Travel,Business,775,2,2,2,2,5,4,4,3,3,4,3,5,5,3.38,0,0,TRUE
Female,Loyal Customer,54,Business Travel,Business,441,4,4,4,4,2,4,4,5,5,5,5,3,4,4.08,54,45,TRUE
Male,Loyal Customer,47,Personal Travel,Eco,319,3,4,3,5,2,3,2,2,5,2,4,2,2,3,0,0,FALSE
Male,Loyal Customer,66,Personal Travel,Eco,980,4,2,4,3,4,4,3,4,2,1,3,2,4,3.08,0,0,FALSE
Male,Loyal Customer,66,Personal Travel,Eco,1452,4,4,4,3,3,4,1,3,3,1,5,1,3,3,0,0,FALSE
Female,Loyal Customer,41,Personal Travel,Eco,309,2,4,2,2,4,2,4,4,5,2,4,5,4,3.38,0,0,FALSE
Female,Loyal Customer,15,Personal Travel,Business,762,3,3,4,3,1,4,4,1,4,4,3,2,1,2.85,125,106,FALSE
Male,Loyal Customer,60,Personal Travel,Eco,967,4,5,4,2,4,4,4,4,4,3,5,5,4,4,10,10,FALSE
Male,Loyal Customer,59,Personal Travel,Eco,578,2,4,2,1,4,2,4,4,1,1,1,2,4,2.46,0,42,FALSE
Female,Loyal Customer,54,Business Travel,Business,1562,3,3,3,3,4,4,5,5,5,4,5,5,5,4.15,5,8,TRUE
Female,Loyal Customer,52,Business Travel,Business,3659,5,5,5,5,2,4,5,5,5,5,5,3,3,4.38,0,,TRUE
Female,Loyal Customer,41,Business Travel,Business,134,0,5,0,2,4,4,4,4,4,4,4,5,4,3.38,0,0,TRUE
Male,Loyal Customer,28,Personal Travel,Eco,666,3,5,3,2,4,3,4,4,4,4,4,4,4,3.69,0,0,FALSE
Male,Loyal Customer,68,Personal Travel,Eco Plus,197,3,5,3,3,5,3,5,5,3,4,5,4,5,4.08,22,9,FALSE
Male,Loyal Customer,48,Business Travel,Eco Plus,521,5,5,5,5,5,5,5,5,2,3,5,2,5,4.38,0,16,TRUE
Female,Disloyal Customer,46,Business Travel,Eco,1042,1,1,1,3,3,1,3,3,4,5,3,1,3,2.46,0,0,FALSE
Male,Loyal Customer,57,Personal Travel,Eco,447,3,5,4,5,5,4,3,5,3,5,4,4,5,4.23,0,0,FALSE
Male,Disloyal Customer,22,Business Travel,Eco,536,3,3,3,1,4,3,1,4,2,3,2,4,4,2.85,0,0,FALSE
Male,Loyal Customer,66,Personal Travel,Eco,1372,1,4,1,1,2,1,2,2,4,5,4,5,2,2.62,0,0,FALSE
Male,Loyal Customer,11,Personal Travel,Eco,305,2,5,2,2,2,2,2,2,3,4,5,3,2,2.77,9,1,FALSE
Male,Loyal Customer,28,Business Travel,Business,2358,3,3,3,3,5,5,5,1,1,4,2,5,5,3.46,5,12,TRUE
Male,Disloyal Customer,27,Business Travel,Eco Plus,628,2,2,2,4,1,2,1,1,4,5,3,1,1,2.23,4,5,FALSE
Female,Disloyal Customer,29,Business Travel,Eco Plus,1069,1,1,1,3,4,1,4,4,2,4,2,1,4,2.46,0,33,FALSE
Male,Disloyal Customer,33,Business Travel,Business,417,2,2,2,3,3,2,3,3,4,2,4,4,3,2.85,20,13,FALSE
Female,Loyal Customer,32,Business Travel,Business,371,5,5,5,5,3,3,3,3,3,3,5,4,3,3.85,0,0,TRUE
Female,Loyal Customer,53,Business Travel,Business,594,3,2,2,2,5,4,3,3,3,3,3,2,3,2.92,0,0,FALSE
Male,Loyal Customer,61,Personal Travel,Eco,641,3,5,3,3,5,3,5,5,4,5,4,3,5,4.08,0,0,FALSE
Male,Loyal Customer,30,Business Travel,Business,991,4,3,4,4,4,5,4,4,5,4,4,4,4,4.08,0,0,TRUE
Male,Loyal Customer,59,Personal Travel,Eco,327,4,0,4,3,3,4,3,3,4,5,4,5,3,3.46,9,6,FALSE
Male,Loyal Customer,33,Business Travel,Business,386,2,2,2,2,5,5,5,5,3,2,5,3,5,3.54,0,0,TRUE
Male,Loyal Customer,45,Business Travel,Business,1862,1,1,1,1,2,5,4,5,5,5,5,5,5,3.46,22,25,TRUE
Female,Loyal Customer,31,Business Travel,Business,3293,2,2,3,2,4,3,4,4,4,4,2,1,4,3,4,11,TRUE
Male,Loyal Customer,45,Business Travel,Business,2058,2,2,2,2,2,4,5,4,4,5,4,4,4,3.38,0,0,TRUE
Male,Loyal Customer,26,Personal Travel,Eco,2994,1,3,1,3,1,5,5,4,3,1,3,5,5,3.08,18,23,FALSE
Female,Disloyal Customer,30,Business Travel,Business,874,2,2,2,4,5,2,5,5,4,3,4,5,5,3.69,0,0,FALSE
Male,Loyal Customer,70,Business Travel,Business,2237,2,1,1,1,2,1,1,1,1,1,2,2,3,1.46,0,0,FALSE
Male,Loyal Customer,30,Business Travel,Business,2123,4,5,4,4,2,2,2,2,3,1,4,2,2,2.85,0,0,TRUE
Female,Disloyal Customer,21,Business Travel,Eco,588,4,2,5,4,3,5,3,3,2,3,4,3,3,3.38,0,0,FALSE
Male,Loyal Customer,65,Personal Travel,Eco Plus,182,3,4,3,4,2,3,2,2,1,2,4,1,2,2.54,0,0,FALSE
Female,Disloyal Customer,19,Business Travel,Eco,1372,4,4,4,3,4,4,4,4,4,3,5,2,4,3.77,0,0,TRUE
Male,Disloyal Customer,23,Business Travel,Eco,1416,4,4,4,3,4,4,4,4,2,3,4,4,4,3.69,0,0,FALSE
Female,Loyal Customer,37,Business Travel,Eco,1072,1,5,5,5,1,1,1,1,4,3,4,4,1,2.77,0,0,FALSE
Male,Loyal Customer,21,Personal Travel,Eco,787,3,4,3,3,5,3,5,5,5,2,5,4,5,4,91,75,FALSE
Female,Disloyal Customer,34,Business Travel,Eco,488,2,0,2,4,5,2,5,5,2,2,3,4,5,3.15,22,17,FALSE
Female,Loyal Customer,16,Personal Travel,Eco,147,5,4,5,3,3,5,3,3,2,3,4,4,3,3.62,0,0,TRUE
Female,Loyal Customer,58,Business Travel,Business,3810,5,5,5,5,4,5,4,4,4,4,4,5,5,4.54,8,0,TRUE
Female,Loyal Customer,37,Personal Travel,Eco,236,2,4,0,4,3,0,3,3,5,5,5,5,3,3.23,6,0,FALSE
Male,Loyal Customer,64,Personal Travel,Eco,1874,3,2,3,4,5,3,5,5,4,3,4,1,5,3.62,6,16,FALSE
Female,Disloyal Customer,36,Business Travel,Eco,425,1,0,0,3,1,0,1,1,2,2,3,3,1,1.38,0,0,FALSE
Female,Loyal Customer,69,Business Travel,Eco,216,3,4,4,4,1,3,3,3,3,3,3,3,2,3,0,9,FALSE
Male,Loyal Customer,41,Personal Travel,Eco,1670,2,5,2,2,5,2,5,5,4,2,4,3,5,3.54,19,18,FALSE
Female,Loyal Customer,59,Business Travel,Business,3332,3,3,3,3,3,4,5,5,5,5,5,3,4,3.92,23,22,TRUE
Female,Loyal Customer,45,Business Travel,Business,985,3,3,3,3,5,4,4,3,3,4,3,4,4,3.54,0,0,TRUE
Male,Loyal Customer,17,Business Travel,Business,3378,5,5,5,5,4,4,4,4,2,3,5,4,4,4.15,0,0,TRUE
Male,Disloyal Customer,27,Business Travel,Eco,491,3,2,3,3,2,3,2,2,4,3,4,1,2,2.62,6,0,FALSE
Male,Loyal Customer,37,Business Travel,Business,2704,4,4,1,4,2,4,5,4,4,4,4,4,5,3.77,3,0,TRUE
Male,Loyal Customer,30,Personal Travel,Eco,127,4,3,0,4,3,0,4,3,3,4,3,4,3,2.92,34,29,FALSE
Male,Disloyal Customer,33,Business Travel,Eco,102,3,0,3,1,4,3,4,4,4,2,5,1,4,2.92,0,0,FALSE
Male,Loyal Customer,34,Business Travel,Business,2992,1,1,1,1,5,5,4,5,5,5,5,3,3,3.38,0,0,TRUE
Male,Loyal Customer,27,Business Travel,Eco Plus,528,1,5,5,5,1,2,1,1,3,2,3,4,1,2.62,8,4,FALSE
Male,Loyal Customer,18,Business Travel,Business,3024,1,0,0,3,5,0,5,5,3,2,4,3,5,2.77,53,52,FALSE
Male,Disloyal Customer,27,Business Travel,Business,888,5,5,5,1,5,1,1,5,3,5,4,1,1,3.23,168,165,TRUE
Male,Loyal Customer,33,Personal Travel,Eco,1598,3,4,3,4,1,3,1,1,3,2,4,4,1,2.62,0,0,FALSE
Male,Disloyal Customer,23,Business Travel,Eco,591,1,0,0,3,2,0,2,2,4,3,4,3,2,2,22,27,FALSE
Female,Loyal Customer,30,Business Travel,Business,2487,0,0,0,4,4,4,4,4,1,2,2,3,4,2.46,25,16,TRUE
Male,Loyal Customer,25,Business Travel,Eco,2569,5,1,1,1,5,5,5,5,1,1,5,5,5,3.46,4,0,TRUE
Female,Loyal Customer,60,Business Travel,Business,2644,1,1,1,1,5,4,4,4,4,4,4,4,5,3.23,0,0,TRUE
Female,Disloyal Customer,9,Business Travel,Business,802,5,2,5,3,1,5,1,1,3,5,5,5,1,3.23,0,0,TRUE
Female,Disloyal Customer,28,Business Travel,Eco Plus,451,2,2,2,3,3,2,3,3,2,2,4,4,3,2.69,0,0,FALSE
Male,Loyal Customer,29,Business Travel,Eco,214,1,2,4,4,1,1,1,1,3,3,4,2,1,2.15,0,11,FALSE
Male,Loyal Customer,65,Business Travel,Business,2071,2,4,4,4,2,3,4,2,2,1,2,1,3,2.62,24,54,FALSE
Female,Loyal Customer,57,Business Travel,Business,1416,2,2,2,2,2,5,5,4,4,4,4,3,4,3.31,0,0,TRUE
Female,Loyal Customer,59,Personal Travel,Eco,748,2,5,1,3,4,5,5,5,5,1,5,3,4,3.69,0,0,FALSE
Male,Disloyal Customer,35,Business Travel,Business,2585,3,3,3,3,3,3,3,4,3,5,5,3,3,3.38,0,0,FALSE
Male,Disloyal Customer,39,Business Travel,Business,230,5,5,5,2,1,5,1,1,2,4,1,3,1,2.77,0,0,TRUE
Male,Loyal Customer,57,Business Travel,Business,2673,2,2,2,2,3,5,5,4,4,4,4,3,3,3.31,17,27,TRUE
Male,Loyal Customer,48,Business Travel,Business,925,1,1,1,1,4,2,2,2,2,2,2,5,3,2.15,0,0,TRUE
Female,Loyal Customer,32,Business Travel,Business,1850,5,5,3,5,4,4,4,4,3,5,1,4,4,3.92,0,0,TRUE
Female,Loyal Customer,77,Business Travel,Business,3371,5,3,3,3,5,2,2,5,5,4,5,3,3,3.69,15,10,FALSE
Male,Loyal Customer,51,Business Travel,Eco,467,2,5,5,5,2,2,2,2,1,1,4,4,2,2.85,0,5,FALSE
Female,Loyal Customer,54,Business Travel,Business,328,4,4,4,4,4,4,4,4,4,4,4,4,4,4,0,0,TRUE
Female,Loyal Customer,54,Business Travel,Business,1718,5,5,5,5,4,1,2,5,5,5,4,2,4,4,8,8,TRUE
Female,Loyal Customer,13,Business Travel,Business,2361,3,3,3,3,5,5,5,5,3,3,5,4,5,4,6,0,TRUE
Female,Disloyal Customer,30,Personal Travel,Eco,451,2,4,2,1,5,2,5,5,4,5,4,3,5,3.62,0,0,FALSE
Female,Loyal Customer,54,Business Travel,Business,200,2,2,2,2,5,5,5,5,5,5,5,3,4,3.85,5,0,TRUE
Female,Disloyal Customer,52,Personal Travel,Eco,1306,1,5,1,1,2,1,2,2,5,5,4,4,2,2.69,0,19,FALSE
Male,Loyal Customer,65,Personal Travel,Eco,2846,2,3,2,3,4,2,4,4,5,2,3,5,4,3.31,0,0,FALSE
Male,Loyal Customer,48,Business Travel,Business,2182,2,2,2,2,1,4,4,4,4,4,4,4,4,3.15,0,0,TRUE
Female,Loyal Customer,25,Business Travel,Eco Plus,1372,5,4,4,4,5,4,3,5,3,5,1,2,5,3.85,1,0,TRUE
Female,Loyal Customer,32,Business Travel,Business,1269,2,3,5,5,2,2,2,2,3,2,3,3,2,2.77,0,2,FALSE
Male,Disloyal Customer,29,Business Travel,Eco,391,4,0,4,5,5,4,5,5,4,3,2,1,5,3.62,2,0,FALSE
Male,Loyal Customer,58,Business Travel,Business,2342,1,1,2,1,2,3,4,4,4,4,4,3,5,2.92,0,0,TRUE
Female,Disloyal Customer,25,Business Travel,Eco,788,3,3,3,4,1,3,1,1,2,1,1,5,1,2.23,4,0,FALSE
Female,Loyal Customer,41,Business Travel,Business,1723,5,5,5,5,4,3,4,5,5,5,5,5,5,4.69,109,97,TRUE
Male,Loyal Customer,18,Business Travel,Eco,362,1,4,4,4,1,1,1,1,2,5,3,2,1,2.31,1,0,FALSE
Female,Disloyal Customer,21,Business Travel,Business,223,5,2,5,5,5,5,2,5,4,4,4,5,5,4.31,0,0,TRUE
Male,Loyal Customer,28,Personal Travel,Eco,1590,3,5,3,3,2,3,2,2,5,3,5,3,2,3.15,30,18,FALSE
Male,Loyal Customer,60,Business Travel,Business,802,4,4,4,4,3,5,5,5,5,5,5,5,3,4.38,19,13,TRUE
Male,Loyal Customer,22,Business Travel,Business,727,1,1,1,1,4,4,4,4,5,2,4,5,4,3.08,25,9,TRUE
Female,Loyal Customer,48,Business Travel,Business,2485,5,5,5,5,3,5,4,5,5,5,5,3,4,4.54,0,0,TRUE
Female,Disloyal Customer,43,Business Travel,Business,1546,4,5,5,1,4,4,4,3,3,5,5,4,4,3.92,291,277,FALSE
Female,Disloyal Customer,48,Business Travel,Eco,1205,2,2,2,4,1,2,1,1,2,5,4,2,1,2.23,1,4,FALSE
Female,Loyal Customer,56,Business Travel,Business,1893,3,3,3,3,4,5,4,4,4,4,4,4,4,3.77,58,59,TRUE
Male,Loyal Customer,27,Personal Travel,Eco,319,3,2,3,2,5,3,5,5,4,5,3,3,5,3.69,0,6,FALSE
Female,Loyal Customer,33,Business Travel,Business,1831,1,2,2,2,3,2,2,1,1,1,1,3,1,1.69,12,12,FALSE
Male,Disloyal Customer,39,Business Travel,Eco,405,2,2,2,2,3,2,3,3,3,3,3,2,3,2.54,0,0,FALSE
Female,Loyal Customer,50,Business Travel,Business,1428,1,2,1,2,5,3,4,1,1,1,1,4,2,2.15,0,6,FALSE
Male,Disloyal Customer,25,Business Travel,Business,1197,0,0,0,2,1,0,3,1,3,3,5,3,1,1.69,0,0,TRUE
Female,Loyal Customer,37,Business Travel,Business,1598,4,4,4,4,3,3,4,3,3,4,3,5,4,3.69,0,0,TRUE
Male,Loyal Customer,25,Business Travel,Business,2020,5,5,5,5,3,3,3,3,5,5,5,3,3,4.08,0,0,TRUE
Female,Loyal Customer,47,Business Travel,Business,122,1,1,1,1,5,5,5,4,4,4,4,3,5,3.31,91,103,TRUE
Female,Loyal Customer,51,Business Travel,Business,1224,5,5,5,5,4,4,5,4,4,4,4,5,5,4.54,0,0,TRUE
Female,Loyal Customer,42,Business Travel,Eco,2446,1,5,5,5,4,2,4,1,1,1,1,3,1,2.62,0,0,FALSE
Female,Disloyal Customer,27,Business Travel,Eco,547,3,1,3,3,2,3,3,2,3,1,2,2,2,2.31,0,0,FALSE
Male,Loyal Customer,45,Personal Travel,Eco,509,3,4,3,1,4,3,4,4,5,5,4,4,4,3.69,0,0,FALSE
Male,Loyal Customer,33,Business Travel,Business,3114,2,4,2,2,5,5,5,5,5,2,3,3,5,3.69,1,0,TRUE
Female,Loyal Customer,56,Business Travel,Eco,867,4,3,5,3,2,3,5,4,4,4,4,3,3,3.62,0,0,TRUE
Female,Loyal Customer,32,Business Travel,Business,1744,3,3,4,3,3,3,3,3,4,5,3,4,3,3.38,74,70,FALSE
Male,Loyal Customer,41,Business Travel,Eco,140,4,2,2,2,4,4,4,4,4,2,4,3,4,3.31,0,0,TRUE
Male,Loyal Customer,72,Business Travel,Business,3453,5,5,5,5,4,5,5,1,5,3,4,5,5,4.38,205,193,FALSE
Male,Loyal Customer,42,Business Travel,Eco Plus,460,2,3,3,3,2,2,2,2,4,3,4,4,2,2.77,0,0,FALSE
Female,Loyal Customer,60,Personal Travel,Eco,386,2,3,2,3,2,4,3,3,3,2,3,2,2,2.62,4,3,FALSE
Male,Disloyal Customer,23,Business Travel,Business,989,0,4,0,2,1,0,1,1,3,5,4,4,1,2,92,76,TRUE
Female,Loyal Customer,65,Personal Travel,Eco,1299,4,4,4,5,3,4,4,3,3,4,3,4,3,3.69,32,30,TRUE
Male,Loyal Customer,49,Business Travel,Eco Plus,991,5,4,4,4,5,5,5,5,1,4,4,4,5,4.23,0,0,TRUE
Female,Loyal Customer,32,Business Travel,Business,2174,3,3,1,3,5,5,5,5,4,3,4,3,5,3.77,0,0,TRUE
Male,Loyal Customer,33,Business Travel,Eco Plus,918,4,3,3,3,4,4,4,4,4,2,3,4,4,3.54,0,0,FALSE
Male,Disloyal Customer,25,Business Travel,Business,223,4,3,5,4,4,5,4,4,1,1,3,1,4,3.31,23,25,FALSE
Female,Loyal Customer,47,Business Travel,Business,1598,1,1,1,1,2,5,5,3,3,3,3,2,3,2.54,30,20,TRUE
Female,Loyal Customer,30,Personal Travel,Eco,1189,2,5,2,3,5,2,5,5,4,5,4,5,5,4,0,0,FALSE
Male,Loyal Customer,48,Business Travel,Business,3360,5,5,5,5,2,4,4,4,4,4,4,4,5,4.23,0,0,TRUE
Female,Loyal Customer,23,Personal Travel,Eco,368,4,4,4,3,2,4,2,2,1,2,3,1,2,2.62,19,12,FALSE
Female,Loyal Customer,42,Business Travel,Eco,820,2,1,1,1,2,4,4,1,1,2,1,1,4,1.92,3,7,FALSE
Female,Loyal Customer,49,Business Travel,Business,1437,1,1,2,1,4,4,5,3,3,4,3,4,4,3,0,0,TRUE
Female,Loyal Customer,61,Business Travel,Business,2987,3,3,5,3,2,5,5,3,3,4,3,3,5,3.62,0,0,TRUE
Male,Loyal Customer,38,Business Travel,Eco,554,4,1,1,1,4,4,4,5,3,1,4,4,4,3.08,133,125,TRUE
Male,Loyal Customer,67,Personal Travel,Eco,374,5,4,5,3,4,5,4,4,1,5,3,1,4,3.69,0,0,TRUE
Female,Disloyal Customer,23,Business Travel,Eco,844,4,3,3,5,2,3,2,2,3,1,2,2,2,2.62,0,0,TRUE
Male,Loyal Customer,36,Business Travel,Business,762,4,1,1,1,4,4,4,3,3,4,3,4,4,3.08,200,218,FALSE
Female,Loyal Customer,63,Personal Travel,Eco,813,0,3,0,3,4,2,3,1,1,0,1,3,2,1.77,0,0,TRUE
Male,Loyal Customer,37,Business Travel,Business,671,3,3,3,3,5,4,4,4,4,4,4,3,3,3.62,21,14,TRUE
Male,Loyal Customer,41,Business Travel,Business,802,4,4,4,4,5,5,5,5,5,5,5,4,4,4.54,0,0,TRUE
Female,Loyal Customer,54,Personal Travel,Eco,621,1,5,2,2,2,5,4,3,3,2,3,3,4,3,10,11,FALSE
Female,Loyal Customer,39,Personal Travel,Eco,1990,4,2,4,3,3,4,3,3,4,1,3,2,3,3,0,0,TRUE
Male,Disloyal Customer,19,Business Travel,Business,214,3,2,3,3,2,3,2,2,1,1,3,2,2,2.23,8,0,FALSE
Female,Disloyal Customer,12,Business Travel,Eco,1005,3,3,3,2,1,3,1,1,5,2,4,3,1,2.46,5,0,FALSE
Male,Loyal Customer,21,Personal Travel,Eco Plus,265,1,4,1,4,1,1,1,1,2,1,4,2,1,1.85,70,107,FALSE
Female,Disloyal Customer,33,Business Travel,Eco,404,3,3,3,3,1,3,1,1,3,4,4,3,1,2.54,0,0,FALSE
Male,Loyal Customer,30,Business Travel,Eco Plus,226,3,4,4,4,3,3,3,3,1,1,3,2,3,2.85,102,100,FALSE
Male,Loyal Customer,47,Business Travel,Business,2765,2,1,1,1,2,3,4,2,2,2,2,1,2,1.92,15,11,FALSE
Male,Disloyal Customer,39,Business Travel,Eco,640,1,3,1,3,5,1,5,5,1,5,3,3,5,3.15,9,8,FALSE
Female,Loyal Customer,38,Personal Travel,Eco,712,1,3,2,3,4,2,4,4,1,4,4,5,4,3.15,0,0,FALSE
Female,Loyal Customer,57,Business Travel,Business,3500,1,1,1,1,5,2,3,1,1,1,1,4,1,1.77,0,0,FALSE
Male,Loyal Customer,37,Personal Travel,Eco,399,1,5,3,2,4,3,4,4,5,4,5,3,4,3.62,0,0,FALSE
Female,Loyal Customer,33,Personal Travel,Eco,532,2,4,4,5,4,4,4,4,5,4,4,4,4,4,7,12,FALSE
Male,Loyal Customer,53,Business Travel,Eco Plus,674,5,2,2,2,5,5,5,5,3,1,3,1,5,3.38,54,58,TRUE
Male,Loyal Customer,45,Business Travel,Business,2578,4,4,4,4,2,5,4,5,5,5,5,4,5,4.31,0,0,TRUE
Female,Loyal Customer,40,Business Travel,Business,2537,1,1,1,1,3,5,5,3,3,4,3,2,5,2.85,0,0,TRUE
Male,Loyal Customer,19,Personal Travel,Eco,468,1,5,5,1,5,5,5,5,3,5,5,1,5,3.92,9,4,FALSE
Male,Disloyal Customer,23,Business Travel,Eco,390,3,0,3,3,3,3,3,3,4,1,4,3,3,2.77,26,22,FALSE
Female,Loyal Customer,62,Personal Travel,Business,325,3,5,3,1,1,1,3,4,4,3,4,3,3,2.92,0,0,FALSE
Male,Loyal Customer,66,Personal Travel,Eco,431,2,3,2,3,1,2,1,1,4,3,3,4,1,2.31,0,0,FALSE
Male,Loyal Customer,48,Personal Travel,Eco,163,1,5,0,1,2,0,2,2,5,2,5,5,2,2.46,0,0,FALSE
Male,Loyal Customer,26,Business Travel,Business,1546,4,4,4,4,4,4,4,4,4,3,5,5,4,4.08,2,0,TRUE
Female,Loyal Customer,11,Business Travel,Business,1075,1,5,5,5,1,1,1,1,3,2,3,3,1,2.46,0,0,FALSE
Female,Loyal Customer,33,Personal Travel,Eco,1947,3,4,3,1,3,3,3,3,4,4,5,4,3,3.31,0,6,FALSE
Female,Loyal Customer,14,Business Travel,Eco Plus,1011,3,5,5,5,3,3,3,3,4,2,3,3,3,3.46,1,0,FALSE
Female,Loyal Customer,49,Business Travel,Business,2531,2,2,2,2,4,2,3,5,5,5,5,4,4,3.46,19,32,TRUE
Female,Loyal Customer,54,Business Travel,Business,3988,1,1,1,1,5,4,4,4,4,5,4,4,4,3.23,9,31,TRUE
Male,Disloyal Customer,40,Business Travel,Business,1464,2,2,2,5,5,2,2,5,5,5,4,4,5,3.69,0,32,TRUE
Male,Loyal Customer,28,Business Travel,Business,936,3,3,3,3,2,2,2,2,4,2,4,4,2,2.77,0,0,TRUE
Male,Loyal Customer,66,Personal Travel,Eco,405,4,1,4,3,4,4,4,3,5,3,2,4,4,3.46,241,246,FALSE
Female,Loyal Customer,65,Business Travel,Business,3718,2,5,5,5,4,3,4,2,2,3,2,4,4,3.46,0,0,FALSE
Male,Loyal Customer,21,Personal Travel,Eco,532,2,4,3,3,5,3,5,5,4,5,4,4,5,4,0,0,FALSE
Male,Loyal Customer,42,Business Travel,Eco,407,3,4,4,4,3,3,3,3,3,5,4,2,3,3.38,13,16,FALSE
Male,Loyal Customer,57,Business Travel,Business,3156,5,1,5,5,2,5,5,4,4,4,4,5,5,4.15,0,0,TRUE
Female,Disloyal Customer,29,Business Travel,Eco Plus,693,3,3,3,4,3,4,4,1,1,3,3,4,4,3.08,144,133,FALSE
Male,Loyal Customer,50,Business Travel,Business,594,3,2,3,3,3,5,4,4,4,4,4,3,3,3.46,0,4,TRUE
Female,Loyal Customer,60,Personal Travel,Eco,447,1,4,1,3,2,5,4,4,4,1,2,4,4,3,62,51,FALSE
Male,Loyal Customer,70,Personal Travel,Eco,251,5,5,5,3,4,5,4,4,4,5,4,5,4,4.38,0,0,TRUE
Female,Loyal Customer,42,Business Travel,Eco Plus,642,4,5,5,5,4,3,5,4,4,4,4,2,4,4.08,0,0,TRUE
Female,Disloyal Customer,34,Business Travel,Business,2288,1,1,1,1,4,1,4,4,4,5,3,4,4,2.85,84,64,FALSE
Male,Loyal Customer,67,Personal Travel,Eco,305,2,5,2,1,4,2,4,4,5,3,4,3,4,3.31,30,48,FALSE
Female,Loyal Customer,20,Personal Travel,Business,374,1,3,1,5,5,1,5,5,2,1,4,1,5,3,0,0,FALSE
Female,Loyal Customer,48,Business Travel,Eco,1514,1,3,4,3,1,3,4,1,1,1,1,2,4,2.23,0,0,FALSE
Female,Disloyal Customer,22,Business Travel,Eco,762,2,2,2,1,1,2,1,1,3,4,4,1,1,1.92,2,0,FALSE
Female,Loyal Customer,64,Business Travel,Business,1471,1,1,1,1,2,5,5,5,5,5,5,4,3,3.31,0,0,TRUE
Male,Loyal Customer,62,Business Travel,Business,2626,5,5,5,5,4,5,4,4,4,4,4,5,5,4.54,11,0,TRUE
Female,Loyal Customer,47,Business Travel,Eco Plus,888,1,3,3,3,2,3,4,1,1,1,1,1,1,1.92,0,7,FALSE
Male,Loyal Customer,21,Personal Travel,Eco Plus,1045,2,3,2,2,3,2,3,3,2,2,4,1,3,2.46,0,0,FALSE
Female,Loyal Customer,40,Business Travel,Business,862,4,1,1,1,1,4,4,4,4,4,4,4,3,3,38,32,FALSE
Male,Loyal Customer,57,Personal Travel,Eco,1303,0,1,0,3,4,0,4,4,2,4,2,4,4,2.46,0,0,TRUE
Male,Loyal Customer,63,Personal Travel,Eco,692,4,5,4,2,1,4,1,1,5,5,3,1,1,2.85,4,9,TRUE
Female,Loyal Customer,35,Business Travel,Business,1444,2,2,4,2,3,5,5,5,5,4,5,4,4,3.85,5,0,TRUE
Female,Loyal Customer,31,Business Travel,Business,458,2,2,2,2,2,2,2,2,2,3,4,3,2,2.31,0,0,FALSE
Male,Disloyal Customer,22,Business Travel,Eco,984,2,2,2,3,5,2,5,5,2,3,3,2,5,3.15,4,0,FALSE
Female,Loyal Customer,34,Business Travel,Eco Plus,501,0,0,0,1,4,0,5,4,3,3,1,1,4,2,0,0,TRUE
Female,Disloyal Customer,28,Business Travel,Eco,1428,4,4,4,3,5,4,3,5,4,5,3,2,5,3.92,20,18,FALSE
Female,Loyal Customer,68,Personal Travel,Eco,2454,4,4,4,4,5,4,3,4,4,4,4,4,4,4,1,0,FALSE
Male,Loyal Customer,15,Personal Travel,Eco,1055,1,5,1,5,2,1,2,2,3,3,4,3,2,2.62,0,0,FALSE
Male,Disloyal Customer,22,Business Travel,Eco,983,4,4,4,4,3,4,3,3,3,5,3,5,3,3.69,0,0,TRUE
Female,Disloyal Customer,9,Business Travel,Eco,646,1,4,1,3,4,1,4,4,3,3,4,3,4,3,76,67,FALSE
Male,Disloyal Customer,26,Business Travel,Eco,508,3,0,3,5,1,3,1,1,2,5,5,3,1,2.54,0,0,FALSE
Female,Disloyal Customer,43,Business Travel,Eco,696,2,2,2,3,5,2,5,5,4,4,3,1,5,3.31,0,0,FALSE
Female,Loyal Customer,35,Business Travel,Eco,268,3,3,3,3,3,3,3,3,2,3,4,2,3,2.92,60,81,FALSE
Male,Loyal Customer,54,Business Travel,Eco,692,4,5,5,5,4,4,4,4,2,5,1,4,4,3.92,16,12,TRUE
Female,Loyal Customer,30,Business Travel,Eco Plus,762,1,3,3,3,1,1,1,1,4,5,4,4,1,2.46,0,0,FALSE
Male,Loyal Customer,61,Personal Travel,Eco,328,1,0,1,2,4,1,4,4,4,3,4,4,4,2.77,0,0,FALSE
Male,Loyal Customer,30,Business Travel,Business,2451,3,1,1,1,3,3,3,3,1,1,3,4,3,2.31,0,0,FALSE
Male,Disloyal Customer,56,Business Travel,Eco,204,3,1,3,2,2,3,2,2,3,5,1,2,2,2.38,35,24,FALSE
Male,Loyal Customer,37,Personal Travel,Eco,583,4,5,3,5,2,3,2,2,3,4,4,5,2,3.38,0,0,TRUE
Male,Loyal Customer,26,Business Travel,Eco Plus,2248,5,4,4,4,5,3,5,5,2,5,4,5,5,4.31,9,40,TRUE
Female,Loyal Customer,49,Business Travel,Business,3330,5,1,5,5,4,4,4,5,5,5,5,3,4,4.23,0,0,TRUE
Female,Loyal Customer,57,Business Travel,Business,315,2,5,5,5,4,2,2,2,2,1,2,1,2,2.69,0,21,FALSE
Female,Disloyal Customer,23,Business Travel,Eco,354,2,0,2,4,4,2,4,4,3,2,2,5,4,2.92,3,0,FALSE
Male,Loyal Customer,38,Business Travel,Eco,192,5,2,2,2,5,5,5,5,4,3,3,3,5,3.77,0,0,TRUE
Female,Loyal Customer,32,Business Travel,Eco,1013,4,2,2,2,4,4,4,4,1,2,3,2,4,2.92,0,4,FALSE
Female,Loyal Customer,31,Business Travel,Business,1042,2,5,3,5,2,2,2,2,3,4,4,2,2,2.92,54,53,FALSE
Male,Loyal Customer,57,Business Travel,Business,3691,1,4,4,4,2,3,3,1,1,1,1,1,2,2.15,0,0,FALSE
Male,Loyal Customer,18,Business Travel,Business,2046,4,4,4,4,5,5,4,5,5,5,5,4,5,4.54,1,0,TRUE
Male,Loyal Customer,78,Business Travel,Eco,77,4,5,5,5,5,4,5,5,1,3,2,3,5,4,0,0,FALSE
Female,Loyal Customer,22,Business Travel,Eco,693,4,1,4,1,4,4,4,4,4,4,4,2,4,3.38,0,22,FALSE
Female,Loyal Customer,23,Personal Travel,Eco,139,2,3,2,3,3,2,3,3,4,5,3,2,3,2.92,47,45,FALSE
Male,Loyal Customer,44,Business Travel,Business,1933,2,2,2,2,3,5,5,5,5,5,5,4,3,3.69,0,0,TRUE
Male,Loyal Customer,63,Business Travel,Business,1471,2,2,2,2,5,5,5,4,4,4,4,4,3,3.54,21,13,TRUE
Male,Loyal Customer,20,Personal Travel,Eco,1334,3,5,3,3,4,3,4,4,4,2,5,3,4,3.62,0,0,FALSE
Female,Loyal Customer,46,Business Travel,Business,3898,2,2,2,2,3,4,5,4,4,4,4,3,5,3.38,68,42,TRUE
Female,Loyal Customer,29,Personal Travel,Business,1258,3,5,3,1,1,3,1,1,4,2,5,3,1,2.54,0,0,FALSE
Female,Loyal Customer,51,Business Travel,Business,247,3,3,3,3,2,4,5,4,4,4,4,5,3,3.62,0,2,TRUE
Male,Loyal Customer,10,Personal Travel,Eco,650,2,5,2,4,1,2,1,1,4,2,4,2,1,2.38,0,0,FALSE
Female,Disloyal Customer,18,Business Travel,Business,528,0,1,0,2,2,0,2,2,4,2,4,4,2,1.92,0,0,TRUE
Male,Loyal Customer,42,Business Travel,Business,3904,5,5,5,5,4,4,5,3,3,3,3,5,5,4.23,0,0,TRUE
Male,Loyal Customer,27,Personal Travel,Eco,337,2,2,2,3,1,2,1,1,3,1,4,2,1,1.92,0,3,FALSE
Female,Loyal Customer,45,Business Travel,Business,2565,5,5,5,5,5,4,5,5,5,5,5,4,4,4.77,0,0,TRUE
Male,Loyal Customer,22,Personal Travel,Eco,524,4,4,4,4,2,4,4,2,4,2,5,4,2,3.46,10,6,FALSE
Male,Loyal Customer,43,Business Travel,Eco,562,4,3,3,3,4,4,4,4,4,1,3,4,4,3.46,0,0,TRUE
Female,Loyal Customer,37,Personal Travel,Eco,361,3,4,3,3,4,3,4,4,4,3,3,4,4,3.54,0,0,FALSE
Female,Loyal Customer,69,Personal Travel,Eco,2556,3,2,3,3,4,4,4,5,5,3,5,1,2,3.38,0,0,FALSE
Female,Loyal Customer,10,Personal Travel,Eco,594,2,4,2,2,2,4,3,2,3,1,5,3,3,2.77,128,233,FALSE
Male,Loyal Customer,7,Personal Travel,Eco,954,3,5,3,1,4,3,4,4,4,3,4,3,4,3.46,0,0,FALSE
Male,Loyal Customer,23,Business Travel,Business,1340,2,2,2,2,5,5,5,5,5,4,4,3,5,3.77,61,47,TRUE
Male,Loyal Customer,40,Personal Travel,Eco,153,2,4,2,1,1,2,1,1,4,3,5,4,1,2.38,10,3,FALSE
Female,Loyal Customer,9,Personal Travel,Eco,1746,0,1,0,2,3,0,5,3,1,1,1,3,3,1.77,0,0,TRUE
Female,Loyal Customer,22,Business Travel,Business,110,0,5,0,2,1,1,1,1,3,1,3,2,1,1.62,0,0,TRUE
Female,Loyal Customer,42,Business Travel,Business,543,1,1,3,1,4,5,4,4,4,4,4,4,5,3.38,73,60,TRUE
Male,Loyal Customer,37,Business Travel,Business,2060,5,5,5,5,2,5,4,5,5,5,5,5,3,4.54,0,0,TRUE
Male,Loyal Customer,17,Business Travel,Business,1754,3,1,1,1,3,3,3,3,1,1,3,3,3,2.23,4,0,FALSE
Male,Loyal Customer,43,Personal Travel,Eco,653,1,1,1,3,5,1,2,5,2,1,3,2,5,2.46,25,13,FALSE
Female,Loyal Customer,50,Business Travel,Business,110,5,5,5,5,2,5,5,4,4,4,5,5,4,4.46,0,0,TRUE
Male,Loyal Customer,26,Business Travel,Business,2492,2,2,2,2,2,2,2,2,2,4,4,3,2,2.38,11,19,FALSE
Male,Loyal Customer,32,Personal Travel,Eco,258,2,3,2,5,5,2,5,5,3,3,1,2,5,3.31,10,4,FALSE
Female,Loyal Customer,16,Business Travel,Eco,621,2,4,4,4,2,2,1,2,3,3,4,1,2,2.62,32,23,FALSE
Male,Disloyal Customer,27,Business Travel,Business,393,4,4,4,4,5,4,5,5,5,4,4,3,5,4.31,0,9,TRUE
Male,Loyal Customer,23,Personal Travel,Eco,936,0,3,0,3,5,0,5,5,3,3,4,4,5,3.08,0,14,TRUE
Female,Loyal Customer,33,Personal Travel,Eco,2454,3,4,3,3,1,3,1,1,2,3,4,3,1,2.46,7,22,FALSE
Female,Disloyal Customer,16,Business Travel,Eco,325,2,3,2,4,2,2,2,2,3,1,4,5,2,2.62,6,0,FALSE
Male,Loyal Customer,39,Personal Travel,Eco,696,3,4,3,2,1,3,1,1,4,2,5,3,1,2.54,2,0,FALSE
Male,Loyal Customer,52,Business Travel,Business,1489,2,2,2,2,2,5,4,5,5,5,5,5,4,3.69,0,0,TRUE
Female,Loyal Customer,55,Business Travel,Eco,566,4,5,5,5,4,5,4,4,4,4,4,5,5,4.46,36,15,TRUE
Female,Loyal Customer,53,Business Travel,Business,1999,5,5,1,5,2,5,5,5,5,5,5,4,5,4.38,5,0,TRUE
Male,Disloyal Customer,56,Business Travel,Eco,642,5,0,5,2,5,5,5,5,1,2,2,1,5,3.31,0,0,TRUE
Female,Loyal Customer,20,Personal Travel,Eco,337,1,3,2,4,5,2,5,5,1,1,5,1,5,3.08,0,0,FALSE
Male,Loyal Customer,38,Business Travel,Eco,1440,1,5,5,5,1,1,1,1,3,2,3,3,1,2.46,0,0,FALSE
Female,Loyal Customer,49,Business Travel,Eco Plus,148,2,2,2,2,5,4,4,2,2,2,2,1,4,2.62,7,12,FALSE
Female,Disloyal Customer,49,Business Travel,Business,748,4,4,4,2,2,4,2,2,4,2,5,3,2,3.08,0,0,TRUE
Male,Loyal Customer,9,Business Travel,Business,1089,2,2,2,2,5,5,5,5,5,4,5,3,5,3.85,4,1,TRUE
Male,Loyal Customer,27,Business Travel,Business,936,3,5,5,5,3,3,3,3,3,4,3,2,3,3.46,56,40,FALSE
Female,Loyal Customer,28,Business Travel,Business,489,1,1,1,1,4,4,4,4,4,2,5,3,4,2.92,0,0,TRUE
Female,Disloyal Customer,30,Business Travel,Eco,719,3,2,2,3,4,2,2,4,4,4,3,4,4,3.15,0,0,FALSE
Male,Loyal Customer,24,Business Travel,Eco,187,2,1,1,1,2,3,2,2,2,2,4,4,2,2.15,83,82,FALSE
Male,Loyal Customer,47,Business Travel,Business,2253,1,2,1,1,4,4,5,4,4,4,4,3,3,3.08,51,47,TRUE
Female,Loyal Customer,38,Business Travel,Business,852,4,5,5,5,4,3,3,4,4,4,4,3,1,3.77,38,35,FALSE
Male,Loyal Customer,61,Personal Travel,Eco,300,2,4,2,1,2,2,2,2,5,5,5,5,2,3,15,10,FALSE
Female,Loyal Customer,51,Personal Travel,Eco,315,1,1,1,3,5,3,3,4,4,1,4,2,2,2.62,0,0,FALSE
Male,Loyal Customer,44,Personal Travel,Eco Plus,1670,3,5,4,1,1,4,1,1,2,2,2,4,1,2.38,0,0,FALSE
Female,Disloyal Customer,20,Business Travel,Eco,837,1,2,2,3,2,2,5,2,1,1,4,1,2,2.15,40,63,FALSE
Female,Loyal Customer,42,Business Travel,Business,2299,5,5,5,5,4,5,5,5,5,5,4,1,1,4.23,0,0,TRUE
Female,Loyal Customer,60,Business Travel,Business,979,2,2,2,2,2,1,4,4,4,4,4,3,1,2.69,0,0,TRUE
Female,Disloyal Customer,50,Business Travel,Eco,1235,2,2,2,3,4,2,4,4,3,2,4,4,4,3.08,5,12,FALSE
Female,Loyal Customer,54,Business Travel,Business,3055,2,2,2,2,4,4,5,4,4,4,4,4,5,3.54,0,0,TRUE
Female,Loyal Customer,53,Personal Travel,Eco,780,3,4,4,4,1,4,3,5,5,4,5,1,2,3.46,0,0,FALSE
Male,Loyal Customer,39,Personal Travel,Eco,630,3,4,3,3,5,3,4,5,3,2,4,5,5,3.77,11,12,FALSE
Female,Loyal Customer,48,Personal Travel,Eco,448,1,4,2,1,3,5,5,1,1,2,5,3,4,2.85,0,0,FALSE
Female,Disloyal Customer,25,Business Travel,Business,239,5,0,5,5,5,5,5,5,4,5,5,4,5,4.46,18,15,TRUE
Male,Loyal Customer,40,Business Travel,Eco,612,2,3,2,3,2,2,2,2,1,4,3,4,2,2.46,18,8,FALSE
Female,Loyal Customer,16,Personal Travel,Eco,883,2,2,2,3,1,2,1,1,1,2,3,1,1,1.69,1,0,FALSE
Male,Loyal Customer,59,Business Travel,Business,175,2,2,2,2,5,5,4,5,5,5,4,4,3,3.69,0,0,TRUE
Female,Loyal Customer,43,Business Travel,Business,2645,1,1,4,1,5,5,5,5,5,5,5,4,3,3.77,72,113,TRUE
Male,Loyal Customer,45,Business Travel,Business,2454,4,4,4,4,5,5,5,5,4,4,4,5,5,4.46,22,25,TRUE
Female,Loyal Customer,29,Personal Travel,Eco,1052,4,5,4,1,5,4,5,5,3,2,4,3,5,3.85,0,0,FALSE
Female,Disloyal Customer,27,Business Travel,Business,416,4,4,4,1,1,4,1,1,3,4,5,4,1,2.85,0,0,TRUE
Male,Loyal Customer,60,Personal Travel,Eco,581,1,4,1,2,1,1,1,1,5,4,2,3,1,2.08,0,0,FALSE
Male,Loyal Customer,52,Business Travel,Business,1199,2,4,4,4,5,3,4,2,2,2,2,3,4,3.15,72,78,FALSE
Female,Loyal Customer,64,Personal Travel,Eco,589,2,5,2,2,5,4,5,3,3,2,3,5,4,3.46,0,0,FALSE
Female,Disloyal Customer,36,Business Travel,Eco,337,2,1,2,4,2,2,2,2,1,5,4,3,2,2.46,64,57,FALSE
Female,Loyal Customer,49,Business Travel,Eco,2349,5,4,4,4,5,4,5,5,5,5,5,4,4,4.54,0,0,TRUE
Female,Disloyal Customer,26,Business Travel,Business,770,1,1,1,3,2,1,2,2,5,5,4,5,2,2.62,12,0,FALSE
Female,Loyal Customer,52,Business Travel,Business,2593,4,4,3,4,5,4,4,5,5,5,5,4,4,4.31,5,28,TRUE
Female,Loyal Customer,58,Business Travel,Business,666,5,5,5,5,2,4,5,3,3,3,3,5,5,4.08,0,0,TRUE
Male,Disloyal Customer,37,Business Travel,Business,919,5,5,5,2,2,5,2,2,3,5,5,5,2,3.69,0,0,TRUE
Male,Disloyal Customer,36,Business Travel,Business,446,2,2,2,4,4,2,4,4,5,5,5,3,4,3.54,0,0,FALSE
Male,Loyal Customer,70,Personal Travel,Eco Plus,270,2,0,0,3,4,0,2,4,5,3,4,4,4,2.69,45,43,FALSE
Male,Loyal Customer,33,Business Travel,Business,337,3,2,2,2,3,3,3,3,2,3,3,1,3,2.54,15,4,FALSE
Male,Disloyal Customer,26,Business Travel,Eco,254,2,5,2,4,2,2,2,2,5,4,5,3,2,3.08,0,0,FALSE
Female,Loyal Customer,40,Business Travel,Eco Plus,222,4,3,5,3,4,5,4,4,4,2,2,2,4,3.54,0,0,TRUE
Male,Loyal Customer,30,Business Travel,Eco,867,3,5,5,5,2,3,3,4,2,3,3,3,3,3.38,187,202,FALSE
Male,Loyal Customer,58,Business Travel,Eco,925,4,2,2,2,4,4,4,4,5,3,1,1,4,3.08,0,0,TRUE
Male,Loyal Customer,55,Personal Travel,Eco,992,2,5,2,4,5,2,5,5,5,4,5,4,5,4.08,0,31,FALSE
Male,Disloyal Customer,23,Business Travel,Eco,223,4,0,4,4,4,4,4,4,2,5,2,2,4,3.31,0,12,TRUE
Male,Disloyal Customer,24,Business Travel,Eco,978,4,4,4,3,2,4,5,2,4,4,3,2,2,3.31,0,0,FALSE
Female,Disloyal Customer,38,Business Travel,Business,2075,2,2,2,4,1,2,1,1,4,3,4,5,1,2.46,17,14,FALSE
Female,Loyal Customer,55,Business Travel,Eco,490,3,2,2,2,4,4,4,3,3,3,3,3,1,2.85,0,3,FALSE
Male,Loyal Customer,67,Business Travel,Business,3437,2,2,2,2,5,4,4,5,5,5,5,3,5,3.77,0,1,TRUE
Male,Loyal Customer,22,Business Travel,Business,758,5,5,5,5,3,3,3,3,3,1,1,3,3,3.31,0,0,TRUE
Female,Disloyal Customer,23,Business Travel,Eco,1089,3,4,4,4,5,4,1,5,5,4,4,3,5,3.92,0,17,FALSE
Female,Loyal Customer,36,Business Travel,Eco,302,4,4,4,4,4,4,4,4,3,3,3,1,4,3.54,47,32,TRUE
Male,Loyal Customer,50,Business Travel,Business,414,4,4,4,4,3,5,4,5,5,5,5,3,4,4.23,16,10,TRUE
Female,Loyal Customer,55,Business Travel,Eco,187,4,4,5,5,5,3,4,4,4,4,4,4,2,4,0,0,TRUE
Female,Loyal Customer,40,Business Travel,Business,2565,4,4,4,4,2,5,4,4,4,4,4,4,3,3.85,0,0,TRUE
Male,Loyal Customer,39,Business Travel,Business,2488,5,5,5,5,5,5,5,5,5,5,5,3,4,4.77,0,0,TRUE
Female,Disloyal Customer,48,Business Travel,Eco,2475,3,3,3,3,4,3,4,4,4,2,4,2,4,3.31,0,0,FALSE
Male,Disloyal Customer,25,Business Travel,Business,277,1,2,1,3,4,1,2,4,4,5,3,4,4,2.92,44,43,FALSE
Male,Loyal Customer,54,Business Travel,Business,813,5,5,4,5,2,4,5,2,2,2,2,4,3,3.46,0,0,TRUE
Female,Disloyal Customer,23,Business Travel,Business,632,4,5,3,4,3,3,4,3,4,4,5,4,3,3.77,24,19,TRUE
Female,Loyal Customer,25,Personal Travel,Eco,463,2,4,2,4,1,2,1,1,3,3,4,3,1,2.38,0,0,FALSE
Male,Loyal Customer,40,Business Travel,Business,2454,3,3,3,3,4,4,4,5,5,5,5,5,5,4.15,0,0,TRUE
Male,Disloyal Customer,27,Business Travel,Business,1069,3,3,3,3,2,3,2,2,4,1,3,3,2,2.62,0,0,FALSE
Male,Loyal Customer,39,Personal Travel,Eco,363,1,2,1,3,3,1,3,3,3,3,4,2,3,2.46,0,0,FALSE
Female,Loyal Customer,26,Business Travel,Eco Plus,838,5,1,1,1,5,5,5,5,1,1,5,4,5,3.38,0,0,TRUE
Male,Loyal Customer,56,Business Travel,Business,214,3,1,3,3,2,5,5,4,4,4,4,5,4,3.62,0,55,TRUE
Female,Loyal Customer,7,Personal Travel,Eco,1121,1,5,2,1,5,2,5,5,4,2,4,3,5,3.38,0,0,FALSE
Female,Disloyal Customer,22,Business Travel,Eco Plus,950,3,4,3,3,4,3,4,4,4,5,4,3,4,3.69,0,0,FALSE
Female,Loyal Customer,51,Personal Travel,Eco,737,3,5,4,5,5,4,4,3,3,4,3,4,5,4,1,7,FALSE
Female,Loyal Customer,36,Business Travel,Business,187,0,5,0,3,5,4,5,1,1,1,1,5,5,2.77,0,0,TRUE
Male,Disloyal Customer,13,Business Travel,Eco,761,2,2,2,2,3,2,3,3,4,5,4,4,3,3,0,0,FALSE
Male,Loyal Customer,31,Business Travel,Eco,954,5,2,2,2,5,5,5,5,1,5,4,1,5,3.62,0,0,TRUE
Male,Disloyal Customer,27,Business Travel,Business,366,5,5,5,1,4,5,4,4,3,4,4,3,4,3.92,0,0,TRUE
Female,Loyal Customer,23,Business Travel,Business,2995,3,3,3,3,3,3,3,3,2,3,4,1,3,2.85,38,26,FALSE
Female,Loyal Customer,55,Business Travel,Business,1158,2,2,2,2,4,4,5,4,4,4,4,3,4,3.38,0,0,TRUE
Male,Loyal Customer,55,Business Travel,Business,296,0,0,0,2,4,5,5,1,1,1,1,5,4,2.23,0,34,TRUE
Male,Loyal Customer,10,Personal Travel,Eco,507,3,5,3,5,5,3,3,5,3,4,4,5,5,4.08,0,0,FALSE
Male,Loyal Customer,12,Personal Travel,Eco,990,1,4,1,4,1,3,3,3,5,5,5,3,3,3.15,243,244,FALSE
Male,Loyal Customer,52,Business Travel,Eco,222,4,3,5,3,3,4,3,3,2,2,5,5,3,3.46,0,15,TRUE
Male,Loyal Customer,34,Personal Travel,Eco,1956,3,5,3,2,3,3,3,3,3,2,3,5,3,3.15,1,0,FALSE
Male,Loyal Customer,62,Personal Travel,Business,772,4,1,4,2,1,1,2,2,2,4,2,2,3,2.31,6,0,FALSE
Male,Loyal Customer,33,Business Travel,Business,2814,1,1,1,1,4,4,4,4,5,3,4,5,4,3.15,11,0,TRUE
Female,Loyal Customer,44,Personal Travel,Eco,1171,2,5,2,4,4,5,4,4,4,2,4,5,3,3.69,0,0,FALSE
Female,Loyal Customer,55,Business Travel,Business,1778,4,4,4,4,3,5,5,5,5,5,5,3,5,4.38,0,0,TRUE
Female,Loyal Customer,54,Business Travel,Eco Plus,726,2,5,5,5,2,4,3,2,2,2,2,2,1,2.85,0,0,FALSE
Female,Loyal Customer,40,Business Travel,Business,2935,1,1,1,1,3,5,5,4,4,4,4,5,4,3.23,0,0,TRUE
Male,Disloyal Customer,26,Business Travel,Business,447,1,0,1,4,4,1,4,4,5,4,4,4,4,3.08,4,,FALSE
Female,Loyal Customer,10,Personal Travel,Eco,813,1,4,1,3,2,1,3,2,4,1,4,2,2,2.31,0,0,FALSE
Female,Disloyal Customer,57,Business Travel,Eco,157,3,0,3,3,1,3,1,1,3,2,1,1,1,1.77,0,0,FALSE
Female,Loyal Customer,60,Personal Travel,Eco,1587,2,4,2,3,4,4,3,1,1,2,1,2,3,2.46,0,0,FALSE
Male,Loyal Customer,54,Business Travel,Business,857,3,4,4,4,3,3,3,3,3,3,3,3,3,3.23,10,40,FALSE
Male,Loyal Customer,54,Personal Travel,Eco Plus,1585,2,1,2,2,4,2,5,4,1,5,1,4,4,2.85,21,2,FALSE
Male,Loyal Customer,47,Business Travel,Business,2586,1,0,0,4,1,2,4,2,2,0,2,3,2,1.77,0,7,FALSE
Male,Loyal Customer,40,Business Travel,Business,990,4,4,4,4,2,5,5,4,4,4,4,4,4,4,10,24,TRUE
Male,Loyal Customer,39,Business Travel,Eco,537,3,5,5,5,3,5,3,3,5,1,5,1,3,3.62,0,0,TRUE
Female,Loyal Customer,44,Business Travel,Business,3078,1,1,1,1,5,4,5,3,3,4,3,4,4,3,0,0,TRUE
Female,Loyal Customer,56,Business Travel,Business,944,3,3,3,3,3,4,4,5,5,5,5,3,4,3.85,4,0,TRUE
Male,Disloyal Customer,40,Business Travel,Business,3784,3,3,3,3,3,1,1,3,5,4,4,1,1,2.69,0,0,FALSE
Female,Loyal Customer,54,Business Travel,Business,2936,3,3,3,3,5,5,4,5,5,4,5,3,4,4,0,0,TRUE
Female,Loyal Customer,30,Business Travel,Eco Plus,615,5,2,2,2,5,4,5,5,5,1,2,4,5,3.62,0,0,TRUE
Male,Loyal Customer,31,Personal Travel,Eco,455,3,2,3,4,2,3,2,2,3,1,3,2,2,2.46,28,31,FALSE
Male,Disloyal Customer,14,Business Travel,Eco,1134,4,4,4,3,2,4,2,2,4,4,3,4,2,3.23,12,12,FALSE
Female,Loyal Customer,24,Personal Travel,Eco Plus,447,5,3,5,1,5,5,3,5,3,5,2,5,5,4,0,0,TRUE
Female,Disloyal Customer,80,Business Travel,Business,496,4,5,5,4,5,4,4,5,5,4,5,5,4,4.54,0,0,TRUE
Male,Disloyal Customer,21,Business Travel,Eco,181,4,0,4,5,5,4,5,5,4,5,4,4,5,4.15,0,0,FALSE
Male,Loyal Customer,47,Business Travel,Business,2215,2,2,2,2,3,3,1,4,4,4,4,1,1,2.54,0,0,TRUE
Female,Loyal Customer,59,Business Travel,Eco,853,1,0,0,3,1,4,4,3,3,1,1,3,4,2.15,125,121,FALSE
Male,Loyal Customer,26,Personal Travel,Eco,1721,3,5,3,4,3,3,3,3,4,2,5,4,3,3.46,0,0,FALSE
Male,Loyal Customer,24,Business Travel,Business,1587,5,1,5,5,5,5,5,5,3,4,4,5,5,4.38,0,0,TRUE
Female,Loyal Customer,57,Personal Travel,Eco,1823,3,4,3,4,3,5,5,3,4,3,5,5,5,4,181,179,FALSE
Male,Disloyal Customer,20,Business Travel,Eco,469,1,2,1,4,2,1,2,2,2,2,3,3,2,2.08,1,0,FALSE
Female,Loyal Customer,57,Business Travel,Business,1997,4,4,4,4,1,3,3,4,4,4,4,5,1,3.46,0,0,TRUE
Female,Loyal Customer,21,Personal Travel,Eco,391,4,5,2,3,3,2,5,3,3,4,4,4,3,3.46,0,0,FALSE
Male,Loyal Customer,26,Business Travel,Business,2462,4,4,4,4,5,5,5,5,2,1,4,1,5,3.77,0,0,TRUE
Female,Loyal Customer,45,Business Travel,Business,2907,1,1,1,1,5,5,5,4,4,4,4,5,4,3.38,12,17,TRUE
Female,Loyal Customer,49,Business Travel,Business,1886,1,1,1,1,5,4,5,5,5,5,5,4,4,3.54,0,0,TRUE
Male,Loyal Customer,50,Business Travel,Business,3021,1,1,4,1,4,4,5,4,4,4,4,3,5,3.38,3,4,TRUE
Female,Loyal Customer,50,Personal Travel,Eco Plus,1005,2,5,2,1,1,5,5,3,3,2,4,4,1,2.92,3,0,FALSE
Female,Loyal Customer,13,Personal Travel,Eco,986,3,2,3,3,3,2,4,2,5,3,4,4,4,3.23,214,210,FALSE
Male,Loyal Customer,8,Personal Travel,Eco,305,4,2,4,3,2,4,2,2,2,3,4,4,2,2.92,0,0,TRUE
Female,Disloyal Customer,23,Business Travel,Business,423,0,0,0,4,3,0,4,3,4,5,5,5,3,2.77,66,110,TRUE
Male,Loyal Customer,51,Personal Travel,Eco,641,1,5,1,2,2,1,2,2,3,4,4,5,2,2.62,0,0,FALSE
Female,Loyal Customer,36,Business Travel,Business,1481,3,3,3,3,2,4,4,5,5,5,5,4,5,3.92,0,0,TRUE
Male,Loyal Customer,25,Business Travel,Eco Plus,601,4,4,1,4,4,4,5,4,5,5,3,5,4,4,0,0,TRUE
Female,Loyal Customer,60,Business Travel,Business,2462,3,3,3,3,2,2,2,4,4,4,4,4,5,3.31,8,20,TRUE
Female,Loyal Customer,64,Personal Travel,Eco,446,5,5,5,2,5,5,5,5,5,5,5,4,5,4.69,10,0,TRUE
Female,Loyal Customer,33,Business Travel,Business,590,2,5,2,5,3,3,3,2,2,2,2,3,3,2.85,16,0,FALSE
Male,Loyal Customer,47,Personal Travel,Eco,2422,3,1,2,4,2,2,2,2,3,3,4,1,2,2.38,10,54,FALSE
Male,Loyal Customer,55,Personal Travel,Eco,255,4,3,0,4,1,0,1,1,1,1,2,5,1,1.85,0,0,FALSE
Male,Loyal Customer,46,Business Travel,Eco Plus,666,1,4,4,4,1,1,1,1,4,4,2,3,1,2.38,0,0,FALSE
Male,Loyal Customer,23,Business Travel,Eco Plus,1407,0,5,5,5,0,1,4,0,2,1,4,1,0,2.15,28,26,FALSE
Male,Loyal Customer,55,Business Travel,Business,2012,2,2,2,2,5,3,4,4,4,4,5,1,3,3.15,0,0,TRUE
Female,Loyal Customer,41,Business Travel,Business,3147,3,2,1,2,4,2,3,3,3,2,3,3,2,2.54,66,70,FALSE
Female,Loyal Customer,37,Business Travel,Business,3718,3,3,3,3,5,5,4,4,4,4,4,4,4,3.85,0,0,TRUE
Male,Loyal Customer,42,Business Travel,Business,1426,1,1,1,1,3,4,4,4,4,4,4,5,5,3.15,0,0,TRUE
Male,Loyal Customer,70,Personal Travel,Eco,872,2,2,1,4,3,1,3,3,1,4,2,4,3,2.54,82,96,FALSE
Male,Loyal Customer,46,Business Travel,Business,3033,3,3,3,3,2,4,5,5,5,5,5,3,5,3.92,0,0,TRUE
Female,Disloyal Customer,27,Business Travel,Eco,546,3,1,3,2,2,3,2,2,4,5,2,4,2,2.69,20,13,FALSE
Male,Loyal Customer,46,Personal Travel,Eco,2586,4,0,4,2,2,4,2,2,4,3,5,3,2,2.85,0,0,FALSE
Male,Disloyal Customer,27,Business Travel,Eco,150,4,2,4,1,4,4,4,4,3,1,1,2,4,2.92,0,0,FALSE
Male,Loyal Customer,42,Business Travel,Business,3282,1,1,1,1,3,5,4,5,5,5,5,4,4,3.38,3,0,TRUE
Female,Loyal Customer,51,Business Travel,Business,2562,5,5,5,5,2,1,1,4,4,4,4,5,5,3.85,0,0,TRUE
Female,Loyal Customer,59,Business Travel,Business,319,0,0,0,3,4,4,4,3,3,3,3,3,5,2.69,0,0,TRUE
Male,Loyal Customer,38,Business Travel,Business,2862,3,1,1,1,3,4,3,3,3,3,3,2,1,2.38,4,0,FALSE
Female,Loyal Customer,55,Business Travel,Business,1068,1,1,1,1,5,4,5,5,5,5,5,4,5,3.62,0,0,TRUE
Female,Loyal Customer,30,Business Travel,Business,1663,1,1,1,1,4,4,4,4,3,3,3,1,4,2.62,121,103,TRUE
Male,Loyal Customer,42,Business Travel,Business,1171,1,1,1,1,5,4,5,4,4,4,4,5,4,3.31,0,0,TRUE
Male,Loyal Customer,38,Business Travel,Business,1754,5,3,3,3,3,3,3,5,5,4,5,1,3,3.54,6,30,FALSE
Male,Loyal Customer,46,Business Travel,Business,417,5,5,5,5,2,4,4,4,4,5,4,5,3,4.23,0,5,TRUE
Female,Loyal Customer,31,Business Travel,Business,3650,2,4,4,4,2,2,2,2,4,4,3,3,2,2.92,69,103,FALSE
Male,Loyal Customer,55,Business Travel,Business,1592,2,2,2,2,4,4,4,5,5,5,5,5,3,3.69,0,0,TRUE
Female,Loyal Customer,21,Personal Travel,Eco,1390,3,4,3,3,2,3,2,2,2,4,3,3,2,2.77,8,17,FALSE
Female,Loyal Customer,13,Personal Travel,Eco,3365,1,4,1,2,1,3,3,5,2,4,5,3,3,2.85,13,0,FALSE
Male,Disloyal Customer,62,Business Travel,Eco,1009,3,3,3,3,1,3,1,1,4,1,4,1,1,2.23,0,0,FALSE
Female,Loyal Customer,58,Business Travel,Business,1916,2,2,2,2,2,3,2,2,2,2,2,3,1,2.08,14,0,FALSE
Female,Loyal Customer,58,Personal Travel,Eco,1197,2,4,2,2,5,5,5,1,1,2,1,5,4,3,0,0,FALSE
Female,Loyal Customer,48,Business Travel,Business,2764,1,1,1,1,2,4,5,3,3,3,3,4,4,2.69,3,2,TRUE
Female,Loyal Customer,37,Business Travel,Eco,123,4,4,5,4,4,4,4,4,4,4,4,3,4,4,7,8,TRUE
Male,Disloyal Customer,57,Business Travel,Eco,461,2,2,2,4,2,3,3,3,4,4,3,3,3,2.92,128,148,FALSE
Female,Loyal Customer,28,Business Travel,Eco,402,1,3,2,2,1,1,1,1,4,2,4,2,1,1.92,0,0,FALSE
Female,Loyal Customer,57,Business Travel,Eco Plus,192,1,5,4,5,3,4,4,1,1,1,1,1,4,2.69,29,48,FALSE
Male,Loyal Customer,22,Personal Travel,Eco Plus,551,2,1,2,3,1,2,1,1,4,3,4,2,1,2.08,0,0,FALSE
Male,Disloyal Customer,33,Business Travel,Eco,728,1,1,1,4,5,1,5,5,4,1,3,4,5,3.08,0,12,FALSE
Female,Disloyal Customer,24,Business Travel,Eco,588,2,3,2,3,4,2,4,4,1,3,2,2,4,2.77,0,0,FALSE
Male,Loyal Customer,21,Business Travel,Business,1593,4,4,4,4,5,5,5,5,4,3,5,3,5,4.31,32,11,TRUE
Female,Disloyal Customer,42,Business Travel,Eco,372,3,1,3,3,3,3,3,3,1,4,3,4,3,2.85,0,0,FALSE
Male,Loyal Customer,47,Business Travel,Eco,451,5,5,5,5,5,5,5,5,5,5,4,4,5,4.85,0,0,TRUE
Female,Loyal Customer,31,Business Travel,Business,1136,4,4,4,4,4,4,4,4,4,5,4,5,4,4.15,0,0,TRUE
Female,Loyal Customer,54,Personal Travel,Eco,1844,0,3,0,4,5,4,1,5,5,0,5,5,3,3.08,64,50,TRUE
Female,Loyal Customer,32,Business Travel,Eco,2588,4,1,1,1,4,4,4,4,1,5,4,2,4,3,0,0,TRUE
Female,Loyal Customer,56,Business Travel,Business,3363,2,2,2,2,4,3,4,2,2,2,2,4,2,2.54,43,31,FALSE
Female,Disloyal Customer,57,Business Travel,Eco Plus,990,2,2,2,3,2,5,5,2,3,3,4,5,5,3.31,141,129,FALSE
Female,Loyal Customer,16,Business Travel,Business,3201,3,3,3,3,2,2,3,2,2,4,3,1,2,2.54,0,0,FALSE
Male,Loyal Customer,54,Business Travel,Business,2660,2,2,2,2,2,4,3,2,2,2,2,3,3,2.38,15,13,FALSE
Female,Disloyal Customer,29,Business Travel,Eco,386,3,2,3,3,4,3,4,4,3,4,3,1,4,3.15,37,29,FALSE
Male,Loyal Customer,37,Business Travel,Business,214,4,3,3,3,4,4,4,4,4,4,4,3,2,3.54,12,3,FALSE
Female,Loyal Customer,13,Personal Travel,Eco Plus,264,2,1,2,3,5,2,5,5,4,2,3,3,5,3.23,0,0,FALSE
Male,Loyal Customer,8,Personal Travel,Eco,516,4,3,4,4,2,4,2,2,1,2,4,2,2,2.77,10,0,TRUE
Female,Disloyal Customer,45,Business Travel,Business,722,5,5,5,1,3,5,3,3,3,3,5,3,3,3.62,0,0,TRUE
Male,Loyal Customer,64,Personal Travel,Eco,160,0,5,0,4,2,0,2,2,4,3,4,5,2,2.54,2,0,TRUE
Male,Loyal Customer,30,Business Travel,Eco,641,2,2,4,4,2,2,2,2,2,1,4,2,2,2.38,34,18,FALSE
Female,Loyal Customer,48,Business Travel,Business,1250,4,4,4,4,4,1,3,5,5,5,5,4,4,4,0,0,TRUE
Female,Disloyal Customer,39,Business Travel,Business,224,4,4,4,3,5,4,5,5,2,4,2,4,5,3.92,0,2,FALSE
Female,Loyal Customer,51,Personal Travel,Eco,402,2,4,2,2,2,5,4,2,2,2,2,4,5,2.92,0,0,FALSE
Female,Loyal Customer,55,Business Travel,Business,2964,5,5,5,5,4,5,4,5,5,5,5,4,5,4.77,35,29,TRUE
Female,Loyal Customer,39,Business Travel,Eco,196,5,5,2,5,5,5,5,5,2,2,3,3,5,4,6,11,TRUE
Male,Loyal Customer,22,Personal Travel,Eco,309,3,4,3,1,2,3,2,2,4,4,5,3,2,2.92,6,4,FALSE
Male,Loyal Customer,14,Personal Travel,Eco,248,5,5,5,2,1,5,1,1,5,5,5,5,1,3.54,9,3,TRUE
Male,Loyal Customer,60,Business Travel,Business,405,4,4,5,4,3,4,5,4,4,4,4,4,3,4,21,25,TRUE
Female,Disloyal Customer,27,Business Travel,Business,1192,4,4,4,1,1,4,5,1,3,5,4,4,1,3.15,0,0,TRUE
Female,Loyal Customer,30,Business Travel,Eco Plus,89,3,3,2,3,3,3,3,3,4,1,4,3,3,2.92,0,13,FALSE
Female,Loyal Customer,67,Business Travel,Eco Plus,645,5,1,1,1,4,2,5,5,5,5,5,5,3,3.62,0,0,TRUE
Male,Loyal Customer,63,Personal Travel,Eco,569,4,5,4,4,4,4,4,3,4,4,5,4,4,4.08,332,311,TRUE
Female,Loyal Customer,47,Personal Travel,Eco,259,3,3,3,5,5,4,5,4,4,3,1,1,1,3.23,0,0,FALSE
Female,Disloyal Customer,33,Business Travel,Eco,2762,3,4,4,5,3,2,2,5,2,4,5,2,2,3.31,0,0,FALSE
Female,Loyal Customer,65,Business Travel,Eco,268,5,1,1,1,1,4,5,5,5,5,5,2,2,3.23,24,0,TRUE
Female,Loyal Customer,61,Personal Travel,Eco,1092,3,5,3,3,3,5,3,5,5,3,5,4,3,3.85,3,0,FALSE
Male,Loyal Customer,60,Business Travel,Business,319,3,3,3,3,4,1,1,5,5,5,5,5,1,3.38,0,0,TRUE
Female,Disloyal Customer,33,Business Travel,Eco,361,3,1,3,3,1,3,2,1,3,5,4,4,1,2.62,0,12,FALSE
Male,Loyal Customer,55,Business Travel,Business,408,4,4,4,4,3,5,4,4,4,4,4,3,5,4,10,1,TRUE
Female,Loyal Customer,44,Business Travel,Business,1192,3,4,2,4,4,2,2,3,3,3,3,1,3,2.85,11,18,FALSE
Male,Loyal Customer,54,Business Travel,Business,2760,4,4,5,4,5,5,5,4,4,4,4,3,5,4.31,3,0,TRUE
Male,Loyal Customer,22,Business Travel,Business,1005,5,5,5,5,5,5,5,5,3,5,5,3,5,4.69,0,0,TRUE
Male,Loyal Customer,43,Business Travel,Eco,818,2,3,3,3,2,2,2,2,4,1,4,4,2,2.62,14,21,FALSE
Male,Loyal Customer,8,Personal Travel,Eco,429,1,5,1,1,1,1,1,1,1,4,1,5,1,1.85,3,8,FALSE
Male,Disloyal Customer,17,Business Travel,Eco,84,3,3,3,4,2,3,2,2,2,2,3,2,2,2.54,60,49,FALSE
Male,Loyal Customer,23,Personal Travel,Eco,1372,3,5,3,2,3,3,3,3,4,3,4,4,3,3.31,0,6,FALSE
Male,Loyal Customer,64,Personal Travel,Eco,271,2,4,2,5,4,2,4,4,3,2,4,4,4,3.38,0,0,FALSE
Female,Loyal Customer,19,Business Travel,Business,1562,4,4,5,4,4,4,4,4,3,2,4,5,4,3.92,0,0,TRUE
Male,Loyal Customer,54,Business Travel,Business,950,5,5,5,5,5,5,4,3,3,3,3,3,3,4,0,13,TRUE
Female,Loyal Customer,66,Business Travel,Business,2784,3,2,4,2,1,3,4,4,4,4,3,4,1,3,0,0,FALSE
Male,Loyal Customer,49,Personal Travel,Eco,135,3,0,3,3,3,1,1,4,5,5,5,1,1,2.69,51,132,FALSE
Male,Loyal Customer,48,Business Travel,Business,3022,3,4,4,4,2,2,1,3,3,3,3,4,4,3.08,0,0,FALSE
Female,Disloyal Customer,25,Business Travel,Eco,240,3,3,3,3,4,3,4,4,3,2,4,1,4,3.15,0,17,FALSE
Male,Loyal Customer,53,Personal Travel,Eco,848,1,4,1,2,3,1,3,3,3,4,4,5,3,2.85,25,2,FALSE
Female,Loyal Customer,19,Personal Travel,Eco,1608,5,4,5,1,3,5,3,3,3,4,4,5,3,3.69,0,0,TRUE
Female,Loyal Customer,42,Business Travel,Eco,285,4,4,4,4,5,1,5,4,4,4,4,5,3,3.92,0,0,TRUE
Female,Loyal Customer,39,Business Travel,Business,401,1,1,1,1,5,5,5,4,4,4,4,3,3,3.15,0,2,TRUE
Female,Disloyal Customer,30,Business Travel,Eco,761,2,2,2,2,5,2,5,5,4,2,2,1,5,3,0,0,FALSE
Male,Loyal Customer,39,Business Travel,Business,2735,5,5,5,5,4,5,5,4,4,4,4,4,4,4.46,0,0,TRUE
Male,Disloyal Customer,42,Business Travel,Business,435,5,5,5,5,3,5,3,3,3,4,5,3,3,4,0,0,TRUE
Male,Loyal Customer,55,Business Travel,Business,2401,5,5,5,5,4,5,4,5,5,4,5,5,4,4.69,41,33,TRUE
Female,Loyal Customer,49,Business Travel,Business,2306,5,5,5,5,5,4,4,4,4,4,4,5,4,4.46,0,0,TRUE
Female,Loyal Customer,66,Personal Travel,Eco,980,3,5,3,3,3,4,5,1,1,3,1,3,4,3,0,4,FALSE
Female,Loyal Customer,8,Personal Travel,Eco,920,3,4,4,2,4,4,2,4,5,5,5,3,4,3.77,2,0,FALSE
Male,Disloyal Customer,22,Business Travel,Eco,306,3,0,3,3,2,3,1,2,4,3,2,2,2,2.31,19,1,FALSE
Male,Loyal Customer,16,Personal Travel,Eco,193,3,4,3,3,3,3,3,3,1,5,2,5,3,3.15,39,21,FALSE
Female,Disloyal Customer,34,Business Travel,Eco,921,3,3,3,2,1,3,1,1,1,4,2,3,1,2.15,0,0,FALSE
Female,Loyal Customer,49,Business Travel,Business,3293,5,5,5,5,5,4,4,4,4,4,4,5,5,4.54,0,13,TRUE
Male,Loyal Customer,69,Business Travel,Business,420,3,5,5,5,4,3,2,3,3,3,3,1,1,3.15,0,42,FALSE
Male,Loyal Customer,41,Personal Travel,Eco Plus,931,2,5,2,3,5,2,5,5,4,5,5,4,5,4,0,5,FALSE
Male,Loyal Customer,52,Personal Travel,Eco,304,3,5,3,3,3,3,3,3,5,2,5,3,3,3.38,74,66,FALSE
Male,Loyal Customer,35,Personal Travel,Eco,2342,4,4,4,3,4,4,5,4,4,2,4,2,4,3.69,28,16,FALSE
Female,Loyal Customer,9,Personal Travel,Eco,370,3,1,3,3,3,3,3,3,4,3,2,1,3,2.69,0,3,FALSE
Female,Loyal Customer,68,Personal Travel,Eco,301,3,5,3,5,2,4,4,2,2,3,1,3,4,3.15,0,0,FALSE
Male,Disloyal Customer,22,Business Travel,Business,222,0,0,0,3,1,0,1,1,5,4,5,2,1,1.77,0,19,TRUE
Female,Disloyal Customer,28,Business Travel,Business,872,1,1,1,2,3,1,3,3,4,3,4,4,3,2.54,0,0,FALSE
Male,Loyal Customer,46,Business Travel,Eco Plus,551,4,2,4,2,4,4,4,4,3,5,1,4,4,3.46,0,0,TRUE
Male,Loyal Customer,50,Business Travel,Eco,1208,5,2,2,2,5,5,5,5,1,1,3,1,5,3.23,0,0,TRUE
Female,Disloyal Customer,33,Business Travel,Business,349,3,3,3,4,5,3,5,5,3,4,4,5,5,4,0,0,FALSE
Male,Disloyal Customer,20,Business Travel,Business,358,2,2,2,3,3,2,3,3,1,4,3,4,3,2.69,0,4,FALSE
Male,Loyal Customer,66,Personal Travel,Eco,528,1,5,1,4,5,1,5,5,5,3,5,3,5,3.69,83,75,FALSE
Male,Loyal Customer,51,Business Travel,Business,3758,1,1,1,1,4,4,4,4,4,4,4,5,5,3.23,29,20,TRUE
Female,Loyal Customer,24,Business Travel,Eco,406,1,1,1,1,1,1,4,1,2,2,3,1,1,1.54,0,0,FALSE
Male,Loyal Customer,45,Personal Travel,Eco,272,4,0,4,2,2,4,2,2,4,5,3,1,2,2.69,0,0,TRUE
Female,Loyal Customer,31,Business Travel,Business,631,2,3,5,3,2,2,2,2,4,4,3,4,2,2.92,0,0,FALSE
Female,Loyal Customer,24,Business Travel,Eco Plus,373,3,2,2,2,3,3,2,3,2,1,4,1,3,2.38,3,8,FALSE
Female,Loyal Customer,18,Personal Travel,Eco,936,2,4,2,3,5,2,5,5,4,4,4,3,5,3.69,0,0,FALSE
Female,Loyal Customer,50,Business Travel,Business,2441,1,1,1,1,3,4,5,2,2,2,2,5,3,2.46,0,0,TRUE
Female,Loyal Customer,54,Business Travel,Business,237,0,0,0,5,5,4,5,3,3,3,3,3,4,2.92,0,0,TRUE
Male,Disloyal Customer,20,Business Travel,Business,134,0,0,0,3,3,0,3,3,3,3,5,4,3,2.31,66,67,TRUE
Male,Disloyal Customer,17,Business Travel,Eco,1112,2,2,2,5,5,2,5,5,5,4,4,5,5,3.92,0,1,FALSE
Male,Loyal Customer,70,Personal Travel,Eco,966,1,4,1,3,5,1,2,5,3,5,5,4,5,3.38,0,0,FALSE
Female,Loyal Customer,17,Business Travel,Business,3393,4,4,4,4,4,4,4,4,3,5,5,5,4,4.15,3,1,TRUE
Male,Loyal Customer,17,Personal Travel,Eco,2036,1,5,1,2,3,1,2,3,4,5,5,5,3,3.08,26,3,FALSE
Female,Loyal Customer,23,Personal Travel,Eco,319,2,2,3,4,3,3,3,3,4,4,4,4,3,3.23,11,5,FALSE
Male,Loyal Customer,37,Business Travel,Eco,109,2,3,3,3,2,2,2,2,3,3,5,2,2,2.62,0,0,TRUE
Female,Loyal Customer,42,Personal Travel,Eco,299,1,4,1,2,5,4,5,1,1,1,1,3,5,2.62,0,0,FALSE
Male,Loyal Customer,46,Business Travel,Business,3621,2,5,5,5,5,3,4,2,2,2,2,2,2,3.15,55,40,FALSE
Male,Loyal Customer,23,Personal Travel,Eco,370,3,4,3,3,4,3,3,4,1,5,2,3,4,3.23,0,2,FALSE
Female,Disloyal Customer,46,Business Travel,Business,1126,2,2,2,3,2,2,2,2,4,3,4,3,2,2.54,0,0,FALSE
Female,Disloyal Customer,48,Business Travel,Business,1005,4,4,4,3,3,4,1,3,3,5,5,4,3,3.54,0,0,TRUE
Male,Loyal Customer,50,Business Travel,Business,1389,2,1,1,1,5,3,3,2,2,2,2,1,3,2.15,0,0,FALSE
Female,Loyal Customer,59,Business Travel,Business,1102,3,3,3,3,4,4,5,5,5,5,5,3,4,4,0,0,TRUE
Female,Disloyal Customer,35,Business Travel,Business,1660,1,1,1,1,1,1,1,1,5,4,3,5,1,2,0,4,FALSE
Male,Disloyal Customer,35,Business Travel,Business,909,3,3,3,5,5,3,5,5,4,3,4,3,5,3.92,0,0,FALSE
Female,Loyal Customer,29,Business Travel,Eco Plus,1188,3,1,1,1,3,3,3,3,2,3,3,1,3,2.31,0,0,FALSE
Female,Loyal Customer,57,Personal Travel,Eco,561,1,2,1,3,4,3,3,4,4,1,1,1,3,2.38,0,0,FALSE
Female,Loyal Customer,66,Personal Travel,Eco,1721,1,4,1,3,3,3,1,3,3,1,3,3,2,2.38,53,55,FALSE
Female,Loyal Customer,46,Business Travel,Business,2153,2,2,2,2,5,5,5,4,3,5,5,5,5,3.85,2,0,TRUE
Male,Disloyal Customer,25,Business Travel,Eco,1342,2,2,2,2,5,2,5,5,1,2,2,1,5,2.77,22,12,FALSE
Female,Loyal Customer,44,Business Travel,Business,315,5,5,5,5,1,5,4,5,5,5,5,2,5,4.38,0,0,TRUE
Female,Loyal Customer,12,Personal Travel,Eco,164,2,4,2,4,1,2,1,1,2,1,3,2,1,2,0,0,FALSE
Male,Disloyal Customer,41,Business Travel,Business,173,4,4,4,4,5,4,5,5,4,5,3,4,5,4.31,61,62,FALSE
Female,Loyal Customer,40,Business Travel,Business,3805,0,5,0,4,5,3,2,2,2,2,2,2,5,2.62,0,0,TRUE
Male,Loyal Customer,27,Personal Travel,Eco,985,3,5,3,3,4,3,4,4,5,3,4,3,4,3.69,0,0,FALSE
Female,Loyal Customer,40,Business Travel,Business,528,3,1,1,1,5,3,2,3,3,3,3,2,3,2.54,39,35,FALSE
Male,Loyal Customer,19,Personal Travel,Eco,1846,1,5,1,2,2,1,2,2,4,1,4,1,2,2.15,0,0,FALSE
Male,Loyal Customer,58,Business Travel,Business,2639,4,4,4,4,2,5,4,5,5,5,5,5,4,4.31,0,0,TRUE
Male,Loyal Customer,15,Personal Travel,Eco,679,1,3,1,2,5,1,5,5,1,4,4,4,5,3.15,0,0,FALSE
Male,Loyal Customer,10,Personal Travel,Business,645,3,3,4,2,2,4,2,2,1,1,3,5,2,2.62,111,100,FALSE
Female,Loyal Customer,25,Business Travel,Business,1188,1,1,1,1,5,5,5,5,3,3,5,4,5,3.38,3,0,TRUE
Female,Loyal Customer,58,Personal Travel,Eco,1107,2,3,3,3,2,4,4,3,3,3,3,3,4,3.08,88,71,FALSE
Female,Loyal Customer,29,Business Travel,Business,566,3,3,3,3,4,4,4,4,1,3,5,5,4,3.54,0,0,TRUE
Male,Disloyal Customer,27,Business Travel,Eco,458,4,2,4,2,1,4,1,1,1,1,2,2,1,2,35,18,FALSE
Male,Disloyal Customer,27,Business Travel,Business,862,4,4,4,5,1,4,1,1,5,3,4,4,1,3.15,0,0,FALSE
Male,Loyal Customer,45,Personal Travel,Eco,468,3,5,4,5,4,4,4,4,3,4,5,4,4,4.08,6,13,FALSE
Female,Loyal Customer,59,Personal Travel,Eco,679,2,4,2,1,3,2,5,4,4,2,5,5,3,3.23,54,43,FALSE
Male,Loyal Customer,34,Business Travel,Business,2844,2,2,3,2,4,4,5,4,4,4,4,3,3,3.38,120,128,TRUE
Male,Disloyal Customer,22,Business Travel,Eco,517,4,3,4,4,2,4,2,2,5,2,4,5,2,3.31,0,0,TRUE
Male,Loyal Customer,58,Personal Travel,Eco,835,4,4,4,4,5,4,5,5,4,5,4,4,5,4.38,48,51,FALSE
Male,Loyal Customer,65,Business Travel,Business,3086,5,5,2,5,4,3,5,4,4,4,4,3,4,4,40,0,TRUE
Female,Disloyal Customer,23,Business Travel,Eco,214,5,5,5,4,3,5,3,3,3,2,4,4,3,3.77,0,0,TRUE
Female,Loyal Customer,27,Business Travel,Business,2543,5,5,5,5,4,4,4,4,5,4,4,4,4,4.38,0,0,TRUE
Female,Loyal Customer,37,Business Travel,Eco,569,1,2,2,2,1,1,1,1,4,2,1,3,1,1.69,0,0,FALSE
Female,Disloyal Customer,41,Business Travel,Business,554,4,4,4,5,2,4,2,2,1,3,3,4,2,3.08,0,0,FALSE
Female,Disloyal Customer,28,Business Travel,Eco,2172,4,4,4,3,1,4,1,1,1,5,4,3,1,2.77,0,9,FALSE
Female,Loyal Customer,43,Business Travel,Business,3899,2,2,2,2,2,4,5,4,4,4,4,5,4,3.38,9,3,TRUE
Male,Loyal Customer,24,Personal Travel,Eco,369,2,1,2,3,1,2,1,1,2,2,3,2,1,1.77,22,14,FALSE
Female,Loyal Customer,55,Personal Travel,Eco,683,2,4,2,3,4,5,5,3,3,2,3,5,4,3.46,31,34,FALSE
Female,Loyal Customer,53,Business Travel,Business,436,5,5,5,5,4,4,5,5,5,5,5,4,4,4.69,35,30,TRUE
Female,Loyal Customer,45,Business Travel,Business,1211,5,5,5,5,3,5,4,3,3,4,3,3,5,4.08,0,0,TRUE
Female,Loyal Customer,45,Business Travel,Business,2138,3,3,3,3,2,5,5,5,5,5,5,3,4,3.92,10,4,TRUE
Female,Loyal Customer,35,Personal Travel,Eco,432,1,2,1,2,3,1,3,3,4,3,1,3,3,2.31,0,0,FALSE
Male,Loyal Customer,61,Business Travel,Business,403,2,4,4,4,2,2,2,1,4,3,4,2,2,2.77,136,155,FALSE
Male,Loyal Customer,47,Personal Travel,Eco,630,1,4,1,3,5,1,5,5,2,4,3,3,5,3.23,0,0,FALSE
Female,Loyal Customer,38,Personal Travel,Eco,441,1,1,3,1,3,3,3,3,1,5,2,2,3,2.38,1,0,FALSE
Female,Loyal Customer,51,Business Travel,Business,544,1,1,1,1,5,4,4,4,4,4,4,5,4,3.23,0,0,TRUE
Male,Disloyal Customer,55,Business Travel,Eco,135,3,0,2,1,1,2,1,1,5,1,3,3,1,1.85,2,0,FALSE
Female,Disloyal Customer,37,Business Travel,Business,421,3,3,3,4,4,3,5,4,4,3,3,1,4,3.38,3,17,FALSE
Female,Disloyal Customer,29,Business Travel,Eco Plus,697,1,1,1,3,3,1,3,3,3,3,4,1,3,2.31,0,9,FALSE
Female,Loyal Customer,47,Business Travel,Eco Plus,737,1,4,4,4,3,4,4,1,1,1,1,1,3,2.46,0,0,FALSE
Female,Loyal Customer,32,Business Travel,Eco Plus,95,0,0,0,1,1,0,1,1,5,4,2,5,1,1.62,0,0,TRUE
Male,Disloyal Customer,27,Business Travel,Eco,181,2,1,1,4,4,1,3,4,2,1,4,2,4,2.54,0,0,FALSE
Female,Loyal Customer,38,Business Travel,Eco,1132,4,1,1,1,4,4,4,4,5,4,4,2,4,3.23,0,0,TRUE
Female,Loyal Customer,70,Personal Travel,Business,266,1,4,0,3,0,1,1,3,2,4,3,1,1,1.85,153,143,FALSE
Male,Loyal Customer,56,Personal Travel,Eco,907,2,1,1,3,3,1,3,3,4,1,4,3,3,2.46,0,0,FALSE
Female,Loyal Customer,43,Business Travel,Business,255,2,2,2,2,3,5,4,5,5,5,5,3,3,3.54,0,0,TRUE
Female,Loyal Customer,49,Personal Travel,Eco,160,3,4,3,5,5,5,5,4,4,3,4,5,4,4.15,0,0,FALSE
Male,Loyal Customer,54,Personal Travel,Eco Plus,1747,1,0,1,3,4,1,4,4,1,5,2,4,4,2.62,0,0,FALSE
Male,Loyal Customer,29,Business Travel,Eco Plus,507,2,3,3,3,2,2,2,2,2,2,4,1,2,2.31,0,0,FALSE
Female,Disloyal Customer,25,Business Travel,Eco,1086,3,3,3,4,1,3,1,1,2,1,2,4,1,2.23,106,106,FALSE
Male,Loyal Customer,49,Business Travel,Business,4963,1,1,1,1,4,4,4,4,4,3,4,4,4,3,23,0,TRUE
Male,Loyal Customer,49,Business Travel,Business,501,3,3,3,3,5,4,5,5,5,5,5,5,4,4.23,18,45,TRUE
Male,Loyal Customer,17,Personal Travel,Eco,546,1,3,3,1,4,3,4,4,3,1,3,3,4,2.85,0,0,FALSE
Male,Loyal Customer,33,Personal Travel,Eco,517,4,5,4,5,1,4,1,1,5,5,5,5,1,3.54,0,0,TRUE
Male,Loyal Customer,55,Personal Travel,Eco,325,3,5,3,4,2,3,2,2,2,4,5,5,2,3.23,0,0,FALSE
Male,Loyal Customer,37,Business Travel,Business,301,0,1,1,4,4,5,2,2,2,2,2,3,1,2.23,0,0,TRUE
Male,Loyal Customer,22,Personal Travel,Eco,647,3,1,3,4,3,3,5,3,3,1,3,2,3,2.85,6,6,FALSE
Male,Loyal Customer,54,Business Travel,Business,1166,2,2,2,2,3,5,5,4,4,4,4,3,3,3.31,19,12,TRUE
Male,Loyal Customer,9,Personal Travel,Eco,224,2,3,2,1,3,2,3,3,5,2,3,2,3,2.62,13,32,FALSE
Female,Loyal Customer,55,Business Travel,Business,3332,2,2,2,2,3,3,3,4,4,4,4,2,1,2.77,0,3,TRUE
Male,Loyal Customer,31,Business Travel,Eco,515,3,4,4,4,3,4,3,3,5,3,2,5,3,3.54,1,0,TRUE
Female,Disloyal Customer,23,Business Travel,Eco,481,1,1,1,3,1,1,1,1,4,4,3,2,1,1.85,2,29,FALSE
Female,Loyal Customer,41,Personal Travel,Eco,944,3,5,2,2,5,2,5,5,4,1,5,3,5,3.62,0,14,FALSE
Male,Loyal Customer,31,Business Travel,Eco,1262,4,5,5,5,4,4,4,4,2,2,4,4,4,3.92,0,0,FALSE
Male,Loyal Customer,58,Business Travel,Business,277,3,3,3,3,4,4,4,5,5,5,5,3,3,3.85,0,8,TRUE
Female,Loyal Customer,61,Personal Travel,Eco,785,2,4,1,3,3,5,4,5,5,1,5,3,4,3.46,0,35,FALSE
Male,Disloyal Customer,28,Business Travel,Eco Plus,1235,3,3,3,3,2,3,2,2,2,5,2,3,2,2.69,0,0,FALSE
Male,Loyal Customer,42,Business Travel,Eco,579,4,5,5,5,3,4,3,3,4,1,4,5,3,3.77,0,0,TRUE
Male,Loyal Customer,71,Business Travel,Business,414,2,3,3,3,3,2,3,2,2,2,2,3,3,2.54,12,23,FALSE
Male,Loyal Customer,34,Personal Travel,Eco,438,3,5,3,3,2,3,2,2,4,4,5,5,2,3.31,32,34,FALSE
Male,Loyal Customer,68,Business Travel,Business,164,3,3,2,3,4,2,3,5,5,5,4,3,1,3.31,0,0,TRUE
Male,Loyal Customer,47,Business Travel,Eco Plus,2218,2,5,3,5,3,2,3,3,4,1,2,4,3,3.08,0,0,FALSE
Male,Loyal Customer,33,Personal Travel,Eco,1947,4,4,4,3,5,4,5,5,4,3,3,5,5,4.15,0,0,FALSE
Female,Disloyal Customer,27,Business Travel,Eco,488,4,3,4,2,5,4,5,5,4,2,4,4,5,3.92,12,4,TRUE
Male,Loyal Customer,39,Business Travel,Business,2043,0,0,0,5,5,4,4,3,3,3,3,3,5,2.92,1,0,TRUE
Female,Loyal Customer,54,Business Travel,Business,602,4,4,4,4,3,5,5,2,2,2,2,4,5,3.54,53,40,TRUE
Female,Disloyal Customer,23,Business Travel,Eco,1056,3,3,3,2,3,3,3,3,2,3,5,4,3,3.08,0,22,FALSE
Female,Disloyal Customer,22,Business Travel,Eco,932,4,4,4,3,2,4,2,2,5,5,4,3,2,3.38,0,0,TRUE
Male,Loyal Customer,30,Personal Travel,Eco,250,2,4,2,1,1,2,1,1,5,4,5,3,1,2.46,0,9,FALSE
Male,Disloyal Customer,18,Business Travel,Eco Plus,175,1,2,1,3,5,1,5,5,3,1,3,3,5,2.92,0,0,FALSE
Male,Loyal Customer,53,Business Travel,Business,2007,3,3,3,3,3,3,5,5,5,5,5,4,5,4,25,20,TRUE
Female,Loyal Customer,8,Personal Travel,Eco,296,4,5,5,2,4,5,2,4,3,2,5,3,4,3.69,16,14,FALSE
Female,Disloyal Customer,36,Business Travel,Eco,326,3,4,3,1,1,3,1,1,2,2,1,1,1,1.85,0,0,FALSE
Male,Loyal Customer,11,Personal Travel,Eco,342,5,4,5,3,3,5,3,3,3,5,2,3,3,3.62,0,0,TRUE
Male,Disloyal Customer,39,Business Travel,Eco,261,4,0,5,1,5,5,3,5,2,2,2,1,5,3.08,0,0,TRUE
Male,Loyal Customer,53,Personal Travel,Eco Plus,230,3,5,3,4,2,3,2,2,5,2,4,3,2,3.08,0,9,FALSE
Female,Loyal Customer,69,Personal Travel,Eco,1092,4,3,3,3,3,3,3,4,4,3,4,3,1,3.15,0,0,TRUE
Female,Loyal Customer,53,Business Travel,Business,1585,3,3,3,3,2,4,4,4,4,5,4,5,5,3.77,8,2,TRUE
Male,Loyal Customer,58,Personal Travel,Eco,541,2,3,2,3,5,2,5,5,2,4,4,2,5,3.38,0,0,FALSE
Male,Loyal Customer,54,Personal Travel,Eco,936,2,5,2,4,5,2,5,5,5,3,5,3,5,3.92,0,0,FALSE
Female,Loyal Customer,20,Personal Travel,Eco,1826,3,4,3,3,2,3,2,2,4,3,3,1,2,2.69,0,2,FALSE
Male,Loyal Customer,52,Business Travel,Business,2586,1,1,1,1,5,5,1,5,5,5,5,1,2,2.92,12,0,TRUE
Male,Loyal Customer,41,Business Travel,Business,280,4,4,4,4,3,4,2,3,3,4,3,4,1,3.31,0,0,TRUE
Female,Loyal Customer,50,Business Travel,Business,2440,0,0,0,1,2,5,5,5,5,3,3,4,4,2.85,0,0,TRUE
Male,Loyal Customer,24,Business Travel,Business,214,3,3,3,3,5,5,4,5,4,1,3,5,5,3.77,4,23,TRUE
Male,Loyal Customer,57,Business Travel,Business,2453,5,5,5,5,3,5,4,4,4,4,4,3,3,4.15,0,0,TRUE
Female,Loyal Customer,27,Personal Travel,Eco,834,1,4,1,3,2,1,2,2,4,4,5,5,2,2.77,0,0,FALSE
Female,Loyal Customer,68,Personal Travel,Eco,622,3,4,3,4,3,4,4,1,1,3,1,4,3,2.92,0,0,FALSE
Male,Loyal Customer,57,Business Travel,Business,200,0,4,0,1,3,4,5,1,1,1,1,5,4,2.31,0,0,TRUE
Female,Loyal Customer,62,Business Travel,Business,2060,5,2,5,5,4,4,5,4,4,5,4,3,3,4.08,0,0,TRUE
Male,Loyal Customer,25,Business Travel,Business,1389,1,1,1,1,5,5,5,5,4,3,5,3,5,3.38,0,0,TRUE
Female,Loyal Customer,35,Personal Travel,Eco Plus,551,2,3,2,4,1,2,1,1,1,2,4,1,1,1.92,31,28,FALSE
Female,Loyal Customer,32,Personal Travel,Eco,562,4,4,4,3,4,4,4,4,5,2,4,5,4,3.92,3,4,FALSE
Female,Loyal Customer,58,Personal Travel,Eco,1133,1,3,1,4,1,1,1,3,1,3,3,1,1,1.85,151,162,FALSE
Male,Loyal Customer,46,Business Travel,Eco,2465,4,5,5,5,4,4,4,4,5,4,4,4,4,4.31,0,11,TRUE
Female,Loyal Customer,26,Personal Travel,Eco,921,2,4,2,2,4,2,5,4,5,5,4,3,4,3.54,0,0,FALSE
Male,Loyal Customer,38,Business Travel,Business,1532,3,3,3,3,3,5,4,4,4,4,4,3,5,3.69,0,0,TRUE
Female,Loyal Customer,11,Personal Travel,Eco,2519,3,4,3,3,3,3,4,3,3,4,5,4,3,3.46,0,0,FALSE
Female,Disloyal Customer,20,Business Travel,Eco,322,3,3,3,4,5,3,5,5,3,4,3,1,5,3.62,9,11,FALSE
Male,Loyal Customer,56,Business Travel,Business,2962,2,2,4,2,4,4,4,5,5,5,5,5,3,3.85,0,5,TRUE
Female,Loyal Customer,44,Business Travel,Eco,1739,4,4,4,4,2,2,4,4,4,4,4,1,3,3.38,4,0,FALSE
Female,Loyal Customer,21,Personal Travel,Eco,1788,1,5,1,1,1,1,1,1,5,4,3,3,1,2.15,0,6,FALSE
Male,Loyal Customer,42,Business Travel,Business,475,4,4,4,4,1,3,5,4,4,4,4,4,2,3.62,44,33,TRUE
Male,Loyal Customer,44,Personal Travel,Eco,468,2,3,2,3,4,2,1,4,3,1,3,2,4,2.62,7,15,FALSE
Female,Disloyal Customer,23,Business Travel,Eco,479,2,1,2,3,1,2,2,1,2,1,4,4,1,2,3,0,FALSE
Male,Loyal Customer,33,Business Travel,Business,1083,2,1,2,2,4,4,4,4,1,2,3,4,4,2.85,73,58,TRUE
Female,Loyal Customer,49,Business Travel,Business,447,2,2,2,2,4,5,5,4,4,4,4,5,3,3.54,0,1,TRUE
Male,Disloyal Customer,44,Business Travel,Business,331,2,2,2,2,2,5,5,5,2,4,5,5,5,3.54,295,288,FALSE
Male,Loyal Customer,31,Business Travel,Eco,331,3,2,3,2,3,3,3,3,1,3,3,1,3,2.54,1,0,FALSE
Male,Loyal Customer,57,Personal Travel,Eco,2329,2,4,2,4,2,4,4,3,5,4,3,4,4,3.46,0,12,FALSE
Male,Loyal Customer,59,Business Travel,Business,1978,2,2,3,2,2,5,4,4,4,4,4,5,5,3.54,11,16,TRUE
Male,Loyal Customer,23,Business Travel,Business,2562,3,3,3,3,5,5,5,5,2,4,1,5,5,3.77,0,0,TRUE
Male,Disloyal Customer,33,Business Travel,Eco,387,1,4,0,2,4,0,4,4,1,4,1,2,4,2.38,0,0,FALSE
Female,Loyal Customer,48,Personal Travel,Eco,197,2,5,2,4,2,2,3,3,3,2,3,1,5,2.85,6,12,FALSE
Female,Loyal Customer,13,Personal Travel,Eco,2248,1,4,1,2,4,1,4,4,4,4,4,5,4,3.23,0,0,FALSE
Female,Disloyal Customer,32,Business Travel,Business,491,2,2,2,1,3,2,1,3,4,2,4,5,3,2.62,20,19,FALSE
Female,Disloyal Customer,22,Business Travel,Business,912,4,0,4,2,4,4,4,4,3,3,4,5,4,3.46,0,0,TRUE
Female,Loyal Customer,20,Personal Travel,Eco,805,2,5,3,4,1,3,2,1,5,3,5,1,1,2.77,0,0,FALSE
Male,Loyal Customer,25,Personal Travel,Eco Plus,919,3,3,3,2,5,3,5,5,2,5,3,2,5,3.54,21,11,FALSE
Female,Loyal Customer,56,Personal Travel,Eco,1744,2,3,2,3,2,4,4,5,5,2,5,3,1,3.15,0,0,FALSE
Female,Loyal Customer,47,Business Travel,Business,395,3,5,5,5,4,4,3,3,3,3,3,3,1,3.46,0,0,FALSE
Female,Disloyal Customer,39,Business Travel,Business,631,4,4,4,4,2,4,2,2,5,3,5,4,2,3.46,0,0,FALSE
Female,Disloyal Customer,50,Business Travel,Eco,150,3,0,3,3,3,3,3,3,4,4,4,3,3,3,0,0,FALSE
Female,Loyal Customer,50,Business Travel,Business,158,0,4,0,4,4,4,5,1,1,1,1,3,4,2.46,0,0,TRUE
Male,Loyal Customer,23,Personal Travel,Eco,134,3,5,3,5,3,3,3,3,5,2,5,4,3,3.62,0,0,FALSE
Male,Loyal Customer,49,Business Travel,Eco,175,1,2,2,2,1,1,1,1,4,3,4,2,1,1.92,5,9,FALSE
Male,Loyal Customer,65,Business Travel,Business,1969,3,4,4,4,2,4,4,3,3,3,3,2,2,3.15,0,0,FALSE
Male,Loyal Customer,9,Personal Travel,Eco,342,1,5,1,3,2,1,2,2,4,4,5,3,2,2.69,78,77,FALSE
Male,Loyal Customer,60,Business Travel,Business,3292,2,2,1,2,4,5,5,5,5,5,5,4,4,3.77,0,0,TRUE
Female,Loyal Customer,66,Personal Travel,Eco Plus,109,2,5,2,3,2,5,5,2,2,2,4,4,5,3.31,2,9,FALSE
Female,Loyal Customer,8,Personal Travel,Eco,868,2,3,2,2,2,2,2,2,3,2,4,4,2,2.46,114,104,FALSE
Female,Loyal Customer,51,Business Travel,Business,2911,5,5,5,5,4,4,4,5,5,5,5,4,3,4.54,0,0,TRUE
Female,Loyal Customer,29,Business Travel,Business,3840,3,3,3,3,5,5,5,5,3,3,4,3,5,3.85,0,0,TRUE
Male,Loyal Customer,61,Personal Travel,Eco,436,2,2,1,2,4,1,4,4,3,2,2,3,4,2.62,91,102,FALSE
Female,Loyal Customer,34,Personal Travel,Eco,1504,2,3,2,1,2,2,2,2,1,4,5,5,2,2.54,0,0,FALSE
Male,Disloyal Customer,39,Business Travel,Eco,384,1,0,1,2,4,1,4,4,5,1,2,4,4,2.54,0,0,FALSE
Female,Loyal Customer,40,Business Travel,Business,1989,2,2,2,2,2,4,4,5,5,5,5,4,5,3.62,0,0,TRUE
Male,Loyal Customer,60,Business Travel,Business,3387,0,5,0,4,4,4,5,3,3,4,4,3,4,3.31,0,0,TRUE
Male,Loyal Customer,68,Business Travel,Business,1840,5,5,4,5,2,4,5,5,5,5,5,5,4,4.54,0,5,TRUE
Female,Loyal Customer,37,Personal Travel,Eco,1050,4,4,4,5,3,4,3,3,5,2,4,5,3,3.77,0,0,FALSE
Female,Loyal Customer,43,Personal Travel,Eco,226,1,5,0,2,5,5,5,5,5,0,5,3,5,3.54,1,0,FALSE
Female,Loyal Customer,47,Business Travel,Business,472,1,1,1,1,5,4,5,4,4,4,4,5,5,3.38,0,0,TRUE
Female,Disloyal Customer,55,Business Travel,Business,2342,3,3,3,1,1,3,3,1,3,3,3,4,1,2.46,0,0,FALSE
Male,Disloyal Customer,16,Business Travel,Eco,577,0,0,0,1,1,0,1,1,4,3,4,3,1,1.46,0,0,TRUE
Male,Loyal Customer,22,Personal Travel,Eco,334,4,4,4,1,1,4,1,1,5,5,4,3,1,2.92,11,7,FALSE
Female,Disloyal Customer,24,Business Travel,Eco,126,5,3,5,1,2,5,2,2,4,5,2,4,2,3.23,3,1,TRUE
Female,Loyal Customer,25,Business Travel,Business,3714,1,1,1,1,3,3,3,3,3,5,4,5,3,2.77,30,38,TRUE
Male,Loyal Customer,34,Business Travel,Business,1216,1,2,2,2,5,2,2,1,1,1,1,4,3,2.08,0,7,FALSE
Male,Loyal Customer,41,Business Travel,Eco,423,2,5,5,5,2,2,2,2,3,2,3,3,2,2.92,14,11,FALSE
Female,Disloyal Customer,29,Business Travel,Business,101,4,4,4,4,4,4,4,4,2,3,3,2,4,3.54,0,0,FALSE
Female,Loyal Customer,39,Personal Travel,Eco,239,4,5,4,5,5,4,5,5,3,4,5,5,5,4.54,53,43,FALSE
Female,Loyal Customer,16,Personal Travel,Eco,1107,2,2,2,4,2,2,2,2,4,5,3,2,2,2.62,0,15,FALSE
Female,Loyal Customer,27,Personal Travel,Eco,606,1,5,1,4,5,1,5,5,3,5,5,3,5,3.69,0,45,FALSE
Female,Disloyal Customer,40,Business Travel,Business,696,3,3,3,4,5,3,5,5,1,1,3,3,5,3.38,0,13,FALSE
Male,Loyal Customer,62,Personal Travel,Eco,998,2,1,2,4,1,2,1,1,2,3,4,1,1,1.92,0,3,FALSE
Female,Loyal Customer,47,Personal Travel,Business,403,1,5,1,2,4,5,4,3,3,1,4,5,4,3.23,12,1,FALSE
Male,Loyal Customer,31,Business Travel,Business,1042,2,3,3,3,2,2,2,2,4,1,3,3,2,2.46,93,78,FALSE
Female,Loyal Customer,52,Business Travel,Business,1954,3,3,3,3,3,5,5,5,5,5,5,5,3,4.08,0,0,TRUE
Female,Loyal Customer,8,Personal Travel,Eco,1670,1,4,1,4,3,1,3,3,4,5,4,3,3,3,0,0,FALSE
Female,Loyal Customer,32,Personal Travel,Eco,1357,5,5,5,1,2,5,2,2,5,2,5,5,2,3.54,0,0,TRUE
Female,Loyal Customer,11,Personal Travel,Eco,689,3,4,3,4,3,3,3,3,4,1,3,3,3,3.08,0,0,FALSE
Female,Loyal Customer,41,Business Travel,Business,603,5,1,5,5,5,5,5,5,5,5,5,3,4,4.46,0,0,TRUE
Female,Loyal Customer,41,Business Travel,Business,2473,4,4,4,4,5,5,4,4,4,5,4,3,5,4.23,0,4,TRUE
Male,Disloyal Customer,36,Business Travel,Business,337,4,4,4,3,2,4,4,2,5,5,4,4,2,3.62,34,27,FALSE
Female,Loyal Customer,39,Business Travel,Business,2848,0,0,0,2,5,2,5,3,3,1,1,5,1,2.15,6,27,TRUE
Male,Loyal Customer,51,Business Travel,Business,1576,4,4,4,4,3,5,5,4,4,4,4,3,4,4,5,37,TRUE
Female,Loyal Customer,29,Personal Travel,Eco,678,2,4,1,5,5,1,5,5,5,2,5,4,5,3.77,0,0,FALSE
Male,Loyal Customer,25,Personal Travel,Eco,184,1,3,1,4,3,1,3,3,1,3,3,4,3,2.54,0,0,FALSE
Female,Loyal Customer,43,Business Travel,Business,585,4,4,4,4,2,5,5,5,5,5,5,5,3,4.31,0,0,TRUE
Male,Loyal Customer,59,Business Travel,Business,3097,2,2,2,2,3,5,5,4,4,4,4,4,4,3.46,0,0,TRUE
Male,Loyal Customer,59,Business Travel,Business,2334,3,3,3,3,5,5,5,3,3,4,3,4,4,3.69,69,72,TRUE
Female,Loyal Customer,57,Personal Travel,Eco Plus,2704,5,4,5,4,5,3,4,3,3,5,3,4,4,4,0,0,TRUE
Male,Disloyal Customer,44,Business Travel,Business,214,4,4,4,3,4,4,4,4,3,5,5,4,4,4,0,0,TRUE
Female,Loyal Customer,21,Personal Travel,Eco,622,3,1,4,1,5,4,5,5,1,1,1,1,5,2.85,0,0,FALSE
Male,Loyal Customer,16,Personal Travel,Eco,2133,4,5,4,3,3,4,3,3,3,2,3,3,3,3.31,0,0,FALSE
Female,Loyal Customer,25,Business Travel,Eco Plus,1535,1,3,3,3,1,1,1,1,1,5,3,3,1,2.08,0,0,FALSE
Male,Disloyal Customer,20,Business Travel,Eco,938,3,3,3,3,2,3,2,2,4,5,3,3,2,2.92,4,11,FALSE
Male,Loyal Customer,27,Business Travel,Business,2157,2,2,3,2,5,5,5,5,5,4,5,4,5,4,0,0,TRUE
Male,Loyal Customer,41,Personal Travel,Eco,2248,2,5,2,2,1,2,5,1,3,5,4,1,1,2.62,0,13,FALSE
Male,Loyal Customer,35,Personal Travel,Eco,786,3,3,3,3,2,3,2,2,3,5,4,3,2,2.92,0,0,FALSE
Male,Disloyal Customer,27,Business Travel,Business,883,5,5,5,2,4,5,5,4,3,4,4,5,4,4.23,32,32,TRUE
Female,Loyal Customer,56,Personal Travel,Eco,1009,2,5,2,1,2,3,2,3,3,2,3,2,1,2.38,0,13,FALSE
Female,Loyal Customer,14,Personal Travel,Eco Plus,735,4,5,4,3,1,4,1,1,4,2,4,3,1,2.85,10,17,FALSE
Male,Loyal Customer,35,Business Travel,Business,802,3,3,3,3,2,5,3,4,4,4,4,2,4,3.38,1,74,TRUE
Female,Loyal Customer,51,Business Travel,Business,3541,3,3,3,3,2,5,5,4,4,4,4,3,3,3.54,0,0,TRUE
Male,Disloyal Customer,22,Business Travel,Eco,835,4,4,4,2,3,4,3,3,3,3,5,3,3,3.38,0,0,TRUE
Female,Loyal Customer,59,Personal Travel,Eco,936,2,3,2,1,3,3,2,2,2,2,2,1,4,2.23,0,0,FALSE
Male,Loyal Customer,68,Personal Travel,Eco,438,3,5,5,3,4,5,4,4,4,2,4,3,4,3.85,0,0,FALSE
Male,Disloyal Customer,25,Business Travel,Business,731,2,4,1,2,4,1,4,4,3,4,4,5,4,3.23,14,5,FALSE
Male,Loyal Customer,19,Personal Travel,Eco,1009,3,4,3,3,4,3,4,4,5,2,4,3,4,3.54,3,28,FALSE
Male,Loyal Customer,64,Business Travel,Business,1540,5,5,5,5,2,4,5,4,4,4,4,4,4,4.23,0,0,TRUE
Male,Disloyal Customer,21,Business Travel,Eco,163,2,5,2,4,5,2,5,5,1,3,3,1,5,3.31,0,0,FALSE
Male,Loyal Customer,44,Business Travel,Business,2331,1,4,4,4,3,3,3,4,4,4,1,3,1,3,0,14,FALSE
Female,Loyal Customer,52,Business Travel,Business,3484,4,4,4,4,5,4,5,4,4,4,4,5,5,4.31,0,0,TRUE
Female,Loyal Customer,36,Business Travel,Business,403,5,5,5,5,3,4,3,4,4,4,4,5,1,4,0,0,TRUE
Female,Loyal Customer,47,Business Travel,Business,214,5,5,5,5,5,4,5,5,5,5,4,4,4,4.69,0,0,TRUE
Male,Loyal Customer,58,Personal Travel,Eco,197,3,5,3,4,3,3,3,3,1,1,1,5,3,2.92,0,0,FALSE
Female,Loyal Customer,44,Business Travel,Eco Plus,598,1,4,4,4,4,4,3,1,1,1,1,2,2,2.46,45,48,FALSE
Female,Loyal Customer,60,Business Travel,Business,2370,1,1,1,1,3,3,5,4,4,4,4,5,4,3.08,0,12,TRUE
Male,Loyal Customer,48,Business Travel,Business,3446,2,4,4,4,5,4,4,2,2,2,2,2,1,2.92,0,0,FALSE
Female,Disloyal Customer,47,Business Travel,Eco Plus,491,3,3,3,3,2,3,5,2,1,5,3,4,2,3,0,0,FALSE
Male,Loyal Customer,51,Personal Travel,Business,814,3,0,3,2,2,5,4,1,1,3,1,4,5,2.62,0,0,FALSE
Female,Loyal Customer,57,Business Travel,Business,2556,3,3,3,3,4,4,4,5,4,4,5,4,4,3.85,87,79,TRUE
Female,Disloyal Customer,38,Business Travel,Business,227,5,0,0,3,1,0,1,1,3,3,5,4,1,2.08,0,0,TRUE
Male,Loyal Customer,59,Business Travel,Business,2478,5,5,5,5,2,5,4,3,3,4,3,5,4,4.08,0,0,TRUE
Male,Loyal Customer,16,Personal Travel,Eco,1340,4,4,4,4,1,4,1,1,5,3,4,5,1,3.15,0,0,TRUE
Female,Loyal Customer,41,Business Travel,Business,293,4,4,4,4,4,5,5,5,5,5,5,5,3,4.46,0,0,TRUE
Male,Loyal Customer,54,Business Travel,Business,989,2,2,2,2,5,5,4,4,4,4,4,5,4,3.62,0,0,TRUE
Female,Loyal Customer,45,Business Travel,Business,588,3,3,3,3,2,5,5,4,4,4,4,5,4,3.77,0,0,TRUE
Male,Loyal Customer,32,Business Travel,Business,680,2,2,2,2,3,4,3,3,4,5,3,3,3,3,10,7,TRUE
Female,Loyal Customer,51,Business Travel,Business,3904,4,4,4,4,4,5,5,4,4,4,4,4,4,4.15,0,0,TRUE
Female,Loyal Customer,46,Business Travel,Business,2202,1,5,1,1,5,5,4,5,5,5,5,3,3,3.69,0,0,TRUE
Female,Loyal Customer,47,Business Travel,Eco Plus,143,5,1,1,1,1,4,2,5,5,5,5,1,5,3.15,0,0,TRUE
Female,Loyal Customer,25,Personal Travel,Eco,501,3,5,3,4,1,3,4,1,4,5,4,3,1,3.15,0,5,FALSE
Male,Loyal Customer,36,Personal Travel,Eco,296,2,4,2,1,5,2,5,5,3,3,5,5,5,3.62,0,4,FALSE
Male,Loyal Customer,48,Personal Travel,Eco,3711,3,5,4,4,4,3,3,4,1,1,3,3,3,3.15,0,0,FALSE
Female,Loyal Customer,35,Personal Travel,Eco,541,3,5,3,3,1,3,1,1,4,3,4,3,1,2.69,0,0,FALSE
Female,Disloyal Customer,22,Business Travel,Eco,541,1,0,2,2,3,2,3,3,2,5,3,3,3,2.46,0,2,FALSE
Female,Loyal Customer,69,Personal Travel,Eco Plus,349,3,1,3,3,3,4,3,1,1,3,1,4,4,2.62,0,0,FALSE
Male,Loyal Customer,11,Personal Travel,Eco Plus,2454,3,4,3,2,3,3,1,3,2,4,4,1,1,2.62,1,17,FALSE
Male,Loyal Customer,49,Business Travel,Business,1715,1,1,1,1,2,5,5,4,4,4,4,5,5,3.23,1,0,TRUE
Female,Loyal Customer,35,Business Travel,Business,1372,2,2,2,2,2,4,4,2,2,2,2,4,4,2.62,0,0,TRUE
Female,Disloyal Customer,25,Business Travel,Eco,679,2,2,2,4,5,2,5,5,4,1,3,3,5,3.31,0,0,FALSE
Female,Loyal Customer,54,Business Travel,Business,2399,3,3,4,3,5,4,4,4,4,4,4,4,4,3.85,0,8,TRUE
Male,Disloyal Customer,15,Business Travel,Eco,1119,1,1,1,3,2,1,2,2,2,4,5,5,2,2.38,0,0,FALSE
Female,Loyal Customer,13,Personal Travel,Eco,580,3,3,3,2,2,3,2,2,3,4,5,4,2,2.92,0,0,FALSE
Female,Loyal Customer,52,Personal Travel,Eco,674,4,4,4,3,2,4,4,4,4,4,4,3,3,3.62,59,45,FALSE
Male,Loyal Customer,44,Business Travel,Business,3857,1,1,1,1,2,5,4,4,4,4,4,3,4,2.92,0,5,TRUE
Female,Loyal Customer,31,Business Travel,Eco Plus,373,2,2,4,4,2,2,2,2,2,1,4,4,2,2.54,49,36,FALSE
Female,Loyal Customer,45,Business Travel,Business,3542,1,1,2,1,3,4,4,1,1,1,1,4,2,2,0,0,FALSE
Male,Loyal Customer,54,Business Travel,Business,2614,3,1,1,1,3,3,3,4,2,3,3,3,3,2.54,37,27,FALSE
Female,Loyal Customer,51,Business Travel,Eco,261,2,1,5,1,3,3,4,2,2,2,2,2,2,2.38,0,0,FALSE
Male,Loyal Customer,44,Business Travel,Eco,397,4,1,1,1,4,4,4,4,1,3,5,2,4,2.92,0,0,TRUE
Male,Loyal Customer,51,Business Travel,Eco Plus,366,5,5,5,5,5,5,5,5,2,1,2,5,5,4.23,0,0,TRUE
Female,Disloyal Customer,49,Business Travel,Business,228,4,4,4,1,1,4,1,1,4,2,4,4,1,2.69,0,0,TRUE
Female,Loyal Customer,57,Business Travel,Business,2334,3,3,3,3,3,5,4,3,3,3,3,5,5,3.54,0,0,TRUE
Male,Disloyal Customer,31,Business Travel,Eco,1947,3,3,3,3,1,3,1,1,2,5,4,4,1,2.62,18,14,FALSE
Female,Loyal Customer,45,Business Travel,Business,1023,1,1,1,1,4,5,5,3,3,3,3,5,3,2.92,0,0,TRUE
Female,Disloyal Customer,40,Business Travel,Business,1749,1,1,1,4,1,1,1,1,2,2,3,2,1,1.62,0,0,FALSE
Female,Loyal Customer,37,Business Travel,Business,795,3,3,3,3,3,5,5,4,4,4,4,4,5,3.85,5,0,TRUE
Female,Loyal Customer,49,Business Travel,Business,3542,3,3,3,3,5,5,5,3,4,5,5,5,5,4.15,90,169,TRUE
Female,Disloyal Customer,22,Business Travel,Business,581,5,5,5,1,5,5,5,5,5,5,5,4,5,4.62,13,0,TRUE
Male,Disloyal Customer,25,Business Travel,Business,997,4,2,3,1,4,3,4,4,3,5,5,5,4,3.62,21,31,TRUE
Male,Loyal Customer,50,Business Travel,Business,3083,1,2,2,2,2,4,4,1,1,1,1,3,3,2.08,12,1,FALSE
Female,Loyal Customer,46,Business Travel,Eco Plus,373,5,5,1,5,5,4,4,5,5,5,5,5,2,4.31,18,28,TRUE
Female,Loyal Customer,27,Business Travel,Business,895,4,4,3,4,4,4,4,4,5,4,5,3,4,4,7,10,TRUE
Male,Loyal Customer,42,Business Travel,Eco,773,2,5,5,5,2,2,2,2,4,4,2,1,2,2.92,0,0,FALSE
Female,Loyal Customer,56,Business Travel,Business,190,2,4,4,4,1,4,3,3,3,2,2,4,4,3.08,0,0,FALSE
Male,Loyal Customer,36,Personal Travel,Eco Plus,2174,5,1,5,3,2,5,2,2,3,5,3,1,2,3,9,0,TRUE
Male,Loyal Customer,43,Business Travel,Business,1891,3,3,4,3,5,4,4,3,3,3,3,5,4,3.62,29,25,TRUE
Female,Disloyal Customer,39,Business Travel,Business,1953,3,3,3,3,4,3,4,4,4,5,4,3,4,3.62,0,0,FALSE
Male,Loyal Customer,41,Business Travel,Business,728,2,2,2,2,5,5,5,5,5,4,5,3,3,3.69,6,6,TRUE
Male,Loyal Customer,54,Personal Travel,Eco,163,3,4,3,4,2,3,2,2,3,2,5,4,2,3,0,0,FALSE
Female,Loyal Customer,52,Personal Travel,Business,414,5,4,1,1,3,3,5,3,3,1,3,1,2,2.69,0,0,TRUE
Female,Loyal Customer,32,Business Travel,Business,2387,3,5,5,5,3,3,3,3,2,4,4,4,3,3.62,0,0,FALSE
Male,Loyal Customer,63,Personal Travel,Eco Plus,364,2,2,4,4,5,4,4,5,3,5,4,4,5,3.92,0,0,FALSE
Female,Loyal Customer,66,Personal Travel,Eco Plus,283,3,5,2,4,2,5,5,2,2,2,2,5,3,3.23,2,4,FALSE
Male,Disloyal Customer,33,Business Travel,Eco,335,2,2,2,4,4,2,2,4,2,1,4,1,4,2.62,0,0,FALSE
Male,Loyal Customer,54,Business Travel,Business,1984,1,1,1,1,3,5,4,4,4,4,4,4,4,3.08,0,3,TRUE
Female,Loyal Customer,15,Personal Travel,Business,926,3,4,3,4,4,3,4,4,5,4,5,4,4,3.92,0,0,FALSE
Male,Loyal Customer,45,Business Travel,Eco,516,4,1,1,1,4,4,4,4,3,2,2,3,4,2.85,0,6,TRUE
Female,Loyal Customer,29,Business Travel,Business,689,2,2,2,2,3,3,3,3,4,2,5,5,3,3,48,46,TRUE
Female,Loyal Customer,80,Business Travel,Business,337,1,1,4,1,5,5,4,5,5,5,5,5,4,3.85,6,4,TRUE
Male,Loyal Customer,55,Business Travel,Eco,1195,5,4,4,4,5,5,5,5,2,2,5,5,5,4.31,4,28,TRUE
Female,Loyal Customer,49,Business Travel,Business,2497,2,2,2,2,4,3,3,2,2,2,2,1,1,2.15,0,0,FALSE
Female,Loyal Customer,9,Personal Travel,Eco Plus,740,1,5,1,4,4,1,4,4,4,2,4,5,4,3.31,0,18,FALSE
Female,Loyal Customer,30,Business Travel,Eco,2762,4,2,2,2,4,4,4,3,1,5,3,4,4,3.23,0,0,TRUE
Female,Loyal Customer,51,Business Travel,Business,1979,3,3,3,3,2,5,4,5,5,5,5,3,3,3.77,0,0,TRUE
Male,Loyal Customer,46,Business Travel,Business,3701,4,4,4,4,4,4,4,4,4,4,4,5,3,4,0,0,TRUE
Female,Loyal Customer,22,Personal Travel,Eco,529,3,5,3,4,3,3,3,3,3,5,4,5,3,3.62,0,0,FALSE
Female,Loyal Customer,41,Business Travel,Business,2748,1,2,2,2,1,4,4,1,1,1,1,3,3,2,83,79,FALSE
Female,Loyal Customer,39,Business Travel,Business,2291,2,2,1,1,5,2,2,2,2,2,2,1,1,1.92,70,64,FALSE
Male,Loyal Customer,31,Personal Travel,Eco,997,5,5,5,3,4,5,3,4,5,2,4,4,4,4.08,0,0,TRUE
Male,Loyal Customer,37,Business Travel,Business,228,2,2,2,2,4,4,4,4,4,4,4,3,4,3.31,0,0,TRUE
Female,Loyal Customer,22,Personal Travel,Eco,925,3,5,3,2,3,3,1,3,5,2,4,5,3,3.23,4,14,FALSE
Female,Loyal Customer,42,Business Travel,Business,3855,1,1,1,1,1,3,1,4,4,4,4,1,5,2.38,0,0,TRUE
Male,Loyal Customer,43,Business Travel,Business,1658,2,2,2,2,5,4,5,4,4,5,4,3,3,3.46,0,0,TRUE
Male,Loyal Customer,47,Personal Travel,Eco,192,3,5,3,5,1,3,1,1,4,4,4,4,1,3,0,0,FALSE
Male,Loyal Customer,44,Personal Travel,Eco,404,3,1,3,2,3,5,2,2,4,2,3,2,2,2.62,131,138,FALSE
Male,Loyal Customer,41,Business Travel,Business,3518,0,0,0,3,2,4,4,2,2,5,5,1,2,2.31,23,19,TRUE
Male,Loyal Customer,62,Business Travel,Business,2390,2,3,3,3,4,3,4,4,4,3,2,4,3,3.23,0,0,FALSE
Male,Loyal Customer,29,Business Travel,Eco,1069,3,1,1,1,3,4,3,3,1,3,1,3,3,2.31,20,32,TRUE
Female,Loyal Customer,25,Business Travel,Business,1389,1,4,4,4,1,1,1,1,1,1,4,4,1,2.15,0,0,FALSE
Male,Loyal Customer,16,Business Travel,Eco Plus,1368,0,4,0,4,2,0,4,2,5,1,4,4,2,2.46,0,0,TRUE
Male,Loyal Customer,37,Personal Travel,Eco,414,2,4,2,4,4,2,1,4,1,2,3,4,4,2.85,0,0,FALSE
Male,Disloyal Customer,56,Business Travel,Eco,668,5,0,5,1,2,5,2,2,4,3,3,4,2,2.92,0,0,TRUE
Female,Loyal Customer,52,Business Travel,Business,1620,4,4,4,4,2,4,4,4,4,4,4,4,5,3.92,30,26,TRUE
Female,Disloyal Customer,21,Business Travel,Eco,752,0,0,0,1,2,0,2,2,5,3,4,3,2,1.85,0,0,TRUE
Male,Loyal Customer,60,Personal Travel,Eco,931,2,3,1,2,3,1,3,3,4,1,2,4,3,2.46,0,0,FALSE
Female,Loyal Customer,43,Business Travel,Business,1448,4,1,4,4,3,3,2,5,5,5,5,5,2,3.69,0,0,TRUE
Female,Loyal Customer,29,Business Travel,Business,2248,4,4,4,4,4,4,4,4,3,5,2,3,4,3.77,1,0,FALSE
Female,Loyal Customer,65,Personal Travel,Eco,2475,3,4,4,1,4,3,3,3,4,4,5,3,3,3.38,0,0,FALSE
Female,Loyal Customer,29,Business Travel,Business,2864,5,5,5,5,3,3,3,3,5,5,5,3,3,4.08,0,0,TRUE
Female,Disloyal Customer,16,Business Travel,Eco,1073,2,2,2,1,3,2,3,3,5,1,2,1,3,2.31,21,3,FALSE
Male,Loyal Customer,16,Business Travel,Business,3149,3,5,5,5,3,3,3,3,1,5,4,1,3,3.38,0,0,FALSE
Female,Loyal Customer,58,Business Travel,Eco,1171,2,4,4,4,4,3,3,2,2,2,2,2,1,2.69,0,18,FALSE
Female,Disloyal Customer,23,Business Travel,Eco,447,4,0,4,3,1,4,1,1,4,4,5,5,1,2.85,0,0,FALSE
Male,Loyal Customer,51,Business Travel,Business,2296,3,3,3,3,5,5,4,5,5,5,5,3,3,4,2,0,TRUE
Female,Disloyal Customer,21,Business Travel,Eco,691,4,4,4,1,2,4,2,2,2,1,1,2,2,2.38,0,0,FALSE
Female,Loyal Customer,65,Personal Travel,Eco,247,3,4,0,3,3,5,4,4,4,0,4,3,5,3.23,0,0,FALSE
Female,Loyal Customer,48,Business Travel,Eco,283,3,1,1,1,4,3,3,3,3,3,3,4,1,2.54,38,28,FALSE
Female,Loyal Customer,51,Personal Travel,Eco,528,4,4,4,2,5,5,4,5,5,4,5,4,4,4.23,0,0,FALSE
Male,Disloyal Customer,42,Business Travel,Eco,1024,4,4,4,2,3,4,3,3,3,1,2,2,3,2.92,0,17,FALSE
Female,Disloyal Customer,39,Business Travel,Business,404,1,1,1,3,2,1,2,2,5,3,4,4,2,2.38,0,0,FALSE
Male,Loyal Customer,41,Business Travel,Eco,692,2,2,2,2,2,2,2,2,2,3,3,2,2,2.15,15,3,FALSE
Male,Loyal Customer,52,Business Travel,Business,280,3,3,3,3,3,4,4,4,4,4,4,3,3,3.46,0,0,TRUE
Female,Disloyal Customer,36,Business Travel,Eco,432,1,5,1,3,4,1,4,4,5,2,5,2,4,3.15,0,0,FALSE
Male,Disloyal Customer,34,Business Travel,Business,526,3,3,3,1,4,3,4,4,3,2,4,4,4,3.23,0,0,FALSE
Male,Loyal Customer,23,Business Travel,Business,646,4,4,4,4,4,4,4,4,4,5,5,5,4,4.23,0,0,TRUE
Female,Loyal Customer,17,Personal Travel,Eco,828,2,5,1,5,2,1,2,2,4,3,4,5,2,2.92,0,0,FALSE
Male,Loyal Customer,14,Business Travel,Business,1127,3,3,3,3,4,4,4,4,3,2,5,4,4,3.54,0,0,TRUE
Female,Loyal Customer,42,Personal Travel,Eco,264,2,5,2,5,4,2,2,1,1,2,1,1,1,2.23,0,0,FALSE
